step_arrived;step_collisions;step_duration;step_ended;step_halting;step_inserted;step_loaded;step_meanSpeed;step_meanSpeedRelative;step_meanTravelTime;step_meanWaitingTime;step_running;step_teleports;step_time;step_waiting
0;0;4826831;0;1;86;245;16.13;1.14;-1.00;0.00;86;0;0.00;159
0;0;4826855;0;0;99;245;15.27;1.06;-1.00;0.13;99;0;1.00;146
0;0;4826856;0;2;120;245;14.34;0.98;-1.00;0.46;120;0;2.00;125
0;0;4826857;0;3;133;245;13.38;0.90;-1.00;0.71;133;0;3.00;112
0;0;4826858;0;4;149;245;12.40;0.83;-1.00;1.06;149;0;4.00;96
0;0;4826859;0;5;157;245;11.64;0.78;-1.00;1.26;157;0;5.00;88
0;0;4826860;0;9;169;245;10.75;0.72;-1.00;1.60;169;0;6.00;76
0;0;4826861;0;11;178;245;9.91;0.66;-1.00;1.87;178;0;7.00;67
0;0;4826863;0;17;184;246;9.49;0.63;-1.00;2.07;184;0;8.00;62
0;0;4826865;0;19;191;247;9.19;0.61;-1.00;2.32;191;0;9.00;56
0;0;4826867;0;23;199;247;8.76;0.58;-1.00;2.63;199;0;10.00;48
0;0;4826869;0;23;202;248;8.57;0.56;-1.00;2.71;202;0;11.00;46
1;0;4826871;1;31;207;248;8.38;0.55;12.00;2.93;206;0;12.00;41
1;0;4826873;1;38;211;248;8.31;0.54;12.00;3.12;210;0;13.00;37
1;0;4826875;1;38;213;248;8.38;0.54;12.00;3.23;212;0;14.00;35
1;0;4826877;1;43;219;252;8.05;0.52;12.00;3.42;218;0;15.00;33
1;0;4826880;1;48;221;252;7.96;0.51;12.00;3.53;220;0;16.00;31
2;0;4826882;2;55;225;252;7.83;0.50;14.50;3.74;223;0;17.00;27
2;0;4826885;2;58;230;255;7.72;0.49;14.50;3.99;228;0;18.00;25
2;0;4826887;2;64;232;255;7.91;0.50;14.50;4.04;230;0;19.00;23
3;0;4826889;3;69;233;255;7.94;0.50;16.33;4.11;230;0;20.00;22
4;0;4826892;4;75;240;259;8.03;0.51;17.50;4.27;236;0;21.00;19
5;0;4826895;5;77;242;260;8.04;0.51;18.20;4.33;237;0;22.00;18
5;0;4826897;5;80;243;260;8.10;0.51;18.20;4.41;238;0;23.00;17
5;0;4826900;5;84;248;264;8.14;0.52;18.20;4.51;243;0;24.00;16
5;0;4826903;5;83;248;264;8.16;0.51;18.20;4.51;243;0;25.00;16
5;0;4826906;5;86;251;264;8.13;0.51;18.20;4.67;246;0;26.00;13
5;0;4826908;5;86;251;265;8.13;0.51;18.20;4.67;246;0;27.00;14
5;0;4826911;5;88;251;265;8.16;0.51;18.20;4.67;246;0;28.00;14
5;0;4826913;5;87;257;271;8.23;0.51;18.20;4.64;252;0;29.00;14
6;0;4826919;6;90;258;271;8.25;0.51;20.17;4.74;252;0;30.00;13
7;0;4826927;7;91;259;272;8.13;0.50;21.29;4.73;252;0;31.00;13
7;0;4826929;7;93;260;272;8.16;0.51;21.29;4.83;253;0;32.00;12
8;0;4826932;8;95;261;272;8.22;0.51;22.75;4.94;253;0;33.00;11
9;0;4826935;9;99;262;272;8.30;0.51;24.00;5.05;253;0;34.00;10
10;0;4826938;10;102;263;272;8.30;0.52;24.40;5.16;253;0;35.00;9
10;0;4826941;10;105;273;284;8.51;0.53;24.40;5.07;263;0;36.00;11
10;0;4826944;10;110;273;284;8.48;0.53;24.40;5.07;263;0;37.00;11
11;0;4826947;11;113;274;284;8.44;0.52;25.27;5.06;263;0;38.00;10
11;0;4826949;11;115;277;284;8.36;0.52;25.27;5.20;266;0;39.00;7
12;0;4826952;12;117;279;284;8.26;0.51;26.25;5.22;267;0;40.00;5
13;0;4826955;13;120;280;284;8.11;0.50;27.00;5.22;267;0;41.00;4
13;0;4826958;13;123;284;288;8.04;0.50;27.00;5.16;271;0;42.00;4
15;0;4826961;15;128;284;288;7.85;0.49;27.60;5.16;269;0;43.00;4
16;0;4826964;16;130;288;292;7.75;0.48;28.13;5.10;272;0;44.00;4
17;0;4826967;17;133;290;294;7.62;0.47;28.71;5.07;273;0;45.00;4
18;0;4826970;18;138;290;294;7.44;0.46;29.67;5.07;272;0;46.00;4
18;0;4826973;18;137;290;294;7.37;0.46;29.67;5.07;272;0;47.00;4
18;0;4826976;18;137;301;307;7.77;0.48;29.67;4.88;283;0;48.00;6
18;0;4826979;18;142;301;307;7.74;0.48;29.67;4.88;283;0;49.00;6
18;0;4826982;18;143;301;307;7.63;0.47;29.67;4.88;283;0;50.00;6
18;0;4826985;18;145;302;308;7.59;0.47;29.67;4.87;284;0;51.00;6
18;0;4826988;18;148;303;309;7.46;0.46;29.67;4.86;285;0;52.00;6
19;0;4826990;19;149;303;309;7.42;0.46;30.84;4.86;284;0;53.00;6
19;0;4826993;19;150;305;312;7.42;0.46;30.84;4.83;286;0;54.00;7
21;0;4826995;21;154;305;312;7.29;0.45;32.86;4.83;284;0;55.00;7
22;0;4826998;22;142;306;312;7.29;0.45;32.27;4.82;284;0;56.00;6
23;0;4827001;23;137;306;312;7.23;0.45;33.35;4.82;283;0;57.00;6
25;0;4827004;25;140;311;318;7.32;0.45;33.32;4.76;286;0;58.00;7
26;0;4827007;26;142;311;318;7.29;0.45;34.31;4.76;285;0;59.00;7
26;0;4827011;26;144;311;318;7.36;0.45;34.31;4.76;285;0;60.00;7
26;0;4827015;26;147;311;318;7.46;0.46;34.31;4.76;285;0;61.00;7
28;0;4827017;28;150;315;322;7.46;0.46;36.14;4.71;287;0;62.00;7
29;0;4827021;29;151;316;323;7.58;0.47;35.62;4.69;287;0;63.00;7
29;0;4827023;29;150;316;323;7.62;0.47;35.62;4.69;287;0;64.00;7
29;0;4827026;29;152;317;324;7.75;0.48;35.62;4.68;288;0;65.00;7
29;0;4827029;29;152;317;324;7.75;0.48;35.62;4.68;288;0;66.00;7
30;0;4827031;30;142;317;324;7.80;0.48;36.67;4.68;287;0;67.00;7
31;0;4827034;31;138;317;324;7.87;0.48;37.68;4.68;286;0;68.00;7
32;0;4827037;32;135;317;324;7.92;0.48;38.44;4.68;285;0;69.00;7
32;0;4827040;32;133;317;324;8.03;0.49;38.44;4.68;285;0;70.00;7
33;0;4827043;33;129;317;324;8.10;0.49;39.24;4.68;284;0;71.00;7
33;0;4827046;33;134;351;394;8.33;0.51;39.24;4.23;318;0;72.00;43
33;0;4827054;33;129;352;395;8.47;0.52;39.24;4.22;319;0;73.00;43
35;0;4827057;35;121;359;395;8.80;0.54;41.11;4.18;324;0;74.00;36
35;0;4827060;35;117;363;395;9.05;0.55;41.11;4.16;328;0;75.00;32
35;0;4827063;35;114;365;395;9.24;0.56;41.11;4.16;330;0;76.00;30
36;0;4827071;36;112;367;395;9.34;0.57;41.53;4.17;331;0;77.00;28
36;0;4827074;36;112;369;395;9.38;0.57;41.53;4.18;333;0;78.00;26
36;0;4827077;36;115;371;395;9.53;0.58;41.53;4.19;335;0;79.00;24
36;0;4827081;36;116;373;396;9.55;0.58;41.53;4.21;337;0;80.00;23
38;0;4827084;38;119;375;397;9.46;0.57;43.61;4.24;337;0;81.00;22
38;0;4827088;38;122;377;397;9.49;0.58;43.61;4.27;339;0;82.00;20
40;0;4827091;40;124;383;401;9.43;0.57;45.13;4.25;343;0;83.00;18
40;0;4827095;40;128;384;401;9.39;0.57;45.13;4.25;344;0;84.00;17
40;0;4827099;40;126;384;401;9.27;0.56;45.13;4.25;344;0;85.00;17
40;0;4827102;40;124;384;401;9.14;0.56;45.13;4.25;344;0;86.00;17
41;0;4827105;41;129;389;407;9.04;0.55;46.15;4.21;348;0;87.00;18
43;0;4827109;43;129;389;407;8.86;0.54;47.88;4.21;346;0;88.00;18
44;0;4827113;44;128;389;407;8.73;0.53;48.82;4.21;345;0;89.00;18
47;0;4827118;47;129;393;413;8.66;0.53;51.45;4.16;346;0;90.00;20
49;0;4827122;49;127;393;413;8.60;0.52;53.04;4.16;344;0;91.00;20
50;0;4827125;50;130;395;413;8.63;0.53;53.82;4.15;345;0;92.00;18
50;0;4827129;50;130;396;414;8.52;0.52;53.82;4.14;346;0;93.00;18
50;0;4827132;50;127;397;415;8.55;0.52;53.82;4.14;347;0;94.00;18
52;0;4827136;52;128;397;415;8.56;0.52;55.29;4.14;345;0;95.00;18
52;0;4827140;52;128;408;428;8.62;0.53;55.29;4.02;356;0;96.00;20
54;0;4827144;54;119;408;428;8.69;0.53;55.50;4.02;354;0;97.00;20
57;0;4827148;57;115;411;428;8.67;0.53;57.74;4.40;354;0;98.00;17
57;0;4827153;57;111;412;429;8.87;0.54;57.74;4.39;355;0;99.00;17
59;0;4827158;59;108;412;429;8.98;0.55;59.17;4.39;353;0;100.00;17
61;0;4827166;61;106;415;433;9.12;0.56;60.51;4.36;354;0;101.00;18
62;0;4827171;62;108;415;433;9.29;0.57;60.84;4.36;353;0;102.00;18
64;0;4827174;64;104;419;437;9.37;0.57;62.09;4.33;355;0;103.00;18
64;0;4827179;64;95;419;437;9.57;0.58;62.09;4.33;355;0;104.00;18
66;0;4827183;66;94;419;437;9.66;0.59;63.36;4.33;353;0;105.00;18
66;0;4827187;66;86;420;437;9.71;0.59;63.36;4.40;354;0;106.00;17
66;0;4827191;66;80;420;437;9.77;0.60;63.36;4.40;354;0;107.00;17
66;0;4827195;66;77;431;449;9.86;0.60;63.36;4.29;365;0;108.00;18
67;0;4827201;67;72;432;449;9.86;0.60;64.00;4.28;365;0;109.00;17
67;0;4827206;67;70;432;449;9.98;0.61;64.00;4.28;365;0;110.00;17
67;0;4827210;67;71;432;449;10.01;0.61;64.00;4.28;365;0;111.00;17
67;0;4827214;67;72;432;449;10.09;0.62;64.00;4.28;365;0;112.00;17
67;0;4827219;67;75;433;449;10.17;0.62;64.00;4.53;366;0;113.00;16
68;0;4827223;68;79;434;450;10.18;0.62;64.74;4.52;366;0;114.00;16
69;0;4827228;69;78;435;450;10.17;0.62;65.43;4.78;366;0;115.00;15
70;0;4827232;70;82;441;456;10.21;0.62;66.13;4.82;371;0;116.00;15
72;0;4827238;72;80;442;457;10.17;0.62;67.43;5.08;370;0;117.00;15
73;0;4827243;73;78;445;457;10.13;0.62;68.10;5.25;372;0;118.00;12
76;0;4827247;76;79;446;457;10.14;0.62;70.05;5.40;370;0;119.00;11
76;0;4827254;76;83;450;462;10.41;0.63;70.05;5.35;374;0;120.00;12
78;0;4827260;78;86;452;462;10.49;0.64;71.17;5.60;374;0;121.00;10
80;0;4827265;80;87;452;462;10.56;0.64;71.94;5.60;372;0;122.00;10
81;0;4827270;81;86;454;463;10.73;0.65;72.57;5.69;373;0;123.00;9
83;0;4827276;83;85;458;467;10.80;0.66;73.73;5.65;375;0;124.00;9
84;0;4827281;84;89;463;467;10.86;0.66;73.92;6.07;379;0;125.00;4
84;0;4827286;84;91;465;470;11.00;0.67;73.92;6.04;381;0;126.00;5
86;0;4827292;86;92;467;470;11.00;0.67;74.31;6.11;381;0;127.00;3
87;0;4827298;87;92;468;470;11.16;0.68;74.93;6.10;381;0;128.00;2
88;0;4827303;88;92;468;470;11.31;0.69;74.32;6.10;380;0;129.00;2
89;0;4827308;89;92;473;474;11.49;0.70;74.94;6.11;384;0;130.00;1
89;0;4827314;89;95;473;474;11.59;0.71;74.94;6.11;384;0;131.00;1
89;0;4827320;89;92;473;474;11.75;0.72;74.94;6.11;384;0;132.00;1
89;0;4827326;89;93;474;474;11.74;0.72;74.94;6.13;385;0;133.00;0
89;0;4827331;89;93;475;475;11.80;0.72;74.94;6.12;386;0;134.00;0
90;0;4827337;90;93;477;477;11.76;0.72;75.52;6.09;387;0;135.00;0
91;0;4827344;91;94;477;477;11.74;0.72;76.02;6.09;386;0;136.00;0
91;0;4827349;91;93;478;478;11.69;0.72;76.02;6.08;387;0;137.00;0
92;0;4827355;92;96;478;478;11.62;0.72;76.70;6.08;386;0;138.00;0
95;0;4827361;95;99;478;478;11.42;0.70;77.74;6.08;383;0;139.00;0
95;0;4827367;95;102;478;478;11.19;0.69;77.74;6.08;383;0;140.00;0
97;0;4827373;97;108;478;478;11.01;0.68;78.79;6.08;381;0;141.00;0
97;0;4827378;97;112;478;478;10.88;0.67;78.79;6.08;381;0;142.00;0
97;0;4827383;97;111;478;478;10.83;0.67;78.79;6.08;381;0;143.00;0
99;0;4827389;99;132;550;605;10.56;0.67;78.90;5.29;451;0;144.00;55
103;0;4827405;103;125;555;606;10.54;0.67;81.17;5.25;452;0;145.00;51
103;0;4827411;103;122;565;606;10.70;0.68;81.17;5.19;462;0;146.00;41
107;0;4827417;107;121;568;606;10.67;0.67;82.88;5.18;461;0;147.00;38
111;0;4827422;111;122;573;606;10.72;0.67;85.05;5.17;462;0;148.00;33
113;0;4827428;113;122;575;606;10.55;0.66;85.55;5.17;462;0;149.00;31
115;0;4827435;115;121;579;611;10.49;0.66;86.52;5.16;464;0;150.00;32
118;0;4827443;118;119;581;611;10.43;0.65;88.12;5.16;463;0;151.00;30
120;0;4827450;120;120;583;612;10.42;0.65;88.79;5.17;463;0;152.00;29
120;0;4827456;120;121;587;613;10.49;0.65;88.79;5.20;467;0;153.00;26
122;0;4827462;122;125;589;613;10.50;0.65;89.83;5.22;467;0;154.00;24
122;0;4827469;122;126;592;614;10.42;0.65;89.83;5.23;470;0;155.00;22
124;0;4827474;124;128;595;614;10.27;0.64;89.15;5.24;471;0;156.00;19
126;0;4827480;126;124;597;614;10.11;0.63;89.24;5.27;471;0;157.00;17
128;0;4827486;128;128;598;614;10.01;0.62;89.13;5.28;470;0;158.00;16
130;0;4827492;130;128;602;618;9.97;0.62;90.19;5.28;472;0;159.00;16
131;0;4827498;131;131;606;618;9.89;0.61;90.28;5.35;475;0;160.00;12
133;0;4827503;133;136;608;618;9.79;0.61;90.80;5.39;475;0;161.00;10
135;0;4827509;135;139;610;621;9.74;0.60;91.78;5.43;475;0;162.00;11
135;0;4827515;135;139;612;621;9.66;0.60;91.78;5.46;477;0;163.00;9
138;0;4827520;138;139;613;621;9.56;0.59;92.53;5.46;475;0;164.00;8
139;0;4827526;139;134;617;625;9.44;0.59;92.89;5.44;478;0;165.00;8
141;0;4827532;141;133;619;626;9.34;0.58;92.84;5.46;478;0;166.00;7
143;0;4827537;143;132;620;626;9.33;0.58;93.86;5.48;477;0;167.00;6
143;0;4827543;143;128;626;630;9.34;0.58;93.86;5.49;483;0;168.00;4
144;0;4827549;144;128;627;630;9.44;0.58;94.28;5.50;483;0;169.00;3
145;0;4827555;145;128;628;630;9.59;0.59;94.14;5.50;483;0;170.00;2
145;0;4827561;145;129;631;631;9.62;0.59;94.14;5.52;486;0;171.00;0
147;0;4827568;147;120;631;631;9.62;0.59;94.38;5.52;484;0;172.00;0
149;0;4827578;149;119;637;637;9.62;0.59;95.33;5.48;488;0;173.00;0
149;0;4827586;149;116;637;637;9.49;0.58;95.33;5.48;488;0;174.00;0
149;0;4827592;149;115;638;638;9.42;0.58;95.33;5.47;489;0;175.00;0
149;0;4827598;149;116;638;638;9.34;0.58;95.33;5.47;489;0;176.00;0
151;0;4827606;151;110;638;638;9.31;0.57;94.78;5.47;487;0;177.00;0
152;0;4827612;152;114;638;638;9.38;0.58;95.32;5.47;486;0;178.00;0
154;0;4827619;154;117;638;638;9.37;0.58;96.09;5.47;484;0;179.00;0
156;0;4827645;156;124;669;672;9.67;0.60;96.74;5.22;513;0;180.00;3
157;0;4827655;157;126;669;672;9.75;0.60;96.97;5.22;512;0;181.00;3
161;0;4827661;161;130;671;672;9.82;0.61;97.02;5.21;510;0;182.00;1
164;0;4827667;164;134;671;672;9.80;0.60;96.67;5.21;507;0;183.00;1
166;0;4827673;166;142;672;672;9.76;0.60;96.86;5.20;506;0;184.00;0
169;0;4827680;169;145;672;672;9.63;0.59;97.79;5.20;503;0;185.00;0
170;0;4827686;170;147;676;676;9.65;0.59;97.58;5.18;506;0;186.00;0
171;0;4827693;171;148;676;676;9.68;0.60;97.26;5.18;505;0;187.00;0
175;0;4827699;175;154;680;680;9.65;0.59;97.47;5.15;505;0;188.00;0
177;0;4827706;177;157;681;681;9.58;0.59;98.05;5.15;504;0;189.00;0
178;0;4827713;178;167;681;681;9.39;0.58;98.57;5.15;503;0;190.00;0
181;0;4827719;181;173;681;681;9.23;0.57;99.66;5.15;500;0;191.00;0
183;0;4827725;183;182;694;694;9.14;0.56;99.00;5.05;511;0;192.00;0
186;0;4827732;186;189;694;694;8.93;0.55;99.41;5.05;508;0;193.00;0
189;0;4827740;189;192;694;694;8.78;0.54;98.75;5.05;505;0;194.00;0
190;0;4827746;190;197;695;695;8.71;0.53;98.75;5.04;505;0;195.00;0
191;0;4827759;191;201;696;696;8.50;0.52;98.72;5.04;505;0;196.00;0
192;0;4827765;192;210;696;696;8.44;0.52;98.48;5.04;504;0;197.00;0
195;0;4827771;195;214;698;699;8.41;0.52;98.70;5.02;503;0;198.00;1
197;0;4827777;197;217;699;699;8.33;0.51;98.12;5.02;502;0;199.00;0
200;0;4827783;200;221;699;699;8.17;0.50;98.36;5.02;499;0;200.00;0
200;0;4827793;200;227;699;699;8.04;0.50;98.36;5.02;499;0;201.00;0
200;0;4827798;200;232;705;705;7.97;0.49;98.36;4.98;505;0;202.00;0
202;0;4827805;202;238;705;705;7.84;0.48;98.49;4.98;503;0;203.00;0
204;0;4827810;204;244;705;705;7.69;0.48;98.61;4.98;501;0;204.00;0
207;0;4827815;207;248;705;705;7.49;0.46;99.42;4.98;498;0;205.00;0
209;0;4827821;209;254;709;709;7.43;0.46;100.05;4.96;500;0;206.00;0
210;0;4827827;210;258;710;710;7.32;0.45;100.53;4.95;500;0;207.00;0
210;0;4827832;210;261;710;710;7.22;0.44;100.53;4.95;500;0;208.00;0
211;0;4827838;211;267;711;711;7.13;0.44;100.84;4.95;500;0;209.00;0
212;0;4827845;212;268;711;711;6.96;0.43;100.48;4.95;499;0;210.00;0
212;0;4827856;212;271;711;711;6.85;0.42;100.48;4.95;499;0;211.00;0
215;0;4827862;215;265;711;711;6.76;0.42;100.47;4.95;496;0;212.00;0
215;0;4827867;215;255;711;711;6.74;0.42;100.47;4.95;496;0;213.00;0
215;0;4827873;215;240;711;711;6.82;0.42;100.47;4.95;496;0;214.00;0
215;0;4827878;215;232;711;711;6.97;0.43;100.47;4.95;496;0;215.00;0
216;0;4827884;216;240;754;781;7.37;0.46;101.00;4.67;538;0;216.00;27
218;0;4827896;218;230;756;782;7.49;0.46;101.78;4.66;538;0;217.00;26
218;0;4827904;218;222;763;782;7.76;0.48;101.78;4.63;545;0;218.00;19
221;0;4827910;221;219;764;782;7.84;0.48;102.57;4.63;543;0;219.00;18
223;0;4827916;223;219;767;782;7.97;0.49;103.59;4.63;544;0;220.00;15
224;0;4827922;224;204;768;782;8.08;0.50;104.11;4.63;544;0;221.00;14
225;0;4827929;225;197;771;782;8.19;0.50;104.42;4.63;546;0;222.00;11
225;0;4827935;225;184;774;782;8.28;0.51;104.42;4.64;549;0;223.00;8
228;0;4827946;228;178;776;783;8.28;0.51;105.52;4.65;548;0;224.00;7
230;0;4827953;230;175;780;785;8.29;0.50;106.13;4.66;550;0;225.00;5
232;0;4827960;232;176;783;785;8.30;0.50;106.22;4.67;551;0;226.00;2
234;0;4827974;234;174;788;789;8.26;0.50;106.88;4.66;554;0;227.00;1
234;0;4827980;234;169;789;789;8.37;0.51;106.88;4.66;555;0;228.00;0
234;0;4827987;234;168;789;789;8.38;0.51;106.88;4.66;555;0;229.00;0
237;0;4827994;237;169;789;789;8.45;0.51;106.92;4.66;552;0;230.00;0
238;0;4828001;238;170;795;795;8.54;0.52;107.43;4.63;557;0;231.00;0
239;0;4828008;239;160;795;795;8.57;0.52;107.76;4.63;556;0;232.00;0
240;0;4828015;240;153;795;795;8.61;0.52;107.77;4.63;555;0;233.00;0
241;0;4828021;241;149;797;798;8.70;0.53;107.69;4.62;556;0;234.00;1
241;0;4828028;241;145;797;798;8.78;0.54;107.69;4.62;556;0;235.00;1
244;0;4828040;244;147;798;798;8.78;0.54;107.91;4.62;554;0;236.00;0
246;0;4828046;246;142;799;799;8.85;0.54;108.37;4.61;553;0;237.00;0
247;0;4828052;247;143;800;800;8.91;0.55;108.87;4.61;553;0;238.00;0
247;0;4828058;247;141;800;800;8.99;0.55;108.87;4.61;553;0;239.00;0
250;0;4828066;250;148;825;826;8.92;0.55;110.26;4.47;575;0;240.00;1
252;0;4828074;252;141;825;826;8.97;0.55;110.41;4.47;573;0;241.00;1
254;0;4828085;254;134;826;826;9.07;0.55;110.15;4.47;572;0;242.00;0
256;0;4828091;256;129;827;827;9.20;0.56;110.69;4.46;571;0;243.00;0
259;0;4828098;259;132;827;827;9.27;0.57;111.35;4.46;568;0;244.00;0
264;0;4828104;264;130;831;831;9.32;0.57;112.53;4.45;567;0;245.00;0
267;0;4828111;267;127;831;831;9.29;0.56;113.10;4.45;564;0;246.00;0
268;0;4828117;268;132;835;835;9.26;0.56;113.06;4.43;567;0;247.00;0
270;0;4828124;270;137;835;835;9.25;0.56;113.45;4.43;565;0;248.00;0
272;0;4828130;272;140;835;835;9.28;0.56;113.65;4.43;563;0;249.00;0
273;0;4828137;273;144;835;835;9.35;0.57;114.11;4.43;562;0;250.00;0
273;0;4828143;273;147;835;835;9.32;0.57;114.11;4.43;562;0;251.00;0
274;0;4828149;274;153;846;847;9.34;0.57;114.58;4.37;572;0;252.00;1
274;0;4828157;274;153;846;847;9.32;0.57;114.58;4.37;572;0;253.00;1
276;0;4828163;276;156;847;847;9.27;0.56;115.11;4.37;571;0;254.00;0
277;0;4828170;277;150;847;847;9.35;0.57;115.61;4.37;570;0;255.00;0
277;0;4828176;277;149;847;847;9.39;0.57;115.61;4.37;570;0;256.00;0
279;0;4828182;279;148;847;847;9.41;0.57;115.49;4.37;568;0;257.00;0
281;0;4828188;281;145;848;848;9.38;0.57;115.59;4.36;567;0;258.00;0
284;0;4828194;284;138;848;848;9.46;0.57;116.37;4.36;564;0;259.00;0
286;0;4828201;286;131;854;854;9.52;0.58;116.40;4.34;568;0;260.00;0
287;0;4828208;287;123;855;855;9.61;0.58;116.65;4.34;568;0;261.00;0
291;0;4828214;291;119;855;855;9.68;0.59;117.80;4.34;564;0;262.00;0
293;0;4828221;293;118;855;855;9.77;0.59;118.68;4.34;562;0;263.00;0
296;0;4828227;296;114;859;859;9.83;0.60;119.18;4.32;563;0;264.00;0
298;0;4828234;298;111;859;859;9.95;0.60;119.38;4.32;561;0;265.00;0
301;0;4828240;301;108;859;859;10.04;0.61;120.06;4.32;558;0;266.00;0
304;0;4828246;304;104;860;860;10.11;0.61;120.21;4.31;556;0;267.00;0
306;0;4828254;306;98;864;864;10.19;0.62;120.47;4.30;558;0;268.00;0
310;0;4828261;310;94;864;864;10.34;0.63;120.50;4.30;554;0;269.00;0
312;0;4828270;312;92;868;870;10.46;0.63;120.65;4.28;556;0;270.00;2
314;0;4828277;314;89;869;870;10.65;0.64;120.58;4.27;555;0;271.00;1
317;0;4828284;317;87;870;870;10.77;0.65;120.42;4.27;553;0;272.00;0
319;0;4828290;319;90;870;870;10.87;0.66;120.33;4.27;551;0;273.00;0
323;0;4828297;323;90;874;874;11.00;0.67;120.84;4.26;551;0;274.00;0
325;0;4828304;325;89;874;874;11.13;0.67;121.12;4.26;549;0;275.00;0
325;0;4828311;325;88;874;874;11.17;0.68;121.12;4.26;549;0;276.00;0
326;0;4828317;326;84;874;874;11.22;0.68;121.15;4.26;548;0;277.00;0
329;0;4828324;329;87;875;875;11.27;0.68;121.36;4.25;546;0;278.00;0
330;0;4828331;330;83;876;876;11.29;0.68;121.48;4.25;546;0;279.00;0
332;0;4828338;332;83;876;876;11.32;0.69;121.96;4.25;544;0;280.00;0
332;0;4828344;332;83;877;877;11.38;0.69;121.96;4.24;545;0;281.00;0
332;0;4828351;332;86;877;877;11.41;0.69;121.96;4.24;545;0;282.00;0
333;0;4828358;333;90;877;877;11.40;0.70;122.44;4.24;544;0;283.00;0
335;0;4828365;335;83;877;877;11.51;0.70;123.07;4.24;542;0;284.00;0
336;0;4828372;336;84;877;877;11.59;0.71;123.55;4.24;541;0;285.00;0
337;0;4828379;337;84;877;877;11.60;0.71;123.32;4.24;540;0;286.00;0
339;0;4828387;339;86;877;877;11.60;0.71;123.42;4.24;538;0;287.00;0
339;0;4828394;339;103;947;1004;11.33;0.70;123.42;3.93;608;0;288.00;57
341;0;4828411;341;94;950;1005;11.36;0.70;123.76;3.92;609;0;289.00;55
342;0;4828418;342;90;958;1005;11.50;0.71;124.23;3.91;616;0;290.00;47
344;0;4828426;344;90;962;1005;11.47;0.71;125.16;3.90;618;0;291.00;43
345;0;4828433;345;90;966;1005;11.55;0.71;125.38;3.90;621;0;292.00;39
346;0;4828441;346;89;968;1005;11.62;0.72;125.79;3.91;622;0;293.00;37
347;0;4828449;347;93;970;1005;11.67;0.72;126.23;3.91;623;0;294.00;35
348;0;4828456;348;95;973;1005;11.77;0.73;126.51;3.92;625;0;295.00;32
352;0;4828464;352;96;976;1006;11.82;0.73;126.42;3.93;624;0;296.00;30
356;0;4828477;356;98;980;1007;11.81;0.73;127.64;3.95;624;0;297.00;27
357;0;4828485;357;101;982;1007;11.80;0.73;128.06;3.97;625;0;298.00;25
358;0;4828493;358;105;985;1008;11.79;0.73;128.00;3.99;627;0;299.00;23
363;0;4828504;363;110;988;1014;11.60;0.71;128.72;3.99;625;0;300.00;26
364;0;4828517;364;107;991;1014;11.48;0.71;129.18;4.01;627;0;301.00;23
366;0;4828525;366;113;995;1014;11.24;0.69;129.88;4.04;629;0;302.00;19
369;0;4828533;369;115;997;1018;11.18;0.69;130.32;4.05;628;0;303.00;21
371;0;4828541;371;119;998;1018;11.05;0.68;130.35;4.06;627;0;304.00;20
373;0;4828549;373;122;1001;1018;10.90;0.67;130.50;4.10;628;0;305.00;17
375;0;4828557;375;133;1004;1021;10.74;0.66;131.11;4.12;629;0;306.00;17
378;0;4828567;378;134;1005;1021;10.64;0.65;131.38;4.14;627;0;307.00;16
378;0;4828575;378;147;1008;1021;10.55;0.65;131.38;4.18;630;0;308.00;13
382;0;4828587;382;151;1014;1025;10.40;0.64;132.74;4.19;632;0;309.00;11
386;0;4828594;386;154;1016;1026;10.27;0.63;133.87;4.21;630;0;310.00;10
387;0;4828602;387;158;1019;1026;10.16;0.62;133.86;4.21;632;0;311.00;7
391;0;4828609;391;168;1025;1030;9.93;0.61;134.74;4.24;634;0;312.00;5
396;0;4828617;396;175;1027;1030;9.77;0.60;135.45;4.24;631;0;313.00;3
396;0;4828625;396;174;1028;1030;9.59;0.59;135.45;4.26;632;0;314.00;2
400;0;4828632;400;182;1031;1032;9.43;0.58;136.06;4.26;631;0;315.00;1
401;0;4828639;401;185;1031;1032;9.23;0.56;136.22;4.26;630;0;316.00;1
402;0;4828646;402;182;1038;1038;9.13;0.56;136.22;4.24;636;0;317.00;0
403;0;4828654;403;184;1038;1038;9.02;0.55;136.13;4.24;635;0;318.00;0
406;0;4828660;406;184;1039;1039;8.91;0.54;135.67;4.24;633;0;319.00;0
408;0;4828668;408;190;1039;1039;8.82;0.54;135.70;4.24;631;0;320.00;0
408;0;4828675;408;194;1039;1039;8.68;0.53;135.70;4.24;631;0;321.00;0
409;0;4828681;409;198;1039;1039;8.66;0.53;135.79;4.24;630;0;322.00;0
412;0;4828688;412;210;1039;1039;8.57;0.52;136.39;4.24;627;0;323.00;0
413;0;4828694;413;215;1051;1051;8.53;0.52;136.32;4.19;638;0;324.00;0
413;0;4828701;413;213;1051;1051;8.46;0.52;136.32;4.19;638;0;325.00;0
413;0;4828708;413;218;1051;1051;8.43;0.52;136.32;4.19;638;0;326.00;0
418;0;4828714;418;220;1051;1051;8.32;0.51;136.89;4.19;633;0;327.00;0
421;0;4828721;421;220;1051;1051;8.21;0.50;137.45;4.19;630;0;328.00;0
425;0;4828727;425;223;1051;1051;8.08;0.50;138.36;4.19;626;0;329.00;0
425;0;4828735;425;214;1055;1055;8.08;0.50;138.36;4.18;630;0;330.00;0
428;0;4828741;428;210;1055;1055;8.02;0.49;138.74;4.18;627;0;331.00;0
430;0;4828747;430;206;1059;1059;8.09;0.50;138.97;4.17;629;0;332.00;0
432;0;4828755;432;198;1060;1060;8.17;0.50;139.86;4.16;628;0;333.00;0
434;0;4828761;434;194;1060;1060;8.26;0.51;140.25;4.16;626;0;334.00;0
436;0;4828768;436;198;1060;1060;8.33;0.51;140.84;4.16;624;0;335.00;0
439;0;4828775;439;197;1072;1073;8.35;0.52;141.63;4.12;633;0;336.00;1
441;0;4828783;441;196;1073;1073;8.43;0.52;141.53;4.11;632;0;337.00;0
444;0;4828790;444;193;1073;1073;8.46;0.52;142.53;4.11;629;0;338.00;0
448;0;4828797;448;192;1074;1074;8.54;0.53;143.25;4.11;626;0;339.00;0
449;0;4828805;449;194;1075;1075;8.59;0.53;142.99;4.11;626;0;340.00;0
454;0;4828812;454;197;1075;1075;8.63;0.53;143.91;4.11;621;0;341.00;0
458;0;4828820;458;199;1077;1078;8.74;0.54;144.44;4.10;619;0;342.00;1
459;0;4828827;459;197;1077;1078;8.80;0.54;144.40;4.10;618;0;343.00;1
465;0;4828835;465;204;1078;1078;8.69;0.53;145.48;4.10;613;0;344.00;0
466;0;4828843;466;207;1078;1078;8.60;0.53;145.39;4.10;612;0;345.00;0
473;0;4828850;473;210;1084;1084;8.46;0.52;145.14;4.08;611;0;346.00;0
473;0;4828858;473;213;1084;1084;8.27;0.51;145.14;4.08;611;0;347.00;0
477;0;4828864;477;216;1084;1084;8.14;0.50;145.22;4.08;607;0;348.00;0
479;0;4828871;479;220;1084;1084;8.02;0.49;145.15;4.08;605;0;349.00;0
482;0;4828878;482;224;1088;1088;7.87;0.48;145.64;4.07;606;0;350.00;0
486;0;4828885;486;224;1089;1089;7.76;0.48;145.96;4.07;603;0;351.00;0
490;0;4828892;490;230;1089;1089;7.66;0.47;146.16;4.07;599;0;352.00;0
494;0;4828899;494;233;1090;1090;7.55;0.46;146.76;4.06;596;0;353.00;0
496;0;4828906;496;235;1090;1090;7.38;0.45;146.58;4.06;594;0;354.00;0
497;0;4828912;497;239;1090;1090;7.20;0.44;146.71;4.06;593;0;355.00;0
500;0;4828919;500;244;1090;1090;7.04;0.43;146.65;4.06;590;0;356.00;0
502;0;4828926;502;247;1090;1090;6.97;0.43;146.80;4.06;588;0;357.00;0
502;0;4828932;502;252;1090;1090;6.88;0.42;146.80;4.06;588;0;358.00;0
504;0;4828938;504;255;1090;1090;6.87;0.42;146.91;4.06;586;0;359.00;0
509;0;4828947;509;277;1157;1215;7.11;0.44;146.72;3.83;648;0;360.00;58
510;0;4828963;510;261;1162;1216;7.18;0.45;146.67;3.82;652;0;361.00;54
512;0;4828970;512;257;1179;1216;7.22;0.45;146.32;3.79;667;0;362.00;37
514;0;4828978;514;251;1181;1216;7.26;0.45;146.45;3.79;667;0;363.00;35
514;0;4828992;514;242;1188;1216;7.39;0.46;146.45;3.79;674;0;364.00;28
517;0;4829000;517;238;1191;1216;7.46;0.46;146.57;3.79;674;0;365.00;25
518;1;4829008;518;234;1196;1216;7.62;0.47;146.93;3.80;678;1;366.00;20
518;1;4829025;518;234;1201;1216;7.71;0.47;146.93;3.82;683;1;367.00;15
518;1;4829033;518;235;1206;1217;7.76;0.48;146.93;3.83;688;1;368.00;11
520;1;4829046;520;241;1208;1218;7.79;0.48;147.22;3.84;688;1;369.00;10
520;1;4829054;520;247;1213;1218;7.82;0.48;147.22;3.86;693;1;370.00;5
521;1;4829067;521;247;1218;1222;7.82;0.48;147.37;3.85;697;1;371.00;4
522;1;4829076;522;251;1219;1222;7.85;0.48;147.59;3.86;697;1;372.00;3
524;1;4829089;524;258;1219;1222;7.81;0.48;147.58;3.86;695;1;373.00;3
524;1;4829097;524;258;1220;1222;7.73;0.47;147.58;3.86;696;1;374.00;2
524;1;4829105;524;263;1225;1228;7.60;0.47;147.58;3.85;701;1;375.00;3
525;1;4829114;525;270;1226;1228;7.56;0.46;147.57;3.86;701;1;376.00;2
526;1;4829122;526;269;1227;1228;7.47;0.46;147.67;3.86;701;1;377.00;1
528;1;4829130;528;266;1229;1231;7.45;0.46;147.75;3.87;701;1;378.00;2
529;1;4829139;529;262;1229;1231;7.43;0.45;147.72;3.87;700;1;379.00;2
531;1;4829147;531;260;1229;1231;7.48;0.46;147.75;3.87;698;1;380.00;2
531;1;4829155;531;260;1230;1232;7.58;0.46;147.75;3.87;699;1;381.00;2
532;1;4829163;532;261;1231;1233;7.62;0.46;147.90;3.87;699;1;382.00;2
534;1;4829172;534;261;1231;1233;7.71;0.47;147.57;3.87;697;1;383.00;2
535;1;4829180;535;264;1243;1246;7.84;0.48;147.34;3.83;708;1;384.00;3
539;1;4829190;539;270;1245;1246;7.83;0.48;148.26;3.83;706;1;385.00;1
541;1;4829209;541;255;1245;1246;7.91;0.48;148.41;3.83;704;1;386.00;1
544;1;4829217;544;244;1246;1247;8.01;0.49;148.83;3.83;702;1;387.00;1
546;1;4829232;546;239;1247;1247;8.13;0.49;149.12;3.83;701;1;388.00;0
547;1;4829241;547;233;1250;1251;8.14;0.50;149.49;3.82;703;1;389.00;1
549;1;4829252;549;223;1251;1251;8.15;0.50;149.96;3.82;702;1;390.00;0
552;1;4829261;552;223;1255;1255;8.11;0.49;150.34;3.81;703;1;391.00;0
554;1;4829271;554;219;1255;1255;8.16;0.50;150.69;3.81;701;1;392.00;0
554;1;4829280;554;223;1255;1255;8.22;0.50;150.69;3.81;701;1;393.00;0
555;1;4829289;555;223;1255;1255;8.31;0.51;150.72;3.81;700;1;394.00;0
558;1;4829298;558;223;1255;1255;8.34;0.51;151.41;3.81;697;1;395.00;0
560;1;4829306;560;226;1266;1267;8.46;0.52;151.70;3.78;706;1;396.00;1
562;1;4829318;562;222;1266;1267;8.55;0.52;152.49;3.78;704;1;397.00;1
564;1;4829331;564;219;1267;1267;8.60;0.53;152.95;3.78;703;1;398.00;0
567;1;4829343;567;217;1267;1267;8.66;0.53;153.43;3.78;700;1;399.00;0
568;1;4829354;568;214;1267;1267;8.71;0.53;153.69;3.78;699;1;400.00;0
569;1;4829367;569;213;1267;1267;8.79;0.54;153.87;3.78;698;1;401.00;0
571;1;4829376;571;205;1268;1268;8.76;0.54;154.22;3.78;697;1;402.00;0
574;1;4829385;574;195;1268;1268;8.75;0.53;154.25;3.78;694;1;403.00;0
576;1;4829394;576;194;1274;1274;8.84;0.54;154.85;3.76;698;1;404.00;0
579;1;4829403;579;190;1276;1276;9.00;0.55;154.91;3.76;697;1;405.00;0
581;1;4829413;581;193;1276;1276;9.12;0.56;155.28;3.76;695;1;406.00;0
582;1;4829426;582;188;1276;1276;9.25;0.57;155.40;3.76;694;1;407.00;0
585;1;4829436;585;189;1280;1280;9.33;0.57;156.12;3.75;695;1;408.00;0
586;1;4829447;586;189;1280;1280;9.41;0.58;156.54;3.75;694;1;409.00;0
590;1;4829457;590;189;1280;1280;9.37;0.57;157.11;3.75;690;1;410.00;0
590;1;4829466;590;188;1281;1281;9.42;0.58;157.11;3.74;691;1;411.00;0
592;1;4829475;592;186;1285;1285;9.40;0.58;157.35;3.74;693;1;412.00;0
595;1;4829484;595;186;1285;1285;9.44;0.58;157.90;3.74;690;1;413.00;0
602;1;4829492;602;184;1287;1288;9.45;0.58;158.58;3.73;685;1;414.00;1
604;1;4829501;604;186;1287;1288;9.45;0.58;159.12;3.73;683;1;415.00;1
610;1;4829509;610;190;1288;1288;9.42;0.57;161.10;3.73;678;1;416.00;0
613;1;4829517;613;189;1288;1288;9.34;0.57;161.20;3.73;675;1;417.00;0
618;1;4829527;618;191;1292;1292;9.33;0.57;161.94;3.72;674;1;418.00;0
618;1;4829536;618;194;1292;1292;9.26;0.56;161.94;3.72;674;1;419.00;0
621;1;4829545;621;192;1292;1292;9.33;0.57;162.67;3.72;671;1;420.00;0
622;1;4829558;622;189;1292;1292;9.39;0.57;162.86;3.72;670;1;421.00;0
622;1;4829568;622;182;1293;1293;9.50;0.58;162.86;3.72;671;1;422.00;0
624;1;4829578;624;178;1294;1294;9.65;0.59;163.23;3.71;670;1;423.00;0
627;1;4829588;627;170;1294;1294;9.75;0.60;163.47;3.71;667;1;424.00;0
631;1;4829597;631;160;1295;1295;9.86;0.60;164.00;3.71;664;1;425.00;0
633;1;4829606;633;151;1295;1295;9.95;0.61;163.88;3.71;662;1;426.00;0
637;1;4829614;637;144;1295;1295;10.00;0.61;164.01;3.71;658;1;427.00;0
640;1;4829622;640;140;1295;1295;10.06;0.61;164.22;3.71;655;1;428.00;0
643;1;4829631;643;137;1295;1295;10.17;0.62;164.28;3.71;652;1;429.00;0
648;1;4829638;648;130;1295;1295;10.29;0.63;164.78;3.71;647;1;430.00;0
650;1;4829647;650;128;1295;1295;10.43;0.64;164.84;3.71;645;1;431.00;0
653;1;4829654;653;144;1371;1422;10.18;0.63;165.23;3.51;718;1;432.00;51
657;1;4829672;657;124;1371;1423;10.22;0.63;165.25;3.51;714;1;433.00;52
660;1;4829682;660;116;1377;1423;10.34;0.64;165.55;3.50;717;1;434.00;46
661;1;4829694;661;109;1379;1423;10.36;0.64;165.52;3.50;718;1;435.00;44
668;1;4829706;668;101;1384;1423;10.47;0.64;165.69;3.50;716;1;436.00;39
672;1;4829715;672;101;1387;1423;10.52;0.65;166.42;3.51;715;1;437.00;36
674;1;4829726;674;99;1389;1423;10.53;0.65;166.94;3.51;715;1;438.00;34
678;1;4829736;678;96;1394;1423;10.56;0.65;167.08;3.52;716;1;439.00;29
680;1;4829745;680;99;1397;1424;10.57;0.65;167.09;3.53;717;1;440.00;27
683;1;4829755;683;100;1399;1425;10.63;0.65;167.62;3.54;716;1;441.00;26
685;1;4829764;685;102;1405;1425;10.69;0.65;168.24;3.57;720;1;442.00;20
687;1;4829772;687;94;1409;1426;10.71;0.65;168.43;3.59;722;1;443.00;17
690;1;4829782;690;97;1412;1426;10.71;0.65;169.17;3.61;722;1;444.00;14
691;1;4829790;691;97;1414;1426;10.70;0.65;169.44;3.62;723;1;445.00;12
693;1;4829800;693;97;1416;1426;10.59;0.65;169.56;3.63;723;1;446.00;10
697;1;4829808;697;102;1420;1430;10.47;0.64;169.61;3.64;723;1;447.00;10
700;1;4829818;700;106;1421;1430;10.32;0.63;169.61;3.64;721;1;448.00;9
704;1;4829827;704;113;1422;1430;10.20;0.62;169.90;3.65;718;1;449.00;8
705;1;4829837;705;115;1426;1436;10.11;0.62;169.68;3.64;721;1;450.00;10
708;1;4829847;708;127;1428;1436;10.05;0.61;169.90;3.65;720;1;451.00;8
708;1;4829857;708;131;1430;1436;10.05;0.61;169.90;3.66;722;1;452.00;6
711;1;4829865;711;131;1433;1440;10.01;0.61;170.48;3.67;722;1;453.00;7
713;1;4829879;713;131;1435;1441;9.99;0.61;170.84;3.68;722;1;454.00;6
715;1;4829889;715;135;1437;1441;9.94;0.61;171.18;3.70;722;1;455.00;4
718;1;4829897;718;140;1440;1445;9.93;0.61;171.43;3.70;722;1;456.00;5
722;1;4829907;722;143;1441;1445;9.85;0.60;171.33;3.70;719;1;457.00;4
723;1;4829915;723;150;1442;1445;9.82;0.60;171.49;3.70;719;1;458.00;3
724;1;4829924;724;157;1443;1446;9.74;0.59;171.69;3.70;719;1;459.00;3
727;1;4829933;727;161;1444;1446;9.61;0.59;172.06;3.71;717;1;460.00;2
729;1;4829942;729;165;1450;1452;9.54;0.58;172.31;3.69;721;1;461.00;2
732;2;4829951;732;164;1450;1452;9.49;0.58;172.48;3.69;718;2;462.00;2
733;2;4829975;733;170;1451;1453;9.41;0.58;172.39;3.70;718;2;463.00;2
735;2;4829988;735;176;1451;1453;9.35;0.57;172.44;3.70;716;2;464.00;2
736;2;4830003;736;185;1452;1453;9.26;0.57;172.47;3.70;716;2;465.00;1
737;2;4830012;737;184;1452;1453;9.15;0.56;172.58;3.70;715;2;466.00;1
741;2;4830021;741;192;1453;1453;9.04;0.55;172.63;3.70;712;2;467.00;0
741;2;4830029;741;198;1464;1465;9.03;0.55;172.63;3.68;723;2;468.00;1
742;2;4830039;742;196;1464;1465;8.92;0.55;172.55;3.68;722;2;469.00;1
743;2;4830047;743;209;1465;1465;8.85;0.54;172.58;3.68;722;2;470.00;0
745;2;4830055;745;216;1465;1465;8.76;0.54;172.57;3.68;720;2;471.00;0
746;2;4830063;746;224;1465;1465;8.70;0.53;172.48;3.68;719;2;472.00;0
748;2;4830071;748;230;1465;1465;8.63;0.53;172.88;3.68;717;2;473.00;0
749;2;4830079;749;237;1469;1469;8.52;0.52;173.06;3.67;720;2;474.00;0
750;2;4830088;750;240;1469;1469;8.56;0.53;173.16;3.67;719;2;475.00;0
756;2;4830096;756;247;1473;1473;8.51;0.52;173.06;3.66;717;2;476.00;0
757;2;4830106;757;252;1474;1474;8.45;0.52;172.98;3.66;717;2;477.00;0
758;2;4830113;758;254;1474;1474;8.38;0.51;173.13;3.66;716;2;478.00;0
761;2;4830121;761;259;1474;1474;8.26;0.51;173.00;3.66;713;2;479.00;0
762;2;4830130;762;266;1496;1500;8.26;0.51;173.38;3.60;734;2;480.00;4
763;2;4830139;763;261;1497;1500;8.28;0.51;173.21;3.60;734;2;481.00;3
766;2;4830147;766;265;1500;1500;8.28;0.51;172.96;3.60;734;2;482.00;0
769;2;4830156;769;265;1501;1501;8.27;0.51;172.86;3.60;732;2;483.00;0
771;2;4830164;771;268;1502;1502;8.26;0.51;172.60;3.60;731;2;484.00;0
773;2;4830176;773;268;1502;1502;8.21;0.50;172.39;3.60;729;2;485.00;0
775;2;4830186;775;268;1504;1505;8.26;0.51;172.53;3.59;729;2;486.00;1
776;2;4830195;776;271;1504;1505;8.25;0.51;172.62;3.59;728;2;487.00;1
777;2;4830204;777;278;1505;1505;8.18;0.50;172.56;3.59;728;2;488.00;0
781;2;4830212;781;275;1505;1505;8.17;0.50;172.42;3.59;724;2;489.00;0
783;2;4830220;783;276;1511;1511;8.18;0.50;172.24;3.58;728;2;490.00;0
784;2;4830229;784;280;1511;1511;8.10;0.50;172.13;3.58;727;2;491.00;0
789;2;4830236;789;281;1511;1511;7.96;0.49;171.72;3.58;722;2;492.00;0
794;2;4830244;794;287;1511;1511;7.72;0.47;172.05;3.58;717;2;493.00;0
797;2;4830252;797;292;1515;1515;7.52;0.46;172.09;3.57;718;2;494.00;0
801;2;4830259;801;285;1517;1517;7.33;0.45;172.31;3.57;716;2;495.00;0
805;2;4830267;805;281;1517;1517;7.19;0.44;172.97;3.57;712;2;496.00;0
807;2;4830274;807;283;1518;1518;7.15;0.44;173.17;3.57;711;2;497.00;0
809;2;4830281;809;279;1518;1518;7.13;0.44;173.46;3.57;709;2;498.00;0
809;2;4830288;809;277;1518;1518;7.17;0.44;173.46;3.57;709;2;499.00;0
815;2;4830297;815;277;1518;1518;7.16;0.44;173.86;3.57;703;2;500.00;0
816;2;4830312;816;283;1518;1518;7.18;0.44;174.15;3.57;702;2;501.00;0
820;2;4830322;820;276;1518;1518;7.22;0.44;174.46;3.57;698;2;502.00;0
823;2;4830329;823;272;1518;1518;7.23;0.44;174.99;3.57;695;2;503.00;0
825;2;4830338;825;279;1557;1588;7.47;0.46;175.25;3.48;732;2;504.00;31
826;2;4830352;826;267;1561;1589;7.46;0.46;175.07;3.47;735;2;505.00;28
828;2;4830360;828;268;1571;1589;7.44;0.45;175.68;3.46;743;2;506.00;18
828;2;4830368;828;270;1572;1589;7.41;0.45;175.68;3.46;744;2;507.00;17
832;2;4830376;832;260;1576;1589;7.36;0.45;175.85;3.46;744;2;508.00;13
836;2;4830384;836;257;1579;1589;7.30;0.44;176.30;3.47;743;2;509.00;10
837;2;4830394;837;250;1582;1589;7.23;0.44;176.24;3.47;745;2;510.00;7
839;2;4830402;839;249;1584;1589;7.16;0.44;176.44;3.47;745;2;511.00;5
842;2;4830410;842;250;1586;1590;7.10;0.43;176.76;3.48;744;2;512.00;4
846;2;4830418;846;259;1588;1591;7.09;0.43;177.41;3.48;742;2;513.00;3
848;2;4830427;848;259;1589;1591;7.05;0.43;177.23;3.49;741;2;514.00;2
852;2;4830440;852;263;1595;1595;7.08;0.43;177.56;3.48;743;2;515.00;0
856;2;4830449;856;263;1595;1595;7.13;0.43;178.33;3.48;739;2;516.00;0
859;2;4830458;859;261;1595;1595;7.16;0.44;178.17;3.48;736;2;517.00;0
860;2;4830473;860;263;1595;1595;7.25;0.44;178.14;3.48;735;2;518.00;0
862;2;4830481;862;265;1601;1601;7.27;0.44;178.34;3.48;739;2;519.00;0
864;2;4830490;864;260;1601;1601;7.29;0.44;178.26;3.48;737;2;520.00;0
867;2;4830499;867;259;1601;1601;7.28;0.44;178.02;3.48;734;2;521.00;0
870;2;4830512;870;258;1603;1604;7.28;0.44;178.82;3.47;733;2;522.00;1
871;2;4830521;871;258;1603;1604;7.26;0.44;178.83;3.47;732;2;523.00;1
872;2;4830530;872;259;1604;1604;7.30;0.44;179.15;3.47;732;2;524.00;0
877;2;4830538;877;260;1605;1605;7.26;0.44;179.71;3.47;728;2;525.00;0
878;2;4830547;878;265;1606;1606;7.30;0.44;179.94;3.47;728;2;526.00;0
880;2;4830556;880;256;1606;1606;7.34;0.45;180.07;3.47;726;2;527.00;0
882;2;4830564;882;262;1618;1619;7.49;0.46;180.33;3.44;736;2;528.00;1
884;2;4830574;884;264;1618;1619;7.55;0.46;180.48;3.44;734;2;529.00;1
885;2;4830583;885;260;1619;1619;7.66;0.47;180.72;3.44;734;2;530.00;0
889;2;4830591;889;261;1620;1620;7.73;0.47;180.78;3.44;731;2;531.00;0
891;2;4830599;891;258;1620;1620;7.79;0.47;180.78;3.44;729;2;532.00;0
893;2;4830608;893;258;1624;1624;7.83;0.47;180.75;3.43;731;2;533.00;0
897;2;4830617;897;255;1624;1624;7.82;0.47;181.07;3.43;727;2;534.00;0
898;2;4830625;898;254;1628;1628;7.88;0.48;181.22;3.43;730;2;535.00;0
901;2;4830634;901;254;1628;1628;7.88;0.48;181.52;3.43;727;2;536.00;0
904;2;4830642;904;256;1628;1628;7.77;0.47;181.87;3.43;724;2;537.00;0
907;2;4830651;907;258;1628;1628;7.72;0.47;182.04;3.43;721;2;538.00;0
910;2;4830659;910;260;1628;1628;7.63;0.46;182.43;3.43;718;2;539.00;0
912;2;4830669;912;268;1658;1662;7.68;0.47;182.60;3.36;746;2;540.00;4
914;2;4830680;914;266;1659;1662;7.61;0.46;182.72;3.36;745;2;541.00;3
915;2;4830693;915;258;1661;1662;7.63;0.47;182.72;3.36;746;2;542.00;1
916;2;4830705;916;251;1661;1662;7.64;0.47;182.79;3.36;745;2;543.00;1
916;2;4830715;916;255;1662;1662;7.64;0.47;182.79;3.36;746;2;544.00;0
917;2;4830725;917;248;1662;1662;7.63;0.47;182.97;3.36;745;2;545.00;0
919;2;4830734;919;246;1663;1663;7.61;0.47;183.24;3.36;744;2;546.00;0
922;2;4830744;922;243;1663;1663;7.59;0.46;183.15;3.36;741;2;547.00;0
925;2;4830753;925;241;1669;1669;7.60;0.46;183.24;3.35;744;2;548.00;0
928;2;4830763;928;243;1670;1670;7.59;0.46;183.40;3.35;742;2;549.00;0
932;2;4830772;932;249;1670;1670;7.52;0.46;183.50;3.35;738;2;550.00;0
933;2;4830787;933;236;1670;1670;7.53;0.46;183.59;3.35;737;2;551.00;0
935;2;4830796;935;226;1674;1674;7.48;0.46;183.65;3.34;739;2;552.00;0
938;2;4830806;938;222;1674;1674;7.44;0.45;184.06;3.34;736;2;553.00;0
941;2;4830815;941;217;1674;1674;7.42;0.45;184.04;3.34;733;2;554.00;0
942;2;4830826;942;218;1675;1675;7.49;0.46;184.24;3.34;733;2;555.00;0
944;2;4830838;944;213;1679;1679;7.53;0.46;184.34;3.33;735;2;556.00;0
945;2;4830849;945;213;1679;1679;7.60;0.46;184.42;3.33;734;2;557.00;0
947;2;4830862;947;218;1681;1682;7.69;0.47;184.55;3.33;734;2;558.00;1
949;2;4830874;949;213;1681;1682;7.71;0.47;185.08;3.33;732;2;559.00;1
951;2;4830883;951;216;1682;1682;7.83;0.48;185.14;3.33;731;2;560.00;0
954;2;4830893;954;224;1682;1682;7.81;0.48;185.71;3.33;728;2;561.00;0
957;2;4830903;957;214;1686;1686;7.87;0.48;186.00;3.32;729;2;562.00;0
959;2;4830913;959;214;1686;1686;7.95;0.48;186.26;3.32;727;2;563.00;0
961;2;4830922;961;215;1686;1686;8.00;0.49;186.47;3.32;725;2;564.00;0
962;2;4830931;962;209;1686;1686;8.16;0.50;186.64;3.32;724;2;565.00;0
967;2;4830940;967;208;1687;1687;8.35;0.51;186.80;3.32;720;2;566.00;0
968;2;4830950;968;203;1688;1688;8.49;0.52;186.96;3.32;720;2;567.00;0
972;2;4830960;972;200;1688;1688;8.60;0.52;187.09;3.32;716;2;568.00;0
974;2;4830970;974;197;1689;1689;8.78;0.53;187.47;3.32;715;2;569.00;0
975;2;4830981;975;194;1689;1689;8.93;0.54;187.53;3.32;714;2;570.00;0
977;2;4830990;977;194;1689;1689;8.98;0.55;187.87;3.32;712;2;571.00;0
982;2;4830999;982;193;1689;1689;8.95;0.54;188.10;3.32;707;2;572.00;0
983;2;4831008;983;195;1689;1689;8.96;0.54;188.20;3.32;706;2;573.00;0
988;2;4831017;988;190;1689;1689;8.96;0.54;188.37;3.32;701;2;574.00;0
991;2;4831027;991;190;1689;1689;8.98;0.55;188.93;3.32;698;2;575.00;0
993;2;4831036;993;219;1772;1816;8.75;0.54;189.12;3.17;779;2;576.00;44
998;2;4831055;998;208;1773;1817;8.69;0.54;189.79;3.16;775;2;577.00;44
1000;2;4831065;1000;202;1778;1817;8.79;0.54;190.02;3.16;778;2;578.00;39
1001;2;4831075;1001;197;1779;1817;8.88;0.55;189.98;3.16;778;2;579.00;38
1001;2;4831085;1001;194;1783;1817;9.01;0.55;189.98;3.16;782;2;580.00;34
1003;2;4831094;1003;199;1784;1817;9.05;0.56;189.94;3.16;781;2;581.00;33
1005;2;4831103;1005;206;1788;1817;9.07;0.56;190.00;3.17;783;2;582.00;29
1006;2;4831113;1006;210;1790;1817;9.17;0.56;190.09;3.17;784;2;583.00;27
1006;2;4831122;1006;216;1792;1818;9.22;0.56;190.09;3.18;786;2;584.00;26
1007;2;4831132;1007;220;1797;1820;9.27;0.57;190.19;3.19;790;2;585.00;23
1007;2;4831146;1007;213;1799;1820;9.33;0.57;190.19;3.20;792;2;586.00;21
1009;2;4831156;1009;216;1802;1821;9.32;0.57;190.42;3.21;793;2;587.00;19
1009;2;4831165;1009;213;1805;1821;9.21;0.56;190.42;3.22;796;2;588.00;16
1012;2;4831175;1012;209;1807;1821;9.13;0.56;190.59;3.23;795;2;589.00;14
1015;2;4831185;1015;205;1808;1821;9.13;0.56;190.85;3.24;793;2;590.00;13
1015;2;4831194;1015;206;1811;1825;9.12;0.56;190.85;3.24;796;2;591.00;14
1017;2;4831205;1017;201;1813;1825;9.09;0.56;191.21;3.26;796;2;592.00;12
1020;2;4831214;1020;200;1815;1825;9.08;0.56;191.58;3.27;795;2;593.00;10
1022;2;4831223;1022;202;1817;1828;8.98;0.55;192.14;3.28;795;2;594.00;11
1024;2;4831233;1024;204;1819;1828;8.89;0.54;192.28;3.29;795;2;595.00;9
1029;2;4831241;1029;204;1820;1828;8.82;0.54;192.79;3.29;791;2;596.00;8
1031;2;4831250;1031;195;1824;1832;8.80;0.54;193.12;3.29;793;2;597.00;8
1034;2;4831260;1034;198;1825;1833;8.80;0.54;193.20;3.30;791;2;598.00;8
1043;2;4831269;1043;194;1830;1833;8.78;0.54;194.38;3.33;787;2;599.00;3
1048;2;4831280;1048;201;1842;1859;8.69;0.53;195.12;3.31;794;2;600.00;17
1050;2;4831303;1050;193;1843;1859;8.70;0.53;195.49;3.31;793;2;601.00;16
1056;2;4831318;1056;188;1845;1859;8.67;0.53;196.33;3.30;789;2;602.00;14
1059;2;4831328;1059;192;1846;1860;8.65;0.53;196.32;3.30;787;2;603.00;14
1066;2;4831337;1066;191;1846;1860;8.63;0.52;197.08;3.30;780;2;604.00;14
1068;2;4831346;1068;193;1850;1866;8.66;0.53;197.35;3.30;782;2;605.00;16
1072;2;4831356;1072;199;1852;1866;8.58;0.52;197.94;3.30;780;2;606.00;14
1076;2;4831366;1076;196;1854;1867;8.54;0.52;198.19;3.30;778;2;607.00;13
1080;2;4831375;1080;197;1854;1867;8.47;0.51;198.49;3.30;774;2;608.00;13
1080;2;4831384;1080;205;1855;1867;8.48;0.51;198.49;3.31;775;2;609.00;12
1082;2;4831393;1082;209;1856;1867;8.37;0.51;198.47;3.32;774;2;610.00;11
1083;2;4831402;1083;210;1857;1867;8.34;0.50;198.83;3.33;774;2;611.00;10
1085;2;4831411;1085;215;1867;1879;8.34;0.50;198.73;3.32;782;2;612.00;12
1086;2;4831426;1086;220;1871;1879;8.26;0.50;198.84;3.33;785;2;613.00;8
1086;2;4831440;1086;217;1871;1879;8.28;0.50;198.84;3.33;785;2;614.00;8
1086;2;4831449;1086;224;1871;1879;8.31;0.50;198.84;3.33;785;2;615.00;8
1088;2;4831459;1088;225;1871;1879;8.35;0.51;198.76;3.33;783;2;616.00;8
1090;2;4831468;1090;237;1872;1879;8.34;0.51;198.92;3.34;782;2;617.00;7
1090;2;4831477;1090;238;1875;1883;8.38;0.51;198.92;3.34;785;2;618.00;8
1091;2;4831487;1091;243;1876;1883;8.37;0.51;198.89;3.34;785;2;619.00;7
1091;2;4831496;1091;240;1880;1887;8.43;0.51;198.89;3.34;789;2;620.00;7
1092;2;4831505;1092;244;1881;1888;8.43;0.51;198.73;3.34;789;2;621.00;7
1093;2;4831514;1093;248;1881;1888;8.44;0.51;198.72;3.34;788;2;622.00;7
1094;2;4831522;1094;250;1882;1888;8.38;0.51;198.55;3.35;788;2;623.00;6
1098;2;4831530;1098;260;1890;1901;8.28;0.50;198.12;3.33;792;2;624.00;11
1101;2;4831540;1101;261;1893;1901;8.12;0.49;197.94;3.35;792;2;625.00;8
1101;2;4831549;1101;271;1893;1901;8.05;0.49;197.94;3.35;792;2;626.00;8
1102;2;4831558;1102;270;1896;1902;7.98;0.49;197.87;3.36;794;2;627.00;6
1105;2;4831566;1105;276;1899;1903;7.94;0.48;197.80;3.38;794;2;628.00;4
1105;2;4831577;1105;281;1899;1903;7.94;0.49;197.80;3.38;794;2;629.00;4
1105;2;4831588;1105;287;1905;1909;7.95;0.49;197.80;3.38;800;2;630.00;4
1106;2;4831597;1106;296;1906;1909;7.88;0.48;197.74;3.38;800;2;631.00;3
1109;2;4831605;1109;303;1909;1909;7.88;0.48;197.62;3.38;800;2;632.00;0
1111;2;4831614;1111;308;1909;1909;7.75;0.47;197.56;3.38;798;2;633.00;0
1112;2;4831622;1112;313;1915;1915;7.70;0.47;197.43;3.37;803;2;634.00;0
1114;2;4831630;1114;322;1915;1915;7.55;0.46;197.37;3.37;801;2;635.00;0
1114;2;4831638;1114;325;1915;1915;7.44;0.46;197.37;3.37;801;2;636.00;0
1117;2;4831646;1117;328;1915;1915;7.32;0.45;197.09;3.37;798;2;637.00;0
1118;2;4831654;1118;335;1919;1919;7.25;0.45;197.03;3.36;801;2;638.00;0
1120;2;4831662;1120;342;1920;1920;7.21;0.44;196.96;3.36;800;2;639.00;0
1120;2;4831670;1120;346;1920;1920;7.13;0.44;196.96;3.36;800;2;640.00;0
1122;2;4831678;1122;347;1921;1921;7.09;0.44;197.01;3.36;799;2;641.00;0
1127;2;4831686;1127;345;1921;1921;6.99;0.43;197.03;3.36;794;2;642.00;0
1130;2;4831693;1130;347;1921;1921;6.86;0.42;196.69;3.36;791;2;643.00;0
1131;2;4831701;1131;343;1921;1921;6.81;0.42;196.64;3.36;790;2;644.00;0
1133;2;4831709;1133;337;1921;1921;6.71;0.41;196.66;3.36;788;2;645.00;0
1133;2;4831716;1133;333;1921;1921;6.66;0.41;196.66;3.36;788;2;646.00;0
1135;2;4831724;1135;331;1921;1921;6.57;0.41;196.59;3.36;786;2;647.00;0
1138;2;4831731;1138;338;1960;1991;6.73;0.41;196.58;3.29;822;2;648.00;31
1141;2;4831744;1141;335;1961;1992;6.67;0.41;196.69;3.29;820;2;649.00;31
1141;2;4831752;1141;330;1969;1992;6.69;0.41;196.69;3.29;828;2;650.00;23
1142;2;4831759;1142;325;1973;1992;6.65;0.41;196.60;3.29;831;2;651.00;19
1144;2;4831767;1144;326;1978;1992;6.65;0.41;196.48;3.29;834;2;652.00;14
1146;2;4831775;1146;328;1980;1992;6.62;0.41;196.50;3.29;834;2;653.00;12
1148;2;4831782;1148;329;1982;1992;6.57;0.40;196.36;3.29;834;2;654.00;10
1151;2;4831790;1151;320;1986;1992;6.57;0.40;196.15;3.30;835;2;655.00;6
1153;2;4831798;1153;302;1988;1993;6.56;0.40;195.92;3.31;835;2;656.00;5
1157;2;4831806;1157;304;1990;1994;6.50;0.40;196.23;3.31;833;2;657.00;4
1159;2;4831814;1159;298;1992;1994;6.44;0.39;196.55;3.31;833;2;658.00;2
1162;2;4831821;1162;299;1997;1998;6.38;0.39;196.62;3.31;835;2;659.00;1
1168;2;4831831;1168;288;1998;1998;6.35;0.39;197.13;3.31;830;2;660.00;0
1169;2;4831840;1169;281;1998;1998;6.38;0.39;197.22;3.31;829;2;661.00;0
1174;2;4831855;1174;282;1998;1998;6.40;0.39;197.68;3.31;824;2;662.00;0
1177;2;4831871;1177;278;2004;2004;6.44;0.39;198.19;3.31;827;2;663.00;0
1179;2;4831881;1179;278;2004;2004;6.52;0.40;198.13;3.31;825;2;664.00;0
1182;2;4831890;1182;276;2004;2004;6.56;0.40;198.38;3.31;822;2;665.00;0
1185;2;4831899;1185;267;2006;2007;6.63;0.41;198.65;3.30;821;2;666.00;1
1187;2;4831909;1187;261;2006;2007;6.69;0.41;198.72;3.30;819;2;667.00;1
1191;2;4831923;1191;253;2006;2007;6.73;0.41;198.88;3.30;815;2;668.00;1
1192;2;4831932;1192;240;2008;2008;6.79;0.41;198.96;3.30;816;2;669.00;0
1195;2;4831942;1195;241;2009;2009;6.81;0.42;198.94;3.30;814;2;670.00;0
1199;2;4831951;1199;234;2009;2009;6.85;0.42;198.88;3.30;810;2;671.00;0
1200;2;4831961;1200;235;2021;2022;6.99;0.42;198.88;3.28;821;2;672.00;1
1201;2;4831971;1201;234;2022;2022;7.07;0.43;198.97;3.28;821;2;673.00;0
1206;2;4831980;1206;234;2022;2022;7.15;0.43;199.37;3.28;816;2;674.00;0
1208;2;4831990;1208;231;2024;2024;7.31;0.44;199.28;3.28;816;2;675.00;0
1209;2;4831999;1209;235;2024;2024;7.45;0.45;199.44;3.28;815;2;676.00;0
1216;2;4832009;1216;232;2028;2028;7.49;0.45;200.12;3.27;812;2;677.00;0
1217;2;4832019;1217;235;2028;2028;7.55;0.46;200.36;3.27;811;2;678.00;0
1221;2;4832028;1221;232;2032;2032;7.61;0.46;200.69;3.27;811;2;679.00;0
1227;2;4832038;1227;232;2032;2032;7.66;0.47;200.91;3.27;805;2;680.00;0
1228;2;4832047;1228;235;2032;2032;7.73;0.47;201.10;3.27;804;2;681.00;0
1232;2;4832057;1232;233;2032;2032;7.77;0.47;201.15;3.27;800;2;682.00;0
1236;2;4832066;1236;230;2032;2032;7.77;0.47;201.49;3.27;796;2;683.00;0
1239;2;4832075;1239;235;2043;2044;7.81;0.48;202.07;3.25;804;2;684.00;1
1243;2;4832085;1243;234;2044;2044;7.89;0.48;202.37;3.25;801;2;685.00;0
1249;2;4832095;1249;230;2044;2044;7.96;0.49;202.91;3.25;795;2;686.00;0
1254;2;4832105;1254;226;2044;2044;7.99;0.49;203.36;3.25;790;2;687.00;0
1256;2;4832115;1256;229;2044;2044;8.02;0.49;203.58;3.25;788;2;688.00;0
1259;2;4832128;1259;221;2044;2044;8.08;0.49;204.10;3.25;785;2;689.00;0
1262;2;4832142;1262;224;2045;2045;8.07;0.49;204.33;3.25;783;2;690.00;0
1264;2;4832160;1264;229;2045;2045;8.14;0.50;204.41;3.25;781;2;691.00;0
1271;2;4832170;1271;231;2051;2051;8.12;0.50;204.95;3.24;780;2;692.00;0
1276;2;4832181;1276;226;2051;2052;8.20;0.50;205.47;3.24;775;2;693.00;1
1281;2;4832192;1281;224;2052;2052;8.28;0.51;206.20;3.24;771;2;694.00;0
1284;2;4832202;1284;223;2052;2052;8.37;0.51;206.44;3.24;768;2;695.00;0
1291;2;4832212;1291;220;2056;2056;8.40;0.51;207.26;3.23;765;2;696.00;0
1294;2;4832223;1294;219;2056;2056;8.48;0.52;207.42;3.23;762;2;697.00;0
1297;2;4832233;1297;216;2056;2056;8.53;0.52;207.66;3.23;759;2;698.00;0
1302;2;4832242;1302;212;2057;2057;8.48;0.52;208.18;3.23;755;2;699.00;0
1304;2;4832253;1304;209;2061;2061;8.48;0.52;208.05;3.23;757;2;700.00;0
1305;2;4832267;1305;208;2061;2061;8.52;0.52;208.21;3.23;756;2;701.00;0
1310;2;4832277;1310;211;2063;2064;8.41;0.51;208.85;3.23;753;2;702.00;1
1313;2;4832287;1313;217;2063;2064;8.43;0.51;209.24;3.23;750;2;703.00;1
1316;2;4832296;1316;216;2064;2064;8.45;0.51;209.53;3.23;748;2;704.00;0
1320;2;4832307;1320;220;2064;2064;8.39;0.51;209.64;3.23;744;2;705.00;0
1324;2;4832316;1324;228;2068;2068;8.36;0.51;209.94;3.22;744;2;706.00;0
1326;2;4832327;1326;220;2068;2068;8.35;0.51;210.23;3.22;742;2;707.00;0
1329;2;4832336;1329;214;2068;2068;8.34;0.51;210.71;3.22;739;2;708.00;0
1331;2;4832346;1331;209;2068;2068;8.33;0.51;211.05;3.22;737;2;709.00;0
1334;2;4832356;1334;210;2069;2069;8.28;0.50;211.43;3.22;735;2;710.00;0
1336;2;4832367;1336;213;2070;2070;8.26;0.50;211.53;3.22;734;2;711.00;0
1338;2;4832376;1338;213;2070;2070;8.22;0.50;211.69;3.22;732;2;712.00;0
1339;2;4832385;1339;215;2071;2071;8.24;0.50;211.74;3.22;732;2;713.00;0
1341;2;4832394;1341;218;2071;2071;8.30;0.50;211.95;3.22;730;2;714.00;0
1346;2;4832403;1346;216;2071;2071;8.31;0.50;212.04;3.22;725;2;715.00;0
1347;2;4832413;1347;207;2071;2071;8.36;0.51;212.01;3.22;724;2;716.00;0
1352;2;4832423;1352;205;2071;2071;8.34;0.51;212.38;3.22;719;2;717.00;0
1355;2;4832437;1355;201;2071;2071;8.31;0.50;212.66;3.22;716;2;718.00;0
1356;2;4832447;1356;194;2071;2071;8.30;0.50;212.82;3.22;715;2;719.00;0
1357;2;4832457;1357;243;2198;2301;8.16;0.51;213.07;3.03;841;2;720.00;103
1360;2;4832483;1360;232;2207;2302;8.18;0.51;213.27;3.02;847;2;721.00;95
1361;2;4832495;1361;214;2217;2302;8.25;0.52;213.30;3.02;856;2;722.00;85
1364;2;4832504;1364;214;2222;2302;8.26;0.52;213.46;3.02;858;2;723.00;80
1364;2;4832515;1364;210;2231;2302;8.25;0.52;213.46;3.02;867;2;724.00;71
1368;2;4832525;1368;213;2234;2302;8.24;0.51;213.96;3.03;866;2;725.00;68
1371;2;4832535;1371;210;2240;2302;8.24;0.51;214.12;3.03;869;2;726.00;62
1373;2;4832550;1373;213;2243;2302;8.25;0.51;214.23;3.04;870;2;727.00;59
1377;2;4832561;1377;215;2249;2303;8.17;0.51;214.13;3.05;872;2;728.00;54
1377;2;4832571;1377;220;2253;2304;8.13;0.51;214.13;3.06;876;2;729.00;51
1377;2;4832581;1377;223;2259;2304;8.07;0.50;214.13;3.08;882;2;730.00;45
1380;2;4832591;1380;222;2263;2305;8.02;0.50;214.53;3.09;883;2;731.00;42
1384;2;4832602;1384;227;2266;2305;8.00;0.50;214.78;3.10;882;2;732.00;39
1386;2;4832612;1386;228;2270;2305;7.97;0.49;214.86;3.12;884;2;733.00;35
1387;2;4832621;1387;240;2272;2305;7.97;0.49;214.83;3.13;885;2;734.00;33
1390;2;4832635;1390;247;2275;2309;7.89;0.49;214.85;3.13;885;2;735.00;34
1393;2;4832649;1393;256;2275;2309;7.93;0.49;215.04;3.13;882;2;736.00;34
1395;2;4832662;1395;263;2281;2309;7.83;0.48;215.27;3.17;886;2;737.00;28
1396;2;4832682;1396;270;2281;2312;7.80;0.48;215.31;3.17;885;2;738.00;31
1396;2;4832702;1396;269;2283;2312;7.77;0.48;215.31;3.18;887;2;739.00;29
1400;2;4832716;1400;276;2284;2312;7.69;0.47;215.43;3.19;884;2;740.00;28
1401;2;4832729;1401;282;2288;2316;7.63;0.47;215.54;3.18;887;2;741.00;28
1402;2;4832744;1402;278;2290;2317;7.55;0.46;215.53;3.20;888;2;742.00;27
1405;2;4832763;1405;280;2290;2317;7.51;0.46;215.43;3.20;885;2;743.00;27
1406;2;4832786;1406;283;2292;2321;7.47;0.46;215.58;3.19;886;2;744.00;29
1407;2;4832797;1407;285;2294;2321;7.43;0.46;215.63;3.20;887;2;745.00;27
1408;2;4832812;1408;285;2296;2321;7.43;0.46;215.60;3.20;888;2;746.00;25
1408;2;4832825;1408;284;2297;2322;7.45;0.46;215.60;3.20;889;2;747.00;25
1411;2;4832838;1411;284;2298;2322;7.43;0.46;215.72;3.21;887;2;748.00;24
1416;2;4832851;1416;289;2304;2328;7.40;0.45;215.84;3.21;888;2;749.00;24
1418;2;4832865;1418;287;2305;2328;7.42;0.45;215.88;3.23;887;2;750.00;23
1418;2;4832880;1418;283;2308;2329;7.45;0.46;215.88;3.25;890;2;751.00;21
1420;2;4832893;1420;284;2308;2329;7.48;0.46;215.92;3.25;888;2;752.00;21
1420;2;4832907;1420;284;2311;2329;7.48;0.46;215.92;3.29;891;2;753.00;18
1423;2;4832919;1423;284;2311;2329;7.46;0.45;215.98;3.29;888;2;754.00;18
1428;2;4832930;1428;285;2311;2329;7.38;0.45;216.37;3.29;883;2;755.00;18
1429;2;4832945;1429;287;2321;2341;7.41;0.45;216.40;3.30;892;2;756.00;20
1433;2;4832959;1433;285;2325;2341;7.41;0.45;216.39;3.32;892;2;757.00;16
1434;2;4832972;1434;283;2326;2341;7.39;0.45;216.56;3.33;892;2;758.00;15
1435;2;4832983;1435;278;2327;2341;7.41;0.45;216.54;3.33;892;2;759.00;14
1437;2;4832995;1437;277;2328;2341;7.40;0.45;216.58;3.33;891;2;760.00;13
1438;2;4833009;1438;274;2329;2341;7.40;0.45;216.62;3.34;891;2;761.00;12
1438;2;4833021;1438;271;2332;2345;7.36;0.45;216.62;3.33;894;2;762.00;13
1440;2;4833031;1440;261;2333;2345;7.30;0.45;216.80;3.33;893;2;763.00;12
1442;2;4833045;1442;265;2336;2349;7.34;0.45;216.88;3.33;894;2;764.00;13
1445;2;4833058;1445;270;2339;2351;7.26;0.44;216.67;3.33;894;2;765.00;12
1451;2;4833071;1451;275;2340;2351;7.22;0.44;216.89;3.33;889;2;766.00;11
1455;2;4833092;1455;282;2340;2351;7.20;0.44;217.14;3.33;885;2;767.00;11
1456;2;4833105;1456;286;2349;2364;7.17;0.44;217.13;3.32;893;2;768.00;15
1457;2;4833117;1457;280;2349;2364;7.19;0.44;217.19;3.32;892;2;769.00;15
1459;2;4833129;1459;292;2349;2364;7.19;0.44;217.06;3.32;890;2;770.00;15
1459;2;4833143;1459;296;2351;2365;7.21;0.44;217.06;3.31;892;2;771.00;14
1459;2;4833155;1459;304;2351;2366;7.17;0.44;217.06;3.31;892;2;772.00;15
1461;2;4833166;1461;304;2352;2366;7.15;0.44;216.98;3.34;891;2;773.00;14
1461;2;4833180;1461;312;2355;2369;7.15;0.44;216.98;3.33;894;2;774.00;14
1463;2;4833193;1463;312;2356;2369;7.16;0.44;216.93;3.35;893;2;775.00;13
1463;2;4833206;1463;315;2356;2369;7.16;0.44;216.93;3.35;893;2;776.00;13
1466;2;4833218;1466;318;2356;2369;7.11;0.43;217.08;3.35;890;2;777.00;13
1468;2;4833229;1468;327;2362;2375;7.08;0.43;216.97;3.37;894;2;778.00;13
1468;2;4833244;1468;333;2362;2375;7.01;0.43;216.97;3.37;894;2;779.00;13
1469;2;4833258;1469;338;2362;2375;6.95;0.42;216.90;3.37;893;2;780.00;13
1469;2;4833270;1469;338;2363;2375;6.89;0.42;216.90;3.40;894;2;781.00;12
1473;2;4833282;1473;340;2366;2379;6.87;0.42;216.57;3.39;893;2;782.00;13
1475;2;4833295;1475;350;2367;2380;6.80;0.42;216.41;3.39;892;2;783.00;13
1477;2;4833309;1477;354;2370;2380;6.79;0.42;216.19;3.47;893;2;784.00;10
1481;2;4833321;1481;352;2371;2381;6.75;0.41;215.89;3.47;890;2;785.00;10
1482;2;4833332;1482;355;2371;2381;6.75;0.41;215.91;3.47;889;2;786.00;10
1483;2;4833346;1483;361;2372;2381;6.78;0.41;215.81;3.49;889;2;787.00;9
1484;2;4833359;1484;366;2373;2381;6.79;0.42;215.71;3.52;889;2;788.00;8
1487;2;4833372;1487;371;2374;2381;6.81;0.42;215.70;3.55;887;2;789.00;7
1489;2;4833382;1489;374;2374;2381;6.80;0.42;215.51;3.55;885;2;790.00;7
1490;2;4833394;1490;380;2376;2381;6.79;0.42;215.40;3.59;886;2;791.00;5
1495;2;4833404;1495;389;2414;2451;7.02;0.43;215.34;3.55;919;2;792.00;37
1495;2;4833420;1495;389;2418;2452;7.00;0.43;215.34;3.56;923;2;793.00;34
1496;2;4833430;1496;390;2428;2452;7.00;0.43;215.31;3.56;932;2;794.00;24
1499;2;4833440;1499;391;2432;2452;6.87;0.42;215.42;3.56;933;2;795.00;20
1499;2;4833450;1499;390;2438;2452;6.83;0.42;215.42;3.56;939;2;796.00;14
1501;2;4833459;1501;388;2439;2452;6.71;0.41;215.51;3.56;938;2;797.00;13
1502;2;4833469;1502;395;2443;2452;6.64;0.41;215.46;3.56;941;2;798.00;9
1503;2;4833478;1503;398;2444;2452;6.52;0.40;215.37;3.56;941;2;799.00;8
1505;2;4833488;1505;400;2447;2453;6.46;0.40;215.20;3.57;942;2;800.00;6
1508;2;4833501;1508;399;2449;2454;6.40;0.39;215.12;3.57;941;2;801.00;5
1509;2;4833510;1509;388;2452;2454;6.37;0.39;215.06;3.58;943;2;802.00;2
1510;2;4833520;1510;376;2458;2458;6.38;0.39;214.92;3.58;948;2;803.00;0
1511;2;4833530;1511;371;2458;2458;6.39;0.39;214.95;3.58;947;2;804.00;0
1513;2;4833539;1513;368;2458;2458;6.34;0.39;214.90;3.58;945;2;805.00;0
1513;2;4833549;1513;368;2458;2458;6.38;0.39;214.90;3.58;945;2;806.00;0
1513;2;4833558;1513;377;2464;2464;6.41;0.39;214.90;3.57;951;2;807.00;0
1515;2;4833568;1515;378;2464;2464;6.44;0.40;214.71;3.57;949;2;808.00;0
1516;2;4833578;1516;375;2464;2464;6.49;0.40;214.74;3.57;948;2;809.00;0
1519;3;4833589;1519;369;2468;2470;6.55;0.40;214.84;3.56;949;3;810.00;2
1519;3;4833610;1519;365;2468;2470;6.63;0.41;214.84;3.56;949;3;811.00;2
1522;3;4833625;1522;360;2470;2470;6.65;0.41;214.77;3.56;948;3;812.00;0
1525;3;4833635;1525;365;2471;2471;6.65;0.41;214.53;3.56;946;3;813.00;0
1527;3;4833646;1527;362;2472;2472;6.65;0.41;214.46;3.56;945;3;814.00;0
1528;3;4833661;1528;355;2472;2472;6.65;0.41;214.52;3.56;944;3;815.00;0
1529;3;4833671;1529;361;2485;2485;6.62;0.40;214.40;3.54;956;3;816.00;0
1531;3;4833682;1531;350;2485;2485;6.58;0.40;214.32;3.54;954;3;817.00;0
1534;3;4833691;1534;353;2485;2485;6.60;0.40;214.32;3.54;951;3;818.00;0
1537;3;4833702;1537;350;2486;2486;6.60;0.40;214.46;3.54;949;3;819.00;0
1537;3;4833711;1537;341;2486;2486;6.61;0.40;214.46;3.54;949;3;820.00;0
1539;3;4833721;1539;340;2490;2490;6.61;0.40;214.31;3.54;951;3;821.00;0
1542;3;4833731;1542;333;2490;2490;6.56;0.40;214.65;3.54;948;3;822.00;0
1546;3;4833741;1546;329;2494;2494;6.46;0.39;214.80;3.53;948;3;823.00;0
1550;3;4833751;1550;332;2494;2494;6.38;0.39;214.92;3.53;944;3;824.00;0
1555;3;4833761;1555;329;2494;2494;6.34;0.39;214.71;3.53;939;3;825.00;0
1558;3;4833770;1558;319;2494;2494;6.31;0.38;214.79;3.53;936;3;826.00;0
1562;3;4833780;1562;316;2494;2494;6.27;0.38;215.00;3.53;932;3;827.00;0
1567;3;4833789;1567;305;2506;2506;6.26;0.38;215.27;3.52;939;3;828.00;0
1568;3;4833799;1568;297;2506;2506;6.31;0.39;215.35;3.52;938;3;829.00;0
1572;3;4833809;1572;286;2506;2506;6.38;0.39;215.30;3.52;934;3;830.00;0
1576;3;4833820;1576;284;2506;2506;6.44;0.39;215.67;3.52;930;3;831.00;0
1579;3;4833830;1579;272;2506;2506;6.52;0.40;215.57;3.52;927;3;832.00;0
1582;3;4833840;1582;265;2506;2506;6.60;0.40;215.66;3.52;924;3;833.00;0
1585;3;4833850;1585;255;2507;2507;6.70;0.41;215.71;3.52;922;3;834.00;0
1587;3;4833860;1587;247;2507;2507;6.80;0.42;215.61;3.52;920;3;835.00;0
1590;3;4833871;1590;244;2513;2513;6.92;0.42;216.14;3.51;923;3;836.00;0
1592;3;4833882;1592;236;2514;2514;6.98;0.43;216.40;3.51;922;3;837.00;0
1595;3;4833892;1595;232;2514;2514;7.05;0.43;216.70;3.51;919;3;838.00;0
1600;3;4833904;1600;228;2514;2514;7.12;0.43;217.15;3.51;914;3;839.00;0
1604;3;4833917;1604;227;2519;2519;7.21;0.44;217.27;3.50;915;3;840.00;0
1606;3;4833927;1606;228;2519;2519;7.30;0.44;217.42;3.50;913;3;841.00;0
1612;3;4833938;1612;228;2519;2519;7.33;0.45;217.95;3.50;907;3;842.00;0
1616;3;4833949;1616;226;2520;2520;7.29;0.44;218.21;3.50;904;3;843.00;0
1619;3;4833959;1619;223;2524;2524;7.33;0.45;218.46;3.50;905;3;844.00;0
1622;3;4833970;1622;220;2524;2524;7.37;0.45;218.70;3.50;902;3;845.00;0
1623;3;4833982;1623;216;2526;2527;7.48;0.46;218.65;3.49;903;3;846.00;1
1629;3;4833993;1629;222;2526;2527;7.52;0.46;219.10;3.49;897;3;847.00;1
1633;3;4834005;1633;218;2527;2527;7.58;0.46;219.67;3.49;894;3;848.00;0
1638;3;4834017;1638;220;2527;2527;7.58;0.46;220.14;3.49;889;3;849.00;0
1645;3;4834028;1645;214;2531;2531;7.57;0.46;220.45;3.49;886;3;850.00;0
1649;3;4834040;1649;213;2531;2531;7.54;0.46;220.82;3.49;882;3;851.00;0
1652;3;4834051;1652;216;2531;2531;7.51;0.46;221.33;3.49;879;3;852.00;0
1656;3;4834061;1656;213;2531;2531;7.49;0.46;221.39;3.49;875;3;853.00;0
1662;3;4834072;1662;217;2532;2532;7.51;0.46;221.84;3.49;870;3;854.00;0
1664;3;4834083;1664;216;2534;2534;7.52;0.46;222.04;3.49;870;3;855.00;0
1667;3;4834094;1667;210;2534;2534;7.52;0.46;222.12;3.49;867;3;856.00;0
1674;3;4834105;1674;205;2535;2535;7.52;0.46;222.72;3.48;861;3;857.00;0
1678;3;4834116;1678;203;2535;2535;7.54;0.46;222.68;3.48;857;3;858.00;0
1681;3;4834126;1681;206;2535;2535;7.57;0.46;222.95;3.48;854;3;859.00;0
1686;3;4834136;1686;211;2535;2535;7.62;0.46;223.44;3.48;849;3;860.00;0
1689;3;4834147;1689;205;2535;2535;7.64;0.46;223.35;3.48;846;3;861.00;0
1692;3;4834158;1692;209;2535;2535;7.68;0.47;223.69;3.48;843;3;862.00;0
1695;3;4834169;1695;212;2535;2535;7.71;0.47;223.97;3.48;840;3;863.00;0
1698;3;4834179;1698;237;2609;2662;7.80;0.48;224.31;3.39;911;3;864.00;53
1702;3;4834199;1702;236;2615;2663;7.75;0.48;224.29;3.38;913;3;865.00;48
1705;3;4834210;1705;237;2621;2663;7.73;0.48;224.52;3.38;916;3;866.00;42
1707;3;4834220;1707;235;2622;2663;7.63;0.47;224.58;3.38;915;3;867.00;41
1712;4;4834231;1712;234;2628;2663;7.56;0.46;224.80;3.38;916;4;868.00;35
1716;4;4834249;1716;244;2628;2663;7.47;0.46;225.22;3.38;912;4;869.00;35
1717;4;4834261;1717;254;2629;2663;7.40;0.46;225.35;3.38;912;4;870.00;34
1719;4;4834272;1719;257;2630;2663;7.35;0.45;225.69;3.38;911;4;871.00;33
1723;4;4834282;1723;248;2632;2664;7.26;0.45;226.04;3.38;909;4;872.00;32
1728;4;4834294;1728;246;2635;2665;7.13;0.44;226.40;3.39;907;4;873.00;30
1730;4;4834308;1730;247;2637;2665;7.11;0.44;226.60;3.40;907;4;874.00;28
1731;4;4834321;1731;241;2641;2666;7.04;0.43;226.85;3.40;910;4;875.00;25
1733;4;4834332;1733;234;2641;2666;7.01;0.43;227.04;3.40;908;4;876.00;25
1735;4;4834344;1735;239;2643;2666;7.04;0.43;227.12;3.41;908;4;877.00;23
1737;4;4834357;1737;248;2647;2666;7.07;0.44;227.61;3.43;910;4;878.00;19
1738;4;4834369;1738;248;2650;2670;7.16;0.44;227.90;3.43;912;4;879.00;20
1742;4;4834391;1742;259;2651;2670;7.19;0.44;228.42;3.43;909;4;880.00;19
1745;4;4834404;1745;247;2654;2670;7.27;0.45;228.61;3.44;909;4;881.00;16
1749;4;4834421;1749;244;2655;2673;7.34;0.45;228.94;3.45;906;4;882.00;18
1755;4;4834441;1755;241;2656;2673;7.40;0.45;229.04;3.46;901;4;883.00;17
1758;4;4834453;1758;225;2658;2673;7.52;0.46;229.25;3.47;900;4;884.00;15
1759;4;4834471;1759;225;2665;2677;7.61;0.47;229.25;3.49;906;4;885.00;12
1761;4;4834483;1761;228;2665;2678;7.67;0.47;229.40;3.49;904;4;886.00;13
1769;4;4834495;1769;228;2667;2678;7.67;0.47;229.82;3.50;898;4;887.00;11
1773;4;4834506;1773;228;2670;2682;7.73;0.47;229.91;3.50;897;4;888.00;12
1777;4;4834518;1777;233;2672;2682;7.79;0.47;230.16;3.51;895;4;889.00;10
1779;4;4834529;1779;234;2673;2682;7.84;0.48;230.30;3.52;894;4;890.00;9
1782;4;4834542;1782;231;2674;2683;7.93;0.48;230.36;3.52;892;4;891.00;9
1783;4;4834554;1783;225;2676;2683;8.01;0.49;230.36;3.53;893;4;892.00;7
1786;4;4834566;1786;218;2682;2689;8.12;0.49;230.50;3.53;896;4;893.00;7
1791;4;4834577;1791;220;2683;2689;8.16;0.50;230.68;3.54;892;4;894.00;6
1794;4;4834590;1794;218;2685;2690;8.25;0.50;230.86;3.54;891;4;895.00;5
1796;4;4834602;1796;218;2685;2690;8.26;0.50;231.02;3.54;889;4;896.00;5
1800;4;4834613;1800;218;2687;2690;8.31;0.50;231.39;3.55;887;4;897.00;3
1803;4;4834625;1803;213;2688;2690;8.32;0.51;231.83;3.55;885;4;898.00;2
1805;4;4834637;1805;212;2690;2690;8.33;0.51;232.00;3.56;885;4;899.00;0
1807;4;4834650;1807;217;2718;2736;8.27;0.50;232.02;3.52;911;4;900.00;18
1810;4;4834669;1810;216;2719;2736;8.25;0.50;232.49;3.52;909;4;901.00;17
1812;4;4834680;1812;225;2724;2736;8.29;0.51;232.35;3.52;912;4;902.00;12
1815;4;4834691;1815;227;2725;2736;8.24;0.50;232.68;3.52;910;4;903.00;11
1817;4;4834702;1817;227;2727;2736;8.20;0.50;232.89;3.52;910;4;904.00;9
1819;4;4834713;1819;232;2727;2736;8.12;0.49;232.72;3.52;908;4;905.00;9
1820;4;4834724;1820;241;2732;2740;8.10;0.49;232.74;3.52;912;4;906.00;8
1822;4;4834735;1822;248;2734;2740;8.04;0.49;232.81;3.52;912;4;907.00;6
1824;4;4834746;1824;248;2737;2744;7.98;0.48;232.88;3.52;913;4;908.00;7
1824;4;4834757;1824;255;2738;2745;7.91;0.48;232.88;3.51;914;4;909.00;7
1825;4;4834767;1825;250;2738;2745;7.81;0.47;232.93;3.51;913;4;910.00;7
1825;4;4834782;1825;252;2738;2745;7.67;0.47;232.93;3.51;913;4;911.00;7
1826;4;4834792;1826;264;2751;2758;7.58;0.46;232.90;3.50;925;4;912.00;7
1828;4;4834805;1828;268;2752;2758;7.45;0.45;232.76;3.51;924;4;913.00;6
1828;4;4834815;1828;277;2752;2758;7.34;0.45;232.76;3.51;924;4;914.00;6
1829;4;4834830;1829;275;2753;2759;7.24;0.44;232.70;3.50;924;4;915.00;6
1831;4;4834841;1831;280;2754;2760;7.05;0.43;232.61;3.50;923;4;916.00;6
1833;4;4834852;1833;280;2755;2760;6.93;0.42;232.63;3.51;922;4;917.00;5
1834;4;4834863;1834;281;2758;2763;6.86;0.42;232.53;3.51;924;4;918.00;5
1837;4;4834877;1837;282;2758;2763;6.76;0.41;232.60;3.51;921;4;919.00;5
1840;4;4834892;1840;283;2759;2763;6.74;0.41;232.62;3.51;919;4;920.00;4
1842;4;4834905;1842;282;2759;2763;6.73;0.41;232.57;3.51;917;4;921.00;4
1845;4;4834916;1845;274;2764;2769;6.70;0.41;232.36;3.51;919;4;922.00;5
1846;4;4834931;1846;279;2765;2769;6.69;0.41;232.35;3.51;919;4;923.00;4
1846;4;4834944;1846;279;2767;2769;6.75;0.41;232.35;3.52;921;4;924.00;2
1848;4;4834956;1848;283;2769;2769;6.77;0.41;232.31;3.53;921;4;925.00;0
1849;4;4834968;1849;284;2773;2773;6.81;0.42;232.37;3.53;924;4;926.00;0
1852;4;4834980;1852;282;2774;2774;6.80;0.42;232.44;3.52;922;4;927.00;0
1855;4;4834993;1855;287;2774;2774;6.75;0.41;232.45;3.52;919;4;928.00;0
1859;4;4835005;1859;293;2775;2775;6.71;0.41;232.51;3.52;916;4;929.00;0
1864;4;4835018;1864;295;2775;2775;6.65;0.40;232.65;3.52;911;4;930.00;0
1868;4;4835031;1868;296;2775;2775;6.60;0.40;232.72;3.52;907;4;931.00;0
1872;4;4835043;1872;293;2775;2775;6.56;0.40;232.86;3.52;903;4;932.00;0
1876;4;4835055;1876;297;2775;2775;6.51;0.39;232.82;3.52;899;4;933.00;0
1878;4;4835066;1878;304;2775;2775;6.49;0.39;232.90;3.52;897;4;934.00;0
1878;4;4835078;1878;307;2775;2775;6.53;0.40;232.90;3.52;897;4;935.00;0
1880;4;4835090;1880;317;2813;2845;6.67;0.41;232.79;3.48;933;4;936.00;32
1880;4;4835107;1880;314;2816;2846;6.68;0.41;232.79;3.47;936;4;937.00;30
1880;4;4835120;1880;318;2824;2846;6.68;0.41;232.79;3.47;944;4;938.00;22
1880;4;4835132;1880;324;2826;2846;6.62;0.40;232.79;3.47;946;4;939.00;20
1881;4;4835143;1881;327;2829;2846;6.59;0.40;232.81;3.47;948;4;940.00;17
1882;4;4835156;1882;330;2832;2846;6.55;0.40;232.81;3.47;950;4;941.00;14
1883;4;4835167;1883;328;2834;2846;6.50;0.40;232.76;3.47;951;4;942.00;12
1884;4;4835178;1884;326;2836;2846;6.49;0.39;232.83;3.47;952;4;943.00;10
1884;5;4835189;1884;335;2838;2847;6.51;0.40;232.83;3.48;954;5;944.00;9
1886;5;4835214;1886;334;2840;2849;6.49;0.39;232.78;3.48;954;5;945.00;9
1887;5;4835224;1887;339;2842;2849;6.51;0.40;232.78;3.48;955;5;946.00;7
1888;5;4835235;1888;342;2848;2853;6.55;0.40;232.77;3.49;960;5;947.00;5
1891;5;4835245;1891;344;2850;2853;6.52;0.40;232.69;3.49;959;5;948.00;3
1892;5;4835255;1892;333;2850;2853;6.48;0.39;232.57;3.49;958;5;949.00;3
1894;5;4835267;1894;329;2850;2853;6.44;0.39;232.55;3.49;956;5;950.00;3
1895;5;4835277;1895;324;2855;2859;6.47;0.39;232.55;3.48;960;5;951.00;4
1895;5;4835288;1895;327;2855;2859;6.47;0.39;232.55;3.48;960;5;952.00;4
1895;5;4835298;1895;325;2855;2859;6.52;0.40;232.55;3.48;960;5;953.00;4
1897;5;4835308;1897;328;2857;2862;6.57;0.40;232.42;3.48;960;5;954.00;5
1899;5;4835318;1899;328;2859;2862;6.59;0.40;232.58;3.49;960;5;955.00;3
1900;5;4835329;1900;334;2860;2862;6.61;0.40;232.62;3.49;960;5;956.00;2
1900;5;4835339;1900;338;2860;2863;6.63;0.40;232.62;3.49;960;5;957.00;3
1902;5;4835355;1902;345;2861;2864;6.61;0.40;232.57;3.49;959;5;958.00;3
1903;5;4835366;1903;346;2862;2864;6.62;0.40;232.56;3.49;959;5;959.00;2
1905;5;4835377;1905;351;2881;2890;6.67;0.41;232.45;3.47;976;5;960.00;9
1908;5;4835390;1908;349;2883;2890;6.65;0.41;232.39;3.48;975;5;961.00;7
1911;5;4835400;1911;353;2886;2890;6.70;0.41;232.34;3.47;975;5;962.00;4
1912;6;4835410;1912;356;2891;2891;6.76;0.41;232.29;3.47;979;6;963.00;0
1914;6;4835432;1914;357;2891;2891;6.77;0.41;232.24;3.47;977;6;964.00;0
1914;6;4835442;1914;355;2895;2895;6.80;0.42;232.24;3.47;981;6;965.00;0
1915;6;4835452;1915;355;2895;2895;6.77;0.41;232.25;3.47;980;6;966.00;0
1915;6;4835467;1915;351;2899;2899;6.73;0.41;232.25;3.46;984;6;967.00;0
1918;6;4835478;1918;354;2899;2899;6.64;0.41;232.25;3.46;981;6;968.00;0
1920;6;4835491;1920;356;2899;2899;6.52;0.40;232.20;3.46;979;6;969.00;0
1921;6;4835503;1921;357;2899;2899;6.47;0.40;232.22;3.46;978;6;970.00;0
1924;6;4835514;1924;356;2899;2899;6.42;0.39;232.06;3.46;975;6;971.00;0
1928;6;4835526;1928;363;2910;2911;6.32;0.39;231.88;3.45;982;6;972.00;1
1929;6;4835543;1929;361;2910;2911;6.30;0.39;232.08;3.45;981;6;973.00;1
1931;6;4835553;1931;353;2911;2911;6.28;0.39;232.29;3.45;980;6;974.00;0
1931;6;4835563;1931;349;2911;2911;6.30;0.39;232.29;3.45;980;6;975.00;0
1931;6;4835573;1931;351;2911;2911;6.31;0.39;232.29;3.45;980;6;976.00;0
1936;6;4835582;1936;340;2911;2911;6.24;0.38;232.44;3.45;975;6;977.00;0
1938;6;4835592;1938;334;2912;2912;6.23;0.38;232.48;3.45;974;6;978.00;0
1939;6;4835609;1939;326;2912;2912;6.21;0.38;232.53;3.45;973;6;979.00;0
1943;6;4835618;1943;333;2918;2918;6.17;0.38;232.71;3.45;975;6;980.00;0
1945;6;4835629;1945;333;2919;2919;6.18;0.38;232.80;3.44;974;6;981.00;0
1948;6;4835639;1948;332;2919;2919;6.17;0.38;232.75;3.44;971;6;982.00;0
1951;6;4835649;1951;332;2919;2919;6.17;0.38;232.63;3.44;968;6;983.00;0
1953;6;4835658;1953;328;2923;2923;6.11;0.37;232.73;3.44;970;6;984.00;0
1957;6;4835668;1957;328;2923;2923;6.11;0.37;232.77;3.44;966;6;985.00;0
1962;6;4835677;1962;329;2923;2923;6.10;0.37;232.80;3.44;961;6;986.00;0
1967;6;4835687;1967;331;2924;2924;6.05;0.37;232.95;3.44;957;6;987.00;0
1971;6;4835697;1971;330;2928;2928;6.06;0.37;232.94;3.44;957;6;988.00;0
1974;6;4835707;1974;337;2928;2928;6.11;0.37;233.19;3.44;954;6;989.00;0
1976;6;4835718;1976;325;2932;2934;6.18;0.38;233.17;3.43;956;6;990.00;2
1981;6;4835728;1981;310;2932;2934;6.20;0.38;233.36;3.43;951;6;991.00;2
1985;6;4835738;1985;301;2934;2934;6.26;0.38;233.35;3.43;949;6;992.00;0
1988;6;4835754;1988;294;2934;2934;6.26;0.38;233.64;3.43;946;6;993.00;0
1991;6;4835764;1991;299;2938;2938;6.28;0.38;233.60;3.43;947;6;994.00;0
1994;6;4835774;1994;297;2938;2938;6.29;0.38;233.69;3.43;944;6;995.00;0
1995;6;4835784;1995;291;2938;2938;6.26;0.38;233.71;3.43;943;6;996.00;0
1998;6;4835794;1998;279;2938;2938;6.26;0.38;233.82;3.43;940;6;997.00;0
2002;6;4835805;2002;271;2939;2939;6.26;0.38;233.69;3.43;937;6;998.00;0
2005;6;4835832;2005;263;2940;2940;6.30;0.38;233.71;3.42;935;6;999.00;0
2007;6;4835854;2007;251;2940;2940;6.35;0.39;233.90;3.42;933;6;1000.00;0
2010;6;4835867;2010;251;2941;2941;6.42;0.39;234.12;3.42;931;6;1001.00;0
2013;6;4835878;2013;241;2941;2941;6.50;0.40;234.19;3.42;928;6;1002.00;0
2016;6;4835888;2016;238;2941;2941;6.57;0.40;234.46;3.42;925;6;1003.00;0
2018;6;4835899;2018;242;2941;2941;6.64;0.41;234.58;3.42;923;6;1004.00;0
2023;6;4835910;2023;241;2941;2941;6.71;0.41;234.67;3.42;918;6;1005.00;0
2026;6;4835924;2026;245;2941;2941;6.78;0.41;234.86;3.42;915;6;1006.00;0
2029;6;4835936;2029;244;2941;2941;6.85;0.42;234.95;3.42;912;6;1007.00;0
2029;6;4835947;2029;255;3019;3068;7.26;0.45;234.95;3.34;990;6;1008.00;49
2035;6;4835975;2035;251;3025;3069;7.29;0.45;235.09;3.33;990;6;1009.00;44
2037;6;4835989;2037;255;3031;3069;7.40;0.46;235.13;3.33;994;6;1010.00;38
2040;6;4836003;2040;250;3033;3069;7.48;0.46;235.16;3.33;993;6;1011.00;36
2043;6;4836018;2043;249;3037;3069;7.57;0.47;235.09;3.33;994;6;1012.00;32
2049;6;4836035;2049;247;3039;3069;7.58;0.47;235.69;3.33;990;6;1013.00;30
2052;6;4836055;2052;249;3039;3069;7.54;0.46;235.70;3.33;987;6;1014.00;30
2058;6;4836074;2058;255;3042;3069;7.49;0.46;235.80;3.33;984;6;1015.00;27
2062;6;4836089;2062;249;3043;3070;7.42;0.46;236.15;3.34;981;6;1016.00;27
2063;6;4836109;2063;258;3045;3071;7.37;0.45;236.14;3.34;982;6;1017.00;26
2069;6;4836124;2069;259;3048;3071;7.25;0.45;236.94;3.35;979;6;1018.00;23
2076;6;4836139;2076;269;3052;3072;7.14;0.44;237.55;3.35;976;6;1019.00;20
2079;6;4836155;2079;272;3054;3072;7.09;0.43;237.66;3.36;975;6;1020.00;18
2083;6;4836169;2083;279;3056;3072;7.05;0.43;238.06;3.36;973;6;1021.00;16
2089;6;4836191;2089;283;3058;3072;6.96;0.43;238.71;3.37;969;6;1022.00;14
2091;6;4836206;2091;286;3060;3076;6.98;0.43;238.81;3.37;969;6;1023.00;16
2095;6;4836223;2095;287;3064;3076;6.95;0.43;238.96;3.39;969;6;1024.00;12
2102;6;4836239;2102;285;3066;3076;6.89;0.42;239.37;3.40;964;6;1025.00;10
2107;6;4836254;2107;287;3069;3079;6.88;0.42;239.38;3.41;962;6;1026.00;10
2111;6;4836268;2111;283;3071;3079;6.89;0.42;239.64;3.42;960;6;1027.00;8
2114;6;4836282;2114;281;3072;3079;6.92;0.42;239.89;3.42;958;6;1028.00;7
2116;6;4836296;2116;282;3076;3083;7.02;0.43;240.00;3.42;960;6;1029.00;7
2118;6;4836312;2118;286;3078;3084;7.06;0.43;240.17;3.43;960;6;1030.00;6
2122;6;4836327;2122;288;3079;3084;7.10;0.43;240.11;3.43;957;6;1031.00;5
2126;6;4836341;2126;289;3082;3088;7.09;0.43;240.37;3.43;956;6;1032.00;6
2134;6;4836356;2134;295;3083;3088;7.04;0.43;240.95;3.43;949;6;1033.00;5
2136;6;4836373;2136;298;3084;3088;7.09;0.43;240.99;3.43;948;6;1034.00;4
2140;6;4836387;2140;306;3088;3090;7.10;0.43;241.28;3.43;948;6;1035.00;2
2143;6;4836404;2143;311;3089;3090;7.00;0.43;241.49;3.43;946;6;1036.00;1
2144;6;4836419;2144;310;3094;3096;6.93;0.42;241.57;3.43;950;6;1037.00;2
2149;6;4836440;2149;305;3095;3096;6.85;0.42;241.95;3.43;946;6;1038.00;1
2151;6;4836456;2151;303;3096;3097;6.77;0.41;242.13;3.43;945;6;1039.00;1
2153;6;4836472;2153;303;3096;3097;6.74;0.41;242.18;3.43;943;6;1040.00;1
2155;6;4836489;2155;313;3096;3097;6.75;0.41;242.40;3.43;941;6;1041.00;1
2159;6;4836505;2159;325;3096;3097;6.74;0.41;242.69;3.43;937;6;1042.00;1
2160;6;4836524;2160;318;3097;3097;6.73;0.41;242.70;3.43;937;6;1043.00;0
2162;6;4836539;2162;325;3106;3109;6.81;0.42;242.94;3.42;944;6;1044.00;3
2166;6;4836553;2166;328;3106;3109;6.76;0.41;243.50;3.42;940;6;1045.00;3
2170;6;4836575;2170;319;3109;3109;6.78;0.41;243.64;3.42;939;6;1046.00;0
2172;6;4836589;2172;320;3109;3109;6.77;0.41;243.63;3.42;937;6;1047.00;0
2175;6;4836605;2175;315;3109;3109;6.79;0.41;243.86;3.42;934;6;1048.00;0
2176;6;4836618;2176;315;3109;3109;6.87;0.42;243.90;3.42;933;6;1049.00;0
2179;6;4836635;2179;314;3115;3115;6.86;0.42;244.02;3.41;936;6;1050.00;0
2182;6;4836649;2182;306;3115;3115;6.85;0.42;244.25;3.41;933;6;1051.00;0
2184;6;4836665;2184;311;3119;3119;6.89;0.42;244.26;3.41;935;6;1052.00;0
2185;6;4836679;2185;315;3120;3120;6.90;0.42;244.17;3.41;935;6;1053.00;0
2187;6;4836702;2187;314;3120;3120;6.85;0.42;244.24;3.41;933;6;1054.00;0
2189;6;4836714;2189;321;3120;3120;6.82;0.42;244.36;3.41;931;6;1055.00;0
2190;6;4836729;2190;324;3133;3133;6.84;0.42;244.40;3.40;943;6;1056.00;0
2192;6;4836744;2192;323;3133;3133;6.79;0.42;244.49;3.40;941;6;1057.00;0
2197;6;4836759;2197;321;3133;3133;6.74;0.41;244.71;3.40;936;6;1058.00;0
2199;6;4836773;2199;313;3134;3134;6.78;0.41;244.79;3.40;935;6;1059.00;0
2200;6;4836787;2200;311;3135;3135;6.83;0.42;244.89;3.39;935;6;1060.00;0
2201;6;4836799;2201;314;3135;3135;6.90;0.42;245.13;3.39;934;6;1061.00;0
2203;6;4836812;2203;306;3137;3138;6.96;0.43;245.10;3.39;934;6;1062.00;1
2205;6;4836824;2205;302;3137;3138;6.92;0.42;245.19;3.39;932;6;1063.00;1
2210;6;4836835;2210;302;3138;3138;6.87;0.42;245.41;3.39;928;6;1064.00;0
2214;6;4836847;2214;297;3138;3138;6.85;0.42;245.47;3.39;924;6;1065.00;0
2215;6;4836858;2215;299;3144;3144;6.85;0.42;245.71;3.39;929;6;1066.00;0
2216;6;4836871;2216;306;3144;3144;6.84;0.42;245.69;3.39;928;6;1067.00;0
2219;6;4836882;2219;302;3144;3144;6.85;0.42;245.59;3.39;925;6;1068.00;0
2222;6;4836893;2222;311;3144;3144;6.88;0.42;245.66;3.39;922;6;1069.00;0
2226;6;4836938;2226;316;3148;3148;6.90;0.42;245.64;3.38;922;6;1070.00;0
2229;6;4836958;2229;314;3149;3149;6.93;0.42;245.68;3.38;920;6;1071.00;0
2231;6;4836970;2231;321;3149;3149;6.90;0.42;245.54;3.38;918;6;1072.00;0
2237;6;4836980;2237;321;3150;3150;6.96;0.42;245.70;3.38;913;6;1073.00;0
2241;6;4836992;2241;319;3150;3150;6.95;0.42;245.80;3.38;909;6;1074.00;0
2243;6;4837003;2243;322;3150;3150;6.87;0.42;246.00;3.38;907;6;1075.00;0
2247;6;4837014;2247;322;3150;3150;6.77;0.41;245.89;3.38;903;6;1076.00;0
2249;6;4837025;2249;326;3150;3150;6.73;0.41;246.04;3.38;901;6;1077.00;0
2250;6;4837036;2250;329;3150;3150;6.71;0.41;245.94;3.38;900;6;1078.00;0
2253;6;4837047;2253;338;3150;3150;6.67;0.41;245.97;3.38;897;6;1079.00;0
2256;6;4837059;2256;360;3219;3275;6.74;0.42;245.86;3.31;963;6;1080.00;56
2257;6;4837080;2257;350;3221;3276;6.78;0.42;245.78;3.31;964;6;1081.00;55
2260;6;4837092;2260;336;3232;3276;6.80;0.42;245.90;3.30;972;6;1082.00;44
2261;6;4837103;2261;333;3235;3276;6.88;0.42;246.00;3.30;974;6;1083.00;41
2263;7;4837114;2263;328;3241;3276;6.86;0.42;246.19;3.31;978;7;1084.00;35
2263;7;4837141;2263;326;3244;3276;6.85;0.42;246.19;3.31;981;7;1085.00;32
2267;7;4837152;2267;320;3251;3276;6.79;0.42;246.41;3.31;984;7;1086.00;25
2272;7;4837165;2272;325;3255;3276;6.77;0.42;246.41;3.32;983;7;1087.00;21
2272;7;4837182;2272;322;3258;3277;6.82;0.42;246.41;3.32;986;7;1088.00;19
2275;7;4837194;2275;321;3265;3278;6.79;0.42;246.55;3.33;990;7;1089.00;13
2278;7;4837210;2278;323;3267;3278;6.76;0.41;246.40;3.34;989;7;1090.00;11
2282;7;4837225;2282;325;3272;3282;6.74;0.41;246.27;3.34;990;7;1091.00;10
2284;7;4837238;2284;327;3274;3282;6.71;0.41;246.25;3.34;990;7;1092.00;8
2286;7;4837251;2286;323;3274;3282;6.58;0.40;246.35;3.34;988;7;1093.00;8
2289;7;4837263;2289;320;3275;3282;6.42;0.39;246.38;3.34;986;7;1094.00;7
2292;7;4837276;2292;323;3279;3288;6.36;0.39;246.46;3.34;987;7;1095.00;9
2295;7;4837290;2295;308;3281;3288;6.32;0.39;246.56;3.35;986;7;1096.00;7
2299;7;4837304;2299;308;3281;3288;6.31;0.38;246.58;3.35;982;7;1097.00;7
2302;7;4837316;2302;300;3284;3291;6.35;0.39;246.60;3.35;982;7;1098.00;7
2302;7;4837328;2302;294;3285;3291;6.42;0.39;246.60;3.35;983;7;1099.00;6
2303;7;4837340;2303;290;3285;3291;6.47;0.39;246.62;3.35;982;7;1100.00;6
2305;7;4837360;2305;291;3287;3292;6.51;0.40;246.64;3.35;982;7;1101.00;5
2306;7;4837372;2306;291;3288;3293;6.60;0.40;246.62;3.35;982;7;1102.00;5
2306;7;4837389;2306;290;3288;3293;6.68;0.41;246.62;3.35;982;7;1103.00;5
2309;7;4837406;2309;296;3298;3306;6.66;0.40;246.48;3.34;989;7;1104.00;8
2310;8;4837419;2310;293;3299;3306;6.75;0.41;246.41;3.34;989;8;1105.00;7
2313;8;4837440;2313;292;3301;3306;6.79;0.41;246.24;3.35;988;8;1106.00;5
2317;8;4837452;2317;287;3302;3307;6.81;0.41;246.49;3.35;985;8;1107.00;5
2317;8;4837464;2317;286;3302;3307;6.84;0.41;246.49;3.35;985;8;1108.00;5
2317;8;4837483;2317;290;3306;3311;6.89;0.42;246.49;3.36;989;8;1109.00;5
2319;8;4837502;2319;294;3307;3311;6.90;0.42;246.49;3.36;988;8;1110.00;4
2319;8;4837515;2319;287;3311;3315;6.93;0.42;246.49;3.36;992;8;1111.00;4
2319;8;4837526;2319;292;3311;3315;6.98;0.42;246.49;3.36;992;8;1112.00;4
2319;8;4837537;2319;298;3311;3315;6.97;0.42;246.49;3.36;992;8;1113.00;4
2319;8;4837549;2319;293;3311;3315;7.01;0.43;246.49;3.36;992;8;1114.00;4
2319;8;4837560;2319;294;3311;3315;7.02;0.43;246.49;3.36;992;8;1115.00;4
2322;8;4837570;2322;293;3321;3327;7.03;0.43;246.57;3.35;999;8;1116.00;6
2323;8;4837582;2323;296;3322;3327;7.05;0.43;246.56;3.35;999;8;1117.00;5
2324;8;4837593;2324;295;3322;3327;7.00;0.43;246.72;3.35;998;8;1118.00;5
2328;8;4837604;2328;299;3322;3327;6.96;0.42;247.12;3.35;994;8;1119.00;5
2328;8;4837616;2328;295;3323;3327;6.95;0.42;247.12;3.35;995;8;1120.00;4
2330;8;4837626;2330;295;3324;3327;6.94;0.42;247.43;3.36;994;8;1121.00;3
2333;8;4837637;2333;295;3325;3328;6.86;0.42;247.41;3.37;992;8;1122.00;3
2337;8;4837649;2337;292;3325;3328;6.80;0.41;247.48;3.37;988;8;1123.00;3
2340;9;4837660;2340;297;3331;3334;6.79;0.41;247.62;3.36;991;9;1124.00;3
2340;9;4837688;2340;296;3334;3336;6.78;0.41;247.62;3.36;994;9;1125.00;2
2343;9;4837699;2343;300;3334;3336;6.68;0.41;247.99;3.36;991;9;1126.00;2
2345;9;4837710;2345;299;3334;3336;6.62;0.40;247.96;3.36;989;9;1127.00;2
2346;9;4837721;2346;302;3338;3340;6.55;0.40;248.03;3.36;992;9;1128.00;2
2346;9;4837732;2346;306;3340;3340;6.56;0.40;248.03;3.36;994;9;1129.00;0
2352;9;4837742;2352;308;3340;3340;6.53;0.40;248.12;3.36;988;9;1130.00;0
2353;9;4837753;2353;309;3341;3341;6.51;0.40;248.06;3.36;988;9;1131.00;0
2355;9;4837764;2355;310;3345;3345;6.43;0.39;248.37;3.36;990;9;1132.00;0
2356;9;4837775;2356;314;3345;3345;6.43;0.39;248.50;3.36;989;9;1133.00;0
2358;9;4837786;2358;314;3347;3348;6.45;0.40;248.69;3.36;989;9;1134.00;1
2359;9;4837797;2359;323;3348;3348;6.44;0.39;248.68;3.36;989;9;1135.00;0
2361;9;4837807;2361;319;3348;3348;6.43;0.39;248.60;3.36;987;9;1136.00;0
2365;9;4837818;2365;316;3348;3348;6.43;0.39;248.79;3.36;983;9;1137.00;0
2366;9;4837830;2366;322;3352;3352;6.47;0.40;248.94;3.35;986;9;1138.00;0
2366;9;4837842;2366;314;3352;3352;6.47;0.40;248.94;3.35;986;9;1139.00;0
2371;9;4837854;2371;313;3352;3352;6.45;0.39;248.97;3.35;981;9;1140.00;0
2371;9;4837866;2371;308;3352;3352;6.48;0.40;248.97;3.35;981;9;1141.00;0
2374;9;4837877;2374;308;3353;3353;6.39;0.39;249.08;3.35;979;9;1142.00;0
2375;9;4837888;2375;301;3354;3354;6.40;0.39;249.05;3.35;979;9;1143.00;0
2378;9;4837898;2378;300;3354;3354;6.41;0.39;249.39;3.35;976;9;1144.00;0
2380;9;4837910;2380;296;3355;3355;6.44;0.39;249.31;3.35;975;9;1145.00;0
2382;9;4837921;2382;293;3355;3355;6.53;0.40;249.48;3.35;973;9;1146.00;0
2383;9;4837932;2383;291;3355;3355;6.57;0.40;249.40;3.35;972;9;1147.00;0
2390;9;4837942;2390;294;3355;3355;6.55;0.40;249.95;3.35;965;9;1148.00;0
2393;9;4837954;2393;285;3355;3355;6.55;0.40;249.98;3.35;962;9;1149.00;0
2397;9;4837968;2397;282;3355;3355;6.58;0.40;250.04;3.35;958;9;1150.00;0
2400;9;4837979;2400;280;3355;3355;6.59;0.40;250.55;3.35;955;9;1151.00;0
2400;9;4837993;2400;304;3438;3482;6.71;0.42;250.55;3.27;1038;9;1152.00;44
2404;9;4838018;2404;297;3441;3483;6.67;0.41;250.69;3.27;1037;9;1153.00;42
2409;9;4838029;2409;295;3447;3483;6.71;0.41;250.85;3.27;1038;9;1154.00;36
2412;9;4838040;2412;277;3450;3483;6.74;0.42;251.19;3.27;1038;9;1155.00;33
2412;9;4838052;2412;272;3456;3483;6.79;0.42;251.19;3.27;1044;9;1156.00;27
2417;9;4838063;2417;267;3456;3483;6.75;0.42;251.38;3.27;1039;9;1157.00;27
2423;9;4838075;2423;261;3459;3483;6.72;0.41;251.88;3.27;1036;9;1158.00;24
2424;10;4838086;2424;259;3460;3483;6.81;0.42;252.01;3.27;1036;10;1159.00;23
2431;10;4838113;2431;262;3462;3484;6.84;0.42;252.32;3.27;1031;10;1160.00;22
2434;10;4838126;2434;269;3465;3485;6.90;0.42;252.47;3.28;1031;10;1161.00;20
2438;10;4838138;2438;268;3466;3485;6.90;0.42;252.75;3.28;1028;10;1162.00;19
2444;10;4838152;2444;272;3468;3486;6.87;0.42;252.86;3.28;1024;10;1163.00;18
2448;10;4838165;2448;279;3472;3486;6.85;0.42;252.93;3.29;1024;10;1164.00;14
2449;10;4838177;2449;277;3472;3486;6.87;0.42;252.92;3.29;1023;10;1165.00;14
2453;10;4838189;2453;285;3474;3486;6.86;0.42;253.05;3.30;1021;10;1166.00;12
2457;10;4838202;2457;288;3479;3490;6.79;0.42;253.05;3.31;1022;10;1167.00;11
2461;10;4838216;2461;291;3479;3490;6.77;0.41;253.22;3.31;1018;10;1168.00;11
2466;10;4838230;2466;302;3482;3490;6.74;0.41;253.31;3.32;1016;10;1169.00;8
2471;10;4838246;2471;304;3487;3496;6.73;0.41;253.61;3.32;1016;10;1170.00;9
2475;10;4838261;2475;304;3487;3496;6.72;0.41;253.63;3.32;1012;10;1171.00;9
2479;10;4838276;2479;314;3491;3496;6.74;0.41;253.63;3.33;1012;10;1172.00;5
2483;10;4838290;2483;308;3495;3500;6.67;0.41;253.74;3.33;1012;10;1173.00;5
2486;10;4838309;2486;316;3497;3501;6.66;0.41;253.84;3.33;1011;10;1174.00;4
2490;10;4838323;2490;314;3498;3501;6.72;0.41;253.91;3.33;1008;10;1175.00;3
2494;10;4838336;2494;317;3502;3505;6.75;0.41;254.20;3.34;1008;10;1176.00;3
2498;10;4838348;2498;318;3505;3505;6.78;0.42;254.18;3.34;1007;10;1177.00;0
2503;10;4838360;2503;318;3505;3505;6.79;0.42;254.25;3.34;1002;10;1178.00;0
2510;10;4838378;2510;317;3506;3506;6.81;0.42;254.38;3.34;996;10;1179.00;0
2511;10;4838391;2511;316;3506;3506;6.87;0.42;254.46;3.34;995;10;1180.00;0
2518;10;4838402;2518;323;3512;3512;6.84;0.42;254.59;3.33;994;10;1181.00;0
2520;10;4838415;2520;324;3512;3512;6.83;0.42;254.74;3.33;992;10;1182.00;0
2528;10;4838428;2528;329;3513;3513;6.68;0.41;255.32;3.33;985;10;1183.00;0
2533;10;4838442;2533;336;3513;3513;6.58;0.40;255.41;3.33;980;10;1184.00;0
2536;10;4838454;2536;337;3513;3513;6.52;0.40;255.54;3.33;977;10;1185.00;0
2543;10;4838465;2543;338;3513;3513;6.42;0.39;255.87;3.33;970;10;1186.00;0
2548;10;4838476;2548;348;3513;3513;6.34;0.39;256.06;3.33;965;10;1187.00;0
2552;10;4838488;2552;344;3523;3525;6.41;0.39;256.30;3.32;971;10;1188.00;2
2555;10;4838500;2555;349;3523;3525;6.38;0.39;256.48;3.32;968;10;1189.00;2
2562;10;4838511;2562;351;3525;3525;6.31;0.38;256.57;3.32;963;10;1190.00;0
2564;10;4838522;2564;358;3525;3525;6.29;0.38;256.76;3.32;961;10;1191.00;0
2565;10;4838533;2565;356;3525;3525;6.26;0.38;256.86;3.32;960;10;1192.00;0
2567;10;4838544;2567;370;3525;3525;6.21;0.38;256.86;3.32;958;10;1193.00;0
2572;10;4838555;2572;374;3529;3529;6.21;0.38;257.17;3.32;957;10;1194.00;0
2574;10;4838566;2574;379;3529;3529;6.17;0.38;257.34;3.32;955;10;1195.00;0
2574;10;4838576;2574;382;3533;3533;6.19;0.38;257.34;3.32;959;10;1196.00;0
2578;10;4838586;2578;387;3534;3534;6.08;0.37;257.52;3.32;956;10;1197.00;0
2581;10;4838597;2581;398;3534;3534;6.01;0.37;257.61;3.32;953;10;1198.00;0
2583;10;4838608;2583;406;3534;3534;5.95;0.37;257.69;3.32;951;10;1199.00;0
2586;10;4838622;2586;425;3562;3575;5.96;0.37;257.67;3.29;976;10;1200.00;13
2590;10;4838645;2590;430;3563;3575;5.88;0.36;257.92;3.29;973;10;1201.00;12
2592;10;4838657;2592;427;3566;3575;5.81;0.36;257.83;3.29;974;10;1202.00;9
2595;10;4838669;2595;424;3567;3576;5.74;0.35;258.09;3.29;972;10;1203.00;9
2598;10;4838680;2598;426;3568;3577;5.75;0.35;258.06;3.29;970;10;1204.00;9
2599;10;4838692;2599;421;3568;3577;5.81;0.36;258.16;3.29;969;10;1205.00;9
2604;10;4838703;2604;420;3572;3580;5.81;0.36;258.33;3.29;968;10;1206.00;8
2606;10;4838714;2606;412;3572;3580;5.86;0.36;258.46;3.29;966;10;1207.00;8
2608;10;4838726;2608;414;3575;3580;5.86;0.36;258.48;3.29;967;10;1208.00;5
2614;10;4838740;2614;405;3575;3580;5.83;0.36;258.67;3.29;961;10;1209.00;5
2615;10;4838755;2615;407;3580;3586;5.85;0.36;258.62;3.29;965;10;1210.00;6
2618;10;4838771;2618;402;3581;3586;5.90;0.36;258.78;3.29;963;10;1211.00;5
2620;10;4838782;2620;402;3582;3586;5.98;0.37;258.63;3.29;962;10;1212.00;4
2623;10;4838793;2623;405;3583;3586;6.03;0.37;258.56;3.29;960;10;1213.00;3
2624;10;4838814;2624;406;3587;3590;6.12;0.38;258.57;3.29;963;10;1214.00;3
2630;10;4838825;2630;405;3589;3592;6.15;0.38;258.66;3.29;959;10;1215.00;3
2632;10;4838843;2632;407;3589;3592;6.17;0.38;258.70;3.29;957;10;1216.00;3
2634;10;4838854;2634;405;3590;3593;6.24;0.38;258.77;3.29;956;10;1217.00;3
2635;10;4838865;2635;409;3590;3593;6.31;0.39;258.72;3.29;955;10;1218.00;3
2636;10;4838876;2636;412;3591;3593;6.31;0.39;258.73;3.29;955;10;1219.00;2
2638;10;4838888;2638;412;3591;3593;6.28;0.38;258.78;3.29;953;10;1220.00;2
2639;10;4838900;2639;423;3591;3593;6.26;0.38;258.76;3.29;952;10;1221.00;2
2641;10;4838911;2641;416;3591;3593;6.22;0.38;258.64;3.29;950;10;1222.00;2
2642;10;4838922;2642;421;3591;3593;6.16;0.38;258.73;3.29;949;10;1223.00;2
2644;10;4838932;2644;430;3634;3663;6.23;0.38;258.79;3.25;990;10;1224.00;29
2644;10;4838948;2644;427;3636;3664;6.26;0.39;258.79;3.26;992;10;1225.00;28
2645;10;4838960;2645;415;3643;3664;6.34;0.39;258.72;3.25;998;10;1226.00;21
2648;10;4838972;2648;417;3644;3664;6.30;0.39;258.69;3.25;996;10;1227.00;20
2649;10;4838984;2649;413;3648;3666;6.27;0.39;258.73;3.25;999;10;1228.00;18
2652;10;4838995;2652;423;3649;3666;6.25;0.39;258.61;3.25;997;10;1229.00;17
2654;10;4839008;2654;422;3654;3666;6.23;0.38;258.59;3.26;1000;10;1230.00;12
2658;10;4839019;2658;422;3657;3666;6.26;0.38;258.59;3.27;999;10;1231.00;9
2660;10;4839030;2660;431;3660;3667;6.26;0.38;258.64;3.27;1000;10;1232.00;7
2661;10;4839042;2661;431;3663;3668;6.27;0.38;258.56;3.28;1002;10;1233.00;5
2665;10;4839053;2665;431;3665;3668;6.19;0.38;258.55;3.28;1000;10;1234.00;3
2667;10;4839064;2667;435;3670;3672;6.14;0.38;258.43;3.28;1003;10;1235.00;2
2668;10;4839076;2668;435;3671;3672;6.09;0.37;258.42;3.28;1003;10;1236.00;1
2672;10;4839087;2672;435;3671;3672;6.03;0.37;258.37;3.28;999;10;1237.00;1
2676;10;4839098;2676;434;3671;3672;5.95;0.36;258.59;3.28;995;10;1238.00;1
2679;10;4839112;2679;435;3676;3678;5.91;0.36;258.71;3.27;997;10;1239.00;2
2679;10;4839134;2679;440;3676;3678;5.93;0.36;258.71;3.27;997;10;1240.00;2
2681;10;4839146;2681;438;3676;3678;5.89;0.36;258.79;3.27;995;10;1241.00;2
2683;10;4839160;2683;446;3678;3681;5.87;0.36;258.85;3.27;995;10;1242.00;3
2683;10;4839179;2683;434;3678;3681;5.83;0.36;258.85;3.27;995;10;1243.00;3
2684;10;4839192;2684;424;3679;3681;5.87;0.36;258.86;3.27;995;10;1244.00;2
2684;10;4839207;2684;409;3680;3682;5.94;0.36;258.86;3.27;996;10;1245.00;2
2686;10;4839221;2686;400;3681;3683;6.01;0.37;258.81;3.27;995;10;1246.00;2
2689;10;4839234;2689;389;3681;3683;6.07;0.37;258.68;3.27;992;10;1247.00;2
2690;10;4839247;2690;381;3691;3696;6.10;0.37;258.59;3.26;1001;10;1248.00;5
2694;10;4839262;2694;369;3692;3696;6.10;0.37;258.80;3.26;998;10;1249.00;4
2695;10;4839277;2695;358;3692;3696;6.14;0.37;258.71;3.26;997;10;1250.00;4
2700;10;4839291;2700;349;3693;3697;6.17;0.37;258.98;3.26;993;10;1251.00;4
2700;10;4839312;2700;336;3695;3697;6.24;0.38;258.98;3.27;995;10;1252.00;2
2703;10;4839327;2703;334;3698;3701;6.35;0.38;259.13;3.27;995;10;1253.00;3
2706;10;4839342;2706;324;3698;3701;6.42;0.39;259.22;3.27;992;10;1254.00;3
2709;10;4839356;2709;317;3701;3705;6.53;0.39;259.36;3.26;992;10;1255.00;4
2711;10;4839371;2711;305;3701;3705;6.67;0.40;259.44;3.26;990;10;1256.00;4
2712;10;4839383;2712;297;3701;3705;6.73;0.41;259.49;3.26;989;10;1257.00;4
2715;10;4839404;2715;294;3701;3705;6.78;0.41;259.51;3.26;986;10;1258.00;4
2717;10;4839415;2717;294;3702;3705;6.84;0.41;259.56;3.26;985;10;1259.00;3
2718;10;4839433;2718;284;3726;3739;6.94;0.42;259.51;3.24;1008;10;1260.00;13
2721;10;4839449;2721;283;3727;3739;6.99;0.42;259.67;3.24;1006;10;1261.00;12
2723;10;4839465;2723;278;3728;3739;7.04;0.43;259.69;3.24;1005;10;1262.00;11
2725;10;4839479;2725;274;3729;3739;7.06;0.43;259.74;3.25;1004;10;1263.00;10
2729;10;4839494;2729;271;3732;3739;7.09;0.43;259.93;3.25;1003;10;1264.00;7
2730;10;4839507;2730;272;3732;3739;7.17;0.43;259.88;3.25;1002;10;1265.00;7
2735;10;4839522;2735;267;3732;3740;7.13;0.43;260.00;3.25;997;10;1266.00;8
2738;10;4839536;2738;262;3733;3740;7.07;0.43;260.00;3.25;995;10;1267.00;7
2741;10;4839549;2741;254;3737;3746;7.08;0.43;259.90;3.25;996;10;1268.00;9
2743;10;4839564;2743;257;3739;3747;7.10;0.43;259.93;3.25;996;10;1269.00;8
2746;10;4839578;2746;253;3740;3747;7.14;0.43;259.96;3.25;994;10;1270.00;7
2747;10;4839592;2747;246;3741;3747;7.18;0.43;260.07;3.26;994;10;1271.00;6
2749;10;4839607;2749;248;3745;3751;7.21;0.44;260.31;3.26;996;10;1272.00;6
2753;10;4839621;2753;247;3746;3751;7.18;0.43;260.41;3.26;993;10;1273.00;5
2754;10;4839636;2754;248;3746;3751;7.19;0.44;260.51;3.26;992;10;1274.00;5
2757;10;4839648;2757;240;3747;3752;7.24;0.44;260.85;3.26;990;10;1275.00;5
2759;10;4839663;2759;245;3750;3756;7.27;0.44;260.83;3.25;991;10;1276.00;6
2762;10;4839677;2762;232;3750;3756;7.30;0.44;261.04;3.25;988;10;1277.00;6
2762;10;4839692;2762;235;3752;3759;7.41;0.45;261.04;3.25;990;10;1278.00;7
2764;10;4839707;2764;233;3754;3759;7.47;0.45;261.22;3.26;990;10;1279.00;5
2767;10;4839721;2767;225;3754;3759;7.53;0.46;261.33;3.26;987;10;1280.00;5
2768;10;4839736;2768;224;3754;3759;7.61;0.46;261.48;3.26;986;10;1281.00;5
2771;10;4839749;2771;220;3759;3763;7.70;0.47;261.50;3.26;988;10;1282.00;4
2772;10;4839765;2772;216;3759;3763;7.79;0.47;261.65;3.26;987;10;1283.00;4
2775;10;4839779;2775;212;3759;3763;7.84;0.47;261.79;3.26;984;10;1284.00;4
2776;10;4839796;2776;211;3760;3763;7.82;0.47;261.84;3.26;984;10;1285.00;3
2779;10;4839810;2779;210;3761;3764;7.76;0.47;261.84;3.27;982;10;1286.00;3
2782;10;4839825;2782;213;3763;3765;7.68;0.46;262.02;3.27;981;10;1287.00;2
2782;10;4839839;2782;220;3763;3765;7.59;0.46;262.02;3.27;981;10;1288.00;2
2785;10;4839853;2785;229;3766;3766;7.55;0.46;262.32;3.27;981;10;1289.00;0
2786;10;4839869;2786;235;3766;3766;7.54;0.46;262.49;3.27;980;10;1290.00;0
2788;10;4839882;2788;236;3766;3766;7.48;0.45;262.62;3.27;978;10;1291.00;0
2789;10;4839896;2789;238;3766;3766;7.49;0.45;262.74;3.27;977;10;1292.00;0
2792;10;4839909;2792;241;3766;3766;7.49;0.45;262.86;3.27;974;10;1293.00;0
2793;10;4839925;2793;247;3766;3766;7.42;0.45;263.01;3.27;973;10;1294.00;0
2794;10;4839937;2794;252;3766;3766;7.36;0.45;262.99;3.27;972;10;1295.00;0
2797;10;4839948;2797;275;3843;3893;7.49;0.46;263.19;3.21;1046;10;1296.00;50
2798;10;4839976;2798;277;3848;3894;7.45;0.46;263.38;3.21;1050;10;1297.00;46
2802;10;4839992;2802;270;3856;3894;7.40;0.46;263.53;3.20;1054;10;1298.00;38
2804;10;4840006;2804;269;3858;3894;7.35;0.45;263.73;3.20;1054;10;1299.00;36
2808;10;4840024;2808;275;3864;3894;7.32;0.45;264.05;3.20;1056;10;1300.00;30
2812;10;4840042;2812;277;3865;3894;7.21;0.44;264.06;3.20;1053;10;1301.00;29
2813;10;4840058;2813;278;3867;3894;7.15;0.44;264.13;3.21;1054;10;1302.00;27
2816;10;4840073;2816;279;3870;3894;7.15;0.44;264.45;3.21;1054;10;1303.00;24
2818;10;4840093;2818;278;3873;3895;7.16;0.44;264.50;3.21;1055;10;1304.00;22
2819;10;4840107;2819;274;3877;3897;7.19;0.44;264.58;3.22;1058;10;1305.00;20
2820;10;4840124;2820;268;3881;3897;7.17;0.44;264.54;3.22;1061;10;1306.00;16
2827;10;4840138;2827;269;3885;3898;7.19;0.44;264.70;3.23;1058;10;1307.00;13
2834;10;4840151;2834;275;3888;3898;7.16;0.44;265.02;3.24;1054;10;1308.00;10
2838;10;4840167;2838;273;3889;3898;7.17;0.44;264.99;3.24;1051;10;1309.00;9
2841;10;4840181;2841;280;3891;3898;7.19;0.44;265.27;3.24;1050;10;1310.00;7
2846;10;4840197;2846;283;3895;3902;7.21;0.44;265.58;3.25;1049;10;1311.00;7
2848;10;4840212;2848;285;3897;3902;7.17;0.44;265.65;3.25;1049;10;1312.00;5
2851;10;4840229;2851;294;3898;3902;7.09;0.44;265.85;3.25;1047;10;1313.00;4
2856;10;4840243;2856;301;3900;3905;7.06;0.43;266.11;3.25;1044;10;1314.00;5
2859;10;4840260;2859;305;3901;3905;7.05;0.43;266.37;3.26;1042;10;1315.00;4
2861;10;4840275;2861;309;3901;3905;7.01;0.43;266.46;3.26;1040;10;1316.00;4
2866;10;4840291;2866;313;3907;3909;6.86;0.42;266.66;3.26;1041;10;1317.00;2
2868;10;4840305;2868;313;3908;3910;6.85;0.42;266.65;3.26;1040;10;1318.00;2
2871;10;4840319;2871;317;3908;3910;6.77;0.41;266.96;3.26;1037;10;1319.00;2
2876;10;4840336;2876;307;3913;3915;6.68;0.41;267.25;3.26;1037;10;1320.00;2
2882;10;4840353;2882;297;3914;3915;6.55;0.40;267.35;3.26;1032;10;1321.00;1
2884;10;4840369;2884;292;3915;3915;6.46;0.40;267.37;3.26;1031;10;1322.00;0
2887;10;4840390;2887;291;3916;3916;6.45;0.40;267.30;3.26;1029;10;1323.00;0
2893;10;4840405;2893;288;3916;3916;6.41;0.39;267.31;3.26;1023;10;1324.00;0
2896;10;4840426;2896;288;3922;3922;6.45;0.40;267.37;3.25;1026;10;1325.00;0
2899;10;4840441;2899;296;3922;3922;6.48;0.40;267.42;3.25;1023;10;1326.00;0
2902;10;4840457;2902;291;3923;3923;6.44;0.40;267.35;3.25;1021;10;1327.00;0
2903;10;4840472;2903;292;3923;3923;6.41;0.39;267.36;3.25;1020;10;1328.00;0
2906;10;4840485;2906;298;3923;3923;6.36;0.39;267.26;3.25;1017;10;1329.00;0
2910;10;4840497;2910;301;3923;3923;6.32;0.39;267.12;3.25;1013;10;1330.00;0
2911;10;4840512;2911;305;3923;3923;6.27;0.39;267.10;3.25;1012;10;1331.00;0
2917;10;4840526;2917;310;3934;3935;6.22;0.38;267.24;3.24;1017;10;1332.00;1
2920;10;4840542;2920;317;3934;3935;6.18;0.38;267.39;3.24;1014;10;1333.00;1
2926;10;4840557;2926;331;3935;3935;6.17;0.38;267.38;3.24;1009;10;1334.00;0
2931;10;4840571;2931;334;3935;3935;6.13;0.38;267.49;3.24;1004;10;1335.00;0
2936;10;4840585;2936;342;3935;3935;6.13;0.37;267.76;3.24;999;10;1336.00;0
2941;10;4840598;2941;336;3935;3935;6.12;0.37;267.89;3.24;994;10;1337.00;0
2944;10;4840613;2944;346;3939;3939;6.17;0.38;267.89;3.24;995;10;1338.00;0
2950;10;4840627;2950;347;3939;3939;6.12;0.38;267.96;3.24;989;10;1339.00;0
2954;10;4840640;2954;348;3943;3943;6.17;0.38;268.21;3.24;989;10;1340.00;0
2957;10;4840652;2957;355;3943;3944;6.15;0.38;268.17;3.24;986;10;1341.00;1
2961;10;4840664;2961;356;3944;3944;6.06;0.37;268.28;3.24;983;10;1342.00;0
2963;10;4840675;2963;365;3944;3944;6.03;0.37;268.15;3.24;981;10;1343.00;0
2968;10;4840686;2968;372;3956;3957;6.10;0.37;268.48;3.23;988;10;1344.00;1
2972;10;4840699;2972;380;3956;3957;6.05;0.37;268.84;3.23;984;10;1345.00;1
2976;10;4840709;2976;381;3957;3957;6.07;0.37;268.68;3.23;981;10;1346.00;0
2984;10;4840720;2984;386;3958;3958;5.97;0.36;268.87;3.23;974;10;1347.00;0
2985;10;4840734;2985;396;3959;3959;5.88;0.36;268.92;3.23;974;10;1348.00;0
2988;10;4840748;2988;394;3959;3959;5.80;0.36;268.89;3.23;971;10;1349.00;0
2989;10;4840761;2989;400;3965;3968;5.80;0.36;268.82;3.22;976;10;1350.00;3
2993;10;4840776;2993;401;3965;3968;5.80;0.36;269.01;3.22;972;10;1351.00;3
2998;10;4840786;2998;404;3967;3968;5.84;0.36;269.13;3.22;969;10;1352.00;1
2998;10;4840797;2998;409;3967;3968;5.86;0.36;269.13;3.22;969;10;1353.00;1
3003;10;4840808;3003;409;3973;3974;5.87;0.36;269.45;3.22;970;10;1354.00;1
3008;10;4840819;3008;408;3974;3974;5.82;0.36;269.67;3.22;966;10;1355.00;0
3013;10;4840829;3013;414;3974;3974;5.78;0.36;270.00;3.22;961;10;1356.00;0
3019;10;4840840;3019;414;3974;3974;5.71;0.35;270.20;3.22;955;10;1357.00;0
3022;10;4840850;3022;418;3978;3978;5.70;0.35;270.20;3.22;956;10;1358.00;0
3026;10;4840861;3026;422;3979;3979;5.68;0.35;270.28;3.22;953;10;1359.00;0
3033;10;4840871;3033;424;3979;3979;5.64;0.35;270.20;3.22;946;10;1360.00;0
3039;10;4840882;3039;427;3980;3980;5.54;0.34;270.36;3.22;941;10;1361.00;0
3044;10;4840893;3044;431;3980;3980;5.47;0.33;270.16;3.22;936;10;1362.00;0
3045;10;4840903;3045;431;3980;3980;5.45;0.33;270.24;3.22;935;10;1363.00;0
3046;10;4840918;3046;436;3980;3980;5.38;0.33;270.17;3.22;934;10;1364.00;0
3047;10;4840928;3047;445;3980;3980;5.35;0.33;270.20;3.22;933;10;1365.00;0
3050;10;4840938;3050;442;3980;3980;5.29;0.32;270.24;3.22;930;10;1366.00;0
3054;10;4840948;3054;435;3980;3980;5.26;0.32;270.27;3.22;926;10;1367.00;0
3056;10;4840958;3056;443;4024;4050;5.54;0.34;270.32;3.18;968;10;1368.00;26
3062;10;4840973;3062;430;4026;4051;5.52;0.34;270.19;3.18;964;10;1369.00;25
3062;10;4840984;3062;426;4033;4051;5.64;0.35;270.19;3.18;971;10;1370.00;18
3064;10;4840994;3064;427;4036;4051;5.71;0.35;270.18;3.18;972;10;1371.00;15
3066;10;4841005;3066;426;4038;4051;5.76;0.35;270.25;3.18;972;10;1372.00;13
3067;10;4841016;3067;431;4040;4051;5.82;0.36;270.19;3.18;973;10;1373.00;11
3068;10;4841028;3068;433;4043;4051;5.90;0.36;270.31;3.18;975;10;1374.00;8
3069;10;4841041;3069;437;4045;4051;5.92;0.36;270.33;3.18;976;10;1375.00;6
3070;10;4841054;3070;427;4047;4052;5.95;0.36;270.36;3.18;977;10;1376.00;5
3072;10;4841066;3072;414;4048;4053;5.93;0.36;270.25;3.19;976;10;1377.00;5
3072;10;4841079;3072;410;4050;4053;5.94;0.36;270.25;3.19;978;10;1378.00;3
3074;10;4841092;3074;410;4056;4057;5.98;0.36;270.21;3.19;982;10;1379.00;1
3075;10;4841105;3075;408;4057;4057;6.03;0.37;270.37;3.19;982;10;1380.00;0
3075;10;4841116;3075;413;4057;4057;6.06;0.37;270.37;3.19;982;10;1381.00;0
3075;10;4841127;3075;408;4057;4057;6.14;0.38;270.37;3.19;982;10;1382.00;0
3079;10;4841138;3079;412;4063;4063;6.14;0.38;270.30;3.19;984;10;1383.00;0
3080;10;4841151;3080;412;4063;4063;6.15;0.38;270.30;3.19;983;10;1384.00;0
3081;10;4841162;3081;417;4063;4063;6.19;0.38;270.29;3.19;982;10;1385.00;0
3082;10;4841173;3082;420;4065;4066;6.24;0.38;270.30;3.18;983;10;1386.00;1
3084;10;4841185;3084;424;4065;4066;6.26;0.38;270.34;3.18;981;10;1387.00;1
3085;10;4841196;3085;422;4066;4066;6.26;0.38;270.36;3.18;981;10;1388.00;0
3088;10;4841207;3088;429;4067;4067;6.23;0.38;270.35;3.18;979;10;1389.00;0
3089;10;4841218;3089;413;4068;4068;6.30;0.38;270.36;3.18;979;10;1390.00;0
3089;10;4841229;3089;404;4068;4068;6.38;0.39;270.36;3.18;979;10;1391.00;0
3091;10;4841241;3091;404;4080;4081;6.49;0.40;270.41;3.17;989;10;1392.00;1
3096;10;4841283;3096;396;4081;4081;6.51;0.40;270.21;3.17;985;10;1393.00;0
3097;10;4841300;3097;398;4081;4081;6.54;0.40;270.25;3.17;984;10;1394.00;0
3097;10;4841312;3097;394;4083;4083;6.63;0.40;270.25;3.17;986;10;1395.00;0
3101;10;4841324;3101;392;4083;4083;6.64;0.40;270.22;3.17;982;10;1396.00;0
3106;10;4841341;3106;393;4087;4087;6.71;0.41;270.18;3.17;981;10;1397.00;0
3106;10;4841353;3106;390;4087;4087;6.78;0.41;270.18;3.17;981;10;1398.00;0
3106;10;4841364;3106;389;4091;4091;6.81;0.41;270.18;3.17;985;10;1399.00;0
3108;10;4841377;3108;388;4091;4091;6.86;0.42;270.21;3.17;983;10;1400.00;0
3109;10;4841391;3109;383;4091;4091;6.91;0.42;270.22;3.17;982;10;1401.00;0
3110;10;4841407;3110;381;4091;4091;6.93;0.42;270.15;3.17;981;10;1402.00;0
3112;10;4841418;3112;372;4091;4091;6.95;0.42;270.19;3.17;979;10;1403.00;0
3114;10;4841429;3114;373;4102;4103;7.02;0.43;270.25;3.16;988;10;1404.00;1
3116;10;4841441;3116;376;4102;4103;7.02;0.43;270.22;3.16;986;10;1405.00;1
3118;10;4841454;3118;371;4103;4103;7.02;0.42;270.26;3.16;985;10;1406.00;0
3119;10;4841466;3119;368;4103;4103;7.06;0.43;270.19;3.16;984;10;1407.00;0
3119;10;4841476;3119;367;4103;4103;7.08;0.43;270.19;3.16;984;10;1408.00;0
3122;10;4841488;3122;365;4103;4103;7.10;0.43;270.27;3.16;981;10;1409.00;0
3123;10;4841500;3123;358;4104;4104;7.15;0.43;270.30;3.16;981;10;1410.00;0
3125;10;4841512;3125;346;4104;4104;7.13;0.43;270.32;3.16;979;10;1411.00;0
3127;10;4841523;3127;340;4110;4110;7.13;0.43;270.39;3.15;983;10;1412.00;0
3130;10;4841540;3130;332;4111;4111;7.11;0.43;270.61;3.15;981;10;1413.00;0
3131;10;4841551;3131;322;4111;4111;7.11;0.43;270.57;3.15;980;10;1414.00;0
3132;10;4841562;3132;309;4111;4111;7.08;0.43;270.64;3.15;979;10;1415.00;0
3136;10;4841573;3136;304;4115;4115;7.05;0.43;270.79;3.15;979;10;1416.00;0
3141;10;4841584;3141;305;4115;4115;7.06;0.43;270.90;3.15;974;10;1417.00;0
3144;10;4841596;3144;301;4115;4115;7.14;0.43;271.07;3.15;971;10;1418.00;0
3147;10;4841607;3147;289;4116;4116;7.19;0.43;271.35;3.15;969;10;1419.00;0
3152;10;4841617;3152;289;4120;4120;7.21;0.44;271.63;3.15;968;10;1420.00;0
3153;10;4841628;3153;285;4120;4120;7.33;0.44;271.65;3.15;967;10;1421.00;0
3157;10;4841639;3157;275;4122;4123;7.38;0.45;271.89;3.15;965;10;1422.00;1
3158;10;4841651;3158;272;4123;4123;7.44;0.45;271.97;3.15;965;10;1423.00;0
3163;10;4841661;3163;263;4123;4123;7.49;0.45;272.01;3.15;960;10;1424.00;0
3166;10;4841673;3166;260;4123;4123;7.56;0.46;272.28;3.15;957;10;1425.00;0
3170;10;4841684;3170;256;4127;4127;7.64;0.46;272.35;3.14;957;10;1426.00;0
3174;10;4841696;3174;251;4127;4127;7.68;0.46;272.52;3.14;953;10;1427.00;0
3179;10;4841707;3179;251;4127;4127;7.69;0.46;272.78;3.14;948;10;1428.00;0
3180;10;4841718;3180;249;4127;4127;7.68;0.46;272.94;3.14;947;10;1429.00;0
3182;10;4841730;3182;248;4128;4128;7.60;0.46;273.09;3.14;946;10;1430.00;0
3182;10;4841746;3182;244;4129;4129;7.61;0.46;273.09;3.14;947;10;1431.00;0
3185;10;4841757;3185;248;4129;4129;7.56;0.46;273.11;3.14;944;10;1432.00;0
3187;10;4841768;3187;252;4130;4130;7.57;0.46;273.33;3.14;943;10;1433.00;0
3189;10;4841779;3189;244;4130;4130;7.58;0.46;273.34;3.14;941;10;1434.00;0
3194;10;4841790;3194;241;4130;4130;7.59;0.46;273.47;3.14;936;10;1435.00;0
3196;10;4841801;3196;238;4130;4130;7.61;0.46;273.52;3.14;934;10;1436.00;0
3199;10;4841813;3199;231;4130;4130;7.56;0.46;273.66;3.14;931;10;1437.00;0
3199;10;4841823;3199;230;4130;4130;7.61;0.46;273.66;3.14;931;10;1438.00;0
3200;10;4841834;3200;231;4130;4130;7.64;0.46;273.81;3.14;930;10;1439.00;0
3201;10;4841846;3201;270;4237;4360;7.79;0.48;273.95;3.06;1036;10;1440.00;123
3201;10;4841875;3201;266;4242;4361;7.79;0.48;273.95;3.06;1041;10;1441.00;119
3205;10;4841887;3205;251;4253;4361;7.87;0.49;274.11;3.06;1048;10;1442.00;108
3206;10;4841899;3206;244;4259;4361;7.92;0.49;274.26;3.06;1053;10;1443.00;102
3208;10;4841909;3208;245;4268;4361;7.95;0.49;274.33;3.06;1060;10;1444.00;93
3208;10;4841921;3208;237;4275;4361;7.96;0.49;274.33;3.06;1067;10;1445.00;86
3209;10;4841932;3209;238;4283;4361;7.98;0.49;274.48;3.07;1074;10;1446.00;78
3211;10;4841943;3211;233;4290;4361;8.01;0.49;274.63;3.08;1079;10;1447.00;71
3213;10;4841955;3213;243;4299;4362;8.08;0.50;274.60;3.09;1086;10;1448.00;63
3215;10;4841968;3215;240;4302;4363;8.12;0.50;274.60;3.09;1087;10;1449.00;61
3218;10;4841980;3218;242;4309;4363;8.08;0.50;274.63;3.10;1091;10;1450.00;54
3221;10;4841992;3221;249;4314;4364;7.99;0.49;274.54;3.11;1093;10;1451.00;50
3225;10;4842003;3225;250;4319;4364;7.90;0.49;274.73;3.12;1094;10;1452.00;45
3227;10;4842016;3227;253;4326;4364;7.80;0.48;274.63;3.14;1099;10;1453.00;38
3232;10;4842028;3232;258;4328;4364;7.68;0.47;274.73;3.14;1096;10;1454.00;36
3234;10;4842041;3234;261;4332;4368;7.62;0.47;274.65;3.15;1098;10;1455.00;36
3239;10;4842061;3239;265;4337;4368;7.58;0.47;274.82;3.16;1098;10;1456.00;31
3244;10;4842075;3244;272;4339;4368;7.55;0.46;274.96;3.16;1095;10;1457.00;29
3245;10;4842088;3245;274;4344;4371;7.53;0.46;275.09;3.18;1099;10;1458.00;27
3250;10;4842102;3250;284;4347;4371;7.46;0.46;275.02;3.19;1097;10;1459.00;24
3253;10;4842116;3253;296;4351;4371;7.44;0.46;275.15;3.20;1098;10;1460.00;20
3255;10;4842129;3255;304;4356;4375;7.35;0.45;275.31;3.21;1101;10;1461.00;19
3255;10;4842142;3255;306;4359;4376;7.38;0.45;275.31;3.21;1104;10;1462.00;17
3259;10;4842154;3259;316;4363;4376;7.38;0.45;275.38;3.23;1104;10;1463.00;13
3263;10;4842167;3263;315;4367;4380;7.39;0.45;275.44;3.24;1104;10;1464.00;13
3265;10;4842180;3265;323;4368;4380;7.38;0.45;275.50;3.24;1103;10;1465.00;12
3269;10;4842193;3269;328;4370;4380;7.32;0.45;275.61;3.24;1101;10;1466.00;10
3274;10;4842206;3274;333;4370;4381;7.28;0.45;275.82;3.24;1096;10;1467.00;11
3277;10;4842219;3277;336;4371;4381;7.23;0.44;275.80;3.24;1094;10;1468.00;10
3282;10;4842232;3282;328;4376;4387;7.20;0.44;275.76;3.24;1094;10;1469.00;11
3282;10;4842248;3282;322;4378;4387;7.14;0.44;275.76;3.25;1096;10;1470.00;9
3283;10;4842260;3283;326;4379;4388;7.04;0.43;275.89;3.25;1096;10;1471.00;9
3287;10;4842275;3287;327;4381;4388;6.98;0.43;276.16;3.27;1094;10;1472.00;7
3290;10;4842288;3290;323;4381;4388;6.94;0.42;276.00;3.27;1091;10;1473.00;7
3294;10;4842301;3294;327;4381;4388;6.92;0.42;276.17;3.27;1087;10;1474.00;7
3295;10;4842313;3295;320;4383;4388;6.93;0.42;276.33;3.27;1088;10;1475.00;5
3295;10;4842325;3295;329;4393;4400;6.95;0.42;276.33;3.27;1098;10;1476.00;7
3299;10;4842339;3299;330;4394;4400;6.92;0.42;276.53;3.27;1095;10;1477.00;6
3302;10;4842350;3302;338;4397;4400;6.88;0.42;276.81;3.27;1095;10;1478.00;3
3303;10;4842362;3303;336;4397;4400;6.83;0.42;276.93;3.27;1094;10;1479.00;3
3305;10;4842379;3305;346;4398;4400;6.77;0.41;276.97;3.27;1093;10;1480.00;2
3307;10;4842391;3307;350;4398;4400;6.73;0.41;277.18;3.27;1091;10;1481.00;2
3308;10;4842402;3308;351;4402;4404;6.64;0.41;277.16;3.27;1094;10;1482.00;2
3311;10;4842413;3311;357;4402;4404;6.56;0.40;277.26;3.27;1091;10;1483.00;2
3314;10;4842424;3314;364;4406;4408;6.49;0.40;277.25;3.27;1092;10;1484.00;2
3318;10;4842440;3318;350;4408;4410;6.37;0.39;277.36;3.27;1090;10;1485.00;2
3321;10;4842452;3321;349;4408;4410;6.28;0.39;277.41;3.27;1087;10;1486.00;2
3324;10;4842463;3324;351;4408;4410;6.21;0.38;277.41;3.27;1084;10;1487.00;2
3331;10;4842474;3331;350;4421;4423;6.18;0.38;277.71;3.26;1090;10;1488.00;2
3338;10;4842486;3338;351;4421;4423;6.15;0.38;277.77;3.26;1083;10;1489.00;2
3343;10;4842498;3343;353;4421;4423;6.10;0.37;277.89;3.26;1078;10;1490.00;2
3346;10;4842509;3346;359;4422;4424;6.09;0.37;277.90;3.26;1076;10;1491.00;2
3351;10;4842520;3351;358;4423;4425;5.99;0.37;278.05;3.26;1072;10;1492.00;2
3354;10;4842531;3354;360;4423;4425;6.00;0.37;278.13;3.26;1069;10;1493.00;2
3357;10;4842542;3357;361;4425;4428;5.99;0.37;278.04;3.26;1068;10;1494.00;3
3362;10;4842553;3362;361;4425;4428;5.95;0.37;278.29;3.26;1063;10;1495.00;3
3364;10;4842564;3364;368;4426;4428;5.92;0.36;278.26;3.25;1062;10;1496.00;2
3368;10;4842575;3368;363;4426;4428;5.84;0.36;278.19;3.25;1058;10;1497.00;2
3369;10;4842585;3369;369;4431;4434;5.90;0.36;278.18;3.25;1062;10;1498.00;3
3373;10;4842597;3373;370;4431;4434;5.84;0.36;278.24;3.25;1058;10;1499.00;3
3377;10;4842610;3377;390;4437;4453;5.79;0.36;278.09;3.25;1060;10;1500.00;16
3383;10;4842628;3383;394;4437;4453;5.76;0.35;278.00;3.25;1054;10;1501.00;16
3386;10;4842640;3386;399;4441;4457;5.71;0.35;278.16;3.25;1055;10;1502.00;16
3390;10;4842652;3390;401;4442;4458;5.68;0.35;278.42;3.25;1052;10;1503.00;16
3395;10;4842663;3395;408;4443;4458;5.61;0.35;278.22;3.25;1048;10;1504.00;15
3398;10;4842675;3398;415;4445;4459;5.61;0.35;278.18;3.25;1047;10;1505.00;14
3405;10;4842686;3405;423;4447;4459;5.53;0.34;278.04;3.25;1042;10;1506.00;12
3409;10;4842697;3409;422;4447;4459;5.51;0.34;277.87;3.25;1038;10;1507.00;12
3413;10;4842708;3413;419;4447;4459;5.49;0.34;277.83;3.25;1034;10;1508.00;12
3415;10;4842720;3415;422;4447;4459;5.44;0.34;277.94;3.25;1032;10;1509.00;12
3417;10;4842730;3417;422;4447;4459;5.39;0.33;278.03;3.25;1030;10;1510.00;12
3420;10;4842742;3420;428;4448;4459;5.33;0.33;277.92;3.25;1028;10;1511.00;11
3423;10;4842753;3423;438;4491;4529;5.38;0.33;277.88;3.22;1068;10;1512.00;38
3428;10;4842770;3428;437;4492;4530;5.30;0.33;277.85;3.22;1064;10;1513.00;38
3435;10;4842781;3435;440;4498;4530;5.30;0.33;277.72;3.22;1063;10;1514.00;32
3439;10;4842792;3439;440;4502;4530;5.28;0.33;277.67;3.23;1063;10;1515.00;28
3442;10;4842803;3442;449;4505;4530;5.25;0.33;277.77;3.24;1063;10;1516.00;25
3446;10;4842814;3446;449;4507;4530;5.28;0.33;277.69;3.24;1061;10;1517.00;23
3450;10;4842825;3450;460;4511;4530;5.33;0.33;277.86;3.24;1061;10;1518.00;19
3451;10;4842837;3451;464;4514;4530;5.34;0.33;277.80;3.25;1063;10;1519.00;16
3454;10;4842848;3454;471;4517;4531;5.34;0.33;277.82;3.25;1063;10;1520.00;14
3458;10;4842859;3458;474;4517;4532;5.29;0.33;277.89;3.25;1059;10;1521.00;15
3462;10;4842870;3462;477;4520;4532;5.27;0.33;277.74;3.25;1058;10;1522.00;12
3468;10;4842881;3468;489;4526;4536;5.23;0.32;277.70;3.26;1058;10;1523.00;10
3472;10;4842892;3472;494;4527;4536;5.21;0.32;277.63;3.26;1055;10;1524.00;9
3475;10;4842904;3475;501;4527;4536;5.13;0.32;277.71;3.26;1052;10;1525.00;9
3478;10;4842913;3478;506;4527;4536;5.07;0.31;277.90;3.26;1049;10;1526.00;9
3481;10;4842924;3481;514;4532;4542;5.06;0.31;277.96;3.26;1051;10;1527.00;10
3483;10;4842935;3483;518;4534;4542;5.03;0.31;277.91;3.28;1051;10;1528.00;8
3485;10;4842945;3485;521;4534;4542;5.01;0.31;277.93;3.28;1049;10;1529.00;8
3488;10;4842957;3488;524;4539;4548;5.05;0.31;278.03;3.28;1051;10;1530.00;9
3490;10;4842969;3490;526;4540;4548;5.05;0.31;278.04;3.29;1050;10;1531.00;8
3495;10;4842979;3495;521;4540;4548;5.01;0.31;278.08;3.29;1045;10;1532.00;8
3499;10;4843003;3499;516;4542;4549;4.95;0.30;278.09;3.29;1043;10;1533.00;7
3500;10;4843024;3500;515;4544;4550;4.92;0.30;278.10;3.30;1044;10;1534.00;6
3504;10;4843037;3504;515;4545;4550;4.88;0.30;278.19;3.30;1041;10;1535.00;5
3505;10;4843050;3505;519;4558;4563;4.98;0.31;278.25;3.29;1053;10;1536.00;5
3505;10;4843064;3505;504;4558;4563;5.02;0.31;278.25;3.29;1053;10;1537.00;5
3507;10;4843077;3507;499;4559;4563;5.06;0.31;278.22;3.29;1052;10;1538.00;4
3510;10;4843091;3510;492;4560;4564;5.15;0.32;278.10;3.29;1050;10;1539.00;4
3515;10;4843103;3515;486;4562;4564;5.21;0.32;278.16;3.31;1047;10;1540.00;2
3520;10;4843120;3520;476;4566;4568;5.24;0.32;278.15;3.31;1046;10;1541.00;2
3521;10;4843138;3521;465;4567;4568;5.34;0.33;278.08;3.31;1046;10;1542.00;1
3521;10;4843150;3521;463;4572;4572;5.50;0.34;278.08;3.31;1051;10;1543.00;0
3524;10;4843162;3524;444;4572;4572;5.66;0.35;278.21;3.31;1048;10;1544.00;0
3527;10;4843176;3527;434;4572;4572;5.81;0.35;278.20;3.31;1045;10;1545.00;0
3528;11;4843191;3528;430;4572;4572;5.97;0.36;278.25;3.31;1044;11;1546.00;0
3530;11;4843210;3530;428;4572;4572;6.07;0.37;278.20;3.31;1042;11;1547.00;0
3531;11;4843227;3531;418;4583;4584;6.20;0.38;278.13;3.30;1052;11;1548.00;1
3532;11;4843244;3532;417;4583;4584;6.27;0.38;278.14;3.30;1051;11;1549.00;1
3533;11;4843258;3533;416;4584;4584;6.38;0.39;278.17;3.30;1051;11;1550.00;0
3533;11;4843272;3533;411;4584;4584;6.50;0.40;278.17;3.30;1051;11;1551.00;0
3534;11;4843283;3534;402;4584;4584;6.55;0.40;278.13;3.30;1050;11;1552.00;0
3535;11;4843296;3535;396;4584;4584;6.58;0.40;278.11;3.30;1049;11;1553.00;0
3536;11;4843308;3536;396;4585;4585;6.62;0.40;278.13;3.30;1049;11;1554.00;0
3537;11;4843320;3537;392;4587;4587;6.63;0.40;278.14;3.30;1050;11;1555.00;0
3540;11;4843333;3540;387;4593;4593;6.61;0.40;278.00;3.29;1053;11;1556.00;0
3541;11;4843345;3541;387;4594;4594;6.61;0.40;278.07;3.29;1053;11;1557.00;0
3545;11;4843358;3545;390;4594;4594;6.61;0.40;278.06;3.29;1049;11;1558.00;0
3547;11;4843370;3547;378;4594;4594;6.59;0.40;278.14;3.29;1047;11;1559.00;0
3548;11;4843384;3548;375;4599;4599;6.62;0.40;278.31;3.29;1051;11;1560.00;0
3550;11;4843396;3550;373;4599;4599;6.65;0.40;278.47;3.29;1049;12;1561.00;0
3553;11;4843417;3553;369;4599;4599;6.70;0.41;278.38;3.29;1046;12;1562.00;0
3555;11;4843428;3555;371;4600;4600;6.79;0.41;278.47;3.29;1045;12;1563.00;0
3559;11;4843440;3559;361;4604;4604;6.82;0.41;278.66;3.29;1045;12;1564.00;0
3562;11;4843453;3562;358;4604;4604;6.88;0.42;278.76;3.29;1042;12;1565.00;0
3565;11;4843465;3565;358;4606;4607;6.94;0.42;278.82;3.28;1041;12;1566.00;1
3567;11;4843478;3567;360;4606;4607;6.97;0.42;278.75;3.28;1039;12;1567.00;1
3570;11;4843489;3570;367;4607;4607;6.93;0.42;278.92;3.28;1037;12;1568.00;0
3571;11;4843502;3571;367;4607;4607;6.90;0.42;278.96;3.28;1036;12;1569.00;0
3574;11;4843513;3574;370;4611;4611;6.86;0.42;279.06;3.28;1037;12;1570.00;0
3576;11;4843526;3576;371;4611;4611;6.83;0.41;279.15;3.28;1035;12;1571.00;0
3577;11;4843537;3577;374;4611;4611;6.81;0.41;279.11;3.28;1034;12;1572.00;0
3581;11;4843549;3581;374;4611;4611;6.74;0.41;279.23;3.28;1030;12;1573.00;0
3585;11;4843561;3585;378;4612;4612;6.69;0.41;279.23;3.28;1027;12;1574.00;0
3589;11;4843573;3589;372;4614;4614;6.71;0.41;279.41;3.28;1025;12;1575.00;0
3590;11;4843585;3590;357;4614;4614;6.73;0.41;279.52;3.28;1024;12;1576.00;0
3592;11;4843597;3592;349;4615;4615;6.79;0.41;279.65;3.28;1023;12;1577.00;0
3595;11;4843608;3595;340;4615;4615;6.80;0.41;279.65;3.28;1020;12;1578.00;0
3599;11;4843620;3599;334;4615;4615;6.81;0.41;279.74;3.28;1016;12;1579.00;0
3603;11;4843631;3603;325;4615;4615;6.88;0.42;279.99;3.28;1012;12;1580.00;0
3606;11;4843644;3606;320;4615;4615;6.93;0.42;280.01;3.28;1009;12;1581.00;0
3609;11;4843656;3609;308;4615;4615;6.97;0.42;280.17;3.28;1006;12;1582.00;0
3610;11;4843668;3610;299;4615;4615;7.08;0.43;280.23;3.28;1005;12;1583.00;0
3612;11;4843680;3612;322;4689;4742;7.11;0.44;280.21;3.23;1077;12;1584.00;53
3616;11;4843701;3616;306;4689;4743;7.17;0.44;280.44;3.23;1073;12;1585.00;54
3620;11;4843714;3620;290;4695;4743;7.25;0.44;280.58;3.23;1075;12;1586.00;48
3623;11;4843725;3623;293;4695;4743;7.33;0.45;280.58;3.23;1072;12;1587.00;48
3626;11;4843737;3626;286;4700;4743;7.41;0.45;280.81;3.23;1074;12;1588.00;43
3629;11;4843749;3629;281;4704;4743;7.43;0.46;280.81;3.23;1075;12;1589.00;39
3633;11;4843763;3633;285;4707;4743;7.48;0.46;280.82;3.23;1074;12;1590.00;36
3634;11;4843775;3634;279;4711;4743;7.58;0.46;280.86;3.23;1077;12;1591.00;32
3639;12;4843787;3639;281;4714;4744;7.56;0.46;280.92;3.24;1075;13;1592.00;30
3640;12;4843812;3640;280;4718;4745;7.61;0.46;280.96;3.24;1078;13;1593.00;27
3643;12;4843824;3643;281;4722;4745;7.59;0.46;281.00;3.25;1079;13;1594.00;23
3644;12;4843836;3644;287;4723;4746;7.62;0.46;280.97;3.25;1079;13;1595.00;23
3646;12;4843849;3646;286;4724;4746;7.59;0.46;280.99;3.25;1078;13;1596.00;22
3649;12;4843861;3649;285;4726;4746;7.59;0.46;281.27;3.26;1077;13;1597.00;20
3655;12;4843874;3655;282;4733;4746;7.47;0.45;281.29;3.27;1078;13;1598.00;13
3657;12;4843886;3657;292;4737;4750;7.40;0.45;281.18;3.27;1080;13;1599.00;13
3660;12;4843900;3660;285;4738;4750;7.37;0.45;281.34;3.27;1078;13;1600.00;12
3662;12;4843916;3662;292;4739;4750;7.26;0.44;281.54;3.28;1077;13;1601.00;11
3663;12;4843928;3663;289;4740;4753;7.27;0.44;281.66;3.28;1077;13;1602.00;13
3664;12;4843941;3664;284;4741;4753;7.26;0.44;281.66;3.28;1077;13;1603.00;12
3665;12;4843953;3665;285;4741;4753;7.29;0.44;281.62;3.28;1076;13;1604.00;12
3667;12;4843966;3667;285;4745;4757;7.24;0.44;281.67;3.28;1078;13;1605.00;12
3670;12;4843980;3670;290;4748;4758;7.24;0.44;281.73;3.29;1078;13;1606.00;10
3671;12;4843993;3671;297;4749;4758;7.24;0.44;281.86;3.29;1078;13;1607.00;9
3673;12;4844006;3673;294;4753;4762;7.23;0.44;281.85;3.29;1080;13;1608.00;9
3675;12;4844018;3675;297;4753;4762;7.25;0.44;282.00;3.29;1078;13;1609.00;9
3677;12;4844031;3677;293;4754;4762;7.27;0.44;282.08;3.29;1077;13;1610.00;8
3681;12;4844044;3681;293;4755;4763;7.26;0.44;282.12;3.29;1074;13;1611.00;8
3681;13;4844058;3681;298;4756;4763;7.26;0.44;282.12;3.29;1075;14;1612.00;7
3683;13;4844081;3683;296;4761;4769;7.32;0.44;282.26;3.29;1078;14;1613.00;8
3685;13;4844095;3685;295;4761;4769;7.34;0.44;282.32;3.29;1076;14;1614.00;8
3686;13;4844107;3686;299;4762;4770;7.33;0.44;282.45;3.30;1076;14;1615.00;8
3689;13;4844124;3689;301;4763;4770;7.30;0.44;282.62;3.30;1074;14;1616.00;7
3689;13;4844136;3689;302;4763;4770;7.21;0.44;282.62;3.30;1074;14;1617.00;7
3693;13;4844154;3693;302;4764;4770;7.17;0.44;282.78;3.30;1071;14;1618.00;6
3694;13;4844167;3694;299;4764;4770;7.14;0.44;282.93;3.30;1070;14;1619.00;6
3696;13;4844180;3696;309;4794;4806;7.25;0.44;282.83;3.29;1098;14;1620.00;12
3698;13;4844194;3698;306;4795;4806;7.22;0.44;282.93;3.29;1097;14;1621.00;11
3702;13;4844207;3702;310;4799;4806;7.17;0.44;283.19;3.30;1097;14;1622.00;7
3702;13;4844219;3702;310;4800;4806;7.20;0.44;283.19;3.30;1098;14;1623.00;6
3707;13;4844236;3707;310;4801;4806;7.16;0.44;283.45;3.30;1094;14;1624.00;5
3709;13;4844248;3709;316;4802;4806;7.11;0.44;283.39;3.30;1093;14;1625.00;4
3712;13;4844261;3712;321;4806;4810;7.03;0.43;283.72;3.30;1094;14;1626.00;4
3715;13;4844275;3715;330;4809;4810;6.96;0.43;283.80;3.31;1094;14;1627.00;1
3716;13;4844287;3716;329;4813;4814;6.94;0.42;283.85;3.31;1097;14;1628.00;1
3720;13;4844300;3720;332;4815;4815;6.87;0.42;284.07;3.31;1095;14;1629.00;0
3723;13;4844311;3723;331;4815;4815;6.79;0.42;284.24;3.31;1092;14;1630.00;0
3726;13;4844322;3726;342;4815;4815;6.69;0.41;284.22;3.31;1089;14;1631.00;0
3729;13;4844334;3729;347;4828;4828;6.58;0.40;284.34;3.30;1099;14;1632.00;0
3734;13;4844348;3734;348;4828;4828;6.51;0.40;284.59;3.30;1094;14;1633.00;0
3735;13;4844359;3735;344;4828;4828;6.49;0.40;284.57;3.30;1093;14;1634.00;0
3737;13;4844371;3737;342;4829;4829;6.49;0.40;284.82;3.30;1092;14;1635.00;0
3743;13;4844382;3743;341;4830;4830;6.43;0.39;284.95;3.30;1087;14;1636.00;0
3746;13;4844394;3746;346;4830;4830;6.40;0.39;284.84;3.30;1084;14;1637.00;0
3748;13;4844405;3748;345;4833;4833;6.32;0.38;284.93;3.30;1085;14;1638.00;0
3749;13;4844416;3749;340;4833;4833;6.30;0.38;285.05;3.30;1084;14;1639.00;0
3751;13;4844427;3751;352;4833;4833;6.26;0.38;284.98;3.30;1082;14;1640.00;0
3754;13;4844438;3754;358;4833;4833;6.25;0.38;285.02;3.30;1079;14;1641.00;0
3754;13;4844448;3754;360;4839;4839;6.24;0.38;285.02;3.29;1085;14;1642.00;0
3758;13;4844459;3758;369;4839;4839;6.16;0.38;284.92;3.29;1081;14;1643.00;0
3759;13;4844470;3759;374;4839;4839;6.14;0.37;285.00;3.29;1080;14;1644.00;0
3763;13;4844480;3763;377;4839;4839;6.08;0.37;285.14;3.29;1076;14;1645.00;0
3765;13;4844491;3765;378;4843;4843;6.00;0.37;285.17;3.29;1078;14;1646.00;0
3767;13;4844502;3767;385;4844;4844;5.91;0.36;285.28;3.29;1077;14;1647.00;0
3770;13;4844513;3770;391;4844;4844;5.78;0.36;285.26;3.29;1074;14;1648.00;0
3777;13;4844523;3777;400;4845;4845;5.65;0.35;285.22;3.29;1068;14;1649.00;0
3780;13;4844534;3780;389;4845;4845;5.58;0.34;285.09;3.29;1065;14;1650.00;0
3787;13;4844544;3787;391;4845;4845;5.46;0.34;285.15;3.29;1058;14;1651.00;0
3789;13;4844555;3789;385;4845;4845;5.44;0.34;285.13;3.29;1056;14;1652.00;0
3796;13;4844565;3796;389;4845;4845;5.35;0.33;285.23;3.29;1049;14;1653.00;0
3798;13;4844575;3798;384;4845;4845;5.30;0.33;285.18;3.29;1047;14;1654.00;0
3803;13;4844585;3803;393;4845;4845;5.27;0.32;285.34;3.29;1042;14;1655.00;0
3809;13;4844595;3809;408;4888;4915;5.38;0.33;285.42;3.26;1079;14;1656.00;27
3810;13;4844610;3810;400;4892;4916;5.37;0.33;285.48;3.26;1082;14;1657.00;24
3816;13;4844621;3816;397;4897;4916;5.40;0.33;285.44;3.26;1081;14;1658.00;19
3817;13;4844632;3817;399;4900;4916;5.38;0.33;285.38;3.26;1083;14;1659.00;16
3820;13;4844642;3820;404;4904;4916;5.34;0.33;285.34;3.26;1084;14;1660.00;12
3821;13;4844653;3821;412;4904;4916;5.32;0.33;285.28;3.26;1083;14;1661.00;12
3824;13;4844664;3824;404;4906;4916;5.27;0.32;285.20;3.26;1082;14;1662.00;10
3830;13;4844674;3830;406;4909;4916;5.23;0.32;284.97;3.26;1079;14;1663.00;7
3832;13;4844686;3832;412;4912;4917;5.22;0.32;284.98;3.26;1080;14;1664.00;5
3836;13;4844696;3836;416;4916;4919;5.18;0.32;284.88;3.27;1080;14;1665.00;3
3838;13;4844708;3838;426;4917;4919;5.12;0.32;284.81;3.27;1079;14;1666.00;2
3843;13;4844719;3843;435;4921;4923;5.05;0.31;284.76;3.27;1078;14;1667.00;2
3850;13;4844729;3850;439;4922;4923;4.97;0.30;284.65;3.27;1072;14;1668.00;1
3853;13;4844740;3853;444;4923;4923;4.92;0.30;284.63;3.27;1070;14;1669.00;0
3857;13;4844750;3857;446;4923;4923;4.88;0.30;284.51;3.27;1066;14;1670.00;0
3859;13;4844761;3859;448;4929;4929;4.91;0.30;284.49;3.26;1070;14;1671.00;0
3863;13;4844773;3863;451;4929;4929;4.93;0.30;284.51;3.26;1066;14;1672.00;0
3866;13;4844784;3866;457;4929;4929;4.97;0.31;284.51;3.26;1063;14;1673.00;0
3867;13;4844795;3867;459;4932;4932;5.00;0.31;284.46;3.26;1065;14;1674.00;0
3870;13;4844806;3870;462;4932;4932;4.97;0.31;284.59;3.26;1062;14;1675.00;0
3875;13;4844817;3875;467;4932;4932;4.93;0.30;284.59;3.26;1057;14;1676.00;0
3876;13;4844828;3876;472;4933;4933;4.94;0.30;284.62;3.26;1057;14;1677.00;0
3880;13;4844839;3880;476;4934;4934;4.92;0.30;284.52;3.26;1054;14;1678.00;0
3884;13;4844849;3884;484;4934;4934;4.91;0.30;284.54;3.26;1050;14;1679.00;0
3889;13;4844862;3889;492;4956;4960;5.03;0.31;284.43;3.25;1067;14;1680.00;4
3891;13;4844874;3891;497;4957;4960;5.00;0.31;284.47;3.25;1066;14;1681.00;3
3896;13;4844885;3896;502;4959;4960;5.01;0.31;284.76;3.25;1063;14;1682.00;1
3897;13;4844895;3897;510;4960;4961;4.99;0.31;284.77;3.25;1063;14;1683.00;1
3900;13;4844906;3900;501;4961;4961;5.01;0.31;284.88;3.25;1061;14;1684.00;0
3900;13;4844916;3900;496;4965;4965;5.02;0.31;284.88;3.24;1065;14;1685.00;0
3904;13;4844928;3904;498;4965;4965;5.00;0.31;284.90;3.24;1061;14;1686.00;0
3908;13;4844938;3908;493;4969;4969;5.02;0.31;284.93;3.24;1061;14;1687.00;0
3911;13;4844950;3911;495;4969;4969;5.00;0.31;285.02;3.24;1058;14;1688.00;0
3912;13;4844967;3912;496;4969;4969;5.01;0.31;285.06;3.24;1057;14;1689.00;0
3915;13;4844978;3915;494;4969;4969;4.98;0.30;285.14;3.24;1054;14;1690.00;0
3918;13;4844995;3918;495;4969;4969;4.96;0.30;285.17;3.24;1051;14;1691.00;0
3919;13;4845006;3919;501;4980;4981;5.03;0.31;285.22;3.23;1061;14;1692.00;1
3925;13;4845017;3925;495;4980;4981;4.98;0.30;285.07;3.23;1055;14;1693.00;1
3927;13;4845029;3927;495;4981;4981;5.03;0.31;285.10;3.23;1054;14;1694.00;0
3931;13;4845040;3931;494;4981;4981;5.03;0.30;285.13;3.23;1050;14;1695.00;0
3933;13;4845052;3933;490;4981;4981;5.05;0.31;285.11;3.23;1048;14;1696.00;0
3934;13;4845063;3934;479;4981;4981;5.12;0.31;285.04;3.23;1047;14;1697.00;0
3938;13;4845081;3938;476;4982;4982;5.11;0.31;285.07;3.23;1044;14;1698.00;0
3940;13;4845093;3940;470;4982;4982;5.12;0.31;285.01;3.23;1042;14;1699.00;0
3941;13;4845105;3941;465;4988;4988;5.20;0.32;285.00;3.23;1047;14;1700.00;0
3941;13;4845121;3941;467;4989;4989;5.29;0.32;285.00;3.23;1048;14;1701.00;0
3942;13;4845133;3942;463;4989;4989;5.31;0.32;285.05;3.23;1047;14;1702.00;0
3943;13;4845144;3943;460;4989;4989;5.30;0.32;285.05;3.23;1046;14;1703.00;0
3944;13;4845161;3944;463;4993;4993;5.40;0.33;285.02;3.23;1049;14;1704.00;0
3946;13;4845178;3946;465;4993;4993;5.47;0.33;285.01;3.23;1047;14;1705.00;0
3948;13;4845195;3948;455;4993;4993;5.55;0.34;284.98;3.23;1045;14;1706.00;0
3952;13;4845207;3952;446;4994;4994;5.62;0.34;285.25;3.23;1042;14;1707.00;0
3952;13;4845225;3952;437;4998;4998;5.73;0.35;285.25;3.23;1046;14;1708.00;0
3955;13;4845237;3955;430;4998;4998;5.82;0.35;285.41;3.23;1043;14;1709.00;0
3958;13;4845251;3958;425;5002;5004;5.99;0.36;285.44;3.22;1044;14;1710.00;2
3959;13;4845263;3959;419;5003;5004;6.13;0.37;285.47;3.22;1044;14;1711.00;1
3964;13;4845277;3964;425;5004;5004;6.17;0.37;285.51;3.22;1040;14;1712.00;0
3965;13;4845290;3965;421;5004;5004;6.17;0.37;285.56;3.22;1039;14;1713.00;0
3966;13;4845302;3966;420;5008;5008;6.24;0.38;285.56;3.22;1042;14;1714.00;0
3968;13;4845315;3968;425;5008;5008;6.22;0.38;285.62;3.22;1040;14;1715.00;0
3969;13;4845327;3969;425;5008;5008;6.17;0.38;285.68;3.22;1039;14;1716.00;0
3972;13;4845339;3972;423;5008;5008;6.18;0.38;285.79;3.22;1036;14;1717.00;0
3975;13;4845351;3975;417;5009;5009;6.17;0.38;285.86;3.22;1034;14;1718.00;0
3977;13;4845362;3977;413;5010;5010;6.15;0.37;286.02;3.22;1033;14;1719.00;0
3979;14;4845374;3979;408;5010;5010;6.09;0.37;286.05;3.22;1031;15;1720.00;0
3982;14;4845398;3982;403;5011;5011;6.02;0.37;286.20;3.22;1029;15;1721.00;0
3982;14;4845409;3982;400;5011;5011;6.07;0.37;286.20;3.22;1029;15;1722.00;0
3983;14;4845420;3983;395;5011;5011;6.06;0.37;286.27;3.22;1028;15;1723.00;0
3984;14;4845435;3984;395;5011;5011;6.11;0.37;286.32;3.22;1027;15;1724.00;0
3988;14;4845447;3988;400;5011;5011;6.15;0.37;286.42;3.22;1023;15;1725.00;0
3989;14;4845459;3989;400;5011;5011;6.22;0.38;286.43;3.22;1022;15;1726.00;0
3991;14;4845470;3991;400;5011;5011;6.21;0.38;286.44;3.22;1020;15;1727.00;0
3994;14;4845482;3994;425;5092;5138;6.36;0.39;286.53;3.17;1098;15;1728.00;46
3996;14;4845502;3996;415;5095;5139;6.47;0.40;286.70;3.17;1099;15;1729.00;44
3999;14;4845514;3999;409;5101;5139;6.57;0.40;286.83;3.17;1102;15;1730.00;38
4000;14;4845526;4000;405;5102;5139;6.66;0.41;286.88;3.17;1102;15;1731.00;37
4001;14;4845537;4001;404;5106;5139;6.76;0.42;286.92;3.17;1105;15;1732.00;33
4003;14;4845549;4003;404;5106;5139;6.75;0.42;287.01;3.17;1103;15;1733.00;33
4005;14;4845561;4005;410;5110;5139;6.81;0.42;287.08;3.17;1105;15;1734.00;29
4007;14;4845573;4007;424;5111;5139;6.80;0.42;287.07;3.17;1104;15;1735.00;28
4010;14;4845590;4010;435;5114;5140;6.84;0.42;287.14;3.17;1104;15;1736.00;26
4013;14;4845602;4013;434;5119;5141;6.87;0.42;287.31;3.18;1106;15;1737.00;22
4017;14;4845615;4017;437;5122;5141;6.86;0.42;287.55;3.18;1105;15;1738.00;19
4019;14;4845627;4019;437;5126;5142;6.82;0.42;287.52;3.19;1107;15;1739.00;16
4022;14;4845641;4022;432;5128;5142;6.80;0.42;287.63;3.19;1106;15;1740.00;14
4024;14;4845654;4024;427;5130;5142;6.76;0.42;287.66;3.20;1106;15;1741.00;12
4028;14;4845668;4028;418;5132;5142;6.69;0.41;287.81;3.20;1104;15;1742.00;10
4031;14;4845680;4031;413;5136;5146;6.73;0.41;287.92;3.20;1105;15;1743.00;10
4035;14;4845693;4035;414;5139;5146;6.70;0.41;287.95;3.20;1104;15;1744.00;7
4036;14;4845706;4036;407;5140;5146;6.73;0.41;287.99;3.21;1104;15;1745.00;6
4039;14;4845718;4039;410;5142;5149;6.72;0.41;288.21;3.21;1103;15;1746.00;7
4042;14;4845731;4042;399;5143;5149;6.79;0.42;288.28;3.21;1101;15;1747.00;6
4045;14;4845743;4045;386;5144;5149;6.88;0.42;288.28;3.21;1099;15;1748.00;5
4048;14;4845756;4048;384;5147;5153;6.97;0.43;288.50;3.21;1099;15;1749.00;6
4051;14;4845768;4051;378;5150;5154;7.00;0.43;288.81;3.22;1099;15;1750.00;4
4053;14;4845781;4053;372;5151;5154;7.01;0.43;288.81;3.22;1098;15;1751.00;3
4058;14;4845793;4058;372;5154;5158;7.02;0.43;289.19;3.21;1096;15;1752.00;4
4062;14;4845806;4062;370;5154;5158;7.01;0.43;289.29;3.21;1092;15;1753.00;4
4066;14;4845818;4066;367;5154;5158;7.01;0.43;289.44;3.21;1088;15;1754.00;4
4070;14;4845831;4070;365;5158;5160;7.00;0.43;289.49;3.22;1088;15;1755.00;2
4071;14;4845844;4071;358;5158;5160;7.01;0.43;289.43;3.22;1087;15;1756.00;2
4076;14;4845856;4076;356;5163;5166;6.98;0.42;289.47;3.22;1087;15;1757.00;3
4080;14;4845870;4080;356;5163;5166;6.89;0.42;289.54;3.22;1083;15;1758.00;3
4086;14;4845887;4086;358;5163;5167;6.84;0.42;289.66;3.22;1077;15;1759.00;4
4087;14;4845900;4087;347;5163;5167;6.82;0.41;289.72;3.22;1076;15;1760.00;4
4090;14;4845912;4090;350;5163;5167;6.76;0.41;289.84;3.22;1073;15;1761.00;4
4093;14;4845930;4093;356;5163;5167;6.72;0.41;289.83;3.22;1070;15;1762.00;4
4096;14;4845941;4096;353;5163;5167;6.70;0.41;289.87;3.22;1067;15;1763.00;4
4100;14;4845953;4100;356;5172;5179;6.70;0.41;289.92;3.21;1072;15;1764.00;7
4101;14;4845966;4101;357;5172;5179;6.72;0.41;289.89;3.21;1071;15;1765.00;7
4103;14;4845978;4103;361;5174;5179;6.69;0.41;289.92;3.21;1071;15;1766.00;5
4104;14;4845989;4104;364;5174;5179;6.66;0.41;289.95;3.21;1070;15;1767.00;5
4105;14;4846001;4105;364;5174;5179;6.66;0.41;289.98;3.21;1069;15;1768.00;5
4105;14;4846012;4105;368;5174;5179;6.60;0.40;289.98;3.21;1069;15;1769.00;5
4108;14;4846025;4108;371;5177;5183;6.55;0.40;289.96;3.21;1069;15;1770.00;6
4111;14;4846038;4111;373;5177;5183;6.52;0.40;290.13;3.21;1066;15;1771.00;6
4117;14;4846050;4117;373;5181;5187;6.49;0.39;290.25;3.21;1064;15;1772.00;6
4118;14;4846069;4118;368;5182;5188;6.48;0.39;290.30;3.21;1064;15;1773.00;6
4120;14;4846081;4120;370;5182;5188;6.47;0.39;290.36;3.21;1062;15;1774.00;6
4124;14;4846094;4124;372;5182;5188;6.43;0.39;290.45;3.21;1058;15;1775.00;6
4127;14;4846106;4127;362;5193;5201;6.49;0.39;290.47;3.20;1066;15;1776.00;8
4128;14;4846120;4128;368;5193;5201;6.55;0.40;290.48;3.20;1065;15;1777.00;8
4132;14;4846132;4132;365;5193;5201;6.56;0.40;290.61;3.20;1061;15;1778.00;8
4134;14;4846143;4134;366;5195;5202;6.59;0.40;290.61;3.21;1061;15;1779.00;7
4136;14;4846155;4136;371;5195;5203;6.61;0.40;290.86;3.21;1059;15;1780.00;8
4136;14;4846167;4136;373;5195;5203;6.63;0.40;290.86;3.21;1059;15;1781.00;8
4137;14;4846179;4137;371;5197;5206;6.65;0.41;290.97;3.21;1060;15;1782.00;9
4143;14;4846191;4143;374;5198;5206;6.64;0.40;291.04;3.21;1055;15;1783.00;8
4144;14;4846203;4144;378;5199;5206;6.62;0.40;291.14;3.21;1055;15;1784.00;7
4147;14;4846217;4147;389;5201;5206;6.62;0.40;291.23;3.22;1054;15;1785.00;5
4149;14;4846232;4149;386;5206;5212;6.64;0.40;291.34;3.22;1057;15;1786.00;6
4149;14;4846246;4149;392;5207;5212;6.62;0.40;291.34;3.22;1058;15;1787.00;5
4150;14;4846260;4150;393;5207;5212;6.52;0.40;291.46;3.22;1057;15;1788.00;5
4155;14;4846276;4155;395;5208;5212;6.36;0.39;291.39;3.22;1053;15;1789.00;4
4159;14;4846292;4159;399;5211;5216;6.25;0.38;291.56;3.22;1052;15;1790.00;5
4161;14;4846316;4161;406;5212;5217;6.18;0.38;291.65;3.22;1051;15;1791.00;5
4163;14;4846336;4163;410;5212;5217;6.12;0.37;291.79;3.22;1049;15;1792.00;5
4165;14;4846360;4165;416;5217;5218;6.02;0.37;291.87;3.23;1052;15;1793.00;1
4167;14;4846375;4167;416;5217;5218;5.96;0.36;291.81;3.23;1050;15;1794.00;1
4168;14;4846392;4168;425;5218;5218;5.90;0.36;291.90;3.23;1050;15;1795.00;0
4173;14;4846408;4173;433;5218;5218;5.85;0.36;291.95;3.23;1045;15;1796.00;0
4176;14;4846425;4176;437;5218;5218;5.79;0.35;291.85;3.23;1042;15;1797.00;0
4176;14;4846436;4176;440;5218;5218;5.75;0.35;291.85;3.23;1042;15;1798.00;0
4180;14;4846447;4180;440;5218;5218;5.72;0.35;292.09;3.23;1038;15;1799.00;0
4182;14;4846460;4182;456;5284;5356;5.98;0.37;292.06;3.19;1102;15;1800.00;72
4185;14;4846487;4185;451;5289;5357;5.98;0.37;292.05;3.19;1104;15;1801.00;68
4188;14;4846499;4188;448;5307;5357;5.99;0.37;291.94;3.18;1119;15;1802.00;50
4190;14;4846511;4190;441;5309;5357;6.01;0.37;291.87;3.18;1119;15;1803.00;48
4191;14;4846522;4191;447;5319;5357;6.00;0.37;291.81;3.19;1128;15;1804.00;38
4192;14;4846538;4192;440;5319;5357;5.96;0.37;291.88;3.19;1127;15;1805.00;38
4194;14;4846555;4194;442;5326;5357;5.89;0.36;291.87;3.19;1132;15;1806.00;31
4198;14;4846567;4198;447;5332;5357;5.83;0.36;292.03;3.19;1134;15;1807.00;25
4201;14;4846578;4201;449;5339;5358;5.78;0.35;291.86;3.20;1138;15;1808.00;19
4202;14;4846589;4202;451;5344;5359;5.73;0.35;291.91;3.21;1142;15;1809.00;15
4204;14;4846601;4204;458;5348;5359;5.67;0.35;291.85;3.21;1144;15;1810.00;11
4209;14;4846613;4209;460;5354;5363;5.54;0.34;291.69;3.21;1145;15;1811.00;9
4215;14;4846625;4215;470;5355;5363;5.35;0.33;291.64;3.21;1140;15;1812.00;8
4217;14;4846636;4217;474;5356;5363;5.20;0.32;291.75;3.21;1139;15;1813.00;7
4221;14;4846647;4221;483;5357;5363;5.07;0.31;291.78;3.21;1136;15;1814.00;6
4222;14;4846658;4222;480;5362;5369;5.02;0.31;291.73;3.21;1140;15;1815.00;7
4225;14;4846672;4225;478;5363;5369;4.93;0.30;291.80;3.21;1138;15;1816.00;6
4227;14;4846688;4227;477;5363;5369;4.89;0.30;291.79;3.21;1136;15;1817.00;6
4229;14;4846699;4229;482;5365;5372;4.87;0.30;291.87;3.21;1136;15;1818.00;7
4230;14;4846713;4230;487;5366;5372;4.84;0.30;291.89;3.21;1136;15;1819.00;6
4233;14;4846727;4233;496;5367;5372;4.77;0.29;291.93;3.21;1134;15;1820.00;5
4235;14;4846743;4235;502;5368;5373;4.78;0.29;292.01;3.21;1133;15;1821.00;5
4238;14;4846757;4238;496;5369;5374;4.78;0.29;292.15;3.21;1131;15;1822.00;5
4241;14;4846776;4241;493;5369;5374;4.77;0.29;292.18;3.21;1128;15;1823.00;5
4244;14;4846788;4244;503;5380;5387;4.78;0.29;292.33;3.21;1136;15;1824.00;7
4246;14;4846802;4246;494;5382;5387;4.78;0.29;292.36;3.21;1136;15;1825.00;5
4249;14;4846816;4249;496;5382;5387;4.75;0.29;292.29;3.21;1133;15;1826.00;5
4252;14;4846830;4252;493;5383;5388;4.72;0.29;292.40;3.21;1131;16;1827.00;5
4256;14;4846854;4256;501;5383;5388;4.72;0.29;292.31;3.21;1127;16;1828.00;5
4259;14;4846868;4259;499;5386;5392;4.73;0.29;292.30;3.21;1127;16;1829.00;6
4261;14;4846885;4261;502;5386;5392;4.71;0.29;292.31;3.21;1125;16;1830.00;6
4263;14;4846897;4263;496;5390;5396;4.75;0.29;292.25;3.21;1127;16;1831.00;6
4265;14;4846912;4265;487;5390;5396;4.76;0.29;292.24;3.21;1125;16;1832.00;6
4266;14;4846927;4266;480;5390;5396;4.76;0.29;292.22;3.21;1124;16;1833.00;6
4271;14;4846939;4271;480;5390;5396;4.75;0.29;291.99;3.21;1119;16;1834.00;6
4273;14;4846951;4273;476;5390;5396;4.82;0.30;291.96;3.21;1117;16;1835.00;6
4276;14;4846963;4276;474;5400;5408;4.94;0.30;291.95;3.20;1124;16;1836.00;8
4280;15;4846975;4280;460;5400;5408;5.01;0.31;292.04;3.20;1120;17;1837.00;8
4282;15;4847000;4282;458;5401;5408;5.13;0.32;292.06;3.20;1119;17;1838.00;7
4284;15;4847012;4284;461;5401;5408;5.21;0.32;292.06;3.20;1117;17;1839.00;7
4286;15;4847030;4286;458;5401;5408;5.27;0.33;292.14;3.20;1115;17;1840.00;7
4288;15;4847042;4288;462;5401;5408;5.32;0.33;292.11;3.20;1113;17;1841.00;7
4290;15;4847054;4290;449;5402;5409;5.37;0.33;292.10;3.20;1112;17;1842.00;7
4291;15;4847067;4291;455;5402;5409;5.44;0.34;292.14;3.20;1111;17;1843.00;7
4295;15;4847079;4295;454;5407;5415;5.47;0.34;292.26;3.21;1112;17;1844.00;8
4300;15;4847091;4300;449;5409;5417;5.42;0.34;292.39;3.21;1109;17;1845.00;8
4304;15;4847111;4304;442;5409;5417;5.39;0.33;292.37;3.21;1105;17;1846.00;8
4306;15;4847123;4306;440;5409;5417;5.43;0.34;292.46;3.21;1103;17;1847.00;8
4310;15;4847135;4310;434;5412;5421;5.49;0.34;292.46;3.20;1102;17;1848.00;9
4316;15;4847149;4316;429;5412;5421;5.55;0.34;292.37;3.20;1096;17;1849.00;9
4318;15;4847162;4318;434;5412;5421;5.63;0.35;292.36;3.20;1094;17;1850.00;9
4326;15;4847177;4326;427;5413;5422;5.69;0.35;292.46;3.20;1087;17;1851.00;9
4330;15;4847192;4330;428;5416;5426;5.79;0.36;292.41;3.20;1086;17;1852.00;10
4334;15;4847209;4334;419;5416;5426;5.82;0.36;292.41;3.20;1082;17;1853.00;10
4341;15;4847226;4341;422;5419;5429;5.88;0.36;292.27;3.21;1078;17;1854.00;10
4344;15;4847243;4344;421;5419;5429;5.88;0.36;292.30;3.21;1075;17;1855.00;10
4351;15;4847258;4351;419;5419;5429;5.85;0.36;292.13;3.21;1068;17;1856.00;10
4354;15;4847276;4354;420;5419;5429;5.84;0.36;292.23;3.21;1065;17;1857.00;10
4360;15;4847292;4360;430;5424;5433;5.83;0.36;292.33;3.22;1064;17;1858.00;9
4364;15;4847314;4364;430;5424;5433;5.79;0.35;292.48;3.22;1060;17;1859.00;9
4371;15;4847331;4371;439;5424;5433;5.74;0.35;292.35;3.22;1053;17;1860.00;9
4376;15;4847347;4376;439;5425;5433;5.75;0.35;292.61;3.22;1049;17;1861.00;8
4379;15;4847364;4379;439;5425;5434;5.75;0.35;292.63;3.22;1046;17;1862.00;9
4383;15;4847379;4383;428;5428;5435;5.72;0.35;292.87;3.24;1045;17;1863.00;7
4385;15;4847396;4385;425;5428;5435;5.72;0.35;293.06;3.24;1043;17;1864.00;7
4389;15;4847411;4389;417;5429;5436;5.68;0.35;293.09;3.24;1040;17;1865.00;7
4391;15;4847428;4391;409;5430;5436;5.64;0.34;293.26;3.24;1039;17;1866.00;6
4394;15;4847444;4394;405;5431;5436;5.63;0.34;293.25;3.24;1037;17;1867.00;5
4395;15;4847461;4395;406;5431;5436;5.62;0.34;293.37;3.24;1036;17;1868.00;5
4399;16;4847476;4399;407;5431;5436;5.59;0.34;293.54;3.24;1032;18;1869.00;5
4401;16;4847506;4401;411;5431;5436;5.60;0.34;293.68;3.24;1030;18;1870.00;5
4402;16;4847524;4402;406;5431;5436;5.62;0.34;293.71;3.24;1029;18;1871.00;5
4405;16;4847538;4405;411;5504;5563;5.88;0.36;293.81;3.20;1099;18;1872.00;59
4407;16;4847560;4407;397;5506;5564;5.92;0.36;293.93;3.20;1099;18;1873.00;58
4407;16;4847574;4407;381;5513;5564;6.04;0.37;293.93;3.19;1106;18;1874.00;51
4409;16;4847587;4409;380;5514;5564;6.09;0.37;294.05;3.19;1105;18;1875.00;50
4409;16;4847600;4409;376;5518;5564;6.14;0.38;294.05;3.19;1109;18;1876.00;46
4411;16;4847613;4411;373;5519;5564;6.13;0.38;294.09;3.20;1108;18;1877.00;45
4411;16;4847625;4411;381;5520;5564;6.15;0.38;294.09;3.20;1109;18;1878.00;44
4414;16;4847639;4414;379;5523;5564;6.17;0.38;294.18;3.20;1109;18;1879.00;41
4415;16;4847658;4415;382;5527;5565;6.15;0.38;294.19;3.20;1112;18;1880.00;38
4417;16;4847674;4417;395;5533;5566;6.10;0.37;294.26;3.22;1116;18;1881.00;33
4419;16;4847690;4419;399;5538;5568;6.05;0.37;294.28;3.22;1119;18;1882.00;30
4423;16;4847705;4423;394;5540;5569;6.02;0.37;294.36;3.23;1117;18;1883.00;29
4424;16;4847719;4424;394;5543;5569;6.07;0.37;294.37;3.23;1119;18;1884.00;26
4426;16;4847732;4426;399;5546;5569;6.13;0.37;294.42;3.24;1120;18;1885.00;23
4429;16;4847745;4429;397;5547;5569;6.17;0.38;294.54;3.24;1118;18;1886.00;22
4432;16;4847758;4432;401;5552;5573;6.19;0.38;294.57;3.24;1120;18;1887.00;21
4432;16;4847772;4432;401;5555;5573;6.24;0.38;294.57;3.25;1123;18;1888.00;18
4434;16;4847784;4434;403;5556;5573;6.25;0.38;294.69;3.25;1122;18;1889.00;17
4436;16;4847799;4436;402;5559;5579;6.30;0.39;294.67;3.25;1123;18;1890.00;20
4439;16;4847811;4439;411;5562;5579;6.27;0.38;294.90;3.25;1123;18;1891.00;17
4444;16;4847829;4444;419;5562;5579;6.26;0.38;294.95;3.25;1118;18;1892.00;17
4448;16;4847842;4448;412;5566;5583;6.20;0.38;295.11;3.25;1118;18;1893.00;17
4450;16;4847854;4450;419;5568;5584;6.19;0.38;295.24;3.25;1118;18;1894.00;16
4455;16;4847867;4455;423;5570;5584;6.10;0.37;295.39;3.25;1115;18;1895.00;14
4456;16;4847882;4456;418;5573;5588;6.12;0.37;295.40;3.25;1117;18;1896.00;15
4457;16;4847899;4457;419;5573;5588;6.12;0.37;295.52;3.25;1116;18;1897.00;15
4458;16;4847924;4458;416;5573;5588;6.06;0.37;295.49;3.25;1115;18;1898.00;15
4462;16;4847940;4462;433;5574;5589;6.03;0.37;295.50;3.25;1112;18;1899.00;15
4464;16;4847956;4464;438;5574;5589;5.99;0.37;295.54;3.25;1110;18;1900.00;15
4465;16;4847978;4465;443;5579;5595;6.00;0.37;295.56;3.25;1114;18;1901.00;16
4466;16;4847999;4466;447;5579;5595;5.97;0.36;295.56;3.25;1113;18;1902.00;16
4469;16;4848016;4469;454;5579;5596;5.92;0.36;295.51;3.25;1110;18;1903.00;17
4472;16;4848030;4472;456;5579;5596;5.88;0.36;295.59;3.25;1107;18;1904.00;17
4475;16;4848043;4475;449;5579;5596;5.80;0.35;295.67;3.25;1104;18;1905.00;17
4475;16;4848055;4475;449;5579;5596;5.73;0.35;295.67;3.25;1104;18;1906.00;17
4476;16;4848069;4476;446;5579;5596;5.69;0.35;295.68;3.25;1103;18;1907.00;17
4478;16;4848081;4478;445;5588;5608;5.66;0.34;295.70;3.24;1110;18;1908.00;20
4479;16;4848094;4479;442;5589;5608;5.68;0.35;295.64;3.24;1110;18;1909.00;19
4480;16;4848107;4480;435;5590;5608;5.64;0.34;295.68;3.24;1110;18;1910.00;18
4482;16;4848120;4482;430;5590;5608;5.60;0.34;295.70;3.24;1108;18;1911.00;18
4486;16;4848132;4486;418;5590;5608;5.55;0.34;295.88;3.24;1104;18;1912.00;18
4487;16;4848145;4487;414;5590;5608;5.58;0.34;295.91;3.24;1103;18;1913.00;18
4489;16;4848157;4489;409;5593;5612;5.59;0.34;295.98;3.24;1104;18;1914.00;19
4493;16;4848170;4493;402;5593;5612;5.57;0.34;296.03;3.24;1100;18;1915.00;19
4495;16;4848183;4495;394;5597;5616;5.57;0.34;296.14;3.24;1102;18;1916.00;19
4497;16;4848195;4497;382;5598;5617;5.57;0.34;296.14;3.24;1101;18;1917.00;19
4501;16;4848208;4501;374;5598;5617;5.50;0.34;296.31;3.24;1097;18;1918.00;19
4503;16;4848221;4503;369;5599;5617;5.51;0.34;296.39;3.25;1096;18;1919.00;18
4504;16;4848243;4504;374;5621;5646;5.56;0.34;296.45;3.24;1117;18;1920.00;25
4510;16;4848263;4510;377;5623;5646;5.55;0.34;296.56;3.25;1113;18;1921.00;23
4511;16;4848279;4511;368;5624;5646;5.61;0.34;296.51;3.25;1113;18;1922.00;22
4516;16;4848295;4516;368;5626;5647;5.66;0.35;296.61;3.25;1110;18;1923.00;21
4519;16;4848313;4519;369;5627;5648;5.67;0.35;296.76;3.25;1108;18;1924.00;21
4520;16;4848331;4520;370;5627;5648;5.69;0.35;296.71;3.25;1107;18;1925.00;21
4522;16;4848344;4522;369;5629;5651;5.73;0.35;296.83;3.25;1107;18;1926.00;22
4523;16;4848356;4523;372;5631;5651;5.76;0.35;296.78;3.25;1108;18;1927.00;20
4525;16;4848369;4525;376;5631;5651;5.74;0.35;296.79;3.25;1106;18;1928.00;20
4527;16;4848384;4527;374;5632;5651;5.73;0.35;296.83;3.26;1105;18;1929.00;19
4529;16;4848399;4529;378;5637;5657;5.80;0.35;296.88;3.26;1108;18;1930.00;20
4532;16;4848417;4532;377;5637;5657;5.74;0.35;297.00;3.26;1105;18;1931.00;20
4536;16;4848432;4536;372;5637;5657;5.69;0.35;297.16;3.26;1101;18;1932.00;20
4538;16;4848448;4538;372;5637;5657;5.70;0.35;297.11;3.26;1099;18;1933.00;20
4544;16;4848464;4544;373;5640;5661;5.63;0.34;297.44;3.26;1096;18;1934.00;21
4545;16;4848478;4545;372;5642;5663;5.56;0.34;297.57;3.26;1097;18;1935.00;21
4548;16;4848493;4548;373;5642;5663;5.54;0.34;297.70;3.26;1094;18;1936.00;21
4551;16;4848509;4551;368;5643;5664;5.55;0.34;297.75;3.26;1092;18;1937.00;21
4553;16;4848523;4553;380;5643;5664;5.59;0.34;297.84;3.26;1090;18;1938.00;21
4556;16;4848537;4556;378;5643;5664;5.56;0.34;297.98;3.26;1087;18;1939.00;21
4559;16;4848549;4559;380;5643;5664;5.54;0.34;298.01;3.26;1084;18;1940.00;21
4563;16;4848561;4563;385;5644;5664;5.51;0.34;298.01;3.27;1081;18;1941.00;20
4565;16;4848573;4565;385;5644;5664;5.47;0.33;298.10;3.27;1079;18;1942.00;20
4567;16;4848585;4567;387;5644;5664;5.46;0.33;298.20;3.27;1077;18;1943.00;20
4570;16;4848596;4570;401;5681;5734;5.68;0.35;298.11;3.25;1111;18;1944.00;53
4572;16;4848617;4572;399;5684;5735;5.65;0.35;298.02;3.26;1112;18;1945.00;51
4572;16;4848631;4572;394;5693;5735;5.73;0.35;298.02;3.26;1121;18;1946.00;42
4573;16;4848644;4573;393;5694;5735;5.69;0.35;298.06;3.26;1121;18;1947.00;41
4575;16;4848657;4575;407;5698;5735;5.68;0.35;297.98;3.28;1123;18;1948.00;37
4578;16;4848669;4578;414;5699;5735;5.62;0.34;297.87;3.28;1121;18;1949.00;36
4580;16;4848683;4580;413;5705;5737;5.59;0.34;298.00;3.28;1125;18;1950.00;32
4580;16;4848694;4580;418;5707;5737;5.54;0.34;298.00;3.29;1127;18;1951.00;30
4581;16;4848706;4581;428;5709;5738;5.50;0.34;297.93;3.29;1128;18;1952.00;29
4585;16;4848719;4585;428;5712;5739;5.40;0.33;297.83;3.29;1127;18;1953.00;27
4585;16;4848731;4585;431;5715;5739;5.39;0.33;297.83;3.30;1130;18;1954.00;24
4590;16;4848743;4590;439;5721;5743;5.31;0.32;297.68;3.31;1131;18;1955.00;22
4590;16;4848755;4590;447;5723;5743;5.29;0.32;297.68;3.33;1133;18;1956.00;20
4592;16;4848767;4592;445;5723;5743;5.20;0.32;297.56;3.33;1131;18;1957.00;20
4593;16;4848777;4593;440;5724;5743;5.13;0.32;297.55;3.34;1131;18;1958.00;19
4596;16;4848788;4596;447;5729;5749;5.12;0.31;297.54;3.34;1133;18;1959.00;20
4597;16;4848801;4597;455;5730;5749;5.06;0.31;297.54;3.35;1133;18;1960.00;19
4599;16;4848814;4599;454;5730;5749;4.96;0.30;297.59;3.35;1131;18;1961.00;19
4602;16;4848832;4602;464;5732;5752;4.91;0.30;297.47;3.35;1130;19;1962.00;20
4604;16;4848857;4604;472;5733;5752;4.84;0.30;297.41;3.37;1129;19;1963.00;19
4606;16;4848869;4606;466;5734;5752;4.78;0.29;297.39;3.37;1128;19;1964.00;18
4607;16;4848882;4607;462;5736;5753;4.76;0.29;297.36;3.39;1129;19;1965.00;17
4610;16;4848894;4610;464;5739;5754;4.73;0.29;297.23;3.42;1129;19;1966.00;15
4613;16;4848905;4613;467;5739;5754;4.69;0.29;297.10;3.42;1126;19;1967.00;15
4616;16;4848916;4616;464;5752;5767;4.67;0.28;296.97;3.43;1136;19;1968.00;15
4620;16;4848928;4620;465;5752;5767;4.65;0.28;296.87;3.43;1132;19;1969.00;15
4622;16;4848939;4622;460;5752;5767;4.60;0.28;296.78;3.43;1130;19;1970.00;15
4623;16;4848950;4623;466;5755;5768;4.56;0.28;296.79;3.45;1132;19;1971.00;13
4625;16;4848961;4625;466;5755;5768;4.52;0.27;296.74;3.45;1130;19;1972.00;13
4626;16;4848971;4626;470;5761;5772;4.51;0.27;296.72;3.46;1135;19;1973.00;11
4627;16;4848982;4627;474;5761;5772;4.43;0.27;296.82;3.46;1134;19;1974.00;11
4627;16;4848992;4627;483;5764;5776;4.38;0.26;296.82;3.46;1137;19;1975.00;12
4628;16;4849003;4628;480;5766;5776;4.32;0.26;296.83;3.48;1138;19;1976.00;10
4628;16;4849013;4628;482;5766;5776;4.23;0.26;296.83;3.48;1138;19;1977.00;10
4631;16;4849023;4631;472;5766;5776;4.16;0.25;296.79;3.48;1135;19;1978.00;10
4632;16;4849037;4632;464;5768;5776;4.11;0.25;296.77;3.49;1136;19;1979.00;8
4634;16;4849050;4634;444;5796;5810;4.28;0.26;296.79;3.47;1162;19;1980.00;14
4637;16;4849066;4637;436;5798;5810;4.27;0.26;296.83;3.48;1161;19;1981.00;12
4639;16;4849078;4639;425;5800;5810;4.29;0.26;296.83;3.48;1161;19;1982.00;10
4642;16;4849090;4642;415;5800;5810;4.32;0.27;296.89;3.48;1158;19;1983.00;10
4646;16;4849103;4646;414;5801;5810;4.36;0.27;296.96;3.48;1155;19;1984.00;9
4646;16;4849114;4646;412;5801;5810;4.40;0.27;296.96;3.48;1155;19;1985.00;9
4647;16;4849125;4647;411;5801;5811;4.42;0.27;296.99;3.48;1154;19;1986.00;10
4649;16;4849137;4649;406;5801;5811;4.50;0.28;297.02;3.48;1152;19;1987.00;10
4651;16;4849149;4651;408;5806;5817;4.59;0.28;297.07;3.48;1155;19;1988.00;11
4653;16;4849160;4653;406;5807;5818;4.67;0.29;297.15;3.48;1154;19;1989.00;11
4655;16;4849172;4655;404;5807;5818;4.71;0.29;297.08;3.48;1152;19;1990.00;11
4659;16;4849184;4659;406;5807;5818;4.72;0.29;297.04;3.48;1148;19;1991.00;11
4661;16;4849196;4661;395;5810;5822;4.75;0.29;297.04;3.48;1149;19;1992.00;12
4663;16;4849207;4663;397;5810;5822;4.79;0.29;297.09;3.48;1147;19;1993.00;12
4667;16;4849225;4667;391;5810;5822;4.87;0.30;297.03;3.48;1143;19;1994.00;12
4669;16;4849237;4669;393;5811;5823;4.99;0.30;297.08;3.48;1142;19;1995.00;12
4671;16;4849250;4671;388;5814;5827;5.11;0.31;297.03;3.47;1143;19;1996.00;13
4674;16;4849262;4674;393;5814;5827;5.22;0.32;297.08;3.47;1140;19;1997.00;13
4679;16;4849276;4679;383;5816;5830;5.26;0.32;297.06;3.47;1137;19;1998.00;14
4681;16;4849297;4681;383;5816;5830;5.31;0.32;297.06;3.47;1135;19;1999.00;14
4686;16;4849314;4686;378;5817;5830;5.33;0.32;297.08;3.47;1131;19;2000.00;13
4690;16;4849332;4690;380;5817;5830;5.36;0.33;297.08;3.47;1127;19;2001.00;13
4693;16;4849345;4693;376;5821;5834;5.42;0.33;297.01;3.47;1128;19;2002.00;13
4697;16;4849359;4697;379;5821;5834;5.45;0.33;297.15;3.47;1124;19;2003.00;13
4699;16;4849371;4699;378;5821;5834;5.47;0.33;297.13;3.47;1122;19;2004.00;13
4704;16;4849383;4704;374;5821;5834;5.49;0.34;297.14;3.47;1117;19;2005.00;13
4708;16;4849395;4708;378;5821;5835;5.50;0.34;297.27;3.47;1113;19;2006.00;14
4717;16;4849407;4717;386;5822;5836;5.49;0.33;297.46;3.47;1105;19;2007.00;14
4722;16;4849420;4722;392;5822;5836;5.50;0.33;297.66;3.47;1100;19;2008.00;14
4724;16;4849434;4724;392;5823;5837;5.52;0.33;297.70;3.47;1099;19;2009.00;14
4728;16;4849448;4728;388;5823;5837;5.50;0.33;297.90;3.47;1095;19;2010.00;14
4732;16;4849460;4732;384;5823;5837;5.55;0.34;297.95;3.47;1091;19;2011.00;14
4734;16;4849472;4734;381;5823;5837;5.56;0.34;298.02;3.47;1089;19;2012.00;14
4736;16;4849485;4736;389;5823;5837;5.60;0.34;297.99;3.47;1087;19;2013.00;14
4741;16;4849497;4741;387;5823;5837;5.63;0.34;298.13;3.47;1082;19;2014.00;14
4744;16;4849513;4744;382;5823;5837;5.68;0.34;298.22;3.47;1079;19;2015.00;14
4747;16;4849529;4747;402;5901;5964;5.93;0.36;298.42;3.42;1154;19;2016.00;63
4750;16;4849561;4750;397;5902;5965;5.94;0.37;298.51;3.42;1152;19;2017.00;63
4754;16;4849578;4754;392;5908;5965;5.96;0.37;298.58;3.42;1154;19;2018.00;57
4758;16;4849599;4758;381;5910;5965;5.96;0.37;298.66;3.42;1152;19;2019.00;55
4763;16;4849613;4763;387;5914;5965;6.00;0.37;298.75;3.42;1151;19;2020.00;51
4769;16;4849626;4769;388;5915;5965;5.92;0.36;298.90;3.42;1146;19;2021.00;50
4771;16;4849640;4771;388;5919;5965;5.90;0.36;298.94;3.42;1148;19;2022.00;46
4773;16;4849654;4773;394;5921;5965;5.82;0.36;299.09;3.43;1148;19;2023.00;44
4774;16;4849673;4774;396;5923;5966;5.77;0.35;299.12;3.43;1149;19;2024.00;43
4777;16;4849686;4777;401;5927;5968;5.74;0.35;299.40;3.43;1150;19;2025.00;41
4777;16;4849699;4777;416;5927;5968;5.71;0.35;299.40;3.43;1150;19;2026.00;41
4779;16;4849711;4779;416;5928;5969;5.72;0.35;299.46;3.43;1149;19;2027.00;41
4781;16;4849724;4781;418;5929;5969;5.73;0.35;299.57;3.43;1148;19;2028.00;40
4784;16;4849741;4784;423;5933;5969;5.73;0.35;299.60;3.44;1149;19;2029.00;36
4788;16;4849757;4788;424;5934;5969;5.77;0.35;299.85;3.44;1146;19;2030.00;35
4791;16;4849771;4791;429;5938;5973;5.79;0.35;299.97;3.44;1147;19;2031.00;35
4792;16;4849791;4792;430;5939;5973;5.83;0.36;300.06;3.44;1147;19;2032.00;34
4793;16;4849805;4793;437;5943;5973;5.85;0.36;300.15;3.45;1150;19;2033.00;30
4796;16;4849819;4796;440;5944;5976;5.81;0.35;300.27;3.45;1148;19;2034.00;32
4798;16;4849832;4798;445;5947;5976;5.77;0.35;300.44;3.46;1149;19;2035.00;29
4800;16;4849857;4800;436;5948;5976;5.74;0.35;300.52;3.46;1148;19;2036.00;28
4804;16;4849878;4804;429;5952;5980;5.74;0.35;300.75;3.46;1148;19;2037.00;28
4807;16;4849897;4807;434;5953;5981;5.75;0.35;300.87;3.46;1146;19;2038.00;28
4809;16;4849913;4809;429;5955;5981;5.79;0.35;301.04;3.46;1146;19;2039.00;26
4812;16;4849935;4812;428;5959;5986;5.85;0.36;301.15;3.47;1147;19;2040.00;27
4814;16;4849953;4814;428;5959;5986;5.86;0.36;301.33;3.47;1145;19;2041.00;27
4816;16;4849980;4816;437;5960;5986;5.94;0.36;301.38;3.47;1144;19;2042.00;26
4820;16;4850005;4820;439;5962;5987;5.94;0.36;301.52;3.46;1142;19;2043.00;25
4823;16;4850029;4823;435;5962;5987;5.98;0.36;301.69;3.46;1139;19;2044.00;25
4825;16;4850057;4825;436;5967;5993;6.01;0.37;301.82;3.46;1142;19;2045.00;26
4828;16;4850079;4828;440;5967;5993;5.95;0.36;301.90;3.46;1139;19;2046.00;26
4832;16;4850103;4832;439;5967;5994;5.91;0.36;302.14;3.46;1135;19;2047.00;27
4837;16;4850125;4837;440;5967;5994;5.90;0.36;302.27;3.46;1130;19;2048.00;27
4839;16;4850143;4839;440;5967;5994;5.80;0.35;302.36;3.46;1128;19;2049.00;27
4840;16;4850157;4840;444;5967;5994;5.77;0.35;302.38;3.46;1127;19;2050.00;27
4841;16;4850171;4841;437;5967;5994;5.72;0.35;302.36;3.46;1126;19;2051.00;27
4841;16;4850188;4841;435;5977;6006;5.75;0.35;302.36;3.46;1136;19;2052.00;29
4843;16;4850208;4843;442;5977;6006;5.73;0.35;302.36;3.46;1134;19;2053.00;29
4845;16;4850223;4845;434;5978;6006;5.79;0.35;302.37;3.46;1133;19;2054.00;28
4847;16;4850237;4847;436;5978;6006;5.81;0.35;302.44;3.46;1131;19;2055.00;28
4850;16;4850251;4850;430;5978;6006;5.82;0.35;302.42;3.46;1128;19;2056.00;28
4851;16;4850264;4851;432;5978;6006;5.90;0.36;302.42;3.46;1127;19;2057.00;28
4854;16;4850277;4854;432;5981;6010;5.89;0.36;302.41;3.46;1127;19;2058.00;29
4855;16;4850290;4855;431;5981;6010;5.91;0.36;302.39;3.46;1126;19;2059.00;29
4860;16;4850303;4860;430;5985;6014;5.90;0.36;302.47;3.45;1125;19;2060.00;29
4862;16;4850325;4862;427;5986;6015;5.93;0.36;302.47;3.45;1124;19;2061.00;29
4864;16;4850341;4864;423;5986;6015;5.89;0.36;302.57;3.45;1122;19;2062.00;29
4865;16;4850355;4865;427;5986;6015;5.85;0.35;302.57;3.45;1121;19;2063.00;29
4867;16;4850368;4867;431;5997;6028;5.89;0.36;302.57;3.45;1130;19;2064.00;31
4867;16;4850381;4867;438;5997;6028;5.84;0.35;302.57;3.45;1130;19;2065.00;31
4869;16;4850394;4869;441;5997;6028;5.80;0.35;302.53;3.45;1128;19;2066.00;31
4869;16;4850406;4869;447;5998;6029;5.73;0.35;302.53;3.45;1129;19;2067.00;31
4871;16;4850418;4871;451;5998;6030;5.64;0.34;302.55;3.45;1127;19;2068.00;32
4873;16;4850430;4873;452;5998;6030;5.55;0.34;302.55;3.45;1125;19;2069.00;32
4876;16;4850448;4876;448;6002;6036;5.52;0.33;302.57;3.44;1126;19;2070.00;34
4876;16;4850463;4876;448;6002;6036;5.49;0.33;302.57;3.44;1126;19;2071.00;34
4879;16;4850478;4879;447;6004;6036;5.45;0.33;302.63;3.44;1125;19;2072.00;32
4879;16;4850492;4879;452;6004;6036;5.40;0.33;302.63;3.44;1125;19;2073.00;32
4880;16;4850505;4880;451;6009;6042;5.40;0.33;302.63;3.44;1129;19;2074.00;33
4883;17;4850517;4883;446;6009;6042;5.33;0.32;302.81;3.44;1126;20;2075.00;33
4886;17;4850545;4886;451;6009;6042;5.28;0.32;302.86;3.44;1123;20;2076.00;33
4887;17;4850558;4887;446;6009;6042;5.23;0.32;302.98;3.44;1122;20;2077.00;33
4887;17;4850570;4887;452;6012;6046;5.20;0.32;302.98;3.44;1125;20;2078.00;34
4888;17;4850589;4888;445;6013;6047;5.19;0.32;303.12;3.44;1125;20;2079.00;34
4891;17;4850600;4891;441;6013;6047;5.21;0.32;303.28;3.44;1122;20;2080.00;34
4895;17;4850612;4895;439;6014;6048;5.17;0.31;303.39;3.44;1119;20;2081.00;34
4896;17;4850625;4896;440;6014;6048;5.15;0.31;303.47;3.44;1118;20;2082.00;34
4899;17;4850642;4899;440;6014;6048;5.14;0.31;303.56;3.44;1115;20;2083.00;34
4902;17;4850658;4902;436;6014;6048;5.11;0.31;303.66;3.44;1112;20;2084.00;34
4903;17;4850670;4903;444;6016;6048;5.10;0.31;303.67;3.48;1113;20;2085.00;32
4907;17;4850684;4907;441;6016;6048;5.12;0.31;303.70;3.48;1109;20;2086.00;32
4912;17;4850697;4912;449;6016;6048;5.14;0.31;303.79;3.48;1104;20;2087.00;32
4914;17;4850709;4914;450;6052;6118;5.31;0.32;303.77;3.46;1138;20;2088.00;66
4917;17;4850726;4917;444;6052;6119;5.24;0.32;303.75;3.46;1135;20;2089.00;67
4919;17;4850739;4919;441;6061;6119;5.29;0.32;303.74;3.46;1142;20;2090.00;58
4920;17;4850751;4920;444;6062;6119;5.29;0.32;303.76;3.46;1142;20;2091.00;57
4920;17;4850763;4920;443;6066;6119;5.31;0.32;303.76;3.46;1146;20;2092.00;53
4922;17;4850775;4922;446;6067;6119;5.36;0.33;303.75;3.46;1145;20;2093.00;52
4926;17;4850786;4926;449;6069;6119;5.38;0.33;303.64;3.46;1143;20;2094.00;50
4929;17;4850798;4929;447;6072;6119;5.39;0.33;303.59;3.46;1143;20;2095.00;47
4930;17;4850810;4930;449;6072;6120;5.39;0.33;303.55;3.46;1142;20;2096.00;48
4931;17;4850823;4931;447;6075;6121;5.41;0.33;303.49;3.46;1144;20;2097.00;46
4932;17;4850835;4932;435;6076;6121;5.40;0.33;303.53;3.46;1144;20;2098.00;45
4935;17;4850846;4935;432;6082;6125;5.41;0.33;303.43;3.47;1147;20;2099.00;43
4937;17;4850861;4937;437;6089;6140;5.40;0.33;303.35;3.47;1152;20;2100.00;51
4939;17;4850888;4939;429;6090;6140;5.42;0.33;303.35;3.47;1151;20;2101.00;50
4939;17;4850902;4939;433;6091;6140;5.45;0.33;303.35;3.47;1152;20;2102.00;49
4941;17;4850914;4941;436;6095;6146;5.47;0.33;303.30;3.47;1154;20;2103.00;51
4943;17;4850933;4943;440;6096;6146;5.43;0.33;303.25;3.47;1153;20;2104.00;50
4944;17;4850955;4944;447;6096;6146;5.40;0.33;303.20;3.47;1152;20;2105.00;50
4946;17;4850970;4946;445;6100;6149;5.41;0.33;303.16;3.47;1154;20;2106.00;49
4947;17;4850983;4947;452;6100;6149;5.37;0.33;303.10;3.47;1153;20;2107.00;49
4949;17;4850998;4949;458;6101;6149;5.30;0.32;303.04;3.47;1152;20;2108.00;48
4952;17;4851011;4952;460;6101;6150;5.22;0.32;303.11;3.47;1149;20;2109.00;49
4952;17;4851024;4952;468;6103;6151;5.15;0.32;303.11;3.49;1151;20;2110.00;48
4956;17;4851036;4956;478;6104;6151;5.07;0.31;303.18;3.49;1148;20;2111.00;47
4958;17;4851049;4958;480;6114;6164;5.01;0.31;303.07;3.49;1156;20;2112.00;50
4959;17;4851068;4959;480;6114;6164;5.00;0.31;303.11;3.49;1155;20;2113.00;50
4961;17;4851081;4961;488;6117;6164;4.94;0.30;303.05;3.54;1156;20;2114.00;47
4962;17;4851093;4962;490;6119;6166;4.91;0.30;302.99;3.54;1157;20;2115.00;47
4962;17;4851105;4962;501;6121;6166;4.87;0.30;302.99;3.56;1159;20;2116.00;45
4964;17;4851118;4964;504;6124;6170;4.87;0.30;303.05;3.56;1160;20;2117.00;46
4965;17;4851131;4965;511;6125;6170;4.81;0.30;302.99;3.56;1160;20;2118.00;45
4966;17;4851147;4966;514;6129;6174;4.77;0.29;302.94;3.58;1163;20;2119.00;45
4967;17;4851161;4967;518;6129;6174;4.74;0.29;302.92;3.58;1162;20;2120.00;45
4968;17;4851177;4968;519;6130;6174;4.64;0.29;302.92;3.60;1162;20;2121.00;44
4970;17;4851193;4970;523;6131;6174;4.57;0.28;302.88;3.61;1161;20;2122.00;43
4972;17;4851207;4972;527;6132;6174;4.52;0.28;302.81;3.63;1160;20;2123.00;42
4973;17;4851220;4973;542;6142;6186;4.54;0.28;302.78;3.63;1169;20;2124.00;44
4975;17;4851232;4975;528;6144;6186;4.51;0.28;302.73;3.67;1169;20;2125.00;42
4977;17;4851245;4977;518;6146;6186;4.49;0.27;302.67;3.67;1169;20;2126.00;40
4979;17;4851256;4979;517;6147;6186;4.46;0.27;302.60;3.68;1168;20;2127.00;39
4980;17;4851269;4980;515;6151;6186;4.46;0.27;302.58;3.73;1171;20;2128.00;35
4981;17;4851282;4981;507;6151;6186;4.47;0.27;302.55;3.73;1170;20;2129.00;35
4981;17;4851295;4981;497;6154;6187;4.48;0.27;302.55;3.76;1173;20;2130.00;33
4982;17;4851307;4982;489;6154;6187;4.55;0.28;302.54;3.76;1172;20;2131.00;33
4983;17;4851321;4983;487;6161;6193;4.60;0.28;302.62;3.80;1178;20;2132.00;32
4985;17;4851339;4985;476;6162;6194;4.62;0.28;302.62;3.80;1177;20;2133.00;32
4988;17;4851352;4988;475;6162;6194;4.64;0.28;302.70;3.80;1174;20;2134.00;32
4991;17;4851363;4991;477;6164;6194;4.59;0.28;302.69;3.83;1173;20;2135.00;30
4992;17;4851375;4992;476;6167;6198;4.58;0.28;302.63;3.83;1175;20;2136.00;31
4994;17;4851387;4994;479;6167;6198;4.53;0.27;302.65;3.83;1173;20;2137.00;31
4994;17;4851400;4994;480;6169;6198;4.46;0.27;302.65;3.87;1175;20;2138.00;29
4995;17;4851412;4995;481;6170;6199;4.46;0.27;302.67;3.87;1175;20;2139.00;29
4996;17;4851428;4996;487;6175;6203;4.46;0.27;302.65;3.91;1179;20;2140.00;28
4998;17;4851444;4998;491;6175;6203;4.43;0.27;302.68;3.91;1177;20;2141.00;28
5001;17;4851457;5001;498;6179;6206;4.45;0.27;302.69;3.94;1178;20;2142.00;27
5002;17;4851470;5002;503;6179;6206;4.46;0.27;302.74;3.94;1177;20;2143.00;27
5003;17;4851481;5003;498;6180;6206;4.44;0.27;302.74;3.94;1177;20;2144.00;26
5005;17;4851494;5005;486;6180;6206;4.45;0.27;302.72;3.94;1175;20;2145.00;26
5008;17;4851506;5008;468;6184;6210;4.50;0.27;302.73;3.93;1176;20;2146.00;26
5011;17;4851519;5011;467;6184;6210;4.52;0.27;302.88;3.93;1173;20;2147.00;26
5013;17;4851531;5013;462;6184;6210;4.58;0.28;302.94;3.93;1171;20;2148.00;26
5016;17;4851542;5016;459;6184;6210;4.59;0.28;303.07;3.93;1168;20;2149.00;26
5018;17;4851554;5018;454;6184;6211;4.61;0.28;302.99;3.93;1166;20;2150.00;27
5023;17;4851565;5023;455;6185;6212;4.58;0.28;303.11;3.93;1162;20;2151.00;27
5026;17;4851577;5026;441;6185;6212;4.64;0.28;303.11;3.93;1159;20;2152.00;27
5029;17;4851590;5029;443;6186;6213;4.67;0.28;303.17;3.93;1157;20;2153.00;27
5029;17;4851602;5029;434;6186;6213;4.71;0.29;303.17;3.93;1157;20;2154.00;27
5034;17;4851614;5034;429;6186;6213;4.70;0.28;303.35;3.93;1152;20;2155.00;27
5037;17;4851631;5037;425;6186;6213;4.73;0.29;303.37;3.93;1149;20;2156.00;27
5039;17;4851643;5039;416;6186;6213;4.75;0.29;303.60;3.93;1147;20;2157.00;27
5044;17;4851656;5044;410;6186;6213;4.80;0.29;303.90;3.93;1142;20;2158.00;27
5046;17;4851669;5046;403;6186;6213;4.91;0.30;303.89;3.93;1140;20;2159.00;27
5049;17;4851688;5049;420;6285;6443;5.51;0.34;303.95;3.87;1236;20;2160.00;158
5053;17;4851721;5053;414;6294;6444;5.64;0.35;304.03;3.87;1241;20;2161.00;150
5054;17;4851735;5054;408;6305;6444;5.72;0.36;304.06;3.86;1251;20;2162.00;139
5059;17;4851749;5059;406;6319;6444;5.78;0.36;304.16;3.86;1260;20;2163.00;125
5062;17;4851762;5062;402;6327;6444;5.81;0.36;304.29;3.86;1265;20;2164.00;117
5064;17;4851777;5064;399;6336;6444;5.82;0.36;304.21;3.86;1272;20;2165.00;108
5067;17;4851791;5067;393;6345;6444;5.81;0.36;304.25;3.87;1278;20;2166.00;99
5070;17;4851804;5070;400;6349;6444;5.81;0.36;304.33;3.87;1279;20;2167.00;95
5075;17;4851819;5075;405;6355;6445;5.78;0.36;304.52;3.87;1280;20;2168.00;90
5078;17;4851833;5078;405;6359;6446;5.77;0.36;304.74;3.88;1281;20;2169.00;87
5081;17;4851853;5081;414;6364;6446;5.77;0.36;304.90;3.88;1283;20;2170.00;82
5084;17;4851874;5084;421;6368;6447;5.77;0.36;304.95;3.89;1284;20;2171.00;79
5091;17;4851891;5091;428;6370;6447;5.73;0.35;305.05;3.89;1279;20;2172.00;77
5094;17;4851906;5094;432;6370;6447;5.72;0.35;305.26;3.89;1276;20;2173.00;77
5097;17;4851922;5097;439;6371;6447;5.72;0.35;305.33;3.89;1274;20;2174.00;76
5101;17;4851937;5101;449;6374;6451;5.66;0.35;305.39;3.89;1273;20;2175.00;77
5101;17;4851953;5101;454;6376;6451;5.68;0.35;305.39;3.89;1275;20;2176.00;75
5106;17;4851968;5106;452;6378;6451;5.66;0.35;305.66;3.90;1272;20;2177.00;73
5112;17;4851986;5112;458;6379;6454;5.60;0.34;306.07;3.90;1267;20;2178.00;75
5115;17;4852002;5115;467;6380;6454;5.62;0.34;306.06;3.90;1265;20;2179.00;74
5122;17;4852020;5122;467;6383;6454;5.56;0.34;306.21;3.91;1261;20;2180.00;71
5124;17;4852039;5124;465;6387;6458;5.61;0.34;306.35;3.91;1263;20;2181.00;71
5126;17;4852058;5126;473;6387;6459;5.61;0.34;306.50;3.91;1261;20;2182.00;72
5131;17;4852075;5131;472;6389;6459;5.57;0.34;306.61;3.92;1258;20;2183.00;70
5136;17;4852098;5136;474;6389;6463;5.58;0.34;306.87;3.92;1253;20;2184.00;74
5139;17;4852118;5139;479;6390;6463;5.56;0.34;306.93;3.92;1251;20;2185.00;73
5143;17;4852141;5143;482;6390;6463;5.51;0.34;307.01;3.92;1247;20;2186.00;73
5150;17;4852162;5150;486;6390;6464;5.40;0.33;307.40;3.92;1240;20;2187.00;74
5153;17;4852183;5153;486;6392;6464;5.34;0.33;307.53;3.92;1239;20;2188.00;72
5158;17;4852198;5158;490;6395;6470;5.25;0.32;307.74;3.92;1237;20;2189.00;75
5161;17;4852215;5161;495;6396;6470;5.20;0.32;307.93;3.93;1235;20;2190.00;74
5164;17;4852229;5164;505;6397;6471;5.15;0.31;308.06;3.93;1233;20;2191.00;74
5165;17;4852242;5165;502;6397;6471;5.12;0.31;308.08;3.93;1232;20;2192.00;74
5168;17;4852256;5168;498;6400;6471;5.09;0.31;308.11;3.94;1232;20;2193.00;71
5175;17;4852271;5175;496;6401;6471;5.04;0.31;308.51;3.95;1226;20;2194.00;70
5176;17;4852285;5176;500;6401;6471;5.01;0.31;308.48;3.95;1225;20;2195.00;70
5178;17;4852299;5178;497;6410;6483;5.04;0.31;308.51;3.95;1232;20;2196.00;73
5180;18;4852314;5180;500;6413;6483;5.06;0.31;308.68;3.96;1233;21;2197.00;70
5183;18;4852335;5183;500;6414;6483;5.06;0.31;308.87;3.96;1231;21;2198.00;69
5186;18;4852349;5186;499;6415;6483;5.06;0.31;308.89;3.97;1229;21;2199.00;68
5189;18;4852368;5189;495;6416;6483;5.08;0.31;309.22;3.97;1227;21;2200.00;67
5193;18;4852386;5193;478;6418;6483;5.13;0.31;309.39;3.97;1225;21;2201.00;65
5194;18;4852400;5194;477;6423;6487;5.19;0.32;309.51;3.98;1229;21;2202.00;64
5198;18;4852415;5198;472;6426;6487;5.23;0.32;309.71;3.99;1228;21;2203.00;61
5202;18;4852429;5202;478;6430;6491;5.31;0.32;309.78;3.99;1228;21;2204.00;61
5207;18;4852443;5207;483;6433;6493;5.33;0.32;309.87;3.99;1226;21;2205.00;60
5208;18;4852457;5208;491;6436;6493;5.36;0.33;309.84;3.99;1228;21;2206.00;57
5213;18;4852474;5213;486;6436;6493;5.36;0.33;309.76;3.99;1223;21;2207.00;57
5217;18;4852488;5217;491;6443;6506;5.35;0.33;309.94;3.99;1226;21;2208.00;63
5220;18;4852504;5220;499;6444;6506;5.32;0.32;310.04;3.99;1224;21;2209.00;62
5223;18;4852518;5223;507;6447;6508;5.31;0.32;310.19;3.98;1224;21;2210.00;61
5225;18;4852532;5225;511;6449;6509;5.27;0.32;310.23;3.99;1224;21;2211.00;60
5228;18;4852546;5228;513;6449;6510;5.23;0.32;310.35;3.99;1221;21;2212.00;61
5230;18;4852560;5230;517;6449;6510;5.20;0.32;310.33;3.99;1219;21;2213.00;61
5231;18;4852576;5231;523;6451;6513;5.24;0.32;310.48;3.99;1220;21;2214.00;62
5231;18;4852592;5231;512;6452;6513;5.24;0.32;310.48;3.99;1221;21;2215.00;61
5233;18;4852609;5233;517;6452;6513;5.25;0.32;310.56;3.99;1219;21;2216.00;61
5233;18;4852624;5233;506;6452;6513;5.31;0.32;310.56;3.99;1219;21;2217.00;61
5235;18;4852639;5235;506;6457;6519;5.36;0.33;310.61;3.99;1222;21;2218.00;62
5240;18;4852654;5240;501;6457;6519;5.37;0.33;310.64;3.99;1217;21;2219.00;62
5244;18;4852669;5244;502;6457;6519;5.35;0.33;310.75;3.99;1213;21;2220.00;62
5247;18;4852683;5247;504;6457;6519;5.34;0.32;310.66;3.99;1210;21;2221.00;62
5251;18;4852696;5251;504;6460;6523;5.31;0.32;310.83;3.99;1209;21;2222.00;63
5253;18;4852709;5253;502;6462;6524;5.35;0.33;310.81;3.99;1209;21;2223.00;62
5255;18;4852724;5255;499;6462;6524;5.33;0.32;310.96;3.99;1207;21;2224.00;62
5255;18;4852740;5255;502;6463;6525;5.37;0.33;310.96;3.99;1208;21;2225.00;62
5258;18;4852757;5258;502;6463;6525;5.35;0.33;310.91;3.99;1205;21;2226.00;62
5259;18;4852771;5259;503;6463;6525;5.27;0.32;310.94;3.99;1204;21;2227.00;62
5261;18;4852785;5261;506;6463;6525;5.23;0.32;310.90;3.99;1202;21;2228.00;62
5263;18;4852798;5263;511;6463;6525;5.12;0.31;310.92;3.99;1200;21;2229.00;62
5264;18;4852811;5264;517;6463;6525;5.11;0.31;310.90;3.99;1199;21;2230.00;62
5265;19;4852824;5265;526;6463;6525;5.06;0.31;310.96;3.99;1198;22;2231.00;62
5269;19;4852858;5269;536;6493;6595;5.13;0.31;310.89;3.98;1224;22;2232.00;102
5272;20;4852876;5272;538;6494;6596;5.10;0.31;311.05;3.97;1222;23;2233.00;102
5274;20;4852905;5274;542;6500;6596;5.13;0.31;311.02;3.97;1226;23;2234.00;96
5275;20;4852919;5275;544;6502;6596;5.09;0.31;311.01;3.97;1227;23;2235.00;94
5277;20;4852931;5277;547;6505;6596;5.06;0.31;311.06;3.97;1228;23;2236.00;91
5280;20;4852944;5280;545;6506;6596;4.99;0.30;311.11;3.97;1226;23;2237.00;90
5280;20;4852957;5280;556;6509;6596;5.00;0.31;311.11;3.97;1229;23;2238.00;87
5282;21;4852970;5282;550;6513;6596;4.99;0.31;311.08;3.99;1231;24;2239.00;83
5283;21;4852992;5283;553;6516;6597;4.99;0.31;311.11;3.99;1233;24;2240.00;81
5287;21;4853004;5287;551;6520;6598;4.95;0.30;311.10;3.99;1233;24;2241.00;78
5290;21;4853020;5290;548;6522;6598;4.96;0.30;311.10;3.99;1232;24;2242.00;76
5292;21;4853036;5292;544;6525;6602;4.93;0.30;311.14;3.99;1233;24;2243.00;77
5297;21;4853049;5297;537;6525;6602;4.88;0.30;311.03;3.99;1228;24;2244.00;77
5300;21;4853063;5300;547;6527;6602;4.77;0.29;311.04;3.99;1227;24;2245.00;75
5303;21;4853077;5303;539;6527;6602;4.71;0.29;311.01;3.99;1224;24;2246.00;75
5305;21;4853091;5305;540;6531;6608;4.70;0.29;311.00;3.99;1226;24;2247.00;77
5311;21;4853106;5311;532;6531;6608;4.62;0.28;310.89;3.99;1220;24;2248.00;77
5313;21;4853119;5313;530;6531;6608;4.60;0.28;310.91;3.99;1218;24;2249.00;77
5318;21;4853132;5318;535;6537;6614;4.57;0.28;310.95;4.04;1219;24;2250.00;77
5320;21;4853146;5320;535;6537;6614;4.59;0.28;310.99;4.04;1217;24;2251.00;77
5323;21;4853160;5323;540;6539;6614;4.64;0.28;311.01;4.04;1216;24;2252.00;75
5325;21;4853172;5325;539;6539;6615;4.67;0.28;310.93;4.04;1214;24;2253.00;76
5328;21;4853185;5328;539;6540;6616;4.70;0.29;310.98;4.04;1212;24;2254.00;76
5330;21;4853197;5330;540;6540;6616;4.71;0.29;310.99;4.04;1210;24;2255.00;76
5332;21;4853209;5332;548;6548;6629;4.74;0.29;310.90;4.04;1216;24;2256.00;81
5333;21;4853222;5333;551;6550;6629;4.76;0.29;310.86;4.05;1217;24;2257.00;79
5335;21;4853234;5335;555;6550;6629;4.74;0.29;310.87;4.05;1215;24;2258.00;79
5336;21;4853247;5336;555;6552;6630;4.77;0.29;310.82;4.06;1216;24;2259.00;78
5340;21;4853260;5340;563;6552;6630;4.70;0.28;310.83;4.06;1212;24;2260.00;78
5340;21;4853273;5340;561;6558;6634;4.73;0.29;310.83;4.09;1218;24;2261.00;76
5343;21;4853287;5343;562;6559;6634;4.73;0.29;310.83;4.10;1216;24;2262.00;75
5345;21;4853299;5345;559;6562;6638;4.73;0.29;310.76;4.10;1217;24;2263.00;76
5348;21;4853311;5348;553;6564;6638;4.75;0.29;310.71;4.12;1216;24;2264.00;74
5348;21;4853323;5348;561;6566;6638;4.76;0.29;310.71;4.13;1218;24;2265.00;72
5351;21;4853335;5351;558;6567;6638;4.73;0.29;310.66;4.14;1216;24;2266.00;71
5351;21;4853352;5351;559;6569;6638;4.71;0.29;310.66;4.15;1218;24;2267.00;69
5351;21;4853365;5351;565;6579;6650;4.77;0.29;310.66;4.15;1228;25;2268.00;71
5351;21;4853388;5351;567;6580;6650;4.78;0.29;310.66;4.15;1229;25;2269.00;70
5353;21;4853400;5353;568;6583;6650;4.76;0.29;310.64;4.16;1230;25;2270.00;67
5353;21;4853412;5353;567;6583;6650;4.72;0.29;310.64;4.16;1230;25;2271.00;67
5353;21;4853424;5353;555;6584;6650;4.70;0.29;310.64;4.17;1231;25;2272.00;66
5354;21;4853436;5354;554;6585;6650;4.68;0.29;310.74;4.17;1231;25;2273.00;65
5355;21;4853448;5355;548;6586;6651;4.68;0.29;310.69;4.21;1231;25;2274.00;65
5357;21;4853460;5357;552;6587;6651;4.65;0.28;310.62;4.21;1230;25;2275.00;64
5360;21;4853477;5360;544;6593;6657;4.68;0.28;310.60;4.24;1233;25;2276.00;64
5361;21;4853493;5361;540;6595;6658;4.68;0.29;310.55;4.27;1234;25;2277.00;63
5362;21;4853507;5362;544;6596;6658;4.69;0.29;310.53;4.27;1234;25;2278.00;62
5363;21;4853520;5363;543;6596;6658;4.68;0.29;310.52;4.27;1233;25;2279.00;62
5364;21;4853535;5364;537;6601;6663;4.75;0.29;310.49;4.34;1237;25;2280.00;62
5365;21;4853548;5365;540;6601;6663;4.78;0.29;310.54;4.34;1236;25;2281.00;62
5366;21;4853562;5366;541;6602;6663;4.78;0.29;310.48;4.34;1236;25;2282.00;61
5367;21;4853575;5367;541;6605;6664;4.82;0.29;310.48;4.40;1238;25;2283.00;59
5369;21;4853588;5369;539;6608;6668;4.85;0.30;310.51;4.40;1239;25;2284.00;60
5369;21;4853602;5369;543;6609;6668;4.88;0.30;310.51;4.43;1240;25;2285.00;59
5370;21;4853615;5370;544;6611;6671;4.89;0.30;310.54;4.43;1241;25;2286.00;60
5370;21;4853639;5370;537;6614;6671;4.90;0.30;310.54;4.49;1244;25;2287.00;57
5372;21;4853652;5372;536;6615;6671;4.87;0.30;310.48;4.52;1243;25;2288.00;56
5373;21;4853665;5373;536;6616;6671;4.88;0.30;310.45;4.54;1243;25;2289.00;55
5376;21;4853677;5376;531;6620;6675;4.96;0.30;310.36;4.54;1244;26;2290.00;55
5377;21;4853698;5377;530;6620;6675;5.01;0.31;310.33;4.54;1243;26;2291.00;55
5378;21;4853710;5378;527;6620;6675;5.03;0.31;310.31;4.54;1242;26;2292.00;55
5381;21;4853723;5381;531;6623;6675;5.01;0.31;310.19;4.62;1242;26;2293.00;52
5381;21;4853735;5381;525;6623;6676;5.05;0.31;310.19;4.62;1242;26;2294.00;53
5383;21;4853747;5383;524;6626;6678;5.08;0.31;310.13;4.65;1243;26;2295.00;52
5387;21;4853761;5387;521;6626;6678;5.05;0.31;310.36;4.65;1239;26;2296.00;52
5390;21;4853774;5390;520;6627;6679;5.05;0.31;310.53;4.65;1237;26;2297.00;52
5391;21;4853787;5391;520;6627;6679;5.04;0.31;310.49;4.65;1236;26;2298.00;52
5394;21;4853799;5394;516;6631;6679;5.02;0.31;310.51;4.76;1237;26;2299.00;48
5396;21;4853813;5396;512;6631;6679;5.03;0.31;310.53;4.76;1235;26;2300.00;48
5397;21;4853830;5397;508;6633;6679;5.01;0.30;310.52;4.80;1236;26;2301.00;46
5398;21;4853843;5398;515;6633;6679;4.97;0.30;310.49;4.80;1235;26;2302.00;46
5399;21;4853855;5399;513;6633;6679;4.97;0.30;310.52;4.80;1234;26;2303.00;46
5401;21;4853867;5401;530;6706;6806;5.19;0.32;310.78;4.80;1305;26;2304.00;100
5404;21;4853889;5404;524;6710;6807;5.20;0.32;310.77;4.80;1306;26;2305.00;97
5409;21;4853903;5409;522;6718;6807;5.16;0.32;311.11;4.82;1309;26;2306.00;89
5412;21;4853915;5412;515;6723;6807;5.13;0.32;311.40;4.83;1311;26;2307.00;84
5414;21;4853928;5414;512;6728;6807;5.09;0.31;311.37;4.85;1314;26;2308.00;79
5418;21;4853941;5418;509;6729;6807;5.02;0.31;311.48;4.85;1311;26;2309.00;78
5420;21;4853960;5420;495;6733;6807;4.93;0.30;311.55;4.85;1313;26;2310.00;74
5423;21;4853974;5423;496;6735;6807;4.84;0.30;311.58;4.88;1312;26;2311.00;72
5425;21;4853987;5425;483;6738;6808;4.87;0.30;311.61;4.88;1313;26;2312.00;70
5431;21;4854000;5431;481;6739;6809;4.81;0.30;311.69;4.88;1308;26;2313.00;70
5431;21;4854015;5431;479;6741;6809;4.85;0.30;311.69;4.88;1310;26;2314.00;68
5434;21;4854028;5434;479;6743;6810;4.86;0.30;311.67;4.88;1309;26;2315.00;67
5437;21;4854042;5437;481;6745;6810;4.89;0.30;311.67;4.88;1308;26;2316.00;65
5440;21;4854057;5440;475;6747;6810;4.93;0.30;311.79;4.89;1307;26;2317.00;63
5444;21;4854073;5444;482;6748;6810;4.93;0.30;311.94;4.89;1304;26;2318.00;62
5446;21;4854090;5446;475;6753;6814;4.94;0.31;311.92;4.89;1307;26;2319.00;61
5447;21;4854107;5447;475;6754;6814;4.96;0.31;311.99;4.89;1307;26;2320.00;60
5451;21;4854121;5451;468;6755;6814;4.98;0.31;311.99;4.89;1304;26;2321.00;59
5455;21;4854136;5455;466;6757;6817;4.95;0.31;312.11;4.90;1302;26;2322.00;60
5457;21;4854153;5457;462;6757;6817;4.98;0.31;312.08;4.90;1300;26;2323.00;60
5464;21;4854172;5464;464;6758;6817;5.00;0.31;312.22;4.90;1294;26;2324.00;59
5466;21;4854188;5466;462;6762;6821;5.08;0.31;312.31;4.90;1296;26;2325.00;59
5468;21;4854203;5468;462;6764;6822;5.17;0.32;312.36;4.90;1296;26;2326.00;58
5474;21;4854218;5474;453;6765;6822;5.23;0.32;312.55;4.90;1291;26;2327.00;57
5478;21;4854233;5478;454;6766;6826;5.29;0.33;312.77;4.90;1288;26;2328.00;60
5481;21;4854247;5481;442;6766;6826;5.37;0.33;312.86;4.90;1285;26;2329.00;60
5488;21;4854261;5488;448;6767;6826;5.42;0.33;312.99;4.90;1279;26;2330.00;59
5492;21;4854284;5492;443;6767;6827;5.44;0.34;313.01;4.90;1275;26;2331.00;60
5496;21;4854304;5496;436;6767;6827;5.45;0.34;313.10;4.90;1271;26;2332.00;60
5500;21;4854321;5500;428;6770;6833;5.45;0.34;313.30;4.90;1270;26;2333.00;63
5507;21;4854342;5507;425;6770;6833;5.43;0.33;313.51;4.90;1263;26;2334.00;63
5509;21;4854357;5509;423;6770;6834;5.46;0.34;313.68;4.90;1261;26;2335.00;64
5514;21;4854371;5514;416;6770;6834;5.45;0.34;313.83;4.90;1256;26;2336.00;64
5518;21;4854386;5518;411;6770;6834;5.47;0.34;313.91;4.90;1252;26;2337.00;64
5522;21;4854400;5522;405;6771;6834;5.49;0.34;314.06;4.90;1249;26;2338.00;63
5526;21;4854415;5526;406;6771;6834;5.43;0.33;314.19;4.90;1245;26;2339.00;63
5531;21;4854431;5531;403;6793;6870;5.50;0.34;314.43;4.89;1262;26;2340.00;77
5534;21;4854448;5534;407;6795;6870;5.52;0.34;314.52;4.89;1261;26;2341.00;75
5543;21;4854462;5543;409;6797;6870;5.51;0.34;314.81;4.89;1254;26;2342.00;73
5546;21;4854476;5546;417;6798;6870;5.53;0.34;314.88;4.89;1252;26;2343.00;72
5551;21;4854490;5551;416;6800;6870;5.52;0.34;314.93;4.89;1249;26;2344.00;70
5553;21;4854504;5553;420;6801;6870;5.53;0.34;314.96;4.89;1248;26;2345.00;69
5557;21;4854520;5557;417;6806;6874;5.59;0.34;314.99;4.89;1249;26;2346.00;68
5561;21;4854542;5561;423;6806;6874;5.62;0.35;315.11;4.89;1245;26;2347.00;68
5566;21;4854558;5566;431;6810;6878;5.62;0.35;315.19;4.90;1244;26;2348.00;68
5570;21;4854573;5570;429;6810;6879;5.62;0.34;315.29;4.90;1240;26;2349.00;69
5573;21;4854588;5573;430;6812;6879;5.56;0.34;315.28;4.90;1239;26;2350.00;67
5576;21;4854602;5576;440;6813;6879;5.51;0.34;315.32;4.90;1237;26;2351.00;66
5581;21;4854616;5581;446;6823;6892;5.46;0.33;315.39;4.90;1242;26;2352.00;69
5585;21;4854631;5585;449;6825;6892;5.42;0.33;315.57;4.90;1240;26;2353.00;67
5590;21;4854645;5590;452;6826;6892;5.39;0.33;315.74;4.90;1236;26;2354.00;66
5594;21;4854659;5594;450;6827;6893;5.37;0.33;315.76;4.90;1233;26;2355.00;66
5597;21;4854673;5597;457;6828;6894;5.28;0.32;315.74;4.90;1231;26;2356.00;66
5599;21;4854687;5599;455;6829;6894;5.23;0.32;315.77;4.90;1230;26;2357.00;65
5603;21;4854701;5603;460;6831;6897;5.13;0.31;315.81;4.90;1228;26;2358.00;66
5606;21;4854715;5606;465;6832;6897;5.10;0.31;315.80;4.90;1226;26;2359.00;65
5607;21;4854732;5607;471;6833;6897;5.07;0.31;315.86;4.90;1226;26;2360.00;64
5609;21;4854749;5609;472;6833;6897;5.09;0.31;315.84;4.90;1224;26;2361.00;64
5612;21;4854764;5612;471;6838;6903;5.12;0.31;315.78;4.89;1226;26;2362.00;65
5616;21;4854778;5616;479;6838;6903;5.12;0.31;315.91;4.89;1222;26;2363.00;65
5618;21;4854793;5618;482;6839;6903;5.13;0.31;315.90;4.92;1221;26;2364.00;64
5625;21;4854806;5625;484;6839;6903;5.03;0.31;316.12;4.92;1214;26;2365.00;64
5627;21;4854819;5627;478;6842;6907;5.06;0.31;316.18;4.92;1215;26;2366.00;65
5631;21;4854834;5631;473;6843;6908;5.03;0.31;316.24;4.92;1212;26;2367.00;65
5632;21;4854847;5632;466;6843;6908;5.04;0.31;316.39;4.92;1211;26;2368.00;65
5634;21;4854863;5634;462;6844;6909;5.07;0.31;316.48;4.92;1210;26;2369.00;65
5635;21;4854881;5635;464;6844;6909;5.13;0.31;316.49;4.92;1209;26;2370.00;65
5635;21;4854898;5635;472;6844;6909;5.11;0.31;316.49;4.92;1209;26;2371.00;65
5638;21;4854913;5638;471;6844;6909;5.05;0.31;316.53;4.92;1206;26;2372.00;65
5641;21;4854927;5641;472;6844;6909;4.99;0.31;316.58;4.92;1203;26;2373.00;65
5644;21;4854941;5644;469;6844;6909;4.99;0.30;316.74;4.92;1200;26;2374.00;65
5649;21;4854954;5649;470;6844;6909;4.93;0.30;316.83;4.92;1195;26;2375.00;65
5650;21;4854967;5650;487;6882;6979;4.97;0.30;316.93;4.89;1232;26;2376.00;97
5653;21;4854986;5653;481;6882;6980;4.98;0.31;316.88;4.89;1229;26;2377.00;98
5657;21;4855000;5657;478;6889;6980;5.04;0.31;316.97;4.89;1232;26;2378.00;91
5658;21;4855014;5658;472;6891;6980;5.12;0.31;316.95;4.89;1233;26;2379.00;89
5661;21;4855029;5661;473;6894;6980;5.20;0.32;317.13;4.92;1233;26;2380.00;86
5664;21;4855043;5664;464;6895;6980;5.25;0.32;317.18;4.92;1231;26;2381.00;85
5666;21;4855061;5666;462;6899;6980;5.30;0.32;317.27;4.92;1233;26;2382.00;81
5668;21;4855077;5668;464;6900;6980;5.35;0.33;317.31;4.92;1232;26;2383.00;80
5670;21;4855093;5670;459;6903;6981;5.38;0.33;317.34;4.92;1233;26;2384.00;78
5671;21;4855107;5671;462;6906;6983;5.35;0.33;317.44;4.92;1235;26;2385.00;77
5678;21;4855122;5678;464;6909;6983;5.31;0.32;317.73;4.93;1231;27;2386.00;74
5680;21;4855144;5680;466;6915;6987;5.33;0.32;317.71;4.93;1235;27;2387.00;72
5683;21;4855159;5683;472;6918;6987;5.32;0.32;317.64;4.95;1235;27;2388.00;69
5687;21;4855172;5687;471;6918;6987;5.30;0.32;317.77;4.95;1231;27;2389.00;69
5690;21;4855186;5690;478;6918;6987;5.28;0.32;317.84;4.95;1228;27;2390.00;69
5694;21;4855199;5694;483;6923;6993;5.25;0.32;317.87;4.95;1229;27;2391.00;70
5696;21;4855220;5696;484;6923;6993;5.15;0.31;317.96;4.95;1227;27;2392.00;70
5698;21;4855233;5698;486;6923;6993;5.07;0.31;317.95;4.95;1225;27;2393.00;70
5699;21;4855246;5699;499;6925;6996;5.05;0.31;317.96;4.94;1226;27;2394.00;71
5702;21;4855259;5702;501;6925;6996;5.00;0.30;318.01;4.94;1223;27;2395.00;71
5704;21;4855272;5704;507;6927;6996;4.96;0.30;317.98;4.96;1223;27;2396.00;69
5706;21;4855285;5706;510;6927;6997;4.93;0.30;317.92;4.96;1221;27;2397.00;70
5707;21;4855297;5707;514;6928;6998;4.91;0.30;317.94;4.96;1221;27;2398.00;70
5711;21;4855311;5711;522;6928;6998;4.85;0.29;317.80;4.96;1217;27;2399.00;70
5713;21;4855328;5713;535;6952;7057;4.81;0.29;317.85;4.94;1239;27;2400.00;105
5714;21;4855356;5714;527;6952;7057;4.79;0.29;317.80;4.94;1238;27;2401.00;105
5714;21;4855371;5714;523;6954;7057;4.79;0.29;317.80;4.94;1240;27;2402.00;103
5715;21;4855385;5715;527;6956;7058;4.79;0.29;317.78;4.94;1241;27;2403.00;102
5718;21;4855398;5718;524;6958;7058;4.75;0.29;317.84;4.94;1240;27;2404.00;100
5719;21;4855411;5719;523;6961;7062;4.78;0.29;317.84;4.93;1242;27;2405.00;101
5722;21;4855425;5722;529;6963;7062;4.78;0.29;317.83;4.94;1241;27;2406.00;99
5725;21;4855437;5725;528;6966;7066;4.77;0.29;317.95;4.93;1241;27;2407.00;100
5728;21;4855450;5728;518;6967;7066;4.84;0.30;317.86;4.93;1239;27;2408.00;99
5730;21;4855462;5730;512;6967;7066;4.86;0.30;317.84;4.93;1237;27;2409.00;99
5731;21;4855475;5731;522;6967;7066;4.87;0.30;317.87;4.93;1236;27;2410.00;99
5735;21;4855487;5735;523;6968;7066;4.82;0.30;317.88;4.93;1233;27;2411.00;98
5737;21;4855499;5737;524;6976;7078;4.85;0.30;317.83;4.93;1239;27;2412.00;102
5742;21;4855512;5742;525;6978;7078;4.81;0.29;317.82;4.93;1236;27;2413.00;100
5744;21;4855525;5744;521;6979;7078;4.81;0.29;317.87;4.93;1235;27;2414.00;99
5744;21;4855537;5744;529;6979;7078;4.85;0.30;317.87;4.93;1235;27;2415.00;99
5749;21;4855549;5749;527;6980;7078;4.84;0.30;317.84;4.97;1231;27;2416.00;98
5752;21;4855562;5752;532;6982;7078;4.86;0.30;317.85;4.97;1230;27;2417.00;96
5754;21;4855576;5754;531;6982;7079;4.86;0.30;317.87;4.97;1228;27;2418.00;97
5757;21;4855588;5757;522;6983;7079;4.85;0.30;317.81;4.97;1226;27;2419.00;96
5759;21;4855606;5759;512;6987;7085;4.90;0.30;317.86;4.97;1228;27;2420.00;98
5760;21;4855619;5760;502;6988;7086;4.92;0.30;317.81;4.97;1228;27;2421.00;98
5762;21;4855631;5762;497;6989;7086;4.92;0.30;317.81;4.97;1227;27;2422.00;97
5764;21;4855644;5764;493;6991;7086;4.93;0.30;317.80;4.98;1227;27;2423.00;95
5768;21;4855657;5768;493;6993;7090;4.95;0.30;317.73;4.98;1225;27;2424.00;97
5770;21;4855671;5770;492;6995;7090;4.99;0.30;317.72;4.98;1225;27;2425.00;95
5771;21;4855689;5771;490;6997;7090;5.06;0.31;317.67;4.98;1226;27;2426.00;93
5774;21;4855702;5774;492;6998;7091;5.14;0.31;317.65;4.98;1224;27;2427.00;93
5775;21;4855714;5775;480;7002;7095;5.21;0.32;317.60;4.98;1227;27;2428.00;93
5777;21;4855727;5777;477;7003;7095;5.21;0.32;317.64;4.99;1226;27;2429.00;92
5778;21;4855741;5778;471;7008;7101;5.21;0.32;317.63;4.98;1230;27;2430.00;93
5781;21;4855754;5781;470;7008;7101;5.18;0.31;317.56;4.98;1227;27;2431.00;93
5782;21;4855771;5782;471;7009;7101;5.15;0.31;317.51;4.98;1227;27;2432.00;92
5782;21;4855785;5782;472;7009;7101;5.12;0.31;317.51;4.98;1227;27;2433.00;92
5784;21;4855801;5784;471;7015;7105;5.17;0.31;317.49;5.02;1231;27;2434.00;90
5785;21;4855814;5785;465;7016;7105;5.19;0.31;317.48;5.03;1231;27;2435.00;89
5786;21;4855827;5786;467;7017;7105;5.17;0.31;317.50;5.07;1231;27;2436.00;88
5787;21;4855842;5787;465;7017;7105;5.18;0.31;317.48;5.07;1230;27;2437.00;88
5787;21;4855855;5787;467;7017;7106;5.19;0.31;317.48;5.07;1230;27;2438.00;89
5789;21;4855869;5789;469;7018;7107;5.21;0.32;317.51;5.06;1229;27;2439.00;89
5791;21;4855882;5791;475;7021;7107;5.22;0.32;317.61;5.11;1230;27;2440.00;86
5792;21;4855895;5792;478;7022;7108;5.24;0.32;317.71;5.11;1230;27;2441.00;86
5793;21;4855908;5793;477;7024;7108;5.23;0.32;317.69;5.19;1231;27;2442.00;84
5794;21;4855931;5794;484;7024;7108;5.21;0.32;317.83;5.19;1230;27;2443.00;84
5796;21;4855944;5796;487;7024;7108;5.20;0.32;317.98;5.19;1228;27;2444.00;84
5799;21;4855957;5799;487;7025;7108;5.22;0.32;318.18;5.23;1226;27;2445.00;83
5801;21;4855970;5801;489;7028;7108;5.21;0.32;318.16;5.25;1227;27;2446.00;80
5804;21;4855982;5804;489;7029;7108;5.14;0.31;318.36;5.29;1225;27;2447.00;79
5806;21;4855995;5806;507;7091;7235;5.26;0.32;318.63;5.28;1285;27;2448.00;144
5808;21;4856025;5808;497;7095;7236;5.20;0.32;318.72;5.28;1287;27;2449.00;141
5809;21;4856038;5809;495;7105;7236;5.26;0.33;318.86;5.27;1296;27;2450.00;131
5814;21;4856051;5814;497;7111;7236;5.31;0.33;318.84;5.31;1297;27;2451.00;125
5814;21;4856067;5814;492;7118;7236;5.40;0.33;318.84;5.32;1304;27;2452.00;118
5818;21;4856080;5818;488;7121;7236;5.39;0.33;318.94;5.36;1303;27;2453.00;115
5820;21;4856094;5820;485;7123;7236;5.44;0.34;319.10;5.36;1303;27;2454.00;113
5822;21;4856108;5822;481;7126;7236;5.47;0.34;319.12;5.40;1304;27;2455.00;110
5824;21;4856122;5824;483;7129;7237;5.48;0.34;319.27;5.43;1305;27;2456.00;108
5831;21;4856139;5831;483;7135;7238;5.47;0.34;319.25;5.44;1304;27;2457.00;103
5834;21;4856156;5834;487;7138;7238;5.42;0.33;319.49;5.48;1304;27;2458.00;100
5837;21;4856172;5837;484;7139;7239;5.32;0.33;319.45;5.48;1302;27;2459.00;100
5842;21;4856189;5842;485;7144;7239;5.23;0.32;319.59;5.49;1302;27;2460.00;95
5847;21;4856204;5847;496;7148;7239;5.15;0.31;319.68;5.56;1301;27;2461.00;91
5848;21;4856221;5848;506;7151;7239;5.12;0.31;319.75;5.63;1303;27;2462.00;88
5849;21;4856236;5849;504;7159;7243;5.11;0.31;319.87;5.68;1310;27;2463.00;84
5854;21;4856250;5854;506;7160;7243;5.08;0.31;319.98;5.71;1306;27;2464.00;83
5855;21;4856263;5855;506;7162;7243;5.04;0.31;319.96;5.71;1307;27;2465.00;81
5856;21;4856277;5856;509;7164;7246;5.03;0.31;320.04;5.71;1308;27;2466.00;82
5859;21;4856291;5859;518;7167;7246;5.02;0.31;320.14;5.78;1308;27;2467.00;79
5859;21;4856304;5859;521;7170;7246;5.01;0.31;320.14;5.80;1311;27;2468.00;76
5862;21;4856317;5862;523;7173;7250;4.99;0.30;320.21;5.80;1311;27;2469.00;77
5863;21;4856331;5863;524;7177;7251;4.99;0.30;320.20;5.87;1314;28;2470.00;74
5865;21;4856357;5865;520;7179;7251;5.00;0.30;320.32;5.87;1314;28;2471.00;72
5867;21;4856372;5867;523;7183;7255;5.04;0.31;320.34;5.87;1316;28;2472.00;72
5869;21;4856388;5869;529;7186;7255;5.00;0.31;320.49;5.93;1317;28;2473.00;69
5872;21;4856401;5872;530;7186;7255;4.93;0.30;320.55;5.93;1314;28;2474.00;69
5876;21;4856415;5876;522;7188;7257;4.88;0.30;320.59;5.93;1312;28;2475.00;69
5879;21;4856442;5879;511;7190;7257;4.81;0.29;320.67;5.99;1311;28;2476.00;67
5884;21;4856459;5884;512;7194;7263;4.78;0.29;320.85;5.99;1310;28;2477.00;69
5886;21;4856478;5886;502;7197;7263;4.75;0.29;320.86;6.05;1311;28;2478.00;66
5893;21;4856494;5893;499;7197;7264;4.69;0.29;320.95;6.05;1304;28;2479.00;67
5896;21;4856511;5896;499;7197;7264;4.71;0.29;321.00;6.05;1301;28;2480.00;67
5898;21;4856527;5898;503;7199;7264;4.73;0.29;321.05;6.11;1301;28;2481.00;65
5902;21;4856542;5902;493;7199;7264;4.73;0.29;321.04;6.11;1297;28;2482.00;65
5906;21;4856556;5906;493;7201;7264;4.79;0.29;321.00;6.16;1295;28;2483.00;63
5911;21;4856571;5911;491;7210;7276;4.81;0.29;320.98;6.15;1299;28;2484.00;66
5912;21;4856594;5912;486;7211;7276;4.87;0.30;320.98;6.15;1299;28;2485.00;65
5915;21;4856610;5915;484;7211;7276;4.90;0.30;320.97;6.15;1296;28;2486.00;65
5917;21;4856628;5917;477;7211;7276;4.98;0.30;320.98;6.15;1294;28;2487.00;65
5919;21;4856643;5919;478;7211;7276;5.05;0.31;321.00;6.15;1292;28;2488.00;65
5925;21;4856658;5925;480;7211;7276;5.07;0.31;321.29;6.15;1286;28;2489.00;65
5927;21;4856675;5927;477;7214;7280;5.08;0.31;321.30;6.15;1287;28;2490.00;66
5931;21;4856694;5931;473;7214;7280;5.06;0.31;321.37;6.15;1283;28;2491.00;66
5932;21;4856712;5932;469;7217;7284;5.11;0.31;321.39;6.15;1285;28;2492.00;67
5938;21;4856729;5938;462;7218;7285;5.09;0.31;321.40;6.15;1280;28;2493.00;67
5941;21;4856746;5941;461;7218;7285;5.10;0.31;321.54;6.15;1277;28;2494.00;67
5942;21;4856761;5942;459;7218;7285;5.14;0.31;321.53;6.15;1276;28;2495.00;67
5946;21;4856776;5946;456;7228;7298;5.20;0.32;321.59;6.14;1282;28;2496.00;70
5951;21;4856792;5951;460;7228;7298;5.22;0.32;321.60;6.14;1277;28;2497.00;70
5955;21;4856807;5955;461;7228;7298;5.22;0.32;321.79;6.14;1273;28;2498.00;70
5957;21;4856821;5957;455;7229;7299;5.24;0.32;321.84;6.14;1272;28;2499.00;70
5964;21;4856836;5964;463;7229;7300;5.20;0.32;322.08;6.14;1265;28;2500.00;71
5966;21;4856856;5966;467;7229;7300;5.24;0.32;322.06;6.14;1263;28;2501.00;71
5969;21;4856874;5969;472;7230;7303;5.26;0.32;322.11;6.14;1261;28;2502.00;73
5974;21;4856892;5974;475;7230;7303;5.21;0.32;322.19;6.14;1256;28;2503.00;73
5977;21;4856908;5977;469;7230;7303;5.17;0.32;322.15;6.14;1253;28;2504.00;73
5981;21;4856922;5981;473;7230;7303;5.14;0.31;322.39;6.14;1249;28;2505.00;73
5984;21;4856937;5984;470;7234;7309;5.14;0.31;322.43;6.14;1250;28;2506.00;75
5985;21;4856951;5985;472;7235;7309;5.11;0.31;322.48;6.14;1250;28;2507.00;74
5991;21;4856964;5991;468;7235;7309;5.07;0.31;322.45;6.14;1244;28;2508.00;74
5997;21;4856979;5997;464;7235;7309;5.04;0.31;322.52;6.14;1238;28;2509.00;74
6001;21;4856992;6001;465;7238;7313;5.06;0.31;322.57;6.14;1237;28;2510.00;75
6008;21;4857006;6008;473;7238;7314;5.03;0.31;322.83;6.14;1230;28;2511.00;76
6012;21;4857021;6012;472;7240;7314;5.01;0.30;322.77;6.16;1228;28;2512.00;74
6017;21;4857034;6017;481;7241;7315;4.99;0.30;322.96;6.16;1224;28;2513.00;74
6021;21;4857048;6021;484;7242;7315;4.94;0.30;322.96;6.17;1221;28;2514.00;73
6024;21;4857061;6024;486;7243;7315;4.93;0.30;323.03;6.17;1219;28;2515.00;72
6026;21;4857075;6026;492;7243;7315;4.94;0.30;323.04;6.17;1217;28;2516.00;72
6030;21;4857088;6030;493;7244;7315;4.88;0.30;322.99;6.17;1214;28;2517.00;71
6033;21;4857102;6033;500;7244;7315;4.87;0.30;323.04;6.17;1211;28;2518.00;71
6036;21;4857115;6036;503;7245;7315;4.79;0.29;323.14;6.17;1209;28;2519.00;70
6037;21;4857129;6037;529;7312;7440;5.01;0.31;323.16;6.11;1275;28;2520.00;128
6042;21;4857151;6042;536;7316;7441;4.96;0.31;323.36;6.11;1274;28;2521.00;125
6045;21;4857165;6045;534;7322;7441;4.98;0.31;323.33;6.11;1277;28;2522.00;119
6051;21;4857178;6051;533;7324;7441;4.93;0.30;323.46;6.11;1273;28;2523.00;117
6052;21;4857192;6052;533;7330;7441;4.96;0.30;323.51;6.11;1278;28;2524.00;111
6056;21;4857205;6056;536;7330;7441;4.91;0.30;323.61;6.11;1274;28;2525.00;111
6059;21;4857218;6059;536;7334;7441;4.91;0.30;323.86;6.11;1275;28;2526.00;107
6063;21;4857233;6063;539;7337;7441;4.90;0.30;324.01;6.11;1274;28;2527.00;104
6063;21;4857246;6063;547;7341;7442;4.91;0.30;324.01;6.11;1278;28;2528.00;101
6065;21;4857260;6065;555;7345;7443;4.91;0.30;324.00;6.11;1280;28;2529.00;98
6068;21;4857275;6068;557;7349;7443;4.88;0.30;324.01;6.11;1281;28;2530.00;94
6069;21;4857294;6069;548;7354;7447;4.86;0.30;323.98;6.13;1285;28;2531.00;93
6071;21;4857310;6071;548;7355;7447;4.82;0.30;324.16;6.13;1284;28;2532.00;92
6076;21;4857331;6076;554;7356;7447;4.76;0.29;324.19;6.13;1280;28;2533.00;91
6081;21;4857346;6081;554;7357;7447;4.73;0.29;324.34;6.13;1276;28;2534.00;90
6082;21;4857362;6082;561;7361;7453;4.73;0.29;324.48;6.13;1279;28;2535.00;92
6082;21;4857378;6082;564;7362;7453;4.72;0.29;324.48;6.13;1280;28;2536.00;91
6087;21;4857393;6087;570;7363;7455;4.66;0.29;324.58;6.13;1276;28;2537.00;92
6089;21;4857408;6089;573;7364;7458;4.66;0.29;324.50;6.13;1275;28;2538.00;94
6090;21;4857423;6090;573;7366;7458;4.66;0.29;324.56;6.13;1276;28;2539.00;92
6094;21;4857437;6094;584;7366;7458;4.66;0.29;324.57;6.13;1272;28;2540.00;92
6097;21;4857451;6097;581;7366;7459;4.69;0.29;324.70;6.13;1269;28;2541.00;93
6099;21;4857465;6099;582;7367;7460;4.71;0.29;324.68;6.13;1268;28;2542.00;93
6102;21;4857479;6102;575;7368;7460;4.68;0.29;324.63;6.13;1266;28;2543.00;92
6105;21;4857493;6105;584;7378;7473;4.72;0.29;324.71;6.12;1273;28;2544.00;95
6108;21;4857508;6108;570;7378;7473;4.76;0.29;324.87;6.12;1270;28;2545.00;95
6110;21;4857523;6110;572;7378;7473;4.83;0.30;324.84;6.12;1268;28;2546.00;95
6112;21;4857537;6112;570;7379;7474;4.88;0.30;324.82;6.12;1267;28;2547.00;95
6116;21;4857551;6116;568;7379;7474;4.90;0.30;324.81;6.12;1263;28;2548.00;95
6121;21;4857564;6121;565;7383;7478;4.93;0.30;324.76;6.14;1262;28;2549.00;95
6124;21;4857581;6124;570;7386;7481;4.95;0.30;324.80;6.14;1262;28;2550.00;95
6126;21;4857595;6126;577;7390;7485;4.93;0.30;324.91;6.14;1264;28;2551.00;95
6128;21;4857612;6128;577;7391;7485;4.94;0.30;324.88;6.14;1263;28;2552.00;94
6130;21;4857626;6130;581;7391;7485;4.91;0.30;324.97;6.14;1261;28;2553.00;94
6134;21;4857640;6134;584;7391;7485;4.83;0.29;325.05;6.14;1257;28;2554.00;94
6137;21;4857654;6137;590;7391;7485;4.80;0.29;325.04;6.14;1254;28;2555.00;94
6142;21;4857667;6142;594;7401;7497;4.69;0.29;324.91;6.13;1259;28;2556.00;96
6144;21;4857682;6144;598;7401;7497;4.62;0.28;324.87;6.13;1257;28;2557.00;96
6146;21;4857695;6146;599;7402;7497;4.57;0.28;324.87;6.13;1256;28;2558.00;95
6149;21;4857708;6149;610;7402;7497;4.49;0.27;324.78;6.13;1253;28;2559.00;95
6153;21;4857720;6153;615;7402;7497;4.44;0.27;324.67;6.13;1249;28;2560.00;95
6153;21;4857733;6153;613;7402;7497;4.42;0.27;324.67;6.13;1249;28;2561.00;95
6153;21;4857745;6153;620;7402;7498;4.36;0.27;324.67;6.13;1249;28;2562.00;96
6156;21;4857758;6156;623;7402;7498;4.28;0.26;324.57;6.13;1246;28;2563.00;96
6157;21;4857776;6157;623;7407;7504;4.24;0.26;324.59;6.13;1250;28;2564.00;97
6157;21;4857788;6157;620;7409;7506;4.21;0.26;324.59;6.13;1252;28;2565.00;97
6158;21;4857803;6158;608;7409;7506;4.17;0.25;324.59;6.13;1251;28;2566.00;97
6159;21;4857817;6159;589;7409;7506;4.15;0.25;324.60;6.13;1250;28;2567.00;97
6163;21;4857832;6163;585;7412;7510;4.17;0.25;324.65;6.12;1249;28;2568.00;98
6163;21;4857847;6163;575;7412;7510;4.18;0.25;324.65;6.12;1249;28;2569.00;98
6163;21;4857860;6163;572;7412;7510;4.18;0.25;324.65;6.12;1249;28;2570.00;98
6165;22;4857873;6165;563;7413;7511;4.27;0.26;324.70;6.12;1248;29;2571.00;98
6166;22;4857897;6166;551;7416;7515;4.36;0.27;324.65;6.12;1250;29;2572.00;99
6166;22;4857911;6166;541;7416;7515;4.44;0.27;324.65;6.12;1250;29;2573.00;99
6172;22;4857924;6172;535;7418;7518;4.47;0.27;324.83;6.12;1246;29;2574.00;100
6176;22;4857937;6176;531;7418;7518;4.49;0.27;324.90;6.12;1242;29;2575.00;100
6178;22;4857955;6178;524;7419;7518;4.56;0.28;324.93;6.12;1241;29;2576.00;99
6179;22;4857973;6179;527;7419;7518;4.67;0.28;325.05;6.12;1240;29;2577.00;99
6180;22;4857988;6180;528;7423;7522;4.77;0.29;325.04;6.12;1243;29;2578.00;99
6183;22;4858004;6183;516;7423;7522;4.84;0.29;324.96;6.12;1240;29;2579.00;99
6186;22;4858021;6186;513;7425;7522;4.90;0.30;325.04;6.19;1239;29;2580.00;97
6187;22;4858037;6187;514;7425;7522;4.95;0.30;325.01;6.19;1238;29;2581.00;97
6191;22;4858051;6191;508;7425;7523;4.98;0.30;325.01;6.19;1234;29;2582.00;98
6191;22;4858065;6191;506;7426;7524;5.04;0.31;325.01;6.19;1235;29;2583.00;98
6193;22;4858079;6193;500;7426;7524;5.08;0.31;324.97;6.19;1233;29;2584.00;98
6195;22;4858093;6195;497;7427;7525;5.14;0.31;324.92;6.19;1232;29;2585.00;98
6196;22;4858108;6196;490;7427;7525;5.18;0.31;325.03;6.19;1231;29;2586.00;98
6198;22;4858122;6198;495;7427;7525;5.20;0.31;325.02;6.19;1229;29;2587.00;98
6200;22;4858137;6200;491;7427;7525;5.20;0.31;324.96;6.19;1227;29;2588.00;98
6203;22;4858154;6203;491;7427;7525;5.20;0.31;324.99;6.19;1224;29;2589.00;98
6205;22;4858168;6205;492;7427;7525;5.22;0.32;325.01;6.19;1222;29;2590.00;98
6206;22;4858182;6206;480;7427;7525;5.26;0.32;325.01;6.19;1221;29;2591.00;98
6210;22;4858197;6210;489;7491;7652;5.44;0.33;324.96;6.14;1281;29;2592.00;161
6210;22;4858239;6210;481;7494;7653;5.48;0.34;324.96;6.14;1284;29;2593.00;159
6212;22;4858253;6212;473;7503;7653;5.50;0.34;325.09;6.13;1291;29;2594.00;150
6214;22;4858268;6214;473;7506;7653;5.49;0.34;325.33;6.13;1292;29;2595.00;147
6215;22;4858283;6215;474;7513;7653;5.52;0.34;325.44;6.13;1298;29;2596.00;140
6217;22;4858300;6217;474;7515;7653;5.50;0.34;325.40;6.13;1298;29;2597.00;138
6221;22;4858319;6221;471;7516;7653;5.47;0.34;325.52;6.13;1295;29;2598.00;137
6222;22;4858339;6222;466;7519;7653;5.47;0.34;325.65;6.13;1297;29;2599.00;134
6225;22;4858358;6225;465;7520;7654;5.50;0.34;325.88;6.13;1295;29;2600.00;134
6227;22;4858383;6227;468;7525;7655;5.49;0.34;326.05;6.13;1298;29;2601.00;130
6229;22;4858402;6229;477;7528;7655;5.49;0.34;326.15;6.13;1299;29;2602.00;127
6229;22;4858421;6229;488;7531;7656;5.48;0.34;326.15;6.14;1302;29;2603.00;125
6231;22;4858442;6231;491;7533;7656;5.47;0.34;326.26;6.14;1302;29;2604.00;123
6235;22;4858461;6235;494;7540;7656;5.40;0.33;326.26;6.18;1305;29;2605.00;116
6237;22;4858489;6237;510;7541;7656;5.42;0.33;326.22;6.18;1304;29;2606.00;115
6239;22;4858508;6239;518;7545;7660;5.40;0.33;326.34;6.19;1306;29;2607.00;115
6244;22;4858528;6244;516;7547;7660;5.29;0.32;326.39;6.23;1303;29;2608.00;113
6245;22;4858546;6245;521;7549;7660;5.29;0.32;326.41;6.22;1304;29;2609.00;111
6250;22;4858571;6250;526;7553;7666;5.24;0.32;326.61;6.22;1303;29;2610.00;113
6252;22;4858593;6252;536;7554;7666;5.24;0.32;326.67;6.26;1302;29;2611.00;112
6254;22;4858611;6254;540;7556;7666;5.23;0.32;326.74;6.26;1302;29;2612.00;110
6255;22;4858628;6255;540;7561;7670;5.25;0.32;326.71;6.30;1306;29;2613.00;109
6256;22;4858646;6256;541;7562;7671;5.25;0.32;326.73;6.30;1306;29;2614.00;109
6261;22;4858668;6261;540;7562;7671;5.23;0.32;326.78;6.30;1301;29;2615.00;109
6263;22;4858689;6263;542;7569;7675;5.21;0.32;326.84;6.34;1306;29;2616.00;106
6265;22;4858707;6265;546;7569;7675;5.21;0.32;326.93;6.34;1304;29;2617.00;106
6266;22;4858726;6266;545;7570;7675;5.20;0.32;327.01;6.38;1304;29;2618.00;105
6271;22;4858744;6271;551;7571;7676;5.15;0.32;327.11;6.38;1300;29;2619.00;105
6272;22;4858763;6272;548;7571;7676;5.16;0.32;327.13;6.38;1299;29;2620.00;105
6278;22;4858782;6278;549;7578;7682;5.13;0.31;327.02;6.46;1300;29;2621.00;104
6282;22;4858803;6282;546;7578;7682;5.06;0.31;327.36;6.46;1296;29;2622.00;104
6284;22;4858822;6284;549;7578;7683;5.07;0.31;327.39;6.46;1294;29;2623.00;105
6290;22;4858840;6290;555;7580;7683;5.05;0.31;327.49;6.54;1290;29;2624.00;103
6292;22;4858859;6292;557;7580;7683;5.03;0.31;327.55;6.54;1288;30;2625.00;103
6294;22;4858889;6294;551;7580;7683;5.08;0.31;327.54;6.54;1286;30;2626.00;103
6294;22;4858906;6294;549;7582;7683;5.12;0.31;327.54;6.62;1288;30;2627.00;101
6296;22;4858925;6296;549;7592;7695;5.19;0.32;327.49;6.61;1296;30;2628.00;103
6297;22;4858955;6297;545;7592;7695;5.26;0.32;327.53;6.61;1295;30;2629.00;103
6300;22;4858973;6300;550;7595;7695;5.29;0.32;327.52;6.69;1295;30;2630.00;100
6302;22;4858993;6302;556;7595;7695;5.34;0.32;327.60;6.69;1293;30;2631.00;100
6304;22;4859010;6304;559;7597;7695;5.32;0.32;327.75;6.76;1293;30;2632.00;98
6305;22;4859030;6305;563;7597;7695;5.32;0.32;327.80;6.76;1292;30;2633.00;98
6307;22;4859049;6307;557;7600;7699;5.37;0.33;327.85;6.76;1293;30;2634.00;99
6307;22;4859067;6307;567;7602;7699;5.42;0.33;327.85;6.83;1295;30;2635.00;97
6311;22;4859087;6311;568;7606;7703;5.41;0.33;327.95;6.83;1295;30;2636.00;97
6315;22;4859107;6315;570;7607;7704;5.33;0.32;327.97;6.83;1292;30;2637.00;97
6317;22;4859126;6317;568;7607;7704;5.28;0.32;328.10;6.83;1290;30;2638.00;97
6323;22;4859146;6323;568;7607;7704;5.17;0.32;328.08;6.83;1284;30;2639.00;97
6325;22;4859167;6325;566;7629;7733;5.18;0.32;328.11;6.81;1304;30;2640.00;104
6332;22;4859191;6332;555;7629;7733;5.14;0.31;328.25;6.81;1297;30;2641.00;104
6336;22;4859215;6336;551;7631;7733;5.11;0.31;328.38;6.81;1295;31;2642.00;102
6337;22;4859252;6337;549;7633;7734;5.14;0.32;328.37;6.81;1296;31;2643.00;101
6340;22;4859274;6340;542;7633;7735;5.12;0.31;328.53;6.81;1293;31;2644.00;102
6345;22;4859296;6345;533;7633;7735;5.09;0.31;328.57;6.81;1288;31;2645.00;102
6348;22;4859316;6348;532;7636;7738;5.10;0.31;328.53;6.81;1288;31;2646.00;102
6354;22;4859336;6354;521;7636;7738;5.09;0.31;328.68;6.81;1282;31;2647.00;102
6355;22;4859357;6355;514;7636;7738;5.09;0.31;328.70;6.81;1281;31;2648.00;102
6359;22;4859375;6359;502;7636;7738;5.04;0.31;328.91;6.81;1277;31;2649.00;102
6361;22;4859393;6361;495;7641;7744;5.01;0.31;328.90;6.80;1280;31;2650.00;103
6366;22;4859413;6366;487;7641;7744;4.93;0.30;329.13;6.80;1275;31;2651.00;103
6368;22;4859432;6368;480;7641;7744;4.91;0.30;329.18;6.80;1273;31;2652.00;103
6370;22;4859449;6370;481;7641;7744;4.90;0.30;329.27;6.80;1271;31;2653.00;103
6374;22;4859468;6374;486;7644;7748;4.89;0.30;329.48;6.80;1270;31;2654.00;104
6377;22;4859488;6377;482;7646;7750;4.91;0.30;329.56;6.80;1269;31;2655.00;104
6380;22;4859506;6380;477;7646;7750;4.97;0.31;329.61;6.80;1266;31;2656.00;104
6384;22;4859526;6384;482;7647;7751;5.04;0.31;329.63;6.80;1263;31;2657.00;104
6388;22;4859547;6388;482;7647;7751;5.07;0.31;329.86;6.80;1259;31;2658.00;104
6394;22;4859565;6394;488;7647;7751;5.09;0.32;329.88;6.80;1253;31;2659.00;104
6397;22;4859585;6397;486;7647;7751;5.11;0.32;329.92;6.80;1250;31;2660.00;104
6401;22;4859606;6401;490;7647;7751;5.10;0.31;329.88;6.80;1246;31;2661.00;104
6407;22;4859625;6407;490;7647;7751;5.06;0.31;330.01;6.80;1240;31;2662.00;104
6410;22;4859645;6410;499;7647;7751;5.05;0.31;330.11;6.80;1237;31;2663.00;104
6413;22;4859663;6413;506;7685;7821;5.08;0.31;330.20;6.76;1272;31;2664.00;136
6421;22;4859688;6421;505;7687;7822;5.05;0.31;330.39;6.76;1266;31;2665.00;135
6423;22;4859709;6423;514;7692;7822;5.11;0.32;330.45;6.76;1269;31;2666.00;130
6430;22;4859727;6430;520;7694;7822;5.13;0.32;330.49;6.76;1264;31;2667.00;128
6438;22;4859745;6438;516;7695;7822;5.13;0.32;330.66;6.76;1257;31;2668.00;127
6444;22;4859764;6444;517;7697;7822;5.11;0.31;330.84;6.76;1253;31;2669.00;125
6449;22;4859785;6449;520;7699;7822;5.15;0.32;330.94;6.76;1250;31;2670.00;123
6456;22;4859805;6456;528;7701;7822;5.11;0.31;330.89;6.76;1245;31;2671.00;121
6460;22;4859823;6460;527;7702;7823;5.05;0.31;331.09;6.76;1242;31;2672.00;121
6466;22;4859841;6466;530;7703;7824;4.96;0.31;331.18;6.76;1237;31;2673.00;121
6469;22;4859859;6469;540;7705;7824;4.88;0.30;331.34;6.76;1236;31;2674.00;119
6470;22;4859877;6470;544;7709;7828;4.87;0.30;331.35;6.75;1239;31;2675.00;119
6473;22;4859895;6473;545;7709;7828;4.81;0.30;331.47;6.75;1236;31;2676.00;119
6476;22;4859914;6476;549;7709;7828;4.81;0.30;331.65;6.75;1233;31;2677.00;119
6482;22;4859930;6482;566;7711;7828;4.76;0.29;331.92;6.76;1229;31;2678.00;117
6485;22;4859949;6485;564;7715;7834;4.76;0.29;332.00;6.75;1230;31;2679.00;119
6490;22;4859969;6490;568;7716;7834;4.69;0.29;331.99;6.76;1226;31;2680.00;118
6492;22;4859986;6492;569;7717;7834;4.63;0.28;331.98;6.76;1225;31;2681.00;117
6497;22;4860003;6497;572;7718;7837;4.56;0.28;331.89;6.76;1221;31;2682.00;119
6498;22;4860021;6498;575;7720;7837;4.53;0.28;331.89;6.76;1222;31;2683.00;117
6500;22;4860038;6500;575;7720;7837;4.52;0.28;331.92;6.76;1220;31;2684.00;117
6502;22;4860055;6502;580;7721;7838;4.50;0.27;331.93;6.76;1219;31;2685.00;117
6504;22;4860072;6504;588;7724;7839;4.48;0.27;331.87;6.76;1220;31;2686.00;115
6509;22;4860089;6509;579;7724;7839;4.43;0.27;331.79;6.76;1215;31;2687.00;115
6512;22;4860108;6512;577;7733;7852;4.51;0.27;331.77;6.75;1221;31;2688.00;119
6515;22;4860127;6515;575;7735;7852;4.50;0.27;331.73;6.75;1220;31;2689.00;117
6517;22;4860145;6517;572;7736;7852;4.50;0.27;331.74;6.75;1219;31;2690.00;116
6521;22;4860163;6521;565;7737;7853;4.49;0.27;331.72;6.75;1216;31;2691.00;116
6523;22;4860181;6523;569;7738;7853;4.52;0.27;331.72;6.75;1215;31;2692.00;115
6526;22;4860198;6526;572;7741;7857;4.55;0.28;331.65;6.75;1215;31;2693.00;116
6527;22;4860216;6527;576;7742;7857;4.53;0.28;331.66;6.75;1215;31;2694.00;115
6531;22;4860232;6531;578;7746;7861;4.52;0.27;331.76;6.75;1215;31;2695.00;115
6534;22;4860250;6534;569;7746;7861;4.50;0.27;331.72;6.75;1212;31;2696.00;115
6537;22;4860270;6537;561;7746;7861;4.48;0.27;331.77;6.75;1209;31;2697.00;115
6540;22;4860289;6540;558;7746;7861;4.48;0.27;331.69;6.75;1206;31;2698.00;115
6543;22;4860308;6543;553;7746;7861;4.53;0.27;331.63;6.75;1203;31;2699.00;115
6547;22;4860326;6547;553;7773;7910;4.60;0.28;331.58;6.73;1226;31;2700.00;137
6548;22;4860358;6548;550;7773;7910;4.66;0.28;331.54;6.73;1225;31;2701.00;137
6549;22;4860375;6549;554;7775;7910;4.74;0.29;331.54;6.72;1226;31;2702.00;135
6551;22;4860394;6551;553;7776;7910;4.80;0.29;331.53;6.72;1225;31;2703.00;134
6551;22;4860412;6551;551;7778;7910;4.88;0.30;331.53;6.72;1227;31;2704.00;132
6551;22;4860428;6551;558;7779;7910;4.95;0.30;331.53;6.72;1228;31;2705.00;131
6552;22;4860445;6552;554;7779;7911;5.04;0.31;331.48;6.72;1227;31;2706.00;132
6553;22;4860462;6553;548;7779;7911;5.06;0.31;331.47;6.72;1226;31;2707.00;132
6554;22;4860480;6554;550;7784;7917;5.11;0.31;331.43;6.72;1230;31;2708.00;133
6555;22;4860497;6555;547;7785;7918;5.09;0.31;331.44;6.72;1230;31;2709.00;133
6557;22;4860515;6557;550;7785;7918;5.05;0.31;331.43;6.72;1228;31;2710.00;133
6557;22;4860533;6557;555;7786;7918;5.03;0.31;331.43;6.72;1229;31;2711.00;132
6560;22;4860548;6560;563;7788;7922;5.05;0.31;331.48;6.72;1228;31;2712.00;134
6561;22;4860569;6561;544;7789;7922;5.01;0.30;331.57;6.72;1228;31;2713.00;133
6562;22;4860587;6562;536;7789;7922;4.99;0.30;331.54;6.72;1227;31;2714.00;133
6562;22;4860605;6562;528;7790;7923;5.02;0.31;331.54;6.72;1228;31;2715.00;133
6563;22;4860622;6563;527;7794;7927;5.02;0.31;331.49;6.72;1231;31;2716.00;133
6564;22;4860641;6564;529;7794;7927;5.08;0.31;331.55;6.72;1230;31;2717.00;133
6567;22;4860659;6567;522;7796;7930;5.12;0.31;331.59;6.72;1229;31;2718.00;134
6569;22;4860677;6569;522;7797;7930;5.16;0.31;331.55;6.72;1228;31;2719.00;133
6569;22;4860705;6569;515;7798;7930;5.18;0.32;331.55;6.72;1229;31;2720.00;132
6569;22;4860721;6569;521;7799;7930;5.15;0.31;331.55;6.72;1230;31;2721.00;131
6571;23;4860740;6571;508;7802;7934;5.15;0.31;331.57;6.72;1231;32;2722.00;132
6571;23;4860774;6571;516;7802;7934;5.12;0.31;331.57;6.72;1231;32;2723.00;132
6572;23;4860792;6572;510;7803;7934;5.14;0.31;331.58;6.72;1231;32;2724.00;131
6573;24;4860810;6573;518;7804;7934;5.13;0.31;331.66;6.72;1231;33;2725.00;130
6573;24;4860844;6573;511;7805;7935;5.14;0.31;331.66;6.72;1232;33;2726.00;130
6576;24;4860870;6576;503;7806;7936;5.12;0.31;331.73;6.72;1230;33;2727.00;130
6577;24;4860888;6577;504;7806;7936;5.13;0.31;331.71;6.72;1229;33;2728.00;130
6577;24;4860913;6577;512;7809;7937;5.18;0.31;331.71;6.72;1232;33;2729.00;128
6579;24;4860934;6579;497;7809;7937;5.24;0.32;331.83;6.72;1230;33;2730.00;128
6579;24;4860951;6579;495;7810;7937;5.29;0.32;331.83;6.73;1231;33;2731.00;127
6579;24;4860970;6579;483;7810;7937;5.36;0.33;331.83;6.73;1231;33;2732.00;127
6582;24;4860988;6582;470;7810;7937;5.36;0.33;331.85;6.73;1228;33;2733.00;127
6584;24;4861005;6584;465;7810;7937;5.42;0.33;331.81;6.73;1226;33;2734.00;127
6587;24;4861023;6587;461;7810;7937;5.42;0.33;331.92;6.73;1223;33;2735.00;127
6591;24;4861041;6591;477;7871;8064;5.52;0.34;332.04;6.67;1280;33;2736.00;193
6592;24;4861072;6592;455;7873;8065;5.54;0.34;332.06;6.68;1281;33;2737.00;192
6593;24;4861090;6593;447;7880;8065;5.65;0.35;332.12;6.67;1287;33;2738.00;185
6597;24;4861108;6597;446;7883;8065;5.68;0.35;332.12;6.67;1286;33;2739.00;182
6602;24;4861126;6602;444;7891;8065;5.69;0.35;332.23;6.67;1289;33;2740.00;174
6602;24;4861144;6602;440;7892;8065;5.72;0.35;332.23;6.67;1290;33;2741.00;173
6605;24;4861163;6605;435;7894;8065;5.72;0.35;332.27;6.67;1289;33;2742.00;171
6609;24;4861181;6609;429;7898;8065;5.75;0.35;332.44;6.67;1289;33;2743.00;167
6610;24;4861199;6610;424;7900;8066;5.78;0.35;332.43;6.67;1290;33;2744.00;166
6616;24;4861219;6616;427;7906;8068;5.80;0.35;332.73;6.77;1290;33;2745.00;162
6617;24;4861239;6617;420;7907;8068;5.86;0.36;332.82;6.77;1290;33;2746.00;161
6619;24;4861255;6619;419;7909;8069;5.89;0.36;332.92;6.77;1290;33;2747.00;160
6619;24;4861271;6619;426;7912;8069;5.93;0.36;332.92;6.77;1293;33;2748.00;157
6625;24;4861286;6625;419;7915;8069;5.86;0.36;332.95;6.77;1290;33;2749.00;154
6628;24;4861302;6628;431;7918;8069;5.84;0.36;333.09;6.78;1290;33;2750.00;151
6631;24;4861318;6631;426;7920;8073;5.82;0.36;333.07;6.78;1289;33;2751.00;153
6633;24;4861333;6633;431;7922;8073;5.83;0.36;333.11;6.78;1289;33;2752.00;151
6634;24;4861347;6634;431;7924;8073;5.82;0.36;333.07;6.79;1290;33;2753.00;149
6638;24;4861362;6638;435;7927;8076;5.80;0.35;333.23;6.79;1289;33;2754.00;149
6639;24;4861377;6639;434;7929;8076;5.77;0.35;333.21;6.79;1290;33;2755.00;147
6642;24;4861408;6642;441;7931;8076;5.77;0.35;333.26;6.79;1289;33;2756.00;145
6644;24;4861426;6644;450;7936;8080;5.77;0.35;333.25;6.79;1292;33;2757.00;144
6646;24;4861443;6646;455;7940;8081;5.86;0.36;333.20;6.79;1294;33;2758.00;141
6648;24;4861459;6648;469;7940;8081;5.91;0.36;333.28;6.79;1292;33;2759.00;141
6650;24;4861476;6650;466;7948;8086;5.91;0.36;333.27;6.80;1298;33;2760.00;138
6651;24;4861498;6651;469;7948;8086;5.91;0.36;333.32;6.80;1297;33;2761.00;138
6654;24;4861514;6654;469;7950;8086;5.89;0.36;333.21;6.80;1296;33;2762.00;136
6657;24;4861529;6657;477;7951;8087;5.89;0.36;333.28;6.80;1294;33;2763.00;136
6661;24;4861544;6661;475;7951;8087;5.91;0.36;333.19;6.80;1290;33;2764.00;136
6663;24;4861559;6663;478;7956;8093;5.93;0.36;333.15;6.79;1293;33;2765.00;137
6663;25;4861574;6663;478;7956;8093;5.93;0.36;333.15;6.79;1293;34;2766.00;137
6666;25;4861609;6666;483;7956;8094;5.88;0.36;333.20;6.79;1290;34;2767.00;138
6670;25;4861624;6670;483;7956;8094;5.84;0.35;333.22;6.79;1286;34;2768.00;138
6670;25;4861640;6670;490;7956;8094;5.85;0.36;333.22;6.79;1286;34;2769.00;138
6672;25;4861655;6672;497;7958;8094;5.82;0.35;333.28;6.90;1286;34;2770.00;136
6672;25;4861670;6672;496;7958;8094;5.81;0.35;333.28;6.90;1286;34;2771.00;136
6673;25;4861684;6673;505;7969;8106;5.88;0.36;333.27;6.94;1296;34;2772.00;137
6676;25;4861700;6676;505;7970;8106;5.86;0.36;333.43;6.99;1294;34;2773.00;136
6677;25;4861714;6677;502;7972;8106;5.85;0.36;333.43;7.04;1295;34;2774.00;134
6681;25;4861728;6681;504;7973;8106;5.85;0.36;333.53;7.08;1292;34;2775.00;133
6684;25;4861743;6684;506;7974;8106;5.85;0.36;333.59;7.13;1290;34;2776.00;132
6688;25;4861758;6688;502;7974;8106;5.79;0.35;333.64;7.13;1286;34;2777.00;132
6691;25;4861773;6691;503;7978;8110;5.74;0.35;333.65;7.18;1287;34;2778.00;132
6692;26;4861788;6692;511;7981;8110;5.66;0.34;333.75;7.32;1289;35;2779.00;129
6695;26;4861813;6695;516;7986;8114;5.64;0.34;333.77;7.36;1291;35;2780.00;128
6700;26;4861831;6700;518;7988;8115;5.58;0.34;334.08;7.41;1288;35;2781.00;127
6702;26;4861846;6702;515;7988;8115;5.56;0.34;334.11;7.41;1286;35;2782.00;127
6704;26;4861860;6704;522;7990;8115;5.53;0.34;334.07;7.50;1286;35;2783.00;125
6706;26;4861875;6706;523;8001;8128;5.51;0.34;334.29;7.49;1295;35;2784.00;127
6712;26;4861890;6712;518;8004;8128;5.50;0.34;334.32;7.62;1292;35;2785.00;124
6716;26;4861905;6716;519;8004;8128;5.47;0.33;334.31;7.62;1288;35;2786.00;124
6719;26;4861918;6719;522;8005;8129;5.48;0.33;334.33;7.62;1286;35;2787.00;124
6722;26;4861933;6722;523;8007;8130;5.46;0.33;334.49;7.71;1285;35;2788.00;123
6724;26;4861949;6724;522;8008;8130;5.43;0.33;334.60;7.75;1284;35;2789.00;122
6726;26;4861970;6726;517;8013;8136;5.42;0.33;334.69;7.74;1287;35;2790.00;123
6730;26;4861987;6730;516;8014;8136;5.42;0.33;334.74;7.79;1284;35;2791.00;122
6732;26;4862009;6732;506;8016;8136;5.46;0.33;334.81;7.82;1284;35;2792.00;120
6736;26;4862023;6736;513;8017;8136;5.50;0.33;334.83;7.85;1281;35;2793.00;119
6736;26;4862038;6736;510;8022;8142;5.57;0.34;334.83;7.85;1286;35;2794.00;120
6737;26;4862052;6737;501;8024;8142;5.58;0.34;334.94;7.93;1287;35;2795.00;118
6738;26;4862066;6738;504;8024;8142;5.58;0.34;335.01;7.93;1286;35;2796.00;118
6739;26;4862080;6739;513;8025;8142;5.56;0.34;335.07;7.97;1286;35;2797.00;117
6743;26;4862094;6743;508;8029;8146;5.48;0.33;335.09;8.00;1286;35;2798.00;117
6745;26;4862109;6745;504;8030;8147;5.42;0.33;335.21;8.00;1285;35;2799.00;117
6746;26;4862125;6746;514;8032;8147;5.34;0.33;335.28;8.08;1286;35;2800.00;115
6749;26;4862141;6749;520;8033;8148;5.27;0.32;335.53;8.07;1284;35;2801.00;115
6752;26;4862155;6752;510;8034;8148;5.19;0.32;335.61;8.12;1282;35;2802.00;114
6755;26;4862168;6755;510;8035;8148;5.10;0.31;335.64;8.15;1280;35;2803.00;113
6759;26;4862185;6759;515;8036;8148;4.98;0.30;335.81;8.19;1277;35;2804.00;112
6762;26;4862199;6762;509;8036;8148;4.93;0.30;335.89;8.19;1274;35;2805.00;112
6768;26;4862214;6768;497;8038;8148;4.84;0.29;336.31;8.26;1270;35;2806.00;110
6772;26;4862228;6772;494;8038;8148;4.80;0.29;336.36;8.26;1266;35;2807.00;110
6775;26;4862242;6775;499;8080;8218;4.91;0.30;336.43;8.22;1305;35;2808.00;138
6779;26;4862261;6779;497;8082;8219;4.86;0.30;336.68;8.22;1303;35;2809.00;137
6781;26;4862275;6781;508;8086;8219;4.82;0.29;336.70;8.22;1305;35;2810.00;133
6786;26;4862289;6786;505;8091;8219;4.78;0.29;336.79;8.21;1305;35;2811.00;128
6791;26;4862303;6791;500;8093;8219;4.73;0.29;336.83;8.21;1302;35;2812.00;126
6794;26;4862317;6794;508;8095;8219;4.71;0.29;336.93;8.21;1301;35;2813.00;124
6797;26;4862333;6797;509;8097;8219;4.66;0.28;337.05;8.21;1300;35;2814.00;122
6799;26;4862347;6799;520;8098;8219;4.70;0.29;337.11;8.21;1299;35;2815.00;121
6804;26;4862360;6804;526;8100;8220;4.69;0.29;337.31;8.21;1296;35;2816.00;120
6807;26;4862375;6807;530;8102;8221;4.66;0.29;337.27;8.21;1295;35;2817.00;119
6809;26;4862389;6809;533;8102;8221;4.66;0.29;337.32;8.21;1293;35;2818.00;119
6816;26;4862403;6816;541;8106;8225;4.64;0.28;337.41;8.21;1290;35;2819.00;119
6818;26;4862419;6818;548;8106;8225;4.66;0.29;337.40;8.21;1288;35;2820.00;119
6822;26;4862432;6822;551;8106;8225;4.63;0.28;337.48;8.21;1284;35;2821.00;119
6823;26;4862447;6823;550;8106;8225;4.64;0.28;337.48;8.21;1283;35;2822.00;119
6827;26;4862464;6827;552;8110;8231;4.64;0.28;337.49;8.20;1283;35;2823.00;121
6831;26;4862482;6831;553;8110;8231;4.65;0.29;337.49;8.20;1279;35;2824.00;121
6834;26;4862501;6834;552;8111;8231;4.64;0.28;337.46;8.20;1277;35;2825.00;120
6837;26;4862518;6837;556;8112;8234;4.64;0.28;337.48;8.20;1275;35;2826.00;122
6841;26;4862538;6841;553;8112;8234;4.61;0.28;337.63;8.20;1271;35;2827.00;122
6845;26;4862556;6845;563;8112;8234;4.56;0.28;337.69;8.20;1267;35;2828.00;122
6846;26;4862576;6846;569;8112;8235;4.54;0.28;337.69;8.20;1266;35;2829.00;123
6852;26;4862598;6852;574;8113;8236;4.46;0.27;337.61;8.20;1261;35;2830.00;123
6855;26;4862628;6855;576;8113;8236;4.39;0.27;337.60;8.20;1258;35;2831.00;123
6858;26;4862647;6858;578;8124;8249;4.38;0.27;337.60;8.25;1266;35;2832.00;125
6861;26;4862668;6861;585;8124;8249;4.34;0.27;337.69;8.25;1263;35;2833.00;125
6863;26;4862688;6863;587;8125;8249;4.31;0.26;337.62;8.25;1262;35;2834.00;124
6868;26;4862708;6868;594;8126;8251;4.24;0.26;337.77;8.25;1258;35;2835.00;125
6869;26;4862729;6869;590;8126;8251;4.23;0.26;337.77;8.25;1257;35;2836.00;125
6874;26;4862748;6874;581;8129;8255;4.16;0.25;337.79;8.25;1255;35;2837.00;126
6877;26;4862767;6877;583;8129;8255;4.16;0.25;337.80;8.25;1252;35;2838.00;126
6884;26;4862789;6884;590;8132;8259;4.16;0.25;337.79;8.24;1248;35;2839.00;127
6889;26;4862808;6889;586;8133;8259;4.10;0.25;337.76;8.25;1244;35;2840.00;126
6891;26;4862824;6891;594;8133;8259;4.08;0.25;337.68;8.25;1242;35;2841.00;126
6895;26;4862841;6895;587;8133;8259;4.08;0.25;337.67;8.25;1238;35;2842.00;126
6896;26;4862856;6896;588;8133;8259;4.04;0.25;337.70;8.25;1237;35;2843.00;126
6900;26;4862872;6900;597;8142;8271;4.08;0.25;337.66;8.24;1242;35;2844.00;129
6902;26;4862887;6902;594;8142;8271;4.04;0.25;337.63;8.24;1240;35;2845.00;129
6906;26;4862902;6906;598;8143;8271;3.96;0.24;337.59;8.24;1237;35;2846.00;128
6906;26;4862916;6906;600;8144;8271;3.95;0.24;337.59;8.24;1238;35;2847.00;127
6908;26;4862929;6908;605;8144;8271;3.96;0.24;337.54;8.24;1236;35;2848.00;127
6908;26;4862943;6908;610;8146;8271;3.96;0.24;337.54;8.24;1238;35;2849.00;125
6910;26;4862958;6910;617;8148;8274;3.91;0.24;337.54;8.24;1238;35;2850.00;126
6911;26;4862973;6911;612;8148;8274;3.85;0.23;337.49;8.24;1237;35;2851.00;126
6914;26;4862987;6914;605;8153;8280;3.84;0.23;337.47;8.24;1239;35;2852.00;127
6915;26;4863002;6915;595;8153;8281;3.85;0.23;337.46;8.24;1238;35;2853.00;128
6915;26;4863016;6915;598;8155;8281;3.84;0.23;337.46;8.24;1240;35;2854.00;126
6915;26;4863030;6915;597;8156;8281;3.84;0.23;337.46;8.24;1241;35;2855.00;125
6916;26;4863043;6916;593;8159;8285;3.91;0.24;337.52;8.24;1243;35;2856.00;126
6917;26;4863058;6917;591;8159;8285;3.96;0.24;337.51;8.24;1242;35;2857.00;126
6920;26;4863074;6920;588;8159;8285;4.02;0.25;337.54;8.24;1239;35;2858.00;126
6921;26;4863091;6921;590;8161;8286;4.07;0.25;337.60;8.24;1240;35;2859.00;125
6923;26;4863108;6923;572;8165;8290;4.16;0.25;337.61;8.23;1242;35;2860.00;125
6925;26;4863131;6925;540;8165;8290;4.24;0.26;337.61;8.23;1240;35;2861.00;125
6925;26;4863148;6925;521;8167;8293;4.35;0.27;337.61;8.23;1242;35;2862.00;126
6927;26;4863165;6927;503;8168;8293;4.44;0.27;337.63;8.23;1241;35;2863.00;125
6928;26;4863181;6928;493;8170;8295;4.59;0.28;337.63;8.23;1242;35;2864.00;125
6928;26;4863198;6928;482;8170;8295;4.74;0.29;337.63;8.23;1242;35;2865.00;125
6931;27;4863213;6931;476;8174;8299;4.92;0.30;337.63;8.23;1243;36;2866.00;125
6932;27;4863238;6932;480;8174;8299;5.09;0.31;337.62;8.23;1242;36;2867.00;125
6933;27;4863254;6933;476;8174;8299;5.24;0.32;337.60;8.23;1241;36;2868.00;125
6934;27;4863270;6934;473;8174;8299;5.40;0.33;337.61;8.23;1240;36;2869.00;125
6935;27;4863287;6935;463;8174;8300;5.56;0.34;337.58;8.23;1239;36;2870.00;126
6936;27;4863303;6936;459;8175;8301;5.66;0.34;337.58;8.22;1239;36;2871.00;126
6937;27;4863327;6937;456;8175;8301;5.69;0.35;337.63;8.22;1238;36;2872.00;126
6938;27;4863349;6938;451;8176;8302;5.75;0.35;337.63;8.22;1238;36;2873.00;126
6939;27;4863370;6939;447;8176;8302;5.76;0.35;337.63;8.22;1237;36;2874.00;126
6940;27;4863393;6940;448;8176;8302;5.72;0.35;337.63;8.22;1236;36;2875.00;126
6941;27;4863409;6941;444;8176;8302;5.73;0.35;337.62;8.22;1235;36;2876.00;126
6942;27;4863425;6942;439;8176;8302;5.75;0.35;337.59;8.22;1234;36;2877.00;126
6942;27;4863440;6942;434;8176;8302;5.80;0.35;337.59;8.22;1234;36;2878.00;126
6944;27;4863459;6944;438;8176;8302;5.82;0.35;337.55;8.22;1232;36;2879.00;126
6946;27;4863480;6946;476;8287;8532;6.05;0.38;337.70;8.11;1341;36;2880.00;245
6947;27;4863518;6947;461;8291;8533;6.09;0.38;337.72;8.11;1344;36;2881.00;242
6950;27;4863536;6950;446;8302;8533;6.14;0.38;337.88;8.10;1352;36;2882.00;231
6953;27;4863554;6953;439;8307;8533;6.16;0.38;337.98;8.10;1354;36;2883.00;226
6956;27;4863571;6956;426;8314;8533;6.19;0.38;337.94;8.10;1358;36;2884.00;219
6960;27;4863587;6960;424;8317;8533;6.15;0.38;337.89;8.09;1357;36;2885.00;216
6963;27;4863604;6963;427;8321;8533;6.12;0.38;337.96;8.09;1358;36;2886.00;212
6968;27;4863620;6968;428;8325;8533;6.13;0.38;338.05;8.09;1357;36;2887.00;208
6968;27;4863638;6968;440;8330;8534;6.17;0.38;338.05;8.09;1362;36;2888.00;204
6971;27;4863655;6971;445;8334;8535;6.15;0.38;338.22;8.09;1363;36;2889.00;201
6975;27;4863673;6975;447;8339;8535;6.16;0.38;338.34;8.09;1364;36;2890.00;196
6977;27;4863691;6977;449;8341;8536;6.15;0.38;338.50;8.10;1364;36;2891.00;195
6979;27;4863707;6979;456;8342;8536;6.14;0.38;338.59;8.10;1363;36;2892.00;194
6983;27;4863725;6983;468;8344;8536;6.08;0.37;338.81;8.10;1361;36;2893.00;192
6985;27;4863745;6985;484;8347;8536;6.08;0.37;338.99;8.10;1362;36;2894.00;189
6989;27;4863763;6989;478;8349;8540;6.03;0.37;339.14;8.10;1360;36;2895.00;191
6993;27;4863782;6993;478;8350;8540;6.01;0.37;339.25;8.10;1357;36;2896.00;190
6995;27;4863798;6995;480;8351;8540;6.01;0.37;339.39;8.10;1356;36;2897.00;189
7000;27;4863816;7000;478;8352;8543;5.97;0.36;339.59;8.10;1352;36;2898.00;191
7005;27;4863834;7005;479;8352;8543;5.95;0.36;339.67;8.10;1347;36;2899.00;191
7009;27;4863852;7009;471;8354;8543;5.96;0.36;339.74;8.10;1345;36;2900.00;189
7014;27;4863879;7014;474;8360;8547;5.99;0.36;339.92;8.11;1346;36;2901.00;187
7015;27;4863897;7015;463;8361;8548;6.04;0.37;339.90;8.11;1346;36;2902.00;187
7015;27;4863915;7015;456;8366;8548;6.08;0.37;339.90;8.11;1351;36;2903.00;182
7017;27;4863934;7017;463;8368;8552;6.11;0.37;340.00;8.11;1351;36;2904.00;184
7019;28;4863957;7019;462;8370;8552;6.09;0.37;339.98;8.12;1351;37;2905.00;182
7021;28;4863990;7021;454;8374;8552;6.16;0.37;339.98;8.12;1353;37;2906.00;178
7021;28;4864013;7021;451;8374;8553;6.15;0.37;339.98;8.12;1353;37;2907.00;179
7023;28;4864030;7023;444;8374;8553;6.11;0.37;339.97;8.12;1351;37;2908.00;179
7027;28;4864053;7027;445;8379;8559;6.09;0.37;339.95;8.12;1352;37;2909.00;180
7030;28;4864075;7030;447;8381;8559;6.08;0.37;339.90;8.18;1351;37;2910.00;178
7033;28;4864094;7033;442;8381;8560;6.06;0.37;339.85;8.18;1348;37;2911.00;179
7037;28;4864112;7037;432;8383;8560;6.06;0.37;339.79;8.18;1346;37;2912.00;177
7041;28;4864131;7041;430;8383;8560;6.15;0.37;339.81;8.18;1342;37;2913.00;177
7045;28;4864150;7045;422;8385;8560;6.18;0.37;340.01;8.18;1340;37;2914.00;175
7047;28;4864171;7047;430;8385;8560;6.21;0.38;340.08;8.18;1338;37;2915.00;175
7048;28;4864191;7048;432;8396;8572;6.31;0.38;340.09;8.17;1348;37;2916.00;176
7051;28;4864209;7051;436;8397;8572;6.30;0.38;340.20;8.17;1346;37;2917.00;175
7053;28;4864226;7053;430;8397;8572;6.29;0.38;340.21;8.17;1344;37;2918.00;175
7057;28;4864243;7057;430;8397;8572;6.28;0.38;340.39;8.17;1340;37;2919.00;175
7058;28;4864261;7058;429;8398;8572;6.23;0.38;340.47;8.17;1340;37;2920.00;174
7063;28;4864278;7063;437;8400;8572;6.16;0.37;340.61;8.18;1337;37;2921.00;172
7065;28;4864296;7065;440;8403;8576;6.10;0.37;340.67;8.18;1338;37;2922.00;173
7066;28;4864319;7066;443;8406;8576;6.04;0.37;340.66;8.19;1340;37;2923.00;170
7066;28;4864337;7066;438;8409;8580;6.04;0.37;340.66;8.19;1343;37;2924.00;171
7067;28;4864353;7067;442;8412;8582;5.98;0.37;340.67;8.19;1345;37;2925.00;170
7072;28;4864371;7072;441;8413;8582;5.88;0.36;340.69;8.19;1341;37;2926.00;169
7074;28;4864390;7074;452;8414;8582;5.83;0.36;340.69;8.19;1340;37;2927.00;168
7078;28;4864407;7078;450;8423;8595;5.86;0.36;340.79;8.18;1345;37;2928.00;172
7082;28;4864428;7082;448;8424;8595;5.86;0.36;340.91;8.19;1342;37;2929.00;171
7085;28;4864445;7085;452;8425;8595;5.82;0.36;340.93;8.19;1340;37;2930.00;170
7091;28;4864461;7091;441;8427;8596;5.83;0.36;340.96;8.24;1336;37;2931.00;169
7093;28;4864480;7093;441;8428;8597;5.85;0.36;340.93;8.24;1335;37;2932.00;169
7096;28;4864497;7096;453;8429;8597;5.87;0.36;341.05;8.29;1333;37;2933.00;168
7099;28;4864514;7099;448;8432;8600;5.90;0.36;341.15;8.34;1333;37;2934.00;168
7102;28;4864531;7102;454;8433;8600;5.94;0.36;341.07;8.34;1331;37;2935.00;167
7105;28;4864548;7105;459;8434;8600;5.96;0.36;341.16;8.34;1329;37;2936.00;166
7110;28;4864568;7110;456;8438;8600;5.95;0.36;341.14;8.45;1328;37;2937.00;162
7113;28;4864594;7113;465;8444;8606;5.99;0.37;341.19;8.45;1331;37;2938.00;162
7114;28;4864623;7114;464;8445;8606;5.96;0.36;341.21;8.49;1331;37;2939.00;161
7115;28;4864641;7115;474;8446;8606;5.93;0.36;341.25;8.54;1331;37;2940.00;160
7118;28;4864658;7118;481;8447;8606;5.87;0.36;341.28;8.55;1329;37;2941.00;159
7121;28;4864674;7121;483;8451;8610;5.81;0.35;341.45;8.60;1330;37;2942.00;159
7123;28;4864691;7123;487;8455;8611;5.76;0.35;341.48;8.65;1332;37;2943.00;156
7124;28;4864707;7124;495;8456;8611;5.73;0.35;341.58;8.70;1332;37;2944.00;155
7130;28;4864730;7130;504;8457;8612;5.62;0.34;341.86;8.70;1327;37;2945.00;155
7133;28;4864748;7133;511;8459;8612;5.57;0.34;342.03;8.81;1326;37;2946.00;153
7135;28;4864766;7135;514;8459;8612;5.52;0.34;342.10;8.81;1324;37;2947.00;153
7140;28;4864782;7140;523;8459;8612;5.46;0.33;342.11;8.81;1319;37;2948.00;153
7142;28;4864798;7142;521;8461;8612;5.44;0.33;342.22;8.91;1319;37;2949.00;151
7144;28;4864815;7144;519;8461;8612;5.44;0.33;342.31;8.91;1317;37;2950.00;151
7147;28;4864832;7147;529;8461;8612;5.40;0.33;342.32;8.91;1314;37;2951.00;151
7148;28;4864848;7148;535;8497;8682;5.52;0.34;342.29;8.97;1349;37;2952.00;185
7150;28;4864869;7150;532;8502;8683;5.52;0.34;342.36;9.07;1352;37;2953.00;181
7154;28;4864885;7154;533;8511;8683;5.55;0.34;342.36;9.16;1357;37;2954.00;172
7155;28;4864899;7155;524;8514;8683;5.52;0.34;342.42;9.16;1359;37;2955.00;169
7158;28;4864915;7158;521;8520;8683;5.56;0.34;342.49;9.25;1362;37;2956.00;163
7161;28;4864931;7161;518;8520;8683;5.53;0.34;342.79;9.25;1359;37;2957.00;163
7166;28;4864947;7166;524;8522;8683;5.50;0.34;342.72;9.25;1356;37;2958.00;161
7166;28;4864963;7166;515;8525;8683;5.48;0.33;342.72;9.25;1359;37;2959.00;158
7171;28;4864979;7171;522;8529;8684;5.50;0.33;342.86;9.34;1358;37;2960.00;155
7175;28;4865001;7175;529;8532;8685;5.44;0.33;342.84;9.38;1357;37;2961.00;153
7177;28;4865016;7177;526;8534;8685;5.36;0.33;342.92;9.43;1357;37;2962.00;151
7181;28;4865031;7181;532;8538;8689;5.34;0.32;342.94;9.43;1357;37;2963.00;151
7183;28;4865047;7183;532;8542;8689;5.29;0.32;343.01;9.51;1359;37;2964.00;147
7185;28;4865064;7185;546;8543;8689;5.23;0.32;342.95;9.51;1358;37;2965.00;146
7188;28;4865079;7188;552;8546;8689;5.16;0.31;343.10;9.60;1358;37;2966.00;143
7191;28;4865094;7191;561;8550;8695;5.10;0.31;343.35;9.59;1359;37;2967.00;145
7195;28;4865109;7195;564;8551;8695;5.00;0.30;343.27;9.59;1356;37;2968.00;144
7201;28;4865124;7201;573;8554;8695;4.91;0.30;343.32;9.68;1353;37;2969.00;141
7204;28;4865144;7204;558;8557;8701;4.82;0.29;343.39;9.68;1353;37;2970.00;144
7209;28;4865161;7209;553;8559;8701;4.70;0.29;343.39;9.76;1350;37;2971.00;142
7213;28;4865176;7213;543;8560;8701;4.60;0.28;343.48;9.76;1347;37;2972.00;141
7216;28;4865191;7216;545;8560;8702;4.54;0.28;343.44;9.76;1344;37;2973.00;142
7220;28;4865206;7220;546;8563;8703;4.46;0.27;343.43;9.84;1343;37;2974.00;140
7223;28;4865221;7223;538;8563;8703;4.45;0.27;343.38;9.84;1340;37;2975.00;140
7225;28;4865236;7225;554;8573;8716;4.51;0.28;343.33;9.83;1348;37;2976.00;143
7226;28;4865251;7226;542;8575;8716;4.51;0.28;343.36;9.91;1349;37;2977.00;141
7228;28;4865266;7228;537;8575;8716;4.52;0.28;343.36;9.91;1347;37;2978.00;141
7231;28;4865281;7231;533;8575;8717;4.56;0.28;343.33;9.91;1344;37;2979.00;142
7234;28;4865296;7234;530;8575;8717;4.55;0.28;343.36;9.91;1341;37;2980.00;142
7235;28;4865311;7235;530;8578;8721;4.61;0.28;343.34;9.91;1343;37;2981.00;143
7239;28;4865326;7239;528;8578;8721;4.60;0.28;343.38;9.91;1339;37;2982.00;143
7243;28;4865341;7243;531;8583;8725;4.61;0.28;343.42;9.90;1340;37;2983.00;142
7248;28;4865357;7248;533;8583;8725;4.58;0.28;343.32;9.90;1335;37;2984.00;142
7252;28;4865373;7252;538;8583;8725;4.58;0.28;343.25;9.90;1331;37;2985.00;142
7254;28;4865388;7254;539;8584;8725;4.58;0.28;343.26;9.90;1330;37;2986.00;141
7259;28;4865403;7259;548;8584;8725;4.57;0.28;343.30;9.90;1325;37;2987.00;141
7265;28;4865418;7265;551;8593;8737;4.61;0.28;343.17;9.89;1328;37;2988.00;144
7270;28;4865434;7270;553;8593;8737;4.56;0.28;343.07;9.89;1323;37;2989.00;144
7274;28;4865449;7274;550;8594;8737;4.51;0.28;343.23;9.89;1320;37;2990.00;143
7276;28;4865464;7276;557;8594;8737;4.52;0.28;343.25;9.89;1318;37;2991.00;143
7280;28;4865479;7280;565;8594;8737;4.48;0.28;343.29;9.89;1314;37;2992.00;143
7285;28;4865494;7285;570;8595;8737;4.45;0.27;343.19;9.89;1310;37;2993.00;142
7290;28;4865509;7290;568;8595;8738;4.42;0.27;343.07;9.89;1305;37;2994.00;143
7295;28;4865524;7295;565;8595;8738;4.34;0.26;343.05;9.89;1300;37;2995.00;143
7302;28;4865538;7302;566;8599;8744;4.26;0.26;343.00;9.89;1297;37;2996.00;145
7305;28;4865554;7305;574;8599;8745;4.21;0.26;343.00;9.89;1294;37;2997.00;146
7309;28;4865569;7309;580;8599;8745;4.11;0.25;342.96;9.89;1290;37;2998.00;146
7312;28;4865584;7312;585;8599;8745;4.05;0.25;342.91;9.89;1287;37;2999.00;146
7315;28;4865601;7315;586;8606;8765;4.04;0.25;342.87;9.88;1291;37;3000.00;159
7319;28;4865622;7319;579;8607;8765;4.00;0.24;342.80;9.88;1288;37;3001.00;158
7321;28;4865638;7321;582;8607;8765;3.95;0.24;342.85;9.88;1286;37;3002.00;158
7322;28;4865653;7322;581;8608;8766;3.97;0.24;342.81;9.88;1286;37;3003.00;158
7324;28;4865666;7324;586;8614;8770;4.02;0.25;342.87;9.88;1290;37;3004.00;156
7326;28;4865681;7326;591;8614;8770;3.99;0.24;342.84;9.88;1288;37;3005.00;156
7329;28;4865695;7329;596;8618;8773;3.97;0.24;342.87;9.88;1289;37;3006.00;155
7333;28;4865710;7333;576;8619;8773;4.00;0.24;343.04;9.88;1286;37;3007.00;154
7335;28;4865725;7335;570;8619;8773;4.04;0.25;343.04;9.88;1284;37;3008.00;154
7336;28;4865739;7336;569;8621;8773;4.04;0.25;343.04;9.88;1285;37;3009.00;152
7342;28;4865753;7342;563;8623;8777;4.04;0.25;343.15;9.88;1281;37;3010.00;154
7344;28;4865768;7344;559;8625;8777;4.06;0.25;343.21;9.88;1281;37;3011.00;152
7348;28;4865782;7348;560;8626;8777;4.11;0.25;343.19;9.88;1278;37;3012.00;151
7349;28;4865796;7349;554;8627;8777;4.16;0.25;343.21;9.88;1278;37;3013.00;150
7350;28;4865812;7350;551;8628;8778;4.17;0.25;343.24;9.88;1278;37;3014.00;150
7352;28;4865826;7352;553;8630;8780;4.22;0.26;343.29;9.87;1278;37;3015.00;150
7352;28;4865847;7352;556;8630;8780;4.21;0.26;343.29;9.87;1278;37;3016.00;150
7355;28;4865861;7355;536;8631;8781;4.20;0.26;343.30;9.87;1276;37;3017.00;150
7357;28;4865877;7357;532;8632;8781;4.19;0.26;343.34;9.87;1275;37;3018.00;149
7359;28;4865892;7359;530;8632;8781;4.19;0.26;343.35;9.87;1273;37;3019.00;149
7360;28;4865906;7360;526;8632;8781;4.20;0.26;343.36;9.87;1272;37;3020.00;149
7360;28;4865921;7360;517;8632;8781;4.25;0.26;343.36;9.87;1272;37;3021.00;149
7361;28;4865936;7361;519;8632;8781;4.29;0.26;343.33;9.87;1271;37;3022.00;149
7362;28;4865950;7362;524;8632;8781;4.37;0.27;343.41;9.87;1270;37;3023.00;149
7364;28;4865965;7364;534;8696;8908;4.74;0.29;343.41;9.80;1332;37;3024.00;212
7367;28;4865990;7367;529;8699;8909;4.84;0.30;343.34;9.80;1332;37;3025.00;210
7368;28;4866011;7368;514;8708;8909;4.94;0.31;343.37;9.79;1340;37;3026.00;201
7372;28;4866027;7372;500;8713;8909;5.01;0.31;343.56;9.79;1341;37;3027.00;196
7374;28;4866043;7374;482;8719;8909;5.09;0.31;343.53;9.78;1345;37;3028.00;190
7376;28;4866059;7376;469;8722;8909;5.11;0.31;343.70;9.78;1346;37;3029.00;187
7376;28;4866082;7376;465;8726;8909;5.12;0.31;343.70;9.78;1350;37;3030.00;183
7378;28;4866104;7378;464;8728;8909;5.13;0.31;343.84;9.78;1350;37;3031.00;181
7379;28;4866121;7379;462;8731;8910;5.13;0.31;343.96;9.78;1352;37;3032.00;179
7382;28;4866138;7382;466;8735;8911;5.13;0.31;343.90;9.78;1353;37;3033.00;176
7386;28;4866154;7386;463;8737;8911;5.11;0.31;344.02;9.78;1351;37;3034.00;174
7389;28;4866171;7389;472;8738;8912;5.06;0.31;343.99;9.78;1349;37;3035.00;174
7391;28;4866187;7391;479;8741;8912;5.04;0.31;344.05;9.79;1350;37;3036.00;171
7393;28;4866204;7393;476;8742;8912;5.06;0.31;344.16;9.79;1349;37;3037.00;170
7394;28;4866220;7394;474;8748;8912;5.08;0.31;344.17;9.79;1354;37;3038.00;164
7397;28;4866237;7397;472;8752;8916;5.13;0.31;344.35;9.79;1355;37;3039.00;164
7398;28;4866254;7398;464;8753;8916;5.19;0.32;344.33;9.79;1355;37;3040.00;163
7402;28;4866277;7402;464;8755;8916;5.21;0.32;344.42;9.79;1353;37;3041.00;161
7406;28;4866293;7406;454;8757;8919;5.24;0.32;344.60;9.79;1351;37;3042.00;162
7407;28;4866310;7407;450;8757;8919;5.29;0.32;344.70;9.79;1350;37;3043.00;162
7409;28;4866327;7409;456;8758;8919;5.31;0.32;344.77;9.79;1349;37;3044.00;161
7409;28;4866343;7409;454;8762;8923;5.40;0.33;344.77;9.79;1353;37;3045.00;161
7411;28;4866360;7411;460;8763;8924;5.45;0.33;344.86;9.79;1352;37;3046.00;161
7415;28;4866376;7415;455;8765;8924;5.49;0.34;344.92;9.79;1350;37;3047.00;159
7417;28;4866393;7417;455;8768;8928;5.55;0.34;345.03;9.78;1351;37;3048.00;160
7420;28;4866411;7420;455;8769;8928;5.59;0.34;344.99;9.78;1349;37;3049.00;159
7421;28;4866427;7421;455;8769;8928;5.65;0.35;345.04;9.78;1348;37;3050.00;159
7426;28;4866444;7426;459;8770;8929;5.65;0.34;345.22;9.78;1344;37;3051.00;159
7427;28;4866461;7427;461;8770;8929;5.68;0.35;345.20;9.78;1343;37;3052.00;159
7431;28;4866477;7431;465;8775;8935;5.69;0.35;345.27;9.78;1344;37;3053.00;160
7432;28;4866495;7432;466;8776;8935;5.73;0.35;345.32;9.85;1344;37;3054.00;159
7434;28;4866512;7434;470;8776;8936;5.73;0.35;345.32;9.85;1342;37;3055.00;160
7437;28;4866529;7437;476;8776;8936;5.71;0.35;345.41;9.85;1339;37;3056.00;160
7442;28;4866546;7442;478;8776;8936;5.65;0.34;345.45;9.85;1334;37;3057.00;160
7442;28;4866564;7442;477;8776;8936;5.67;0.34;345.45;9.85;1334;37;3058.00;160
7445;28;4866580;7445;472;8776;8936;5.61;0.34;345.62;9.85;1331;37;3059.00;160
7446;28;4866599;7446;466;8801;8972;5.60;0.34;345.62;9.82;1355;37;3060.00;171
7449;28;4866619;7449;466;8802;8972;5.55;0.34;345.67;9.82;1353;37;3061.00;170
7451;28;4866635;7451;458;8805;8972;5.56;0.34;345.70;9.82;1354;37;3062.00;167
7453;28;4866652;7453;460;8805;8972;5.54;0.34;345.66;9.82;1352;37;3063.00;167
7455;28;4866667;7455;451;8806;8972;5.51;0.34;345.72;9.82;1351;37;3064.00;166
7456;28;4866683;7456;446;8806;8972;5.53;0.34;345.77;9.82;1350;37;3065.00;166
7459;28;4866701;7459;438;8810;8976;5.53;0.34;345.98;9.81;1351;37;3066.00;166
7462;28;4866716;7462;433;8810;8976;5.62;0.34;345.99;9.81;1348;37;3067.00;166
7466;28;4866732;7466;433;8814;8980;5.72;0.35;346.19;9.81;1348;37;3068.00;166
7469;28;4866749;7469;424;8815;8981;5.80;0.35;346.37;9.81;1346;37;3069.00;166
7472;28;4866765;7472;428;8815;8981;5.90;0.36;346.44;9.81;1343;37;3070.00;166
7473;28;4866782;7473;420;8815;8981;5.98;0.37;346.44;9.81;1342;37;3071.00;166
7477;28;4866798;7477;421;8824;8994;6.03;0.37;346.40;9.80;1347;37;3072.00;170
7480;28;4866816;7480;413;8825;8994;6.04;0.37;346.52;9.80;1345;37;3073.00;169
7486;28;4866832;7486;406;8825;8994;6.05;0.37;346.70;9.80;1339;37;3074.00;169
7493;28;4866848;7493;404;8828;8995;6.07;0.37;346.89;9.89;1335;37;3075.00;167
7497;28;4866871;7497;397;8828;8996;6.07;0.37;346.86;9.89;1331;37;3076.00;168
7501;28;4866889;7501;406;8828;8996;6.05;0.37;346.89;9.89;1327;37;3077.00;168
7505;28;4866906;7505;405;8831;8999;6.06;0.37;346.85;9.89;1326;37;3078.00;168
7511;28;4866924;7511;399;8831;8999;6.02;0.37;347.06;9.89;1320;37;3079.00;168
7513;28;4866941;7513;408;8832;8999;6.01;0.37;347.05;9.89;1319;37;3080.00;167
7518;28;4866958;7518;405;8832;8999;5.99;0.36;347.19;9.89;1314;37;3081.00;167
7520;28;4866975;7520;407;8837;9005;6.00;0.36;347.24;9.88;1317;37;3082.00;168
7523;28;4866992;7523;415;8837;9005;5.95;0.36;347.24;9.88;1314;37;3083.00;168
7528;28;4867007;7528;413;8837;9005;5.91;0.36;347.35;9.88;1309;37;3084.00;168
7530;28;4867024;7530;409;8837;9005;5.90;0.36;347.43;9.88;1307;37;3085.00;168
7533;28;4867040;7533;405;8840;9009;5.84;0.36;347.42;9.88;1307;37;3086.00;169
7536;28;4867056;7536;406;8841;9010;5.81;0.35;347.42;9.88;1305;37;3087.00;169
7538;28;4867072;7538;414;8841;9010;5.77;0.35;347.41;9.88;1303;37;3088.00;169
7539;28;4867088;7539;422;8842;9011;5.76;0.35;347.52;9.88;1303;37;3089.00;169
7542;28;4867106;7542;427;8842;9011;5.70;0.35;347.68;9.88;1300;37;3090.00;169
7544;28;4867128;7544;427;8842;9011;5.66;0.35;347.74;9.88;1298;37;3091.00;169
7547;28;4867144;7547;425;8842;9011;5.63;0.34;347.80;9.88;1295;37;3092.00;169
7549;28;4867159;7549;428;8842;9011;5.58;0.34;347.94;9.88;1293;37;3093.00;169
7551;28;4867175;7551;431;8842;9011;5.55;0.34;347.90;9.88;1291;37;3094.00;169
7556;28;4867190;7556;432;8842;9011;5.50;0.34;348.04;9.88;1286;37;3095.00;169
7560;28;4867206;7560;436;8878;9081;5.60;0.34;348.12;9.84;1318;37;3096.00;203
7563;28;4867227;7563;441;8881;9082;5.57;0.34;348.20;9.84;1318;37;3097.00;201
7565;28;4867243;7565;442;8888;9082;5.57;0.34;348.34;9.83;1323;37;3098.00;194
7567;28;4867259;7567;443;8888;9082;5.54;0.34;348.30;9.83;1321;37;3099.00;194
7571;28;4867275;7571;435;8893;9082;5.55;0.34;348.39;9.88;1322;37;3100.00;189
7574;28;4867294;7574;444;8894;9082;5.55;0.34;348.62;9.88;1320;37;3101.00;188
7576;28;4867310;7576;449;8897;9082;5.54;0.34;348.67;9.88;1321;37;3102.00;185
7577;28;4867327;7577;445;8902;9082;5.52;0.34;348.71;9.93;1325;37;3103.00;180
7580;28;4867342;7580;452;8904;9083;5.47;0.33;348.79;9.93;1324;37;3104.00;179
7583;28;4867364;7583;448;8909;9085;5.48;0.33;348.80;9.97;1326;37;3105.00;176
7586;28;4867380;7586;452;8912;9085;5.45;0.33;348.90;9.97;1326;37;3106.00;173
7588;28;4867396;7588;460;8917;9089;5.41;0.33;348.90;10.02;1329;37;3107.00;172
7591;28;4867411;7591;467;8918;9089;5.40;0.33;348.89;10.02;1327;37;3108.00;171
7595;28;4867427;7595;466;8918;9089;5.36;0.33;349.01;10.02;1323;37;3109.00;171
7598;28;4867443;7598;474;8920;9089;5.32;0.33;349.03;10.12;1322;37;3110.00;169
7600;28;4867458;7600;482;8925;9095;5.31;0.33;349.14;10.11;1325;37;3111.00;170
7603;28;4867474;7603;498;8927;9095;5.29;0.32;349.23;10.21;1324;37;3112.00;168
7606;28;4867489;7606;513;8927;9095;5.28;0.32;349.29;10.21;1321;37;3113.00;168
7608;28;4867505;7608;518;8930;9098;5.25;0.32;349.54;10.21;1322;37;3114.00;168
7610;28;4867520;7610;523;8932;9098;5.21;0.32;349.62;10.30;1322;37;3115.00;166
7614;28;4867535;7614;535;8932;9098;5.17;0.32;349.64;10.30;1318;37;3116.00;166
7617;28;4867549;7617;539;8932;9099;5.07;0.31;349.80;10.30;1315;37;3117.00;167
7619;28;4867564;7619;546;8935;9100;4.97;0.30;349.80;10.40;1316;37;3118.00;165
7620;28;4867579;7620;548;8935;9100;4.91;0.30;349.79;10.40;1315;37;3119.00;165
7624;28;4867595;7624;552;8952;9126;4.90;0.30;349.81;10.38;1328;37;3120.00;174
7626;28;4867612;7626;554;8954;9126;4.86;0.30;349.85;10.47;1328;37;3121.00;172
7630;28;4867627;7630;560;8957;9126;4.87;0.30;349.86;10.47;1327;37;3122.00;169
7630;28;4867642;7630;558;8960;9127;4.91;0.30;349.86;10.46;1330;37;3123.00;167
7634;28;4867656;7634;562;8960;9127;4.88;0.30;349.75;10.46;1326;37;3124.00;167
7635;28;4867671;7635;566;8964;9131;4.90;0.30;349.74;10.46;1329;37;3125.00;167
7638;28;4867685;7638;569;8964;9131;4.83;0.30;349.71;10.46;1326;37;3126.00;167
7644;28;4867699;7644;577;8967;9135;4.78;0.29;349.61;10.46;1323;37;3127.00;168
7646;28;4867714;7646;586;8967;9135;4.73;0.29;349.64;10.46;1321;37;3128.00;168
7648;28;4867727;7648;583;8967;9135;4.63;0.28;349.58;10.46;1319;37;3129.00;168
7650;28;4867742;7650;584;8967;9135;4.53;0.28;349.51;10.46;1317;37;3130.00;168
7657;28;4867755;7657;587;8967;9135;4.35;0.27;349.42;10.46;1310;37;3131.00;168
7659;28;4867769;7659;590;8976;9147;4.25;0.26;349.44;10.45;1317;37;3132.00;171
7661;28;4867783;7661;601;8976;9147;4.15;0.25;349.40;10.45;1315;37;3133.00;171
7665;28;4867797;7665;610;8978;9147;4.09;0.25;349.37;10.44;1313;37;3134.00;169
7667;28;4867810;7667;608;8978;9147;4.00;0.24;349.36;10.44;1311;37;3135.00;169
7671;28;4867823;7671;602;8978;9147;3.91;0.24;349.24;10.44;1307;37;3136.00;169
7674;28;4867836;7674;601;8978;9147;3.87;0.23;349.25;10.44;1304;37;3137.00;169
7677;28;4867849;7677;593;8978;9148;3.85;0.23;349.27;10.44;1301;37;3138.00;170
7677;28;4867862;7677;591;8978;9148;3.84;0.23;349.27;10.44;1301;37;3139.00;170
7678;28;4867875;7678;593;8983;9154;3.91;0.24;349.29;10.44;1305;37;3140.00;171
7680;28;4867890;7680;593;8984;9155;3.91;0.24;349.36;10.44;1304;37;3141.00;171
7684;28;4867909;7684;590;8984;9155;3.90;0.24;349.35;10.44;1300;37;3142.00;171
7686;28;4867924;7686;577;8984;9155;3.88;0.24;349.39;10.44;1298;37;3143.00;171
7690;28;4867937;7690;574;8987;9159;3.87;0.23;349.38;10.43;1297;37;3144.00;172
7690;28;4867952;7690;567;8987;9159;3.85;0.23;349.38;10.43;1297;37;3145.00;172
7696;28;4867965;7696;565;8987;9159;3.78;0.23;349.41;10.43;1291;37;3146.00;172
7696;28;4867979;7696;569;8988;9160;3.80;0.23;349.41;10.43;1292;37;3147.00;172
7698;28;4867993;7698;571;8991;9164;3.81;0.23;349.46;10.43;1293;37;3148.00;173
7701;28;4868008;7701;572;8991;9164;3.81;0.23;349.44;10.43;1290;37;3149.00;173
7703;28;4868024;7703;564;8995;9170;3.90;0.24;349.39;10.43;1292;37;3150.00;175
7706;28;4868038;7706;565;8995;9170;3.93;0.24;349.39;10.43;1289;37;3151.00;175
7709;28;4868052;7709;561;8997;9170;3.95;0.24;349.39;10.42;1288;37;3152.00;173
7711;28;4868065;7711;562;8997;9170;3.92;0.24;349.33;10.42;1286;37;3153.00;173
7714;28;4868079;7714;541;9001;9174;3.95;0.24;349.37;10.42;1287;37;3154.00;173
7717;28;4868094;7717;528;9001;9174;3.99;0.24;349.40;10.42;1284;37;3155.00;173
7718;28;4868109;7718;516;9001;9174;4.05;0.25;349.36;10.42;1283;37;3156.00;173
7723;28;4868123;7723;520;9001;9174;4.08;0.25;349.31;10.42;1278;37;3157.00;173
7726;28;4868138;7726;507;9001;9175;4.11;0.25;349.29;10.42;1275;37;3158.00;174
7727;28;4868152;7727;504;9002;9176;4.14;0.25;349.27;10.42;1275;37;3159.00;174
7730;28;4868166;7730;505;9002;9176;4.17;0.25;349.29;10.42;1272;37;3160.00;174
7732;28;4868180;7732;497;9003;9177;4.23;0.26;349.25;10.42;1271;37;3161.00;174
7733;28;4868195;7733;505;9003;9177;4.26;0.26;349.24;10.42;1270;37;3162.00;174
7735;28;4868210;7735;505;9003;9177;4.29;0.26;349.19;10.42;1268;37;3163.00;174
7739;28;4868224;7739;498;9003;9177;4.29;0.26;349.08;10.42;1264;37;3164.00;174
7743;28;4868239;7743;502;9003;9177;4.29;0.26;349.14;10.42;1260;37;3165.00;174
7744;28;4868254;7744;498;9003;9177;4.36;0.26;349.11;10.42;1259;37;3166.00;174
7747;28;4868269;7747;496;9003;9177;4.40;0.26;349.13;10.42;1256;37;3167.00;174
7748;28;4868282;7748;508;9073;9304;4.83;0.30;349.13;10.34;1325;37;3168.00;231
7750;28;4868307;7750;510;9075;9305;4.90;0.30;349.23;10.34;1325;37;3169.00;230
7752;28;4868323;7752;500;9081;9305;4.99;0.31;349.23;10.33;1329;37;3170.00;224
7755;28;4868338;7755;501;9086;9305;5.03;0.31;349.23;10.33;1331;37;3171.00;219
7757;28;4868353;7757;498;9090;9305;5.06;0.31;349.25;10.32;1333;37;3172.00;215
7759;28;4868367;7759;486;9092;9305;5.09;0.31;349.31;10.32;1333;37;3173.00;213
7761;28;4868382;7761;488;9094;9305;5.08;0.31;349.34;10.32;1333;37;3174.00;211
7763;28;4868398;7763;484;9097;9305;5.06;0.31;349.29;10.32;1334;37;3175.00;208
7765;28;4868412;7765;488;9102;9306;5.08;0.31;349.43;10.40;1337;37;3176.00;204
7770;28;4868429;7770;492;9104;9307;4.98;0.30;349.57;10.40;1334;37;3177.00;203
7772;28;4868445;7772;494;9105;9307;4.93;0.30;349.60;10.40;1333;37;3178.00;202
7775;28;4868460;7775;500;9108;9308;4.89;0.30;349.73;10.40;1333;37;3179.00;200
7780;28;4868477;7780;509;9109;9308;4.81;0.29;349.67;10.40;1329;37;3180.00;199
7783;28;4868492;7783;511;9110;9308;4.76;0.29;349.69;10.40;1327;37;3181.00;198
7784;28;4868507;7784;511;9114;9308;4.80;0.29;349.83;10.40;1330;37;3182.00;194
7787;28;4868523;7787;500;9119;9312;4.82;0.30;350.10;10.40;1332;37;3183.00;193
7792;28;4868539;7792;507;9119;9312;4.78;0.29;350.24;10.40;1327;37;3184.00;193
7794;28;4868555;7794;510;9120;9312;4.77;0.29;350.26;10.40;1326;37;3185.00;192
7798;28;4868571;7798;495;9122;9315;4.75;0.29;350.35;10.40;1324;37;3186.00;193
7802;29;4868587;7802;500;9123;9315;4.71;0.29;350.41;10.40;1321;38;3187.00;192
7805;29;4868614;7805;504;9124;9315;4.68;0.29;350.50;10.40;1319;38;3188.00;191
7814;29;4868635;7814;505;9128;9319;4.61;0.28;350.70;10.40;1314;38;3189.00;191
7818;29;4868652;7818;508;9129;9320;4.57;0.28;350.82;10.40;1311;38;3190.00;191
7822;29;4868667;7822;496;9133;9322;4.57;0.28;350.76;10.40;1311;38;3191.00;189
7825;29;4868683;7825;484;9136;9326;4.62;0.28;350.72;10.40;1311;38;3192.00;190
7830;29;4868705;7830;478;9139;9326;4.67;0.29;350.95;10.48;1309;38;3193.00;187
7831;29;4868720;7831;472;9140;9326;4.78;0.29;350.96;10.48;1309;38;3194.00;186
7837;29;4868736;7837;475;9142;9328;4.81;0.29;351.03;10.48;1305;38;3195.00;186
7840;29;4868752;7840;462;9143;9328;4.90;0.30;351.06;10.48;1303;38;3196.00;185
7841;29;4868768;7841;463;9148;9334;4.96;0.30;351.09;10.47;1307;38;3197.00;186
7843;29;4868783;7843;457;9149;9334;4.98;0.30;351.13;10.55;1306;38;3198.00;185
7844;29;4868799;7844;458;9149;9335;5.03;0.31;351.17;10.55;1305;38;3199.00;186
7845;29;4868815;7845;461;9149;9335;5.04;0.31;351.22;10.55;1304;38;3200.00;186
7848;29;4868835;7848;460;9150;9335;5.04;0.31;351.36;10.63;1302;38;3201.00;185
7849;29;4868851;7849;462;9150;9335;5.04;0.31;351.36;10.63;1301;38;3202.00;185
7854;29;4868873;7854;455;9150;9335;5.04;0.31;351.59;10.63;1296;38;3203.00;185
7856;29;4868889;7856;444;9160;9347;5.14;0.31;351.58;10.61;1304;38;3204.00;187
7861;29;4868906;7861;448;9160;9347;5.09;0.31;351.75;10.61;1299;38;3205.00;187
7863;29;4868922;7863;441;9161;9347;5.11;0.31;351.81;10.61;1298;38;3206.00;186
7864;29;4868939;7864;440;9161;9347;5.12;0.31;351.87;10.61;1297;38;3207.00;186
7866;29;4868954;7866;435;9161;9347;5.10;0.31;351.91;10.61;1295;38;3208.00;186
7868;29;4868976;7868;432;9161;9347;5.09;0.31;351.92;10.61;1293;38;3209.00;186
7869;29;4868994;7869;439;9164;9351;5.09;0.31;351.97;10.61;1295;38;3210.00;187
7871;29;4869010;7871;437;9164;9351;5.10;0.31;351.95;10.61;1293;38;3211.00;187
7876;29;4869025;7876;440;9168;9355;5.13;0.31;352.10;10.61;1292;38;3212.00;187
7878;29;4869042;7878;448;9169;9356;5.16;0.31;352.13;10.60;1291;38;3213.00;187
7879;29;4869058;7879;445;9169;9356;5.14;0.31;352.12;10.60;1290;38;3214.00;187
7880;29;4869074;7880;445;9170;9356;5.18;0.31;352.09;10.68;1290;38;3215.00;186
7882;29;4869089;7882;459;9181;9369;5.25;0.32;352.14;10.67;1299;38;3216.00;188
7882;29;4869106;7882;459;9181;9369;5.26;0.32;352.14;10.67;1299;38;3217.00;188
7884;29;4869121;7884;465;9181;9369;5.25;0.32;352.11;10.67;1297;38;3218.00;188
7886;29;4869136;7886;468;9182;9370;5.25;0.32;352.14;10.67;1296;38;3219.00;188
7890;29;4869152;7890;463;9182;9371;5.24;0.32;352.20;10.67;1292;38;3220.00;189
7892;29;4869167;7892;473;9182;9371;5.21;0.32;352.32;10.67;1290;38;3221.00;189
7892;29;4869182;7892;477;9184;9374;5.20;0.32;352.32;10.66;1292;38;3222.00;190
7896;29;4869197;7896;481;9184;9374;5.18;0.31;352.34;10.66;1288;38;3223.00;190
7897;29;4869212;7897;482;9185;9374;5.14;0.31;352.34;10.66;1288;38;3224.00;189
7897;29;4869227;7897;470;9186;9374;5.12;0.31;352.34;10.74;1289;38;3225.00;188
7900;29;4869243;7900;466;9191;9380;5.14;0.31;352.44;10.73;1291;38;3226.00;189
7903;29;4869260;7903;463;9191;9380;5.11;0.31;352.47;10.73;1288;38;3227.00;189
7905;29;4869275;7905;461;9191;9380;5.11;0.31;352.44;10.73;1286;38;3228.00;189
7907;29;4869290;7907;458;9191;9380;5.10;0.31;352.51;10.73;1284;38;3229.00;189
7911;29;4869306;7911;448;9194;9384;5.09;0.31;352.67;10.73;1283;38;3230.00;190
7912;29;4869321;7912;445;9195;9385;5.08;0.31;352.68;10.73;1283;38;3231.00;190
7914;29;4869337;7914;431;9195;9385;5.12;0.31;352.69;10.73;1281;38;3232.00;190
7915;29;4869352;7915;428;9196;9386;5.16;0.31;352.69;10.73;1281;38;3233.00;190
7919;29;4869372;7919;414;9196;9386;5.15;0.31;352.85;10.73;1277;38;3234.00;190
7921;29;4869388;7921;413;9196;9386;5.13;0.31;352.87;10.73;1275;38;3235.00;190
7922;29;4869403;7922;403;9196;9386;5.13;0.31;352.98;10.73;1274;38;3236.00;190
7924;29;4869424;7924;405;9196;9386;5.12;0.31;352.96;10.73;1272;38;3237.00;190
7928;29;4869440;7928;404;9196;9386;5.08;0.31;353.08;10.73;1268;38;3238.00;190
7932;29;4869455;7932;405;9196;9386;5.05;0.31;353.12;10.73;1264;38;3239.00;190
7934;29;4869472;7934;410;9253;9511;5.25;0.32;353.19;10.78;1319;38;3240.00;258
7937;29;4869498;7937;414;9256;9512;5.21;0.32;353.27;10.77;1319;38;3241.00;256
7941;29;4869513;7941;420;9264;9512;5.21;0.32;353.25;10.77;1323;38;3242.00;248
7944;29;4869528;7944;422;9267;9512;5.19;0.32;353.33;10.76;1323;38;3243.00;245
7951;29;4869544;7951;426;9276;9512;5.12;0.31;353.34;10.76;1325;38;3244.00;236
7951;29;4869560;7951;437;9276;9512;5.12;0.31;353.34;10.76;1325;38;3245.00;236
7954;29;4869576;7954;430;9282;9512;5.16;0.32;353.51;10.75;1328;38;3246.00;230
7957;29;4869591;7957;432;9284;9512;5.14;0.31;353.62;10.75;1327;38;3247.00;228
7958;29;4869607;7958;432;9291;9513;5.15;0.31;353.62;10.75;1333;38;3248.00;222
7961;29;4869628;7961;423;9292;9514;5.09;0.31;353.67;10.75;1331;38;3249.00;222
7964;29;4869643;7964;419;9297;9514;5.10;0.31;353.69;10.75;1333;38;3250.00;217
7965;29;4869659;7965;421;9303;9518;5.12;0.31;353.73;10.75;1338;38;3251.00;215
7966;29;4869675;7966;438;9306;9518;5.11;0.31;353.73;10.75;1340;38;3252.00;212
7969;29;4869692;7969;440;9308;9518;5.07;0.31;353.75;10.75;1339;38;3253.00;210
7969;29;4869707;7969;446;9308;9518;5.01;0.31;353.75;10.75;1339;38;3254.00;210
7971;29;4869729;7971;449;9313;9524;4.96;0.30;353.83;10.74;1342;38;3255.00;211
7975;29;4869746;7975;453;9313;9524;4.91;0.30;353.92;10.74;1338;38;3256.00;211
7975;29;4869762;7975;458;9313;9524;4.86;0.30;353.92;10.74;1338;38;3257.00;211
7979;29;4869778;7979;464;9315;9527;4.83;0.29;354.00;10.74;1336;38;3258.00;212
7982;29;4869793;7982;465;9315;9527;4.79;0.29;354.23;10.74;1333;38;3259.00;212
7983;29;4869809;7983;470;9316;9527;4.78;0.29;354.21;10.74;1333;38;3260.00;211
7984;29;4869824;7984;468;9316;9528;4.81;0.29;354.22;10.74;1332;38;3261.00;212
7988;29;4869839;7988;481;9317;9529;4.77;0.29;354.26;10.74;1329;38;3262.00;212
7992;29;4869855;7992;484;9317;9529;4.79;0.29;354.28;10.74;1325;38;3263.00;212
7993;29;4869871;7993;500;9326;9542;4.80;0.29;354.28;10.73;1333;38;3264.00;216
7996;29;4869888;7996;506;9329;9542;4.81;0.29;354.37;10.84;1333;38;3265.00;213
7997;29;4869904;7997;517;9329;9542;4.82;0.30;354.38;10.84;1332;38;3266.00;213
8000;29;4869919;8000;525;9332;9543;4.78;0.29;354.29;10.90;1332;38;3267.00;211
8003;29;4869934;8003;530;9333;9543;4.67;0.29;354.41;10.96;1330;38;3268.00;210
8004;29;4869949;8004;534;9336;9547;4.66;0.29;354.38;10.96;1332;38;3269.00;211
8005;29;4869967;8005;543;9338;9547;4.57;0.28;354.36;11.07;1333;38;3270.00;209
8006;29;4869983;8006;554;9342;9551;4.53;0.28;354.36;11.07;1336;38;3271.00;209
8006;29;4870000;8006;563;9342;9551;4.49;0.28;354.36;11.07;1336;38;3272.00;209
8009;29;4870015;8009;564;9344;9551;4.47;0.27;354.30;11.18;1335;38;3273.00;207
8013;29;4870029;8013;574;9344;9551;4.37;0.27;354.24;11.18;1331;38;3274.00;207
8015;29;4870045;8015;585;9346;9551;4.27;0.26;354.22;11.29;1331;38;3275.00;205
8017;29;4870060;8017;594;9356;9563;4.28;0.26;354.23;11.28;1339;38;3276.00;207
8018;29;4870075;8018;601;9356;9563;4.26;0.26;354.21;11.28;1338;38;3277.00;207
8020;29;4870089;8020;606;9359;9563;4.21;0.26;354.16;11.39;1339;38;3278.00;204
8022;29;4870104;8022;611;9359;9563;4.16;0.26;354.12;11.39;1337;39;3279.00;204
8023;29;4870127;8023;614;9360;9563;4.12;0.25;354.09;11.45;1337;39;3280.00;203
8027;29;4870142;8027;615;9360;9563;4.02;0.25;354.09;11.45;1333;39;3281.00;203
8030;30;4870157;8030;619;9361;9564;3.95;0.24;353.98;11.51;1331;40;3282.00;203
8031;30;4870184;8031;630;9361;9564;3.85;0.24;353.98;11.51;1330;40;3283.00;203
8032;30;4870200;8032;631;9366;9570;3.80;0.23;353.94;11.50;1334;40;3284.00;204
8033;30;4870218;8033;628;9368;9572;3.77;0.23;353.92;11.50;1335;40;3285.00;204
8033;30;4870233;8033;638;9369;9572;3.77;0.23;353.92;11.55;1336;40;3286.00;203
8036;30;4870248;8036;644;9369;9572;3.76;0.23;353.87;11.55;1333;41;3287.00;203
8042;30;4870271;8042;653;9372;9576;3.74;0.23;353.83;11.55;1330;41;3288.00;204
8046;30;4870286;8046;648;9372;9576;3.71;0.23;353.77;11.55;1326;41;3289.00;204
8049;30;4870298;8049;650;9372;9576;3.70;0.23;353.72;11.55;1323;41;3290.00;204
8050;30;4870312;8050;656;9373;9577;3.67;0.23;353.72;11.55;1323;41;3291.00;204
8052;30;4870325;8052;661;9376;9581;3.67;0.23;353.75;11.55;1324;41;3292.00;205
8056;30;4870338;8056;662;9376;9581;3.64;0.22;353.73;11.55;1320;41;3293.00;205
8057;30;4870351;8057;658;9378;9584;3.65;0.22;353.73;11.54;1321;41;3294.00;206
8059;30;4870365;8059;663;9378;9584;3.62;0.22;353.67;11.54;1319;41;3295.00;206
8060;30;4870380;8060;649;9379;9584;3.61;0.22;353.64;11.54;1319;41;3296.00;205
8062;30;4870396;8062;657;9379;9584;3.60;0.22;353.61;11.54;1317;41;3297.00;205
8064;30;4870410;8064;653;9383;9588;3.60;0.22;353.60;11.54;1319;41;3298.00;205
8065;30;4870424;8065;652;9383;9588;3.58;0.22;353.62;11.54;1318;41;3299.00;205
8069;30;4870440;8069;645;9388;9607;3.53;0.22;353.54;11.53;1319;41;3300.00;219
8070;30;4870459;8070;619;9388;9607;3.54;0.22;353.55;11.53;1318;41;3301.00;219
8072;30;4870473;8072;600;9388;9608;3.49;0.21;353.53;11.53;1316;41;3302.00;220
8076;30;4870486;8076;586;9389;9609;3.46;0.21;353.61;11.53;1313;41;3303.00;220
8079;30;4870499;8079;581;9389;9609;3.48;0.21;353.61;11.53;1310;41;3304.00;220
8080;30;4870513;8080;577;9390;9610;3.52;0.22;353.63;11.53;1310;41;3305.00;220
8082;30;4870527;8082;578;9392;9610;3.52;0.22;353.60;11.53;1310;41;3306.00;218
8083;30;4870541;8083;572;9392;9610;3.60;0.22;353.60;11.53;1309;41;3307.00;218
8085;30;4870566;8085;569;9392;9610;3.64;0.22;353.61;11.53;1307;41;3308.00;218
8086;30;4870580;8086;570;9392;9610;3.71;0.23;353.60;11.53;1306;41;3309.00;218
8088;30;4870594;8088;557;9392;9610;3.76;0.23;353.66;11.53;1304;41;3310.00;218
8093;30;4870607;8093;547;9392;9610;3.77;0.23;353.68;11.53;1299;41;3311.00;218
8094;30;4870622;8094;548;9457;9737;4.16;0.26;353.67;11.45;1363;41;3312.00;280
8097;30;4870647;8097;543;9459;9738;4.23;0.26;353.68;11.45;1362;41;3313.00;279
8099;31;4870662;8099;540;9468;9738;4.32;0.27;353.69;11.44;1369;42;3314.00;270
8103;31;4870683;8103;540;9470;9738;4.36;0.27;353.58;11.44;1367;42;3315.00;268
8108;31;4870698;8108;536;9475;9738;4.40;0.27;353.61;11.44;1367;42;3316.00;263
8110;31;4870714;8110;530;9476;9738;4.45;0.27;353.62;11.43;1366;42;3317.00;262
8113;31;4870729;8113;525;9481;9738;4.48;0.28;353.62;11.43;1368;42;3318.00;257
8114;31;4870744;8114;512;9484;9738;4.52;0.28;353.62;11.43;1370;42;3319.00;254
8115;31;4870760;8115;511;9486;9739;4.55;0.28;353.60;11.43;1371;42;3320.00;253
8118;31;4870779;8118;502;9488;9740;4.54;0.28;353.60;11.43;1370;42;3321.00;252
8122;31;4870795;8122;495;9492;9740;4.52;0.28;353.60;11.43;1370;42;3322.00;248
8126;31;4870811;8126;496;9495;9741;4.49;0.28;353.71;11.43;1369;42;3323.00;246
8127;31;4870829;8127;489;9498;9741;4.52;0.28;353.81;11.43;1371;42;3324.00;243
8131;31;4870846;8131;486;9500;9741;4.54;0.28;353.79;11.43;1369;42;3325.00;241
8133;31;4870865;8133;488;9502;9741;4.58;0.28;353.82;11.43;1369;42;3326.00;239
8136;31;4870882;8136;483;9504;9745;4.60;0.28;353.79;11.43;1368;42;3327.00;241
8141;31;4870899;8141;488;9507;9745;4.59;0.28;353.97;11.44;1366;42;3328.00;238
8146;31;4870916;8146;501;9509;9745;4.58;0.28;353.95;11.44;1363;42;3329.00;236
8149;31;4870934;8149;502;9513;9751;4.57;0.28;354.04;11.43;1364;42;3330.00;238
8151;31;4870951;8151;508;9514;9751;4.59;0.28;354.03;11.44;1363;42;3331.00;237
8152;31;4870967;8152;504;9514;9751;4.57;0.28;354.18;11.44;1362;42;3332.00;237
8156;31;4870982;8156;515;9518;9755;4.55;0.28;354.29;11.43;1362;42;3333.00;237
8162;31;4870998;8162;524;9520;9756;4.53;0.28;354.34;11.43;1358;42;3334.00;236
8163;31;4871015;8163;532;9524;9756;4.55;0.28;354.39;11.44;1361;42;3335.00;232
8167;31;4871030;8167;536;9528;9760;4.57;0.28;354.42;11.44;1361;42;3336.00;232
8173;31;4871053;8173;544;9529;9760;4.56;0.28;354.59;11.44;1356;42;3337.00;231
8173;31;4871069;8173;546;9531;9760;4.63;0.28;354.59;11.44;1358;42;3338.00;229
8177;31;4871086;8177;551;9532;9761;4.66;0.29;354.60;11.44;1355;42;3339.00;229
8182;31;4871102;8182;545;9533;9761;4.64;0.28;354.73;11.44;1351;42;3340.00;228
8185;31;4871117;8185;542;9538;9767;4.58;0.28;354.74;11.52;1353;42;3341.00;229
8187;31;4871135;8187;544;9540;9767;4.49;0.28;354.74;11.52;1353;42;3342.00;227
8194;31;4871150;8194;550;9543;9768;4.42;0.27;354.77;11.53;1349;42;3343.00;225
8194;31;4871166;8194;548;9543;9768;4.38;0.27;354.77;11.53;1349;42;3344.00;225
8197;31;4871182;8197;561;9544;9768;4.34;0.27;354.88;11.53;1347;42;3345.00;224
8200;31;4871199;8200;555;9545;9768;4.29;0.26;354.96;11.53;1345;42;3346.00;223
8204;31;4871214;8204;553;9546;9768;4.26;0.26;354.98;11.53;1342;42;3347.00;222
8206;31;4871231;8206;550;9557;9780;4.29;0.26;354.97;11.51;1351;42;3348.00;223
8210;31;4871247;8210;543;9557;9780;4.29;0.26;355.09;11.51;1347;42;3349.00;223
8215;31;4871263;8215;537;9557;9780;4.30;0.26;355.08;11.51;1342;42;3350.00;223
8218;31;4871280;8218;529;9557;9780;4.33;0.26;355.20;11.51;1339;42;3351.00;223
8220;31;4871296;8220;527;9557;9780;4.34;0.27;355.24;11.51;1337;42;3352.00;223
8224;31;4871316;8224;527;9557;9780;4.37;0.27;355.32;11.51;1333;42;3353.00;223
8226;31;4871337;8226;524;9560;9784;4.39;0.27;355.30;11.51;1334;42;3354.00;224
8231;31;4871356;8231;526;9560;9784;4.36;0.26;355.49;11.51;1329;42;3355.00;224
8231;31;4871379;8231;509;9564;9788;4.44;0.27;355.49;11.51;1333;42;3356.00;224
8237;31;4871396;8237;506;9564;9789;4.42;0.27;355.61;11.51;1327;42;3357.00;225
8238;31;4871413;8238;497;9565;9789;4.46;0.27;355.72;11.51;1327;42;3358.00;224
8242;31;4871430;8242;490;9565;9789;4.44;0.27;355.69;11.51;1323;42;3359.00;224
8244;31;4871448;8244;500;9589;9818;4.50;0.27;355.78;11.48;1345;42;3360.00;229
8248;31;4871468;8248;493;9589;9818;4.52;0.28;355.94;11.48;1341;42;3361.00;229
8250;31;4871484;8250;493;9590;9818;4.56;0.28;355.93;11.48;1340;42;3362.00;228
8253;31;4871500;8253;483;9591;9819;4.63;0.28;356.12;11.47;1338;42;3363.00;228
8259;31;4871519;8259;488;9591;9820;4.68;0.28;356.12;11.47;1332;42;3364.00;229
8260;31;4871537;8260;489;9591;9820;4.77;0.29;356.11;11.47;1331;42;3365.00;229
8262;31;4871553;8262;496;9593;9823;4.83;0.29;356.16;11.47;1331;42;3366.00;230
8264;31;4871572;8264;502;9593;9823;4.84;0.29;356.26;11.47;1329;42;3367.00;230
8266;31;4871591;8266;507;9594;9823;4.86;0.30;356.49;11.47;1328;42;3368.00;229
8268;31;4871607;8268;506;9594;9823;4.85;0.29;356.64;11.47;1326;42;3369.00;229
8274;31;4871624;8274;505;9599;9829;4.82;0.29;356.77;11.47;1325;42;3370.00;230
8274;31;4871641;8274;500;9599;9829;4.84;0.29;356.77;11.47;1325;42;3371.00;230
8275;31;4871657;8275;496;9599;9829;4.84;0.29;356.75;11.47;1324;42;3372.00;230
8277;31;4871673;8277;502;9600;9829;4.83;0.29;356.92;11.55;1323;42;3373.00;229
8278;31;4871690;8278;500;9603;9833;4.82;0.29;356.89;11.55;1325;42;3374.00;230
8282;31;4871707;8282;503;9605;9835;4.79;0.29;357.22;11.55;1323;42;3375.00;230
8284;31;4871723;8284;499;9605;9835;4.79;0.29;357.27;11.55;1321;42;3376.00;230
8287;31;4871739;8287;498;9606;9836;4.79;0.29;357.29;11.55;1319;42;3377.00;230
8291;31;4871755;8291;500;9606;9836;4.74;0.29;357.63;11.55;1315;42;3378.00;230
8292;31;4871770;8292;499;9606;9836;4.77;0.29;357.60;11.55;1314;42;3379.00;230
8296;31;4871791;8296;494;9606;9836;4.78;0.29;357.63;11.55;1310;42;3380.00;230
8298;31;4871807;8298;497;9606;9836;4.76;0.29;357.67;11.55;1308;42;3381.00;230
8303;32;4871823;8303;492;9606;9836;4.78;0.29;357.79;11.55;1303;43;3382.00;230
8304;32;4871849;8304;497;9606;9836;4.83;0.29;357.83;11.55;1302;43;3383.00;230
8304;32;4871865;8304;507;9643;9906;4.86;0.30;357.83;11.50;1339;43;3384.00;263
8304;32;4871887;8304;488;9643;9907;4.90;0.30;357.83;11.50;1339;43;3385.00;264
8306;32;4871903;8306;489;9648;9907;4.93;0.30;357.94;11.50;1342;43;3386.00;259
8307;32;4871918;8307;503;9648;9907;4.89;0.30;357.96;11.50;1341;43;3387.00;259
8309;32;4871932;8309;505;9650;9907;4.87;0.30;357.95;11.50;1341;43;3388.00;257
8312;32;4871948;8312;516;9651;9907;4.82;0.29;358.10;11.50;1339;43;3389.00;256
8314;32;4871966;8314;510;9655;9907;4.82;0.29;358.10;11.49;1341;43;3390.00;252
8316;32;4871982;8316;516;9657;9907;4.84;0.29;358.09;11.49;1341;43;3391.00;250
8318;32;4871998;8318;506;9660;9908;4.87;0.29;358.10;11.49;1342;43;3392.00;248
8319;32;4872013;8319;511;9662;9909;4.89;0.30;358.12;11.49;1343;43;3393.00;247
8320;32;4872029;8320;505;9665;9909;4.92;0.30;358.14;11.49;1345;43;3394.00;244
8321;32;4872044;8321;500;9670;9913;4.88;0.30;358.14;11.49;1349;43;3395.00;243
8322;32;4872061;8322;503;9672;9913;4.87;0.30;358.25;11.49;1350;43;3396.00;241
8323;32;4872076;8323;491;9672;9913;4.82;0.29;358.34;11.49;1349;43;3397.00;241
8323;32;4872093;8323;487;9673;9913;4.81;0.29;358.34;11.49;1350;43;3398.00;240
8328;32;4872108;8328;494;9679;9919;4.80;0.29;358.77;11.48;1351;43;3399.00;240
8329;32;4872126;8329;497;9681;9919;4.80;0.29;358.76;11.48;1352;43;3400.00;238
8332;32;4872145;8332;502;9681;9919;4.75;0.29;358.81;11.48;1349;43;3401.00;238
8335;32;4872162;8335;493;9683;9922;4.75;0.29;358.88;11.48;1348;43;3402.00;239
8336;32;4872178;8336;484;9684;9922;4.73;0.29;358.85;11.48;1348;43;3403.00;238
8341;32;4872194;8341;475;9684;9922;4.71;0.29;358.91;11.48;1343;43;3404.00;238
8344;32;4872210;8344;472;9686;9923;4.70;0.29;358.95;11.61;1342;43;3405.00;237
8346;32;4872229;8346;473;9687;9924;4.67;0.28;358.99;11.61;1341;43;3406.00;237
8350;32;4872244;8350;464;9687;9924;4.62;0.28;358.95;11.61;1337;43;3407.00;237
8351;32;4872261;8351;471;9697;9937;4.59;0.28;358.99;11.59;1346;43;3408.00;240
8354;32;4872278;8354;472;9697;9937;4.55;0.28;358.97;11.59;1343;43;3409.00;240
8355;32;4872293;8355;476;9697;9937;4.57;0.28;358.96;11.59;1342;43;3410.00;240
8356;32;4872309;8356;484;9699;9938;4.60;0.28;358.93;11.59;1343;43;3411.00;239
8357;32;4872325;8357;486;9699;9938;4.61;0.28;358.90;11.59;1342;43;3412.00;239
8358;32;4872342;8358;500;9702;9942;4.66;0.29;358.96;11.59;1344;43;3413.00;240
8359;32;4872358;8359;509;9702;9942;4.67;0.29;358.97;11.59;1343;43;3414.00;240
8363;32;4872374;8363;515;9706;9946;4.62;0.28;358.93;11.59;1343;43;3415.00;240
8363;32;4872390;8363;510;9707;9946;4.62;0.28;358.93;11.58;1344;43;3416.00;239
8364;32;4872406;8364;510;9707;9946;4.59;0.28;358.96;11.58;1343;43;3417.00;239
8366;32;4872422;8366;508;9707;9946;4.54;0.28;358.90;11.58;1341;43;3418.00;239
8368;32;4872437;8368;506;9707;9946;4.48;0.28;358.87;11.58;1339;43;3419.00;239
8369;32;4872453;8369;510;9729;9980;4.56;0.28;358.83;11.56;1360;43;3420.00;251
8371;32;4872471;8371;512;9732;9980;4.52;0.28;358.77;11.56;1361;43;3421.00;248
8377;32;4872486;8377;514;9734;9980;4.48;0.28;358.77;11.55;1357;43;3422.00;246
8379;32;4872502;8379;513;9736;9980;4.49;0.28;358.76;11.55;1357;43;3423.00;244
8381;32;4872516;8381;510;9736;9980;4.45;0.28;358.76;11.55;1355;43;3424.00;244
8384;32;4872531;8384;516;9736;9980;4.41;0.27;358.83;11.55;1352;43;3425.00;244
8387;32;4872547;8387;518;9736;9981;4.33;0.27;358.98;11.55;1349;43;3426.00;245
8391;32;4872563;8391;522;9736;9981;4.27;0.26;359.02;11.55;1345;43;3427.00;245
8395;32;4872578;8395;532;9741;9987;4.26;0.26;359.18;11.55;1346;43;3428.00;246
8396;32;4872594;8396;535;9742;9988;4.22;0.26;359.16;11.54;1346;43;3429.00;246
8400;32;4872610;8400;549;9744;9988;4.16;0.26;359.05;11.68;1344;43;3430.00;244
8401;32;4872625;8401;553;9744;9988;4.13;0.25;359.04;11.68;1343;43;3431.00;244
8403;32;4872640;8403;565;9747;9992;4.14;0.26;358.97;11.68;1344;43;3432.00;245
8407;32;4872655;8407;574;9749;9992;4.05;0.25;358.99;11.81;1342;43;3433.00;243
8411;32;4872670;8411;583;9749;9992;4.00;0.25;358.90;11.81;1338;43;3434.00;243
8413;32;4872684;8413;590;9750;9993;3.95;0.24;358.85;11.81;1337;43;3435.00;243
8416;32;4872698;8416;598;9755;9997;3.87;0.24;358.81;11.94;1339;43;3436.00;242
8418;32;4872713;8418;595;9755;9997;3.82;0.23;358.83;11.94;1337;43;3437.00;242
8420;32;4872727;8420;601;9757;10000;3.79;0.23;358.81;11.94;1337;43;3438.00;243
8421;32;4872741;8421;606;9760;10000;3.74;0.23;358.77;12.07;1339;43;3439.00;240
8424;32;4872756;8424;619;9760;10000;3.69;0.23;358.74;12.07;1336;43;3440.00;240
8425;32;4872770;8425;622;9760;10000;3.63;0.22;358.75;12.07;1335;43;3441.00;240
8425;32;4872783;8425;622;9766;10004;3.61;0.22;358.75;12.19;1341;43;3442.00;238
8426;32;4872797;8426;625;9766;10004;3.56;0.22;358.72;12.19;1340;43;3443.00;238
8428;32;4872810;8428;630;9768;10004;3.50;0.21;358.81;12.32;1340;43;3444.00;236
8429;32;4872824;8429;626;9768;10004;3.46;0.21;358.81;12.32;1339;43;3445.00;236
8432;32;4872838;8432;624;9768;10005;3.40;0.21;358.77;12.32;1336;43;3446.00;237
8433;32;4872851;8433;631;9771;10006;3.35;0.20;358.78;12.45;1338;43;3447.00;235
8434;32;4872867;8434;623;9771;10006;3.31;0.20;358.78;12.45;1337;43;3448.00;235
8434;32;4872882;8434;604;9772;10007;3.30;0.20;358.78;12.44;1338;43;3449.00;235
8435;32;4872904;8435;595;9772;10007;3.35;0.20;358.80;12.44;1337;43;3450.00;235
8437;32;4872920;8437;588;9774;10007;3.38;0.21;358.80;12.57;1337;43;3451.00;233
8438;32;4872936;8438;589;9774;10007;3.44;0.21;358.78;12.57;1336;43;3452.00;233
8438;32;4872949;8438;581;9774;10007;3.52;0.21;358.78;12.57;1336;43;3453.00;233
8440;32;4872961;8440;573;9774;10007;3.58;0.22;358.72;12.57;1334;43;3454.00;233
8440;32;4872981;8440;568;9774;10007;3.62;0.22;358.72;12.57;1334;43;3455.00;233
8441;32;4872994;8441;591;9840;10134;3.97;0.25;358.71;12.49;1399;43;3456.00;294
8444;32;4873017;8444;581;9844;10135;3.99;0.25;358.62;12.48;1400;43;3457.00;291
8444;32;4873032;8444;578;9853;10135;4.06;0.25;358.62;12.47;1409;43;3458.00;282
8444;32;4873046;8444;576;9856;10135;4.07;0.25;358.62;12.47;1412;43;3459.00;279
8445;32;4873060;8445;573;9863;10135;4.10;0.25;358.60;12.46;1418;43;3460.00;272
8447;32;4873074;8447;570;9865;10135;4.08;0.25;358.59;12.46;1418;43;3461.00;270
8449;32;4873093;8449;569;9868;10135;4.02;0.25;358.61;12.46;1419;43;3462.00;267
8450;32;4873107;8450;569;9870;10135;3.97;0.24;358.59;12.46;1420;43;3463.00;265
8453;32;4873120;8453;576;9873;10136;3.94;0.24;358.55;12.46;1420;43;3464.00;263
8455;32;4873134;8455;567;9876;10138;3.93;0.24;358.57;12.45;1421;43;3465.00;262
8455;32;4873149;8455;559;9878;10138;3.94;0.24;358.57;12.45;1423;43;3466.00;260
8458;32;4873162;8458;558;9882;10139;3.90;0.24;358.71;12.45;1424;43;3467.00;257
8463;32;4873177;8463;555;9883;10139;3.87;0.24;358.71;12.45;1420;43;3468.00;256
8464;32;4873191;8464;551;9885;10139;3.88;0.24;358.75;12.45;1421;43;3469.00;254
8468;32;4873205;8468;555;9887;10139;3.86;0.24;358.81;12.45;1419;43;3470.00;252
8471;32;4873220;8471;554;9890;10143;3.90;0.24;358.77;12.45;1419;43;3471.00;253
8471;32;4873235;8471;542;9891;10143;3.97;0.24;358.77;12.45;1420;43;3472.00;252
8476;32;4873252;8476;528;9892;10143;3.97;0.24;358.65;12.45;1416;43;3473.00;251
8478;32;4873267;8478;526;9894;10146;4.00;0.24;358.59;12.45;1416;43;3474.00;252
8482;32;4873283;8482;521;9894;10146;4.00;0.24;358.77;12.45;1412;43;3475.00;252
8485;32;4873297;8485;513;9894;10146;4.05;0.25;358.74;12.45;1409;43;3476.00;252
8486;32;4873312;8486;510;9898;10150;4.09;0.25;358.73;12.45;1412;43;3477.00;252
8489;32;4873334;8489;512;9899;10151;4.10;0.25;358.80;12.45;1410;43;3478.00;252
8493;32;4873354;8493;509;9901;10151;4.11;0.25;358.95;12.45;1408;43;3479.00;250
8497;32;4873372;8497;506;9906;10156;4.12;0.25;358.98;12.44;1409;43;3480.00;250
8498;32;4873388;8498;504;9906;10156;4.18;0.25;359.04;12.44;1408;43;3481.00;250
8500;32;4873404;8500;505;9906;10156;4.22;0.26;359.08;12.44;1406;43;3482.00;250
8503;32;4873420;8503;502;9906;10157;4.25;0.26;359.06;12.44;1403;43;3483.00;251
8507;32;4873435;8507;500;9906;10157;4.30;0.26;359.17;12.44;1399;43;3484.00;251
8509;32;4873452;8509;491;9910;10163;4.32;0.26;359.25;12.44;1401;43;3485.00;253
8513;32;4873469;8513;493;9910;10163;4.36;0.27;359.39;12.44;1397;43;3486.00;253
8514;32;4873485;8514;489;9911;10164;4.43;0.27;359.42;12.54;1397;43;3487.00;253
8518;32;4873502;8518;478;9911;10164;4.45;0.27;359.44;12.54;1393;43;3488.00;253
8519;32;4873517;8519;479;9911;10164;4.49;0.27;359.45;12.54;1392;43;3489.00;253
8524;32;4873534;8524;475;9911;10164;4.48;0.27;359.66;12.54;1387;43;3490.00;253
8527;32;4873552;8527;466;9911;10164;4.51;0.27;359.94;12.54;1384;43;3491.00;253
8528;32;4873571;8528;469;9920;10176;4.57;0.28;359.96;12.52;1392;43;3492.00;256
8532;32;4873600;8532;463;9920;10176;4.56;0.28;360.11;12.52;1388;43;3493.00;256
8537;32;4873616;8537;459;9920;10176;4.55;0.28;360.20;12.52;1383;43;3494.00;256
8543;32;4873630;8543;462;9920;10176;4.53;0.28;360.33;12.52;1377;43;3495.00;256
8548;32;4873646;8548;461;9920;10176;4.51;0.27;360.36;12.52;1372;43;3496.00;256
8549;32;4873661;8549;451;9920;10176;4.52;0.27;360.37;12.52;1371;43;3497.00;256
8553;32;4873675;8553;454;9923;10180;4.53;0.28;360.60;12.52;1370;43;3498.00;257
8558;32;4873692;8558;452;9923;10180;4.56;0.28;360.74;12.52;1365;43;3499.00;257
8561;32;4873709;8561;451;9927;10184;4.60;0.28;360.87;12.52;1366;43;3500.00;257
8566;32;4873728;8566;457;9927;10185;4.57;0.28;360.88;12.52;1361;43;3501.00;258
8570;32;4873743;8570;450;9928;10185;4.57;0.28;360.95;12.52;1358;43;3502.00;257
8572;32;4873758;8572;454;9930;10185;4.56;0.28;361.01;12.62;1358;43;3503.00;255
8575;32;4873774;8575;460;9939;10198;4.62;0.28;361.10;12.61;1364;43;3504.00;259
8576;32;4873789;8576;458;9941;10198;4.62;0.28;361.11;12.61;1365;43;3505.00;257
8582;32;4873805;8582;459;9942;10198;4.59;0.28;361.37;12.61;1360;43;3506.00;256
8585;32;4873820;8585;469;9943;10199;4.60;0.28;361.53;12.61;1358;43;3507.00;256
8591;32;4873836;8591;469;9945;10200;4.56;0.28;361.58;12.61;1354;43;3508.00;255
8593;32;4873851;8593;473;9945;10200;4.56;0.28;361.55;12.61;1352;43;3509.00;255
8594;32;4873868;8594;475;9948;10206;4.61;0.28;361.60;12.61;1354;43;3510.00;258
8596;32;4873884;8596;478;9950;10206;4.57;0.28;361.70;12.61;1354;43;3511.00;256
8599;32;4873899;8599;471;9952;10206;4.52;0.27;361.75;12.61;1353;43;3512.00;254
8602;32;4873913;8602;461;9955;10206;4.51;0.27;361.80;12.70;1353;43;3513.00;251
8605;32;4873928;8605;453;9959;10212;4.51;0.27;361.90;12.70;1354;43;3514.00;253
8608;32;4873945;8608;451;9959;10212;4.56;0.28;362.00;12.70;1351;43;3515.00;253
8611;32;4873961;8611;448;9960;10212;4.56;0.28;362.04;12.70;1349;43;3516.00;252
8611;32;4873977;8611;444;9960;10212;4.58;0.28;362.04;12.70;1349;43;3517.00;252
8613;32;4873992;8613;453;9964;10216;4.62;0.28;362.11;12.70;1351;43;3518.00;252
8616;32;4874008;8616;451;9967;10219;4.63;0.28;362.28;12.69;1351;43;3519.00;252
8618;32;4874024;8618;450;9967;10219;4.66;0.28;362.34;12.69;1349;43;3520.00;252
8624;32;4874039;8624;447;9969;10220;4.64;0.28;362.37;12.79;1345;43;3521.00;251
8628;32;4874055;8628;441;9969;10220;4.65;0.28;362.38;12.79;1341;43;3522.00;251
8630;32;4874071;8630;437;9969;10220;4.68;0.28;362.47;12.79;1339;43;3523.00;251
8634;32;4874087;8634;440;9969;10220;4.68;0.28;362.55;12.79;1335;43;3524.00;251
8635;32;4874103;8635;432;9969;10220;4.72;0.29;362.56;12.79;1334;43;3525.00;251
8637;32;4874118;8637;432;9969;10220;4.78;0.29;362.58;12.79;1332;43;3526.00;251
8639;32;4874133;8639;427;9970;10220;4.78;0.29;362.62;12.89;1331;43;3527.00;250
8642;32;4874148;8642;444;10010;10290;4.76;0.29;362.71;12.84;1368;43;3528.00;280
8643;32;4874169;8643;444;10010;10291;4.81;0.29;362.72;12.84;1367;43;3529.00;281
8645;32;4874185;8645;441;10015;10291;4.85;0.29;362.77;12.83;1370;43;3530.00;276
8645;32;4874200;8645;446;10018;10291;4.87;0.29;362.77;12.83;1373;43;3531.00;273
8646;32;4874215;8646;450;10020;10291;4.93;0.30;362.85;12.93;1374;43;3532.00;271
8647;32;4874230;8647;452;10022;10291;4.95;0.30;362.87;12.93;1375;43;3533.00;269
8648;32;4874245;8648;456;10025;10291;4.98;0.30;362.86;12.92;1377;43;3534.00;266
8651;32;4874261;8651;450;10027;10291;4.97;0.30;362.98;12.92;1376;43;3535.00;264
8653;32;4874278;8653;449;10029;10292;4.95;0.30;363.03;12.92;1376;43;3536.00;263
8654;32;4874292;8654;448;10032;10293;4.96;0.30;363.01;12.92;1378;43;3537.00;261
8658;32;4874308;8658;447;10034;10293;4.94;0.30;363.14;12.92;1376;43;3538.00;259
8660;32;4874323;8660;453;10038;10297;4.90;0.30;363.18;12.92;1378;43;3539.00;259
8660;32;4874341;8660;456;10040;10297;4.87;0.30;363.18;13.02;1380;43;3540.00;257
8662;32;4874357;8662;455;10040;10297;4.79;0.29;363.21;13.02;1378;43;3541.00;257
8663;32;4874373;8663;459;10040;10297;4.82;0.29;363.28;13.02;1377;43;3542.00;257
8664;32;4874387;8664;456;10046;10303;4.83;0.29;363.30;13.01;1382;43;3543.00;257
8666;32;4874403;8666;456;10047;10303;4.80;0.29;363.31;13.01;1381;43;3544.00;256
8672;32;4874418;8672;452;10048;10303;4.78;0.29;363.46;13.01;1376;43;3545.00;255
8672;32;4874434;8672;452;10050;10306;4.81;0.29;363.46;13.01;1378;43;3546.00;256
8673;32;4874454;8673;452;10050;10306;4.82;0.29;363.52;13.01;1377;43;3547.00;256
8674;32;4874471;8674;465;10051;10306;4.84;0.30;363.55;13.01;1377;43;3548.00;255
8675;32;4874486;8675;470;10051;10307;4.91;0.30;363.55;13.01;1376;43;3549.00;256
8681;32;4874501;8681;471;10052;10308;4.91;0.30;363.66;13.01;1371;43;3550.00;256
8684;32;4874517;8684;483;10052;10308;4.90;0.30;363.66;13.01;1368;43;3551.00;256
8688;32;4874535;8688;475;10063;10321;4.94;0.30;363.65;12.99;1375;43;3552.00;258
8692;32;4874551;8692;471;10063;10321;4.90;0.30;363.74;12.99;1371;43;3553.00;258
8693;32;4874566;8693;476;10064;10321;4.90;0.30;363.75;13.09;1371;43;3554.00;257
8696;32;4874584;8696;477;10066;10323;4.87;0.30;363.77;13.09;1370;43;3555.00;257
8698;32;4874600;8698;478;10066;10323;4.88;0.30;363.84;13.09;1368;43;3556.00;257
8701;32;4874616;8701;485;10070;10327;4.88;0.30;363.87;13.09;1369;43;3557.00;257
8706;32;4874631;8706;477;10070;10327;4.78;0.29;363.87;13.09;1364;43;3558.00;257
8708;32;4874646;8708;483;10073;10331;4.73;0.29;363.82;13.08;1365;43;3559.00;258
8716;32;4874660;8716;479;10073;10331;4.69;0.28;363.99;13.08;1357;43;3560.00;258
8720;32;4874676;8720;480;10073;10331;4.67;0.28;364.15;13.08;1353;43;3561.00;258
8722;32;4874690;8722;479;10073;10331;4.70;0.28;364.14;13.08;1351;43;3562.00;258
8725;32;4874705;8725;475;10073;10331;4.74;0.29;364.13;13.08;1348;43;3563.00;258
8727;32;4874719;8727;479;10083;10343;4.83;0.29;364.15;13.07;1356;43;3564.00;260
8729;32;4874734;8729;485;10083;10343;4.87;0.29;364.17;13.07;1354;43;3565.00;260
8732;32;4874749;8732;486;10084;10343;4.89;0.30;364.23;13.07;1352;43;3566.00;259
8734;32;4874763;8734;487;10084;10343;4.87;0.29;364.26;13.07;1350;43;3567.00;259
8738;32;4874778;8738;483;10084;10343;4.79;0.29;364.28;13.07;1346;43;3568.00;259
8741;32;4874797;8741;491;10084;10343;4.72;0.29;364.23;13.07;1343;43;3569.00;259
8746;32;4874813;8746;493;10086;10344;4.67;0.28;364.22;13.21;1340;43;3570.00;258
8750;32;4874830;8750;492;10086;10344;4.59;0.28;364.23;13.21;1336;43;3571.00;258
8755;32;4874844;8755;498;10091;10350;4.53;0.27;364.14;13.21;1336;43;3572.00;259
8756;32;4874858;8756;508;10092;10351;4.44;0.27;364.15;13.20;1336;43;3573.00;259
8757;32;4874872;8757;508;10092;10351;4.40;0.27;364.14;13.20;1335;43;3574.00;259
8760;32;4874887;8760;512;10092;10351;4.34;0.26;364.10;13.20;1332;43;3575.00;259
8762;32;4874900;8762;517;10096;10355;4.35;0.26;364.03;13.30;1334;43;3576.00;259
8763;32;4874914;8763;518;10096;10355;4.31;0.26;364.00;13.30;1333;43;3577.00;259
8765;32;4874935;8765;520;10096;10355;4.29;0.26;363.95;13.30;1331;43;3578.00;259
8767;32;4874951;8767;530;10097;10356;4.28;0.26;364.05;13.30;1330;43;3579.00;259
8768;32;4874966;8768;534;10100;10360;4.26;0.26;364.01;13.29;1332;43;3580.00;260
8768;32;4874982;8768;544;10100;10360;4.25;0.26;364.01;13.29;1332;43;3581.00;260
8768;32;4874997;8768;537;10102;10363;4.26;0.26;364.01;13.29;1334;43;3582.00;261
8770;32;4875013;8770;542;10102;10363;4.20;0.26;363.95;13.29;1332;43;3583.00;261
8772;32;4875028;8772;539;10103;10363;4.17;0.25;363.90;13.29;1331;43;3584.00;260
8773;32;4875043;8773;537;10103;10363;4.15;0.25;363.87;13.29;1330;43;3585.00;260
8774;33;4875059;8774;537;10107;10367;4.18;0.26;363.84;13.28;1333;44;3586.00;260
8774;33;4875092;8774;538;10107;10367;4.16;0.25;363.84;13.28;1333;44;3587.00;260
8777;33;4875110;8777;545;10107;10367;4.12;0.25;363.76;13.28;1330;44;3588.00;260
8778;33;4875128;8778;550;10107;10367;4.14;0.25;363.86;13.28;1329;44;3589.00;260
8781;33;4875150;8781;550;10107;10368;4.11;0.25;363.88;13.28;1326;44;3590.00;261
8781;33;4875168;8781;551;10108;10369;4.10;0.25;363.88;13.28;1327;44;3591.00;261
8784;33;4875184;8784;556;10108;10369;4.04;0.25;363.95;13.28;1324;44;3592.00;261
8784;33;4875199;8784;559;10109;10370;4.00;0.25;363.95;13.28;1325;44;3593.00;261
8786;33;4875212;8786;569;10110;10370;3.93;0.24;363.93;13.35;1324;44;3594.00;260
8788;33;4875226;8788;561;10110;10370;3.91;0.24;363.91;13.35;1322;44;3595.00;260
8790;34;4875240;8790;557;10110;10370;3.89;0.24;363.88;13.35;1320;45;3596.00;260
8791;34;4875264;8791;554;10111;10370;3.90;0.24;363.94;13.43;1320;45;3597.00;259
8791;34;4875279;8791;554;10111;10370;3.93;0.24;363.94;13.43;1320;45;3598.00;259
8793;34;4875291;8793;559;10112;10370;3.94;0.24;363.91;13.50;1319;45;3599.00;258
8796;34;4875310;8796;586;10214;10623;4.29;0.27;363.90;13.37;1418;45;3600.00;409
8799;35;4875354;8799;576;10220;10624;4.32;0.27;363.96;13.43;1421;46;3601.00;404
8800;35;4875380;8800;567;10230;10624;4.38;0.28;364.04;13.42;1430;46;3602.00;394
8804;35;4875395;8804;570;10240;10624;4.44;0.28;363.99;13.48;1436;46;3603.00;384
8804;35;4875409;8804;565;10248;10624;4.52;0.28;363.99;13.48;1444;46;3604.00;376
8805;36;4875429;8805;557;10253;10624;4.53;0.28;363.96;13.47;1448;47;3605.00;371
8806;36;4875464;8806;559;10261;10624;4.54;0.28;363.97;13.54;1455;47;3606.00;363
8806;36;4875480;8806;556;10268;10624;4.54;0.28;363.97;13.53;1462;47;3607.00;356
8807;36;4875498;8807;560;10276;10625;4.53;0.28;363.97;13.60;1469;47;3608.00;349
8808;36;4875514;8808;573;10282;10626;4.52;0.28;363.98;13.60;1474;47;3609.00;344
8808;36;4875534;8808;574;10293;10626;4.49;0.28;363.98;13.73;1485;47;3610.00;333
8808;36;4875550;8808;582;10296;10627;4.44;0.28;363.98;13.73;1488;47;3611.00;331
8808;36;4875565;8808;584;10303;10627;4.41;0.27;363.98;13.73;1495;47;3612.00;324
8810;36;4875581;8810;583;10310;10627;4.36;0.27;363.91;14.01;1500;47;3613.00;317
8813;36;4875597;8813;593;10313;10627;4.31;0.27;363.90;14.01;1500;47;3614.00;314
8815;36;4875613;8815;593;10318;10631;4.26;0.26;363.84;14.01;1503;47;3615.00;313
8819;36;4875628;8819;595;10320;10631;4.22;0.26;363.78;14.01;1501;47;3616.00;311
8821;36;4875643;8821;597;10327;10631;4.21;0.26;363.74;14.15;1506;47;3617.00;304
8824;36;4875658;8824;599;10329;10634;4.20;0.26;363.82;14.15;1505;47;3618.00;305
8826;36;4875674;8826;601;10332;10634;4.21;0.26;363.81;14.29;1506;47;3619.00;302
8828;36;4875689;8828;605;10336;10634;4.18;0.26;363.79;14.29;1508;47;3620.00;298
8828;36;4875705;8828;609;10339;10638;4.17;0.25;363.79;14.28;1511;47;3621.00;299
8829;36;4875720;8829;607;10344;10639;4.17;0.25;363.83;14.42;1515;47;3622.00;295
8829;36;4875735;8829;615;10345;10639;4.19;0.26;363.83;14.42;1516;47;3623.00;294
8832;36;4875751;8832;616;10349;10643;4.20;0.26;363.98;14.42;1517;48;3624.00;294
8833;36;4875775;8833;618;10351;10643;4.22;0.26;363.97;14.43;1518;48;3625.00;292
8837;36;4875790;8837;619;10352;10643;4.23;0.26;364.06;14.43;1515;48;3626.00;291
8840;36;4875805;8840;619;10355;10644;4.22;0.26;364.15;14.57;1515;48;3627.00;289
8840;36;4875820;8840;623;10356;10644;4.22;0.26;364.15;14.57;1516;48;3628.00;288
8845;36;4875836;8845;626;10362;10650;4.20;0.26;364.23;14.56;1517;48;3629.00;288
8848;36;4875853;8848;619;10362;10650;4.16;0.25;364.25;14.56;1514;48;3630.00;288
8851;36;4875870;8851;619;10365;10651;4.10;0.25;364.23;14.57;1514;48;3631.00;286
8852;36;4875886;8852;618;10365;10651;4.08;0.25;364.21;14.57;1513;48;3632.00;286
8856;36;4875903;8856;629;10365;10651;4.02;0.25;364.33;14.57;1509;48;3633.00;286
8859;36;4875919;8859;627;10367;10651;4.01;0.25;364.45;14.57;1508;48;3634.00;284
8860;36;4875936;8860;631;10369;10651;4.02;0.25;364.42;14.58;1509;48;3635.00;282
8862;36;4875953;8862;643;10379;10663;4.03;0.25;364.57;14.56;1517;48;3636.00;284
8865;36;4875972;8865;635;10382;10663;4.02;0.25;364.53;14.57;1517;48;3637.00;281
8868;36;4875989;8868;633;10384;10663;4.03;0.25;364.63;14.56;1516;48;3638.00;279
8870;36;4876006;8870;617;10385;10663;4.04;0.25;364.72;14.56;1515;49;3639.00;278
8874;36;4876032;8874;617;10385;10663;4.01;0.25;364.64;14.56;1511;49;3640.00;278
8876;36;4876049;8876;613;10386;10663;4.01;0.25;364.61;14.56;1510;49;3641.00;277
8880;36;4876066;8880;610;10389;10667;3.97;0.24;364.65;14.56;1509;49;3642.00;278
8882;36;4876083;8882;610;10389;10667;3.98;0.24;364.68;14.56;1507;49;3643.00;278
8887;36;4876099;8887;613;10393;10671;3.98;0.24;364.88;14.55;1506;49;3644.00;278
8891;36;4876117;8891;613;10395;10673;3.98;0.25;364.85;14.55;1504;49;3645.00;278
8895;36;4876136;8895;606;10395;10673;4.04;0.25;364.87;14.55;1500;49;3646.00;278
8897;36;4876153;8897;599;10395;10673;4.08;0.25;364.96;14.55;1498;49;3647.00;278
8904;36;4876169;8904;601;10406;10686;4.05;0.25;365.02;14.54;1502;49;3648.00;280
8906;36;4876188;8906;584;10406;10686;4.11;0.25;365.16;14.54;1500;49;3649.00;280
8910;36;4876204;8910;580;10406;10686;4.15;0.25;365.18;14.54;1496;49;3650.00;280
8915;36;4876221;8915;576;10407;10687;4.17;0.26;365.36;14.53;1492;49;3651.00;280
8919;36;4876239;8919;574;10407;10688;4.20;0.26;365.23;14.53;1488;49;3652.00;281
8923;36;4876256;8923;574;10407;10688;4.27;0.26;365.38;14.53;1484;49;3653.00;281
8926;36;4876272;8926;581;10410;10691;4.32;0.26;365.50;14.53;1484;49;3654.00;281
8927;36;4876290;8927;575;10410;10691;4.39;0.27;365.51;14.53;1483;49;3655.00;281
8934;36;4876307;8934;572;10410;10691;4.39;0.27;365.76;14.53;1476;49;3656.00;281
8939;36;4876325;8939;562;10410;10691;4.38;0.27;365.73;14.53;1471;49;3657.00;281
8940;36;4876342;8940;568;10415;10697;4.43;0.27;365.73;14.52;1475;49;3658.00;282
8944;36;4876360;8944;572;10415;10697;4.44;0.27;365.72;14.52;1471;49;3659.00;282
8949;36;4876378;8949;577;10415;10697;4.49;0.27;365.77;14.52;1466;49;3660.00;282
8952;36;4876395;8952;572;10415;10697;4.51;0.28;365.88;14.52;1463;49;3661.00;282
8962;36;4876411;8962;571;10418;10701;4.49;0.27;366.07;14.52;1456;49;3662.00;283
8966;36;4876428;8966;565;10419;10702;4.52;0.28;366.18;14.52;1453;49;3663.00;283
8971;36;4876443;8971;574;10419;10702;4.50;0.27;366.32;14.52;1448;49;3664.00;283
8976;36;4876459;8976;570;10420;10703;4.49;0.27;366.51;14.52;1444;49;3665.00;283
8981;36;4876476;8981;569;10420;10703;4.49;0.27;366.60;14.52;1439;49;3666.00;283
8985;36;4876492;8985;570;10420;10703;4.47;0.27;366.66;14.52;1435;49;3667.00;283
8989;36;4876509;8989;572;10420;10703;4.46;0.27;366.79;14.52;1431;49;3668.00;283
8993;36;4876525;8993;569;10420;10703;4.43;0.27;366.94;14.52;1427;49;3669.00;283
8998;36;4876541;8998;578;10420;10703;4.39;0.27;366.89;14.52;1422;49;3670.00;283
9001;36;4876563;9001;570;10420;10703;4.35;0.26;367.08;14.52;1419;49;3671.00;283
9006;36;4876597;9006;578;10457;10773;4.35;0.27;367.08;14.47;1451;49;3672.00;316
9011;36;4876636;9011;573;10459;10774;4.32;0.26;367.16;14.46;1448;49;3673.00;315
9012;36;4876659;9012;572;10465;10774;4.31;0.26;367.14;14.46;1453;49;3674.00;309
9014;36;4876684;9014;577;10469;10774;4.30;0.26;367.15;14.45;1455;49;3675.00;305
9017;36;4876706;9017;582;10471;10774;4.30;0.26;367.11;14.45;1454;49;3676.00;303
9017;36;4876729;9017;575;10474;10774;4.28;0.26;367.11;14.45;1457;49;3677.00;300
9021;36;4876760;9021;570;10477;10774;4.24;0.26;367.12;14.45;1456;49;3678.00;297
9023;36;4876791;9023;570;10480;10774;4.21;0.26;367.13;14.55;1457;49;3679.00;294
9025;36;4876810;9025;571;10482;10775;4.17;0.25;367.14;14.54;1457;49;3680.00;293
9027;36;4876826;9027;576;10483;10776;4.11;0.25;367.14;14.54;1456;49;3681.00;293
9029;36;4876842;9029;585;10485;10776;4.05;0.25;367.21;14.54;1456;49;3682.00;291
9029;36;4876857;9029;597;10487;10780;3.97;0.24;367.21;14.54;1458;49;3683.00;293
9032;36;4876873;9032;606;10487;10780;3.95;0.24;367.28;14.54;1455;49;3684.00;293
9034;36;4876889;9034;606;10487;10780;3.89;0.24;367.43;14.54;1453;49;3685.00;293
9036;36;4876904;9036;601;10487;10780;3.90;0.24;367.38;14.54;1451;49;3686.00;293
9039;36;4876919;9039;601;10493;10786;3.94;0.24;367.49;14.63;1454;49;3687.00;293
9042;36;4876936;9042;601;10493;10786;3.94;0.24;367.64;14.63;1451;49;3688.00;293
9043;36;4876954;9043;603;10493;10786;3.93;0.24;367.79;14.63;1450;49;3689.00;293
9045;36;4876972;9045;602;10497;10792;3.96;0.24;367.99;14.63;1452;49;3690.00;295
9049;36;4876988;9049;612;10497;10792;3.94;0.24;367.98;14.63;1448;49;3691.00;295
9049;36;4877005;9049;619;10499;10792;3.98;0.24;367.98;14.62;1450;49;3692.00;293
9050;36;4877021;9050;630;10500;10793;3.96;0.24;367.96;14.62;1450;49;3693.00;293
9053;36;4877036;9053;634;10501;10794;3.94;0.24;368.11;14.62;1448;49;3694.00;293
9055;36;4877052;9055;634;10501;10794;3.93;0.24;368.20;14.62;1446;49;3695.00;293
9057;36;4877069;9057;639;10512;10807;3.94;0.24;368.21;14.61;1455;49;3696.00;295
9059;36;4877086;9059;639;10514;10807;3.92;0.24;368.31;14.62;1455;49;3697.00;293
9060;36;4877102;9060;640;10514;10807;3.92;0.24;368.31;14.62;1454;49;3698.00;293
9063;36;4877119;9063;636;10515;10808;3.89;0.24;368.41;14.61;1452;49;3699.00;293
9065;36;4877136;9065;624;10516;10808;3.88;0.24;368.49;14.62;1451;49;3700.00;292
9066;36;4877156;9066;625;10520;10812;3.93;0.24;368.45;14.61;1454;49;3701.00;292
9068;36;4877174;9068;619;10521;10812;3.93;0.24;368.55;14.61;1453;49;3702.00;291
9070;36;4877191;9070;632;10525;10816;3.94;0.24;368.61;14.62;1455;49;3703.00;291
9071;36;4877209;9071;629;10526;10816;3.94;0.24;368.66;14.62;1455;49;3704.00;290
9073;36;4877226;9073;625;10526;10816;3.92;0.24;368.75;14.62;1453;49;3705.00;290
9078;36;4877243;9078;626;10526;10816;3.89;0.24;368.81;14.62;1448;49;3706.00;290
9080;36;4877259;9080;633;10526;10816;3.93;0.24;368.83;14.62;1446;49;3707.00;290
9081;36;4877275;9081;635;10536;10828;4.00;0.25;368.84;14.60;1455;49;3708.00;292
9087;36;4877292;9087;629;10536;10828;3.99;0.24;369.20;14.60;1449;49;3709.00;292
9089;36;4877308;9089;636;10537;10828;4.03;0.25;369.17;14.60;1448;49;3710.00;291
9089;36;4877324;9089;633;10537;10828;4.06;0.25;369.17;14.60;1448;49;3711.00;291
9091;36;4877344;9091;638;10537;10828;4.03;0.25;369.12;14.60;1446;49;3712.00;291
9092;36;4877361;9092;657;10537;10828;4.04;0.25;369.09;14.60;1445;49;3713.00;291
9094;36;4877378;9094;652;10537;10829;4.03;0.25;369.15;14.60;1443;49;3714.00;292
9095;36;4877394;9095;651;10537;10829;3.99;0.24;369.12;14.60;1442;49;3715.00;292
9096;36;4877410;9096;647;10542;10835;3.98;0.24;369.09;14.60;1446;49;3716.00;293
9101;36;4877427;9101;639;10543;10836;3.96;0.24;369.15;14.59;1442;49;3717.00;293
9104;36;4877443;9104;640;10543;10836;3.95;0.24;369.07;14.59;1439;49;3718.00;293
9108;36;4877459;9108;648;10543;10836;3.93;0.24;369.14;14.59;1435;49;3719.00;293
9109;36;4877477;9109;646;10547;10841;3.96;0.24;369.21;14.59;1438;49;3720.00;294
9110;36;4877493;9110;643;10547;10841;3.97;0.24;369.18;14.59;1437;49;3721.00;294
9110;36;4877510;9110;646;10547;10841;3.98;0.24;369.18;14.59;1437;49;3722.00;294
9113;36;4877526;9113;637;10548;10842;4.01;0.24;369.09;14.59;1435;49;3723.00;294
9118;36;4877542;9118;631;10551;10846;4.04;0.25;369.23;14.58;1433;49;3724.00;295
9121;36;4877558;9121;631;10551;10846;4.08;0.25;369.20;14.58;1430;49;3725.00;295
9122;36;4877575;9122;630;10553;10849;4.13;0.25;369.19;14.58;1431;49;3726.00;296
9124;36;4877592;9124;621;10553;10849;4.13;0.25;369.24;14.58;1429;49;3727.00;296
9129;36;4877608;9129;615;10554;10849;4.12;0.25;369.36;14.58;1425;49;3728.00;295
9130;36;4877625;9130;609;10554;10849;4.17;0.25;369.33;14.58;1424;49;3729.00;295
9134;36;4877640;9134;604;10558;10853;4.21;0.26;369.35;14.57;1424;49;3730.00;295
9140;36;4877656;9140;600;10558;10853;4.20;0.26;369.44;14.57;1418;49;3731.00;295
9142;36;4877671;9142;596;10558;10853;4.22;0.26;369.39;14.57;1416;49;3732.00;295
9143;36;4877688;9143;593;10558;10853;4.23;0.26;369.40;14.57;1415;49;3733.00;295
9146;36;4877705;9146;596;10558;10854;4.25;0.26;369.35;14.57;1412;49;3734.00;296
9151;36;4877721;9151;594;10562;10856;4.29;0.26;369.36;14.73;1411;49;3735.00;294
9154;36;4877740;9154;593;10562;10856;4.28;0.26;369.39;14.73;1408;49;3736.00;294
9155;36;4877755;9155;602;10563;10857;4.28;0.26;369.44;14.73;1408;49;3737.00;294
9158;36;4877771;9158;597;10563;10857;4.27;0.26;369.38;14.73;1405;49;3738.00;294
9164;36;4877787;9164;599;10563;10857;4.19;0.25;369.29;14.73;1399;49;3739.00;294
9165;36;4877804;9165;597;10563;10857;4.17;0.25;369.29;14.73;1398;49;3740.00;294
9167;36;4877820;9167;604;10563;10857;4.17;0.25;369.30;14.73;1396;49;3741.00;294
9167;36;4877835;9167;588;10563;10857;4.20;0.25;369.30;14.73;1396;49;3742.00;294
9169;36;4877850;9169;575;10563;10857;4.20;0.25;369.28;14.73;1394;49;3743.00;294
9169;36;4877866;9169;582;10629;10984;4.51;0.28;369.28;14.64;1460;49;3744.00;355
9171;36;4877890;9171;573;10634;10985;4.55;0.28;369.26;14.78;1463;49;3745.00;351
9172;36;4877907;9172;571;10642;10985;4.62;0.29;369.24;14.78;1470;49;3746.00;343
9175;36;4877922;9175;564;10645;10985;4.61;0.28;369.19;14.77;1470;49;3747.00;340
9178;36;4877939;9178;557;10652;10985;4.65;0.29;369.23;14.84;1474;49;3748.00;333
9180;36;4877962;9180;554;10655;10985;4.65;0.29;369.18;14.84;1475;49;3749.00;330
9180;36;4877979;9180;545;10660;10990;4.62;0.28;369.18;14.84;1480;49;3750.00;330
9184;36;4877994;9184;549;10663;10990;4.59;0.28;369.17;14.83;1479;49;3751.00;327
9185;36;4878016;9185;552;10666;10991;4.60;0.28;369.16;14.83;1481;49;3752.00;325
9186;36;4878032;9186;555;10672;10992;4.59;0.28;369.14;14.83;1486;49;3753.00;320
9190;36;4878057;9190;554;10674;10992;4.57;0.28;369.14;14.83;1484;49;3754.00;318
9191;36;4878074;9191;556;10675;10993;4.55;0.28;369.14;14.83;1484;49;3755.00;318
9192;36;4878091;9192;559;10678;10993;4.54;0.28;369.13;14.82;1486;49;3756.00;315
9194;36;4878113;9194;556;10680;10993;4.54;0.28;369.08;14.82;1486;49;3757.00;313
9194;36;4878128;9194;565;10683;10993;4.57;0.28;369.08;14.82;1489;49;3758.00;310
9196;36;4878143;9196;573;10688;10997;4.56;0.28;369.10;14.82;1492;49;3759.00;309
9196;36;4878159;9196;584;10689;10997;4.56;0.28;369.10;14.82;1493;49;3760.00;308
9196;36;4878174;9196;580;10691;10997;4.56;0.28;369.10;14.90;1495;49;3761.00;306
9197;36;4878189;9197;589;10693;11000;4.56;0.28;369.08;14.90;1496;49;3762.00;307
9200;36;4878206;9200;592;10695;11000;4.53;0.28;369.24;14.90;1495;49;3763.00;305
9201;36;4878223;9201;600;10695;11000;4.51;0.28;369.22;14.90;1494;49;3764.00;305
9202;36;4878240;9202;606;10700;11004;4.50;0.27;369.23;14.97;1498;49;3765.00;304
9205;36;4878258;9205;598;10702;11005;4.49;0.27;369.29;14.97;1497;49;3766.00;303
9206;36;4878275;9206;601;10705;11005;4.46;0.27;369.45;15.12;1499;49;3767.00;300
9207;36;4878292;9207;602;10708;11009;4.46;0.27;369.52;15.11;1501;49;3768.00;301
9210;36;4878309;9210;599;10709;11009;4.42;0.27;369.48;15.11;1499;49;3769.00;300
9213;36;4878326;9213;609;10711;11009;4.40;0.27;369.58;15.26;1498;49;3770.00;298
9216;36;4878343;9216;610;10712;11010;4.36;0.27;369.83;15.26;1496;49;3771.00;298
9218;36;4878361;9218;614;10714;11010;4.30;0.26;369.86;15.41;1496;49;3772.00;296
9220;36;4878379;9220;613;10719;11016;4.29;0.26;369.96;15.41;1499;49;3773.00;297
9221;36;4878396;9221;623;10719;11016;4.27;0.26;370.08;15.41;1498;49;3774.00;297
9224;36;4878412;9224;627;10719;11017;4.26;0.26;370.17;15.41;1495;49;3775.00;298
9227;36;4878428;9227;635;10719;11017;4.25;0.26;370.13;15.41;1492;49;3776.00;298
9231;36;4878445;9231;639;10721;11017;4.18;0.26;370.38;15.56;1490;49;3777.00;296
9232;36;4878462;9232;640;10721;11017;4.18;0.25;370.44;15.56;1489;49;3778.00;296
9232;36;4878479;9232;636;10721;11017;4.19;0.26;370.44;15.56;1489;49;3779.00;296
9237;36;4878496;9237;648;10745;11053;4.22;0.26;370.46;15.52;1508;49;3780.00;308
9238;36;4878522;9238;644;10745;11053;4.24;0.26;370.56;15.52;1507;49;3781.00;308
9241;36;4878538;9241;641;10750;11053;4.30;0.26;370.49;15.52;1509;49;3782.00;303
9246;36;4878555;9246;649;10750;11053;4.28;0.26;370.53;15.52;1504;49;3783.00;303
9249;36;4878572;9249;652;10751;11053;4.26;0.26;370.59;15.51;1502;49;3784.00;302
9250;36;4878588;9250;653;10752;11053;4.23;0.26;370.67;15.51;1502;49;3785.00;301
9252;36;4878604;9252;650;10755;11057;4.16;0.25;370.74;15.51;1503;49;3786.00;302
9254;36;4878620;9254;653;10755;11057;4.14;0.25;370.81;15.51;1501;49;3787.00;302
9255;36;4878636;9255;656;10759;11061;4.14;0.25;370.87;15.50;1504;49;3788.00;302
9257;36;4878659;9257;648;10760;11062;4.12;0.25;370.95;15.50;1503;49;3789.00;302
9259;36;4878675;9259;645;10760;11062;4.13;0.25;370.97;15.50;1501;49;3790.00;302
9262;36;4878692;9262;645;10760;11062;4.12;0.25;371.01;15.50;1498;49;3791.00;302
9266;36;4878707;9266;653;10770;11075;4.07;0.25;371.15;15.49;1504;49;3792.00;305
9268;36;4878724;9268;656;10770;11075;4.06;0.25;371.21;15.49;1502;49;3793.00;305
9272;36;4878740;9272;662;10771;11075;4.03;0.25;371.38;15.49;1499;49;3794.00;304
9275;36;4878757;9275;666;10772;11076;4.00;0.24;371.43;15.49;1497;49;3795.00;304
9278;36;4878774;9278;661;10772;11077;3.99;0.24;371.47;15.49;1494;49;3796.00;305
9280;36;4878789;9280;660;10772;11077;4.02;0.25;371.47;15.49;1492;49;3797.00;305
9283;36;4878804;9283;661;10775;11080;4.02;0.25;371.44;15.48;1492;49;3798.00;305
9292;36;4878820;9292;662;10775;11080;3.95;0.24;371.35;15.48;1483;49;3799.00;305
9296;36;4878836;9296;660;10775;11080;3.92;0.24;371.42;15.48;1479;49;3800.00;305
9296;36;4878854;9296;663;10775;11080;3.93;0.24;371.42;15.48;1479;49;3801.00;305
9301;36;4878870;9301;658;10780;11086;3.95;0.24;371.61;15.47;1479;49;3802.00;306
9304;36;4878886;9304;657;10780;11086;3.96;0.24;371.55;15.47;1476;49;3803.00;306
9306;36;4878901;9306;657;10780;11086;3.96;0.24;371.63;15.47;1474;49;3804.00;306
9309;37;4878916;9309;653;10780;11086;3.98;0.24;371.67;15.47;1471;50;3805.00;306
9313;37;4878943;9313;647;10783;11090;3.98;0.24;371.84;15.47;1470;50;3806.00;307
9318;37;4878960;9318;651;10784;11091;4.00;0.24;371.96;15.47;1466;50;3807.00;307
9321;37;4878976;9321;649;10784;11091;4.06;0.25;371.98;15.47;1463;50;3808.00;307
9325;37;4878991;9325;648;10785;11092;4.08;0.25;372.11;15.47;1460;50;3809.00;307
9328;37;4879009;9328;643;10785;11092;4.11;0.25;372.26;15.47;1457;50;3810.00;307
9332;37;4879025;9332;633;10785;11092;4.10;0.25;372.31;15.47;1453;50;3811.00;307
9336;37;4879041;9336;630;10785;11092;4.09;0.25;372.50;15.47;1449;50;3812.00;307
9339;37;4879057;9339;624;10785;11092;4.10;0.25;372.73;15.47;1446;50;3813.00;307
9341;37;4879072;9341;621;10785;11092;4.14;0.25;372.77;15.47;1444;50;3814.00;307
9344;37;4879093;9344;617;10785;11092;4.15;0.25;372.87;15.47;1441;50;3815.00;307
9348;37;4879109;9348;619;10818;11162;4.27;0.26;373.05;15.42;1470;50;3816.00;344
9352;37;4879129;9352;617;10821;11163;4.29;0.26;372.97;15.42;1469;50;3817.00;342
9355;37;4879144;9355;620;10827;11163;4.29;0.26;373.05;15.41;1472;50;3818.00;336
9360;37;4879160;9360;619;10827;11163;4.26;0.26;373.16;15.41;1467;50;3819.00;336
9364;37;4879176;9364;623;10830;11163;4.25;0.26;373.17;15.41;1466;50;3820.00;333
9367;37;4879197;9367;627;10834;11163;4.24;0.26;373.31;15.51;1467;50;3821.00;329
9372;37;4879216;9372;627;10836;11163;4.22;0.26;373.39;15.51;1464;50;3822.00;327
9375;37;4879232;9375;629;10838;11163;4.20;0.26;373.36;15.51;1463;50;3823.00;325
9377;37;4879247;9377;628;10840;11164;4.20;0.26;373.49;15.51;1463;50;3824.00;324
9382;37;4879262;9382;632;10843;11166;4.19;0.25;373.54;15.50;1461;50;3825.00;323
9384;37;4879282;9384;628;10843;11166;4.16;0.25;373.52;15.50;1459;50;3826.00;323
9386;37;4879298;9386;629;10845;11170;4.15;0.25;373.59;15.50;1459;50;3827.00;325
9388;37;4879313;9388;638;10846;11170;4.12;0.25;373.72;15.50;1458;50;3828.00;324
9392;37;4879328;9392;640;10847;11170;4.03;0.25;373.81;15.50;1455;50;3829.00;323
9396;37;4879343;9396;646;10847;11170;3.97;0.24;373.81;15.50;1451;50;3830.00;323
9398;37;4879359;9398;650;10851;11176;3.94;0.24;373.82;15.49;1453;50;3831.00;325
9402;37;4879376;9402;650;10853;11176;3.87;0.24;373.84;15.49;1451;50;3832.00;323
9405;37;4879391;9405;655;10853;11176;3.84;0.23;373.83;15.49;1448;50;3833.00;323
9408;37;4879406;9408;656;10855;11179;3.83;0.23;373.88;15.49;1447;50;3834.00;324
9411;37;4879421;9411;665;10856;11179;3.79;0.23;373.93;15.49;1445;50;3835.00;323
9414;37;4879448;9414;666;10856;11179;3.72;0.23;373.95;15.49;1442;50;3836.00;323
9417;37;4879463;9417;675;10857;11180;3.65;0.22;374.02;15.49;1440;50;3837.00;323
9419;37;4879477;9419;680;10859;11181;3.63;0.22;374.01;15.49;1440;50;3838.00;322
9422;37;4879491;9422;684;10862;11181;3.56;0.22;374.10;15.49;1440;50;3839.00;319
9426;37;4879513;9426;695;10880;11207;3.56;0.22;374.24;15.47;1454;50;3840.00;327
9427;37;4879531;9427;698;10881;11207;3.57;0.22;374.24;15.47;1454;51;3841.00;326
9431;37;4879550;9431;688;10882;11207;3.60;0.22;374.27;15.47;1451;51;3842.00;325
9433;37;4879566;9433;686;10886;11208;3.62;0.22;374.31;15.47;1453;51;3843.00;322
9436;37;4879580;9436;686;10888;11208;3.65;0.22;374.43;15.46;1452;51;3844.00;320
9437;37;4879595;9437;680;10891;11212;3.69;0.22;374.55;15.46;1454;51;3845.00;321
9441;37;4879610;9441;686;10893;11214;3.69;0.22;374.70;15.46;1452;51;3846.00;321
9444;37;4879626;9444;685;10897;11218;3.73;0.23;374.70;15.45;1453;51;3847.00;321
9445;37;4879641;9445;686;10897;11218;3.72;0.23;374.69;15.45;1452;51;3848.00;321
9447;37;4879655;9447;683;10898;11218;3.68;0.22;374.62;15.45;1451;51;3849.00;320
9448;37;4879670;9448;678;10898;11218;3.64;0.22;374.67;15.45;1450;51;3850.00;320
9451;37;4879685;9451;678;10898;11218;3.57;0.22;374.77;15.45;1447;51;3851.00;320
9454;37;4879699;9454;674;10909;11230;3.54;0.22;374.75;15.44;1455;51;3852.00;321
9457;37;4879720;9457;668;10910;11230;3.51;0.21;374.95;15.55;1453;51;3853.00;320
9458;37;4879735;9458;676;10911;11230;3.50;0.21;375.00;15.54;1453;51;3854.00;319
9459;37;4879749;9459;681;10911;11230;3.52;0.22;375.02;15.54;1452;51;3855.00;319
9463;37;4879763;9463;690;10911;11230;3.52;0.21;375.10;15.54;1448;51;3856.00;319
9463;37;4879779;9463;689;10911;11230;3.58;0.22;375.10;15.54;1448;51;3857.00;319
9464;37;4879793;9464;696;10911;11231;3.63;0.22;375.08;15.54;1447;51;3858.00;320
9465;37;4879809;9465;700;10911;11231;3.67;0.22;375.09;15.54;1446;51;3859.00;320
9468;37;4879824;9468;709;10916;11237;3.70;0.23;375.04;15.54;1448;51;3860.00;321
9469;37;4879841;9469;720;10917;11238;3.71;0.23;375.18;15.54;1448;51;3861.00;321
9472;37;4879856;9472;717;10917;11238;3.66;0.22;375.32;15.54;1445;51;3862.00;321
9475;37;4879871;9475;714;10917;11238;3.68;0.22;375.43;15.54;1442;51;3863.00;321
9476;37;4879887;9476;712;10920;11242;3.74;0.23;375.41;15.53;1444;51;3864.00;322
9479;37;4879903;9479;714;10920;11242;3.77;0.23;375.47;15.53;1441;51;3865.00;322
9480;37;4879919;9480;716;10920;11242;3.81;0.23;375.43;15.53;1440;51;3866.00;322
9482;37;4879933;9482;711;10921;11243;3.84;0.23;375.46;15.53;1439;51;3867.00;322
9485;37;4879948;9485;707;10924;11247;3.85;0.23;375.45;15.53;1439;51;3868.00;323
9487;37;4879969;9487;707;10925;11247;3.82;0.23;375.44;15.63;1438;51;3869.00;322
9491;37;4879986;9491;699;10929;11253;3.82;0.23;375.49;15.63;1438;51;3870.00;324
9494;37;4880001;9494;694;10929;11253;3.82;0.23;375.52;15.63;1435;52;3871.00;324
9496;37;4880024;9496;698;10931;11253;3.85;0.24;375.58;15.62;1435;52;3872.00;322
9497;37;4880039;9497;702;10931;11253;3.85;0.24;375.55;15.62;1434;52;3873.00;322
9500;37;4880055;9500;698;10935;11257;3.90;0.24;375.66;15.62;1435;52;3874.00;322
9503;37;4880071;9503;703;10935;11257;3.89;0.24;375.72;15.62;1432;52;3875.00;322
9507;37;4880086;9507;712;10935;11257;3.87;0.24;375.66;15.62;1428;52;3876.00;322
9509;37;4880103;9509;712;10935;11257;3.83;0.23;375.68;15.62;1426;52;3877.00;322
9511;37;4880123;9511;708;10935;11258;3.79;0.23;375.62;15.62;1424;52;3878.00;323
9514;37;4880138;9514;708;10936;11259;3.75;0.23;375.61;15.62;1422;52;3879.00;323
9518;37;4880153;9518;716;10936;11259;3.67;0.22;375.57;15.62;1418;52;3880.00;323
9519;37;4880167;9519;725;10937;11260;3.68;0.22;375.62;15.62;1418;52;3881.00;323
9521;37;4880182;9521;722;10937;11260;3.65;0.22;375.61;15.62;1416;52;3882.00;323
9522;37;4880195;9522;723;10937;11260;3.66;0.22;375.58;15.62;1415;52;3883.00;323
9522;37;4880209;9522;730;10937;11260;3.68;0.22;375.58;15.62;1415;52;3884.00;323
9522;37;4880225;9522;730;10938;11260;3.69;0.23;375.58;15.72;1416;52;3885.00;322
9524;37;4880238;9524;723;10938;11260;3.70;0.23;375.65;15.72;1414;52;3886.00;322
9525;37;4880258;9525;717;10938;11260;3.71;0.23;375.63;15.72;1413;52;3887.00;322
9527;37;4880272;9527;748;11011;11387;3.88;0.24;375.64;15.62;1484;52;3888.00;376
9530;37;4880301;9530;707;11011;11388;3.89;0.24;375.65;15.62;1481;52;3889.00;377
9532;37;4880316;9532;685;11018;11388;3.97;0.25;375.67;15.61;1486;52;3890.00;370
9533;37;4880331;9533;660;11021;11388;4.05;0.25;375.66;15.61;1488;52;3891.00;367
9536;37;4880346;9536;645;11028;11388;4.12;0.25;375.68;15.70;1492;52;3892.00;360
9537;37;4880362;9537;633;11030;11388;4.24;0.26;375.69;15.70;1493;52;3893.00;358
9539;37;4880377;9539;620;11032;11388;4.31;0.27;375.65;15.70;1493;52;3894.00;356
9543;37;4880393;9543;616;11035;11388;4.35;0.27;375.70;15.70;1492;52;3895.00;353
9545;37;4880419;9545;613;11037;11389;4.39;0.27;375.68;15.70;1492;52;3896.00;352
9546;37;4880435;9546;610;11041;11390;4.44;0.27;375.65;15.69;1495;52;3897.00;349
9546;37;4880450;9546;603;11043;11390;4.47;0.27;375.65;15.69;1497;52;3898.00;347
9549;37;4880466;9549;601;11045;11391;4.50;0.28;375.66;15.69;1496;52;3899.00;346
9550;37;4880484;9550;593;11054;11406;4.52;0.28;375.68;15.85;1504;52;3900.00;352
9554;37;4880508;9554;596;11057;11406;4.55;0.28;375.73;15.85;1503;52;3901.00;349
9558;37;4880524;9558;594;11059;11406;4.58;0.28;375.68;15.85;1501;52;3902.00;347
9559;37;4880539;9559;588;11063;11410;4.57;0.28;375.70;15.84;1504;52;3903.00;347
9563;37;4880561;9563;590;11064;11410;4.53;0.28;375.60;15.84;1501;52;3904.00;346
9565;37;4880583;9565;594;11066;11410;4.53;0.28;375.56;15.84;1501;52;3905.00;344
9565;37;4880599;9565;597;11070;11413;4.57;0.28;375.56;15.84;1505;52;3906.00;343
9567;37;4880614;9567;592;11071;11413;4.56;0.28;375.51;15.84;1504;52;3907.00;342
9568;37;4880630;9568;600;11072;11413;4.58;0.28;375.50;15.84;1504;52;3908.00;341
9570;37;4880646;9570;604;11075;11417;4.59;0.28;375.48;15.84;1505;52;3909.00;342
9571;37;4880661;9571;609;11077;11418;4.61;0.28;375.46;15.83;1506;52;3910.00;341
9576;37;4880678;9576;603;11078;11418;4.63;0.28;375.41;15.83;1502;52;3911.00;340
9581;37;4880694;9581;608;11082;11422;4.63;0.28;375.45;15.83;1501;52;3912.00;340
9582;37;4880711;9582;611;11082;11422;4.63;0.28;375.46;15.83;1500;52;3913.00;340
9585;37;4880727;9585;605;11083;11422;4.62;0.28;375.46;15.83;1498;52;3914.00;339
9586;37;4880742;9586;604;11085;11424;4.65;0.28;375.57;15.83;1499;52;3915.00;339
9588;37;4880759;9588;597;11085;11424;4.62;0.28;375.64;15.83;1497;52;3916.00;339
9588;37;4880775;9588;605;11091;11430;4.66;0.28;375.64;15.82;1503;52;3917.00;339
9590;37;4880791;9590;610;11091;11430;4.64;0.28;375.61;15.82;1501;52;3918.00;339
9592;37;4880812;9592;610;11091;11431;4.62;0.28;375.62;15.82;1499;52;3919.00;340
9596;37;4880828;9596;609;11091;11431;4.61;0.28;375.70;15.82;1495;52;3920.00;340
9600;37;4880843;9600;610;11091;11431;4.54;0.28;375.73;15.82;1491;52;3921.00;340
9602;37;4880859;9602;619;11092;11431;4.52;0.28;375.81;15.82;1490;52;3922.00;339
9604;37;4880876;9604;619;11093;11431;4.55;0.28;375.83;15.82;1489;52;3923.00;338
9607;37;4880892;9607;625;11102;11443;4.57;0.28;375.88;15.81;1495;52;3924.00;341
9609;37;4880909;9609;626;11104;11443;4.56;0.28;375.86;15.81;1495;52;3925.00;339
9613;37;4880924;9613;633;11106;11443;4.56;0.28;375.99;15.89;1493;52;3926.00;337
9614;38;4880941;9614;634;11106;11443;4.57;0.28;376.01;15.89;1492;53;3927.00;337
9616;38;4880968;9616;637;11109;11443;4.54;0.28;376.08;15.98;1493;53;3928.00;334
9617;38;4880988;9617;635;11109;11443;4.52;0.28;376.11;15.98;1492;53;3929.00;334
9618;38;4881006;9618;645;11113;11447;4.50;0.27;376.14;16.06;1495;53;3930.00;334
9621;39;4881027;9621;645;11113;11447;4.44;0.27;376.28;16.06;1492;54;3931.00;334
9622;39;4881054;9622;653;11117;11451;4.44;0.27;376.29;16.05;1495;54;3932.00;334
9626;39;4881070;9626;660;11119;11452;4.42;0.27;376.42;16.13;1493;54;3933.00;333
9627;39;4881086;9627;668;11119;11452;4.38;0.27;376.45;16.13;1492;54;3934.00;333
9631;39;4881101;9631;669;11120;11452;4.35;0.27;376.54;16.22;1489;54;3935.00;332
9633;39;4881117;9633;686;11129;11465;4.35;0.27;376.61;16.20;1496;54;3936.00;336
9637;39;4881133;9637;685;11130;11465;4.33;0.26;376.57;16.20;1493;54;3937.00;335
9640;39;4881148;9640;688;11132;11465;4.30;0.26;376.65;16.28;1492;54;3938.00;333
9643;39;4881163;9643;692;11133;11466;4.30;0.26;376.64;16.28;1490;54;3939.00;333
9644;39;4881179;9644;698;11133;11467;4.26;0.26;376.76;16.28;1489;54;3940.00;334
9646;39;4881193;9646;693;11134;11467;4.22;0.26;376.83;16.36;1488;54;3941.00;333
9650;39;4881209;9650;698;11137;11470;4.22;0.26;377.13;16.36;1487;54;3942.00;333
9651;39;4881224;9651;703;11137;11470;4.18;0.25;377.16;16.36;1486;54;3943.00;333
9653;39;4881252;9653;701;11137;11470;4.15;0.25;377.20;16.36;1484;54;3944.00;333
9655;39;4881266;9655;699;11137;11470;4.15;0.25;377.23;16.36;1482;54;3945.00;333
9658;39;4881281;9658;701;11147;11476;4.14;0.25;377.34;16.76;1489;54;3946.00;329
9661;39;4881298;9661;699;11147;11476;4.15;0.25;377.31;16.76;1486;54;3947.00;329
9663;39;4881313;9663;699;11150;11476;4.14;0.25;377.29;17.01;1487;54;3948.00;326
9666;39;4881328;9666;692;11150;11476;4.11;0.25;377.43;17.01;1484;54;3949.00;326
9668;39;4881344;9668;697;11153;11480;4.10;0.25;377.60;17.00;1485;54;3950.00;327
9670;39;4881360;9670;691;11155;11481;4.06;0.25;377.75;17.08;1485;54;3951.00;326
9671;39;4881375;9671;695;11155;11481;4.04;0.25;377.80;17.08;1484;54;3952.00;326
9674;39;4881394;9674;700;11157;11482;4.01;0.24;377.83;17.17;1483;54;3953.00;325
9675;40;4881416;9675;707;11157;11482;3.98;0.24;377.84;17.17;1482;55;3954.00;325
9680;40;4881438;9680;707;11157;11482;3.97;0.24;378.07;17.17;1477;55;3955.00;325
9683;40;4881455;9683;712;11160;11482;3.93;0.24;378.03;17.41;1477;55;3956.00;322
9687;40;4881474;9687;705;11160;11482;3.91;0.24;378.24;17.41;1473;55;3957.00;322
9691;40;4881488;9691;709;11162;11482;3.88;0.24;378.26;17.57;1471;55;3958.00;320
9695;40;4881507;9695;714;11162;11482;3.82;0.23;378.27;17.57;1467;55;3959.00;320
9700;40;4881527;9700;712;11224;11607;4.02;0.25;378.32;17.47;1524;55;3960.00;383
9707;40;4881555;9707;709;11233;11608;3.98;0.24;378.42;17.62;1526;55;3961.00;375
9711;40;4881570;9711;699;11239;11608;3.94;0.24;378.48;17.61;1528;55;3962.00;369
9713;40;4881585;9713;697;11243;11608;3.91;0.24;378.54;17.76;1530;55;3963.00;365
9716;40;4881600;9716;705;11248;11608;3.92;0.24;378.69;17.76;1532;55;3964.00;360
9719;40;4881614;9719;700;11250;11608;3.93;0.24;378.65;17.75;1531;55;3965.00;358
9721;40;4881629;9721;713;11255;11608;3.95;0.24;378.72;17.75;1534;55;3966.00;353
9723;40;4881644;9723;700;11258;11608;3.98;0.24;378.76;17.75;1535;55;3967.00;350
9727;40;4881660;9727;705;11261;11609;4.00;0.25;378.93;17.74;1534;55;3968.00;348
9729;40;4881675;9729;713;11263;11610;4.02;0.25;379.03;17.74;1534;55;3969.00;347
9735;40;4881690;9735;713;11264;11610;3.98;0.24;379.22;17.74;1529;55;3970.00;346
9737;40;4881706;9737;715;11267;11614;3.98;0.24;379.21;17.74;1530;55;3971.00;347
9742;40;4881722;9742;713;11267;11614;3.99;0.24;379.44;17.74;1525;55;3972.00;347
9745;40;4881738;9745;711;11267;11614;3.99;0.24;379.41;17.74;1522;55;3973.00;347
9750;40;4881754;9750;701;11267;11614;3.99;0.24;379.55;17.74;1517;55;3974.00;347
9753;40;4881775;9753;704;11271;11620;4.01;0.24;379.72;17.73;1518;55;3975.00;349
9756;40;4881791;9756;710;11271;11620;3.99;0.24;379.79;17.73;1515;55;3976.00;349
9762;40;4881807;9762;705;11271;11620;3.96;0.24;380.02;17.73;1509;55;3977.00;349
9767;40;4881822;9767;701;11273;11623;3.92;0.24;380.16;17.84;1506;55;3978.00;350
9768;40;4881839;9768;693;11274;11623;3.92;0.24;380.17;17.84;1506;55;3979.00;349
9772;40;4881854;9772;691;11274;11623;3.88;0.24;380.41;17.84;1502;55;3980.00;349
9778;40;4881869;9778;694;11274;11624;3.85;0.23;380.40;17.84;1496;55;3981.00;350
9780;40;4881885;9780;696;11275;11625;3.84;0.23;380.43;17.84;1495;55;3982.00;350
9783;40;4881900;9783;691;11276;11625;3.83;0.23;380.48;17.84;1493;55;3983.00;349
9790;40;4881915;9790;696;11284;11638;3.81;0.23;380.77;17.82;1494;55;3984.00;354
9792;40;4881931;9792;690;11286;11638;3.80;0.23;380.80;17.82;1494;55;3985.00;352
9795;40;4881947;9795;681;11286;11638;3.77;0.23;380.94;17.82;1491;55;3986.00;352
9799;40;4881963;9799;690;11286;11639;3.72;0.23;381.19;17.82;1487;55;3987.00;353
9806;40;4881984;9806;702;11286;11639;3.69;0.23;381.30;17.82;1480;55;3988.00;353
9807;40;4882005;9807;710;11289;11643;3.70;0.23;381.27;17.82;1482;55;3989.00;354
9813;40;4882022;9813;708;11289;11643;3.64;0.22;381.51;17.82;1476;55;3990.00;354
9818;40;4882037;9818;711;11292;11647;3.62;0.22;381.50;17.81;1474;55;3991.00;355
9822;40;4882052;9822;714;11292;11647;3.58;0.22;381.59;17.81;1470;55;3992.00;355
9827;40;4882069;9827;719;11292;11647;3.56;0.22;381.67;17.81;1465;55;3993.00;355
9829;40;4882084;9829;714;11292;11647;3.57;0.22;381.72;17.81;1463;55;3994.00;355
9830;40;4882098;9830;711;11292;11647;3.60;0.22;381.74;17.81;1462;55;3995.00;355
9835;40;4882112;9835;719;11302;11659;3.62;0.22;381.93;17.80;1467;55;3996.00;357
9837;40;4882128;9837;718;11302;11659;3.62;0.22;381.93;17.80;1465;55;3997.00;357
9838;40;4882143;9838;712;11302;11659;3.65;0.22;381.95;17.80;1464;55;3998.00;357
9841;40;4882158;9841;710;11303;11659;3.68;0.23;381.94;17.80;1462;55;3999.00;356
9844;40;4882174;9844;710;11303;11659;3.70;0.23;381.94;17.80;1459;55;4000.00;356
9846;40;4882191;9846;714;11303;11659;3.71;0.23;381.91;17.80;1457;55;4001.00;356
9848;40;4882206;9848;717;11305;11660;3.69;0.23;381.90;17.80;1457;55;4002.00;355
9848;40;4882221;9848;722;11305;11660;3.69;0.23;381.90;17.80;1457;55;4003.00;355
9852;40;4882236;9852;724;11310;11666;3.66;0.22;381.88;17.80;1458;55;4004.00;356
9855;40;4882251;9855;727;11312;11668;3.63;0.22;381.89;17.80;1457;55;4005.00;356
9858;40;4882267;9858;730;11312;11668;3.57;0.22;381.86;17.80;1454;55;4006.00;356
9859;40;4882282;9859;728;11312;11668;3.56;0.22;381.83;17.80;1453;55;4007.00;356
9859;40;4882297;9859;721;11315;11672;3.60;0.22;381.83;17.80;1456;55;4008.00;357
9865;40;4882312;9865;718;11316;11672;3.58;0.22;381.78;17.80;1451;55;4009.00;356
9868;40;4882328;9868;710;11316;11672;3.53;0.22;381.80;17.80;1448;55;4010.00;356
9871;40;4882343;9871;711;11317;11673;3.53;0.22;381.77;17.80;1446;55;4011.00;356
9875;40;4882359;9875;712;11321;11677;3.50;0.21;381.76;17.79;1446;55;4012.00;356
9879;40;4882375;9879;720;11322;11677;3.48;0.21;381.86;17.90;1443;55;4013.00;355
9879;40;4882390;9879;724;11324;11680;3.52;0.22;381.86;17.90;1445;55;4014.00;356
9883;40;4882410;9883;723;11325;11680;3.53;0.22;381.83;17.90;1442;55;4015.00;355
9886;40;4882425;9886;714;11325;11680;3.55;0.22;381.87;17.90;1439;55;4016.00;355
9890;40;4882440;9890;699;11325;11680;3.55;0.22;381.73;17.90;1435;55;4017.00;355
9890;40;4882455;9890;686;11328;11684;3.60;0.22;381.73;17.90;1438;55;4018.00;356
9891;40;4882472;9891;679;11330;11684;3.60;0.22;381.72;17.90;1439;55;4019.00;354
9892;40;4882494;9892;682;11330;11684;3.59;0.22;381.76;17.90;1438;55;4020.00;354
9896;40;4882509;9896;658;11332;11684;3.58;0.22;381.70;17.90;1436;55;4021.00;352
9899;40;4882524;9899;656;11332;11685;3.58;0.22;381.74;17.90;1433;55;4022.00;353
9901;40;4882540;9901;653;11332;11686;3.56;0.22;381.71;17.90;1431;55;4023.00;354
9904;40;4882554;9904;669;11334;11686;3.54;0.22;381.76;17.90;1430;55;4024.00;352
9905;40;4882569;9905;671;11335;11687;3.57;0.22;381.75;17.90;1430;55;4025.00;352
9905;40;4882584;9905;673;11336;11687;3.58;0.22;381.75;17.90;1431;55;4026.00;351
9910;40;4882600;9910;677;11337;11687;3.56;0.22;381.75;17.90;1427;55;4027.00;350
9912;40;4882615;9912;680;11337;11687;3.59;0.22;381.75;17.90;1425;55;4028.00;350
9913;40;4882631;9913;686;11338;11687;3.62;0.22;381.77;17.90;1425;55;4029.00;349
9915;40;4882646;9915;684;11339;11687;3.65;0.22;381.75;17.90;1424;55;4030.00;348
9916;40;4882661;9916;697;11339;11687;3.68;0.22;381.73;17.90;1423;55;4031.00;348
9917;40;4882676;9917;715;11407;11814;3.92;0.24;381.73;17.79;1490;55;4032.00;407
9919;40;4882700;9919;712;11408;11815;3.91;0.24;381.78;17.79;1489;55;4033.00;407
9923;40;4882716;9923;706;11414;11815;3.93;0.24;381.98;17.79;1491;55;4034.00;401
9925;40;4882731;9925;707;11418;11815;3.92;0.24;382.01;17.88;1493;55;4035.00;397
9925;40;4882747;9925;693;11422;11815;3.91;0.24;382.01;17.88;1497;55;4036.00;393
9927;40;4882763;9927;694;11426;11815;3.93;0.24;382.04;17.87;1499;55;4037.00;389
9927;40;4882779;9927;689;11429;11815;3.94;0.24;382.04;17.87;1502;55;4038.00;386
9928;40;4882795;9928;687;11433;11815;3.97;0.24;382.03;17.86;1505;55;4039.00;382
9928;40;4882810;9928;683;11435;11816;4.00;0.24;382.03;17.86;1507;55;4040.00;381
9928;40;4882826;9928;680;11439;11817;4.05;0.25;382.03;17.86;1511;55;4041.00;378
9930;40;4882842;9930;677;11442;11817;4.04;0.25;382.10;17.86;1512;55;4042.00;375
9930;40;4882863;9930;674;11443;11818;4.08;0.25;382.10;17.86;1513;55;4043.00;375
9930;40;4882881;9930;679;11445;11818;4.11;0.25;382.10;17.86;1515;55;4044.00;373
9931;40;4882900;9931;672;11448;11818;4.13;0.25;382.14;17.85;1517;55;4045.00;370
9932;40;4882921;9932;675;11449;11818;4.12;0.25;382.12;17.85;1517;55;4046.00;369
9932;40;4882937;9932;681;11453;11822;4.16;0.25;382.12;17.85;1521;55;4047.00;369
9932;40;4882955;9932;671;11453;11822;4.15;0.25;382.12;17.85;1521;55;4048.00;369
9933;40;4882971;9933;673;11454;11822;4.12;0.25;382.10;17.85;1521;55;4049.00;368
9933;40;4882992;9933;660;11458;11828;4.13;0.25;382.10;17.84;1525;55;4050.00;370
9936;40;4883015;9936;653;11460;11828;4.11;0.25;382.10;17.84;1524;55;4051.00;368
9938;40;4883032;9938;654;11461;11828;4.09;0.25;382.08;17.84;1523;55;4052.00;367
9939;40;4883047;9939;651;11465;11832;4.08;0.25;382.12;17.84;1526;55;4053.00;367
9939;40;4883065;9939;652;11467;11833;4.12;0.25;382.12;17.84;1528;55;4054.00;366
9939;40;4883082;9939;645;11467;11833;4.17;0.25;382.12;17.84;1528;55;4055.00;366
9940;40;4883099;9940;640;11471;11837;4.22;0.26;382.10;17.83;1531;55;4056.00;366
9942;40;4883116;9942;625;11472;11837;4.25;0.26;382.11;17.83;1530;55;4057.00;365
9946;40;4883133;9946;610;11473;11837;4.24;0.26;382.24;17.83;1527;55;4058.00;364
9946;40;4883149;9946;608;11474;11838;4.26;0.26;382.24;17.83;1528;55;4059.00;364
9949;40;4883166;9949;605;11474;11838;4.26;0.26;382.25;17.83;1525;55;4060.00;364
9951;40;4883182;9951;597;11478;11844;4.27;0.26;382.19;17.83;1527;55;4061.00;366
9954;40;4883198;9954;604;11479;11844;4.30;0.26;382.29;17.83;1525;55;4062.00;365
9956;40;4883214;9956;606;11480;11845;4.31;0.26;382.31;17.83;1524;55;4063.00;365
9957;40;4883230;9957;606;11480;11845;4.36;0.27;382.40;17.83;1523;55;4064.00;365
9959;40;4883249;9959;605;11481;11845;4.35;0.27;382.52;17.91;1522;55;4065.00;364
9961;40;4883269;9961;603;11481;11845;4.38;0.27;382.52;17.91;1520;55;4066.00;364
9964;40;4883285;9964;598;11481;11845;4.36;0.27;382.46;17.91;1517;55;4067.00;364
9968;40;4883304;9968;583;11491;11857;4.42;0.27;382.45;17.90;1523;55;4068.00;366
9972;40;4883321;9972;588;11492;11857;4.41;0.27;382.67;17.89;1520;55;4069.00;365
9976;40;4883339;9976;588;11492;11857;4.39;0.27;382.83;17.89;1516;55;4070.00;365
9977;40;4883363;9977;579;11492;11857;4.39;0.27;382.80;17.89;1515;55;4071.00;365
9978;40;4883381;9978;583;11492;11857;4.40;0.27;382.84;17.89;1514;55;4072.00;365
9981;40;4883397;9981;583;11492;11857;4.42;0.27;382.87;17.89;1511;55;4073.00;365
9983;40;4883415;9983;580;11495;11861;4.45;0.27;382.89;17.89;1512;55;4074.00;366
9987;40;4883431;9987;577;11496;11861;4.47;0.27;383.01;17.89;1509;55;4075.00;365
9990;40;4883452;9990;582;11500;11865;4.53;0.27;383.14;17.89;1510;55;4076.00;365
9994;40;4883470;9994;574;11501;11866;4.56;0.28;383.33;17.89;1507;55;4077.00;365
9997;40;4883488;9997;580;11501;11866;4.58;0.28;383.33;17.89;1504;55;4078.00;365
10000;40;4883505;10000;586;11503;11866;4.58;0.28;383.48;17.89;1503;55;4079.00;363
10004;40;4883523;10004;594;11525;11895;4.59;0.28;383.60;17.86;1521;55;4080.00;370
10006;40;4883545;10006;587;11526;11895;4.57;0.28;383.72;17.85;1520;55;4081.00;369
10012;40;4883563;10012;584;11529;11895;4.55;0.28;383.76;17.94;1517;55;4082.00;366
10014;40;4883580;10014;587;11531;11896;4.55;0.28;383.85;17.94;1517;55;4083.00;365
10017;40;4883596;10017;595;11531;11897;4.51;0.27;383.93;17.94;1514;55;4084.00;366
10019;40;4883613;10019;592;11532;11897;4.49;0.27;383.90;18.02;1513;55;4085.00;365
10022;40;4883631;10022;609;11536;11900;4.50;0.27;383.92;18.19;1514;55;4086.00;364
10022;40;4883647;10022;610;11537;11900;4.53;0.28;383.92;18.19;1515;55;4087.00;363
10026;40;4883663;10026;621;11537;11900;4.50;0.27;383.98;18.19;1511;55;4088.00;363
10030;40;4883680;10030;628;11538;11900;4.45;0.27;384.04;18.27;1508;55;4089.00;362
10030;40;4883696;10030;635;11545;11906;4.48;0.27;384.04;18.42;1515;55;4090.00;361
10034;40;4883712;10034;641;11545;11906;4.41;0.27;384.06;18.42;1511;55;4091.00;361
10035;40;4883728;10035;649;11547;11906;4.34;0.26;384.09;18.59;1512;55;4092.00;359
10037;40;4883744;10037;656;11548;11906;4.29;0.26;384.12;18.67;1511;55;4093.00;358
10038;40;4883760;10038;657;11552;11910;4.27;0.26;384.16;18.75;1514;57;4094.00;358
10042;40;4883792;10042;654;11554;11912;4.25;0.26;384.20;18.74;1512;57;4095.00;358
10045;40;4883814;10045;657;11555;11912;4.22;0.26;384.14;18.83;1510;57;4096.00;357
10047;40;4883829;10047;659;11556;11913;4.26;0.26;384.11;18.83;1509;57;4097.00;357
10047;40;4883844;10047;666;11557;11913;4.27;0.26;384.11;18.91;1510;57;4098.00;356
10050;40;4883859;10050;669;11558;11913;4.23;0.26;384.19;18.99;1508;57;4099.00;355
10052;40;4883876;10052;663;11558;11913;4.25;0.26;384.23;18.99;1506;57;4100.00;355
10056;40;4883896;10056;664;11558;11913;4.21;0.26;384.23;18.99;1502;57;4101.00;355
10058;40;4883911;10058;667;11558;11913;4.19;0.26;384.32;18.99;1500;57;4102.00;355
10061;40;4883926;10061;668;11559;11913;4.19;0.26;384.36;19.07;1498;57;4103.00;354
10064;40;4883948;10064;668;11595;11983;4.33;0.27;384.48;19.01;1531;57;4104.00;388
10067;40;4883971;10067;667;11597;11984;4.30;0.26;384.50;19.01;1530;57;4105.00;387
10069;40;4883989;10069;666;11605;11984;4.33;0.27;384.53;19.08;1536;57;4106.00;379
10073;40;4884005;10073;660;11607;11984;4.28;0.26;384.56;19.08;1534;57;4107.00;377
10075;40;4884021;10075;668;11610;11984;4.25;0.26;384.59;19.08;1535;57;4108.00;374
10077;40;4884037;10077;672;11611;11984;4.23;0.26;384.61;19.08;1534;57;4109.00;373
10078;40;4884056;10078;672;11615;11984;4.24;0.26;384.65;19.16;1537;57;4110.00;369
10080;40;4884073;10080;668;11616;11984;4.31;0.26;384.63;19.16;1536;57;4111.00;368
10083;40;4884089;10083;663;11619;11985;4.35;0.27;384.63;19.15;1536;57;4112.00;366
10088;40;4884105;10088;664;11621;11986;4.37;0.27;384.59;19.15;1533;57;4113.00;365
10091;40;4884122;10091;667;11624;11986;4.39;0.27;384.68;19.23;1533;57;4114.00;362
10096;40;4884138;10096;670;11629;11990;4.37;0.27;384.68;19.23;1533;57;4115.00;361
10097;40;4884155;10097;672;11629;11990;4.35;0.26;384.70;19.23;1532;57;4116.00;361
10099;40;4884171;10099;678;11630;11990;4.32;0.26;384.65;19.31;1531;57;4117.00;360
10105;40;4884187;10105;686;11630;11990;4.26;0.26;384.65;19.31;1525;57;4118.00;360
10108;40;4884202;10108;683;11635;11996;4.29;0.26;384.70;19.30;1527;57;4119.00;361
10111;40;4884219;10111;686;11636;11996;4.28;0.26;384.73;19.39;1525;57;4120.00;360
10113;40;4884235;10113;686;11636;11996;4.24;0.26;384.80;19.39;1523;57;4121.00;360
10117;40;4884252;10117;694;11638;11999;4.13;0.25;384.81;19.38;1521;57;4122.00;361
10120;40;4884267;10120;697;11639;11999;4.02;0.25;384.87;19.47;1519;57;4123.00;360
10123;40;4884283;10123;699;11640;11999;3.90;0.24;385.02;19.46;1517;57;4124.00;359
10127;40;4884298;10127;690;11640;12000;3.81;0.23;385.14;19.46;1513;57;4125.00;360
10131;40;4884313;10131;681;11641;12001;3.77;0.23;385.15;19.46;1510;57;4126.00;360
10135;40;4884328;10135;678;11641;12001;3.74;0.23;385.19;19.46;1506;57;4127.00;360
10140;40;4884345;10140;684;11652;12014;3.78;0.23;385.31;19.44;1512;57;4128.00;362
10142;40;4884362;10142;679;11652;12014;3.80;0.23;385.32;19.44;1510;57;4129.00;362
10145;40;4884377;10145;672;11652;12014;3.80;0.23;385.38;19.44;1507;57;4130.00;362
10150;40;4884393;10150;673;11653;12015;3.78;0.23;385.59;19.44;1503;57;4131.00;362
10151;40;4884408;10151;666;11654;12015;3.84;0.24;385.66;19.44;1503;57;4132.00;361
10157;40;4884423;10157;674;11658;12019;3.84;0.24;385.83;19.44;1501;57;4133.00;361
10162;40;4884439;10162;670;11658;12019;3.81;0.23;385.89;19.44;1496;57;4134.00;361
10165;40;4884455;10165;665;11662;12023;3.80;0.23;385.91;19.44;1497;57;4135.00;361
10171;40;4884472;10171;667;11662;12023;3.74;0.23;385.96;19.44;1491;57;4136.00;361
10176;40;4884488;10176;670;11662;12023;3.69;0.23;386.00;19.44;1486;57;4137.00;361
10178;40;4884503;10178;672;11663;12023;3.66;0.22;386.04;19.44;1485;57;4138.00;360
10181;40;4884519;10181;668;11663;12023;3.60;0.22;386.08;19.44;1482;57;4139.00;360
10186;40;4884535;10186;676;11685;12057;3.64;0.22;386.23;19.40;1499;57;4140.00;372
10191;40;4884553;10191;670;11688;12057;3.61;0.22;386.23;19.40;1497;57;4141.00;369
10193;40;4884569;10193;677;11690;12057;3.58;0.22;386.19;19.39;1497;57;4142.00;367
10197;40;4884585;10197;682;11691;12057;3.53;0.22;386.10;19.39;1494;57;4143.00;366
10199;40;4884601;10199;683;11692;12057;3.48;0.21;386.11;19.39;1493;57;4144.00;365
10201;40;4884616;10201;686;11692;12057;3.45;0.21;386.16;19.39;1491;57;4145.00;365
10205;40;4884631;10205;686;11692;12058;3.42;0.21;386.29;19.39;1487;57;4146.00;366
10207;40;4884646;10207;683;11692;12058;3.41;0.21;386.35;19.39;1485;57;4147.00;366
10210;40;4884661;10210;686;11696;12064;3.41;0.21;386.39;19.38;1486;57;4148.00;368
10212;40;4884677;10212;701;11696;12065;3.38;0.21;386.33;19.38;1484;57;4149.00;369
10216;40;4884693;10216;698;11696;12065;3.38;0.21;386.36;19.38;1480;57;4150.00;369
10217;40;4884708;10217;695;11696;12065;3.35;0.21;386.37;19.38;1479;57;4151.00;369
10223;40;4884723;10223;698;11699;12069;3.32;0.21;386.35;19.38;1476;57;4152.00;370
10225;40;4884739;10225;702;11699;12069;3.31;0.20;386.30;19.38;1474;57;4153.00;370
10227;40;4884754;10227;699;11699;12069;3.32;0.21;386.33;19.38;1472;57;4154.00;370
10235;40;4884769;10235;704;11700;12070;3.26;0.20;386.34;19.38;1465;57;4155.00;370
10236;40;4884784;10236;702;11703;12074;3.22;0.20;386.35;19.37;1467;57;4156.00;371
10240;40;4884798;10240;699;11703;12074;3.15;0.19;386.30;19.37;1463;57;4157.00;371
10245;40;4884812;10245;711;11704;12077;3.07;0.19;386.23;19.37;1459;57;4158.00;373
10249;40;4884827;10249;723;11704;12077;3.04;0.19;386.25;19.37;1455;57;4159.00;373
10255;40;4884841;10255;721;11704;12077;3.01;0.19;386.19;19.37;1449;57;4160.00;373
10256;40;4884856;10256;725;11704;12077;3.01;0.19;386.21;19.37;1448;57;4161.00;373
10261;40;4884870;10261;726;11707;12081;2.98;0.18;386.10;19.37;1446;57;4162.00;374
10265;40;4884885;10265;724;11707;12081;2.98;0.18;386.09;19.37;1442;57;4163.00;374
10266;40;4884900;10266;711;11707;12081;3.02;0.19;386.13;19.37;1441;57;4164.00;374
10270;40;4884913;10270;717;11707;12081;3.02;0.19;386.05;19.37;1437;57;4165.00;374
10273;40;4884927;10273;721;11707;12082;2.98;0.18;385.99;19.37;1434;57;4166.00;375
10273;40;4884942;10273;718;11707;12083;2.99;0.18;385.99;19.37;1434;57;4167.00;376
10277;40;4884956;10277;720;11707;12083;2.96;0.18;385.94;19.37;1430;57;4168.00;376
10279;40;4884971;10279;722;11709;12084;2.93;0.18;385.91;19.36;1430;57;4169.00;375
10284;40;4884986;10284;730;11709;12084;2.91;0.18;386.01;19.36;1425;57;4170.00;375
10287;40;4885001;10287;722;11709;12084;2.90;0.18;385.96;19.36;1422;57;4171.00;375
10290;40;4885015;10290;723;11710;12084;2.90;0.18;386.02;19.47;1420;57;4172.00;374
10292;40;4885029;10292;723;11712;12086;2.90;0.18;386.09;19.47;1420;57;4173.00;374
10292;40;4885043;10292;721;11712;12086;2.89;0.18;386.09;19.47;1420;57;4174.00;374
10294;40;4885056;10294;721;11713;12086;2.87;0.18;386.09;19.47;1419;57;4175.00;373
10294;40;4885071;10294;737;11781;12213;3.24;0.20;386.09;19.36;1487;57;4176.00;432
10295;40;4885094;10295;729;11784;12214;3.28;0.20;386.13;19.35;1489;57;4177.00;430
10295;40;4885108;10295;723;11790;12214;3.39;0.21;386.13;19.34;1495;57;4178.00;424
10296;40;4885124;10296;725;11791;12214;3.40;0.21;386.13;19.34;1495;57;4179.00;423
10298;40;4885138;10298;725;11793;12214;3.43;0.21;386.11;19.34;1495;57;4180.00;421
10298;40;4885152;10298;719;11797;12214;3.46;0.21;386.11;19.34;1499;57;4181.00;417
10299;40;4885167;10299;706;11800;12214;3.48;0.22;386.12;19.33;1501;57;4182.00;414
10299;40;4885181;10299;684;11802;12214;3.55;0.22;386.12;19.33;1503;57;4183.00;412
10301;40;4885196;10301;679;11804;12215;3.55;0.22;386.16;19.33;1503;57;4184.00;411
10301;40;4885211;10301;667;11807;12217;3.61;0.22;386.16;19.33;1506;57;4185.00;410
10301;40;4885228;10301;663;11807;12217;3.67;0.23;386.16;19.33;1506;57;4186.00;410
10301;40;4885243;10301;658;11808;12218;3.72;0.23;386.16;19.32;1507;57;4187.00;410
10302;40;4885258;10302;652;11809;12218;3.77;0.23;386.23;19.32;1507;57;4188.00;409
10304;40;4885275;10304;649;11810;12218;3.85;0.24;386.19;19.32;1506;57;4189.00;408
10307;40;4885292;10307;650;11812;12218;3.92;0.24;386.24;19.32;1505;57;4190.00;406
10307;40;4885310;10307;656;11815;12222;3.98;0.24;386.24;19.32;1508;57;4191.00;407
10310;40;4885327;10310;654;11815;12222;4.03;0.25;386.21;19.32;1505;57;4192.00;407
10313;40;4885345;10313;644;11815;12222;4.07;0.25;386.28;19.32;1502;57;4193.00;407
10316;40;4885362;10316;642;11816;12225;4.10;0.25;386.30;19.32;1500;57;4194.00;409
10316;40;4885379;10316;646;11816;12225;4.12;0.25;386.30;19.32;1500;57;4195.00;409
10318;40;4885395;10318;639;11817;12225;4.15;0.25;386.29;19.32;1499;57;4196.00;408
10318;40;4885412;10318;636;11820;12229;4.17;0.25;386.29;19.31;1502;57;4197.00;409
10318;40;4885435;10318;626;11821;12230;4.24;0.26;386.29;19.31;1503;57;4198.00;409
10322;40;4885451;10322;631;11822;12230;4.29;0.26;386.36;19.42;1500;57;4199.00;408
10323;40;4885471;10323;632;11833;12264;4.35;0.26;386.35;19.41;1510;57;4200.00;431
10324;40;4885494;10324;623;11834;12264;4.39;0.27;386.40;19.41;1510;57;4201.00;430
10328;40;4885510;10328;618;11834;12264;4.43;0.27;386.35;19.41;1506;57;4202.00;430
10328;40;4885527;10328;607;11834;12265;4.48;0.27;386.35;19.41;1506;57;4203.00;431
10330;40;4885543;10330;609;11837;12265;4.51;0.27;386.43;19.41;1507;57;4204.00;428
10333;40;4885560;10333;607;11840;12271;4.56;0.28;386.53;19.40;1507;57;4205.00;431
10335;40;4885582;10335;606;11843;12271;4.57;0.28;386.59;19.40;1508;57;4206.00;428
10336;40;4885598;10336;599;11844;12272;4.58;0.28;386.72;19.40;1508;57;4207.00;428
10337;40;4885615;10337;600;11846;12272;4.57;0.28;386.70;19.40;1509;57;4208.00;426
10340;40;4885630;10340;594;11846;12272;4.53;0.27;386.85;19.40;1506;57;4209.00;426
10341;40;4885646;10341;597;11848;12272;4.55;0.27;386.94;19.41;1507;57;4210.00;424
10345;40;4885663;10345;589;11849;12272;4.57;0.28;387.04;19.41;1504;57;4211.00;423
10348;40;4885680;10348;589;11858;12284;4.61;0.28;387.20;19.40;1510;57;4212.00;426
10349;40;4885697;10349;589;11861;12284;4.62;0.28;387.23;19.40;1512;57;4213.00;423
10350;40;4885713;10350;594;11863;12284;4.62;0.28;387.37;19.40;1513;57;4214.00;421
10353;40;4885730;10353;587;11865;12284;4.61;0.28;387.43;19.51;1512;57;4215.00;419
10356;40;4885747;10356;574;11866;12284;4.62;0.28;387.69;19.51;1510;57;4216.00;418
10356;40;4885763;10356;576;11869;12284;4.65;0.28;387.69;19.51;1513;57;4217.00;415
10358;40;4885779;10358;569;11872;12288;4.68;0.28;387.79;19.51;1514;57;4218.00;416
10360;40;4885796;10360;571;11873;12288;4.73;0.29;387.88;19.51;1513;57;4219.00;415
10360;40;4885813;10360;575;11876;12292;4.80;0.29;387.88;19.51;1516;57;4220.00;416
10363;40;4885830;10363;562;11876;12293;4.83;0.29;388.06;19.51;1513;57;4221.00;417
10368;40;4885847;10368;554;11880;12293;4.84;0.29;388.24;19.52;1512;57;4222.00;413
10370;40;4885864;10370;549;11881;12293;4.86;0.29;388.34;19.52;1511;57;4223.00;412
10373;40;4885880;10373;555;11889;12306;4.87;0.29;388.45;19.51;1516;57;4224.00;417
10376;40;4885897;10376;553;11891;12306;4.86;0.29;388.51;19.51;1515;57;4225.00;415
10377;40;4885913;10377;542;11892;12306;4.85;0.29;388.54;19.51;1515;57;4226.00;414
10379;40;4885929;10379;539;11893;12307;4.84;0.29;388.59;19.51;1514;57;4227.00;414
10382;40;4885946;10382;543;11894;12308;4.85;0.29;388.64;19.51;1512;57;4228.00;414
10386;40;4885963;10386;539;11895;12308;4.83;0.29;388.70;19.51;1509;57;4229.00;413
10389;40;4885983;10389;544;11899;12314;4.81;0.29;388.72;19.51;1510;57;4230.00;415
10391;40;4886000;10391;549;11901;12314;4.83;0.29;388.74;19.51;1510;57;4231.00;413
10397;40;4886017;10397;549;11902;12314;4.77;0.29;388.67;19.62;1505;57;4232.00;412
10398;40;4886033;10398;547;11902;12314;4.78;0.29;388.68;19.62;1504;57;4233.00;412
10400;40;4886050;10400;555;11908;12320;4.79;0.29;388.69;19.62;1508;57;4234.00;412
10404;40;4886068;10404;555;11909;12320;4.74;0.29;388.79;19.62;1505;57;4235.00;411
10406;40;4886085;10406;563;11909;12320;4.69;0.28;388.85;19.62;1503;57;4236.00;411
10409;40;4886101;10409;568;11910;12320;4.61;0.28;388.83;19.62;1501;57;4237.00;410
10410;40;4886118;10410;576;11913;12324;4.61;0.28;388.79;19.62;1503;57;4238.00;411
10412;40;4886135;10412;581;11913;12325;4.58;0.28;388.81;19.62;1501;57;4239.00;412
10415;40;4886151;10415;589;11914;12325;4.53;0.27;388.92;19.62;1499;57;4240.00;411
10419;40;4886168;10419;591;11915;12326;4.51;0.27;389.13;19.62;1496;57;4241.00;411
10421;40;4886184;10421;597;11916;12326;4.50;0.27;389.23;19.62;1495;57;4242.00;410
10424;40;4886199;10424;601;11917;12326;4.47;0.27;389.18;19.62;1493;57;4243.00;409
10427;40;4886214;10427;604;11917;12326;4.46;0.27;389.13;19.62;1490;57;4244.00;409
10432;40;4886230;10432;603;11918;12326;4.41;0.27;389.06;19.63;1486;57;4245.00;408
10432;40;4886245;10432;615;11918;12326;4.40;0.27;389.06;19.63;1486;57;4246.00;408
10436;40;4886260;10436;616;11918;12326;4.36;0.27;389.12;19.63;1482;57;4247.00;408
10438;40;4886275;10438;630;11953;12396;4.41;0.27;389.16;19.57;1515;57;4248.00;443
10441;40;4886296;10441;624;11955;12397;4.35;0.27;389.26;19.57;1514;57;4249.00;442
10442;40;4886312;10442;630;11961;12397;4.33;0.26;389.24;19.56;1519;57;4250.00;436
10443;40;4886328;10443;638;11964;12397;4.32;0.26;389.28;19.57;1521;57;4251.00;433
10445;40;4886343;10445;637;11966;12397;4.31;0.26;389.36;19.57;1521;57;4252.00;431
10447;40;4886360;10447;635;11970;12397;4.30;0.26;389.32;19.56;1523;57;4253.00;427
10447;40;4886376;10447;644;11971;12397;4.34;0.26;389.32;19.56;1524;57;4254.00;426
10448;40;4886392;10448;646;11972;12397;4.35;0.27;389.34;19.56;1524;57;4255.00;425
10450;40;4886408;10450;655;11973;12398;4.36;0.27;389.47;19.56;1523;57;4256.00;425
10452;40;4886425;10452;658;11975;12399;4.39;0.27;389.43;19.56;1523;57;4257.00;424
10453;40;4886441;10453;660;11976;12399;4.41;0.27;389.43;19.56;1523;57;4258.00;423
10456;40;4886456;10456;662;11980;12403;4.35;0.27;389.59;19.55;1524;57;4259.00;423
10457;40;4886474;10457;657;11981;12403;4.34;0.27;389.55;19.55;1524;57;4260.00;422
10459;40;4886490;10459;664;11982;12403;4.33;0.27;389.66;19.55;1523;57;4261.00;421
10464;40;4886506;10464;655;11983;12403;4.32;0.26;389.82;19.55;1519;57;4262.00;420
10467;40;4886521;10467;665;11987;12409;4.34;0.27;389.82;19.54;1520;57;4263.00;422
10471;40;4886537;10471;667;11987;12409;4.35;0.27;389.99;19.54;1516;57;4264.00;422
10475;40;4886553;10475;668;11987;12409;4.35;0.27;390.08;19.54;1512;57;4265.00;422
10477;40;4886568;10477;675;11988;12412;4.36;0.27;390.04;19.54;1511;57;4266.00;424
10478;40;4886584;10478;674;11988;12412;4.33;0.26;390.14;19.54;1510;57;4267.00;424
10481;40;4886599;10481;677;11988;12412;4.27;0.26;390.21;19.54;1507;57;4268.00;424
10487;40;4886614;10487;684;11988;12413;4.17;0.25;390.27;19.54;1501;57;4269.00;425
10489;40;4886630;10489;683;11989;12414;4.15;0.25;390.36;19.54;1500;57;4270.00;425
10490;40;4886644;10490;683;11989;12414;4.15;0.25;390.36;19.54;1499;57;4271.00;425
10491;40;4886659;10491;686;11999;12427;4.17;0.25;390.46;19.52;1508;57;4272.00;428
10493;40;4886675;10493;677;11999;12427;4.13;0.25;390.49;19.52;1506;57;4273.00;428
10493;40;4886689;10493;676;11999;12427;4.14;0.25;390.49;19.52;1506;57;4274.00;428
10497;40;4886706;10497;671;12000;12429;4.11;0.25;390.66;19.52;1503;57;4275.00;429
10501;40;4886722;10501;667;12000;12429;4.08;0.25;390.73;19.52;1499;57;4276.00;429
10503;40;4886738;10503;674;12003;12433;4.07;0.25;390.80;19.52;1500;57;4277.00;430
10506;40;4886754;10506;664;12003;12433;4.06;0.25;390.81;19.52;1497;57;4278.00;430
10509;40;4886769;10509;658;12005;12437;4.00;0.24;390.85;19.51;1496;57;4279.00;432
10511;40;4886784;10511;653;12006;12437;3.97;0.24;390.93;19.51;1495;57;4280.00;431
10515;40;4886799;10515;651;12006;12437;3.90;0.24;391.04;19.51;1491;57;4281.00;431
10518;40;4886813;10518;657;12006;12437;3.88;0.24;391.13;19.51;1488;57;4282.00;431
10521;40;4886828;10521;659;12006;12437;3.88;0.24;391.10;19.51;1485;57;4283.00;431
10524;40;4886842;10524;662;12015;12449;3.93;0.24;391.20;19.50;1491;57;4284.00;434
10525;40;4886858;10525;660;12015;12449;3.91;0.24;391.23;19.50;1490;57;4285.00;434
10529;40;4886872;10529;666;12015;12449;3.85;0.23;391.25;19.50;1486;57;4286.00;434
10532;40;4886886;10532;671;12015;12449;3.79;0.23;391.33;19.50;1483;57;4287.00;434
10535;40;4886900;10535;674;12015;12449;3.68;0.22;391.29;19.50;1480;57;4288.00;434
10540;40;4886914;10540;684;12015;12449;3.57;0.22;391.38;19.50;1475;57;4289.00;434
10543;40;4886929;10543;676;12015;12450;3.45;0.21;391.38;19.50;1472;57;4290.00;435
10547;40;4886944;10547;686;12015;12450;3.35;0.21;391.42;19.50;1468;57;4291.00;435
10553;40;4886959;10553;693;12019;12456;3.30;0.20;391.62;19.49;1466;57;4292.00;437
10556;40;4886974;10556;693;12019;12457;3.29;0.20;391.70;19.49;1463;57;4293.00;438
10560;40;4886988;10560;694;12019;12457;3.27;0.20;391.73;19.49;1459;57;4294.00;438
10565;40;4887003;10565;692;12019;12457;3.21;0.20;391.82;19.49;1454;57;4295.00;438
10566;40;4887017;10566;695;12022;12461;3.25;0.20;391.83;19.49;1456;57;4296.00;439
10569;40;4887032;10569;696;12022;12461;3.21;0.20;391.80;19.49;1453;57;4297.00;439
10571;40;4887045;10571;694;12022;12461;3.16;0.19;391.84;19.49;1451;57;4298.00;439
10573;40;4887060;10573;694;12023;12462;3.16;0.19;391.92;19.49;1450;57;4299.00;439
10578;40;4887075;10578;688;12026;12466;3.12;0.19;391.93;19.48;1448;57;4300.00;440
10581;40;4887094;10581;684;12026;12466;3.11;0.19;391.91;19.48;1445;57;4301.00;440
10582;40;4887107;10582;682;12027;12469;3.15;0.19;391.89;19.48;1445;57;4302.00;442
10584;40;4887122;10584;681;12027;12469;3.15;0.19;391.88;19.48;1443;57;4303.00;442
10587;40;4887136;10587;680;12027;12469;3.14;0.19;391.81;19.48;1440;57;4304.00;442
10589;40;4887150;10589;682;12027;12469;3.15;0.19;391.78;19.48;1438;57;4305.00;442
10594;40;4887164;10594;683;12030;12473;3.18;0.20;391.72;19.47;1436;57;4306.00;443
10598;40;4887178;10598;676;12030;12473;3.19;0.20;391.62;19.47;1432;57;4307.00;443
10603;40;4887193;10603;680;12030;12473;3.16;0.19;391.52;19.47;1427;57;4308.00;443
10607;40;4887208;10607;676;12030;12473;3.14;0.19;391.43;19.47;1423;57;4309.00;443
10609;40;4887221;10609;672;12030;12474;3.16;0.19;391.38;19.47;1421;57;4310.00;444
10612;40;4887237;10612;669;12030;12475;3.13;0.19;391.32;19.47;1418;57;4311.00;445
10615;40;4887251;10615;667;12030;12475;3.11;0.19;391.30;19.47;1415;57;4312.00;445
10617;40;4887265;10617;665;12031;12476;3.13;0.19;391.24;19.47;1414;57;4313.00;445
10620;40;4887279;10620;674;12031;12476;3.12;0.19;391.21;19.47;1411;57;4314.00;445
10622;40;4887293;10622;678;12031;12476;3.12;0.19;391.19;19.47;1409;57;4315.00;445
10627;40;4887308;10627;680;12031;12476;3.12;0.19;391.15;19.47;1404;57;4316.00;445
10628;40;4887322;10628;692;12031;12476;3.12;0.19;391.17;19.47;1403;57;4317.00;445
10634;40;4887336;10634;683;12031;12476;3.11;0.19;391.20;19.47;1397;57;4318.00;445
10640;40;4887350;10640;688;12031;12476;3.08;0.19;391.17;19.47;1391;57;4319.00;445
10642;40;4887366;10642;720;12136;12706;3.50;0.22;391.19;19.30;1494;57;4320.00;570
10643;40;4887397;10643;715;12142;12707;3.50;0.22;391.17;19.30;1499;57;4321.00;565
10646;40;4887412;10646;705;12150;12707;3.57;0.23;391.28;19.28;1504;57;4322.00;557
10649;40;4887427;10649;708;12159;12707;3.57;0.22;391.37;19.27;1510;57;4323.00;548
10651;40;4887441;10651;710;12163;12707;3.55;0.22;391.36;19.27;1512;57;4324.00;544
10655;40;4887455;10655;718;12171;12707;3.51;0.22;391.37;19.26;1516;57;4325.00;536
10656;40;4887471;10656;703;12172;12707;3.45;0.22;391.38;19.26;1516;57;4326.00;535
10659;40;4887485;10659;703;12177;12707;3.41;0.21;391.38;19.25;1518;57;4327.00;530
10661;40;4887500;10661;707;12181;12708;3.37;0.21;391.38;19.25;1520;57;4328.00;527
10666;40;4887515;10666;703;12186;12709;3.29;0.21;391.40;19.24;1520;57;4329.00;523
10668;40;4887529;10668;681;12189;12709;3.24;0.20;391.43;19.24;1521;57;4330.00;520
10669;40;4887543;10669;671;12192;12710;3.20;0.20;391.50;19.24;1523;57;4331.00;518
10672;40;4887557;10672;666;12193;12710;3.16;0.20;391.55;19.24;1521;57;4332.00;517
10672;40;4887572;10672;660;12196;12710;3.20;0.20;391.55;19.36;1524;57;4333.00;514
10675;40;4887589;10675;659;12198;12710;3.22;0.20;391.54;19.35;1523;57;4334.00;512
10676;40;4887607;10676;657;12201;12714;3.24;0.20;391.55;19.36;1525;57;4335.00;513
10677;40;4887622;10677;657;12202;12714;3.26;0.20;391.53;19.36;1525;57;4336.00;512
10680;40;4887637;10680;653;12202;12714;3.30;0.20;391.57;19.36;1522;57;4337.00;512
10681;40;4887653;10681;647;12205;12717;3.36;0.21;391.57;19.36;1524;57;4338.00;512
10683;40;4887669;10683;649;12205;12717;3.41;0.21;391.54;19.36;1522;57;4339.00;512
10684;40;4887686;10684;645;12205;12717;3.45;0.21;391.55;19.36;1521;57;4340.00;512
10685;40;4887706;10685;654;12208;12721;3.47;0.21;391.55;19.35;1523;57;4341.00;513
10686;40;4887723;10686;646;12210;12722;3.52;0.22;391.54;19.36;1524;57;4342.00;512
10688;40;4887740;10688;637;12210;12722;3.55;0.22;391.53;19.36;1522;57;4343.00;512
10692;40;4887756;10692;650;12214;12726;3.60;0.22;391.61;19.36;1522;57;4344.00;512
10692;40;4887774;10692;651;12215;12726;3.61;0.22;391.61;19.37;1523;57;4345.00;511
10695;40;4887790;10695;639;12215;12726;3.61;0.22;391.57;19.37;1520;57;4346.00;511
10696;40;4887807;10696;643;12216;12727;3.61;0.22;391.59;19.38;1520;57;4347.00;511
10699;40;4887823;10699;632;12216;12727;3.63;0.22;391.55;19.38;1517;57;4348.00;511
10700;40;4887840;10700;626;12220;12733;3.63;0.22;391.56;19.37;1520;57;4349.00;513
10702;40;4887858;10702;621;12220;12733;3.67;0.22;391.49;19.37;1518;57;4350.00;513
10704;40;4887876;10704;624;12220;12734;3.68;0.22;391.51;19.37;1516;57;4351.00;514
10706;40;4887892;10706;627;12222;12734;3.72;0.23;391.58;19.39;1516;57;4352.00;512
10709;40;4887914;10709;641;12222;12734;3.72;0.23;391.53;19.39;1513;57;4353.00;512
10709;40;4887931;10709;646;12222;12734;3.76;0.23;391.53;19.39;1513;57;4354.00;512
10710;40;4887948;10710;645;12222;12734;3.78;0.23;391.64;19.39;1512;57;4355.00;512
10711;40;4887965;10711;655;12233;12746;3.88;0.24;391.62;19.40;1522;57;4356.00;513
10713;40;4887983;10713;650;12233;12746;3.92;0.24;391.70;19.40;1520;57;4357.00;513
10717;40;4887999;10717;642;12235;12746;3.94;0.24;391.66;19.42;1518;57;4358.00;511
10718;40;4888015;10718;639;12236;12746;4.00;0.24;391.69;19.42;1518;57;4359.00;510
10721;40;4888032;10721;638;12238;12746;4.03;0.25;391.77;19.43;1517;57;4360.00;508
10721;40;4888048;10721;623;12238;12746;4.05;0.25;391.77;19.43;1517;57;4361.00;508
10725;40;4888064;10725;614;12241;12750;4.06;0.25;391.88;19.43;1516;57;4362.00;509
10728;40;4888084;10728;609;12242;12750;4.10;0.25;391.94;19.55;1514;57;4363.00;508
10731;40;4888101;10731;604;12247;12754;4.13;0.25;391.96;19.56;1516;57;4364.00;507
10734;40;4888118;10734;606;12250;12756;4.16;0.25;392.13;19.57;1516;58;4365.00;506
10734;40;4888143;10734;598;12251;12756;4.22;0.26;392.13;19.58;1517;58;4366.00;505
10734;40;4888160;10734;599;12252;12756;4.24;0.26;392.13;19.58;1518;58;4367.00;504
10736;40;4888177;10736;606;12261;12769;4.30;0.26;392.14;19.58;1525;58;4368.00;508
10737;40;4888195;10737;609;12262;12769;4.28;0.26;392.23;19.59;1525;58;4369.00;507
10740;40;4888212;10740;619;12262;12769;4.29;0.26;392.45;19.59;1522;58;4370.00;507
10742;40;4888228;10742;619;12264;12770;4.29;0.26;392.59;19.60;1522;58;4371.00;506
10744;40;4888246;10744;614;12265;12771;4.30;0.26;392.62;19.61;1521;58;4372.00;506
10749;40;4888263;10749;611;12266;12771;4.32;0.26;392.74;19.61;1517;58;4373.00;505
10750;40;4888280;10750;614;12267;12774;4.36;0.26;392.76;19.61;1517;58;4374.00;507
10753;40;4888298;10753;615;12268;12774;4.38;0.27;392.93;19.62;1515;58;4375.00;506
10754;40;4888314;10754;615;12269;12774;4.39;0.27;392.93;19.63;1515;58;4376.00;505
10756;40;4888331;10756;616;12270;12774;4.41;0.27;393.05;19.64;1514;58;4377.00;504
10759;40;4888348;10759;605;12275;12780;4.42;0.27;393.03;19.64;1516;58;4378.00;505
10761;40;4888365;10761;608;12280;12780;4.42;0.27;393.05;20.06;1519;59;4379.00;500
10761;40;4888393;10761;612;12281;12780;4.44;0.27;393.05;20.07;1520;59;4380.00;499
10764;40;4888410;10764;605;12282;12780;4.46;0.27;393.15;20.08;1518;59;4381.00;498
10767;40;4888427;10767;603;12286;12784;4.47;0.27;393.20;20.08;1519;59;4382.00;498
10771;40;4888445;10771;606;12286;12785;4.49;0.27;393.18;20.08;1515;59;4383.00;499
10776;40;4888462;10776;598;12287;12785;4.50;0.27;393.37;20.09;1511;59;4384.00;498
10778;40;4888479;10778;587;12289;12786;4.56;0.28;393.43;20.09;1511;59;4385.00;497
10782;40;4888495;10782;578;12290;12786;4.58;0.28;393.50;20.10;1508;59;4386.00;496
10785;40;4888513;10785;569;12290;12786;4.57;0.28;393.46;20.10;1505;59;4387.00;496
10788;40;4888528;10788;564;12290;12786;4.61;0.28;393.48;20.10;1502;59;4388.00;496
10789;40;4888546;10789;556;12291;12786;4.67;0.28;393.49;20.10;1502;59;4389.00;495
10794;40;4888561;10794;559;12291;12786;4.70;0.28;393.64;20.10;1497;59;4390.00;495
10797;40;4888578;10797;567;12292;12786;4.69;0.28;393.66;20.11;1495;59;4391.00;494
10802;40;4888595;10802;572;12324;12856;4.69;0.28;393.88;20.06;1522;59;4392.00;532
10804;40;4888618;10804;554;12324;12857;4.71;0.29;394.06;20.06;1520;59;4393.00;533
10808;40;4888635;10808;561;12330;12857;4.73;0.29;394.13;20.06;1522;59;4394.00;527
10812;40;4888652;10812;560;12332;12857;4.78;0.29;394.25;20.06;1520;59;4395.00;525
10816;40;4888669;10816;555;12334;12857;4.81;0.29;394.28;20.05;1518;59;4396.00;523
10820;40;4888687;10820;554;12338;12857;4.80;0.29;394.38;20.06;1518;59;4397.00;519
10823;40;4888704;10823;555;12341;12857;4.82;0.29;394.47;20.07;1518;59;4398.00;516
10828;40;4888721;10828;561;12343;12857;4.81;0.29;394.60;20.07;1515;59;4399.00;514
10830;40;4888745;10830;553;12344;12858;4.85;0.29;394.64;20.07;1514;59;4400.00;514
10835;40;4888766;10835;555;12346;12859;4.86;0.29;394.78;20.07;1511;59;4401.00;513
10838;40;4888783;10838;559;12349;12859;4.85;0.29;394.86;20.08;1511;59;4402.00;510
10841;40;4888801;10841;553;12356;12863;4.82;0.29;394.89;20.08;1515;59;4403.00;507
10844;40;4888819;10844;557;12358;12863;4.79;0.29;395.05;20.09;1514;59;4404.00;505
10847;40;4888837;10847;554;12359;12863;4.73;0.29;395.09;20.10;1512;59;4405.00;504
10848;40;4888855;10848;559;12359;12863;4.74;0.29;395.13;20.10;1511;60;4406.00;504
10849;40;4888881;10849;565;12367;12869;4.69;0.29;395.17;20.20;1518;60;4407.00;502
10850;40;4888899;10850;572;12367;12869;4.63;0.28;395.19;20.20;1517;60;4408.00;502
10851;40;4888915;10851;574;12368;12869;4.61;0.28;395.23;20.21;1517;60;4409.00;501
10853;40;4888934;10853;580;12373;12875;4.60;0.28;395.30;20.21;1520;60;4410.00;502
10855;40;4888952;10855;588;12375;12875;4.57;0.28;395.37;20.22;1520;60;4411.00;500
10856;40;4888970;10856;593;12376;12875;4.59;0.28;395.42;20.22;1520;60;4412.00;499
10858;40;4888991;10858;602;12377;12876;4.59;0.28;395.49;20.22;1519;60;4413.00;499
10860;40;4889009;10860;598;12378;12877;4.56;0.28;395.46;20.22;1518;60;4414.00;499
10863;40;4889025;10863;599;12378;12877;4.50;0.27;395.59;20.22;1515;60;4415.00;499
10868;40;4889044;10868;610;12387;12890;4.47;0.27;395.66;20.21;1519;60;4416.00;503
10870;40;4889061;10870;619;12387;12890;4.44;0.27;395.77;20.21;1517;60;4417.00;503
10874;40;4889078;10874;633;12388;12890;4.37;0.26;395.79;20.22;1514;60;4418.00;502
10876;40;4889094;10876;631;12389;12891;4.35;0.26;395.88;20.23;1513;60;4419.00;502
10878;40;4889110;10878;638;12389;12891;4.32;0.26;396.03;20.23;1511;60;4420.00;502
10879;40;4889127;10879;643;12393;12895;4.33;0.26;396.11;20.22;1514;60;4421.00;502
10880;40;4889143;10880;646;12394;12895;4.34;0.26;396.20;20.23;1514;60;4422.00;501
10884;40;4889160;10884;660;12396;12899;4.29;0.26;396.39;20.22;1512;60;4423.00;503
10887;40;4889181;10887;659;12396;12899;4.27;0.26;396.46;20.22;1509;60;4424.00;503
10887;40;4889198;10887;669;12397;12899;4.25;0.26;396.46;20.23;1510;60;4425.00;502
10891;40;4889213;10891;670;12399;12899;4.23;0.26;396.57;20.23;1508;60;4426.00;500
10894;40;4889228;10894;670;12399;12899;4.19;0.26;396.52;20.23;1505;60;4427.00;500
10898;40;4889243;10898;675;12409;12911;4.22;0.26;396.60;20.21;1511;60;4428.00;502
10899;40;4889261;10899;685;12409;12911;4.18;0.26;396.58;20.21;1510;60;4429.00;502
10903;40;4889277;10903;688;12409;12911;4.15;0.25;396.65;20.21;1506;60;4430.00;502
10907;40;4889293;10907;703;12410;12911;4.09;0.25;396.69;20.21;1503;60;4431.00;501
10911;40;4889308;10911;705;12410;12911;4.07;0.25;396.72;20.21;1499;60;4432.00;501
10912;40;4889324;10912;704;12410;12911;4.05;0.25;396.72;20.21;1498;60;4433.00;501
10917;40;4889340;10917;709;12410;12912;4.00;0.24;396.85;20.21;1493;60;4434.00;502
10918;40;4889357;10918;709;12410;12912;4.00;0.24;396.89;20.21;1492;60;4435.00;502
10920;40;4889373;10920;716;12414;12918;4.01;0.24;396.96;20.20;1494;60;4436.00;504
10923;40;4889389;10923;727;12414;12919;3.98;0.24;397.19;20.20;1491;60;4437.00;505
10926;40;4889404;10926;726;12414;12919;3.96;0.24;397.15;20.20;1488;60;4438.00;505
10927;40;4889419;10927;726;12414;12919;3.93;0.24;397.21;20.20;1487;60;4439.00;505
10927;40;4889435;10927;723;12418;12924;3.95;0.24;397.21;20.20;1491;60;4440.00;506
10931;40;4889452;10931;723;12418;12924;3.91;0.24;397.26;20.20;1487;60;4441.00;506
10935;40;4889467;10935;729;12418;12924;3.85;0.24;397.46;20.20;1483;60;4442.00;506
10936;40;4889481;10936;721;12419;12925;3.86;0.24;397.44;20.20;1483;60;4443.00;506
10938;40;4889497;10938;721;12422;12929;3.83;0.23;397.55;20.19;1484;60;4444.00;507
10939;40;4889511;10939;725;12422;12929;3.78;0.23;397.59;20.19;1483;60;4445.00;507
10941;40;4889526;10941;731;12423;12932;3.73;0.23;397.56;20.19;1482;60;4446.00;509
10944;40;4889541;10944;727;12423;12932;3.72;0.23;397.63;20.19;1479;60;4447.00;509
10945;40;4889555;10945;730;12423;12932;3.74;0.23;397.60;20.19;1478;60;4448.00;509
10950;40;4889569;10950;732;12423;12932;3.71;0.23;397.63;20.19;1473;60;4449.00;509
10954;40;4889584;10954;740;12426;12936;3.71;0.23;397.55;20.18;1472;60;4450.00;510
10956;40;4889598;10956;742;12426;12936;3.67;0.22;397.55;20.18;1470;60;4451.00;510
10959;40;4889613;10959;740;12426;12936;3.61;0.22;397.48;20.18;1467;60;4452.00;510
10962;40;4889626;10962;749;12426;12936;3.54;0.22;397.54;20.18;1464;60;4453.00;510
10965;40;4889640;10965;754;12426;12937;3.46;0.21;397.54;20.18;1461;60;4454.00;511
10967;40;4889653;10967;745;12427;12939;3.39;0.21;397.55;20.18;1460;60;4455.00;512
10971;40;4889667;10971;747;12427;12939;3.35;0.21;397.52;20.18;1456;60;4456.00;512
10978;40;4889681;10978;741;12428;12940;3.30;0.20;397.41;20.18;1450;60;4457.00;512
10980;40;4889695;10980;740;12428;12940;3.27;0.20;397.39;20.18;1448;60;4458.00;512
10983;40;4889708;10983;744;12428;12940;3.29;0.20;397.40;20.18;1445;61;4459.00;512
10988;40;4889731;10988;736;12428;12940;3.27;0.20;397.38;20.18;1440;62;4460.00;512
10990;40;4889753;10990;736;12428;12940;3.26;0.20;397.35;20.18;1438;62;4461.00;512
10991;40;4889767;10991;723;12428;12940;3.25;0.20;397.37;20.18;1437;62;4462.00;512
10996;40;4889780;10996;715;12428;12940;3.23;0.20;397.39;20.18;1432;62;4463.00;512
10996;40;4889795;10996;716;12487;13067;3.59;0.22;397.39;20.09;1491;62;4464.00;580
11000;40;4889818;11000;711;12490;13068;3.60;0.22;397.41;20.08;1490;62;4465.00;578
11003;40;4889833;11003;708;12497;13068;3.62;0.23;397.39;20.07;1494;62;4466.00;571
11005;40;4889847;11005;701;12501;13068;3.64;0.23;397.37;20.07;1496;62;4467.00;567
11007;40;4889862;11007;703;12508;13068;3.68;0.23;397.34;20.06;1501;62;4468.00;560
11009;40;4889876;11009;696;12510;13068;3.64;0.23;397.40;20.05;1501;62;4469.00;558
11013;40;4889893;11013;698;12512;13068;3.59;0.22;397.36;20.05;1499;62;4470.00;556
11015;40;4889913;11015;698;12514;13068;3.61;0.22;397.32;20.05;1499;62;4471.00;554
11018;40;4889927;11018;703;12515;13069;3.60;0.22;397.38;20.05;1497;62;4472.00;554
11020;40;4889943;11020;702;12516;13070;3.57;0.22;397.37;20.05;1496;62;4473.00;554
11021;40;4889959;11021;700;12518;13070;3.56;0.22;397.35;20.05;1497;62;4474.00;552
11024;40;4889974;11024;706;12519;13071;3.59;0.22;397.29;20.05;1495;62;4475.00;552
11025;40;4889988;11025;704;12520;13071;3.65;0.23;397.27;20.05;1495;62;4476.00;551
11030;40;4890004;11030;698;12522;13071;3.68;0.23;397.24;20.04;1492;62;4477.00;549
11032;40;4890020;11032;693;12523;13071;3.72;0.23;397.26;20.04;1491;62;4478.00;548
11034;40;4890036;11034;695;12526;13075;3.72;0.23;397.20;20.04;1492;62;4479.00;549
11037;40;4890052;11037;692;12527;13075;3.74;0.23;397.19;20.04;1490;62;4480.00;548
11041;40;4890067;11041;682;12528;13075;3.69;0.23;397.13;20.04;1487;62;4481.00;547
11043;40;4890088;11043;678;12530;13078;3.69;0.23;397.10;20.05;1487;62;4482.00;548
11046;40;4890104;11046;677;12531;13078;3.67;0.23;397.09;20.06;1485;62;4483.00;547
11050;40;4890124;11050;680;12531;13078;3.68;0.23;397.14;20.06;1481;62;4484.00;547
11054;40;4890139;11054;687;12534;13082;3.69;0.23;397.20;20.05;1480;62;4485.00;548
11057;40;4890155;11057;687;12536;13083;3.72;0.23;397.23;20.06;1479;62;4486.00;547
11061;40;4890176;11061;689;12536;13083;3.72;0.23;397.27;20.06;1475;62;4487.00;547
11063;40;4890191;11063;679;12538;13087;3.76;0.23;397.26;20.06;1475;62;4488.00;549
11067;40;4890212;11067;672;12539;13087;3.78;0.23;397.19;20.06;1472;62;4489.00;548
11069;40;4890227;11069;668;12539;13087;3.79;0.23;397.20;20.06;1470;62;4490.00;548
11073;40;4890243;11073;659;12539;13088;3.80;0.23;397.30;20.06;1466;62;4491.00;549
11074;40;4890258;11074;661;12539;13088;3.82;0.23;397.27;20.06;1465;62;4492.00;549
11078;40;4890273;11078;661;12543;13094;3.81;0.23;397.20;20.05;1465;62;4493.00;551
11080;40;4890291;11080;663;12543;13094;3.81;0.23;397.21;20.05;1463;62;4494.00;551
11081;40;4890307;11081;657;12543;13095;3.80;0.23;397.17;20.05;1462;62;4495.00;552
11084;40;4890322;11084;652;12543;13095;3.81;0.23;397.26;20.05;1459;62;4496.00;552
11087;40;4890338;11087;656;12543;13095;3.84;0.23;397.29;20.05;1456;62;4497.00;552
11090;40;4890354;11090;661;12543;13095;3.85;0.24;397.29;20.05;1453;62;4498.00;552
11093;40;4890369;11093;664;12544;13095;3.85;0.24;397.28;20.07;1451;62;4499.00;551
11100;40;4890386;11100;673;12569;13145;3.93;0.24;397.41;20.03;1469;62;4500.00;576
11103;40;4890410;11103;677;12570;13147;3.97;0.24;397.46;20.02;1467;62;4501.00;577
11107;40;4890426;11107;669;12572;13147;3.99;0.24;397.55;20.02;1465;62;4502.00;575
11112;40;4890442;11112;665;12572;13147;4.02;0.25;397.65;20.02;1460;62;4503.00;575
11114;40;4890459;11114;666;12574;13147;4.04;0.25;397.63;20.02;1460;62;4504.00;573
11115;40;4890474;11115;662;12574;13147;4.02;0.24;397.61;20.02;1459;62;4505.00;573
11118;40;4890490;11118;668;12580;13151;3.96;0.24;397.58;20.03;1462;62;4506.00;571
11121;40;4890507;11121;669;12581;13151;3.91;0.24;397.62;20.02;1460;62;4507.00;570
11123;40;4890523;11123;672;12583;13155;3.89;0.24;397.65;20.02;1460;62;4508.00;572
11128;40;4890539;11128;676;12583;13156;3.92;0.24;397.71;20.02;1455;62;4509.00;573
11131;40;4890555;11131;677;12583;13156;3.90;0.24;397.81;20.02;1452;62;4510.00;573
11133;40;4890576;11133;666;12583;13156;3.90;0.24;397.86;20.02;1450;62;4511.00;573
11135;40;4890592;11135;658;12594;13169;3.97;0.24;397.89;20.01;1459;62;4512.00;575
11136;40;4890608;11136;641;12595;13169;4.01;0.24;397.89;20.02;1459;62;4513.00;574
11138;40;4890624;11138;639;12595;13169;4.04;0.25;397.90;20.02;1457;62;4514.00;574
11141;40;4890644;11141;637;12596;13170;4.02;0.25;397.91;20.02;1455;62;4515.00;574
11142;40;4890671;11142;637;12597;13171;4.04;0.25;397.87;20.03;1455;62;4516.00;574
11145;40;4890694;11145;641;12599;13171;4.07;0.25;397.88;20.03;1454;62;4517.00;572
11148;40;4890710;11148;635;12600;13174;4.07;0.25;397.95;20.03;1452;62;4518.00;574
11149;40;4890726;11149;631;12602;13174;4.12;0.25;398.00;20.06;1453;62;4519.00;572
11151;40;4890742;11151;634;12602;13174;4.14;0.25;398.06;20.06;1451;62;4520.00;572
11154;40;4890759;11154;629;12602;13174;4.14;0.25;398.13;20.06;1448;62;4521.00;572
11156;40;4890775;11156;618;12607;13180;4.19;0.26;398.15;20.20;1451;62;4522.00;573
11159;40;4890791;11159;610;12609;13180;4.23;0.26;398.22;20.20;1450;62;4523.00;571
11160;40;4890809;11160;598;12610;13180;4.31;0.26;398.27;20.21;1450;62;4524.00;570
11163;40;4890825;11163;592;12610;13180;4.39;0.27;398.25;20.21;1447;62;4525.00;570
11168;40;4890841;11168;594;12613;13184;4.42;0.27;398.38;20.21;1445;62;4526.00;571
11170;40;4890857;11170;589;12613;13185;4.49;0.27;398.43;20.21;1443;62;4527.00;572
11171;40;4890873;11171;579;12615;13185;4.53;0.28;398.47;20.22;1444;62;4528.00;570
11178;40;4890889;11178;585;12617;13186;4.55;0.28;398.59;20.22;1439;62;4529.00;569
11180;40;4890907;11180;579;12617;13186;4.56;0.28;398.61;20.22;1437;62;4530.00;569
11182;40;4890924;11182;585;12618;13186;4.55;0.28;398.61;20.24;1436;62;4531.00;568
11186;40;4890940;11186;588;12619;13186;4.56;0.28;398.73;20.25;1433;62;4532.00;567
11188;40;4890957;11188;589;12619;13186;4.58;0.28;398.73;20.25;1431;62;4533.00;567
11190;40;4890973;11190;593;12622;13186;4.57;0.28;398.76;20.28;1432;62;4534.00;564
11193;40;4890990;11193;590;12623;13186;4.54;0.28;398.87;20.28;1430;62;4535.00;563
11196;40;4891006;11196;605;12658;13256;4.52;0.28;398.92;20.23;1462;62;4536.00;598
11199;40;4891028;11199;611;12662;13257;4.53;0.28;399.09;20.26;1463;62;4537.00;595
11200;40;4891045;11200;610;12664;13257;4.59;0.28;399.19;20.26;1464;62;4538.00;593
11201;40;4891060;11201;617;12665;13257;4.60;0.28;399.16;20.25;1464;62;4539.00;592
11204;40;4891076;11204;623;12670;13257;4.64;0.28;399.23;20.41;1466;62;4540.00;587
11205;40;4891092;11205;640;12672;13257;4.68;0.29;399.20;20.41;1467;62;4541.00;585
11208;40;4891108;11208;640;12677;13257;4.70;0.29;399.22;20.43;1469;62;4542.00;580
11211;40;4891125;11211;640;12680;13257;4.71;0.29;399.39;20.43;1469;62;4543.00;577
11211;40;4891141;11211;643;12683;13258;4.71;0.29;399.39;20.46;1472;62;4544.00;575
11212;40;4891157;11212;646;12685;13260;4.71;0.29;399.41;20.45;1473;62;4545.00;575
11214;40;4891173;11214;636;12688;13260;4.73;0.29;399.51;20.46;1474;62;4546.00;572
11215;40;4891189;11215;641;12693;13264;4.71;0.29;399.52;20.47;1478;62;4547.00;571
11217;40;4891206;11217;641;12694;13264;4.69;0.28;399.60;20.47;1477;62;4548.00;570
11217;40;4891222;11217;625;12695;13264;4.70;0.29;399.60;20.48;1478;62;4549.00;569
11218;40;4891238;11218;619;12696;13264;4.65;0.28;399.71;20.49;1478;62;4550.00;568
11218;40;4891255;11218;626;12699;13270;4.65;0.28;399.71;20.49;1481;62;4551.00;571
11220;40;4891271;11220;618;12701;13270;4.65;0.28;399.73;20.63;1481;62;4552.00;569
11222;40;4891287;11222;621;12701;13270;4.67;0.28;399.72;20.63;1479;62;4553.00;569
11225;40;4891304;11225;613;12702;13273;4.68;0.28;399.75;20.63;1477;62;4554.00;571
11228;40;4891325;11228;612;12705;13273;4.67;0.28;399.73;20.64;1477;62;4555.00;568
11229;40;4891343;11229;611;12705;13273;4.65;0.28;399.73;20.64;1476;62;4556.00;568
11231;40;4891359;11231;604;12705;13274;4.63;0.28;399.73;20.64;1474;62;4557.00;569
11234;40;4891375;11234;599;12706;13275;4.60;0.28;399.80;20.64;1472;62;4558.00;569
11240;40;4891392;11240;594;12706;13275;4.57;0.28;400.03;20.64;1466;62;4559.00;569
11243;40;4891409;11243;592;12722;13301;4.62;0.28;399.99;20.83;1479;62;4560.00;579
11249;40;4891433;11249;589;12722;13301;4.57;0.28;400.11;20.83;1473;62;4561.00;579
11252;40;4891448;11252;592;12723;13301;4.53;0.27;400.06;20.83;1471;62;4562.00;578
11257;40;4891464;11257;607;12725;13302;4.51;0.27;400.16;20.83;1468;62;4563.00;577
11260;40;4891481;11260;605;12726;13302;4.49;0.27;400.34;20.83;1466;62;4564.00;576
11265;40;4891497;11265;608;12728;13306;4.44;0.27;400.37;20.82;1463;62;4565.00;578
11266;40;4891514;11266;605;12729;13306;4.42;0.27;400.40;20.82;1463;62;4566.00;577
11268;40;4891530;11268;606;12732;13310;4.39;0.27;400.39;20.82;1464;62;4567.00;578
11270;40;4891545;11270;604;12732;13310;4.40;0.27;400.44;20.82;1462;62;4568.00;578
11272;40;4891561;11272;596;12732;13310;4.39;0.27;400.47;20.82;1460;62;4569.00;578
11273;40;4891577;11273;590;12733;13310;4.39;0.27;400.46;20.82;1460;62;4570.00;577
11274;40;4891592;11274;593;12736;13310;4.39;0.27;400.56;20.82;1462;62;4571.00;574
11274;40;4891608;11274;587;12744;13322;4.46;0.27;400.56;20.81;1470;62;4572.00;578
11275;40;4891624;11275;588;12744;13322;4.44;0.27;400.61;20.81;1469;62;4573.00;578
11277;40;4891640;11277;590;12747;13322;4.42;0.27;400.63;20.80;1470;62;4574.00;575
11280;40;4891656;11280;590;12748;13322;4.36;0.27;400.74;20.82;1468;62;4575.00;574
11283;40;4891671;11283;591;12748;13322;4.33;0.27;400.79;20.82;1465;62;4576.00;574
11284;40;4891687;11284;594;12748;13322;4.35;0.27;400.84;20.82;1464;62;4577.00;574
11291;40;4891703;11291;595;12748;13323;4.32;0.26;400.97;20.82;1457;62;4578.00;575
11293;40;4891719;11293;594;12748;13323;4.28;0.26;400.94;20.82;1455;62;4579.00;575
11297;40;4891741;11297;600;12752;13329;4.25;0.26;401.08;20.81;1455;62;4580.00;577
11298;40;4891757;11298;603;12752;13330;4.22;0.26;401.18;20.81;1454;62;4581.00;578
11300;40;4891772;11300;611;12752;13330;4.15;0.25;401.19;20.81;1452;62;4582.00;578
11305;40;4891791;11305;621;12752;13330;4.07;0.25;401.25;20.81;1447;62;4583.00;578
11307;40;4891806;11307;630;12755;13334;4.06;0.25;401.34;20.81;1448;62;4584.00;579
11308;40;4891822;11308;639;12755;13334;3.99;0.24;401.36;20.81;1447;62;4585.00;579
11311;40;4891838;11311;641;12755;13334;3.95;0.24;401.46;20.81;1444;62;4586.00;579
11311;40;4891853;11311;651;12756;13335;3.93;0.24;401.46;20.80;1445;62;4587.00;579
11311;40;4891872;11311;657;12759;13339;3.92;0.24;401.46;20.80;1448;62;4588.00;580
11315;40;4891888;11315;656;12759;13339;3.88;0.24;401.53;20.80;1444;62;4589.00;580
11319;40;4891904;11319;663;12763;13345;3.84;0.24;401.51;20.79;1444;62;4590.00;582
11321;40;4891921;11321;663;12763;13345;3.80;0.23;401.58;20.79;1442;62;4591.00;582
11324;40;4891935;11324;668;12763;13345;3.77;0.23;401.62;20.79;1439;62;4592.00;582
11325;40;4891950;11325;682;12763;13345;3.73;0.23;401.67;20.79;1438;62;4593.00;582
11328;40;4891964;11328;680;12766;13349;3.71;0.23;401.70;20.79;1438;62;4594.00;583
11332;40;4891979;11332;686;12766;13349;3.69;0.23;401.74;20.79;1434;62;4595.00;583
11336;40;4891993;11336;691;12766;13349;3.63;0.22;401.75;20.79;1430;62;4596.00;583
11337;40;4892007;11337;703;12766;13349;3.60;0.22;401.73;20.79;1429;62;4597.00;583
11340;40;4892021;11340;694;12766;13350;3.56;0.22;401.69;20.79;1426;62;4598.00;584
11342;40;4892036;11342;705;12766;13351;3.51;0.22;401.66;20.79;1424;62;4599.00;585
11345;40;4892050;11345;705;12766;13351;3.46;0.21;401.66;20.79;1421;62;4600.00;585
11346;40;4892067;11346;706;12767;13352;3.45;0.21;401.72;20.79;1421;62;4601.00;585
11346;40;4892081;11346;713;12767;13352;3.43;0.21;401.72;20.79;1421;62;4602.00;585
11348;40;4892094;11348;706;12767;13352;3.40;0.21;401.67;20.79;1419;62;4603.00;585
11352;40;4892106;11352;706;12767;13352;3.38;0.21;401.72;20.79;1415;62;4604.00;585
11352;40;4892120;11352;702;12767;13352;3.41;0.21;401.72;20.79;1415;62;4605.00;585
11353;40;4892133;11353;696;12767;13352;3.42;0.21;401.70;20.79;1414;62;4606.00;585
11354;40;4892147;11354;690;12767;13352;3.43;0.21;401.67;20.79;1413;62;4607.00;585
11355;40;4892159;11355;698;12830;13479;3.69;0.23;401.70;20.68;1475;62;4608.00;649
11357;40;4892182;11357;697;12831;13480;3.67;0.23;401.67;20.68;1474;62;4609.00;649
11359;40;4892195;11359;692;12837;13480;3.66;0.23;401.72;20.67;1478;62;4610.00;643
11360;40;4892207;11360;687;12841;13480;3.62;0.23;401.69;20.67;1481;62;4611.00;639
11363;40;4892221;11363;689;12845;13480;3.60;0.23;401.65;20.66;1482;62;4612.00;635
11369;40;4892234;11369;686;12847;13480;3.54;0.22;401.61;20.66;1478;62;4613.00;633
11371;40;4892249;11371;689;12849;13480;3.53;0.22;401.56;20.66;1478;62;4614.00;631
11374;40;4892262;11374;687;12852;13480;3.52;0.22;401.58;20.66;1478;62;4615.00;628
11377;40;4892275;11377;682;12853;13481;3.47;0.21;401.54;20.65;1476;62;4616.00;628
11379;40;4892289;11379;688;12854;13482;3.41;0.21;401.53;20.65;1475;62;4617.00;628
11381;40;4892304;11381;688;12855;13482;3.35;0.21;401.52;20.65;1474;62;4618.00;627
11387;40;4892317;11387;699;12856;13483;3.26;0.20;401.47;20.65;1469;62;4619.00;627
11389;40;4892333;11389;685;12859;13483;3.24;0.20;401.48;20.65;1470;62;4620.00;624
11394;40;4892348;11394;694;12860;13483;3.18;0.20;401.46;20.65;1466;62;4621.00;623
11396;40;4892362;11396;682;12861;13483;3.13;0.19;401.43;20.65;1465;62;4622.00;622
11398;40;4892377;11398;676;12864;13487;3.11;0.19;401.43;20.65;1466;62;4623.00;623
11400;40;4892391;11400;656;12865;13487;3.10;0.19;401.51;20.64;1465;62;4624.00;622
11401;40;4892406;11401;651;12865;13487;3.11;0.19;401.49;20.64;1464;62;4625.00;622
11403;40;4892420;11403;638;12866;13490;3.12;0.19;401.47;20.64;1463;62;4626.00;624
11405;40;4892435;11405;627;12866;13490;3.15;0.19;401.46;20.64;1461;62;4627.00;624
11406;40;4892450;11406;614;12866;13490;3.21;0.20;401.47;20.64;1460;62;4628.00;624
11407;40;4892465;11407;600;12869;13494;3.31;0.20;401.54;20.64;1462;62;4629.00;625
11409;41;4892479;11409;580;12870;13495;3.35;0.20;401.51;20.64;1461;63;4630.00;625
11414;41;4892510;11414;571;12870;13495;3.39;0.21;401.54;20.64;1456;63;4631.00;625
11417;41;4892525;11417;563;12873;13499;3.45;0.21;401.49;20.63;1456;63;4632.00;626
11418;41;4892547;11418;566;12873;13499;3.52;0.21;401.49;20.63;1455;63;4633.00;626
11421;41;4892563;11421;572;12873;13499;3.60;0.22;401.48;20.63;1452;63;4634.00;626
11422;41;4892579;11422;562;12874;13501;3.68;0.22;401.48;20.63;1452;63;4635.00;627
11424;41;4892594;11424;556;12874;13501;3.75;0.23;401.47;20.63;1450;63;4636.00;627
11427;41;4892614;11427;544;12877;13507;3.80;0.23;401.51;20.63;1450;63;4637.00;630
11429;41;4892630;11429;547;12877;13507;3.86;0.23;401.47;20.63;1448;63;4638.00;630
11433;41;4892647;11433;533;12878;13508;3.88;0.23;401.39;20.63;1445;63;4639.00;630
11435;41;4892663;11435;528;12878;13508;3.94;0.24;401.35;20.63;1443;63;4640.00;630
11438;41;4892678;11438;520;12878;13508;3.95;0.24;401.36;20.63;1440;63;4641.00;630
11439;41;4892694;11439;514;12878;13508;3.95;0.24;401.34;20.63;1439;63;4642.00;630
11441;41;4892709;11441;512;12879;13508;3.96;0.24;401.31;20.76;1438;63;4643.00;629
11442;41;4892726;11442;506;12888;13520;4.01;0.24;401.29;20.75;1446;63;4644.00;632
11446;41;4892743;11446;507;12889;13520;4.00;0.24;401.22;20.75;1443;63;4645.00;631
11449;41;4892759;11449;506;12889;13520;3.98;0.24;401.19;20.75;1440;63;4646.00;631
11451;41;4892774;11451;507;12889;13520;4.01;0.24;401.19;20.75;1438;63;4647.00;631
11457;41;4892791;11457;512;12889;13520;4.00;0.24;401.09;20.75;1432;63;4648.00;631
11458;41;4892807;11458;514;12889;13520;4.04;0.25;401.09;20.75;1431;63;4649.00;631
11463;41;4892825;11463;517;12894;13526;4.05;0.25;401.11;20.74;1431;63;4650.00;632
11465;41;4892841;11465;514;12894;13526;4.08;0.25;401.14;20.74;1429;63;4651.00;632
11469;41;4892855;11469;517;12896;13530;4.08;0.25;401.18;20.74;1427;63;4652.00;634
11472;41;4892870;11472;522;12896;13531;4.12;0.25;401.31;20.74;1424;63;4653.00;635
11473;41;4892886;11473;519;12896;13531;4.17;0.25;401.35;20.74;1423;63;4654.00;635
11477;41;4892902;11477;518;12896;13531;4.18;0.25;401.36;20.74;1419;63;4655.00;635
11480;41;4892918;11480;517;12906;13544;4.26;0.26;401.36;20.72;1426;63;4656.00;638
11486;41;4892935;11486;509;12906;13544;4.27;0.26;401.42;20.72;1420;63;4657.00;638
11488;41;4892952;11488;516;12906;13544;4.30;0.26;401.43;20.72;1418;63;4658.00;638
11492;41;4892968;11492;509;12907;13545;4.35;0.26;401.42;20.72;1415;63;4659.00;638
11496;41;4892985;11496;500;12908;13546;4.35;0.26;401.61;20.74;1412;63;4660.00;638
11501;41;4893001;11501;498;12908;13546;4.34;0.26;401.66;20.74;1407;63;4661.00;638
11505;41;4893017;11505;501;12909;13549;4.28;0.26;401.78;20.74;1404;63;4662.00;640
11509;41;4893034;11509;507;12909;13549;4.20;0.26;401.93;20.74;1400;63;4663.00;640
11513;41;4893049;11513;506;12909;13549;4.12;0.25;402.05;20.74;1396;63;4664.00;640
11517;41;4893064;11517;515;12911;13549;4.06;0.25;402.06;20.78;1394;63;4665.00;638
11522;41;4893080;11522;525;12914;13555;3.98;0.24;402.20;20.77;1392;63;4666.00;641
11527;41;4893096;11527;516;12914;13555;3.96;0.24;402.47;20.77;1387;63;4667.00;641
11530;41;4893112;11530;519;12915;13555;3.96;0.24;402.46;20.79;1385;63;4668.00;640
11536;41;4893129;11536;522;12916;13555;3.97;0.24;402.52;20.81;1380;63;4669.00;639
11539;41;4893144;11539;521;12919;13559;4.04;0.25;402.51;20.81;1380;63;4670.00;640
11542;41;4893160;11542;520;12920;13560;4.06;0.25;402.62;20.83;1378;63;4671.00;640
11547;41;4893176;11547;508;12922;13560;4.07;0.25;402.67;20.87;1375;63;4672.00;638
11549;41;4893193;11549;512;12924;13561;4.11;0.25;402.71;20.89;1375;63;4673.00;637
11551;41;4893208;11551;510;12924;13561;4.12;0.25;402.85;20.89;1373;63;4674.00;637
11553;41;4893224;11553;517;12926;13561;4.12;0.25;402.94;20.93;1373;63;4675.00;635
11555;41;4893239;11555;500;12926;13561;4.12;0.25;402.92;20.93;1371;63;4676.00;635
11559;41;4893254;11559;478;12926;13561;4.13;0.25;403.11;20.93;1367;63;4677.00;635
11566;41;4893270;11566;476;12928;13561;4.09;0.25;403.18;20.97;1362;63;4678.00;633
11570;41;4893287;11570;470;12929;13561;4.08;0.25;403.34;20.97;1359;63;4679.00;632
11573;41;4893304;11573;491;12999;13686;4.19;0.26;403.41;20.85;1426;63;4680.00;687
11578;41;4893328;11578;489;13001;13687;4.21;0.26;403.64;20.85;1423;63;4681.00;686
11582;41;4893345;11582;474;13004;13687;4.23;0.26;403.78;20.87;1422;63;4682.00;683
11585;41;4893362;11585;480;13005;13687;4.26;0.26;403.93;20.87;1420;63;4683.00;682
11588;41;4893378;11588;477;13006;13687;4.32;0.26;404.01;20.86;1418;63;4684.00;681
11591;41;4893394;11591;477;13007;13687;4.36;0.27;404.12;20.86;1416;63;4685.00;680
11593;41;4893410;11593;484;13008;13687;4.41;0.27;404.16;20.86;1415;63;4686.00;679
11596;41;4893427;11596;487;13010;13687;4.41;0.27;404.18;20.86;1414;63;4687.00;677
11598;41;4893443;11598;480;13010;13688;4.40;0.27;404.21;20.86;1412;63;4688.00;678
11600;41;4893460;11600;484;13011;13689;4.41;0.27;404.26;20.88;1411;63;4689.00;678
11602;41;4893476;11602;487;13012;13689;4.38;0.27;404.27;20.88;1410;63;4690.00;677
11603;41;4893492;11603;495;13018;13693;4.40;0.27;404.28;20.89;1415;63;4691.00;675
11606;41;4893508;11606;482;13018;13693;4.39;0.27;404.27;20.89;1412;63;4692.00;675
11606;41;4893529;11606;490;13021;13693;4.36;0.27;404.27;20.89;1415;63;4693.00;672
11609;41;4893544;11609;489;13023;13693;4.34;0.27;404.38;20.91;1414;63;4694.00;670
11612;41;4893565;11612;499;13028;13699;4.34;0.26;404.47;20.93;1416;64;4695.00;671
11614;41;4893589;11614;505;13030;13699;4.32;0.26;404.47;20.95;1416;64;4696.00;669
11614;41;4893606;11614;508;13033;13699;4.33;0.26;404.47;20.96;1419;64;4697.00;666
11618;41;4893621;11618;510;13034;13702;4.32;0.26;404.45;20.96;1416;64;4698.00;668
11621;41;4893637;11621;514;13037;13702;4.32;0.26;404.52;21.00;1416;64;4699.00;665
11625;41;4893654;11625;513;13038;13702;4.30;0.26;404.57;21.00;1413;64;4700.00;664
11626;41;4893673;11626;522;13040;13703;4.31;0.26;404.59;21.01;1414;64;4701.00;663
11631;41;4893690;11631;526;13043;13704;4.28;0.26;404.67;21.03;1412;64;4702.00;661
11631;41;4893706;11631;531;13043;13704;4.29;0.26;404.67;21.03;1412;64;4703.00;661
11634;41;4893723;11634;538;13053;13717;4.26;0.26;404.73;21.03;1419;64;4704.00;664
11635;41;4893740;11635;537;13056;13717;4.26;0.26;404.73;21.05;1421;64;4705.00;661
11635;41;4893756;11635;539;13057;13717;4.29;0.26;404.73;21.06;1422;65;4706.00;660
11636;41;4893776;11636;549;13058;13718;4.31;0.26;404.77;21.08;1422;65;4707.00;660
11638;41;4893793;11638;546;13059;13718;4.36;0.27;404.77;21.10;1421;65;4708.00;659
11640;41;4893809;11640;542;13062;13722;4.36;0.27;404.88;21.11;1422;65;4709.00;660
11642;41;4893826;11642;538;13062;13722;4.34;0.26;404.94;21.11;1420;65;4710.00;660
11644;41;4893843;11644;533;13067;13726;4.31;0.26;404.98;21.12;1423;65;4711.00;659
11645;41;4893858;11645;532;13068;13726;4.33;0.26;404.96;21.14;1423;65;4712.00;658
11647;41;4893873;11647;529;13068;13726;4.29;0.26;405.00;21.14;1421;65;4713.00;658
11650;41;4893888;11650;531;13068;13726;4.27;0.26;405.15;21.14;1418;65;4714.00;658
11652;41;4893904;11652;526;13069;13726;4.23;0.26;405.15;21.16;1417;65;4715.00;657
11655;41;4893918;11655;513;13078;13738;4.18;0.26;405.18;21.14;1423;65;4716.00;660
11656;41;4893935;11656;515;13079;13738;4.16;0.25;405.19;21.16;1423;65;4717.00;659
11661;41;4893949;11661;510;13079;13738;4.15;0.25;405.21;21.16;1418;65;4718.00;659
11664;41;4893965;11664;515;13079;13738;4.16;0.25;405.23;21.16;1415;65;4719.00;659
11665;41;4893981;11665;517;13080;13738;4.17;0.25;405.20;21.18;1415;65;4720.00;658
11668;41;4893995;11668;525;13080;13738;4.15;0.25;405.22;21.18;1412;65;4721.00;658
11670;41;4894011;11670;519;13080;13739;4.17;0.26;405.25;21.18;1410;65;4722.00;659
11677;41;4894027;11677;523;13081;13739;4.13;0.25;405.32;21.20;1404;65;4723.00;658
11681;41;4894041;11681;520;13085;13745;4.11;0.25;405.28;21.19;1404;65;4724.00;660
11685;41;4894058;11685;517;13087;13747;4.11;0.25;405.32;21.21;1402;65;4725.00;660
11691;41;4894073;11691;514;13087;13747;4.03;0.25;405.45;21.21;1396;65;4726.00;660
11693;41;4894088;11693;517;13087;13747;4.05;0.25;405.47;21.21;1394;65;4727.00;660
11699;41;4894109;11699;516;13091;13751;4.02;0.25;405.52;21.22;1392;65;4728.00;660
11703;41;4894126;11703;518;13092;13751;3.97;0.24;405.58;21.34;1389;65;4729.00;659
11705;41;4894141;11705;522;13092;13751;3.95;0.24;405.60;21.34;1387;65;4730.00;659
11709;41;4894156;11709;526;13093;13752;3.95;0.24;405.66;21.34;1384;65;4731.00;659
11713;41;4894170;11713;535;13097;13756;3.94;0.24;405.73;21.35;1384;65;4732.00;659
11713;41;4894186;11713;542;13097;13756;3.97;0.24;405.73;21.35;1384;65;4733.00;659
11715;41;4894201;11715;546;13099;13759;3.96;0.24;405.80;21.37;1384;65;4734.00;660
11718;41;4894215;11718;547;13100;13759;3.93;0.24;405.91;21.39;1382;65;4735.00;659
11721;41;4894230;11721;545;13101;13759;3.89;0.24;405.86;21.41;1380;65;4736.00;658
11723;41;4894244;11723;543;13101;13759;3.85;0.23;405.88;21.41;1378;65;4737.00;658
11725;41;4894258;11725;548;13105;13763;3.83;0.23;405.92;21.42;1380;65;4738.00;658
11728;41;4894273;11728;542;13105;13763;3.81;0.23;405.96;21.42;1377;65;4739.00;658
11730;41;4894290;11730;545;13106;13763;3.77;0.23;405.95;21.44;1376;65;4740.00;657
11731;41;4894305;11731;553;13106;13763;3.72;0.23;405.98;21.44;1375;65;4741.00;657
11732;41;4894319;11732;558;13106;13764;3.71;0.23;406.04;21.44;1374;65;4742.00;658
11733;41;4894334;11733;552;13106;13765;3.68;0.23;406.06;21.44;1373;65;4743.00;659
11738;41;4894349;11738;559;13106;13765;3.59;0.22;405.94;21.44;1368;65;4744.00;659
11740;41;4894364;11740;550;13107;13766;3.58;0.22;405.97;21.44;1367;65;4745.00;659
11740;41;4894379;11740;559;13107;13766;3.55;0.22;405.97;21.44;1367;65;4746.00;659
11741;41;4894393;11741;561;13107;13766;3.52;0.22;405.94;21.44;1366;65;4747.00;659
11743;41;4894407;11743;568;13108;13766;3.46;0.21;405.98;21.56;1365;65;4748.00;658
11743;41;4894421;11743;563;13108;13766;3.46;0.21;405.98;21.56;1365;65;4749.00;658
11744;41;4894435;11744;571;13108;13766;3.42;0.21;405.95;21.56;1364;65;4750.00;658
11746;41;4894449;11746;573;13108;13766;3.39;0.21;405.99;21.56;1362;65;4751.00;658
11747;41;4894463;11747;604;13168;13893;3.68;0.23;405.98;21.46;1421;65;4752.00;725
11749;41;4894486;11749;591;13171;13894;3.65;0.23;406.04;21.58;1422;65;4753.00;723
11753;41;4894500;11753;591;13178;13894;3.69;0.23;406.03;21.57;1425;65;4754.00;716
11756;41;4894513;11756;591;13180;13894;3.68;0.23;406.02;21.56;1424;65;4755.00;714
11758;41;4894527;11758;598;13187;13894;3.68;0.23;406.01;21.79;1429;65;4756.00;707
11759;41;4894541;11759;598;13189;13894;3.66;0.23;405.98;21.79;1430;65;4757.00;705
11761;41;4894555;11761;603;13192;13894;3.69;0.23;405.98;21.79;1431;65;4758.00;702
11763;41;4894570;11763;602;13195;13894;3.66;0.23;405.97;22.02;1432;65;4759.00;699
11765;41;4894585;11765;606;13197;13895;3.68;0.23;405.94;22.02;1432;65;4760.00;698
11766;41;4894598;11766;617;13199;13896;3.72;0.23;405.94;22.02;1433;65;4761.00;697
11767;41;4894612;11767;621;13200;13896;3.76;0.24;405.93;22.02;1433;65;4762.00;696
11767;41;4894626;11767;623;13201;13897;3.76;0.24;405.93;22.02;1434;65;4763.00;696
11768;41;4894639;11768;622;13203;13897;3.74;0.23;405.93;22.01;1435;65;4764.00;694
11773;41;4894653;11773;628;13205;13897;3.65;0.23;405.87;22.01;1432;65;4765.00;692
11774;41;4894668;11774;639;13207;13897;3.62;0.23;405.88;22.01;1433;65;4766.00;690
11777;41;4894681;11777;641;13210;13901;3.58;0.22;405.86;22.01;1433;65;4767.00;691
11782;41;4894695;11782;653;13211;13901;3.50;0.22;405.90;22.01;1429;65;4768.00;690
11783;41;4894709;11783;663;13212;13901;3.45;0.21;405.87;22.01;1429;65;4769.00;689
11785;41;4894724;11785;664;13215;13907;3.43;0.21;405.86;22.00;1430;65;4770.00;692
11786;41;4894738;11786;648;13216;13907;3.45;0.21;405.84;22.00;1430;65;4771.00;691
11788;41;4894753;11788;641;13217;13907;3.43;0.21;405.83;22.00;1429;65;4772.00;690
11789;41;4894768;11789;631;13220;13911;3.51;0.22;405.82;21.99;1431;65;4773.00;691
11790;41;4894782;11790;629;13221;13912;3.54;0.22;405.80;21.99;1431;65;4774.00;691
11791;41;4894797;11791;626;13221;13912;3.56;0.22;405.85;21.99;1430;65;4775.00;691
11791;41;4894811;11791;623;13224;13916;3.61;0.22;405.85;21.99;1433;65;4776.00;692
11793;41;4894826;11793;620;13224;13916;3.63;0.22;405.80;21.99;1431;65;4777.00;692
11793;41;4894845;11793;621;13224;13916;3.64;0.22;405.80;21.99;1431;65;4778.00;692
11795;42;4894859;11795;620;13224;13917;3.63;0.22;405.78;21.99;1429;66;4779.00;693
11796;42;4894880;11796;619;13224;13917;3.65;0.22;405.86;21.99;1428;66;4780.00;693
11797;42;4894897;11797;623;13228;13923;3.68;0.23;405.84;21.98;1431;66;4781.00;695
11800;42;4894912;11800;629;13228;13923;3.63;0.22;405.83;21.98;1428;66;4782.00;695
11802;42;4894926;11802;626;13228;13924;3.62;0.22;405.86;21.98;1426;66;4783.00;696
11806;42;4894940;11806;625;13228;13924;3.58;0.22;405.81;21.98;1422;66;4784.00;696
11811;42;4894955;11811;614;13228;13924;3.51;0.21;405.85;21.98;1417;66;4785.00;696
11814;42;4894969;11814;606;13228;13924;3.49;0.21;405.82;21.98;1414;66;4786.00;696
11817;42;4894984;11817;613;13228;13924;3.46;0.21;405.81;21.98;1411;66;4787.00;696
11820;42;4894998;11820;592;13237;13936;3.52;0.21;405.76;21.97;1417;66;4788.00;699
11823;42;4895014;11823;577;13237;13936;3.58;0.22;405.69;21.97;1414;66;4789.00;699
11825;42;4895028;11825;566;13237;13936;3.59;0.22;405.65;21.97;1412;66;4790.00;699
11826;42;4895043;11826;566;13237;13936;3.63;0.22;405.63;21.97;1411;66;4791.00;699
11831;42;4895057;11831;562;13237;13936;3.64;0.22;405.74;21.97;1406;66;4792.00;699
11833;42;4895072;11833;557;13237;13936;3.71;0.22;405.72;21.97;1404;66;4793.00;699
11835;42;4895086;11835;557;13240;13940;3.75;0.23;405.69;21.96;1405;66;4794.00;700
11839;42;4895101;11839;551;13240;13940;3.77;0.23;405.66;21.96;1401;66;4795.00;700
11841;42;4895115;11841;550;13242;13944;3.82;0.23;405.70;21.96;1401;66;4796.00;702
11843;42;4895129;11843;543;13242;13945;3.86;0.23;405.66;21.96;1399;66;4797.00;703
11846;42;4895144;11846;536;13242;13945;3.89;0.24;405.75;21.96;1396;66;4798.00;703
11849;42;4895158;11849;530;13242;13945;3.95;0.24;405.87;21.96;1393;66;4799.00;703
11852;42;4895175;11852;530;13261;13986;4.01;0.24;406.03;21.93;1409;66;4800.00;725
11855;42;4895197;11855;525;13262;13986;4.07;0.25;406.01;21.92;1407;66;4801.00;724
11856;43;4895211;11856;530;13265;13986;4.18;0.25;405.98;21.92;1409;67;4802.00;721
11859;43;4895237;11859;524;13265;13987;4.26;0.26;406.09;21.92;1406;67;4803.00;722
11863;43;4895253;11863;520;13266;13988;4.29;0.26;406.22;21.92;1403;67;4804.00;722
11868;44;4895268;11868;517;13268;13988;4.33;0.26;406.31;21.92;1400;68;4805.00;720
11871;44;4895294;11871;508;13268;13991;4.37;0.26;406.37;21.92;1397;68;4806.00;723
11873;44;4895310;11873;501;13269;13991;4.41;0.27;406.36;21.92;1396;68;4807.00;722
11876;44;4895325;11876;501;13269;13991;4.43;0.27;406.57;21.92;1393;68;4808.00;722
11881;44;4895341;11881;500;13269;13991;4.42;0.27;406.71;21.92;1388;68;4809.00;722
11884;44;4895361;11884;493;13273;13997;4.40;0.27;406.83;21.91;1389;68;4810.00;724
11887;44;4895378;11887;491;13274;13997;4.42;0.27;406.96;21.91;1387;68;4811.00;723
11891;44;4895394;11891;493;13274;13997;4.42;0.27;406.99;21.91;1383;68;4812.00;723
11893;44;4895410;11893;495;13274;13997;4.42;0.27;407.14;21.91;1381;68;4813.00;723
11896;44;4895426;11896;491;13277;14001;4.44;0.27;407.14;21.90;1381;68;4814.00;724
11899;44;4895441;11899;485;13278;14003;4.47;0.27;407.18;21.90;1379;68;4815.00;725
11902;44;4895461;11902;482;13279;14003;4.46;0.27;407.29;21.90;1377;68;4816.00;724
11905;44;4895476;11905;478;13279;14004;4.47;0.27;407.35;21.90;1374;68;4817.00;725
11910;44;4895491;11910;485;13279;14004;4.43;0.27;407.40;21.90;1369;68;4818.00;725
11912;44;4895506;11912;483;13279;14004;4.48;0.27;407.41;21.90;1367;68;4819.00;725
11914;44;4895522;11914;483;13279;14004;4.50;0.27;407.48;21.90;1365;68;4820.00;725
11918;44;4895537;11918;482;13280;14004;4.50;0.27;407.50;21.93;1362;68;4821.00;724
11920;44;4895552;11920;486;13280;14004;4.52;0.28;407.54;21.93;1360;68;4822.00;724
11924;44;4895567;11924;486;13280;14004;4.55;0.28;407.66;21.93;1356;68;4823.00;724
11926;45;4895583;11926;507;13317;14074;4.58;0.28;407.77;21.87;1391;69;4824.00;757
11928;45;4895613;11928;505;13317;14075;4.59;0.28;407.80;21.87;1389;69;4825.00;758
11932;45;4895628;11932;505;13318;14075;4.63;0.28;408.09;21.86;1386;69;4826.00;757
11936;45;4895644;11936;500;13320;14075;4.61;0.28;408.14;21.92;1384;69;4827.00;755
11941;45;4895660;11941;501;13321;14077;4.63;0.28;408.18;21.91;1380;69;4828.00;756
11946;45;4895677;11946;500;13322;14077;4.61;0.28;408.37;21.91;1376;69;4829.00;755
11949;45;4895694;11949;494;13323;14077;4.59;0.28;408.38;21.94;1374;69;4830.00;754
11953;45;4895710;11953;496;13325;14077;4.54;0.28;408.44;22.11;1372;69;4831.00;752
11956;45;4895728;11956;492;13325;14078;4.52;0.28;408.44;22.11;1369;69;4832.00;753
11959;45;4895745;11959;484;13327;14079;4.48;0.27;408.55;22.14;1368;69;4833.00;752
11962;45;4895760;11962;489;13329;14079;4.46;0.27;408.62;22.16;1367;69;4834.00;750
11966;45;4895776;11966;495;13332;14083;4.44;0.27;408.64;22.16;1366;69;4835.00;751
11970;45;4895792;11970;497;13334;14083;4.43;0.27;408.75;22.20;1364;69;4836.00;749
11971;45;4895808;11971;501;13334;14083;4.46;0.27;408.84;22.20;1363;69;4837.00;749
11975;45;4895824;11975;500;13335;14083;4.46;0.27;409.00;22.21;1360;69;4838.00;748
11977;45;4895840;11977;508;13339;14089;4.49;0.27;409.04;22.23;1362;69;4839.00;750
11977;45;4895857;11977;509;13343;14089;4.50;0.27;409.04;22.25;1366;69;4840.00;746
11981;45;4895872;11981;508;13345;14089;4.51;0.27;409.13;22.28;1364;69;4841.00;744
11982;45;4895888;11982;492;13346;14092;4.50;0.27;409.13;22.28;1364;69;4842.00;746
11985;45;4895904;11985;492;13347;14092;4.51;0.27;409.16;22.28;1362;69;4843.00;745
11987;45;4895919;11987;489;13349;14092;4.54;0.28;409.20;22.30;1362;69;4844.00;743
11988;45;4895935;11988;485;13349;14093;4.54;0.28;409.24;22.30;1361;70;4845.00;744
11993;45;4895954;11993;491;13352;14094;4.48;0.27;409.24;22.32;1359;70;4846.00;742
11993;45;4895975;11993;498;13354;14094;4.53;0.28;409.24;22.32;1361;70;4847.00;740
11997;45;4895990;11997;494;13363;14107;4.52;0.27;409.40;22.31;1366;70;4848.00;744
12001;45;4896007;12001;491;13364;14107;4.48;0.27;409.47;22.31;1363;70;4849.00;743
12004;45;4896024;12004;489;13366;14107;4.49;0.27;409.49;22.46;1362;70;4850.00;741
12005;45;4896040;12005;499;13366;14108;4.52;0.28;409.49;22.46;1361;70;4851.00;742
12010;45;4896056;12010;498;13368;14108;4.51;0.27;409.58;22.46;1358;70;4852.00;740
12012;45;4896071;12012;495;13370;14112;4.52;0.28;409.60;22.45;1358;70;4853.00;742
12016;45;4896087;12016;499;13372;14112;4.54;0.28;409.60;22.45;1356;70;4854.00;740
12018;45;4896104;12018;499;13376;14116;4.56;0.28;409.57;22.45;1358;70;4855.00;740
12022;45;4896120;12022;494;13376;14116;4.58;0.28;409.61;22.45;1354;70;4856.00;740
12025;45;4896136;12025;502;13377;14116;4.57;0.28;409.73;22.45;1352;70;4857.00;739
12026;45;4896153;12026;494;13378;14116;4.57;0.28;409.76;22.45;1352;70;4858.00;738
12027;45;4896168;12027;495;13379;14116;4.60;0.28;409.77;22.45;1352;70;4859.00;737
12030;45;4896185;12030;501;13402;14150;4.67;0.29;409.88;22.42;1372;70;4860.00;748
12032;45;4896203;12032;501;13403;14150;4.72;0.29;409.87;22.42;1371;70;4861.00;747
12032;45;4896218;12032;493;13404;14150;4.76;0.29;409.87;22.42;1372;70;4862.00;746
12035;45;4896233;12035;481;13406;14150;4.78;0.29;409.95;22.56;1371;70;4863.00;744
12038;45;4896249;12038;481;13408;14150;4.77;0.29;410.01;22.56;1370;70;4864.00;742
12040;45;4896264;12040;485;13410;14150;4.75;0.29;409.96;22.56;1370;70;4865.00;740
12045;45;4896278;12045;487;13410;14151;4.64;0.28;410.05;22.56;1365;70;4866.00;741
12046;45;4896294;12046;500;13413;14151;4.63;0.28;410.11;22.73;1367;70;4867.00;738
12048;45;4896310;12048;507;13418;14157;4.57;0.28;410.11;22.73;1370;70;4868.00;739
12050;45;4896326;12050;511;13418;14158;4.51;0.28;410.16;22.73;1368;70;4869.00;740
12051;45;4896342;12051;518;13421;14158;4.49;0.27;410.17;22.75;1370;70;4870.00;737
12055;45;4896358;12055;527;13424;14158;4.47;0.27;410.21;22.77;1369;70;4871.00;734
12056;45;4896373;12056;530;13426;14162;4.44;0.27;410.24;22.77;1370;70;4872.00;736
12060;45;4896392;12060;538;13427;14162;4.39;0.27;410.39;22.77;1367;70;4873.00;735
12061;45;4896407;12061;540;13429;14162;4.39;0.27;410.43;22.81;1368;70;4874.00;733
12061;45;4896422;12061;548;13430;14163;4.39;0.27;410.43;22.81;1369;70;4875.00;733
12061;45;4896437;12061;542;13433;14167;4.43;0.27;410.43;22.81;1372;70;4876.00;734
12062;45;4896453;12062;545;13434;14167;4.41;0.27;410.48;22.83;1372;70;4877.00;733
12064;45;4896467;12064;545;13435;14170;4.39;0.27;410.51;22.83;1371;70;4878.00;735
12066;45;4896482;12066;551;13436;14170;4.37;0.27;410.47;22.97;1370;70;4879.00;734
12066;45;4896496;12066;542;13437;14170;4.37;0.27;410.47;23.00;1371;70;4880.00;733
12070;45;4896511;12070;546;13437;14170;4.36;0.27;410.50;23.00;1367;70;4881.00;733
12071;45;4896526;12071;536;13440;14174;4.41;0.27;410.47;22.99;1369;70;4882.00;734
12075;45;4896540;12075;528;13441;14174;4.46;0.27;410.52;23.02;1366;70;4883.00;733
12077;45;4896555;12077;523;13441;14174;4.54;0.28;410.56;23.02;1364;70;4884.00;733
12081;45;4896570;12081;532;13442;14174;4.57;0.28;410.50;23.04;1361;70;4885.00;732
12084;45;4896584;12084;526;13444;14175;4.59;0.28;410.51;23.09;1360;70;4886.00;731
12088;45;4896605;12088;527;13445;14176;4.65;0.28;410.59;23.11;1357;70;4887.00;731
12092;45;4896620;12092;535;13445;14176;4.65;0.28;410.65;23.11;1353;70;4888.00;731
12094;45;4896634;12094;536;13446;14177;4.65;0.28;410.70;23.11;1352;70;4889.00;731
12099;45;4896650;12099;531;13449;14177;4.65;0.28;410.69;23.38;1350;70;4890.00;728
12101;45;4896671;12101;541;13449;14177;4.65;0.28;410.67;23.38;1348;70;4891.00;728
12104;45;4896686;12104;542;13451;14177;4.63;0.28;410.77;23.55;1347;70;4892.00;726
12109;45;4896701;12109;546;13452;14177;4.60;0.28;410.69;23.57;1343;70;4893.00;725
12115;45;4896715;12115;546;13452;14177;4.55;0.28;410.67;23.57;1337;70;4894.00;725
12120;45;4896731;12120;543;13452;14177;4.45;0.27;410.69;23.57;1332;70;4895.00;725
12120;45;4896745;12120;570;13513;14304;4.63;0.29;410.69;23.49;1393;70;4896.00;791
12123;45;4896770;12123;564;13515;14305;4.57;0.28;410.76;23.49;1392;70;4897.00;790
12125;45;4896787;12125;558;13522;14305;4.53;0.28;410.70;23.48;1397;70;4898.00;783
12126;45;4896802;12126;560;13525;14305;4.52;0.28;410.67;23.47;1399;70;4899.00;780
12127;45;4896818;12127;556;13529;14305;4.52;0.28;410.65;23.47;1402;70;4900.00;776
12129;45;4896836;12129;558;13534;14305;4.50;0.28;410.68;23.60;1405;70;4901.00;771
12131;45;4896852;12131;561;13537;14305;4.48;0.28;410.67;23.59;1406;70;4902.00;768
12131;45;4896867;12131;568;13541;14305;4.49;0.28;410.67;23.59;1410;70;4903.00;764
12133;45;4896883;12133;568;13543;14306;4.45;0.27;410.62;23.59;1410;70;4904.00;763
12134;45;4896910;12134;572;13547;14308;4.37;0.27;410.61;23.58;1413;70;4905.00;761
12134;45;4896926;12134;579;13548;14308;4.33;0.27;410.61;23.58;1414;70;4906.00;760
12134;45;4896946;12134;574;13549;14309;4.29;0.26;410.61;23.58;1415;70;4907.00;760
12136;45;4896964;12136;582;13551;14309;4.25;0.26;410.65;23.60;1415;70;4908.00;758
12139;45;4896983;12139;579;13552;14309;4.18;0.26;410.63;23.60;1413;70;4909.00;757
12139;45;4897003;12139;587;13553;14309;4.13;0.26;410.63;23.60;1414;70;4910.00;756
12143;45;4897023;12143;592;13556;14313;4.09;0.25;410.67;23.60;1413;70;4911.00;757
12146;45;4897039;12146;602;13556;14313;4.03;0.25;410.72;23.60;1410;70;4912.00;757
12148;45;4897054;12148;609;13556;14313;3.98;0.24;410.73;23.60;1408;70;4913.00;757
12150;45;4897069;12150;617;13557;14316;3.95;0.24;410.72;23.59;1407;70;4914.00;759
12150;45;4897084;12150;636;13558;14316;3.93;0.24;410.72;23.72;1408;70;4915.00;758
12152;45;4897101;12152;645;13558;14316;3.92;0.24;410.76;23.72;1406;70;4916.00;758
12154;45;4897117;12154;645;13561;14320;3.91;0.24;410.73;23.71;1407;70;4917.00;759
12155;45;4897133;12155;643;13564;14321;3.91;0.24;410.73;23.86;1409;70;4918.00;757
12155;45;4897149;12155;638;13564;14321;3.93;0.24;410.73;23.86;1409;70;4919.00;757
12157;45;4897165;12157;637;13569;14326;3.99;0.24;410.68;23.98;1412;70;4920.00;757
12159;45;4897180;12159;637;13569;14326;3.99;0.24;410.70;23.98;1410;70;4921.00;757
12160;45;4897196;12160;640;13569;14326;4.03;0.25;410.74;23.98;1409;70;4922.00;757
12160;45;4897212;12160;652;13570;14327;4.06;0.25;410.74;24.10;1410;70;4923.00;757
12161;45;4897229;12161;650;13570;14327;4.10;0.25;410.75;24.10;1409;70;4924.00;757
12162;45;4897256;12162;651;13574;14333;4.16;0.26;410.73;24.09;1412;70;4925.00;759
12165;45;4897272;12165;653;13574;14333;4.15;0.26;410.71;24.09;1409;71;4926.00;759
12167;45;4897297;12167;652;13574;14334;4.14;0.25;410.67;24.09;1407;71;4927.00;760
12168;45;4897321;12168;658;13574;14334;4.16;0.26;410.65;24.09;1406;71;4928.00;760
12170;45;4897340;12170;664;13574;14334;4.15;0.25;410.60;24.09;1404;71;4929.00;760
12172;45;4897355;12172;655;13574;14334;4.15;0.25;410.60;24.09;1402;71;4930.00;760
12172;45;4897371;12172;655;13574;14334;4.15;0.25;410.60;24.09;1402;71;4931.00;760
12175;46;4897386;12175;656;13583;14346;4.11;0.25;410.62;24.08;1408;72;4932.00;763
12175;46;4897413;12175;661;13583;14346;4.09;0.25;410.62;24.08;1408;72;4933.00;763
12177;46;4897433;12177;659;13583;14346;4.06;0.25;410.61;24.08;1406;72;4934.00;763
12178;46;4897449;12178;657;13583;14346;4.07;0.25;410.66;24.08;1405;72;4935.00;763
12179;46;4897469;12179;653;13583;14346;4.06;0.25;410.67;24.08;1404;72;4936.00;763
12181;46;4897483;12181;648;13583;14346;4.05;0.25;410.70;24.08;1402;72;4937.00;763
12183;46;4897497;12183;655;13586;14350;4.05;0.25;410.71;24.07;1403;72;4938.00;764
12186;46;4897511;12186;650;13586;14350;4.02;0.25;410.68;24.07;1400;72;4939.00;764
12190;46;4897531;12190;641;13589;14354;4.02;0.25;410.59;24.07;1399;72;4940.00;765
12190;46;4897545;12190;644;13589;14355;4.04;0.25;410.59;24.07;1399;72;4941.00;766
12192;46;4897560;12192;644;13589;14355;4.05;0.25;410.69;24.07;1397;72;4942.00;766
12197;46;4897573;12197;642;13589;14355;3.99;0.24;410.70;24.07;1392;72;4943.00;766
12199;46;4897587;12199;640;13599;14368;3.97;0.24;410.78;24.05;1400;72;4944.00;769
12202;46;4897604;12202;631;13599;14368;3.96;0.24;410.81;24.05;1397;72;4945.00;769
12203;46;4897617;12203;631;13599;14368;3.99;0.24;410.79;24.05;1396;72;4946.00;769
12205;46;4897631;12205;629;13600;14369;4.01;0.24;410.78;24.05;1395;72;4947.00;769
12206;46;4897645;12206;630;13600;14370;4.02;0.25;410.75;24.05;1394;72;4948.00;770
12211;46;4897659;12211;635;13600;14370;3.97;0.24;410.93;24.05;1389;72;4949.00;770
12214;46;4897677;12214;613;13605;14379;3.97;0.24;410.88;24.04;1391;72;4950.00;774
12217;46;4897693;12217;598;13605;14379;4.00;0.24;410.98;24.04;1388;72;4951.00;774
12220;46;4897708;12220;595;13606;14379;4.05;0.25;411.11;24.04;1386;72;4952.00;773
12224;46;4897723;12224;582;13606;14379;4.11;0.25;411.13;24.04;1382;72;4953.00;773
12225;46;4897738;12225;585;13610;14385;4.20;0.26;411.15;24.03;1385;72;4954.00;775
12227;46;4897754;12227;577;13611;14385;4.26;0.26;411.18;24.03;1384;72;4955.00;774
12231;46;4897770;12231;573;13611;14385;4.30;0.26;411.28;24.03;1380;72;4956.00;774
12234;46;4897785;12234;560;13611;14385;4.37;0.27;411.34;24.03;1377;72;4957.00;774
12238;46;4897801;12238;555;13614;14389;4.42;0.27;411.38;24.02;1376;72;4958.00;775
12240;47;4897817;12240;545;13614;14390;4.49;0.27;411.38;24.02;1374;73;4959.00;776
12243;47;4897842;12243;542;13614;14390;4.54;0.28;411.45;24.02;1371;73;4960.00;776
12245;47;4897858;12245;525;13615;14391;4.61;0.28;411.47;24.02;1370;73;4961.00;776
12245;47;4897875;12245;523;13615;14391;4.66;0.29;411.47;24.02;1370;73;4962.00;776
12250;47;4897891;12250;518;13615;14391;4.67;0.29;411.68;24.02;1365;73;4963.00;776
12255;47;4897908;12255;510;13615;14391;4.70;0.29;411.71;24.02;1360;73;4964.00;776
12256;47;4897923;12256;505;13615;14391;4.76;0.29;411.75;24.02;1359;73;4965.00;776
12262;47;4897940;12262;505;13615;14391;4.83;0.30;411.75;24.02;1353;73;4966.00;776
12266;47;4897966;12266;494;13615;14391;4.88;0.30;411.79;24.02;1349;73;4967.00;776
12269;47;4897982;12269;493;13645;14461;5.04;0.31;411.80;23.97;1376;73;4968.00;816
12276;47;4898004;12276;489;13647;14462;5.09;0.31;412.04;23.97;1371;73;4969.00;815
12278;47;4898021;12278;480;13650;14462;5.15;0.32;412.00;23.96;1372;73;4970.00;812
12283;47;4898038;12283;475;13653;14462;5.21;0.32;412.21;23.96;1370;73;4971.00;809
12290;47;4898065;12290;476;13655;14462;5.20;0.32;412.43;23.95;1365;73;4972.00;807
12293;47;4898084;12293;464;13655;14462;5.20;0.32;412.48;23.95;1362;73;4973.00;807
12298;47;4898104;12298;470;13655;14462;5.19;0.32;412.60;23.95;1357;73;4974.00;807
12300;47;4898124;12300;470;13655;14462;5.22;0.32;412.63;23.95;1355;73;4975.00;807
12307;47;4898140;12307;463;13655;14463;5.20;0.32;412.61;23.95;1348;73;4976.00;808
12311;47;4898156;12311;462;13655;14464;5.18;0.32;412.81;23.95;1344;73;4977.00;809
12314;47;4898172;12314;464;13655;14464;5.18;0.32;412.84;23.95;1341;73;4978.00;809
12320;47;4898188;12320;462;13658;14468;5.19;0.32;412.91;23.95;1338;73;4979.00;810
12326;47;4898207;12326;464;13659;14468;5.17;0.32;412.94;23.95;1333;73;4980.00;809
12332;47;4898223;12332;460;13659;14468;5.17;0.32;413.20;23.95;1327;73;4981.00;809
12338;47;4898241;12338;459;13659;14468;5.18;0.32;413.42;23.95;1321;73;4982.00;809
12345;47;4898257;12345;459;13662;14474;5.22;0.32;413.43;23.94;1317;73;4983.00;812
12351;48;4898273;12351;458;13664;14474;5.24;0.32;413.56;23.94;1313;74;4984.00;810
12358;48;4898299;12358;459;13664;14474;5.26;0.32;413.57;23.94;1306;74;4985.00;810
12365;48;4898317;12365;456;13664;14477;5.27;0.32;413.80;23.94;1299;74;4986.00;813
12367;48;4898336;12367;458;13666;14477;5.27;0.32;413.92;24.08;1299;74;4987.00;811
12372;48;4898355;12372;454;13668;14477;5.25;0.32;413.99;24.11;1296;74;4988.00;809
12378;48;4898372;12378;459;13669;14478;5.23;0.32;414.17;24.11;1291;74;4989.00;809
12381;48;4898388;12381;456;13670;14479;5.21;0.32;414.15;24.11;1289;74;4990.00;809
12390;48;4898409;12390;455;13672;14479;5.09;0.31;414.38;24.14;1282;74;4991.00;807
12396;48;4898425;12396;461;13682;14492;5.03;0.30;414.49;24.15;1286;74;4992.00;810
12399;48;4898443;12399;453;13682;14492;4.99;0.30;414.52;24.15;1283;74;4993.00;810
12402;48;4898467;12402;464;13684;14492;4.97;0.30;414.55;24.18;1282;74;4994.00;808
12406;48;4898484;12406;468;13686;14494;5.00;0.30;414.54;24.21;1280;74;4995.00;808
12410;48;4898499;12410;462;13686;14494;5.03;0.31;414.58;24.21;1276;74;4996.00;808
12411;48;4898514;12411;463;13692;14498;5.08;0.31;414.56;24.24;1281;74;4997.00;806
12415;48;4898532;12415;463;13694;14498;5.06;0.31;414.57;24.27;1279;74;4998.00;804
12419;48;4898548;12419;460;13698;14502;5.07;0.31;414.66;24.29;1279;74;4999.00;804
12420;48;4898565;12420;461;13699;14502;5.06;0.31;414.67;24.29;1279;74;5000.00;803
12422;48;4898589;12422;464;13702;14502;5.07;0.31;414.77;24.35;1280;74;5001.00;800
12423;48;4898605;12423;469;13702;14502;5.06;0.31;414.77;24.35;1279;74;5002.00;800
12426;48;4898621;12426;471;13705;14502;5.06;0.31;414.88;24.37;1279;74;5003.00;797
12428;48;4898637;12428;477;13712;14514;5.08;0.31;414.95;24.39;1284;74;5004.00;802
12432;48;4898654;12432;485;13714;14514;5.05;0.31;415.05;24.42;1282;74;5005.00;800
12434;48;4898675;12434;475;13717;14514;5.05;0.31;415.06;24.45;1283;74;5006.00;797
12437;48;4898691;12437;472;13718;14514;5.05;0.31;415.05;24.47;1281;74;5007.00;796
12439;48;4898707;12439;473;13720;14514;5.10;0.31;415.17;24.50;1281;74;5008.00;794
12442;48;4898723;12442;470;13720;14514;5.11;0.31;415.35;24.50;1278;74;5009.00;794
12446;48;4898741;12446;469;13723;14515;5.09;0.31;415.47;24.56;1277;74;5010.00;792
12446;48;4898757;12446;470;13725;14515;5.14;0.31;415.47;24.61;1279;74;5011.00;790
12452;48;4898773;12452;470;13730;14521;5.14;0.31;415.55;24.60;1278;74;5012.00;791
12456;48;4898790;12456;477;13730;14522;5.12;0.31;415.57;24.60;1274;74;5013.00;792
12459;48;4898808;12459;472;13732;14522;5.09;0.31;415.60;24.63;1273;74;5014.00;790
12462;48;4898826;12462;479;13734;14522;5.07;0.31;415.81;24.68;1272;74;5015.00;788
12462;48;4898847;12462;488;13738;14526;5.08;0.31;415.81;24.82;1276;74;5016.00;788
12464;48;4898865;12464;479;13740;14526;5.06;0.31;415.85;24.88;1276;74;5017.00;786
12466;48;4898884;12466;479;13740;14526;5.08;0.31;415.84;24.88;1274;74;5018.00;786
12468;48;4898901;12468;476;13744;14527;5.10;0.31;415.84;25.08;1276;74;5019.00;783
12472;48;4898918;12472;476;13748;14531;5.07;0.31;415.91;25.10;1276;74;5020.00;783
12473;48;4898935;12473;467;13749;14531;5.09;0.31;415.93;25.13;1276;74;5021.00;782
12476;48;4898952;12476;464;13751;14534;5.11;0.31;415.90;25.15;1275;74;5022.00;783
12476;48;4898970;12476;471;13752;14534;5.11;0.31;415.90;25.18;1276;74;5023.00;782
12480;48;4898986;12480;471;13753;14534;5.08;0.31;415.94;25.21;1273;74;5024.00;781
12482;48;4899003;12482;476;13754;14534;5.11;0.31;415.93;25.23;1272;74;5025.00;780
12485;48;4899020;12485;474;13757;14538;5.08;0.31;416.01;25.23;1272;75;5026.00;781
12488;48;4899046;12488;478;13759;14538;5.09;0.31;416.05;25.28;1271;75;5027.00;779
12490;48;4899062;12490;480;13760;14538;5.05;0.31;416.11;25.31;1270;75;5028.00;778
12491;48;4899078;12491;480;13763;14538;4.99;0.30;416.16;25.39;1272;75;5029.00;775
12493;48;4899093;12493;494;13763;14539;4.97;0.30;416.18;25.39;1270;75;5030.00;776
12494;48;4899109;12494;495;13765;14540;4.95;0.30;416.15;25.45;1271;75;5031.00;775
12496;48;4899125;12496;504;13765;14540;4.90;0.30;416.16;25.45;1269;75;5032.00;775
12502;48;4899143;12502;512;13767;14541;4.87;0.30;416.12;25.47;1265;75;5033.00;774
12503;48;4899161;12503;517;13768;14541;4.85;0.29;416.09;25.50;1265;75;5034.00;773
12505;48;4899177;12505;525;13770;14541;4.81;0.29;416.10;25.55;1265;75;5035.00;771
12507;48;4899193;12507;530;13770;14541;4.75;0.29;416.06;25.55;1263;75;5036.00;771
12508;48;4899208;12508;537;13771;14541;4.73;0.29;416.07;25.58;1263;75;5037.00;770
12509;48;4899224;12509;543;13773;14541;4.69;0.29;416.07;25.63;1264;75;5038.00;768
12512;48;4899239;12512;544;13775;14541;4.65;0.28;416.07;25.68;1263;75;5039.00;766
12515;48;4899259;12515;606;13899;14771;4.70;0.30;416.03;25.50;1384;75;5040.00;872
12516;48;4899292;12516;587;13901;14772;4.68;0.29;416.01;25.66;1385;75;5041.00;871
12516;48;4899309;12516;568;13908;14772;4.73;0.30;416.01;25.68;1392;75;5042.00;864
12518;48;4899324;12518;560;13911;14772;4.77;0.30;415.96;25.67;1393;75;5043.00;861
12521;48;4899340;12521;547;13915;14772;4.82;0.30;415.94;25.67;1394;75;5044.00;857
12522;48;4899356;12522;540;13920;14772;4.87;0.30;415.90;25.71;1398;75;5045.00;852
12527;48;4899371;12527;532;13924;14772;4.90;0.31;415.87;25.73;1397;75;5046.00;848
12529;48;4899387;12529;524;13930;14772;4.95;0.31;415.84;25.78;1401;75;5047.00;842
12532;48;4899403;12532;523;13936;14773;4.98;0.31;415.83;25.82;1404;75;5048.00;837
12534;48;4899419;12534;525;13939;14774;5.04;0.31;415.78;25.81;1405;75;5049.00;835
12538;48;4899441;12538;532;13944;14774;5.02;0.31;415.78;25.86;1406;75;5050.00;830
12539;48;4899457;12539;526;13947;14775;5.04;0.31;415.75;25.86;1408;75;5051.00;828
12543;48;4899476;12543;529;13952;14775;5.02;0.31;415.80;25.90;1409;75;5052.00;823
12544;48;4899496;12544;527;13953;14775;5.01;0.31;415.83;25.90;1409;75;5053.00;822
12546;48;4899512;12546;529;13955;14775;4.94;0.31;415.79;25.92;1409;75;5054.00;820
12549;48;4899527;12549;541;13959;14779;4.90;0.30;415.87;26.05;1410;75;5055.00;820
12551;48;4899551;12551;546;13962;14779;4.82;0.30;415.83;26.09;1411;75;5056.00;817
12554;48;4899567;12554;547;13962;14779;4.77;0.29;415.78;26.09;1408;75;5057.00;817
12557;48;4899583;12557;555;13964;14782;4.72;0.29;415.75;26.12;1407;75;5058.00;818
12562;48;4899605;12562;560;13964;14782;4.66;0.29;415.80;26.12;1402;75;5059.00;818
12566;48;4899621;12566;565;13965;14782;4.58;0.28;415.77;26.14;1399;75;5060.00;817
12566;48;4899637;12566;578;13968;14786;4.54;0.28;415.77;26.13;1402;75;5061.00;818
12567;48;4899653;12567;583;13971;14787;4.51;0.28;415.82;26.15;1404;75;5062.00;816
12569;48;4899670;12569;591;13971;14787;4.45;0.27;415.90;26.15;1402;75;5063.00;816
12573;48;4899684;12573;599;13974;14791;4.37;0.27;415.80;26.17;1401;75;5064.00;817
12574;48;4899701;12574;597;13976;14791;4.36;0.27;415.89;26.17;1402;75;5065.00;815
12575;48;4899717;12575;595;13978;14791;4.36;0.27;415.88;26.19;1403;75;5066.00;813
12577;48;4899732;12577;592;13978;14792;4.34;0.27;415.90;26.19;1401;75;5067.00;814
12578;48;4899748;12578;591;13981;14792;4.34;0.27;415.92;26.22;1403;75;5068.00;811
12578;48;4899763;12578;593;13985;14798;4.40;0.27;415.92;26.21;1407;75;5069.00;813
12579;48;4899780;12579;589;13987;14798;4.41;0.27;415.89;26.23;1408;75;5070.00;811
12580;49;4899796;12580;587;13989;14799;4.46;0.27;415.86;26.25;1409;76;5071.00;810
12581;49;4899821;12581;593;13991;14799;4.46;0.27;415.90;26.27;1410;76;5072.00;808
12583;49;4899837;12583;596;13991;14799;4.44;0.27;415.89;26.27;1408;76;5073.00;808
12584;49;4899857;12584;597;13992;14799;4.44;0.27;415.87;26.27;1408;76;5074.00;807
12584;49;4899893;12584;598;13992;14799;4.48;0.28;415.87;26.27;1408;76;5075.00;807
12584;49;4899912;12584;597;14005;14811;4.55;0.28;415.87;26.35;1421;76;5076.00;806
12587;49;4899929;12587;597;14005;14811;4.56;0.28;415.81;26.35;1418;76;5077.00;806
12589;49;4899945;12589;598;14009;14811;4.59;0.28;415.77;26.37;1420;76;5078.00;802
12590;50;4899962;12590;599;14009;14811;4.60;0.28;415.76;26.37;1419;77;5079.00;802
12592;50;4899985;12592;606;14010;14811;4.60;0.28;415.79;26.37;1418;77;5080.00;801
12596;50;4900000;12596;607;14013;14811;4.60;0.28;415.71;26.52;1417;77;5081.00;798
12598;50;4900016;12598;602;14017;14815;4.60;0.28;415.69;26.52;1419;77;5082.00;798
12602;50;4900032;12602;605;14019;14815;4.64;0.28;415.61;26.56;1417;77;5083.00;796
12604;50;4900047;12604;606;14024;14819;4.69;0.29;415.63;26.68;1420;77;5084.00;795
12604;50;4900063;12604;607;14025;14821;4.66;0.28;415.63;26.68;1421;77;5085.00;796
12608;50;4900086;12608;607;14025;14821;4.62;0.28;415.73;26.68;1417;77;5086.00;796
12608;50;4900102;12608;615;14025;14821;4.64;0.28;415.73;26.68;1417;77;5087.00;796
12611;50;4900116;12611;620;14038;14834;4.58;0.28;415.73;26.97;1427;77;5088.00;796
12613;50;4900133;12613;625;14038;14834;4.55;0.28;415.71;26.97;1425;77;5089.00;796
12615;50;4900149;12615;618;14039;14834;4.51;0.28;415.66;26.97;1424;77;5090.00;795
12615;50;4900164;12615;624;14040;14835;4.52;0.28;415.66;26.96;1425;77;5091.00;795
12616;50;4900179;12616;632;14040;14836;4.51;0.28;415.64;26.96;1424;77;5092.00;796
12619;50;4900193;12619;633;14040;14836;4.50;0.28;415.68;26.96;1421;77;5093.00;796
12622;50;4900208;12622;634;14041;14839;4.49;0.27;415.69;26.96;1419;77;5094.00;798
12622;50;4900223;12622;637;14041;14839;4.50;0.27;415.69;26.96;1419;77;5095.00;798
12624;50;4900239;12624;644;14041;14839;4.49;0.27;415.79;26.96;1417;77;5096.00;798
12626;50;4900254;12626;640;14041;14839;4.51;0.28;415.77;26.96;1415;77;5097.00;798
12628;50;4900269;12628;640;14045;14845;4.55;0.28;415.73;26.96;1417;77;5098.00;800
12631;50;4900284;12631;630;14045;14845;4.57;0.28;415.68;26.96;1414;77;5099.00;800
12632;50;4900303;12632;630;14050;14864;4.56;0.28;415.79;26.95;1418;77;5100.00;814
12635;50;4900325;12635;628;14050;14864;4.59;0.28;415.90;26.95;1415;77;5101.00;814
12636;50;4900342;12636;623;14053;14868;4.59;0.28;416.02;26.94;1417;77;5102.00;815
12641;50;4900358;12641;617;14053;14869;4.60;0.28;416.15;26.94;1412;77;5103.00;816
12645;50;4900374;12645;618;14053;14869;4.62;0.28;416.07;26.94;1408;77;5104.00;816
12648;50;4900388;12648;619;14056;14870;4.64;0.28;416.03;26.94;1408;77;5105.00;814
12648;50;4900403;12648;614;14057;14870;4.64;0.28;416.03;26.93;1409;77;5106.00;813
12650;50;4900418;12650;613;14057;14870;4.68;0.28;415.99;26.93;1407;77;5107.00;813
12651;50;4900433;12651;612;14057;14870;4.69;0.29;415.98;26.93;1406;77;5108.00;813
12655;50;4900447;12655;610;14057;14870;4.75;0.29;416.14;26.93;1402;77;5109.00;813
12657;50;4900462;12657;599;14057;14870;4.81;0.29;416.17;26.93;1400;77;5110.00;813
12657;50;4900476;12657;604;14059;14870;4.86;0.30;416.17;26.93;1402;77;5111.00;811
12663;50;4900491;12663;616;14099;14940;4.89;0.30;416.26;26.85;1436;77;5112.00;841
12669;50;4900512;12669;609;14103;14941;4.86;0.30;416.27;26.85;1434;77;5113.00;838
12672;50;4900527;12672;606;14105;14941;4.85;0.30;416.29;26.84;1433;77;5114.00;836
12676;50;4900542;12676;596;14105;14941;4.84;0.30;416.28;26.84;1429;77;5115.00;836
12680;50;4900558;12680;581;14106;14941;4.84;0.30;416.43;26.84;1426;77;5116.00;835
12684;50;4900573;12684;578;14108;14941;4.89;0.30;416.47;26.84;1424;77;5117.00;833
12690;50;4900590;12690;576;14108;14941;4.88;0.30;416.64;26.84;1418;77;5118.00;833
12696;50;4900611;12696;575;14108;14941;4.92;0.30;416.81;26.84;1412;77;5119.00;833
12698;50;4900627;12698;572;14108;14942;4.92;0.30;416.92;26.84;1410;77;5120.00;834
12701;50;4900643;12701;571;14110;14943;4.91;0.30;416.98;26.84;1409;77;5121.00;833
12703;50;4900658;12703;569;14110;14943;4.92;0.30;417.00;26.84;1407;77;5122.00;833
12707;50;4900674;12707;564;14115;14947;4.91;0.30;417.10;26.83;1408;77;5123.00;832
12712;50;4900691;12712;554;14116;14947;4.89;0.30;417.31;26.83;1404;77;5124.00;831
12715;50;4900708;12715;548;14116;14947;4.90;0.30;417.41;26.83;1401;77;5125.00;831
12720;50;4900725;12720;542;14116;14947;4.88;0.30;417.59;26.83;1396;77;5126.00;831
12723;50;4900740;12723;540;14120;14953;4.89;0.30;417.73;26.83;1397;77;5127.00;833
12724;50;4900756;12724;530;14120;14953;4.90;0.30;417.74;26.83;1396;77;5128.00;833
12728;50;4900772;12728;537;14122;14953;4.88;0.30;417.87;26.83;1394;77;5129.00;831
12732;50;4900789;12732;536;14124;14959;4.84;0.29;417.90;26.82;1392;77;5130.00;835
12736;50;4900806;12736;530;14126;14959;4.82;0.29;417.95;26.82;1390;77;5131.00;833
12737;50;4900821;12737;529;14126;14959;4.81;0.29;418.09;26.82;1389;77;5132.00;833
12744;50;4900837;12744;535;14127;14960;4.79;0.29;418.21;26.82;1383;77;5133.00;833
12745;50;4900853;12745;535;14130;14961;4.84;0.29;418.18;26.82;1385;77;5134.00;831
12751;50;4900870;12751;526;14131;14961;4.82;0.29;418.33;26.82;1380;77;5135.00;830
12754;50;4900887;12754;520;14139;14974;4.83;0.29;418.46;26.80;1385;77;5136.00;835
12755;50;4900904;12755;519;14141;14974;4.83;0.29;418.49;26.80;1386;77;5137.00;833
12760;50;4900920;12760;522;14141;14974;4.77;0.29;418.52;26.80;1381;77;5138.00;833
12763;50;4900937;12763;521;14141;14975;4.73;0.29;418.72;26.80;1378;77;5139.00;834
12765;50;4900953;12765;521;14144;14975;4.70;0.28;418.70;26.80;1379;77;5140.00;831
12770;50;4900972;12770;522;14147;14979;4.67;0.28;418.89;26.79;1377;77;5141.00;832
12777;50;4900989;12777;526;14147;14979;4.66;0.28;418.96;26.79;1370;77;5142.00;832
12779;50;4901007;12779;533;14151;14983;4.70;0.28;418.93;26.79;1372;77;5143.00;832
12784;50;4901024;12784;530;14151;14983;4.68;0.28;418.89;26.79;1367;77;5144.00;832
12789;50;4901041;12789;522;14151;14983;4.65;0.28;419.07;26.79;1362;77;5145.00;832
12797;50;4901058;12797;526;14151;14983;4.62;0.28;419.27;26.79;1354;77;5146.00;832
12798;50;4901074;12798;525;14151;14983;4.62;0.28;419.28;26.79;1353;77;5147.00;832
12802;50;4901091;12802;528;14160;14995;4.66;0.28;419.32;26.77;1358;77;5148.00;835
12805;50;4901111;12805;538;14160;14995;4.64;0.28;419.37;26.77;1355;77;5149.00;835
12808;50;4901127;12808;530;14160;14995;4.57;0.28;419.50;26.77;1352;77;5150.00;835
12811;50;4901142;12811;542;14161;14995;4.50;0.27;419.47;26.80;1350;77;5151.00;834
12813;50;4901157;12813;556;14161;14995;4.47;0.27;419.50;26.80;1348;77;5152.00;834
12816;50;4901172;12816;562;14161;14995;4.43;0.27;419.57;26.80;1345;77;5153.00;834
12818;50;4901187;12818;569;14163;14996;4.40;0.27;419.60;26.85;1345;77;5154.00;833
12820;50;4901202;12820;565;14165;14998;4.34;0.26;419.60;26.84;1345;77;5155.00;833
12822;50;4901217;12822;566;14169;15004;4.30;0.26;419.62;26.84;1347;77;5156.00;835
12825;50;4901233;12825;563;14171;15005;4.24;0.26;419.69;26.89;1346;77;5157.00;834
12826;50;4901248;12826;564;14171;15005;4.20;0.25;419.80;26.89;1345;77;5158.00;834
12831;50;4901262;12831;572;14171;15005;4.09;0.25;419.72;26.89;1340;77;5159.00;834
12832;50;4901279;12832;591;14176;15010;4.06;0.25;419.75;26.91;1344;77;5160.00;834
12836;50;4901294;12836;599;14177;15010;3.99;0.24;419.94;26.94;1341;77;5161.00;833
12836;50;4901309;12836;595;14178;15010;3.93;0.24;419.94;26.96;1342;77;5162.00;832
12840;50;4901323;12840;592;14180;15011;3.89;0.24;419.98;26.99;1340;77;5163.00;831
12843;50;4901338;12843;590;14183;15015;3.87;0.23;420.02;26.98;1340;77;5164.00;832
12845;50;4901354;12845;595;14184;15015;3.85;0.23;420.04;27.01;1339;77;5165.00;831
12846;50;4901368;12846;599;14186;15018;3.92;0.24;420.09;27.03;1340;77;5166.00;832
12849;50;4901384;12849;598;14187;15018;3.95;0.24;420.06;27.06;1338;77;5167.00;831
12850;50;4901399;12850;604;14188;15018;4.01;0.24;420.05;27.09;1338;77;5168.00;830
12853;50;4901413;12853;605;14188;15018;4.03;0.24;420.08;27.09;1335;77;5169.00;830
12855;50;4901428;12855;606;14193;15022;4.08;0.25;420.04;27.14;1338;77;5170.00;829
12858;50;4901442;12858;593;14193;15022;4.11;0.25;420.20;27.14;1335;77;5171.00;829
12858;50;4901461;12858;588;14193;15022;4.15;0.25;420.20;27.14;1335;77;5172.00;829
12860;50;4901488;12860;584;14195;15022;4.17;0.25;420.26;27.19;1335;77;5173.00;827
12864;50;4901506;12864;578;14195;15023;4.15;0.25;420.31;27.19;1331;77;5174.00;828
12864;50;4901522;12864;582;14197;15025;4.19;0.25;420.31;27.21;1333;77;5175.00;828
12867;50;4901538;12867;580;14199;15025;4.22;0.26;420.35;27.26;1332;77;5176.00;826
12868;50;4901556;12868;579;14200;15026;4.27;0.26;420.37;27.26;1332;77;5177.00;826
12870;50;4901571;12870;585;14202;15026;4.32;0.26;420.48;27.31;1332;77;5178.00;824
12873;50;4901587;12873;585;14202;15026;4.33;0.26;420.53;27.31;1329;77;5179.00;824
12874;50;4901602;12874;595;14204;15026;4.35;0.26;420.54;27.36;1330;77;5180.00;822
12876;50;4901617;12876;592;14205;15026;4.31;0.26;420.52;27.39;1329;77;5181.00;821
12879;50;4901632;12879;591;14206;15026;4.32;0.26;420.60;27.41;1327;77;5182.00;820
12881;50;4901647;12881;589;14206;15026;4.30;0.26;420.59;27.41;1325;77;5183.00;820
12883;50;4901662;12883;612;14272;15153;4.51;0.28;420.57;27.34;1389;77;5184.00;881
12884;50;4901689;12884;605;14274;15154;4.54;0.28;420.55;27.33;1390;77;5185.00;880
12886;50;4901704;12886;602;14284;15154;4.61;0.29;420.57;27.36;1398;77;5186.00;870
12888;50;4901720;12888;601;14289;15154;4.66;0.29;420.61;27.38;1401;77;5187.00;865
12891;50;4901736;12891;597;14293;15154;4.67;0.29;420.59;27.40;1402;77;5188.00;861
12891;50;4901751;12891;598;14296;15154;4.66;0.29;420.59;27.42;1405;77;5189.00;858
12893;50;4901768;12893;604;14299;15154;4.67;0.29;420.66;27.44;1406;77;5190.00;855
12893;50;4901783;12893;604;14302;15154;4.66;0.29;420.66;27.49;1409;77;5191.00;852
12895;50;4901802;12895;609;14304;15155;4.64;0.29;420.72;27.48;1409;77;5192.00;851
12899;50;4901818;12899;609;14307;15156;4.58;0.28;420.72;27.53;1408;77;5193.00;849
12901;50;4901834;12901;611;14308;15156;4.50;0.28;420.70;27.53;1407;77;5194.00;848
12902;50;4901848;12902;613;14312;15157;4.46;0.28;420.69;27.57;1410;77;5195.00;845
12904;50;4901863;12904;627;14313;15157;4.41;0.27;420.79;27.57;1409;77;5196.00;844
12908;50;4901879;12908;623;14316;15157;4.35;0.27;420.71;27.62;1408;77;5197.00;841
12911;50;4901894;12911;630;14317;15157;4.34;0.27;420.69;27.62;1406;77;5198.00;840
12913;50;4901908;12913;635;14321;15161;4.30;0.27;420.72;27.63;1408;77;5199.00;840
12914;50;4901925;12914;643;14322;15161;4.31;0.27;420.73;27.63;1408;77;5200.00;839
12917;50;4901943;12917;638;14324;15161;4.29;0.26;420.80;27.65;1407;77;5201.00;837
12918;50;4901960;12918;650;14326;15164;4.33;0.27;420.86;27.67;1408;77;5202.00;838
12919;50;4901975;12919;651;14326;15164;4.34;0.27;420.95;27.67;1407;77;5203.00;838
12922;50;4901991;12922;649;14327;15164;4.38;0.27;420.96;27.70;1405;77;5204.00;837
12925;50;4902007;12925;640;14332;15168;4.38;0.27;420.98;27.73;1407;77;5205.00;836
12928;50;4902024;12928;638;14333;15169;4.40;0.27;420.90;27.73;1405;77;5206.00;836
12929;50;4902039;12929;629;14334;15169;4.40;0.27;420.91;27.75;1405;77;5207.00;835
12929;50;4902055;12929;621;14337;15173;4.41;0.27;420.91;27.77;1408;77;5208.00;836
12932;50;4902071;12932;618;14338;15173;4.39;0.27;420.93;27.79;1406;77;5209.00;835
12936;50;4902087;12936;612;14340;15173;4.34;0.27;420.91;27.81;1404;77;5210.00;833
12936;50;4902102;12936;607;14342;15174;4.35;0.27;420.91;27.97;1406;77;5211.00;832
12937;50;4902119;12937;588;14344;15174;4.36;0.27;420.88;28.02;1407;77;5212.00;830
12941;50;4902135;12941;571;14348;15180;4.42;0.27;420.77;28.01;1407;77;5213.00;832
12947;50;4902151;12947;568;14348;15180;4.47;0.27;420.74;28.01;1401;77;5214.00;832
12952;50;4902167;12952;560;14350;15180;4.51;0.28;420.70;28.05;1398;77;5215.00;830
12953;50;4902183;12953;550;14352;15181;4.56;0.28;420.71;28.09;1399;77;5216.00;829
12958;50;4902198;12958;549;14352;15181;4.57;0.28;420.61;28.09;1394;77;5217.00;829
12960;50;4902213;12960;551;14354;15181;4.61;0.28;420.62;28.13;1394;77;5218.00;827
12962;50;4902228;12962;548;14355;15181;4.65;0.28;420.60;28.15;1393;77;5219.00;826
12964;50;4902249;12964;540;14379;15217;4.73;0.29;420.58;28.40;1415;77;5220.00;838
12966;50;4902282;12966;535;14381;15217;4.78;0.29;420.56;28.42;1415;77;5221.00;836
12967;50;4902303;12967;534;14385;15217;4.83;0.30;420.66;28.44;1418;77;5222.00;832
12973;50;4902320;12973;536;14387;15217;4.79;0.29;420.55;28.45;1414;77;5223.00;830
12978;50;4902337;12978;532;14389;15217;4.78;0.29;420.46;28.47;1411;77;5224.00;828
12981;50;4902355;12981;534;14390;15217;4.82;0.29;420.55;28.49;1409;77;5225.00;827
12981;50;4902380;12981;537;14395;15221;4.84;0.29;420.55;28.51;1414;77;5226.00;826
12981;50;4902396;12981;538;14396;15221;4.82;0.29;420.55;28.53;1415;77;5227.00;825
12981;50;4902412;12981;539;14402;15225;4.83;0.29;420.55;28.56;1421;77;5228.00;823
12985;50;4902429;12985;543;14402;15226;4.81;0.29;420.51;28.56;1417;77;5229.00;824
12985;50;4902445;12985;542;14403;15226;4.84;0.29;420.51;28.58;1418;77;5230.00;823
12987;50;4902461;12987;549;14404;15226;4.86;0.29;420.47;28.60;1417;77;5231.00;822
12989;50;4902477;12989;559;14414;15239;4.87;0.30;420.55;28.58;1425;77;5232.00;825
12990;50;4902495;12990;561;14415;15239;4.86;0.30;420.57;28.60;1425;77;5233.00;824
12992;50;4902512;12992;562;14415;15239;4.88;0.30;420.57;28.60;1423;77;5234.00;824
12995;50;4902527;12995;568;14416;15240;4.88;0.30;420.67;28.60;1421;77;5235.00;824
12997;50;4902543;12997;570;14418;15241;4.89;0.30;420.67;28.64;1421;77;5236.00;823
12999;50;4902559;12999;578;14418;15241;4.85;0.29;420.70;28.64;1419;77;5237.00;823
13002;50;4902575;13002;582;14419;15244;4.82;0.29;420.80;28.64;1417;77;5238.00;825
13006;50;4902591;13006;587;14421;15244;4.77;0.29;420.76;28.68;1415;77;5239.00;823
13008;50;4902631;13008;594;14421;15244;4.73;0.29;420.76;28.68;1413;77;5240.00;823
13011;50;4902649;13011;610;14422;15244;4.67;0.28;420.84;28.71;1411;77;5241.00;822
13012;50;4902664;13012;616;14426;15250;4.68;0.29;420.87;28.70;1414;77;5242.00;824
13017;50;4902680;13017;629;14426;15250;4.65;0.28;421.05;28.70;1409;77;5243.00;824
13018;50;4902695;13018;635;14428;15250;4.59;0.28;421.02;28.74;1410;77;5244.00;822
13019;50;4902711;13019;642;14428;15250;4.55;0.28;421.01;28.74;1409;77;5245.00;822
13022;50;4902727;13022;649;14432;15254;4.50;0.27;421.07;28.87;1410;77;5246.00;822
13022;50;4902742;13022;656;14432;15255;4.53;0.28;421.07;28.87;1410;77;5247.00;823
13024;51;4902758;13024;662;14432;15255;4.53;0.28;421.15;28.87;1408;78;5248.00;823
13026;51;4902783;13026;659;14434;15256;4.56;0.28;421.18;29.01;1408;78;5249.00;822
13029;51;4902799;13029;654;14434;15256;4.58;0.28;421.17;29.01;1405;78;5250.00;822
13031;51;4902813;13031;661;14434;15256;4.56;0.28;421.13;29.01;1403;78;5251.00;822
13035;51;4902828;13035;661;14435;15256;4.57;0.28;421.28;29.14;1400;78;5252.00;821
13037;51;4902843;13037;671;14435;15256;4.57;0.28;421.38;29.14;1398;78;5253.00;821
13040;51;4902857;13040;673;14435;15256;4.58;0.28;421.45;29.14;1395;78;5254.00;821
13042;51;4902872;13042;671;14436;15256;4.59;0.28;421.46;29.28;1394;78;5255.00;820
13044;51;4902887;13044;679;14473;15326;4.70;0.29;421.49;29.21;1429;78;5256.00;853
13046;51;4902908;13046;674;14477;15327;4.71;0.29;421.58;29.20;1431;78;5257.00;850
13047;51;4902923;13047;670;14485;15327;4.71;0.29;421.59;29.32;1438;78;5258.00;842
13049;51;4902939;13049;669;14486;15327;4.71;0.29;421.71;29.32;1437;78;5259.00;841
13052;51;4902956;13052;664;14489;15327;4.67;0.29;421.79;29.59;1437;78;5260.00;838
13053;51;4902972;13053;665;14490;15327;4.62;0.28;421.83;29.59;1437;78;5261.00;837
13054;51;4902988;13054;668;14493;15327;4.61;0.28;421.82;29.86;1439;78;5262.00;834
13057;51;4903004;13057;675;14494;15327;4.56;0.28;421.83;29.85;1437;78;5263.00;833
13059;51;4903019;13059;668;14495;15328;4.54;0.28;421.78;29.85;1436;79;5264.00;833
13062;51;4903039;13062;677;14497;15330;4.55;0.28;421.73;29.85;1435;79;5265.00;833
13063;51;4903056;13063;667;14498;15330;4.56;0.28;421.75;29.85;1435;79;5266.00;832
13066;51;4903078;13066;670;14501;15334;4.53;0.28;421.69;29.84;1435;79;5267.00;833
13067;51;4903094;13067;666;14501;15334;4.57;0.28;421.66;29.84;1434;79;5268.00;833
13071;51;4903111;13071;667;14501;15334;4.56;0.28;421.67;29.84;1430;79;5269.00;833
13073;51;4903126;13073;670;14501;15334;4.53;0.28;421.73;29.84;1428;79;5270.00;833
13075;51;4903143;13075;663;14505;15340;4.53;0.28;421.80;29.83;1430;79;5271.00;835
13077;51;4903159;13077;661;14505;15340;4.53;0.28;421.76;29.83;1428;79;5272.00;835
13079;51;4903175;13079;666;14505;15340;4.52;0.28;421.75;29.83;1426;79;5273.00;835
13082;51;4903193;13082;662;14506;15343;4.48;0.27;421.78;29.83;1424;79;5274.00;837
13085;51;4903210;13085;667;14506;15343;4.47;0.27;421.89;29.83;1421;79;5275.00;837
13086;51;4903225;13086;673;14506;15343;4.42;0.27;421.89;29.83;1420;79;5276.00;837
13092;51;4903240;13092;679;14506;15344;4.34;0.26;421.92;29.83;1414;79;5277.00;838
13095;51;4903255;13095;678;14507;15345;4.32;0.26;422.00;29.83;1412;79;5278.00;838
13100;51;4903270;13100;685;14507;15345;4.28;0.26;422.06;29.83;1407;79;5279.00;838
13104;51;4903287;13104;678;14524;15371;4.30;0.26;422.13;29.79;1420;79;5280.00;847
13106;51;4903305;13106;665;14524;15371;4.30;0.26;422.22;29.79;1418;79;5281.00;847
13107;51;4903324;13107;663;14527;15371;4.37;0.27;422.25;29.79;1420;79;5282.00;844
13112;51;4903343;13112;662;14528;15372;4.40;0.27;422.27;29.79;1416;79;5283.00;844
13116;51;4903361;13116;660;14528;15372;4.39;0.27;422.22;29.79;1412;79;5284.00;844
13119;51;4903377;13119;661;14531;15376;4.39;0.27;422.22;29.78;1412;79;5285.00;845
13126;51;4903394;13126;661;14531;15376;4.34;0.26;422.22;29.78;1405;79;5286.00;845
13131;51;4903409;13131;659;14534;15379;4.28;0.26;422.36;29.77;1403;79;5287.00;845
13133;51;4903425;13133;654;14534;15380;4.26;0.26;422.35;29.77;1401;79;5288.00;846
13136;51;4903441;13136;658;14534;15380;4.22;0.26;422.53;29.77;1398;79;5289.00;846
13138;51;4903456;13138;660;14534;15380;4.19;0.25;422.55;29.77;1396;79;5290.00;846
13141;51;4903471;13141;662;14534;15380;4.20;0.26;422.59;29.77;1393;79;5291.00;846
13145;51;4903486;13145;660;14543;15392;4.29;0.26;422.67;29.76;1398;79;5292.00;849
13147;51;4903503;13147;665;14543;15392;4.34;0.26;422.77;29.76;1396;79;5293.00;849
13150;51;4903518;13150;659;14543;15392;4.32;0.26;422.75;29.76;1393;79;5294.00;849
13155;51;4903534;13155;656;14543;15392;4.33;0.26;422.84;29.76;1388;79;5295.00;849
13157;51;4903550;13157;656;14543;15392;4.32;0.26;422.88;29.76;1386;79;5296.00;849
13161;51;4903564;13161;657;14543;15392;4.33;0.26;422.94;29.76;1382;79;5297.00;849
13164;51;4903579;13164;664;14543;15393;4.28;0.26;422.94;29.76;1379;79;5298.00;850
13170;51;4903594;13170;662;14543;15393;4.20;0.26;422.97;29.76;1373;79;5299.00;850
13175;51;4903610;13175;661;14547;15399;4.14;0.25;423.03;29.75;1372;79;5300.00;852
13177;51;4903634;13177;653;14547;15400;4.10;0.25;423.02;29.75;1370;79;5301.00;853
13182;51;4903649;13182;657;14547;15400;4.07;0.25;423.11;29.75;1365;79;5302.00;853
13185;51;4903663;13185;657;14547;15400;4.05;0.25;423.09;29.75;1362;79;5303.00;853
13190;51;4903678;13190;661;14550;15404;4.02;0.24;423.39;29.74;1360;79;5304.00;854
13193;51;4903693;13193;649;14550;15404;4.01;0.24;423.37;29.74;1357;79;5305.00;854
13197;51;4903708;13197;651;14550;15404;3.97;0.24;423.66;29.74;1353;79;5306.00;854
13203;51;4903722;13203;650;14551;15405;3.91;0.24;423.72;29.74;1348;79;5307.00;854
13205;51;4903736;13205;649;14554;15409;3.93;0.24;423.82;29.73;1349;79;5308.00;855
13209;51;4903751;13209;643;14554;15409;3.92;0.24;423.85;29.73;1345;79;5309.00;855
13213;51;4903766;13213;647;14559;15415;3.91;0.24;423.91;29.75;1346;79;5310.00;856
13217;51;4903782;13217;656;14559;15415;3.90;0.24;423.96;29.75;1342;79;5311.00;856
13222;51;4903796;13222;659;14559;15415;3.88;0.24;424.00;29.75;1337;79;5312.00;856
13228;51;4903810;13228;659;14559;15415;3.85;0.23;424.27;29.75;1331;79;5313.00;856
13230;51;4903824;13230;669;14562;15419;3.88;0.24;424.41;29.74;1332;79;5314.00;857
13235;51;4903838;13235;671;14562;15419;3.86;0.23;424.47;29.74;1327;79;5315.00;857
13239;51;4903852;13239;666;14562;15419;3.82;0.23;424.55;29.74;1323;79;5316.00;857
13240;51;4903872;13240;672;14563;15419;3.80;0.23;424.56;29.77;1323;79;5317.00;856
13243;51;4903886;13243;671;14563;15420;3.80;0.23;424.52;29.77;1320;79;5318.00;857
13247;51;4903900;13247;664;14564;15421;3.78;0.23;424.51;29.79;1317;79;5319.00;857
13250;51;4903914;13250;664;14564;15421;3.78;0.23;424.53;29.79;1314;79;5320.00;857
13253;51;4903928;13253;670;14566;15422;3.75;0.23;424.64;29.81;1313;79;5321.00;856
13253;51;4903942;13253;673;14566;15422;3.74;0.23;424.64;29.81;1313;79;5322.00;856
13256;51;4903956;13256;683;14566;15422;3.69;0.23;424.65;29.81;1310;79;5323.00;856
13257;51;4903970;13257;694;14567;15422;3.67;0.22;424.65;29.84;1310;79;5324.00;855
13262;51;4903984;13262;691;14567;15422;3.60;0.22;424.65;29.84;1305;79;5325.00;855
13269;51;4903998;13269;697;14569;15422;3.51;0.21;424.69;29.88;1300;79;5326.00;853
13270;51;4904014;13270;690;14569;15422;3.47;0.21;424.68;29.88;1299;79;5327.00;853
13273;51;4904027;13273;702;14636;15549;3.88;0.24;424.74;29.77;1363;79;5328.00;913
13275;51;4904050;13275;694;14640;15550;3.86;0.24;424.73;29.79;1365;79;5329.00;910
13279;51;4904066;13279;685;14647;15550;3.89;0.24;424.71;29.78;1368;79;5330.00;903
13280;51;4904082;13280;686;14651;15550;3.91;0.24;424.70;29.79;1371;79;5331.00;899
13282;51;4904097;13282;679;14655;15550;3.93;0.24;424.75;29.81;1373;79;5332.00;895
13283;51;4904112;13283;679;14658;15550;3.96;0.25;424.75;29.81;1375;79;5333.00;892
13287;51;4904126;13287;681;14660;15550;3.93;0.24;424.65;29.80;1373;79;5334.00;890
13290;51;4904146;13290;679;14664;15550;3.97;0.25;424.71;29.85;1374;79;5335.00;886
13293;51;4904162;13293;665;14668;15551;4.03;0.25;424.76;29.89;1375;79;5336.00;883
13295;51;4904178;13295;653;14671;15552;4.06;0.25;424.75;29.93;1376;79;5337.00;881
13295;51;4904194;13295;638;14672;15552;4.08;0.25;424.75;29.93;1377;79;5338.00;880
13298;51;4904209;13298;635;14676;15553;4.10;0.25;424.71;29.98;1378;79;5339.00;877
13302;51;4904228;13302;631;14676;15553;4.12;0.26;424.77;29.98;1374;79;5340.00;877
13303;51;4904244;13303;631;14679;15553;4.16;0.26;424.75;30.00;1376;79;5341.00;874
13305;51;4904259;13305;629;14679;15553;4.17;0.26;424.72;30.00;1374;79;5342.00;874
13307;51;4904275;13307;629;14685;15557;4.18;0.26;424.66;30.06;1378;79;5343.00;872
13310;51;4904291;13310;644;14686;15557;4.24;0.26;424.66;30.08;1376;79;5344.00;871
13311;51;4904308;13311;648;14687;15557;4.29;0.26;424.64;30.10;1376;79;5345.00;870
13313;51;4904324;13313;651;14689;15560;4.33;0.27;424.62;30.12;1376;79;5346.00;871
13315;51;4904341;13315;646;14689;15560;4.35;0.27;424.59;30.12;1374;79;5347.00;871
13318;51;4904357;13318;644;14691;15560;4.36;0.27;424.59;30.16;1373;79;5348.00;869
13320;51;4904373;13320;645;14694;15564;4.42;0.27;424.60;30.16;1374;79;5349.00;870
13323;51;4904391;13323;651;14696;15565;4.44;0.27;424.57;30.17;1373;79;5350.00;869
13323;51;4904407;13323;651;14697;15565;4.45;0.27;424.57;30.19;1374;79;5351.00;868
13325;51;4904423;13325;648;14700;15569;4.48;0.27;424.61;30.19;1375;79;5352.00;869
13327;51;4904438;13327;654;14702;15569;4.50;0.28;424.61;30.23;1375;79;5353.00;867
13330;51;4904453;13330;657;14703;15569;4.51;0.28;424.60;30.25;1373;79;5354.00;866
13333;51;4904468;13333;655;14704;15571;4.47;0.27;424.77;30.25;1371;79;5355.00;867
13333;51;4904484;13333;649;14706;15571;4.45;0.27;424.77;30.29;1373;79;5356.00;865
13336;51;4904499;13336;646;14710;15577;4.47;0.27;424.74;30.28;1374;79;5357.00;867
13338;51;4904515;13338;652;14712;15577;4.43;0.27;424.71;30.32;1374;79;5358.00;865
13339;51;4904530;13339;629;14713;15577;4.41;0.27;424.75;30.34;1374;79;5359.00;864
13340;51;4904545;13340;612;14714;15578;4.40;0.27;424.72;30.36;1374;79;5360.00;864
13344;51;4904561;13344;598;14714;15578;4.39;0.27;424.78;30.36;1370;79;5361.00;864
13345;51;4904577;13345;594;14716;15578;4.39;0.27;424.80;30.40;1371;79;5362.00;862
13346;51;4904592;13346;595;14717;15578;4.39;0.27;424.82;30.42;1371;79;5363.00;861
13347;51;4904607;13347;594;14727;15590;4.42;0.27;424.81;30.44;1380;79;5364.00;863
13347;51;4904623;13347;587;14727;15590;4.44;0.27;424.81;30.44;1380;79;5365.00;863
13349;51;4904645;13349;591;14728;15590;4.47;0.27;424.84;30.44;1379;79;5366.00;862
13351;51;4904661;13351;586;14730;15590;4.49;0.27;424.86;30.48;1379;79;5367.00;860
13351;51;4904677;13351;579;14731;15590;4.50;0.27;424.86;30.50;1380;79;5368.00;859
13352;51;4904698;13352;576;14731;15590;4.55;0.28;424.86;30.50;1379;79;5369.00;859
13352;51;4904714;13352;569;14736;15594;4.64;0.28;424.86;30.54;1384;79;5370.00;858
13354;51;4904734;13354;553;14738;15594;4.70;0.28;424.82;30.58;1384;79;5371.00;856
13355;51;4904750;13355;543;14743;15598;4.80;0.29;424.80;30.61;1388;79;5372.00;855
13355;51;4904766;13355;535;14743;15599;4.88;0.30;424.80;30.61;1388;79;5373.00;856
13355;51;4904783;13355;529;14743;15599;4.95;0.30;424.80;30.61;1388;79;5374.00;856
13357;51;4904804;13357;520;14745;15599;5.00;0.30;424.85;30.65;1388;79;5375.00;854
13360;51;4904825;13360;519;14757;15612;5.06;0.31;424.88;30.67;1397;79;5376.00;855
13364;51;4904844;13364;524;14757;15612;5.11;0.31;424.88;30.67;1393;79;5377.00;855
13365;51;4904863;13365;503;14759;15612;5.18;0.31;424.88;30.71;1394;79;5378.00;853
13367;51;4904880;13367;496;14760;15613;5.25;0.32;424.90;30.71;1393;79;5379.00;853
13371;51;4904899;13371;491;14761;15614;5.28;0.32;424.90;30.73;1390;79;5380.00;853
13372;51;4904916;13372;487;14762;15614;5.34;0.32;424.88;30.75;1390;79;5381.00;852
13374;51;4904931;13374;481;14764;15617;5.33;0.32;424.84;30.77;1390;79;5382.00;853
13375;51;4904948;13375;467;14765;15617;5.32;0.32;424.82;30.79;1390;79;5383.00;852
13380;51;4904963;13380;466;14766;15617;5.30;0.32;425.02;30.81;1386;79;5384.00;851
13383;51;4904979;13383;459;14769;15617;5.31;0.32;425.01;30.99;1386;79;5385.00;848
13387;51;4905002;13387;457;14775;15623;5.31;0.32;424.99;31.02;1388;79;5386.00;848
13392;51;4905018;13392;460;14776;15623;5.29;0.32;425.02;31.03;1384;79;5387.00;847
13395;51;4905035;13395;467;14776;15623;5.27;0.32;425.00;31.03;1381;79;5388.00;847
13396;51;4905052;13396;462;14777;15623;5.26;0.32;424.97;31.05;1381;79;5389.00;846
13398;51;4905068;13398;459;14782;15627;5.29;0.32;425.00;31.08;1384;79;5390.00;845
13401;51;4905085;13401;461;14782;15628;5.26;0.32;424.96;31.08;1381;79;5391.00;846
13404;51;4905101;13404;465;14784;15628;5.25;0.32;424.90;31.12;1380;79;5392.00;844
13405;51;4905118;13405;471;14786;15629;5.25;0.32;424.90;31.13;1381;79;5393.00;843
13405;51;4905133;13405;477;14788;15629;5.24;0.32;424.90;31.16;1383;79;5394.00;841
13408;51;4905148;13408;476;14788;15629;5.22;0.32;425.01;31.16;1380;79;5395.00;841
13410;51;4905163;13410;480;14788;15629;5.21;0.32;425.05;31.16;1378;79;5396.00;841
13417;51;4905179;13417;483;14790;15629;5.19;0.32;425.13;31.20;1373;79;5397.00;839
13418;51;4905195;13418;487;14791;15629;5.19;0.32;425.12;31.22;1373;79;5398.00;838
13419;51;4905210;13419;498;14792;15629;5.17;0.31;425.22;31.23;1373;79;5399.00;837
