step_arrived;step_collisions;step_duration;step_ended;step_halting;step_inserted;step_loaded;step_meanSpeed;step_meanSpeedRelative;step_meanTravelTime;step_meanWaitingTime;step_running;step_teleports;step_time;step_waiting
0;0;4449996;0;1;90;245;16.22;1.14;-1.00;0.00;90;0;0.00;155
0;0;4450019;0;1;102;245;15.43;1.07;-1.00;0.12;102;0;1.00;143
0;0;4450020;0;2;122;245;14.50;0.99;-1.00;0.43;122;0;2.00;123
0;0;4450021;0;3;137;245;13.34;0.90;-1.00;0.71;137;0;3.00;108
0;0;4450022;0;2;149;245;12.39;0.83;-1.00;0.97;149;0;4.00;96
0;0;4450023;0;6;154;245;11.70;0.78;-1.00;1.10;154;0;5.00;91
0;0;4450025;0;7;166;245;10.71;0.71;-1.00;1.46;166;0;6.00;79
0;0;4450026;0;12;173;245;10.20;0.68;-1.00;1.68;173;0;7.00;72
0;0;4450028;0;17;184;246;9.74;0.64;-1.00;2.06;184;0;8.00;62
0;0;4450030;0;22;189;247;9.58;0.63;-1.00;2.24;189;0;9.00;58
0;0;4450033;0;27;198;247;9.22;0.61;-1.00;2.60;198;0;10.00;49
1;0;4450035;1;32;205;248;8.86;0.58;11.00;2.83;204;0;11.00;43
2;0;4450037;2;34;206;248;8.71;0.57;11.50;2.88;204;0;12.00;42
2;0;4450039;2;37;211;248;8.51;0.56;11.50;3.12;209;0;13.00;37
2;0;4450041;2;42;217;248;8.35;0.54;11.50;3.42;215;0;14.00;31
2;0;4450043;2;45;223;252;8.17;0.53;11.50;3.61;221;0;15.00;29
2;0;4450046;2;48;225;252;8.17;0.53;11.50;3.68;223;0;16.00;27
2;0;4450048;2;54;227;252;8.17;0.52;11.50;3.74;225;0;17.00;25
3;0;4450051;3;56;230;255;8.13;0.52;13.67;3.93;227;0;18.00;25
3;0;4450053;3;59;233;255;8.14;0.52;13.67;3.98;230;0;19.00;22
4;0;4450056;4;68;234;255;8.14;0.51;15.25;4.05;230;0;20.00;21
4;0;4450058;4;73;240;259;8.32;0.53;15.25;4.14;236;0;21.00;19
4;0;4450061;4;75;242;260;8.43;0.53;15.25;4.20;238;0;22.00;18
5;0;4450064;5;81;245;260;8.51;0.54;16.80;4.43;240;0;23.00;15
5;0;4450066;5;84;248;264;8.58;0.54;16.80;4.38;243;0;24.00;16
5;0;4450069;5;87;251;264;8.59;0.54;16.80;4.46;246;0;25.00;13
5;0;4450077;5;87;253;264;8.59;0.53;16.80;4.63;248;0;26.00;11
6;0;4450080;6;85;253;265;8.59;0.53;18.50;4.63;247;0;27.00;12
6;0;4450083;6;86;254;265;8.64;0.54;18.50;4.72;248;0;28.00;11
6;0;4450086;6;89;260;271;8.62;0.53;18.50;4.63;254;0;29.00;11
6;0;4450091;6;91;260;271;8.57;0.53;18.50;4.63;254;0;30.00;11
7;0;4450093;7;94;262;272;8.44;0.52;19.86;4.72;255;0;31.00;10
7;0;4450096;7;95;263;272;8.42;0.52;19.86;4.83;256;0;32.00;9
7;0;4450099;7;98;263;272;8.51;0.53;19.86;4.83;256;0;33.00;9
8;0;4450102;8;99;265;272;8.45;0.52;21.63;5.05;257;0;34.00;7
10;0;4450104;10;105;266;272;8.42;0.52;23.60;5.16;256;0;35.00;6
10;0;4450107;10;111;277;284;8.63;0.53;23.60;4.95;267;0;36.00;7
11;0;4450111;11;112;278;284;8.45;0.52;24.45;5.04;267;0;37.00;6
11;0;4450115;11;114;280;284;8.34;0.52;24.45;5.11;269;0;38.00;4
12;0;4450117;12;118;281;284;8.15;0.51;25.25;5.10;269;0;39.00;3
12;0;4450120;12;120;281;284;8.05;0.50;25.25;5.10;269;0;40.00;3
15;0;4450123;15;122;281;284;7.87;0.49;26.67;5.10;266;0;41.00;3
15;0;4450126;15;125;285;288;7.89;0.49;26.67;5.05;270;0;42.00;3
15;0;4450128;15;130;285;288;7.80;0.48;26.67;5.05;270;0;43.00;3
16;0;4450131;16;132;289;292;7.78;0.48;27.13;4.99;273;0;44.00;3
16;0;4450134;16;136;291;294;7.74;0.48;27.13;4.96;275;0;45.00;3
16;0;4450137;16;140;291;294;7.60;0.48;27.13;4.96;275;0;46.00;3
17;0;4450139;17;141;291;294;7.52;0.47;27.88;4.96;274;0;47.00;3
17;0;4450142;17;145;302;307;7.79;0.49;27.88;4.77;285;0;48.00;5
17;0;4450145;17;147;302;307;7.65;0.48;27.88;4.77;285;0;49.00;5
18;0;4450148;18;149;302;307;7.52;0.47;29.11;4.77;284;0;50.00;5
18;0;4450150;18;150;303;308;7.47;0.47;29.11;4.76;285;0;51.00;5
19;0;4450153;19;151;304;309;7.34;0.46;29.26;4.75;285;0;52.00;5
20;0;4450156;20;153;304;309;7.28;0.45;30.45;4.75;284;0;53.00;5
20;0;4450158;20;156;306;312;7.32;0.46;30.45;4.72;286;0;54.00;6
20;0;4450161;20;157;306;312;7.30;0.46;30.45;4.72;286;0;55.00;6
22;0;4450163;22;145;307;312;7.20;0.45;31.73;4.71;285;0;56.00;5
24;0;4450166;24;143;307;312;7.10;0.44;32.21;4.71;283;0;57.00;5
25;0;4450169;25;141;312;318;7.26;0.45;33.24;4.65;287;0;58.00;6
27;0;4450172;27;139;312;318;7.22;0.45;35.04;4.65;285;0;59.00;6
27;0;4450176;27;143;312;318;7.28;0.45;35.04;4.65;285;0;60.00;6
27;0;4450179;27;146;312;318;7.33;0.45;35.04;4.65;285;0;61.00;6
27;0;4450181;27;147;316;322;7.40;0.46;35.04;4.60;289;0;62.00;6
27;0;4450184;27;152;317;323;7.54;0.46;35.04;4.59;290;0;63.00;6
30;0;4450187;30;153;317;323;7.48;0.46;36.10;4.59;287;0;64.00;6
30;0;4450189;30;154;318;324;7.60;0.46;36.10;4.58;288;0;65.00;6
30;0;4450192;30;156;318;324;7.59;0.46;36.10;4.58;288;0;66.00;6
32;0;4450195;32;145;318;324;7.62;0.47;37.94;4.58;286;0;67.00;6
32;0;4450198;32;140;318;324;7.78;0.48;37.94;4.58;286;0;68.00;6
33;0;4450200;33;136;318;324;7.87;0.48;38.88;4.58;285;0;69.00;6
33;0;4450203;33;134;318;324;7.99;0.49;38.88;4.58;285;0;70.00;6
34;0;4450206;34;129;318;324;8.12;0.49;39.82;4.58;284;0;71.00;6
34;0;4450208;34;134;352;394;8.37;0.51;39.82;4.14;318;0;72.00;42
34;0;4450216;34;129;353;395;8.47;0.52;39.82;4.13;319;0;73.00;42
35;0;4450219;35;121;360;395;8.71;0.53;40.80;4.09;325;0;74.00;35
35;0;4450222;35;121;364;395;8.84;0.54;40.80;4.07;329;0;75.00;31
36;0;4450225;36;118;367;395;8.97;0.54;41.78;4.07;331;0;76.00;28
36;0;4450234;36;116;368;395;9.05;0.55;41.78;4.08;332;0;77.00;27
37;0;4450237;37;117;371;395;9.06;0.55;42.76;4.09;334;0;78.00;24
37;0;4450241;37;120;374;395;9.20;0.56;42.76;4.11;337;0;79.00;21
37;0;4450244;37;120;377;396;9.24;0.56;42.76;4.15;340;0;80.00;19
39;0;4450247;39;121;379;397;9.27;0.56;44.26;4.15;340;0;81.00;18
39;1;4450251;39;122;380;397;9.33;0.57;44.26;4.17;341;1;82.00;17
39;1;4450267;39;122;385;401;9.21;0.56;44.26;4.13;346;1;83.00;16
40;1;4450271;40;125;385;401;9.13;0.55;45.25;4.13;345;1;84.00;16
40;1;4450275;40;126;385;401;9.08;0.55;45.25;4.13;345;1;85.00;16
40;1;4450278;40;128;385;401;8.92;0.54;45.25;4.13;345;1;86.00;16
42;1;4450281;42;130;390;407;8.80;0.54;47.00;4.09;348;1;87.00;17
43;1;4450285;43;133;390;407;8.62;0.53;47.95;4.09;347;1;88.00;17
43;1;4450288;43;132;390;407;8.57;0.52;47.95;4.09;347;1;89.00;17
46;1;4450293;46;129;394;413;8.47;0.52;50.59;4.05;348;1;90.00;19
46;1;4450297;46;129;394;413;8.43;0.51;50.59;4.05;348;1;91.00;19
49;1;4450300;49;128;396;413;8.41;0.51;53.12;4.04;347;1;92.00;17
49;1;4450308;49;128;397;414;8.39;0.51;53.12;4.03;348;1;93.00;17
49;1;4450311;49;126;398;415;8.44;0.51;53.12;4.02;349;1;94.00;17
50;1;4450315;50;122;398;415;8.55;0.52;53.96;4.02;348;1;95.00;17
51;1;4450318;51;123;409;428;8.58;0.53;54.78;3.91;358;1;96.00;19
55;1;4450322;55;114;409;428;8.64;0.53;56.55;3.91;354;1;97.00;19
56;1;4450326;56;108;409;428;8.77;0.54;57.29;3.91;353;1;98.00;19
58;1;4450330;58;106;412;429;8.90;0.54;58.62;4.05;354;1;99.00;17
60;1;4450335;60;103;412;429;9.03;0.55;59.93;4.05;352;1;100.00;17
60;1;4450343;60;101;415;433;9.23;0.56;59.93;4.03;355;1;101.00;18
61;1;4450347;61;99;415;433;9.39;0.57;60.62;4.03;354;1;102.00;18
61;1;4450351;61;96;420;437;9.51;0.58;60.62;4.07;359;1;103.00;17
63;1;4450355;63;87;420;437;9.74;0.59;61.84;4.07;357;1;104.00;17
66;1;4450359;66;83;420;437;9.90;0.60;63.48;4.07;354;1;105.00;17
66;1;4450363;66;78;420;437;10.13;0.62;63.48;4.07;354;1;106.00;17
67;1;4450367;67;74;420;437;10.20;0.62;64.10;4.07;353;1;107.00;17
67;1;4450371;67;71;430;449;10.25;0.62;64.10;3.97;363;1;108.00;19
67;1;4450376;67;68;431;449;10.36;0.63;64.10;3.97;364;1;109.00;18
67;1;4450380;67;67;432;449;10.43;0.64;64.10;3.96;365;1;110.00;17
67;1;4450384;67;66;432;449;10.43;0.64;64.10;3.96;365;1;111.00;17
67;1;4450389;67;70;434;449;10.43;0.64;64.10;4.29;367;1;112.00;15
68;1;4450393;68;75;435;449;10.44;0.64;64.82;4.38;367;1;113.00;14
69;1;4450398;69;73;437;450;10.34;0.63;65.51;4.62;368;1;114.00;13
71;1;4450403;71;76;437;450;10.18;0.62;66.39;4.62;366;1;115.00;13
71;1;4450407;71;73;443;456;10.23;0.62;66.39;4.67;372;1;116.00;13
72;1;4450413;72;73;445;457;10.12;0.62;67.06;5.01;373;1;117.00;12
73;1;4450418;73;77;447;457;10.13;0.62;67.75;5.09;374;1;118.00;10
75;1;4450423;75;77;448;457;10.18;0.62;69.07;5.19;373;1;119.00;9
75;1;4450429;75;83;453;462;10.36;0.63;69.07;5.21;378;1;120.00;9
78;1;4450435;78;84;455;462;10.45;0.64;70.63;5.39;377;1;121.00;7
78;1;4450440;78;82;456;462;10.53;0.65;70.63;5.39;378;1;122.00;6
80;1;4450445;80;83;458;463;10.64;0.65;71.44;5.53;378;1;123.00;5
82;1;4450450;82;84;462;467;10.75;0.66;72.52;5.50;380;1;124.00;5
82;1;4450456;82;85;463;467;11.01;0.67;72.52;5.60;381;1;125.00;4
85;1;4450461;85;87;466;470;11.15;0.68;73.52;5.68;381;1;126.00;4
87;1;4450471;87;88;467;470;11.31;0.69;73.92;5.67;380;1;127.00;3
88;1;4450477;88;90;468;470;11.51;0.70;74.38;5.72;380;1;128.00;2
89;1;4450483;89;90;468;470;11.63;0.71;73.78;5.72;379;1;129.00;2
91;1;4450488;91;90;472;474;11.83;0.72;74.42;5.68;381;1;130.00;2
91;1;4450495;91;91;473;474;12.01;0.73;74.42;5.75;382;1;131.00;1
92;1;4450500;92;92;473;474;12.16;0.74;75.02;5.75;381;1;132.00;1
93;1;4450506;93;93;474;474;12.25;0.75;75.62;5.76;381;1;133.00;0
93;1;4450511;93;93;475;475;12.23;0.75;75.62;5.75;382;1;134.00;0
95;1;4450518;95;93;477;477;12.15;0.74;76.55;5.73;382;1;135.00;0
95;1;4450523;95;96;477;477;11.97;0.73;76.55;5.73;382;1;136.00;0
95;1;4450529;95;95;478;478;11.88;0.73;76.55;5.72;383;1;137.00;0
96;1;4450534;96;99;478;478;11.70;0.72;76.44;5.72;382;1;138.00;0
97;1;4450539;97;101;478;478;11.60;0.71;76.89;5.72;381;1;139.00;0
100;1;4450544;100;105;478;478;11.48;0.70;78.41;5.72;378;1;140.00;0
101;1;4450550;101;110;478;478;11.34;0.70;79.03;5.72;377;1;141.00;0
101;1;4450554;101;108;478;478;11.27;0.69;79.03;5.72;377;1;142.00;0
102;1;4450559;102;111;478;478;11.13;0.69;79.66;5.72;376;1;143.00;0
104;1;4450565;104;129;552;605;10.81;0.68;80.89;4.96;448;1;144.00;53
105;1;4450580;105;122;559;606;10.75;0.68;81.50;4.91;454;1;145.00;47
108;1;4450585;108;118;568;606;10.74;0.68;83.27;4.86;460;1;146.00;38
112;1;4450590;112;120;570;606;10.61;0.67;84.82;4.85;458;1;147.00;36
116;1;4450595;116;123;575;606;10.46;0.66;86.95;4.85;459;1;148.00;31
117;1;4450601;117;123;577;606;10.36;0.65;87.48;4.85;460;1;149.00;29
117;1;4450607;117;121;581;611;10.18;0.64;87.48;4.83;464;1;150.00;30
120;1;4450614;120;121;583;611;10.16;0.64;87.98;4.84;463;1;151.00;28
122;1;4450620;122;123;585;612;10.10;0.63;88.87;4.85;463;1;152.00;27
122;1;4450625;122;125;588;613;10.20;0.64;88.87;4.87;466;1;153.00;25
125;1;4450631;125;125;591;613;10.26;0.64;89.56;4.90;466;1;154.00;22
127;1;4450637;127;127;595;614;10.21;0.63;89.98;4.91;468;1;155.00;19
129;1;4450643;129;126;601;614;10.08;0.63;90.84;4.98;472;1;156.00;13
130;1;4450648;130;125;603;614;10.00;0.62;91.15;5.00;473;1;157.00;11
130;1;4450654;130;124;604;614;9.95;0.62;91.15;5.00;474;1;158.00;10
133;1;4450659;133;127;609;618;9.81;0.61;91.05;5.00;476;1;159.00;9
138;1;4450665;138;127;610;618;9.66;0.60;92.33;5.01;472;1;160.00;8
139;1;4450670;139;132;611;618;9.61;0.60;92.77;5.03;472;1;161.00;7
141;1;4450676;141;135;614;621;9.52;0.59;93.45;5.04;473;1;162.00;7
143;1;4450681;143;137;615;621;9.40;0.58;94.34;5.06;472;1;163.00;6
145;1;4450686;145;143;617;621;9.22;0.57;95.09;5.11;472;1;164.00;4
145;1;4450692;145;136;620;625;9.04;0.56;95.09;5.09;475;1;165.00;5
145;1;4450697;145;130;621;626;9.04;0.56;95.09;5.08;476;1;166.00;5
148;1;4450707;148;128;623;626;8.96;0.55;95.54;5.13;475;1;167.00;3
148;1;4450713;148;124;627;630;8.97;0.55;95.54;5.12;479;1;168.00;3
150;1;4450718;150;124;629;630;8.95;0.55;95.61;5.11;479;1;169.00;1
151;1;4450724;151;126;630;630;9.00;0.56;96.10;5.12;479;1;170.00;0
153;1;4450730;153;123;631;631;9.00;0.55;96.96;5.11;478;1;171.00;0
154;1;4450736;154;122;631;631;9.05;0.56;96.82;5.11;477;1;172.00;0
155;1;4450742;155;119;637;637;9.22;0.57;96.84;5.07;482;1;173.00;0
155;1;4450749;155;120;637;637;9.22;0.57;96.84;5.07;482;1;174.00;0
155;1;4450758;155;117;638;638;9.15;0.56;96.84;5.07;483;1;175.00;0
155;1;4450765;155;120;638;638;9.16;0.56;96.84;5.07;483;1;176.00;0
158;1;4450771;158;123;638;638;9.12;0.56;97.21;5.07;480;1;177.00;0
158;1;4450779;158;129;638;638;9.20;0.56;97.21;5.07;480;1;178.00;0
160;1;4450787;160;130;638;638;9.17;0.56;97.43;5.07;478;1;179.00;0
161;1;4450795;161;139;669;672;9.42;0.58;97.65;4.83;508;1;180.00;3
163;1;4450804;163;140;669;672;9.44;0.58;98.18;4.83;506;1;181.00;3
164;1;4450814;164;146;671;672;9.51;0.59;98.24;4.82;507;1;182.00;1
166;1;4450823;166;153;671;672;9.51;0.59;98.06;4.82;505;1;183.00;1
171;1;4450829;171;155;672;672;9.37;0.58;97.87;4.82;501;1;184.00;0
172;1;4450835;172;157;672;672;9.33;0.58;98.36;4.82;500;1;185.00;0
175;1;4450840;175;165;676;676;9.24;0.57;99.02;4.80;501;1;186.00;0
177;1;4450847;177;169;676;676;9.15;0.57;98.19;4.80;499;1;187.00;0
179;1;4450853;179;173;680;680;8.94;0.55;98.19;4.78;501;1;188.00;0
180;1;4450860;180;177;681;681;8.77;0.54;98.69;4.77;501;1;189.00;0
181;1;4450866;181;180;681;681;8.65;0.54;98.51;4.77;500;1;190.00;0
183;1;4450872;183;188;681;681;8.48;0.52;98.74;4.77;498;1;191.00;0
186;1;4450878;186;190;694;694;8.49;0.53;97.92;4.68;508;1;192.00;0
187;1;4450886;187;195;694;694;8.36;0.52;98.03;4.68;507;1;193.00;0
190;1;4450892;190;199;694;694;8.25;0.51;97.63;4.68;504;1;194.00;0
195;1;4450898;195;207;695;695;8.19;0.50;98.55;4.67;500;1;195.00;0
195;1;4450904;195;209;696;696;8.12;0.50;98.55;4.67;501;1;196.00;0
198;1;4450910;198;209;696;696;8.00;0.49;98.42;4.67;498;1;197.00;0
200;1;4450916;200;214;698;699;7.99;0.49;98.57;4.66;498;1;198.00;1
201;1;4450922;201;216;698;699;7.84;0.48;98.35;4.66;497;1;199.00;1
202;1;4450929;202;222;699;699;7.76;0.48;98.26;4.65;497;1;200.00;0
207;1;4450938;207;225;699;699;7.56;0.46;98.68;4.65;492;1;201.00;0
207;1;4450944;207;227;705;705;7.52;0.46;98.68;4.62;498;1;202.00;0
208;1;4450950;208;235;705;705;7.39;0.45;99.14;4.62;497;1;203.00;0
210;1;4450955;210;238;705;705;7.29;0.45;99.19;4.62;495;1;204.00;0
212;1;4450960;212;245;705;705;7.17;0.44;99.31;4.62;493;1;205.00;0
213;1;4450965;213;249;709;709;7.14;0.44;98.93;4.60;496;1;206.00;0
213;1;4450971;213;252;710;710;7.08;0.44;98.93;4.59;497;1;207.00;0
213;1;4450976;213;255;710;710;6.95;0.43;98.93;4.59;497;1;208.00;0
214;1;4450981;214;261;711;711;6.83;0.42;98.55;4.59;497;1;209.00;0
215;1;4450987;215;263;711;711;6.70;0.41;99.04;4.59;496;1;210.00;0
216;1;4450992;216;266;711;711;6.58;0.41;99.55;4.59;495;1;211.00;0
217;1;4450997;217;259;711;711;6.55;0.41;100.06;4.59;494;1;212.00;0
219;1;4451003;219;257;711;711;6.48;0.40;100.89;4.59;492;1;213.00;0
220;1;4451008;220;238;711;711;6.56;0.40;100.99;4.59;491;1;214.00;0
220;1;4451013;220;231;711;711;6.67;0.41;100.99;4.59;491;1;215.00;0
222;1;4451018;222;239;753;781;7.00;0.43;101.73;4.33;531;1;216.00;28
223;1;4451029;223;227;755;782;7.15;0.44;102.24;4.32;532;1;217.00;27
226;1;4451035;226;223;762;782;7.37;0.45;103.35;4.30;536;1;218.00;20
227;1;4451041;227;223;763;782;7.53;0.46;103.52;4.30;536;1;219.00;19
229;1;4451048;229;220;765;782;7.60;0.47;104.53;4.30;536;1;220.00;17
229;1;4451055;229;208;766;782;7.74;0.47;104.53;4.30;537;1;221.00;16
232;1;4451062;232;193;770;782;7.90;0.48;105.83;4.31;538;1;222.00;12
232;2;4451068;232;184;771;782;8.02;0.49;105.83;4.31;539;2;223.00;11
234;2;4451084;234;184;774;783;8.24;0.50;106.10;4.33;540;2;224.00;9
235;2;4451091;235;178;778;785;8.37;0.51;106.59;4.34;543;2;225.00;7
235;2;4451103;235;176;780;785;8.43;0.52;106.59;4.36;545;2;226.00;5
236;2;4451109;236;177;786;789;8.50;0.52;106.49;4.34;550;2;227.00;3
236;2;4451121;236;179;788;789;8.62;0.53;106.49;4.36;552;2;228.00;1
236;2;4451128;236;175;789;789;8.71;0.54;106.49;4.37;553;2;229.00;0
237;2;4451134;237;179;789;789;8.82;0.54;106.58;4.37;552;2;230.00;0
238;2;4451141;238;179;795;795;8.98;0.55;106.58;4.34;557;2;231.00;0
239;2;4451148;239;167;795;795;9.08;0.56;106.70;4.34;556;2;232.00;0
240;2;4451154;240;156;795;795;9.16;0.56;106.37;4.34;555;2;233.00;0
241;2;4451161;241;151;797;798;9.26;0.57;106.89;4.33;556;2;234.00;1
246;2;4451167;246;148;797;798;9.29;0.57;107.85;4.33;551;2;235.00;1
248;2;4451174;248;144;798;798;9.34;0.57;108.12;4.33;550;2;236.00;0
250;2;4451180;250;138;799;799;9.30;0.57;108.68;4.32;549;2;237.00;0
250;2;4451186;250;138;800;800;9.36;0.57;108.68;4.32;550;2;238.00;0
252;2;4451192;252;140;800;800;9.40;0.57;108.86;4.32;548;2;239.00;0
256;2;4451200;256;148;824;826;9.35;0.57;109.50;4.19;568;2;240.00;2
258;2;4451208;258;136;824;826;9.38;0.57;109.67;4.19;566;2;241.00;2
264;2;4451215;264;130;825;826;9.43;0.57;111.12;4.19;561;2;242.00;1
266;2;4451221;266;130;826;827;9.55;0.58;111.03;4.18;560;2;243.00;1
269;2;4451227;269;129;827;827;9.63;0.59;111.90;4.18;558;2;244.00;0
269;2;4451234;269;129;831;831;9.78;0.60;111.90;4.17;562;2;245.00;0
269;2;4451240;269;133;831;831;9.89;0.60;111.90;4.17;562;2;246.00;0
270;2;4451246;270;135;835;835;9.93;0.60;112.34;4.15;565;2;247.00;0
272;2;4451253;272;131;835;835;9.98;0.61;113.01;4.15;563;2;248.00;0
273;2;4451259;273;138;835;835;10.02;0.61;113.10;4.15;562;2;249.00;0
273;2;4451265;273;139;835;835;10.13;0.61;113.10;4.15;562;2;250.00;0
275;2;4451271;275;140;835;835;10.15;0.62;113.70;4.15;560;2;251.00;0
275;2;4451277;275;144;845;847;10.10;0.61;113.70;4.10;570;2;252.00;2
279;2;4451289;279;145;845;847;10.00;0.61;114.66;4.10;566;2;253.00;2
279;2;4451296;279;146;847;847;10.00;0.61;114.66;4.10;568;2;254.00;0
280;2;4451303;280;145;847;847;9.95;0.60;114.82;4.10;567;2;255.00;0
280;2;4451309;280;145;847;847;9.97;0.60;114.82;4.10;567;2;256.00;0
281;2;4451315;281;143;847;847;9.95;0.60;114.69;4.10;566;2;257.00;0
281;2;4451321;281;140;848;848;10.01;0.61;114.69;4.10;567;2;258.00;0
283;2;4451327;283;137;848;848;10.06;0.61;114.72;4.10;565;2;259.00;0
286;2;4451333;286;130;854;854;10.15;0.62;115.89;4.07;568;2;260.00;0
289;2;4451340;289;125;855;855;10.22;0.62;116.15;4.07;566;2;261.00;0
289;2;4451347;289;122;855;855;10.28;0.62;116.15;4.07;566;2;262.00;0
290;2;4451353;290;115;855;855;10.37;0.63;116.62;4.07;565;2;263.00;0
293;2;4451359;293;115;859;859;10.51;0.64;117.14;4.05;566;2;264.00;0
294;2;4451366;294;106;859;859;10.59;0.64;117.40;4.05;565;2;265.00;0
294;2;4451377;294;102;859;859;10.73;0.65;117.40;4.05;565;2;266.00;0
297;2;4451383;297;103;860;860;10.85;0.66;118.39;4.05;563;2;267.00;0
302;2;4451389;302;101;864;864;10.85;0.66;118.64;4.03;562;2;268.00;0
307;2;4451396;307;99;864;864;10.93;0.66;119.04;4.03;557;2;269.00;0
310;2;4451404;310;97;868;870;11.12;0.67;119.18;4.01;558;2;270.00;2
315;2;4451411;315;93;869;870;11.22;0.68;119.19;4.01;554;2;271.00;1
317;2;4451418;317;93;870;870;11.31;0.68;118.91;4.01;553;2;272.00;0
321;2;4451425;321;90;870;870;11.44;0.69;119.37;4.01;549;2;273.00;0
322;2;4451432;322;90;874;874;11.57;0.70;119.40;3.99;552;2;274.00;0
323;2;4451439;323;87;874;874;11.61;0.70;119.44;3.99;551;2;275.00;0
323;2;4451445;323;88;874;874;11.68;0.71;119.44;3.99;551;2;276.00;0
327;2;4451452;327;87;874;874;11.66;0.71;119.86;3.99;547;2;277.00;0
327;2;4451459;327;87;875;875;11.75;0.71;119.86;3.99;548;2;278.00;0
330;2;4451466;330;85;876;876;11.74;0.71;120.52;3.99;546;2;279.00;0
332;2;4451473;332;87;876;876;11.71;0.71;120.81;3.99;544;2;280.00;0
332;2;4451480;332;85;877;877;11.65;0.71;120.81;3.98;545;2;281.00;0
334;2;4451486;334;86;877;877;11.66;0.71;121.18;3.98;543;2;282.00;0
334;2;4451493;334;87;877;877;11.65;0.71;121.18;3.98;543;2;283.00;0
334;2;4451501;334;87;877;877;11.70;0.71;121.18;3.98;543;2;284.00;0
334;2;4451508;334;88;877;877;11.76;0.72;121.18;3.98;543;2;285.00;0
336;2;4451515;336;87;877;877;11.80;0.72;121.54;3.98;541;2;286.00;0
338;2;4451521;338;86;877;877;11.77;0.72;121.78;3.98;539;2;287.00;0
340;2;4451528;340;105;948;1004;11.47;0.71;122.31;3.69;608;2;288.00;56
341;2;4451545;341;96;952;1005;11.42;0.71;122.24;3.68;611;2;289.00;53
343;2;4451553;343;91;961;1005;11.40;0.71;122.79;3.66;618;2;290.00;44
344;2;4451560;344;95;964;1005;11.32;0.70;123.26;3.66;620;2;291.00;41
345;2;4451567;345;95;968;1005;11.36;0.70;123.32;3.66;623;2;292.00;37
346;2;4451575;346;98;970;1005;11.41;0.70;123.67;3.66;624;2;293.00;35
346;2;4451582;346;96;971;1005;11.48;0.71;123.67;3.67;625;2;294.00;34
346;2;4451590;346;96;974;1005;11.60;0.72;123.67;3.68;628;2;295.00;31
346;2;4451597;346;97;976;1006;11.68;0.72;123.67;3.68;630;2;296.00;30
349;2;4451605;349;100;979;1007;11.77;0.72;124.36;3.70;630;2;297.00;28
351;2;4451612;351;101;984;1007;11.72;0.72;124.39;3.73;633;2;298.00;23
353;2;4451620;353;103;987;1008;11.59;0.71;125.30;3.75;634;2;299.00;21
354;2;4451629;354;109;992;1014;11.37;0.70;125.79;3.77;638;2;300.00;22
356;2;4451641;356;107;995;1014;11.18;0.69;125.74;3.80;639;2;301.00;19
358;2;4451649;358;112;1000;1014;10.98;0.68;126.00;3.83;642;2;302.00;14
363;2;4451656;363;113;1003;1018;10.74;0.66;126.45;3.84;640;2;303.00;15
366;2;4451664;366;121;1005;1018;10.55;0.65;127.35;3.85;639;2;304.00;13
370;2;4451672;370;125;1006;1018;10.44;0.64;127.98;3.86;636;2;305.00;12
372;2;4451679;372;132;1010;1021;10.32;0.64;128.66;3.86;638;2;306.00;11
374;2;4451687;374;141;1011;1021;10.17;0.63;129.59;3.87;637;2;307.00;10
378;2;4451694;378;143;1011;1021;10.06;0.62;130.09;3.87;633;2;308.00;10
378;2;4451701;378;153;1014;1025;9.97;0.62;130.09;3.87;636;2;309.00;11
382;2;4451708;382;159;1017;1026;9.96;0.61;130.75;3.90;635;2;310.00;9
384;2;4451716;384;163;1019;1026;9.89;0.61;130.88;3.92;635;2;311.00;7
387;2;4451723;387;166;1026;1030;9.87;0.61;131.25;3.95;639;2;312.00;4
389;2;4451731;389;172;1028;1030;9.80;0.60;132.05;3.97;639;2;313.00;2
393;2;4451738;393;171;1029;1030;9.64;0.59;132.81;3.98;636;2;314.00;1
393;2;4451745;393;172;1032;1032;9.52;0.59;132.81;3.97;639;2;315.00;0
393;2;4451752;393;175;1032;1032;9.46;0.58;132.81;3.97;639;2;316.00;0
395;2;4451769;395;183;1038;1038;9.30;0.57;133.17;3.96;643;2;317.00;0
398;2;4451777;398;185;1038;1038;9.24;0.57;133.53;3.96;640;2;318.00;0
400;2;4451784;400;189;1039;1039;9.07;0.56;133.29;3.95;639;2;319.00;0
403;2;4451791;403;191;1039;1039;8.89;0.54;133.98;3.95;636;2;320.00;0
404;2;4451798;404;194;1039;1039;8.73;0.53;134.15;3.95;635;2;321.00;0
406;2;4451805;406;200;1039;1039;8.58;0.52;134.28;3.95;633;2;322.00;0
407;2;4451811;407;204;1039;1039;8.44;0.52;134.10;3.95;632;2;323.00;0
407;2;4451817;407;210;1051;1051;8.44;0.52;134.10;3.91;644;2;324.00;0
410;2;4451825;410;213;1051;1051;8.43;0.52;134.40;3.91;641;2;325.00;0
410;2;4451831;410;210;1051;1051;8.40;0.52;134.40;3.91;641;2;326.00;0
413;2;4451838;413;210;1051;1051;8.30;0.51;134.33;3.91;638;2;327.00;0
418;2;4451844;418;211;1051;1051;8.16;0.50;134.39;3.91;633;2;328.00;0
420;2;4451850;420;217;1051;1051;8.05;0.49;134.69;3.91;631;2;329.00;0
420;2;4451858;420;210;1055;1055;8.06;0.49;134.69;3.90;635;2;330.00;0
423;2;4451865;423;205;1055;1055;8.05;0.49;134.72;3.90;632;2;331.00;0
427;2;4451872;427;203;1059;1059;8.16;0.50;136.21;3.89;632;2;332.00;0
429;2;4451878;429;205;1060;1060;8.20;0.50;136.34;3.88;631;2;333.00;0
434;2;4451885;434;201;1060;1060;8.21;0.50;137.62;3.88;626;2;334.00;0
436;2;4451891;436;205;1060;1060;8.26;0.51;138.50;3.88;624;2;335.00;0
441;2;4451899;441;210;1073;1073;8.31;0.51;139.64;3.84;632;2;336.00;0
444;2;4451907;444;203;1073;1073;8.35;0.51;140.04;3.84;629;2;337.00;0
446;2;4451914;446;201;1073;1073;8.43;0.52;140.86;3.84;627;2;338.00;0
449;2;4451921;449;203;1074;1074;8.45;0.52;141.53;3.83;625;2;339.00;0
453;2;4451927;453;210;1075;1075;8.34;0.51;142.23;3.83;622;2;340.00;0
456;2;4451935;456;212;1075;1075;8.27;0.51;142.42;3.83;619;2;341.00;0
459;2;4451943;459;214;1077;1078;8.24;0.51;142.93;3.82;618;2;342.00;1
463;2;4451950;463;214;1078;1078;8.22;0.51;142.63;3.82;615;2;343.00;0
467;2;4451957;467;216;1078;1078;8.20;0.50;143.43;3.82;611;2;344.00;0
473;2;4451964;473;215;1078;1078;8.05;0.49;143.64;3.82;605;2;345.00;0
475;2;4451971;475;218;1083;1084;8.17;0.50;143.27;3.81;608;2;346.00;1
478;2;4451978;478;220;1083;1084;8.14;0.50;143.55;3.81;605;2;347.00;1
480;2;4451984;480;224;1083;1084;8.06;0.50;143.35;3.81;603;2;348.00;1
483;2;4451991;483;224;1084;1084;7.95;0.49;143.93;3.81;601;2;349.00;0
484;2;4451998;484;226;1088;1088;7.87;0.48;144.21;3.80;604;2;350.00;0
486;2;4452005;486;228;1089;1089;7.70;0.47;144.07;3.79;603;2;351.00;0
487;2;4452011;487;234;1089;1089;7.52;0.46;144.33;3.79;602;2;352.00;0
489;2;4452018;489;237;1090;1090;7.36;0.45;144.23;3.79;601;2;353.00;0
491;2;4452025;491;242;1090;1090;7.19;0.44;144.40;3.79;599;2;354.00;0
494;2;4452031;494;251;1090;1090;6.99;0.43;143.79;3.79;596;2;355.00;0
496;2;4452038;496;253;1090;1090;6.83;0.42;144.09;3.79;594;2;356.00;0
500;2;4452044;500;250;1090;1090;6.71;0.41;144.07;3.79;590;2;357.00;0
501;2;4452052;501;259;1090;1090;6.66;0.41;143.92;3.79;589;2;358.00;0
503;2;4452058;503;266;1090;1090;6.61;0.41;143.95;3.79;587;2;359.00;0
506;2;4452067;506;285;1165;1215;6.90;0.43;143.94;3.55;659;2;360.00;50
507;2;4452083;507;271;1170;1216;6.94;0.44;144.15;3.54;663;2;361.00;46
510;2;4452090;510;258;1179;1216;7.13;0.45;144.10;3.53;669;2;362.00;37
510;2;4452099;510;256;1181;1216;7.14;0.45;144.10;3.52;671;2;363.00;35
514;2;4452106;514;253;1187;1216;7.25;0.45;144.14;3.53;673;2;364.00;29
514;2;4452119;514;248;1187;1216;7.34;0.45;144.14;3.53;673;2;365.00;29
517;2;4452132;517;239;1193;1216;7.39;0.46;144.69;3.54;676;2;366.00;23
517;2;4452140;517;245;1196;1216;7.51;0.46;144.69;3.55;679;2;367.00;20
518;2;4452147;518;247;1200;1217;7.59;0.47;144.83;3.56;682;2;368.00;17
519;2;4452154;519;247;1206;1218;7.63;0.47;144.97;3.59;687;2;369.00;12
519;2;4452163;519;249;1210;1218;7.60;0.47;144.97;3.61;691;2;370.00;8
519;2;4452175;519;256;1217;1222;7.61;0.47;144.97;3.61;698;2;371.00;5
520;3;4452183;520;255;1218;1222;7.62;0.47;144.73;3.61;698;3;372.00;4
521;3;4452208;521;259;1219;1222;7.59;0.46;144.96;3.62;698;3;373.00;3
521;3;4452216;521;260;1219;1222;7.56;0.46;144.96;3.62;698;3;374.00;3
523;3;4452230;523;265;1226;1228;7.50;0.46;144.95;3.62;703;3;375.00;2
523;3;4452240;523;270;1226;1228;7.41;0.45;144.95;3.62;703;3;376.00;2
523;3;4452248;523;262;1226;1228;7.42;0.45;144.95;3.62;703;3;377.00;2
525;3;4452257;525;264;1229;1231;7.39;0.45;145.25;3.62;704;3;378.00;2
527;3;4452266;527;260;1229;1231;7.41;0.45;145.21;3.62;702;3;379.00;2
528;3;4452274;528;257;1230;1231;7.49;0.46;145.19;3.64;702;3;380.00;1
529;3;4452283;529;260;1231;1232;7.53;0.46;145.41;3.64;702;3;381.00;1
533;3;4452291;533;258;1232;1233;7.60;0.46;145.96;3.63;699;3;382.00;1
537;3;4452299;537;260;1232;1233;7.66;0.47;146.49;3.63;695;3;383.00;1
539;3;4452308;539;260;1245;1246;7.78;0.47;146.49;3.60;706;3;384.00;1
541;3;4452317;541;257;1245;1246;7.79;0.47;146.63;3.60;704;3;385.00;1
543;3;4452327;543;250;1245;1246;7.77;0.47;146.61;3.60;702;3;386.00;1
546;3;4452335;546;240;1246;1247;7.77;0.47;147.06;3.60;700;3;387.00;1
549;3;4452344;549;231;1246;1247;7.84;0.48;147.70;3.60;697;3;388.00;1
552;3;4452358;552;232;1250;1251;7.93;0.48;148.16;3.59;698;3;389.00;1
553;3;4452368;553;229;1250;1251;8.01;0.49;148.42;3.59;697;3;390.00;1
555;3;4452376;555;234;1255;1255;8.05;0.49;148.64;3.58;700;3;391.00;0
556;3;4452385;556;233;1255;1255;8.09;0.49;148.82;3.58;699;3;392.00;0
561;3;4452393;561;227;1255;1255;8.11;0.49;149.91;3.58;694;3;393.00;0
561;3;4452402;561;224;1255;1255;8.25;0.50;149.91;3.58;694;3;394.00;0
562;3;4452411;562;231;1255;1255;8.32;0.51;149.99;3.58;693;3;395.00;0
565;3;4452419;565;226;1266;1267;8.37;0.51;150.51;3.55;701;3;396.00;1
566;3;4452429;566;219;1266;1267;8.43;0.51;150.72;3.55;700;3;397.00;1
566;3;4452437;566;220;1267;1267;8.57;0.52;150.72;3.55;701;3;398.00;0
567;3;4452445;567;219;1267;1267;8.74;0.53;151.03;3.55;700;3;399.00;0
569;3;4452454;569;211;1267;1267;8.90;0.54;151.38;3.55;698;3;400.00;0
569;3;4452466;569;209;1267;1267;9.07;0.56;151.38;3.55;698;3;401.00;0
572;3;4452475;572;208;1268;1268;9.13;0.56;152.28;3.55;696;3;402.00;0
574;3;4452483;574;204;1268;1268;9.15;0.56;152.65;3.55;694;3;403.00;0
576;3;4452491;576;204;1274;1274;9.19;0.56;152.59;3.54;698;3;404.00;0
578;3;4452501;578;202;1276;1276;9.23;0.56;153.25;3.53;698;3;405.00;0
583;3;4452509;583;202;1276;1276;9.28;0.57;154.18;3.53;693;3;406.00;0
586;3;4452517;586;197;1276;1276;9.33;0.57;155.03;3.53;690;3;407.00;0
590;3;4452525;590;192;1280;1280;9.32;0.57;155.75;3.52;690;3;408.00;0
592;3;4452534;592;194;1280;1280;9.31;0.57;156.14;3.52;688;3;409.00;0
594;3;4452542;594;198;1280;1280;9.32;0.57;156.23;3.52;686;3;410.00;0
596;3;4452550;596;199;1281;1281;9.36;0.57;156.60;3.52;685;3;411.00;0
597;3;4452558;597;199;1285;1285;9.31;0.57;157.01;3.51;688;3;412.00;0
599;3;4452567;599;196;1285;1285;9.30;0.57;157.47;3.51;686;3;413.00;0
601;3;4452575;601;200;1287;1288;9.36;0.57;157.51;3.51;686;3;414.00;1
603;3;4452583;603;200;1287;1288;9.34;0.57;158.20;3.51;684;3;415.00;1
606;3;4452591;606;207;1288;1288;9.35;0.57;158.75;3.50;682;3;416.00;0
608;3;4452599;608;206;1288;1288;9.41;0.57;158.97;3.50;680;3;417.00;0
609;3;4452607;609;206;1292;1292;9.49;0.58;159.15;3.50;683;3;418.00;0
613;3;4452615;613;210;1292;1292;9.49;0.58;159.41;3.50;679;3;419.00;0
615;3;4452624;615;205;1292;1292;9.59;0.58;159.53;3.50;677;3;420.00;0
618;3;4452633;618;201;1292;1292;9.65;0.59;159.78;3.50;674;3;421.00;0
621;3;4452642;621;198;1293;1293;9.68;0.59;159.81;3.49;672;3;422.00;0
625;3;4452650;625;191;1294;1294;9.70;0.59;160.37;3.49;669;3;423.00;0
625;3;4452658;625;181;1294;1294;9.72;0.59;160.37;3.49;669;3;424.00;0
628;3;4452665;628;171;1295;1295;9.77;0.59;160.59;3.49;667;3;425.00;0
630;3;4452674;630;153;1295;1295;9.85;0.60;160.85;3.49;665;3;426.00;0
632;3;4452682;632;143;1295;1295;9.90;0.60;161.42;3.49;663;3;427.00;0
636;3;4452690;636;136;1295;1295;10.02;0.61;162.25;3.49;659;3;428.00;0
639;3;4452698;639;132;1295;1295;10.15;0.62;162.90;3.49;656;3;429.00;0
642;3;4452706;642;126;1295;1295;10.32;0.63;163.14;3.49;653;3;430.00;0
644;3;4452714;644;120;1295;1295;10.41;0.63;163.44;3.49;651;3;431.00;0
647;3;4452723;647;142;1369;1422;10.11;0.62;163.85;3.30;722;3;432.00;53
651;3;4452741;651;128;1370;1423;10.24;0.63;164.48;3.30;719;3;433.00;53
654;3;4452751;654;114;1378;1423;10.30;0.63;164.67;3.29;724;3;434.00;45
658;3;4452760;658;109;1381;1423;10.35;0.64;165.15;3.29;723;3;435.00;42
660;3;4452770;660;104;1386;1423;10.49;0.65;165.16;3.30;726;3;436.00;37
664;3;4452779;664;101;1387;1423;10.48;0.64;165.70;3.30;723;3;437.00;36
667;3;4452793;667;94;1391;1423;10.47;0.64;165.69;3.30;724;3;438.00;32
668;3;4452802;668;96;1394;1423;10.57;0.65;165.86;3.31;726;3;439.00;29
669;3;4452811;669;95;1396;1424;10.64;0.65;166.25;3.32;727;3;440.00;28
671;3;4452824;671;100;1400;1425;10.67;0.65;166.37;3.34;729;3;441.00;25
673;3;4452834;673;94;1403;1425;10.72;0.66;167.03;3.35;730;3;442.00;22
674;3;4452843;674;91;1406;1426;10.76;0.66;167.39;3.37;732;3;443.00;20
676;3;4452853;676;92;1409;1426;10.78;0.66;167.32;3.38;733;3;444.00;17
679;3;4452862;679;94;1414;1426;10.62;0.65;167.77;3.41;735;3;445.00;12
682;3;4452871;682;102;1416;1426;10.54;0.65;168.19;3.43;734;3;446.00;10
684;3;4452879;684;105;1419;1430;10.47;0.64;168.89;3.43;735;3;447.00;11
688;3;4452889;688;115;1423;1430;10.31;0.63;169.06;3.46;735;3;448.00;7
690;3;4452897;690;121;1424;1430;10.27;0.63;169.59;3.46;734;3;449.00;6
693;3;4452907;693;127;1429;1436;10.17;0.62;169.74;3.46;736;3;450.00;7
696;3;4452916;696;129;1431;1436;10.07;0.62;170.03;3.47;735;3;451.00;5
699;3;4452926;699;130;1435;1436;10.06;0.62;170.54;3.50;736;3;452.00;1
704;3;4452935;704;132;1437;1440;9.98;0.61;170.89;3.50;733;3;453.00;3
708;3;4452944;708;132;1439;1441;9.99;0.61;170.90;3.49;731;3;454.00;2
710;3;4452954;710;140;1440;1441;9.97;0.61;170.84;3.50;730;3;455.00;1
715;3;4452963;715;144;1443;1445;9.93;0.61;170.92;3.49;728;3;456.00;2
719;3;4452973;719;152;1443;1445;9.95;0.61;170.97;3.49;724;3;457.00;2
723;3;4452981;723;152;1443;1445;9.99;0.61;171.02;3.49;720;3;458.00;2
724;3;4452990;724;155;1444;1446;9.98;0.61;170.93;3.49;720;3;459.00;2
725;3;4452999;725;162;1444;1446;9.90;0.61;171.31;3.49;719;3;460.00;2
729;3;4453007;729;162;1451;1452;9.84;0.60;171.46;3.48;722;3;461.00;1
729;3;4453016;729;168;1451;1452;9.73;0.59;171.46;3.48;722;3;462.00;1
731;3;4453025;731;170;1451;1453;9.68;0.59;171.85;3.48;720;3;463.00;2
733;3;4453034;733;174;1452;1453;9.60;0.59;172.05;3.48;719;3;464.00;1
735;3;4453042;735;180;1452;1453;9.52;0.58;171.87;3.48;717;3;465.00;1
739;3;4453050;739;185;1453;1453;9.45;0.57;172.15;3.48;714;3;466.00;0
741;3;4453062;741;193;1453;1453;9.35;0.57;172.35;3.48;712;3;467.00;0
741;3;4453069;741;200;1463;1465;9.29;0.57;172.35;3.46;722;3;468.00;2
743;3;4453078;743;207;1463;1465;9.20;0.56;172.63;3.46;720;3;469.00;2
745;3;4453086;745;212;1465;1465;9.09;0.55;172.78;3.46;720;3;470.00;0
747;3;4453094;747;220;1465;1465;8.96;0.55;173.28;3.46;718;3;471.00;0
747;3;4453102;747;226;1465;1465;8.87;0.54;173.28;3.46;718;3;472.00;0
748;3;4453109;748;234;1465;1465;8.83;0.54;173.26;3.46;717;3;473.00;0
750;3;4453117;750;235;1469;1469;8.87;0.54;173.38;3.45;719;3;474.00;0
750;3;4453125;750;236;1469;1469;8.88;0.54;173.38;3.45;719;3;475.00;0
750;3;4453133;750;242;1473;1473;8.90;0.55;173.38;3.44;723;3;476.00;0
752;3;4453146;752;249;1474;1474;8.86;0.54;173.23;3.44;722;3;477.00;0
753;3;4453154;753;254;1474;1474;8.82;0.54;173.15;3.44;721;3;478.00;0
756;3;4453161;756;254;1474;1474;8.76;0.54;172.57;3.44;718;3;479.00;0
759;3;4453170;759;260;1496;1500;8.72;0.54;172.64;3.39;737;3;480.00;4
761;3;4453180;761;254;1497;1500;8.72;0.54;172.60;3.39;736;3;481.00;3
762;3;4453188;762;254;1500;1500;8.77;0.54;172.98;3.39;738;3;482.00;0
763;3;4453195;763;254;1501;1501;8.79;0.54;173.01;3.39;738;3;483.00;0
765;3;4453203;765;254;1502;1502;8.78;0.54;172.88;3.38;737;3;484.00;0
768;3;4453211;768;256;1502;1502;8.64;0.53;172.68;3.38;734;3;485.00;0
770;3;4453218;770;258;1505;1505;8.55;0.52;172.65;3.38;735;3;486.00;0
772;3;4453226;772;260;1505;1505;8.47;0.52;172.53;3.38;733;3;487.00;0
774;3;4453233;774;264;1505;1505;8.34;0.51;172.32;3.38;731;3;488.00;0
776;3;4453241;776;267;1505;1505;8.27;0.51;172.20;3.38;729;3;489.00;0
778;3;4453249;778;269;1511;1511;8.22;0.50;171.96;3.37;733;3;490.00;0
780;3;4453256;780;272;1511;1511;8.09;0.50;171.79;3.37;731;3;491.00;0
783;3;4453263;783;276;1511;1511;7.95;0.49;171.70;3.37;728;3;492.00;0
786;3;4453270;786;279;1511;1511;7.80;0.48;171.55;3.37;725;3;493.00;0
791;3;4453276;791;286;1515;1515;7.61;0.47;171.72;3.36;724;3;494.00;0
793;3;4453283;793;279;1517;1517;7.43;0.46;172.08;3.36;724;3;495.00;0
796;3;4453291;796;280;1517;1517;7.37;0.45;172.24;3.36;721;3;496.00;0
799;3;4453297;799;276;1518;1518;7.34;0.45;172.47;3.36;719;3;497.00;0
801;3;4453305;801;276;1518;1518;7.28;0.45;173.08;3.36;717;3;498.00;0
802;3;4453312;802;278;1518;1518;7.30;0.45;173.13;3.36;716;3;499.00;0
807;4;4453319;807;278;1518;1518;7.28;0.45;173.56;3.36;711;4;500.00;0
812;4;4453344;812;275;1518;1518;7.35;0.45;173.85;3.36;706;4;501.00;0
814;4;4453352;814;269;1518;1518;7.41;0.45;174.12;3.36;704;4;502.00;0
819;4;4453359;819;266;1518;1518;7.42;0.45;175.18;3.36;699;4;503.00;0
821;4;4453366;821;264;1550;1588;7.76;0.47;175.45;3.29;729;4;504.00;38
823;4;4453378;823;266;1551;1589;7.75;0.47;175.64;3.28;728;4;505.00;38
825;4;4453385;825;270;1565;1589;7.71;0.47;176.25;3.27;740;4;506.00;24
828;4;4453393;828;268;1568;1589;7.62;0.47;176.59;3.27;740;4;507.00;21
830;4;4453400;830;257;1574;1589;7.59;0.46;177.08;3.28;744;4;508.00;15
832;4;4453408;832;248;1576;1589;7.56;0.46;176.90;3.28;744;4;509.00;13
834;4;4453418;834;251;1580;1589;7.47;0.46;177.19;3.28;746;4;510.00;9
834;4;4453426;834;252;1582;1589;7.40;0.45;177.19;3.29;748;4;511.00;7
836;4;4453434;836;244;1585;1590;7.33;0.45;177.47;3.30;749;4;512.00;5
839;4;4453442;839;249;1587;1591;7.31;0.45;177.62;3.30;748;4;513.00;4
842;4;4453450;842;254;1588;1591;7.22;0.44;177.37;3.31;746;4;514.00;3
848;4;4453463;848;246;1594;1595;7.20;0.44;177.95;3.31;746;4;515.00;1
851;4;4453471;851;247;1595;1595;7.21;0.44;178.10;3.31;744;4;516.00;0
854;5;4453479;854;248;1595;1595;7.23;0.44;178.58;3.31;741;5;517.00;0
856;5;4453503;856;251;1595;1595;7.26;0.44;179.10;3.31;739;5;518.00;0
858;5;4453512;858;253;1601;1601;7.34;0.45;178.83;3.30;743;5;519.00;0
861;5;4453521;861;255;1601;1601;7.36;0.45;179.34;3.30;740;5;520.00;0
865;5;4453529;865;254;1601;1601;7.42;0.45;179.81;3.30;736;5;521.00;0
866;5;4453537;866;248;1603;1604;7.48;0.46;179.79;3.30;737;5;522.00;1
870;5;4453546;870;254;1603;1604;7.39;0.45;179.90;3.30;733;5;523.00;1
871;5;4453555;871;258;1604;1604;7.33;0.45;180.08;3.29;733;5;524.00;0
874;5;4453564;874;259;1605;1605;7.29;0.44;180.07;3.29;731;5;525.00;0
877;5;4453572;877;260;1606;1606;7.25;0.44;180.43;3.29;729;5;526.00;0
880;5;4453581;880;264;1606;1606;7.23;0.44;180.16;3.29;726;5;527.00;0
882;5;4453589;882;265;1619;1619;7.28;0.44;180.39;3.27;737;5;528.00;0
885;5;4453598;885;268;1619;1619;7.24;0.44;180.64;3.27;734;5;529.00;0
889;5;4453607;889;265;1619;1619;7.25;0.44;180.95;3.27;730;5;530.00;0
891;5;4453615;891;265;1620;1620;7.29;0.44;181.33;3.26;729;5;531.00;0
893;5;4453624;893;266;1620;1620;7.32;0.44;181.47;3.26;727;5;532.00;0
894;5;4453632;894;264;1624;1624;7.37;0.45;181.49;3.26;730;5;533.00;0
895;5;4453641;895;262;1624;1624;7.37;0.45;181.60;3.26;729;5;534.00;0
897;5;4453649;897;263;1627;1628;7.40;0.45;181.50;3.25;730;5;535.00;1
898;5;4453657;898;265;1627;1628;7.30;0.44;181.42;3.25;729;5;536.00;1
901;5;4453666;901;268;1628;1628;7.26;0.44;181.37;3.25;727;5;537.00;0
901;5;4453674;901;273;1628;1628;7.22;0.44;181.37;3.25;727;5;538.00;0
905;5;4453682;905;277;1628;1628;7.09;0.43;181.78;3.25;723;5;539.00;0
905;5;4453693;905;284;1658;1662;7.21;0.44;181.78;3.19;753;5;540.00;4
908;5;4453703;908;282;1658;1662;7.12;0.44;182.15;3.19;750;5;541.00;4
909;5;4453712;909;271;1661;1662;7.17;0.44;182.24;3.19;752;5;542.00;1
910;5;4453720;910;265;1661;1662;7.18;0.44;182.24;3.19;751;5;543.00;1
912;5;4453729;912;264;1662;1662;7.19;0.44;182.51;3.19;750;5;544.00;0
915;5;4453737;915;256;1662;1662;7.19;0.44;182.59;3.19;747;5;545.00;0
918;5;4453746;918;255;1663;1663;7.22;0.44;182.93;3.19;745;5;546.00;0
921;5;4453755;921;249;1663;1663;7.22;0.44;183.26;3.19;742;5;547.00;0
927;5;4453764;927;250;1669;1669;7.23;0.44;183.33;3.18;742;5;548.00;0
930;5;4453774;930;252;1670;1670;7.26;0.44;183.50;3.18;740;5;549.00;0
931;5;4453782;931;249;1670;1670;7.30;0.45;183.63;3.18;739;5;550.00;0
934;5;4453795;934;241;1670;1670;7.42;0.45;183.77;3.18;736;5;551.00;0
934;5;4453805;934;233;1674;1674;7.52;0.46;183.77;3.17;740;5;552.00;0
936;5;4453814;936;234;1674;1674;7.58;0.46;183.83;3.17;738;5;553.00;0
937;5;4453823;937;224;1674;1674;7.66;0.47;183.84;3.17;737;5;554.00;0
937;5;4453832;937;220;1675;1675;7.76;0.47;183.84;3.17;738;5;555.00;0
940;5;4453841;940;219;1679;1679;7.81;0.48;184.06;3.17;739;5;556.00;0
941;5;4453851;941;216;1679;1679;7.85;0.48;184.17;3.17;738;5;557.00;0
943;5;4453860;943;215;1681;1682;7.92;0.48;184.58;3.16;738;5;558.00;1
946;5;4453870;946;223;1681;1682;7.93;0.48;184.88;3.16;735;5;559.00;1
949;5;4453879;949;225;1682;1682;8.00;0.49;184.93;3.16;733;5;560.00;0
952;5;4453888;952;225;1682;1682;8.04;0.49;185.44;3.16;730;5;561.00;0
953;5;4453896;953;225;1686;1686;8.10;0.49;185.38;3.16;733;5;562.00;0
954;5;4453906;954;220;1686;1686;8.16;0.50;185.40;3.16;732;5;563.00;0
957;5;4453915;957;218;1686;1686;8.24;0.50;185.38;3.16;729;5;564.00;0
961;5;4453925;961;217;1686;1686;8.25;0.50;185.41;3.16;725;5;565.00;0
964;5;4453934;964;220;1687;1687;8.31;0.51;185.59;3.16;723;5;566.00;0
965;5;4453943;965;211;1688;1688;8.48;0.52;185.54;3.16;723;5;567.00;0
967;5;4453951;967;212;1688;1688;8.55;0.52;185.99;3.16;721;5;568.00;0
969;5;4453960;969;213;1689;1689;8.61;0.52;185.96;3.15;720;5;569.00;0
971;5;4453970;971;212;1689;1689;8.68;0.53;186.07;3.15;718;5;570.00;0
973;5;4453979;973;212;1689;1689;8.76;0.53;186.54;3.15;716;5;571.00;0
975;5;4453988;975;207;1689;1689;8.84;0.54;186.66;3.15;714;5;572.00;0
977;5;4453997;977;205;1689;1689;8.90;0.54;186.93;3.15;712;5;573.00;0
980;5;4454011;980;200;1689;1689;8.96;0.54;187.04;3.15;709;5;574.00;0
982;5;4454020;982;200;1689;1689;9.02;0.55;187.20;3.15;707;5;575.00;0
985;5;4454030;985;236;1771;1816;8.76;0.54;187.67;3.01;786;5;576.00;45
986;5;4454048;986;227;1772;1817;8.79;0.54;187.77;3.01;786;5;577.00;45
990;5;4454058;990;212;1778;1817;8.92;0.55;188.31;3.01;788;5;578.00;39
991;5;4454068;991;210;1780;1817;8.98;0.55;188.21;3.01;789;5;579.00;37
993;5;4454076;993;208;1784;1817;9.02;0.56;188.35;3.01;791;5;580.00;33
994;5;4454086;994;206;1787;1817;9.03;0.55;188.57;3.01;793;5;581.00;30
995;5;4454096;995;205;1789;1817;9.00;0.55;188.53;3.01;794;5;582.00;28
995;5;4454105;995;208;1791;1817;9.07;0.56;188.53;3.02;796;5;583.00;26
998;5;4454113;998;216;1794;1818;9.12;0.56;189.15;3.03;796;5;584.00;24
1000;5;4454123;1000;213;1799;1820;9.11;0.56;189.23;3.04;799;5;585.00;21
1001;5;4454133;1001;202;1801;1820;9.13;0.56;189.48;3.05;800;5;586.00;19
1003;5;4454143;1003;202;1803;1821;9.16;0.56;189.39;3.05;800;5;587.00;18
1005;5;4454152;1005;207;1806;1821;9.13;0.56;189.82;3.06;801;5;588.00;15
1007;5;4454161;1007;208;1808;1821;9.14;0.56;190.16;3.08;801;5;589.00;13
1010;5;4454171;1010;201;1811;1821;9.11;0.56;190.60;3.09;801;5;590.00;10
1010;5;4454180;1010;201;1814;1825;9.13;0.56;190.60;3.09;804;5;591.00;11
1015;5;4454189;1015;197;1816;1825;9.14;0.56;191.59;3.10;801;5;592.00;9
1017;5;4454199;1017;187;1817;1825;9.13;0.56;191.58;3.11;800;5;593.00;8
1022;5;4454208;1022;186;1819;1828;9.11;0.56;192.43;3.11;797;5;594.00;9
1023;5;4454218;1023;193;1820;1828;9.09;0.55;192.68;3.12;797;5;595.00;8
1027;5;4454227;1027;184;1821;1828;9.02;0.55;193.42;3.12;794;5;596.00;7
1032;5;4454237;1032;190;1824;1832;8.91;0.54;193.74;3.12;792;5;597.00;8
1036;5;4454246;1036;185;1825;1833;8.91;0.54;194.67;3.12;789;5;598.00;8
1039;5;4454255;1039;183;1827;1833;8.83;0.54;195.20;3.14;788;5;599.00;6
1044;5;4454266;1044;191;1841;1859;8.68;0.53;195.99;3.13;797;5;600.00;18
1049;5;4454287;1049;180;1843;1859;8.58;0.52;196.84;3.14;794;5;601.00;16
1054;5;4454296;1054;185;1844;1859;8.50;0.52;196.69;3.14;790;5;602.00;15
1058;5;4454305;1058;188;1845;1860;8.45;0.51;197.54;3.14;787;5;603.00;15
1064;5;4454319;1064;186;1846;1860;8.38;0.51;198.40;3.14;782;5;604.00;14
1064;5;4454328;1064;193;1851;1866;8.42;0.51;198.40;3.13;787;5;605.00;15
1066;5;4454337;1066;201;1852;1866;8.44;0.51;198.75;3.14;786;5;606.00;14
1069;5;4454345;1069;200;1855;1867;8.41;0.51;198.33;3.14;786;5;607.00;12
1072;5;4454354;1072;209;1856;1867;8.36;0.51;198.82;3.14;784;5;608.00;11
1074;5;4454363;1074;212;1856;1867;8.31;0.50;199.15;3.14;782;5;609.00;11
1075;5;4454372;1075;208;1856;1867;8.34;0.51;199.13;3.14;781;5;610.00;11
1078;5;4454380;1078;213;1858;1867;8.30;0.50;199.71;3.16;780;5;611.00;9
1081;5;4454388;1081;221;1870;1879;8.29;0.50;199.83;3.15;789;5;612.00;9
1081;5;4454403;1081;224;1873;1879;8.22;0.50;199.83;3.17;792;5;613.00;6
1082;5;4454411;1082;230;1873;1879;8.25;0.50;199.94;3.17;791;5;614.00;6
1082;5;4454420;1082;238;1873;1879;8.23;0.50;199.94;3.17;791;5;615.00;6
1085;5;4454429;1085;242;1873;1879;8.19;0.50;199.90;3.17;788;5;616.00;6
1085;5;4454438;1085;248;1874;1879;8.11;0.49;199.90;3.17;789;5;617.00;5
1085;5;4454447;1085;248;1878;1883;8.12;0.49;199.90;3.17;793;5;618.00;5
1086;5;4454456;1086;257;1879;1883;8.07;0.49;199.94;3.18;793;5;619.00;4
1087;5;4454466;1087;252;1883;1887;8.09;0.49;200.05;3.17;796;5;620.00;4
1088;5;4454475;1088;251;1884;1888;8.08;0.49;200.02;3.17;796;5;621.00;4
1091;5;4454483;1091;254;1884;1888;8.06;0.49;199.79;3.17;793;5;622.00;4
1092;5;4454492;1092;260;1885;1888;8.01;0.49;199.63;3.18;793;5;623.00;3
1096;5;4454500;1096;266;1893;1901;7.96;0.49;199.55;3.17;797;5;624.00;8
1099;5;4454510;1099;270;1897;1901;7.87;0.48;199.25;3.18;798;5;625.00;4
1101;5;4454519;1101;273;1897;1901;7.78;0.47;199.28;3.18;796;5;626.00;4
1101;5;4454529;1101;281;1899;1902;7.76;0.47;199.28;3.17;798;5;627.00;3
1102;5;4454537;1102;280;1902;1903;7.71;0.47;199.22;3.19;800;5;628.00;1
1103;5;4454545;1103;284;1902;1903;7.66;0.47;199.06;3.19;799;5;629.00;1
1106;5;4454555;1106;291;1907;1909;7.71;0.47;199.01;3.19;801;5;630.00;2
1107;5;4454563;1107;298;1907;1909;7.69;0.47;199.13;3.19;800;5;631.00;2
1110;5;4454571;1110;304;1909;1909;7.73;0.47;198.92;3.19;799;5;632.00;0
1111;5;4454579;1111;303;1909;1909;7.72;0.47;198.92;3.19;798;5;633.00;0
1113;5;4454587;1113;307;1915;1915;7.80;0.48;198.83;3.18;802;5;634.00;0
1116;5;4454596;1116;315;1915;1915;7.70;0.47;198.90;3.18;799;5;635.00;0
1116;5;4454604;1116;319;1915;1915;7.63;0.47;198.90;3.18;799;5;636.00;0
1118;5;4454612;1118;324;1915;1915;7.52;0.46;199.09;3.18;797;5;637.00;0
1119;5;4454619;1119;330;1919;1919;7.48;0.46;198.99;3.18;800;5;638.00;0
1122;5;4454628;1122;337;1920;1920;7.39;0.45;198.69;3.17;798;5;639.00;0
1122;5;4454635;1122;339;1920;1920;7.30;0.45;198.69;3.17;798;5;640.00;0
1125;5;4454643;1125;348;1921;1921;7.17;0.44;198.46;3.17;796;5;641.00;0
1129;5;4454650;1129;350;1921;1921;7.09;0.43;198.23;3.17;792;5;642.00;0
1131;5;4454658;1131;353;1921;1921;7.03;0.43;198.29;3.17;790;5;643.00;0
1132;5;4454665;1132;354;1921;1921;6.97;0.43;198.14;3.17;789;5;644.00;0
1132;5;4454672;1132;351;1921;1921;6.97;0.43;198.14;3.17;789;5;645.00;0
1133;5;4454680;1133;351;1921;1921;6.94;0.43;198.11;3.17;788;5;646.00;0
1135;5;4454687;1135;350;1921;1921;6.89;0.43;198.08;3.17;786;5;647.00;0
1138;5;4454694;1138;349;1962;1991;7.10;0.44;197.96;3.11;824;5;648.00;29
1142;5;4454707;1142;344;1965;1992;7.03;0.43;198.07;3.10;823;5;649.00;27
1144;5;4454715;1144;338;1974;1992;7.07;0.44;197.91;3.10;830;5;650.00;18
1146;5;4454722;1146;335;1977;1992;7.03;0.43;197.77;3.10;831;5;651.00;15
1147;5;4454730;1147;334;1980;1992;6.99;0.43;197.83;3.10;833;5;652.00;12
1149;5;4454737;1149;334;1981;1992;6.88;0.42;197.91;3.10;832;5;653.00;11
1150;5;4454746;1150;332;1984;1992;6.85;0.42;197.81;3.10;834;5;654.00;8
1151;5;4454754;1151;323;1987;1992;6.83;0.42;197.73;3.11;836;5;655.00;5
1153;5;4454761;1153;314;1990;1993;6.84;0.42;197.45;3.12;837;5;656.00;3
1156;5;4454769;1156;304;1992;1994;6.81;0.42;197.83;3.12;836;5;657.00;2
1157;5;4454778;1157;301;1993;1994;6.71;0.41;197.82;3.12;836;5;658.00;1
1161;5;4454785;1161;299;1998;1998;6.54;0.40;197.97;3.12;837;5;659.00;0
1164;5;4454795;1164;291;1998;1998;6.46;0.40;198.34;3.12;834;5;660.00;0
1170;5;4454804;1170;288;1998;1998;6.39;0.39;198.45;3.12;828;5;661.00;0
1172;5;4454817;1172;280;1998;1998;6.37;0.39;198.29;3.12;826;5;662.00;0
1177;5;4454826;1177;275;2004;2004;6.41;0.39;198.68;3.11;827;5;663.00;0
1180;5;4454835;1180;276;2004;2004;6.50;0.40;199.06;3.11;824;5;664.00;0
1180;5;4454843;1180;275;2004;2004;6.59;0.40;199.06;3.11;824;5;665.00;0
1183;5;4454852;1183;275;2007;2007;6.67;0.41;199.24;3.11;824;5;666.00;0
1186;5;4454862;1186;269;2007;2007;6.75;0.41;199.22;3.11;821;5;667.00;0
1187;5;4454870;1187;262;2007;2007;6.84;0.42;199.33;3.11;820;5;668.00;0
1187;5;4454884;1187;257;2008;2008;6.96;0.42;199.33;3.11;821;5;669.00;0
1192;5;4454893;1192;249;2009;2009;7.03;0.43;199.74;3.11;817;5;670.00;0
1194;5;4454903;1194;246;2009;2009;7.13;0.43;200.03;3.11;815;5;671.00;0
1197;5;4454912;1197;249;2022;2022;7.29;0.44;200.01;3.09;825;5;672.00;0
1200;5;4454922;1200;243;2022;2022;7.46;0.45;200.29;3.09;822;5;673.00;0
1203;5;4454932;1203;239;2022;2022;7.53;0.46;200.19;3.09;819;5;674.00;0
1205;5;4454941;1205;241;2024;2024;7.65;0.47;200.02;3.08;819;5;675.00;0
1208;5;4454951;1208;238;2024;2024;7.71;0.47;200.12;3.08;816;5;676.00;0
1213;5;4454960;1213;240;2028;2028;7.75;0.47;200.37;3.08;815;5;677.00;0
1217;5;4454970;1217;237;2028;2028;7.75;0.47;200.70;3.08;811;5;678.00;0
1222;5;4454980;1222;238;2032;2032;7.71;0.47;201.11;3.07;810;5;679.00;0
1225;5;4454990;1225;234;2032;2032;7.72;0.47;201.58;3.07;807;5;680.00;0
1230;5;4454999;1230;239;2032;2032;7.72;0.47;201.89;3.07;802;5;681.00;0
1235;5;4455009;1235;237;2032;2032;7.70;0.47;202.29;3.07;797;5;682.00;0
1237;5;4455018;1237;239;2032;2032;7.74;0.47;202.40;3.07;795;5;683.00;0
1240;5;4455027;1240;233;2043;2044;7.82;0.48;202.55;3.06;803;5;684.00;1
1246;5;4455038;1246;234;2043;2044;7.83;0.48;203.06;3.06;797;5;685.00;1
1251;5;4455048;1251;233;2044;2044;7.84;0.48;203.44;3.06;793;5;686.00;0
1253;5;4455057;1253;232;2044;2044;7.85;0.48;203.75;3.06;791;5;687.00;0
1257;5;4455067;1257;228;2044;2044;7.93;0.48;204.64;3.06;787;5;688.00;0
1263;5;4455076;1263;230;2044;2044;7.97;0.49;205.16;3.06;781;5;689.00;0
1265;5;4455087;1265;226;2045;2045;8.00;0.49;205.35;3.06;780;5;690.00;0
1271;5;4455097;1271;230;2045;2045;7.99;0.49;205.83;3.06;774;5;691.00;0
1276;5;4455107;1276;234;2051;2051;7.95;0.49;206.20;3.05;775;5;692.00;0
1281;5;4455117;1281;234;2052;2052;8.00;0.49;206.07;3.05;771;5;693.00;0
1285;5;4455127;1285;233;2052;2052;7.98;0.49;206.76;3.05;767;5;694.00;0
1289;5;4455136;1289;234;2052;2052;8.10;0.49;207.24;3.05;763;5;695.00;0
1292;5;4455146;1292;232;2056;2056;8.21;0.50;207.36;3.04;764;5;696.00;0
1298;5;4455155;1298;229;2056;2056;8.29;0.50;208.26;3.04;758;5;697.00;0
1301;5;4455165;1301;226;2056;2056;8.42;0.51;208.88;3.04;755;5;698.00;0
1304;5;4455174;1304;225;2057;2057;8.50;0.52;209.11;3.04;753;5;699.00;0
1308;5;4455184;1308;225;2061;2061;8.48;0.51;209.81;3.04;753;5;700.00;0
1311;5;4455198;1311;226;2061;2061;8.47;0.51;210.08;3.04;750;5;701.00;0
1315;5;4455208;1315;231;2063;2064;8.49;0.52;210.43;3.04;748;5;702.00;1
1316;5;4455217;1316;231;2063;2064;8.39;0.51;210.48;3.04;747;5;703.00;1
1320;5;4455227;1320;234;2064;2064;8.29;0.50;210.98;3.03;744;5;704.00;0
1323;5;4455236;1323;236;2064;2064;8.18;0.50;211.59;3.03;741;5;705.00;0
1324;5;4455246;1324;239;2068;2068;8.16;0.50;211.44;3.03;744;5;706.00;0
1326;5;4455256;1326;229;2068;2068;8.18;0.50;211.62;3.03;742;5;707.00;0
1330;5;4455265;1330;220;2068;2068;8.20;0.50;211.91;3.03;738;5;708.00;0
1331;5;4455275;1331;218;2068;2068;8.26;0.50;211.92;3.03;737;5;709.00;0
1333;5;4455284;1333;210;2069;2069;8.28;0.50;212.25;3.03;736;5;710.00;0
1334;5;4455293;1334;213;2070;2070;8.30;0.50;212.35;3.03;736;5;711.00;0
1336;5;4455303;1336;208;2070;2070;8.38;0.51;212.55;3.03;734;5;712.00;0
1337;5;4455312;1337;204;2071;2071;8.43;0.51;212.76;3.03;734;5;713.00;0
1338;5;4455321;1338;208;2071;2071;8.51;0.52;212.81;3.03;733;5;714.00;0
1343;5;4455331;1343;211;2071;2071;8.45;0.51;212.95;3.03;728;5;715.00;0
1347;5;4455340;1347;208;2071;2071;8.48;0.52;213.21;3.03;724;5;716.00;0
1349;5;4455351;1349;200;2071;2071;8.49;0.52;213.29;3.03;722;5;717.00;0
1353;5;4455360;1353;193;2071;2071;8.46;0.51;214.01;3.03;718;5;718.00;0
1355;5;4455370;1355;191;2071;2071;8.45;0.51;214.34;3.03;716;5;719.00;0
1359;5;4455381;1359;245;2195;2301;8.30;0.52;214.67;2.86;836;5;720.00;106
1362;5;4455415;1362;237;2205;2302;8.31;0.52;214.70;2.85;843;5;721.00;97
1365;5;4455425;1365;225;2215;2302;8.40;0.53;215.09;2.85;850;5;722.00;87
1366;5;4455435;1366;213;2221;2302;8.43;0.53;215.20;2.85;855;5;723.00;81
1368;5;4455445;1368;220;2228;2302;8.38;0.52;215.23;2.85;860;5;724.00;74
1371;6;4455455;1371;217;2232;2302;8.31;0.52;215.54;2.85;861;6;725.00;70
1372;6;4455476;1372;218;2237;2302;8.32;0.52;215.48;2.86;865;6;726.00;65
1375;6;4455486;1375;219;2242;2302;8.29;0.52;215.65;2.87;867;6;727.00;60
1377;6;4455497;1377;220;2247;2303;8.18;0.51;215.85;2.88;870;6;728.00;56
1380;6;4455507;1380;227;2251;2304;8.13;0.50;215.89;2.89;871;6;729.00;53
1383;6;4455518;1383;225;2256;2304;8.06;0.50;216.18;2.91;873;6;730.00;48
1385;6;4455528;1385;224;2260;2305;8.01;0.50;216.33;2.92;875;6;731.00;45
1387;6;4455537;1387;225;2263;2305;7.95;0.49;216.53;2.93;876;6;732.00;42
1392;6;4455547;1392;225;2267;2305;7.84;0.48;216.77;2.95;875;6;733.00;38
1393;6;4455564;1393;238;2270;2305;7.84;0.48;216.83;2.96;877;6;734.00;35
1394;6;4455574;1394;244;2273;2309;7.80;0.48;216.79;2.97;879;6;735.00;36
1397;6;4455585;1397;252;2275;2309;7.72;0.47;216.82;2.98;878;6;736.00;34
1398;6;4455595;1398;260;2278;2309;7.68;0.47;216.88;3.00;880;6;737.00;31
1399;6;4455605;1399;261;2279;2312;7.69;0.47;216.89;3.00;880;6;738.00;33
1404;6;4455614;1404;262;2282;2312;7.61;0.47;217.32;3.02;878;6;739.00;30
1404;6;4455624;1404;268;2282;2312;7.65;0.47;217.32;3.02;878;6;740.00;30
1406;6;4455634;1406;271;2288;2316;7.61;0.47;217.31;3.03;882;6;741.00;28
1407;6;4455645;1407;273;2288;2317;7.60;0.47;217.49;3.03;881;6;742.00;29
1407;6;4455654;1407;276;2288;2317;7.63;0.47;217.49;3.03;881;6;743.00;29
1408;6;4455664;1408;279;2292;2321;7.57;0.47;217.45;3.03;884;6;744.00;29
1409;6;4455674;1409;286;2294;2321;7.52;0.46;217.46;3.03;885;6;745.00;27
1413;6;4455684;1413;285;2295;2321;7.48;0.46;217.52;3.04;882;6;746.00;26
1413;6;4455694;1413;290;2295;2322;7.46;0.46;217.52;3.04;882;6;747.00;27
1414;6;4455704;1414;292;2296;2322;7.39;0.45;217.68;3.05;882;6;748.00;26
1417;6;4455714;1417;301;2303;2328;7.32;0.45;217.62;3.06;886;6;749.00;25
1417;6;4455725;1417;305;2304;2328;7.31;0.45;217.62;3.08;887;6;750.00;24
1419;6;4455736;1419;299;2307;2329;7.31;0.45;217.63;3.10;888;6;751.00;22
1421;6;4455746;1421;306;2307;2329;7.32;0.45;217.77;3.10;886;6;752.00;22
1423;6;4455756;1423;306;2310;2329;7.29;0.44;217.75;3.14;887;6;753.00;19
1424;6;4455765;1424;301;2311;2329;7.25;0.44;217.83;3.14;887;6;754.00;18
1425;6;4455775;1425;300;2313;2329;7.27;0.44;217.85;3.16;888;6;755.00;16
1426;6;4455785;1426;299;2323;2341;7.35;0.45;217.92;3.15;897;6;756.00;18
1427;6;4455796;1427;289;2325;2341;7.34;0.45;218.08;3.16;898;6;757.00;16
1429;6;4455806;1429;287;2325;2341;7.37;0.45;218.17;3.16;896;6;758.00;16
1431;6;4455815;1431;280;2327;2341;7.44;0.45;218.39;3.17;896;6;759.00;14
1432;6;4455825;1432;281;2327;2341;7.49;0.46;218.42;3.17;895;6;760.00;14
1434;6;4455834;1434;278;2328;2341;7.48;0.46;218.37;3.17;894;6;761.00;13
1434;6;4455849;1434;280;2333;2345;7.48;0.46;218.37;3.17;899;6;762.00;12
1438;6;4455859;1438;278;2333;2345;7.43;0.45;218.58;3.17;895;6;763.00;12
1447;6;4455869;1447;279;2337;2349;7.37;0.45;218.50;3.17;890;6;764.00;12
1448;6;4455879;1448;276;2340;2351;7.37;0.45;218.43;3.18;892;6;765.00;11
1452;6;4455888;1452;275;2340;2351;7.36;0.45;218.58;3.18;888;6;766.00;11
1454;6;4455897;1454;275;2340;2351;7.32;0.45;218.59;3.18;886;6;767.00;11
1456;6;4455907;1456;278;2350;2364;7.35;0.45;218.71;3.17;894;6;768.00;14
1461;6;4455918;1461;284;2350;2364;7.34;0.45;218.81;3.17;889;6;769.00;14
1462;6;4455928;1462;291;2351;2364;7.33;0.45;218.75;3.17;889;6;770.00;13
1463;6;4455937;1463;298;2352;2365;7.36;0.45;218.75;3.17;889;6;771.00;13
1463;6;4455952;1463;302;2354;2366;7.36;0.45;218.75;3.19;891;6;772.00;12
1466;6;4455961;1466;304;2354;2366;7.31;0.45;218.81;3.19;888;6;773.00;12
1471;6;4455971;1471;306;2357;2369;7.30;0.44;218.78;3.21;886;6;774.00;12
1473;6;4455980;1473;304;2359;2369;7.31;0.44;218.57;3.23;886;6;775.00;10
1476;6;4455990;1476;313;2359;2369;7.31;0.44;218.50;3.23;883;6;776.00;10
1478;6;4456001;1478;313;2360;2369;7.28;0.44;218.31;3.25;882;6;777.00;9
1479;6;4456010;1479;315;2365;2375;7.33;0.45;218.35;3.25;886;6;778.00;10
1480;6;4456020;1480;319;2365;2375;7.28;0.44;218.22;3.25;885;6;779.00;10
1480;6;4456031;1480;326;2366;2375;7.21;0.44;218.22;3.27;886;6;780.00;9
1484;6;4456040;1484;328;2367;2375;7.15;0.44;218.27;3.29;883;6;781.00;8
1486;6;4456050;1486;329;2371;2379;7.08;0.43;218.20;3.32;885;6;782.00;8
1487;6;4456060;1487;335;2372;2380;7.02;0.43;218.07;3.32;885;6;783.00;8
1489;6;4456070;1489;333;2372;2380;7.01;0.43;217.93;3.32;883;6;784.00;8
1493;6;4456080;1493;338;2374;2381;7.01;0.43;217.80;3.34;881;6;785.00;7
1494;6;4456089;1494;345;2374;2381;6.98;0.43;217.67;3.34;880;6;786.00;7
1495;6;4456099;1495;346;2375;2381;7.02;0.43;217.55;3.37;880;6;787.00;6
1496;6;4456108;1496;355;2376;2381;7.00;0.43;217.63;3.39;880;6;788.00;5
1497;6;4456117;1497;359;2377;2381;6.97;0.43;217.61;3.42;880;6;789.00;4
1498;6;4456126;1498;360;2379;2381;6.95;0.42;217.60;3.43;881;6;790.00;2
1500;6;4456134;1500;362;2380;2381;6.91;0.42;217.51;3.44;880;6;791.00;1
1502;6;4456143;1502;369;2416;2451;7.11;0.43;217.51;3.39;914;6;792.00;35
1505;6;4456157;1505;372;2419;2452;7.05;0.43;217.51;3.39;914;6;793.00;33
1506;6;4456167;1506;366;2429;2452;7.06;0.43;217.50;3.39;923;6;794.00;23
1507;6;4456176;1507;378;2432;2452;7.01;0.43;217.41;3.39;925;6;795.00;20
1508;6;4456185;1508;379;2437;2452;6.94;0.42;217.38;3.39;929;6;796.00;15
1508;6;4456194;1508;382;2438;2452;6.86;0.42;217.38;3.39;930;6;797.00;14
1508;6;4456203;1508;389;2441;2452;6.82;0.42;217.38;3.39;933;6;798.00;11
1508;6;4456212;1508;397;2443;2452;6.79;0.42;217.38;3.39;935;6;799.00;9
1508;6;4456221;1508;405;2446;2453;6.73;0.41;217.38;3.40;938;6;800.00;7
1510;6;4456234;1510;406;2448;2454;6.61;0.41;217.25;3.40;938;6;801.00;6
1512;6;4456243;1512;399;2449;2454;6.53;0.40;217.32;3.41;937;6;802.00;5
1513;6;4456252;1513;385;2456;2458;6.47;0.40;217.26;3.41;943;6;803.00;2
1516;6;4456262;1516;380;2458;2458;6.40;0.39;216.99;3.41;942;6;804.00;0
1518;6;4456271;1518;376;2458;2458;6.30;0.39;216.95;3.41;940;6;805.00;0
1521;6;4456280;1521;377;2458;2458;6.24;0.38;216.79;3.41;937;6;806.00;0
1521;6;4456290;1521;378;2464;2464;6.29;0.39;216.79;3.41;943;6;807.00;0
1522;6;4456300;1522;381;2464;2464;6.29;0.39;216.80;3.41;942;6;808.00;0
1522;6;4456309;1522;378;2464;2464;6.32;0.39;216.80;3.41;942;6;809.00;0
1522;6;4456320;1522;373;2469;2470;6.38;0.39;216.80;3.40;947;6;810.00;1
1522;6;4456331;1522;374;2469;2470;6.38;0.39;216.80;3.40;947;6;811.00;1
1523;6;4456345;1523;364;2470;2470;6.36;0.39;216.85;3.40;947;6;812.00;0
1527;6;4456355;1527;363;2471;2471;6.35;0.39;216.90;3.40;944;6;813.00;0
1530;6;4456364;1530;364;2472;2472;6.32;0.39;216.61;3.40;942;6;814.00;0
1533;6;4456374;1533;357;2472;2472;6.33;0.39;216.51;3.40;939;6;815.00;0
1534;6;4456383;1534;367;2485;2485;6.29;0.38;216.43;3.38;951;6;816.00;0
1535;6;4456393;1535;359;2485;2485;6.22;0.38;216.35;3.38;950;6;817.00;0
1536;6;4456403;1536;354;2485;2485;6.17;0.38;216.27;3.38;949;6;818.00;0
1536;6;4456411;1536;354;2486;2486;6.17;0.38;216.27;3.38;950;6;819.00;0
1539;6;4456421;1539;345;2486;2486;6.18;0.38;216.28;3.38;947;6;820.00;0
1542;6;4456430;1542;345;2490;2490;6.20;0.38;216.23;3.37;948;6;821.00;0
1544;6;4456440;1544;344;2490;2490;6.23;0.38;216.18;3.37;946;6;822.00;0
1546;6;4456454;1546;346;2494;2494;6.17;0.38;216.06;3.37;948;6;823.00;0
1551;6;4456464;1551;349;2494;2494;6.13;0.37;216.01;3.37;943;6;824.00;0
1556;6;4456473;1556;329;2494;2494;6.04;0.37;216.29;3.37;938;6;825.00;0
1558;6;4456483;1558;317;2494;2494;6.05;0.37;216.43;3.37;936;6;826.00;0
1561;6;4456492;1561;307;2494;2494;6.09;0.37;216.40;3.37;933;6;827.00;0
1563;6;4456501;1563;296;2506;2506;6.13;0.38;216.54;3.35;943;6;828.00;0
1566;6;4456512;1566;300;2506;2506;6.26;0.38;216.46;3.35;940;6;829.00;0
1569;6;4456521;1569;297;2506;2506;6.36;0.39;216.82;3.35;937;6;830.00;0
1571;6;4456530;1571;295;2506;2506;6.44;0.39;216.74;3.35;935;6;831.00;0
1574;6;4456540;1574;284;2506;2506;6.47;0.39;217.00;3.35;932;6;832.00;0
1578;6;4456549;1578;273;2506;2506;6.48;0.39;217.14;3.35;928;6;833.00;0
1580;6;4456559;1580;269;2507;2507;6.51;0.40;217.51;3.35;927;6;834.00;0
1583;6;4456569;1583;268;2507;2507;6.58;0.40;217.90;3.35;924;6;835.00;0
1586;6;4456583;1586;262;2513;2513;6.71;0.41;218.25;3.35;927;6;836.00;0
1592;6;4456594;1592;258;2514;2514;6.78;0.41;218.80;3.35;922;6;837.00;0
1594;6;4456604;1594;248;2514;2514;6.86;0.42;218.81;3.35;920;6;838.00;0
1597;6;4456614;1597;239;2514;2514;6.92;0.42;219.02;3.35;917;6;839.00;0
1601;6;4456625;1601;246;2519;2519;6.96;0.42;219.28;3.34;918;6;840.00;0
1604;6;4456637;1604;247;2519;2519;6.99;0.43;219.72;3.34;915;6;841.00;0
1608;6;4456648;1608;246;2519;2519;7.06;0.43;220.00;3.34;911;6;842.00;0
1613;6;4456658;1613;241;2520;2520;7.11;0.43;220.12;3.34;907;6;843.00;0
1616;6;4456668;1616;242;2524;2524;7.12;0.43;220.60;3.34;908;6;844.00;0
1623;6;4456684;1623;240;2524;2524;7.15;0.44;221.07;3.34;901;6;845.00;0
1627;6;4456695;1627;238;2525;2527;7.19;0.44;221.32;3.33;898;6;846.00;2
1632;6;4456705;1632;236;2525;2527;7.21;0.44;221.60;3.33;893;6;847.00;2
1636;6;4456715;1636;237;2526;2527;7.25;0.44;221.86;3.33;890;6;848.00;1
1638;6;4456726;1638;234;2526;2527;7.28;0.44;222.25;3.33;888;6;849.00;1
1643;6;4456736;1643;232;2529;2531;7.28;0.44;222.55;3.33;886;6;850.00;2
1647;6;4456748;1647;234;2529;2531;7.28;0.44;222.64;3.33;882;6;851.00;2
1651;6;4456758;1651;242;2529;2531;7.32;0.45;222.88;3.33;878;6;852.00;2
1655;6;4456768;1655;244;2529;2531;7.32;0.45;223.13;3.33;874;6;853.00;2
1658;6;4456779;1658;241;2530;2532;7.39;0.45;223.36;3.33;872;6;854.00;2
1662;6;4456789;1662;240;2532;2534;7.45;0.45;223.71;3.33;870;6;855.00;2
1664;6;4456800;1664;235;2532;2534;7.53;0.46;223.95;3.33;868;6;856.00;2
1670;6;4456810;1670;234;2532;2535;7.50;0.46;224.49;3.33;862;6;857.00;3
1670;6;4456821;1670;233;2532;2535;7.48;0.46;224.49;3.33;862;6;858.00;3
1674;6;4456831;1674;232;2532;2535;7.54;0.46;224.49;3.33;858;6;859.00;3
1676;6;4456841;1676;234;2532;2535;7.67;0.47;224.60;3.33;856;6;860.00;3
1682;6;4456851;1682;232;2533;2535;7.76;0.47;224.73;3.33;851;6;861.00;2
1685;6;4456861;1685;227;2533;2535;7.85;0.48;224.82;3.33;848;6;862.00;2
1693;6;4456872;1693;229;2533;2535;7.86;0.48;225.10;3.33;840;6;863.00;2
1696;6;4456882;1696;250;2607;2662;8.06;0.50;225.38;3.24;911;6;864.00;55
1701;6;4456904;1701;245;2616;2663;8.05;0.50;225.63;3.24;915;6;865.00;47
1705;6;4456915;1705;238;2621;2663;8.03;0.49;226.00;3.23;916;6;866.00;42
1710;6;4456925;1710;238;2622;2663;7.95;0.49;226.30;3.23;912;6;867.00;41
1711;6;4456937;1711;244;2626;2663;7.88;0.49;226.38;3.24;915;6;868.00;37
1713;6;4456947;1713;243;2626;2663;7.77;0.48;226.39;3.24;913;6;869.00;37
1716;6;4456959;1716;250;2627;2663;7.61;0.47;226.69;3.24;911;6;870.00;36
1718;6;4456974;1718;262;2629;2663;7.53;0.47;227.02;3.24;911;6;871.00;34
1721;6;4456985;1721;252;2630;2664;7.51;0.46;227.13;3.24;909;6;872.00;34
1723;6;4456998;1723;253;2632;2665;7.53;0.47;227.17;3.25;909;6;873.00;33
1725;6;4457009;1725;254;2637;2665;7.44;0.46;227.14;3.26;912;6;874.00;28
1725;6;4457019;1725;249;2639;2666;7.41;0.46;227.14;3.26;914;6;875.00;27
1726;6;4457030;1726;257;2642;2666;7.40;0.46;227.17;3.27;916;6;876.00;24
1729;6;4457041;1729;264;2644;2666;7.46;0.46;227.40;3.28;915;6;877.00;22
1731;6;4457052;1731;265;2645;2666;7.47;0.46;227.63;3.28;914;6;878.00;21
1732;6;4457064;1732;267;2649;2670;7.53;0.47;227.62;3.29;917;6;879.00;21
1735;6;4457074;1735;279;2652;2670;7.48;0.46;227.88;3.30;917;6;880.00;18
1739;6;4457086;1739;269;2653;2670;7.48;0.46;228.15;3.31;914;6;881.00;17
1744;6;4457097;1744;263;2654;2673;7.46;0.46;228.71;3.30;910;6;882.00;19
1747;6;4457114;1747;251;2654;2673;7.42;0.46;228.76;3.30;907;6;883.00;19
1750;6;4457130;1750;253;2657;2673;7.45;0.46;229.14;3.32;907;6;884.00;16
1754;6;4457141;1754;256;2664;2677;7.47;0.46;228.95;3.34;910;6;885.00;13
1759;6;4457154;1759;252;2664;2678;7.54;0.46;229.34;3.34;905;6;886.00;14
1762;6;4457166;1762;255;2667;2678;7.59;0.47;229.42;3.36;905;6;887.00;11
1765;6;4457177;1765;260;2669;2682;7.67;0.47;229.61;3.36;904;6;888.00;13
1768;6;4457188;1768;259;2670;2682;7.77;0.48;229.86;3.36;902;6;889.00;12
1770;6;4457199;1770;262;2673;2682;7.89;0.48;230.23;3.38;903;6;890.00;9
1772;6;4457210;1772;259;2674;2683;7.97;0.49;230.11;3.38;902;6;891.00;9
1774;6;4457222;1774;253;2674;2683;8.10;0.49;230.17;3.38;900;6;892.00;9
1778;6;4457234;1778;244;2680;2689;8.16;0.50;230.57;3.39;902;6;893.00;9
1781;6;4457246;1781;238;2681;2689;8.24;0.50;230.63;3.40;900;6;894.00;8
1785;6;4457257;1785;242;2683;2690;8.36;0.51;230.88;3.41;898;6;895.00;7
1788;6;4457269;1788;240;2684;2690;8.40;0.51;230.79;3.41;896;6;896.00;6
1790;6;4457280;1790;236;2685;2690;8.47;0.51;230.88;3.42;895;6;897.00;5
1795;6;4457291;1795;230;2686;2690;8.51;0.52;231.56;3.42;891;6;898.00;4
1797;6;4457303;1797;229;2687;2690;8.48;0.51;231.81;3.43;890;6;899.00;3
1801;6;4457316;1801;234;2713;2736;8.43;0.51;232.08;3.40;912;6;900.00;23
1805;6;4457337;1805;236;2715;2736;8.44;0.51;232.30;3.40;910;6;901.00;21
1809;6;4457348;1809;243;2721;2736;8.41;0.51;232.52;3.40;912;6;902.00;15
1812;6;4457360;1812;242;2722;2736;8.33;0.51;232.67;3.40;910;6;903.00;14
1813;6;4457371;1813;249;2724;2736;8.34;0.51;232.76;3.40;911;6;904.00;12
1816;6;4457381;1816;251;2727;2736;8.26;0.50;232.94;3.40;911;6;905.00;9
1819;6;4457392;1819;256;2734;2740;8.18;0.50;233.04;3.40;915;6;906.00;6
1822;6;4457403;1822;259;2734;2740;8.15;0.50;233.22;3.40;912;6;907.00;6
1825;6;4457413;1825;266;2737;2744;8.13;0.50;233.35;3.40;912;6;908.00;7
1829;6;4457424;1829;268;2738;2745;8.09;0.49;233.71;3.40;909;6;909.00;7
1832;6;4457435;1832;274;2739;2745;8.06;0.49;233.82;3.40;907;6;910.00;6
1833;6;4457446;1833;278;2739;2745;8.03;0.49;233.96;3.40;906;6;911.00;6
1836;6;4457456;1836;287;2752;2758;7.92;0.48;234.04;3.39;916;6;912.00;6
1838;6;4457468;1838;285;2752;2758;7.83;0.48;234.11;3.39;914;6;913.00;6
1839;6;4457479;1839;293;2752;2758;7.77;0.47;234.12;3.39;913;6;914.00;6
1840;6;4457489;1840;292;2753;2759;7.64;0.47;234.13;3.39;913;6;915.00;6
1842;6;4457504;1842;293;2755;2760;7.51;0.46;234.12;3.39;913;6;916.00;5
1844;6;4457514;1844;290;2755;2760;7.42;0.45;234.22;3.39;911;6;917.00;5
1847;6;4457524;1847;290;2758;2763;7.32;0.45;234.11;3.40;911;6;918.00;5
1849;6;4457535;1849;286;2758;2763;7.19;0.44;234.29;3.40;909;6;919.00;5
1852;6;4457544;1852;290;2759;2763;7.06;0.43;234.51;3.40;907;6;920.00;4
1857;6;4457554;1857;291;2760;2763;6.96;0.42;234.61;3.40;903;6;921.00;3
1858;6;4457564;1858;285;2765;2769;6.92;0.42;234.54;3.40;907;6;922.00;4
1860;6;4457574;1860;284;2767;2769;6.86;0.42;234.53;3.41;907;6;923.00;2
1862;6;4457584;1862;286;2769;2769;6.86;0.42;234.44;3.41;907;6;924.00;0
1865;6;4457593;1865;290;2769;2769;6.79;0.41;234.55;3.41;904;6;925.00;0
1867;6;4457602;1867;286;2773;2773;6.74;0.41;234.76;3.41;906;6;926.00;0
1871;6;4457612;1871;282;2774;2774;6.71;0.41;234.66;3.41;903;6;927.00;0
1871;6;4457622;1871;286;2774;2774;6.78;0.41;234.66;3.41;903;6;928.00;0
1873;6;4457631;1873;286;2775;2775;6.77;0.41;234.71;3.41;902;6;929.00;0
1876;6;4457641;1876;286;2775;2775;6.75;0.41;234.59;3.41;899;6;930.00;0
1878;6;4457651;1878;288;2775;2775;6.71;0.41;234.62;3.41;897;6;931.00;0
1882;6;4457660;1882;285;2775;2775;6.71;0.41;234.52;3.41;893;6;932.00;0
1884;6;4457669;1884;292;2775;2775;6.76;0.41;234.56;3.41;891;6;933.00;0
1889;6;4457679;1889;292;2775;2775;6.75;0.41;234.66;3.41;886;6;934.00;0
1890;6;4457688;1890;295;2775;2775;6.77;0.41;234.72;3.41;885;6;935.00;0
1893;6;4457702;1893;298;2811;2845;6.96;0.42;234.62;3.36;918;6;936.00;34
1894;6;4457716;1894;303;2814;2846;6.94;0.42;234.76;3.36;920;6;937.00;32
1897;6;4457726;1897;303;2821;2846;6.97;0.42;234.76;3.36;924;6;938.00;25
1897;6;4457736;1897;307;2824;2846;6.94;0.42;234.76;3.36;927;6;939.00;22
1897;6;4457745;1897;308;2826;2846;6.98;0.43;234.76;3.36;929;6;940.00;20
1897;6;4457754;1897;314;2829;2846;6.98;0.43;234.76;3.36;932;6;941.00;17
1899;6;4457765;1899;309;2834;2846;6.93;0.42;234.89;3.36;935;6;942.00;12
1899;6;4457779;1899;308;2836;2846;6.89;0.42;234.89;3.37;937;6;943.00;10
1899;6;4457788;1899;309;2837;2847;6.91;0.42;234.89;3.37;938;6;944.00;10
1904;6;4457798;1904;310;2840;2849;6.91;0.42;234.68;3.37;936;6;945.00;9
1905;6;4457808;1905;314;2842;2849;6.95;0.42;234.64;3.38;937;6;946.00;7
1906;6;4457820;1906;316;2847;2853;6.94;0.42;234.68;3.38;941;6;947.00;6
1908;6;4457830;1908;323;2849;2853;6.87;0.42;234.57;3.38;941;6;948.00;4
1909;6;4457841;1909;305;2850;2853;6.81;0.41;234.46;3.38;941;6;949.00;3
1910;6;4457851;1910;300;2852;2853;6.79;0.41;234.53;3.39;942;6;950.00;1
1912;6;4457861;1912;295;2857;2859;6.83;0.42;234.67;3.39;945;6;951.00;2
1914;6;4457872;1914;292;2857;2859;6.83;0.42;234.85;3.39;943;6;952.00;2
1915;6;4457882;1915;293;2857;2859;6.88;0.42;234.92;3.39;942;6;953.00;2
1916;6;4457892;1916;296;2859;2862;6.94;0.42;234.82;3.38;943;6;954.00;3
1918;6;4457904;1918;297;2861;2862;6.98;0.42;234.75;3.38;943;6;955.00;1
1919;6;4457919;1919;302;2862;2862;7.00;0.43;234.71;3.39;943;6;956.00;0
1921;6;4457929;1921;309;2862;2863;7.04;0.43;234.96;3.39;941;6;957.00;1
1921;6;4457940;1921;308;2864;2864;7.02;0.43;234.96;3.38;943;6;958.00;0
1923;6;4457950;1923;309;2864;2864;6.95;0.42;234.97;3.38;941;6;959.00;0
1925;6;4457962;1925;318;2885;2890;6.91;0.42;234.79;3.36;960;6;960.00;5
1926;6;4457974;1926;321;2885;2890;6.88;0.42;234.68;3.36;959;6;961.00;5
1927;6;4457983;1927;319;2888;2890;6.84;0.42;234.75;3.36;961;6;962.00;2
1928;6;4457998;1928;326;2891;2891;6.83;0.42;234.75;3.36;963;6;963.00;0
1930;6;4458008;1930;326;2891;2891;6.82;0.42;234.63;3.36;961;6;964.00;0
1931;6;4458018;1931;326;2895;2895;6.86;0.42;234.59;3.35;964;6;965.00;0
1934;6;4458028;1934;325;2895;2895;6.85;0.42;234.47;3.35;961;6;966.00;0
1937;6;4458038;1937;326;2899;2899;6.78;0.41;234.54;3.35;962;6;967.00;0
1937;6;4458048;1937;336;2899;2899;6.74;0.41;234.54;3.35;962;6;968.00;0
1939;6;4458057;1939;341;2899;2899;6.68;0.41;234.52;3.35;960;6;969.00;0
1940;6;4458067;1940;339;2899;2899;6.63;0.41;234.58;3.35;959;6;970.00;0
1944;6;4458076;1944;340;2899;2899;6.60;0.40;234.32;3.35;955;6;971.00;0
1945;6;4458085;1945;342;2910;2911;6.55;0.40;234.32;3.34;965;6;972.00;1
1948;6;4458096;1948;339;2910;2911;6.52;0.40;234.14;3.34;962;6;973.00;1
1949;6;4458106;1949;335;2911;2911;6.53;0.40;234.10;3.34;962;6;974.00;0
1953;7;4458115;1953;330;2911;2911;6.53;0.40;234.37;3.34;958;7;975.00;0
1955;7;4458140;1955;323;2911;2911;6.48;0.40;234.54;3.34;956;7;976.00;0
1957;7;4458149;1957;322;2911;2911;6.46;0.40;234.54;3.34;954;7;977.00;0
1958;7;4458162;1958;315;2912;2912;6.48;0.40;234.55;3.34;954;7;978.00;0
1963;7;4458171;1963;314;2912;2912;6.41;0.39;234.89;3.34;949;7;979.00;0
1965;7;4458180;1965;307;2918;2918;6.48;0.40;234.86;3.33;953;7;980.00;0
1969;7;4458190;1969;305;2919;2919;6.46;0.39;235.10;3.33;950;7;981.00;0
1971;7;4458199;1971;302;2919;2919;6.44;0.39;235.15;3.33;948;7;982.00;0
1974;7;4458208;1974;298;2919;2919;6.39;0.39;234.86;3.33;945;7;983.00;0
1978;7;4458218;1978;298;2923;2923;6.43;0.39;234.79;3.33;945;7;984.00;0
1980;7;4458228;1980;305;2923;2923;6.47;0.39;234.90;3.33;943;7;985.00;0
1981;7;4458237;1981;300;2923;2923;6.54;0.40;235.02;3.33;942;7;986.00;0
1984;7;4458246;1984;302;2924;2924;6.58;0.40;235.19;3.32;940;7;987.00;0
1985;7;4458256;1985;303;2928;2928;6.59;0.40;235.17;3.32;943;7;988.00;0
1990;7;4458270;1990;304;2928;2928;6.52;0.40;235.42;3.32;938;7;989.00;0
1995;7;4458281;1995;291;2932;2934;6.52;0.40;235.37;3.32;937;7;990.00;2
1999;7;4458291;1999;280;2932;2934;6.55;0.40;235.40;3.32;933;7;991.00;2
2001;7;4458301;2001;272;2934;2934;6.61;0.40;235.44;3.32;933;7;992.00;0
2004;7;4458311;2004;265;2934;2934;6.67;0.41;235.67;3.32;930;7;993.00;0
2007;7;4458320;2007;262;2938;2938;6.75;0.41;235.80;3.31;931;7;994.00;0
2010;7;4458330;2010;258;2938;2938;6.77;0.41;235.69;3.31;928;7;995.00;0
2016;7;4458342;2016;249;2938;2938;6.78;0.41;235.98;3.31;922;7;996.00;0
2017;7;4458351;2017;250;2938;2938;6.84;0.42;236.06;3.31;921;7;997.00;0
2020;7;4458366;2020;239;2939;2939;6.91;0.42;235.96;3.31;919;7;998.00;0
2024;7;4458376;2024;231;2940;2940;6.90;0.42;236.01;3.31;916;7;999.00;0
2027;7;4458387;2027;224;2940;2940;6.90;0.42;236.30;3.31;913;7;1000.00;0
2032;7;4458400;2032;218;2941;2941;6.88;0.42;236.63;3.31;909;7;1001.00;0
2033;8;4458411;2033;218;2941;2941;6.98;0.43;236.78;3.31;908;8;1002.00;0
2038;8;4458427;2038;221;2941;2941;7.02;0.43;237.18;3.31;903;8;1003.00;0
2041;8;4458437;2041;225;2941;2941;7.12;0.44;237.06;3.31;900;8;1004.00;0
2047;8;4458448;2047;222;2941;2941;7.22;0.44;237.04;3.31;894;8;1005.00;0
2051;8;4458458;2051;222;2941;2941;7.32;0.45;237.39;3.31;890;8;1006.00;0
2055;8;4458472;2055;219;2941;2941;7.47;0.45;237.65;3.31;886;8;1007.00;0
2058;8;4458482;2058;227;3018;3068;7.77;0.48;237.78;3.23;960;8;1008.00;50
2062;8;4458502;2062;222;3025;3069;7.83;0.48;237.89;3.22;963;8;1009.00;44
2066;8;4458514;2066;218;3032;3069;7.92;0.49;238.06;3.22;966;8;1010.00;37
2069;8;4458525;2069;220;3034;3069;8.00;0.49;238.23;3.22;965;8;1011.00;35
2073;8;4458536;2073;215;3038;3069;8.06;0.50;238.66;3.22;965;8;1012.00;31
2077;8;4458548;2077;218;3039;3069;8.03;0.49;238.87;3.22;962;8;1013.00;30
2080;8;4458560;2080;216;3042;3069;7.98;0.49;239.02;3.22;962;8;1014.00;27
2083;8;4458571;2083;225;3043;3069;7.90;0.49;239.31;3.22;960;8;1015.00;26
2089;9;4458582;2089;229;3044;3070;7.80;0.48;239.41;3.23;955;9;1016.00;26
2092;9;4458603;2092;234;3048;3071;7.72;0.47;239.42;3.23;956;9;1017.00;23
2095;9;4458615;2095;245;3050;3071;7.69;0.47;239.83;3.24;955;9;1018.00;21
2101;9;4458626;2101;247;3053;3072;7.55;0.46;240.07;3.24;952;9;1019.00;19
2103;9;4458640;2103;252;3055;3072;7.48;0.46;240.33;3.25;952;9;1020.00;17
2108;9;4458652;2108;259;3057;3072;7.36;0.45;240.58;3.25;949;9;1021.00;15
2112;9;4458669;2112;258;3058;3072;7.25;0.44;240.99;3.26;946;9;1022.00;14
2114;9;4458681;2114;261;3063;3076;7.28;0.45;240.99;3.26;949;9;1023.00;13
2119;9;4458692;2119;261;3065;3076;7.23;0.44;241.33;3.27;946;9;1024.00;11
2122;9;4458703;2122;259;3066;3076;7.17;0.44;241.56;3.28;944;9;1025.00;10
2126;9;4458714;2126;259;3069;3079;7.13;0.44;241.60;3.28;943;9;1026.00;10
2131;9;4458725;2131;260;3071;3079;7.09;0.43;241.76;3.30;940;9;1027.00;8
2135;9;4458736;2135;259;3071;3079;7.11;0.44;242.13;3.30;936;9;1028.00;8
2140;9;4458747;2140;255;3078;3083;7.12;0.43;241.84;3.31;938;9;1029.00;5
2143;9;4458760;2143;262;3080;3084;7.14;0.44;242.11;3.31;937;9;1030.00;4
2148;9;4458771;2148;264;3081;3084;7.15;0.44;242.38;3.32;933;9;1031.00;3
2148;9;4458782;2148;263;3084;3088;7.18;0.44;242.38;3.32;936;9;1032.00;4
2151;9;4458792;2151;265;3087;3088;7.20;0.44;242.66;3.32;936;9;1033.00;1
2153;9;4458803;2153;272;3088;3088;7.18;0.44;242.78;3.32;935;9;1034.00;0
2157;9;4458813;2157;277;3089;3090;7.18;0.44;243.00;3.32;932;9;1035.00;1
2160;9;4458825;2160;281;3090;3090;7.07;0.43;243.03;3.32;930;9;1036.00;0
2162;9;4458835;2162;283;3096;3096;6.96;0.42;243.17;3.31;934;9;1037.00;0
2166;9;4458846;2166;276;3096;3096;6.94;0.42;243.39;3.31;930;9;1038.00;0
2170;9;4458858;2170;279;3097;3097;6.94;0.42;243.79;3.31;927;9;1039.00;0
2174;9;4458868;2174;283;3097;3097;6.96;0.42;243.87;3.31;923;9;1040.00;0
2178;9;4458879;2178;285;3097;3097;6.96;0.42;244.31;3.31;919;9;1041.00;0
2181;9;4458889;2181;285;3097;3097;6.97;0.42;244.33;3.31;916;9;1042.00;0
2184;9;4458900;2184;288;3097;3097;7.01;0.43;244.47;3.31;913;9;1043.00;0
2189;9;4458910;2189;292;3108;3109;7.14;0.43;244.76;3.30;919;9;1044.00;1
2191;9;4458923;2191;290;3109;3109;7.18;0.44;244.73;3.30;918;9;1045.00;0
2193;9;4458939;2193;278;3109;3109;7.18;0.44;244.67;3.30;916;9;1046.00;0
2194;9;4458950;2194;274;3109;3109;7.19;0.44;244.71;3.30;915;9;1047.00;0
2198;9;4458960;2198;269;3109;3109;7.16;0.44;244.89;3.30;911;9;1048.00;0
2200;9;4458972;2200;265;3109;3109;7.21;0.44;244.88;3.30;909;9;1049.00;0
2202;9;4458984;2202;267;3115;3115;7.23;0.44;245.12;3.29;913;9;1050.00;0
2207;9;4458995;2207;261;3115;3115;7.23;0.44;245.27;3.29;908;9;1051.00;0
2207;9;4459007;2207;259;3119;3119;7.31;0.45;245.27;3.29;912;9;1052.00;0
2208;9;4459018;2208;257;3120;3120;7.34;0.45;245.42;3.29;912;9;1053.00;0
2212;9;4459028;2212;265;3120;3120;7.36;0.45;245.63;3.29;908;9;1054.00;0
2214;9;4459039;2214;269;3120;3120;7.42;0.45;245.74;3.29;906;9;1055.00;0
2220;9;4459050;2220;273;3133;3133;7.48;0.46;245.77;3.27;913;9;1056.00;0
2222;9;4459062;2222;268;3133;3133;7.54;0.46;245.91;3.27;911;9;1057.00;0
2224;9;4459073;2224;263;3133;3133;7.60;0.47;246.09;3.27;909;9;1058.00;0
2228;9;4459084;2228;264;3134;3134;7.62;0.47;246.43;3.27;906;9;1059.00;0
2230;9;4459095;2230;265;3135;3135;7.66;0.47;246.65;3.27;905;9;1060.00;0
2235;9;4459106;2235;259;3135;3135;7.65;0.47;246.70;3.27;900;9;1061.00;0
2240;9;4459121;2240;258;3137;3138;7.65;0.47;247.04;3.27;897;9;1062.00;1
2242;9;4459132;2242;259;3137;3138;7.62;0.47;247.21;3.27;895;9;1063.00;1
2247;9;4459142;2247;255;3138;3138;7.58;0.46;247.53;3.27;891;9;1064.00;0
2252;9;4459153;2252;260;3138;3138;7.54;0.46;247.95;3.27;886;9;1065.00;0
2256;9;4459163;2256;264;3144;3144;7.51;0.46;248.03;3.27;888;9;1066.00;0
2263;9;4459174;2263;269;3144;3144;7.41;0.45;248.13;3.27;881;9;1067.00;0
2264;9;4459184;2264;274;3144;3144;7.37;0.45;248.06;3.27;880;9;1068.00;0
2266;9;4459194;2266;275;3144;3144;7.34;0.45;248.17;3.27;878;9;1069.00;0
2268;9;4459204;2268;275;3148;3148;7.28;0.45;248.08;3.26;880;9;1070.00;0
2271;9;4459215;2271;275;3149;3149;7.25;0.44;248.18;3.26;878;9;1071.00;0
2278;9;4459225;2278;276;3149;3149;7.13;0.43;247.90;3.26;871;9;1072.00;0
2279;9;4459235;2279;281;3150;3150;7.08;0.43;247.93;3.26;871;9;1073.00;0
2281;9;4459246;2281;284;3150;3150;6.97;0.43;247.84;3.26;869;9;1074.00;0
2284;9;4459255;2284;285;3150;3150;6.83;0.42;247.91;3.26;866;9;1075.00;0
2285;9;4459265;2285;288;3150;3150;6.82;0.42;247.89;3.26;865;9;1076.00;0
2288;9;4459275;2288;293;3150;3150;6.80;0.41;247.81;3.26;862;9;1077.00;0
2290;9;4459284;2290;300;3150;3150;6.84;0.42;247.77;3.26;860;9;1078.00;0
2290;9;4459294;2290;301;3150;3150;6.86;0.42;247.77;3.26;860;9;1079.00;0
2292;9;4459305;2292;324;3222;3275;6.89;0.42;247.83;3.19;930;9;1080.00;53
2292;9;4459324;2292;306;3225;3276;6.90;0.43;247.83;3.19;933;9;1081.00;51
2294;9;4459334;2294;285;3237;3276;7.03;0.43;247.87;3.18;943;9;1082.00;39
2296;9;4459344;2296;282;3241;3276;6.98;0.43;247.90;3.18;945;9;1083.00;35
2298;9;4459359;2298;273;3246;3276;6.98;0.43;247.90;3.18;948;9;1084.00;30
2300;9;4459369;2300;271;3248;3276;6.96;0.43;248.26;3.18;948;9;1085.00;28
2300;9;4459378;2300;269;3251;3276;6.98;0.43;248.26;3.19;951;9;1086.00;25
2301;9;4459388;2301;277;3255;3276;6.95;0.43;248.21;3.19;954;9;1087.00;21
2304;9;4459398;2304;280;3262;3277;6.93;0.43;248.38;3.20;958;9;1088.00;15
2308;9;4459408;2308;294;3263;3278;6.87;0.42;248.35;3.20;955;9;1089.00;15
2310;9;4459418;2310;293;3268;3278;6.80;0.42;248.31;3.21;958;9;1090.00;10
2313;9;4459428;2313;294;3274;3282;6.79;0.42;248.52;3.21;961;9;1091.00;8
2313;9;4459438;2313;297;3275;3282;6.68;0.41;248.52;3.21;962;9;1092.00;7
2319;9;4459447;2319;295;3275;3282;6.54;0.40;248.57;3.21;956;9;1093.00;7
2320;9;4459457;2320;293;3276;3282;6.49;0.40;248.60;3.22;956;9;1094.00;6
2324;9;4459467;2324;296;3280;3288;6.47;0.40;248.58;3.21;956;9;1095.00;8
2325;9;4459477;2325;275;3281;3288;6.48;0.40;248.70;3.22;956;9;1096.00;7
2327;9;4459487;2327;275;3281;3288;6.49;0.40;248.64;3.22;954;9;1097.00;7
2332;9;4459497;2332;259;3284;3291;6.54;0.40;248.60;3.22;952;9;1098.00;7
2334;9;4459507;2334;257;3284;3291;6.62;0.40;248.65;3.22;950;9;1099.00;7
2334;9;4459524;2334;250;3284;3291;6.71;0.41;248.65;3.22;950;9;1100.00;7
2336;9;4459538;2336;245;3287;3292;6.78;0.41;248.64;3.23;951;9;1101.00;5
2337;9;4459549;2337;243;3288;3293;6.85;0.42;248.62;3.23;951;9;1102.00;5
2340;9;4459559;2340;239;3288;3293;6.93;0.42;248.42;3.23;948;9;1103.00;5
2340;9;4459571;2340;236;3298;3306;7.02;0.43;248.42;3.22;958;9;1104.00;8
2341;9;4459582;2341;234;3298;3306;7.04;0.43;248.36;3.22;957;9;1105.00;8
2343;9;4459598;2343;231;3300;3306;7.06;0.43;248.33;3.23;957;9;1106.00;6
2343;9;4459609;2343;231;3302;3307;7.13;0.43;248.33;3.23;959;9;1107.00;5
2344;9;4459619;2344;242;3302;3307;7.16;0.43;248.24;3.23;958;9;1108.00;5
2345;9;4459630;2345;235;3306;3311;7.25;0.44;248.20;3.24;961;9;1109.00;5
2349;9;4459642;2349;236;3306;3311;7.27;0.44;248.34;3.24;957;9;1110.00;5
2351;9;4459654;2351;237;3311;3315;7.27;0.44;248.30;3.24;960;9;1111.00;4
2351;9;4459664;2351;228;3311;3315;7.32;0.44;248.30;3.24;960;9;1112.00;4
2352;9;4459675;2352;228;3311;3315;7.38;0.45;248.20;3.24;959;9;1113.00;4
2353;9;4459685;2353;231;3312;3315;7.40;0.45;248.11;3.24;959;9;1114.00;3
2355;9;4459696;2355;233;3312;3315;7.47;0.45;248.16;3.24;957;9;1115.00;3
2356;9;4459706;2356;228;3322;3327;7.52;0.46;248.16;3.23;966;9;1116.00;5
2359;9;4459717;2359;237;3322;3327;7.49;0.46;248.39;3.23;963;9;1117.00;5
2359;9;4459728;2359;234;3323;3327;7.58;0.46;248.39;3.23;964;9;1118.00;4
2361;9;4459738;2361;238;3323;3327;7.60;0.46;248.39;3.23;962;9;1119.00;4
2365;9;4459749;2365;238;3324;3327;7.57;0.46;248.61;3.23;959;9;1120.00;3
2368;9;4459760;2368;238;3324;3327;7.62;0.46;248.46;3.23;956;9;1121.00;3
2372;9;4459771;2372;239;3325;3328;7.59;0.46;248.50;3.24;953;9;1122.00;3
2374;9;4459781;2374;238;3326;3328;7.57;0.46;248.63;3.24;952;9;1123.00;2
2375;9;4459791;2375;238;3333;3334;7.59;0.46;248.69;3.24;958;9;1124.00;1
2379;9;4459802;2379;244;3335;3336;7.55;0.46;248.80;3.24;956;9;1125.00;1
2382;9;4459812;2382;252;3336;3336;7.52;0.46;249.07;3.24;954;9;1126.00;0
2385;9;4459823;2385;257;3336;3336;7.51;0.46;249.16;3.24;951;9;1127.00;0
2386;9;4459833;2386;260;3340;3340;7.55;0.46;249.33;3.23;954;9;1128.00;0
2386;9;4459844;2386;265;3340;3340;7.54;0.46;249.33;3.23;954;9;1129.00;0
2389;9;4459853;2389;265;3340;3340;7.55;0.46;249.60;3.23;951;9;1130.00;0
2391;9;4459864;2391;260;3341;3341;7.60;0.46;249.97;3.23;950;9;1131.00;0
2394;9;4459874;2394;257;3345;3345;7.59;0.46;250.31;3.23;951;9;1132.00;0
2396;9;4459889;2396;263;3345;3345;7.60;0.46;250.39;3.23;949;9;1133.00;0
2399;9;4459900;2399;256;3347;3348;7.62;0.47;250.65;3.23;948;9;1134.00;1
2399;9;4459910;2399;254;3347;3348;7.60;0.47;250.65;3.23;948;9;1135.00;1
2403;9;4459919;2403;256;3348;3348;7.55;0.46;250.76;3.23;945;9;1136.00;0
2407;9;4459934;2407;258;3348;3348;7.46;0.46;250.77;3.23;941;9;1137.00;0
2409;9;4459944;2409;262;3352;3352;7.43;0.45;251.11;3.23;943;9;1138.00;0
2411;9;4459954;2411;256;3352;3352;7.38;0.45;251.25;3.23;941;9;1139.00;0
2417;9;4459966;2417;257;3352;3352;7.27;0.44;251.10;3.23;935;9;1140.00;0
2420;9;4459977;2420;243;3352;3352;7.25;0.44;251.40;3.23;932;9;1141.00;0
2422;9;4459987;2422;244;3353;3353;7.20;0.44;251.56;3.23;931;9;1142.00;0
2424;9;4459997;2424;239;3354;3354;7.21;0.44;251.63;3.22;930;9;1143.00;0
2427;9;4460007;2427;240;3354;3354;7.24;0.44;251.83;3.22;927;9;1144.00;0
2431;9;4460017;2431;239;3355;3355;7.30;0.45;251.78;3.22;924;9;1145.00;0
2434;9;4460026;2434;235;3355;3355;7.31;0.45;251.91;3.22;921;9;1146.00;0
2434;9;4460036;2434;235;3355;3355;7.32;0.45;251.91;3.22;921;9;1147.00;0
2434;9;4460045;2434;232;3355;3355;7.34;0.45;251.91;3.22;921;9;1148.00;0
2434;9;4460054;2434;227;3355;3355;7.37;0.45;251.91;3.22;921;9;1149.00;0
2437;9;4460064;2437;228;3355;3355;7.43;0.45;252.02;3.22;918;9;1150.00;0
2441;9;4460073;2441;233;3355;3355;7.43;0.45;252.07;3.22;914;9;1151.00;0
2446;9;4460083;2446;262;3433;3482;7.55;0.47;252.07;3.15;987;9;1152.00;49
2449;9;4460103;2449;263;3435;3483;7.55;0.47;252.15;3.15;986;9;1153.00;48
2451;9;4460113;2451;262;3442;3483;7.58;0.47;252.31;3.15;991;9;1154.00;41
2457;9;4460123;2457;245;3448;3483;7.55;0.47;252.53;3.15;991;9;1155.00;35
2460;9;4460133;2460;235;3453;3483;7.48;0.46;252.58;3.15;993;9;1156.00;30
2463;9;4460144;2463;227;3455;3483;7.48;0.46;252.58;3.15;992;9;1157.00;28
2466;9;4460155;2466;230;3459;3483;7.46;0.46;252.59;3.15;993;9;1158.00;24
2473;10;4460165;2473;222;3461;3483;7.38;0.46;252.80;3.16;988;10;1159.00;22
2476;10;4460182;2476;224;3463;3484;7.42;0.46;252.71;3.16;987;10;1160.00;21
2480;10;4460196;2480;232;3465;3485;7.40;0.46;252.60;3.16;985;10;1161.00;20
2484;10;4460209;2484;233;3467;3485;7.35;0.45;252.69;3.17;983;10;1162.00;18
2485;10;4460219;2485;233;3471;3486;7.33;0.45;252.74;3.17;986;10;1163.00;15
2489;10;4460230;2489;248;3474;3486;7.29;0.45;252.83;3.18;985;10;1164.00;12
2496;10;4460240;2496;244;3476;3486;7.22;0.45;252.98;3.18;980;10;1165.00;10
2500;10;4460252;2500;243;3477;3486;7.22;0.45;253.09;3.19;977;10;1166.00;9
2503;10;4460268;2503;243;3483;3490;7.20;0.44;253.18;3.19;980;10;1167.00;7
2507;10;4460279;2507;251;3485;3490;7.17;0.44;253.32;3.20;978;10;1168.00;5
2512;10;4460291;2512;254;3485;3490;7.20;0.44;253.57;3.20;973;10;1169.00;5
2516;10;4460303;2516;266;3490;3496;7.24;0.45;253.73;3.20;974;10;1170.00;6
2520;10;4460315;2520;268;3490;3496;7.24;0.44;253.94;3.20;970;10;1171.00;6
2524;10;4460325;2524;273;3491;3496;7.26;0.45;254.19;3.20;967;10;1172.00;5
2526;10;4460337;2526;274;3497;3500;7.23;0.45;254.38;3.21;971;10;1173.00;3
2533;10;4460348;2533;275;3500;3501;7.16;0.44;254.85;3.21;967;10;1174.00;1
2537;10;4460360;2537;280;3500;3501;7.09;0.44;255.06;3.21;963;10;1175.00;1
2540;10;4460371;2540;281;3504;3505;7.09;0.44;255.15;3.21;964;10;1176.00;1
2548;10;4460382;2548;278;3504;3505;7.04;0.43;255.48;3.21;956;10;1177.00;1
2554;10;4460393;2554;278;3505;3505;6.97;0.43;255.69;3.21;951;10;1178.00;0
2558;10;4460404;2558;274;3506;3506;6.98;0.43;255.80;3.21;948;10;1179.00;0
2561;10;4460415;2561;284;3506;3506;6.93;0.43;256.01;3.21;945;10;1180.00;0
2562;10;4460425;2562;280;3512;3512;6.95;0.43;256.09;3.21;950;10;1181.00;0
2565;10;4460436;2565;283;3512;3512;6.93;0.43;256.19;3.21;947;10;1182.00;0
2570;10;4460447;2570;290;3513;3513;6.89;0.42;256.42;3.21;943;10;1183.00;0
2574;10;4460457;2574;294;3513;3513;6.89;0.42;256.64;3.21;939;10;1184.00;0
2579;10;4460467;2579;296;3513;3513;6.88;0.42;257.15;3.21;934;10;1185.00;0
2585;10;4460478;2585;295;3513;3513;6.80;0.42;257.20;3.21;928;10;1186.00;0
2588;10;4460489;2588;298;3513;3513;6.81;0.42;257.32;3.21;925;10;1187.00;0
2593;10;4460499;2593;303;3524;3525;6.89;0.42;257.49;3.20;931;10;1188.00;1
2599;10;4460514;2599;304;3524;3525;6.85;0.42;257.70;3.20;925;10;1189.00;1
2606;10;4460525;2606;306;3525;3525;6.83;0.42;257.80;3.20;919;10;1190.00;0
2611;10;4460535;2611;308;3525;3525;6.80;0.42;258.09;3.20;914;10;1191.00;0
2612;10;4460545;2612;313;3525;3525;6.78;0.41;258.19;3.20;913;10;1192.00;0
2616;10;4460555;2616;320;3525;3525;6.70;0.41;258.06;3.20;909;10;1193.00;0
2616;10;4460566;2616;330;3529;3529;6.72;0.41;258.06;3.19;913;10;1194.00;0
2619;10;4460575;2619;331;3529;3529;6.63;0.41;258.08;3.19;910;10;1195.00;0
2623;10;4460585;2623;342;3533;3533;6.58;0.40;258.09;3.19;910;10;1196.00;0
2627;10;4460596;2627;343;3534;3534;6.47;0.40;258.15;3.19;907;10;1197.00;0
2629;10;4460606;2629;351;3534;3534;6.41;0.39;258.28;3.19;905;10;1198.00;0
2632;10;4460616;2632;358;3534;3534;6.36;0.39;258.49;3.19;902;10;1199.00;0
2634;10;4460627;2634;371;3562;3575;6.49;0.40;258.50;3.16;928;10;1200.00;13
2636;10;4460646;2636;370;3563;3575;6.43;0.39;258.58;3.16;927;10;1201.00;12
2640;10;4460656;2640;363;3565;3575;6.44;0.39;258.73;3.16;925;10;1202.00;10
2642;10;4460666;2642;364;3567;3576;6.49;0.40;258.75;3.16;925;10;1203.00;9
2644;10;4460677;2644;361;3568;3577;6.44;0.39;258.91;3.16;924;10;1204.00;9
2647;10;4460687;2647;362;3568;3577;6.43;0.39;258.87;3.16;921;10;1205.00;9
2650;10;4460698;2650;363;3573;3580;6.45;0.39;258.71;3.16;923;10;1206.00;7
2652;10;4460709;2652;359;3573;3580;6.41;0.39;258.87;3.16;921;10;1207.00;7
2653;10;4460719;2653;358;3574;3580;6.38;0.39;258.86;3.16;921;10;1208.00;6
2656;10;4460729;2656;368;3575;3580;6.36;0.39;258.92;3.16;919;10;1209.00;5
2660;10;4460739;2660;367;3581;3586;6.37;0.39;258.78;3.16;921;10;1210.00;5
2663;10;4460751;2663;356;3582;3586;6.39;0.39;258.83;3.16;919;10;1211.00;4
2665;10;4460761;2665;349;3582;3586;6.42;0.39;258.74;3.16;917;10;1212.00;4
2667;10;4460771;2667;348;3582;3586;6.47;0.40;258.83;3.16;915;10;1213.00;4
2669;10;4460786;2669;347;3587;3590;6.54;0.40;258.85;3.16;918;10;1214.00;3
2669;10;4460803;2669;345;3589;3592;6.62;0.41;258.85;3.16;920;10;1215.00;3
2672;10;4460813;2672;340;3589;3592;6.65;0.41;258.72;3.16;917;10;1216.00;3
2676;10;4460825;2676;347;3590;3593;6.71;0.41;258.85;3.16;914;10;1217.00;3
2677;10;4460836;2677;346;3590;3593;6.72;0.41;258.85;3.16;913;10;1218.00;3
2682;10;4460845;2682;348;3590;3593;6.65;0.41;259.00;3.16;908;10;1219.00;3
2682;10;4460857;2682;353;3591;3593;6.66;0.41;259.00;3.17;909;10;1220.00;2
2685;10;4460866;2685;358;3591;3593;6.60;0.40;258.98;3.17;906;10;1221.00;2
2686;10;4460876;2686;358;3591;3593;6.62;0.40;258.91;3.17;905;10;1222.00;2
2688;10;4460887;2688;358;3591;3593;6.61;0.41;258.85;3.17;903;10;1223.00;2
2692;10;4460897;2692;371;3634;3663;6.63;0.41;258.74;3.13;942;10;1224.00;29
2694;10;4460912;2694;356;3635;3664;6.61;0.41;258.62;3.13;941;10;1225.00;29
2699;10;4460923;2699;354;3643;3664;6.71;0.41;258.71;3.13;944;10;1226.00;21
2701;10;4460933;2701;343;3646;3664;6.77;0.41;258.88;3.13;945;10;1227.00;18
2703;10;4460944;2703;341;3649;3666;6.81;0.42;258.93;3.13;946;10;1228.00;17
2705;10;4460954;2705;347;3651;3666;6.82;0.42;258.78;3.13;946;10;1229.00;15
2705;10;4460969;2705;344;3654;3666;6.85;0.42;258.78;3.13;949;10;1230.00;12
2708;10;4460980;2708;350;3656;3666;6.84;0.42;258.72;3.14;948;10;1231.00;10
2709;10;4460991;2709;350;3659;3667;6.86;0.42;258.76;3.15;950;10;1232.00;8
2711;10;4461006;2711;354;3661;3668;6.86;0.42;258.82;3.15;950;10;1233.00;7
2714;10;4461017;2714;351;3663;3668;6.88;0.42;258.76;3.15;949;10;1234.00;5
2716;10;4461027;2716;359;3669;3672;6.82;0.41;258.78;3.15;953;10;1235.00;3
2719;10;4461038;2719;358;3670;3672;6.76;0.41;258.83;3.15;951;10;1236.00;2
2719;10;4461049;2719;363;3670;3672;6.73;0.41;258.83;3.15;951;10;1237.00;2
2722;10;4461060;2722;364;3671;3672;6.63;0.40;258.79;3.16;949;10;1238.00;1
2723;10;4461070;2723;370;3676;3678;6.61;0.40;258.73;3.15;953;10;1239.00;2
2725;10;4461082;2725;371;3676;3678;6.53;0.40;258.74;3.15;951;10;1240.00;2
2726;10;4461093;2726;378;3676;3678;6.48;0.39;258.75;3.15;950;10;1241.00;2
2728;10;4461102;2728;381;3678;3681;6.47;0.39;258.83;3.15;950;10;1242.00;3
2728;10;4461113;2728;368;3678;3681;6.52;0.40;258.83;3.15;950;10;1243.00;3
2729;10;4461123;2729;357;3679;3681;6.52;0.40;258.84;3.15;950;10;1244.00;2
2732;10;4461133;2732;348;3680;3682;6.57;0.40;259.08;3.15;948;10;1245.00;2
2732;10;4461144;2732;334;3681;3683;6.66;0.40;259.08;3.15;949;10;1246.00;2
2734;10;4461160;2734;324;3681;3683;6.66;0.41;259.21;3.15;947;10;1247.00;2
2736;11;4461171;2736;321;3692;3696;6.71;0.41;259.09;3.14;956;11;1248.00;4
2739;11;4461193;2739;305;3692;3696;6.74;0.41;259.12;3.14;953;11;1249.00;4
2740;12;4461209;2740;294;3692;3696;6.79;0.41;259.04;3.14;952;12;1250.00;4
2743;12;4461229;2743;296;3693;3697;6.88;0.42;259.10;3.14;950;12;1251.00;4
2745;12;4461240;2745;288;3695;3697;6.90;0.42;258.93;3.15;950;12;1252.00;2
2746;12;4461257;2746;276;3698;3701;7.07;0.43;258.98;3.14;952;12;1253.00;3
2747;12;4461268;2747;265;3698;3701;7.21;0.44;259.10;3.14;951;12;1254.00;3
2749;12;4461278;2749;258;3702;3705;7.27;0.44;259.24;3.14;953;12;1255.00;3
2755;12;4461289;2755;249;3702;3705;7.32;0.44;259.45;3.14;947;12;1256.00;3
2756;12;4461299;2756;245;3702;3705;7.36;0.45;259.54;3.14;946;12;1257.00;3
2757;12;4461309;2757;236;3702;3705;7.36;0.45;259.46;3.14;945;12;1258.00;3
2759;12;4461320;2759;231;3702;3705;7.38;0.45;259.38;3.14;943;12;1259.00;3
2761;12;4461331;2761;228;3727;3739;7.44;0.45;259.46;3.12;966;12;1260.00;12
2764;12;4461345;2764;223;3728;3739;7.46;0.45;259.64;3.12;964;12;1261.00;11
2768;12;4461355;2768;219;3729;3739;7.43;0.45;259.70;3.12;961;12;1262.00;10
2770;12;4461365;2770;221;3730;3739;7.42;0.45;259.75;3.12;960;12;1263.00;9
2775;12;4461376;2775;220;3733;3739;7.49;0.46;260.05;3.13;958;12;1264.00;6
2775;12;4461386;2775;216;3733;3739;7.56;0.46;260.05;3.13;958;12;1265.00;6
2777;12;4461396;2777;214;3734;3740;7.59;0.46;260.05;3.13;957;12;1266.00;6
2780;12;4461407;2780;208;3734;3740;7.66;0.46;260.07;3.13;954;12;1267.00;6
2783;12;4461418;2783;210;3739;3746;7.69;0.47;260.04;3.13;956;12;1268.00;7
2786;12;4461428;2786;206;3741;3747;7.73;0.47;259.97;3.13;955;12;1269.00;6
2790;12;4461444;2790;209;3741;3747;7.72;0.47;260.20;3.13;951;12;1270.00;6
2792;12;4461460;2792;211;3742;3747;7.77;0.47;260.21;3.13;950;12;1271.00;5
2795;12;4461470;2795;212;3746;3751;7.81;0.47;260.40;3.13;951;12;1272.00;5
2798;12;4461481;2798;210;3747;3751;7.85;0.47;260.34;3.14;949;12;1273.00;4
2799;12;4461491;2799;208;3748;3751;7.84;0.47;260.49;3.14;949;12;1274.00;3
2800;12;4461501;2800;211;3749;3752;7.94;0.48;260.44;3.14;949;12;1275.00;3
2802;12;4461512;2802;206;3752;3756;7.94;0.48;260.62;3.14;950;12;1276.00;4
2804;12;4461524;2804;211;3752;3756;7.95;0.48;260.84;3.14;948;12;1277.00;4
2807;12;4461535;2807;212;3754;3759;7.99;0.48;260.82;3.13;947;12;1278.00;5
2810;12;4461546;2810;210;3755;3759;8.01;0.48;260.97;3.14;945;12;1279.00;4
2811;12;4461556;2811;206;3756;3759;8.03;0.48;261.05;3.14;945;12;1280.00;3
2813;12;4461571;2813;209;3757;3759;8.04;0.49;260.89;3.14;944;12;1281.00;2
2816;12;4461584;2816;208;3761;3763;8.06;0.49;261.11;3.14;945;12;1282.00;2
2817;12;4461595;2817;209;3761;3763;8.14;0.49;261.22;3.14;944;12;1283.00;2
2818;12;4461606;2818;209;3761;3763;8.15;0.49;261.23;3.14;943;12;1284.00;2
2822;12;4461617;2822;211;3762;3763;8.13;0.49;261.51;3.14;940;12;1285.00;1
2825;12;4461627;2825;213;3762;3764;8.11;0.49;261.48;3.14;937;12;1286.00;2
2827;12;4461638;2827;220;3763;3765;8.12;0.49;261.62;3.14;936;12;1287.00;2
2831;12;4461654;2831;222;3765;3765;8.10;0.49;261.63;3.14;934;12;1288.00;0
2833;12;4461665;2833;225;3766;3766;8.08;0.49;261.70;3.14;933;12;1289.00;0
2834;12;4461678;2834;231;3766;3766;8.05;0.49;261.69;3.14;932;12;1290.00;0
2834;12;4461689;2834;229;3766;3766;8.07;0.49;261.69;3.14;932;12;1291.00;0
2837;12;4461699;2837;235;3766;3766;8.08;0.49;261.73;3.14;929;12;1292.00;0
2838;12;4461709;2838;233;3766;3766;8.04;0.49;261.85;3.14;928;12;1293.00;0
2838;12;4461720;2838;233;3766;3766;8.06;0.49;261.85;3.14;928;12;1294.00;0
2841;12;4461730;2841;234;3766;3766;8.03;0.49;262.01;3.14;925;12;1295.00;0
2845;12;4461740;2845;261;3842;3893;8.07;0.50;262.14;3.08;997;12;1296.00;51
2848;12;4461760;2848;251;3847;3894;8.08;0.50;262.22;3.08;999;12;1297.00;47
2851;12;4461770;2851;248;3855;3894;8.06;0.50;262.45;3.08;1004;12;1298.00;39
2853;12;4461781;2853;249;3858;3894;8.01;0.49;262.49;3.08;1005;12;1299.00;36
2857;12;4461793;2857;250;3862;3894;7.99;0.49;262.56;3.08;1005;12;1300.00;32
2861;12;4461807;2861;252;3864;3894;7.91;0.49;262.58;3.08;1003;12;1301.00;30
2862;12;4461818;2862;260;3865;3894;7.81;0.48;262.65;3.08;1003;12;1302.00;29
2864;12;4461829;2864;258;3868;3894;7.74;0.48;262.68;3.08;1004;12;1303.00;26
2864;12;4461840;2864;255;3871;3895;7.69;0.47;262.68;3.08;1007;12;1304.00;24
2866;12;4461852;2866;255;3877;3897;7.61;0.47;262.73;3.09;1011;12;1305.00;20
2866;12;4461863;2866;256;3880;3897;7.59;0.47;262.73;3.10;1014;12;1306.00;17
2868;12;4461874;2868;254;3884;3898;7.53;0.46;262.64;3.10;1016;12;1307.00;14
2871;12;4461885;2871;264;3887;3898;7.56;0.46;262.69;3.11;1016;12;1308.00;11
2875;12;4461896;2875;265;3889;3898;7.53;0.46;262.87;3.11;1014;12;1309.00;9
2875;12;4461907;2875;264;3890;3898;7.56;0.46;262.87;3.12;1015;12;1310.00;8
2881;12;4461918;2881;268;3893;3902;7.55;0.46;263.06;3.12;1012;12;1311.00;9
2883;12;4461929;2883;270;3895;3902;7.46;0.46;263.04;3.12;1012;12;1312.00;7
2885;12;4461939;2885;283;3896;3902;7.42;0.46;263.23;3.12;1011;12;1313.00;6
2889;12;4461952;2889;282;3898;3905;7.31;0.45;263.27;3.12;1009;12;1314.00;7
2892;12;4461963;2892;280;3900;3905;7.25;0.45;263.38;3.13;1008;12;1315.00;5
2896;12;4461974;2896;279;3900;3905;7.16;0.44;263.75;3.13;1004;12;1316.00;5
2903;12;4461984;2903;281;3906;3909;7.04;0.43;263.72;3.13;1003;12;1317.00;3
2906;12;4461996;2906;285;3907;3910;7.01;0.43;263.78;3.13;1001;12;1318.00;3
2910;12;4462006;2910;293;3907;3910;6.89;0.42;263.89;3.13;997;12;1319.00;3
2918;12;4462018;2918;286;3914;3915;6.76;0.42;263.88;3.14;996;12;1320.00;1
2920;12;4462029;2920;278;3914;3915;6.75;0.41;263.74;3.14;994;12;1321.00;1
2925;12;4462039;2925;277;3915;3915;6.72;0.41;263.76;3.14;990;12;1322.00;0
2929;12;4462049;2929;275;3916;3916;6.64;0.41;263.78;3.14;987;12;1323.00;0
2934;12;4462060;2934;276;3916;3916;6.59;0.41;263.86;3.14;982;12;1324.00;0
2938;12;4462071;2938;276;3922;3922;6.60;0.40;263.90;3.14;984;12;1325.00;0
2941;12;4462081;2941;277;3922;3922;6.52;0.40;264.08;3.14;981;12;1326.00;0
2944;12;4462091;2944;274;3923;3923;6.50;0.40;264.30;3.13;979;12;1327.00;0
2946;12;4462102;2946;268;3923;3923;6.49;0.40;264.31;3.13;977;12;1328.00;0
2949;12;4462112;2949;264;3923;3923;6.45;0.40;264.36;3.13;974;12;1329.00;0
2952;12;4462122;2952;268;3923;3923;6.44;0.39;264.34;3.13;971;12;1330.00;0
2955;12;4462131;2955;274;3923;3923;6.41;0.39;264.26;3.13;968;12;1331.00;0
2960;12;4462141;2960;278;3934;3935;6.45;0.40;264.31;3.13;974;12;1332.00;1
2965;12;4462152;2965;277;3934;3935;6.42;0.39;264.26;3.13;969;12;1333.00;1
2971;12;4462163;2971;272;3935;3935;6.46;0.39;264.17;3.13;964;12;1334.00;0
2974;12;4462179;2974;274;3935;3935;6.48;0.40;264.20;3.13;961;12;1335.00;0
2978;12;4462188;2978;283;3935;3935;6.53;0.40;264.38;3.13;957;12;1336.00;0
2982;12;4462199;2982;292;3935;3935;6.53;0.40;264.52;3.13;953;12;1337.00;0
2985;12;4462209;2985;292;3939;3939;6.53;0.40;264.79;3.12;954;12;1338.00;0
2989;12;4462220;2989;296;3939;3939;6.54;0.40;264.89;3.12;950;12;1339.00;0
2994;12;4462230;2994;304;3943;3943;6.64;0.41;265.23;3.12;949;12;1340.00;0
2997;12;4462241;2997;309;3944;3944;6.73;0.41;265.39;3.12;947;12;1341.00;0
3003;12;4462252;3003;311;3944;3944;6.74;0.41;265.52;3.12;941;12;1342.00;0
3008;12;4462263;3008;315;3944;3944;6.75;0.41;265.72;3.12;936;12;1343.00;0
3009;12;4462274;3009;322;3957;3957;6.84;0.42;265.89;3.11;948;12;1344.00;0
3016;12;4462286;3016;328;3957;3957;6.78;0.41;265.96;3.11;941;12;1345.00;0
3022;12;4462302;3022;333;3957;3957;6.67;0.41;266.39;3.11;935;12;1346.00;0
3025;12;4462313;3025;335;3958;3958;6.65;0.40;266.51;3.11;933;12;1347.00;0
3031;12;4462323;3031;334;3959;3959;6.56;0.40;266.71;3.11;928;12;1348.00;0
3036;12;4462334;3036;341;3959;3959;6.51;0.40;266.81;3.11;923;12;1349.00;0
3040;12;4462346;3040;355;3965;3968;6.50;0.40;266.89;3.10;925;12;1350.00;3
3044;12;4462357;3044;362;3965;3968;6.45;0.39;267.09;3.10;921;12;1351.00;3
3049;12;4462368;3049;361;3967;3968;6.41;0.39;267.47;3.10;918;12;1352.00;1
3052;12;4462378;3052;369;3967;3968;6.35;0.39;267.58;3.10;915;12;1353.00;1
3057;12;4462389;3057;370;3973;3974;6.25;0.38;267.60;3.10;916;12;1354.00;1
3059;12;4462399;3059;376;3974;3974;6.29;0.39;267.68;3.10;915;12;1355.00;0
3062;12;4462409;3062;378;3974;3974;6.27;0.39;267.70;3.10;912;12;1356.00;0
3067;12;4462419;3067;386;3974;3974;6.14;0.38;267.91;3.10;907;12;1357.00;0
3070;12;4462430;3070;390;3978;3978;6.16;0.38;267.93;3.10;908;12;1358.00;0
3073;12;4462440;3073;392;3979;3979;6.11;0.37;267.96;3.10;906;12;1359.00;0
3080;12;4462450;3080;396;3979;3979;6.00;0.37;267.89;3.10;899;12;1360.00;0
3082;12;4462460;3082;400;3980;3980;5.96;0.36;267.90;3.10;898;12;1361.00;0
3084;12;4462469;3084;401;3980;3980;5.88;0.36;267.87;3.10;896;12;1362.00;0
3087;12;4462479;3087;404;3980;3980;5.82;0.36;267.89;3.10;893;12;1363.00;0
3089;12;4462488;3089;409;3980;3980;5.71;0.35;267.84;3.10;891;12;1364.00;0
3091;12;4462497;3091;412;3980;3980;5.64;0.35;267.83;3.10;889;12;1365.00;0
3094;12;4462506;3094;422;3980;3980;5.48;0.33;267.73;3.10;886;12;1366.00;0
3096;12;4462515;3096;413;3980;3980;5.43;0.33;267.69;3.10;884;12;1367.00;0
3099;12;4462525;3099;420;4024;4050;5.62;0.34;267.66;3.06;925;12;1368.00;26
3100;12;4462541;3100;415;4026;4051;5.68;0.35;267.62;3.06;926;12;1369.00;25
3101;12;4462552;3101;411;4034;4051;5.83;0.36;267.58;3.06;933;12;1370.00;17
3102;12;4462562;3102;409;4037;4051;5.93;0.36;267.59;3.06;935;12;1371.00;14
3105;12;4462571;3105;410;4039;4051;5.98;0.36;267.57;3.06;934;12;1372.00;12
3107;12;4462581;3107;408;4042;4051;6.06;0.37;267.56;3.06;935;12;1373.00;9
3108;12;4462591;3108;413;4045;4051;6.08;0.37;267.49;3.06;937;12;1374.00;6
3110;12;4462601;3110;415;4048;4051;6.09;0.37;267.45;3.07;938;12;1375.00;3
3111;12;4462610;3111;400;4050;4052;6.11;0.37;267.46;3.07;939;12;1376.00;2
3111;12;4462621;3111;392;4051;4053;6.10;0.37;267.46;3.07;940;12;1377.00;2
3111;12;4462641;3111;395;4052;4053;6.14;0.38;267.46;3.07;941;12;1378.00;1
3115;12;4462651;3115;387;4057;4057;6.17;0.38;267.53;3.07;942;12;1379.00;0
3115;12;4462664;3115;386;4057;4057;6.28;0.39;267.53;3.07;942;12;1380.00;0
3119;12;4462674;3119;384;4057;4057;6.33;0.39;267.52;3.07;938;12;1381.00;0
3119;12;4462685;3119;386;4057;4057;6.42;0.40;267.52;3.07;938;12;1382.00;0
3120;12;4462696;3120;380;4063;4063;6.53;0.40;267.53;3.07;943;12;1383.00;0
3123;12;4462707;3123;383;4063;4063;6.61;0.41;267.69;3.07;940;12;1384.00;0
3124;12;4462718;3124;379;4063;4063;6.66;0.41;267.71;3.07;939;12;1385.00;0
3125;12;4462730;3125;380;4065;4066;6.76;0.41;267.65;3.06;940;12;1386.00;1
3126;12;4462740;3126;381;4065;4066;6.88;0.42;267.66;3.06;939;12;1387.00;1
3126;12;4462752;3126;378;4066;4066;6.99;0.43;267.66;3.06;940;12;1388.00;0
3127;12;4462763;3127;377;4067;4067;7.04;0.43;267.60;3.06;940;12;1389.00;0
3132;12;4462773;3132;363;4068;4068;7.11;0.43;267.71;3.06;936;12;1390.00;0
3132;12;4462786;3132;356;4068;4068;7.15;0.44;267.71;3.06;936;12;1391.00;0
3134;12;4462801;3134;357;4080;4081;7.20;0.44;267.73;3.05;946;12;1392.00;1
3137;12;4462813;3137;351;4081;4081;7.23;0.44;267.61;3.05;944;12;1393.00;0
3138;12;4462825;3138;352;4081;4081;7.30;0.44;267.65;3.05;943;12;1394.00;0
3142;12;4462836;3142;345;4083;4083;7.35;0.45;267.53;3.05;941;12;1395.00;0
3146;12;4462847;3146;347;4083;4083;7.34;0.45;267.44;3.05;937;12;1396.00;0
3147;12;4462858;3147;345;4087;4087;7.41;0.45;267.39;3.05;940;12;1397.00;0
3150;12;4462870;3150;342;4087;4087;7.47;0.45;267.42;3.05;937;12;1398.00;0
3153;12;4462881;3153;339;4091;4091;7.50;0.45;267.48;3.05;938;12;1399.00;0
3153;12;4462893;3153;332;4091;4091;7.55;0.46;267.48;3.05;938;12;1400.00;0
3157;12;4462908;3157;329;4091;4091;7.58;0.46;267.54;3.05;934;12;1401.00;0
3157;12;4462920;3157;324;4091;4091;7.58;0.46;267.54;3.05;934;12;1402.00;0
3157;12;4462938;3157;324;4091;4091;7.59;0.46;267.54;3.05;934;12;1403.00;0
3158;12;4462949;3158;320;4101;4103;7.58;0.46;267.55;3.04;943;12;1404.00;2
3162;12;4462962;3162;322;4101;4103;7.53;0.46;267.47;3.04;939;12;1405.00;2
3164;12;4462973;3164;323;4103;4103;7.49;0.45;267.47;3.04;939;12;1406.00;0
3166;12;4462984;3166;324;4103;4103;7.44;0.45;267.49;3.04;937;12;1407.00;0
3167;12;4463000;3167;323;4103;4103;7.42;0.45;267.46;3.04;936;12;1408.00;0
3168;12;4463011;3168;326;4103;4103;7.34;0.44;267.48;3.04;935;12;1409.00;0
3171;12;4463024;3171;318;4104;4104;7.24;0.44;267.74;3.04;933;12;1410.00;0
3173;13;4463035;3173;312;4104;4104;7.21;0.43;267.75;3.04;931;13;1411.00;0
3175;13;4463052;3175;308;4110;4110;7.21;0.43;267.81;3.04;935;13;1412.00;0
3175;13;4463064;3175;304;4111;4111;7.19;0.43;267.81;3.04;936;13;1413.00;0
3176;13;4463074;3176;295;4111;4111;7.22;0.44;267.74;3.04;935;13;1414.00;0
3178;13;4463089;3178;291;4111;4111;7.24;0.44;267.90;3.04;933;13;1415.00;0
3181;13;4463100;3181;280;4115;4115;7.25;0.44;268.02;3.03;934;13;1416.00;0
3181;13;4463111;3181;274;4115;4115;7.29;0.44;268.02;3.03;934;13;1417.00;0
3181;13;4463121;3181;276;4115;4115;7.40;0.45;268.02;3.03;934;13;1418.00;0
3182;13;4463133;3182;268;4116;4116;7.48;0.45;268.09;3.03;934;13;1419.00;0
3184;13;4463142;3184;262;4120;4120;7.57;0.46;268.16;3.03;936;13;1420.00;0
3186;13;4463153;3186;255;4120;4120;7.64;0.46;268.24;3.03;934;13;1421.00;0
3188;13;4463163;3188;253;4122;4123;7.77;0.47;268.17;3.03;934;13;1422.00;1
3190;13;4463174;3190;247;4122;4123;7.85;0.48;268.16;3.03;932;13;1423.00;1
3194;13;4463184;3194;242;4123;4123;7.91;0.48;268.43;3.03;929;13;1424.00;0
3200;13;4463196;3200;238;4123;4123;7.96;0.48;268.65;3.03;923;13;1425.00;0
3203;14;4463206;3203;229;4127;4127;8.07;0.49;268.68;3.03;924;14;1426.00;0
3209;14;4463232;3209;230;4127;4127;8.10;0.49;268.81;3.03;918;14;1427.00;0
3211;14;4463243;3211;227;4127;4127;8.17;0.50;268.74;3.03;916;14;1428.00;0
3213;14;4463253;3213;227;4127;4127;8.22;0.50;268.72;3.03;914;14;1429.00;0
3218;14;4463264;3218;223;4128;4128;8.23;0.50;268.95;3.03;910;14;1430.00;0
3219;14;4463275;3219;219;4129;4129;8.25;0.50;268.95;3.03;910;14;1431.00;0
3220;15;4463286;3220;213;4129;4129;8.19;0.49;268.98;3.03;909;15;1432.00;0
3222;15;4463312;3222;210;4130;4130;8.15;0.49;268.96;3.03;908;15;1433.00;0
3225;15;4463323;3225;209;4130;4130;8.08;0.49;269.10;3.03;905;15;1434.00;0
3226;15;4463334;3226;206;4130;4130;8.08;0.49;269.10;3.03;904;15;1435.00;0
3228;15;4463344;3228;209;4130;4130;8.08;0.49;269.02;3.03;902;15;1436.00;0
3231;15;4463359;3231;214;4130;4130;8.06;0.49;269.08;3.03;899;15;1437.00;0
3235;15;4463369;3235;212;4130;4130;7.97;0.48;269.30;3.03;895;15;1438.00;0
3239;15;4463379;3239;207;4130;4130;7.90;0.48;269.38;3.03;891;15;1439.00;0
3240;15;4463391;3240;248;4240;4360;8.02;0.50;269.34;2.95;1000;15;1440.00;120
3241;15;4463418;3241;243;4246;4361;7.92;0.49;269.44;2.94;1005;15;1441.00;115
3241;15;4463429;3241;232;4258;4361;7.90;0.49;269.44;2.94;1017;15;1442.00;103
3244;15;4463439;3244;225;4267;4361;7.93;0.49;269.57;2.94;1023;15;1443.00;94
3245;15;4463455;3245;224;4275;4361;7.97;0.49;269.53;2.94;1030;15;1444.00;86
3245;15;4463466;3245;214;4282;4361;7.96;0.49;269.53;2.95;1037;15;1445.00;79
3246;15;4463477;3246;214;4289;4361;7.95;0.49;269.49;2.95;1043;15;1446.00;72
3246;15;4463488;3246;221;4294;4361;7.98;0.50;269.49;2.96;1048;15;1447.00;67
3246;15;4463499;3246;221;4304;4362;8.00;0.50;269.49;2.97;1058;15;1448.00;58
3248;15;4463511;3248;223;4308;4363;7.99;0.50;269.50;2.97;1060;15;1449.00;55
3250;15;4463523;3250;224;4313;4363;7.98;0.49;269.39;2.98;1063;15;1450.00;50
3253;15;4463535;3253;231;4319;4364;7.95;0.49;269.46;2.99;1066;15;1451.00;45
3257;15;4463547;3257;233;4322;4364;7.90;0.49;269.44;3.00;1065;15;1452.00;42
3258;15;4463559;3258;240;4325;4364;7.82;0.48;269.36;3.01;1067;15;1453.00;39
3260;15;4463571;3260;247;4329;4364;7.77;0.48;269.50;3.02;1069;15;1454.00;35
3262;15;4463588;3262;255;4334;4368;7.65;0.47;269.52;3.02;1072;15;1455.00;34
3263;15;4463604;3263;260;4339;4368;7.57;0.47;269.52;3.04;1076;15;1456.00;29
3266;15;4463616;3266;263;4342;4368;7.55;0.47;269.44;3.04;1076;15;1457.00;26
3267;15;4463628;3267;267;4346;4371;7.52;0.46;269.50;3.05;1079;15;1458.00;25
3271;15;4463641;3271;273;4346;4371;7.55;0.46;269.69;3.05;1075;15;1459.00;25
3272;15;4463652;3272;287;4347;4371;7.58;0.47;269.77;3.06;1075;15;1460.00;24
3276;15;4463665;3276;293;4353;4375;7.55;0.46;269.86;3.06;1077;15;1461.00;22
3280;15;4463693;3280;296;4355;4376;7.56;0.46;269.92;3.07;1075;15;1462.00;21
3281;15;4463705;3281;306;4355;4376;7.56;0.46;269.97;3.07;1074;15;1463.00;21
3283;15;4463717;3283;309;4361;4380;7.62;0.47;269.95;3.08;1078;15;1464.00;19
3286;15;4463729;3286;312;4364;4380;7.55;0.46;270.14;3.09;1078;15;1465.00;16
3289;15;4463742;3289;310;4367;4380;7.44;0.46;270.13;3.11;1078;15;1466.00;13
3292;15;4463754;3292;317;4368;4381;7.34;0.45;270.22;3.11;1076;15;1467.00;13
3296;15;4463767;3296;322;4369;4381;7.19;0.44;270.19;3.12;1073;15;1468.00;12
3297;15;4463779;3297;325;4376;4387;7.07;0.43;270.19;3.12;1079;15;1469.00;11
3299;15;4463793;3299;321;4376;4387;7.01;0.43;270.21;3.12;1077;15;1470.00;11
3301;15;4463806;3301;321;4377;4388;6.94;0.42;270.13;3.12;1076;15;1471.00;11
3303;15;4463818;3303;321;4378;4388;6.92;0.42;270.25;3.12;1075;15;1472.00;10
3305;15;4463830;3305;320;4378;4388;6.94;0.42;270.34;3.12;1073;15;1473.00;10
3307;15;4463842;3307;324;4379;4388;7.01;0.43;270.39;3.13;1072;15;1474.00;9
3309;15;4463854;3309;320;4380;4388;6.96;0.42;270.51;3.13;1071;15;1475.00;8
3312;15;4463866;3312;320;4390;4400;6.92;0.42;270.82;3.13;1078;15;1476.00;10
3313;15;4463883;3313;323;4390;4400;6.89;0.42;270.95;3.13;1077;15;1477.00;10
3313;15;4463894;3313;328;4392;4400;6.88;0.42;270.95;3.13;1079;15;1478.00;8
3317;15;4463905;3317;330;4393;4400;6.87;0.42;271.14;3.14;1076;15;1479.00;7
3318;15;4463917;3318;333;4394;4400;6.87;0.42;271.12;3.15;1076;15;1480.00;6
3324;15;4463927;3324;342;4396;4400;6.75;0.41;271.51;3.16;1072;15;1481.00;4
3329;15;4463938;3329;350;4400;4404;6.62;0.41;271.86;3.16;1071;15;1482.00;4
3334;15;4463956;3334;351;4400;4404;6.52;0.40;272.00;3.16;1066;15;1483.00;4
3337;15;4463967;3337;362;4405;4408;6.47;0.40;272.14;3.16;1068;15;1484.00;3
3343;15;4463978;3343;355;4407;4410;6.32;0.39;272.42;3.16;1064;15;1485.00;3
3345;15;4463989;3345;357;4408;4410;6.23;0.38;272.43;3.16;1063;15;1486.00;2
3351;15;4464000;3351;357;4408;4410;6.11;0.37;272.70;3.16;1057;15;1487.00;2
3355;15;4464010;3355;362;4421;4423;6.11;0.37;272.97;3.15;1066;15;1488.00;2
3357;15;4464022;3357;365;4421;4423;6.15;0.38;273.10;3.15;1064;15;1489.00;2
3361;15;4464032;3361;371;4421;4423;6.16;0.38;273.12;3.15;1060;15;1490.00;2
3366;15;4464042;3366;371;4422;4424;6.17;0.38;273.10;3.15;1056;15;1491.00;2
3371;15;4464053;3371;366;4423;4425;6.13;0.38;273.37;3.15;1052;15;1492.00;2
3375;15;4464064;3375;362;4423;4425;6.09;0.37;273.55;3.15;1048;15;1493.00;2
3378;15;4464075;3378;364;4425;4428;6.09;0.37;273.68;3.15;1047;15;1494.00;3
3384;15;4464085;3384;371;4425;4428;6.03;0.37;273.83;3.15;1041;15;1495.00;3
3390;15;4464096;3390;371;4427;4428;5.96;0.37;273.91;3.16;1037;15;1496.00;1
3395;15;4464107;3395;367;4427;4428;5.91;0.36;273.92;3.16;1032;15;1497.00;1
3401;15;4464117;3401;372;4433;4434;5.93;0.36;273.87;3.16;1032;15;1498.00;1
3405;15;4464128;3405;375;4433;4434;5.85;0.36;274.00;3.16;1028;15;1499.00;1
3410;15;4464141;3410;393;4438;4453;5.77;0.35;274.05;3.15;1028;15;1500.00;15
3414;15;4464159;3414;393;4438;4453;5.73;0.35;273.87;3.15;1024;15;1501.00;15
3420;15;4464170;3420;399;4443;4457;5.65;0.35;273.88;3.15;1023;15;1502.00;14
3423;15;4464180;3423;398;4444;4458;5.62;0.35;273.82;3.15;1021;15;1503.00;14
3428;15;4464191;3428;403;4444;4458;5.60;0.35;273.78;3.15;1016;15;1504.00;14
3431;15;4464202;3431;404;4446;4459;5.62;0.35;273.82;3.15;1015;15;1505.00;13
3435;15;4464214;3435;408;4448;4459;5.55;0.34;273.88;3.15;1013;15;1506.00;11
3441;15;4464223;3441;413;4448;4459;5.53;0.34;273.61;3.15;1007;15;1507.00;11
3444;15;4464233;3444;416;4448;4459;5.53;0.34;273.77;3.15;1004;15;1508.00;11
3448;15;4464243;3448;415;4448;4459;5.46;0.34;273.67;3.15;1000;15;1509.00;11
3450;15;4464254;3450;418;4448;4459;5.41;0.34;273.79;3.15;998;15;1510.00;11
3453;15;4464265;3453;427;4449;4459;5.36;0.33;273.91;3.15;996;15;1511.00;10
3457;15;4464275;3457;444;4492;4529;5.48;0.34;273.82;3.12;1035;15;1512.00;37
3461;15;4464290;3461;450;4493;4530;5.46;0.34;273.84;3.12;1032;15;1513.00;37
3467;15;4464301;3467;453;4499;4530;5.48;0.34;273.95;3.12;1032;15;1514.00;31
3471;15;4464311;3471;460;4502;4530;5.47;0.34;273.91;3.12;1031;15;1515.00;28
3473;15;4464322;3473;462;4504;4530;5.50;0.34;273.87;3.12;1031;15;1516.00;26
3475;15;4464332;3475;467;4507;4530;5.53;0.34;273.93;3.13;1032;15;1517.00;23
3481;15;4464342;3481;471;4511;4530;5.53;0.34;273.97;3.13;1030;15;1518.00;19
3483;15;4464353;3483;475;4514;4530;5.51;0.34;273.84;3.15;1031;15;1519.00;16
3489;15;4464363;3489;476;4515;4531;5.51;0.34;273.78;3.15;1026;15;1520.00;16
3493;15;4464374;3493;482;4517;4532;5.46;0.34;273.72;3.15;1024;15;1521.00;15
3498;15;4464384;3498;487;4520;4532;5.39;0.33;273.68;3.16;1022;15;1522.00;12
3500;15;4464395;3500;492;4527;4536;5.38;0.33;273.79;3.17;1027;15;1523.00;9
3505;15;4464405;3505;499;4528;4536;5.31;0.33;273.83;3.17;1023;15;1524.00;8
3507;15;4464414;3507;509;4528;4536;5.23;0.32;273.78;3.17;1021;15;1525.00;8
3511;15;4464425;3511;506;4528;4536;5.17;0.32;273.83;3.17;1017;15;1526.00;8
3512;15;4464434;3512;512;4533;4542;5.16;0.32;273.77;3.16;1021;15;1527.00;9
3515;15;4464449;3515;515;4533;4542;5.08;0.31;273.85;3.16;1018;15;1528.00;9
3519;15;4464460;3519;518;4535;4542;5.04;0.31;273.94;3.17;1016;15;1529.00;7
3521;15;4464471;3521;520;4538;4548;5.07;0.31;273.86;3.17;1017;15;1530.00;10
3522;15;4464482;3522;525;4538;4548;5.00;0.31;273.90;3.17;1016;15;1531.00;10
3526;15;4464492;3526;524;4541;4548;4.91;0.30;273.92;3.18;1015;15;1532.00;7
3527;15;4464502;3527;530;4543;4549;4.87;0.30;273.92;3.18;1016;15;1533.00;6
3532;15;4464513;3532;529;4544;4550;4.84;0.30;273.96;3.18;1012;15;1534.00;6
3536;15;4464523;3536;529;4547;4550;4.78;0.29;273.89;3.19;1011;15;1535.00;3
3538;15;4464534;3538;526;4559;4563;4.91;0.30;273.85;3.18;1021;15;1536.00;4
3539;15;4464545;3539;506;4559;4563;5.00;0.31;273.88;3.18;1020;15;1537.00;4
3540;15;4464556;3540;497;4560;4563;5.11;0.31;273.91;3.18;1020;15;1538.00;3
3543;15;4464567;3543;497;4561;4564;5.27;0.32;273.91;3.18;1018;15;1539.00;3
3544;15;4464577;3544;493;4563;4564;5.41;0.33;273.84;3.20;1019;15;1540.00;1
3547;15;4464593;3547;479;4567;4568;5.59;0.34;273.79;3.19;1020;15;1541.00;1
3549;15;4464605;3549;468;4568;4568;5.71;0.35;273.76;3.20;1019;15;1542.00;0
3552;15;4464616;3552;454;4572;4572;5.78;0.35;273.83;3.19;1020;15;1543.00;0
3553;15;4464628;3553;442;4572;4572;5.88;0.36;273.77;3.19;1019;15;1544.00;0
3557;15;4464639;3557;431;4572;4572;5.98;0.36;273.81;3.19;1015;15;1545.00;0
3557;15;4464651;3557;423;4572;4572;6.05;0.37;273.81;3.19;1015;15;1546.00;0
3559;15;4464668;3559;409;4572;4572;6.07;0.37;273.78;3.19;1013;15;1547.00;0
3561;15;4464689;3561;403;4581;4584;6.04;0.37;273.75;3.19;1020;15;1548.00;3
3562;15;4464707;3562;391;4582;4584;6.10;0.37;273.75;3.19;1020;15;1549.00;2
3564;15;4464719;3564;393;4584;4584;6.20;0.38;273.70;3.19;1020;15;1550.00;0
3565;15;4464731;3565;391;4584;4584;6.28;0.38;273.65;3.19;1019;15;1551.00;0
3565;15;4464742;3565;393;4584;4584;6.36;0.39;273.65;3.19;1019;15;1552.00;0
3567;15;4464754;3567;384;4584;4584;6.47;0.39;273.65;3.19;1017;15;1553.00;0
3568;15;4464766;3568;377;4585;4585;6.52;0.40;273.64;3.19;1017;15;1554.00;0
3569;15;4464778;3569;374;4587;4587;6.58;0.40;273.60;3.18;1018;15;1555.00;0
3570;15;4464791;3570;372;4593;4593;6.64;0.40;273.62;3.18;1023;15;1556.00;0
3570;15;4464802;3570;360;4594;4594;6.66;0.40;273.62;3.18;1024;15;1557.00;0
3571;15;4464814;3571;355;4594;4594;6.69;0.41;273.64;3.18;1023;15;1558.00;0
3574;15;4464826;3574;354;4594;4594;6.69;0.41;273.68;3.18;1020;15;1559.00;0
3581;15;4464839;3581;350;4599;4599;6.70;0.41;273.71;3.18;1018;15;1560.00;0
3583;15;4464852;3583;350;4599;4599;6.74;0.41;273.83;3.18;1016;15;1561.00;0
3586;15;4464864;3586;351;4599;4599;6.77;0.41;273.95;3.18;1013;15;1562.00;0
3586;15;4464875;3586;346;4600;4600;6.91;0.42;273.95;3.18;1014;15;1563.00;0
3587;16;4464887;3587;345;4604;4604;6.95;0.42;274.07;3.18;1017;16;1564.00;0
3589;16;4464909;3589;339;4604;4604;7.00;0.43;274.09;3.18;1015;16;1565.00;0
3592;16;4464920;3592;343;4606;4607;7.03;0.43;274.36;3.17;1014;16;1566.00;1
3595;16;4464937;3595;349;4606;4607;7.08;0.43;274.33;3.17;1011;16;1567.00;1
3596;16;4464949;3596;348;4607;4607;7.11;0.43;274.35;3.17;1011;16;1568.00;0
3601;16;4464961;3601;353;4607;4607;7.11;0.43;274.47;3.17;1006;16;1569.00;0
3604;16;4464972;3604;353;4611;4611;7.13;0.43;274.67;3.17;1007;16;1570.00;0
3608;16;4464984;3608;355;4611;4611;7.14;0.43;274.76;3.17;1003;16;1571.00;0
3612;16;4464995;3612;359;4611;4611;7.12;0.43;274.97;3.17;999;16;1572.00;0
3615;16;4465007;3615;359;4611;4611;7.06;0.43;275.12;3.17;996;16;1573.00;0
3617;16;4465018;3617;356;4612;4612;7.03;0.43;275.14;3.17;995;16;1574.00;0
3622;16;4465030;3622;347;4614;4614;7.07;0.43;275.36;3.17;992;16;1575.00;0
3624;16;4465041;3624;342;4614;4614;7.10;0.43;275.63;3.17;990;16;1576.00;0
3629;16;4465053;3629;329;4615;4615;7.16;0.43;275.92;3.17;986;16;1577.00;0
3630;16;4465064;3630;325;4615;4615;7.16;0.43;275.96;3.17;985;16;1578.00;0
3634;16;4465075;3634;311;4615;4615;7.01;0.43;276.12;3.17;981;16;1579.00;0
3635;16;4465086;3635;306;4615;4615;7.01;0.43;276.15;3.17;980;16;1580.00;0
3638;16;4465097;3638;297;4615;4615;7.01;0.43;276.21;3.17;977;16;1581.00;0
3641;16;4465108;3641;283;4615;4615;7.06;0.43;276.26;3.17;974;16;1582.00;0
3647;16;4465119;3647;282;4615;4615;7.00;0.42;276.56;3.17;968;16;1583.00;0
3647;16;4465129;3647;311;4696;4742;7.00;0.43;276.56;3.12;1049;16;1584.00;46
3650;16;4465151;3650;293;4696;4743;7.00;0.43;276.76;3.12;1046;16;1585.00;47
3652;16;4465162;3652;280;4702;4743;7.06;0.43;276.91;3.11;1050;16;1586.00;41
3656;16;4465174;3656;275;4704;4743;7.07;0.44;277.07;3.11;1048;16;1587.00;39
3661;16;4465185;3661;273;4708;4743;7.10;0.44;277.31;3.11;1047;16;1588.00;35
3665;16;4465197;3665;266;4710;4743;7.14;0.44;277.35;3.12;1045;16;1589.00;33
3669;16;4465210;3669;266;4713;4743;7.14;0.44;277.40;3.12;1044;16;1590.00;30
3671;16;4465222;3671;267;4715;4743;7.15;0.44;277.43;3.12;1044;16;1591.00;28
3673;16;4465234;3673;268;4718;4744;7.23;0.44;277.33;3.12;1045;16;1592.00;26
3676;16;4465250;3676;271;4721;4745;7.22;0.44;277.41;3.13;1045;16;1593.00;24
3677;16;4465262;3677;266;4725;4745;7.23;0.44;277.36;3.13;1048;16;1594.00;20
3680;16;4465274;3680;261;4726;4746;7.20;0.44;277.38;3.13;1046;16;1595.00;20
3681;16;4465286;3681;257;4732;4746;7.19;0.44;277.31;3.14;1051;16;1596.00;14
3684;16;4465298;3684;261;4733;4746;7.17;0.44;277.47;3.15;1049;16;1597.00;13
3686;16;4465310;3686;259;4736;4746;7.15;0.44;277.37;3.15;1050;16;1598.00;10
3688;16;4465321;3688;265;4739;4750;7.18;0.44;277.44;3.16;1051;16;1599.00;11
3689;17;4465334;3689;278;4742;4750;7.16;0.44;277.36;3.16;1053;17;1600.00;8
3692;17;4465355;3692;279;4742;4750;7.17;0.44;277.34;3.16;1050;17;1601.00;8
3694;17;4465367;3694;277;4744;4753;7.14;0.43;277.35;3.15;1050;17;1602.00;9
3699;17;4465379;3699;277;4745;4753;7.03;0.43;277.49;3.16;1046;17;1603.00;8
3700;17;4465396;3700;276;4748;4753;7.03;0.43;277.46;3.17;1048;17;1604.00;5
3703;17;4465407;3703;285;4751;4757;7.00;0.42;277.56;3.17;1048;17;1605.00;6
3707;17;4465419;3707;287;4752;4758;7.01;0.42;277.62;3.17;1045;17;1606.00;6
3708;17;4465431;3708;291;4753;4758;7.04;0.43;277.73;3.17;1045;17;1607.00;5
3708;17;4465443;3708;289;4758;4762;7.09;0.43;277.73;3.17;1050;17;1608.00;4
3711;17;4465456;3711;289;4758;4762;7.09;0.43;277.83;3.17;1047;17;1609.00;4
3711;17;4465468;3711;287;4758;4762;7.14;0.43;277.83;3.17;1047;17;1610.00;4
3714;17;4465480;3714;297;4759;4763;7.16;0.43;278.02;3.17;1045;17;1611.00;4
3716;17;4465493;3716;296;4759;4763;7.10;0.43;278.05;3.17;1043;17;1612.00;4
3717;17;4465504;3717;297;4765;4769;7.15;0.43;278.08;3.17;1048;17;1613.00;4
3718;17;4465517;3718;304;4765;4769;7.14;0.43;278.15;3.17;1047;17;1614.00;4
3718;17;4465530;3718;301;4766;4770;7.16;0.43;278.15;3.17;1048;17;1615.00;4
3723;17;4465541;3723;298;4766;4770;7.19;0.44;278.45;3.17;1043;17;1616.00;4
3727;17;4465553;3727;302;4766;4770;7.19;0.44;278.62;3.17;1039;17;1617.00;4
3728;17;4465565;3728;309;4767;4770;7.16;0.43;278.57;3.18;1039;17;1618.00;3
3730;17;4465577;3730;309;4767;4770;7.18;0.44;278.81;3.18;1037;17;1619.00;3
3731;17;4465595;3731;314;4796;4806;7.27;0.44;278.93;3.16;1065;17;1620.00;10
3735;17;4465608;3735;305;4799;4806;7.21;0.44;279.04;3.16;1064;17;1621.00;7
3738;17;4465620;3738;312;4801;4806;7.17;0.44;279.22;3.16;1063;17;1622.00;5
3740;17;4465632;3740;317;4801;4806;7.11;0.43;279.34;3.16;1061;17;1623.00;5
3744;17;4465643;3744;313;4803;4806;7.06;0.43;279.45;3.16;1059;17;1624.00;3
3745;17;4465655;3745;314;4804;4806;7.01;0.43;279.52;3.17;1059;17;1625.00;2
3746;17;4465666;3746;318;4809;4810;6.94;0.42;279.66;3.17;1063;17;1626.00;1
3749;17;4465678;3749;317;4810;4810;6.88;0.42;279.68;3.17;1061;17;1627.00;0
3752;17;4465689;3752;314;4814;4814;6.90;0.42;279.73;3.16;1062;17;1628.00;0
3754;17;4465706;3754;321;4815;4815;6.85;0.42;279.83;3.16;1061;17;1629.00;0
3755;17;4465717;3755;318;4815;4815;6.83;0.42;279.80;3.16;1060;17;1630.00;0
3757;17;4465728;3757;327;4815;4815;6.74;0.41;279.83;3.16;1058;17;1631.00;0
3761;17;4465738;3761;331;4828;4828;6.71;0.41;279.81;3.15;1067;17;1632.00;0
3765;17;4465750;3765;338;4828;4828;6.61;0.41;279.92;3.15;1063;17;1633.00;0
3769;17;4465762;3769;338;4828;4828;6.51;0.40;279.83;3.15;1059;17;1634.00;0
3771;17;4465773;3771;336;4829;4829;6.44;0.39;279.84;3.15;1058;17;1635.00;0
3774;17;4465784;3774;338;4830;4830;6.40;0.39;279.99;3.15;1056;17;1636.00;0
3776;17;4465796;3776;339;4830;4830;6.37;0.39;279.99;3.15;1054;17;1637.00;0
3778;17;4465807;3778;328;4833;4833;6.36;0.39;279.90;3.15;1055;17;1638.00;0
3780;17;4465818;3780;340;4833;4833;6.34;0.39;279.86;3.15;1053;17;1639.00;0
3780;17;4465828;3780;334;4833;4833;6.31;0.39;279.86;3.15;1053;17;1640.00;0
3783;17;4465839;3783;336;4833;4833;6.26;0.38;279.83;3.15;1050;17;1641.00;0
3789;17;4465849;3789;342;4839;4839;6.21;0.38;279.86;3.15;1050;17;1642.00;0
3791;17;4465860;3791;347;4839;4839;6.09;0.37;279.86;3.15;1048;17;1643.00;0
3793;17;4465870;3793;346;4839;4839;6.05;0.37;279.84;3.15;1046;17;1644.00;0
3800;17;4465880;3800;354;4839;4839;5.94;0.36;279.65;3.15;1039;17;1645.00;0
3804;17;4465889;3804;351;4843;4843;5.83;0.36;279.91;3.15;1039;17;1646.00;0
3808;17;4465899;3808;359;4844;4844;5.66;0.35;280.04;3.15;1036;17;1647.00;0
3811;17;4465909;3811;363;4844;4844;5.55;0.34;280.13;3.15;1033;17;1648.00;0
3816;17;4465918;3816;373;4845;4845;5.42;0.33;280.18;3.15;1029;17;1649.00;0
3819;17;4465930;3819;370;4845;4845;5.31;0.33;280.50;3.15;1026;17;1650.00;0
3822;17;4465939;3822;368;4845;4845;5.20;0.32;280.47;3.15;1023;17;1651.00;0
3826;17;4465949;3826;360;4845;4845;5.15;0.32;280.59;3.15;1019;17;1652.00;0
3830;17;4465959;3830;360;4845;4845;5.07;0.31;280.43;3.15;1015;17;1653.00;0
3833;17;4465969;3833;360;4845;4845;5.02;0.31;280.64;3.15;1012;17;1654.00;0
3839;17;4465978;3839;358;4845;4845;4.97;0.30;280.61;3.15;1006;17;1655.00;0
3840;17;4465988;3840;371;4886;4915;5.18;0.32;280.74;3.12;1046;17;1656.00;29
3843;17;4466003;3843;372;4890;4916;5.21;0.32;280.72;3.12;1047;17;1657.00;26
3844;17;4466014;3844;371;4897;4916;5.29;0.33;280.78;3.12;1053;17;1658.00;19
3849;17;4466024;3849;366;4901;4916;5.36;0.33;280.88;3.12;1052;17;1659.00;15
3851;17;4466034;3851;367;4903;4916;5.38;0.33;280.99;3.12;1052;17;1660.00;13
3852;17;4466044;3852;366;4906;4916;5.38;0.33;280.98;3.12;1054;17;1661.00;10
3854;17;4466055;3854;365;4907;4916;5.34;0.33;281.06;3.12;1053;17;1662.00;9
3857;17;4466065;3857;374;4908;4916;5.29;0.33;281.01;3.12;1051;17;1663.00;8
3861;17;4466075;3861;383;4910;4917;5.25;0.32;280.85;3.12;1049;17;1664.00;7
3867;17;4466086;3867;384;4913;4919;5.16;0.32;280.62;3.12;1046;17;1665.00;6
3871;17;4466096;3871;397;4916;4919;5.14;0.32;280.54;3.13;1045;17;1666.00;3
3874;17;4466107;3874;400;4921;4923;5.18;0.32;280.48;3.13;1047;17;1667.00;2
3880;17;4466118;3880;402;4922;4923;5.13;0.32;280.24;3.13;1042;17;1668.00;1
3884;17;4466128;3884;402;4923;4923;5.16;0.32;280.25;3.13;1039;17;1669.00;0
3887;17;4466138;3887;404;4923;4923;5.17;0.32;280.23;3.13;1036;17;1670.00;0
3889;17;4466148;3889;407;4929;4929;5.15;0.32;280.20;3.12;1040;17;1671.00;0
3893;17;4466159;3893;411;4929;4929;5.11;0.31;280.31;3.12;1036;17;1672.00;0
3893;17;4466170;3893;413;4929;4929;5.14;0.32;280.31;3.12;1036;17;1673.00;0
3899;17;4466180;3899;415;4932;4932;5.13;0.31;280.33;3.12;1033;17;1674.00;0
3901;17;4466191;3901;416;4932;4932;5.10;0.31;280.44;3.12;1031;17;1675.00;0
3903;17;4466201;3903;426;4932;4932;5.06;0.31;280.44;3.12;1029;17;1676.00;0
3908;17;4466211;3908;431;4933;4933;4.95;0.30;280.48;3.12;1025;17;1677.00;0
3916;17;4466221;3916;448;4934;4934;4.89;0.30;280.52;3.12;1018;17;1678.00;0
3918;17;4466232;3918;447;4934;4934;4.89;0.30;280.62;3.12;1016;17;1679.00;0
3922;17;4466244;3922;456;4958;4960;4.99;0.30;280.55;3.11;1036;17;1680.00;2
3925;17;4466257;3925;464;4958;4960;5.00;0.30;280.49;3.11;1033;17;1681.00;2
3928;17;4466268;3928;468;4960;4960;5.02;0.31;280.52;3.11;1032;17;1682.00;0
3931;17;4466279;3931;470;4961;4961;5.00;0.30;280.48;3.11;1030;17;1683.00;0
3934;17;4466289;3934;463;4961;4961;5.04;0.31;280.53;3.11;1027;17;1684.00;0
3936;17;4466300;3936;456;4964;4965;5.08;0.31;280.55;3.10;1028;17;1685.00;1
3938;17;4466311;3938;449;4964;4965;5.13;0.31;280.48;3.10;1026;17;1686.00;1
3941;17;4466321;3941;447;4968;4969;5.12;0.31;280.49;3.10;1027;17;1687.00;1
3943;17;4466332;3943;441;4968;4969;5.10;0.31;280.56;3.10;1025;17;1688.00;1
3944;17;4466342;3944;446;4968;4969;5.09;0.31;280.55;3.10;1024;17;1689.00;1
3947;17;4466353;3947;451;4969;4969;5.07;0.31;280.59;3.10;1022;17;1690.00;0
3949;17;4466364;3949;446;4969;4969;5.08;0.31;280.50;3.10;1020;17;1691.00;0
3952;17;4466380;3952;446;4980;4981;5.18;0.32;280.50;3.10;1028;17;1692.00;1
3953;17;4466392;3953;443;4981;4981;5.23;0.32;280.49;3.10;1028;17;1693.00;0
3955;17;4466403;3955;438;4981;4981;5.20;0.32;280.57;3.10;1026;17;1694.00;0
3956;17;4466413;3956;433;4981;4981;5.30;0.32;280.58;3.10;1025;17;1695.00;0
3959;17;4466424;3959;427;4981;4981;5.36;0.33;280.56;3.10;1022;17;1696.00;0
3964;17;4466434;3964;415;4981;4981;5.36;0.33;280.74;3.10;1017;17;1697.00;0
3965;17;4466445;3965;407;4982;4982;5.46;0.33;280.78;3.10;1017;17;1698.00;0
3967;17;4466462;3967;400;4982;4982;5.56;0.34;280.82;3.10;1015;17;1699.00;0
3970;17;4466474;3970;400;4988;4988;5.65;0.34;280.81;3.09;1018;17;1700.00;0
3972;17;4466490;3972;395;4989;4989;5.73;0.35;280.79;3.09;1017;17;1701.00;0
3973;17;4466501;3973;389;4989;4989;5.80;0.35;280.77;3.09;1016;17;1702.00;0
3975;17;4466512;3975;386;4989;4989;5.84;0.36;280.80;3.09;1014;17;1703.00;0
3975;17;4466523;3975;386;4993;4993;5.91;0.36;280.80;3.09;1018;17;1704.00;0
3977;17;4466535;3977;383;4993;4993;5.94;0.36;280.89;3.09;1016;17;1705.00;0
3980;17;4466546;3980;378;4993;4993;5.94;0.36;281.14;3.09;1013;17;1706.00;0
3982;17;4466557;3982;363;4994;4994;6.03;0.37;281.27;3.09;1012;17;1707.00;0
3987;17;4466569;3987;355;4998;4998;6.10;0.37;281.22;3.09;1011;17;1708.00;0
3989;17;4466580;3989;349;4998;4998;6.15;0.37;281.28;3.09;1009;17;1709.00;0
3990;17;4466593;3990;352;5002;5004;6.24;0.38;281.25;3.09;1012;17;1710.00;2
3994;17;4466605;3994;346;5003;5004;6.26;0.38;281.22;3.09;1009;17;1711.00;1
3997;17;4466616;3997;343;5004;5004;6.35;0.39;281.28;3.08;1007;17;1712.00;0
3999;17;4466627;3999;349;5004;5004;6.39;0.39;281.30;3.08;1005;17;1713.00;0
4001;17;4466638;4001;354;5008;5008;6.45;0.39;281.40;3.08;1007;17;1714.00;0
4001;17;4466650;4001;359;5008;5008;6.47;0.39;281.40;3.08;1007;17;1715.00;0
4004;17;4466662;4004;363;5008;5008;6.45;0.39;281.48;3.08;1004;17;1716.00;0
4004;17;4466674;4004;361;5008;5008;6.47;0.39;281.48;3.08;1004;17;1717.00;0
4007;17;4466686;4007;354;5009;5009;6.46;0.39;281.51;3.08;1002;17;1718.00;0
4010;17;4466696;4010;352;5010;5010;6.49;0.40;281.48;3.08;1000;17;1719.00;0
4011;17;4466709;4011;351;5010;5010;6.51;0.40;281.53;3.08;999;17;1720.00;0
4014;17;4466720;4014;344;5011;5011;6.52;0.40;281.61;3.08;997;17;1721.00;0
4018;17;4466731;4018;341;5011;5011;6.47;0.39;281.61;3.08;993;17;1722.00;0
4021;17;4466742;4021;340;5011;5011;6.51;0.40;281.74;3.08;990;17;1723.00;0
4021;17;4466753;4021;346;5011;5011;6.52;0.40;281.74;3.08;990;17;1724.00;0
4022;17;4466764;4022;347;5011;5011;6.52;0.40;281.77;3.08;989;17;1725.00;0
4026;17;4466775;4026;349;5011;5011;6.53;0.40;281.92;3.08;985;17;1726.00;0
4027;17;4466786;4027;352;5011;5011;6.61;0.40;281.96;3.08;984;17;1727.00;0
4031;17;4466798;4031;374;5093;5138;6.79;0.42;282.08;3.03;1062;17;1728.00;45
4034;17;4466818;4034;369;5096;5139;6.86;0.42;282.35;3.03;1062;17;1729.00;43
4037;17;4466829;4037;365;5102;5139;6.93;0.43;282.65;3.03;1065;17;1730.00;37
4041;17;4466841;4041;359;5103;5139;6.91;0.43;282.83;3.03;1062;17;1731.00;36
4043;17;4466852;4043;358;5109;5139;6.96;0.43;283.12;3.03;1066;17;1732.00;30
4045;17;4466864;4045;359;5109;5139;6.98;0.43;283.17;3.03;1064;17;1733.00;30
4049;17;4466875;4049;364;5112;5139;6.97;0.43;283.42;3.03;1063;17;1734.00;27
4052;17;4466887;4052;365;5115;5139;6.92;0.42;283.43;3.04;1063;17;1735.00;24
4053;17;4466898;4053;370;5118;5140;6.89;0.42;283.44;3.04;1065;17;1736.00;22
4056;17;4466909;4056;374;5123;5141;6.82;0.42;283.61;3.04;1067;17;1737.00;18
4061;17;4466921;4061;376;5126;5141;6.73;0.41;283.58;3.05;1065;17;1738.00;15
4063;17;4466933;4063;384;5130;5142;6.67;0.41;283.65;3.05;1067;17;1739.00;12
4063;17;4466946;4063;382;5130;5142;6.66;0.41;283.65;3.05;1067;17;1740.00;12
4064;17;4466958;4064;388;5133;5142;6.65;0.41;283.72;3.06;1069;17;1741.00;9
4065;17;4466969;4065;384;5136;5142;6.64;0.41;283.77;3.06;1071;17;1742.00;6
4066;17;4466982;4066;370;5139;5146;6.68;0.41;283.80;3.06;1073;17;1743.00;7
4066;17;4466994;4066;359;5140;5146;6.77;0.41;283.80;3.06;1074;17;1744.00;6
4069;17;4467005;4069;352;5141;5146;6.78;0.41;283.76;3.06;1072;17;1745.00;5
4072;17;4467017;4072;351;5143;5149;6.78;0.41;283.96;3.07;1071;17;1746.00;6
4074;17;4467029;4074;336;5143;5149;6.89;0.42;283.92;3.07;1069;17;1747.00;6
4075;17;4467042;4075;327;5144;5149;6.96;0.43;283.95;3.07;1069;17;1748.00;5
4075;17;4467054;4075;321;5149;5153;6.98;0.43;283.95;3.07;1074;17;1749.00;4
4079;17;4467066;4079;314;5150;5154;6.99;0.43;284.20;3.07;1071;17;1750.00;4
4082;17;4467079;4082;309;5151;5154;7.01;0.43;284.21;3.07;1069;17;1751.00;3
4086;17;4467093;4086;302;5155;5158;7.00;0.43;284.40;3.07;1069;17;1752.00;3
4088;17;4467106;4088;301;5155;5158;7.01;0.43;284.50;3.07;1067;17;1753.00;3
4090;17;4467118;4090;297;5156;5158;7.04;0.43;284.73;3.07;1066;17;1754.00;2
4091;17;4467129;4091;294;5158;5160;7.06;0.43;284.68;3.08;1067;17;1755.00;2
4094;17;4467142;4094;286;5158;5160;7.08;0.43;284.83;3.08;1064;17;1756.00;2
4099;17;4467153;4099;283;5164;5166;7.03;0.43;284.87;3.08;1065;17;1757.00;2
4104;17;4467166;4104;280;5166;5166;7.02;0.43;284.96;3.08;1062;17;1758.00;0
4109;17;4467177;4109;274;5166;5167;6.96;0.42;285.04;3.08;1057;17;1759.00;1
4112;17;4467190;4112;281;5167;5167;6.94;0.42;285.15;3.08;1055;17;1760.00;0
4115;17;4467202;4115;288;5167;5167;6.96;0.42;285.14;3.08;1052;17;1761.00;0
4118;17;4467213;4118;282;5167;5167;6.95;0.42;285.29;3.08;1049;17;1762.00;0
4120;17;4467225;4120;285;5167;5167;6.92;0.42;285.34;3.08;1047;17;1763.00;0
4121;17;4467237;4121;285;5177;5179;6.99;0.43;285.44;3.07;1056;17;1764.00;2
4124;17;4467249;4124;288;5178;5179;7.05;0.43;285.41;3.07;1054;17;1765.00;1
4127;17;4467261;4127;293;5178;5179;7.09;0.43;285.53;3.07;1051;17;1766.00;1
4131;17;4467273;4131;293;5178;5179;7.06;0.43;285.71;3.07;1047;17;1767.00;1
4132;17;4467285;4132;292;5178;5179;7.05;0.43;285.83;3.07;1046;17;1768.00;1
4136;17;4467296;4136;295;5178;5179;6.96;0.42;286.07;3.07;1042;17;1769.00;1
4139;17;4467310;4139;298;5181;5183;6.90;0.42;286.26;3.07;1042;17;1770.00;2
4141;17;4467321;4141;298;5181;5183;6.87;0.42;286.25;3.07;1040;17;1771.00;2
4143;17;4467338;4143;300;5185;5187;6.89;0.42;286.42;3.07;1042;17;1772.00;2
4143;17;4467349;4143;301;5186;5188;6.90;0.42;286.42;3.07;1043;17;1773.00;2
4147;17;4467360;4147;301;5186;5188;6.84;0.42;286.73;3.07;1039;17;1774.00;2
4152;17;4467372;4152;300;5186;5188;6.76;0.41;286.84;3.07;1034;17;1775.00;2
4155;17;4467383;4155;305;5197;5201;6.67;0.41;286.97;3.06;1042;17;1776.00;4
4162;17;4467400;4162;301;5197;5201;6.58;0.40;287.11;3.06;1035;17;1777.00;4
4167;17;4467412;4167;307;5197;5201;6.50;0.39;287.17;3.06;1030;17;1778.00;4
4168;17;4467423;4168;312;5198;5202;6.50;0.39;287.22;3.06;1030;17;1779.00;4
4171;17;4467434;4171;315;5199;5203;6.44;0.39;287.33;3.06;1028;17;1780.00;4
4172;17;4467445;4172;314;5199;5203;6.44;0.39;287.32;3.06;1027;17;1781.00;4
4175;17;4467456;4175;322;5201;5206;6.43;0.39;287.30;3.06;1026;17;1782.00;5
4176;17;4467468;4176;331;5202;5206;6.41;0.39;287.31;3.06;1026;17;1783.00;4
4177;17;4467478;4177;330;5203;5206;6.43;0.39;287.29;3.06;1026;17;1784.00;3
4178;17;4467490;4178;334;5206;5206;6.45;0.39;287.41;3.07;1028;17;1785.00;0
4179;17;4467500;4179;340;5212;5212;6.46;0.39;287.49;3.06;1033;17;1786.00;0
4180;17;4467511;4180;336;5212;5212;6.41;0.39;287.45;3.06;1032;17;1787.00;0
4181;17;4467521;4181;343;5212;5212;6.31;0.39;287.46;3.06;1031;17;1788.00;0
4183;17;4467532;4183;348;5212;5212;6.25;0.38;287.46;3.06;1029;17;1789.00;0
4183;17;4467543;4183;355;5216;5216;6.19;0.38;287.46;3.06;1033;17;1790.00;0
4185;17;4467553;4185;359;5217;5217;6.14;0.38;287.55;3.06;1032;17;1791.00;0
4189;17;4467564;4189;363;5217;5217;6.03;0.37;287.60;3.06;1028;17;1792.00;0
4191;17;4467580;4191;369;5218;5218;5.97;0.37;287.56;3.06;1027;17;1793.00;0
4193;17;4467590;4193;373;5218;5218;5.94;0.36;287.48;3.06;1025;17;1794.00;0
4196;17;4467600;4196;379;5218;5218;5.90;0.36;287.52;3.06;1022;17;1795.00;0
4198;17;4467611;4198;381;5218;5218;5.89;0.36;287.56;3.06;1020;17;1796.00;0
4202;17;4467620;4202;387;5218;5218;5.79;0.35;287.70;3.06;1016;17;1797.00;0
4207;17;4467630;4207;393;5218;5218;5.73;0.35;287.74;3.06;1011;17;1798.00;0
4209;17;4467641;4209;392;5218;5218;5.73;0.35;287.74;3.06;1009;17;1799.00;0
4215;17;4467653;4215;399;5286;5356;5.92;0.37;287.50;3.02;1071;17;1800.00;70
4216;17;4467677;4216;386;5290;5357;5.96;0.37;287.47;3.02;1074;17;1801.00;67
4218;17;4467688;4218;388;5306;5357;6.04;0.37;287.39;3.02;1088;17;1802.00;51
4219;17;4467698;4219;377;5311;5357;6.07;0.37;287.34;3.02;1092;17;1803.00;46
4220;17;4467709;4220;372;5317;5357;6.09;0.38;287.29;3.02;1097;17;1804.00;40
4221;17;4467720;4221;373;5321;5357;6.05;0.37;287.36;3.02;1100;17;1805.00;36
4224;17;4467730;4224;368;5329;5357;6.00;0.37;287.33;3.02;1105;17;1806.00;28
4227;17;4467740;4227;373;5334;5357;5.94;0.36;287.19;3.03;1107;17;1807.00;23
4231;17;4467750;4231;370;5339;5358;5.89;0.36;286.99;3.03;1108;17;1808.00;19
4234;17;4467763;4234;376;5341;5359;5.91;0.36;286.95;3.03;1107;17;1809.00;18
4236;17;4467774;4236;386;5346;5359;5.88;0.36;286.85;3.04;1110;17;1810.00;13
4238;17;4467784;4238;384;5351;5363;5.86;0.36;286.79;3.04;1113;17;1811.00;12
4242;17;4467797;4242;388;5351;5363;5.75;0.35;286.96;3.04;1109;17;1812.00;12
4246;17;4467807;4246;396;5351;5363;5.62;0.35;286.78;3.04;1105;17;1813.00;12
4250;17;4467817;4250;410;5353;5363;5.48;0.34;286.88;3.04;1103;17;1814.00;10
4251;17;4467828;4251;398;5358;5369;5.45;0.33;286.90;3.04;1107;17;1815.00;11
4255;17;4467839;4255;394;5359;5369;5.41;0.33;286.94;3.04;1104;17;1816.00;10
4259;17;4467849;4259;399;5359;5369;5.38;0.33;286.98;3.04;1100;17;1817.00;10
4262;17;4467865;4262;402;5361;5372;5.34;0.33;287.17;3.04;1099;17;1818.00;11
4264;17;4467876;4264;407;5361;5372;5.29;0.33;287.24;3.04;1097;17;1819.00;11
4267;17;4467886;4267;417;5362;5372;5.19;0.32;287.25;3.04;1095;17;1820.00;10
4270;17;4467896;4270;423;5363;5373;5.15;0.32;287.23;3.04;1093;17;1821.00;10
4272;17;4467907;4272;423;5364;5374;5.14;0.32;287.11;3.04;1092;17;1822.00;10
4278;17;4467918;4278;424;5364;5374;5.14;0.32;287.06;3.04;1086;17;1823.00;10
4279;17;4467929;4279;415;5376;5387;5.22;0.32;287.01;3.03;1097;17;1824.00;11
4282;17;4467940;4282;418;5377;5387;5.20;0.32;286.96;3.04;1095;17;1825.00;10
4284;17;4467951;4284;424;5377;5387;5.19;0.32;286.97;3.04;1093;17;1826.00;10
4285;17;4467967;4285;427;5378;5388;5.20;0.32;286.96;3.04;1093;17;1827.00;10
4288;17;4467977;4288;436;5378;5388;5.11;0.32;286.88;3.04;1090;17;1828.00;10
4291;17;4467987;4291;442;5382;5392;5.10;0.32;286.96;3.04;1091;17;1829.00;10
4295;17;4467999;4295;445;5382;5392;5.07;0.31;286.82;3.04;1087;17;1830.00;10
4300;17;4468010;4300;438;5386;5396;5.03;0.31;286.80;3.04;1086;17;1831.00;10
4303;17;4468021;4303;431;5387;5396;5.04;0.31;286.79;3.04;1084;17;1832.00;9
4305;17;4468032;4305;429;5387;5396;5.02;0.31;286.78;3.04;1082;17;1833.00;9
4308;17;4468042;4308;430;5388;5396;4.98;0.31;286.79;3.04;1080;17;1834.00;8
4310;17;4468053;4310;430;5388;5396;4.99;0.31;286.88;3.04;1078;17;1835.00;8
4312;17;4468063;4312;424;5399;5408;5.08;0.31;286.86;3.03;1087;17;1836.00;9
4315;17;4468075;4315;430;5399;5408;5.08;0.31;286.89;3.03;1084;17;1837.00;9
4318;17;4468096;4318;428;5400;5408;5.06;0.31;286.93;3.03;1082;17;1838.00;8
4321;17;4468107;4321;422;5400;5408;5.11;0.31;286.92;3.03;1079;17;1839.00;8
4324;17;4468119;4324;424;5400;5408;5.18;0.32;287.06;3.03;1076;17;1840.00;8
4326;17;4468130;4326;422;5400;5408;5.24;0.32;287.08;3.03;1074;17;1841.00;8
4330;17;4468141;4330;422;5402;5409;5.29;0.32;287.01;3.04;1072;17;1842.00;7
4332;17;4468152;4332;422;5402;5409;5.29;0.33;286.95;3.04;1070;17;1843.00;7
4334;17;4468163;4334;410;5408;5415;5.34;0.33;286.95;3.04;1074;17;1844.00;7
4336;17;4468175;4336;414;5409;5417;5.37;0.33;286.92;3.04;1073;17;1845.00;8
4337;17;4468186;4337;427;5410;5417;5.39;0.33;286.86;3.03;1073;17;1846.00;7
4340;17;4468197;4340;424;5410;5417;5.38;0.33;286.89;3.03;1070;17;1847.00;7
4342;17;4468208;4342;430;5414;5421;5.43;0.33;286.78;3.03;1072;17;1848.00;7
4345;17;4468220;4345;434;5414;5421;5.44;0.33;286.87;3.03;1069;17;1849.00;7
4350;17;4468231;4350;431;5414;5421;5.49;0.34;286.86;3.03;1064;17;1850.00;7
4350;17;4468242;4350;432;5415;5422;5.58;0.34;286.86;3.03;1065;17;1851.00;7
4355;17;4468253;4355;434;5419;5426;5.67;0.35;286.85;3.03;1064;17;1852.00;7
4362;17;4468265;4362;437;5419;5426;5.64;0.34;287.00;3.03;1057;17;1853.00;7
4365;17;4468277;4365;436;5421;5429;5.67;0.35;286.95;3.03;1056;17;1854.00;8
4368;17;4468288;4368;432;5422;5429;5.70;0.35;286.90;3.04;1054;17;1855.00;7
4371;17;4468298;4371;439;5423;5429;5.72;0.35;287.06;3.04;1052;17;1856.00;6
4375;17;4468309;4375;440;5423;5429;5.66;0.34;287.26;3.04;1048;17;1857.00;6
4377;17;4468320;4377;447;5427;5433;5.68;0.35;287.39;3.04;1050;17;1858.00;6
4379;17;4468331;4379;451;5427;5433;5.65;0.34;287.40;3.04;1048;17;1859.00;6
4384;17;4468345;4384;450;5427;5433;5.59;0.34;287.36;3.04;1043;17;1860.00;6
4388;17;4468356;4388;454;5427;5433;5.54;0.34;287.52;3.04;1039;17;1861.00;6
4391;17;4468369;4391;438;5428;5434;5.51;0.33;287.68;3.04;1037;17;1862.00;6
4393;17;4468380;4393;435;5429;5435;5.50;0.33;287.72;3.04;1036;17;1863.00;6
4396;17;4468392;4396;443;5429;5435;5.43;0.33;287.74;3.04;1033;17;1864.00;6
4399;17;4468402;4399;441;5430;5436;5.43;0.33;287.89;3.04;1031;17;1865.00;6
4401;17;4468413;4401;436;5430;5436;5.43;0.33;287.85;3.04;1029;17;1866.00;6
4404;17;4468424;4404;437;5430;5436;5.38;0.33;288.07;3.04;1026;17;1867.00;6
4408;17;4468435;4408;439;5430;5436;5.40;0.33;288.06;3.04;1022;17;1868.00;6
4411;17;4468446;4411;442;5430;5436;5.44;0.33;288.15;3.04;1019;17;1869.00;6
4414;17;4468457;4414;445;5430;5436;5.45;0.33;288.26;3.04;1016;17;1870.00;6
4417;17;4468467;4417;430;5430;5436;5.47;0.33;288.41;3.04;1013;17;1871.00;6
4419;17;4468478;4419;444;5511;5563;5.78;0.36;288.44;3.01;1092;17;1872.00;52
4421;17;4468499;4421;423;5514;5564;5.82;0.36;288.61;3.00;1093;17;1873.00;50
4421;17;4468511;4421;407;5521;5564;5.95;0.37;288.61;3.00;1100;17;1874.00;43
4423;17;4468522;4423;400;5522;5564;6.02;0.37;288.66;3.00;1099;17;1875.00;42
4425;17;4468534;4425;399;5528;5564;6.11;0.38;288.79;3.00;1103;17;1876.00;36
4427;17;4468547;4427;388;5529;5564;6.12;0.38;288.92;3.00;1102;17;1877.00;35
4429;17;4468565;4429;393;5533;5564;6.11;0.38;288.98;3.01;1104;17;1878.00;31
4432;17;4468582;4432;396;5538;5564;6.03;0.37;289.08;3.02;1106;17;1879.00;26
4433;17;4468594;4433;404;5541;5565;5.93;0.36;289.08;3.03;1108;17;1880.00;24
4434;17;4468605;4434;408;5543;5566;5.86;0.36;289.11;3.03;1109;17;1881.00;23
4437;17;4468617;4437;413;5549;5568;5.80;0.36;289.18;3.05;1112;17;1882.00;19
4437;17;4468630;4437;414;5551;5569;5.81;0.36;289.18;3.05;1114;17;1883.00;18
4440;17;4468641;4440;410;5553;5569;5.80;0.36;289.22;3.05;1113;17;1884.00;16
4444;17;4468653;4444;414;5555;5569;5.84;0.36;289.39;3.05;1111;17;1885.00;14
4445;17;4468666;4445;416;5556;5569;5.90;0.36;289.52;3.07;1111;17;1886.00;13
4447;17;4468678;4447;424;5561;5573;5.94;0.36;289.56;3.07;1114;17;1887.00;12
4449;17;4468691;4449;422;5561;5573;6.00;0.37;289.73;3.07;1112;17;1888.00;12
4454;17;4468702;4454;424;5563;5573;5.99;0.37;289.72;3.09;1109;17;1889.00;10
4460;17;4468716;4460;426;5567;5579;6.01;0.37;289.85;3.08;1107;17;1890.00;12
4460;17;4468729;4460;426;5569;5579;6.04;0.37;289.85;3.09;1109;17;1891.00;10
4464;17;4468741;4464;424;5570;5579;6.09;0.37;289.92;3.09;1106;17;1892.00;9
4466;17;4468753;4466;423;5574;5583;6.11;0.37;289.96;3.09;1108;17;1893.00;9
4471;17;4468765;4471;423;5577;5584;6.13;0.37;290.03;3.10;1106;17;1894.00;7
4473;17;4468778;4473;422;5577;5584;6.12;0.37;290.04;3.10;1104;17;1895.00;7
4474;17;4468790;4474;426;5581;5588;6.15;0.38;290.08;3.10;1107;17;1896.00;7
4476;17;4468803;4476;424;5582;5588;6.19;0.38;290.25;3.10;1106;17;1897.00;6
4477;17;4468816;4477;424;5582;5588;6.15;0.38;290.22;3.10;1105;17;1898.00;6
4478;17;4468828;4478;431;5583;5589;6.14;0.37;290.29;3.10;1105;17;1899.00;6
4482;17;4468841;4482;427;5583;5589;6.13;0.37;290.36;3.10;1101;17;1900.00;6
4484;17;4468857;4484;427;5588;5595;6.11;0.37;290.41;3.10;1104;17;1901.00;7
4486;17;4468869;4486;424;5588;5595;6.15;0.37;290.45;3.10;1102;17;1902.00;7
4489;17;4468882;4489;424;5588;5596;6.16;0.38;290.51;3.10;1099;17;1903.00;8
4489;17;4468894;4489;420;5589;5596;6.19;0.38;290.51;3.12;1100;17;1904.00;7
4492;17;4468906;4492;420;5589;5596;6.16;0.37;290.56;3.12;1097;17;1905.00;7
4493;17;4468917;4493;414;5590;5596;6.14;0.37;290.59;3.12;1097;17;1906.00;6
4498;17;4468929;4498;403;5590;5596;6.09;0.37;290.71;3.12;1092;17;1907.00;6
4499;17;4468941;4499;406;5600;5608;6.10;0.37;290.72;3.12;1101;17;1908.00;8
4500;17;4468953;4500;401;5601;5608;6.08;0.37;290.68;3.12;1101;17;1909.00;7
4500;17;4468966;4500;396;5602;5608;6.09;0.37;290.68;3.12;1102;17;1910.00;6
4500;17;4468978;4500;398;5602;5608;6.09;0.37;290.68;3.12;1102;17;1911.00;6
4502;17;4468989;4502;390;5602;5608;6.10;0.37;290.74;3.12;1100;17;1912.00;6
4503;17;4469002;4503;384;5602;5608;6.14;0.37;290.72;3.12;1099;17;1913.00;6
4504;17;4469013;4504;382;5605;5612;6.14;0.37;290.76;3.12;1101;17;1914.00;7
4508;17;4469025;4508;376;5605;5612;6.10;0.37;290.77;3.12;1097;17;1915.00;7
4511;17;4469037;4511;370;5609;5616;6.12;0.37;290.91;3.12;1098;17;1916.00;7
4516;17;4469048;4516;365;5610;5617;6.03;0.37;291.00;3.12;1094;17;1917.00;7
4517;17;4469060;4517;358;5610;5617;5.95;0.36;291.09;3.12;1093;17;1918.00;7
4518;17;4469071;4518;356;5610;5617;5.85;0.36;291.12;3.12;1092;17;1919.00;7
4520;17;4469084;4520;363;5634;5646;5.81;0.36;291.16;3.11;1114;17;1920.00;12
4527;17;4469097;4527;361;5635;5646;5.81;0.35;291.34;3.11;1108;17;1921.00;11
4532;17;4469109;4532;355;5636;5646;5.79;0.35;291.43;3.11;1104;17;1922.00;10
4534;17;4469120;4534;353;5638;5647;5.86;0.36;291.44;3.11;1104;17;1923.00;9
4539;17;4469131;4539;354;5638;5648;5.91;0.36;291.50;3.11;1099;17;1924.00;10
4541;17;4469142;4541;358;5639;5648;5.95;0.36;291.63;3.11;1098;17;1925.00;9
4543;17;4469152;4543;349;5641;5651;6.03;0.37;291.60;3.11;1098;17;1926.00;10
4545;17;4469163;4545;344;5642;5651;6.05;0.37;291.62;3.11;1097;17;1927.00;9
4549;17;4469175;4549;344;5642;5651;5.99;0.37;291.90;3.11;1093;17;1928.00;9
4553;17;4469186;4553;340;5642;5651;5.99;0.37;291.96;3.11;1089;17;1929.00;9
4556;17;4469198;4556;347;5647;5657;6.01;0.37;292.05;3.11;1091;17;1930.00;10
4559;17;4469210;4559;345;5647;5657;5.94;0.36;292.17;3.11;1088;17;1931.00;10
4564;17;4469221;4564;345;5647;5657;5.86;0.36;292.41;3.11;1083;17;1932.00;10
4566;17;4469232;4566;354;5647;5657;5.83;0.36;292.48;3.11;1081;17;1933.00;10
4568;17;4469243;4568;355;5650;5661;5.75;0.35;292.53;3.11;1082;17;1934.00;11
4570;17;4469254;4570;361;5652;5663;5.71;0.35;292.51;3.11;1082;17;1935.00;11
4573;17;4469266;4573;365;5652;5663;5.69;0.35;292.66;3.11;1079;17;1936.00;11
4576;17;4469277;4576;370;5653;5664;5.71;0.35;292.74;3.11;1077;17;1937.00;11
4578;17;4469288;4578;371;5654;5664;5.67;0.35;292.73;3.11;1076;17;1938.00;10
4580;17;4469300;4580;383;5654;5664;5.67;0.35;292.87;3.11;1074;17;1939.00;10
4584;17;4469311;4584;387;5654;5664;5.67;0.35;293.14;3.11;1070;17;1940.00;10
4584;17;4469322;4584;393;5655;5664;5.69;0.35;293.14;3.12;1071;17;1941.00;9
4587;17;4469333;4587;400;5655;5664;5.68;0.35;293.24;3.12;1068;17;1942.00;9
4590;17;4469344;4590;403;5655;5664;5.64;0.34;293.18;3.12;1065;17;1943.00;9
4590;17;4469354;4590;411;5691;5734;5.86;0.36;293.18;3.10;1101;17;1944.00;43
4592;17;4469370;4592;413;5693;5735;5.83;0.36;293.10;3.11;1101;17;1945.00;42
4597;17;4469382;4597;410;5702;5735;5.83;0.36;292.96;3.11;1105;17;1946.00;33
4599;17;4469393;4599;412;5708;5735;5.79;0.35;292.88;3.11;1109;17;1947.00;27
4600;17;4469405;4600;411;5712;5735;5.71;0.35;292.85;3.11;1112;17;1948.00;23
4601;17;4469415;4601;416;5714;5735;5.69;0.35;292.80;3.11;1113;17;1949.00;21
4602;17;4469428;4602;420;5719;5737;5.61;0.34;292.90;3.12;1117;17;1950.00;18
4603;17;4469439;4603;422;5722;5737;5.59;0.34;292.89;3.13;1119;17;1951.00;15
4606;17;4469450;4606;425;5725;5738;5.56;0.34;292.97;3.14;1119;17;1952.00;13
4606;17;4469462;4606;426;5728;5739;5.53;0.34;292.97;3.14;1122;17;1953.00;11
4608;17;4469472;4608;435;5730;5739;5.53;0.34;292.96;3.14;1122;17;1954.00;9
4611;17;4469483;4611;440;5735;5743;5.45;0.33;292.84;3.15;1124;17;1955.00;8
4614;17;4469494;4614;448;5736;5743;5.37;0.33;292.71;3.15;1122;17;1956.00;7
4615;17;4469505;4615;450;5738;5743;5.30;0.32;292.70;3.16;1123;17;1957.00;5
4616;17;4469515;4616;460;5738;5743;5.20;0.32;292.70;3.16;1122;17;1958.00;5
4617;17;4469526;4617;464;5743;5749;5.21;0.32;292.67;3.15;1126;17;1959.00;6
4621;17;4469537;4621;465;5745;5749;5.08;0.31;292.69;3.16;1124;17;1960.00;4
4622;17;4469548;4622;476;5745;5749;4.98;0.30;292.65;3.16;1123;17;1961.00;4
4624;17;4469559;4624;481;5747;5752;4.90;0.30;292.55;3.16;1123;17;1962.00;5
4625;17;4469569;4625;482;5749;5752;4.82;0.30;292.54;3.16;1124;17;1963.00;3
4626;17;4469579;4626;482;5750;5752;4.74;0.29;292.51;3.16;1124;17;1964.00;2
4632;17;4469600;4632;496;5752;5753;4.63;0.28;292.40;3.16;1120;17;1965.00;1
4633;17;4469610;4633;501;5753;5754;4.63;0.28;292.36;3.16;1120;17;1966.00;1
4633;17;4469621;4633;508;5753;5754;4.61;0.28;292.36;3.16;1120;17;1967.00;1
4634;17;4469630;4634;516;5766;5767;4.62;0.28;292.30;3.16;1132;17;1968.00;1
4635;17;4469642;4635;512;5766;5767;4.59;0.28;292.25;3.16;1131;17;1969.00;1
4635;17;4469652;4635;512;5767;5767;4.60;0.28;292.25;3.16;1132;17;1970.00;0
4639;17;4469662;4639;517;5768;5768;4.53;0.28;292.09;3.16;1129;17;1971.00;0
4639;17;4469671;4639;523;5768;5768;4.47;0.27;292.09;3.16;1129;17;1972.00;0
4641;17;4469681;4641;526;5772;5772;4.45;0.27;292.08;3.16;1131;17;1973.00;0
4643;17;4469691;4643;532;5772;5772;4.37;0.27;292.01;3.16;1129;17;1974.00;0
4646;17;4469701;4646;539;5776;5776;4.30;0.26;291.95;3.16;1130;17;1975.00;0
4650;17;4469711;4650;540;5776;5776;4.17;0.25;291.85;3.16;1126;17;1976.00;0
4653;17;4469720;4653;540;5776;5776;4.01;0.24;291.88;3.16;1123;17;1977.00;0
4657;17;4469730;4657;529;5776;5776;3.90;0.24;291.93;3.16;1119;17;1978.00;0
4659;17;4469739;4659;516;5776;5776;3.85;0.23;291.97;3.16;1117;17;1979.00;0
4660;17;4469750;4660;496;5803;5810;4.00;0.24;291.98;3.14;1143;17;1980.00;7
4663;17;4469764;4663;489;5803;5810;4.00;0.25;292.00;3.14;1140;17;1981.00;7
4663;17;4469774;4663;477;5807;5810;4.08;0.25;292.00;3.14;1144;17;1982.00;3
4665;17;4469783;4665;463;5807;5810;4.10;0.25;292.06;3.14;1142;17;1983.00;3
4665;17;4469794;4665;455;5808;5810;4.22;0.26;292.06;3.14;1143;17;1984.00;2
4669;17;4469809;4669;447;5808;5810;4.27;0.26;292.17;3.14;1139;17;1985.00;2
4670;17;4469820;4670;448;5809;5811;4.33;0.27;292.21;3.14;1139;17;1986.00;2
4671;17;4469831;4671;453;5809;5811;4.38;0.27;292.25;3.14;1138;17;1987.00;2
4672;17;4469847;4672;446;5814;5817;4.53;0.28;292.29;3.14;1142;17;1988.00;3
4674;17;4469859;4674;437;5815;5818;4.62;0.28;292.34;3.14;1141;17;1989.00;3
4676;17;4469871;4676;434;5815;5818;4.71;0.29;292.35;3.14;1139;17;1990.00;3
4679;17;4469882;4679;428;5815;5818;4.73;0.29;292.35;3.14;1136;17;1991.00;3
4682;17;4469898;4682;416;5818;5822;4.78;0.29;292.41;3.14;1136;17;1992.00;4
4684;17;4469909;4684;415;5818;5822;4.84;0.30;292.38;3.14;1134;17;1993.00;4
4686;17;4469921;4686;412;5818;5822;4.90;0.30;292.36;3.14;1132;17;1994.00;4
4691;17;4469933;4691;413;5819;5823;4.95;0.30;292.27;3.14;1128;17;1995.00;4
4692;17;4469944;4692;415;5822;5827;5.05;0.31;292.24;3.13;1130;17;1996.00;5
4694;17;4469955;4694;405;5822;5827;5.16;0.31;292.25;3.13;1128;17;1997.00;5
4698;17;4469966;4698;407;5825;5830;5.22;0.32;292.22;3.13;1127;17;1998.00;5
4704;17;4469979;4704;392;5825;5830;5.24;0.32;292.35;3.13;1121;17;1999.00;5
4710;17;4469991;4710;389;5825;5830;5.22;0.32;292.37;3.13;1115;17;2000.00;5
4714;17;4470006;4714;385;5825;5830;5.19;0.32;292.45;3.13;1111;17;2001.00;5
4717;17;4470018;4717;383;5829;5834;5.19;0.32;292.48;3.13;1112;17;2002.00;5
4722;17;4470030;4722;378;5829;5834;5.18;0.32;292.41;3.13;1107;17;2003.00;5
4725;17;4470042;4725;368;5829;5834;5.21;0.32;292.44;3.13;1104;17;2004.00;5
4731;17;4470054;4731;368;5829;5834;5.19;0.32;292.51;3.13;1098;17;2005.00;5
4733;17;4470065;4733;367;5829;5835;5.22;0.32;292.60;3.13;1096;17;2006.00;6
4735;17;4470077;4735;367;5830;5836;5.25;0.32;292.75;3.13;1095;17;2007.00;6
4738;17;4470088;4738;375;5830;5836;5.30;0.32;292.86;3.13;1092;17;2008.00;6
4746;17;4470101;4746;369;5831;5837;5.30;0.32;292.90;3.13;1085;17;2009.00;6
4749;17;4470115;4749;365;5831;5837;5.30;0.32;293.01;3.13;1082;17;2010.00;6
4752;17;4470126;4752;363;5831;5837;5.40;0.33;293.06;3.13;1079;17;2011.00;6
4755;17;4470137;4755;365;5831;5837;5.43;0.33;293.28;3.13;1076;17;2012.00;6
4761;17;4470148;4761;360;5831;5837;5.49;0.33;293.40;3.13;1070;17;2013.00;6
4761;17;4470160;4761;361;5831;5837;5.59;0.34;293.40;3.13;1070;17;2014.00;6
4765;17;4470172;4765;360;5831;5837;5.61;0.34;293.50;3.13;1066;17;2015.00;6
4770;17;4470185;4770;376;5909;5964;5.88;0.36;293.40;3.09;1139;17;2016.00;55
4773;17;4470207;4773;375;5911;5965;5.95;0.37;293.52;3.09;1138;17;2017.00;54
4776;17;4470219;4776;372;5917;5965;6.03;0.37;293.61;3.09;1141;17;2018.00;48
4778;17;4470232;4778;372;5919;5965;6.07;0.37;293.63;3.09;1141;17;2019.00;46
4780;17;4470244;4780;376;5923;5965;6.06;0.37;293.60;3.09;1143;17;2020.00;42
4784;17;4470256;4784;379;5925;5965;6.03;0.37;293.69;3.09;1141;17;2021.00;40
4788;17;4470269;4788;384;5927;5965;5.98;0.37;293.80;3.09;1139;17;2022.00;38
4789;17;4470281;4789;393;5929;5965;5.96;0.37;293.82;3.09;1140;17;2023.00;36
4790;17;4470293;4790;403;5931;5966;5.92;0.36;293.91;3.09;1141;17;2024.00;35
4794;17;4470306;4794;403;5936;5968;5.85;0.36;294.03;3.10;1142;17;2025.00;32
4798;17;4470318;4798;408;5938;5968;5.75;0.35;294.10;3.10;1140;17;2026.00;30
4799;17;4470330;4799;405;5941;5969;5.68;0.35;294.17;3.10;1142;17;2027.00;28
4800;17;4470343;4800;399;5942;5969;5.65;0.35;294.23;3.10;1142;17;2028.00;27
4803;17;4470356;4803;405;5944;5969;5.67;0.35;294.28;3.11;1141;17;2029.00;25
4804;17;4470369;4804;408;5945;5969;5.70;0.35;294.31;3.11;1141;17;2030.00;24
4808;17;4470382;4808;405;5950;5973;5.71;0.35;294.49;3.11;1142;17;2031.00;23
4808;17;4470395;4808;408;5952;5973;5.79;0.35;294.49;3.12;1144;17;2032.00;21
4810;17;4470408;4810;416;5954;5973;5.83;0.36;294.58;3.12;1144;17;2033.00;19
4812;17;4470425;4812;415;5955;5976;5.88;0.36;294.67;3.12;1143;17;2034.00;21
4816;17;4470438;4816;415;5957;5976;5.89;0.36;294.78;3.12;1141;17;2035.00;19
4818;17;4470450;4818;402;5957;5976;5.92;0.36;294.86;3.12;1139;17;2036.00;19
4819;17;4470463;4819;394;5962;5980;6.00;0.37;294.95;3.13;1143;17;2037.00;18
4822;17;4470481;4822;389;5963;5981;6.09;0.37;295.13;3.13;1141;17;2038.00;18
4827;17;4470494;4827;383;5964;5981;6.12;0.37;295.26;3.13;1137;17;2039.00;17
4829;17;4470509;4829;388;5969;5986;6.19;0.38;295.31;3.12;1140;17;2040.00;17
4832;17;4470528;4832;386;5969;5986;6.22;0.38;295.52;3.12;1137;17;2041.00;17
4834;17;4470542;4834;391;5969;5986;6.23;0.38;295.59;3.12;1135;17;2042.00;17
4836;17;4470554;4836;397;5970;5987;6.28;0.38;295.70;3.12;1134;17;2043.00;17
4839;17;4470567;4839;400;5970;5987;6.27;0.38;295.89;3.12;1131;17;2044.00;17
4843;17;4470580;4843;406;5975;5993;6.22;0.38;296.09;3.12;1132;17;2045.00;18
4844;17;4470593;4844;412;5975;5993;6.14;0.37;296.07;3.12;1131;17;2046.00;18
4848;17;4470605;4848;417;5975;5994;6.06;0.37;296.21;3.12;1127;17;2047.00;19
4850;17;4470618;4850;415;5975;5994;5.96;0.36;296.32;3.12;1125;17;2048.00;19
4851;17;4470631;4851;424;5975;5994;5.84;0.35;296.38;3.12;1124;17;2049.00;19
4855;17;4470643;4855;426;5975;5994;5.80;0.35;296.51;3.12;1120;17;2050.00;19
4856;17;4470656;4856;424;5975;5994;5.78;0.35;296.45;3.12;1119;17;2051.00;19
4859;17;4470667;4859;422;5985;6006;5.76;0.35;296.62;3.12;1126;17;2052.00;21
4860;17;4470686;4860;422;5985;6006;5.77;0.35;296.59;3.12;1125;17;2053.00;21
4861;17;4470699;4861;421;5986;6006;5.80;0.35;296.73;3.12;1125;17;2054.00;20
4865;17;4470711;4865;424;5986;6006;5.79;0.35;296.86;3.12;1121;17;2055.00;20
4867;17;4470722;4867;415;5986;6006;5.77;0.35;297.06;3.12;1119;17;2056.00;20
4870;17;4470736;4870;416;5986;6006;5.72;0.35;297.16;3.12;1116;17;2057.00;20
4873;17;4470748;4873;425;5989;6010;5.64;0.34;297.19;3.12;1116;17;2058.00;21
4875;17;4470760;4875;424;5989;6010;5.60;0.34;297.20;3.12;1114;17;2059.00;21
4877;17;4470772;4877;428;5993;6014;5.65;0.34;297.27;3.11;1116;17;2060.00;21
4880;17;4470785;4880;431;5994;6015;5.64;0.34;297.29;3.11;1114;17;2061.00;21
4881;17;4470796;4881;432;5994;6015;5.61;0.34;297.31;3.11;1113;17;2062.00;21
4881;17;4470808;4881;441;5994;6015;5.59;0.34;297.31;3.11;1113;17;2063.00;21
4883;17;4470820;4883;440;6005;6028;5.63;0.34;297.27;3.11;1122;17;2064.00;23
4885;17;4470832;4885;448;6005;6028;5.60;0.34;297.29;3.11;1120;17;2065.00;23
4887;17;4470844;4887;456;6005;6028;5.59;0.34;297.35;3.11;1118;17;2066.00;23
4888;17;4470856;4888;457;6006;6029;5.56;0.34;297.32;3.11;1118;17;2067.00;23
4892;17;4470867;4892;457;6006;6030;5.52;0.33;297.45;3.11;1114;17;2068.00;24
4894;17;4470879;4894;456;6006;6030;5.46;0.33;297.47;3.11;1112;17;2069.00;24
4895;17;4470892;4895;450;6010;6036;5.48;0.33;297.42;3.11;1115;17;2070.00;26
4898;17;4470904;4898;448;6010;6036;5.41;0.33;297.42;3.11;1112;17;2071.00;26
4898;17;4470915;4898;438;6012;6036;5.39;0.33;297.42;3.10;1114;17;2072.00;24
4900;17;4470926;4900;434;6012;6036;5.37;0.33;297.43;3.10;1112;17;2073.00;24
4902;17;4470937;4902;436;6017;6042;5.35;0.32;297.47;3.10;1115;17;2074.00;25
4903;17;4470949;4903;426;6017;6042;5.30;0.32;297.50;3.10;1114;17;2075.00;25
4906;17;4470960;4906;428;6017;6042;5.28;0.32;297.65;3.10;1111;17;2076.00;25
4907;17;4470972;4907;428;6017;6042;5.29;0.32;297.68;3.10;1110;17;2077.00;25
4909;17;4470983;4909;430;6020;6046;5.28;0.32;297.73;3.10;1111;17;2078.00;26
4909;17;4470994;4909;428;6021;6047;5.33;0.32;297.73;3.10;1112;17;2079.00;26
4911;17;4471006;4911;427;6021;6047;5.32;0.32;297.80;3.10;1110;17;2080.00;26
4914;17;4471017;4914;417;6022;6048;5.32;0.32;297.87;3.10;1108;17;2081.00;26
4916;17;4471029;4916;414;6022;6048;5.29;0.32;297.94;3.10;1106;17;2082.00;26
4921;17;4471039;4921;417;6022;6048;5.22;0.32;298.04;3.10;1101;17;2083.00;26
4922;17;4471050;4922;412;6022;6048;5.21;0.32;298.01;3.10;1100;17;2084.00;26
4925;17;4471060;4925;414;6024;6048;5.22;0.32;297.96;3.13;1099;17;2085.00;24
4926;17;4471073;4926;410;6024;6048;5.30;0.32;298.09;3.13;1098;17;2086.00;24
4931;17;4471083;4931;414;6024;6048;5.27;0.32;298.09;3.13;1093;17;2087.00;24
4937;17;4471094;4937;427;6060;6118;5.44;0.33;298.15;3.11;1123;17;2088.00;58
4938;17;4471110;4938;426;6063;6119;5.45;0.33;298.10;3.11;1125;17;2089.00;56
4941;17;4471120;4941;430;6072;6119;5.48;0.33;298.14;3.11;1131;17;2090.00;47
4941;17;4471131;4941;433;6075;6119;5.50;0.34;298.14;3.11;1134;17;2091.00;44
4941;17;4471141;4941;443;6077;6119;5.49;0.34;298.14;3.11;1136;17;2092.00;42
4947;17;4471153;4947;434;6081;6119;5.46;0.33;298.01;3.11;1134;17;2093.00;38
4948;17;4471164;4948;431;6083;6119;5.45;0.33;298.01;3.11;1135;17;2094.00;36
4950;17;4471175;4950;430;6085;6119;5.42;0.33;297.92;3.12;1135;17;2095.00;34
4954;17;4471186;4954;432;6088;6120;5.36;0.33;297.81;3.12;1134;17;2096.00;32
4954;17;4471198;4954;437;6090;6121;5.37;0.33;297.81;3.12;1136;17;2097.00;31
4956;17;4471213;4956;441;6091;6121;5.33;0.33;297.84;3.12;1135;17;2098.00;30
4958;17;4471225;4958;440;6095;6125;5.29;0.32;297.76;3.12;1137;17;2099.00;30
4959;17;4471244;4959;443;6100;6140;5.26;0.32;297.80;3.12;1141;17;2100.00;40
4962;17;4471261;4962;434;6100;6140;5.24;0.32;297.77;3.12;1138;17;2101.00;40
4963;17;4471274;4963;435;6100;6140;5.19;0.32;297.72;3.12;1137;17;2102.00;40
4964;17;4471285;4964;434;6104;6146;5.26;0.32;297.72;3.12;1140;17;2103.00;42
4967;17;4471297;4967;431;6104;6146;5.27;0.32;297.69;3.12;1137;17;2104.00;42
4970;17;4471308;4970;430;6104;6146;5.23;0.32;297.66;3.12;1134;17;2105.00;42
4972;17;4471319;4972;437;6108;6149;5.22;0.32;297.59;3.12;1136;17;2106.00;41
4974;17;4471331;4974;435;6108;6149;5.17;0.32;297.60;3.12;1134;17;2107.00;41
4975;17;4471342;4975;446;6109;6149;5.14;0.31;297.58;3.12;1134;17;2108.00;40
4976;17;4471353;4976;447;6109;6150;5.08;0.31;297.52;3.12;1133;17;2109.00;41
4979;17;4471364;4979;448;6111;6151;5.05;0.31;297.50;3.13;1132;17;2110.00;40
4983;17;4471376;4983;454;6112;6151;5.00;0.30;297.63;3.16;1129;17;2111.00;39
4983;17;4471388;4983;462;6123;6164;4.95;0.30;297.63;3.15;1140;17;2112.00;41
4983;17;4471411;4983;465;6125;6164;4.90;0.30;297.63;3.19;1142;17;2113.00;39
4984;17;4471422;4984;466;6126;6164;4.87;0.30;297.61;3.19;1142;17;2114.00;38
4986;17;4471433;4986;471;6129;6166;4.82;0.30;297.60;3.20;1143;17;2115.00;37
4989;17;4471444;4989;474;6130;6166;4.73;0.29;297.63;3.22;1141;17;2116.00;36
4991;17;4471454;4991;484;6133;6170;4.69;0.29;297.55;3.22;1142;17;2117.00;37
4991;17;4471466;4991;490;6137;6170;4.61;0.28;297.55;3.26;1146;17;2118.00;33
4993;17;4471481;4993;492;6140;6174;4.61;0.28;297.54;3.26;1147;17;2119.00;34
4994;17;4471492;4994;489;6140;6174;4.58;0.28;297.52;3.26;1146;17;2120.00;34
4995;17;4471502;4995;487;6142;6174;4.58;0.28;297.49;3.29;1147;17;2121.00;32
4996;17;4471513;4996;491;6142;6174;4.49;0.28;297.44;3.29;1146;17;2122.00;32
4996;17;4471523;4996;493;6143;6174;4.48;0.28;297.44;3.29;1147;17;2123.00;31
5001;17;4471533;5001;497;6154;6186;4.44;0.27;297.30;3.32;1153;17;2124.00;32
5003;17;4471545;5003;487;6154;6186;4.39;0.27;297.26;3.32;1151;17;2125.00;32
5004;17;4471556;5004;483;6158;6186;4.39;0.27;297.20;3.35;1154;17;2126.00;28
5007;17;4471566;5007;479;6160;6186;4.35;0.27;297.13;3.36;1153;17;2127.00;26
5007;17;4471576;5007;476;6162;6186;4.35;0.27;297.13;3.37;1155;17;2128.00;24
5008;17;4471586;5008;472;6165;6186;4.39;0.27;297.10;3.39;1157;17;2129.00;21
5009;17;4471598;5009;466;6165;6187;4.42;0.27;297.07;3.39;1156;17;2130.00;22
5010;17;4471615;5010;461;6165;6187;4.42;0.27;297.15;3.39;1155;17;2131.00;22
5013;17;4471635;5013;454;6172;6193;4.47;0.27;297.11;3.42;1159;17;2132.00;21
5014;17;4471652;5014;460;6173;6194;4.50;0.27;297.09;3.42;1159;17;2133.00;21
5015;17;4471663;5015;451;6173;6194;4.55;0.28;297.12;3.42;1158;17;2134.00;21
5016;17;4471673;5016;457;6173;6194;4.56;0.28;297.07;3.42;1157;17;2135.00;21
5017;17;4471684;5017;460;6175;6198;4.56;0.28;297.09;3.41;1158;17;2136.00;23
5022;17;4471695;5022;451;6176;6198;4.53;0.27;297.08;3.41;1154;17;2137.00;22
5022;17;4471707;5022;460;6178;6198;4.52;0.27;297.08;3.44;1156;17;2138.00;20
5022;17;4471717;5022;457;6179;6199;4.55;0.28;297.08;3.44;1157;17;2139.00;20
5023;17;4471728;5023;459;6182;6203;4.52;0.27;297.07;3.44;1159;17;2140.00;21
5025;17;4471738;5025;463;6182;6203;4.55;0.28;297.07;3.44;1157;17;2141.00;21
5027;17;4471749;5027;464;6184;6206;4.55;0.27;297.03;3.44;1157;17;2142.00;22
5028;17;4471760;5028;469;6184;6206;4.53;0.27;297.01;3.44;1156;17;2143.00;22
5031;17;4471771;5031;463;6185;6206;4.51;0.27;297.00;3.44;1154;17;2144.00;21
5033;17;4471781;5033;446;6185;6206;4.54;0.27;297.15;3.44;1152;17;2145.00;21
5035;17;4471792;5035;440;6189;6210;4.61;0.28;297.23;3.43;1154;17;2146.00;21
5038;17;4471803;5038;436;6189;6210;4.64;0.28;297.31;3.43;1151;17;2147.00;21
5042;17;4471813;5042;428;6189;6210;4.67;0.28;297.35;3.43;1147;17;2148.00;21
5044;17;4471825;5044;422;6189;6210;4.73;0.29;297.41;3.43;1145;17;2149.00;21
5046;17;4471835;5046;420;6189;6211;4.77;0.29;297.38;3.43;1143;17;2150.00;22
5048;17;4471847;5048;417;6190;6212;4.82;0.29;297.33;3.43;1142;17;2151.00;22
5051;17;4471858;5051;417;6190;6212;4.84;0.29;297.44;3.43;1139;17;2152.00;22
5055;17;4471869;5055;413;6191;6213;4.85;0.29;297.58;3.43;1136;17;2153.00;22
5058;17;4471880;5058;410;6191;6213;4.86;0.29;297.55;3.43;1133;17;2154.00;22
5061;17;4471891;5061;405;6191;6213;4.91;0.30;297.56;3.43;1130;17;2155.00;22
5065;17;4471902;5065;403;6191;6213;4.96;0.30;297.70;3.43;1126;17;2156.00;22
5066;17;4471914;5066;400;6191;6213;5.03;0.30;297.70;3.43;1125;17;2157.00;22
5069;18;4471925;5069;391;6191;6213;5.05;0.30;297.81;3.43;1122;18;2158.00;22
5073;18;4471950;5073;389;6191;6213;5.06;0.31;297.87;3.43;1118;18;2159.00;22
5074;18;4471963;5074;406;6291;6443;5.61;0.35;297.84;3.38;1217;18;2160.00;152
5077;18;4471993;5077;391;6301;6444;5.68;0.35;297.95;3.38;1224;18;2161.00;143
5080;18;4472006;5080;389;6315;6444;5.72;0.35;298.05;3.37;1235;18;2162.00;129
5080;18;4472018;5080;385;6326;6444;5.74;0.36;298.05;3.37;1246;18;2163.00;118
5086;18;4472031;5086;382;6335;6444;5.69;0.35;298.17;3.37;1249;18;2164.00;109
5089;18;4472044;5089;383;6341;6444;5.68;0.35;298.27;3.37;1252;18;2165.00;103
5090;18;4472062;5090;379;6346;6444;5.69;0.35;298.28;3.38;1256;18;2166.00;98
5095;18;4472075;5095;372;6350;6444;5.64;0.35;298.58;3.38;1255;18;2167.00;94
5097;18;4472088;5097;376;6357;6445;5.64;0.35;298.66;3.38;1260;18;2168.00;88
5098;18;4472101;5098;382;6362;6446;5.63;0.35;298.63;3.39;1264;18;2169.00;84
5100;18;4472114;5100;389;6365;6446;5.64;0.35;298.80;3.39;1265;18;2170.00;81
5103;18;4472128;5103;391;6366;6447;5.64;0.35;298.90;3.39;1263;18;2171.00;81
5106;18;4472141;5106;394;6370;6447;5.68;0.35;298.91;3.40;1264;18;2172.00;77
5108;18;4472154;5108;396;6373;6447;5.70;0.35;299.01;3.40;1265;18;2173.00;74
5111;18;4472168;5111;405;6374;6447;5.73;0.35;299.18;3.40;1263;18;2174.00;73
5113;18;4472182;5113;411;6378;6451;5.71;0.35;299.21;3.41;1265;18;2175.00;73
5115;18;4472196;5115;409;6379;6451;5.75;0.35;299.35;3.41;1264;18;2176.00;72
5119;18;4472210;5119;409;6379;6451;5.77;0.36;299.54;3.41;1260;18;2177.00;72
5125;18;4472224;5125;413;6380;6454;5.74;0.35;299.64;3.41;1255;18;2178.00;74
5129;18;4472239;5129;428;6382;6454;5.69;0.35;299.79;3.42;1253;18;2179.00;72
5134;18;4472253;5134;423;6386;6454;5.65;0.35;299.83;3.43;1252;18;2180.00;68
5139;18;4472267;5139;437;6390;6458;5.60;0.34;300.05;3.43;1251;18;2181.00;68
5142;18;4472281;5142;440;6390;6459;5.60;0.34;300.18;3.43;1248;18;2182.00;69
5146;18;4472296;5146;440;6391;6459;5.62;0.34;300.32;3.43;1245;18;2183.00;68
5153;18;4472309;5153;446;6391;6463;5.55;0.34;300.55;3.43;1238;18;2184.00;72
5158;18;4472324;5158;448;6393;6463;5.53;0.34;300.77;3.44;1235;18;2185.00;70
5164;18;4472341;5164;444;6394;6463;5.46;0.33;300.94;3.44;1230;19;2186.00;69
5165;18;4472362;5165;445;6394;6464;5.42;0.33;301.01;3.44;1229;19;2187.00;70
5169;18;4472376;5169;451;6396;6464;5.36;0.33;301.07;3.44;1227;19;2188.00;68
5173;18;4472389;5173;448;6401;6470;5.28;0.32;301.16;3.45;1228;19;2189.00;69
5175;18;4472405;5175;453;6402;6470;5.22;0.32;301.21;3.45;1227;19;2190.00;68
5178;18;4472418;5178;459;6402;6471;5.20;0.32;301.38;3.45;1224;19;2191.00;69
5180;18;4472431;5180;456;6402;6471;5.20;0.32;301.36;3.45;1222;19;2192.00;69
5181;18;4472445;5181;460;6404;6471;5.24;0.32;301.33;3.46;1223;19;2193.00;67
5185;18;4472457;5185;464;6404;6471;5.24;0.32;301.41;3.46;1219;19;2194.00;67
5188;18;4472470;5188;467;6407;6471;5.24;0.32;301.36;3.47;1219;19;2195.00;64
5191;18;4472484;5191;472;6414;6483;5.28;0.32;301.39;3.47;1223;19;2196.00;69
5193;18;4472498;5193;475;6414;6483;5.31;0.32;301.38;3.47;1221;19;2197.00;69
5198;18;4472513;5198;474;6415;6483;5.24;0.32;301.57;3.48;1217;19;2198.00;68
5202;18;4472526;5202;480;6418;6483;5.25;0.32;301.71;3.49;1216;19;2199.00;65
5203;18;4472545;5203;479;6418;6483;5.24;0.32;301.70;3.49;1215;19;2200.00;65
5204;18;4472567;5204;468;6422;6483;5.24;0.32;301.72;3.50;1218;19;2201.00;61
5208;18;4472580;5208;457;6427;6487;5.22;0.32;301.88;3.50;1219;19;2202.00;60
5211;18;4472599;5211;448;6427;6487;5.26;0.32;301.96;3.50;1216;19;2203.00;60
5213;18;4472613;5213;454;6432;6491;5.31;0.32;301.94;3.51;1219;19;2204.00;59
5216;18;4472628;5216;453;6435;6493;5.36;0.33;302.22;3.51;1219;19;2205.00;58
5216;18;4472641;5216;455;6436;6493;5.42;0.33;302.22;3.51;1220;19;2206.00;57
5219;18;4472655;5219;460;6439;6493;5.42;0.33;302.27;3.51;1220;19;2207.00;54
5221;18;4472668;5221;457;6446;6506;5.48;0.33;302.23;3.50;1225;19;2208.00;60
5224;18;4472682;5224;461;6447;6506;5.47;0.33;302.44;3.50;1223;19;2209.00;59
5227;18;4472695;5227;467;6450;6508;5.46;0.33;302.51;3.50;1223;19;2210.00;58
5228;18;4472709;5228;464;6451;6509;5.42;0.33;302.56;3.50;1223;19;2211.00;58
5229;18;4472722;5229;468;6451;6510;5.38;0.33;302.70;3.50;1222;19;2212.00;59
5230;18;4472736;5230;470;6451;6510;5.35;0.33;302.81;3.50;1221;19;2213.00;59
5234;18;4472749;5234;469;6453;6513;5.34;0.32;303.01;3.50;1219;19;2214.00;60
5234;18;4472763;5234;472;6454;6513;5.38;0.33;303.01;3.50;1220;19;2215.00;59
5236;18;4472777;5236;467;6454;6513;5.36;0.33;303.09;3.50;1218;19;2216.00;59
5238;18;4472790;5238;455;6454;6513;5.35;0.33;303.13;3.50;1216;19;2217.00;59
5239;18;4472803;5239;456;6459;6519;5.34;0.32;303.15;3.50;1220;19;2218.00;60
5240;18;4472817;5240;452;6459;6519;5.31;0.32;303.12;3.50;1219;19;2219.00;60
5244;18;4472832;5244;453;6459;6519;5.27;0.32;303.33;3.50;1215;19;2220.00;60
5246;18;4472845;5246;457;6459;6519;5.24;0.32;303.49;3.50;1213;19;2221.00;60
5246;18;4472857;5246;460;6461;6523;5.25;0.32;303.49;3.50;1215;19;2222.00;62
5251;18;4472869;5251;471;6463;6524;5.28;0.32;303.85;3.50;1212;19;2223.00;61
5256;18;4472881;5256;480;6463;6524;5.27;0.32;304.14;3.50;1207;19;2224.00;61
5261;18;4472895;5261;480;6464;6525;5.23;0.32;304.24;3.50;1203;19;2225.00;61
5264;18;4472908;5264;482;6464;6525;5.23;0.32;304.31;3.50;1200;19;2226.00;61
5267;18;4472920;5267;486;6464;6525;5.18;0.32;304.44;3.50;1197;19;2227.00;61
5268;18;4472933;5268;493;6464;6525;5.11;0.31;304.51;3.50;1196;19;2228.00;61
5269;18;4472944;5269;490;6464;6525;5.10;0.31;304.50;3.50;1195;19;2229.00;61
5269;18;4472956;5269;492;6464;6525;5.11;0.31;304.50;3.50;1195;19;2230.00;61
5272;18;4472973;5272;497;6465;6525;5.07;0.31;304.65;3.51;1193;19;2231.00;60
5273;18;4472985;5273;509;6495;6595;5.13;0.31;304.73;3.49;1222;19;2232.00;100
5277;18;4473003;5277;509;6496;6596;5.08;0.31;304.86;3.49;1219;19;2233.00;100
5277;18;4473015;5277;514;6502;6596;5.13;0.31;304.86;3.49;1225;19;2234.00;94
5277;18;4473027;5277;506;6503;6596;5.14;0.31;304.86;3.49;1226;19;2235.00;93
5278;18;4473039;5278;506;6507;6596;5.14;0.31;304.98;3.49;1229;19;2236.00;89
5279;18;4473051;5279;503;6511;6596;5.15;0.31;304.94;3.49;1232;19;2237.00;85
5280;18;4473063;5280;494;6514;6596;5.13;0.31;305.02;3.49;1234;19;2238.00;82
5282;18;4473076;5282;492;6517;6596;5.08;0.31;305.06;3.49;1235;19;2239.00;79
5284;18;4473088;5284;490;6517;6597;5.04;0.31;305.18;3.49;1233;19;2240.00;80
5287;18;4473100;5287;491;6520;6598;5.08;0.31;305.12;3.49;1233;19;2241.00;78
5288;18;4473112;5288;487;6521;6598;5.07;0.31;305.13;3.50;1233;19;2242.00;77
5290;18;4473124;5290;485;6525;6602;5.10;0.31;305.20;3.50;1235;19;2243.00;77
5296;18;4473137;5296;483;6526;6602;5.07;0.31;305.37;3.50;1230;19;2244.00;76
5301;18;4473149;5301;480;6528;6602;4.97;0.30;305.52;3.50;1227;19;2245.00;74
5305;18;4473162;5305;486;6529;6602;4.94;0.30;305.66;3.51;1224;19;2246.00;73
5308;18;4473174;5308;489;6533;6608;4.90;0.30;305.77;3.51;1225;19;2247.00;75
5311;18;4473186;5311;490;6533;6608;4.88;0.30;305.73;3.51;1222;19;2248.00;75
5313;18;4473197;5313;496;6533;6608;4.86;0.30;305.72;3.51;1220;19;2249.00;75
5315;18;4473210;5315;499;6539;6614;4.89;0.30;305.79;3.56;1224;19;2250.00;75
5321;18;4473225;5321;486;6539;6614;4.84;0.30;305.66;3.56;1218;19;2251.00;75
5322;18;4473237;5322;494;6541;6614;4.86;0.30;305.69;3.56;1219;19;2252.00;73
5325;18;4473249;5325;490;6541;6615;4.83;0.29;305.66;3.56;1216;19;2253.00;74
5329;18;4473261;5329;487;6542;6616;4.81;0.29;305.73;3.56;1213;19;2254.00;74
5333;18;4473273;5333;491;6542;6616;4.76;0.29;305.61;3.56;1209;19;2255.00;74
5337;18;4473285;5337;497;6550;6629;4.73;0.29;305.60;3.56;1213;19;2256.00;79
5339;18;4473297;5339;496;6552;6629;4.70;0.29;305.55;3.57;1213;19;2257.00;77
5342;18;4473310;5342;505;6552;6629;4.68;0.28;305.44;3.57;1210;19;2258.00;77
5344;18;4473321;5344;506;6553;6630;4.66;0.28;305.42;3.57;1209;19;2259.00;77
5345;18;4473333;5345;509;6555;6630;4.64;0.28;305.45;3.59;1210;19;2260.00;75
5348;18;4473345;5348;514;6559;6634;4.63;0.28;305.47;3.59;1211;19;2261.00;75
5348;18;4473356;5348;517;6560;6634;4.59;0.28;305.47;3.61;1212;19;2262.00;74
5349;18;4473367;5349;515;6564;6638;4.58;0.28;305.42;3.61;1215;19;2263.00;74
5351;18;4473380;5351;518;6565;6638;4.58;0.28;305.39;3.63;1214;19;2264.00;73
5351;18;4473392;5351;516;6565;6638;4.60;0.28;305.39;3.63;1214;19;2265.00;73
5353;18;4473403;5353;522;6567;6638;4.58;0.28;305.35;3.63;1214;19;2266.00;71
5353;18;4473415;5353;522;6568;6638;4.56;0.28;305.35;3.65;1215;19;2267.00;70
5357;18;4473426;5357;522;6579;6650;4.58;0.28;305.27;3.65;1222;19;2268.00;71
5357;18;4473439;5357;525;6580;6650;4.58;0.28;305.27;3.65;1223;19;2269.00;70
5359;18;4473450;5359;526;6582;6650;4.57;0.28;305.29;3.66;1223;19;2270.00;68
5359;18;4473462;5359;533;6583;6650;4.56;0.28;305.29;3.66;1224;19;2271.00;67
5359;18;4473474;5359;524;6585;6650;4.59;0.28;305.29;3.70;1226;19;2272.00;65
5361;18;4473486;5361;512;6585;6650;4.59;0.28;305.29;3.70;1224;19;2273.00;65
5362;18;4473498;5362;508;6586;6651;4.63;0.28;305.28;3.71;1224;19;2274.00;65
5363;18;4473510;5363;497;6588;6651;4.62;0.28;305.24;3.76;1225;19;2275.00;63
5364;18;4473523;5364;500;6594;6657;4.69;0.29;305.24;3.77;1230;19;2276.00;63
5365;18;4473536;5365;496;6595;6658;4.74;0.29;305.22;3.80;1230;19;2277.00;63
5368;18;4473548;5368;489;6598;6658;4.74;0.29;305.21;3.83;1230;19;2278.00;60
5368;18;4473566;5368;485;6599;6658;4.78;0.29;305.21;3.83;1231;19;2279.00;59
5369;18;4473581;5369;484;6604;6663;4.85;0.30;305.16;3.88;1235;19;2280.00;59
5369;18;4473594;5369;484;6604;6663;4.85;0.30;305.16;3.88;1235;19;2281.00;59
5370;18;4473606;5370;481;6605;6663;4.83;0.29;305.18;3.88;1235;19;2282.00;58
5372;18;4473618;5372;484;6606;6664;4.82;0.30;305.12;3.88;1234;19;2283.00;58
5375;18;4473631;5375;482;6612;6668;4.81;0.29;305.02;3.96;1237;19;2284.00;56
5375;18;4473644;5375;477;6612;6668;4.84;0.30;305.02;3.96;1237;19;2285.00;56
5377;19;4473656;5377;478;6614;6671;4.93;0.30;304.99;3.96;1237;20;2286.00;57
5379;19;4473685;5379;476;6615;6671;5.00;0.31;304.98;3.96;1236;20;2287.00;56
5381;19;4473698;5381;478;6615;6671;5.00;0.30;305.08;3.96;1234;21;2288.00;56
5383;19;4473723;5383;472;6615;6671;5.01;0.31;305.01;3.96;1232;21;2289.00;56
5384;19;4473741;5384;471;6623;6675;5.07;0.31;304.98;4.06;1239;21;2290.00;52
5384;19;4473754;5384;474;6623;6675;5.06;0.31;304.98;4.06;1239;21;2291.00;52
5386;19;4473766;5386;468;6624;6675;5.05;0.31;305.06;4.09;1238;21;2292.00;51
5389;19;4473778;5389;463;6624;6675;5.03;0.31;305.12;4.09;1235;21;2293.00;51
5392;19;4473790;5392;463;6627;6676;4.99;0.30;305.18;4.16;1235;21;2294.00;49
5395;19;4473804;5395;450;6630;6678;5.04;0.31;305.15;4.18;1235;21;2295.00;48
5397;19;4473816;5397;447;6630;6678;5.07;0.31;305.21;4.18;1233;21;2296.00;48
5401;19;4473828;5401;440;6632;6679;5.11;0.31;305.19;4.20;1231;21;2297.00;47
5402;19;4473840;5402;440;6633;6679;5.08;0.31;305.27;4.22;1231;21;2298.00;46
5404;19;4473853;5404;439;6633;6679;5.08;0.31;305.24;4.22;1229;21;2299.00;46
5405;19;4473865;5405;442;6635;6679;5.08;0.31;305.21;4.26;1230;21;2300.00;44
5409;19;4473880;5409;431;6636;6679;5.03;0.31;305.42;4.29;1227;21;2301.00;43
5409;19;4473892;5409;434;6636;6679;5.03;0.31;305.42;4.29;1227;21;2302.00;43
5412;19;4473904;5412;431;6637;6679;5.03;0.31;305.59;4.31;1225;21;2303.00;42
5414;19;4473916;5414;439;6697;6806;5.33;0.33;305.83;4.27;1283;21;2304.00;109
5417;19;4473937;5417;436;6701;6807;5.34;0.33;305.89;4.31;1284;21;2305.00;106
5418;19;4473949;5418;437;6712;6807;5.40;0.34;306.01;4.33;1294;21;2306.00;95
5422;19;4473961;5422;430;6719;6807;5.40;0.34;306.17;4.33;1297;21;2307.00;88
5423;19;4473973;5423;433;6726;6807;5.40;0.34;306.13;4.33;1303;21;2308.00;81
5432;19;4473986;5432;438;6731;6807;5.25;0.33;306.26;4.35;1299;21;2309.00;76
5435;19;4474000;5435;425;6734;6807;5.22;0.32;306.55;4.35;1299;21;2310.00;73
5438;19;4474014;5438;427;6738;6807;5.18;0.32;306.62;4.39;1300;21;2311.00;69
5440;19;4474032;5440;415;6743;6808;5.19;0.32;306.67;4.41;1303;21;2312.00;65
5445;19;4474046;5445;414;6744;6809;5.17;0.32;306.68;4.41;1299;21;2313.00;65
5449;19;4474059;5449;418;6747;6809;5.18;0.32;306.61;4.41;1298;21;2314.00;62
5454;19;4474073;5454;427;6748;6810;5.21;0.32;306.71;4.42;1294;21;2315.00;62
5455;19;4474086;5455;431;6751;6810;5.21;0.32;306.76;4.42;1296;21;2316.00;59
5459;19;4474099;5459;434;6752;6810;5.24;0.33;306.77;4.42;1293;21;2317.00;58
5463;19;4474113;5463;435;6753;6810;5.25;0.33;306.85;4.42;1290;21;2318.00;57
5464;19;4474132;5464;429;6757;6814;5.29;0.33;306.94;4.42;1293;21;2319.00;57
5471;19;4474147;5471;425;6758;6814;5.28;0.33;307.21;4.43;1287;21;2320.00;56
5474;19;4474164;5474;424;6760;6814;5.33;0.33;307.21;4.43;1286;21;2321.00;54
5475;19;4474183;5475;416;6761;6817;5.34;0.33;307.21;4.43;1286;21;2322.00;56
5480;19;4474198;5480;413;6762;6817;5.35;0.33;307.29;4.43;1282;21;2323.00;55
5484;19;4474218;5484;409;6763;6817;5.38;0.33;307.49;4.43;1279;21;2324.00;54
5492;19;4474240;5492;414;6766;6821;5.39;0.33;307.67;4.43;1274;21;2325.00;55
5495;19;4474256;5495;412;6766;6822;5.40;0.33;307.60;4.43;1271;21;2326.00;56
5498;19;4474270;5498;406;6768;6822;5.42;0.33;307.64;4.44;1270;21;2327.00;54
5504;19;4474286;5504;406;6769;6826;5.43;0.33;307.79;4.44;1265;21;2328.00;57
5510;19;4474301;5510;405;6769;6826;5.49;0.34;307.66;4.44;1259;21;2329.00;57
5516;19;4474316;5516;406;6770;6826;5.49;0.34;308.04;4.44;1254;21;2330.00;56
5522;19;4474336;5522;404;6770;6827;5.53;0.34;308.17;4.44;1248;21;2331.00;57
5524;19;4474351;5524;409;6771;6827;5.63;0.35;308.13;4.44;1247;21;2332.00;56
5529;19;4474366;5529;405;6775;6833;5.68;0.35;308.36;4.44;1246;21;2333.00;58
5530;19;4474382;5530;406;6776;6833;5.71;0.35;308.38;4.47;1246;21;2334.00;57
5536;19;4474401;5536;407;6776;6834;5.71;0.35;308.38;4.47;1240;21;2335.00;58
5539;19;4474417;5539;408;6776;6834;5.76;0.35;308.47;4.47;1237;21;2336.00;58
5545;19;4474432;5545;409;6777;6834;5.80;0.35;308.67;4.47;1232;21;2337.00;57
5550;19;4474446;5550;409;6777;6834;5.81;0.36;308.77;4.47;1227;21;2338.00;57
5554;19;4474461;5554;412;6778;6834;5.79;0.35;308.80;4.47;1224;21;2339.00;56
5559;19;4474478;5559;416;6801;6870;5.85;0.36;309.04;4.46;1242;21;2340.00;69
5564;19;4474495;5564;407;6801;6870;5.82;0.36;309.18;4.46;1237;21;2341.00;69
5567;19;4474511;5567;416;6804;6870;5.81;0.36;309.29;4.46;1237;21;2342.00;66
5571;19;4474525;5571;410;6806;6870;5.80;0.36;309.54;4.46;1235;21;2343.00;64
5577;19;4474539;5577;404;6808;6870;5.81;0.36;309.73;4.46;1231;21;2344.00;62
5582;19;4474553;5582;401;6809;6870;5.86;0.36;309.92;4.46;1227;21;2345.00;61
5585;19;4474568;5585;404;6813;6874;5.88;0.36;310.01;4.46;1228;21;2346.00;61
5590;19;4474582;5590;407;6814;6874;5.86;0.36;310.16;4.46;1224;21;2347.00;60
5594;19;4474596;5594;406;6817;6878;5.87;0.36;310.34;4.46;1223;21;2348.00;61
5600;19;4474611;5600;399;6817;6879;5.88;0.36;310.39;4.46;1217;21;2349.00;62
5604;19;4474625;5604;409;6818;6879;5.88;0.36;310.62;4.46;1214;21;2350.00;61
5608;19;4474639;5608;412;6818;6879;5.86;0.36;310.62;4.46;1210;21;2351.00;61
5611;19;4474653;5611;411;6828;6892;5.86;0.36;310.64;4.45;1217;21;2352.00;64
5616;19;4474668;5616;417;6831;6892;5.82;0.36;310.70;4.48;1215;21;2353.00;61
5621;19;4474682;5621;424;6831;6892;5.77;0.35;310.92;4.48;1210;21;2354.00;61
5626;19;4474697;5626;430;6833;6893;5.73;0.35;311.26;4.49;1207;21;2355.00;60
5627;19;4474711;5627;442;6833;6894;5.69;0.35;311.33;4.49;1206;21;2356.00;61
5631;19;4474725;5631;436;6833;6894;5.57;0.34;311.29;4.49;1202;21;2357.00;61
5635;19;4474739;5635;435;6837;6897;5.50;0.33;311.28;4.52;1202;21;2358.00;60
5640;19;4474754;5640;435;6838;6897;5.40;0.33;311.28;4.52;1198;21;2359.00;59
5644;19;4474768;5644;436;6838;6897;5.36;0.33;311.36;4.52;1194;21;2360.00;59
5648;19;4474783;5648;450;6839;6897;5.33;0.32;311.36;4.52;1191;21;2361.00;58
5649;19;4474797;5649;446;6843;6903;5.35;0.33;311.44;4.52;1194;21;2362.00;60
5653;19;4474811;5653;456;6844;6903;5.37;0.33;311.49;4.52;1191;21;2363.00;59
5656;19;4474824;5656;459;6845;6903;5.33;0.32;311.65;4.52;1189;21;2364.00;58
5659;19;4474838;5659;469;6845;6903;5.28;0.32;311.74;4.52;1186;21;2365.00;58
5662;19;4474851;5662;462;6849;6907;5.27;0.32;311.76;4.52;1187;21;2366.00;58
5663;19;4474865;5663;450;6850;6908;5.31;0.32;311.85;4.52;1187;21;2367.00;58
5667;19;4474880;5667;459;6850;6908;5.30;0.32;311.86;4.52;1183;21;2368.00;58
5667;19;4474895;5667;457;6851;6909;5.37;0.33;311.86;4.52;1184;21;2369.00;58
5669;19;4474910;5669;460;6851;6909;5.35;0.33;311.95;4.52;1182;21;2370.00;58
5674;19;4474925;5674;452;6851;6909;5.30;0.32;312.11;4.52;1177;21;2371.00;58
5674;19;4474939;5674;449;6851;6909;5.36;0.33;312.11;4.52;1177;21;2372.00;58
5679;19;4474951;5679;451;6851;6909;5.38;0.33;312.35;4.52;1172;21;2373.00;58
5682;19;4474965;5682;455;6852;6909;5.40;0.33;312.40;4.55;1170;21;2374.00;57
5685;19;4474986;5685;449;6852;6909;5.43;0.33;312.44;4.55;1167;21;2375.00;57
5686;19;4475000;5686;465;6891;6979;5.51;0.34;312.57;4.52;1205;21;2376.00;88
5688;19;4475019;5688;455;6892;6980;5.52;0.34;312.59;4.52;1204;21;2377.00;88
5693;19;4475033;5693;449;6898;6980;5.55;0.34;312.72;4.52;1205;21;2378.00;82
5696;19;4475047;5696;448;6900;6980;5.52;0.34;312.90;4.52;1204;21;2379.00;80
5698;19;4475060;5698;445;6902;6980;5.55;0.34;312.92;4.52;1204;21;2380.00;78
5702;19;4475074;5702;449;6904;6980;5.52;0.34;313.04;4.52;1202;21;2381.00;76
5707;19;4475088;5707;440;6907;6980;5.50;0.34;313.09;4.52;1200;21;2382.00;73
5709;19;4475101;5709;440;6909;6980;5.54;0.34;313.10;4.52;1200;21;2383.00;71
5714;19;4475115;5714;443;6911;6981;5.54;0.34;313.27;4.52;1197;21;2384.00;70
5715;19;4475128;5715;439;6913;6983;5.55;0.34;313.23;4.52;1198;21;2385.00;70
5715;19;4475144;5715;445;6915;6983;5.56;0.34;313.23;4.52;1200;21;2386.00;68
5718;19;4475159;5718;444;6920;6987;5.52;0.34;313.18;4.52;1202;21;2387.00;67
5721;19;4475175;5721;455;6922;6987;5.45;0.33;313.29;4.52;1201;21;2388.00;65
5722;19;4475189;5722;459;6923;6987;5.41;0.33;313.28;4.52;1201;21;2389.00;64
5724;19;4475202;5724;462;6924;6987;5.31;0.33;313.32;4.52;1200;21;2390.00;63
5726;19;4475215;5726;463;6929;6993;5.27;0.32;313.27;4.52;1203;21;2391.00;64
5726;19;4475229;5726;467;6930;6993;5.22;0.32;313.27;4.55;1204;21;2392.00;63
5726;19;4475242;5726;471;6930;6993;5.18;0.32;313.27;4.55;1204;21;2393.00;63
5729;19;4475255;5729;479;6932;6996;5.14;0.32;313.24;4.55;1203;21;2394.00;64
5733;19;4475268;5733;483;6932;6996;5.07;0.31;313.26;4.55;1199;21;2395.00;64
5735;19;4475281;5735;490;6933;6996;4.99;0.31;313.21;4.55;1198;21;2396.00;63
5737;19;4475294;5737;496;6933;6997;4.90;0.30;313.20;4.55;1196;21;2397.00;64
5740;19;4475306;5740;498;6934;6998;4.81;0.30;313.11;4.55;1194;21;2398.00;64
5742;19;4475318;5742;507;6934;6998;4.75;0.29;313.09;4.55;1192;21;2399.00;64
5747;19;4475333;5747;512;6958;7057;4.68;0.29;312.93;4.54;1211;21;2400.00;99
5750;19;4475357;5750;496;6958;7057;4.68;0.29;312.97;4.54;1208;21;2401.00;99
5754;19;4475371;5754;493;6960;7057;4.63;0.28;312.90;4.54;1206;21;2402.00;97
5758;19;4475385;5758;492;6962;7058;4.62;0.28;312.93;4.53;1204;21;2403.00;96
5760;19;4475398;5760;489;6964;7058;4.60;0.28;313.00;4.53;1204;21;2404.00;94
5762;19;4475410;5762;487;6967;7062;4.63;0.28;313.06;4.53;1205;21;2405.00;95
5762;19;4475423;5762;492;6969;7062;4.66;0.28;313.06;4.53;1207;21;2406.00;93
5764;19;4475435;5764;482;6973;7066;4.70;0.29;312.98;4.57;1209;21;2407.00;93
5765;19;4475448;5765;477;6973;7066;4.75;0.29;312.98;4.57;1208;21;2408.00;93
5768;19;4475460;5768;479;6973;7066;4.79;0.29;312.93;4.57;1205;21;2409.00;93
5768;19;4475472;5768;482;6973;7066;4.82;0.29;312.93;4.57;1205;21;2410.00;93
5773;19;4475484;5773;478;6974;7066;4.78;0.29;312.97;4.57;1201;21;2411.00;92
5775;19;4475496;5775;484;6984;7078;4.79;0.29;312.96;4.59;1209;21;2412.00;94
5779;19;4475508;5779;486;6985;7078;4.78;0.29;312.89;4.59;1206;21;2413.00;93
5781;19;4475521;5781;483;6986;7078;4.78;0.29;312.98;4.59;1205;21;2414.00;92
5782;19;4475539;5782;484;6988;7078;4.79;0.29;313.01;4.64;1206;21;2415.00;90
5785;19;4475552;5785;487;6989;7078;4.79;0.29;313.06;4.67;1204;21;2416.00;89
5787;19;4475565;5787;492;6990;7078;4.79;0.29;313.07;4.68;1203;21;2417.00;88
5789;19;4475576;5789;494;6992;7079;4.81;0.29;313.06;4.68;1203;21;2418.00;87
5790;19;4475589;5790;477;6992;7079;4.85;0.30;313.05;4.68;1202;21;2419.00;87
5792;19;4475601;5792;464;6995;7085;4.92;0.30;312.99;4.68;1203;21;2420.00;90
5794;19;4475615;5794;453;6997;7086;5.01;0.31;312.97;4.71;1203;21;2421.00;89
5794;19;4475629;5794;453;7000;7086;5.06;0.31;312.97;4.72;1206;21;2422.00;86
5795;19;4475647;5795;441;7001;7086;5.11;0.31;312.98;4.72;1206;21;2423.00;85
5797;19;4475660;5797;451;7005;7090;5.18;0.32;312.95;4.73;1208;21;2424.00;85
5800;19;4475678;5800;443;7006;7090;5.24;0.32;312.93;4.73;1206;21;2425.00;84
5804;19;4475697;5804;438;7008;7090;5.27;0.32;312.88;4.73;1204;21;2426.00;82
5807;19;4475711;5807;435;7009;7091;5.31;0.32;312.88;4.73;1202;21;2427.00;82
5810;19;4475725;5810;438;7013;7095;5.32;0.32;312.87;4.73;1203;21;2428.00;82
5812;19;4475738;5812;438;7014;7095;5.30;0.32;312.84;4.73;1202;21;2429.00;81
5815;19;4475753;5815;428;7019;7101;5.30;0.32;312.80;4.73;1204;21;2430.00;82
5815;19;4475766;5815;421;7019;7101;5.27;0.32;312.80;4.73;1204;21;2431.00;82
5817;19;4475778;5817;422;7020;7101;5.25;0.32;312.79;4.73;1203;21;2432.00;81
5819;19;4475791;5819;416;7020;7101;5.31;0.32;312.79;4.73;1201;21;2433.00;81
5821;19;4475809;5821;420;7026;7105;5.33;0.32;312.78;4.74;1205;21;2434.00;79
5823;19;4475824;5823;415;7026;7105;5.37;0.33;312.81;4.74;1203;21;2435.00;79
5824;19;4475837;5824;416;7027;7105;5.43;0.33;312.81;4.77;1203;21;2436.00;78
5824;19;4475851;5824;413;7027;7105;5.50;0.34;312.81;4.77;1203;21;2437.00;78
5826;19;4475868;5826;412;7027;7106;5.50;0.34;312.93;4.77;1201;21;2438.00;79
5828;19;4475882;5828;421;7029;7107;5.53;0.34;313.00;4.77;1201;21;2439.00;78
5828;19;4475896;5828;416;7031;7107;5.53;0.34;313.00;4.81;1203;21;2440.00;76
5830;19;4475911;5830;421;7032;7108;5.56;0.34;312.97;4.81;1202;21;2441.00;76
5832;19;4475926;5832;428;7032;7108;5.54;0.34;313.09;4.81;1200;21;2442.00;76
5835;19;4475944;5835;434;7034;7108;5.49;0.33;313.04;4.88;1199;21;2443.00;74
5836;19;4475957;5836;435;7034;7108;5.44;0.33;313.05;4.88;1198;21;2444.00;74
5838;19;4475970;5838;439;7036;7108;5.44;0.33;313.13;4.92;1198;21;2445.00;72
5841;19;4475983;5841;439;7038;7108;5.37;0.33;313.10;4.93;1197;21;2446.00;70
5843;19;4475996;5843;443;7038;7108;5.33;0.33;313.21;4.93;1195;21;2447.00;70
5848;19;4476009;5848;459;7099;7235;5.55;0.34;313.29;4.92;1251;21;2448.00;136
5854;19;4476033;5854;456;7104;7236;5.48;0.34;313.31;4.92;1250;21;2449.00;132
5857;19;4476047;5857;449;7113;7236;5.49;0.34;313.49;4.91;1256;21;2450.00;123
5858;19;4476061;5858;449;7121;7236;5.50;0.34;313.55;4.95;1263;21;2451.00;115
5860;19;4476074;5860;445;7126;7236;5.49;0.34;313.60;4.95;1266;21;2452.00;110
5861;19;4476087;5861;450;7128;7236;5.48;0.34;313.69;4.95;1267;21;2453.00;108
5861;19;4476100;5861;450;7131;7236;5.50;0.34;313.69;4.98;1270;21;2454.00;105
5863;19;4476114;5863;450;7133;7236;5.52;0.34;313.77;4.98;1270;21;2455.00;103
5864;19;4476135;5864;450;7135;7237;5.56;0.34;313.88;4.99;1271;21;2456.00;102
5865;19;4476150;5865;454;7142;7238;5.59;0.35;313.85;5.06;1277;21;2457.00;96
5867;19;4476165;5867;446;7145;7238;5.61;0.35;313.90;5.09;1278;21;2458.00;93
5871;19;4476180;5871;451;7148;7239;5.58;0.34;313.95;5.12;1277;21;2459.00;91
5874;19;4476197;5874;450;7150;7239;5.58;0.34;314.14;5.13;1276;21;2460.00;89
5879;19;4476212;5879;447;7152;7239;5.54;0.34;314.05;5.13;1273;21;2461.00;87
5882;19;4476226;5882;450;7156;7239;5.49;0.34;314.04;5.19;1274;21;2462.00;83
5887;19;4476242;5887;449;7163;7243;5.44;0.33;314.19;5.20;1276;21;2463.00;80
5889;19;4476257;5889;453;7165;7243;5.42;0.33;314.26;5.26;1276;21;2464.00;78
5891;19;4476272;5891;459;7168;7243;5.40;0.33;314.20;5.29;1277;21;2465.00;75
5892;19;4476287;5892;454;7170;7246;5.42;0.33;314.19;5.30;1278;21;2466.00;76
5894;19;4476301;5894;456;7173;7246;5.42;0.33;314.30;5.33;1279;21;2467.00;73
5897;19;4476315;5897;463;7174;7246;5.41;0.33;314.54;5.33;1277;21;2468.00;72
5899;19;4476327;5899;471;7181;7250;5.36;0.33;314.64;5.34;1282;21;2469.00;69
5900;19;4476341;5900;477;7185;7251;5.32;0.32;314.61;5.40;1285;21;2470.00;66
5902;19;4476355;5902;479;7187;7251;5.28;0.32;314.61;5.40;1285;21;2471.00;64
5906;19;4476368;5906;485;7189;7255;5.22;0.32;314.62;5.40;1283;21;2472.00;66
5908;19;4476382;5908;485;7192;7255;5.18;0.32;314.68;5.46;1284;21;2473.00;63
5911;19;4476395;5911;492;7193;7255;5.12;0.31;314.67;5.46;1282;21;2474.00;62
5916;19;4476408;5916;480;7196;7257;5.07;0.31;314.74;5.45;1280;21;2475.00;61
5918;19;4476423;5918;475;7198;7257;5.06;0.31;314.77;5.51;1280;21;2476.00;59
5922;19;4476436;5922;474;7203;7263;5.05;0.31;314.73;5.50;1281;21;2477.00;60
5923;19;4476450;5923;469;7203;7263;5.07;0.31;314.71;5.50;1280;21;2478.00;60
5928;19;4476463;5928;473;7203;7264;5.05;0.31;314.93;5.50;1275;21;2479.00;61
5930;19;4476476;5930;475;7203;7264;5.07;0.31;314.90;5.50;1273;21;2480.00;61
5931;19;4476489;5931;473;7203;7264;5.16;0.31;314.88;5.50;1272;21;2481.00;61
5936;19;4476502;5936;462;7203;7264;5.19;0.32;314.95;5.50;1267;21;2482.00;61
5941;19;4476516;5941;457;7203;7264;5.21;0.32;315.03;5.50;1262;21;2483.00;61
5946;19;4476529;5946;462;7211;7276;5.24;0.32;314.97;5.50;1265;21;2484.00;65
5950;19;4476544;5950;452;7213;7276;5.26;0.32;315.04;5.50;1263;21;2485.00;63
5954;19;4476558;5954;443;7213;7276;5.26;0.32;315.05;5.50;1259;21;2486.00;63
5958;19;4476573;5958;435;7213;7276;5.25;0.32;315.02;5.50;1255;21;2487.00;63
5960;19;4476592;5960;434;7213;7276;5.26;0.32;315.02;5.50;1253;21;2488.00;63
5964;19;4476605;5964;435;7213;7276;5.25;0.32;315.09;5.50;1249;21;2489.00;63
5967;19;4476622;5967;427;7216;7280;5.28;0.32;315.13;5.50;1249;21;2490.00;64
5969;19;4476636;5969;422;7216;7280;5.29;0.32;315.19;5.50;1247;21;2491.00;64
5972;19;4476650;5972;421;7219;7284;5.31;0.32;315.24;5.49;1247;21;2492.00;65
5973;19;4476664;5973;419;7220;7285;5.29;0.32;315.32;5.49;1247;21;2493.00;65
5977;19;4476680;5977;418;7220;7285;5.28;0.32;315.46;5.49;1243;21;2494.00;65
5979;19;4476694;5979;419;7220;7285;5.31;0.32;315.48;5.49;1241;21;2495.00;65
5983;19;4476708;5983;417;7230;7298;5.41;0.33;315.50;5.49;1247;21;2496.00;68
5986;19;4476723;5986;417;7230;7298;5.45;0.33;315.46;5.49;1244;21;2497.00;68
5990;19;4476736;5990;421;7230;7298;5.48;0.33;315.52;5.49;1240;21;2498.00;68
5994;19;4476750;5994;415;7231;7299;5.52;0.34;315.67;5.48;1237;21;2499.00;68
5998;19;4476765;5998;417;7231;7300;5.51;0.34;315.72;5.48;1233;21;2500.00;69
6001;19;4476782;6001;420;7231;7300;5.50;0.34;315.78;5.48;1230;21;2501.00;69
6007;19;4476796;6007;420;7232;7303;5.47;0.33;315.93;5.48;1225;21;2502.00;71
6010;19;4476811;6010;424;7232;7303;5.46;0.33;315.97;5.48;1222;21;2503.00;71
6014;19;4476824;6014;423;7232;7303;5.46;0.33;316.03;5.48;1218;21;2504.00;71
6019;19;4476838;6019;424;7232;7303;5.42;0.33;316.23;5.48;1213;21;2505.00;71
6023;19;4476850;6023;424;7236;7309;5.43;0.33;316.26;5.48;1213;21;2506.00;73
6027;19;4476864;6027;430;7236;7309;5.39;0.33;316.35;5.48;1209;21;2507.00;73
6030;19;4476877;6030;433;7236;7309;5.35;0.33;316.58;5.48;1206;21;2508.00;73
6035;19;4476890;6035;439;7236;7309;5.29;0.32;316.59;5.48;1201;21;2509.00;73
6038;19;4476903;6038;440;7240;7313;5.26;0.32;316.70;5.48;1202;21;2510.00;73
6044;19;4476916;6044;443;7241;7314;5.20;0.32;316.79;5.48;1197;21;2511.00;73
6049;19;4476929;6049;447;7241;7314;5.21;0.32;316.84;5.48;1192;21;2512.00;73
6054;19;4476942;6054;448;7242;7315;5.22;0.32;317.00;5.48;1188;21;2513.00;73
6055;19;4476955;6055;453;7243;7315;5.23;0.32;317.02;5.48;1188;21;2514.00;72
6058;19;4476967;6058;461;7243;7315;5.20;0.32;317.11;5.48;1185;21;2515.00;72
6062;19;4476980;6062;470;7244;7315;5.19;0.32;317.09;5.48;1182;21;2516.00;71
6064;19;4476992;6064;477;7244;7315;5.16;0.31;317.18;5.48;1180;21;2517.00;71
6069;19;4477005;6069;482;7244;7315;5.10;0.31;317.34;5.48;1175;21;2518.00;71
6072;19;4477017;6072;485;7245;7315;5.00;0.30;317.27;5.49;1173;21;2519.00;70
6075;19;4477032;6075;514;7312;7440;5.18;0.32;317.42;5.44;1237;21;2520.00;128
6078;19;4477053;6078;517;7314;7441;5.07;0.31;317.54;5.44;1236;21;2521.00;127
6081;19;4477066;6081;511;7320;7441;5.03;0.31;317.61;5.44;1239;21;2522.00;121
6083;19;4477079;6083;504;7323;7441;5.01;0.31;317.69;5.44;1240;21;2523.00;118
6086;19;4477092;6086;509;7328;7441;5.02;0.31;317.69;5.46;1242;21;2524.00;113
6089;19;4477106;6089;512;7332;7441;5.04;0.31;317.90;5.46;1243;21;2525.00;109
6091;19;4477125;6091;516;7334;7441;5.02;0.31;318.05;5.46;1243;21;2526.00;107
6093;19;4477138;6093;519;7336;7441;4.98;0.31;318.13;5.47;1243;21;2527.00;105
6096;19;4477152;6096;524;7342;7442;4.95;0.31;318.36;5.47;1246;21;2528.00;100
6101;19;4477165;6101;535;7345;7443;4.89;0.30;318.54;5.47;1244;21;2529.00;98
6102;19;4477179;6102;535;7349;7443;4.86;0.30;318.55;5.47;1247;21;2530.00;94
6106;19;4477197;6106;529;7354;7447;4.81;0.30;318.77;5.47;1248;21;2531.00;93
6110;19;4477211;6110;525;7357;7447;4.77;0.29;318.85;5.47;1247;21;2532.00;90
6113;19;4477224;6113;521;7358;7447;4.77;0.29;318.89;5.47;1245;21;2533.00;89
6115;19;4477238;6115;520;7358;7447;4.76;0.29;319.11;5.47;1243;21;2534.00;89
6116;19;4477251;6116;522;7363;7453;4.78;0.29;319.09;5.47;1247;21;2535.00;90
6118;19;4477265;6118;524;7363;7453;4.80;0.30;319.04;5.47;1245;21;2536.00;90
6123;19;4477283;6123;532;7365;7455;4.87;0.30;318.94;5.47;1242;21;2537.00;90
6125;19;4477336;6125;539;7368;7458;4.95;0.30;318.91;5.47;1243;21;2538.00;90
6127;19;4477350;6127;539;7368;7458;5.00;0.31;318.88;5.47;1241;21;2539.00;90
6127;19;4477365;6127;542;7368;7458;5.02;0.31;318.88;5.47;1241;21;2540.00;90
6131;19;4477378;6131;545;7368;7459;4.98;0.31;318.87;5.47;1237;21;2541.00;91
6133;19;4477391;6133;539;7369;7460;4.96;0.30;318.99;5.47;1236;21;2542.00;91
6135;19;4477405;6135;533;7369;7460;4.95;0.30;319.05;5.47;1234;21;2543.00;91
6138;19;4477419;6138;539;7380;7473;4.92;0.30;319.01;5.46;1242;21;2544.00;93
6140;19;4477434;6140;536;7380;7473;4.89;0.30;318.92;5.46;1240;21;2545.00;93
6141;19;4477448;6141;535;7380;7473;4.91;0.30;318.88;5.46;1239;21;2546.00;93
6145;19;4477461;6145;531;7381;7474;4.92;0.30;318.83;5.46;1236;21;2547.00;93
6147;19;4477474;6147;535;7381;7474;4.90;0.30;318.77;5.46;1234;21;2548.00;93
6150;19;4477488;6150;540;7385;7478;4.90;0.30;318.88;5.45;1235;21;2549.00;93
6152;19;4477509;6152;547;7387;7481;4.85;0.30;319.02;5.45;1235;21;2550.00;94
6153;19;4477523;6153;552;7391;7485;4.82;0.29;319.06;5.45;1238;21;2551.00;94
6154;19;4477536;6154;550;7391;7485;4.80;0.29;319.16;5.45;1237;21;2552.00;94
6156;19;4477549;6156;554;7391;7485;4.78;0.29;319.15;5.45;1235;21;2553.00;94
6158;19;4477563;6158;550;7392;7485;4.76;0.29;319.14;5.48;1234;21;2554.00;93
6160;19;4477575;6160;557;7392;7485;4.72;0.29;319.13;5.48;1232;21;2555.00;93
6164;19;4477588;6164;558;7402;7497;4.71;0.29;319.07;5.47;1238;21;2556.00;95
6166;19;4477602;6166;564;7402;7497;4.67;0.28;319.01;5.47;1236;21;2557.00;95
6166;19;4477615;6166;560;7403;7497;4.63;0.28;319.01;5.47;1237;21;2558.00;94
6167;19;4477629;6167;566;7403;7497;4.62;0.28;318.96;5.47;1236;21;2559.00;94
6170;19;4477642;6170;574;7403;7497;4.57;0.28;319.06;5.47;1233;21;2560.00;94
6170;19;4477654;6170;579;7403;7497;4.56;0.28;319.06;5.47;1233;21;2561.00;94
6170;19;4477666;6170;583;7403;7498;4.54;0.28;319.06;5.47;1233;21;2562.00;95
6171;19;4477678;6171;586;7403;7498;4.50;0.27;319.01;5.47;1232;21;2563.00;95
6175;19;4477690;6175;599;7408;7504;4.44;0.27;318.99;5.47;1233;21;2564.00;96
6178;19;4477703;6178;596;7410;7506;4.37;0.27;319.04;5.47;1232;21;2565.00;96
6179;19;4477716;6179;582;7410;7506;4.35;0.26;319.06;5.47;1231;21;2566.00;96
6179;19;4477729;6179;574;7410;7506;4.32;0.26;319.06;5.47;1231;21;2567.00;96
6179;19;4477741;6179;566;7413;7510;4.29;0.26;319.06;5.46;1234;21;2568.00;97
6180;19;4477753;6180;550;7413;7510;4.31;0.26;319.11;5.46;1233;21;2569.00;97
6183;19;4477766;6183;543;7413;7510;4.34;0.26;319.11;5.46;1230;21;2570.00;97
6184;19;4477778;6184;532;7414;7511;4.40;0.27;319.12;5.46;1230;21;2571.00;97
6186;19;4477791;6186;522;7417;7515;4.43;0.27;319.19;5.46;1231;21;2572.00;98
6187;19;4477809;6187;516;7417;7515;4.52;0.27;319.15;5.46;1230;21;2573.00;98
6187;19;4477822;6187;511;7419;7518;4.65;0.28;319.15;5.46;1232;21;2574.00;99
6187;19;4477835;6187;501;7419;7518;4.74;0.29;319.15;5.46;1232;21;2575.00;99
6188;19;4477847;6188;500;7420;7518;4.83;0.29;319.14;5.46;1232;21;2576.00;98
6192;19;4477859;6192;492;7420;7518;4.87;0.29;319.14;5.46;1228;21;2577.00;98
6194;19;4477873;6194;487;7424;7522;4.97;0.30;319.13;5.46;1230;21;2578.00;98
6196;19;4477886;6196;482;7424;7522;5.02;0.30;319.16;5.46;1228;21;2579.00;98
6197;19;4477901;6197;484;7426;7522;5.06;0.31;319.20;5.53;1229;21;2580.00;96
6197;19;4477921;6197;473;7426;7522;5.08;0.31;319.20;5.53;1229;21;2581.00;96
6198;19;4477934;6198;478;7426;7523;5.08;0.31;319.23;5.53;1228;21;2582.00;97
6200;19;4477946;6200;470;7427;7524;5.12;0.31;319.25;5.53;1227;21;2583.00;97
6202;19;4477958;6202;466;7427;7524;5.15;0.31;319.29;5.53;1225;21;2584.00;97
6204;19;4477971;6204;470;7428;7525;5.21;0.31;319.26;5.53;1224;21;2585.00;97
6207;19;4477983;6207;464;7428;7525;5.23;0.32;319.18;5.53;1221;21;2586.00;97
6209;19;4477996;6209;458;7428;7525;5.25;0.32;319.39;5.53;1219;21;2587.00;97
6209;19;4478009;6209;464;7428;7525;5.28;0.32;319.39;5.53;1219;21;2588.00;97
6210;19;4478022;6210;463;7428;7525;5.32;0.32;319.52;5.53;1218;21;2589.00;97
6212;19;4478035;6212;462;7428;7525;5.36;0.32;319.52;5.53;1216;21;2590.00;97
6212;19;4478048;6212;450;7428;7525;5.42;0.33;319.52;5.53;1216;21;2591.00;97
6214;19;4478060;6214;467;7494;7652;5.66;0.35;319.54;5.48;1280;21;2592.00;158
6218;19;4478084;6218;464;7496;7653;5.63;0.35;319.74;5.48;1278;21;2593.00;157
6220;19;4478097;6220;461;7504;7653;5.63;0.35;319.70;5.48;1284;21;2594.00;149
6222;19;4478111;6222;455;7509;7653;5.60;0.34;319.86;5.48;1287;21;2595.00;144
6224;19;4478124;6224;456;7514;7653;5.61;0.34;319.91;5.47;1290;21;2596.00;139
6225;19;4478137;6225;452;7517;7653;5.57;0.34;319.90;5.47;1292;21;2597.00;136
6229;19;4478152;6229;446;7518;7653;5.51;0.34;319.92;5.47;1289;21;2598.00;135
6231;19;4478170;6231;445;7521;7653;5.50;0.34;320.05;5.47;1290;21;2599.00;132
6231;19;4478183;6231;450;7522;7654;5.51;0.34;320.05;5.48;1291;21;2600.00;132
6233;19;4478199;6233;457;7527;7655;5.52;0.34;320.14;5.48;1294;21;2601.00;128
6236;19;4478218;6236;453;7530;7655;5.55;0.34;320.11;5.48;1294;21;2602.00;125
6239;19;4478231;6239;456;7533;7656;5.51;0.34;320.24;5.48;1294;21;2603.00;123
6241;19;4478245;6241;453;7536;7656;5.48;0.34;320.42;5.48;1295;21;2604.00;120
6243;19;4478264;6243;459;7539;7656;5.40;0.33;320.52;5.53;1296;21;2605.00;117
6245;19;4478277;6245;459;7540;7656;5.36;0.33;320.47;5.53;1295;21;2606.00;116
6249;19;4478290;6249;465;7546;7660;5.33;0.33;320.45;5.57;1297;21;2607.00;114
6250;19;4478305;6250;473;7548;7660;5.29;0.32;320.45;5.57;1298;21;2608.00;112
6251;19;4478324;6251;487;7550;7660;5.23;0.32;320.44;5.57;1299;21;2609.00;110
6252;19;4478338;6252;483;7555;7666;5.20;0.32;320.41;5.61;1303;21;2610.00;111
6254;19;4478352;6254;489;7556;7666;5.17;0.32;320.44;5.61;1302;21;2611.00;110
6257;19;4478365;6257;477;7559;7666;5.18;0.32;320.39;5.65;1302;21;2612.00;107
6262;19;4478378;6262;482;7563;7670;5.15;0.32;320.46;5.65;1301;21;2613.00;107
6263;19;4478393;6263;483;7566;7671;5.14;0.31;320.59;5.69;1303;21;2614.00;105
6266;19;4478406;6266;491;7566;7671;5.14;0.31;320.61;5.69;1300;21;2615.00;105
6268;19;4478418;6268;487;7571;7675;5.12;0.31;320.61;5.73;1303;21;2616.00;104
6269;19;4478432;6269;492;7571;7675;5.10;0.31;320.68;5.73;1302;21;2617.00;104
6271;19;4478444;6271;491;7571;7675;5.10;0.31;320.85;5.73;1300;21;2618.00;104
6273;19;4478457;6273;486;7574;7676;5.13;0.32;320.81;5.81;1301;21;2619.00;102
6276;19;4478471;6276;500;7574;7676;5.16;0.32;320.82;5.81;1298;21;2620.00;102
6279;19;4478484;6279;499;7579;7682;5.21;0.32;320.76;5.80;1300;21;2621.00;103
6282;19;4478498;6282;500;7581;7682;5.23;0.32;320.73;5.88;1299;21;2622.00;101
6283;19;4478512;6283;504;7581;7683;5.31;0.33;320.79;5.88;1298;21;2623.00;102
6287;19;4478526;6287;501;7583;7683;5.32;0.33;320.76;5.96;1296;21;2624.00;100
6289;19;4478539;6289;503;7584;7683;5.38;0.33;320.78;5.99;1295;21;2625.00;99
6292;19;4478552;6292;497;7584;7683;5.43;0.33;320.77;5.99;1292;22;2626.00;99
6294;19;4478574;6294;493;7585;7683;5.46;0.33;320.77;6.03;1291;22;2627.00;98
6299;19;4478587;6299;492;7595;7695;5.50;0.34;320.99;6.02;1296;22;2628.00;100
6300;19;4478603;6300;500;7597;7695;5.50;0.34;321.01;6.10;1297;22;2629.00;98
6302;19;4478616;6302;488;7598;7695;5.52;0.34;321.01;6.10;1296;22;2630.00;97
6307;19;4478629;6307;490;7598;7695;5.52;0.34;321.07;6.10;1291;22;2631.00;97
6310;19;4478643;6310;489;7600;7695;5.50;0.34;321.01;6.17;1290;22;2632.00;95
6312;19;4478658;6312;489;7600;7695;5.50;0.34;321.15;6.17;1288;22;2633.00;95
6315;19;4478674;6315;489;7605;7699;5.46;0.33;321.12;6.24;1290;22;2634.00;94
6319;19;4478694;6319;490;7605;7699;5.43;0.33;321.43;6.24;1286;22;2635.00;94
6320;19;4478707;6320;491;7609;7703;5.47;0.33;321.45;6.23;1289;22;2636.00;94
6324;19;4478720;6324;485;7612;7704;5.41;0.33;321.64;6.30;1288;22;2637.00;92
6329;19;4478734;6329;484;7612;7704;5.35;0.33;321.62;6.30;1283;22;2638.00;92
6336;19;4478748;6336;488;7612;7704;5.31;0.32;321.91;6.30;1276;22;2639.00;92
6341;19;4478763;6341;479;7633;7733;5.31;0.32;321.85;6.28;1292;22;2640.00;100
6350;19;4478783;6350;467;7633;7733;5.23;0.32;322.22;6.28;1283;22;2641.00;100
6354;19;4478799;6354;456;7637;7733;5.23;0.32;322.29;6.35;1283;22;2642.00;96
6356;19;4478814;6356;457;7640;7734;5.27;0.32;322.42;6.35;1284;22;2643.00;94
6358;19;4478831;6358;448;7640;7735;5.30;0.32;322.42;6.35;1282;22;2644.00;95
6363;19;4478845;6363;450;7640;7735;5.26;0.32;322.57;6.35;1277;22;2645.00;95
6366;19;4478859;6366;453;7643;7738;5.28;0.32;322.63;6.35;1277;22;2646.00;95
6370;19;4478872;6370;444;7643;7738;5.27;0.32;322.52;6.35;1273;23;2647.00;95
6374;19;4478894;6374;440;7643;7738;5.28;0.32;322.69;6.35;1269;23;2648.00;95
6376;19;4478908;6376;434;7643;7738;5.35;0.32;322.65;6.35;1267;23;2649.00;95
6380;19;4478922;6380;432;7648;7744;5.34;0.32;322.82;6.34;1268;23;2650.00;96
6382;19;4478937;6382;428;7648;7744;5.34;0.32;322.87;6.34;1266;23;2651.00;96
6385;19;4478951;6385;423;7648;7744;5.33;0.33;322.98;6.34;1263;23;2652.00;96
6387;19;4478965;6387;429;7648;7744;5.32;0.32;323.02;6.34;1261;23;2653.00;96
6389;19;4478978;6389;438;7651;7748;5.33;0.33;323.00;6.34;1262;23;2654.00;97
6393;19;4478991;6393;440;7653;7750;5.33;0.33;323.04;6.34;1260;23;2655.00;97
6396;19;4479005;6396;447;7653;7750;5.32;0.33;323.10;6.34;1257;23;2656.00;97
6399;19;4479019;6399;449;7654;7751;5.29;0.33;323.17;6.34;1255;23;2657.00;97
6404;19;4479032;6404;450;7655;7751;5.24;0.32;323.26;6.38;1251;23;2658.00;96
6408;19;4479046;6408;459;7655;7751;5.22;0.32;323.37;6.38;1247;23;2659.00;96
6414;19;4479059;6414;464;7655;7751;5.18;0.32;323.45;6.38;1241;23;2660.00;96
6419;19;4479072;6419;458;7655;7751;5.16;0.32;323.56;6.38;1236;23;2661.00;96
6424;19;4479086;6424;455;7655;7751;5.18;0.32;323.61;6.38;1231;23;2662.00;96
6428;19;4479098;6428;456;7655;7751;5.18;0.32;323.58;6.38;1227;23;2663.00;96
6435;19;4479116;6435;464;7694;7821;5.22;0.32;323.73;6.35;1259;23;2664.00;127
6438;19;4479134;6438;468;7696;7822;5.25;0.32;323.93;6.35;1258;23;2665.00;126
6440;19;4479147;6440;455;7701;7822;5.27;0.32;324.07;6.34;1261;23;2666.00;121
6447;19;4479160;6447;459;7701;7822;5.18;0.32;324.36;6.34;1254;23;2667.00;121
6449;19;4479173;6449;466;7702;7822;5.25;0.32;324.40;6.34;1253;23;2668.00;120
6455;19;4479185;6455;470;7704;7822;5.18;0.32;324.45;6.34;1249;23;2669.00;118
6460;19;4479205;6460;479;7704;7822;5.15;0.32;324.60;6.34;1244;23;2670.00;118
6465;19;4479218;6465;478;7706;7822;5.11;0.31;324.70;6.34;1241;23;2671.00;116
6469;19;4479231;6469;497;7708;7823;5.07;0.31;324.86;6.34;1239;23;2672.00;115
6478;19;4479244;6478;501;7710;7824;4.97;0.30;325.21;6.34;1232;23;2673.00;114
6482;19;4479257;6482;512;7712;7824;4.88;0.30;325.25;6.34;1230;23;2674.00;112
6486;19;4479271;6486;513;7717;7828;4.84;0.30;325.21;6.34;1231;23;2675.00;111
6490;19;4479286;6490;525;7717;7828;4.72;0.29;325.21;6.34;1227;23;2676.00;111
6494;19;4479301;6494;534;7717;7828;4.70;0.29;325.18;6.34;1223;23;2677.00;111
6495;19;4479314;6495;543;7718;7828;4.69;0.29;325.20;6.34;1223;23;2678.00;110
6500;19;4479327;6500;549;7723;7834;4.64;0.28;325.28;6.34;1223;23;2679.00;111
6502;19;4479340;6502;553;7724;7834;4.65;0.28;325.22;6.34;1222;23;2680.00;110
6505;19;4479353;6505;562;7725;7834;4.58;0.28;325.28;6.35;1220;23;2681.00;109
6507;19;4479365;6507;558;7727;7837;4.53;0.28;325.29;6.35;1220;23;2682.00;110
6510;19;4479378;6510;567;7729;7837;4.48;0.27;325.26;6.35;1219;23;2683.00;108
6515;19;4479391;6515;560;7729;7837;4.41;0.27;325.18;6.35;1214;23;2684.00;108
6521;19;4479403;6521;566;7731;7838;4.33;0.26;325.15;6.35;1210;23;2685.00;107
6522;19;4479416;6522;574;7732;7839;4.30;0.26;325.17;6.35;1210;23;2686.00;107
6525;19;4479429;6525;566;7733;7839;4.25;0.26;325.13;6.35;1208;23;2687.00;106
6528;19;4479441;6528;563;7742;7852;4.31;0.26;325.11;6.34;1214;23;2688.00;110
6529;19;4479455;6529;573;7745;7852;4.32;0.26;325.15;6.34;1216;23;2689.00;107
6534;19;4479467;6534;570;7745;7852;4.30;0.26;325.29;6.34;1211;23;2690.00;107
6534;19;4479479;6534;578;7746;7853;4.38;0.27;325.29;6.34;1212;23;2691.00;107
6535;19;4479492;6535;569;7747;7853;4.42;0.27;325.25;6.34;1212;23;2692.00;106
6537;19;4479504;6537;576;7750;7857;4.46;0.27;325.19;6.34;1213;23;2693.00;107
6538;19;4479517;6538;574;7750;7857;4.48;0.27;325.20;6.34;1212;23;2694.00;107
6542;19;4479530;6542;572;7754;7861;4.48;0.27;325.27;6.34;1212;23;2695.00;107
6546;19;4479542;6546;554;7754;7861;4.46;0.27;325.39;6.34;1208;23;2696.00;107
6547;19;4479555;6547;549;7754;7861;4.46;0.27;325.38;6.34;1207;23;2697.00;107
6550;19;4479567;6550;541;7754;7861;4.48;0.27;325.45;6.34;1204;23;2698.00;107
6551;19;4479580;6551;547;7754;7861;4.51;0.28;325.47;6.34;1203;23;2699.00;107
6552;19;4479594;6552;557;7780;7910;4.57;0.28;325.43;6.32;1228;23;2700.00;130
6554;19;4479615;6554;546;7781;7910;4.60;0.28;325.52;6.32;1227;23;2701.00;129
6557;19;4479628;6557;551;7783;7910;4.66;0.29;325.41;6.31;1226;23;2702.00;127
6560;19;4479640;6560;554;7783;7910;4.71;0.29;325.38;6.31;1223;23;2703.00;127
6560;19;4479654;6560;554;7785;7910;4.76;0.29;325.38;6.31;1225;23;2704.00;125
6563;19;4479666;6563;557;7785;7910;4.75;0.29;325.32;6.31;1222;23;2705.00;125
6564;19;4479679;6564;556;7788;7911;4.79;0.29;325.32;6.31;1224;23;2706.00;123
6565;19;4479692;6565;552;7788;7911;4.80;0.29;325.28;6.31;1223;23;2707.00;123
6567;19;4479704;6567;550;7792;7917;4.83;0.30;325.33;6.31;1225;23;2708.00;125
6567;19;4479717;6567;555;7793;7918;4.89;0.30;325.33;6.31;1226;23;2709.00;125
6568;19;4479731;6568;554;7793;7918;4.91;0.30;325.28;6.31;1225;23;2710.00;125
6571;19;4479743;6571;555;7794;7918;4.91;0.30;325.33;6.35;1223;23;2711.00;124
6571;19;4479756;6571;552;7799;7922;4.93;0.30;325.33;6.35;1228;23;2712.00;123
6573;19;4479770;6573;535;7799;7922;4.95;0.30;325.45;6.35;1226;23;2713.00;123
6575;19;4479782;6575;529;7799;7922;5.00;0.31;325.46;6.35;1224;23;2714.00;123
6578;19;4479796;6578;524;7800;7923;5.04;0.31;325.54;6.35;1222;23;2715.00;123
6579;19;4479810;6579;520;7803;7927;5.09;0.31;325.52;6.35;1224;23;2716.00;124
6580;19;4479823;6580;521;7803;7927;5.16;0.31;325.52;6.35;1223;23;2717.00;124
6580;19;4479837;6580;515;7807;7930;5.24;0.32;325.52;6.35;1227;23;2718.00;123
6580;19;4479861;6580;509;7807;7930;5.28;0.32;325.52;6.35;1227;23;2719.00;123
6585;19;4479874;6585;512;7808;7930;5.29;0.32;325.64;6.35;1223;23;2720.00;122
6586;19;4479889;6586;507;7808;7930;5.32;0.32;325.64;6.35;1222;23;2721.00;122
6587;19;4479908;6587;502;7811;7934;5.36;0.33;325.70;6.35;1224;23;2722.00;123
6589;19;4479927;6589;504;7813;7934;5.36;0.33;325.72;6.35;1224;23;2723.00;121
6592;19;4479941;6592;506;7813;7934;5.35;0.33;325.76;6.35;1221;23;2724.00;121
6593;19;4479953;6593;499;7813;7934;5.35;0.33;325.82;6.35;1220;23;2725.00;121
6593;19;4479967;6593;498;7813;7935;5.39;0.33;325.82;6.35;1220;23;2726.00;122
6594;19;4479980;6594;493;7814;7936;5.43;0.33;325.82;6.35;1220;23;2727.00;122
6596;19;4479994;6596;491;7815;7936;5.46;0.33;325.83;6.35;1219;23;2728.00;121
6596;19;4480007;6596;497;7817;7937;5.48;0.33;325.83;6.36;1221;23;2729.00;120
6597;19;4480021;6597;486;7817;7937;5.49;0.33;325.84;6.36;1220;23;2730.00;120
6598;19;4480035;6598;478;7817;7937;5.50;0.33;325.97;6.36;1219;23;2731.00;120
6601;19;4480049;6601;473;7819;7937;5.50;0.33;326.03;6.36;1218;23;2732.00;118
6604;19;4480063;6604;470;7820;7937;5.49;0.33;326.10;6.40;1216;23;2733.00;117
6604;19;4480076;6604;460;7821;7937;5.50;0.33;326.10;6.40;1217;23;2734.00;116
6606;19;4480088;6606;452;7821;7937;5.52;0.33;326.06;6.40;1215;23;2735.00;116
6609;19;4480101;6609;462;7883;8064;5.62;0.34;326.08;6.35;1274;23;2736.00;181
6611;19;4480123;6611;447;7883;8065;5.65;0.35;326.17;6.35;1272;23;2737.00;182
6614;19;4480137;6614;432;7889;8065;5.75;0.35;326.11;6.35;1275;23;2738.00;176
6615;19;4480151;6615;431;7895;8065;5.80;0.36;326.25;6.35;1280;23;2739.00;170
6619;19;4480164;6619;424;7901;8065;5.82;0.36;326.25;6.35;1282;23;2740.00;164
6626;19;4480178;6626;416;7905;8065;5.84;0.36;326.45;6.35;1279;23;2741.00;160
6627;19;4480192;6627;412;7908;8065;5.92;0.36;326.43;6.35;1281;23;2742.00;157
6631;19;4480205;6631;415;7909;8065;5.92;0.36;326.54;6.35;1278;23;2743.00;156
6631;19;4480223;6631;405;7911;8066;5.99;0.37;326.54;6.35;1280;23;2744.00;155
6634;19;4480237;6634;404;7917;8068;6.00;0.37;326.68;6.44;1283;23;2745.00;151
6637;19;4480253;6637;403;7920;8068;5.97;0.36;326.85;6.44;1283;23;2746.00;148
6638;19;4480266;6638;407;7922;8069;5.96;0.36;326.83;6.44;1284;23;2747.00;147
6641;19;4480280;6641;410;7924;8069;5.92;0.36;326.77;6.44;1283;23;2748.00;145
6642;19;4480294;6642;422;7925;8069;5.92;0.36;326.78;6.44;1283;23;2749.00;144
6646;19;4480308;6646;422;7927;8069;5.94;0.36;326.73;6.44;1281;23;2750.00;142
6647;19;4480321;6647;428;7930;8073;5.98;0.36;326.72;6.44;1283;23;2751.00;143
6649;19;4480336;6649;432;7933;8073;6.01;0.37;326.66;6.45;1284;23;2752.00;140
6652;19;4480350;6652;430;7934;8073;6.01;0.37;326.67;6.45;1282;23;2753.00;139
6653;19;4480364;6653;423;7938;8076;6.03;0.37;326.66;6.46;1285;23;2754.00;138
6655;19;4480378;6655;431;7939;8076;6.01;0.37;326.68;6.46;1284;23;2755.00;137
6659;19;4480392;6659;444;7939;8076;5.98;0.36;326.77;6.46;1280;23;2756.00;137
6660;19;4480406;6660;445;7947;8080;5.96;0.36;326.75;6.46;1287;23;2757.00;133
6663;19;4480419;6663;456;7948;8081;5.93;0.36;326.70;6.46;1285;23;2758.00;133
6664;19;4480434;6664;458;7950;8081;5.91;0.36;326.77;6.47;1286;23;2759.00;131
6667;19;4480450;6667;462;7956;8086;5.91;0.36;326.73;6.47;1289;23;2760.00;130
6669;19;4480464;6669;466;7957;8086;5.88;0.36;326.79;6.47;1288;23;2761.00;129
6669;19;4480478;6669;475;7959;8086;5.86;0.36;326.79;6.47;1290;23;2762.00;127
6671;19;4480492;6671;477;7960;8087;5.86;0.36;326.80;6.47;1289;23;2763.00;127
6675;19;4480505;6675;470;7961;8087;5.80;0.35;326.82;6.47;1286;23;2764.00;126
6678;19;4480519;6678;470;7966;8093;5.80;0.35;326.83;6.47;1288;23;2765.00;127
6680;19;4480533;6680;473;7966;8093;5.77;0.35;326.96;6.47;1286;23;2766.00;127
6681;19;4480547;6681;475;7966;8094;5.77;0.35;326.94;6.47;1285;23;2767.00;128
6681;19;4480561;6681;476;7966;8094;5.74;0.35;326.94;6.47;1285;23;2768.00;128
6681;19;4480575;6681;480;7967;8094;5.71;0.35;326.94;6.51;1286;23;2769.00;127
6683;19;4480588;6683;487;7968;8094;5.70;0.35;326.92;6.56;1285;23;2770.00;126
6684;19;4480603;6684;486;7968;8094;5.69;0.35;327.01;6.56;1284;23;2771.00;126
6685;19;4480617;6685;492;7979;8106;5.75;0.35;327.00;6.60;1294;23;2772.00;127
6687;19;4480632;6687;503;7979;8106;5.74;0.35;327.03;6.60;1292;23;2773.00;127
6691;19;4480645;6691;508;7982;8106;5.70;0.35;327.12;6.69;1291;23;2774.00;124
6694;19;4480665;6694;514;7982;8106;5.70;0.35;327.35;6.69;1288;23;2775.00;124
6697;19;4480679;6697;515;7983;8106;5.70;0.35;327.28;6.73;1286;23;2776.00;123
6700;19;4480692;6700;515;7984;8106;5.71;0.35;327.42;6.78;1284;23;2777.00;122
6704;19;4480706;6704;516;7989;8110;5.65;0.34;327.48;6.86;1285;23;2778.00;121
6707;19;4480722;6707;513;7990;8110;5.62;0.34;327.50;6.91;1283;23;2779.00;120
6708;19;4480735;6708;511;7994;8114;5.65;0.34;327.62;6.90;1286;23;2780.00;120
6710;20;4480749;6710;512;7998;8115;5.66;0.34;327.62;7.03;1288;24;2781.00;117
6712;20;4480778;6712;511;7998;8115;5.66;0.34;327.67;7.03;1286;24;2782.00;117
6715;20;4480793;6715;521;7998;8115;5.58;0.34;327.72;7.03;1283;24;2783.00;117
6718;20;4480806;6718;527;8010;8128;5.53;0.34;327.71;7.06;1292;24;2784.00;118
6720;20;4480821;6720;526;8010;8128;5.49;0.34;327.82;7.06;1290;24;2785.00;118
6722;20;4480834;6722;530;8010;8128;5.45;0.33;327.87;7.06;1288;24;2786.00;118
6722;20;4480847;6722;530;8014;8129;5.44;0.33;327.87;7.18;1292;24;2787.00;115
6724;20;4480860;6724;535;8014;8130;5.41;0.33;327.95;7.18;1290;24;2788.00;116
6725;20;4480874;6725;527;8014;8130;5.41;0.33;328.08;7.18;1289;24;2789.00;116
6726;20;4480895;6726;527;8020;8136;5.45;0.33;328.05;7.22;1294;24;2790.00;116
6728;20;4480909;6728;526;8020;8136;5.52;0.34;328.15;7.22;1292;24;2791.00;116
6732;20;4480922;6732;524;8022;8136;5.51;0.34;328.36;7.26;1290;24;2792.00;114
6734;20;4480935;6734;519;8023;8136;5.55;0.34;328.32;7.31;1289;24;2793.00;113
6738;20;4480948;6738;512;8028;8142;5.55;0.34;328.43;7.30;1290;24;2794.00;114
6739;20;4480962;6739;511;8030;8142;5.50;0.34;328.55;7.38;1291;24;2795.00;112
6743;20;4480976;6743;511;8031;8142;5.43;0.33;328.66;7.42;1288;24;2796.00;111
6744;20;4480989;6744;507;8031;8142;5.38;0.33;328.78;7.42;1287;24;2797.00;111
6746;20;4481002;6746;499;8035;8146;5.31;0.32;328.78;7.46;1289;24;2798.00;111
6749;20;4481016;6749;500;8036;8147;5.25;0.32;328.88;7.46;1287;24;2799.00;111
6751;20;4481030;6751;506;8038;8147;5.19;0.32;329.13;7.54;1287;24;2800.00;109
6755;20;4481045;6755;507;8039;8148;5.18;0.32;329.17;7.53;1284;24;2801.00;109
6758;20;4481059;6758;511;8039;8148;5.16;0.31;329.19;7.53;1281;24;2802.00;109
6763;20;4481071;6763;506;8041;8148;5.09;0.31;329.28;7.61;1278;24;2803.00;107
6768;20;4481084;6768;513;8041;8148;5.08;0.31;329.30;7.61;1273;24;2804.00;107
6774;20;4481096;6774;503;8044;8148;5.03;0.31;329.27;7.72;1270;24;2805.00;104
6781;20;4481109;6781;508;8044;8148;4.99;0.30;329.44;7.72;1263;24;2806.00;104
6783;20;4481122;6783;505;8044;8148;5.01;0.30;329.55;7.72;1261;24;2807.00;104
6789;20;4481135;6789;508;8082;8218;5.09;0.31;329.58;7.72;1293;24;2808.00;136
6791;20;4481153;6791;504;8083;8219;5.06;0.31;329.58;7.72;1292;24;2809.00;136
6797;20;4481166;6797;497;8088;8219;5.01;0.30;329.68;7.79;1291;24;2810.00;131
6801;20;4481179;6801;498;8093;8219;4.95;0.30;329.83;7.82;1292;24;2811.00;126
6802;20;4481192;6802;493;8097;8219;4.97;0.30;329.81;7.82;1295;24;2812.00;122
6804;20;4481205;6804;491;8100;8219;4.97;0.30;329.84;7.82;1296;24;2813.00;119
6808;20;4481218;6808;491;8103;8219;4.92;0.30;329.94;7.82;1295;24;2814.00;116
6808;20;4481231;6808;494;8105;8219;4.93;0.30;329.94;7.82;1297;24;2815.00;114
6811;20;4481243;6811;501;8106;8220;4.91;0.30;330.01;7.82;1295;24;2816.00;114
6815;20;4481257;6815;509;8110;8221;4.86;0.29;330.13;7.82;1295;24;2817.00;111
6816;20;4481270;6816;520;8111;8221;4.84;0.29;330.15;7.82;1295;24;2818.00;110
6820;20;4481284;6820;523;8114;8225;4.82;0.29;330.28;7.81;1294;24;2819.00;111
6825;20;4481299;6825;529;8114;8225;4.78;0.29;330.47;7.81;1289;24;2820.00;111
6827;20;4481313;6827;535;8114;8225;4.76;0.29;330.43;7.81;1287;24;2821.00;111
6831;20;4481327;6831;535;8115;8225;4.76;0.29;330.59;7.82;1284;24;2822.00;110
6837;20;4481339;6837;532;8119;8231;4.71;0.29;330.83;7.81;1282;24;2823.00;112
6838;20;4481353;6838;540;8120;8231;4.73;0.29;330.86;7.81;1282;24;2824.00;111
6844;20;4481366;6844;545;8120;8231;4.68;0.29;331.02;7.81;1276;24;2825.00;111
6846;20;4481379;6846;540;8121;8234;4.66;0.28;330.97;7.81;1275;24;2826.00;113
6853;20;4481411;6853;540;8122;8234;4.62;0.28;330.88;7.81;1269;24;2827.00;112
6857;20;4481429;6857;550;8122;8234;4.58;0.28;330.88;7.81;1265;24;2828.00;112
6862;20;4481442;6862;551;8122;8235;4.51;0.27;330.82;7.81;1260;24;2829.00;113
6866;20;4481456;6866;560;8123;8236;4.47;0.27;330.87;7.81;1257;24;2830.00;113
6873;20;4481469;6873;560;8123;8236;4.36;0.26;331.04;7.81;1250;24;2831.00;113
6878;20;4481482;6878;563;8134;8249;4.40;0.27;331.20;7.81;1256;24;2832.00;115
6882;20;4481496;6882;563;8134;8249;4.38;0.27;331.26;7.81;1252;24;2833.00;115
6885;20;4481509;6885;564;8134;8249;4.36;0.27;331.27;7.81;1249;24;2834.00;115
6888;20;4481522;6888;567;8136;8251;4.34;0.26;331.42;7.86;1248;24;2835.00;115
6894;20;4481535;6894;570;8136;8251;4.27;0.26;331.60;7.86;1242;24;2836.00;115
6894;20;4481547;6894;566;8139;8255;4.30;0.26;331.60;7.85;1245;24;2837.00;116
6896;20;4481560;6896;568;8139;8255;4.29;0.26;331.65;7.85;1243;24;2838.00;116
6897;20;4481572;6897;577;8142;8259;4.30;0.26;331.67;7.85;1245;24;2839.00;117
6900;20;4481585;6900;583;8143;8259;4.27;0.26;331.63;7.85;1243;24;2840.00;116
6903;20;4481597;6903;584;8143;8259;4.19;0.26;331.64;7.85;1240;24;2841.00;116
6905;20;4481609;6905;589;8143;8259;4.19;0.26;331.66;7.85;1238;24;2842.00;116
6907;20;4481621;6907;603;8143;8259;4.20;0.26;331.72;7.85;1236;24;2843.00;116
6912;20;4481634;6912;606;8151;8271;4.27;0.26;331.76;7.85;1239;24;2844.00;120
6914;20;4481646;6914;609;8153;8271;4.28;0.26;331.74;7.85;1239;24;2845.00;118
6916;20;4481659;6916;609;8154;8271;4.28;0.26;331.81;7.85;1238;24;2846.00;117
6917;20;4481671;6917;606;8154;8271;4.25;0.26;331.78;7.85;1237;24;2847.00;117
6920;20;4481683;6920;610;8155;8271;4.17;0.26;331.79;7.85;1235;24;2848.00;116
6923;20;4481695;6923;610;8155;8271;4.09;0.25;331.72;7.85;1232;24;2849.00;116
6928;20;4481708;6928;613;8157;8274;4.03;0.25;331.80;7.85;1229;24;2850.00;117
6931;20;4481720;6931;621;8159;8274;4.01;0.24;331.74;7.85;1228;24;2851.00;115
6933;20;4481733;6933;612;8163;8280;4.05;0.25;331.79;7.85;1230;24;2852.00;117
6933;20;4481746;6933;609;8164;8281;4.03;0.25;331.79;7.84;1231;24;2853.00;117
6937;20;4481759;6937;606;8165;8281;3.98;0.24;331.77;7.85;1228;24;2854.00;116
6938;20;4481772;6938;609;8165;8281;3.94;0.24;331.77;7.85;1227;24;2855.00;116
6939;20;4481783;6939;607;8168;8285;4.00;0.24;331.72;7.84;1229;24;2856.00;117
6941;20;4481796;6941;608;8169;8285;4.06;0.25;331.70;7.85;1228;24;2857.00;116
6942;20;4481809;6942;609;8170;8285;4.10;0.25;331.76;7.85;1228;24;2858.00;115
6945;20;4481821;6945;608;8171;8286;4.13;0.25;331.78;7.84;1226;24;2859.00;115
6945;20;4481834;6945;589;8175;8290;4.23;0.26;331.78;7.84;1230;24;2860.00;115
6947;20;4481852;6947;560;8175;8290;4.29;0.26;331.78;7.84;1228;24;2861.00;115
6949;20;4481865;6949;537;8177;8293;4.40;0.27;331.75;7.84;1228;24;2862.00;116
6951;20;4481878;6951;517;8177;8293;4.45;0.27;331.70;7.84;1226;24;2863.00;116
6951;20;4481892;6951;506;8180;8295;4.58;0.28;331.70;7.84;1229;24;2864.00;115
6953;20;4481907;6953;488;8180;8295;4.67;0.28;331.69;7.84;1227;24;2865.00;115
6955;20;4481922;6955;480;8184;8299;4.81;0.29;331.78;7.83;1229;24;2866.00;115
6955;20;4481942;6955;470;8184;8299;4.93;0.30;331.78;7.83;1229;24;2867.00;115
6956;20;4481955;6956;465;8184;8299;5.04;0.31;331.83;7.83;1228;24;2868.00;115
6957;20;4481969;6957;463;8184;8299;5.12;0.31;331.89;7.83;1227;24;2869.00;115
6958;20;4481985;6958;458;8184;8300;5.22;0.32;331.87;7.83;1226;24;2870.00;116
6958;20;4482015;6958;448;8185;8301;5.30;0.32;331.87;7.83;1227;24;2871.00;116
6959;20;4482030;6959;453;8185;8301;5.39;0.33;331.91;7.83;1226;24;2872.00;116
6959;20;4482045;6959;443;8186;8302;5.51;0.33;331.91;7.83;1227;24;2873.00;116
6962;20;4482061;6962;437;8187;8302;5.53;0.33;331.91;7.88;1225;24;2874.00;115
6962;20;4482076;6962;431;8187;8302;5.56;0.34;331.91;7.88;1225;24;2875.00;115
6962;20;4482090;6962;424;8187;8302;5.61;0.34;331.91;7.88;1225;24;2876.00;115
6963;20;4482104;6963;427;8187;8302;5.61;0.34;331.91;7.88;1224;24;2877.00;115
6966;20;4482118;6966;425;8187;8302;5.62;0.34;331.86;7.88;1221;24;2878.00;115
6968;20;4482132;6968;420;8187;8302;5.64;0.34;331.82;7.88;1219;24;2879.00;115
6970;20;4482147;6970;466;8301;8532;5.86;0.36;332.00;7.78;1331;24;2880.00;231
6972;20;4482178;6972;452;8305;8533;5.88;0.36;332.10;7.77;1333;24;2881.00;228
6977;20;4482199;6977;439;8315;8533;5.94;0.37;332.16;7.77;1338;24;2882.00;218
6980;20;4482215;6980;442;8322;8533;5.99;0.37;332.26;7.76;1342;24;2883.00;211
6982;20;4482229;6982;439;8329;8533;5.98;0.37;332.31;7.76;1347;24;2884.00;204
6982;20;4482243;6982;434;8332;8533;5.97;0.37;332.31;7.76;1350;24;2885.00;201
6983;20;4482258;6983;439;8338;8533;6.00;0.37;332.41;7.76;1355;24;2886.00;195
6986;20;4482272;6986;441;8342;8533;6.00;0.37;332.59;7.76;1356;24;2887.00;191
6987;20;4482288;6987;443;8345;8534;5.97;0.37;332.56;7.76;1358;24;2888.00;189
6991;20;4482302;6991;446;8350;8535;5.97;0.37;332.60;7.76;1359;24;2889.00;185
6993;20;4482318;6993;451;8357;8535;5.94;0.37;332.78;7.76;1364;24;2890.00;178
6995;20;4482333;6995;450;8359;8536;5.91;0.36;332.79;7.76;1364;24;2891.00;177
6998;20;4482347;6998;462;8362;8536;5.86;0.36;332.92;7.76;1364;24;2892.00;174
6998;20;4482362;6998;469;8364;8536;5.82;0.36;332.92;7.76;1366;24;2893.00;172
7002;20;4482382;7002;472;8366;8536;5.74;0.35;333.02;7.76;1364;24;2894.00;170
7004;20;4482402;7004;470;8368;8540;5.71;0.35;333.04;7.76;1364;24;2895.00;172
7005;20;4482417;7005;479;8368;8540;5.70;0.35;333.06;7.76;1363;24;2896.00;172
7006;20;4482432;7006;475;8369;8540;5.72;0.35;333.11;7.76;1363;24;2897.00;171
7006;20;4482447;7006;476;8370;8543;5.70;0.35;333.11;7.76;1364;24;2898.00;173
7008;20;4482463;7008;472;8371;8543;5.70;0.35;333.20;7.76;1363;24;2899.00;172
7013;20;4482479;7013;465;8371;8543;5.71;0.35;333.24;7.76;1358;24;2900.00;172
7016;20;4482503;7016;461;8375;8547;5.73;0.35;333.24;7.81;1359;24;2901.00;172
7018;20;4482519;7018;449;8376;8548;5.79;0.35;333.33;7.81;1358;24;2902.00;172
7020;20;4482535;7020;441;8379;8548;5.84;0.36;333.33;7.82;1359;24;2903.00;169
7023;20;4482550;7023;433;8381;8552;5.88;0.36;333.43;7.82;1358;24;2904.00;171
7026;20;4482566;7026;435;8382;8552;5.94;0.36;333.46;7.82;1356;24;2905.00;170
7031;20;4482580;7031;432;8383;8552;5.95;0.36;333.58;7.82;1352;24;2906.00;169
7035;20;4482595;7035;426;8385;8553;5.99;0.37;333.72;7.83;1350;24;2907.00;168
7041;20;4482610;7041;422;8385;8553;6.02;0.37;333.76;7.83;1344;24;2908.00;168
7044;20;4482625;7044;426;8389;8559;6.06;0.37;333.85;7.87;1345;24;2909.00;170
7049;20;4482644;7049;420;8391;8559;6.04;0.37;333.90;7.87;1342;24;2910.00;168
7049;20;4482660;7049;414;8394;8560;6.06;0.37;333.90;7.92;1345;24;2911.00;166
7053;20;4482674;7053;412;8395;8560;6.10;0.37;333.99;7.92;1342;24;2912.00;165
7059;20;4482690;7059;415;8396;8560;6.08;0.37;334.18;7.92;1337;24;2913.00;164
7061;20;4482705;7061;412;8397;8560;6.12;0.37;334.32;7.92;1336;24;2914.00;163
7064;20;4482719;7064;421;8397;8560;6.13;0.37;334.39;7.92;1333;24;2915.00;163
7066;20;4482734;7066;423;8407;8572;6.15;0.37;334.48;7.92;1341;24;2916.00;165
7067;20;4482750;7067;425;8409;8572;6.15;0.37;334.49;7.96;1342;24;2917.00;163
7069;20;4482765;7069;430;8410;8572;6.11;0.37;334.60;7.96;1341;24;2918.00;162
7074;20;4482781;7074;436;8411;8572;6.10;0.37;334.87;7.96;1337;24;2919.00;161
7076;20;4482797;7076;442;8413;8572;6.09;0.37;334.92;7.97;1337;24;2920.00;159
7078;20;4482814;7078;439;8414;8572;6.04;0.37;334.96;7.97;1336;24;2921.00;158
7080;20;4482829;7080;446;8417;8576;6.03;0.37;334.94;7.97;1337;24;2922.00;159
7082;20;4482843;7082;456;8419;8576;5.94;0.36;335.04;7.98;1337;24;2923.00;157
7084;20;4482858;7084;459;8423;8580;5.94;0.36;335.12;7.98;1339;24;2924.00;157
7086;20;4482874;7086;458;8426;8582;5.96;0.36;335.17;7.98;1340;24;2925.00;156
7090;20;4482889;7090;453;8427;8582;5.91;0.36;335.35;7.98;1337;24;2926.00;155
7090;20;4482904;7090;455;8428;8582;5.88;0.36;335.35;7.98;1338;24;2927.00;154
7092;20;4482918;7092;456;8438;8595;5.87;0.36;335.39;7.98;1346;24;2928.00;157
7092;20;4482934;7092;452;8438;8595;5.91;0.36;335.39;7.98;1346;24;2929.00;157
7096;20;4482948;7096;457;8438;8595;5.87;0.36;335.40;7.98;1342;24;2930.00;157
7098;20;4482962;7098;464;8441;8596;5.85;0.36;335.57;8.03;1343;24;2931.00;155
7100;20;4482977;7100;468;8441;8597;5.83;0.36;335.61;8.03;1341;24;2932.00;156
7101;20;4482992;7101;473;8442;8597;5.81;0.35;335.68;8.04;1341;24;2933.00;155
7103;20;4483007;7103;481;8444;8600;5.80;0.36;335.70;8.03;1341;24;2934.00;156
7108;20;4483021;7108;479;8446;8600;5.75;0.35;335.84;8.09;1338;24;2935.00;154
7110;20;4483036;7110;488;8448;8600;5.73;0.35;335.95;8.09;1338;24;2936.00;152
7117;20;4483050;7117;491;8449;8600;5.69;0.35;336.15;8.10;1332;24;2937.00;151
7121;20;4483065;7121;491;8456;8606;5.67;0.35;336.22;8.15;1335;24;2938.00;150
7123;20;4483080;7123;495;8457;8606;5.62;0.34;336.20;8.15;1334;24;2939.00;149
7127;20;4483097;7127;494;8457;8606;5.54;0.34;336.15;8.15;1330;24;2940.00;149
7129;20;4483111;7129;501;8459;8606;5.55;0.34;336.10;8.20;1330;24;2941.00;147
7131;20;4483125;7131;509;8462;8610;5.50;0.34;336.20;8.20;1331;24;2942.00;148
7132;20;4483140;7132;522;8465;8611;5.49;0.34;336.19;8.24;1333;24;2943.00;146
7134;20;4483153;7134;528;8465;8611;5.50;0.34;336.29;8.24;1331;24;2944.00;146
7137;20;4483167;7137;531;8466;8612;5.53;0.34;336.38;8.24;1329;24;2945.00;146
7139;20;4483181;7139;536;8469;8612;5.49;0.33;336.38;8.38;1330;24;2946.00;143
7142;20;4483194;7142;549;8470;8612;5.42;0.33;336.57;8.43;1328;24;2947.00;142
7146;20;4483208;7146;548;8470;8612;5.35;0.33;336.82;8.43;1324;24;2948.00;142
7150;20;4483222;7150;553;8471;8612;5.34;0.33;336.74;8.47;1321;25;2949.00;141
7151;20;4483244;7151;554;8471;8612;5.37;0.33;336.82;8.47;1320;25;2950.00;141
7155;20;4483257;7155;556;8471;8612;5.35;0.33;337.02;8.47;1316;25;2951.00;141
7159;20;4483271;7159;565;8509;8682;5.49;0.34;336.99;8.53;1350;25;2952.00;173
7160;20;4483290;7160;559;8513;8683;5.51;0.34;337.09;8.61;1353;25;2953.00;170
7163;20;4483304;7163;548;8522;8683;5.49;0.34;337.10;8.69;1359;25;2954.00;161
7167;20;4483318;7167;550;8526;8683;5.50;0.34;337.09;8.68;1359;25;2955.00;157
7171;20;4483332;7171;555;8528;8683;5.46;0.33;337.25;8.68;1357;25;2956.00;155
7175;20;4483346;7175;551;8532;8683;5.37;0.33;337.21;8.77;1357;25;2957.00;151
7179;20;4483361;7179;556;8534;8683;5.36;0.33;337.32;8.77;1355;25;2958.00;149
7182;20;4483375;7182;554;8535;8683;5.39;0.33;337.43;8.77;1353;25;2959.00;148
7185;20;4483388;7185;550;8541;8684;5.39;0.33;337.47;8.85;1356;25;2960.00;143
7191;20;4483402;7191;556;8543;8685;5.34;0.33;337.31;8.85;1352;25;2961.00;142
7194;20;4483422;7194;565;8547;8685;5.29;0.32;337.52;8.93;1353;25;2962.00;138
7197;20;4483436;7197;566;8551;8689;5.22;0.32;337.64;8.93;1354;25;2963.00;138
7198;20;4483450;7198;580;8556;8689;5.14;0.31;337.62;9.01;1358;25;2964.00;133
7202;20;4483464;7202;577;8556;8689;5.03;0.31;337.78;9.01;1354;25;2965.00;133
7203;20;4483477;7203;586;8556;8689;4.95;0.30;337.84;9.01;1353;25;2966.00;133
7207;20;4483490;7207;599;8562;8695;4.89;0.30;338.12;9.09;1355;26;2967.00;133
7209;20;4483512;7209;604;8562;8695;4.80;0.29;338.26;9.09;1353;26;2968.00;133
7213;20;4483525;7213;606;8562;8695;4.66;0.29;338.25;9.09;1349;26;2969.00;133
7220;20;4483541;7220;593;8568;8701;4.56;0.28;338.34;9.16;1348;26;2970.00;133
7223;20;4483555;7223;594;8568;8701;4.47;0.27;338.43;9.16;1345;26;2971.00;133
7227;20;4483568;7227;591;8570;8701;4.40;0.27;338.38;9.24;1343;26;2972.00;131
7229;20;4483580;7229;584;8570;8702;4.36;0.27;338.48;9.24;1341;26;2973.00;132
7230;20;4483593;7230;587;8571;8703;4.37;0.27;338.48;9.24;1341;26;2974.00;132
7233;20;4483606;7233;589;8571;8703;4.38;0.27;338.43;9.24;1338;26;2975.00;132
7238;20;4483619;7238;580;8580;8716;4.44;0.27;338.58;9.23;1342;26;2976.00;136
7241;20;4483633;7241;582;8580;8716;4.46;0.27;338.53;9.23;1339;26;2977.00;136
7243;20;4483646;7243;573;8581;8716;4.50;0.28;338.48;9.23;1338;26;2978.00;135
7248;20;4483659;7248;571;8581;8717;4.50;0.28;338.50;9.23;1333;26;2979.00;136
7249;20;4483672;7249;576;8581;8717;4.50;0.28;338.49;9.23;1332;26;2980.00;136
7251;20;4483685;7251;579;8584;8721;4.49;0.28;338.45;9.22;1333;26;2981.00;137
7254;20;4483699;7254;580;8584;8721;4.47;0.27;338.46;9.22;1330;26;2982.00;137
7257;20;4483712;7257;584;8587;8725;4.49;0.28;338.37;9.22;1330;26;2983.00;138
7259;20;4483726;7259;585;8587;8725;4.52;0.28;338.42;9.22;1328;26;2984.00;138
7263;20;4483739;7263;587;8587;8725;4.50;0.28;338.56;9.22;1324;26;2985.00;138
7266;20;4483752;7266;591;8589;8725;4.48;0.28;338.49;9.22;1323;26;2986.00;136
7272;20;4483766;7272;591;8589;8725;4.41;0.27;338.53;9.22;1317;26;2987.00;136
7277;20;4483780;7277;600;8597;8737;4.46;0.27;338.46;9.21;1320;26;2988.00;140
7280;20;4483794;7280;605;8597;8737;4.47;0.27;338.46;9.21;1317;26;2989.00;140
7284;20;4483808;7284;604;8598;8737;4.50;0.28;338.55;9.21;1314;26;2990.00;139
7288;20;4483820;7288;604;8598;8737;4.46;0.27;338.61;9.21;1310;26;2991.00;139
7293;20;4483833;7293;598;8598;8737;4.43;0.27;338.58;9.21;1305;26;2992.00;139
7297;20;4483846;7297;593;8598;8737;4.38;0.27;338.69;9.21;1301;26;2993.00;139
7303;20;4483859;7303;590;8598;8738;4.34;0.27;338.82;9.21;1295;26;2994.00;140
7306;20;4483872;7306;583;8598;8738;4.27;0.26;338.84;9.21;1292;26;2995.00;140
7313;20;4483885;7313;585;8602;8744;4.16;0.26;338.77;9.21;1289;26;2996.00;142
7315;20;4483898;7315;583;8602;8745;4.13;0.26;338.80;9.21;1287;26;2997.00;143
7320;20;4483912;7320;584;8602;8745;4.05;0.25;338.91;9.21;1282;26;2998.00;143
7322;20;4483924;7322;583;8602;8745;4.02;0.25;338.90;9.21;1280;26;2999.00;143
7326;20;4483939;7326;587;8609;8765;4.01;0.25;338.88;9.20;1283;26;3000.00;156
7330;20;4483958;7330;589;8609;8765;4.00;0.25;338.92;9.20;1279;26;3001.00;156
7334;20;4483971;7334;590;8609;8765;3.98;0.25;338.84;9.20;1275;26;3002.00;156
7339;20;4483983;7339;584;8610;8766;3.96;0.25;338.85;9.20;1271;26;3003.00;156
7346;20;4483995;7346;581;8614;8770;3.97;0.24;338.86;9.20;1268;26;3004.00;156
7348;20;4484008;7348;586;8615;8770;3.99;0.25;338.91;9.20;1267;26;3005.00;155
7349;20;4484020;7349;594;8617;8773;4.07;0.25;338.90;9.19;1268;26;3006.00;156
7354;20;4484033;7354;573;8617;8773;4.08;0.25;338.91;9.19;1263;26;3007.00;156
7360;20;4484045;7360;572;8617;8773;4.06;0.25;338.93;9.19;1257;26;3008.00;156
7364;20;4484058;7364;562;8619;8773;4.08;0.25;339.04;9.20;1255;26;3009.00;154
7367;20;4484071;7367;551;8621;8777;4.13;0.25;339.04;9.19;1254;26;3010.00;156
7371;20;4484084;7371;549;8623;8777;4.15;0.25;339.05;9.20;1252;26;3011.00;154
7371;20;4484097;7371;550;8625;8777;4.20;0.26;339.05;9.20;1254;26;3012.00;152
7375;20;4484109;7375;552;8625;8777;4.25;0.26;339.09;9.20;1250;26;3013.00;152
7376;20;4484127;7376;553;8627;8778;4.26;0.26;339.11;9.20;1251;26;3014.00;151
7377;20;4484140;7377;551;8629;8780;4.30;0.26;339.14;9.20;1252;26;3015.00;151
7379;20;4484153;7379;550;8630;8780;4.28;0.26;339.15;9.20;1251;26;3016.00;150
7382;20;4484166;7382;535;8633;8781;4.27;0.26;339.16;9.20;1251;26;3017.00;148
7383;20;4484182;7383;526;8633;8781;4.30;0.26;339.13;9.20;1250;26;3018.00;148
7385;20;4484194;7385;529;8633;8781;4.31;0.26;339.12;9.20;1248;26;3019.00;148
7387;20;4484207;7387;527;8634;8781;4.36;0.27;339.12;9.21;1247;26;3020.00;147
7388;20;4484225;7388;515;8634;8781;4.42;0.27;339.15;9.21;1246;26;3021.00;147
7389;20;4484238;7389;513;8637;8781;4.47;0.27;339.20;9.27;1248;26;3022.00;144
7391;20;4484252;7391;517;8637;8781;4.50;0.28;339.29;9.27;1246;26;3023.00;144
7392;20;4484266;7392;520;8702;8908;4.89;0.30;339.27;9.20;1310;26;3024.00;206
7392;20;4484289;7392;518;8705;8909;4.93;0.31;339.27;9.20;1313;26;3025.00;204
7395;20;4484303;7395;494;8714;8909;5.01;0.31;339.25;9.20;1319;26;3026.00;195
7399;20;4484317;7399;487;8718;8909;5.06;0.31;339.26;9.19;1319;26;3027.00;191
7403;20;4484332;7403;480;8724;8909;5.11;0.32;339.33;9.19;1321;26;3028.00;185
7406;20;4484345;7406;471;8726;8909;5.08;0.31;339.30;9.19;1320;26;3029.00;183
7406;20;4484366;7406;464;8729;8909;5.14;0.32;339.30;9.19;1323;26;3030.00;180
7406;20;4484381;7406;469;8731;8909;5.20;0.32;339.30;9.19;1325;26;3031.00;178
7408;20;4484395;7408;463;8734;8910;5.26;0.32;339.43;9.19;1326;26;3032.00;176
7409;20;4484409;7409;454;8736;8911;5.26;0.32;339.41;9.19;1327;26;3033.00;175
7412;20;4484423;7412;461;8742;8911;5.29;0.32;339.40;9.19;1330;26;3034.00;169
7413;20;4484438;7413;460;8744;8912;5.26;0.32;339.50;9.19;1331;26;3035.00;168
7417;20;4484452;7417;470;8747;8912;5.22;0.32;339.46;9.20;1330;26;3036.00;165
7418;20;4484466;7418;464;8749;8912;5.28;0.32;339.46;9.20;1331;26;3037.00;163
7421;20;4484482;7421;464;8752;8912;5.32;0.32;339.68;9.20;1331;26;3038.00;160
7423;20;4484496;7423;456;8756;8916;5.34;0.33;339.73;9.19;1333;26;3039.00;160
7427;20;4484512;7427;454;8757;8916;5.34;0.33;339.79;9.20;1330;26;3040.00;159
7428;20;4484526;7428;449;8758;8916;5.36;0.33;339.78;9.20;1330;26;3041.00;158
7429;20;4484541;7429;450;8760;8919;5.47;0.33;339.88;9.20;1331;26;3042.00;159
7433;20;4484556;7433;451;8761;8919;5.53;0.34;340.01;9.20;1328;26;3043.00;158
7437;20;4484571;7437;450;8762;8919;5.61;0.34;339.97;9.20;1325;26;3044.00;157
7438;20;4484585;7438;446;8766;8923;5.66;0.34;340.04;9.20;1328;26;3045.00;157
7441;20;4484600;7441;445;8767;8924;5.73;0.35;340.21;9.20;1326;27;3046.00;157
7443;20;4484623;7443;444;8770;8924;5.79;0.35;340.27;9.26;1327;27;3047.00;154
7446;20;4484638;7446;448;8772;8928;5.80;0.35;340.41;9.25;1326;27;3048.00;156
7448;20;4484653;7448;443;8775;8928;5.84;0.35;340.46;9.26;1327;27;3049.00;153
7451;20;4484668;7451;449;8775;8928;5.81;0.35;340.49;9.26;1324;27;3050.00;153
7454;20;4484682;7454;452;8777;8929;5.74;0.35;340.62;9.26;1323;27;3051.00;152
7456;20;4484702;7456;453;8777;8929;5.70;0.35;340.72;9.26;1321;27;3052.00;152
7457;20;4484718;7457;454;8783;8935;5.70;0.35;340.70;9.25;1326;27;3053.00;152
7462;20;4484733;7462;459;8783;8935;5.62;0.34;340.93;9.25;1321;27;3054.00;152
7464;20;4484748;7464;460;8783;8936;5.54;0.34;341.06;9.25;1319;27;3055.00;153
7465;20;4484763;7465;462;8783;8936;5.51;0.33;341.07;9.25;1318;27;3056.00;153
7468;20;4484777;7468;461;8783;8936;5.44;0.33;341.12;9.25;1315;27;3057.00;153
7472;20;4484792;7472;467;8783;8936;5.41;0.33;341.20;9.25;1311;27;3058.00;153
7477;20;4484806;7477;473;8783;8936;5.36;0.33;341.18;9.25;1306;27;3059.00;153
7479;20;4484822;7479;465;8809;8972;5.43;0.33;341.13;9.22;1330;27;3060.00;163
7480;20;4484839;7480;460;8810;8972;5.46;0.33;341.16;9.22;1330;27;3061.00;162
7482;20;4484854;7482;460;8813;8972;5.49;0.34;341.19;9.28;1331;27;3062.00;159
7483;20;4484869;7483;454;8814;8972;5.51;0.34;341.30;9.28;1331;27;3063.00;158
7485;20;4484883;7485;452;8814;8972;5.52;0.34;341.30;9.28;1329;27;3064.00;158
7488;20;4484898;7488;445;8816;8972;5.56;0.34;341.34;9.34;1328;27;3065.00;156
7490;20;4484912;7490;448;8819;8976;5.62;0.34;341.41;9.34;1329;27;3066.00;157
7492;20;4484927;7492;438;8819;8976;5.67;0.35;341.53;9.34;1327;27;3067.00;157
7496;20;4484942;7496;438;8823;8980;5.75;0.35;341.52;9.33;1327;27;3068.00;157
7500;20;4484957;7500;433;8824;8981;5.82;0.36;341.51;9.33;1324;27;3069.00;157
7504;20;4484973;7504;434;8824;8981;5.83;0.36;341.54;9.33;1320;27;3070.00;157
7506;20;4484988;7506;434;8824;8981;5.86;0.36;341.54;9.33;1318;27;3071.00;157
7510;20;4485007;7510;435;8834;8994;5.88;0.36;341.71;9.32;1324;27;3072.00;160
7511;20;4485023;7511;443;8834;8994;5.84;0.36;341.69;9.32;1323;27;3073.00;160
7516;20;4485038;7516;438;8834;8994;5.80;0.35;341.80;9.32;1318;27;3074.00;160
7520;20;4485052;7520;432;8835;8995;5.88;0.36;341.81;9.32;1315;27;3075.00;160
7521;20;4485067;7521;431;8837;8996;5.89;0.36;341.84;9.42;1316;27;3076.00;159
7527;20;4485084;7527;429;8837;8996;5.87;0.36;341.92;9.42;1310;27;3077.00;159
7532;20;4485098;7532;433;8839;8999;5.92;0.36;342.02;9.42;1307;27;3078.00;160
7536;20;4485114;7536;446;8841;8999;5.94;0.36;342.14;9.41;1305;27;3079.00;158
7537;20;4485128;7537;443;8841;8999;5.96;0.36;342.18;9.41;1304;27;3080.00;158
7540;20;4485143;7540;439;8841;8999;5.92;0.36;342.29;9.41;1301;27;3081.00;158
7542;20;4485157;7542;442;8846;9005;5.92;0.36;342.29;9.41;1304;27;3082.00;159
7545;20;4485172;7545;439;8846;9005;5.85;0.36;342.29;9.41;1301;27;3083.00;159
7549;20;4485186;7549;446;8846;9005;5.79;0.35;342.32;9.41;1297;27;3084.00;159
7553;20;4485202;7553;455;8846;9005;5.72;0.35;342.40;9.41;1293;27;3085.00;159
7556;20;4485215;7556;456;8849;9009;5.70;0.35;342.38;9.41;1293;27;3086.00;160
7560;20;4485230;7560;463;8850;9010;5.68;0.34;342.61;9.41;1290;27;3087.00;160
7561;20;4485244;7561;465;8850;9010;5.66;0.34;342.75;9.41;1289;27;3088.00;160
7564;20;4485258;7564;464;8851;9011;5.70;0.35;342.89;9.41;1287;27;3089.00;160
7568;20;4485275;7568;464;8851;9011;5.72;0.35;342.90;9.41;1283;27;3090.00;160
7571;20;4485289;7571;470;8851;9011;5.71;0.35;342.97;9.41;1280;27;3091.00;160
7571;20;4485302;7571;469;8851;9011;5.67;0.35;342.97;9.41;1280;27;3092.00;160
7572;20;4485318;7572;463;8851;9011;5.63;0.34;343.01;9.41;1279;27;3093.00;160
7575;20;4485331;7575;469;8851;9011;5.61;0.34;343.12;9.41;1276;27;3094.00;160
7577;20;4485344;7577;476;8851;9011;5.57;0.34;343.22;9.41;1274;27;3095.00;160
7581;20;4485358;7581;480;8888;9081;5.68;0.35;343.33;9.37;1307;27;3096.00;193
7582;20;4485379;7582;484;8891;9082;5.66;0.35;343.41;9.36;1309;27;3097.00;191
7582;20;4485393;7582;484;8898;9082;5.72;0.35;343.41;9.36;1316;27;3098.00;184
7588;20;4485407;7588;476;8898;9082;5.66;0.35;343.61;9.36;1310;27;3099.00;184
7593;20;4485422;7593;485;8902;9082;5.65;0.35;343.84;9.35;1309;27;3100.00;180
7597;20;4485440;7597;484;8905;9082;5.67;0.35;343.75;9.40;1308;27;3101.00;177
7601;20;4485454;7601;486;8907;9082;5.66;0.35;343.77;9.40;1306;27;3102.00;175
7604;20;4485469;7604;484;8910;9082;5.65;0.35;343.88;9.45;1306;27;3103.00;172
7606;20;4485488;7606;486;8912;9083;5.61;0.34;343.83;9.45;1306;27;3104.00;171
7612;20;4485504;7612;487;8918;9085;5.59;0.34;343.72;9.50;1306;27;3105.00;167
7614;20;4485518;7614;491;8921;9085;5.58;0.34;343.74;9.50;1307;27;3106.00;164
7619;20;4485532;7619;492;8926;9089;5.51;0.34;343.80;9.54;1307;27;3107.00;163
7621;20;4485545;7621;497;8927;9089;5.47;0.33;343.91;9.54;1306;27;3108.00;162
7623;20;4485559;7623;505;8928;9089;5.42;0.33;344.04;9.59;1305;27;3109.00;161
7624;20;4485572;7624;514;8928;9089;5.38;0.33;344.01;9.59;1304;27;3110.00;161
7625;20;4485585;7625;528;8933;9095;5.35;0.33;344.06;9.59;1308;27;3111.00;162
7626;20;4485599;7626;537;8934;9095;5.28;0.32;344.03;9.64;1308;27;3112.00;161
7626;20;4485612;7626;546;8934;9095;5.21;0.32;344.03;9.64;1308;27;3113.00;161
7627;20;4485626;7627;555;8938;9098;5.19;0.32;344.01;9.73;1311;27;3114.00;160
7627;20;4485639;7627;565;8938;9098;5.12;0.31;344.01;9.73;1311;27;3115.00;160
7627;20;4485652;7627;569;8939;9098;5.04;0.31;344.01;9.73;1312;27;3116.00;159
7633;20;4485665;7633;573;8939;9099;4.93;0.30;343.99;9.73;1306;27;3117.00;160
7633;20;4485679;7633;588;8940;9100;4.89;0.30;343.99;9.73;1307;27;3118.00;160
7640;20;4485691;7640;589;8940;9100;4.79;0.29;343.95;9.73;1300;27;3119.00;160
7644;20;4485706;7644;594;8959;9126;4.77;0.29;344.10;9.80;1315;27;3120.00;167
7648;20;4485721;7648;585;8959;9126;4.71;0.29;344.14;9.80;1311;27;3121.00;167
7650;20;4485735;7650;586;8962;9126;4.72;0.29;344.26;9.80;1312;27;3122.00;164
7653;20;4485747;7653;598;8967;9127;4.71;0.29;344.23;9.89;1314;27;3123.00;160
7654;20;4485760;7654;594;8967;9127;4.68;0.29;344.20;9.89;1313;27;3124.00;160
7657;20;4485772;7657;590;8971;9131;4.65;0.28;344.19;9.89;1314;27;3125.00;160
7659;20;4485786;7659;599;8971;9131;4.62;0.28;344.28;9.89;1312;27;3126.00;160
7660;20;4485804;7660;608;8974;9135;4.59;0.28;344.25;9.89;1314;27;3127.00;161
7664;20;4485817;7664;611;8974;9135;4.51;0.27;344.16;9.89;1310;27;3128.00;161
7666;20;4485831;7666;612;8974;9135;4.45;0.27;344.27;9.89;1308;27;3129.00;161
7667;20;4485843;7667;617;8974;9135;4.43;0.27;344.32;9.89;1307;27;3130.00;161
7669;20;4485856;7669;619;8974;9135;4.41;0.27;344.37;9.89;1305;27;3131.00;161
7673;20;4485868;7673;622;8983;9147;4.38;0.27;344.32;9.88;1310;27;3132.00;164
7677;20;4485881;7677;634;8983;9147;4.30;0.26;344.39;9.88;1306;27;3133.00;164
7680;20;4485893;7680;636;8985;9147;4.22;0.26;344.36;9.87;1305;27;3134.00;162
7684;20;4485905;7684;630;8985;9147;4.14;0.25;344.38;9.87;1301;27;3135.00;162
7686;20;4485918;7686;635;8985;9147;4.08;0.25;344.42;9.87;1299;27;3136.00;162
7688;20;4485930;7688;631;8985;9147;4.05;0.25;344.36;9.87;1297;27;3137.00;162
7689;20;4485942;7689;629;8985;9148;4.01;0.24;344.38;9.87;1296;27;3138.00;163
7693;20;4485954;7693;627;8985;9148;3.97;0.24;344.37;9.87;1292;27;3139.00;163
7694;20;4485966;7694;625;8990;9154;4.05;0.25;344.33;9.87;1296;27;3140.00;164
7697;20;4485978;7697;628;8991;9155;4.06;0.25;344.29;9.87;1294;27;3141.00;164
7700;20;4485991;7700;618;8991;9155;4.04;0.25;344.24;9.87;1291;27;3142.00;164
7701;20;4486004;7701;616;8991;9155;4.02;0.24;344.20;9.87;1290;27;3143.00;164
7703;20;4486016;7703;613;8994;9159;4.06;0.25;344.20;9.87;1291;27;3144.00;165
7708;20;4486028;7708;613;8994;9159;4.01;0.24;344.37;9.87;1286;27;3145.00;165
7708;20;4486041;7708;608;8994;9159;4.00;0.24;344.37;9.87;1286;27;3146.00;165
7710;20;4486053;7710;603;8995;9160;3.98;0.24;344.40;9.86;1285;27;3147.00;165
7711;20;4486066;7711;605;8998;9164;4.01;0.24;344.41;9.86;1287;27;3148.00;166
7715;20;4486078;7715;609;8998;9164;3.99;0.24;344.33;9.86;1283;27;3149.00;166
7721;20;4486093;7721;613;9002;9170;3.99;0.24;344.31;9.86;1281;27;3150.00;168
7723;20;4486106;7723;610;9002;9170;4.04;0.25;344.27;9.86;1279;27;3151.00;168
7724;20;4486118;7724;610;9004;9170;4.05;0.25;344.27;9.86;1280;27;3152.00;166
7729;20;4486130;7729;611;9004;9170;4.01;0.24;344.16;9.86;1275;27;3153.00;166
7731;20;4486144;7731;590;9008;9174;4.09;0.25;344.11;9.85;1277;27;3154.00;166
7732;20;4486156;7732;574;9008;9174;4.17;0.25;344.10;9.85;1276;27;3155.00;166
7736;20;4486169;7736;561;9008;9174;4.19;0.25;344.03;9.85;1272;27;3156.00;166
7740;20;4486183;7740;551;9008;9174;4.22;0.26;343.99;9.85;1268;27;3157.00;166
7741;20;4486195;7741;544;9008;9175;4.24;0.26;343.97;9.85;1267;27;3158.00;167
7743;20;4486209;7743;533;9009;9176;4.26;0.26;343.93;9.85;1266;27;3159.00;167
7744;20;4486222;7744;532;9010;9176;4.29;0.26;343.91;9.92;1266;27;3160.00;166
7746;20;4486241;7746;529;9011;9177;4.33;0.26;343.96;9.92;1265;27;3161.00;166
7749;20;4486253;7749;532;9011;9177;4.35;0.26;344.00;9.92;1262;27;3162.00;166
7751;20;4486267;7751;532;9011;9177;4.36;0.26;343.94;9.92;1260;27;3163.00;166
7755;20;4486280;7755;526;9011;9177;4.41;0.27;343.98;9.92;1256;27;3164.00;166
7760;20;4486293;7760;533;9011;9177;4.41;0.27;344.13;9.92;1251;27;3165.00;166
7763;20;4486307;7763;530;9011;9177;4.47;0.27;344.07;9.92;1248;27;3166.00;166
7766;20;4486319;7766;528;9011;9177;4.52;0.27;344.14;9.92;1245;27;3167.00;166
7769;20;4486338;7769;542;9081;9304;4.82;0.30;344.12;9.84;1312;27;3168.00;223
7769;20;4486366;7769;533;9084;9305;4.88;0.30;344.12;9.84;1315;27;3169.00;221
7771;20;4486380;7771;536;9090;9305;4.97;0.31;344.11;9.83;1319;27;3170.00;215
7773;20;4486393;7773;535;9094;9305;4.95;0.30;344.13;9.83;1321;27;3171.00;211
7774;20;4486407;7774;520;9098;9305;5.00;0.31;344.14;9.83;1324;27;3172.00;207
7777;20;4486420;7777;516;9099;9305;5.03;0.31;344.09;9.83;1322;27;3173.00;206
7779;20;4486433;7779;517;9103;9305;5.09;0.31;344.15;9.83;1324;27;3174.00;202
7783;20;4486447;7783;513;9105;9305;5.08;0.31;344.25;9.83;1322;27;3175.00;200
7787;20;4486461;7787;516;9107;9306;5.02;0.31;344.28;9.83;1320;27;3176.00;199
7788;20;4486474;7788;513;9110;9307;4.98;0.30;344.29;9.83;1322;27;3177.00;197
7791;20;4486490;7791;521;9113;9307;4.89;0.30;344.36;9.90;1322;27;3178.00;194
7794;20;4486503;7794;531;9115;9308;4.80;0.29;344.40;9.90;1321;27;3179.00;193
7797;20;4486519;7797;540;9118;9308;4.75;0.29;344.53;9.90;1321;27;3180.00;190
7801;20;4486533;7801;541;9120;9308;4.67;0.29;344.67;9.90;1319;27;3181.00;188
7801;20;4486547;7801;550;9122;9308;4.66;0.29;344.67;9.90;1321;27;3182.00;186
7805;20;4486560;7805;543;9126;9312;4.64;0.29;344.71;9.90;1321;27;3183.00;186
7808;20;4486575;7808;545;9129;9312;4.66;0.29;344.82;9.90;1321;27;3184.00;183
7811;20;4486589;7811;541;9129;9312;4.67;0.29;344.96;9.90;1318;27;3185.00;183
7813;20;4486604;7813;543;9132;9315;4.74;0.29;344.95;9.90;1319;27;3186.00;183
7816;20;4486618;7816;540;9133;9315;4.78;0.29;345.09;9.90;1317;27;3187.00;182
7818;21;4486632;7818;541;9135;9315;4.79;0.29;345.14;9.90;1317;28;3188.00;180
7819;21;4486657;7819;543;9138;9319;4.81;0.29;345.19;9.90;1319;28;3189.00;181
7824;21;4486673;7824;549;9141;9320;4.78;0.29;345.24;9.90;1317;28;3190.00;179
7827;21;4486692;7827;528;9145;9322;4.84;0.30;345.38;9.97;1318;28;3191.00;177
7831;21;4486709;7831;518;9149;9326;4.85;0.30;345.39;9.96;1318;28;3192.00;177
7835;21;4486728;7835;511;9149;9326;4.89;0.30;345.52;9.96;1314;28;3193.00;177
7840;21;4486743;7840;512;9149;9326;4.90;0.30;345.59;9.96;1309;28;3194.00;177
7842;21;4486758;7842;501;9151;9328;4.94;0.30;345.69;9.96;1309;28;3195.00;177
7846;21;4486772;7846;500;9152;9328;4.93;0.30;345.86;10.04;1306;28;3196.00;176
7849;21;4486792;7849;501;9157;9334;4.93;0.30;345.84;10.03;1308;28;3197.00;177
7849;21;4486806;7849;505;9157;9334;4.93;0.30;345.84;10.03;1308;28;3198.00;177
7852;21;4486821;7852;503;9157;9335;4.91;0.30;345.94;10.03;1305;28;3199.00;178
7854;21;4486838;7854;514;9157;9335;4.84;0.30;346.08;10.03;1303;28;3200.00;178
7855;21;4486855;7855;515;9157;9335;4.82;0.29;346.14;10.03;1302;28;3201.00;178
7857;21;4486869;7857;506;9157;9335;4.81;0.29;346.20;10.03;1300;28;3202.00;178
7860;21;4486883;7860;504;9157;9335;4.79;0.29;346.37;10.03;1297;28;3203.00;178
7861;21;4486898;7861;493;9166;9347;4.83;0.30;346.35;10.02;1305;28;3204.00;181
7867;21;4486914;7867;486;9166;9347;4.80;0.29;346.39;10.02;1299;28;3205.00;181
7869;21;4486929;7869;482;9168;9347;4.85;0.30;346.41;10.02;1299;28;3206.00;179
7869;21;4486943;7869;483;9168;9347;4.87;0.30;346.41;10.02;1299;28;3207.00;179
7872;21;4486957;7872;481;9168;9347;4.89;0.30;346.45;10.02;1296;28;3208.00;179
7875;21;4486972;7875;486;9168;9347;4.89;0.30;346.52;10.02;1293;28;3209.00;179
7876;21;4486988;7876;494;9171;9351;4.92;0.30;346.54;10.02;1295;28;3210.00;180
7879;22;4487003;7879;492;9171;9351;4.92;0.30;346.63;10.02;1292;29;3211.00;180
7883;22;4487024;7883;495;9176;9355;4.99;0.30;346.78;10.09;1293;29;3212.00;179
7884;22;4487038;7884;496;9177;9356;5.00;0.30;346.82;10.08;1293;29;3213.00;179
7884;22;4487052;7884;491;9177;9356;5.03;0.31;346.82;10.08;1293;29;3214.00;179
7885;22;4487066;7885;495;9177;9356;5.04;0.31;346.82;10.08;1292;29;3215.00;179
7887;22;4487080;7887;504;9188;9369;5.16;0.31;346.87;10.07;1301;29;3216.00;181
7889;22;4487095;7889;502;9188;9369;5.18;0.31;346.88;10.07;1299;29;3217.00;181
7889;22;4487109;7889;500;9188;9369;5.24;0.32;346.88;10.07;1299;29;3218.00;181
7890;22;4487123;7890;512;9190;9370;5.27;0.32;346.84;10.15;1300;29;3219.00;180
7891;22;4487136;7891;504;9190;9371;5.29;0.32;346.84;10.15;1299;29;3220.00;181
7895;22;4487155;7895;513;9190;9371;5.28;0.32;346.92;10.15;1295;29;3221.00;181
7897;22;4487170;7897;516;9192;9374;5.29;0.32;346.97;10.14;1295;29;3222.00;182
7899;22;4487184;7899;524;9192;9374;5.28;0.32;347.02;10.14;1293;29;3223.00;182
7901;22;4487198;7901;522;9193;9374;5.25;0.32;346.98;10.14;1292;29;3224.00;181
7902;22;4487212;7902;516;9193;9374;5.26;0.32;347.01;10.14;1291;29;3225.00;181
7908;22;4487230;7908;513;9198;9380;5.22;0.31;347.11;10.14;1290;29;3226.00;182
7911;22;4487245;7911;513;9198;9380;5.18;0.31;347.18;10.14;1287;29;3227.00;182
7911;22;4487259;7911;514;9198;9380;5.18;0.31;347.18;10.14;1287;29;3228.00;182
7912;22;4487274;7912;513;9198;9380;5.16;0.31;347.23;10.14;1286;29;3229.00;182
7914;22;4487293;7914;506;9201;9384;5.14;0.31;347.23;10.14;1287;29;3230.00;183
7916;22;4487308;7916;506;9202;9385;5.13;0.31;347.31;10.13;1286;29;3231.00;183
7917;22;4487322;7917;495;9202;9385;5.14;0.31;347.33;10.13;1285;29;3232.00;183
7920;22;4487336;7920;488;9203;9386;5.18;0.31;347.41;10.13;1283;29;3233.00;183
7924;22;4487350;7924;483;9203;9386;5.17;0.31;347.44;10.13;1279;29;3234.00;183
7924;22;4487364;7924;475;9203;9386;5.21;0.32;347.44;10.13;1279;29;3235.00;183
7927;22;4487377;7927;473;9203;9386;5.23;0.32;347.48;10.13;1276;29;3236.00;183
7929;22;4487390;7929;466;9203;9386;5.22;0.32;347.53;10.13;1274;29;3237.00;183
7936;22;4487404;7936;465;9203;9386;5.18;0.31;347.47;10.13;1267;29;3238.00;183
7936;22;4487417;7936;457;9203;9386;5.20;0.32;347.47;10.13;1267;29;3239.00;183
7940;22;4487431;7940;458;9261;9511;5.39;0.33;347.46;10.19;1321;29;3240.00;250
7943;22;4487455;7943;449;9263;9512;5.36;0.33;347.48;10.18;1320;29;3241.00;249
7946;22;4487469;7946;449;9273;9512;5.39;0.33;347.50;10.18;1327;29;3242.00;239
7950;22;4487483;7950;454;9276;9512;5.38;0.33;347.48;10.17;1326;29;3243.00;236
7952;22;4487497;7952;454;9281;9512;5.37;0.33;347.53;10.17;1329;29;3244.00;231
7958;22;4487511;7958;453;9285;9512;5.31;0.32;347.67;10.17;1327;29;3245.00;227
7961;22;4487525;7961;456;9290;9512;5.30;0.32;347.72;10.17;1329;29;3246.00;222
7961;22;4487539;7961;459;9296;9512;5.26;0.32;347.72;10.16;1335;29;3247.00;216
7964;22;4487551;7964;465;9299;9513;5.26;0.32;347.92;10.16;1335;29;3248.00;214
7969;22;4487566;7969;462;9302;9514;5.23;0.32;348.04;10.16;1333;29;3249.00;212
7970;22;4487580;7970;468;9307;9514;5.18;0.32;348.03;10.16;1337;29;3250.00;207
7973;22;4487594;7973;463;9311;9518;5.13;0.31;348.12;10.16;1338;29;3251.00;207
7974;22;4487608;7974;453;9312;9518;5.10;0.31;348.08;10.16;1338;29;3252.00;206
7976;22;4487623;7976;471;9313;9518;5.06;0.31;348.18;10.16;1337;29;3253.00;205
7979;22;4487636;7979;474;9313;9518;5.03;0.31;348.28;10.16;1334;29;3254.00;205
7981;22;4487650;7981;483;9318;9524;5.00;0.31;348.28;10.16;1337;29;3255.00;206
7983;22;4487665;7983;473;9320;9524;5.01;0.31;348.35;10.16;1337;29;3256.00;204
7985;22;4487684;7985;480;9320;9524;5.00;0.31;348.45;10.16;1335;29;3257.00;204
7987;22;4487698;7987;482;9321;9527;5.01;0.31;348.45;10.15;1334;29;3258.00;206
7989;22;4487713;7989;489;9322;9527;4.98;0.30;348.50;10.15;1333;29;3259.00;205
7991;22;4487727;7991;491;9322;9527;4.94;0.30;348.50;10.15;1331;29;3260.00;205
7991;22;4487741;7991;496;9322;9528;4.95;0.30;348.50;10.15;1331;29;3261.00;206
7993;22;4487754;7993;503;9323;9529;4.89;0.30;348.66;10.15;1330;29;3262.00;206
7999;22;4487768;7999;508;9324;9529;4.84;0.30;348.81;10.15;1325;29;3263.00;205
8001;22;4487783;8001;516;9334;9542;4.83;0.30;348.83;10.14;1333;29;3264.00;208
8003;22;4487798;8003;519;9335;9542;4.82;0.30;348.83;10.14;1332;29;3265.00;207
8004;22;4487812;8004;523;9336;9542;4.80;0.30;348.84;10.20;1332;29;3266.00;206
8008;22;4487827;8008;525;9337;9543;4.78;0.29;348.91;10.20;1329;29;3267.00;206
8010;22;4487840;8010;529;9337;9543;4.79;0.30;349.01;10.20;1327;29;3268.00;206
8014;22;4487855;8014;542;9342;9547;4.78;0.29;349.24;10.25;1328;29;3269.00;205
8018;22;4487870;8018;547;9342;9547;4.75;0.29;349.29;10.25;1324;29;3270.00;205
8022;22;4487884;8022;562;9346;9551;4.69;0.29;349.26;10.31;1324;29;3271.00;205
8025;22;4487898;8025;567;9346;9551;4.65;0.29;349.26;10.31;1321;29;3272.00;205
8029;22;4487912;8029;573;9346;9551;4.57;0.28;349.42;10.31;1317;29;3273.00;205
8030;22;4487925;8030;583;9347;9551;4.53;0.28;349.39;10.37;1317;29;3274.00;204
8033;22;4487938;8033;596;9347;9551;4.46;0.27;349.36;10.37;1314;29;3275.00;204
8036;22;4487950;8036;601;9357;9563;4.46;0.27;349.28;10.36;1321;29;3276.00;206
8038;22;4487963;8038;603;9361;9563;4.39;0.27;349.30;10.53;1323;29;3277.00;202
8042;22;4487976;8042;610;9361;9563;4.31;0.26;349.33;10.53;1319;29;3278.00;202
8045;22;4487989;8045;611;9361;9563;4.25;0.26;349.24;10.53;1316;29;3279.00;202
8046;22;4488001;8046;619;9364;9563;4.21;0.26;349.29;10.70;1318;29;3280.00;199
8048;22;4488013;8048;622;9364;9563;4.18;0.26;349.27;10.70;1316;29;3281.00;199
8051;22;4488025;8051;616;9366;9564;4.14;0.25;349.33;10.82;1315;29;3282.00;198
8053;22;4488038;8053;625;9366;9564;4.10;0.25;349.26;10.82;1313;29;3283.00;198
8056;22;4488050;8056;624;9371;9570;4.13;0.25;349.17;10.81;1315;29;3284.00;199
8057;22;4488068;8057;621;9375;9572;4.09;0.25;349.15;10.92;1318;29;3285.00;197
8057;22;4488081;8057;629;9375;9572;4.09;0.25;349.15;10.92;1318;29;3286.00;197
8060;22;4488093;8060;627;9375;9572;4.05;0.25;349.18;10.92;1315;29;3287.00;197
8061;22;4488106;8061;632;9378;9576;4.04;0.25;349.14;10.92;1317;29;3288.00;198
8063;22;4488119;8063;627;9378;9576;4.02;0.25;349.12;10.92;1315;29;3289.00;198
8069;22;4488131;8069;628;9382;9576;3.99;0.25;349.09;11.14;1313;29;3290.00;194
8070;22;4488143;8070;625;9383;9577;3.99;0.25;349.09;11.14;1313;29;3291.00;194
8072;22;4488155;8072;633;9386;9581;3.94;0.24;349.04;11.14;1314;29;3292.00;195
8075;22;4488167;8075;628;9388;9581;3.90;0.24;349.07;11.25;1313;29;3293.00;193
8076;22;4488179;8076;635;9390;9584;3.91;0.24;349.03;11.24;1314;29;3294.00;194
8078;22;4488190;8078;638;9392;9584;3.88;0.24;349.08;11.35;1314;29;3295.00;192
8080;22;4488202;8080;639;9393;9584;3.86;0.24;349.01;11.35;1313;29;3296.00;191
8080;22;4488214;8080;648;9393;9584;3.82;0.23;349.01;11.35;1313;29;3297.00;191
8082;22;4488225;8082;652;9397;9588;3.81;0.23;348.95;11.35;1315;29;3298.00;191
8085;22;4488237;8085;655;9397;9588;3.73;0.23;348.98;11.35;1312;29;3299.00;191
8087;22;4488251;8087;645;9402;9607;3.62;0.22;349.01;11.34;1315;29;3300.00;205
8090;22;4488270;8090;622;9402;9607;3.56;0.22;349.03;11.34;1312;29;3301.00;205
8091;22;4488282;8091;598;9402;9608;3.56;0.22;349.00;11.34;1311;29;3302.00;206
8093;22;4488294;8093;589;9403;9609;3.55;0.22;349.04;11.34;1310;29;3303.00;206
8097;22;4488306;8097;576;9403;9609;3.57;0.22;349.05;11.34;1306;29;3304.00;206
8101;22;4488319;8101;576;9406;9610;3.63;0.22;349.05;11.45;1305;29;3305.00;204
8106;22;4488332;8106;570;9408;9610;3.66;0.22;349.09;11.44;1302;29;3306.00;202
8108;22;4488344;8108;556;9408;9610;3.72;0.23;349.06;11.44;1300;29;3307.00;202
8109;22;4488357;8109;554;9408;9610;3.79;0.23;349.07;11.44;1299;29;3308.00;202
8111;22;4488370;8111;547;9408;9610;3.83;0.23;349.11;11.44;1297;29;3309.00;202
8112;22;4488382;8112;535;9408;9610;3.86;0.23;349.13;11.44;1296;29;3310.00;202
8114;22;4488395;8114;528;9408;9610;3.88;0.23;349.26;11.44;1294;29;3311.00;202
8117;22;4488407;8117;531;9474;9737;4.25;0.26;349.25;11.37;1357;30;3312.00;263
8119;22;4488442;8119;519;9476;9738;4.30;0.26;349.28;11.37;1357;30;3313.00;262
8121;22;4488456;8121;509;9485;9738;4.36;0.27;349.30;11.36;1364;31;3314.00;253
8124;22;4488477;8124;507;9488;9738;4.37;0.27;349.28;11.35;1364;31;3315.00;250
8126;22;4488490;8126;508;9492;9738;4.39;0.27;349.33;11.35;1366;31;3316.00;246
8129;22;4488504;8129;506;9494;9738;4.40;0.27;349.28;11.35;1365;31;3317.00;244
8132;22;4488517;8132;500;9499;9738;4.44;0.27;349.26;11.35;1367;31;3318.00;239
8132;22;4488531;8132;504;9501;9738;4.50;0.28;349.26;11.35;1369;31;3319.00;237
8137;22;4488544;8137;499;9503;9739;4.49;0.28;349.22;11.35;1366;31;3320.00;236
8139;22;4488558;8139;482;9506;9740;4.53;0.28;349.19;11.35;1367;31;3321.00;234
8144;22;4488572;8144;473;9509;9740;4.51;0.28;349.26;11.35;1365;31;3322.00;231
8147;22;4488586;8147;466;9510;9741;4.47;0.27;349.20;11.35;1363;31;3323.00;231
8150;22;4488601;8150;462;9514;9741;4.44;0.27;349.21;11.35;1364;31;3324.00;227
8151;22;4488615;8151;472;9515;9741;4.44;0.27;349.18;11.35;1364;31;3325.00;226
8153;22;4488629;8153;472;9517;9741;4.46;0.27;349.19;11.35;1364;31;3326.00;224
8155;22;4488643;8155;474;9520;9745;4.46;0.27;349.32;11.35;1365;31;3327.00;225
8156;22;4488658;8156;481;9523;9745;4.48;0.28;349.30;11.35;1367;31;3328.00;222
8160;22;4488672;8160;480;9525;9745;4.45;0.27;349.24;11.35;1365;31;3329.00;220
8160;22;4488688;8160;491;9529;9751;4.48;0.28;349.24;11.36;1369;31;3330.00;222
8164;22;4488702;8164;482;9531;9751;4.47;0.28;349.20;11.35;1367;31;3331.00;220
8169;22;4488717;8169;475;9534;9751;4.47;0.28;349.27;11.36;1365;31;3332.00;217
8171;22;4488732;8171;473;9537;9755;4.51;0.28;349.28;11.35;1366;31;3333.00;218
8176;22;4488747;8176;478;9539;9756;4.54;0.28;349.31;11.35;1363;31;3334.00;217
8179;22;4488761;8179;475;9540;9756;4.61;0.28;349.36;11.35;1361;31;3335.00;216
8181;22;4488775;8181;478;9544;9760;4.66;0.29;349.37;11.35;1363;31;3336.00;216
8187;22;4488795;8187;470;9544;9760;4.68;0.29;349.41;11.35;1357;31;3337.00;216
8189;22;4488810;8189;469;9545;9760;4.68;0.29;349.44;11.35;1356;31;3338.00;215
8194;22;4488824;8194;473;9547;9761;4.64;0.29;349.46;11.36;1353;31;3339.00;214
8196;22;4488838;8196;485;9547;9761;4.62;0.28;349.48;11.36;1351;31;3340.00;214
8203;22;4488853;8203;485;9551;9767;4.56;0.28;349.60;11.35;1348;31;3341.00;216
8207;22;4488873;8207;488;9552;9767;4.51;0.28;349.72;11.36;1345;31;3342.00;215
8209;22;4488887;8209;481;9554;9768;4.49;0.28;349.79;11.36;1345;31;3343.00;214
8212;22;4488902;8212;490;9557;9768;4.48;0.28;349.85;11.36;1345;31;3344.00;211
8215;22;4488915;8215;494;9558;9768;4.46;0.27;349.97;11.36;1343;31;3345.00;210
8219;22;4488929;8219;495;9559;9768;4.44;0.27;350.01;11.36;1340;31;3346.00;209
8221;22;4488943;8221;486;9561;9768;4.43;0.27;350.03;11.36;1340;31;3347.00;207
8225;22;4488957;8225;483;9572;9780;4.43;0.27;350.05;11.35;1347;31;3348.00;208
8230;22;4488972;8230;479;9572;9780;4.44;0.27;350.22;11.35;1342;31;3349.00;208
8232;22;4488987;8232;474;9572;9780;4.46;0.27;350.26;11.35;1340;31;3350.00;208
8236;22;4489001;8236;474;9572;9780;4.44;0.27;350.28;11.35;1336;31;3351.00;208
8240;22;4489015;8240;469;9572;9780;4.43;0.27;350.34;11.35;1332;31;3352.00;208
8244;22;4489030;8244;473;9572;9780;4.41;0.27;350.38;11.35;1328;31;3353.00;208
8247;22;4489045;8247;476;9575;9784;4.48;0.27;350.49;11.34;1328;31;3354.00;209
8252;22;4489059;8252;481;9575;9784;4.46;0.27;350.64;11.34;1323;31;3355.00;209
8254;22;4489073;8254;470;9579;9788;4.50;0.28;350.74;11.34;1325;31;3356.00;209
8258;22;4489089;8258;462;9580;9789;4.55;0.28;350.82;11.34;1322;31;3357.00;209
8261;22;4489104;8261;462;9580;9789;4.57;0.28;351.02;11.34;1319;31;3358.00;209
8265;22;4489118;8265;451;9580;9789;4.58;0.28;351.13;11.34;1315;31;3359.00;209
8268;22;4489134;8268;453;9603;9818;4.60;0.28;351.08;11.31;1335;31;3360.00;215
8269;22;4489151;8269;449;9605;9818;4.65;0.28;351.15;11.31;1336;31;3361.00;213
8272;22;4489166;8272;448;9605;9818;4.65;0.28;351.35;11.31;1333;31;3362.00;213
8274;22;4489180;8274;449;9606;9819;4.68;0.28;351.45;11.31;1332;31;3363.00;213
8275;22;4489194;8275;447;9606;9820;4.67;0.28;351.54;11.31;1331;31;3364.00;214
8280;22;4489208;8280;453;9606;9820;4.66;0.28;351.81;11.31;1326;31;3365.00;214
8282;22;4489225;8282;451;9609;9823;4.65;0.28;351.80;11.39;1327;31;3366.00;214
8284;22;4489241;8284;453;9610;9823;4.66;0.28;351.99;11.39;1326;31;3367.00;213
8286;22;4489255;8286;444;9610;9823;4.61;0.28;352.08;11.39;1324;31;3368.00;213
8287;22;4489270;8287;444;9610;9823;4.61;0.28;352.11;11.39;1323;31;3369.00;213
8290;22;4489283;8290;446;9615;9829;4.63;0.28;352.24;11.39;1325;31;3370.00;214
8290;22;4489298;8290;451;9615;9829;4.67;0.28;352.24;11.39;1325;31;3371.00;214
8297;22;4489313;8297;463;9615;9829;4.61;0.28;352.25;11.39;1318;31;3372.00;214
8299;22;4489328;8299;457;9615;9829;4.64;0.28;352.28;11.39;1316;31;3373.00;214
8304;22;4489343;8304;458;9618;9833;4.64;0.28;352.45;11.38;1314;31;3374.00;215
8304;22;4489357;8304;464;9620;9835;4.70;0.29;352.45;11.38;1316;31;3375.00;215
8306;22;4489372;8306;460;9620;9835;4.74;0.29;352.60;11.38;1314;32;3376.00;215
8307;22;4489393;8307;465;9621;9836;4.81;0.29;352.64;11.38;1314;32;3377.00;215
8310;22;4489408;8310;464;9621;9836;4.85;0.29;352.66;11.38;1311;32;3378.00;215
8310;22;4489423;8310;458;9621;9836;4.90;0.30;352.66;11.38;1311;32;3379.00;215
8313;22;4489437;8313;455;9621;9836;4.95;0.30;352.71;11.38;1308;32;3380.00;215
8316;22;4489451;8316;459;9622;9836;4.93;0.30;352.88;11.47;1306;32;3381.00;214
8318;22;4489465;8318;457;9622;9836;4.94;0.30;353.03;11.47;1304;32;3382.00;214
8320;22;4489478;8320;456;9622;9836;4.98;0.30;353.20;11.47;1302;32;3383.00;214
8321;22;4489492;8321;468;9659;9906;5.03;0.31;353.21;11.42;1338;32;3384.00;247
8325;22;4489511;8325;464;9659;9907;5.04;0.31;353.39;11.42;1334;32;3385.00;248
8328;22;4489525;8328;468;9663;9907;5.10;0.31;353.47;11.42;1335;32;3386.00;244
8329;22;4489540;8329;467;9663;9907;5.10;0.31;353.48;11.42;1334;32;3387.00;244
8333;22;4489553;8333;466;9665;9907;5.09;0.31;353.51;11.42;1332;32;3388.00;242
8335;22;4489567;8335;478;9666;9907;5.10;0.31;353.61;11.42;1331;32;3389.00;241
8337;22;4489582;8337;473;9669;9907;5.13;0.31;353.68;11.42;1332;32;3390.00;238
8340;22;4489596;8340;467;9670;9907;5.13;0.31;353.68;11.42;1330;32;3391.00;237
8342;22;4489611;8342;475;9673;9908;5.17;0.32;353.62;11.41;1331;32;3392.00;235
8347;22;4489625;8347;463;9676;9909;5.21;0.32;353.69;11.41;1329;32;3393.00;233
8348;22;4489640;8348;453;9679;9909;5.25;0.32;353.69;11.41;1331;32;3394.00;230
8350;22;4489654;8350;447;9683;9913;5.26;0.32;353.70;11.41;1333;32;3395.00;230
8351;22;4489668;8351;451;9686;9913;5.29;0.32;353.69;11.41;1335;32;3396.00;227
8354;22;4489682;8354;457;9688;9913;5.30;0.32;353.83;11.50;1334;32;3397.00;225
8356;22;4489696;8356;443;9689;9913;5.32;0.32;353.83;11.50;1333;32;3398.00;224
8360;22;4489710;8360;444;9694;9919;5.34;0.33;353.96;11.49;1334;32;3399.00;225
8364;22;4489725;8364;443;9696;9919;5.32;0.32;354.19;11.50;1332;32;3400.00;223
8366;22;4489743;8366;445;9696;9919;5.33;0.33;354.19;11.50;1330;32;3401.00;223
8372;22;4489757;8372;447;9698;9922;5.31;0.32;354.37;11.49;1326;32;3402.00;224
8374;22;4489772;8374;455;9700;9922;5.30;0.32;354.47;11.49;1326;32;3403.00;222
8382;22;4489786;8382;445;9701;9922;5.26;0.32;354.65;11.49;1319;32;3404.00;221
8383;22;4489800;8383;450;9703;9923;5.21;0.32;354.64;11.62;1320;32;3405.00;220
8389;22;4489817;8389;452;9704;9924;5.16;0.31;354.88;11.62;1315;32;3406.00;220
8392;22;4489833;8392;449;9704;9924;5.13;0.31;354.88;11.62;1312;32;3407.00;220
8397;22;4489847;8397;457;9713;9937;5.06;0.31;354.94;11.60;1316;32;3408.00;224
8402;22;4489862;8402;465;9714;9937;5.01;0.30;354.98;11.60;1312;32;3409.00;223
8403;22;4489877;8403;469;9714;9937;5.00;0.31;355.02;11.60;1311;32;3410.00;223
8404;22;4489890;8404;475;9715;9938;4.99;0.30;355.03;11.60;1311;32;3411.00;223
8405;22;4489905;8405;474;9715;9938;5.00;0.30;355.08;11.60;1310;32;3412.00;223
8408;22;4489918;8408;479;9719;9942;5.03;0.31;355.11;11.60;1311;32;3413.00;223
8410;22;4489933;8410;485;9719;9942;5.04;0.31;355.05;11.60;1309;32;3414.00;223
8412;22;4489947;8412;483;9722;9946;4.97;0.30;355.00;11.60;1310;32;3415.00;224
8413;22;4489960;8413;485;9724;9946;4.95;0.30;354.99;11.59;1311;32;3416.00;222
8415;22;4489974;8415;492;9724;9946;4.89;0.30;355.03;11.59;1309;32;3417.00;222
8417;22;4489988;8417;496;9724;9946;4.88;0.30;354.97;11.59;1307;32;3418.00;222
8421;22;4490002;8421;500;9724;9946;4.81;0.29;354.98;11.59;1303;32;3419.00;222
8423;22;4490018;8423;497;9748;9980;4.91;0.30;355.06;11.57;1325;32;3420.00;232
8426;22;4490034;8426;503;9751;9980;4.81;0.29;354.99;11.56;1325;32;3421.00;229
8428;22;4490048;8428;507;9752;9980;4.76;0.29;354.95;11.56;1324;32;3422.00;228
8432;22;4490062;8432;503;9753;9980;4.69;0.29;354.91;11.56;1321;32;3423.00;227
8433;22;4490076;8433;512;9753;9980;4.64;0.28;354.99;11.56;1320;32;3424.00;227
8436;22;4490089;8436;518;9753;9980;4.59;0.28;355.00;11.56;1317;32;3425.00;227
8438;22;4490108;8438;524;9753;9981;4.54;0.28;354.94;11.56;1315;32;3426.00;228
8438;22;4490122;8438;534;9753;9981;4.55;0.28;354.94;11.56;1315;32;3427.00;228
8442;22;4490135;8442;534;9758;9987;4.53;0.28;354.89;11.56;1316;32;3428.00;229
8443;22;4490149;8443;534;9758;9988;4.50;0.27;354.87;11.56;1315;32;3429.00;230
8445;22;4490162;8445;539;9759;9988;4.44;0.27;354.79;11.55;1314;32;3430.00;229
8445;22;4490175;8445;542;9761;9988;4.39;0.27;354.79;11.68;1316;32;3431.00;227
8448;22;4490193;8448;552;9764;9992;4.33;0.26;354.70;11.68;1316;32;3432.00;228
8450;22;4490207;8450;562;9764;9992;4.30;0.26;354.65;11.68;1314;32;3433.00;228
8450;22;4490220;8450;571;9765;9992;4.25;0.26;354.65;11.74;1315;32;3434.00;227
8452;22;4490233;8452;575;9766;9993;4.20;0.26;354.65;11.74;1314;32;3435.00;227
8454;22;4490245;8454;585;9769;9997;4.17;0.26;354.68;11.73;1315;32;3436.00;228
8456;22;4490258;8456;591;9770;9997;4.12;0.25;354.63;11.80;1314;32;3437.00;227
8457;22;4490270;8457;597;9772;10000;4.08;0.25;354.61;11.80;1315;32;3438.00;228
8458;22;4490283;8458;600;9775;10000;4.05;0.25;354.62;11.92;1317;32;3439.00;225
8461;22;4490296;8461;608;9775;10000;3.97;0.24;354.59;11.92;1314;32;3440.00;225
8463;22;4490309;8463;606;9777;10000;3.91;0.24;354.54;12.04;1314;32;3441.00;223
8463;22;4490321;8463;610;9781;10004;3.92;0.24;354.54;12.04;1318;32;3442.00;223
8464;22;4490334;8464;628;9783;10004;3.91;0.24;354.54;12.16;1319;32;3443.00;221
8465;22;4490346;8465;631;9783;10004;3.90;0.24;354.51;12.16;1318;32;3444.00;221
8467;22;4490359;8467;636;9785;10004;3.82;0.23;354.50;12.28;1318;32;3445.00;219
8468;22;4490370;8468;647;9785;10005;3.78;0.23;354.48;12.28;1317;32;3446.00;220
8472;22;4490382;8472;650;9786;10006;3.67;0.23;354.61;12.28;1314;32;3447.00;220
8472;22;4490393;8472;647;9788;10006;3.64;0.22;354.61;12.40;1316;32;3448.00;218
8475;22;4490405;8475;641;9789;10007;3.65;0.22;354.55;12.40;1314;32;3449.00;218
8476;22;4490419;8476;628;9789;10007;3.67;0.22;354.54;12.40;1313;32;3450.00;218
8477;22;4490431;8477;621;9791;10007;3.69;0.23;354.54;12.51;1314;32;3451.00;216
8481;22;4490444;8481;613;9791;10007;3.70;0.23;354.53;12.51;1310;32;3452.00;216
8482;22;4490457;8482;603;9791;10007;3.77;0.23;354.50;12.51;1309;32;3453.00;216
8482;22;4490468;8482;598;9793;10007;3.85;0.24;354.50;12.63;1311;32;3454.00;214
8482;22;4490485;8482;596;9793;10007;3.90;0.24;354.50;12.63;1311;32;3455.00;214
8482;23;4490497;8482;605;9860;10134;4.25;0.26;354.50;12.54;1378;33;3456.00;274
8484;23;4490529;8484;602;9866;10135;4.26;0.26;354.45;12.65;1382;33;3457.00;269
8486;23;4490543;8486;596;9875;10135;4.30;0.27;354.40;12.64;1389;33;3458.00;260
8487;23;4490556;8487;593;9880;10135;4.32;0.27;354.37;12.75;1393;33;3459.00;255
8489;23;4490568;8489;579;9886;10135;4.39;0.27;354.30;12.75;1397;33;3460.00;249
8491;23;4490581;8491;577;9889;10135;4.33;0.27;354.34;12.86;1398;33;3461.00;246
8492;23;4490594;8492;574;9891;10135;4.33;0.27;354.33;12.86;1399;33;3462.00;244
8493;23;4490607;8493;580;9893;10135;4.31;0.27;354.32;12.86;1400;33;3463.00;242
8493;23;4490626;8493;584;9896;10136;4.29;0.26;354.32;12.92;1403;33;3464.00;240
8497;23;4490645;8497;576;9901;10138;4.27;0.26;354.31;12.97;1404;33;3465.00;237
8499;23;4490661;8499;576;9904;10138;4.25;0.26;354.30;13.03;1405;33;3466.00;234
8500;23;4490675;8500;576;9907;10139;4.21;0.26;354.31;13.08;1407;33;3467.00;232
8504;23;4490688;8504;578;9910;10139;4.16;0.25;354.36;13.08;1406;33;3468.00;229
8507;23;4490702;8507;580;9911;10139;4.13;0.25;354.49;13.08;1404;33;3469.00;228
8509;23;4490715;8509;586;9913;10139;4.12;0.25;354.48;13.08;1404;33;3470.00;226
8512;23;4490729;8512;581;9917;10143;4.10;0.25;354.56;13.08;1405;33;3471.00;226
8514;23;4490744;8514;584;9919;10143;4.10;0.25;354.64;13.08;1405;33;3472.00;224
8520;23;4490757;8520;577;9920;10143;4.08;0.25;354.59;13.08;1400;33;3473.00;223
8521;23;4490771;8521;572;9921;10146;4.10;0.25;354.57;13.08;1400;33;3474.00;225
8525;23;4490784;8525;573;9923;10146;4.10;0.25;354.66;13.08;1398;33;3475.00;223
8528;23;4490799;8528;571;9923;10146;4.11;0.25;354.75;13.08;1395;33;3476.00;223
8532;23;4490813;8532;567;9927;10150;4.12;0.25;354.75;13.08;1395;33;3477.00;223
8534;23;4490828;8534;560;9928;10151;4.17;0.25;354.73;13.08;1394;33;3478.00;223
8537;23;4490842;8537;562;9929;10151;4.22;0.26;354.70;13.08;1392;33;3479.00;222
8540;23;4490858;8540;556;9934;10156;4.27;0.26;354.70;13.07;1394;33;3480.00;222
8542;23;4490872;8542;555;9934;10156;4.34;0.26;354.82;13.07;1392;33;3481.00;222
8546;23;4490891;8546;556;9935;10156;4.37;0.27;354.98;13.07;1389;33;3482.00;221
8549;23;4490910;8549;549;9935;10157;4.37;0.27;355.12;13.07;1386;33;3483.00;222
8553;23;4490924;8553;545;9935;10157;4.33;0.26;355.18;13.07;1382;33;3484.00;222
8556;23;4490938;8556;538;9939;10163;4.33;0.26;355.24;13.07;1383;33;3485.00;224
8559;23;4490953;8559;543;9939;10163;4.28;0.26;355.23;13.07;1380;33;3486.00;224
8564;23;4490967;8564;545;9939;10164;4.25;0.26;355.30;13.07;1375;33;3487.00;225
8568;23;4490982;8568;548;9939;10164;4.26;0.26;355.49;13.07;1371;33;3488.00;225
8569;23;4490996;8569;543;9939;10164;4.30;0.26;355.49;13.07;1370;33;3489.00;225
8573;23;4491011;8573;538;9939;10164;4.32;0.26;355.67;13.07;1366;33;3490.00;225
8576;23;4491025;8576;547;9939;10164;4.33;0.26;355.88;13.07;1363;33;3491.00;225
8579;23;4491039;8579;546;9948;10176;4.34;0.26;355.83;13.06;1369;33;3492.00;228
8583;23;4491054;8583;544;9948;10176;4.33;0.26;355.84;13.06;1365;33;3493.00;228
8586;23;4491068;8586;541;9948;10176;4.34;0.26;355.83;13.06;1362;33;3494.00;228
8590;23;4491084;8590;529;9948;10176;4.36;0.26;355.87;13.06;1358;33;3495.00;228
8591;23;4491098;8591;522;9948;10176;4.37;0.27;356.02;13.06;1357;33;3496.00;228
8594;23;4491113;8594;511;9948;10176;4.37;0.27;356.14;13.06;1354;33;3497.00;228
8600;23;4491127;8600;501;9951;10180;4.41;0.27;356.17;13.05;1351;33;3498.00;229
8604;23;4491143;8604;484;9951;10180;4.42;0.27;356.21;13.05;1347;33;3499.00;229
8606;23;4491158;8606;484;9955;10184;4.46;0.27;356.31;13.05;1349;33;3500.00;229
8607;23;4491176;8607;476;9955;10185;4.52;0.27;356.32;13.05;1348;33;3501.00;230
8609;23;4491191;8609;466;9956;10185;4.59;0.28;356.54;13.14;1347;33;3502.00;229
8613;23;4491206;8613;472;9956;10185;4.64;0.28;356.57;13.14;1343;33;3503.00;229
8617;23;4491226;8617;471;9965;10198;4.72;0.29;356.65;13.13;1348;33;3504.00;233
8622;23;4491241;8622;468;9966;10198;4.70;0.28;356.84;13.13;1344;33;3505.00;232
8626;23;4491256;8626;465;9967;10198;4.73;0.29;357.08;13.13;1341;33;3506.00;231
8631;23;4491271;8631;463;9969;10199;4.69;0.28;357.06;13.13;1338;33;3507.00;230
8633;23;4491286;8633;473;9969;10200;4.63;0.28;357.19;13.13;1336;33;3508.00;231
8639;23;4491302;8639;475;9970;10200;4.51;0.27;357.30;13.13;1331;33;3509.00;230
8641;23;4491319;8641;481;9974;10206;4.49;0.27;357.31;13.13;1333;33;3510.00;232
8643;23;4491334;8643;488;9976;10206;4.42;0.27;357.42;13.13;1333;33;3511.00;230
8645;23;4491349;8645;475;9977;10206;4.40;0.27;357.46;13.13;1332;33;3512.00;229
8645;23;4491364;8645;476;9977;10206;4.40;0.27;357.46;13.13;1332;33;3513.00;229
8647;23;4491378;8647;464;9984;10212;4.38;0.27;357.53;13.13;1337;33;3514.00;228
8648;23;4491393;8648;458;9985;10212;4.43;0.27;357.51;13.13;1337;33;3515.00;227
8650;23;4491407;8650;453;9986;10212;4.43;0.27;357.49;13.13;1336;33;3516.00;226
8652;23;4491422;8652;452;9987;10212;4.45;0.27;357.47;13.13;1335;33;3517.00;225
8653;23;4491437;8653;455;9991;10216;4.50;0.27;357.54;13.12;1338;33;3518.00;225
8657;23;4491451;8657;454;9994;10219;4.51;0.27;357.51;13.12;1337;33;3519.00;225
8658;23;4491466;8658;452;9994;10219;4.60;0.28;357.53;13.12;1336;33;3520.00;225
8660;23;4491481;8660;442;9995;10220;4.65;0.28;357.57;13.12;1335;33;3521.00;225
8661;23;4491496;8661;431;9995;10220;4.66;0.28;357.59;13.12;1334;33;3522.00;225
8667;23;4491510;8667;416;9996;10220;4.65;0.28;357.70;13.21;1329;33;3523.00;224
8669;23;4491525;8669;422;9996;10220;4.67;0.28;357.70;13.21;1327;33;3524.00;224
8671;23;4491540;8671;424;9996;10220;4.73;0.29;357.79;13.21;1325;33;3525.00;224
8672;23;4491555;8672;422;9996;10220;4.75;0.29;357.85;13.21;1324;33;3526.00;224
8674;23;4491570;8674;423;9996;10220;4.78;0.29;357.86;13.21;1322;33;3527.00;224
8679;23;4491585;8679;439;10043;10290;4.79;0.29;357.85;13.15;1364;33;3528.00;247
8681;23;4491605;8681;438;10043;10291;4.81;0.29;357.87;13.15;1362;33;3529.00;248
8682;23;4491620;8682;447;10047;10291;4.90;0.30;357.90;13.14;1365;33;3530.00;244
8686;23;4491635;8686;442;10047;10291;4.88;0.30;357.98;13.14;1361;33;3531.00;244
8688;23;4491650;8688;452;10048;10291;4.96;0.30;357.97;13.14;1360;33;3532.00;243
8690;23;4491665;8690;447;10051;10291;5.02;0.31;357.97;13.14;1361;33;3533.00;240
8692;23;4491680;8692;445;10052;10291;5.06;0.31;358.17;13.14;1360;33;3534.00;239
8694;23;4491695;8694;445;10054;10291;5.10;0.31;358.21;13.14;1360;33;3535.00;237
8697;23;4491710;8697;448;10055;10292;5.15;0.31;358.20;13.14;1358;33;3536.00;237
8700;23;4491726;8700;448;10056;10293;5.17;0.32;358.29;13.14;1356;33;3537.00;237
8701;23;4491742;8701;440;10059;10293;5.16;0.31;358.32;13.14;1358;33;3538.00;234
8703;23;4491756;8703;444;10062;10297;5.15;0.31;358.40;13.22;1359;33;3539.00;235
8706;23;4491773;8706;443;10064;10297;5.16;0.32;358.49;13.22;1358;33;3540.00;233
8712;23;4491788;8712;439;10065;10297;5.11;0.31;358.51;13.22;1353;33;3541.00;232
8715;23;4491804;8715;456;10065;10297;5.10;0.31;358.54;13.22;1350;33;3542.00;232
8717;23;4491818;8717;462;10071;10303;5.08;0.31;358.65;13.21;1354;33;3543.00;232
8720;23;4491834;8720;460;10072;10303;5.04;0.31;358.66;13.21;1352;33;3544.00;231
8723;23;4491849;8723;459;10072;10303;4.97;0.30;358.71;13.21;1349;33;3545.00;231
8723;23;4491864;8723;460;10075;10306;5.00;0.30;358.71;13.21;1352;33;3546.00;231
8727;23;4491878;8727;470;10076;10306;4.94;0.30;358.83;13.21;1349;33;3547.00;230
8728;23;4491893;8728;469;10076;10306;4.92;0.30;358.88;13.21;1348;33;3548.00;230
8729;23;4491907;8729;476;10076;10307;4.91;0.30;358.85;13.21;1347;33;3549.00;231
8732;23;4491922;8732;479;10077;10308;4.86;0.30;358.91;13.21;1345;33;3550.00;231
8735;23;4491936;8735;487;10077;10308;4.80;0.29;358.94;13.21;1342;33;3551.00;231
8736;23;4491950;8736;491;10088;10321;4.80;0.29;358.92;13.19;1352;33;3552.00;233
8740;23;4491965;8740;493;10088;10321;4.75;0.29;358.89;13.19;1348;33;3553.00;233
8740;23;4491979;8740;496;10088;10321;4.73;0.29;358.89;13.19;1348;33;3554.00;233
8743;23;4491993;8743;496;10090;10323;4.71;0.29;358.97;13.19;1347;33;3555.00;233
8745;23;4492007;8745;498;10090;10323;4.74;0.29;359.00;13.19;1345;33;3556.00;233
8749;23;4492021;8749;500;10094;10327;4.74;0.29;359.07;13.19;1345;33;3557.00;233
8750;23;4492037;8750;496;10094;10327;4.75;0.29;359.09;13.19;1344;33;3558.00;233
8754;23;4492050;8754;487;10097;10331;4.74;0.29;359.09;13.18;1343;33;3559.00;234
8757;23;4492065;8757;485;10097;10331;4.71;0.29;359.18;13.18;1340;33;3560.00;234
8760;23;4492079;8760;483;10097;10331;4.73;0.29;359.26;13.18;1337;33;3561.00;234
8760;23;4492093;8760;468;10097;10331;4.76;0.29;359.26;13.18;1337;33;3562.00;234
8763;23;4492107;8763;468;10097;10331;4.77;0.29;359.24;13.18;1334;33;3563.00;234
8767;23;4492121;8767;474;10107;10343;4.85;0.29;359.28;13.17;1340;33;3564.00;236
8768;23;4492137;8768;475;10107;10343;4.87;0.30;359.25;13.17;1339;33;3565.00;236
8770;23;4492151;8770;483;10108;10343;4.86;0.29;359.24;13.17;1338;33;3566.00;235
8772;23;4492165;8772;484;10108;10343;4.85;0.29;359.22;13.17;1336;33;3567.00;235
8777;23;4492179;8777;489;10108;10343;4.82;0.29;359.27;13.17;1331;33;3568.00;235
8780;23;4492193;8780;490;10108;10343;4.80;0.29;359.23;13.17;1328;33;3569.00;235
8786;23;4492208;8786;496;10110;10344;4.73;0.29;359.30;13.30;1324;33;3570.00;234
8788;23;4492225;8788;496;10110;10344;4.73;0.29;359.24;13.30;1322;33;3571.00;234
8792;23;4492239;8792;503;10115;10350;4.70;0.28;359.17;13.30;1323;33;3572.00;235
8793;23;4492253;8793;503;10116;10351;4.69;0.28;359.13;13.29;1323;33;3573.00;235
8796;23;4492267;8796;508;10116;10351;4.64;0.28;359.15;13.29;1320;33;3574.00;235
8798;23;4492287;8798;515;10116;10351;4.62;0.28;359.16;13.29;1318;33;3575.00;235
8800;23;4492300;8800;524;10119;10355;4.63;0.28;359.12;13.29;1319;33;3576.00;236
8803;23;4492314;8803;535;10119;10355;4.58;0.28;359.10;13.29;1316;33;3577.00;236
8804;23;4492328;8804;536;10120;10355;4.54;0.28;359.09;13.35;1316;33;3578.00;235
8806;23;4492342;8806;539;10121;10356;4.51;0.27;359.03;13.35;1315;33;3579.00;235
8807;23;4492356;8807;542;10124;10360;4.46;0.27;359.06;13.35;1317;33;3580.00;236
8808;23;4492369;8808;542;10124;10360;4.44;0.27;359.06;13.35;1316;33;3581.00;236
8809;23;4492382;8809;539;10126;10363;4.41;0.27;359.03;13.35;1317;33;3582.00;237
8810;23;4492396;8810;541;10127;10363;4.36;0.27;358.99;13.35;1317;33;3583.00;236
8812;23;4492410;8812;547;10127;10363;4.30;0.26;358.95;13.35;1315;33;3584.00;236
8814;23;4492423;8814;548;10127;10363;4.26;0.26;358.90;13.35;1313;33;3585.00;236
8815;23;4492437;8815;553;10131;10367;4.25;0.26;358.90;13.34;1316;33;3586.00;236
8816;23;4492450;8816;557;10131;10367;4.22;0.26;358.96;13.34;1315;33;3587.00;236
8817;23;4492463;8817;560;10133;10367;4.22;0.26;358.95;13.48;1316;33;3588.00;234
8819;23;4492476;8819;554;10134;10367;4.21;0.26;358.94;13.54;1315;33;3589.00;233
8820;23;4492495;8820;550;10134;10368;4.18;0.26;358.92;13.54;1314;33;3590.00;234
8821;23;4492509;8821;551;10135;10369;4.14;0.25;359.00;13.54;1314;33;3591.00;234
8822;23;4492521;8822;553;10135;10369;4.05;0.25;358.99;13.54;1313;33;3592.00;234
8822;23;4492534;8822;559;10136;10370;4.02;0.25;358.99;13.54;1314;33;3593.00;234
8822;23;4492547;8822;559;10136;10370;4.00;0.25;358.99;13.54;1314;33;3594.00;234
8825;23;4492559;8825;558;10137;10370;3.99;0.25;358.96;13.60;1312;33;3595.00;233
8825;23;4492572;8825;552;10137;10370;4.00;0.25;358.96;13.60;1312;33;3596.00;233
8826;23;4492585;8826;549;10137;10370;4.03;0.25;358.95;13.60;1311;33;3597.00;233
8827;23;4492598;8827;551;10139;10370;4.03;0.25;358.93;13.73;1312;33;3598.00;231
8827;23;4492611;8827;545;10139;10370;4.03;0.25;358.93;13.73;1312;33;3599.00;231
8830;23;4492631;8830;580;10241;10623;4.35;0.28;358.89;13.60;1411;33;3600.00;382
8830;23;4492667;8830;566;10248;10624;4.38;0.28;358.89;13.65;1418;33;3601.00;376
8832;23;4492686;8832;563;10261;10624;4.46;0.28;358.88;13.64;1429;33;3602.00;363
8835;23;4492700;8835;564;10270;10624;4.52;0.28;358.99;13.76;1435;33;3603.00;354
8838;23;4492714;8838;559;10277;10624;4.58;0.29;358.93;13.75;1439;33;3604.00;347
8839;23;4492727;8839;559;10282;10624;4.58;0.29;358.91;13.75;1443;33;3605.00;342
8840;23;4492742;8840;557;10291;10624;4.56;0.28;358.91;13.80;1451;33;3606.00;333
8842;23;4492755;8842;563;10297;10624;4.56;0.28;358.92;13.80;1455;33;3607.00;327
8843;23;4492769;8843;564;10305;10625;4.61;0.29;358.92;13.86;1462;33;3608.00;320
8845;23;4492784;8845;570;10310;10626;4.59;0.29;359.04;13.85;1465;33;3609.00;316
8847;23;4492804;8847;567;10317;10626;4.54;0.28;358.99;13.91;1470;33;3610.00;309
8850;23;4492819;8850;572;10322;10627;4.50;0.28;359.00;13.91;1472;33;3611.00;305
8851;23;4492834;8851;578;10329;10627;4.44;0.27;358.98;13.97;1478;33;3612.00;298
8854;23;4492850;8854;589;10331;10627;4.36;0.27;358.89;13.97;1477;33;3613.00;296
8855;23;4492864;8855;589;10336;10627;4.34;0.27;358.85;14.04;1481;33;3614.00;291
8857;23;4492878;8857;591;10341;10631;4.33;0.27;358.81;14.03;1484;33;3615.00;290
8857;23;4492896;8857;598;10344;10631;4.34;0.27;358.81;14.03;1487;33;3616.00;287
8860;23;4492911;8860;592;10348;10631;4.28;0.26;358.74;14.16;1488;33;3617.00;283
8861;23;4492926;8861;598;10350;10634;4.27;0.26;358.77;14.16;1489;33;3618.00;284
8861;23;4492941;8861;598;10353;10634;4.29;0.26;358.77;14.16;1492;33;3619.00;281
8863;23;4492955;8863;596;10354;10634;4.33;0.26;358.78;14.16;1491;33;3620.00;280
8865;23;4492969;8865;600;10362;10638;4.32;0.26;358.88;14.28;1497;33;3621.00;276
8867;23;4492984;8867;606;10363;10639;4.32;0.26;358.90;14.28;1496;33;3622.00;276
8870;23;4493000;8870;614;10364;10639;4.29;0.26;358.91;14.28;1494;33;3623.00;275
8871;23;4493015;8871;619;10367;10643;4.34;0.27;358.87;14.28;1496;33;3624.00;276
8873;23;4493031;8873;622;10370;10643;4.34;0.27;358.88;14.28;1497;33;3625.00;273
8874;23;4493046;8874;624;10373;10643;4.32;0.26;358.89;14.28;1499;33;3626.00;270
8879;23;4493061;8879;631;10374;10644;4.29;0.26;358.93;14.28;1495;33;3627.00;270
8882;23;4493075;8882;635;10376;10644;4.28;0.26;358.93;14.28;1494;33;3628.00;268
8885;23;4493096;8885;634;10381;10650;4.25;0.26;359.00;14.28;1496;33;3629.00;269
8889;23;4493113;8889;627;10384;10650;4.22;0.26;359.23;14.28;1495;33;3630.00;266
8891;23;4493128;8891;619;10385;10651;4.20;0.26;359.21;14.28;1494;33;3631.00;266
8894;23;4493143;8894;619;10385;10651;4.17;0.25;359.27;14.28;1491;33;3632.00;266
8898;23;4493158;8898;613;10385;10651;4.15;0.25;359.47;14.28;1487;33;3633.00;266
8900;23;4493173;8900;620;10386;10651;4.16;0.25;359.42;14.29;1486;33;3634.00;265
8904;23;4493187;8904;609;10387;10651;4.11;0.25;359.61;14.29;1483;33;3635.00;264
8907;23;4493203;8907;612;10399;10663;4.11;0.25;359.65;14.28;1492;33;3636.00;264
8909;23;4493221;8909;615;10400;10663;4.13;0.25;359.62;14.28;1491;33;3637.00;263
8912;23;4493237;8912;612;10401;10663;4.13;0.25;359.75;14.28;1489;33;3638.00;262
8914;23;4493251;8914;611;10402;10663;4.11;0.25;359.72;14.28;1488;33;3639.00;261
8917;23;4493267;8917;597;10402;10663;4.10;0.25;359.77;14.28;1485;33;3640.00;261
8919;23;4493282;8919;601;10403;10663;4.08;0.25;359.81;14.28;1484;33;3641.00;260
8921;23;4493296;8921;603;10406;10667;4.09;0.25;359.83;14.28;1485;33;3642.00;261
8926;23;4493312;8926;601;10406;10667;4.07;0.25;360.02;14.28;1480;33;3643.00;261
8929;23;4493332;8929;605;10411;10671;4.11;0.25;360.26;14.28;1482;33;3644.00;260
8931;23;4493348;8931;611;10413;10673;4.15;0.25;360.25;14.27;1482;33;3645.00;260
8935;23;4493363;8935;613;10413;10673;4.16;0.25;360.39;14.27;1478;33;3646.00;260
8938;23;4493379;8938;606;10413;10673;4.16;0.25;360.66;14.27;1475;33;3647.00;260
8941;23;4493394;8941;603;10421;10686;4.19;0.26;360.75;14.26;1480;33;3648.00;265
8944;23;4493410;8944;605;10421;10686;4.22;0.26;360.72;14.26;1477;33;3649.00;265
8948;23;4493425;8948;598;10422;10686;4.25;0.26;360.75;14.26;1474;33;3650.00;264
8952;23;4493441;8952;589;10422;10687;4.28;0.26;360.80;14.26;1470;33;3651.00;265
8955;23;4493456;8955;591;10423;10688;4.34;0.26;360.88;14.26;1468;33;3652.00;265
8960;23;4493470;8960;583;10423;10688;4.41;0.27;360.90;14.26;1463;33;3653.00;265
8961;23;4493486;8961;584;10426;10691;4.44;0.27;360.91;14.26;1465;33;3654.00;265
8964;23;4493502;8964;577;10426;10691;4.46;0.27;360.94;14.26;1462;33;3655.00;265
8966;23;4493517;8966;578;10427;10691;4.47;0.27;360.97;14.26;1461;33;3656.00;264
8969;23;4493533;8969;578;10428;10691;4.49;0.27;360.98;14.26;1459;33;3657.00;263
8974;23;4493549;8974;583;10433;10697;4.47;0.27;361.08;14.26;1459;33;3658.00;264
8978;23;4493564;8978;584;10433;10697;4.44;0.27;361.17;14.26;1455;33;3659.00;264
8981;23;4493581;8981;584;10436;10697;4.41;0.27;361.26;14.25;1455;33;3660.00;261
8988;23;4493597;8988;588;10436;10697;4.36;0.27;361.48;14.25;1448;33;3661.00;261
8995;23;4493612;8995;596;10439;10701;4.32;0.26;361.67;14.25;1444;33;3662.00;262
9000;23;4493628;9000;602;10441;10702;4.30;0.26;361.75;14.35;1441;33;3663.00;261
9005;23;4493644;9005;601;10441;10702;4.27;0.26;361.92;14.35;1436;33;3664.00;261
9008;23;4493659;9008;597;10442;10703;4.23;0.26;361.94;14.34;1434;33;3665.00;261
9010;23;4493675;9010;594;10442;10703;4.24;0.26;361.95;14.34;1432;33;3666.00;261
9014;23;4493690;9014;601;10442;10703;4.18;0.25;362.09;14.34;1428;33;3667.00;261
9018;23;4493705;9018;602;10442;10703;4.14;0.25;362.20;14.34;1424;33;3668.00;261
9020;23;4493719;9020;610;10442;10703;4.12;0.25;362.19;14.34;1422;33;3669.00;261
9022;23;4493733;9022;618;10442;10703;4.10;0.25;362.34;14.34;1420;33;3670.00;261
9025;23;4493748;9025;622;10442;10703;4.05;0.24;362.44;14.34;1417;33;3671.00;261
9028;23;4493762;9028;632;10480;10773;4.06;0.25;362.56;14.29;1452;33;3672.00;293
9032;23;4493783;9032;631;10481;10774;4.03;0.24;362.62;14.29;1449;33;3673.00;293
9036;23;4493798;9036;632;10485;10774;4.01;0.24;362.77;14.29;1449;33;3674.00;289
9038;23;4493814;9038;626;10486;10774;3.99;0.24;362.75;14.28;1448;33;3675.00;288
9040;23;4493829;9040;632;10489;10774;3.96;0.24;362.98;14.28;1449;33;3676.00;285
9042;23;4493844;9042;615;10491;10774;3.94;0.24;363.03;14.28;1449;33;3677.00;283
9045;23;4493859;9045;610;10492;10774;3.92;0.24;363.00;14.28;1447;33;3678.00;282
9048;23;4493874;9048;622;10497;10774;3.92;0.24;363.04;14.28;1449;33;3679.00;277
9049;23;4493890;9049;623;10499;10775;3.90;0.24;363.09;14.27;1450;33;3680.00;276
9051;23;4493905;9051;623;10503;10776;3.90;0.24;363.16;14.27;1452;33;3681.00;273
9052;23;4493920;9052;625;10503;10776;3.85;0.23;363.13;14.27;1451;33;3682.00;273
9056;23;4493935;9056;627;10508;10780;3.82;0.23;363.32;14.27;1452;33;3683.00;272
9057;23;4493950;9057;624;10508;10780;3.83;0.23;363.35;14.27;1451;33;3684.00;272
9059;23;4493965;9059;620;10508;10780;3.81;0.23;363.30;14.27;1449;33;3685.00;272
9059;23;4493979;9059;613;10508;10780;3.86;0.23;363.30;14.27;1449;33;3686.00;272
9063;23;4493994;9063;608;10513;10786;3.88;0.24;363.64;14.26;1450;33;3687.00;273
9064;23;4494009;9064;598;10513;10786;3.98;0.24;363.64;14.26;1449;33;3688.00;273
9064;23;4494030;9064;596;10513;10786;4.06;0.25;363.64;14.26;1449;33;3689.00;273
9067;23;4494052;9067;597;10517;10792;4.10;0.25;363.61;14.26;1450;33;3690.00;275
9071;23;4494068;9071;594;10518;10792;4.11;0.25;363.73;14.35;1447;33;3691.00;274
9072;23;4494083;9072;589;10520;10792;4.13;0.25;363.73;14.35;1448;33;3692.00;272
9074;23;4494098;9074;596;10520;10793;4.11;0.25;363.77;14.35;1446;33;3693.00;273
9075;23;4494114;9075;592;10521;10794;4.14;0.25;363.81;14.35;1446;33;3694.00;273
9078;23;4494129;9078;601;10523;10794;4.13;0.25;363.80;14.36;1445;33;3695.00;271
9080;23;4494145;9080;597;10534;10807;4.10;0.25;363.91;14.34;1454;33;3696.00;273
9081;23;4494161;9081;594;10535;10807;4.10;0.25;363.92;14.34;1454;33;3697.00;272
9081;23;4494176;9081;587;10535;10807;4.12;0.25;363.92;14.34;1454;33;3698.00;272
9085;23;4494192;9085;593;10536;10808;4.12;0.25;364.04;14.34;1451;33;3699.00;272
9086;23;4494208;9086;584;10539;10808;4.16;0.25;364.09;14.35;1453;33;3700.00;269
9089;23;4494228;9089;582;10543;10812;4.20;0.26;364.13;14.35;1454;33;3701.00;269
9093;23;4494249;9093;582;10544;10812;4.21;0.26;364.23;14.35;1451;33;3702.00;268
9094;23;4494264;9094;584;10547;10816;4.20;0.26;364.27;14.34;1453;33;3703.00;269
9096;23;4494279;9096;588;10547;10816;4.22;0.26;364.36;14.34;1451;33;3704.00;269
9097;23;4494294;9097;593;10547;10816;4.23;0.26;364.40;14.34;1450;34;3705.00;269
9102;23;4494318;9102;590;10547;10816;4.15;0.25;364.43;14.34;1445;34;3706.00;269
9103;23;4494332;9103;592;10547;10816;4.16;0.25;364.49;14.34;1444;34;3707.00;269
9108;23;4494347;9108;596;10557;10828;4.17;0.25;364.75;14.33;1449;34;3708.00;271
9110;23;4494362;9110;606;10557;10828;4.16;0.25;364.93;14.33;1447;34;3709.00;271
9112;23;4494377;9112;611;10558;10828;4.19;0.26;364.99;14.33;1446;34;3710.00;270
9113;23;4494391;9113;624;10558;10828;4.20;0.26;365.06;14.33;1445;34;3711.00;270
9115;23;4494405;9115;623;10558;10828;4.20;0.26;365.09;14.33;1443;34;3712.00;270
9117;23;4494420;9117;635;10558;10828;4.23;0.26;365.16;14.33;1441;34;3713.00;270
9120;23;4494433;9120;640;10558;10829;4.18;0.26;365.25;14.33;1438;34;3714.00;271
9121;23;4494448;9121;645;10558;10829;4.15;0.25;365.23;14.33;1437;34;3715.00;271
9122;23;4494461;9122;649;10563;10835;4.18;0.26;365.20;14.32;1441;34;3716.00;272
9124;23;4494476;9124;652;10564;10836;4.12;0.25;365.20;14.32;1440;34;3717.00;272
9129;23;4494490;9129;661;10564;10836;4.08;0.25;365.14;14.32;1435;34;3718.00;272
9130;23;4494504;9130;659;10564;10836;4.08;0.25;365.18;14.32;1434;34;3719.00;272
9138;23;4494520;9138;651;10568;10841;4.06;0.25;365.13;14.32;1430;34;3720.00;273
9144;23;4494535;9144;636;10568;10841;4.06;0.25;365.24;14.32;1424;34;3721.00;273
9146;23;4494550;9146;642;10568;10841;4.09;0.25;365.26;14.32;1422;34;3722.00;273
9149;23;4494563;9149;636;10570;10842;4.10;0.25;365.17;14.41;1421;34;3723.00;272
9154;23;4494578;9154;630;10573;10846;4.08;0.25;365.13;14.41;1419;34;3724.00;273
9155;23;4494593;9155;628;10573;10846;4.07;0.25;365.10;14.41;1418;34;3725.00;273
9158;23;4494607;9158;629;10575;10849;4.09;0.25;365.26;14.40;1417;34;3726.00;274
9160;23;4494621;9160;620;10575;10849;4.10;0.25;365.30;14.40;1415;34;3727.00;274
9165;23;4494636;9165;618;10576;10849;4.11;0.25;365.41;14.40;1411;34;3728.00;273
9166;23;4494650;9166;614;10576;10849;4.12;0.25;365.40;14.40;1410;34;3729.00;273
9172;23;4494664;9172;608;10580;10853;4.15;0.25;365.55;14.40;1408;34;3730.00;273
9177;23;4494679;9177;609;10580;10853;4.15;0.25;365.51;14.40;1403;34;3731.00;273
9179;23;4494693;9179;604;10580;10853;4.14;0.25;365.51;14.40;1401;34;3732.00;273
9186;23;4494707;9186;593;10580;10853;4.13;0.25;365.51;14.40;1394;34;3733.00;273
9190;23;4494721;9190;594;10580;10854;4.15;0.25;365.44;14.40;1390;34;3734.00;274
9194;23;4494735;9194;585;10584;10856;4.14;0.25;365.53;14.53;1390;34;3735.00;272
9196;23;4494752;9196;589;10584;10856;4.10;0.25;365.53;14.53;1388;34;3736.00;272
9198;23;4494767;9198;590;10585;10857;4.11;0.25;365.50;14.53;1387;34;3737.00;272
9200;23;4494780;9200;590;10585;10857;4.09;0.25;365.48;14.53;1385;34;3738.00;272
9204;23;4494795;9204;595;10585;10857;4.06;0.25;365.45;14.53;1381;34;3739.00;272
9206;23;4494810;9206;600;10585;10857;4.08;0.25;365.52;14.53;1379;34;3740.00;272
9206;23;4494825;9206;600;10585;10857;4.09;0.25;365.52;14.53;1379;34;3741.00;272
9206;23;4494838;9206;597;10585;10857;4.11;0.25;365.52;14.53;1379;34;3742.00;272
9209;23;4494853;9209;588;10585;10857;4.16;0.25;365.50;14.53;1376;34;3743.00;272
9210;23;4494867;9210;599;10652;10984;4.47;0.28;365.49;14.44;1442;34;3744.00;332
9210;23;4494893;9210;590;10656;10985;4.53;0.28;365.49;14.44;1446;34;3745.00;329
9212;23;4494908;9212;576;10662;10985;4.61;0.28;365.48;14.43;1450;34;3746.00;323
9214;23;4494923;9214;569;10666;10985;4.58;0.28;365.50;14.43;1452;34;3747.00;319
9217;23;4494938;9217;565;10671;10985;4.60;0.28;365.45;14.42;1454;34;3748.00;314
9219;23;4494954;9219;564;10672;10985;4.60;0.28;365.53;14.42;1453;34;3749.00;313
9219;23;4494970;9219;564;10678;10990;4.63;0.28;365.53;14.41;1459;34;3750.00;312
9220;23;4494991;9220;569;10679;10990;4.65;0.29;365.62;14.41;1459;34;3751.00;311
9222;23;4495007;9222;568;10682;10991;4.69;0.29;365.62;14.41;1460;34;3752.00;309
9226;23;4495022;9226;571;10688;10992;4.69;0.29;365.63;14.41;1462;34;3753.00;304
9226;23;4495048;9226;570;10690;10992;4.65;0.28;365.63;14.41;1464;34;3754.00;302
9227;23;4495067;9227;562;10692;10993;4.61;0.28;365.63;14.41;1465;34;3755.00;301
9229;23;4495082;9229;561;10696;10993;4.61;0.28;365.63;14.40;1467;34;3756.00;297
9229;23;4495098;9229;563;10697;10993;4.63;0.28;365.63;14.40;1468;34;3757.00;296
9232;23;4495118;9232;562;10699;10993;4.65;0.28;365.58;14.40;1467;34;3758.00;294
9233;23;4495133;9233;573;10706;10997;4.65;0.29;365.65;14.47;1473;34;3759.00;291
9236;23;4495150;9236;577;10711;10997;4.62;0.28;365.70;14.54;1475;34;3760.00;286
9239;23;4495165;9239;578;10712;10997;4.57;0.28;365.72;14.54;1473;34;3761.00;285
9239;23;4495180;9239;581;10714;11000;4.57;0.28;365.72;14.54;1475;34;3762.00;286
9241;23;4495196;9241;582;10715;11000;4.55;0.28;365.72;14.61;1474;34;3763.00;285
9242;23;4495211;9242;586;10718;11000;4.56;0.28;365.70;14.68;1476;34;3764.00;282
9242;23;4495225;9242;591;10722;11004;4.56;0.28;365.70;14.67;1480;34;3765.00;282
9244;23;4495240;9244;589;10727;11005;4.56;0.28;365.72;14.88;1483;35;3766.00;278
9246;23;4495264;9246;600;10727;11005;4.57;0.28;365.75;14.88;1481;35;3767.00;278
9248;23;4495278;9248;607;10731;11009;4.56;0.28;365.71;14.87;1483;35;3768.00;278
9251;23;4495294;9251;607;10735;11009;4.50;0.28;365.68;15.14;1484;35;3769.00;274
9254;23;4495310;9254;617;10735;11009;4.50;0.28;365.75;15.14;1481;35;3770.00;274
9255;23;4495325;9255;629;10736;11010;4.51;0.28;365.76;15.14;1481;35;3771.00;274
9259;23;4495340;9259;625;10738;11010;4.49;0.27;365.81;15.27;1479;35;3772.00;272
9266;23;4495355;9266;620;10743;11016;4.45;0.27;365.97;15.26;1477;35;3773.00;273
9269;23;4495370;9269;621;10743;11016;4.40;0.27;366.06;15.26;1474;35;3774.00;273
9269;23;4495385;9269;625;10744;11017;4.38;0.27;366.06;15.33;1475;35;3775.00;273
9270;23;4495400;9270;624;10745;11017;4.36;0.27;366.07;15.40;1475;35;3776.00;272
9271;23;4495414;9271;622;10746;11017;4.32;0.26;366.07;15.47;1475;35;3777.00;271
9273;23;4495428;9273;624;10747;11017;4.31;0.26;366.05;15.53;1474;36;3778.00;270
9275;23;4495450;9275;620;10748;11017;4.32;0.26;366.04;15.60;1473;36;3779.00;269
9277;23;4495466;9277;622;10775;11053;4.32;0.26;366.06;15.63;1498;36;3780.00;278
9279;23;4495484;9279;610;10776;11053;4.29;0.26;366.08;15.63;1497;36;3781.00;277
9281;23;4495499;9281;597;10780;11053;4.33;0.27;366.17;15.76;1499;36;3782.00;273
9282;23;4495513;9282;604;10781;11053;4.32;0.26;366.17;15.83;1499;36;3783.00;272
9286;23;4495527;9286;601;10782;11053;4.30;0.26;366.18;15.83;1496;36;3784.00;271
9286;23;4495542;9286;599;10783;11053;4.25;0.26;366.18;15.89;1497;36;3785.00;270
9289;23;4495557;9289;607;10787;11057;4.21;0.26;366.26;15.89;1498;36;3786.00;270
9292;23;4495573;9292;612;10790;11057;4.19;0.26;366.32;16.08;1498;36;3787.00;267
9293;23;4495588;9293;611;10794;11061;4.17;0.25;366.36;16.08;1501;36;3788.00;267
9296;23;4495603;9296;610;10795;11062;4.15;0.25;366.42;16.08;1499;36;3789.00;267
9299;23;4495618;9299;617;10796;11062;4.14;0.25;366.52;16.14;1497;36;3790.00;266
9302;23;4495632;9302;607;10796;11062;4.12;0.25;366.45;16.14;1494;36;3791.00;266
9307;23;4495647;9307;607;10808;11075;4.06;0.25;366.54;16.19;1501;36;3792.00;267
9308;23;4495663;9308;609;10809;11075;4.08;0.25;366.52;16.25;1501;36;3793.00;266
9311;23;4495677;9311;610;10809;11075;4.06;0.25;366.60;16.25;1498;36;3794.00;266
9314;23;4495692;9314;609;10812;11076;4.06;0.25;366.63;16.38;1498;36;3795.00;264
9316;23;4495709;9316;603;10812;11077;4.03;0.25;366.64;16.38;1496;36;3796.00;265
9316;23;4495724;9316;604;10813;11077;4.06;0.25;366.64;16.44;1497;36;3797.00;264
9322;23;4495738;9322;597;10817;11080;4.04;0.25;366.61;16.50;1495;36;3798.00;263
9324;23;4495754;9324;594;10817;11080;4.05;0.25;366.60;16.50;1493;36;3799.00;263
9326;23;4495770;9326;597;10819;11080;4.01;0.25;366.70;16.62;1493;36;3800.00;261
9329;23;4495788;9329;596;10819;11080;4.01;0.25;366.91;16.62;1490;36;3801.00;261
9332;23;4495804;9332;594;10824;11086;4.03;0.25;367.01;16.61;1492;36;3802.00;262
9337;23;4495821;9337;595;10824;11086;4.03;0.25;367.08;16.61;1487;36;3803.00;262
9341;23;4495836;9341;599;10824;11086;4.04;0.25;367.05;16.61;1483;36;3804.00;262
9345;23;4495851;9345;597;10824;11086;4.09;0.25;367.15;16.61;1479;36;3805.00;262
9350;23;4495866;9350;594;10827;11090;4.09;0.25;367.22;16.61;1477;36;3806.00;263
9354;23;4495882;9354;592;10828;11091;4.11;0.25;367.31;16.60;1474;36;3807.00;263
9358;23;4495897;9358;583;10828;11091;4.14;0.25;367.45;16.60;1470;36;3808.00;263
9362;23;4495913;9362;586;10829;11092;4.16;0.25;367.50;16.60;1467;36;3809.00;263
9367;23;4495930;9367;585;10830;11092;4.15;0.25;367.60;16.70;1463;36;3810.00;262
9369;23;4495947;9369;589;10830;11092;4.17;0.25;367.61;16.70;1461;36;3811.00;262
9372;23;4495962;9372;592;10830;11092;4.17;0.25;367.71;16.70;1458;36;3812.00;262
9376;23;4495981;9376;587;10830;11092;4.15;0.25;367.72;16.70;1454;36;3813.00;262
9377;23;4495996;9377;586;10830;11092;4.21;0.26;367.73;16.70;1453;36;3814.00;262
9380;23;4496011;9380;590;10830;11092;4.23;0.26;367.83;16.70;1450;36;3815.00;262
9384;23;4496026;9384;588;10864;11162;4.31;0.26;367.96;16.65;1480;36;3816.00;298
9387;23;4496046;9387;582;10866;11163;4.35;0.27;367.94;16.65;1479;36;3817.00;297
9391;23;4496061;9391;581;10871;11163;4.37;0.27;368.10;16.64;1480;36;3818.00;292
9396;23;4496076;9396;588;10874;11163;4.33;0.27;368.10;16.64;1478;36;3819.00;289
9398;23;4496092;9398;579;10875;11163;4.34;0.27;368.10;16.64;1477;36;3820.00;288
9402;23;4496107;9402;582;10876;11163;4.33;0.27;368.13;16.64;1474;36;3821.00;287
9407;23;4496128;9407;580;10878;11163;4.32;0.27;368.23;16.63;1471;36;3822.00;285
9412;23;4496143;9412;580;10880;11163;4.32;0.27;368.37;16.63;1468;36;3823.00;283
9416;23;4496158;9416;577;10882;11164;4.29;0.26;368.70;16.63;1466;36;3824.00;282
9421;23;4496174;9421;573;10884;11166;4.25;0.26;368.69;16.63;1463;36;3825.00;282
9424;23;4496190;9424;569;10886;11166;4.24;0.26;368.83;16.63;1462;36;3826.00;280
9430;23;4496205;9430;571;10888;11170;4.20;0.26;368.95;16.62;1458;36;3827.00;282
9433;23;4496221;9433;569;10889;11170;4.12;0.25;368.96;16.62;1456;36;3828.00;281
9438;23;4496235;9438;568;10890;11170;4.09;0.25;369.15;16.62;1452;36;3829.00;280
9442;23;4496250;9442;580;10890;11170;4.07;0.25;369.16;16.62;1448;36;3830.00;280
9446;23;4496264;9446;589;10895;11176;4.08;0.25;369.24;16.62;1449;36;3831.00;281
9450;23;4496280;9450;589;10897;11176;4.10;0.25;369.31;16.62;1447;36;3832.00;279
9456;23;4496295;9456;586;10898;11176;4.09;0.25;369.36;16.62;1442;36;3833.00;278
9457;23;4496310;9457;590;10901;11179;4.12;0.25;369.41;16.62;1444;36;3834.00;278
9461;23;4496326;9461;598;10902;11179;4.12;0.25;369.44;16.62;1441;36;3835.00;277
9464;23;4496340;9464;604;10902;11179;4.09;0.25;369.45;16.62;1438;36;3836.00;277
9470;23;4496354;9470;614;10903;11180;4.02;0.25;369.70;16.62;1433;36;3837.00;277
9475;23;4496368;9475;620;10904;11181;4.00;0.24;369.70;16.61;1429;36;3838.00;277
9478;23;4496383;9478;623;10906;11181;3.95;0.24;369.75;16.62;1428;36;3839.00;275
9483;23;4496399;9483;637;10922;11207;3.95;0.24;369.80;16.59;1439;36;3840.00;285
9484;23;4496415;9484;639;10926;11207;3.92;0.24;369.77;16.59;1442;36;3841.00;281
9488;23;4496429;9488;632;10927;11207;3.91;0.24;369.78;16.59;1439;36;3842.00;280
9491;23;4496443;9491;629;10928;11208;3.92;0.24;369.82;16.59;1437;36;3843.00;280
9492;23;4496458;9492;635;10929;11208;3.97;0.24;369.80;16.58;1437;36;3844.00;279
9495;23;4496472;9495;643;10932;11212;4.02;0.25;369.77;16.58;1437;36;3845.00;280
9497;23;4496487;9497;642;10935;11214;4.04;0.25;369.92;16.58;1438;36;3846.00;279
9500;23;4496501;9500;645;10939;11218;4.08;0.25;369.92;16.57;1439;36;3847.00;279
9507;23;4496516;9507;645;10939;11218;4.05;0.25;370.06;16.57;1432;36;3848.00;279
9512;23;4496531;9512;652;10940;11218;4.03;0.25;370.20;16.57;1428;36;3849.00;278
9514;23;4496546;9514;657;10941;11218;4.02;0.25;370.32;16.57;1427;36;3850.00;277
9519;23;4496560;9519;656;10941;11218;3.96;0.24;370.32;16.57;1422;36;3851.00;277
9521;23;4496575;9521;656;10951;11230;3.93;0.24;370.54;16.56;1430;36;3852.00;279
9523;23;4496591;9523;657;10952;11230;3.92;0.24;370.51;16.56;1429;36;3853.00;278
9525;23;4496606;9525;661;10952;11230;3.94;0.24;370.51;16.56;1427;36;3854.00;278
9528;23;4496621;9528;662;10953;11230;3.93;0.24;370.64;16.56;1425;36;3855.00;277
9530;23;4496636;9530;653;10953;11230;3.96;0.24;370.59;16.56;1423;36;3856.00;277
9534;23;4496651;9534;662;10954;11230;3.97;0.24;370.66;16.55;1420;36;3857.00;276
9536;23;4496667;9536;669;10954;11231;4.02;0.25;370.71;16.55;1418;36;3858.00;277
9537;23;4496682;9537;663;10954;11231;4.04;0.25;370.69;16.55;1417;36;3859.00;277
9540;23;4496696;9540;663;10959;11237;4.06;0.25;370.70;16.55;1419;36;3860.00;278
9541;23;4496711;9541;668;10960;11238;4.07;0.25;370.74;16.55;1419;36;3861.00;278
9543;23;4496726;9543;663;10960;11238;4.06;0.25;370.76;16.55;1417;36;3862.00;278
9543;23;4496747;9543;653;10960;11238;4.06;0.25;370.76;16.55;1417;36;3863.00;278
9545;23;4496761;9545;646;10963;11242;4.14;0.25;370.95;16.54;1418;36;3864.00;279
9545;23;4496777;9545;643;10963;11242;4.19;0.26;370.95;16.54;1418;36;3865.00;279
9547;23;4496791;9547;645;10963;11242;4.21;0.26;370.91;16.54;1416;36;3866.00;279
9550;23;4496806;9550;645;10964;11243;4.20;0.26;370.83;16.54;1414;36;3867.00;279
9551;23;4496820;9551;640;10967;11247;4.19;0.26;370.87;16.54;1416;36;3868.00;280
9551;23;4496835;9551;646;10967;11247;4.19;0.26;370.87;16.54;1416;36;3869.00;280
9552;23;4496851;9552;647;10971;11253;4.23;0.26;370.92;16.53;1419;36;3870.00;282
9554;23;4496866;9554;650;10971;11253;4.19;0.26;370.93;16.53;1417;36;3871.00;282
9557;23;4496880;9557;662;10973;11253;4.16;0.25;370.90;16.53;1416;36;3872.00;280
9559;23;4496895;9559;658;10974;11253;4.13;0.25;370.95;16.63;1415;36;3873.00;279
9566;23;4496910;9566;655;10978;11257;4.10;0.25;370.90;16.62;1412;36;3874.00;279
9570;23;4496925;9570;657;10978;11257;4.04;0.25;370.90;16.62;1408;36;3875.00;279
9573;23;4496939;9573;662;10978;11257;4.02;0.25;371.08;16.62;1405;36;3876.00;279
9577;23;4496953;9577;666;10978;11257;3.97;0.24;371.06;16.62;1401;36;3877.00;279
9577;23;4496967;9577;670;10978;11258;3.95;0.24;371.06;16.62;1401;36;3878.00;280
9580;23;4496981;9580;672;10979;11259;3.91;0.24;371.13;16.62;1399;36;3879.00;280
9581;23;4496994;9581;672;10979;11259;3.86;0.24;371.10;16.62;1398;36;3880.00;280
9583;23;4497008;9583;675;10980;11260;3.81;0.23;371.11;16.62;1397;36;3881.00;280
9583;23;4497021;9583;679;10980;11260;3.80;0.23;371.11;16.62;1397;36;3882.00;280
9584;23;4497034;9584;678;10980;11260;3.76;0.23;371.15;16.62;1396;36;3883.00;280
9585;23;4497048;9585;691;10980;11260;3.74;0.23;371.16;16.62;1395;36;3884.00;280
9586;23;4497061;9586;683;10980;11260;3.74;0.23;371.15;16.62;1394;36;3885.00;280
9588;23;4497075;9588;680;10980;11260;3.71;0.23;371.10;16.62;1392;36;3886.00;280
9588;23;4497088;9588;672;10980;11260;3.70;0.23;371.10;16.62;1392;36;3887.00;280
9591;23;4497101;9591;699;11054;11387;3.89;0.24;371.09;16.61;1463;36;3888.00;333
9593;23;4497124;9593;657;11054;11388;3.89;0.24;371.05;16.61;1461;36;3889.00;334
9593;23;4497139;9593;627;11062;11388;4.02;0.25;371.05;16.60;1469;36;3890.00;326
9596;23;4497153;9596;611;11065;11388;4.06;0.25;371.07;16.60;1469;36;3891.00;323
9599;23;4497168;9599;590;11070;11388;4.16;0.26;371.09;16.59;1471;36;3892.00;318
9601;23;4497183;9601;589;11072;11388;4.27;0.26;371.08;16.59;1471;36;3893.00;316
9606;23;4497199;9606;586;11074;11388;4.33;0.27;371.05;16.59;1468;36;3894.00;314
9609;23;4497213;9609;577;11076;11388;4.35;0.27;371.13;16.59;1467;36;3895.00;312
9610;23;4497229;9610;566;11079;11389;4.40;0.27;371.15;16.59;1469;36;3896.00;310
9614;23;4497243;9614;568;11083;11390;4.39;0.27;371.16;16.58;1469;36;3897.00;307
9616;23;4497264;9616;561;11085;11390;4.39;0.27;371.13;16.58;1469;36;3898.00;305
9618;23;4497279;9618;564;11087;11391;4.42;0.27;371.20;16.58;1469;36;3899.00;304
9620;23;4497301;9620;571;11095;11406;4.42;0.27;371.15;16.64;1475;36;3900.00;311
9621;23;4497326;9621;560;11097;11406;4.46;0.27;371.14;16.64;1476;36;3901.00;309
9625;23;4497342;9625;559;11098;11406;4.50;0.28;371.09;16.64;1473;36;3902.00;308
9626;23;4497358;9626;563;11102;11410;4.55;0.28;371.08;16.64;1476;36;3903.00;308
9626;23;4497374;9626;569;11104;11410;4.62;0.28;371.08;16.64;1478;36;3904.00;306
9629;23;4497390;9629;566;11106;11410;4.65;0.28;371.05;16.64;1477;36;3905.00;304
9629;23;4497406;9629;570;11110;11413;4.70;0.29;371.05;16.63;1481;36;3906.00;303
9631;23;4497423;9631;569;11111;11413;4.76;0.29;371.09;16.70;1480;36;3907.00;302
9632;23;4497439;9632;569;11112;11413;4.80;0.29;371.08;16.70;1480;36;3908.00;301
9632;23;4497455;9632;564;11116;11417;4.81;0.29;371.08;16.70;1484;36;3909.00;301
9633;23;4497471;9633;564;11119;11418;4.87;0.30;371.05;16.69;1486;36;3910.00;299
9635;23;4497486;9635;561;11121;11418;4.89;0.30;371.19;16.69;1486;36;3911.00;297
9636;23;4497502;9636;565;11124;11422;4.90;0.30;371.29;16.69;1488;36;3912.00;298
9638;23;4497518;9638;557;11125;11422;4.88;0.30;371.29;16.69;1487;36;3913.00;297
9640;23;4497539;9640;557;11125;11422;4.88;0.30;371.40;16.69;1485;36;3914.00;297
9642;23;4497555;9642;565;11127;11424;4.88;0.30;371.49;16.68;1485;36;3915.00;297
9643;23;4497572;9643;564;11127;11424;4.83;0.30;371.52;16.68;1484;36;3916.00;297
9646;23;4497587;9646;568;11132;11430;4.79;0.29;371.61;16.68;1486;36;3917.00;298
9648;23;4497603;9648;565;11133;11430;4.76;0.29;371.57;16.68;1485;36;3918.00;297
9650;23;4497619;9650;565;11133;11431;4.72;0.29;371.63;16.68;1483;36;3919.00;298
9656;23;4497634;9656;567;11133;11431;4.66;0.28;371.66;16.68;1477;36;3920.00;298
9656;23;4497651;9656;573;11134;11431;4.67;0.29;371.66;16.75;1478;36;3921.00;297
9659;23;4497666;9659;584;11135;11431;4.64;0.28;371.68;16.75;1476;36;3922.00;296
9662;23;4497680;9662;584;11135;11431;4.63;0.28;371.74;16.75;1473;36;3923.00;296
9665;23;4497696;9665;593;11146;11443;4.67;0.28;371.75;16.87;1481;36;3924.00;297
9666;23;4497712;9666;597;11146;11443;4.66;0.28;371.78;16.87;1480;36;3925.00;297
9667;23;4497738;9667;603;11150;11443;4.68;0.28;371.81;16.87;1483;36;3926.00;293
9668;23;4497753;9668;601;11151;11443;4.65;0.28;371.79;16.94;1483;36;3927.00;292
9672;23;4497773;9672;606;11152;11443;4.61;0.28;371.88;17.00;1480;36;3928.00;291
9673;23;4497788;9673;607;11152;11443;4.59;0.28;371.92;17.00;1479;36;3929.00;291
9674;23;4497805;9674;613;11157;11447;4.50;0.27;371.89;17.13;1483;36;3930.00;290
9677;23;4497826;9677;615;11157;11447;4.44;0.27;371.97;17.13;1480;36;3931.00;290
9678;23;4497847;9678;622;11162;11451;4.42;0.27;372.00;17.18;1484;36;3932.00;289
9679;23;4497863;9679;621;11165;11452;4.43;0.27;372.11;17.32;1486;36;3933.00;287
9682;23;4497877;9682;622;11166;11452;4.40;0.27;372.19;17.39;1484;36;3934.00;286
9687;23;4497894;9687;620;11167;11452;4.39;0.27;372.31;17.46;1480;36;3935.00;285
9690;23;4497910;9690;628;11178;11465;4.40;0.27;372.36;17.44;1488;36;3936.00;287
9692;23;4497926;9692;625;11180;11465;4.39;0.27;372.43;17.57;1488;36;3937.00;285
9693;23;4497940;9693;628;11181;11465;4.41;0.27;372.44;17.57;1488;36;3938.00;284
9696;23;4497956;9696;625;11183;11466;4.44;0.27;372.41;17.64;1487;36;3939.00;283
9699;23;4497971;9699;634;11185;11467;4.43;0.27;372.36;17.70;1486;36;3940.00;282
9704;23;4497988;9704;635;11186;11467;4.41;0.27;372.44;17.76;1482;36;3941.00;281
9707;23;4498003;9707;638;11191;11470;4.39;0.27;372.46;17.88;1484;36;3942.00;279
9709;23;4498018;9709;634;11191;11470;4.42;0.27;372.42;17.88;1482;36;3943.00;279
9713;23;4498033;9713;640;11193;11470;4.40;0.27;372.52;18.01;1480;36;3944.00;277
9715;23;4498048;9715;640;11193;11470;4.43;0.27;372.53;18.01;1478;36;3945.00;277
9720;23;4498064;9720;634;11198;11476;4.45;0.27;372.64;18.00;1478;36;3946.00;278
9722;23;4498085;9722;634;11200;11476;4.49;0.27;372.62;18.13;1478;36;3947.00;276
9724;23;4498101;9724;628;11200;11476;4.46;0.27;372.71;18.13;1476;36;3948.00;276
9727;23;4498116;9727;626;11200;11476;4.47;0.27;372.69;18.13;1473;36;3949.00;276
9730;23;4498131;9730;627;11203;11480;4.44;0.27;372.69;18.13;1473;36;3950.00;277
9732;23;4498145;9732;630;11208;11481;4.42;0.27;372.69;18.40;1476;36;3951.00;273
9734;23;4498160;9734;638;11208;11481;4.41;0.27;372.69;18.40;1474;36;3952.00;273
9736;23;4498174;9736;640;11211;11482;4.37;0.27;372.67;18.53;1475;36;3953.00;271
9738;23;4498189;9738;644;11211;11482;4.32;0.26;372.68;18.53;1473;36;3954.00;271
9740;23;4498209;9740;643;11211;11482;4.32;0.26;372.79;18.53;1471;36;3955.00;271
9742;23;4498223;9742;653;11213;11482;4.27;0.26;372.85;18.65;1471;36;3956.00;269
9746;23;4498238;9746;653;11213;11482;4.20;0.26;372.97;18.65;1467;36;3957.00;269
9749;23;4498252;9749;663;11213;11482;4.17;0.25;373.10;18.65;1464;36;3958.00;269
9752;23;4498265;9752;666;11215;11482;4.09;0.25;373.26;18.78;1463;36;3959.00;267
9755;23;4498281;9755;669;11271;11607;4.22;0.26;373.29;18.69;1516;36;3960.00;336
9758;23;4498307;9758;655;11276;11608;4.22;0.26;373.37;18.68;1518;36;3961.00;332
9760;23;4498322;9760;655;11287;11608;4.22;0.26;373.46;18.73;1527;36;3962.00;321
9764;23;4498337;9764;661;11292;11608;4.21;0.26;373.41;18.79;1528;36;3963.00;316
9769;23;4498352;9769;658;11298;11608;4.19;0.26;373.40;18.84;1529;36;3964.00;310
9772;23;4498368;9772;663;11302;11608;4.19;0.26;373.37;18.90;1530;36;3965.00;306
9776;23;4498383;9776;662;11306;11608;4.16;0.26;373.40;18.89;1530;36;3966.00;302
9778;23;4498398;9778;662;11309;11608;4.17;0.26;373.39;18.89;1531;36;3967.00;299
9786;23;4498413;9786;667;11310;11609;4.14;0.25;373.56;18.89;1524;36;3968.00;299
9789;23;4498430;9789;666;11313;11610;4.12;0.25;373.72;18.88;1524;36;3969.00;297
9794;23;4498445;9794;665;11314;11610;4.08;0.25;373.89;18.88;1520;36;3970.00;296
9798;23;4498461;9798;661;11317;11614;4.05;0.25;373.95;18.88;1519;36;3971.00;297
9802;23;4498476;9802;673;11318;11614;4.02;0.25;374.03;18.88;1516;36;3972.00;296
9806;23;4498491;9806;668;11320;11614;4.01;0.25;374.05;18.88;1514;36;3973.00;294
9812;23;4498506;9812;679;11322;11614;3.95;0.24;374.21;18.88;1510;36;3974.00;292
9813;23;4498527;9813;684;11326;11620;3.94;0.24;374.26;18.87;1513;36;3975.00;294
9818;23;4498543;9818;682;11327;11620;3.90;0.24;374.42;18.87;1509;36;3976.00;293
9822;23;4498559;9822;679;11327;11620;3.83;0.23;374.66;18.87;1505;36;3977.00;293
9825;23;4498574;9825;681;11328;11623;3.79;0.23;374.80;18.87;1503;36;3978.00;295
9829;23;4498588;9829;679;11328;11623;3.77;0.23;374.83;18.87;1499;36;3979.00;295
9832;23;4498604;9832;676;11328;11623;3.78;0.23;375.00;18.87;1496;36;3980.00;295
9835;23;4498618;9835;675;11328;11624;3.76;0.23;375.21;18.87;1493;36;3981.00;296
9837;23;4498633;9837;672;11330;11625;3.77;0.23;375.22;18.87;1493;36;3982.00;295
9841;23;4498648;9841;677;11331;11625;3.73;0.23;375.30;18.97;1490;36;3983.00;294
9846;23;4498665;9846;679;11339;11638;3.66;0.22;375.54;18.96;1493;36;3984.00;299
9849;23;4498680;9849;685;11339;11638;3.60;0.22;375.63;18.96;1490;36;3985.00;299
9853;23;4498695;9853;679;11340;11638;3.55;0.22;375.73;18.96;1487;36;3986.00;298
9856;23;4498710;9856;673;11340;11639;3.52;0.21;375.74;18.96;1484;36;3987.00;299
9860;23;4498726;9860;680;11341;11639;3.51;0.21;375.92;18.96;1481;36;3988.00;298
9864;23;4498740;9864;688;11344;11643;3.49;0.21;375.97;18.95;1480;36;3989.00;299
9869;23;4498757;9869;696;11344;11643;3.45;0.21;376.00;18.95;1475;36;3990.00;299
9871;23;4498772;9871;693;11349;11647;3.47;0.21;376.03;18.95;1478;36;3991.00;298
9875;23;4498787;9875;699;11349;11647;3.47;0.21;375.99;18.95;1474;36;3992.00;298
9878;23;4498802;9878;693;11349;11647;3.48;0.21;376.08;18.95;1471;36;3993.00;298
9883;23;4498816;9883;709;11350;11647;3.43;0.21;376.20;18.95;1467;36;3994.00;297
9884;23;4498831;9884;707;11350;11647;3.47;0.21;376.20;18.95;1466;36;3995.00;297
9887;23;4498845;9887;701;11357;11659;3.49;0.21;376.29;18.94;1470;36;3996.00;302
9888;23;4498861;9888;702;11358;11659;3.50;0.22;376.42;18.94;1470;36;3997.00;301
9892;23;4498876;9892;701;11359;11659;3.47;0.21;376.55;18.94;1467;36;3998.00;300
9895;23;4498890;9895;702;11359;11659;3.45;0.21;376.54;18.94;1464;36;3999.00;300
9896;23;4498906;9896;706;11362;11659;3.45;0.21;376.54;18.94;1466;36;4000.00;297
9900;23;4498923;9900;712;11362;11659;3.36;0.21;376.56;18.94;1462;36;4001.00;297
9905;23;4498937;9905;715;11363;11660;3.32;0.20;376.51;18.93;1458;36;4002.00;297
9906;23;4498952;9906;717;11363;11660;3.30;0.20;376.58;18.93;1457;36;4003.00;297
9908;23;4498967;9908;728;11368;11666;3.26;0.20;376.62;18.93;1460;36;4004.00;298
9910;23;4498981;9910;740;11371;11668;3.22;0.20;376.69;18.92;1461;36;4005.00;297
9914;23;4498996;9914;740;11371;11668;3.12;0.19;376.63;18.92;1457;36;4006.00;297
9914;23;4499009;9914;740;11371;11668;3.11;0.19;376.63;18.92;1457;36;4007.00;297
9915;23;4499024;9915;726;11374;11672;3.17;0.19;376.60;18.92;1459;36;4008.00;298
9919;23;4499038;9919;725;11375;11672;3.13;0.19;376.57;18.92;1456;36;4009.00;297
9922;23;4499053;9922;731;11375;11672;3.12;0.19;376.49;18.92;1453;36;4010.00;297
9923;23;4499069;9923;733;11376;11673;3.17;0.19;376.53;18.92;1453;36;4011.00;297
9924;23;4499084;9924;730;11379;11677;3.21;0.20;376.50;18.91;1455;36;4012.00;298
9924;23;4499098;9924;726;11380;11677;3.24;0.20;376.50;18.92;1456;36;4013.00;297
9926;23;4499113;9926;724;11382;11680;3.27;0.20;376.52;18.91;1456;36;4014.00;298
9926;23;4499127;9926;731;11383;11680;3.24;0.20;376.52;18.91;1457;36;4015.00;297
9928;23;4499146;9928;719;11383;11680;3.21;0.20;376.59;18.91;1455;36;4016.00;297
9930;23;4499161;9930;715;11384;11680;3.24;0.20;376.61;18.91;1454;36;4017.00;296
9933;23;4499175;9933;708;11387;11684;3.29;0.20;376.55;18.91;1454;36;4018.00;297
9935;23;4499189;9935;690;11389;11684;3.34;0.20;376.49;18.91;1454;36;4019.00;295
9937;23;4499207;9937;676;11389;11684;3.40;0.21;376.43;18.91;1452;36;4020.00;295
9940;23;4499221;9940;676;11390;11684;3.45;0.21;376.46;18.91;1450;36;4021.00;294
9944;23;4499236;9944;678;11390;11685;3.48;0.21;376.45;18.91;1446;36;4022.00;295
9947;23;4499256;9947;671;11391;11686;3.49;0.21;376.38;18.90;1444;36;4023.00;295
9948;23;4499271;9948;667;11391;11686;3.56;0.22;376.35;18.90;1443;36;4024.00;295
9950;23;4499286;9950;672;11392;11687;3.60;0.22;376.34;18.90;1442;36;4025.00;295
9951;23;4499302;9951;674;11392;11687;3.64;0.22;376.34;18.90;1441;36;4026.00;295
9955;23;4499316;9955;670;11392;11687;3.66;0.22;376.38;18.90;1437;36;4027.00;295
9958;23;4499332;9958;672;11392;11687;3.68;0.22;376.40;18.90;1434;36;4028.00;295
9958;23;4499347;9958;675;11392;11687;3.72;0.23;376.40;18.90;1434;36;4029.00;295
9959;23;4499362;9959;673;11392;11687;3.77;0.23;376.38;18.90;1433;36;4030.00;295
9960;23;4499377;9960;672;11392;11687;3.82;0.23;376.37;18.90;1432;36;4031.00;295
9962;23;4499392;9962;690;11460;11814;4.04;0.25;376.37;18.79;1498;36;4032.00;354
9964;23;4499415;9964;679;11460;11815;4.05;0.25;376.34;18.79;1496;36;4033.00;355
9964;23;4499431;9964;672;11467;11815;4.12;0.25;376.34;18.78;1503;36;4034.00;348
9965;23;4499446;9965;672;11468;11815;4.13;0.25;376.37;18.78;1503;36;4035.00;347
9966;23;4499462;9966;656;11474;11815;4.16;0.26;376.39;18.77;1508;37;4036.00;341
9967;23;4499486;9967;653;11478;11815;4.17;0.26;376.43;18.77;1511;37;4037.00;337
9967;23;4499501;9967;649;11482;11815;4.17;0.26;376.43;18.76;1515;37;4038.00;333
9968;23;4499516;9968;646;11484;11815;4.13;0.25;376.53;18.76;1516;37;4039.00;331
9970;23;4499532;9970;643;11486;11816;4.09;0.25;376.52;18.76;1516;37;4040.00;330
9971;23;4499547;9971;651;11491;11817;4.10;0.25;376.53;18.75;1520;37;4041.00;326
9973;23;4499563;9973;635;11493;11817;4.09;0.25;376.58;18.75;1520;37;4042.00;324
9974;23;4499584;9974;641;11496;11818;4.10;0.25;376.56;18.75;1522;37;4043.00;322
9975;23;4499601;9975;643;11497;11818;4.14;0.25;376.62;18.75;1522;37;4044.00;321
9977;23;4499618;9977;647;11500;11818;4.14;0.25;376.65;18.75;1523;37;4045.00;318
9978;23;4499634;9978;639;11502;11818;4.14;0.25;376.66;18.75;1524;37;4046.00;316
9979;23;4499650;9979;640;11506;11822;4.20;0.26;376.65;18.74;1527;37;4047.00;316
9979;23;4499668;9979;641;11507;11822;4.23;0.26;376.65;18.74;1528;37;4048.00;315
9979;23;4499686;9979;641;11509;11822;4.27;0.26;376.65;18.74;1530;37;4049.00;313
9981;24;4499704;9981;634;11514;11828;4.31;0.26;376.71;18.73;1533;38;4050.00;314
9983;24;4499734;9983;632;11514;11828;4.34;0.27;376.71;18.73;1531;38;4051.00;314
9983;24;4499755;9983;618;11516;11828;4.41;0.27;376.71;18.73;1533;38;4052.00;312
9984;24;4499773;9984;619;11519;11832;4.43;0.27;376.72;18.73;1535;38;4053.00;313
9986;24;4499795;9986;613;11521;11833;4.50;0.28;376.72;18.73;1535;38;4054.00;312
9987;24;4499813;9987;610;11522;11833;4.55;0.28;376.71;18.73;1535;38;4055.00;311
9990;24;4499830;9990;600;11525;11837;4.58;0.28;376.69;18.72;1535;38;4056.00;312
9990;24;4499851;9990;599;11525;11837;4.62;0.28;376.69;18.72;1535;38;4057.00;312
9990;24;4499869;9990;585;11526;11837;4.70;0.29;376.69;18.72;1536;38;4058.00;311
9996;24;4499885;9996;576;11527;11838;4.67;0.28;376.91;18.72;1531;38;4059.00;311
9998;24;4499902;9998;575;11527;11838;4.68;0.29;376.87;18.72;1529;38;4060.00;311
10002;24;4499919;10002;566;11531;11844;4.69;0.29;376.89;18.71;1529;38;4061.00;313
10003;24;4499936;10003;562;11531;11844;4.67;0.28;376.96;18.71;1528;38;4062.00;313
10003;24;4499952;10003;569;11531;11845;4.66;0.28;376.96;18.71;1528;38;4063.00;314
10007;24;4499967;10007;566;11531;11845;4.65;0.28;377.11;18.71;1524;38;4064.00;314
10010;24;4499984;10010;575;11532;11845;4.62;0.28;377.18;18.78;1522;38;4065.00;313
10016;24;4500003;10016;575;11532;11845;4.57;0.28;377.18;18.78;1516;38;4066.00;313
10019;24;4500021;10019;570;11532;11845;4.56;0.28;377.20;18.78;1513;38;4067.00;313
10022;24;4500037;10022;574;11543;11857;4.59;0.28;377.23;18.84;1521;38;4068.00;314
10025;24;4500054;10025;564;11543;11857;4.60;0.28;377.30;18.84;1518;38;4069.00;314
10029;24;4500070;10029;560;11544;11857;4.58;0.28;377.41;18.83;1515;38;4070.00;313
10032;24;4500086;10032;561;11544;11857;4.55;0.28;377.48;18.83;1512;38;4071.00;313
10034;24;4500103;10034;563;11544;11857;4.53;0.27;377.65;18.83;1510;38;4072.00;313
10036;24;4500119;10036;568;11544;11857;4.48;0.27;377.69;18.83;1508;38;4073.00;313
10040;24;4500134;10040;573;11547;11861;4.42;0.27;377.73;18.83;1507;38;4074.00;314
10042;25;4500150;10042;581;11548;11861;4.40;0.27;377.79;18.83;1506;39;4075.00;313
10043;25;4500173;10043;569;11552;11865;4.43;0.27;377.79;18.83;1509;39;4076.00;313
10046;25;4500193;10046;582;11554;11866;4.41;0.27;377.76;18.83;1508;39;4077.00;312
10047;25;4500210;10047;585;11554;11866;4.41;0.27;377.76;18.83;1507;39;4078.00;312
10051;25;4500226;10051;588;11554;11866;4.39;0.27;377.87;18.83;1503;39;4079.00;312
10053;25;4500244;10053;597;11577;11895;4.37;0.27;377.88;18.79;1524;39;4080.00;318
10056;25;4500262;10056;596;11579;11895;4.38;0.27;378.03;18.79;1523;39;4081.00;316
10059;25;4500282;10059;602;11581;11895;4.39;0.27;378.16;18.79;1522;39;4082.00;314
10060;25;4500298;10060;610;11582;11896;4.40;0.27;378.27;18.79;1522;39;4083.00;314
10063;25;4500314;10063;622;11582;11897;4.41;0.27;378.32;18.79;1519;39;4084.00;315
10065;25;4500331;10065;630;11582;11897;4.45;0.27;378.42;18.79;1517;39;4085.00;315
10067;25;4500346;10067;626;11584;11900;4.49;0.27;378.40;18.78;1517;39;4086.00;316
10070;25;4500362;10070;637;11584;11900;4.50;0.27;378.41;18.78;1514;39;4087.00;316
10072;25;4500378;10072;652;11585;11900;4.50;0.27;378.44;18.78;1513;39;4088.00;315
10075;25;4500394;10075;655;11585;11900;4.50;0.27;378.43;18.78;1510;39;4089.00;315
10078;25;4500410;10078;656;11590;11906;4.51;0.28;378.56;18.77;1512;39;4090.00;316
10081;25;4500427;10081;656;11590;11906;4.51;0.28;378.58;18.77;1509;39;4091.00;316
10083;25;4500442;10083;661;11590;11906;4.51;0.28;378.68;18.77;1507;39;4092.00;316
10085;25;4500458;10085;665;11590;11906;4.49;0.27;378.70;18.77;1505;39;4093.00;316
10085;25;4500474;10085;667;11594;11910;4.47;0.27;378.70;18.84;1509;39;4094.00;316
10088;25;4500495;10088;672;11596;11912;4.46;0.27;378.85;18.84;1508;39;4095.00;316
10088;25;4500510;10088;675;11596;11912;4.45;0.27;378.85;18.84;1508;39;4096.00;316
10089;25;4500528;10089;675;11597;11913;4.40;0.27;378.88;18.84;1508;39;4097.00;316
10094;25;4500543;10094;681;11597;11913;4.38;0.27;378.83;18.84;1503;39;4098.00;316
10095;25;4500558;10095;681;11598;11913;4.37;0.27;378.87;18.91;1503;39;4099.00;315
10098;25;4500573;10098;676;11598;11913;4.33;0.26;378.90;18.91;1500;39;4100.00;315
10101;25;4500591;10101;678;11598;11913;4.31;0.26;378.91;18.91;1497;39;4101.00;315
10103;25;4500606;10103;684;11598;11913;4.26;0.26;378.93;18.91;1495;39;4102.00;315
10103;25;4500622;10103;687;11598;11913;4.27;0.26;378.93;18.91;1495;39;4103.00;315
10103;25;4500636;10103;697;11633;11983;4.38;0.27;378.93;18.85;1530;39;4104.00;350
10108;25;4500658;10108;694;11635;11984;4.32;0.26;379.09;18.85;1527;39;4105.00;349
10109;25;4500673;10109;691;11641;11984;4.31;0.26;379.10;18.84;1532;39;4106.00;343
10111;25;4500688;10111;690;11644;11984;4.27;0.26;379.23;18.83;1533;39;4107.00;340
10114;25;4500704;10114;694;11647;11984;4.21;0.26;379.25;18.83;1533;39;4108.00;337
10115;25;4500719;10115;688;11650;11984;4.14;0.25;379.23;18.83;1535;39;4109.00;334
10117;25;4500736;10117;681;11653;11984;4.12;0.25;379.22;18.82;1536;40;4110.00;331
10118;25;4500760;10118;674;11655;11984;4.09;0.25;379.28;18.82;1537;40;4111.00;329
10121;25;4500776;10121;665;11657;11985;4.12;0.25;379.19;18.82;1536;40;4112.00;328
10123;25;4500791;10123;665;11660;11986;4.14;0.25;379.22;18.81;1537;40;4113.00;326
10124;25;4500806;10124;658;11662;11986;4.18;0.26;379.18;18.81;1538;40;4114.00;324
10127;25;4500822;10127;661;11665;11990;4.18;0.26;379.26;18.81;1538;40;4115.00;325
10130;25;4500837;10130;654;11665;11990;4.18;0.26;379.33;18.81;1535;40;4116.00;325
10132;25;4500853;10132;655;11665;11990;4.20;0.26;379.34;18.81;1533;40;4117.00;325
10138;25;4500868;10138;670;11665;11990;4.15;0.25;379.40;18.81;1527;40;4118.00;325
10142;25;4500882;10142;664;11670;11996;4.17;0.25;379.41;18.80;1528;40;4119.00;326
10143;25;4500898;10143;662;11670;11996;4.15;0.25;379.40;18.80;1527;40;4120.00;326
10147;25;4500913;10147;650;11670;11996;4.08;0.25;379.46;18.80;1523;40;4121.00;326
10151;25;4500927;10151;652;11671;11999;4.02;0.24;379.53;18.80;1520;40;4122.00;328
10153;25;4500942;10153;662;11672;11999;3.93;0.24;379.60;18.80;1519;40;4123.00;327
10157;25;4500957;10157;667;11672;11999;3.78;0.23;379.72;18.80;1515;40;4124.00;327
10159;25;4500971;10159;654;11672;12000;3.73;0.23;379.75;18.80;1513;40;4125.00;328
10165;25;4500991;10165;649;11674;12001;3.67;0.22;379.87;18.80;1509;40;4126.00;327
10168;25;4501006;10168;636;11674;12001;3.61;0.22;380.03;18.80;1506;40;4127.00;327
10170;25;4501020;10170;637;11683;12014;3.64;0.22;380.06;18.78;1513;40;4128.00;331
10177;25;4501035;10177;636;11685;12014;3.66;0.22;380.07;18.78;1508;40;4129.00;329
10182;25;4501050;10182;638;11685;12014;3.66;0.22;380.12;18.78;1503;40;4130.00;329
10185;25;4501066;10185;635;11686;12015;3.67;0.22;380.13;18.78;1501;41;4131.00;329
10187;25;4501088;10187;635;11686;12015;3.69;0.23;380.15;18.78;1499;41;4132.00;329
10192;25;4501104;10192;626;11689;12019;3.73;0.23;380.11;18.78;1497;41;4133.00;330
10194;25;4501119;10194;626;11689;12019;3.74;0.23;380.08;18.78;1495;41;4134.00;330
10195;25;4501134;10195;630;11691;12023;3.73;0.23;380.11;18.77;1496;41;4135.00;332
10196;25;4501148;10196;628;11691;12023;3.72;0.23;380.10;18.77;1495;41;4136.00;332
10201;25;4501163;10201;628;11692;12023;3.69;0.22;380.32;18.77;1491;41;4137.00;331
10202;25;4501179;10202;617;11692;12023;3.72;0.23;380.31;18.77;1490;41;4138.00;331
10205;25;4501193;10205;617;11693;12023;3.73;0.23;380.38;18.77;1488;41;4139.00;330
10209;25;4501210;10209;623;11717;12057;3.89;0.24;380.38;18.74;1508;41;4140.00;340
10214;25;4501227;10214;618;11717;12057;3.89;0.24;380.42;18.74;1503;41;4141.00;340
10217;25;4501242;10217;618;11719;12057;3.93;0.24;380.53;18.73;1502;41;4142.00;338
10221;25;4501258;10221;615;11719;12057;3.94;0.24;380.55;18.73;1498;41;4143.00;338
10229;25;4501273;10229;603;11720;12057;3.89;0.24;380.60;18.73;1491;41;4144.00;337
10231;25;4501293;10231;602;11720;12057;3.95;0.24;380.58;18.73;1489;41;4145.00;337
10235;25;4501309;10235;599;11720;12058;3.93;0.24;380.67;18.73;1485;41;4146.00;338
10240;25;4501325;10240;601;11720;12058;3.90;0.24;380.67;18.73;1480;41;4147.00;338
10244;25;4501341;10244;603;11724;12064;3.86;0.24;380.73;18.73;1480;41;4148.00;340
10249;25;4501356;10249;601;11724;12065;3.77;0.23;380.85;18.73;1475;41;4149.00;341
10255;25;4501373;10255;616;11724;12065;3.70;0.23;381.15;18.73;1469;41;4150.00;341
10256;25;4501388;10256;615;11724;12065;3.67;0.23;381.15;18.73;1468;41;4151.00;341
10262;25;4501403;10262;617;11727;12069;3.61;0.22;381.16;18.72;1465;41;4152.00;342
10265;25;4501418;10265;624;11727;12069;3.57;0.22;381.13;18.72;1462;41;4153.00;342
10273;25;4501438;10273;626;11727;12069;3.48;0.21;381.34;18.72;1454;41;4154.00;342
10275;25;4501454;10275;629;11728;12070;3.48;0.21;381.31;18.72;1453;41;4155.00;342
10278;25;4501469;10278;619;11731;12074;3.47;0.21;381.34;18.71;1453;41;4156.00;343
10282;25;4501483;10282;628;11731;12074;3.44;0.21;381.33;18.71;1449;41;4157.00;343
10285;25;4501498;10285;637;11732;12077;3.44;0.21;381.33;18.71;1447;41;4158.00;345
10292;25;4501512;10292;641;11732;12077;3.36;0.21;381.43;18.71;1440;41;4159.00;345
10295;25;4501527;10295;645;11732;12077;3.36;0.21;381.43;18.71;1437;41;4160.00;345
10300;25;4501541;10300;644;11732;12077;3.34;0.20;381.55;18.71;1432;41;4161.00;345
10303;25;4501555;10303;654;11735;12081;3.33;0.20;381.55;18.71;1432;41;4162.00;346
10307;25;4501570;10307;645;11735;12081;3.32;0.20;381.63;18.71;1428;41;4163.00;346
10310;25;4501584;10310;648;11735;12081;3.31;0.20;381.59;18.71;1425;41;4164.00;346
10313;25;4501598;10313;640;11736;12081;3.31;0.20;381.66;18.71;1423;41;4165.00;345
10314;25;4501612;10314;648;11737;12082;3.33;0.20;381.68;18.71;1423;41;4166.00;345
10318;25;4501625;10318;653;11738;12083;3.30;0.20;381.67;18.71;1420;41;4167.00;345
10321;25;4501639;10321;658;11739;12083;3.28;0.20;381.65;18.71;1418;41;4168.00;344
10325;25;4501653;10325;677;11740;12084;3.28;0.20;381.59;18.71;1415;41;4169.00;344
10329;25;4501669;10329;671;11742;12084;3.25;0.20;381.53;18.72;1413;41;4170.00;342
10331;25;4501682;10331;677;11742;12084;3.21;0.20;381.50;18.72;1411;41;4171.00;342
10332;25;4501696;10332;659;11742;12084;3.21;0.20;381.46;18.72;1410;41;4172.00;342
10337;25;4501709;10337;651;11746;12086;3.17;0.19;381.45;18.71;1409;41;4173.00;340
10340;25;4501723;10340;649;11746;12086;3.17;0.19;381.54;18.71;1406;41;4174.00;340
10340;25;4501737;10340;641;11747;12086;3.17;0.20;381.54;18.71;1407;41;4175.00;339
10342;25;4501750;10342;657;11818;12213;3.51;0.22;381.60;18.71;1476;41;4176.00;395
10343;25;4501775;10343;649;11821;12214;3.56;0.22;381.57;18.71;1478;41;4177.00;393
10346;25;4501789;10346;642;11826;12214;3.58;0.22;381.62;18.70;1480;41;4178.00;388
10350;25;4501803;10350;649;11830;12214;3.57;0.22;381.54;18.70;1480;41;4179.00;384
10351;25;4501819;10351;648;11834;12214;3.63;0.23;381.55;18.69;1483;41;4180.00;380
10351;25;4501833;10351;631;11837;12214;3.63;0.23;381.55;18.69;1486;41;4181.00;377
10352;25;4501848;10352;631;11838;12214;3.65;0.23;381.56;18.69;1486;41;4182.00;376
10353;25;4501862;10353;608;11840;12214;3.68;0.23;381.53;18.68;1487;41;4183.00;374
10356;25;4501882;10356;588;11840;12215;3.73;0.23;381.56;18.68;1484;41;4184.00;375
10357;25;4501898;10357;572;11842;12217;3.79;0.23;381.58;18.68;1485;41;4185.00;375
10358;25;4501914;10358;571;11843;12217;3.89;0.24;381.61;18.68;1485;41;4186.00;374
10361;25;4501929;10361;559;11844;12218;3.95;0.24;381.62;18.68;1483;41;4187.00;374
10366;25;4501946;10366;559;11845;12218;3.98;0.24;381.66;18.68;1479;41;4188.00;373
10371;25;4501963;10371;555;11846;12218;4.07;0.25;381.74;18.68;1475;41;4189.00;372
10372;25;4501985;10372;556;11847;12218;4.14;0.25;381.74;18.68;1475;41;4190.00;371
10374;25;4502000;10374;546;11851;12222;4.22;0.26;381.76;18.68;1477;41;4191.00;371
10374;25;4502017;10374;545;11852;12222;4.28;0.26;381.76;18.67;1478;41;4192.00;370
10374;25;4502038;10374;537;11852;12222;4.33;0.26;381.76;18.67;1478;41;4193.00;370
10376;25;4502056;10376;537;11854;12225;4.37;0.27;381.73;18.78;1478;41;4194.00;371
10376;25;4502072;10376;530;11855;12225;4.43;0.27;381.73;18.78;1479;41;4195.00;370
10377;25;4502089;10377;537;11855;12225;4.50;0.27;381.72;18.78;1478;41;4196.00;370
10377;25;4502105;10377;534;11858;12229;4.57;0.28;381.72;18.78;1481;41;4197.00;371
10378;25;4502122;10378;533;11859;12230;4.61;0.28;381.77;18.78;1481;41;4198.00;371
10380;25;4502138;10380;529;11859;12230;4.64;0.28;381.79;18.78;1479;41;4199.00;371
10384;25;4502156;10384;539;11870;12264;4.64;0.28;381.72;18.76;1486;41;4200.00;394
10386;25;4502180;10386;535;11871;12264;4.63;0.28;381.87;18.76;1485;41;4201.00;393
10387;25;4502197;10387;532;11871;12264;4.67;0.28;381.83;18.76;1484;41;4202.00;393
10388;25;4502214;10388;543;11872;12265;4.72;0.29;381.81;18.76;1484;41;4203.00;393
10388;25;4502230;10388;534;11874;12265;4.76;0.29;381.81;18.76;1486;41;4204.00;391
10390;25;4502246;10390;536;11878;12271;4.77;0.29;381.96;18.87;1488;41;4205.00;393
10391;25;4502263;10391;538;11881;12271;4.80;0.29;381.96;18.86;1490;41;4206.00;390
10393;25;4502285;10393;533;11881;12272;4.84;0.29;382.17;18.86;1488;41;4207.00;391
10395;25;4502302;10395;531;11884;12272;4.79;0.29;382.19;18.87;1489;41;4208.00;388
10397;25;4502319;10397;526;11885;12272;4.75;0.29;382.33;18.87;1488;41;4209.00;387
10399;25;4502335;10399;531;11886;12272;4.73;0.29;382.36;18.87;1487;41;4210.00;386
10400;25;4502351;10400;535;11887;12272;4.74;0.29;382.38;18.87;1487;41;4211.00;385
10402;25;4502368;10402;536;11896;12284;4.76;0.29;382.45;18.86;1494;41;4212.00;388
10402;25;4502391;10402;532;11897;12284;4.76;0.29;382.45;18.86;1495;41;4213.00;387
10407;25;4502408;10407;531;11899;12284;4.78;0.29;382.64;18.86;1492;41;4214.00;385
10410;25;4502425;10410;525;11901;12284;4.83;0.29;382.78;18.86;1491;41;4215.00;383
10415;25;4502442;10415;524;11901;12284;4.81;0.29;382.81;18.86;1486;41;4216.00;383
10417;25;4502464;10417;522;11902;12284;4.81;0.29;382.97;18.86;1485;41;4217.00;382
10422;25;4502482;10422;517;11907;12288;4.80;0.29;383.07;18.86;1485;41;4218.00;381
10425;25;4502499;10425;512;11908;12288;4.80;0.29;383.23;18.86;1483;41;4219.00;380
10428;25;4502516;10428;509;11912;12292;4.79;0.29;383.34;18.86;1484;41;4220.00;380
10429;25;4502532;10429;510;11912;12293;4.82;0.29;383.44;18.86;1483;41;4221.00;381
10434;25;4502548;10434;502;11913;12293;4.86;0.29;383.56;18.86;1479;41;4222.00;380
10438;25;4502564;10438;510;11915;12293;4.84;0.29;383.81;18.86;1477;41;4223.00;378
10440;25;4502580;10440;508;11924;12306;4.84;0.29;383.83;18.86;1484;41;4224.00;382
10443;25;4502597;10443;499;11926;12306;4.86;0.29;384.09;18.86;1483;41;4225.00;380
10444;25;4502613;10444;504;11927;12306;4.90;0.30;384.08;18.86;1483;41;4226.00;379
10449;25;4502630;10449;508;11928;12307;4.88;0.29;384.27;18.86;1479;41;4227.00;379
10454;25;4502646;10454;514;11928;12308;4.87;0.29;384.37;18.86;1474;41;4228.00;380
10454;25;4502664;10454;515;11931;12308;4.89;0.29;384.37;18.86;1477;41;4229.00;377
10460;25;4502682;10460;524;11935;12314;4.86;0.29;384.37;18.86;1475;41;4230.00;379
10461;25;4502698;10461;519;11935;12314;4.86;0.29;384.38;18.86;1474;41;4231.00;379
10463;25;4502715;10463;520;11936;12314;4.84;0.29;384.35;18.86;1473;41;4232.00;378
10468;25;4502731;10468;518;11937;12314;4.79;0.29;384.31;18.86;1469;41;4233.00;377
10469;25;4502748;10469;525;11940;12320;4.83;0.29;384.33;18.86;1471;41;4234.00;380
10470;25;4502764;10470;526;11943;12320;4.81;0.29;384.33;18.86;1473;41;4235.00;377
10472;25;4502779;10472;537;11943;12320;4.77;0.29;384.32;18.86;1471;41;4236.00;377
10472;25;4502795;10472;539;11944;12320;4.73;0.29;384.32;18.86;1472;41;4237.00;376
10474;25;4502812;10474;543;11949;12324;4.69;0.28;384.42;18.86;1475;41;4238.00;375
10476;25;4502829;10476;554;11949;12325;4.63;0.28;384.49;18.86;1473;41;4239.00;376
10477;25;4502846;10477;554;11950;12325;4.57;0.28;384.46;18.86;1473;41;4240.00;375
10480;25;4502861;10480;559;11951;12326;4.53;0.27;384.66;18.86;1471;41;4241.00;375
10483;25;4502877;10483;561;11951;12326;4.47;0.27;384.70;18.86;1468;41;4242.00;375
10487;25;4502898;10487;569;11951;12326;4.41;0.27;384.67;18.86;1464;41;4243.00;375
10489;25;4502914;10489;576;11952;12326;4.34;0.26;384.65;18.86;1463;41;4244.00;374
10492;25;4502930;10492;582;11952;12326;4.31;0.26;384.82;18.86;1460;41;4245.00;374
10493;25;4502945;10493;590;11953;12326;4.27;0.26;384.82;18.86;1460;41;4246.00;373
10495;25;4502961;10495;588;11953;12326;4.25;0.26;384.84;18.86;1458;41;4247.00;373
10497;25;4502975;10497;605;11986;12396;4.37;0.27;384.83;18.81;1489;41;4248.00;410
10499;25;4502996;10499;602;11988;12397;4.38;0.27;384.93;18.81;1489;41;4249.00;409
10501;25;4503012;10501;608;11994;12397;4.41;0.27;384.96;18.81;1493;41;4250.00;403
10503;25;4503028;10503;602;11994;12397;4.41;0.27;384.92;18.81;1491;41;4251.00;403
10507;25;4503044;10507;610;11998;12397;4.47;0.27;384.91;18.81;1491;41;4252.00;399
10509;25;4503059;10509;614;11999;12397;4.48;0.27;384.94;18.81;1490;41;4253.00;398
10512;25;4503075;10512;613;12003;12397;4.53;0.28;384.97;18.81;1491;41;4254.00;394
10513;25;4503091;10513;614;12004;12397;4.55;0.28;384.94;18.81;1491;41;4255.00;393
10514;25;4503107;10514;611;12007;12398;4.65;0.28;384.92;18.80;1493;41;4256.00;391
10514;25;4503122;10514;627;12009;12399;4.70;0.29;384.92;18.80;1495;41;4257.00;390
10517;25;4503137;10517;622;12011;12399;4.71;0.29;384.87;18.80;1494;41;4258.00;388
10521;25;4503153;10521;621;12016;12403;4.67;0.29;384.95;18.79;1495;41;4259.00;387
10525;25;4503170;10525;620;12018;12403;4.64;0.28;385.01;18.79;1493;41;4260.00;385
10526;25;4503185;10526;618;12018;12403;4.62;0.28;385.01;18.79;1492;41;4261.00;385
10528;25;4503200;10528;613;12018;12403;4.61;0.28;385.03;18.79;1490;41;4262.00;385
10531;25;4503216;10531;621;12022;12409;4.59;0.28;384.98;18.79;1491;41;4263.00;387
10535;25;4503233;10535;627;12022;12409;4.57;0.28;385.02;18.79;1487;41;4264.00;387
10536;25;4503253;10536;632;12022;12409;4.57;0.28;385.07;18.79;1486;41;4265.00;387
10539;25;4503268;10539;637;12023;12412;4.56;0.28;385.14;18.78;1484;41;4266.00;389
10543;25;4503284;10543;636;12023;12412;4.51;0.27;385.27;18.78;1480;41;4267.00;389
10543;25;4503299;10543;643;12023;12412;4.45;0.27;385.27;18.78;1480;41;4268.00;389
10545;25;4503314;10545;641;12023;12413;4.39;0.27;385.28;18.78;1478;41;4269.00;390
10549;25;4503329;10549;644;12024;12414;4.37;0.27;385.23;18.78;1475;41;4270.00;390
10552;25;4503345;10552;646;12024;12414;4.38;0.27;385.27;18.78;1472;41;4271.00;390
10553;25;4503359;10553;649;12033;12427;4.39;0.27;385.28;18.77;1480;41;4272.00;394
10556;25;4503375;10556;648;12034;12427;4.40;0.27;385.33;18.77;1478;41;4273.00;393
10559;25;4503390;10559;650;12034;12427;4.38;0.27;385.32;18.77;1475;41;4274.00;393
10562;25;4503405;10562;650;12035;12429;4.34;0.27;385.33;18.77;1473;41;4275.00;394
10566;25;4503420;10566;637;12035;12429;4.31;0.26;385.39;18.77;1469;41;4276.00;394
10568;25;4503435;10568;638;12038;12433;4.34;0.27;385.41;18.76;1470;41;4277.00;395
10569;25;4503450;10569;631;12038;12433;4.35;0.27;385.41;18.76;1469;41;4278.00;395
10571;25;4503466;10571;633;12041;12437;4.36;0.27;385.48;18.76;1470;41;4279.00;396
10575;25;4503481;10575;630;12041;12437;4.32;0.26;385.43;18.76;1466;41;4280.00;396
10578;25;4503501;10578;632;12041;12437;4.30;0.26;385.50;18.76;1463;41;4281.00;396
10581;25;4503515;10581;634;12041;12437;4.25;0.26;385.53;18.76;1460;41;4282.00;396
10585;25;4503530;10585;637;12041;12437;4.18;0.26;385.67;18.76;1456;41;4283.00;396
10590;25;4503544;10590;645;12050;12449;4.18;0.26;385.70;18.74;1460;41;4284.00;399
10593;25;4503559;10593;650;12050;12449;4.17;0.25;385.72;18.74;1457;41;4285.00;399
10594;25;4503573;10594;650;12050;12449;4.13;0.25;385.75;18.74;1456;41;4286.00;399
10597;25;4503586;10597;657;12050;12449;4.04;0.25;385.85;18.74;1453;41;4287.00;399
10599;25;4503600;10599;661;12050;12449;3.96;0.24;386.06;18.74;1451;41;4288.00;399
10604;25;4503614;10604;663;12050;12449;3.86;0.23;386.28;18.74;1446;41;4289.00;399
10605;25;4503629;10605;661;12050;12450;3.77;0.23;386.31;18.74;1445;41;4290.00;400
10608;25;4503643;10608;661;12050;12450;3.70;0.23;386.43;18.74;1442;41;4291.00;400
10614;25;4503656;10614;650;12054;12456;3.64;0.22;386.58;18.74;1440;41;4292.00;402
10617;25;4503671;10617;655;12054;12457;3.59;0.22;386.57;18.74;1437;41;4293.00;403
10620;25;4503685;10620;663;12054;12457;3.57;0.22;386.80;18.74;1434;41;4294.00;403
10622;25;4503698;10622;668;12054;12457;3.58;0.22;386.80;18.74;1432;41;4295.00;403
10625;25;4503713;10625;672;12057;12461;3.60;0.22;386.80;18.73;1432;41;4296.00;404
10628;25;4503727;10628;666;12057;12461;3.58;0.22;386.81;18.73;1429;41;4297.00;404
10631;25;4503741;10631;663;12057;12461;3.60;0.22;386.77;18.73;1426;41;4298.00;404
10633;25;4503755;10633;664;12058;12462;3.59;0.22;386.77;18.73;1425;41;4299.00;404
10638;25;4503769;10638;667;12061;12466;3.60;0.22;386.78;18.73;1423;41;4300.00;405
10642;25;4503787;10642;665;12061;12466;3.59;0.22;386.71;18.73;1419;41;4301.00;405
10644;25;4503801;10644;665;12062;12469;3.60;0.22;386.66;18.73;1418;41;4302.00;407
10647;25;4503815;10647;662;12062;12469;3.57;0.22;386.62;18.73;1415;41;4303.00;407
10651;25;4503830;10651;664;12062;12469;3.55;0.22;386.54;18.73;1411;41;4304.00;407
10654;25;4503843;10654;653;12062;12469;3.53;0.22;386.47;18.73;1408;41;4305.00;407
10656;25;4503857;10656;648;12065;12473;3.54;0.22;386.42;18.72;1409;41;4306.00;408
10661;25;4503871;10661;648;12065;12473;3.53;0.21;386.43;18.72;1404;41;4307.00;408
10663;25;4503886;10663;650;12065;12473;3.49;0.21;386.41;18.72;1402;41;4308.00;408
10667;25;4503899;10667;648;12065;12473;3.46;0.21;386.36;18.72;1398;41;4309.00;408
10673;25;4503914;10673;653;12065;12474;3.40;0.21;386.35;18.72;1392;41;4310.00;409
10676;25;4503928;10676;653;12065;12475;3.38;0.20;386.32;18.72;1389;41;4311.00;410
10678;25;4503942;10678;652;12065;12475;3.36;0.20;386.30;18.72;1387;41;4312.00;410
10683;25;4503956;10683;642;12067;12476;3.32;0.20;386.19;18.84;1384;41;4313.00;409
10686;25;4503970;10686;644;12067;12476;3.31;0.20;386.18;18.84;1381;41;4314.00;409
10688;25;4503984;10688;641;12067;12476;3.30;0.20;386.14;18.84;1379;41;4315.00;409
10690;25;4503997;10690;642;12067;12476;3.29;0.20;386.14;18.84;1377;41;4316.00;409
10693;25;4504010;10693;634;12067;12476;3.25;0.20;386.11;18.84;1374;41;4317.00;409
10696;25;4504024;10696;640;12067;12476;3.19;0.19;386.10;18.84;1371;41;4318.00;409
10697;25;4504037;10697;642;12067;12476;3.19;0.19;386.08;18.84;1370;41;4319.00;409
10701;25;4504051;10701;663;12175;12706;3.63;0.23;386.10;18.67;1474;41;4320.00;531
10703;25;4504081;10703;660;12181;12707;3.60;0.23;386.07;18.66;1478;41;4321.00;526
10704;25;4504095;10704;656;12189;12707;3.66;0.23;386.13;18.65;1485;41;4322.00;518
10707;25;4504110;10707;643;12195;12707;3.66;0.23;386.14;18.64;1488;41;4323.00;512
10710;25;4504123;10710;650;12200;12707;3.64;0.23;386.16;18.64;1490;41;4324.00;507
10713;25;4504138;10713;658;12205;12707;3.55;0.22;386.17;18.63;1492;41;4325.00;502
10718;25;4504152;10718;654;12207;12707;3.46;0.22;386.26;18.63;1489;41;4326.00;500
10718;25;4504167;10718;642;12211;12707;3.45;0.22;386.26;18.62;1493;41;4327.00;496
10720;25;4504180;10720;653;12216;12708;3.41;0.21;386.27;18.63;1496;41;4328.00;492
10720;25;4504195;10720;656;12220;12709;3.37;0.21;386.27;18.63;1500;41;4329.00;489
10721;25;4504210;10721;647;12225;12709;3.35;0.21;386.29;18.62;1504;41;4330.00;484
10722;25;4504224;10722;641;12229;12710;3.32;0.21;386.27;18.63;1507;41;4331.00;481
10725;25;4504239;10725;642;12232;12710;3.28;0.20;386.23;18.63;1507;41;4332.00;478
10728;25;4504253;10728;640;12234;12710;3.28;0.20;386.34;18.63;1506;41;4333.00;476
10732;25;4504268;10732;638;12237;12710;3.27;0.20;386.44;18.75;1505;41;4334.00;473
10734;25;4504283;10734;637;12240;12714;3.28;0.20;386.50;18.76;1506;41;4335.00;474
10735;25;4504298;10735;641;12241;12714;3.30;0.20;386.50;18.76;1506;41;4336.00;473
10735;25;4504313;10735;636;12242;12714;3.33;0.21;386.50;18.76;1507;41;4337.00;472
10736;25;4504328;10736;637;12243;12717;3.34;0.21;386.52;18.75;1507;41;4338.00;474
10739;26;4504343;10739;617;12244;12717;3.35;0.21;386.50;18.75;1505;42;4339.00;473
10742;26;4504371;10742;617;12244;12717;3.38;0.21;386.59;18.75;1502;42;4340.00;473
10743;26;4504391;10743;610;12248;12721;3.44;0.21;386.60;18.76;1505;42;4341.00;473
10744;26;4504406;10744;616;12249;12722;3.47;0.21;386.57;18.76;1505;42;4342.00;473
10747;26;4504422;10747;611;12249;12722;3.50;0.22;386.51;18.76;1502;42;4343.00;473
10749;26;4504437;10749;608;12252;12726;3.53;0.22;386.54;18.76;1503;42;4344.00;474
10749;26;4504452;10749;619;12253;12726;3.55;0.22;386.54;18.76;1504;42;4345.00;473
10750;26;4504479;10750;593;12255;12726;3.59;0.22;386.55;18.77;1505;42;4346.00;471
10751;26;4504498;10751;588;12255;12727;3.63;0.22;386.53;18.77;1504;42;4347.00;472
10751;26;4504515;10751;587;12256;12727;3.65;0.22;386.53;18.78;1505;42;4348.00;471
10753;26;4504530;10753;573;12260;12733;3.69;0.23;386.51;18.78;1507;42;4349.00;473
10755;26;4504549;10755;571;12262;12733;3.73;0.23;386.63;18.91;1507;42;4350.00;471
10756;26;4504565;10756;562;12262;12734;3.75;0.23;386.61;18.91;1506;42;4351.00;472
10759;26;4504582;10759;558;12264;12734;3.81;0.23;386.68;18.92;1505;42;4352.00;470
10760;26;4504598;10760;558;12265;12734;3.87;0.24;386.65;18.92;1505;42;4353.00;469
10763;26;4504615;10763;570;12265;12734;3.88;0.24;386.66;18.92;1502;42;4354.00;469
10767;26;4504631;10767;570;12266;12734;3.87;0.23;386.72;18.93;1499;42;4355.00;468
10771;26;4504648;10771;574;12275;12746;3.96;0.24;386.75;18.92;1504;42;4356.00;471
10771;26;4504665;10771;560;12275;12746;4.02;0.24;386.75;18.92;1504;42;4357.00;471
10772;26;4504681;10772;559;12276;12746;4.05;0.25;386.84;18.92;1504;42;4358.00;470
10774;26;4504698;10774;559;12276;12746;4.10;0.25;386.84;18.92;1502;42;4359.00;470
10776;26;4504713;10776;544;12277;12746;4.14;0.25;386.85;18.93;1501;42;4360.00;469
10779;26;4504730;10779;539;12277;12746;4.15;0.25;387.09;18.93;1498;42;4361.00;469
10781;26;4504746;10781;542;12283;12750;4.15;0.25;387.25;18.94;1502;42;4362.00;467
10784;26;4504763;10784;527;12284;12750;4.17;0.25;387.27;18.95;1500;42;4363.00;466
10786;26;4504782;10786;527;12286;12754;4.20;0.26;387.30;18.95;1500;42;4364.00;468
10788;26;4504798;10788;524;12288;12756;4.18;0.25;387.37;18.95;1500;42;4365.00;468
10792;26;4504815;10792;516;12289;12756;4.19;0.26;387.54;18.95;1497;42;4366.00;467
10794;26;4504831;10794;524;12289;12756;4.19;0.26;387.56;18.95;1495;42;4367.00;467
10800;26;4504848;10800;518;12297;12769;4.26;0.26;387.72;18.94;1497;42;4368.00;472
10801;26;4504864;10801;514;12300;12769;4.31;0.26;387.76;18.96;1499;42;4369.00;469
10803;26;4504881;10803;521;12300;12769;4.37;0.27;387.74;18.96;1497;42;4370.00;469
10807;26;4504897;10807;516;12305;12770;4.43;0.27;387.89;19.34;1498;43;4371.00;465
10810;26;4504923;10810;522;12306;12771;4.49;0.27;387.95;19.35;1496;43;4372.00;465
10812;26;4504944;10812;523;12306;12771;4.56;0.28;387.98;19.35;1494;43;4373.00;465
10815;26;4504960;10815;527;12307;12774;4.60;0.28;388.14;19.35;1492;43;4374.00;467
10817;26;4504977;10817;533;12308;12774;4.65;0.28;388.23;19.35;1491;43;4375.00;466
10818;26;4504993;10818;528;12308;12774;4.68;0.29;388.26;19.35;1490;43;4376.00;466
10820;26;4505009;10820;535;12309;12774;4.68;0.29;388.35;19.36;1489;43;4377.00;465
10822;26;4505025;10822;539;12314;12780;4.70;0.29;388.33;19.36;1492;43;4378.00;466
10826;26;4505042;10826;537;12314;12780;4.67;0.28;388.41;19.36;1488;44;4379.00;466
10828;26;4505065;10828;532;12316;12780;4.69;0.29;388.43;19.37;1488;44;4380.00;464
10834;26;4505082;10834;527;12316;12780;4.67;0.28;388.43;19.37;1482;44;4381.00;464
10836;26;4505098;10836;529;12319;12784;4.68;0.28;388.51;19.37;1483;44;4382.00;465
10839;26;4505116;10839;531;12320;12785;4.68;0.28;388.62;19.38;1481;44;4383.00;465
10843;26;4505132;10843;518;12321;12785;4.65;0.28;388.77;19.38;1478;44;4384.00;464
10846;26;4505150;10846;514;12323;12786;4.66;0.28;388.83;19.39;1477;44;4385.00;463
10847;26;4505165;10847;517;12323;12786;4.69;0.29;388.80;19.39;1476;44;4386.00;463
10851;26;4505182;10851;516;12323;12786;4.72;0.29;388.96;19.39;1472;44;4387.00;463
10854;26;4505197;10854;507;12325;12786;4.74;0.29;389.19;19.40;1471;44;4388.00;461
10857;26;4505213;10857;497;12325;12786;4.79;0.29;389.23;19.40;1468;44;4389.00;461
10860;26;4505229;10860;496;12327;12786;4.80;0.29;389.33;19.53;1467;44;4390.00;459
10863;26;4505252;10863;495;12327;12786;4.78;0.29;389.43;19.53;1464;44;4391.00;459
10867;26;4505269;10867;502;12361;12856;4.79;0.29;389.45;19.47;1494;44;4392.00;495
10871;26;4505290;10871;492;12363;12857;4.74;0.29;389.51;19.48;1492;44;4393.00;494
10875;26;4505306;10875;479;12366;12857;4.73;0.29;389.71;19.48;1491;44;4394.00;491
10878;26;4505323;10878;481;12368;12857;4.72;0.29;389.76;19.49;1490;44;4395.00;489
10881;26;4505340;10881;488;12371;12857;4.75;0.29;389.83;19.48;1490;44;4396.00;486
10885;26;4505356;10885;495;12374;12857;4.74;0.29;389.86;19.48;1489;44;4397.00;483
10887;26;4505374;10887;492;12377;12857;4.77;0.29;389.93;19.49;1490;44;4398.00;480
10889;26;4505389;10889;490;12379;12857;4.81;0.29;389.94;19.49;1490;45;4399.00;478
10892;26;4505415;10892;491;12382;12858;4.79;0.29;389.98;19.57;1490;45;4400.00;476
10896;26;4505435;10896;503;12384;12859;4.77;0.29;389.99;19.58;1488;45;4401.00;475
10898;26;4505452;10898;494;12384;12859;4.78;0.29;390.01;19.58;1486;45;4402.00;475
10900;26;4505470;10900;495;12390;12863;4.72;0.29;390.10;19.58;1490;45;4403.00;473
10903;26;4505488;10903;497;12391;12863;4.67;0.28;390.20;19.58;1488;45;4404.00;472
10906;26;4505504;10906;502;12391;12863;4.67;0.28;390.32;19.58;1485;45;4405.00;472
10909;26;4505520;10909;508;12391;12863;4.61;0.28;390.36;19.58;1482;45;4406.00;472
10911;26;4505537;10911;506;12396;12869;4.60;0.28;390.37;19.58;1485;45;4407.00;473
10913;26;4505553;10913;508;12397;12869;4.56;0.28;390.42;19.58;1484;45;4408.00;472
10913;26;4505570;10913;511;12399;12869;4.57;0.28;390.42;19.59;1486;45;4409.00;470
10913;26;4505588;10913;513;12403;12875;4.63;0.28;390.42;19.59;1490;45;4410.00;472
10916;26;4505604;10916;511;12404;12875;4.61;0.28;390.43;19.59;1488;45;4411.00;471
10920;26;4505620;10920;517;12406;12875;4.60;0.28;390.43;19.60;1486;45;4412.00;469
10921;26;4505636;10921;520;12406;12876;4.60;0.28;390.43;19.60;1485;45;4413.00;470
10923;26;4505653;10923;529;12408;12877;4.57;0.28;390.45;19.60;1485;45;4414.00;469
10926;26;4505669;10926;528;12410;12877;4.49;0.27;390.45;19.61;1484;45;4415.00;467
10930;26;4505686;10930;534;12417;12890;4.49;0.27;390.53;19.60;1487;45;4416.00;473
10932;26;4505703;10932;543;12420;12890;4.45;0.27;390.56;19.61;1488;45;4417.00;470
10935;26;4505720;10935;555;12421;12890;4.46;0.27;390.65;19.62;1486;45;4418.00;469
10940;26;4505735;10940;553;12421;12891;4.43;0.27;390.68;19.62;1481;45;4419.00;470
10944;26;4505752;10944;553;12422;12891;4.43;0.27;390.78;19.62;1478;45;4420.00;469
10947;26;4505767;10947;560;12425;12895;4.48;0.27;390.77;19.62;1478;45;4421.00;470
10950;26;4505784;10950;565;12425;12895;4.49;0.27;390.84;19.62;1475;45;4422.00;470
10953;26;4505800;10953;563;12428;12899;4.52;0.28;390.95;19.62;1475;45;4423.00;471
10955;26;4505816;10955;565;12428;12899;4.56;0.28;391.00;19.62;1473;45;4424.00;471
10959;26;4505837;10959;568;12429;12899;4.55;0.28;391.19;19.62;1470;45;4425.00;470
10961;26;4505857;10961;576;12429;12899;4.55;0.28;391.29;19.62;1468;45;4426.00;470
10965;26;4505872;10965;582;12430;12899;4.49;0.27;391.26;19.62;1465;45;4427.00;469
10969;26;4505887;10969;586;12441;12911;4.52;0.28;391.35;19.60;1472;45;4428.00;470
10970;26;4505904;10970;600;12441;12911;4.47;0.27;391.43;19.60;1471;45;4429.00;470
10973;26;4505920;10973;609;12441;12911;4.42;0.27;391.43;19.60;1468;45;4430.00;470
10976;26;4505935;10976;611;12442;12911;4.36;0.27;391.52;19.60;1466;45;4431.00;469
10982;26;4505950;10982;615;12442;12911;4.28;0.26;391.58;19.60;1460;45;4432.00;469
10983;26;4505965;10983;623;12442;12911;4.27;0.26;391.62;19.60;1459;45;4433.00;469
10985;26;4505980;10985;625;12442;12912;4.20;0.26;391.70;19.60;1457;45;4434.00;470
10985;27;4505994;10985;632;12442;12912;4.17;0.26;391.70;19.60;1457;46;4435.00;470
10989;27;4506015;10989;640;12446;12918;4.17;0.25;391.82;19.60;1457;46;4436.00;472
10991;27;4506030;10991;649;12446;12919;4.11;0.25;391.78;19.60;1455;46;4437.00;473
10993;27;4506045;10993;657;12446;12919;4.05;0.25;391.88;19.60;1453;46;4438.00;473
10996;27;4506059;10996;658;12446;12919;4.01;0.24;391.89;19.60;1450;46;4439.00;473
10998;27;4506076;10998;664;12450;12924;4.03;0.25;391.86;19.59;1452;46;4440.00;474
11000;27;4506092;11000;662;12450;12924;4.01;0.24;391.95;19.59;1450;46;4441.00;474
11002;27;4506106;11002;660;12450;12924;3.98;0.24;391.95;19.59;1448;46;4442.00;474
11004;27;4506120;11004;662;12451;12925;3.97;0.24;392.00;19.59;1447;46;4443.00;474
11006;27;4506135;11006;662;12454;12929;3.92;0.24;392.05;19.58;1448;46;4444.00;475
11008;27;4506149;11008;662;12454;12929;3.94;0.24;392.00;19.58;1446;46;4445.00;475
11010;27;4506163;11010;654;12455;12932;3.97;0.24;391.98;19.58;1445;46;4446.00;477
11013;27;4506177;11013;649;12455;12932;3.98;0.24;391.91;19.58;1442;47;4447.00;477
11015;27;4506203;11015;649;12455;12932;3.99;0.24;391.88;19.58;1440;47;4448.00;477
11018;27;4506217;11018;636;12455;12932;4.00;0.24;391.81;19.58;1437;47;4449.00;477
11021;27;4506231;11021;632;12458;12936;4.03;0.25;391.76;19.58;1437;47;4450.00;478
11022;27;4506244;11022;629;12458;12936;4.00;0.25;391.76;19.58;1436;47;4451.00;478
11026;27;4506257;11026;630;12458;12936;3.96;0.24;391.72;19.58;1432;47;4452.00;478
11029;27;4506270;11029;633;12458;12936;3.91;0.24;391.73;19.58;1429;47;4453.00;478
11031;27;4506284;11031;640;12458;12937;3.85;0.24;391.74;19.58;1427;47;4454.00;479
11035;27;4506297;11035;629;12459;12939;3.75;0.23;391.74;19.58;1424;47;4455.00;480
11038;27;4506310;11038;618;12459;12939;3.73;0.23;391.74;19.58;1421;48;4456.00;480
11043;27;4506334;11043;611;12460;12940;3.71;0.23;391.68;19.58;1417;48;4457.00;480
11046;27;4506348;11046;604;12460;12940;3.69;0.23;391.66;19.58;1414;48;4458.00;480
11052;27;4506361;11052;603;12460;12940;3.68;0.23;391.67;19.58;1408;48;4459.00;480
11057;27;4506375;11057;602;12460;12940;3.66;0.22;391.65;19.58;1403;48;4460.00;480
11059;27;4506389;11059;605;12460;12940;3.65;0.22;391.71;19.58;1401;48;4461.00;480
11061;27;4506402;11061;607;12460;12940;3.66;0.22;391.67;19.58;1399;48;4462.00;480
11064;27;4506415;11064;601;12460;12940;3.67;0.22;391.76;19.58;1396;48;4463.00;480
11065;27;4506429;11065;602;12522;13067;4.04;0.25;391.77;19.48;1457;48;4464.00;545
11065;27;4506451;11065;607;12525;13068;4.03;0.25;391.77;19.47;1460;48;4465.00;543
11067;27;4506466;11067;613;12534;13068;4.04;0.25;391.74;19.59;1467;48;4466.00;534
11069;27;4506481;11069;615;12538;13068;4.01;0.25;391.71;19.58;1469;48;4467.00;530
11071;27;4506496;11071;618;12544;13068;4.01;0.25;391.71;19.59;1473;48;4468.00;524
11073;27;4506510;11073;620;12546;13068;3.98;0.25;391.69;19.58;1473;48;4469.00;522
11077;27;4506526;11077;621;12549;13068;3.95;0.25;391.64;19.58;1472;48;4470.00;519
11082;27;4506540;11082;624;12551;13068;3.94;0.24;391.58;19.58;1469;48;4471.00;517
11084;27;4506554;11084;624;12553;13069;3.93;0.24;391.57;19.58;1469;48;4472.00;516
11086;27;4506569;11086;625;12554;13070;3.92;0.24;391.54;19.58;1468;48;4473.00;516
11091;27;4506584;11091;621;12555;13070;3.89;0.24;391.44;19.58;1464;48;4474.00;515
11093;27;4506598;11093;621;12557;13071;3.91;0.24;391.40;19.57;1464;48;4475.00;514
11097;27;4506613;11097;623;12558;13071;3.89;0.24;391.45;19.57;1461;48;4476.00;513
11100;27;4506628;11100;614;12559;13071;3.90;0.24;391.43;19.57;1459;48;4477.00;512
11104;27;4506643;11104;609;12559;13071;3.88;0.24;391.40;19.57;1455;48;4478.00;512
11105;27;4506659;11105;606;12562;13075;3.90;0.24;391.41;19.57;1457;48;4479.00;513
11109;27;4506675;11109;606;12562;13075;3.89;0.24;391.45;19.57;1453;48;4480.00;513
11112;27;4506690;11112;599;12562;13075;3.90;0.24;391.48;19.57;1450;48;4481.00;513
11116;27;4506704;11116;605;12563;13078;3.87;0.24;391.46;19.57;1447;48;4482.00;515
11120;27;4506720;11120;596;12563;13078;3.84;0.23;391.51;19.57;1443;48;4483.00;515
11122;27;4506746;11122;594;12563;13078;3.83;0.23;391.52;19.57;1441;48;4484.00;515
11126;27;4506761;11126;596;12566;13082;3.84;0.23;391.60;19.56;1440;48;4485.00;516
11130;27;4506776;11130;599;12567;13083;3.81;0.23;391.64;19.56;1437;48;4486.00;516
11131;27;4506792;11131;605;12567;13083;3.82;0.23;391.67;19.56;1436;48;4487.00;516
11135;27;4506807;11135;604;12570;13087;3.85;0.23;391.64;19.56;1435;48;4488.00;517
11138;27;4506823;11138;606;12571;13087;3.84;0.23;391.63;19.68;1433;48;4489.00;516
11140;27;4506839;11140;605;12571;13087;3.85;0.24;391.59;19.68;1431;48;4490.00;516
11143;27;4506855;11143;599;12571;13088;3.88;0.24;391.61;19.68;1428;48;4491.00;517
11146;27;4506869;11146;606;12571;13088;3.87;0.24;391.61;19.68;1425;48;4492.00;517
11149;27;4506885;11149;600;12575;13094;3.85;0.23;391.60;19.68;1426;48;4493.00;519
11151;27;4506900;11151;600;12575;13094;3.84;0.23;391.57;19.68;1424;48;4494.00;519
11153;27;4506915;11153;594;12576;13095;3.87;0.24;391.59;19.69;1423;48;4495.00;519
11157;27;4506929;11157;606;12577;13095;3.83;0.23;391.55;19.70;1420;48;4496.00;518
11162;27;4506944;11162;611;12577;13095;3.77;0.23;391.60;19.70;1415;48;4497.00;518
11164;27;4506958;11164;614;12578;13095;3.75;0.23;391.70;19.71;1414;48;4498.00;517
11168;27;4506972;11168;625;12578;13095;3.67;0.22;391.74;19.71;1410;48;4499.00;517
11170;27;4506988;11170;622;12604;13145;3.81;0.23;391.76;19.69;1434;48;4500.00;541
11175;27;4507011;11175;624;12604;13147;3.79;0.23;391.73;19.69;1429;48;4501.00;543
11177;27;4507026;11177;621;12609;13147;3.84;0.23;391.71;19.70;1432;48;4502.00;538
11180;27;4507042;11180;619;12610;13147;3.84;0.23;391.77;19.69;1430;48;4503.00;537
11182;27;4507062;11182;625;12612;13147;3.89;0.24;391.83;19.71;1430;48;4504.00;535
11183;27;4507078;11183;617;12613;13147;3.94;0.24;391.87;19.72;1430;48;4505.00;534
11185;27;4507093;11185;617;12616;13151;3.97;0.24;391.85;19.71;1431;48;4506.00;535
11185;27;4507108;11185;618;12618;13151;4.02;0.24;391.85;19.73;1433;48;4507.00;533
11188;27;4507125;11188;627;12621;13155;3.99;0.24;391.91;19.72;1433;48;4508.00;534
11189;27;4507146;11189;631;12622;13156;4.00;0.24;391.95;19.74;1433;48;4509.00;534
11193;27;4507161;11193;637;12623;13156;4.00;0.24;392.01;19.73;1430;48;4510.00;533
11195;27;4507176;11195;631;12623;13156;4.02;0.24;392.04;19.73;1428;48;4511.00;533
11195;27;4507192;11195;621;12633;13169;4.08;0.25;392.04;19.73;1438;48;4512.00;536
11198;27;4507208;11198;617;12633;13169;4.12;0.25;392.09;19.73;1435;48;4513.00;536
11202;27;4507224;11202;614;12635;13169;4.13;0.25;392.14;19.75;1433;48;4514.00;534
11204;27;4507239;11204;609;12636;13170;4.17;0.25;392.18;19.75;1432;48;4515.00;534
11206;27;4507255;11206;605;12638;13171;4.21;0.26;392.18;19.76;1432;48;4516.00;533
11208;27;4507271;11208;589;12638;13171;4.23;0.26;392.21;19.76;1430;48;4517.00;533
11211;27;4507286;11211;591;12640;13174;4.27;0.26;392.20;19.77;1429;48;4518.00;534
11213;27;4507303;11213;595;12641;13174;4.30;0.26;392.26;19.79;1428;48;4519.00;533
11216;27;4507320;11216;587;12642;13174;4.33;0.26;392.25;19.79;1426;48;4520.00;532
11216;27;4507336;11216;589;12643;13174;4.36;0.27;392.25;19.80;1427;48;4521.00;531
11216;27;4507352;11216;588;12647;13180;4.38;0.27;392.25;19.80;1431;48;4522.00;533
11217;27;4507368;11217;584;12647;13180;4.41;0.27;392.36;19.80;1430;48;4523.00;533
11221;27;4507384;11221;581;12647;13180;4.42;0.27;392.37;19.80;1426;48;4524.00;533
11223;27;4507401;11223;577;12647;13180;4.40;0.27;392.39;19.80;1424;48;4525.00;533
11225;27;4507417;11225;580;12651;13184;4.43;0.27;392.39;19.79;1426;48;4526.00;533
11227;27;4507432;11227;579;12651;13185;4.48;0.27;392.46;19.79;1424;48;4527.00;534
11228;27;4507449;11228;575;12652;13185;4.52;0.28;392.45;19.79;1424;48;4528.00;533
11229;27;4507464;11229;568;12654;13186;4.55;0.28;392.56;19.81;1425;48;4529.00;532
11229;27;4507482;11229;576;12654;13186;4.60;0.28;392.56;19.81;1425;48;4530.00;532
11231;27;4507497;11231;583;12655;13186;4.63;0.28;392.69;19.81;1424;48;4531.00;531
11233;27;4507512;11233;582;12656;13186;4.65;0.28;392.74;19.82;1423;48;4532.00;530
11235;27;4507528;11235;582;12658;13186;4.68;0.29;392.86;19.85;1423;48;4533.00;528
11238;27;4507544;11238;588;12660;13186;4.66;0.28;392.99;19.87;1422;48;4534.00;526
11241;27;4507559;11241;599;12661;13186;4.67;0.29;393.08;19.88;1420;48;4535.00;525
11246;27;4507575;11246;603;12698;13256;4.64;0.28;393.02;19.84;1452;48;4536.00;558
11249;27;4507595;11249;595;12699;13257;4.60;0.28;393.15;19.84;1450;48;4537.00;558
11252;27;4507611;11252;603;12701;13257;4.61;0.28;393.22;19.83;1449;48;4538.00;556
11256;27;4507626;11256;605;12706;13257;4.63;0.28;393.25;19.86;1450;48;4539.00;551
11258;27;4507641;11258;605;12709;13257;4.67;0.29;393.34;19.88;1451;48;4540.00;548
11261;27;4507657;11261;609;12710;13257;4.68;0.29;393.44;19.88;1449;48;4541.00;547
11264;27;4507673;11264;613;12713;13257;4.72;0.29;393.51;19.88;1449;48;4542.00;544
11267;27;4507688;11267;623;12718;13257;4.75;0.29;393.59;19.90;1451;48;4543.00;539
11273;27;4507704;11273;627;12721;13258;4.70;0.29;393.80;19.90;1448;48;4544.00;537
11274;27;4507719;11274;626;12726;13260;4.70;0.29;393.86;19.92;1452;48;4545.00;534
11277;27;4507735;11277;620;12729;13260;4.69;0.28;393.85;20.06;1452;48;4546.00;531
11280;27;4507752;11280;617;12734;13264;4.69;0.29;393.89;20.07;1454;48;4547.00;530
11284;27;4507768;11284;615;12736;13264;4.64;0.28;393.93;20.09;1452;48;4548.00;528
11285;27;4507789;11285;604;12736;13264;4.64;0.28;393.92;20.09;1451;48;4549.00;528
11287;27;4507804;11287;595;12737;13264;4.59;0.28;394.04;20.10;1450;48;4550.00;527
11287;27;4507821;11287;590;12741;13270;4.62;0.28;394.04;20.10;1454;48;4551.00;529
11290;27;4507838;11290;584;12742;13270;4.61;0.28;394.09;20.12;1452;48;4552.00;528
11293;27;4507854;11293;579;12743;13270;4.63;0.28;394.10;20.13;1450;48;4553.00;527
11296;27;4507870;11296;568;12745;13273;4.69;0.29;394.22;20.14;1449;48;4554.00;528
11302;27;4507886;11302;566;12747;13273;4.73;0.29;394.40;20.14;1445;48;4555.00;526
11305;27;4507903;11305;559;12748;13273;4.76;0.29;394.51;20.15;1443;48;4556.00;525
11308;27;4507919;11308;560;12749;13274;4.80;0.29;394.57;20.16;1441;48;4557.00;525
11310;27;4507935;11310;559;12750;13275;4.80;0.29;394.64;20.16;1440;48;4558.00;525
11312;27;4507950;11312;539;12750;13275;4.85;0.30;394.81;20.16;1438;48;4559.00;525
11317;27;4507968;11317;547;12765;13301;4.85;0.30;394.84;20.13;1448;48;4560.00;536
11322;27;4507986;11322;533;12765;13301;4.88;0.30;394.87;20.13;1443;48;4561.00;536
11332;27;4508001;11332;535;12766;13301;4.81;0.29;394.95;20.13;1434;48;4562.00;535
11337;27;4508017;11337;533;12769;13302;4.79;0.29;394.97;20.26;1432;48;4563.00;533
11343;27;4508033;11343;544;12770;13302;4.76;0.29;395.02;20.26;1427;48;4564.00;532
11346;27;4508049;11346;546;12772;13306;4.71;0.29;395.02;20.26;1426;48;4565.00;534
11349;27;4508065;11349;546;12773;13306;4.68;0.29;395.00;20.27;1424;48;4566.00;533
11351;27;4508086;11351;553;12777;13310;4.64;0.28;395.09;20.26;1426;48;4567.00;533
11353;27;4508102;11353;557;12777;13310;4.55;0.28;395.23;20.26;1424;48;4568.00;533
11355;27;4508117;11355;575;12779;13310;4.49;0.27;395.23;20.27;1424;48;4569.00;531
11359;27;4508132;11359;580;12780;13310;4.47;0.27;395.29;20.27;1421;48;4570.00;530
11359;27;4508147;11359;584;12781;13310;4.45;0.27;395.29;20.27;1422;48;4571.00;529
11361;27;4508161;11361;590;12790;13322;4.47;0.27;395.36;20.26;1429;48;4572.00;532
11363;27;4508176;11363;588;12791;13322;4.48;0.27;395.49;20.26;1428;48;4573.00;531
11365;27;4508191;11365;590;12791;13322;4.50;0.27;395.51;20.26;1426;48;4574.00;531
11368;27;4508206;11368;588;12792;13322;4.51;0.27;395.56;20.26;1424;48;4575.00;530
11370;27;4508221;11370;592;12792;13322;4.49;0.27;395.65;20.26;1422;48;4576.00;530
11374;27;4508236;11374;594;12792;13322;4.48;0.27;395.68;20.26;1418;48;4577.00;530
11375;27;4508251;11375;599;12792;13323;4.46;0.27;395.67;20.26;1417;48;4578.00;531
11379;27;4508266;11379;607;12792;13323;4.45;0.27;395.70;20.26;1413;48;4579.00;531
11382;27;4508281;11382;613;12796;13329;4.46;0.27;395.71;20.25;1414;48;4580.00;533
11384;27;4508297;11384;619;12798;13330;4.40;0.27;395.73;20.28;1414;48;4581.00;532
11387;27;4508312;11387;621;12798;13330;4.34;0.27;395.76;20.28;1411;48;4582.00;532
11392;27;4508328;11392;631;12798;13330;4.24;0.26;395.96;20.28;1406;48;4583.00;532
11396;27;4508343;11396;629;12801;13334;4.22;0.26;395.93;20.27;1405;48;4584.00;533
11397;27;4508364;11397;634;12801;13334;4.21;0.26;396.03;20.27;1404;48;4585.00;533
11401;27;4508379;11401;635;12801;13334;4.14;0.25;396.07;20.27;1400;48;4586.00;533
11403;27;4508394;11403;641;12802;13335;4.09;0.25;396.12;20.27;1399;48;4587.00;533
11405;27;4508409;11405;643;12805;13339;4.05;0.25;396.20;20.27;1400;48;4588.00;534
11407;27;4508429;11407;642;12805;13339;3.98;0.24;396.26;20.27;1398;48;4589.00;534
11408;27;4508445;11408;644;12808;13345;3.94;0.24;396.23;20.26;1400;48;4590.00;537
11411;27;4508460;11411;655;12808;13345;3.87;0.24;396.30;20.26;1397;48;4591.00;537
11412;27;4508474;11412;665;12809;13345;3.86;0.24;396.33;20.26;1397;48;4592.00;536
11413;27;4508488;11413;666;12809;13345;3.81;0.23;396.32;20.26;1396;48;4593.00;536
11414;27;4508501;11414;674;12812;13349;3.83;0.23;396.29;20.26;1398;48;4594.00;537
11416;27;4508515;11416;682;12812;13349;3.81;0.23;396.29;20.26;1396;48;4595.00;537
11419;27;4508529;11419;685;12812;13349;3.78;0.23;396.21;20.26;1393;48;4596.00;537
11420;27;4508543;11420;688;12812;13349;3.73;0.23;396.18;20.26;1392;48;4597.00;537
11420;27;4508556;11420;694;12812;13350;3.71;0.23;396.18;20.26;1392;48;4598.00;538
11421;27;4508569;11421;702;12812;13351;3.65;0.22;396.15;20.26;1391;48;4599.00;539
11423;27;4508583;11423;705;12812;13351;3.57;0.22;396.16;20.26;1389;48;4600.00;539
11426;27;4508600;11426;707;12813;13352;3.51;0.22;396.14;20.25;1387;48;4601.00;539
11427;27;4508612;11427;713;12813;13352;3.47;0.21;396.12;20.25;1386;48;4602.00;539
11430;27;4508631;11430;718;12813;13352;3.42;0.21;396.16;20.25;1383;48;4603.00;539
11432;27;4508643;11432;723;12813;13352;3.43;0.21;396.20;20.25;1381;48;4604.00;539
11436;27;4508656;11436;715;12813;13352;3.42;0.21;396.10;20.25;1377;48;4605.00;539
11437;27;4508669;11437;707;12813;13352;3.40;0.21;396.06;20.25;1376;48;4606.00;539
11439;27;4508682;11439;701;12813;13352;3.39;0.21;396.07;20.25;1374;48;4607.00;539
11439;27;4508700;11439;709;12878;13479;3.74;0.23;396.07;20.15;1439;48;4608.00;601
11440;27;4508722;11440;701;12881;13480;3.68;0.23;396.05;20.15;1441;48;4609.00;599
11440;27;4508735;11440;695;12887;13480;3.72;0.23;396.05;20.14;1447;48;4610.00;593
11441;27;4508748;11441;684;12892;13480;3.75;0.23;396.03;20.13;1451;48;4611.00;588
11442;27;4508761;11442;684;12894;13480;3.73;0.23;396.01;20.13;1452;48;4612.00;586
11444;27;4508774;11444;685;12896;13480;3.72;0.23;395.95;20.13;1452;48;4613.00;584
11448;27;4508787;11448;682;12897;13480;3.71;0.23;396.01;20.13;1449;48;4614.00;583
11448;27;4508800;11448;687;12899;13480;3.74;0.23;396.01;20.12;1451;48;4615.00;581
11450;27;4508813;11450;692;12901;13481;3.72;0.23;395.98;20.12;1451;48;4616.00;580
11452;27;4508827;11452;698;12902;13482;3.69;0.23;396.00;20.12;1450;48;4617.00;580
11454;27;4508841;11454;695;12903;13482;3.62;0.23;396.00;20.12;1449;48;4618.00;579
11458;27;4508854;11458;708;12904;13483;3.52;0.22;395.93;20.12;1446;48;4619.00;579
11462;27;4508869;11462;695;12906;13483;3.41;0.21;395.88;20.12;1444;48;4620.00;577
11465;27;4508883;11465;699;12908;13483;3.37;0.21;395.87;20.12;1443;48;4621.00;575
11466;27;4508896;11466;701;12909;13483;3.31;0.20;395.89;20.12;1443;48;4622.00;574
11469;27;4508909;11469;700;12911;13487;3.21;0.20;395.94;20.11;1442;48;4623.00;576
11474;27;4508923;11474;688;12912;13487;3.16;0.20;395.90;20.11;1438;48;4624.00;575
11476;27;4508936;11476;686;12912;13487;3.18;0.20;395.90;20.11;1436;48;4625.00;575
11479;27;4508950;11479;680;12913;13490;3.20;0.20;395.84;20.11;1434;48;4626.00;577
11481;27;4508964;11481;672;12913;13490;3.22;0.20;395.85;20.11;1432;48;4627.00;577
11483;27;4508977;11483;663;12913;13490;3.27;0.20;395.86;20.11;1430;48;4628.00;577
11484;27;4508992;11484;646;12916;13494;3.35;0.21;395.86;20.11;1432;48;4629.00;578
11487;27;4509006;11487;641;12917;13495;3.40;0.21;395.86;20.11;1430;48;4630.00;578
11489;27;4509025;11489;639;12917;13495;3.44;0.21;395.83;20.11;1428;48;4631.00;578
11491;27;4509040;11491;633;12919;13499;3.55;0.22;395.79;20.10;1428;48;4632.00;580
11492;27;4509054;11492;626;12920;13499;3.62;0.22;395.80;20.10;1428;48;4633.00;579
11498;27;4509075;11498;625;12920;13499;3.63;0.22;395.72;20.10;1422;48;4634.00;579
11500;27;4509090;11500;616;12921;13501;3.72;0.23;395.69;20.10;1421;48;4635.00;580
11502;27;4509105;11502;600;12921;13501;3.80;0.23;395.70;20.10;1419;48;4636.00;580
11506;27;4509120;11506;613;12924;13507;3.86;0.23;395.64;20.10;1418;48;4637.00;583
11508;27;4509135;11508;599;12924;13507;3.90;0.24;395.59;20.10;1416;48;4638.00;583
11511;27;4509151;11511;599;12924;13508;3.93;0.24;395.54;20.10;1413;48;4639.00;584
11513;27;4509166;11513;590;12925;13508;3.97;0.24;395.53;20.10;1412;48;4640.00;583
11514;27;4509181;11514;585;12925;13508;4.00;0.24;395.62;20.10;1411;48;4641.00;583
11517;27;4509196;11517;576;12925;13508;4.00;0.24;395.65;20.10;1408;48;4642.00;583
11519;27;4509210;11519;576;12925;13508;3.99;0.24;395.73;20.10;1406;48;4643.00;583
11523;27;4509225;11523;572;12934;13520;3.98;0.24;395.72;20.08;1411;48;4644.00;586
11525;27;4509241;11525;568;12934;13520;3.99;0.24;395.70;20.08;1409;48;4645.00;586
11527;27;4509257;11527;571;12934;13520;3.98;0.24;395.72;20.08;1407;48;4646.00;586
11534;27;4509271;11534;568;12935;13520;3.95;0.24;395.71;20.08;1401;48;4647.00;585
11537;27;4509287;11537;571;12935;13520;3.95;0.24;395.73;20.08;1398;48;4648.00;585
11538;27;4509302;11538;566;12935;13520;3.96;0.24;395.72;20.08;1397;48;4649.00;585
11541;27;4509318;11541;569;12939;13526;3.98;0.24;395.76;20.07;1398;48;4650.00;587
11547;27;4509334;11547;568;12939;13526;3.92;0.24;395.82;20.07;1392;48;4651.00;587
11551;27;4509350;11551;566;12942;13530;3.90;0.24;395.82;20.07;1391;48;4652.00;588
11551;27;4509365;11551;562;12943;13531;3.95;0.24;395.82;20.21;1392;48;4653.00;588
11556;27;4509381;11556;555;12943;13531;3.94;0.24;395.90;20.21;1387;48;4654.00;588
11558;27;4509396;11558;556;12943;13531;3.98;0.24;395.90;20.21;1385;48;4655.00;588
11560;27;4509411;11560;550;12953;13544;4.04;0.24;396.00;20.19;1393;48;4656.00;591
11562;27;4509427;11562;544;12953;13544;4.08;0.25;396.01;20.19;1391;48;4657.00;591
11564;27;4509442;11564;539;12953;13544;4.13;0.25;396.01;20.19;1389;48;4658.00;591
11566;27;4509457;11566;531;12954;13545;4.16;0.25;395.99;20.19;1388;48;4659.00;591
11570;27;4509472;11570;529;12955;13546;4.13;0.25;395.95;20.20;1385;48;4660.00;591
11573;27;4509487;11573;533;12955;13546;4.13;0.25;395.92;20.20;1382;48;4661.00;591
11576;27;4509502;11576;539;12956;13549;4.12;0.25;395.89;20.20;1380;48;4662.00;593
11580;27;4509517;11580;542;12957;13549;4.11;0.25;395.92;20.22;1377;48;4663.00;592
11582;27;4509533;11582;542;12957;13549;4.10;0.25;395.95;20.22;1375;48;4664.00;592
11585;27;4509548;11585;542;12958;13549;4.05;0.24;396.08;20.23;1373;48;4665.00;591
11587;27;4509563;11587;544;12962;13555;4.00;0.24;396.13;20.25;1375;48;4666.00;593
11589;27;4509578;11589;542;12962;13555;3.96;0.24;396.13;20.25;1373;48;4667.00;593
11591;27;4509595;11591;536;12963;13555;3.98;0.24;396.12;20.26;1372;48;4668.00;592
11594;27;4509609;11594;531;12964;13555;3.99;0.24;396.23;20.28;1370;48;4669.00;591
11597;27;4509625;11597;534;12968;13559;4.05;0.25;396.28;20.29;1371;48;4670.00;591
11598;27;4509640;11598;535;12970;13560;4.11;0.25;396.28;20.32;1372;48;4671.00;590
11602;27;4509655;11602;531;12970;13560;4.14;0.25;396.34;20.32;1368;48;4672.00;590
11604;27;4509671;11604;536;12972;13561;4.17;0.25;396.34;20.32;1368;48;4673.00;589
11605;27;4509686;11605;538;12972;13561;4.21;0.26;396.34;20.32;1367;48;4674.00;589
11609;27;4509706;11609;530;12976;13561;4.23;0.26;396.40;20.49;1367;48;4675.00;585
11613;27;4509722;11613;514;12976;13561;4.24;0.26;396.57;20.49;1363;48;4676.00;585
11614;27;4509739;11614;502;12978;13561;4.33;0.26;396.56;20.52;1364;48;4677.00;583
11618;27;4509754;11618;497;12979;13561;4.39;0.27;396.65;20.54;1361;48;4678.00;582
11621;27;4509770;11621;485;12979;13561;4.46;0.27;396.71;20.54;1358;48;4679.00;582
11625;27;4509788;11625;507;13057;13686;4.61;0.28;396.86;20.45;1432;48;4680.00;629
11627;27;4509813;11627;488;13058;13687;4.68;0.29;396.86;20.45;1431;48;4681.00;629
11632;27;4509830;11632;482;13063;13687;4.66;0.29;396.97;20.80;1431;49;4682.00;624
11633;27;4509858;11633;474;13064;13687;4.73;0.29;396.95;20.79;1431;49;4683.00;623
11636;27;4509877;11636;478;13067;13687;4.78;0.29;397.12;20.81;1431;49;4684.00;620
11638;27;4509895;11638;480;13068;13687;4.80;0.29;397.13;20.82;1430;49;4685.00;619
11641;27;4509911;11641;474;13073;13687;4.80;0.29;397.21;20.85;1432;49;4686.00;614
11643;27;4509927;11643;475;13073;13687;4.83;0.30;397.32;20.85;1430;49;4687.00;614
11645;27;4509943;11645;478;13077;13688;4.85;0.30;397.38;20.88;1432;49;4688.00;611
11649;27;4509959;11649;483;13077;13689;4.81;0.29;397.43;20.88;1428;49;4689.00;612
11652;27;4509976;11652;480;13081;13689;4.78;0.29;397.40;21.03;1429;49;4690.00;608
11655;27;4509992;11655;491;13087;13693;4.73;0.29;397.42;21.06;1432;49;4691.00;606
11659;27;4510009;11659;505;13087;13693;4.69;0.29;397.55;21.06;1428;49;4692.00;606
11662;27;4510053;11662;502;13089;13693;4.66;0.28;397.56;21.07;1427;49;4693.00;604
11664;27;4510072;11664;508;13091;13693;4.61;0.28;397.73;21.09;1427;49;4694.00;602
11667;27;4510088;11667;504;13094;13699;4.57;0.28;397.84;21.10;1427;50;4695.00;605
11672;27;4510112;11672;500;13096;13699;4.50;0.27;397.80;21.12;1424;50;4696.00;603
11674;27;4510134;11674;504;13098;13699;4.50;0.27;397.90;21.13;1424;50;4697.00;601
11675;27;4510148;11675;509;13100;13702;4.52;0.27;398.02;21.15;1425;50;4698.00;602
11677;27;4510165;11677;501;13101;13702;4.54;0.28;398.04;21.16;1424;50;4699.00;601
11677;27;4510180;11677;511;13102;13702;4.57;0.28;398.04;21.16;1425;50;4700.00;600
11682;27;4510199;11682;519;13106;13703;4.52;0.27;398.30;21.19;1424;50;4701.00;597
11683;27;4510214;11683;523;13107;13704;4.49;0.27;398.29;21.19;1424;50;4702.00;597
11684;27;4510230;11684;526;13107;13704;4.49;0.27;398.32;21.19;1423;51;4703.00;597
11685;27;4510250;11685;530;13117;13717;4.49;0.27;398.32;21.19;1432;51;4704.00;600
11686;27;4510266;11686;527;13119;13717;4.48;0.27;398.35;21.20;1433;51;4705.00;598
11686;27;4510282;11686;532;13120;13717;4.50;0.27;398.35;21.22;1434;51;4706.00;597
11688;27;4510296;11688;531;13121;13718;4.50;0.27;398.37;21.23;1433;51;4707.00;597
11691;27;4510312;11691;538;13121;13718;4.50;0.27;398.46;21.23;1430;51;4708.00;597
11694;27;4510328;11694;541;13127;13722;4.49;0.27;398.50;21.40;1433;51;4709.00;595
11695;27;4510345;11695;531;13128;13722;4.48;0.27;398.56;21.41;1433;51;4710.00;594
11700;27;4510361;11700;541;13132;13726;4.42;0.27;398.65;21.42;1432;51;4711.00;594
11703;27;4510377;11703;549;13132;13726;4.39;0.27;398.65;21.42;1429;51;4712.00;594
11704;27;4510392;11704;541;13133;13726;4.36;0.27;398.67;21.43;1429;51;4713.00;593
11707;27;4510408;11707;544;13134;13726;4.32;0.26;398.66;21.45;1427;51;4714.00;592
11710;27;4510422;11710;540;13135;13726;4.31;0.26;398.79;21.46;1425;51;4715.00;591
11714;27;4510437;11714;544;13142;13738;4.31;0.26;398.84;21.45;1428;51;4716.00;596
11720;27;4510452;11720;530;13144;13738;4.28;0.26;398.95;21.44;1424;51;4717.00;594
11722;27;4510467;11722;515;13146;13738;4.33;0.26;398.99;21.59;1424;51;4718.00;592
11725;27;4510482;11725;514;13146;13738;4.36;0.27;399.07;21.59;1421;51;4719.00;592
11729;27;4510497;11729;513;13146;13738;4.39;0.27;399.07;21.59;1417;51;4720.00;592
11733;27;4510511;11733;513;13147;13738;4.39;0.27;399.22;21.60;1414;51;4721.00;591
11737;27;4510525;11737;508;13147;13739;4.38;0.27;399.23;21.60;1410;51;4722.00;592
11741;27;4510540;11741;509;13148;13739;4.34;0.27;399.33;21.62;1407;51;4723.00;591
11743;27;4510555;11743;493;13152;13745;4.36;0.27;399.29;21.61;1409;52;4724.00;593
11747;27;4510579;11747;493;13154;13747;4.37;0.27;399.38;21.71;1407;52;4725.00;593
11754;27;4510594;11754;487;13154;13747;4.31;0.26;399.58;21.71;1400;52;4726.00;593
11755;27;4510610;11755;486;13155;13747;4.30;0.26;399.62;21.73;1400;52;4727.00;592
11761;27;4510625;11761;488;13158;13751;4.27;0.26;399.66;21.72;1397;52;4728.00;593
11762;27;4510641;11762;494;13159;13751;4.23;0.26;399.69;21.74;1397;52;4729.00;592
11765;27;4510661;11765;504;13161;13751;4.15;0.25;399.69;21.76;1396;52;4730.00;590
11768;27;4510675;11768;506;13163;13752;4.12;0.25;399.70;21.77;1395;52;4731.00;589
11773;27;4510691;11773;513;13166;13756;4.05;0.25;399.70;21.77;1393;52;4732.00;590
11777;27;4510706;11777;518;13167;13756;3.99;0.24;399.76;21.90;1390;52;4733.00;589
11780;27;4510721;11780;513;13168;13759;3.97;0.24;399.73;21.89;1388;52;4734.00;591
11783;27;4510736;11783;522;13169;13759;3.89;0.24;399.78;21.91;1386;52;4735.00;590
11785;27;4510750;11785;526;13169;13759;3.82;0.23;399.81;21.91;1384;52;4736.00;590
11787;27;4510766;11787;528;13169;13759;3.77;0.23;399.79;21.91;1382;52;4737.00;590
11787;27;4510780;11787;532;13173;13763;3.75;0.23;399.79;22.01;1386;52;4738.00;590
11788;27;4510796;11788;529;13173;13763;3.74;0.23;399.76;22.01;1385;52;4739.00;590
11791;27;4510811;11791;534;13173;13763;3.70;0.23;399.79;22.01;1382;52;4740.00;590
11791;27;4510826;11791;532;13173;13763;3.71;0.23;399.79;22.01;1382;52;4741.00;590
11791;27;4510841;11791;536;13173;13764;3.71;0.23;399.79;22.01;1382;52;4742.00;591
11794;27;4510855;11794;544;13173;13765;3.67;0.23;399.82;22.01;1379;52;4743.00;592
11796;27;4510869;11796;540;13173;13765;3.65;0.22;399.77;22.01;1377;52;4744.00;592
11797;27;4510883;11797;553;13174;13766;3.66;0.23;399.74;22.01;1377;52;4745.00;592
11798;27;4510896;11798;558;13174;13766;3.64;0.22;399.71;22.01;1376;52;4746.00;592
11803;27;4510911;11803;556;13175;13766;3.60;0.22;399.82;22.02;1372;52;4747.00;591
11803;27;4510924;11803;567;13175;13766;3.57;0.22;399.82;22.02;1372;52;4748.00;591
11804;27;4510938;11804;573;13175;13766;3.55;0.22;399.83;22.02;1371;52;4749.00;591
11807;27;4510951;11807;583;13175;13766;3.49;0.22;399.79;22.02;1368;52;4750.00;591
11812;27;4510965;11812;588;13175;13766;3.41;0.21;399.71;22.02;1363;52;4751.00;591
11814;27;4510978;11814;609;13237;13893;3.75;0.23;399.75;21.92;1423;52;4752.00;656
11814;27;4511001;11814;605;13240;13894;3.75;0.23;399.75;21.92;1426;52;4753.00;654
11815;27;4511019;11815;608;13247;13894;3.77;0.24;399.75;21.90;1432;52;4754.00;647
11817;27;4511033;11817;616;13248;13894;3.75;0.23;399.73;21.90;1431;52;4755.00;646
11820;27;4511046;11820;618;13254;13894;3.78;0.24;399.70;21.89;1434;52;4756.00;640
11822;27;4511061;11822;623;13255;13894;3.75;0.23;399.70;21.89;1433;52;4757.00;639
11823;27;4511074;11823;630;13257;13894;3.76;0.23;399.75;21.89;1434;52;4758.00;637
11827;27;4511089;11827;641;13260;13894;3.70;0.23;399.70;21.89;1433;52;4759.00;634
11827;27;4511102;11827;643;13261;13895;3.67;0.23;399.70;21.89;1434;52;4760.00;634
11828;27;4511116;11828;639;13262;13896;3.67;0.23;399.69;21.89;1434;52;4761.00;634
11829;27;4511130;11829;647;13263;13896;3.69;0.23;399.67;21.89;1434;52;4762.00;633
11830;27;4511143;11830;655;13264;13897;3.65;0.23;399.68;21.88;1434;52;4763.00;633
11833;27;4511157;11833;664;13265;13897;3.61;0.22;399.62;21.88;1432;52;4764.00;632
11834;27;4511171;11834;668;13266;13897;3.57;0.22;399.67;21.88;1432;52;4765.00;631
11836;27;4511184;11836;675;13267;13897;3.53;0.22;399.65;21.88;1431;52;4766.00;630
11837;27;4511197;11837;683;13270;13901;3.51;0.22;399.61;21.88;1433;52;4767.00;631
11840;27;4511210;11840;683;13271;13901;3.46;0.21;399.57;21.88;1431;52;4768.00;630
11840;27;4511223;11840;688;13273;13901;3.44;0.21;399.57;21.88;1433;52;4769.00;628
11841;27;4511238;11841;695;13276;13907;3.41;0.21;399.57;21.87;1435;52;4770.00;631
11843;27;4511252;11843;673;13277;13907;3.40;0.21;399.53;21.87;1434;52;4771.00;630
11846;27;4511266;11846;662;13279;13907;3.39;0.21;399.52;21.87;1433;52;4772.00;628
11847;27;4511279;11847;652;13282;13911;3.40;0.21;399.51;21.86;1435;52;4773.00;629
11847;27;4511294;11847;645;13283;13912;3.43;0.21;399.51;21.86;1436;52;4774.00;629
11848;27;4511307;11848;637;13283;13912;3.49;0.21;399.50;21.86;1435;52;4775.00;629
11851;27;4511321;11851;628;13286;13916;3.53;0.22;399.41;21.86;1435;52;4776.00;630
11851;27;4511336;11851;627;13286;13916;3.59;0.22;399.41;21.86;1435;52;4777.00;630
11853;27;4511349;11853;623;13286;13916;3.60;0.22;399.41;21.86;1433;52;4778.00;630
11854;27;4511368;11854;624;13286;13917;3.63;0.22;399.46;21.86;1432;52;4779.00;631
11855;27;4511382;11855;625;13286;13917;3.65;0.22;399.44;21.86;1431;52;4780.00;631
11857;27;4511396;11857;614;13290;13923;3.68;0.22;399.41;21.85;1433;52;4781.00;633
11860;27;4511411;11860;614;13290;13923;3.65;0.22;399.39;21.85;1430;52;4782.00;633
11860;27;4511425;11860;609;13290;13924;3.60;0.22;399.39;21.85;1430;52;4783.00;634
11864;27;4511438;11864;607;13290;13924;3.53;0.21;399.38;21.85;1426;52;4784.00;634
11866;27;4511451;11866;599;13290;13924;3.51;0.21;399.38;21.85;1424;52;4785.00;634
11868;27;4511469;11868;587;13290;13924;3.50;0.21;399.36;21.85;1422;52;4786.00;634
11871;27;4511483;11871;581;13290;13924;3.48;0.21;399.33;21.85;1419;52;4787.00;634
11871;27;4511496;11871;576;13299;13936;3.54;0.21;399.33;21.84;1428;52;4788.00;637
11874;27;4511512;11874;563;13299;13936;3.56;0.22;399.39;21.84;1425;52;4789.00;637
11875;27;4511526;11875;565;13299;13936;3.64;0.22;399.38;21.84;1424;52;4790.00;637
11876;27;4511539;11876;566;13299;13936;3.71;0.22;399.38;21.84;1423;52;4791.00;637
11879;27;4511553;11879;555;13299;13936;3.76;0.23;399.35;21.84;1420;52;4792.00;637
11880;27;4511568;11880;545;13299;13936;3.81;0.23;399.34;21.84;1419;52;4793.00;637
11885;27;4511581;11885;535;13302;13940;3.85;0.23;399.30;21.83;1417;52;4794.00;638
11888;27;4511597;11888;533;13302;13940;3.85;0.23;399.24;21.83;1414;52;4795.00;638
11889;27;4511611;11889;524;13306;13944;3.93;0.24;399.23;21.96;1417;52;4796.00;638
11891;27;4511627;11891;506;13306;13945;3.98;0.24;399.22;21.96;1415;52;4797.00;639
11895;27;4511642;11895;503;13306;13945;3.99;0.24;399.34;21.96;1411;52;4798.00;639
11897;27;4511657;11897;499;13306;13945;4.02;0.24;399.53;21.96;1409;52;4799.00;639
11902;27;4511673;11902;503;13326;13986;4.06;0.25;399.59;21.93;1424;52;4800.00;660
11903;27;4511695;11903;493;13327;13986;4.13;0.25;399.58;21.92;1424;52;4801.00;659
11907;27;4511710;11907;484;13330;13986;4.15;0.25;399.59;21.92;1423;52;4802.00;656
11911;27;4511725;11911;477;13330;13987;4.21;0.26;399.53;21.92;1419;52;4803.00;657
11914;27;4511740;11914;469;13332;13988;4.28;0.26;399.65;21.92;1418;52;4804.00;656
11918;27;4511755;11918;461;13333;13988;4.35;0.26;399.65;21.92;1415;52;4805.00;655
11921;27;4511770;11921;463;13333;13991;4.37;0.27;399.69;21.92;1412;52;4806.00;658
11923;27;4511786;11923;449;13333;13991;4.40;0.27;399.71;21.92;1410;52;4807.00;658
11926;27;4511802;11926;446;13334;13991;4.41;0.27;399.82;21.91;1408;52;4808.00;657
11929;27;4511816;11929;453;13334;13991;4.43;0.27;399.86;21.91;1405;52;4809.00;657
11935;27;4511833;11935;460;13339;13997;4.40;0.27;399.98;21.91;1404;52;4810.00;658
11937;27;4511849;11937;458;13339;13997;4.43;0.27;399.96;21.91;1402;52;4811.00;658
11941;27;4511864;11941;458;13339;13997;4.45;0.27;399.94;21.91;1398;52;4812.00;658
11945;27;4511879;11945;457;13339;13997;4.46;0.27;400.10;21.91;1394;52;4813.00;658
11949;27;4511895;11949;460;13342;14001;4.47;0.27;400.31;21.90;1393;52;4814.00;659
11953;27;4511910;11953;460;13344;14003;4.48;0.27;400.33;21.92;1391;52;4815.00;659
11958;27;4511925;11958;473;13345;14003;4.48;0.27;400.59;21.92;1387;52;4816.00;658
11963;27;4511940;11963;465;13345;14004;4.47;0.27;400.60;21.92;1382;52;4817.00;659
11969;27;4511956;11969;454;13345;14004;4.44;0.27;400.75;21.92;1376;52;4818.00;659
11971;27;4511971;11971;458;13345;14004;4.41;0.27;400.72;21.92;1374;52;4819.00;659
11976;27;4511987;11976;467;13345;14004;4.37;0.27;400.71;21.92;1369;52;4820.00;659
11980;27;4512001;11980;457;13345;14004;4.34;0.26;400.86;21.92;1365;52;4821.00;659
11983;27;4512016;11983;454;13347;14004;4.32;0.26;400.86;21.96;1364;52;4822.00;657
11990;27;4512031;11990;447;13347;14004;4.30;0.26;401.02;21.96;1357;52;4823.00;657
11993;27;4512047;11993;458;13384;14074;4.30;0.26;401.11;21.90;1391;52;4824.00;690
11996;27;4512066;11996;449;13386;14075;4.31;0.26;401.23;21.94;1390;52;4825.00;689
11999;27;4512082;11999;459;13387;14075;4.33;0.26;401.28;21.94;1388;52;4826.00;688
12003;27;4512096;12003;450;13389;14075;4.32;0.26;401.34;21.97;1386;52;4827.00;686
12007;27;4512112;12007;445;13391;14077;4.34;0.27;401.33;21.99;1384;52;4828.00;686
12011;27;4512127;12011;455;13392;14077;4.38;0.27;401.39;22.12;1381;52;4829.00;685
12014;27;4512145;12014;452;13393;14077;4.43;0.27;401.38;22.12;1379;52;4830.00;684
12017;27;4512161;12017;460;13395;14077;4.44;0.27;401.42;22.16;1378;52;4831.00;682
12018;27;4512176;12018;448;13396;14078;4.45;0.27;401.41;22.18;1378;52;4832.00;682
12019;27;4512192;12019;448;13398;14079;4.47;0.27;401.40;22.19;1379;52;4833.00;681
12022;27;4512208;12022;453;13400;14079;4.43;0.27;401.50;22.23;1378;52;4834.00;679
12023;27;4512229;12023;455;13404;14083;4.44;0.27;401.47;22.24;1381;52;4835.00;679
12027;27;4512244;12027;457;13406;14083;4.42;0.27;401.47;22.24;1379;52;4836.00;677
12032;27;4512260;12032;460;13406;14083;4.41;0.27;401.72;22.24;1374;52;4837.00;677
12036;27;4512275;12036;464;13409;14083;4.45;0.27;401.80;22.29;1373;52;4838.00;674
12040;27;4512291;12040;471;13414;14089;4.48;0.27;402.00;22.30;1374;52;4839.00;675
12044;27;4512311;12044;470;13416;14089;4.45;0.27;402.19;22.32;1372;52;4840.00;673
12048;27;4512334;12048;465;13418;14089;4.47;0.27;402.23;22.34;1370;52;4841.00;671
12052;27;4512350;12052;456;13422;14092;4.43;0.27;402.38;22.35;1370;52;4842.00;670
12056;27;4512370;12056;455;13423;14092;4.44;0.27;402.49;22.35;1367;52;4843.00;669
12058;27;4512386;12058;441;13425;14092;4.49;0.27;402.52;22.37;1367;52;4844.00;667
12061;27;4512402;12061;444;13429;14093;4.51;0.28;402.57;22.52;1368;52;4845.00;664
12067;27;4512423;12067;442;13430;14094;4.51;0.28;402.71;22.53;1363;52;4846.00;664
12070;27;4512439;12070;447;13433;14094;4.52;0.28;402.76;22.55;1363;52;4847.00;661
12075;27;4512455;12075;455;13443;14107;4.49;0.27;402.78;22.55;1368;52;4848.00;664
12076;27;4512472;12076;458;13445;14107;4.50;0.27;402.84;22.57;1369;52;4849.00;662
12080;27;4512488;12080;457;13446;14107;4.46;0.27;403.00;22.57;1366;52;4850.00;661
12081;27;4512504;12081;455;13447;14108;4.43;0.27;403.06;22.57;1366;52;4851.00;661
12082;27;4512518;12082;455;13449;14108;4.44;0.27;403.17;22.60;1367;52;4852.00;659
12087;27;4512534;12087;465;13452;14112;4.44;0.27;403.33;22.60;1365;52;4853.00;660
12091;27;4512550;12091;456;13452;14112;4.45;0.27;403.38;22.60;1361;52;4854.00;660
12093;27;4512566;12093;452;13457;14116;4.50;0.27;403.40;22.61;1364;52;4855.00;659
12097;27;4512581;12097;446;13457;14116;4.57;0.28;403.43;22.61;1360;52;4856.00;659
12099;27;4512597;12099;440;13460;14116;4.65;0.28;403.55;22.61;1361;52;4857.00;656
12101;27;4512612;12101;441;13460;14116;4.70;0.28;403.59;22.61;1359;52;4858.00;656
12102;27;4512628;12102;438;13463;14116;4.75;0.29;403.63;22.76;1361;52;4859.00;653
12105;27;4512645;12105;433;13485;14150;4.81;0.29;403.73;22.72;1380;52;4860.00;665
12108;27;4512663;12108;438;13487;14150;4.89;0.30;403.75;22.72;1379;52;4861.00;663
12111;27;4512679;12111;437;13488;14150;4.93;0.30;403.87;22.72;1377;52;4862.00;662
12119;27;4512695;12119;433;13490;14150;4.95;0.30;403.94;22.74;1371;52;4863.00;660
12122;27;4512711;12122;432;13495;14150;4.98;0.30;403.99;22.75;1373;52;4864.00;655
12123;27;4512726;12123;434;13496;14150;5.02;0.31;404.03;22.75;1373;52;4865.00;654
12125;27;4512742;12125;440;13497;14151;5.00;0.30;404.06;22.75;1372;52;4866.00;654
12128;27;4512757;12128;438;13498;14151;4.99;0.30;404.07;22.75;1370;52;4867.00;653
12129;27;4512773;12129;447;13504;14157;4.97;0.30;404.11;22.76;1375;53;4868.00;653
12130;27;4512796;12130;450;13504;14158;4.92;0.30;404.15;22.76;1374;53;4869.00;654
12132;27;4512812;12132;465;13505;14158;4.88;0.30;404.19;22.78;1373;53;4870.00;653
12133;27;4512827;12133;466;13505;14158;4.83;0.29;404.23;22.78;1372;53;4871.00;653
12134;27;4512842;12134;480;13506;14162;4.80;0.29;404.22;22.78;1372;53;4872.00;656
12136;27;4512857;12136;493;13508;14162;4.79;0.29;404.25;22.79;1372;53;4873.00;654
12137;27;4512872;12137;497;13509;14162;4.72;0.29;404.24;22.81;1372;53;4874.00;653
12141;27;4512887;12141;505;13510;14163;4.64;0.28;404.29;22.81;1369;53;4875.00;653
12143;27;4512902;12143;506;13514;14167;4.61;0.28;404.35;22.82;1371;53;4876.00;653
12144;27;4512919;12144;506;13515;14167;4.54;0.28;404.34;22.95;1371;53;4877.00;652
12146;27;4512935;12146;518;13516;14170;4.47;0.27;404.31;22.95;1370;53;4878.00;654
12149;27;4512950;12149;523;13518;14170;4.37;0.27;404.32;22.98;1369;53;4879.00;652
12151;27;4512965;12151;518;13518;14170;4.33;0.26;404.30;22.98;1367;53;4880.00;652
12153;27;4512980;12153;520;13519;14170;4.35;0.26;404.27;23.00;1366;53;4881.00;651
12157;27;4512994;12157;518;13524;14174;4.35;0.26;404.30;23.01;1367;53;4882.00;650
12158;27;4513010;12158;512;13525;14174;4.39;0.27;404.31;23.03;1367;53;4883.00;649
12160;27;4513025;12160;508;13526;14174;4.42;0.27;404.30;23.05;1366;53;4884.00;648
12163;27;4513040;12163;517;13527;14174;4.42;0.27;404.27;23.06;1364;53;4885.00;647
12165;27;4513054;12165;518;13527;14175;4.39;0.27;404.24;23.06;1362;53;4886.00;648
12166;27;4513069;12166;512;13527;14176;4.39;0.27;404.27;23.06;1361;53;4887.00;649
12169;27;4513083;12169;511;13529;14176;4.34;0.26;404.30;23.10;1360;53;4888.00;647
12172;27;4513096;12172;515;13530;14177;4.32;0.26;404.24;23.09;1358;53;4889.00;647
12174;27;4513112;12174;520;13531;14177;4.29;0.26;404.23;23.11;1357;53;4890.00;646
12174;27;4513126;12174;523;13532;14177;4.33;0.26;404.23;23.13;1358;53;4891.00;645
12178;27;4513140;12178;523;13532;14177;4.30;0.26;404.25;23.13;1354;53;4892.00;645
12179;27;4513154;12179;528;13532;14177;4.27;0.26;404.22;23.13;1353;53;4893.00;645
12182;27;4513168;12182;534;13532;14177;4.24;0.26;404.21;23.13;1350;53;4894.00;645
12186;27;4513182;12186;539;13533;14177;4.19;0.26;404.20;23.26;1347;53;4895.00;644
12191;27;4513196;12191;562;13591;14304;4.40;0.27;404.14;23.16;1400;53;4896.00;713
12192;27;4513220;12192;553;13594;14305;4.35;0.27;404.20;23.17;1402;53;4897.00;711
12194;27;4513235;12194;548;13598;14305;4.35;0.27;404.21;23.16;1404;53;4898.00;707
12196;27;4513249;12196;555;13598;14305;4.28;0.26;404.26;23.16;1402;53;4899.00;707
12198;27;4513264;12198;558;13604;14305;4.27;0.26;404.20;23.17;1406;53;4900.00;701
12200;27;4513283;12200;563;13607;14305;4.23;0.26;404.16;23.17;1407;53;4901.00;698
12200;27;4513298;12200;575;13609;14305;4.25;0.26;404.16;23.17;1409;53;4902.00;696
12203;27;4513311;12203;581;13612;14305;4.22;0.26;404.17;23.16;1409;53;4903.00;693
12203;27;4513326;12203;583;13613;14306;4.17;0.26;404.17;23.16;1410;53;4904.00;693
12205;27;4513341;12205;592;13616;14308;4.14;0.26;404.17;23.16;1411;53;4905.00;692
12205;27;4513356;12205;595;13618;14308;4.09;0.25;404.17;23.16;1413;53;4906.00;690
12206;27;4513370;12206;605;13621;14309;4.03;0.25;404.14;23.17;1415;53;4907.00;688
12208;27;4513384;12208;614;13623;14309;3.97;0.24;404.17;23.17;1415;53;4908.00;686
12208;27;4513399;12208;621;13626;14309;3.92;0.24;404.17;23.17;1418;53;4909.00;683
12210;27;4513412;12210;632;13628;14309;3.85;0.24;404.16;23.17;1418;53;4910.00;681
12212;27;4513427;12212;633;13631;14313;3.83;0.24;404.22;23.16;1419;53;4911.00;682
12213;27;4513442;12213;645;13632;14313;3.84;0.24;404.29;23.16;1419;53;4912.00;681
12217;27;4513461;12217;653;13633;14313;3.77;0.23;404.36;23.16;1416;53;4913.00;680
12218;27;4513476;12218;665;13634;14316;3.76;0.23;404.35;23.16;1416;53;4914.00;682
12218;27;4513490;12218;670;13635;14316;3.78;0.23;404.35;23.16;1417;53;4915.00;681
12220;27;4513503;12220;672;13636;14316;3.78;0.23;404.33;23.16;1416;53;4916.00;680
12221;27;4513517;12221;672;13640;14320;3.77;0.23;404.32;23.15;1419;53;4917.00;680
12222;27;4513531;12222;662;13642;14321;3.78;0.23;404.34;23.15;1420;53;4918.00;679
12224;27;4513545;12224;655;13642;14321;3.78;0.23;404.31;23.15;1418;53;4919.00;679
12225;27;4513561;12225;653;13645;14326;3.79;0.23;404.32;23.14;1420;53;4920.00;681
12228;27;4513576;12228;648;13646;14326;3.82;0.23;404.27;23.14;1418;53;4921.00;680
12229;27;4513590;12229;642;13646;14326;3.81;0.23;404.26;23.14;1417;53;4922.00;680
12231;27;4513605;12231;638;13646;14327;3.79;0.23;404.22;23.14;1415;53;4923.00;681
12232;27;4513619;12232;640;13646;14327;3.82;0.23;404.20;23.14;1414;53;4924.00;681
12233;27;4513634;12233;641;13650;14333;3.87;0.24;404.17;23.14;1417;54;4925.00;683
12236;27;4513658;12236;636;13650;14333;3.87;0.24;404.15;23.14;1414;54;4926.00;683
12238;27;4513672;12238;630;13650;14334;3.87;0.24;404.14;23.14;1412;54;4927.00;684
12239;27;4513687;12239;635;13650;14334;3.89;0.24;404.11;23.14;1411;54;4928.00;684
12241;27;4513702;12241;635;13650;14334;3.86;0.24;404.09;23.14;1409;54;4929.00;684
12243;27;4513716;12243;636;13650;14334;3.85;0.23;404.07;23.14;1407;54;4930.00;684
12243;27;4513730;12243;641;13650;14334;3.86;0.23;404.07;23.14;1407;54;4931.00;684
12244;27;4513744;12244;645;13659;14346;3.87;0.24;404.06;23.12;1415;54;4932.00;687
12246;27;4513763;12246;648;13659;14346;3.87;0.24;404.02;23.12;1413;54;4933.00;687
12248;27;4513777;12248;645;13659;14346;3.89;0.24;404.02;23.12;1411;54;4934.00;687
12249;27;4513792;12249;650;13659;14346;3.91;0.24;404.07;23.12;1410;54;4935.00;687
12252;27;4513806;12252;642;13659;14346;3.90;0.24;404.03;23.12;1407;54;4936.00;687
12252;27;4513821;12252;644;13659;14346;3.92;0.24;404.03;23.12;1407;54;4937.00;687
12252;27;4513835;12252;646;13662;14350;3.95;0.24;404.03;23.12;1410;54;4938.00;688
12255;27;4513849;12255;652;13662;14350;3.95;0.24;403.94;23.12;1407;54;4939.00;688
12257;27;4513862;12257;640;13665;14354;3.97;0.24;403.92;23.11;1408;54;4940.00;689
12260;27;4513877;12260;639;13665;14355;3.95;0.24;404.00;23.11;1405;54;4941.00;690
12262;27;4513896;12262;635;13665;14355;3.97;0.24;403.96;23.11;1403;54;4942.00;690
12263;27;4513909;12263;635;13665;14355;3.96;0.24;403.93;23.11;1402;54;4943.00;690
12263;27;4513923;12263;636;13675;14368;3.97;0.24;403.93;23.09;1412;54;4944.00;693
12265;27;4513937;12265;625;13675;14368;3.93;0.24;404.01;23.09;1410;54;4945.00;693
12268;27;4513951;12268;626;13675;14368;3.93;0.24;404.10;23.09;1407;54;4946.00;693
12270;27;4513965;12270;620;13676;14369;3.92;0.24;404.17;23.09;1406;54;4947.00;693
12273;27;4513978;12273;612;13676;14370;3.91;0.24;404.17;23.09;1403;54;4948.00;694
12275;27;4513992;12275;610;13676;14370;3.91;0.24;404.23;23.09;1401;54;4949.00;694
12277;27;4514007;12277;603;13681;14379;3.92;0.24;404.27;23.08;1404;54;4950.00;698
12282;27;4514022;12282;591;13681;14379;3.92;0.24;404.24;23.08;1399;54;4951.00;698
12283;27;4514036;12283;585;13682;14379;3.97;0.24;404.25;23.08;1399;54;4952.00;697
12286;27;4514050;12286;574;13682;14379;3.99;0.24;404.29;23.08;1396;54;4953.00;697
12288;27;4514064;12288;566;13685;14385;4.05;0.25;404.38;23.08;1397;54;4954.00;700
12292;27;4514078;12292;565;13686;14385;4.04;0.25;404.36;23.08;1394;54;4955.00;699
12298;27;4514093;12298;562;13686;14385;4.08;0.25;404.41;23.08;1388;54;4956.00;699
12301;27;4514108;12301;557;13686;14385;4.13;0.25;404.47;23.08;1385;54;4957.00;699
12303;27;4514122;12303;550;13689;14389;4.19;0.26;404.48;23.07;1386;54;4958.00;700
12304;27;4514137;12304;544;13689;14390;4.28;0.26;404.51;23.07;1385;54;4959.00;701
12307;27;4514151;12307;528;13689;14390;4.34;0.26;404.45;23.07;1382;54;4960.00;701
12310;27;4514166;12310;521;13689;14391;4.40;0.27;404.47;23.07;1379;54;4961.00;702
12313;27;4514182;12313;516;13689;14391;4.49;0.27;404.52;23.07;1376;54;4962.00;702
12318;27;4514196;12318;510;13689;14391;4.58;0.28;404.51;23.07;1371;54;4963.00;702
12319;27;4514212;12319;509;13689;14391;4.67;0.28;404.62;23.07;1370;54;4964.00;702
12326;27;4514227;12326;500;13689;14391;4.69;0.28;404.59;23.07;1363;54;4965.00;702
12330;27;4514243;12330;493;13689;14391;4.76;0.29;404.63;23.07;1359;54;4966.00;702
12332;27;4514258;12332;492;13689;14391;4.79;0.29;404.76;23.07;1357;54;4967.00;702
12336;27;4514272;12336;495;13722;14461;4.92;0.30;404.89;23.02;1386;54;4968.00;739
12341;27;4514294;12341;481;13725;14462;4.93;0.30;404.98;23.01;1384;54;4969.00;737
12342;27;4514309;12342;475;13726;14462;4.98;0.30;405.06;23.01;1384;54;4970.00;736
12343;27;4514325;12343;470;13728;14462;5.03;0.31;405.06;23.01;1385;54;4971.00;734
12348;27;4514340;12348;463;13728;14462;5.06;0.31;405.11;23.01;1380;54;4972.00;734
12350;27;4514356;12350;463;13728;14462;5.05;0.31;405.10;23.01;1378;54;4973.00;734
12352;27;4514371;12352;465;13728;14462;5.05;0.31;405.18;23.01;1376;54;4974.00;734
12357;27;4514387;12357;463;13728;14462;5.00;0.31;405.29;23.01;1371;54;4975.00;734
12359;27;4514402;12359;467;13728;14463;4.99;0.30;405.32;23.01;1369;54;4976.00;735
12364;27;4514417;12364;468;13728;14464;4.91;0.30;405.54;23.01;1364;54;4977.00;736
12369;27;4514433;12369;480;13728;14464;4.86;0.30;405.67;23.01;1359;54;4978.00;736
12372;27;4514448;12372;482;13731;14468;4.86;0.30;405.74;23.00;1359;54;4979.00;737
12380;27;4514465;12380;482;13731;14468;4.78;0.29;405.86;23.00;1351;54;4980.00;737
12384;27;4514481;12384;484;13731;14468;4.76;0.29;405.85;23.00;1347;54;4981.00;737
12391;27;4514496;12391;479;13733;14468;4.74;0.29;406.05;23.02;1342;54;4982.00;735
12394;27;4514512;12394;479;13738;14474;4.76;0.29;406.10;23.04;1344;54;4983.00;736
12398;27;4514534;12398;481;13738;14474;4.78;0.29;406.24;23.04;1340;54;4984.00;736
12407;27;4514549;12407;475;13738;14474;4.75;0.29;406.32;23.04;1331;54;4985.00;736
12409;27;4514564;12409;473;13740;14477;4.77;0.29;406.40;23.06;1331;54;4986.00;737
12413;27;4514578;12413;477;13741;14477;4.78;0.29;406.46;23.06;1328;54;4987.00;736
12419;27;4514594;12419;474;13742;14477;4.78;0.29;406.56;23.08;1323;54;4988.00;735
12423;27;4514608;12423;475;13743;14478;4.78;0.29;406.66;23.08;1320;54;4989.00;735
12427;27;4514623;12427;470;13744;14479;4.73;0.29;406.61;23.10;1317;54;4990.00;735
12431;27;4514638;12431;475;13746;14479;4.70;0.29;406.73;23.12;1315;54;4991.00;733
12436;28;4514653;12436;475;13755;14492;4.68;0.28;406.87;23.13;1319;55;4992.00;737
12436;28;4514676;12436;474;13758;14492;4.70;0.29;406.87;23.15;1322;55;4993.00;734
12439;28;4514691;12439;479;13760;14492;4.71;0.29;407.07;23.19;1321;55;4994.00;732
12441;28;4514706;12441;476;13763;14494;4.78;0.29;407.10;23.24;1322;55;4995.00;731
12443;28;4514724;12443;481;13765;14494;4.79;0.29;407.10;23.26;1322;55;4996.00;729
12446;28;4514739;12446;485;13770;14498;4.82;0.29;407.13;23.28;1324;55;4997.00;728
12449;28;4514755;12449;480;13770;14498;4.85;0.30;407.18;23.28;1321;55;4998.00;728
12453;28;4514770;12453;475;13775;14502;4.83;0.29;407.36;23.29;1322;55;4999.00;727
12456;28;4514788;12456;472;13775;14502;4.77;0.29;407.43;23.29;1319;55;5000.00;727
12459;28;4514806;12459;478;13779;14502;4.75;0.29;407.57;23.45;1320;55;5001.00;723
12463;28;4514827;12463;476;13780;14502;4.70;0.29;407.69;23.47;1317;55;5002.00;722
12465;28;4514843;12465;488;13781;14502;4.68;0.29;407.79;23.47;1316;55;5003.00;721
12467;28;4514857;12467;490;13789;14514;4.66;0.28;407.82;23.48;1322;55;5004.00;725
12468;28;4514873;12468;490;13792;14514;4.64;0.28;407.87;23.52;1324;55;5005.00;722
12470;28;4514888;12470;486;13793;14514;4.65;0.28;407.84;23.54;1323;55;5006.00;721
12473;28;4514903;12473;477;13795;14514;4.66;0.28;407.94;23.54;1322;55;5007.00;719
12475;28;4514918;12475;482;13795;14514;4.69;0.29;407.90;23.54;1320;55;5008.00;719
12476;28;4514932;12476;475;13798;14514;4.74;0.29;408.00;23.58;1322;55;5009.00;716
12484;28;4514948;12484;479;13800;14515;4.74;0.29;408.08;23.60;1316;55;5010.00;715
12487;28;4514965;12487;472;13801;14515;4.78;0.29;408.25;23.60;1314;55;5011.00;714
12489;28;4514981;12489;477;13807;14521;4.79;0.29;408.32;23.63;1318;55;5012.00;714
12490;28;4514996;12490;477;13808;14522;4.82;0.29;408.34;23.63;1318;55;5013.00;714
12494;28;4515012;12494;479;13811;14522;4.81;0.29;408.57;23.67;1317;55;5014.00;711
12496;28;4515026;12496;483;13813;14522;4.79;0.29;408.62;23.69;1317;55;5015.00;709
12499;28;4515042;12499;490;13817;14526;4.79;0.29;408.77;23.70;1318;55;5016.00;709
12502;28;4515058;12502;476;13819;14526;4.80;0.29;408.93;23.72;1317;55;5017.00;707
12504;28;4515073;12504;476;13821;14526;4.80;0.29;408.93;23.74;1317;55;5018.00;705
12508;28;4515088;12508;473;13822;14527;4.77;0.29;409.11;23.73;1314;55;5019.00;705
12509;28;4515104;12509;464;13828;14531;4.77;0.29;409.19;23.76;1319;55;5020.00;703
12511;28;4515119;12511;467;13829;14531;4.79;0.29;409.32;23.78;1318;55;5021.00;702
12514;28;4515134;12514;476;13831;14534;4.78;0.29;409.37;23.80;1317;55;5022.00;703
12517;28;4515149;12517;476;13832;14534;4.80;0.29;409.40;23.81;1315;55;5023.00;702
12518;28;4515163;12518;478;13834;14534;4.79;0.29;409.39;23.85;1316;55;5024.00;700
12520;28;4515178;12520;477;13834;14534;4.76;0.29;409.46;23.85;1314;55;5025.00;700
12520;28;4515192;12520;481;13839;14538;4.80;0.29;409.46;23.88;1319;56;5026.00;699
12522;28;4515215;12522;485;13841;14538;4.79;0.29;409.61;23.92;1319;56;5027.00;697
12525;28;4515230;12525;483;13842;14538;4.72;0.29;409.58;23.94;1317;56;5028.00;696
12526;28;4515245;12526;484;13846;14538;4.73;0.29;409.56;24.32;1320;57;5029.00;692
12528;28;4515270;12528;488;13846;14539;4.73;0.29;409.58;24.32;1318;57;5030.00;693
12529;28;4515286;12529;492;13848;14540;4.72;0.29;409.55;24.36;1319;57;5031.00;692
12530;28;4515300;12530;494;13848;14540;4.67;0.28;409.66;24.36;1318;58;5032.00;692
12531;28;4515320;12531;500;13850;14541;4.66;0.28;409.64;24.38;1319;58;5033.00;691
12534;28;4515338;12534;503;13851;14541;4.58;0.28;409.64;24.39;1317;58;5034.00;690
12537;28;4515351;12537;506;13852;14541;4.50;0.27;409.60;24.41;1315;58;5035.00;689
12539;28;4515366;12539;510;13854;14541;4.46;0.27;409.56;24.45;1315;58;5036.00;687
12539;28;4515380;12539;513;13854;14541;4.46;0.27;409.56;24.45;1315;58;5037.00;687
12539;28;4515394;12539;523;13854;14541;4.47;0.27;409.56;24.45;1315;58;5038.00;687
12541;28;4515408;12541;525;13856;14541;4.46;0.27;409.55;24.49;1315;58;5039.00;685
12543;28;4515424;12543;584;13975;14771;4.57;0.29;409.59;24.28;1432;58;5040.00;796
12546;28;4515457;12546;577;13978;14772;4.57;0.29;409.61;24.31;1432;58;5041.00;794
12549;28;4515473;12549;553;13984;14772;4.64;0.29;409.60;24.30;1435;58;5042.00;788
12550;28;4515506;12550;537;13986;14772;4.67;0.29;409.65;24.32;1436;58;5043.00;786
12550;28;4515525;12550;534;13992;14772;4.73;0.30;409.65;24.33;1442;58;5044.00;780
12551;28;4515539;12551;532;13997;14772;4.78;0.30;409.63;24.34;1446;58;5045.00;775
12551;28;4515554;12551;513;14003;14772;4.83;0.30;409.63;24.35;1452;58;5046.00;769
12556;28;4515569;12556;505;14009;14772;4.88;0.30;409.58;24.38;1453;58;5047.00;763
12561;28;4515590;12561;504;14013;14773;4.89;0.30;409.63;24.37;1452;58;5048.00;760
12563;28;4515606;12563;501;14018;14774;4.91;0.30;409.62;24.40;1455;58;5049.00;756
12567;28;4515622;12567;495;14020;14774;4.90;0.30;409.58;24.40;1453;58;5050.00;754
12569;28;4515637;12569;500;14024;14775;4.87;0.30;409.58;24.43;1455;58;5051.00;751
12569;28;4515652;12569;498;14027;14775;4.85;0.30;409.58;24.42;1458;58;5052.00;748
12572;28;4515667;12572;504;14030;14775;4.77;0.29;409.57;24.45;1458;58;5053.00;745
12572;28;4515682;12572;506;14033;14775;4.73;0.29;409.57;24.48;1461;58;5054.00;742
12576;28;4515698;12576;507;14036;14779;4.67;0.29;409.54;24.49;1460;59;5055.00;743
12581;28;4515723;12581;506;14038;14779;4.64;0.29;409.58;24.51;1457;59;5056.00;741
12586;28;4515739;12586;515;14041;14779;4.58;0.28;409.51;24.52;1455;59;5057.00;738
12587;28;4515755;12587;528;14044;14782;4.57;0.28;409.55;24.53;1457;59;5058.00;738
12590;28;4515771;12590;533;14046;14782;4.50;0.28;409.49;24.67;1456;59;5059.00;736
12591;28;4515787;12591;539;14046;14782;4.46;0.28;409.47;24.67;1455;59;5060.00;736
12591;28;4515804;12591;551;14050;14786;4.42;0.27;409.47;24.68;1459;59;5061.00;736
12593;28;4515819;12593;566;14052;14787;4.35;0.27;409.48;24.68;1459;59;5062.00;735
12594;28;4515835;12594;577;14053;14787;4.31;0.27;409.50;24.69;1459;59;5063.00;734
12600;28;4515851;12600;583;14056;14791;4.23;0.26;409.54;24.69;1456;59;5064.00;735
12601;28;4515867;12601;586;14057;14791;4.22;0.26;409.62;24.69;1456;59;5065.00;734
12603;28;4515883;12603;580;14058;14791;4.20;0.26;409.77;24.71;1455;59;5066.00;733
12604;28;4515905;12604;579;14058;14792;4.20;0.26;409.79;24.71;1454;59;5067.00;734
12606;28;4515920;12606;582;14062;14792;4.22;0.26;409.81;24.72;1456;59;5068.00;730
12609;28;4515936;12609;584;14068;14798;4.20;0.26;409.73;24.76;1459;59;5069.00;730
12612;28;4515953;12612;582;14072;14798;4.19;0.26;409.77;24.77;1460;59;5070.00;726
12612;28;4515969;12612;584;14072;14799;4.23;0.26;409.77;24.77;1460;59;5071.00;727
12616;28;4515985;12616;591;14075;14799;4.21;0.26;409.75;24.80;1459;59;5072.00;724
12618;28;4516006;12618;594;14076;14799;4.19;0.26;409.71;24.80;1458;59;5073.00;723
12618;28;4516022;12618;591;14076;14799;4.18;0.26;409.71;24.80;1458;59;5074.00;723
12619;28;4516037;12619;595;14078;14799;4.18;0.26;409.72;24.82;1459;59;5075.00;721
12622;28;4516052;12622;600;14088;14811;4.19;0.26;409.67;24.81;1466;59;5076.00;723
12622;28;4516069;12622;599;14090;14811;4.19;0.26;409.67;24.83;1468;59;5077.00;721
12624;28;4516084;12624;601;14090;14811;4.18;0.26;409.66;24.83;1466;59;5078.00;721
12625;28;4516105;12625;603;14092;14811;4.20;0.26;409.65;24.84;1467;59;5079.00;719
12628;28;4516121;12628;602;14093;14811;4.20;0.26;409.64;24.84;1465;59;5080.00;718
12630;28;4516137;12630;600;14094;14811;4.21;0.26;409.62;24.84;1464;59;5081.00;717
12632;28;4516152;12632;601;14097;14815;4.22;0.26;409.65;24.84;1465;59;5082.00;718
12633;28;4516168;12633;596;14099;14815;4.23;0.26;409.64;24.84;1466;59;5083.00;716
12634;28;4516183;12634;607;14102;14819;4.25;0.26;409.62;24.83;1468;59;5084.00;717
12636;28;4516199;12636;617;14103;14821;4.24;0.26;409.66;24.83;1467;59;5085.00;718
12637;28;4516215;12637;615;14103;14821;4.28;0.26;409.77;24.83;1466;59;5086.00;718
12639;28;4516231;12639;613;14104;14821;4.31;0.26;409.82;24.96;1465;59;5087.00;717
12643;28;4516246;12643;623;14114;14834;4.30;0.26;409.86;24.94;1471;59;5088.00;720
12644;28;4516263;12644;616;14114;14834;4.33;0.26;409.90;24.94;1470;59;5089.00;720
12646;28;4516283;12646;621;14114;14834;4.36;0.27;409.90;24.94;1468;59;5090.00;720
12648;28;4516299;12648;630;14115;14835;4.35;0.27;409.99;24.94;1467;59;5091.00;720
12651;28;4516314;12651;628;14115;14836;4.32;0.26;409.93;24.94;1464;59;5092.00;721
12653;28;4516336;12653;639;14118;14836;4.30;0.26;410.05;25.31;1465;59;5093.00;718
12656;28;4516351;12656;642;14119;14839;4.28;0.26;410.12;25.31;1463;59;5094.00;720
12659;28;4516367;12659;641;14120;14839;4.25;0.26;410.07;25.43;1461;59;5095.00;719
12661;28;4516382;12661;646;14120;14839;4.21;0.26;410.08;25.43;1459;59;5096.00;719
12661;28;4516397;12661;640;14120;14839;4.22;0.26;410.08;25.43;1459;59;5097.00;719
12663;28;4516412;12663;656;14124;14845;4.27;0.26;410.03;25.43;1461;59;5098.00;721
12665;28;4516427;12665;655;14124;14845;4.25;0.26;410.04;25.43;1459;59;5099.00;721
12666;28;4516444;12666;657;14129;14864;4.24;0.26;410.05;25.42;1463;59;5100.00;735
12668;28;4516466;12668;647;14129;14864;4.26;0.26;410.04;25.42;1461;59;5101.00;735
12671;28;4516481;12671;644;14132;14868;4.24;0.26;410.02;25.41;1461;59;5102.00;736
12675;28;4516496;12675;640;14132;14869;4.20;0.25;410.06;25.41;1457;59;5103.00;737
12678;28;4516511;12678;640;14132;14869;4.19;0.25;409.98;25.41;1454;59;5104.00;737
12680;28;4516525;12680;646;14134;14870;4.16;0.25;409.97;25.41;1454;59;5105.00;736
12683;28;4516540;12683;641;14136;14870;4.15;0.25;410.00;25.41;1453;59;5106.00;734
12683;28;4516556;12683;646;14136;14870;4.22;0.26;410.00;25.41;1453;59;5107.00;734
12687;28;4516570;12687;640;14136;14870;4.24;0.26;410.04;25.41;1449;59;5108.00;734
12687;28;4516584;12687;635;14136;14870;4.30;0.26;410.04;25.41;1449;59;5109.00;734
12690;28;4516599;12690;629;14136;14870;4.33;0.26;410.08;25.41;1446;59;5110.00;734
12692;28;4516614;12692;626;14136;14870;4.38;0.27;410.13;25.41;1444;59;5111.00;734
12696;28;4516628;12696;634;14174;14940;4.40;0.27;410.11;25.34;1478;59;5112.00;766
12698;28;4516648;12698;628;14177;14941;4.45;0.27;410.08;25.33;1479;59;5113.00;764
12700;28;4516664;12700;617;14180;14941;4.51;0.27;410.10;25.33;1480;59;5114.00;761
12705;28;4516683;12705;598;14180;14941;4.55;0.28;410.14;25.33;1475;59;5115.00;761
12707;28;4516699;12707;592;14180;14941;4.56;0.28;410.15;25.33;1473;59;5116.00;761
12710;28;4516715;12710;587;14181;14941;4.59;0.28;410.22;25.33;1471;59;5117.00;760
12715;28;4516730;12715;582;14183;14941;4.61;0.28;410.30;25.33;1468;59;5118.00;758
12717;28;4516746;12717;578;14183;14941;4.63;0.28;410.31;25.33;1466;59;5119.00;758
12720;28;4516761;12720;582;14183;14942;4.60;0.28;410.31;25.33;1463;59;5120.00;759
12721;28;4516777;12721;582;14183;14943;4.59;0.28;410.29;25.33;1462;59;5121.00;760
12726;28;4516793;12726;579;14183;14943;4.56;0.28;410.39;25.33;1457;59;5122.00;760
12726;28;4516809;12726;582;14186;14947;4.61;0.28;410.39;25.32;1460;59;5123.00;761
12730;28;4516825;12730;580;14188;14947;4.62;0.28;410.50;25.32;1458;59;5124.00;759
12734;28;4516841;12734;579;14188;14947;4.61;0.28;410.61;25.32;1454;59;5125.00;759
12736;28;4516857;12736;583;14188;14947;4.63;0.28;410.71;25.32;1452;59;5126.00;759
12742;28;4516873;12742;580;14191;14953;4.61;0.28;411.01;25.32;1449;59;5127.00;762
12745;28;4516889;12745;585;14191;14953;4.60;0.28;411.07;25.32;1446;59;5128.00;762
12747;28;4516905;12747;586;14192;14953;4.62;0.28;411.07;25.32;1445;59;5129.00;761
12751;28;4516922;12751;589;14195;14959;4.64;0.28;411.09;25.31;1444;59;5130.00;764
12756;28;4516939;12756;584;14196;14959;4.66;0.28;411.23;25.31;1440;59;5131.00;763
12759;28;4516955;12759;577;14198;14959;4.68;0.28;411.27;25.31;1439;59;5132.00;761
12762;28;4516972;12762;566;14200;14960;4.69;0.28;411.28;25.31;1438;59;5133.00;760
12767;28;4516988;12767;575;14201;14961;4.65;0.28;411.37;25.31;1434;59;5134.00;760
12769;28;4517006;12769;567;14202;14961;4.70;0.28;411.45;25.31;1433;59;5135.00;759
12774;28;4517021;12774;577;14211;14974;4.74;0.29;411.47;25.30;1437;59;5136.00;763
12776;28;4517038;12776;567;14213;14974;4.73;0.29;411.48;25.30;1437;59;5137.00;761
12780;28;4517054;12780;565;14213;14974;4.73;0.29;411.60;25.30;1433;59;5138.00;761
12784;28;4517070;12784;565;14214;14975;4.72;0.29;411.56;25.30;1430;59;5139.00;761
12787;28;4517092;12787;554;14216;14975;4.73;0.29;411.59;25.30;1429;59;5140.00;759
12790;28;4517108;12790;554;14219;14979;4.74;0.29;411.64;25.29;1429;59;5141.00;760
12794;28;4517124;12794;562;14222;14979;4.71;0.29;411.70;25.29;1428;59;5142.00;757
12799;28;4517140;12799;572;14226;14983;4.69;0.28;411.75;25.29;1427;59;5143.00;757
12799;28;4517156;12799;578;14228;14983;4.72;0.29;411.75;25.29;1429;59;5144.00;755
12807;28;4517172;12807;574;14228;14983;4.67;0.28;411.80;25.29;1421;59;5145.00;755
12808;28;4517188;12808;570;14229;14983;4.67;0.28;411.79;25.28;1421;59;5146.00;754
12813;28;4517205;12813;587;14231;14983;4.61;0.28;411.79;25.42;1418;59;5147.00;752
12816;28;4517222;12816;583;14238;14995;4.55;0.28;411.87;25.41;1422;59;5148.00;757
12820;28;4517240;12820;574;14239;14995;4.43;0.27;411.87;25.41;1419;59;5149.00;756
12823;28;4517256;12823;573;14241;14995;4.37;0.27;411.92;25.44;1418;59;5150.00;754
12826;28;4517271;12826;577;14242;14995;4.30;0.26;412.01;25.44;1416;59;5151.00;753
12831;28;4517286;12831;582;14242;14995;4.23;0.26;412.04;25.44;1411;59;5152.00;753
12834;28;4517302;12834;588;14242;14995;4.23;0.26;412.09;25.44;1408;59;5153.00;753
12836;28;4517317;12836;596;14242;14996;4.21;0.26;412.12;25.44;1406;59;5154.00;754
12839;28;4517332;12839;602;14244;14998;4.16;0.25;412.13;25.44;1405;59;5155.00;754
12842;28;4517348;12842;598;14250;15004;4.12;0.25;412.19;25.46;1408;59;5156.00;754
12845;28;4517364;12845;606;14250;15005;4.08;0.25;412.31;25.46;1405;59;5157.00;755
12848;28;4517379;12848;601;14250;15005;4.05;0.25;412.42;25.46;1402;59;5158.00;755
12848;28;4517394;12848;608;14252;15005;4.03;0.24;412.42;25.50;1404;59;5159.00;753
12852;28;4517410;12852;609;14256;15010;3.99;0.24;412.42;25.49;1404;59;5160.00;754
12854;28;4517425;12854;618;14258;15010;3.97;0.24;412.46;25.52;1404;59;5161.00;752
12860;28;4517440;12860;608;14258;15010;3.93;0.24;412.44;25.52;1398;59;5162.00;752
12863;28;4517456;12863;609;14261;15011;3.92;0.24;412.49;25.56;1398;59;5163.00;750
12867;28;4517476;12867;603;14265;15015;3.93;0.24;412.57;25.57;1398;59;5164.00;750
12870;28;4517491;12870;606;14266;15015;3.93;0.24;412.61;25.58;1396;59;5165.00;749
12875;28;4517506;12875;610;14267;15018;3.92;0.24;412.65;25.58;1392;59;5166.00;751
12877;28;4517521;12877;615;14269;15018;3.91;0.24;412.79;25.62;1392;59;5167.00;749
12880;28;4517536;12880;620;14269;15018;3.91;0.24;412.82;25.62;1389;59;5168.00;749
12881;28;4517550;12881;619;14271;15018;3.95;0.24;412.84;25.65;1390;59;5169.00;747
12883;28;4517566;12883;629;14276;15022;3.98;0.24;412.99;25.68;1393;59;5170.00;746
12887;28;4517586;12887;615;14277;15022;3.99;0.24;413.21;25.81;1390;59;5171.00;745
12890;28;4517601;12890;609;14278;15022;4.00;0.24;413.26;25.83;1388;59;5172.00;744
12891;28;4517616;12891;610;14280;15022;4.03;0.24;413.24;25.87;1389;59;5173.00;742
12894;28;4517631;12894;611;14280;15023;4.02;0.24;413.21;25.87;1386;59;5174.00;743
12897;28;4517647;12897;617;14282;15025;4.05;0.25;413.31;25.88;1385;59;5175.00;743
12900;28;4517662;12900;615;14283;15025;4.04;0.25;413.29;25.90;1383;59;5176.00;742
12903;28;4517678;12903;614;14285;15026;4.08;0.25;413.29;25.91;1382;59;5177.00;741
12907;28;4517693;12907;625;14285;15026;4.08;0.25;413.43;25.91;1378;59;5178.00;741
12910;28;4517708;12910;628;14286;15026;4.09;0.25;413.47;25.93;1376;59;5179.00;740
12912;28;4517723;12912;633;14286;15026;4.11;0.25;413.45;25.93;1374;59;5180.00;740
12913;28;4517738;12913;636;14288;15026;4.12;0.25;413.42;25.97;1375;59;5181.00;738
12914;28;4517754;12914;634;14288;15026;4.14;0.25;413.45;25.97;1374;59;5182.00;738
12916;28;4517769;12916;625;14289;15026;4.16;0.25;413.47;25.99;1373;59;5183.00;737
12918;28;4517785;12918;636;14359;15153;4.39;0.27;413.47;25.88;1441;59;5184.00;794
12920;28;4517809;12920;625;14361;15154;4.41;0.27;413.45;25.90;1441;59;5185.00;793
12922;28;4517824;12922;618;14367;15154;4.45;0.28;413.44;25.90;1445;59;5186.00;787
12923;28;4517841;12923;612;14372;15154;4.51;0.28;413.42;25.93;1449;59;5187.00;782
12924;28;4517856;12924;613;14376;15154;4.53;0.28;413.45;25.94;1452;59;5188.00;778
12926;28;4517871;12926;611;14378;15154;4.51;0.28;413.44;25.96;1452;59;5189.00;776
12928;28;4517889;12928;607;14380;15154;4.50;0.28;413.54;25.95;1452;59;5190.00;774
12932;28;4517905;12932;613;14385;15154;4.49;0.28;413.64;25.98;1453;59;5191.00;769
12934;28;4517921;12934;610;14388;15155;4.49;0.28;413.60;25.99;1454;59;5192.00;767
12935;28;4517936;12935;606;14391;15156;4.51;0.28;413.58;26.01;1456;59;5193.00;765
12938;28;4517951;12938;618;14394;15156;4.43;0.27;413.52;26.02;1456;59;5194.00;762
12941;28;4517967;12941;625;14397;15157;4.39;0.27;413.57;26.03;1456;59;5195.00;760
12944;28;4517983;12944;627;14400;15157;4.32;0.27;413.59;26.06;1456;59;5196.00;757
12946;28;4517998;12946;633;14401;15157;4.25;0.26;413.57;26.06;1455;59;5197.00;756
12948;28;4518013;12948;637;14403;15157;4.18;0.26;413.57;26.22;1455;59;5198.00;754
12950;28;4518028;12950;635;14407;15161;4.13;0.25;413.57;26.23;1457;59;5199.00;754
12952;28;4518045;12952;646;14407;15161;4.06;0.25;413.59;26.23;1455;59;5200.00;754
12954;28;4518064;12954;659;14408;15161;3.99;0.24;413.59;26.25;1454;59;5201.00;753
12956;28;4518079;12956;657;14410;15164;3.92;0.24;413.66;26.26;1454;59;5202.00;754
12956;28;4518094;12956;665;14413;15164;3.93;0.24;413.66;26.30;1457;59;5203.00;751
12956;28;4518110;12956;669;14413;15164;3.92;0.24;413.66;26.30;1457;59;5204.00;751
12957;28;4518125;12957;666;14416;15168;3.88;0.24;413.65;26.30;1459;59;5205.00;752
12957;28;4518139;12957;665;14419;15169;3.89;0.24;413.65;26.32;1462;59;5206.00;750
12958;28;4518154;12958;659;14420;15169;3.90;0.24;413.65;26.34;1462;59;5207.00;749
12961;28;4518170;12961;659;14424;15173;3.88;0.24;413.72;26.35;1463;59;5208.00;749
12963;28;4518187;12963;654;14425;15173;3.89;0.24;413.75;26.36;1462;59;5209.00;748
12965;28;4518203;12965;642;14425;15173;3.92;0.24;413.74;26.36;1460;59;5210.00;748
12968;28;4518218;12968;643;14426;15174;3.95;0.24;413.73;26.37;1458;59;5211.00;748
12970;28;4518233;12970;617;14428;15174;3.96;0.24;413.72;26.40;1458;59;5212.00;746
12972;28;4518250;12972;598;14433;15180;4.04;0.25;413.67;26.41;1461;59;5213.00;747
12974;28;4518265;12974;587;14433;15180;4.08;0.25;413.64;26.41;1459;59;5214.00;747
12976;28;4518281;12976;576;14434;15180;4.12;0.25;413.58;26.42;1458;59;5215.00;746
12976;28;4518297;12976;570;14436;15181;4.18;0.25;413.58;26.44;1460;59;5216.00;745
12978;28;4518312;12978;566;14436;15181;4.21;0.26;413.53;26.44;1458;59;5217.00;745
12979;28;4518328;12979;562;14438;15181;4.26;0.26;413.50;26.47;1459;59;5218.00;743
12982;28;4518354;12982;553;14439;15181;4.30;0.26;413.53;26.60;1457;59;5219.00;742
12985;28;4518377;12985;552;14463;15217;4.40;0.27;413.52;26.69;1478;59;5220.00;754
12987;28;4518399;12987;560;14465;15217;4.39;0.27;413.55;26.71;1478;59;5221.00;752
12990;28;4518415;12990;548;14467;15217;4.40;0.27;413.53;26.71;1477;59;5222.00;750
12991;28;4518436;12991;562;14468;15217;4.43;0.27;413.52;26.71;1477;59;5223.00;749
12992;28;4518452;12992;554;14471;15217;4.48;0.27;413.50;26.72;1479;59;5224.00;746
12993;28;4518469;12993;560;14473;15217;4.45;0.27;413.49;26.74;1480;59;5225.00;744
12994;28;4518485;12994;560;14478;15221;4.45;0.27;413.49;26.75;1484;59;5226.00;743
12998;28;4518502;12998;559;14479;15221;4.43;0.27;413.44;26.75;1481;59;5227.00;742
13000;28;4518518;13000;559;14484;15225;4.43;0.27;413.40;26.76;1484;59;5228.00;741
13001;28;4518535;13001;567;14485;15226;4.45;0.27;413.42;26.78;1484;59;5229.00;741
13002;28;4518552;13002;570;14485;15226;4.42;0.27;413.39;26.78;1483;59;5230.00;741
13002;28;4518567;13002;561;14486;15226;4.40;0.27;413.39;26.79;1484;59;5231.00;740
13003;28;4518583;13003;558;14497;15239;4.43;0.27;413.37;26.78;1494;59;5232.00;742
13005;28;4518600;13005;546;14497;15239;4.44;0.27;413.44;26.78;1492;59;5233.00;742
13009;28;4518616;13009;544;14498;15239;4.43;0.27;413.64;26.79;1489;59;5234.00;741
13012;28;4518632;13012;544;14499;15240;4.45;0.27;413.74;26.79;1487;59;5235.00;741
13014;28;4518649;13014;536;14500;15241;4.44;0.27;413.69;26.80;1486;59;5236.00;741
13015;28;4518665;13015;536;14501;15241;4.44;0.27;413.67;26.81;1486;59;5237.00;740
13019;28;4518681;13019;531;14502;15244;4.45;0.27;413.72;26.81;1483;59;5238.00;742
13022;28;4518703;13022;537;14502;15244;4.44;0.27;413.71;26.81;1480;59;5239.00;742
13024;28;4518719;13024;536;14502;15244;4.47;0.27;413.73;26.81;1478;59;5240.00;742
13025;28;4518735;13025;536;14503;15244;4.46;0.27;413.71;26.94;1478;59;5241.00;741
13029;28;4518751;13029;536;14508;15250;4.48;0.27;413.82;26.95;1479;59;5242.00;742
13031;28;4518769;13031;544;14509;15250;4.48;0.27;413.89;27.07;1478;59;5243.00;741
13033;28;4518785;13033;545;14509;15250;4.43;0.27;413.91;27.07;1476;59;5244.00;741
13035;28;4518801;13035;549;14509;15250;4.37;0.27;413.95;27.07;1474;59;5245.00;741
13037;28;4518817;13037;567;14514;15254;4.35;0.26;413.97;27.21;1477;59;5246.00;740
13038;28;4518833;13038;575;14515;15255;4.32;0.26;413.94;27.22;1477;59;5247.00;740
13041;28;4518849;13041;587;14515;15255;4.28;0.26;413.92;27.22;1474;59;5248.00;740
13042;28;4518865;13042;592;14517;15256;4.27;0.26;414.04;27.35;1475;59;5249.00;739
13044;28;4518882;13044;603;14517;15256;4.22;0.26;414.14;27.35;1473;59;5250.00;739
13045;28;4518897;13045;615;14517;15256;4.22;0.26;414.12;27.35;1472;59;5251.00;739
13046;28;4518913;13046;619;14517;15256;4.23;0.26;414.15;27.35;1471;59;5252.00;739
13049;28;4518929;13049;614;14518;15256;4.23;0.26;414.14;27.48;1469;59;5253.00;738
13052;28;4518944;13052;617;14518;15256;4.24;0.26;414.19;27.48;1466;59;5254.00;738
13052;28;4518964;13052;625;14519;15256;4.26;0.26;414.19;27.61;1467;59;5255.00;737
13056;28;4518979;13056;642;14558;15326;4.36;0.27;414.21;27.53;1502;59;5256.00;768
13057;28;4519000;13057;641;14560;15327;4.39;0.27;414.23;27.66;1503;59;5257.00;767
13059;28;4519016;13059;644;14564;15327;4.40;0.27;414.23;27.65;1505;59;5258.00;763
13060;28;4519032;13060;633;14567;15327;4.43;0.27;414.23;27.65;1507;59;5259.00;760
13063;28;4519048;13063;627;14570;15327;4.47;0.27;414.22;27.77;1507;59;5260.00;757
13066;28;4519063;13066;627;14570;15327;4.49;0.27;414.29;27.77;1504;59;5261.00;757
13069;28;4519079;13069;624;14571;15327;4.48;0.27;414.27;27.77;1502;59;5262.00;756
13072;28;4519096;13072;618;14572;15327;4.51;0.27;414.28;27.77;1500;59;5263.00;755
13074;28;4519111;13074;611;14573;15328;4.50;0.27;414.31;27.77;1499;59;5264.00;755
13078;28;4519133;13078;602;14574;15330;4.49;0.27;414.33;27.76;1496;59;5265.00;756
13078;28;4519150;13078;611;14575;15330;4.47;0.27;414.33;27.76;1497;59;5266.00;755
13079;28;4519171;13079;608;14579;15334;4.41;0.27;414.33;27.76;1500;59;5267.00;755
13079;28;4519188;13079;608;14581;15334;4.38;0.27;414.33;27.75;1502;59;5268.00;753
13082;28;4519203;13082;607;14581;15334;4.33;0.26;414.26;27.75;1499;59;5269.00;753
13084;28;4519219;13084;615;14582;15334;4.27;0.26;414.32;27.88;1498;59;5270.00;752
13085;28;4519234;13085;619;14586;15340;4.28;0.26;414.32;27.87;1501;59;5271.00;754
13087;28;4519250;13087;620;14586;15340;4.27;0.26;414.31;27.87;1499;59;5272.00;754
13087;28;4519266;13087;628;14586;15340;4.26;0.26;414.31;27.87;1499;59;5273.00;754
13090;28;4519280;13090;629;14587;15343;4.25;0.26;414.36;27.87;1497;59;5274.00;756
13092;28;4519296;13092;640;14587;15343;4.24;0.26;414.34;27.87;1495;59;5275.00;756
13093;28;4519312;13093;638;14587;15343;4.20;0.26;414.36;27.87;1494;59;5276.00;756
13098;28;4519327;13098;643;14587;15344;4.10;0.25;414.33;27.87;1489;59;5277.00;757
13101;28;4519343;13101;645;14588;15345;4.05;0.25;414.30;27.87;1487;59;5278.00;757
13105;28;4519358;13105;656;14588;15345;3.98;0.24;414.32;27.87;1483;59;5279.00;757
13107;28;4519374;13107;648;14606;15371;3.99;0.24;414.30;27.84;1499;59;5280.00;765
13108;28;4519391;13108;640;14606;15371;3.99;0.24;414.30;27.84;1498;59;5281.00;765
13113;28;4519407;13113;631;14608;15371;3.99;0.24;414.41;27.83;1495;59;5282.00;763
13115;28;4519422;13115;630;14609;15372;4.01;0.24;414.40;27.83;1494;59;5283.00;763
13118;28;4519438;13118;620;14609;15372;4.02;0.24;414.48;27.83;1491;59;5284.00;763
13120;28;4519454;13120;613;14612;15376;4.03;0.25;414.57;27.82;1492;59;5285.00;764
13122;28;4519470;13122;611;14612;15376;4.04;0.25;414.57;27.82;1490;59;5286.00;764
13125;28;4519486;13125;606;14616;15379;4.03;0.25;414.58;27.83;1491;59;5287.00;763
13130;28;4519502;13130;604;14616;15380;4.01;0.24;414.65;27.83;1486;59;5288.00;764
13132;28;4519518;13132;600;14616;15380;4.05;0.25;414.66;27.83;1484;59;5289.00;764
13135;28;4519533;13135;599;14616;15380;4.03;0.25;414.76;27.83;1481;59;5290.00;764
13140;28;4519549;13140;599;14616;15380;4.02;0.24;414.80;27.83;1476;59;5291.00;764
13141;28;4519565;13141;598;14623;15392;4.08;0.25;414.78;27.82;1482;59;5292.00;769
13146;28;4519581;13146;599;14624;15392;4.08;0.25;414.87;27.82;1478;59;5293.00;768
13150;28;4519603;13150;606;14625;15392;4.04;0.25;414.98;27.82;1475;59;5294.00;767
13154;28;4519619;13154;609;14625;15392;4.03;0.25;415.05;27.82;1471;59;5295.00;767
13160;28;4519635;13160;616;14625;15392;3.98;0.24;415.12;27.82;1465;59;5296.00;767
13164;28;4519651;13164;614;14625;15392;3.95;0.24;415.07;27.82;1461;59;5297.00;767
13167;28;4519666;13167;625;14625;15393;3.92;0.24;415.16;27.82;1458;59;5298.00;768
13169;28;4519681;13169;627;14625;15393;3.89;0.24;415.14;27.82;1456;59;5299.00;768
13173;28;4519697;13173;628;14629;15399;3.84;0.23;415.30;27.81;1456;59;5300.00;770
13176;28;4519716;13176;634;14629;15400;3.87;0.24;415.37;27.81;1453;59;5301.00;771
13183;28;4519731;13183;643;14629;15400;3.83;0.23;415.35;27.81;1446;59;5302.00;771
13187;28;4519747;13187;644;14629;15400;3.79;0.23;415.43;27.81;1442;59;5303.00;771
13189;28;4519762;13189;650;14631;15404;3.80;0.23;415.51;27.81;1442;59;5304.00;773
13194;28;4519779;13194;645;14632;15404;3.76;0.23;415.48;27.80;1438;59;5305.00;772
13198;28;4519793;13198;639;14633;15404;3.73;0.23;415.50;27.94;1435;59;5306.00;771
13204;28;4519807;13204;643;14634;15405;3.67;0.22;415.61;27.94;1430;59;5307.00;771
13207;28;4519823;13207;644;14637;15409;3.64;0.22;415.59;27.94;1430;59;5308.00;772
13212;28;4519838;13212;638;14638;15409;3.55;0.22;415.66;27.95;1426;59;5309.00;771
13218;28;4519854;13218;638;14642;15415;3.53;0.22;415.69;27.94;1424;59;5310.00;773
13220;28;4519870;13220;637;14642;15415;3.51;0.21;415.67;27.94;1422;59;5311.00;773
13224;28;4519884;13224;642;14643;15415;3.47;0.21;415.66;27.96;1419;59;5312.00;772
13227;28;4519899;13227;642;14643;15415;3.49;0.21;415.77;27.96;1416;59;5313.00;772
13232;28;4519914;13232;645;14646;15419;3.48;0.21;415.83;27.96;1414;59;5314.00;773
13236;28;4519929;13236;646;14646;15419;3.46;0.21;415.92;27.96;1410;59;5315.00;773
13238;28;4519943;13238;649;14646;15419;3.46;0.21;415.92;27.96;1408;59;5316.00;773
13243;28;4519958;13243;657;14646;15419;3.40;0.21;415.86;27.96;1403;59;5317.00;773
13244;28;4519972;13244;660;14648;15420;3.36;0.21;415.93;27.99;1404;59;5318.00;772
13248;28;4519986;13248;674;14648;15421;3.29;0.20;416.00;27.99;1400;59;5319.00;773
13250;28;4520001;13250;681;14648;15421;3.27;0.20;416.00;27.99;1398;59;5320.00;773
13252;28;4520015;13252;697;14649;15422;3.23;0.20;416.12;27.99;1397;59;5321.00;773
13253;28;4520028;13253;704;14650;15422;3.19;0.19;416.13;28.00;1397;59;5322.00;772
13255;28;4520042;13255;714;14650;15422;3.20;0.20;416.13;28.00;1395;59;5323.00;772
13261;28;4520056;13261;711;14650;15422;3.17;0.19;416.10;28.00;1389;59;5324.00;772
13264;28;4520069;13264;716;14650;15422;3.16;0.19;416.18;28.00;1386;59;5325.00;772
13267;28;4520083;13267;716;14652;15422;3.11;0.19;416.25;28.04;1385;59;5326.00;770
13268;28;4520097;13268;714;14652;15422;3.14;0.19;416.26;28.04;1384;59;5327.00;770
13269;28;4520111;13269;723;14717;15549;3.53;0.22;416.23;27.92;1448;59;5328.00;832
13270;28;4520135;13270;713;14722;15550;3.56;0.22;416.34;28.05;1452;59;5329.00;828
13271;28;4520149;13271;706;14729;15550;3.65;0.23;416.37;28.07;1458;59;5330.00;821
13274;28;4520164;13274;703;14730;15550;3.65;0.23;416.32;28.07;1456;59;5331.00;820
13275;28;4520179;13275;702;14735;15550;3.72;0.23;416.31;28.08;1460;59;5332.00;815
13276;28;4520194;13276;706;14737;15550;3.75;0.23;416.29;28.10;1461;59;5333.00;813
13279;28;4520209;13279;700;14740;15550;3.80;0.24;416.30;28.10;1461;59;5334.00;810
13281;28;4520223;13281;702;14742;15550;3.80;0.24;416.27;28.09;1461;59;5335.00;808
13286;28;4520249;13286;688;14746;15551;3.78;0.23;416.43;28.12;1460;59;5336.00;805
13287;28;4520264;13287;673;14750;15552;3.82;0.24;416.42;28.15;1463;59;5337.00;802
13287;28;4520279;13287;666;14754;15552;3.81;0.24;416.42;28.18;1467;59;5338.00;798
13289;28;4520295;13289;662;14756;15553;3.83;0.24;416.45;28.18;1467;59;5339.00;797
13290;28;4520311;13290;658;14759;15553;3.86;0.24;416.52;28.21;1469;59;5340.00;794
13292;28;4520327;13292;653;14760;15553;3.90;0.24;416.58;28.21;1468;59;5341.00;793
13296;28;4520342;13296;653;14763;15553;3.90;0.24;416.52;28.22;1467;59;5342.00;790
13297;28;4520359;13297;650;14766;15557;3.94;0.24;416.49;28.23;1469;59;5343.00;791
13300;28;4520374;13300;654;14768;15557;3.95;0.24;416.49;28.38;1468;59;5344.00;789
13303;28;4520390;13303;654;14771;15557;3.94;0.24;416.49;28.41;1468;59;5345.00;786
13304;28;4520406;13304;660;14772;15560;3.97;0.24;416.51;28.41;1468;59;5346.00;788
13307;28;4520422;13307;655;14772;15560;3.98;0.24;416.55;28.41;1465;59;5347.00;788
13308;28;4520437;13308;650;14774;15560;3.98;0.24;416.52;28.44;1466;59;5348.00;786
13309;28;4520453;13309;659;14779;15564;4.03;0.25;416.49;28.46;1470;59;5349.00;785
13312;28;4520468;13312;657;14780;15565;4.03;0.25;416.50;28.46;1468;59;5350.00;785
13313;28;4520484;13313;658;14782;15565;4.04;0.25;416.47;28.49;1469;59;5351.00;783
13314;28;4520499;13314;663;14787;15569;4.10;0.25;416.49;28.51;1473;59;5352.00;782
13315;28;4520516;13315;667;14787;15569;4.12;0.25;416.57;28.51;1472;59;5353.00;782
13317;28;4520531;13317;672;14789;15569;4.14;0.25;416.51;28.54;1472;59;5354.00;780
13320;28;4520546;13320;676;14790;15571;4.12;0.25;416.48;28.54;1470;59;5355.00;781
13322;28;4520561;13322;675;14791;15571;4.10;0.25;416.54;28.55;1469;59;5356.00;780
13323;28;4520576;13323;679;14796;15577;4.08;0.25;416.53;28.69;1473;59;5357.00;781
13324;28;4520592;13324;686;14799;15577;4.05;0.25;416.50;28.73;1475;59;5358.00;778
13326;28;4520607;13326;670;14799;15577;4.04;0.25;416.44;28.73;1473;59;5359.00;778
13329;28;4520623;13329;656;14799;15578;4.06;0.25;416.45;28.73;1470;59;5360.00;779
13331;28;4520639;13331;650;14801;15578;4.09;0.25;416.41;28.75;1470;59;5361.00;777
13332;28;4520654;13332;649;14801;15578;4.13;0.25;416.41;28.75;1469;59;5362.00;777
13332;28;4520670;13332;647;14803;15578;4.18;0.25;416.41;28.78;1471;59;5363.00;775
13332;28;4520685;13332;641;14811;15590;4.26;0.26;416.41;28.76;1479;59;5364.00;779
13333;28;4520702;13333;637;14813;15590;4.31;0.26;416.38;28.79;1480;59;5365.00;777
13333;28;4520719;13333;639;14814;15590;4.36;0.26;416.38;28.79;1481;59;5366.00;776
13335;28;4520739;13335;643;14816;15590;4.39;0.27;416.36;28.81;1481;59;5367.00;774
13336;28;4520755;13336;639;14817;15590;4.39;0.27;416.36;28.82;1481;59;5368.00;773
13339;28;4520771;13339;645;14818;15590;4.38;0.27;416.47;28.83;1479;59;5369.00;772
13340;29;4520789;13340;641;14822;15594;4.39;0.27;416.46;28.84;1482;60;5370.00;772
13345;29;4520811;13345;632;14823;15594;4.38;0.26;416.51;28.85;1478;60;5371.00;771
13346;29;4520828;13346;630;14826;15598;4.40;0.27;416.52;28.84;1480;60;5372.00;772
13348;29;4520850;13348;633;14828;15599;4.38;0.26;416.51;28.87;1480;60;5373.00;771
13350;29;4520866;13350;634;14829;15599;4.33;0.26;416.52;28.88;1479;60;5374.00;770
13350;29;4520882;13350;619;14831;15599;4.35;0.26;416.52;28.90;1481;60;5375.00;768
13351;29;4520899;13351;612;14841;15612;4.40;0.27;416.53;28.88;1490;60;5376.00;771
13352;29;4520916;13352;599;14842;15612;4.45;0.27;416.52;28.89;1490;60;5377.00;770
13353;29;4520952;13353;586;14843;15612;4.49;0.27;416.62;28.90;1490;60;5378.00;769
13353;29;4520972;13353;583;14846;15613;4.59;0.28;416.62;28.92;1493;60;5379.00;767
13357;29;4520991;13357;582;14846;15614;4.62;0.28;416.63;28.92;1489;60;5380.00;768
13358;29;4521007;13358;575;14848;15614;4.67;0.28;416.65;28.94;1490;60;5381.00;766
13361;29;4521023;13361;566;14850;15617;4.72;0.29;416.64;28.95;1489;60;5382.00;767
13362;29;4521040;13362;574;14851;15617;4.74;0.29;416.67;28.96;1489;60;5383.00;766
13367;29;4521056;13367;563;14852;15617;4.72;0.29;416.62;28.97;1485;60;5384.00;765
13370;29;4521073;13370;558;14854;15617;4.72;0.29;416.61;29.12;1484;60;5385.00;763
13372;29;4521096;13372;562;14858;15623;4.77;0.29;416.62;29.11;1486;60;5386.00;765
13373;29;4521114;13373;556;14860;15623;4.77;0.29;416.61;29.13;1487;60;5387.00;763
13377;29;4521130;13377;560;14861;15623;4.73;0.29;416.69;29.14;1484;60;5388.00;762
13381;30;4521148;13381;560;14863;15623;4.68;0.28;416.74;29.16;1482;61;5389.00;760
13384;30;4521175;13384;555;14866;15627;4.64;0.28;416.71;29.16;1482;61;5390.00;761
13388;30;4521192;13388;561;14868;15628;4.58;0.28;416.73;29.18;1480;61;5391.00;760
13389;30;4521209;13389;563;14868;15628;4.53;0.27;416.76;29.18;1479;61;5392.00;760
13390;30;4521225;13390;559;14871;15629;4.53;0.28;416.75;29.20;1481;61;5393.00;758
13394;30;4521241;13394;569;14872;15629;4.47;0.27;416.78;29.21;1478;61;5394.00;757
13394;30;4521258;13394;578;14873;15629;4.48;0.27;416.78;29.22;1479;61;5395.00;756
13397;30;4521273;13397;580;14874;15629;4.46;0.27;416.78;29.23;1477;61;5396.00;755
13399;30;4521289;13399;578;14875;15629;4.43;0.27;416.91;29.25;1476;61;5397.00;754
13400;30;4521305;13400;587;14875;15629;4.39;0.27;416.97;29.25;1475;61;5398.00;754
13402;30;4521321;13402;579;14877;15629;4.33;0.26;416.99;29.27;1475;61;5399.00;752
