step_arrived;step_collisions;step_duration;step_ended;step_halting;step_inserted;step_loaded;step_meanSpeed;step_meanSpeedRelative;step_meanTravelTime;step_meanWaitingTime;step_running;step_teleports;step_time;step_waiting
0;0;5526652;0;1;89;245;16.45;1.16;-1.00;0.00;89;0;0.00;156
0;0;5526675;0;1;101;245;15.65;1.08;-1.00;0.12;101;0;1.00;144
0;0;5526676;0;2;121;245;14.98;1.02;-1.00;0.43;121;0;2.00;124
0;0;5526677;0;3;134;245;13.84;0.93;-1.00;0.68;134;0;3.00;111
0;0;5526678;0;2;148;245;12.78;0.86;-1.00;0.99;148;0;4.00;97
0;0;5526680;0;3;158;245;11.83;0.79;-1.00;1.25;158;0;5.00;87
0;0;5526681;0;8;170;245;10.92;0.73;-1.00;1.58;170;0;6.00;75
0;0;5526682;0;13;176;245;10.33;0.68;-1.00;1.77;176;0;7.00;69
0;0;5526684;0;19;186;246;9.72;0.64;-1.00;2.10;186;0;8.00;60
0;0;5526686;0;21;191;247;9.70;0.64;-1.00;2.28;191;0;9.00;56
0;0;5526688;0;27;197;247;9.34;0.62;-1.00;2.52;197;0;10.00;50
0;0;5526689;0;30;203;248;9.18;0.61;-1.00;2.72;203;0;11.00;45
2;0;5526691;2;35;208;248;8.93;0.58;12.00;2.94;206;0;12.00;40
2;0;5526694;2;34;212;248;8.80;0.57;12.00;3.13;210;0;13.00;36
2;0;5526696;2;42;216;248;8.67;0.56;12.00;3.33;214;0;14.00;32
2;0;5526698;2;41;221;252;8.63;0.56;12.00;3.47;219;0;15.00;31
2;0;5526701;2;45;225;252;8.65;0.55;12.00;3.69;223;0;16.00;27
3;0;5526703;3;53;226;252;8.58;0.55;13.67;3.72;223;0;17.00;26
3;0;5526705;3;57;231;255;8.55;0.54;13.67;3.97;228;0;18.00;24
4;0;5526708;4;62;233;255;8.50;0.54;15.00;4.02;229;0;19.00;22
4;0;5526710;4;71;236;255;8.46;0.53;15.00;4.22;232;0;20.00;19
5;0;5526713;5;75;241;259;8.52;0.54;16.20;4.24;236;0;21.00;18
6;0;5526716;6;81;242;260;8.47;0.53;17.00;4.23;236;0;22.00;18
6;0;5526719;6;85;244;260;8.36;0.53;17.00;4.38;238;0;23.00;16
6;0;5526721;6;88;247;264;8.23;0.51;17.00;4.43;241;0;24.00;17
7;0;5526724;7;94;249;264;8.28;0.52;18.14;4.49;242;0;25.00;15
7;0;5526726;7;95;250;264;8.16;0.51;18.14;4.58;243;0;26.00;14
7;0;5526729;7;95;250;265;8.07;0.50;18.14;4.58;243;0;27.00;15
7;0;5526732;7;97;251;265;7.96;0.49;18.14;4.58;244;0;28.00;14
7;0;5526735;7;96;256;271;7.85;0.49;18.14;4.51;249;0;29.00;15
7;0;5526740;7;98;257;271;7.73;0.48;18.14;4.61;250;0;30.00;14
7;0;5526743;7;101;258;272;7.67;0.48;18.14;4.59;251;0;31.00;14
8;0;5526746;8;104;259;272;7.57;0.47;19.50;4.64;251;0;32.00;13
10;0;5526749;10;106;260;272;7.52;0.47;22.20;4.75;250;0;33.00;12
10;0;5526752;10;109;260;272;7.64;0.47;22.20;4.75;250;0;34.00;12
11;0;5526755;11;114;262;272;7.71;0.48;22.82;4.92;251;0;35.00;10
11;0;5526758;11;118;272;284;8.09;0.50;22.82;4.74;261;0;36.00;12
11;0;5526761;11;120;273;284;8.11;0.50;22.82;4.85;262;0;37.00;11
11;0;5526765;11;122;274;284;8.04;0.50;22.82;4.97;263;0;38.00;10
11;0;5526768;11;124;274;284;7.92;0.49;22.82;4.97;263;0;39.00;10
12;0;5526772;12;124;276;284;7.84;0.49;23.83;5.13;264;0;40.00;8
12;0;5526776;12;127;277;284;7.84;0.49;23.83;5.22;265;0;41.00;7
12;0;5526778;12;131;282;288;7.90;0.49;23.83;5.23;270;0;42.00;6
14;0;5526782;14;132;283;288;7.75;0.48;26.29;5.27;269;0;43.00;5
14;0;5526784;14;139;287;292;7.74;0.48;26.29;5.23;273;0;44.00;5
15;0;5526787;15;139;288;294;7.57;0.47;26.13;5.22;273;0;45.00;6
15;0;5526790;15;142;290;294;7.46;0.47;26.13;5.22;275;0;46.00;4
17;0;5526792;17;140;291;294;7.35;0.46;28.29;5.21;274;0;47.00;3
18;0;5526795;18;143;302;307;7.54;0.47;28.94;5.02;284;0;48.00;5
18;0;5526799;18;147;302;307;7.52;0.47;28.94;5.02;284;0;49.00;5
19;0;5526801;19;146;302;307;7.56;0.47;29.74;5.02;283;0;50.00;5
19;0;5526804;19;146;303;308;7.51;0.47;29.74;5.01;284;0;51.00;5
19;0;5526806;19;147;304;309;7.45;0.46;29.74;5.00;285;0;52.00;5
21;0;5526809;21;150;304;309;7.40;0.46;30.90;5.00;283;0;53.00;5
21;0;5526812;21;152;307;312;7.46;0.46;30.90;4.95;286;0;54.00;5
24;0;5526814;24;156;307;312;7.31;0.45;33.92;4.95;283;0;55.00;5
27;0;5526817;27;145;307;312;7.18;0.44;34.96;4.95;280;0;56.00;5
28;0;5526820;28;142;307;312;7.14;0.44;34.89;4.95;279;0;57.00;5
28;0;5526822;28;139;313;318;7.21;0.44;34.89;4.87;285;0;58.00;5
28;0;5526826;28;142;313;318;7.26;0.45;34.89;4.87;285;0;59.00;5
28;0;5526830;28;147;313;318;7.24;0.44;34.89;4.87;285;0;60.00;5
28;0;5526832;28;150;313;318;7.25;0.45;34.89;4.87;285;0;61.00;5
28;0;5526835;28;150;317;322;7.28;0.45;34.89;4.82;289;0;62.00;5
29;0;5526838;29;153;318;323;7.44;0.46;35.86;4.81;289;0;63.00;5
32;0;5526841;32;155;318;323;7.45;0.45;38.25;4.81;286;0;64.00;5
33;0;5526843;33;155;319;324;7.56;0.46;37.79;4.80;286;0;65.00;5
33;0;5526846;33;156;319;324;7.56;0.46;37.79;4.80;286;0;66.00;5
34;0;5526848;34;146;319;324;7.64;0.47;38.44;4.80;285;0;67.00;5
34;0;5526851;34;141;319;324;7.75;0.47;38.44;4.80;285;0;68.00;5
34;0;5526854;34;137;319;324;7.82;0.48;38.44;4.80;285;0;69.00;5
34;0;5526857;34;133;319;324;7.91;0.48;38.44;4.80;285;0;70.00;5
35;0;5526859;35;130;319;324;8.02;0.49;39.23;4.80;284;0;71.00;5
35;0;5526862;35;137;353;394;8.23;0.50;39.23;4.33;318;0;72.00;41
35;0;5526872;35;128;354;395;8.40;0.51;39.23;4.32;319;0;73.00;41
35;0;5526876;35;121;361;395;8.73;0.53;39.23;4.28;326;0;74.00;34
35;0;5526879;35;119;363;395;8.94;0.55;39.23;4.27;328;0;75.00;32
35;0;5526882;35;117;366;395;9.15;0.56;39.23;4.27;331;0;76.00;29
35;0;5526886;35;117;367;395;9.28;0.57;39.23;4.27;332;0;77.00;28
36;0;5526889;36;118;370;395;9.49;0.58;40.31;4.29;334;0;78.00;25
37;0;5526892;37;121;373;395;9.56;0.58;41.35;4.31;336;0;79.00;22
37;0;5526902;37;122;376;396;9.55;0.58;41.35;4.34;339;0;80.00;20
40;0;5526906;40;120;378;397;9.53;0.58;43.88;4.36;338;0;81.00;19
40;0;5526914;40;123;380;397;9.54;0.58;43.88;4.37;340;0;82.00;17
40;0;5526917;40;125;385;401;9.42;0.57;43.88;4.36;345;0;83.00;16
40;0;5526921;40;129;386;401;9.42;0.57;43.88;4.35;346;0;84.00;15
40;0;5526924;40;130;386;401;9.32;0.57;43.88;4.35;346;0;85.00;15
40;0;5526928;40;129;386;401;9.17;0.56;43.88;4.35;346;0;86.00;15
41;0;5526931;41;128;391;407;9.11;0.55;44.93;4.31;350;0;87.00;16
42;0;5526935;42;132;391;407;8.97;0.55;45.95;4.31;349;0;88.00;16
44;0;5526938;44;135;391;407;8.85;0.54;47.89;4.31;347;0;89.00;16
46;0;5526943;46;134;395;413;8.76;0.54;49.48;4.27;349;0;90.00;18
46;0;5526947;46;130;395;413;8.75;0.54;49.48;4.27;349;0;91.00;18
48;0;5526951;48;133;397;413;8.68;0.53;51.25;4.25;349;0;92.00;16
49;0;5526954;49;133;398;414;8.61;0.53;52.10;4.25;349;0;93.00;16
51;0;5526958;51;129;399;415;8.66;0.53;53.53;4.24;348;0;94.00;16
51;0;5526962;51;126;399;415;8.58;0.52;53.53;4.24;348;0;95.00;16
54;0;5526965;54;128;409;428;8.52;0.52;55.89;4.13;355;0;96.00;19
57;0;5526970;57;118;410;428;8.59;0.53;57.95;4.13;353;0;97.00;18
60;0;5526973;60;116;410;428;8.62;0.53;59.92;4.13;350;0;98.00;18
61;0;5526977;61;114;411;429;8.85;0.54;60.56;4.12;350;0;99.00;18
62;0;5526984;62;110;413;429;9.00;0.55;60.03;4.23;351;0;100.00;16
62;0;5526992;62;106;416;433;9.21;0.56;60.03;4.21;354;0;101.00;17
64;0;5526997;64;98;416;433;9.32;0.57;61.02;4.21;352;0;102.00;17
66;0;5527001;66;99;420;437;9.28;0.56;62.23;4.18;354;0;103.00;17
66;0;5527006;66;94;420;437;9.45;0.57;62.23;4.18;354;0;104.00;17
67;0;5527010;67;89;420;437;9.68;0.59;62.87;4.18;353;0;105.00;17
69;0;5527014;69;81;420;437;9.84;0.60;64.04;4.18;351;0;106.00;17
69;0;5527018;69;75;420;437;10.01;0.61;64.04;4.18;351;0;107.00;17
69;0;5527023;69;72;431;449;10.17;0.62;64.04;4.07;362;0;108.00;18
69;0;5527028;69;68;432;449;10.24;0.62;64.04;4.06;363;0;109.00;17
69;0;5527032;69;67;432;449;10.35;0.63;64.04;4.06;363;0;110.00;17
69;0;5527036;69;69;432;449;10.42;0.64;64.04;4.06;363;0;111.00;17
69;0;5527041;69;68;433;449;10.47;0.64;64.04;4.31;364;0;112.00;16
69;0;5527045;69;72;433;449;10.53;0.64;64.04;4.31;364;0;113.00;16
69;0;5527050;69;75;435;450;10.56;0.64;64.04;4.56;366;0;114.00;15
71;0;5527054;71;78;436;450;10.51;0.64;65.48;4.65;365;0;115.00;14
71;0;5527059;71;78;443;456;10.62;0.65;65.48;4.95;372;0;116.00;13
72;0;5527064;72;79;443;457;10.64;0.65;66.19;4.95;371;0;117.00;14
74;0;5527069;74;81;445;457;10.54;0.64;67.05;5.08;371;0;118.00;12
75;0;5527074;75;82;446;457;10.57;0.64;67.75;5.18;371;0;119.00;11
77;0;5527081;77;84;452;462;10.55;0.64;68.97;5.37;375;0;120.00;10
77;0;5527087;77;85;453;462;10.66;0.65;68.97;5.47;376;0;121.00;9
77;0;5527092;77;86;455;462;10.73;0.65;68.97;5.67;378;0;122.00;7
79;0;5527097;79;84;457;463;10.80;0.66;69.71;5.72;378;0;123.00;6
80;0;5527104;80;87;462;467;10.85;0.66;70.36;5.72;382;0;124.00;5
81;0;5527109;81;86;464;467;10.98;0.67;70.15;5.83;383;0;125.00;3
82;0;5527115;82;87;466;470;11.14;0.68;70.57;5.81;384;0;126.00;4
83;0;5527122;83;91;468;470;11.32;0.69;71.18;5.85;385;0;127.00;2
84;0;5527128;84;91;468;470;11.50;0.71;71.00;5.85;384;0;128.00;2
87;0;5527135;87;91;469;470;11.65;0.71;71.47;5.91;382;0;129.00;1
87;0;5527142;87;91;473;474;11.78;0.72;71.47;5.87;386;0;130.00;1
88;0;5527148;88;91;474;474;11.76;0.72;72.10;5.88;386;0;131.00;0
89;0;5527162;89;93;474;474;11.88;0.73;72.75;5.88;385;0;132.00;0
89;0;5527168;89;93;474;474;12.02;0.74;72.75;5.88;385;0;133.00;0
91;0;5527174;91;95;475;475;12.08;0.74;73.98;5.87;384;0;134.00;0
92;0;5527181;92;94;477;477;12.01;0.74;74.50;5.84;385;0;135.00;0
94;0;5527187;94;95;477;477;11.97;0.74;75.80;5.84;383;0;136.00;0
95;0;5527193;95;95;478;478;11.99;0.74;76.41;5.83;383;0;137.00;0
96;0;5527199;96;97;478;478;12.01;0.74;77.03;5.83;382;0;138.00;0
99;0;5527205;99;101;478;478;12.01;0.74;78.14;5.83;379;0;139.00;0
100;0;5527211;100;104;478;478;12.01;0.74;78.28;5.83;378;0;140.00;0
100;0;5527216;100;104;478;478;11.98;0.74;78.28;5.83;378;0;141.00;0
102;0;5527223;102;107;478;478;11.93;0.73;79.21;5.83;376;0;142.00;0
103;0;5527228;103;107;478;478;11.83;0.73;79.83;5.83;375;0;143.00;0
105;0;5527233;105;129;550;605;11.46;0.72;81.05;5.08;445;0;144.00;55
107;0;5527248;107;119;557;606;11.29;0.71;82.22;5.03;450;0;145.00;49
110;0;5527255;110;116;568;606;11.23;0.70;83.47;4.97;458;0;146.00;38
111;0;5527260;111;116;568;606;11.05;0.69;84.05;4.97;457;0;147.00;38
116;0;5527267;116;119;574;606;10.92;0.68;85.79;4.96;458;0;148.00;32
118;0;5527273;118;117;574;606;10.73;0.67;86.80;4.96;456;0;149.00;32
120;0;5527280;120;116;579;611;10.59;0.66;87.83;4.94;459;0;150.00;32
121;0;5527289;121;113;580;611;10.54;0.66;88.33;4.95;459;0;151.00;31
123;0;5527295;123;118;583;612;10.49;0.65;88.95;4.96;460;0;152.00;29
123;0;5527302;123;117;588;613;10.54;0.65;88.95;5.00;465;0;153.00;25
123;0;5527308;123;118;590;613;10.58;0.66;88.95;5.02;467;0;154.00;23
124;0;5527313;124;122;594;614;10.45;0.65;88.32;5.03;470;0;155.00;20
125;0;5527320;125;121;599;614;10.34;0.64;88.40;5.08;474;0;156.00;15
125;0;5527326;125;123;601;614;10.33;0.64;88.40;5.10;476;0;157.00;13
127;0;5527332;127;126;602;614;10.35;0.64;89.43;5.12;475;0;158.00;12
128;0;5527338;128;124;607;618;10.28;0.64;89.92;5.13;479;0;159.00;11
132;0;5527344;132;122;610;618;10.17;0.63;90.86;5.17;478;0;160.00;8
136;0;5527350;136;125;611;618;10.00;0.62;91.13;5.17;475;0;161.00;7
137;0;5527357;137;127;615;621;9.78;0.61;91.65;5.19;478;0;162.00;6
139;0;5527363;139;129;615;621;9.61;0.60;92.58;5.19;476;0;163.00;6
142;0;5527369;142;134;617;621;9.35;0.58;93.89;5.24;475;0;164.00;4
145;0;5527375;145;128;620;625;9.23;0.57;94.42;5.22;475;0;165.00;5
147;0;5527382;147;127;621;626;9.20;0.57;94.71;5.21;474;0;166.00;5
148;0;5527389;148;122;623;626;9.17;0.57;95.05;5.26;475;0;167.00;3
149;0;5527398;149;118;627;630;9.24;0.57;95.50;5.22;478;0;168.00;3
150;0;5527406;150;118;627;630;9.33;0.58;95.03;5.22;477;0;169.00;3
150;0;5527413;150;121;627;630;9.41;0.58;95.03;5.22;477;0;170.00;3
152;0;5527419;152;123;631;631;9.50;0.59;95.24;5.25;479;0;171.00;0
153;0;5527428;153;121;631;631;9.52;0.59;94.97;5.25;478;0;172.00;0
154;0;5527434;154;121;637;637;9.63;0.59;95.39;5.21;483;0;173.00;0
155;0;5527441;155;118;637;637;9.64;0.59;95.09;5.21;482;0;174.00;0
155;0;5527447;155;115;638;638;9.50;0.58;95.09;5.20;483;0;175.00;0
156;0;5527457;156;110;638;638;9.46;0.58;95.13;5.20;482;0;176.00;0
158;0;5527466;158;114;638;638;9.42;0.58;95.31;5.20;480;0;177.00;0
158;0;5527473;158;120;638;638;9.45;0.58;95.31;5.20;480;0;178.00;0
159;0;5527479;159;122;638;638;9.45;0.58;95.82;5.20;479;0;179.00;0
161;0;5527486;161;123;668;672;9.60;0.59;95.78;4.97;507;0;180.00;4
162;0;5527495;162;129;668;672;9.63;0.59;95.85;4.97;506;0;181.00;4
163;0;5527501;163;131;671;672;9.77;0.60;96.37;4.96;508;0;182.00;1
163;0;5527508;163;135;671;672;9.88;0.61;96.37;4.96;508;0;183.00;1
165;0;5527514;165;138;672;672;9.92;0.61;96.56;4.95;507;0;184.00;0
167;0;5527521;167;140;672;672;9.86;0.61;97.17;4.95;505;0;185.00;0
169;0;5527527;169;144;676;676;9.86;0.61;97.63;4.93;507;0;186.00;0
171;0;5527535;171;150;676;676;9.90;0.61;98.26;4.93;505;0;187.00;0
173;0;5527541;173;153;680;680;9.86;0.61;98.81;4.91;507;0;188.00;0
179;0;5527548;179;162;681;681;9.70;0.59;98.70;4.90;502;0;189.00;0
180;0;5527556;180;164;681;681;9.58;0.59;98.41;4.90;501;0;190.00;0
182;0;5527562;182;172;681;681;9.43;0.58;98.75;4.90;499;0;191.00;0
185;0;5527569;185;178;694;694;9.32;0.57;97.69;4.81;509;0;192.00;0
187;0;5527576;187;181;694;694;9.10;0.56;97.90;4.81;507;0;193.00;0
189;0;5527583;189;187;694;694;8.95;0.55;98.15;4.81;505;0;194.00;0
190;0;5527589;190;193;695;695;8.83;0.54;97.91;4.80;505;0;195.00;0
191;0;5527595;191;195;696;696;8.66;0.53;97.65;4.80;505;0;196.00;0
193;0;5527602;193;197;696;696;8.50;0.52;98.17;4.80;503;0;197.00;0
195;0;5527608;195;203;698;699;8.42;0.52;98.03;4.78;503;0;198.00;1
197;0;5527614;197;207;698;699;8.30;0.51;97.94;4.78;501;0;199.00;1
199;0;5527621;199;212;699;699;8.11;0.50;97.82;4.78;500;0;200.00;0
200;0;5527630;200;217;699;699;7.91;0.49;98.33;4.78;499;0;201.00;0
203;0;5527636;203;221;705;705;7.75;0.48;98.19;4.75;502;0;202.00;0
203;0;5527642;203;231;705;705;7.62;0.47;98.19;4.75;502;0;203.00;0
205;0;5527647;205;236;705;705;7.47;0.46;98.49;4.75;500;0;204.00;0
207;0;5527653;207;238;705;705;7.36;0.46;97.95;4.75;498;0;205.00;0
208;0;5527659;208;246;709;709;7.30;0.45;97.58;4.73;501;0;206.00;0
209;0;5527664;209;249;710;710;7.24;0.45;97.93;4.72;501;0;207.00;0
210;0;5527670;210;252;710;710;7.17;0.44;98.20;4.72;500;0;208.00;0
210;0;5527676;210;255;711;711;7.10;0.44;98.20;4.71;501;0;209.00;0
212;0;5527683;212;259;711;711;7.05;0.43;99.01;4.71;499;0;210.00;0
214;0;5527688;214;264;711;711;6.91;0.43;98.71;4.71;497;0;211.00;0
216;0;5527693;216;260;711;711;6.91;0.43;99.05;4.71;495;0;212.00;0
216;0;5527699;216;251;711;711;6.98;0.43;99.05;4.71;495;0;213.00;0
218;0;5527705;218;238;711;711;7.01;0.43;99.90;4.71;493;0;214.00;0
218;0;5527711;218;227;711;711;7.11;0.44;99.90;4.71;493;0;215.00;0
219;0;5527717;219;232;755;781;7.53;0.46;100.42;4.44;536;0;216.00;26
220;0;5527729;220;223;757;782;7.68;0.47;100.95;4.43;537;0;217.00;25
222;0;5527736;222;214;764;782;7.92;0.49;101.69;4.41;542;0;218.00;18
224;0;5527742;224;210;767;782;8.09;0.50;102.72;4.40;543;0;219.00;15
225;0;5527748;225;210;769;782;8.22;0.50;102.84;4.40;544;0;220.00;13
225;0;5527754;225;194;771;782;8.46;0.52;102.84;4.40;546;0;221.00;11
228;0;5527761;228;185;774;782;8.61;0.53;103.94;4.41;546;0;222.00;8
228;0;5527768;228;182;776;782;8.76;0.54;103.94;4.42;548;0;223.00;6
230;1;5527780;230;174;778;783;8.84;0.54;104.61;4.43;548;1;224.00;5
231;1;5527798;231;170;780;785;8.87;0.54;105.13;4.43;549;1;225.00;5
233;1;5527804;233;168;782;785;8.89;0.54;105.75;4.44;549;1;226.00;3
234;1;5527818;234;170;788;789;8.91;0.54;105.53;4.43;554;1;227.00;1
237;1;5527825;237;166;789;789;9.01;0.55;106.18;4.43;552;1;228.00;0
238;1;5527832;238;168;789;789;9.12;0.56;106.49;4.43;551;1;229.00;0
241;1;5527839;241;166;789;789;9.21;0.56;107.37;4.43;548;1;230.00;0
243;1;5527845;243;165;795;795;9.34;0.57;107.98;4.40;552;1;231.00;0
245;1;5527852;245;152;795;795;9.37;0.57;108.93;4.40;550;1;232.00;0
246;1;5527859;246;147;795;795;9.42;0.58;108.93;4.40;549;1;233.00;0
248;1;5527865;248;144;797;798;9.42;0.58;109.92;4.39;549;1;234.00;1
250;1;5527872;250;137;797;798;9.49;0.58;110.17;4.39;547;1;235.00;1
251;1;5527879;251;136;798;798;9.53;0.58;110.10;4.39;547;1;236.00;0
254;1;5527891;254;133;799;799;9.60;0.59;110.20;4.38;545;1;237.00;0
257;1;5527899;257;130;800;800;9.65;0.59;110.44;4.38;543;1;238.00;0
258;1;5527905;258;131;800;800;9.81;0.60;110.75;4.38;542;1;239.00;0
261;1;5527913;261;133;825;826;9.81;0.60;111.64;4.25;564;1;240.00;1
263;1;5527922;263;126;825;826;9.89;0.60;111.46;4.25;562;1;241.00;1
266;1;5527929;266;123;826;826;9.97;0.61;111.89;4.24;560;1;242.00;0
268;1;5527935;268;127;827;827;10.02;0.61;112.80;4.24;559;1;243.00;0
269;1;5527942;269;121;827;827;10.11;0.61;112.98;4.24;558;1;244.00;0
271;1;5527949;271;125;831;831;10.14;0.62;113.38;4.22;560;1;245.00;0
273;1;5527960;273;126;831;831;10.14;0.62;113.76;4.22;558;1;246.00;0
274;1;5527969;274;131;835;835;10.04;0.61;113.99;4.21;561;1;247.00;0
277;1;5527979;277;129;835;835;10.00;0.61;114.50;4.21;558;1;248.00;0
278;1;5527988;278;133;835;835;9.99;0.61;114.81;4.21;557;1;249.00;0
278;1;5527998;278;137;835;835;10.06;0.61;114.81;4.21;557;1;250.00;0
278;1;5528007;278;141;835;835;10.09;0.62;114.81;4.21;557;1;251.00;0
278;1;5528016;278;141;845;847;10.08;0.62;114.81;4.16;567;1;252.00;2
278;1;5528027;278;144;845;847;10.08;0.62;114.81;4.16;567;1;253.00;2
281;1;5528037;281;149;847;847;10.10;0.62;115.74;4.15;566;1;254.00;0
281;1;5528045;281;144;847;847;10.09;0.62;115.74;4.15;566;1;255.00;0
282;1;5528053;282;141;847;847;10.13;0.62;115.98;4.15;565;1;256.00;0
282;1;5528064;282;142;847;847;10.21;0.62;115.98;4.15;565;1;257.00;0
285;1;5528075;285;142;848;848;10.20;0.62;115.98;4.15;563;1;258.00;0
286;1;5528084;286;132;848;848;10.28;0.62;116.14;4.15;562;1;259.00;0
289;1;5528091;289;126;854;854;10.31;0.63;117.36;4.13;565;1;260.00;0
292;1;5528099;292;119;855;855;10.43;0.63;117.62;4.12;563;1;261.00;0
293;1;5528107;293;114;855;855;10.51;0.64;118.11;4.12;562;1;262.00;0
299;1;5528117;299;110;855;855;10.56;0.64;118.37;4.12;556;1;263.00;0
301;1;5528127;301;109;859;859;10.66;0.64;118.46;4.10;558;1;264.00;0
305;1;5528137;305;105;859;859;10.72;0.65;119.04;4.10;554;1;265.00;0
309;1;5528146;309;104;859;859;10.77;0.65;120.01;4.10;550;1;266.00;0
311;1;5528155;311;103;860;860;10.87;0.66;120.68;4.10;549;1;267.00;0
314;1;5528162;314;104;864;864;10.84;0.66;120.78;4.09;550;1;268.00;0
318;1;5528171;318;100;864;864;10.85;0.66;121.03;4.09;546;1;269.00;0
319;1;5528179;319;99;868;870;11.03;0.67;121.19;4.07;549;1;270.00;2
322;1;5528187;322;94;869;870;11.12;0.67;121.47;4.06;547;1;271.00;1
324;1;5528194;324;91;870;870;11.23;0.68;121.29;4.06;546;1;272.00;0
324;1;5528201;324;90;870;870;11.38;0.69;121.29;4.06;546;1;273.00;0
326;1;5528208;326;91;874;874;11.48;0.70;121.01;4.05;548;1;274.00;0
327;1;5528216;327;89;874;874;11.54;0.70;121.04;4.05;547;1;275.00;0
331;1;5528223;331;87;874;874;11.55;0.70;121.87;4.05;543;1;276.00;0
331;1;5528230;331;86;874;874;11.59;0.70;121.87;4.05;543;1;277.00;0
332;1;5528239;332;85;875;875;11.58;0.70;122.28;4.04;543;1;278.00;0
335;1;5528246;335;87;876;876;11.59;0.70;123.20;4.04;541;1;279.00;0
335;1;5528254;335;83;876;876;11.57;0.70;123.20;4.04;541;1;280.00;0
338;1;5528261;338;86;877;877;11.55;0.70;123.59;4.04;539;1;281.00;0
340;1;5528269;340;87;877;877;11.57;0.70;123.60;4.04;537;1;282.00;0
341;1;5528276;341;87;877;877;11.58;0.70;123.64;4.04;536;1;283.00;0
341;1;5528284;341;89;877;877;11.62;0.71;123.64;4.04;536;1;284.00;0
341;1;5528291;341;91;877;877;11.64;0.71;123.64;4.04;536;1;285.00;0
342;1;5528299;342;91;877;877;11.64;0.71;123.41;4.04;535;1;286.00;0
343;1;5528307;343;93;877;877;11.69;0.71;123.47;4.04;534;1;287.00;0
344;1;5528314;344;112;949;1004;11.31;0.70;123.41;3.73;605;1;288.00;55
345;1;5528337;345;103;952;1005;11.30;0.70;123.86;3.72;607;1;289.00;53
346;1;5528346;346;103;960;1005;11.35;0.70;123.78;3.71;614;1;290.00;45
347;1;5528356;347;101;965;1005;11.28;0.70;124.25;3.71;618;1;291.00;40
349;1;5528365;349;102;970;1005;11.23;0.70;124.97;3.71;621;1;292.00;35
350;1;5528375;350;102;973;1005;11.26;0.70;125.03;3.71;623;1;293.00;32
351;1;5528385;351;104;974;1005;11.24;0.69;125.46;3.71;623;1;294.00;31
353;1;5528394;353;104;977;1005;11.23;0.69;126.00;3.72;624;1;295.00;28
354;1;5528403;354;102;980;1006;11.27;0.70;125.87;3.74;626;1;296.00;26
357;1;5528411;357;104;982;1007;11.26;0.69;126.61;3.75;625;1;297.00;25
359;1;5528420;359;105;988;1007;11.33;0.70;127.28;3.79;629;1;298.00;19
363;1;5528428;363;105;990;1008;11.24;0.69;126.94;3.80;627;1;299.00;18
364;1;5528439;364;108;995;1014;11.06;0.68;127.35;3.82;631;1;300.00;19
366;1;5528451;366;108;997;1014;10.92;0.67;128.15;3.83;631;1;301.00;17
368;1;5528465;368;109;1000;1014;10.83;0.67;128.93;3.85;632;1;302.00;14
373;1;5528473;373;115;1003;1018;10.70;0.66;129.75;3.84;630;1;303.00;15
375;1;5528482;375;117;1004;1018;10.57;0.65;129.52;3.85;629;1;304.00;14
378;1;5528490;378;125;1004;1018;10.49;0.65;130.69;3.85;626;1;305.00;14
380;1;5528498;380;131;1009;1021;10.39;0.64;131.02;3.88;629;1;306.00;12
382;1;5528509;382;136;1010;1021;10.32;0.64;131.46;3.88;628;1;307.00;11
383;1;5528517;383;145;1011;1021;10.23;0.63;131.71;3.89;628;1;308.00;10
384;1;5528524;384;150;1015;1025;10.06;0.62;132.10;3.90;631;1;309.00;10
386;1;5528532;386;156;1017;1026;9.91;0.61;132.57;3.92;631;1;310.00;9
390;1;5528541;390;168;1020;1026;9.72;0.60;133.07;3.95;630;1;311.00;6
392;1;5528550;392;173;1026;1030;9.57;0.59;133.10;3.97;634;1;312.00;4
395;1;5528559;395;181;1027;1030;9.41;0.58;133.60;3.97;632;1;313.00;3
397;1;5528566;397;184;1029;1030;9.26;0.57;133.84;4.00;632;1;314.00;1
399;1;5528574;399;187;1031;1032;9.03;0.56;134.18;3.99;632;1;315.00;1
400;1;5528582;400;191;1032;1032;8.92;0.55;134.18;3.99;632;1;316.00;0
403;1;5528589;403;191;1038;1038;8.86;0.54;134.40;3.98;635;1;317.00;0
404;1;5528597;404;195;1038;1038;8.77;0.54;134.13;3.98;634;1;318.00;0
405;1;5528605;405;199;1039;1039;8.71;0.53;134.05;3.97;634;1;319.00;0
407;1;5528612;407;203;1039;1039;8.60;0.53;133.91;3.97;632;1;320.00;0
409;1;5528620;409;207;1039;1039;8.45;0.52;133.99;3.97;630;1;321.00;0
410;1;5528626;410;215;1039;1039;8.39;0.51;133.80;3.97;629;1;322.00;0
411;1;5528633;411;221;1039;1039;8.30;0.51;133.74;3.97;628;1;323.00;0
412;1;5528640;412;220;1050;1051;8.40;0.51;134.16;3.93;638;1;324.00;1
414;1;5528647;414;223;1050;1051;8.40;0.51;134.46;3.93;636;1;325.00;1
415;1;5528654;415;218;1051;1051;8.35;0.51;134.51;3.93;636;1;326.00;0
417;1;5528660;417;218;1051;1051;8.24;0.51;135.16;3.93;634;1;327.00;0
423;1;5528666;423;216;1051;1051;8.11;0.50;135.49;3.93;628;1;328.00;0
426;1;5528673;426;222;1051;1051;7.97;0.49;136.23;3.93;625;1;329.00;0
426;1;5528681;426;209;1055;1055;7.96;0.49;136.23;3.92;629;1;330.00;0
428;1;5528687;428;206;1055;1055;7.92;0.49;137.14;3.92;627;1;331.00;0
433;1;5528694;433;195;1059;1059;7.95;0.49;137.58;3.91;626;1;332.00;0
438;1;5528700;438;196;1060;1060;7.88;0.49;138.27;3.90;622;1;333.00;0
441;1;5528707;441;196;1060;1060;7.90;0.49;139.19;3.90;619;1;334.00;0
445;1;5528713;445;202;1060;1060;7.96;0.49;139.75;3.90;615;1;335.00;0
447;1;5528719;447;201;1072;1073;8.02;0.49;139.98;3.86;625;1;336.00;1
449;1;5528727;449;197;1073;1073;8.11;0.50;140.82;3.86;624;1;337.00;0
453;1;5528734;453;194;1073;1073;8.14;0.50;141.23;3.86;620;1;338.00;0
457;1;5528741;457;196;1074;1074;8.18;0.50;141.80;3.85;617;1;339.00;0
458;1;5528748;458;197;1075;1075;8.19;0.51;142.24;3.85;617;1;340.00;0
461;1;5528755;461;201;1075;1075;8.21;0.51;143.19;3.85;614;1;341.00;0
463;1;5528761;463;200;1077;1078;8.23;0.51;143.37;3.84;614;1;342.00;1
466;1;5528768;466;202;1077;1078;8.26;0.51;143.47;3.84;611;1;343.00;1
468;1;5528776;468;203;1078;1078;8.32;0.51;143.22;3.84;610;1;344.00;0
473;1;5528782;473;209;1078;1078;8.28;0.51;143.49;3.84;605;1;345.00;0
475;1;5528789;475;216;1084;1084;8.35;0.51;143.07;3.83;609;1;346.00;0
477;1;5528796;477;217;1084;1084;8.30;0.51;143.02;3.83;607;1;347.00;0
481;1;5528804;481;222;1084;1084;8.10;0.50;143.02;3.83;603;1;348.00;0
485;1;5528811;485;225;1084;1084;7.94;0.49;143.38;3.83;599;1;349.00;0
487;1;5528819;487;230;1088;1088;7.88;0.48;143.56;3.82;601;1;350.00;0
490;1;5528827;490;236;1089;1089;7.78;0.48;144.69;3.81;599;1;351.00;0
495;1;5528834;495;237;1089;1089;7.64;0.47;144.37;3.81;594;1;352.00;0
497;1;5528842;497;241;1090;1090;7.50;0.46;145.08;3.81;593;1;353.00;0
499;1;5528850;499;242;1090;1090;7.35;0.45;145.29;3.81;591;1;354.00;0
503;1;5528857;503;249;1090;1090;7.13;0.44;145.30;3.81;587;1;355.00;0
504;1;5528864;504;252;1090;1090;6.99;0.43;145.34;3.81;586;1;356.00;0
507;1;5528878;507;257;1090;1090;6.84;0.42;145.61;3.81;583;1;357.00;0
509;1;5528884;509;257;1090;1090;6.80;0.42;145.72;3.81;581;1;358.00;0
509;1;5528891;509;263;1090;1090;6.74;0.41;145.72;3.81;581;1;359.00;0
512;1;5528899;512;290;1166;1215;6.93;0.43;145.61;3.56;654;1;360.00;49
515;1;5528917;515;272;1171;1216;6.86;0.43;145.88;3.55;656;1;361.00;45
517;1;5528925;517;254;1181;1216;6.98;0.43;145.86;3.54;664;1;362.00;35
518;1;5528933;518;253;1183;1216;6.98;0.43;146.13;3.54;665;1;363.00;33
519;1;5528941;519;246;1190;1216;7.07;0.44;145.99;3.54;671;1;364.00;26
522;1;5528949;522;243;1190;1216;7.17;0.44;146.48;3.54;668;1;365.00;26
522;1;5528957;522;238;1196;1216;7.35;0.45;146.48;3.55;674;1;366.00;20
523;1;5528965;523;238;1198;1216;7.43;0.46;146.35;3.56;675;1;367.00;18
523;1;5528982;523;238;1203;1217;7.51;0.46;146.35;3.58;680;1;368.00;14
523;1;5528991;523;240;1209;1218;7.50;0.46;146.35;3.60;686;1;369.00;9
523;1;5528998;523;243;1213;1218;7.51;0.46;146.35;3.62;690;1;370.00;5
524;1;5529012;524;248;1218;1222;7.49;0.46;146.57;3.61;694;1;371.00;4
524;1;5529026;524;251;1219;1222;7.45;0.46;146.57;3.62;695;1;372.00;3
524;1;5529034;524;255;1219;1222;7.41;0.45;146.57;3.62;695;1;373.00;3
525;1;5529042;525;263;1220;1222;7.29;0.45;146.34;3.62;695;1;374.00;2
526;1;5529050;526;263;1226;1228;7.23;0.44;146.48;3.61;700;1;375.00;2
527;1;5529058;527;270;1227;1228;7.17;0.44;146.48;3.62;700;1;376.00;1
529;1;5529066;529;258;1227;1228;7.18;0.44;146.52;3.62;698;1;377.00;1
529;1;5529074;529;259;1230;1231;7.22;0.44;146.52;3.61;701;1;378.00;1
532;1;5529082;532;261;1231;1231;7.17;0.44;146.36;3.63;699;1;379.00;0
532;1;5529091;532;255;1231;1231;7.23;0.44;146.36;3.63;699;1;380.00;0
534;1;5529100;534;251;1232;1232;7.29;0.45;146.77;3.62;698;1;381.00;0
536;1;5529108;536;256;1233;1233;7.36;0.45;147.36;3.62;697;1;382.00;0
541;1;5529118;541;260;1233;1233;7.33;0.45;147.10;3.62;692;1;383.00;0
543;1;5529126;543;265;1245;1246;7.50;0.46;147.90;3.59;702;1;384.00;1
545;1;5529136;545;264;1246;1246;7.52;0.46;148.27;3.58;701;1;385.00;0
546;1;5529150;546;258;1246;1246;7.63;0.47;148.44;3.58;700;1;386.00;0
547;1;5529159;547;247;1247;1247;7.80;0.48;148.61;3.58;700;1;387.00;0
548;1;5529167;548;233;1247;1247;7.90;0.48;149.03;3.58;699;1;388.00;0
550;1;5529177;550;227;1250;1251;7.95;0.49;149.35;3.58;700;1;389.00;1
553;1;5529188;553;223;1251;1251;7.91;0.48;149.91;3.57;698;1;390.00;0
554;1;5529197;554;219;1255;1255;7.95;0.49;149.98;3.57;701;1;391.00;0
556;1;5529206;556;222;1255;1255;8.00;0.49;150.45;3.57;699;1;392.00;0
557;1;5529214;557;221;1255;1255;8.17;0.50;150.75;3.57;698;1;393.00;0
560;1;5529223;560;223;1255;1255;8.26;0.50;150.51;3.57;695;1;394.00;0
561;1;5529231;561;221;1255;1255;8.42;0.51;150.80;3.57;694;1;395.00;0
562;1;5529240;562;216;1266;1267;8.62;0.53;151.06;3.53;704;1;396.00;1
562;1;5529249;562;213;1266;1267;8.83;0.54;151.06;3.53;704;1;397.00;1
565;1;5529258;565;207;1267;1267;8.93;0.55;151.46;3.53;702;1;398.00;0
568;1;5529266;568;201;1267;1267;9.03;0.55;151.63;3.53;699;1;399.00;0
572;1;5529277;572;195;1267;1267;9.10;0.56;152.18;3.53;695;1;400.00;0
573;1;5529289;573;192;1267;1267;9.19;0.56;152.18;3.53;694;1;401.00;0
578;1;5529297;578;180;1268;1268;9.22;0.56;153.43;3.53;690;1;402.00;0
578;1;5529306;578;177;1268;1268;9.26;0.56;153.43;3.53;690;1;403.00;0
579;1;5529319;579;171;1274;1274;9.38;0.57;153.79;3.52;695;1;404.00;0
579;1;5529328;579;171;1276;1276;9.44;0.58;153.79;3.51;697;1;405.00;0
583;1;5529336;583;171;1276;1276;9.50;0.58;154.52;3.51;693;1;406.00;0
586;1;5529344;586;166;1276;1276;9.56;0.58;155.09;3.51;690;1;407.00;0
592;1;5529353;592;169;1280;1280;9.55;0.58;155.23;3.50;688;1;408.00;0
595;1;5529361;595;170;1280;1280;9.61;0.59;155.74;3.50;685;1;409.00;0
595;1;5529370;595;170;1280;1280;9.64;0.59;155.74;3.50;685;1;410.00;0
597;1;5529377;597;175;1281;1281;9.72;0.59;156.29;3.50;684;1;411.00;0
600;1;5529386;600;176;1285;1285;9.65;0.59;156.81;3.49;685;1;412.00;0
603;1;5529394;603;176;1285;1285;9.64;0.59;157.83;3.49;682;1;413.00;0
605;1;5529402;605;175;1287;1288;9.66;0.59;158.06;3.49;682;1;414.00;1
605;1;5529410;605;176;1287;1288;9.66;0.59;158.06;3.49;682;1;415.00;1
606;1;5529419;606;181;1288;1288;9.67;0.59;158.23;3.49;682;1;416.00;0
608;1;5529426;608;180;1288;1288;9.64;0.59;158.85;3.49;680;1;417.00;0
613;1;5529434;613;182;1292;1292;9.68;0.59;160.24;3.48;679;1;418.00;0
615;1;5529443;615;180;1292;1292;9.64;0.59;160.43;3.48;677;1;419.00;0
618;1;5529452;618;176;1292;1292;9.62;0.59;161.02;3.48;674;1;420.00;0
622;1;5529460;622;172;1292;1292;9.63;0.59;161.60;3.48;670;1;421.00;0
624;1;5529468;624;166;1293;1293;9.64;0.59;161.77;3.48;669;1;422.00;0
628;1;5529481;628;168;1294;1294;9.62;0.59;162.50;3.47;666;1;423.00;0
631;1;5529490;631;166;1294;1294;9.70;0.59;162.72;3.47;663;1;424.00;0
636;1;5529498;636;157;1295;1295;9.80;0.60;163.59;3.47;659;1;425.00;0
640;1;5529507;640;150;1295;1295;9.88;0.60;163.87;3.47;655;1;426.00;0
643;1;5529514;643;141;1295;1295;9.98;0.61;163.89;3.47;652;1;427.00;0
647;1;5529522;647;137;1295;1295;10.11;0.62;164.15;3.47;648;1;428.00;0
650;1;5529530;650;136;1295;1295;10.22;0.62;164.76;3.47;645;1;429.00;0
654;1;5529537;654;135;1295;1295;10.30;0.63;165.42;3.47;641;1;430.00;0
657;1;5529545;657;129;1295;1295;10.41;0.63;165.62;3.47;638;1;431.00;0
659;1;5529553;659;151;1370;1422;10.09;0.63;165.63;3.28;711;1;432.00;52
661;1;5529570;661;136;1371;1423;10.16;0.63;165.98;3.28;710;1;433.00;52
664;1;5529578;664;122;1378;1423;10.21;0.63;166.09;3.28;714;1;434.00;45
666;1;5529587;666;113;1380;1423;10.26;0.64;166.06;3.28;714;1;435.00;43
666;1;5529595;666;112;1383;1423;10.40;0.64;166.06;3.28;717;1;436.00;40
669;1;5529604;669;105;1387;1423;10.50;0.65;166.39;3.28;718;1;437.00;36
672;1;5529613;672;103;1389;1423;10.54;0.65;166.51;3.29;717;1;438.00;34
676;1;5529621;676;105;1393;1423;10.63;0.65;167.17;3.30;717;1;439.00;30
681;1;5529630;681;99;1395;1424;10.71;0.65;167.28;3.30;714;1;440.00;29
684;1;5529639;684;101;1398;1425;10.87;0.66;167.29;3.32;714;1;441.00;27
687;1;5529648;687;103;1402;1425;10.90;0.66;167.26;3.34;715;1;442.00;23
691;1;5529657;691;104;1404;1426;10.90;0.66;168.19;3.35;713;1;443.00;22
692;1;5529666;692;105;1408;1426;10.86;0.66;168.54;3.37;716;1;444.00;18
694;1;5529675;694;101;1411;1426;10.78;0.66;168.61;3.39;717;1;445.00;15
696;1;5529684;696;102;1412;1426;10.65;0.65;168.75;3.40;716;1;446.00;14
699;1;5529693;699;109;1418;1430;10.46;0.64;169.07;3.43;719;1;447.00;12
702;1;5529702;702;116;1419;1430;10.32;0.63;168.62;3.43;717;1;448.00;11
703;1;5529711;703;125;1421;1430;10.24;0.63;168.91;3.44;718;1;449.00;9
706;1;5529722;706;123;1425;1436;10.13;0.62;169.14;3.43;719;1;450.00;11
710;1;5529731;710;130;1427;1436;10.02;0.61;169.44;3.44;717;1;451.00;9
713;1;5529740;713;135;1429;1436;9.95;0.61;170.19;3.45;716;1;452.00;7
716;1;5529749;716;135;1433;1440;9.92;0.60;170.66;3.48;717;1;453.00;7
716;1;5529758;716;138;1434;1441;9.96;0.61;170.66;3.47;718;1;454.00;7
719;1;5529767;719;141;1434;1441;9.95;0.61;171.09;3.47;715;1;455.00;7
720;1;5529776;720;144;1438;1445;9.96;0.61;171.00;3.48;718;1;456.00;7
723;1;5529785;723;145;1441;1445;10.00;0.61;171.00;3.51;718;1;457.00;4
727;1;5529793;727;149;1441;1445;9.97;0.61;171.36;3.51;714;1;458.00;4
730;1;5529802;730;159;1443;1446;9.86;0.60;171.53;3.51;713;1;459.00;3
733;1;5529811;733;163;1444;1446;9.84;0.60;171.88;3.52;711;1;460.00;2
734;1;5529819;734;172;1450;1452;9.83;0.60;171.98;3.51;716;1;461.00;2
737;1;5529834;737;177;1451;1452;9.79;0.60;172.07;3.51;714;1;462.00;1
739;1;5529843;739;182;1451;1453;9.75;0.60;172.14;3.51;712;1;463.00;2
743;1;5529853;743;185;1452;1453;9.57;0.58;172.33;3.51;709;1;464.00;1
744;1;5529864;744;191;1452;1453;9.43;0.58;172.49;3.51;708;1;465.00;1
744;1;5529877;744;200;1453;1453;9.24;0.57;172.49;3.51;709;1;466.00;0
744;1;5529886;744;206;1453;1453;9.15;0.56;172.49;3.51;709;1;467.00;0
747;1;5529895;747;207;1464;1465;9.13;0.56;172.71;3.49;717;1;468.00;1
751;1;5529905;751;211;1464;1465;9.06;0.56;172.85;3.49;713;1;469.00;1
752;1;5529913;752;215;1465;1465;9.06;0.56;172.93;3.49;713;1;470.00;0
754;1;5529922;754;219;1465;1465;9.01;0.55;172.85;3.49;711;1;471.00;0
756;1;5529930;756;228;1465;1465;8.95;0.55;173.10;3.49;709;1;472.00;0
756;1;5529937;756;235;1465;1465;8.90;0.55;173.10;3.49;709;1;473.00;0
758;1;5529945;758;241;1469;1469;8.88;0.54;173.14;3.48;711;1;474.00;0
759;1;5529954;759;244;1469;1469;8.89;0.55;173.15;3.48;710;1;475.00;0
761;1;5529962;761;247;1473;1473;8.96;0.55;173.33;3.47;712;1;476.00;0
762;1;5529972;762;247;1474;1474;8.95;0.55;173.24;3.47;712;1;477.00;0
765;1;5529981;765;256;1474;1474;8.81;0.54;173.01;3.47;709;1;478.00;0
768;1;5529988;768;253;1474;1474;8.77;0.54;173.10;3.47;706;1;479.00;0
772;1;5529998;772;255;1496;1500;8.76;0.54;173.22;3.42;724;1;480.00;4
773;1;5530009;773;251;1497;1500;8.73;0.54;173.06;3.42;724;1;481.00;3
775;1;5530019;775;252;1500;1500;8.77;0.54;172.97;3.42;725;1;482.00;0
776;1;5530030;776;257;1501;1501;8.82;0.54;172.89;3.41;725;1;483.00;0
779;1;5530042;779;256;1502;1502;8.87;0.54;172.69;3.41;723;1;484.00;0
780;1;5530055;780;260;1502;1502;8.82;0.54;172.59;3.41;722;1;485.00;0
782;1;5530067;782;259;1504;1505;8.80;0.54;172.56;3.41;722;1;486.00;1
783;1;5530080;783;256;1504;1505;8.76;0.54;172.50;3.41;721;1;487.00;1
786;1;5530091;786;257;1505;1505;8.68;0.53;172.46;3.41;719;1;488.00;0
788;1;5530102;788;258;1505;1505;8.62;0.53;172.23;3.41;717;1;489.00;0
791;1;5530113;791;260;1511;1511;8.54;0.52;172.06;3.40;720;1;490.00;0
794;1;5530126;794;264;1511;1511;8.38;0.51;171.81;3.40;717;1;491.00;0
795;1;5530138;795;265;1511;1511;8.19;0.50;171.67;3.40;716;1;492.00;0
799;1;5530148;799;267;1511;1511;7.96;0.49;171.62;3.40;712;1;493.00;0
803;1;5530157;803;271;1515;1515;7.79;0.48;171.57;3.39;712;1;494.00;0
808;1;5530166;808;262;1517;1517;7.66;0.47;172.49;3.39;709;1;495.00;0
812;1;5530175;812;256;1517;1517;7.56;0.46;172.25;3.39;705;1;496.00;0
814;1;5530183;814;256;1518;1518;7.51;0.46;172.48;3.38;704;1;497.00;0
818;1;5530191;818;256;1518;1518;7.41;0.45;173.44;3.38;700;1;498.00;0
820;1;5530198;820;262;1518;1518;7.38;0.45;173.56;3.38;698;1;499.00;0
822;1;5530206;822;260;1518;1518;7.44;0.45;174.10;3.38;696;1;500.00;0
824;1;5530217;824;265;1518;1518;7.44;0.45;174.27;3.38;694;1;501.00;0
825;1;5530225;825;260;1518;1518;7.42;0.45;174.14;3.38;693;1;502.00;0
826;1;5530233;826;253;1518;1518;7.42;0.45;174.37;3.38;692;1;503.00;0
830;1;5530240;830;245;1557;1588;7.63;0.47;175.04;3.30;727;1;504.00;31
833;1;5530253;833;243;1561;1589;7.63;0.47;175.18;3.29;728;1;505.00;28
836;1;5530261;836;249;1570;1589;7.59;0.46;175.56;3.29;734;1;506.00;19
838;1;5530268;838;251;1571;1589;7.54;0.46;175.69;3.29;733;1;507.00;18
842;1;5530276;842;241;1574;1589;7.49;0.46;176.07;3.29;732;1;508.00;15
844;1;5530284;844;232;1574;1589;7.47;0.45;176.48;3.29;730;1;509.00;15
846;1;5530293;846;234;1576;1589;7.47;0.46;177.03;3.29;730;1;510.00;13
848;1;5530301;848;237;1578;1589;7.48;0.46;176.94;3.30;730;1;511.00;11
852;1;5530309;852;237;1579;1590;7.47;0.45;177.40;3.30;727;1;512.00;11
855;1;5530317;855;243;1583;1591;7.48;0.46;177.45;3.31;728;1;513.00;8
857;1;5530327;857;241;1584;1591;7.49;0.46;177.52;3.31;727;1;514.00;7
861;1;5530340;861;243;1588;1595;7.51;0.46;177.82;3.31;727;1;515.00;7
863;1;5530349;863;242;1589;1595;7.59;0.46;178.30;3.31;726;1;516.00;6
864;1;5530357;864;249;1590;1595;7.61;0.47;178.14;3.32;726;1;517.00;5
867;1;5530365;867;249;1590;1595;7.67;0.47;178.76;3.32;723;1;518.00;5
870;1;5530373;870;249;1597;1601;7.80;0.48;178.97;3.32;727;1;519.00;4
870;1;5530388;870;250;1597;1601;7.91;0.49;178.97;3.32;727;1;520.00;4
874;1;5530395;874;246;1599;1601;7.99;0.49;179.39;3.34;725;1;521.00;2
878;1;5530404;878;245;1601;1604;8.08;0.50;179.90;3.34;723;1;522.00;3
883;1;5530413;883;241;1603;1604;8.05;0.49;179.95;3.34;720;1;523.00;1
885;1;5530421;885;242;1604;1604;7.96;0.49;179.86;3.34;719;1;524.00;0
885;1;5530430;885;241;1605;1605;7.88;0.48;179.86;3.34;720;1;525.00;0
887;1;5530438;887;239;1606;1606;7.80;0.48;180.01;3.34;719;1;526.00;0
891;1;5530448;891;242;1606;1606;7.69;0.47;180.44;3.34;715;1;527.00;0
893;1;5530456;893;245;1618;1619;7.78;0.47;180.29;3.32;725;1;528.00;1
895;1;5530465;895;245;1618;1619;7.72;0.47;180.61;3.32;723;1;529.00;1
897;1;5530474;897;246;1619;1619;7.72;0.47;180.76;3.32;722;1;530.00;0
904;1;5530482;904;245;1620;1620;7.65;0.46;181.25;3.31;716;1;531.00;0
905;1;5530490;905;247;1620;1620;7.66;0.47;181.16;3.31;715;1;532.00;0
907;1;5530499;907;248;1624;1624;7.75;0.47;181.12;3.31;717;1;533.00;0
910;1;5530509;910;250;1624;1624;7.76;0.47;181.25;3.31;714;1;534.00;0
912;1;5530517;912;250;1628;1628;7.73;0.47;181.23;3.30;716;1;535.00;0
914;1;5530531;914;254;1628;1628;7.70;0.47;181.22;3.30;714;1;536.00;0
915;1;5530539;915;256;1628;1628;7.66;0.47;181.33;3.30;713;1;537.00;0
916;1;5530548;916;255;1628;1628;7.57;0.46;181.36;3.30;712;1;538.00;0
917;1;5530557;917;261;1628;1628;7.57;0.46;181.58;3.30;711;1;539.00;0
920;1;5530567;920;265;1658;1662;7.75;0.48;181.51;3.24;738;1;540.00;4
922;1;5530580;922;266;1658;1662;7.71;0.47;181.74;3.24;736;1;541.00;4
923;1;5530590;923;256;1661;1662;7.74;0.48;181.70;3.24;738;1;542.00;1
926;1;5530601;926;251;1661;1662;7.65;0.47;181.77;3.24;735;1;543.00;1
929;1;5530612;929;246;1662;1662;7.62;0.47;181.98;3.24;733;1;544.00;0
932;1;5530621;932;243;1662;1662;7.59;0.46;182.18;3.24;730;1;545.00;0
935;1;5530631;935;241;1663;1663;7.57;0.46;182.50;3.24;728;1;546.00;0
937;1;5530640;937;238;1663;1663;7.58;0.46;182.51;3.24;726;1;547.00;0
939;1;5530649;939;243;1669;1669;7.58;0.46;182.62;3.23;730;1;548.00;0
942;1;5530660;942;241;1670;1670;7.63;0.46;182.62;3.23;728;1;549.00;0
947;1;5530670;947;239;1670;1670;7.64;0.46;182.86;3.23;723;1;550.00;0
947;1;5530684;947;230;1670;1670;7.72;0.47;182.86;3.23;723;1;551.00;0
950;1;5530694;950;220;1674;1674;7.82;0.48;183.40;3.22;724;1;552.00;0
951;1;5530703;951;213;1674;1674;7.94;0.48;183.56;3.22;723;1;553.00;0
952;1;5530713;952;210;1674;1674;8.03;0.49;183.64;3.22;722;1;554.00;0
955;1;5530722;955;208;1675;1675;8.11;0.49;183.85;3.22;720;1;555.00;0
955;1;5530731;955;209;1679;1679;8.10;0.49;183.85;3.21;724;1;556.00;0
960;1;5530740;960;212;1679;1679;8.06;0.49;183.92;3.21;719;1;557.00;0
962;1;5530750;962;212;1681;1682;8.05;0.49;184.38;3.21;719;1;558.00;1
965;1;5530759;965;215;1681;1682;8.02;0.49;184.66;3.21;716;1;559.00;1
965;1;5530768;965;220;1682;1682;8.11;0.49;184.66;3.21;717;1;560.00;0
967;1;5530777;967;222;1682;1682;8.12;0.49;184.88;3.21;715;1;561.00;0
970;1;5530786;970;214;1686;1686;8.20;0.50;185.48;3.20;716;1;562.00;0
972;1;5530795;972;214;1686;1686;8.28;0.50;185.65;3.20;714;1;563.00;0
973;1;5530804;973;210;1686;1686;8.34;0.51;185.74;3.20;713;1;564.00;0
974;1;5530812;974;207;1686;1686;8.40;0.51;185.76;3.20;712;1;565.00;0
978;1;5530821;978;206;1687;1687;8.39;0.51;186.24;3.20;709;1;566.00;0
979;1;5530829;979;205;1688;1688;8.50;0.52;186.48;3.20;709;1;567.00;0
981;1;5530838;981;204;1688;1688;8.54;0.52;186.59;3.20;707;1;568.00;0
983;1;5530847;983;202;1689;1689;8.57;0.52;186.75;3.20;706;1;569.00;0
986;1;5530858;986;202;1689;1689;8.52;0.52;186.72;3.20;703;1;570.00;0
986;1;5530866;986;199;1689;1689;8.61;0.52;186.72;3.20;703;1;571.00;0
990;1;5530874;990;199;1689;1689;8.60;0.52;187.33;3.20;699;1;572.00;0
993;1;5530884;993;195;1689;1689;8.60;0.52;187.66;3.20;696;1;573.00;0
995;1;5530892;995;200;1689;1689;8.58;0.52;187.92;3.20;694;1;574.00;0
998;1;5530901;998;198;1689;1689;8.63;0.53;188.14;3.20;691;1;575.00;0
1001;1;5530914;1001;229;1765;1816;8.54;0.53;188.38;3.06;764;1;576.00;51
1002;1;5530932;1002;213;1769;1817;8.63;0.53;188.29;3.06;767;1;577.00;48
1005;1;5530940;1005;212;1774;1817;8.79;0.54;188.32;3.06;769;1;578.00;43
1007;1;5530950;1007;207;1776;1817;8.90;0.55;188.37;3.06;769;1;579.00;41
1008;1;5530958;1008;206;1782;1817;8.98;0.55;188.54;3.06;774;1;580.00;35
1010;1;5530972;1010;209;1783;1817;9.02;0.56;188.78;3.06;773;1;581.00;34
1013;1;5530981;1013;212;1786;1817;9.05;0.56;188.94;3.07;773;1;582.00;31
1017;1;5530990;1017;212;1788;1817;9.08;0.56;189.48;3.07;771;1;583.00;29
1019;1;5530998;1019;217;1789;1818;9.13;0.56;189.61;3.07;770;1;584.00;29
1022;1;5531008;1022;217;1796;1820;9.10;0.56;189.95;3.09;774;1;585.00;24
1025;1;5531018;1025;217;1797;1820;9.09;0.56;190.29;3.09;772;1;586.00;23
1026;1;5531027;1026;215;1800;1821;9.06;0.55;190.31;3.10;774;1;587.00;21
1028;1;5531037;1028;214;1803;1821;9.06;0.55;190.75;3.12;775;1;588.00;18
1028;1;5531046;1028;213;1808;1821;9.08;0.56;190.75;3.14;780;1;589.00;13
1030;1;5531055;1030;212;1810;1821;9.09;0.56;190.98;3.16;780;1;590.00;11
1033;1;5531064;1033;211;1816;1825;9.05;0.55;191.74;3.19;783;1;591.00;9
1035;1;5531079;1035;209;1817;1825;9.07;0.56;192.22;3.19;782;1;592.00;8
1039;1;5531088;1039;203;1818;1825;9.05;0.55;193.36;3.19;779;1;593.00;7
1041;1;5531097;1041;201;1820;1828;9.11;0.56;193.39;3.19;779;1;594.00;8
1045;1;5531106;1045;203;1821;1828;9.05;0.55;193.96;3.20;776;1;595.00;7
1046;1;5531115;1046;208;1821;1828;9.10;0.56;194.26;3.20;775;1;596.00;7
1051;1;5531124;1051;207;1826;1832;9.00;0.55;194.72;3.20;775;1;597.00;6
1055;1;5531133;1055;201;1827;1833;8.94;0.55;194.97;3.20;772;1;598.00;6
1058;1;5531142;1058;197;1828;1833;8.92;0.54;195.41;3.21;770;1;599.00;5
1061;1;5531152;1061;202;1842;1859;8.82;0.54;195.75;3.20;781;1;600.00;17
1066;1;5531174;1066;193;1844;1859;8.78;0.53;196.03;3.20;778;1;601.00;15
1072;1;5531183;1072;193;1845;1859;8.69;0.53;196.09;3.20;773;1;602.00;14
1075;1;5531193;1075;189;1846;1860;8.67;0.53;196.39;3.20;771;1;603.00;14
1083;1;5531201;1083;189;1846;1860;8.61;0.52;196.91;3.20;763;1;604.00;14
1085;1;5531210;1085;193;1851;1866;8.62;0.52;196.82;3.19;766;1;605.00;15
1087;1;5531220;1087;192;1852;1866;8.57;0.52;197.45;3.20;765;1;606.00;14
1090;1;5531228;1090;199;1853;1867;8.44;0.51;197.82;3.20;763;1;607.00;14
1090;1;5531241;1090;205;1856;1867;8.39;0.51;197.82;3.20;766;1;608.00;11
1092;1;5531250;1092;212;1856;1867;8.29;0.50;198.31;3.20;764;1;609.00;11
1096;1;5531258;1096;208;1856;1867;8.15;0.49;198.83;3.20;760;1;610.00;11
1096;1;5531266;1096;217;1858;1867;8.08;0.49;198.83;3.23;762;1;611.00;9
1097;1;5531275;1097;214;1870;1879;8.11;0.49;199.05;3.22;773;1;612.00;9
1097;1;5531283;1097;220;1871;1879;8.06;0.49;199.05;3.22;774;1;613.00;8
1098;1;5531297;1098;224;1873;1879;8.06;0.49;199.10;3.23;775;1;614.00;6
1098;1;5531306;1098;228;1873;1879;8.10;0.49;199.10;3.23;775;1;615.00;6
1099;1;5531315;1099;230;1873;1879;8.11;0.49;198.99;3.23;774;1;616.00;6
1099;1;5531323;1099;235;1874;1879;8.15;0.49;198.99;3.23;775;1;617.00;5
1099;1;5531332;1099;227;1877;1883;8.20;0.50;198.99;3.23;778;1;618.00;6
1100;1;5531341;1100;230;1877;1883;8.19;0.50;199.02;3.23;777;1;619.00;6
1101;1;5531350;1101;237;1882;1887;8.24;0.50;199.01;3.24;781;1;620.00;5
1102;1;5531359;1102;241;1883;1888;8.29;0.50;198.85;3.23;781;1;621.00;5
1103;1;5531369;1103;239;1883;1888;8.28;0.50;198.84;3.23;780;1;622.00;5
1106;1;5531378;1106;242;1884;1888;8.18;0.50;199.07;3.24;778;1;623.00;4
1108;1;5531386;1108;247;1893;1901;8.08;0.49;198.75;3.23;785;1;624.00;8
1111;1;5531396;1111;249;1893;1901;8.03;0.49;198.46;3.23;782;1;625.00;8
1112;1;5531405;1112;258;1895;1901;7.94;0.48;198.39;3.24;783;1;626.00;6
1116;1;5531413;1116;263;1898;1902;7.87;0.48;198.27;3.24;782;1;627.00;4
1118;1;5531422;1118;269;1899;1903;7.80;0.48;198.19;3.24;781;1;628.00;4
1120;1;5531430;1120;274;1901;1903;7.79;0.48;198.00;3.26;781;1;629.00;2
1123;1;5531439;1123;279;1906;1909;7.71;0.47;197.89;3.26;783;1;630.00;3
1124;1;5531447;1124;281;1907;1909;7.67;0.47;197.83;3.26;783;1;631.00;2
1125;1;5531455;1125;291;1909;1909;7.70;0.47;197.76;3.26;784;1;632.00;0
1125;1;5531463;1125;290;1909;1909;7.67;0.47;197.76;3.26;784;1;633.00;0
1128;1;5531471;1128;294;1915;1915;7.70;0.47;197.96;3.25;787;1;634.00;0
1130;1;5531479;1130;298;1915;1915;7.66;0.47;197.90;3.25;785;1;635.00;0
1130;1;5531487;1130;299;1915;1915;7.57;0.46;197.90;3.25;785;1;636.00;0
1133;1;5531495;1133;305;1915;1915;7.45;0.46;197.72;3.25;782;1;637.00;0
1133;1;5531503;1133;308;1919;1919;7.38;0.45;197.72;3.25;786;1;638.00;0
1136;1;5531511;1136;313;1920;1920;7.33;0.45;197.48;3.24;784;1;639.00;0
1139;1;5531519;1139;321;1920;1920;7.25;0.45;197.24;3.24;781;1;640.00;0
1141;1;5531526;1141;325;1921;1921;7.18;0.44;197.01;3.24;780;1;641.00;0
1142;1;5531534;1142;335;1921;1921;7.13;0.44;197.14;3.24;779;1;642.00;0
1145;1;5531541;1145;340;1921;1921;7.08;0.43;197.06;3.24;776;1;643.00;0
1146;1;5531548;1146;335;1921;1921;7.04;0.43;196.94;3.24;775;1;644.00;0
1147;1;5531556;1147;335;1921;1921;7.01;0.43;196.95;3.24;774;1;645.00;0
1148;1;5531563;1148;332;1921;1921;7.02;0.43;196.90;3.24;773;1;646.00;0
1150;1;5531570;1150;330;1921;1921;6.97;0.43;197.00;3.24;771;1;647.00;0
1151;1;5531578;1151;335;1962;1991;7.18;0.44;197.03;3.17;811;1;648.00;29
1153;1;5531591;1153;328;1965;1992;7.09;0.44;196.90;3.17;812;1;649.00;27
1155;1;5531599;1155;322;1974;1992;7.09;0.44;196.75;3.17;819;1;650.00;18
1157;1;5531607;1157;324;1977;1992;6.99;0.43;196.76;3.17;820;1;651.00;15
1160;1;5531616;1160;320;1980;1992;6.88;0.42;196.56;3.17;820;1;652.00;12
1164;1;5531623;1164;322;1981;1992;6.75;0.41;196.62;3.17;817;1;653.00;11
1165;1;5531631;1165;320;1983;1992;6.72;0.41;196.71;3.17;818;1;654.00;9
1167;1;5531639;1167;314;1987;1992;6.70;0.41;196.57;3.18;820;1;655.00;5
1171;1;5531647;1171;305;1990;1993;6.71;0.41;196.67;3.19;819;1;656.00;3
1173;1;5531655;1173;300;1992;1994;6.68;0.41;196.50;3.19;819;1;657.00;2
1175;1;5531663;1175;299;1993;1994;6.65;0.41;196.67;3.19;818;1;658.00;1
1179;1;5531670;1179;296;1998;1998;6.54;0.40;196.78;3.19;819;1;659.00;0
1182;1;5531683;1182;278;1998;1998;6.45;0.39;196.61;3.19;816;1;660.00;0
1184;1;5531696;1184;275;1998;1998;6.41;0.39;197.00;3.19;814;1;661.00;0
1186;1;5531706;1186;267;1998;1998;6.37;0.39;197.12;3.19;812;1;662.00;0
1187;1;5531720;1187;264;2004;2004;6.48;0.40;197.12;3.18;817;1;663.00;0
1191;1;5531733;1191;268;2004;2004;6.48;0.39;197.01;3.18;813;1;664.00;0
1192;1;5531753;1192;273;2004;2004;6.56;0.40;197.04;3.18;812;1;665.00;0
1192;1;5531769;1192;267;2007;2007;6.70;0.41;197.04;3.18;815;1;666.00;0
1195;1;5531791;1195;258;2007;2007;6.70;0.41;197.46;3.18;812;1;667.00;0
1197;1;5531802;1197;251;2007;2007;6.80;0.41;197.73;3.18;810;1;668.00;0
1199;1;5531812;1199;240;2008;2008;6.90;0.42;197.66;3.17;809;1;669.00;0
1201;1;5531822;1201;235;2009;2009;7.01;0.43;197.79;3.17;808;1;670.00;0
1206;1;5531832;1206;229;2009;2009;7.11;0.43;197.77;3.17;803;1;671.00;0
1207;1;5531842;1207;229;2022;2022;7.30;0.44;198.04;3.15;815;1;672.00;0
1209;1;5531853;1209;230;2022;2022;7.44;0.45;198.29;3.15;813;1;673.00;0
1211;1;5531865;1211;228;2022;2022;7.52;0.46;198.43;3.15;811;1;674.00;0
1213;1;5531874;1213;225;2024;2024;7.66;0.47;198.68;3.15;811;1;675.00;0
1217;1;5531884;1217;228;2024;2024;7.79;0.47;198.52;3.15;807;1;676.00;0
1221;1;5531895;1221;227;2028;2028;7.82;0.48;199.13;3.15;807;1;677.00;0
1225;1;5531906;1225;228;2028;2028;7.84;0.48;199.52;3.15;803;1;678.00;0
1228;1;5531916;1228;227;2032;2032;7.90;0.48;199.85;3.14;804;1;679.00;0
1233;1;5531930;1233;225;2032;2032;7.86;0.48;200.09;3.14;799;1;680.00;0
1237;1;5531944;1237;222;2032;2032;7.88;0.48;200.30;3.14;795;1;681.00;0
1243;1;5531959;1243;229;2032;2032;7.88;0.48;200.68;3.14;789;1;682.00;0
1248;1;5531975;1248;225;2032;2032;7.87;0.48;201.04;3.14;784;1;683.00;0
1250;1;5532002;1250;224;2043;2044;7.92;0.48;201.14;3.12;793;1;684.00;1
1254;1;5532032;1254;224;2044;2044;8.00;0.49;201.76;3.12;790;1;685.00;0
1257;1;5532050;1257;225;2044;2044;8.10;0.49;201.97;3.12;787;1;686.00;0
1259;1;5532068;1259;225;2044;2044;8.12;0.49;202.19;3.12;785;1;687.00;0
1263;1;5532087;1263;221;2044;2044;8.09;0.49;202.86;3.12;781;1;688.00;0
1265;1;5532105;1265;218;2044;2044;8.11;0.49;202.83;3.12;779;1;689.00;0
1269;1;5532125;1269;222;2045;2045;8.10;0.49;203.33;3.12;776;1;690.00;0
1275;1;5532141;1275;222;2045;2045;8.06;0.49;203.58;3.12;770;1;691.00;0
1278;1;5532167;1278;220;2050;2051;8.12;0.49;203.65;3.12;772;1;692.00;1
1282;1;5532189;1282;219;2051;2052;8.16;0.50;204.28;3.12;769;1;693.00;1
1286;1;5532214;1286;217;2052;2052;8.20;0.50;204.86;3.12;766;1;694.00;0
1290;1;5532236;1290;215;2052;2052;8.23;0.50;205.08;3.12;762;1;695.00;0
1295;1;5532254;1295;217;2056;2056;8.17;0.50;205.70;3.11;761;1;696.00;0
1300;1;5532271;1300;218;2056;2056;8.21;0.50;205.92;3.11;756;1;697.00;0
1302;1;5532289;1302;219;2056;2056;8.28;0.51;206.05;3.11;754;1;698.00;0
1308;1;5532307;1308;218;2057;2057;8.22;0.50;206.67;3.11;749;1;699.00;0
1311;1;5532323;1311;215;2061;2061;8.20;0.50;206.85;3.10;750;1;700.00;0
1315;1;5532341;1315;211;2061;2061;8.18;0.50;206.93;3.10;746;1;701.00;0
1318;1;5532356;1318;212;2063;2064;8.20;0.50;207.30;3.10;745;1;702.00;1
1320;1;5532370;1320;213;2063;2064;8.18;0.50;207.61;3.10;743;1;703.00;1
1322;1;5532384;1322;215;2064;2064;8.16;0.50;207.94;3.10;742;1;704.00;0
1325;1;5532397;1325;216;2064;2064;8.10;0.50;208.01;3.10;739;1;705.00;0
1329;1;5532409;1329;225;2068;2068;8.05;0.49;208.13;3.10;739;1;706.00;0
1330;1;5532422;1330;216;2068;2068;8.01;0.49;208.23;3.10;738;1;707.00;0
1333;1;5532436;1333;212;2068;2068;7.97;0.49;208.24;3.10;735;1;708.00;0
1335;1;5532448;1335;209;2068;2068;7.95;0.49;208.57;3.10;733;1;709.00;0
1338;1;5532468;1338;207;2069;2069;7.92;0.48;208.74;3.10;731;1;710.00;0
1339;1;5532481;1339;207;2070;2070;7.94;0.48;208.82;3.09;731;1;711.00;0
1341;1;5532493;1341;212;2070;2070;8.00;0.49;208.84;3.09;729;1;712.00;0
1342;1;5532506;1342;211;2071;2071;8.07;0.49;208.89;3.09;729;1;713.00;0
1345;1;5532519;1345;218;2071;2071;8.12;0.49;209.17;3.09;726;1;714.00;0
1345;1;5532530;1345;219;2071;2071;8.16;0.50;209.17;3.09;726;1;715.00;0
1348;1;5532556;1348;206;2071;2071;8.22;0.50;209.37;3.09;723;1;716.00;0
1352;1;5532571;1352;191;2071;2071;8.28;0.50;209.43;3.09;719;1;717.00;0
1354;1;5532585;1354;190;2071;2071;8.30;0.50;209.90;3.09;717;1;718.00;0
1356;1;5532598;1356;183;2071;2071;8.39;0.51;210.17;3.09;715;1;719.00;0
1358;1;5532612;1358;237;2198;2301;8.25;0.52;210.37;2.92;840;1;720.00;103
1360;1;5532644;1360;226;2208;2302;8.30;0.52;210.30;2.91;848;1;721.00;94
1362;1;5532659;1362;210;2220;2302;8.30;0.52;210.50;2.90;858;1;722.00;82
1365;1;5532673;1365;209;2224;2302;8.31;0.52;210.71;2.90;859;1;723.00;78
1369;1;5532686;1369;211;2232;2302;8.26;0.51;211.03;2.91;863;1;724.00;70
1372;1;5532698;1372;211;2239;2302;8.23;0.51;211.17;2.91;867;1;725.00;63
1376;1;5532710;1376;212;2245;2302;8.22;0.51;211.47;2.92;869;1;726.00;57
1376;1;5532723;1376;202;2248;2302;8.17;0.51;211.47;2.93;872;1;727.00;54
1378;1;5532740;1378;215;2252;2303;8.16;0.51;211.64;2.94;874;1;728.00;51
1381;1;5532752;1381;215;2257;2304;8.12;0.50;211.85;2.95;876;1;729.00;47
1381;1;5532763;1381;220;2260;2304;8.05;0.50;211.85;2.96;879;1;730.00;44
1383;1;5532775;1383;223;2264;2305;7.96;0.49;212.07;2.97;881;1;731.00;41
1383;1;5532787;1383;230;2268;2305;7.90;0.49;212.07;2.98;885;1;732.00;37
1386;1;5532800;1386;231;2270;2305;7.84;0.49;212.35;2.99;884;1;733.00;35
1386;1;5532817;1386;236;2273;2305;7.81;0.48;212.35;3.01;887;1;734.00;32
1391;1;5532829;1391;244;2276;2309;7.77;0.48;212.61;3.01;885;1;735.00;33
1393;1;5532841;1393;249;2278;2309;7.75;0.48;212.78;3.02;885;1;736.00;31
1395;1;5532852;1395;262;2279;2309;7.76;0.48;212.80;3.03;884;1;737.00;30
1397;1;5532864;1397;264;2281;2312;7.74;0.48;212.95;3.04;884;1;738.00;31
1401;1;5532876;1401;270;2282;2312;7.73;0.48;213.17;3.05;881;1;739.00;30
1404;1;5532888;1404;273;2284;2312;7.75;0.48;213.09;3.05;880;1;740.00;28
1405;1;5532900;1405;272;2288;2316;7.71;0.47;213.28;3.05;883;1;741.00;28
1405;1;5532914;1405;279;2291;2317;7.70;0.47;213.28;3.06;886;1;742.00;26
1407;1;5532926;1407;275;2291;2317;7.63;0.47;213.21;3.06;884;1;743.00;26
1409;1;5532945;1409;279;2294;2321;7.56;0.46;213.24;3.05;885;1;744.00;27
1410;1;5532959;1410;285;2296;2321;7.52;0.46;213.48;3.06;886;1;745.00;25
1413;1;5532971;1413;288;2297;2321;7.47;0.46;213.71;3.07;884;1;746.00;24
1414;1;5532983;1414;293;2298;2322;7.50;0.46;213.72;3.08;884;1;747.00;24
1415;1;5532994;1415;297;2299;2322;7.52;0.46;213.69;3.09;884;1;748.00;23
1417;1;5533007;1417;302;2305;2328;7.49;0.46;213.91;3.10;888;1;749.00;23
1417;1;5533020;1417;300;2307;2328;7.52;0.46;213.91;3.12;890;1;750.00;21
1420;1;5533031;1420;299;2309;2329;7.51;0.46;214.14;3.13;889;1;751.00;20
1423;1;5533043;1423;300;2309;2329;7.51;0.46;214.26;3.13;886;1;752.00;20
1429;1;5533056;1429;302;2311;2329;7.37;0.45;214.56;3.16;882;1;753.00;18
1432;1;5533071;1432;300;2311;2329;7.33;0.45;214.76;3.16;879;1;754.00;18
1436;1;5533083;1436;297;2312;2329;7.30;0.45;214.99;3.17;876;1;755.00;17
1438;1;5533096;1438;297;2324;2341;7.33;0.45;215.11;3.18;886;1;756.00;17
1443;1;5533108;1443;293;2324;2341;7.28;0.44;215.38;3.18;881;1;757.00;17
1447;1;5533120;1447;290;2325;2341;7.28;0.44;215.53;3.19;878;1;758.00;16
1447;1;5533130;1447;292;2326;2341;7.31;0.45;215.53;3.19;879;1;759.00;15
1450;1;5533142;1450;290;2329;2341;7.33;0.45;215.95;3.20;879;1;760.00;12
1452;1;5533154;1452;285;2330;2341;7.39;0.45;215.81;3.20;878;1;761.00;11
1453;1;5533165;1453;281;2334;2345;7.41;0.45;215.80;3.20;881;1;762.00;11
1454;1;5533177;1454;278;2334;2345;7.44;0.45;215.78;3.20;880;1;763.00;11
1456;1;5533186;1456;271;2338;2349;7.50;0.46;215.66;3.20;882;1;764.00;11
1456;1;5533196;1456;279;2340;2351;7.55;0.46;215.66;3.19;884;1;765.00;11
1458;1;5533205;1458;281;2340;2351;7.49;0.46;215.72;3.19;882;1;766.00;11
1461;1;5533221;1461;285;2340;2351;7.48;0.46;215.68;3.19;879;1;767.00;11
1463;1;5533231;1463;287;2350;2364;7.46;0.46;215.66;3.18;887;1;768.00;14
1466;1;5533241;1466;288;2350;2364;7.35;0.45;215.65;3.18;884;1;769.00;14
1469;1;5533251;1469;289;2351;2364;7.28;0.44;215.41;3.18;882;1;770.00;13
1469;1;5533260;1469;285;2352;2365;7.23;0.44;215.41;3.18;883;1;771.00;13
1471;1;5533270;1471;296;2354;2366;7.18;0.44;215.51;3.20;883;1;772.00;12
1471;1;5533280;1471;300;2354;2366;7.19;0.44;215.51;3.20;883;1;773.00;12
1471;1;5533289;1471;302;2356;2369;7.17;0.44;215.51;3.20;885;1;774.00;13
1471;1;5533298;1471;307;2358;2369;7.15;0.44;215.51;3.22;887;1;775.00;11
1471;1;5533308;1471;314;2358;2369;7.12;0.44;215.51;3.22;887;1;776.00;11
1473;1;5533318;1473;315;2359;2369;7.09;0.43;215.40;3.24;886;1;777.00;10
1475;1;5533327;1475;315;2364;2375;7.14;0.44;215.16;3.23;889;1;778.00;11
1477;1;5533336;1477;322;2365;2375;7.12;0.43;215.23;3.26;888;1;779.00;10
1477;1;5533347;1477;324;2365;2375;7.10;0.43;215.23;3.26;888;1;780.00;10
1478;1;5533356;1478;324;2366;2375;7.08;0.43;215.27;3.28;888;1;781.00;9
1482;1;5533366;1482;327;2369;2379;7.05;0.43;215.03;3.28;887;1;782.00;10
1487;1;5533375;1487;334;2371;2380;7.02;0.43;214.75;3.30;884;1;783.00;9
1489;1;5533385;1489;339;2371;2380;6.97;0.42;214.73;3.30;882;1;784.00;9
1490;1;5533394;1490;336;2373;2381;6.91;0.42;214.63;3.33;883;1;785.00;8
1493;1;5533403;1493;342;2373;2381;6.82;0.41;214.49;3.33;880;1;786.00;8
1496;1;5533413;1496;351;2374;2381;6.78;0.41;214.49;3.36;878;1;787.00;7
1498;1;5533423;1498;354;2375;2381;6.75;0.41;214.74;3.38;877;1;788.00;6
1499;1;5533432;1499;357;2375;2381;6.80;0.41;214.64;3.38;876;1;789.00;6
1501;1;5533442;1501;364;2378;2381;6.80;0.41;214.57;3.42;877;1;790.00;3
1503;1;5533451;1503;368;2379;2381;6.74;0.41;214.45;3.45;876;1;791.00;2
1507;1;5533460;1507;372;2418;2451;6.93;0.42;214.43;3.40;911;1;792.00;33
1508;1;5533475;1508;374;2419;2452;6.89;0.42;214.46;3.40;911;1;793.00;33
1508;1;5533484;1508;375;2427;2452;6.90;0.42;214.46;3.39;919;1;794.00;25
1508;1;5533494;1508;375;2433;2452;6.80;0.42;214.46;3.40;925;1;795.00;19
1510;1;5533503;1510;378;2436;2452;6.70;0.41;214.45;3.40;926;1;796.00;16
1511;1;5533513;1511;377;2439;2452;6.58;0.40;214.47;3.41;928;1;797.00;13
1513;1;5533522;1513;384;2444;2452;6.46;0.40;214.52;3.41;931;1;798.00;8
1513;1;5533531;1513;390;2446;2452;6.46;0.40;214.52;3.41;933;1;799.00;6
1514;1;5533541;1514;399;2449;2453;6.39;0.39;214.38;3.42;935;1;800.00;4
1517;1;5533553;1517;408;2450;2454;6.30;0.39;214.50;3.42;933;1;801.00;4
1519;1;5533563;1519;401;2454;2454;6.22;0.38;214.40;3.43;935;1;802.00;0
1519;1;5533577;1519;394;2458;2458;6.19;0.38;214.40;3.42;939;1;803.00;0
1520;1;5533586;1520;390;2458;2458;6.17;0.38;214.27;3.42;938;1;804.00;0
1521;1;5533595;1521;388;2458;2458;6.13;0.38;214.18;3.42;937;1;805.00;0
1522;1;5533604;1522;384;2458;2458;6.13;0.38;214.14;3.42;936;1;806.00;0
1522;1;5533614;1522;382;2464;2464;6.13;0.38;214.14;3.42;942;1;807.00;0
1525;1;5533624;1525;387;2464;2464;6.07;0.37;214.04;3.42;939;1;808.00;0
1525;1;5533639;1525;385;2464;2464;6.08;0.37;214.04;3.42;939;1;809.00;0
1525;1;5533650;1525;382;2468;2470;6.16;0.38;214.04;3.41;943;1;810.00;2
1527;1;5533660;1527;381;2468;2470;6.15;0.38;213.99;3.41;941;1;811.00;2
1527;1;5533677;1527;385;2470;2470;6.20;0.38;213.99;3.41;943;1;812.00;0
1529;1;5533687;1529;379;2471;2471;6.21;0.38;213.88;3.41;942;1;813.00;0
1531;1;5533697;1531;373;2472;2472;6.18;0.38;213.77;3.41;941;1;814.00;0
1533;1;5533712;1533;371;2472;2472;6.18;0.38;213.64;3.41;939;1;815.00;0
1536;1;5533722;1536;376;2485;2485;6.17;0.38;213.49;3.39;949;1;816.00;0
1537;1;5533733;1537;375;2485;2485;6.15;0.38;213.37;3.39;948;1;817.00;0
1540;1;5533743;1540;372;2485;2485;6.16;0.38;213.10;3.39;945;1;818.00;0
1541;1;5533753;1541;363;2486;2486;6.25;0.38;213.26;3.39;945;1;819.00;0
1543;1;5533763;1543;359;2486;2486;6.31;0.38;213.11;3.39;943;1;820.00;0
1544;1;5533772;1544;358;2490;2490;6.38;0.39;213.18;3.38;946;1;821.00;0
1547;1;5533783;1547;360;2490;2490;6.39;0.39;213.28;3.38;943;1;822.00;0
1550;1;5533792;1550;360;2494;2494;6.44;0.39;213.11;3.38;944;1;823.00;0
1553;1;5533802;1553;354;2494;2494;6.39;0.39;213.53;3.38;941;1;824.00;0
1557;1;5533811;1557;333;2494;2494;6.37;0.39;213.50;3.38;937;1;825.00;0
1563;1;5533821;1563;324;2494;2494;6.30;0.38;213.55;3.38;931;1;826.00;0
1565;1;5533831;1565;319;2494;2494;6.33;0.39;213.50;3.38;929;1;827.00;0
1567;1;5533840;1567;316;2506;2506;6.38;0.39;213.50;3.36;939;1;828.00;0
1570;1;5533852;1570;305;2506;2506;6.43;0.39;213.88;3.36;936;1;829.00;0
1572;1;5533862;1572;299;2506;2506;6.59;0.40;213.96;3.36;934;1;830.00;0
1579;1;5533873;1579;292;2506;2506;6.74;0.41;214.19;3.36;927;1;831.00;0
1581;1;5533883;1581;281;2506;2506;6.91;0.42;214.44;3.36;925;1;832.00;0
1587;1;5533893;1587;274;2506;2506;7.00;0.43;214.87;3.36;919;1;833.00;0
1590;1;5533903;1590;264;2507;2507;7.04;0.43;215.34;3.36;917;1;834.00;0
1592;1;5533914;1592;260;2507;2507;7.11;0.43;215.60;3.36;915;1;835.00;0
1597;1;5533924;1597;256;2513;2513;7.17;0.44;216.18;3.36;916;1;836.00;0
1601;1;5533936;1601;251;2514;2514;7.19;0.44;216.48;3.36;913;1;837.00;0
1608;1;5533946;1608;247;2514;2514;7.17;0.44;216.93;3.36;906;1;838.00;0
1611;1;5533963;1611;241;2514;2514;7.19;0.44;217.06;3.36;903;1;839.00;0
1616;1;5533975;1616;245;2519;2519;7.23;0.44;217.48;3.35;903;1;840.00;0
1619;1;5533986;1619;244;2519;2519;7.28;0.45;217.67;3.35;900;1;841.00;0
1625;1;5533996;1625;236;2519;2519;7.29;0.45;218.15;3.35;894;1;842.00;0
1629;1;5534007;1629;231;2520;2520;7.30;0.45;218.58;3.35;891;1;843.00;0
1635;1;5534019;1635;230;2524;2524;7.31;0.45;218.67;3.35;889;1;844.00;0
1637;1;5534031;1637;227;2524;2524;7.38;0.45;218.95;3.35;887;1;845.00;0
1643;1;5534042;1643;232;2526;2527;7.44;0.45;219.24;3.34;883;1;846.00;1
1647;1;5534053;1647;236;2527;2527;7.52;0.46;219.58;3.34;880;1;847.00;0
1651;1;5534063;1651;239;2527;2527;7.52;0.46;220.07;3.34;876;1;848.00;0
1657;1;5534073;1657;239;2527;2527;7.53;0.46;220.23;3.34;870;1;849.00;0
1662;1;5534085;1662;242;2531;2531;7.54;0.46;220.67;3.34;869;1;850.00;0
1666;1;5534096;1666;240;2531;2531;7.54;0.46;221.06;3.34;865;1;851.00;0
1669;1;5534107;1669;241;2531;2531;7.50;0.46;221.19;3.34;862;1;852.00;0
1673;1;5534117;1673;242;2531;2531;7.58;0.46;221.47;3.34;858;1;853.00;0
1677;1;5534128;1677;243;2532;2532;7.60;0.46;221.64;3.34;855;1;854.00;0
1681;1;5534143;1681;243;2534;2534;7.67;0.47;221.81;3.33;853;1;855.00;0
1688;1;5534157;1688;239;2534;2534;7.69;0.47;222.54;3.33;846;1;856.00;0
1692;1;5534168;1692;243;2535;2535;7.69;0.47;222.68;3.33;843;1;857.00;0
1696;1;5534179;1696;236;2535;2535;7.68;0.47;223.01;3.33;839;1;858.00;0
1699;1;5534188;1699;242;2535;2535;7.72;0.47;223.24;3.33;836;1;859.00;0
1704;1;5534199;1704;241;2535;2535;7.74;0.47;223.28;3.33;831;1;860.00;0
1709;1;5534209;1709;239;2535;2535;7.69;0.47;223.96;3.33;826;1;861.00;0
1711;1;5534219;1711;240;2535;2535;7.69;0.47;224.08;3.33;824;1;862.00;0
1713;1;5534230;1713;240;2535;2535;7.74;0.47;224.34;3.33;822;1;863.00;0
1716;1;5534240;1716;259;2611;2662;7.88;0.49;224.69;3.24;895;1;864.00;51
1719;1;5534260;1719;248;2617;2663;7.94;0.49;224.74;3.23;898;1;865.00;46
1723;1;5534270;1723;247;2623;2663;8.00;0.49;224.90;3.23;900;1;866.00;40
1726;1;5534281;1726;243;2625;2663;8.03;0.50;224.92;3.23;899;1;867.00;38
1729;1;5534292;1729;244;2628;2663;8.00;0.49;225.27;3.23;899;1;868.00;35
1732;1;5534302;1732;246;2629;2663;7.95;0.49;225.55;3.23;897;1;869.00;34
1733;1;5534314;1733;257;2630;2663;7.89;0.49;225.50;3.23;897;1;870.00;33
1734;1;5534330;1734;264;2631;2663;7.88;0.49;225.67;3.23;897;1;871.00;32
1736;1;5534345;1736;258;2633;2664;7.83;0.48;225.77;3.24;897;1;872.00;31
1736;1;5534356;1736;260;2636;2665;7.77;0.48;225.77;3.24;900;1;873.00;29
1737;1;5534367;1737;255;2637;2665;7.74;0.48;225.79;3.25;900;1;874.00;28
1743;1;5534377;1743;256;2638;2666;7.65;0.47;225.97;3.25;895;1;875.00;28
1745;1;5534388;1745;259;2643;2666;7.55;0.47;225.95;3.26;898;1;876.00;23
1750;1;5534400;1750;261;2644;2666;7.51;0.46;226.33;3.27;894;1;877.00;22
1753;1;5534411;1753;269;2647;2666;7.50;0.46;226.95;3.28;894;1;878.00;19
1758;1;5534429;1758;277;2650;2670;7.46;0.46;227.38;3.28;892;1;879.00;20
1761;1;5534441;1761;281;2652;2670;7.42;0.46;227.57;3.29;891;1;880.00;18
1764;1;5534452;1764;271;2654;2670;7.38;0.45;227.63;3.30;890;1;881.00;16
1764;1;5534462;1764;265;2656;2673;7.44;0.46;227.63;3.31;892;1;882.00;17
1770;1;5534474;1770;253;2657;2673;7.39;0.45;228.32;3.31;887;1;883.00;16
1773;1;5534485;1773;255;2659;2673;7.43;0.45;228.42;3.32;886;1;884.00;14
1777;1;5534495;1777;254;2664;2677;7.40;0.45;228.48;3.32;887;1;885.00;13
1779;1;5534508;1779;249;2666;2678;7.44;0.46;228.55;3.33;887;1;886.00;12
1780;1;5534524;1780;249;2667;2678;7.53;0.46;228.69;3.34;887;1;887.00;11
1784;1;5534539;1784;248;2671;2682;7.52;0.46;228.78;3.35;887;1;888.00;11
1787;1;5534552;1787;249;2673;2682;7.63;0.47;228.67;3.36;886;1;889.00;9
1790;1;5534563;1790;255;2673;2682;7.69;0.47;228.78;3.36;883;1;890.00;9
1795;1;5534575;1795;256;2675;2683;7.66;0.47;229.34;3.37;880;1;891.00;8
1797;1;5534588;1797;251;2675;2683;7.74;0.47;229.50;3.37;878;1;892.00;8
1801;1;5534601;1801;246;2681;2689;7.75;0.47;229.61;3.37;880;1;893.00;8
1803;1;5534614;1803;238;2682;2689;7.79;0.48;229.80;3.38;879;1;894.00;7
1805;1;5534626;1805;238;2684;2690;7.84;0.48;229.95;3.39;879;1;895.00;6
1810;1;5534639;1810;232;2685;2690;7.89;0.48;230.26;3.40;875;1;896.00;5
1812;1;5534650;1812;230;2686;2690;7.95;0.49;230.41;3.40;874;1;897.00;4
1817;1;5534662;1817;230;2687;2690;8.03;0.49;230.50;3.40;870;1;898.00;3
1817;1;5534674;1817;233;2688;2690;8.13;0.49;230.50;3.41;871;1;899.00;2
1818;1;5534688;1818;238;2716;2736;8.16;0.50;230.47;3.37;898;1;900.00;20
1820;1;5534708;1820;234;2717;2736;8.25;0.50;230.50;3.38;897;1;901.00;19
1821;1;5534720;1821;237;2722;2736;8.35;0.51;230.47;3.38;901;1;902.00;14
1823;1;5534730;1823;240;2723;2736;8.41;0.51;230.47;3.38;900;1;903.00;13
1823;1;5534741;1823;239;2727;2736;8.42;0.51;230.47;3.38;904;1;904.00;9
1827;1;5534751;1827;248;2727;2736;8.35;0.51;230.56;3.38;900;1;905.00;9
1830;1;5534763;1830;251;2732;2740;8.27;0.50;230.50;3.37;902;1;906.00;8
1832;1;5534773;1832;249;2733;2740;8.15;0.49;230.38;3.38;901;1;907.00;7
1833;1;5534784;1833;261;2737;2744;8.12;0.49;230.43;3.37;904;1;908.00;7
1834;1;5534794;1834;265;2738;2745;8.06;0.49;230.38;3.37;904;1;909.00;7
1834;1;5534810;1834;270;2738;2745;8.00;0.49;230.38;3.37;904;1;910.00;7
1835;1;5534822;1835;274;2739;2745;7.89;0.48;230.43;3.38;904;1;911.00;6
1837;1;5534833;1837;279;2751;2758;7.78;0.47;230.60;3.36;914;1;912.00;7
1838;1;5534844;1838;283;2752;2758;7.62;0.46;230.54;3.37;914;1;913.00;6
1838;1;5534859;1838;291;2752;2758;7.49;0.46;230.54;3.37;914;1;914.00;6
1838;1;5534869;1838;289;2753;2759;7.42;0.45;230.54;3.36;915;1;915.00;6
1841;1;5534885;1841;292;2754;2760;7.28;0.44;230.51;3.36;913;1;916.00;6
1842;1;5534896;1842;298;2755;2760;7.20;0.44;230.49;3.37;913;1;917.00;5
1844;1;5534906;1844;298;2757;2763;7.10;0.43;230.44;3.37;913;1;918.00;6
1848;1;5534917;1848;298;2758;2763;7.05;0.43;230.45;3.37;910;1;919.00;5
1848;1;5534927;1848;291;2759;2763;7.03;0.43;230.45;3.37;911;1;920.00;4
1849;1;5534937;1849;291;2759;2763;6.96;0.42;230.46;3.37;910;1;921.00;4
1850;1;5534947;1850;288;2764;2769;6.98;0.42;230.40;3.37;914;1;922.00;5
1852;1;5534957;1852;284;2765;2769;6.98;0.42;230.44;3.37;913;1;923.00;4
1853;1;5534967;1853;288;2767;2769;7.00;0.43;230.42;3.38;914;1;924.00;2
1855;1;5534976;1855;279;2767;2769;7.01;0.43;230.65;3.38;912;1;925.00;2
1855;1;5534985;1855;286;2773;2773;6.95;0.42;230.65;3.39;918;1;926.00;0
1857;1;5534995;1857;285;2774;2774;6.99;0.43;230.57;3.39;917;1;927.00;0
1862;1;5535004;1862;286;2774;2774;6.95;0.42;230.51;3.39;912;1;928.00;0
1865;1;5535014;1865;288;2775;2775;6.95;0.42;230.40;3.39;910;1;929.00;0
1868;1;5535025;1868;287;2775;2775;6.95;0.42;230.59;3.39;907;1;930.00;0
1872;1;5535037;1872;283;2775;2775;6.99;0.42;230.76;3.39;903;1;931.00;0
1874;1;5535049;1874;282;2775;2775;6.98;0.42;230.83;3.39;901;1;932.00;0
1879;1;5535063;1879;286;2775;2775;7.04;0.43;230.67;3.39;896;1;933.00;0
1882;1;5535079;1882;287;2775;2775;7.03;0.43;230.66;3.39;893;1;934.00;0
1882;1;5535092;1882;284;2775;2775;7.07;0.43;230.66;3.39;893;1;935.00;0
1882;1;5535106;1882;290;2813;2845;7.29;0.44;230.66;3.34;931;1;936.00;32
1884;1;5535126;1884;288;2815;2846;7.25;0.44;230.56;3.34;931;1;937.00;31
1887;1;5535141;1887;293;2823;2846;7.31;0.44;230.75;3.33;936;1;938.00;23
1888;1;5535152;1888;297;2828;2846;7.28;0.44;230.73;3.33;940;1;939.00;18
1890;1;5535163;1890;299;2830;2846;7.24;0.44;230.80;3.33;940;1;940.00;16
1891;1;5535174;1891;298;2834;2846;7.22;0.44;230.86;3.34;943;1;941.00;12
1891;1;5535185;1891;296;2836;2846;7.20;0.44;230.86;3.34;945;1;942.00;10
1893;1;5535196;1893;300;2838;2846;7.17;0.43;230.79;3.34;945;1;943.00;8
1894;1;5535206;1894;304;2841;2847;7.19;0.44;230.93;3.35;947;1;944.00;6
1895;1;5535217;1895;299;2844;2849;7.11;0.43;230.81;3.35;949;1;945.00;5
1896;1;5535228;1896;304;2846;2849;7.05;0.43;230.77;3.35;950;1;946.00;3
1898;1;5535239;1898;311;2850;2853;7.01;0.43;230.71;3.35;952;1;947.00;3
1899;1;5535250;1899;313;2851;2853;6.93;0.42;230.59;3.35;952;1;948.00;2
1899;1;5535262;1899;302;2851;2853;6.88;0.42;230.59;3.35;952;1;949.00;2
1899;1;5535273;1899;302;2851;2853;6.81;0.41;230.59;3.35;952;1;950.00;2
1899;1;5535284;1899;297;2856;2859;6.83;0.42;230.59;3.35;957;1;951.00;3
1901;2;5535295;1901;303;2856;2859;6.80;0.41;230.52;3.35;955;2;952.00;3
1902;2;5535319;1902;297;2856;2859;6.82;0.42;230.59;3.35;954;2;953.00;3
1902;2;5535330;1902;303;2859;2862;6.84;0.42;230.59;3.35;957;2;954.00;3
1905;2;5535347;1905;307;2861;2862;6.90;0.42;230.59;3.35;956;2;955.00;1
1905;2;5535358;1905;313;2861;2862;6.92;0.42;230.59;3.35;956;2;956.00;1
1906;2;5535373;1906;319;2862;2863;6.93;0.42;230.59;3.35;956;2;957.00;1
1908;2;5535389;1908;320;2863;2864;6.97;0.42;230.72;3.35;955;2;958.00;1
1911;2;5535401;1911;327;2864;2864;6.98;0.42;230.66;3.35;953;2;959.00;0
1916;2;5535414;1916;331;2884;2890;6.95;0.42;230.34;3.33;968;2;960.00;6
1916;2;5535429;1916;331;2885;2890;6.94;0.42;230.34;3.33;969;2;961.00;5
1916;2;5535439;1916;336;2888;2890;6.95;0.42;230.34;3.33;972;2;962.00;2
1916;2;5535449;1916;339;2891;2891;6.96;0.42;230.34;3.32;975;2;963.00;0
1917;2;5535460;1917;343;2891;2891;6.93;0.42;230.23;3.32;974;2;964.00;0
1919;2;5535471;1919;349;2895;2895;6.90;0.42;230.18;3.32;976;2;965.00;0
1920;2;5535482;1920;348;2895;2895;6.89;0.42;230.19;3.32;975;2;966.00;0
1921;2;5535492;1921;351;2899;2899;6.79;0.41;230.17;3.32;978;2;967.00;0
1923;2;5535503;1923;346;2899;2899;6.74;0.41;230.15;3.32;976;2;968.00;0
1923;2;5535513;1923;343;2899;2899;6.68;0.41;230.15;3.32;976;2;969.00;0
1927;2;5535523;1927;346;2899;2899;6.62;0.40;229.95;3.32;972;2;970.00;0
1929;2;5535533;1929;345;2899;2899;6.59;0.40;229.86;3.32;970;2;971.00;0
1930;2;5535544;1930;346;2910;2911;6.53;0.40;229.75;3.31;980;2;972.00;1
1931;2;5535554;1931;343;2911;2911;6.52;0.40;229.65;3.30;980;2;973.00;0
1933;2;5535564;1933;332;2911;2911;6.51;0.40;229.72;3.30;978;2;974.00;0
1935;2;5535575;1935;328;2911;2911;6.56;0.40;229.74;3.30;976;2;975.00;0
1936;2;5535584;1936;320;2911;2911;6.58;0.40;229.65;3.30;975;2;976.00;0
1938;2;5535593;1938;318;2911;2911;6.57;0.40;229.76;3.30;973;2;977.00;0
1939;2;5535604;1939;313;2912;2912;6.58;0.40;229.86;3.30;973;2;978.00;0
1944;2;5535614;1944;308;2912;2912;6.49;0.40;229.93;3.30;968;2;979.00;0
1945;2;5535624;1945;299;2918;2918;6.49;0.40;230.01;3.30;973;2;980.00;0
1950;2;5535634;1950;300;2919;2919;6.43;0.39;230.43;3.30;969;2;981.00;0
1950;2;5535644;1950;304;2919;2919;6.48;0.40;230.43;3.30;969;2;982.00;0
1953;2;5535654;1953;306;2919;2919;6.41;0.39;230.54;3.30;966;2;983.00;0
1957;2;5535663;1957;302;2923;2923;6.39;0.39;230.68;3.29;966;2;984.00;0
1961;2;5535673;1961;302;2923;2923;6.36;0.39;230.87;3.29;962;2;985.00;0
1964;2;5535683;1964;300;2923;2923;6.33;0.39;230.74;3.29;959;2;986.00;0
1967;2;5535692;1967;297;2924;2924;6.27;0.38;231.12;3.29;957;2;987.00;0
1972;2;5535702;1972;303;2928;2928;6.15;0.38;230.94;3.29;956;2;988.00;0
1975;2;5535711;1975;309;2928;2928;6.10;0.37;231.22;3.29;953;2;989.00;0
1979;2;5535722;1979;294;2932;2934;6.11;0.37;231.10;3.28;953;2;990.00;2
1983;2;5535733;1983;282;2932;2934;6.13;0.37;231.29;3.28;949;2;991.00;2
1986;2;5535742;1986;280;2934;2934;6.18;0.38;231.56;3.28;948;2;992.00;0
1989;2;5535752;1989;275;2934;2934;6.23;0.38;231.87;3.28;945;2;993.00;0
1991;2;5535761;1991;270;2938;2938;6.36;0.39;232.00;3.28;947;2;994.00;0
1994;2;5535772;1994;269;2938;2938;6.43;0.39;232.06;3.28;944;2;995.00;0
1998;2;5535782;1998;266;2938;2938;6.45;0.39;232.35;3.28;940;2;996.00;0
2001;2;5535793;2001;252;2938;2938;6.51;0.40;232.64;3.28;937;2;997.00;0
2004;2;5535803;2004;251;2939;2939;6.61;0.40;232.76;3.28;935;2;998.00;0
2007;2;5535813;2007;243;2940;2940;6.69;0.41;233.01;3.28;933;2;999.00;0
2008;2;5535824;2008;233;2940;2940;6.80;0.42;233.02;3.28;932;2;1000.00;0
2013;2;5535837;2013;230;2941;2941;6.86;0.42;233.44;3.28;928;2;1001.00;0
2015;2;5535848;2015;226;2941;2941;6.96;0.43;233.59;3.28;926;2;1002.00;0
2021;2;5535860;2021;228;2941;2941;7.01;0.43;233.94;3.28;920;2;1003.00;0
2024;2;5535871;2024;228;2941;2941;7.11;0.44;234.18;3.28;917;2;1004.00;0
2032;2;5535882;2032;228;2941;2941;7.11;0.43;234.22;3.28;909;2;1005.00;0
2037;2;5535892;2037;225;2941;2941;7.14;0.44;234.48;3.28;904;2;1006.00;0
2041;2;5535904;2041;220;2941;2941;7.14;0.44;234.69;3.28;900;2;1007.00;0
2049;2;5535914;2049;230;3022;3068;7.42;0.46;235.02;3.19;973;2;1008.00;46
2052;2;5535937;2052;225;3027;3069;7.47;0.46;235.06;3.19;975;2;1009.00;42
2055;2;5535948;2055;228;3033;3069;7.58;0.47;235.30;3.19;978;2;1010.00;36
2062;2;5535960;2062;226;3035;3069;7.60;0.47;235.79;3.19;973;2;1011.00;34
2065;2;5535971;2065;231;3041;3069;7.65;0.47;235.93;3.19;976;2;1012.00;28
2068;2;5535982;2068;233;3042;3069;7.71;0.48;236.14;3.19;974;2;1013.00;27
2072;2;5535999;2072;234;3044;3069;7.68;0.47;236.52;3.19;972;2;1014.00;25
2076;2;5536011;2076;234;3045;3069;7.65;0.47;236.39;3.19;969;2;1015.00;24
2082;2;5536022;2082;240;3047;3070;7.61;0.47;236.80;3.19;965;2;1016.00;23
2088;2;5536034;2088;245;3051;3071;7.54;0.46;237.09;3.20;963;2;1017.00;20
2089;2;5536046;2089;251;3052;3071;7.52;0.46;237.00;3.20;963;2;1018.00;19
2094;2;5536057;2094;252;3055;3072;7.44;0.46;237.47;3.21;961;2;1019.00;17
2097;2;5536070;2097;257;3058;3072;7.30;0.45;237.87;3.22;961;2;1020.00;14
2103;2;5536082;2103;261;3061;3072;7.23;0.44;238.01;3.23;958;2;1021.00;11
2105;2;5536093;2105;271;3061;3072;7.24;0.45;238.14;3.23;956;2;1022.00;11
2109;2;5536105;2109;276;3066;3076;7.25;0.45;238.29;3.23;957;2;1023.00;10
2112;2;5536122;2112;275;3067;3076;7.27;0.45;238.52;3.24;955;2;1024.00;9
2114;2;5536136;2114;275;3069;3076;7.31;0.45;238.79;3.24;955;2;1025.00;7
2116;2;5536148;2116;280;3071;3079;7.31;0.45;238.81;3.25;955;2;1026.00;8
2123;2;5536165;2123;283;3072;3079;7.32;0.45;239.05;3.25;949;2;1027.00;7
2131;2;5536178;2131;281;3075;3079;7.26;0.44;239.51;3.26;944;2;1028.00;4
2134;2;5536196;2134;281;3079;3083;7.27;0.44;239.81;3.25;945;2;1029.00;4
2142;2;5536208;2142;282;3082;3084;7.21;0.44;239.68;3.27;940;2;1030.00;2
2146;2;5536221;2146;283;3082;3084;7.19;0.44;240.01;3.27;936;2;1031.00;2
2147;2;5536231;2147;289;3085;3088;7.18;0.44;240.15;3.26;938;2;1032.00;3
2150;2;5536243;2150;290;3087;3088;7.16;0.44;240.22;3.27;937;2;1033.00;1
2153;2;5536254;2153;298;3088;3088;7.08;0.43;240.38;3.27;935;2;1034.00;0
2155;2;5536265;2155;304;3090;3090;7.05;0.43;240.42;3.27;935;2;1035.00;0
2157;2;5536275;2157;305;3090;3090;6.92;0.42;240.61;3.27;933;2;1036.00;0
2158;2;5536286;2158;307;3096;3096;6.84;0.42;240.77;3.26;938;2;1037.00;0
2161;2;5536298;2161;302;3096;3096;6.76;0.41;240.92;3.26;935;2;1038.00;0
2162;2;5536308;2162;300;3097;3097;6.68;0.41;240.96;3.26;935;2;1039.00;0
2166;2;5536319;2166;300;3097;3097;6.66;0.41;241.36;3.26;931;2;1040.00;0
2170;2;5536330;2170;305;3097;3097;6.65;0.41;241.69;3.26;927;2;1041.00;0
2172;2;5536341;2172;305;3097;3097;6.71;0.41;241.81;3.26;925;2;1042.00;0
2178;2;5536351;2178;313;3097;3097;6.76;0.41;242.06;3.26;919;2;1043.00;0
2181;2;5536363;2181;315;3107;3109;6.93;0.42;242.04;3.25;926;2;1044.00;2
2188;2;5536374;2188;318;3107;3109;6.99;0.43;242.71;3.25;919;2;1045.00;2
2191;2;5536390;2191;306;3109;3109;7.10;0.43;242.81;3.25;918;2;1046.00;0
2194;2;5536400;2194;305;3109;3109;7.17;0.44;242.94;3.25;915;2;1047.00;0
2200;2;5536410;2200;299;3109;3109;7.21;0.44;243.20;3.25;909;2;1048.00;0
2203;2;5536421;2203;293;3109;3109;7.27;0.44;243.47;3.25;906;2;1049.00;0
2204;2;5536433;2204;295;3115;3115;7.34;0.45;243.51;3.24;911;2;1050.00;0
2207;2;5536444;2207;292;3115;3115;7.42;0.45;243.89;3.24;908;2;1051.00;0
2212;2;5536455;2212;290;3119;3119;7.46;0.46;244.15;3.24;907;2;1052.00;0
2212;2;5536472;2212;294;3120;3120;7.48;0.46;244.15;3.24;908;2;1053.00;0
2216;2;5536482;2216;297;3120;3120;7.50;0.46;244.34;3.24;904;2;1054.00;0
2220;2;5536493;2220;294;3120;3120;7.50;0.46;244.71;3.24;900;2;1055.00;0
2221;2;5536503;2221;304;3133;3133;7.56;0.46;244.75;3.23;912;2;1056.00;0
2223;2;5536515;2223;304;3133;3133;7.56;0.46;245.01;3.23;910;2;1057.00;0
2226;2;5536525;2226;301;3133;3133;7.60;0.47;245.42;3.23;907;2;1058.00;0
2233;2;5536537;2233;299;3134;3134;7.58;0.46;245.59;3.23;901;2;1059.00;0
2234;2;5536547;2234;300;3135;3135;7.54;0.46;245.77;3.23;901;2;1060.00;0
2237;2;5536558;2237;294;3135;3135;7.51;0.46;245.93;3.23;898;2;1061.00;0
2238;2;5536568;2238;290;3137;3138;7.50;0.46;245.94;3.22;899;2;1062.00;1
2241;2;5536579;2241;285;3137;3138;7.48;0.46;246.12;3.22;896;2;1063.00;1
2243;2;5536589;2243;287;3138;3138;7.50;0.46;246.23;3.22;895;2;1064.00;0
2246;2;5536600;2246;286;3138;3138;7.44;0.46;246.27;3.22;892;2;1065.00;0
2249;2;5536615;2249;288;3144;3144;7.41;0.46;246.24;3.22;895;2;1066.00;0
2256;2;5536626;2256;284;3144;3144;7.35;0.45;246.22;3.22;888;2;1067.00;0
2256;2;5536636;2256;286;3144;3144;7.33;0.45;246.22;3.22;888;2;1068.00;0
2259;2;5536646;2259;294;3144;3144;7.30;0.45;246.14;3.22;885;2;1069.00;0
2262;2;5536661;2262;301;3148;3148;7.28;0.44;246.30;3.22;886;2;1070.00;0
2262;2;5536671;2262;303;3149;3149;7.29;0.45;246.30;3.21;887;2;1071.00;0
2265;2;5536687;2265;301;3149;3149;7.24;0.44;246.49;3.21;884;2;1072.00;0
2270;2;5536696;2270;307;3150;3150;7.22;0.44;246.57;3.21;880;2;1073.00;0
2273;2;5536706;2273;311;3150;3150;7.14;0.43;246.33;3.21;877;2;1074.00;0
2275;2;5536716;2275;316;3150;3150;7.13;0.43;246.51;3.21;875;2;1075.00;0
2278;2;5536726;2278;318;3150;3150;7.10;0.43;246.47;3.21;872;2;1076.00;0
2280;2;5536735;2280;322;3150;3150;7.12;0.43;246.56;3.21;870;2;1077.00;0
2281;2;5536745;2281;326;3150;3150;7.11;0.43;246.47;3.21;869;2;1078.00;0
2282;2;5536754;2282;327;3150;3150;7.08;0.43;246.39;3.21;868;2;1079.00;0
2282;2;5536765;2282;345;3222;3275;7.12;0.44;246.39;3.14;940;2;1080.00;53
2283;2;5536783;2283;332;3224;3276;7.13;0.44;246.31;3.14;941;2;1081.00;52
2286;2;5536794;2286;319;3234;3276;7.18;0.44;246.49;3.14;948;2;1082.00;42
2288;2;5536804;2288;316;3240;3276;7.17;0.44;246.60;3.14;952;2;1083.00;36
2291;2;5536814;2291;313;3245;3276;7.10;0.44;246.65;3.14;954;2;1084.00;31
2293;2;5536829;2293;309;3247;3276;7.03;0.43;246.71;3.14;954;2;1085.00;29
2295;2;5536838;2295;309;3253;3276;6.96;0.43;246.65;3.14;958;2;1086.00;23
2298;2;5536848;2298;320;3257;3276;6.96;0.43;246.73;3.15;959;2;1087.00;19
2301;2;5536858;2301;319;3263;3277;6.90;0.42;246.94;3.16;962;2;1088.00;14
2304;2;5536868;2304;322;3267;3278;6.87;0.42;247.04;3.17;963;2;1089.00;11
2307;2;5536878;2307;319;3270;3278;6.77;0.41;247.10;3.17;963;2;1090.00;8
2308;2;5536888;2308;320;3276;3282;6.74;0.41;247.16;3.17;968;2;1091.00;6
2308;2;5536899;2308;325;3276;3282;6.68;0.41;247.16;3.17;968;2;1092.00;6
2310;2;5536908;2310;326;3277;3282;6.61;0.40;247.17;3.17;967;2;1093.00;5
2312;2;5536917;2312;326;3277;3282;6.56;0.40;247.19;3.17;965;2;1094.00;5
2315;2;5536928;2315;328;3282;3288;6.49;0.40;247.19;3.17;967;2;1095.00;6
2316;2;5536938;2316;307;3282;3288;6.49;0.40;247.21;3.17;966;2;1096.00;6
2320;2;5536948;2320;304;3283;3288;6.39;0.39;247.26;3.18;963;2;1097.00;5
2322;2;5536958;2322;299;3286;3291;6.40;0.39;247.27;3.18;964;2;1098.00;5
2324;2;5536969;2324;292;3286;3291;6.41;0.39;247.19;3.18;962;2;1099.00;5
2326;2;5536979;2326;289;3286;3291;6.44;0.39;247.18;3.18;960;2;1100.00;5
2328;2;5536993;2328;284;3288;3292;6.47;0.39;247.27;3.17;960;2;1101.00;4
2331;2;5537004;2331;275;3289;3293;6.51;0.39;247.29;3.17;958;2;1102.00;4
2333;2;5537021;2333;277;3289;3293;6.54;0.40;247.19;3.17;956;2;1103.00;4
2333;2;5537032;2333;280;3300;3306;6.64;0.40;247.19;3.16;967;2;1104.00;6
2334;2;5537042;2334;282;3301;3306;6.72;0.41;247.12;3.17;967;2;1105.00;5
2336;2;5537053;2336;284;3302;3306;6.84;0.42;247.16;3.17;966;2;1106.00;4
2338;2;5537063;2338;285;3304;3307;6.93;0.42;247.00;3.18;966;2;1107.00;3
2340;2;5537074;2340;283;3305;3307;7.01;0.43;246.94;3.18;965;2;1108.00;2
2340;2;5537084;2340;274;3308;3311;7.13;0.43;246.94;3.18;968;2;1109.00;3
2341;2;5537096;2341;273;3310;3311;7.12;0.43;246.96;3.19;969;2;1110.00;1
2341;2;5537107;2341;273;3313;3315;7.17;0.44;246.96;3.18;972;2;1111.00;2
2342;2;5537118;2342;264;3313;3315;7.23;0.44;246.95;3.18;971;2;1112.00;2
2342;2;5537129;2342;262;3313;3315;7.30;0.44;246.95;3.18;971;2;1113.00;2
2343;2;5537139;2343;256;3313;3315;7.33;0.45;246.95;3.18;970;2;1114.00;2
2344;2;5537149;2344;250;3313;3315;7.38;0.45;246.86;3.18;969;2;1115.00;2
2347;2;5537160;2347;255;3323;3327;7.41;0.45;247.08;3.17;976;2;1116.00;4
2347;2;5537171;2347;258;3324;3327;7.49;0.46;247.08;3.17;977;2;1117.00;3
2352;2;5537182;2352;261;3324;3327;7.45;0.45;247.18;3.17;972;2;1118.00;3
2353;2;5537192;2353;259;3324;3327;7.51;0.46;247.14;3.17;971;2;1119.00;3
2354;2;5537203;2354;264;3325;3327;7.55;0.46;247.21;3.18;971;2;1120.00;2
2357;2;5537213;2357;268;3325;3327;7.56;0.46;247.13;3.18;968;2;1121.00;2
2359;2;5537224;2359;271;3327;3328;7.53;0.46;247.15;3.18;968;2;1122.00;1
2360;2;5537234;2360;274;3327;3328;7.54;0.46;247.21;3.18;967;2;1123.00;1
2362;2;5537244;2362;274;3333;3334;7.58;0.46;247.27;3.18;971;2;1124.00;1
2364;2;5537255;2364;281;3336;3336;7.56;0.46;247.16;3.17;972;2;1125.00;0
2368;2;5537265;2368;286;3336;3336;7.57;0.46;247.36;3.17;968;2;1126.00;0
2371;2;5537276;2371;281;3336;3336;7.56;0.46;247.48;3.17;965;2;1127.00;0
2375;2;5537286;2375;287;3340;3340;7.51;0.46;247.70;3.17;965;2;1128.00;0
2376;2;5537296;2376;286;3340;3340;7.50;0.46;247.86;3.17;964;2;1129.00;0
2377;2;5537306;2377;291;3340;3340;7.46;0.46;247.86;3.17;963;2;1130.00;0
2380;2;5537316;2380;297;3341;3341;7.38;0.45;247.85;3.17;961;2;1131.00;0
2383;2;5537338;2383;306;3345;3345;7.31;0.45;247.87;3.17;962;2;1132.00;0
2384;2;5537349;2384;306;3345;3345;7.26;0.44;247.94;3.17;961;2;1133.00;0
2388;2;5537360;2388;311;3347;3348;7.24;0.44;248.09;3.17;959;2;1134.00;1
2390;2;5537370;2390;313;3347;3348;7.21;0.44;248.31;3.17;957;2;1135.00;1
2392;2;5537383;2392;312;3348;3348;7.21;0.44;248.22;3.17;956;2;1136.00;0
2394;2;5537395;2394;313;3348;3348;7.11;0.43;248.25;3.17;954;2;1137.00;0
2397;2;5537405;2397;316;3352;3352;7.06;0.43;248.33;3.16;955;2;1138.00;0
2397;2;5537417;2397;317;3352;3352;7.06;0.43;248.33;3.16;955;2;1139.00;0
2400;2;5537429;2400;315;3352;3352;7.06;0.43;248.36;3.16;952;2;1140.00;0
2402;2;5537440;2402;314;3352;3352;7.09;0.43;248.47;3.16;950;2;1141.00;0
2404;2;5537451;2404;308;3352;3353;7.11;0.43;248.52;3.16;948;2;1142.00;1
2406;2;5537462;2406;294;3353;3354;7.17;0.44;248.59;3.16;947;2;1143.00;1
2410;2;5537473;2410;289;3354;3354;7.17;0.44;248.63;3.16;944;2;1144.00;0
2411;2;5537483;2411;282;3355;3355;7.18;0.44;248.68;3.16;944;2;1145.00;0
2413;2;5537493;2413;280;3355;3355;7.23;0.44;248.66;3.16;942;2;1146.00;0
2416;2;5537503;2416;281;3355;3355;7.27;0.44;248.56;3.16;939;2;1147.00;0
2420;2;5537513;2420;277;3355;3355;7.28;0.44;248.66;3.16;935;2;1148.00;0
2423;2;5537523;2423;274;3355;3355;7.27;0.44;248.65;3.16;932;2;1149.00;0
2423;2;5537533;2423;274;3355;3355;7.31;0.45;248.65;3.16;932;2;1150.00;0
2431;2;5537543;2431;272;3355;3355;7.24;0.44;249.00;3.16;924;2;1151.00;0
2431;2;5537553;2431;299;3437;3482;7.31;0.45;249.00;3.09;1006;2;1152.00;45
2435;2;5537573;2435;291;3440;3483;7.31;0.45;249.02;3.08;1005;2;1153.00;43
2437;2;5537583;2437;280;3447;3483;7.32;0.45;248.99;3.08;1010;2;1154.00;36
2440;2;5537594;2440;269;3451;3483;7.30;0.45;249.09;3.08;1011;2;1155.00;32
2442;2;5537604;2442;259;3457;3483;7.31;0.45;249.18;3.08;1015;2;1156.00;26
2446;2;5537617;2446;259;3458;3483;7.22;0.45;249.41;3.08;1012;2;1157.00;25
2452;2;5537627;2452;250;3459;3483;7.12;0.44;249.68;3.09;1007;2;1158.00;24
2456;2;5537638;2456;255;3461;3483;7.11;0.44;249.58;3.09;1005;2;1159.00;22
2461;2;5537649;2461;265;3463;3484;7.05;0.43;249.59;3.09;1002;2;1160.00;21
2466;2;5537661;2466;272;3467;3485;6.98;0.43;249.88;3.10;1001;2;1161.00;18
2470;2;5537671;2470;272;3470;3485;6.98;0.43;250.16;3.10;1000;2;1162.00;15
2472;2;5537683;2472;278;3472;3486;6.96;0.43;250.16;3.11;1000;2;1163.00;14
2476;2;5537694;2476;279;3474;3486;6.96;0.43;250.30;3.11;998;2;1164.00;12
2479;2;5537705;2479;285;3475;3486;6.90;0.43;250.33;3.11;996;2;1165.00;11
2485;2;5537715;2485;293;3477;3486;6.85;0.42;250.30;3.12;992;2;1166.00;9
2488;2;5537727;2488;292;3482;3490;6.88;0.42;250.47;3.12;994;2;1167.00;8
2491;2;5537744;2491;291;3483;3490;6.85;0.42;250.56;3.13;992;2;1168.00;7
2493;2;5537755;2493;297;3485;3490;6.85;0.42;250.50;3.13;992;2;1169.00;5
2499;2;5537768;2499;302;3490;3496;6.82;0.42;250.77;3.14;991;2;1170.00;6
2504;2;5537780;2504;300;3491;3496;6.85;0.42;250.98;3.14;987;2;1171.00;5
2506;2;5537792;2506;298;3493;3496;6.83;0.42;251.03;3.14;987;2;1172.00;3
2510;2;5537803;2510;296;3497;3500;6.81;0.42;251.42;3.14;987;2;1173.00;3
2513;2;5537814;2513;300;3500;3501;6.83;0.42;251.53;3.14;987;2;1174.00;1
2516;2;5537825;2516;302;3501;3501;6.85;0.42;251.75;3.15;985;2;1175.00;0
2518;2;5537838;2518;299;3505;3505;6.89;0.42;251.87;3.14;987;2;1176.00;0
2524;2;5537850;2524;300;3505;3505;6.89;0.42;251.91;3.14;981;2;1177.00;0
2525;2;5537862;2525;304;3505;3505;6.90;0.42;251.94;3.14;980;2;1178.00;0
2529;2;5537874;2529;303;3506;3506;6.88;0.42;252.04;3.14;977;2;1179.00;0
2533;2;5537888;2533;307;3506;3506;6.85;0.42;252.36;3.14;973;2;1180.00;0
2537;2;5537908;2537;310;3511;3512;6.83;0.42;252.72;3.14;974;2;1181.00;1
2543;2;5537920;2543;311;3511;3512;6.77;0.41;252.75;3.14;968;2;1182.00;1
2547;2;5537931;2547;312;3511;3513;6.74;0.41;253.10;3.14;964;2;1183.00;2
2552;2;5537942;2552;316;3513;3513;6.66;0.41;253.37;3.14;961;2;1184.00;0
2555;2;5537953;2555;320;3513;3513;6.69;0.41;253.53;3.14;958;2;1185.00;0
2562;2;5537964;2562;322;3513;3513;6.60;0.41;254.38;3.14;951;2;1186.00;0
2566;2;5537975;2566;332;3513;3513;6.60;0.41;254.67;3.14;947;2;1187.00;0
2573;2;5537986;2573;332;3524;3525;6.64;0.41;254.80;3.13;951;2;1188.00;1
2580;2;5537997;2580;333;3524;3525;6.63;0.41;255.17;3.13;944;2;1189.00;1
2583;2;5538008;2583;333;3525;3525;6.64;0.41;255.37;3.13;942;2;1190.00;0
2585;2;5538019;2585;337;3525;3525;6.59;0.40;255.48;3.13;940;2;1191.00;0
2590;2;5538029;2590;339;3525;3525;6.59;0.40;255.77;3.13;935;2;1192.00;0
2597;2;5538040;2597;345;3525;3525;6.52;0.40;255.74;3.13;928;2;1193.00;0
2601;2;5538051;2601;354;3529;3529;6.50;0.40;255.96;3.13;928;2;1194.00;0
2605;2;5538062;2605;365;3529;3529;6.41;0.39;255.96;3.13;924;2;1195.00;0
2607;2;5538072;2607;370;3533;3533;6.40;0.39;256.00;3.12;926;2;1196.00;0
2611;2;5538082;2611;376;3534;3534;6.31;0.39;256.21;3.12;923;2;1197.00;0
2616;2;5538093;2616;383;3534;3534;6.21;0.38;256.54;3.12;918;2;1198.00;0
2620;2;5538103;2620;388;3534;3534;6.12;0.37;256.78;3.12;914;2;1199.00;0
2623;2;5538117;2623;401;3558;3575;6.19;0.38;256.86;3.10;935;2;1200.00;17
2626;2;5538139;2626;406;3560;3575;6.11;0.37;257.07;3.10;934;2;1201.00;15
2630;2;5538151;2630;395;3563;3575;6.07;0.37;257.16;3.10;933;2;1202.00;12
2630;2;5538162;2630;396;3565;3576;6.09;0.37;257.16;3.10;935;2;1203.00;11
2633;2;5538172;2633;393;3567;3577;6.08;0.37;257.47;3.10;934;2;1204.00;10
2638;2;5538183;2638;392;3568;3577;6.08;0.37;257.56;3.10;930;2;1205.00;9
2641;2;5538194;2641;392;3572;3580;6.15;0.38;257.68;3.10;931;2;1206.00;8
2644;2;5538207;2644;381;3573;3580;6.12;0.38;257.88;3.10;929;2;1207.00;7
2644;2;5538219;2644;384;3574;3580;6.20;0.38;257.88;3.10;930;2;1208.00;6
2646;2;5538231;2646;384;3574;3580;6.21;0.38;257.92;3.10;928;2;1209.00;6
2652;2;5538241;2652;386;3580;3586;6.19;0.38;258.10;3.10;928;2;1210.00;6
2655;2;5538254;2655;371;3581;3586;6.21;0.38;257.91;3.10;926;2;1211.00;5
2657;2;5538266;2657;369;3582;3586;6.24;0.38;257.95;3.10;925;2;1212.00;4
2660;2;5538278;2660;360;3582;3586;6.25;0.38;257.90;3.10;922;2;1213.00;4
2662;2;5538291;2662;356;3586;3590;6.26;0.38;257.88;3.10;924;2;1214.00;4
2663;2;5538304;2663;354;3588;3592;6.28;0.38;257.82;3.10;925;2;1215.00;4
2665;2;5538316;2665;350;3588;3592;6.27;0.38;257.65;3.10;923;2;1216.00;4
2665;2;5538328;2665;356;3590;3593;6.33;0.39;257.65;3.10;925;2;1217.00;3
2667;2;5538340;2667;359;3590;3593;6.40;0.39;257.64;3.10;923;2;1218.00;3
2668;2;5538352;2668;366;3590;3593;6.51;0.40;257.65;3.10;922;2;1219.00;3
2670;2;5538362;2670;366;3590;3593;6.61;0.40;257.71;3.10;920;2;1220.00;3
2672;2;5538373;2672;370;3590;3593;6.61;0.40;257.63;3.10;918;2;1221.00;3
2675;2;5538384;2675;365;3591;3593;6.55;0.40;257.58;3.10;916;2;1222.00;2
2678;2;5538396;2678;368;3591;3593;6.48;0.39;257.46;3.10;913;2;1223.00;2
2680;2;5538407;2680;382;3631;3663;6.44;0.39;257.52;3.07;951;2;1224.00;32
2682;2;5538426;2682;382;3632;3664;6.45;0.39;257.51;3.07;950;2;1225.00;32
2685;2;5538439;2685;372;3639;3664;6.54;0.40;257.45;3.07;954;2;1226.00;25
2685;2;5538450;2685;363;3640;3664;6.59;0.40;257.45;3.07;955;2;1227.00;24
2688;2;5538461;2688;368;3645;3666;6.64;0.41;257.48;3.07;957;2;1228.00;21
2690;2;5538473;2690;367;3648;3666;6.69;0.41;257.66;3.08;958;2;1229.00;18
2693;2;5538488;2693;364;3651;3666;6.67;0.41;257.64;3.08;958;2;1230.00;15
2695;2;5538499;2695;369;3654;3666;6.70;0.41;257.79;3.08;959;2;1231.00;12
2697;2;5538510;2697;373;3655;3667;6.67;0.41;257.71;3.08;958;2;1232.00;12
2698;2;5538526;2698;372;3657;3668;6.67;0.41;257.62;3.09;959;2;1233.00;11
2699;2;5538537;2699;374;3662;3668;6.62;0.40;257.62;3.10;963;2;1234.00;6
2702;2;5538549;2702;377;3668;3672;6.55;0.40;257.71;3.10;966;2;1235.00;4
2703;2;5538566;2703;378;3669;3672;6.52;0.40;257.62;3.10;966;2;1236.00;3
2707;2;5538577;2707;375;3669;3672;6.42;0.39;257.55;3.10;962;2;1237.00;3
2709;2;5538588;2709;377;3669;3672;6.42;0.39;257.57;3.10;960;2;1238.00;3
2709;2;5538599;2709;377;3674;3678;6.42;0.39;257.57;3.10;965;2;1239.00;4
2711;2;5538611;2711;373;3675;3678;6.33;0.39;257.65;3.10;964;2;1240.00;3
2712;2;5538622;2712;378;3675;3678;6.29;0.38;257.69;3.10;963;2;1241.00;3
2714;2;5538633;2714;381;3678;3681;6.29;0.38;257.87;3.10;964;2;1242.00;3
2714;2;5538645;2714;375;3678;3681;6.24;0.38;257.87;3.10;964;2;1243.00;3
2716;2;5538655;2716;366;3678;3681;6.22;0.38;257.89;3.10;962;2;1244.00;3
2719;2;5538668;2719;350;3679;3682;6.22;0.38;257.97;3.10;960;2;1245.00;3
2721;2;5538680;2721;337;3680;3683;6.29;0.38;258.11;3.10;959;2;1246.00;3
2721;2;5538691;2721;330;3680;3683;6.38;0.39;258.11;3.10;959;2;1247.00;3
2723;2;5538701;2723;322;3691;3696;6.42;0.39;257.93;3.09;968;2;1248.00;5
2724;2;5538713;2724;302;3691;3696;6.49;0.39;258.03;3.09;967;2;1249.00;5
2725;2;5538730;2725;291;3691;3696;6.54;0.40;257.94;3.09;966;2;1250.00;5
2727;2;5538741;2727;290;3692;3697;6.61;0.40;257.90;3.09;965;2;1251.00;5
2729;2;5538752;2729;287;3694;3697;6.69;0.41;258.03;3.10;965;2;1252.00;3
2732;2;5538771;2732;282;3697;3701;6.81;0.41;258.02;3.09;965;2;1253.00;4
2738;2;5538783;2738;274;3697;3701;6.89;0.42;258.30;3.09;959;2;1254.00;4
2739;2;5538794;2739;266;3701;3705;6.99;0.42;258.40;3.09;962;2;1255.00;4
2744;2;5538805;2744;263;3701;3705;7.05;0.43;258.41;3.09;957;2;1256.00;4
2744;2;5538816;2744;258;3701;3705;7.14;0.43;258.41;3.09;957;2;1257.00;4
2748;2;5538827;2748;246;3701;3705;7.15;0.43;258.41;3.09;953;2;1258.00;4
2749;2;5538838;2749;241;3701;3705;7.22;0.44;258.49;3.09;952;2;1259.00;4
2750;2;5538852;2750;235;3725;3739;7.37;0.45;258.62;3.07;975;2;1260.00;14
2754;2;5538866;2754;227;3726;3739;7.39;0.45;258.64;3.07;972;2;1261.00;13
2756;2;5538877;2756;223;3729;3739;7.45;0.45;258.67;3.07;973;2;1262.00;10
2760;2;5538888;2760;223;3730;3739;7.47;0.45;258.57;3.07;970;2;1263.00;9
2762;2;5538899;2762;223;3733;3739;7.44;0.45;258.70;3.08;971;2;1264.00;6
2764;2;5538910;2764;228;3733;3739;7.41;0.45;258.85;3.08;969;2;1265.00;6
2766;2;5538921;2766;222;3734;3740;7.37;0.45;259.02;3.08;968;2;1266.00;6
2770;2;5538932;2770;218;3735;3740;7.38;0.45;259.16;3.09;965;2;1267.00;5
2774;2;5538943;2774;216;3740;3746;7.40;0.45;259.18;3.09;966;2;1268.00;6
2776;2;5538956;2776;217;3742;3747;7.37;0.45;259.27;3.09;966;2;1269.00;5
2780;2;5538967;2780;218;3742;3747;7.38;0.45;259.07;3.09;962;2;1270.00;5
2781;2;5538978;2781;222;3743;3747;7.42;0.45;259.05;3.09;962;2;1271.00;4
2783;2;5538989;2783;216;3747;3751;7.49;0.45;259.15;3.09;964;2;1272.00;4
2785;2;5539001;2785;216;3748;3751;7.55;0.46;259.41;3.10;963;2;1273.00;3
2785;2;5539012;2785;211;3749;3751;7.65;0.46;259.41;3.10;964;2;1274.00;2
2788;2;5539024;2788;215;3750;3752;7.72;0.47;259.60;3.10;962;2;1275.00;2
2790;2;5539034;2790;217;3753;3756;7.78;0.47;259.71;3.10;963;2;1276.00;3
2793;2;5539046;2793;212;3753;3756;7.83;0.47;259.82;3.10;960;2;1277.00;3
2796;2;5539058;2796;209;3755;3759;7.86;0.48;259.69;3.09;959;2;1278.00;4
2800;2;5539070;2800;212;3756;3759;7.85;0.47;259.61;3.09;956;2;1279.00;3
2800;2;5539082;2800;206;3757;3759;7.92;0.48;259.61;3.10;957;2;1280.00;2
2801;2;5539092;2801;206;3757;3759;7.96;0.48;259.53;3.10;956;2;1281.00;2
2802;2;5539108;2802;207;3761;3763;8.04;0.49;259.51;3.09;959;2;1282.00;2
2804;2;5539120;2804;213;3761;3763;8.05;0.49;259.60;3.09;957;2;1283.00;2
2807;2;5539131;2807;216;3763;3763;7.99;0.48;259.69;3.10;956;2;1284.00;0
2809;2;5539143;2809;210;3763;3763;7.99;0.48;259.82;3.10;954;2;1285.00;0
2810;2;5539154;2810;210;3763;3764;7.98;0.48;259.93;3.10;953;2;1286.00;1
2812;2;5539165;2812;213;3765;3765;7.94;0.48;260.06;3.10;953;2;1287.00;0
2814;2;5539176;2814;216;3765;3765;7.92;0.48;260.22;3.10;951;2;1288.00;0
2816;2;5539186;2816;218;3766;3766;7.88;0.48;260.20;3.10;950;2;1289.00;0
2820;2;5539199;2820;223;3766;3766;7.83;0.47;260.35;3.10;946;2;1290.00;0
2821;2;5539211;2821;219;3766;3766;7.82;0.47;260.38;3.10;945;2;1291.00;0
2825;2;5539221;2825;215;3766;3766;7.74;0.47;260.36;3.10;941;2;1292.00;0
2826;2;5539233;2826;217;3766;3766;7.62;0.46;260.53;3.10;940;2;1293.00;0
2827;2;5539244;2827;221;3766;3766;7.60;0.46;260.64;3.10;939;2;1294.00;0
2828;2;5539258;2828;225;3766;3766;7.52;0.46;260.70;3.10;938;2;1295.00;0
2831;2;5539269;2831;254;3843;3893;7.67;0.47;260.92;3.04;1012;2;1296.00;50
2836;2;5539291;2836;251;3847;3894;7.57;0.47;260.85;3.03;1011;2;1297.00;47
2838;2;5539302;2838;242;3853;3894;7.62;0.47;260.90;3.03;1015;2;1298.00;41
2842;2;5539314;2842;239;3859;3894;7.61;0.47;260.88;3.03;1017;2;1299.00;35
2842;2;5539326;2842;237;3862;3894;7.59;0.47;260.88;3.03;1020;2;1300.00;32
2845;2;5539340;2845;246;3864;3894;7.59;0.47;260.96;3.03;1019;2;1301.00;30
2847;2;5539353;2847;249;3865;3894;7.53;0.46;260.96;3.03;1018;2;1302.00;29
2852;2;5539365;2852;251;3868;3894;7.45;0.46;261.04;3.04;1016;2;1303.00;26
2858;2;5539376;2858;256;3871;3895;7.42;0.45;261.36;3.04;1013;2;1304.00;24
2862;2;5539389;2862;253;3876;3897;7.40;0.45;261.41;3.05;1014;2;1305.00;21
2866;2;5539402;2866;251;3879;3897;7.37;0.45;261.71;3.05;1013;2;1306.00;18
2870;2;5539413;2870;252;3882;3898;7.38;0.45;261.60;3.06;1012;2;1307.00;16
2871;2;5539432;2871;252;3886;3898;7.41;0.45;261.72;3.06;1015;2;1308.00;12
2873;2;5539443;2873;246;3889;3898;7.39;0.45;261.85;3.07;1016;2;1309.00;9
2874;2;5539455;2874;254;3890;3898;7.37;0.45;261.98;3.07;1016;2;1310.00;8
2876;2;5539467;2876;256;3895;3902;7.41;0.46;262.10;3.08;1019;2;1311.00;7
2879;2;5539478;2879;257;3896;3902;7.37;0.45;262.06;3.08;1017;2;1312.00;6
2880;2;5539490;2880;263;3897;3902;7.33;0.45;262.23;3.08;1017;2;1313.00;5
2883;2;5539502;2883;267;3899;3905;7.28;0.45;262.28;3.08;1016;2;1314.00;6
2886;2;5539513;2886;273;3900;3905;7.21;0.44;262.39;3.09;1014;2;1315.00;5
2892;2;5539531;2892;273;3900;3905;7.07;0.43;262.64;3.09;1008;2;1316.00;5
2894;2;5539542;2894;284;3905;3909;6.95;0.43;262.69;3.09;1011;2;1317.00;4
2897;2;5539554;2897;292;3907;3910;6.84;0.42;262.81;3.09;1010;2;1318.00;3
2899;2;5539571;2899;293;3908;3910;6.74;0.41;262.90;3.10;1009;2;1319.00;2
2904;2;5539585;2904;283;3912;3915;6.72;0.41;263.10;3.09;1008;2;1320.00;3
2909;2;5539597;2909;277;3912;3915;6.65;0.41;263.45;3.09;1003;2;1321.00;3
2911;2;5539608;2911;273;3914;3915;6.68;0.41;263.58;3.10;1003;2;1322.00;1
2915;2;5539620;2915;269;3914;3916;6.70;0.41;263.85;3.10;999;2;1323.00;2
2919;2;5539631;2919;269;3915;3916;6.71;0.41;263.99;3.10;996;2;1324.00;1
2922;3;5539643;2922;267;3921;3922;6.79;0.42;263.98;3.09;999;3;1325.00;1
2927;3;5539668;2927;273;3922;3922;6.77;0.41;263.87;3.09;995;3;1326.00;0
2931;3;5539680;2931;266;3923;3923;6.71;0.41;264.21;3.09;992;3;1327.00;0
2933;3;5539691;2933;262;3923;3923;6.69;0.41;264.23;3.09;990;3;1328.00;0
2937;3;5539703;2937;259;3923;3923;6.64;0.41;264.26;3.09;986;3;1329.00;0
2941;3;5539720;2941;266;3923;3923;6.53;0.40;264.37;3.09;982;3;1330.00;0
2944;3;5539731;2944;261;3923;3923;6.56;0.40;264.44;3.09;979;3;1331.00;0
2949;3;5539742;2949;271;3935;3935;6.58;0.40;264.66;3.08;986;3;1332.00;0
2953;3;5539754;2953;270;3935;3935;6.58;0.40;264.53;3.08;982;3;1333.00;0
2956;3;5539766;2956;276;3935;3935;6.61;0.41;264.71;3.08;979;3;1334.00;0
2958;3;5539778;2958;280;3935;3935;6.63;0.41;264.88;3.08;977;3;1335.00;0
2964;3;5539789;2964;287;3935;3935;6.61;0.40;264.86;3.08;971;3;1336.00;0
2966;3;5539800;2966;295;3935;3935;6.62;0.41;264.93;3.08;969;3;1337.00;0
2972;3;5539811;2972;297;3939;3939;6.59;0.40;264.96;3.08;967;3;1338.00;0
2975;3;5539822;2975;296;3939;3939;6.55;0.40;265.13;3.08;964;3;1339.00;0
2978;3;5539834;2978;305;3943;3943;6.62;0.40;265.18;3.08;965;3;1340.00;0
2982;3;5539846;2982;310;3944;3944;6.67;0.41;265.36;3.08;962;3;1341.00;0
2984;3;5539857;2984;313;3944;3944;6.70;0.41;265.46;3.08;960;3;1342.00;0
2993;3;5539869;2993;320;3944;3944;6.60;0.40;265.73;3.08;951;3;1343.00;0
2997;3;5539881;2997;328;3957;3957;6.71;0.41;265.91;3.07;960;3;1344.00;0
3000;3;5539893;3000;329;3957;3957;6.71;0.41;266.12;3.07;957;3;1345.00;0
3003;3;5539904;3003;335;3957;3957;6.69;0.41;266.00;3.07;954;3;1346.00;0
3005;3;5539915;3005;340;3958;3958;6.66;0.41;266.02;3.07;953;3;1347.00;0
3010;3;5539926;3010;346;3959;3959;6.54;0.40;266.11;3.07;949;3;1348.00;0
3013;3;5539937;3013;349;3959;3959;6.49;0.40;266.36;3.07;946;3;1349.00;0
3016;3;5539949;3016;358;3965;3968;6.48;0.40;266.29;3.06;949;3;1350.00;3
3022;3;5539960;3022;361;3966;3968;6.43;0.39;266.75;3.06;944;3;1351.00;2
3027;3;5539972;3027;366;3967;3968;6.43;0.39;267.13;3.06;940;3;1352.00;1
3031;3;5539983;3031;375;3968;3968;6.40;0.39;267.26;3.06;937;3;1353.00;0
3038;3;5539994;3038;378;3974;3974;6.32;0.39;267.44;3.06;936;3;1354.00;0
3041;3;5540006;3041;384;3974;3974;6.25;0.38;267.56;3.06;933;3;1355.00;0
3045;3;5540017;3045;392;3974;3974;6.20;0.38;267.60;3.06;929;3;1356.00;0
3052;3;5540027;3052;394;3974;3974;6.13;0.37;267.64;3.06;922;3;1357.00;0
3054;3;5540038;3054;400;3978;3978;6.16;0.37;267.74;3.06;924;3;1358.00;0
3059;3;5540048;3059;401;3979;3979;6.13;0.37;267.86;3.06;920;3;1359.00;0
3062;3;5540058;3062;404;3979;3979;6.04;0.37;267.91;3.06;917;3;1360.00;0
3064;3;5540068;3064;410;3980;3980;6.02;0.37;267.85;3.06;916;3;1361.00;0
3068;3;5540078;3068;416;3980;3980;5.93;0.36;267.87;3.06;912;3;1362.00;0
3070;3;5540088;3070;422;3980;3980;5.86;0.36;267.88;3.06;910;3;1363.00;0
3076;3;5540098;3076;423;3980;3980;5.75;0.35;268.04;3.06;904;3;1364.00;0
3078;3;5540109;3078;425;3980;3980;5.65;0.34;267.99;3.06;902;3;1365.00;0
3082;3;5540119;3082;430;3980;3980;5.60;0.34;268.01;3.06;898;3;1366.00;0
3086;3;5540128;3086;422;3980;3980;5.54;0.34;267.85;3.06;894;3;1367.00;0
3086;3;5540138;3086;430;4022;4050;5.76;0.35;267.85;3.02;936;3;1368.00;28
3090;3;5540154;3090;423;4024;4051;5.77;0.35;267.83;3.02;934;3;1369.00;27
3091;3;5540165;3091;416;4031;4051;5.91;0.36;267.88;3.02;940;3;1370.00;20
3092;3;5540174;3092;411;4032;4051;5.95;0.36;267.91;3.02;940;3;1371.00;19
3092;3;5540185;3092;416;4035;4051;6.00;0.37;267.91;3.02;943;3;1372.00;16
3092;3;5540195;3092;416;4036;4051;5.99;0.37;267.91;3.02;944;3;1373.00;15
3093;3;5540205;3093;416;4039;4051;5.99;0.37;267.94;3.02;946;3;1374.00;12
3097;3;5540214;3097;418;4042;4051;5.95;0.36;267.88;3.03;945;3;1375.00;9
3097;3;5540224;3097;410;4045;4052;5.93;0.36;267.88;3.03;948;3;1376.00;7
3098;3;5540239;3098;413;4047;4053;5.87;0.36;267.89;3.03;949;3;1377.00;6
3099;3;5540251;3099;410;4050;4053;5.83;0.36;267.81;3.04;951;3;1378.00;3
3101;3;5540261;3101;405;4056;4057;5.81;0.36;267.76;3.04;955;3;1379.00;1
3103;3;5540273;3103;400;4057;4057;5.79;0.35;267.74;3.04;954;3;1380.00;0
3103;3;5540284;3103;403;4057;4057;5.78;0.35;267.74;3.04;954;3;1381.00;0
3104;3;5540294;3104;410;4057;4057;5.79;0.35;267.72;3.04;953;3;1382.00;0
3106;3;5540304;3106;414;4063;4063;5.85;0.36;267.70;3.04;957;3;1383.00;0
3106;3;5540315;3106;420;4063;4063;5.91;0.36;267.70;3.04;957;3;1384.00;0
3107;3;5540325;3107;421;4063;4063;5.94;0.36;267.71;3.04;956;3;1385.00;0
3108;3;5540335;3108;425;4065;4066;5.98;0.37;267.74;3.03;957;3;1386.00;1
3112;3;5540346;3112;426;4065;4066;5.96;0.36;267.80;3.03;953;3;1387.00;1
3113;3;5540356;3113;425;4066;4066;5.97;0.36;267.84;3.03;953;3;1388.00;0
3115;3;5540366;3115;429;4067;4067;5.94;0.36;267.86;3.03;952;3;1389.00;0
3115;3;5540377;3115;416;4068;4068;6.00;0.36;267.86;3.03;953;3;1390.00;0
3116;3;5540387;3116;404;4068;4068;5.98;0.36;267.78;3.03;952;3;1391.00;0
3116;3;5540397;3116;401;4081;4081;5.99;0.36;267.78;3.02;965;3;1392.00;0
3117;3;5540409;3117;395;4081;4081;6.03;0.37;267.82;3.02;964;3;1393.00;0
3119;3;5540420;3119;385;4081;4081;6.09;0.37;267.68;3.02;962;3;1394.00;0
3119;3;5540430;3119;382;4083;4083;6.18;0.37;267.68;3.02;964;3;1395.00;0
3121;3;5540441;3121;385;4083;4083;6.26;0.38;267.66;3.02;962;3;1396.00;0
3122;3;5540451;3122;377;4087;4087;6.42;0.39;267.59;3.02;965;3;1397.00;0
3126;3;5540462;3126;376;4087;4087;6.51;0.39;267.55;3.02;961;3;1398.00;0
3126;3;5540474;3126;374;4091;4091;6.57;0.40;267.55;3.02;965;3;1399.00;0
3127;3;5540491;3127;373;4091;4091;6.69;0.41;267.60;3.02;964;3;1400.00;0
3127;3;5540506;3127;374;4091;4091;6.77;0.41;267.60;3.02;964;3;1401.00;0
3129;3;5540517;3129;374;4091;4091;6.83;0.41;267.68;3.02;962;3;1402.00;0
3130;3;5540528;3130;371;4091;4091;6.87;0.42;267.60;3.02;961;3;1403.00;0
3131;3;5540539;3131;369;4102;4103;6.95;0.42;267.62;3.01;971;3;1404.00;1
3133;3;5540551;3133;370;4102;4103;6.95;0.42;267.59;3.01;969;3;1405.00;1
3135;3;5540561;3135;367;4103;4103;7.01;0.42;267.58;3.01;968;3;1406.00;0
3136;3;5540572;3136;362;4103;4103;7.00;0.42;267.62;3.01;967;3;1407.00;0
3137;3;5540583;3137;361;4103;4103;6.99;0.42;267.61;3.01;966;3;1408.00;0
3140;3;5540594;3140;359;4103;4103;6.98;0.42;267.69;3.01;963;3;1409.00;0
3142;3;5540609;3142;359;4104;4104;6.97;0.42;267.80;3.01;962;3;1410.00;0
3145;3;5540622;3145;353;4104;4104;6.95;0.42;267.97;3.01;959;3;1411.00;0
3147;3;5540635;3147;344;4110;4110;6.97;0.42;268.01;3.01;963;3;1412.00;0
3149;3;5540648;3149;339;4111;4111;7.04;0.43;267.91;3.01;962;3;1413.00;0
3151;3;5540660;3151;328;4111;4111;7.03;0.43;267.91;3.01;960;3;1414.00;0
3155;3;5540672;3155;315;4111;4111;6.99;0.42;267.93;3.01;956;3;1415.00;0
3156;3;5540684;3156;310;4115;4115;7.03;0.43;267.99;3.00;959;3;1416.00;0
3158;3;5540696;3158;304;4115;4115;7.08;0.43;268.02;3.00;957;3;1417.00;0
3159;3;5540709;3159;298;4115;4115;7.16;0.43;268.15;3.00;956;3;1418.00;0
3161;3;5540720;3161;292;4116;4116;7.24;0.44;268.18;3.00;955;3;1419.00;0
3165;3;5540738;3165;287;4120;4120;7.29;0.44;268.39;3.00;955;3;1420.00;0
3169;3;5540751;3169;275;4120;4120;7.31;0.44;268.51;3.00;951;3;1421.00;0
3171;3;5540762;3171;274;4122;4123;7.40;0.45;268.66;3.00;951;3;1422.00;1
3173;3;5540774;3173;270;4123;4123;7.48;0.45;268.67;3.00;950;3;1423.00;0
3178;3;5540787;3178;268;4123;4123;7.50;0.45;268.92;3.00;945;3;1424.00;0
3182;3;5540799;3182;268;4123;4123;7.52;0.45;269.12;3.00;941;3;1425.00;0
3186;3;5540813;3186;264;4127;4127;7.63;0.46;269.31;3.00;941;3;1426.00;0
3190;3;5540828;3190;264;4127;4127;7.65;0.46;269.43;3.00;937;3;1427.00;0
3192;3;5540841;3192;256;4127;4127;7.68;0.46;269.45;3.00;935;3;1428.00;0
3195;3;5540855;3195;256;4127;4127;7.67;0.46;269.57;3.00;932;3;1429.00;0
3198;3;5540866;3198;247;4128;4128;7.71;0.46;269.65;3.00;930;3;1430.00;0
3199;3;5540878;3199;253;4129;4129;7.72;0.47;269.64;3.00;930;3;1431.00;0
3202;3;5540891;3202;250;4129;4129;7.68;0.46;269.62;3.00;927;3;1432.00;0
3204;3;5540904;3204;247;4130;4130;7.62;0.46;269.83;3.00;926;3;1433.00;0
3205;3;5540917;3205;242;4130;4130;7.63;0.46;269.80;3.00;925;3;1434.00;0
3207;3;5540929;3207;242;4130;4130;7.73;0.47;269.76;3.00;923;3;1435.00;0
3209;3;5540943;3209;241;4130;4130;7.80;0.47;269.71;3.00;921;3;1436.00;0
3212;4;5540957;3212;242;4130;4130;7.86;0.48;269.86;3.00;918;4;1437.00;0
3213;4;5540981;3213;238;4130;4130;7.92;0.48;269.83;3.00;917;4;1438.00;0
3215;4;5540996;3215;242;4130;4130;7.94;0.48;269.76;3.00;915;4;1439.00;0
3218;4;5541009;3218;276;4238;4360;8.01;0.50;269.96;2.92;1020;4;1440.00;122
3220;4;5541038;3220;272;4246;4361;8.03;0.50;269.97;2.92;1026;4;1441.00;115
3223;4;5541050;3223;258;4258;4361;8.05;0.50;270.11;2.91;1035;4;1442.00;103
3226;4;5541062;3226;251;4263;4361;8.02;0.50;270.22;2.91;1037;4;1443.00;98
3226;4;5541073;3226;251;4272;4361;8.08;0.50;270.22;2.92;1046;4;1444.00;89
3229;4;5541084;3229;249;4280;4361;8.04;0.50;270.28;2.92;1051;4;1445.00;81
3230;4;5541100;3230;245;4287;4361;8.03;0.50;270.38;2.92;1057;4;1446.00;74
3232;4;5541112;3232;250;4294;4361;7.99;0.49;270.46;2.93;1062;4;1447.00;67
3235;4;5541125;3235;253;4301;4362;7.92;0.49;270.61;2.94;1066;4;1448.00;61
3237;4;5541137;3237;261;4306;4363;7.87;0.49;270.74;2.95;1069;4;1449.00;57
3240;4;5541149;3240;261;4315;4363;7.80;0.48;270.73;2.96;1075;4;1450.00;48
3244;4;5541161;3244;268;4319;4364;7.74;0.48;270.95;2.97;1075;4;1451.00;45
3247;4;5541174;3247;272;4323;4364;7.73;0.48;271.02;2.98;1076;4;1452.00;41
3250;4;5541186;3250;277;4330;4364;7.65;0.47;271.08;2.99;1080;4;1453.00;34
3252;4;5541198;3252;292;4330;4364;7.57;0.47;271.25;2.99;1078;4;1454.00;34
3258;4;5541211;3258;295;4337;4368;7.46;0.46;271.29;3.00;1079;4;1455.00;31
3260;4;5541224;3260;302;4339;4368;7.42;0.46;271.40;3.01;1079;4;1456.00;29
3263;4;5541237;3263;317;4344;4368;7.38;0.45;271.63;3.02;1081;4;1457.00;24
3263;4;5541250;3263;332;4345;4371;7.36;0.45;271.63;3.02;1082;4;1458.00;26
3268;4;5541263;3268;328;4350;4371;7.27;0.45;271.89;3.04;1082;4;1459.00;21
3270;4;5541277;3270;340;4351;4371;7.21;0.44;272.05;3.04;1081;4;1460.00;20
3274;4;5541291;3274;345;4356;4375;7.17;0.44;272.30;3.04;1082;4;1461.00;19
3277;4;5541305;3277;347;4357;4376;7.17;0.44;272.35;3.04;1080;4;1462.00;19
3280;4;5541319;3280;348;4359;4376;7.19;0.44;272.48;3.05;1079;4;1463.00;17
3282;4;5541332;3282;346;4362;4380;7.20;0.44;272.60;3.05;1080;4;1464.00;18
3285;4;5541351;3285;348;4365;4380;7.25;0.44;272.58;3.07;1080;4;1465.00;15
3288;4;5541363;3288;348;4366;4380;7.27;0.45;272.67;3.07;1078;4;1466.00;14
3292;4;5541381;3292;350;4368;4381;7.25;0.44;272.71;3.07;1076;5;1467.00;13
3293;4;5541405;3293;350;4368;4381;7.22;0.44;272.71;3.07;1075;5;1468.00;13
3294;4;5541418;3294;345;4373;4387;7.19;0.44;272.75;3.07;1079;5;1469.00;14
3299;4;5541432;3299;341;4374;4387;7.15;0.44;272.93;3.08;1075;5;1470.00;13
3301;4;5541445;3301;337;4376;4388;7.15;0.44;272.83;3.08;1075;5;1471.00;12
3303;4;5541458;3303;341;4376;4388;7.11;0.43;272.80;3.08;1073;5;1472.00;12
3306;4;5541471;3306;341;4376;4388;7.07;0.43;272.75;3.08;1070;5;1473.00;12
3309;4;5541483;3309;342;4377;4388;7.03;0.43;272.69;3.09;1068;5;1474.00;11
3310;4;5541496;3310;337;4377;4388;6.88;0.42;272.67;3.09;1067;5;1475.00;11
3311;4;5541508;3311;341;4387;4400;6.84;0.42;272.70;3.09;1076;5;1476.00;13
3313;4;5541522;3313;350;4387;4400;6.77;0.41;272.63;3.09;1074;5;1477.00;13
3317;4;5541534;3317;354;4388;4400;6.70;0.41;272.74;3.09;1071;5;1478.00;12
3319;4;5541545;3319;358;4388;4400;6.66;0.41;272.72;3.09;1069;5;1479.00;12
3321;4;5541556;3321;366;4389;4400;6.63;0.41;272.78;3.09;1068;5;1480.00;11
3322;4;5541567;3322;374;4390;4400;6.58;0.40;272.76;3.10;1068;5;1481.00;10
3328;4;5541579;3328;380;4395;4404;6.45;0.40;273.05;3.10;1067;6;1482.00;9
3332;4;5541598;3332;379;4396;4404;6.32;0.39;272.99;3.11;1064;6;1483.00;8
3334;4;5541609;3334;380;4400;4408;6.24;0.38;273.08;3.11;1066;6;1484.00;8
3339;4;5541620;3339;371;4402;4410;6.08;0.37;273.09;3.12;1063;6;1485.00;8
3343;4;5541631;3343;375;4402;4410;5.96;0.37;273.24;3.12;1059;6;1486.00;8
3348;4;5541642;3348;374;4402;4410;5.87;0.36;273.18;3.12;1054;6;1487.00;8
3352;4;5541654;3352;374;4416;4423;5.82;0.36;273.43;3.12;1064;6;1488.00;7
3358;4;5541665;3358;378;4418;4423;5.83;0.36;273.55;3.12;1060;6;1489.00;5
3359;4;5541675;3359;379;4419;4423;5.87;0.36;273.69;3.13;1060;6;1490.00;4
3367;4;5541687;3367;376;4420;4424;5.87;0.36;274.03;3.13;1053;6;1491.00;4
3370;4;5541698;3370;372;4421;4425;5.83;0.36;273.96;3.12;1051;6;1492.00;4
3374;4;5541708;3374;368;4422;4425;5.86;0.36;274.14;3.13;1048;6;1493.00;3
3379;4;5541719;3379;372;4425;4428;5.89;0.36;274.24;3.12;1046;6;1494.00;3
3382;4;5541730;3382;377;4425;4428;5.92;0.36;274.11;3.12;1043;6;1495.00;3
3384;4;5541740;3384;373;4425;4428;5.93;0.36;274.18;3.12;1041;6;1496.00;3
3387;4;5541751;3387;377;4425;4428;5.93;0.37;274.25;3.12;1038;6;1497.00;3
3391;4;5541761;3391;384;4431;4434;5.99;0.37;274.32;3.12;1040;6;1498.00;3
3396;4;5541773;3396;391;4431;4434;5.91;0.36;274.42;3.12;1035;6;1499.00;3
3400;4;5541787;3400;397;4437;4453;5.82;0.36;274.52;3.12;1037;6;1500.00;16
3404;4;5541804;3404;398;4437;4453;5.80;0.36;274.40;3.12;1033;6;1501.00;16
3406;4;5541815;3406;402;4441;4457;5.82;0.36;274.38;3.11;1035;6;1502.00;16
3409;4;5541826;3409;408;4442;4458;5.80;0.36;274.26;3.11;1033;6;1503.00;16
3413;4;5541837;3413;410;4442;4458;5.77;0.36;274.27;3.11;1029;6;1504.00;16
3415;4;5541848;3415;414;4443;4459;5.81;0.36;274.16;3.11;1028;6;1505.00;16
3419;4;5541859;3419;416;4446;4459;5.75;0.36;274.31;3.11;1027;6;1506.00;13
3425;4;5541873;3425;422;4446;4459;5.70;0.35;274.17;3.11;1021;6;1507.00;13
3427;4;5541888;3427;426;4446;4459;5.73;0.36;274.15;3.11;1019;6;1508.00;13
3433;4;5541899;3433;425;4446;4459;5.73;0.36;274.11;3.11;1013;6;1509.00;13
3437;4;5541911;3437;423;4446;4459;5.69;0.36;274.09;3.11;1009;6;1510.00;13
3442;4;5541922;3442;422;4446;4459;5.70;0.36;274.20;3.11;1004;6;1511.00;13
3445;4;5541935;3445;438;4488;4529;5.78;0.36;274.21;3.09;1043;6;1512.00;41
3451;4;5541952;3451;435;4489;4530;5.71;0.36;274.04;3.09;1038;6;1513.00;41
3457;4;5541964;3457;437;4495;4530;5.71;0.36;274.22;3.09;1038;6;1514.00;35
3460;4;5541977;3460;438;4498;4530;5.75;0.36;274.19;3.09;1038;6;1515.00;32
3465;4;5541989;3465;445;4502;4530;5.76;0.36;274.26;3.09;1037;6;1516.00;28
3468;4;5542007;3468;444;4505;4530;5.75;0.36;274.22;3.09;1037;6;1517.00;25
3472;4;5542018;3472;448;4510;4530;5.77;0.36;274.15;3.10;1038;6;1518.00;20
3477;4;5542029;3477;449;4511;4530;5.72;0.36;274.11;3.10;1034;6;1519.00;19
3480;4;5542041;3480;454;4513;4531;5.67;0.35;274.15;3.10;1033;6;1520.00;18
3483;4;5542053;3483;460;4516;4532;5.63;0.35;274.21;3.11;1033;6;1521.00;16
3488;4;5542065;3488;462;4518;4532;5.55;0.34;274.19;3.11;1030;6;1522.00;14
3493;4;5542079;3493;471;4524;4536;5.45;0.34;274.30;3.11;1031;6;1523.00;12
3498;4;5542092;3498;472;4525;4536;5.35;0.33;274.31;3.12;1027;6;1524.00;11
3500;4;5542105;3500;480;4525;4536;5.33;0.33;274.24;3.12;1025;6;1525.00;11
3504;4;5542116;3504;484;4525;4536;5.28;0.33;274.22;3.12;1021;6;1526.00;11
3506;4;5542128;3506;485;4530;4542;5.28;0.33;274.22;3.11;1024;6;1527.00;12
3509;4;5542140;3509;493;4530;4542;5.24;0.32;274.20;3.11;1021;6;1528.00;12
3512;4;5542152;3512;493;4532;4542;5.18;0.32;274.31;3.14;1020;6;1529.00;10
3514;4;5542164;3514;498;4536;4548;5.21;0.32;274.32;3.14;1022;6;1530.00;12
3517;4;5542177;3517;497;4537;4548;5.19;0.32;274.31;3.14;1020;6;1531.00;11
3519;4;5542189;3519;495;4539;4548;5.21;0.32;274.39;3.15;1020;6;1532.00;9
3521;4;5542200;3521;487;4540;4549;5.22;0.32;274.41;3.15;1019;6;1533.00;9
3524;4;5542212;3524;485;4542;4550;5.23;0.32;274.47;3.15;1018;6;1534.00;8
3525;4;5542229;3525;484;4544;4550;5.21;0.32;274.52;3.16;1019;6;1535.00;6
3528;4;5542241;3528;485;4557;4563;5.29;0.32;274.32;3.15;1029;6;1536.00;6
3534;4;5542254;3534;472;4557;4563;5.29;0.32;274.31;3.15;1023;6;1537.00;6
3537;4;5542266;3537;459;4557;4563;5.35;0.33;274.34;3.15;1020;6;1538.00;6
3539;4;5542278;3539;459;4558;4564;5.42;0.33;274.25;3.15;1019;6;1539.00;6
3540;4;5542290;3540;450;4560;4564;5.51;0.34;274.27;3.16;1020;6;1540.00;4
3541;4;5542301;3541;435;4564;4568;5.61;0.34;274.27;3.16;1023;6;1541.00;4
3544;4;5542314;3544;415;4565;4568;5.70;0.35;274.26;3.16;1021;6;1542.00;3
3545;4;5542327;3545;403;4569;4572;5.81;0.35;274.29;3.16;1024;6;1543.00;3
3545;4;5542349;3545;391;4570;4572;5.93;0.36;274.29;3.18;1025;6;1544.00;2
3547;4;5542361;3547;380;4570;4572;6.02;0.37;274.26;3.18;1023;6;1545.00;2
3550;4;5542380;3550;376;4570;4572;6.13;0.37;274.17;3.18;1020;6;1546.00;2
3553;4;5542392;3553;370;4571;4572;6.19;0.38;273.99;3.20;1018;6;1547.00;1
3554;4;5542405;3554;365;4582;4584;6.30;0.38;274.03;3.19;1028;6;1548.00;2
3555;4;5542419;3555;366;4582;4584;6.44;0.39;274.08;3.19;1027;6;1549.00;2
3556;4;5542431;3556;363;4584;4584;6.55;0.40;274.11;3.20;1028;6;1550.00;0
3557;4;5542444;3557;359;4584;4584;6.67;0.40;274.16;3.20;1027;6;1551.00;0
3558;4;5542457;3558;357;4584;4584;6.82;0.41;274.12;3.20;1026;6;1552.00;0
3559;4;5542470;3559;352;4584;4584;6.89;0.42;274.10;3.20;1025;6;1553.00;0
3559;4;5542484;3559;345;4585;4585;6.97;0.42;274.10;3.20;1026;6;1554.00;0
3561;4;5542496;3561;341;4587;4587;7.00;0.43;274.15;3.20;1026;6;1555.00;0
3562;4;5542510;3562;331;4593;4593;7.03;0.43;274.18;3.20;1031;6;1556.00;0
3564;4;5542523;3564;333;4594;4594;7.07;0.43;274.17;3.20;1030;6;1557.00;0
3566;4;5542536;3566;328;4594;4594;7.07;0.43;274.26;3.20;1028;6;1558.00;0
3568;4;5542554;3568;328;4594;4594;7.01;0.43;274.25;3.20;1026;6;1559.00;0
3572;4;5542568;3572;328;4599;4599;6.96;0.42;274.56;3.19;1027;6;1560.00;0
3574;4;5542581;3574;330;4599;4599;6.97;0.42;274.60;3.19;1025;6;1561.00;0
3578;4;5542593;3578;324;4599;4599;6.94;0.42;274.65;3.19;1021;7;1562.00;0
3579;4;5542614;3579;327;4600;4600;6.93;0.42;274.78;3.19;1021;7;1563.00;0
3579;4;5542628;3579;332;4604;4604;6.93;0.42;274.78;3.19;1025;7;1564.00;0
3583;4;5542640;3583;328;4604;4604;6.90;0.42;274.95;3.19;1021;7;1565.00;0
3583;4;5542653;3583;331;4606;4607;6.93;0.42;274.95;3.19;1023;7;1566.00;1
3585;4;5542665;3585;328;4606;4607;6.94;0.42;274.99;3.19;1021;7;1567.00;1
3587;4;5542677;3587;332;4607;4607;7.00;0.42;275.16;3.19;1020;7;1568.00;0
3588;4;5542691;3588;339;4607;4607;7.03;0.43;275.10;3.19;1019;7;1569.00;0
3591;4;5542704;3591;349;4611;4611;7.12;0.43;275.21;3.19;1020;7;1570.00;0
3595;4;5542717;3595;347;4611;4611;7.15;0.44;275.40;3.19;1016;7;1571.00;0
3598;4;5542730;3598;349;4611;4611;7.19;0.44;275.51;3.19;1013;7;1572.00;0
3603;4;5542743;3603;354;4611;4611;7.26;0.44;275.65;3.19;1008;7;1573.00;0
3607;4;5542756;3607;355;4612;4612;7.26;0.44;275.85;3.19;1005;7;1574.00;0
3611;4;5542768;3611;354;4614;4614;7.24;0.44;275.86;3.19;1003;7;1575.00;0
3613;4;5542781;3613;337;4614;4614;7.26;0.44;276.02;3.19;1001;7;1576.00;0
3618;4;5542794;3618;333;4615;4615;7.26;0.44;276.12;3.19;997;7;1577.00;0
3619;4;5542807;3619;323;4615;4615;7.27;0.44;276.18;3.19;996;7;1578.00;0
3623;4;5542818;3623;313;4615;4615;7.26;0.44;276.38;3.19;992;7;1579.00;0
3625;4;5542830;3625;311;4615;4615;7.28;0.44;276.52;3.19;990;7;1580.00;0
3627;4;5542842;3627;307;4615;4615;7.37;0.45;276.66;3.19;988;7;1581.00;0
3629;4;5542855;3629;294;4615;4615;7.43;0.45;276.80;3.19;986;7;1582.00;0
3631;4;5542869;3631;290;4615;4615;7.47;0.45;276.98;3.19;984;7;1583.00;0
3633;4;5542883;3633;320;4694;4742;7.48;0.46;277.05;3.13;1061;7;1584.00;48
3640;4;5542909;3640;305;4694;4743;7.45;0.46;277.23;3.13;1054;7;1585.00;49
3645;4;5542921;3645;293;4700;4743;7.44;0.46;277.24;3.13;1055;7;1586.00;43
3648;4;5542935;3648;287;4702;4743;7.50;0.46;277.36;3.13;1054;7;1587.00;41
3652;4;5542947;3652;287;4707;4743;7.50;0.46;277.50;3.13;1055;7;1588.00;36
3655;4;5542959;3655;280;4710;4743;7.48;0.46;277.58;3.13;1055;7;1589.00;33
3657;4;5542979;3657;271;4714;4743;7.47;0.46;277.64;3.14;1057;7;1590.00;29
3659;5;5542997;3659;265;4716;4743;7.50;0.46;277.82;3.14;1057;8;1591.00;27
3663;5;5543014;3663;261;4718;4744;7.55;0.46;277.97;3.14;1055;8;1592.00;26
3671;5;5543036;3671;261;4722;4745;7.50;0.46;278.19;3.14;1051;8;1593.00;23
3673;5;5543056;3673;260;4725;4745;7.51;0.46;278.12;3.15;1052;8;1594.00;20
3676;5;5543068;3676;270;4728;4746;7.47;0.46;278.26;3.15;1052;8;1595.00;18
3677;5;5543081;3677;270;4730;4746;7.43;0.45;278.20;3.16;1053;8;1596.00;16
3677;5;5543093;3677;274;4732;4746;7.39;0.45;278.20;3.16;1055;8;1597.00;14
3679;5;5543106;3679;274;4733;4746;7.33;0.45;278.27;3.16;1054;8;1598.00;13
3683;5;5543120;3683;276;4737;4750;7.24;0.44;278.27;3.17;1054;8;1599.00;13
3686;5;5543134;3686;282;4739;4750;7.17;0.44;278.28;3.17;1053;8;1600.00;11
3691;5;5543149;3691;287;4741;4750;7.13;0.43;278.32;3.17;1050;8;1601.00;9
3691;5;5543162;3691;289;4743;4753;7.16;0.44;278.32;3.18;1052;8;1602.00;10
3694;5;5543176;3694;287;4745;4753;7.12;0.43;278.52;3.18;1051;8;1603.00;8
3696;5;5543190;3696;293;4746;4753;7.10;0.43;278.60;3.18;1050;8;1604.00;7
3699;5;5543202;3699;296;4750;4757;7.08;0.43;278.90;3.19;1051;8;1605.00;7
3702;5;5543216;3702;300;4752;4758;7.11;0.43;278.97;3.19;1050;8;1606.00;6
3704;5;5543228;3704;308;4753;4758;7.14;0.43;278.94;3.19;1049;8;1607.00;5
3708;5;5543241;3708;302;4757;4762;7.17;0.43;278.97;3.19;1049;8;1608.00;5
3709;5;5543253;3709;298;4757;4762;7.20;0.44;278.98;3.19;1048;8;1609.00;5
3710;5;5543266;3710;302;4758;4762;7.20;0.44;279.12;3.19;1048;8;1610.00;4
3710;5;5543279;3710;298;4759;4763;7.19;0.44;279.12;3.19;1049;8;1611.00;4
3712;5;5543291;3712;295;4759;4763;7.19;0.44;279.23;3.19;1047;8;1612.00;4
3717;5;5543304;3717;306;4765;4769;7.18;0.44;279.40;3.19;1048;8;1613.00;4
3718;5;5543317;3718;297;4765;4769;7.15;0.43;279.45;3.19;1047;8;1614.00;4
3719;5;5543331;3719;300;4766;4770;7.15;0.43;279.52;3.19;1047;8;1615.00;4
3720;5;5543344;3720;311;4766;4770;7.17;0.44;279.53;3.19;1046;8;1616.00;4
3721;5;5543355;3721;308;4766;4770;7.10;0.43;279.58;3.19;1045;8;1617.00;4
3721;5;5543367;3721;316;4768;4770;7.11;0.43;279.58;3.20;1047;8;1618.00;2
3723;5;5543380;3723;319;4768;4770;7.19;0.44;279.52;3.20;1045;8;1619.00;2
3725;5;5543394;3725;328;4797;4806;7.33;0.45;279.51;3.19;1072;8;1620.00;9
3726;5;5543409;3726;331;4798;4806;7.35;0.45;279.48;3.19;1072;8;1621.00;8
3728;5;5543420;3728;334;4804;4806;7.34;0.45;279.56;3.18;1076;8;1622.00;2
3730;5;5543433;3730;331;4804;4806;7.24;0.44;279.70;3.18;1074;8;1623.00;2
3734;5;5543444;3734;341;4805;4806;7.17;0.44;279.77;3.18;1071;8;1624.00;1
3735;6;5543456;3735;346;4805;4806;7.08;0.43;279.91;3.18;1070;9;1625.00;1
3738;6;5543481;3738;348;4810;4810;6.92;0.42;280.07;3.18;1072;9;1626.00;0
3741;6;5543493;3741;348;4810;4810;6.82;0.42;280.16;3.18;1069;9;1627.00;0
3744;6;5543505;3744;359;4814;4814;6.76;0.41;280.20;3.18;1070;9;1628.00;0
3746;6;5543516;3746;360;4815;4815;6.71;0.41;280.21;3.18;1069;9;1629.00;0
3749;6;5543527;3749;361;4815;4815;6.65;0.41;280.36;3.18;1066;9;1630.00;0
3753;6;5543538;3753;362;4815;4815;6.59;0.41;280.55;3.18;1062;9;1631.00;0
3757;6;5543549;3757;368;4827;4828;6.51;0.40;280.42;3.17;1070;9;1632.00;1
3760;6;5543562;3760;374;4828;4828;6.48;0.40;280.57;3.17;1068;9;1633.00;0
3762;6;5543572;3762;374;4828;4828;6.43;0.40;280.58;3.17;1066;9;1634.00;0
3766;6;5543584;3766;370;4829;4829;6.43;0.39;280.50;3.17;1063;9;1635.00;0
3771;6;5543595;3771;372;4830;4830;6.35;0.39;280.41;3.17;1059;9;1636.00;0
3774;6;5543607;3774;377;4830;4830;6.32;0.39;280.58;3.17;1056;9;1637.00;0
3776;6;5543617;3776;376;4833;4833;6.34;0.39;280.58;3.17;1057;9;1638.00;0
3779;6;5543633;3779;376;4833;4833;6.31;0.39;280.51;3.17;1054;9;1639.00;0
3784;6;5543645;3784;376;4833;4833;6.25;0.38;280.56;3.17;1049;9;1640.00;0
3788;6;5543655;3788;381;4833;4833;6.19;0.38;280.70;3.17;1045;9;1641.00;0
3788;6;5543666;3788;381;4839;4839;6.18;0.38;280.70;3.17;1051;9;1642.00;0
3792;6;5543676;3792;386;4839;4839;6.13;0.38;280.65;3.17;1047;9;1643.00;0
3793;6;5543686;3793;394;4839;4839;6.09;0.37;280.59;3.17;1046;9;1644.00;0
3797;6;5543697;3797;389;4839;4839;5.98;0.37;280.69;3.17;1042;9;1645.00;0
3798;6;5543707;3798;396;4843;4843;5.88;0.36;280.76;3.16;1045;9;1646.00;0
3805;6;5543717;3805;404;4844;4844;5.73;0.35;280.82;3.16;1039;9;1647.00;0
3808;6;5543728;3808;410;4844;4844;5.61;0.34;280.89;3.16;1036;9;1648.00;0
3811;6;5543738;3811;417;4845;4845;5.48;0.34;280.95;3.16;1034;9;1649.00;0
3814;6;5543748;3814;417;4845;4845;5.38;0.33;281.00;3.16;1031;9;1650.00;0
3816;6;5543758;3816;415;4845;4845;5.29;0.33;281.01;3.16;1029;9;1651.00;0
3822;6;5543767;3822;406;4845;4845;5.15;0.32;280.89;3.16;1023;9;1652.00;0
3830;6;5543777;3830;404;4845;4845;5.06;0.31;280.84;3.16;1015;9;1653.00;0
3832;6;5543786;3832;404;4845;4845;5.08;0.31;280.82;3.16;1013;9;1654.00;0
3834;6;5543796;3834;407;4845;4845;5.07;0.31;280.76;3.16;1011;9;1655.00;0
3836;6;5543805;3836;412;4888;4915;5.31;0.33;280.75;3.14;1052;9;1656.00;27
3838;6;5543820;3838;405;4892;4916;5.35;0.33;280.76;3.13;1054;9;1657.00;24
3839;6;5543832;3839;408;4899;4916;5.39;0.33;280.75;3.13;1060;9;1658.00;17
3843;6;5543841;3843;405;4902;4916;5.38;0.33;280.74;3.13;1059;9;1659.00;14
3845;6;5543852;3845;409;4905;4916;5.38;0.33;280.68;3.13;1060;9;1660.00;11
3848;6;5543862;3848;416;4907;4916;5.35;0.33;280.59;3.13;1059;9;1661.00;9
3854;6;5543872;3854;420;4909;4916;5.28;0.32;280.55;3.13;1055;9;1662.00;7
3858;6;5543883;3858;418;4910;4916;5.26;0.32;280.47;3.14;1052;9;1663.00;6
3861;6;5543893;3861;429;4913;4917;5.19;0.32;280.42;3.14;1052;9;1664.00;4
3863;6;5543903;3863;426;4916;4919;5.13;0.31;280.44;3.14;1053;9;1665.00;3
3868;6;5543914;3868;438;4916;4919;5.06;0.31;280.49;3.14;1048;9;1666.00;3
3873;6;5543924;3873;447;4920;4923;5.03;0.31;280.47;3.14;1047;9;1667.00;3
3879;6;5543935;3879;453;4922;4923;4.96;0.30;280.41;3.14;1043;9;1668.00;1
3884;6;5543945;3884;457;4922;4923;4.91;0.30;280.51;3.14;1038;9;1669.00;1
3886;6;5543955;3886;461;4922;4923;4.87;0.30;280.58;3.14;1036;9;1670.00;1
3890;6;5543965;3890;460;4927;4929;4.83;0.29;280.48;3.14;1037;9;1671.00;2
3893;6;5543976;3893;468;4927;4929;4.84;0.29;280.53;3.14;1034;9;1672.00;2
3895;6;5543987;3895;472;4928;4929;4.88;0.30;280.65;3.14;1033;9;1673.00;1
3897;6;5543999;3897;477;4929;4932;4.93;0.30;280.66;3.14;1032;9;1674.00;3
3899;6;5544010;3899;480;4929;4932;4.91;0.30;280.65;3.14;1030;9;1675.00;3
3901;6;5544020;3901;486;4929;4932;4.89;0.30;280.66;3.14;1028;9;1676.00;3
3902;6;5544029;3902;490;4930;4933;4.93;0.30;280.73;3.14;1028;9;1677.00;3
3902;6;5544040;3902;498;4931;4934;4.97;0.30;280.73;3.14;1029;9;1678.00;3
3908;6;5544050;3908;493;4932;4934;4.89;0.30;280.61;3.14;1024;9;1679.00;2
3909;6;5544061;3909;511;4955;4960;5.02;0.30;280.59;3.12;1046;9;1680.00;5
3914;6;5544073;3914;514;4955;4960;4.91;0.30;280.44;3.12;1041;9;1681.00;5
3919;6;5544083;3919;518;4957;4960;4.91;0.30;280.48;3.12;1038;9;1682.00;3
3920;6;5544094;3920;518;4958;4961;4.92;0.30;280.46;3.12;1038;9;1683.00;3
3923;6;5544104;3923;506;4958;4961;4.89;0.30;280.55;3.12;1035;9;1684.00;3
3927;6;5544115;3927;493;4961;4965;4.94;0.30;280.58;3.12;1034;9;1685.00;4
3929;6;5544128;3929;490;4961;4965;4.93;0.30;280.65;3.12;1032;9;1686.00;4
3932;6;5544138;3932;486;4965;4969;4.97;0.30;280.55;3.12;1033;9;1687.00;4
3932;6;5544150;3932;482;4965;4969;5.03;0.31;280.55;3.12;1033;9;1688.00;4
3936;6;5544161;3936;476;4966;4969;5.02;0.31;280.54;3.12;1030;9;1689.00;3
3939;6;5544172;3939;473;4966;4969;5.05;0.31;280.56;3.12;1027;9;1690.00;3
3940;6;5544184;3940;474;4966;4969;5.11;0.31;280.55;3.12;1026;9;1691.00;3
3943;6;5544194;3943;474;4976;4981;5.26;0.32;280.73;3.12;1033;9;1692.00;5
3947;6;5544207;3947;474;4977;4981;5.33;0.32;280.84;3.12;1030;9;1693.00;4
3950;6;5544223;3950;474;4978;4981;5.40;0.33;280.76;3.12;1028;9;1694.00;3
3951;6;5544233;3951;475;4979;4981;5.46;0.33;280.81;3.12;1028;9;1695.00;2
3953;6;5544245;3953;479;4979;4981;5.46;0.33;280.80;3.12;1026;9;1696.00;2
3954;6;5544255;3954;469;4979;4981;5.52;0.34;280.81;3.12;1025;9;1697.00;2
3957;6;5544267;3957;462;4981;4982;5.51;0.34;280.93;3.12;1024;9;1698.00;1
3957;6;5544278;3957;458;4981;4982;5.51;0.34;280.93;3.12;1024;9;1699.00;1
3961;6;5544290;3961;454;4986;4988;5.48;0.33;280.85;3.12;1025;9;1700.00;2
3962;6;5544306;3962;457;4988;4989;5.52;0.34;280.85;3.12;1026;9;1701.00;1
3963;6;5544317;3963;463;4988;4989;5.56;0.34;280.89;3.12;1025;9;1702.00;1
3964;6;5544328;3964;466;4988;4989;5.58;0.34;280.89;3.12;1024;9;1703.00;1
3965;6;5544339;3965;461;4993;4993;5.67;0.34;280.93;3.12;1028;9;1704.00;0
3967;6;5544354;3967;459;4993;4993;5.69;0.35;281.05;3.12;1026;9;1705.00;0
3968;6;5544372;3968;443;4993;4993;5.79;0.35;281.01;3.12;1025;9;1706.00;0
3971;6;5544384;3971;434;4994;4994;5.89;0.36;281.09;3.12;1023;9;1707.00;0
3971;6;5544396;3971;418;4998;4998;6.00;0.37;281.09;3.12;1027;9;1708.00;0
3974;6;5544408;3974;410;4998;4998;6.13;0.37;281.13;3.12;1024;9;1709.00;0
3976;6;5544422;3976;406;5003;5004;6.24;0.38;281.22;3.11;1027;9;1710.00;1
3978;6;5544434;3978;408;5003;5004;6.36;0.39;281.29;3.11;1025;9;1711.00;1
3978;6;5544447;3978;407;5004;5004;6.47;0.39;281.29;3.11;1026;9;1712.00;0
3980;6;5544463;3980;402;5004;5004;6.53;0.40;281.25;3.11;1024;9;1713.00;0
3983;6;5544475;3983;396;5008;5008;6.56;0.40;281.16;3.11;1025;9;1714.00;0
3985;6;5544488;3985;393;5008;5008;6.56;0.40;281.22;3.11;1023;9;1715.00;0
3986;6;5544500;3986;390;5008;5008;6.58;0.40;281.25;3.11;1022;9;1716.00;0
3989;6;5544511;3989;380;5008;5008;6.59;0.40;281.47;3.11;1019;9;1717.00;0
3990;6;5544523;3990;382;5009;5009;6.58;0.40;281.49;3.11;1019;9;1718.00;0
3993;6;5544535;3993;380;5010;5010;6.54;0.40;281.55;3.11;1017;9;1719.00;0
3996;6;5544547;3996;380;5010;5010;6.54;0.40;281.62;3.11;1014;9;1720.00;0
3997;6;5544558;3997;377;5011;5011;6.50;0.39;281.74;3.11;1014;9;1721.00;0
3999;6;5544570;3999;380;5011;5011;6.42;0.39;281.77;3.11;1012;9;1722.00;0
4002;6;5544581;4002;377;5011;5011;6.38;0.39;281.89;3.11;1009;9;1723.00;0
4004;6;5544592;4004;389;5011;5011;6.36;0.39;281.98;3.11;1007;9;1724.00;0
4005;6;5544603;4005;384;5011;5011;6.39;0.39;282.01;3.11;1006;9;1725.00;0
4010;6;5544614;4010;381;5011;5011;6.36;0.38;282.21;3.11;1001;9;1726.00;0
4012;6;5544625;4012;376;5011;5011;6.36;0.39;282.28;3.11;999;9;1727.00;0
4014;6;5544636;4014;405;5093;5138;6.60;0.41;282.41;3.06;1079;9;1728.00;45
4016;6;5544657;4016;399;5096;5139;6.66;0.41;282.50;3.06;1080;9;1729.00;43
4017;6;5544669;4017;393;5102;5139;6.79;0.42;282.50;3.06;1085;9;1730.00;37
4021;6;5544681;4021;396;5103;5139;6.82;0.42;282.51;3.06;1082;9;1731.00;36
4021;6;5544693;4021;392;5107;5139;6.84;0.42;282.51;3.06;1086;9;1732.00;32
4023;6;5544705;4023;391;5107;5139;6.85;0.42;282.59;3.06;1084;9;1733.00;32
4023;6;5544716;4023;394;5111;5139;6.86;0.42;282.59;3.06;1088;9;1734.00;28
4024;6;5544728;4024;404;5112;5139;6.84;0.42;282.59;3.06;1088;9;1735.00;27
4027;6;5544741;4027;415;5114;5140;6.79;0.42;282.70;3.06;1087;9;1736.00;26
4029;6;5544755;4029;415;5118;5141;6.74;0.41;282.83;3.07;1089;9;1737.00;23
4032;6;5544767;4032;419;5119;5141;6.63;0.41;282.95;3.07;1087;9;1738.00;22
4033;6;5544785;4033;426;5123;5142;6.61;0.41;283.01;3.08;1090;9;1739.00;19
4035;6;5544798;4035;434;5125;5142;6.61;0.41;283.17;3.08;1090;9;1740.00;17
4038;6;5544811;4038;430;5127;5142;6.58;0.40;283.47;3.08;1089;9;1741.00;15
4041;6;5544823;4041;428;5131;5142;6.56;0.40;283.62;3.09;1090;9;1742.00;11
4041;6;5544834;4041;421;5136;5146;6.60;0.40;283.62;3.10;1095;9;1743.00;10
4044;6;5544848;4044;414;5137;5146;6.62;0.41;283.81;3.10;1093;9;1744.00;9
4047;6;5544860;4047;401;5139;5146;6.64;0.41;283.89;3.10;1092;9;1745.00;7
4049;6;5544871;4049;399;5142;5149;6.66;0.41;284.03;3.11;1093;9;1746.00;7
4054;6;5544883;4054;389;5143;5149;6.61;0.41;284.37;3.11;1089;9;1747.00;6
4058;6;5544897;4058;387;5145;5149;6.64;0.41;284.56;3.11;1087;9;1748.00;4
4062;6;5544910;4062;378;5151;5153;6.62;0.40;284.60;3.11;1089;9;1749.00;2
4066;6;5544923;4066;366;5152;5154;6.63;0.40;284.66;3.11;1086;9;1750.00;2
4067;6;5544936;4067;361;5152;5154;6.64;0.40;284.70;3.11;1085;9;1751.00;2
4070;6;5544947;4070;355;5155;5158;6.64;0.41;284.85;3.12;1085;9;1752.00;3
4076;6;5544960;4076;354;5157;5158;6.60;0.40;285.01;3.12;1081;9;1753.00;1
4079;6;5544972;4079;351;5157;5158;6.63;0.40;285.17;3.12;1078;9;1754.00;1
4085;6;5544984;4085;347;5160;5160;6.60;0.40;285.40;3.11;1075;9;1755.00;0
4088;6;5544997;4088;340;5160;5160;6.68;0.41;285.71;3.11;1072;9;1756.00;0
4091;6;5545008;4091;332;5166;5166;6.77;0.41;285.68;3.11;1075;9;1757.00;0
4096;6;5545022;4096;332;5166;5166;6.75;0.41;285.69;3.11;1070;9;1758.00;0
4098;6;5545034;4098;333;5166;5167;6.73;0.41;285.80;3.11;1068;9;1759.00;1
4098;6;5545049;4098;328;5166;5167;6.73;0.41;285.80;3.11;1068;9;1760.00;1
4100;6;5545062;4100;332;5166;5167;6.72;0.41;285.87;3.11;1066;9;1761.00;1
4102;6;5545074;4102;341;5166;5167;6.68;0.41;285.91;3.11;1064;9;1762.00;1
4105;6;5545092;4105;337;5166;5167;6.66;0.40;286.10;3.11;1061;9;1763.00;1
4107;7;5545103;4107;336;5176;5179;6.72;0.41;286.22;3.11;1069;10;1764.00;3
4112;7;5545128;4112;334;5177;5179;6.70;0.41;286.48;3.11;1065;10;1765.00;2
4112;7;5545142;4112;339;5177;5179;6.70;0.41;286.48;3.11;1065;10;1766.00;2
4117;7;5545153;4117;337;5177;5179;6.62;0.40;286.57;3.11;1060;10;1767.00;2
4118;7;5545168;4118;338;5177;5179;6.60;0.40;286.61;3.11;1059;10;1768.00;2
4123;7;5545180;4123;340;5177;5179;6.51;0.39;286.80;3.11;1054;10;1769.00;2
4128;7;5545193;4128;348;5180;5183;6.42;0.39;287.05;3.10;1052;10;1770.00;3
4131;7;5545205;4131;352;5180;5183;6.33;0.38;287.19;3.10;1049;10;1771.00;3
4133;7;5545221;4133;356;5184;5187;6.33;0.38;287.35;3.10;1051;10;1772.00;3
4134;7;5545234;4134;358;5185;5188;6.35;0.39;287.33;3.10;1051;10;1773.00;3
4136;7;5545245;4136;356;5185;5188;6.34;0.39;287.46;3.10;1049;10;1774.00;3
4137;7;5545256;4137;358;5185;5188;6.32;0.38;287.47;3.10;1048;10;1775.00;3
4139;7;5545267;4139;360;5195;5201;6.36;0.39;287.44;3.10;1056;10;1776.00;6
4142;7;5545282;4142;361;5196;5201;6.41;0.39;287.38;3.10;1054;10;1777.00;5
4146;7;5545294;4146;367;5196;5201;6.42;0.39;287.62;3.10;1050;10;1778.00;5
4150;7;5545305;4150;366;5197;5202;6.43;0.39;287.68;3.10;1047;10;1779.00;5
4153;7;5545317;4153;371;5198;5203;6.40;0.39;287.61;3.10;1045;10;1780.00;5
4155;7;5545328;4155;382;5198;5203;6.37;0.39;287.61;3.10;1043;10;1781.00;5
4159;7;5545338;4159;387;5201;5206;6.34;0.39;287.75;3.10;1042;10;1782.00;5
4162;7;5545350;4162;394;5202;5206;6.32;0.38;287.75;3.10;1040;10;1783.00;4
4163;7;5545361;4163;390;5203;5206;6.33;0.39;287.78;3.10;1040;10;1784.00;3
4164;7;5545372;4164;399;5204;5206;6.29;0.38;287.83;3.10;1040;10;1785.00;2
4165;7;5545384;4165;401;5209;5212;6.31;0.39;287.85;3.10;1044;10;1786.00;3
4166;7;5545396;4166;407;5209;5212;6.25;0.38;287.86;3.10;1043;10;1787.00;3
4168;7;5545407;4168;415;5209;5212;6.16;0.38;287.87;3.10;1041;10;1788.00;3
4171;7;5545418;4171;415;5210;5212;6.07;0.37;287.76;3.10;1039;10;1789.00;2
4175;7;5545429;4175;413;5214;5216;5.98;0.37;287.92;3.10;1039;10;1790.00;2
4176;7;5545441;4176;422;5215;5217;5.94;0.36;288.00;3.10;1039;10;1791.00;2
4177;7;5545451;4177;423;5216;5217;5.94;0.36;287.99;3.10;1039;10;1792.00;1
4179;7;5545462;4179;428;5217;5218;5.89;0.36;287.95;3.10;1038;10;1793.00;1
4180;7;5545472;4180;429;5218;5218;5.90;0.36;287.98;3.10;1038;10;1794.00;0
4182;7;5545482;4182;428;5218;5218;5.87;0.36;288.10;3.10;1036;10;1795.00;0
4184;7;5545492;4184;434;5218;5218;5.88;0.36;288.01;3.10;1034;10;1796.00;0
4188;7;5545502;4188;435;5218;5218;5.87;0.36;288.04;3.10;1030;10;1797.00;0
4192;7;5545515;4192;436;5218;5218;5.81;0.35;288.13;3.10;1026;10;1798.00;0
4193;7;5545527;4193;433;5218;5218;5.84;0.36;288.09;3.10;1025;10;1799.00;0
4197;7;5545539;4197;449;5284;5356;6.09;0.38;288.03;3.07;1087;10;1800.00;72
4200;7;5545564;4200;441;5290;5357;6.10;0.38;288.08;3.06;1090;10;1801.00;67
4200;7;5545575;4200;438;5306;5357;6.12;0.38;288.08;3.06;1106;10;1802.00;51
4201;7;5545586;4201;443;5311;5357;6.06;0.37;288.12;3.06;1110;10;1803.00;46
4202;7;5545598;4202;438;5320;5357;6.08;0.37;288.08;3.06;1118;10;1804.00;37
4207;7;5545608;4207;440;5320;5357;5.99;0.37;288.05;3.06;1113;10;1805.00;37
4208;7;5545625;4208;435;5329;5357;5.91;0.36;288.01;3.07;1121;10;1806.00;28
4211;7;5545635;4211;441;5335;5357;5.84;0.36;288.18;3.07;1124;10;1807.00;22
4217;7;5545647;4217;444;5341;5358;5.76;0.35;288.05;3.08;1124;10;1808.00;17
4218;7;5545659;4218;453;5344;5359;5.74;0.35;288.07;3.08;1126;10;1809.00;15
4225;7;5545679;4225;457;5348;5359;5.61;0.34;288.03;3.08;1123;10;1810.00;11
4227;7;5545690;4227;457;5353;5363;5.55;0.34;287.92;3.08;1126;10;1811.00;10
4230;7;5545701;4230;460;5356;5363;5.43;0.33;288.17;3.09;1126;10;1812.00;7
4231;7;5545712;4231;469;5357;5363;5.31;0.32;288.13;3.09;1126;10;1813.00;6
4233;7;5545723;4233;480;5357;5363;5.17;0.32;288.16;3.09;1124;10;1814.00;6
4236;7;5545732;4236;477;5362;5369;5.05;0.31;288.13;3.09;1126;10;1815.00;7
4239;7;5545744;4239;474;5362;5369;4.99;0.31;288.18;3.09;1123;10;1816.00;7
4243;7;5545755;4243;472;5362;5369;4.89;0.30;288.26;3.09;1119;10;1817.00;7
4246;7;5545765;4246;476;5363;5372;4.86;0.30;288.22;3.09;1117;10;1818.00;9
4251;7;5545775;4251;484;5364;5372;4.82;0.29;288.25;3.09;1113;10;1819.00;8
4257;7;5545785;4257;482;5364;5372;4.74;0.29;288.30;3.09;1107;10;1820.00;8
4257;7;5545796;4257;490;5368;5373;4.71;0.29;288.30;3.09;1111;10;1821.00;5
4259;7;5545806;4259;490;5369;5374;4.71;0.29;288.38;3.09;1110;10;1822.00;5
4261;7;5545817;4261;484;5369;5374;4.68;0.29;288.44;3.09;1108;10;1823.00;5
4262;7;5545827;4262;491;5381;5387;4.72;0.29;288.41;3.09;1119;10;1824.00;6
4266;7;5545838;4266;476;5382;5387;4.68;0.29;288.29;3.09;1116;10;1825.00;5
4268;7;5545849;4268;480;5382;5387;4.63;0.28;288.21;3.09;1114;11;1826.00;5
4269;7;5545867;4269;473;5382;5388;4.61;0.28;288.20;3.09;1113;11;1827.00;6
4271;7;5545877;4271;478;5382;5388;4.61;0.28;288.19;3.09;1111;11;1828.00;6
4273;7;5545887;4273;473;5385;5392;4.63;0.28;288.13;3.09;1112;11;1829.00;7
4275;7;5545900;4275;483;5385;5392;4.64;0.28;288.09;3.09;1110;11;1830.00;7
4279;7;5545911;4279;477;5388;5396;4.67;0.29;288.08;3.08;1109;11;1831.00;8
4281;7;5545922;4281;470;5388;5396;4.72;0.29;288.11;3.08;1107;11;1832.00;8
4284;7;5545937;4284;458;5389;5396;4.80;0.29;288.07;3.08;1105;11;1833.00;7
4286;7;5545949;4286;457;5389;5396;4.88;0.30;288.08;3.08;1103;11;1834.00;7
4288;7;5545960;4288;445;5390;5396;4.97;0.31;288.02;3.09;1102;11;1835.00;6
4290;7;5545970;4290;443;5400;5408;5.10;0.32;288.04;3.08;1110;11;1836.00;8
4296;7;5545982;4296;449;5400;5408;5.12;0.32;288.04;3.08;1104;11;1837.00;8
4298;7;5545999;4298;442;5400;5408;5.22;0.32;287.99;3.08;1102;11;1838.00;8
4299;7;5546011;4299;441;5401;5408;5.30;0.33;288.04;3.08;1102;11;1839.00;7
4301;7;5546023;4301;438;5401;5408;5.33;0.33;288.15;3.08;1100;11;1840.00;7
4302;7;5546034;4302;446;5401;5408;5.37;0.33;288.17;3.08;1099;11;1841.00;7
4304;7;5546045;4304;446;5402;5409;5.33;0.33;288.10;3.08;1098;11;1842.00;7
4309;7;5546056;4309;445;5402;5409;5.30;0.33;288.21;3.08;1093;11;1843.00;7
4310;7;5546067;4310;443;5407;5415;5.34;0.33;288.23;3.08;1097;11;1844.00;8
4314;8;5546079;4314;444;5408;5417;5.37;0.33;288.29;3.08;1094;12;1845.00;9
4320;8;5546098;4320;447;5408;5417;5.38;0.33;288.38;3.08;1088;12;1846.00;9
4325;8;5546109;4325;449;5408;5417;5.43;0.34;288.35;3.08;1083;12;1847.00;9
4326;8;5546121;4326;442;5412;5421;5.50;0.34;288.39;3.08;1086;12;1848.00;9
4331;8;5546132;4331;442;5412;5421;5.52;0.34;288.56;3.08;1081;12;1849.00;9
4334;8;5546145;4334;437;5413;5421;5.56;0.34;288.57;3.08;1079;12;1850.00;8
4338;8;5546155;4338;431;5416;5422;5.61;0.35;288.61;3.09;1078;12;1851.00;6
4347;8;5546174;4347;427;5420;5426;5.62;0.35;288.71;3.09;1073;12;1852.00;6
4347;8;5546187;4347;423;5420;5426;5.63;0.35;288.71;3.09;1073;12;1853.00;6
4353;8;5546204;4353;420;5422;5429;5.61;0.34;288.86;3.09;1069;12;1854.00;7
4358;8;5546216;4358;421;5423;5429;5.63;0.35;289.00;3.09;1065;12;1855.00;6
4366;8;5546226;4366;420;5424;5429;5.61;0.34;288.99;3.10;1058;12;1856.00;5
4370;8;5546237;4370;416;5424;5429;5.60;0.34;289.21;3.10;1054;12;1857.00;5
4375;8;5546248;4375;416;5428;5433;5.63;0.34;289.22;3.10;1053;12;1858.00;5
4381;8;5546260;4381;421;5428;5433;5.58;0.34;289.19;3.10;1047;12;1859.00;5
4386;8;5546273;4386;419;5430;5433;5.55;0.34;289.23;3.10;1044;12;1860.00;3
4386;8;5546284;4386;421;5430;5433;5.57;0.34;289.23;3.10;1044;12;1861.00;3
4390;8;5546295;4390;415;5431;5434;5.61;0.34;289.29;3.10;1041;12;1862.00;3
4392;8;5546307;4392;413;5433;5435;5.62;0.34;289.34;3.10;1041;12;1863.00;2
4395;8;5546318;4395;412;5434;5435;5.68;0.35;289.40;3.11;1039;12;1864.00;1
4399;8;5546329;4399;414;5435;5436;5.74;0.35;289.55;3.11;1036;12;1865.00;1
4403;8;5546341;4403;411;5435;5436;5.75;0.35;289.64;3.11;1032;12;1866.00;1
4405;8;5546353;4405;403;5435;5436;5.78;0.35;289.68;3.11;1030;12;1867.00;1
4406;8;5546364;4406;406;5435;5436;5.85;0.36;289.75;3.11;1029;12;1868.00;1
4408;8;5546375;4408;410;5435;5436;5.85;0.36;289.80;3.11;1027;12;1869.00;1
4412;8;5546386;4412;407;5435;5436;5.86;0.36;290.02;3.11;1023;12;1870.00;1
4415;8;5546397;4415;395;5435;5436;5.88;0.36;290.16;3.11;1020;12;1871.00;1
4419;8;5546408;4419;399;5509;5563;6.08;0.38;290.21;3.07;1090;12;1872.00;54
4419;8;5546429;4419;382;5511;5564;6.15;0.38;290.21;3.07;1092;12;1873.00;53
4423;8;5546441;4423;366;5519;5564;6.23;0.39;290.34;3.07;1096;12;1874.00;45
4423;8;5546452;4423;363;5520;5564;6.29;0.39;290.34;3.07;1097;12;1875.00;44
4425;8;5546465;4425;356;5526;5564;6.34;0.39;290.49;3.07;1101;12;1876.00;38
4426;8;5546477;4426;355;5528;5564;6.34;0.39;290.51;3.07;1102;12;1877.00;36
4428;8;5546489;4428;355;5531;5564;6.35;0.39;290.55;3.07;1103;12;1878.00;33
4432;8;5546502;4432;361;5534;5564;6.30;0.39;290.57;3.08;1102;12;1879.00;30
4433;8;5546514;4433;378;5537;5565;6.25;0.39;290.56;3.08;1104;12;1880.00;28
4436;8;5546526;4436;382;5541;5566;6.19;0.38;290.59;3.08;1105;12;1881.00;25
4437;8;5546538;4437;376;5545;5568;6.14;0.38;290.57;3.08;1108;12;1882.00;23
4440;8;5546556;4440;377;5546;5569;6.08;0.37;290.70;3.09;1106;12;1883.00;23
4441;8;5546568;4441;378;5550;5569;6.08;0.37;290.73;3.09;1109;12;1884.00;19
4445;8;5546580;4445;389;5552;5569;6.05;0.37;290.81;3.10;1107;12;1885.00;17
4446;8;5546594;4446;390;5554;5569;6.05;0.37;290.81;3.10;1108;12;1886.00;15
4449;8;5546606;4449;392;5558;5573;6.03;0.37;290.87;3.10;1109;12;1887.00;15
4451;8;5546620;4451;396;5559;5573;6.07;0.37;290.89;3.10;1108;12;1888.00;14
4453;8;5546633;4453;401;5560;5573;6.12;0.38;290.91;3.10;1107;12;1889.00;13
4456;8;5546647;4456;401;5565;5579;6.17;0.38;290.91;3.10;1109;12;1890.00;14
4457;8;5546660;4457;403;5566;5579;6.19;0.38;290.90;3.10;1109;12;1891.00;13
4459;8;5546672;4459;407;5566;5579;6.21;0.38;290.92;3.10;1107;12;1892.00;13
4459;8;5546684;4459;408;5569;5583;6.22;0.38;290.92;3.10;1110;12;1893.00;14
4462;8;5546696;4462;403;5572;5584;6.22;0.38;290.96;3.11;1110;12;1894.00;12
4462;8;5546710;4462;401;5574;5584;6.21;0.38;290.96;3.11;1112;12;1895.00;10
4465;8;5546722;4465;398;5577;5588;6.23;0.38;290.91;3.11;1112;12;1896.00;11
4467;8;5546736;4467;391;5578;5588;6.24;0.38;290.85;3.11;1111;12;1897.00;10
4470;8;5546748;4470;396;5578;5588;6.24;0.38;290.82;3.11;1108;12;1898.00;10
4470;8;5546760;4470;390;5579;5589;6.25;0.38;290.82;3.11;1109;12;1899.00;10
4474;8;5546773;4474;397;5579;5589;6.22;0.38;290.80;3.11;1105;12;1900.00;10
4474;8;5546788;4474;404;5584;5595;6.23;0.38;290.80;3.11;1110;12;1901.00;11
4475;8;5546800;4475;395;5584;5595;6.21;0.38;290.82;3.11;1109;12;1902.00;11
4475;8;5546813;4475;404;5584;5596;6.18;0.38;290.82;3.11;1109;12;1903.00;12
4476;8;5546825;4476;397;5584;5596;6.14;0.37;290.95;3.11;1108;12;1904.00;12
4477;8;5546837;4477;396;5584;5596;6.08;0.37;290.97;3.11;1107;12;1905.00;12
4480;8;5546850;4480;399;5584;5596;6.04;0.37;291.01;3.11;1104;12;1906.00;12
4481;8;5546864;4481;390;5584;5596;6.03;0.37;291.05;3.11;1103;12;1907.00;12
4483;8;5546877;4483;393;5594;5608;6.04;0.37;291.00;3.10;1111;12;1908.00;14
4486;8;5546892;4486;383;5595;5608;6.02;0.37;291.09;3.10;1109;12;1909.00;13
4487;8;5546905;4487;374;5595;5608;6.02;0.37;291.15;3.10;1108;12;1910.00;13
4489;8;5546920;4489;372;5595;5608;6.00;0.37;291.23;3.10;1106;12;1911.00;13
4493;8;5546932;4493;362;5596;5608;5.98;0.36;291.47;3.12;1103;12;1912.00;12
4497;8;5546946;4497;350;5596;5608;6.00;0.37;291.58;3.12;1099;12;1913.00;12
4501;8;5546958;4501;343;5599;5612;5.95;0.36;291.68;3.12;1098;12;1914.00;13
4503;8;5546972;4503;349;5599;5612;6.00;0.36;291.81;3.12;1096;12;1915.00;13
4507;8;5546983;4507;342;5603;5616;5.96;0.36;291.87;3.12;1096;12;1916.00;13
4507;8;5546995;4507;337;5603;5617;5.92;0.36;291.87;3.12;1096;12;1917.00;14
4510;8;5547007;4510;336;5604;5617;5.88;0.36;292.12;3.12;1094;12;1918.00;13
4514;8;5547019;4514;334;5604;5617;5.88;0.36;292.28;3.12;1090;12;1919.00;13
4519;8;5547032;4519;339;5625;5646;5.88;0.36;292.43;3.12;1106;12;1920.00;21
4520;8;5547046;4520;328;5625;5646;5.89;0.36;292.47;3.12;1105;12;1921.00;21
4521;8;5547057;4521;323;5627;5646;5.98;0.36;292.52;3.12;1106;12;1922.00;19
4526;8;5547070;4526;319;5628;5647;6.00;0.37;292.64;3.12;1102;12;1923.00;19
4527;8;5547081;4527;319;5629;5648;6.05;0.37;292.72;3.12;1102;12;1924.00;19
4532;8;5547093;4532;323;5629;5648;6.05;0.37;292.65;3.12;1097;12;1925.00;19
4534;8;5547105;4534;322;5632;5651;6.10;0.37;292.73;3.12;1098;12;1926.00;19
4537;8;5547117;4537;332;5633;5651;6.09;0.37;292.85;3.12;1096;12;1927.00;18
4540;8;5547128;4540;331;5633;5651;6.08;0.37;292.96;3.12;1093;12;1928.00;18
4542;8;5547139;4542;331;5634;5651;6.02;0.37;292.94;3.12;1092;12;1929.00;17
4544;8;5547151;4544;337;5639;5657;5.99;0.36;292.98;3.11;1095;12;1930.00;18
4546;8;5547163;4546;336;5640;5657;5.88;0.36;293.08;3.12;1094;12;1931.00;17
4549;8;5547174;4549;335;5640;5657;5.80;0.35;293.18;3.12;1091;12;1932.00;17
4551;8;5547186;4551;340;5640;5657;5.72;0.35;293.31;3.12;1089;12;1933.00;17
4554;8;5547197;4554;342;5643;5661;5.66;0.34;293.27;3.12;1089;12;1934.00;18
4555;8;5547208;4555;348;5645;5663;5.59;0.34;293.41;3.11;1090;12;1935.00;18
4558;8;5547219;4558;346;5645;5663;5.57;0.34;293.59;3.11;1087;12;1936.00;18
4560;8;5547236;4560;353;5646;5664;5.52;0.34;293.80;3.11;1086;12;1937.00;18
4562;8;5547248;4562;361;5647;5664;5.50;0.34;293.93;3.12;1085;12;1938.00;17
4565;8;5547260;4565;363;5647;5664;5.48;0.33;293.95;3.12;1082;12;1939.00;17
4566;8;5547271;4566;363;5647;5664;5.54;0.34;293.96;3.12;1081;12;1940.00;17
4567;8;5547282;4567;366;5648;5664;5.55;0.34;293.90;3.14;1081;12;1941.00;16
4569;8;5547293;4569;372;5648;5664;5.52;0.34;293.84;3.14;1079;12;1942.00;16
4569;8;5547304;4569;369;5648;5664;5.55;0.34;293.84;3.14;1079;12;1943.00;16
4571;8;5547316;4571;382;5684;5734;5.79;0.35;293.80;3.13;1113;12;1944.00;50
4575;8;5547332;4575;377;5686;5735;5.76;0.35;293.94;3.13;1111;12;1945.00;49
4576;8;5547344;4576;383;5695;5735;5.79;0.35;293.89;3.13;1119;12;1946.00;40
4580;8;5547356;4580;388;5697;5735;5.70;0.35;294.01;3.14;1117;12;1947.00;38
4582;8;5547367;4582;384;5700;5735;5.66;0.35;294.16;3.14;1118;12;1948.00;35
4584;8;5547378;4584;393;5703;5735;5.62;0.34;294.17;3.14;1119;12;1949.00;32
4585;8;5547391;4585;403;5708;5737;5.55;0.34;294.12;3.14;1123;12;1950.00;29
4587;8;5547403;4587;406;5712;5737;5.53;0.34;294.05;3.16;1125;12;1951.00;25
4592;8;5547413;4592;407;5714;5738;5.44;0.33;293.86;3.16;1122;12;1952.00;24
4593;8;5547424;4593;420;5717;5739;5.42;0.33;293.82;3.17;1124;12;1953.00;22
4595;8;5547435;4595;423;5719;5739;5.36;0.33;293.81;3.17;1124;12;1954.00;20
4597;8;5547446;4597;424;5725;5743;5.34;0.33;293.70;3.19;1128;12;1955.00;18
4601;8;5547458;4601;427;5726;5743;5.28;0.32;293.60;3.19;1125;12;1956.00;17
4604;8;5547469;4604;429;5726;5743;5.22;0.32;293.50;3.19;1122;12;1957.00;17
4605;8;5547480;4605;433;5727;5743;5.13;0.31;293.44;3.20;1122;12;1958.00;16
4606;8;5547491;4606;445;5732;5749;5.12;0.31;293.41;3.19;1126;12;1959.00;17
4606;8;5547502;4606;451;5732;5749;5.05;0.31;293.41;3.19;1126;12;1960.00;17
4606;8;5547513;4606;454;5733;5749;4.99;0.31;293.41;3.20;1127;13;1961.00;16
4609;8;5547532;4609;456;5736;5752;5.01;0.31;293.35;3.20;1127;13;1962.00;16
4611;8;5547542;4611;464;5738;5752;4.98;0.30;293.26;3.22;1127;13;1963.00;14
4612;8;5547552;4612;464;5738;5752;4.91;0.30;293.23;3.22;1126;13;1964.00;14
4613;8;5547564;4613;460;5738;5753;4.85;0.30;293.21;3.22;1125;13;1965.00;15
4614;8;5547574;4614;468;5741;5754;4.84;0.30;293.18;3.24;1127;13;1966.00;13
4614;8;5547584;4614;464;5741;5754;4.79;0.29;293.18;3.24;1127;13;1967.00;13
4615;8;5547594;4615;464;5753;5767;4.85;0.30;293.12;3.25;1138;13;1968.00;14
4617;8;5547606;4617;461;5753;5767;4.80;0.29;293.11;3.25;1136;13;1969.00;14
4622;8;5547616;4622;470;5756;5767;4.71;0.29;292.91;3.26;1134;13;1970.00;11
4622;8;5547627;4622;469;5757;5768;4.67;0.28;292.91;3.26;1135;13;1971.00;11
4627;8;5547638;4627;467;5759;5768;4.58;0.28;292.75;3.27;1132;13;1972.00;9
4628;8;5547648;4628;475;5763;5772;4.57;0.28;292.74;3.26;1135;13;1973.00;9
4629;8;5547659;4629;478;5763;5772;4.50;0.27;292.71;3.26;1134;13;1974.00;9
4629;8;5547670;4629;483;5768;5776;4.46;0.27;292.71;3.27;1139;13;1975.00;8
4631;8;5547679;4631;481;5768;5776;4.41;0.27;292.71;3.27;1137;13;1976.00;8
4635;8;5547690;4635;482;5770;5776;4.32;0.26;292.73;3.28;1135;13;1977.00;6
4639;8;5547700;4639;469;5770;5776;4.26;0.26;292.81;3.28;1131;13;1978.00;6
4645;8;5547709;4645;464;5770;5776;4.21;0.26;292.73;3.28;1125;13;1979.00;6
4646;8;5547721;4646;444;5795;5810;4.45;0.27;292.73;3.26;1149;13;1980.00;15
4648;8;5547733;4648;432;5796;5810;4.49;0.28;292.82;3.26;1148;13;1981.00;14
4650;8;5547743;4650;427;5798;5810;4.50;0.28;292.82;3.26;1148;13;1982.00;12
4651;8;5547753;4651;421;5798;5810;4.53;0.28;292.85;3.26;1147;13;1983.00;12
4652;8;5547764;4652;410;5799;5810;4.55;0.28;292.86;3.26;1147;13;1984.00;11
4656;8;5547779;4656;416;5799;5810;4.53;0.28;292.96;3.26;1143;13;1985.00;11
4658;8;5547790;4658;422;5799;5811;4.55;0.28;292.92;3.26;1141;13;1986.00;12
4660;8;5547802;4660;411;5799;5811;4.59;0.28;292.99;3.26;1139;13;1987.00;12
4660;8;5547813;4660;401;5804;5817;4.72;0.29;292.99;3.26;1144;13;1988.00;13
4662;8;5547825;4662;399;5805;5818;4.79;0.29;293.08;3.26;1143;13;1989.00;13
4665;8;5547836;4665;397;5805;5818;4.85;0.30;293.14;3.26;1140;13;1990.00;13
4666;8;5547847;4666;391;5805;5818;4.91;0.30;293.14;3.26;1139;13;1991.00;13
4667;8;5547859;4667;375;5807;5822;4.99;0.31;293.15;3.26;1140;13;1992.00;15
4671;8;5547871;4671;371;5808;5822;5.02;0.31;293.15;3.26;1137;13;1993.00;14
4673;8;5547883;4673;370;5808;5822;5.05;0.31;293.09;3.26;1135;13;1994.00;14
4676;8;5547895;4676;372;5809;5823;5.11;0.31;293.02;3.26;1133;13;1995.00;14
4679;8;5547907;4679;366;5812;5827;5.15;0.31;293.06;3.26;1133;13;1996.00;15
4681;8;5547919;4681;365;5812;5827;5.18;0.32;293.11;3.26;1131;13;1997.00;15
4683;8;5547930;4683;368;5814;5830;5.29;0.32;293.09;3.26;1131;13;1998.00;16
4689;8;5547942;4689;369;5814;5830;5.30;0.32;293.22;3.26;1125;13;1999.00;16
4694;8;5547954;4694;371;5815;5830;5.34;0.33;293.35;3.26;1121;13;2000.00;15
4697;8;5547976;4697;372;5815;5830;5.39;0.33;293.37;3.26;1118;13;2001.00;15
4699;8;5547989;4699;375;5819;5834;5.46;0.33;293.48;3.26;1120;13;2002.00;15
4703;8;5548002;4703;375;5819;5834;5.53;0.34;293.47;3.26;1116;13;2003.00;15
4709;8;5548014;4709;370;5819;5834;5.55;0.34;293.43;3.26;1110;13;2004.00;15
4713;8;5548026;4713;368;5819;5834;5.58;0.34;293.27;3.26;1106;13;2005.00;15
4720;8;5548038;4720;367;5819;5835;5.57;0.34;293.47;3.26;1099;13;2006.00;16
4723;8;5548051;4723;369;5820;5836;5.59;0.34;293.74;3.25;1097;13;2007.00;16
4728;8;5548063;4728;369;5820;5836;5.62;0.34;293.92;3.25;1092;13;2008.00;16
4733;8;5548075;4733;367;5821;5837;5.61;0.34;294.12;3.25;1088;13;2009.00;16
4733;8;5548089;4733;374;5821;5837;5.66;0.34;294.12;3.25;1088;13;2010.00;16
4739;8;5548101;4739;369;5821;5837;5.63;0.34;294.22;3.25;1082;13;2011.00;16
4744;8;5548114;4744;374;5821;5837;5.59;0.34;294.41;3.25;1077;13;2012.00;16
4748;8;5548127;4748;370;5821;5837;5.63;0.34;294.43;3.25;1073;13;2013.00;16
4751;8;5548139;4751;369;5821;5837;5.64;0.34;294.48;3.25;1070;13;2014.00;16
4755;8;5548151;4755;372;5821;5837;5.64;0.34;294.46;3.25;1066;13;2015.00;16
4758;8;5548163;4758;392;5899;5964;5.91;0.36;294.46;3.21;1141;13;2016.00;65
4759;8;5548183;4759;384;5902;5965;5.93;0.36;294.49;3.21;1143;13;2017.00;63
4761;8;5548200;4761;379;5907;5965;5.98;0.37;294.52;3.21;1146;13;2018.00;58
4766;8;5548213;4766;380;5910;5965;6.00;0.37;294.51;3.21;1144;13;2019.00;55
4768;8;5548226;4768;382;5913;5965;5.98;0.37;294.53;3.21;1145;13;2020.00;52
4773;8;5548239;4773;388;5915;5965;5.93;0.36;294.73;3.21;1142;13;2021.00;50
4776;8;5548251;4776;387;5916;5965;5.86;0.36;294.83;3.21;1140;13;2022.00;49
4780;8;5548263;4780;391;5917;5965;5.76;0.35;294.92;3.21;1137;13;2023.00;48
4780;8;5548276;4780;398;5918;5966;5.72;0.35;294.92;3.21;1138;13;2024.00;48
4783;8;5548288;4783;398;5920;5968;5.65;0.34;295.07;3.21;1137;13;2025.00;48
4784;8;5548302;4784;399;5923;5968;5.59;0.34;295.04;3.22;1139;13;2026.00;45
4787;8;5548314;4787;399;5925;5969;5.55;0.34;295.24;3.22;1138;13;2027.00;44
4790;8;5548327;4790;397;5925;5969;5.54;0.34;295.41;3.22;1135;13;2028.00;44
4791;8;5548340;4791;398;5926;5969;5.60;0.34;295.41;3.22;1135;13;2029.00;43
4793;8;5548353;4793;396;5928;5969;5.63;0.34;295.50;3.22;1135;13;2030.00;41
4795;8;5548367;4795;405;5931;5973;5.67;0.35;295.68;3.23;1136;13;2031.00;42
4797;8;5548380;4797;401;5933;5973;5.71;0.35;295.69;3.25;1136;13;2032.00;40
4800;8;5548393;4800;406;5933;5973;5.74;0.35;295.75;3.25;1133;13;2033.00;40
4805;8;5548405;4805;406;5933;5976;5.75;0.35;295.82;3.25;1128;13;2034.00;43
4806;8;5548429;4806;413;5935;5976;5.78;0.35;295.87;3.25;1129;13;2035.00;41
4808;8;5548448;4808;401;5937;5976;5.80;0.35;295.89;3.26;1129;13;2036.00;39
4810;8;5548460;4810;395;5940;5980;5.79;0.35;295.93;3.26;1130;13;2037.00;40
4811;8;5548473;4811;390;5944;5981;5.82;0.35;296.07;3.27;1133;13;2038.00;37
4813;8;5548486;4813;383;5945;5981;5.88;0.36;296.14;3.27;1132;13;2039.00;36
4816;8;5548501;4816;375;5948;5986;5.95;0.36;296.31;3.27;1132;13;2040.00;38
4818;8;5548515;4818;373;5950;5986;6.02;0.37;296.36;3.27;1132;13;2041.00;36
4823;8;5548527;4823;374;5951;5986;6.04;0.37;296.44;3.28;1128;13;2042.00;35
4824;8;5548540;4824;378;5951;5987;6.03;0.37;296.48;3.28;1127;13;2043.00;36
4826;8;5548554;4826;380;5954;5987;6.06;0.37;296.52;3.30;1128;13;2044.00;33
4827;8;5548573;4827;389;5960;5993;6.07;0.37;296.54;3.30;1133;13;2045.00;33
4831;8;5548586;4831;390;5961;5993;6.03;0.37;296.90;3.30;1130;13;2046.00;32
4833;8;5548599;4833;388;5962;5994;6.02;0.37;296.94;3.30;1129;13;2047.00;32
4835;8;5548613;4835;385;5962;5994;6.01;0.37;297.00;3.30;1127;13;2048.00;32
4840;8;5548625;4840;387;5962;5994;5.96;0.36;297.11;3.30;1122;13;2049.00;32
4842;8;5548639;4842;381;5963;5994;5.91;0.36;297.16;3.30;1121;13;2050.00;31
4844;8;5548651;4844;382;5965;5994;5.90;0.36;297.27;3.30;1121;13;2051.00;29
4847;8;5548664;4847;381;5973;6006;5.92;0.36;297.26;3.30;1126;13;2052.00;33
4847;8;5548677;4847;384;5973;6006;5.94;0.36;297.26;3.30;1126;13;2053.00;33
4849;8;5548691;4849;393;5975;6006;5.92;0.36;297.36;3.30;1126;13;2054.00;31
4850;8;5548703;4850;396;5975;6006;5.95;0.36;297.33;3.30;1125;14;2055.00;31
4852;8;5548725;4852;393;5976;6006;5.95;0.36;297.48;3.30;1124;14;2056.00;30
4854;8;5548737;4854;392;5976;6006;5.91;0.36;297.64;3.30;1122;14;2057.00;30
4857;8;5548749;4857;395;5979;6010;5.91;0.36;297.62;3.30;1122;14;2058.00;31
4861;8;5548762;4861;403;5980;6010;5.82;0.35;297.68;3.31;1119;14;2059.00;30
4862;8;5548774;4862;402;5984;6014;5.85;0.36;297.78;3.31;1122;14;2060.00;30
4862;8;5548786;4862;397;5985;6015;5.87;0.36;297.78;3.31;1123;14;2061.00;30
4863;8;5548798;4863;399;5985;6015;5.88;0.36;297.81;3.31;1122;14;2062.00;30
4866;8;5548809;4866;399;5985;6015;5.85;0.36;297.90;3.31;1119;14;2063.00;30
4868;8;5548822;4868;396;5996;6028;5.86;0.36;297.95;3.30;1128;14;2064.00;32
4868;8;5548834;4868;394;5996;6028;5.85;0.36;297.95;3.30;1128;14;2065.00;32
4871;8;5548846;4871;395;5996;6028;5.81;0.36;298.10;3.30;1125;14;2066.00;32
4875;8;5548858;4875;396;5997;6029;5.79;0.35;298.27;3.30;1122;14;2067.00;32
4876;8;5548870;4876;403;5997;6030;5.78;0.35;298.27;3.30;1121;14;2068.00;33
4879;8;5548881;4879;405;5997;6030;5.77;0.35;298.35;3.30;1118;14;2069.00;33
4881;8;5548894;4881;404;6001;6036;5.75;0.35;298.36;3.30;1120;14;2070.00;35
4882;8;5548907;4882;400;6001;6036;5.71;0.35;298.39;3.30;1119;14;2071.00;35
4884;8;5548919;4884;399;6003;6036;5.71;0.35;298.43;3.30;1119;14;2072.00;33
4886;8;5548930;4886;402;6003;6036;5.62;0.34;298.52;3.30;1117;14;2073.00;33
4887;8;5548941;4887;393;6008;6042;5.59;0.34;298.53;3.30;1121;14;2074.00;34
4891;8;5548957;4891;401;6009;6042;5.47;0.33;298.51;3.31;1118;14;2075.00;33
4893;8;5548971;4893;397;6009;6042;5.39;0.33;298.56;3.31;1116;14;2076.00;33
4896;8;5548988;4896;384;6009;6042;5.35;0.33;298.66;3.31;1113;14;2077.00;33
4899;8;5549000;4899;385;6012;6046;5.36;0.33;298.69;3.31;1113;14;2078.00;34
4903;8;5549013;4903;383;6013;6047;5.38;0.33;298.74;3.31;1110;14;2079.00;34
4905;8;5549025;4905;387;6014;6047;5.38;0.33;298.80;3.32;1109;14;2080.00;33
4909;8;5549036;4909;381;6015;6048;5.35;0.32;298.84;3.32;1106;14;2081.00;33
4910;8;5549051;4910;389;6015;6048;5.35;0.32;298.85;3.32;1105;14;2082.00;33
4914;8;5549063;4914;387;6015;6048;5.27;0.32;298.90;3.32;1101;14;2083.00;33
4916;8;5549075;4916;390;6015;6048;5.21;0.32;298.95;3.32;1099;14;2084.00;33
4919;8;5549086;4919;394;6017;6048;5.19;0.31;298.90;3.36;1098;14;2085.00;31
4920;8;5549099;4920;392;6017;6048;5.20;0.31;298.92;3.36;1097;14;2086.00;31
4923;8;5549110;4923;389;6017;6048;5.18;0.31;299.03;3.36;1094;14;2087.00;31
4926;8;5549122;4926;404;6050;6118;5.34;0.32;299.06;3.34;1124;14;2088.00;68
4928;8;5549139;4928;407;6053;6119;5.31;0.32;299.03;3.34;1125;14;2089.00;66
4930;8;5549150;4930;408;6061;6119;5.34;0.32;299.15;3.34;1131;14;2090.00;58
4931;8;5549162;4931;414;6065;6119;5.32;0.32;299.14;3.34;1134;14;2091.00;54
4934;8;5549174;4934;411;6068;6119;5.29;0.32;299.29;3.34;1134;14;2092.00;51
4936;8;5549185;4936;410;6071;6119;5.28;0.32;299.31;3.34;1135;14;2093.00;48
4938;8;5549198;4938;412;6074;6119;5.29;0.32;299.23;3.34;1136;14;2094.00;45
4939;8;5549211;4939;417;6078;6119;5.27;0.32;299.19;3.34;1139;14;2095.00;41
4942;8;5549222;4942;424;6081;6120;5.24;0.32;299.08;3.35;1139;14;2096.00;39
4944;8;5549234;4944;423;6085;6121;5.18;0.31;299.00;3.35;1141;14;2097.00;36
4944;8;5549246;4944;413;6085;6121;5.16;0.31;299.00;3.35;1141;14;2098.00;36
4944;8;5549256;4944;413;6088;6125;5.18;0.32;299.00;3.35;1144;14;2099.00;37
4946;8;5549270;4946;421;6092;6140;5.13;0.31;298.93;3.34;1146;14;2100.00;48
4947;8;5549289;4947;419;6092;6140;5.14;0.31;298.93;3.34;1145;14;2101.00;48
4948;8;5549301;4948;418;6092;6140;5.18;0.32;298.89;3.34;1144;14;2102.00;48
4950;8;5549313;4950;416;6096;6146;5.22;0.32;298.83;3.34;1146;14;2103.00;50
4953;8;5549325;4953;419;6097;6146;5.18;0.32;298.69;3.36;1144;14;2104.00;49
4953;8;5549337;4953;423;6099;6146;5.19;0.32;298.69;3.39;1146;14;2105.00;47
4955;8;5549348;4955;428;6102;6149;5.18;0.32;298.63;3.38;1147;14;2106.00;47
4956;8;5549360;4956;437;6102;6149;5.16;0.32;298.70;3.38;1146;14;2107.00;47
4957;8;5549372;4957;441;6103;6149;5.16;0.32;298.67;3.38;1146;14;2108.00;46
4958;8;5549383;4958;443;6103;6150;5.13;0.32;298.67;3.38;1145;14;2109.00;47
4959;8;5549395;4959;439;6106;6151;5.14;0.32;298.66;3.42;1147;14;2110.00;45
4959;8;5549407;4959;449;6108;6151;5.13;0.32;298.66;3.43;1149;14;2111.00;43
4962;8;5549418;4962;455;6118;6164;5.12;0.31;298.72;3.42;1156;14;2112.00;46
4963;8;5549431;4963;458;6120;6164;5.09;0.31;298.67;3.46;1157;14;2113.00;44
4964;8;5549448;4964;455;6120;6164;5.04;0.31;298.75;3.46;1156;14;2114.00;44
4964;8;5549459;4964;461;6124;6166;5.05;0.31;298.75;3.50;1160;14;2115.00;42
4968;8;5549469;4968;464;6125;6166;4.98;0.31;298.74;3.50;1157;14;2116.00;41
4970;8;5549481;4970;474;6130;6170;4.95;0.30;298.71;3.53;1160;14;2117.00;40
4971;8;5549492;4971;471;6131;6170;4.90;0.30;298.72;3.54;1160;14;2118.00;39
4972;8;5549503;4972;481;6134;6174;4.89;0.30;298.72;3.54;1162;14;2119.00;40
4976;8;5549515;4976;487;6134;6174;4.79;0.29;298.68;3.54;1158;14;2120.00;40
4976;8;5549526;4976;498;6137;6174;4.75;0.29;298.68;3.58;1161;14;2121.00;37
4979;8;5549536;4979;501;6137;6174;4.69;0.29;298.66;3.58;1158;14;2122.00;37
4979;8;5549547;4979;506;6140;6174;4.63;0.28;298.66;3.61;1161;14;2123.00;34
4981;8;5549557;4981;511;6149;6186;4.60;0.28;298.65;3.61;1168;14;2124.00;37
4982;8;5549569;4982;502;6150;6186;4.58;0.28;298.73;3.61;1168;14;2125.00;36
4986;8;5549579;4986;499;6152;6186;4.52;0.28;298.62;3.61;1166;14;2126.00;34
4989;8;5549590;4989;495;6158;6186;4.47;0.27;298.55;3.69;1169;14;2127.00;28
4992;8;5549601;4992;494;6159;6186;4.43;0.27;298.58;3.69;1167;14;2128.00;27
4994;8;5549612;4994;495;6159;6186;4.38;0.27;298.62;3.69;1165;14;2129.00;27
4994;8;5549626;4994;483;6161;6187;4.39;0.27;298.62;3.72;1167;14;2130.00;26
4996;8;5549639;4996;479;6161;6187;4.40;0.27;298.58;3.72;1165;14;2131.00;26
4999;8;5549655;4999;473;6168;6193;4.45;0.27;298.52;3.74;1169;14;2132.00;25
4999;8;5549666;4999;466;6169;6194;4.46;0.27;298.52;3.74;1170;14;2133.00;25
4999;8;5549677;4999;474;6169;6194;4.52;0.28;298.52;3.74;1170;14;2134.00;25
5001;8;5549688;5001;471;6171;6194;4.51;0.27;298.42;3.77;1170;14;2135.00;23
5003;8;5549700;5003;474;6174;6198;4.49;0.27;298.36;3.77;1171;14;2136.00;24
5004;8;5549711;5004;469;6174;6198;4.48;0.27;298.32;3.77;1170;14;2137.00;24
5005;8;5549722;5005;468;6174;6198;4.45;0.27;298.32;3.77;1169;14;2138.00;24
5006;8;5549733;5006;470;6175;6199;4.45;0.27;298.45;3.77;1169;14;2139.00;24
5008;8;5549744;5008;464;6178;6203;4.45;0.27;298.42;3.77;1170;14;2140.00;25
5009;8;5549755;5009;472;6180;6203;4.47;0.27;298.44;3.79;1171;14;2141.00;23
5011;8;5549767;5011;464;6182;6206;4.49;0.27;298.50;3.79;1171;14;2142.00;24
5012;8;5549777;5012;465;6183;6206;4.51;0.27;298.50;3.79;1171;14;2143.00;23
5016;8;5549787;5016;466;6183;6206;4.46;0.27;298.51;3.79;1167;14;2144.00;23
5018;8;5549797;5018;452;6183;6206;4.47;0.27;298.51;3.79;1165;14;2145.00;23
5019;8;5549808;5019;441;6187;6210;4.52;0.27;298.53;3.79;1168;14;2146.00;23
5023;8;5549819;5023;444;6187;6210;4.51;0.27;298.61;3.79;1164;14;2147.00;23
5024;8;5549830;5024;437;6187;6210;4.57;0.28;298.62;3.79;1163;14;2148.00;23
5027;8;5549840;5027;434;6187;6210;4.59;0.28;298.84;3.79;1160;14;2149.00;23
5030;8;5549851;5030;429;6187;6211;4.62;0.28;298.84;3.79;1157;14;2150.00;24
5033;8;5549862;5033;428;6188;6212;4.65;0.28;299.03;3.79;1155;14;2151.00;24
5035;8;5549874;5035;422;6188;6212;4.71;0.29;299.12;3.79;1153;14;2152.00;24
5038;8;5549885;5038;416;6189;6213;4.77;0.29;299.22;3.79;1151;14;2153.00;24
5042;8;5549897;5042;410;6189;6213;4.81;0.29;299.35;3.79;1147;14;2154.00;24
5043;8;5549908;5043;406;6189;6213;4.91;0.30;299.47;3.79;1146;14;2155.00;24
5046;8;5549919;5046;395;6189;6213;4.94;0.30;299.46;3.79;1143;14;2156.00;24
5052;8;5549930;5052;385;6189;6213;4.98;0.30;299.58;3.79;1137;14;2157.00;24
5055;8;5549941;5055;385;6189;6213;5.02;0.31;299.67;3.79;1134;14;2158.00;24
5059;8;5549953;5059;386;6189;6213;5.07;0.31;299.65;3.79;1130;14;2159.00;24
5063;8;5549966;5063;395;6292;6443;5.59;0.35;299.57;3.73;1229;14;2160.00;151
5068;8;5549994;5068;392;6300;6444;5.66;0.35;299.76;3.72;1232;14;2161.00;144
5072;8;5550007;5072;394;6312;6444;5.74;0.36;299.95;3.72;1240;14;2162.00;132
5076;8;5550025;5076;390;6320;6444;5.75;0.36;299.97;3.72;1244;14;2163.00;124
5083;8;5550038;5083;386;6328;6444;5.70;0.36;300.17;3.72;1245;14;2164.00;116
5085;8;5550050;5085;385;6334;6444;5.71;0.36;300.20;3.74;1249;14;2165.00;110
5089;8;5550063;5089;382;6343;6444;5.69;0.36;300.25;3.75;1254;14;2166.00;101
5095;8;5550076;5095;396;6343;6444;5.67;0.35;300.48;3.75;1248;14;2167.00;101
5099;8;5550089;5099;394;6351;6445;5.66;0.35;300.69;3.75;1252;14;2168.00;94
5105;8;5550102;5105;402;6351;6446;5.67;0.35;300.94;3.75;1246;14;2169.00;95
5108;8;5550117;5108;401;6359;6446;5.67;0.35;301.09;3.76;1251;14;2170.00;87
5111;8;5550130;5111;411;6361;6447;5.63;0.35;301.32;3.76;1250;14;2171.00;86
5117;8;5550143;5117;406;6363;6447;5.61;0.35;301.50;3.76;1246;14;2172.00;84
5120;8;5550157;5120;413;6363;6447;5.60;0.35;301.54;3.76;1243;14;2173.00;84
5127;8;5550171;5127;412;6364;6447;5.56;0.34;301.87;3.77;1237;14;2174.00;83
5130;8;5550184;5130;417;6366;6451;5.54;0.34;302.09;3.77;1236;14;2175.00;85
5133;8;5550199;5133;420;6367;6451;5.57;0.34;302.19;3.77;1234;14;2176.00;84
5140;8;5550212;5140;420;6368;6451;5.52;0.34;302.56;3.77;1228;14;2177.00;83
5143;8;5550231;5143;428;6371;6454;5.50;0.34;302.51;3.78;1228;14;2178.00;83
5147;8;5550250;5147;437;6371;6454;5.47;0.33;302.59;3.78;1224;14;2179.00;83
5150;8;5550264;5150;443;6371;6454;5.51;0.34;302.70;3.78;1221;14;2180.00;83
5154;8;5550277;5154;438;6374;6458;5.55;0.34;302.83;3.77;1220;14;2181.00;84
5159;8;5550291;5159;443;6375;6459;5.54;0.34;303.05;3.78;1216;14;2182.00;84
5162;8;5550304;5162;448;6375;6459;5.60;0.34;303.20;3.78;1213;14;2183.00;84
5163;8;5550318;5163;455;6377;6463;5.67;0.35;303.33;3.78;1214;14;2184.00;86
5167;8;5550331;5167;456;6378;6463;5.64;0.34;303.46;3.78;1211;14;2185.00;85
5170;8;5550345;5170;450;6378;6463;5.60;0.34;303.63;3.78;1208;14;2186.00;85
5174;8;5550357;5174;454;6379;6464;5.54;0.34;303.79;3.78;1205;14;2187.00;85
5177;8;5550371;5177;464;6379;6464;5.48;0.33;303.85;3.78;1202;14;2188.00;85
5183;8;5550385;5183;471;6383;6470;5.40;0.33;304.02;3.78;1200;14;2189.00;87
5185;8;5550400;5185;469;6384;6470;5.41;0.33;304.05;3.79;1199;14;2190.00;86
5188;8;5550414;5188;480;6386;6471;5.38;0.33;304.20;3.79;1198;14;2191.00;85
5194;8;5550427;5194;473;6387;6471;5.31;0.32;304.44;3.80;1193;14;2192.00;84
5199;8;5550441;5199;469;6387;6471;5.26;0.32;304.45;3.80;1188;14;2193.00;84
5199;8;5550454;5199;474;6387;6471;5.29;0.32;304.45;3.80;1188;14;2194.00;84
5205;8;5550467;5205;477;6390;6471;5.24;0.32;304.63;3.81;1185;14;2195.00;81
5207;8;5550481;5207;475;6397;6483;5.20;0.32;304.68;3.81;1190;14;2196.00;86
5210;8;5550496;5210;468;6402;6483;5.21;0.32;304.68;3.84;1192;14;2197.00;81
5212;8;5550509;5212;469;6402;6483;5.19;0.32;304.83;3.84;1190;14;2198.00;81
5214;8;5550522;5214;474;6404;6483;5.21;0.32;304.93;3.86;1190;14;2199.00;79
5219;8;5550536;5219;477;6406;6483;5.19;0.32;305.13;3.87;1187;14;2200.00;77
5221;8;5550552;5221;466;6408;6483;5.24;0.32;305.20;3.88;1187;14;2201.00;75
5224;8;5550565;5224;463;6412;6487;5.25;0.32;305.29;3.88;1188;14;2202.00;75
5226;8;5550584;5226;456;6413;6487;5.28;0.32;305.28;3.88;1187;14;2203.00;74
5229;8;5550597;5229;458;6417;6491;5.37;0.33;305.53;3.89;1188;14;2204.00;74
5230;8;5550611;5230;455;6421;6493;5.43;0.33;305.56;3.89;1191;14;2205.00;72
5234;8;5550631;5234;457;6423;6493;5.51;0.34;305.58;3.90;1189;14;2206.00;70
5237;8;5550645;5237;447;6423;6493;5.58;0.34;305.76;3.90;1186;14;2207.00;70
5243;8;5550659;5243;453;6431;6506;5.61;0.34;305.95;3.90;1188;14;2208.00;75
5246;8;5550673;5246;458;6432;6506;5.64;0.34;306.01;3.90;1186;14;2209.00;74
5247;8;5550687;5247;466;6435;6508;5.62;0.34;306.08;3.90;1188;14;2210.00;73
5250;8;5550701;5250;471;6436;6509;5.60;0.34;306.33;3.91;1186;14;2211.00;73
5252;8;5550714;5252;475;6437;6510;5.62;0.34;306.35;3.91;1185;14;2212.00;73
5253;8;5550727;5253;470;6438;6510;5.66;0.35;306.38;3.91;1185;14;2213.00;72
5256;8;5550739;5256;467;6441;6513;5.68;0.35;306.45;3.92;1185;14;2214.00;72
5259;8;5550753;5259;460;6443;6513;5.70;0.35;306.55;3.92;1184;14;2215.00;70
5260;8;5550765;5260;459;6445;6513;5.71;0.35;306.54;3.93;1185;14;2216.00;68
5261;8;5550779;5261;457;6446;6513;5.72;0.35;306.61;3.93;1185;14;2217.00;67
5261;8;5550792;5261;458;6451;6519;5.72;0.35;306.61;3.93;1190;14;2218.00;68
5264;8;5550806;5264;453;6453;6519;5.67;0.35;306.70;3.94;1189;14;2219.00;66
5268;8;5550819;5268;449;6454;6519;5.62;0.34;306.75;3.94;1186;14;2220.00;65
5269;8;5550833;5269;453;6454;6519;5.54;0.34;306.70;3.94;1185;14;2221.00;65
5272;8;5550846;5272;456;6458;6523;5.47;0.33;306.69;3.95;1186;14;2222.00;65
5274;8;5550859;5274;460;6459;6524;5.47;0.33;306.77;3.95;1185;14;2223.00;65
5275;8;5550871;5275;464;6459;6524;5.49;0.33;306.85;3.95;1184;14;2224.00;65
5278;8;5550884;5278;465;6461;6525;5.48;0.33;306.94;3.95;1183;14;2225.00;64
5279;8;5550896;5279;464;6461;6525;5.48;0.33;306.90;3.95;1182;14;2226.00;64
5282;8;5550909;5282;470;6462;6525;5.46;0.33;306.91;3.96;1180;14;2227.00;63
5284;8;5550927;5284;466;6462;6525;5.43;0.33;306.98;3.96;1178;14;2228.00;63
5285;8;5550941;5285;472;6462;6525;5.37;0.33;306.96;3.96;1177;14;2229.00;63
5288;8;5550953;5288;482;6463;6525;5.28;0.32;307.17;3.97;1175;14;2230.00;62
5290;8;5550966;5290;485;6463;6525;5.22;0.32;307.20;3.97;1173;14;2231.00;62
5294;8;5550978;5294;498;6494;6595;5.25;0.32;307.29;3.97;1200;14;2232.00;101
5294;8;5551003;5294;500;6495;6596;5.22;0.32;307.29;3.97;1201;14;2233.00;101
5296;8;5551016;5296;499;6501;6596;5.21;0.32;307.36;3.96;1205;14;2234.00;95
5298;8;5551028;5298;499;6505;6596;5.18;0.32;307.40;3.96;1207;14;2235.00;91
5300;8;5551041;5300;500;6507;6596;5.14;0.31;307.46;3.96;1207;14;2236.00;89
5303;8;5551053;5303;503;6509;6596;5.09;0.31;307.47;3.96;1206;14;2237.00;87
5303;8;5551065;5303;502;6512;6596;5.07;0.31;307.47;3.96;1209;14;2238.00;84
5306;8;5551077;5306;500;6514;6596;5.02;0.31;307.49;3.97;1208;14;2239.00;82
5308;8;5551089;5308;497;6516;6597;4.95;0.30;307.46;3.97;1208;14;2240.00;81
5310;8;5551102;5310;499;6517;6598;4.93;0.30;307.48;3.97;1207;14;2241.00;81
5311;8;5551121;5311;492;6519;6598;4.94;0.30;307.44;3.97;1208;14;2242.00;79
5315;8;5551133;5315;489;6524;6602;4.92;0.30;307.44;3.97;1209;14;2243.00;78
5315;8;5551145;5315;485;6526;6602;4.90;0.30;307.44;3.98;1211;14;2244.00;76
5318;8;5551157;5318;485;6528;6602;4.80;0.29;307.45;3.98;1210;14;2245.00;74
5320;8;5551170;5320;488;6528;6602;4.76;0.29;307.37;3.98;1208;14;2246.00;74
5322;8;5551181;5322;482;6532;6608;4.77;0.29;307.36;3.98;1210;14;2247.00;76
5325;8;5551194;5325;486;6533;6608;4.73;0.29;307.35;3.99;1208;14;2248.00;75
5325;8;5551206;5325;486;6533;6608;4.76;0.29;307.35;3.99;1208;14;2249.00;75
5332;8;5551220;5332;478;6539;6614;4.76;0.29;307.28;4.05;1207;14;2250.00;75
5333;8;5551234;5333;479;6539;6614;4.78;0.29;307.30;4.05;1206;14;2251.00;75
5336;8;5551246;5336;480;6541;6614;4.86;0.30;307.35;4.05;1205;14;2252.00;73
5340;8;5551257;5340;480;6541;6615;4.83;0.29;307.28;4.05;1201;14;2253.00;74
5343;8;5551269;5343;476;6542;6616;4.83;0.29;307.29;4.05;1199;14;2254.00;74
5344;8;5551281;5344;484;6542;6616;4.85;0.30;307.42;4.05;1198;14;2255.00;74
5346;8;5551293;5346;481;6550;6629;4.84;0.29;307.40;4.04;1204;14;2256.00;79
5350;8;5551306;5350;483;6552;6629;4.79;0.29;307.42;4.06;1202;14;2257.00;77
5351;8;5551318;5351;494;6552;6629;4.77;0.29;307.39;4.06;1201;14;2258.00;77
5351;8;5551330;5351;495;6553;6630;4.78;0.29;307.39;4.05;1202;14;2259.00;77
5354;8;5551342;5354;511;6554;6630;4.72;0.29;307.35;4.07;1200;14;2260.00;76
5355;8;5551353;5355;508;6559;6634;4.71;0.29;307.31;4.08;1204;14;2261.00;75
5356;8;5551366;5356;513;6560;6634;4.70;0.29;307.31;4.09;1204;14;2262.00;74
5358;8;5551380;5358;521;6563;6638;4.71;0.29;307.29;4.09;1205;14;2263.00;75
5360;8;5551393;5360;522;6565;6638;4.69;0.28;307.24;4.11;1205;14;2264.00;73
5361;8;5551405;5361;525;6567;6638;4.71;0.29;307.28;4.13;1206;14;2265.00;71
5364;8;5551419;5364;528;6568;6638;4.70;0.28;307.22;4.13;1204;14;2266.00;70
5365;8;5551442;5365;535;6569;6638;4.69;0.28;307.17;4.14;1204;14;2267.00;69
5367;8;5551458;5367;532;6580;6650;4.70;0.29;307.12;4.14;1213;14;2268.00;70
5368;8;5551475;5368;538;6583;6650;4.70;0.29;307.07;4.14;1215;14;2269.00;67
5370;8;5551493;5370;537;6584;6650;4.68;0.28;307.05;4.15;1214;14;2270.00;66
5370;8;5551508;5370;540;6584;6650;4.67;0.28;307.05;4.15;1214;14;2271.00;66
5372;8;5551524;5372;534;6585;6650;4.62;0.28;307.00;4.16;1213;14;2272.00;65
5372;8;5551542;5372;533;6585;6650;4.64;0.28;307.00;4.16;1213;14;2273.00;65
5374;8;5551559;5374;518;6587;6651;4.69;0.29;306.97;4.19;1213;14;2274.00;64
5375;8;5551573;5375;516;6587;6651;4.68;0.28;306.97;4.19;1212;14;2275.00;64
5377;8;5551592;5377;511;6593;6657;4.75;0.29;306.99;4.19;1216;14;2276.00;64
5378;8;5551610;5378;510;6596;6658;4.74;0.29;307.11;4.22;1218;14;2277.00;62
5379;8;5551626;5379;510;6596;6658;4.72;0.29;307.09;4.22;1217;14;2278.00;62
5380;8;5551648;5380;507;6596;6658;4.75;0.29;307.04;4.22;1216;14;2279.00;62
5380;8;5551665;5380;507;6600;6663;4.78;0.29;307.04;4.22;1220;14;2280.00;63
5380;8;5551678;5380;502;6602;6663;4.79;0.29;307.04;4.28;1222;14;2281.00;61
5381;8;5551696;5381;502;6603;6663;4.80;0.29;307.06;4.31;1222;14;2282.00;60
5382;8;5551709;5382;499;6605;6664;4.82;0.29;307.04;4.34;1223;14;2283.00;59
5382;8;5551722;5382;490;6608;6668;4.85;0.30;307.04;4.33;1226;15;2284.00;60
5384;8;5551744;5384;490;6610;6668;4.86;0.30;306.97;4.39;1226;15;2285.00;58
5385;8;5551757;5385;492;6612;6671;4.85;0.30;306.94;4.39;1227;15;2286.00;59
5385;8;5551770;5385;486;6613;6671;4.86;0.30;306.94;4.39;1228;15;2287.00;58
5385;8;5551782;5385;490;6613;6671;4.86;0.30;306.94;4.39;1228;15;2288.00;58
5386;8;5551794;5386;498;6615;6671;4.85;0.30;306.92;4.44;1229;15;2289.00;56
5387;8;5551805;5387;493;6619;6675;4.90;0.30;306.90;4.44;1232;15;2290.00;56
5391;8;5551817;5391;492;6619;6675;4.93;0.30;306.78;4.44;1228;15;2291.00;56
5391;8;5551829;5391;491;6619;6675;4.93;0.30;306.78;4.44;1228;15;2292.00;56
5396;8;5551841;5396;489;6619;6675;4.91;0.30;306.61;4.44;1223;15;2293.00;56
5397;8;5551853;5397;477;6619;6676;4.89;0.30;306.60;4.44;1222;15;2294.00;57
5399;8;5551865;5399;470;6629;6678;4.85;0.30;306.56;4.64;1230;15;2295.00;49
5401;8;5551877;5401;467;6629;6678;4.87;0.30;306.55;4.64;1228;15;2296.00;49
5401;8;5551889;5401;467;6631;6679;4.85;0.30;306.55;4.67;1230;15;2297.00;48
5403;8;5551901;5403;459;6631;6679;4.85;0.30;306.52;4.67;1228;15;2298.00;48
5406;8;5551914;5406;462;6631;6679;4.86;0.30;306.69;4.67;1225;15;2299.00;48
5408;8;5551927;5408;454;6632;6679;4.86;0.30;306.75;4.69;1224;15;2300.00;47
5410;8;5551942;5410;458;6632;6679;4.86;0.30;306.95;4.69;1222;15;2301.00;47
5415;8;5551953;5415;457;6633;6679;4.82;0.29;307.11;4.71;1218;15;2302.00;46
5420;8;5551966;5420;463;6634;6679;4.79;0.29;307.14;4.73;1214;15;2303.00;45
5422;8;5551977;5422;472;6701;6806;5.06;0.31;307.23;4.68;1279;15;2304.00;105
5424;8;5552001;5424;463;6706;6807;5.07;0.31;307.26;4.70;1282;15;2305.00;101
5426;8;5552017;5426;464;6714;6807;5.09;0.31;307.25;4.70;1288;15;2306.00;93
5429;8;5552029;5429;459;6716;6807;5.03;0.31;307.40;4.70;1287;15;2307.00;91
5432;8;5552042;5432;466;6721;6807;4.98;0.31;307.50;4.70;1289;15;2308.00;86
5435;8;5552053;5435;468;6722;6807;4.88;0.30;307.53;4.70;1287;15;2309.00;85
5438;8;5552068;5438;458;6725;6807;4.87;0.30;307.60;4.70;1287;15;2310.00;82
5441;8;5552080;5441;447;6726;6807;4.89;0.30;307.74;4.70;1285;15;2311.00;81
5444;8;5552093;5444;445;6727;6808;4.90;0.30;307.72;4.70;1283;15;2312.00;81
5447;8;5552105;5447;444;6728;6809;4.90;0.30;307.69;4.70;1281;15;2313.00;81
5451;8;5552118;5451;440;6728;6809;4.93;0.30;307.67;4.70;1277;15;2314.00;81
5455;8;5552131;5455;438;6729;6810;4.93;0.30;307.66;4.70;1274;15;2315.00;81
5459;8;5552145;5459;440;6732;6810;5.00;0.31;307.64;4.70;1273;15;2316.00;78
5461;8;5552158;5461;436;6733;6810;5.11;0.31;307.59;4.71;1272;15;2317.00;77
5465;8;5552170;5465;431;6734;6810;5.18;0.32;307.72;4.71;1269;15;2318.00;76
5468;8;5552184;5468;420;6736;6814;5.28;0.32;307.91;4.71;1268;15;2319.00;78
5471;8;5552198;5471;410;6737;6814;5.32;0.33;308.05;4.71;1266;15;2320.00;77
5474;8;5552212;5474;413;6738;6814;5.32;0.33;308.09;4.71;1264;15;2321.00;76
5480;8;5552225;5480;408;6738;6817;5.33;0.33;308.31;4.71;1258;15;2322.00;79
5484;8;5552240;5484;406;6740;6817;5.35;0.33;308.48;4.71;1256;15;2323.00;77
5490;8;5552252;5490;402;6740;6817;5.35;0.33;308.70;4.71;1250;15;2324.00;77
5494;8;5552267;5494;398;6744;6821;5.41;0.33;308.69;4.71;1250;15;2325.00;77
5499;8;5552281;5499;400;6744;6822;5.49;0.34;308.80;4.71;1245;15;2326.00;78
5502;8;5552295;5502;397;6745;6822;5.53;0.34;308.91;4.72;1243;15;2327.00;77
5506;8;5552308;5506;392;6747;6826;5.55;0.34;308.94;4.72;1241;15;2328.00;79
5510;8;5552328;5510;388;6747;6826;5.53;0.34;309.05;4.72;1237;15;2329.00;79
5513;8;5552348;5513;378;6747;6826;5.58;0.34;309.11;4.72;1234;15;2330.00;79
5518;8;5552361;5518;380;6747;6827;5.56;0.34;309.23;4.72;1229;15;2331.00;80
5521;8;5552380;5521;389;6747;6827;5.58;0.34;309.33;4.72;1226;15;2332.00;80
5527;8;5552394;5527;379;6750;6833;5.57;0.34;309.34;4.72;1223;15;2333.00;83
5530;8;5552408;5530;390;6750;6833;5.58;0.34;309.44;4.72;1220;15;2334.00;83
5533;8;5552423;5533;388;6750;6834;5.65;0.34;309.47;4.72;1217;15;2335.00;84
5536;8;5552437;5536;389;6750;6834;5.66;0.34;309.49;4.72;1214;15;2336.00;84
5538;8;5552451;5538;384;6750;6834;5.66;0.34;309.52;4.72;1212;15;2337.00;84
5542;8;5552470;5542;395;6751;6834;5.66;0.35;309.77;4.72;1209;15;2338.00;83
5546;8;5552484;5546;390;6752;6834;5.69;0.35;309.87;4.72;1206;15;2339.00;82
5553;8;5552500;5553;392;6774;6870;5.77;0.35;310.09;4.71;1221;15;2340.00;96
5556;8;5552516;5556;395;6779;6870;5.78;0.35;310.11;4.75;1223;15;2341.00;91
5560;8;5552530;5560;390;6781;6870;5.80;0.36;310.24;4.75;1221;15;2342.00;89
5566;9;5552544;5566;387;6781;6870;5.81;0.36;310.43;4.75;1215;16;2343.00;89
5568;9;5552564;5568;390;6783;6870;5.83;0.36;310.53;4.76;1215;16;2344.00;87
5571;9;5552578;5571;388;6785;6870;5.89;0.36;310.57;4.77;1214;16;2345.00;85
5576;9;5552599;5576;390;6790;6874;5.91;0.36;310.77;4.77;1214;16;2346.00;84
5583;9;5552615;5583;395;6791;6874;5.86;0.36;310.78;4.77;1208;16;2347.00;83
5586;9;5552631;5586;386;6795;6878;5.84;0.36;310.91;4.78;1209;16;2348.00;83
5588;9;5552648;5588;395;6796;6879;5.83;0.36;310.90;4.79;1208;16;2349.00;83
5591;9;5552663;5591;398;6798;6879;5.81;0.35;310.95;4.80;1207;16;2350.00;81
5592;9;5552676;5592;405;6800;6879;5.80;0.36;310.98;4.80;1208;16;2351.00;79
5597;9;5552690;5597;415;6810;6892;5.76;0.35;311.04;4.81;1213;16;2352.00;82
5597;9;5552705;5597;418;6811;6892;5.75;0.35;311.04;4.81;1214;16;2353.00;81
5601;9;5552721;5601;422;6811;6892;5.68;0.35;311.12;4.81;1210;16;2354.00;81
5604;9;5552734;5604;427;6814;6893;5.60;0.34;311.19;4.84;1210;16;2355.00;79
5608;9;5552748;5608;438;6815;6894;5.50;0.34;311.31;4.84;1207;16;2356.00;79
5612;9;5552762;5612;431;6816;6894;5.40;0.33;311.38;4.84;1204;16;2357.00;78
5616;9;5552775;5616;430;6818;6897;5.32;0.32;311.50;4.85;1202;16;2358.00;79
5618;9;5552789;5618;430;6820;6897;5.24;0.32;311.61;4.88;1202;16;2359.00;77
5618;9;5552802;5618;439;6822;6897;5.23;0.32;311.61;4.88;1204;16;2360.00;75
5620;9;5552815;5620;448;6822;6897;5.23;0.32;311.68;4.88;1202;16;2361.00;75
5621;9;5552828;5621;444;6827;6903;5.26;0.32;311.81;4.88;1206;16;2362.00;76
5626;9;5552842;5626;451;6827;6903;5.21;0.32;311.75;4.88;1201;16;2363.00;76
5627;9;5552854;5627;456;6831;6903;5.22;0.32;311.73;4.92;1204;16;2364.00;72
5629;9;5552868;5629;462;6832;6903;5.26;0.32;311.70;4.92;1203;16;2365.00;71
5633;9;5552881;5633;452;6838;6907;5.29;0.32;311.83;4.93;1205;16;2366.00;69
5637;9;5552895;5637;451;6840;6908;5.35;0.33;311.86;4.93;1203;16;2367.00;68
5639;9;5552909;5639;451;6841;6908;5.35;0.33;311.92;4.93;1202;16;2368.00;67
5640;9;5552923;5640;456;6841;6909;5.36;0.33;311.93;4.93;1201;16;2369.00;68
5642;9;5552938;5642;461;6843;6909;5.35;0.33;311.91;4.93;1201;16;2370.00;66
5646;9;5552951;5646;468;6843;6909;5.33;0.33;312.00;4.93;1197;16;2371.00;66
5648;9;5552965;5648;475;6843;6909;5.32;0.33;312.01;4.93;1195;16;2372.00;66
5649;9;5552977;5649;473;6843;6909;5.36;0.33;312.08;4.93;1194;16;2373.00;66
5653;9;5552990;5653;479;6843;6909;5.34;0.33;312.19;4.93;1190;16;2374.00;66
5657;9;5553004;5657;476;6843;6909;5.36;0.33;312.32;4.93;1186;16;2375.00;66
5662;9;5553017;5662;496;6880;6979;5.36;0.33;312.39;4.90;1218;16;2376.00;99
5664;9;5553037;5664;480;6884;6980;5.40;0.33;312.52;4.90;1220;16;2377.00;96
5668;9;5553051;5668;477;6889;6980;5.44;0.33;312.71;4.90;1221;16;2378.00;91
5671;9;5553064;5671;471;6893;6980;5.43;0.33;312.84;4.90;1222;16;2379.00;87
5675;9;5553077;5675;467;6895;6980;5.46;0.33;313.11;4.90;1220;16;2380.00;85
5678;9;5553091;5678;465;6897;6980;5.48;0.33;313.27;4.90;1219;16;2381.00;83
5679;9;5553105;5679;463;6898;6980;5.54;0.34;313.29;4.90;1219;16;2382.00;82
5684;9;5553119;5684;477;6900;6980;5.52;0.34;313.41;4.90;1216;16;2383.00;80
5686;9;5553133;5686;472;6902;6981;5.55;0.34;313.48;4.90;1216;16;2384.00;79
5689;9;5553147;5689;470;6906;6983;5.54;0.34;313.83;4.90;1217;17;2385.00;77
5691;9;5553171;5691;463;6907;6983;5.52;0.34;313.97;4.90;1216;17;2386.00;76
5692;9;5553185;5692;473;6911;6987;5.51;0.34;314.00;4.90;1219;17;2387.00;76
5696;9;5553199;5696;473;6914;6987;5.48;0.34;314.17;4.90;1218;17;2388.00;73
5703;9;5553213;5703;483;6914;6987;5.41;0.33;314.46;4.90;1211;17;2389.00;73
5705;9;5553226;5705;491;6914;6987;5.35;0.33;314.53;4.90;1209;17;2390.00;73
5707;9;5553241;5707;492;6920;6993;5.29;0.32;314.54;4.90;1213;17;2391.00;73
5712;9;5553255;5712;504;6920;6993;5.21;0.32;314.60;4.90;1208;17;2392.00;73
5715;9;5553270;5715;508;6920;6993;5.19;0.32;314.70;4.90;1205;17;2393.00;73
5719;9;5553284;5719;508;6922;6996;5.14;0.31;314.80;4.90;1203;17;2394.00;74
5721;9;5553297;5721;516;6922;6996;5.08;0.31;314.82;4.90;1201;17;2395.00;74
5726;9;5553310;5726;527;6923;6996;4.98;0.30;314.77;4.90;1197;17;2396.00;73
5727;9;5553323;5727;533;6923;6997;4.92;0.30;314.79;4.90;1196;17;2397.00;74
5728;9;5553336;5728;532;6925;6998;4.88;0.30;314.75;4.93;1197;17;2398.00;73
5729;9;5553348;5729;541;6925;6998;4.80;0.29;314.80;4.93;1196;17;2399.00;73
5730;9;5553363;5730;548;6950;7057;4.74;0.29;314.76;4.91;1220;17;2400.00;107
5732;9;5553385;5732;533;6950;7057;4.75;0.29;314.69;4.91;1218;17;2401.00;107
5736;9;5553397;5736;528;6952;7057;4.73;0.29;314.61;4.91;1216;17;2402.00;105
5739;9;5553409;5739;523;6953;7058;4.72;0.29;314.67;4.91;1214;17;2403.00;105
5741;9;5553421;5741;514;6957;7058;4.70;0.29;314.77;4.94;1216;17;2404.00;101
5746;9;5553434;5746;505;6960;7062;4.72;0.29;314.69;4.94;1214;17;2405.00;102
5749;9;5553446;5749;503;6961;7062;4.71;0.29;314.60;4.94;1212;17;2406.00;101
5752;9;5553457;5752;497;6965;7066;4.73;0.29;314.76;4.97;1213;17;2407.00;101
5753;9;5553469;5753;492;6966;7066;4.77;0.29;314.77;4.97;1213;17;2408.00;100
5756;9;5553481;5756;491;6967;7066;4.81;0.29;314.70;4.98;1211;17;2409.00;99
5760;9;5553493;5760;493;6968;7066;4.77;0.29;314.79;4.98;1208;17;2410.00;98
5761;9;5553505;5761;494;6970;7066;4.79;0.29;314.82;5.00;1209;17;2411.00;96
5761;9;5553517;5761;492;6979;7078;4.85;0.30;314.82;4.99;1218;17;2412.00;99
5762;9;5553535;5762;499;6980;7078;4.87;0.30;314.84;4.99;1218;17;2413.00;98
5766;9;5553552;5766;498;6982;7078;4.83;0.29;314.94;5.04;1216;17;2414.00;96
5767;9;5553565;5767;499;6982;7078;4.85;0.30;314.93;5.04;1215;17;2415.00;96
5770;9;5553577;5770;502;6985;7078;4.85;0.30;314.90;5.08;1215;17;2416.00;93
5773;9;5553589;5773;503;6986;7078;4.87;0.30;314.92;5.09;1213;17;2417.00;92
5775;9;5553606;5775;503;6987;7079;4.87;0.30;314.97;5.09;1212;17;2418.00;92
5777;9;5553622;5777;493;6987;7079;4.88;0.30;314.97;5.09;1210;17;2419.00;92
5777;9;5553636;5777;478;6991;7085;4.95;0.30;314.97;5.09;1214;17;2420.00;94
5779;9;5553651;5779;475;6993;7086;4.97;0.30;314.91;5.09;1214;17;2421.00;93
5780;9;5553664;5780;467;6994;7086;4.99;0.30;314.89;5.09;1214;17;2422.00;92
5782;9;5553677;5782;473;6995;7086;5.01;0.30;314.86;5.09;1213;17;2423.00;91
5783;9;5553690;5783;476;6998;7090;5.08;0.31;314.90;5.09;1215;17;2424.00;92
5784;9;5553707;5784;469;7001;7090;5.07;0.31;314.91;5.10;1217;17;2425.00;89
5786;9;5553733;5786;472;7002;7090;5.09;0.31;314.80;5.10;1216;17;2426.00;88
5788;9;5553747;5788;466;7004;7091;5.15;0.31;314.75;5.14;1216;17;2427.00;87
5790;9;5553761;5790;462;7008;7095;5.21;0.32;314.79;5.14;1218;17;2428.00;87
5791;9;5553777;5791;464;7008;7095;5.25;0.32;314.75;5.14;1217;17;2429.00;87
5793;9;5553795;5793;459;7013;7101;5.27;0.32;314.68;5.13;1220;17;2430.00;88
5794;9;5553813;5794;465;7014;7101;5.33;0.32;314.66;5.14;1220;17;2431.00;87
5796;9;5553829;5796;456;7015;7101;5.40;0.33;314.65;5.14;1219;17;2432.00;86
5798;9;5553843;5798;456;7015;7101;5.41;0.33;314.60;5.14;1217;17;2433.00;86
5799;9;5553865;5799;455;7020;7105;5.49;0.33;314.59;5.14;1221;17;2434.00;85
5801;9;5553880;5801;454;7020;7105;5.53;0.34;314.59;5.14;1219;17;2435.00;85
5804;9;5553894;5804;450;7021;7105;5.51;0.34;314.60;5.18;1217;17;2436.00;84
5808;9;5553910;5808;453;7022;7105;5.47;0.33;314.66;5.18;1214;17;2437.00;83
5808;9;5553927;5808;451;7022;7106;5.50;0.33;314.66;5.18;1214;17;2438.00;84
5810;9;5553942;5810;448;7024;7107;5.48;0.33;314.76;5.22;1214;17;2439.00;83
5814;9;5553956;5814;448;7025;7107;5.42;0.33;314.79;5.23;1211;17;2440.00;82
5816;9;5553968;5816;444;7026;7108;5.42;0.33;314.85;5.23;1210;17;2441.00;82
5818;9;5553982;5818;447;7028;7108;5.42;0.33;314.89;5.27;1210;17;2442.00;80
5820;9;5553995;5820;454;7028;7108;5.39;0.33;314.84;5.27;1208;17;2443.00;80
5822;9;5554010;5822;449;7029;7108;5.35;0.32;314.87;5.31;1207;17;2444.00;79
5824;9;5554023;5824;450;7031;7108;5.31;0.32;314.93;5.32;1207;17;2445.00;77
5824;9;5554037;5824;452;7031;7108;5.34;0.32;314.93;5.32;1207;17;2446.00;77
5824;9;5554050;5824;454;7033;7108;5.32;0.32;314.93;5.40;1209;17;2447.00;75
5827;9;5554063;5827;477;7101;7235;5.45;0.34;314.93;5.35;1274;17;2448.00;134
5829;9;5554086;5829;474;7102;7236;5.46;0.34;315.06;5.35;1273;17;2449.00;134
5829;9;5554101;5829;467;7112;7236;5.52;0.34;315.06;5.42;1283;17;2450.00;124
5831;9;5554114;5831;467;7116;7236;5.54;0.34;315.18;5.42;1285;17;2451.00;120
5835;9;5554128;5835;463;7122;7236;5.59;0.34;315.26;5.42;1287;17;2452.00;114
5836;9;5554142;5836;457;7127;7236;5.57;0.34;315.30;5.46;1291;17;2453.00;109
5839;9;5554161;5839;459;7129;7236;5.54;0.34;315.38;5.50;1290;17;2454.00;107
5839;9;5554176;5839;459;7132;7236;5.54;0.34;315.38;5.57;1293;17;2455.00;104
5842;9;5554190;5842;457;7134;7237;5.57;0.34;315.45;5.57;1292;17;2456.00;103
5842;9;5554211;5842;457;7135;7238;5.56;0.34;315.45;5.58;1293;17;2457.00;103
5843;9;5554225;5843;454;7138;7238;5.56;0.34;315.55;5.61;1295;17;2458.00;100
5846;9;5554240;5846;462;7139;7239;5.51;0.34;315.60;5.61;1293;17;2459.00;100
5847;9;5554257;5847;454;7145;7239;5.48;0.34;315.55;5.69;1298;17;2460.00;94
5849;9;5554271;5849;453;7147;7239;5.44;0.33;315.63;5.73;1298;17;2461.00;92
5849;9;5554285;5849;463;7148;7239;5.43;0.33;315.63;5.73;1299;17;2462.00;91
5852;9;5554299;5852;464;7151;7243;5.42;0.33;315.68;5.73;1299;17;2463.00;92
5856;9;5554314;5856;461;7152;7243;5.35;0.33;315.69;5.73;1296;17;2464.00;91
5858;9;5554327;5858;469;7153;7243;5.31;0.33;315.81;5.73;1295;17;2465.00;90
5860;9;5554341;5860;470;7156;7246;5.27;0.32;315.85;5.75;1296;17;2466.00;90
5862;9;5554356;5862;468;7159;7246;5.25;0.32;315.98;5.75;1297;17;2467.00;87
5864;9;5554369;5864;474;7161;7246;5.20;0.32;315.99;5.75;1297;17;2468.00;85
5867;10;5554382;5867;475;7165;7250;5.14;0.31;316.14;5.75;1298;18;2469.00;85
5868;10;5554413;5868;479;7166;7251;5.13;0.31;316.25;5.76;1298;18;2470.00;85
5870;10;5554428;5870;483;7167;7251;5.10;0.31;316.42;5.76;1297;18;2471.00;84
5874;10;5554447;5874;486;7168;7255;5.09;0.31;316.61;5.76;1294;18;2472.00;87
5876;10;5554461;5876;486;7169;7255;5.08;0.31;316.56;5.76;1293;18;2473.00;86
5883;10;5554475;5883;494;7169;7255;5.01;0.31;316.66;5.76;1286;18;2474.00;86
5886;10;5554489;5886;484;7171;7257;4.95;0.30;316.71;5.75;1285;18;2475.00;86
5888;10;5554503;5888;479;7171;7257;4.97;0.30;316.74;5.75;1283;18;2476.00;86
5892;10;5554517;5892;481;7175;7263;5.01;0.31;316.93;5.75;1283;18;2477.00;88
5895;10;5554537;5895;468;7175;7263;5.01;0.31;316.92;5.75;1280;18;2478.00;88
5897;10;5554551;5897;469;7175;7264;5.00;0.31;316.91;5.75;1278;18;2479.00;89
5901;10;5554565;5901;463;7176;7264;5.02;0.31;317.03;5.76;1275;18;2480.00;88
5905;10;5554578;5905;462;7176;7264;5.02;0.31;317.00;5.76;1271;18;2481.00;88
5909;10;5554592;5909;452;7176;7264;5.02;0.31;316.91;5.76;1267;18;2482.00;88
5912;10;5554606;5912;443;7177;7264;5.01;0.31;317.06;5.76;1265;18;2483.00;87
5915;10;5554619;5915;439;7184;7276;5.03;0.31;317.05;5.75;1269;18;2484.00;92
5920;10;5554634;5920;432;7186;7276;5.07;0.31;317.07;5.76;1266;18;2485.00;90
5923;10;5554648;5923;419;7186;7276;5.08;0.31;317.19;5.76;1263;18;2486.00;90
5927;10;5554663;5927;414;7186;7276;5.12;0.31;317.26;5.76;1259;18;2487.00;90
5931;10;5554678;5931;404;7187;7276;5.15;0.32;317.34;5.77;1256;18;2488.00;89
5935;10;5554691;5935;402;7187;7276;5.17;0.32;317.31;5.77;1252;18;2489.00;89
5936;10;5554708;5936;402;7193;7280;5.25;0.32;317.31;5.78;1257;18;2490.00;87
5944;10;5554722;5944;406;7193;7280;5.28;0.32;317.30;5.78;1249;18;2491.00;87
5947;10;5554737;5947;406;7196;7284;5.32;0.33;317.34;5.78;1249;18;2492.00;88
5950;10;5554752;5950;405;7197;7285;5.39;0.33;317.32;5.78;1247;18;2493.00;88
5954;10;5554765;5954;403;7199;7285;5.37;0.33;317.44;5.79;1245;18;2494.00;86
5959;10;5554779;5959;405;7200;7285;5.36;0.33;317.56;5.79;1241;18;2495.00;85
5962;10;5554793;5962;397;7210;7298;5.44;0.33;317.68;5.79;1248;18;2496.00;88
5968;10;5554808;5968;397;7210;7298;5.45;0.33;317.70;5.79;1242;18;2497.00;88
5969;10;5554822;5969;390;7211;7298;5.47;0.33;317.77;5.79;1242;18;2498.00;87
5972;10;5554836;5972;398;7211;7299;5.50;0.34;317.75;5.79;1239;18;2499.00;88
5977;10;5554851;5977;403;7213;7300;5.49;0.33;317.76;5.79;1236;18;2500.00;87
5982;10;5554868;5982;409;7213;7300;5.46;0.33;317.92;5.79;1231;18;2501.00;87
5987;10;5554882;5987;412;7214;7303;5.48;0.33;317.95;5.79;1227;18;2502.00;89
5991;10;5554896;5991;414;7215;7303;5.48;0.33;318.00;5.79;1224;18;2503.00;88
5996;10;5554911;5996;420;7216;7303;5.43;0.33;318.08;5.79;1220;18;2504.00;87
5999;10;5554924;5999;423;7217;7303;5.42;0.33;318.27;5.79;1218;18;2505.00;86
6004;10;5554940;6004;425;7222;7309;5.37;0.33;318.46;5.79;1218;18;2506.00;87
6006;10;5554953;6006;425;7223;7309;5.33;0.32;318.40;5.79;1217;18;2507.00;86
6010;10;5554968;6010;426;7223;7309;5.33;0.32;318.52;5.79;1213;18;2508.00;86
6015;10;5554982;6015;418;7223;7309;5.30;0.32;318.62;5.79;1208;18;2509.00;86
6018;10;5554995;6018;420;7226;7313;5.27;0.32;318.66;5.79;1208;18;2510.00;87
6020;10;5555012;6020;416;7226;7314;5.32;0.32;318.72;5.79;1206;18;2511.00;88
6025;10;5555030;6025;428;7227;7314;5.30;0.32;318.93;5.79;1202;18;2512.00;87
6028;10;5555045;6028;432;7228;7315;5.32;0.32;318.93;5.79;1200;18;2513.00;87
6035;10;5555060;6035;430;7229;7315;5.29;0.32;318.96;5.79;1194;18;2514.00;86
6037;10;5555074;6037;430;7229;7315;5.31;0.32;318.97;5.79;1192;18;2515.00;86
6039;10;5555088;6039;429;7229;7315;5.32;0.32;319.04;5.79;1190;18;2516.00;86
6043;10;5555101;6043;435;7230;7315;5.27;0.32;319.19;5.79;1187;18;2517.00;85
6043;10;5555115;6043;446;7231;7315;5.27;0.32;319.19;5.79;1188;18;2518.00;84
6049;10;5555132;6049;454;7231;7315;5.20;0.32;319.34;5.79;1182;18;2519.00;84
6051;10;5555147;6051;486;7301;7440;5.37;0.33;319.43;5.74;1250;18;2520.00;139
6053;10;5555172;6053;489;7303;7441;5.34;0.33;319.51;5.74;1250;18;2521.00;138
6058;10;5555188;6058;489;7309;7441;5.31;0.33;319.66;5.74;1251;18;2522.00;132
6062;10;5555209;6062;487;7314;7441;5.30;0.33;319.94;5.74;1252;18;2523.00;127
6066;10;5555229;6066;488;7318;7441;5.28;0.33;319.94;5.74;1252;18;2524.00;123
6068;10;5555245;6068;497;7319;7441;5.32;0.33;319.97;5.74;1251;18;2525.00;122
6074;10;5555260;6074;492;7324;7441;5.29;0.33;320.07;5.74;1250;18;2526.00;117
6076;10;5555276;6076;497;7326;7441;5.30;0.33;320.15;5.74;1250;18;2527.00;115
6080;10;5555291;6080;499;7331;7442;5.26;0.32;320.26;5.74;1251;18;2528.00;111
6083;10;5555306;6083;512;7332;7443;5.18;0.32;320.45;5.74;1249;18;2529.00;111
6087;10;5555322;6087;516;7335;7443;5.10;0.31;320.66;5.74;1248;18;2530.00;108
6089;10;5555337;6089;506;7340;7447;5.03;0.31;320.78;5.74;1251;18;2531.00;107
6091;10;5555356;6091;500;7340;7447;4.98;0.31;320.81;5.74;1249;18;2532.00;107
6095;10;5555375;6095;507;7340;7447;4.90;0.30;320.88;5.74;1245;18;2533.00;107
6099;10;5555390;6099;507;7341;7447;4.84;0.30;320.93;5.74;1242;18;2534.00;106
6102;10;5555405;6102;510;7346;7453;4.79;0.29;320.93;5.74;1244;18;2535.00;107
6106;10;5555421;6106;517;7346;7453;4.77;0.29;320.92;5.74;1240;18;2536.00;107
6108;10;5555436;6108;520;7348;7455;4.77;0.29;321.05;5.74;1240;18;2537.00;107
6110;10;5555451;6110;528;7351;7458;4.81;0.30;321.06;5.74;1241;18;2538.00;107
6113;10;5555465;6113;520;7352;7458;4.84;0.30;321.19;5.74;1239;18;2539.00;106
6114;10;5555479;6114;528;7352;7458;4.86;0.30;321.14;5.74;1238;18;2540.00;106
6114;10;5555493;6114;533;7352;7459;4.85;0.30;321.14;5.74;1238;18;2541.00;107
6116;10;5555507;6116;529;7354;7460;4.89;0.30;321.14;5.73;1238;18;2542.00;106
6117;10;5555522;6117;527;7354;7460;4.89;0.30;321.16;5.73;1237;18;2543.00;106
6119;10;5555536;6119;531;7365;7473;4.89;0.30;321.16;5.73;1246;18;2544.00;108
6124;10;5555551;6124;529;7365;7473;4.91;0.30;321.31;5.73;1241;18;2545.00;108
6127;10;5555565;6127;533;7365;7473;4.94;0.30;321.27;5.73;1238;18;2546.00;108
6129;10;5555581;6129;536;7367;7474;4.97;0.31;321.38;5.75;1238;18;2547.00;107
6135;10;5555595;6135;536;7367;7474;4.95;0.30;321.31;5.75;1232;18;2548.00;107
6138;10;5555610;6138;537;7371;7478;4.97;0.30;321.34;5.75;1233;18;2549.00;107
6140;10;5555626;6140;538;7373;7481;4.92;0.30;321.36;5.74;1233;18;2550.00;108
6142;10;5555640;6142;541;7377;7485;4.88;0.30;321.38;5.74;1235;18;2551.00;108
6146;10;5555655;6146;545;7377;7485;4.84;0.30;321.35;5.74;1231;18;2552.00;108
6147;10;5555668;6147;548;7377;7485;4.81;0.29;321.33;5.74;1230;18;2553.00;108
6151;10;5555680;6151;552;7377;7485;4.76;0.29;321.41;5.74;1226;18;2554.00;108
6154;10;5555693;6154;553;7377;7485;4.74;0.29;321.49;5.74;1223;18;2555.00;108
6158;10;5555707;6158;561;7387;7497;4.74;0.29;321.45;5.73;1229;18;2556.00;110
6159;10;5555721;6159;558;7388;7497;4.71;0.29;321.40;5.73;1229;18;2557.00;109
6162;10;5555734;6162;570;7388;7497;4.66;0.28;321.34;5.73;1226;18;2558.00;109
6163;10;5555747;6163;566;7388;7497;4.67;0.28;321.29;5.73;1225;18;2559.00;109
6164;10;5555760;6164;571;7388;7497;4.63;0.28;321.29;5.73;1224;18;2560.00;109
6165;10;5555774;6165;573;7388;7497;4.61;0.28;321.29;5.73;1223;18;2561.00;109
6167;10;5555787;6167;580;7388;7498;4.60;0.28;321.28;5.73;1221;18;2562.00;110
6168;10;5555799;6168;577;7388;7498;4.55;0.28;321.27;5.73;1220;18;2563.00;110
6169;10;5555811;6169;575;7393;7504;4.54;0.28;321.27;5.73;1224;18;2564.00;111
6171;10;5555823;6171;567;7395;7506;4.49;0.27;321.21;5.73;1224;18;2565.00;111
6172;10;5555836;6172;554;7395;7506;4.49;0.27;321.26;5.73;1223;18;2566.00;111
6174;10;5555848;6174;544;7395;7506;4.46;0.27;321.42;5.73;1221;18;2567.00;111
6177;10;5555860;6177;527;7398;7510;4.47;0.27;321.56;5.73;1221;18;2568.00;112
6177;10;5555874;6177;514;7398;7510;4.49;0.27;321.56;5.73;1221;18;2569.00;112
6180;10;5555886;6180;511;7398;7510;4.48;0.27;321.63;5.73;1218;18;2570.00;112
6181;10;5555898;6181;502;7399;7511;4.56;0.28;321.60;5.73;1218;18;2571.00;112
6183;10;5555917;6183;491;7402;7515;4.61;0.28;321.63;5.72;1219;18;2572.00;113
6183;10;5555937;6183;486;7402;7515;4.68;0.29;321.63;5.72;1219;18;2573.00;113
6187;10;5555949;6187;483;7404;7518;4.77;0.29;321.52;5.72;1217;18;2574.00;114
6189;10;5555962;6189;479;7405;7518;4.87;0.30;321.55;5.72;1216;18;2575.00;113
6192;10;5555974;6192;471;7405;7518;4.94;0.30;321.63;5.72;1213;18;2576.00;113
6195;10;5555987;6195;463;7405;7518;5.00;0.30;321.71;5.72;1210;18;2577.00;113
6197;10;5556001;6197;458;7409;7522;5.12;0.31;321.71;5.72;1212;18;2578.00;113
6199;10;5556014;6199;453;7410;7522;5.15;0.31;321.71;5.77;1211;18;2579.00;112
6199;10;5556031;6199;452;7411;7522;5.20;0.32;321.71;5.81;1212;18;2580.00;111
6201;10;5556045;6201;446;7411;7522;5.23;0.32;321.72;5.81;1210;18;2581.00;111
6204;10;5556058;6204;446;7411;7523;5.24;0.32;321.70;5.81;1207;18;2582.00;112
6204;10;5556071;6204;435;7412;7524;5.31;0.32;321.70;5.81;1208;18;2583.00;112
6208;10;5556084;6208;429;7412;7524;5.31;0.32;321.68;5.81;1204;18;2584.00;112
6210;10;5556096;6210;424;7413;7525;5.33;0.32;321.60;5.81;1203;18;2585.00;112
6212;10;5556109;6212;421;7413;7525;5.37;0.33;321.54;5.81;1201;18;2586.00;112
6214;10;5556122;6214;426;7413;7525;5.36;0.32;321.55;5.81;1199;18;2587.00;112
6215;10;5556135;6215;433;7413;7525;5.37;0.32;321.56;5.81;1198;18;2588.00;112
6217;10;5556147;6217;433;7413;7525;5.38;0.33;321.67;5.81;1196;19;2589.00;112
6222;10;5556168;6222;426;7413;7525;5.36;0.32;321.83;5.81;1191;19;2590.00;112
6223;10;5556181;6223;423;7413;7525;5.35;0.32;321.82;5.81;1190;19;2591.00;112
6225;10;5556193;6225;440;7479;7652;5.63;0.34;321.97;5.76;1254;19;2592.00;173
6228;10;5556214;6228;442;7482;7653;5.61;0.34;322.08;5.76;1254;19;2593.00;171
6229;10;5556227;6229;436;7491;7653;5.69;0.35;322.12;5.76;1262;19;2594.00;162
6231;10;5556241;6231;432;7495;7653;5.76;0.35;322.05;5.75;1264;19;2595.00;158
6233;10;5556256;6233;428;7500;7653;5.75;0.35;322.11;5.75;1267;19;2596.00;153
6236;10;5556270;6236;427;7501;7653;5.75;0.35;322.18;5.75;1265;19;2597.00;152
6237;10;5556284;6237;416;7505;7653;5.74;0.35;322.29;5.75;1268;19;2598.00;148
6240;10;5556298;6240;411;7507;7653;5.73;0.35;322.37;5.75;1267;19;2599.00;146
6241;10;5556313;6241;410;7510;7654;5.75;0.35;322.47;5.75;1269;19;2600.00;144
6242;10;5556337;6242;410;7513;7655;5.76;0.35;322.53;5.80;1271;19;2601.00;142
6243;10;5556351;6243;415;7516;7655;5.80;0.35;322.64;5.81;1273;19;2602.00;139
6247;10;5556364;6247;423;7517;7656;5.79;0.35;322.62;5.81;1270;19;2603.00;139
6253;10;5556380;6253;427;7522;7656;5.74;0.35;322.75;5.81;1269;19;2604.00;134
6254;10;5556394;6254;432;7526;7656;5.70;0.35;322.86;5.91;1272;19;2605.00;130
6255;10;5556410;6255;430;7527;7656;5.69;0.35;322.94;5.91;1272;19;2606.00;129
6259;10;5556424;6259;438;7532;7660;5.66;0.35;323.05;5.95;1273;19;2607.00;128
6260;10;5556439;6260;443;7535;7660;5.62;0.34;323.02;6.00;1275;19;2608.00;125
6264;10;5556452;6264;448;7537;7660;5.55;0.34;323.24;6.04;1273;19;2609.00;123
6265;10;5556467;6265;444;7542;7666;5.52;0.34;323.37;6.05;1277;19;2610.00;124
6266;10;5556482;6266;444;7545;7666;5.42;0.33;323.35;6.14;1279;20;2611.00;121
6270;10;5556504;6270;448;7549;7666;5.35;0.33;323.47;6.19;1279;20;2612.00;117
6271;10;5556516;6271;451;7553;7670;5.32;0.33;323.60;6.24;1282;20;2613.00;117
6275;10;5556530;6275;456;7555;7671;5.29;0.32;323.58;6.24;1280;20;2614.00;116
6280;10;5556544;6280;462;7558;7671;5.29;0.32;323.58;6.28;1278;20;2615.00;113
6282;10;5556557;6282;471;7560;7675;5.27;0.32;323.59;6.28;1278;20;2616.00;115
6285;10;5556570;6285;474;7561;7675;5.23;0.32;323.62;6.28;1276;20;2617.00;114
6287;10;5556583;6287;484;7563;7675;5.19;0.32;323.66;6.37;1276;20;2618.00;112
6291;10;5556596;6291;476;7564;7676;5.21;0.32;323.72;6.37;1273;20;2619.00;112
6294;10;5556610;6294;488;7564;7676;5.20;0.32;323.83;6.37;1270;20;2620.00;112
6296;10;5556624;6296;487;7569;7682;5.28;0.32;323.84;6.41;1273;20;2621.00;113
6297;10;5556636;6297;487;7569;7682;5.32;0.32;323.83;6.41;1272;20;2622.00;113
6301;10;5556651;6301;494;7569;7683;5.30;0.32;323.88;6.41;1268;20;2623.00;114
6305;10;5556664;6305;492;7571;7683;5.27;0.32;323.83;6.50;1266;20;2624.00;112
6307;10;5556678;6307;491;7571;7683;5.31;0.32;323.78;6.50;1264;20;2625.00;112
6309;10;5556691;6309;488;7572;7683;5.38;0.33;323.78;6.50;1263;20;2626.00;111
6310;10;5556703;6310;484;7574;7683;5.39;0.33;323.76;6.59;1264;20;2627.00;109
6313;10;5556717;6313;492;7582;7695;5.43;0.33;323.90;6.58;1269;20;2628.00;113
6315;10;5556732;6315;492;7585;7695;5.46;0.33;324.00;6.66;1270;20;2629.00;110
6316;10;5556745;6316;499;7586;7695;5.49;0.33;324.02;6.66;1270;20;2630.00;109
6317;11;5556758;6317;502;7586;7695;5.52;0.33;324.05;6.66;1269;21;2631.00;109
6318;11;5556777;6318;505;7589;7695;5.54;0.34;324.16;6.75;1271;21;2632.00;106
6320;11;5556791;6320;495;7589;7695;5.54;0.34;324.18;6.75;1269;21;2633.00;106
6323;11;5556804;6323;500;7594;7699;5.47;0.33;324.21;6.83;1271;22;2634.00;105
6324;11;5556825;6324;495;7594;7699;5.45;0.33;324.27;6.83;1270;22;2635.00;105
6327;11;5556838;6327;495;7598;7703;5.41;0.33;324.37;6.83;1271;22;2636.00;105
6328;11;5556857;6328;495;7601;7704;5.36;0.33;324.40;6.91;1273;22;2637.00;103
6334;11;5556870;6334;493;7601;7704;5.27;0.32;324.64;6.91;1267;22;2638.00;103
6339;11;5556883;6339;494;7602;7704;5.21;0.32;324.75;6.95;1263;22;2639.00;102
6343;11;5556898;6343;492;7622;7733;5.18;0.32;324.80;6.97;1279;22;2640.00;111
6350;11;5556913;6350;481;7623;7733;5.13;0.31;324.93;6.97;1273;22;2641.00;110
6353;11;5556930;6353;472;7626;7733;5.17;0.32;325.09;7.01;1273;22;2642.00;107
6357;11;5556943;6357;475;7630;7734;5.20;0.32;325.31;7.04;1273;22;2643.00;104
6360;11;5556957;6360;470;7631;7735;5.24;0.32;325.23;7.04;1271;22;2644.00;104
6365;11;5556974;6365;473;7631;7735;5.24;0.32;325.28;7.04;1266;22;2645.00;104
6366;11;5556988;6366;474;7634;7738;5.31;0.33;325.30;7.04;1268;22;2646.00;104
6370;11;5557001;6370;477;7634;7738;5.34;0.33;325.38;7.04;1264;22;2647.00;104
6373;11;5557015;6373;468;7634;7738;5.32;0.33;325.51;7.04;1261;22;2648.00;104
6378;11;5557028;6378;460;7634;7738;5.35;0.33;325.53;7.04;1256;22;2649.00;104
6380;11;5557043;6380;461;7639;7744;5.39;0.33;325.52;7.04;1259;22;2650.00;105
6385;11;5557056;6385;456;7639;7744;5.42;0.33;325.50;7.04;1254;22;2651.00;105
6390;11;5557070;6390;457;7639;7744;5.39;0.33;325.63;7.04;1249;22;2652.00;105
6392;11;5557084;6392;462;7639;7744;5.40;0.33;325.74;7.04;1247;22;2653.00;105
6397;11;5557097;6397;458;7642;7748;5.39;0.33;325.83;7.03;1245;22;2654.00;106
6401;11;5557111;6401;463;7644;7750;5.41;0.33;325.89;7.03;1243;22;2655.00;106
6405;11;5557125;6405;474;7644;7750;5.41;0.33;325.98;7.03;1239;22;2656.00;106
6409;11;5557139;6409;480;7645;7751;5.39;0.33;326.07;7.03;1236;22;2657.00;106
6412;11;5557152;6412;474;7645;7751;5.38;0.33;326.13;7.03;1233;22;2658.00;106
6416;11;5557165;6416;472;7645;7751;5.36;0.33;326.08;7.03;1229;22;2659.00;106
6421;11;5557178;6421;468;7645;7751;5.32;0.32;326.26;7.03;1224;22;2660.00;106
6426;11;5557191;6426;470;7646;7751;5.31;0.32;326.36;7.07;1220;22;2661.00;105
6429;11;5557205;6429;473;7646;7751;5.28;0.32;326.31;7.07;1217;22;2662.00;105
6433;11;5557219;6433;475;7646;7751;5.25;0.32;326.44;7.07;1213;22;2663.00;105
6435;11;5557232;6435;486;7684;7821;5.26;0.32;326.50;7.03;1249;22;2664.00;137
6438;11;5557250;6438;478;7686;7822;5.27;0.32;326.62;7.03;1248;22;2665.00;136
6439;11;5557263;6439;473;7690;7822;5.23;0.32;326.66;7.03;1251;22;2666.00;132
6443;11;5557277;6443;470;7691;7822;5.23;0.32;326.68;7.03;1248;22;2667.00;131
6446;11;5557289;6446;476;7693;7822;5.27;0.33;326.73;7.02;1247;22;2668.00;129
6454;11;5557302;6454;481;7693;7822;5.22;0.32;326.83;7.02;1239;22;2669.00;129
6457;11;5557317;6457;482;7696;7822;5.26;0.32;326.95;7.02;1239;22;2670.00;126
6461;11;5557330;6461;489;7696;7822;5.24;0.32;327.07;7.02;1235;22;2671.00;126
6472;11;5557342;6472;495;7699;7823;5.15;0.32;327.17;7.02;1227;22;2672.00;124
6476;11;5557356;6476;503;7701;7824;5.11;0.31;327.28;7.03;1225;22;2673.00;123
6478;11;5557368;6478;514;7703;7824;5.10;0.31;327.39;7.03;1225;22;2674.00;121
6483;11;5557381;6483;513;7708;7828;5.05;0.31;327.44;7.02;1225;22;2675.00;120
6487;11;5557394;6487;528;7709;7828;4.99;0.31;327.56;7.06;1222;22;2676.00;119
6490;11;5557406;6490;541;7710;7828;4.96;0.30;327.58;7.06;1220;22;2677.00;118
6497;11;5557418;6497;552;7711;7828;4.91;0.30;327.83;7.06;1214;22;2678.00;117
6500;11;5557432;6500;561;7716;7834;4.87;0.30;327.75;7.06;1216;22;2679.00;118
6501;11;5557445;6501;561;7717;7834;4.84;0.30;327.76;7.06;1216;22;2680.00;117
6504;11;5557457;6504;567;7717;7834;4.81;0.30;327.82;7.06;1213;22;2681.00;117
6510;11;5557469;6510;573;7718;7837;4.72;0.29;327.99;7.06;1208;22;2682.00;119
6515;11;5557481;6515;575;7721;7837;4.63;0.28;328.12;7.06;1206;22;2683.00;116
6521;11;5557493;6521;574;7721;7837;4.55;0.28;328.21;7.06;1200;22;2684.00;116
6524;11;5557505;6524;592;7723;7838;4.51;0.28;328.12;7.06;1199;22;2685.00;115
6526;11;5557518;6526;599;7724;7839;4.44;0.27;328.07;7.06;1198;22;2686.00;115
6530;11;5557530;6530;597;7725;7839;4.35;0.27;328.09;7.06;1195;22;2687.00;114
6534;11;5557543;6534;597;7735;7852;4.39;0.27;328.13;7.05;1201;22;2688.00;117
6536;11;5557556;6536;602;7736;7852;4.36;0.27;328.12;7.06;1200;22;2689.00;116
6540;11;5557569;6540;600;7737;7852;4.33;0.26;328.02;7.06;1197;22;2690.00;115
6543;11;5557582;6543;596;7738;7853;4.35;0.27;327.99;7.06;1195;22;2691.00;115
6545;11;5557594;6545;594;7738;7853;4.35;0.27;327.96;7.06;1193;22;2692.00;115
6549;11;5557606;6549;595;7742;7857;4.36;0.27;327.86;7.05;1193;22;2693.00;115
6553;11;5557620;6553;586;7743;7857;4.35;0.27;327.91;7.05;1190;22;2694.00;114
6553;11;5557632;6553;591;7746;7861;4.36;0.27;327.91;7.05;1193;22;2695.00;115
6555;11;5557645;6555;576;7746;7861;4.39;0.27;327.88;7.05;1191;22;2696.00;115
6556;11;5557657;6556;572;7746;7861;4.43;0.27;327.88;7.05;1190;22;2697.00;115
6560;11;5557669;6560;561;7746;7861;4.45;0.27;327.84;7.05;1186;22;2698.00;115
6560;11;5557681;6560;546;7746;7861;4.52;0.28;327.84;7.05;1186;22;2699.00;115
6563;11;5557696;6563;540;7772;7910;4.65;0.29;327.77;7.03;1209;22;2700.00;138
6564;11;5557717;6564;538;7774;7910;4.75;0.29;327.84;7.02;1210;22;2701.00;136
6565;11;5557731;6565;538;7775;7910;4.84;0.30;327.79;7.02;1210;22;2702.00;135
6567;11;5557743;6567;540;7775;7910;4.88;0.30;327.89;7.02;1208;22;2703.00;135
6567;11;5557756;6567;544;7778;7910;4.95;0.30;327.89;7.02;1211;22;2704.00;132
6571;11;5557769;6571;544;7779;7910;4.95;0.30;327.89;7.02;1208;22;2705.00;131
6573;11;5557782;6573;543;7780;7911;4.94;0.30;327.82;7.02;1207;22;2706.00;131
6574;11;5557795;6574;542;7780;7911;4.95;0.30;327.91;7.02;1206;22;2707.00;131
6575;11;5557807;6575;547;7784;7917;4.95;0.30;327.99;7.02;1209;22;2708.00;133
6579;11;5557820;6579;541;7785;7918;4.95;0.30;328.01;7.02;1206;22;2709.00;133
6581;11;5557833;6581;550;7785;7918;4.91;0.30;328.08;7.02;1204;22;2710.00;133
6581;11;5557845;6581;544;7787;7918;4.88;0.30;328.08;7.02;1206;22;2711.00;131
6582;11;5557857;6582;543;7790;7922;4.87;0.30;328.08;7.02;1208;22;2712.00;132
6582;11;5557870;6582;533;7790;7922;4.90;0.30;328.08;7.02;1208;22;2713.00;132
6585;11;5557883;6585;523;7790;7922;4.89;0.30;328.08;7.02;1205;22;2714.00;132
6586;11;5557896;6586;520;7791;7923;4.91;0.30;328.13;7.02;1205;22;2715.00;132
6587;11;5557908;6587;522;7794;7927;4.93;0.30;328.16;7.01;1207;22;2716.00;133
6588;11;5557922;6588;516;7796;7927;4.96;0.30;328.12;7.02;1208;22;2717.00;131
6589;11;5557936;6589;509;7798;7930;5.01;0.30;328.12;7.01;1209;22;2718.00;132
6590;11;5557949;6590;507;7798;7930;5.03;0.31;328.10;7.01;1208;22;2719.00;132
6590;11;5557967;6590;501;7799;7930;5.08;0.31;328.10;7.01;1209;22;2720.00;131
6593;11;5557985;6593;500;7799;7930;5.14;0.31;328.19;7.01;1206;22;2721.00;131
6593;11;5558003;6593;498;7802;7934;5.20;0.32;328.19;7.01;1209;22;2722.00;132
6594;11;5558020;6594;495;7804;7934;5.19;0.32;328.19;7.02;1210;22;2723.00;130
6594;11;5558043;6594;491;7804;7934;5.28;0.32;328.19;7.02;1210;22;2724.00;130
6597;11;5558057;6597;493;7804;7934;5.27;0.32;328.20;7.02;1207;22;2725.00;130
6598;11;5558071;6598;491;7804;7935;5.30;0.32;328.21;7.02;1206;22;2726.00;131
6599;12;5558090;6599;486;7805;7936;5.32;0.32;328.26;7.01;1206;23;2727.00;131
6599;12;5558119;6599;488;7806;7936;5.29;0.32;328.26;7.02;1207;23;2728.00;130
6601;12;5558132;6601;487;7808;7937;5.33;0.32;328.27;7.02;1207;23;2729.00;129
6602;12;5558152;6602;484;7808;7937;5.31;0.32;328.25;7.02;1206;23;2730.00;129
6607;12;5558165;6607;480;7810;7937;5.33;0.32;328.44;7.02;1203;23;2731.00;127
6611;12;5558178;6611;471;7810;7937;5.34;0.32;328.46;7.02;1199;23;2732.00;127
6611;12;5558191;6611;474;7810;7937;5.41;0.33;328.46;7.02;1199;23;2733.00;127
6612;12;5558204;6612;470;7810;7937;5.45;0.33;328.52;7.02;1198;23;2734.00;127
6618;12;5558219;6618;456;7811;7937;5.42;0.33;328.73;7.03;1193;23;2735.00;126
6622;12;5558233;6622;463;7874;8064;5.54;0.34;328.74;6.97;1252;23;2736.00;190
6624;12;5558262;6624;446;7875;8065;5.58;0.34;328.76;6.97;1251;23;2737.00;190
6626;12;5558276;6626;431;7881;8065;5.69;0.35;328.83;6.96;1255;23;2738.00;184
6627;12;5558290;6627;423;7883;8065;5.76;0.35;328.84;6.96;1256;23;2739.00;182
6630;12;5558304;6630;418;7889;8065;5.86;0.36;328.94;6.96;1259;23;2740.00;176
6632;12;5558317;6632;403;7893;8065;5.92;0.36;328.94;6.96;1261;23;2741.00;172
6635;12;5558333;6635;402;7895;8065;5.95;0.36;329.03;6.96;1260;23;2742.00;170
6638;12;5558346;6638;403;7898;8065;5.96;0.36;329.08;6.96;1260;23;2743.00;167
6641;12;5558359;6641;393;7901;8066;6.03;0.37;329.13;6.96;1260;23;2744.00;165
6642;12;5558373;6642;392;7908;8068;6.06;0.37;329.10;7.06;1266;23;2745.00;160
6643;12;5558389;6643;387;7911;8068;6.12;0.37;329.13;7.10;1268;23;2746.00;157
6645;12;5558402;6645;395;7913;8069;6.10;0.37;329.14;7.10;1268;23;2747.00;156
6651;12;5558416;6651;402;7915;8069;6.04;0.37;329.21;7.10;1264;23;2748.00;154
6652;12;5558430;6652;406;7917;8069;6.01;0.37;329.32;7.10;1265;23;2749.00;152
6657;12;5558444;6657;396;7918;8069;6.00;0.37;329.22;7.10;1261;23;2750.00;151
6659;12;5558458;6659;399;7921;8073;5.99;0.36;329.20;7.10;1262;23;2751.00;152
6659;12;5558472;6659;397;7924;8073;5.97;0.36;329.20;7.11;1265;23;2752.00;149
6660;12;5558486;6660;405;7928;8073;6.01;0.37;329.21;7.15;1268;23;2753.00;145
6663;12;5558500;6663;405;7930;8076;5.98;0.36;329.34;7.15;1267;23;2754.00;146
6666;12;5558513;6666;407;7933;8076;5.96;0.36;329.32;7.15;1267;23;2755.00;143
6667;12;5558527;6667;414;7934;8076;6.01;0.37;329.29;7.16;1267;23;2756.00;142
6670;12;5558542;6670;418;7941;8080;6.00;0.36;329.26;7.16;1271;23;2757.00;139
6672;12;5558556;6672;420;7943;8081;5.98;0.36;329.46;7.16;1271;23;2758.00;138
6673;12;5558571;6673;423;7944;8081;6.05;0.37;329.50;7.16;1271;23;2759.00;137
6675;12;5558586;6675;420;7950;8086;6.02;0.37;329.57;7.16;1275;23;2760.00;136
6678;12;5558601;6678;421;7950;8086;5.97;0.36;329.80;7.16;1272;23;2761.00;136
6681;12;5558615;6681;423;7952;8086;5.98;0.36;330.02;7.16;1271;23;2762.00;134
6682;12;5558629;6682;426;7953;8087;6.00;0.36;330.00;7.16;1271;23;2763.00;134
6683;12;5558644;6683;420;7953;8087;5.96;0.36;330.00;7.16;1270;23;2764.00;134
6686;12;5558657;6686;424;7958;8093;5.98;0.36;330.08;7.16;1272;23;2765.00;135
6689;12;5558673;6689;423;7958;8093;6.04;0.37;330.16;7.16;1269;23;2766.00;135
6691;12;5558687;6691;428;7958;8094;6.04;0.37;330.26;7.16;1267;23;2767.00;136
6692;12;5558701;6692;428;7958;8094;6.07;0.37;330.26;7.16;1266;23;2768.00;136
6693;12;5558716;6693;433;7958;8094;6.13;0.37;330.24;7.16;1265;23;2769.00;136
6699;12;5558730;6699;439;7959;8094;6.08;0.37;330.42;7.21;1260;23;2770.00;135
6701;12;5558744;6701;445;7960;8094;6.06;0.37;330.49;7.26;1259;23;2771.00;134
6703;12;5558758;6703;452;7968;8106;6.05;0.37;330.66;7.25;1265;23;2772.00;138
6703;12;5558773;6703;449;7970;8106;6.06;0.37;330.66;7.30;1267;23;2773.00;136
6706;12;5558788;6706;457;7973;8106;5.98;0.36;330.81;7.35;1267;23;2774.00;133
6708;12;5558806;6708;462;7973;8106;5.91;0.36;330.88;7.35;1265;23;2775.00;133
6711;12;5558820;6711;465;7975;8106;5.86;0.36;330.91;7.46;1264;23;2776.00;131
6714;12;5558834;6714;472;7976;8106;5.80;0.35;330.98;7.50;1262;23;2777.00;130
6717;12;5558848;6717;473;7980;8110;5.79;0.35;331.07;7.55;1263;23;2778.00;130
6719;12;5558861;6719;477;7980;8110;5.76;0.35;331.17;7.55;1261;23;2779.00;130
6720;12;5558875;6720;481;7984;8114;5.79;0.35;331.24;7.55;1264;23;2780.00;130
6726;12;5558889;6726;478;7987;8115;5.76;0.35;331.37;7.65;1261;23;2781.00;128
6729;12;5558902;6729;476;7988;8115;5.74;0.35;331.38;7.70;1259;23;2782.00;127
6732;12;5558916;6732;477;7988;8115;5.74;0.35;331.53;7.70;1256;23;2783.00;127
6733;12;5558929;6733;481;7999;8128;5.76;0.35;331.54;7.74;1266;23;2784.00;129
6738;12;5558942;6738;476;8000;8128;5.76;0.35;331.73;7.74;1262;23;2785.00;128
6739;12;5558955;6739;478;8002;8128;5.80;0.35;331.74;7.83;1263;23;2786.00;126
6744;12;5558968;6744;476;8004;8129;5.78;0.35;331.87;7.88;1260;23;2787.00;125
6748;12;5558987;6748;477;8004;8130;5.76;0.35;331.84;7.88;1256;23;2788.00;126
6752;12;5559000;6752;481;8006;8130;5.73;0.35;332.09;7.97;1254;23;2789.00;124
6753;12;5559021;6753;471;8012;8136;5.75;0.35;332.21;8.01;1259;23;2790.00;124
6753;12;5559035;6753;468;8014;8136;5.77;0.35;332.21;8.10;1261;23;2791.00;122
6756;12;5559049;6756;463;8015;8136;5.81;0.35;332.30;8.10;1259;23;2792.00;121
6758;12;5559063;6758;463;8017;8136;5.84;0.36;332.35;8.19;1259;23;2793.00;119
6759;12;5559076;6759;460;8023;8142;5.89;0.36;332.31;8.23;1264;23;2794.00;119
6763;12;5559090;6763;458;8023;8142;5.88;0.36;332.42;8.23;1260;23;2795.00;119
6766;12;5559103;6766;461;8024;8142;5.87;0.36;332.49;8.27;1258;23;2796.00;118
6768;12;5559115;6768;461;8025;8142;5.85;0.36;332.51;8.32;1257;23;2797.00;117
6774;12;5559129;6774;464;8028;8146;5.79;0.35;332.74;8.31;1254;23;2798.00;118
6776;12;5559145;6776;467;8031;8147;5.72;0.35;332.84;8.40;1255;23;2799.00;116
6777;12;5559160;6777;470;8031;8147;5.71;0.35;332.81;8.40;1254;23;2800.00;116
6782;12;5559178;6782;474;8034;8148;5.60;0.34;332.84;8.48;1252;23;2801.00;114
6787;12;5559208;6787;479;8034;8148;5.49;0.33;332.95;8.48;1247;23;2802.00;114
6791;12;5559223;6791;481;8034;8148;5.39;0.33;333.12;8.48;1243;23;2803.00;114
6796;12;5559239;6796;486;8036;8148;5.27;0.32;333.24;8.56;1240;23;2804.00;112
6801;12;5559256;6801;475;8036;8148;5.20;0.32;333.32;8.56;1235;23;2805.00;112
6801;12;5559278;6801;470;8036;8148;5.19;0.32;333.32;8.56;1235;23;2806.00;112
6807;12;5559293;6807;466;8038;8148;5.14;0.31;333.38;8.64;1231;23;2807.00;110
6811;12;5559310;6811;473;8078;8218;5.29;0.32;333.47;8.59;1267;23;2808.00;140
6813;12;5559339;6813;466;8083;8219;5.32;0.33;333.43;8.59;1270;23;2809.00;136
6815;12;5559354;6815;469;8088;8219;5.34;0.33;333.52;8.63;1273;23;2810.00;131
6819;12;5559372;6819;475;8090;8219;5.32;0.32;333.60;8.67;1271;23;2811.00;129
6821;12;5559395;6821;466;8094;8219;5.31;0.32;333.68;8.71;1273;23;2812.00;125
6824;12;5559410;6824;469;8094;8219;5.23;0.32;333.85;8.71;1270;23;2813.00;125
6827;12;5559427;6827;470;8097;8219;5.22;0.32;333.80;8.71;1270;23;2814.00;122
6831;12;5559442;6831;473;8099;8219;5.27;0.32;333.82;8.71;1268;23;2815.00;120
6834;12;5559459;6834;476;8101;8220;5.27;0.32;333.82;8.71;1267;23;2816.00;119
6839;12;5559474;6839;480;8103;8221;5.29;0.32;333.86;8.71;1264;23;2817.00;118
6841;12;5559487;6841;487;8104;8221;5.32;0.32;333.88;8.71;1263;23;2818.00;117
6843;12;5559502;6843;495;8108;8225;5.30;0.32;333.87;8.71;1265;23;2819.00;117
6849;12;5559522;6849;494;8108;8225;5.27;0.32;333.86;8.71;1259;23;2820.00;117
6853;12;5559537;6853;494;8108;8225;5.24;0.32;334.04;8.71;1255;23;2821.00;117
6858;12;5559550;6858;498;8108;8225;5.16;0.31;334.05;8.71;1250;23;2822.00;117
6861;12;5559564;6861;492;8112;8231;5.14;0.31;334.08;8.70;1251;23;2823.00;119
6866;12;5559577;6866;494;8112;8231;5.11;0.31;334.16;8.70;1246;23;2824.00;119
6872;12;5559590;6872;493;8112;8231;5.04;0.31;334.12;8.70;1240;23;2825.00;119
6876;12;5559602;6876;493;8113;8234;5.01;0.30;334.21;8.70;1237;23;2826.00;121
6877;12;5559615;6877;498;8113;8234;4.97;0.30;334.32;8.70;1236;23;2827.00;121
6882;12;5559628;6882;506;8113;8234;4.90;0.30;334.21;8.70;1231;23;2828.00;121
6886;12;5559641;6886;513;8113;8235;4.80;0.29;334.41;8.70;1227;23;2829.00;122
6891;12;5559655;6891;523;8115;8236;4.69;0.28;334.42;8.70;1224;23;2830.00;121
6896;12;5559668;6896;527;8115;8236;4.60;0.28;334.54;8.70;1219;23;2831.00;121
6904;12;5559681;6904;528;8125;8249;4.55;0.28;334.67;8.69;1221;23;2832.00;124
6905;12;5559695;6905;533;8125;8249;4.51;0.27;334.63;8.69;1220;23;2833.00;124
6910;12;5559708;6910;543;8125;8249;4.45;0.27;334.71;8.69;1215;23;2834.00;124
6914;12;5559720;6914;547;8126;8251;4.43;0.27;334.70;8.69;1212;23;2835.00;125
6915;12;5559734;6915;547;8127;8251;4.43;0.27;334.74;8.69;1212;23;2836.00;124
6917;12;5559746;6917;546;8130;8255;4.43;0.27;334.78;8.69;1213;23;2837.00;125
6920;12;5559759;6920;554;8130;8255;4.42;0.27;334.77;8.69;1210;23;2838.00;125
6921;12;5559773;6921;563;8133;8259;4.45;0.27;334.76;8.69;1212;23;2839.00;126
6925;12;5559786;6925;560;8133;8259;4.42;0.27;334.76;8.69;1208;23;2840.00;126
6928;12;5559798;6928;564;8134;8259;4.38;0.27;334.77;8.69;1206;23;2841.00;125
6930;12;5559810;6930;571;8134;8259;4.37;0.27;334.69;8.69;1204;23;2842.00;125
6932;12;5559824;6932;569;8134;8259;4.35;0.27;334.72;8.69;1202;23;2843.00;125
6932;12;5559837;6932;572;8143;8271;4.44;0.27;334.72;8.68;1211;23;2844.00;128
6934;12;5559851;6934;574;8143;8271;4.41;0.27;334.67;8.68;1209;23;2845.00;128
6936;12;5559868;6936;580;8143;8271;4.37;0.27;334.64;8.68;1207;23;2846.00;128
6938;12;5559880;6938;587;8143;8271;4.35;0.27;334.73;8.68;1205;23;2847.00;128
6940;12;5559893;6940;592;8146;8271;4.30;0.26;334.73;8.69;1206;23;2848.00;125
6942;12;5559905;6942;596;8146;8271;4.25;0.26;334.70;8.69;1204;23;2849.00;125
6945;12;5559919;6945;602;8149;8274;4.23;0.26;334.72;8.69;1204;23;2850.00;125
6946;12;5559931;6946;601;8150;8274;4.18;0.26;334.73;8.69;1204;23;2851.00;124
6952;12;5559943;6952;603;8155;8280;4.14;0.25;334.64;8.68;1203;23;2852.00;125
6954;12;5559956;6954;592;8156;8281;4.14;0.25;334.57;8.69;1202;23;2853.00;125
6957;12;5559971;6957;585;8157;8281;4.10;0.25;334.57;8.68;1200;23;2854.00;124
6960;12;5559984;6960;585;8157;8281;4.10;0.25;334.54;8.68;1197;23;2855.00;124
6960;12;5559996;6960;583;8160;8285;4.19;0.25;334.54;8.68;1200;23;2856.00;125
6961;12;5560008;6961;586;8161;8285;4.29;0.26;334.53;8.68;1200;23;2857.00;124
6965;12;5560021;6965;589;8161;8285;4.29;0.26;334.62;8.68;1196;23;2858.00;124
6967;12;5560034;6967;589;8163;8286;4.30;0.26;334.65;8.68;1196;23;2859.00;123
6968;12;5560047;6968;573;8167;8290;4.36;0.26;334.65;8.72;1199;23;2860.00;123
6971;12;5560067;6971;552;8168;8290;4.41;0.27;334.55;8.72;1197;23;2861.00;122
6972;12;5560081;6972;536;8170;8293;4.49;0.27;334.55;8.72;1198;23;2862.00;123
6972;12;5560101;6972;522;8171;8293;4.60;0.28;334.55;8.72;1199;23;2863.00;122
6972;12;5560114;6972;510;8173;8295;4.72;0.29;334.55;8.72;1201;23;2864.00;122
6972;12;5560128;6972;494;8173;8295;4.82;0.29;334.55;8.72;1201;23;2865.00;122
6972;12;5560143;6972;482;8177;8299;4.98;0.30;334.55;8.71;1205;23;2866.00;122
6973;12;5560164;6973;471;8177;8299;5.14;0.31;334.56;8.71;1204;23;2867.00;122
6975;12;5560177;6975;471;8177;8299;5.25;0.32;334.51;8.71;1202;23;2868.00;122
6976;12;5560191;6976;472;8177;8299;5.35;0.32;334.55;8.71;1201;23;2869.00;122
6978;12;5560210;6978;469;8177;8300;5.46;0.33;334.59;8.71;1199;23;2870.00;123
6979;12;5560226;6979;467;8178;8301;5.58;0.34;334.68;8.71;1199;23;2871.00;123
6980;12;5560241;6980;459;8178;8301;5.65;0.34;334.67;8.71;1198;23;2872.00;123
6980;12;5560256;6980;454;8179;8302;5.71;0.35;334.67;8.71;1199;23;2873.00;123
6983;12;5560270;6983;450;8179;8302;5.74;0.35;334.66;8.71;1196;23;2874.00;123
6983;12;5560286;6983;455;8179;8302;5.78;0.35;334.66;8.71;1196;23;2875.00;123
6985;12;5560300;6985;447;8180;8302;5.78;0.35;334.65;8.75;1195;23;2876.00;122
6986;12;5560314;6986;443;8180;8302;5.80;0.35;334.66;8.75;1194;23;2877.00;122
6988;12;5560331;6988;433;8180;8302;5.82;0.35;334.68;8.75;1192;23;2878.00;122
6991;12;5560347;6991;434;8180;8302;5.82;0.35;334.67;8.75;1189;23;2879.00;122
6991;12;5560368;6991;473;8293;8532;6.06;0.38;334.67;8.63;1302;23;2880.00;239
6993;12;5560405;6993;468;8297;8533;6.13;0.38;334.63;8.63;1304;23;2881.00;236
6994;12;5560423;6994;453;8308;8533;6.21;0.39;334.70;8.62;1314;23;2882.00;225
6996;12;5560439;6996;443;8315;8533;6.23;0.39;334.76;8.62;1319;23;2883.00;218
7000;12;5560463;7000;433;8322;8533;6.24;0.39;334.76;8.61;1322;23;2884.00;211
7003;12;5560485;7003;440;8326;8533;6.23;0.39;334.82;8.65;1323;23;2885.00;207
7005;12;5560500;7005;435;8331;8533;6.28;0.39;334.86;8.65;1326;23;2886.00;202
7007;12;5560516;7007;443;8336;8533;6.29;0.39;334.87;8.65;1329;23;2887.00;197
7009;12;5560531;7009;438;8341;8534;6.28;0.39;334.90;8.65;1332;23;2888.00;193
7012;12;5560546;7012;447;8345;8535;6.24;0.39;335.06;8.65;1333;23;2889.00;190
7014;12;5560561;7014;450;8351;8535;6.23;0.39;335.08;8.65;1337;23;2890.00;184
7019;12;5560576;7019;462;8354;8536;6.21;0.38;335.21;8.65;1335;23;2891.00;182
7022;12;5560593;7022;476;8355;8536;6.13;0.38;335.35;8.65;1333;23;2892.00;181
7022;12;5560609;7022;487;8356;8536;6.08;0.37;335.35;8.65;1334;23;2893.00;180
7028;12;5560628;7028;495;8359;8536;6.01;0.37;335.42;8.65;1331;23;2894.00;177
7029;12;5560644;7029;499;8361;8540;5.97;0.37;335.39;8.65;1332;23;2895.00;179
7035;12;5560661;7035;500;8362;8540;5.90;0.36;335.43;8.65;1327;23;2896.00;178
7037;12;5560678;7037;502;8363;8540;5.86;0.36;335.51;8.66;1326;23;2897.00;177
7039;12;5560699;7039;510;8364;8543;5.82;0.36;335.55;8.65;1325;23;2898.00;179
7042;12;5560714;7042;510;8365;8543;5.77;0.35;335.66;8.66;1323;23;2899.00;178
7044;12;5560732;7044;500;8365;8543;5.74;0.35;335.69;8.66;1321;23;2900.00;178
7048;12;5560750;7048;488;8368;8547;5.71;0.35;335.90;8.65;1320;23;2901.00;179
7050;12;5560765;7050;480;8371;8548;5.70;0.35;335.89;8.70;1321;23;2902.00;177
7052;12;5560781;7052;462;8374;8548;5.74;0.35;336.04;8.70;1322;23;2903.00;174
7054;12;5560796;7054;458;8377;8552;5.82;0.36;336.06;8.70;1323;23;2904.00;175
7058;12;5560812;7058;454;8377;8552;5.85;0.36;336.07;8.70;1319;23;2905.00;175
7059;12;5560835;7059;446;8378;8552;5.91;0.36;336.09;8.70;1319;23;2906.00;174
7062;12;5560852;7062;451;8379;8553;5.93;0.36;336.10;8.71;1317;23;2907.00;174
7067;12;5560873;7067;438;8380;8553;5.95;0.36;336.12;8.71;1313;23;2908.00;173
7068;12;5560892;7068;430;8385;8559;5.99;0.36;336.11;8.76;1317;23;2909.00;174
7074;12;5560914;7074;428;8387;8559;5.94;0.36;336.15;8.81;1313;23;2910.00;172
7078;12;5560936;7078;426;8387;8560;5.94;0.36;336.22;8.81;1309;23;2911.00;173
7081;12;5560956;7081;434;8387;8560;5.94;0.36;336.21;8.81;1306;23;2912.00;173
7086;12;5560973;7086;437;8390;8560;5.95;0.36;336.23;8.81;1304;23;2913.00;170
7088;12;5560989;7088;441;8390;8560;5.93;0.36;336.23;8.81;1302;23;2914.00;170
7092;12;5561005;7092;442;8391;8560;5.92;0.36;336.28;8.81;1299;23;2915.00;169
7094;12;5561022;7094;445;8401;8572;5.91;0.36;336.34;8.85;1307;23;2916.00;171
7097;12;5561039;7097;452;8403;8572;5.87;0.36;336.49;8.85;1306;23;2917.00;169
7099;12;5561055;7099;457;8404;8572;5.92;0.36;336.58;8.85;1305;23;2918.00;168
7102;12;5561072;7102;457;8406;8572;5.95;0.36;336.70;8.86;1304;23;2919.00;166
7103;12;5561088;7103;461;8406;8572;6.00;0.37;336.69;8.86;1303;23;2920.00;166
7108;12;5561103;7108;463;8406;8572;5.98;0.36;336.78;8.86;1298;23;2921.00;166
7110;12;5561118;7110;468;8411;8576;5.97;0.36;336.83;8.86;1301;23;2922.00;165
7112;12;5561133;7112;470;8412;8576;5.95;0.36;336.90;8.87;1300;23;2923.00;164
7115;12;5561149;7115;468;8416;8580;5.93;0.36;336.95;8.87;1301;23;2924.00;164
7117;12;5561164;7117;473;8421;8582;5.90;0.36;336.98;8.87;1304;23;2925.00;161
7120;12;5561178;7120;470;8422;8582;5.86;0.36;336.98;8.87;1302;23;2926.00;160
7123;12;5561194;7123;479;8423;8582;5.84;0.36;337.07;8.92;1300;23;2927.00;159
7127;12;5561210;7127;474;8433;8595;5.82;0.35;337.37;8.91;1306;23;2928.00;162
7128;12;5561227;7128;469;8433;8595;5.83;0.36;337.38;8.91;1305;23;2929.00;162
7131;12;5561243;7131;470;8433;8595;5.86;0.36;337.34;8.91;1302;23;2930.00;162
7132;12;5561258;7132;480;8434;8596;5.88;0.36;337.33;8.91;1302;23;2931.00;162
7134;12;5561273;7134;480;8436;8597;5.88;0.36;337.29;8.97;1302;23;2932.00;161
7139;12;5561288;7139;482;8436;8597;5.86;0.36;337.36;8.97;1297;23;2933.00;161
7141;12;5561303;7141;492;8439;8600;5.90;0.36;337.36;8.97;1298;23;2934.00;161
7144;12;5561323;7144;493;8440;8600;5.90;0.36;337.47;9.03;1296;23;2935.00;160
7147;12;5561341;7147;494;8442;8600;5.90;0.36;337.60;9.03;1295;23;2936.00;158
7147;12;5561361;7147;499;8442;8600;5.91;0.36;337.60;9.03;1295;23;2937.00;158
7151;12;5561377;7151;496;8449;8606;5.92;0.36;337.87;9.08;1298;23;2938.00;157
7155;12;5561393;7155;499;8450;8606;5.90;0.36;337.94;9.09;1295;23;2939.00;156
7158;12;5561410;7158;496;8452;8606;5.91;0.36;338.13;9.15;1294;23;2940.00;154
7159;12;5561425;7159;495;8453;8606;5.91;0.36;338.14;9.15;1294;23;2941.00;153
7163;12;5561444;7163;500;8456;8610;5.87;0.36;338.19;9.15;1293;23;2942.00;154
7169;12;5561459;7169;504;8457;8611;5.82;0.36;338.24;9.15;1288;23;2943.00;154
7172;12;5561476;7172;511;8459;8611;5.79;0.35;338.21;9.20;1287;23;2944.00;152
7176;12;5561491;7176;517;8460;8612;5.79;0.35;338.30;9.20;1284;23;2945.00;152
7177;12;5561509;7177;518;8462;8612;5.75;0.35;338.37;9.25;1285;23;2946.00;150
7179;12;5561530;7179;529;8462;8612;5.72;0.35;338.45;9.25;1283;23;2947.00;150
7181;12;5561550;7181;529;8463;8612;5.73;0.35;338.52;9.30;1282;23;2948.00;149
7185;12;5561567;7185;534;8463;8612;5.71;0.35;338.66;9.30;1278;23;2949.00;149
7192;12;5561582;7192;534;8464;8612;5.65;0.34;338.74;9.35;1272;23;2950.00;148
7195;12;5561598;7195;534;8464;8612;5.62;0.34;338.86;9.35;1269;23;2951.00;148
7198;12;5561613;7198;538;8499;8682;5.74;0.35;338.89;9.41;1301;23;2952.00;183
7201;12;5561637;7201;541;8502;8683;5.72;0.35;338.97;9.46;1301;23;2953.00;181
7204;12;5561655;7204;542;8509;8683;5.75;0.35;339.13;9.50;1305;23;2954.00;174
7206;12;5561672;7206;540;8512;8683;5.77;0.35;339.21;9.50;1306;23;2955.00;171
7209;12;5561688;7209;542;8516;8683;5.79;0.35;339.29;9.50;1307;23;2956.00;167
7211;12;5561705;7211;545;8517;8683;5.78;0.35;339.51;9.50;1306;23;2957.00;166
7214;12;5561721;7214;544;8521;8683;5.79;0.35;339.57;9.50;1307;23;2958.00;162
7217;13;5561738;7217;542;8528;8683;5.78;0.35;339.62;9.69;1311;24;2959.00;155
7219;13;5561769;7219;535;8531;8684;5.77;0.35;339.73;9.69;1312;24;2960.00;153
7222;13;5561793;7222;541;8536;8685;5.79;0.35;339.77;9.78;1314;24;2961.00;149
7225;13;5561813;7225;546;8539;8685;5.74;0.35;339.84;9.78;1314;24;2962.00;146
7228;13;5561835;7228;558;8543;8689;5.63;0.34;339.94;9.78;1315;24;2963.00;146
7228;13;5561856;7228;563;8546;8689;5.59;0.34;339.94;9.87;1318;24;2964.00;143
7231;13;5561874;7231;569;8546;8689;5.60;0.34;339.87;9.87;1315;25;2965.00;143
7232;13;5561901;7232;567;8548;8689;5.60;0.34;339.84;9.96;1316;25;2966.00;141
7235;13;5561916;7235;570;8552;8695;5.54;0.34;339.90;9.96;1317;25;2967.00;143
7240;13;5561933;7240;569;8552;8695;5.43;0.33;339.94;9.96;1312;25;2968.00;143
7243;13;5561951;7243;569;8554;8695;5.29;0.32;339.96;10.05;1311;25;2969.00;141
7247;13;5561968;7247;562;8557;8701;5.20;0.32;339.98;10.05;1310;25;2970.00;144
7250;13;5561985;7250;551;8559;8701;5.10;0.31;339.95;10.13;1309;25;2971.00;142
7250;13;5562000;7250;547;8560;8701;5.03;0.31;339.95;10.13;1310;26;2972.00;141
7254;13;5562023;7254;542;8560;8702;4.94;0.30;340.10;10.13;1306;26;2973.00;142
7257;13;5562038;7257;533;8563;8703;4.86;0.30;340.14;10.22;1306;26;2974.00;140
7258;13;5562054;7258;540;8563;8703;4.82;0.30;340.18;10.22;1305;26;2975.00;140
7263;13;5562072;7263;537;8575;8716;4.78;0.30;340.15;10.29;1312;26;2976.00;141
7265;13;5562090;7265;535;8575;8716;4.74;0.29;340.14;10.29;1310;26;2977.00;141
7269;13;5562106;7269;534;8577;8716;4.71;0.29;340.20;10.38;1308;26;2978.00;139
7275;13;5562121;7275;533;8577;8717;4.65;0.29;340.10;10.38;1302;26;2979.00;140
7277;13;5562137;7277;532;8577;8717;4.64;0.29;340.12;10.38;1300;26;2980.00;140
7281;13;5562151;7281;540;8581;8721;4.65;0.29;340.13;10.43;1300;26;2981.00;140
7286;13;5562167;7286;542;8581;8721;4.62;0.29;340.07;10.43;1295;26;2982.00;140
7289;13;5562181;7289;540;8584;8725;4.64;0.29;339.97;10.42;1295;26;2983.00;141
7294;13;5562195;7294;540;8585;8725;4.61;0.29;340.05;10.43;1291;26;2984.00;140
7296;13;5562210;7296;546;8585;8725;4.62;0.29;339.99;10.43;1289;26;2985.00;140
7302;13;5562226;7302;536;8585;8725;4.56;0.28;339.98;10.43;1283;26;2986.00;140
7306;13;5562242;7306;535;8585;8725;4.56;0.28;340.15;10.43;1279;26;2987.00;140
7310;13;5562258;7310;545;8593;8737;4.66;0.29;340.22;10.42;1283;26;2988.00;144
7314;13;5562273;7314;543;8593;8737;4.70;0.29;340.23;10.42;1279;26;2989.00;144
7317;13;5562288;7317;535;8594;8737;4.77;0.29;340.25;10.42;1277;26;2990.00;143
7318;13;5562303;7318;543;8594;8737;4.80;0.30;340.22;10.42;1276;26;2991.00;143
7323;13;5562317;7323;539;8594;8737;4.78;0.30;340.17;10.42;1271;26;2992.00;143
7329;13;5562336;7329;538;8594;8737;4.74;0.29;340.11;10.42;1265;26;2993.00;143
7333;13;5562350;7333;530;8594;8738;4.73;0.29;340.12;10.42;1261;26;2994.00;144
7337;13;5562365;7337;530;8594;8738;4.69;0.29;340.11;10.42;1257;26;2995.00;144
7340;13;5562379;7340;528;8599;8744;4.69;0.29;340.10;10.41;1259;26;2996.00;145
7346;13;5562393;7346;530;8599;8745;4.62;0.28;340.09;10.41;1253;26;2997.00;146
7350;13;5562409;7350;532;8599;8745;4.55;0.28;340.08;10.41;1249;26;2998.00;146
7352;13;5562423;7352;532;8599;8745;4.50;0.28;340.07;10.41;1247;26;2999.00;146
7357;13;5562440;7357;536;8606;8765;4.47;0.27;340.17;10.41;1249;26;3000.00;159
7360;13;5562460;7360;542;8606;8765;4.40;0.27;340.15;10.41;1246;26;3001.00;159
7364;13;5562473;7364;546;8606;8765;4.37;0.27;340.18;10.41;1242;26;3002.00;159
7368;13;5562488;7368;557;8607;8766;4.37;0.27;340.16;10.40;1239;26;3003.00;159
7370;13;5562503;7370;555;8611;8770;4.37;0.27;340.16;10.40;1241;26;3004.00;159
7372;13;5562516;7372;563;8612;8770;4.35;0.27;340.15;10.40;1240;26;3005.00;158
7376;13;5562529;7376;573;8615;8773;4.34;0.27;340.25;10.40;1239;26;3006.00;158
7378;13;5562543;7378;563;8616;8773;4.30;0.26;340.29;10.40;1238;26;3007.00;157
7380;13;5562556;7380;554;8616;8773;4.31;0.26;340.31;10.40;1236;26;3008.00;157
7381;13;5562570;7381;559;8617;8773;4.34;0.27;340.35;10.40;1236;26;3009.00;156
7384;13;5562584;7384;550;8619;8777;4.38;0.27;340.40;10.40;1235;26;3010.00;158
7387;13;5562601;7387;553;8622;8777;4.39;0.27;340.44;10.41;1235;26;3011.00;155
7390;13;5562615;7390;551;8623;8777;4.39;0.27;340.40;10.41;1233;26;3012.00;154
7393;13;5562643;7393;552;8624;8777;4.48;0.27;340.42;10.41;1231;26;3013.00;153
7397;13;5562669;7397;554;8626;8778;4.50;0.27;340.43;10.41;1229;26;3014.00;152
7398;13;5562685;7398;556;8629;8780;4.56;0.28;340.45;10.47;1231;26;3015.00;151
7400;13;5562700;7400;558;8630;8780;4.58;0.28;340.49;10.47;1230;26;3016.00;150
7402;13;5562714;7402;542;8633;8781;4.59;0.28;340.49;10.47;1231;26;3017.00;148
7404;13;5562729;7404;530;8633;8781;4.60;0.28;340.51;10.47;1229;26;3018.00;148
7407;13;5562745;7407;520;8635;8781;4.62;0.28;340.56;10.47;1228;26;3019.00;146
7408;13;5562762;7408;515;8636;8781;4.71;0.29;340.58;10.47;1228;26;3020.00;145
7409;13;5562779;7409;519;8636;8781;4.72;0.29;340.56;10.47;1227;26;3021.00;145
7411;13;5562802;7411;509;8637;8781;4.73;0.29;340.56;10.47;1226;26;3022.00;144
7413;13;5562819;7413;514;8638;8781;4.75;0.29;340.73;10.47;1225;26;3023.00;143
7414;13;5562835;7414;525;8703;8908;5.13;0.32;340.78;10.39;1289;26;3024.00;205
7414;13;5562868;7414;518;8706;8909;5.14;0.32;340.78;10.39;1292;26;3025.00;203
7415;13;5562886;7415;496;8716;8909;5.21;0.32;340.81;10.38;1301;26;3026.00;193
7416;13;5562904;7416;486;8721;8909;5.30;0.33;340.79;10.38;1305;26;3027.00;188
7419;13;5562924;7419;479;8726;8909;5.36;0.33;340.86;10.37;1307;26;3028.00;183
7420;13;5562944;7420;476;8729;8909;5.38;0.33;340.86;10.37;1309;26;3029.00;180
7422;13;5562965;7422;468;8732;8909;5.43;0.33;340.89;10.37;1310;26;3030.00;177
7422;13;5562983;7422;469;8735;8909;5.44;0.33;340.89;10.43;1313;26;3031.00;174
7426;13;5563002;7426;461;8738;8910;5.44;0.33;340.88;10.43;1312;26;3032.00;172
7426;13;5563020;7426;458;8739;8911;5.42;0.33;340.88;10.43;1313;26;3033.00;172
7429;13;5563040;7429;454;8744;8911;5.39;0.33;341.08;10.43;1315;26;3034.00;167
7433;13;5563058;7433;459;8746;8912;5.34;0.33;341.02;10.43;1313;26;3035.00;166
7436;13;5563075;7436;462;8748;8912;5.29;0.32;340.98;10.43;1312;26;3036.00;164
7438;13;5563091;7438;453;8749;8912;5.30;0.32;341.01;10.43;1311;26;3037.00;163
7440;13;5563109;7440;454;8753;8912;5.31;0.33;340.99;10.43;1313;26;3038.00;159
7444;13;5563124;7444;462;8757;8916;5.33;0.33;341.00;10.43;1313;26;3039.00;159
7445;13;5563142;7445;450;8758;8916;5.35;0.33;341.06;10.43;1313;26;3040.00;158
7448;13;5563160;7448;451;8760;8916;5.36;0.33;341.02;10.43;1312;26;3041.00;156
7449;13;5563177;7449;455;8761;8919;5.41;0.33;341.02;10.43;1312;26;3042.00;158
7451;13;5563192;7451;451;8762;8919;5.45;0.33;341.08;10.43;1311;26;3043.00;157
7453;13;5563207;7453;446;8763;8919;5.48;0.33;341.11;10.43;1310;26;3044.00;156
7454;13;5563222;7454;442;8767;8923;5.50;0.34;341.11;10.43;1313;26;3045.00;156
7458;13;5563243;7458;446;8769;8924;5.53;0.34;341.22;10.43;1311;26;3046.00;155
7458;13;5563260;7458;448;8770;8924;5.56;0.34;341.22;10.43;1312;26;3047.00;154
7460;13;5563275;7460;449;8774;8928;5.60;0.34;341.20;10.43;1314;26;3048.00;154
7462;13;5563290;7462;455;8775;8928;5.65;0.35;341.23;10.48;1313;26;3049.00;153
7465;13;5563305;7465;460;8775;8928;5.69;0.35;341.32;10.48;1310;26;3050.00;153
7468;13;5563319;7468;458;8776;8929;5.70;0.35;341.43;10.48;1308;26;3051.00;153
7470;13;5563335;7470;458;8777;8929;5.72;0.35;341.50;10.48;1307;26;3052.00;152
7473;13;5563350;7473;457;8782;8935;5.73;0.35;341.54;10.48;1309;26;3053.00;153
7474;13;5563365;7474;459;8782;8935;5.77;0.35;341.53;10.48;1308;26;3054.00;153
7478;13;5563386;7478;459;8782;8936;5.76;0.35;341.70;10.48;1304;26;3055.00;154
7483;13;5563401;7483;457;8782;8936;5.76;0.35;341.74;10.48;1299;26;3056.00;154
7485;13;5563416;7485;466;8782;8936;5.77;0.35;341.81;10.48;1297;26;3057.00;154
7489;13;5563431;7489;464;8782;8936;5.73;0.35;341.80;10.48;1293;26;3058.00;154
7491;13;5563446;7491;461;8782;8936;5.70;0.35;341.98;10.48;1291;26;3059.00;154
7492;13;5563466;7492;462;8808;8972;5.76;0.35;342.00;10.45;1316;26;3060.00;164
7494;13;5563488;7494;452;8808;8972;5.70;0.35;341.97;10.45;1314;26;3061.00;164
7496;13;5563508;7496;454;8812;8972;5.70;0.35;341.97;10.50;1316;26;3062.00;160
7499;13;5563523;7499;458;8812;8972;5.71;0.35;342.11;10.50;1313;26;3063.00;160
7505;13;5563538;7505;449;8813;8972;5.67;0.35;342.14;10.50;1308;26;3064.00;159
7509;13;5563553;7509;450;8813;8972;5.69;0.35;342.09;10.50;1304;26;3065.00;159
7511;13;5563568;7511;447;8818;8976;5.71;0.35;342.13;10.56;1307;26;3066.00;158
7512;13;5563584;7512;440;8818;8976;5.77;0.35;342.25;10.56;1306;26;3067.00;158
7516;13;5563604;7516;439;8822;8980;5.85;0.35;342.30;10.56;1306;26;3068.00;158
7522;13;5563619;7522;433;8823;8981;5.85;0.35;342.48;10.55;1301;26;3069.00;158
7525;13;5563635;7525;431;8823;8981;5.81;0.35;342.59;10.55;1298;26;3070.00;158
7528;13;5563655;7528;432;8823;8981;5.78;0.35;342.67;10.55;1295;26;3071.00;158
7531;13;5563670;7531;434;8832;8994;5.76;0.35;342.74;10.54;1301;26;3072.00;162
7534;13;5563685;7534;434;8833;8994;5.73;0.35;342.77;10.54;1299;26;3073.00;161
7537;13;5563699;7537;428;8833;8994;5.72;0.35;342.81;10.54;1296;26;3074.00;161
7540;13;5563714;7540;421;8836;8995;5.74;0.35;342.78;10.65;1296;26;3075.00;159
7544;13;5563730;7544;422;8836;8996;5.77;0.35;342.76;10.65;1292;26;3076.00;160
7549;13;5563746;7549;424;8837;8996;5.73;0.35;342.80;10.64;1288;26;3077.00;159
7552;13;5563763;7552;420;8839;8999;5.77;0.35;342.84;10.64;1287;26;3078.00;160
7556;13;5563778;7556;423;8840;8999;5.82;0.35;342.94;10.64;1284;26;3079.00;159
7557;13;5563794;7557;425;8840;8999;5.88;0.36;342.93;10.64;1283;26;3080.00;159
7560;13;5563809;7560;421;8840;8999;5.84;0.35;342.95;10.64;1280;26;3081.00;159
7563;13;5563823;7563;424;8845;9005;5.86;0.36;343.06;10.64;1282;26;3082.00;160
7565;13;5563838;7565;424;8845;9005;5.85;0.35;343.27;10.64;1280;26;3083.00;160
7565;13;5563852;7565;421;8845;9005;5.82;0.35;343.27;10.64;1280;26;3084.00;160
7569;13;5563866;7569;421;8845;9005;5.77;0.35;343.39;10.64;1276;26;3085.00;160
7569;13;5563881;7569;426;8848;9009;5.77;0.35;343.39;10.63;1279;26;3086.00;161
7574;13;5563896;7574;428;8849;9010;5.74;0.35;343.60;10.63;1275;26;3087.00;161
7576;13;5563910;7576;433;8849;9010;5.68;0.35;343.65;10.63;1273;26;3088.00;161
7578;13;5563924;7578;430;8850;9011;5.70;0.35;343.67;10.63;1272;26;3089.00;161
7581;13;5563939;7581;439;8850;9011;5.68;0.35;343.76;10.63;1269;26;3090.00;161
7581;13;5563954;7581;433;8850;9011;5.70;0.35;343.76;10.63;1269;26;3091.00;161
7584;13;5563968;7584;434;8850;9011;5.66;0.35;343.83;10.63;1266;26;3092.00;161
7589;13;5563982;7589;444;8850;9011;5.65;0.35;343.80;10.63;1261;26;3093.00;161
7591;13;5563996;7591;449;8850;9011;5.62;0.34;343.83;10.63;1259;26;3094.00;161
7595;13;5564012;7595;447;8850;9011;5.58;0.34;343.96;10.63;1255;26;3095.00;161
7596;13;5564029;7596;453;8887;9081;5.72;0.35;343.95;10.59;1291;26;3096.00;194
7598;13;5564053;7598;453;8890;9082;5.69;0.35;343.94;10.58;1292;26;3097.00;192
7603;13;5564069;7603;455;8896;9082;5.69;0.35;344.02;10.58;1293;26;3098.00;186
7607;13;5564083;7607;470;8896;9082;5.68;0.35;344.09;10.58;1289;26;3099.00;186
7612;13;5564099;7612;477;8898;9082;5.63;0.34;344.15;10.58;1286;26;3100.00;184
7614;13;5564117;7614;479;8900;9082;5.63;0.34;344.28;10.57;1286;26;3101.00;182
7617;13;5564131;7617;487;8903;9082;5.59;0.34;344.29;10.63;1286;26;3102.00;179
7620;13;5564146;7620;495;8905;9082;5.57;0.34;344.42;10.63;1285;26;3103.00;177
7623;13;5564159;7623;494;8909;9083;5.51;0.34;344.47;10.68;1286;26;3104.00;174
7624;13;5564174;7624;492;8911;9085;5.47;0.33;344.52;10.68;1287;26;3105.00;174
7627;13;5564188;7627;506;8915;9085;5.43;0.33;344.67;10.78;1288;26;3106.00;170
7629;13;5564201;7629;513;8920;9089;5.37;0.33;344.61;10.78;1291;26;3107.00;169
7631;13;5564215;7631;517;8922;9089;5.36;0.33;344.81;10.78;1291;26;3108.00;167
7633;13;5564229;7633;525;8925;9089;5.30;0.32;344.91;10.88;1292;26;3109.00;164
7634;13;5564242;7634;527;8926;9089;5.29;0.32;344.90;10.88;1292;26;3110.00;163
7638;13;5564255;7638;532;8931;9095;5.28;0.32;345.05;10.88;1293;26;3111.00;164
7639;13;5564271;7639;542;8932;9095;5.27;0.32;345.14;10.88;1293;26;3112.00;163
7645;13;5564284;7645;549;8933;9095;5.21;0.32;345.12;10.88;1288;26;3113.00;162
7649;13;5564297;7649;555;8935;9098;5.16;0.32;345.22;10.87;1286;26;3114.00;163
7652;13;5564310;7652;566;8935;9098;5.06;0.31;345.26;10.87;1283;26;3115.00;163
7655;13;5564323;7655;571;8937;9098;4.97;0.30;345.17;10.93;1282;26;3116.00;161
7657;13;5564336;7657;571;8937;9099;4.86;0.30;345.16;10.93;1280;26;3117.00;162
7661;13;5564349;7661;569;8938;9100;4.77;0.29;345.13;10.92;1277;26;3118.00;162
7663;13;5564362;7663;569;8938;9100;4.73;0.29;345.23;10.92;1275;26;3119.00;162
7665;13;5564376;7665;579;8954;9126;4.78;0.29;345.24;10.91;1289;26;3120.00;172
7667;13;5564391;7667;584;8954;9126;4.76;0.29;345.23;10.91;1287;26;3121.00;172
7669;13;5564404;7669;577;8958;9126;4.81;0.29;345.17;10.90;1289;26;3122.00;168
7669;13;5564417;7669;577;8960;9127;4.86;0.30;345.17;10.90;1291;26;3123.00;167
7671;13;5564430;7671;576;8961;9127;4.85;0.30;345.27;10.90;1290;26;3124.00;166
7673;13;5564442;7673;570;8965;9131;4.85;0.30;345.28;10.89;1292;26;3125.00;166
7677;13;5564455;7677;573;8965;9131;4.77;0.29;345.21;10.89;1288;26;3126.00;166
7680;13;5564467;7680;572;8968;9135;4.72;0.29;345.26;10.89;1288;26;3127.00;167
7683;13;5564479;7683;585;8968;9135;4.63;0.28;345.20;10.89;1285;26;3128.00;167
7684;13;5564491;7684;585;8968;9135;4.59;0.28;345.18;10.89;1284;26;3129.00;167
7687;13;5564504;7687;595;8968;9135;4.52;0.28;345.20;10.89;1281;26;3130.00;167
7692;13;5564515;7692;599;8968;9135;4.43;0.27;345.33;10.89;1276;26;3131.00;167
7696;13;5564528;7696;597;8978;9147;4.40;0.27;345.26;10.88;1282;26;3132.00;169
7698;13;5564541;7698;605;8978;9147;4.32;0.26;345.19;10.88;1280;26;3133.00;169
7703;13;5564553;7703;610;8979;9147;4.16;0.25;345.20;10.88;1276;26;3134.00;168
7705;13;5564564;7705;601;8979;9147;4.12;0.25;345.19;10.88;1274;26;3135.00;168
7711;13;5564576;7711;594;8979;9147;4.04;0.25;345.11;10.88;1268;26;3136.00;168
7713;13;5564588;7713;594;8979;9147;4.01;0.24;345.10;10.88;1266;26;3137.00;168
7716;13;5564600;7716;585;8979;9148;3.94;0.24;345.10;10.88;1263;26;3138.00;169
7720;13;5564611;7720;587;8979;9148;3.93;0.24;345.12;10.88;1259;26;3139.00;169
7723;13;5564623;7723;584;8984;9154;3.99;0.24;345.05;10.87;1261;26;3140.00;170
7728;13;5564635;7728;589;8985;9155;3.94;0.24;345.08;10.87;1257;26;3141.00;170
7729;13;5564647;7729;584;8985;9155;3.96;0.24;345.07;10.87;1256;26;3142.00;170
7730;13;5564659;7730;578;8985;9155;4.00;0.24;345.06;10.87;1255;26;3143.00;170
7732;13;5564671;7732;582;8988;9159;4.05;0.25;345.03;10.87;1256;26;3144.00;171
7734;13;5564683;7734;578;8988;9159;4.04;0.25;345.00;10.87;1254;26;3145.00;171
7735;13;5564694;7735;584;8988;9159;4.02;0.24;344.98;10.87;1253;26;3146.00;171
7738;13;5564706;7738;583;8989;9160;4.02;0.24;344.88;10.87;1251;26;3147.00;171
7742;13;5564717;7742;581;8992;9164;4.01;0.24;344.84;10.86;1250;26;3148.00;172
7743;13;5564729;7743;579;8992;9164;4.03;0.25;344.83;10.86;1249;26;3149.00;172
7744;13;5564743;7744;586;8996;9170;4.12;0.25;344.85;10.86;1252;26;3150.00;174
7749;13;5564756;7749;585;8996;9170;4.09;0.25;344.92;10.86;1247;26;3151.00;174
7751;13;5564768;7751;580;8998;9170;4.09;0.25;344.96;10.86;1247;26;3152.00;172
7755;13;5564780;7755;585;8998;9170;4.05;0.25;344.88;10.86;1243;26;3153.00;172
7758;13;5564792;7758;568;9002;9174;4.07;0.25;344.92;10.85;1244;26;3154.00;172
7762;13;5564807;7762;557;9002;9174;4.06;0.25;344.93;10.85;1240;26;3155.00;172
7764;13;5564820;7764;549;9003;9174;4.09;0.25;344.92;10.92;1239;26;3156.00;171
7765;13;5564832;7765;541;9003;9174;4.12;0.25;344.89;10.92;1238;26;3157.00;171
7768;13;5564845;7768;539;9003;9175;4.14;0.25;344.88;10.92;1235;26;3158.00;172
7770;14;5564857;7770;530;9004;9176;4.18;0.25;344.85;10.92;1234;27;3159.00;172
7773;14;5564880;7773;529;9004;9176;4.22;0.26;344.94;10.92;1231;27;3160.00;172
7775;14;5564892;7775;529;9005;9177;4.26;0.26;344.93;10.92;1230;27;3161.00;172
7776;14;5564905;7776;531;9005;9177;4.29;0.26;344.95;10.92;1229;27;3162.00;172
7778;14;5564918;7778;536;9005;9177;4.33;0.26;344.93;10.92;1227;27;3163.00;172
7778;14;5564930;7778;527;9005;9177;4.39;0.27;344.93;10.92;1227;27;3164.00;172
7781;14;5564947;7781;531;9005;9177;4.41;0.27;344.93;10.92;1224;27;3165.00;172
7783;14;5564959;7783;533;9005;9177;4.41;0.27;345.02;10.92;1222;27;3166.00;172
7786;14;5564972;7786;527;9005;9177;4.39;0.27;345.04;10.92;1219;27;3167.00;172
7789;14;5564989;7789;539;9071;9304;4.79;0.30;345.06;10.84;1282;27;3168.00;233
7792;14;5565011;7792;536;9076;9305;4.79;0.30;345.10;10.83;1284;27;3169.00;229
7792;14;5565024;7792;528;9084;9305;4.83;0.30;345.10;10.83;1292;27;3170.00;221
7795;14;5565036;7795;529;9088;9305;4.84;0.30;345.16;10.82;1293;27;3171.00;217
7798;14;5565050;7798;526;9092;9305;4.84;0.30;345.17;10.82;1294;27;3172.00;213
7800;14;5565063;7800;526;9095;9305;4.87;0.30;345.21;10.82;1295;27;3173.00;210
7802;14;5565081;7802;525;9096;9305;4.87;0.30;345.20;10.89;1294;27;3174.00;209
7804;14;5565098;7804;526;9099;9305;4.85;0.30;345.20;10.89;1295;27;3175.00;206
7806;14;5565112;7806;527;9102;9306;4.85;0.30;345.30;10.89;1296;27;3176.00;204
7810;14;5565126;7810;532;9105;9307;4.82;0.30;345.44;10.89;1295;27;3177.00;202
7816;14;5565140;7816;523;9108;9307;4.73;0.29;345.48;10.89;1292;27;3178.00;199
7818;14;5565154;7818;528;9110;9308;4.68;0.29;345.47;10.89;1292;27;3179.00;198
7820;14;5565169;7820;527;9113;9308;4.69;0.29;345.52;10.89;1293;27;3180.00;195
7820;14;5565182;7820;541;9115;9308;4.67;0.29;345.52;10.89;1295;27;3181.00;193
7825;14;5565194;7825;542;9117;9308;4.64;0.29;345.72;10.89;1292;27;3182.00;191
7827;14;5565209;7827;539;9123;9312;4.67;0.29;345.86;10.89;1296;27;3183.00;189
7832;14;5565223;7832;542;9124;9312;4.66;0.29;345.87;10.89;1292;27;3184.00;188
7835;14;5565237;7835;537;9126;9312;4.68;0.29;345.98;10.89;1291;27;3185.00;186
7837;14;5565251;7837;540;9127;9315;4.70;0.29;346.02;10.89;1290;27;3186.00;188
7840;14;5565264;7840;533;9128;9315;4.76;0.29;345.98;10.89;1288;27;3187.00;187
7846;14;5565279;7846;534;9128;9315;4.75;0.29;346.03;10.89;1282;27;3188.00;187
7849;14;5565294;7849;532;9134;9319;4.79;0.29;346.07;10.88;1285;27;3189.00;185
7853;14;5565308;7853;530;9136;9320;4.80;0.29;346.15;10.88;1283;27;3190.00;184
7855;14;5565321;7855;525;9139;9322;4.85;0.30;346.25;10.88;1284;27;3191.00;183
7857;14;5565336;7857;516;9142;9326;4.91;0.30;346.36;10.88;1285;27;3192.00;184
7859;14;5565350;7859;508;9143;9326;4.99;0.30;346.34;10.94;1284;27;3193.00;183
7861;14;5565365;7861;504;9143;9326;5.04;0.31;346.38;10.94;1282;27;3194.00;183
7862;14;5565380;7862;495;9145;9328;5.05;0.31;346.36;10.94;1283;27;3195.00;183
7862;14;5565400;7862;493;9145;9328;5.11;0.31;346.36;10.94;1283;27;3196.00;183
7864;14;5565414;7864;495;9150;9334;5.10;0.31;346.44;10.93;1286;27;3197.00;184
7864;14;5565428;7864;493;9150;9334;5.09;0.31;346.44;10.93;1286;27;3198.00;184
7867;14;5565443;7867;504;9150;9335;5.07;0.31;346.56;10.93;1283;27;3199.00;185
7869;14;5565459;7869;510;9150;9335;5.07;0.31;346.57;10.93;1281;27;3200.00;185
7870;14;5565477;7870;505;9150;9335;5.08;0.31;346.59;10.93;1280;27;3201.00;185
7872;14;5565491;7872;503;9150;9335;5.10;0.31;346.62;10.93;1278;27;3202.00;185
7876;14;5565505;7876;502;9151;9335;5.07;0.31;346.66;11.00;1275;27;3203.00;184
7878;14;5565519;7878;504;9161;9347;5.16;0.31;346.67;10.99;1283;27;3204.00;186
7880;14;5565534;7880;508;9161;9347;5.15;0.31;346.76;10.99;1281;27;3205.00;186
7883;14;5565548;7883;511;9162;9347;5.12;0.31;346.87;10.98;1279;27;3206.00;185
7888;14;5565563;7888;504;9162;9347;5.11;0.31;347.08;10.98;1274;27;3207.00;185
7889;14;5565577;7889;497;9162;9347;5.08;0.31;347.06;10.98;1273;27;3208.00;185
7891;14;5565590;7891;502;9162;9347;5.10;0.31;347.08;10.98;1271;27;3209.00;185
7894;14;5565605;7894;505;9166;9351;5.09;0.31;347.22;11.04;1272;27;3210.00;185
7897;15;5565620;7897;498;9166;9351;5.06;0.31;347.31;11.04;1269;28;3211.00;185
7900;15;5565641;7900;498;9170;9355;5.15;0.31;347.35;11.04;1270;28;3212.00;185
7901;15;5565656;7901;497;9171;9356;5.22;0.32;347.35;11.04;1270;28;3213.00;185
7904;15;5565671;7904;507;9171;9356;5.23;0.32;347.40;11.04;1267;28;3214.00;185
7907;15;5565684;7907;510;9171;9356;5.28;0.32;347.51;11.04;1264;28;3215.00;185
7910;15;5565698;7910;506;9182;9369;5.35;0.33;347.52;11.02;1272;28;3216.00;187
7914;15;5565714;7914;510;9182;9369;5.37;0.33;347.45;11.02;1268;28;3217.00;187
7914;15;5565727;7914;505;9182;9369;5.40;0.33;347.45;11.02;1268;28;3218.00;187
7916;15;5565747;7916;499;9183;9370;5.46;0.33;347.46;11.02;1267;28;3219.00;187
7916;15;5565760;7916;503;9183;9371;5.51;0.33;347.46;11.02;1267;28;3220.00;188
7918;15;5565774;7918;502;9183;9371;5.51;0.33;347.48;11.02;1265;28;3221.00;188
7920;15;5565787;7920;502;9185;9374;5.55;0.34;347.52;11.02;1265;28;3222.00;189
7921;15;5565802;7921;504;9185;9374;5.53;0.34;347.48;11.02;1264;28;3223.00;189
7921;15;5565815;7921;501;9186;9374;5.51;0.33;347.48;11.02;1265;28;3224.00;188
7923;15;5565830;7923;497;9187;9374;5.46;0.33;347.54;11.08;1264;28;3225.00;187
7924;15;5565850;7924;496;9192;9380;5.48;0.33;347.54;11.08;1268;28;3226.00;188
7927;15;5565869;7927;490;9192;9380;5.45;0.33;347.60;11.08;1265;28;3227.00;188
7928;15;5565883;7928;481;9192;9380;5.41;0.33;347.60;11.08;1264;28;3228.00;188
7931;15;5565897;7931;479;9192;9380;5.39;0.33;347.71;11.08;1261;28;3229.00;188
7932;15;5565912;7932;481;9195;9384;5.39;0.33;347.71;11.07;1263;28;3230.00;189
7935;15;5565930;7935;462;9196;9385;5.43;0.33;347.71;11.07;1261;28;3231.00;189
7937;15;5565949;7937;460;9196;9385;5.49;0.33;347.75;11.07;1259;28;3232.00;189
7939;15;5565967;7939;447;9197;9386;5.52;0.33;347.77;11.07;1258;28;3233.00;189
7941;15;5565984;7941;449;9197;9386;5.51;0.33;347.86;11.07;1256;28;3234.00;189
7942;15;5566002;7942;436;9197;9386;5.55;0.34;347.90;11.07;1255;28;3235.00;189
7945;15;5566019;7945;429;9197;9386;5.54;0.34;348.02;11.07;1252;28;3236.00;189
7950;15;5566037;7950;430;9198;9386;5.53;0.34;348.04;11.13;1248;28;3237.00;188
7955;15;5566058;7955;430;9198;9386;5.53;0.34;348.03;11.13;1243;28;3238.00;188
7959;15;5566074;7959;429;9198;9386;5.49;0.33;348.10;11.13;1239;28;3239.00;188
7963;15;5566096;7963;430;9254;9511;5.58;0.34;348.19;11.19;1291;28;3240.00;257
7964;15;5566127;7964;436;9256;9512;5.55;0.34;348.25;11.19;1292;28;3241.00;256
7968;15;5566150;7968;437;9265;9512;5.51;0.34;348.34;11.18;1297;28;3242.00;247
7972;15;5566168;7972;441;9269;9512;5.49;0.34;348.36;11.18;1297;28;3243.00;243
7975;15;5566187;7975;442;9277;9512;5.45;0.34;348.42;11.17;1302;28;3244.00;235
7978;15;5566205;7978;445;9279;9512;5.44;0.33;348.46;11.17;1301;28;3245.00;233
7980;16;5566220;7980;442;9282;9512;5.45;0.33;348.42;11.17;1302;29;3246.00;230
7984;16;5566240;7984;447;9286;9512;5.45;0.33;348.53;11.17;1302;29;3247.00;226
7988;16;5566259;7988;444;9293;9513;5.44;0.33;348.55;11.16;1305;29;3248.00;220
7991;16;5566274;7991;447;9296;9514;5.41;0.33;348.60;11.16;1305;29;3249.00;218
7994;16;5566289;7994;441;9300;9514;5.36;0.33;348.83;11.16;1306;29;3250.00;214
7995;16;5566303;7995;440;9305;9518;5.30;0.32;348.86;11.16;1310;29;3251.00;213
8000;16;5566317;8000;444;9308;9518;5.26;0.32;349.03;11.16;1308;29;3252.00;210
8004;16;5566331;8004;446;9311;9518;5.16;0.32;349.15;11.28;1307;29;3253.00;207
8005;16;5566346;8005;449;9312;9518;5.16;0.32;349.15;11.28;1307;29;3254.00;206
8008;16;5566360;8008;458;9316;9524;5.17;0.32;349.28;11.27;1308;29;3255.00;208
8012;16;5566374;8012;470;9317;9524;5.12;0.31;349.48;11.27;1305;29;3256.00;207
8012;16;5566389;8012;471;9317;9524;5.12;0.31;349.48;11.27;1305;29;3257.00;207
8015;16;5566403;8015;470;9319;9527;5.10;0.31;349.70;11.27;1304;29;3258.00;208
8017;16;5566416;8017;484;9320;9527;5.02;0.31;349.74;11.27;1303;29;3259.00;207
8018;16;5566429;8018;487;9320;9527;4.98;0.30;349.74;11.27;1302;29;3260.00;207
8018;16;5566443;8018;491;9320;9528;4.94;0.30;349.74;11.27;1302;29;3261.00;208
8020;16;5566457;8020;496;9321;9529;4.93;0.30;349.81;11.27;1301;29;3262.00;208
8023;16;5566471;8023;496;9321;9529;4.89;0.30;349.75;11.27;1298;29;3263.00;208
8024;16;5566484;8024;504;9330;9542;4.91;0.30;349.75;11.26;1306;29;3264.00;212
8027;16;5566500;8027;513;9332;9542;4.87;0.30;349.74;11.32;1305;29;3265.00;210
8027;16;5566514;8027;513;9333;9542;4.88;0.30;349.74;11.32;1306;29;3266.00;209
8031;16;5566527;8031;521;9334;9543;4.84;0.30;349.64;11.32;1303;29;3267.00;209
8033;16;5566541;8033;521;9335;9543;4.82;0.30;349.59;11.38;1302;29;3268.00;208
8035;16;5566555;8035;528;9339;9547;4.80;0.29;349.62;11.38;1304;29;3269.00;208
8035;16;5566570;8035;531;9341;9547;4.75;0.29;349.62;11.51;1306;29;3270.00;206
8036;16;5566585;8036;531;9344;9551;4.71;0.29;349.63;11.50;1308;29;3271.00;207
8036;16;5566599;8036;543;9344;9551;4.68;0.29;349.63;11.50;1308;29;3272.00;207
8038;16;5566613;8038;544;9346;9551;4.64;0.29;349.61;11.63;1308;29;3273.00;205
8039;16;5566627;8039;559;9346;9551;4.60;0.28;349.58;11.63;1307;29;3274.00;205
8043;16;5566643;8043;563;9347;9551;4.56;0.28;349.57;11.69;1304;29;3275.00;204
8046;16;5566660;8046;559;9356;9563;4.57;0.28;349.48;11.68;1310;29;3276.00;207
8050;16;5566675;8050;569;9357;9563;4.48;0.28;349.38;11.74;1307;29;3277.00;206
8052;16;5566689;8052;570;9359;9563;4.46;0.28;349.32;11.74;1307;29;3278.00;204
8053;16;5566702;8053;576;9361;9563;4.43;0.27;349.33;11.86;1308;29;3279.00;202
8057;16;5566716;8057;584;9361;9563;4.35;0.27;349.31;11.86;1304;29;3280.00;202
8059;16;5566730;8059;589;9361;9563;4.31;0.27;349.35;11.86;1302;29;3281.00;202
8062;16;5566744;8062;594;9363;9564;4.25;0.26;349.26;11.98;1301;29;3282.00;201
8063;16;5566759;8063;608;9363;9564;4.19;0.26;349.25;11.98;1300;29;3283.00;201
8064;16;5566772;8064;606;9368;9570;4.20;0.26;349.21;11.98;1304;29;3284.00;202
8065;16;5566788;8065;608;9369;9572;4.17;0.26;349.25;11.98;1304;29;3285.00;203
8067;16;5566802;8067;611;9372;9572;4.15;0.26;349.23;12.10;1305;29;3286.00;200
8071;16;5566816;8071;608;9374;9572;4.10;0.25;349.15;12.22;1303;29;3287.00;198
8071;16;5566830;8071;614;9379;9576;4.11;0.25;349.15;12.33;1308;29;3288.00;197
8074;16;5566845;8074;612;9379;9576;4.09;0.25;349.19;12.33;1305;29;3289.00;197
8075;16;5566859;8075;614;9379;9576;4.05;0.25;349.20;12.33;1304;29;3290.00;197
8076;16;5566871;8076;620;9382;9577;3.99;0.24;349.20;12.45;1306;29;3291.00;195
8077;16;5566885;8077;619;9385;9581;3.98;0.24;349.28;12.44;1308;29;3292.00;196
8079;16;5566899;8079;621;9386;9581;3.96;0.24;349.21;12.50;1307;29;3293.00;195
8079;16;5566912;8079;620;9389;9584;3.97;0.24;349.21;12.56;1310;29;3294.00;195
8080;16;5566925;8080;631;9389;9584;3.96;0.24;349.17;12.56;1309;29;3295.00;195
8081;16;5566938;8081;631;9390;9584;3.93;0.24;349.14;12.56;1309;29;3296.00;194
8082;16;5566950;8082;631;9391;9584;3.88;0.24;349.12;12.61;1309;29;3297.00;193
8084;16;5566963;8084;633;9395;9588;3.85;0.23;349.16;12.61;1311;29;3298.00;193
8090;16;5566976;8090;628;9395;9588;3.76;0.23;349.19;12.61;1305;29;3299.00;193
8092;16;5566991;8092;625;9401;9607;3.68;0.22;349.14;12.66;1309;29;3300.00;206
8094;16;5567010;8094;598;9401;9607;3.64;0.22;349.11;12.66;1307;29;3301.00;206
8095;16;5567023;8095;578;9401;9608;3.65;0.22;349.13;12.66;1306;29;3302.00;207
8098;16;5567035;8098;570;9402;9609;3.70;0.22;349.14;12.66;1304;29;3303.00;207
8098;16;5567047;8098;550;9402;9609;3.78;0.23;349.14;12.66;1304;29;3304.00;207
8102;16;5567060;8102;539;9404;9610;3.81;0.23;349.15;12.66;1302;30;3305.00;206
8103;16;5567081;8103;533;9405;9610;3.86;0.23;349.17;12.66;1302;30;3306.00;205
8104;16;5567093;8104;520;9405;9610;3.92;0.24;349.17;12.66;1301;30;3307.00;205
8107;16;5567106;8107;516;9405;9610;3.96;0.24;349.21;12.66;1298;31;3308.00;205
8107;16;5567126;8107;509;9405;9610;4.00;0.24;349.21;12.66;1298;31;3309.00;205
8110;16;5567139;8110;507;9405;9610;3.99;0.24;349.28;12.66;1295;31;3310.00;205
8112;16;5567157;8112;514;9407;9610;3.98;0.24;349.29;12.66;1295;31;3311.00;203
8114;16;5567170;8114;502;9469;9737;4.32;0.27;349.26;12.57;1355;31;3312.00;268
8117;16;5567193;8117;496;9474;9738;4.33;0.27;349.21;12.57;1357;31;3313.00;264
8120;16;5567207;8120;488;9480;9738;4.38;0.27;349.15;12.56;1360;31;3314.00;258
8121;16;5567221;8121;487;9484;9738;4.42;0.27;349.12;12.56;1363;31;3315.00;254
8124;16;5567234;8124;486;9488;9738;4.45;0.28;349.10;12.55;1364;31;3316.00;250
8126;16;5567248;8126;486;9492;9738;4.45;0.28;349.07;12.55;1366;31;3317.00;246
8128;16;5567261;8128;495;9495;9738;4.45;0.27;349.09;12.55;1367;31;3318.00;243
8130;16;5567275;8130;485;9497;9738;4.47;0.28;349.04;12.55;1367;31;3319.00;241
8134;16;5567288;8134;487;9500;9739;4.49;0.28;348.99;12.55;1366;31;3320.00;239
8135;16;5567302;8135;487;9503;9740;4.52;0.28;349.00;12.55;1368;31;3321.00;237
8138;16;5567315;8138;484;9504;9740;4.54;0.28;349.05;12.55;1366;31;3322.00;236
8139;16;5567329;8139;483;9508;9741;4.55;0.28;349.08;12.55;1369;31;3323.00;233
8147;16;5567344;8147;486;9510;9741;4.48;0.28;349.22;12.55;1363;31;3324.00;231
8151;16;5567359;8151;486;9511;9741;4.42;0.27;349.18;12.55;1360;31;3325.00;230
8153;16;5567373;8153;492;9514;9741;4.42;0.27;349.16;12.55;1361;31;3326.00;227
8158;16;5567386;8158;486;9517;9745;4.43;0.27;349.31;12.55;1359;31;3327.00;228
8164;16;5567401;8164;488;9518;9745;4.42;0.27;349.29;12.55;1354;31;3328.00;227
8168;16;5567416;8168;490;9522;9745;4.45;0.27;349.40;12.55;1354;31;3329.00;223
8170;16;5567432;8170;486;9524;9751;4.47;0.27;349.41;12.55;1354;31;3330.00;227
8173;16;5567448;8173;490;9525;9751;4.46;0.27;349.49;12.55;1352;31;3331.00;226
8178;16;5567461;8178;489;9529;9751;4.46;0.27;349.62;12.55;1351;31;3332.00;222
8179;16;5567478;8179;490;9533;9755;4.56;0.28;349.64;12.55;1354;31;3333.00;222
8181;16;5567494;8181;494;9536;9756;4.57;0.28;349.66;12.55;1355;31;3334.00;220
8185;16;5567512;8185;494;9537;9756;4.55;0.28;349.70;12.55;1352;31;3335.00;219
8191;16;5567535;8191;490;9540;9760;4.55;0.28;349.73;12.55;1349;31;3336.00;220
8192;16;5567551;8192;492;9542;9760;4.55;0.28;349.72;12.55;1350;31;3337.00;218
8194;16;5567564;8194;497;9542;9760;4.58;0.28;349.76;12.55;1348;31;3338.00;218
8196;16;5567578;8196;492;9542;9761;4.57;0.28;349.85;12.55;1346;31;3339.00;219
8199;16;5567593;8199;491;9544;9761;4.54;0.28;349.88;12.55;1345;31;3340.00;217
8204;16;5567610;8204;491;9549;9767;4.51;0.28;349.92;12.55;1345;31;3341.00;218
8207;16;5567626;8207;498;9551;9767;4.48;0.28;349.97;12.55;1344;31;3342.00;216
8210;16;5567642;8210;500;9552;9768;4.45;0.27;349.98;12.55;1342;31;3343.00;216
8214;16;5567659;8214;505;9554;9768;4.43;0.27;350.10;12.55;1340;31;3344.00;214
8217;16;5567676;8217;512;9555;9768;4.41;0.27;350.09;12.55;1338;31;3345.00;213
8220;16;5567694;8220;516;9556;9768;4.37;0.27;350.15;12.55;1336;31;3346.00;212
8222;16;5567711;8222;508;9557;9768;4.36;0.27;350.14;12.55;1335;31;3347.00;211
8227;16;5567728;8227;506;9566;9780;4.40;0.27;350.12;12.54;1339;31;3348.00;214
8228;16;5567746;8228;503;9567;9780;4.47;0.28;350.12;12.54;1339;31;3349.00;213
8231;16;5567761;8231;493;9567;9780;4.56;0.28;350.27;12.54;1336;31;3350.00;213
8235;16;5567778;8235;493;9567;9780;4.60;0.28;350.40;12.54;1332;31;3351.00;213
8237;16;5567795;8237;478;9569;9780;4.66;0.29;350.55;12.54;1332;31;3352.00;211
8241;16;5567814;8241;483;9569;9780;4.68;0.29;350.54;12.54;1328;31;3353.00;211
8246;16;5567830;8246;483;9572;9784;4.70;0.29;350.48;12.54;1326;31;3354.00;212
8251;16;5567848;8251;487;9572;9784;4.69;0.29;350.69;12.54;1321;31;3355.00;212
8257;16;5567864;8257;479;9575;9788;4.69;0.29;350.87;12.53;1318;31;3356.00;213
8258;16;5567881;8258;467;9576;9789;4.76;0.29;350.86;12.53;1318;31;3357.00;213
8262;16;5567896;8262;462;9576;9789;4.79;0.29;351.04;12.53;1314;31;3358.00;213
8264;16;5567912;8264;460;9576;9789;4.85;0.30;351.10;12.53;1312;31;3359.00;213
8268;16;5567928;8268;466;9597;9818;4.92;0.30;351.29;12.50;1329;31;3360.00;221
8271;16;5567946;8271;454;9598;9818;4.97;0.30;351.45;12.50;1327;31;3361.00;220
8271;16;5567963;8271;454;9599;9818;5.03;0.31;351.45;12.50;1328;31;3362.00;219
8274;16;5567979;8274;453;9599;9819;5.06;0.31;351.63;12.50;1325;31;3363.00;220
8278;16;5567995;8278;445;9599;9820;5.09;0.31;351.73;12.50;1321;31;3364.00;221
8281;16;5568012;8281;452;9601;9820;5.07;0.31;351.74;12.50;1320;31;3365.00;219
8284;16;5568028;8284;454;9603;9823;5.06;0.31;351.76;12.50;1319;31;3366.00;220
8287;16;5568050;8287;447;9603;9823;5.07;0.31;351.80;12.50;1316;31;3367.00;220
8290;16;5568067;8290;451;9606;9823;5.10;0.31;351.82;12.50;1316;31;3368.00;217
8294;16;5568084;8294;449;9606;9823;5.07;0.31;351.86;12.50;1312;31;3369.00;217
8296;16;5568100;8296;447;9611;9829;5.09;0.31;352.07;12.49;1315;31;3370.00;218
8298;16;5568117;8298;445;9611;9829;5.08;0.31;352.05;12.49;1313;31;3371.00;218
8301;16;5568132;8301;437;9611;9829;5.11;0.31;352.08;12.49;1310;31;3372.00;218
8301;16;5568148;8301;443;9611;9829;5.14;0.31;352.08;12.49;1310;31;3373.00;218
8303;16;5568163;8303;451;9614;9833;5.11;0.31;352.10;12.49;1311;31;3374.00;219
8305;16;5568179;8305;447;9616;9835;5.11;0.31;352.08;12.48;1311;31;3375.00;219
8311;16;5568195;8311;440;9616;9835;5.12;0.31;352.23;12.48;1305;31;3376.00;219
8313;16;5568210;8313;446;9617;9836;5.13;0.31;352.29;12.48;1304;31;3377.00;219
8319;16;5568226;8319;443;9617;9836;5.09;0.31;352.49;12.48;1298;31;3378.00;219
8319;16;5568242;8319;444;9617;9836;5.07;0.31;352.49;12.48;1298;31;3379.00;219
8320;16;5568257;8320;454;9617;9836;5.07;0.31;352.50;12.48;1297;31;3380.00;219
8322;16;5568270;8322;451;9617;9836;5.06;0.31;352.57;12.48;1295;31;3381.00;219
8326;16;5568285;8326;453;9617;9836;5.04;0.31;352.61;12.48;1291;31;3382.00;219
8331;16;5568300;8331;452;9617;9836;5.02;0.30;352.73;12.48;1286;31;3383.00;219
8333;16;5568313;8333;473;9654;9906;5.01;0.30;352.79;12.43;1321;31;3384.00;252
8336;16;5568333;8336;463;9654;9907;5.07;0.31;352.87;12.43;1318;31;3385.00;253
8339;16;5568348;8339;469;9659;9907;5.11;0.31;352.96;12.43;1320;31;3386.00;248
8343;16;5568362;8343;478;9661;9907;5.05;0.31;353.05;12.43;1318;31;3387.00;246
8343;16;5568375;8343;490;9664;9907;5.06;0.31;353.05;12.42;1321;31;3388.00;243
8344;16;5568389;8344;493;9667;9907;5.04;0.31;353.05;12.42;1323;31;3389.00;240
8345;16;5568404;8345;485;9669;9907;5.06;0.31;353.07;12.42;1324;31;3390.00;238
8348;16;5568417;8348;478;9671;9907;5.08;0.31;353.20;12.42;1323;31;3391.00;236
8352;16;5568432;8352;476;9674;9908;5.06;0.31;353.28;12.42;1322;31;3392.00;234
8352;16;5568447;8352;476;9675;9909;5.11;0.31;353.28;12.42;1323;31;3393.00;234
8357;16;5568462;8357;470;9677;9909;5.12;0.31;353.44;12.42;1320;31;3394.00;232
8361;16;5568476;8361;467;9681;9913;5.11;0.31;353.42;12.42;1320;31;3395.00;232
8362;16;5568491;8362;463;9684;9913;5.12;0.31;353.43;12.41;1322;31;3396.00;229
8366;16;5568505;8366;456;9684;9913;5.12;0.31;353.48;12.41;1318;31;3397.00;229
8366;16;5568518;8366;457;9684;9913;5.11;0.31;353.48;12.41;1318;31;3398.00;229
8369;16;5568533;8369;464;9691;9919;5.13;0.31;353.55;12.41;1322;31;3399.00;228
8371;16;5568547;8371;465;9691;9919;5.07;0.31;353.58;12.41;1320;31;3400.00;228
8373;16;5568565;8373;460;9692;9919;5.01;0.30;353.58;12.41;1319;31;3401.00;227
8376;16;5568578;8376;462;9694;9922;4.94;0.30;353.75;12.41;1318;31;3402.00;228
8377;16;5568592;8377;459;9694;9922;4.89;0.30;353.74;12.41;1317;31;3403.00;228
8383;16;5568606;8383;454;9695;9922;4.83;0.29;353.69;12.41;1312;31;3404.00;227
8388;16;5568620;8388;455;9697;9923;4.80;0.29;353.72;12.54;1309;31;3405.00;226
8391;16;5568637;8391;451;9698;9924;4.78;0.29;353.88;12.54;1307;31;3406.00;226
8397;16;5568650;8397;455;9698;9924;4.72;0.29;354.09;12.54;1301;31;3407.00;226
8399;16;5568664;8399;460;9708;9937;4.73;0.29;354.20;12.60;1309;31;3408.00;229
8403;16;5568680;8403;462;9709;9937;4.75;0.29;354.24;12.60;1306;31;3409.00;228
8404;16;5568693;8404;459;9709;9937;4.73;0.29;354.22;12.60;1305;31;3410.00;228
8404;16;5568706;8404;468;9711;9938;4.73;0.29;354.22;12.60;1307;31;3411.00;227
8406;16;5568720;8406;473;9711;9938;4.70;0.29;354.18;12.60;1305;31;3412.00;227
8406;16;5568733;8406;477;9714;9942;4.77;0.29;354.18;12.59;1308;31;3413.00;228
8408;16;5568751;8408;477;9714;9942;4.78;0.29;354.16;12.59;1306;31;3414.00;228
8409;16;5568770;8409;482;9717;9946;4.79;0.29;354.15;12.59;1308;31;3415.00;229
8414;16;5568784;8414;482;9719;9946;4.78;0.29;354.14;12.59;1305;31;3416.00;227
8415;16;5568799;8415;478;9719;9946;4.82;0.29;354.19;12.59;1304;31;3417.00;227
8417;16;5568813;8417;484;9719;9946;4.81;0.29;354.15;12.59;1302;31;3418.00;227
8419;16;5568828;8419;489;9719;9946;4.77;0.29;354.22;12.59;1300;31;3419.00;227
8421;16;5568844;8421;492;9743;9980;4.86;0.30;354.24;12.63;1322;31;3420.00;237
8422;16;5568861;8422;496;9747;9980;4.83;0.30;354.21;12.62;1325;31;3421.00;233
8428;16;5568882;8428;503;9748;9980;4.78;0.29;354.30;12.62;1320;31;3422.00;232
8429;16;5568897;8429;510;9749;9980;4.78;0.29;354.27;12.62;1320;31;3423.00;231
8430;16;5568913;8430;512;9749;9980;4.77;0.29;354.26;12.62;1319;31;3424.00;231
8432;16;5568927;8432;515;9749;9980;4.75;0.29;354.19;12.62;1317;31;3425.00;231
8433;16;5568942;8433;519;9749;9981;4.72;0.29;354.16;12.62;1316;31;3426.00;232
8435;16;5568957;8435;520;9749;9981;4.67;0.29;354.10;12.62;1314;31;3427.00;232
8437;16;5568971;8437;526;9754;9987;4.67;0.29;354.06;12.61;1317;31;3428.00;233
8439;16;5568987;8439;540;9755;9988;4.61;0.28;354.03;12.61;1316;31;3429.00;233
8440;16;5569002;8440;542;9756;9988;4.53;0.28;354.00;12.68;1316;31;3430.00;232
8441;16;5569016;8441;548;9756;9988;4.48;0.28;353.97;12.68;1315;31;3431.00;232
8445;16;5569031;8445;558;9759;9992;4.42;0.27;353.84;12.68;1314;31;3432.00;233
8448;16;5569045;8448;576;9760;9992;4.33;0.27;353.75;12.74;1312;31;3433.00;232
8448;16;5569059;8448;575;9761;9992;4.31;0.26;353.75;12.81;1313;31;3434.00;231
8451;16;5569073;8451;579;9762;9993;4.25;0.26;353.72;12.81;1311;31;3435.00;231
8452;16;5569088;8452;586;9765;9997;4.19;0.26;353.70;12.81;1313;31;3436.00;232
8453;16;5569102;8453;594;9766;9997;4.15;0.25;353.75;12.87;1313;31;3437.00;231
8453;16;5569115;8453;598;9768;10000;4.12;0.25;353.75;12.87;1315;31;3438.00;232
8456;16;5569128;8456;606;9770;10000;4.06;0.25;353.70;12.94;1314;31;3439.00;230
8456;16;5569148;8456;610;9770;10000;4.02;0.25;353.70;12.94;1314;31;3440.00;230
8458;16;5569161;8458;614;9771;10000;3.98;0.25;353.71;13.00;1313;31;3441.00;229
8459;16;5569174;8459;617;9776;10004;3.97;0.24;353.72;13.06;1317;31;3442.00;228
8460;16;5569188;8460;617;9776;10004;3.95;0.24;353.76;13.06;1316;31;3443.00;228
8461;16;5569201;8461;615;9777;10004;3.95;0.24;353.74;13.13;1316;31;3444.00;227
8466;16;5569214;8466;623;9778;10004;3.87;0.24;353.67;13.20;1312;31;3445.00;226
8469;16;5569227;8469;624;9778;10005;3.84;0.24;353.74;13.20;1309;31;3446.00;227
8470;16;5569240;8470;617;9780;10006;3.84;0.24;353.72;13.26;1310;31;3447.00;226
8471;16;5569252;8471;610;9780;10006;3.78;0.23;353.69;13.26;1309;31;3448.00;226
8473;16;5569265;8473;602;9782;10007;3.76;0.23;353.66;13.33;1309;31;3449.00;225
8477;16;5569279;8477;596;9782;10007;3.77;0.23;353.59;13.33;1305;31;3450.00;225
8480;16;5569292;8480;588;9782;10007;3.80;0.23;353.59;13.33;1302;31;3451.00;225
8480;16;5569306;8480;580;9784;10007;3.85;0.23;353.59;13.45;1304;31;3452.00;223
8480;16;5569318;8480;570;9785;10007;3.85;0.23;353.59;13.52;1305;31;3453.00;222
8480;16;5569331;8480;565;9786;10007;3.89;0.24;353.59;13.58;1306;31;3454.00;221
8481;16;5569349;8481;559;9786;10007;3.93;0.24;353.55;13.58;1305;31;3455.00;221
8482;16;5569362;8482;577;9854;10134;4.28;0.26;353.53;13.49;1372;31;3456.00;280
8484;16;5569384;8484;571;9860;10135;4.31;0.27;353.56;13.61;1376;31;3457.00;275
8485;16;5569398;8485;564;9869;10135;4.38;0.27;353.57;13.60;1384;31;3458.00;266
8487;16;5569411;8487;561;9873;10135;4.40;0.27;353.51;13.60;1386;31;3459.00;262
8488;16;5569424;8488;553;9880;10135;4.41;0.27;353.48;13.72;1392;31;3460.00;255
8488;16;5569438;8488;550;9881;10135;4.40;0.27;353.48;13.72;1393;31;3461.00;254
8491;16;5569452;8491;544;9885;10135;4.39;0.27;353.43;13.71;1394;31;3462.00;250
8491;17;5569472;8491;550;9890;10135;4.36;0.27;353.43;13.83;1399;32;3463.00;245
8494;17;5569502;8494;546;9891;10136;4.26;0.26;353.53;13.83;1397;32;3464.00;245
8496;17;5569515;8496;546;9896;10138;4.22;0.26;353.53;13.95;1400;32;3465.00;242
8496;17;5569531;8496;534;9898;10138;4.21;0.26;353.53;13.95;1402;32;3466.00;240
8497;17;5569546;8497;527;9900;10139;4.24;0.26;353.55;13.95;1403;32;3467.00;239
8497;17;5569560;8497;512;9903;10139;4.28;0.26;353.55;13.95;1406;32;3468.00;236
8498;17;5569573;8498;512;9906;10139;4.27;0.26;353.56;14.07;1408;32;3469.00;233
8502;17;5569588;8502;508;9908;10139;4.27;0.26;353.86;14.07;1406;32;3470.00;231
8503;17;5569603;8503;503;9915;10143;4.29;0.26;353.85;14.19;1412;32;3471.00;228
8507;17;5569619;8507;503;9916;10143;4.29;0.26;353.85;14.19;1409;32;3472.00;227
8511;17;5569634;8511;498;9917;10143;4.31;0.26;353.80;14.19;1406;32;3473.00;226
8517;17;5569649;8517;502;9920;10146;4.28;0.26;353.82;14.30;1403;32;3474.00;226
8519;17;5569664;8519;506;9920;10146;4.32;0.26;353.81;14.30;1401;32;3475.00;226
8524;17;5569678;8524;503;9920;10146;4.31;0.26;354.03;14.30;1396;32;3476.00;226
8529;17;5569692;8529;499;9924;10150;4.31;0.26;354.28;14.30;1395;32;3477.00;226
8535;17;5569709;8535;500;9927;10151;4.33;0.26;354.50;14.30;1392;32;3478.00;224
8541;17;5569723;8541;507;9929;10151;4.33;0.26;354.53;14.37;1388;32;3479.00;222
8544;17;5569741;8544;502;9933;10156;4.37;0.27;354.54;14.37;1389;32;3480.00;223
8548;17;5569756;8548;505;9933;10156;4.35;0.26;354.49;14.37;1385;32;3481.00;223
8552;17;5569771;8552;504;9933;10156;4.34;0.26;354.70;14.37;1381;32;3482.00;223
8554;17;5569786;8554;505;9934;10157;4.38;0.27;354.78;14.37;1380;32;3483.00;223
8557;17;5569800;8557;507;9934;10157;4.41;0.27;354.75;14.37;1377;32;3484.00;223
8561;17;5569818;8561;496;9938;10163;4.44;0.27;354.89;14.36;1377;32;3485.00;225
8565;17;5569836;8565;499;9938;10163;4.44;0.27;355.06;14.36;1373;32;3486.00;225
8570;17;5569851;8570;502;9938;10164;4.43;0.27;355.06;14.36;1368;32;3487.00;226
8570;17;5569866;8570;506;9938;10164;4.45;0.27;355.06;14.36;1368;32;3488.00;226
8574;17;5569880;8574;510;9938;10164;4.44;0.27;355.32;14.36;1364;32;3489.00;226
8577;17;5569896;8577;506;9938;10164;4.47;0.27;355.43;14.36;1361;32;3490.00;226
8579;17;5569911;8579;504;9938;10164;4.48;0.27;355.45;14.36;1359;32;3491.00;226
8582;17;5569925;8582;500;9947;10176;4.50;0.27;355.54;14.35;1365;32;3492.00;229
8585;17;5569942;8585;496;9947;10176;4.51;0.28;355.63;14.35;1362;32;3493.00;229
8589;17;5569957;8589;488;9947;10176;4.52;0.28;355.75;14.35;1358;32;3494.00;229
8593;17;5569973;8593;474;9947;10176;4.55;0.28;355.74;14.35;1354;32;3495.00;229
8598;17;5569987;8598;476;9948;10176;4.53;0.28;355.79;14.43;1350;32;3496.00;228
8601;17;5570002;8601;462;9949;10176;4.56;0.28;355.80;14.43;1348;32;3497.00;227
8606;17;5570016;8606;458;9952;10180;4.57;0.28;355.90;14.42;1346;32;3498.00;228
8609;18;5570032;8609;444;9952;10180;4.56;0.28;355.90;14.42;1343;33;3499.00;228
8613;18;5570059;8613;435;9954;10184;4.63;0.28;356.02;14.42;1341;33;3500.00;230
8617;18;5570080;8617;432;9954;10185;4.67;0.28;356.05;14.42;1337;33;3501.00;231
8619;18;5570096;8619;430;9954;10185;4.64;0.28;356.13;14.42;1335;33;3502.00;231
8622;18;5570116;8622;430;9955;10185;4.67;0.28;356.33;14.42;1333;33;3503.00;230
8626;18;5570132;8626;428;9964;10198;4.77;0.29;356.43;14.41;1338;33;3504.00;234
8630;18;5570149;8630;428;9964;10198;4.77;0.29;356.51;14.41;1334;33;3505.00;234
8633;18;5570164;8633;433;9966;10198;4.78;0.29;356.52;14.41;1333;33;3506.00;232
8636;18;5570178;8636;438;9966;10199;4.75;0.29;356.61;14.41;1330;33;3507.00;233
8637;18;5570197;8637;435;9967;10200;4.75;0.29;356.62;14.41;1330;33;3508.00;233
8641;18;5570210;8641;446;9969;10200;4.71;0.29;356.70;14.48;1328;33;3509.00;231
8646;18;5570226;8646;439;9972;10206;4.71;0.29;356.83;14.48;1326;33;3510.00;234
8646;18;5570242;8646;453;9973;10206;4.72;0.29;356.83;14.48;1327;33;3511.00;233
8651;18;5570256;8651;437;9975;10206;4.73;0.29;356.86;14.48;1324;33;3512.00;231
8655;18;5570271;8655;441;9976;10206;4.70;0.29;356.97;14.48;1321;33;3513.00;230
8658;18;5570286;8658;444;9980;10212;4.73;0.29;357.09;14.47;1322;33;3514.00;232
8658;18;5570301;8658;441;9980;10212;4.74;0.29;357.09;14.47;1322;33;3515.00;232
8661;18;5570315;8661;443;9984;10212;4.73;0.29;357.14;14.47;1323;33;3516.00;228
8662;18;5570329;8662;444;9984;10212;4.72;0.29;357.15;14.47;1322;33;3517.00;228
8665;18;5570343;8665;436;9988;10216;4.73;0.29;357.13;14.47;1323;33;3518.00;228
8669;18;5570358;8669;434;9991;10219;4.73;0.29;357.19;14.46;1322;33;3519.00;228
8674;18;5570374;8674;437;9992;10219;4.73;0.29;357.30;14.46;1318;33;3520.00;227
8674;18;5570389;8674;426;9993;10220;4.77;0.29;357.30;14.46;1319;33;3521.00;227
8676;18;5570403;8676;415;9993;10220;4.78;0.29;357.46;14.46;1317;33;3522.00;227
8678;18;5570418;8678;418;9994;10220;4.86;0.30;357.47;14.46;1316;33;3523.00;226
8682;18;5570432;8682;412;9994;10220;4.82;0.29;357.52;14.46;1312;33;3524.00;226
8684;18;5570453;8684;406;9995;10220;4.87;0.30;357.59;14.52;1311;33;3525.00;225
8686;18;5570467;8686;406;9995;10220;4.89;0.30;357.59;14.52;1309;33;3526.00;225
8689;18;5570482;8689;406;9995;10220;4.91;0.30;357.55;14.52;1306;33;3527.00;225
8690;18;5570497;8690;422;10036;10290;4.94;0.30;357.66;14.46;1346;33;3528.00;254
8693;18;5570518;8693;418;10037;10291;5.03;0.31;357.68;14.46;1344;33;3529.00;254
8697;18;5570534;8697;418;10041;10291;5.08;0.31;357.71;14.46;1344;33;3530.00;250
8700;18;5570550;8700;424;10042;10291;5.14;0.31;357.81;14.46;1342;33;3531.00;249
8700;18;5570564;8700;417;10044;10291;5.21;0.32;357.81;14.45;1344;33;3532.00;247
8702;18;5570579;8702;424;10046;10291;5.22;0.32;357.93;14.45;1344;33;3533.00;245
8704;18;5570594;8704;426;10048;10291;5.24;0.32;357.97;14.45;1344;33;3534.00;243
8707;18;5570609;8707;420;10050;10291;5.27;0.32;358.09;14.45;1343;33;3535.00;241
8709;18;5570623;8709;426;10052;10292;5.29;0.32;358.07;14.45;1343;33;3536.00;240
8712;18;5570638;8712;423;10053;10293;5.24;0.32;358.32;14.45;1341;33;3537.00;240
8718;18;5570655;8718;419;10054;10293;5.16;0.31;358.32;14.45;1336;33;3538.00;239
8720;18;5570670;8720;413;10059;10297;5.12;0.31;358.30;14.44;1339;33;3539.00;238
8724;18;5570686;8724;416;10061;10297;5.11;0.31;358.44;14.44;1337;34;3540.00;236
8726;18;5570710;8726;424;10061;10297;5.06;0.31;358.50;14.44;1335;34;3541.00;236
8728;18;5570725;8728;429;10063;10297;5.00;0.30;358.62;14.44;1335;34;3542.00;234
8732;18;5570740;8732;433;10067;10303;4.95;0.30;358.78;14.44;1335;34;3543.00;236
8734;18;5570755;8734;433;10069;10303;4.90;0.30;358.76;14.43;1335;34;3544.00;234
8737;18;5570772;8737;446;10069;10303;4.89;0.30;358.85;14.43;1332;34;3545.00;234
8738;18;5570788;8738;447;10072;10306;4.93;0.30;358.96;14.43;1334;34;3546.00;234
8739;18;5570804;8739;445;10073;10306;4.95;0.30;359.01;14.43;1334;34;3547.00;233
8742;18;5570820;8742;443;10074;10306;4.95;0.30;359.09;14.43;1332;34;3548.00;232
8744;18;5570838;8744;455;10074;10307;4.93;0.30;359.16;14.43;1330;34;3549.00;233
8747;18;5570857;8747;458;10075;10308;4.87;0.30;359.21;14.43;1328;34;3550.00;233
8748;18;5570873;8748;463;10075;10308;4.87;0.30;359.25;14.43;1327;34;3551.00;233
8751;18;5570890;8751;463;10086;10321;4.88;0.30;359.36;14.41;1335;34;3552.00;235
8751;18;5570907;8751;461;10086;10321;4.84;0.29;359.36;14.41;1335;34;3553.00;235
8754;18;5570923;8754;470;10086;10321;4.80;0.29;359.43;14.41;1332;34;3554.00;235
8757;18;5570939;8757;471;10088;10323;4.77;0.29;359.40;14.41;1331;34;3555.00;235
8758;18;5570957;8758;465;10088;10323;4.75;0.29;359.42;14.41;1330;34;3556.00;235
8761;18;5570973;8761;466;10092;10327;4.77;0.29;359.45;14.40;1331;34;3557.00;235
8761;18;5570991;8761;466;10092;10327;4.76;0.29;359.45;14.40;1331;34;3558.00;235
8762;18;5571006;8762;467;10095;10331;4.79;0.29;359.45;14.40;1333;34;3559.00;236
8764;18;5571022;8764;465;10095;10331;4.78;0.29;359.43;14.40;1331;34;3560.00;236
8765;18;5571036;8765;459;10095;10331;4.82;0.29;359.45;14.40;1330;34;3561.00;236
8766;18;5571051;8766;451;10095;10331;4.87;0.30;359.43;14.40;1329;34;3562.00;236
8768;18;5571068;8768;453;10095;10331;4.91;0.30;359.37;14.40;1327;34;3563.00;236
8773;18;5571084;8773;460;10105;10343;4.98;0.30;359.44;14.39;1332;34;3564.00;238
8773;18;5571102;8773;455;10105;10343;5.01;0.30;359.44;14.39;1332;34;3565.00;238
8777;18;5571119;8777;458;10106;10343;5.02;0.31;359.52;14.39;1329;34;3566.00;237
8779;18;5571135;8779;459;10106;10343;5.03;0.31;359.54;14.39;1327;34;3567.00;237
8783;18;5571150;8783;457;10106;10343;5.00;0.30;359.44;14.39;1323;34;3568.00;237
8788;18;5571166;8788;462;10106;10343;4.97;0.30;359.43;14.39;1318;34;3569.00;237
8795;18;5571184;8795;471;10108;10344;4.92;0.30;359.28;14.52;1313;34;3570.00;236
8796;18;5571204;8796;477;10108;10344;4.89;0.30;359.30;14.52;1312;34;3571.00;236
8798;18;5571219;8798;481;10113;10350;4.90;0.30;359.30;14.51;1315;34;3572.00;237
8803;18;5571234;8803;476;10114;10351;4.88;0.30;359.32;14.51;1311;34;3573.00;237
8805;18;5571250;8805;480;10114;10351;4.88;0.30;359.27;14.51;1309;34;3574.00;237
8805;18;5571265;8805;483;10114;10351;4.85;0.30;359.27;14.51;1309;34;3575.00;237
8808;18;5571286;8808;492;10117;10355;4.84;0.30;359.17;14.51;1309;34;3576.00;238
8809;18;5571301;8809;496;10117;10355;4.84;0.30;359.21;14.51;1308;34;3577.00;238
8811;18;5571316;8811;501;10117;10355;4.83;0.29;359.18;14.51;1306;34;3578.00;238
8814;18;5571330;8814;503;10118;10356;4.82;0.29;359.10;14.51;1304;34;3579.00;238
8816;18;5571344;8816;505;10121;10360;4.80;0.29;359.21;14.50;1305;34;3580.00;239
8819;18;5571360;8819;510;10121;10360;4.75;0.29;359.15;14.50;1302;34;3581.00;239
8823;18;5571373;8823;506;10123;10363;4.72;0.29;359.07;14.50;1300;34;3582.00;240
8824;18;5571387;8824;508;10124;10363;4.68;0.29;359.05;14.50;1300;34;3583.00;239
8826;18;5571400;8826;506;10124;10363;4.65;0.28;358.98;14.50;1298;34;3584.00;239
8830;18;5571414;8830;505;10124;10363;4.63;0.28;359.01;14.50;1294;34;3585.00;239
8830;18;5571427;8830;505;10128;10367;4.65;0.28;359.01;14.49;1298;34;3586.00;239
8831;18;5571443;8831;505;10128;10367;4.64;0.28;358.97;14.49;1297;34;3587.00;239
8832;18;5571457;8832;507;10128;10367;4.58;0.28;359.05;14.49;1296;34;3588.00;239
8834;18;5571470;8834;512;10128;10367;4.52;0.28;359.11;14.49;1294;34;3589.00;239
8834;18;5571482;8834;515;10128;10368;4.47;0.27;359.11;14.49;1294;34;3590.00;240
8836;18;5571496;8836;516;10129;10369;4.39;0.27;359.11;14.49;1293;34;3591.00;240
8837;18;5571510;8837;518;10129;10369;4.29;0.26;359.13;14.49;1292;34;3592.00;240
8837;18;5571523;8837;521;10130;10370;4.26;0.26;359.13;14.49;1293;34;3593.00;240
8838;18;5571535;8838;537;10130;10370;4.23;0.26;359.16;14.49;1292;34;3594.00;240
8840;18;5571548;8840;525;10131;10370;4.22;0.26;359.16;14.56;1291;34;3595.00;239
8841;18;5571561;8841;518;10131;10370;4.21;0.26;359.17;14.56;1290;34;3596.00;239
8842;18;5571573;8842;516;10132;10370;4.21;0.26;359.17;14.63;1290;34;3597.00;238
8844;18;5571586;8844;513;10132;10370;4.21;0.26;359.25;14.63;1288;34;3598.00;238
8847;18;5571599;8847;513;10132;10370;4.20;0.26;359.25;14.63;1285;34;3599.00;238
8849;18;5571614;8849;542;10228;10623;4.53;0.29;359.22;14.56;1379;34;3600.00;395
8852;18;5571654;8852;530;10230;10624;4.53;0.29;359.20;14.56;1378;34;3601.00;394
8853;18;5571669;8853;513;10244;10624;4.65;0.29;359.24;14.54;1391;34;3602.00;380
8854;18;5571682;8854;514;10252;10624;4.71;0.30;359.22;14.60;1398;34;3603.00;372
8856;18;5571696;8856;507;10262;10624;4.74;0.30;359.16;14.59;1406;34;3604.00;362
8859;18;5571722;8859;511;10269;10624;4.69;0.30;359.17;14.59;1410;34;3605.00;355
8861;18;5571736;8861;507;10278;10624;4.69;0.29;359.14;14.65;1417;34;3606.00;346
8862;18;5571751;8862;505;10287;10624;4.75;0.30;359.15;14.78;1425;34;3607.00;337
8864;18;5571776;8864;510;10297;10625;4.75;0.30;359.14;14.77;1433;34;3608.00;328
8865;18;5571790;8865;509;10305;10626;4.76;0.30;359.13;14.91;1440;34;3609.00;321
8866;18;5571805;8866;517;10310;10626;4.78;0.30;359.09;14.91;1444;34;3610.00;316
8872;18;5571820;8872;538;10314;10627;4.71;0.29;359.28;14.90;1442;34;3611.00;313
8875;18;5571834;8875;543;10321;10627;4.66;0.29;359.28;15.04;1446;34;3612.00;306
8876;18;5571849;8876;543;10325;10627;4.63;0.29;359.29;15.04;1449;34;3613.00;302
8877;18;5571863;8877;553;10329;10627;4.60;0.29;359.26;15.17;1452;34;3614.00;298
8880;18;5571876;8880;559;10335;10631;4.57;0.28;359.24;15.17;1455;34;3615.00;296
8881;18;5571891;8881;559;10338;10631;4.58;0.28;359.21;15.17;1457;34;3616.00;293
8885;18;5571905;8885;558;10342;10631;4.52;0.28;359.22;15.30;1457;34;3617.00;289
8888;18;5571931;8888;559;10345;10634;4.53;0.28;359.22;15.30;1457;34;3618.00;289
8890;18;5571960;8890;566;10346;10634;4.51;0.28;359.29;15.30;1456;34;3619.00;288
8893;18;5571976;8893;572;10350;10634;4.51;0.28;359.29;15.43;1457;34;3620.00;284
8896;18;5571992;8896;568;10354;10638;4.51;0.28;359.26;15.43;1458;34;3621.00;284
8899;18;5572009;8899;566;10356;10639;4.48;0.27;359.33;15.43;1457;34;3622.00;283
8900;18;5572025;8900;561;10360;10639;4.50;0.28;359.30;15.43;1460;34;3623.00;279
8904;18;5572042;8904;568;10362;10643;4.51;0.28;359.34;15.43;1458;34;3624.00;281
8904;18;5572059;8904;566;10364;10643;4.51;0.28;359.34;15.43;1460;34;3625.00;279
8907;18;5572077;8907;577;10367;10643;4.45;0.27;359.42;15.43;1460;34;3626.00;276
8908;18;5572093;8908;587;10370;10644;4.41;0.27;359.46;15.43;1462;34;3627.00;274
8912;18;5572109;8912;585;10372;10644;4.35;0.26;359.58;15.44;1460;34;3628.00;272
8914;18;5572127;8914;595;10379;10650;4.33;0.26;359.61;15.43;1465;34;3629.00;271
8920;18;5572145;8920;580;10379;10650;4.26;0.26;359.75;15.43;1459;34;3630.00;271
8923;18;5572163;8923;576;10380;10651;4.26;0.26;359.72;15.44;1457;34;3631.00;271
8925;18;5572180;8925;581;10381;10651;4.24;0.26;359.75;15.44;1456;34;3632.00;270
8927;18;5572203;8927;574;10384;10651;4.22;0.26;359.81;15.44;1457;34;3633.00;267
8931;18;5572219;8931;570;10385;10651;4.17;0.25;359.86;15.44;1454;34;3634.00;266
8932;18;5572235;8932;571;10386;10651;4.18;0.26;359.84;15.44;1454;34;3635.00;265
8936;18;5572251;8936;567;10393;10663;4.18;0.26;359.96;15.43;1457;34;3636.00;270
8938;18;5572267;8938;561;10396;10663;4.17;0.26;359.93;15.43;1458;34;3637.00;267
8940;18;5572282;8940;558;10397;10663;4.20;0.26;360.08;15.43;1457;34;3638.00;266
8943;18;5572298;8943;558;10399;10663;4.20;0.26;360.17;15.43;1456;34;3639.00;264
8945;18;5572313;8945;552;10400;10663;4.25;0.26;360.23;15.43;1455;34;3640.00;263
8948;18;5572329;8948;544;10400;10663;4.29;0.26;360.31;15.43;1452;34;3641.00;263
8951;18;5572345;8951;537;10403;10667;4.32;0.26;360.30;15.43;1452;34;3642.00;264
8954;18;5572361;8954;537;10403;10667;4.33;0.26;360.44;15.43;1449;34;3643.00;264
8960;18;5572377;8960;534;10406;10671;4.36;0.27;360.45;15.42;1446;34;3644.00;265
8962;18;5572392;8962;528;10408;10673;4.40;0.27;360.50;15.42;1446;34;3645.00;265
8967;18;5572408;8967;518;10408;10673;4.43;0.27;360.50;15.42;1441;34;3646.00;265
8970;18;5572424;8970;518;10408;10673;4.44;0.27;360.59;15.42;1438;34;3647.00;265
8973;18;5572440;8973;518;10416;10686;4.45;0.27;360.61;15.41;1443;34;3648.00;270
8976;18;5572457;8976;507;10416;10686;4.45;0.27;360.66;15.41;1440;34;3649.00;270
8981;18;5572472;8981;493;10416;10686;4.48;0.27;360.85;15.41;1435;34;3650.00;270
8986;18;5572488;8986;491;10416;10687;4.51;0.27;361.04;15.41;1430;34;3651.00;271
8990;18;5572505;8990;484;10416;10688;4.54;0.28;361.01;15.41;1426;34;3652.00;272
8993;18;5572522;8993;473;10416;10688;4.55;0.28;361.02;15.41;1423;34;3653.00;272
8997;18;5572538;8997;466;10418;10691;4.54;0.28;361.10;15.40;1421;34;3654.00;273
9000;18;5572553;9000;466;10418;10691;4.55;0.28;361.17;15.40;1418;34;3655.00;273
9004;18;5572568;9004;472;10418;10691;4.55;0.28;361.18;15.40;1414;34;3656.00;273
9006;18;5572583;9006;471;10419;10691;4.60;0.28;361.35;15.41;1413;34;3657.00;272
9012;18;5572599;9012;466;10424;10697;4.55;0.28;361.29;15.40;1412;34;3658.00;273
9015;18;5572615;9015;467;10424;10697;4.55;0.28;361.41;15.40;1409;34;3659.00;273
9021;18;5572638;9021;471;10425;10697;4.55;0.28;361.64;15.40;1404;34;3660.00;272
9024;18;5572655;9024;472;10426;10697;4.57;0.28;361.72;15.40;1402;34;3661.00;271
9026;18;5572670;9026;474;10431;10701;4.61;0.28;361.85;15.40;1405;34;3662.00;270
9030;18;5572686;9030;479;10433;10702;4.60;0.28;361.94;15.40;1403;34;3663.00;269
9034;18;5572704;9034;478;10434;10702;4.62;0.28;362.01;15.40;1400;34;3664.00;268
9037;18;5572720;9037;487;10435;10703;4.60;0.28;362.09;15.40;1398;34;3665.00;268
9041;18;5572736;9041;492;10435;10703;4.59;0.28;362.16;15.40;1394;34;3666.00;268
9044;18;5572751;9044;498;10437;10703;4.56;0.28;362.18;15.40;1393;34;3667.00;266
9048;18;5572767;9048;495;10437;10703;4.53;0.28;362.24;15.40;1389;34;3668.00;266
9051;18;5572781;9051;494;10437;10703;4.50;0.27;362.41;15.40;1386;34;3669.00;266
9051;18;5572796;9051;498;10437;10703;4.50;0.27;362.41;15.40;1386;34;3670.00;266
9055;18;5572810;9055;498;10437;10703;4.49;0.27;362.49;15.40;1382;34;3671.00;266
9058;18;5572825;9058;516;10478;10773;4.48;0.27;362.56;15.34;1420;34;3672.00;295
9063;18;5572845;9063;517;10479;10774;4.45;0.27;362.60;15.34;1416;34;3673.00;295
9069;18;5572859;9069;512;10483;10774;4.39;0.27;362.64;15.33;1414;34;3674.00;291
9074;18;5572875;9074;517;10484;10774;4.35;0.26;362.81;15.33;1410;34;3675.00;290
9075;18;5572889;9075;520;10487;10774;4.35;0.26;362.79;15.33;1412;34;3676.00;287
9078;18;5572904;9078;512;10488;10774;4.29;0.26;362.78;15.32;1410;34;3677.00;286
9081;18;5572919;9081;503;10491;10774;4.25;0.26;362.83;15.32;1410;34;3678.00;283
9082;18;5572934;9082;502;10493;10774;4.25;0.26;362.83;15.32;1411;34;3679.00;281
9085;18;5572948;9085;502;10494;10775;4.23;0.26;362.88;15.32;1409;34;3680.00;281
9087;18;5572962;9087;510;10498;10776;4.18;0.25;362.90;15.32;1411;34;3681.00;278
9088;18;5572977;9088;518;10499;10776;4.15;0.25;362.93;15.32;1411;34;3682.00;277
9092;18;5572991;9092;526;10502;10780;4.06;0.25;362.90;15.31;1410;34;3683.00;278
9094;18;5573007;9094;523;10503;10780;4.01;0.24;362.94;15.31;1409;34;3684.00;277
9096;18;5573021;9096;532;10503;10780;3.99;0.24;362.96;15.31;1407;34;3685.00;277
9097;18;5573035;9097;526;10504;10780;3.99;0.24;363.02;15.31;1407;34;3686.00;276
9097;18;5573050;9097;526;10510;10786;4.02;0.24;363.02;15.30;1413;34;3687.00;276
9100;18;5573066;9100;525;10510;10786;4.03;0.24;363.14;15.30;1410;34;3688.00;276
9100;18;5573081;9100;522;10510;10786;4.06;0.25;363.14;15.30;1410;34;3689.00;276
9101;18;5573105;9101;523;10514;10792;4.10;0.25;363.20;15.30;1413;34;3690.00;278
9102;18;5573120;9102;529;10514;10792;4.08;0.25;363.20;15.30;1412;34;3691.00;278
9105;18;5573136;9105;530;10516;10792;4.10;0.25;363.30;15.30;1411;34;3692.00;276
9107;18;5573152;9107;527;10516;10793;4.11;0.25;363.33;15.30;1409;34;3693.00;277
9107;18;5573167;9107;534;10517;10794;4.17;0.25;363.33;15.30;1410;34;3694.00;277
9110;18;5573183;9110;536;10517;10794;4.17;0.25;363.43;15.30;1407;34;3695.00;277
9111;18;5573198;9111;541;10529;10807;4.16;0.25;363.44;15.29;1418;34;3696.00;278
9113;18;5573215;9113;529;10531;10807;4.17;0.25;363.43;15.29;1418;34;3697.00;276
9115;18;5573230;9115;533;10531;10807;4.18;0.25;363.49;15.29;1416;34;3698.00;276
9117;18;5573247;9117;536;10532;10808;4.19;0.25;363.50;15.29;1415;34;3699.00;276
9118;18;5573262;9118;531;10533;10808;4.20;0.26;363.56;15.29;1415;34;3700.00;275
9121;18;5573281;9121;538;10538;10812;4.21;0.26;363.65;15.29;1417;34;3701.00;274
9123;18;5573297;9123;532;10538;10812;4.21;0.26;363.70;15.29;1415;34;3702.00;274
9126;18;5573312;9126;535;10541;10816;4.23;0.26;363.76;15.29;1415;34;3703.00;275
9132;18;5573332;9132;530;10541;10816;4.20;0.25;363.78;15.29;1409;34;3704.00;275
9134;18;5573347;9134;526;10541;10816;4.23;0.26;363.91;15.29;1407;34;3705.00;275
9135;18;5573361;9135;532;10541;10816;4.22;0.26;364.01;15.29;1406;34;3706.00;275
9136;18;5573376;9136;529;10541;10816;4.26;0.26;364.11;15.29;1405;34;3707.00;275
9136;18;5573390;9136;530;10550;10828;4.34;0.26;364.11;15.27;1414;34;3708.00;278
9140;18;5573406;9140;548;10550;10828;4.31;0.26;364.13;15.27;1410;34;3709.00;278
9145;18;5573421;9145;547;10552;10828;4.30;0.26;364.27;15.27;1407;34;3710.00;276
9147;18;5573436;9147;551;10552;10828;4.29;0.26;364.29;15.27;1405;34;3711.00;276
9150;18;5573452;9150;558;10552;10828;4.28;0.26;364.32;15.27;1402;34;3712.00;276
9151;18;5573468;9151;565;10552;10828;4.27;0.26;364.30;15.27;1401;34;3713.00;276
9155;18;5573483;9155;571;10552;10829;4.25;0.26;364.31;15.27;1397;34;3714.00;277
9156;18;5573497;9156;575;10552;10829;4.25;0.26;364.32;15.27;1396;34;3715.00;277
9158;18;5573512;9158;579;10557;10835;4.21;0.26;364.32;15.26;1399;34;3716.00;278
9164;18;5573526;9164;582;10558;10836;4.14;0.25;364.35;15.26;1394;34;3717.00;278
9167;18;5573541;9167;581;10558;10836;4.13;0.25;364.34;15.26;1391;34;3718.00;278
9169;18;5573555;9169;585;10558;10836;4.09;0.25;364.37;15.26;1389;34;3719.00;278
9171;18;5573570;9171;576;10563;10841;4.11;0.25;364.40;15.33;1392;34;3720.00;278
9172;18;5573586;9172;571;10563;10841;4.14;0.25;364.41;15.33;1391;34;3721.00;278
9175;18;5573601;9175;571;10563;10841;4.17;0.25;364.37;15.33;1388;34;3722.00;278
9176;18;5573614;9176;569;10564;10842;4.18;0.26;364.44;15.33;1388;34;3723.00;278
9180;18;5573628;9180;568;10567;10846;4.17;0.26;364.43;15.33;1387;34;3724.00;279
9183;18;5573642;9183;567;10567;10846;4.17;0.25;364.42;15.33;1384;34;3725.00;279
9187;18;5573655;9187;564;10569;10849;4.19;0.26;364.42;15.33;1382;34;3726.00;280
9194;18;5573671;9194;563;10569;10849;4.18;0.25;364.44;15.33;1375;34;3727.00;280
9196;18;5573685;9196;557;10570;10849;4.20;0.26;364.42;15.32;1374;34;3728.00;279
9201;18;5573700;9201;560;10570;10849;4.17;0.25;364.36;15.32;1369;34;3729.00;279
9201;18;5573715;9201;562;10574;10853;4.24;0.26;364.36;15.32;1373;34;3730.00;279
9205;18;5573728;9205;561;10574;10853;4.23;0.26;364.28;15.32;1369;34;3731.00;279
9207;18;5573742;9207;561;10574;10853;4.26;0.26;364.27;15.32;1367;34;3732.00;279
9209;18;5573756;9209;557;10574;10853;4.24;0.26;364.24;15.32;1365;34;3733.00;279
9213;18;5573770;9213;564;10574;10854;4.22;0.26;364.29;15.32;1361;34;3734.00;280
9217;18;5573784;9217;558;10578;10856;4.18;0.25;364.21;15.46;1361;34;3735.00;278
9219;18;5573802;9219;558;10578;10856;4.13;0.25;364.17;15.46;1359;34;3736.00;278
9224;18;5573816;9224;561;10579;10857;4.09;0.25;364.26;15.46;1355;34;3737.00;278
9226;18;5573829;9226;573;10579;10857;4.04;0.25;364.23;15.46;1353;34;3738.00;278
9228;18;5573843;9228;580;10579;10857;4.03;0.25;364.21;15.46;1351;34;3739.00;278
9228;18;5573856;9228;578;10579;10857;4.03;0.25;364.21;15.46;1351;34;3740.00;278
9232;18;5573870;9232;573;10579;10857;3.99;0.24;364.28;15.46;1347;34;3741.00;278
9233;18;5573883;9233;560;10579;10857;4.01;0.24;364.28;15.46;1346;34;3742.00;278
9234;18;5573897;9234;541;10579;10857;4.05;0.25;364.28;15.46;1345;34;3743.00;278
9234;18;5573910;9234;551;10646;10984;4.38;0.27;364.28;15.37;1412;34;3744.00;338
9234;18;5573933;9234;537;10648;10985;4.49;0.28;364.28;15.36;1414;34;3745.00;337
9234;18;5573948;9234;533;10658;10985;4.63;0.29;364.28;15.35;1424;34;3746.00;327
9238;18;5573963;9238;527;10661;10985;4.71;0.29;364.45;15.35;1423;34;3747.00;324
9240;18;5573979;9240;522;10667;10985;4.76;0.29;364.38;15.34;1427;34;3748.00;318
9241;18;5573993;9241;516;10669;10985;4.81;0.30;364.37;15.34;1428;34;3749.00;316
9243;18;5574015;9243;514;10674;10990;4.89;0.30;364.38;15.33;1431;34;3750.00;316
9243;18;5574037;9243;514;10677;10990;4.97;0.31;364.38;15.33;1434;34;3751.00;313
9248;18;5574057;9248;522;10679;10991;4.97;0.30;364.43;15.33;1431;34;3752.00;312
9249;18;5574072;9249;525;10684;10992;4.98;0.31;364.40;15.33;1435;34;3753.00;308
9251;18;5574087;9251;524;10686;10992;4.92;0.30;364.55;15.33;1435;34;3754.00;306
9252;18;5574104;9252;533;10689;10993;4.89;0.30;364.51;15.32;1437;34;3755.00;304
9254;18;5574119;9254;537;10692;10993;4.85;0.30;364.49;15.32;1438;34;3756.00;301
9254;18;5574134;9254;544;10694;10993;4.84;0.30;364.49;15.32;1440;34;3757.00;299
9254;18;5574150;9254;557;10695;10993;4.84;0.30;364.49;15.32;1441;34;3758.00;298
9256;18;5574164;9256;556;10701;10997;4.84;0.30;364.57;15.32;1445;34;3759.00;296
9258;18;5574180;9258;563;10705;10997;4.84;0.30;364.53;15.47;1447;34;3760.00;292
9260;18;5574196;9260;578;10706;10997;4.84;0.30;364.58;15.47;1446;34;3761.00;291
9260;18;5574212;9260;584;10708;11000;4.81;0.29;364.58;15.46;1448;34;3762.00;292
9262;18;5574227;9262;594;10711;11000;4.78;0.29;364.64;15.61;1449;34;3763.00;289
9265;18;5574242;9265;603;10713;11000;4.77;0.29;364.72;15.61;1448;34;3764.00;287
9266;18;5574257;9266;606;10718;11004;4.74;0.29;364.77;15.76;1452;34;3765.00;286
9269;18;5574272;9269;616;10720;11005;4.71;0.29;364.84;15.75;1451;34;3766.00;285
9271;18;5574287;9271;605;10722;11005;4.72;0.29;364.81;15.90;1451;34;3767.00;283
9274;18;5574302;9274;616;10726;11009;4.71;0.29;364.78;15.90;1452;34;3768.00;283
9276;18;5574323;9276;607;10728;11009;4.72;0.29;364.86;16.04;1452;35;3769.00;281
9278;18;5574346;9278;600;10728;11009;4.70;0.29;364.85;16.04;1450;35;3770.00;281
9282;18;5574360;9282;600;10730;11010;4.68;0.29;364.80;16.11;1448;35;3771.00;280
9284;18;5574375;9284;603;10732;11010;4.66;0.29;364.75;16.25;1448;35;3772.00;278
9287;18;5574390;9287;607;10737;11016;4.65;0.28;364.72;16.25;1450;35;3773.00;279
9292;18;5574405;9292;614;10738;11016;4.59;0.28;364.69;16.32;1446;36;3774.00;278
9293;18;5574430;9293;619;10738;11017;4.56;0.28;364.75;16.32;1445;36;3775.00;279
9295;18;5574445;9295;618;10739;11017;4.53;0.28;364.76;16.39;1444;36;3776.00;278
9296;18;5574460;9296;613;10739;11017;4.50;0.28;364.74;16.39;1443;36;3777.00;278
9298;18;5574475;9298;617;10739;11017;4.48;0.27;364.82;16.39;1441;36;3778.00;278
9299;18;5574494;9299;610;10739;11017;4.51;0.28;364.89;16.39;1440;36;3779.00;278
9303;18;5574514;9303;614;10770;11053;4.60;0.28;365.02;16.70;1467;36;3780.00;283
9306;18;5574533;9306;606;10771;11053;4.61;0.28;365.10;16.70;1465;36;3781.00;282
9308;18;5574547;9308;600;10775;11053;4.65;0.28;365.15;16.83;1467;36;3782.00;278
9310;18;5574564;9310;605;10775;11053;4.65;0.29;365.23;16.83;1465;36;3783.00;278
9312;18;5574585;9312;606;10777;11053;4.64;0.28;365.29;16.90;1465;36;3784.00;276
9313;18;5574600;9313;600;10780;11053;4.63;0.28;365.29;17.11;1467;36;3785.00;273
9314;18;5574615;9314;603;10784;11057;4.63;0.28;365.27;17.10;1470;36;3786.00;273
9316;18;5574631;9316;603;10785;11057;4.58;0.28;365.30;17.17;1469;36;3787.00;272
9318;18;5574656;9318;608;10790;11061;4.60;0.28;365.34;17.23;1472;36;3788.00;271
9319;18;5574673;9319;614;10791;11062;4.56;0.28;365.37;17.23;1472;36;3789.00;271
9321;18;5574689;9321;615;10793;11062;4.47;0.27;365.39;17.36;1472;36;3790.00;269
9322;18;5574706;9322;611;10793;11062;4.42;0.27;365.38;17.36;1471;36;3791.00;269
9328;18;5574721;9328;616;10803;11075;4.34;0.27;365.37;17.35;1475;36;3792.00;272
9329;18;5574737;9329;618;10804;11075;4.32;0.26;365.34;17.41;1475;36;3793.00;271
9333;18;5574753;9333;627;10805;11075;4.25;0.26;365.35;17.48;1472;36;3794.00;270
9336;18;5574768;9336;620;10806;11076;4.24;0.26;365.33;17.54;1470;36;3795.00;270
9338;18;5574785;9338;619;10807;11077;4.28;0.26;365.42;17.61;1469;36;3796.00;270
9342;18;5574801;9342;611;10808;11077;4.30;0.26;365.51;17.68;1466;36;3797.00;269
9346;18;5574816;9346;612;10811;11080;4.33;0.27;365.45;17.74;1465;36;3798.00;269
9349;18;5574831;9349;606;10811;11080;4.35;0.27;365.48;17.74;1462;36;3799.00;269
9352;18;5574847;9352;604;10813;11080;4.35;0.27;365.49;17.87;1461;36;3800.00;267
9358;18;5574866;9358;609;10813;11080;4.31;0.27;365.77;17.87;1455;36;3801.00;267
9361;18;5574880;9361;606;10817;11086;4.37;0.27;365.77;17.86;1456;36;3802.00;269
9367;18;5574895;9367;604;10819;11086;4.39;0.27;365.84;17.99;1452;36;3803.00;267
9371;18;5574911;9371;598;10819;11086;4.42;0.27;365.98;17.99;1448;36;3804.00;267
9377;18;5574925;9377;600;10820;11086;4.44;0.27;366.12;17.99;1443;36;3805.00;266
9379;18;5574940;9379;602;10823;11090;4.47;0.27;366.07;17.99;1444;36;3806.00;267
9383;18;5574955;9383;603;10824;11091;4.47;0.27;366.15;17.99;1441;36;3807.00;267
9389;18;5574970;9389;602;10825;11091;4.47;0.27;366.29;17.99;1436;36;3808.00;266
9392;18;5574985;9392;600;10825;11092;4.50;0.27;366.25;17.99;1433;36;3809.00;267
9396;18;5575002;9396;598;10825;11092;4.54;0.28;366.38;17.99;1429;36;3810.00;267
9401;18;5575021;9401;588;10826;11092;4.53;0.28;366.46;17.99;1425;36;3811.00;266
9404;18;5575039;9404;583;10827;11092;4.50;0.27;366.61;17.99;1423;36;3812.00;265
9408;18;5575057;9408;578;10828;11092;4.51;0.28;366.66;17.98;1420;36;3813.00;264
9412;18;5575075;9412;576;10828;11092;4.52;0.28;366.92;17.98;1416;36;3814.00;264
9413;18;5575095;9413;578;10828;11092;4.52;0.28;366.93;17.98;1415;36;3815.00;264
9416;18;5575118;9416;588;10863;11162;4.63;0.28;367.02;17.93;1447;36;3816.00;299
9421;18;5575143;9421;585;10867;11163;4.66;0.29;367.10;17.92;1446;36;3817.00;296
9425;18;5575160;9425;589;10872;11163;4.64;0.28;367.28;17.91;1447;36;3818.00;291
9428;18;5575182;9428;592;10873;11163;4.60;0.28;367.35;17.91;1445;36;3819.00;290
9430;18;5575203;9430;594;10877;11163;4.58;0.28;367.37;17.91;1447;36;3820.00;286
9434;18;5575221;9434;591;10880;11163;4.54;0.28;367.45;17.90;1446;36;3821.00;283
9437;18;5575237;9437;593;10882;11163;4.50;0.28;367.44;17.90;1445;36;3822.00;281
9441;18;5575254;9441;585;10882;11163;4.47;0.27;367.42;17.90;1441;36;3823.00;281
9446;18;5575269;9446;582;10883;11164;4.42;0.27;367.51;17.90;1437;36;3824.00;281
9450;18;5575285;9450;581;10884;11166;4.40;0.27;367.65;17.90;1434;36;3825.00;282
9451;18;5575301;9451;580;10886;11166;4.38;0.27;367.66;17.90;1435;36;3826.00;280
9458;18;5575317;9458;583;10889;11170;4.36;0.27;367.64;17.89;1431;36;3827.00;281
9462;18;5575332;9462;592;10890;11170;4.32;0.27;367.65;17.89;1428;36;3828.00;280
9467;18;5575346;9467;599;10891;11170;4.26;0.26;367.66;17.89;1424;36;3829.00;279
9470;18;5575361;9470;610;10893;11170;4.27;0.26;367.70;17.89;1423;36;3830.00;277
9472;18;5575375;9472;617;10899;11176;4.30;0.27;367.71;17.88;1427;36;3831.00;277
9477;18;5575390;9477;615;10899;11176;4.32;0.27;367.93;17.88;1422;36;3832.00;277
9480;18;5575405;9480;630;10899;11176;4.31;0.27;367.95;17.88;1419;36;3833.00;277
9485;18;5575419;9485;631;10900;11179;4.25;0.26;367.92;17.88;1415;36;3834.00;279
9487;18;5575435;9487;639;10901;11179;4.21;0.26;367.93;17.88;1414;36;3835.00;278
9493;18;5575449;9493;651;10902;11179;4.12;0.25;367.89;17.88;1409;36;3836.00;277
9495;18;5575464;9495;645;10902;11180;4.05;0.25;367.87;17.88;1407;36;3837.00;278
9498;18;5575477;9498;655;10904;11181;4.01;0.25;367.84;17.88;1406;36;3838.00;277
9498;18;5575491;9498;673;10904;11181;3.96;0.24;367.84;17.88;1406;36;3839.00;277
9502;18;5575506;9502;692;10924;11207;3.92;0.24;367.92;17.85;1422;37;3840.00;283
9504;18;5575527;9504;691;10926;11207;3.87;0.24;368.04;17.85;1422;37;3841.00;281
9506;18;5575540;9506;689;10927;11207;3.86;0.24;368.15;17.85;1421;37;3842.00;280
9508;18;5575554;9508;690;10928;11208;3.81;0.23;368.15;17.85;1420;37;3843.00;280
9513;18;5575568;9513;676;10931;11208;3.76;0.23;368.36;17.93;1418;37;3844.00;277
9516;18;5575583;9516;674;10935;11212;3.81;0.23;368.47;17.92;1419;37;3845.00;277
9519;18;5575597;9519;681;10937;11214;3.82;0.23;368.58;17.92;1418;37;3846.00;277
9523;18;5575613;9523;672;10941;11218;3.86;0.24;368.66;17.92;1418;37;3847.00;277
9525;18;5575627;9525;677;10942;11218;3.82;0.23;368.68;18.00;1417;37;3848.00;276
9526;18;5575642;9526;671;10943;11218;3.82;0.23;368.79;18.00;1417;37;3849.00;275
9530;18;5575656;9530;670;10943;11218;3.76;0.23;368.81;18.00;1413;37;3850.00;275
9532;18;5575671;9532;666;10943;11218;3.75;0.23;368.77;18.00;1411;37;3851.00;275
9535;18;5575687;9535;664;10954;11230;3.80;0.23;368.90;17.98;1419;37;3852.00;276
9536;18;5575703;9536;670;10954;11230;3.82;0.23;368.87;17.98;1418;37;3853.00;276
9541;18;5575719;9541;668;10954;11230;3.86;0.24;369.06;17.98;1413;37;3854.00;276
9547;18;5575735;9547;667;10954;11230;3.89;0.24;369.23;17.98;1407;37;3855.00;276
9549;18;5575751;9549;669;10954;11230;3.95;0.24;369.39;17.98;1405;37;3856.00;276
9552;18;5575767;9552;664;10954;11230;3.99;0.24;369.44;17.98;1402;37;3857.00;276
9554;18;5575783;9554;667;10954;11231;4.04;0.25;369.43;17.98;1400;37;3858.00;277
9557;18;5575798;9557;668;10954;11231;4.05;0.25;369.49;17.98;1397;37;3859.00;277
9558;18;5575814;9558;672;10959;11237;4.09;0.25;369.60;17.98;1401;37;3860.00;278
9561;18;5575831;9561;675;10960;11238;4.13;0.25;369.72;17.97;1399;37;3861.00;278
9564;18;5575846;9564;665;10960;11238;4.14;0.25;369.80;17.97;1396;37;3862.00;278
9565;18;5575862;9565;673;10960;11238;4.17;0.25;369.81;17.97;1395;37;3863.00;278
9569;18;5575877;9569;676;10963;11242;4.20;0.26;369.90;17.97;1394;37;3864.00;279
9571;18;5575892;9571;677;10963;11242;4.19;0.26;369.92;17.97;1392;37;3865.00;279
9572;18;5575908;9572;672;10963;11242;4.16;0.25;369.92;17.97;1391;37;3866.00;279
9574;18;5575928;9574;667;10964;11243;4.14;0.25;369.90;17.97;1390;37;3867.00;279
9574;18;5575943;9574;662;10967;11247;4.14;0.25;369.90;17.96;1393;37;3868.00;280
9576;18;5575959;9576;664;10967;11247;4.10;0.25;370.02;17.96;1391;37;3869.00;280
9578;18;5575976;9578;661;10971;11253;4.17;0.25;370.01;17.96;1393;37;3870.00;282
9582;18;5575995;9582;661;10971;11253;4.13;0.25;369.96;17.96;1389;37;3871.00;282
9584;18;5576012;9584;660;10973;11253;4.14;0.25;369.93;17.95;1389;37;3872.00;280
9585;18;5576030;9585;664;10973;11253;4.13;0.25;369.92;17.95;1388;37;3873.00;280
9587;18;5576047;9587;669;10977;11257;4.12;0.25;369.96;17.95;1390;37;3874.00;280
9590;18;5576064;9590;667;10977;11257;4.05;0.25;369.99;17.95;1387;37;3875.00;280
9590;18;5576081;9590;669;10977;11257;4.00;0.24;369.99;17.95;1387;37;3876.00;280
9593;18;5576096;9593;673;10977;11257;3.96;0.24;370.03;17.95;1384;37;3877.00;280
9593;18;5576112;9593;679;10977;11258;3.96;0.24;370.03;17.95;1384;37;3878.00;281
9596;18;5576128;9596;674;10978;11259;3.93;0.24;370.11;17.95;1382;37;3879.00;281
9598;18;5576143;9598;675;10978;11259;3.89;0.24;370.05;17.95;1380;37;3880.00;281
9601;18;5576158;9601;678;10979;11260;3.89;0.24;369.96;17.94;1378;37;3881.00;281
9601;18;5576174;9601;682;10979;11260;3.91;0.24;369.96;17.94;1378;37;3882.00;281
9605;18;5576188;9605;678;10979;11260;3.85;0.24;369.86;17.94;1374;37;3883.00;281
9607;18;5576203;9607;684;10979;11260;3.84;0.24;369.89;17.94;1372;37;3884.00;281
9609;18;5576218;9609;677;10979;11260;3.84;0.23;369.86;17.94;1370;37;3885.00;281
9610;18;5576234;9610;675;10979;11260;3.84;0.24;369.85;17.94;1369;37;3886.00;281
9612;18;5576248;9612;674;10979;11260;3.85;0.24;369.89;17.94;1367;37;3887.00;281
9614;18;5576263;9614;698;11049;11387;4.04;0.25;369.97;17.83;1435;37;3888.00;338
9616;18;5576287;9616;656;11049;11388;4.07;0.25;369.98;17.83;1433;37;3889.00;339
9620;18;5576303;9620;627;11056;11388;4.17;0.26;369.94;17.82;1436;37;3890.00;332
9624;18;5576319;9624;610;11058;11388;4.26;0.26;369.91;17.82;1434;37;3891.00;330
9627;18;5576340;9627;599;11062;11388;4.34;0.27;369.93;17.81;1435;37;3892.00;326
9629;18;5576359;9629;584;11066;11388;4.45;0.27;369.93;17.81;1437;37;3893.00;322
9632;18;5576376;9632;573;11068;11388;4.50;0.28;369.91;17.81;1436;37;3894.00;320
9632;18;5576393;9632;562;11071;11388;4.63;0.28;369.91;17.80;1439;37;3895.00;317
9634;18;5576409;9634;558;11074;11389;4.71;0.29;369.86;17.80;1440;37;3896.00;315
9636;18;5576426;9636;551;11077;11390;4.75;0.29;369.87;17.80;1441;37;3897.00;313
9640;18;5576442;9640;550;11079;11390;4.75;0.29;369.87;17.80;1439;37;3898.00;311
9641;18;5576460;9641;545;11081;11391;4.74;0.29;369.86;17.80;1440;37;3899.00;310
9642;18;5576480;9642;545;11089;11406;4.77;0.29;369.90;17.86;1447;37;3900.00;317
9645;18;5576506;9645;544;11091;11406;4.79;0.29;369.92;17.86;1446;37;3901.00;315
9647;18;5576526;9647;545;11093;11406;4.85;0.30;369.94;17.86;1446;37;3902.00;313
9648;18;5576556;9648;537;11097;11410;4.86;0.30;369.91;17.85;1449;37;3903.00;313
9650;18;5576576;9650;538;11099;11410;4.87;0.30;369.90;17.85;1449;37;3904.00;311
9652;18;5576600;9652;539;11105;11410;4.88;0.30;369.89;17.85;1453;37;3905.00;305
9656;18;5576619;9656;537;11108;11413;4.87;0.30;369.91;17.85;1452;37;3906.00;305
9656;18;5576639;9656;537;11109;11413;4.87;0.30;369.91;17.85;1453;37;3907.00;304
9658;18;5576658;9658;543;11109;11413;4.86;0.29;369.95;17.85;1451;37;3908.00;304
9659;18;5576680;9659;539;11113;11417;4.86;0.29;370.08;17.84;1454;37;3909.00;304
9659;18;5576700;9659;545;11114;11418;4.94;0.30;370.08;17.84;1455;37;3910.00;304
9660;18;5576717;9660;549;11117;11418;4.97;0.30;370.07;17.84;1457;37;3911.00;301
9660;18;5576735;9660;546;11121;11422;5.02;0.30;370.07;17.83;1461;37;3912.00;301
9661;18;5576753;9661;540;11121;11422;5.03;0.30;370.10;17.83;1460;37;3913.00;301
9663;18;5576775;9663;541;11122;11422;5.02;0.30;370.18;17.83;1459;37;3914.00;300
9664;18;5576792;9664;546;11124;11424;5.00;0.30;370.17;17.83;1460;37;3915.00;300
9666;18;5576821;9666;547;11124;11424;4.98;0.30;370.13;17.83;1458;37;3916.00;300
9668;18;5576848;9668;555;11130;11430;4.97;0.30;370.24;17.82;1462;37;3917.00;300
9670;18;5576868;9670;551;11130;11430;4.97;0.30;370.23;17.82;1460;37;3918.00;300
9672;18;5576888;9672;552;11130;11431;4.97;0.30;370.39;17.82;1458;37;3919.00;301
9674;18;5576906;9674;560;11130;11431;4.96;0.30;370.41;17.82;1456;37;3920.00;301
9677;18;5576924;9677;565;11131;11431;4.95;0.30;370.48;17.89;1454;37;3921.00;300
9679;18;5576942;9679;574;11133;11431;4.94;0.30;370.62;17.90;1454;37;3922.00;298
9682;18;5576958;9682;574;11133;11431;4.92;0.30;370.63;17.90;1451;37;3923.00;298
9683;18;5576976;9683;585;11143;11443;4.93;0.30;370.66;17.95;1460;37;3924.00;300
9686;18;5576994;9686;586;11146;11443;4.89;0.30;370.68;18.02;1460;37;3925.00;297
9687;18;5577016;9687;585;11146;11443;4.88;0.30;370.71;18.02;1459;37;3926.00;297
9687;18;5577032;9687;598;11149;11443;4.90;0.30;370.71;18.16;1462;37;3927.00;294
9691;18;5577049;9691;608;11149;11443;4.87;0.30;370.88;18.16;1458;37;3928.00;294
9691;18;5577065;9691;608;11150;11443;4.84;0.30;370.88;18.23;1459;37;3929.00;293
9694;18;5577084;9694;611;11155;11447;4.79;0.29;371.06;18.36;1461;37;3930.00;292
9698;18;5577100;9698;613;11156;11447;4.73;0.29;371.00;18.42;1458;37;3931.00;291
9701;18;5577116;9701;613;11161;11451;4.72;0.29;371.18;18.48;1460;37;3932.00;290
9703;18;5577133;9703;616;11162;11452;4.68;0.28;371.20;18.47;1459;37;3933.00;290
9704;18;5577150;9704;622;11164;11452;4.63;0.28;371.20;18.62;1460;37;3934.00;288
9707;18;5577165;9707;623;11164;11452;4.56;0.28;371.21;18.62;1457;37;3935.00;288
9708;18;5577186;9708;627;11174;11465;4.53;0.27;371.19;18.60;1466;37;3936.00;291
9709;18;5577203;9709;625;11175;11465;4.52;0.27;371.15;18.67;1466;37;3937.00;290
9711;18;5577218;9711;626;11175;11465;4.51;0.27;371.21;18.67;1464;37;3938.00;290
9713;18;5577234;9713;626;11176;11466;4.51;0.27;371.33;18.67;1463;37;3939.00;290
9716;18;5577250;9716;633;11178;11467;4.53;0.28;371.32;18.81;1462;37;3940.00;289
9719;18;5577264;9719;637;11178;11467;4.53;0.28;371.34;18.81;1459;37;3941.00;289
9720;18;5577280;9720;641;11184;11470;4.57;0.28;371.35;18.95;1464;37;3942.00;286
9723;18;5577295;9723;640;11184;11470;4.59;0.28;371.35;18.95;1461;37;3943.00;286
9726;18;5577311;9726;644;11185;11470;4.57;0.28;371.30;18.95;1459;37;3944.00;285
9727;18;5577326;9727;641;11187;11470;4.57;0.28;371.30;19.09;1460;37;3945.00;283
9728;18;5577341;9728;641;11192;11476;4.63;0.28;371.28;19.08;1464;38;3946.00;284
9730;18;5577361;9730;639;11192;11476;4.61;0.28;371.38;19.08;1462;38;3947.00;284
9736;18;5577377;9736;636;11195;11476;4.56;0.28;371.42;19.22;1459;38;3948.00;281
9737;18;5577391;9737;640;11195;11476;4.56;0.28;371.46;19.22;1458;38;3949.00;281
9740;18;5577428;9740;643;11200;11480;4.51;0.27;371.50;19.35;1460;38;3950.00;280
9742;18;5577445;9742;642;11201;11481;4.48;0.27;371.57;19.35;1459;38;3951.00;280
9745;18;5577460;9745;634;11201;11481;4.47;0.27;371.59;19.35;1456;38;3952.00;280
9747;18;5577477;9747;633;11204;11482;4.46;0.27;371.67;19.48;1457;38;3953.00;278
9748;18;5577493;9748;634;11204;11482;4.46;0.27;371.68;19.48;1456;38;3954.00;278
9751;18;5577508;9751;636;11206;11482;4.44;0.27;371.73;19.62;1455;38;3955.00;276
9754;18;5577523;9754;635;11206;11482;4.43;0.27;371.78;19.62;1452;38;3956.00;276
9756;18;5577538;9756;634;11208;11482;4.39;0.27;371.84;19.75;1452;38;3957.00;274
9759;18;5577553;9759;630;11208;11482;4.32;0.26;371.87;19.75;1449;38;3958.00;274
9762;18;5577571;9762;634;11208;11482;4.26;0.26;371.88;19.75;1446;38;3959.00;274
9765;18;5577587;9765;638;11269;11607;4.39;0.27;371.90;19.71;1504;38;3960.00;338
9770;18;5577612;9770;625;11277;11608;4.36;0.27;371.90;19.77;1507;38;3961.00;331
9773;18;5577627;9773;619;11283;11608;4.34;0.27;372.05;19.76;1510;38;3962.00;325
9777;18;5577643;9777;623;11288;11608;4.31;0.27;372.07;19.75;1511;38;3963.00;320
9780;18;5577658;9780;634;11292;11608;4.32;0.27;372.19;19.88;1512;38;3964.00;316
9783;18;5577681;9783;633;11297;11608;4.32;0.27;372.29;19.87;1514;38;3965.00;311
9786;18;5577696;9786;636;11301;11608;4.31;0.26;372.38;20.00;1515;38;3966.00;307
9787;18;5577711;9787;632;11304;11608;4.33;0.27;372.37;19.99;1517;38;3967.00;304
9790;18;5577727;9790;631;11305;11609;4.31;0.27;372.50;19.99;1515;38;3968.00;304
9792;18;5577742;9792;627;11306;11610;4.28;0.26;372.61;19.99;1514;38;3969.00;304
9796;18;5577763;9796;622;11307;11610;4.22;0.26;372.57;19.99;1511;38;3970.00;303
9800;18;5577787;9800;618;11310;11614;4.17;0.26;372.64;19.99;1510;38;3971.00;304
9802;18;5577810;9802;619;11311;11614;4.15;0.26;372.77;19.99;1509;38;3972.00;303
9805;18;5577825;9805;622;11312;11614;4.12;0.25;372.74;19.99;1507;38;3973.00;302
9810;18;5577843;9810;632;11313;11614;4.08;0.25;372.81;19.99;1503;38;3974.00;301
9814;18;5577860;9814;630;11317;11620;4.04;0.25;372.91;19.98;1503;38;3975.00;303
9817;18;5577877;9817;639;11318;11620;4.01;0.25;372.93;19.98;1501;38;3976.00;302
9821;18;5577894;9821;639;11319;11620;3.98;0.24;373.02;19.98;1498;38;3977.00;301
9823;18;5577912;9823;635;11320;11623;3.98;0.24;373.09;19.98;1497;38;3978.00;303
9826;18;5577928;9826;636;11321;11623;3.95;0.24;373.07;19.98;1495;38;3979.00;302
9831;18;5577945;9831;638;11321;11623;3.96;0.24;373.06;19.98;1490;38;3980.00;302
9835;18;5577961;9835;633;11321;11624;3.98;0.24;373.06;19.98;1486;38;3981.00;303
9840;18;5577978;9840;625;11322;11625;4.02;0.25;373.05;19.97;1482;38;3982.00;303
9845;18;5577995;9845;623;11322;11625;4.03;0.25;373.08;19.97;1477;38;3983.00;303
9849;18;5578013;9849;614;11332;11638;4.06;0.25;373.03;19.96;1483;38;3984.00;306
9854;18;5578030;9854;611;11333;11638;4.06;0.25;373.29;19.96;1479;38;3985.00;305
9857;18;5578046;9857;628;11333;11638;4.10;0.25;373.26;19.96;1476;38;3986.00;305
9861;18;5578063;9861;639;11334;11639;4.13;0.25;373.46;19.96;1473;38;3987.00;305
9865;18;5578079;9865;631;11335;11639;4.10;0.25;373.58;20.05;1470;38;3988.00;304
9867;18;5578096;9867;631;11338;11643;4.09;0.25;373.66;20.05;1471;38;3989.00;305
9870;18;5578116;9870;639;11338;11643;4.01;0.25;373.77;20.05;1468;38;3990.00;305
9873;18;5578132;9873;638;11341;11647;3.99;0.24;373.88;20.04;1468;38;3991.00;306
9880;18;5578148;9880;646;11341;11647;3.89;0.24;374.03;20.04;1461;38;3992.00;306
9883;18;5578164;9883;641;11341;11647;3.85;0.24;374.14;20.04;1458;38;3993.00;306
9887;18;5578180;9887;636;11341;11647;3.82;0.23;374.27;20.04;1454;38;3994.00;306
9890;18;5578194;9890;633;11342;11647;3.80;0.23;374.40;20.04;1452;38;3995.00;305
9893;18;5578209;9893;629;11352;11659;3.87;0.24;374.44;20.03;1459;38;3996.00;307
9900;18;5578227;9900;639;11352;11659;3.79;0.23;374.57;20.03;1452;38;3997.00;307
9905;18;5578242;9905;644;11353;11659;3.78;0.23;374.61;20.03;1448;38;3998.00;306
9909;18;5578258;9909;653;11353;11659;3.80;0.23;374.67;20.03;1444;38;3999.00;306
9915;18;5578273;9915;652;11353;11659;3.74;0.23;374.83;20.03;1438;38;4000.00;306
9918;18;5578291;9918;655;11354;11659;3.68;0.23;374.89;20.03;1436;38;4001.00;305
9924;18;5578305;9924;660;11355;11660;3.61;0.22;375.07;20.03;1431;38;4002.00;305
9928;18;5578320;9928;664;11355;11660;3.56;0.22;375.07;20.03;1427;38;4003.00;305
9932;18;5578334;9932;671;11359;11666;3.54;0.22;375.22;20.03;1427;38;4004.00;307
9934;18;5578349;9934;671;11362;11668;3.54;0.22;375.19;20.12;1428;38;4005.00;306
9936;18;5578364;9936;683;11362;11668;3.52;0.22;375.28;20.12;1426;38;4006.00;306
9940;18;5578378;9940;676;11363;11668;3.49;0.21;375.21;20.13;1423;38;4007.00;305
9943;18;5578392;9943;670;11366;11672;3.50;0.21;375.21;20.12;1423;38;4008.00;306
9944;18;5578407;9944;674;11366;11672;3.53;0.22;375.18;20.12;1422;38;4009.00;306
9949;18;5578422;9949;671;11367;11672;3.53;0.22;375.26;20.12;1418;38;4010.00;305
9949;18;5578438;9949;675;11369;11673;3.56;0.22;375.26;20.12;1420;38;4011.00;304
9952;18;5578453;9952;669;11374;11677;3.61;0.22;375.29;20.21;1422;38;4012.00;303
9954;18;5578474;9954;669;11374;11677;3.62;0.22;375.25;20.21;1420;38;4013.00;303
9958;18;5578489;9958;677;11376;11680;3.63;0.22;375.21;20.21;1418;38;4014.00;304
9959;18;5578505;9959;677;11377;11680;3.63;0.22;375.26;20.21;1418;38;4015.00;303
9961;18;5578524;9961;665;11378;11680;3.62;0.22;375.20;20.21;1417;38;4016.00;302
9963;18;5578538;9963;656;11379;11680;3.67;0.22;375.17;20.21;1416;38;4017.00;301
9963;18;5578553;9963;656;11383;11684;3.75;0.23;375.17;20.21;1420;38;4018.00;301
9963;18;5578569;9963;639;11385;11684;3.82;0.23;375.17;20.21;1422;38;4019.00;299
9968;18;5578585;9968;643;11385;11684;3.81;0.23;375.26;20.21;1417;38;4020.00;299
9970;18;5578599;9970;640;11385;11684;3.80;0.23;375.26;20.21;1415;38;4021.00;299
9971;18;5578615;9971;633;11386;11685;3.82;0.23;375.24;20.21;1415;38;4022.00;299
9974;18;5578629;9974;636;11387;11686;3.84;0.23;375.17;20.20;1413;38;4023.00;299
9974;18;5578645;9974;640;11387;11686;3.90;0.24;375.17;20.20;1413;38;4024.00;299
9975;18;5578659;9975;639;11389;11687;3.96;0.24;375.14;20.20;1414;38;4025.00;298
9977;18;5578674;9977;645;11389;11687;3.99;0.24;375.12;20.20;1412;38;4026.00;298
9978;18;5578689;9978;641;11389;11687;3.98;0.24;375.13;20.20;1411;38;4027.00;298
9982;18;5578704;9982;645;11389;11687;4.00;0.24;375.17;20.20;1407;38;4028.00;298
9984;18;5578719;9984;643;11389;11687;4.00;0.24;375.16;20.20;1405;38;4029.00;298
9986;18;5578734;9986;653;11389;11687;3.99;0.24;375.11;20.20;1403;38;4030.00;298
9986;18;5578748;9986;651;11389;11687;4.01;0.24;375.11;20.20;1403;38;4031.00;298
9986;18;5578762;9986;674;11451;11814;4.36;0.27;375.11;20.09;1465;38;4032.00;363
9987;18;5578787;9987;678;11453;11815;4.38;0.27;375.20;20.09;1466;38;4033.00;362
9990;18;5578802;9990;678;11463;11815;4.43;0.27;375.21;20.07;1473;38;4034.00;352
9992;18;5578817;9992;672;11465;11815;4.43;0.27;375.28;20.07;1473;38;4035.00;350
9993;18;5578831;9993;651;11470;11815;4.46;0.27;375.28;20.06;1477;39;4036.00;345
9993;18;5578854;9993;643;11473;11815;4.44;0.27;375.28;20.06;1480;39;4037.00;342
9994;18;5578875;9994;639;11477;11815;4.46;0.27;375.32;20.05;1483;39;4038.00;338
9996;18;5578890;9996;641;11479;11815;4.49;0.28;375.35;20.05;1483;39;4039.00;336
9997;18;5578906;9997;635;11481;11816;4.51;0.28;375.36;20.05;1484;39;4040.00;335
9998;18;5578922;9998;641;11485;11817;4.52;0.28;375.38;20.05;1487;39;4041.00;332
9998;19;5578938;9998;631;11487;11817;4.52;0.28;375.38;20.04;1489;40;4042.00;330
9999;19;5578969;9999;629;11489;11818;4.52;0.28;375.38;20.04;1490;40;4043.00;329
9999;19;5578985;9999;634;11490;11818;4.48;0.27;375.38;20.04;1491;40;4044.00;328
10002;19;5579006;10002;634;11494;11818;4.46;0.27;375.39;20.04;1492;40;4045.00;324
10003;19;5579023;10003;641;11495;11818;4.46;0.27;375.42;20.04;1492;40;4046.00;323
10005;19;5579043;10005;632;11498;11822;4.47;0.27;375.40;20.04;1493;40;4047.00;324
10005;19;5579060;10005;627;11499;11822;4.51;0.28;375.40;20.04;1494;40;4048.00;323
10005;19;5579077;10005;620;11503;11822;4.53;0.28;375.40;20.03;1498;40;4049.00;319
10005;19;5579095;10005;621;11506;11828;4.54;0.28;375.40;20.03;1501;40;4050.00;322
10008;19;5579112;10008;608;11508;11828;4.51;0.28;375.39;20.03;1500;40;4051.00;320
10010;19;5579127;10010;602;11510;11828;4.51;0.27;375.37;20.03;1500;40;4052.00;318
10010;19;5579143;10010;597;11516;11832;4.55;0.28;375.37;20.02;1506;40;4053.00;316
10011;19;5579160;10011;577;11517;11833;4.59;0.28;375.39;20.02;1506;40;4054.00;316
10011;19;5579178;10011;570;11520;11833;4.61;0.28;375.39;20.02;1509;40;4055.00;313
10015;19;5579194;10015;563;11522;11837;4.64;0.28;375.57;20.01;1507;40;4056.00;315
10020;19;5579210;10020;548;11523;11837;4.67;0.28;375.73;20.01;1503;40;4057.00;314
10022;20;5579228;10022;547;11523;11837;4.68;0.29;375.81;20.01;1501;41;4058.00;314
10023;20;5579261;10023;538;11524;11838;4.74;0.29;375.82;20.01;1501;41;4059.00;314
10026;20;5579279;10026;534;11524;11838;4.76;0.29;376.01;20.01;1498;41;4060.00;314
10029;20;5579299;10029;530;11528;11844;4.80;0.29;375.99;20.00;1499;41;4061.00;316
10031;20;5579320;10031;525;11528;11844;4.81;0.29;376.04;20.00;1497;41;4062.00;316
10036;20;5579346;10036;534;11528;11845;4.80;0.29;376.09;20.00;1492;41;4063.00;317
10040;20;5579368;10040;529;11528;11845;4.78;0.29;376.07;20.00;1488;41;4064.00;317
10045;20;5579387;10045;530;11530;11845;4.71;0.29;376.05;20.14;1485;41;4065.00;315
10047;20;5579409;10047;524;11530;11845;4.69;0.29;376.16;20.14;1483;41;4066.00;315
10051;20;5579428;10051;524;11530;11845;4.66;0.28;376.18;20.14;1479;41;4067.00;315
10056;20;5579449;10056;528;11540;11857;4.65;0.28;376.40;20.13;1484;41;4068.00;317
10057;20;5579467;10057;529;11541;11857;4.68;0.28;376.46;20.12;1484;41;4069.00;316
10059;20;5579483;10059;526;11541;11857;4.68;0.28;376.43;20.12;1482;41;4070.00;316
10063;20;5579498;10063;524;11541;11857;4.65;0.28;376.42;20.12;1478;41;4071.00;316
10065;20;5579516;10065;527;11541;11857;4.67;0.28;376.48;20.12;1476;41;4072.00;316
10066;20;5579531;10066;530;11542;11857;4.69;0.29;376.59;20.13;1476;41;4073.00;315
10071;20;5579549;10071;529;11546;11861;4.69;0.29;376.61;20.12;1475;41;4074.00;315
10073;20;5579566;10073;527;11546;11861;4.70;0.29;376.64;20.12;1473;41;4075.00;315
10077;20;5579582;10077;535;11551;11865;4.70;0.29;376.66;20.12;1474;41;4076.00;314
10080;20;5579598;10080;530;11552;11866;4.73;0.29;376.72;20.12;1472;41;4077.00;314
10082;20;5579614;10082;532;11552;11866;4.72;0.29;376.83;20.12;1470;41;4078.00;314
10083;20;5579633;10083;531;11553;11866;4.74;0.29;376.82;20.11;1470;41;4079.00;313
10087;20;5579651;10087;543;11573;11895;4.81;0.29;376.82;20.08;1486;41;4080.00;322
10087;20;5579671;10087;530;11575;11895;4.84;0.30;376.82;20.08;1488;41;4081.00;320
10092;20;5579688;10092;536;11577;11895;4.83;0.30;376.83;20.07;1485;41;4082.00;318
10095;20;5579703;10095;536;11579;11896;4.89;0.30;376.83;20.07;1484;41;4083.00;317
10098;20;5579720;10098;535;11579;11897;4.92;0.30;376.79;20.07;1481;41;4084.00;318
10104;20;5579736;10104;535;11579;11897;4.90;0.30;376.95;20.07;1475;41;4085.00;318
10105;20;5579753;10105;539;11581;11900;4.92;0.30;376.98;20.07;1476;41;4086.00;319
10107;20;5579769;10107;548;11582;11900;4.90;0.30;377.01;20.07;1475;41;4087.00;318
10110;20;5579785;10110;550;11582;11900;4.86;0.30;377.02;20.07;1472;41;4088.00;318
10114;20;5579801;10114;551;11582;11900;4.81;0.29;376.97;20.07;1468;41;4089.00;318
10116;20;5579817;10116;565;11587;11906;4.84;0.30;377.06;20.06;1471;41;4090.00;319
10121;20;5579833;10121;563;11587;11906;4.80;0.29;377.23;20.06;1466;41;4091.00;319
10123;20;5579851;10123;564;11587;11906;4.77;0.29;377.29;20.06;1464;41;4092.00;319
10124;20;5579866;10124;571;11588;11906;4.71;0.29;377.25;20.13;1464;41;4093.00;318
10126;20;5579882;10126;577;11592;11910;4.61;0.28;377.35;20.20;1466;41;4094.00;318
10128;20;5579897;10128;575;11594;11912;4.58;0.28;377.38;20.19;1466;41;4095.00;318
10130;20;5579913;10130;591;11596;11912;4.54;0.28;377.37;20.34;1466;41;4096.00;316
10131;20;5579928;10131;597;11597;11913;4.54;0.28;377.44;20.34;1466;41;4097.00;316
10134;20;5579943;10134;598;11598;11913;4.51;0.27;377.39;20.41;1464;41;4098.00;315
10137;20;5579957;10137;603;11598;11913;4.48;0.27;377.39;20.41;1461;41;4099.00;315
10139;20;5579972;10139;608;11598;11913;4.43;0.27;377.38;20.41;1459;41;4100.00;315
10140;20;5579990;10140;617;11599;11913;4.40;0.27;377.42;20.48;1459;41;4101.00;314
10143;20;5580005;10143;618;11599;11913;4.38;0.27;377.48;20.48;1456;41;4102.00;314
10145;20;5580021;10145;628;11601;11913;4.36;0.27;377.44;20.62;1456;41;4103.00;312
10145;20;5580036;10145;619;11635;11983;4.51;0.28;377.44;20.63;1490;41;4104.00;348
10148;20;5580057;10148;624;11636;11984;4.49;0.27;377.53;20.71;1488;41;4105.00;348
10150;20;5580073;10150;621;11642;11984;4.52;0.28;377.56;20.70;1492;41;4106.00;342
10153;20;5580088;10153;625;11646;11984;4.49;0.27;377.57;20.83;1493;41;4107.00;338
10157;20;5580102;10157;629;11651;11984;4.47;0.27;377.66;20.83;1494;41;4108.00;333
10158;20;5580119;10158;626;11654;11984;4.44;0.27;377.69;20.96;1496;41;4109.00;330
10162;20;5580135;10162;636;11656;11984;4.40;0.27;377.66;20.96;1494;41;4110.00;328
10165;20;5580150;10165;629;11658;11984;4.41;0.27;377.68;20.96;1493;41;4111.00;326
10167;20;5580165;10167;627;11662;11985;4.44;0.27;377.68;21.10;1495;41;4112.00;323
10170;20;5580187;10170;624;11664;11986;4.45;0.27;377.67;21.09;1494;41;4113.00;322
10172;20;5580202;10172;622;11666;11986;4.44;0.27;377.66;21.09;1494;41;4114.00;320
10177;20;5580217;10177;618;11672;11990;4.40;0.27;377.69;21.22;1495;41;4115.00;318
10178;20;5580233;10178;617;11673;11990;4.38;0.27;377.72;21.22;1495;41;4116.00;317
10178;20;5580248;10178;615;11674;11990;4.35;0.27;377.72;21.22;1496;41;4117.00;316
10183;20;5580268;10183;624;11677;11990;4.28;0.26;377.65;21.35;1494;41;4118.00;313
10185;20;5580283;10185;627;11682;11996;4.28;0.26;377.70;21.35;1497;41;4119.00;314
10187;20;5580299;10187;624;11685;11996;4.25;0.26;377.71;21.48;1498;41;4120.00;311
10190;20;5580321;10190;634;11686;11996;4.20;0.26;377.80;21.48;1496;41;4121.00;310
10193;20;5580337;10193;636;11688;11999;4.11;0.25;377.85;21.48;1495;41;4122.00;311
10197;20;5580353;10197;647;11690;11999;4.00;0.24;377.90;21.47;1493;41;4123.00;309
10204;20;5580367;10204;656;11690;11999;3.83;0.23;377.99;21.47;1486;41;4124.00;309
10208;20;5580382;10208;641;11690;12000;3.72;0.23;378.14;21.47;1482;41;4125.00;310
10211;20;5580397;10211;641;11691;12001;3.67;0.22;378.19;21.47;1480;41;4126.00;310
10215;20;5580412;10215;647;11691;12001;3.63;0.22;378.23;21.47;1476;41;4127.00;310
10219;20;5580427;10219;646;11701;12014;3.67;0.22;378.33;21.45;1482;41;4128.00;313
10221;20;5580442;10221;655;11702;12014;3.74;0.23;378.36;21.45;1481;41;4129.00;312
10226;20;5580457;10226;653;11703;12014;3.77;0.23;378.47;21.45;1477;41;4130.00;311
10229;20;5580472;10229;651;11704;12015;3.79;0.23;378.54;21.45;1475;41;4131.00;311
10232;20;5580486;10232;651;11705;12015;3.80;0.23;378.59;21.45;1473;41;4132.00;310
10234;20;5580500;10234;653;11709;12019;3.84;0.23;378.63;21.44;1475;41;4133.00;310
10240;20;5580516;10240;658;11709;12019;3.82;0.23;378.81;21.44;1469;41;4134.00;310
10245;20;5580531;10245;654;11712;12023;3.81;0.23;378.85;21.44;1467;41;4135.00;311
10247;20;5580546;10247;657;11712;12023;3.80;0.23;378.89;21.44;1465;41;4136.00;311
10249;20;5580561;10249;657;11713;12023;3.80;0.23;378.90;21.44;1464;41;4137.00;310
10254;20;5580575;10254;656;11713;12023;3.75;0.23;378.98;21.44;1459;41;4138.00;310
10258;20;5580590;10258;660;11714;12023;3.69;0.22;379.12;21.44;1456;41;4139.00;309
10263;20;5580607;10263;658;11740;12057;3.79;0.23;379.21;21.39;1477;41;4140.00;317
10266;20;5580624;10266;655;11740;12057;3.78;0.23;379.23;21.39;1474;41;4141.00;317
10270;20;5580639;10270;658;11742;12057;3.80;0.23;379.23;21.39;1472;41;4142.00;315
10276;20;5580654;10276;658;11742;12057;3.81;0.23;379.34;21.39;1466;41;4143.00;315
10279;20;5580670;10279;661;11743;12057;3.84;0.24;379.34;21.39;1464;41;4144.00;314
10282;20;5580684;10282;663;11743;12057;3.86;0.24;379.41;21.39;1461;41;4145.00;314
10291;20;5580699;10291;667;11743;12058;3.80;0.23;379.52;21.39;1452;41;4146.00;315
10296;20;5580715;10296;659;11743;12058;3.80;0.23;379.65;21.39;1447;41;4147.00;315
10300;20;5580730;10300;660;11747;12064;3.82;0.23;379.76;21.38;1447;41;4148.00;317
10304;20;5580746;10304;663;11748;12065;3.80;0.23;379.87;21.38;1444;41;4149.00;317
10306;20;5580761;10306;665;11748;12065;3.83;0.23;379.88;21.38;1442;41;4150.00;317
10311;20;5580775;10311;667;11748;12065;3.80;0.23;380.14;21.38;1437;41;4151.00;317
10313;20;5580790;10313;663;11751;12069;3.82;0.23;380.17;21.37;1438;41;4152.00;318
10316;20;5580805;10316;664;11751;12069;3.82;0.23;380.21;21.37;1435;41;4153.00;318
10319;20;5580821;10319;671;11751;12069;3.80;0.23;380.27;21.37;1432;41;4154.00;318
10322;20;5580836;10322;678;11752;12070;3.78;0.23;380.41;21.37;1430;41;4155.00;318
10328;20;5580850;10328;673;11755;12074;3.75;0.23;380.47;21.37;1427;41;4156.00;319
10334;20;5580867;10334;677;11755;12074;3.71;0.23;380.48;21.37;1421;41;4157.00;319
10340;20;5580882;10340;683;11757;12077;3.67;0.22;380.62;21.36;1417;41;4158.00;320
10342;20;5580900;10342;682;11758;12077;3.62;0.22;380.65;21.36;1416;41;4159.00;319
10343;20;5580915;10343;692;11759;12077;3.62;0.22;380.66;21.36;1416;41;4160.00;318
10345;20;5580936;10345;698;11759;12077;3.55;0.22;380.64;21.36;1414;41;4161.00;318
10349;20;5580955;10349;698;11763;12081;3.52;0.21;380.77;21.35;1414;41;4162.00;318
10351;20;5580976;10351;701;11763;12081;3.52;0.21;380.75;21.35;1412;41;4163.00;318
10351;20;5580996;10351;703;11763;12081;3.54;0.22;380.75;21.35;1412;41;4164.00;318
10355;20;5581013;10355;708;11763;12081;3.51;0.21;380.79;21.35;1408;41;4165.00;318
10358;20;5581033;10358;707;11763;12082;3.48;0.21;380.87;21.35;1405;41;4166.00;319
10363;20;5581050;10363;697;11764;12083;3.42;0.21;380.86;21.35;1401;41;4167.00;319
10364;20;5581073;10364;709;11764;12083;3.40;0.21;380.86;21.35;1400;41;4168.00;319
10365;20;5581089;10365;699;11765;12084;3.41;0.21;380.84;21.35;1400;41;4169.00;319
10368;20;5581108;10368;703;11765;12084;3.36;0.21;380.86;21.35;1397;41;4170.00;319
10370;20;5581124;10370;708;11765;12084;3.32;0.20;380.88;21.35;1395;41;4171.00;319
10372;20;5581138;10372;698;11765;12084;3.29;0.20;380.88;21.35;1393;41;4172.00;319
10373;20;5581152;10373;701;11767;12086;3.26;0.20;380.86;21.35;1394;41;4173.00;319
10375;20;5581167;10375;695;11767;12086;3.24;0.20;380.92;21.35;1392;41;4174.00;319
10376;20;5581181;10376;684;11767;12086;3.23;0.20;380.88;21.35;1391;41;4175.00;319
10377;20;5581195;10377;699;11835;12213;3.62;0.23;381.00;21.22;1458;41;4176.00;378
10380;20;5581218;10380;693;11838;12214;3.63;0.23;381.03;21.22;1458;41;4177.00;376
10382;20;5581233;10382;691;11846;12214;3.64;0.23;380.98;21.31;1464;41;4178.00;368
10385;20;5581248;10385;682;11848;12214;3.63;0.23;380.99;21.31;1463;41;4179.00;366
10388;20;5581264;10388;687;11854;12214;3.60;0.22;381.16;21.30;1466;41;4180.00;360
10391;20;5581277;10391;671;11858;12214;3.61;0.22;381.26;21.30;1467;41;4181.00;356
10393;20;5581291;10393;670;11860;12214;3.58;0.22;381.22;21.30;1467;41;4182.00;354
10395;20;5581312;10395;654;11863;12214;3.59;0.22;381.15;21.29;1468;41;4183.00;351
10399;20;5581326;10399;637;11865;12215;3.64;0.22;381.11;21.29;1466;41;4184.00;350
10400;20;5581346;10400;629;11869;12217;3.72;0.23;381.16;21.28;1469;41;4185.00;348
10400;20;5581361;10400;627;11870;12217;3.81;0.23;381.16;21.28;1470;41;4186.00;347
10401;20;5581377;10401;628;11874;12218;3.88;0.24;381.16;21.28;1473;41;4187.00;344
10403;20;5581393;10403;622;11877;12218;3.97;0.24;381.25;21.28;1474;41;4188.00;341
10404;20;5581408;10404;624;11878;12218;4.06;0.25;381.30;21.28;1474;41;4189.00;340
10405;20;5581428;10405;625;11882;12218;4.16;0.25;381.27;21.27;1477;41;4190.00;336
10406;20;5581444;10406;625;11885;12222;4.24;0.26;381.26;21.27;1479;41;4191.00;337
10407;20;5581460;10407;626;11888;12222;4.30;0.26;381.34;21.27;1481;41;4192.00;334
10408;20;5581476;10408;628;11890;12222;4.34;0.27;381.33;21.27;1482;41;4193.00;332
10408;20;5581492;10408;631;11892;12225;4.34;0.26;381.33;21.27;1484;41;4194.00;333
10408;20;5581509;10408;639;11895;12225;4.38;0.27;381.33;21.26;1487;41;4195.00;330
10410;20;5581524;10410;631;11895;12225;4.41;0.27;381.30;21.26;1485;41;4196.00;330
10410;20;5581541;10410;632;11898;12229;4.43;0.27;381.30;21.26;1488;41;4197.00;331
10411;20;5581557;10411;634;11900;12230;4.46;0.27;381.30;21.25;1489;41;4198.00;330
10412;20;5581575;10412;628;11900;12230;4.51;0.27;381.26;21.25;1488;41;4199.00;330
10413;20;5581594;10413;640;11910;12264;4.54;0.28;381.30;21.23;1497;41;4200.00;354
10415;20;5581618;10415;638;11910;12264;4.56;0.28;381.27;21.23;1495;41;4201.00;354
10416;20;5581636;10416;632;11911;12264;4.58;0.28;381.26;21.23;1495;41;4202.00;353
10417;20;5581655;10417;628;11912;12265;4.62;0.28;381.23;21.23;1495;41;4203.00;353
10421;20;5581674;10421;630;11913;12265;4.61;0.28;381.28;21.23;1492;41;4204.00;352
10424;20;5581692;10424;626;11918;12271;4.61;0.28;381.40;21.22;1494;41;4205.00;353
10427;20;5581709;10427;627;11919;12271;4.59;0.28;381.47;21.22;1492;41;4206.00;352
10427;20;5581728;10427;632;11919;12272;4.60;0.28;381.47;21.22;1492;41;4207.00;353
10430;20;5581744;10430;642;11920;12272;4.60;0.28;381.51;21.22;1490;41;4208.00;352
10432;20;5581762;10432;635;11920;12272;4.60;0.28;381.57;21.22;1488;41;4209.00;352
10435;20;5581778;10435;626;11920;12272;4.63;0.28;381.54;21.22;1485;41;4210.00;352
10440;20;5581796;10440;630;11921;12272;4.59;0.28;381.51;21.22;1481;41;4211.00;351
10444;20;5581813;10444;636;11929;12284;4.61;0.28;381.67;21.20;1485;41;4212.00;355
10446;20;5581829;10446;638;11929;12284;4.61;0.28;381.75;21.20;1483;41;4213.00;355
10449;20;5581851;10449;629;11933;12284;4.64;0.28;381.81;21.20;1484;41;4214.00;351
10450;20;5581866;10450;624;11933;12284;4.69;0.28;381.79;21.20;1483;41;4215.00;351
10452;20;5581883;10452;616;11933;12284;4.72;0.29;381.89;21.20;1481;41;4216.00;351
10453;20;5581899;10453;613;11934;12284;4.74;0.29;381.91;21.20;1481;41;4217.00;350
10457;20;5581914;10457;606;11938;12288;4.79;0.29;382.00;21.19;1481;41;4218.00;350
10460;20;5581930;10460;605;11938;12288;4.78;0.29;382.11;21.19;1478;41;4219.00;350
10461;20;5581946;10461;598;11941;12292;4.81;0.29;382.21;21.19;1480;41;4220.00;351
10466;20;5581962;10466;590;11942;12293;4.87;0.29;382.26;21.19;1476;41;4221.00;351
10467;20;5581978;10467;579;11942;12293;4.94;0.30;382.26;21.19;1475;41;4222.00;351
10469;20;5581995;10469;584;11943;12293;5.00;0.30;382.34;21.19;1474;41;4223.00;350
10472;20;5582011;10472;578;11952;12306;5.03;0.30;382.35;21.17;1480;41;4224.00;354
10472;20;5582031;10472;571;11952;12306;5.08;0.31;382.35;21.17;1480;41;4225.00;354
10476;20;5582048;10476;569;11954;12306;5.10;0.31;382.43;21.17;1478;41;4226.00;352
10477;20;5582064;10477;566;11955;12307;5.12;0.31;382.43;21.17;1478;41;4227.00;352
10480;20;5582080;10480;570;11955;12308;5.11;0.31;382.51;21.17;1475;41;4228.00;353
10482;20;5582097;10482;564;11955;12308;5.11;0.31;382.47;21.17;1473;41;4229.00;353
10485;20;5582116;10485;567;11962;12314;5.10;0.31;382.47;21.16;1477;41;4230.00;352
10486;20;5582133;10486;565;11962;12314;5.08;0.31;382.47;21.16;1476;41;4231.00;352
10494;20;5582151;10494;577;11963;12314;5.04;0.31;382.40;21.16;1469;41;4232.00;351
10496;20;5582169;10496;572;11963;12314;4.99;0.30;382.48;21.16;1467;41;4233.00;351
10498;20;5582186;10498;577;11968;12320;5.00;0.30;382.43;21.15;1470;41;4234.00;352
10503;20;5582202;10503;578;11969;12320;4.94;0.30;382.63;21.15;1466;41;4235.00;351
10505;20;5582219;10505;583;11969;12320;4.88;0.30;382.58;21.15;1464;41;4236.00;351
10505;20;5582235;10505;586;11970;12320;4.86;0.29;382.58;21.16;1465;41;4237.00;350
10509;20;5582251;10509;592;11973;12324;4.80;0.29;382.58;21.15;1464;41;4238.00;351
10510;20;5582269;10510;588;11974;12325;4.74;0.29;382.58;21.15;1464;41;4239.00;351
10512;20;5582285;10512;598;11974;12325;4.69;0.29;382.64;21.15;1462;41;4240.00;351
10513;20;5582301;10513;600;11976;12326;4.69;0.29;382.64;21.15;1463;41;4241.00;350
10515;20;5582318;10515;604;11977;12326;4.70;0.29;382.70;21.15;1462;41;4242.00;349
10515;20;5582334;10515;612;11977;12326;4.69;0.29;382.70;21.15;1462;41;4243.00;349
10518;20;5582361;10518;614;11977;12326;4.70;0.29;382.61;21.15;1459;41;4244.00;349
10523;20;5582376;10523;618;11977;12326;4.67;0.28;382.78;21.15;1454;41;4245.00;349
10524;20;5582392;10524;619;11977;12326;4.66;0.28;382.76;21.15;1453;41;4246.00;349
10528;21;5582407;10528;621;11978;12326;4.65;0.28;382.91;21.15;1450;42;4247.00;348
10532;21;5582435;10532;629;12021;12396;4.73;0.29;383.08;21.08;1489;42;4248.00;375
10533;21;5582457;10533;626;12022;12397;4.79;0.29;383.07;21.08;1489;42;4249.00;375
10537;21;5582473;10537;626;12030;12397;4.83;0.30;383.28;21.07;1493;42;4250.00;367
10541;21;5582488;10541;625;12034;12397;4.85;0.30;383.35;21.06;1493;42;4251.00;363
10544;21;5582504;10544;630;12039;12397;4.84;0.29;383.47;21.06;1495;42;4252.00;358
10545;21;5582519;10545;633;12041;12397;4.83;0.29;383.48;21.06;1496;42;4253.00;356
10547;21;5582535;10547;637;12044;12397;4.84;0.29;383.51;21.06;1497;42;4254.00;353
10548;21;5582551;10548;636;12047;12397;4.83;0.29;383.54;21.06;1499;42;4255.00;350
10551;21;5582571;10551;636;12049;12398;4.83;0.29;383.56;21.05;1498;42;4256.00;349
10555;21;5582589;10555;641;12049;12399;4.82;0.29;383.62;21.05;1494;42;4257.00;350
10557;21;5582609;10557;649;12049;12399;4.79;0.29;383.56;21.05;1492;42;4258.00;350
10561;21;5582634;10561;655;12052;12403;4.72;0.29;383.87;21.05;1491;42;4259.00;351
10562;21;5582652;10562;660;12052;12403;4.67;0.28;383.86;21.05;1490;42;4260.00;351
10564;21;5582668;10564;666;12052;12403;4.61;0.28;384.04;21.05;1488;42;4261.00;351
10564;21;5582683;10564;666;12052;12403;4.55;0.28;384.04;21.05;1488;42;4262.00;351
10567;21;5582701;10567;679;12056;12409;4.55;0.28;384.07;21.04;1489;42;4263.00;353
10570;21;5582724;10570;677;12056;12409;4.55;0.28;384.23;21.04;1486;42;4264.00;353
10573;21;5582742;10573;677;12056;12409;4.54;0.28;384.25;21.04;1483;42;4265.00;353
10575;21;5582758;10575;682;12057;12412;4.51;0.28;384.37;21.04;1482;42;4266.00;355
10576;21;5582778;10576;682;12057;12412;4.51;0.28;384.39;21.04;1481;42;4267.00;355
10579;21;5582796;10579;680;12057;12412;4.48;0.27;384.36;21.04;1478;42;4268.00;355
10584;21;5582815;10584;680;12057;12413;4.38;0.27;384.48;21.04;1473;42;4269.00;356
10587;21;5582833;10587;688;12058;12414;4.32;0.26;384.53;21.04;1471;42;4270.00;356
10589;21;5582856;10589;695;12058;12414;4.24;0.26;384.54;21.04;1469;42;4271.00;356
10590;21;5582872;10590;695;12068;12427;4.24;0.26;384.57;21.02;1478;42;4272.00;359
10592;21;5582891;10592;691;12068;12427;4.24;0.26;384.51;21.02;1476;42;4273.00;359
10593;21;5582907;10593;690;12068;12427;4.21;0.26;384.49;21.02;1475;42;4274.00;359
10598;21;5582924;10598;686;12069;12429;4.18;0.25;384.53;21.02;1471;42;4275.00;360
10598;21;5582941;10598;675;12069;12429;4.17;0.25;384.53;21.02;1471;42;4276.00;360
10600;21;5582956;10600;675;12072;12433;4.18;0.25;384.52;21.01;1472;42;4277.00;361
10603;21;5582973;10603;673;12072;12433;4.17;0.25;384.49;21.01;1469;42;4278.00;361
10604;21;5582987;10604;670;12074;12437;4.14;0.25;384.53;21.01;1470;42;4279.00;363
10611;21;5583003;10611;671;12075;12437;4.08;0.25;384.53;21.01;1464;42;4280.00;362
10612;21;5583018;10612;670;12075;12437;4.07;0.25;384.50;21.01;1463;42;4281.00;362
10614;21;5583033;10614;671;12075;12437;4.02;0.25;384.52;21.01;1461;42;4282.00;362
10615;21;5583049;10615;678;12075;12437;3.97;0.24;384.55;21.01;1460;42;4283.00;362
10617;21;5583064;10617;696;12083;12449;3.97;0.24;384.50;21.00;1466;42;4284.00;366
10619;21;5583082;10619;689;12083;12449;3.94;0.24;384.58;21.00;1464;42;4285.00;366
10622;21;5583098;10622;698;12084;12449;3.86;0.24;384.61;20.99;1462;42;4286.00;365
10626;21;5583114;10626;694;12084;12449;3.80;0.23;384.69;20.99;1458;42;4287.00;365
10630;21;5583131;10630;691;12084;12449;3.71;0.23;384.74;20.99;1454;42;4288.00;365
10634;21;5583146;10634;700;12084;12449;3.63;0.22;384.71;20.99;1450;42;4289.00;365
10636;21;5583162;10636;690;12084;12450;3.58;0.22;384.77;20.99;1448;42;4290.00;366
10642;21;5583177;10642;690;12084;12450;3.47;0.21;384.83;20.99;1442;42;4291.00;366
10644;21;5583192;10644;689;12088;12456;3.42;0.21;384.79;20.99;1444;42;4292.00;368
10647;21;5583208;10647;682;12088;12457;3.37;0.21;384.79;20.99;1441;42;4293.00;369
10652;21;5583223;10652;683;12088;12457;3.34;0.20;384.81;20.99;1436;42;4294.00;369
10655;21;5583239;10655;681;12088;12457;3.31;0.20;384.87;20.99;1433;42;4295.00;369
10656;21;5583254;10656;684;12091;12461;3.34;0.20;384.87;20.98;1435;42;4296.00;370
10658;21;5583272;10658;677;12091;12461;3.36;0.21;384.98;20.98;1433;42;4297.00;370
10663;21;5583287;10663;675;12091;12461;3.36;0.21;384.99;20.98;1428;42;4298.00;370
10665;21;5583302;10665;664;12092;12462;3.40;0.21;384.94;20.98;1427;42;4299.00;370
10668;21;5583318;10668;648;12095;12466;3.40;0.21;384.94;20.98;1427;42;4300.00;371
10670;21;5583336;10670;647;12095;12466;3.39;0.21;384.99;20.98;1425;42;4301.00;371
10672;21;5583351;10672;648;12096;12469;3.37;0.21;385.02;20.97;1424;42;4302.00;373
10675;21;5583366;10675;645;12096;12469;3.39;0.21;385.01;20.97;1421;42;4303.00;373
10678;21;5583380;10678;644;12096;12469;3.39;0.21;385.11;20.97;1418;42;4304.00;373
10681;21;5583394;10681;651;12096;12469;3.41;0.21;385.12;20.97;1415;42;4305.00;373
10688;21;5583408;10688;654;12099;12473;3.39;0.21;385.06;20.97;1411;42;4306.00;374
10691;21;5583423;10691;649;12099;12473;3.37;0.21;385.02;20.97;1408;42;4307.00;374
10694;21;5583437;10694;648;12099;12473;3.35;0.20;384.95;20.97;1405;42;4308.00;374
10699;21;5583451;10699;643;12099;12473;3.31;0.20;384.84;20.97;1400;42;4309.00;374
10704;21;5583466;10704;649;12099;12474;3.26;0.20;384.73;20.97;1395;42;4310.00;375
10707;21;5583480;10707;643;12099;12475;3.27;0.20;384.64;20.97;1392;42;4311.00;376
10711;21;5583494;10711;640;12099;12475;3.24;0.20;384.57;20.97;1388;42;4312.00;376
10714;21;5583507;10714;645;12100;12476;3.25;0.20;384.49;20.97;1386;42;4313.00;376
10717;21;5583521;10717;640;12100;12476;3.27;0.20;384.42;20.97;1383;42;4314.00;376
10720;21;5583534;10720;648;12100;12476;3.23;0.20;384.46;20.97;1380;42;4315.00;376
10723;21;5583547;10723;646;12100;12476;3.19;0.19;384.41;20.97;1377;42;4316.00;376
10725;21;5583560;10725;652;12100;12476;3.14;0.19;384.39;20.97;1375;42;4317.00;376
10728;21;5583574;10728;661;12100;12476;3.09;0.19;384.33;20.97;1372;42;4318.00;376
10729;21;5583587;10729;658;12100;12476;3.04;0.19;384.36;20.97;1371;42;4319.00;376
10731;21;5583602;10731;683;12205;12706;3.48;0.22;384.34;20.79;1474;42;4320.00;501
10734;21;5583633;10734;684;12210;12707;3.45;0.22;384.32;20.78;1476;42;4321.00;497
10736;21;5583647;10736;684;12220;12707;3.49;0.22;384.37;20.76;1484;42;4322.00;487
10738;21;5583662;10738;674;12229;12707;3.50;0.22;384.35;20.75;1491;42;4323.00;478
10742;21;5583676;10742;672;12235;12707;3.47;0.22;384.44;20.74;1493;42;4324.00;472
10743;21;5583689;10743;666;12241;12707;3.49;0.22;384.46;20.73;1498;42;4325.00;466
10745;21;5583704;10745;661;12245;12707;3.47;0.22;384.53;20.73;1500;42;4326.00;462
10748;21;5583718;10748;669;12246;12707;3.48;0.22;384.57;20.73;1498;42;4327.00;461
10750;21;5583733;10750;672;12252;12708;3.47;0.22;384.56;20.72;1502;42;4328.00;456
10753;21;5583749;10753;674;12255;12709;3.45;0.22;384.54;20.72;1502;42;4329.00;454
10755;21;5583764;10755;662;12257;12709;3.45;0.21;384.52;20.72;1502;42;4330.00;452
10756;21;5583779;10756;652;12261;12710;3.44;0.21;384.53;20.72;1505;42;4331.00;449
10758;21;5583795;10758;651;12264;12710;3.43;0.21;384.50;20.72;1506;42;4332.00;446
10762;21;5583809;10762;658;12267;12710;3.41;0.21;384.52;20.72;1505;42;4333.00;443
10766;21;5583825;10766;651;12269;12710;3.41;0.21;384.53;20.71;1503;42;4334.00;441
10767;21;5583841;10767;653;12272;12714;3.45;0.21;384.54;20.71;1505;42;4335.00;442
10767;21;5583856;10767;649;12274;12714;3.46;0.21;384.54;20.72;1507;42;4336.00;440
10770;21;5583872;10770;640;12274;12714;3.50;0.21;384.53;20.72;1504;42;4337.00;440
10772;21;5583887;10772;632;12276;12717;3.52;0.22;384.52;20.72;1504;42;4338.00;441
10774;21;5583902;10774;635;12277;12717;3.57;0.22;384.49;20.72;1503;42;4339.00;440
10776;21;5583917;10776;622;12278;12717;3.60;0.22;384.50;20.72;1502;42;4340.00;439
10779;21;5583937;10779;615;12282;12721;3.63;0.22;384.50;20.84;1503;42;4341.00;439
10780;21;5583955;10780;607;12284;12722;3.68;0.23;384.50;20.84;1504;42;4342.00;438
10784;21;5583971;10784;608;12286;12722;3.67;0.23;384.52;20.84;1502;42;4343.00;436
10785;21;5583988;10785;607;12291;12726;3.74;0.23;384.52;20.85;1506;42;4344.00;435
10786;21;5584013;10786;606;12291;12726;3.76;0.23;384.49;20.85;1505;42;4345.00;435
10790;21;5584030;10790;604;12292;12726;3.75;0.23;384.57;20.85;1502;42;4346.00;434
10793;21;5584047;10793;598;12292;12727;3.78;0.23;384.56;20.85;1499;42;4347.00;435
10796;21;5584064;10796;586;12294;12727;3.83;0.23;384.56;20.85;1498;42;4348.00;433
10798;21;5584083;10798;577;12298;12733;3.87;0.24;384.55;20.85;1500;42;4349.00;435
10799;21;5584104;10799;566;12300;12733;3.95;0.24;384.62;20.85;1501;42;4350.00;433
10800;21;5584124;10800;569;12300;12734;4.03;0.25;384.59;20.85;1500;42;4351.00;434
10805;21;5584142;10805;574;12301;12734;4.06;0.25;384.59;20.85;1496;42;4352.00;433
10805;21;5584160;10805;582;12301;12734;4.10;0.25;384.59;20.85;1496;42;4353.00;433
10806;21;5584178;10806;588;12302;12734;4.13;0.25;384.61;20.86;1496;42;4354.00;432
10810;21;5584195;10810;595;12303;12734;4.16;0.25;384.60;20.86;1493;42;4355.00;431
10811;21;5584213;10811;604;12313;12746;4.26;0.26;384.62;20.85;1502;42;4356.00;433
10814;21;5584231;10814;607;12314;12746;4.26;0.26;384.74;20.85;1500;42;4357.00;432
10820;21;5584249;10820;599;12316;12746;4.25;0.26;385.00;20.97;1496;42;4358.00;430
10820;21;5584267;10820;602;12316;12746;4.26;0.26;385.00;20.97;1496;42;4359.00;430
10823;21;5584284;10823;591;12318;12746;4.27;0.26;385.11;20.97;1495;42;4360.00;428
10825;21;5584302;10825;596;12319;12746;4.27;0.26;385.26;20.98;1494;42;4361.00;427
10828;21;5584319;10828;591;12323;12750;4.25;0.26;385.38;20.97;1495;42;4362.00;427
10830;21;5584340;10830;596;12323;12750;4.26;0.26;385.50;20.97;1493;42;4363.00;427
10830;21;5584357;10830;593;12328;12754;4.30;0.26;385.50;20.97;1498;42;4364.00;426
10832;21;5584374;10832;600;12329;12756;4.35;0.27;385.50;20.97;1497;43;4365.00;427
10833;21;5584398;10833;590;12329;12756;4.40;0.27;385.48;20.97;1496;43;4366.00;427
10834;21;5584414;10834;587;12331;12756;4.44;0.27;385.53;20.97;1497;43;4367.00;425
10837;21;5584431;10837;580;12339;12769;4.53;0.28;385.77;20.96;1502;43;4368.00;430
10841;21;5584448;10841;582;12340;12769;4.54;0.28;385.77;20.96;1499;43;4369.00;429
10848;21;5584465;10848;578;12341;12769;4.55;0.28;386.07;20.97;1493;43;4370.00;428
10850;21;5584483;10850;580;12344;12770;4.58;0.28;386.14;21.09;1494;43;4371.00;426
10853;21;5584499;10853;581;12345;12771;4.63;0.28;386.23;21.09;1492;43;4372.00;426
10853;21;5584515;10853;583;12346;12771;4.69;0.28;386.23;21.09;1493;43;4373.00;425
10857;21;5584532;10857;575;12347;12774;4.67;0.28;386.31;21.09;1490;43;4374.00;427
10859;21;5584549;10859;588;12349;12774;4.67;0.28;386.32;21.09;1490;43;4375.00;425
10864;21;5584565;10864;589;12349;12774;4.62;0.28;386.31;21.09;1485;43;4376.00;425
10865;21;5584581;10865;590;12351;12774;4.62;0.28;386.30;21.10;1486;43;4377.00;423
10867;21;5584598;10867;595;12355;12780;4.60;0.28;386.30;21.09;1488;43;4378.00;425
10870;21;5584614;10870;590;12357;12780;4.60;0.28;386.28;21.10;1487;43;4379.00;423
10870;21;5584634;10870;596;12357;12780;4.61;0.28;386.28;21.10;1487;43;4380.00;423
10871;21;5584651;10871;588;12358;12780;4.63;0.28;386.34;21.10;1487;43;4381.00;422
10872;21;5584668;10872;586;12362;12784;4.66;0.28;386.39;21.10;1490;44;4382.00;422
10875;21;5584693;10875;580;12363;12785;4.65;0.28;386.40;21.22;1488;44;4383.00;422
10877;21;5584710;10877;584;12365;12785;4.64;0.28;386.47;21.22;1488;44;4384.00;420
10877;21;5584727;10877;572;12366;12786;4.65;0.28;386.47;21.22;1489;44;4385.00;420
10880;21;5584743;10880;571;12367;12786;4.65;0.28;386.46;21.23;1487;44;4386.00;419
10883;21;5584761;10883;560;12367;12786;4.68;0.29;386.49;21.23;1484;44;4387.00;419
10885;21;5584776;10885;556;12368;12786;4.70;0.29;386.48;21.23;1483;44;4388.00;418
10890;21;5584794;10890;548;12369;12786;4.72;0.29;386.51;21.23;1479;44;4389.00;417
10896;21;5584810;10896;542;12369;12786;4.72;0.29;386.58;21.23;1473;44;4390.00;417
10896;21;5584827;10896;532;12370;12786;4.76;0.29;386.58;21.23;1474;44;4391.00;416
10905;21;5584842;10905;534;12404;12856;4.74;0.29;386.83;21.18;1499;44;4392.00;452
10907;21;5584865;10907;527;12408;12857;4.76;0.29;386.90;21.43;1501;45;4393.00;449
10910;21;5584890;10910;521;12414;12857;4.82;0.29;386.87;21.43;1504;45;4394.00;443
10914;21;5584906;10914;522;12416;12857;4.86;0.30;386.85;21.43;1502;45;4395.00;441
10918;21;5584922;10918;529;12418;12857;4.88;0.30;386.92;21.43;1500;45;4396.00;439
10923;21;5584939;10923;526;12419;12857;4.85;0.29;386.89;21.42;1496;45;4397.00;438
10927;21;5584956;10927;527;12421;12857;4.85;0.30;386.92;21.42;1494;45;4398.00;436
10930;21;5584972;10930;522;12424;12857;4.84;0.29;386.95;21.42;1494;45;4399.00;433
10935;21;5584994;10935;521;12427;12858;4.80;0.29;387.03;21.42;1492;45;4400.00;431
10938;21;5585026;10938;522;12429;12859;4.78;0.29;387.17;21.43;1491;45;4401.00;430
10939;21;5585042;10939;522;12434;12859;4.74;0.29;387.18;21.42;1495;45;4402.00;425
10943;21;5585058;10943;529;12438;12863;4.67;0.28;387.33;21.42;1495;45;4403.00;425
10943;21;5585076;10943;528;12440;12863;4.63;0.28;387.33;21.42;1497;45;4404.00;423
10945;21;5585093;10945;536;12441;12863;4.58;0.28;387.46;21.42;1496;45;4405.00;422
10946;21;5585109;10946;533;12443;12863;4.54;0.27;387.53;21.43;1497;45;4406.00;420
10947;21;5585125;10947;540;12448;12869;4.56;0.28;387.57;21.42;1501;45;4407.00;421
10948;21;5585143;10948;543;12449;12869;4.57;0.28;387.66;21.43;1501;46;4408.00;420
10951;21;5585164;10951;546;12450;12869;4.58;0.28;387.73;21.43;1499;46;4409.00;419
10952;21;5585182;10952;548;12454;12875;4.60;0.28;387.78;21.42;1502;46;4410.00;421
10953;21;5585200;10953;548;12455;12875;4.60;0.28;387.77;21.43;1502;46;4411.00;420
10956;21;5585220;10956;557;12457;12875;4.59;0.28;387.86;21.42;1501;46;4412.00;418
10956;21;5585237;10956;556;12458;12876;4.63;0.28;387.86;21.42;1502;46;4413.00;418
10958;21;5585253;10958;569;12460;12877;4.58;0.28;387.85;21.43;1502;46;4414.00;417
10961;21;5585269;10961;578;12461;12877;4.54;0.28;387.83;21.43;1500;46;4415.00;416
10964;21;5585286;10964;581;12470;12890;4.52;0.27;387.80;21.42;1506;46;4416.00;420
10966;21;5585303;10966;581;12472;12890;4.50;0.27;387.94;21.43;1506;46;4417.00;418
10969;21;5585320;10969;588;12472;12890;4.45;0.27;388.08;21.43;1503;46;4418.00;418
10971;21;5585336;10971;593;12473;12891;4.43;0.27;388.12;21.43;1502;46;4419.00;418
10972;21;5585353;10972;596;12474;12891;4.46;0.27;388.13;21.43;1502;46;4420.00;417
10974;21;5585371;10974;598;12478;12895;4.47;0.27;388.08;21.43;1504;46;4421.00;417
10976;21;5585388;10976;606;12478;12895;4.51;0.28;388.24;21.43;1502;46;4422.00;417
10979;21;5585406;10979;609;12482;12899;4.50;0.28;388.44;21.52;1503;46;4423.00;417
10981;21;5585424;10981;609;12482;12899;4.47;0.27;388.48;21.52;1501;46;4424.00;417
10983;21;5585442;10983;616;12482;12899;4.45;0.27;388.47;21.52;1499;47;4425.00;417
10989;21;5585467;10989;616;12483;12899;4.42;0.27;388.54;21.52;1494;47;4426.00;416
10994;21;5585483;10994;619;12483;12899;4.32;0.26;388.67;21.52;1489;47;4427.00;416
10998;21;5585499;10998;627;12495;12911;4.30;0.26;388.72;21.50;1497;47;4428.00;416
11001;21;5585516;11001;637;12496;12911;4.26;0.26;388.64;21.50;1495;47;4429.00;415
11005;21;5585532;11005;639;12497;12911;4.23;0.26;388.70;21.59;1492;47;4430.00;414
11005;21;5585548;11005;646;12497;12911;4.20;0.26;388.70;21.59;1492;47;4431.00;414
11008;21;5585564;11008;655;12498;12911;4.17;0.26;388.80;21.67;1490;47;4432.00;413
11012;21;5585578;11012;656;12498;12911;4.13;0.25;388.90;21.67;1486;47;4433.00;413
11013;21;5585594;11013;662;12498;12912;4.13;0.25;388.87;21.67;1485;47;4434.00;414
11017;21;5585608;11017;664;12498;12912;4.07;0.25;389.10;21.67;1481;47;4435.00;414
11021;21;5585622;11021;671;12502;12918;4.08;0.25;389.22;21.67;1481;47;4436.00;416
11022;21;5585638;11022;676;12502;12919;4.06;0.25;389.26;21.67;1480;47;4437.00;417
11024;21;5585652;11024;679;12502;12919;4.03;0.25;389.38;21.67;1478;47;4438.00;417
11027;21;5585667;11027;688;12502;12919;3.99;0.25;389.42;21.67;1475;47;4439.00;417
11030;21;5585684;11030;683;12506;12924;4.01;0.25;389.55;21.66;1476;47;4440.00;418
11032;21;5585698;11032;681;12506;12924;3.99;0.25;389.52;21.66;1474;47;4441.00;418
11036;21;5585712;11036;686;12506;12924;3.97;0.24;389.56;21.66;1470;47;4442.00;418
11040;21;5585727;11040;682;12507;12925;3.95;0.24;389.77;21.66;1467;47;4443.00;418
11042;21;5585742;11042;683;12510;12929;3.92;0.24;389.78;21.65;1468;47;4444.00;419
11046;21;5585757;11046;678;12510;12929;3.88;0.24;389.76;21.65;1464;47;4445.00;419
11046;21;5585771;11046;683;12511;12932;3.91;0.24;389.76;21.65;1465;47;4446.00;421
11052;21;5585786;11052;682;12511;12932;3.86;0.24;389.72;21.65;1459;47;4447.00;421
11055;21;5585800;11055;684;12511;12932;3.84;0.23;389.68;21.65;1456;47;4448.00;421
11058;21;5585814;11058;684;12511;12932;3.79;0.23;389.70;21.65;1453;47;4449.00;421
11061;21;5585828;11061;685;12514;12936;3.77;0.23;389.71;21.65;1453;47;4450.00;422
11066;21;5585843;11066;683;12514;12936;3.70;0.23;389.67;21.65;1448;47;4451.00;422
11069;21;5585857;11069;688;12514;12936;3.61;0.22;389.69;21.65;1445;47;4452.00;422
11073;21;5585870;11073;688;12514;12936;3.54;0.22;389.63;21.65;1441;47;4453.00;422
11075;21;5585884;11075;688;12514;12937;3.49;0.21;389.61;21.65;1439;47;4454.00;423
11076;21;5585897;11076;675;12515;12939;3.41;0.21;389.59;21.65;1439;47;4455.00;424
11079;21;5585910;11079;663;12515;12939;3.37;0.20;389.62;21.65;1436;47;4456.00;424
11083;21;5585924;11083;658;12516;12940;3.35;0.20;389.56;21.64;1433;47;4457.00;424
11085;21;5585937;11085;663;12516;12940;3.32;0.20;389.53;21.64;1431;47;4458.00;424
11087;21;5585950;11087;651;12516;12940;3.33;0.20;389.50;21.64;1429;47;4459.00;424
11089;21;5585963;11089;648;12516;12940;3.35;0.21;389.48;21.64;1427;47;4460.00;424
11091;21;5585975;11091;644;12516;12940;3.38;0.21;389.50;21.64;1425;47;4461.00;424
11092;21;5585989;11092;642;12516;12940;3.40;0.21;389.48;21.64;1424;47;4462.00;424
11094;21;5586003;11094;639;12516;12940;3.37;0.21;389.45;21.64;1422;47;4463.00;424
11096;21;5586016;11096;638;12576;13067;3.73;0.23;389.47;21.54;1480;47;4464.00;491
11098;21;5586039;11098;632;12578;13068;3.69;0.23;389.43;21.54;1480;47;4465.00;490
11102;21;5586053;11102;633;12587;13068;3.73;0.23;389.44;21.65;1485;47;4466.00;481
11103;21;5586069;11103;634;12589;13068;3.74;0.23;389.43;21.65;1486;47;4467.00;479
11104;21;5586083;11104;631;12595;13068;3.74;0.23;389.41;21.64;1491;47;4468.00;473
11108;21;5586098;11108;641;12599;13068;3.66;0.23;389.36;21.63;1491;47;4469.00;469
11109;21;5586115;11109;646;12601;13068;3.65;0.23;389.34;21.63;1492;47;4470.00;467
11114;21;5586129;11114;643;12604;13068;3.62;0.23;389.27;21.63;1490;47;4471.00;464
11116;21;5586144;11116;645;12606;13069;3.57;0.22;389.23;21.62;1490;47;4472.00;463
11120;21;5586158;11120;653;12607;13070;3.53;0.22;389.22;21.62;1487;47;4473.00;463
11122;21;5586175;11122;653;12608;13070;3.54;0.22;389.26;21.62;1486;47;4474.00;462
11127;21;5586189;11127;663;12610;13071;3.54;0.22;389.18;21.62;1483;47;4475.00;461
11129;21;5586204;11129;676;12611;13071;3.54;0.22;389.13;21.62;1482;47;4476.00;460
11133;21;5586218;11133;664;12612;13071;3.56;0.22;389.17;21.62;1479;47;4477.00;459
11135;21;5586233;11135;653;12612;13071;3.59;0.22;389.16;21.62;1477;47;4478.00;459
11140;21;5586247;11140;652;12615;13075;3.58;0.22;389.16;21.62;1475;47;4479.00;460
11141;21;5586269;11141;647;12616;13075;3.59;0.22;389.16;21.62;1475;47;4480.00;459
11145;21;5586284;11145;645;12617;13075;3.56;0.22;389.19;21.61;1472;47;4481.00;458
11147;21;5586299;11147;650;12619;13078;3.56;0.22;389.17;21.74;1472;47;4482.00;459
11150;21;5586318;11150;647;12619;13078;3.57;0.22;389.32;21.74;1469;47;4483.00;459
11154;21;5586339;11154;650;12619;13078;3.52;0.22;389.33;21.74;1465;47;4484.00;459
11159;21;5586354;11159;652;12622;13082;3.55;0.22;389.27;21.73;1463;47;4485.00;460
11161;21;5586369;11161;643;12623;13083;3.55;0.22;389.25;21.73;1462;47;4486.00;460
11164;21;5586384;11164;650;12623;13083;3.54;0.22;389.35;21.73;1459;47;4487.00;460
11167;21;5586398;11167;642;12626;13087;3.57;0.22;389.37;21.73;1459;47;4488.00;461
11169;21;5586416;11169;639;12626;13087;3.60;0.22;389.38;21.73;1457;47;4489.00;461
11172;21;5586437;11172;640;12626;13087;3.63;0.22;389.45;21.73;1454;47;4490.00;461
11174;21;5586452;11174;631;12626;13088;3.68;0.23;389.48;21.73;1452;47;4491.00;462
11179;21;5586467;11179;636;12627;13088;3.72;0.23;389.43;21.85;1448;47;4492.00;461
11182;21;5586481;11182;630;12631;13094;3.76;0.23;389.41;21.84;1449;47;4493.00;463
11183;21;5586496;11183;630;12631;13094;3.80;0.23;389.42;21.84;1448;47;4494.00;463
11185;21;5586511;11185;623;12631;13095;3.84;0.23;389.40;21.84;1446;47;4495.00;464
11188;21;5586527;11188;621;12631;13095;3.86;0.24;389.38;21.84;1443;47;4496.00;464
11190;21;5586541;11190;618;12631;13095;3.86;0.24;389.40;21.84;1441;47;4497.00;464
11192;21;5586556;11192;614;12631;13095;3.88;0.24;389.40;21.84;1439;47;4498.00;464
11195;21;5586571;11195;618;12631;13095;3.86;0.24;389.46;21.84;1436;47;4499.00;464
11198;21;5586588;11198;630;12656;13145;3.90;0.24;389.50;21.80;1458;47;4500.00;489
11201;21;5586610;11201;627;12656;13147;3.91;0.24;389.56;21.80;1455;47;4501.00;491
11203;21;5586627;11203;621;12659;13147;3.89;0.24;389.55;21.80;1456;47;4502.00;488
11204;21;5586642;11204;619;12659;13147;3.89;0.24;389.55;21.80;1455;47;4503.00;488
11207;21;5586657;11207;621;12661;13147;3.88;0.24;389.57;21.79;1454;47;4504.00;486
11208;21;5586672;11208;619;12661;13147;3.93;0.24;389.58;21.79;1453;47;4505.00;486
11210;21;5586688;11210;615;12664;13151;3.94;0.24;389.71;21.79;1454;47;4506.00;487
11211;21;5586703;11211;614;12666;13151;3.93;0.24;389.76;21.79;1455;47;4507.00;485
11215;21;5586724;11215;611;12670;13155;3.90;0.24;389.84;21.79;1455;47;4508.00;485
11217;21;5586740;11217;614;12672;13156;3.89;0.24;389.95;21.92;1455;47;4509.00;484
11221;22;5586756;11221;616;12672;13156;3.86;0.24;389.96;21.92;1451;48;4510.00;484
11223;22;5586783;11223;605;12673;13156;3.85;0.24;390.03;21.93;1450;48;4511.00;483
11226;22;5586799;11226;602;12683;13169;3.91;0.24;390.07;21.92;1457;48;4512.00;486
11228;22;5586815;11228;587;12683;13169;3.95;0.24;390.16;21.92;1455;48;4513.00;486
11230;22;5586831;11230;587;12685;13169;3.98;0.24;390.25;21.92;1455;48;4514.00;484
11231;22;5586849;11231;579;12686;13170;4.05;0.25;390.23;21.92;1455;48;4515.00;484
11232;22;5586866;11232;566;12688;13171;4.10;0.25;390.26;21.93;1456;48;4516.00;483
11233;22;5586886;11233;572;12688;13171;4.16;0.25;390.25;21.93;1455;48;4517.00;483
11236;22;5586905;11236;559;12690;13174;4.18;0.26;390.31;21.93;1454;48;4518.00;484
11237;22;5586927;11237;563;12692;13174;4.21;0.26;390.41;21.95;1455;48;4519.00;482
11237;22;5586954;11237;562;12693;13174;4.26;0.26;390.41;21.95;1456;48;4520.00;481
11238;22;5586971;11238;561;12693;13174;4.30;0.26;390.51;21.95;1455;48;4521.00;481
11242;22;5586993;11242;547;12697;13180;4.31;0.26;390.63;21.95;1455;48;4522.00;483
11245;22;5587017;11245;539;12697;13180;4.31;0.26;390.65;21.95;1452;48;4523.00;483
11249;22;5587038;11249;539;12699;13180;4.30;0.26;390.69;21.95;1450;48;4524.00;481
11250;22;5587058;11250;534;12700;13180;4.29;0.26;390.70;21.95;1450;48;4525.00;480
11255;22;5587075;11255;526;12703;13184;4.32;0.26;390.66;21.95;1448;48;4526.00;481
11257;22;5587093;11257;524;12704;13185;4.34;0.27;390.72;21.95;1447;48;4527.00;481
11259;22;5587110;11259;529;12704;13185;4.33;0.27;390.76;21.95;1445;48;4528.00;481
11265;22;5587126;11265;528;12706;13186;4.34;0.27;390.78;21.95;1441;48;4529.00;480
11269;22;5587145;11269;536;12707;13186;4.37;0.27;390.78;21.95;1438;48;4530.00;479
11271;22;5587161;11271;531;12708;13186;4.41;0.27;390.86;21.96;1437;48;4531.00;478
11276;22;5587176;11276;532;12708;13186;4.42;0.27;391.07;21.96;1432;48;4532.00;478
11278;22;5587192;11278;533;12708;13186;4.47;0.27;391.10;21.96;1430;48;4533.00;478
11280;22;5587207;11280;536;12709;13186;4.51;0.27;391.21;21.96;1429;48;4534.00;477
11282;22;5587223;11282;530;12709;13186;4.53;0.28;391.24;21.96;1427;48;4535.00;477
11285;22;5587238;11285;549;12746;13256;4.55;0.28;391.31;21.90;1461;48;4536.00;510
11287;22;5587259;11287;537;12748;13257;4.59;0.28;391.30;22.02;1461;48;4537.00;509
11291;22;5587275;11291;541;12751;13257;4.66;0.28;391.45;22.02;1460;48;4538.00;506
11292;22;5587290;11292;537;12755;13257;4.70;0.29;391.43;22.02;1463;48;4539.00;502
11294;22;5587306;11294;533;12756;13257;4.75;0.29;391.42;22.02;1462;48;4540.00;501
11296;22;5587320;11296;535;12757;13257;4.78;0.29;391.52;22.01;1461;48;4541.00;500
11301;22;5587336;11301;543;12762;13257;4.80;0.29;391.64;22.02;1461;48;4542.00;495
11304;22;5587353;11304;545;12763;13257;4.80;0.29;391.63;22.02;1459;48;4543.00;494
11308;22;5587368;11308;549;12766;13258;4.79;0.29;391.69;22.02;1458;48;4544.00;492
11312;22;5587383;11312;538;12771;13260;4.79;0.29;391.77;22.14;1459;48;4545.00;489
11313;22;5587399;11313;536;12773;13260;4.77;0.29;391.83;22.14;1460;48;4546.00;487
11318;22;5587414;11318;539;12777;13264;4.71;0.29;391.93;22.14;1459;48;4547.00;487
11319;22;5587432;11319;537;12778;13264;4.68;0.29;391.97;22.15;1459;48;4548.00;486
11322;22;5587447;11322;536;12778;13264;4.66;0.28;391.97;22.15;1456;48;4549.00;486
11323;22;5587462;11323;534;12779;13264;4.66;0.28;392.02;22.16;1456;48;4550.00;485
11326;22;5587479;11326;530;12782;13270;4.67;0.28;392.10;22.15;1456;48;4551.00;488
11329;22;5587498;11329;524;12783;13270;4.68;0.28;392.10;22.16;1454;48;4552.00;487
11332;22;5587514;11332;519;12784;13270;4.71;0.28;392.11;22.16;1452;48;4553.00;486
11334;22;5587530;11334;520;12785;13273;4.78;0.29;392.15;22.16;1451;48;4554.00;488
11335;22;5587549;11335;511;12787;13273;4.83;0.29;392.22;22.16;1452;48;4555.00;486
11335;22;5587565;11335;509;12788;13273;4.86;0.30;392.22;22.17;1453;48;4556.00;485
11335;22;5587584;11335;508;12789;13274;4.88;0.30;392.22;22.17;1454;48;4557.00;485
11336;22;5587602;11336;510;12790;13275;4.88;0.30;392.32;22.17;1454;48;4558.00;485
11341;22;5587618;11341;515;12790;13275;4.89;0.30;392.44;22.17;1449;48;4559.00;485
11345;22;5587637;11345;526;12806;13301;4.92;0.30;392.42;22.14;1461;48;4560.00;495
11351;22;5587659;11351;519;12806;13301;4.91;0.30;392.49;22.14;1455;48;4561.00;495
11356;22;5587675;11356;516;12808;13301;4.84;0.29;392.47;22.14;1452;48;4562.00;493
11359;22;5587691;11359;523;12808;13302;4.79;0.29;392.50;22.14;1449;48;4563.00;494
11362;22;5587707;11362;511;12808;13302;4.74;0.29;392.65;22.14;1446;48;4564.00;494
11365;22;5587723;11365;524;12811;13306;4.66;0.28;392.84;22.14;1446;48;4565.00;495
11368;22;5587740;11368;521;12811;13306;4.62;0.28;392.85;22.14;1443;48;4566.00;495
11372;22;5587756;11372;520;12815;13310;4.57;0.28;392.84;22.14;1443;48;4567.00;495
11373;22;5587772;11373;527;12815;13310;4.54;0.28;392.93;22.14;1442;48;4568.00;495
11378;22;5587789;11378;534;12816;13310;4.49;0.27;392.91;22.13;1438;48;4569.00;494
11383;22;5587806;11383;532;12817;13310;4.41;0.27;393.14;22.14;1434;48;4570.00;493
11386;22;5587823;11386;537;12818;13310;4.38;0.26;393.13;22.14;1432;48;4571.00;492
11388;22;5587840;11388;546;12828;13322;4.35;0.26;393.13;22.12;1440;48;4572.00;494
11390;22;5587857;11390;549;12829;13322;4.29;0.26;393.21;22.12;1439;48;4573.00;493
11391;22;5587873;11391;563;12830;13322;4.23;0.26;393.21;22.12;1439;48;4574.00;492
11392;22;5587889;11392;568;12830;13322;4.19;0.25;393.21;22.12;1438;48;4575.00;492
11393;22;5587905;11393;572;12831;13322;4.20;0.26;393.18;22.13;1438;48;4576.00;491
11395;22;5587922;11395;577;12831;13322;4.21;0.26;393.25;22.13;1436;48;4577.00;491
11399;22;5587939;11399;587;12831;13323;4.21;0.26;393.25;22.13;1432;48;4578.00;492
11399;22;5587955;11399;593;12831;13323;4.25;0.26;393.25;22.13;1432;48;4579.00;492
11402;22;5587970;11402;597;12835;13329;4.24;0.26;393.45;22.12;1433;48;4580.00;494
11404;22;5587986;11404;606;12835;13330;4.23;0.26;393.42;22.12;1431;48;4581.00;495
11406;22;5588003;11406;608;12835;13330;4.22;0.26;393.43;22.12;1429;48;4582.00;495
11407;22;5588020;11407;613;12835;13330;4.22;0.26;393.47;22.12;1428;48;4583.00;495
11409;22;5588036;11409;618;12838;13334;4.25;0.26;393.49;22.11;1429;48;4584.00;496
11410;22;5588052;11410;619;12838;13334;4.23;0.26;393.45;22.11;1428;48;4585.00;496
11412;22;5588066;11412;625;12838;13334;4.20;0.26;393.43;22.11;1426;48;4586.00;496
11414;22;5588081;11414;633;12839;13335;4.19;0.26;393.62;22.11;1425;48;4587.00;496
11418;22;5588103;11418;638;12842;13339;4.13;0.25;393.65;22.11;1424;48;4588.00;497
11420;22;5588119;11420;629;12842;13339;4.16;0.26;393.65;22.11;1422;48;4589.00;497
11424;22;5588136;11424;632;12846;13345;4.16;0.26;393.71;22.10;1422;48;4590.00;499
11428;22;5588159;11428;629;12846;13345;4.05;0.25;393.70;22.10;1418;48;4591.00;499
11432;22;5588183;11432;639;12846;13345;4.00;0.25;393.71;22.10;1414;48;4592.00;499
11433;22;5588197;11433;639;12846;13345;3.97;0.24;393.75;22.10;1413;48;4593.00;499
11437;22;5588212;11437;640;12849;13349;3.93;0.24;393.75;22.10;1412;48;4594.00;500
11439;22;5588227;11439;646;12849;13349;3.89;0.24;393.70;22.10;1410;48;4595.00;500
11440;22;5588241;11440;655;12849;13349;3.85;0.24;393.75;22.10;1409;48;4596.00;500
11440;22;5588255;11440;661;12849;13349;3.82;0.23;393.75;22.10;1409;48;4597.00;500
11442;22;5588269;11442;670;12849;13350;3.77;0.23;393.75;22.10;1407;48;4598.00;501
11445;22;5588282;11445;674;12849;13351;3.71;0.23;393.68;22.10;1404;48;4599.00;502
11448;22;5588297;11448;682;12849;13351;3.63;0.22;393.68;22.10;1401;48;4600.00;502
11451;22;5588315;11451;689;12850;13352;3.58;0.22;393.69;22.09;1399;48;4601.00;502
11451;22;5588329;11451;692;12850;13352;3.53;0.22;393.69;22.09;1399;48;4602.00;502
11451;22;5588342;11451;702;12850;13352;3.51;0.21;393.69;22.09;1399;48;4603.00;502
11455;22;5588355;11455;698;12850;13352;3.46;0.21;393.63;22.09;1395;48;4604.00;502
11457;22;5588368;11457;696;12850;13352;3.43;0.21;393.57;22.09;1393;48;4605.00;502
11457;22;5588382;11457;693;12850;13352;3.45;0.21;393.57;22.09;1393;48;4606.00;502
11458;22;5588394;11458;691;12850;13352;3.44;0.21;393.55;22.09;1392;48;4607.00;502
11460;22;5588407;11460;707;12911;13479;3.75;0.23;393.60;21.99;1451;48;4608.00;568
11461;22;5588430;11461;701;12913;13480;3.71;0.23;393.60;21.99;1452;48;4609.00;567
11465;22;5588444;11465;692;12919;13480;3.69;0.23;393.54;21.98;1454;48;4610.00;561
11465;22;5588457;11465;692;12924;13480;3.68;0.23;393.54;21.97;1459;48;4611.00;556
11467;22;5588470;11467;697;12928;13480;3.62;0.22;393.52;21.96;1461;48;4612.00;552
11468;22;5588483;11468;707;12931;13480;3.58;0.22;393.50;21.96;1463;48;4613.00;549
11470;22;5588496;11470;704;12935;13480;3.57;0.22;393.47;21.96;1465;48;4614.00;545
11470;22;5588509;11470;711;12936;13480;3.55;0.22;393.47;21.95;1466;48;4615.00;544
11473;22;5588521;11473;710;12937;13481;3.52;0.22;393.46;21.95;1464;48;4616.00;544
11474;22;5588535;11474;715;12938;13482;3.49;0.21;393.48;21.95;1464;48;4617.00;544
11477;22;5588548;11477;719;12939;13482;3.41;0.21;393.41;21.95;1462;48;4618.00;543
11478;22;5588561;11478;729;12941;13483;3.36;0.21;393.38;21.95;1463;48;4619.00;542
11481;22;5588575;11481;716;12943;13483;3.32;0.20;393.38;21.95;1462;48;4620.00;540
11483;22;5588589;11483;714;12945;13483;3.25;0.20;393.41;21.95;1462;48;4621.00;538
11484;22;5588601;11484;708;12946;13483;3.21;0.20;393.41;21.95;1462;48;4622.00;537
11488;22;5588619;11488;713;12948;13487;3.17;0.20;393.41;21.94;1460;48;4623.00;539
11490;22;5588635;11490;697;12948;13487;3.16;0.20;393.41;21.94;1458;48;4624.00;539
11492;22;5588650;11492;683;12948;13487;3.18;0.20;393.41;21.94;1456;48;4625.00;539
11495;22;5588669;11495;671;12949;13490;3.21;0.20;393.43;21.94;1454;48;4626.00;541
11495;22;5588687;11495;662;12949;13490;3.26;0.20;393.43;21.94;1454;48;4627.00;541
11496;22;5588703;11496;650;12949;13490;3.31;0.20;393.44;21.94;1453;48;4628.00;541
11499;22;5588718;11499;644;12951;13494;3.33;0.21;393.42;21.94;1452;48;4629.00;543
11502;22;5588733;11502;640;12953;13495;3.34;0.21;393.44;21.93;1451;48;4630.00;542
11505;22;5588747;11505;626;12953;13495;3.37;0.21;393.46;21.93;1448;48;4631.00;542
11507;22;5588762;11507;621;12956;13499;3.44;0.21;393.47;21.93;1449;48;4632.00;543
11509;22;5588779;11509;615;12956;13499;3.48;0.21;393.44;21.93;1447;48;4633.00;543
11510;22;5588796;11510;612;12956;13499;3.57;0.22;393.46;21.93;1446;48;4634.00;543
11512;22;5588812;11512;607;12956;13501;3.63;0.22;393.45;21.93;1444;48;4635.00;545
11513;22;5588830;11513;600;12956;13501;3.68;0.23;393.42;21.93;1443;48;4636.00;545
11516;22;5588847;11516;598;12959;13507;3.75;0.23;393.41;21.92;1443;48;4637.00;548
11522;22;5588870;11522;595;12959;13507;3.79;0.23;393.31;21.92;1437;48;4638.00;548
11527;22;5588889;11527;588;12959;13508;3.85;0.23;393.28;21.92;1432;48;4639.00;549
11531;22;5588908;11531;578;12960;13508;3.91;0.24;393.27;21.93;1429;48;4640.00;548
11533;22;5588925;11533;566;12960;13508;4.03;0.24;393.27;21.93;1427;48;4641.00;548
11534;22;5588944;11534;556;12961;13508;4.11;0.25;393.26;21.92;1427;48;4642.00;547
11537;22;5588961;11537;545;12961;13508;4.14;0.25;393.20;21.92;1424;48;4643.00;547
11537;22;5588987;11537;542;12969;13520;4.26;0.26;393.20;21.91;1432;48;4644.00;551
11541;22;5589009;11541;533;12969;13520;4.25;0.26;393.33;21.91;1428;48;4645.00;551
11545;22;5589025;11545;531;12969;13520;4.23;0.26;393.39;21.91;1424;48;4646.00;551
11548;22;5589042;11548;536;12970;13520;4.25;0.26;393.49;21.91;1422;48;4647.00;550
11552;22;5589057;11552;545;12970;13520;4.24;0.26;393.46;21.91;1418;48;4648.00;550
11554;22;5589073;11554;541;12970;13520;4.24;0.26;393.42;21.91;1416;48;4649.00;550
11560;22;5589089;11560;532;12974;13526;4.22;0.25;393.57;21.90;1414;48;4650.00;552
11562;22;5589106;11562;526;12975;13526;4.26;0.26;393.61;21.90;1413;48;4651.00;551
11566;22;5589122;11566;521;12978;13530;4.29;0.26;393.79;21.90;1412;48;4652.00;552
11571;22;5589139;11571;518;12978;13531;4.30;0.26;393.72;21.90;1407;48;4653.00;553
11576;22;5589157;11576;519;12978;13531;4.33;0.26;393.75;21.90;1402;48;4654.00;553
11580;22;5589173;11580;528;12978;13531;4.33;0.26;393.68;21.90;1398;48;4655.00;553
11582;22;5589188;11582;522;12988;13544;4.39;0.27;393.65;21.88;1406;48;4656.00;556
11586;22;5589206;11586;513;12988;13544;4.44;0.27;393.88;21.88;1402;48;4657.00;556
11589;22;5589222;11589;508;12988;13544;4.46;0.27;393.98;21.88;1399;48;4658.00;556
11594;22;5589238;11594;506;12989;13545;4.48;0.27;394.10;21.88;1395;48;4659.00;556
11596;22;5589255;11596;495;12990;13546;4.53;0.27;394.19;21.89;1394;48;4660.00;556
11601;22;5589271;11601;493;12991;13546;4.52;0.27;394.32;21.91;1390;48;4661.00;555
11602;22;5589289;11602;492;12993;13549;4.51;0.27;394.33;22.03;1391;48;4662.00;556
11606;22;5589306;11606;487;12993;13549;4.47;0.27;394.42;22.03;1387;48;4663.00;556
11608;22;5589321;11608;489;12993;13549;4.47;0.27;394.45;22.03;1385;48;4664.00;556
11610;22;5589338;11610;492;12993;13549;4.44;0.27;394.45;22.03;1383;48;4665.00;556
11614;22;5589354;11614;488;12996;13555;4.37;0.27;394.52;22.03;1382;48;4666.00;559
11617;22;5589370;11617;483;12998;13555;4.34;0.26;394.56;22.05;1381;48;4667.00;557
11621;22;5589387;11621;478;12998;13555;4.32;0.26;394.55;22.05;1377;48;4668.00;557
11623;22;5589403;11623;479;12999;13555;4.33;0.26;394.65;22.07;1376;48;4669.00;556
11628;22;5589419;11628;484;13003;13559;4.32;0.26;394.74;22.08;1375;48;4670.00;556
11631;22;5589437;11631;480;13004;13560;4.28;0.26;394.76;22.09;1373;48;4671.00;556
11635;22;5589453;11635;484;13005;13560;4.28;0.26;394.92;22.11;1370;48;4672.00;555
11638;22;5589470;11638;487;13007;13561;4.27;0.26;395.00;22.12;1369;48;4673.00;554
11639;22;5589485;11639;491;13007;13561;4.32;0.26;395.01;22.12;1368;48;4674.00;554
11642;22;5589501;11642;497;13009;13561;4.33;0.26;394.99;22.15;1367;48;4675.00;552
11648;22;5589516;11648;490;13009;13561;4.28;0.26;394.98;22.15;1361;48;4676.00;552
11652;22;5589532;11652;477;13011;13561;4.28;0.26;395.03;22.17;1359;48;4677.00;550
11655;22;5589547;11655;477;13012;13561;4.33;0.26;395.08;22.30;1357;48;4678.00;549
11658;22;5589564;11658;464;13013;13561;4.35;0.26;395.11;22.30;1355;48;4679.00;548
11661;22;5589581;11661;488;13085;13686;4.49;0.28;395.18;22.17;1424;48;4680.00;601
11663;22;5589606;11663;484;13089;13687;4.51;0.28;395.20;22.20;1426;48;4681.00;598
11665;22;5589622;11665;465;13094;13687;4.53;0.28;395.19;22.19;1429;48;4682.00;593
11667;22;5589637;11667;474;13096;13687;4.57;0.28;395.18;22.22;1429;48;4683.00;591
11670;22;5589654;11670;470;13096;13687;4.61;0.28;395.27;22.22;1426;48;4684.00;591
11674;22;5589669;11674;481;13099;13687;4.63;0.28;395.21;22.23;1425;48;4685.00;588
11677;22;5589685;11677;485;13100;13687;4.65;0.29;395.27;22.23;1423;48;4686.00;587
11681;22;5589702;11681;482;13102;13687;4.62;0.28;395.36;22.24;1421;48;4687.00;585
11684;22;5589718;11684;481;13106;13688;4.60;0.28;395.46;22.38;1422;48;4688.00;582
11687;22;5589733;11687;487;13107;13689;4.56;0.28;395.45;22.38;1420;48;4689.00;582
11690;22;5589750;11690;489;13108;13689;4.55;0.28;395.49;22.39;1418;48;4690.00;581
11693;22;5589765;11693;487;13112;13693;4.54;0.28;395.50;22.40;1419;48;4691.00;581
11697;22;5589781;11697;501;13115;13693;4.51;0.28;395.52;22.42;1418;48;4692.00;578
11699;22;5589798;11699;494;13117;13693;4.49;0.27;395.60;22.43;1418;48;4693.00;576
11700;22;5589818;11700;510;13120;13693;4.51;0.28;395.60;22.44;1420;48;4694.00;573
11701;22;5589834;11701;509;13123;13699;4.55;0.28;395.66;22.43;1422;48;4695.00;576
11706;22;5589851;11706;505;13125;13699;4.56;0.28;395.71;22.44;1419;49;4696.00;574
11711;22;5589874;11711;501;13127;13699;4.54;0.28;395.95;22.46;1416;49;4697.00;572
11712;22;5589891;11712;511;13129;13702;4.57;0.28;395.96;22.47;1417;49;4698.00;573
11715;22;5589906;11715;507;13131;13702;4.52;0.28;396.04;22.48;1416;49;4699.00;571
11717;22;5589928;11717;511;13131;13702;4.47;0.27;396.06;22.48;1414;49;4700.00;571
11720;22;5589952;11720;514;13133;13703;4.43;0.27;396.06;22.49;1413;49;4701.00;570
11723;23;5589968;11723;511;13135;13704;4.40;0.27;396.17;22.50;1412;50;4702.00;569
11726;23;5589997;11726;515;13135;13704;4.37;0.27;396.17;22.50;1409;50;4703.00;569
11729;23;5590020;11729;531;13146;13717;4.36;0.26;396.26;22.49;1417;50;4704.00;571
11731;23;5590038;11731;533;13148;13717;4.37;0.27;396.39;22.61;1417;50;4705.00;569
11731;23;5590055;11731;534;13148;13717;4.41;0.27;396.39;22.61;1417;50;4706.00;569
11731;23;5590073;11731;534;13149;13718;4.45;0.27;396.39;22.62;1418;50;4707.00;569
11732;23;5590089;11732;536;13150;13718;4.43;0.27;396.44;22.64;1418;50;4708.00;568
11734;23;5590112;11734;546;13152;13722;4.39;0.27;396.49;22.63;1418;50;4709.00;570
11737;23;5590137;11737;551;13153;13722;4.37;0.27;396.52;22.63;1416;50;4710.00;569
11738;23;5590156;11738;561;13160;13726;4.32;0.26;396.54;22.95;1422;51;4711.00;566
11740;23;5590185;11740;549;13161;13726;4.31;0.26;396.68;22.96;1421;51;4712.00;565
11743;23;5590202;11743;546;13162;13726;4.29;0.26;396.66;23.08;1419;51;4713.00;564
11747;23;5590220;11747;546;13162;13726;4.27;0.26;396.71;23.08;1415;52;4714.00;564
11748;23;5590241;11748;544;13162;13726;4.26;0.26;396.69;23.08;1414;52;4715.00;564
11750;23;5590256;11750;541;13171;13738;4.30;0.26;396.82;23.07;1421;52;4716.00;567
11751;23;5590272;11751;538;13172;13738;4.31;0.26;396.84;23.09;1421;52;4717.00;566
11753;23;5590288;11753;527;13173;13738;4.35;0.27;396.92;23.08;1420;52;4718.00;565
11756;23;5590304;11756;530;13173;13738;4.34;0.26;397.04;23.08;1417;52;4719.00;565
11759;23;5590321;11759;529;13175;13738;4.33;0.26;397.03;23.11;1416;52;4720.00;563
11764;23;5590341;11764;533;13175;13738;4.31;0.26;397.09;23.11;1411;52;4721.00;563
11767;23;5590356;11767;530;13175;13739;4.30;0.26;397.19;23.11;1408;52;4722.00;564
11772;23;5590372;11772;529;13177;13739;4.26;0.26;397.20;23.13;1405;52;4723.00;562
11774;23;5590386;11774;529;13181;13745;4.26;0.26;397.22;23.13;1407;52;4724.00;564
11778;23;5590404;11778;522;13182;13747;4.23;0.26;397.26;23.12;1404;52;4725.00;565
11782;23;5590420;11782;520;13182;13747;4.22;0.26;397.31;23.12;1400;53;4726.00;565
11786;23;5590441;11786;511;13184;13747;4.18;0.26;397.33;23.24;1398;53;4727.00;563
11791;23;5590457;11791;522;13187;13751;4.15;0.25;397.35;23.23;1396;53;4728.00;564
11795;23;5590472;11795;524;13187;13751;4.10;0.25;397.37;23.23;1392;53;4729.00;564
11797;23;5590489;11797;531;13189;13751;4.08;0.25;397.52;23.26;1392;53;4730.00;562
11802;23;5590504;11802;540;13190;13752;4.05;0.25;397.61;23.26;1388;53;4731.00;562
11806;23;5590521;11806;533;13194;13756;4.05;0.25;397.73;23.26;1388;53;4732.00;562
11808;23;5590538;11808;535;13195;13756;4.00;0.24;397.80;23.27;1387;53;4733.00;561
11810;23;5590552;11810;540;13196;13759;3.97;0.24;397.83;23.27;1386;53;4734.00;563
11816;23;5590567;11816;542;13196;13759;3.86;0.24;397.89;23.27;1380;53;4735.00;563
11816;23;5590581;11816;554;13196;13759;3.82;0.23;397.89;23.27;1380;53;4736.00;563
11818;23;5590596;11818;555;13196;13759;3.80;0.23;397.86;23.27;1378;53;4737.00;563
11819;23;5590611;11819;565;13199;13763;3.82;0.23;397.97;23.27;1380;53;4738.00;564
11823;23;5590625;11823;573;13200;13763;3.77;0.23;397.91;23.28;1377;53;4739.00;563
11824;23;5590641;11824;580;13200;13763;3.78;0.23;397.96;23.28;1376;53;4740.00;563
11827;23;5590657;11827;581;13200;13763;3.73;0.23;398.02;23.28;1373;53;4741.00;563
11828;23;5590671;11828;581;13201;13764;3.68;0.23;398.04;23.29;1373;53;4742.00;563
11832;23;5590686;11832;592;13201;13765;3.59;0.22;398.02;23.29;1369;53;4743.00;564
11834;23;5590701;11834;600;13201;13765;3.55;0.22;397.99;23.29;1367;53;4744.00;564
11835;23;5590715;11835;603;13202;13766;3.52;0.22;398.08;23.29;1367;53;4745.00;564
11840;23;5590728;11840;614;13202;13766;3.48;0.21;398.06;23.29;1362;53;4746.00;564
11842;23;5590743;11842;619;13203;13766;3.44;0.21;398.03;23.39;1361;53;4747.00;563
11843;23;5590756;11843;615;13203;13766;3.43;0.21;398.06;23.39;1360;53;4748.00;563
11844;23;5590770;11844;627;13203;13766;3.40;0.21;398.10;23.39;1359;53;4749.00;563
11848;23;5590784;11848;628;13203;13766;3.37;0.21;398.12;23.39;1355;53;4750.00;563
11850;23;5590797;11850;629;13203;13766;3.38;0.21;398.12;23.39;1353;53;4751.00;563
11852;23;5590811;11852;654;13265;13893;3.73;0.23;398.07;23.28;1413;53;4752.00;628
11852;23;5590834;11852;650;13266;13894;3.74;0.24;398.07;23.28;1414;53;4753.00;628
11854;23;5590848;11854;649;13273;13894;3.81;0.24;398.04;23.27;1419;53;4754.00;621
11858;23;5590862;11858;647;13278;13894;3.79;0.24;398.01;23.26;1420;53;4755.00;616
11860;23;5590876;11860;650;13283;13894;3.75;0.23;398.05;23.25;1423;53;4756.00;611
11862;23;5590890;11862;655;13287;13894;3.71;0.23;398.10;23.35;1425;53;4757.00;607
11862;23;5590903;11862;664;13288;13894;3.72;0.23;398.10;23.35;1426;53;4758.00;606
11862;23;5590916;11862;667;13290;13894;3.73;0.23;398.10;23.35;1428;53;4759.00;604
11863;23;5590929;11863;671;13291;13895;3.77;0.23;398.10;23.35;1428;53;4760.00;604
11864;23;5590943;11864;668;13294;13896;3.78;0.23;398.09;23.34;1430;53;4761.00;602
11866;23;5590958;11866;670;13295;13896;3.76;0.23;398.13;23.34;1429;53;4762.00;601
11869;23;5590973;11869;669;13296;13897;3.75;0.23;398.08;23.34;1427;53;4763.00;601
11871;23;5590987;11871;680;13298;13897;3.71;0.23;398.09;23.34;1427;53;4764.00;599
11872;23;5591001;11872;689;13299;13897;3.70;0.23;398.09;23.34;1427;53;4765.00;598
11873;23;5591014;11873;695;13300;13897;3.62;0.22;398.12;23.34;1427;53;4766.00;597
11875;23;5591027;11875;706;13302;13901;3.60;0.22;398.06;23.33;1427;53;4767.00;599
11876;23;5591059;11876;707;13303;13901;3.56;0.22;398.09;23.33;1427;53;4768.00;598
11877;23;5591076;11877;707;13304;13901;3.53;0.22;398.14;23.33;1427;53;4769.00;597
11878;23;5591091;11878;711;13307;13907;3.51;0.22;398.22;23.33;1429;53;4770.00;600
11878;23;5591105;11878;699;13308;13907;3.50;0.22;398.22;23.33;1430;53;4771.00;599
11879;23;5591120;11879;683;13308;13907;3.49;0.21;398.19;23.33;1429;53;4772.00;599
11881;23;5591141;11881;676;13311;13911;3.53;0.22;398.21;23.32;1430;53;4773.00;600
11884;23;5591157;11884;667;13312;13912;3.51;0.22;398.14;23.32;1428;53;4774.00;600
11886;23;5591173;11886;655;13312;13912;3.52;0.22;398.08;23.32;1426;53;4775.00;600
11887;23;5591187;11887;646;13315;13916;3.54;0.22;398.11;23.31;1428;53;4776.00;601
11889;23;5591201;11889;639;13315;13916;3.57;0.22;398.07;23.31;1426;53;4777.00;601
11889;23;5591221;11889;644;13315;13916;3.59;0.22;398.07;23.31;1426;53;4778.00;601
11889;23;5591235;11889;638;13315;13917;3.60;0.22;398.07;23.31;1426;53;4779.00;602
11891;23;5591249;11891;644;13315;13917;3.62;0.22;398.08;23.31;1424;53;4780.00;602
11893;23;5591263;11893;641;13319;13923;3.61;0.22;398.07;23.31;1426;53;4781.00;604
11896;23;5591277;11896;642;13319;13923;3.57;0.22;398.09;23.31;1423;53;4782.00;604
11897;23;5591291;11897;642;13319;13924;3.57;0.22;398.06;23.31;1422;53;4783.00;605
11900;23;5591304;11900;645;13319;13924;3.51;0.21;398.04;23.31;1419;53;4784.00;605
11903;23;5591319;11903;628;13319;13924;3.51;0.21;397.99;23.31;1416;53;4785.00;605
11904;23;5591341;11904;621;13319;13924;3.54;0.21;398.00;23.31;1415;53;4786.00;605
11906;23;5591355;11906;619;13319;13924;3.59;0.22;397.97;23.31;1413;53;4787.00;605
11908;23;5591368;11908;618;13328;13936;3.67;0.22;397.93;23.29;1420;53;4788.00;608
11909;23;5591384;11909;612;13328;13936;3.72;0.23;397.92;23.29;1419;53;4789.00;608
11913;23;5591397;11913;617;13328;13936;3.76;0.23;397.95;23.29;1415;53;4790.00;608
11915;23;5591411;11915;611;13328;13936;3.78;0.23;397.92;23.29;1413;53;4791.00;608
11916;23;5591425;11916;604;13328;13936;3.85;0.23;397.92;23.29;1412;53;4792.00;608
11919;23;5591439;11919;604;13328;13936;3.89;0.23;398.02;23.29;1409;53;4793.00;608
11920;23;5591454;11920;597;13331;13940;3.95;0.24;398.06;23.29;1411;53;4794.00;609
11923;23;5591468;11923;573;13331;13940;3.98;0.24;398.07;23.29;1408;54;4795.00;609
11925;23;5591489;11925;564;13334;13944;4.00;0.24;398.04;23.28;1409;54;4796.00;610
11928;23;5591504;11928;560;13334;13945;4.05;0.24;397.99;23.28;1406;54;4797.00;611
11931;23;5591518;11931;548;13334;13945;4.08;0.25;397.97;23.28;1403;54;4798.00;611
11935;23;5591532;11935;541;13334;13945;4.10;0.25;397.98;23.28;1399;54;4799.00;611
11938;23;5591551;11938;544;13353;13986;4.14;0.25;398.07;23.25;1415;54;4800.00;633
11941;23;5591573;11941;532;13353;13986;4.19;0.25;398.16;23.25;1412;54;4801.00;633
11947;23;5591588;11947;532;13356;13986;4.21;0.26;398.19;23.24;1409;54;4802.00;630
11949;23;5591603;11949;528;13357;13987;4.29;0.26;398.16;23.24;1408;54;4803.00;630
11954;23;5591617;11954;527;13359;13988;4.33;0.26;398.17;23.24;1405;54;4804.00;629
11957;23;5591632;11957;521;13359;13988;4.35;0.26;398.19;23.24;1402;54;4805.00;629
11960;23;5591646;11960;519;13361;13991;4.36;0.26;398.19;23.24;1401;54;4806.00;630
11964;23;5591663;11964;516;13361;13991;4.39;0.27;398.18;23.24;1397;54;4807.00;630
11965;23;5591678;11965;523;13363;13991;4.42;0.27;398.19;23.23;1398;54;4808.00;628
11970;23;5591694;11970;520;13363;13991;4.43;0.27;398.18;23.23;1393;54;4809.00;628
11971;23;5591709;11971;521;13367;13997;4.47;0.27;398.20;23.23;1396;54;4810.00;630
11977;23;5591724;11977;517;13367;13997;4.43;0.27;398.30;23.23;1390;54;4811.00;630
11980;23;5591739;11980;526;13367;13997;4.46;0.27;398.33;23.23;1387;54;4812.00;630
11983;23;5591754;11983;527;13367;13997;4.49;0.27;398.37;23.23;1384;54;4813.00;630
11985;23;5591768;11985;519;13370;14001;4.54;0.28;398.36;23.22;1385;54;4814.00;631
11988;23;5591784;11988;516;13371;14003;4.58;0.28;398.34;23.22;1383;54;4815.00;632
11990;23;5591799;11990;516;13372;14003;4.60;0.28;398.36;23.22;1382;54;4816.00;631
11993;23;5591814;11993;506;13372;14004;4.61;0.28;398.35;23.22;1379;54;4817.00;632
11997;23;5591829;11997;505;13373;14004;4.64;0.28;398.43;23.24;1376;54;4818.00;631
12001;23;5591845;12001;498;13373;14004;4.62;0.28;398.44;23.24;1372;54;4819.00;631
12006;23;5591861;12006;502;13374;14004;4.59;0.28;398.52;23.25;1368;54;4820.00;630
12008;23;5591881;12008;501;13374;14004;4.60;0.28;398.55;23.25;1366;54;4821.00;630
12013;23;5591896;12013;506;13374;14004;4.59;0.28;398.59;23.25;1361;54;4822.00;630
12019;23;5591911;12019;506;13374;14004;4.56;0.28;398.61;23.25;1355;54;4823.00;630
12023;23;5591926;12023;514;13412;14074;4.61;0.28;398.58;23.20;1389;54;4824.00;662
12027;23;5591947;12027;506;13412;14075;4.62;0.28;398.57;23.20;1385;54;4825.00;663
12030;23;5591963;12030;514;13415;14075;4.64;0.28;398.58;23.23;1385;54;4826.00;660
12034;23;5591977;12034;512;13415;14075;4.62;0.28;398.57;23.23;1381;54;4827.00;660
12037;23;5591993;12037;518;13419;14077;4.63;0.28;398.63;23.26;1382;54;4828.00;658
12040;23;5592008;12040;518;13419;14077;4.64;0.28;398.70;23.26;1379;54;4829.00;658
12044;23;5592025;12044;517;13420;14077;4.63;0.28;398.81;23.28;1376;54;4830.00;657
12044;23;5592040;12044;524;13423;14077;4.63;0.28;398.81;23.31;1379;54;4831.00;654
12048;23;5592056;12048;518;13425;14078;4.60;0.28;398.95;23.34;1377;54;4832.00;653
12050;23;5592072;12050;519;13427;14079;4.56;0.28;398.96;23.36;1377;54;4833.00;652
12053;23;5592087;12053;511;13429;14079;4.55;0.28;398.98;23.50;1376;54;4834.00;650
12058;23;5592103;12058;513;13434;14083;4.51;0.27;399.03;23.51;1376;54;4835.00;649
12062;23;5592119;12062;513;13434;14083;4.50;0.27;399.03;23.51;1372;54;4836.00;649
12065;24;5592135;12065;502;13437;14083;4.52;0.28;399.05;23.54;1372;55;4837.00;646
12068;24;5592156;12068;507;13439;14083;4.51;0.27;399.19;23.54;1371;55;4838.00;644
12070;24;5592173;12070;515;13444;14089;4.51;0.27;399.17;23.57;1374;55;4839.00;645
12074;24;5592194;12074;518;13446;14089;4.47;0.27;399.24;23.58;1372;55;4840.00;643
12076;24;5592213;12076;508;13448;14089;4.44;0.27;399.25;23.58;1372;55;4841.00;641
12082;24;5592230;12082;503;13450;14092;4.43;0.27;399.37;23.61;1368;55;4842.00;642
12083;24;5592253;12083;492;13451;14092;4.46;0.27;399.37;23.61;1368;55;4843.00;641
12085;24;5592269;12085;490;13453;14092;4.47;0.27;399.38;23.63;1368;55;4844.00;639
12087;24;5592287;12087;479;13453;14093;4.52;0.27;399.41;23.63;1366;55;4845.00;640
12089;24;5592303;12089;481;13456;14094;4.56;0.28;399.45;23.66;1367;55;4846.00;638
12090;24;5592320;12090;476;13458;14094;4.59;0.28;399.50;23.67;1368;55;4847.00;636
12093;24;5592336;12093;489;13469;14107;4.61;0.28;399.61;23.68;1376;55;4848.00;638
12095;24;5592358;12095;484;13471;14107;4.59;0.28;399.67;23.69;1376;55;4849.00;636
12098;24;5592378;12098;489;13472;14107;4.60;0.28;399.97;23.69;1374;55;4850.00;635
12100;24;5592394;12100;496;13473;14108;4.61;0.28;400.01;23.71;1373;55;4851.00;635
12104;24;5592410;12104;501;13474;14108;4.61;0.28;400.11;23.72;1370;55;4852.00;634
12107;24;5592426;12107;498;13477;14112;4.63;0.28;400.25;23.86;1370;55;4853.00;635
12109;24;5592442;12109;485;13481;14112;4.64;0.28;400.29;23.87;1372;55;4854.00;631
12111;24;5592457;12111;488;13487;14116;4.61;0.28;400.42;24.01;1376;55;4855.00;629
12116;24;5592473;12116;485;13488;14116;4.59;0.28;400.41;24.01;1372;55;4856.00;628
12121;24;5592489;12121;491;13488;14116;4.57;0.28;400.57;24.01;1367;55;4857.00;628
12125;24;5592505;12125;490;13490;14116;4.59;0.28;400.66;24.04;1365;55;4858.00;626
12130;24;5592521;12130;491;13491;14116;4.60;0.28;400.80;24.04;1361;55;4859.00;625
12134;24;5592538;12134;494;13515;14150;4.65;0.28;400.96;24.02;1381;55;4860.00;635
12137;24;5592556;12137;496;13520;14150;4.67;0.28;401.01;24.18;1383;55;4861.00;630
12141;24;5592572;12141;491;13523;14150;4.70;0.29;401.07;24.20;1382;55;4862.00;627
12142;24;5592586;12142;487;13526;14150;4.72;0.29;401.17;24.21;1384;55;4863.00;624
12144;24;5592601;12144;493;13528;14150;4.75;0.29;401.23;24.22;1384;55;4864.00;622
12145;24;5592615;12145;490;13530;14150;4.78;0.29;401.29;24.23;1385;55;4865.00;620
12147;24;5592630;12147;497;13531;14151;4.79;0.29;401.31;24.23;1384;55;4866.00;620
12149;24;5592646;12149;501;13535;14151;4.81;0.29;401.38;24.26;1386;55;4867.00;616
12152;24;5592669;12152;506;13539;14157;4.77;0.29;401.52;24.25;1387;55;4868.00;618
12153;24;5592686;12153;506;13541;14158;4.77;0.29;401.54;24.26;1388;55;4869.00;617
12154;24;5592701;12154;516;13544;14158;4.72;0.29;401.59;24.29;1390;55;4870.00;614
12156;24;5592728;12156;523;13546;14158;4.66;0.28;401.61;24.30;1390;55;4871.00;612
12158;24;5592746;12158;528;13548;14162;4.56;0.28;401.70;24.29;1390;55;4872.00;614
12160;24;5592765;12160;544;13550;14162;4.50;0.27;401.79;24.31;1390;55;4873.00;612
12162;24;5592788;12162;551;13550;14162;4.47;0.27;401.90;24.31;1388;55;4874.00;612
12163;24;5592807;12163;547;13553;14163;4.41;0.27;401.88;24.44;1390;55;4875.00;610
12165;24;5592829;12165;545;13557;14167;4.36;0.27;401.92;24.44;1392;55;4876.00;610
12166;24;5592857;12166;540;13557;14167;4.26;0.26;401.92;24.44;1391;55;4877.00;610
12168;24;5592877;12168;540;13559;14170;4.23;0.26;402.02;24.45;1391;55;4878.00;611
12170;24;5592901;12170;535;13559;14170;4.17;0.25;402.03;24.45;1389;55;4879.00;611
12172;24;5592919;12172;539;13561;14170;4.12;0.25;402.00;24.48;1389;55;4880.00;609
12172;24;5592939;12172;531;13561;14170;4.12;0.25;402.00;24.48;1389;55;4881.00;609
12173;24;5592957;12173;529;13565;14174;4.18;0.25;402.06;24.49;1392;55;4882.00;609
12174;24;5592973;12174;529;13565;14174;4.22;0.26;402.06;24.49;1391;55;4883.00;609
12176;24;5592988;12176;536;13566;14174;4.29;0.26;402.03;24.50;1390;55;4884.00;608
12180;24;5593004;12180;532;13566;14174;4.29;0.26;402.02;24.50;1386;55;4885.00;608
12183;24;5593018;12183;534;13566;14175;4.31;0.26;402.01;24.50;1383;55;4886.00;609
12185;24;5593033;12185;535;13567;14176;4.31;0.26;401.98;24.51;1382;55;4887.00;609
12186;24;5593048;12186;536;13568;14176;4.31;0.26;401.99;24.53;1382;55;4888.00;608
12190;24;5593068;12190;528;13570;14177;4.31;0.26;401.96;24.54;1380;55;4889.00;607
12195;24;5593083;12195;528;13570;14177;4.31;0.26;402.05;24.54;1375;55;4890.00;607
12196;24;5593097;12196;531;13571;14177;4.38;0.27;402.02;24.55;1375;55;4891.00;606
12200;24;5593111;12200;535;13572;14177;4.37;0.27;402.05;24.56;1372;55;4892.00;605
12205;24;5593126;12205;537;13573;14177;4.33;0.27;402.00;24.57;1368;55;4893.00;604
12208;24;5593140;12208;542;13573;14177;4.28;0.26;402.03;24.57;1365;55;4894.00;604
12214;24;5593154;12214;541;13573;14177;4.22;0.26;402.07;24.57;1359;55;4895.00;604
12217;24;5593169;12217;564;13633;14304;4.42;0.27;402.06;24.48;1416;55;4896.00;671
12218;24;5593195;12218;560;13635;14305;4.39;0.27;402.07;24.48;1417;55;4897.00;670
12220;24;5593209;12220;558;13644;14305;4.39;0.27;402.02;24.46;1424;55;4898.00;661
12224;24;5593224;12224;564;13644;14305;4.30;0.27;401.97;24.46;1420;55;4899.00;661
12224;24;5593239;12224;570;13651;14305;4.34;0.27;401.97;24.45;1427;55;4900.00;654
12226;24;5593257;12226;572;13653;14305;4.35;0.27;402.11;24.45;1427;55;4901.00;652
12227;24;5593272;12227;574;13654;14305;4.34;0.27;402.11;24.45;1427;55;4902.00;651
12228;24;5593289;12228;575;13657;14305;4.32;0.27;402.09;24.44;1429;55;4903.00;648
12229;24;5593304;12229;577;13660;14306;4.28;0.27;402.09;24.47;1431;55;4904.00;646
12230;24;5593329;12230;581;13663;14308;4.27;0.26;402.08;24.46;1433;55;4905.00;645
12231;24;5593349;12231;585;13665;14308;4.25;0.26;402.07;24.46;1434;55;4906.00;643
12232;24;5593365;12232;594;13667;14309;4.21;0.26;402.09;24.46;1435;55;4907.00;642
12235;24;5593380;12235;597;13668;14309;4.17;0.26;402.08;24.46;1433;55;4908.00;641
12236;24;5593396;12236;604;13669;14309;4.13;0.26;402.12;24.46;1433;55;4909.00;640
12237;24;5593413;12237;616;13670;14309;4.08;0.25;402.23;24.46;1433;55;4910.00;639
12238;24;5593428;12238;627;13673;14313;4.06;0.25;402.22;24.45;1435;55;4911.00;640
12240;24;5593444;12240;627;13674;14313;3.99;0.25;402.17;24.45;1434;55;4912.00;639
12241;24;5593459;12241;645;13677;14313;3.97;0.25;402.16;24.45;1436;55;4913.00;636
12244;24;5593474;12244;654;13678;14316;3.89;0.24;402.15;24.45;1434;55;4914.00;638
12245;24;5593489;12245;663;13678;14316;3.83;0.24;402.15;24.45;1433;55;4915.00;638
12245;24;5593503;12245;671;13678;14316;3.81;0.24;402.15;24.45;1433;55;4916.00;638
12247;24;5593523;12247;683;13681;14320;3.77;0.23;402.15;24.44;1434;55;4917.00;639
12249;24;5593538;12249;676;13682;14321;3.75;0.23;402.16;24.44;1433;55;4918.00;639
12250;24;5593552;12250;672;13682;14321;3.77;0.23;402.15;24.44;1432;55;4919.00;639
12257;24;5593568;12257;664;13686;14326;3.77;0.23;402.21;24.43;1429;55;4920.00;640
12259;24;5593583;12259;662;13686;14326;3.77;0.23;402.22;24.43;1427;55;4921.00;640
12264;24;5593597;12264;664;13686;14326;3.76;0.23;402.20;24.43;1422;55;4922.00;640
12265;24;5593611;12265;662;13686;14327;3.76;0.23;402.24;24.43;1421;55;4923.00;641
12266;24;5593626;12266;655;13686;14327;3.75;0.23;402.22;24.43;1420;55;4924.00;641
12269;24;5593645;12269;651;13690;14333;3.81;0.23;402.22;24.43;1421;55;4925.00;643
12271;24;5593660;12271;654;13690;14333;3.80;0.23;402.23;24.43;1419;55;4926.00;643
12272;24;5593676;12272;647;13690;14334;3.82;0.23;402.20;24.43;1418;55;4927.00;644
12272;24;5593692;12272;642;13690;14334;3.83;0.23;402.20;24.43;1418;55;4928.00;644
12275;24;5593707;12275;644;13690;14334;3.85;0.24;402.16;24.43;1415;56;4929.00;644
12276;24;5593731;12276;636;13690;14334;3.86;0.24;402.15;24.43;1414;56;4930.00;644
12276;24;5593747;12276;635;13690;14334;3.88;0.24;402.15;24.43;1414;56;4931.00;644
12277;24;5593761;12277;629;13699;14346;3.94;0.24;402.15;24.41;1422;56;4932.00;647
12279;24;5593783;12279;634;13699;14346;3.94;0.24;402.13;24.41;1420;56;4933.00;647
12281;24;5593798;12281;633;13699;14346;3.92;0.24;402.11;24.41;1418;56;4934.00;647
12282;24;5593812;12282;626;13699;14346;3.96;0.24;402.11;24.41;1417;56;4935.00;647
12283;24;5593827;12283;624;13699;14346;3.99;0.24;402.10;24.41;1416;56;4936.00;647
12284;24;5593842;12284;619;13699;14346;4.01;0.25;402.09;24.41;1415;56;4937.00;647
12286;24;5593857;12286;627;13702;14350;4.00;0.25;402.05;24.40;1416;56;4938.00;648
12288;24;5593873;12288;624;13702;14350;4.00;0.24;402.01;24.40;1414;56;4939.00;648
12291;24;5593888;12291;620;13705;14354;4.03;0.25;401.98;24.40;1414;56;4940.00;649
12292;24;5593904;12292;618;13705;14355;4.02;0.25;401.96;24.40;1413;56;4941.00;650
12294;24;5593918;12294;628;13705;14355;4.00;0.24;401.99;24.40;1411;56;4942.00;650
12298;24;5593933;12298;631;13705;14355;3.97;0.24;401.98;24.40;1407;56;4943.00;650
12301;24;5593948;12301;626;13714;14368;3.94;0.24;402.09;24.38;1413;56;4944.00;654
12303;24;5593963;12303;630;13714;14368;3.92;0.24;402.17;24.38;1411;56;4945.00;654
12307;24;5593978;12307;633;13715;14368;3.88;0.24;402.39;24.38;1408;56;4946.00;653
12311;24;5593993;12311;637;13716;14369;3.82;0.23;402.33;24.38;1405;56;4947.00;653
12315;24;5594008;12315;639;13716;14370;3.78;0.23;402.45;24.38;1401;56;4948.00;654
12320;24;5594023;12320;636;13716;14370;3.74;0.23;402.49;24.38;1396;56;4949.00;654
12323;24;5594038;12323;619;13721;14379;3.72;0.23;402.49;24.37;1398;56;4950.00;658
12326;24;5594053;12326;609;13721;14379;3.72;0.23;402.53;24.37;1395;56;4951.00;658
12328;24;5594068;12328;604;13722;14379;3.80;0.23;402.52;24.37;1394;56;4952.00;657
12329;24;5594082;12329;586;13722;14379;3.87;0.24;402.50;24.37;1393;56;4953.00;657
12331;24;5594097;12331;579;13726;14385;3.93;0.24;402.58;24.36;1395;56;4954.00;659
12333;24;5594112;12333;570;13727;14385;3.98;0.24;402.54;24.36;1394;56;4955.00;658
12335;24;5594128;12335;562;13727;14385;4.09;0.25;402.55;24.36;1392;56;4956.00;658
12338;24;5594143;12338;557;13727;14385;4.16;0.25;402.56;24.36;1389;56;4957.00;658
12342;24;5594158;12342;552;13730;14389;4.20;0.26;402.66;24.36;1388;56;4958.00;659
12344;24;5594173;12344;544;13730;14390;4.28;0.26;402.66;24.36;1386;56;4959.00;660
12347;24;5594188;12347;529;13730;14390;4.35;0.26;402.81;24.36;1383;56;4960.00;660
12349;24;5594203;12349;531;13730;14391;4.37;0.27;402.79;24.36;1381;56;4961.00;661
12355;24;5594219;12355;515;13730;14391;4.38;0.27;402.90;24.36;1375;56;4962.00;661
12359;24;5594233;12359;511;13730;14391;4.42;0.27;403.12;24.36;1371;56;4963.00;661
12364;24;5594248;12364;513;13730;14391;4.50;0.27;403.29;24.36;1366;56;4964.00;661
12368;24;5594263;12368;496;13730;14391;4.54;0.27;403.31;24.36;1362;56;4965.00;661
12376;24;5594278;12376;495;13730;14391;4.55;0.28;403.41;24.36;1354;56;4966.00;661
12378;24;5594294;12378;474;13730;14391;4.65;0.28;403.44;24.36;1352;56;4967.00;661
12382;24;5594309;12382;475;13764;14461;4.77;0.29;403.46;24.42;1382;56;4968.00;697
12388;24;5594332;12388;454;13766;14462;4.78;0.29;403.52;24.42;1378;56;4969.00;696
12392;24;5594349;12392;455;13769;14462;4.76;0.29;403.52;24.41;1377;56;4970.00;693
12394;24;5594365;12394;448;13770;14462;4.74;0.29;403.56;24.41;1376;56;4971.00;692
12399;24;5594380;12399;441;13770;14462;4.74;0.29;403.66;24.41;1371;56;4972.00;692
12402;24;5594396;12402;441;13770;14462;4.73;0.29;403.78;24.41;1368;56;4973.00;692
12405;24;5594411;12405;433;13770;14462;4.70;0.29;403.82;24.41;1365;56;4974.00;692
12408;24;5594427;12408;440;13770;14462;4.68;0.28;403.90;24.41;1362;56;4975.00;692
12412;24;5594442;12412;435;13770;14463;4.66;0.28;403.93;24.41;1358;56;4976.00;693
12414;24;5594457;12414;444;13770;14464;4.69;0.28;403.94;24.41;1356;56;4977.00;694
12415;24;5594473;12415;446;13770;14464;4.74;0.29;404.00;24.41;1355;56;4978.00;694
12419;24;5594487;12419;445;13773;14468;4.77;0.29;404.10;24.41;1354;56;4979.00;695
12423;24;5594505;12423;455;13775;14468;4.81;0.29;404.12;24.42;1352;56;4980.00;693
12425;24;5594520;12425;455;13775;14468;4.81;0.29;404.29;24.42;1350;56;4981.00;693
12428;24;5594535;12428;463;13777;14468;4.78;0.29;404.40;24.42;1349;56;4982.00;691
12431;24;5594552;12431;465;13780;14474;4.75;0.29;404.39;24.42;1349;56;4983.00;694
12432;24;5594568;12432;469;13780;14474;4.74;0.29;404.40;24.42;1348;56;4984.00;694
12437;24;5594587;12437;468;13781;14474;4.73;0.29;404.46;24.42;1344;56;4985.00;693
12442;24;5594606;12442;463;13782;14477;4.74;0.29;404.58;24.42;1340;56;4986.00;695
12448;24;5594626;12448;463;13783;14477;4.72;0.29;404.65;24.43;1335;56;4987.00;694
12450;24;5594645;12450;460;13785;14477;4.72;0.29;404.68;24.45;1335;56;4988.00;692
12455;24;5594661;12455;469;13786;14478;4.70;0.29;404.67;24.45;1331;56;4989.00;692
12459;24;5594677;12459;470;13788;14479;4.68;0.28;404.64;24.47;1329;56;4990.00;691
12462;24;5594691;12462;466;13788;14479;4.59;0.28;404.65;24.47;1326;56;4991.00;691
12465;24;5594711;12465;462;13797;14492;4.56;0.28;404.68;24.47;1332;56;4992.00;695
12469;24;5594729;12469;461;13799;14492;4.50;0.27;404.88;24.49;1330;56;4993.00;693
12471;24;5594746;12471;463;13799;14492;4.47;0.27;404.97;24.49;1328;56;4994.00;693
12473;24;5594762;12473;462;13803;14494;4.47;0.27;404.93;24.52;1330;56;4995.00;691
12477;24;5594784;12477;472;13803;14494;4.44;0.27;404.92;24.52;1326;56;4996.00;691
12478;24;5594803;12478;458;13808;14498;4.45;0.27;404.90;24.55;1330;56;4997.00;690
12482;24;5594823;12482;455;13808;14498;4.47;0.27;405.03;24.55;1326;56;4998.00;690
12485;25;5594839;12485;446;13812;14502;4.49;0.27;405.07;24.67;1327;57;4999.00;690
12488;25;5594874;12488;443;13814;14502;4.47;0.27;405.13;24.70;1326;57;5000.00;688
12491;25;5594900;12491;445;13815;14502;4.48;0.27;405.27;24.70;1324;57;5001.00;687
12493;25;5594919;12493;445;13818;14502;4.50;0.27;405.29;24.74;1325;57;5002.00;684
12497;25;5594936;12497;445;13819;14502;4.42;0.27;405.35;24.74;1322;57;5003.00;683
12498;25;5594955;12498;451;13827;14514;4.40;0.27;405.39;24.76;1329;57;5004.00;687
12500;25;5594981;12500;460;13829;14514;4.36;0.26;405.47;24.78;1329;57;5005.00;685
12504;25;5595007;12504;448;13831;14514;4.34;0.26;405.66;24.78;1327;57;5006.00;683
12505;25;5595030;12505;440;13834;14514;4.38;0.27;405.66;24.79;1329;57;5007.00;680
12506;25;5595051;12506;442;13834;14514;4.43;0.27;405.70;24.79;1328;57;5008.00;680
12509;25;5595067;12509;444;13839;14514;4.48;0.27;405.84;24.84;1330;57;5009.00;675
12513;25;5595086;12513;448;13840;14515;4.54;0.28;406.14;24.84;1327;57;5010.00;675
12514;25;5595102;12514;440;13842;14515;4.65;0.28;406.17;24.87;1328;57;5011.00;673
12517;25;5595119;12517;448;13846;14521;4.71;0.29;406.17;24.87;1329;57;5012.00;675
12518;25;5595135;12518;448;13849;14522;4.77;0.29;406.17;24.90;1331;57;5013.00;673
12519;25;5595165;12519;447;13853;14522;4.83;0.29;406.28;25.06;1334;57;5014.00;669
12522;25;5595181;12522;456;13854;14522;4.86;0.30;406.32;25.06;1332;57;5015.00;668
12523;25;5595199;12523;454;13857;14526;4.83;0.29;406.33;25.09;1334;57;5016.00;669
12525;25;5595215;12525;453;13859;14526;4.81;0.29;406.35;25.09;1334;57;5017.00;667
12528;25;5595231;12528;446;13860;14526;4.82;0.29;406.42;25.11;1332;57;5018.00;666
12533;25;5595247;12533;448;13863;14527;4.83;0.29;406.55;25.12;1330;57;5019.00;664
12534;25;5595264;12534;447;13868;14531;4.88;0.30;406.57;25.13;1334;57;5020.00;663
12537;25;5595280;12537;448;13869;14531;4.88;0.30;406.60;25.15;1332;57;5021.00;662
12540;25;5595296;12540;449;13870;14534;4.90;0.30;406.57;25.14;1330;57;5022.00;664
12543;25;5595314;12543;447;13872;14534;4.89;0.30;406.58;25.29;1329;57;5023.00;662
12544;25;5595330;12544;450;13873;14534;4.89;0.30;406.62;25.30;1329;57;5024.00;661
12548;25;5595347;12548;451;13875;14534;4.85;0.30;406.68;25.33;1327;57;5025.00;659
12548;25;5595365;12548;451;13878;14538;4.88;0.30;406.68;25.33;1330;57;5026.00;660
12553;25;5595382;12553;455;13880;14538;4.82;0.29;406.63;25.36;1327;57;5027.00;658
12553;25;5595399;12553;462;13881;14538;4.77;0.29;406.63;25.37;1328;57;5028.00;657
12558;25;5595416;12558;464;13882;14538;4.72;0.29;406.63;25.39;1324;57;5029.00;656
12558;25;5595432;12558;464;13882;14539;4.71;0.29;406.63;25.39;1324;57;5030.00;657
12558;25;5595448;12558;465;13887;14540;4.72;0.29;406.63;25.88;1329;58;5031.00;653
12561;25;5595474;12561;473;13888;14540;4.67;0.28;406.66;25.90;1327;58;5032.00;652
12563;25;5595489;12563;472;13891;14541;4.67;0.28;406.61;25.92;1328;58;5033.00;650
12567;25;5595507;12567;480;13892;14541;4.65;0.28;406.59;25.94;1325;58;5034.00;649
12572;25;5595522;12572;489;13893;14541;4.62;0.28;406.63;25.95;1321;58;5035.00;648
12577;25;5595538;12577;496;13894;14541;4.58;0.28;406.57;25.96;1317;58;5036.00;647
12577;25;5595553;12577;500;13896;14541;4.61;0.28;406.57;25.99;1319;58;5037.00;645
12579;25;5595567;12579;512;13896;14541;4.59;0.28;406.55;25.99;1317;58;5038.00;645
12579;25;5595581;12579;509;13898;14541;4.58;0.28;406.55;26.02;1319;58;5039.00;643
12582;25;5595596;12582;567;14019;14771;4.68;0.29;406.54;25.81;1437;58;5040.00;752
12582;25;5595628;12582;559;14020;14772;4.65;0.29;406.54;25.82;1438;58;5041.00;752
12584;25;5595644;12584;536;14026;14772;4.69;0.29;406.59;25.82;1442;58;5042.00;746
12586;25;5595659;12586;535;14031;14772;4.69;0.29;406.57;25.84;1445;59;5043.00;741
12588;25;5595679;12588;522;14038;14772;4.72;0.29;406.56;25.85;1450;59;5044.00;734
12591;25;5595695;12591;511;14043;14772;4.75;0.30;406.53;25.85;1452;59;5045.00;729
12594;25;5595710;12594;506;14047;14772;4.79;0.30;406.53;25.85;1453;59;5046.00;725
12596;25;5595727;12596;502;14052;14772;4.85;0.30;406.55;25.87;1456;59;5047.00;720
12596;25;5595742;12596;508;14058;14773;4.92;0.31;406.55;25.88;1462;59;5048.00;715
12600;25;5595759;12600;512;14063;14774;4.94;0.31;406.48;25.88;1463;59;5049.00;711
12601;25;5595776;12601;522;14067;14774;4.94;0.31;406.49;25.89;1466;59;5050.00;707
12601;25;5595794;12601;528;14069;14775;4.96;0.31;406.49;25.89;1468;59;5051.00;706
12602;25;5595820;12602;533;14073;14775;4.95;0.31;406.51;25.91;1471;59;5052.00;702
12604;25;5595840;12604;545;14075;14775;4.89;0.30;406.49;25.91;1471;59;5053.00;700
12605;25;5595864;12605;549;14076;14775;4.87;0.30;406.52;25.92;1471;59;5054.00;699
12608;25;5595883;12608;554;14078;14779;4.82;0.30;406.47;25.92;1470;59;5055.00;701
12610;25;5595904;12610;564;14079;14779;4.78;0.29;406.46;25.93;1469;59;5056.00;700
12613;25;5595923;12613;575;14081;14779;4.69;0.29;406.43;25.94;1468;59;5057.00;698
12617;25;5595947;12617;580;14082;14782;4.61;0.28;406.45;25.94;1465;59;5058.00;700
12622;25;5595967;12622;583;14082;14782;4.55;0.28;406.45;25.94;1460;59;5059.00;700
12622;25;5595987;12622;593;14083;14782;4.53;0.28;406.45;25.95;1461;59;5060.00;699
12622;25;5596005;12622;602;14087;14786;4.48;0.28;406.45;25.94;1465;59;5061.00;699
12625;25;5596024;12625;623;14089;14787;4.35;0.27;406.53;25.95;1464;59;5062.00;698
12625;25;5596044;12625;629;14089;14787;4.27;0.26;406.53;25.95;1464;59;5063.00;698
12625;25;5596062;12625;636;14093;14791;4.20;0.26;406.53;25.96;1468;59;5064.00;698
12626;25;5596080;12626;630;14094;14791;4.12;0.25;406.56;25.96;1468;59;5065.00;697
12628;25;5596099;12628;634;14097;14791;4.07;0.25;406.52;25.98;1469;59;5066.00;694
12630;25;5596117;12630;632;14097;14792;4.06;0.25;406.52;25.98;1467;59;5067.00;695
12634;25;5596135;12634;631;14102;14792;4.03;0.25;406.45;26.01;1468;59;5068.00;690
12637;26;5596152;12637;635;14106;14798;4.02;0.25;406.45;26.00;1469;60;5069.00;692
12638;26;5596193;12638;638;14108;14798;4.01;0.25;406.43;26.00;1470;60;5070.00;690
12639;26;5596211;12639;646;14108;14799;3.96;0.24;406.44;26.00;1469;60;5071.00;691
12641;26;5596228;12641;658;14110;14799;3.98;0.24;406.45;26.01;1469;60;5072.00;689
12641;26;5596250;12641;669;14111;14799;4.02;0.25;406.45;26.01;1470;60;5073.00;688
12643;26;5596267;12643;666;14111;14799;4.03;0.25;406.41;26.01;1468;60;5074.00;688
12647;26;5596283;12647;672;14112;14799;4.05;0.25;406.33;26.01;1465;60;5075.00;687
12648;26;5596300;12648;673;14121;14811;4.13;0.25;406.33;26.00;1473;60;5076.00;690
12648;26;5596321;12648;675;14121;14811;4.22;0.26;406.33;26.00;1473;60;5077.00;690
12649;26;5596340;12649;673;14122;14811;4.28;0.26;406.32;26.00;1473;60;5078.00;689
12651;26;5596365;12651;679;14122;14811;4.26;0.26;406.26;26.00;1471;60;5079.00;689
12652;26;5596387;12652;683;14122;14811;4.27;0.26;406.25;26.00;1470;60;5080.00;689
12654;26;5596409;12654;683;14123;14811;4.26;0.26;406.23;26.00;1469;60;5081.00;688
12655;26;5596427;12655;673;14126;14815;4.26;0.26;406.23;25.99;1471;60;5082.00;689
12656;26;5596446;12656;675;14127;14815;4.24;0.26;406.21;25.99;1471;60;5083.00;688
12658;26;5596462;12658;677;14130;14819;4.24;0.26;406.25;25.99;1472;60;5084.00;689
12663;26;5596482;12663;676;14131;14821;4.20;0.26;406.27;25.99;1468;60;5085.00;690
12663;26;5596516;12663;675;14132;14821;4.18;0.26;406.27;25.99;1469;60;5086.00;689
12665;26;5596537;12665;673;14132;14821;4.13;0.25;406.23;25.99;1467;60;5087.00;689
12669;26;5596554;12669;674;14140;14834;4.07;0.25;406.22;25.97;1471;60;5088.00;694
12671;26;5596570;12671;662;14142;14834;4.08;0.25;406.26;25.98;1471;60;5089.00;692
12675;26;5596586;12675;668;14143;14834;4.10;0.25;406.29;25.98;1468;60;5090.00;691
12677;26;5596604;12677;666;14144;14835;4.15;0.25;406.36;25.97;1467;60;5091.00;691
12680;26;5596620;12680;670;14145;14836;4.18;0.26;406.31;25.97;1465;60;5092.00;691
12683;26;5596636;12683;670;14145;14836;4.19;0.26;406.32;25.97;1462;60;5093.00;691
12686;26;5596652;12686;668;14147;14839;4.21;0.26;406.35;25.97;1461;60;5094.00;692
12688;26;5596668;12688;670;14147;14839;4.28;0.26;406.44;25.97;1459;60;5095.00;692
12691;26;5596685;12691;672;14147;14839;4.29;0.26;406.41;25.97;1456;60;5096.00;692
12691;26;5596701;12691;680;14147;14839;4.32;0.26;406.41;25.97;1456;60;5097.00;692
12697;26;5596717;12697;684;14151;14845;4.33;0.26;406.50;25.96;1454;60;5098.00;694
12700;26;5596732;12700;680;14151;14845;4.30;0.26;406.52;25.96;1451;60;5099.00;694
12703;26;5596751;12703;684;14156;14864;4.31;0.26;406.52;25.95;1453;60;5100.00;708
12707;26;5596772;12707;687;14156;14864;4.30;0.26;406.51;25.95;1449;60;5101.00;708
12712;26;5596787;12712;677;14159;14868;4.28;0.26;406.60;25.95;1447;60;5102.00;709
12715;26;5596803;12715;669;14159;14869;4.28;0.26;406.58;25.95;1444;60;5103.00;710
12716;26;5596823;12716;669;14159;14869;4.29;0.26;406.61;25.95;1443;60;5104.00;710
12718;26;5596838;12718;666;14160;14870;4.31;0.26;406.75;25.95;1442;60;5105.00;710
12719;26;5596853;12719;661;14163;14870;4.33;0.26;406.84;25.94;1444;60;5106.00;707
12723;26;5596874;12723;655;14163;14870;4.32;0.26;406.81;25.94;1440;60;5107.00;707
12724;26;5596889;12724;659;14163;14870;4.31;0.26;406.90;25.94;1439;60;5108.00;707
12727;26;5596903;12727;648;14163;14870;4.33;0.26;406.96;25.94;1436;60;5109.00;707
12729;26;5596918;12729;644;14163;14870;4.36;0.26;407.04;25.94;1434;60;5110.00;707
12731;26;5596932;12731;644;14163;14870;4.39;0.27;407.05;25.94;1432;60;5111.00;707
12738;26;5596946;12738;658;14199;14940;4.40;0.27;406.99;25.88;1461;60;5112.00;741
12742;26;5596967;12742;652;14199;14941;4.42;0.27;406.94;25.88;1457;60;5113.00;742
12743;26;5596982;12743;651;14201;14941;4.46;0.27;406.93;25.87;1458;60;5114.00;740
12746;26;5596998;12746;643;14203;14941;4.48;0.27;407.00;25.87;1457;60;5115.00;738
12749;26;5597014;12749;635;14205;14941;4.50;0.27;406.98;25.87;1456;60;5116.00;736
12750;26;5597031;12750;622;14205;14941;4.54;0.28;406.97;25.87;1455;60;5117.00;736
12755;26;5597049;12755;616;14207;14941;4.51;0.27;407.10;25.87;1452;60;5118.00;734
12757;26;5597064;12757;608;14207;14941;4.52;0.27;407.19;25.87;1450;60;5119.00;734
12760;26;5597081;12760;600;14207;14942;4.48;0.27;407.19;25.87;1447;60;5120.00;735
12763;26;5597097;12763;598;14207;14943;4.47;0.27;407.16;25.87;1444;60;5121.00;736
12767;26;5597112;12767;597;14207;14943;4.44;0.27;407.14;25.87;1440;60;5122.00;736
12770;26;5597127;12770;602;14210;14947;4.43;0.27;407.21;25.86;1440;60;5123.00;737
12775;26;5597143;12775;603;14211;14947;4.40;0.27;407.22;25.86;1436;60;5124.00;736
12778;26;5597159;12778;601;14212;14947;4.40;0.27;407.29;25.86;1434;60;5125.00;735
12781;27;5597174;12781;600;14212;14947;4.40;0.27;407.30;25.86;1431;61;5126.00;735
12785;27;5597195;12785;601;14215;14953;4.41;0.27;407.40;25.86;1430;61;5127.00;738
12787;27;5597211;12787;601;14215;14953;4.48;0.27;407.49;25.86;1428;61;5128.00;738
12790;27;5597232;12790;600;14215;14953;4.53;0.27;407.52;25.86;1425;61;5129.00;738
12795;27;5597250;12795;596;14218;14959;4.53;0.27;407.69;25.86;1423;61;5130.00;741
12796;27;5597267;12796;598;14220;14959;4.51;0.27;407.72;25.86;1424;61;5131.00;739
12800;27;5597282;12800;599;14222;14959;4.52;0.27;407.84;25.85;1422;61;5132.00;737
12803;27;5597298;12803;601;14224;14960;4.54;0.28;407.83;25.85;1421;61;5133.00;736
12805;27;5597313;12805;596;14224;14961;4.60;0.28;407.94;25.85;1419;61;5134.00;737
12808;27;5597330;12808;600;14224;14961;4.64;0.28;407.92;25.85;1416;61;5135.00;737
12812;27;5597345;12812;595;14233;14974;4.65;0.28;408.06;25.84;1421;61;5136.00;741
12814;27;5597362;12814;596;14234;14974;4.64;0.28;408.03;25.84;1420;61;5137.00;740
12817;27;5597377;12817;589;14239;14974;4.63;0.28;408.14;25.84;1422;61;5138.00;735
12822;27;5597394;12822;584;14239;14975;4.62;0.28;408.23;25.84;1417;61;5139.00;736
12826;27;5597409;12826;583;14240;14975;4.64;0.28;408.30;25.84;1414;61;5140.00;735
12828;27;5597424;12828;586;14243;14979;4.66;0.28;408.37;25.84;1415;61;5141.00;736
12834;27;5597442;12834;576;14246;14979;4.62;0.28;408.63;25.84;1412;61;5142.00;733
12837;27;5597460;12837;578;14249;14983;4.65;0.28;408.63;25.83;1412;61;5143.00;734
12839;27;5597479;12839;588;14252;14983;4.64;0.28;408.64;25.83;1413;61;5144.00;731
12842;27;5597496;12842;578;14253;14983;4.65;0.28;408.78;25.83;1411;61;5145.00;730
12845;27;5597515;12845;579;14254;14983;4.68;0.28;408.84;25.83;1409;61;5146.00;729
12853;27;5597534;12853;574;14256;14983;4.66;0.28;408.99;25.83;1403;61;5147.00;727
12856;27;5597551;12856;580;14263;14995;4.67;0.28;408.95;25.81;1407;61;5148.00;732
12858;27;5597568;12858;581;14264;14995;4.62;0.28;408.96;25.81;1406;61;5149.00;731
12862;27;5597584;12862;586;14266;14995;4.56;0.28;409.11;25.83;1404;61;5150.00;729
12866;27;5597599;12866;594;14267;14995;4.51;0.27;409.09;25.82;1401;61;5151.00;728
12868;27;5597618;12868;595;14267;14995;4.46;0.27;409.14;25.82;1399;61;5152.00;728
12872;27;5597633;12872;594;14268;14995;4.35;0.26;409.26;25.84;1396;61;5153.00;727
12875;27;5597648;12875;600;14268;14996;4.31;0.26;409.26;25.84;1393;61;5154.00;728
12879;27;5597664;12879;607;14271;14998;4.26;0.26;409.29;25.85;1392;61;5155.00;727
12880;27;5597679;12880;608;14275;15004;4.22;0.26;409.37;25.86;1395;61;5156.00;729
12883;27;5597696;12883;608;14276;15005;4.18;0.25;409.55;25.86;1393;61;5157.00;729
12885;27;5597711;12885;610;14276;15005;4.15;0.25;409.59;25.86;1391;61;5158.00;729
12890;27;5597726;12890;608;14278;15005;4.07;0.25;409.73;25.90;1388;61;5159.00;727
12894;27;5597743;12894;608;14282;15010;4.02;0.24;409.74;25.89;1388;61;5160.00;728
12897;27;5597759;12897;613;14284;15010;3.97;0.24;409.73;25.92;1387;61;5161.00;726
12900;27;5597774;12900;612;14284;15010;3.93;0.24;409.76;25.92;1384;61;5162.00;726
12900;27;5597789;12900;620;14287;15011;3.96;0.24;409.76;25.95;1387;61;5163.00;724
12901;27;5597805;12901;613;14291;15015;4.02;0.24;409.79;25.97;1390;61;5164.00;724
12904;27;5597821;12904;617;14292;15015;4.04;0.24;409.76;25.98;1388;61;5165.00;723
12907;27;5597835;12907;611;14293;15018;4.07;0.25;409.76;25.98;1386;61;5166.00;725
12908;27;5597854;12908;606;14295;15018;4.06;0.25;409.76;26.01;1387;61;5167.00;723
12912;27;5597872;12912;604;14295;15018;4.03;0.24;409.79;26.01;1383;61;5168.00;723
12919;27;5597888;12919;607;14298;15018;3.98;0.24;409.87;26.18;1379;61;5169.00;720
12921;28;5597905;12921;615;14301;15022;3.98;0.24;409.88;26.17;1380;62;5170.00;721
12924;28;5597941;12924;601;14303;15022;3.97;0.24;409.97;26.21;1379;62;5171.00;719
12925;28;5597957;12925;597;14304;15022;3.97;0.24;410.01;26.22;1379;62;5172.00;718
12927;28;5597972;12927;598;14305;15022;3.97;0.24;410.05;26.24;1378;62;5173.00;717
12928;28;5597988;12928;592;14306;15023;3.98;0.24;410.03;26.25;1378;62;5174.00;717
12930;28;5598003;12930;592;14308;15025;3.99;0.24;410.02;26.27;1378;62;5175.00;717
12931;28;5598020;12931;589;14309;15025;4.05;0.25;410.00;26.28;1378;62;5176.00;716
12934;28;5598035;12934;587;14312;15026;4.08;0.25;410.04;26.31;1378;62;5177.00;714
12934;28;5598051;12934;592;14312;15026;4.08;0.25;410.04;26.31;1378;62;5178.00;714
12937;28;5598065;12937;591;14313;15026;4.08;0.25;410.13;26.32;1376;62;5179.00;713
12939;28;5598081;12939;595;14313;15026;4.08;0.25;410.16;26.32;1374;62;5180.00;713
12943;28;5598095;12943;603;14314;15026;4.06;0.25;410.32;26.34;1371;62;5181.00;712
12946;28;5598112;12946;610;14314;15026;4.06;0.25;410.35;26.34;1368;62;5182.00;712
12948;28;5598126;12948;609;14316;15026;4.07;0.25;410.31;26.37;1368;62;5183.00;710
12951;28;5598141;12951;626;14382;15153;4.25;0.26;410.35;26.25;1431;62;5184.00;771
12955;28;5598165;12955;612;14386;15154;4.25;0.26;410.30;26.27;1431;62;5185.00;768
12958;28;5598182;12958;607;14395;15154;4.31;0.27;410.51;26.25;1437;62;5186.00;759
12960;28;5598196;12960;600;14397;15154;4.34;0.27;410.50;26.28;1437;62;5187.00;757
12961;28;5598212;12961;607;14401;15154;4.41;0.27;410.53;26.27;1440;62;5188.00;753
12963;28;5598227;12963;603;14402;15154;4.41;0.27;410.52;26.27;1439;62;5189.00;752
12966;28;5598244;12966;605;14406;15154;4.41;0.27;410.51;26.30;1440;62;5190.00;748
12970;28;5598260;12970;607;14410;15154;4.40;0.27;410.44;26.31;1440;62;5191.00;744
12973;28;5598276;12973;609;14412;15155;4.37;0.27;410.41;26.30;1439;62;5192.00;743
12974;28;5598291;12974;612;14416;15156;4.33;0.27;410.39;26.33;1442;62;5193.00;740
12979;28;5598305;12979;618;14419;15156;4.26;0.26;410.40;26.34;1440;62;5194.00;737
12979;28;5598321;12979;633;14422;15157;4.23;0.26;410.40;26.37;1443;62;5195.00;735
12980;28;5598335;12980;642;14424;15157;4.19;0.26;410.40;26.38;1444;62;5196.00;733
12982;28;5598351;12982;644;14428;15157;4.16;0.25;410.42;26.40;1446;62;5197.00;729
12984;28;5598366;12984;654;14428;15157;4.10;0.25;410.49;26.40;1444;62;5198.00;729
12985;28;5598381;12985;665;14432;15161;4.04;0.25;410.52;26.41;1447;62;5199.00;729
12986;28;5598397;12986;663;14433;15161;3.97;0.24;410.51;26.42;1447;62;5200.00;728
12988;28;5598417;12988;665;14433;15161;3.88;0.24;410.54;26.42;1445;62;5201.00;728
12990;28;5598432;12990;673;14435;15164;3.86;0.24;410.54;26.43;1445;62;5202.00;729
12991;28;5598447;12991;679;14437;15164;3.82;0.23;410.52;26.46;1446;62;5203.00;727
12993;28;5598462;12993;682;14437;15164;3.80;0.23;410.70;26.46;1444;62;5204.00;727
12993;28;5598477;12993;669;14442;15168;3.83;0.23;410.70;26.47;1449;62;5205.00;726
12995;28;5598492;12995;670;14443;15169;3.84;0.24;410.68;26.47;1448;62;5206.00;726
12998;28;5598507;12998;667;14444;15169;3.84;0.23;410.74;26.48;1446;62;5207.00;725
12998;28;5598522;12998;665;14445;15173;3.84;0.23;410.74;26.48;1447;62;5208.00;728
12999;28;5598537;12999;660;14448;15173;3.83;0.23;410.72;26.64;1449;62;5209.00;725
13001;28;5598553;13001;658;14449;15173;3.80;0.23;410.69;26.64;1448;62;5210.00;724
13003;28;5598568;13003;658;14451;15174;3.80;0.23;410.67;26.66;1448;62;5211.00;723
13004;28;5598582;13004;639;14452;15174;3.84;0.23;410.67;26.65;1448;62;5212.00;722
13006;28;5598599;13006;622;14457;15180;3.94;0.24;410.73;26.66;1451;62;5213.00;723
13007;28;5598615;13007;609;14457;15180;4.04;0.25;410.78;26.66;1450;62;5214.00;723
13008;28;5598632;13008;596;14458;15180;4.11;0.25;410.75;26.67;1450;62;5215.00;722
13011;28;5598648;13011;591;14460;15181;4.17;0.25;410.91;26.69;1449;62;5216.00;721
13013;28;5598664;13013;590;14461;15181;4.23;0.26;410.85;26.70;1448;62;5217.00;720
13016;28;5598679;13016;592;14463;15181;4.29;0.26;410.83;26.72;1447;62;5218.00;718
13017;28;5598700;13017;591;14464;15181;4.36;0.26;410.82;26.73;1447;63;5219.00;717
13019;28;5598733;13019;581;14487;15217;4.49;0.27;410.80;26.96;1468;63;5220.00;730
13019;28;5598753;13019;571;14488;15217;4.56;0.28;410.80;26.95;1469;63;5221.00;729
13020;28;5598774;13020;577;14492;15217;4.66;0.28;410.81;26.96;1472;63;5222.00;725
13023;28;5598791;13023;568;14493;15217;4.74;0.29;410.85;26.97;1470;63;5223.00;724
13025;28;5598808;13025;567;14494;15217;4.76;0.29;410.83;26.97;1469;63;5224.00;723
13027;28;5598825;13027;564;14496;15217;4.81;0.29;410.85;26.99;1469;63;5225.00;721
13032;28;5598841;13032;557;14501;15221;4.80;0.29;411.03;26.99;1469;63;5226.00;720
13035;28;5598864;13035;555;14503;15221;4.82;0.29;411.02;27.00;1468;63;5227.00;718
13035;28;5598880;13035;565;14507;15225;4.83;0.29;411.02;27.01;1472;63;5228.00;718
13036;28;5598897;13036;560;14508;15226;4.84;0.29;411.01;27.02;1472;63;5229.00;718
13036;28;5598913;13036;569;14511;15226;4.85;0.29;411.01;27.03;1475;63;5230.00;715
13036;28;5598930;13036;570;14512;15226;4.84;0.29;411.01;27.04;1476;63;5231.00;714
13039;28;5598954;13039;573;14523;15239;4.80;0.29;410.95;27.03;1484;63;5232.00;716
13040;28;5598972;13040;570;14524;15239;4.77;0.29;410.98;27.04;1484;63;5233.00;715
13042;28;5598989;13042;566;14524;15239;4.75;0.29;410.97;27.04;1482;63;5234.00;715
13046;28;5599006;13046;563;14526;15240;4.71;0.29;410.96;27.05;1480;63;5235.00;714
13047;28;5599022;13047;570;14526;15241;4.66;0.28;410.99;27.05;1479;63;5236.00;715
13049;28;5599038;13049;574;14526;15241;4.64;0.28;411.04;27.05;1477;63;5237.00;715
13051;28;5599054;13051;573;14528;15244;4.57;0.28;411.00;27.06;1477;63;5238.00;716
13053;28;5599070;13053;570;14529;15244;4.52;0.27;410.99;27.08;1476;63;5239.00;715
13054;28;5599085;13054;575;14529;15244;4.46;0.27;411.01;27.08;1475;63;5240.00;715
13055;28;5599102;13055;575;14529;15244;4.40;0.27;411.04;27.08;1474;63;5241.00;715
13056;28;5599124;13056;580;14533;15250;4.43;0.27;411.02;27.07;1477;63;5242.00;717
13057;28;5599140;13057;588;14534;15250;4.41;0.27;411.05;27.08;1477;63;5243.00;716
13058;28;5599155;13058;594;14534;15250;4.44;0.27;411.02;27.08;1476;63;5244.00;716
13058;28;5599171;13058;597;14534;15250;4.43;0.27;411.02;27.08;1476;63;5245.00;716
13060;28;5599187;13060;610;14540;15254;4.41;0.27;411.10;27.23;1480;63;5246.00;714
13062;28;5599204;13062;607;14540;15255;4.40;0.27;411.17;27.23;1478;63;5247.00;715
13063;28;5599225;13063;617;14540;15255;4.41;0.27;411.15;27.23;1477;63;5248.00;715
13065;28;5599240;13065;614;14541;15256;4.43;0.27;411.15;27.23;1476;63;5249.00;715
13068;28;5599258;13068;619;14543;15256;4.44;0.27;411.22;27.25;1475;64;5250.00;713
13070;28;5599287;13070;622;14543;15256;4.43;0.27;411.21;27.25;1473;64;5251.00;713
13073;28;5599302;13073;626;14545;15256;4.41;0.27;411.35;27.51;1472;64;5252.00;711
13077;28;5599317;13077;636;14545;15256;4.40;0.27;411.44;27.51;1468;64;5253.00;711
13079;28;5599333;13079;637;14546;15256;4.40;0.27;411.46;27.63;1467;64;5254.00;710
13082;28;5599349;13082;634;14549;15256;4.40;0.27;411.55;28.01;1467;64;5255.00;707
13085;28;5599363;13085;639;14589;15326;4.50;0.27;411.54;27.94;1504;64;5256.00;737
13085;28;5599384;13085;634;14589;15327;4.51;0.28;411.54;27.94;1504;65;5257.00;738
13085;28;5599410;13085;628;14592;15327;4.52;0.28;411.54;27.93;1507;65;5258.00;735
13088;28;5599428;13088;618;14596;15327;4.53;0.28;411.55;27.92;1508;65;5259.00;731
13093;28;5599449;13093;612;14600;15327;4.52;0.28;411.61;28.30;1507;65;5260.00;727
13093;28;5599468;13093;612;14601;15327;4.52;0.28;411.61;28.30;1508;65;5261.00;726
13095;28;5599491;13095;615;14602;15327;4.53;0.28;411.62;28.29;1507;65;5262.00;725
13097;28;5599513;13097;625;14602;15327;4.49;0.27;411.62;28.29;1505;65;5263.00;725
13102;28;5599534;13102;620;14604;15328;4.44;0.27;411.60;28.54;1502;65;5264.00;724
13103;28;5599558;13103;621;14605;15330;4.43;0.27;411.63;28.54;1502;65;5265.00;725
13105;28;5599580;13105;620;14606;15330;4.39;0.27;411.60;28.54;1501;65;5266.00;724
13106;28;5599602;13106;623;14610;15334;4.35;0.27;411.57;28.53;1504;65;5267.00;724
13108;28;5599621;13108;628;14610;15334;4.33;0.27;411.72;28.53;1502;65;5268.00;724
13110;28;5599641;13110;628;14611;15334;4.30;0.26;411.69;28.53;1501;65;5269.00;723
13112;28;5599658;13112;628;14612;15334;4.30;0.26;411.69;28.53;1500;65;5270.00;722
13113;28;5599673;13113;635;14615;15340;4.33;0.27;411.69;28.52;1502;65;5271.00;725
13114;28;5599690;13114;648;14615;15340;4.31;0.27;411.68;28.52;1501;65;5272.00;725
13115;28;5599706;13115;653;14616;15340;4.32;0.27;411.69;28.52;1501;65;5273.00;724
13117;28;5599721;13117;654;14617;15343;4.35;0.27;411.78;28.52;1500;66;5274.00;726
13120;28;5599745;13120;657;14617;15343;4.33;0.27;411.90;28.52;1497;66;5275.00;726
13126;28;5599762;13126;645;14617;15343;4.31;0.27;411.89;28.52;1491;66;5276.00;726
13130;28;5599777;13130;643;14617;15344;4.29;0.26;411.89;28.52;1487;66;5277.00;727
13132;28;5599793;13132;642;14618;15345;4.27;0.26;411.97;28.52;1486;66;5278.00;727
13135;28;5599808;13135;647;14618;15345;4.20;0.26;411.98;28.52;1483;66;5279.00;727
13137;28;5599825;13137;637;14633;15371;4.20;0.26;412.02;28.49;1496;66;5280.00;738
13142;28;5599842;13142;645;14636;15371;4.15;0.26;412.09;28.48;1494;66;5281.00;735
13147;28;5599858;13147;639;14638;15371;4.14;0.26;412.10;28.48;1491;66;5282.00;733
13151;28;5599874;13151;638;14640;15372;4.16;0.26;412.06;28.48;1489;66;5283.00;732
13155;28;5599890;13155;639;14641;15372;4.14;0.26;412.08;28.48;1486;66;5284.00;731
13157;28;5599911;13157;639;14644;15376;4.17;0.26;412.06;28.47;1487;66;5285.00;732
13161;28;5599927;13161;645;14644;15376;4.15;0.26;412.14;28.47;1483;66;5286.00;732
13166;28;5599942;13166;636;14647;15379;4.17;0.26;412.14;28.46;1481;66;5287.00;732
13169;28;5599958;13169;632;14647;15380;4.18;0.26;412.25;28.46;1478;66;5288.00;733
13172;28;5599973;13172;627;14647;15380;4.18;0.26;412.37;28.46;1475;66;5289.00;733
13180;28;5599989;13180;618;14647;15380;4.18;0.26;412.53;28.46;1467;66;5290.00;733
13182;28;5600005;13182;620;14647;15380;4.20;0.26;412.54;28.46;1465;66;5291.00;733
13187;28;5600021;13187;615;14656;15392;4.21;0.26;412.53;28.45;1469;66;5292.00;736
13189;28;5600038;13189;619;14656;15392;4.21;0.26;412.52;28.45;1467;66;5293.00;736
13194;28;5600053;13194;612;14656;15392;4.22;0.26;412.58;28.45;1462;66;5294.00;736
13198;28;5600069;13198;619;14656;15392;4.22;0.26;412.67;28.45;1458;66;5295.00;736
13200;28;5600085;13200;623;14656;15392;4.23;0.26;412.68;28.45;1456;66;5296.00;736
13204;28;5600100;13204;623;14656;15392;4.21;0.26;412.72;28.45;1452;66;5297.00;736
13209;28;5600115;13209;624;14656;15393;4.14;0.25;412.85;28.45;1447;66;5298.00;737
13213;28;5600131;13213;636;14656;15393;4.07;0.25;412.93;28.45;1443;66;5299.00;737
13214;28;5600149;13214;647;14660;15399;4.04;0.25;412.92;28.44;1446;66;5300.00;739
13221;28;5600168;13221;646;14660;15400;3.94;0.24;413.03;28.44;1439;66;5301.00;740
13226;28;5600185;13226;649;14660;15400;3.90;0.24;413.05;28.44;1434;66;5302.00;740
13228;28;5600200;13228;649;14660;15400;3.89;0.24;413.14;28.44;1432;66;5303.00;740
13233;28;5600217;13233;659;14663;15404;3.87;0.24;413.22;28.43;1430;66;5304.00;741
13238;28;5600233;13238;662;14663;15404;3.82;0.24;413.28;28.43;1425;66;5305.00;741
13242;28;5600250;13242;657;14663;15404;3.79;0.23;413.38;28.43;1421;66;5306.00;741
13245;28;5600266;13245;659;14664;15405;3.78;0.23;413.46;28.43;1419;66;5307.00;741
13250;28;5600281;13250;668;14667;15409;3.73;0.23;413.43;28.43;1417;66;5308.00;742
13256;28;5600298;13256;666;14667;15409;3.68;0.23;413.61;28.43;1411;66;5309.00;742
13260;28;5600315;13260;673;14670;15415;3.69;0.23;413.64;28.42;1410;66;5310.00;745
13265;28;5600330;13265;676;14670;15415;3.66;0.22;413.79;28.42;1405;66;5311.00;745
13270;28;5600346;13270;684;14671;15415;3.63;0.22;413.87;28.42;1401;66;5312.00;744
13273;28;5600362;13273;692;14671;15415;3.63;0.22;413.90;28.42;1398;66;5313.00;744
13276;28;5600376;13276;689;14674;15419;3.64;0.22;413.98;28.41;1398;66;5314.00;745
13282;28;5600392;13282;685;14675;15419;3.60;0.22;414.03;28.43;1393;66;5315.00;744
13284;28;5600407;13284;686;14675;15419;3.60;0.22;414.02;28.43;1391;66;5316.00;744
13291;28;5600421;13291;689;14675;15419;3.55;0.22;414.03;28.43;1384;66;5317.00;744
13291;28;5600435;13291;694;14675;15420;3.56;0.22;414.03;28.43;1384;66;5318.00;745
13296;28;5600449;13296;694;14676;15421;3.51;0.21;414.11;28.44;1380;66;5319.00;745
13301;28;5600464;13301;701;14676;15421;3.45;0.21;414.12;28.44;1375;66;5320.00;745
13303;28;5600480;13303;704;14677;15422;3.47;0.21;414.28;28.44;1374;66;5321.00;745
13309;28;5600495;13309;702;14678;15422;3.40;0.21;414.29;28.46;1369;66;5322.00;744
13312;28;5600511;13312;711;14678;15422;3.39;0.21;414.27;28.46;1366;66;5323.00;744
13314;28;5600525;13314;719;14678;15422;3.36;0.20;414.28;28.46;1364;66;5324.00;744
13315;28;5600540;13315;726;14678;15422;3.37;0.20;414.29;28.46;1363;66;5325.00;744
13317;28;5600554;13317;734;14680;15422;3.32;0.20;414.29;28.48;1363;66;5326.00;742
13319;28;5600568;13319;731;14680;15422;3.30;0.20;414.29;28.48;1361;66;5327.00;742
13320;28;5600581;13320;746;14745;15549;3.68;0.23;414.28;28.37;1425;66;5328.00;804
13322;28;5600605;13322;742;14749;15550;3.66;0.23;414.27;28.38;1427;66;5329.00;801
13323;28;5600620;13323;736;14757;15550;3.69;0.23;414.29;28.37;1434;66;5330.00;793
13325;28;5600635;13325;734;14758;15550;3.67;0.23;414.29;28.37;1433;66;5331.00;792
13329;28;5600650;13329;736;14764;15550;3.69;0.23;414.23;28.40;1435;66;5332.00;786
13333;28;5600666;13333;739;14766;15550;3.71;0.23;414.21;28.40;1433;66;5333.00;784
13335;28;5600680;13335;741;14769;15550;3.75;0.23;414.18;28.42;1434;66;5334.00;781
13338;28;5600695;13338;748;14771;15550;3.75;0.23;414.15;28.42;1433;66;5335.00;779
13339;28;5600710;13339;733;14774;15551;3.74;0.23;414.16;28.45;1435;66;5336.00;777
13340;28;5600726;13340;730;14775;15552;3.74;0.23;414.13;28.45;1435;66;5337.00;777
13340;28;5600741;13340;729;14776;15552;3.77;0.23;414.13;28.44;1436;66;5338.00;776
13341;28;5600756;13341;726;14779;15553;3.80;0.23;414.18;28.47;1438;66;5339.00;774
13344;28;5600772;13344;722;14782;15553;3.85;0.24;414.11;28.50;1438;66;5340.00;771
13346;28;5600788;13346;719;14783;15553;3.89;0.24;414.07;28.49;1437;66;5341.00;770
13348;28;5600804;13348;723;14785;15553;3.94;0.24;414.04;28.51;1437;66;5342.00;768
13350;28;5600821;13350;730;14790;15557;3.96;0.24;414.01;28.53;1440;66;5343.00;767
13351;28;5600838;13351;723;14791;15557;4.00;0.25;414.06;28.53;1440;66;5344.00;766
13354;28;5600853;13354;731;14794;15557;4.01;0.25;414.04;28.55;1440;66;5345.00;763
13355;28;5600868;13355;737;14795;15560;4.02;0.25;414.02;28.55;1440;66;5346.00;765
13358;28;5600884;13358;735;14799;15560;4.05;0.25;414.10;28.59;1441;66;5347.00;761
13359;28;5600899;13359;736;14802;15560;4.06;0.25;414.09;28.61;1443;66;5348.00;758
13360;28;5600915;13360;739;14806;15564;4.10;0.25;414.08;28.60;1446;66;5349.00;758
13362;28;5600931;13362;743;14808;15565;4.13;0.25;414.07;28.61;1446;66;5350.00;757
13363;28;5600947;13363;735;14810;15565;4.17;0.25;414.07;28.62;1447;66;5351.00;755
13364;28;5600963;13364;739;14813;15569;4.20;0.26;414.04;28.63;1449;66;5352.00;756
13364;28;5600979;13364;742;14815;15569;4.23;0.26;414.04;28.64;1451;66;5353.00;754
13366;28;5600994;13366;747;14815;15569;4.23;0.26;414.01;28.64;1449;66;5354.00;754
13368;28;5601011;13368;742;14816;15571;4.20;0.25;414.06;28.64;1448;66;5355.00;755
13368;28;5601030;13368;738;14817;15571;4.18;0.25;414.06;28.65;1449;66;5356.00;754
13369;28;5601049;13369;738;14823;15577;4.20;0.25;414.08;28.66;1454;66;5357.00;754
13370;28;5601066;13370;740;14824;15577;4.17;0.25;414.11;28.67;1454;66;5358.00;753
13372;28;5601084;13372;721;14824;15577;4.15;0.25;414.12;28.67;1452;66;5359.00;753
13374;28;5601100;13374;706;14825;15578;4.15;0.25;414.08;28.68;1451;66;5360.00;753
13375;28;5601117;13375;698;14825;15578;4.15;0.25;414.06;28.68;1450;66;5361.00;753
13378;28;5601132;13378;687;14828;15578;4.16;0.25;413.99;28.84;1450;66;5362.00;750
13379;28;5601152;13379;685;14828;15578;4.15;0.25;413.96;28.84;1449;66;5363.00;750
13379;28;5601170;13379;681;14838;15590;4.20;0.25;413.96;28.84;1459;66;5364.00;752
13380;28;5601189;13380;683;14840;15590;4.23;0.26;413.94;28.86;1460;66;5365.00;750
13383;28;5601212;13383;683;14840;15590;4.23;0.26;413.93;28.86;1457;66;5366.00;750
13383;28;5601232;13383;676;14842;15590;4.25;0.26;413.93;28.88;1459;66;5367.00;748
13385;28;5601252;13385;674;14842;15590;4.25;0.26;413.96;28.88;1457;66;5368.00;748
13388;28;5601276;13388;671;14844;15590;4.27;0.26;413.98;28.90;1456;66;5369.00;746
13388;28;5601296;13388;661;14848;15594;4.29;0.26;413.98;28.90;1460;66;5370.00;746
13389;28;5601314;13389;655;14849;15594;4.30;0.26;413.96;28.91;1460;66;5371.00;745
13389;28;5601332;13389;650;14853;15598;4.29;0.26;413.96;28.92;1464;66;5372.00;745
13389;28;5601354;13389;651;14854;15599;4.31;0.26;413.96;28.93;1465;66;5373.00;745
13390;28;5601371;13390;645;14854;15599;4.27;0.26;413.93;28.93;1464;66;5374.00;745
13390;28;5601390;13390;633;14855;15599;4.27;0.26;413.93;28.94;1465;66;5375.00;744
13390;28;5601413;13390;635;14866;15612;4.28;0.26;413.93;28.93;1476;66;5376.00;746
13391;28;5601430;13391;625;14869;15612;4.33;0.26;413.98;29.10;1478;66;5377.00;743
13391;28;5601446;13391;620;14870;15612;4.40;0.27;413.98;29.11;1479;66;5378.00;742
13393;28;5601463;13393;623;14872;15613;4.46;0.27;413.96;29.11;1479;66;5379.00;741
13394;28;5601479;13394;612;14874;15614;4.51;0.27;413.96;29.27;1480;66;5380.00;740
13396;28;5601496;13396;610;14876;15614;4.54;0.28;414.02;29.29;1480;66;5381.00;738
13399;28;5601515;13399;605;14878;15617;4.58;0.28;414.13;29.43;1479;66;5382.00;739
13400;28;5601534;13400;607;14879;15617;4.62;0.28;414.12;29.44;1479;66;5383.00;738
13402;28;5601551;13402;606;14879;15617;4.58;0.28;414.10;29.44;1477;66;5384.00;738
13404;28;5601570;13404;607;14881;15617;4.58;0.28;414.11;29.46;1477;66;5385.00;736
13409;28;5601593;13409;605;14886;15623;4.59;0.28;414.14;29.58;1477;66;5386.00;737
13413;28;5601619;13413;605;14889;15623;4.55;0.28;414.12;29.74;1476;66;5387.00;734
13414;28;5601636;13414;602;14889;15623;4.57;0.28;414.09;29.74;1475;66;5388.00;734
13418;28;5601654;13418;595;14891;15623;4.57;0.28;414.05;29.76;1473;66;5389.00;732
13420;28;5601671;13420;601;14894;15627;4.54;0.28;414.07;29.76;1474;66;5390.00;733
13422;28;5601690;13422;603;14895;15628;4.52;0.27;414.14;29.77;1473;66;5391.00;733
13422;28;5601708;13422;601;14895;15628;4.50;0.27;414.14;29.77;1473;66;5392.00;733
13428;28;5601724;13428;604;14898;15629;4.45;0.27;414.20;29.78;1470;66;5393.00;731
13431;28;5601741;13431;599;14898;15629;4.44;0.27;414.21;29.78;1467;66;5394.00;731
13434;28;5601758;13434;605;14899;15629;4.42;0.27;414.35;29.79;1465;66;5395.00;730
13436;28;5601774;13436;615;14899;15629;4.37;0.27;414.36;29.79;1463;66;5396.00;730
13439;28;5601790;13439;608;14900;15629;4.33;0.26;414.58;29.80;1461;66;5397.00;729
13442;28;5601806;13442;610;14902;15629;4.27;0.26;414.67;29.81;1460;66;5398.00;727
13444;28;5601828;13444;614;14903;15629;4.25;0.26;414.71;29.82;1459;66;5399.00;726
