step_arrived;step_collisions;step_duration;step_ended;step_halting;step_inserted;step_loaded;step_meanSpeed;step_meanSpeedRelative;step_meanTravelTime;step_meanWaitingTime;step_running;step_teleports;step_time;step_waiting
0;0;5759727;0;1;83;245;16.55;1.17;-1.00;0.00;83;0;0.00;162
0;0;5759750;0;0;94;245;15.95;1.11;-1.00;0.12;94;0;1.00;151
0;0;5759751;0;1;115;245;15.13;1.03;-1.00;0.46;115;0;2.00;130
0;0;5759752;0;1;131;245;14.12;0.95;-1.00;0.77;131;0;3.00;114
0;0;5759753;0;1;147;245;12.97;0.87;-1.00;1.12;147;0;4.00;98
0;0;5759754;0;5;157;245;12.21;0.81;-1.00;1.37;157;0;5.00;88
0;0;5759755;0;4;170;245;11.26;0.74;-1.00;1.72;170;0;6.00;75
0;0;5759757;0;11;179;245;10.54;0.70;-1.00;1.99;179;0;7.00;66
0;0;5759759;0;15;189;246;9.92;0.65;-1.00;2.31;189;0;8.00;57
0;0;5759761;0;18;193;247;9.52;0.63;-1.00;2.45;193;0;9.00;54
0;0;5759762;0;16;198;247;9.26;0.61;-1.00;2.64;198;0;10.00;49
0;0;5759764;0;22;204;248;9.02;0.59;-1.00;2.83;204;0;11.00;44
0;0;5759766;0;27;209;248;8.74;0.57;-1.00;3.05;209;0;12.00;39
1;0;5759768;1;33;211;248;8.48;0.55;13.00;3.15;210;0;13.00;37
1;0;5759770;1;36;215;248;8.24;0.53;13.00;3.35;214;0;14.00;33
1;0;5759772;1;42;220;252;8.01;0.52;13.00;3.45;219;0;15.00;32
1;0;5759775;1;48;223;252;7.94;0.51;13.00;3.62;222;0;16.00;29
1;0;5759777;1;53;227;252;7.85;0.50;13.00;3.80;226;0;17.00;25
1;0;5759780;1;58;229;255;7.84;0.50;13.00;3.84;228;0;18.00;26
1;0;5759782;1;63;232;255;7.80;0.50;13.00;4.04;231;0;19.00;23
2;0;5759784;2;71;233;255;7.76;0.49;16.50;4.11;231;0;20.00;22
3;0;5759787;3;73;239;259;7.84;0.49;18.00;4.20;236;0;21.00;20
3;0;5759790;3;76;240;260;8.02;0.50;18.00;4.18;237;0;22.00;20
4;0;5759792;4;82;243;260;8.06;0.51;19.25;4.42;239;0;23.00;17
5;0;5759795;5;85;246;264;8.09;0.51;20.00;4.36;241;0;24.00;18
5;0;5759798;5;86;248;264;8.20;0.52;20.00;4.53;243;0;25.00;16
5;0;5759800;5;87;248;264;8.36;0.53;20.00;4.53;243;0;26.00;16
5;0;5759803;5;89;250;265;8.40;0.53;20.00;4.71;245;0;27.00;15
5;0;5759806;5;89;251;265;8.45;0.53;20.00;4.71;246;0;28.00;14
5;0;5759808;5;90;257;271;8.48;0.53;20.00;4.67;252;0;29.00;14
5;0;5759813;5;92;258;271;8.49;0.53;20.00;4.77;253;0;30.00;13
7;0;5759816;7;95;259;272;8.36;0.52;22.71;4.76;252;0;31.00;13
7;0;5759818;7;95;260;272;8.33;0.52;22.71;4.86;253;0;32.00;12
9;0;5759821;9;98;261;272;8.31;0.51;25.00;4.97;252;0;33.00;11
9;0;5759826;9;101;262;272;8.33;0.52;25.00;5.01;253;0;34.00;10
9;0;5759829;9;105;263;272;8.29;0.51;25.00;5.13;254;0;35.00;9
10;0;5759831;10;106;274;284;8.57;0.53;25.40;4.95;264;0;36.00;10
10;0;5759835;10;110;274;284;8.42;0.52;25.40;4.95;264;0;37.00;10
10;0;5759838;10;112;276;284;8.40;0.52;25.40;5.06;266;0;38.00;8
11;0;5759840;11;115;276;284;8.30;0.51;26.18;5.06;265;0;39.00;8
11;0;5759843;11;119;277;284;8.14;0.50;26.18;5.15;266;0;40.00;7
11;0;5759845;11;123;277;284;7.96;0.49;26.18;5.15;266;0;41.00;7
11;0;5759848;11;126;284;288;7.89;0.49;26.18;5.20;273;0;42.00;4
12;0;5759851;12;129;284;288;7.69;0.48;27.25;5.20;272;0;43.00;4
13;0;5759854;13;131;288;292;7.64;0.48;28.31;5.14;275;0;44.00;4
14;0;5759856;14;135;290;294;7.63;0.48;29.07;5.10;276;0;45.00;4
14;0;5759859;14;136;290;294;7.56;0.47;29.07;5.10;276;0;46.00;4
15;0;5759862;15;135;290;294;7.55;0.47;28.87;5.10;275;0;47.00;4
16;0;5759865;16;138;301;307;7.78;0.49;29.63;4.92;285;0;48.00;6
18;0;5759868;18;140;301;307;7.66;0.48;31.72;4.92;283;0;49.00;6
18;0;5759871;18;143;301;307;7.59;0.47;31.72;4.92;283;0;50.00;6
19;0;5759873;19;146;302;308;7.48;0.46;32.63;4.90;283;0;51.00;6
19;0;5759876;19;147;303;309;7.34;0.46;32.63;4.89;284;0;52.00;6
20;0;5759879;20;150;303;309;7.27;0.45;32.65;4.89;283;0;53.00;6
21;0;5759881;21;153;305;312;7.30;0.45;33.67;4.86;284;0;54.00;7
23;0;5759884;23;155;305;312;7.16;0.44;33.83;4.86;282;0;55.00;7
24;0;5759886;24;145;306;312;7.19;0.44;34.75;4.85;282;0;56.00;6
25;0;5759889;25;141;306;312;7.16;0.44;35.64;4.85;281;0;57.00;6
25;0;5759892;25;141;311;318;7.23;0.45;35.64;4.79;286;0;58.00;7
27;0;5759895;27;140;311;318;7.21;0.44;36.30;4.79;284;0;59.00;7
29;0;5759899;29;142;312;318;7.17;0.44;37.93;4.78;283;0;60.00;6
29;0;5759902;29;149;312;318;7.23;0.44;37.93;4.78;283;0;61.00;6
29;0;5759904;29;152;316;322;7.27;0.45;37.93;4.73;287;0;62.00;6
29;0;5759907;29;153;317;323;7.42;0.46;37.93;4.72;288;0;63.00;6
29;0;5759909;29;154;317;323;7.48;0.46;37.93;4.72;288;0;64.00;6
30;0;5759912;30;154;318;324;7.53;0.46;37.43;4.71;288;0;65.00;6
32;0;5759915;32;155;318;324;7.57;0.46;38.94;4.71;286;0;66.00;6
32;0;5759917;32;146;318;324;7.58;0.46;38.94;4.71;286;0;67.00;6
32;0;5759921;32;142;318;324;7.68;0.47;38.94;4.71;286;0;68.00;6
33;0;5759924;33;137;318;324;7.74;0.47;39.70;4.71;285;0;69.00;6
33;0;5759927;33;134;318;324;7.79;0.48;39.70;4.71;285;0;70.00;6
33;0;5759930;33;131;318;324;7.97;0.49;39.70;4.71;285;0;71.00;6
35;0;5759932;35;136;352;394;8.19;0.50;40.94;4.25;317;0;72.00;42
35;0;5759940;35;129;353;395;8.36;0.51;40.94;4.24;318;0;73.00;42
35;0;5759943;35;122;359;395;8.70;0.53;40.94;4.21;324;0;74.00;36
36;1;5759947;36;119;361;395;8.93;0.55;41.81;4.20;325;1;75.00;34
37;1;5759958;37;116;364;395;9.22;0.56;42.73;4.20;327;1;76.00;31
38;2;5759961;38;115;365;395;9.44;0.57;43.63;4.20;327;2;77.00;30
38;2;5759978;38;116;368;395;9.64;0.59;43.63;4.21;330;2;78.00;27
39;3;5759981;39;120;371;395;9.74;0.59;44.54;4.24;332;3;79.00;24
40;3;5759991;40;119;374;396;9.81;0.60;45.42;4.27;334;3;80.00;22
41;3;5759994;41;117;376;397;9.86;0.60;45.95;4.29;335;3;81.00;21
41;3;5760002;41;121;379;397;9.90;0.60;45.95;4.32;338;3;82.00;18
42;3;5760005;42;125;384;401;9.67;0.59;46.62;4.30;342;3;83.00;17
42;3;5760016;42;128;385;401;9.69;0.59;46.62;4.30;343;3;84.00;16
42;3;5760019;42;127;385;401;9.51;0.58;46.62;4.30;343;3;85.00;16
42;3;5760023;42;128;385;401;9.37;0.57;46.62;4.30;343;3;86.00;16
42;3;5760027;42;126;390;407;9.31;0.57;46.62;4.26;348;3;87.00;17
44;3;5760031;44;130;390;407;9.12;0.55;48.48;4.26;346;3;88.00;17
45;3;5760034;45;129;390;407;8.92;0.54;49.38;4.26;345;3;89.00;17
46;3;5760042;46;128;394;413;8.92;0.54;50.17;4.21;348;3;90.00;19
46;3;5760046;46;130;394;413;8.87;0.54;50.17;4.21;348;3;91.00;19
49;3;5760050;49;133;396;413;8.87;0.54;52.73;4.20;347;3;92.00;17
49;3;5760054;49;133;397;414;8.76;0.53;52.73;4.19;348;3;93.00;17
49;3;5760057;49;130;398;415;8.78;0.53;52.73;4.19;349;3;94.00;17
51;3;5760061;51;127;398;415;8.76;0.53;52.96;4.19;347;3;95.00;17
51;3;5760065;51;128;408;428;8.68;0.53;52.96;4.08;357;3;96.00;20
52;3;5760070;52;122;408;428;8.70;0.53;53.81;4.08;356;3;97.00;20
53;3;5760074;53;115;409;428;8.90;0.54;54.60;4.08;356;3;98.00;19
56;3;5760078;56;112;410;429;8.94;0.54;56.98;4.07;354;3;99.00;19
58;3;5760082;58;109;410;429;9.07;0.55;58.47;4.07;352;3;100.00;19
59;3;5760090;59;105;415;433;9.24;0.56;59.15;4.17;356;3;101.00;18
60;3;5760096;60;100;415;433;9.42;0.57;59.87;4.17;355;3;102.00;18
60;3;5760100;60;96;419;437;9.55;0.58;59.87;4.14;359;3;103.00;18
62;3;5760104;62;93;419;437;9.71;0.59;61.21;4.14;357;3;104.00;18
65;3;5760108;65;87;419;437;9.83;0.60;62.91;4.14;354;3;105.00;18
66;3;5760112;66;86;419;437;10.01;0.61;63.50;4.14;353;3;106.00;18
67;3;5760116;67;82;419;437;10.13;0.62;64.12;4.14;352;3;107.00;18
69;3;5760120;69;80;430;449;10.22;0.62;65.35;4.03;361;3;108.00;19
69;3;5760125;69;73;431;449;10.30;0.63;65.35;4.02;362;3;109.00;18
69;3;5760130;69;73;431;449;10.35;0.63;65.35;4.02;362;3;110.00;18
69;3;5760134;69;70;431;449;10.50;0.64;65.35;4.02;362;3;111.00;18
69;3;5760138;69;73;432;449;10.69;0.65;65.35;4.27;363;3;112.00;17
71;3;5760143;71;75;432;449;10.79;0.66;66.69;4.27;361;3;113.00;17
72;3;5760148;72;75;433;450;10.79;0.65;67.35;4.27;361;3;114.00;17
72;3;5760152;72;74;434;450;10.76;0.65;67.35;4.52;362;3;115.00;16
73;3;5760157;73;74;441;456;10.79;0.65;67.99;4.66;368;3;116.00;15
73;3;5760162;73;72;442;457;10.75;0.65;67.99;4.65;369;3;117.00;15
76;3;5760167;76;77;442;457;10.73;0.65;69.41;4.65;366;3;118.00;15
77;3;5760172;77;77;444;457;10.74;0.65;70.03;5.00;367;3;119.00;13
78;3;5760179;78;82;448;462;10.88;0.66;70.62;4.96;370;3;120.00;14
79;3;5760184;79;82;450;462;11.00;0.67;71.11;5.31;371;3;121.00;12
80;3;5760194;80;83;451;462;11.08;0.67;71.67;5.41;371;3;122.00;11
81;3;5760199;81;83;454;463;11.12;0.68;71.86;5.66;373;3;123.00;9
82;3;5760204;82;84;460;467;11.04;0.67;72.32;5.84;378;3;124.00;7
82;3;5760210;82;84;461;467;11.18;0.68;72.32;5.88;379;3;125.00;6
83;3;5760215;83;86;464;470;11.41;0.70;72.10;5.87;381;3;126.00;6
85;3;5760220;85;89;466;470;11.60;0.71;72.26;5.96;381;3;127.00;4
86;3;5760225;86;89;466;470;11.78;0.72;72.91;5.96;380;3;128.00;4
86;3;5760232;86;89;467;470;11.84;0.72;72.91;6.07;381;3;129.00;3
87;3;5760238;87;90;471;474;11.91;0.73;73.53;6.03;384;3;130.00;3
90;3;5760244;90;91;472;474;11.82;0.72;74.97;6.09;382;3;131.00;2
91;3;5760250;91;92;472;474;11.79;0.72;74.41;6.09;381;3;132.00;2
91;3;5760262;91;94;473;474;11.73;0.72;74.41;6.15;382;3;133.00;1
91;3;5760269;91;94;474;475;11.69;0.72;74.41;6.14;383;3;134.00;1
92;3;5760275;92;96;477;477;11.70;0.72;75.02;6.14;385;3;135.00;0
92;3;5760281;92;95;477;477;11.68;0.72;75.02;6.14;385;3;136.00;0
92;3;5760288;92;97;478;478;11.62;0.71;75.02;6.13;386;3;137.00;0
93;3;5760294;93;99;478;478;11.58;0.71;75.70;6.13;385;3;138.00;0
94;3;5760300;94;102;478;478;11.58;0.71;75.61;6.13;384;3;139.00;0
97;3;5760306;97;105;478;478;11.56;0.71;77.08;6.13;381;3;140.00;0
100;3;5760311;100;107;478;478;11.46;0.71;78.91;6.13;378;3;141.00;0
100;3;5760317;100;107;478;478;11.41;0.71;78.91;6.13;378;3;142.00;0
102;3;5760322;102;109;478;478;11.33;0.70;80.17;6.13;376;3;143.00;0
106;3;5760327;106;130;550;605;11.02;0.70;82.08;5.33;444;3;144.00;55
109;3;5760343;109;126;554;606;10.96;0.69;83.16;5.30;445;3;145.00;52
110;3;5760349;110;123;563;606;11.00;0.69;83.71;5.25;453;3;146.00;43
114;3;5760356;114;123;565;606;10.87;0.68;85.70;5.24;451;3;147.00;41
114;3;5760362;114;126;572;606;10.88;0.68;85.70;5.22;458;3;148.00;34
114;3;5760368;114;127;575;606;10.74;0.67;85.70;5.22;461;3;149.00;31
117;3;5760375;117;127;580;611;10.61;0.66;86.93;5.21;463;3;150.00;31
119;3;5760383;119;124;583;611;10.60;0.66;87.99;5.22;464;3;151.00;28
119;3;5760389;119;124;586;612;10.62;0.66;87.99;5.23;467;3;152.00;26
121;3;5760396;121;123;590;613;10.60;0.66;88.67;5.26;469;3;153.00;23
122;3;5760402;122;124;592;613;10.64;0.66;89.15;5.27;470;3;154.00;21
123;3;5760408;123;126;596;614;10.58;0.66;89.21;5.29;473;3;155.00;18
125;3;5760414;125;128;600;614;10.42;0.65;89.09;5.32;475;3;156.00;14
127;3;5760421;127;126;603;614;10.25;0.64;89.59;5.36;476;3;157.00;11
129;3;5760429;129;131;604;614;10.03;0.62;90.63;5.36;475;3;158.00;10
129;3;5760435;129;130;607;618;9.93;0.62;90.63;5.36;478;3;159.00;11
131;3;5760442;131;131;611;618;9.78;0.61;91.66;5.41;480;3;160.00;7
134;3;5760448;134;135;613;618;9.54;0.59;91.86;5.45;479;3;161.00;5
134;3;5760454;134;138;616;621;9.37;0.58;91.86;5.48;482;3;162.00;5
134;3;5760461;134;145;616;621;9.22;0.57;91.86;5.48;482;3;163.00;5
139;3;5760466;139;147;617;621;9.03;0.56;93.22;5.49;478;3;164.00;4
142;3;5760473;142;140;621;625;8.92;0.55;94.03;5.46;479;3;165.00;4
144;3;5760481;144;138;623;626;8.89;0.55;93.36;5.46;479;3;166.00;3
146;3;5760488;146;135;625;626;8.85;0.55;94.30;5.47;479;3;167.00;1
147;3;5760496;147;133;628;630;8.92;0.55;94.71;5.45;481;3;168.00;2
148;3;5760506;148;135;630;630;8.89;0.55;94.40;5.44;482;3;169.00;0
148;3;5760513;148;133;630;630;8.95;0.55;94.40;5.44;482;3;170.00;0
150;3;5760520;150;137;631;631;8.89;0.55;95.19;5.43;481;3;171.00;0
151;3;5760529;151;136;631;631;8.84;0.54;94.88;5.43;480;3;172.00;0
151;3;5760539;151;132;637;637;8.93;0.55;94.88;5.39;486;3;173.00;0
151;3;5760546;151;130;637;637;8.96;0.55;94.88;5.39;486;3;174.00;0
151;3;5760553;151;128;638;638;9.01;0.56;94.88;5.38;487;3;175.00;0
151;3;5760560;151;127;638;638;9.12;0.56;94.88;5.38;487;3;176.00;0
152;3;5760571;152;127;638;638;9.18;0.57;95.41;5.38;486;3;177.00;0
153;3;5760585;153;134;638;638;9.27;0.57;95.94;5.38;485;3;178.00;0
155;3;5760592;155;132;638;638;9.38;0.58;96.61;5.38;483;3;179.00;0
158;3;5760599;158;138;668;672;9.61;0.59;97.06;5.14;510;3;180.00;4
160;3;5760609;160;141;669;672;9.69;0.60;97.33;5.14;509;3;181.00;3
160;3;5760616;160;146;671;672;9.78;0.60;97.33;5.13;511;3;182.00;1
165;3;5760622;165;148;671;672;9.78;0.60;98.70;5.13;506;3;183.00;1
166;3;5760628;166;147;672;672;9.72;0.60;99.16;5.13;506;3;184.00;0
170;3;5760635;170;154;672;672;9.65;0.59;99.92;5.13;502;3;185.00;0
172;3;5760642;172;159;676;676;9.64;0.59;100.09;5.10;504;3;186.00;0
173;3;5760648;173;160;676;676;9.52;0.59;99.87;5.10;503;3;187.00;0
177;3;5760655;177;165;680;680;9.36;0.58;99.08;5.08;503;3;188.00;0
179;3;5760662;179;168;681;681;9.14;0.56;99.25;5.07;502;3;189.00;0
181;3;5760669;181;173;681;681;8.89;0.55;99.80;5.07;500;3;190.00;0
184;3;5760680;184;182;681;681;8.63;0.53;99.22;5.07;497;3;191.00;0
186;3;5760687;186;187;694;694;8.59;0.53;98.97;4.97;508;3;192.00;0
188;3;5760694;188;190;694;694;8.33;0.51;98.57;4.97;506;3;193.00;0
189;3;5760700;189;200;694;694;8.17;0.50;98.19;4.97;505;3;194.00;0
190;3;5760706;190;202;695;695;8.04;0.50;97.94;4.97;505;3;195.00;0
193;3;5760712;193;205;696;696;7.92;0.49;97.78;4.96;503;3;196.00;0
195;3;5760718;195;212;696;696;7.80;0.48;97.53;4.96;501;3;197.00;0
198;3;5760724;198;213;698;699;7.74;0.48;98.10;4.95;500;3;198.00;1
199;3;5760730;199;216;698;699;7.65;0.47;97.88;4.95;499;3;199.00;1
200;3;5760736;200;222;699;699;7.54;0.46;97.67;4.94;499;3;200.00;0
202;3;5760746;202;224;699;699;7.32;0.45;97.60;4.94;497;3;201.00;0
205;3;5760752;205;232;705;705;7.14;0.44;97.79;4.91;500;3;202.00;0
207;3;5760759;207;243;705;705;6.99;0.43;97.90;4.91;498;3;203.00;0
208;3;5760764;208;245;705;705;6.91;0.43;98.38;4.91;497;3;204.00;0
210;3;5760770;210;252;705;705;6.82;0.42;99.37;4.91;495;3;205.00;0
213;3;5760781;213;256;709;709;6.72;0.41;100.47;4.89;496;3;206.00;0
213;3;5760787;213;263;710;710;6.62;0.41;100.47;4.88;497;3;207.00;0
215;3;5760792;215;267;710;710;6.49;0.40;100.59;4.88;495;3;208.00;0
215;3;5760797;215;269;711;711;6.44;0.40;100.59;4.88;496;3;209.00;0
215;3;5760805;215;268;711;711;6.36;0.39;100.59;4.88;496;3;210.00;0
216;3;5760810;216;276;711;711;6.24;0.38;101.09;4.88;495;3;211.00;0
217;3;5760815;217;269;711;711;6.20;0.38;101.16;4.88;494;3;212.00;0
218;3;5760821;218;265;711;711;6.19;0.38;100.79;4.88;493;3;213.00;0
218;3;5760827;218;248;711;711;6.30;0.39;100.79;4.88;493;3;214.00;0
219;3;5760832;219;240;711;711;6.44;0.40;101.12;4.88;492;3;215.00;0
221;3;5760838;221;245;755;781;6.91;0.43;101.80;4.59;534;3;216.00;26
223;3;5760849;223;233;757;782;7.01;0.43;102.54;4.58;534;3;217.00;25
224;3;5760856;224;228;764;782;7.11;0.44;102.64;4.56;540;3;218.00;18
224;3;5760862;224;228;767;782;7.32;0.45;102.64;4.55;543;3;219.00;15
224;3;5760868;224;223;770;782;7.50;0.46;102.64;4.55;546;3;220.00;12
224;3;5760874;224;205;771;782;7.69;0.47;102.64;4.55;547;3;221.00;11
224;3;5760880;224;188;774;782;7.96;0.49;102.64;4.56;550;3;222.00;8
226;4;5760886;226;179;776;782;8.15;0.50;103.68;4.56;550;4;223.00;6
227;4;5760903;227;176;779;783;8.33;0.51;103.81;4.58;552;4;224.00;4
229;4;5760910;229;173;782;785;8.47;0.52;104.50;4.58;553;4;225.00;3
230;4;5760922;230;168;784;785;8.66;0.53;104.82;4.59;554;4;226.00;1
233;4;5760929;233;168;789;789;8.72;0.54;104.35;4.57;556;4;227.00;0
234;4;5760936;234;168;789;789;8.87;0.54;104.87;4.57;555;4;228.00;0
236;4;5760944;236;165;789;789;8.97;0.55;105.39;4.57;553;4;229.00;0
237;4;5760951;237;164;789;789;8.98;0.55;105.88;4.57;552;4;230.00;0
238;4;5760957;238;164;795;795;8.94;0.55;106.38;4.54;557;4;231.00;0
239;4;5760965;239;154;795;795;8.95;0.55;106.90;4.54;556;4;232.00;0
242;4;5760972;242;154;795;795;8.97;0.55;107.30;4.54;553;4;233.00;0
244;4;5760979;244;150;797;798;9.12;0.56;107.57;4.53;553;4;234.00;1
246;4;5760986;246;144;797;798;9.16;0.56;108.48;4.53;551;4;235.00;1
246;4;5760992;246;141;798;798;9.36;0.57;108.48;4.52;552;4;236.00;0
250;4;5760999;250;140;799;799;9.48;0.58;109.10;4.52;549;4;237.00;0
251;4;5761006;251;137;800;800;9.66;0.59;109.04;4.51;549;4;238.00;0
252;4;5761012;252;134;800;800;9.80;0.60;109.55;4.51;548;4;239.00;0
255;4;5761025;255;140;824;826;9.79;0.60;109.79;4.38;569;4;240.00;2
258;4;5761033;258;131;825;826;9.83;0.60;110.97;4.38;567;4;241.00;1
263;4;5761039;263;127;826;826;9.94;0.61;111.83;4.38;563;4;242.00;0
266;4;5761048;266;123;827;827;10.00;0.61;112.70;4.37;561;4;243.00;0
269;4;5761054;269;125;827;827;10.02;0.61;113.62;4.37;558;4;244.00;0
271;4;5761061;271;124;831;831;10.11;0.61;114.06;4.35;560;4;245.00;0
275;4;5761068;275;122;831;831;10.16;0.62;114.38;4.35;556;4;246.00;0
277;4;5761075;277;125;835;835;10.13;0.61;114.52;4.34;558;4;247.00;0
277;4;5761082;277;128;835;835;10.24;0.62;114.52;4.34;558;4;248.00;0
278;5;5761088;278;128;835;835;10.28;0.62;114.48;4.34;557;5;249.00;0
279;5;5761101;279;133;835;835;10.30;0.63;114.88;4.34;556;5;250.00;0
280;5;5761108;280;136;835;835;10.25;0.62;115.11;4.34;555;5;251.00;0
281;5;5761115;281;139;846;847;10.33;0.63;115.33;4.28;565;5;252.00;1
284;5;5761127;284;142;846;847;10.29;0.63;116.32;4.28;562;5;253.00;1
285;5;5761134;285;147;847;847;10.26;0.62;116.33;4.28;562;5;254.00;0
285;5;5761140;285;148;847;847;10.29;0.63;116.33;4.28;562;5;255.00;0
286;5;5761147;286;140;847;847;10.37;0.63;116.19;4.28;561;5;256.00;0
287;5;5761154;287;136;847;847;10.44;0.64;116.68;4.28;560;5;257.00;0
289;5;5761160;289;134;848;848;10.45;0.64;117.12;4.28;559;5;258.00;0
290;5;5761167;290;128;848;848;10.53;0.64;117.44;4.28;558;5;259.00;0
291;5;5761173;291;126;854;854;10.51;0.64;117.74;4.25;563;5;260.00;0
291;5;5761181;291;120;855;855;10.59;0.65;117.74;4.25;564;5;261.00;0
297;5;5761188;297;116;855;855;10.60;0.64;118.62;4.25;558;5;262.00;0
298;5;5761196;298;115;855;855;10.73;0.65;118.86;4.25;557;5;263.00;0
303;5;5761202;303;109;859;859;10.79;0.65;119.22;4.23;556;5;264.00;0
304;5;5761210;304;110;859;859;10.88;0.66;119.23;4.23;555;5;265.00;0
306;5;5761217;306;106;859;859;11.09;0.67;119.09;4.23;553;5;266.00;0
309;5;5761223;309;107;860;860;11.20;0.68;119.48;4.22;551;5;267.00;0
313;5;5761230;313;106;864;864;11.22;0.68;120.56;4.21;551;5;268.00;0
315;5;5761238;315;100;864;864;11.37;0.69;120.87;4.21;549;5;269.00;0
320;5;5761246;320;94;868;870;11.47;0.69;121.32;4.19;548;5;270.00;2
325;5;5761255;325;92;869;870;11.51;0.69;121.49;4.19;544;5;271.00;1
326;5;5761262;326;91;870;870;11.62;0.70;121.29;4.18;544;5;272.00;0
328;5;5761269;328;88;870;870;11.69;0.70;121.34;4.18;542;5;273.00;0
331;5;5761276;331;88;874;874;11.75;0.71;121.39;4.17;543;5;274.00;0
332;5;5761284;332;86;874;874;11.79;0.71;121.63;4.17;542;5;275.00;0
333;5;5761292;333;86;874;874;11.76;0.71;121.66;4.17;541;5;276.00;0
335;5;5761299;335;89;874;874;11.73;0.71;122.10;4.17;539;5;277.00;0
336;5;5761306;336;85;875;875;11.72;0.71;122.14;4.17;539;5;278.00;0
337;5;5761314;337;84;876;876;11.75;0.71;122.07;4.16;539;5;279.00;0
338;5;5761321;338;84;876;876;11.78;0.71;122.52;4.16;538;5;280.00;0
339;5;5761329;339;84;877;877;11.73;0.71;122.57;4.16;538;5;281.00;0
340;5;5761336;340;85;877;877;11.68;0.71;122.68;4.16;537;5;282.00;0
342;5;5761343;342;86;877;877;11.69;0.71;123.17;4.16;535;5;283.00;0
343;5;5761351;343;88;877;877;11.74;0.71;123.15;4.16;534;5;284.00;0
344;5;5761358;344;91;877;877;11.76;0.72;123.56;4.16;533;5;285.00;0
346;5;5761365;346;96;877;877;11.73;0.71;123.58;4.16;531;5;286.00;0
346;5;5761372;346;93;877;877;11.75;0.72;123.58;4.16;531;5;287.00;0
348;5;5761380;348;114;947;1004;11.34;0.70;124.50;3.85;599;5;288.00;57
348;5;5761398;348;105;950;1005;11.25;0.70;124.50;3.84;602;5;289.00;55
348;5;5761407;348;102;957;1005;11.26;0.70;124.50;3.83;609;5;290.00;48
349;5;5761414;349;101;960;1005;11.19;0.69;124.55;3.83;611;5;291.00;45
350;5;5761423;350;102;967;1005;11.23;0.70;124.96;3.83;617;5;292.00;38
352;5;5761431;352;99;968;1005;11.20;0.69;124.69;3.83;616;5;293.00;37
352;5;5761440;352;101;971;1005;11.26;0.70;124.69;3.84;619;5;294.00;34
355;5;5761447;355;104;975;1005;11.30;0.70;125.39;3.85;620;5;295.00;30
357;5;5761457;357;106;977;1006;11.38;0.70;126.20;3.86;620;5;296.00;29
357;5;5761466;357;109;980;1007;11.40;0.70;126.20;3.87;623;5;297.00;27
358;5;5761475;358;113;985;1007;11.49;0.71;126.38;3.91;627;5;298.00;22
359;5;5761483;359;113;987;1008;11.45;0.71;126.06;3.92;628;5;299.00;21
360;5;5761493;360;120;991;1014;11.27;0.70;125.94;3.93;631;5;300.00;23
363;5;5761507;363;116;993;1014;11.07;0.68;127.01;3.95;630;5;301.00;21
365;5;5761516;365;119;995;1014;10.91;0.67;127.64;3.97;630;5;302.00;19
370;5;5761524;370;122;1002;1018;10.73;0.66;128.87;4.01;632;5;303.00;16
371;5;5761533;371;124;1005;1018;10.65;0.66;128.94;4.03;634;5;304.00;13
373;5;5761542;373;132;1007;1018;10.55;0.65;128.82;4.03;634;5;305.00;11
375;5;5761557;375;140;1011;1021;10.44;0.64;129.06;4.04;636;5;306.00;10
379;5;5761566;379;144;1011;1021;10.30;0.63;130.00;4.04;632;5;307.00;10
379;5;5761574;379;149;1012;1021;10.21;0.63;130.00;4.06;633;5;308.00;9
383;5;5761581;383;161;1015;1025;10.05;0.62;130.80;4.05;632;5;309.00;10
386;5;5761589;386;164;1017;1026;10.00;0.62;131.30;4.06;631;5;310.00;9
388;5;5761597;388;174;1019;1026;9.84;0.61;131.11;4.09;631;5;311.00;7
390;5;5761605;390;180;1026;1030;9.70;0.60;131.36;4.12;636;5;312.00;4
394;5;5761613;394;183;1027;1030;9.51;0.59;132.12;4.14;633;5;313.00;3
397;5;5761621;397;183;1030;1030;9.45;0.58;132.62;4.14;633;5;314.00;0
398;5;5761629;398;186;1032;1032;9.29;0.57;132.71;4.14;634;5;315.00;0
401;5;5761637;401;194;1032;1032;9.09;0.56;133.17;4.14;631;5;316.00;0
405;5;5761644;405;198;1038;1038;8.93;0.55;133.10;4.12;633;5;317.00;0
408;5;5761653;408;199;1038;1038;8.77;0.54;133.65;4.12;630;5;318.00;0
410;5;5761660;410;203;1039;1039;8.68;0.53;133.55;4.12;629;5;319.00;0
412;5;5761670;412;206;1039;1039;8.58;0.52;133.50;4.12;627;5;320.00;0
413;5;5761680;413;212;1039;1039;8.54;0.52;133.37;4.12;626;5;321.00;0
415;5;5761687;415;218;1039;1039;8.47;0.52;133.35;4.12;624;5;322.00;0
416;5;5761694;416;223;1039;1039;8.42;0.52;133.28;4.12;623;5;323.00;0
419;5;5761701;419;227;1050;1051;8.38;0.51;134.29;4.07;631;5;324.00;1
419;5;5761709;419;229;1050;1051;8.36;0.51;134.29;4.07;631;5;325.00;1
421;5;5761716;421;226;1051;1051;8.34;0.51;134.25;4.07;630;5;326.00;0
423;5;5761724;423;226;1051;1051;8.31;0.51;134.38;4.07;628;5;327.00;0
427;5;5761730;427;230;1051;1051;8.15;0.50;134.54;4.07;624;5;328.00;0
429;5;5761737;429;230;1051;1051;8.01;0.49;134.83;4.07;622;5;329.00;0
432;5;5761745;432;212;1055;1055;7.91;0.49;136.18;4.06;623;5;330.00;0
433;5;5761753;433;210;1055;1055;7.89;0.49;136.22;4.06;622;5;331.00;0
436;5;5761760;436;207;1059;1059;7.91;0.49;137.56;4.05;623;5;332.00;0
440;5;5761768;440;209;1060;1060;7.86;0.49;138.46;4.04;620;5;333.00;0
443;5;5761775;443;214;1060;1060;7.86;0.49;139.71;4.04;617;5;334.00;0
447;5;5761781;447;209;1060;1060;7.90;0.49;141.03;4.04;613;5;335.00;0
450;5;5761789;450;213;1073;1073;7.95;0.49;141.84;3.99;623;5;336.00;0
455;5;5761796;455;212;1073;1073;7.97;0.49;142.03;3.99;618;5;337.00;0
460;5;5761804;460;208;1073;1073;7.92;0.49;142.61;3.99;613;5;338.00;0
461;5;5761811;461;211;1074;1074;8.02;0.50;142.40;3.99;613;5;339.00;0
464;5;5761817;464;211;1075;1075;8.06;0.50;142.73;3.99;611;5;340.00;0
467;5;5761824;467;215;1075;1075;7.97;0.49;143.09;3.99;608;5;341.00;0
468;5;5761831;468;220;1077;1078;7.95;0.49;142.85;3.98;609;5;342.00;1
473;5;5761837;473;218;1077;1078;7.87;0.48;142.89;3.98;604;5;343.00;1
476;5;5761844;476;223;1078;1078;7.85;0.48;143.12;3.98;602;5;344.00;0
478;5;5761851;478;224;1078;1078;7.75;0.48;143.16;3.98;600;5;345.00;0
484;5;5761858;484;221;1083;1084;7.73;0.47;143.71;3.97;599;5;346.00;1
485;5;5761865;485;223;1083;1084;7.64;0.47;143.68;3.97;598;5;347.00;1
487;5;5761871;487;225;1084;1084;7.50;0.46;144.13;3.96;597;5;348.00;0
489;5;5761878;489;223;1084;1084;7.40;0.45;143.93;3.96;595;5;349.00;0
491;5;5761885;491;230;1088;1088;7.37;0.45;143.84;3.95;597;5;350.00;0
493;5;5761892;493;233;1089;1089;7.37;0.45;143.74;3.95;596;5;351.00;0
497;5;5761899;497;241;1089;1089;7.24;0.44;143.72;3.95;592;5;352.00;0
497;5;5761906;497;245;1090;1090;7.32;0.45;143.72;3.95;593;5;353.00;0
500;5;5761912;500;247;1090;1090;7.26;0.44;144.35;3.95;590;5;354.00;0
505;5;5761919;505;255;1090;1090;7.20;0.44;144.56;3.95;585;5;355.00;0
507;5;5761926;507;259;1090;1090;7.15;0.44;144.96;3.95;583;5;356.00;0
508;5;5761932;508;262;1090;1090;7.13;0.44;144.98;3.95;582;5;357.00;0
509;5;5761939;509;272;1090;1090;7.11;0.44;145.02;3.95;581;5;358.00;0
510;5;5761945;510;273;1090;1090;7.08;0.43;144.83;3.95;580;5;359.00;0
512;5;5761954;512;296;1167;1215;7.33;0.46;144.80;3.69;655;5;360.00;48
515;5;5761971;515;279;1172;1216;7.35;0.46;144.90;3.68;657;5;361.00;44
516;5;5761978;516;268;1181;1216;7.50;0.47;144.76;3.66;665;5;362.00;35
517;5;5761986;517;259;1182;1216;7.54;0.47;144.55;3.66;665;5;363.00;34
518;5;5761993;518;252;1187;1216;7.62;0.47;144.51;3.66;669;5;364.00;29
518;5;5762000;518;248;1189;1216;7.72;0.48;144.51;3.67;671;5;365.00;27
521;5;5762008;521;243;1193;1216;7.78;0.48;144.68;3.67;672;5;366.00;23
521;5;5762016;521;243;1196;1216;7.90;0.49;144.68;3.68;675;5;367.00;20
523;5;5762028;523;243;1200;1217;7.99;0.49;144.87;3.70;677;5;368.00;17
523;5;5762036;523;246;1203;1218;7.93;0.49;144.87;3.71;680;5;369.00;15
523;5;5762044;523;244;1207;1218;7.91;0.48;144.87;3.72;684;5;370.00;11
523;5;5762052;523;246;1212;1222;7.91;0.48;144.87;3.72;689;5;371.00;10
524;5;5762060;524;249;1213;1222;7.89;0.48;144.86;3.73;689;5;372.00;9
525;5;5762076;525;248;1215;1222;7.88;0.48;144.63;3.74;690;5;373.00;7
526;5;5762084;526;252;1216;1222;7.86;0.48;145.00;3.75;690;5;374.00;6
527;5;5762093;527;254;1222;1228;7.82;0.48;145.15;3.75;695;5;375.00;6
528;5;5762101;528;256;1223;1228;7.76;0.47;145.04;3.76;695;5;376.00;5
528;5;5762110;528;248;1225;1228;7.83;0.48;145.04;3.77;697;5;377.00;3
530;5;5762119;530;250;1229;1231;7.90;0.48;145.63;3.78;699;5;378.00;2
531;5;5762128;531;250;1231;1231;8.02;0.49;145.61;3.79;700;5;379.00;0
531;5;5762137;531;249;1231;1231;8.08;0.49;145.61;3.79;700;5;380.00;0
532;5;5762145;532;245;1232;1232;8.14;0.50;145.38;3.79;700;5;381.00;0
535;5;5762154;535;247;1233;1233;8.17;0.50;145.76;3.79;698;5;382.00;0
538;5;5762163;538;254;1233;1233;8.16;0.50;145.84;3.79;695;5;383.00;0
539;5;5762172;539;256;1244;1246;8.29;0.51;145.75;3.75;705;5;384.00;2
540;5;5762182;540;258;1246;1246;8.28;0.51;145.96;3.75;706;5;385.00;0
544;5;5762203;544;248;1246;1246;8.27;0.51;146.02;3.75;702;5;386.00;0
548;5;5762212;548;242;1247;1247;8.27;0.51;146.45;3.74;699;5;387.00;0
552;5;5762222;552;234;1247;1247;8.27;0.50;146.70;3.74;695;5;388.00;0
553;5;5762231;553;229;1251;1251;8.33;0.51;146.92;3.74;698;5;389.00;0
553;5;5762243;553;227;1251;1251;8.36;0.51;146.92;3.74;698;5;390.00;0
556;5;5762252;556;227;1255;1255;8.30;0.51;147.18;3.73;699;5;391.00;0
558;5;5762262;558;219;1255;1255;8.33;0.51;147.65;3.73;697;5;392.00;0
561;5;5762271;561;224;1255;1255;8.35;0.51;147.85;3.73;694;5;393.00;0
563;5;5762280;563;223;1255;1255;8.42;0.51;148.13;3.73;692;5;394.00;0
564;5;5762291;564;224;1255;1255;8.51;0.52;148.32;3.73;691;5;395.00;0
567;5;5762299;567;221;1266;1267;8.60;0.53;148.55;3.70;699;5;396.00;1
571;5;5762309;571;216;1267;1267;8.72;0.53;150.13;3.69;696;5;397.00;0
572;5;5762318;572;207;1267;1267;8.85;0.54;150.55;3.69;695;5;398.00;0
574;5;5762327;574;203;1267;1267;9.00;0.55;150.64;3.69;693;5;399.00;0
578;5;5762336;578;195;1267;1267;9.08;0.55;151.66;3.69;689;5;400.00;0
580;5;5762348;580;187;1267;1267;9.23;0.56;151.80;3.69;687;5;401.00;0
580;5;5762358;580;176;1268;1268;9.39;0.57;151.80;3.69;688;5;402.00;0
581;5;5762367;581;168;1268;1268;9.51;0.58;151.83;3.69;687;5;403.00;0
584;5;5762375;584;165;1274;1274;9.64;0.59;152.32;3.68;690;5;404.00;0
588;5;5762384;588;163;1276;1276;9.76;0.60;152.79;3.67;688;5;405.00;0
590;5;5762393;590;164;1276;1276;9.84;0.60;153.57;3.67;686;5;406.00;0
592;5;5762401;592;163;1276;1276;9.91;0.61;153.86;3.67;684;5;407.00;0
596;5;5762410;596;164;1280;1280;9.88;0.60;154.40;3.66;684;5;408.00;0
600;5;5762419;600;163;1280;1280;9.89;0.60;155.10;3.66;680;5;409.00;0
603;5;5762428;603;164;1280;1280;9.91;0.60;155.82;3.66;677;5;410.00;0
603;5;5762436;603;164;1281;1281;9.92;0.60;155.82;3.66;678;5;411.00;0
604;5;5762445;604;169;1285;1285;9.83;0.60;156.11;3.65;681;5;412.00;0
605;5;5762454;605;167;1285;1285;9.79;0.60;156.42;3.65;680;5;413.00;0
607;5;5762463;607;171;1287;1288;9.85;0.60;156.61;3.64;680;5;414.00;1
611;5;5762473;611;174;1287;1288;9.85;0.60;157.16;3.64;676;5;415.00;1
615;5;5762482;615;176;1288;1288;9.89;0.60;157.94;3.64;673;5;416.00;0
615;5;5762491;615;176;1288;1288;9.86;0.60;157.94;3.64;673;5;417.00;0
619;5;5762498;619;178;1292;1292;9.92;0.61;158.22;3.64;673;5;418.00;0
622;5;5762507;622;179;1292;1292;9.93;0.61;158.42;3.64;670;5;419.00;0
622;5;5762517;622;177;1292;1292;9.99;0.61;158.42;3.64;670;5;420.00;0
624;5;5762525;624;169;1292;1292;9.98;0.61;159.11;3.64;668;5;421.00;0
626;5;5762533;626;162;1293;1293;10.02;0.61;159.02;3.63;667;5;422.00;0
629;5;5762541;629;158;1294;1294;10.02;0.61;159.61;3.63;665;5;423.00;0
633;5;5762550;633;154;1294;1294;10.08;0.61;159.83;3.63;661;5;424.00;0
637;5;5762559;637;150;1295;1295;10.15;0.62;160.15;3.63;658;5;425.00;0
640;5;5762567;640;143;1295;1295;10.23;0.62;160.48;3.63;655;5;426.00;0
644;5;5762575;644;134;1295;1295;10.31;0.63;160.78;3.63;651;5;427.00;0
649;5;5762583;649;130;1295;1295;10.45;0.64;161.35;3.63;646;5;428.00;0
655;5;5762591;655;128;1295;1295;10.49;0.64;162.27;3.63;640;5;429.00;0
661;5;5762599;661;122;1295;1295;10.59;0.64;162.93;3.63;634;5;430.00;0
663;5;5762608;663;118;1295;1295;10.74;0.65;163.09;3.63;632;5;431.00;0
666;5;5762617;666;141;1369;1422;10.50;0.65;163.43;3.43;703;5;432.00;53
669;5;5762644;669;123;1370;1423;10.56;0.65;163.72;3.43;701;5;433.00;53
673;5;5762654;673;108;1375;1423;10.66;0.65;164.13;3.43;702;5;434.00;48
676;5;5762664;676;104;1378;1423;10.69;0.66;164.52;3.43;702;5;435.00;45
678;5;5762673;678;99;1383;1423;10.72;0.66;164.83;3.43;705;5;436.00;40
681;5;5762682;681;95;1383;1423;10.69;0.65;165.24;3.43;702;5;437.00;40
682;5;5762692;682;96;1386;1423;10.71;0.66;165.56;3.43;704;5;438.00;37
685;5;5762701;685;94;1388;1423;10.70;0.66;165.86;3.44;703;5;439.00;35
685;5;5762710;685;99;1389;1424;10.78;0.66;165.86;3.44;704;5;440.00;35
687;5;5762720;687;97;1393;1425;10.91;0.67;166.12;3.46;706;5;441.00;32
690;5;5762729;690;95;1394;1425;10.93;0.67;166.24;3.46;704;5;442.00;31
692;5;5762738;692;95;1398;1426;10.97;0.67;166.10;3.48;706;5;443.00;28
695;5;5762752;695;91;1403;1426;10.80;0.66;166.41;3.52;708;5;444.00;23
698;5;5762761;698;94;1406;1426;10.63;0.65;166.06;3.54;708;5;445.00;20
700;5;5762775;700;96;1408;1426;10.47;0.64;166.72;3.55;708;5;446.00;18
705;5;5762784;705;102;1414;1430;10.21;0.62;167.03;3.58;709;5;447.00;16
705;5;5762794;705;102;1417;1430;10.02;0.61;167.03;3.61;712;5;448.00;13
708;5;5762804;708;106;1420;1430;9.83;0.60;167.31;3.63;712;5;449.00;10
709;5;5762814;709;117;1423;1436;9.75;0.60;167.44;3.63;714;5;450.00;13
710;5;5762824;710;120;1426;1436;9.78;0.60;167.51;3.65;716;5;451.00;10
711;5;5762833;711;128;1429;1436;9.78;0.60;167.66;3.66;718;5;452.00;7
714;5;5762846;714;132;1434;1440;9.78;0.60;167.83;3.68;720;5;453.00;6
716;5;5762856;716;139;1436;1441;9.79;0.60;167.98;3.67;720;5;454.00;5
718;5;5762865;718;141;1437;1441;9.84;0.60;168.36;3.68;719;5;455.00;4
721;5;5762874;721;138;1441;1445;9.89;0.60;168.70;3.67;720;5;456.00;4
725;5;5762884;725;144;1441;1445;9.88;0.60;168.98;3.67;716;5;457.00;4
729;5;5762893;729;144;1441;1445;9.89;0.60;168.87;3.67;712;5;458.00;4
730;5;5762902;730;153;1442;1446;9.88;0.60;168.97;3.67;712;5;459.00;4
732;5;5762912;732;156;1443;1446;9.76;0.60;169.01;3.69;711;5;460.00;3
735;5;5762925;735;155;1449;1452;9.78;0.60;169.30;3.68;714;5;461.00;3
738;5;5762935;738;157;1450;1452;9.69;0.59;169.09;3.69;712;5;462.00;2
741;5;5762944;741;162;1451;1453;9.57;0.58;169.38;3.69;710;5;463.00;2
744;5;5762953;744;163;1451;1453;9.48;0.58;169.59;3.69;707;5;464.00;2
745;5;5762962;745;167;1451;1453;9.43;0.58;169.50;3.69;706;5;465.00;2
746;5;5762970;746;171;1452;1453;9.37;0.57;169.41;3.70;706;5;466.00;1
749;5;5762979;749;177;1453;1453;9.33;0.57;169.68;3.70;704;5;467.00;0
749;5;5762987;749;185;1464;1465;9.30;0.57;169.68;3.67;715;5;468.00;1
749;5;5762996;749;194;1464;1465;9.26;0.57;169.68;3.67;715;5;469.00;1
750;5;5763005;750;200;1465;1465;9.23;0.57;169.86;3.67;715;5;470.00;0
751;5;5763012;751;200;1465;1465;9.15;0.56;169.78;3.67;714;5;471.00;0
753;5;5763020;753;210;1465;1465;9.13;0.56;169.94;3.67;712;5;472.00;0
755;5;5763028;755;210;1465;1465;9.13;0.56;169.89;3.67;710;5;473.00;0
756;5;5763036;756;214;1469;1469;9.09;0.56;169.81;3.66;713;5;474.00;0
757;5;5763044;757;220;1469;1469;9.10;0.56;169.74;3.66;712;5;475.00;0
757;5;5763052;757;227;1473;1473;9.18;0.56;169.74;3.66;716;5;476.00;0
759;5;5763060;759;229;1474;1474;9.13;0.56;169.72;3.65;715;5;477.00;0
760;5;5763068;760;235;1474;1474;9.05;0.56;169.65;3.65;714;5;478.00;0
764;5;5763075;764;235;1474;1474;8.95;0.55;169.19;3.65;710;5;479.00;0
765;5;5763084;765;239;1495;1500;8.90;0.55;169.30;3.60;730;5;480.00;5
766;5;5763094;766;232;1496;1500;8.86;0.55;169.15;3.60;730;5;481.00;4
769;5;5763103;769;232;1499;1500;8.92;0.55;169.60;3.60;730;5;482.00;1
774;5;5763110;774;237;1501;1501;8.88;0.55;169.83;3.59;727;5;483.00;0
775;5;5763118;775;243;1502;1502;8.81;0.54;169.76;3.59;727;5;484.00;0
778;5;5763126;778;240;1502;1502;8.72;0.54;169.76;3.59;724;5;485.00;0
778;5;5763133;778;242;1504;1505;8.67;0.53;169.76;3.59;726;5;486.00;1
781;5;5763141;781;248;1504;1505;8.64;0.53;169.72;3.59;723;5;487.00;1
785;5;5763148;785;248;1505;1505;8.57;0.52;169.46;3.59;720;5;488.00;0
785;5;5763155;785;249;1505;1505;8.55;0.52;169.46;3.59;720;5;489.00;0
789;5;5763163;789;250;1511;1511;8.51;0.52;169.63;3.58;722;5;490.00;0
791;5;5763172;791;249;1511;1511;8.35;0.51;169.38;3.58;720;5;491.00;0
796;5;5763180;796;251;1511;1511;8.15;0.50;168.96;3.58;715;5;492.00;0
800;5;5763188;800;253;1511;1511;7.95;0.48;169.13;3.58;711;5;493.00;0
800;5;5763195;800;258;1515;1515;7.76;0.47;169.13;3.57;715;5;494.00;0
802;5;5763202;802;253;1517;1517;7.72;0.47;169.08;3.56;715;5;495.00;0
804;5;5763210;804;245;1517;1517;7.67;0.47;169.33;3.56;713;5;496.00;0
808;5;5763217;808;246;1518;1518;7.54;0.46;169.79;3.56;710;5;497.00;0
810;5;5763225;810;243;1518;1518;7.56;0.46;169.52;3.56;708;5;498.00;0
814;5;5763232;814;245;1518;1518;7.57;0.46;170.33;3.56;704;5;499.00;0
816;5;5763243;816;246;1518;1518;7.58;0.46;170.43;3.56;702;5;500.00;0
817;5;5763257;817;251;1518;1518;7.64;0.47;170.50;3.56;701;5;501.00;0
818;5;5763265;818;247;1518;1518;7.68;0.47;170.87;3.56;700;5;502.00;0
823;5;5763273;823;246;1518;1518;7.64;0.47;171.10;3.56;695;5;503.00;0
825;5;5763281;825;252;1558;1588;7.89;0.48;170.96;3.47;733;5;504.00;30
829;5;5763294;829;246;1559;1589;7.82;0.48;171.45;3.47;730;5;505.00;30
830;5;5763303;830;245;1567;1589;7.73;0.47;171.27;3.46;737;5;506.00;22
833;5;5763311;833;248;1571;1589;7.58;0.46;171.74;3.46;738;5;507.00;18
836;5;5763319;836;242;1575;1589;7.48;0.46;172.44;3.46;739;5;508.00;14
837;5;5763328;837;237;1576;1589;7.39;0.45;172.38;3.46;739;5;509.00;13
840;5;5763338;840;231;1578;1589;7.33;0.45;173.00;3.47;738;5;510.00;11
841;5;5763347;841;234;1579;1589;7.29;0.45;173.31;3.47;738;5;511.00;10
843;5;5763356;843;241;1581;1590;7.21;0.44;173.64;3.48;738;5;512.00;9
847;5;5763365;847;244;1583;1591;7.18;0.44;173.66;3.48;736;5;513.00;8
848;5;5763373;848;244;1585;1591;7.18;0.44;173.55;3.49;737;5;514.00;6
850;5;5763388;850;245;1592;1595;7.20;0.44;173.21;3.49;742;5;515.00;3
853;5;5763399;853;243;1593;1595;7.29;0.44;173.41;3.50;740;5;516.00;2
855;6;5763408;855;243;1594;1595;7.31;0.45;173.90;3.50;739;6;517.00;1
858;6;5763432;858;244;1595;1595;7.36;0.45;174.16;3.51;737;6;518.00;0
859;6;5763441;859;246;1601;1601;7.48;0.46;174.54;3.50;742;6;519.00;0
862;6;5763456;862;243;1601;1601;7.51;0.46;175.09;3.50;739;6;520.00;0
867;6;5763465;867;245;1601;1601;7.48;0.46;175.32;3.50;734;6;521.00;0
869;6;5763474;869;246;1603;1604;7.59;0.46;175.72;3.49;734;6;522.00;1
871;6;5763485;871;245;1603;1604;7.62;0.46;175.90;3.49;732;6;523.00;1
877;6;5763494;877;245;1604;1604;7.53;0.46;176.54;3.49;727;6;524.00;0
878;6;5763503;878;250;1605;1605;7.45;0.45;176.78;3.49;727;6;525.00;0
879;6;5763512;879;248;1606;1606;7.46;0.46;177.07;3.49;727;6;526.00;0
880;6;5763521;880;251;1606;1606;7.40;0.45;177.14;3.49;726;6;527.00;0
882;6;5763529;882;250;1618;1619;7.45;0.45;177.35;3.46;736;6;528.00;1
884;6;5763539;884;250;1618;1619;7.39;0.45;177.51;3.46;734;6;529.00;1
889;6;5763547;889;248;1619;1619;7.36;0.45;177.89;3.46;730;6;530.00;0
891;6;5763557;891;252;1620;1620;7.39;0.45;177.79;3.46;729;6;531.00;0
894;6;5763566;894;250;1620;1620;7.38;0.45;178.17;3.46;726;6;532.00;0
896;6;5763575;896;247;1624;1624;7.47;0.45;178.19;3.45;728;6;533.00;0
896;6;5763584;896;248;1624;1624;7.54;0.46;178.19;3.45;728;6;534.00;0
900;6;5763592;900;246;1628;1628;7.62;0.46;178.39;3.45;728;6;535.00;0
903;6;5763601;903;244;1628;1628;7.61;0.46;178.58;3.45;725;6;536.00;0
904;6;5763609;904;247;1628;1628;7.54;0.46;178.42;3.45;724;6;537.00;0
906;6;5763618;906;249;1628;1628;7.48;0.46;178.72;3.45;722;6;538.00;0
908;6;5763626;908;255;1628;1628;7.43;0.45;178.85;3.45;720;6;539.00;0
912;6;5763636;912;259;1658;1662;7.54;0.46;179.23;3.38;746;6;540.00;4
916;6;5763648;916;268;1658;1662;7.46;0.46;179.55;3.38;742;6;541.00;4
918;6;5763657;918;260;1661;1662;7.56;0.46;179.74;3.38;743;6;542.00;1
920;6;5763666;920;255;1661;1662;7.57;0.46;179.74;3.38;741;6;543.00;1
921;6;5763674;921;252;1662;1662;7.63;0.47;179.74;3.38;741;6;544.00;0
923;6;5763683;923;244;1662;1662;7.69;0.47;180.06;3.38;739;6;545.00;0
925;6;5763691;925;242;1663;1663;7.72;0.47;180.15;3.38;738;6;546.00;0
930;6;5763701;930;234;1663;1663;7.65;0.47;180.64;3.38;733;6;547.00;0
931;6;5763709;931;237;1669;1669;7.67;0.47;180.63;3.37;738;6;548.00;0
933;6;5763719;933;236;1670;1670;7.68;0.47;180.73;3.37;737;6;549.00;0
935;6;5763728;935;240;1670;1670;7.64;0.47;180.93;3.37;735;6;550.00;0
938;6;5763742;938;230;1670;1670;7.60;0.46;180.93;3.37;732;6;551.00;0
939;6;5763752;939;222;1674;1674;7.59;0.46;181.31;3.36;735;6;552.00;0
943;6;5763762;943;220;1674;1674;7.58;0.46;181.98;3.36;731;6;553.00;0
946;6;5763773;946;213;1674;1674;7.61;0.46;182.36;3.36;728;6;554.00;0
948;6;5763783;948;209;1675;1675;7.71;0.47;182.73;3.36;727;6;555.00;0
951;6;5763793;951;207;1679;1679;7.73;0.47;183.29;3.36;728;6;556.00;0
953;6;5763804;953;205;1679;1679;7.85;0.48;183.73;3.36;726;6;557.00;0
954;6;5763814;954;201;1681;1682;7.98;0.49;183.94;3.35;727;6;558.00;1
957;6;5763824;957;198;1681;1682;8.08;0.49;184.19;3.35;724;6;559.00;1
957;6;5763841;957;197;1682;1682;8.21;0.50;184.19;3.35;725;6;560.00;0
960;6;5763851;960;203;1682;1682;8.31;0.51;184.49;3.35;722;6;561.00;0
961;6;5763861;961;203;1686;1686;8.45;0.51;184.46;3.35;725;6;562.00;0
963;6;5763872;963;202;1686;1686;8.52;0.52;184.40;3.35;723;6;563.00;0
966;6;5763888;966;193;1686;1686;8.57;0.52;184.93;3.35;720;6;564.00;0
969;6;5763899;969;194;1686;1686;8.75;0.53;185.11;3.35;717;6;565.00;0
970;6;5763909;970;190;1687;1687;8.89;0.54;185.19;3.34;717;6;566.00;0
973;6;5763919;973;188;1688;1688;9.01;0.55;185.30;3.34;715;6;567.00;0
976;6;5763930;976;189;1688;1688;9.07;0.55;185.88;3.34;712;6;568.00;0
977;6;5763940;977;190;1689;1689;9.15;0.56;186.12;3.34;712;6;569.00;0
980;6;5763951;980;188;1689;1689;9.23;0.56;186.51;3.34;709;6;570.00;0
984;6;5763961;984;188;1689;1689;9.25;0.56;186.66;3.34;705;6;571.00;0
986;6;5763972;986;187;1689;1689;9.20;0.56;186.97;3.34;703;6;572.00;0
989;6;5763987;989;192;1689;1689;9.18;0.56;187.37;3.34;700;6;573.00;0
992;7;5763996;992;189;1689;1689;9.21;0.56;187.88;3.34;697;7;574.00;0
994;7;5764017;994;189;1689;1689;9.19;0.56;187.90;3.34;695;7;575.00;0
997;7;5764027;997;219;1770;1816;8.86;0.55;188.27;3.19;773;7;576.00;46
997;7;5764047;997;206;1771;1817;8.89;0.55;188.27;3.19;774;7;577.00;46
999;7;5764057;999;200;1776;1817;8.99;0.56;188.71;3.18;777;7;578.00;41
1002;7;5764066;1002;201;1776;1817;8.97;0.55;188.75;3.18;774;7;579.00;41
1004;7;5764076;1004;207;1781;1817;9.03;0.56;189.05;3.19;777;7;580.00;36
1008;7;5764085;1008;208;1783;1817;9.05;0.56;189.47;3.19;775;7;581.00;34
1010;7;5764094;1010;211;1787;1817;9.07;0.56;189.92;3.20;777;7;582.00;30
1014;7;5764104;1014;216;1789;1817;9.09;0.56;189.87;3.20;775;7;583.00;28
1016;7;5764114;1016;217;1792;1818;9.14;0.56;190.22;3.21;776;7;584.00;26
1018;7;5764125;1018;215;1796;1820;9.17;0.56;190.49;3.22;778;7;585.00;24
1020;7;5764137;1020;210;1798;1820;9.21;0.56;190.97;3.22;778;7;586.00;22
1023;7;5764148;1023;210;1801;1821;9.21;0.56;191.05;3.23;778;7;587.00;20
1023;7;5764161;1023;209;1806;1821;9.22;0.56;191.05;3.25;783;7;588.00;15
1024;7;5764173;1024;202;1807;1821;9.26;0.57;191.01;3.26;783;7;589.00;14
1026;7;5764207;1026;202;1811;1821;9.28;0.57;191.25;3.28;785;7;590.00;10
1029;7;5764223;1029;198;1814;1825;9.31;0.57;191.61;3.29;785;7;591.00;11
1033;7;5764236;1033;193;1816;1825;9.34;0.57;192.47;3.29;783;7;592.00;9
1035;7;5764247;1035;192;1817;1825;9.38;0.57;192.75;3.30;782;7;593.00;8
1039;7;5764260;1039;192;1820;1828;9.35;0.57;193.24;3.31;781;7;594.00;8
1040;7;5764278;1040;193;1820;1828;9.37;0.57;193.50;3.31;780;7;595.00;8
1043;7;5764291;1043;193;1821;1828;9.32;0.57;193.70;3.32;778;7;596.00;7
1047;7;5764302;1047;186;1824;1832;9.20;0.56;194.10;3.32;777;7;597.00;8
1051;7;5764314;1051;192;1828;1833;9.17;0.56;194.09;3.33;777;7;598.00;5
1054;7;5764326;1054;188;1830;1833;9.11;0.56;194.36;3.34;776;7;599.00;3
1059;8;5764346;1059;196;1842;1859;8.99;0.55;194.77;3.32;783;8;600.00;17
1061;8;5764378;1061;188;1844;1859;8.99;0.55;195.01;3.32;783;8;601.00;15
1064;8;5764394;1064;190;1845;1859;8.92;0.55;195.09;3.32;781;8;602.00;14
1069;8;5764404;1069;187;1846;1860;8.86;0.54;196.01;3.32;777;8;603.00;14
1071;8;5764413;1071;181;1846;1860;8.87;0.54;196.03;3.32;775;8;604.00;14
1073;8;5764422;1073;191;1851;1866;8.83;0.54;196.51;3.31;778;8;605.00;15
1079;8;5764431;1079;191;1852;1866;8.68;0.53;197.43;3.32;773;8;606.00;14
1082;8;5764441;1082;198;1855;1867;8.51;0.52;197.60;3.32;773;8;607.00;12
1085;8;5764451;1085;198;1856;1867;8.43;0.51;198.21;3.32;771;8;608.00;11
1087;8;5764459;1087;209;1856;1867;8.33;0.51;198.12;3.32;769;8;609.00;11
1092;8;5764468;1092;213;1857;1867;8.18;0.50;198.76;3.32;765;8;610.00;10
1095;8;5764478;1095;215;1859;1867;8.14;0.49;199.14;3.35;764;8;611.00;8
1096;8;5764487;1096;219;1868;1879;8.15;0.49;199.37;3.33;772;8;612.00;11
1097;8;5764503;1097;223;1873;1879;8.09;0.49;199.48;3.34;776;8;613.00;6
1098;8;5764513;1098;221;1873;1879;8.12;0.49;199.52;3.34;775;8;614.00;6
1098;8;5764522;1098;231;1873;1879;8.16;0.49;199.52;3.34;775;8;615.00;6
1098;8;5764531;1098;232;1874;1879;8.13;0.49;199.52;3.35;776;8;616.00;5
1099;8;5764539;1099;237;1874;1879;8.09;0.49;199.40;3.35;775;8;617.00;5
1101;8;5764548;1101;238;1878;1883;8.06;0.49;199.25;3.36;777;8;618.00;5
1101;8;5764558;1101;242;1878;1883;8.02;0.49;199.25;3.36;777;8;619.00;5
1102;8;5764566;1102;244;1882;1887;8.11;0.49;199.22;3.35;780;8;620.00;5
1103;8;5764576;1103;253;1883;1888;8.15;0.50;199.26;3.35;780;8;621.00;5
1109;8;5764585;1109;254;1884;1888;8.09;0.49;198.96;3.36;775;8;622.00;4
1110;8;5764594;1110;256;1885;1888;8.09;0.49;198.80;3.37;775;8;623.00;3
1112;8;5764602;1112;265;1894;1901;8.10;0.49;198.78;3.35;782;8;624.00;7
1113;8;5764612;1113;268;1897;1901;8.05;0.49;198.61;3.35;784;8;625.00;4
1115;8;5764620;1115;270;1897;1901;8.03;0.49;198.47;3.35;782;8;626.00;4
1115;8;5764631;1115;274;1898;1902;8.00;0.49;198.47;3.35;783;8;627.00;4
1116;8;5764641;1116;285;1902;1903;7.97;0.49;198.40;3.37;786;8;628.00;1
1118;8;5764650;1118;286;1902;1903;7.98;0.49;198.24;3.37;784;8;629.00;1
1119;8;5764659;1119;292;1907;1909;7.97;0.49;198.15;3.36;788;8;630.00;2
1120;8;5764668;1120;295;1907;1909;7.98;0.49;198.09;3.36;787;8;631.00;2
1121;8;5764676;1121;299;1909;1909;7.94;0.49;198.02;3.36;788;8;632.00;0
1124;8;5764684;1124;305;1909;1909;7.86;0.48;197.82;3.36;785;8;633.00;0
1127;8;5764693;1127;305;1914;1915;7.88;0.48;197.68;3.36;787;8;634.00;1
1129;8;5764702;1129;307;1914;1915;7.74;0.48;197.57;3.36;785;8;635.00;1
1132;8;5764711;1132;311;1915;1915;7.65;0.47;197.35;3.36;783;8;636.00;0
1135;8;5764719;1135;316;1915;1915;7.59;0.47;197.37;3.36;780;8;637.00;0
1135;8;5764727;1135;319;1919;1919;7.56;0.46;197.37;3.35;784;8;638.00;0
1135;8;5764736;1135;322;1920;1920;7.53;0.46;197.37;3.35;785;8;639.00;0
1138;8;5764745;1138;324;1920;1920;7.46;0.46;197.13;3.35;782;8;640.00;0
1140;8;5764753;1140;326;1921;1921;7.44;0.46;197.02;3.35;781;8;641.00;0
1142;8;5764761;1142;331;1921;1921;7.39;0.45;196.75;3.35;779;8;642.00;0
1144;8;5764768;1144;339;1921;1921;7.30;0.45;196.77;3.35;777;8;643.00;0
1144;8;5764776;1144;335;1921;1921;7.23;0.45;196.77;3.35;777;8;644.00;0
1148;8;5764783;1148;333;1921;1921;7.14;0.44;196.86;3.35;773;8;645.00;0
1148;8;5764790;1148;328;1921;1921;7.06;0.43;196.86;3.35;773;8;646.00;0
1151;8;5764798;1151;327;1921;1921;6.97;0.43;196.92;3.35;770;8;647.00;0
1152;8;5764805;1152;330;1962;1991;7.21;0.44;196.84;3.28;810;8;648.00;29
1156;8;5764818;1156;328;1965;1992;7.10;0.44;196.58;3.28;809;8;649.00;27
1157;8;5764828;1157;324;1974;1992;7.08;0.43;196.58;3.27;817;8;650.00;18
1159;8;5764835;1159;321;1978;1992;7.03;0.43;196.43;3.27;819;8;651.00;14
1162;8;5764843;1162;322;1982;1992;6.94;0.42;196.45;3.27;820;8;652.00;10
1162;8;5764850;1162;321;1983;1992;6.81;0.42;196.45;3.27;821;8;653.00;9
1164;8;5764858;1164;324;1986;1992;6.70;0.41;196.52;3.28;822;8;654.00;6
1164;8;5764865;1164;315;1989;1992;6.66;0.41;196.52;3.28;825;8;655.00;3
1166;8;5764872;1166;307;1991;1993;6.61;0.40;196.49;3.29;825;8;656.00;2
1169;8;5764880;1169;298;1993;1994;6.54;0.40;196.79;3.29;824;8;657.00;1
1172;8;5764888;1172;295;1994;1994;6.45;0.39;196.79;3.29;822;8;658.00;0
1178;8;5764896;1178;299;1998;1998;6.31;0.38;197.15;3.28;820;8;659.00;0
1180;8;5764906;1180;283;1998;1998;6.32;0.39;197.25;3.28;818;8;660.00;0
1182;8;5764914;1182;279;1998;1998;6.30;0.39;197.54;3.28;816;8;661.00;0
1183;8;5764928;1183;274;1998;1998;6.36;0.39;197.50;3.28;815;8;662.00;0
1187;8;5764935;1187;271;2004;2004;6.45;0.40;198.11;3.28;817;8;663.00;0
1188;8;5764945;1188;270;2004;2004;6.56;0.40;198.14;3.28;816;8;664.00;0
1192;8;5764954;1192;275;2004;2004;6.57;0.40;198.55;3.28;812;8;665.00;0
1197;8;5764963;1197;275;2007;2007;6.66;0.41;198.66;3.27;810;8;666.00;0
1198;8;5764972;1198;267;2007;2007;6.77;0.41;198.81;3.27;809;8;667.00;0
1201;8;5764981;1201;257;2007;2007;6.84;0.42;199.01;3.27;806;8;668.00;0
1202;8;5764990;1202;242;2008;2008;6.89;0.42;199.12;3.27;806;8;669.00;0
1204;8;5764998;1204;237;2009;2009;6.94;0.42;199.17;3.27;805;8;670.00;0
1205;8;5765007;1205;236;2009;2009;7.02;0.43;199.16;3.27;804;8;671.00;0
1209;8;5765016;1209;236;2022;2022;7.12;0.43;199.11;3.25;813;8;672.00;0
1210;8;5765025;1210;238;2022;2022;7.27;0.44;199.21;3.25;812;8;673.00;0
1213;8;5765035;1213;234;2022;2022;7.36;0.45;199.31;3.25;809;8;674.00;0
1215;8;5765044;1215;238;2024;2024;7.46;0.45;199.34;3.24;809;8;675.00;0
1220;8;5765053;1220;236;2024;2024;7.57;0.46;199.23;3.24;804;8;676.00;0
1224;8;5765061;1224;230;2028;2028;7.69;0.47;199.19;3.24;804;8;677.00;0
1231;8;5765071;1231;237;2028;2028;7.75;0.47;199.81;3.24;797;8;678.00;0
1233;8;5765081;1233;243;2032;2032;7.86;0.48;199.74;3.24;799;8;679.00;0
1238;8;5765090;1238;239;2032;2032;7.90;0.48;200.23;3.24;794;8;680.00;0
1244;8;5765099;1244;240;2032;2032;7.90;0.48;200.72;3.24;788;8;681.00;0
1247;8;5765109;1247;242;2032;2032;8.00;0.48;201.01;3.24;785;8;682.00;0
1252;8;5765118;1252;240;2032;2032;7.95;0.48;201.45;3.24;780;8;683.00;0
1255;8;5765128;1255;237;2043;2044;8.01;0.49;202.21;3.22;788;8;684.00;1
1257;8;5765138;1257;238;2044;2044;8.12;0.49;202.22;3.22;787;8;685.00;0
1261;8;5765148;1261;235;2044;2044;8.12;0.49;203.09;3.22;783;8;686.00;0
1265;8;5765158;1265;236;2044;2044;8.19;0.50;203.29;3.22;779;8;687.00;0
1270;8;5765167;1270;235;2044;2044;8.14;0.50;203.78;3.22;774;8;688.00;0
1273;8;5765177;1273;231;2044;2044;8.13;0.50;204.21;3.22;771;8;689.00;0
1280;8;5765188;1280;233;2045;2045;8.08;0.49;204.52;3.22;765;8;690.00;0
1285;8;5765198;1285;230;2045;2045;8.09;0.49;204.64;3.22;760;8;691.00;0
1288;8;5765207;1288;232;2051;2051;8.13;0.50;204.84;3.21;763;8;692.00;0
1291;8;5765218;1291;230;2052;2052;8.22;0.50;205.10;3.21;761;8;693.00;0
1294;8;5765227;1294;231;2052;2052;8.32;0.51;205.54;3.21;758;8;694.00;0
1295;8;5765236;1295;231;2052;2052;8.44;0.51;205.57;3.21;757;8;695.00;0
1302;8;5765245;1302;234;2056;2056;8.41;0.51;206.14;3.20;754;8;696.00;0
1306;8;5765255;1306;231;2056;2056;8.46;0.52;206.61;3.20;750;8;697.00;0
1308;8;5765264;1308;231;2056;2056;8.47;0.52;206.71;3.20;748;8;698.00;0
1312;8;5765273;1312;225;2057;2057;8.42;0.51;206.81;3.20;745;8;699.00;0
1316;8;5765283;1316;224;2061;2061;8.39;0.51;207.10;3.20;745;8;700.00;0
1320;8;5765297;1320;227;2061;2061;8.28;0.50;207.64;3.20;741;8;701.00;0
1324;8;5765312;1324;223;2063;2064;8.17;0.50;207.81;3.19;739;8;702.00;1
1326;8;5765321;1326;223;2063;2064;8.16;0.50;208.03;3.19;737;8;703.00;1
1327;8;5765330;1327;222;2064;2064;8.17;0.50;208.08;3.19;737;8;704.00;0
1329;8;5765339;1329;224;2064;2064;8.17;0.50;208.29;3.19;735;8;705.00;0
1333;8;5765348;1333;228;2068;2068;8.21;0.50;208.65;3.19;735;8;706.00;0
1337;8;5765357;1337;219;2068;2068;8.26;0.50;208.97;3.19;731;8;707.00;0
1338;8;5765367;1338;213;2068;2068;8.33;0.51;209.07;3.19;730;8;708.00;0
1342;8;5765376;1342;211;2068;2068;8.38;0.51;209.23;3.19;726;8;709.00;0
1344;8;5765385;1344;210;2069;2069;8.50;0.52;209.26;3.19;725;8;710.00;0
1350;8;5765395;1350;207;2070;2070;8.51;0.52;209.49;3.19;720;8;711.00;0
1352;8;5765404;1352;208;2070;2070;8.56;0.52;209.57;3.19;718;8;712.00;0
1355;8;5765413;1355;207;2071;2071;8.61;0.52;209.75;3.18;716;8;713.00;0
1356;8;5765422;1356;206;2071;2071;8.69;0.53;209.65;3.18;715;8;714.00;0
1359;8;5765432;1359;208;2071;2071;8.76;0.53;209.78;3.18;712;8;715.00;0
1362;8;5765447;1362;198;2071;2071;8.80;0.53;210.07;3.18;709;8;716.00;0
1364;8;5765456;1364;190;2071;2071;8.83;0.53;210.38;3.18;707;8;717.00;0
1367;8;5765466;1367;184;2071;2071;8.83;0.53;210.87;3.18;704;8;718.00;0
1368;8;5765475;1368;178;2071;2071;8.83;0.54;211.05;3.18;703;8;719.00;0
1369;8;5765485;1369;230;2195;2301;8.60;0.54;211.15;3.01;826;8;720.00;106
1373;8;5765512;1373;223;2202;2302;8.59;0.54;211.32;3.00;829;8;721.00;100
1373;8;5765523;1373;207;2211;2302;8.64;0.54;211.32;3.00;838;8;722.00;91
1376;8;5765532;1376;210;2219;2302;8.60;0.54;211.58;3.00;843;8;723.00;83
1377;8;5765542;1377;210;2226;2302;8.58;0.54;211.68;3.00;849;8;724.00;76
1378;8;5765553;1378;206;2230;2302;8.51;0.53;211.79;3.00;852;8;725.00;72
1381;8;5765563;1381;213;2237;2302;8.48;0.53;211.99;3.01;856;8;726.00;65
1382;8;5765573;1382;214;2244;2302;8.45;0.52;212.14;3.02;862;8;727.00;58
1386;8;5765583;1386;210;2249;2303;8.36;0.52;212.26;3.04;863;8;728.00;54
1386;8;5765593;1386;215;2253;2304;8.33;0.52;212.26;3.05;867;8;729.00;51
1389;8;5765603;1389;215;2259;2304;8.27;0.51;212.48;3.06;870;8;730.00;45
1392;8;5765613;1392;221;2261;2305;8.16;0.51;212.95;3.07;869;8;731.00;44
1395;8;5765623;1395;225;2268;2305;8.03;0.50;213.19;3.09;873;8;732.00;37
1400;8;5765633;1400;230;2269;2305;7.91;0.49;213.30;3.10;869;8;733.00;36
1404;8;5765648;1404;238;2269;2305;7.80;0.48;213.46;3.10;865;8;734.00;36
1407;8;5765658;1407;240;2272;2309;7.76;0.48;213.74;3.10;865;8;735.00;37
1409;8;5765668;1409;248;2275;2309;7.79;0.48;213.76;3.12;866;8;736.00;34
1410;8;5765678;1410;253;2277;2309;7.82;0.48;213.87;3.13;867;8;737.00;32
1411;8;5765688;1411;257;2281;2312;7.82;0.48;213.93;3.16;870;8;738.00;31
1413;8;5765698;1413;264;2281;2312;7.85;0.48;214.06;3.16;868;8;739.00;31
1417;8;5765708;1417;272;2281;2312;7.83;0.48;214.31;3.16;864;8;740.00;31
1419;8;5765717;1419;273;2288;2316;7.83;0.48;214.19;3.18;869;8;741.00;28
1421;8;5765727;1421;272;2288;2317;7.78;0.48;214.26;3.18;867;8;742.00;29
1422;8;5765737;1422;278;2290;2317;7.70;0.47;214.33;3.19;868;8;743.00;27
1424;8;5765747;1424;281;2294;2321;7.70;0.47;214.32;3.19;870;8;744.00;27
1428;8;5765757;1428;287;2296;2321;7.71;0.47;214.32;3.21;868;8;745.00;25
1428;8;5765767;1428;286;2299;2321;7.79;0.48;214.32;3.21;871;8;746.00;22
1429;9;5765782;1429;294;2301;2322;7.81;0.48;214.48;3.23;872;9;747.00;21
1430;9;5765801;1430;294;2302;2322;7.81;0.48;214.47;3.24;872;9;748.00;20
1430;9;5765810;1430;295;2308;2328;7.82;0.48;214.47;3.24;878;9;749.00;20
1431;9;5765822;1431;293;2308;2328;7.80;0.48;214.47;3.24;877;9;750.00;20
1433;9;5765832;1433;299;2310;2329;7.78;0.48;214.49;3.25;877;9;751.00;19
1434;9;5765842;1434;300;2312;2329;7.70;0.47;214.48;3.27;878;9;752.00;17
1435;9;5765851;1435;302;2312;2329;7.64;0.47;214.35;3.27;877;9;753.00;17
1438;9;5765860;1438;296;2312;2329;7.63;0.46;214.46;3.27;874;9;754.00;17
1440;9;5765870;1440;297;2314;2329;7.58;0.46;214.58;3.29;874;9;755.00;15
1442;9;5765879;1442;299;2325;2341;7.59;0.46;214.66;3.28;883;9;756.00;16
1444;9;5765889;1444;294;2326;2341;7.59;0.46;214.57;3.29;882;9;757.00;15
1445;9;5765899;1445;288;2327;2341;7.61;0.47;214.55;3.29;882;9;758.00;14
1446;9;5765908;1446;283;2328;2341;7.65;0.47;214.56;3.29;882;9;759.00;13
1446;9;5765917;1446;278;2329;2341;7.65;0.47;214.56;3.31;883;9;760.00;12
1447;9;5765926;1447;270;2330;2341;7.69;0.47;214.83;3.31;883;9;761.00;11
1449;9;5765935;1449;267;2334;2345;7.64;0.47;214.78;3.31;885;9;762.00;11
1451;9;5765945;1451;267;2334;2345;7.61;0.46;214.76;3.31;883;9;763.00;11
1451;9;5765954;1451;270;2338;2349;7.66;0.47;214.76;3.30;887;9;764.00;11
1455;9;5765963;1455;273;2340;2351;7.62;0.46;214.98;3.30;885;9;765.00;11
1457;9;5765972;1457;275;2340;2351;7.64;0.46;215.04;3.30;883;9;766.00;11
1459;9;5765982;1459;287;2340;2351;7.62;0.46;215.24;3.30;881;9;767.00;11
1462;9;5765991;1462;288;2350;2364;7.54;0.46;215.47;3.28;888;9;768.00;14
1464;9;5766001;1464;295;2350;2364;7.54;0.46;215.66;3.28;886;9;769.00;14
1467;9;5766011;1467;301;2351;2364;7.49;0.46;215.39;3.28;884;9;770.00;13
1467;9;5766020;1467;307;2352;2365;7.49;0.46;215.39;3.28;885;9;771.00;13
1468;9;5766029;1468;305;2354;2366;7.45;0.45;215.26;3.30;886;9;772.00;12
1472;9;5766038;1472;307;2354;2366;7.38;0.45;215.18;3.30;882;9;773.00;12
1472;9;5766048;1472;313;2357;2369;7.35;0.45;215.18;3.32;885;9;774.00;12
1474;9;5766058;1474;322;2359;2369;7.34;0.45;215.17;3.34;885;9;775.00;10
1476;9;5766067;1476;324;2359;2369;7.33;0.45;215.27;3.34;883;9;776.00;10
1478;9;5766076;1478;330;2360;2369;7.34;0.45;215.32;3.36;882;9;777.00;9
1478;9;5766085;1478;330;2367;2375;7.37;0.45;215.32;3.41;889;9;778.00;8
1478;9;5766095;1478;336;2368;2375;7.32;0.45;215.32;3.43;890;9;779.00;7
1478;9;5766106;1478;338;2368;2375;7.32;0.45;215.32;3.43;890;9;780.00;7
1481;9;5766117;1481;343;2369;2375;7.26;0.44;215.28;3.45;888;9;781.00;6
1487;9;5766125;1487;344;2373;2379;7.15;0.44;214.84;3.48;886;9;782.00;6
1488;9;5766136;1488;347;2375;2380;7.12;0.43;214.92;3.50;887;9;783.00;5
1491;9;5766145;1491;349;2376;2380;7.08;0.43;214.75;3.52;885;9;784.00;4
1492;9;5766155;1492;351;2379;2381;7.08;0.43;214.77;3.53;887;9;785.00;2
1493;9;5766164;1493;351;2379;2381;7.11;0.43;214.86;3.53;886;9;786.00;2
1494;9;5766173;1494;352;2379;2381;7.14;0.44;214.81;3.53;885;9;787.00;2
1498;9;5766182;1498;356;2379;2381;7.09;0.43;214.71;3.53;881;9;788.00;2
1499;9;5766191;1499;359;2380;2381;7.08;0.43;214.70;3.54;881;9;789.00;1
1500;9;5766199;1500;363;2380;2381;6.99;0.43;214.70;3.54;880;9;790.00;1
1501;9;5766209;1501;365;2380;2381;6.92;0.42;214.68;3.54;879;9;791.00;1
1504;9;5766217;1504;373;2421;2451;7.01;0.43;214.58;3.48;917;9;792.00;30
1506;9;5766232;1506;374;2423;2452;6.96;0.43;214.39;3.48;917;9;793.00;29
1509;9;5766242;1509;379;2433;2452;6.96;0.43;214.31;3.47;924;9;794.00;19
1511;9;5766251;1511;380;2435;2452;6.95;0.43;214.18;3.47;924;9;795.00;17
1511;9;5766260;1511;381;2439;2452;6.90;0.42;214.18;3.48;928;9;796.00;13
1512;9;5766269;1512;389;2440;2452;6.82;0.42;214.27;3.48;928;9;797.00;12
1512;9;5766278;1512;386;2444;2452;6.74;0.41;214.27;3.48;932;9;798.00;8
1513;9;5766287;1513;391;2446;2452;6.71;0.41;214.30;3.48;933;9;799.00;6
1515;9;5766296;1515;402;2448;2453;6.62;0.41;214.19;3.49;933;9;800.00;5
1517;9;5766309;1517;405;2450;2454;6.51;0.40;214.02;3.49;933;9;801.00;4
1519;9;5766318;1519;395;2452;2454;6.45;0.40;213.93;3.50;933;9;802.00;2
1519;9;5766327;1519;391;2458;2458;6.38;0.39;213.93;3.49;939;9;803.00;0
1523;9;5766336;1523;392;2458;2458;6.30;0.39;213.59;3.49;935;9;804.00;0
1525;9;5766345;1525;390;2458;2458;6.27;0.38;213.55;3.49;933;9;805.00;0
1527;9;5766354;1527;389;2458;2458;6.24;0.38;213.51;3.49;931;9;806.00;0
1528;9;5766363;1528;390;2464;2464;6.25;0.38;213.54;3.49;936;9;807.00;0
1530;10;5766373;1530;388;2464;2464;6.26;0.38;213.56;3.49;934;10;808.00;0
1530;10;5766395;1530;383;2464;2464;6.28;0.39;213.56;3.49;934;10;809.00;0
1531;10;5766406;1531;380;2469;2470;6.31;0.39;213.53;3.48;938;10;810.00;1
1532;10;5766416;1532;377;2469;2470;6.36;0.39;213.54;3.48;937;10;811.00;1
1534;10;5766426;1534;378;2470;2470;6.35;0.39;213.52;3.48;936;10;812.00;0
1534;10;5766436;1534;377;2471;2471;6.36;0.39;213.52;3.48;937;10;813.00;0
1536;10;5766446;1536;372;2472;2472;6.36;0.39;213.36;3.48;936;10;814.00;0
1539;10;5766455;1539;364;2472;2472;6.31;0.38;213.31;3.48;933;10;815.00;0
1540;11;5766465;1540;373;2485;2485;6.30;0.38;213.18;3.46;945;11;816.00;0
1541;11;5766486;1541;364;2485;2485;6.32;0.39;213.06;3.46;944;11;817.00;0
1541;11;5766495;1541;366;2485;2485;6.36;0.39;213.06;3.46;944;11;818.00;0
1545;11;5766510;1545;367;2486;2486;6.34;0.39;213.02;3.46;941;11;819.00;0
1546;11;5766519;1546;368;2486;2486;6.31;0.38;212.94;3.46;940;11;820.00;0
1549;11;5766529;1549;361;2490;2490;6.35;0.39;212.71;3.45;941;11;821.00;0
1552;11;5766538;1552;352;2490;2490;6.30;0.38;212.82;3.45;938;11;822.00;0
1556;11;5766551;1556;354;2494;2494;6.27;0.38;213.03;3.45;938;11;823.00;0
1560;11;5766561;1560;349;2494;2494;6.16;0.37;213.31;3.45;934;11;824.00;0
1562;11;5766570;1562;334;2494;2494;6.10;0.37;213.35;3.45;932;11;825.00;0
1566;11;5766579;1566;335;2494;2494;6.03;0.37;213.32;3.45;928;11;826.00;0
1569;11;5766588;1569;323;2494;2494;6.04;0.37;213.47;3.45;925;11;827.00;0
1571;11;5766597;1571;320;2506;2506;6.07;0.37;213.73;3.43;935;11;828.00;0
1574;11;5766608;1574;319;2506;2506;6.16;0.38;214.01;3.43;932;11;829.00;0
1576;11;5766617;1576;315;2506;2506;6.25;0.38;214.40;3.43;930;11;830.00;0
1581;11;5766626;1581;309;2506;2506;6.32;0.39;215.11;3.43;925;11;831.00;0
1582;11;5766636;1582;299;2506;2506;6.43;0.39;215.17;3.43;924;11;832.00;0
1586;11;5766645;1586;291;2506;2506;6.50;0.40;215.55;3.43;920;11;833.00;0
1590;11;5766655;1590;286;2507;2507;6.55;0.40;215.67;3.43;917;11;834.00;0
1593;11;5766664;1593;286;2507;2507;6.59;0.40;215.76;3.43;914;11;835.00;0
1595;11;5766674;1595;277;2513;2513;6.69;0.41;216.04;3.43;918;11;836.00;0
1598;11;5766684;1598;267;2514;2514;6.72;0.41;216.14;3.42;916;11;837.00;0
1604;11;5766700;1604;265;2514;2514;6.72;0.41;216.29;3.42;910;11;838.00;0
1608;11;5766710;1608;266;2514;2514;6.73;0.41;216.69;3.42;906;11;839.00;0
1614;11;5766722;1614;261;2519;2519;6.73;0.41;216.88;3.42;905;11;840.00;0
1621;11;5766733;1621;261;2519;2519;6.75;0.41;217.12;3.42;898;11;841.00;0
1625;11;5766744;1625;255;2519;2519;6.74;0.41;217.85;3.42;894;11;842.00;0
1627;11;5766753;1627;252;2520;2520;6.77;0.41;217.91;3.42;893;11;843.00;0
1631;11;5766769;1631;249;2524;2524;6.86;0.42;218.34;3.41;893;11;844.00;0
1635;11;5766780;1635;251;2524;2524;6.95;0.42;218.79;3.41;889;11;845.00;0
1638;11;5766791;1638;248;2526;2527;7.06;0.43;218.61;3.41;888;11;846.00;1
1642;11;5766801;1642;253;2526;2527;7.18;0.44;219.16;3.41;884;11;847.00;1
1648;11;5766811;1648;252;2527;2527;7.23;0.44;219.65;3.41;879;11;848.00;0
1648;11;5766822;1648;253;2527;2527;7.30;0.44;219.65;3.41;879;11;849.00;0
1657;11;5766831;1657;251;2531;2531;7.25;0.44;220.21;3.41;874;11;850.00;0
1661;11;5766842;1661;254;2531;2531;7.30;0.44;220.37;3.41;870;11;851.00;0
1665;11;5766852;1665;252;2531;2531;7.34;0.44;220.63;3.41;866;11;852.00;0
1668;11;5766862;1668;251;2531;2531;7.38;0.45;220.93;3.41;863;11;853.00;0
1670;11;5766872;1670;249;2532;2532;7.39;0.45;220.99;3.40;862;11;854.00;0
1675;11;5766882;1675;246;2534;2534;7.46;0.45;220.96;3.40;859;11;855.00;0
1677;11;5766892;1677;242;2534;2534;7.47;0.45;221.24;3.40;857;11;856.00;0
1681;11;5766904;1681;238;2535;2535;7.53;0.46;222.11;3.40;854;11;857.00;0
1687;11;5766915;1687;240;2535;2535;7.48;0.45;222.18;3.40;848;11;858.00;0
1689;11;5766925;1689;236;2535;2535;7.49;0.46;222.53;3.40;846;11;859.00;0
1696;11;5766935;1696;235;2535;2535;7.48;0.45;222.83;3.40;839;11;860.00;0
1701;11;5766945;1701;243;2535;2535;7.52;0.46;222.93;3.40;834;11;861.00;0
1702;11;5766956;1702;248;2535;2535;7.52;0.46;223.12;3.40;833;11;862.00;0
1705;11;5766965;1705;252;2535;2535;7.49;0.46;223.46;3.40;830;11;863.00;0
1706;11;5766975;1706;268;2611;2662;7.70;0.48;223.64;3.30;905;11;864.00;51
1708;11;5766994;1708;263;2617;2663;7.67;0.47;223.79;3.30;909;11;865.00;46
1714;11;5767005;1714;263;2624;2663;7.57;0.47;224.16;3.29;910;11;866.00;39
1717;11;5767016;1717;270;2626;2663;7.50;0.46;224.26;3.29;909;11;867.00;37
1719;11;5767027;1719;270;2630;2663;7.50;0.46;224.55;3.30;911;11;868.00;33
1721;11;5767038;1721;275;2631;2663;7.49;0.46;224.74;3.30;910;11;869.00;32
1723;11;5767050;1723;278;2633;2663;7.42;0.46;224.76;3.30;910;11;870.00;30
1726;11;5767061;1726;286;2635;2663;7.36;0.45;224.99;3.30;909;11;871.00;28
1727;11;5767077;1727;284;2637;2664;7.28;0.45;225.17;3.30;910;11;872.00;27
1730;11;5767093;1730;289;2641;2665;7.22;0.45;225.43;3.31;911;11;873.00;24
1733;11;5767105;1733;285;2643;2665;7.11;0.44;225.79;3.32;910;11;874.00;22
1736;11;5767116;1736;287;2646;2666;7.04;0.43;226.06;3.32;910;11;875.00;20
1737;11;5767128;1737;296;2647;2666;6.97;0.43;226.18;3.33;910;11;876.00;19
1744;11;5767138;1744;293;2651;2666;6.95;0.43;226.40;3.34;907;11;877.00;15
1746;11;5767150;1746;296;2652;2666;6.98;0.43;226.52;3.34;906;11;878.00;14
1748;11;5767161;1748;301;2657;2670;7.07;0.44;226.52;3.35;909;11;879.00;13
1752;11;5767172;1752;301;2658;2670;7.08;0.44;227.09;3.36;906;11;880.00;12
1756;11;5767193;1756;288;2660;2670;7.13;0.44;227.43;3.37;904;11;881.00;10
1757;11;5767203;1757;283;2663;2673;7.17;0.44;227.63;3.38;906;11;882.00;10
1761;11;5767214;1761;273;2665;2673;7.28;0.45;227.66;3.39;904;11;883.00;8
1764;11;5767226;1764;270;2668;2673;7.33;0.45;227.55;3.41;904;11;884.00;5
1768;11;5767236;1768;266;2672;2677;7.34;0.45;227.52;3.41;904;11;885.00;5
1771;11;5767249;1771;270;2674;2678;7.41;0.45;227.60;3.41;903;11;886.00;4
1773;11;5767261;1773;267;2675;2678;7.52;0.46;227.61;3.41;902;11;887.00;3
1775;11;5767272;1775;268;2678;2682;7.65;0.47;227.84;3.40;903;11;888.00;4
1781;11;5767285;1781;268;2679;2682;7.73;0.47;227.99;3.40;898;11;889.00;3
1784;11;5767297;1784;273;2680;2682;7.84;0.48;228.18;3.40;896;11;890.00;2
1787;11;5767308;1787;271;2681;2683;7.89;0.48;228.31;3.40;894;11;891.00;2
1792;11;5767320;1792;268;2681;2683;7.88;0.48;228.62;3.40;889;11;892.00;2
1793;11;5767337;1793;266;2687;2689;7.95;0.48;228.75;3.40;894;11;893.00;2
1796;11;5767348;1796;259;2687;2689;7.98;0.49;228.95;3.40;891;11;894.00;2
1798;11;5767360;1798;256;2689;2690;8.01;0.49;229.01;3.40;891;11;895.00;1
1800;11;5767371;1800;255;2690;2690;8.06;0.49;229.30;3.41;890;11;896.00;0
1804;11;5767388;1804;247;2690;2690;8.13;0.49;229.55;3.41;886;11;897.00;0
1807;11;5767400;1807;248;2690;2690;8.11;0.49;229.66;3.41;883;11;898.00;0
1811;11;5767412;1811;255;2690;2690;8.10;0.49;230.04;3.41;879;11;899.00;0
1812;11;5767425;1812;256;2720;2736;8.12;0.50;230.32;3.37;908;11;900.00;16
1814;11;5767450;1814;256;2721;2736;8.09;0.49;230.49;3.37;907;11;901.00;15
1816;11;5767462;1816;257;2725;2736;8.14;0.50;230.54;3.37;909;11;902.00;11
1817;11;5767473;1817;262;2725;2736;8.13;0.50;230.61;3.37;908;11;903.00;11
1821;11;5767484;1821;259;2728;2736;8.09;0.49;230.69;3.37;907;11;904.00;8
1824;11;5767495;1824;258;2728;2736;8.09;0.49;230.99;3.37;904;11;905.00;8
1824;11;5767507;1824;258;2733;2740;8.06;0.49;230.99;3.37;909;11;906.00;7
1827;11;5767520;1827;261;2734;2740;7.99;0.49;231.20;3.37;907;11;907.00;6
1828;11;5767531;1828;264;2737;2744;7.98;0.49;231.29;3.36;909;11;908.00;7
1830;11;5767542;1830;269;2738;2745;7.93;0.48;231.31;3.36;908;11;909.00;7
1831;11;5767552;1831;280;2738;2745;7.86;0.48;231.29;3.36;907;11;910.00;7
1835;11;5767563;1835;284;2738;2745;7.72;0.47;231.28;3.36;903;11;911.00;7
1837;11;5767573;1837;292;2751;2758;7.66;0.47;231.30;3.35;914;11;912.00;7
1837;11;5767591;1837;292;2752;2758;7.58;0.46;231.30;3.36;915;11;913.00;6
1839;11;5767602;1839;302;2752;2758;7.56;0.46;231.25;3.36;913;11;914.00;6
1840;11;5767612;1840;304;2753;2759;7.59;0.46;231.26;3.35;913;11;915.00;6
1842;11;5767623;1842;300;2754;2760;7.53;0.46;231.29;3.35;912;11;916.00;6
1843;11;5767634;1843;305;2754;2760;7.52;0.46;231.27;3.35;911;11;917.00;6
1845;11;5767644;1845;308;2757;2763;7.48;0.46;231.15;3.36;912;11;918.00;6
1845;11;5767655;1845;297;2758;2763;7.43;0.45;231.15;3.36;913;11;919.00;5
1848;11;5767665;1848;295;2759;2763;7.34;0.45;231.04;3.36;911;11;920.00;4
1850;11;5767675;1850;291;2759;2763;7.28;0.44;231.08;3.36;909;11;921.00;4
1854;11;5767685;1854;287;2764;2769;7.21;0.44;231.51;3.36;910;11;922.00;5
1856;11;5767696;1856;283;2764;2769;7.14;0.43;231.43;3.36;908;11;923.00;5
1859;11;5767706;1859;285;2765;2769;7.12;0.43;231.32;3.36;906;11;924.00;4
1861;11;5767716;1861;291;2767;2769;7.08;0.43;231.45;3.38;906;11;925.00;2
1863;11;5767726;1863;285;2771;2773;7.06;0.43;231.58;3.37;908;11;926.00;2
1867;11;5767735;1867;283;2774;2774;6.99;0.42;231.66;3.38;907;11;927.00;0
1870;11;5767746;1870;284;2774;2774;6.90;0.42;231.52;3.38;904;11;928.00;0
1873;11;5767756;1873;285;2775;2775;6.90;0.42;231.33;3.38;902;11;929.00;0
1876;11;5767767;1876;283;2775;2775;6.87;0.42;231.39;3.38;899;11;930.00;0
1879;11;5767777;1879;280;2775;2775;6.85;0.41;231.32;3.38;896;11;931.00;0
1884;11;5767786;1884;278;2775;2775;6.85;0.41;231.53;3.38;891;11;932.00;0
1889;11;5767796;1889;276;2775;2775;6.86;0.42;231.55;3.38;886;11;933.00;0
1890;11;5767805;1890;273;2775;2775;6.98;0.42;231.47;3.38;885;11;934.00;0
1891;11;5767815;1891;272;2775;2775;7.08;0.43;231.46;3.38;884;11;935.00;0
1893;11;5767824;1893;277;2815;2845;7.31;0.44;231.49;3.33;922;11;936.00;30
1895;11;5767840;1895;278;2816;2846;7.32;0.45;231.38;3.33;921;11;937.00;30
1897;11;5767850;1897;275;2826;2846;7.36;0.45;231.32;3.32;929;11;938.00;20
1897;11;5767860;1897;281;2829;2846;7.38;0.45;231.32;3.32;932;11;939.00;17
1900;11;5767869;1900;289;2833;2846;7.36;0.45;231.23;3.32;933;11;940.00;13
1901;11;5767879;1901;284;2835;2846;7.36;0.45;231.30;3.33;934;11;941.00;11
1902;11;5767889;1902;281;2838;2846;7.36;0.45;231.30;3.33;936;11;942.00;8
1903;11;5767899;1903;282;2841;2846;7.32;0.44;231.36;3.33;938;11;943.00;5
1904;11;5767909;1904;282;2843;2847;7.30;0.44;231.31;3.34;939;11;944.00;4
1906;11;5767924;1906;281;2846;2849;7.26;0.44;231.19;3.34;940;11;945.00;3
1906;11;5767933;1906;284;2847;2849;7.25;0.44;231.19;3.34;941;11;946.00;2
1906;11;5767943;1906;291;2851;2853;7.20;0.44;231.19;3.34;945;11;947.00;2
1908;11;5767953;1908;292;2853;2853;7.16;0.43;230.97;3.34;945;11;948.00;0
1908;11;5767963;1908;280;2853;2853;7.11;0.43;230.97;3.34;945;11;949.00;0
1911;11;5767972;1911;274;2853;2853;7.07;0.43;230.92;3.34;942;11;950.00;0
1911;11;5767983;1911;269;2858;2859;7.11;0.43;230.92;3.33;947;11;951.00;1
1911;11;5767993;1911;264;2858;2859;7.05;0.43;230.92;3.33;947;11;952.00;1
1911;11;5768002;1911;262;2858;2859;7.04;0.43;230.92;3.33;947;11;953.00;1
1912;11;5768012;1912;263;2861;2862;7.01;0.43;230.84;3.33;949;11;954.00;1
1913;11;5768022;1913;268;2861;2862;7.08;0.43;230.91;3.33;948;11;955.00;1
1917;11;5768036;1917;278;2862;2862;7.08;0.43;230.90;3.33;945;11;956.00;0
1917;11;5768046;1917;283;2863;2863;7.08;0.43;230.90;3.33;946;11;957.00;0
1919;11;5768055;1919;282;2864;2864;7.09;0.43;230.93;3.33;945;11;958.00;0
1922;11;5768065;1922;286;2864;2864;7.08;0.43;230.73;3.33;942;11;959.00;0
1922;11;5768077;1922;294;2885;2890;7.16;0.44;230.73;3.31;963;11;960.00;5
1925;11;5768090;1925;294;2886;2890;7.16;0.44;230.73;3.30;961;11;961.00;4
1925;11;5768101;1925;293;2889;2890;7.23;0.44;230.73;3.30;964;11;962.00;1
1926;11;5768111;1926;293;2891;2891;7.24;0.44;230.71;3.30;965;11;963.00;0
1927;11;5768121;1927;297;2891;2891;7.19;0.44;230.71;3.30;964;11;964.00;0
1928;11;5768137;1928;297;2895;2895;7.14;0.44;230.68;3.30;967;11;965.00;0
1928;11;5768147;1928;296;2895;2895;7.08;0.43;230.68;3.30;967;11;966.00;0
1931;11;5768157;1931;299;2899;2899;6.98;0.43;230.55;3.30;968;11;967.00;0
1933;11;5768168;1933;304;2899;2899;6.94;0.42;230.39;3.30;966;11;968.00;0
1933;11;5768178;1933;303;2899;2899;6.90;0.42;230.39;3.30;966;11;969.00;0
1936;11;5768187;1936;304;2899;2899;6.81;0.42;230.18;3.30;963;11;970.00;0
1938;11;5768197;1938;304;2899;2899;6.80;0.42;230.09;3.30;961;11;971.00;0
1943;11;5768207;1943;304;2910;2911;6.81;0.42;229.89;3.28;967;11;972.00;1
1945;11;5768228;1945;301;2910;2911;6.76;0.41;230.04;3.28;965;11;973.00;1
1950;11;5768251;1950;301;2911;2911;6.70;0.41;230.05;3.28;961;11;974.00;0
1950;11;5768271;1950;296;2911;2911;6.68;0.41;230.05;3.28;961;11;975.00;0
1950;11;5768289;1950;292;2911;2911;6.67;0.41;230.05;3.28;961;11;976.00;0
1952;11;5768305;1952;286;2911;2911;6.69;0.41;229.90;3.28;959;11;977.00;0
1955;11;5768322;1955;280;2912;2912;6.66;0.41;230.06;3.28;957;11;978.00;0
1955;11;5768337;1955;280;2912;2912;6.65;0.41;230.06;3.28;957;11;979.00;0
1957;11;5768348;1957;280;2918;2918;6.69;0.41;230.20;3.28;961;11;980.00;0
1959;11;5768362;1959;276;2919;2919;6.64;0.41;230.30;3.28;960;11;981.00;0
1960;11;5768375;1960;275;2919;2919;6.58;0.40;230.39;3.28;959;11;982.00;0
1963;11;5768386;1963;280;2919;2919;6.51;0.40;230.44;3.28;956;11;983.00;0
1965;11;5768397;1965;274;2923;2923;6.49;0.40;230.57;3.27;958;11;984.00;0
1970;11;5768410;1970;275;2923;2923;6.43;0.39;230.59;3.27;953;11;985.00;0
1974;11;5768422;1974;274;2923;2923;6.45;0.39;230.65;3.27;949;11;986.00;0
1976;11;5768432;1976;272;2924;2924;6.46;0.40;230.73;3.27;948;11;987.00;0
1982;11;5768445;1982;274;2928;2928;6.45;0.39;230.79;3.27;946;11;988.00;0
1986;11;5768457;1986;273;2928;2928;6.41;0.39;230.78;3.27;942;11;989.00;0
1988;11;5768469;1988;257;2932;2934;6.40;0.39;230.99;3.26;944;11;990.00;2
1993;11;5768480;1993;251;2932;2934;6.39;0.39;231.09;3.26;939;11;991.00;2
1996;11;5768490;1996;246;2934;2934;6.39;0.39;231.24;3.26;938;11;992.00;0
1997;11;5768500;1997;245;2934;2934;6.47;0.40;231.31;3.26;937;11;993.00;0
2000;11;5768510;2000;247;2938;2938;6.53;0.40;231.44;3.26;938;11;994.00;0
2005;11;5768521;2005;245;2938;2938;6.59;0.40;231.62;3.26;933;11;995.00;0
2008;11;5768531;2008;237;2938;2938;6.60;0.40;231.59;3.26;930;11;996.00;0
2013;11;5768541;2013;233;2938;2938;6.61;0.40;231.72;3.26;925;11;997.00;0
2015;11;5768551;2015;231;2939;2939;6.66;0.41;231.73;3.26;924;11;998.00;0
2019;11;5768562;2019;226;2940;2940;6.77;0.41;231.90;3.26;921;11;999.00;0
2024;11;5768573;2024;222;2940;2940;6.79;0.41;232.25;3.26;916;11;1000.00;0
2026;12;5768587;2026;221;2941;2941;6.84;0.42;232.57;3.26;915;12;1001.00;0
2028;12;5768609;2028;216;2941;2941;6.91;0.42;232.69;3.26;913;12;1002.00;0
2032;12;5768619;2032;216;2941;2941;7.00;0.43;232.93;3.26;909;12;1003.00;0
2038;12;5768630;2038;216;2941;2941;7.08;0.43;233.06;3.26;903;12;1004.00;0
2042;12;5768640;2042;214;2941;2941;7.15;0.44;233.14;3.26;899;12;1005.00;0
2048;12;5768652;2048;208;2941;2941;7.26;0.44;233.46;3.26;893;12;1006.00;0
2051;12;5768662;2051;211;2941;2941;7.34;0.45;233.69;3.26;890;12;1007.00;0
2055;12;5768672;2055;218;3020;3068;7.64;0.47;233.99;3.17;965;12;1008.00;48
2058;12;5768693;2058;212;3024;3069;7.71;0.48;234.20;3.17;966;12;1009.00;45
2062;12;5768705;2062;215;3031;3069;7.78;0.48;234.41;3.17;969;12;1010.00;38
2065;12;5768716;2065;213;3034;3069;7.80;0.48;234.58;3.17;969;12;1011.00;35
2067;12;5768727;2067;211;3040;3069;7.82;0.49;234.78;3.17;973;12;1012.00;29
2073;12;5768741;2073;209;3041;3069;7.81;0.48;235.24;3.17;968;12;1013.00;28
2074;12;5768755;2074;210;3044;3069;7.73;0.48;235.25;3.17;970;12;1014.00;25
2081;12;5768767;2081;217;3046;3069;7.71;0.48;235.56;3.17;965;12;1015.00;23
2089;12;5768779;2089;223;3048;3070;7.66;0.47;236.25;3.18;959;12;1016.00;22
2092;12;5768796;2092;229;3052;3071;7.65;0.47;236.47;3.19;960;12;1017.00;19
2098;12;5768811;2098;230;3055;3071;7.58;0.47;236.82;3.19;957;12;1018.00;16
2101;12;5768824;2101;238;3058;3072;7.52;0.46;237.08;3.20;957;12;1019.00;14
2105;12;5768837;2105;246;3064;3072;7.39;0.46;237.42;3.21;959;12;1020.00;8
2108;12;5768848;2108;253;3064;3072;7.35;0.45;237.66;3.21;956;12;1021.00;8
2115;12;5768860;2115;258;3066;3072;7.35;0.45;238.23;3.22;951;12;1022.00;6
2116;12;5768876;2116;258;3070;3076;7.39;0.46;238.31;3.22;954;12;1023.00;6
2120;12;5768888;2120;254;3071;3076;7.42;0.46;238.74;3.22;951;12;1024.00;5
2125;12;5768900;2125;262;3072;3076;7.36;0.45;238.84;3.23;947;12;1025.00;4
2131;12;5768911;2131;262;3074;3079;7.40;0.45;238.92;3.23;943;12;1026.00;5
2138;12;5768923;2138;264;3075;3079;7.43;0.45;239.07;3.24;937;12;1027.00;4
2142;12;5768934;2142;260;3076;3079;7.45;0.46;239.09;3.24;934;12;1028.00;3
2146;12;5768945;2146;262;3081;3083;7.47;0.46;239.21;3.24;935;12;1029.00;2
2149;12;5768957;2149;263;3083;3084;7.49;0.46;239.24;3.24;934;12;1030.00;1
2150;12;5768969;2150;267;3083;3084;7.44;0.46;239.15;3.24;933;12;1031.00;1
2154;12;5768980;2154;266;3088;3088;7.38;0.45;239.23;3.23;934;12;1032.00;0
2158;12;5768991;2158;267;3088;3088;7.34;0.45;239.22;3.23;930;12;1033.00;0
2163;12;5769002;2163;272;3088;3088;7.24;0.44;239.66;3.23;925;12;1034.00;0
2163;12;5769013;2163;276;3090;3090;7.24;0.44;239.66;3.23;927;12;1035.00;0
2167;12;5769024;2167;285;3090;3090;7.19;0.44;239.71;3.23;923;12;1036.00;0
2169;12;5769034;2169;271;3096;3096;7.18;0.44;239.79;3.23;927;12;1037.00;0
2173;12;5769045;2173;267;3096;3096;7.12;0.44;240.29;3.23;923;12;1038.00;0
2176;12;5769056;2176;264;3097;3097;7.14;0.44;240.26;3.23;921;12;1039.00;0
2182;12;5769067;2182;260;3097;3097;7.19;0.44;240.67;3.23;915;12;1040.00;0
2182;12;5769077;2182;267;3097;3097;7.24;0.44;240.67;3.23;915;12;1041.00;0
2187;12;5769088;2187;267;3097;3097;7.30;0.45;240.92;3.23;910;12;1042.00;0
2189;12;5769099;2189;271;3097;3097;7.39;0.45;240.98;3.23;908;12;1043.00;0
2195;12;5769110;2195;271;3108;3109;7.50;0.46;241.41;3.22;913;12;1044.00;1
2198;12;5769122;2198;283;3108;3109;7.55;0.46;241.65;3.22;910;12;1045.00;1
2203;12;5769133;2203;266;3109;3109;7.61;0.46;241.96;3.22;906;12;1046.00;0
2205;12;5769149;2205;261;3109;3109;7.62;0.46;242.06;3.22;904;12;1047.00;0
2207;12;5769170;2207;261;3109;3109;7.65;0.47;242.07;3.22;902;12;1048.00;0
2211;12;5769181;2211;259;3109;3109;7.65;0.47;242.10;3.22;898;12;1049.00;0
2213;12;5769193;2213;261;3115;3115;7.68;0.47;242.30;3.21;902;12;1050.00;0
2214;12;5769204;2214;252;3115;3115;7.69;0.47;242.22;3.21;901;12;1051.00;0
2216;12;5769220;2216;248;3119;3119;7.73;0.47;242.48;3.21;903;12;1052.00;0
2219;12;5769232;2219;247;3120;3120;7.72;0.47;242.53;3.21;901;12;1053.00;0
2222;12;5769243;2222;244;3120;3120;7.70;0.47;242.70;3.21;898;12;1054.00;0
2224;12;5769254;2224;248;3120;3120;7.68;0.47;243.08;3.21;896;12;1055.00;0
2226;12;5769265;2226;257;3133;3133;7.74;0.47;243.27;3.19;907;12;1056.00;0
2230;12;5769277;2230;255;3133;3133;7.74;0.47;243.61;3.19;903;12;1057.00;0
2233;12;5769287;2233;253;3133;3133;7.78;0.47;243.81;3.19;900;12;1058.00;0
2237;12;5769298;2237;248;3134;3134;7.84;0.48;244.20;3.19;897;12;1059.00;0
2240;12;5769310;2240;251;3135;3135;7.86;0.48;244.43;3.19;895;12;1060.00;0
2243;12;5769321;2243;251;3135;3135;7.84;0.48;244.77;3.19;892;12;1061.00;0
2246;12;5769332;2246;247;3137;3138;7.85;0.48;245.10;3.19;891;12;1062.00;1
2250;12;5769342;2250;249;3137;3138;7.80;0.47;245.25;3.19;887;12;1063.00;1
2255;12;5769353;2255;252;3138;3138;7.71;0.47;245.33;3.19;883;12;1064.00;0
2258;12;5769364;2258;250;3138;3138;7.65;0.47;245.12;3.19;880;12;1065.00;0
2262;12;5769374;2262;257;3144;3144;7.61;0.46;245.02;3.19;882;12;1066.00;0
2263;12;5769385;2263;259;3144;3144;7.55;0.46;244.96;3.19;881;12;1067.00;0
2264;12;5769395;2264;259;3144;3144;7.47;0.45;244.92;3.19;880;12;1068.00;0
2264;12;5769405;2264;264;3144;3144;7.42;0.45;244.92;3.19;880;12;1069.00;0
2267;12;5769415;2267;276;3148;3148;7.38;0.45;244.85;3.18;881;12;1070.00;0
2269;12;5769425;2269;275;3149;3149;7.23;0.44;244.87;3.18;880;12;1071.00;0
2273;12;5769434;2273;281;3149;3149;7.17;0.44;244.83;3.18;876;12;1072.00;0
2276;12;5769444;2276;282;3150;3150;7.10;0.43;244.71;3.18;874;12;1073.00;0
2277;12;5769454;2277;289;3150;3150;7.03;0.43;244.73;3.18;873;12;1074.00;0
2279;12;5769464;2279;290;3150;3150;6.96;0.42;244.70;3.18;871;12;1075.00;0
2282;12;5769473;2282;292;3150;3150;6.87;0.42;244.63;3.18;868;12;1076.00;0
2285;12;5769482;2285;293;3150;3150;6.82;0.41;244.58;3.18;865;12;1077.00;0
2285;12;5769492;2285;295;3150;3150;6.81;0.41;244.58;3.18;865;12;1078.00;0
2285;12;5769500;2285;301;3150;3150;6.80;0.41;244.58;3.18;865;12;1079.00;0
2285;12;5769512;2285;324;3220;3275;6.81;0.42;244.58;3.11;935;12;1080.00;55
2287;12;5769530;2287;312;3222;3276;6.83;0.42;244.76;3.11;935;12;1081.00;54
2288;12;5769540;2288;302;3233;3276;6.90;0.43;244.74;3.11;945;12;1082.00;43
2291;12;5769550;2291;296;3237;3276;6.88;0.42;244.72;3.11;946;12;1083.00;39
2293;12;5769559;2293;291;3242;3276;6.84;0.42;244.85;3.11;949;12;1084.00;34
2294;12;5769569;2294;291;3248;3276;6.74;0.41;244.95;3.11;954;12;1085.00;28
2296;12;5769579;2296;291;3253;3276;6.68;0.41;244.97;3.12;957;12;1086.00;23
2299;12;5769589;2299;288;3258;3276;6.60;0.40;245.04;3.12;959;12;1087.00;18
2301;12;5769598;2301;290;3263;3277;6.60;0.40;244.98;3.13;962;12;1088.00;14
2302;12;5769608;2302;296;3267;3278;6.62;0.40;245.07;3.14;965;12;1089.00;11
2305;12;5769618;2305;303;3270;3278;6.57;0.40;245.29;3.14;965;12;1090.00;8
2305;12;5769627;2305;300;3276;3282;6.59;0.40;245.29;3.14;971;12;1091.00;6
2307;12;5769637;2307;296;3276;3282;6.55;0.40;245.29;3.14;969;12;1092.00;6
2310;12;5769647;2310;305;3277;3282;6.48;0.39;245.34;3.14;967;12;1093.00;5
2311;12;5769656;2311;300;3277;3282;6.47;0.39;245.36;3.14;966;12;1094.00;5
2312;12;5769666;2312;300;3281;3288;6.43;0.39;245.33;3.14;969;12;1095.00;7
2314;12;5769676;2314;280;3281;3288;6.37;0.39;245.27;3.14;967;12;1096.00;7
2316;12;5769686;2316;268;3282;3288;6.41;0.39;245.32;3.15;966;12;1097.00;6
2319;12;5769697;2319;263;3284;3291;6.42;0.39;245.14;3.14;965;12;1098.00;7
2321;12;5769707;2321;259;3285;3291;6.41;0.39;245.15;3.15;964;12;1099.00;6
2322;12;5769718;2322;253;3285;3291;6.50;0.40;245.17;3.15;963;12;1100.00;6
2324;12;5769738;2324;249;3286;3292;6.53;0.40;245.23;3.15;962;12;1101.00;6
2324;12;5769748;2324;248;3289;3293;6.57;0.40;245.23;3.15;965;12;1102.00;4
2328;12;5769769;2328;251;3289;3293;6.67;0.40;245.04;3.15;961;12;1103.00;4
2330;12;5769779;2330;255;3300;3306;6.78;0.41;245.05;3.14;970;12;1104.00;6
2331;12;5769791;2331;248;3300;3306;6.86;0.42;245.05;3.14;969;12;1105.00;6
2335;12;5769801;2335;249;3302;3306;6.92;0.42;244.97;3.14;967;12;1106.00;4
2336;12;5769813;2336;242;3303;3307;7.01;0.43;244.91;3.14;967;12;1107.00;4
2337;12;5769823;2337;239;3304;3307;7.00;0.43;244.91;3.15;967;12;1108.00;3
2338;12;5769834;2338;241;3309;3311;7.06;0.43;244.81;3.16;971;12;1109.00;2
2339;12;5769847;2339;241;3309;3311;7.08;0.43;244.77;3.16;970;12;1110.00;2
2339;12;5769864;2339;245;3312;3315;7.13;0.43;244.77;3.16;973;12;1111.00;3
2339;12;5769874;2339;244;3313;3315;7.16;0.44;244.77;3.16;974;12;1112.00;2
2340;12;5769885;2340;244;3313;3315;7.22;0.44;244.80;3.16;973;12;1113.00;2
2342;12;5769895;2342;247;3313;3315;7.28;0.44;244.77;3.16;971;12;1114.00;2
2345;12;5769906;2345;243;3313;3315;7.33;0.45;244.74;3.16;968;12;1115.00;2
2346;12;5769916;2346;244;3322;3327;7.47;0.46;244.65;3.15;976;12;1116.00;5
2349;12;5769928;2349;245;3323;3327;7.52;0.46;244.85;3.15;974;12;1117.00;4
2352;12;5769944;2352;242;3324;3327;7.55;0.46;244.78;3.15;972;12;1118.00;3
2352;12;5769955;2352;251;3324;3327;7.58;0.46;244.78;3.15;972;12;1119.00;3
2356;12;5769966;2356;255;3326;3327;7.57;0.46;245.21;3.16;970;12;1120.00;1
2356;12;5769975;2356;258;3326;3327;7.57;0.46;245.21;3.16;970;12;1121.00;1
2361;12;5769985;2361;257;3326;3328;7.56;0.46;245.23;3.16;965;12;1122.00;2
2363;12;5769996;2363;259;3328;3328;7.53;0.46;245.33;3.16;965;12;1123.00;0
2365;12;5770007;2365;266;3333;3334;7.57;0.46;245.39;3.15;968;12;1124.00;1
2367;12;5770017;2367;268;3335;3336;7.50;0.46;245.42;3.15;968;12;1125.00;1
2370;12;5770028;2370;264;3336;3336;7.43;0.45;245.67;3.15;966;12;1126.00;0
2372;12;5770038;2372;268;3336;3336;7.36;0.45;245.78;3.15;964;12;1127.00;0
2374;12;5770048;2374;273;3340;3340;7.36;0.45;246.11;3.15;966;12;1128.00;0
2376;12;5770058;2376;280;3340;3340;7.37;0.45;246.32;3.15;964;12;1129.00;0
2378;12;5770069;2378;278;3340;3340;7.34;0.45;246.26;3.15;962;12;1130.00;0
2381;12;5770078;2381;277;3341;3341;7.37;0.45;246.30;3.15;960;12;1131.00;0
2385;12;5770089;2385;281;3345;3345;7.32;0.45;246.58;3.14;960;12;1132.00;0
2387;12;5770100;2387;282;3345;3345;7.34;0.45;246.88;3.14;958;12;1133.00;0
2389;12;5770110;2389;278;3347;3348;7.35;0.45;246.87;3.14;958;12;1134.00;1
2391;12;5770120;2391;282;3348;3348;7.32;0.45;247.06;3.14;957;12;1135.00;0
2394;12;5770129;2394;280;3348;3348;7.28;0.45;247.34;3.14;954;12;1136.00;0
2399;12;5770139;2399;282;3348;3348;7.21;0.44;247.38;3.14;949;12;1137.00;0
2404;12;5770150;2404;287;3352;3352;7.13;0.44;247.67;3.14;948;12;1138.00;0
2406;12;5770160;2406;287;3352;3352;7.01;0.43;247.85;3.14;946;12;1139.00;0
2410;12;5770172;2410;281;3352;3352;6.98;0.43;248.06;3.14;942;12;1140.00;0
2413;12;5770182;2413;280;3352;3352;6.98;0.43;248.25;3.14;939;12;1141.00;0
2415;12;5770192;2415;274;3353;3353;6.98;0.43;248.43;3.14;938;12;1142.00;0
2416;12;5770201;2416;276;3354;3354;7.05;0.43;248.43;3.14;938;12;1143.00;0
2419;12;5770212;2419;269;3354;3354;7.02;0.43;248.67;3.14;935;12;1144.00;0
2420;12;5770223;2420;270;3355;3355;7.07;0.43;248.70;3.14;935;12;1145.00;0
2420;12;5770235;2420;265;3355;3355;7.08;0.43;248.70;3.14;935;12;1146.00;0
2426;12;5770249;2426;268;3355;3355;7.00;0.43;248.88;3.14;929;12;1147.00;0
2428;12;5770260;2428;270;3355;3355;6.97;0.43;248.87;3.14;927;12;1148.00;0
2431;12;5770269;2431;267;3355;3355;7.00;0.43;248.95;3.14;924;12;1149.00;0
2433;12;5770279;2433;268;3355;3355;6.93;0.42;248.95;3.14;922;12;1150.00;0
2434;12;5770288;2434;270;3355;3355;6.91;0.42;248.92;3.14;921;12;1151.00;0
2441;12;5770298;2441;292;3433;3482;6.97;0.43;249.28;3.07;992;12;1152.00;49
2444;12;5770317;2444;285;3438;3483;6.99;0.43;249.12;3.06;994;12;1153.00;45
2449;12;5770327;2449;276;3446;3483;6.99;0.43;249.31;3.06;997;12;1154.00;37
2453;12;5770337;2453;261;3448;3483;6.97;0.43;249.48;3.06;995;12;1155.00;35
2459;12;5770347;2459;258;3454;3483;6.97;0.43;249.58;3.06;995;12;1156.00;29
2462;13;5770359;2462;253;3456;3483;7.00;0.43;249.66;3.06;994;13;1157.00;27
2467;13;5770384;2467;247;3459;3483;7.03;0.43;249.75;3.07;992;13;1158.00;24
2470;13;5770395;2470;249;3462;3483;7.01;0.43;249.79;3.07;992;13;1159.00;21
2472;14;5770406;2472;257;3463;3484;7.02;0.43;249.88;3.07;991;14;1160.00;21
2476;14;5770427;2476;260;3465;3485;7.00;0.43;249.82;3.07;989;14;1161.00;20
2480;14;5770438;2480;252;3467;3485;6.97;0.43;249.81;3.08;987;14;1162.00;18
2482;14;5770448;2482;258;3468;3486;6.99;0.43;249.91;3.08;986;14;1163.00;18
2487;14;5770460;2487;268;3471;3486;7.00;0.43;250.16;3.09;984;14;1164.00;15
2489;14;5770471;2489;270;3473;3486;7.02;0.43;250.17;3.09;984;14;1165.00;13
2493;14;5770482;2493;277;3475;3486;6.99;0.43;250.37;3.10;982;14;1166.00;11
2495;14;5770494;2495;278;3480;3490;7.03;0.43;250.44;3.10;985;14;1167.00;10
2498;14;5770506;2498;284;3481;3490;6.97;0.43;250.54;3.10;983;14;1168.00;9
2503;14;5770517;2503;283;3483;3490;6.97;0.43;250.82;3.11;980;14;1169.00;7
2505;14;5770530;2505;291;3487;3496;7.03;0.43;250.79;3.10;982;14;1170.00;9
2508;14;5770542;2508;293;3488;3496;7.04;0.43;250.79;3.11;980;14;1171.00;8
2511;14;5770553;2511;298;3489;3496;7.06;0.43;250.94;3.11;978;14;1172.00;7
2514;14;5770564;2514;298;3494;3500;7.11;0.43;251.05;3.11;980;14;1173.00;6
2517;14;5770576;2517;300;3496;3501;7.07;0.43;251.09;3.12;979;14;1174.00;5
2523;14;5770587;2523;303;3497;3501;7.11;0.43;251.08;3.12;974;14;1175.00;4
2524;14;5770600;2524;301;3502;3505;7.12;0.44;251.16;3.12;978;14;1176.00;3
2533;14;5770611;2533;296;3503;3505;7.05;0.43;251.42;3.13;970;14;1177.00;2
2537;14;5770622;2537;293;3504;3505;7.05;0.43;251.71;3.13;967;14;1178.00;1
2541;14;5770633;2541;292;3505;3506;7.09;0.43;251.97;3.14;964;14;1179.00;1
2546;14;5770644;2546;293;3506;3506;7.07;0.43;252.27;3.14;960;14;1180.00;0
2548;14;5770656;2548;296;3511;3512;7.10;0.43;252.17;3.13;963;14;1181.00;1
2552;14;5770667;2552;296;3512;3512;7.08;0.43;252.34;3.13;960;14;1182.00;0
2559;14;5770678;2559;304;3513;3513;6.99;0.43;252.49;3.13;954;14;1183.00;0
2563;14;5770689;2563;304;3513;3513;6.94;0.42;252.57;3.13;950;14;1184.00;0
2568;14;5770700;2568;306;3513;3513;6.91;0.42;252.75;3.13;945;14;1185.00;0
2574;14;5770711;2574;318;3513;3513;6.84;0.42;252.73;3.13;939;14;1186.00;0
2576;14;5770723;2576;313;3513;3513;6.80;0.41;252.59;3.13;937;14;1187.00;0
2583;14;5770733;2583;317;3524;3525;6.79;0.41;253.07;3.12;941;14;1188.00;1
2587;14;5770745;2587;321;3524;3525;6.68;0.41;253.60;3.12;937;14;1189.00;1
2592;14;5770756;2592;325;3525;3525;6.66;0.41;253.69;3.12;933;14;1190.00;0
2596;14;5770766;2596;323;3525;3525;6.53;0.40;254.06;3.12;929;14;1191.00;0
2601;14;5770776;2601;325;3525;3525;6.43;0.39;254.31;3.12;924;14;1192.00;0
2604;14;5770786;2604;326;3525;3525;6.37;0.39;254.30;3.12;921;14;1193.00;0
2609;14;5770796;2609;336;3529;3529;6.35;0.39;254.60;3.12;920;14;1194.00;0
2610;14;5770807;2610;338;3529;3529;6.33;0.39;254.62;3.12;919;14;1195.00;0
2612;14;5770817;2612;346;3533;3533;6.33;0.39;254.79;3.12;921;14;1196.00;0
2617;14;5770827;2617;351;3534;3534;6.27;0.38;254.79;3.12;917;14;1197.00;0
2618;14;5770837;2618;362;3534;3534;6.22;0.38;254.93;3.12;916;14;1198.00;0
2622;14;5770847;2622;378;3534;3534;6.13;0.38;255.05;3.12;912;14;1199.00;0
2624;14;5770859;2624;390;3560;3575;6.25;0.38;255.21;3.09;936;14;1200.00;15
2624;14;5770877;2624;394;3561;3575;6.22;0.38;255.21;3.09;937;14;1201.00;14
2626;14;5770887;2626;387;3563;3575;6.23;0.38;255.24;3.09;937;14;1202.00;12
2631;14;5770897;2631;384;3565;3576;6.16;0.38;255.56;3.09;934;14;1203.00;11
2632;14;5770908;2632;384;3567;3577;6.13;0.38;255.64;3.09;935;14;1204.00;10
2633;14;5770918;2633;382;3568;3577;6.15;0.38;255.70;3.09;935;14;1205.00;9
2635;14;5770928;2635;381;3573;3580;6.19;0.38;255.79;3.09;938;14;1206.00;7
2640;14;5770938;2640;380;3573;3580;6.18;0.38;255.74;3.09;933;14;1207.00;7
2641;14;5770948;2641;379;3574;3580;6.20;0.38;255.77;3.09;933;14;1208.00;6
2645;14;5770959;2645;381;3574;3580;6.16;0.38;255.86;3.09;929;14;1209.00;6
2650;14;5770969;2650;380;3581;3586;6.03;0.37;255.92;3.09;931;14;1210.00;5
2651;14;5770980;2651;366;3581;3586;6.06;0.37;255.87;3.09;930;14;1211.00;5
2652;14;5770990;2652;365;3582;3586;6.15;0.38;255.81;3.09;930;14;1212.00;4
2654;14;5771001;2654;361;3582;3586;6.24;0.38;255.92;3.09;928;14;1213.00;4
2658;14;5771012;2658;358;3586;3590;6.20;0.38;256.04;3.09;928;14;1214.00;4
2659;14;5771028;2659;350;3588;3592;6.23;0.38;255.95;3.09;929;14;1215.00;4
2661;14;5771039;2661;350;3589;3592;6.27;0.39;256.07;3.09;928;14;1216.00;3
2666;14;5771050;2666;349;3590;3593;6.32;0.39;256.08;3.09;924;14;1217.00;3
2668;14;5771061;2668;344;3590;3593;6.36;0.39;256.17;3.09;922;14;1218.00;3
2671;14;5771071;2671;345;3590;3593;6.39;0.39;256.17;3.09;919;14;1219.00;3
2673;14;5771081;2673;348;3590;3593;6.41;0.39;256.19;3.09;917;14;1220.00;3
2673;14;5771091;2673;348;3590;3593;6.49;0.40;256.19;3.09;917;14;1221.00;3
2676;14;5771101;2676;351;3591;3593;6.47;0.40;256.20;3.10;915;14;1222.00;2
2679;14;5771112;2679;350;3591;3593;6.50;0.40;255.99;3.10;912;14;1223.00;2
2684;14;5771122;2684;365;3633;3663;6.50;0.40;256.08;3.06;949;14;1224.00;30
2685;14;5771139;2685;357;3634;3664;6.55;0.40;256.13;3.06;949;14;1225.00;30
2688;14;5771150;2688;356;3641;3664;6.65;0.41;256.14;3.06;953;14;1226.00;23
2690;14;5771161;2690;355;3642;3664;6.68;0.41;256.27;3.06;952;14;1227.00;22
2692;14;5771172;2692;355;3646;3666;6.68;0.41;256.20;3.07;954;14;1228.00;20
2695;14;5771182;2695;354;3647;3666;6.72;0.41;256.37;3.07;952;14;1229.00;19
2697;14;5771194;2697;355;3649;3666;6.70;0.41;256.30;3.07;952;14;1230.00;17
2697;14;5771205;2697;364;3651;3666;6.72;0.41;256.30;3.07;954;14;1231.00;15
2700;14;5771215;2700;368;3653;3667;6.72;0.41;256.23;3.07;953;14;1232.00;14
2703;14;5771226;2703;367;3655;3668;6.70;0.41;256.27;3.08;952;14;1233.00;13
2705;14;5771236;2705;379;3659;3668;6.68;0.41;256.26;3.09;954;14;1234.00;9
2706;14;5771247;2706;383;3665;3672;6.62;0.40;256.18;3.09;959;14;1235.00;7
2708;14;5771258;2708;383;3667;3672;6.61;0.40;256.28;3.09;959;14;1236.00;5
2708;14;5771268;2708;384;3668;3672;6.60;0.40;256.28;3.10;960;14;1237.00;4
2711;14;5771278;2711;380;3669;3672;6.57;0.40;256.27;3.10;958;14;1238.00;3
2714;14;5771288;2714;379;3674;3678;6.50;0.40;256.14;3.10;960;14;1239.00;4
2715;14;5771298;2715;389;3676;3678;6.42;0.39;256.10;3.11;961;14;1240.00;2
2716;14;5771308;2716;385;3677;3678;6.37;0.39;256.10;3.10;961;14;1241.00;1
2719;14;5771317;2719;388;3679;3681;6.32;0.39;256.21;3.10;960;14;1242.00;2
2721;14;5771328;2721;378;3679;3681;6.31;0.38;256.17;3.10;958;14;1243.00;2
2722;14;5771338;2722;365;3680;3681;6.31;0.38;256.18;3.10;958;14;1244.00;1
2722;14;5771348;2722;355;3681;3682;6.34;0.39;256.18;3.10;959;14;1245.00;1
2723;14;5771359;2723;343;3682;3683;6.41;0.39;256.18;3.10;959;14;1246.00;1
2725;14;5771369;2725;336;3682;3683;6.47;0.39;256.19;3.10;957;14;1247.00;1
2730;14;5771380;2730;331;3692;3696;6.51;0.40;256.16;3.09;962;14;1248.00;4
2732;14;5771392;2732;319;3693;3696;6.62;0.40;256.23;3.09;961;14;1249.00;3
2735;14;5771412;2735;309;3693;3696;6.61;0.40;256.07;3.09;958;14;1250.00;3
2736;14;5771423;2736;308;3694;3697;6.77;0.41;256.06;3.09;958;14;1251.00;3
2737;14;5771433;2737;289;3696;3697;6.83;0.41;256.10;3.10;959;14;1252.00;1
2737;14;5771444;2737;278;3699;3701;6.96;0.42;256.10;3.09;962;14;1253.00;2
2738;14;5771455;2738;271;3699;3701;7.06;0.43;256.23;3.09;961;14;1254.00;2
2740;14;5771465;2740;264;3703;3705;7.13;0.43;256.34;3.09;963;14;1255.00;2
2741;14;5771476;2741;258;3703;3705;7.19;0.44;256.25;3.09;962;14;1256.00;2
2741;14;5771487;2741;254;3703;3705;7.27;0.44;256.25;3.09;962;14;1257.00;2
2746;14;5771498;2746;249;3703;3705;7.31;0.44;256.38;3.09;957;14;1258.00;2
2749;14;5771510;2749;244;3703;3705;7.34;0.44;256.42;3.09;954;14;1259.00;2
2752;14;5771522;2752;240;3728;3739;7.45;0.45;256.45;3.07;976;14;1260.00;11
2755;14;5771536;2755;229;3729;3739;7.47;0.45;256.66;3.07;974;14;1261.00;10
2757;14;5771547;2757;228;3731;3739;7.51;0.46;256.54;3.07;974;14;1262.00;8
2760;14;5771558;2760;228;3733;3739;7.54;0.46;256.77;3.07;973;14;1263.00;6
2763;14;5771568;2763;222;3735;3739;7.56;0.46;256.96;3.08;972;14;1264.00;4
2767;14;5771579;2767;223;3735;3739;7.52;0.46;257.21;3.08;968;14;1265.00;4
2767;14;5771589;2767;222;3736;3740;7.56;0.46;257.21;3.07;969;14;1266.00;4
2770;14;5771601;2770;222;3736;3740;7.56;0.46;257.35;3.07;966;14;1267.00;4
2771;14;5771612;2771;220;3742;3746;7.55;0.46;257.28;3.08;971;14;1268.00;4
2776;14;5771623;2776;226;3743;3747;7.56;0.46;257.06;3.07;967;14;1269.00;4
2778;14;5771634;2778;228;3744;3747;7.53;0.45;257.30;3.08;966;14;1270.00;3
2780;14;5771644;2780;229;3744;3747;7.46;0.45;257.33;3.08;964;14;1271.00;3
2782;14;5771655;2782;229;3747;3751;7.50;0.45;257.47;3.07;965;14;1272.00;4
2784;14;5771666;2784;225;3749;3751;7.54;0.46;257.57;3.08;965;14;1273.00;2
2786;14;5771676;2786;223;3749;3751;7.54;0.45;257.66;3.08;963;14;1274.00;2
2787;14;5771687;2787;225;3750;3752;7.50;0.45;257.82;3.08;963;14;1275.00;2
2789;14;5771697;2789;231;3753;3756;7.48;0.45;257.71;3.07;964;14;1276.00;3
2791;14;5771708;2791;226;3753;3756;7.51;0.45;257.74;3.07;962;14;1277.00;3
2792;14;5771718;2792;221;3755;3759;7.51;0.45;257.94;3.07;963;14;1278.00;4
2793;14;5771729;2793;221;3757;3759;7.56;0.46;257.85;3.08;964;14;1279.00;2
2796;14;5771741;2796;221;3757;3759;7.59;0.46;257.91;3.08;961;14;1280.00;2
2798;14;5771752;2798;222;3757;3759;7.60;0.46;258.21;3.08;959;14;1281.00;2
2799;14;5771763;2799;220;3761;3763;7.73;0.47;258.17;3.07;962;14;1282.00;2
2800;14;5771774;2800;225;3761;3763;7.77;0.47;258.17;3.07;961;14;1283.00;2
2802;14;5771785;2802;220;3761;3763;7.83;0.47;258.38;3.07;959;14;1284.00;2
2802;14;5771796;2802;221;3762;3763;7.89;0.48;258.38;3.08;960;14;1285.00;1
2806;14;5771807;2806;228;3763;3764;7.89;0.48;258.48;3.08;957;14;1286.00;1
2808;14;5771818;2808;224;3765;3765;7.88;0.48;258.73;3.08;957;14;1287.00;0
2809;14;5771829;2809;226;3765;3765;7.83;0.47;258.79;3.08;956;14;1288.00;0
2812;14;5771840;2812;226;3766;3766;7.87;0.48;258.82;3.08;954;14;1289.00;0
2812;14;5771852;2812;233;3766;3766;7.89;0.48;258.82;3.08;954;14;1290.00;0
2817;14;5771862;2817;239;3766;3766;7.89;0.48;258.91;3.08;949;14;1291.00;0
2817;14;5771875;2817;241;3766;3766;7.95;0.48;258.91;3.08;949;14;1292.00;0
2820;14;5771887;2820;238;3766;3766;7.91;0.48;259.06;3.08;946;14;1293.00;0
2823;14;5771898;2823;238;3766;3766;7.83;0.47;259.17;3.08;943;14;1294.00;0
2824;14;5771908;2824;240;3766;3766;7.76;0.47;259.18;3.08;942;14;1295.00;0
2824;14;5771918;2824;260;3846;3893;7.93;0.49;259.18;3.01;1022;14;1296.00;47
2827;14;5771938;2827;255;3850;3894;7.99;0.49;259.08;3.01;1023;14;1297.00;44
2829;14;5771949;2829;250;3858;3894;8.02;0.49;259.20;3.01;1029;14;1298.00;36
2833;14;5771960;2833;253;3862;3894;8.00;0.49;259.40;3.01;1029;14;1299.00;32
2838;14;5771972;2838;251;3866;3894;7.96;0.49;259.62;3.01;1028;14;1300.00;28
2840;14;5771986;2840;251;3867;3894;7.87;0.48;259.63;3.01;1027;14;1301.00;27
2845;14;5771998;2845;252;3869;3894;7.77;0.48;259.62;3.01;1024;14;1302.00;25
2848;14;5772010;2848;256;3871;3894;7.69;0.47;259.67;3.01;1023;14;1303.00;23
2851;14;5772021;2851;253;3874;3895;7.63;0.47;259.62;3.02;1023;14;1304.00;21
2854;14;5772032;2854;251;3879;3897;7.64;0.47;259.88;3.02;1025;14;1305.00;18
2855;14;5772044;2855;246;3881;3897;7.61;0.47;260.00;3.03;1026;14;1306.00;16
2858;14;5772055;2858;247;3884;3898;7.55;0.46;260.28;3.03;1026;14;1307.00;14
2862;14;5772067;2862;248;3887;3898;7.54;0.46;260.31;3.04;1025;14;1308.00;11
2864;14;5772078;2864;252;3889;3898;7.47;0.46;260.38;3.04;1025;14;1309.00;9
2866;14;5772089;2866;255;3891;3898;7.44;0.46;260.42;3.05;1025;14;1310.00;7
2868;14;5772101;2868;260;3896;3902;7.43;0.46;260.46;3.05;1028;14;1311.00;6
2868;14;5772113;2868;269;3897;3902;7.40;0.46;260.46;3.05;1029;14;1312.00;5
2871;14;5772124;2871;279;3898;3902;7.30;0.45;260.69;3.05;1027;14;1313.00;4
2874;14;5772135;2874;288;3900;3905;7.27;0.45;261.02;3.06;1026;14;1314.00;5
2880;14;5772146;2880;291;3900;3905;7.18;0.44;261.06;3.06;1020;14;1315.00;5
2881;14;5772157;2881;293;3902;3905;7.09;0.44;261.16;3.07;1021;14;1316.00;3
2884;14;5772168;2884;300;3906;3909;6.94;0.43;261.43;3.06;1022;14;1317.00;3
2886;14;5772178;2886;297;3908;3910;6.90;0.42;261.40;3.06;1022;14;1318.00;2
2891;14;5772189;2891;297;3908;3910;6.79;0.42;261.60;3.06;1017;14;1319.00;2
2893;14;5772201;2893;291;3914;3915;6.71;0.41;261.55;3.06;1021;14;1320.00;1
2898;14;5772212;2898;284;3914;3915;6.67;0.41;261.70;3.06;1016;14;1321.00;1
2902;14;5772223;2902;277;3915;3915;6.65;0.41;261.59;3.06;1013;14;1322.00;0
2906;14;5772233;2906;275;3916;3916;6.57;0.40;261.65;3.06;1010;14;1323.00;0
2912;14;5772245;2912;277;3916;3916;6.51;0.40;261.82;3.06;1004;14;1324.00;0
2913;14;5772256;2913;274;3922;3922;6.51;0.40;261.84;3.06;1009;14;1325.00;0
2918;14;5772267;2918;273;3922;3922;6.47;0.40;262.00;3.06;1004;14;1326.00;0
2921;14;5772278;2921;273;3923;3923;6.48;0.40;262.04;3.06;1002;14;1327.00;0
2925;14;5772289;2925;271;3923;3923;6.40;0.39;262.07;3.06;998;14;1328.00;0
2928;14;5772307;2928;273;3923;3923;6.41;0.39;262.09;3.06;995;14;1329.00;0
2932;14;5772323;2932;272;3923;3923;6.37;0.39;262.13;3.06;991;14;1330.00;0
2935;14;5772339;2935;278;3923;3923;6.32;0.38;262.23;3.06;988;14;1331.00;0
2936;14;5772352;2936;278;3935;3935;6.38;0.39;262.30;3.05;999;14;1332.00;0
2943;14;5772365;2943;286;3935;3935;6.34;0.39;262.33;3.05;992;14;1333.00;0
2945;14;5772393;2945;285;3935;3935;6.38;0.39;262.28;3.05;990;14;1334.00;0
2948;14;5772407;2948;296;3935;3935;6.40;0.39;262.47;3.05;987;14;1335.00;0
2951;14;5772419;2951;295;3935;3935;6.42;0.39;262.51;3.05;984;14;1336.00;0
2954;14;5772429;2954;299;3935;3935;6.39;0.39;262.42;3.05;981;14;1337.00;0
2957;14;5772440;2957;304;3939;3939;6.47;0.39;262.40;3.05;982;14;1338.00;0
2962;14;5772456;2962;311;3939;3939;6.50;0.39;262.57;3.05;977;14;1339.00;0
2967;14;5772467;2967;312;3943;3943;6.60;0.40;262.91;3.05;976;14;1340.00;0
2971;14;5772479;2971;313;3944;3944;6.65;0.40;263.27;3.04;973;14;1341.00;0
2975;14;5772490;2975;320;3944;3944;6.65;0.40;263.44;3.04;969;14;1342.00;0
2979;14;5772502;2979;324;3944;3944;6.62;0.40;263.55;3.04;965;14;1343.00;0
2983;14;5772512;2983;329;3957;3957;6.72;0.41;263.85;3.03;974;14;1344.00;0
2984;14;5772525;2984;338;3957;3957;6.66;0.41;263.88;3.03;973;14;1345.00;0
2990;14;5772535;2990;341;3957;3957;6.57;0.40;264.14;3.03;967;14;1346.00;0
2994;14;5772547;2994;347;3958;3958;6.48;0.39;264.27;3.03;964;14;1347.00;0
2998;14;5772558;2998;358;3959;3959;6.39;0.39;264.51;3.03;961;14;1348.00;0
3000;14;5772568;3000;374;3959;3959;6.28;0.38;264.68;3.03;959;14;1349.00;0
3002;14;5772580;3002;371;3965;3968;6.29;0.39;264.70;3.03;963;14;1350.00;3
3005;14;5772591;3005;377;3965;3968;6.26;0.38;264.76;3.03;960;14;1351.00;3
3010;14;5772601;3010;386;3967;3968;6.19;0.38;265.04;3.03;957;14;1352.00;1
3014;14;5772612;3014;392;3967;3968;6.10;0.37;265.13;3.03;953;14;1353.00;1
3018;14;5772622;3018;402;3973;3974;6.01;0.37;265.41;3.03;955;14;1354.00;1
3024;14;5772632;3024;401;3974;3974;5.94;0.36;265.35;3.03;950;14;1355.00;0
3029;14;5772642;3029;404;3974;3974;5.83;0.36;265.65;3.03;945;14;1356.00;0
3034;14;5772653;3034;408;3974;3974;5.73;0.35;265.86;3.03;940;14;1357.00;0
3036;14;5772664;3036;410;3978;3978;5.71;0.35;265.92;3.02;942;14;1358.00;0
3042;14;5772674;3042;419;3979;3979;5.59;0.34;266.13;3.02;937;14;1359.00;0
3048;14;5772684;3048;417;3979;3979;5.46;0.33;266.30;3.02;931;14;1360.00;0
3051;14;5772693;3051;423;3980;3980;5.35;0.33;266.38;3.02;929;14;1361.00;0
3055;14;5772703;3055;428;3980;3980;5.36;0.33;266.47;3.02;925;14;1362.00;0
3060;14;5772713;3060;430;3980;3980;5.31;0.32;266.28;3.02;920;14;1363.00;0
3064;14;5772723;3064;434;3980;3980;5.29;0.32;266.45;3.02;916;14;1364.00;0
3066;14;5772733;3066;433;3980;3980;5.23;0.32;266.43;3.02;914;14;1365.00;0
3069;14;5772742;3069;436;3980;3980;5.18;0.32;266.44;3.02;911;14;1366.00;0
3071;14;5772752;3071;426;3980;3980;5.20;0.32;266.31;3.02;909;14;1367.00;0
3071;14;5772761;3071;435;4024;4050;5.50;0.34;266.31;2.99;953;14;1368.00;26
3074;14;5772776;3074;431;4025;4051;5.54;0.34;266.36;2.99;951;14;1369.00;26
3075;14;5772786;3075;425;4032;4051;5.67;0.35;266.50;2.99;957;14;1370.00;19
3078;14;5772796;3078;427;4033;4051;5.72;0.35;266.68;2.99;955;14;1371.00;18
3081;14;5772806;3081;422;4036;4051;5.79;0.35;266.66;2.99;955;14;1372.00;15
3084;14;5772817;3084;425;4039;4051;5.82;0.36;266.74;2.99;955;14;1373.00;12
3088;14;5772826;3088;427;4042;4051;5.85;0.36;266.79;2.99;954;14;1374.00;9
3092;14;5772836;3092;425;4045;4051;5.84;0.36;266.74;3.00;953;14;1375.00;6
3092;14;5772846;3092;412;4047;4052;5.81;0.36;266.74;3.00;955;14;1376.00;5
3093;14;5772857;3093;409;4049;4053;5.79;0.35;266.74;3.00;956;14;1377.00;4
3096;14;5772867;3096;405;4051;4053;5.78;0.35;266.69;3.00;955;14;1378.00;2
3098;14;5772877;3098;396;4057;4057;5.80;0.35;266.59;3.00;959;14;1379.00;0
3100;14;5772889;3100;397;4057;4057;5.85;0.36;266.62;3.00;957;14;1380.00;0
3100;14;5772900;3100;400;4057;4057;5.98;0.37;266.62;3.00;957;14;1381.00;0
3101;14;5772910;3101;409;4057;4057;6.02;0.37;266.54;3.00;956;14;1382.00;0
3102;14;5772920;3102;409;4063;4063;6.14;0.38;266.57;3.00;961;14;1383.00;0
3103;14;5772931;3103;414;4063;4063;6.24;0.38;266.57;3.00;960;14;1384.00;0
3107;14;5772942;3107;410;4063;4063;6.24;0.38;266.59;3.00;956;14;1385.00;0
3110;14;5772952;3110;410;4065;4066;6.29;0.38;266.65;3.00;955;14;1386.00;1
3111;14;5772963;3111;406;4065;4066;6.31;0.39;266.70;3.00;954;14;1387.00;1
3114;14;5772973;3114;402;4066;4066;6.32;0.39;266.66;3.00;952;14;1388.00;0
3114;14;5772984;3114;400;4067;4067;6.31;0.39;266.66;3.00;953;14;1389.00;0
3116;14;5772994;3116;389;4068;4068;6.32;0.39;266.62;3.00;952;14;1390.00;0
3116;14;5773005;3116;385;4068;4068;6.34;0.39;266.62;3.00;952;14;1391.00;0
3118;14;5773015;3118;380;4081;4081;6.41;0.39;266.60;2.99;963;14;1392.00;0
3119;14;5773026;3119;375;4081;4081;6.46;0.39;266.55;2.99;962;14;1393.00;0
3120;14;5773037;3120;371;4081;4081;6.55;0.40;266.67;2.99;961;14;1394.00;0
3120;14;5773047;3120;365;4083;4083;6.68;0.41;266.67;2.99;963;14;1395.00;0
3123;14;5773058;3123;365;4083;4083;6.76;0.41;266.71;2.99;960;15;1396.00;0
3125;14;5773082;3125;359;4087;4087;6.85;0.42;266.71;2.98;962;15;1397.00;0
3127;14;5773093;3127;359;4087;4087;6.84;0.42;266.66;2.98;960;15;1398.00;0
3130;15;5773104;3130;358;4091;4091;6.85;0.42;266.70;2.98;961;16;1399.00;0
3133;15;5773122;3133;355;4091;4091;6.88;0.42;266.59;2.98;958;16;1400.00;0
3133;15;5773140;3133;352;4091;4091;6.93;0.42;266.59;2.98;958;16;1401.00;0
3135;15;5773156;3135;351;4091;4091;6.94;0.42;266.66;2.98;956;16;1402.00;0
3136;15;5773167;3136;350;4091;4091;6.91;0.42;266.58;2.98;955;16;1403.00;0
3136;15;5773178;3136;350;4101;4103;6.97;0.42;266.58;2.97;965;16;1404.00;2
3141;15;5773190;3141;348;4101;4103;6.94;0.42;266.56;2.97;960;16;1405.00;2
3143;15;5773201;3143;347;4103;4103;7.00;0.42;266.49;2.97;960;16;1406.00;0
3145;15;5773211;3145;347;4103;4103;7.06;0.43;266.57;2.97;958;16;1407.00;0
3146;15;5773222;3146;346;4103;4103;7.12;0.43;266.68;2.97;957;16;1408.00;0
3148;15;5773233;3148;344;4103;4103;7.09;0.43;266.83;2.97;955;16;1409.00;0
3148;15;5773244;3148;335;4104;4104;7.10;0.43;266.83;2.97;956;16;1410.00;0
3150;15;5773255;3150;330;4104;4104;7.12;0.43;266.87;2.97;954;16;1411.00;0
3152;15;5773266;3152;319;4110;4110;7.14;0.43;266.96;2.97;958;16;1412.00;0
3157;15;5773277;3157;308;4111;4111;7.07;0.43;267.08;2.97;954;16;1413.00;0
3158;15;5773288;3158;295;4111;4111;7.11;0.43;267.15;2.97;953;16;1414.00;0
3162;15;5773298;3162;294;4111;4111;7.08;0.43;267.36;2.97;949;16;1415.00;0
3164;15;5773309;3164;288;4115;4115;7.12;0.43;267.36;2.97;951;16;1416.00;0
3167;15;5773320;3167;277;4115;4115;7.16;0.43;267.37;2.97;948;16;1417.00;0
3170;15;5773330;3170;275;4115;4115;7.25;0.44;267.51;2.97;945;16;1418.00;0
3172;15;5773340;3172;271;4116;4116;7.32;0.44;267.75;2.97;944;16;1419.00;0
3174;15;5773350;3174;262;4120;4120;7.37;0.45;267.93;2.96;946;16;1420.00;0
3177;15;5773366;3177;263;4120;4120;7.41;0.45;268.14;2.96;943;16;1421.00;0
3181;15;5773376;3181;255;4122;4123;7.44;0.45;268.48;2.96;941;16;1422.00;1
3184;15;5773387;3184;251;4123;4123;7.51;0.45;268.47;2.96;939;16;1423.00;0
3190;15;5773397;3190;247;4123;4123;7.57;0.46;268.65;2.96;933;16;1424.00;0
3194;15;5773408;3194;245;4123;4123;7.64;0.46;269.04;2.96;929;16;1425.00;0
3198;15;5773418;3198;245;4127;4127;7.76;0.47;269.08;2.96;929;16;1426.00;0
3202;15;5773430;3202;240;4127;4127;7.82;0.47;269.14;2.96;925;16;1427.00;0
3203;15;5773440;3203;235;4127;4127;7.90;0.48;269.09;2.96;924;16;1428.00;0
3205;15;5773450;3205;234;4127;4127;7.91;0.48;269.03;2.96;922;16;1429.00;0
3207;15;5773461;3207;235;4128;4128;7.89;0.48;269.08;2.96;921;16;1430.00;0
3209;15;5773471;3209;230;4129;4129;7.93;0.48;269.08;2.96;920;16;1431.00;0
3212;15;5773482;3212;225;4129;4129;7.89;0.48;269.21;2.96;917;16;1432.00;0
3214;15;5773494;3214;224;4130;4130;7.88;0.48;269.21;2.96;916;16;1433.00;0
3217;15;5773506;3217;223;4130;4130;7.88;0.48;269.28;2.96;913;16;1434.00;0
3220;15;5773517;3220;227;4130;4130;7.91;0.48;269.31;2.96;910;16;1435.00;0
3222;15;5773528;3222;229;4130;4130;7.94;0.48;269.32;2.96;908;16;1436.00;0
3225;15;5773539;3225;230;4130;4130;7.96;0.48;269.39;2.96;905;16;1437.00;0
3227;15;5773549;3227;227;4130;4130;8.00;0.48;269.39;2.96;903;16;1438.00;0
3230;15;5773559;3230;226;4130;4130;8.02;0.48;269.40;2.96;900;16;1439.00;0
3232;15;5773571;3232;259;4240;4360;8.19;0.51;269.39;2.88;1008;16;1440.00;120
3234;15;5773600;3234;254;4247;4361;8.20;0.51;269.43;2.88;1013;16;1441.00;114
3236;15;5773612;3236;242;4258;4361;8.34;0.52;269.52;2.88;1022;16;1442.00;103
3238;15;5773624;3238;236;4261;4361;8.38;0.52;269.74;2.88;1023;16;1443.00;100
3241;15;5773635;3241;233;4269;4361;8.39;0.52;269.95;2.88;1028;16;1444.00;92
3243;15;5773652;3243;233;4276;4361;8.35;0.52;270.01;2.88;1033;16;1445.00;85
3244;15;5773663;3244;231;4284;4361;8.28;0.51;270.14;2.89;1040;16;1446.00;77
3247;15;5773674;3247;227;4293;4361;8.25;0.51;270.24;2.90;1046;16;1447.00;68
3249;15;5773686;3249;231;4299;4362;8.27;0.51;270.27;2.90;1050;16;1448.00;63
3250;15;5773697;3250;242;4306;4363;8.29;0.51;270.39;2.91;1056;16;1449.00;57
3252;15;5773709;3252;239;4311;4363;8.22;0.51;270.40;2.92;1059;16;1450.00;52
3255;15;5773721;3255;240;4315;4364;8.13;0.50;270.49;2.93;1060;16;1451.00;49
3259;15;5773739;3259;244;4318;4364;8.06;0.50;270.72;2.94;1059;16;1452.00;46
3261;15;5773751;3261;245;4323;4364;7.88;0.48;270.71;2.95;1062;16;1453.00;41
3264;15;5773762;3264;255;4327;4364;7.79;0.48;270.78;2.96;1063;16;1454.00;37
3265;15;5773774;3265;257;4333;4368;7.71;0.47;270.86;2.97;1068;16;1455.00;35
3269;15;5773786;3269;260;4336;4368;7.70;0.47;270.83;2.98;1067;16;1456.00;32
3271;15;5773798;3271;264;4339;4368;7.70;0.47;270.74;2.99;1068;16;1457.00;29
3273;15;5773810;3273;269;4343;4371;7.69;0.47;270.93;3.00;1070;16;1458.00;28
3276;15;5773823;3276;276;4347;4371;7.70;0.47;271.27;3.01;1071;16;1459.00;24
3276;15;5773834;3276;278;4349;4371;7.70;0.47;271.27;3.02;1073;16;1460.00;22
3277;15;5773846;3277;286;4357;4375;7.71;0.47;271.30;3.02;1080;16;1461.00;18
3281;15;5773858;3281;287;4361;4376;7.69;0.47;271.35;3.04;1080;16;1462.00;15
3286;15;5773870;3286;291;4363;4376;7.63;0.47;271.58;3.05;1077;17;1463.00;13
3288;15;5773886;3288;293;4366;4380;7.62;0.47;271.64;3.05;1078;17;1464.00;14
3293;15;5773903;3293;299;4371;4380;7.52;0.46;271.55;3.06;1078;17;1465.00;9
3296;15;5773915;3296;303;4371;4380;7.47;0.46;271.57;3.06;1075;17;1466.00;9
3297;15;5773927;3297;305;4372;4381;7.38;0.45;271.60;3.06;1075;17;1467.00;9
3298;15;5773939;3298;307;4372;4381;7.34;0.45;271.57;3.06;1074;18;1468.00;9
3302;15;5773958;3302;301;4378;4387;7.26;0.44;271.55;3.07;1076;18;1469.00;9
3306;15;5773972;3306;297;4379;4387;7.22;0.44;271.60;3.07;1073;18;1470.00;8
3310;15;5773984;3310;292;4381;4388;7.21;0.44;271.50;3.07;1071;18;1471.00;7
3311;15;5773996;3311;293;4381;4388;7.21;0.44;271.64;3.07;1070;18;1472.00;7
3316;15;5774008;3316;293;4382;4388;7.21;0.44;271.66;3.08;1066;18;1473.00;6
3318;15;5774021;3318;293;4383;4388;7.23;0.44;271.60;3.09;1065;18;1474.00;5
3320;15;5774031;3320;293;4383;4388;7.25;0.44;271.66;3.09;1063;18;1475.00;5
3324;15;5774043;3324;288;4394;4400;7.22;0.44;271.76;3.09;1070;18;1476.00;6
3326;15;5774055;3326;297;4395;4400;7.16;0.44;271.87;3.09;1069;18;1477.00;5
3331;15;5774066;3331;300;4397;4400;7.11;0.44;271.99;3.10;1066;18;1478.00;3
3333;15;5774077;3333;309;4398;4400;7.06;0.43;272.14;3.10;1065;18;1479.00;2
3335;16;5774088;3335;313;4399;4400;6.99;0.43;272.19;3.10;1064;19;1480.00;1
3342;16;5774114;3342;320;4399;4400;6.90;0.42;272.43;3.10;1057;19;1481.00;1
3347;16;5774125;3347;322;4403;4404;6.76;0.42;272.75;3.10;1056;19;1482.00;1
3349;16;5774136;3349;321;4403;4404;6.61;0.41;272.79;3.10;1054;19;1483.00;1
3354;16;5774146;3354;332;4407;4408;6.47;0.40;273.01;3.10;1053;19;1484.00;1
3358;16;5774156;3358;320;4409;4410;6.30;0.39;273.03;3.09;1051;19;1485.00;1
3362;16;5774167;3362;315;4409;4410;6.18;0.38;273.22;3.09;1047;19;1486.00;1
3372;16;5774178;3372;317;4409;4410;6.07;0.37;273.41;3.09;1037;19;1487.00;1
3374;16;5774188;3374;325;4422;4423;6.10;0.37;273.59;3.09;1048;19;1488.00;1
3377;16;5774200;3377;337;4422;4423;6.09;0.37;273.63;3.09;1045;19;1489.00;1
3380;16;5774210;3380;334;4422;4423;6.08;0.37;273.57;3.09;1042;19;1490.00;1
3384;16;5774220;3384;335;4423;4424;6.03;0.37;273.62;3.08;1039;19;1491.00;1
3387;16;5774230;3387;327;4424;4425;6.01;0.37;273.60;3.08;1037;19;1492.00;1
3389;16;5774240;3389;325;4424;4425;5.98;0.37;273.53;3.08;1035;19;1493.00;1
3393;16;5774251;3393;323;4426;4428;5.96;0.37;273.75;3.08;1033;19;1494.00;2
3396;16;5774261;3396;328;4426;4428;6.01;0.37;273.76;3.08;1030;19;1495.00;2
3402;16;5774271;3402;336;4427;4428;5.99;0.37;273.67;3.08;1025;19;1496.00;1
3404;16;5774281;3404;335;4427;4428;5.98;0.37;273.64;3.08;1023;19;1497.00;1
3406;16;5774292;3406;334;4433;4434;6.00;0.37;273.60;3.08;1027;19;1498.00;1
3410;16;5774303;3410;340;4433;4434;5.95;0.37;273.62;3.08;1023;19;1499.00;1
3413;16;5774316;3413;352;4438;4453;5.87;0.36;273.65;3.08;1025;19;1500.00;15
3417;16;5774333;3417;352;4438;4453;5.84;0.36;273.73;3.08;1021;19;1501.00;15
3419;16;5774344;3419;355;4442;4457;5.79;0.36;273.82;3.07;1023;19;1502.00;15
3425;16;5774354;3425;354;4443;4458;5.68;0.35;273.80;3.07;1018;19;1503.00;15
3430;16;5774365;3430;364;4444;4458;5.56;0.34;273.82;3.07;1014;19;1504.00;14
3434;16;5774375;3434;371;4446;4459;5.48;0.34;273.92;3.07;1012;19;1505.00;13
3438;16;5774386;3438;386;4448;4459;5.41;0.34;273.90;3.08;1010;19;1506.00;11
3446;16;5774396;3446;384;4448;4459;5.29;0.33;273.78;3.08;1002;19;1507.00;11
3447;16;5774406;3447;388;4448;4459;5.29;0.33;273.82;3.08;1001;19;1508.00;11
3450;16;5774415;3450;392;4448;4459;5.26;0.33;273.99;3.08;998;19;1509.00;11
3452;16;5774425;3452;396;4448;4459;5.24;0.33;273.99;3.08;996;19;1510.00;11
3455;16;5774435;3455;400;4449;4459;5.22;0.33;274.01;3.08;994;19;1511.00;10
3458;16;5774445;3458;412;4487;4529;5.45;0.34;274.19;3.05;1029;19;1512.00;42
3463;16;5774461;3463;417;4490;4530;5.47;0.34;274.04;3.05;1027;19;1513.00;40
3466;16;5774471;3466;422;4497;4530;5.57;0.35;273.99;3.05;1031;19;1514.00;33
3469;16;5774481;3469;414;4498;4530;5.59;0.35;273.94;3.05;1029;19;1515.00;32
3477;16;5774491;3477;416;4500;4530;5.54;0.35;273.88;3.05;1023;19;1516.00;30
3479;16;5774502;3479;420;4502;4530;5.55;0.35;273.94;3.05;1023;19;1517.00;28
3485;16;5774512;3485;423;4507;4530;5.57;0.35;274.09;3.06;1022;19;1518.00;23
3488;16;5774522;3488;430;4508;4530;5.58;0.35;274.10;3.06;1020;19;1519.00;22
3496;16;5774533;3496;438;4509;4531;5.55;0.35;274.11;3.06;1013;19;1520.00;22
3498;16;5774543;3498;435;4511;4532;5.54;0.34;274.08;3.07;1013;19;1521.00;21
3501;16;5774554;3501;447;4513;4532;5.57;0.35;274.07;3.08;1012;19;1522.00;19
3503;16;5774564;3503;448;4520;4536;5.63;0.35;274.06;3.09;1017;19;1523.00;16
3505;16;5774574;3505;459;4522;4536;5.64;0.35;274.02;3.10;1017;19;1524.00;14
3510;16;5774585;3510;464;4524;4536;5.62;0.35;273.96;3.10;1014;19;1525.00;12
3514;16;5774595;3514;474;4527;4536;5.59;0.35;273.93;3.11;1013;19;1526.00;9
3518;16;5774605;3518;478;4532;4542;5.52;0.34;273.90;3.11;1014;19;1527.00;10
3522;16;5774617;3522;479;4533;4542;5.44;0.34;273.90;3.11;1011;19;1528.00;9
3524;16;5774627;3524;483;4534;4542;5.40;0.33;273.83;3.11;1010;19;1529.00;8
3525;16;5774639;3525;487;4538;4548;5.38;0.33;273.83;3.12;1013;19;1530.00;10
3529;16;5774649;3529;492;4538;4548;5.25;0.32;273.65;3.12;1009;19;1531.00;10
3530;16;5774659;3530;487;4541;4548;5.20;0.32;273.65;3.12;1011;19;1532.00;7
3531;16;5774671;3531;481;4542;4549;5.13;0.32;273.70;3.12;1011;19;1533.00;7
3532;16;5774681;3532;472;4544;4550;5.11;0.32;273.75;3.12;1012;19;1534.00;6
3535;16;5774691;3535;471;4545;4550;5.10;0.32;273.80;3.12;1010;19;1535.00;5
3538;16;5774700;3538;469;4558;4563;5.20;0.32;273.71;3.12;1020;19;1536.00;5
3539;16;5774711;3539;458;4559;4563;5.28;0.33;273.64;3.12;1020;19;1537.00;4
3543;16;5774722;3543;451;4560;4563;5.41;0.33;273.52;3.13;1017;19;1538.00;3
3548;16;5774732;3548;442;4561;4564;5.57;0.34;273.41;3.13;1013;19;1539.00;3
3553;16;5774744;3553;441;4561;4564;5.69;0.35;273.39;3.13;1008;19;1540.00;3
3554;16;5774755;3554;430;4567;4568;5.85;0.36;273.41;3.14;1013;19;1541.00;1
3557;16;5774767;3557;415;4567;4568;5.97;0.36;273.44;3.14;1010;19;1542.00;1
3558;16;5774778;3558;408;4572;4572;6.06;0.37;273.47;3.14;1014;19;1543.00;0
3559;16;5774796;3559;397;4572;4572;6.16;0.37;273.42;3.14;1013;19;1544.00;0
3560;16;5774807;3560;393;4572;4572;6.21;0.38;273.35;3.14;1012;19;1545.00;0
3563;16;5774818;3563;386;4572;4572;6.27;0.38;273.24;3.14;1009;19;1546.00;0
3564;16;5774830;3564;383;4572;4572;6.33;0.38;273.19;3.14;1008;19;1547.00;0
3564;16;5774846;3564;378;4583;4584;6.42;0.39;273.19;3.13;1019;19;1548.00;1
3566;16;5774858;3566;380;4583;4584;6.54;0.40;273.16;3.13;1017;19;1549.00;1
3567;16;5774870;3567;377;4584;4584;6.67;0.40;273.19;3.13;1017;19;1550.00;0
3567;16;5774884;3567;377;4584;4584;6.78;0.41;273.19;3.13;1017;19;1551.00;0
3571;16;5774895;3571;369;4584;4584;6.82;0.41;273.22;3.13;1013;19;1552.00;0
3572;16;5774908;3572;362;4584;4584;6.91;0.42;273.26;3.13;1012;19;1553.00;0
3574;16;5774920;3574;355;4585;4585;6.94;0.42;273.28;3.13;1011;19;1554.00;0
3576;16;5774933;3576;355;4587;4587;6.99;0.42;273.31;3.13;1011;19;1555.00;0
3578;16;5774946;3578;344;4593;4593;7.03;0.43;273.34;3.13;1015;19;1556.00;0
3579;16;5774959;3579;347;4594;4594;7.04;0.43;273.33;3.13;1015;19;1557.00;0
3581;16;5774970;3581;340;4594;4594;7.05;0.43;273.37;3.13;1013;19;1558.00;0
3582;16;5774982;3582;345;4594;4594;7.06;0.43;273.42;3.13;1012;19;1559.00;0
3584;16;5774995;3584;339;4599;4599;7.03;0.43;273.51;3.12;1015;19;1560.00;0
3587;16;5775007;3587;343;4599;4599;7.02;0.43;273.47;3.12;1012;19;1561.00;0
3589;16;5775019;3589;344;4599;4599;7.02;0.43;273.40;3.12;1010;19;1562.00;0
3591;16;5775030;3591;349;4600;4600;7.05;0.43;273.64;3.12;1009;19;1563.00;0
3595;16;5775042;3595;348;4604;4604;7.10;0.43;273.86;3.12;1009;19;1564.00;0
3595;16;5775055;3595;349;4604;4604;7.18;0.44;273.86;3.12;1009;19;1565.00;0
3598;16;5775066;3598;345;4606;4607;7.17;0.44;273.90;3.12;1008;19;1566.00;1
3600;16;5775078;3600;351;4606;4607;7.16;0.44;273.96;3.12;1006;19;1567.00;1
3603;16;5775090;3603;347;4607;4607;7.20;0.44;274.09;3.12;1004;19;1568.00;0
3607;16;5775126;3607;354;4607;4607;7.17;0.44;274.39;3.12;1000;19;1569.00;0
3609;16;5775144;3609;353;4611;4611;7.17;0.44;274.35;3.12;1002;19;1570.00;0
3611;16;5775156;3611;355;4611;4611;7.16;0.44;274.43;3.12;1000;19;1571.00;0
3614;16;5775168;3614;352;4611;4611;7.13;0.43;274.54;3.12;997;19;1572.00;0
3617;16;5775179;3617;353;4611;4611;7.11;0.43;274.70;3.12;994;19;1573.00;0
3619;16;5775190;3619;358;4612;4612;7.04;0.43;274.76;3.12;993;19;1574.00;0
3624;16;5775201;3624;352;4614;4614;6.97;0.42;274.91;3.11;990;19;1575.00;0
3627;16;5775212;3627;344;4614;4614;6.95;0.42;274.98;3.11;987;19;1576.00;0
3631;16;5775224;3631;333;4615;4615;6.93;0.42;275.03;3.11;984;19;1577.00;0
3633;16;5775235;3633;326;4615;4615;6.91;0.42;275.04;3.11;982;19;1578.00;0
3636;16;5775245;3636;325;4615;4615;6.94;0.42;275.18;3.11;979;19;1579.00;0
3636;16;5775256;3636;309;4615;4615;7.00;0.42;275.18;3.11;979;19;1580.00;0
3639;16;5775267;3639;303;4615;4615;7.03;0.43;275.44;3.11;976;19;1581.00;0
3644;16;5775278;3644;296;4615;4615;7.03;0.43;275.60;3.11;971;19;1582.00;0
3647;16;5775289;3647;294;4615;4615;7.14;0.43;275.71;3.11;968;19;1583.00;0
3650;16;5775299;3650;319;4694;4742;7.10;0.44;275.95;3.06;1044;19;1584.00;48
3653;16;5775319;3653;305;4696;4743;7.14;0.44;276.03;3.06;1043;19;1585.00;47
3657;16;5775331;3657;285;4702;4743;7.20;0.44;276.18;3.06;1045;19;1586.00;41
3660;16;5775342;3660;284;4703;4743;7.23;0.44;276.48;3.06;1043;19;1587.00;40
3662;16;5775354;3662;279;4708;4743;7.28;0.45;276.48;3.06;1046;19;1588.00;35
3666;16;5775365;3666;274;4710;4743;7.36;0.45;276.68;3.06;1044;19;1589.00;33
3667;16;5775378;3667;271;4713;4743;7.44;0.45;276.74;3.06;1046;19;1590.00;30
3668;16;5775395;3668;273;4715;4743;7.48;0.46;276.86;3.07;1047;19;1591.00;28
3669;16;5775407;3669;267;4717;4744;7.51;0.46;276.80;3.07;1048;19;1592.00;27
3674;16;5775424;3674;268;4722;4745;7.49;0.46;276.95;3.07;1048;19;1593.00;23
3678;16;5775436;3678;266;4726;4745;7.54;0.46;277.07;3.08;1048;19;1594.00;19
3679;16;5775447;3679;268;4728;4746;7.61;0.46;277.15;3.08;1049;19;1595.00;18
3681;16;5775459;3681;269;4732;4746;7.59;0.46;277.22;3.09;1051;19;1596.00;14
3683;16;5775471;3683;268;4734;4746;7.57;0.46;277.16;3.09;1051;19;1597.00;12
3683;16;5775482;3683;272;4735;4746;7.57;0.46;277.16;3.10;1052;19;1598.00;11
3687;16;5775493;3687;274;4740;4750;7.60;0.46;277.29;3.10;1053;19;1599.00;10
3689;16;5775506;3689;276;4742;4750;7.53;0.46;277.31;3.10;1053;19;1600.00;8
3690;16;5775521;3690;278;4742;4750;7.51;0.46;277.24;3.10;1052;19;1601.00;8
3693;16;5775533;3693;281;4744;4753;7.49;0.45;277.40;3.10;1051;19;1602.00;9
3697;16;5775545;3697;277;4745;4753;7.40;0.45;277.66;3.11;1048;19;1603.00;8
3698;16;5775557;3698;279;4747;4753;7.32;0.44;277.72;3.11;1049;19;1604.00;6
3700;16;5775568;3700;281;4751;4757;7.27;0.44;277.93;3.11;1051;19;1605.00;6
3702;16;5775580;3702;281;4752;4758;7.21;0.44;278.10;3.11;1050;19;1606.00;6
3705;16;5775592;3705;275;4753;4758;7.20;0.44;278.44;3.12;1048;19;1607.00;5
3708;16;5775604;3708;276;4756;4762;7.23;0.44;278.46;3.12;1048;19;1608.00;6
3708;16;5775617;3708;281;4758;4762;7.29;0.44;278.46;3.12;1050;19;1609.00;4
3711;16;5775628;3711;281;4758;4762;7.24;0.44;278.60;3.12;1047;19;1610.00;4
3712;16;5775640;3712;283;4759;4763;7.22;0.44;278.73;3.12;1047;19;1611.00;4
3716;16;5775651;3716;286;4759;4763;7.17;0.44;278.80;3.12;1043;19;1612.00;4
3716;16;5775663;3716;289;4765;4769;7.19;0.44;278.80;3.12;1049;19;1613.00;4
3717;16;5775676;3717;294;4765;4769;7.14;0.43;278.90;3.12;1048;19;1614.00;4
3718;16;5775687;3718;299;4766;4770;7.06;0.43;278.87;3.12;1048;19;1615.00;4
3720;16;5775699;3720;306;4766;4770;6.97;0.42;278.97;3.12;1046;19;1616.00;4
3724;16;5775710;3724;307;4766;4770;6.90;0.42;279.16;3.12;1042;19;1617.00;4
3727;16;5775722;3727;311;4767;4770;6.89;0.42;279.18;3.13;1040;19;1618.00;3
3730;16;5775734;3730;314;4767;4770;6.85;0.42;279.22;3.13;1037;19;1619.00;3
3732;16;5775747;3732;319;4795;4806;7.02;0.43;279.29;3.11;1063;19;1620.00;11
3733;16;5775762;3733;321;4797;4806;7.03;0.43;279.25;3.11;1064;19;1621.00;9
3734;16;5775774;3734;323;4802;4806;7.07;0.43;279.22;3.11;1068;19;1622.00;4
3737;16;5775786;3737;330;4804;4806;7.04;0.43;279.18;3.11;1067;19;1623.00;2
3738;17;5775797;3738;333;4805;4806;6.95;0.43;279.15;3.11;1067;20;1624.00;1
3739;17;5775818;3739;339;4805;4806;6.87;0.42;279.12;3.11;1066;20;1625.00;1
3740;17;5775829;3740;341;4810;4810;6.81;0.42;279.10;3.11;1070;20;1626.00;0
3742;17;5775840;3742;334;4810;4810;6.75;0.41;279.08;3.11;1068;20;1627.00;0
3743;17;5775851;3743;340;4814;4814;6.75;0.41;279.15;3.11;1071;20;1628.00;0
3743;17;5775868;3743;339;4815;4815;6.77;0.42;279.15;3.11;1072;20;1629.00;0
3747;17;5775879;3747;351;4815;4815;6.71;0.41;279.20;3.11;1068;20;1630.00;0
3748;17;5775889;3748;351;4815;4815;6.71;0.41;279.19;3.11;1067;20;1631.00;0
3750;17;5775900;3750;349;4828;4828;6.68;0.41;279.07;3.10;1078;20;1632.00;0
3752;17;5775914;3752;355;4828;4828;6.66;0.41;279.06;3.10;1076;20;1633.00;0
3754;17;5775925;3754;350;4828;4828;6.67;0.41;279.01;3.10;1074;20;1634.00;0
3760;17;5775937;3760;350;4829;4829;6.64;0.41;279.11;3.10;1069;20;1635.00;0
3762;17;5775948;3762;348;4830;4830;6.64;0.41;279.03;3.10;1068;20;1636.00;0
3766;17;5775959;3766;351;4830;4830;6.54;0.40;279.03;3.10;1064;20;1637.00;0
3769;17;5775970;3769;351;4833;4833;6.50;0.40;279.22;3.10;1064;20;1638.00;0
3772;17;5775982;3772;348;4833;4833;6.46;0.39;279.11;3.10;1061;20;1639.00;0
3775;17;5775992;3775;354;4833;4833;6.35;0.39;279.29;3.10;1058;20;1640.00;0
3777;17;5776003;3777;355;4833;4833;6.33;0.38;279.39;3.10;1056;20;1641.00;0
3778;17;5776013;3778;350;4839;4839;6.36;0.39;279.41;3.10;1061;20;1642.00;0
3783;17;5776024;3783;358;4839;4839;6.26;0.38;279.58;3.10;1056;20;1643.00;0
3784;17;5776034;3784;358;4839;4839;6.19;0.38;279.60;3.10;1055;20;1644.00;0
3786;17;5776044;3786;365;4839;4839;6.14;0.37;279.62;3.10;1053;20;1645.00;0
3790;17;5776054;3790;373;4843;4843;6.03;0.37;279.72;3.09;1053;20;1646.00;0
3795;17;5776064;3795;374;4844;4844;5.87;0.36;279.83;3.09;1049;20;1647.00;0
3798;17;5776074;3798;380;4844;4844;5.74;0.35;279.82;3.09;1046;20;1648.00;0
3803;17;5776084;3803;389;4845;4845;5.61;0.34;280.07;3.09;1042;20;1649.00;0
3806;17;5776095;3806;380;4845;4845;5.52;0.34;280.08;3.09;1039;20;1650.00;0
3811;17;5776104;3811;387;4845;4845;5.42;0.33;280.35;3.09;1034;20;1651.00;0
3815;17;5776114;3815;377;4845;4845;5.34;0.33;280.39;3.09;1030;20;1652.00;0
3819;17;5776124;3819;378;4845;4845;5.28;0.32;280.33;3.09;1026;20;1653.00;0
3824;17;5776133;3824;372;4845;4845;5.19;0.32;280.50;3.09;1021;20;1654.00;0
3829;17;5776143;3829;372;4845;4845;5.15;0.32;280.60;3.09;1016;20;1655.00;0
3832;17;5776153;3832;381;4885;4915;5.31;0.33;280.70;3.07;1053;20;1656.00;30
3835;17;5776168;3835;372;4887;4916;5.34;0.33;280.77;3.07;1052;20;1657.00;29
3837;17;5776178;3837;371;4894;4916;5.42;0.34;280.89;3.06;1057;20;1658.00;22
3840;17;5776190;3840;380;4898;4916;5.48;0.34;280.86;3.06;1058;20;1659.00;18
3842;17;5776200;3842;380;4902;4916;5.49;0.34;280.85;3.07;1060;20;1660.00;14
3846;17;5776210;3846;385;4902;4916;5.48;0.34;280.90;3.07;1056;20;1661.00;14
3848;17;5776220;3848;384;4905;4916;5.53;0.34;280.88;3.07;1057;20;1662.00;11
3851;17;5776230;3851;392;4906;4916;5.51;0.34;280.94;3.07;1055;20;1663.00;10
3856;17;5776241;3856;403;4908;4917;5.47;0.34;280.99;3.07;1052;20;1664.00;9
3859;17;5776251;3859;414;4910;4919;5.42;0.33;280.94;3.07;1051;20;1665.00;9
3864;17;5776261;3864;420;4912;4919;5.28;0.32;280.85;3.07;1048;20;1666.00;7
3868;17;5776272;3868;427;4918;4923;5.26;0.32;280.72;3.07;1050;20;1667.00;5
3874;17;5776283;3874;433;4918;4923;5.17;0.32;280.69;3.07;1044;20;1668.00;5
3879;17;5776293;3879;432;4920;4923;5.14;0.31;280.48;3.08;1041;20;1669.00;3
3880;17;5776303;3880;438;4922;4923;5.11;0.31;280.46;3.08;1042;20;1670.00;1
3886;17;5776314;3886;438;4928;4929;4.99;0.31;280.30;3.08;1042;20;1671.00;1
3889;17;5776325;3889;437;4929;4929;4.98;0.30;280.22;3.08;1040;20;1672.00;0
3891;17;5776336;3891;443;4929;4929;4.95;0.30;280.22;3.08;1038;20;1673.00;0
3894;17;5776346;3894;448;4932;4932;4.94;0.30;280.27;3.08;1038;20;1674.00;0
3895;17;5776357;3895;453;4932;4932;4.96;0.30;280.29;3.08;1037;20;1675.00;0
3899;17;5776367;3899;458;4932;4932;4.91;0.30;280.19;3.08;1033;20;1676.00;0
3902;17;5776377;3902;466;4933;4933;4.84;0.30;280.21;3.08;1031;20;1677.00;0
3908;17;5776388;3908;471;4934;4934;4.82;0.29;280.22;3.08;1026;20;1678.00;0
3911;17;5776399;3911;480;4934;4934;4.81;0.29;280.23;3.08;1023;20;1679.00;0
3912;17;5776411;3912;486;4957;4960;4.92;0.30;280.28;3.06;1045;20;1680.00;3
3913;17;5776423;3913;495;4957;4960;4.95;0.30;280.34;3.06;1044;20;1681.00;3
3916;17;5776433;3916;499;4959;4960;5.00;0.31;280.35;3.06;1043;20;1682.00;1
3917;17;5776443;3917;508;4960;4961;5.03;0.31;280.37;3.06;1043;20;1683.00;1
3923;17;5776454;3923;494;4961;4961;5.03;0.31;280.44;3.06;1038;20;1684.00;0
3927;17;5776464;3927;490;4965;4965;5.04;0.31;280.36;3.06;1038;20;1685.00;0
3930;17;5776476;3930;486;4965;4965;5.05;0.31;280.44;3.06;1035;20;1686.00;0
3931;17;5776486;3931;482;4969;4969;5.10;0.31;280.44;3.06;1038;20;1687.00;0
3934;17;5776497;3934;482;4969;4969;5.09;0.31;280.46;3.06;1035;20;1688.00;0
3938;17;5776508;3938;479;4969;4969;5.09;0.31;280.41;3.06;1031;20;1689.00;0
3942;17;5776520;3942;480;4969;4969;5.07;0.31;280.44;3.06;1027;20;1690.00;0
3944;17;5776536;3944;474;4969;4969;5.10;0.31;280.54;3.06;1025;20;1691.00;0
3948;17;5776548;3948;473;4979;4981;5.22;0.32;280.60;3.05;1031;20;1692.00;2
3951;17;5776559;3951;481;4980;4981;5.25;0.32;280.56;3.05;1029;20;1693.00;1
3955;17;5776575;3955;474;4981;4981;5.24;0.32;280.60;3.05;1026;20;1694.00;0
3959;17;5776591;3959;471;4981;4981;5.23;0.32;280.69;3.05;1022;20;1695.00;0
3961;17;5776603;3961;466;4981;4981;5.25;0.32;280.70;3.05;1020;20;1696.00;0
3963;17;5776614;3963;459;4981;4981;5.28;0.32;280.72;3.05;1018;20;1697.00;0
3963;17;5776625;3963;443;4982;4982;5.34;0.32;280.72;3.05;1019;20;1698.00;0
3967;17;5776636;3967;439;4982;4982;5.34;0.32;280.84;3.05;1015;20;1699.00;0
3970;17;5776647;3970;435;4988;4988;5.39;0.33;280.75;3.05;1018;20;1700.00;0
3971;17;5776662;3971;435;4989;4989;5.42;0.33;280.75;3.05;1018;20;1701.00;0
3972;17;5776674;3972;431;4989;4989;5.44;0.33;280.76;3.05;1017;20;1702.00;0
3974;17;5776685;3974;432;4989;4989;5.52;0.33;280.74;3.05;1015;20;1703.00;0
3976;17;5776696;3976;433;4993;4993;5.61;0.34;280.71;3.05;1017;20;1704.00;0
3977;17;5776708;3977;432;4993;4993;5.70;0.34;280.77;3.05;1016;20;1705.00;0
3978;17;5776723;3978;419;4993;4993;5.79;0.35;280.80;3.05;1015;20;1706.00;0
3980;17;5776735;3980;407;4994;4994;5.86;0.35;280.87;3.05;1014;20;1707.00;0
3981;17;5776752;3981;410;4998;4998;5.90;0.36;281.00;3.04;1017;20;1708.00;0
3984;17;5776764;3984;397;4998;4998;5.99;0.36;281.03;3.04;1014;20;1709.00;0
3986;17;5776777;3986;393;5002;5004;6.10;0.37;280.92;3.04;1016;20;1710.00;2
3989;17;5776789;3989;383;5002;5004;6.14;0.37;281.00;3.04;1013;20;1711.00;2
3991;17;5776807;3991;386;5004;5004;6.20;0.38;280.97;3.04;1013;20;1712.00;0
3994;17;5776818;3994;386;5004;5004;6.26;0.38;281.02;3.04;1010;20;1713.00;0
3996;17;5776829;3996;388;5008;5008;6.34;0.38;281.11;3.04;1012;20;1714.00;0
3997;17;5776841;3997;382;5008;5008;6.42;0.39;281.15;3.04;1011;20;1715.00;0
3999;17;5776853;3999;384;5008;5008;6.43;0.39;281.25;3.04;1009;20;1716.00;0
4001;17;5776864;4001;379;5008;5008;6.44;0.39;281.40;3.04;1007;20;1717.00;0
4003;17;5776875;4003;370;5009;5009;6.44;0.39;281.56;3.04;1006;20;1718.00;0
4005;17;5776886;4005;369;5010;5010;6.44;0.39;281.59;3.04;1005;20;1719.00;0
4006;17;5776897;4006;369;5010;5010;6.45;0.39;281.72;3.04;1004;20;1720.00;0
4007;17;5776908;4007;367;5011;5011;6.52;0.40;281.75;3.04;1004;20;1721.00;0
4014;17;5776919;4014;358;5011;5011;6.47;0.39;282.04;3.04;997;20;1722.00;0
4015;17;5776930;4015;358;5011;5011;6.51;0.40;282.05;3.04;996;20;1723.00;0
4018;17;5776941;4018;353;5011;5011;6.50;0.39;282.16;3.04;993;20;1724.00;0
4020;17;5776952;4020;366;5011;5011;6.50;0.39;282.27;3.04;991;20;1725.00;0
4021;17;5776963;4021;364;5011;5011;6.53;0.40;282.28;3.04;990;21;1726.00;0
4027;17;5776982;4027;365;5011;5011;6.56;0.40;282.42;3.04;984;21;1727.00;0
4029;17;5776993;4029;386;5094;5138;6.78;0.42;282.50;2.99;1065;21;1728.00;44
4031;17;5777014;4031;373;5097;5139;6.87;0.42;282.65;2.99;1066;21;1729.00;42
4034;17;5777027;4034;354;5104;5139;6.97;0.43;282.76;2.99;1070;21;1730.00;35
4036;17;5777039;4036;348;5107;5139;7.02;0.43;282.92;2.99;1071;21;1731.00;32
4040;17;5777051;4040;344;5111;5139;7.03;0.43;283.19;2.99;1071;21;1732.00;28
4042;17;5777062;4042;344;5112;5139;7.01;0.43;283.42;2.99;1070;21;1733.00;27
4043;17;5777073;4043;355;5114;5139;6.99;0.43;283.48;2.99;1071;21;1734.00;25
4046;17;5777085;4046;369;5116;5139;6.97;0.43;283.54;2.99;1070;21;1735.00;23
4049;17;5777097;4049;370;5119;5140;6.99;0.43;283.75;2.99;1070;21;1736.00;21
4053;17;5777109;4053;381;5123;5141;6.96;0.43;283.89;3.00;1070;21;1737.00;18
4055;17;5777122;4055;389;5125;5141;6.94;0.42;283.97;3.00;1070;21;1738.00;16
4057;17;5777133;4057;397;5128;5142;6.92;0.42;283.99;3.00;1071;21;1739.00;14
4059;17;5777147;4059;388;5130;5142;6.91;0.42;283.97;3.01;1071;21;1740.00;12
4061;17;5777164;4061;381;5133;5142;6.93;0.42;284.07;3.01;1072;21;1741.00;9
4062;17;5777180;4062;378;5134;5142;6.94;0.42;284.07;3.02;1072;21;1742.00;8
4065;17;5777191;4065;378;5138;5146;6.93;0.42;284.06;3.02;1073;21;1743.00;8
4069;17;5777204;4069;369;5141;5146;6.86;0.42;284.21;3.02;1072;21;1744.00;5
4072;17;5777216;4072;364;5142;5146;6.82;0.42;284.26;3.02;1070;21;1745.00;4
4074;17;5777227;4074;363;5144;5149;6.83;0.42;284.30;3.03;1070;21;1746.00;5
4075;17;5777239;4075;351;5145;5149;6.86;0.42;284.38;3.03;1070;21;1747.00;4
4079;17;5777251;4079;346;5145;5149;6.85;0.42;284.51;3.03;1066;21;1748.00;4
4081;17;5777263;4081;350;5151;5153;6.87;0.42;284.60;3.03;1070;21;1749.00;2
4082;17;5777275;4082;348;5152;5154;6.92;0.42;284.63;3.03;1070;21;1750.00;2
4086;17;5777287;4086;340;5154;5154;6.96;0.42;284.71;3.03;1068;21;1751.00;0
4089;17;5777299;4089;327;5158;5158;6.98;0.43;284.80;3.03;1069;21;1752.00;0
4093;17;5777311;4093;327;5158;5158;6.97;0.42;284.84;3.03;1065;21;1753.00;0
4095;17;5777323;4095;324;5158;5158;6.98;0.43;284.87;3.03;1063;21;1754.00;0
4099;17;5777334;4099;325;5160;5160;6.99;0.43;285.13;3.03;1061;21;1755.00;0
4102;17;5777346;4102;322;5160;5160;7.07;0.43;285.31;3.03;1058;21;1756.00;0
4107;17;5777357;4107;315;5166;5166;7.13;0.43;285.25;3.03;1059;21;1757.00;0
4112;17;5777369;4112;302;5166;5166;7.14;0.44;285.30;3.03;1054;21;1758.00;0
4119;17;5777380;4119;300;5167;5167;7.11;0.43;285.70;3.03;1048;21;1759.00;0
4122;18;5777392;4122;292;5167;5167;7.11;0.43;285.68;3.03;1045;22;1760.00;0
4125;18;5777413;4125;295;5167;5167;7.08;0.43;285.64;3.03;1042;22;1761.00;0
4130;18;5777425;4130;291;5167;5167;7.05;0.43;285.88;3.03;1037;22;1762.00;0
4132;18;5777436;4132;295;5167;5167;7.02;0.43;285.89;3.03;1035;22;1763.00;0
4133;18;5777453;4133;294;5177;5179;7.07;0.43;285.95;3.02;1044;22;1764.00;2
4136;18;5777465;4136;301;5177;5179;6.99;0.42;286.04;3.02;1041;22;1765.00;2
4141;18;5777476;4141;310;5178;5179;6.94;0.42;286.15;3.02;1037;22;1766.00;1
4142;19;5777488;4142;309;5178;5179;6.95;0.42;286.16;3.02;1036;23;1767.00;1
4144;19;5777514;4144;313;5178;5179;6.89;0.42;286.21;3.02;1034;23;1768.00;1
4146;19;5777526;4146;309;5178;5179;6.83;0.42;286.28;3.02;1032;23;1769.00;1
4147;19;5777542;4147;307;5181;5183;6.80;0.41;286.39;3.02;1034;23;1770.00;2
4148;19;5777554;4148;305;5181;5183;6.80;0.41;286.40;3.02;1033;23;1771.00;2
4151;19;5777565;4151;305;5185;5187;6.82;0.42;286.52;3.02;1034;23;1772.00;2
4155;19;5777582;4155;303;5185;5188;6.83;0.42;286.56;3.02;1030;23;1773.00;3
4158;19;5777594;4158;306;5186;5188;6.86;0.42;286.66;3.02;1028;23;1774.00;2
4162;19;5777609;4162;309;5186;5188;6.86;0.42;286.78;3.02;1024;23;1775.00;2
4163;19;5777621;4163;307;5197;5201;6.95;0.42;286.82;3.01;1034;23;1776.00;4
4167;19;5777633;4167;305;5197;5201;6.91;0.42;287.04;3.01;1030;23;1777.00;4
4170;19;5777645;4170;305;5197;5201;6.89;0.42;287.04;3.01;1027;23;1778.00;4
4171;19;5777655;4171;307;5198;5202;6.93;0.42;287.02;3.01;1027;23;1779.00;4
4174;19;5777666;4174;309;5199;5203;6.92;0.42;287.11;3.01;1025;23;1780.00;4
4176;20;5777678;4176;316;5199;5203;6.88;0.42;287.10;3.01;1023;24;1781.00;4
4180;20;5777700;4180;322;5201;5206;6.88;0.42;287.24;3.01;1021;24;1782.00;5
4182;20;5777711;4182;332;5202;5206;6.87;0.42;287.22;3.01;1020;24;1783.00;4
4185;20;5777722;4185;327;5205;5206;6.85;0.42;287.26;3.02;1020;24;1784.00;1
4185;20;5777733;4185;334;5206;5206;6.85;0.42;287.26;3.02;1021;24;1785.00;0
4187;20;5777744;4187;343;5212;5212;6.90;0.42;287.34;3.01;1025;24;1786.00;0
4187;20;5777755;4187;344;5212;5212;6.81;0.42;287.34;3.01;1025;24;1787.00;0
4190;20;5777765;4190;357;5212;5212;6.64;0.41;287.52;3.01;1022;24;1788.00;0
4191;20;5777776;4191;361;5212;5212;6.50;0.40;287.51;3.01;1021;24;1789.00;0
4195;20;5777786;4195;367;5216;5216;6.34;0.39;287.42;3.01;1021;24;1790.00;0
4198;20;5777797;4198;375;5217;5217;6.24;0.38;287.47;3.01;1019;24;1791.00;0
4201;20;5777808;4201;382;5217;5217;6.14;0.38;287.57;3.01;1016;24;1792.00;0
4202;20;5777818;4202;382;5218;5218;6.12;0.38;287.64;3.01;1016;24;1793.00;0
4205;20;5777828;4205;388;5218;5218;6.05;0.37;287.60;3.01;1013;24;1794.00;0
4207;20;5777838;4207;392;5218;5218;6.02;0.37;287.55;3.01;1011;24;1795.00;0
4209;20;5777847;4209;403;5218;5218;6.01;0.37;287.47;3.01;1009;24;1796.00;0
4209;20;5777857;4209;401;5218;5218;5.97;0.37;287.47;3.01;1009;24;1797.00;0
4211;20;5777866;4211;414;5218;5218;5.91;0.36;287.39;3.01;1007;24;1798.00;0
4213;20;5777876;4213;410;5218;5218;5.87;0.36;287.46;3.01;1005;24;1799.00;0
4217;20;5777888;4217;419;5286;5356;6.08;0.38;287.38;2.97;1069;24;1800.00;70
4220;20;5777913;4220;412;5292;5357;6.04;0.37;287.38;2.97;1072;24;1801.00;65
4224;20;5777924;4224;412;5305;5357;6.07;0.38;287.39;2.97;1081;24;1802.00;52
4229;20;5777934;4229;407;5309;5357;6.00;0.37;287.27;2.97;1080;24;1803.00;48
4234;20;5777945;4234;409;5312;5357;5.91;0.36;287.05;2.97;1078;24;1804.00;45
4238;20;5777955;4238;411;5315;5357;5.86;0.36;286.97;2.97;1077;24;1805.00;42
4240;20;5777966;4240;406;5321;5357;5.85;0.36;286.93;2.97;1081;24;1806.00;36
4241;20;5777976;4241;414;5327;5357;5.82;0.36;286.87;2.98;1086;24;1807.00;30
4241;20;5777986;4241;419;5333;5358;5.81;0.36;286.87;2.98;1092;24;1808.00;25
4243;20;5777997;4243;423;5334;5359;5.73;0.35;286.75;2.98;1091;24;1809.00;25
4245;20;5778007;4245;423;5338;5359;5.69;0.35;286.79;2.99;1093;24;1810.00;21
4246;20;5778018;4246;424;5343;5363;5.61;0.34;286.76;2.99;1097;24;1811.00;20
4252;20;5778028;4252;430;5345;5363;5.45;0.33;286.79;2.99;1093;24;1812.00;18
4255;20;5778038;4255;443;5349;5363;5.34;0.33;286.87;3.00;1094;24;1813.00;14
4257;20;5778048;4257;443;5351;5363;5.22;0.32;286.86;3.00;1094;24;1814.00;12
4259;20;5778062;4259;437;5358;5369;5.10;0.31;286.87;3.00;1099;24;1815.00;11
4263;20;5778072;4263;432;5359;5369;4.97;0.30;287.05;3.00;1096;24;1816.00;10
4265;20;5778082;4265;439;5359;5369;4.81;0.29;287.03;3.00;1094;24;1817.00;10
4266;20;5778092;4266;443;5361;5372;4.78;0.29;287.08;3.00;1095;24;1818.00;11
4268;20;5778102;4268;452;5362;5372;4.68;0.29;287.07;3.01;1094;24;1819.00;10
4268;20;5778112;4268;455;5363;5372;4.64;0.28;287.07;3.01;1095;24;1820.00;9
4271;20;5778123;4271;465;5364;5373;4.63;0.28;287.11;3.01;1093;24;1821.00;9
4274;20;5778133;4274;459;5365;5374;4.64;0.28;287.17;3.00;1091;24;1822.00;9
4274;20;5778143;4274;460;5365;5374;4.71;0.29;287.17;3.00;1091;24;1823.00;9
4281;20;5778153;4281;459;5377;5387;4.70;0.29;286.98;3.00;1096;25;1824.00;10
4283;20;5778172;4283;454;5378;5387;4.74;0.29;287.03;3.00;1095;25;1825.00;9
4284;20;5778182;4284;451;5378;5387;4.73;0.29;287.04;3.00;1094;25;1826.00;9
4285;20;5778193;4285;449;5379;5388;4.70;0.29;287.06;3.00;1094;25;1827.00;9
4288;20;5778203;4288;450;5379;5388;4.68;0.29;287.10;3.00;1091;25;1828.00;9
4290;20;5778214;4290;456;5382;5392;4.71;0.29;287.16;3.00;1092;25;1829.00;10
4293;20;5778229;4293;467;5382;5392;4.71;0.29;287.13;3.00;1089;25;1830.00;10
4295;20;5778240;4295;458;5386;5396;4.78;0.29;287.15;3.00;1091;25;1831.00;10
4298;20;5778251;4298;446;5386;5396;4.81;0.30;287.10;3.00;1088;25;1832.00;10
4302;20;5778261;4302;439;5386;5396;4.85;0.30;287.04;3.00;1084;25;1833.00;10
4305;20;5778272;4305;441;5386;5396;4.90;0.30;286.98;3.00;1081;25;1834.00;10
4307;20;5778283;4307;433;5386;5396;4.95;0.30;286.99;3.00;1079;25;1835.00;10
4309;20;5778294;4309;427;5397;5408;5.10;0.31;286.99;2.99;1088;25;1836.00;11
4310;20;5778306;4310;427;5397;5408;5.21;0.32;286.95;2.99;1087;25;1837.00;11
4312;20;5778323;4312;423;5397;5408;5.32;0.33;287.00;2.99;1085;25;1838.00;11
4317;20;5778335;4317;410;5397;5408;5.34;0.33;286.99;2.99;1080;25;1839.00;11
4318;20;5778346;4318;409;5397;5408;5.41;0.33;287.03;2.99;1079;25;1840.00;11
4320;20;5778362;4320;408;5397;5408;5.41;0.33;287.16;2.99;1077;25;1841.00;11
4321;20;5778374;4321;404;5398;5409;5.47;0.34;287.20;2.99;1077;25;1842.00;11
4323;20;5778385;4323;405;5398;5409;5.48;0.34;287.25;2.99;1075;25;1843.00;11
4326;20;5778395;4326;404;5404;5415;5.52;0.34;287.31;2.99;1078;25;1844.00;11
4327;20;5778407;4327;410;5405;5417;5.58;0.35;287.34;2.99;1078;25;1845.00;12
4332;20;5778419;4332;417;5406;5417;5.60;0.35;287.27;2.99;1074;25;1846.00;11
4336;20;5778430;4336;424;5406;5417;5.65;0.35;287.33;2.99;1070;25;1847.00;11
4337;20;5778441;4337;415;5410;5421;5.71;0.35;287.36;2.99;1073;25;1848.00;11
4339;20;5778452;4339;411;5410;5421;5.74;0.35;287.34;2.99;1071;25;1849.00;11
4343;20;5778463;4343;420;5411;5421;5.75;0.35;287.36;2.99;1068;25;1850.00;10
4346;20;5778474;4346;417;5412;5422;5.78;0.36;287.38;2.99;1066;25;1851.00;10
4350;20;5778486;4350;416;5416;5426;5.82;0.36;287.37;2.99;1066;25;1852.00;10
4358;20;5778497;4358;415;5417;5426;5.80;0.36;287.39;2.99;1059;25;1853.00;9
4364;20;5778509;4364;406;5420;5429;5.80;0.36;287.45;3.00;1056;25;1854.00;9
4367;20;5778521;4367;403;5420;5429;5.85;0.36;287.34;3.00;1053;25;1855.00;9
4373;20;5778532;4373;401;5421;5429;5.81;0.36;287.29;3.00;1048;25;1856.00;8
4375;20;5778543;4375;407;5421;5429;5.77;0.36;287.37;3.00;1046;25;1857.00;8
4378;20;5778554;4378;417;5425;5433;5.76;0.35;287.54;2.99;1047;25;1858.00;8
4384;20;5778565;4384;419;5425;5433;5.68;0.35;287.61;2.99;1041;25;1859.00;8
4388;20;5778578;4388;420;5425;5433;5.56;0.34;287.70;2.99;1037;25;1860.00;8
4391;20;5778590;4391;418;5425;5433;5.54;0.34;287.67;2.99;1034;25;1861.00;8
4394;20;5778602;4394;421;5426;5434;5.50;0.34;287.80;2.99;1032;25;1862.00;8
4396;20;5778614;4396;412;5428;5435;5.54;0.34;287.75;3.00;1032;25;1863.00;7
4399;20;5778626;4399;410;5428;5435;5.58;0.34;287.92;3.00;1029;25;1864.00;7
4402;20;5778637;4402;401;5429;5436;5.62;0.34;288.03;3.00;1027;25;1865.00;7
4407;20;5778649;4407;399;5429;5436;5.63;0.34;288.12;3.00;1022;25;1866.00;7
4409;20;5778660;4409;393;5430;5436;5.70;0.35;288.36;3.02;1021;25;1867.00;6
4412;20;5778671;4412;397;5430;5436;5.75;0.35;288.38;3.02;1018;25;1868.00;6
4415;20;5778682;4415;399;5430;5436;5.75;0.35;288.57;3.02;1015;25;1869.00;6
4416;20;5778694;4416;402;5430;5436;5.82;0.35;288.69;3.02;1014;25;1870.00;6
4419;20;5778705;4419;388;5430;5436;5.88;0.36;289.00;3.02;1011;25;1871.00;6
4423;20;5778717;4423;410;5508;5563;6.12;0.38;289.16;2.99;1085;25;1872.00;55
4425;20;5778738;4425;387;5511;5564;6.21;0.38;289.21;2.98;1086;25;1873.00;53
4427;20;5778751;4427;368;5518;5564;6.39;0.39;289.39;2.98;1091;25;1874.00;46
4429;20;5778763;4429;357;5518;5564;6.47;0.40;289.49;2.98;1089;25;1875.00;46
4433;20;5778775;4433;361;5524;5564;6.49;0.40;289.63;3.00;1091;25;1876.00;40
4434;20;5778788;4434;363;5526;5564;6.51;0.40;289.73;3.00;1092;25;1877.00;38
4439;20;5778800;4439;367;5529;5564;6.46;0.40;289.89;3.00;1090;25;1878.00;35
4442;20;5778812;4442;365;5532;5564;6.43;0.39;289.89;3.00;1090;25;1879.00;32
4444;20;5778824;4444;373;5536;5565;6.34;0.39;290.09;3.02;1092;25;1880.00;29
4449;20;5778837;4449;378;5540;5566;6.25;0.38;290.23;3.02;1091;25;1881.00;26
4450;20;5778849;4450;381;5545;5568;6.22;0.38;290.26;3.03;1095;25;1882.00;23
4454;20;5778862;4454;382;5547;5569;6.20;0.38;290.31;3.03;1093;25;1883.00;22
4455;20;5778874;4455;384;5552;5569;6.21;0.38;290.35;3.05;1097;25;1884.00;17
4460;20;5778886;4460;390;5553;5569;6.23;0.38;290.62;3.05;1093;25;1885.00;16
4461;20;5778899;4461;390;5555;5569;6.25;0.38;290.66;3.05;1094;25;1886.00;14
4466;20;5778911;4466;389;5559;5573;6.21;0.38;290.68;3.06;1093;25;1887.00;14
4467;20;5778924;4467;392;5561;5573;6.22;0.38;290.71;3.06;1094;25;1888.00;12
4471;20;5778936;4471;387;5561;5573;6.21;0.38;290.80;3.06;1090;25;1889.00;12
4474;20;5778950;4474;390;5566;5579;6.17;0.38;290.83;3.06;1092;25;1890.00;13
4475;20;5778963;4475;394;5567;5579;6.14;0.37;290.85;3.06;1092;25;1891.00;12
4479;20;5778976;4479;399;5568;5579;6.06;0.37;290.97;3.06;1089;25;1892.00;11
4481;20;5778988;4481;398;5571;5583;6.05;0.37;291.01;3.06;1090;25;1893.00;12
4484;20;5779000;4484;397;5573;5584;6.03;0.37;291.09;3.06;1089;25;1894.00;11
4486;20;5779013;4486;396;5575;5584;6.02;0.37;291.11;3.08;1089;25;1895.00;9
4487;20;5779024;4487;398;5578;5588;6.05;0.37;291.11;3.08;1091;25;1896.00;10
4488;20;5779037;4488;398;5578;5588;6.04;0.37;291.05;3.08;1090;25;1897.00;10
4488;20;5779048;4488;401;5579;5588;6.10;0.37;291.05;3.08;1091;25;1898.00;9
4490;20;5779060;4490;410;5580;5589;6.16;0.37;291.04;3.08;1090;25;1899.00;9
4492;20;5779072;4492;405;5580;5589;6.18;0.38;291.19;3.08;1088;25;1900.00;9
4493;20;5779088;4493;406;5585;5595;6.30;0.38;291.17;3.08;1092;25;1901.00;10
4495;20;5779100;4495;410;5585;5595;6.33;0.39;291.34;3.08;1090;25;1902.00;10
4498;20;5779113;4498;416;5585;5596;6.34;0.39;291.34;3.08;1087;25;1903.00;11
4501;20;5779125;4501;414;5585;5596;6.34;0.39;291.45;3.08;1084;25;1904.00;11
4502;20;5779137;4502;412;5586;5596;6.35;0.39;291.46;3.08;1084;25;1905.00;10
4504;20;5779149;4504;407;5586;5596;6.31;0.38;291.44;3.08;1082;25;1906.00;10
4507;20;5779161;4507;399;5586;5596;6.27;0.38;291.53;3.08;1079;25;1907.00;10
4509;20;5779174;4509;396;5596;5608;6.29;0.38;291.69;3.08;1087;25;1908.00;12
4512;20;5779204;4512;388;5597;5608;6.29;0.38;291.75;3.08;1085;25;1909.00;11
4513;20;5779221;4513;386;5597;5608;6.25;0.38;291.79;3.08;1084;25;1910.00;11
4516;20;5779241;4516;386;5597;5608;6.25;0.38;291.75;3.08;1081;25;1911.00;11
4517;20;5779255;4517;379;5597;5608;6.24;0.38;291.79;3.08;1080;25;1912.00;11
4517;20;5779269;4517;376;5597;5608;6.30;0.38;291.79;3.08;1080;25;1913.00;11
4519;20;5779281;4519;374;5600;5612;6.24;0.38;291.81;3.08;1081;25;1914.00;12
4520;20;5779293;4520;369;5600;5612;6.21;0.38;291.85;3.08;1080;25;1915.00;12
4522;20;5779305;4522;365;5604;5616;6.18;0.38;291.88;3.08;1082;25;1916.00;12
4526;20;5779316;4526;366;5605;5617;6.08;0.37;292.05;3.07;1079;25;1917.00;12
4529;20;5779329;4529;367;5605;5617;6.00;0.37;292.23;3.07;1076;25;1918.00;12
4531;20;5779340;4531;375;5605;5617;5.99;0.37;292.27;3.07;1074;25;1919.00;12
4534;20;5779352;4534;378;5625;5646;5.94;0.36;292.41;3.07;1091;25;1920.00;21
4536;20;5779366;4536;367;5627;5646;5.97;0.36;292.51;3.07;1091;25;1921.00;19
4540;20;5779378;4540;365;5628;5646;6.02;0.37;292.61;3.07;1088;25;1922.00;18
4548;20;5779389;4548;356;5631;5647;6.06;0.37;292.66;3.07;1083;25;1923.00;16
4552;20;5779400;4552;357;5631;5648;6.04;0.37;292.69;3.07;1079;25;1924.00;17
4556;20;5779412;4556;347;5631;5648;6.09;0.37;292.72;3.07;1075;25;1925.00;17
4557;20;5779423;4557;350;5634;5651;6.19;0.38;292.86;3.07;1077;25;1926.00;17
4559;20;5779435;4559;350;5635;5651;6.21;0.38;292.93;3.07;1076;25;1927.00;16
4564;20;5779445;4564;344;5635;5651;6.20;0.38;293.12;3.07;1071;25;1928.00;16
4566;20;5779458;4566;342;5635;5651;6.20;0.38;293.14;3.07;1069;25;1929.00;16
4569;20;5779469;4569;344;5640;5657;6.21;0.38;293.21;3.07;1071;25;1930.00;17
4572;20;5779482;4572;347;5640;5657;6.17;0.37;293.32;3.07;1068;25;1931.00;17
4573;20;5779493;4573;354;5640;5657;6.13;0.37;293.41;3.07;1067;25;1932.00;17
4578;20;5779504;4578;349;5640;5657;6.06;0.37;293.66;3.07;1062;25;1933.00;17
4583;20;5779515;4583;353;5643;5661;6.00;0.36;293.81;3.07;1060;25;1934.00;18
4587;20;5779528;4587;352;5645;5663;5.96;0.36;293.80;3.07;1058;25;1935.00;18
4589;20;5779544;4589;351;5645;5663;5.95;0.36;293.84;3.07;1056;25;1936.00;18
4591;20;5779556;4591;360;5646;5664;5.99;0.36;293.88;3.07;1055;25;1937.00;18
4591;20;5779566;4591;365;5646;5664;6.02;0.37;293.88;3.07;1055;25;1938.00;18
4592;20;5779577;4592;369;5646;5664;6.04;0.37;293.92;3.07;1054;25;1939.00;18
4594;20;5779589;4594;377;5646;5664;6.06;0.37;293.95;3.07;1052;25;1940.00;18
4596;20;5779600;4596;380;5646;5664;6.05;0.37;293.83;3.07;1050;25;1941.00;18
4596;20;5779611;4596;379;5646;5664;5.99;0.37;293.83;3.07;1050;25;1942.00;18
4597;20;5779621;4597;381;5646;5664;5.94;0.36;293.84;3.07;1049;25;1943.00;18
4598;20;5779632;4598;393;5684;5734;6.15;0.38;293.83;3.06;1086;25;1944.00;50
4599;20;5779648;4599;402;5686;5735;6.12;0.37;293.79;3.06;1087;25;1945.00;49
4601;20;5779660;4601;410;5696;5735;6.10;0.37;293.71;3.07;1095;25;1946.00;39
4602;20;5779671;4602;411;5697;5735;6.04;0.37;293.67;3.07;1095;25;1947.00;38
4607;20;5779683;4607;416;5700;5735;5.97;0.36;293.62;3.07;1093;25;1948.00;35
4607;20;5779694;4607;424;5702;5735;5.92;0.36;293.62;3.07;1095;25;1949.00;33
4607;20;5779707;4607;438;5706;5737;5.88;0.36;293.62;3.07;1099;25;1950.00;31
4609;20;5779718;4609;440;5710;5737;5.85;0.36;293.54;3.09;1101;25;1951.00;27
4610;20;5779729;4610;442;5712;5738;5.80;0.35;293.48;3.09;1102;25;1952.00;26
4610;20;5779740;4610;450;5714;5739;5.73;0.35;293.48;3.10;1104;25;1953.00;25
4612;20;5779752;4612;455;5717;5739;5.70;0.35;293.44;3.12;1105;25;1954.00;22
4613;20;5779763;4613;457;5723;5743;5.67;0.35;293.38;3.13;1110;25;1955.00;20
4617;20;5779775;4617;461;5725;5743;5.62;0.34;293.24;3.13;1108;25;1956.00;18
4620;20;5779786;4620;465;5727;5743;5.52;0.34;293.20;3.14;1107;25;1957.00;16
4622;20;5779796;4622;470;5728;5743;5.45;0.33;293.13;3.14;1106;26;1958.00;15
4624;20;5779815;4624;469;5733;5749;5.38;0.33;293.04;3.14;1109;26;1959.00;16
4626;20;5779827;4626;476;5734;5749;5.28;0.32;292.99;3.15;1108;26;1960.00;15
4626;20;5779838;4626;474;5734;5749;5.15;0.31;292.99;3.15;1108;26;1961.00;15
4627;20;5779848;4627;476;5736;5752;5.07;0.31;292.93;3.15;1109;26;1962.00;16
4627;20;5779859;4627;485;5737;5752;5.00;0.31;292.93;3.15;1110;26;1963.00;15
4630;20;5779869;4630;487;5740;5752;4.90;0.30;292.83;3.16;1110;26;1964.00;12
4631;20;5779879;4631;492;5741;5753;4.82;0.30;292.79;3.17;1110;26;1965.00;12
4632;20;5779890;4632;496;5742;5754;4.83;0.30;292.79;3.17;1110;26;1966.00;12
4633;20;5779900;4633;496;5742;5754;4.80;0.29;292.76;3.17;1109;26;1967.00;12
4637;20;5779910;4637;506;5754;5767;4.81;0.29;292.57;3.17;1117;26;1968.00;13
4639;20;5779921;4639;503;5755;5767;4.79;0.29;292.50;3.17;1116;26;1969.00;12
4639;20;5779931;4639;501;5755;5767;4.74;0.29;292.50;3.17;1116;26;1970.00;12
4641;20;5779941;4641;511;5757;5768;4.68;0.29;292.46;3.17;1116;26;1971.00;11
4644;20;5779951;4644;511;5758;5768;4.59;0.28;292.37;3.18;1114;26;1972.00;10
4644;20;5779960;4644;516;5763;5772;4.58;0.28;292.37;3.18;1119;26;1973.00;9
4647;20;5779970;4647;524;5763;5772;4.48;0.27;292.28;3.18;1116;26;1974.00;9
4649;20;5779980;4649;529;5767;5776;4.40;0.27;292.28;3.18;1118;26;1975.00;9
4651;20;5779990;4651;526;5768;5776;4.31;0.26;292.37;3.18;1117;26;1976.00;8
4652;20;5779999;4652;539;5768;5776;4.18;0.25;292.33;3.18;1116;26;1977.00;8
4655;20;5780008;4655;529;5768;5776;4.08;0.25;292.39;3.18;1113;26;1978.00;8
4655;20;5780018;4655;520;5768;5776;4.02;0.25;292.39;3.18;1113;26;1979.00;8
4659;20;5780029;4659;501;5794;5810;4.15;0.25;292.33;3.17;1135;26;1980.00;16
4663;20;5780042;4663;495;5794;5810;4.12;0.25;292.35;3.17;1131;26;1981.00;16
4664;20;5780052;4664;485;5796;5810;4.18;0.26;292.35;3.17;1132;26;1982.00;14
4665;20;5780061;4665;478;5796;5810;4.18;0.26;292.38;3.17;1131;26;1983.00;14
4666;20;5780076;4666;477;5797;5810;4.26;0.26;292.42;3.17;1131;26;1984.00;13
4669;20;5780091;4669;471;5797;5810;4.32;0.26;292.51;3.17;1128;26;1985.00;13
4670;20;5780102;4670;473;5797;5811;4.36;0.27;292.46;3.17;1127;26;1986.00;14
4672;20;5780113;4672;471;5797;5811;4.44;0.27;292.52;3.17;1125;26;1987.00;14
4673;20;5780124;4673;466;5802;5817;4.57;0.28;292.51;3.17;1129;26;1988.00;15
4676;20;5780135;4676;460;5803;5818;4.64;0.28;292.57;3.17;1127;26;1989.00;15
4678;20;5780146;4678;451;5803;5818;4.68;0.29;292.60;3.17;1125;26;1990.00;15
4679;20;5780159;4679;444;5803;5818;4.70;0.29;292.58;3.17;1124;26;1991.00;15
4681;20;5780169;4681;439;5806;5822;4.79;0.29;292.57;3.16;1125;26;1992.00;16
4682;20;5780180;4682;435;5806;5822;4.87;0.30;292.56;3.16;1124;26;1993.00;16
4686;20;5780192;4686;430;5806;5822;4.83;0.30;292.53;3.16;1120;26;1994.00;16
4688;20;5780203;4688;426;5807;5823;4.88;0.30;292.49;3.16;1119;26;1995.00;16
4692;20;5780214;4692;421;5810;5827;4.94;0.30;292.56;3.16;1118;26;1996.00;17
4694;20;5780225;4694;413;5810;5827;4.94;0.30;292.59;3.16;1116;26;1997.00;17
4698;20;5780241;4698;406;5812;5830;4.96;0.30;292.60;3.16;1114;26;1998.00;18
4702;20;5780252;4702;414;5812;5830;4.97;0.30;292.56;3.16;1110;26;1999.00;18
4707;20;5780265;4707;407;5813;5830;5.02;0.31;292.63;3.16;1106;26;2000.00;17
4709;20;5780279;4709;410;5813;5830;5.05;0.31;292.68;3.16;1104;26;2001.00;17
4712;20;5780291;4712;404;5817;5834;5.14;0.31;292.70;3.16;1105;26;2002.00;17
4714;20;5780302;4714;405;5817;5834;5.19;0.32;292.73;3.16;1103;26;2003.00;17
4720;20;5780315;4720;399;5817;5834;5.22;0.32;292.59;3.16;1097;26;2004.00;17
4723;20;5780326;4723;400;5817;5834;5.25;0.32;292.66;3.16;1094;26;2005.00;17
4727;20;5780338;4727;400;5817;5835;5.25;0.32;292.59;3.16;1090;26;2006.00;18
4729;20;5780349;4729;402;5819;5836;5.28;0.32;292.69;3.18;1090;26;2007.00;17
4733;20;5780361;4733;403;5819;5836;5.31;0.32;292.75;3.18;1086;26;2008.00;17
4734;20;5780373;4734;407;5820;5837;5.33;0.32;292.79;3.18;1086;26;2009.00;17
4737;20;5780386;4737;406;5820;5837;5.34;0.32;292.86;3.18;1083;26;2010.00;17
4743;20;5780397;4743;407;5820;5837;5.29;0.32;293.03;3.18;1077;26;2011.00;17
4747;20;5780409;4747;404;5820;5837;5.31;0.32;293.14;3.18;1073;26;2012.00;17
4750;20;5780421;4750;403;5820;5837;5.32;0.32;293.23;3.18;1070;26;2013.00;17
4753;20;5780432;4753;402;5820;5837;5.34;0.32;293.24;3.18;1067;26;2014.00;17
4759;20;5780443;4759;402;5820;5837;5.35;0.32;293.60;3.18;1061;26;2015.00;17
4761;20;5780455;4761;423;5897;5964;5.61;0.35;293.62;3.14;1136;26;2016.00;67
4768;20;5780478;4768;415;5898;5965;5.63;0.35;293.87;3.14;1130;26;2017.00;67
4771;20;5780491;4771;415;5903;5965;5.71;0.35;293.96;3.14;1132;26;2018.00;62
4774;20;5780502;4774;406;5906;5965;5.80;0.36;293.99;3.14;1132;26;2019.00;59
4777;20;5780515;4777;407;5910;5965;5.85;0.36;294.13;3.14;1133;26;2020.00;55
4781;20;5780527;4781;408;5912;5965;5.85;0.36;294.28;3.14;1131;26;2021.00;53
4783;20;5780545;4783;400;5913;5965;5.82;0.36;294.33;3.14;1130;26;2022.00;52
4787;20;5780563;4787;404;5915;5965;5.79;0.36;294.40;3.14;1128;26;2023.00;50
4788;20;5780576;4788;407;5919;5966;5.82;0.36;294.51;3.16;1131;26;2024.00;47
4791;20;5780588;4791;414;5924;5968;5.79;0.36;294.53;3.17;1133;26;2025.00;44
4792;20;5780601;4792;421;5925;5968;5.79;0.36;294.64;3.17;1133;26;2026.00;43
4794;20;5780613;4794;414;5926;5969;5.74;0.35;294.80;3.17;1132;26;2027.00;43
4796;20;5780626;4796;416;5928;5969;5.73;0.35;294.91;3.17;1132;26;2028.00;41
4796;20;5780638;4796;411;5932;5969;5.72;0.35;294.91;3.18;1136;26;2029.00;37
4798;20;5780650;4798;415;5933;5969;5.69;0.35;295.00;3.18;1135;26;2030.00;36
4798;20;5780662;4798;429;5936;5973;5.75;0.35;295.00;3.18;1138;26;2031.00;37
4802;20;5780675;4802;430;5939;5973;5.76;0.35;295.19;3.18;1137;26;2032.00;34
4805;20;5780687;4805;428;5939;5973;5.73;0.35;295.40;3.18;1134;26;2033.00;34
4808;20;5780701;4808;433;5940;5976;5.73;0.35;295.33;3.18;1132;26;2034.00;36
4809;20;5780714;4809;436;5941;5976;5.77;0.35;295.37;3.19;1132;26;2035.00;35
4813;20;5780732;4813;430;5942;5976;5.79;0.35;295.48;3.19;1129;26;2036.00;34
4815;20;5780744;4815;426;5946;5980;5.83;0.36;295.58;3.19;1131;26;2037.00;34
4819;20;5780762;4819;425;5948;5981;5.89;0.36;295.72;3.21;1129;26;2038.00;33
4824;20;5780775;4824;425;5949;5981;5.91;0.36;295.88;3.21;1125;26;2039.00;32
4826;20;5780789;4826;421;5953;5986;5.97;0.36;296.00;3.22;1127;26;2040.00;33
4828;20;5780803;4828;424;5953;5986;6.00;0.37;296.01;3.22;1125;26;2041.00;33
4829;20;5780816;4829;430;5954;5986;6.03;0.37;296.04;3.22;1125;26;2042.00;32
4832;20;5780829;4832;431;5955;5987;6.00;0.36;296.15;3.22;1123;26;2043.00;32
4834;20;5780842;4834;433;5955;5987;5.99;0.36;296.24;3.22;1121;26;2044.00;32
4836;20;5780854;4836;446;5960;5993;5.98;0.36;296.40;3.22;1124;26;2045.00;33
4838;20;5780867;4838;446;5961;5993;5.92;0.36;296.49;3.23;1123;26;2046.00;32
4839;20;5780879;4839;446;5962;5994;5.90;0.36;296.48;3.24;1123;26;2047.00;32
4841;20;5780892;4841;448;5963;5994;5.91;0.36;296.64;3.24;1122;26;2048.00;31
4845;20;5780904;4845;442;5964;5994;5.85;0.36;296.71;3.24;1119;26;2049.00;30
4846;20;5780917;4846;437;5965;5994;5.87;0.36;296.75;3.24;1119;26;2050.00;29
4850;20;5780929;4850;437;5965;5994;5.83;0.35;297.02;3.24;1115;26;2051.00;29
4852;20;5780942;4852;441;5973;6006;5.83;0.35;297.09;3.23;1121;26;2052.00;33
4853;20;5780955;4853;441;5974;6006;5.82;0.35;297.14;3.23;1121;26;2053.00;32
4855;20;5780967;4855;437;5976;6006;5.78;0.35;297.26;3.23;1121;26;2054.00;30
4855;20;5780985;4855;438;5976;6006;5.81;0.35;297.26;3.23;1121;27;2055.00;30
4857;20;5781004;4857;435;5976;6006;5.80;0.35;297.36;3.23;1119;27;2056.00;30
4859;20;5781016;4859;447;5976;6006;5.83;0.36;297.32;3.23;1117;27;2057.00;30
4863;20;5781029;4863;441;5979;6010;5.80;0.35;297.38;3.23;1116;27;2058.00;31
4866;20;5781040;4866;444;5979;6010;5.86;0.36;297.34;3.23;1113;27;2059.00;31
4872;20;5781052;4872;444;5983;6014;5.86;0.36;297.40;3.23;1111;27;2060.00;31
4874;20;5781065;4874;442;5984;6015;5.84;0.36;297.39;3.23;1110;27;2061.00;31
4876;20;5781077;4876;445;5984;6015;5.84;0.36;297.36;3.23;1108;27;2062.00;31
4877;20;5781089;4877;442;5984;6015;5.83;0.36;297.43;3.23;1107;27;2063.00;31
4881;20;5781100;4881;448;5995;6028;5.81;0.35;297.68;3.22;1114;27;2064.00;33
4882;20;5781113;4882;444;5996;6028;5.78;0.35;297.73;3.24;1114;27;2065.00;32
4885;20;5781124;4885;443;5996;6028;5.68;0.35;297.76;3.24;1111;27;2066.00;32
4886;20;5781135;4886;444;5997;6029;5.66;0.35;297.78;3.24;1111;27;2067.00;32
4889;20;5781148;4889;450;5997;6030;5.58;0.34;297.83;3.24;1108;27;2068.00;33
4893;20;5781164;4893;455;5997;6030;5.55;0.34;297.93;3.24;1104;27;2069.00;33
4895;20;5781177;4895;454;6001;6036;5.57;0.34;298.05;3.24;1106;27;2070.00;35
4896;20;5781189;4896;444;6001;6036;5.53;0.34;298.05;3.24;1105;27;2071.00;35
4899;20;5781201;4899;442;6003;6036;5.49;0.33;298.06;3.23;1104;27;2072.00;33
4902;20;5781212;4902;440;6003;6036;5.39;0.33;298.18;3.23;1101;27;2073.00;33
4906;20;5781224;4906;440;6008;6042;5.36;0.33;298.18;3.23;1102;27;2074.00;34
4910;20;5781235;4910;432;6008;6042;5.30;0.32;298.28;3.23;1098;27;2075.00;34
4913;20;5781247;4913;437;6008;6042;5.24;0.32;298.46;3.23;1095;27;2076.00;34
4913;20;5781258;4913;436;6008;6042;5.25;0.32;298.46;3.23;1095;27;2077.00;34
4915;20;5781268;4915;439;6011;6046;5.30;0.32;298.53;3.23;1096;27;2078.00;35
4917;20;5781279;4917;435;6012;6047;5.38;0.33;298.60;3.23;1095;27;2079.00;35
4920;20;5781290;4920;437;6012;6047;5.38;0.33;298.67;3.23;1092;27;2080.00;35
4920;20;5781302;4920;438;6014;6048;5.40;0.33;298.67;3.25;1094;27;2081.00;34
4921;20;5781312;4921;436;6014;6048;5.41;0.33;298.66;3.25;1093;27;2082.00;34
4923;20;5781323;4923;432;6014;6048;5.38;0.33;298.67;3.25;1091;27;2083.00;34
4928;20;5781333;4928;433;6016;6048;5.30;0.32;298.75;3.28;1088;27;2084.00;32
4930;20;5781344;4930;423;6016;6048;5.27;0.32;298.81;3.28;1086;27;2085.00;32
4932;20;5781355;4932;435;6016;6048;5.27;0.32;298.82;3.28;1084;27;2086.00;32
4938;20;5781366;4938;446;6016;6048;5.21;0.32;298.97;3.28;1078;27;2087.00;32
4942;20;5781377;4942;454;6050;6118;5.37;0.33;298.95;3.29;1108;27;2088.00;68
4945;20;5781392;4945;449;6052;6119;5.33;0.32;298.86;3.29;1107;27;2089.00;67
4946;20;5781403;4946;453;6060;6119;5.33;0.33;298.87;3.29;1114;27;2090.00;59
4948;20;5781414;4948;453;6064;6119;5.32;0.32;298.87;3.29;1116;27;2091.00;55
4951;20;5781424;4951;459;6068;6119;5.30;0.32;298.90;3.29;1117;27;2092.00;51
4951;20;5781435;4951;462;6070;6119;5.30;0.32;298.90;3.29;1119;27;2093.00;49
4953;20;5781446;4953;464;6073;6119;5.30;0.32;298.92;3.29;1120;27;2094.00;46
4955;20;5781456;4955;472;6076;6119;5.23;0.32;298.85;3.29;1121;27;2095.00;43
4957;20;5781466;4957;469;6077;6120;5.19;0.32;298.76;3.29;1120;27;2096.00;43
4960;20;5781477;4960;464;6079;6121;5.20;0.32;298.63;3.29;1119;27;2097.00;42
4961;20;5781488;4961;464;6081;6121;5.16;0.32;298.62;3.30;1120;27;2098.00;40
4963;20;5781499;4963;461;6087;6125;5.13;0.31;298.72;3.30;1124;27;2099.00;38
4965;20;5781512;4965;470;6093;6140;5.05;0.31;298.65;3.30;1128;27;2100.00;47
4967;20;5781530;4967;468;6093;6140;5.00;0.31;298.58;3.30;1126;27;2101.00;47
4968;20;5781541;4968;471;6093;6140;4.96;0.30;298.57;3.30;1125;27;2102.00;47
4972;20;5781552;4972;473;6097;6146;4.96;0.30;298.47;3.30;1125;27;2103.00;49
4972;20;5781563;4972;473;6097;6146;4.95;0.30;298.47;3.30;1125;27;2104.00;49
4972;20;5781573;4972;475;6098;6146;4.93;0.30;298.47;3.30;1126;27;2105.00;48
4973;20;5781584;4973;478;6101;6149;4.91;0.30;298.43;3.30;1128;27;2106.00;48
4975;20;5781595;4975;475;6101;6149;4.88;0.30;298.45;3.30;1126;27;2107.00;48
4976;20;5781605;4976;480;6102;6149;4.89;0.30;298.40;3.29;1126;27;2108.00;47
4977;20;5781616;4977;484;6102;6150;4.85;0.30;298.36;3.29;1125;27;2109.00;48
4979;20;5781627;4979;494;6105;6151;4.80;0.29;298.31;3.34;1126;27;2110.00;46
4980;20;5781637;4980;498;6106;6151;4.79;0.29;298.29;3.34;1126;27;2111.00;45
4980;20;5781649;4980;498;6115;6164;4.83;0.30;298.29;3.34;1135;27;2112.00;49
4980;21;5781666;4980;505;6116;6164;4.86;0.30;298.29;3.34;1136;28;2113.00;48
4982;21;5781691;4982;503;6119;6164;4.85;0.30;298.21;3.38;1137;28;2114.00;45
4984;21;5781703;4984;510;6122;6166;4.82;0.30;298.14;3.40;1138;28;2115.00;44
4985;21;5781714;4985;514;6123;6166;4.78;0.29;298.09;3.42;1138;28;2116.00;43
4986;21;5781725;4986;513;6127;6170;4.81;0.30;298.09;3.42;1141;28;2117.00;43
4989;21;5781735;4989;522;6130;6170;4.74;0.29;298.07;3.46;1141;28;2118.00;40
4989;21;5781748;4989;523;6133;6174;4.73;0.29;298.07;3.46;1144;28;2119.00;41
4990;21;5781759;4990;528;6133;6174;4.70;0.29;298.04;3.46;1143;28;2120.00;41
4990;21;5781769;4990;530;6134;6174;4.64;0.29;298.04;3.48;1144;28;2121.00;40
4995;21;5781779;4995;540;6135;6174;4.57;0.28;297.95;3.48;1140;28;2122.00;39
4999;21;5781789;4999;541;6137;6174;4.54;0.28;298.03;3.51;1138;28;2123.00;37
5001;21;5781800;5001;545;6146;6186;4.55;0.28;297.98;3.51;1145;28;2124.00;40
5004;21;5781811;5004;534;6149;6186;4.54;0.28;297.88;3.55;1145;28;2125.00;37
5007;21;5781821;5007;523;6153;6186;4.53;0.28;297.78;3.57;1146;28;2126.00;33
5009;21;5781831;5009;520;6154;6186;4.47;0.27;297.76;3.59;1145;28;2127.00;32
5010;21;5781842;5010;514;6156;6186;4.46;0.27;297.77;3.59;1146;28;2128.00;30
5011;21;5781852;5011;508;6156;6186;4.50;0.27;297.80;3.59;1145;28;2129.00;30
5012;21;5781864;5012;504;6159;6187;4.52;0.28;297.77;3.63;1147;28;2130.00;28
5012;21;5781874;5012;499;6159;6187;4.55;0.28;297.77;3.63;1147;28;2131.00;28
5012;21;5781885;5012;493;6166;6193;4.64;0.28;297.77;3.65;1154;28;2132.00;27
5012;21;5781896;5012;493;6167;6194;4.70;0.29;297.77;3.65;1155;28;2133.00;27
5013;21;5781907;5013;488;6167;6194;4.70;0.29;297.71;3.65;1154;28;2134.00;27
5014;21;5781917;5014;487;6169;6194;4.68;0.29;297.68;3.68;1155;28;2135.00;25
5015;21;5781928;5015;492;6171;6198;4.73;0.29;297.66;3.68;1156;28;2136.00;27
5018;21;5781939;5018;496;6173;6198;4.65;0.28;297.72;3.71;1155;28;2137.00;25
5019;21;5781949;5019;493;6174;6198;4.64;0.28;297.69;3.71;1155;28;2138.00;24
5020;22;5781960;5020;500;6175;6199;4.61;0.28;297.68;3.70;1155;29;2139.00;24
5020;22;5781982;5020;507;6180;6203;4.65;0.28;297.68;3.73;1160;29;2140.00;23
5023;22;5781992;5023;506;6180;6203;4.65;0.28;297.73;3.73;1157;29;2141.00;23
5026;22;5782008;5026;510;6182;6206;4.64;0.28;297.75;3.73;1156;29;2142.00;24
5028;22;5782018;5028;503;6182;6206;4.66;0.28;297.78;3.73;1154;29;2143.00;24
5029;22;5782029;5029;508;6183;6206;4.65;0.28;297.81;3.73;1154;29;2144.00;23
5032;22;5782039;5032;498;6183;6206;4.66;0.28;297.81;3.73;1151;29;2145.00;23
5037;22;5782054;5037;490;6187;6210;4.63;0.28;297.81;3.72;1150;29;2146.00;23
5039;22;5782071;5039;481;6187;6210;4.65;0.28;297.91;3.72;1148;29;2147.00;23
5042;22;5782082;5042;477;6187;6210;4.66;0.28;297.86;3.72;1145;29;2148.00;23
5044;22;5782093;5044;467;6187;6210;4.74;0.29;297.84;3.72;1143;29;2149.00;23
5047;22;5782103;5047;465;6187;6211;4.75;0.29;297.89;3.72;1140;29;2150.00;24
5048;22;5782114;5048;460;6188;6212;4.80;0.29;297.88;3.72;1140;29;2151.00;24
5053;22;5782125;5053;450;6188;6212;4.80;0.29;297.97;3.72;1135;29;2152.00;24
5057;22;5782137;5057;439;6189;6213;4.81;0.29;298.02;3.72;1132;29;2153.00;24
5057;22;5782148;5057;430;6189;6213;4.90;0.30;298.02;3.72;1132;29;2154.00;24
5062;22;5782159;5062;425;6189;6213;4.94;0.30;298.12;3.72;1127;29;2155.00;24
5064;22;5782170;5064;423;6189;6213;5.02;0.30;298.18;3.72;1125;29;2156.00;24
5066;22;5782182;5066;415;6189;6213;5.11;0.31;298.31;3.72;1123;29;2157.00;24
5068;22;5782193;5068;414;6189;6213;5.18;0.31;298.28;3.72;1121;29;2158.00;24
5072;22;5782205;5072;406;6189;6213;5.23;0.32;298.53;3.72;1117;29;2159.00;24
5076;22;5782217;5076;423;6290;6443;5.68;0.35;298.54;3.66;1214;29;2160.00;153
5079;22;5782246;5079;411;6298;6444;5.76;0.36;298.77;3.66;1219;29;2161.00;146
5083;22;5782258;5083;409;6311;6444;5.83;0.36;298.89;3.66;1228;29;2162.00;133
5086;22;5782271;5086;399;6322;6444;5.85;0.36;298.81;3.66;1236;29;2163.00;122
5093;22;5782284;5093;404;6329;6444;5.84;0.36;299.07;3.66;1236;29;2164.00;115
5095;22;5782297;5095;397;6335;6444;5.82;0.36;299.17;3.66;1240;29;2165.00;109
5099;22;5782310;5099;402;6338;6444;5.79;0.36;299.30;3.66;1239;29;2166.00;106
5101;22;5782323;5101;409;6343;6444;5.77;0.36;299.35;3.66;1242;29;2167.00;101
5105;22;5782336;5105;414;6350;6445;5.73;0.35;299.67;3.67;1245;29;2168.00;95
5109;22;5782350;5109;416;6354;6446;5.72;0.35;299.86;3.67;1245;29;2169.00;92
5112;22;5782363;5112;409;6359;6446;5.71;0.35;299.97;3.67;1247;29;2170.00;87
5117;22;5782377;5117;418;6359;6447;5.67;0.35;300.08;3.67;1242;29;2171.00;88
5120;22;5782391;5120;420;6362;6447;5.62;0.35;300.25;3.68;1242;29;2172.00;85
5123;22;5782410;5123;425;6363;6447;5.56;0.34;300.29;3.68;1240;29;2173.00;84
5124;22;5782424;5124;434;6364;6447;5.53;0.34;300.31;3.68;1240;29;2174.00;83
5127;22;5782437;5127;442;6367;6451;5.51;0.34;300.54;3.68;1240;29;2175.00;84
5132;22;5782451;5132;446;6367;6451;5.48;0.34;300.80;3.68;1235;29;2176.00;84
5133;22;5782465;5133;449;6368;6451;5.52;0.34;300.82;3.68;1235;29;2177.00;83
5136;22;5782478;5136;456;6368;6454;5.54;0.34;301.04;3.68;1232;29;2178.00;86
5141;22;5782492;5141;463;6369;6454;5.53;0.34;301.26;3.69;1228;29;2179.00;85
5142;22;5782505;5142;466;6369;6454;5.57;0.34;301.29;3.69;1227;29;2180.00;85
5145;22;5782518;5145;469;6373;6458;5.62;0.34;301.38;3.69;1228;29;2181.00;85
5149;22;5782535;5149;471;6373;6459;5.60;0.34;301.60;3.69;1224;29;2182.00;86
5153;22;5782549;5153;480;6374;6459;5.59;0.34;301.59;3.69;1221;29;2183.00;85
5155;22;5782567;5155;483;6374;6463;5.56;0.34;301.77;3.69;1219;29;2184.00;89
5159;22;5782581;5159;481;6375;6463;5.52;0.34;301.88;3.69;1216;29;2185.00;88
5165;22;5782594;5165;478;6375;6463;5.49;0.34;301.92;3.69;1210;29;2186.00;88
5168;22;5782609;5168;487;6375;6464;5.45;0.33;301.94;3.69;1207;29;2187.00;89
5172;22;5782623;5172;481;6375;6464;5.44;0.33;302.03;3.69;1203;29;2188.00;89
5175;22;5782635;5175;478;6379;6470;5.43;0.33;302.08;3.69;1204;29;2189.00;91
5178;22;5782651;5178;473;6380;6470;5.44;0.33;302.20;3.70;1202;29;2190.00;90
5181;22;5782664;5181;476;6381;6471;5.49;0.33;302.28;3.70;1200;29;2191.00;90
5186;22;5782677;5186;468;6381;6471;5.50;0.34;302.51;3.70;1195;29;2192.00;90
5187;22;5782692;5187;469;6381;6471;5.55;0.34;302.65;3.70;1194;29;2193.00;90
5190;22;5782710;5190;472;6384;6471;5.57;0.34;302.71;3.72;1194;29;2194.00;87
5190;22;5782724;5190;471;6385;6471;5.57;0.34;302.71;3.72;1195;29;2195.00;86
5195;22;5782736;5195;473;6392;6483;5.55;0.34;302.80;3.72;1197;29;2196.00;91
5201;22;5782752;5201;479;6394;6483;5.55;0.34;302.95;3.75;1193;29;2197.00;89
5204;22;5782766;5204;482;6396;6483;5.54;0.34;303.05;3.76;1192;29;2198.00;87
5208;22;5782779;5208;483;6397;6483;5.57;0.34;303.18;3.77;1189;29;2199.00;86
5212;22;5782793;5212;481;6399;6483;5.59;0.34;303.51;3.78;1187;29;2200.00;84
5216;22;5782819;5216;468;6399;6483;5.58;0.34;303.68;3.78;1183;29;2201.00;84
5219;22;5782833;5219;465;6405;6487;5.56;0.34;303.81;3.79;1186;29;2202.00;82
5222;22;5782847;5222;456;6406;6487;5.63;0.34;304.08;3.80;1184;29;2203.00;81
5225;22;5782860;5225;464;6412;6491;5.69;0.35;304.20;3.82;1187;29;2204.00;79
5226;22;5782874;5226;472;6413;6493;5.70;0.35;304.20;3.82;1187;29;2205.00;80
5231;22;5782887;5231;471;6416;6493;5.66;0.35;304.49;3.83;1185;29;2206.00;77
5233;22;5782908;5233;481;6416;6493;5.62;0.34;304.63;3.83;1183;29;2207.00;77
5239;22;5782920;5239;487;6424;6506;5.55;0.34;304.69;3.83;1185;29;2208.00;82
5240;22;5782934;5240;486;6427;6506;5.55;0.34;304.80;3.84;1187;29;2209.00;79
5241;22;5782947;5241;495;6430;6508;5.46;0.33;304.84;3.84;1189;29;2210.00;78
5246;22;5782960;5246;495;6433;6509;5.36;0.33;305.05;3.85;1187;29;2211.00;76
5249;22;5782973;5249;497;6434;6510;5.29;0.32;305.14;3.85;1185;29;2212.00;76
5251;22;5782986;5251;496;6437;6510;5.24;0.32;305.15;3.87;1186;29;2213.00;73
5252;22;5782999;5252;504;6439;6513;5.22;0.32;305.14;3.87;1187;29;2214.00;74
5254;22;5783012;5254;499;6441;6513;5.22;0.32;305.15;3.88;1187;29;2215.00;72
5254;22;5783025;5254;497;6443;6513;5.23;0.32;305.15;3.88;1189;29;2216.00;70
5256;22;5783037;5256;503;6444;6513;5.25;0.32;305.13;3.88;1188;29;2217.00;69
5257;22;5783049;5257;498;6449;6519;5.25;0.32;305.19;3.88;1192;29;2218.00;70
5258;22;5783062;5258;499;6450;6519;5.27;0.32;305.22;3.88;1192;29;2219.00;69
5265;22;5783077;5265;491;6451;6519;5.30;0.32;305.33;3.88;1186;29;2220.00;68
5268;22;5783090;5268;492;6451;6519;5.31;0.32;305.36;3.88;1183;29;2221.00;68
5270;22;5783103;5270;491;6454;6523;5.25;0.32;305.40;3.88;1184;29;2222.00;69
5274;22;5783115;5274;493;6455;6524;5.26;0.32;305.46;3.88;1181;29;2223.00;69
5279;22;5783128;5279;495;6455;6524;5.25;0.32;305.49;3.88;1176;29;2224.00;69
5281;22;5783141;5281;497;6457;6525;5.26;0.32;305.47;3.89;1176;29;2225.00;68
5282;22;5783155;5282;496;6457;6525;5.32;0.32;305.51;3.89;1175;29;2226.00;68
5285;22;5783167;5285;500;6457;6525;5.31;0.32;305.46;3.89;1172;29;2227.00;68
5286;22;5783179;5286;499;6457;6525;5.33;0.32;305.45;3.89;1171;29;2228.00;68
5290;22;5783191;5290;510;6457;6525;5.27;0.32;305.57;3.89;1167;29;2229.00;68
5293;22;5783203;5293;512;6457;6525;5.21;0.32;305.64;3.89;1164;29;2230.00;68
5294;22;5783215;5294;516;6458;6525;5.17;0.31;305.67;3.90;1164;29;2231.00;67
5296;22;5783227;5296;519;6486;6595;5.23;0.32;305.71;3.88;1190;29;2232.00;109
5297;22;5783244;5297;521;6486;6596;5.18;0.32;305.71;3.88;1189;29;2233.00;110
5297;22;5783257;5297;517;6493;6596;5.21;0.32;305.71;3.88;1196;29;2234.00;103
5298;22;5783268;5298;510;6493;6596;5.20;0.32;305.70;3.88;1195;29;2235.00;103
5299;22;5783280;5299;511;6498;6596;5.17;0.32;305.71;3.88;1199;29;2236.00;98
5299;22;5783293;5299;503;6501;6596;5.16;0.31;305.71;3.88;1202;29;2237.00;95
5299;22;5783305;5299;502;6503;6596;5.15;0.31;305.71;3.88;1204;29;2238.00;93
5302;22;5783316;5302;508;6506;6596;5.14;0.31;305.70;3.88;1204;29;2239.00;90
5305;22;5783328;5305;504;6509;6597;5.19;0.32;305.67;3.88;1204;29;2240.00;88
5306;22;5783340;5306;504;6511;6598;5.21;0.32;305.70;3.88;1205;29;2241.00;87
5310;22;5783353;5310;503;6513;6598;5.18;0.32;305.64;3.88;1203;29;2242.00;85
5311;22;5783365;5311;497;6518;6602;5.22;0.32;305.67;3.88;1207;29;2243.00;84
5314;22;5783377;5314;488;6519;6602;5.23;0.32;305.69;3.88;1205;29;2244.00;83
5316;22;5783389;5316;490;6519;6602;5.17;0.32;305.66;3.88;1203;29;2245.00;83
5318;22;5783401;5318;480;6522;6602;5.14;0.31;305.65;3.90;1204;29;2246.00;80
5323;22;5783413;5323;484;6526;6608;5.14;0.31;305.61;3.90;1203;29;2247.00;82
5328;22;5783425;5328;487;6526;6608;5.09;0.31;305.57;3.90;1198;29;2248.00;82
5331;22;5783437;5331;488;6526;6608;5.09;0.31;305.54;3.90;1195;29;2249.00;82
5333;22;5783451;5333;489;6532;6614;5.11;0.31;305.58;3.95;1199;29;2250.00;82
5334;22;5783464;5334;486;6532;6614;5.10;0.31;305.52;3.95;1198;29;2251.00;82
5337;22;5783475;5337;485;6534;6614;5.08;0.31;305.60;3.95;1197;29;2252.00;80
5340;22;5783487;5340;481;6534;6615;5.07;0.31;305.60;3.95;1194;29;2253.00;81
5342;22;5783499;5342;492;6535;6616;5.05;0.31;305.66;3.95;1193;29;2254.00;81
5344;22;5783511;5344;492;6535;6616;5.03;0.31;305.56;3.95;1191;29;2255.00;81
5345;22;5783529;5345;494;6543;6629;5.07;0.31;305.60;3.94;1198;29;2256.00;86
5346;22;5783541;5346;499;6543;6629;5.03;0.31;305.57;3.94;1197;29;2257.00;86
5353;22;5783553;5353;504;6545;6629;4.98;0.30;305.72;3.96;1192;29;2258.00;84
5354;22;5783565;5354;508;6546;6630;4.96;0.30;305.67;3.96;1192;29;2259.00;84
5358;22;5783576;5358;521;6547;6630;4.86;0.29;305.69;3.97;1189;29;2260.00;83
5359;22;5783588;5359;528;6552;6634;4.87;0.30;305.71;3.98;1193;29;2261.00;82
5359;22;5783600;5359;527;6553;6634;4.87;0.30;305.71;3.99;1194;29;2262.00;81
5362;22;5783611;5362;532;6558;6638;4.82;0.29;305.72;4.00;1196;30;2263.00;80
5362;22;5783631;5362;535;6558;6638;4.79;0.29;305.72;4.00;1196;30;2264.00;80
5363;22;5783642;5363;531;6559;6638;4.78;0.29;305.74;4.02;1196;30;2265.00;79
5366;22;5783655;5366;536;6561;6638;4.75;0.29;305.63;4.02;1195;30;2266.00;77
5367;22;5783666;5367;534;6562;6638;4.75;0.29;305.62;4.04;1195;30;2267.00;76
5369;22;5783678;5369;535;6571;6650;4.80;0.29;305.62;4.03;1202;30;2268.00;79
5369;22;5783690;5369;534;6575;6650;4.83;0.29;305.62;4.05;1206;30;2269.00;75
5372;22;5783702;5372;537;6577;6650;4.83;0.29;305.68;4.05;1205;30;2270.00;73
5373;22;5783714;5373;536;6577;6650;4.81;0.29;305.66;4.05;1204;30;2271.00;73
5376;22;5783726;5376;521;6577;6650;4.81;0.29;305.57;4.05;1201;30;2272.00;73
5376;22;5783737;5376;512;6578;6650;4.84;0.29;305.57;4.06;1202;30;2273.00;72
5377;22;5783749;5377;505;6578;6651;4.86;0.30;305.56;4.06;1201;30;2274.00;73
5378;22;5783763;5378;499;6580;6651;4.80;0.29;305.51;4.10;1202;30;2275.00;71
5379;22;5783774;5379;505;6585;6657;4.87;0.30;305.49;4.09;1206;30;2276.00;72
5380;22;5783788;5380;509;6585;6658;4.90;0.30;305.56;4.09;1205;30;2277.00;73
5381;22;5783801;5381;502;6588;6658;4.96;0.30;305.51;4.12;1207;30;2278.00;70
5382;22;5783818;5382;504;6588;6658;5.03;0.31;305.49;4.12;1206;30;2279.00;70
5383;22;5783831;5383;500;6593;6663;5.10;0.31;305.53;4.15;1210;30;2280.00;70
5383;22;5783844;5383;504;6593;6663;5.15;0.31;305.53;4.15;1210;30;2281.00;70
5384;22;5783858;5384;502;6595;6663;5.15;0.31;305.51;4.18;1211;30;2282.00;68
5385;22;5783869;5385;505;6596;6664;5.13;0.31;305.49;4.18;1211;31;2283.00;68
5389;22;5783890;5389;504;6600;6668;5.14;0.31;305.37;4.21;1211;31;2284.00;68
5391;22;5783903;5391;500;6601;6668;5.18;0.32;305.29;4.24;1210;31;2285.00;67
5391;22;5783921;5391;499;6603;6671;5.21;0.32;305.29;4.24;1212;31;2286.00;68
5393;22;5783934;5393;502;6604;6671;5.22;0.32;305.23;4.24;1211;31;2287.00;67
5393;22;5783946;5393;497;6604;6671;5.21;0.32;305.23;4.24;1211;31;2288.00;67
5393;22;5783958;5393;499;6604;6671;5.21;0.32;305.23;4.24;1211;31;2289.00;67
5393;22;5783971;5393;500;6609;6675;5.22;0.32;305.23;4.26;1216;31;2290.00;66
5396;22;5783983;5396;506;6609;6675;5.22;0.32;305.17;4.26;1213;31;2291.00;66
5396;22;5783996;5396;503;6609;6675;5.21;0.32;305.17;4.26;1213;31;2292.00;66
5401;22;5784008;5401;502;6609;6675;5.14;0.31;305.16;4.26;1208;31;2293.00;66
5403;22;5784021;5403;500;6609;6676;5.12;0.31;305.08;4.26;1206;31;2294.00;67
5405;22;5784033;5405;497;6611;6678;5.07;0.31;305.21;4.26;1206;31;2295.00;67
5406;22;5784045;5406;511;6633;6678;4.93;0.30;305.23;4.77;1227;31;2296.00;45
5407;22;5784057;5407;495;6634;6679;4.95;0.30;305.20;4.76;1227;31;2297.00;45
5408;22;5784069;5408;492;6635;6679;4.96;0.30;305.24;4.78;1227;31;2298.00;44
5409;22;5784080;5409;489;6635;6679;5.02;0.31;305.22;4.78;1226;31;2299.00;44
5413;22;5784093;5413;490;6635;6679;5.01;0.31;305.38;4.78;1222;31;2300.00;44
5416;22;5784109;5416;486;6635;6679;4.96;0.30;305.31;4.78;1219;31;2301.00;44
5420;22;5784121;5420;489;6636;6679;4.90;0.30;305.45;4.81;1216;31;2302.00;43
5420;22;5784132;5420;493;6636;6679;4.93;0.30;305.45;4.81;1216;31;2303.00;43
5423;22;5784144;5423;510;6704;6806;5.15;0.32;305.52;4.76;1281;31;2304.00;102
5424;22;5784166;5424;506;6709;6807;5.16;0.32;305.49;4.75;1285;31;2305.00;98
5427;22;5784178;5427;501;6715;6807;5.16;0.32;305.63;4.75;1288;31;2306.00;92
5429;22;5784190;5429;497;6721;6807;5.12;0.32;305.64;4.75;1292;31;2307.00;86
5433;22;5784202;5433;499;6726;6807;5.05;0.31;305.77;4.75;1293;31;2308.00;81
5437;22;5784214;5437;502;6729;6807;4.97;0.31;305.75;4.75;1292;31;2309.00;78
5442;22;5784228;5442;491;6730;6807;4.90;0.30;305.73;4.75;1288;31;2310.00;77
5445;22;5784240;5445;485;6730;6807;4.87;0.30;305.81;4.75;1285;31;2311.00;77
5450;22;5784252;5450;477;6735;6808;4.91;0.30;305.92;4.77;1285;31;2312.00;73
5452;22;5784265;5452;479;6735;6809;4.95;0.31;305.96;4.77;1283;31;2313.00;74
5457;22;5784277;5457;479;6738;6809;5.01;0.31;306.14;4.77;1281;31;2314.00;71
5461;22;5784290;5461;472;6739;6810;5.05;0.31;306.16;4.77;1278;31;2315.00;71
5465;22;5784303;5465;475;6740;6810;5.09;0.32;306.25;4.78;1275;31;2316.00;70
5467;22;5784316;5467;468;6744;6810;5.14;0.32;306.22;4.78;1277;31;2317.00;66
5472;22;5784329;5472;467;6744;6810;5.13;0.32;306.38;4.78;1272;31;2318.00;66
5475;22;5784343;5475;466;6748;6814;5.16;0.32;306.41;4.78;1273;31;2319.00;66
5480;22;5784357;5480;458;6750;6814;5.15;0.32;306.65;4.79;1270;31;2320.00;64
5486;22;5784371;5486;456;6751;6814;5.15;0.32;306.67;4.79;1265;31;2321.00;63
5489;22;5784385;5489;457;6751;6817;5.18;0.32;306.69;4.79;1262;31;2322.00;66
5494;22;5784398;5494;459;6752;6817;5.16;0.32;306.83;4.79;1258;31;2323.00;65
5496;22;5784411;5496;457;6756;6817;5.16;0.32;306.91;4.80;1260;31;2324.00;61
5499;22;5784425;5499;457;6760;6821;5.21;0.32;306.94;4.80;1261;31;2325.00;61
5505;22;5784438;5505;454;6760;6822;5.25;0.32;306.99;4.80;1255;31;2326.00;62
5508;22;5784452;5508;450;6761;6822;5.30;0.33;307.20;4.80;1253;31;2327.00;61
5511;22;5784465;5511;454;6763;6826;5.29;0.32;307.31;4.80;1252;31;2328.00;63
5514;22;5784480;5514;451;6763;6826;5.30;0.33;307.37;4.80;1249;31;2329.00;63
5517;22;5784493;5517;446;6763;6826;5.33;0.33;307.47;4.80;1246;31;2330.00;63
5520;22;5784507;5520;443;6763;6827;5.37;0.33;307.48;4.80;1243;31;2331.00;64
5525;22;5784527;5525;444;6763;6827;5.40;0.33;307.66;4.80;1238;31;2332.00;64
5529;22;5784541;5529;448;6767;6833;5.46;0.33;307.87;4.80;1238;31;2333.00;66
5533;22;5784556;5533;444;6768;6833;5.49;0.34;307.88;4.80;1235;31;2334.00;65
5537;22;5784570;5537;447;6768;6834;5.55;0.34;308.08;4.80;1231;31;2335.00;66
5538;22;5784583;5538;448;6768;6834;5.62;0.34;308.13;4.80;1230;31;2336.00;66
5543;22;5784596;5543;454;6768;6834;5.65;0.35;308.28;4.80;1225;31;2337.00;66
5548;22;5784610;5548;448;6768;6834;5.68;0.35;308.44;4.80;1220;31;2338.00;66
5553;22;5784623;5553;455;6768;6834;5.72;0.35;308.69;4.80;1215;31;2339.00;66
5557;22;5784638;5557;446;6790;6870;5.82;0.36;308.78;4.79;1233;31;2340.00;80
5562;22;5784655;5562;447;6792;6870;5.81;0.36;308.98;4.79;1230;31;2341.00;78
5566;22;5784668;5566;442;6793;6870;5.81;0.36;309.16;4.79;1227;31;2342.00;77
5569;22;5784682;5569;441;6794;6870;5.79;0.36;309.30;4.79;1225;31;2343.00;76
5576;22;5784696;5576;437;6795;6870;5.76;0.35;309.58;4.79;1219;31;2344.00;75
5580;22;5784710;5580;444;6795;6870;5.78;0.36;309.84;4.79;1215;31;2345.00;75
5583;22;5784724;5583;449;6801;6874;5.79;0.36;309.99;4.79;1218;31;2346.00;73
5590;22;5784737;5590;449;6801;6874;5.78;0.35;310.20;4.79;1211;31;2347.00;73
5596;22;5784752;5596;450;6805;6878;5.79;0.35;310.54;4.80;1209;31;2348.00;73
5601;22;5784765;5601;453;6808;6879;5.84;0.36;310.64;4.80;1207;31;2349.00;71
5606;22;5784779;5606;456;6809;6879;5.84;0.36;310.74;4.80;1203;31;2350.00;70
5608;22;5784793;5608;461;6811;6879;5.82;0.36;310.74;4.80;1203;31;2351.00;68
5612;22;5784806;5612;466;6818;6892;5.74;0.35;310.93;4.80;1206;31;2352.00;74
5615;22;5784820;5615;471;6822;6892;5.71;0.35;310.92;4.80;1207;31;2353.00;70
5620;22;5784833;5620;475;6823;6892;5.66;0.35;311.10;4.80;1203;31;2354.00;69
5623;22;5784846;5623;483;6825;6893;5.64;0.35;311.24;4.80;1202;31;2355.00;68
5631;22;5784859;5631;480;6825;6894;5.53;0.34;311.26;4.80;1194;31;2356.00;69
5632;22;5784873;5632;479;6826;6894;5.48;0.33;311.26;4.80;1194;31;2357.00;68
5636;22;5784886;5636;482;6828;6897;5.38;0.33;311.42;4.80;1192;31;2358.00;69
5639;22;5784899;5639;492;6829;6897;5.30;0.32;311.55;4.80;1190;31;2359.00;68
5643;22;5784914;5643;493;6829;6897;5.25;0.32;311.66;4.80;1186;31;2360.00;68
5649;22;5784926;5649;500;6830;6897;5.22;0.32;311.80;4.80;1181;31;2361.00;67
5653;23;5784939;5653;502;6834;6903;5.25;0.32;311.82;4.80;1181;32;2362.00;69
5661;23;5784961;5661;509;6835;6903;5.20;0.32;311.94;4.80;1174;32;2363.00;68
5663;23;5784974;5663;507;6836;6903;5.18;0.32;312.01;4.80;1173;32;2364.00;67
5666;23;5784986;5666;510;6837;6903;5.15;0.31;312.06;4.83;1171;32;2365.00;66
5668;23;5785000;5668;507;6840;6907;5.14;0.31;312.07;4.83;1172;32;2366.00;67
5673;23;5785012;5673;499;6841;6908;5.13;0.31;312.19;4.83;1168;32;2367.00;67
5675;23;5785025;5675;491;6841;6908;5.18;0.32;312.20;4.83;1166;32;2368.00;67
5678;23;5785037;5678;490;6842;6909;5.20;0.32;312.37;4.83;1164;32;2369.00;67
5681;23;5785052;5681;494;6842;6909;5.19;0.32;312.43;4.83;1161;32;2370.00;67
5684;23;5785065;5684;494;6842;6909;5.18;0.32;312.60;4.83;1158;32;2371.00;67
5685;23;5785077;5685;497;6842;6909;5.18;0.32;312.70;4.83;1157;32;2372.00;67
5685;23;5785089;5685;494;6842;6909;5.19;0.32;312.70;4.83;1157;32;2373.00;67
5686;23;5785101;5686;503;6842;6909;5.18;0.32;312.66;4.83;1156;32;2374.00;67
5688;23;5785114;5688;510;6842;6909;5.16;0.32;312.76;4.83;1154;32;2375.00;67
5692;23;5785126;5692;519;6880;6979;5.19;0.32;312.87;4.80;1188;32;2376.00;99
5697;23;5785144;5697;516;6880;6980;5.09;0.31;312.94;4.80;1183;32;2377.00;100
5699;23;5785158;5699;501;6887;6980;5.13;0.31;312.97;4.80;1188;32;2378.00;93
5704;23;5785170;5704;495;6887;6980;5.07;0.31;313.14;4.80;1183;32;2379.00;93
5707;23;5785183;5707;489;6892;6980;5.10;0.31;313.19;4.80;1185;32;2380.00;88
5709;23;5785195;5709;493;6895;6980;5.15;0.31;313.31;4.80;1186;32;2381.00;85
5711;23;5785207;5711;493;6898;6980;5.16;0.32;313.43;4.80;1187;32;2382.00;82
5711;23;5785220;5711;501;6901;6980;5.18;0.32;313.43;4.80;1190;32;2383.00;79
5715;23;5785233;5715;501;6903;6981;5.17;0.32;313.50;4.80;1188;32;2384.00;78
5715;23;5785246;5715;498;6905;6983;5.20;0.32;313.50;4.80;1190;32;2385.00;78
5718;23;5785259;5718;501;6908;6983;5.18;0.32;313.47;4.80;1190;32;2386.00;75
5720;23;5785271;5720;500;6913;6987;5.23;0.32;313.48;4.80;1193;32;2387.00;74
5721;23;5785284;5721;507;6914;6987;5.23;0.32;313.51;4.80;1193;32;2388.00;73
5724;23;5785297;5724;507;6914;6987;5.20;0.32;313.55;4.80;1190;32;2389.00;73
5725;23;5785310;5725;507;6915;6987;5.18;0.32;313.54;4.88;1190;32;2390.00;72
5728;23;5785322;5728;505;6920;6993;5.15;0.31;313.54;4.88;1192;32;2391.00;73
5732;23;5785335;5732;510;6920;6993;5.05;0.31;313.47;4.88;1188;32;2392.00;73
5732;23;5785352;5732;514;6921;6993;4.97;0.30;313.47;4.91;1189;32;2393.00;72
5736;23;5785363;5736;519;6923;6996;4.93;0.30;313.43;4.91;1187;32;2394.00;73
5736;23;5785375;5736;524;6923;6996;4.89;0.30;313.43;4.91;1187;32;2395.00;73
5738;23;5785387;5738;523;6924;6996;4.86;0.30;313.48;4.91;1186;32;2396.00;72
5740;23;5785399;5740;536;6924;6997;4.84;0.29;313.61;4.91;1184;32;2397.00;73
5743;23;5785411;5743;533;6925;6998;4.85;0.29;313.55;4.91;1182;32;2398.00;73
5745;23;5785422;5745;540;6925;6998;4.84;0.29;313.50;4.91;1180;32;2399.00;73
5749;23;5785437;5749;548;6950;7057;4.85;0.29;313.49;4.89;1201;32;2400.00;107
5750;23;5785458;5750;537;6950;7057;4.84;0.30;313.46;4.89;1200;32;2401.00;107
5753;23;5785471;5753;537;6952;7057;4.88;0.30;313.42;4.89;1199;32;2402.00;105
5753;23;5785483;5753;538;6954;7058;4.92;0.30;313.42;4.89;1201;32;2403.00;104
5756;23;5785494;5756;536;6956;7058;4.95;0.30;313.43;4.89;1200;32;2404.00;102
5760;23;5785507;5760;532;6958;7062;4.97;0.30;313.60;4.89;1198;32;2405.00;104
5760;23;5785519;5760;541;6960;7062;4.99;0.30;313.60;4.89;1200;32;2406.00;102
5762;23;5785531;5762;533;6963;7066;5.00;0.31;313.57;4.89;1201;32;2407.00;103
5768;23;5785545;5768;526;6964;7066;4.96;0.30;313.47;4.89;1196;32;2408.00;102
5769;23;5785557;5769;528;6965;7066;5.01;0.30;313.43;4.89;1196;32;2409.00;101
5775;23;5785568;5775;524;6966;7066;4.97;0.30;313.49;4.93;1191;32;2410.00;100
5777;23;5785580;5777;525;6966;7066;4.94;0.30;313.48;4.93;1189;32;2411.00;100
5778;23;5785592;5778;524;6975;7078;4.94;0.30;313.51;4.92;1197;32;2412.00;103
5781;23;5785604;5781;528;6977;7078;4.94;0.30;313.52;4.92;1196;32;2413.00;101
5782;23;5785616;5782;526;6979;7078;4.91;0.30;313.55;4.96;1197;32;2414.00;99
5784;23;5785627;5784;525;6980;7078;4.89;0.30;313.58;4.99;1196;32;2415.00;98
5787;23;5785640;5787;515;6981;7078;4.89;0.30;313.58;5.03;1194;32;2416.00;97
5789;23;5785652;5789;516;6982;7078;4.85;0.30;313.50;5.06;1193;32;2417.00;96
5789;23;5785663;5789;513;6983;7079;4.89;0.30;313.50;5.06;1194;32;2418.00;96
5792;23;5785675;5792;500;6985;7079;4.92;0.30;313.44;5.07;1193;32;2419.00;94
5793;23;5785687;5793;488;6988;7085;5.04;0.31;313.40;5.07;1195;32;2420.00;97
5797;23;5785699;5797;471;6990;7086;5.12;0.31;313.33;5.10;1193;32;2421.00;96
5797;23;5785712;5797;470;6992;7086;5.23;0.32;313.33;5.11;1195;32;2422.00;94
5798;23;5785724;5798;462;6992;7086;5.31;0.32;313.28;5.11;1194;32;2423.00;94
5798;23;5785742;5798;461;6996;7090;5.39;0.33;313.28;5.11;1198;32;2424.00;94
5800;23;5785755;5800;458;6998;7090;5.45;0.33;313.24;5.11;1198;32;2425.00;92
5802;23;5785777;5802;449;7000;7090;5.50;0.34;313.16;5.12;1198;32;2426.00;90
5806;23;5785789;5806;451;7001;7091;5.55;0.34;313.25;5.12;1195;32;2427.00;90
5810;23;5785801;5810;450;7005;7095;5.57;0.34;313.11;5.12;1195;32;2428.00;90
5814;23;5785814;5814;449;7005;7095;5.64;0.34;313.08;5.12;1191;32;2429.00;90
5814;23;5785828;5814;447;7011;7101;5.73;0.35;313.08;5.12;1197;32;2430.00;90
5814;23;5785842;5814;445;7011;7101;5.72;0.35;313.08;5.12;1197;32;2431.00;90
5814;23;5785854;5814;442;7012;7101;5.71;0.35;313.08;5.12;1198;32;2432.00;89
5815;23;5785871;5815;435;7012;7101;5.69;0.35;313.06;5.12;1197;32;2433.00;89
5817;23;5785884;5817;433;7017;7105;5.76;0.35;313.08;5.12;1200;32;2434.00;88
5818;23;5785898;5818;438;7017;7105;5.76;0.35;313.18;5.12;1199;32;2435.00;88
5818;23;5785910;5818;431;7019;7105;5.78;0.35;313.18;5.16;1201;32;2436.00;86
5821;23;5785922;5821;433;7019;7105;5.76;0.35;313.18;5.16;1198;32;2437.00;86
5824;23;5785935;5824;433;7019;7106;5.77;0.35;313.20;5.16;1195;32;2438.00;87
5825;23;5785947;5825;435;7021;7107;5.85;0.36;313.20;5.19;1196;32;2439.00;86
5828;23;5785959;5828;435;7023;7107;5.81;0.35;313.36;5.23;1195;32;2440.00;84
5829;23;5785972;5829;438;7026;7108;5.74;0.35;313.38;5.27;1197;32;2441.00;82
5832;23;5785983;5832;438;7026;7108;5.66;0.35;313.59;5.27;1194;32;2442.00;82
5834;23;5785996;5834;441;7027;7108;5.64;0.34;313.57;5.30;1193;32;2443.00;81
5836;23;5786008;5836;427;7028;7108;5.67;0.35;313.59;5.33;1192;32;2444.00;80
5839;23;5786020;5839;427;7029;7108;5.66;0.35;313.72;5.36;1190;32;2445.00;79
5841;23;5786033;5841;430;7032;7108;5.70;0.35;313.77;5.38;1191;32;2446.00;76
5845;23;5786046;5845;436;7035;7108;5.72;0.35;313.76;5.47;1190;32;2447.00;73
5847;23;5786058;5847;449;7096;7235;5.87;0.36;313.84;5.46;1249;32;2448.00;139
5848;23;5786087;5848;448;7098;7236;5.83;0.36;313.82;5.48;1250;32;2449.00;138
5849;23;5786100;5849;440;7107;7236;5.86;0.36;313.79;5.48;1258;32;2450.00;129
5851;23;5786113;5851;443;7114;7236;5.80;0.36;313.84;5.48;1263;32;2451.00;122
5852;23;5786125;5852;446;7124;7236;5.81;0.36;313.83;5.54;1272;32;2452.00;112
5855;23;5786138;5855;449;7127;7236;5.75;0.36;313.91;5.54;1272;32;2453.00;109
5857;23;5786150;5857;449;7130;7236;5.70;0.35;314.05;5.54;1273;32;2454.00;106
5859;23;5786164;5859;451;7133;7236;5.67;0.35;314.09;5.56;1274;32;2455.00;103
5861;23;5786176;5861;454;7135;7237;5.62;0.35;314.07;5.59;1274;32;2456.00;102
5863;23;5786189;5863;467;7137;7238;5.58;0.34;314.04;5.59;1274;32;2457.00;101
5867;23;5786202;5867;464;7140;7238;5.53;0.34;314.29;5.60;1273;32;2458.00;98
5870;23;5786214;5870;458;7145;7239;5.49;0.34;314.30;5.65;1275;32;2459.00;94
5872;24;5786229;5872;457;7148;7239;5.46;0.34;314.46;5.65;1276;33;2460.00;91
5876;24;5786260;5876;455;7149;7239;5.42;0.33;314.47;5.65;1273;33;2461.00;90
5878;24;5786274;5878;460;7151;7239;5.45;0.33;314.46;5.67;1273;33;2462.00;88
5881;24;5786286;5881;468;7159;7243;5.48;0.34;314.62;5.71;1278;33;2463.00;84
5882;24;5786299;5882;473;7161;7243;5.42;0.33;314.63;5.71;1279;33;2464.00;82
5887;24;5786312;5887;476;7164;7243;5.37;0.33;314.62;5.72;1277;33;2465.00;79
5889;24;5786325;5889;486;7167;7246;5.36;0.33;314.78;5.72;1278;33;2466.00;79
5890;24;5786338;5890;486;7170;7246;5.36;0.33;314.77;5.75;1280;33;2467.00;76
5892;24;5786351;5892;498;7172;7246;5.34;0.33;314.82;5.75;1280;33;2468.00;74
5896;24;5786369;5896;500;7177;7250;5.28;0.32;314.84;5.75;1281;33;2469.00;73
5897;24;5786383;5897;500;7178;7251;5.28;0.32;314.81;5.76;1281;33;2470.00;73
5899;24;5786396;5899;502;7179;7251;5.27;0.32;314.79;5.76;1280;33;2471.00;72
5904;24;5786410;5904;506;7180;7255;5.20;0.32;314.86;5.76;1276;33;2472.00;75
5906;24;5786423;5906;506;7184;7255;5.15;0.31;314.94;5.75;1278;33;2473.00;71
5909;24;5786436;5909;513;7184;7255;5.11;0.31;314.94;5.75;1275;33;2474.00;71
5912;24;5786449;5912;503;7186;7257;5.09;0.31;314.92;5.75;1274;33;2475.00;71
5916;24;5786462;5916;498;7186;7257;5.08;0.31;315.04;5.75;1270;33;2476.00;71
5918;24;5786475;5918;499;7191;7263;5.10;0.31;315.05;5.75;1273;33;2477.00;72
5922;24;5786488;5922;490;7191;7263;5.08;0.31;315.04;5.75;1269;33;2478.00;72
5926;24;5786502;5926;485;7191;7264;5.05;0.31;315.19;5.75;1265;33;2479.00;73
5929;24;5786515;5929;483;7191;7264;5.02;0.31;315.27;5.75;1262;33;2480.00;73
5932;24;5786529;5932;483;7191;7264;5.02;0.31;315.25;5.75;1259;33;2481.00;73
5937;24;5786542;5937;473;7191;7264;5.00;0.30;315.30;5.75;1254;33;2482.00;73
5940;24;5786556;5940;471;7191;7264;5.01;0.30;315.33;5.75;1251;33;2483.00;73
5942;24;5786569;5942;463;7198;7276;5.07;0.31;315.36;5.74;1256;33;2484.00;78
5946;24;5786588;5946;460;7200;7276;5.10;0.31;315.50;5.74;1254;33;2485.00;76
5948;24;5786602;5948;450;7201;7276;5.14;0.31;315.49;5.74;1253;33;2486.00;75
5950;24;5786615;5950;441;7201;7276;5.22;0.32;315.55;5.74;1251;33;2487.00;75
5954;24;5786628;5954;440;7201;7276;5.23;0.32;315.62;5.74;1247;33;2488.00;75
5959;24;5786642;5959;431;7201;7276;5.29;0.32;315.87;5.74;1242;33;2489.00;75
5963;24;5786657;5963;426;7204;7280;5.32;0.32;315.93;5.74;1241;33;2490.00;76
5968;24;5786671;5968;420;7204;7280;5.31;0.32;316.15;5.74;1236;33;2491.00;76
5973;24;5786684;5973;413;7207;7284;5.31;0.32;316.50;5.74;1234;33;2492.00;77
5976;24;5786698;5976;415;7208;7285;5.31;0.32;316.62;5.74;1232;33;2493.00;77
5980;24;5786711;5980;413;7208;7285;5.32;0.33;316.79;5.74;1228;33;2494.00;77
5982;24;5786724;5982;415;7208;7285;5.40;0.33;316.88;5.74;1226;33;2495.00;77
5988;24;5786737;5988;416;7217;7298;5.47;0.33;317.01;5.73;1229;33;2496.00;81
5992;24;5786751;5992;418;7217;7298;5.55;0.34;317.08;5.73;1225;33;2497.00;81
5994;24;5786766;5994;417;7218;7298;5.60;0.34;317.19;5.73;1224;33;2498.00;80
5999;24;5786779;5999;414;7219;7299;5.60;0.34;317.25;5.73;1220;33;2499.00;80
6004;24;5786794;6004;418;7219;7300;5.56;0.34;317.37;5.73;1215;33;2500.00;81
6010;24;5786811;6010;422;7219;7300;5.53;0.34;317.62;5.73;1209;33;2501.00;81
6012;24;5786825;6012;424;7221;7303;5.56;0.34;317.60;5.73;1209;33;2502.00;82
6015;24;5786838;6015;430;7221;7303;5.59;0.34;317.71;5.73;1206;33;2503.00;82
6021;24;5786851;6021;429;7221;7303;5.52;0.34;317.72;5.73;1200;33;2504.00;82
6026;24;5786865;6026;433;7221;7303;5.50;0.33;317.76;5.73;1195;33;2505.00;82
6028;24;5786878;6028;433;7225;7309;5.53;0.34;317.74;5.72;1197;33;2506.00;84
6030;24;5786892;6030;439;7225;7309;5.50;0.33;317.91;5.72;1195;33;2507.00;84
6031;24;5786904;6031;437;7225;7309;5.50;0.33;317.87;5.72;1194;33;2508.00;84
6034;24;5786918;6034;441;7225;7309;5.47;0.33;317.91;5.72;1191;33;2509.00;84
6038;24;5786931;6038;437;7228;7313;5.42;0.33;317.89;5.72;1190;33;2510.00;85
6041;24;5786944;6041;439;7229;7314;5.36;0.33;318.02;5.77;1188;33;2511.00;85
6045;24;5786958;6045;442;7229;7314;5.29;0.32;318.10;5.77;1184;33;2512.00;85
6050;24;5786970;6050;450;7230;7315;5.20;0.32;318.17;5.77;1180;33;2513.00;85
6056;24;5786983;6056;451;7231;7315;5.10;0.31;318.39;5.77;1175;33;2514.00;84
6057;24;5786996;6057;455;7231;7315;5.06;0.31;318.37;5.77;1174;33;2515.00;84
6059;24;5787008;6059;469;7232;7315;5.02;0.30;318.41;5.77;1173;33;2516.00;83
6062;24;5787020;6062;482;7233;7315;4.94;0.30;318.52;5.78;1171;33;2517.00;82
6062;24;5787033;6062;484;7233;7315;4.93;0.30;318.52;5.78;1171;33;2518.00;82
6065;24;5787045;6065;494;7233;7315;4.94;0.30;318.59;5.78;1168;33;2519.00;82
6069;24;5787059;6069;517;7301;7440;5.03;0.31;318.66;5.73;1232;33;2520.00;139
6073;24;5787081;6073;511;7304;7441;4.98;0.31;318.77;5.72;1231;33;2521.00;137
6076;24;5787095;6076;496;7309;7441;4.97;0.31;319.02;5.72;1233;33;2522.00;132
6077;24;5787108;6077;498;7312;7441;5.01;0.31;319.05;5.72;1235;33;2523.00;129
6079;24;5787121;6079;498;7315;7441;5.03;0.31;319.32;5.72;1236;33;2524.00;126
6080;24;5787135;6080;503;7317;7441;5.07;0.31;319.28;5.72;1237;33;2525.00;124
6082;24;5787147;6082;506;7323;7441;5.08;0.31;319.42;5.72;1241;33;2526.00;118
6085;24;5787161;6085;509;7324;7441;5.10;0.31;319.44;5.72;1239;33;2527.00;117
6089;24;5787174;6089;511;7328;7442;5.10;0.31;319.56;5.73;1239;33;2528.00;114
6092;24;5787187;6092;514;7332;7443;5.10;0.31;319.60;5.73;1240;33;2529.00;111
6094;25;5787200;6094;519;7335;7443;5.07;0.31;319.55;5.73;1241;34;2530.00;108
6096;25;5787223;6096;514;7341;7447;5.05;0.31;319.58;5.78;1245;34;2531.00;106
6100;25;5787237;6100;508;7345;7447;5.00;0.31;319.57;5.78;1245;34;2532.00;102
6104;25;5787251;6104;509;7346;7447;4.94;0.30;319.73;5.78;1242;34;2533.00;101
6105;25;5787264;6105;514;7347;7447;4.94;0.30;319.69;5.78;1242;34;2534.00;100
6106;25;5787277;6106;525;7351;7453;4.97;0.31;319.70;5.78;1245;34;2535.00;102
6107;25;5787292;6107;529;7351;7453;4.95;0.30;319.72;5.78;1244;34;2536.00;102
6109;25;5787306;6109;538;7353;7455;4.94;0.30;319.75;5.78;1244;34;2537.00;102
6110;25;5787328;6110;551;7356;7458;4.95;0.30;319.72;5.78;1246;34;2538.00;102
6114;25;5787342;6114;561;7356;7458;4.92;0.30;319.82;5.78;1242;34;2539.00;102
6117;25;5787355;6117;561;7357;7458;4.89;0.30;319.92;5.78;1240;34;2540.00;101
6119;25;5787369;6119;564;7357;7459;4.87;0.30;319.87;5.78;1238;34;2541.00;102
6120;25;5787382;6120;563;7358;7460;4.89;0.30;319.83;5.77;1238;34;2542.00;102
6124;25;5787395;6124;572;7358;7460;4.84;0.30;319.79;5.77;1234;34;2543.00;102
6126;25;5787408;6126;586;7369;7473;4.82;0.30;319.89;5.77;1243;34;2544.00;104
6129;25;5787423;6129;586;7369;7473;4.82;0.30;319.84;5.77;1240;34;2545.00;104
6134;25;5787436;6134;589;7369;7473;4.81;0.29;319.82;5.77;1235;34;2546.00;104
6135;25;5787449;6135;583;7371;7474;4.80;0.29;319.82;5.82;1236;34;2547.00;103
6136;25;5787462;6136;586;7371;7474;4.80;0.29;319.84;5.82;1235;34;2548.00;103
6138;25;5787480;6138;586;7375;7478;4.83;0.30;319.79;5.81;1237;34;2549.00;103
6142;25;5787495;6142;584;7378;7481;4.76;0.29;319.66;5.81;1236;34;2550.00;103
6143;25;5787508;6143;583;7381;7485;4.75;0.29;319.71;5.81;1238;34;2551.00;104
6149;25;5787521;6149;581;7381;7485;4.65;0.28;319.72;5.81;1232;34;2552.00;104
6151;25;5787540;6151;586;7381;7485;4.58;0.28;319.73;5.81;1230;34;2553.00;104
6154;25;5787553;6154;585;7381;7485;4.49;0.27;319.67;5.81;1227;34;2554.00;104
6155;25;5787565;6155;587;7381;7485;4.43;0.27;319.68;5.81;1226;34;2555.00;104
6155;25;5787577;6155;590;7390;7497;4.44;0.27;319.68;5.80;1235;34;2556.00;107
6156;25;5787590;6156;594;7391;7497;4.42;0.27;319.66;5.80;1235;34;2557.00;106
6159;25;5787604;6159;597;7392;7497;4.39;0.27;319.65;5.80;1233;34;2558.00;105
6159;25;5787616;6159;605;7392;7497;4.41;0.27;319.65;5.80;1233;34;2559.00;105
6162;25;5787629;6162;604;7392;7497;4.44;0.27;319.72;5.80;1230;34;2560.00;105
6162;25;5787641;6162;604;7392;7497;4.48;0.27;319.72;5.80;1230;34;2561.00;105
6165;25;5787653;6165;606;7392;7498;4.46;0.27;319.75;5.80;1227;34;2562.00;106
6165;25;5787666;6165;603;7392;7498;4.43;0.27;319.75;5.80;1227;34;2563.00;106
6166;25;5787678;6166;609;7398;7504;4.44;0.27;319.75;5.85;1232;34;2564.00;106
6168;25;5787690;6168;603;7400;7506;4.39;0.27;319.74;5.85;1232;34;2565.00;106
6169;25;5787702;6169;585;7400;7506;4.36;0.27;319.73;5.85;1231;34;2566.00;106
6169;25;5787715;6169;577;7400;7506;4.35;0.27;319.73;5.85;1231;34;2567.00;106
6170;25;5787727;6170;566;7403;7510;4.37;0.27;319.70;5.85;1233;34;2568.00;107
6173;25;5787740;6173;554;7403;7510;4.38;0.27;319.90;5.85;1230;34;2569.00;107
6175;25;5787751;6175;547;7403;7510;4.39;0.27;319.90;5.85;1228;34;2570.00;107
6175;25;5787764;6175;537;7404;7511;4.45;0.27;319.90;5.85;1229;34;2571.00;107
6179;25;5787777;6179;526;7407;7515;4.51;0.27;319.93;5.85;1228;34;2572.00;108
6180;25;5787789;6180;522;7407;7515;4.59;0.28;319.96;5.85;1227;34;2573.00;108
6183;25;5787801;6183;518;7409;7518;4.68;0.29;320.01;5.84;1226;34;2574.00;109
6185;25;5787814;6185;510;7410;7518;4.72;0.29;320.07;5.90;1225;34;2575.00;108
6188;25;5787826;6188;503;7411;7518;4.77;0.29;320.18;5.90;1223;34;2576.00;107
6191;25;5787838;6191;494;7411;7518;4.85;0.30;320.16;5.90;1220;34;2577.00;107
6192;25;5787851;6192;494;7415;7522;4.97;0.30;320.20;5.90;1223;34;2578.00;107
6195;25;5787863;6195;490;7415;7522;4.98;0.30;320.15;5.90;1220;34;2579.00;107
6196;26;5787876;6196;486;7416;7522;5.04;0.31;320.18;5.94;1220;35;2580.00;106
6199;26;5787900;6199;487;7416;7522;5.11;0.31;320.21;5.94;1217;35;2581.00;106
6202;26;5787913;6202;493;7416;7523;5.16;0.31;320.25;5.94;1214;35;2582.00;107
6205;26;5787926;6205;489;7417;7524;5.25;0.32;320.20;5.94;1212;35;2583.00;107
6209;26;5787939;6209;486;7417;7524;5.29;0.32;320.23;5.94;1208;35;2584.00;107
6211;26;5787951;6211;488;7418;7525;5.37;0.33;320.14;5.94;1207;35;2585.00;107
6211;26;5787963;6211;484;7418;7525;5.40;0.33;320.14;5.94;1207;35;2586.00;107
6213;26;5787975;6213;478;7418;7525;5.42;0.33;320.14;5.94;1205;35;2587.00;107
6216;26;5787988;6216;480;7418;7525;5.42;0.33;320.19;5.94;1202;35;2588.00;107
6217;26;5788000;6217;471;7418;7525;5.42;0.33;320.24;5.94;1201;35;2589.00;107
6219;26;5788013;6219;471;7418;7525;5.44;0.33;320.37;5.94;1199;35;2590.00;107
6221;26;5788025;6221;460;7418;7525;5.40;0.33;320.44;5.94;1197;35;2591.00;107
6224;26;5788037;6224;480;7485;7652;5.56;0.34;320.44;5.88;1261;35;2592.00;167
6226;26;5788058;6226;473;7488;7653;5.57;0.34;320.43;5.88;1262;35;2593.00;165
6227;26;5788072;6227;465;7496;7653;5.63;0.35;320.55;5.88;1269;35;2594.00;157
6229;26;5788084;6229;468;7498;7653;5.64;0.35;320.53;5.88;1269;35;2595.00;155
6231;26;5788097;6231;461;7504;7653;5.72;0.35;320.53;5.88;1273;35;2596.00;149
6234;26;5788110;6234;464;7507;7653;5.73;0.35;320.59;5.88;1273;35;2597.00;146
6235;26;5788123;6235;449;7510;7653;5.78;0.35;320.55;5.88;1275;35;2598.00;143
6236;26;5788135;6236;449;7513;7653;5.81;0.36;320.66;5.88;1277;35;2599.00;140
6238;26;5788149;6238;444;7516;7654;5.82;0.36;320.63;5.88;1278;35;2600.00;138
6241;26;5788167;6241;446;7522;7655;5.80;0.35;320.68;5.92;1281;35;2601.00;133
6241;26;5788181;6241;446;7525;7655;5.75;0.35;320.68;5.93;1284;35;2602.00;130
6244;26;5788194;6244;449;7528;7656;5.66;0.35;320.77;5.93;1284;35;2603.00;128
6244;26;5788207;6244;452;7531;7656;5.60;0.34;320.77;5.96;1287;35;2604.00;125
6247;26;5788219;6247;457;7532;7656;5.55;0.34;320.86;5.97;1285;35;2605.00;124
6250;26;5788233;6250;472;7535;7656;5.54;0.34;321.07;6.01;1285;35;2606.00;121
6252;26;5788246;6252;470;7540;7660;5.52;0.34;321.02;6.05;1288;35;2607.00;120
6254;26;5788264;6254;480;7540;7660;5.47;0.34;321.05;6.05;1286;35;2608.00;120
6256;26;5788277;6256;480;7542;7660;5.47;0.34;321.15;6.05;1286;35;2609.00;118
6258;26;5788292;6258;485;7548;7666;5.44;0.33;321.22;6.10;1290;35;2610.00;118
6265;26;5788306;6265;492;7548;7666;5.37;0.33;321.49;6.10;1283;35;2611.00;118
6268;26;5788318;6268;498;7552;7666;5.35;0.33;321.62;6.18;1284;35;2612.00;114
6269;26;5788332;6269;503;7556;7670;5.34;0.33;321.58;6.18;1287;35;2613.00;114
6271;26;5788344;6271;499;7559;7671;5.32;0.33;321.67;6.22;1288;35;2614.00;112
6274;26;5788357;6274;510;7559;7671;5.32;0.32;321.73;6.22;1285;35;2615.00;112
6276;26;5788370;6276;510;7564;7675;5.32;0.32;321.74;6.30;1288;35;2616.00;111
6278;26;5788384;6278;517;7566;7675;5.30;0.32;321.83;6.34;1288;35;2617.00;109
6281;26;5788397;6281;516;7567;7675;5.28;0.32;321.97;6.38;1286;35;2618.00;108
6282;26;5788410;6282;515;7568;7676;5.29;0.32;321.99;6.38;1286;35;2619.00;108
6284;26;5788422;6284;521;7569;7676;5.31;0.33;322.08;6.42;1285;35;2620.00;107
6288;26;5788434;6288;520;7574;7682;5.34;0.33;322.06;6.42;1286;35;2621.00;108
6290;26;5788448;6290;521;7576;7682;5.35;0.33;321.99;6.50;1286;35;2622.00;106
6293;26;5788460;6293;523;7576;7683;5.32;0.32;321.97;6.50;1283;35;2623.00;107
6295;26;5788473;6295;519;7578;7683;5.27;0.32;321.99;6.57;1283;35;2624.00;105
6295;26;5788486;6295;513;7578;7683;5.28;0.32;321.99;6.57;1283;35;2625.00;105
6297;26;5788499;6297;516;7578;7683;5.29;0.32;321.99;6.57;1281;35;2626.00;105
6299;26;5788512;6299;512;7580;7683;5.27;0.32;322.12;6.64;1281;35;2627.00;103
6302;26;5788525;6302;515;7589;7695;5.34;0.33;322.05;6.64;1287;35;2628.00;106
6304;26;5788540;6304;514;7591;7695;5.38;0.33;322.05;6.71;1287;35;2629.00;104
6309;26;5788553;6309;508;7593;7695;5.37;0.33;322.33;6.71;1284;36;2630.00;102
6311;26;5788571;6311;508;7593;7695;5.34;0.32;322.32;6.71;1282;36;2631.00;102
6314;26;5788584;6314;508;7595;7695;5.31;0.32;322.40;6.78;1281;36;2632.00;100
6315;26;5788597;6315;504;7595;7695;5.31;0.32;322.42;6.78;1280;36;2633.00;100
6317;26;5788609;6317;510;7598;7699;5.29;0.32;322.51;6.78;1281;36;2634.00;101
6318;26;5788624;6318;515;7600;7699;5.25;0.32;322.49;6.85;1282;36;2635.00;99
6321;26;5788636;6321;510;7604;7703;5.21;0.32;322.51;6.85;1283;36;2636.00;99
6324;26;5788654;6324;512;7607;7704;5.12;0.31;322.62;6.92;1283;36;2637.00;97
6325;26;5788667;6325;513;7607;7704;5.05;0.31;322.67;6.92;1282;36;2638.00;97
6333;26;5788683;6333;520;7607;7704;4.92;0.30;322.66;6.92;1274;36;2639.00;97
6336;26;5788697;6336;521;7631;7733;4.93;0.30;322.67;6.96;1295;36;2640.00;102
6340;26;5788713;6340;504;7632;7733;4.91;0.30;322.71;6.96;1292;36;2641.00;101
6341;26;5788726;6341;500;7636;7733;4.96;0.30;322.78;7.02;1295;36;2642.00;97
6345;26;5788761;6345;493;7637;7734;4.98;0.30;322.77;7.02;1292;36;2643.00;97
6349;26;5788780;6349;491;7637;7735;5.02;0.31;322.99;7.02;1288;36;2644.00;98
6352;26;5788793;6352;481;7639;7735;5.06;0.31;323.04;7.09;1287;36;2645.00;96
6355;26;5788807;6355;486;7642;7738;5.14;0.31;323.02;7.08;1287;36;2646.00;96
6360;26;5788821;6360;471;7644;7738;5.15;0.31;323.04;7.15;1284;36;2647.00;94
6362;26;5788834;6362;460;7644;7738;5.16;0.31;323.03;7.15;1282;36;2648.00;94
6367;26;5788848;6367;455;7644;7738;5.17;0.31;323.11;7.15;1277;36;2649.00;94
6371;26;5788862;6371;452;7649;7744;5.21;0.32;323.15;7.14;1278;37;2650.00;95
6375;26;5788883;6375;445;7649;7744;5.22;0.32;323.32;7.14;1274;37;2651.00;95
6377;26;5788897;6377;442;7649;7744;5.19;0.32;323.32;7.14;1272;37;2652.00;95
6381;26;5788910;6381;441;7649;7744;5.17;0.32;323.44;7.14;1268;37;2653.00;95
6383;26;5788924;6383;447;7652;7748;5.19;0.32;323.47;7.14;1269;37;2654.00;96
6386;26;5788937;6386;454;7654;7750;5.19;0.32;323.57;7.14;1268;37;2655.00;96
6391;26;5788950;6391;450;7654;7750;5.25;0.32;323.67;7.14;1263;37;2656.00;96
6393;26;5788963;6393;448;7655;7751;5.33;0.33;323.73;7.14;1262;37;2657.00;96
6398;26;5788976;6398;451;7655;7751;5.32;0.33;323.80;7.14;1257;37;2658.00;96
6403;26;5788994;6403;451;7655;7751;5.34;0.33;323.95;7.14;1252;37;2659.00;96
6407;26;5789007;6407;450;7655;7751;5.34;0.33;324.00;7.14;1248;37;2660.00;96
6409;26;5789021;6409;454;7655;7751;5.35;0.33;324.22;7.14;1246;37;2661.00;96
6412;26;5789034;6412;453;7655;7751;5.35;0.33;324.27;7.14;1243;37;2662.00;96
6415;26;5789047;6415;468;7655;7751;5.36;0.33;324.35;7.14;1240;37;2663.00;96
6421;26;5789060;6421;479;7694;7821;5.35;0.33;324.44;7.10;1273;37;2664.00;127
6423;26;5789079;6423;479;7696;7822;5.40;0.33;324.46;7.10;1273;37;2665.00;126
6430;26;5789092;6430;479;7703;7822;5.39;0.33;324.61;7.10;1273;37;2666.00;119
6434;26;5789107;6434;483;7707;7822;5.40;0.33;324.74;7.09;1273;37;2667.00;115
6441;26;5789120;6441;483;7709;7822;5.38;0.33;324.87;7.09;1268;37;2668.00;113
6446;26;5789134;6446;499;7711;7822;5.38;0.33;325.03;7.09;1265;37;2669.00;111
6448;26;5789149;6448;498;7712;7822;5.40;0.33;325.01;7.09;1264;37;2670.00;110
6456;26;5789162;6456;504;7714;7822;5.35;0.33;325.28;7.09;1258;37;2671.00;108
6459;26;5789176;6459;511;7715;7823;5.35;0.33;325.43;7.09;1256;37;2672.00;108
6463;26;5789189;6463;511;7716;7824;5.33;0.33;325.45;7.09;1253;37;2673.00;108
6468;26;5789202;6468;522;7717;7824;5.29;0.33;325.74;7.09;1249;37;2674.00;107
6475;26;5789216;6475;523;7722;7828;5.22;0.32;325.86;7.16;1247;37;2675.00;106
6480;26;5789229;6480;536;7723;7828;5.17;0.32;325.94;7.16;1243;37;2676.00;105
6483;26;5789242;6483;540;7723;7828;5.13;0.32;325.92;7.16;1240;37;2677.00;105
6486;26;5789256;6486;541;7723;7828;5.07;0.31;326.02;7.16;1237;37;2678.00;105
6490;26;5789268;6490;550;7729;7834;4.98;0.31;326.02;7.15;1239;37;2679.00;105
6492;26;5789282;6492;549;7729;7834;4.93;0.30;326.04;7.15;1237;37;2680.00;105
6494;26;5789295;6494;558;7730;7834;4.86;0.30;326.01;7.15;1236;37;2681.00;104
6498;26;5789307;6498;558;7732;7837;4.77;0.29;326.03;7.15;1234;37;2682.00;105
6502;26;5789320;6502;560;7734;7837;4.73;0.29;325.90;7.15;1232;37;2683.00;103
6504;26;5789333;6504;565;7734;7837;4.72;0.29;325.92;7.15;1230;37;2684.00;103
6508;26;5789346;6508;566;7734;7838;4.65;0.29;325.86;7.15;1226;37;2685.00;104
6511;26;5789359;6511;572;7736;7839;4.63;0.29;325.92;7.15;1225;37;2686.00;103
6514;26;5789371;6514;568;7737;7839;4.61;0.28;325.82;7.22;1223;37;2687.00;102
6518;26;5789385;6518;561;7748;7852;4.67;0.29;325.80;7.21;1230;37;2688.00;104
6522;26;5789399;6522;562;7748;7852;4.67;0.29;325.71;7.21;1226;37;2689.00;104
6526;26;5789411;6526;557;7748;7852;4.71;0.29;325.62;7.21;1222;37;2690.00;104
6529;26;5789424;6529;559;7749;7853;4.73;0.29;325.54;7.21;1220;37;2691.00;104
6534;26;5789438;6534;561;7750;7853;4.72;0.29;325.61;7.27;1216;37;2692.00;103
6535;26;5789451;6535;566;7754;7857;4.78;0.29;325.57;7.26;1219;37;2693.00;103
6538;26;5789465;6538;572;7754;7857;4.74;0.29;325.57;7.26;1216;37;2694.00;103
6541;26;5789486;6541;576;7757;7861;4.72;0.29;325.57;7.26;1216;37;2695.00;104
6543;26;5789499;6543;564;7757;7861;4.68;0.29;325.60;7.26;1214;37;2696.00;104
6549;26;5789511;6549;555;7757;7861;4.64;0.28;325.59;7.26;1208;37;2697.00;104
6553;26;5789529;6553;551;7757;7861;4.58;0.28;325.58;7.26;1204;37;2698.00;104
6553;26;5789542;6553;554;7757;7861;4.59;0.28;325.58;7.26;1204;37;2699.00;104
6557;26;5789557;6557;552;7782;7910;4.65;0.28;325.52;7.24;1225;37;2700.00;128
6558;26;5789578;6558;554;7784;7910;4.67;0.29;325.50;7.24;1226;37;2701.00;126
6559;26;5789591;6559;558;7786;7910;4.70;0.29;325.49;7.24;1227;37;2702.00;124
6561;26;5789605;6561;553;7786;7910;4.69;0.29;325.43;7.24;1225;37;2703.00;124
6563;26;5789619;6563;561;7789;7910;4.70;0.29;325.44;7.23;1226;37;2704.00;121
6564;26;5789632;6564;557;7790;7910;4.72;0.29;325.48;7.23;1226;37;2705.00;120
6566;26;5789645;6566;564;7791;7911;4.74;0.29;325.47;7.23;1225;37;2706.00;120
6566;26;5789659;6566;561;7791;7911;4.77;0.29;325.47;7.23;1225;37;2707.00;120
6567;26;5789673;6567;563;7795;7917;4.77;0.29;325.46;7.23;1228;37;2708.00;122
6569;26;5789687;6569;565;7796;7918;4.79;0.29;325.48;7.23;1227;37;2709.00;122
6570;26;5789700;6570;571;7796;7918;4.81;0.29;325.49;7.23;1226;37;2710.00;122
6570;26;5789713;6570;573;7797;7918;4.82;0.29;325.49;7.23;1227;37;2711.00;121
6572;26;5789726;6572;578;7800;7922;4.84;0.29;325.47;7.23;1228;37;2712.00;122
6574;26;5789739;6574;561;7800;7922;4.85;0.29;325.59;7.23;1226;37;2713.00;122
6574;26;5789752;6574;544;7800;7922;4.87;0.30;325.59;7.23;1226;37;2714.00;122
6574;26;5789765;6574;539;7801;7923;4.91;0.30;325.59;7.23;1227;37;2715.00;122
6576;26;5789778;6576;531;7804;7927;5.00;0.30;325.65;7.23;1228;38;2716.00;123
6578;26;5789800;6578;530;7806;7927;4.98;0.30;325.59;7.23;1228;38;2717.00;121
6579;26;5789814;6579;521;7808;7930;5.06;0.31;325.60;7.23;1229;38;2718.00;122
6579;26;5789828;6579;522;7808;7930;5.10;0.31;325.60;7.23;1229;38;2719.00;122
6580;26;5789846;6580;516;7809;7930;5.11;0.31;325.62;7.23;1229;38;2720.00;121
6581;26;5789859;6581;515;7809;7930;5.07;0.31;325.60;7.23;1228;38;2721.00;121
6581;26;5789872;6581;515;7813;7934;5.13;0.31;325.60;7.23;1232;38;2722.00;121
6584;26;5789891;6584;518;7814;7934;5.13;0.31;325.72;7.23;1230;38;2723.00;120
6584;26;5789905;6584;515;7815;7934;5.14;0.31;325.72;7.23;1231;38;2724.00;119
6584;26;5789918;6584;514;7815;7934;5.22;0.32;325.72;7.23;1231;38;2725.00;119
6587;26;5789932;6587;519;7815;7935;5.23;0.32;325.72;7.23;1228;38;2726.00;120
6590;26;5789945;6590;516;7818;7936;5.19;0.31;325.73;7.28;1228;38;2727.00;118
6592;26;5789959;6592;512;7818;7936;5.20;0.32;325.75;7.28;1226;38;2728.00;118
6593;26;5789973;6593;508;7820;7937;5.28;0.32;325.75;7.28;1227;38;2729.00;117
6595;26;5789988;6595;498;7822;7937;5.26;0.32;325.73;7.29;1227;38;2730.00;115
6597;26;5790002;6597;491;7822;7937;5.22;0.32;325.71;7.29;1225;38;2731.00;115
6597;26;5790015;6597;485;7822;7937;5.24;0.32;325.71;7.29;1225;38;2732.00;115
6599;26;5790028;6599;479;7822;7937;5.21;0.32;325.76;7.29;1223;38;2733.00;115
6600;26;5790042;6600;474;7823;7937;5.29;0.32;325.73;7.29;1223;38;2734.00;114
6604;26;5790054;6604;472;7823;7937;5.28;0.32;325.82;7.29;1219;38;2735.00;114
6607;26;5790068;6607;483;7888;8064;5.46;0.34;325.95;7.23;1281;38;2736.00;176
6608;26;5790090;6608;470;7888;8065;5.55;0.34;326.05;7.23;1280;38;2737.00;177
6613;26;5790110;6613;456;7895;8065;5.67;0.35;326.23;7.23;1282;38;2738.00;170
6617;26;5790125;6617;459;7897;8065;5.76;0.35;326.30;7.22;1280;38;2739.00;168
6621;26;5790139;6621;448;7902;8065;5.83;0.36;326.51;7.22;1281;38;2740.00;163
6623;26;5790152;6623;447;7907;8065;5.86;0.36;326.59;7.22;1284;38;2741.00;158
6627;26;5790166;6627;440;7910;8065;5.83;0.36;326.58;7.22;1283;38;2742.00;155
6632;26;5790185;6632;435;7913;8065;5.82;0.35;326.77;7.22;1281;38;2743.00;152
6633;26;5790199;6633;440;7914;8066;5.88;0.36;326.88;7.22;1281;38;2744.00;152
6634;26;5790212;6634;437;7919;8068;5.89;0.36;326.92;7.26;1285;38;2745.00;149
6637;26;5790227;6637;432;7921;8068;5.86;0.36;326.94;7.30;1284;38;2746.00;147
6638;26;5790241;6638;437;7923;8069;5.82;0.35;326.96;7.30;1285;38;2747.00;146
6642;26;5790256;6642;445;7926;8069;5.81;0.35;326.97;7.31;1284;38;2748.00;143
6643;26;5790269;6643;443;7927;8069;5.80;0.35;327.08;7.31;1284;38;2749.00;142
6644;26;5790283;6644;436;7929;8069;5.79;0.35;327.04;7.31;1285;38;2750.00;140
6646;26;5790297;6646;446;7933;8073;5.83;0.36;327.28;7.31;1287;38;2751.00;140
6647;26;5790311;6647;455;7935;8073;5.84;0.36;327.24;7.32;1288;38;2752.00;138
6649;26;5790325;6649;465;7937;8073;5.76;0.35;327.18;7.32;1288;38;2753.00;136
6650;26;5790339;6650;466;7940;8076;5.78;0.35;327.31;7.32;1290;38;2754.00;136
6655;26;5790353;6655;476;7941;8076;5.73;0.35;327.45;7.32;1286;38;2755.00;135
6656;26;5790372;6656;484;7943;8076;5.71;0.35;327.43;7.32;1287;38;2756.00;133
6658;26;5790385;6658;484;7948;8080;5.71;0.35;327.45;7.32;1290;38;2757.00;132
6661;26;5790399;6661;480;7950;8081;5.70;0.35;327.50;7.33;1289;38;2758.00;131
6661;26;5790413;6661;486;7953;8081;5.81;0.35;327.50;7.33;1292;38;2759.00;128
6664;26;5790429;6664;484;7956;8086;5.84;0.35;327.58;7.33;1292;38;2760.00;130
6667;26;5790443;6667;489;7959;8086;5.87;0.36;327.69;7.33;1292;38;2761.00;127
6670;26;5790458;6670;486;7960;8086;5.89;0.36;327.77;7.33;1290;38;2762.00;126
6674;26;5790471;6674;485;7962;8087;5.95;0.36;327.75;7.33;1288;38;2763.00;125
6675;26;5790486;6675;481;7962;8087;5.90;0.36;327.80;7.33;1287;38;2764.00;125
6679;26;5790504;6679;486;7968;8093;5.89;0.36;327.80;7.33;1289;38;2765.00;125
6682;26;5790519;6682;481;7969;8093;5.88;0.36;327.90;7.37;1287;38;2766.00;124
6684;26;5790535;6684;489;7969;8094;5.79;0.35;327.96;7.37;1285;38;2767.00;125
6686;26;5790549;6686;496;7969;8094;5.74;0.35;327.98;7.37;1283;38;2768.00;125
6687;26;5790563;6687;498;7969;8094;5.73;0.35;328.01;7.37;1282;38;2769.00;125
6689;26;5790579;6689;502;7969;8094;5.72;0.35;328.15;7.37;1280;38;2770.00;125
6690;26;5790592;6690;504;7970;8094;5.70;0.35;328.16;7.41;1280;38;2771.00;124
6691;26;5790606;6691;512;7981;8106;5.69;0.35;328.21;7.45;1290;38;2772.00;125
6695;26;5790621;6695;511;7982;8106;5.65;0.34;328.41;7.49;1287;38;2773.00;124
6697;26;5790636;6697;517;7985;8106;5.62;0.34;328.43;7.57;1288;38;2774.00;121
6697;26;5790654;6697;520;7986;8106;5.61;0.34;328.43;7.61;1289;38;2775.00;120
6701;26;5790668;6701;523;7986;8106;5.57;0.34;328.45;7.61;1285;39;2776.00;120
6702;26;5790689;6702;523;7988;8106;5.53;0.34;328.45;7.69;1286;39;2777.00;118
6703;26;5790703;6703;528;7992;8110;5.52;0.34;328.52;7.73;1289;39;2778.00;118
6704;27;5790717;6704;532;7993;8110;5.51;0.34;328.50;7.77;1289;40;2779.00;117
6706;27;5790737;6706;525;7998;8114;5.55;0.34;328.50;7.80;1292;40;2780.00;116
6708;27;5790751;6708;519;8000;8115;5.53;0.34;328.64;7.84;1292;40;2781.00;115
6711;27;5790768;6711;517;8000;8115;5.49;0.33;328.61;7.84;1289;40;2782.00;115
6713;27;5790782;6713;517;8001;8115;5.49;0.33;328.58;7.88;1288;40;2783.00;114
6718;27;5790795;6718;524;8013;8128;5.46;0.33;328.68;7.91;1295;40;2784.00;115
6720;27;5790809;6720;521;8014;8128;5.47;0.33;328.65;7.94;1294;40;2785.00;114
6723;27;5790822;6723;525;8014;8128;5.53;0.34;328.75;7.94;1291;40;2786.00;114
6730;27;5790835;6730;534;8016;8129;5.53;0.34;328.73;7.98;1286;40;2787.00;113
6734;27;5790849;6734;528;8017;8130;5.56;0.34;328.83;8.01;1283;40;2788.00;113
6735;27;5790862;6735;524;8017;8130;5.58;0.34;328.89;8.01;1282;40;2789.00;113
6738;27;5790876;6738;524;8023;8136;5.60;0.34;329.10;8.04;1285;40;2790.00;113
6741;27;5790890;6741;526;8024;8136;5.57;0.34;329.10;8.08;1283;40;2791.00;112
6742;27;5790904;6742;525;8025;8136;5.59;0.34;329.10;8.08;1283;40;2792.00;111
6747;27;5790917;6747;525;8025;8136;5.58;0.34;329.19;8.08;1278;40;2793.00;111
6751;27;5790930;6751;525;8033;8142;5.54;0.34;329.29;8.19;1282;40;2794.00;109
6751;27;5790943;6751;524;8033;8142;5.53;0.34;329.29;8.19;1282;40;2795.00;109
6754;27;5790956;6754;521;8035;8142;5.49;0.34;329.36;8.26;1281;40;2796.00;107
6758;27;5790969;6758;520;8035;8142;5.48;0.33;329.34;8.26;1277;40;2797.00;107
6762;27;5790981;6762;529;8040;8146;5.42;0.33;329.39;8.33;1278;40;2798.00;106
6763;27;5790995;6763;523;8041;8147;5.37;0.33;329.50;8.33;1278;40;2799.00;106
6763;27;5791009;6763;520;8041;8147;5.32;0.32;329.50;8.33;1278;40;2800.00;106
6767;27;5791024;6767;529;8044;8148;5.16;0.31;329.54;8.40;1277;40;2801.00;104
6770;27;5791037;6770;530;8044;8148;5.02;0.31;329.68;8.40;1274;40;2802.00;104
6771;27;5791050;6771;533;8045;8148;4.91;0.30;329.71;8.43;1274;40;2803.00;103
6773;27;5791062;6773;531;8046;8148;4.83;0.30;329.76;8.47;1273;40;2804.00;102
6777;27;5791074;6777;516;8046;8148;4.75;0.29;329.88;8.47;1269;40;2805.00;102
6781;27;5791087;6781;508;8048;8148;4.70;0.29;330.15;8.53;1267;40;2806.00;100
6783;27;5791099;6783;498;8048;8148;4.68;0.29;330.16;8.53;1265;40;2807.00;100
6786;27;5791112;6786;504;8090;8218;4.83;0.30;330.09;8.48;1304;40;2808.00;128
6789;27;5791129;6789;503;8093;8219;4.85;0.30;330.29;8.48;1304;40;2809.00;126
6794;27;5791142;6794;497;8097;8219;4.87;0.30;330.25;8.48;1303;40;2810.00;122
6799;27;5791155;6799;505;8098;8219;4.90;0.30;330.33;8.47;1299;40;2811.00;121
6804;27;5791168;6804;504;8100;8219;4.91;0.30;330.38;8.47;1296;40;2812.00;119
6807;27;5791181;6807;498;8102;8219;4.94;0.30;330.30;8.47;1295;40;2813.00;117
6811;27;5791194;6811;500;8104;8219;4.96;0.30;330.40;8.47;1293;40;2814.00;115
6814;27;5791207;6814;507;8104;8219;4.92;0.30;330.51;8.47;1290;40;2815.00;115
6816;28;5791220;6816;510;8105;8220;4.92;0.30;330.59;8.47;1289;41;2816.00;115
6822;28;5791248;6822;505;8106;8221;4.86;0.30;330.82;8.47;1284;41;2817.00;115
6826;28;5791261;6826;512;8107;8221;4.88;0.30;330.87;8.47;1281;41;2818.00;114
6830;28;5791274;6830;514;8111;8225;4.92;0.30;330.87;8.47;1281;41;2819.00;114
6834;28;5791289;6834;518;8112;8225;4.95;0.30;330.94;8.47;1278;41;2820.00;113
6839;28;5791302;6839;528;8113;8225;4.93;0.30;330.99;8.47;1274;41;2821.00;112
6844;28;5791315;6844;527;8114;8225;4.94;0.30;331.31;8.47;1270;41;2822.00;111
6846;28;5791329;6846;539;8118;8231;4.94;0.30;331.35;8.47;1272;41;2823.00;113
6851;28;5791342;6851;537;8118;8231;4.88;0.30;331.43;8.47;1267;41;2824.00;113
6851;28;5791355;6851;534;8118;8231;4.84;0.30;331.43;8.47;1267;41;2825.00;113
6856;28;5791368;6856;532;8119;8234;4.78;0.29;331.45;8.47;1263;41;2826.00;115
6857;28;5791381;6857;528;8119;8234;4.76;0.29;331.47;8.47;1262;41;2827.00;115
6861;28;5791394;6861;529;8119;8234;4.69;0.29;331.58;8.47;1258;41;2828.00;115
6868;28;5791407;6868;532;8119;8235;4.58;0.28;331.61;8.47;1251;41;2829.00;116
6873;28;5791421;6873;526;8120;8236;4.51;0.27;331.49;8.46;1247;41;2830.00;116
6877;28;5791434;6877;532;8120;8236;4.44;0.27;331.43;8.46;1243;41;2831.00;116
6881;28;5791447;6881;539;8129;8249;4.43;0.27;331.51;8.46;1248;41;2832.00;120
6884;28;5791461;6884;539;8130;8249;4.40;0.27;331.45;8.45;1246;41;2833.00;119
6889;28;5791474;6889;537;8130;8249;4.34;0.26;331.37;8.45;1241;41;2834.00;119
6893;28;5791487;6893;539;8131;8251;4.31;0.26;331.30;8.45;1238;41;2835.00;120
6896;28;5791499;6896;539;8131;8251;4.32;0.26;331.29;8.45;1235;41;2836.00;120
6900;28;5791513;6900;535;8134;8255;4.32;0.26;331.44;8.45;1234;41;2837.00;121
6903;28;5791527;6903;537;8134;8255;4.33;0.26;331.48;8.45;1231;41;2838.00;121
6904;28;5791540;6904;539;8137;8259;4.39;0.27;331.48;8.45;1233;41;2839.00;122
6906;28;5791553;6906;547;8138;8259;4.37;0.27;331.48;8.45;1232;41;2840.00;121
6909;28;5791565;6909;545;8139;8259;4.31;0.26;331.57;8.52;1230;41;2841.00;120
6912;28;5791578;6912;557;8140;8259;4.28;0.26;331.45;8.52;1228;41;2842.00;119
6915;28;5791590;6915;557;8140;8259;4.21;0.26;331.41;8.52;1225;41;2843.00;119
6916;28;5791603;6916;562;8151;8271;4.24;0.26;331.42;8.52;1235;41;2844.00;120
6917;28;5791622;6917;567;8151;8271;4.21;0.26;331.45;8.52;1234;41;2845.00;120
6921;28;5791638;6921;575;8151;8271;4.13;0.25;331.39;8.52;1230;41;2846.00;120
6921;28;5791651;6921;577;8152;8271;4.10;0.25;331.39;8.52;1231;41;2847.00;119
6922;28;5791663;6922;572;8152;8271;4.09;0.25;331.41;8.52;1230;41;2848.00;119
6924;28;5791675;6924;570;8152;8271;4.07;0.25;331.44;8.52;1228;41;2849.00;119
6926;28;5791689;6926;571;8156;8274;4.04;0.25;331.46;8.52;1230;41;2850.00;118
6928;28;5791702;6928;568;8156;8274;4.02;0.25;331.39;8.52;1228;41;2851.00;118
6930;28;5791715;6930;566;8161;8280;4.04;0.25;331.35;8.52;1231;41;2852.00;119
6932;28;5791728;6932;564;8163;8281;4.01;0.25;331.34;8.52;1231;41;2853.00;118
6936;28;5791740;6936;565;8163;8281;3.99;0.24;331.40;8.52;1227;41;2854.00;118
6936;28;5791753;6936;558;8165;8281;4.05;0.25;331.40;8.52;1229;41;2855.00;116
6939;28;5791766;6939;558;8168;8285;4.09;0.25;331.39;8.52;1229;41;2856.00;117
6940;28;5791779;6940;557;8170;8285;4.17;0.25;331.37;8.58;1230;41;2857.00;115
6940;28;5791790;6940;555;8170;8285;4.21;0.26;331.37;8.58;1230;41;2858.00;115
6942;28;5791802;6942;561;8172;8286;4.23;0.26;331.34;8.58;1230;41;2859.00;114
6945;28;5791820;6945;547;8175;8290;4.25;0.26;331.35;8.58;1230;41;2860.00;115
6947;28;5791833;6947;522;8175;8290;4.31;0.26;331.45;8.58;1228;41;2861.00;115
6949;28;5791847;6949;500;8179;8293;4.42;0.27;331.43;8.58;1230;41;2862.00;114
6950;28;5791859;6950;481;8179;8293;4.51;0.27;331.42;8.58;1229;41;2863.00;114
6952;28;5791873;6952;471;8181;8295;4.62;0.28;331.46;8.57;1229;41;2864.00;114
6953;28;5791887;6953;468;8181;8295;4.74;0.29;331.46;8.57;1228;41;2865.00;114
6956;29;5791901;6956;462;8185;8299;4.85;0.29;331.42;8.57;1229;42;2866.00;114
6957;29;5791925;6957;458;8186;8299;4.98;0.30;331.40;8.63;1229;42;2867.00;113
6957;29;5791939;6957;459;8186;8299;5.10;0.31;331.40;8.63;1229;42;2868.00;113
6959;29;5791957;6959;459;8186;8299;5.18;0.31;331.40;8.63;1227;42;2869.00;113
6962;29;5791976;6962;461;8186;8300;5.19;0.31;331.42;8.63;1224;42;2870.00;114
6963;29;5791990;6963;462;8187;8301;5.23;0.32;331.39;8.63;1224;42;2871.00;114
6964;29;5792003;6964;455;8187;8301;5.24;0.32;331.36;8.63;1223;42;2872.00;114
6964;29;5792017;6964;445;8188;8302;5.28;0.32;331.36;8.63;1224;42;2873.00;114
6966;29;5792030;6966;435;8188;8302;5.31;0.32;331.42;8.63;1222;42;2874.00;114
6966;29;5792045;6966;433;8188;8302;5.37;0.32;331.42;8.63;1222;42;2875.00;114
6966;29;5792058;6966;425;8188;8302;5.37;0.33;331.42;8.63;1222;42;2876.00;114
6967;29;5792076;6967;427;8188;8302;5.38;0.33;331.44;8.63;1221;42;2877.00;114
6967;29;5792090;6967;423;8188;8302;5.44;0.33;331.44;8.63;1221;42;2878.00;114
6968;29;5792103;6968;415;8188;8302;5.48;0.33;331.44;8.63;1220;42;2879.00;114
6968;29;5792122;6968;468;8302;8532;5.76;0.36;331.44;8.51;1334;42;2880.00;230
6971;29;5792155;6971;457;8306;8533;5.78;0.36;331.51;8.51;1335;42;2881.00;227
6973;29;5792170;6973;451;8317;8533;5.83;0.36;331.51;8.50;1344;42;2882.00;216
6976;29;5792185;6976;438;8322;8533;5.84;0.36;331.65;8.50;1346;42;2883.00;211
6979;29;5792199;6979;439;8329;8533;5.84;0.36;331.70;8.49;1350;42;2884.00;204
6980;29;5792213;6980;431;8332;8533;5.84;0.36;331.73;8.49;1352;42;2885.00;201
6983;29;5792228;6983;429;8337;8533;5.85;0.36;331.89;8.49;1354;42;2886.00;196
6988;29;5792243;6988;439;8341;8533;5.82;0.36;332.16;8.49;1353;42;2887.00;192
6990;29;5792257;6990;449;8346;8534;5.84;0.36;332.11;8.49;1356;42;2888.00;188
6991;29;5792273;6991;457;8350;8535;5.81;0.36;332.16;8.49;1359;42;2889.00;185
6994;29;5792288;6994;459;8354;8535;5.78;0.36;332.22;8.49;1360;42;2890.00;181
6994;29;5792303;6994;468;8357;8536;5.73;0.35;332.22;8.49;1363;42;2891.00;179
6997;29;5792318;6997;477;8359;8536;5.64;0.35;332.37;8.49;1362;42;2892.00;177
7001;29;5792334;7001;487;8361;8536;5.55;0.34;332.47;8.49;1360;42;2893.00;175
7003;29;5792349;7003;486;8362;8536;5.49;0.34;332.50;8.50;1359;42;2894.00;174
7004;29;5792364;7004;491;8364;8540;5.47;0.34;332.54;8.50;1360;42;2895.00;176
7008;29;5792379;7008;502;8366;8540;5.43;0.33;332.70;8.50;1358;42;2896.00;174
7009;29;5792393;7009;494;8367;8540;5.41;0.33;332.68;8.50;1358;42;2897.00;173
7010;29;5792408;7010;495;8368;8543;5.45;0.33;332.65;8.50;1358;42;2898.00;175
7010;29;5792429;7010;495;8370;8543;5.45;0.33;332.65;8.50;1360;42;2899.00;173
7011;29;5792445;7011;488;8372;8543;5.46;0.33;332.71;8.56;1361;42;2900.00;171
7013;29;5792465;7013;483;8375;8547;5.49;0.34;332.86;8.56;1362;42;2901.00;172
7017;29;5792480;7017;481;8376;8548;5.49;0.34;333.01;8.56;1359;42;2902.00;172
7017;29;5792496;7017;464;8379;8548;5.53;0.34;333.01;8.56;1362;42;2903.00;169
7020;29;5792510;7020;464;8380;8552;5.56;0.34;333.12;8.56;1360;42;2904.00;172
7024;29;5792526;7024;468;8381;8552;5.55;0.34;333.27;8.56;1357;42;2905.00;171
7030;29;5792541;7030;460;8383;8552;5.49;0.34;333.52;8.56;1353;42;2906.00;169
7032;29;5792557;7032;459;8383;8553;5.47;0.33;333.58;8.56;1351;42;2907.00;170
7036;29;5792572;7036;461;8384;8553;5.47;0.33;333.56;8.56;1348;42;2908.00;169
7042;29;5792587;7042;457;8388;8559;5.48;0.33;333.65;8.56;1346;42;2909.00;171
7044;29;5792604;7044;455;8389;8559;5.50;0.34;333.66;8.61;1345;42;2910.00;170
7049;29;5792622;7049;454;8389;8560;5.55;0.34;333.68;8.61;1340;42;2911.00;171
7052;29;5792643;7052;451;8391;8560;5.58;0.34;333.67;8.62;1339;42;2912.00;169
7055;29;5792658;7055;449;8394;8560;5.61;0.34;333.80;8.62;1339;42;2913.00;166
7059;29;5792673;7059;446;8395;8560;5.61;0.34;333.96;8.62;1336;42;2914.00;165
7060;29;5792688;7060;452;8396;8560;5.64;0.34;333.93;8.62;1336;42;2915.00;164
7061;29;5792702;7061;462;8406;8572;5.71;0.35;334.04;8.62;1345;42;2916.00;166
7062;29;5792717;7062;467;8408;8572;5.73;0.35;334.04;8.62;1346;42;2917.00;164
7063;29;5792733;7063;462;8409;8572;5.76;0.35;334.14;8.62;1346;42;2918.00;163
7067;29;5792753;7067;469;8411;8572;5.74;0.35;334.33;8.67;1344;42;2919.00;161
7070;29;5792768;7070;466;8412;8572;5.72;0.35;334.43;8.67;1342;42;2920.00;160
7070;29;5792787;7070;466;8415;8572;5.74;0.35;334.43;8.68;1345;42;2921.00;157
7075;29;5792801;7075;471;8418;8576;5.68;0.35;334.70;8.67;1343;42;2922.00;158
7078;29;5792816;7078;465;8419;8576;5.63;0.34;334.82;8.68;1341;42;2923.00;157
7080;29;5792831;7080;466;8422;8580;5.64;0.34;334.99;8.68;1342;42;2924.00;158
7083;29;5792846;7083;468;8425;8582;5.60;0.34;335.03;8.68;1342;42;2925.00;157
7087;29;5792860;7087;474;8428;8582;5.54;0.34;335.01;8.68;1341;42;2926.00;154
7089;29;5792875;7089;463;8428;8582;5.58;0.34;335.00;8.68;1339;42;2927.00;154
7092;29;5792889;7092;467;8437;8595;5.58;0.34;335.04;8.67;1345;42;2928.00;158
7093;29;5792905;7093;471;8438;8595;5.60;0.34;335.17;8.68;1345;42;2929.00;157
7097;29;5792920;7097;474;8439;8595;5.61;0.34;335.23;8.68;1342;42;2930.00;156
7100;29;5792934;7100;473;8440;8596;5.62;0.34;335.45;8.68;1340;42;2931.00;156
7102;29;5792949;7102;469;8441;8597;5.61;0.34;335.54;8.69;1339;42;2932.00;156
7107;29;5792963;7107;474;8442;8597;5.64;0.34;335.53;8.69;1335;42;2933.00;155
7110;29;5792978;7110;474;8446;8600;5.68;0.35;335.60;8.74;1336;42;2934.00;154
7111;29;5792993;7111;480;8448;8600;5.65;0.35;335.58;8.83;1337;42;2935.00;152
7116;29;5793008;7116;489;8451;8600;5.64;0.35;335.66;8.84;1335;42;2936.00;149
7119;29;5793022;7119;497;8451;8600;5.61;0.34;335.67;8.84;1332;42;2937.00;149
7122;29;5793041;7122;497;8461;8606;5.66;0.35;335.65;8.98;1339;42;2938.00;145
7127;29;5793057;7127;500;8461;8606;5.66;0.35;335.64;8.98;1334;42;2939.00;145
7129;29;5793078;7129;511;8465;8606;5.67;0.35;335.67;9.11;1336;42;2940.00;141
7132;29;5793093;7132;514;8465;8606;5.67;0.35;335.73;9.11;1333;42;2941.00;141
7135;29;5793107;7135;515;8468;8610;5.69;0.35;335.79;9.10;1333;42;2942.00;142
7139;29;5793121;7139;516;8470;8611;5.72;0.35;335.77;9.15;1331;42;2943.00;141
7140;29;5793136;7140;513;8470;8611;5.70;0.35;335.76;9.15;1330;42;2944.00;141
7143;29;5793150;7143;520;8472;8612;5.68;0.35;335.84;9.19;1329;42;2945.00;140
7143;29;5793165;7143;520;8473;8612;5.65;0.34;335.84;9.23;1330;42;2946.00;139
7145;29;5793180;7145;519;8473;8612;5.61;0.34;335.94;9.23;1328;42;2947.00;139
7148;29;5793194;7148;527;8474;8612;5.56;0.34;335.95;9.27;1326;42;2948.00;138
7152;29;5793208;7152;529;8475;8612;5.53;0.34;336.06;9.31;1323;42;2949.00;137
7156;29;5793221;7156;529;8475;8612;5.48;0.33;336.03;9.31;1319;42;2950.00;137
7160;29;5793234;7160;527;8475;8612;5.47;0.33;336.10;9.31;1315;42;2951.00;137
7162;29;5793248;7162;531;8509;8682;5.65;0.35;336.04;9.27;1347;42;2952.00;173
7164;29;5793267;7164;532;8514;8683;5.59;0.34;336.06;9.39;1350;42;2953.00;169
7167;29;5793280;7167;525;8519;8683;5.62;0.34;335.99;9.39;1352;42;2954.00;164
7171;29;5793294;7171;517;8525;8683;5.58;0.34;336.11;9.38;1354;42;2955.00;158
7174;29;5793308;7174;516;8531;8683;5.59;0.34;336.14;9.46;1357;42;2956.00;152
7176;29;5793322;7176;515;8532;8683;5.54;0.34;336.17;9.46;1356;42;2957.00;151
7179;29;5793337;7179;517;8535;8683;5.51;0.34;336.17;9.50;1356;42;2958.00;148
7182;29;5793350;7182;524;8539;8683;5.47;0.33;336.27;9.50;1357;42;2959.00;144
7186;29;5793364;7186;523;8541;8684;5.38;0.33;336.22;9.54;1355;42;2960.00;143
7189;29;5793378;7189;531;8544;8685;5.32;0.32;336.31;9.54;1355;42;2961.00;141
7192;29;5793391;7192;536;8547;8685;5.24;0.32;336.29;9.54;1355;42;2962.00;138
7193;29;5793405;7193;544;8553;8689;5.16;0.31;336.28;9.61;1360;42;2963.00;136
7196;29;5793420;7196;547;8555;8689;5.13;0.31;336.38;9.69;1359;42;2964.00;134
7198;29;5793433;7198;555;8555;8689;5.10;0.31;336.38;9.69;1357;42;2965.00;134
7203;29;5793446;7203;553;8557;8689;5.00;0.30;336.62;9.76;1354;42;2966.00;132
7205;29;5793459;7205;562;8561;8695;4.97;0.30;336.63;9.76;1356;42;2967.00;134
7208;29;5793473;7208;566;8561;8695;4.87;0.30;336.62;9.76;1353;42;2968.00;134
7213;29;5793486;7213;570;8563;8695;4.76;0.29;336.76;9.83;1350;42;2969.00;132
7216;29;5793501;7216;569;8566;8701;4.71;0.29;336.92;9.83;1350;42;2970.00;135
7219;29;5793516;7219;553;8568;8701;4.61;0.28;337.01;9.90;1349;42;2971.00;133
7225;29;5793529;7225;547;8569;8701;4.53;0.28;337.10;9.90;1344;42;2972.00;132
7227;29;5793543;7227;543;8569;8702;4.48;0.27;337.18;9.90;1342;42;2973.00;133
7229;29;5793556;7229;542;8572;8703;4.48;0.27;337.18;9.97;1343;42;2974.00;131
7232;29;5793570;7232;548;8572;8703;4.51;0.28;337.17;9.97;1340;42;2975.00;131
7236;29;5793583;7236;548;8582;8716;4.53;0.28;337.18;9.96;1346;42;2976.00;134
7239;29;5793597;7239;536;8582;8716;4.53;0.28;337.16;9.96;1343;42;2977.00;134
7243;29;5793611;7243;533;8582;8716;4.52;0.28;337.11;9.96;1339;42;2978.00;134
7244;29;5793624;7244;528;8582;8717;4.58;0.28;337.09;9.96;1338;42;2979.00;135
7247;29;5793637;7247;532;8583;8717;4.62;0.28;337.23;9.96;1336;42;2980.00;134
7252;29;5793650;7252;531;8586;8721;4.62;0.28;337.17;9.96;1334;42;2981.00;135
7255;29;5793664;7255;533;8586;8721;4.58;0.28;337.10;9.96;1331;42;2982.00;135
7260;29;5793678;7260;532;8589;8725;4.56;0.28;337.09;9.95;1329;42;2983.00;136
7262;29;5793692;7262;542;8589;8725;4.56;0.28;337.15;9.95;1327;42;2984.00;136
7269;29;5793705;7269;539;8589;8725;4.53;0.28;337.20;9.95;1320;43;2985.00;136
7271;29;5793726;7271;543;8591;8725;4.55;0.28;337.15;9.95;1320;43;2986.00;134
7274;29;5793740;7274;552;8591;8725;4.52;0.28;337.22;9.95;1317;43;2987.00;134
7279;29;5793753;7279;556;8600;8737;4.56;0.28;337.15;9.94;1321;43;2988.00;137
7283;29;5793768;7283;548;8600;8737;4.53;0.28;337.05;9.94;1317;43;2989.00;137
7289;29;5793781;7289;554;8600;8737;4.50;0.28;336.99;9.94;1311;43;2990.00;137
7294;29;5793794;7294;552;8600;8737;4.47;0.27;337.06;9.94;1306;43;2991.00;137
7297;29;5793807;7297;550;8600;8737;4.43;0.27;337.04;9.94;1303;43;2992.00;137
7303;29;5793821;7303;549;8600;8737;4.33;0.27;336.98;9.94;1297;43;2993.00;137
7306;29;5793834;7306;552;8600;8738;4.25;0.26;336.98;9.94;1294;43;2994.00;138
7308;29;5793847;7308;560;8600;8738;4.20;0.26;336.94;9.94;1292;43;2995.00;138
7314;29;5793865;7314;564;8604;8744;4.12;0.25;336.89;9.94;1290;43;2996.00;140
7314;29;5793880;7314;567;8604;8745;4.15;0.26;336.89;9.94;1290;43;2997.00;141
7316;29;5793892;7316;569;8604;8745;4.11;0.25;336.87;9.94;1288;43;2998.00;141
7319;29;5793905;7319;565;8604;8745;4.09;0.25;336.84;9.94;1285;43;2999.00;141
7322;29;5793919;7322;572;8611;8765;4.06;0.25;336.80;9.93;1289;43;3000.00;154
7324;29;5793937;7324;572;8611;8765;4.05;0.25;336.87;9.93;1287;43;3001.00;154
7329;29;5793950;7329;575;8611;8765;4.00;0.25;336.85;9.93;1282;43;3002.00;154
7332;29;5793962;7332;577;8612;8766;4.01;0.25;336.85;9.93;1280;43;3003.00;154
7334;29;5793975;7334;581;8616;8770;4.03;0.25;336.84;9.93;1282;43;3004.00;154
7337;29;5793988;7337;590;8616;8770;4.00;0.25;336.82;9.93;1279;43;3005.00;154
7340;29;5794000;7340;600;8619;8773;4.00;0.25;336.86;9.93;1279;43;3006.00;154
7342;29;5794013;7342;592;8621;8773;4.03;0.25;336.86;9.93;1279;43;3007.00;152
7346;29;5794026;7346;579;8621;8773;4.09;0.25;336.96;9.93;1275;43;3008.00;152
7353;29;5794038;7353;573;8621;8773;4.14;0.25;337.04;9.93;1268;43;3009.00;152
7356;29;5794051;7356;562;8625;8777;4.24;0.26;336.98;9.93;1269;43;3010.00;152
7360;29;5794064;7360;557;8626;8777;4.30;0.26;337.10;9.93;1266;43;3011.00;151
7365;29;5794078;7365;551;8629;8777;4.29;0.26;337.13;9.94;1264;43;3012.00;148
7367;29;5794091;7367;542;8630;8777;4.31;0.26;337.24;9.94;1263;43;3013.00;147
7369;29;5794114;7369;536;8631;8778;4.36;0.27;337.25;9.94;1262;43;3014.00;147
7369;29;5794127;7369;539;8634;8780;4.41;0.27;337.25;9.94;1265;43;3015.00;146
7372;29;5794140;7372;537;8634;8780;4.42;0.27;337.27;9.94;1262;43;3016.00;146
7375;29;5794154;7375;519;8637;8781;4.46;0.27;337.43;9.94;1262;43;3017.00;144
7376;29;5794167;7376;503;8638;8781;4.47;0.27;337.44;9.94;1262;43;3018.00;143
7380;29;5794206;7380;492;8639;8781;4.47;0.27;337.51;10.01;1259;43;3019.00;142
7382;29;5794226;7382;486;8639;8781;4.55;0.28;337.55;10.01;1257;43;3020.00;142
7382;29;5794239;7382;476;8640;8781;4.61;0.28;337.55;10.01;1258;43;3021.00;141
7383;29;5794258;7383;476;8641;8781;4.67;0.28;337.56;10.01;1258;43;3022.00;140
7383;29;5794270;7383;474;8641;8781;4.73;0.29;337.56;10.01;1258;43;3023.00;140
7385;29;5794283;7385;500;8706;8908;5.08;0.31;337.64;9.94;1321;43;3024.00;202
7387;29;5794306;7387;492;8712;8909;5.11;0.32;337.63;9.94;1325;43;3025.00;197
7390;29;5794320;7390;480;8718;8909;5.17;0.32;337.68;9.93;1328;43;3026.00;191
7391;29;5794340;7391;461;8722;8909;5.24;0.32;337.71;9.93;1331;43;3027.00;187
7392;29;5794354;7392;445;8725;8909;5.27;0.32;337.71;9.93;1333;43;3028.00;184
7396;29;5794368;7396;439;8729;8909;5.28;0.33;337.75;9.92;1333;43;3029.00;180
7397;29;5794383;7397;437;8732;8909;5.28;0.32;337.85;9.93;1335;43;3030.00;177
7398;29;5794397;7398;440;8733;8909;5.29;0.32;337.95;9.93;1335;43;3031.00;176
7402;29;5794412;7402;434;8736;8910;5.30;0.32;337.97;9.92;1334;43;3032.00;174
7404;29;5794427;7404;437;8738;8911;5.30;0.32;337.98;10.00;1334;43;3033.00;173
7407;29;5794441;7407;451;8740;8911;5.29;0.32;338.16;10.00;1333;43;3034.00;171
7409;29;5794456;7409;446;8742;8912;5.29;0.32;338.24;10.00;1333;43;3035.00;170
7412;29;5794470;7412;458;8745;8912;5.28;0.32;338.25;10.00;1333;43;3036.00;167
7415;29;5794484;7415;439;8747;8912;5.29;0.32;338.21;10.00;1332;43;3037.00;165
7419;29;5794498;7419;439;8749;8912;5.26;0.32;338.26;10.00;1330;43;3038.00;163
7421;29;5794513;7421;443;8754;8916;5.27;0.32;338.38;10.00;1333;43;3039.00;162
7425;29;5794529;7425;441;8756;8916;5.26;0.32;338.45;10.00;1331;43;3040.00;160
7426;29;5794544;7426;445;8759;8916;5.30;0.33;338.55;10.00;1333;43;3041.00;157
7428;29;5794559;7428;443;8762;8919;5.36;0.33;338.67;10.01;1334;43;3042.00;157
7430;29;5794574;7430;445;8764;8919;5.42;0.33;338.73;10.08;1334;43;3043.00;155
7432;29;5794589;7432;437;8767;8919;5.48;0.34;338.98;10.08;1335;43;3044.00;152
7433;29;5794604;7433;445;8772;8923;5.52;0.34;339.02;10.07;1339;43;3045.00;151
7440;29;5794619;7440;446;8774;8924;5.56;0.34;339.42;10.07;1334;44;3046.00;150
7445;29;5794642;7445;445;8775;8924;5.62;0.34;339.46;10.07;1330;44;3047.00;149
7446;29;5794657;7446;449;8778;8928;5.68;0.35;339.44;10.07;1332;44;3048.00;150
7448;29;5794672;7448;452;8780;8928;5.72;0.35;339.55;10.07;1332;44;3049.00;148
7450;29;5794686;7450;455;8780;8928;5.73;0.35;339.53;10.07;1330;44;3050.00;148
7450;29;5794701;7450;460;8782;8929;5.78;0.35;339.53;10.07;1332;44;3051.00;147
7455;29;5794716;7455;465;8782;8929;5.72;0.35;339.59;10.07;1327;44;3052.00;147
7457;29;5794731;7457;473;8787;8935;5.77;0.35;339.69;10.06;1330;44;3053.00;148
7460;29;5794747;7460;476;8787;8935;5.77;0.35;339.77;10.06;1327;44;3054.00;148
7462;29;5794763;7462;466;8787;8936;5.78;0.35;339.83;10.06;1325;44;3055.00;149
7465;29;5794777;7465;470;8787;8936;5.75;0.35;339.80;10.06;1322;44;3056.00;149
7469;29;5794792;7469;476;8787;8936;5.70;0.35;340.01;10.06;1318;44;3057.00;149
7473;29;5794807;7473;469;8787;8936;5.66;0.34;340.12;10.06;1314;44;3058.00;149
7474;29;5794821;7474;478;8787;8936;5.61;0.34;340.23;10.06;1313;44;3059.00;149
7478;29;5794838;7478;472;8811;8972;5.59;0.34;340.38;10.04;1333;44;3060.00;161
7481;29;5794855;7481;470;8811;8972;5.54;0.34;340.54;10.04;1330;44;3061.00;161
7482;29;5794871;7482;470;8816;8972;5.56;0.34;340.63;10.10;1334;44;3062.00;156
7485;29;5794886;7485;466;8816;8972;5.55;0.34;340.63;10.10;1331;44;3063.00;156
7487;29;5794901;7487;463;8817;8972;5.57;0.34;340.68;10.10;1330;44;3064.00;155
7487;29;5794921;7487;456;8817;8972;5.57;0.34;340.68;10.10;1330;44;3065.00;155
7491;29;5794939;7491;459;8821;8976;5.54;0.34;340.70;10.10;1330;44;3066.00;155
7492;29;5794956;7492;451;8821;8976;5.61;0.34;340.70;10.10;1329;44;3067.00;155
7495;29;5794970;7495;451;8825;8980;5.74;0.35;340.69;10.09;1330;44;3068.00;155
7498;29;5794985;7498;457;8826;8981;5.76;0.35;340.79;10.09;1328;44;3069.00;155
7500;29;5794999;7500;454;8826;8981;5.71;0.35;340.82;10.09;1326;44;3070.00;155
7504;29;5795014;7504;463;8826;8981;5.68;0.35;340.89;10.09;1322;44;3071.00;155
7508;29;5795028;7508;451;8835;8994;5.63;0.34;341.09;10.08;1327;44;3072.00;159
7510;29;5795043;7510;444;8836;8994;5.65;0.34;341.11;10.08;1326;44;3073.00;158
7517;29;5795058;7517;452;8836;8994;5.65;0.34;341.19;10.08;1319;44;3074.00;158
7518;29;5795072;7518;451;8839;8995;5.70;0.35;341.16;10.17;1321;44;3075.00;156
7523;29;5795089;7523;462;8839;8996;5.72;0.35;341.29;10.17;1316;44;3076.00;157
7527;29;5795104;7527;457;8840;8996;5.73;0.35;341.31;10.21;1313;44;3077.00;156
7529;29;5795119;7529;467;8842;8999;5.76;0.35;341.39;10.21;1313;44;3078.00;157
7533;29;5795134;7533;465;8844;8999;5.80;0.35;341.47;10.21;1311;44;3079.00;155
7537;29;5795148;7537;462;8844;8999;5.81;0.35;341.53;10.21;1307;44;3080.00;155
7539;29;5795163;7539;462;8844;8999;5.79;0.35;341.50;10.21;1305;44;3081.00;155
7540;29;5795178;7540;460;8850;9005;5.80;0.35;341.56;10.21;1310;44;3082.00;155
7542;29;5795193;7542;467;8850;9005;5.71;0.35;341.57;10.21;1308;44;3083.00;155
7545;29;5795208;7545;469;8850;9005;5.66;0.34;341.68;10.21;1305;44;3084.00;155
7549;29;5795222;7549;473;8850;9005;5.58;0.34;341.81;10.21;1301;44;3085.00;155
7550;29;5795237;7550;473;8853;9009;5.53;0.34;341.81;10.20;1303;44;3086.00;156
7552;29;5795252;7552;476;8854;9010;5.53;0.33;341.83;10.20;1302;44;3087.00;156
7553;29;5795266;7553;477;8854;9010;5.54;0.34;341.82;10.20;1301;44;3088.00;156
7557;29;5795280;7557;479;8855;9011;5.54;0.34;341.85;10.20;1298;44;3089.00;156
7558;29;5795296;7558;478;8855;9011;5.59;0.34;341.86;10.20;1297;44;3090.00;156
7561;29;5795310;7561;484;8855;9011;5.58;0.34;341.81;10.20;1294;44;3091.00;156
7563;29;5795325;7563;487;8855;9011;5.54;0.34;341.94;10.20;1292;44;3092.00;156
7565;29;5795338;7565;489;8855;9011;5.45;0.33;342.06;10.20;1290;44;3093.00;156
7566;29;5795352;7566;495;8855;9011;5.38;0.33;342.07;10.20;1289;44;3094.00;156
7570;29;5795365;7570;501;8855;9011;5.32;0.32;342.21;10.20;1285;44;3095.00;156
7574;29;5795379;7574;511;8890;9081;5.44;0.33;342.15;10.16;1316;44;3096.00;191
7575;29;5795398;7575;516;8891;9082;5.38;0.33;342.15;10.16;1316;44;3097.00;191
7576;29;5795412;7576;514;8896;9082;5.39;0.33;342.19;10.15;1320;44;3098.00;186
7578;29;5795425;7578;519;8900;9082;5.33;0.32;342.38;10.15;1322;44;3099.00;182
7580;29;5795440;7580;524;8905;9082;5.34;0.33;342.46;10.15;1325;44;3100.00;177
7581;29;5795457;7581;527;8907;9082;5.31;0.32;342.55;10.15;1326;44;3101.00;175
7584;29;5795472;7584;530;8911;9082;5.26;0.32;342.65;10.19;1327;44;3102.00;171
7586;29;5795485;7586;524;8914;9082;5.27;0.32;342.76;10.19;1328;44;3103.00;168
7590;29;5795504;7590;535;8917;9083;5.25;0.32;342.73;10.19;1327;44;3104.00;166
7594;29;5795518;7594;542;8922;9085;5.20;0.32;342.76;10.23;1328;44;3105.00;163
7595;29;5795532;7595;549;8924;9085;5.19;0.32;342.85;10.23;1329;44;3106.00;161
7596;29;5795546;7596;557;8929;9089;5.20;0.32;342.88;10.23;1333;44;3107.00;160
7599;29;5795560;7599;565;8931;9089;5.14;0.32;342.95;10.32;1332;44;3108.00;158
7600;29;5795573;7600;560;8931;9089;5.10;0.31;342.92;10.32;1331;44;3109.00;158
7603;29;5795587;7603;559;8931;9089;5.07;0.31;343.01;10.32;1328;44;3110.00;158
7608;29;5795600;7608;562;8938;9095;5.05;0.31;343.17;10.40;1330;44;3111.00;157
7612;29;5795615;7612;578;8938;9095;5.02;0.31;343.19;10.40;1326;44;3112.00;157
7615;29;5795628;7615;585;8938;9095;4.99;0.31;343.25;10.40;1323;44;3113.00;157
7618;29;5795641;7618;588;8940;9098;4.92;0.30;343.45;10.40;1322;44;3114.00;158
7619;29;5795655;7619;595;8940;9098;4.83;0.30;343.46;10.40;1321;44;3115.00;158
7620;29;5795668;7620;605;8941;9098;4.78;0.29;343.43;10.40;1321;44;3116.00;157
7622;29;5795681;7622;609;8941;9099;4.72;0.29;343.50;10.40;1319;44;3117.00;158
7625;29;5795694;7625;614;8942;9100;4.67;0.29;343.56;10.40;1317;44;3118.00;158
7631;29;5795706;7631;614;8942;9100;4.60;0.28;343.43;10.40;1311;44;3119.00;158
7633;29;5795721;7633;623;8960;9126;4.60;0.28;343.50;10.38;1327;44;3120.00;166
7633;29;5795736;7633;622;8961;9126;4.55;0.28;343.50;10.38;1328;44;3121.00;165
7638;29;5795749;7638;620;8964;9126;4.54;0.28;343.41;10.37;1326;45;3122.00;162
7638;29;5795770;7638;615;8965;9127;4.59;0.28;343.41;10.37;1327;45;3123.00;162
7642;29;5795782;7642;614;8965;9127;4.61;0.28;343.39;10.37;1323;45;3124.00;162
7643;29;5795794;7643;615;8969;9131;4.62;0.28;343.39;10.37;1326;45;3125.00;162
7643;29;5795807;7643;612;8969;9131;4.62;0.28;343.39;10.37;1326;45;3126.00;162
7646;29;5795821;7646;615;8972;9135;4.58;0.28;343.46;10.37;1326;45;3127.00;163
7649;29;5795836;7649;611;8972;9135;4.56;0.28;343.51;10.37;1323;45;3128.00;163
7649;29;5795848;7649;605;8972;9135;4.54;0.28;343.51;10.37;1323;45;3129.00;163
7651;29;5795860;7651;612;8972;9135;4.50;0.28;343.60;10.37;1321;45;3130.00;163
7655;29;5795873;7655;610;8972;9135;4.43;0.27;343.49;10.37;1317;45;3131.00;163
7660;29;5795885;7660;613;8982;9147;4.40;0.27;343.48;10.35;1322;45;3132.00;165
7664;29;5795898;7664;608;8982;9147;4.30;0.26;343.42;10.35;1318;45;3133.00;165
7669;29;5795910;7669;616;8983;9147;4.20;0.26;343.43;10.35;1314;45;3134.00;164
7673;29;5795923;7673;610;8983;9147;4.14;0.25;343.44;10.35;1310;45;3135.00;164
7677;29;5795934;7677;606;8983;9147;4.08;0.25;343.40;10.35;1306;45;3136.00;164
7679;29;5795946;7679;610;8983;9147;4.05;0.25;343.47;10.35;1304;45;3137.00;164
7683;29;5795958;7683;600;8983;9148;3.99;0.25;343.37;10.35;1300;45;3138.00;165
7688;29;5795970;7688;607;8983;9148;3.93;0.24;343.47;10.35;1295;45;3139.00;165
7690;29;5795982;7690;603;8988;9154;3.99;0.24;343.46;10.35;1298;45;3140.00;166
7695;29;5795995;7695;607;8989;9155;4.00;0.24;343.48;10.35;1294;45;3141.00;166
7697;29;5796007;7697;608;8989;9155;4.04;0.25;343.46;10.35;1292;45;3142.00;166
7700;29;5796019;7700;602;8989;9155;4.03;0.25;343.42;10.35;1289;45;3143.00;166
7702;29;5796031;7702;608;8992;9159;4.10;0.25;343.43;10.34;1290;45;3144.00;167
7703;29;5796044;7703;601;8992;9159;4.13;0.25;343.39;10.34;1289;45;3145.00;167
7706;29;5796056;7706;599;8992;9159;4.10;0.25;343.45;10.34;1286;45;3146.00;167
7707;29;5796068;7707;603;8993;9160;4.13;0.25;343.45;10.34;1286;45;3147.00;167
7711;29;5796080;7711;595;8996;9164;4.16;0.25;343.42;10.34;1285;45;3148.00;168
7713;29;5796093;7713;585;8996;9164;4.12;0.25;343.43;10.34;1283;45;3149.00;168
7715;29;5796107;7715;583;9000;9170;4.15;0.25;343.43;10.34;1285;45;3150.00;170
7719;29;5796120;7719;580;9000;9170;4.12;0.25;343.45;10.34;1281;45;3151.00;170
7722;29;5796132;7722;570;9002;9170;4.11;0.25;343.44;10.33;1280;45;3152.00;168
7724;29;5796145;7724;571;9002;9170;4.10;0.25;343.48;10.33;1278;45;3153.00;168
7728;29;5796157;7728;557;9006;9174;4.06;0.25;343.42;10.33;1278;45;3154.00;168
7733;29;5796170;7733;547;9006;9174;4.02;0.25;343.42;10.33;1273;45;3155.00;168
7736;29;5796184;7736;538;9006;9174;4.03;0.25;343.41;10.33;1270;45;3156.00;168
7738;29;5796196;7738;535;9006;9174;4.05;0.25;343.43;10.33;1268;45;3157.00;168
7743;29;5796209;7743;530;9006;9175;4.04;0.25;343.36;10.33;1263;45;3158.00;169
7744;29;5796221;7744;524;9007;9176;4.10;0.25;343.34;10.33;1263;45;3159.00;169
7748;29;5796234;7748;525;9007;9176;4.10;0.25;343.38;10.33;1259;45;3160.00;169
7752;29;5796251;7752;522;9008;9177;4.14;0.25;343.31;10.33;1256;45;3161.00;169
7754;29;5796265;7754;527;9008;9177;4.18;0.25;343.39;10.33;1254;45;3162.00;169
7757;29;5796278;7757;522;9008;9177;4.21;0.26;343.38;10.33;1251;45;3163.00;169
7759;29;5796291;7759;520;9008;9177;4.23;0.26;343.40;10.33;1249;45;3164.00;169
7762;30;5796303;7762;515;9008;9177;4.26;0.26;343.41;10.33;1246;46;3165.00;169
7765;30;5796331;7765;515;9008;9177;4.30;0.26;343.46;10.33;1243;46;3166.00;169
7767;30;5796343;7767;520;9008;9177;4.34;0.26;343.40;10.33;1241;46;3167.00;169
7768;30;5796361;7768;540;9076;9304;4.73;0.29;343.42;10.25;1308;46;3168.00;228
7770;30;5796382;7770;542;9079;9305;4.75;0.29;343.48;10.25;1309;46;3169.00;226
7772;30;5796396;7772;529;9085;9305;4.80;0.30;343.50;10.24;1313;46;3170.00;220
7773;30;5796409;7773;528;9088;9305;4.84;0.30;343.53;10.24;1315;46;3171.00;217
7775;30;5796422;7775;522;9092;9305;4.83;0.30;343.47;10.24;1317;46;3172.00;213
7776;30;5796436;7776;518;9093;9305;4.79;0.30;343.48;10.24;1317;46;3173.00;212
7779;30;5796450;7779;518;9096;9305;4.75;0.29;343.60;10.23;1317;46;3174.00;209
7782;30;5796462;7782;521;9099;9305;4.76;0.29;343.63;10.23;1317;46;3175.00;206
7785;30;5796475;7785;519;9101;9306;4.73;0.29;343.69;10.23;1316;46;3176.00;205
7789;30;5796490;7789;516;9103;9307;4.72;0.29;343.84;10.23;1314;46;3177.00;204
7792;30;5796503;7792;522;9104;9307;4.61;0.28;343.95;10.23;1312;46;3178.00;203
7796;30;5796517;7796;521;9106;9308;4.58;0.28;343.99;10.23;1310;46;3179.00;202
7799;30;5796532;7799;527;9109;9308;4.56;0.28;344.09;10.23;1310;46;3180.00;199
7805;30;5796545;7805;536;9111;9308;4.54;0.28;344.27;10.23;1306;46;3181.00;197
7805;30;5796565;7805;520;9115;9308;4.57;0.28;344.27;10.24;1310;46;3182.00;193
7808;30;5796580;7808;514;9120;9312;4.61;0.28;344.41;10.30;1312;46;3183.00;192
7809;30;5796599;7809;513;9122;9312;4.64;0.29;344.41;10.31;1313;46;3184.00;190
7813;30;5796616;7813;503;9124;9312;4.66;0.29;344.46;10.31;1311;46;3185.00;188
7819;30;5796631;7819;502;9127;9315;4.66;0.29;344.69;10.31;1308;46;3186.00;188
7820;30;5796652;7820;501;9129;9315;4.71;0.29;344.70;10.31;1309;46;3187.00;186
7823;30;5796673;7823;503;9130;9315;4.76;0.29;344.79;10.31;1307;46;3188.00;185
7825;30;5796688;7825;499;9134;9319;4.78;0.29;344.77;10.30;1309;46;3189.00;185
7827;30;5796703;7827;502;9135;9320;4.83;0.30;344.83;10.30;1308;46;3190.00;185
7832;30;5796716;7832;490;9137;9322;4.81;0.29;345.03;10.30;1305;46;3191.00;185
7836;30;5796732;7836;481;9141;9326;4.83;0.30;345.11;10.30;1305;46;3192.00;185
7842;30;5796747;7842;481;9143;9326;4.87;0.30;345.16;10.30;1301;46;3193.00;183
7846;30;5796763;7846;467;9144;9326;4.87;0.30;345.25;10.30;1298;46;3194.00;182
7849;30;5796778;7849;460;9145;9328;4.92;0.30;345.45;10.30;1296;46;3195.00;183
7850;30;5796792;7850;458;9146;9328;5.04;0.31;345.53;10.30;1296;46;3196.00;182
7853;30;5796807;7853;455;9150;9334;5.07;0.31;345.59;10.30;1297;46;3197.00;184
7854;30;5796823;7854;458;9153;9334;5.13;0.31;345.68;10.37;1299;46;3198.00;181
7854;30;5796838;7854;456;9153;9335;5.15;0.31;345.68;10.37;1299;46;3199.00;182
7858;30;5796853;7858;455;9153;9335;5.09;0.31;345.76;10.37;1295;46;3200.00;182
7859;30;5796872;7859;458;9153;9335;5.09;0.31;345.76;10.37;1294;46;3201.00;182
7860;30;5796886;7860;463;9153;9335;5.09;0.31;345.75;10.37;1293;46;3202.00;182
7863;30;5796901;7863;457;9153;9335;5.08;0.31;345.77;10.37;1290;46;3203.00;182
7865;30;5796915;7865;457;9163;9347;5.15;0.31;345.83;10.36;1298;46;3204.00;184
7868;30;5796932;7868;452;9163;9347;5.17;0.32;345.85;10.36;1295;46;3205.00;184
7874;30;5796953;7874;447;9164;9347;5.18;0.32;345.98;10.36;1290;46;3206.00;183
7879;30;5796971;7879;453;9165;9347;5.16;0.31;346.05;10.43;1286;46;3207.00;182
7879;30;5796989;7879;453;9165;9347;5.23;0.32;346.05;10.43;1286;46;3208.00;182
7882;30;5797004;7882;455;9165;9347;5.23;0.32;346.08;10.43;1283;46;3209.00;182
7884;30;5797021;7884;454;9168;9351;5.24;0.32;346.22;10.43;1284;46;3210.00;183
7888;30;5797041;7888;453;9169;9351;5.24;0.32;346.17;10.50;1281;46;3211.00;182
7892;30;5797059;7892;461;9173;9355;5.27;0.32;346.31;10.50;1281;46;3212.00;182
7892;30;5797076;7892;461;9175;9356;5.30;0.32;346.31;10.57;1283;46;3213.00;181
7895;30;5797091;7895;458;9175;9356;5.29;0.32;346.49;10.57;1280;46;3214.00;181
7896;30;5797106;7896;453;9176;9356;5.28;0.32;346.54;10.65;1280;46;3215.00;180
7898;30;5797121;7898;453;9187;9369;5.31;0.32;346.59;10.63;1289;46;3216.00;182
7902;30;5797137;7902;465;9187;9369;5.27;0.32;346.66;10.63;1285;46;3217.00;182
7903;30;5797153;7903;474;9187;9369;5.26;0.32;346.74;10.63;1284;46;3218.00;182
7907;30;5797168;7907;472;9188;9370;5.24;0.32;346.79;10.63;1281;46;3219.00;182
7908;30;5797182;7908;474;9188;9371;5.23;0.32;346.79;10.63;1280;46;3220.00;183
7911;30;5797197;7911;478;9188;9371;5.24;0.32;346.88;10.63;1277;46;3221.00;183
7911;30;5797211;7911;484;9190;9374;5.32;0.32;346.88;10.63;1279;46;3222.00;184
7911;30;5797225;7911;481;9190;9374;5.34;0.32;346.88;10.63;1279;46;3223.00;184
7913;30;5797240;7913;477;9191;9374;5.35;0.32;346.87;10.63;1278;46;3224.00;183
7917;30;5797254;7917;464;9191;9374;5.35;0.32;346.81;10.63;1274;46;3225.00;183
7918;30;5797268;7918;465;9196;9380;5.37;0.33;346.83;10.62;1278;46;3226.00;184
7920;30;5797283;7920;453;9196;9380;5.38;0.33;346.84;10.62;1276;46;3227.00;184
7924;30;5797297;7924;457;9196;9380;5.36;0.32;346.92;10.62;1272;46;3228.00;184
7926;30;5797311;7926;452;9196;9380;5.32;0.32;346.94;10.62;1270;46;3229.00;184
7927;30;5797326;7927;446;9200;9384;5.33;0.32;346.93;10.70;1273;46;3230.00;184
7928;30;5797340;7928;442;9201;9385;5.37;0.33;346.95;10.70;1273;46;3231.00;184
7930;30;5797356;7930;438;9201;9385;5.40;0.33;346.96;10.70;1271;46;3232.00;184
7933;30;5797369;7933;434;9202;9386;5.43;0.33;347.07;10.69;1269;46;3233.00;184
7937;30;5797389;7937;427;9202;9386;5.43;0.33;347.19;10.69;1265;46;3234.00;184
7939;30;5797404;7939;423;9202;9386;5.48;0.33;347.22;10.69;1263;46;3235.00;184
7941;30;5797419;7941;415;9202;9386;5.49;0.33;347.26;10.69;1261;46;3236.00;184
7942;30;5797434;7942;416;9202;9386;5.54;0.34;347.27;10.69;1260;46;3237.00;184
7945;30;5797448;7945;409;9202;9386;5.53;0.34;347.26;10.69;1257;46;3238.00;184
7947;30;5797462;7947;406;9202;9386;5.50;0.34;347.24;10.69;1255;46;3239.00;184
7949;30;5797479;7949;408;9258;9511;5.66;0.35;347.29;10.75;1309;46;3240.00;253
7954;30;5797506;7954;414;9261;9512;5.66;0.35;347.42;10.74;1307;46;3241.00;251
7961;30;5797521;7961;417;9269;9512;5.62;0.35;347.53;10.73;1308;46;3242.00;243
7963;30;5797536;7963;419;9270;9512;5.57;0.34;347.56;10.73;1307;46;3243.00;242
7968;30;5797552;7968;423;9277;9512;5.54;0.34;347.62;10.73;1309;46;3244.00;235
7972;30;5797568;7972;420;9278;9512;5.46;0.33;347.87;10.73;1306;46;3245.00;234
7974;30;5797583;7974;426;9282;9512;5.45;0.33;347.90;10.73;1308;46;3246.00;230
7979;30;5797598;7979;425;9286;9512;5.36;0.33;348.02;10.72;1307;46;3247.00;226
7980;30;5797613;7980;425;9291;9513;5.35;0.33;348.00;10.72;1311;46;3248.00;222
7984;30;5797628;7984;433;9294;9514;5.33;0.33;348.11;10.72;1310;46;3249.00;220
7987;30;5797643;7987;443;9300;9514;5.28;0.32;348.07;10.78;1313;46;3250.00;214
7988;30;5797659;7988;446;9303;9518;5.25;0.32;348.06;10.78;1315;46;3251.00;215
7990;30;5797679;7990;449;9305;9518;5.23;0.32;348.14;10.78;1315;46;3252.00;213
7991;30;5797694;7991;453;9310;9518;5.23;0.32;348.17;10.78;1319;46;3253.00;208
7993;30;5797708;7993;459;9312;9518;5.19;0.32;348.30;10.78;1319;46;3254.00;206
7994;30;5797724;7994;463;9318;9524;5.18;0.32;348.29;10.77;1324;46;3255.00;206
7996;30;5797740;7996;467;9319;9524;5.12;0.31;348.38;10.77;1323;46;3256.00;205
7998;30;5797754;7998;470;9320;9524;5.08;0.31;348.48;10.77;1322;46;3257.00;204
8001;30;5797768;8001;475;9321;9527;4.99;0.30;348.53;10.77;1320;46;3258.00;206
8003;30;5797793;8003;477;9321;9527;4.92;0.30;348.50;10.77;1318;46;3259.00;206
8004;30;5797813;8004;484;9321;9527;4.84;0.30;348.55;10.77;1317;46;3260.00;206
8005;30;5797832;8005;488;9321;9528;4.78;0.29;348.55;10.77;1316;46;3261.00;207
8007;30;5797847;8007;491;9322;9529;4.75;0.29;348.57;10.77;1315;46;3262.00;207
8009;30;5797862;8009;500;9323;9529;4.71;0.29;348.68;10.77;1314;46;3263.00;206
8010;30;5797876;8010;505;9333;9542;4.71;0.29;348.66;10.76;1323;46;3264.00;209
8010;30;5797892;8010;505;9334;9542;4.71;0.29;348.66;10.76;1324;46;3265.00;208
8013;30;5797906;8013;510;9335;9542;4.70;0.29;348.62;10.82;1322;46;3266.00;207
8016;30;5797921;8016;515;9335;9543;4.63;0.28;348.73;10.82;1319;46;3267.00;208
8021;30;5797936;8021;525;9336;9543;4.59;0.28;348.91;10.82;1315;46;3268.00;207
8023;30;5797950;8023;534;9340;9547;4.59;0.28;348.86;10.87;1317;46;3269.00;207
8026;30;5797966;8026;540;9341;9547;4.55;0.28;348.78;10.87;1315;46;3270.00;206
8026;30;5797980;8026;547;9345;9551;4.51;0.28;348.78;10.93;1319;46;3271.00;206
8027;30;5797994;8027;553;9345;9551;4.52;0.28;348.84;10.93;1318;46;3272.00;206
8029;30;5798009;8029;551;9345;9551;4.49;0.28;348.84;10.93;1316;46;3273.00;206
8032;30;5798024;8032;564;9347;9551;4.42;0.27;348.79;10.98;1315;46;3274.00;204
8033;30;5798046;8033;567;9347;9551;4.40;0.27;348.77;10.98;1314;46;3275.00;204
8036;30;5798060;8036;583;9356;9563;4.40;0.27;348.72;10.97;1320;46;3276.00;207
8039;30;5798074;8039;589;9359;9563;4.33;0.27;348.64;11.08;1320;46;3277.00;204
8043;30;5798087;8043;603;9361;9563;4.29;0.26;348.52;11.14;1318;46;3278.00;202
8044;30;5798101;8044;606;9362;9563;4.26;0.26;348.57;11.20;1318;46;3279.00;201
8045;30;5798114;8045;616;9362;9563;4.23;0.26;348.53;11.20;1317;46;3280.00;201
8047;30;5798127;8047;633;9364;9563;4.18;0.26;348.48;11.31;1317;46;3281.00;199
8049;30;5798139;8049;641;9364;9564;4.12;0.25;348.41;11.31;1315;46;3282.00;200
8050;30;5798153;8050;640;9364;9564;4.09;0.25;348.41;11.31;1314;46;3283.00;200
8051;30;5798165;8051;631;9369;9570;4.10;0.25;348.39;11.30;1318;46;3284.00;201
8053;30;5798180;8053;635;9371;9572;4.04;0.25;348.52;11.30;1318;46;3285.00;201
8054;30;5798194;8054;642;9375;9572;4.01;0.25;348.50;11.53;1321;46;3286.00;197
8056;30;5798206;8056;633;9375;9572;3.98;0.24;348.46;11.53;1319;46;3287.00;197
8060;30;5798218;8060;634;9379;9576;3.98;0.24;348.38;11.58;1319;46;3288.00;197
8062;30;5798231;8062;641;9380;9576;3.97;0.24;348.32;11.63;1318;46;3289.00;196
8065;30;5798244;8065;647;9380;9576;3.95;0.24;348.28;11.63;1315;46;3290.00;196
8066;30;5798257;8066;652;9383;9577;3.92;0.24;348.26;11.74;1317;46;3291.00;194
8067;30;5798269;8067;653;9386;9581;3.91;0.24;348.22;11.73;1319;46;3292.00;195
8068;30;5798282;8068;661;9386;9581;3.88;0.24;348.18;11.73;1318;46;3293.00;195
8068;30;5798295;8068;658;9388;9584;3.92;0.24;348.18;11.73;1320;46;3294.00;196
8069;30;5798308;8069;652;9388;9584;3.91;0.24;348.14;11.73;1319;46;3295.00;196
8070;30;5798320;8070;654;9389;9584;3.86;0.24;348.13;11.73;1319;46;3296.00;195
8072;30;5798332;8072;656;9389;9584;3.83;0.23;348.10;11.73;1317;46;3297.00;195
8075;30;5798345;8075;656;9393;9588;3.78;0.23;348.09;11.73;1318;46;3298.00;195
8078;30;5798362;8078;658;9393;9588;3.70;0.23;348.09;11.73;1315;46;3299.00;195
8081;30;5798377;8081;654;9398;9607;3.62;0.22;348.14;11.72;1317;46;3300.00;209
8083;30;5798394;8083;633;9398;9607;3.57;0.22;348.17;11.72;1315;46;3301.00;209
8086;30;5798407;8086;615;9398;9608;3.54;0.22;348.17;11.72;1312;46;3302.00;210
8090;30;5798420;8090;601;9399;9609;3.57;0.22;348.25;11.72;1309;46;3303.00;210
8093;30;5798432;8093;592;9399;9609;3.61;0.22;348.28;11.72;1306;46;3304.00;210
8095;30;5798445;8095;584;9401;9610;3.64;0.22;348.26;11.72;1306;46;3305.00;209
8096;30;5798458;8096;588;9402;9610;3.72;0.23;348.26;11.72;1306;46;3306.00;208
8097;30;5798472;8097;572;9402;9610;3.81;0.23;348.27;11.72;1305;46;3307.00;208
8099;31;5798485;8099;573;9402;9610;3.91;0.24;348.32;11.72;1303;47;3308.00;208
8103;31;5798509;8103;566;9402;9610;3.96;0.24;348.27;11.72;1299;47;3309.00;208
8105;31;5798527;8105;558;9402;9610;3.96;0.24;348.31;11.72;1297;47;3310.00;208
8108;31;5798554;8108;562;9403;9610;3.96;0.24;348.43;11.72;1295;47;3311.00;207
8110;31;5798569;8110;555;9466;9737;4.34;0.27;348.44;11.64;1356;47;3312.00;271
8115;31;5798594;8115;551;9468;9738;4.33;0.27;348.41;11.64;1353;47;3313.00;270
8118;31;5798609;8118;544;9477;9738;4.39;0.27;348.31;11.63;1359;47;3314.00;261
8120;31;5798624;8120;543;9480;9738;4.45;0.28;348.29;11.63;1360;47;3315.00;258
8123;31;5798643;8123;542;9486;9738;4.50;0.28;348.33;11.62;1363;47;3316.00;252
8123;31;5798657;8123;540;9488;9738;4.52;0.28;348.33;11.62;1365;47;3317.00;250
8127;31;5798671;8127;532;9493;9738;4.53;0.28;348.33;11.62;1366;47;3318.00;245
8128;31;5798692;8128;527;9496;9738;4.56;0.28;348.31;11.62;1368;47;3319.00;242
8132;31;5798707;8132;515;9500;9739;4.55;0.28;348.28;11.62;1368;47;3320.00;239
8134;31;5798723;8134;512;9504;9740;4.54;0.28;348.22;11.70;1370;47;3321.00;236
8139;31;5798739;8139;516;9506;9740;4.48;0.27;348.43;11.70;1367;47;3322.00;234
8141;31;5798754;8141;509;9511;9741;4.43;0.27;348.41;11.70;1370;47;3323.00;230
8146;31;5798769;8146;505;9514;9741;4.37;0.27;348.36;11.70;1368;47;3324.00;227
8148;31;5798786;8148;497;9515;9741;4.36;0.27;348.48;11.70;1367;47;3325.00;226
8151;31;5798801;8151;495;9517;9741;4.33;0.27;348.44;11.70;1366;47;3326.00;224
8157;31;5798817;8157;503;9519;9745;4.31;0.26;348.58;11.70;1362;47;3327.00;226
8158;31;5798835;8158;499;9521;9745;4.35;0.27;348.59;11.70;1363;47;3328.00;224
8162;31;5798851;8162;497;9523;9745;4.38;0.27;348.65;11.70;1361;47;3329.00;222
8163;31;5798869;8163;486;9526;9751;4.45;0.27;348.65;11.70;1363;47;3330.00;225
8165;31;5798884;8165;492;9529;9751;4.46;0.27;348.67;11.70;1364;47;3331.00;222
8167;31;5798899;8167;489;9529;9751;4.48;0.27;348.64;11.70;1362;47;3332.00;222
8172;31;5798914;8172;490;9533;9755;4.47;0.27;348.62;11.70;1361;47;3333.00;222
8175;31;5798930;8175;493;9536;9756;4.51;0.28;348.61;11.70;1361;47;3334.00;220
8178;31;5798946;8178;491;9536;9756;4.53;0.28;348.63;11.70;1358;47;3335.00;220
8181;31;5798961;8181;502;9540;9760;4.58;0.28;348.92;11.70;1359;47;3336.00;220
8185;31;5798977;8185;502;9540;9760;4.65;0.28;349.06;11.70;1355;47;3337.00;220
8187;31;5798993;8187;497;9542;9760;4.69;0.29;349.08;11.70;1355;47;3338.00;218
8191;31;5799009;8191;493;9545;9761;4.72;0.29;349.22;11.79;1354;47;3339.00;216
8192;31;5799025;8192;492;9546;9761;4.75;0.29;349.24;11.79;1354;47;3340.00;215
8198;31;5799040;8198;499;9550;9767;4.72;0.29;349.44;11.78;1352;47;3341.00;217
8200;31;5799055;8200;496;9550;9767;4.71;0.29;349.45;11.78;1350;47;3342.00;217
8204;31;5799075;8204;504;9553;9768;4.70;0.29;349.47;11.78;1349;47;3343.00;215
8207;31;5799090;8207;495;9554;9768;4.63;0.28;349.53;11.79;1347;47;3344.00;214
8212;31;5799107;8212;504;9555;9768;4.59;0.28;349.63;11.79;1343;47;3345.00;213
8215;31;5799122;8215;507;9556;9768;4.56;0.28;349.62;11.79;1341;47;3346.00;212
8217;31;5799136;8217;499;9557;9768;4.54;0.28;349.69;11.79;1340;47;3347.00;211
8222;31;5799151;8222;500;9567;9780;4.54;0.28;349.86;11.77;1345;47;3348.00;213
8222;31;5799168;8222;498;9567;9780;4.56;0.28;349.86;11.77;1345;47;3349.00;213
8226;31;5799183;8226;495;9568;9780;4.54;0.28;350.03;11.77;1342;47;3350.00;212
8229;31;5799197;8229;499;9568;9780;4.56;0.28;350.29;11.77;1339;47;3351.00;212
8233;31;5799212;8233;499;9568;9780;4.55;0.28;350.40;11.77;1335;47;3352.00;212
8235;31;5799226;8235;500;9568;9780;4.56;0.28;350.51;11.77;1333;47;3353.00;212
8239;31;5799240;8239;501;9571;9784;4.56;0.28;350.58;11.77;1332;47;3354.00;213
8241;31;5799255;8241;511;9571;9784;4.56;0.28;350.59;11.77;1330;47;3355.00;213
8243;31;5799271;8243;494;9575;9788;4.54;0.28;350.80;11.77;1332;47;3356.00;213
8247;31;5799291;8247;478;9576;9789;4.57;0.28;350.91;11.76;1329;47;3357.00;213
8251;31;5799310;8251;468;9576;9789;4.57;0.28;350.98;11.76;1325;47;3358.00;213
8254;31;5799325;8254;464;9576;9789;4.59;0.28;351.12;11.76;1322;47;3359.00;213
8258;31;5799341;8258;468;9598;9818;4.59;0.28;351.23;11.74;1340;47;3360.00;220
8260;31;5799359;8260;460;9599;9818;4.59;0.28;351.32;11.74;1339;47;3361.00;219
8265;31;5799374;8265;457;9599;9818;4.57;0.28;351.47;11.74;1334;47;3362.00;219
8267;31;5799389;8267;465;9599;9819;4.59;0.28;351.50;11.74;1332;47;3363.00;220
8269;31;5799404;8269;463;9600;9820;4.57;0.28;351.70;11.74;1331;47;3364.00;220
8273;31;5799419;8273;464;9601;9820;4.57;0.28;351.70;11.82;1328;47;3365.00;219
8274;31;5799435;8274;462;9602;9823;4.61;0.28;351.79;11.82;1328;47;3366.00;221
8277;31;5799449;8277;464;9603;9823;4.62;0.28;351.98;11.82;1326;47;3367.00;220
8281;31;5799465;8281;460;9605;9823;4.64;0.28;352.06;11.82;1324;47;3368.00;218
8284;31;5799479;8284;455;9606;9823;4.64;0.28;352.03;11.82;1322;47;3369.00;217
8287;31;5799493;8287;447;9611;9829;4.68;0.28;352.18;11.81;1324;47;3370.00;218
8289;31;5799509;8289;453;9611;9829;4.66;0.28;352.18;11.81;1322;47;3371.00;218
8290;31;5799523;8290;453;9611;9829;4.66;0.28;352.22;11.81;1321;47;3372.00;218
8291;31;5799538;8291;453;9611;9829;4.65;0.28;352.21;11.81;1320;47;3373.00;218
8293;31;5799552;8293;458;9614;9833;4.64;0.28;352.20;11.81;1321;47;3374.00;219
8298;31;5799566;8298;456;9616;9835;4.65;0.28;352.36;11.81;1318;47;3375.00;219
8302;31;5799582;8302;459;9616;9835;4.64;0.28;352.52;11.81;1314;47;3376.00;219
8304;31;5799596;8304;465;9617;9836;4.67;0.29;352.56;11.81;1313;47;3377.00;219
8307;31;5799610;8307;462;9617;9836;4.67;0.29;352.55;11.81;1310;47;3378.00;219
8312;31;5799625;8312;473;9617;9836;4.67;0.29;352.64;11.81;1305;47;3379.00;219
8315;31;5799639;8315;470;9618;9836;4.70;0.29;352.71;11.89;1303;47;3380.00;218
8318;31;5799654;8318;465;9618;9836;4.72;0.29;352.74;11.89;1300;47;3381.00;218
8321;31;5799674;8321;468;9618;9836;4.71;0.29;352.88;11.89;1297;47;3382.00;218
8324;31;5799688;8324;469;9618;9836;4.77;0.29;353.00;11.89;1294;47;3383.00;218
8326;31;5799701;8326;485;9655;9906;4.84;0.30;352.99;11.85;1329;47;3384.00;251
8327;31;5799721;8327;475;9655;9907;4.94;0.30;353.00;11.85;1328;47;3385.00;252
8329;31;5799735;8329;470;9660;9907;5.02;0.31;353.09;11.84;1331;47;3386.00;247
8331;31;5799749;8331;469;9661;9907;5.05;0.31;353.13;11.84;1330;47;3387.00;246
8331;31;5799763;8331;476;9663;9907;5.10;0.31;353.13;11.84;1332;47;3388.00;244
8333;31;5799776;8333;479;9666;9907;5.11;0.31;353.20;11.84;1333;47;3389.00;241
8335;31;5799792;8335;468;9669;9907;5.14;0.31;353.17;11.84;1334;47;3390.00;238
8338;31;5799806;8338;474;9672;9907;5.16;0.32;353.17;11.92;1334;47;3391.00;235
8339;31;5799820;8339;476;9674;9908;5.16;0.32;353.17;11.92;1335;47;3392.00;234
8341;31;5799834;8341;473;9676;9909;5.18;0.32;353.14;11.92;1335;47;3393.00;233
8343;31;5799849;8343;469;9679;9909;5.16;0.31;353.17;11.92;1336;47;3394.00;230
8348;31;5799863;8348;465;9683;9913;5.15;0.31;353.17;11.92;1335;47;3395.00;230
8349;31;5799878;8349;462;9684;9913;5.15;0.31;353.21;11.92;1335;47;3396.00;229
8351;31;5799891;8351;455;9684;9913;5.14;0.31;353.24;11.92;1333;47;3397.00;229
8353;31;5799905;8353;453;9685;9913;5.09;0.31;353.21;11.92;1332;47;3398.00;228
8358;31;5799919;8358;452;9693;9919;5.08;0.31;353.33;11.91;1335;47;3399.00;226
8361;31;5799935;8361;457;9693;9919;5.05;0.31;353.37;11.91;1332;47;3400.00;226
8363;31;5799952;8363;459;9693;9919;5.03;0.31;353.50;11.91;1330;47;3401.00;226
8368;31;5799967;8368;464;9696;9922;4.98;0.30;353.70;11.91;1328;47;3402.00;226
8371;31;5799981;8371;466;9696;9922;4.94;0.30;353.87;11.91;1325;47;3403.00;226
8373;31;5799994;8373;463;9697;9922;4.87;0.30;353.85;11.91;1324;47;3404.00;225
8377;31;5800008;8377;462;9699;9923;4.78;0.29;353.91;12.06;1322;47;3405.00;224
8380;31;5800025;8380;466;9701;9924;4.72;0.29;354.01;12.13;1321;47;3406.00;223
8383;31;5800039;8383;467;9701;9924;4.68;0.28;354.12;12.13;1318;47;3407.00;223
8386;31;5800052;8386;472;9711;9937;4.69;0.28;354.18;12.20;1325;47;3408.00;226
8388;31;5800068;8388;472;9711;9937;4.67;0.28;354.20;12.20;1323;47;3409.00;226
8389;31;5800082;8389;475;9712;9937;4.71;0.29;354.23;12.20;1323;47;3410.00;225
8391;31;5800097;8391;475;9714;9938;4.66;0.28;354.22;12.19;1323;47;3411.00;224
8392;31;5800113;8392;492;9714;9938;4.64;0.28;354.30;12.19;1322;47;3412.00;224
8395;31;5800126;8395;491;9717;9942;4.70;0.29;354.30;12.19;1322;47;3413.00;225
8396;31;5800141;8396;498;9717;9942;4.69;0.29;354.30;12.19;1321;47;3414.00;225
8400;31;5800154;8400;498;9721;9946;4.63;0.28;354.19;12.19;1321;47;3415.00;225
8400;31;5800169;8400;495;9722;9946;4.60;0.28;354.19;12.19;1322;47;3416.00;224
8401;31;5800183;8401;503;9722;9946;4.58;0.28;354.19;12.19;1321;47;3417.00;224
8404;31;5800197;8404;508;9722;9946;4.52;0.28;354.16;12.19;1318;47;3418.00;224
8407;31;5800211;8407;508;9722;9946;4.46;0.27;354.11;12.19;1315;47;3419.00;224
8408;31;5800226;8408;515;9744;9980;4.56;0.28;354.08;12.16;1336;47;3420.00;236
8415;31;5800242;8415;522;9746;9980;4.52;0.28;354.06;12.16;1331;47;3421.00;234
8415;31;5800257;8415;535;9749;9980;4.57;0.28;354.06;12.15;1334;47;3422.00;231
8416;31;5800271;8416;539;9750;9980;4.57;0.28;354.03;12.15;1334;47;3423.00;230
8419;31;5800284;8419;542;9751;9980;4.57;0.28;353.99;12.15;1332;47;3424.00;229
8419;31;5800299;8419;541;9751;9980;4.52;0.28;353.99;12.15;1332;47;3425.00;229
8420;31;5800312;8420;543;9751;9981;4.45;0.27;354.01;12.15;1331;47;3426.00;230
8422;31;5800326;8422;553;9751;9981;4.37;0.27;354.00;12.15;1329;47;3427.00;230
8423;31;5800339;8423;556;9756;9987;4.37;0.27;353.96;12.15;1333;47;3428.00;231
8426;31;5800353;8426;562;9757;9988;4.30;0.26;353.87;12.15;1331;47;3429.00;231
8428;31;5800367;8428;574;9757;9988;4.25;0.26;353.85;12.15;1329;47;3430.00;231
8430;31;5800379;8430;583;9758;9988;4.14;0.25;353.85;12.21;1328;47;3431.00;230
8433;31;5800393;8433;591;9761;9992;4.07;0.25;353.81;12.21;1328;47;3432.00;231
8434;31;5800406;8434;593;9761;9992;3.99;0.24;353.77;12.21;1327;47;3433.00;231
8438;31;5800419;8438;603;9762;9992;3.93;0.24;353.93;12.27;1324;47;3434.00;230
8439;31;5800432;8439;599;9763;9993;3.91;0.24;353.92;12.27;1324;47;3435.00;230
8439;31;5800445;8439;604;9767;9997;3.84;0.23;353.92;12.33;1328;47;3436.00;230
8439;31;5800457;8439;603;9767;9997;3.80;0.23;353.92;12.33;1328;47;3437.00;230
8439;31;5800470;8439;619;9770;10000;3.79;0.23;353.92;12.39;1331;47;3438.00;230
8441;31;5800482;8441;618;9772;10000;3.75;0.23;353.88;12.45;1331;47;3439.00;228
8443;31;5800494;8443;618;9772;10000;3.72;0.23;353.87;12.45;1329;47;3440.00;228
8446;31;5800507;8446;625;9773;10000;3.66;0.22;353.81;12.52;1327;47;3441.00;227
8446;31;5800519;8446;636;9777;10004;3.66;0.22;353.81;12.51;1331;47;3442.00;227
8446;31;5800532;8446;640;9778;10004;3.60;0.22;353.81;12.58;1332;47;3443.00;226
8447;31;5800544;8447;645;9778;10004;3.53;0.22;353.79;12.58;1331;47;3444.00;226
8449;31;5800555;8449;643;9779;10004;3.45;0.21;353.79;12.64;1330;47;3445.00;225
8450;31;5800567;8450;649;9780;10005;3.43;0.21;353.78;12.70;1330;47;3446.00;225
8452;31;5800580;8452;655;9783;10006;3.37;0.21;353.75;12.82;1331;47;3447.00;223
8452;31;5800592;8452;648;9783;10006;3.37;0.21;353.75;12.82;1331;47;3448.00;223
8454;31;5800605;8454;636;9786;10007;3.40;0.21;353.81;12.94;1332;47;3449.00;221
8457;31;5800620;8457;625;9786;10007;3.42;0.21;353.77;12.94;1329;47;3450.00;221
8459;31;5800633;8459;619;9788;10007;3.44;0.21;353.74;13.07;1329;47;3451.00;219
8459;31;5800646;8459;611;9788;10007;3.50;0.21;353.74;13.07;1329;47;3452.00;219
8461;31;5800660;8461;602;9788;10007;3.56;0.22;353.73;13.07;1327;47;3453.00;219
8462;31;5800672;8462;592;9790;10007;3.63;0.22;353.70;13.19;1328;47;3454.00;217
8462;31;5800694;8462;596;9790;10007;3.67;0.22;353.70;13.19;1328;47;3455.00;217
8462;31;5800707;8462;604;9859;10134;4.04;0.25;353.70;13.21;1397;47;3456.00;275
8464;31;5800731;8464;590;9863;10135;4.08;0.25;353.76;13.21;1399;47;3457.00;272
8466;31;5800744;8466;583;9871;10135;4.12;0.25;353.71;13.26;1405;47;3458.00;264
8466;31;5800758;8466;576;9877;10135;4.13;0.25;353.71;13.31;1411;47;3459.00;258
8467;31;5800771;8467;577;9883;10135;4.15;0.26;353.72;13.30;1416;47;3460.00;252
8470;31;5800784;8470;564;9885;10135;4.11;0.25;353.65;13.30;1415;47;3461.00;250
8471;31;5800798;8471;573;9890;10135;4.09;0.25;353.63;13.42;1419;47;3462.00;245
8473;31;5800811;8473;582;9893;10135;4.11;0.25;353.61;13.41;1420;47;3463.00;242
8478;31;5800824;8478;584;9897;10136;4.09;0.25;353.59;13.53;1419;47;3464.00;239
8480;31;5800838;8480;575;9901;10138;4.11;0.25;353.61;13.53;1421;47;3465.00;237
8483;31;5800854;8483;568;9902;10138;4.14;0.25;353.61;13.52;1419;47;3466.00;236
8485;31;5800867;8485;573;9909;10139;4.11;0.25;353.61;13.64;1424;47;3467.00;230
8488;31;5800881;8488;564;9909;10139;4.09;0.25;353.73;13.64;1421;47;3468.00;230
8491;31;5800894;8491;567;9912;10139;4.08;0.25;353.79;13.75;1421;47;3469.00;227
8495;31;5800908;8495;562;9915;10139;4.07;0.25;353.86;13.75;1420;47;3470.00;224
8497;31;5800922;8497;554;9918;10143;4.12;0.25;353.86;13.75;1421;47;3471.00;225
8500;31;5800936;8500;555;9920;10143;4.13;0.25;353.94;13.87;1420;47;3472.00;223
8503;31;5800950;8503;555;9922;10143;4.14;0.25;353.89;13.87;1419;47;3473.00;221
8505;31;5800964;8505;553;9923;10146;4.16;0.26;353.87;13.87;1418;47;3474.00;223
8508;31;5800978;8508;545;9923;10146;4.16;0.25;353.95;13.87;1415;47;3475.00;223
8515;31;5800993;8515;548;9925;10146;4.11;0.25;354.15;13.87;1410;47;3476.00;221
8519;31;5801008;8519;546;9929;10150;4.13;0.25;354.19;13.86;1410;47;3477.00;221
8524;31;5801022;8524;538;9932;10151;4.13;0.25;354.28;13.95;1408;47;3478.00;219
8528;31;5801037;8528;540;9934;10151;4.15;0.25;354.29;13.95;1406;47;3479.00;217
8532;31;5801054;8532;536;9936;10156;4.19;0.26;354.23;13.95;1404;47;3480.00;220
8536;31;5801067;8536;535;9936;10156;4.22;0.26;354.27;13.95;1400;47;3481.00;220
8537;31;5801083;8537;528;9936;10156;4.28;0.26;354.25;13.95;1399;47;3482.00;220
8540;31;5801097;8540;532;9936;10157;4.35;0.27;354.22;13.95;1396;47;3483.00;221
8544;31;5801113;8544;524;9936;10157;4.39;0.27;354.34;13.95;1392;47;3484.00;221
8546;31;5801129;8546;515;9939;10163;4.42;0.27;354.45;13.94;1393;47;3485.00;224
8548;31;5801144;8548;513;9939;10163;4.45;0.27;354.45;13.94;1391;47;3486.00;224
8555;31;5801159;8555;514;9939;10164;4.41;0.27;354.65;13.94;1384;47;3487.00;225
8557;31;5801174;8557;512;9939;10164;4.48;0.27;354.70;13.94;1382;47;3488.00;225
8558;31;5801190;8558;495;9939;10164;4.50;0.27;354.72;13.94;1381;47;3489.00;225
8559;31;5801205;8559;491;9939;10164;4.51;0.27;354.72;13.94;1380;47;3490.00;225
8566;31;5801220;8566;487;9939;10164;4.53;0.27;355.00;13.94;1373;47;3491.00;225
8568;31;5801235;8568;484;9945;10176;4.62;0.28;354.98;13.93;1377;47;3492.00;231
8572;31;5801251;8572;470;9945;10176;4.62;0.28;355.14;13.93;1373;47;3493.00;231
8575;31;5801268;8575;467;9946;10176;4.60;0.28;355.26;13.94;1371;47;3494.00;230
8576;31;5801284;8576;461;9947;10176;4.64;0.28;355.30;13.94;1371;47;3495.00;229
8580;31;5801298;8580;458;9947;10176;4.66;0.28;355.42;13.94;1367;47;3496.00;229
8584;31;5801313;8584;462;9947;10176;4.69;0.28;355.40;13.94;1363;47;3497.00;229
8585;31;5801328;8585;462;9950;10180;4.72;0.29;355.42;13.93;1365;47;3498.00;230
8592;31;5801343;8592;459;9950;10180;4.68;0.28;355.60;13.93;1358;47;3499.00;230
8595;31;5801359;8595;463;9953;10184;4.73;0.29;355.74;13.93;1358;47;3500.00;231
8599;31;5801378;8599;466;9953;10185;4.73;0.29;355.83;13.93;1354;47;3501.00;232
8601;31;5801393;8601;468;9954;10185;4.75;0.29;355.90;13.93;1353;47;3502.00;231
8607;31;5801408;8607;470;9955;10185;4.70;0.29;355.89;13.93;1348;47;3503.00;230
8609;31;5801423;8609;467;9964;10198;4.73;0.29;355.93;13.92;1355;47;3504.00;234
8612;31;5801438;8612;464;9965;10198;4.74;0.29;355.92;13.92;1353;47;3505.00;233
8617;31;5801453;8617;466;9966;10198;4.72;0.29;356.01;13.92;1349;47;3506.00;232
8619;31;5801468;8619;471;9966;10199;4.70;0.29;356.17;13.92;1347;47;3507.00;233
8623;31;5801482;8623;468;9967;10200;4.67;0.28;356.32;13.92;1344;47;3508.00;233
8628;31;5801498;8628;464;9967;10200;4.63;0.28;356.42;13.92;1339;47;3509.00;233
8631;31;5801514;8631;467;9971;10206;4.65;0.28;356.55;13.91;1340;47;3510.00;235
8633;31;5801529;8633;460;9971;10206;4.67;0.28;356.60;13.91;1338;47;3511.00;235
8636;31;5801544;8636;450;9973;10206;4.68;0.28;356.67;13.91;1337;47;3512.00;233
8637;31;5801559;8637;445;9973;10206;4.72;0.29;356.68;13.91;1336;47;3513.00;233
8639;31;5801574;8639;435;9977;10212;4.72;0.29;356.66;13.91;1338;47;3514.00;235
8642;31;5801590;8642;436;9977;10212;4.72;0.29;356.62;13.91;1335;47;3515.00;235
8644;31;5801606;8644;431;9977;10212;4.74;0.29;356.69;13.91;1333;47;3516.00;235
8646;31;5801620;8646;432;9978;10212;4.74;0.29;356.69;13.91;1332;47;3517.00;234
8650;31;5801634;8650;432;9981;10216;4.76;0.29;356.69;13.91;1331;47;3518.00;235
8651;31;5801652;8651;437;9984;10219;4.80;0.29;356.69;13.90;1333;47;3519.00;235
8653;31;5801666;8653;437;9985;10219;4.82;0.29;356.77;13.90;1332;47;3520.00;234
8655;31;5801682;8655;437;9986;10220;4.84;0.29;356.79;13.91;1331;47;3521.00;234
8658;31;5801697;8658;431;9987;10220;4.86;0.30;356.89;13.91;1329;47;3522.00;233
8659;31;5801712;8659;436;9988;10220;4.92;0.30;356.90;13.91;1329;47;3523.00;232
8664;31;5801727;8664;429;9989;10220;4.90;0.30;356.98;13.91;1325;47;3524.00;231
8667;31;5801743;8667;429;9991;10220;4.90;0.30;356.95;14.00;1324;47;3525.00;229
8669;31;5801764;8669;428;9992;10220;4.92;0.30;357.08;14.00;1323;47;3526.00;228
8671;31;5801778;8671;432;9994;10220;4.94;0.30;357.16;14.00;1323;47;3527.00;226
8672;31;5801794;8672;446;10032;10290;4.94;0.30;357.18;13.95;1360;47;3528.00;258
8677;31;5801814;8677;441;10032;10291;4.97;0.30;357.31;13.95;1355;47;3529.00;259
8677;31;5801830;8677;443;10037;10291;5.04;0.31;357.31;13.95;1360;47;3530.00;254
8680;31;5801845;8680;435;10037;10291;5.04;0.31;357.43;13.95;1357;47;3531.00;254
8682;31;5801860;8682;436;10040;10291;5.06;0.31;357.55;13.94;1358;47;3532.00;251
8685;31;5801876;8685;429;10042;10291;5.09;0.31;357.59;13.94;1357;47;3533.00;249
8687;31;5801891;8687;426;10044;10291;5.11;0.31;357.64;13.94;1357;47;3534.00;247
8691;31;5801906;8691;430;10046;10291;5.04;0.31;357.64;13.94;1355;47;3535.00;245
8694;31;5801921;8694;431;10046;10292;5.00;0.30;357.62;13.94;1352;47;3536.00;246
8696;31;5801940;8696;430;10047;10293;4.99;0.30;357.67;13.94;1351;47;3537.00;246
8697;31;5801955;8697;437;10050;10293;4.96;0.30;357.67;13.94;1353;47;3538.00;243
8701;31;5801970;8701;433;10054;10297;4.93;0.30;357.80;13.93;1353;47;3539.00;243
8703;31;5801986;8703;442;10057;10297;4.94;0.30;357.85;14.02;1354;47;3540.00;240
8705;31;5802001;8705;440;10057;10297;4.93;0.30;357.87;14.02;1352;47;3541.00;240
8710;31;5802016;8710;451;10058;10297;4.89;0.30;357.97;14.02;1348;47;3542.00;239
8711;31;5802031;8711;449;10063;10303;4.87;0.30;358.00;14.02;1352;47;3543.00;240
8712;31;5802046;8712;453;10064;10303;4.86;0.30;358.06;14.02;1352;47;3544.00;239
8714;31;5802062;8714;454;10064;10303;4.85;0.29;358.11;14.02;1350;47;3545.00;239
8716;31;5802076;8716;466;10069;10306;4.88;0.30;358.17;14.02;1353;47;3546.00;237
8720;31;5802091;8720;465;10070;10306;4.87;0.30;358.35;14.02;1350;47;3547.00;236
8721;31;5802106;8721;474;10074;10306;4.88;0.30;358.41;14.02;1353;47;3548.00;232
8722;31;5802123;8722;475;10074;10307;4.83;0.29;358.40;14.02;1352;47;3549.00;233
8723;31;5802137;8723;481;10075;10308;4.83;0.29;358.45;14.02;1352;47;3550.00;233
8724;31;5802150;8724;485;10076;10308;4.84;0.30;358.47;14.02;1352;47;3551.00;232
8726;31;5802165;8726;495;10086;10321;4.82;0.29;358.64;14.00;1360;47;3552.00;235
8730;31;5802180;8730;501;10087;10321;4.78;0.29;358.86;14.00;1357;47;3553.00;234
8735;31;5802198;8735;504;10088;10321;4.71;0.29;358.84;14.00;1353;47;3554.00;233
8736;31;5802214;8736;505;10091;10323;4.66;0.28;358.81;14.00;1355;47;3555.00;232
8741;31;5802231;8741;503;10091;10323;4.63;0.28;358.80;14.00;1350;47;3556.00;232
8743;31;5802247;8743;501;10095;10327;4.66;0.28;358.85;13.99;1352;47;3557.00;232
8745;31;5802262;8745;502;10095;10327;4.64;0.28;358.85;13.99;1350;47;3558.00;232
8750;31;5802276;8750;494;10098;10331;4.61;0.28;359.00;13.99;1348;47;3559.00;233
8750;31;5802291;8750;489;10098;10331;4.63;0.28;359.00;13.99;1348;47;3560.00;233
8752;31;5802305;8752;492;10098;10331;4.69;0.29;359.06;13.99;1346;47;3561.00;233
8755;31;5802319;8755;480;10098;10331;4.69;0.29;359.04;13.99;1343;47;3562.00;233
8761;31;5802334;8761;481;10098;10331;4.68;0.28;359.15;13.99;1337;47;3563.00;233
8763;31;5802349;8763;484;10108;10343;4.73;0.29;359.14;13.97;1345;47;3564.00;235
8770;31;5802365;8770;493;10108;10343;4.72;0.29;359.20;13.97;1338;47;3565.00;235
8772;31;5802379;8772;499;10109;10343;4.75;0.29;359.25;13.97;1337;47;3566.00;234
8775;31;5802393;8775;495;10109;10343;4.72;0.29;359.21;13.97;1334;47;3567.00;234
8779;31;5802407;8779;501;10109;10343;4.69;0.28;359.20;13.97;1330;47;3568.00;234
8781;31;5802420;8781;506;10109;10343;4.67;0.28;359.16;13.97;1328;47;3569.00;234
8786;31;5802435;8786;510;10111;10344;4.57;0.28;359.20;14.10;1325;47;3570.00;233
8789;31;5802452;8789;506;10111;10344;4.55;0.28;359.19;14.10;1322;47;3571.00;233
8794;31;5802466;8794;513;10116;10350;4.55;0.28;359.17;14.10;1322;47;3572.00;234
8795;31;5802485;8795;517;10116;10351;4.55;0.28;359.14;14.10;1321;47;3573.00;235
8800;31;5802499;8800;526;10117;10351;4.52;0.28;359.13;14.10;1317;47;3574.00;234
8804;31;5802512;8804;530;10117;10351;4.49;0.27;359.13;14.10;1313;47;3575.00;234
8805;31;5802526;8805;541;10120;10355;4.53;0.28;359.10;14.09;1315;47;3576.00;235
8808;31;5802539;8808;541;10120;10355;4.47;0.27;359.02;14.09;1312;47;3577.00;235
8810;31;5802554;8810;543;10120;10355;4.45;0.27;358.95;14.09;1310;47;3578.00;235
8812;31;5802567;8812;549;10121;10356;4.45;0.27;358.93;14.09;1309;47;3579.00;235
8813;31;5802582;8813;552;10124;10360;4.43;0.27;358.89;14.09;1311;47;3580.00;236
8816;31;5802595;8816;554;10124;10360;4.39;0.27;358.82;14.09;1308;47;3581.00;236
8820;31;5802609;8820;559;10126;10363;4.39;0.27;358.74;14.08;1306;47;3582.00;237
8821;31;5802623;8821;554;10127;10363;4.40;0.27;358.73;14.08;1306;47;3583.00;236
8824;31;5802637;8824;557;10127;10363;4.38;0.27;358.78;14.08;1303;47;3584.00;236
8824;31;5802650;8824;561;10127;10363;4.39;0.27;358.78;14.08;1303;47;3585.00;236
8829;31;5802664;8829;568;10131;10367;4.37;0.27;358.78;14.08;1302;47;3586.00;236
8829;31;5802678;8829;570;10131;10367;4.39;0.27;358.78;14.08;1302;47;3587.00;236
8831;31;5802692;8831;569;10131;10367;4.37;0.27;358.75;14.08;1300;47;3588.00;236
8833;31;5802705;8833;567;10131;10367;4.34;0.27;358.72;14.08;1298;47;3589.00;236
8834;31;5802718;8834;568;10131;10368;4.33;0.26;358.69;14.08;1297;47;3590.00;237
8834;31;5802730;8834;566;10132;10369;4.27;0.26;358.69;14.08;1298;47;3591.00;237
8836;31;5802744;8836;569;10132;10369;4.24;0.26;358.70;14.08;1296;47;3592.00;237
8837;31;5802757;8837;562;10133;10370;4.21;0.26;358.76;14.08;1296;47;3593.00;237
8837;31;5802771;8837;568;10133;10370;4.16;0.26;358.76;14.08;1296;47;3594.00;237
8842;31;5802785;8842;560;10133;10370;4.09;0.25;358.90;14.08;1291;47;3595.00;237
8843;31;5802798;8843;554;10134;10370;4.09;0.25;358.90;14.14;1291;47;3596.00;236
8844;31;5802811;8844;546;10134;10370;4.09;0.25;358.88;14.14;1290;47;3597.00;236
8844;31;5802824;8844;544;10135;10370;4.09;0.25;358.88;14.21;1291;47;3598.00;235
8844;31;5802837;8844;533;10135;10370;4.09;0.25;358.88;14.21;1291;47;3599.00;235
8846;31;5802853;8846;558;10237;10623;4.48;0.28;358.87;14.14;1391;47;3600.00;386
8848;31;5802887;8848;554;10242;10624;4.47;0.28;358.84;14.13;1394;47;3601.00;382
8849;31;5802907;8849;546;10258;10624;4.57;0.29;358.85;14.18;1409;47;3602.00;366
8853;31;5802921;8853;537;10267;10624;4.59;0.29;358.85;14.17;1414;47;3603.00;357
8853;31;5802935;8853;531;10276;10624;4.60;0.29;358.85;14.16;1423;47;3604.00;348
8855;31;5802959;8855;531;10282;10624;4.60;0.29;358.84;14.29;1427;47;3605.00;342
8857;31;5802973;8857;528;10291;10624;4.59;0.29;358.77;14.34;1434;47;3606.00;333
8858;31;5802987;8858;522;10298;10624;4.60;0.29;358.76;14.40;1440;47;3607.00;326
8858;31;5803002;8858;529;10304;10625;4.63;0.29;358.76;14.40;1446;47;3608.00;321
8859;31;5803016;8859;532;10310;10626;4.66;0.29;358.80;14.40;1451;47;3609.00;316
8861;31;5803035;8861;534;10316;10626;4.66;0.29;358.80;14.39;1455;47;3610.00;310
8863;31;5803049;8863;538;10319;10627;4.68;0.29;358.73;14.39;1456;47;3611.00;308
8864;31;5803063;8864;542;10324;10627;4.65;0.29;358.74;14.39;1460;47;3612.00;303
8865;31;5803077;8865;548;10326;10627;4.64;0.29;358.70;14.39;1461;47;3613.00;301
8866;31;5803091;8866;555;10335;10627;4.61;0.28;358.67;14.52;1469;47;3614.00;292
8868;31;5803112;8868;563;10338;10631;4.55;0.28;358.60;14.52;1470;47;3615.00;293
8871;31;5803128;8871;555;10342;10631;4.48;0.28;358.67;14.52;1471;47;3616.00;289
8872;31;5803142;8872;569;10343;10631;4.44;0.27;358.73;14.52;1471;47;3617.00;288
8873;31;5803157;8873;568;10343;10634;4.42;0.27;358.74;14.52;1470;47;3618.00;291
8874;31;5803177;8874;566;10347;10634;4.42;0.27;358.79;14.52;1473;47;3619.00;287
8877;31;5803192;8877;582;10351;10634;4.39;0.27;358.88;14.52;1474;47;3620.00;283
8877;31;5803206;8877;586;10355;10638;4.42;0.27;358.88;14.52;1478;47;3621.00;283
8879;31;5803221;8879;590;10356;10639;4.44;0.27;359.02;14.52;1477;47;3622.00;283
8881;31;5803236;8881;593;10358;10639;4.44;0.27;358.97;14.52;1477;47;3623.00;281
8884;31;5803251;8884;604;10360;10643;4.47;0.27;358.91;14.52;1476;47;3624.00;283
8887;31;5803266;8887;601;10360;10643;4.45;0.27;358.97;14.52;1473;47;3625.00;283
8889;31;5803287;8889;607;10361;10643;4.42;0.27;359.07;14.52;1472;47;3626.00;282
8890;31;5803303;8890;607;10363;10644;4.38;0.27;359.09;14.52;1473;47;3627.00;281
8894;31;5803317;8894;607;10364;10644;4.36;0.26;359.13;14.53;1470;47;3628.00;280
8897;31;5803332;8897;608;10369;10650;4.36;0.26;359.18;14.52;1472;47;3629.00;281
8898;32;5803349;8898;592;10370;10650;4.36;0.26;359.16;14.52;1472;49;3630.00;280
8903;32;5803382;8903;577;10371;10651;4.35;0.26;359.23;14.53;1468;49;3631.00;280
8906;32;5803397;8906;573;10371;10651;4.35;0.26;359.34;14.53;1465;49;3632.00;280
8907;32;5803412;8907;564;10374;10651;4.34;0.26;359.33;14.53;1467;49;3633.00;277
8913;32;5803426;8913;557;10376;10651;4.26;0.26;359.50;14.53;1463;49;3634.00;275
8916;32;5803441;8916;543;10377;10651;4.25;0.26;359.52;14.53;1461;49;3635.00;274
8919;32;5803456;8919;540;10384;10663;4.20;0.26;359.72;14.53;1465;49;3636.00;279
8921;32;5803472;8921;534;10385;10663;4.20;0.26;359.85;14.53;1464;49;3637.00;278
8925;32;5803488;8925;528;10385;10663;4.22;0.26;360.06;14.53;1460;49;3638.00;278
8926;32;5803502;8926;526;10387;10663;4.21;0.26;360.10;14.53;1461;49;3639.00;276
8932;32;5803516;8932;521;10389;10663;4.21;0.26;360.23;14.52;1457;49;3640.00;274
8934;32;5803531;8934;528;10389;10663;4.25;0.26;360.36;14.52;1455;49;3641.00;274
8936;32;5803547;8936;526;10392;10667;4.26;0.26;360.36;14.52;1456;49;3642.00;275
8938;32;5803562;8938;520;10392;10667;4.29;0.26;360.41;14.52;1454;49;3643.00;275
8940;32;5803577;8940;527;10395;10671;4.37;0.27;360.42;14.52;1455;49;3644.00;276
8942;32;5803593;8942;522;10397;10673;4.43;0.27;360.41;14.51;1455;49;3645.00;276
8945;32;5803612;8945;523;10397;10673;4.42;0.27;360.47;14.51;1452;49;3646.00;276
8946;32;5803627;8946;525;10397;10673;4.42;0.27;360.49;14.51;1451;49;3647.00;276
8950;32;5803642;8950;535;10405;10686;4.39;0.27;360.46;14.50;1455;49;3648.00;281
8955;32;5803666;8955;533;10405;10686;4.39;0.27;360.48;14.50;1450;49;3649.00;281
8959;32;5803681;8959;527;10405;10686;4.40;0.27;360.54;14.50;1446;49;3650.00;281
8963;32;5803697;8963;526;10405;10687;4.39;0.27;360.60;14.50;1442;49;3651.00;282
8964;32;5803712;8964;527;10405;10688;4.40;0.27;360.59;14.50;1441;49;3652.00;283
8972;32;5803741;8972;524;10405;10688;4.38;0.27;360.66;14.50;1433;49;3653.00;283
8974;32;5803760;8974;525;10408;10691;4.39;0.27;360.65;14.50;1434;49;3654.00;283
8978;32;5803776;8978;523;10408;10691;4.40;0.27;360.79;14.50;1430;49;3655.00;283
8981;32;5803791;8981;523;10408;10691;4.39;0.27;360.80;14.50;1427;49;3656.00;283
8986;32;5803807;8986;518;10408;10691;4.41;0.27;360.83;14.50;1422;49;3657.00;283
8988;32;5803821;8988;528;10412;10697;4.42;0.27;360.85;14.50;1424;49;3658.00;285
8995;32;5803836;8995;530;10413;10697;4.40;0.27;360.89;14.50;1418;49;3659.00;284
8999;32;5803853;8999;540;10414;10697;4.41;0.27;361.01;14.51;1415;49;3660.00;283
9003;32;5803868;9003;545;10415;10697;4.42;0.27;361.11;14.51;1412;49;3661.00;282
9006;32;5803883;9006;555;10419;10701;4.42;0.27;361.08;14.50;1413;49;3662.00;282
9008;32;5803898;9008;557;10420;10702;4.45;0.27;361.12;14.50;1412;49;3663.00;282
9012;32;5803913;9012;560;10421;10702;4.46;0.27;361.31;14.50;1409;49;3664.00;281
9017;32;5803928;9017;557;10423;10703;4.42;0.27;361.46;14.51;1406;49;3665.00;280
9020;32;5803942;9020;560;10425;10703;4.40;0.27;361.48;14.51;1405;49;3666.00;278
9024;32;5803958;9024;564;10425;10703;4.41;0.27;361.55;14.51;1401;49;3667.00;278
9031;32;5803972;9031;568;10425;10703;4.38;0.27;361.50;14.51;1394;49;3668.00;278
9034;32;5803987;9034;569;10427;10703;4.39;0.27;361.49;14.52;1393;49;3669.00;276
9036;32;5804002;9036;564;10427;10703;4.40;0.27;361.58;14.52;1391;49;3670.00;276
9038;32;5804016;9038;573;10428;10703;4.40;0.27;361.61;14.52;1390;49;3671.00;275
9040;32;5804031;9040;583;10467;10773;4.38;0.27;361.73;14.46;1427;49;3672.00;306
9043;32;5804050;9043;583;10470;10774;4.39;0.27;361.75;14.46;1427;49;3673.00;304
9045;32;5804065;9045;590;10472;10774;4.41;0.27;361.84;14.46;1427;49;3674.00;302
9048;32;5804085;9048;584;10476;10774;4.40;0.27;361.97;14.56;1428;49;3675.00;298
9049;32;5804101;9049;583;10476;10774;4.38;0.27;362.02;14.56;1427;49;3676.00;298
9053;32;5804118;9053;580;10479;10774;4.37;0.27;362.19;14.55;1426;49;3677.00;295
9057;32;5804133;9057;582;10481;10774;4.32;0.26;362.25;14.55;1424;49;3678.00;293
9061;32;5804148;9061;582;10483;10774;4.25;0.26;362.23;14.55;1422;49;3679.00;291
9063;32;5804163;9063;575;10484;10775;4.21;0.26;362.34;14.55;1421;49;3680.00;291
9066;32;5804178;9066;584;10486;10776;4.15;0.25;362.42;14.55;1420;49;3681.00;290
9067;32;5804193;9067;575;10486;10776;4.11;0.25;362.42;14.55;1419;49;3682.00;290
9070;32;5804209;9070;591;10491;10780;4.04;0.24;362.57;14.54;1421;49;3683.00;289
9072;32;5804223;9072;595;10491;10780;4.03;0.24;362.72;14.54;1419;49;3684.00;289
9072;32;5804239;9072;590;10493;10780;4.02;0.24;362.72;14.54;1421;49;3685.00;287
9073;32;5804254;9073;582;10493;10780;4.01;0.24;362.73;14.54;1420;49;3686.00;287
9076;32;5804269;9076;576;10499;10786;4.00;0.24;362.76;14.54;1423;49;3687.00;287
9079;32;5804285;9079;576;10499;10786;3.98;0.24;362.93;14.54;1420;49;3688.00;287
9082;32;5804299;9082;577;10501;10786;3.97;0.24;362.90;14.54;1419;49;3689.00;285
9082;32;5804322;9082;569;10505;10792;3.98;0.24;362.90;14.54;1423;49;3690.00;287
9085;32;5804337;9085;582;10505;10792;3.95;0.24;363.02;14.54;1420;49;3691.00;287
9086;32;5804353;9086;577;10507;10792;3.99;0.24;363.03;14.53;1421;49;3692.00;285
9090;32;5804368;9090;589;10508;10793;4.00;0.24;363.18;14.53;1418;49;3693.00;285
9091;32;5804383;9091;588;10510;10794;4.02;0.24;363.19;14.53;1419;49;3694.00;284
9093;32;5804398;9093;583;10512;10794;4.05;0.25;363.19;14.54;1419;49;3695.00;282
9094;32;5804413;9094;584;10522;10807;4.11;0.25;363.29;14.53;1428;49;3696.00;285
9095;32;5804429;9095;572;10522;10807;4.11;0.25;363.30;14.53;1427;49;3697.00;285
9097;32;5804445;9097;572;10525;10807;4.12;0.25;363.29;14.53;1428;49;3698.00;282
9098;32;5804460;9098;565;10526;10808;4.17;0.25;363.39;14.53;1428;49;3699.00;282
9100;32;5804476;9100;565;10530;10808;4.19;0.25;363.38;14.54;1430;49;3700.00;278
9102;32;5804494;9102;567;10534;10812;4.20;0.26;363.57;14.53;1432;49;3701.00;278
9106;32;5804510;9106;558;10535;10812;4.19;0.25;363.83;14.53;1429;49;3702.00;277
9107;32;5804525;9107;555;10538;10816;4.24;0.26;363.93;14.53;1431;49;3703.00;278
9110;32;5804541;9110;557;10538;10816;4.24;0.26;363.92;14.53;1428;49;3704.00;278
9111;32;5804556;9111;561;10538;10816;4.25;0.26;363.97;14.53;1427;49;3705.00;278
9114;32;5804570;9114;562;10538;10816;4.25;0.26;364.02;14.53;1424;49;3706.00;278
9118;32;5804585;9118;558;10538;10816;4.20;0.26;364.00;14.53;1420;49;3707.00;278
9122;32;5804599;9122;552;10548;10828;4.23;0.26;364.12;14.51;1426;49;3708.00;280
9123;32;5804616;9123;552;10548;10828;4.25;0.26;364.11;14.51;1425;49;3709.00;280
9126;32;5804630;9126;554;10549;10828;4.26;0.26;364.13;14.51;1423;49;3710.00;279
9129;32;5804646;9129;565;10549;10828;4.27;0.26;364.23;14.51;1420;49;3711.00;279
9132;32;5804660;9132;563;10549;10828;4.25;0.26;364.24;14.51;1417;49;3712.00;279
9134;32;5804675;9134;568;10549;10828;4.24;0.26;364.29;14.51;1415;49;3713.00;279
9137;32;5804689;9137;575;10549;10829;4.21;0.26;364.24;14.51;1412;49;3714.00;280
9139;32;5804704;9139;579;10549;10829;4.17;0.25;364.21;14.51;1410;49;3715.00;280
9140;32;5804718;9140;594;10554;10835;4.19;0.26;364.24;14.51;1414;49;3716.00;281
9144;32;5804733;9144;599;10555;10836;4.15;0.25;364.25;14.50;1411;49;3717.00;281
9146;32;5804748;9146;601;10555;10836;4.10;0.25;364.21;14.50;1409;49;3718.00;281
9147;32;5804763;9147;609;10555;10836;4.05;0.25;364.18;14.50;1408;49;3719.00;281
9148;32;5804779;9148;604;10559;10841;4.06;0.25;364.20;14.50;1411;49;3720.00;282
9151;32;5804793;9151;610;10559;10841;4.06;0.25;364.11;14.50;1408;49;3721.00;282
9153;32;5804808;9153;606;10559;10841;4.06;0.25;364.06;14.50;1406;49;3722.00;282
9153;32;5804821;9153;608;10560;10842;4.08;0.25;364.06;14.50;1407;49;3723.00;282
9156;32;5804836;9156;606;10563;10846;4.08;0.25;364.10;14.49;1407;49;3724.00;283
9159;32;5804851;9159;603;10563;10846;4.10;0.25;364.20;14.49;1404;49;3725.00;283
9159;32;5804865;9159;604;10565;10849;4.15;0.25;364.20;14.49;1406;49;3726.00;284
9161;32;5804879;9161;604;10565;10849;4.16;0.25;364.17;14.49;1404;49;3727.00;284
9163;32;5804893;9163;596;10566;10849;4.20;0.26;364.15;14.49;1403;49;3728.00;283
9166;32;5804908;9166;594;10566;10849;4.20;0.26;364.13;14.49;1400;49;3729.00;283
9169;32;5804922;9169;594;10570;10853;4.23;0.26;364.14;14.48;1401;49;3730.00;283
9172;32;5804937;9172;593;10570;10853;4.24;0.26;364.05;14.48;1398;49;3731.00;283
9173;32;5804951;9173;598;10570;10853;4.23;0.26;364.04;14.48;1397;49;3732.00;283
9180;32;5804964;9180;595;10570;10853;4.16;0.25;364.06;14.48;1390;49;3733.00;283
9180;32;5804979;9180;587;10570;10854;4.15;0.25;364.06;14.48;1390;49;3734.00;284
9182;32;5804992;9182;601;10574;10856;4.11;0.25;363.99;14.63;1392;49;3735.00;282
9186;32;5805010;9186;597;10574;10856;4.07;0.25;363.91;14.63;1388;49;3736.00;282
9188;32;5805024;9188;606;10575;10857;4.05;0.25;363.91;14.63;1387;49;3737.00;282
9190;32;5805038;9190;608;10575;10857;4.02;0.24;363.95;14.63;1385;49;3738.00;282
9191;32;5805052;9191;610;10575;10857;4.00;0.24;363.95;14.63;1384;49;3739.00;282
9194;32;5805065;9194;610;10575;10857;3.98;0.24;363.92;14.63;1381;49;3740.00;282
9194;32;5805080;9194;623;10575;10857;3.99;0.24;363.92;14.63;1381;49;3741.00;282
9196;32;5805093;9196;602;10576;10857;4.04;0.25;363.95;14.70;1380;49;3742.00;281
9197;32;5805107;9197;592;10576;10857;4.10;0.25;363.99;14.70;1379;49;3743.00;281
9199;32;5805124;9199;599;10643;10984;4.36;0.27;363.97;14.61;1444;49;3744.00;341
9200;32;5805148;9200;578;10645;10985;4.40;0.27;363.95;14.60;1445;49;3745.00;340
9201;32;5805163;9201;571;10653;10985;4.49;0.28;363.94;14.59;1452;49;3746.00;332
9202;33;5805178;9202;565;10655;10985;4.54;0.28;364.01;14.59;1453;50;3747.00;330
9203;33;5805204;9203;561;10661;10985;4.59;0.28;364.01;14.59;1458;50;3748.00;324
9204;33;5805225;9204;558;10663;10985;4.61;0.28;363.97;14.58;1459;50;3749.00;322
9204;33;5805242;9204;557;10667;10990;4.62;0.28;363.97;14.58;1463;50;3750.00;323
9204;33;5805269;9204;550;10669;10990;4.69;0.29;363.97;14.58;1465;50;3751.00;321
9204;33;5805284;9204;551;10672;10991;4.75;0.29;363.97;14.58;1468;50;3752.00;319
9205;33;5805299;9205;550;10677;10992;4.80;0.29;363.96;14.57;1472;50;3753.00;315
9207;33;5805315;9207;554;10679;10992;4.83;0.30;363.93;14.57;1472;50;3754.00;313
9209;33;5805331;9209;562;10681;10993;4.85;0.30;363.96;14.57;1472;50;3755.00;312
9211;33;5805347;9211;561;10684;10993;4.81;0.29;363.97;14.57;1473;50;3756.00;309
9212;33;5805362;9212;558;10689;10993;4.77;0.29;363.95;14.57;1477;50;3757.00;304
9216;33;5805378;9216;563;10690;10993;4.72;0.29;363.96;14.57;1474;50;3758.00;303
9218;33;5805393;9218;577;10693;10997;4.70;0.29;363.90;14.57;1475;50;3759.00;304
9220;33;5805409;9220;585;10697;10997;4.70;0.29;363.91;14.64;1477;50;3760.00;300
9221;33;5805426;9221;593;10700;10997;4.67;0.28;363.87;14.64;1479;50;3761.00;297
9223;33;5805443;9223;599;10703;11000;4.65;0.28;363.90;14.79;1480;50;3762.00;297
9225;33;5805462;9225;609;10703;11000;4.61;0.28;363.93;14.79;1478;50;3763.00;297
9227;33;5805484;9227;609;10708;11000;4.61;0.28;363.99;14.93;1481;50;3764.00;292
9227;33;5805512;9227;623;10714;11004;4.58;0.28;363.99;15.07;1487;50;3765.00;290
9228;33;5805545;9228;624;10717;11005;4.56;0.28;363.96;15.07;1489;50;3766.00;288
9229;33;5805567;9229;620;10718;11005;4.55;0.28;363.94;15.07;1489;50;3767.00;287
9233;33;5805591;9233;619;10720;11009;4.51;0.27;364.10;15.14;1487;50;3768.00;289
9234;33;5805608;9234;622;10722;11009;4.49;0.27;364.07;15.21;1488;50;3769.00;287
9236;33;5805624;9236;625;10725;11009;4.46;0.27;364.04;15.28;1489;50;3770.00;284
9239;33;5805640;9239;622;10725;11010;4.40;0.27;364.06;15.28;1486;50;3771.00;285
9240;33;5805656;9240;624;10728;11010;4.39;0.27;364.04;15.42;1488;50;3772.00;282
9243;33;5805672;9243;641;10733;11016;4.39;0.27;364.11;15.41;1490;50;3773.00;283
9244;33;5805687;9244;639;10733;11016;4.35;0.26;364.14;15.41;1489;50;3774.00;283
9247;33;5805703;9247;648;10733;11017;4.32;0.26;364.28;15.41;1486;50;3775.00;284
9249;33;5805718;9249;648;10733;11017;4.29;0.26;364.35;15.41;1484;51;3776.00;284
9250;33;5805741;9250;646;10738;11017;4.26;0.26;364.41;15.76;1488;51;3777.00;279
9252;33;5805758;9252;648;10738;11017;4.24;0.26;364.49;15.76;1486;51;3778.00;279
9254;33;5805772;9254;643;10741;11017;4.23;0.26;364.57;15.96;1487;51;3779.00;276
9254;33;5805789;9254;646;10767;11053;4.34;0.27;364.57;15.93;1513;51;3780.00;286
9256;33;5805806;9256;639;10768;11053;4.36;0.27;364.65;15.92;1512;51;3781.00;285
9259;33;5805822;9259;635;10772;11053;4.35;0.27;364.58;16.06;1513;51;3782.00;281
9260;33;5805837;9260;623;10773;11053;4.40;0.27;364.63;16.13;1513;51;3783.00;280
9263;34;5805853;9263;622;10774;11053;4.40;0.27;364.67;16.12;1511;52;3784.00;279
9263;34;5805874;9263;619;10776;11053;4.41;0.27;364.67;16.26;1513;52;3785.00;277
9265;34;5805899;9265;627;10780;11057;4.37;0.27;364.70;16.25;1515;52;3786.00;277
9268;34;5805914;9268;627;10781;11057;4.34;0.27;364.68;16.32;1513;52;3787.00;276
9269;34;5805930;9269;629;10786;11061;4.38;0.27;364.68;16.38;1517;52;3788.00;275
9272;34;5805945;9272;622;10787;11062;4.36;0.27;364.74;16.38;1515;52;3789.00;275
9276;34;5805960;9276;621;10788;11062;4.31;0.26;364.66;16.45;1512;52;3790.00;274
9279;34;5805975;9279;622;10789;11062;4.24;0.26;364.72;16.51;1510;52;3791.00;273
9286;34;5805990;9286;619;10797;11075;4.16;0.25;364.86;16.50;1511;52;3792.00;278
9290;34;5806007;9290;617;10799;11075;4.13;0.25;364.91;16.63;1509;52;3793.00;276
9292;34;5806022;9292;613;10800;11075;4.10;0.25;365.01;16.63;1508;52;3794.00;275
9294;34;5806042;9294;617;10801;11076;4.06;0.25;364.99;16.69;1507;52;3795.00;275
9297;34;5806059;9297;615;10802;11077;3.98;0.24;365.12;16.76;1505;52;3796.00;275
9300;34;5806081;9300;611;10802;11077;3.95;0.24;365.04;16.76;1502;52;3797.00;275
9303;34;5806096;9303;617;10806;11080;3.94;0.24;365.04;16.88;1503;52;3798.00;274
9305;34;5806112;9305;616;10806;11080;3.96;0.24;365.13;16.88;1501;52;3799.00;274
9307;34;5806131;9307;628;10806;11080;3.97;0.24;365.10;16.88;1499;52;3800.00;274
9310;34;5806148;9310;636;10807;11080;4.01;0.24;365.11;16.94;1497;52;3801.00;273
9313;34;5806163;9313;634;10812;11086;4.09;0.25;365.06;16.94;1499;52;3802.00;274
9318;34;5806180;9318;629;10812;11086;4.08;0.25;365.07;16.94;1494;52;3803.00;274
9320;34;5806195;9320;625;10812;11086;4.10;0.25;365.10;16.94;1492;52;3804.00;274
9324;35;5806212;9324;618;10813;11086;4.08;0.25;365.11;16.93;1489;53;3805.00;273
9327;35;5806238;9327;624;10816;11090;4.09;0.25;365.14;16.93;1489;53;3806.00;274
9332;35;5806254;9332;617;10817;11091;4.12;0.25;365.12;16.93;1485;53;3807.00;274
9334;35;5806270;9334;621;10818;11091;4.15;0.25;365.19;16.93;1484;53;3808.00;273
9336;35;5806286;9336;620;10818;11092;4.18;0.25;365.26;16.93;1482;53;3809.00;274
9341;35;5806308;9341;624;10819;11092;4.18;0.25;365.31;16.93;1478;53;3810.00;273
9345;35;5806323;9345;624;10820;11092;4.20;0.26;365.41;16.93;1475;53;3811.00;272
9349;35;5806339;9349;622;10820;11092;4.18;0.25;365.54;16.93;1471;53;3812.00;272
9351;35;5806354;9351;633;10821;11092;4.20;0.26;365.61;16.93;1470;53;3813.00;271
9356;35;5806369;9356;626;10821;11092;4.16;0.25;365.71;16.93;1465;53;3814.00;271
9363;35;5806384;9363;623;10821;11092;4.14;0.25;365.77;16.93;1458;53;3815.00;271
9365;35;5806400;9365;624;10851;11162;4.24;0.26;365.75;16.88;1486;53;3816.00;311
9368;35;5806420;9368;629;10855;11163;4.29;0.26;365.74;16.87;1487;53;3817.00;308
9372;35;5806435;9372;623;10860;11163;4.31;0.26;365.85;16.87;1488;53;3818.00;303
9374;35;5806454;9374;625;10864;11163;4.32;0.26;365.90;16.86;1490;53;3819.00;299
9376;35;5806470;9376;628;10868;11163;4.29;0.26;365.94;16.86;1492;53;3820.00;295
9381;35;5806485;9381;631;10869;11163;4.26;0.26;365.89;16.86;1488;53;3821.00;294
9383;35;5806502;9383;633;10871;11163;4.32;0.26;365.84;16.85;1488;53;3822.00;292
9388;35;5806517;9388;635;10872;11163;4.33;0.26;365.97;16.85;1484;53;3823.00;291
9390;35;5806532;9390;635;10874;11164;4.30;0.26;366.00;16.85;1484;53;3824.00;290
9392;35;5806548;9392;635;10879;11166;4.30;0.26;365.94;16.85;1487;53;3825.00;287
9396;35;5806568;9396;635;10881;11166;4.21;0.26;365.96;16.85;1485;53;3826.00;285
9403;35;5806585;9403;651;10885;11170;4.12;0.25;366.09;16.84;1482;53;3827.00;285
9404;35;5806602;9404;653;10887;11170;4.06;0.25;366.09;16.84;1483;53;3828.00;283
9406;35;5806617;9406;657;10888;11170;4.02;0.24;366.17;16.84;1482;53;3829.00;282
9412;35;5806631;9412;673;10888;11170;3.92;0.24;366.24;16.84;1476;53;3830.00;282
9415;35;5806646;9415;683;10893;11176;3.90;0.24;366.36;16.83;1478;53;3831.00;283
9419;35;5806663;9419;685;10893;11176;3.89;0.24;366.33;16.83;1474;53;3832.00;283
9422;35;5806678;9422;681;10894;11176;3.88;0.24;366.40;16.83;1472;53;3833.00;282
9427;35;5806693;9427;683;10898;11179;3.87;0.24;366.51;16.93;1471;53;3834.00;281
9431;35;5806708;9431;684;10899;11179;3.86;0.23;366.65;16.93;1468;53;3835.00;280
9434;35;5806723;9434;687;10899;11179;3.82;0.23;366.65;16.93;1465;53;3836.00;280
9437;35;5806737;9437;690;10900;11180;3.75;0.23;366.76;16.93;1463;53;3837.00;280
9440;35;5806751;9440;697;10901;11181;3.68;0.22;366.97;16.93;1461;53;3838.00;280
9444;35;5806765;9444;703;10901;11181;3.62;0.22;367.10;16.93;1457;53;3839.00;280
9446;35;5806782;9446;709;10920;11207;3.62;0.22;367.21;16.90;1474;53;3840.00;287
9448;35;5806798;9448;711;10921;11207;3.60;0.22;367.34;16.90;1473;53;3841.00;286
9454;35;5806812;9454;701;10923;11207;3.61;0.22;367.58;16.90;1469;53;3842.00;284
9455;35;5806827;9455;697;10924;11208;3.65;0.22;367.59;16.90;1469;53;3843.00;284
9456;35;5806842;9456;688;10925;11208;3.66;0.22;367.61;16.90;1469;53;3844.00;283
9458;35;5806857;9458;691;10929;11212;3.73;0.23;367.68;16.89;1471;53;3845.00;283
9463;35;5806872;9463;697;10931;11214;3.74;0.23;367.89;16.89;1468;53;3846.00;283
9465;35;5806887;9465;699;10935;11218;3.76;0.23;367.88;16.88;1470;53;3847.00;283
9466;35;5806902;9466;705;10935;11218;3.81;0.23;367.91;16.88;1469;53;3848.00;283
9471;35;5806916;9471;706;10935;11218;3.79;0.23;367.88;16.88;1464;53;3849.00;283
9476;35;5806931;9476;707;10935;11218;3.75;0.23;367.94;16.88;1459;53;3850.00;283
9481;35;5806951;9481;695;10935;11218;3.72;0.23;368.04;16.88;1454;53;3851.00;283
9484;35;5806966;9484;694;10944;11230;3.73;0.23;368.10;16.87;1460;53;3852.00;286
9486;35;5806981;9486;693;10944;11230;3.75;0.23;368.23;16.87;1458;53;3853.00;286
9489;35;5806996;9489;697;10946;11230;3.78;0.23;368.32;16.87;1457;53;3854.00;284
9490;35;5807010;9490;698;10946;11230;3.80;0.23;368.31;16.87;1456;53;3855.00;284
9494;35;5807025;9494;704;10946;11230;3.79;0.23;368.54;16.87;1452;53;3856.00;284
9495;35;5807040;9495;707;10946;11230;3.80;0.23;368.61;16.87;1451;53;3857.00;284
9497;35;5807054;9497;707;10946;11231;3.83;0.23;368.57;16.87;1449;53;3858.00;285
9500;35;5807069;9500;702;10946;11231;3.82;0.23;368.61;16.87;1446;53;3859.00;285
9501;35;5807084;9501;700;10951;11237;3.84;0.23;368.62;16.86;1450;53;3860.00;286
9501;35;5807098;9501;707;10952;11238;3.83;0.23;368.62;16.86;1451;53;3861.00;286
9503;35;5807115;9503;695;10952;11238;3.84;0.23;368.57;16.86;1449;53;3862.00;286
9503;35;5807131;9503;699;10952;11238;3.87;0.24;368.57;16.86;1449;53;3863.00;286
9503;35;5807145;9503;700;10955;11242;3.96;0.24;368.57;16.85;1452;53;3864.00;287
9505;35;5807161;9505;703;10955;11242;3.98;0.24;368.57;16.85;1450;53;3865.00;287
9508;35;5807176;9508;696;10955;11242;4.02;0.25;368.60;16.85;1447;53;3866.00;287
9512;35;5807191;9512;694;10956;11243;4.05;0.25;368.63;16.85;1444;53;3867.00;287
9516;35;5807207;9516;694;10959;11247;4.11;0.25;368.74;16.85;1443;53;3868.00;288
9518;35;5807223;9518;686;10959;11247;4.11;0.25;368.85;16.85;1441;53;3869.00;288
9522;35;5807240;9522;687;10963;11253;4.08;0.25;368.87;16.84;1441;53;3870.00;290
9526;35;5807255;9526;693;10963;11253;3.98;0.24;368.96;16.84;1437;53;3871.00;290
9527;35;5807269;9527;694;10966;11253;3.97;0.24;368.97;16.94;1439;53;3872.00;287
9534;35;5807283;9534;698;10966;11253;3.92;0.24;369.09;16.94;1432;53;3873.00;287
9535;35;5807299;9535;705;10970;11257;3.93;0.24;369.17;16.94;1435;53;3874.00;287
9537;35;5807313;9537;709;10970;11257;3.88;0.24;369.14;16.94;1433;53;3875.00;287
9540;35;5807329;9540;698;10970;11257;3.86;0.23;369.13;16.94;1430;53;3876.00;287
9542;35;5807344;9542;706;10970;11257;3.83;0.23;369.11;16.94;1428;53;3877.00;287
9547;35;5807358;9547;705;10970;11258;3.75;0.23;369.05;16.94;1423;53;3878.00;288
9550;35;5807372;9550;703;10971;11259;3.71;0.23;369.21;16.94;1421;53;3879.00;288
9552;35;5807387;9552;711;10971;11259;3.69;0.22;369.16;16.94;1419;53;3880.00;288
9552;35;5807400;9552;713;10972;11260;3.71;0.23;369.16;16.93;1420;53;3881.00;288
9554;35;5807414;9554;718;10972;11260;3.70;0.23;369.13;16.93;1418;53;3882.00;288
9556;35;5807428;9556;713;10972;11260;3.70;0.23;369.17;16.93;1416;53;3883.00;288
9556;35;5807442;9556;715;10972;11260;3.68;0.22;369.17;16.93;1416;53;3884.00;288
9559;35;5807456;9559;714;10972;11260;3.66;0.22;369.23;16.93;1413;53;3885.00;288
9562;35;5807470;9562;708;10972;11260;3.64;0.22;369.23;16.93;1410;53;3886.00;288
9563;35;5807484;9563;703;10972;11260;3.63;0.22;369.22;16.93;1409;53;3887.00;288
9565;35;5807498;9565;725;11043;11387;3.81;0.24;369.19;16.83;1478;53;3888.00;344
9566;35;5807522;9566;694;11043;11388;3.84;0.24;369.15;16.83;1477;53;3889.00;345
9566;35;5807536;9566;670;11050;11388;3.97;0.25;369.15;16.82;1484;53;3890.00;338
9567;35;5807550;9567;662;11052;11388;4.04;0.25;369.13;16.81;1485;53;3891.00;336
9570;35;5807564;9570;655;11057;11388;4.11;0.25;369.16;16.81;1487;53;3892.00;331
9572;35;5807579;9572;643;11058;11388;4.19;0.26;369.24;16.81;1486;53;3893.00;330
9574;36;5807595;9574;635;11061;11388;4.26;0.26;369.33;16.80;1487;54;3894.00;327
9575;36;5807622;9575;633;11065;11388;4.31;0.27;369.35;16.90;1490;54;3895.00;323
9575;36;5807638;9575;625;11067;11389;4.35;0.27;369.35;16.90;1492;54;3896.00;322
9577;36;5807654;9577;613;11071;11390;4.40;0.27;369.36;16.90;1494;54;3897.00;319
9577;36;5807675;9577;620;11073;11390;4.47;0.28;369.36;16.90;1496;54;3898.00;317
9580;36;5807690;9580;610;11075;11391;4.45;0.27;369.40;16.90;1495;54;3899.00;316
9581;36;5807708;9581;605;11082;11406;4.49;0.28;369.43;16.96;1501;54;3900.00;324
9582;36;5807732;9582;602;11084;11406;4.47;0.28;369.40;16.96;1502;54;3901.00;322
9586;36;5807748;9586;598;11085;11406;4.44;0.27;369.44;16.96;1499;54;3902.00;321
9588;36;5807765;9588;596;11088;11410;4.44;0.27;369.60;16.96;1500;54;3903.00;322
9591;36;5807786;9591;595;11091;11410;4.48;0.28;369.62;16.96;1500;54;3904.00;319
9592;36;5807801;9592;593;11094;11410;4.50;0.28;369.60;16.96;1502;54;3905.00;316
9594;36;5807817;9594;606;11097;11413;4.52;0.28;369.56;16.96;1503;54;3906.00;316
9597;36;5807833;9597;607;11100;11413;4.58;0.28;369.68;16.96;1503;54;3907.00;313
9598;36;5807849;9598;611;11101;11413;4.62;0.28;369.65;16.96;1503;54;3908.00;312
9602;36;5807865;9602;618;11107;11417;4.61;0.28;369.61;16.95;1505;54;3909.00;310
9604;36;5807882;9604;621;11108;11418;4.60;0.28;369.72;16.95;1504;54;3910.00;310
9605;36;5807898;9605;627;11113;11418;4.61;0.28;369.70;16.95;1508;54;3911.00;305
9606;36;5807914;9606;621;11115;11422;4.64;0.28;369.67;16.94;1509;54;3912.00;307
9608;36;5807930;9608;620;11116;11422;4.62;0.28;369.76;16.94;1508;54;3913.00;306
9611;36;5807951;9611;624;11116;11422;4.59;0.28;369.79;16.94;1505;54;3914.00;306
9614;36;5807972;9614;627;11119;11424;4.54;0.28;369.84;17.01;1505;54;3915.00;305
9615;36;5807988;9615;627;11119;11424;4.53;0.28;369.82;17.01;1504;54;3916.00;305
9618;36;5808009;9618;634;11125;11430;4.48;0.27;369.84;17.00;1507;54;3917.00;305
9619;36;5808031;9619;637;11125;11430;4.48;0.27;369.93;17.00;1506;54;3918.00;305
9622;36;5808046;9622;640;11125;11431;4.46;0.27;369.94;17.00;1503;54;3919.00;306
9624;36;5808062;9624;645;11125;11431;4.45;0.27;369.90;17.00;1501;54;3920.00;306
9626;36;5808083;9626;647;11125;11431;4.43;0.27;370.06;17.00;1499;54;3921.00;306
9629;36;5808098;9629;648;11126;11431;4.41;0.27;370.19;17.07;1497;54;3922.00;305
9630;36;5808114;9630;656;11128;11431;4.38;0.27;370.25;17.07;1498;54;3923.00;303
9631;36;5808132;9631;654;11137;11443;4.38;0.27;370.24;17.05;1506;54;3924.00;306
9633;36;5808153;9633;662;11141;11443;4.34;0.26;370.30;17.20;1508;54;3925.00;302
9637;36;5808168;9637;661;11142;11443;4.33;0.26;370.51;17.20;1505;54;3926.00;301
9639;36;5808185;9639;663;11142;11443;4.29;0.26;370.52;17.20;1503;54;3927.00;301
9643;36;5808200;9643;658;11143;11443;4.28;0.26;370.70;17.27;1500;54;3928.00;300
9647;36;5808216;9647;664;11143;11443;4.25;0.26;370.78;17.27;1496;54;3929.00;300
9649;36;5808233;9649;672;11146;11447;4.23;0.26;370.88;17.27;1497;54;3930.00;301
9651;36;5808249;9651;668;11147;11447;4.19;0.26;370.96;17.34;1496;54;3931.00;300
9653;36;5808264;9653;669;11151;11451;4.20;0.26;370.97;17.34;1498;54;3932.00;300
9654;36;5808279;9654;665;11152;11452;4.24;0.26;371.02;17.34;1498;54;3933.00;300
9658;36;5808299;9658;671;11153;11452;4.21;0.26;371.06;17.41;1495;54;3934.00;299
9659;36;5808314;9659;680;11153;11452;4.21;0.26;371.06;17.41;1494;54;3935.00;299
9661;36;5808328;9661;689;11163;11465;4.21;0.26;371.12;17.47;1502;54;3936.00;302
9665;36;5808344;9665;701;11165;11465;4.21;0.26;371.24;17.61;1500;54;3937.00;300
9668;36;5808363;9668;698;11166;11465;4.24;0.26;371.22;17.61;1498;54;3938.00;299
9673;36;5808378;9673;699;11167;11466;4.21;0.26;371.24;17.61;1494;54;3939.00;299
9679;36;5808393;9679;702;11168;11467;4.20;0.26;371.29;17.68;1489;54;3940.00;299
9680;36;5808408;9680;707;11168;11467;4.19;0.26;371.38;17.68;1488;54;3941.00;299
9684;36;5808422;9684;710;11173;11470;4.16;0.25;371.47;17.82;1489;54;3942.00;297
9688;36;5808437;9688;711;11174;11470;4.14;0.25;371.46;17.89;1486;55;3943.00;296
9689;36;5808457;9689;704;11175;11470;4.18;0.25;371.45;17.96;1486;55;3944.00;295
9691;36;5808472;9691;698;11175;11470;4.19;0.26;371.50;17.96;1484;55;3945.00;295
9692;36;5808487;9692;692;11182;11476;4.27;0.26;371.47;18.09;1490;55;3946.00;294
9694;36;5808502;9694;691;11182;11476;4.32;0.26;371.46;18.09;1488;55;3947.00;294
9698;36;5808516;9698;680;11184;11476;4.31;0.26;371.42;18.23;1486;55;3948.00;292
9702;36;5808531;9702;684;11185;11476;4.35;0.26;371.40;18.23;1483;55;3949.00;291
9703;36;5808546;9703;676;11188;11480;4.37;0.27;371.39;18.22;1485;55;3950.00;292
9706;36;5808561;9706;672;11190;11481;4.38;0.27;371.46;18.22;1484;55;3951.00;291
9708;36;5808575;9708;673;11190;11481;4.38;0.27;371.45;18.22;1482;55;3952.00;291
9711;36;5808590;9711;670;11191;11482;4.35;0.26;371.48;18.22;1480;55;3953.00;291
9713;36;5808605;9713;668;11196;11482;4.32;0.26;371.52;18.50;1483;55;3954.00;286
9716;36;5808621;9716;673;11196;11482;4.32;0.26;371.53;18.50;1480;55;3955.00;286
9720;36;5808635;9720;670;11198;11482;4.29;0.26;371.78;18.63;1478;55;3956.00;284
9721;36;5808650;9721;678;11198;11482;4.27;0.26;371.78;18.63;1477;55;3957.00;284
9724;36;5808664;9724;681;11198;11482;4.23;0.26;371.84;18.63;1474;55;3958.00;284
9729;36;5808678;9729;682;11201;11482;4.17;0.25;371.93;18.83;1472;55;3959.00;281
9731;36;5808694;9731;686;11261;11607;4.33;0.27;371.89;18.73;1530;55;3960.00;346
9734;36;5808720;9734;682;11270;11608;4.34;0.27;372.02;18.78;1536;55;3961.00;338
9737;36;5808735;9737;674;11278;11608;4.33;0.27;372.07;18.84;1541;55;3962.00;330
9739;36;5808756;9739;672;11282;11608;4.37;0.27;372.17;18.83;1543;55;3963.00;326
9741;36;5808772;9741;677;11285;11608;4.35;0.27;372.26;18.89;1544;55;3964.00;323
9743;36;5808788;9743;670;11291;11608;4.35;0.27;372.31;18.95;1548;55;3965.00;317
9746;36;5808803;9746;678;11295;11608;4.34;0.27;372.37;19.01;1549;55;3966.00;313
9749;36;5808819;9749;679;11298;11608;4.33;0.27;372.46;19.07;1549;55;3967.00;310
9754;36;5808835;9754;678;11299;11609;4.29;0.26;372.54;19.07;1545;55;3968.00;310
9758;36;5808851;9758;679;11302;11610;4.22;0.26;372.74;19.13;1544;55;3969.00;308
9759;36;5808867;9759;687;11303;11610;4.21;0.26;372.76;19.13;1544;55;3970.00;307
9763;36;5808889;9763;684;11306;11614;4.15;0.26;372.84;19.13;1543;55;3971.00;308
9767;36;5808904;9767;683;11307;11614;4.12;0.25;372.81;19.13;1540;55;3972.00;307
9770;36;5808921;9770;681;11309;11614;4.11;0.25;372.85;19.13;1539;55;3973.00;305
9773;36;5808937;9773;682;11310;11614;4.10;0.25;372.86;19.13;1537;55;3974.00;304
9776;36;5808952;9776;690;11315;11620;4.09;0.25;373.02;19.12;1539;55;3975.00;305
9782;36;5808968;9782;689;11316;11620;4.04;0.25;373.08;19.12;1534;55;3976.00;304
9786;36;5808984;9786;694;11316;11620;4.00;0.25;373.14;19.12;1530;55;3977.00;304
9792;36;5809000;9792;699;11318;11623;3.95;0.24;373.19;19.12;1526;55;3978.00;305
9798;36;5809016;9798;698;11319;11623;3.90;0.24;373.37;19.12;1521;55;3979.00;304
9801;36;5809031;9801;702;11319;11623;3.88;0.24;373.37;19.12;1518;55;3980.00;304
9804;36;5809047;9804;696;11319;11624;3.86;0.24;373.41;19.12;1515;55;3981.00;305
9810;36;5809067;9810;696;11320;11625;3.84;0.24;373.48;19.12;1510;55;3982.00;305
9813;36;5809083;9813;693;11321;11625;3.84;0.24;373.66;19.12;1508;55;3983.00;304
9816;36;5809099;9816;693;11331;11638;3.89;0.24;373.76;19.10;1515;55;3984.00;307
9822;36;5809115;9822;685;11331;11638;3.84;0.24;373.87;19.10;1509;55;3985.00;307
9827;36;5809134;9827;685;11331;11638;3.82;0.23;374.01;19.10;1504;55;3986.00;307
9832;36;5809150;9832;690;11331;11639;3.78;0.23;374.16;19.10;1499;55;3987.00;308
9837;36;5809165;9837;696;11331;11639;3.72;0.23;374.10;19.10;1494;55;3988.00;308
9839;36;5809180;9839;700;11334;11643;3.69;0.23;374.12;19.09;1495;55;3989.00;309
9841;36;5809208;9841;699;11334;11643;3.66;0.22;374.07;19.09;1493;55;3990.00;309
9844;36;5809224;9844;704;11337;11647;3.66;0.22;374.17;19.09;1493;55;3991.00;310
9848;36;5809240;9848;714;11338;11647;3.60;0.22;374.21;19.20;1490;55;3992.00;309
9852;36;5809257;9852;728;11339;11647;3.54;0.22;374.30;19.20;1487;55;3993.00;308
9857;36;5809272;9857;732;11339;11647;3.50;0.21;374.43;19.20;1482;55;3994.00;308
9860;36;5809287;9860;737;11339;11647;3.49;0.21;374.42;19.20;1479;55;3995.00;308
9866;36;5809301;9866;737;11348;11659;3.52;0.21;374.75;19.18;1482;55;3996.00;311
9871;36;5809316;9871;752;11348;11659;3.49;0.21;374.72;19.18;1477;55;3997.00;311
9873;36;5809331;9873;743;11349;11659;3.51;0.21;374.74;19.19;1476;55;3998.00;310
9876;36;5809346;9876;747;11350;11659;3.49;0.21;374.79;19.19;1474;55;3999.00;309
9877;36;5809361;9877;753;11350;11659;3.47;0.21;374.77;19.19;1473;55;4000.00;309
9881;36;5809379;9881;749;11351;11659;3.42;0.21;374.99;19.19;1470;55;4001.00;308
9885;36;5809394;9885;751;11352;11660;3.37;0.21;375.06;19.19;1467;55;4002.00;308
9886;36;5809408;9886;757;11353;11660;3.32;0.20;375.14;19.19;1467;55;4003.00;307
9887;36;5809423;9887;766;11358;11666;3.30;0.20;375.14;19.18;1471;55;4004.00;308
9889;36;5809437;9889;773;11359;11668;3.27;0.20;375.16;19.18;1470;55;4005.00;309
9895;36;5809452;9895;774;11361;11668;3.22;0.20;375.16;19.18;1466;55;4006.00;307
9896;36;5809466;9896;773;11361;11668;3.23;0.20;375.12;19.18;1465;55;4007.00;307
9898;36;5809481;9898;766;11364;11672;3.24;0.20;375.10;19.17;1466;55;4008.00;308
9902;36;5809496;9902;765;11364;11672;3.25;0.20;375.11;19.17;1462;55;4009.00;308
9903;36;5809510;9903;758;11366;11672;3.27;0.20;375.09;19.17;1463;55;4010.00;306
9906;36;5809525;9906;758;11368;11673;3.28;0.20;375.15;19.17;1462;55;4011.00;305
9908;36;5809539;9908;763;11372;11677;3.31;0.20;375.17;19.17;1464;55;4012.00;305
9909;36;5809554;9909;765;11372;11677;3.33;0.21;375.14;19.17;1463;55;4013.00;305
9910;36;5809568;9910;767;11375;11680;3.35;0.21;375.15;19.16;1465;55;4014.00;305
9912;36;5809583;9912;761;11375;11680;3.37;0.21;375.11;19.16;1463;55;4015.00;305
9915;36;5809598;9915;754;11375;11680;3.41;0.21;375.18;19.16;1460;55;4016.00;305
9919;36;5809618;9919;742;11375;11680;3.41;0.21;375.22;19.16;1456;55;4017.00;305
9920;36;5809633;9920;728;11379;11684;3.47;0.21;375.20;19.15;1459;55;4018.00;305
9921;36;5809649;9921;732;11379;11684;3.51;0.22;375.18;19.15;1458;55;4019.00;305
9924;36;5809665;9924;729;11379;11684;3.51;0.22;375.21;19.15;1455;55;4020.00;305
9927;36;5809680;9927;723;11379;11684;3.51;0.22;375.13;19.15;1452;55;4021.00;305
9932;36;5809695;9932;729;11379;11685;3.50;0.22;375.05;19.15;1447;55;4022.00;306
9933;36;5809710;9933;725;11380;11686;3.53;0.22;375.10;19.15;1447;55;4023.00;306
9936;36;5809725;9936;721;11380;11686;3.56;0.22;375.06;19.15;1444;55;4024.00;306
9938;36;5809741;9938;720;11381;11687;3.64;0.22;375.13;19.15;1443;55;4025.00;306
9941;36;5809756;9941;724;11381;11687;3.66;0.22;375.10;19.15;1440;55;4026.00;306
9945;36;5809773;9945;731;11381;11687;3.67;0.22;375.15;19.15;1436;55;4027.00;306
9947;36;5809787;9947;730;11381;11687;3.71;0.23;375.14;19.15;1434;55;4028.00;306
9948;36;5809802;9948;723;11381;11687;3.78;0.23;375.13;19.15;1433;55;4029.00;306
9951;36;5809817;9951;727;11381;11687;3.80;0.23;375.15;19.15;1430;55;4030.00;306
9953;36;5809832;9953;727;11381;11687;3.83;0.23;375.13;19.15;1428;55;4031.00;306
9953;36;5809846;9953;742;11443;11814;4.13;0.26;375.13;19.05;1490;55;4032.00;371
9954;36;5809873;9954;728;11445;11815;4.13;0.26;375.13;19.04;1491;55;4033.00;370
9957;36;5809888;9957;716;11454;11815;4.19;0.26;375.19;19.03;1497;55;4034.00;361
9958;36;5809903;9958;712;11456;11815;4.18;0.26;375.18;19.03;1498;55;4035.00;359
9961;36;5809919;9961;693;11464;11815;4.21;0.26;375.24;19.12;1503;55;4036.00;351
9963;36;5809935;9963;683;11468;11815;4.19;0.26;375.23;19.12;1505;55;4037.00;347
9964;36;5809951;9964;669;11471;11815;4.21;0.26;375.27;19.12;1507;55;4038.00;344
9965;36;5809966;9965;673;11474;11815;4.25;0.26;375.35;19.11;1509;55;4039.00;341
9965;36;5809981;9965;676;11476;11816;4.29;0.26;375.35;19.11;1511;55;4040.00;340
9966;36;5809997;9966;676;11480;11817;4.30;0.26;375.39;19.11;1514;55;4041.00;337
9967;36;5810013;9967;671;11482;11817;4.32;0.26;375.45;19.11;1515;55;4042.00;335
9968;36;5810029;9968;680;11485;11818;4.33;0.27;375.49;19.10;1517;55;4043.00;333
9969;36;5810045;9969;682;11486;11818;4.32;0.26;375.49;19.10;1517;55;4044.00;332
9972;36;5810060;9972;677;11488;11818;4.31;0.26;375.57;19.10;1516;55;4045.00;330
9973;36;5810077;9973;682;11489;11818;4.31;0.26;375.65;19.10;1516;55;4046.00;329
9973;36;5810092;9973;672;11495;11822;4.37;0.27;375.65;19.10;1522;55;4047.00;327
9973;36;5810110;9973;669;11497;11822;4.46;0.27;375.65;19.10;1524;55;4048.00;325
9973;36;5810134;9973;666;11498;11822;4.52;0.28;375.65;19.09;1525;55;4049.00;324
9974;36;5810152;9974;654;11503;11828;4.56;0.28;375.69;19.19;1529;55;4050.00;325
9976;36;5810175;9976;644;11503;11828;4.55;0.28;375.77;19.19;1527;55;4051.00;325
9977;36;5810192;9977;637;11506;11828;4.60;0.28;375.77;19.19;1529;55;4052.00;322
9980;36;5810209;9980;624;11510;11832;4.59;0.28;375.77;19.18;1530;55;4053.00;322
9981;36;5810227;9981;616;11512;11833;4.63;0.28;375.79;19.18;1531;55;4054.00;321
9983;36;5810244;9983;607;11512;11833;4.65;0.28;375.83;19.18;1529;55;4055.00;321
9984;36;5810262;9984;603;11514;11837;4.70;0.29;375.82;19.18;1530;55;4056.00;323
9985;36;5810278;9985;583;11516;11837;4.73;0.29;375.80;19.18;1531;55;4057.00;321
9986;36;5810294;9986;576;11517;11837;4.77;0.29;375.93;19.17;1531;55;4058.00;320
9987;36;5810311;9987;569;11518;11838;4.78;0.29;375.92;19.17;1531;55;4059.00;320
9992;36;5810327;9992;563;11518;11838;4.71;0.29;376.19;19.17;1526;55;4060.00;320
9992;36;5810344;9992;575;11522;11844;4.74;0.29;376.19;19.17;1530;55;4061.00;322
9995;36;5810359;9995;564;11522;11844;4.72;0.29;376.17;19.17;1527;55;4062.00;322
10000;36;5810377;10000;572;11522;11845;4.67;0.28;376.23;19.17;1522;55;4063.00;323
10002;36;5810393;10002;569;11522;11845;4.67;0.28;376.31;19.17;1520;55;4064.00;323
10006;36;5810409;10006;553;11525;11845;4.63;0.28;376.29;19.31;1519;55;4065.00;320
10009;36;5810429;10009;557;11525;11845;4.60;0.28;376.39;19.31;1516;55;4066.00;320
10013;36;5810445;10013;563;11525;11845;4.56;0.28;376.51;19.31;1512;55;4067.00;320
10013;36;5810461;10013;561;11534;11857;4.59;0.28;376.51;19.29;1521;55;4068.00;323
10017;36;5810479;10017;562;11534;11857;4.51;0.27;376.61;19.29;1517;55;4069.00;323
10019;36;5810495;10019;558;11536;11857;4.51;0.27;376.63;19.29;1517;55;4070.00;321
10019;36;5810512;10019;569;11536;11857;4.50;0.27;376.63;19.29;1517;55;4071.00;321
10021;36;5810527;10021;565;11536;11857;4.49;0.27;376.61;19.29;1515;55;4072.00;321
10021;36;5810556;10021;566;11539;11857;4.53;0.27;376.61;19.37;1518;55;4073.00;318
10023;36;5810571;10023;562;11542;11861;4.46;0.27;376.58;19.36;1519;55;4074.00;319
10025;36;5810588;10025;573;11543;11861;4.42;0.27;376.66;19.36;1518;55;4075.00;318
10030;36;5810604;10030;581;11547;11865;4.39;0.27;376.86;19.35;1517;55;4076.00;318
10033;36;5810619;10033;585;11548;11866;4.35;0.26;376.92;19.35;1515;55;4077.00;318
10035;36;5810636;10035;599;11548;11866;4.34;0.26;376.91;19.35;1513;55;4078.00;318
10038;36;5810651;10038;608;11548;11866;4.32;0.26;376.90;19.35;1510;55;4079.00;318
10043;36;5810668;10043;622;11570;11895;4.34;0.26;376.90;19.39;1527;55;4080.00;325
10044;36;5810686;10044;616;11571;11895;4.40;0.27;376.89;19.46;1527;55;4081.00;324
10045;36;5810712;10045;612;11574;11895;4.43;0.27;376.91;19.53;1529;55;4082.00;321
10046;36;5810728;10046;617;11576;11896;4.45;0.27;376.96;19.52;1530;55;4083.00;320
10047;36;5810744;10047;613;11578;11897;4.48;0.27;376.94;19.59;1531;55;4084.00;319
10050;36;5810761;10050;622;11578;11897;4.46;0.27;377.00;19.59;1528;55;4085.00;319
10051;36;5810782;10051;620;11580;11900;4.47;0.27;377.04;19.59;1529;55;4086.00;320
10052;36;5810798;10052;628;11581;11900;4.50;0.27;377.08;19.59;1529;55;4087.00;319
10053;36;5810814;10053;627;11581;11900;4.48;0.27;377.15;19.59;1528;55;4088.00;319
10057;36;5810829;10057;621;11582;11900;4.43;0.27;377.23;19.66;1525;55;4089.00;318
10060;36;5810844;10060;627;11587;11906;4.43;0.27;377.23;19.65;1527;55;4090.00;319
10062;36;5810862;10062;629;11588;11906;4.37;0.27;377.27;19.72;1526;55;4091.00;318
10064;36;5810878;10064;631;11588;11906;4.31;0.26;377.29;19.72;1524;55;4092.00;318
10067;36;5810894;10067;636;11590;11906;4.24;0.26;377.36;19.86;1523;55;4093.00;316
10070;36;5810909;10070;639;11593;11910;4.20;0.26;377.30;19.86;1523;55;4094.00;317
10072;36;5810925;10072;643;11595;11912;4.19;0.26;377.25;19.86;1523;56;4095.00;317
10073;36;5810944;10073;648;11597;11912;4.19;0.26;377.31;20.00;1524;56;4096.00;315
10075;36;5810963;10075;656;11598;11913;4.15;0.25;377.40;19.99;1523;56;4097.00;315
10075;36;5810982;10075;662;11598;11913;4.16;0.26;377.40;19.99;1523;56;4098.00;315
10077;36;5810997;10077;658;11600;11913;4.15;0.26;377.44;20.13;1523;56;4099.00;313
10080;36;5811013;10080;668;11600;11913;4.13;0.25;377.44;20.13;1520;56;4100.00;313
10084;36;5811032;10084;670;11600;11913;4.14;0.25;377.47;20.13;1516;56;4101.00;313
10085;36;5811047;10085;677;11602;11913;4.14;0.25;377.52;20.27;1517;56;4102.00;311
10085;36;5811062;10085;679;11602;11913;4.14;0.25;377.52;20.27;1517;56;4103.00;311
10087;36;5811081;10087;691;11635;11983;4.27;0.26;377.55;20.21;1548;56;4104.00;348
10091;36;5811107;10091;686;11635;11984;4.24;0.26;377.56;20.21;1544;56;4105.00;349
10093;36;5811123;10093;686;11642;11984;4.28;0.26;377.61;20.20;1549;56;4106.00;342
10094;36;5811141;10094;682;11646;11984;4.32;0.27;377.62;20.20;1552;56;4107.00;338
10097;36;5811156;10097;679;11652;11984;4.34;0.27;377.63;20.19;1555;56;4108.00;332
10101;36;5811171;10101;674;11654;11984;4.33;0.27;377.63;20.19;1553;56;4109.00;330
10106;36;5811189;10106;670;11658;11984;4.29;0.26;377.70;20.18;1552;56;4110.00;326
10110;37;5811205;10110;671;11660;11984;4.29;0.26;377.75;20.18;1550;57;4111.00;324
10115;37;5811227;10115;668;11662;11985;4.30;0.26;377.66;20.18;1547;57;4112.00;323
10120;37;5811243;10120;670;11664;11986;4.31;0.26;377.95;20.17;1544;57;4113.00;322
10125;37;5811260;10125;668;11666;11986;4.31;0.26;378.00;20.17;1541;57;4114.00;320
10127;37;5811277;10127;670;11669;11990;4.34;0.26;378.08;20.17;1542;57;4115.00;321
10129;37;5811292;10129;665;11669;11990;4.34;0.27;378.11;20.17;1540;57;4116.00;321
10131;37;5811307;10131;671;11669;11990;4.34;0.27;378.27;20.17;1538;57;4117.00;321
10132;37;5811331;10132;676;11669;11990;4.33;0.26;378.36;20.17;1537;57;4118.00;321
10135;37;5811346;10135;672;11674;11996;4.32;0.26;378.36;20.16;1539;57;4119.00;322
10139;37;5811362;10139;670;11674;11996;4.27;0.26;378.39;20.16;1535;57;4120.00;322
10144;37;5811377;10144;674;11674;11996;4.18;0.26;378.49;20.16;1530;57;4121.00;322
10150;37;5811392;10150;672;11676;11999;4.08;0.25;378.53;20.16;1526;57;4122.00;323
10153;37;5811408;10153;682;11676;11999;3.95;0.24;378.60;20.16;1523;57;4123.00;323
10159;37;5811422;10159;686;11677;11999;3.81;0.23;378.60;20.15;1518;57;4124.00;322
10161;37;5811442;10161;677;11677;12000;3.71;0.23;378.56;20.15;1516;57;4125.00;323
10165;37;5811457;10165;671;11678;12001;3.63;0.22;378.59;20.15;1513;57;4126.00;323
10168;37;5811472;10168;660;11678;12001;3.59;0.22;378.60;20.15;1510;57;4127.00;323
10169;37;5811486;10169;664;11689;12014;3.64;0.22;378.61;20.13;1520;57;4128.00;325
10174;37;5811501;10174;663;11690;12014;3.63;0.22;378.74;20.13;1516;57;4129.00;324
10175;37;5811516;10175;663;11690;12014;3.64;0.22;378.78;20.13;1515;57;4130.00;324
10180;37;5811531;10180;666;11691;12015;3.61;0.22;378.83;20.13;1511;57;4131.00;324
10182;37;5811546;10182;665;11691;12015;3.59;0.22;378.89;20.13;1509;57;4132.00;324
10187;37;5811560;10187;663;11695;12019;3.56;0.22;378.90;20.13;1508;57;4133.00;324
10189;37;5811576;10189;665;11696;12019;3.53;0.21;378.89;20.13;1507;57;4134.00;323
10193;37;5811590;10193;672;11699;12023;3.47;0.21;379.02;20.12;1506;57;4135.00;324
10194;37;5811607;10194;682;11699;12023;3.43;0.21;379.02;20.12;1505;57;4136.00;324
10197;37;5811621;10197;688;11699;12023;3.39;0.21;379.12;20.12;1502;57;4137.00;324
10200;37;5811637;10200;698;11700;12023;3.35;0.20;379.18;20.12;1500;57;4138.00;323
10205;37;5811652;10205;700;11701;12023;3.32;0.20;379.26;20.12;1496;57;4139.00;322
10208;37;5811668;10208;709;11727;12057;3.46;0.21;379.32;20.08;1519;57;4140.00;330
10210;37;5811686;10210;714;11727;12057;3.46;0.21;379.38;20.08;1517;57;4141.00;330
10215;37;5811701;10215;712;11728;12057;3.47;0.21;379.51;20.08;1513;57;4142.00;329
10217;37;5811717;10217;717;11728;12057;3.51;0.21;379.60;20.08;1511;57;4143.00;329
10220;37;5811732;10220;715;11729;12057;3.50;0.21;379.61;20.08;1509;57;4144.00;328
10226;37;5811746;10226;720;11729;12057;3.49;0.21;379.58;20.08;1503;57;4145.00;328
10229;37;5811763;10229;719;11729;12058;3.51;0.21;379.62;20.08;1500;57;4146.00;329
10233;37;5811777;10233;719;11729;12058;3.50;0.21;379.56;20.08;1496;57;4147.00;329
10237;37;5811792;10237;722;11733;12064;3.49;0.21;379.61;20.07;1496;57;4148.00;331
10240;37;5811808;10240;720;11734;12065;3.49;0.21;379.60;20.07;1494;57;4149.00;331
10242;37;5811824;10242;718;11734;12065;3.45;0.21;379.62;20.07;1492;57;4150.00;331
10244;37;5811838;10244;719;11734;12065;3.40;0.21;379.66;20.07;1490;57;4151.00;331
10246;37;5811853;10246;720;11738;12069;3.38;0.21;379.67;20.17;1492;57;4152.00;331
10251;37;5811870;10251;713;11738;12069;3.34;0.21;379.72;20.17;1487;57;4153.00;331
10254;37;5811885;10254;710;11738;12069;3.32;0.20;379.63;20.17;1484;57;4154.00;331
10258;37;5811899;10258;721;11739;12070;3.28;0.20;379.70;20.17;1481;57;4155.00;331
10261;37;5811919;10261;725;11742;12074;3.20;0.20;379.67;20.16;1481;57;4156.00;332
10271;37;5811970;10271;737;11742;12074;3.08;0.19;379.65;20.16;1471;57;4157.00;332
10274;37;5811991;10274;739;11743;12077;3.05;0.19;379.59;20.16;1469;57;4158.00;334
10276;37;5812006;10276;728;11743;12077;3.02;0.18;379.58;20.16;1467;57;4159.00;334
10279;37;5812021;10279;732;11743;12077;3.02;0.18;379.57;20.16;1464;57;4160.00;334
10282;37;5812035;10282;733;11743;12077;3.03;0.18;379.55;20.16;1461;57;4161.00;334
10285;37;5812049;10285;732;11746;12081;3.06;0.19;379.59;20.16;1461;57;4162.00;335
10285;37;5812064;10285;740;11747;12081;3.05;0.19;379.59;20.15;1462;57;4163.00;334
10290;37;5812078;10290;737;11747;12081;3.02;0.18;379.50;20.15;1457;57;4164.00;334
10291;37;5812092;10291;748;11747;12081;3.05;0.19;379.52;20.15;1456;57;4165.00;334
10293;37;5812106;10293;748;11747;12082;3.04;0.19;379.52;20.15;1454;57;4166.00;335
10296;37;5812119;10296;748;11747;12083;3.02;0.18;379.52;20.15;1451;57;4167.00;336
10297;37;5812135;10297;749;11747;12083;3.00;0.18;379.53;20.15;1450;57;4168.00;336
10299;37;5812150;10299;755;11748;12084;3.00;0.18;379.52;20.15;1449;57;4169.00;336
10300;37;5812165;10300;752;11748;12084;2.97;0.18;379.53;20.15;1448;57;4170.00;336
10303;37;5812179;10303;746;11748;12084;2.94;0.18;379.47;20.15;1445;57;4171.00;336
10304;37;5812192;10304;738;11748;12084;2.95;0.18;379.44;20.15;1444;57;4172.00;336
10308;37;5812207;10308;734;11751;12086;2.89;0.18;379.38;20.15;1443;57;4173.00;335
10310;37;5812222;10310;739;11751;12086;2.89;0.18;379.39;20.15;1441;57;4174.00;335
10314;37;5812236;10314;738;11752;12086;2.86;0.17;379.35;20.15;1438;57;4175.00;334
10314;37;5812250;10314;756;11819;12213;3.19;0.20;379.35;20.04;1505;57;4176.00;394
10315;37;5812276;10315;743;11823;12214;3.21;0.20;379.35;20.14;1508;57;4177.00;391
10317;37;5812291;10317;733;11828;12214;3.27;0.20;379.34;20.13;1511;57;4178.00;386
10317;37;5812305;10317;738;11831;12214;3.32;0.21;379.34;20.13;1514;57;4179.00;383
10318;37;5812319;10318;736;11834;12214;3.34;0.21;379.32;20.12;1516;57;4180.00;380
10320;37;5812333;10320;720;11837;12214;3.37;0.21;379.33;20.12;1517;57;4181.00;377
10321;37;5812347;10321;712;11840;12214;3.43;0.21;379.33;20.11;1519;57;4182.00;374
10321;37;5812363;10321;694;11842;12214;3.46;0.21;379.33;20.11;1521;57;4183.00;372
10325;37;5812377;10325;685;11843;12215;3.51;0.22;379.39;20.11;1518;57;4184.00;372
10325;37;5812393;10325;683;11846;12217;3.56;0.22;379.39;20.11;1521;57;4185.00;371
10327;37;5812409;10327;678;11847;12217;3.64;0.22;379.43;20.11;1520;57;4186.00;370
10327;37;5812425;10327;673;11848;12218;3.71;0.23;379.43;20.11;1521;57;4187.00;370
10327;37;5812441;10327;670;11848;12218;3.80;0.23;379.43;20.11;1521;57;4188.00;370
10329;37;5812457;10329;664;11849;12218;3.87;0.24;379.45;20.11;1520;57;4189.00;369
10331;37;5812479;10331;661;11852;12218;3.93;0.24;379.47;20.10;1521;57;4190.00;366
10331;37;5812495;10331;649;11855;12222;4.02;0.25;379.47;20.10;1524;57;4191.00;367
10331;37;5812511;10331;644;11857;12222;4.10;0.25;379.47;20.10;1526;57;4192.00;365
10331;37;5812527;10331;644;11858;12222;4.13;0.25;379.47;20.21;1527;57;4193.00;364
10332;37;5812543;10332;640;11859;12225;4.14;0.25;379.55;20.21;1527;57;4194.00;366
10332;37;5812559;10332;633;11860;12225;4.18;0.25;379.55;20.21;1528;57;4195.00;365
10333;37;5812576;10333;621;11860;12225;4.23;0.26;379.54;20.21;1527;57;4196.00;365
10334;37;5812592;10334;627;11863;12229;4.30;0.26;379.55;20.20;1529;57;4197.00;366
10336;37;5812609;10336;624;11865;12230;4.35;0.27;379.52;20.20;1529;57;4198.00;365
10337;37;5812631;10337;627;11867;12230;4.40;0.27;379.48;20.20;1530;57;4199.00;363
10339;37;5812649;10339;629;11878;12264;4.44;0.27;379.48;20.19;1539;57;4200.00;386
10340;37;5812673;10340;616;11879;12264;4.47;0.27;379.48;20.19;1539;57;4201.00;385
10340;37;5812690;10340;618;11881;12264;4.48;0.27;379.48;20.19;1541;57;4202.00;383
10342;37;5812707;10342;613;11881;12265;4.49;0.27;379.51;20.19;1539;57;4203.00;384
10347;37;5812724;10347;619;11884;12265;4.48;0.27;379.72;20.19;1537;57;4204.00;381
10349;37;5812741;10349;611;11888;12271;4.47;0.27;379.77;20.29;1539;57;4205.00;383
10350;37;5812758;10350;614;11891;12271;4.45;0.27;379.81;20.29;1541;57;4206.00;380
10352;37;5812775;10352;613;11892;12272;4.45;0.27;379.88;20.29;1540;57;4207.00;380
10354;37;5812791;10354;611;11894;12272;4.42;0.27;379.90;20.29;1540;57;4208.00;378
10357;37;5812813;10357;614;11895;12272;4.38;0.27;380.03;20.29;1538;57;4209.00;377
10360;37;5812829;10360;617;11895;12272;4.37;0.26;380.25;20.29;1535;57;4210.00;377
10363;37;5812846;10363;622;11898;12272;4.38;0.26;380.23;20.29;1535;57;4211.00;374
10367;37;5812863;10367;626;11906;12284;4.33;0.26;380.24;20.28;1539;57;4212.00;378
10370;37;5812891;10370;622;11908;12284;4.34;0.26;380.40;20.28;1538;57;4213.00;376
10371;37;5812909;10371;627;11911;12284;4.38;0.27;380.41;20.28;1540;57;4214.00;373
10372;37;5812925;10372;627;11911;12284;4.39;0.27;380.49;20.28;1539;57;4215.00;373
10376;37;5812941;10376;625;11911;12284;4.40;0.27;380.49;20.28;1535;57;4216.00;373
10379;37;5812957;10379;618;11914;12284;4.38;0.27;380.58;20.28;1535;57;4217.00;370
10381;37;5812974;10381;625;11918;12288;4.38;0.27;380.74;20.27;1537;57;4218.00;370
10383;37;5812990;10383;615;11919;12288;4.42;0.27;380.75;20.28;1536;57;4219.00;369
10383;37;5813006;10383;612;11922;12292;4.47;0.27;380.75;20.27;1539;57;4220.00;370
10385;37;5813022;10385;609;11922;12293;4.53;0.27;380.75;20.27;1537;57;4221.00;371
10387;37;5813039;10387;603;11923;12293;4.57;0.28;380.76;20.27;1536;57;4222.00;370
10389;37;5813055;10389;605;11924;12293;4.61;0.28;380.78;20.27;1535;57;4223.00;369
10391;37;5813071;10391;608;11933;12306;4.64;0.28;380.79;20.26;1542;57;4224.00;373
10396;37;5813088;10396;605;11933;12306;4.64;0.28;380.91;20.26;1537;57;4225.00;373
10398;37;5813105;10398;598;11934;12306;4.69;0.28;380.96;20.27;1536;57;4226.00;372
10402;37;5813121;10402;602;11937;12307;4.70;0.28;380.95;20.26;1535;57;4227.00;370
10403;37;5813138;10403;601;11937;12308;4.73;0.29;380.96;20.26;1534;57;4228.00;371
10407;37;5813156;10407;608;11939;12308;4.73;0.29;381.07;20.27;1532;57;4229.00;369
10412;37;5813174;10412;607;11946;12314;4.71;0.28;381.23;20.49;1534;57;4230.00;368
10414;37;5813196;10414;604;11946;12314;4.68;0.28;381.23;20.49;1532;57;4231.00;368
10418;37;5813212;10418;605;11947;12314;4.70;0.28;381.33;20.49;1529;57;4232.00;367
10422;37;5813229;10422;607;11947;12314;4.73;0.29;381.54;20.49;1525;57;4233.00;367
10423;37;5813245;10423;609;11950;12320;4.74;0.29;381.59;20.49;1527;57;4234.00;370
10426;37;5813262;10426;614;11953;12320;4.71;0.29;381.69;20.49;1527;57;4235.00;367
10428;37;5813278;10428;621;11954;12320;4.68;0.28;381.71;20.49;1526;57;4236.00;366
10430;37;5813294;10430;616;11955;12320;4.64;0.28;381.67;20.49;1525;57;4237.00;365
10433;37;5813310;10433;622;11958;12324;4.60;0.28;381.75;20.49;1525;57;4238.00;366
10437;37;5813326;10437;633;11958;12325;4.56;0.28;381.93;20.49;1521;57;4239.00;367
10439;37;5813343;10439;636;11958;12325;4.53;0.27;381.99;20.49;1519;57;4240.00;367
10445;37;5813358;10445;636;11960;12326;4.47;0.27;381.94;20.49;1515;57;4241.00;366
10449;37;5813375;10449;642;11961;12326;4.46;0.27;381.92;20.49;1512;57;4242.00;365
10452;37;5813391;10452;645;11961;12326;4.43;0.27;382.09;20.49;1509;57;4243.00;365
10452;37;5813407;10452;653;11961;12326;4.44;0.27;382.09;20.49;1509;57;4244.00;365
10454;37;5813423;10454;653;11961;12326;4.44;0.27;382.13;20.49;1507;57;4245.00;365
10457;37;5813438;10457;654;11961;12326;4.43;0.27;382.23;20.49;1504;57;4246.00;365
10461;37;5813453;10461;658;11963;12326;4.36;0.27;382.31;20.49;1502;57;4247.00;363
10464;37;5813469;10464;663;11996;12396;4.46;0.27;382.33;20.44;1532;57;4248.00;400
10466;37;5813491;10466;666;11996;12397;4.49;0.27;382.41;20.44;1530;57;4249.00;401
10472;37;5813506;10472;661;12001;12397;4.48;0.27;382.43;20.44;1529;57;4250.00;396
10474;37;5813522;10474;665;12007;12397;4.50;0.28;382.53;20.43;1533;57;4251.00;390
10475;37;5813537;10475;668;12011;12397;4.51;0.28;382.53;20.43;1536;57;4252.00;386
10478;37;5813552;10478;666;12016;12397;4.48;0.27;382.54;20.43;1538;57;4253.00;381
10481;37;5813567;10481;675;12018;12397;4.49;0.27;382.75;20.43;1537;57;4254.00;379
10486;37;5813588;10486;673;12021;12397;4.49;0.27;382.96;20.42;1535;57;4255.00;376
10489;37;5813603;10489;678;12022;12398;4.49;0.27;383.04;20.42;1533;57;4256.00;376
10490;38;5813619;10490;674;12024;12399;4.52;0.28;383.07;20.42;1534;58;4257.00;375
10491;38;5813644;10491;670;12025;12399;4.54;0.28;383.05;20.42;1534;58;4258.00;374
10496;38;5813659;10496;672;12028;12403;4.48;0.27;383.16;20.42;1532;58;4259.00;375
10496;38;5813677;10496;675;12028;12403;4.47;0.27;383.16;20.42;1532;58;4260.00;375
10498;38;5813692;10498;679;12028;12403;4.46;0.27;383.35;20.42;1530;58;4261.00;375
10499;38;5813707;10499;683;12028;12403;4.49;0.27;383.39;20.42;1529;58;4262.00;375
10504;38;5813723;10504;686;12032;12409;4.50;0.27;383.49;20.41;1528;58;4263.00;377
10506;38;5813739;10506;694;12032;12409;4.53;0.28;383.54;20.41;1526;58;4264.00;377
10508;38;5813755;10508;691;12032;12409;4.55;0.28;383.60;20.41;1524;58;4265.00;377
10509;38;5813771;10509;698;12033;12412;4.56;0.28;383.61;20.41;1524;58;4266.00;379
10514;38;5813788;10514;699;12033;12412;4.50;0.27;383.65;20.41;1519;58;4267.00;379
10516;38;5813804;10516;700;12033;12412;4.47;0.27;383.69;20.41;1517;58;4268.00;379
10521;38;5813818;10521;701;12033;12413;4.37;0.27;383.84;20.41;1512;58;4269.00;380
10524;38;5813834;10524;702;12034;12414;4.33;0.26;383.89;20.41;1510;58;4270.00;380
10528;38;5813849;10528;710;12034;12414;4.24;0.26;383.91;20.41;1506;58;4271.00;380
10533;38;5813864;10533;715;12044;12427;4.20;0.26;383.96;20.39;1511;58;4272.00;383
10536;38;5813880;10536;709;12044;12427;4.17;0.25;384.18;20.39;1508;58;4273.00;383
10539;38;5813894;10539;702;12044;12427;4.13;0.25;384.16;20.39;1505;58;4274.00;383
10540;38;5813908;10540;708;12045;12429;4.14;0.25;384.20;20.39;1505;58;4275.00;384
10545;38;5813924;10545;703;12045;12429;4.08;0.25;384.22;20.39;1500;58;4276.00;384
10549;38;5813939;10549;697;12049;12433;4.08;0.25;384.28;20.38;1500;58;4277.00;384
10551;38;5813954;10551;695;12049;12433;4.05;0.25;384.31;20.38;1498;58;4278.00;384
10553;38;5813968;10553;707;12052;12437;4.00;0.24;384.41;20.38;1499;58;4279.00;385
10553;38;5813983;10553;705;12052;12437;3.97;0.24;384.41;20.38;1499;58;4280.00;385
10556;38;5813997;10556;710;12052;12437;3.93;0.24;384.45;20.38;1496;58;4281.00;385
10560;38;5814011;10560;721;12052;12437;3.86;0.23;384.54;20.38;1492;58;4282.00;385
10562;38;5814026;10562;720;12052;12437;3.84;0.23;384.51;20.38;1490;58;4283.00;385
10564;38;5814040;10564;717;12061;12449;3.84;0.23;384.60;20.36;1497;58;4284.00;388
10566;38;5814055;10566;723;12061;12449;3.79;0.23;384.67;20.36;1495;58;4285.00;388
10569;38;5814068;10569;728;12061;12449;3.72;0.23;384.83;20.36;1492;59;4286.00;388
10573;38;5814090;10573;729;12061;12449;3.66;0.22;384.92;20.36;1488;59;4287.00;388
10577;38;5814104;10577;735;12061;12449;3.57;0.22;385.05;20.36;1484;59;4288.00;388
10582;38;5814117;10582;740;12061;12449;3.48;0.21;385.01;20.36;1479;59;4289.00;388
10586;38;5814133;10586;732;12061;12450;3.40;0.21;385.10;20.36;1475;59;4290.00;389
10586;38;5814149;10586;734;12061;12450;3.36;0.21;385.10;20.36;1475;59;4291.00;389
10589;38;5814162;10589;735;12065;12456;3.35;0.21;385.13;20.36;1476;59;4292.00;391
10592;38;5814177;10592;737;12065;12457;3.30;0.20;385.23;20.36;1473;59;4293.00;392
10594;38;5814190;10594;732;12065;12457;3.25;0.20;385.25;20.36;1471;59;4294.00;392
10595;38;5814204;10595;740;12065;12457;3.22;0.20;385.26;20.36;1470;59;4295.00;392
10598;38;5814218;10598;740;12068;12461;3.22;0.20;385.25;20.35;1470;59;4296.00;393
10600;38;5814231;10600;737;12068;12461;3.17;0.20;385.26;20.35;1468;59;4297.00;393
10605;38;5814245;10605;740;12068;12461;3.14;0.19;385.32;20.35;1463;59;4298.00;393
10608;38;5814259;10608;737;12069;12462;3.13;0.19;385.34;20.35;1461;59;4299.00;393
10610;38;5814273;10610;734;12072;12466;3.12;0.19;385.33;20.34;1462;59;4300.00;394
10611;38;5814291;10611;727;12072;12466;3.09;0.19;385.32;20.34;1461;59;4301.00;394
10616;38;5814304;10616;723;12073;12469;3.04;0.19;385.24;20.34;1457;59;4302.00;396
10617;38;5814319;10617;713;12073;12469;3.02;0.19;385.24;20.34;1456;59;4303.00;396
10622;38;5814333;10622;712;12073;12469;2.99;0.18;385.21;20.34;1451;59;4304.00;396
10626;38;5814346;10626;711;12073;12469;2.98;0.18;385.14;20.34;1447;59;4305.00;396
10629;38;5814360;10629;710;12076;12473;2.98;0.18;385.07;20.34;1447;59;4306.00;397
10633;38;5814373;10633;708;12076;12473;2.95;0.18;385.07;20.34;1443;59;4307.00;397
10637;38;5814387;10637;707;12076;12473;2.94;0.18;385.00;20.34;1439;59;4308.00;397
10643;38;5814401;10643;710;12076;12473;2.91;0.18;384.99;20.34;1433;59;4309.00;397
10644;38;5814415;10644;708;12076;12474;2.94;0.18;385.00;20.34;1432;59;4310.00;398
10647;38;5814428;10647;710;12076;12475;2.94;0.18;385.08;20.34;1429;59;4311.00;399
10651;38;5814442;10651;713;12076;12475;2.92;0.18;384.99;20.34;1425;59;4312.00;399
10655;38;5814456;10655;717;12077;12476;2.93;0.18;384.90;20.34;1422;59;4313.00;399
10658;38;5814469;10658;717;12077;12476;2.94;0.18;384.89;20.34;1419;59;4314.00;399
10660;38;5814483;10660;721;12077;12476;2.97;0.18;384.85;20.34;1417;59;4315.00;399
10665;38;5814496;10665;721;12077;12476;2.93;0.18;384.78;20.34;1412;59;4316.00;399
10671;38;5814510;10671;726;12077;12476;2.87;0.18;384.88;20.34;1406;59;4317.00;399
10673;38;5814523;10673;732;12078;12476;2.83;0.17;384.81;20.45;1405;59;4318.00;398
10675;38;5814538;10675;738;12078;12476;2.81;0.17;384.82;20.45;1403;59;4319.00;398
10677;38;5814552;10677;760;12189;12706;3.24;0.21;384.81;20.27;1512;59;4320.00;517
10680;38;5814582;10680;754;12193;12707;3.26;0.21;384.86;20.26;1513;59;4321.00;514
10681;38;5814597;10681;757;12200;12707;3.34;0.21;384.84;20.25;1519;59;4322.00;507
10685;38;5814612;10685;756;12207;12707;3.35;0.21;384.84;20.24;1522;59;4323.00;500
10688;38;5814626;10688;755;12214;12707;3.39;0.21;384.88;20.23;1526;59;4324.00;493
10689;38;5814641;10689;748;12221;12707;3.38;0.21;384.89;20.22;1532;59;4325.00;486
10690;38;5814655;10690;749;12226;12707;3.38;0.21;384.90;20.22;1536;59;4326.00;481
10692;38;5814670;10692;748;12230;12707;3.35;0.21;384.92;20.21;1538;59;4327.00;477
10695;38;5814685;10695;751;12234;12708;3.30;0.21;385.04;20.21;1539;59;4328.00;474
10697;38;5814700;10697;753;12237;12709;3.24;0.20;385.07;20.21;1540;59;4329.00;472
10698;38;5814715;10698;740;12238;12709;3.24;0.20;385.07;20.21;1540;59;4330.00;471
10701;38;5814729;10701;742;12242;12710;3.19;0.20;385.10;20.20;1541;59;4331.00;468
10707;38;5814745;10707;738;12244;12710;3.10;0.19;385.14;20.20;1537;59;4332.00;466
10709;38;5814759;10709;733;12246;12710;3.11;0.19;385.22;20.33;1537;59;4333.00;464
10709;38;5814775;10709;738;12248;12710;3.12;0.19;385.22;20.32;1539;59;4334.00;462
10711;38;5814789;10711;736;12249;12714;3.11;0.19;385.20;20.32;1538;59;4335.00;465
10714;38;5814804;10714;738;12250;12714;3.14;0.19;385.22;20.32;1536;59;4336.00;464
10714;38;5814820;10714;741;12250;12714;3.19;0.20;385.22;20.32;1536;59;4337.00;464
10715;39;5814841;10715;740;12253;12717;3.23;0.20;385.21;20.45;1538;60;4338.00;464
10717;39;5814866;10717;738;12254;12717;3.23;0.20;385.27;20.45;1537;60;4339.00;463
10717;39;5814887;10717;743;12255;12717;3.27;0.20;385.27;20.45;1538;60;4340.00;462
10720;39;5814904;10720;748;12258;12721;3.27;0.20;385.25;20.45;1538;60;4341.00;463
10722;39;5814925;10722;749;12259;12722;3.31;0.20;385.25;20.45;1537;60;4342.00;463
10723;39;5814941;10723;753;12260;12722;3.33;0.20;385.31;20.45;1537;60;4343.00;462
10724;39;5814956;10724;763;12262;12726;3.37;0.21;385.29;20.45;1538;60;4344.00;464
10726;39;5814972;10726;763;12264;12726;3.39;0.21;385.36;20.46;1538;60;4345.00;462
10728;39;5814987;10728;756;12266;12726;3.39;0.21;385.33;20.46;1538;60;4346.00;460
10729;40;5815004;10729;757;12266;12727;3.43;0.21;385.29;20.46;1537;61;4347.00;461
10729;40;5815036;10729;744;12267;12727;3.49;0.21;385.29;20.47;1538;61;4348.00;460
10731;40;5815051;10731;735;12271;12733;3.55;0.22;385.35;20.47;1540;61;4349.00;462
10733;40;5815069;10733;737;12273;12733;3.59;0.22;385.35;20.60;1540;61;4350.00;460
10733;40;5815086;10733;722;12274;12734;3.65;0.22;385.35;20.61;1541;61;4351.00;460
10738;40;5815102;10738;718;12274;12734;3.65;0.22;385.44;20.61;1536;61;4352.00;460
10739;40;5815119;10739;715;12275;12734;3.67;0.22;385.49;20.61;1536;61;4353.00;459
10742;40;5815135;10742;724;12276;12734;3.68;0.22;385.59;20.62;1534;61;4354.00;458
10746;40;5815154;10746;723;12276;12734;3.70;0.22;385.62;20.62;1530;61;4355.00;458
10748;40;5815170;10748;720;12285;12746;3.75;0.23;385.65;20.60;1537;61;4356.00;461
10748;40;5815187;10748;714;12285;12746;3.80;0.23;385.65;20.60;1537;61;4357.00;461
10751;40;5815203;10751;708;12285;12746;3.82;0.23;385.67;20.60;1534;61;4358.00;461
10753;40;5815220;10753;695;12285;12746;3.84;0.23;385.82;20.60;1532;61;4359.00;461
10755;40;5815237;10755;692;12285;12746;3.90;0.24;385.82;20.60;1530;61;4360.00;461
10757;40;5815253;10757;679;12287;12746;3.90;0.24;385.97;20.61;1530;61;4361.00;459
10758;40;5815274;10758;671;12290;12750;3.92;0.24;386.00;20.61;1532;61;4362.00;460
10759;40;5815290;10759;664;12290;12750;3.96;0.24;386.05;20.61;1531;61;4363.00;460
10761;40;5815307;10761;661;12292;12754;4.01;0.24;386.03;20.61;1531;61;4364.00;462
10763;40;5815323;10763;655;12294;12756;4.06;0.25;386.07;20.72;1531;62;4365.00;462
10765;40;5815347;10765;658;12294;12756;4.10;0.25;386.16;20.72;1529;62;4366.00;462
10769;40;5815364;10769;658;12294;12756;4.11;0.25;386.23;20.72;1525;62;4367.00;462
10774;40;5815380;10774;655;12303;12769;4.19;0.25;386.31;20.71;1529;62;4368.00;466
10774;40;5815397;10774;656;12303;12769;4.24;0.26;386.31;20.71;1529;62;4369.00;466
10778;40;5815413;10778;658;12304;12769;4.26;0.26;386.46;20.71;1526;62;4370.00;465
10779;40;5815429;10779;658;12305;12770;4.29;0.26;386.46;20.71;1526;62;4371.00;465
10779;40;5815445;10779;665;12306;12771;4.30;0.26;386.46;20.72;1527;62;4372.00;465
10782;40;5815460;10782;672;12307;12771;4.27;0.26;386.51;20.73;1525;62;4373.00;464
10783;40;5815478;10783;675;12308;12774;4.28;0.26;386.60;20.72;1525;62;4374.00;466
10783;40;5815494;10783;676;12309;12774;4.27;0.26;386.60;20.73;1526;62;4375.00;465
10786;40;5815510;10786;672;12309;12774;4.23;0.26;386.74;20.73;1523;62;4376.00;465
10791;40;5815526;10791;683;12311;12774;4.21;0.26;386.82;20.74;1520;62;4377.00;463
10794;40;5815543;10794;680;12314;12780;4.24;0.26;386.87;20.74;1520;62;4378.00;466
10796;40;5815559;10796;676;12314;12780;4.25;0.26;387.04;20.74;1518;62;4379.00;466
10797;40;5815579;10797;673;12315;12780;4.25;0.26;387.01;20.75;1518;62;4380.00;465
10800;40;5815596;10800;666;12317;12780;4.23;0.26;387.19;20.76;1517;62;4381.00;463
10806;40;5815613;10806;664;12321;12784;4.19;0.25;387.32;20.88;1515;62;4382.00;463
10808;40;5815630;10808;667;12322;12785;4.19;0.25;387.31;20.88;1514;62;4383.00;463
10810;40;5815647;10810;663;12323;12785;4.21;0.26;387.43;20.88;1513;62;4384.00;462
10812;40;5815663;10812;657;12324;12786;4.23;0.26;387.38;20.88;1512;62;4385.00;462
10817;40;5815679;10817;652;12326;12786;4.21;0.26;387.52;20.90;1509;62;4386.00;460
10821;40;5815695;10821;647;12326;12786;4.20;0.25;387.57;20.90;1505;62;4387.00;460
10823;40;5815711;10823;641;12326;12786;4.21;0.25;387.58;20.90;1503;62;4388.00;460
10825;40;5815727;10825;640;12326;12786;4.25;0.26;387.61;20.90;1501;62;4389.00;460
10829;40;5815742;10829;627;12328;12786;4.30;0.26;387.63;20.91;1499;62;4390.00;458
10832;40;5815757;10832;619;12328;12786;4.36;0.26;387.73;20.91;1496;62;4391.00;458
10836;40;5815774;10836;621;12359;12856;4.37;0.27;387.78;20.86;1523;62;4392.00;497
10842;40;5815795;10842;613;12360;12857;4.39;0.27;387.94;20.87;1518;62;4393.00;497
10844;40;5815811;10844;603;12362;12857;4.45;0.27;387.94;20.86;1518;62;4394.00;495
10849;40;5815827;10849;612;12368;12857;4.46;0.27;388.07;20.95;1519;62;4395.00;489
10854;40;5815848;10854;615;12368;12857;4.48;0.27;388.14;20.95;1514;62;4396.00;489
10855;40;5815864;10855;611;12370;12857;4.53;0.28;388.13;20.95;1515;62;4397.00;487
10859;40;5815880;10859;611;12370;12857;4.55;0.28;388.14;20.95;1511;62;4398.00;487
10862;40;5815896;10862;613;12372;12857;4.54;0.28;388.25;20.95;1510;62;4399.00;485
10863;40;5815913;10863;616;12374;12858;4.59;0.28;388.28;20.94;1511;62;4400.00;484
10867;40;5815932;10867;619;12376;12859;4.59;0.28;388.38;20.94;1509;62;4401.00;483
10872;40;5815949;10872;626;12379;12859;4.51;0.27;388.39;20.95;1507;62;4402.00;480
10875;40;5815964;10875;623;12387;12863;4.46;0.27;388.45;20.94;1512;62;4403.00;476
10877;40;5815981;10877;627;12387;12863;4.42;0.27;388.45;20.94;1510;62;4404.00;476
10879;40;5815997;10879;622;12387;12863;4.43;0.27;388.44;20.94;1508;62;4405.00;476
10883;40;5816013;10883;635;12388;12863;4.37;0.27;388.48;20.95;1505;62;4406.00;475
10884;40;5816029;10884;644;12392;12869;4.35;0.26;388.52;20.94;1508;62;4407.00;477
10887;40;5816046;10887;647;12394;12869;4.29;0.26;388.66;20.95;1507;62;4408.00;475
10887;40;5816062;10887;666;12394;12869;4.28;0.26;388.66;20.95;1507;62;4409.00;475
10889;40;5816081;10889;669;12399;12875;4.29;0.26;388.71;20.96;1510;62;4410.00;476
10890;40;5816097;10890;671;12401;12875;4.27;0.26;388.82;20.96;1511;62;4411.00;474
10893;40;5816113;10893;675;12402;12875;4.26;0.26;388.85;20.96;1509;62;4412.00;473
10894;40;5816136;10894;679;12403;12876;4.28;0.26;388.82;20.97;1509;62;4413.00;473
10900;40;5816154;10900;686;12404;12877;4.25;0.26;388.88;20.96;1504;62;4414.00;473
10902;40;5816170;10902;687;12405;12877;4.22;0.26;388.97;20.97;1503;62;4415.00;472
10903;40;5816186;10903;704;12413;12890;4.22;0.26;389.07;20.96;1510;62;4416.00;477
10906;40;5816204;10906;702;12414;12890;4.20;0.26;389.09;20.96;1508;62;4417.00;476
10908;40;5816220;10908;704;12415;12890;4.20;0.26;389.09;20.97;1507;62;4418.00;475
10910;40;5816237;10910;708;12415;12891;4.19;0.26;389.18;20.97;1505;62;4419.00;476
10914;40;5816253;10914;712;12416;12891;4.18;0.25;389.26;20.98;1502;62;4420.00;475
10917;40;5816269;10917;711;12419;12895;4.16;0.25;389.45;20.97;1502;62;4421.00;476
10919;40;5816285;10919;701;12420;12895;4.13;0.25;389.42;20.97;1501;62;4422.00;475
10925;40;5816300;10925;702;12423;12899;4.03;0.25;389.40;20.97;1498;62;4423.00;476
10929;40;5816316;10929;709;12423;12899;3.96;0.24;389.66;20.97;1494;62;4424.00;476
10930;40;5816336;10930;704;12424;12899;3.97;0.24;389.70;20.97;1494;62;4425.00;475
10933;40;5816353;10933;710;12426;12899;3.95;0.24;389.79;20.98;1493;62;4426.00;473
10934;40;5816368;10934;717;12427;12899;3.96;0.24;389.79;20.97;1493;63;4427.00;472
10938;40;5816390;10938;725;12436;12911;4.03;0.25;389.92;20.96;1498;63;4428.00;475
10939;40;5816407;10939;726;12437;12911;4.04;0.25;389.91;20.96;1498;63;4429.00;474
10940;40;5816422;10940;732;12437;12911;4.02;0.25;389.90;20.96;1497;63;4430.00;474
10942;40;5816436;10942;740;12437;12911;4.01;0.25;390.01;20.96;1495;63;4431.00;474
10945;40;5816451;10945;742;12437;12911;3.99;0.25;390.03;20.96;1492;63;4432.00;474
10947;40;5816466;10947;748;12437;12911;3.96;0.24;390.06;20.96;1490;63;4433.00;474
10950;40;5816481;10950;751;12437;12912;3.94;0.24;390.12;20.96;1487;63;4434.00;475
10954;40;5816495;10954;761;12437;12912;3.88;0.24;390.16;20.96;1483;63;4435.00;475
10957;40;5816509;10957;767;12441;12918;3.85;0.24;390.22;20.95;1484;63;4436.00;477
10962;40;5816525;10962;771;12441;12919;3.78;0.23;390.41;20.95;1479;63;4437.00;478
10962;40;5816540;10962;768;12441;12919;3.72;0.23;390.41;20.95;1479;63;4438.00;478
10965;40;5816553;10965;773;12441;12919;3.64;0.22;390.42;20.95;1476;63;4439.00;478
10966;40;5816568;10966;772;12445;12924;3.65;0.22;390.40;20.95;1479;63;4440.00;479
10966;40;5816584;10966;775;12445;12924;3.60;0.22;390.40;20.95;1479;63;4441.00;479
10969;40;5816598;10969;769;12445;12924;3.60;0.22;390.50;20.95;1476;63;4442.00;479
10973;40;5816613;10973;775;12446;12925;3.62;0.22;390.49;20.94;1473;63;4443.00;479
10974;40;5816628;10974;774;12447;12929;3.64;0.22;390.47;20.94;1473;63;4444.00;482
10976;40;5816643;10976;777;12447;12929;3.61;0.22;390.55;20.94;1471;63;4445.00;482
10980;40;5816657;10980;774;12448;12932;3.57;0.22;390.61;20.94;1468;63;4446.00;484
10982;40;5816671;10982;769;12448;12932;3.52;0.22;390.64;20.94;1466;63;4447.00;484
10984;40;5816685;10984;766;12448;12932;3.49;0.21;390.65;20.94;1464;63;4448.00;484
10984;40;5816698;10984;768;12448;12932;3.52;0.22;390.65;20.94;1464;63;4449.00;484
10988;40;5816712;10988;766;12452;12936;3.55;0.22;390.58;20.94;1464;63;4450.00;484
10992;40;5816726;10992;763;12452;12936;3.55;0.22;390.49;20.94;1460;63;4451.00;484
10994;40;5816740;10994;756;12452;12936;3.51;0.21;390.46;20.94;1458;63;4452.00;484
10996;40;5816753;10996;751;12452;12936;3.47;0.21;390.41;20.94;1456;63;4453.00;484
11001;40;5816767;11001;748;12452;12937;3.40;0.21;390.33;20.94;1451;63;4454.00;485
11005;40;5816780;11005;739;12452;12939;3.35;0.20;390.47;20.94;1447;63;4455.00;487
11006;40;5816794;11006;729;12452;12939;3.35;0.20;390.44;20.94;1446;63;4456.00;487
11008;40;5816807;11008;728;12453;12940;3.37;0.21;390.43;20.93;1445;63;4457.00;487
11013;40;5816820;11013;734;12453;12940;3.36;0.21;390.40;20.93;1440;63;4458.00;487
11015;40;5816833;11015;723;12453;12940;3.38;0.21;390.37;20.93;1438;63;4459.00;487
11019;40;5816846;11019;717;12453;12940;3.37;0.21;390.38;20.93;1434;63;4460.00;487
11021;40;5816859;11021;708;12453;12940;3.36;0.21;390.35;20.93;1432;63;4461.00;487
11023;40;5816873;11023;703;12453;12940;3.34;0.20;390.32;20.93;1430;63;4462.00;487
11025;40;5816886;11025;694;12453;12940;3.33;0.20;390.32;20.93;1428;63;4463.00;487
11027;40;5816900;11027;686;12509;13067;3.70;0.23;390.26;20.84;1482;63;4464.00;558
11029;40;5816925;11029;686;12512;13068;3.68;0.23;390.30;20.84;1483;63;4465.00;556
11030;40;5816940;11030;684;12519;13068;3.77;0.23;390.27;20.83;1489;63;4466.00;549
11033;40;5816954;11033;684;12521;13068;3.73;0.23;390.24;20.82;1488;63;4467.00;547
11036;40;5816968;11036;682;12525;13068;3.72;0.23;390.20;20.82;1489;63;4468.00;543
11036;40;5816981;11036;680;12527;13068;3.69;0.23;390.20;20.81;1491;63;4469.00;541
11040;40;5816997;11040;683;12530;13068;3.67;0.23;390.17;20.81;1490;63;4470.00;538
11042;40;5817012;11042;677;12531;13068;3.69;0.23;390.16;20.81;1489;63;4471.00;537
11044;40;5817031;11044;685;12533;13069;3.69;0.23;390.13;20.81;1489;63;4472.00;536
11049;40;5817046;11049;675;12535;13070;3.69;0.23;390.08;20.81;1486;63;4473.00;535
11049;40;5817060;11049;678;12537;13070;3.77;0.23;390.08;20.80;1488;63;4474.00;533
11053;40;5817076;11053;680;12539;13071;3.81;0.24;390.04;20.80;1486;63;4475.00;532
11057;40;5817096;11057;674;12541;13071;3.82;0.24;389.98;20.80;1484;63;4476.00;530
11060;40;5817111;11060;668;12543;13071;3.87;0.24;390.01;20.80;1483;63;4477.00;528
11063;40;5817127;11063;667;12543;13071;3.87;0.24;389.97;20.80;1480;63;4478.00;528
11069;40;5817141;11069;658;12547;13075;3.90;0.24;389.97;20.80;1478;63;4479.00;528
11069;40;5817159;11069;656;12548;13075;3.92;0.24;389.97;20.80;1479;63;4480.00;527
11071;40;5817174;11071;649;12548;13075;3.88;0.24;389.98;20.80;1477;63;4481.00;527
11075;40;5817190;11075;651;12550;13078;3.87;0.24;389.99;20.80;1475;63;4482.00;528
11078;40;5817205;11078;652;12550;13078;3.87;0.24;389.98;20.80;1472;63;4483.00;528
11080;40;5817226;11080;646;12550;13078;3.86;0.24;389.99;20.80;1470;63;4484.00;528
11083;40;5817241;11083;650;12552;13082;3.85;0.24;390.01;20.80;1469;63;4485.00;530
11087;40;5817257;11087;651;12553;13083;3.84;0.24;390.00;20.79;1466;63;4486.00;530
11090;40;5817272;11090;653;12553;13083;3.84;0.24;389.99;20.79;1463;63;4487.00;530
11093;40;5817287;11093;660;12557;13087;3.86;0.24;389.98;20.79;1464;63;4488.00;530
11097;40;5817303;11097;649;12557;13087;3.84;0.24;389.93;20.79;1460;63;4489.00;530
11099;40;5817318;11099;646;12558;13087;3.86;0.24;389.93;20.79;1459;63;4490.00;529
11103;40;5817332;11103;645;12558;13088;3.82;0.23;389.97;20.79;1455;63;4491.00;530
11107;40;5817349;11107;643;12559;13088;3.81;0.23;390.05;20.79;1452;63;4492.00;529
11110;40;5817363;11110;643;12564;13094;3.82;0.23;390.02;20.78;1454;63;4493.00;530
11112;40;5817384;11112;644;12565;13094;3.83;0.23;390.02;20.79;1453;63;4494.00;529
11115;40;5817398;11115;635;12565;13095;3.79;0.23;389.98;20.79;1450;63;4495.00;530
11119;40;5817413;11119;646;12566;13095;3.73;0.23;390.04;20.79;1447;63;4496.00;529
11121;40;5817427;11121;640;12566;13095;3.69;0.22;390.07;20.79;1445;63;4497.00;529
11124;40;5817441;11124;642;12566;13095;3.68;0.22;390.10;20.79;1442;63;4498.00;529
11127;40;5817456;11127;640;12567;13095;3.68;0.22;390.16;20.79;1440;63;4499.00;528
11128;40;5817472;11128;644;12586;13145;3.76;0.23;390.16;20.75;1458;63;4500.00;559
11128;40;5817495;11128;642;12589;13147;3.74;0.23;390.16;20.75;1461;63;4501.00;558
11133;40;5817510;11133;631;12592;13147;3.76;0.23;390.36;20.75;1459;63;4502.00;555
11136;40;5817526;11136;629;12593;13147;3.77;0.23;390.42;20.76;1457;63;4503.00;554
11138;40;5817541;11138;625;12598;13147;3.81;0.23;390.40;20.76;1460;63;4504.00;549
11142;40;5817556;11142;617;12598;13147;3.83;0.23;390.48;20.76;1456;63;4505.00;549
11143;40;5817571;11143;614;12602;13151;3.85;0.24;390.47;20.88;1459;63;4506.00;549
11146;40;5817588;11146;616;12603;13151;3.83;0.23;390.45;20.88;1457;63;4507.00;548
11149;40;5817603;11149;621;12605;13155;3.83;0.23;390.46;20.88;1456;63;4508.00;550
11151;40;5817619;11151;619;12607;13156;3.83;0.23;390.44;20.90;1456;63;4509.00;549
11153;40;5817634;11153;631;12610;13156;3.84;0.24;390.46;20.90;1457;63;4510.00;546
11153;40;5817649;11153;625;12611;13156;3.80;0.23;390.46;20.90;1458;63;4511.00;545
11155;40;5817664;11155;611;12621;13169;3.85;0.24;390.50;20.90;1466;63;4512.00;548
11159;40;5817680;11159;615;12622;13169;3.85;0.24;390.58;20.90;1463;63;4513.00;547
11159;40;5817701;11159;611;12622;13169;3.93;0.24;390.58;20.90;1463;63;4514.00;547
11163;40;5817716;11163;619;12625;13170;3.94;0.24;390.80;20.93;1462;63;4515.00;545
11165;40;5817732;11165;606;12626;13171;3.99;0.24;390.88;20.94;1461;63;4516.00;545
11168;40;5817748;11168;607;12628;13171;3.99;0.24;390.87;20.95;1460;63;4517.00;543
11170;40;5817764;11170;608;12630;13174;3.99;0.24;391.01;20.97;1460;63;4518.00;544
11170;40;5817781;11170;603;12632;13174;4.00;0.24;391.01;20.98;1462;63;4519.00;542
11172;40;5817797;11172;609;12633;13174;4.02;0.25;391.11;20.99;1461;63;4520.00;541
11174;40;5817812;11174;612;12634;13174;4.03;0.25;391.20;21.01;1460;63;4521.00;540
11176;40;5817829;11176;613;12638;13180;4.04;0.25;391.31;21.13;1462;63;4522.00;542
11178;40;5817845;11178;620;12640;13180;4.05;0.25;391.53;21.16;1462;63;4523.00;540
11179;40;5817860;11179;613;12641;13180;4.04;0.25;391.60;21.16;1462;63;4524.00;539
11180;40;5817876;11180;614;12644;13180;4.07;0.25;391.69;21.19;1464;63;4525.00;536
11183;40;5817892;11183;603;12647;13184;4.09;0.25;391.70;21.19;1464;63;4526.00;537
11186;40;5817908;11186;597;12649;13185;4.10;0.25;391.66;21.22;1463;63;4527.00;536
11190;40;5817924;11190;606;12650;13185;4.16;0.25;391.70;21.23;1460;63;4528.00;535
11192;40;5817939;11192;602;12652;13186;4.18;0.25;391.76;21.24;1460;63;4529.00;534
11192;40;5817962;11192;606;12654;13186;4.20;0.26;391.76;21.24;1462;63;4530.00;532
11194;40;5817977;11194;599;12656;13186;4.23;0.26;391.78;21.27;1462;64;4531.00;530
11197;40;5817997;11197;600;12658;13186;4.21;0.25;391.81;21.46;1461;65;4532.00;528
11203;40;5818021;11203;596;12659;13186;4.20;0.25;391.85;21.59;1456;65;4533.00;527
11204;40;5818037;11204;601;12660;13186;4.19;0.25;391.83;21.61;1456;65;4534.00;526
11206;40;5818052;11206;604;12661;13186;4.18;0.25;391.91;21.62;1455;65;4535.00;525
11207;40;5818066;11207;619;12698;13256;4.16;0.25;391.90;21.58;1491;65;4536.00;558
11209;40;5818087;11209;610;12699;13257;4.17;0.25;392.00;21.60;1490;65;4537.00;558
11211;40;5818102;11211;601;12704;13257;4.22;0.26;392.13;21.61;1493;65;4538.00;553
11212;40;5818118;11212;605;12704;13257;4.27;0.26;392.15;21.61;1492;65;4539.00;553
11212;40;5818133;11212;604;12708;13257;4.33;0.26;392.15;21.64;1496;65;4540.00;549
11214;40;5818150;11214;608;12710;13257;4.39;0.27;392.13;21.63;1496;65;4541.00;547
11214;40;5818167;11214;605;12715;13257;4.45;0.27;392.13;21.63;1501;65;4542.00;542
11220;40;5818183;11220;608;12718;13257;4.43;0.27;392.27;21.65;1498;65;4543.00;539
11221;40;5818199;11221;607;12723;13258;4.46;0.27;392.30;21.66;1502;65;4544.00;535
11222;40;5818215;11222;606;12728;13260;4.48;0.27;392.35;21.68;1506;65;4545.00;532
11224;40;5818231;11224;596;12729;13260;4.51;0.28;392.40;21.68;1505;65;4546.00;531
11227;40;5818248;11227;593;12733;13264;4.49;0.27;392.51;21.69;1506;65;4547.00;531
11230;40;5818265;11230;595;12734;13264;4.47;0.27;392.55;21.70;1504;65;4548.00;530
11233;40;5818282;11233;589;12736;13264;4.46;0.27;392.60;21.84;1503;65;4549.00;528
11235;40;5818297;11235;578;12736;13264;4.49;0.28;392.65;21.84;1501;65;4550.00;528
11237;40;5818313;11237;580;12739;13270;4.54;0.28;392.75;21.84;1502;65;4551.00;531
11240;40;5818330;11240;580;12740;13270;4.53;0.28;392.85;21.85;1500;65;4552.00;530
11242;40;5818345;11242;575;12740;13270;4.57;0.28;392.87;21.85;1498;65;4553.00;530
11250;40;5818362;11250;575;12742;13273;4.57;0.28;392.98;21.86;1492;65;4554.00;531
11254;40;5818379;11254;575;12744;13273;4.56;0.28;393.06;21.86;1490;65;4555.00;529
11257;40;5818395;11257;574;12744;13273;4.58;0.28;393.08;21.86;1487;65;4556.00;529
11261;40;5818411;11261;570;12744;13274;4.60;0.28;393.11;21.86;1483;65;4557.00;530
11265;40;5818427;11265;567;12746;13275;4.61;0.28;393.10;21.87;1481;65;4558.00;529
11269;40;5818444;11269;570;12746;13275;4.63;0.28;393.15;21.87;1477;65;4559.00;529
11275;40;5818461;11275;564;12762;13301;4.62;0.28;393.20;21.99;1487;65;4560.00;539
11278;40;5818479;11278;559;12762;13301;4.60;0.28;393.25;21.99;1484;65;4561.00;539
11286;40;5818494;11286;563;12766;13301;4.51;0.27;393.42;22.11;1480;65;4562.00;535
11288;40;5818511;11288;568;12767;13302;4.48;0.27;393.40;22.10;1479;65;4563.00;535
11294;40;5818525;11294;574;12768;13302;4.41;0.27;393.50;22.10;1474;65;4564.00;534
11298;40;5818541;11298;576;12770;13306;4.37;0.27;393.48;22.10;1472;65;4565.00;536
11299;40;5818557;11299;584;12771;13306;4.37;0.27;393.58;22.10;1472;65;4566.00;535
11300;40;5818572;11300;584;12774;13310;4.37;0.27;393.57;22.09;1474;65;4567.00;536
11302;40;5818587;11302;589;12775;13310;4.34;0.26;393.72;22.11;1473;65;4568.00;535
11305;40;5818602;11305;599;12776;13310;4.34;0.26;393.87;22.10;1471;65;4569.00;534
11308;40;5818618;11308;594;12776;13310;4.35;0.26;394.03;22.10;1468;65;4570.00;534
11308;40;5818633;11308;600;12778;13310;4.38;0.27;394.03;22.11;1470;65;4571.00;532
11310;40;5818647;11310;599;12787;13322;4.41;0.27;394.12;22.09;1477;65;4572.00;535
11311;40;5818663;11311;609;12788;13322;4.37;0.27;394.22;22.09;1477;65;4573.00;534
11315;40;5818678;11315;609;12789;13322;4.29;0.26;394.38;22.09;1474;65;4574.00;533
11318;40;5818694;11318;617;12789;13322;4.23;0.26;394.60;22.09;1471;65;4575.00;533
11322;40;5818709;11322;628;12789;13322;4.17;0.25;394.77;22.09;1467;65;4576.00;533
11324;40;5818724;11324;636;12790;13322;4.11;0.25;394.79;22.10;1466;65;4577.00;532
11327;40;5818739;11327;641;12790;13323;4.08;0.25;394.95;22.10;1463;65;4578.00;533
11329;40;5818754;11329;650;12790;13323;4.06;0.25;395.00;22.10;1461;65;4579.00;533
11332;40;5818768;11332;658;12794;13329;4.06;0.25;395.17;22.10;1462;65;4580.00;535
11333;40;5818789;11333;660;12794;13330;4.10;0.25;395.25;22.10;1461;65;4581.00;536
11333;40;5818805;11333;665;12794;13330;4.11;0.25;395.25;22.10;1461;65;4582.00;536
11335;40;5818819;11335;673;12794;13330;4.08;0.25;395.20;22.10;1459;65;4583.00;536
11336;40;5818834;11336;672;12797;13334;4.10;0.25;395.27;22.09;1461;65;4584.00;537
11338;40;5818849;11338;675;12797;13334;4.07;0.25;395.37;22.09;1459;65;4585.00;537
11339;40;5818863;11339;677;12797;13334;4.06;0.25;395.45;22.09;1458;65;4586.00;537
11341;40;5818878;11341;683;12798;13335;4.07;0.25;395.57;22.09;1457;65;4587.00;537
11344;40;5818893;11344;673;12801;13339;4.06;0.25;395.63;22.08;1457;65;4588.00;538
11345;40;5818913;11345;676;12801;13339;4.03;0.25;395.60;22.08;1456;65;4589.00;538
11349;40;5818930;11349;684;12805;13345;3.99;0.24;395.63;22.08;1456;65;4590.00;540
11353;40;5818944;11353;693;12805;13345;3.94;0.24;395.60;22.08;1452;65;4591.00;540
11353;40;5818958;11353;694;12805;13345;3.92;0.24;395.60;22.08;1452;65;4592.00;540
11356;40;5818972;11356;691;12805;13345;3.86;0.24;395.53;22.08;1449;65;4593.00;540
11358;40;5818987;11358;696;12808;13349;3.84;0.24;395.49;22.07;1450;65;4594.00;541
11361;40;5819001;11361;703;12808;13349;3.81;0.23;395.46;22.07;1447;66;4595.00;541
11365;40;5819024;11365;702;12808;13349;3.71;0.23;395.45;22.07;1443;66;4596.00;541
11366;40;5819038;11366;703;12808;13349;3.65;0.22;395.42;22.07;1442;66;4597.00;541
11368;40;5819052;11368;710;12808;13350;3.59;0.22;395.42;22.07;1440;66;4598.00;542
11370;40;5819065;11370;716;12808;13351;3.57;0.22;395.44;22.07;1438;66;4599.00;543
11370;40;5819080;11370;723;12808;13351;3.52;0.22;395.44;22.07;1438;66;4600.00;543
11372;40;5819096;11372;726;12809;13352;3.48;0.21;395.43;22.07;1437;66;4601.00;543
11373;40;5819111;11373;731;12809;13352;3.44;0.21;395.41;22.07;1436;66;4602.00;543
11376;40;5819124;11376;730;12809;13352;3.40;0.21;395.38;22.07;1433;66;4603.00;543
11377;40;5819137;11377;724;12809;13352;3.40;0.21;395.36;22.07;1432;66;4604.00;543
11378;40;5819152;11378;722;12809;13352;3.40;0.21;395.33;22.07;1431;66;4605.00;543
11380;40;5819167;11380;712;12809;13352;3.42;0.21;395.27;22.07;1429;66;4606.00;543
11381;40;5819180;11381;713;12809;13352;3.39;0.21;395.28;22.07;1428;66;4607.00;543
11383;40;5819194;11383;728;12868;13479;3.69;0.23;395.27;21.97;1485;66;4608.00;611
11386;40;5819218;11386;715;12871;13480;3.68;0.23;395.19;21.97;1485;66;4609.00;609
11387;40;5819231;11387;712;12878;13480;3.70;0.23;395.19;21.95;1491;66;4610.00;602
11388;40;5819245;11388;706;12881;13480;3.70;0.23;395.21;21.95;1493;66;4611.00;599
11391;40;5819259;11391;699;12884;13480;3.68;0.23;395.16;21.95;1493;66;4612.00;596
11393;40;5819272;11393;700;12887;13480;3.67;0.23;395.12;21.94;1494;66;4613.00;593
11395;40;5819286;11395;696;12889;13480;3.63;0.22;395.09;21.94;1494;66;4614.00;591
11397;40;5819300;11397;697;12892;13480;3.60;0.22;395.08;21.94;1495;66;4615.00;588
11400;40;5819315;11400;693;12893;13481;3.58;0.22;395.09;21.93;1493;66;4616.00;588
11402;40;5819329;11402;703;12895;13482;3.51;0.22;395.06;21.93;1493;66;4617.00;587
11402;40;5819343;11402;704;12897;13482;3.45;0.21;395.06;21.93;1495;66;4618.00;585
11406;40;5819356;11406;710;12898;13483;3.35;0.21;395.03;21.93;1492;66;4619.00;585
11408;40;5819372;11408;702;12900;13483;3.28;0.20;395.00;21.93;1492;66;4620.00;583
11409;40;5819385;11409;703;12900;13483;3.22;0.20;395.00;21.93;1491;66;4621.00;583
11411;40;5819399;11411;705;12901;13483;3.16;0.19;394.99;21.93;1490;66;4622.00;582
11414;40;5819413;11414;706;12903;13487;3.13;0.19;395.03;21.93;1489;66;4623.00;584
11417;40;5819428;11417;694;12904;13487;3.13;0.19;395.04;21.92;1487;66;4624.00;583
11418;40;5819443;11418;685;12905;13487;3.15;0.19;395.06;21.92;1487;66;4625.00;582
11419;40;5819457;11419;672;12906;13490;3.19;0.19;395.05;21.92;1487;66;4626.00;584
11420;40;5819472;11420;660;12906;13490;3.23;0.20;395.06;21.92;1486;66;4627.00;584
11423;40;5819488;11423;651;12906;13490;3.23;0.20;395.02;21.92;1483;66;4628.00;584
11423;40;5819504;11423;641;12907;13494;3.28;0.20;395.02;21.92;1484;66;4629.00;587
11427;40;5819519;11427;630;12908;13495;3.29;0.20;395.04;21.92;1481;66;4630.00;587
11430;40;5819540;11430;622;12908;13495;3.31;0.20;395.03;21.92;1478;66;4631.00;587
11433;40;5819555;11433;611;12910;13499;3.42;0.21;395.06;21.92;1477;66;4632.00;589
11435;40;5819570;11435;607;12911;13499;3.52;0.21;395.03;21.91;1476;66;4633.00;588
11437;40;5819586;11437;604;12911;13499;3.57;0.22;395.06;21.91;1474;66;4634.00;588
11439;40;5819600;11439;600;12911;13501;3.61;0.22;395.04;21.91;1472;66;4635.00;590
11443;40;5819621;11443;597;12911;13501;3.61;0.22;394.98;21.91;1468;66;4636.00;590
11444;40;5819636;11444;596;12914;13507;3.70;0.23;394.95;21.91;1470;66;4637.00;593
11448;40;5819652;11448;592;12914;13507;3.76;0.23;394.88;21.91;1466;66;4638.00;593
11451;40;5819668;11451;593;12914;13508;3.81;0.23;394.88;21.91;1463;66;4639.00;594
11451;40;5819684;11451;585;12914;13508;3.90;0.24;394.88;21.91;1463;66;4640.00;594
11455;40;5819698;11455;586;12915;13508;3.96;0.24;394.89;21.91;1460;66;4641.00;593
11460;40;5819715;11460;586;12915;13508;4.01;0.24;394.89;21.91;1455;66;4642.00;593
11461;40;5819730;11461;587;12915;13508;4.07;0.25;394.85;21.91;1454;66;4643.00;593
11464;40;5819744;11464;577;12923;13520;4.14;0.25;394.81;21.90;1459;66;4644.00;597
11467;40;5819760;11467;573;12923;13520;4.18;0.25;394.92;21.90;1456;66;4645.00;597
11470;40;5819776;11470;568;12923;13520;4.18;0.25;394.87;21.90;1453;66;4646.00;597
11474;40;5819792;11474;564;12923;13520;4.14;0.25;394.84;21.90;1449;66;4647.00;597
11476;40;5819807;11476;567;12925;13520;4.12;0.25;394.98;21.90;1449;66;4648.00;595
11485;40;5819822;11485;563;12925;13520;4.09;0.25;395.15;21.90;1440;66;4649.00;595
11490;40;5819839;11490;559;12928;13526;4.09;0.25;395.12;21.89;1438;66;4650.00;598
11494;40;5819855;11494;558;12929;13526;4.07;0.25;395.26;21.90;1435;66;4651.00;597
11499;40;5819870;11499;559;12933;13530;4.03;0.24;395.28;21.89;1434;66;4652.00;597
11505;40;5819887;11505;557;12934;13531;4.01;0.24;395.36;21.89;1429;66;4653.00;597
11507;40;5819902;11507;551;12934;13531;4.07;0.25;395.42;21.89;1427;66;4654.00;597
11510;40;5819918;11510;551;12935;13531;4.11;0.25;395.45;21.89;1425;66;4655.00;596
11512;40;5819934;11512;551;12945;13544;4.13;0.25;395.56;21.87;1433;66;4656.00;599
11514;40;5819950;11514;540;12947;13544;4.15;0.25;395.68;21.87;1433;66;4657.00;597
11518;40;5819965;11518;548;12947;13544;4.19;0.25;395.65;21.87;1429;66;4658.00;597
11521;40;5819979;11521;542;12948;13545;4.19;0.25;395.65;21.87;1427;66;4659.00;597
11525;40;5819994;11525;539;12948;13546;4.22;0.26;395.70;21.87;1423;66;4660.00;598
11528;40;5820013;11528;531;12949;13546;4.25;0.26;395.74;21.89;1421;66;4661.00;597
11533;40;5820029;11533;535;12950;13549;4.23;0.26;395.76;21.89;1417;66;4662.00;599
11535;40;5820045;11535;532;12950;13549;4.21;0.25;395.77;21.89;1415;66;4663.00;599
11538;40;5820060;11538;528;12950;13549;4.19;0.25;395.79;21.89;1412;66;4664.00;599
11542;40;5820075;11542;525;12950;13549;4.14;0.25;395.86;21.89;1408;66;4665.00;599
11542;40;5820106;11542;521;12955;13555;4.14;0.25;395.86;21.92;1413;66;4666.00;600
11545;40;5820126;11545;522;12955;13555;4.14;0.25;395.87;21.92;1410;66;4667.00;600
11548;40;5820141;11548;520;12955;13555;4.10;0.25;395.94;21.92;1407;66;4668.00;600
11553;40;5820159;11553;510;12956;13555;4.07;0.25;395.96;21.95;1403;66;4669.00;599
11556;40;5820176;11556;507;12960;13559;4.07;0.25;396.10;21.96;1404;66;4670.00;599
11557;40;5820192;11557;503;12962;13560;4.10;0.25;396.10;22.11;1405;66;4671.00;598
11560;40;5820208;11560;506;12962;13560;4.13;0.25;396.18;22.11;1402;66;4672.00;598
11563;40;5820224;11563;511;12963;13561;4.16;0.25;396.28;22.11;1400;66;4673.00;598
11566;40;5820240;11566;515;12964;13561;4.18;0.25;396.31;22.13;1398;66;4674.00;597
11569;40;5820255;11569;516;12966;13561;4.19;0.26;396.37;22.17;1397;66;4675.00;595
11574;40;5820271;11574;505;12968;13561;4.22;0.26;396.57;22.19;1394;66;4676.00;593
11577;40;5820287;11577;502;12969;13561;4.25;0.26;396.62;22.21;1392;66;4677.00;592
11581;40;5820302;11581;502;12970;13561;4.24;0.26;396.70;22.21;1389;66;4678.00;591
11582;40;5820323;11582;499;12972;13561;4.23;0.26;396.70;22.24;1390;66;4679.00;589
11584;40;5820340;11584;526;13041;13686;4.31;0.27;396.79;22.13;1457;66;4680.00;645
11587;40;5820364;11587;512;13046;13687;4.35;0.27;396.94;22.16;1459;66;4681.00;641
11589;40;5820380;11589;514;13048;13687;4.38;0.27;397.00;22.16;1459;66;4682.00;639
11591;40;5820396;11591;520;13052;13687;4.39;0.27;397.06;22.17;1461;66;4683.00;635
11593;40;5820413;11593;524;13054;13687;4.43;0.27;397.06;22.17;1461;66;4684.00;633
11595;40;5820428;11595;529;13055;13687;4.45;0.27;397.03;22.17;1460;66;4685.00;632
11595;40;5820444;11595;526;13058;13687;4.46;0.27;397.03;22.20;1463;66;4686.00;629
11599;40;5820460;11599;516;13058;13687;4.43;0.27;397.19;22.20;1459;66;4687.00;629
11601;40;5820476;11601;524;13060;13688;4.42;0.27;397.26;22.20;1459;66;4688.00;628
11606;40;5820492;11606;515;13061;13689;4.39;0.27;397.43;22.33;1455;66;4689.00;628
11609;40;5820508;11609;524;13066;13689;4.39;0.27;397.54;22.34;1457;66;4690.00;623
11609;40;5820531;11609;520;13069;13693;4.33;0.26;397.54;22.33;1460;66;4691.00;624
11609;40;5820548;11609;527;13070;13693;4.31;0.26;397.54;22.33;1461;66;4692.00;623
11612;40;5820563;11612;537;13071;13693;4.27;0.26;397.61;22.35;1459;66;4693.00;622
11613;40;5820580;11613;543;13073;13693;4.23;0.26;397.61;22.35;1460;66;4694.00;620
11615;40;5820596;11615;542;13077;13699;4.21;0.26;397.60;22.35;1462;66;4695.00;622
11617;40;5820613;11617;533;13077;13699;4.26;0.26;397.62;22.35;1460;66;4696.00;622
11619;40;5820630;11619;545;13077;13699;4.29;0.26;397.64;22.35;1458;66;4697.00;622
11621;40;5820645;11621;551;13079;13702;4.30;0.26;397.65;22.36;1458;66;4698.00;623
11627;40;5820662;11627;554;13080;13702;4.30;0.26;397.74;22.36;1453;67;4699.00;622
11627;40;5820683;11627;548;13080;13702;4.36;0.27;397.74;22.36;1453;67;4700.00;622
11629;40;5820703;11629;548;13080;13703;4.38;0.27;397.78;22.36;1451;67;4701.00;623
11632;40;5820719;11632;550;13082;13704;4.39;0.27;397.82;22.38;1450;67;4702.00;622
11634;40;5820736;11634;558;13083;13704;4.39;0.27;397.88;22.38;1449;67;4703.00;621
11635;40;5820751;11635;561;13093;13717;4.41;0.27;397.88;22.39;1458;67;4704.00;624
11637;40;5820768;11637;566;13094;13717;4.38;0.27;397.95;22.38;1457;67;4705.00;623
11638;40;5820785;11638;563;13096;13717;4.37;0.27;397.95;22.40;1458;67;4706.00;621
11642;40;5820802;11642;562;13096;13718;4.34;0.27;398.02;22.40;1454;67;4707.00;622
11642;40;5820818;11642;564;13097;13718;4.33;0.26;398.02;22.42;1455;67;4708.00;621
11643;40;5820835;11643;563;13100;13722;4.33;0.26;398.04;22.44;1457;67;4709.00;622
11647;40;5820854;11647;560;13100;13722;4.26;0.26;398.13;22.44;1453;67;4710.00;622
11648;40;5820869;11648;567;13104;13726;4.24;0.26;398.11;22.45;1456;67;4711.00;622
11649;40;5820886;11649;578;13105;13726;4.18;0.26;398.10;22.47;1456;67;4712.00;621
11656;40;5820900;11656;575;13106;13726;4.12;0.25;398.18;22.47;1450;67;4713.00;620
11657;40;5820915;11657;582;13107;13726;4.09;0.25;398.18;22.59;1450;67;4714.00;619
11657;40;5820930;11657;576;13108;13726;4.09;0.25;398.18;22.61;1451;67;4715.00;618
11660;40;5820944;11660;575;13119;13738;4.11;0.25;398.22;22.61;1459;67;4716.00;619
11661;40;5820960;11661;566;13119;13738;4.13;0.25;398.24;22.61;1458;67;4717.00;619
11666;40;5820979;11666;563;13120;13738;4.14;0.25;398.34;22.63;1454;67;4718.00;618
11670;40;5820994;11670;569;13121;13738;4.14;0.25;398.52;22.64;1451;67;4719.00;617
11672;40;5821009;11672;565;13121;13738;4.17;0.26;398.52;22.64;1449;67;4720.00;617
11674;40;5821024;11674;567;13122;13738;4.19;0.26;398.55;22.66;1448;67;4721.00;616
11678;40;5821038;11678;563;13123;13739;4.17;0.25;398.65;22.68;1445;67;4722.00;616
11681;40;5821052;11681;563;13123;13739;4.15;0.25;398.60;22.68;1442;67;4723.00;616
11682;40;5821067;11682;558;13129;13745;4.21;0.26;398.62;22.71;1447;67;4724.00;616
11687;40;5821084;11687;556;13131;13747;4.19;0.26;398.64;22.81;1444;67;4725.00;616
11691;40;5821104;11691;555;13132;13747;4.13;0.25;398.65;22.83;1441;67;4726.00;615
11694;40;5821120;11694;553;13133;13747;4.10;0.25;398.73;22.85;1439;67;4727.00;614
11695;40;5821135;11695;555;13137;13751;4.13;0.25;398.72;22.86;1442;67;4728.00;614
11695;40;5821151;11695;562;13137;13751;4.12;0.25;398.72;22.86;1442;67;4729.00;614
11701;40;5821168;11701;569;13137;13751;4.07;0.25;398.86;22.86;1436;67;4730.00;614
11704;40;5821183;11704;573;13138;13752;4.05;0.25;398.89;22.86;1434;67;4731.00;614
11708;40;5821199;11708;583;13142;13756;4.02;0.25;398.91;22.87;1434;67;4732.00;614
11710;40;5821215;11710;591;13142;13756;3.98;0.24;398.94;22.87;1432;67;4733.00;614
11711;40;5821231;11711;601;13144;13759;3.94;0.24;399.00;22.89;1433;67;4734.00;615
11713;40;5821246;11713;609;13144;13759;3.87;0.24;399.08;22.89;1431;67;4735.00;615
11715;40;5821261;11715;613;13145;13759;3.82;0.23;399.05;22.91;1430;67;4736.00;614
11718;40;5821275;11718;615;13145;13759;3.75;0.23;399.08;22.91;1427;67;4737.00;614
11719;40;5821289;11719;622;13148;13763;3.76;0.23;399.06;22.91;1429;67;4738.00;615
11722;40;5821305;11722;625;13148;13763;3.74;0.23;399.08;22.91;1426;67;4739.00;615
11725;40;5821321;11725;633;13148;13763;3.67;0.23;399.13;22.91;1423;67;4740.00;615
11726;40;5821336;11726;636;13148;13763;3.65;0.22;399.10;22.91;1422;67;4741.00;615
11729;40;5821350;11729;641;13148;13764;3.60;0.22;399.11;22.91;1419;67;4742.00;616
11731;40;5821365;11731;642;13149;13765;3.58;0.22;399.12;23.01;1418;67;4743.00;616
11733;40;5821379;11733;653;13149;13765;3.51;0.22;399.24;23.01;1416;67;4744.00;616
11735;40;5821393;11735;648;13150;13766;3.48;0.21;399.22;23.01;1415;67;4745.00;616
11737;40;5821407;11737;652;13150;13766;3.43;0.21;399.21;23.01;1413;67;4746.00;616
11739;40;5821422;11739;657;13150;13766;3.40;0.21;399.18;23.01;1411;67;4747.00;616
11741;40;5821434;11741;655;13150;13766;3.38;0.21;399.20;23.01;1409;67;4748.00;616
11743;40;5821458;11743;655;13150;13766;3.34;0.21;399.14;23.01;1407;67;4749.00;616
11744;40;5821477;11744;668;13150;13766;3.30;0.20;399.11;23.01;1406;67;4750.00;616
11747;40;5821491;11747;670;13150;13766;3.26;0.20;399.11;23.01;1403;67;4751.00;616
11749;40;5821505;11749;682;13212;13893;3.53;0.22;399.19;22.90;1463;67;4752.00;681
11750;40;5821527;11750;683;13215;13894;3.53;0.22;399.20;22.90;1465;67;4753.00;679
11754;40;5821546;11754;676;13222;13894;3.53;0.22;399.23;22.89;1468;67;4754.00;672
11756;40;5821560;11756;682;13223;13894;3.51;0.22;399.20;22.89;1467;67;4755.00;671
11757;40;5821573;11757;683;13228;13894;3.54;0.22;399.21;22.88;1471;67;4756.00;666
11759;40;5821587;11759;687;13229;13894;3.55;0.22;399.31;22.88;1470;67;4757.00;665
11761;40;5821601;11761;691;13231;13894;3.57;0.22;399.30;22.87;1470;67;4758.00;663
11761;40;5821615;11761;692;13232;13894;3.58;0.22;399.30;22.87;1471;67;4759.00;662
11762;40;5821634;11762;693;13234;13895;3.62;0.23;399.38;22.87;1472;67;4760.00;661
11764;40;5821648;11764;699;13235;13896;3.63;0.23;399.37;22.87;1471;67;4761.00;661
11766;40;5821662;11766;697;13236;13896;3.62;0.22;399.40;22.87;1470;67;4762.00;660
11767;40;5821676;11767;708;13238;13897;3.63;0.23;399.41;22.87;1471;67;4763.00;659
11767;40;5821690;11767;707;13240;13897;3.62;0.22;399.41;22.87;1473;67;4764.00;657
11772;40;5821705;11772;712;13242;13897;3.58;0.22;399.48;22.86;1470;67;4765.00;655
11774;40;5821719;11774;712;13243;13897;3.53;0.22;399.47;22.86;1469;67;4766.00;654
11775;40;5821733;11775;722;13246;13901;3.52;0.22;399.47;22.86;1471;67;4767.00;655
11778;40;5821747;11778;720;13248;13901;3.49;0.22;399.38;22.86;1470;67;4768.00;653
11778;40;5821760;11778;730;13249;13901;3.47;0.21;399.38;22.86;1471;67;4769.00;652
11781;40;5821777;11781;725;13251;13907;3.43;0.21;399.42;22.85;1470;67;4770.00;656
11781;40;5821791;11781;714;13252;13907;3.43;0.21;399.42;22.85;1471;67;4771.00;655
11782;40;5821806;11782;693;13254;13907;3.43;0.21;399.41;22.85;1472;67;4772.00;653
11784;40;5821820;11784;686;13257;13911;3.46;0.21;399.44;22.85;1473;67;4773.00;654
11787;40;5821834;11787;678;13258;13912;3.52;0.22;399.43;22.84;1471;67;4774.00;654
11789;40;5821850;11789;677;13258;13912;3.55;0.22;399.51;22.84;1469;67;4775.00;654
11789;40;5821864;11789;669;13261;13916;3.61;0.22;399.51;22.84;1472;67;4776.00;655
11790;40;5821878;11790;667;13261;13916;3.62;0.22;399.50;22.84;1471;67;4777.00;655
11792;40;5821900;11792;673;13261;13916;3.63;0.22;399.44;22.84;1469;67;4778.00;655
11793;40;5821914;11793;670;13261;13917;3.62;0.22;399.53;22.84;1468;67;4779.00;656
11795;40;5821928;11795;676;13261;13917;3.60;0.22;399.52;22.84;1466;67;4780.00;656
11796;40;5821943;11796;679;13265;13923;3.58;0.22;399.49;22.83;1469;67;4781.00;658
11798;40;5821957;11798;673;13265;13923;3.56;0.22;399.51;22.83;1467;67;4782.00;658
11800;40;5821971;11800;678;13265;13924;3.52;0.21;399.49;22.83;1465;67;4783.00;659
11801;40;5821985;11801;683;13265;13924;3.52;0.21;399.47;22.83;1464;67;4784.00;659
11804;40;5821999;11804;663;13265;13924;3.50;0.21;399.42;22.83;1461;67;4785.00;659
11806;40;5822014;11806;654;13265;13924;3.54;0.21;399.40;22.83;1459;67;4786.00;659
11807;40;5822028;11807;640;13265;13924;3.57;0.22;399.41;22.83;1458;67;4787.00;659
11809;40;5822042;11809;638;13274;13936;3.58;0.22;399.43;22.82;1465;67;4788.00;662
11811;40;5822057;11811;634;13274;13936;3.63;0.22;399.41;22.82;1463;67;4789.00;662
11813;40;5822071;11813;627;13274;13936;3.67;0.22;399.39;22.82;1461;67;4790.00;662
11817;40;5822085;11817;623;13274;13936;3.69;0.22;399.43;22.82;1457;67;4791.00;662
11818;40;5822099;11818;610;13274;13936;3.76;0.23;399.44;22.82;1456;67;4792.00;662
11822;40;5822113;11822;595;13274;13936;3.81;0.23;399.46;22.82;1452;67;4793.00;662
11827;40;5822128;11827;590;13277;13940;3.84;0.23;399.41;22.81;1450;67;4794.00;663
11830;40;5822143;11830;582;13277;13940;3.88;0.23;399.44;22.81;1447;67;4795.00;663
11833;40;5822159;11833;586;13280;13944;3.92;0.24;399.38;22.81;1447;67;4796.00;664
11837;40;5822176;11837;580;13280;13945;3.96;0.24;399.37;22.81;1443;67;4797.00;665
11839;40;5822192;11839;579;13280;13945;3.97;0.24;399.34;22.81;1441;67;4798.00;665
11842;40;5822207;11842;576;13280;13945;3.98;0.24;399.38;22.81;1438;67;4799.00;665
11845;40;5822225;11845;574;13300;13986;4.04;0.24;399.39;22.77;1455;67;4800.00;686
11849;40;5822247;11849;562;13302;13986;4.12;0.25;399.33;22.77;1453;67;4801.00;684
11851;40;5822264;11851;559;13304;13986;4.16;0.25;399.41;22.77;1453;67;4802.00;682
11855;40;5822279;11855;548;13304;13987;4.18;0.25;399.41;22.77;1449;67;4803.00;683
11857;40;5822294;11857;533;13304;13988;4.25;0.26;399.46;22.77;1447;67;4804.00;684
11859;40;5822311;11859;527;13306;13988;4.33;0.26;399.55;22.76;1447;67;4805.00;682
11863;40;5822326;11863;513;13307;13991;4.36;0.26;399.64;22.76;1444;67;4806.00;684
11863;40;5822342;11863;507;13307;13991;4.42;0.27;399.64;22.76;1444;67;4807.00;684
11866;40;5822357;11866;507;13308;13991;4.44;0.27;399.71;22.76;1442;67;4808.00;683
11868;40;5822373;11868;505;13308;13991;4.44;0.27;399.72;22.76;1440;67;4809.00;683
11872;40;5822388;11872;505;13311;13997;4.45;0.27;399.84;22.76;1439;67;4810.00;686
11877;40;5822404;11877;505;13313;13997;4.47;0.27;399.94;22.75;1436;67;4811.00;684
11880;40;5822420;11880;502;13313;13997;4.49;0.27;399.99;22.75;1433;67;4812.00;684
11883;40;5822436;11883;500;13313;13997;4.52;0.27;400.12;22.75;1430;67;4813.00;684
11890;40;5822451;11890;501;13316;14001;4.54;0.28;400.27;22.75;1426;67;4814.00;685
11891;40;5822467;11891;510;13318;14003;4.58;0.28;400.27;22.77;1427;67;4815.00;685
11895;40;5822482;11895;511;13318;14003;4.59;0.28;400.29;22.77;1423;67;4816.00;685
11899;40;5822498;11899;508;13319;14004;4.62;0.28;400.51;22.77;1420;67;4817.00;685
11901;40;5822513;11901;501;13319;14004;4.66;0.28;400.59;22.77;1418;67;4818.00;685
11907;40;5822529;11907;498;13319;14004;4.68;0.28;400.74;22.77;1412;67;4819.00;685
11911;40;5822546;11911;497;13320;14004;4.65;0.28;400.86;22.80;1409;67;4820.00;684
11916;40;5822561;11916;495;13320;14004;4.64;0.28;400.98;22.80;1404;67;4821.00;684
11918;40;5822577;11918;495;13320;14004;4.68;0.29;401.02;22.80;1402;67;4822.00;684
11926;40;5822594;11926;491;13321;14004;4.62;0.28;401.09;22.82;1395;67;4823.00;683
11930;40;5822609;11930;501;13360;14074;4.62;0.28;401.10;22.78;1430;67;4824.00;714
11934;40;5822631;11934;492;13360;14075;4.67;0.28;401.16;22.78;1426;67;4825.00;715
11938;40;5822647;11938;497;13362;14075;4.66;0.28;401.20;22.80;1424;67;4826.00;713
11941;40;5822663;11941;487;13363;14075;4.64;0.28;401.34;22.83;1422;67;4827.00;712
11945;40;5822679;11945;496;13365;14077;4.66;0.28;401.38;22.85;1420;67;4828.00;712
11950;40;5822694;11950;495;13366;14077;4.64;0.28;401.36;22.88;1416;67;4829.00;711
11951;40;5822712;11951;499;13367;14077;4.66;0.28;401.41;22.90;1416;67;4830.00;710
11953;40;5822728;11953;503;13367;14077;4.66;0.28;401.40;22.90;1414;67;4831.00;710
11958;40;5822743;11958;500;13369;14078;4.58;0.28;401.40;23.06;1411;67;4832.00;709
11960;40;5822761;11960;499;13371;14079;4.59;0.28;401.43;23.11;1411;67;4833.00;708
11965;40;5822777;11965;504;13373;14079;4.52;0.28;401.44;23.11;1408;67;4834.00;706
11967;40;5822793;11967;503;13378;14083;4.50;0.27;401.62;23.15;1411;67;4835.00;705
11972;40;5822809;11972;511;13380;14083;4.48;0.27;401.59;23.17;1408;67;4836.00;703
11978;40;5822827;11978;519;13382;14083;4.47;0.27;401.82;23.20;1404;67;4837.00;701
11983;40;5822843;11983;525;13384;14083;4.44;0.27;402.13;23.24;1401;67;4838.00;699
11985;40;5822860;11985;524;13389;14089;4.42;0.27;402.26;23.24;1404;67;4839.00;700
11989;40;5822876;11989;523;13392;14089;4.41;0.27;402.29;23.28;1403;67;4840.00;697
11991;40;5822892;11991;519;13392;14089;4.38;0.27;402.36;23.28;1401;67;4841.00;697
11992;40;5822909;11992;508;13393;14092;4.40;0.27;402.33;23.28;1401;67;4842.00;699
11995;40;5822924;11995;504;13396;14092;4.43;0.27;402.43;23.32;1401;67;4843.00;696
11998;40;5822939;11998;494;13398;14092;4.44;0.27;402.51;23.37;1400;67;4844.00;694
11999;40;5822962;11999;496;13402;14093;4.42;0.27;402.55;23.39;1403;67;4845.00;691
12000;40;5822978;12000;495;13403;14094;4.45;0.27;402.55;23.39;1403;67;4846.00;691
12002;40;5822994;12002;504;13403;14094;4.44;0.27;402.60;23.39;1401;67;4847.00;691
12005;40;5823011;12005;512;13414;14107;4.41;0.27;402.72;23.55;1409;67;4848.00;693
12008;40;5823028;12008;512;13418;14107;4.41;0.27;402.86;23.57;1410;67;4849.00;689
12009;40;5823043;12009;507;13418;14107;4.41;0.27;402.84;23.57;1409;67;4850.00;689
12010;40;5823059;12010;518;13422;14108;4.43;0.27;402.81;23.59;1412;67;4851.00;686
12012;40;5823075;12012;519;13424;14108;4.44;0.27;402.82;23.64;1412;67;4852.00;684
12015;40;5823097;12015;520;13429;14112;4.50;0.27;402.86;23.65;1414;67;4853.00;683
12018;40;5823114;12018;523;13430;14112;4.54;0.28;402.91;23.66;1412;67;4854.00;682
12019;40;5823130;12019;521;13434;14116;4.57;0.28;402.95;23.65;1415;67;4855.00;682
12021;40;5823146;12021;521;13436;14116;4.59;0.28;402.97;23.67;1415;67;4856.00;680
12023;40;5823162;12023;515;13437;14116;4.59;0.28;402.97;23.69;1414;67;4857.00;679
12026;40;5823180;12026;517;13438;14116;4.59;0.28;403.02;23.69;1412;67;4858.00;678
12026;40;5823196;12026;517;13439;14116;4.58;0.28;403.02;23.72;1413;67;4859.00;677
12030;40;5823214;12030;510;13465;14150;4.59;0.28;403.19;23.70;1435;67;4860.00;685
12033;40;5823232;12033;507;13465;14150;4.60;0.28;403.23;23.70;1432;67;4861.00;685
12037;40;5823249;12037;511;13469;14150;4.58;0.28;403.35;23.72;1432;67;4862.00;681
12040;40;5823264;12040;503;13471;14150;4.57;0.28;403.40;23.84;1431;67;4863.00;679
12043;40;5823280;12043;511;13473;14150;4.55;0.28;403.48;23.84;1430;67;4864.00;677
12045;40;5823295;12045;510;13475;14150;4.52;0.28;403.57;23.86;1430;67;4865.00;675
12045;40;5823312;12045;510;13476;14151;4.54;0.28;403.57;23.86;1431;67;4866.00;675
12049;40;5823327;12049;504;13480;14151;4.52;0.27;403.58;23.92;1431;67;4867.00;671
12050;40;5823343;12050;506;13484;14157;4.49;0.27;403.62;23.91;1434;67;4868.00;673
12056;40;5823360;12056;511;13484;14158;4.45;0.27;403.81;23.91;1428;67;4869.00;674
12057;40;5823375;12057;522;13485;14158;4.43;0.27;403.79;23.93;1428;67;4870.00;673
12058;40;5823391;12058;526;13486;14158;4.39;0.27;403.88;23.95;1428;67;4871.00;672
12059;40;5823408;12059;528;13489;14162;4.38;0.27;403.89;23.97;1430;67;4872.00;673
12061;40;5823425;12061;537;13490;14162;4.37;0.27;403.87;23.98;1429;67;4873.00;672
12062;40;5823446;12062;546;13491;14162;4.34;0.26;403.91;24.00;1429;67;4874.00;671
12066;40;5823462;12066;545;13493;14163;4.32;0.26;404.07;24.02;1427;67;4875.00;670
12066;40;5823477;12066;532;13496;14167;4.30;0.26;404.07;24.02;1430;67;4876.00;671
12066;40;5823492;12066;536;13497;14167;4.27;0.26;404.07;24.03;1431;67;4877.00;670
12067;40;5823507;12067;533;13499;14170;4.27;0.26;404.16;24.05;1432;67;4878.00;671
12068;40;5823522;12068;538;13499;14170;4.24;0.26;404.17;24.05;1431;67;4879.00;671
12072;40;5823537;12072;545;13500;14170;4.21;0.26;404.15;24.07;1428;67;4880.00;670
12075;40;5823552;12075;546;13500;14170;4.21;0.26;404.22;24.07;1425;67;4881.00;670
12076;40;5823567;12076;540;13504;14174;4.25;0.26;404.21;24.06;1428;67;4882.00;670
12079;40;5823587;12079;539;13506;14174;4.28;0.26;404.28;24.10;1427;67;4883.00;668
12081;40;5823603;12081;544;13506;14174;4.26;0.26;404.27;24.10;1425;67;4884.00;668
12084;40;5823618;12084;544;13507;14174;4.24;0.26;404.39;24.12;1423;67;4885.00;667
12084;40;5823633;12084;544;13507;14175;4.27;0.26;404.39;24.12;1423;67;4886.00;668
12087;40;5823648;12087;545;13508;14176;4.27;0.26;404.41;24.14;1421;67;4887.00;668
12088;40;5823663;12088;540;13510;14176;4.28;0.26;404.41;24.29;1422;67;4888.00;666
12095;40;5823678;12095;542;13511;14177;4.22;0.26;404.43;24.29;1416;67;4889.00;666
12096;40;5823695;12096;545;13512;14177;4.22;0.26;404.42;24.31;1416;67;4890.00;665
12101;40;5823710;12101;547;13513;14177;4.19;0.25;404.35;24.44;1412;67;4891.00;664
12106;40;5823725;12106;548;13514;14177;4.16;0.25;404.31;24.46;1408;67;4892.00;663
12108;40;5823741;12108;548;13514;14177;4.11;0.25;404.42;24.46;1406;67;4893.00;663
12112;40;5823756;12112;554;13514;14177;4.09;0.25;404.42;24.46;1402;67;4894.00;663
12113;40;5823772;12113;557;13514;14177;4.04;0.25;404.39;24.46;1401;67;4895.00;663
12117;40;5823785;12117;575;13573;14304;4.25;0.26;404.38;24.35;1456;67;4896.00;731
12118;40;5823811;12118;577;13575;14305;4.23;0.26;404.35;24.37;1457;67;4897.00;730
12121;40;5823826;12121;573;13580;14305;4.24;0.26;404.29;24.36;1459;67;4898.00;725
12123;40;5823842;12123;577;13582;14305;4.22;0.26;404.32;24.36;1459;67;4899.00;723
12126;40;5823858;12126;582;13586;14305;4.21;0.26;404.33;24.35;1460;67;4900.00;719
12127;40;5823876;12127;590;13587;14305;4.21;0.26;404.36;24.35;1460;67;4901.00;718
12130;40;5823892;12130;589;13590;14305;4.17;0.26;404.35;24.35;1460;67;4902.00;715
12131;41;5823906;12131;599;13593;14305;4.16;0.26;404.39;24.35;1462;68;4903.00;712
12131;41;5823928;12131;601;13594;14306;4.14;0.26;404.39;24.34;1463;68;4904.00;712
12134;41;5823942;12134;603;13599;14308;4.14;0.25;404.39;24.36;1465;68;4905.00;709
12135;41;5823958;12135;610;13603;14308;4.14;0.25;404.37;24.35;1468;68;4906.00;705
12137;41;5823977;12137;620;13605;14309;4.07;0.25;404.39;24.35;1468;68;4907.00;704
12138;41;5823992;12138;626;13607;14309;4.03;0.25;404.44;24.35;1469;68;4908.00;702
12140;41;5824012;12140;642;13608;14309;3.96;0.24;404.44;24.35;1468;68;4909.00;701
12140;41;5824026;12140;654;13609;14309;3.92;0.24;404.44;24.35;1469;68;4910.00;700
12141;41;5824042;12141;662;13613;14313;3.89;0.24;404.41;24.34;1472;68;4911.00;700
12142;41;5824057;12142;666;13615;14313;3.82;0.24;404.39;24.36;1473;68;4912.00;698
12144;41;5824073;12144;685;13616;14313;3.78;0.23;404.46;24.36;1472;68;4913.00;697
12145;41;5824088;12145;693;13617;14316;3.74;0.23;404.47;24.36;1472;68;4914.00;699
12146;41;5824104;12146;693;13618;14316;3.72;0.23;404.48;24.36;1472;68;4915.00;698
12146;41;5824119;12146;706;13619;14316;3.69;0.23;404.48;24.36;1473;68;4916.00;697
12147;41;5824133;12147;712;13622;14320;3.64;0.22;404.50;24.35;1475;68;4917.00;698
12149;41;5824149;12149;708;13623;14321;3.62;0.22;404.55;24.35;1474;69;4918.00;698
12150;41;5824175;12150;695;13623;14321;3.62;0.22;404.52;24.35;1473;70;4919.00;698
12153;41;5824201;12153;685;13626;14326;3.63;0.22;404.48;24.35;1473;70;4920.00;700
12154;41;5824216;12154;679;13627;14326;3.65;0.22;404.47;24.35;1473;70;4921.00;699
12154;41;5824231;12154;671;13627;14326;3.65;0.23;404.47;24.35;1473;70;4922.00;699
12157;41;5824246;12157;665;13627;14327;3.65;0.22;404.53;24.35;1470;70;4923.00;700
12157;41;5824261;12157;662;13627;14327;3.69;0.23;404.53;24.35;1470;70;4924.00;700
12161;41;5824286;12161;652;13631;14333;3.74;0.23;404.49;24.34;1470;70;4925.00;702
12163;41;5824303;12163;653;13631;14333;3.74;0.23;404.43;24.34;1468;70;4926.00;702
12163;41;5824318;12163;656;13631;14334;3.76;0.23;404.43;24.34;1468;70;4927.00;703
12166;41;5824338;12166;662;13631;14334;3.76;0.23;404.35;24.34;1465;70;4928.00;703
12169;41;5824353;12169;661;13631;14334;3.77;0.23;404.32;24.34;1462;70;4929.00;703
12170;41;5824368;12170;666;13631;14334;3.80;0.23;404.31;24.34;1461;70;4930.00;703
12170;41;5824382;12170;663;13631;14334;3.84;0.24;404.31;24.34;1461;70;4931.00;703
12171;41;5824397;12171;666;13640;14346;3.86;0.24;404.30;24.32;1469;70;4932.00;706
12173;41;5824412;12173;671;13640;14346;3.89;0.24;404.30;24.32;1467;70;4933.00;706
12175;41;5824427;12175;666;13640;14346;3.92;0.24;404.30;24.32;1465;70;4934.00;706
12176;41;5824441;12176;661;13640;14346;3.94;0.24;404.29;24.32;1464;70;4935.00;706
12177;41;5824455;12177;660;13640;14346;3.98;0.24;404.28;24.32;1463;70;4936.00;706
12178;41;5824470;12178;660;13640;14346;4.04;0.25;404.32;24.32;1462;70;4937.00;706
12180;41;5824484;12180;660;13643;14350;4.03;0.25;404.30;24.32;1463;70;4938.00;707
12183;41;5824499;12183;659;13643;14350;3.97;0.24;404.24;24.32;1460;70;4939.00;707
12187;41;5824518;12187;663;13646;14354;3.93;0.24;404.20;24.31;1459;70;4940.00;708
12188;41;5824533;12188;656;13646;14355;3.89;0.24;404.18;24.31;1458;70;4941.00;709
12188;41;5824548;12188;659;13646;14355;3.86;0.24;404.18;24.31;1458;70;4942.00;709
12190;41;5824562;12190;662;13646;14355;3.82;0.23;404.17;24.31;1456;70;4943.00;709
12192;41;5824575;12192;670;13656;14368;3.79;0.23;404.23;24.30;1464;70;4944.00;712
12193;41;5824591;12193;658;13656;14368;3.77;0.23;404.21;24.30;1463;70;4945.00;712
12197;41;5824605;12197;664;13656;14368;3.77;0.23;404.22;24.30;1459;70;4946.00;712
12201;41;5824619;12201;658;13657;14369;3.75;0.23;404.22;24.29;1456;70;4947.00;712
12201;41;5824634;12201;647;13657;14370;3.78;0.23;404.22;24.29;1456;70;4948.00;713
12203;41;5824648;12203;643;13657;14370;3.80;0.23;404.21;24.29;1454;70;4949.00;713
12208;41;5824663;12208;622;13662;14379;3.79;0.23;404.18;24.28;1454;70;4950.00;717
12213;41;5824679;12213;617;13662;14379;3.79;0.23;404.24;24.28;1449;70;4951.00;717
12215;41;5824693;12215;614;13663;14379;3.83;0.23;404.20;24.28;1448;70;4952.00;716
12219;41;5824708;12219;610;13663;14379;3.83;0.23;404.25;24.28;1444;70;4953.00;716
12219;41;5824723;12219;605;13667;14385;3.91;0.24;404.25;24.28;1448;70;4954.00;718
12223;41;5824738;12223;595;13668;14385;3.92;0.24;404.38;24.27;1445;70;4955.00;717
12226;41;5824752;12226;588;13668;14385;3.98;0.24;404.34;24.27;1442;70;4956.00;717
12231;41;5824768;12231;579;13668;14385;3.97;0.24;404.38;24.27;1437;70;4957.00;717
12233;41;5824782;12233;566;13671;14389;4.00;0.24;404.42;24.27;1438;70;4958.00;718
12237;41;5824797;12237;555;13671;14390;4.01;0.24;404.42;24.27;1434;70;4959.00;719
12238;41;5824813;12238;554;13671;14390;4.07;0.25;404.41;24.27;1433;70;4960.00;719
12242;41;5824827;12242;551;13672;14391;4.11;0.25;404.43;24.27;1430;70;4961.00;719
12246;41;5824843;12246;545;13672;14391;4.15;0.25;404.51;24.27;1426;70;4962.00;719
12248;41;5824858;12248;545;13672;14391;4.24;0.26;404.65;24.27;1424;70;4963.00;719
12254;41;5824873;12254;537;13672;14391;4.30;0.26;404.80;24.27;1418;70;4964.00;719
12258;41;5824889;12258;532;13672;14391;4.36;0.27;405.01;24.27;1414;70;4965.00;719
12262;41;5824905;12262;521;13672;14391;4.46;0.27;404.96;24.27;1410;70;4966.00;719
12266;41;5824920;12266;510;13672;14391;4.56;0.28;405.12;24.27;1406;70;4967.00;719
12270;41;5824936;12270;510;13706;14461;4.70;0.29;405.14;24.21;1436;70;4968.00;755
12273;41;5824959;12273;495;13708;14462;4.74;0.29;405.17;24.20;1435;70;4969.00;754
12277;41;5824974;12277;494;13711;14462;4.75;0.29;405.23;24.20;1434;70;4970.00;751
12282;41;5824990;12282;482;13712;14462;4.73;0.29;405.20;24.20;1430;70;4971.00;750
12284;41;5825006;12284;482;13712;14462;4.76;0.29;405.25;24.20;1428;70;4972.00;750
12288;41;5825022;12288;483;13712;14462;4.74;0.29;405.29;24.20;1424;70;4973.00;750
12290;41;5825038;12290;479;13712;14462;4.74;0.29;405.36;24.20;1422;70;4974.00;750
12292;41;5825054;12292;476;13712;14462;4.72;0.29;405.35;24.20;1420;70;4975.00;750
12296;41;5825069;12296;482;13712;14463;4.67;0.29;405.38;24.20;1416;70;4976.00;751
12300;41;5825085;12300;481;13712;14464;4.64;0.28;405.58;24.20;1412;70;4977.00;752
12303;41;5825101;12303;483;13713;14464;4.62;0.28;405.63;24.20;1410;70;4978.00;751
12308;41;5825116;12308;492;13716;14468;4.59;0.28;405.61;24.19;1408;70;4979.00;752
12310;41;5825133;12310;487;13716;14468;4.64;0.28;405.65;24.19;1406;70;4980.00;752
12312;41;5825149;12312;491;13717;14468;4.68;0.29;405.69;24.22;1405;70;4981.00;751
12318;41;5825166;12318;500;13717;14468;4.67;0.28;405.69;24.22;1399;70;4982.00;751
12323;41;5825183;12323;500;13721;14474;4.63;0.28;405.86;24.21;1398;70;4983.00;753
12326;41;5825199;12326;501;13722;14474;4.57;0.28;405.90;24.21;1396;70;4984.00;752
12330;41;5825214;12330;502;13723;14474;4.55;0.28;406.18;24.21;1393;70;4985.00;751
12333;41;5825230;12333;504;13725;14477;4.56;0.28;406.17;24.34;1392;70;4986.00;752
12336;41;5825247;12336;504;13727;14477;4.55;0.28;406.24;24.39;1391;70;4987.00;750
12340;41;5825263;12340;508;13728;14477;4.55;0.28;406.28;24.39;1388;70;4988.00;749
12342;41;5825278;12342;505;13729;14478;4.56;0.28;406.26;24.39;1387;70;4989.00;749
12344;41;5825294;12344;502;13731;14479;4.54;0.28;406.41;24.44;1387;70;4990.00;748
12348;41;5825309;12348;503;13732;14479;4.50;0.27;406.48;24.44;1384;70;4991.00;747
12352;41;5825325;12352;504;13740;14492;4.55;0.28;406.64;24.43;1388;70;4992.00;752
12354;41;5825341;12354;507;13742;14492;4.55;0.28;406.70;24.48;1388;70;4993.00;750
12356;41;5825356;12356;505;13743;14492;4.54;0.28;406.84;24.48;1387;70;4994.00;749
12361;41;5825371;12361;512;13746;14494;4.52;0.28;407.03;24.50;1385;70;4995.00;748
12364;41;5825386;12364;519;13749;14494;4.52;0.28;407.02;24.53;1385;70;4996.00;745
12365;41;5825401;12365;507;13752;14498;4.54;0.28;407.12;24.53;1387;70;4997.00;746
12368;41;5825417;12368;502;13754;14498;4.52;0.28;407.25;24.55;1386;70;4998.00;744
12370;41;5825433;12370;497;13758;14502;4.55;0.28;407.21;24.57;1388;70;4999.00;744
12374;41;5825453;12374;491;13761;14502;4.55;0.28;407.31;24.63;1387;70;5000.00;741
12381;41;5825472;12381;494;13761;14502;4.52;0.28;407.27;24.63;1380;70;5001.00;741
12383;41;5825488;12383;496;13764;14502;4.54;0.28;407.32;24.78;1381;70;5002.00;738
12388;41;5825504;12388;503;13767;14502;4.46;0.27;407.35;24.81;1379;70;5003.00;735
12389;41;5825520;12389;516;13774;14514;4.44;0.27;407.35;24.82;1385;70;5004.00;740
12391;41;5825535;12391;520;13777;14514;4.39;0.27;407.37;24.85;1386;71;5005.00;737
12393;41;5825560;12393;515;13779;14514;4.39;0.27;407.38;24.87;1386;71;5006.00;735
12397;41;5825575;12397;507;13781;14514;4.40;0.27;407.54;24.89;1384;71;5007.00;733
12401;41;5825591;12401;502;13781;14514;4.45;0.27;407.65;24.89;1380;71;5008.00;733
12401;41;5825607;12401;497;13784;14514;4.52;0.28;407.65;24.94;1383;71;5009.00;730
12405;42;5825623;12405;499;13786;14515;4.54;0.28;407.83;24.96;1381;72;5010.00;729
12408;42;5825654;12408;491;13787;14515;4.54;0.28;407.93;24.96;1379;72;5011.00;728
12410;42;5825670;12410;490;13793;14521;4.62;0.28;407.99;25.00;1383;72;5012.00;728
12412;42;5825686;12412;497;13795;14522;4.62;0.28;408.04;25.04;1383;72;5013.00;727
12414;42;5825701;12414;491;13795;14522;4.63;0.28;408.17;25.04;1381;72;5014.00;727
12415;42;5825717;12415;491;13797;14522;4.66;0.28;408.23;25.09;1382;72;5015.00;725
12418;42;5825732;12418;486;13801;14526;4.66;0.28;408.31;25.10;1383;72;5016.00;725
12422;42;5825748;12422;487;13804;14526;4.66;0.28;408.50;25.28;1382;72;5017.00;722
12427;42;5825764;12427;488;13804;14526;4.66;0.28;408.52;25.28;1377;72;5018.00;722
12427;42;5825780;12427;482;13807;14527;4.70;0.29;408.52;25.32;1380;72;5019.00;720
12432;42;5825796;12432;478;13811;14531;4.71;0.29;408.57;25.34;1379;72;5020.00;720
12435;42;5825813;12435;482;13811;14531;4.71;0.29;408.68;25.34;1376;72;5021.00;720
12435;42;5825830;12435;470;13814;14534;4.76;0.29;408.68;25.38;1379;72;5022.00;720
12439;42;5825845;12439;468;13814;14534;4.76;0.29;408.86;25.38;1375;72;5023.00;720
12440;42;5825861;12440;466;13815;14534;4.81;0.29;408.86;25.40;1375;72;5024.00;719
12445;42;5825877;12445;474;13816;14534;4.80;0.29;408.95;25.43;1371;72;5025.00;718
12448;42;5825892;12448;470;13821;14538;4.83;0.29;409.03;25.47;1373;72;5026.00;717
12453;42;5825908;12453;472;13821;14538;4.79;0.29;409.15;25.47;1368;73;5027.00;717
12456;42;5825932;12456;475;13823;14538;4.75;0.29;409.19;25.62;1367;73;5028.00;715
12457;42;5825948;12457;479;13825;14538;4.70;0.29;409.25;25.86;1368;74;5029.00;713
12461;42;5825974;12461;483;13827;14539;4.65;0.28;409.24;25.90;1366;74;5030.00;712
12464;42;5825989;12464;492;13827;14540;4.62;0.28;409.18;25.90;1363;74;5031.00;713
12467;42;5826004;12467;497;13829;14540;4.60;0.28;409.17;25.95;1362;74;5032.00;711
12468;42;5826019;12468;497;13830;14541;4.57;0.28;409.21;25.94;1362;74;5033.00;711
12469;42;5826033;12469;507;13832;14541;4.55;0.28;409.19;25.99;1363;74;5034.00;709
12471;42;5826049;12471;510;13832;14541;4.53;0.28;409.17;25.99;1361;74;5035.00;709
12475;42;5826064;12475;518;13834;14541;4.56;0.28;409.16;26.03;1359;74;5036.00;707
12478;42;5826078;12478;518;13834;14541;4.54;0.28;409.22;26.03;1356;74;5037.00;707
12480;42;5826093;12480;524;13835;14541;4.56;0.28;409.23;26.05;1355;74;5038.00;706
12482;42;5826107;12482;527;13836;14541;4.55;0.28;409.19;26.07;1354;74;5039.00;705
12487;42;5826123;12487;591;13959;14771;4.62;0.29;409.19;25.86;1472;74;5040.00;812
12490;42;5826157;12490;576;13959;14772;4.59;0.29;409.24;25.86;1469;74;5041.00;813
12493;42;5826179;12493;555;13967;14772;4.62;0.29;409.35;25.89;1474;74;5042.00;805
12495;42;5826195;12495;552;13969;14772;4.58;0.29;409.35;26.01;1474;74;5043.00;803
12498;42;5826210;12498;551;13975;14772;4.64;0.29;409.36;26.04;1477;74;5044.00;797
12501;42;5826227;12501;547;13978;14772;4.64;0.29;409.34;26.04;1477;74;5045.00;794
12503;42;5826242;12503;536;13983;14772;4.65;0.29;409.35;26.07;1480;74;5046.00;789
12505;42;5826258;12505;531;13986;14772;4.69;0.29;409.32;26.07;1481;74;5047.00;786
12506;42;5826273;12506;527;13993;14773;4.78;0.30;409.33;26.10;1487;74;5048.00;780
12511;42;5826289;12511;530;13997;14774;4.80;0.30;409.36;26.12;1486;74;5049.00;777
12512;42;5826306;12512;546;14000;14774;4.80;0.30;409.36;26.11;1488;74;5050.00;774
12514;42;5826322;12514;555;14005;14775;4.77;0.30;409.31;26.15;1491;74;5051.00;770
12516;42;5826338;12516;560;14007;14775;4.72;0.29;409.29;26.16;1491;74;5052.00;768
12516;42;5826354;12516;569;14010;14775;4.64;0.29;409.29;26.20;1494;74;5053.00;765
12522;42;5826370;12522;572;14011;14775;4.57;0.28;409.39;26.20;1489;74;5054.00;764
12523;42;5826385;12523;571;14015;14779;4.51;0.28;409.43;26.23;1492;74;5055.00;764
12524;42;5826401;12524;581;14016;14779;4.41;0.27;409.40;26.23;1492;74;5056.00;763
12524;42;5826419;12524;585;14019;14779;4.36;0.27;409.40;26.27;1495;74;5057.00;760
12525;42;5826434;12525;589;14020;14782;4.30;0.27;409.38;26.27;1495;74;5058.00;762
12530;42;5826449;12530;601;14021;14782;4.26;0.26;409.37;26.27;1491;74;5059.00;761
12533;42;5826470;12533;610;14024;14782;4.21;0.26;409.48;26.31;1491;74;5060.00;758
12536;42;5826485;12536;624;14028;14786;4.18;0.26;409.57;26.30;1492;74;5061.00;758
12538;42;5826501;12538;636;14029;14787;4.14;0.26;409.51;26.30;1491;74;5062.00;758
12541;42;5826517;12541;645;14032;14787;4.06;0.25;409.46;26.32;1491;74;5063.00;755
12542;42;5826532;12542;655;14033;14791;4.03;0.25;409.49;26.32;1491;74;5064.00;758
12544;42;5826553;12544;657;14036;14791;4.00;0.25;409.49;26.33;1492;74;5065.00;755
12545;42;5826569;12545;650;14038;14791;3.97;0.24;409.52;26.36;1493;74;5066.00;753
12548;42;5826584;12548;646;14039;14792;3.96;0.24;409.60;26.36;1491;74;5067.00;753
12549;42;5826600;12549;650;14041;14792;3.93;0.24;409.61;26.38;1492;74;5068.00;751
12551;42;5826617;12551;655;14046;14798;3.95;0.24;409.59;26.37;1495;74;5069.00;752
12553;42;5826636;12553;653;14048;14798;3.98;0.24;409.57;26.39;1495;74;5070.00;750
12553;42;5826652;12553;650;14052;14799;4.00;0.25;409.57;26.43;1499;74;5071.00;747
12553;42;5826673;12553;645;14054;14799;4.04;0.25;409.57;26.45;1501;74;5072.00;745
12555;42;5826689;12555;641;14054;14799;4.08;0.25;409.53;26.45;1499;74;5073.00;745
12557;42;5826706;12557;651;14054;14799;4.08;0.25;409.47;26.45;1497;74;5074.00;745
12561;42;5826721;12561;658;14055;14799;4.06;0.25;409.40;26.45;1494;74;5075.00;744
12563;42;5826737;12563;661;14063;14811;4.08;0.25;409.51;26.46;1500;74;5076.00;748
12564;42;5826754;12564;666;14065;14811;4.07;0.25;409.49;26.46;1501;74;5077.00;746
12566;42;5826770;12566;672;14067;14811;4.06;0.25;409.51;26.46;1501;74;5078.00;744
12567;42;5826786;12567;670;14067;14811;4.08;0.25;409.50;26.46;1500;74;5079.00;744
12568;42;5826801;12568;666;14068;14811;4.08;0.25;409.47;26.46;1500;74;5080.00;743
12568;42;5826822;12568;680;14069;14811;4.07;0.25;409.47;26.46;1501;74;5081.00;742
12571;42;5826838;12571;681;14072;14815;4.06;0.25;409.40;26.45;1501;74;5082.00;743
12572;42;5826853;12572;677;14074;14815;4.10;0.25;409.37;26.45;1502;74;5083.00;741
12573;42;5826869;12573;676;14077;14819;4.11;0.25;409.36;26.45;1504;74;5084.00;742
12574;42;5826885;12574;674;14078;14821;4.12;0.25;409.36;26.45;1504;74;5085.00;743
12576;42;5826900;12576;680;14078;14821;4.09;0.25;409.36;26.45;1502;74;5086.00;743
12578;42;5826916;12578;687;14078;14821;4.07;0.25;409.37;26.45;1500;74;5087.00;743
12583;42;5826931;12583;692;14088;14834;4.04;0.25;409.32;26.43;1505;74;5088.00;746
12583;42;5826948;12583;683;14088;14834;4.04;0.25;409.32;26.43;1505;74;5089.00;746
12585;42;5826964;12585;688;14088;14834;4.01;0.25;409.47;26.43;1503;74;5090.00;746
12588;42;5826979;12588;680;14089;14835;3.97;0.24;409.55;26.43;1501;74;5091.00;746
12590;42;5826995;12590;680;14089;14836;3.95;0.24;409.56;26.43;1499;74;5092.00;747
12594;42;5827011;12594;684;14089;14836;3.95;0.24;409.66;26.43;1495;74;5093.00;747
12596;42;5827027;12596;680;14090;14839;3.92;0.24;409.73;26.42;1494;74;5094.00;749
12598;42;5827043;12598;687;14090;14839;3.91;0.24;409.76;26.42;1492;74;5095.00;749
12599;42;5827058;12599;694;14090;14839;3.92;0.24;409.87;26.42;1491;74;5096.00;749
12600;42;5827073;12600;694;14090;14839;3.91;0.24;409.89;26.42;1490;74;5097.00;749
12603;42;5827087;12603;695;14094;14845;3.94;0.24;409.93;26.42;1491;74;5098.00;751
12606;42;5827103;12606;695;14094;14845;3.94;0.24;409.95;26.42;1488;74;5099.00;751
12609;42;5827120;12609;701;14099;14864;3.93;0.24;410.09;26.41;1490;74;5100.00;765
12613;42;5827142;12613;685;14099;14864;3.91;0.24;409.99;26.41;1486;74;5101.00;765
12616;42;5827157;12616;688;14102;14868;3.95;0.24;409.97;26.40;1486;74;5102.00;766
12619;42;5827174;12619;678;14102;14869;3.99;0.24;410.00;26.40;1483;74;5103.00;767
12620;42;5827191;12620;676;14102;14869;4.02;0.24;410.00;26.40;1482;74;5104.00;767
12623;42;5827206;12623;679;14103;14870;4.05;0.25;410.09;26.40;1480;74;5105.00;767
12625;42;5827221;12625;679;14106;14870;4.06;0.25;410.04;26.40;1481;74;5106.00;764
12628;42;5827236;12628;670;14106;14870;4.05;0.25;410.15;26.40;1478;74;5107.00;764
12630;42;5827251;12630;665;14106;14870;4.08;0.25;410.14;26.40;1476;74;5108.00;764
12631;42;5827265;12631;661;14106;14870;4.15;0.25;410.14;26.40;1475;74;5109.00;764
12633;42;5827280;12633;666;14106;14870;4.18;0.25;410.21;26.40;1473;74;5110.00;764
12637;42;5827295;12637;668;14106;14870;4.17;0.25;410.32;26.40;1469;74;5111.00;764
12640;42;5827311;12640;678;14147;14940;4.20;0.26;410.32;26.32;1507;74;5112.00;793
12645;42;5827332;12645;673;14150;14941;4.17;0.25;410.39;26.32;1505;74;5113.00;791
12648;42;5827348;12648;672;14153;14941;4.14;0.25;410.41;26.31;1505;74;5114.00;788
12652;42;5827363;12652;653;14153;14941;4.13;0.25;410.46;26.31;1501;74;5115.00;788
12655;42;5827379;12655;645;14153;14941;4.13;0.25;410.46;26.31;1498;74;5116.00;788
12656;42;5827394;12656;646;14155;14941;4.14;0.25;410.48;26.31;1499;74;5117.00;786
12660;42;5827412;12660;642;14156;14941;4.17;0.25;410.55;26.31;1496;74;5118.00;785
12662;42;5827429;12662;635;14156;14941;4.21;0.26;410.68;26.31;1494;74;5119.00;785
12669;42;5827445;12669;634;14156;14942;4.19;0.26;410.72;26.31;1487;74;5120.00;786
12671;42;5827461;12671;628;14156;14943;4.21;0.26;410.70;26.31;1485;74;5121.00;787
12674;42;5827477;12674;624;14157;14943;4.24;0.26;410.74;26.31;1483;74;5122.00;786
12676;42;5827492;12676;625;14161;14947;4.24;0.26;410.72;26.30;1485;74;5123.00;786
12678;42;5827508;12678;624;14161;14947;4.29;0.26;410.68;26.30;1483;74;5124.00;786
12682;42;5827524;12682;622;14161;14947;4.31;0.26;410.77;26.30;1479;74;5125.00;786
12687;42;5827540;12687;617;14161;14947;4.31;0.26;410.92;26.30;1474;74;5126.00;786
12688;42;5827557;12688;611;14163;14953;4.30;0.26;410.92;26.30;1475;74;5127.00;790
12691;42;5827573;12691;618;14166;14953;4.32;0.26;410.98;26.30;1475;74;5128.00;787
12697;42;5827589;12697;621;14167;14953;4.29;0.26;411.16;26.30;1470;74;5129.00;786
12700;42;5827607;12700;620;14168;14959;4.28;0.26;411.21;26.30;1468;74;5130.00;791
12703;42;5827623;12703;612;14171;14959;4.26;0.26;411.17;26.29;1468;74;5131.00;788
12709;42;5827640;12709;611;14172;14959;4.25;0.26;411.15;26.29;1463;74;5132.00;787
12709;42;5827656;12709;609;14174;14960;4.31;0.26;411.15;26.29;1465;74;5133.00;786
12714;42;5827673;12714;610;14175;14961;4.32;0.26;411.27;26.29;1461;74;5134.00;786
12717;42;5827694;12717;610;14176;14961;4.33;0.26;411.30;26.29;1459;74;5135.00;785
12718;42;5827710;12718;612;14185;14974;4.33;0.26;411.30;26.28;1467;74;5136.00;789
12723;42;5827727;12723;610;14186;14974;4.31;0.26;411.44;26.28;1463;74;5137.00;788
12727;42;5827748;12727;604;14187;14974;4.31;0.26;411.58;26.28;1460;74;5138.00;787
12730;42;5827765;12730;601;14188;14975;4.31;0.26;411.57;26.27;1458;74;5139.00;787
12736;42;5827782;12736;602;14192;14975;4.27;0.26;411.67;26.27;1456;74;5140.00;783
12738;42;5827799;12738;601;14196;14979;4.26;0.26;411.76;26.27;1458;74;5141.00;783
12740;42;5827816;12740;600;14197;14979;4.27;0.26;411.74;26.26;1457;74;5142.00;782
12746;42;5827832;12746;606;14200;14983;4.26;0.26;411.86;26.26;1454;74;5143.00;783
12752;42;5827848;12752;599;14200;14983;4.24;0.26;411.88;26.26;1448;74;5144.00;783
12755;42;5827865;12755;602;14200;14983;4.22;0.25;411.89;26.26;1445;74;5145.00;783
12757;42;5827881;12757;608;14200;14983;4.23;0.26;411.94;26.26;1443;74;5146.00;783
12759;42;5827898;12759;610;14200;14983;4.21;0.25;411.92;26.26;1441;74;5147.00;783
12760;42;5827914;12760;605;14209;14995;4.25;0.26;411.91;26.24;1449;74;5148.00;786
12763;42;5827931;12763;608;14209;14995;4.24;0.26;412.03;26.24;1446;74;5149.00;786
12765;42;5827947;12765;609;14210;14995;4.21;0.25;412.11;26.27;1445;74;5150.00;785
12770;42;5827962;12770;610;14211;14995;4.15;0.25;412.15;26.40;1441;74;5151.00;784
12771;42;5827979;12771;610;14212;14995;4.11;0.25;412.13;26.42;1441;74;5152.00;783
12774;42;5827994;12774;620;14213;14995;4.04;0.24;412.23;26.45;1439;74;5153.00;782
12775;42;5828010;12775;623;14214;14996;4.01;0.24;412.34;26.47;1439;74;5154.00;782
12778;42;5828025;12778;627;14217;14998;3.93;0.24;412.38;26.49;1439;74;5155.00;781
12780;42;5828040;12780;624;14221;15004;3.87;0.23;412.38;26.48;1441;74;5156.00;783
12783;42;5828056;12783;625;14223;15005;3.80;0.23;412.47;26.53;1440;74;5157.00;782
12787;42;5828071;12787;634;14224;15005;3.75;0.23;412.53;26.55;1437;74;5158.00;781
12788;42;5828086;12788;644;14225;15005;3.70;0.22;412.56;26.57;1437;74;5159.00;780
12790;42;5828103;12790;650;14231;15010;3.69;0.22;412.60;26.61;1441;74;5160.00;779
12793;42;5828119;12793;656;14231;15010;3.67;0.22;412.65;26.61;1438;74;5161.00;779
12793;42;5828134;12793;648;14231;15010;3.67;0.22;412.65;26.61;1438;74;5162.00;779
12797;42;5828149;12797;633;14234;15011;3.69;0.22;412.72;26.65;1437;74;5163.00;777
12799;42;5828164;12799;635;14237;15015;3.77;0.23;412.74;26.64;1438;74;5164.00;778
12804;42;5828181;12804;639;14239;15015;3.75;0.23;412.92;26.69;1435;74;5165.00;776
12807;42;5828197;12807;634;14240;15018;3.77;0.23;412.94;26.68;1433;74;5166.00;778
12809;42;5828213;12809;640;14241;15018;3.78;0.23;413.00;26.71;1432;74;5167.00;777
12812;42;5828228;12812;650;14242;15018;3.75;0.23;413.07;26.73;1430;74;5168.00;776
12814;42;5828243;12814;660;14243;15018;3.81;0.23;413.20;26.75;1429;74;5169.00;775
12815;42;5828258;12815;665;14248;15022;3.86;0.23;413.25;26.79;1433;74;5170.00;774
12817;42;5828278;12817;659;14248;15022;3.88;0.23;413.21;26.79;1431;74;5171.00;774
12819;42;5828294;12819;659;14249;15022;3.91;0.24;413.35;26.81;1430;74;5172.00;773
12822;42;5828309;12822;654;14250;15022;3.94;0.24;413.37;26.83;1428;74;5173.00;772
12822;42;5828325;12822;654;14250;15023;3.98;0.24;413.37;26.83;1428;74;5174.00;773
12824;42;5828341;12824;650;14252;15025;3.98;0.24;413.40;26.85;1428;74;5175.00;773
12826;42;5828362;12826;649;14252;15025;3.99;0.24;413.38;26.85;1426;74;5176.00;773
12828;42;5828377;12828;651;14253;15026;4.01;0.24;413.39;26.85;1425;74;5177.00;773
12829;42;5828398;12829;649;14255;15026;4.04;0.24;413.53;26.89;1426;74;5178.00;771
12830;42;5828414;12830;643;14255;15026;4.07;0.25;413.53;26.89;1425;74;5179.00;771
12831;42;5828429;12831;646;14256;15026;4.09;0.25;413.60;26.91;1425;74;5180.00;770
12834;42;5828444;12834;650;14256;15026;4.10;0.25;413.71;26.91;1422;74;5181.00;770
12835;42;5828460;12835;652;14258;15026;4.11;0.25;413.82;26.96;1423;74;5182.00;768
12838;42;5828475;12838;650;14258;15026;4.09;0.25;413.85;26.96;1420;74;5183.00;768
12841;42;5828491;12841;675;14330;15153;4.25;0.26;413.93;26.84;1489;74;5184.00;823
12844;42;5828516;12844;657;14331;15154;4.25;0.26;413.92;26.86;1487;74;5185.00;823
12846;42;5828533;12846;656;14337;15154;4.35;0.27;413.94;26.87;1491;74;5186.00;817
12847;42;5828549;12847;645;14337;15154;4.39;0.27;413.98;26.87;1490;74;5187.00;817
12848;42;5828564;12848;648;14342;15154;4.45;0.27;413.96;26.91;1494;74;5188.00;812
12850;42;5828581;12850;649;14343;15154;4.45;0.27;413.95;26.91;1493;74;5189.00;811
12851;42;5828598;12851;657;14349;15154;4.49;0.28;414.05;26.94;1498;74;5190.00;805
12854;42;5828614;12854;663;14350;15154;4.47;0.28;414.04;26.96;1496;74;5191.00;804
12859;42;5828635;12859;673;14353;15155;4.41;0.27;413.97;26.97;1494;74;5192.00;802
12859;42;5828657;12859;680;14355;15156;4.39;0.27;413.97;26.97;1496;74;5193.00;801
12860;42;5828672;12860;681;14358;15156;4.37;0.27;413.95;26.99;1498;74;5194.00;798
12863;42;5828688;12863;687;14362;15157;4.29;0.26;413.95;27.02;1499;74;5195.00;795
12865;42;5828704;12865;687;14364;15157;4.25;0.26;413.94;27.02;1499;74;5196.00;793
12866;42;5828725;12866;708;14366;15157;4.19;0.26;413.97;27.04;1500;74;5197.00;791
12866;42;5828741;12866;709;14368;15157;4.13;0.25;413.97;27.06;1502;74;5198.00;789
12868;42;5828756;12868;715;14373;15161;4.09;0.25;413.98;27.09;1505;74;5199.00;788
12869;42;5828772;12869;718;14374;15161;4.05;0.25;414.02;27.09;1505;74;5200.00;787
12872;42;5828792;12872;729;14376;15161;3.97;0.24;414.02;27.13;1504;74;5201.00;785
12874;42;5828809;12874;731;14378;15164;3.87;0.24;413.98;27.15;1504;74;5202.00;786
12875;42;5828825;12875;732;14380;15164;3.83;0.24;414.07;27.18;1505;74;5203.00;784
12876;42;5828840;12876;737;14382;15164;3.78;0.23;414.12;27.22;1506;74;5204.00;782
12877;42;5828856;12877;728;14385;15168;3.75;0.23;414.12;27.22;1508;74;5205.00;783
12885;42;5828872;12885;728;14388;15169;3.71;0.23;414.04;27.25;1503;74;5206.00;781
12886;42;5828887;12886;715;14389;15169;3.72;0.23;414.10;27.27;1503;74;5207.00;780
12891;42;5828903;12891;711;14391;15173;3.69;0.23;414.09;27.27;1500;74;5208.00;782
12892;42;5828918;12892;706;14393;15173;3.69;0.23;414.08;27.31;1501;74;5209.00;780
12893;42;5828934;12893;701;14394;15173;3.74;0.23;414.09;27.31;1501;74;5210.00;779
12894;42;5828949;12894;702;14394;15174;3.75;0.23;414.15;27.31;1500;74;5211.00;780
12897;42;5828964;12897;675;14395;15174;3.78;0.23;414.22;27.33;1498;74;5212.00;779
12903;42;5828980;12903;657;14401;15180;3.82;0.23;414.10;27.36;1498;74;5213.00;779
12905;42;5828996;12905;641;14403;15180;3.87;0.24;414.14;27.40;1498;74;5214.00;777
12908;42;5829012;12908;642;14403;15180;3.91;0.24;414.17;27.40;1495;74;5215.00;777
12910;42;5829028;12910;634;14405;15181;3.99;0.24;414.14;27.43;1495;74;5216.00;776
12913;42;5829044;12913;629;14406;15181;4.03;0.24;414.09;27.45;1493;74;5217.00;775
12916;42;5829060;12916;617;14406;15181;4.05;0.25;414.13;27.45;1490;74;5218.00;775
12919;42;5829086;12919;611;14409;15181;4.08;0.25;414.08;27.61;1490;75;5219.00;772
12919;42;5829119;12919;602;14431;15217;4.18;0.25;414.08;27.70;1512;75;5220.00;786
12920;42;5829138;12920;613;14434;15217;4.20;0.26;414.06;27.73;1514;75;5221.00;783
12922;42;5829154;12922;609;14438;15217;4.26;0.26;414.05;27.73;1516;75;5222.00;779
12925;42;5829173;12925;599;14438;15217;4.27;0.26;414.05;27.73;1513;75;5223.00;779
12927;42;5829196;12927;596;14441;15217;4.32;0.26;414.06;27.76;1514;75;5224.00;776
12928;42;5829213;12928;588;14441;15217;4.33;0.26;414.05;27.76;1513;75;5225.00;776
12931;42;5829230;12931;590;14446;15221;4.34;0.26;414.04;27.77;1515;75;5226.00;775
12931;42;5829247;12931;589;14446;15221;4.34;0.26;414.04;27.77;1515;75;5227.00;775
12931;42;5829263;12931;595;14452;15225;4.37;0.27;414.04;27.79;1521;75;5228.00;773
12932;42;5829281;12932;593;14452;15226;4.38;0.27;414.02;27.79;1520;75;5229.00;774
12936;42;5829298;12936;595;14453;15226;4.36;0.26;414.11;27.81;1517;75;5230.00;773
12936;42;5829315;12936;595;14454;15226;4.32;0.26;414.11;27.83;1518;75;5231.00;772
12938;42;5829333;12938;597;14464;15239;4.29;0.26;414.10;27.81;1526;75;5232.00;775
12939;42;5829351;12939;590;14465;15239;4.25;0.26;414.15;27.82;1526;75;5233.00;774
12940;42;5829367;12940;583;14465;15239;4.24;0.26;414.16;27.82;1525;75;5234.00;774
12945;42;5829383;12945;581;14467;15240;4.23;0.26;414.32;27.84;1522;75;5235.00;773
12947;42;5829400;12947;588;14467;15241;4.23;0.26;414.32;27.84;1520;75;5236.00;774
12952;42;5829416;12952;588;14470;15241;4.17;0.25;414.41;27.89;1518;75;5237.00;771
12953;42;5829433;12953;590;14471;15244;4.19;0.25;414.39;27.89;1518;75;5238.00;773
12954;42;5829450;12954;590;14471;15244;4.19;0.25;414.36;27.89;1517;75;5239.00;773
12958;42;5829465;12958;588;14472;15244;4.19;0.25;414.35;27.90;1514;75;5240.00;772
12959;42;5829481;12959;590;14472;15244;4.22;0.26;414.38;27.90;1513;75;5241.00;772
12960;42;5829497;12960;597;14477;15250;4.29;0.26;414.39;27.91;1517;75;5242.00;773
12961;42;5829513;12961;602;14478;15250;4.31;0.26;414.49;27.93;1517;75;5243.00;772
12962;42;5829529;12962;616;14478;15250;4.32;0.26;414.52;27.93;1516;75;5244.00;772
12962;42;5829547;12962;615;14478;15250;4.33;0.26;414.52;27.93;1516;75;5245.00;772
12965;42;5829563;12965;623;14481;15254;4.27;0.26;414.46;27.92;1516;75;5246.00;773
12966;42;5829580;12966;629;14481;15255;4.25;0.26;414.49;27.92;1515;75;5247.00;774
12970;42;5829596;12970;640;14482;15255;4.21;0.26;414.49;28.06;1512;75;5248.00;773
12973;42;5829613;12973;640;14483;15256;4.21;0.26;414.45;28.05;1510;75;5249.00;773
12976;42;5829632;12976;645;14483;15256;4.20;0.26;414.39;28.05;1507;75;5250.00;773
12981;42;5829648;12981;652;14483;15256;4.19;0.25;414.44;28.05;1502;75;5251.00;773
12982;42;5829664;12982;659;14483;15256;4.22;0.26;414.44;28.05;1501;75;5252.00;773
12983;42;5829680;12983;664;14484;15256;4.20;0.26;414.46;28.19;1501;75;5253.00;772
12983;42;5829696;12983;658;14484;15256;4.22;0.26;414.46;28.19;1501;75;5254.00;772
12985;42;5829711;12985;665;14485;15256;4.25;0.26;414.52;28.32;1500;75;5255.00;771
12987;42;5829727;12987;670;14523;15326;4.38;0.27;414.57;28.24;1536;75;5256.00;803
12988;42;5829748;12988;672;14525;15327;4.36;0.27;414.68;28.24;1537;75;5257.00;802
12989;42;5829765;12989;671;14531;15327;4.36;0.27;414.78;28.36;1542;75;5258.00;796
12990;42;5829781;12990;673;14533;15327;4.37;0.27;414.76;28.36;1543;75;5259.00;794
12993;43;5829797;12993;669;14535;15327;4.36;0.27;414.85;28.36;1542;76;5260.00;792
12996;43;5829823;12996;672;14537;15327;4.34;0.26;414.82;28.35;1541;76;5261.00;790
12998;43;5829839;12998;666;14540;15327;4.34;0.26;414.84;28.48;1542;76;5262.00;787
12998;43;5829855;12998;675;14541;15327;4.32;0.26;414.84;28.48;1543;76;5263.00;786
13000;43;5829872;13000;669;14542;15328;4.31;0.26;414.93;28.48;1542;76;5264.00;786
13001;43;5829894;13001;671;14545;15330;4.32;0.26;414.91;28.60;1544;76;5265.00;785
13004;43;5829910;13004;675;14545;15330;4.30;0.26;414.84;28.60;1541;76;5266.00;785
13004;43;5829926;13004;673;14549;15334;4.29;0.26;414.84;28.73;1545;76;5267.00;785
13005;43;5829944;13005;670;14549;15334;4.28;0.26;414.94;28.73;1544;76;5268.00;785
13008;43;5829959;13008;665;14549;15334;4.27;0.26;414.92;28.73;1541;76;5269.00;785
13010;43;5829975;13010;667;14549;15334;4.25;0.26;414.90;28.73;1539;76;5270.00;785
13013;43;5829991;13013;670;14553;15340;4.25;0.26;414.95;28.72;1540;76;5271.00;787
13014;43;5830007;13014;665;14553;15340;4.25;0.26;414.95;28.72;1539;76;5272.00;787
13015;43;5830023;13015;675;14553;15340;4.22;0.26;414.97;28.72;1538;76;5273.00;787
13017;43;5830038;13017;676;14554;15343;4.18;0.25;414.98;28.72;1537;76;5274.00;789
13020;43;5830054;13020;685;14554;15343;4.13;0.25;414.99;28.72;1534;76;5275.00;789
13024;43;5830070;13024;684;14554;15343;4.10;0.25;415.00;28.72;1530;76;5276.00;789
13026;43;5830086;13026;699;14554;15344;4.07;0.25;415.08;28.72;1528;76;5277.00;790
13028;43;5830102;13028;695;14555;15345;4.07;0.25;415.20;28.72;1527;76;5278.00;790
13031;43;5830119;13031;703;14555;15345;4.04;0.25;415.33;28.72;1524;76;5279.00;790
13035;43;5830136;13035;702;14571;15371;4.05;0.25;415.36;28.68;1536;76;5280.00;800
13039;43;5830154;13039;698;14571;15371;4.04;0.25;415.34;28.68;1532;76;5281.00;800
13044;43;5830171;13044;693;14574;15371;4.07;0.25;415.34;28.68;1530;76;5282.00;797
13049;43;5830190;13049;691;14575;15372;4.08;0.25;415.43;28.68;1526;76;5283.00;797
13051;43;5830207;13051;678;14576;15372;4.11;0.25;415.45;28.68;1525;76;5284.00;796
13053;43;5830222;13053;683;14579;15376;4.11;0.25;415.44;28.67;1526;76;5285.00;797
13055;43;5830244;13055;686;14579;15376;4.10;0.25;415.41;28.67;1524;76;5286.00;797
13060;43;5830260;13060;677;14582;15379;4.07;0.25;415.43;28.66;1522;76;5287.00;797
13061;43;5830276;13061;674;14583;15380;4.07;0.25;415.43;28.68;1522;76;5288.00;797
13066;43;5830293;13066;674;14583;15380;4.00;0.24;415.57;28.68;1517;76;5289.00;797
13071;43;5830310;13071;680;14583;15380;3.95;0.24;415.63;28.68;1512;76;5290.00;797
13073;43;5830326;13073;685;14583;15380;3.93;0.24;415.63;28.68;1510;76;5291.00;797
13078;43;5830342;13078;689;14592;15392;3.92;0.24;415.73;28.67;1514;76;5292.00;800
13079;43;5830361;13079;695;14592;15392;3.86;0.23;415.73;28.67;1513;76;5293.00;800
13083;43;5830376;13083;690;14592;15392;3.82;0.23;415.75;28.67;1509;76;5294.00;800
13086;43;5830392;13086;685;14592;15392;3.81;0.23;415.79;28.67;1506;76;5295.00;800
13090;43;5830408;13090;683;14592;15392;3.80;0.23;415.82;28.67;1502;76;5296.00;800
13093;43;5830425;13093;686;14592;15392;3.78;0.23;415.78;28.67;1499;76;5297.00;800
13097;43;5830440;13097;685;14592;15393;3.75;0.23;415.79;28.67;1495;76;5298.00;801
13100;43;5830455;13100;694;14592;15393;3.72;0.23;415.79;28.67;1492;76;5299.00;801
13103;43;5830471;13103;687;14596;15399;3.66;0.22;415.82;28.66;1493;76;5300.00;803
13107;43;5830490;13107;700;14596;15400;3.63;0.22;415.76;28.66;1489;76;5301.00;804
13112;43;5830506;13112;709;14596;15400;3.59;0.22;415.94;28.66;1484;76;5302.00;804
13115;43;5830521;13115;710;14596;15400;3.58;0.22;415.97;28.66;1481;76;5303.00;804
13119;43;5830537;13119;719;14599;15404;3.58;0.22;415.96;28.65;1480;76;5304.00;805
13123;43;5830553;13123;725;14599;15404;3.56;0.22;415.93;28.65;1476;76;5305.00;805
13124;43;5830568;13124;726;14599;15404;3.55;0.22;415.92;28.65;1475;76;5306.00;805
13127;43;5830583;13127;730;14600;15405;3.57;0.22;416.07;28.65;1473;76;5307.00;805
13130;43;5830598;13130;727;14603;15409;3.59;0.22;416.04;28.64;1473;76;5308.00;806
13134;43;5830613;13134;724;14603;15409;3.59;0.22;416.08;28.64;1469;76;5309.00;806
13137;43;5830630;13137;722;14606;15415;3.60;0.22;416.17;28.64;1469;76;5310.00;809
13140;43;5830645;13140;727;14607;15415;3.56;0.22;416.14;28.64;1467;76;5311.00;808
13143;43;5830666;13143;728;14607;15415;3.52;0.21;416.20;28.64;1464;76;5312.00;808
13149;43;5830681;13149;733;14607;15415;3.50;0.21;416.27;28.64;1458;76;5313.00;808
13151;43;5830696;13151;725;14610;15419;3.49;0.21;416.29;28.63;1459;76;5314.00;809
13157;43;5830712;13157;722;14610;15419;3.46;0.21;416.38;28.63;1453;76;5315.00;809
13160;43;5830728;13160;726;14611;15419;3.45;0.21;416.47;28.77;1451;76;5316.00;808
13164;43;5830744;13164;728;14611;15419;3.45;0.21;416.48;28.77;1447;76;5317.00;808
13168;43;5830759;13168;723;14611;15420;3.44;0.21;416.50;28.77;1443;76;5318.00;809
13170;43;5830774;13170;727;14611;15421;3.44;0.21;416.48;28.77;1441;76;5319.00;810
13173;43;5830789;13173;730;14611;15421;3.44;0.21;416.59;28.77;1438;76;5320.00;810
13175;43;5830803;13175;745;14612;15422;3.46;0.21;416.62;28.77;1437;76;5321.00;810
13177;43;5830818;13177;750;14612;15422;3.45;0.21;416.64;28.77;1435;76;5322.00;810
13183;43;5830832;13183;761;14614;15422;3.37;0.21;416.69;28.81;1431;76;5323.00;808
13186;43;5830847;13186;766;14614;15422;3.30;0.20;416.68;28.81;1428;76;5324.00;808
13187;43;5830860;13187;769;14614;15422;3.29;0.20;416.68;28.81;1427;76;5325.00;808
13192;43;5830875;13192;781;14614;15422;3.22;0.20;416.81;28.81;1422;76;5326.00;808
13195;43;5830889;13195;780;14616;15422;3.18;0.19;416.84;28.85;1421;76;5327.00;806
13196;43;5830903;13196;788;14682;15549;3.57;0.22;416.84;28.72;1486;76;5328.00;867
13198;43;5830930;13198;786;14685;15550;3.54;0.22;416.96;28.72;1487;76;5329.00;865
13199;43;5830950;13199;790;14694;15550;3.60;0.22;416.96;28.75;1495;76;5330.00;856
13200;43;5830965;13200;786;14697;15550;3.62;0.22;416.94;28.74;1497;76;5331.00;853
13201;43;5830981;13201;796;14701;15550;3.63;0.23;416.91;28.76;1500;76;5332.00;849
13203;43;5830995;13203;800;14704;15550;3.62;0.22;416.93;28.77;1501;76;5333.00;846
13206;43;5831015;13206;800;14707;15550;3.60;0.22;416.92;28.77;1501;76;5334.00;843
13211;43;5831030;13211;807;14710;15550;3.52;0.22;416.97;28.81;1499;76;5335.00;840
13214;43;5831046;13214;794;14711;15551;3.48;0.22;416.90;28.80;1497;76;5336.00;840
13215;43;5831066;13215;788;14713;15552;3.46;0.21;416.87;28.82;1498;76;5337.00;839
13217;43;5831082;13217;781;14715;15552;3.45;0.21;416.83;28.84;1498;76;5338.00;837
13218;43;5831097;13218;772;14717;15553;3.47;0.21;416.83;28.84;1499;76;5339.00;836
13218;43;5831114;13218;761;14720;15553;3.52;0.22;416.83;28.87;1502;76;5340.00;833
13219;43;5831129;13219;748;14722;15553;3.56;0.22;416.87;28.89;1503;76;5341.00;831
13220;43;5831146;13220;751;14725;15553;3.59;0.22;416.86;28.93;1505;76;5342.00;828
13221;43;5831161;13221;743;14728;15557;3.63;0.22;416.86;28.92;1507;76;5343.00;829
13226;43;5831178;13226;747;14730;15557;3.66;0.23;416.83;28.94;1504;76;5344.00;827
13227;43;5831197;13227;737;14732;15557;3.67;0.23;416.81;28.98;1505;76;5345.00;825
13228;43;5831212;13228;743;14734;15560;3.73;0.23;416.90;28.99;1506;76;5346.00;826
13231;43;5831228;13231;742;14734;15560;3.75;0.23;416.87;28.99;1503;76;5347.00;826
13234;43;5831244;13234;745;14735;15560;3.76;0.23;416.90;29.01;1501;76;5348.00;825
13235;43;5831259;13235;747;14739;15564;3.78;0.23;416.93;29.03;1504;76;5349.00;825
13236;43;5831276;13236;750;14740;15565;3.81;0.23;416.91;29.02;1504;76;5350.00;825
13241;43;5831292;13241;752;14741;15565;3.80;0.23;416.88;29.04;1500;76;5351.00;824
13241;43;5831308;13241;757;14744;15569;3.81;0.23;416.88;29.04;1503;76;5352.00;825
13244;43;5831325;13244;759;14745;15569;3.82;0.23;416.82;29.06;1501;76;5353.00;824
13247;43;5831341;13247;757;14745;15569;3.81;0.23;416.83;29.06;1498;76;5354.00;824
13249;43;5831357;13249;755;14746;15571;3.81;0.23;416.83;29.06;1497;76;5355.00;825
13249;43;5831373;13249;751;14746;15571;3.83;0.23;416.83;29.06;1497;76;5356.00;825
13250;43;5831387;13250;755;14751;15577;3.88;0.24;416.86;29.07;1501;76;5357.00;826
13251;43;5831404;13251;762;14751;15577;3.89;0.24;416.83;29.07;1500;76;5358.00;826
13251;43;5831419;13251;745;14751;15577;3.89;0.24;416.83;29.07;1500;76;5359.00;826
13252;43;5831435;13252;736;14752;15578;3.90;0.24;416.85;29.09;1500;76;5360.00;826
13254;43;5831450;13254;723;14753;15578;3.92;0.24;416.91;29.11;1499;76;5361.00;825
13256;43;5831467;13256;709;14754;15578;3.91;0.24;416.85;29.13;1498;76;5362.00;824
13257;43;5831483;13257;703;14755;15578;3.94;0.24;416.85;29.15;1498;76;5363.00;823
13258;43;5831499;13258;701;14765;15590;4.01;0.24;416.84;29.15;1507;76;5364.00;825
13261;43;5831516;13261;689;14765;15590;4.04;0.25;416.89;29.15;1504;76;5365.00;825
13261;43;5831534;13261;681;14766;15590;4.06;0.25;416.89;29.17;1505;76;5366.00;824
13262;43;5831560;13262;680;14766;15590;4.09;0.25;416.96;29.17;1504;76;5367.00;824
13263;43;5831581;13263;667;14768;15590;4.16;0.25;416.95;29.21;1505;76;5368.00;822
13266;43;5831598;13266;661;14769;15590;4.20;0.26;416.97;29.23;1503;76;5369.00;821
13268;43;5831617;13268;657;14773;15594;4.24;0.26;416.96;29.24;1505;76;5370.00;821
13268;43;5831634;13268;648;14773;15594;4.30;0.26;416.96;29.24;1505;76;5371.00;821
13268;43;5831650;13268;637;14778;15598;4.38;0.27;416.96;29.28;1510;76;5372.00;820
13270;43;5831666;13270;630;14778;15599;4.38;0.27;417.01;29.28;1508;76;5373.00;821
13271;43;5831683;13271;634;14779;15599;4.41;0.27;417.00;29.30;1508;76;5374.00;820
13273;43;5831699;13273;624;14780;15599;4.41;0.27;416.98;29.32;1507;76;5375.00;819
13274;43;5831716;13274;621;14790;15612;4.49;0.27;416.97;29.30;1516;76;5376.00;822
13276;43;5831733;13276;612;14791;15612;4.51;0.27;416.99;29.32;1515;76;5377.00;821
13277;43;5831751;13277;603;14794;15612;4.59;0.28;417.02;29.37;1517;77;5378.00;818
13280;43;5831780;13280;595;14795;15613;4.62;0.28;417.03;29.37;1515;77;5379.00;818
13281;43;5831796;13281;599;14796;15614;4.66;0.28;417.04;29.39;1515;77;5380.00;818
13284;43;5831813;13284;590;14797;15614;4.66;0.28;417.08;29.41;1513;77;5381.00;817
13288;43;5831829;13288;588;14800;15617;4.65;0.28;417.09;29.44;1512;77;5382.00;817
13291;43;5831846;13291;581;14800;15617;4.64;0.28;417.22;29.44;1509;77;5383.00;817
13294;43;5831868;13294;578;14800;15617;4.68;0.28;417.20;29.44;1506;77;5384.00;817
13299;43;5831885;13299;570;14803;15617;4.66;0.28;417.43;29.61;1504;77;5385.00;814
13301;43;5831908;13301;564;14810;15623;4.71;0.29;417.40;29.78;1509;77;5386.00;813
13304;43;5831926;13304;566;14811;15623;4.72;0.29;417.34;29.79;1507;77;5387.00;812
13307;43;5831943;13307;567;14812;15623;4.67;0.28;417.54;29.81;1505;77;5388.00;811
13308;43;5831959;13308;573;14814;15623;4.65;0.28;417.66;29.84;1506;77;5389.00;809
13312;43;5831978;13312;578;14817;15627;4.61;0.28;417.71;29.84;1505;77;5390.00;810
13317;43;5832000;13317;581;14819;15628;4.55;0.28;417.94;29.87;1502;77;5391.00;809
13317;43;5832016;13317;592;14819;15628;4.58;0.28;417.94;29.87;1502;77;5392.00;809
13319;43;5832032;13319;586;14822;15629;4.57;0.28;418.03;29.90;1503;77;5393.00;807
13321;43;5832049;13321;589;14822;15629;4.56;0.28;417.98;29.90;1501;77;5394.00;807
13324;43;5832065;13324;596;14824;15629;4.50;0.27;418.11;29.94;1500;77;5395.00;805
13324;43;5832083;13324;591;14825;15629;4.49;0.27;418.11;29.95;1501;77;5396.00;804
13327;43;5832098;13327;597;14826;15629;4.49;0.27;418.23;29.97;1499;77;5397.00;803
13330;43;5832115;13330;610;14826;15629;4.46;0.27;418.33;29.97;1496;77;5398.00;803
13332;43;5832133;13332;610;14827;15629;4.45;0.27;418.41;29.99;1495;77;5399.00;802
