step_arrived;step_collisions;step_duration;step_ended;step_halting;step_inserted;step_loaded;step_meanSpeed;step_meanSpeedRelative;step_meanTravelTime;step_meanWaitingTime;step_running;step_teleports;step_time;step_waiting
0;0;5222009;0;1;88;245;16.34;1.15;-1.00;0.00;88;0;0.00;157
0;0;5222038;0;1;99;245;15.63;1.08;-1.00;0.11;99;0;1.00;146
0;0;5222039;0;2;120;245;14.72;1.00;-1.00;0.44;120;0;2.00;125
0;0;5222041;0;2;135;245;13.90;0.93;-1.00;0.73;135;0;3.00;110
0;0;5222042;0;1;149;245;12.88;0.86;-1.00;1.03;149;0;4.00;96
0;0;5222043;0;6;160;245;11.99;0.80;-1.00;1.31;160;0;5.00;85
0;0;5222045;0;6;173;245;11.05;0.73;-1.00;1.66;173;0;6.00;72
0;0;5222046;0;12;180;245;10.35;0.69;-1.00;1.87;180;0;7.00;65
0;0;5222048;0;16;192;246;9.61;0.64;-1.00;2.25;192;0;8.00;54
0;0;5222050;0;21;197;247;9.35;0.62;-1.00;2.42;197;0;9.00;50
0;0;5222052;0;21;204;247;9.12;0.60;-1.00;2.68;204;0;10.00;43
1;0;5222054;1;26;208;248;8.70;0.57;11.00;2.79;207;0;11.00;40
1;0;5222056;1;29;213;248;8.59;0.56;11.00;3.01;212;0;12.00;35
2;0;5222058;2;35;216;248;8.24;0.54;12.00;3.15;214;0;13.00;32
2;0;5222061;2;37;219;248;8.12;0.53;12.00;3.26;217;0;14.00;29
2;0;5222063;2;41;222;252;8.00;0.52;12.00;3.23;220;0;15.00;30
2;0;5222066;2;50;225;252;7.89;0.51;12.00;3.40;223;0;16.00;27
2;0;5222069;2;55;228;252;7.83;0.50;12.00;3.58;226;0;17.00;24
3;0;5222071;3;59;230;255;7.88;0.50;14.00;3.63;227;0;18.00;25
3;0;5222074;3;65;233;255;7.90;0.50;14.00;3.83;230;0;19.00;22
3;0;5222076;3;70;236;255;7.93;0.50;14.00;4.03;233;0;20.00;19
4;0;5222079;4;71;240;259;8.14;0.51;15.75;3.98;236;0;21.00;19
5;0;5222082;5;75;241;260;8.27;0.52;17.00;3.97;236;0;22.00;19
5;0;5222085;5;79;244;260;8.22;0.52;17.00;4.20;239;0;23.00;16
5;0;5222088;5;83;249;264;8.19;0.51;17.00;4.31;244;0;24.00;15
5;0;5222091;5;86;250;264;8.26;0.52;17.00;4.40;245;0;25.00;14
5;0;5222093;5;86;251;264;8.21;0.51;17.00;4.43;246;0;26.00;13
6;0;5222096;6;89;252;265;8.12;0.51;18.17;4.42;246;0;27.00;13
7;0;5222099;7;91;253;265;8.15;0.50;19.57;4.51;246;0;28.00;12
7;0;5222102;7;92;259;271;8.10;0.50;19.57;4.47;252;0;29.00;12
7;0;5222107;7;94;259;271;8.15;0.51;19.57;4.47;252;0;30.00;12
8;0;5222109;8;98;261;272;8.10;0.51;20.63;4.56;253;0;31.00;11
8;0;5222113;8;101;261;272;8.14;0.51;20.63;4.56;253;0;32.00;11
10;0;5222116;10;103;261;272;8.07;0.50;23.10;4.56;251;0;33.00;11
10;0;5222118;10;106;262;272;8.05;0.50;23.10;4.67;252;0;34.00;10
10;0;5222121;10;110;263;272;8.02;0.50;23.10;4.79;253;0;35.00;9
11;0;5222124;11;113;273;284;8.20;0.51;23.73;4.74;262;0;36.00;11
11;0;5222129;11;116;275;284;8.08;0.50;23.73;4.95;264;0;37.00;9
12;0;5222133;12;119;276;284;8.05;0.50;24.58;4.93;264;0;38.00;8
12;0;5222137;12;120;278;284;8.01;0.50;24.58;5.01;266;0;39.00;6
12;0;5222142;12;124;278;284;7.89;0.49;24.58;5.01;266;0;40.00;6
13;0;5222145;13;127;280;284;7.59;0.48;25.46;5.05;267;0;41.00;4
13;0;5222148;13;129;285;288;7.54;0.47;25.46;4.99;272;0;42.00;3
14;0;5222151;14;134;285;288;7.42;0.46;26.50;4.99;271;0;43.00;3
16;0;5222154;16;135;288;292;7.40;0.46;27.25;4.95;272;0;44.00;4
19;0;5222157;19;141;291;294;7.37;0.46;29.37;4.91;272;0;45.00;3
19;0;5222160;19;145;291;294;7.28;0.45;29.37;4.91;272;0;46.00;3
19;0;5222163;19;142;291;294;7.26;0.45;29.37;4.91;272;0;47.00;3
19;0;5222166;19;147;301;307;7.50;0.47;29.37;4.74;282;0;48.00;6
19;0;5222169;19;146;301;307;7.40;0.46;29.37;4.74;282;0;49.00;6
19;0;5222172;19;147;302;307;7.36;0.46;29.37;4.74;283;0;50.00;5
20;0;5222175;20;147;303;308;7.31;0.46;30.40;4.72;283;0;51.00;5
20;0;5222178;20;149;304;309;7.25;0.45;30.40;4.71;284;0;52.00;5
21;0;5222181;21;153;304;309;7.20;0.45;31.48;4.71;283;0;53.00;5
22;0;5222183;22;154;306;312;7.31;0.45;32.50;4.68;284;0;54.00;6
24;0;5222188;24;158;306;312;7.22;0.45;33.33;4.68;282;0;55.00;6
25;0;5222191;25;146;307;312;7.19;0.44;33.28;4.67;282;0;56.00;5
25;0;5222194;25;140;307;312;7.26;0.45;33.28;4.67;282;0;57.00;5
28;0;5222198;28;143;313;318;7.32;0.45;34.50;4.60;285;0;58.00;5
28;0;5222203;28;141;313;318;7.33;0.45;34.50;4.60;285;0;59.00;5
28;0;5222208;28;140;313;318;7.27;0.45;34.50;4.60;285;0;60.00;5
28;0;5222211;28;143;313;318;7.24;0.44;34.50;4.60;285;0;61.00;5
28;0;5222214;28;144;317;322;7.25;0.44;34.50;4.56;289;0;62.00;5
29;0;5222217;29;151;318;323;7.38;0.45;35.48;4.54;289;0;63.00;5
29;0;5222220;29;152;318;323;7.42;0.45;35.48;4.54;289;0;64.00;5
29;0;5222223;29;153;319;324;7.56;0.46;35.48;4.53;290;0;65.00;5
30;0;5222226;30;154;319;324;7.53;0.46;35.10;4.53;289;0;66.00;5
30;0;5222229;30;146;319;324;7.66;0.47;35.10;4.53;289;0;67.00;5
31;0;5222232;31;141;319;324;7.76;0.48;36.03;4.53;288;0;68.00;5
32;0;5222236;32;138;319;324;7.88;0.48;37.06;4.53;287;0;69.00;5
32;0;5222238;32;134;319;324;8.03;0.49;37.06;4.53;287;0;70.00;5
32;0;5222241;32;130;319;324;8.22;0.50;37.06;4.53;287;0;71.00;5
32;0;5222244;32;134;353;394;8.42;0.52;37.06;4.09;321;0;72.00;41
32;0;5222253;32;128;354;395;8.50;0.52;37.06;4.08;322;0;73.00;41
35;0;5222257;35;121;361;395;8.76;0.53;39.49;4.04;326;0;74.00;34
36;0;5222260;36;120;365;395;8.98;0.55;40.47;4.03;329;0;75.00;30
36;0;5222264;36;116;367;395;9.21;0.56;40.47;4.03;331;0;76.00;28
37;0;5222268;37;116;369;395;9.43;0.57;41.24;4.04;332;0;77.00;26
38;0;5222271;38;115;371;395;9.57;0.58;42.21;4.05;333;0;78.00;24
38;0;5222275;38;121;374;395;9.70;0.59;42.21;4.07;336;0;79.00;21
39;0;5222278;39;121;377;396;9.76;0.59;42.69;4.10;338;0;80.00;19
39;0;5222282;39;118;378;397;9.76;0.59;42.69;4.12;339;0;81.00;19
39;0;5222292;39;122;380;397;9.78;0.59;42.69;4.13;341;0;82.00;17
40;0;5222296;40;126;385;401;9.54;0.58;43.70;4.11;345;0;83.00;16
41;0;5222301;41;130;386;401;9.37;0.57;44.68;4.11;345;0;84.00;15
41;0;5222306;41;130;386;401;9.19;0.56;44.68;4.11;345;0;85.00;15
41;0;5222309;41;134;386;401;9.03;0.55;44.68;4.11;345;0;86.00;15
42;0;5222314;42;133;391;407;8.89;0.54;45.67;4.07;349;0;87.00;16
43;0;5222320;43;136;391;407;8.68;0.53;46.53;4.07;348;0;88.00;16
45;0;5222324;45;135;391;407;8.42;0.51;48.42;4.07;346;0;89.00;16
45;0;5222329;45;134;395;413;8.38;0.51;48.42;4.03;350;0;90.00;18
46;0;5222333;46;131;395;413;8.27;0.50;49.35;4.03;349;0;91.00;18
48;0;5222337;48;132;397;413;8.25;0.50;51.13;4.02;349;0;92.00;16
49;0;5222340;49;134;398;414;8.14;0.50;51.98;4.01;349;0;93.00;16
51;0;5222344;51;130;399;415;8.22;0.50;53.63;4.01;348;0;94.00;16
51;0;5222348;51;127;399;415;8.33;0.51;53.63;4.01;348;0;95.00;16
53;0;5222351;53;125;410;428;8.29;0.51;53.87;3.90;357;0;96.00;18
53;0;5222356;53;118;410;428;8.47;0.52;53.87;3.90;357;0;97.00;18
54;0;5222360;54;113;410;428;8.60;0.53;54.69;3.90;356;0;98.00;18
56;0;5222363;56;109;411;429;8.86;0.54;56.09;3.89;355;0;99.00;18
56;0;5222368;56;109;413;429;9.05;0.55;56.09;4.00;357;0;100.00;16
58;0;5222377;58;102;416;433;9.29;0.57;57.28;3.98;358;0;101.00;17
61;0;5222382;61;101;416;433;9.42;0.57;59.44;3.98;355;0;102.00;17
61;0;5222386;61;98;420;437;9.58;0.58;59.44;3.95;359;0;103.00;17
61;0;5222391;61;92;420;437;9.74;0.59;59.44;3.95;359;0;104.00;17
63;0;5222394;63;86;420;437;9.94;0.60;60.89;3.95;357;0;105.00;17
64;0;5222398;64;81;420;437;10.13;0.61;61.56;3.95;356;0;106.00;17
64;0;5222403;64;77;420;437;10.27;0.62;61.56;3.95;356;0;107.00;17
66;0;5222407;66;73;430;449;10.43;0.63;62.80;3.86;364;0;108.00;19
66;0;5222413;66;71;431;449;10.53;0.64;62.80;3.86;365;0;109.00;18
67;0;5222418;67;72;432;449;10.61;0.65;63.51;3.85;365;0;110.00;17
67;0;5222422;67;72;433;449;10.72;0.65;63.51;4.10;366;0;111.00;16
68;0;5222427;68;71;433;449;10.76;0.65;64.22;4.10;365;0;112.00;16
69;0;5222431;69;75;433;449;10.79;0.66;64.93;4.10;364;0;113.00;16
70;0;5222436;70;77;435;450;10.70;0.65;65.11;4.34;365;0;114.00;15
70;0;5222441;70;78;436;450;10.64;0.65;65.11;4.43;366;0;115.00;14
70;0;5222445;70;80;441;456;10.75;0.66;65.11;4.39;371;0;116.00;15
72;0;5222451;72;80;442;457;10.70;0.65;66.47;4.65;370;0;117.00;15
72;0;5222457;72;81;444;457;10.76;0.66;66.47;4.73;372;0;118.00;13
72;0;5222462;72;83;446;457;10.80;0.66;66.47;4.98;374;0;119.00;11
73;0;5222469;73;86;450;462;10.89;0.67;67.21;4.93;377;0;120.00;12
74;0;5222475;74;88;452;462;10.98;0.67;67.78;5.18;378;0;121.00;10
75;0;5222481;75;90;452;462;11.05;0.68;68.47;5.18;377;0;122.00;10
78;0;5222487;78;89;456;463;11.17;0.68;69.74;5.47;378;0;123.00;7
79;0;5222493;79;90;461;467;11.18;0.68;70.38;5.54;382;0;124.00;6
81;0;5222499;81;91;463;467;11.36;0.69;71.69;5.65;382;0;125.00;4
82;0;5222506;82;92;466;470;11.55;0.70;72.35;5.68;384;0;126.00;4
83;0;5222512;83;93;469;470;11.69;0.71;72.14;5.74;386;0;127.00;1
83;0;5222519;83;93;469;470;11.84;0.72;72.14;5.74;386;0;128.00;1
83;0;5222525;83;92;469;470;11.96;0.73;72.14;5.74;386;0;129.00;1
84;0;5222531;84;93;474;474;12.08;0.74;71.98;5.70;390;0;130.00;0
85;0;5222538;85;92;474;474;12.12;0.74;72.65;5.70;389;0;131.00;0
86;0;5222544;86;93;474;474;12.18;0.75;72.08;5.70;388;0;132.00;0
89;0;5222552;89;93;474;474;12.21;0.75;73.79;5.70;385;0;133.00;0
90;0;5222558;90;96;475;475;12.10;0.74;74.46;5.69;385;0;134.00;0
91;0;5222566;91;95;477;477;11.97;0.73;75.12;5.67;386;0;135.00;0
92;0;5222574;92;95;477;477;11.95;0.73;75.26;5.67;385;0;136.00;0
92;0;5222580;92;99;478;478;11.90;0.73;75.26;5.66;386;0;137.00;0
93;0;5222585;93;100;478;478;11.91;0.73;75.16;5.66;385;0;138.00;0
93;0;5222591;93;103;478;478;11.86;0.73;75.16;5.66;385;0;139.00;0
93;0;5222597;93;105;478;478;11.77;0.72;75.16;5.66;385;0;140.00;0
93;0;5222602;93;106;478;478;11.61;0.71;75.16;5.66;385;0;141.00;0
95;0;5222607;95;107;478;478;11.50;0.71;76.43;5.66;383;0;142.00;0
95;0;5222613;95;108;478;478;11.37;0.70;76.43;5.66;383;0;143.00;0
97;0;5222619;97;127;552;605;11.18;0.70;77.08;4.91;455;0;144.00;53
101;0;5222639;101;124;559;606;11.12;0.70;79.60;4.86;458;0;145.00;47
102;0;5222645;102;122;568;606;11.14;0.70;80.23;4.81;466;0;146.00;38
104;0;5222652;104;120;570;606;11.08;0.70;81.13;4.81;466;0;147.00;36
109;0;5222658;109;123;575;606;11.04;0.69;84.06;4.80;466;0;148.00;31
112;0;5222663;112;120;578;606;10.88;0.68;85.70;4.80;466;0;149.00;28
115;0;5222671;115;123;583;611;10.66;0.66;87.33;4.79;468;0;150.00;28
117;0;5222679;117;121;584;611;10.60;0.66;88.11;4.79;467;0;151.00;27
117;0;5222685;117;121;587;612;10.55;0.65;88.11;4.81;470;0;152.00;25
119;0;5222692;119;122;589;613;10.53;0.65;89.20;4.83;470;0;153.00;24
120;0;5222698;120;125;591;613;10.46;0.65;89.73;4.84;471;0;154.00;22
120;0;5222706;120;129;593;614;10.35;0.64;89.73;4.85;473;0;155.00;21
124;0;5222714;124;131;599;614;10.00;0.62;90.62;4.90;475;0;156.00;15
125;0;5222724;125;129;601;614;9.77;0.61;91.12;4.93;476;0;157.00;13
127;0;5222730;127;141;602;614;9.55;0.59;91.76;4.94;475;0;158.00;12
128;0;5222737;128;139;607;618;9.39;0.58;91.15;4.95;479;0;159.00;11
131;0;5222744;131;138;609;618;9.26;0.58;92.24;4.98;478;0;160.00;9
133;0;5222754;133;145;612;618;9.18;0.57;93.19;5.01;479;0;161.00;6
137;0;5222760;137;152;614;621;9.11;0.56;93.37;5.00;477;0;162.00;7
139;0;5222768;139;158;615;621;9.01;0.56;93.40;5.02;476;0;163.00;6
139;0;5222774;139;158;615;621;8.96;0.55;93.40;5.02;476;0;164.00;6
140;0;5222782;140;146;620;625;8.85;0.55;93.91;5.05;480;0;165.00;5
143;0;5222791;143;145;621;626;8.75;0.54;94.22;5.05;478;0;166.00;5
144;0;5222797;144;140;622;626;8.78;0.54;94.63;5.08;478;0;167.00;4
144;0;5222804;144;137;626;630;8.87;0.55;94.63;5.07;482;0;168.00;4
144;0;5222811;144;133;626;630;8.98;0.56;94.63;5.07;482;0;169.00;4
145;0;5222817;145;134;630;630;9.04;0.56;94.33;5.09;485;0;170.00;0
145;0;5222823;145;139;631;631;9.09;0.56;94.33;5.08;486;0;171.00;0
145;0;5222829;145;135;631;631;9.20;0.57;94.33;5.08;486;0;172.00;0
145;0;5222835;145;132;637;637;9.35;0.58;94.33;5.05;492;0;173.00;0
147;0;5222842;147;135;637;637;9.40;0.58;95.33;5.05;490;0;174.00;0
150;0;5222848;150;132;638;638;9.39;0.58;96.39;5.04;488;0;175.00;0
152;0;5222854;152;126;638;638;9.46;0.58;96.13;5.04;486;0;176.00;0
153;0;5222860;153;128;638;638;9.59;0.59;96.65;5.04;485;0;177.00;0
156;0;5222867;156;132;638;638;9.59;0.59;97.03;5.04;482;0;178.00;0
158;0;5222873;158;135;638;638;9.74;0.60;97.27;5.04;480;0;179.00;0
158;0;5222882;158;146;668;672;9.91;0.61;97.27;4.81;510;0;180.00;4
161;0;5222892;161;143;668;672;9.92;0.61;97.45;4.81;507;0;181.00;4
164;0;5222899;164;146;671;672;9.94;0.61;97.67;4.80;507;0;182.00;1
166;0;5222905;166;148;671;672;9.88;0.61;98.24;4.80;505;0;183.00;1
170;0;5222911;170;149;672;672;9.82;0.60;98.49;4.80;502;0;184.00;0
172;0;5222917;172;152;672;672;9.71;0.59;99.08;4.80;500;0;185.00;0
174;0;5222924;174;154;676;676;9.63;0.59;98.73;4.78;502;0;186.00;0
175;0;5222930;175;159;676;676;9.49;0.58;98.62;4.78;501;0;187.00;0
176;0;5222937;176;163;680;680;9.39;0.58;99.11;4.75;504;0;188.00;0
179;0;5222944;179;168;681;681;9.26;0.57;98.50;4.75;502;0;189.00;0
180;0;5222950;180;173;681;681;9.10;0.56;98.55;4.75;501;0;190.00;0
185;0;5222956;185;178;681;681;8.88;0.55;98.33;4.75;496;0;191.00;0
185;0;5222962;185;184;694;694;8.79;0.54;98.33;4.66;509;0;192.00;0
186;0;5222969;186;188;694;694;8.71;0.54;97.92;4.66;508;0;193.00;0
188;0;5222975;188;193;694;694;8.62;0.53;97.40;4.66;506;0;194.00;0
193;0;5222983;193;197;695;695;8.50;0.52;98.49;4.65;502;0;195.00;0
194;0;5222990;194;205;696;696;8.37;0.51;98.38;4.65;502;0;196.00;0
195;0;5222997;195;214;696;696;8.22;0.51;98.14;4.65;501;0;197.00;0
199;0;5223002;199;215;698;699;8.06;0.49;98.86;4.63;499;0;198.00;1
200;0;5223009;200;221;698;699;7.95;0.49;98.64;4.63;498;0;199.00;1
202;0;5223015;202;226;699;699;7.79;0.48;99.28;4.63;497;0;200.00;0
204;0;5223024;204;227;699;699;7.60;0.47;99.37;4.63;495;0;201.00;0
205;0;5223030;205;228;705;705;7.45;0.46;99.83;4.60;500;0;202.00;0
207;0;5223036;207;232;705;705;7.28;0.45;99.69;4.60;498;0;203.00;0
207;0;5223041;207;239;705;705;7.16;0.44;99.69;4.60;498;0;204.00;0
208;0;5223047;208;245;705;705;7.02;0.43;99.83;4.60;497;0;205.00;0
208;0;5223057;208;247;709;709;6.91;0.43;99.83;4.58;501;0;206.00;0
209;0;5223063;209;254;710;710;6.82;0.42;99.66;4.57;501;0;207.00;0
209;0;5223068;209;261;710;710;6.76;0.42;99.66;4.57;501;0;208.00;0
211;0;5223073;211;262;711;711;6.63;0.41;99.79;4.57;500;0;209.00;0
213;0;5223081;213;269;711;711;6.55;0.40;100.77;4.57;498;0;210.00;0
214;0;5223086;214;272;711;711;6.43;0.40;100.39;4.57;497;0;211.00;0
215;0;5223092;215;263;711;711;6.40;0.40;100.54;4.57;496;0;212.00;0
215;0;5223097;215;259;711;711;6.49;0.40;100.54;4.57;496;0;213.00;0
215;0;5223103;215;241;711;711;6.59;0.41;100.54;4.57;496;0;214.00;0
216;0;5223109;216;231;711;711;6.72;0.41;100.88;4.57;495;0;215.00;0
217;0;5223120;217;237;755;781;7.17;0.44;100.99;4.30;538;0;216.00;26
220;0;5223131;220;226;757;782;7.30;0.45;102.28;4.29;537;0;217.00;25
222;0;5223138;222;217;764;782;7.49;0.46;102.54;4.27;542;0;218.00;18
223;0;5223144;223;216;765;782;7.57;0.46;103.05;4.27;542;0;219.00;17
226;0;5223151;226;216;769;782;7.67;0.47;104.59;4.27;543;0;220.00;13
229;0;5223157;229;197;769;782;7.80;0.47;105.67;4.27;540;0;221.00;13
229;0;5223164;229;192;772;782;7.94;0.48;105.67;4.28;543;0;222.00;10
229;1;5223171;229;184;775;782;8.04;0.49;105.67;4.29;546;1;223.00;7
229;1;5223188;229;178;778;783;8.09;0.50;105.67;4.30;549;1;224.00;5
231;1;5223195;231;169;783;785;8.09;0.49;106.23;4.32;552;1;225.00;2
232;1;5223208;232;163;785;785;8.19;0.50;105.86;4.31;553;1;226.00;0
234;1;5223215;234;158;789;789;8.35;0.51;105.96;4.30;555;1;227.00;0
235;1;5223223;235;162;789;789;8.48;0.52;105.87;4.30;554;1;228.00;0
235;1;5223229;235;161;789;789;8.66;0.53;105.87;4.30;554;1;229.00;0
236;1;5223236;236;160;789;789;8.79;0.54;105.99;4.30;553;1;230.00;0
238;1;5223243;238;158;795;795;8.90;0.54;106.85;4.27;557;1;231.00;0
239;1;5223251;239;151;795;795;9.01;0.55;107.35;4.27;556;1;232.00;0
242;1;5223258;242;148;795;795;9.01;0.55;108.59;4.27;553;1;233.00;0
243;1;5223264;243;142;797;798;9.13;0.56;109.09;4.26;554;1;234.00;1
243;1;5223272;243;141;797;798;9.20;0.56;109.09;4.26;554;1;235.00;1
244;1;5223278;244;138;798;798;9.28;0.57;109.02;4.26;554;1;236.00;0
245;1;5223285;245;137;799;799;9.39;0.58;109.03;4.25;554;1;237.00;0
248;1;5223291;248;132;800;800;9.48;0.58;109.92;4.25;552;1;238.00;0
253;1;5223298;253;126;800;800;9.59;0.59;110.26;4.25;547;1;239.00;0
256;1;5223306;256;127;824;826;9.56;0.59;111.27;4.13;568;1;240.00;2
257;1;5223315;257;120;825;826;9.75;0.60;111.13;4.12;568;1;241.00;1
261;1;5223321;261;123;826;826;9.80;0.60;111.92;4.12;565;1;242.00;0
262;1;5223328;262;117;827;827;10.01;0.61;111.87;4.11;565;1;243.00;0
263;1;5223335;263;116;827;827;10.10;0.62;111.83;4.11;564;1;244.00;0
263;1;5223342;263;117;831;831;10.15;0.62;111.83;4.10;568;1;245.00;0
265;1;5223356;265;114;831;831;10.15;0.62;112.77;4.10;566;1;246.00;0
268;1;5223362;268;123;835;835;10.05;0.62;113.70;4.09;567;1;247.00;0
269;1;5223369;269;124;835;835;10.07;0.62;113.67;4.09;566;1;248.00;0
275;1;5223376;275;129;835;835;10.04;0.61;115.16;4.09;560;1;249.00;0
281;1;5223382;281;131;835;835;10.04;0.61;117.22;4.09;554;1;250.00;0
281;1;5223389;281;135;835;835;10.07;0.61;117.22;4.09;554;1;251.00;0
284;1;5223394;284;138;846;847;9.97;0.61;118.18;4.03;562;1;252.00;1
285;1;5223402;285;147;846;847;9.92;0.60;118.38;4.03;561;1;253.00;1
285;1;5223408;285;149;847;847;9.94;0.61;118.38;4.03;562;1;254.00;0
288;1;5223414;288;147;847;847;9.90;0.60;119.04;4.03;559;1;255.00;0
288;1;5223421;288;147;847;847;9.98;0.61;119.04;4.03;559;1;256.00;0
290;1;5223427;290;147;847;847;10.11;0.61;119.47;4.03;557;1;257.00;0
291;1;5223434;291;143;848;848;10.22;0.62;119.77;4.03;557;1;258.00;0
292;1;5223440;292;136;848;848;10.36;0.63;119.68;4.03;556;1;259.00;0
294;1;5223452;294;129;854;854;10.43;0.63;119.77;4.00;560;1;260.00;0
299;1;5223459;299;125;855;855;10.49;0.63;120.07;4.00;556;1;261.00;0
302;1;5223465;302;114;855;855;10.52;0.64;120.48;4.00;553;1;262.00;0
303;1;5223472;303;113;855;855;10.53;0.64;120.71;4.00;552;1;263.00;0
306;1;5223484;306;109;859;859;10.61;0.64;121.41;3.98;553;1;264.00;0
307;1;5223491;307;105;859;859;10.71;0.65;121.69;3.98;552;1;265.00;0
309;1;5223498;309;103;859;859;10.70;0.65;121.78;3.98;550;1;266.00;0
311;1;5223504;311;102;860;860;10.78;0.65;122.21;3.98;549;1;267.00;0
315;1;5223511;315;102;864;864;10.72;0.65;122.12;3.96;549;1;268.00;0
316;1;5223519;316;96;864;864;10.81;0.65;122.13;3.96;548;1;269.00;0
319;1;5223527;319;92;868;870;10.86;0.66;122.52;3.95;549;1;270.00;2
322;1;5223540;322;94;869;870;10.97;0.66;122.59;3.94;547;1;271.00;1
325;1;5223546;325;93;870;870;11.02;0.67;122.46;3.94;545;1;272.00;0
328;1;5223553;328;93;870;870;11.07;0.67;122.52;3.94;542;1;273.00;0
328;1;5223560;328;93;874;874;11.17;0.67;122.52;3.93;546;1;274.00;0
329;1;5223567;329;93;874;874;11.18;0.67;122.62;3.93;545;1;275.00;0
332;1;5223574;332;95;874;874;11.27;0.68;122.92;3.93;542;1;276.00;0
333;1;5223581;333;93;874;874;11.28;0.68;122.62;3.93;541;1;277.00;0
334;1;5223588;334;93;875;875;11.20;0.68;122.53;3.92;541;1;278.00;0
335;1;5223595;335;87;876;876;11.27;0.68;122.46;3.92;541;1;279.00;0
335;1;5223602;335;86;876;876;11.26;0.68;122.46;3.92;541;1;280.00;0
336;1;5223609;336;84;877;877;11.29;0.68;122.50;3.92;541;1;281.00;0
337;1;5223616;337;84;877;877;11.29;0.69;122.55;3.92;540;1;282.00;0
338;1;5223623;338;86;877;877;11.29;0.69;123.01;3.92;539;1;283.00;0
339;1;5223630;339;88;877;877;11.25;0.68;123.45;3.92;538;1;284.00;0
340;1;5223637;340;90;877;877;11.30;0.69;123.22;3.92;537;1;285.00;0
343;1;5223644;343;89;877;877;11.36;0.69;123.71;3.92;534;1;286.00;0
343;1;5223651;343;93;877;877;11.39;0.69;123.71;3.92;534;1;287.00;0
344;1;5223658;344;112;946;1004;11.17;0.69;124.14;3.63;602;1;288.00;58
344;1;5223675;344;99;947;1005;11.24;0.70;124.14;3.63;603;1;289.00;58
345;1;5223684;345;99;956;1005;11.35;0.70;124.59;3.62;611;1;290.00;49
345;1;5223691;345;101;960;1005;11.30;0.70;124.59;3.61;615;1;291.00;45
346;1;5223698;346;100;967;1005;11.32;0.70;125.02;3.62;621;1;292.00;38
348;1;5223706;348;100;969;1005;11.32;0.70;125.87;3.62;621;1;293.00;36
349;1;5223714;349;105;973;1005;11.32;0.70;125.67;3.63;624;1;294.00;32
351;1;5223722;351;101;976;1005;11.39;0.70;126.00;3.64;625;1;295.00;29
352;1;5223730;352;105;978;1006;11.44;0.71;126.47;3.65;626;1;296.00;28
353;1;5223738;353;107;982;1007;11.53;0.71;126.53;3.67;629;1;297.00;25
358;1;5223747;358;104;985;1007;11.48;0.71;127.43;3.69;627;1;298.00;22
362;1;5223754;362;108;986;1008;11.40;0.70;128.25;3.70;624;1;299.00;22
364;1;5223765;364;115;992;1014;11.25;0.70;128.65;3.72;628;1;300.00;22
366;1;5223776;366;113;994;1014;11.09;0.69;128.76;3.73;628;1;301.00;20
366;1;5223785;366;118;997;1014;10.97;0.68;128.76;3.76;631;1;302.00;17
369;1;5223792;369;118;1001;1018;10.77;0.67;129.22;3.78;632;1;303.00;17
374;1;5223801;374;124;1002;1018;10.62;0.66;130.10;3.79;628;1;304.00;16
377;1;5223808;377;129;1005;1018;10.47;0.65;130.62;3.82;628;1;305.00;13
378;1;5223816;378;137;1008;1021;10.40;0.64;131.06;3.82;630;1;306.00;13
380;1;5223824;380;145;1009;1021;10.31;0.64;131.32;3.82;629;1;307.00;12
382;1;5223831;382;150;1012;1021;10.17;0.63;131.76;3.85;630;1;308.00;9
385;1;5223838;385;155;1016;1025;9.97;0.61;132.65;3.86;631;1;309.00;9
387;1;5223846;387;165;1018;1026;9.77;0.60;133.07;3.87;631;1;310.00;8
392;1;5223853;392;174;1020;1026;9.58;0.59;133.71;3.90;628;1;311.00;6
396;1;5223862;396;183;1025;1030;9.41;0.57;134.75;3.91;629;1;312.00;5
397;1;5223870;397;187;1027;1030;9.19;0.56;134.82;3.91;630;1;313.00;3
399;1;5223876;399;188;1029;1030;9.04;0.55;134.87;3.94;630;1;314.00;1
400;1;5223884;400;192;1031;1032;8.83;0.54;135.02;3.93;631;1;315.00;1
402;1;5223891;402;192;1032;1032;8.67;0.53;134.94;3.94;630;1;316.00;0
402;1;5223898;402;195;1038;1038;8.57;0.52;134.94;3.92;636;1;317.00;0
405;1;5223905;405;198;1038;1038;8.43;0.51;134.97;3.92;633;1;318.00;0
405;1;5223913;405;201;1039;1039;8.34;0.51;134.97;3.92;634;1;319.00;0
406;1;5223920;406;207;1039;1039;8.24;0.50;134.83;3.92;633;1;320.00;0
406;1;5223926;406;203;1039;1039;8.16;0.50;134.83;3.92;633;1;321.00;0
406;1;5223933;406;210;1039;1039;8.06;0.49;134.83;3.92;633;1;322.00;0
408;1;5223939;408;215;1039;1039;8.04;0.49;134.88;3.92;631;1;323.00;0
409;1;5223946;409;218;1051;1051;8.07;0.49;134.70;3.87;642;1;324.00;0
410;1;5223954;410;222;1051;1051;8.07;0.50;134.63;3.87;641;1;325.00;0
415;1;5223961;415;218;1051;1051;8.05;0.49;135.36;3.87;636;1;326.00;0
417;1;5223968;417;223;1051;1051;7.99;0.49;135.35;3.87;634;1;327.00;0
419;1;5223975;419;226;1051;1051;7.95;0.49;135.32;3.87;632;1;328.00;0
422;1;5223981;422;223;1051;1051;7.81;0.48;136.08;3.87;629;1;329.00;0
424;1;5223989;424;215;1055;1055;7.71;0.47;136.71;3.86;631;1;330.00;0
427;1;5223999;427;214;1055;1055;7.65;0.47;138.05;3.86;628;1;331.00;0
431;1;5224009;431;208;1059;1059;7.60;0.47;139.55;3.85;628;1;332.00;0
432;1;5224019;432;204;1060;1060;7.66;0.47;140.00;3.85;628;1;333.00;0
437;1;5224026;437;207;1060;1060;7.76;0.48;140.06;3.85;623;1;334.00;0
441;1;5224033;441;206;1060;1060;7.80;0.48;141.28;3.85;619;1;335.00;0
442;1;5224039;442;209;1072;1073;7.89;0.48;141.22;3.80;630;1;336.00;1
447;1;5224053;447;209;1073;1073;7.97;0.49;142.28;3.80;626;1;337.00;0
447;1;5224061;447;202;1073;1073;8.02;0.49;142.28;3.80;626;1;338.00;0
452;1;5224067;452;207;1074;1074;8.04;0.49;142.68;3.80;622;1;339.00;0
456;1;5224074;456;209;1075;1075;7.99;0.49;142.23;3.80;619;1;340.00;0
459;1;5224081;459;211;1075;1075;7.99;0.49;142.47;3.80;616;1;341.00;0
464;1;5224089;464;213;1077;1078;8.01;0.49;143.29;3.79;613;1;342.00;1
466;1;5224096;466;213;1077;1078;8.07;0.49;143.27;3.79;611;1;343.00;1
467;1;5224103;467;218;1078;1078;8.14;0.50;143.39;3.79;611;1;344.00;0
471;1;5224110;471;217;1078;1078;8.11;0.50;143.41;3.79;607;1;345.00;0
476;1;5224117;476;215;1084;1084;8.14;0.50;143.98;3.77;608;1;346.00;0
478;1;5224125;478;216;1084;1084;8.05;0.49;143.92;3.77;606;1;347.00;0
480;1;5224131;480;216;1084;1084;7.95;0.49;144.12;3.77;604;1;348.00;0
483;1;5224138;483;218;1084;1084;7.85;0.48;143.84;3.77;601;1;349.00;0
486;1;5224145;486;221;1088;1088;7.78;0.48;143.79;3.76;602;1;350.00;0
487;1;5224152;487;229;1089;1089;7.74;0.47;143.85;3.76;602;1;351.00;0
489;1;5224160;489;231;1089;1089;7.62;0.47;143.51;3.76;600;1;352.00;0
491;1;5224167;491;236;1090;1090;7.57;0.46;143.97;3.76;599;1;353.00;0
492;1;5224174;492;239;1090;1090;7.49;0.46;143.81;3.76;598;1;354.00;0
492;1;5224186;492;246;1090;1090;7.32;0.45;143.81;3.76;598;1;355.00;0
493;1;5224192;493;246;1090;1090;7.25;0.44;143.61;3.76;597;1;356.00;0
494;1;5224199;494;257;1090;1090;7.18;0.44;143.98;3.76;596;1;357.00;0
495;1;5224206;495;264;1090;1090;7.16;0.44;143.83;3.76;595;1;358.00;0
497;1;5224212;497;262;1090;1090;7.08;0.43;143.62;3.76;593;1;359.00;0
498;1;5224221;498;286;1165;1215;7.35;0.46;143.47;3.51;667;1;360.00;50
501;1;5224237;501;271;1171;1216;7.29;0.46;143.83;3.50;670;1;361.00;45
503;1;5224245;503;256;1180;1216;7.36;0.46;143.90;3.49;677;1;362.00;36
503;1;5224253;503;248;1183;1216;7.40;0.46;143.90;3.49;680;1;363.00;33
505;1;5224261;505;241;1187;1216;7.43;0.46;144.26;3.49;682;1;364.00;29
505;1;5224269;505;238;1189;1216;7.51;0.47;144.26;3.49;684;1;365.00;27
506;1;5224277;506;236;1193;1216;7.55;0.47;144.48;3.50;687;1;366.00;23
508;1;5224285;508;231;1195;1216;7.60;0.47;144.74;3.51;687;1;367.00;21
509;1;5224294;509;233;1201;1217;7.65;0.47;144.73;3.53;692;1;368.00;16
509;1;5224303;509;237;1203;1218;7.71;0.48;144.73;3.54;694;1;369.00;15
509;1;5224311;509;236;1205;1218;7.68;0.47;144.73;3.55;696;1;370.00;13
510;1;5224319;510;239;1210;1222;7.71;0.47;144.82;3.55;700;1;371.00;12
512;1;5224328;512;245;1214;1222;7.66;0.47;144.77;3.57;702;1;372.00;8
513;1;5224341;513;251;1215;1222;7.63;0.47;145.17;3.58;702;1;373.00;7
513;1;5224353;513;254;1217;1222;7.61;0.47;145.17;3.59;704;1;374.00;5
513;1;5224366;513;258;1223;1228;7.54;0.47;145.17;3.59;710;1;375.00;5
516;1;5224377;516;264;1225;1228;7.54;0.46;145.48;3.61;709;1;376.00;3
517;1;5224387;517;257;1226;1228;7.55;0.46;145.56;3.62;709;1;377.00;2
517;1;5224396;517;259;1230;1231;7.54;0.46;145.56;3.62;713;1;378.00;1
518;1;5224406;518;256;1231;1231;7.57;0.47;145.65;3.62;713;1;379.00;0
521;1;5224415;521;252;1231;1231;7.61;0.47;145.55;3.62;710;1;380.00;0
522;1;5224424;522;249;1232;1232;7.64;0.47;145.99;3.62;710;1;381.00;0
525;1;5224433;525;256;1233;1233;7.69;0.47;145.95;3.62;708;1;382.00;0
528;1;5224442;528;256;1233;1233;7.74;0.47;146.00;3.62;705;1;383.00;0
532;1;5224451;532;255;1246;1246;7.79;0.48;146.67;3.58;714;1;384.00;0
535;1;5224461;535;259;1246;1246;7.78;0.48;146.79;3.58;711;1;385.00;0
536;1;5224470;536;247;1246;1246;7.85;0.48;146.93;3.58;710;1;386.00;0
538;1;5224479;538;236;1247;1247;7.89;0.48;147.23;3.58;709;1;387.00;0
541;1;5224488;541;225;1247;1247;7.94;0.48;147.75;3.58;706;1;388.00;0
542;1;5224496;542;223;1251;1251;7.99;0.49;147.93;3.57;709;1;389.00;0
545;1;5224508;545;219;1251;1251;7.99;0.49;148.26;3.57;706;1;390.00;0
545;1;5224517;545;224;1255;1255;7.96;0.48;148.26;3.56;710;1;391.00;0
547;1;5224527;547;222;1255;1255;8.11;0.49;148.63;3.56;708;1;392.00;0
549;1;5224536;549;218;1255;1255;8.23;0.50;148.59;3.56;706;1;393.00;0
550;1;5224545;550;216;1255;1255;8.31;0.50;148.67;3.56;705;1;394.00;0
552;1;5224553;552;219;1255;1255;8.38;0.51;149.17;3.56;703;1;395.00;0
557;1;5224562;557;216;1265;1267;8.44;0.51;150.12;3.53;708;1;396.00;2
560;1;5224572;560;210;1265;1267;8.51;0.52;151.03;3.53;705;1;397.00;2
563;1;5224581;563;212;1267;1267;8.64;0.53;151.71;3.53;704;1;398.00;0
564;1;5224591;564;204;1267;1267;8.79;0.54;151.75;3.53;703;1;399.00;0
567;1;5224600;567;200;1267;1267;8.90;0.54;152.05;3.53;700;1;400.00;0
569;1;5224613;569;191;1267;1267;8.97;0.55;152.63;3.53;698;1;401.00;0
572;1;5224622;572;189;1268;1268;9.00;0.55;153.05;3.53;696;1;402.00;0
574;1;5224631;574;185;1268;1268;9.05;0.55;153.34;3.53;694;1;403.00;0
575;1;5224645;575;181;1274;1274;9.18;0.56;153.66;3.51;699;1;404.00;0
577;1;5224654;577;177;1276;1276;9.20;0.56;154.16;3.51;699;1;405.00;0
579;1;5224663;579;177;1276;1276;9.21;0.56;154.49;3.51;697;1;406.00;0
580;1;5224672;580;176;1276;1276;9.25;0.56;154.43;3.51;696;1;407.00;0
582;1;5224681;582;176;1280;1280;9.22;0.56;154.95;3.50;698;1;408.00;0
584;1;5224689;584;176;1280;1280;9.20;0.56;155.26;3.50;696;1;409.00;0
585;1;5224698;585;177;1280;1280;9.20;0.56;155.43;3.50;695;1;410.00;0
586;1;5224706;586;177;1281;1281;9.22;0.56;155.81;3.50;695;1;411.00;0
586;1;5224714;586;181;1285;1285;9.25;0.56;155.81;3.49;699;1;412.00;0
588;1;5224724;588;181;1285;1285;9.27;0.57;156.18;3.49;697;1;413.00;0
589;1;5224733;589;184;1287;1288;9.33;0.57;156.25;3.48;698;1;414.00;1
591;1;5224741;591;186;1287;1288;9.41;0.58;156.14;3.48;696;1;415.00;1
595;1;5224750;595;187;1288;1288;9.44;0.58;157.04;3.48;693;1;416.00;0
598;1;5224758;598;187;1288;1288;9.40;0.57;157.71;3.48;690;1;417.00;0
600;1;5224767;600;190;1292;1292;9.42;0.58;158.26;3.47;692;1;418.00;0
603;1;5224776;603;196;1292;1292;9.40;0.58;158.96;3.47;689;1;419.00;0
604;1;5224786;604;184;1292;1292;9.38;0.57;159.37;3.47;688;1;420.00;0
605;1;5224795;605;185;1292;1292;9.41;0.58;159.67;3.47;687;1;421.00;0
607;1;5224803;607;174;1293;1293;9.46;0.58;159.55;3.47;686;1;422.00;0
612;1;5224812;612;179;1294;1294;9.52;0.58;159.57;3.47;682;1;423.00;0
615;1;5224822;615;168;1294;1294;9.60;0.59;159.33;3.47;679;1;424.00;0
621;1;5224830;621;161;1295;1295;9.68;0.59;160.70;3.47;674;1;425.00;0
624;1;5224841;624;151;1295;1295;9.74;0.60;161.15;3.47;671;1;426.00;0
629;1;5224850;629;143;1295;1295;9.82;0.60;162.06;3.47;666;1;427.00;0
632;1;5224859;632;139;1295;1295;9.98;0.61;162.47;3.47;663;1;428.00;0
632;1;5224869;632;134;1295;1295;10.12;0.62;162.47;3.47;663;1;429.00;0
638;1;5224877;638;130;1295;1295;10.21;0.62;163.80;3.47;657;1;430.00;0
642;1;5224886;642;124;1295;1295;10.33;0.63;164.42;3.47;653;1;431.00;0
643;1;5224895;643;146;1371;1422;10.10;0.63;164.27;3.28;728;1;432.00;51
647;1;5224913;647;131;1371;1423;10.17;0.63;164.72;3.28;724;1;433.00;52
650;1;5224921;650;120;1377;1423;10.21;0.63;165.14;3.27;727;1;434.00;46
657;1;5224930;657;123;1382;1423;10.21;0.63;166.31;3.27;725;1;435.00;41
661;1;5224940;661;119;1387;1423;10.23;0.63;166.55;3.27;726;1;436.00;36
663;1;5224949;663;107;1388;1423;10.27;0.63;166.52;3.28;725;1;437.00;35
667;1;5224959;667;105;1392;1423;10.29;0.63;166.96;3.28;725;1;438.00;31
669;1;5224968;669;104;1394;1423;10.36;0.64;167.02;3.29;725;1;439.00;29
675;1;5224976;675;103;1396;1424;10.36;0.63;167.84;3.30;721;1;440.00;28
677;1;5224986;677;98;1400;1425;10.44;0.64;168.23;3.31;723;1;441.00;25
680;1;5224995;680;99;1404;1425;10.49;0.64;168.34;3.33;724;1;442.00;21
682;1;5225004;682;100;1408;1426;10.57;0.65;168.44;3.35;726;1;443.00;18
685;1;5225013;685;102;1410;1426;10.54;0.64;168.63;3.36;725;1;444.00;16
686;1;5225023;686;104;1411;1426;10.50;0.64;168.93;3.37;725;1;445.00;15
688;1;5225031;688;107;1416;1426;10.38;0.63;169.13;3.40;728;1;446.00;10
689;1;5225040;689;111;1421;1430;10.26;0.63;169.08;3.42;732;1;447.00;9
695;1;5225049;695;119;1422;1430;10.14;0.62;169.76;3.42;727;1;448.00;8
698;1;5225059;698;125;1423;1430;10.07;0.61;169.80;3.43;725;1;449.00;7
698;1;5225069;698;124;1427;1436;9.98;0.61;169.80;3.44;729;1;450.00;9
701;1;5225089;701;137;1428;1436;9.87;0.60;169.97;3.44;727;1;451.00;8
702;1;5225100;702;137;1431;1436;9.79;0.60;170.27;3.45;729;1;452.00;5
705;1;5225110;705;142;1435;1440;9.72;0.59;170.77;3.46;730;1;453.00;5
707;1;5225125;707;146;1438;1441;9.64;0.59;171.11;3.46;731;1;454.00;3
709;1;5225134;709;149;1438;1441;9.57;0.59;171.29;3.46;729;1;455.00;3
712;1;5225143;712;158;1441;1445;9.55;0.59;171.53;3.45;729;1;456.00;4
716;1;5225159;716;165;1441;1445;9.46;0.58;171.40;3.45;725;1;457.00;4
719;1;5225174;719;172;1441;1445;9.41;0.58;171.75;3.45;722;1;458.00;4
721;1;5225192;721;178;1443;1446;9.28;0.57;171.74;3.46;722;1;459.00;3
724;1;5225212;724;180;1444;1446;9.17;0.56;171.83;3.48;720;1;460.00;2
727;1;5225235;727;181;1449;1452;9.19;0.56;172.34;3.47;722;1;461.00;3
730;1;5225252;730;185;1449;1452;9.17;0.56;172.65;3.47;719;1;462.00;3
732;1;5225264;732;183;1451;1453;9.11;0.56;172.68;3.47;719;1;463.00;2
736;1;5225278;736;191;1451;1453;9.02;0.55;172.88;3.47;715;1;464.00;2
738;1;5225290;738;193;1452;1453;8.96;0.55;172.70;3.48;714;1;465.00;1
738;1;5225304;738;199;1452;1453;8.90;0.54;172.70;3.48;714;1;466.00;1
741;1;5225314;741;202;1453;1453;8.85;0.54;172.54;3.48;712;1;467.00;0
741;1;5225323;741;212;1463;1465;8.90;0.54;172.54;3.45;722;1;468.00;2
742;1;5225333;742;210;1464;1465;8.84;0.54;172.65;3.45;722;1;469.00;1
742;1;5225341;742;211;1465;1465;8.86;0.54;172.65;3.45;723;1;470.00;0
743;1;5225352;743;219;1465;1465;8.81;0.54;172.56;3.45;722;1;471.00;0
743;1;5225360;743;228;1465;1465;8.81;0.54;172.56;3.45;722;1;472.00;0
744;1;5225368;744;227;1465;1465;8.82;0.54;172.60;3.45;721;1;473.00;0
744;1;5225376;744;233;1469;1469;8.84;0.55;172.60;3.44;725;1;474.00;0
745;1;5225385;745;238;1469;1469;8.82;0.54;172.76;3.44;724;1;475.00;0
746;1;5225393;746;240;1473;1473;8.86;0.55;172.72;3.44;727;1;476.00;0
747;1;5225404;747;247;1474;1474;8.80;0.54;172.90;3.44;727;1;477.00;0
749;1;5225414;749;251;1474;1474;8.67;0.54;172.51;3.44;725;1;478.00;0
753;1;5225423;753;247;1474;1474;8.55;0.53;172.34;3.44;721;1;479.00;0
755;1;5225433;755;253;1496;1500;8.46;0.52;172.21;3.39;741;1;480.00;4
758;1;5225444;758;247;1497;1500;8.36;0.52;172.01;3.38;739;1;481.00;3
762;1;5225452;762;249;1500;1500;8.33;0.51;171.93;3.38;738;1;482.00;0
765;1;5225461;765;251;1501;1501;8.33;0.51;171.97;3.38;736;1;483.00;0
765;1;5225469;765;253;1502;1502;8.40;0.52;171.97;3.38;737;1;484.00;0
765;1;5225477;765;254;1502;1502;8.42;0.52;171.97;3.38;737;1;485.00;0
766;1;5225486;766;254;1504;1505;8.44;0.52;171.91;3.37;738;1;486.00;1
769;1;5225494;769;256;1504;1505;8.37;0.51;171.71;3.37;735;1;487.00;1
772;1;5225504;772;260;1505;1505;8.37;0.51;171.97;3.37;733;1;488.00;0
775;1;5225512;775;262;1505;1505;8.24;0.51;171.87;3.37;730;1;489.00;0
779;1;5225520;779;263;1511;1511;8.22;0.50;171.61;3.36;732;1;490.00;0
782;1;5225529;782;264;1511;1511;8.13;0.50;171.20;3.36;729;1;491.00;0
785;1;5225537;785;272;1511;1511;8.01;0.49;171.17;3.36;726;1;492.00;0
792;1;5225545;792;277;1511;1511;7.78;0.48;171.47;3.36;719;1;493.00;0
797;1;5225553;797;284;1515;1515;7.61;0.46;172.15;3.36;718;1;494.00;0
799;1;5225561;799;275;1517;1517;7.49;0.46;172.28;3.35;718;1;495.00;0
802;1;5225569;802;264;1517;1517;7.40;0.45;172.41;3.35;715;1;496.00;0
805;1;5225576;805;266;1518;1518;7.37;0.45;172.56;3.35;713;1;497.00;0
808;1;5225584;808;260;1518;1518;7.40;0.45;172.70;3.35;710;1;498.00;0
811;1;5225592;811;258;1518;1518;7.36;0.45;173.14;3.35;707;1;499.00;0
812;1;5225600;812;259;1518;1518;7.35;0.45;173.51;3.35;706;1;500.00;0
814;1;5225612;814;261;1518;1518;7.34;0.45;173.97;3.35;704;1;501.00;0
816;1;5225622;816;256;1518;1518;7.33;0.45;174.51;3.35;702;1;502.00;0
818;1;5225631;818;255;1518;1518;7.33;0.45;174.89;3.35;700;1;503.00;0
819;1;5225640;819;252;1556;1588;7.55;0.46;175.25;3.27;737;1;504.00;32
821;1;5225659;821;251;1560;1589;7.54;0.46;175.11;3.26;739;1;505.00;29
822;1;5225669;822;257;1569;1589;7.49;0.46;175.32;3.26;747;1;506.00;20
825;1;5225677;825;259;1570;1589;7.38;0.45;175.18;3.26;745;1;507.00;19
826;1;5225686;826;249;1574;1589;7.32;0.45;175.50;3.26;748;1;508.00;15
829;1;5225695;829;246;1576;1589;7.28;0.45;175.84;3.26;747;1;509.00;13
832;1;5225706;832;243;1579;1589;7.31;0.45;176.02;3.26;747;1;510.00;10
834;1;5225715;834;242;1581;1589;7.28;0.44;175.95;3.27;747;1;511.00;8
836;1;5225724;836;247;1584;1590;7.25;0.44;176.39;3.28;748;1;512.00;6
840;1;5225734;840;243;1586;1591;7.30;0.45;176.70;3.29;746;1;513.00;5
843;1;5225743;843;245;1588;1591;7.30;0.45;176.87;3.29;745;1;514.00;3
846;1;5225759;846;248;1594;1595;7.33;0.45;176.90;3.29;748;1;515.00;1
848;1;5225769;848;247;1595;1595;7.40;0.45;177.22;3.29;747;1;516.00;0
850;1;5225778;850;250;1595;1595;7.45;0.46;177.82;3.29;745;1;517.00;0
853;1;5225795;853;251;1595;1595;7.46;0.46;178.02;3.29;742;1;518.00;0
855;1;5225805;855;254;1601;1601;7.47;0.46;178.00;3.28;746;1;519.00;0
859;1;5225815;859;253;1601;1601;7.51;0.46;178.32;3.28;742;1;520.00;0
862;1;5225826;862;254;1601;1601;7.50;0.46;178.64;3.28;739;1;521.00;0
865;1;5225836;865;253;1603;1604;7.52;0.46;178.79;3.28;738;1;522.00;1
869;1;5225846;869;249;1603;1604;7.50;0.46;179.09;3.28;734;1;523.00;1
870;1;5225856;870;254;1604;1604;7.52;0.46;179.33;3.28;734;1;524.00;0
876;1;5225865;876;256;1605;1605;7.47;0.45;179.44;3.28;729;1;525.00;0
877;1;5225875;877;259;1606;1606;7.50;0.46;179.67;3.28;729;1;526.00;0
878;1;5225885;878;256;1606;1606;7.53;0.46;179.94;3.28;728;1;527.00;0
883;1;5225894;883;254;1618;1619;7.64;0.46;180.54;3.25;735;1;528.00;1
888;1;5225905;888;253;1619;1619;7.66;0.47;180.73;3.25;731;1;529.00;0
891;1;5225914;891;254;1619;1619;7.65;0.46;181.10;3.25;728;1;530.00;0
895;1;5225924;895;253;1620;1620;7.71;0.47;181.49;3.25;725;1;531.00;0
896;1;5225934;896;260;1620;1620;7.73;0.47;181.67;3.25;724;1;532.00;0
899;1;5225943;899;257;1624;1624;7.74;0.47;181.71;3.24;725;1;533.00;0
901;1;5225953;901;256;1624;1624;7.79;0.47;181.84;3.24;723;1;534.00;0
903;1;5225963;903;260;1628;1628;7.80;0.47;181.75;3.24;725;1;535.00;0
907;1;5225972;907;262;1628;1628;7.72;0.47;182.10;3.24;721;1;536.00;0
909;1;5225981;909;266;1628;1628;7.71;0.47;182.29;3.24;719;1;537.00;0
911;1;5225990;911;266;1628;1628;7.65;0.46;182.46;3.24;717;1;538.00;0
911;1;5225999;911;269;1628;1628;7.56;0.46;182.46;3.24;717;1;539.00;0
914;1;5226010;914;276;1658;1662;7.66;0.47;182.68;3.18;744;1;540.00;4
916;1;5226022;916;282;1658;1662;7.57;0.46;182.89;3.18;742;1;541.00;4
918;1;5226030;918;262;1661;1662;7.64;0.47;182.99;3.18;743;1;542.00;1
919;1;5226040;919;258;1661;1662;7.68;0.47;183.11;3.18;742;1;543.00;1
921;1;5226049;921;252;1662;1662;7.69;0.47;183.23;3.18;741;1;544.00;0
923;1;5226059;923;249;1662;1662;7.74;0.47;183.15;3.18;739;1;545.00;0
925;1;5226070;925;255;1663;1663;7.73;0.47;183.06;3.18;738;1;546.00;0
927;1;5226079;927;246;1663;1663;7.78;0.47;183.17;3.18;736;1;547.00;0
928;1;5226089;928;246;1669;1669;7.79;0.47;183.24;3.17;741;1;548.00;0
931;1;5226099;931;251;1670;1670;7.81;0.48;183.41;3.17;739;1;549.00;0
932;1;5226109;932;249;1670;1670;7.80;0.48;183.46;3.17;738;1;550.00;0
935;1;5226120;935;235;1670;1670;7.87;0.48;183.61;3.17;735;1;551.00;0
936;1;5226131;936;223;1674;1674;7.96;0.48;183.77;3.16;738;1;552.00;0
936;1;5226142;936;214;1674;1674;8.11;0.49;183.77;3.16;738;1;553.00;0
939;1;5226158;939;209;1674;1674;8.11;0.49;183.99;3.16;735;1;554.00;0
941;1;5226170;941;208;1675;1675;8.15;0.50;184.35;3.16;734;1;555.00;0
944;1;5226181;944;207;1679;1679;8.10;0.49;184.60;3.15;735;1;556.00;0
945;1;5226198;945;207;1679;1679;8.17;0.50;184.99;3.15;734;1;557.00;0
948;1;5226208;948;207;1681;1682;8.22;0.50;185.50;3.15;733;1;558.00;1
950;1;5226220;950;205;1681;1682;8.34;0.51;185.50;3.15;731;1;559.00;1
953;1;5226230;953;208;1682;1682;8.41;0.51;185.87;3.15;729;1;560.00;0
957;1;5226241;957;216;1682;1682;8.43;0.51;186.22;3.15;725;1;561.00;0
958;1;5226251;958;209;1686;1686;8.54;0.52;186.31;3.14;728;1;562.00;0
961;1;5226262;961;209;1686;1686;8.60;0.52;186.63;3.14;725;1;563.00;0
963;1;5226273;963;207;1686;1686;8.65;0.53;186.66;3.14;723;1;564.00;0
964;1;5226283;964;203;1686;1686;8.74;0.53;186.62;3.14;722;1;565.00;0
967;1;5226293;967;201;1687;1687;8.81;0.53;187.21;3.14;720;1;566.00;0
971;1;5226303;971;203;1688;1688;8.88;0.54;187.28;3.14;717;1;567.00;0
975;1;5226315;975;203;1688;1688;8.92;0.54;187.71;3.14;713;1;568.00;0
977;1;5226326;977;200;1689;1689;9.02;0.55;187.65;3.14;712;1;569.00;0
981;1;5226338;981;197;1689;1689;8.99;0.55;187.88;3.14;708;1;570.00;0
984;1;5226348;984;196;1689;1689;8.94;0.54;188.24;3.14;705;1;571.00;0
986;1;5226357;986;197;1689;1689;8.94;0.54;188.40;3.14;703;1;572.00;0
987;1;5226367;987;197;1689;1689;8.97;0.54;188.50;3.14;702;1;573.00;0
988;1;5226376;988;193;1689;1689;8.96;0.54;188.56;3.14;701;1;574.00;0
990;1;5226391;990;196;1689;1689;9.02;0.55;188.98;3.14;699;1;575.00;0
992;1;5226400;992;225;1772;1816;8.81;0.54;189.16;2.99;780;1;576.00;44
994;1;5226420;994;212;1773;1817;8.86;0.55;189.43;2.99;779;1;577.00;44
995;1;5226430;995;206;1778;1817;9.02;0.56;189.45;2.99;783;1;578.00;39
997;1;5226441;997;200;1780;1817;9.07;0.56;189.27;2.99;783;1;579.00;37
999;1;5226456;999;199;1784;1817;9.04;0.56;189.50;2.99;785;1;580.00;33
1000;1;5226466;1000;200;1786;1817;8.99;0.55;189.60;2.99;786;1;581.00;31
1003;1;5226476;1003;199;1789;1817;8.96;0.55;190.14;3.00;786;1;582.00;28
1007;1;5226486;1007;204;1791;1817;8.96;0.55;190.56;3.00;784;1;583.00;26
1009;1;5226497;1009;213;1794;1818;8.98;0.55;190.69;3.01;785;1;584.00;24
1011;1;5226507;1011;210;1797;1820;9.01;0.55;190.63;3.02;786;1;585.00;23
1013;1;5226516;1013;204;1798;1820;9.11;0.56;190.88;3.02;785;1;586.00;22
1013;1;5226528;1013;204;1802;1821;9.15;0.56;190.88;3.03;789;1;587.00;19
1015;1;5226537;1015;204;1804;1821;9.15;0.56;191.23;3.04;789;1;588.00;17
1017;1;5226554;1017;197;1806;1821;9.17;0.56;191.85;3.05;789;1;589.00;15
1018;1;5226563;1018;190;1808;1821;9.16;0.56;191.95;3.07;790;1;590.00;13
1019;1;5226573;1019;190;1814;1825;9.17;0.56;191.91;3.09;795;1;591.00;11
1022;1;5226583;1022;185;1815;1825;9.13;0.56;191.86;3.09;793;1;592.00;10
1024;1;5226592;1024;180;1817;1825;9.08;0.55;192.26;3.11;793;1;593.00;8
1027;1;5226602;1027;183;1818;1828;9.04;0.55;192.73;3.11;791;1;594.00;10
1029;1;5226612;1029;189;1819;1828;8.96;0.55;192.69;3.11;790;1;595.00;9
1031;1;5226622;1031;195;1819;1828;8.84;0.54;192.93;3.11;788;1;596.00;9
1034;1;5226632;1034;196;1825;1832;8.75;0.53;193.20;3.13;791;1;597.00;7
1036;1;5226641;1036;198;1827;1833;8.78;0.54;193.55;3.14;791;1;598.00;6
1041;1;5226651;1041;196;1830;1833;8.76;0.53;194.16;3.15;789;1;599.00;3
1044;2;5226667;1044;210;1841;1859;8.70;0.53;194.44;3.13;797;2;600.00;18
1047;2;5226695;1047;198;1842;1859;8.73;0.53;194.44;3.13;795;2;601.00;17
1052;2;5226710;1052;195;1845;1859;8.71;0.53;195.39;3.13;793;2;602.00;14
1057;2;5226720;1057;190;1846;1860;8.70;0.53;195.84;3.13;789;2;603.00;14
1060;2;5226729;1060;192;1846;1860;8.68;0.53;196.03;3.13;786;2;604.00;14
1062;2;5226738;1062;186;1849;1866;8.71;0.53;196.46;3.13;787;2;605.00;17
1064;2;5226748;1064;190;1851;1866;8.66;0.53;196.70;3.13;787;2;606.00;15
1069;2;5226757;1069;192;1853;1867;8.54;0.52;197.25;3.13;784;2;607.00;14
1071;2;5226766;1071;194;1854;1867;8.52;0.52;197.56;3.13;783;2;608.00;13
1072;2;5226776;1072;198;1855;1867;8.49;0.51;197.67;3.13;783;2;609.00;12
1074;2;5226784;1074;203;1855;1867;8.50;0.52;198.31;3.13;781;2;610.00;12
1075;2;5226793;1075;208;1855;1867;8.49;0.52;198.67;3.13;780;2;611.00;12
1076;2;5226803;1076;213;1865;1879;8.50;0.52;198.72;3.14;789;2;612.00;14
1078;2;5226817;1078;218;1867;1879;8.49;0.52;199.10;3.15;789;2;613.00;12
1078;2;5226832;1078;222;1869;1879;8.49;0.52;199.10;3.16;791;2;614.00;10
1079;2;5226840;1079;230;1871;1879;8.46;0.51;199.21;3.17;792;2;615.00;8
1082;2;5226849;1082;231;1871;1879;8.46;0.51;199.25;3.17;789;2;616.00;8
1084;2;5226858;1084;233;1871;1879;8.36;0.51;199.41;3.17;787;2;617.00;8
1085;2;5226867;1085;235;1875;1883;8.34;0.51;199.24;3.17;790;2;618.00;8
1086;2;5226877;1086;243;1875;1883;8.31;0.50;199.21;3.17;789;2;619.00;8
1087;2;5226886;1087;243;1880;1887;8.35;0.51;199.18;3.18;793;2;620.00;7
1087;2;5226899;1087;248;1881;1888;8.38;0.51;199.18;3.18;794;2;621.00;7
1091;2;5226911;1091;251;1881;1888;8.32;0.51;198.95;3.18;790;2;622.00;7
1095;2;5226920;1095;258;1881;1888;8.29;0.50;198.67;3.18;786;2;623.00;7
1098;2;5226931;1098;268;1890;1901;8.25;0.50;198.46;3.17;792;2;624.00;11
1100;2;5226945;1100;270;1892;1901;8.16;0.50;198.35;3.19;792;2;625.00;9
1101;2;5226955;1101;276;1894;1901;8.10;0.49;198.20;3.20;793;2;626.00;7
1103;2;5226965;1103;279;1895;1902;8.06;0.49;198.11;3.20;792;2;627.00;7
1104;2;5226974;1104;278;1897;1903;7.98;0.49;198.11;3.20;793;2;628.00;6
1105;2;5226984;1105;291;1899;1903;7.94;0.48;198.04;3.22;794;2;629.00;4
1107;2;5226995;1107;296;1904;1909;7.91;0.48;197.95;3.22;797;2;630.00;5
1108;2;5227004;1108;297;1906;1909;7.85;0.48;197.89;3.22;798;2;631.00;3
1111;2;5227013;1111;306;1909;1909;7.80;0.48;197.70;3.22;798;2;632.00;0
1113;2;5227022;1113;304;1909;1909;7.76;0.48;197.69;3.22;796;2;633.00;0
1114;2;5227031;1114;307;1915;1915;7.73;0.47;197.69;3.21;801;2;634.00;0
1115;2;5227040;1115;311;1915;1915;7.67;0.47;197.55;3.21;800;2;635.00;0
1117;2;5227048;1117;314;1915;1915;7.51;0.46;197.43;3.21;798;2;636.00;0
1119;2;5227057;1119;314;1915;1915;7.36;0.45;197.24;3.21;796;2;637.00;0
1119;2;5227066;1119;317;1919;1919;7.30;0.45;197.24;3.21;800;2;638.00;0
1121;2;5227075;1121;321;1920;1920;7.28;0.45;197.03;3.21;799;2;639.00;0
1123;2;5227085;1123;322;1920;1920;7.20;0.44;197.23;3.21;797;2;640.00;0
1123;2;5227097;1123;328;1921;1921;7.14;0.44;197.23;3.21;798;2;641.00;0
1128;2;5227109;1128;330;1921;1921;7.01;0.43;196.84;3.21;793;2;642.00;0
1130;2;5227121;1130;336;1921;1921;6.89;0.42;196.88;3.21;791;2;643.00;0
1130;2;5227133;1130;332;1921;1921;6.80;0.42;196.88;3.21;791;2;644.00;0
1132;2;5227144;1132;335;1921;1921;6.73;0.41;196.76;3.21;789;2;645.00;0
1132;2;5227157;1132;334;1921;1921;6.71;0.41;196.76;3.21;789;2;646.00;0
1133;2;5227169;1133;335;1921;1921;6.67;0.41;196.76;3.21;788;2;647.00;0
1135;2;5227178;1135;338;1959;1991;6.94;0.43;196.65;3.14;824;2;648.00;32
1137;2;5227196;1137;330;1960;1992;6.90;0.42;196.55;3.14;823;2;649.00;32
1137;2;5227208;1137;326;1969;1992;6.98;0.43;196.55;3.14;832;2;650.00;23
1139;2;5227219;1139;323;1973;1992;6.92;0.43;196.61;3.14;834;2;651.00;19
1140;2;5227229;1140;320;1977;1992;6.91;0.42;196.54;3.14;837;2;652.00;15
1143;2;5227240;1143;321;1980;1992;6.85;0.42;196.25;3.14;837;2;653.00;12
1143;2;5227249;1143;323;1982;1992;6.78;0.41;196.25;3.15;839;2;654.00;10
1144;2;5227258;1144;311;1984;1992;6.70;0.41;196.25;3.15;840;2;655.00;8
1148;2;5227268;1148;303;1986;1993;6.68;0.41;196.17;3.15;838;2;656.00;7
1150;2;5227278;1150;292;1988;1994;6.62;0.40;196.32;3.16;838;2;657.00;6
1154;2;5227287;1154;296;1989;1994;6.54;0.40;196.94;3.16;835;2;658.00;5
1158;2;5227296;1158;296;1994;1998;6.40;0.39;197.00;3.16;836;2;659.00;4
1160;2;5227306;1160;282;1995;1998;6.37;0.39;197.13;3.16;835;2;660.00;3
1165;2;5227316;1165;280;1996;1998;6.32;0.39;197.60;3.17;831;2;661.00;2
1167;2;5227336;1167;275;1997;1998;6.36;0.39;197.77;3.17;830;2;662.00;1
1170;2;5227345;1170;276;2003;2004;6.45;0.39;197.95;3.17;833;2;663.00;1
1174;2;5227354;1174;275;2004;2004;6.45;0.39;198.08;3.17;830;2;664.00;0
1176;2;5227364;1176;276;2004;2004;6.50;0.40;198.34;3.17;828;2;665.00;0
1180;2;5227379;1180;274;2006;2007;6.56;0.40;198.46;3.17;826;2;666.00;1
1182;2;5227388;1182;263;2006;2007;6.66;0.41;198.62;3.17;824;2;667.00;1
1183;2;5227400;1183;253;2006;2007;6.78;0.41;198.71;3.17;823;2;668.00;1
1186;2;5227411;1186;244;2008;2008;6.84;0.42;198.78;3.17;822;2;669.00;0
1187;2;5227421;1187;239;2009;2009;6.90;0.42;198.66;3.16;822;2;670.00;0
1189;2;5227431;1189;236;2009;2009;6.97;0.42;199.00;3.16;820;2;671.00;0
1192;2;5227441;1192;235;2021;2022;7.02;0.43;198.92;3.15;829;2;672.00;1
1194;2;5227451;1194;237;2022;2022;7.09;0.43;198.93;3.14;828;2;673.00;0
1197;2;5227461;1197;236;2022;2022;7.18;0.44;199.25;3.14;825;2;674.00;0
1200;2;5227472;1200;230;2024;2024;7.30;0.44;199.14;3.14;824;2;675.00;0
1208;2;5227482;1208;230;2024;2024;7.33;0.44;199.23;3.14;816;2;676.00;0
1212;2;5227493;1212;230;2028;2028;7.49;0.46;199.56;3.14;816;2;677.00;0
1213;2;5227504;1213;231;2028;2028;7.61;0.46;199.90;3.14;815;2;678.00;0
1217;2;5227514;1217;232;2032;2032;7.70;0.47;199.98;3.13;815;2;679.00;0
1222;2;5227524;1222;231;2032;2032;7.78;0.47;200.34;3.13;810;2;680.00;0
1224;2;5227535;1224;236;2032;2032;7.92;0.48;200.14;3.13;808;2;681.00;0
1230;2;5227545;1230;232;2032;2032;7.97;0.49;201.02;3.13;802;2;682.00;0
1237;2;5227556;1237;234;2032;2032;8.03;0.49;201.66;3.13;795;2;683.00;0
1238;2;5227566;1238;238;2043;2044;8.15;0.50;201.92;3.12;805;2;684.00;1
1243;2;5227577;1243;236;2043;2044;8.15;0.50;202.45;3.12;800;2;685.00;1
1245;2;5227587;1245;237;2044;2044;8.23;0.50;202.72;3.12;799;2;686.00;0
1249;2;5227596;1249;230;2044;2044;8.30;0.51;203.30;3.12;795;2;687.00;0
1254;2;5227607;1254;231;2044;2044;8.34;0.51;203.41;3.12;790;2;688.00;0
1257;2;5227616;1257;224;2044;2044;8.40;0.51;204.01;3.12;787;2;689.00;0
1262;2;5227628;1262;224;2045;2045;8.43;0.51;204.48;3.11;783;2;690.00;0
1265;2;5227638;1265;220;2045;2045;8.41;0.51;204.71;3.11;780;2;691.00;0
1269;2;5227647;1269;219;2051;2051;8.32;0.51;205.17;3.11;782;2;692.00;0
1271;2;5227657;1271;220;2052;2052;8.32;0.51;205.42;3.11;781;2;693.00;0
1276;2;5227667;1276;223;2052;2052;8.34;0.51;205.69;3.11;776;2;694.00;0
1282;2;5227677;1282;223;2052;2052;8.28;0.51;206.43;3.11;770;2;695.00;0
1286;2;5227687;1286;219;2056;2056;8.31;0.51;206.59;3.10;770;2;696.00;0
1290;2;5227697;1290;220;2056;2056;8.38;0.51;206.82;3.10;766;2;697.00;0
1293;2;5227706;1293;220;2056;2056;8.44;0.52;207.21;3.10;763;2;698.00;0
1297;2;5227716;1297;212;2057;2057;8.46;0.52;207.57;3.10;760;2;699.00;0
1304;2;5227726;1304;217;2060;2061;8.49;0.52;208.43;3.10;756;2;700.00;1
1307;2;5227740;1307;217;2060;2061;8.43;0.51;209.01;3.10;753;2;701.00;1
1313;2;5227749;1313;220;2063;2064;8.30;0.51;209.51;3.09;750;2;702.00;1
1317;2;5227761;1317;222;2063;2064;8.12;0.50;209.79;3.09;746;2;703.00;1
1321;2;5227771;1321;224;2064;2064;8.05;0.49;210.26;3.09;743;2;704.00;0
1322;2;5227781;1322;231;2064;2064;8.01;0.49;210.42;3.09;742;2;705.00;0
1325;2;5227791;1325;238;2068;2068;8.05;0.49;210.58;3.09;743;2;706.00;0
1328;2;5227801;1328;225;2068;2068;8.07;0.49;211.02;3.09;740;2;707.00;0
1329;2;5227811;1329;217;2068;2068;8.13;0.50;211.07;3.09;739;2;708.00;0
1333;2;5227821;1333;211;2068;2068;8.16;0.50;211.58;3.09;735;2;709.00;0
1336;2;5227831;1336;214;2069;2069;8.19;0.50;211.62;3.09;733;2;710.00;0
1338;2;5227841;1338;212;2070;2070;8.30;0.51;211.73;3.09;732;2;711.00;0
1341;2;5227851;1341;215;2070;2070;8.28;0.50;211.86;3.09;729;2;712.00;0
1344;2;5227861;1344;213;2071;2071;8.28;0.50;212.17;3.09;727;2;713.00;0
1347;2;5227871;1347;220;2071;2071;8.32;0.51;212.15;3.09;724;2;714.00;0
1349;2;5227881;1349;223;2071;2071;8.32;0.51;212.12;3.09;722;2;715.00;0
1353;2;5227892;1353;210;2071;2071;8.35;0.51;212.48;3.09;718;2;716.00;0
1354;2;5227909;1354;206;2071;2071;8.41;0.51;212.56;3.09;717;2;717.00;0
1357;2;5227927;1357;202;2071;2071;8.45;0.51;212.87;3.09;714;2;718.00;0
1358;2;5227937;1358;203;2071;2071;8.50;0.52;212.85;3.09;713;2;719.00;0
1360;2;5227950;1360;251;2195;2301;8.29;0.52;213.03;2.91;835;2;720.00;106
1362;2;5227979;1362;239;2204;2302;8.37;0.53;213.09;2.91;842;2;721.00;98
1366;2;5227990;1366;218;2214;2302;8.47;0.53;213.30;2.90;848;2;722.00;88
1366;2;5228002;1366;218;2223;2302;8.52;0.53;213.30;2.90;857;2;723.00;79
1368;2;5228012;1368;225;2233;2302;8.52;0.53;213.42;2.91;865;2;724.00;69
1373;2;5228029;1373;224;2237;2302;8.46;0.53;213.78;2.91;864;2;725.00;65
1373;2;5228040;1373;227;2245;2302;8.41;0.52;213.78;2.92;872;2;726.00;57
1377;2;5228052;1377;226;2251;2302;8.37;0.52;213.74;2.93;874;2;727.00;51
1378;2;5228063;1378;228;2255;2303;8.34;0.52;213.75;2.94;877;2;728.00;48
1382;2;5228074;1382;229;2262;2304;8.29;0.51;214.18;2.96;880;2;729.00;42
1386;2;5228090;1386;230;2264;2304;8.19;0.51;214.43;2.97;878;2;730.00;40
1388;2;5228100;1388;236;2268;2305;8.01;0.50;214.49;2.98;880;2;731.00;37
1389;2;5228111;1389;233;2269;2305;7.95;0.49;214.67;2.98;880;2;732.00;36
1393;2;5228121;1393;237;2270;2305;7.86;0.49;214.88;2.98;877;2;733.00;35
1394;2;5228131;1394;248;2272;2305;7.81;0.48;214.83;2.99;878;2;734.00;33
1398;2;5228141;1398;258;2280;2309;7.70;0.47;215.00;3.02;882;2;735.00;29
1399;2;5228151;1399;263;2281;2309;7.65;0.47;215.17;3.03;882;2;736.00;28
1401;2;5228161;1401;270;2283;2309;7.60;0.47;215.32;3.04;882;2;737.00;26
1402;2;5228171;1402;277;2284;2312;7.59;0.47;215.41;3.05;882;2;738.00;28
1402;2;5228181;1402;279;2286;2312;7.56;0.46;215.41;3.05;884;2;739.00;26
1403;2;5228191;1403;277;2287;2312;7.49;0.46;215.37;3.05;884;2;740.00;25
1406;2;5228201;1406;283;2290;2316;7.39;0.45;215.52;3.05;884;2;741.00;26
1408;2;5228211;1408;283;2292;2317;7.33;0.45;215.45;3.06;884;2;742.00;25
1409;2;5228220;1409;289;2292;2317;7.30;0.45;215.62;3.06;883;2;743.00;25
1411;2;5228230;1411;292;2296;2321;7.28;0.45;215.83;3.06;885;2;744.00;25
1413;2;5228240;1413;294;2297;2321;7.29;0.45;216.14;3.06;884;2;745.00;24
1414;2;5228250;1414;293;2298;2321;7.32;0.45;216.33;3.07;884;2;746.00;23
1414;2;5228260;1414;305;2298;2322;7.36;0.45;216.33;3.07;884;2;747.00;24
1416;2;5228270;1416;303;2300;2322;7.38;0.45;216.40;3.09;884;2;748.00;22
1418;2;5228280;1418;308;2305;2328;7.37;0.45;216.32;3.08;887;2;749.00;23
1420;2;5228292;1420;306;2307;2328;7.37;0.45;216.26;3.11;887;2;750.00;21
1422;2;5228303;1422;304;2310;2329;7.32;0.45;216.42;3.11;888;2;751.00;19
1423;2;5228314;1423;305;2310;2329;7.28;0.44;216.39;3.11;887;2;752.00;19
1424;2;5228325;1424;306;2311;2329;7.24;0.44;216.45;3.13;887;2;753.00;18
1425;2;5228336;1425;308;2311;2329;7.22;0.44;216.60;3.13;886;2;754.00;18
1427;2;5228346;1427;304;2313;2329;7.24;0.44;216.59;3.14;886;2;755.00;16
1427;2;5228356;1427;302;2322;2341;7.28;0.44;216.59;3.13;895;2;756.00;19
1430;2;5228367;1430;301;2323;2341;7.27;0.44;216.90;3.14;893;2;757.00;18
1434;2;5228377;1434;299;2324;2341;7.29;0.44;217.17;3.14;890;2;758.00;17
1436;2;5228388;1436;292;2324;2341;7.31;0.45;217.23;3.14;888;2;759.00;17
1436;2;5228398;1436;297;2325;2341;7.35;0.45;217.23;3.16;889;2;760.00;16
1438;2;5228408;1438;297;2327;2341;7.36;0.45;217.26;3.17;889;2;761.00;14
1444;2;5228419;1444;293;2330;2345;7.28;0.44;217.39;3.17;886;2;762.00;15
1446;2;5228431;1446;295;2331;2345;7.24;0.44;217.27;3.18;885;2;763.00;14
1449;2;5228440;1449;289;2335;2349;7.25;0.44;217.64;3.18;886;2;764.00;14
1450;2;5228451;1450;294;2338;2351;7.23;0.44;217.76;3.18;888;2;765.00;13
1451;2;5228462;1451;295;2339;2351;7.19;0.44;217.74;3.18;888;2;766.00;12
1453;2;5228472;1453;299;2340;2351;7.13;0.43;217.80;3.18;887;2;767.00;11
1456;2;5228483;1456;301;2350;2364;7.08;0.43;217.83;3.17;894;2;768.00;14
1460;2;5228494;1460;299;2350;2364;7.07;0.43;217.64;3.17;890;2;769.00;14
1461;2;5228505;1461;310;2350;2364;7.00;0.43;217.58;3.17;889;2;770.00;14
1462;2;5228515;1462;311;2352;2365;7.00;0.43;217.63;3.19;890;2;771.00;13
1462;2;5228525;1462;315;2352;2366;6.99;0.42;217.63;3.19;890;2;772.00;14
1463;2;5228536;1463;313;2352;2366;6.95;0.42;217.70;3.19;889;2;773.00;14
1465;2;5228545;1465;311;2355;2369;6.91;0.42;218.06;3.21;890;2;774.00;14
1466;2;5228556;1466;317;2356;2369;6.93;0.42;218.12;3.21;890;2;775.00;13
1469;2;5228566;1469;316;2356;2369;6.93;0.42;218.08;3.21;887;2;776.00;13
1469;2;5228575;1469;324;2357;2369;6.96;0.42;218.08;3.23;888;2;777.00;12
1472;2;5228585;1472;325;2362;2375;6.99;0.43;217.83;3.22;890;2;778.00;13
1472;2;5228595;1472;326;2363;2375;6.98;0.43;217.83;3.25;891;2;779.00;12
1474;2;5228606;1474;330;2363;2375;6.95;0.43;217.77;3.25;889;2;780.00;12
1477;2;5228616;1477;339;2364;2375;6.98;0.43;217.73;3.27;887;2;781.00;11
1477;2;5228626;1477;340;2368;2379;7.01;0.43;217.73;3.29;891;2;782.00;11
1481;2;5228635;1481;343;2371;2380;7.02;0.43;217.36;3.34;890;2;783.00;9
1485;2;5228645;1485;338;2372;2380;7.02;0.43;217.04;3.37;887;2;784.00;8
1485;2;5228654;1485;339;2373;2381;7.01;0.43;217.04;3.37;888;2;785.00;8
1487;2;5228665;1487;344;2374;2381;6.98;0.43;216.94;3.39;887;2;786.00;7
1489;2;5228674;1489;346;2374;2381;6.97;0.43;216.96;3.39;885;2;787.00;7
1492;2;5228683;1492;350;2375;2381;6.97;0.43;216.93;3.42;883;2;788.00;6
1494;2;5228692;1494;359;2375;2381;6.94;0.42;216.90;3.42;881;2;789.00;6
1497;2;5228704;1497;358;2377;2381;6.89;0.42;216.68;3.44;880;2;790.00;4
1499;2;5228713;1499;359;2379;2381;6.81;0.42;216.67;3.45;880;2;791.00;2
1500;2;5228722;1500;371;2414;2451;7.01;0.43;216.57;3.40;914;2;792.00;37
1504;2;5228737;1504;373;2417;2452;6.95;0.43;216.43;3.40;913;2;793.00;35
1504;2;5228746;1504;371;2427;2452;6.93;0.42;216.43;3.40;923;2;794.00;25
1506;2;5228755;1506;377;2429;2452;6.79;0.42;216.34;3.40;923;2;795.00;23
1506;2;5228764;1506;379;2434;2452;6.70;0.41;216.34;3.41;928;2;796.00;18
1506;2;5228773;1506;382;2438;2452;6.62;0.41;216.34;3.41;932;2;797.00;14
1507;2;5228782;1507;390;2442;2452;6.57;0.40;216.34;3.41;935;2;798.00;10
1508;2;5228792;1508;396;2444;2452;6.53;0.40;216.29;3.41;936;2;799.00;8
1508;3;5228803;1508;403;2447;2453;6.53;0.40;216.29;3.42;939;3;800.00;6
1511;3;5228832;1511;407;2448;2454;6.48;0.40;216.06;3.42;937;3;801.00;6
1512;3;5228842;1512;392;2451;2454;6.45;0.40;216.05;3.43;939;3;802.00;3
1512;3;5228851;1512;387;2457;2458;6.44;0.40;216.05;3.43;945;3;803.00;1
1513;3;5228861;1513;380;2458;2458;6.43;0.40;215.92;3.43;945;3;804.00;0
1518;3;5228870;1518;374;2458;2458;6.38;0.39;215.70;3.43;940;3;805.00;0
1520;3;5228880;1520;375;2458;2458;6.36;0.39;215.78;3.43;938;3;806.00;0
1520;3;5228890;1520;380;2464;2464;6.40;0.39;215.78;3.42;944;3;807.00;0
1521;3;5228901;1521;381;2464;2464;6.41;0.39;215.76;3.42;943;3;808.00;0
1523;3;5228911;1523;372;2464;2464;6.43;0.40;215.80;3.42;941;3;809.00;0
1524;4;5228923;1524;377;2468;2470;6.49;0.40;215.90;3.42;944;4;810.00;2
1527;4;5228945;1527;378;2468;2470;6.53;0.40;216.07;3.42;941;4;811.00;2
1527;4;5228956;1527;374;2470;2470;6.60;0.40;216.07;3.42;943;4;812.00;0
1529;4;5228978;1529;370;2471;2471;6.58;0.40;215.98;3.42;942;4;813.00;0
1532;4;5228988;1532;365;2472;2472;6.56;0.40;215.83;3.42;940;4;814.00;0
1533;4;5228998;1533;359;2472;2472;6.56;0.40;215.76;3.42;939;4;815.00;0
1536;4;5229008;1536;361;2485;2485;6.52;0.40;215.53;3.40;949;4;816.00;0
1538;4;5229020;1538;355;2485;2485;6.52;0.40;215.47;3.40;947;4;817.00;0
1540;4;5229030;1540;356;2485;2485;6.51;0.40;215.32;3.40;945;4;818.00;0
1543;4;5229040;1543;357;2486;2486;6.46;0.39;215.15;3.40;943;4;819.00;0
1544;4;5229051;1544;356;2486;2486;6.44;0.39;215.12;3.40;942;4;820.00;0
1545;4;5229061;1545;354;2490;2490;6.44;0.39;215.15;3.39;945;4;821.00;0
1547;4;5229070;1547;350;2490;2490;6.39;0.39;215.21;3.39;943;4;822.00;0
1548;4;5229080;1548;352;2494;2494;6.33;0.39;215.40;3.39;946;4;823.00;0
1551;4;5229089;1551;347;2494;2494;6.33;0.39;215.54;3.39;943;4;824.00;0
1553;4;5229099;1553;329;2494;2494;6.34;0.39;215.48;3.39;941;4;825.00;0
1558;4;5229108;1558;327;2494;2494;6.28;0.38;215.53;3.39;936;4;826.00;0
1559;4;5229118;1559;318;2494;2494;6.32;0.39;215.52;3.39;935;4;827.00;0
1563;4;5229127;1563;304;2506;2506;6.33;0.39;215.35;3.37;943;4;828.00;0
1566;4;5229138;1566;296;2506;2506;6.39;0.39;215.41;3.37;940;4;829.00;0
1569;4;5229147;1569;293;2506;2506;6.47;0.40;215.74;3.37;937;4;830.00;0
1571;4;5229157;1571;287;2506;2506;6.56;0.40;215.79;3.37;935;4;831.00;0
1575;4;5229167;1575;280;2506;2506;6.60;0.40;216.47;3.37;931;4;832.00;0
1577;4;5229177;1577;267;2506;2506;6.73;0.41;216.70;3.37;929;4;833.00;0
1582;4;5229186;1582;261;2507;2507;6.83;0.42;217.07;3.37;925;4;834.00;0
1584;4;5229196;1584;253;2507;2507;6.88;0.42;217.41;3.37;923;4;835.00;0
1587;4;5229217;1587;248;2513;2513;6.99;0.43;217.69;3.37;926;4;836.00;0
1590;4;5229229;1590;253;2514;2514;7.08;0.43;217.82;3.36;924;4;837.00;0
1594;5;5229239;1594;248;2514;2514;7.12;0.43;218.43;3.36;920;5;838.00;0
1597;5;5229256;1597;245;2514;2514;7.16;0.44;218.47;3.36;917;5;839.00;0
1603;5;5229267;1603;246;2519;2519;7.20;0.44;218.81;3.36;916;5;840.00;0
1607;5;5229279;1607;240;2519;2519;7.25;0.44;219.42;3.36;912;5;841.00;0
1612;5;5229289;1612;243;2519;2519;7.26;0.44;219.67;3.36;907;5;842.00;0
1615;5;5229300;1615;239;2520;2520;7.28;0.44;219.85;3.36;905;5;843.00;0
1621;5;5229317;1621;236;2524;2524;7.33;0.44;220.22;3.35;903;5;844.00;0
1626;5;5229328;1626;236;2524;2524;7.40;0.45;220.78;3.35;898;5;845.00;0
1631;5;5229338;1631;237;2526;2527;7.47;0.45;221.15;3.35;895;5;846.00;1
1635;5;5229355;1635;243;2527;2527;7.61;0.46;221.37;3.35;892;5;847.00;0
1640;5;5229366;1640;245;2527;2527;7.69;0.47;221.81;3.35;887;5;848.00;0
1645;5;5229378;1645;238;2527;2527;7.74;0.47;222.28;3.35;882;5;849.00;0
1648;5;5229389;1648;238;2531;2531;7.83;0.48;222.32;3.35;883;5;850.00;0
1655;5;5229408;1655;235;2531;2531;7.84;0.48;222.93;3.35;876;5;851.00;0
1660;5;5229419;1660;232;2531;2531;7.80;0.47;223.27;3.35;871;5;852.00;0
1665;5;5229430;1665;231;2531;2531;7.79;0.47;223.15;3.35;866;5;853.00;0
1669;5;5229441;1669;236;2532;2532;7.79;0.47;223.64;3.34;863;5;854.00;0
1674;5;5229452;1674;233;2534;2534;7.88;0.48;224.46;3.34;860;5;855.00;0
1677;5;5229464;1677;237;2534;2534;7.92;0.48;224.56;3.34;857;5;856.00;0
1683;5;5229475;1683;240;2535;2535;7.95;0.48;224.67;3.34;852;5;857.00;0
1688;5;5229486;1688;235;2535;2535;7.97;0.48;225.11;3.34;847;5;858.00;0
1691;5;5229496;1691;233;2535;2535;8.00;0.49;225.36;3.34;844;5;859.00;0
1696;5;5229507;1696;232;2535;2535;7.96;0.48;225.64;3.34;839;5;860.00;0
1699;5;5229517;1699;233;2535;2535;8.03;0.49;225.81;3.34;836;5;861.00;0
1702;5;5229528;1702;235;2535;2535;8.06;0.49;226.04;3.34;833;5;862.00;0
1708;5;5229537;1708;236;2535;2535;8.09;0.49;226.46;3.34;827;5;863.00;0
1711;5;5229549;1711;257;2612;2662;8.21;0.51;226.69;3.24;901;5;864.00;50
1712;5;5229569;1712;249;2618;2663;8.22;0.51;226.64;3.24;906;5;865.00;45
1715;5;5229580;1715;238;2623;2663;8.19;0.51;227.04;3.24;908;5;866.00;40
1718;5;5229591;1718;242;2626;2663;8.15;0.50;227.54;3.24;908;5;867.00;37
1721;5;5229603;1721;247;2629;2663;8.11;0.50;227.77;3.24;908;5;868.00;34
1724;5;5229614;1724;249;2630;2663;8.02;0.50;227.91;3.24;906;5;869.00;33
1726;5;5229626;1726;251;2631;2663;7.94;0.49;228.25;3.24;905;5;870.00;32
1731;5;5229638;1731;258;2634;2663;7.86;0.49;228.54;3.24;903;5;871.00;29
1737;5;5229649;1737;252;2638;2664;7.72;0.48;228.77;3.25;901;5;872.00;26
1743;5;5229660;1743;257;2641;2665;7.61;0.47;229.39;3.26;898;5;873.00;24
1746;5;5229672;1746;255;2642;2665;7.55;0.46;229.72;3.26;896;5;874.00;23
1748;5;5229684;1748;258;2646;2666;7.49;0.46;229.92;3.27;898;5;875.00;20
1749;5;5229695;1749;262;2646;2666;7.49;0.46;230.11;3.27;897;5;876.00;20
1753;5;5229706;1753;261;2649;2666;7.48;0.46;230.22;3.28;896;5;877.00;17
1755;5;5229717;1755;267;2650;2666;7.52;0.46;230.39;3.28;895;5;878.00;16
1759;5;5229733;1759;279;2655;2670;7.49;0.46;231.04;3.29;896;5;879.00;15
1760;5;5229744;1760;283;2656;2670;7.45;0.46;231.25;3.29;896;5;880.00;14
1765;5;5229761;1765;271;2660;2670;7.40;0.45;231.46;3.31;895;5;881.00;10
1765;5;5229772;1765;262;2660;2673;7.48;0.46;231.46;3.31;895;5;882.00;13
1768;5;5229783;1768;254;2662;2673;7.53;0.46;231.88;3.33;894;5;883.00;11
1772;5;5229794;1772;249;2665;2673;7.55;0.46;231.92;3.34;893;5;884.00;8
1773;5;5229807;1773;244;2670;2677;7.60;0.47;231.88;3.34;897;5;885.00;7
1776;5;5229818;1776;241;2672;2678;7.68;0.47;232.19;3.35;896;5;886.00;6
1781;5;5229830;1781;244;2673;2678;7.72;0.47;232.63;3.36;892;5;887.00;5
1783;5;5229841;1783;249;2677;2682;7.70;0.47;232.64;3.36;894;5;888.00;5
1787;5;5229852;1787;252;2677;2682;7.81;0.48;232.99;3.36;890;5;889.00;5
1790;5;5229863;1790;258;2679;2682;7.83;0.48;233.27;3.37;889;5;890.00;3
1794;5;5229874;1794;254;2681;2683;7.82;0.48;233.61;3.37;887;5;891.00;2
1795;5;5229885;1795;250;2682;2683;7.86;0.48;233.66;3.37;887;5;892.00;1
1799;5;5229897;1799;247;2689;2689;7.87;0.48;233.99;3.36;890;5;893.00;0
1802;5;5229909;1802;244;2689;2689;7.93;0.48;234.12;3.36;887;5;894.00;0
1805;5;5229920;1805;239;2690;2690;7.96;0.49;234.34;3.36;885;5;895.00;0
1809;5;5229931;1809;238;2690;2690;8.01;0.49;234.32;3.36;881;5;896.00;0
1811;5;5229942;1811;233;2690;2690;8.04;0.49;234.61;3.36;879;5;897.00;0
1813;5;5229953;1813;239;2690;2690;8.04;0.49;234.62;3.36;877;5;898.00;0
1818;5;5229964;1818;240;2690;2690;8.04;0.49;234.84;3.36;872;5;899.00;0
1818;5;5229978;1818;245;2721;2736;8.13;0.50;234.84;3.32;903;5;900.00;15
1820;5;5229997;1820;250;2722;2736;8.16;0.50;234.70;3.32;902;5;901.00;14
1822;5;5230008;1822;258;2725;2736;8.20;0.50;234.82;3.32;903;5;902.00;11
1825;5;5230018;1825;258;2726;2736;8.21;0.50;234.85;3.32;901;5;903.00;10
1826;5;5230030;1826;266;2728;2736;8.11;0.49;234.86;3.32;902;5;904.00;8
1829;5;5230046;1829;262;2729;2736;8.00;0.49;234.81;3.32;900;5;905.00;7
1832;5;5230062;1832;261;2733;2740;7.94;0.48;234.98;3.32;901;5;906.00;7
1834;5;5230073;1834;273;2733;2740;7.83;0.47;234.99;3.32;899;5;907.00;7
1835;5;5230082;1835;283;2737;2744;7.72;0.47;234.96;3.32;902;5;908.00;7
1837;5;5230093;1837;289;2738;2745;7.67;0.46;234.94;3.32;901;5;909.00;7
1837;5;5230103;1837;295;2739;2745;7.63;0.46;234.94;3.32;902;5;910.00;6
1837;5;5230113;1837;293;2739;2745;7.59;0.46;234.94;3.32;902;5;911.00;6
1838;5;5230123;1838;302;2751;2758;7.51;0.45;234.93;3.30;913;5;912.00;7
1838;5;5230135;1838;310;2751;2758;7.47;0.45;234.93;3.30;913;5;913.00;7
1840;5;5230145;1840;312;2752;2758;7.39;0.45;235.00;3.31;912;5;914.00;6
1840;5;5230155;1840;307;2754;2759;7.40;0.45;235.00;3.31;914;5;915.00;5
1842;5;5230170;1842;307;2755;2760;7.33;0.45;235.07;3.31;913;5;916.00;5
1842;5;5230180;1842;309;2755;2760;7.36;0.45;235.07;3.31;913;5;917.00;5
1842;5;5230190;1842;310;2757;2763;7.41;0.45;235.07;3.31;915;5;918.00;6
1843;5;5230200;1843;307;2757;2763;7.37;0.45;235.01;3.31;914;5;919.00;6
1847;5;5230210;1847;307;2759;2763;7.30;0.44;235.04;3.31;912;5;920.00;4
1850;5;5230220;1850;310;2760;2763;7.25;0.44;234.94;3.32;910;5;921.00;3
1851;5;5230230;1851;308;2765;2769;7.27;0.44;234.88;3.32;914;5;922.00;4
1854;5;5230240;1854;306;2765;2769;7.29;0.44;234.67;3.32;911;5;923.00;4
1857;5;5230250;1857;305;2767;2769;7.29;0.44;234.65;3.32;910;5;924.00;2
1860;5;5230260;1860;305;2767;2769;7.27;0.44;234.69;3.32;907;5;925.00;2
1864;5;5230269;1864;307;2773;2773;7.20;0.44;234.70;3.33;909;5;926.00;0
1866;5;5230279;1866;303;2774;2774;7.22;0.44;234.64;3.33;908;5;927.00;0
1870;5;5230289;1870;302;2774;2774;7.15;0.43;234.63;3.33;904;5;928.00;0
1872;5;5230299;1872;296;2775;2775;7.16;0.44;234.53;3.33;903;5;929.00;0
1874;5;5230310;1874;293;2775;2775;7.11;0.43;234.44;3.33;901;5;930.00;0
1877;5;5230320;1877;296;2775;2775;7.05;0.43;234.61;3.33;898;5;931.00;0
1883;5;5230329;1883;293;2775;2775;6.96;0.42;234.58;3.33;892;5;932.00;0
1885;5;5230339;1885;298;2775;2775;6.92;0.42;234.46;3.33;890;5;933.00;0
1888;5;5230348;1888;296;2775;2775;6.82;0.41;234.38;3.33;887;5;934.00;0
1889;5;5230357;1889;297;2775;2775;6.84;0.41;234.44;3.33;886;5;935.00;0
1889;5;5230367;1889;305;2810;2845;7.03;0.43;234.44;3.29;921;5;936.00;35
1890;5;5230381;1890;302;2813;2846;6.97;0.42;234.50;3.28;923;5;937.00;33
1891;5;5230391;1891;303;2821;2846;6.95;0.42;234.64;3.28;930;5;938.00;25
1892;5;5230401;1892;301;2827;2846;6.92;0.42;234.64;3.28;935;5;939.00;19
1892;5;5230411;1892;301;2829;2846;6.92;0.42;234.64;3.28;937;5;940.00;17
1892;5;5230420;1892;300;2833;2846;6.91;0.42;234.64;3.28;941;5;941.00;13
1896;5;5230429;1896;300;2836;2846;6.90;0.42;234.58;3.29;940;5;942.00;10
1897;5;5230440;1897;304;2839;2846;6.93;0.42;234.50;3.29;942;5;943.00;7
1898;5;5230449;1898;307;2840;2847;6.92;0.42;234.38;3.29;942;5;944.00;7
1898;5;5230458;1898;309;2843;2849;6.98;0.42;234.38;3.29;945;5;945.00;6
1901;5;5230469;1901;310;2845;2849;7.03;0.43;234.23;3.30;944;5;946.00;4
1903;5;5230478;1903;315;2849;2853;7.01;0.42;234.11;3.30;946;5;947.00;4
1904;5;5230489;1904;316;2850;2853;6.95;0.42;234.00;3.30;946;5;948.00;3
1904;5;5230499;1904;307;2850;2853;6.89;0.42;234.00;3.30;946;5;949.00;3
1905;5;5230509;1905;305;2850;2853;6.85;0.42;233.99;3.30;945;5;950.00;3
1906;5;5230519;1906;301;2855;2859;6.89;0.42;233.99;3.29;949;5;951.00;4
1907;5;5230530;1907;297;2855;2859;6.87;0.42;233.97;3.29;948;5;952.00;4
1908;5;5230540;1908;297;2855;2859;6.93;0.42;234.00;3.29;947;5;953.00;4
1909;5;5230550;1909;298;2857;2862;6.96;0.42;233.90;3.29;948;5;954.00;5
1910;5;5230561;1910;305;2857;2862;6.98;0.42;233.93;3.29;947;5;955.00;5
1910;5;5230576;1910;309;2860;2862;7.02;0.43;233.93;3.30;950;5;956.00;2
1910;5;5230586;1910;311;2860;2863;7.06;0.43;233.93;3.30;950;5;957.00;3
1911;5;5230596;1911;313;2861;2864;7.09;0.43;234.00;3.30;950;5;958.00;3
1912;5;5230611;1912;313;2862;2864;7.01;0.43;234.02;3.30;950;5;959.00;2
1914;5;5230623;1914;322;2882;2890;7.00;0.43;234.17;3.28;968;5;960.00;8
1916;5;5230635;1916;321;2883;2890;6.94;0.42;234.24;3.28;967;5;961.00;7
1920;5;5230645;1920;324;2887;2890;6.95;0.43;233.94;3.28;967;5;962.00;3
1921;5;5230656;1921;324;2889;2891;6.93;0.42;234.06;3.28;968;5;963.00;2
1923;5;5230666;1923;328;2891;2891;6.87;0.42;234.07;3.28;968;5;964.00;0
1924;5;5230675;1924;335;2895;2895;6.86;0.42;233.96;3.28;971;5;965.00;0
1926;5;5230686;1926;337;2895;2895;6.87;0.42;234.03;3.28;969;5;966.00;0
1927;5;5230696;1927;338;2899;2899;6.84;0.42;234.01;3.28;972;5;967.00;0
1930;5;5230706;1930;341;2899;2899;6.86;0.42;233.90;3.28;969;5;968.00;0
1933;5;5230715;1933;338;2899;2899;6.90;0.42;233.93;3.28;966;5;969.00;0
1934;5;5230725;1934;338;2899;2899;6.86;0.42;233.86;3.28;965;5;970.00;0
1936;5;5230734;1936;340;2899;2899;6.82;0.42;233.76;3.28;963;5;971.00;0
1940;5;5230745;1940;343;2910;2911;6.82;0.42;233.57;3.26;970;5;972.00;1
1943;5;5230755;1943;339;2910;2911;6.75;0.41;233.42;3.26;967;5;973.00;1
1944;5;5230765;1944;338;2911;2911;6.76;0.41;233.56;3.26;967;5;974.00;0
1947;5;5230775;1947;330;2911;2911;6.71;0.41;233.72;3.26;964;5;975.00;0
1949;5;5230785;1949;324;2911;2911;6.68;0.41;233.91;3.26;962;5;976.00;0
1951;5;5230795;1951;315;2911;2911;6.63;0.41;233.82;3.26;960;5;977.00;0
1954;5;5230806;1954;313;2912;2912;6.58;0.40;233.72;3.26;958;5;978.00;0
1954;5;5230816;1954;310;2912;2912;6.58;0.40;233.72;3.26;958;5;979.00;0
1957;5;5230826;1957;309;2918;2918;6.58;0.40;233.83;3.26;961;5;980.00;0
1959;5;5230836;1959;310;2919;2919;6.54;0.40;233.88;3.26;960;5;981.00;0
1961;5;5230846;1961;321;2919;2919;6.47;0.40;234.07;3.26;958;5;982.00;0
1964;5;5230855;1964;314;2919;2919;6.42;0.39;233.93;3.26;955;5;983.00;0
1971;5;5230864;1971;310;2923;2923;6.34;0.39;234.09;3.25;952;5;984.00;0
1972;5;5230880;1972;307;2923;2923;6.35;0.39;234.08;3.25;951;5;985.00;0
1973;5;5230889;1973;310;2923;2923;6.26;0.38;234.00;3.25;950;5;986.00;0
1976;5;5230898;1976;315;2924;2924;6.22;0.38;234.29;3.25;948;5;987.00;0
1978;5;5230908;1978;314;2928;2928;6.15;0.38;234.40;3.25;950;5;988.00;0
1982;5;5230918;1982;307;2928;2928;6.16;0.38;234.60;3.25;946;5;989.00;0
1983;5;5230929;1983;291;2932;2934;6.28;0.38;234.57;3.24;949;5;990.00;2
1990;5;5230938;1990;287;2932;2934;6.32;0.38;234.84;3.24;942;5;991.00;2
1994;5;5230948;1994;281;2934;2934;6.37;0.39;234.96;3.24;940;5;992.00;0
1998;5;5230958;1998;275;2934;2934;6.46;0.39;235.30;3.24;936;5;993.00;0
2002;5;5230968;2002;267;2938;2938;6.54;0.40;235.37;3.24;936;5;994.00;0
2005;5;5230978;2005;265;2938;2938;6.57;0.40;235.62;3.24;933;5;995.00;0
2010;5;5230988;2010;262;2938;2938;6.53;0.40;235.86;3.24;928;5;996.00;0
2012;5;5230998;2012;258;2938;2938;6.54;0.40;235.91;3.24;926;5;997.00;0
2016;5;5231008;2016;262;2939;2939;6.53;0.40;235.96;3.24;923;5;998.00;0
2018;5;5231018;2018;255;2940;2940;6.58;0.40;235.98;3.24;922;5;999.00;0
2021;5;5231029;2021;253;2940;2940;6.63;0.40;236.21;3.24;919;5;1000.00;0
2024;5;5231042;2024;250;2941;2941;6.64;0.40;236.13;3.24;917;5;1001.00;0
2026;5;5231054;2026;248;2941;2941;6.65;0.40;236.24;3.24;915;5;1002.00;0
2029;5;5231064;2029;245;2941;2941;6.74;0.41;236.42;3.24;912;5;1003.00;0
2031;5;5231074;2031;246;2941;2941;6.82;0.41;236.35;3.24;910;5;1004.00;0
2034;5;5231084;2034;250;2941;2941;6.89;0.42;236.50;3.24;907;5;1005.00;0
2037;5;5231095;2037;250;2941;2941;6.96;0.42;236.47;3.24;904;5;1006.00;0
2038;5;5231105;2038;248;2941;2941;6.97;0.42;236.64;3.24;903;5;1007.00;0
2042;5;5231116;2042;262;3021;3068;7.28;0.45;236.94;3.15;979;5;1008.00;47
2047;5;5231136;2047;255;3025;3069;7.27;0.45;237.15;3.15;978;5;1009.00;44
2052;5;5231148;2052;247;3032;3069;7.31;0.45;237.31;3.15;980;5;1010.00;37
2056;5;5231159;2056;251;3035;3069;7.29;0.45;237.23;3.15;979;5;1011.00;34
2058;5;5231170;2058;255;3039;3069;7.33;0.45;237.21;3.15;981;5;1012.00;30
2062;5;5231181;2062;250;3040;3069;7.27;0.45;237.46;3.15;978;5;1013.00;29
2066;5;5231193;2066;249;3042;3069;7.23;0.45;237.83;3.15;976;5;1014.00;27
2068;5;5231204;2068;254;3044;3069;7.22;0.44;238.01;3.15;976;5;1015.00;25
2073;5;5231216;2073;259;3046;3070;7.20;0.44;238.22;3.16;973;5;1016.00;24
2076;5;5231233;2076;266;3050;3071;7.16;0.44;238.39;3.16;974;5;1017.00;21
2078;5;5231244;2078;270;3052;3071;7.17;0.44;238.43;3.17;974;5;1018.00;19
2081;5;5231256;2081;276;3055;3072;7.17;0.44;238.51;3.17;974;5;1019.00;17
2084;5;5231270;2084;276;3057;3072;7.18;0.44;238.84;3.18;973;5;1020.00;15
2090;5;5231281;2090;283;3059;3072;7.19;0.44;239.17;3.19;969;5;1021.00;13
2092;5;5231293;2092;281;3061;3072;7.20;0.44;239.21;3.19;969;5;1022.00;11
2095;5;5231306;2095;282;3066;3076;7.19;0.44;239.47;3.20;971;5;1023.00;10
2098;5;5231318;2098;285;3070;3076;7.18;0.44;239.37;3.21;972;5;1024.00;6
2100;5;5231335;2100;284;3071;3076;7.19;0.44;239.44;3.22;971;5;1025.00;5
2106;5;5231346;2106;287;3073;3079;7.18;0.44;239.97;3.22;967;5;1026.00;6
2113;5;5231358;2113;288;3075;3079;7.19;0.44;240.31;3.23;962;5;1027.00;4
2118;5;5231370;2118;294;3076;3079;7.23;0.44;240.57;3.23;958;5;1028.00;3
2124;5;5231382;2124;297;3081;3083;7.27;0.44;240.99;3.23;957;5;1029.00;2
2130;5;5231394;2130;299;3082;3084;7.27;0.44;241.36;3.23;952;5;1030.00;2
2132;5;5231406;2132;305;3082;3084;7.30;0.44;241.36;3.23;950;5;1031.00;2
2136;5;5231417;2136;308;3086;3088;7.32;0.44;241.68;3.23;950;5;1032.00;2
2139;5;5231429;2139;313;3088;3088;7.28;0.44;241.80;3.23;949;5;1033.00;0
2141;5;5231440;2141;321;3088;3088;7.19;0.44;241.98;3.23;947;5;1034.00;0
2143;5;5231451;2143;323;3090;3090;7.18;0.44;242.29;3.23;947;5;1035.00;0
2145;5;5231463;2145;334;3090;3090;7.10;0.43;242.38;3.23;945;5;1036.00;0
2151;5;5231473;2151;335;3096;3096;7.03;0.43;242.72;3.22;945;5;1037.00;0
2155;5;5231485;2155;328;3096;3096;7.04;0.43;243.04;3.22;941;5;1038.00;0
2158;5;5231496;2158;317;3097;3097;7.04;0.43;243.09;3.22;939;5;1039.00;0
2161;5;5231507;2161;314;3097;3097;7.08;0.43;243.34;3.22;936;5;1040.00;0
2167;5;5231518;2167;309;3097;3097;7.06;0.43;243.85;3.22;930;5;1041.00;0
2170;5;5231528;2170;313;3097;3097;7.09;0.43;244.05;3.22;927;5;1042.00;0
2173;5;5231539;2173;315;3097;3097;7.07;0.43;244.39;3.22;924;5;1043.00;0
2176;5;5231549;2176;313;3107;3109;7.17;0.44;244.50;3.21;931;5;1044.00;2
2178;5;5231561;2178;325;3107;3109;7.11;0.43;244.74;3.21;929;5;1045.00;2
2179;5;5231582;2179;315;3109;3109;7.08;0.43;244.90;3.21;930;5;1046.00;0
2182;5;5231593;2182;309;3109;3109;7.01;0.43;245.18;3.21;927;5;1047.00;0
2188;5;5231604;2188;302;3109;3109;6.98;0.42;245.36;3.21;921;5;1048.00;0
2190;5;5231615;2190;309;3109;3109;6.99;0.43;245.60;3.21;919;5;1049.00;0
2192;5;5231627;2192;308;3115;3115;6.97;0.42;245.62;3.21;923;5;1050.00;0
2194;5;5231638;2194;310;3115;3115;7.01;0.43;245.68;3.21;921;5;1051.00;0
2196;5;5231649;2196;313;3119;3119;7.05;0.43;245.96;3.20;923;5;1052.00;0
2200;5;5231660;2200;312;3120;3120;7.05;0.43;246.25;3.20;920;5;1053.00;0
2202;5;5231670;2202;314;3120;3120;7.04;0.43;246.35;3.20;918;5;1054.00;0
2206;5;5231681;2206;317;3120;3120;6.99;0.43;246.55;3.20;914;5;1055.00;0
2211;5;5231691;2211;326;3133;3133;6.92;0.42;246.73;3.19;922;5;1056.00;0
2212;5;5231703;2212;321;3133;3133;6.95;0.42;246.92;3.19;921;5;1057.00;0
2214;5;5231714;2214;318;3133;3133;6.99;0.43;247.12;3.19;919;5;1058.00;0
2214;5;5231724;2214;310;3134;3134;7.07;0.43;247.12;3.19;920;5;1059.00;0
2218;5;5231734;2218;305;3135;3135;7.08;0.43;247.16;3.19;917;5;1060.00;0
2219;5;5231745;2219;307;3135;3135;7.14;0.44;247.14;3.19;916;5;1061.00;0
2221;5;5231755;2221;307;3137;3138;7.22;0.44;247.16;3.19;916;5;1062.00;1
2225;5;5231765;2225;304;3137;3138;7.16;0.44;247.04;3.19;912;5;1063.00;1
2229;5;5231775;2229;306;3138;3138;7.17;0.44;247.01;3.19;909;5;1064.00;0
2230;5;5231785;2230;303;3138;3138;7.18;0.44;246.94;3.19;908;5;1065.00;0
2235;5;5231796;2235;302;3144;3144;7.15;0.44;246.85;3.18;909;5;1066.00;0
2241;5;5231806;2241;309;3144;3144;7.10;0.43;246.84;3.18;903;5;1067.00;0
2242;5;5231817;2242;311;3144;3144;7.08;0.43;246.78;3.18;902;5;1068.00;0
2245;5;5231827;2245;312;3144;3144;6.99;0.43;246.74;3.18;899;5;1069.00;0
2247;5;5231837;2247;318;3148;3148;7.01;0.43;246.83;3.18;901;5;1070.00;0
2252;5;5231847;2252;320;3149;3149;6.96;0.42;247.19;3.18;897;5;1071.00;0
2254;5;5231858;2254;328;3149;3149;6.88;0.42;247.25;3.18;895;5;1072.00;0
2258;5;5231868;2258;331;3150;3150;6.84;0.42;247.26;3.18;892;5;1073.00;0
2259;5;5231878;2259;330;3150;3150;6.80;0.41;247.17;3.18;891;5;1074.00;0
2260;5;5231892;2260;329;3150;3150;6.80;0.41;247.21;3.18;890;5;1075.00;0
2263;5;5231902;2263;331;3150;3150;6.75;0.41;246.96;3.18;887;5;1076.00;0
2264;5;5231912;2264;329;3150;3150;6.72;0.41;246.88;3.18;886;5;1077.00;0
2266;5;5231922;2266;334;3150;3150;6.71;0.41;246.89;3.18;884;5;1078.00;0
2267;5;5231931;2267;336;3150;3150;6.69;0.41;246.81;3.18;883;5;1079.00;0
2268;5;5231941;2268;361;3219;3275;6.74;0.42;246.86;3.11;951;5;1080.00;56
2272;5;5231960;2272;348;3221;3276;6.73;0.42;247.03;3.11;949;5;1081.00;55
2273;5;5231970;2273;332;3233;3276;6.86;0.42;247.12;3.10;960;5;1082.00;43
2276;5;5231980;2276;329;3235;3276;6.87;0.42;247.18;3.10;959;5;1083.00;41
2278;5;5231989;2278;321;3240;3276;6.92;0.43;247.19;3.10;962;5;1084.00;36
2280;5;5231999;2280;322;3241;3276;6.91;0.42;247.28;3.10;961;5;1085.00;35
2284;5;5232009;2284;319;3246;3276;6.90;0.42;247.40;3.11;962;5;1086.00;30
2286;5;5232019;2286;321;3249;3276;6.94;0.42;247.49;3.11;963;5;1087.00;27
2286;5;5232029;2286;322;3255;3277;6.88;0.42;247.49;3.12;969;5;1088.00;22
2288;5;5232039;2288;331;3257;3278;6.85;0.42;247.48;3.13;969;5;1089.00;21
2290;5;5232049;2290;331;3260;3278;6.81;0.42;247.42;3.13;970;5;1090.00;18
2292;5;5232058;2292;331;3267;3282;6.74;0.41;247.58;3.13;975;5;1091.00;15
2295;5;5232069;2295;330;3269;3282;6.67;0.41;247.46;3.14;974;5;1092.00;13
2299;5;5232079;2299;324;3272;3282;6.62;0.40;247.79;3.15;973;5;1093.00;10
2302;5;5232089;2302;321;3274;3282;6.52;0.40;247.86;3.15;972;5;1094.00;8
2304;5;5232098;2304;321;3279;3288;6.46;0.39;247.97;3.15;975;5;1095.00;9
2306;5;5232109;2306;310;3280;3288;6.43;0.39;247.89;3.16;974;5;1096.00;8
2310;5;5232120;2310;298;3280;3288;6.40;0.39;247.84;3.16;970;5;1097.00;8
2316;5;5232130;2316;296;3283;3291;6.42;0.39;248.03;3.17;967;5;1098.00;8
2317;5;5232141;2317;291;3283;3291;6.42;0.39;248.02;3.17;966;5;1099.00;8
2319;5;5232153;2319;279;3285;3291;6.39;0.39;247.90;3.17;966;5;1100.00;6
2319;5;5232168;2319;275;3286;3292;6.42;0.39;247.90;3.17;967;5;1101.00;6
2320;5;5232179;2320;271;3287;3293;6.49;0.39;247.96;3.17;967;5;1102.00;6
2322;5;5232196;2322;267;3288;3293;6.52;0.40;247.76;3.17;966;5;1103.00;5
2325;5;5232206;2325;268;3297;3306;6.58;0.40;247.66;3.16;972;5;1104.00;9
2327;5;5232219;2327;272;3297;3306;6.65;0.40;247.50;3.16;970;5;1105.00;9
2328;5;5232229;2328;271;3300;3306;6.72;0.41;247.40;3.17;972;5;1106.00;6
2328;5;5232240;2328;270;3301;3307;6.76;0.41;247.40;3.17;973;5;1107.00;6
2328;5;5232250;2328;265;3302;3307;6.86;0.42;247.40;3.18;974;5;1108.00;5
2328;5;5232260;2328;267;3305;3311;7.04;0.43;247.40;3.18;977;5;1109.00;6
2329;5;5232273;2329;267;3306;3311;7.15;0.43;247.46;3.18;977;5;1110.00;5
2329;5;5232289;2329;270;3309;3315;7.21;0.44;247.46;3.18;980;5;1111.00;6
2331;5;5232300;2331;268;3311;3315;7.29;0.44;247.51;3.18;980;5;1112.00;4
2334;5;5232311;2334;264;3311;3315;7.36;0.45;247.55;3.18;977;5;1113.00;4
2335;5;5232323;2335;266;3311;3315;7.36;0.45;247.46;3.18;976;5;1114.00;4
2337;5;5232333;2337;264;3311;3315;7.33;0.44;247.51;3.18;974;5;1115.00;4
2337;5;5232344;2337;266;3321;3327;7.41;0.45;247.51;3.17;984;5;1116.00;6
2337;5;5232355;2337;266;3321;3327;7.36;0.45;247.51;3.17;984;5;1117.00;6
2339;5;5232367;2339;272;3322;3327;7.33;0.45;247.65;3.17;983;5;1118.00;5
2340;5;5232377;2340;272;3322;3327;7.29;0.44;247.63;3.17;982;5;1119.00;5
2341;5;5232388;2341;272;3322;3327;7.24;0.44;247.79;3.17;981;5;1120.00;5
2344;5;5232398;2344;278;3324;3327;7.20;0.44;248.08;3.18;980;5;1121.00;3
2349;5;5232409;2349;277;3324;3328;7.15;0.43;248.13;3.18;975;5;1122.00;4
2351;5;5232420;2351;276;3324;3328;7.20;0.44;248.21;3.18;973;5;1123.00;4
2352;5;5232430;2352;277;3331;3334;7.26;0.44;248.28;3.19;979;5;1124.00;3
2353;5;5232441;2353;282;3332;3336;7.24;0.44;248.23;3.18;979;5;1125.00;4
2356;5;5232452;2356;282;3334;3336;7.25;0.44;248.32;3.19;978;5;1126.00;2
2358;5;5232462;2358;289;3334;3336;7.26;0.44;248.56;3.19;976;5;1127.00;2
2362;5;5232473;2362;292;3338;3340;7.28;0.44;248.54;3.19;976;5;1128.00;2
2362;5;5232483;2362;294;3339;3340;7.27;0.44;248.54;3.19;977;5;1129.00;1
2364;5;5232493;2364;293;3340;3340;7.19;0.44;248.71;3.19;976;6;1130.00;0
2367;5;5232514;2367;291;3341;3341;7.15;0.44;248.72;3.19;974;6;1131.00;0
2370;5;5232529;2370;285;3345;3345;7.09;0.43;249.07;3.19;975;6;1132.00;0
2372;5;5232541;2372;286;3345;3345;7.05;0.43;249.28;3.19;973;6;1133.00;0
2373;5;5232551;2373;284;3347;3348;7.10;0.43;249.28;3.18;974;6;1134.00;1
2378;5;5232567;2378;287;3347;3348;7.04;0.43;249.26;3.18;969;6;1135.00;1
2379;5;5232578;2379;288;3348;3348;7.03;0.43;249.21;3.18;969;6;1136.00;0
2382;5;5232589;2382;286;3348;3348;7.02;0.43;249.30;3.18;966;6;1137.00;0
2383;5;5232599;2383;286;3352;3352;7.07;0.43;249.30;3.18;969;6;1138.00;0
2385;5;5232610;2385;275;3352;3352;7.02;0.43;249.62;3.18;967;6;1139.00;0
2387;5;5232622;2387;272;3352;3352;6.96;0.43;249.72;3.18;965;6;1140.00;0
2390;5;5232633;2390;273;3352;3352;6.96;0.43;250.07;3.18;962;6;1141.00;0
2392;5;5232643;2392;277;3353;3353;6.94;0.43;250.21;3.18;961;6;1142.00;0
2396;5;5232654;2396;274;3354;3354;6.89;0.42;250.34;3.18;958;6;1143.00;0
2397;5;5232665;2397;278;3354;3354;6.89;0.42;250.31;3.18;957;6;1144.00;0
2401;5;5232675;2401;277;3355;3355;6.96;0.43;250.25;3.18;954;6;1145.00;0
2403;5;5232686;2403;276;3355;3355;7.00;0.43;250.39;3.18;952;7;1146.00;0
2404;5;5232706;2404;274;3355;3355;7.01;0.43;250.50;3.18;951;7;1147.00;0
2407;5;5232716;2407;275;3355;3355;7.06;0.43;250.67;3.18;948;7;1148.00;0
2410;5;5232726;2410;276;3355;3355;7.08;0.43;250.65;3.18;945;7;1149.00;0
2414;5;5232737;2414;275;3355;3355;7.04;0.43;250.83;3.18;941;7;1150.00;0
2416;5;5232750;2416;272;3355;3355;6.97;0.43;251.14;3.18;939;7;1151.00;0
2421;5;5232761;2421;302;3433;3482;7.04;0.44;251.21;3.11;1012;7;1152.00;49
2423;5;5232792;2423;293;3436;3483;7.00;0.43;251.39;3.10;1013;7;1153.00;47
2427;5;5232804;2427;297;3444;3483;6.96;0.43;251.36;3.10;1017;7;1154.00;39
2431;5;5232814;2431;282;3449;3483;7.00;0.43;251.35;3.10;1018;7;1155.00;34
2437;5;5232827;2437;270;3454;3483;6.96;0.43;251.66;3.10;1017;7;1156.00;29
2440;5;5232838;2440;264;3456;3483;6.87;0.43;251.77;3.10;1016;7;1157.00;27
2443;5;5232849;2443;265;3459;3483;6.84;0.42;251.96;3.11;1016;7;1158.00;24
2448;5;5232860;2448;263;3461;3483;6.75;0.42;252.11;3.11;1013;7;1159.00;22
2451;5;5232872;2451;269;3464;3484;6.72;0.41;252.08;3.11;1013;7;1160.00;20
2455;5;5232883;2455;279;3466;3485;6.68;0.41;252.16;3.12;1011;7;1161.00;19
2459;5;5232895;2459;280;3468;3485;6.65;0.41;252.30;3.12;1009;7;1162.00;17
2462;5;5232908;2462;283;3472;3486;6.62;0.41;252.44;3.13;1010;7;1163.00;14
2466;5;5232920;2466;290;3475;3486;6.61;0.41;252.37;3.13;1009;7;1164.00;11
2470;5;5232932;2470;286;3477;3486;6.57;0.40;252.40;3.14;1007;7;1165.00;9
2473;5;5232945;2473;290;3478;3486;6.51;0.40;252.60;3.14;1005;7;1166.00;8
2480;5;5232958;2480;292;3483;3490;6.44;0.40;252.88;3.15;1003;7;1167.00;7
2483;5;5232973;2483;300;3484;3490;6.43;0.40;252.94;3.15;1001;7;1168.00;6
2486;5;5232987;2486;299;3485;3490;6.36;0.39;252.95;3.15;999;7;1169.00;5
2490;5;5233001;2490;298;3489;3496;6.40;0.39;252.95;3.15;999;7;1170.00;7
2495;5;5233015;2495;298;3490;3496;6.44;0.40;253.24;3.15;995;7;1171.00;6
2496;5;5233028;2496;296;3491;3496;6.56;0.40;253.34;3.15;995;7;1172.00;5
2501;5;5233049;2501;307;3496;3500;6.57;0.40;253.77;3.15;995;7;1173.00;4
2503;5;5233063;2503;310;3497;3501;6.65;0.41;253.94;3.15;994;7;1174.00;4
2505;5;5233076;2505;317;3498;3501;6.75;0.42;254.04;3.16;993;7;1175.00;3
2512;5;5233089;2512;319;3502;3505;6.76;0.42;254.18;3.16;990;7;1176.00;3
2519;5;5233104;2519;320;3503;3505;6.77;0.42;254.37;3.17;984;7;1177.00;2
2522;5;5233116;2522;315;3505;3505;6.79;0.42;254.56;3.17;983;7;1178.00;0
2525;5;5233130;2525;311;3506;3506;6.78;0.42;254.59;3.17;981;7;1179.00;0
2530;5;5233144;2530;313;3506;3506;6.77;0.42;254.78;3.17;976;7;1180.00;0
2534;5;5233158;2534;308;3512;3512;6.79;0.42;254.96;3.16;978;7;1181.00;0
2542;5;5233172;2542;313;3512;3512;6.68;0.41;255.10;3.16;970;7;1182.00;0
2544;5;5233185;2544;316;3513;3513;6.64;0.41;255.23;3.16;969;7;1183.00;0
2551;5;5233196;2551;322;3513;3513;6.55;0.40;255.49;3.16;962;7;1184.00;0
2555;5;5233211;2555;326;3513;3513;6.49;0.40;255.67;3.16;958;7;1185.00;0
2556;5;5233224;2556;328;3513;3513;6.51;0.40;255.62;3.16;957;7;1186.00;0
2566;5;5233236;2566;325;3513;3513;6.46;0.40;256.10;3.16;947;7;1187.00;0
2571;5;5233248;2571;324;3523;3525;6.53;0.40;256.42;3.15;952;7;1188.00;2
2575;5;5233262;2575;328;3523;3525;6.54;0.40;256.50;3.15;948;7;1189.00;2
2579;5;5233273;2579;333;3525;3525;6.55;0.40;256.70;3.15;946;7;1190.00;0
2584;5;5233284;2584;328;3525;3525;6.55;0.40;256.92;3.15;941;7;1191.00;0
2585;5;5233295;2585;333;3525;3525;6.54;0.40;257.00;3.15;940;7;1192.00;0
2589;5;5233306;2589;343;3525;3525;6.55;0.40;257.18;3.15;936;7;1193.00;0
2595;5;5233318;2595;348;3529;3529;6.48;0.40;257.36;3.15;934;7;1194.00;0
2597;5;5233329;2597;357;3529;3529;6.37;0.39;257.43;3.15;932;7;1195.00;0
2599;5;5233340;2599;361;3533;3533;6.31;0.39;257.58;3.15;934;7;1196.00;0
2601;5;5233352;2601;368;3534;3534;6.13;0.38;257.71;3.15;933;7;1197.00;0
2602;5;5233363;2602;377;3534;3534;6.00;0.37;257.89;3.15;932;7;1198.00;0
2606;5;5233373;2606;382;3534;3534;5.90;0.36;257.98;3.15;928;7;1199.00;0
2609;5;5233386;2609;393;3561;3575;6.02;0.37;258.20;3.12;952;7;1200.00;14
2610;5;5233405;2610;394;3561;3575;6.03;0.37;258.38;3.12;951;7;1201.00;14
2614;5;5233416;2614;401;3564;3575;6.04;0.37;258.32;3.12;950;7;1202.00;11
2617;5;5233427;2617;394;3565;3576;6.10;0.38;258.45;3.12;948;7;1203.00;11
2618;5;5233442;2618;394;3568;3577;6.17;0.38;258.42;3.12;950;7;1204.00;9
2622;5;5233456;2622;394;3569;3577;6.20;0.38;258.53;3.12;947;7;1205.00;8
2623;5;5233470;2623;390;3572;3580;6.29;0.39;258.65;3.12;949;7;1206.00;8
2629;5;5233483;2629;394;3573;3580;6.27;0.38;258.54;3.12;944;7;1207.00;7
2632;5;5233494;2632;397;3574;3580;6.26;0.38;258.70;3.12;942;7;1208.00;6
2633;5;5233506;2633;396;3575;3580;6.21;0.38;258.65;3.12;942;7;1209.00;5
2635;5;5233517;2635;401;3580;3586;6.15;0.38;258.69;3.12;945;7;1210.00;6
2638;5;5233528;2638;393;3580;3586;6.10;0.37;258.74;3.12;942;7;1211.00;6
2641;5;5233539;2641;395;3582;3586;6.07;0.37;258.79;3.12;941;7;1212.00;4
2645;5;5233565;2645;390;3582;3586;6.08;0.37;258.68;3.12;937;7;1213.00;4
2648;5;5233582;2648;378;3586;3590;6.17;0.38;258.75;3.12;938;7;1214.00;4
2651;5;5233597;2651;381;3589;3592;6.25;0.38;258.72;3.12;938;7;1215.00;3
2654;5;5233610;2654;378;3589;3592;6.31;0.39;258.77;3.12;935;7;1216.00;3
2656;5;5233625;2656;376;3590;3593;6.33;0.39;258.94;3.12;934;7;1217.00;3
2661;5;5233641;2661;376;3590;3593;6.26;0.38;258.73;3.12;929;7;1218.00;3
2662;5;5233666;2662;384;3590;3593;6.23;0.38;258.84;3.12;928;7;1219.00;3
2664;5;5233681;2664;388;3590;3593;6.19;0.38;258.88;3.12;926;7;1220.00;3
2664;5;5233697;2664;386;3591;3593;6.19;0.38;258.88;3.13;927;7;1221.00;2
2665;5;5233712;2665;385;3591;3593;6.21;0.38;258.87;3.13;926;7;1222.00;2
2669;5;5233726;2669;388;3591;3593;6.16;0.38;258.70;3.13;922;7;1223.00;2
2670;5;5233739;2670;396;3632;3663;6.21;0.38;258.71;3.09;962;7;1224.00;31
2674;5;5233756;2674;397;3633;3664;6.24;0.38;258.63;3.09;959;7;1225.00;31
2680;5;5233769;2680;391;3640;3664;6.28;0.38;258.65;3.09;960;7;1226.00;24
2681;5;5233782;2681;385;3642;3664;6.29;0.39;258.64;3.09;961;7;1227.00;22
2683;5;5233796;2683;381;3645;3666;6.26;0.38;258.60;3.09;962;7;1228.00;21
2685;5;5233807;2685;383;3646;3666;6.26;0.38;258.71;3.09;961;7;1229.00;20
2686;5;5233819;2686;386;3648;3666;6.27;0.38;258.66;3.10;962;7;1230.00;18
2687;5;5233830;2687;395;3650;3666;6.28;0.38;258.62;3.10;963;7;1231.00;16
2689;5;5233840;2689;392;3651;3667;6.28;0.38;258.52;3.10;962;7;1232.00;16
2690;5;5233850;2690;394;3655;3668;6.30;0.39;258.54;3.11;965;7;1233.00;13
2692;5;5233861;2692;393;3657;3668;6.28;0.38;258.47;3.12;965;7;1234.00;11
2694;5;5233872;2694;389;3664;3672;6.29;0.38;258.41;3.12;970;7;1235.00;8
2697;5;5233972;2697;393;3666;3672;6.24;0.38;258.60;3.12;969;7;1236.00;6
2700;5;5233993;2700;393;3667;3672;6.22;0.38;258.60;3.13;967;7;1237.00;5
2700;5;5234005;2700;388;3669;3672;6.22;0.38;258.60;3.13;969;7;1238.00;3
2702;5;5234015;2702;393;3675;3678;6.20;0.38;258.66;3.13;973;7;1239.00;3
2703;5;5234026;2703;394;3675;3678;6.22;0.38;258.70;3.13;972;7;1240.00;3
2703;5;5234037;2703;397;3675;3678;6.21;0.38;258.70;3.13;972;7;1241.00;3
2706;5;5234047;2706;399;3678;3681;6.22;0.38;258.75;3.13;972;7;1242.00;3
2707;5;5234057;2707;386;3678;3681;6.20;0.38;258.77;3.13;971;7;1243.00;3
2708;5;5234068;2708;382;3678;3681;6.18;0.38;258.73;3.13;970;7;1244.00;3
2711;5;5234078;2711;368;3679;3682;6.20;0.38;258.77;3.13;968;7;1245.00;3
2713;5;5234088;2713;360;3680;3683;6.29;0.38;258.93;3.13;967;7;1246.00;3
2715;5;5234099;2715;346;3680;3683;6.27;0.38;258.99;3.13;965;7;1247.00;3
2718;5;5234109;2718;337;3690;3696;6.30;0.38;258.73;3.12;972;7;1248.00;6
2720;5;5234121;2720;330;3690;3696;6.34;0.39;258.94;3.12;970;7;1249.00;6
2724;5;5234136;2724;319;3690;3696;6.39;0.39;259.12;3.12;966;7;1250.00;6
2726;5;5234147;2726;309;3691;3697;6.54;0.40;259.12;3.12;965;7;1251.00;6
2727;6;5234158;2727;304;3693;3697;6.62;0.40;259.14;3.12;966;8;1252.00;4
2728;6;5234186;2728;290;3696;3701;6.76;0.41;259.16;3.12;968;8;1253.00;5
2731;7;5234197;2731;281;3696;3701;6.88;0.42;259.24;3.12;965;9;1254.00;5
2732;7;5234223;2732;274;3699;3705;7.02;0.43;259.23;3.12;967;9;1255.00;6
2733;7;5234234;2733;271;3699;3705;7.15;0.43;259.31;3.12;966;9;1256.00;6
2736;7;5234251;2736;268;3699;3705;7.21;0.44;259.43;3.12;963;9;1257.00;6
2738;7;5234261;2738;258;3699;3705;7.32;0.44;259.58;3.12;961;9;1258.00;6
2739;7;5234271;2739;253;3700;3705;7.30;0.44;259.68;3.12;961;9;1259.00;5
2743;7;5234282;2743;245;3723;3739;7.33;0.44;259.67;3.10;980;9;1260.00;16
2746;7;5234295;2746;239;3724;3739;7.35;0.45;259.68;3.10;978;9;1261.00;15
2750;7;5234306;2750;241;3726;3739;7.25;0.44;259.56;3.10;976;9;1262.00;13
2752;7;5234316;2752;244;3729;3739;7.26;0.44;259.56;3.12;977;9;1263.00;10
2755;7;5234326;2755;238;3730;3739;7.29;0.44;259.76;3.12;975;9;1264.00;9
2760;7;5234337;2760;240;3730;3739;7.25;0.44;260.14;3.12;970;9;1265.00;9
2762;7;5234347;2762;235;3730;3740;7.23;0.44;260.27;3.12;968;9;1266.00;10
2766;7;5234358;2766;233;3731;3740;7.17;0.43;260.35;3.12;965;9;1267.00;9
2767;7;5234368;2767;235;3736;3746;7.24;0.44;260.45;3.12;969;9;1268.00;10
2770;7;5234379;2770;230;3736;3747;7.18;0.43;260.28;3.12;966;9;1269.00;11
2772;7;5234390;2772;229;3738;3747;7.19;0.43;260.25;3.13;966;9;1270.00;9
2774;8;5234401;2774;226;3739;3747;7.23;0.44;260.20;3.13;965;10;1271.00;8
2775;8;5234425;2775;230;3744;3751;7.22;0.44;260.15;3.13;969;10;1272.00;7
2780;8;5234436;2780;228;3744;3751;7.24;0.44;260.18;3.13;964;10;1273.00;7
2781;8;5234447;2781;231;3744;3751;7.28;0.44;260.37;3.13;963;10;1274.00;7
2781;8;5234457;2781;231;3746;3752;7.36;0.44;260.37;3.13;965;10;1275.00;6
2782;8;5234468;2782;229;3749;3756;7.37;0.45;260.56;3.13;967;10;1276.00;7
2783;8;5234478;2783;231;3749;3756;7.42;0.45;260.74;3.13;966;10;1277.00;7
2783;8;5234490;2783;223;3751;3759;7.46;0.45;260.74;3.13;968;10;1278.00;8
2786;8;5234501;2786;221;3752;3759;7.49;0.45;261.02;3.13;966;10;1279.00;7
2787;8;5234511;2787;223;3752;3759;7.51;0.45;260.98;3.13;965;10;1280.00;7
2791;8;5234522;2791;223;3753;3759;7.60;0.46;260.89;3.13;962;10;1281.00;6
2793;8;5234540;2793;225;3757;3763;7.67;0.47;261.22;3.13;964;10;1282.00;6
2795;8;5234551;2795;223;3757;3763;7.75;0.47;261.34;3.13;962;10;1283.00;6
2796;8;5234563;2796;222;3757;3763;7.85;0.48;261.35;3.13;961;10;1284.00;6
2797;8;5234573;2797;220;3759;3763;7.90;0.48;261.30;3.14;962;10;1285.00;4
2799;8;5234585;2799;226;3759;3764;7.95;0.48;261.60;3.14;960;10;1286.00;5
2803;8;5234596;2803;229;3761;3765;7.96;0.48;261.78;3.14;958;10;1287.00;4
2805;8;5234612;2805;225;3762;3765;7.96;0.48;261.74;3.15;957;10;1288.00;3
2808;8;5234623;2808;230;3763;3766;7.95;0.48;261.85;3.15;955;10;1289.00;3
2811;8;5234636;2811;237;3764;3766;7.91;0.48;261.93;3.15;953;10;1290.00;2
2812;8;5234647;2812;241;3766;3766;7.89;0.48;262.09;3.16;954;10;1291.00;0
2815;8;5234659;2815;245;3766;3766;7.82;0.48;262.33;3.16;951;10;1292.00;0
2818;8;5234670;2818;250;3766;3766;7.75;0.47;262.60;3.16;948;10;1293.00;0
2821;8;5234680;2821;251;3766;3766;7.74;0.47;262.82;3.16;945;10;1294.00;0
2824;8;5234691;2824;249;3766;3766;7.66;0.47;263.24;3.16;942;10;1295.00;0
2828;8;5234702;2828;280;3839;3893;7.65;0.47;263.44;3.10;1011;10;1296.00;54
2831;8;5234723;2831;273;3842;3894;7.60;0.47;263.51;3.10;1011;10;1297.00;52
2835;8;5234736;2835;269;3853;3894;7.62;0.47;263.57;3.09;1018;10;1298.00;41
2836;8;5234747;2836;275;3858;3894;7.62;0.47;263.54;3.09;1022;10;1299.00;36
2838;8;5234758;2838;272;3865;3894;7.62;0.47;263.70;3.09;1027;10;1300.00;29
2839;8;5234773;2839;271;3867;3894;7.55;0.46;263.75;3.10;1028;10;1301.00;27
2840;8;5234784;2840;270;3870;3894;7.52;0.46;263.68;3.10;1030;10;1302.00;24
2841;8;5234800;2841;282;3872;3894;7.45;0.46;263.74;3.10;1031;10;1303.00;22
2845;8;5234816;2845;274;3874;3895;7.43;0.46;263.85;3.10;1029;10;1304.00;21
2846;8;5234833;2846;271;3880;3897;7.41;0.46;263.87;3.11;1034;10;1305.00;17
2848;8;5234844;2848;266;3881;3897;7.39;0.45;263.85;3.11;1033;10;1306.00;16
2851;8;5234855;2851;264;3885;3898;7.34;0.45;263.99;3.12;1034;10;1307.00;13
2854;8;5234867;2854;264;3888;3898;7.28;0.45;263.91;3.12;1034;10;1308.00;10
2856;8;5234878;2856;266;3889;3898;7.25;0.45;263.95;3.13;1033;10;1309.00;9
2860;8;5234890;2860;268;3889;3898;7.19;0.44;263.88;3.13;1029;10;1310.00;9
2862;8;5234906;2862;274;3893;3902;7.17;0.44;264.08;3.13;1031;10;1311.00;9
2864;8;5234918;2864;280;3895;3902;7.15;0.44;264.25;3.13;1031;10;1312.00;7
2866;8;5234929;2866;286;3897;3902;7.12;0.44;264.38;3.14;1031;10;1313.00;5
2870;8;5234940;2870;283;3900;3905;7.09;0.44;264.52;3.14;1030;10;1314.00;5
2873;8;5234951;2873;294;3900;3905;7.07;0.44;264.44;3.14;1027;10;1315.00;5
2878;8;5234962;2878;296;3900;3905;7.03;0.43;264.55;3.14;1022;10;1316.00;5
2883;8;5234972;2883;301;3905;3909;6.93;0.43;264.80;3.14;1022;10;1317.00;4
2885;8;5234983;2885;304;3907;3910;6.84;0.42;264.86;3.14;1022;10;1318.00;3
2888;8;5234994;2888;307;3908;3910;6.76;0.42;265.03;3.15;1020;10;1319.00;2
2893;8;5235006;2893;299;3914;3915;6.79;0.42;265.08;3.15;1021;10;1320.00;1
2897;8;5235017;2897;294;3915;3915;6.72;0.41;265.13;3.15;1018;10;1321.00;0
2901;8;5235028;2901;293;3915;3915;6.69;0.41;265.23;3.15;1014;10;1322.00;0
2905;8;5235038;2905;293;3916;3916;6.62;0.41;265.51;3.15;1011;10;1323.00;0
2909;8;5235049;2909;293;3916;3916;6.63;0.41;265.72;3.15;1007;10;1324.00;0
2916;8;5235060;2916;296;3922;3922;6.62;0.40;265.79;3.15;1006;10;1325.00;0
2918;8;5235072;2918;290;3922;3922;6.66;0.41;265.88;3.15;1004;10;1326.00;0
2922;8;5235082;2922;286;3923;3923;6.67;0.41;266.02;3.14;1001;10;1327.00;0
2925;8;5235093;2925;286;3923;3923;6.71;0.41;266.17;3.14;998;10;1328.00;0
2929;8;5235109;2929;290;3923;3923;6.72;0.41;266.28;3.14;994;10;1329.00;0
2932;8;5235120;2932;288;3923;3923;6.68;0.41;266.39;3.14;991;10;1330.00;0
2934;8;5235131;2934;292;3923;3923;6.58;0.40;266.49;3.14;989;10;1331.00;0
2938;8;5235141;2938;294;3934;3935;6.57;0.40;266.48;3.14;996;10;1332.00;1
2943;8;5235152;2943;293;3934;3935;6.51;0.40;266.64;3.14;991;10;1333.00;1
2947;8;5235162;2947;296;3935;3935;6.49;0.40;266.53;3.14;988;10;1334.00;0
2952;8;5235173;2952;297;3935;3935;6.44;0.39;266.64;3.14;983;10;1335.00;0
2957;8;5235183;2957;299;3935;3935;6.44;0.39;266.72;3.14;978;10;1336.00;0
2962;8;5235194;2962;301;3935;3935;6.43;0.39;266.53;3.14;973;10;1337.00;0
2967;8;5235205;2967;305;3939;3939;6.43;0.39;266.64;3.13;972;10;1338.00;0
2972;8;5235217;2972;309;3939;3939;6.41;0.39;266.63;3.13;967;10;1339.00;0
2978;8;5235228;2978;314;3943;3943;6.42;0.39;266.67;3.13;965;10;1340.00;0
2981;8;5235241;2981;315;3944;3944;6.40;0.39;266.74;3.13;963;10;1341.00;0
2983;8;5235252;2983;321;3944;3944;6.41;0.39;266.73;3.13;961;10;1342.00;0
2988;8;5235262;2988;332;3944;3944;6.39;0.39;266.83;3.13;956;10;1343.00;0
2992;8;5235273;2992;344;3957;3957;6.46;0.39;266.98;3.12;965;10;1344.00;0
2993;8;5235285;2993;350;3957;3957;6.47;0.40;266.98;3.12;964;10;1345.00;0
2997;8;5235296;2997;359;3957;3957;6.39;0.39;267.22;3.12;960;10;1346.00;0
3004;8;5235306;3004;362;3958;3958;6.32;0.39;267.27;3.12;954;10;1347.00;0
3007;8;5235317;3007;373;3959;3959;6.24;0.38;267.28;3.12;952;10;1348.00;0
3009;8;5235328;3009;378;3959;3959;6.16;0.38;267.31;3.12;950;10;1349.00;0
3013;8;5235339;3013;386;3965;3968;6.14;0.38;267.40;3.11;952;10;1350.00;3
3017;8;5235351;3017;392;3965;3968;6.07;0.37;267.61;3.11;948;10;1351.00;3
3021;8;5235362;3021;401;3967;3968;6.01;0.37;267.95;3.11;946;10;1352.00;1
3026;8;5235372;3026;400;3967;3968;5.93;0.36;268.00;3.11;941;10;1353.00;1
3030;8;5235383;3030;410;3973;3974;5.85;0.36;268.11;3.11;943;10;1354.00;1
3034;8;5235394;3034;411;3974;3974;5.83;0.36;268.22;3.11;940;10;1355.00;0
3036;8;5235404;3036;417;3974;3974;5.75;0.35;268.33;3.11;938;10;1356.00;0
3040;8;5235414;3040;414;3974;3974;5.71;0.35;268.50;3.11;934;10;1357.00;0
3046;8;5235423;3046;413;3977;3978;5.70;0.35;268.47;3.11;931;10;1358.00;1
3049;8;5235434;3049;413;3978;3979;5.70;0.35;268.62;3.11;929;10;1359.00;1
3053;8;5235444;3053;416;3979;3979;5.62;0.34;268.66;3.11;926;10;1360.00;0
3057;8;5235455;3057;418;3980;3980;5.57;0.34;268.66;3.11;923;10;1361.00;0
3057;8;5235465;3057;421;3980;3980;5.55;0.34;268.66;3.11;923;10;1362.00;0
3059;8;5235475;3059;431;3980;3980;5.52;0.34;268.66;3.11;921;10;1363.00;0
3061;8;5235485;3061;436;3980;3980;5.49;0.34;268.52;3.11;919;10;1364.00;0
3065;8;5235495;3065;435;3980;3980;5.43;0.33;268.54;3.11;915;10;1365.00;0
3065;8;5235508;3065;442;3980;3980;5.40;0.33;268.54;3.11;915;10;1366.00;0
3066;8;5235520;3066;433;3980;3980;5.37;0.33;268.58;3.11;914;10;1367.00;0
3068;8;5235531;3068;442;4022;4050;5.46;0.33;268.53;3.08;954;10;1368.00;28
3071;8;5235549;3071;439;4024;4051;5.48;0.34;268.53;3.07;953;10;1369.00;27
3073;8;5235561;3073;427;4030;4051;5.59;0.34;268.55;3.07;957;10;1370.00;21
3074;8;5235573;3074;430;4031;4051;5.62;0.34;268.58;3.07;957;10;1371.00;20
3076;8;5235583;3076;427;4035;4051;5.67;0.35;268.53;3.07;959;10;1372.00;16
3080;8;5235593;3080;430;4038;4051;5.70;0.35;268.59;3.08;958;10;1373.00;13
3080;8;5235604;3080;433;4041;4051;5.70;0.35;268.59;3.08;961;10;1374.00;10
3083;8;5235619;3083;440;4044;4051;5.69;0.35;268.68;3.08;961;10;1375.00;7
3084;8;5235629;3084;423;4045;4052;5.66;0.34;268.60;3.08;961;10;1376.00;7
3085;8;5235642;3085;426;4048;4053;5.68;0.35;268.56;3.09;963;10;1377.00;5
3086;8;5235657;3086;421;4050;4053;5.68;0.35;268.58;3.09;964;10;1378.00;3
3086;8;5235669;3086;417;4056;4057;5.70;0.35;268.58;3.09;970;10;1379.00;1
3087;8;5235683;3087;415;4057;4057;5.78;0.35;268.69;3.09;970;10;1380.00;0
3089;8;5235696;3089;419;4057;4057;5.83;0.36;268.74;3.09;968;10;1381.00;0
3091;8;5235714;3091;421;4057;4057;5.84;0.36;268.80;3.09;966;10;1382.00;0
3092;8;5235730;3092;425;4063;4063;5.90;0.36;268.74;3.09;971;10;1383.00;0
3092;8;5235749;3092;421;4063;4063;5.91;0.36;268.74;3.09;971;10;1384.00;0
3092;8;5235763;3092;423;4063;4063;5.99;0.37;268.74;3.09;971;10;1385.00;0
3094;8;5235776;3094;420;4065;4066;6.05;0.37;268.74;3.09;971;10;1386.00;1
3096;8;5235790;3096;423;4065;4066;6.07;0.37;268.83;3.09;969;10;1387.00;1
3097;8;5235803;3097;419;4066;4066;6.11;0.37;268.82;3.08;969;10;1388.00;0
3099;8;5235815;3099;418;4067;4067;6.05;0.37;268.83;3.08;968;10;1389.00;0
3099;8;5235828;3099;411;4068;4068;6.09;0.37;268.83;3.08;969;10;1390.00;0
3102;8;5235842;3102;401;4068;4068;6.11;0.37;268.84;3.08;966;10;1391.00;0
3103;8;5235855;3103;396;4081;4081;6.17;0.38;268.85;3.07;978;10;1392.00;0
3103;8;5235869;3103;389;4081;4081;6.21;0.38;268.85;3.07;978;10;1393.00;0
3107;8;5235880;3107;382;4081;4081;6.23;0.38;268.72;3.07;974;10;1394.00;0
3107;8;5235891;3107;381;4083;4083;6.33;0.39;268.72;3.07;976;10;1395.00;0
3111;8;5235902;3111;373;4083;4083;6.39;0.39;268.66;3.07;972;10;1396.00;0
3113;8;5235914;3113;371;4087;4087;6.50;0.40;268.62;3.07;974;10;1397.00;0
3116;8;5235931;3116;369;4087;4087;6.53;0.40;268.74;3.07;971;10;1398.00;0
3118;8;5235953;3118;374;4091;4091;6.58;0.40;268.80;3.07;973;10;1399.00;0
3119;8;5235965;3119;366;4091;4091;6.64;0.40;268.85;3.07;972;10;1400.00;0
3121;8;5235979;3121;368;4091;4091;6.71;0.41;268.84;3.07;970;10;1401.00;0
3125;8;5235996;3125;367;4091;4091;6.78;0.41;268.77;3.07;966;10;1402.00;0
3127;8;5236008;3127;365;4091;4091;6.85;0.41;268.70;3.07;964;10;1403.00;0
3129;8;5236020;3129;365;4102;4103;6.93;0.42;268.67;3.06;973;10;1404.00;1
3132;8;5236042;3132;364;4102;4103;6.93;0.42;268.74;3.06;970;10;1405.00;1
3132;8;5236055;3132;364;4103;4103;6.97;0.42;268.74;3.06;971;10;1406.00;0
3132;8;5236066;3132;362;4103;4103;7.00;0.42;268.74;3.06;971;10;1407.00;0
3132;8;5236079;3132;361;4103;4103;6.96;0.42;268.74;3.06;971;10;1408.00;0
3132;8;5236095;3132;359;4103;4103;6.95;0.42;268.74;3.06;971;10;1409.00;0
3132;8;5236110;3132;349;4104;4104;6.90;0.42;268.74;3.06;972;10;1410.00;0
3133;8;5236124;3133;340;4104;4104;6.90;0.42;268.73;3.06;971;10;1411.00;0
3135;8;5236137;3135;336;4110;4110;6.90;0.42;268.83;3.06;975;10;1412.00;0
3136;8;5236150;3136;332;4111;4111;6.87;0.42;268.86;3.06;975;10;1413.00;0
3138;8;5236163;3138;325;4111;4111;6.83;0.41;268.97;3.06;973;10;1414.00;0
3141;8;5236176;3141;316;4111;4111;6.82;0.41;269.07;3.06;970;10;1415.00;0
3143;8;5236189;3143;311;4115;4115;6.89;0.42;269.20;3.05;972;10;1416.00;0
3146;8;5236201;3146;300;4115;4115;7.02;0.42;269.17;3.05;969;10;1417.00;0
3149;8;5236213;3149;295;4115;4115;7.07;0.43;269.26;3.05;966;10;1418.00;0
3150;8;5236226;3150;283;4116;4116;7.18;0.43;269.33;3.05;966;10;1419.00;0
3152;8;5236238;3152;277;4120;4120;7.28;0.44;269.53;3.05;968;10;1420.00;0
3155;8;5236251;3155;271;4120;4120;7.37;0.45;269.69;3.05;965;10;1421.00;0
3159;8;5236262;3159;264;4122;4123;7.43;0.45;269.71;3.05;963;10;1422.00;1
3163;8;5236275;3163;258;4123;4123;7.51;0.46;269.87;3.05;960;10;1423.00;0
3168;8;5236287;3168;263;4123;4123;7.58;0.46;270.24;3.05;955;10;1424.00;0
3173;8;5236300;3173;261;4123;4123;7.62;0.46;270.39;3.05;950;10;1425.00;0
3179;8;5236312;3179;258;4127;4127;7.64;0.46;270.39;3.05;948;10;1426.00;0
3185;8;5236326;3185;255;4127;4127;7.62;0.46;270.64;3.05;942;10;1427.00;0
3189;8;5236339;3189;255;4127;4127;7.61;0.46;270.80;3.05;938;10;1428.00;0
3192;8;5236350;3192;252;4127;4127;7.59;0.46;270.96;3.05;935;10;1429.00;0
3194;8;5236362;3194;249;4128;4128;7.60;0.46;271.06;3.05;934;10;1430.00;0
3195;8;5236373;3195;248;4129;4129;7.63;0.46;271.19;3.05;934;10;1431.00;0
3198;8;5236384;3198;248;4129;4129;7.67;0.46;271.32;3.05;931;10;1432.00;0
3202;8;5236395;3202;250;4130;4130;7.71;0.47;271.48;3.04;928;10;1433.00;0
3203;8;5236406;3203;247;4130;4130;7.76;0.47;271.54;3.04;927;10;1434.00;0
3205;8;5236417;3205;244;4130;4130;7.78;0.47;271.62;3.04;925;10;1435.00;0
3208;8;5236427;3208;246;4130;4130;7.82;0.47;272.00;3.04;922;10;1436.00;0
3210;8;5236438;3210;248;4130;4130;7.81;0.47;271.98;3.04;920;10;1437.00;0
3213;8;5236449;3213;248;4130;4130;7.78;0.47;272.17;3.04;917;10;1438.00;0
3217;8;5236461;3217;246;4130;4130;7.78;0.47;272.43;3.04;913;10;1439.00;0
3218;8;5236473;3218;293;4242;4360;7.68;0.48;272.58;2.96;1024;10;1440.00;118
3219;8;5236502;3219;282;4244;4361;7.69;0.48;272.66;2.96;1025;10;1441.00;117
3223;8;5236513;3223;264;4255;4361;7.79;0.48;272.71;2.96;1032;10;1442.00;106
3225;8;5236525;3225;255;4260;4361;7.86;0.49;272.92;2.96;1035;10;1443.00;101
3226;8;5236538;3226;244;4270;4361;7.95;0.49;272.88;2.96;1044;10;1444.00;91
3229;8;5236555;3229;241;4276;4361;8.02;0.50;273.18;2.97;1047;10;1445.00;85
3230;8;5236566;3230;227;4285;4361;8.03;0.50;273.19;2.97;1055;10;1446.00;76
3233;8;5236579;3233;222;4291;4361;8.02;0.49;273.29;2.98;1058;10;1447.00;70
3234;8;5236595;3234;223;4300;4362;8.09;0.50;273.36;2.99;1066;10;1448.00;62
3234;8;5236619;3234;230;4304;4363;8.13;0.50;273.36;2.99;1070;10;1449.00;59
3234;8;5236631;3234;234;4311;4363;8.14;0.50;273.36;3.01;1077;10;1450.00;52
3235;8;5236642;3235;238;4315;4364;8.13;0.50;273.28;3.01;1080;10;1451.00;49
3237;8;5236654;3237;238;4319;4364;8.07;0.50;273.35;3.02;1082;10;1452.00;45
3242;8;5236666;3242;247;4322;4364;7.96;0.49;273.37;3.03;1080;10;1453.00;42
3244;8;5236678;3244;252;4326;4364;7.87;0.49;273.37;3.04;1082;10;1454.00;38
3248;8;5236690;3248;262;4331;4368;7.74;0.48;273.59;3.04;1083;10;1455.00;37
3253;8;5236702;3253;271;4334;4368;7.70;0.47;273.79;3.05;1081;10;1456.00;34
3257;8;5236715;3257;275;4337;4368;7.64;0.47;273.94;3.06;1080;10;1457.00;31
3262;8;5236727;3262;286;4339;4371;7.59;0.47;273.92;3.06;1077;10;1458.00;32
3266;8;5236740;3266;288;4342;4371;7.57;0.47;274.09;3.07;1076;10;1459.00;29
3274;8;5236752;3274;291;4345;4371;7.53;0.46;274.46;3.09;1071;10;1460.00;26
3276;8;5236764;3276;303;4351;4375;7.51;0.46;274.61;3.10;1075;10;1461.00;24
3281;8;5236776;3281;304;4354;4376;7.47;0.46;274.73;3.10;1073;10;1462.00;22
3282;8;5236788;3282;307;4356;4376;7.47;0.46;274.86;3.11;1074;10;1463.00;20
3286;8;5236800;3286;312;4360;4380;7.47;0.46;274.84;3.12;1074;10;1464.00;20
3290;8;5236813;3290;319;4362;4380;7.52;0.46;274.90;3.12;1072;10;1465.00;18
3297;8;5236826;3297;316;4362;4380;7.51;0.46;274.91;3.12;1065;10;1466.00;18
3297;8;5236839;3297;319;4363;4381;7.52;0.46;274.91;3.13;1066;10;1467.00;18
3300;8;5236850;3300;322;4364;4381;7.48;0.46;275.18;3.13;1064;10;1468.00;17
3302;8;5236863;3302;316;4370;4387;7.53;0.46;275.48;3.13;1068;10;1469.00;17
3304;8;5236877;3304;306;4370;4387;7.53;0.46;275.52;3.13;1066;10;1470.00;17
3310;8;5236889;3310;307;4372;4388;7.49;0.46;275.61;3.13;1062;10;1471.00;16
3311;8;5236902;3311;308;4372;4388;7.50;0.46;275.60;3.13;1061;10;1472.00;16
3315;8;5236913;3315;309;4373;4388;7.49;0.46;275.61;3.14;1058;10;1473.00;15
3317;8;5236925;3317;315;4374;4388;7.43;0.45;275.68;3.15;1057;10;1474.00;14
3319;8;5236937;3319;320;4375;4388;7.32;0.45;275.67;3.16;1056;10;1475.00;13
3321;8;5236948;3321;329;4385;4400;7.24;0.44;275.66;3.15;1064;10;1476.00;15
3324;8;5236961;3324;327;4385;4400;7.13;0.43;275.66;3.15;1061;10;1477.00;15
3328;8;5236973;3328;337;4387;4400;7.03;0.43;275.84;3.16;1059;10;1478.00;13
3329;8;5236984;3329;339;4389;4400;6.97;0.43;275.90;3.17;1060;10;1479.00;11
3330;8;5236995;3330;342;4390;4400;6.89;0.42;275.96;3.17;1060;10;1480.00;10
3330;8;5237008;3330;350;4391;4400;6.85;0.42;275.96;3.18;1061;10;1481.00;9
3332;8;5237019;3332;355;4395;4404;6.77;0.41;276.14;3.18;1063;10;1482.00;9
3338;8;5237030;3338;358;4397;4404;6.60;0.40;276.29;3.18;1059;10;1483.00;7
3342;8;5237041;3342;367;4400;4408;6.46;0.40;276.31;3.18;1058;10;1484.00;8
3346;8;5237051;3346;364;4403;4410;6.37;0.39;276.47;3.18;1057;10;1485.00;7
3348;8;5237064;3348;368;4403;4410;6.33;0.39;276.48;3.18;1055;10;1486.00;7
3351;8;5237074;3351;366;4404;4410;6.27;0.38;276.39;3.18;1053;10;1487.00;6
3357;8;5237084;3357;370;4416;4423;6.22;0.38;276.61;3.17;1059;10;1488.00;7
3360;8;5237098;3360;379;4417;4423;6.21;0.38;276.71;3.17;1057;10;1489.00;6
3365;8;5237109;3365;380;4417;4423;6.18;0.38;276.85;3.17;1052;10;1490.00;6
3368;8;5237120;3368;384;4418;4424;6.17;0.38;276.89;3.17;1050;10;1491.00;6
3369;8;5237131;3369;378;4419;4425;6.14;0.38;276.87;3.17;1050;11;1492.00;6
3372;8;5237149;3372;372;4419;4425;6.14;0.38;276.91;3.17;1047;11;1493.00;6
3374;8;5237160;3374;374;4421;4428;6.14;0.38;277.18;3.17;1047;11;1494.00;7
3377;8;5237171;3377;375;4421;4428;6.11;0.38;277.09;3.17;1044;11;1495.00;7
3382;8;5237182;3382;369;4422;4428;6.04;0.37;277.18;3.17;1040;11;1496.00;6
3385;8;5237193;3385;371;4422;4428;6.02;0.37;277.08;3.17;1037;11;1497.00;6
3393;8;5237203;3393;377;4428;4434;6.03;0.37;277.06;3.16;1035;11;1498.00;6
3394;8;5237215;3394;386;4428;4434;6.04;0.37;277.08;3.16;1034;11;1499.00;6
3399;8;5237227;3399;391;4433;4453;5.96;0.37;277.07;3.16;1034;11;1500.00;20
3403;8;5237245;3403;394;4433;4453;5.94;0.37;277.10;3.16;1030;11;1501.00;20
3407;8;5237257;3407;397;4438;4457;5.93;0.37;277.20;3.16;1031;11;1502.00;19
3407;8;5237268;3407;404;4439;4458;5.92;0.37;277.20;3.16;1032;11;1503.00;19
3412;8;5237278;3412;408;4439;4458;5.84;0.36;277.38;3.16;1027;11;1504.00;19
3416;8;5237289;3416;410;4441;4459;5.75;0.36;277.28;3.16;1025;11;1505.00;18
3419;8;5237299;3419;415;4443;4459;5.65;0.35;277.36;3.16;1024;11;1506.00;16
3426;8;5237309;3426;421;4443;4459;5.60;0.35;277.26;3.16;1017;11;1507.00;16
3427;8;5237320;3427;424;4443;4459;5.58;0.35;277.28;3.16;1016;11;1508.00;16
3432;8;5237331;3432;418;4443;4459;5.48;0.34;277.11;3.16;1011;11;1509.00;16
3438;8;5237341;3438;421;4444;4459;5.39;0.34;277.12;3.16;1006;11;1510.00;15
3440;8;5237351;3440;426;4444;4459;5.36;0.33;277.22;3.16;1004;11;1511.00;15
3446;8;5237363;3446;428;4483;4529;5.42;0.34;277.04;3.14;1037;11;1512.00;46
3451;8;5237378;3451;436;4485;4530;5.39;0.34;276.89;3.13;1034;11;1513.00;45
3453;8;5237389;3453;437;4492;4530;5.49;0.34;276.90;3.13;1039;11;1514.00;38
3457;8;5237399;3457;440;4493;4530;5.49;0.34;277.11;3.13;1036;11;1515.00;37
3459;8;5237411;3459;447;4496;4530;5.53;0.34;277.03;3.14;1037;11;1516.00;34
3464;8;5237421;3464;453;4499;4530;5.48;0.34;277.03;3.14;1035;11;1517.00;31
3469;8;5237431;3469;454;4501;4530;5.47;0.34;276.94;3.14;1032;11;1518.00;29
3475;8;5237443;3475;459;4503;4530;5.44;0.34;277.06;3.14;1028;11;1519.00;27
3479;8;5237453;3479;462;4504;4531;5.37;0.33;277.10;3.14;1025;11;1520.00;27
3485;8;5237464;3485;468;4506;4532;5.29;0.33;276.99;3.15;1021;11;1521.00;26
3488;8;5237474;3488;474;4509;4532;5.26;0.32;277.00;3.15;1021;11;1522.00;23
3490;8;5237484;3490;483;4516;4536;5.21;0.32;277.07;3.16;1026;11;1523.00;20
3494;8;5237500;3494;490;4518;4536;5.15;0.32;277.08;3.16;1024;11;1524.00;18
3498;8;5237511;3498;495;4519;4536;5.15;0.32;276.95;3.16;1021;11;1525.00;17
3499;8;5237521;3499;498;4520;4536;5.16;0.32;276.93;3.17;1021;11;1526.00;16
3502;8;5237531;3502;506;4526;4542;5.18;0.32;276.84;3.17;1024;11;1527.00;16
3504;8;5237542;3504;501;4527;4542;5.16;0.32;276.85;3.17;1023;11;1528.00;15
3506;8;5237552;3506;503;4529;4542;5.19;0.32;276.83;3.18;1023;11;1529.00;13
3509;8;5237565;3509;510;4534;4548;5.21;0.32;276.87;3.18;1025;11;1530.00;14
3514;8;5237581;3514;513;4534;4548;5.19;0.32;276.75;3.18;1020;11;1531.00;14
3517;8;5237591;3517;505;4536;4548;5.20;0.32;276.74;3.18;1019;11;1532.00;12
3518;8;5237602;3518;497;4538;4549;5.24;0.32;276.76;3.18;1020;11;1533.00;11
3521;8;5237613;3521;495;4540;4550;5.29;0.32;276.83;3.20;1019;11;1534.00;10
3526;8;5237624;3526;487;4542;4550;5.28;0.32;276.82;3.21;1016;11;1535.00;8
3526;8;5237635;3526;488;4554;4563;5.41;0.33;276.82;3.20;1028;11;1536.00;9
3532;8;5237646;3532;473;4554;4563;5.39;0.33;276.82;3.20;1022;11;1537.00;9
3533;8;5237658;3533;469;4554;4563;5.45;0.33;276.75;3.20;1021;11;1538.00;9
3534;8;5237669;3534;460;4555;4564;5.48;0.33;276.76;3.20;1021;11;1539.00;9
3536;8;5237682;3536;455;4557;4564;5.49;0.33;276.66;3.21;1021;11;1540.00;7
3539;8;5237693;3539;441;4562;4568;5.54;0.34;276.80;3.23;1023;11;1541.00;6
3540;8;5237709;3540;429;4563;4568;5.63;0.34;276.83;3.23;1023;11;1542.00;5
3542;8;5237728;3542;421;4567;4572;5.70;0.35;276.92;3.23;1025;11;1543.00;5
3542;8;5237740;3542;410;4567;4572;5.84;0.35;276.92;3.23;1025;11;1544.00;5
3542;8;5237752;3542;407;4567;4572;5.97;0.36;276.92;3.23;1025;11;1545.00;5
3542;8;5237764;3542;395;4567;4572;6.13;0.37;276.92;3.23;1025;11;1546.00;5
3543;8;5237777;3543;393;4567;4572;6.30;0.38;276.85;3.23;1024;11;1547.00;5
3544;8;5237789;3544;393;4577;4584;6.41;0.39;276.80;3.25;1033;11;1548.00;7
3546;8;5237802;3546;390;4578;4584;6.52;0.40;276.77;3.25;1032;11;1549.00;6
3548;8;5237815;3548;386;4580;4584;6.63;0.40;276.75;3.25;1032;11;1550.00;4
3549;8;5237832;3549;386;4580;4584;6.73;0.41;276.78;3.25;1031;11;1551.00;4
3550;8;5237844;3550;378;4580;4584;6.75;0.41;276.79;3.25;1030;11;1552.00;4
3551;8;5237857;3551;372;4580;4584;6.82;0.41;276.81;3.25;1029;11;1553.00;4
3553;8;5237869;3553;365;4581;4585;6.87;0.42;276.86;3.25;1028;11;1554.00;4
3554;8;5237881;3554;369;4583;4587;6.87;0.42;276.89;3.25;1029;11;1555.00;4
3555;8;5237894;3555;363;4590;4593;6.92;0.42;276.84;3.27;1035;11;1556.00;3
3556;8;5237908;3556;362;4591;4594;6.98;0.42;276.84;3.27;1035;11;1557.00;3
3559;8;5237920;3559;355;4591;4594;6.96;0.42;277.05;3.27;1032;11;1558.00;3
3560;8;5237932;3560;354;4591;4594;6.99;0.42;277.18;3.27;1031;11;1559.00;3
3560;8;5237945;3560;352;4596;4599;7.03;0.43;277.18;3.26;1036;11;1560.00;3
3564;8;5237958;3564;351;4596;4599;7.00;0.42;277.33;3.26;1032;12;1561.00;3
3566;8;5237978;3566;347;4596;4599;6.97;0.42;277.49;3.26;1030;12;1562.00;3
3566;8;5237990;3566;347;4597;4600;7.01;0.43;277.49;3.26;1031;12;1563.00;3
3569;8;5238002;3569;346;4601;4604;7.03;0.43;277.61;3.26;1032;12;1564.00;3
3572;8;5238020;3572;349;4601;4604;7.00;0.43;277.68;3.26;1029;12;1565.00;3
3577;8;5238037;3577;347;4603;4607;6.97;0.42;277.62;3.26;1026;12;1566.00;4
3580;8;5238050;3580;341;4603;4607;6.99;0.42;277.59;3.26;1023;12;1567.00;4
3584;8;5238062;3584;349;4604;4607;6.98;0.42;277.74;3.26;1020;12;1568.00;3
3586;8;5238074;3586;354;4604;4607;6.97;0.42;277.94;3.26;1018;12;1569.00;3
3589;8;5238085;3589;352;4608;4611;7.02;0.43;278.08;3.26;1019;12;1570.00;3
3592;8;5238099;3592;349;4608;4611;7.02;0.43;278.27;3.26;1016;12;1571.00;3
3597;8;5238111;3597;346;4608;4611;6.99;0.42;278.45;3.26;1011;12;1572.00;3
3599;8;5238123;3599;351;4609;4611;6.98;0.42;278.41;3.29;1010;12;1573.00;2
3601;8;5238135;3601;351;4610;4612;7.03;0.43;278.59;3.29;1009;12;1574.00;2
3601;8;5238146;3601;343;4612;4614;7.07;0.43;278.59;3.28;1011;12;1575.00;2
3603;9;5238159;3603;338;4612;4614;7.09;0.43;278.75;3.28;1009;13;1576.00;2
3606;9;5238181;3606;330;4613;4615;7.16;0.44;278.85;3.28;1007;13;1577.00;2
3610;9;5238193;3610;328;4613;4615;7.19;0.44;278.95;3.28;1003;13;1578.00;2
3613;9;5238205;3613;323;4613;4615;7.20;0.44;279.16;3.28;1000;13;1579.00;2
3615;9;5238217;3615;312;4613;4615;7.26;0.44;279.34;3.28;998;13;1580.00;2
3620;9;5238228;3620;309;4613;4615;7.29;0.44;279.38;3.28;993;13;1581.00;2
3623;9;5238240;3623;299;4613;4615;7.33;0.44;279.55;3.28;990;13;1582.00;2
3627;9;5238257;3627;296;4613;4615;7.42;0.45;279.65;3.28;986;13;1583.00;2
3627;9;5238268;3627;317;4686;4742;7.36;0.45;279.65;3.23;1059;13;1584.00;56
3631;9;5238292;3631;301;4686;4743;7.36;0.45;279.86;3.23;1055;13;1585.00;57
3635;9;5238304;3635;293;4691;4743;7.39;0.45;279.94;3.23;1056;13;1586.00;52
3639;9;5238316;3639;290;4691;4743;7.35;0.45;279.95;3.23;1052;13;1587.00;52
3643;9;5238328;3643;294;4696;4743;7.36;0.45;280.09;3.26;1053;13;1588.00;47
3647;9;5238340;3647;290;4698;4743;7.37;0.45;280.20;3.26;1051;13;1589.00;45
3650;9;5238354;3650;290;4700;4743;7.42;0.45;280.33;3.27;1050;13;1590.00;43
3654;9;5238367;3654;288;4704;4743;7.46;0.46;280.43;3.27;1050;13;1591.00;39
3658;9;5238379;3658;289;4705;4744;7.46;0.45;280.37;3.27;1047;13;1592.00;39
3660;9;5238391;3660;286;4710;4745;7.46;0.45;280.49;3.29;1050;13;1593.00;35
3661;9;5238403;3661;287;4715;4745;7.45;0.45;280.51;3.30;1054;13;1594.00;30
3665;9;5238415;3665;284;4717;4746;7.48;0.46;280.56;3.30;1052;13;1595.00;29
3668;9;5238427;3668;286;4723;4746;7.42;0.45;280.50;3.31;1055;13;1596.00;23
3669;9;5238438;3669;280;4727;4746;7.41;0.45;280.59;3.32;1058;13;1597.00;19
3671;9;5238450;3671;284;4728;4746;7.38;0.45;280.54;3.32;1057;13;1598.00;18
3673;9;5238463;3673;284;4732;4750;7.38;0.45;280.64;3.33;1059;13;1599.00;18
3675;9;5238481;3675;292;4735;4750;7.37;0.45;280.71;3.33;1060;13;1600.00;15
3678;9;5238496;3678;298;4737;4750;7.36;0.45;280.75;3.33;1059;13;1601.00;13
3678;9;5238508;3678;303;4739;4753;7.41;0.45;280.75;3.33;1061;13;1602.00;14
3679;9;5238520;3679;303;4740;4753;7.37;0.45;280.83;3.33;1061;13;1603.00;13
3680;9;5238537;3680;298;4741;4753;7.32;0.45;280.93;3.34;1061;13;1604.00;12
3685;9;5238548;3685;302;4745;4757;7.26;0.44;281.07;3.34;1060;13;1605.00;12
3686;9;5238561;3686;303;4748;4758;7.27;0.44;281.04;3.35;1062;13;1606.00;10
3687;9;5238573;3687;307;4749;4758;7.25;0.44;281.04;3.35;1062;13;1607.00;9
3688;9;5238584;3688;302;4751;4762;7.31;0.44;281.15;3.34;1063;13;1608.00;11
3692;9;5238601;3692;304;4752;4762;7.26;0.44;281.38;3.34;1060;13;1609.00;10
3694;9;5238623;3694;304;4752;4762;7.26;0.44;281.44;3.34;1058;13;1610.00;10
3696;9;5238635;3696;308;4754;4763;7.24;0.44;281.67;3.35;1058;13;1611.00;9
3700;9;5238647;3700;312;4754;4763;7.20;0.44;281.71;3.35;1054;13;1612.00;9
3704;9;5238659;3704;310;4759;4769;7.27;0.44;281.69;3.35;1055;13;1613.00;10
3707;9;5238673;3707;314;4761;4769;7.27;0.44;281.79;3.35;1054;13;1614.00;8
3710;9;5238685;3710;315;4761;4770;7.24;0.44;281.93;3.35;1051;13;1615.00;9
3712;9;5238698;3712;313;4761;4770;7.17;0.44;281.95;3.35;1049;13;1616.00;9
3715;9;5238710;3715;321;4762;4770;7.08;0.43;282.10;3.36;1047;13;1617.00;8
3717;9;5238722;3717;313;4762;4770;7.04;0.43;282.14;3.36;1045;13;1618.00;8
3719;9;5238733;3719;315;4762;4770;7.06;0.43;282.23;3.36;1043;13;1619.00;8
3721;9;5238748;3721;324;4788;4806;7.17;0.44;282.34;3.35;1067;13;1620.00;18
3723;9;5238763;3723;320;4789;4806;7.18;0.44;282.43;3.35;1066;13;1621.00;17
3725;9;5238775;3725;328;4795;4806;7.17;0.44;282.51;3.35;1070;13;1622.00;11
3727;9;5238786;3727;329;4795;4806;7.17;0.44;282.59;3.35;1068;13;1623.00;11
3727;9;5238799;3727;333;4797;4806;7.20;0.44;282.59;3.36;1070;13;1624.00;9
3731;9;5238810;3731;342;4797;4806;7.16;0.44;282.75;3.36;1066;13;1625.00;9
3732;9;5238822;3732;344;4801;4810;7.12;0.44;282.86;3.36;1069;13;1626.00;9
3736;9;5238834;3736;349;4804;4810;7.10;0.44;282.98;3.37;1068;13;1627.00;6
3738;9;5238845;3738;348;4808;4814;7.12;0.44;283.05;3.36;1070;13;1628.00;6
3740;9;5238857;3740;353;4810;4815;7.08;0.43;283.14;3.37;1070;13;1629.00;5
3744;9;5238868;3744;356;4811;4815;7.03;0.43;283.11;3.37;1067;13;1630.00;4
3747;9;5238879;3747;361;4811;4815;6.91;0.42;283.09;3.37;1064;13;1631.00;4
3751;9;5238891;3751;365;4823;4828;6.82;0.42;283.15;3.36;1072;13;1632.00;5
3755;9;5238908;3755;373;4824;4828;6.67;0.41;283.18;3.36;1069;14;1633.00;4
3759;9;5238927;3759;366;4824;4828;6.59;0.40;283.32;3.36;1065;14;1634.00;4
3765;9;5238937;3765;364;4825;4829;6.47;0.40;283.19;3.36;1060;14;1635.00;4
3768;9;5238948;3768;361;4826;4830;6.39;0.39;283.35;3.36;1058;14;1636.00;4
3769;9;5238960;3769;361;4826;4830;6.29;0.39;283.44;3.36;1057;14;1637.00;4
3771;9;5238970;3771;367;4829;4833;6.28;0.38;283.44;3.35;1058;14;1638.00;4
3774;9;5238981;3774;375;4829;4833;6.27;0.38;283.53;3.35;1055;14;1639.00;4
3777;9;5238992;3777;378;4829;4833;6.24;0.38;283.64;3.35;1052;14;1640.00;4
3778;9;5239003;3778;391;4829;4833;6.28;0.38;283.71;3.35;1051;14;1641.00;4
3784;9;5239013;3784;386;4835;4839;6.33;0.39;283.58;3.35;1051;14;1642.00;4
3785;9;5239024;3785;397;4835;4839;6.33;0.39;283.62;3.35;1050;14;1643.00;4
3791;9;5239035;3791;394;4835;4839;6.27;0.38;283.49;3.35;1044;14;1644.00;4
3794;9;5239045;3794;398;4835;4839;6.18;0.38;283.51;3.35;1041;14;1645.00;4
3796;9;5239055;3796;399;4839;4843;6.06;0.37;283.58;3.35;1043;14;1646.00;4
3797;9;5239066;3797;394;4840;4844;5.93;0.36;283.65;3.35;1043;14;1647.00;4
3800;9;5239075;3800;406;4840;4844;5.79;0.35;283.54;3.35;1040;14;1648.00;4
3802;9;5239085;3802;413;4841;4845;5.62;0.34;283.61;3.35;1039;14;1649.00;4
3806;9;5239097;3806;404;4841;4845;5.49;0.34;283.55;3.35;1035;14;1650.00;4
3808;9;5239107;3808;398;4841;4845;5.39;0.33;283.46;3.35;1033;14;1651.00;4
3812;9;5239117;3812;394;4841;4845;5.30;0.32;283.39;3.35;1029;14;1652.00;4
3813;9;5239127;3813;392;4841;4845;5.31;0.33;283.41;3.35;1028;14;1653.00;4
3817;9;5239136;3817;392;4841;4845;5.24;0.32;283.26;3.35;1024;14;1654.00;4
3820;9;5239145;3820;391;4841;4845;5.22;0.32;283.26;3.35;1021;14;1655.00;4
3824;9;5239155;3824;399;4879;4915;5.38;0.33;283.24;3.32;1055;14;1656.00;36
3827;9;5239171;3827;390;4882;4916;5.40;0.33;283.28;3.32;1055;14;1657.00;34
3829;9;5239182;3829;392;4886;4916;5.45;0.34;283.20;3.32;1057;14;1658.00;30
3833;9;5239193;3833;393;4895;4916;5.41;0.33;283.26;3.32;1062;14;1659.00;21
3833;9;5239203;3833;388;4896;4916;5.47;0.34;283.26;3.32;1063;14;1660.00;20
3836;9;5239213;3836;403;4896;4916;5.44;0.33;283.25;3.32;1060;14;1661.00;20
3841;9;5239224;3841;407;4899;4916;5.39;0.33;283.25;3.32;1058;14;1662.00;17
3844;9;5239234;3844;406;4901;4916;5.35;0.33;283.12;3.32;1057;14;1663.00;15
3847;9;5239245;3847;415;4903;4917;5.36;0.33;283.15;3.32;1056;14;1664.00;14
3850;9;5239255;3850;422;4908;4919;5.30;0.32;283.08;3.33;1058;14;1665.00;11
3853;9;5239266;3853;426;4910;4919;5.24;0.32;283.02;3.33;1057;14;1666.00;9
3857;9;5239277;3857;434;4916;4923;5.17;0.32;282.93;3.33;1059;14;1667.00;7
3864;9;5239287;3864;440;4918;4923;5.06;0.31;282.73;3.33;1054;14;1668.00;5
3868;9;5239298;3868;451;4918;4923;5.00;0.30;282.55;3.33;1050;14;1669.00;5
3871;9;5239309;3871;459;4918;4923;4.93;0.30;282.59;3.33;1047;14;1670.00;5
3874;9;5239319;3874;465;4924;4929;4.94;0.30;282.52;3.33;1050;14;1671.00;5
3875;9;5239331;3875;466;4924;4929;4.96;0.30;282.58;3.33;1049;14;1672.00;5
3877;9;5239342;3877;475;4924;4929;4.95;0.30;282.58;3.33;1047;14;1673.00;5
3880;9;5239352;3880;477;4927;4932;4.94;0.30;282.59;3.33;1047;14;1674.00;5
3882;9;5239363;3882;480;4927;4932;4.87;0.30;282.63;3.33;1045;14;1675.00;5
3884;9;5239374;3884;485;4927;4932;4.81;0.29;282.63;3.33;1043;14;1676.00;5
3886;9;5239384;3886;490;4929;4933;4.78;0.29;282.70;3.34;1043;14;1677.00;4
3890;9;5239395;3890;495;4930;4934;4.72;0.29;282.68;3.34;1040;14;1678.00;4
3892;9;5239405;3892;492;4930;4934;4.68;0.29;282.66;3.34;1038;14;1679.00;4
3894;9;5239417;3894;497;4952;4960;4.70;0.29;282.83;3.33;1058;14;1680.00;8
3899;9;5239429;3899;505;4952;4960;4.64;0.28;282.78;3.33;1053;14;1681.00;8
3903;9;5239440;3903;504;4954;4960;4.65;0.28;282.95;3.33;1051;14;1682.00;6
3905;9;5239450;3905;510;4955;4961;4.61;0.28;283.03;3.33;1050;14;1683.00;6
3908;9;5239461;3908;498;4955;4961;4.59;0.28;282.99;3.33;1047;14;1684.00;6
3910;9;5239471;3910;492;4959;4965;4.64;0.28;283.03;3.33;1049;14;1685.00;6
3910;9;5239482;3910;487;4959;4965;4.70;0.29;283.03;3.33;1049;14;1686.00;6
3916;9;5239492;3916;485;4963;4969;4.74;0.29;282.97;3.32;1047;14;1687.00;6
3919;9;5239504;3919;485;4963;4969;4.75;0.29;282.94;3.32;1044;14;1688.00;6
3922;9;5239515;3922;484;4963;4969;4.82;0.29;282.86;3.32;1041;14;1689.00;6
3925;9;5239526;3925;478;4963;4969;4.85;0.30;282.96;3.32;1038;14;1690.00;6
3928;9;5239537;3928;488;4963;4969;4.90;0.30;282.92;3.32;1035;14;1691.00;6
3931;9;5239549;3931;489;4975;4981;5.02;0.31;282.95;3.34;1044;14;1692.00;6
3933;9;5239566;3933;487;4976;4981;5.06;0.31;282.99;3.34;1043;14;1693.00;5
3936;9;5239578;3936;493;4976;4981;5.09;0.31;283.04;3.34;1040;14;1694.00;5
3937;9;5239588;3937;487;4976;4981;5.08;0.31;283.07;3.34;1039;14;1695.00;5
3938;9;5239599;3938;488;4976;4981;5.13;0.31;283.00;3.34;1038;14;1696.00;5
3938;9;5239610;3938;483;4977;4981;5.16;0.31;283.00;3.35;1039;14;1697.00;4
3940;9;5239621;3940;475;4978;4982;5.13;0.31;283.00;3.35;1038;14;1698.00;4
3941;9;5239632;3941;470;4978;4982;5.14;0.31;282.93;3.35;1037;14;1699.00;4
3941;9;5239644;3941;471;4984;4988;5.20;0.32;282.93;3.35;1043;14;1700.00;4
3942;9;5239659;3942;461;4985;4989;5.19;0.32;282.97;3.35;1043;14;1701.00;4
3943;9;5239670;3943;460;4985;4989;5.18;0.32;282.98;3.35;1042;14;1702.00;4
3943;9;5239686;3943;454;4985;4989;5.20;0.32;282.98;3.35;1042;14;1703.00;4
3944;9;5239698;3944;455;4989;4993;5.27;0.32;282.96;3.35;1045;14;1704.00;4
3946;9;5239709;3946;458;4989;4993;5.33;0.32;283.00;3.35;1043;14;1705.00;4
3950;9;5239720;3950;444;4989;4993;5.38;0.33;283.25;3.35;1039;14;1706.00;4
3951;9;5239732;3951;429;4990;4994;5.52;0.34;283.23;3.35;1039;14;1707.00;4
3954;9;5239743;3954;421;4994;4998;5.65;0.34;283.26;3.34;1040;14;1708.00;4
3958;9;5239754;3958;403;4994;4998;5.76;0.35;283.41;3.34;1036;14;1709.00;4
3960;9;5239768;3960;400;4998;5004;5.92;0.36;283.37;3.34;1038;14;1710.00;6
3963;9;5239780;3963;397;4999;5004;6.05;0.37;283.37;3.36;1036;14;1711.00;5
3964;9;5239793;3964;394;5001;5004;6.21;0.38;283.37;3.36;1037;14;1712.00;3
3966;9;5239805;3966;395;5001;5004;6.26;0.38;283.40;3.36;1035;14;1713.00;3
3967;9;5239817;3967;392;5005;5008;6.36;0.39;283.39;3.36;1038;14;1714.00;3
3969;9;5239830;3969;393;5005;5008;6.44;0.39;283.45;3.36;1036;14;1715.00;3
3973;9;5239842;3973;398;5005;5008;6.42;0.39;283.48;3.36;1032;14;1716.00;3
3974;9;5239854;3974;395;5005;5008;6.49;0.39;283.48;3.36;1031;14;1717.00;3
3976;9;5239866;3976;397;5006;5009;6.54;0.40;283.57;3.36;1030;14;1718.00;3
3978;9;5239878;3978;396;5007;5010;6.55;0.40;283.61;3.35;1029;14;1719.00;3
3980;9;5239890;3980;387;5007;5010;6.58;0.40;283.73;3.35;1027;14;1720.00;3
3982;9;5239903;3982;391;5008;5011;6.58;0.40;283.73;3.35;1026;14;1721.00;3
3984;9;5239914;3984;391;5008;5011;6.61;0.40;283.81;3.35;1024;14;1722.00;3
3985;9;5239926;3985;390;5008;5011;6.64;0.41;283.96;3.35;1023;14;1723.00;3
3990;9;5239937;3990;385;5008;5011;6.66;0.41;284.08;3.35;1018;14;1724.00;3
3992;9;5239949;3992;383;5008;5011;6.67;0.41;284.27;3.35;1016;14;1725.00;3
3996;9;5239960;3996;387;5009;5011;6.67;0.41;284.52;3.37;1013;14;1726.00;2
3999;9;5239972;3999;390;5009;5011;6.71;0.41;284.63;3.37;1010;14;1727.00;2
4002;9;5239984;4002;420;5091;5138;6.78;0.42;284.74;3.31;1089;14;1728.00;47
4005;9;5240008;4005;407;5094;5139;6.79;0.42;284.84;3.31;1089;14;1729.00;45
4007;9;5240020;4007;401;5100;5139;6.89;0.42;284.84;3.31;1093;14;1730.00;39
4008;9;5240031;4008;403;5102;5139;6.94;0.43;284.83;3.31;1094;14;1731.00;37
4012;9;5240043;4012;401;5107;5139;6.94;0.43;284.83;3.31;1095;14;1732.00;32
4015;9;5240055;4015;397;5110;5139;6.95;0.43;285.05;3.31;1095;14;1733.00;29
4015;9;5240068;4015;399;5113;5139;6.94;0.43;285.05;3.31;1098;14;1734.00;26
4019;9;5240080;4019;404;5116;5139;6.87;0.42;285.08;3.32;1097;14;1735.00;23
4021;9;5240097;4021;411;5118;5140;6.82;0.42;285.23;3.32;1097;14;1736.00;22
4023;9;5240110;4023;412;5123;5141;6.81;0.42;285.27;3.32;1100;14;1737.00;18
4028;9;5240122;4028;410;5125;5141;6.80;0.42;285.21;3.33;1097;14;1738.00;16
4034;9;5240134;4034;416;5128;5142;6.70;0.41;285.58;3.34;1094;14;1739.00;14
4036;9;5240148;4036;411;5128;5142;6.65;0.41;285.62;3.34;1092;14;1740.00;14
4039;9;5240160;4039;407;5129;5142;6.60;0.40;285.74;3.34;1090;14;1741.00;13
4041;9;5240173;4041;408;5129;5142;6.58;0.40;285.76;3.34;1088;14;1742.00;13
4042;9;5240185;4042;403;5134;5146;6.56;0.40;285.73;3.34;1092;14;1743.00;12
4045;9;5240198;4045;398;5134;5146;6.54;0.40;286.01;3.34;1089;14;1744.00;12
4046;9;5240210;4046;392;5135;5146;6.56;0.40;285.97;3.34;1089;14;1745.00;11
4048;9;5240221;4048;383;5137;5149;6.56;0.40;286.13;3.35;1089;14;1746.00;12
4049;9;5240233;4049;369;5138;5149;6.63;0.41;286.15;3.35;1089;14;1747.00;11
4053;9;5240245;4053;362;5139;5149;6.68;0.41;286.51;3.35;1086;14;1748.00;10
4057;9;5240257;4057;358;5143;5153;6.71;0.41;286.74;3.35;1086;14;1749.00;10
4060;9;5240270;4060;353;5145;5154;6.77;0.41;286.88;3.36;1085;14;1750.00;9
4064;9;5240282;4064;350;5146;5154;6.75;0.41;287.16;3.36;1082;14;1751.00;8
4067;9;5240294;4067;347;5150;5158;6.77;0.41;287.27;3.36;1083;14;1752.00;8
4070;9;5240305;4070;339;5151;5158;6.78;0.41;287.44;3.36;1081;14;1753.00;7
4073;9;5240317;4073;339;5153;5158;6.78;0.41;287.70;3.38;1080;14;1754.00;5
4078;9;5240334;4078;337;5157;5160;6.73;0.41;287.92;3.38;1079;14;1755.00;3
4080;9;5240346;4080;330;5157;5160;6.76;0.41;288.06;3.38;1077;14;1756.00;3
4085;9;5240358;4085;326;5163;5166;6.78;0.41;288.21;3.38;1078;14;1757.00;3
4087;9;5240371;4087;322;5163;5166;6.81;0.42;288.29;3.38;1076;14;1758.00;3
4094;9;5240382;4094;321;5163;5167;6.84;0.42;288.39;3.38;1069;14;1759.00;4
4094;9;5240395;4094;320;5164;5167;6.88;0.42;288.39;3.39;1070;14;1760.00;3
4096;9;5240406;4096;319;5164;5167;6.88;0.42;288.51;3.39;1068;14;1761.00;3
4103;9;5240420;4103;318;5164;5167;6.87;0.42;288.55;3.39;1061;14;1762.00;3
4104;9;5240432;4104;313;5164;5167;6.95;0.42;288.54;3.39;1060;14;1763.00;3
4106;9;5240444;4106;315;5173;5179;7.03;0.43;288.57;3.38;1067;14;1764.00;6
4109;9;5240458;4109;316;5174;5179;7.04;0.43;288.53;3.38;1065;14;1765.00;5
4112;9;5240470;4112;313;5175;5179;7.02;0.43;288.59;3.38;1063;14;1766.00;4
4115;9;5240482;4115;320;5175;5179;7.06;0.43;288.64;3.38;1060;14;1767.00;4
4117;9;5240495;4117;321;5175;5179;6.99;0.42;288.74;3.38;1058;14;1768.00;4
4120;9;5240506;4120;316;5175;5179;6.93;0.42;288.82;3.38;1055;14;1769.00;4
4121;9;5240520;4121;323;5178;5183;6.88;0.42;288.83;3.38;1057;14;1770.00;5
4121;9;5240532;4121;322;5178;5183;6.82;0.41;288.83;3.38;1057;14;1771.00;5
4122;9;5240544;4122;328;5182;5187;6.81;0.41;288.84;3.38;1060;14;1772.00;5
4125;9;5240556;4125;330;5183;5188;6.78;0.41;289.01;3.38;1058;14;1773.00;5
4125;9;5240568;4125;330;5183;5188;6.72;0.41;289.01;3.38;1058;14;1774.00;5
4129;9;5240579;4129;333;5183;5188;6.67;0.40;289.04;3.38;1054;14;1775.00;5
4132;9;5240591;4132;336;5194;5201;6.69;0.41;289.20;3.37;1062;14;1776.00;7
4134;9;5240604;4134;337;5194;5201;6.67;0.40;289.27;3.37;1060;14;1777.00;7
4137;9;5240616;4137;333;5194;5201;6.63;0.40;289.41;3.37;1057;14;1778.00;7
4141;9;5240628;4141;338;5196;5202;6.63;0.40;289.56;3.37;1055;14;1779.00;6
4141;9;5240640;4141;341;5197;5203;6.64;0.40;289.56;3.38;1056;14;1780.00;6
4145;9;5240652;4145;341;5197;5203;6.55;0.40;289.77;3.38;1052;14;1781.00;6
4145;9;5240663;4145;339;5200;5206;6.56;0.40;289.77;3.38;1055;14;1782.00;6
4147;9;5240674;4147;348;5200;5206;6.52;0.40;289.84;3.38;1053;14;1783.00;6
4149;9;5240715;4149;349;5201;5206;6.54;0.40;289.79;3.38;1052;14;1784.00;5
4153;9;5240738;4153;358;5201;5206;6.53;0.40;289.83;3.38;1048;14;1785.00;5
4154;9;5240750;4154;364;5208;5212;6.51;0.40;289.82;3.38;1054;14;1786.00;4
4154;9;5240762;4154;370;5210;5212;6.43;0.39;289.82;3.38;1056;14;1787.00;2
4159;9;5240774;4159;377;5210;5212;6.28;0.38;289.80;3.38;1051;14;1788.00;2
4160;9;5240785;4160;378;5211;5212;6.19;0.38;289.82;3.39;1051;14;1789.00;1
4161;9;5240795;4161;383;5215;5216;6.11;0.37;289.80;3.39;1054;14;1790.00;1
4162;9;5240806;4162;389;5217;5217;6.08;0.37;289.86;3.39;1055;14;1791.00;0
4164;9;5240817;4164;399;5217;5217;6.00;0.37;289.77;3.39;1053;14;1792.00;0
4166;9;5240827;4166;407;5218;5218;5.98;0.37;289.71;3.39;1052;14;1793.00;0
4170;9;5240837;4170;419;5218;5218;5.94;0.36;289.78;3.39;1048;14;1794.00;0
4171;9;5240848;4171;422;5218;5218;5.93;0.36;289.80;3.39;1047;14;1795.00;0
4172;9;5240858;4172;419;5218;5218;5.94;0.36;289.76;3.39;1046;14;1796.00;0
4174;9;5240868;4174;420;5218;5218;5.90;0.36;289.74;3.39;1044;14;1797.00;0
4176;9;5240878;4176;429;5218;5218;5.85;0.36;289.71;3.39;1042;14;1798.00;0
4179;10;5240888;4179;427;5218;5218;5.76;0.35;289.61;3.39;1039;15;1799.00;0
4180;10;5240911;4180;440;5274;5356;6.08;0.38;289.57;3.35;1094;15;1800.00;82
4181;10;5240936;4181;435;5276;5357;6.11;0.38;289.59;3.35;1095;15;1801.00;81
4186;10;5240947;4186;431;5291;5357;6.17;0.38;289.38;3.34;1105;15;1802.00;66
4188;10;5240957;4188;421;5304;5357;6.13;0.38;289.40;3.34;1116;15;1803.00;53
4191;10;5240968;4191;415;5311;5357;6.11;0.38;289.30;3.34;1120;15;1804.00;46
4195;10;5240979;4195;417;5314;5357;6.04;0.37;289.24;3.35;1119;15;1805.00;43
4196;10;5240990;4196;422;5321;5357;6.02;0.37;289.27;3.35;1125;15;1806.00;36
4199;10;5241000;4199;432;5325;5357;5.96;0.37;289.11;3.35;1126;15;1807.00;32
4200;10;5241011;4200;433;5330;5358;5.88;0.36;289.05;3.36;1130;15;1808.00;28
4202;10;5241028;4202;431;5334;5359;5.84;0.36;289.12;3.36;1132;15;1809.00;25
4205;10;5241039;4205;424;5336;5359;5.76;0.35;289.18;3.36;1131;15;1810.00;23
4208;10;5241051;4208;425;5343;5363;5.71;0.35;289.05;3.37;1135;15;1811.00;20
4213;10;5241062;4213;426;5346;5363;5.61;0.34;289.03;3.37;1133;15;1812.00;17
4215;10;5241073;4215;437;5350;5363;5.47;0.34;289.03;3.37;1135;15;1813.00;13
4222;10;5241084;4222;444;5350;5363;5.27;0.32;289.00;3.37;1128;15;1814.00;13
4226;11;5241094;4226;446;5354;5369;5.15;0.32;289.13;3.37;1128;16;1815.00;15
4230;11;5241121;4230;451;5356;5369;5.08;0.31;289.17;3.37;1126;16;1816.00;13
4230;11;5241135;4230;455;5356;5369;5.04;0.31;289.17;3.37;1126;16;1817.00;13
4232;11;5241146;4232;455;5358;5372;5.03;0.31;289.15;3.37;1126;16;1818.00;14
4233;11;5241156;4233;459;5359;5372;4.99;0.31;289.17;3.37;1126;16;1819.00;13
4234;11;5241167;4234;458;5359;5372;4.99;0.31;289.16;3.37;1125;16;1820.00;13
4236;11;5241177;4236;465;5360;5373;5.03;0.31;289.26;3.37;1124;16;1821.00;13
4240;11;5241188;4240;465;5362;5374;5.01;0.31;289.35;3.38;1122;16;1822.00;12
4242;11;5241200;4242;464;5363;5374;5.01;0.31;289.31;3.38;1121;16;1823.00;11
4244;11;5241210;4244;465;5375;5387;5.01;0.31;289.27;3.37;1131;16;1824.00;12
4248;11;5241221;4248;463;5375;5387;4.95;0.30;289.12;3.37;1127;16;1825.00;12
4249;11;5241233;4249;466;5375;5387;4.92;0.30;289.13;3.37;1126;16;1826.00;12
4252;11;5241244;4252;461;5377;5388;4.89;0.30;289.33;3.37;1125;16;1827.00;11
4254;11;5241255;4254;467;5377;5388;4.89;0.30;289.25;3.37;1123;17;1828.00;11
4255;11;5241273;4255;473;5381;5392;4.90;0.30;289.25;3.37;1126;17;1829.00;11
4258;11;5241286;4258;478;5381;5392;4.88;0.30;289.18;3.37;1123;17;1830.00;11
4264;11;5241297;4264;467;5385;5396;4.91;0.30;289.23;3.37;1121;17;1831.00;11
4268;11;5241309;4268;461;5385;5396;4.91;0.30;289.15;3.37;1117;17;1832.00;11
4272;11;5241321;4272;463;5385;5396;4.96;0.30;289.17;3.37;1113;17;1833.00;11
4275;11;5241332;4275;458;5385;5396;4.96;0.31;289.20;3.37;1110;17;1834.00;11
4277;11;5241344;4277;450;5385;5396;5.00;0.31;289.19;3.37;1108;17;1835.00;11
4279;11;5241355;4279;445;5397;5408;5.08;0.31;289.27;3.36;1118;17;1836.00;11
4281;11;5241368;4281;446;5397;5408;5.10;0.31;289.34;3.36;1116;17;1837.00;11
4284;11;5241385;4284;447;5397;5408;5.12;0.32;289.36;3.36;1113;17;1838.00;11
4288;12;5241396;4288;439;5397;5408;5.18;0.32;289.50;3.36;1109;18;1839.00;11
4290;12;5241423;4290;434;5397;5408;5.23;0.32;289.48;3.36;1107;18;1840.00;11
4293;12;5241436;4293;441;5398;5408;5.27;0.33;289.63;3.36;1105;18;1841.00;10
4297;12;5241447;4297;433;5399;5409;5.27;0.33;289.67;3.36;1102;18;1842.00;10
4298;12;5241459;4298;428;5399;5409;5.31;0.33;289.70;3.36;1101;18;1843.00;10
4299;12;5241470;4299;423;5404;5415;5.36;0.33;289.72;3.36;1105;18;1844.00;11
4301;12;5241483;4301;421;5406;5417;5.40;0.33;289.79;3.36;1105;18;1845.00;11
4304;12;5241495;4304;416;5406;5417;5.38;0.33;289.77;3.36;1102;18;1846.00;11
4308;12;5241506;4308;420;5406;5417;5.42;0.34;289.71;3.36;1098;18;1847.00;11
4313;12;5241518;4313;414;5410;5421;5.46;0.34;289.71;3.36;1097;18;1848.00;11
4315;12;5241530;4315;423;5410;5421;5.50;0.34;289.78;3.36;1095;18;1849.00;11
4320;12;5241542;4320;417;5411;5421;5.54;0.34;289.86;3.37;1091;18;1850.00;10
4323;12;5241555;4323;423;5412;5422;5.60;0.35;289.96;3.37;1089;18;1851.00;10
4330;12;5241566;4330;419;5415;5426;5.63;0.35;289.94;3.37;1085;18;1852.00;11
4335;12;5241578;4335;419;5416;5426;5.64;0.35;290.19;3.37;1081;18;1853.00;10
4341;12;5241591;4341;419;5418;5429;5.64;0.35;290.36;3.37;1077;18;1854.00;11
4348;12;5241602;4348;425;5419;5429;5.57;0.34;290.32;3.37;1071;18;1855.00;10
4350;12;5241615;4350;417;5420;5429;5.61;0.35;290.39;3.36;1070;18;1856.00;9
4357;12;5241626;4357;423;5421;5429;5.56;0.34;290.42;3.37;1064;18;1857.00;8
4360;12;5241637;4360;424;5425;5433;5.63;0.35;290.42;3.37;1065;18;1858.00;8
4367;12;5241649;4367;424;5425;5433;5.62;0.34;290.41;3.37;1058;18;1859.00;8
4370;12;5241662;4370;429;5426;5433;5.60;0.34;290.47;3.38;1056;18;1860.00;7
4373;12;5241678;4373;435;5426;5433;5.61;0.34;290.60;3.38;1053;18;1861.00;7
4377;12;5241689;4377;427;5427;5434;5.60;0.34;290.70;3.38;1050;18;1862.00;7
4382;12;5241701;4382;426;5429;5435;5.61;0.34;290.99;3.39;1047;18;1863.00;6
4383;12;5241713;4383;426;5429;5435;5.64;0.34;291.08;3.39;1046;18;1864.00;6
4385;12;5241725;4385;420;5430;5436;5.69;0.35;291.11;3.39;1045;18;1865.00;6
4389;12;5241736;4389;419;5430;5436;5.73;0.35;291.12;3.39;1041;18;1866.00;6
4391;12;5241748;4391;416;5431;5436;5.74;0.35;291.07;3.40;1040;18;1867.00;5
4393;12;5241759;4393;419;5431;5436;5.77;0.35;291.12;3.40;1038;18;1868.00;5
4394;12;5241776;4394;426;5431;5436;5.80;0.35;291.15;3.40;1037;18;1869.00;5
4396;12;5241787;4396;422;5431;5436;5.84;0.35;291.20;3.40;1035;18;1870.00;5
4399;12;5241799;4399;415;5431;5436;5.91;0.36;291.20;3.40;1032;18;1871.00;5
4401;12;5241810;4401;432;5511;5563;6.12;0.38;291.24;3.36;1110;18;1872.00;52
4403;12;5241832;4403;409;5513;5564;6.21;0.38;291.25;3.35;1110;18;1873.00;51
4405;12;5241845;4405;395;5520;5564;6.29;0.39;291.33;3.35;1115;18;1874.00;44
4407;12;5241858;4407;388;5523;5564;6.38;0.39;291.38;3.35;1116;18;1875.00;41
4408;12;5241871;4408;372;5527;5564;6.43;0.40;291.44;3.35;1119;18;1876.00;37
4412;12;5241884;4412;378;5528;5564;6.40;0.39;291.65;3.35;1116;18;1877.00;36
4415;12;5241896;4415;382;5531;5564;6.34;0.39;291.68;3.36;1116;18;1878.00;33
4416;12;5241909;4416;382;5534;5564;6.33;0.39;291.69;3.36;1118;18;1879.00;30
4417;12;5241921;4417;388;5537;5565;6.27;0.38;291.68;3.36;1120;18;1880.00;28
4420;12;5241934;4420;398;5540;5566;6.23;0.38;291.85;3.36;1120;18;1881.00;26
4422;12;5241946;4422;403;5544;5568;6.20;0.38;291.86;3.36;1122;18;1882.00;24
4426;12;5241959;4426;406;5546;5569;6.11;0.37;291.98;3.38;1120;18;1883.00;23
4428;12;5241972;4428;407;5550;5569;6.06;0.37;292.09;3.39;1122;18;1884.00;19
4429;12;5241984;4429;407;5553;5569;6.05;0.37;292.10;3.39;1124;18;1885.00;16
4433;12;5241997;4433;413;5553;5569;6.04;0.37;292.20;3.39;1120;18;1886.00;16
4436;12;5242010;4436;415;5558;5573;6.04;0.37;292.29;3.39;1122;18;1887.00;15
4437;12;5242022;4437;422;5558;5573;6.04;0.37;292.30;3.39;1121;18;1888.00;15
4441;12;5242035;4441;416;5559;5573;5.98;0.37;292.30;3.39;1118;18;1889.00;14
4444;12;5242049;4444;417;5564;5579;5.99;0.37;292.38;3.40;1120;18;1890.00;15
4446;12;5242062;4446;414;5565;5579;6.01;0.37;292.43;3.40;1119;18;1891.00;14
4448;12;5242074;4448;416;5568;5579;6.00;0.37;292.58;3.42;1120;18;1892.00;11
4449;12;5242086;4449;416;5571;5583;6.02;0.37;292.58;3.42;1122;18;1893.00;12
4450;12;5242098;4450;419;5572;5584;6.07;0.37;292.57;3.42;1122;18;1894.00;12
4455;12;5242111;4455;419;5573;5584;6.05;0.37;292.65;3.42;1118;18;1895.00;11
4458;12;5242123;4458;426;5577;5588;6.04;0.37;292.61;3.42;1119;18;1896.00;11
4461;12;5242136;4461;430;5577;5588;6.05;0.37;292.75;3.42;1116;18;1897.00;11
4464;12;5242148;4464;429;5578;5588;6.07;0.37;292.83;3.42;1114;18;1898.00;10
4465;12;5242159;4465;428;5579;5589;6.07;0.37;292.83;3.42;1114;18;1899.00;10
4467;12;5242172;4467;429;5580;5589;6.06;0.37;292.84;3.43;1113;18;1900.00;9
4471;12;5242188;4471;433;5585;5595;6.08;0.37;292.98;3.43;1114;18;1901.00;10
4472;12;5242200;4472;436;5585;5595;6.11;0.37;292.97;3.43;1113;18;1902.00;10
4476;12;5242213;4476;439;5585;5596;6.08;0.37;293.08;3.43;1109;18;1903.00;11
4477;12;5242224;4477;439;5586;5596;6.07;0.37;293.06;3.45;1109;18;1904.00;10
4477;12;5242242;4477;433;5586;5596;6.00;0.37;293.06;3.45;1109;18;1905.00;10
4479;12;5242254;4479;440;5586;5596;6.00;0.37;293.17;3.45;1107;18;1906.00;10
4479;12;5242266;4479;438;5586;5596;5.97;0.36;293.17;3.45;1107;18;1907.00;10
4481;12;5242284;4481;432;5595;5608;6.00;0.37;293.17;3.44;1114;18;1908.00;13
4484;12;5242297;4484;420;5596;5608;5.94;0.36;293.12;3.44;1112;18;1909.00;12
4484;12;5242310;4484;418;5598;5608;5.95;0.36;293.12;3.46;1114;18;1910.00;10
4485;12;5242322;4485;414;5598;5608;6.02;0.37;293.15;3.46;1113;18;1911.00;10
4486;12;5242334;4486;399;5600;5608;6.03;0.37;293.20;3.48;1114;18;1912.00;8
4489;12;5242346;4489;400;5600;5608;6.05;0.37;293.19;3.48;1111;18;1913.00;8
4490;12;5242358;4490;388;5603;5612;6.07;0.37;293.27;3.47;1113;18;1914.00;9
4492;12;5242370;4492;387;5603;5612;6.06;0.37;293.25;3.47;1111;18;1915.00;9
4494;12;5242381;4494;383;5607;5616;6.02;0.37;293.24;3.47;1113;18;1916.00;9
4498;12;5242394;4498;381;5607;5617;5.92;0.36;293.34;3.47;1109;18;1917.00;10
4501;12;5242405;4501;383;5608;5617;5.82;0.35;293.35;3.47;1107;18;1918.00;9
4508;12;5242417;4508;379;5608;5617;5.70;0.35;293.50;3.47;1100;18;1919.00;9
4510;12;5242429;4510;381;5632;5646;5.67;0.34;293.57;3.47;1122;18;1920.00;14
4513;12;5242443;4513;372;5633;5646;5.64;0.34;293.78;3.47;1120;18;1921.00;13
4515;12;5242455;4515;366;5634;5646;5.64;0.34;293.78;3.47;1119;18;1922.00;12
4519;12;5242467;4519;368;5635;5647;5.68;0.35;294.00;3.46;1116;18;1923.00;12
4521;12;5242479;4521;366;5636;5648;5.69;0.35;294.08;3.47;1115;18;1924.00;12
4524;12;5242490;4524;358;5636;5648;5.68;0.35;294.11;3.47;1112;18;1925.00;12
4528;12;5242502;4528;356;5638;5651;5.72;0.35;294.31;3.46;1110;18;1926.00;13
4531;12;5242514;4531;354;5640;5651;5.78;0.35;294.31;3.46;1109;18;1927.00;11
4532;12;5242526;4532;348;5640;5651;5.79;0.35;294.39;3.46;1108;18;1928.00;11
4534;12;5242538;4534;357;5640;5651;5.74;0.35;294.40;3.46;1106;18;1929.00;11
4537;12;5242549;4537;356;5645;5657;5.82;0.36;294.55;3.46;1108;18;1930.00;12
4540;12;5242562;4540;354;5645;5657;5.85;0.36;294.74;3.46;1105;18;1931.00;12
4542;12;5242574;4542;357;5645;5657;5.85;0.36;294.81;3.46;1103;18;1932.00;12
4546;12;5242585;4546;352;5645;5657;5.84;0.36;294.85;3.46;1099;18;1933.00;12
4547;12;5242597;4547;354;5648;5661;5.84;0.36;294.96;3.46;1101;18;1934.00;13
4549;12;5242609;4549;355;5650;5663;5.86;0.36;294.95;3.46;1101;18;1935.00;13
4551;12;5242621;4551;360;5651;5663;5.85;0.36;295.03;3.47;1100;18;1936.00;12
4553;12;5242632;4553;363;5652;5664;5.85;0.36;295.16;3.47;1099;18;1937.00;12
4555;12;5242644;4555;367;5652;5664;5.90;0.36;295.30;3.47;1097;18;1938.00;12
4557;12;5242655;4557;366;5652;5664;5.89;0.36;295.32;3.47;1095;18;1939.00;12
4560;12;5242666;4560;367;5652;5664;5.90;0.36;295.47;3.47;1092;18;1940.00;12
4564;12;5242678;4564;371;5652;5664;5.89;0.36;295.61;3.47;1088;18;1941.00;12
4566;12;5242688;4566;379;5653;5664;5.85;0.36;295.60;3.48;1087;18;1942.00;11
4567;12;5242700;4567;378;5653;5664;5.85;0.36;295.64;3.48;1086;18;1943.00;11
4570;12;5242710;4570;387;5690;5734;6.05;0.37;295.57;3.46;1120;18;1944.00;44
4572;12;5242727;4572;385;5693;5735;5.99;0.37;295.57;3.46;1121;18;1945.00;42
4578;12;5242739;4578;385;5701;5735;5.89;0.36;295.39;3.46;1123;18;1946.00;34
4581;12;5242751;4581;388;5703;5735;5.82;0.36;295.36;3.47;1122;18;1947.00;32
4583;12;5242762;4583;396;5708;5735;5.79;0.35;295.31;3.48;1125;18;1948.00;27
4584;12;5242773;4584;399;5711;5735;5.79;0.35;295.27;3.48;1127;18;1949.00;24
4586;12;5242786;4586;404;5717;5737;5.76;0.35;295.40;3.49;1131;18;1950.00;20
4587;12;5242798;4587;402;5720;5737;5.68;0.35;295.38;3.49;1133;18;1951.00;17
4588;12;5242814;4588;406;5722;5738;5.59;0.34;295.31;3.50;1134;18;1952.00;16
4590;12;5242827;4590;416;5725;5739;5.58;0.34;295.25;3.50;1135;18;1953.00;14
4592;12;5242838;4592;417;5726;5739;5.54;0.34;295.20;3.50;1134;18;1954.00;13
4596;12;5242850;4596;424;5730;5743;5.45;0.33;295.09;3.50;1134;18;1955.00;13
4598;12;5242861;4598;420;5733;5743;5.40;0.33;294.98;3.51;1135;18;1956.00;10
4600;12;5242872;4600;423;5733;5743;5.35;0.33;294.94;3.51;1133;18;1957.00;10
4600;12;5242883;4600;431;5734;5743;5.25;0.32;294.94;3.52;1134;18;1958.00;9
4601;12;5242893;4601;435;5739;5749;5.22;0.32;294.91;3.52;1138;19;1959.00;10
4603;12;5242913;4603;444;5740;5749;5.12;0.31;294.86;3.52;1137;19;1960.00;9
4604;12;5242924;4604;452;5740;5749;5.07;0.31;294.83;3.52;1136;19;1961.00;9
4606;12;5242935;4606;456;5743;5752;5.00;0.31;294.73;3.53;1137;19;1962.00;9
4607;12;5242945;4607;463;5743;5752;4.97;0.30;294.69;3.53;1136;19;1963.00;9
4611;12;5242956;4611;468;5746;5752;4.89;0.30;294.68;3.53;1135;19;1964.00;6
4612;12;5242966;4612;465;5749;5753;4.82;0.29;294.66;3.54;1137;19;1965.00;4
4614;12;5242977;4614;465;5750;5754;4.77;0.29;294.60;3.54;1136;19;1966.00;4
4615;12;5242987;4615;470;5750;5754;4.72;0.29;294.54;3.54;1135;19;1967.00;4
4616;12;5242998;4616;467;5760;5767;4.68;0.29;294.48;3.54;1144;19;1968.00;7
4619;12;5243009;4619;477;5763;5767;4.65;0.28;294.35;3.54;1144;19;1969.00;4
4619;12;5243020;4619;480;5763;5767;4.61;0.28;294.35;3.54;1144;19;1970.00;4
4622;12;5243029;4622;495;5764;5768;4.54;0.28;294.30;3.54;1142;19;1971.00;4
4622;12;5243040;4622;499;5766;5768;4.48;0.27;294.30;3.54;1144;19;1972.00;2
4624;12;5243050;4624;503;5770;5772;4.47;0.27;294.31;3.54;1146;19;1973.00;2
4626;12;5243061;4626;504;5771;5772;4.41;0.27;294.23;3.54;1145;19;1974.00;1
4628;12;5243071;4628;507;5775;5776;4.33;0.26;294.16;3.54;1147;19;1975.00;1
4629;12;5243084;4629;507;5775;5776;4.22;0.26;294.11;3.54;1146;19;1976.00;1
4633;12;5243093;4633;511;5775;5776;4.07;0.25;294.14;3.54;1142;19;1977.00;1
4634;12;5243103;4634;504;5775;5776;3.93;0.24;294.15;3.54;1141;19;1978.00;1
4635;12;5243113;4635;494;5775;5776;3.85;0.23;294.19;3.54;1140;19;1979.00;1
4638;12;5243124;4638;484;5802;5810;4.01;0.25;294.11;3.52;1164;19;1980.00;8
4639;12;5243136;4639;475;5802;5810;4.03;0.25;294.17;3.52;1163;19;1981.00;8
4641;12;5243152;4641;470;5805;5810;4.04;0.25;294.17;3.52;1164;19;1982.00;5
4643;13;5243163;4643;464;5805;5810;4.11;0.25;294.24;3.52;1162;20;1983.00;5
4646;13;5243184;4646;450;5806;5810;4.12;0.25;294.36;3.52;1160;20;1984.00;4
4648;13;5243200;4648;439;5806;5810;4.24;0.26;294.33;3.52;1158;20;1985.00;4
4652;13;5243211;4652;437;5806;5811;4.26;0.26;294.40;3.52;1154;20;1986.00;5
4654;13;5243222;4654;434;5806;5811;4.36;0.27;294.49;3.52;1152;20;1987.00;5
4655;13;5243234;4655;425;5811;5817;4.53;0.28;294.52;3.52;1156;20;1988.00;6
4658;13;5243246;4658;423;5812;5818;4.60;0.28;294.60;3.52;1154;20;1989.00;6
4661;13;5243257;4661;415;5812;5818;4.65;0.29;294.61;3.52;1151;20;1990.00;6
4664;13;5243269;4664;414;5812;5818;4.74;0.29;294.78;3.52;1148;20;1991.00;6
4668;13;5243280;4668;405;5815;5822;4.81;0.29;294.71;3.51;1147;20;1992.00;7
4671;13;5243291;4671;406;5815;5822;4.86;0.30;294.78;3.51;1144;20;1993.00;7
4675;13;5243303;4675;411;5815;5822;4.90;0.30;294.86;3.51;1140;20;1994.00;7
4678;13;5243315;4678;402;5816;5823;5.01;0.31;294.87;3.51;1138;20;1995.00;7
4682;13;5243331;4682;396;5819;5827;5.10;0.31;294.86;3.51;1137;20;1996.00;8
4685;13;5243344;4685;399;5819;5827;5.17;0.31;294.90;3.51;1134;20;1997.00;8
4690;13;5243356;4690;398;5821;5830;5.22;0.32;294.89;3.51;1131;20;1998.00;9
4693;13;5243367;4693;401;5822;5830;5.31;0.32;294.94;3.52;1129;20;1999.00;8
4694;13;5243380;4694;401;5823;5830;5.42;0.33;294.90;3.52;1129;20;2000.00;7
4699;13;5243395;4699;403;5823;5830;5.45;0.33;294.83;3.52;1124;20;2001.00;7
4702;13;5243408;4702;404;5827;5834;5.54;0.34;294.80;3.52;1125;20;2002.00;7
4707;13;5243420;4707;404;5827;5834;5.52;0.34;294.87;3.52;1120;20;2003.00;7
4710;13;5243433;4710;400;5827;5834;5.54;0.34;294.92;3.52;1117;20;2004.00;7
4715;13;5243445;4715;399;5827;5834;5.50;0.34;294.98;3.52;1112;20;2005.00;7
4719;13;5243456;4719;399;5827;5835;5.48;0.33;295.20;3.52;1108;20;2006.00;8
4726;13;5243468;4726;401;5828;5836;5.43;0.33;295.52;3.52;1102;20;2007.00;8
4727;13;5243482;4727;391;5828;5836;5.48;0.33;295.55;3.52;1101;20;2008.00;8
4730;13;5243493;4730;392;5829;5837;5.53;0.34;295.57;3.52;1099;20;2009.00;8
4737;13;5243507;4737;394;5829;5837;5.58;0.34;295.49;3.52;1092;20;2010.00;8
4742;13;5243519;4742;396;5829;5837;5.63;0.34;295.55;3.52;1087;20;2011.00;8
4742;13;5243531;4742;397;5829;5837;5.67;0.34;295.55;3.52;1087;20;2012.00;8
4747;13;5243544;4747;395;5829;5837;5.68;0.34;295.67;3.52;1082;20;2013.00;8
4750;13;5243556;4750;393;5829;5837;5.65;0.34;295.86;3.52;1079;20;2014.00;8
4753;13;5243568;4753;388;5829;5837;5.69;0.34;295.82;3.52;1076;20;2015.00;8
4756;13;5243579;4756;404;5906;5964;5.95;0.37;295.77;3.47;1150;20;2016.00;58
4758;13;5243601;4758;398;5908;5965;5.95;0.37;295.80;3.47;1150;20;2017.00;57
4761;13;5243614;4761;396;5912;5965;5.98;0.37;295.95;3.47;1151;20;2018.00;53
4763;13;5243627;4763;394;5916;5965;6.02;0.37;296.00;3.47;1153;20;2019.00;49
4765;13;5243639;4765;392;5921;5965;6.01;0.37;296.02;3.47;1156;20;2020.00;44
4771;13;5243652;4771;392;5924;5965;5.94;0.37;296.12;3.47;1153;20;2021.00;41
4773;13;5243665;4773;396;5927;5965;5.89;0.36;296.09;3.47;1154;20;2022.00;38
4777;13;5243677;4777;407;5928;5965;5.79;0.35;296.12;3.47;1151;20;2023.00;37
4781;13;5243690;4781;412;5931;5966;5.71;0.35;296.12;3.48;1150;20;2024.00;35
4785;13;5243703;4785;416;5933;5968;5.66;0.35;296.38;3.48;1148;20;2025.00;35
4789;13;5243715;4789;429;5934;5968;5.56;0.34;296.44;3.48;1145;20;2026.00;34
4792;13;5243728;4792;431;5935;5969;5.53;0.34;296.59;3.48;1143;20;2027.00;34
4794;13;5243741;4794;433;5938;5969;5.48;0.33;296.74;3.49;1144;20;2028.00;31
4798;13;5243754;4798;429;5939;5969;5.45;0.33;296.93;3.49;1141;20;2029.00;30
4799;13;5243766;4799;425;5940;5969;5.48;0.33;296.93;3.49;1141;20;2030.00;29
4800;13;5243778;4800;424;5942;5973;5.55;0.34;296.99;3.49;1142;20;2031.00;31
4802;13;5243792;4802;427;5944;5973;5.63;0.34;297.14;3.49;1142;20;2032.00;29
4806;13;5243804;4806;431;5945;5973;5.69;0.35;297.35;3.50;1139;20;2033.00;28
4809;13;5243817;4809;432;5946;5976;5.77;0.35;297.53;3.50;1137;20;2034.00;30
4811;13;5243830;4811;435;5947;5976;5.77;0.35;297.63;3.50;1136;20;2035.00;29
4813;13;5243842;4813;418;5948;5976;5.81;0.35;297.71;3.50;1135;20;2036.00;28
4815;13;5243856;4815;409;5952;5980;5.88;0.36;297.77;3.50;1137;20;2037.00;28
4817;13;5243868;4817;407;5953;5981;6.00;0.37;297.92;3.50;1136;20;2038.00;28
4817;13;5243881;4817;401;5955;5981;6.07;0.37;297.92;3.51;1138;20;2039.00;26
4819;13;5243894;4819;400;5958;5986;6.12;0.37;297.96;3.51;1139;20;2040.00;28
4824;13;5243908;4824;404;5960;5986;6.11;0.37;298.24;3.51;1136;20;2041.00;26
4825;13;5243922;4825;407;5960;5986;6.13;0.37;298.32;3.51;1135;20;2042.00;26
4829;13;5243935;4829;412;5961;5987;6.16;0.37;298.44;3.51;1132;20;2043.00;26
4831;13;5243948;4831;412;5961;5987;6.21;0.38;298.54;3.51;1130;20;2044.00;26
4833;13;5243961;4833;418;5968;5993;6.25;0.38;298.77;3.52;1135;20;2045.00;25
4837;13;5243980;4837;424;5970;5993;6.22;0.38;299.03;3.52;1133;20;2046.00;23
4837;13;5243993;4837;416;5970;5994;6.19;0.38;299.03;3.52;1133;20;2047.00;24
4844;13;5244006;4844;414;5970;5994;6.11;0.37;299.43;3.52;1126;20;2048.00;24
4847;13;5244019;4847;413;5971;5994;6.06;0.37;299.57;3.52;1124;20;2049.00;23
4848;13;5244037;4848;408;5971;5994;6.01;0.36;299.56;3.52;1123;20;2050.00;23
4849;13;5244049;4849;410;5972;5994;6.05;0.37;299.59;3.52;1123;20;2051.00;22
4851;13;5244061;4851;416;5982;6006;6.14;0.37;299.67;3.52;1131;20;2052.00;24
4852;13;5244076;4852;415;5982;6006;6.17;0.37;299.74;3.52;1130;20;2053.00;24
4854;13;5244089;4854;407;5983;6006;6.21;0.38;299.81;3.52;1129;20;2054.00;23
4857;13;5244102;4857;408;5983;6006;6.21;0.38;299.96;3.52;1126;20;2055.00;23
4860;13;5244115;4860;414;5983;6006;6.18;0.37;300.11;3.52;1123;20;2056.00;23
4863;13;5244126;4863;414;5983;6006;6.16;0.37;300.19;3.52;1120;20;2057.00;23
4865;13;5244139;4865;424;5986;6010;6.12;0.37;300.11;3.52;1121;20;2058.00;24
4869;13;5244151;4869;424;5986;6010;6.08;0.37;300.27;3.52;1117;20;2059.00;24
4871;13;5244163;4871;426;5990;6014;6.08;0.37;300.38;3.51;1119;20;2060.00;24
4874;13;5244175;4874;423;5992;6015;6.08;0.37;300.47;3.53;1118;20;2061.00;23
4878;13;5244188;4878;421;5992;6015;6.03;0.37;300.44;3.53;1114;20;2062.00;23
4882;13;5244200;4882;424;5992;6015;5.90;0.36;300.56;3.53;1110;20;2063.00;23
4885;13;5244212;4885;429;6002;6028;5.88;0.36;300.69;3.52;1117;20;2064.00;26
4887;13;5244224;4887;438;6003;6028;5.77;0.35;300.74;3.52;1116;20;2065.00;25
4889;13;5244236;4889;440;6003;6028;5.72;0.35;300.73;3.52;1114;20;2066.00;25
4891;13;5244247;4891;443;6004;6029;5.69;0.35;300.74;3.52;1113;20;2067.00;25
4893;13;5244260;4893;443;6004;6030;5.63;0.34;300.92;3.52;1111;20;2068.00;26
4894;13;5244271;4894;448;6004;6030;5.57;0.34;300.93;3.52;1110;20;2069.00;26
4895;13;5244285;4895;439;6008;6036;5.55;0.34;300.95;3.52;1113;20;2070.00;28
4898;13;5244297;4898;437;6008;6036;5.49;0.34;301.03;3.52;1110;20;2071.00;28
4898;13;5244309;4898;436;6010;6036;5.46;0.33;301.03;3.52;1112;20;2072.00;26
4901;13;5244321;4901;436;6010;6036;5.37;0.33;301.06;3.52;1109;20;2073.00;26
4906;13;5244332;4906;428;6015;6042;5.32;0.32;301.15;3.51;1109;20;2074.00;27
4907;13;5244344;4907;429;6015;6042;5.29;0.32;301.17;3.51;1108;20;2075.00;27
4909;13;5244355;4909;424;6015;6042;5.27;0.32;301.17;3.51;1106;20;2076.00;27
4913;13;5244367;4913;416;6016;6042;5.28;0.32;301.18;3.52;1103;20;2077.00;26
4914;13;5244379;4914;417;6019;6046;5.29;0.32;301.21;3.52;1105;20;2078.00;27
4914;13;5244391;4914;414;6020;6047;5.34;0.33;301.21;3.52;1106;20;2079.00;27
4916;13;5244402;4916;418;6020;6047;5.37;0.33;301.24;3.52;1104;20;2080.00;27
4918;13;5244415;4918;415;6021;6048;5.38;0.33;301.27;3.52;1103;20;2081.00;27
4923;13;5244426;4923;411;6021;6048;5.36;0.33;301.40;3.52;1098;20;2082.00;27
4926;13;5244437;4926;415;6021;6048;5.37;0.33;301.51;3.52;1095;20;2083.00;27
4929;13;5244448;4929;414;6021;6048;5.35;0.33;301.50;3.52;1092;20;2084.00;27
4930;13;5244459;4930;407;6023;6048;5.37;0.33;301.45;3.55;1093;20;2085.00;25
4931;13;5244471;4931;407;6023;6048;5.38;0.33;301.48;3.55;1092;20;2086.00;25
4933;13;5244482;4933;406;6023;6048;5.36;0.33;301.57;3.55;1090;20;2087.00;25
4936;13;5244494;4936;409;6055;6118;5.54;0.34;301.56;3.54;1119;20;2088.00;63
4939;13;5244510;4939;408;6060;6119;5.53;0.34;301.57;3.53;1121;20;2089.00;59
4940;13;5244521;4940;413;6065;6119;5.52;0.34;301.61;3.53;1125;20;2090.00;54
4941;13;5244532;4941;414;6070;6119;5.50;0.33;301.57;3.53;1129;20;2091.00;49
4942;13;5244544;4942;412;6072;6119;5.45;0.33;301.53;3.54;1130;20;2092.00;47
4944;13;5244555;4944;411;6077;6119;5.43;0.33;301.44;3.55;1133;20;2093.00;42
4946;13;5244566;4946;413;6080;6119;5.39;0.33;301.44;3.55;1134;20;2094.00;39
4948;13;5244583;4948;415;6083;6119;5.32;0.32;301.43;3.55;1135;20;2095.00;36
4950;13;5244594;4950;419;6087;6120;5.24;0.32;301.41;3.55;1137;20;2096.00;33
4954;13;5244605;4954;408;6090;6121;5.16;0.31;301.35;3.55;1136;20;2097.00;31
4956;13;5244617;4956;413;6091;6121;5.11;0.31;301.42;3.55;1135;20;2098.00;30
4958;13;5244628;4958;424;6095;6125;5.12;0.31;301.33;3.55;1137;20;2099.00;30
4962;13;5244642;4962;420;6099;6140;5.11;0.31;301.22;3.55;1137;20;2100.00;41
4963;13;5244659;4963;422;6099;6140;5.13;0.31;301.24;3.55;1136;20;2101.00;41
4963;13;5244670;4963;419;6099;6140;5.16;0.32;301.24;3.55;1136;20;2102.00;41
4964;13;5244682;4964;425;6103;6146;5.18;0.32;301.23;3.55;1139;20;2103.00;43
4967;13;5244694;4967;420;6104;6146;5.14;0.32;301.21;3.57;1137;20;2104.00;42
4967;13;5244705;4967;415;6106;6146;5.09;0.31;301.21;3.58;1139;20;2105.00;40
4969;13;5244717;4969;420;6109;6149;5.07;0.31;301.14;3.58;1140;20;2106.00;40
4973;13;5244728;4973;419;6109;6149;5.00;0.31;301.12;3.58;1136;20;2107.00;40
4973;13;5244740;4973;427;6110;6149;5.01;0.31;301.12;3.58;1137;20;2108.00;39
4973;13;5244750;4973;435;6110;6150;4.96;0.30;301.12;3.58;1137;20;2109.00;40
4974;13;5244761;4974;443;6113;6151;4.95;0.30;301.06;3.62;1139;20;2110.00;38
4975;13;5244772;4975;446;6114;6151;4.89;0.30;301.05;3.62;1139;20;2111.00;37
4977;13;5244783;4977;459;6124;6164;4.88;0.30;301.06;3.62;1147;20;2112.00;40
4979;13;5244795;4979;461;6124;6164;4.79;0.29;300.99;3.62;1145;20;2113.00;40
4979;13;5244807;4979;466;6125;6164;4.82;0.30;300.99;3.62;1146;20;2114.00;39
4980;13;5244817;4980;469;6130;6166;4.81;0.30;300.95;3.66;1150;20;2115.00;36
4982;13;5244828;4982;475;6132;6166;4.77;0.29;300.88;3.69;1150;20;2116.00;34
4982;13;5244839;4982;479;6136;6170;4.78;0.29;300.88;3.69;1154;20;2117.00;34
4983;13;5244850;4983;487;6137;6170;4.75;0.29;300.88;3.70;1154;20;2118.00;33
4985;13;5244862;4985;485;6142;6174;4.73;0.29;300.82;3.73;1157;20;2119.00;32
4986;13;5244872;4986;485;6142;6174;4.69;0.29;300.80;3.73;1156;20;2120.00;32
4990;13;5244883;4990;489;6144;6174;4.63;0.28;300.87;3.76;1154;20;2121.00;30
4990;13;5244894;4990;494;6145;6174;4.57;0.28;300.87;3.76;1155;20;2122.00;29
4991;13;5244904;4991;487;6146;6174;4.50;0.28;300.84;3.76;1155;20;2123.00;28
4994;13;5244915;4994;497;6157;6186;4.49;0.27;300.82;3.79;1163;20;2124.00;29
4999;13;5244926;4999;486;6157;6186;4.45;0.27;300.76;3.79;1158;20;2125.00;29
5001;13;5244937;5001;482;6162;6186;4.41;0.27;300.67;3.81;1161;20;2126.00;24
5003;13;5244948;5003;486;6164;6186;4.33;0.26;300.64;3.82;1161;20;2127.00;22
5003;13;5244958;5003;487;6165;6186;4.27;0.26;300.64;3.82;1162;20;2128.00;21
5004;13;5244968;5004;477;6167;6186;4.25;0.26;300.62;3.84;1163;20;2129.00;19
5004;13;5244981;5004;469;6167;6187;4.27;0.26;300.62;3.84;1163;20;2130.00;20
5004;13;5244991;5004;465;6167;6187;4.29;0.26;300.62;3.84;1163;20;2131.00;20
5005;14;5245007;5005;466;6172;6193;4.41;0.27;300.60;3.84;1167;21;2132.00;21
5008;14;5245034;5008;462;6172;6194;4.40;0.27;300.58;3.84;1164;21;2133.00;22
5009;14;5245045;5009;462;6173;6194;4.44;0.27;300.57;3.84;1164;21;2134.00;21
5009;14;5245056;5009;459;6175;6194;4.45;0.27;300.57;3.86;1166;21;2135.00;19
5011;14;5245067;5011;460;6177;6198;4.49;0.27;300.49;3.86;1166;21;2136.00;21
5012;14;5245077;5012;466;6178;6198;4.52;0.27;300.45;3.86;1166;21;2137.00;20
5012;14;5245089;5012;464;6178;6198;4.56;0.28;300.45;3.86;1166;21;2138.00;20
5015;14;5245100;5015;465;6179;6199;4.52;0.27;300.37;3.86;1164;21;2139.00;20
5015;14;5245115;5015;463;6182;6203;4.52;0.27;300.37;3.86;1167;21;2140.00;21
5018;14;5245127;5018;469;6182;6203;4.52;0.27;300.48;3.86;1164;21;2141.00;21
5020;14;5245138;5020;471;6184;6206;4.50;0.27;300.50;3.86;1164;21;2142.00;22
5022;14;5245149;5022;469;6184;6206;4.49;0.27;300.42;3.86;1162;21;2143.00;22
5023;14;5245159;5023;476;6185;6206;4.51;0.27;300.44;3.86;1162;21;2144.00;21
5024;14;5245169;5024;457;6185;6206;4.52;0.27;300.42;3.86;1161;21;2145.00;21
5026;14;5245180;5026;449;6189;6210;4.56;0.28;300.46;3.85;1163;21;2146.00;21
5030;14;5245192;5030;445;6189;6210;4.57;0.28;300.35;3.85;1159;21;2147.00;21
5034;14;5245202;5034;445;6189;6210;4.63;0.28;300.47;3.85;1155;21;2148.00;21
5037;14;5245214;5037;444;6189;6210;4.64;0.28;300.55;3.85;1152;21;2149.00;21
5037;14;5245225;5037;446;6189;6211;4.70;0.29;300.55;3.85;1152;21;2150.00;22
5043;14;5245236;5043;440;6190;6212;4.74;0.29;300.56;3.85;1147;21;2151.00;22
5045;14;5245247;5045;431;6190;6212;4.79;0.29;300.58;3.85;1145;21;2152.00;22
5049;14;5245258;5049;429;6191;6213;4.80;0.29;300.96;3.85;1142;21;2153.00;22
5052;14;5245270;5052;418;6191;6213;4.86;0.29;300.95;3.85;1139;21;2154.00;22
5054;14;5245281;5054;412;6191;6213;4.91;0.30;301.23;3.85;1137;21;2155.00;22
5058;14;5245292;5058;406;6191;6213;4.97;0.30;301.39;3.85;1133;21;2156.00;22
5061;14;5245304;5061;406;6191;6213;5.02;0.30;301.55;3.85;1130;21;2157.00;22
5063;14;5245315;5063;399;6191;6213;5.14;0.31;301.74;3.85;1128;21;2158.00;22
5067;14;5245327;5067;394;6191;6213;5.20;0.31;301.96;3.85;1124;21;2159.00;22
5069;14;5245340;5069;405;6287;6443;5.70;0.36;301.98;3.80;1218;21;2160.00;156
5074;14;5245370;5074;393;6294;6444;5.75;0.36;302.11;3.79;1220;21;2161.00;150
5078;14;5245383;5078;398;6307;6444;5.80;0.36;302.15;3.79;1229;21;2162.00;137
5081;14;5245395;5081;393;6316;6444;5.82;0.36;302.30;3.79;1235;21;2163.00;128
5084;14;5245413;5084;398;6324;6444;5.82;0.36;302.35;3.79;1240;21;2164.00;120
5087;14;5245426;5087;391;6335;6444;5.78;0.36;302.49;3.79;1248;21;2165.00;109
5089;14;5245444;5089;394;6340;6444;5.76;0.36;302.58;3.79;1251;21;2166.00;104
5091;14;5245458;5091;391;6345;6444;5.79;0.36;302.73;3.79;1254;21;2167.00;99
5096;14;5245470;5096;398;6350;6445;5.76;0.36;302.93;3.80;1254;21;2168.00;95
5098;14;5245485;5098;396;6353;6446;5.79;0.36;302.97;3.80;1255;21;2169.00;93
5103;14;5245498;5103;407;6361;6446;5.78;0.36;303.11;3.81;1258;21;2170.00;85
5107;14;5245512;5107;409;6363;6447;5.75;0.35;303.16;3.81;1256;21;2171.00;84
5109;14;5245525;5109;410;6364;6447;5.81;0.36;303.33;3.81;1255;21;2172.00;83
5114;14;5245538;5114;421;6366;6447;5.78;0.36;303.58;3.81;1252;21;2173.00;81
5115;14;5245552;5115;425;6367;6447;5.80;0.36;303.65;3.82;1252;21;2174.00;80
5119;14;5245572;5119;435;6371;6451;5.76;0.35;303.84;3.82;1252;21;2175.00;80
5120;14;5245587;5120;448;6373;6451;5.76;0.35;303.90;3.82;1253;21;2176.00;78
5126;14;5245600;5126;455;6375;6451;5.76;0.35;304.16;3.83;1249;21;2177.00;76
5131;14;5245614;5131;458;6377;6454;5.74;0.35;304.48;3.83;1246;21;2178.00;77
5133;14;5245629;5133;466;6378;6454;5.69;0.35;304.56;3.83;1245;21;2179.00;76
5138;14;5245643;5138;472;6378;6454;5.69;0.35;304.70;3.83;1240;21;2180.00;76
5144;14;5245657;5144;476;6383;6458;5.67;0.35;304.88;3.84;1239;21;2181.00;75
5146;14;5245671;5146;476;6383;6459;5.66;0.35;305.03;3.84;1237;21;2182.00;76
5149;14;5245685;5149;475;6385;6459;5.66;0.35;305.14;3.84;1236;21;2183.00;74
5157;14;5245699;5157;472;6385;6463;5.60;0.34;305.43;3.84;1228;21;2184.00;78
5161;14;5245714;5161;476;6386;6463;5.52;0.34;305.56;3.84;1225;21;2185.00;77
5165;14;5245728;5165;479;6387;6463;5.47;0.33;305.65;3.85;1222;21;2186.00;76
5168;14;5245742;5168;475;6387;6464;5.42;0.33;305.79;3.85;1219;21;2187.00;77
5170;14;5245756;5170;485;6389;6464;5.40;0.33;305.81;3.86;1219;21;2188.00;75
5172;14;5245770;5172;488;6392;6470;5.34;0.33;305.91;3.86;1220;21;2189.00;78
5176;14;5245787;5176;488;6394;6470;5.30;0.32;305.95;3.87;1218;21;2190.00;76
5181;14;5245801;5181;494;6394;6471;5.27;0.32;306.14;3.87;1213;21;2191.00;77
5182;14;5245815;5182;488;6395;6471;5.29;0.32;306.18;3.88;1213;21;2192.00;76
5182;14;5245829;5182;491;6396;6471;5.28;0.32;306.18;3.88;1214;21;2193.00;75
5186;14;5245842;5186;486;6399;6471;5.27;0.32;306.28;3.89;1213;21;2194.00;72
5190;14;5245856;5190;485;6399;6471;5.28;0.32;306.30;3.89;1209;21;2195.00;72
5191;14;5245869;5191;484;6407;6483;5.28;0.32;306.39;3.89;1216;21;2196.00;76
5194;14;5245883;5194;480;6408;6483;5.26;0.32;306.47;3.90;1214;21;2197.00;75
5196;14;5245896;5196;486;6410;6483;5.25;0.32;306.51;3.90;1214;21;2198.00;73
5198;14;5245916;5198;490;6410;6483;5.21;0.32;306.59;3.90;1212;21;2199.00;73
5203;14;5245930;5203;493;6411;6483;5.18;0.32;306.71;3.91;1208;21;2200.00;72
5206;14;5245958;5206;484;6415;6483;5.18;0.32;306.79;3.92;1209;21;2201.00;68
5209;14;5245972;5209;484;6419;6487;5.24;0.32;306.80;3.92;1210;21;2202.00;68
5212;14;5245991;5212;479;6421;6487;5.25;0.32;306.80;3.92;1209;21;2203.00;66
5216;14;5246005;5216;479;6425;6491;5.25;0.32;306.80;3.93;1209;21;2204.00;66
5217;14;5246019;5217;481;6427;6493;5.26;0.32;306.84;3.93;1210;21;2205.00;66
5219;14;5246033;5219;483;6430;6493;5.28;0.32;306.79;3.93;1211;21;2206.00;63
5224;14;5246047;5224;484;6431;6493;5.28;0.32;306.87;3.93;1207;21;2207.00;62
5227;14;5246061;5227;493;6441;6506;5.31;0.32;306.97;3.93;1214;21;2208.00;65
5228;14;5246074;5228;499;6443;6506;5.33;0.32;306.95;3.93;1215;21;2209.00;63
5231;14;5246088;5231;502;6445;6508;5.31;0.32;307.10;3.93;1214;21;2210.00;63
5236;14;5246102;5236;508;6446;6509;5.29;0.32;307.15;3.93;1210;21;2211.00;63
5238;14;5246116;5238;509;6446;6510;5.26;0.32;307.19;3.93;1208;21;2212.00;64
5239;14;5246129;5239;509;6446;6510;5.29;0.32;307.19;3.93;1207;21;2213.00;64
5242;14;5246142;5242;512;6450;6513;5.30;0.32;307.31;3.94;1208;21;2214.00;63
5245;14;5246171;5245;511;6450;6513;5.30;0.32;307.47;3.94;1205;21;2215.00;63
5246;14;5246188;5246;508;6450;6513;5.31;0.32;307.46;3.94;1204;21;2216.00;63
5249;14;5246201;5249;513;6450;6513;5.30;0.32;307.57;3.94;1201;21;2217.00;63
5252;14;5246214;5252;511;6456;6519;5.29;0.32;307.66;3.94;1204;21;2218.00;63
5255;14;5246227;5255;509;6456;6519;5.31;0.32;307.62;3.94;1201;21;2219.00;63
5258;14;5246242;5258;514;6456;6519;5.32;0.32;307.80;3.94;1198;21;2220.00;63
5262;14;5246254;5262;514;6456;6519;5.28;0.32;307.86;3.94;1194;21;2221.00;63
5263;14;5246267;5263;510;6460;6523;5.27;0.32;307.81;3.95;1197;21;2222.00;63
5265;14;5246280;5265;516;6461;6524;5.26;0.32;307.97;3.95;1196;21;2223.00;63
5266;14;5246293;5266;517;6461;6524;5.23;0.32;308.03;3.95;1195;21;2224.00;63
5268;14;5246305;5268;519;6462;6525;5.23;0.32;308.07;3.95;1194;21;2225.00;63
5270;14;5246318;5270;520;6462;6525;5.18;0.32;308.03;3.95;1192;21;2226.00;63
5273;14;5246330;5273;523;6462;6525;5.13;0.31;308.12;3.95;1189;21;2227.00;63
5275;14;5246343;5275;524;6463;6525;5.06;0.31;308.11;3.96;1188;21;2228.00;62
5277;15;5246354;5277;526;6463;6525;5.01;0.31;308.22;3.96;1186;22;2229.00;62
5277;15;5246379;5277;538;6463;6525;5.01;0.31;308.22;3.96;1186;22;2230.00;62
5278;15;5246391;5278;545;6463;6525;4.96;0.30;308.25;3.96;1185;22;2231.00;62
5280;15;5246403;5280;560;6492;6595;5.06;0.31;308.37;3.94;1212;22;2232.00;103
5281;15;5246420;5281;557;6492;6596;5.05;0.31;308.36;3.94;1211;22;2233.00;104
5283;15;5246432;5283;560;6500;6596;5.10;0.31;308.40;3.95;1217;22;2234.00;96
5284;15;5246444;5284;558;6503;6596;5.08;0.31;308.42;3.95;1219;22;2235.00;93
5291;15;5246456;5291;552;6506;6596;4.99;0.31;308.57;3.95;1215;22;2236.00;90
5292;15;5246469;5292;554;6510;6596;4.97;0.30;308.63;3.96;1218;22;2237.00;86
5293;15;5246482;5293;559;6513;6596;4.92;0.30;308.63;3.96;1220;22;2238.00;83
5296;15;5246499;5296;552;6515;6596;4.89;0.30;308.79;3.97;1219;22;2239.00;81
5297;15;5246511;5297;552;6518;6597;4.86;0.30;308.84;3.98;1221;22;2240.00;79
5303;15;5246522;5303;551;6521;6598;4.81;0.29;308.83;3.98;1218;22;2241.00;77
5307;15;5246535;5307;546;6523;6598;4.78;0.29;308.97;3.98;1216;22;2242.00;75
5311;15;5246549;5311;545;6527;6602;4.75;0.29;308.87;3.98;1216;22;2243.00;75
5313;15;5246561;5313;543;6528;6602;4.72;0.29;308.93;3.99;1215;22;2244.00;74
5317;15;5246573;5317;537;6530;6602;4.67;0.29;308.91;3.99;1213;22;2245.00;72
5321;15;5246585;5321;540;6530;6602;4.62;0.28;308.90;3.99;1209;22;2246.00;72
5323;15;5246597;5323;532;6535;6608;4.62;0.28;309.00;4.01;1212;22;2247.00;73
5325;15;5246610;5325;525;6535;6608;4.61;0.28;309.03;4.01;1210;22;2248.00;73
5327;15;5246622;5327;522;6535;6608;4.64;0.28;309.03;4.01;1208;22;2249.00;73
5330;15;5246635;5330;516;6542;6614;4.64;0.28;308.95;4.07;1212;22;2250.00;72
5335;15;5246649;5335;516;6542;6614;4.62;0.28;308.84;4.07;1207;22;2251.00;72
5336;15;5246662;5336;513;6544;6614;4.69;0.29;308.83;4.07;1208;22;2252.00;70
5338;15;5246673;5338;510;6544;6615;4.66;0.28;308.87;4.07;1206;22;2253.00;71
5339;15;5246685;5339;513;6545;6616;4.66;0.28;308.88;4.07;1206;22;2254.00;71
5341;15;5246698;5341;518;6545;6616;4.69;0.28;308.82;4.07;1204;22;2255.00;71
5342;15;5246710;5342;519;6553;6629;4.76;0.29;308.78;4.06;1211;22;2256.00;76
5343;15;5246722;5343;528;6554;6629;4.79;0.29;308.77;4.08;1211;22;2257.00;75
5346;15;5246734;5346;525;6555;6629;4.81;0.29;308.66;4.08;1209;22;2258.00;74
5348;15;5246746;5348;527;6556;6630;4.82;0.29;308.63;4.08;1208;22;2259.00;74
5352;15;5246759;5352;532;6557;6630;4.79;0.29;308.56;4.09;1205;22;2260.00;73
5353;15;5246771;5353;531;6562;6634;4.80;0.29;308.60;4.10;1209;22;2261.00;72
5354;16;5246783;5354;526;6563;6634;4.76;0.29;308.58;4.11;1209;23;2262.00;71
5354;16;5246814;5354;534;6569;6638;4.79;0.29;308.58;4.15;1215;23;2263.00;69
5355;16;5246826;5355;532;6570;6638;4.74;0.29;308.53;4.16;1215;23;2264.00;68
5355;16;5246838;5355;539;6571;6638;4.68;0.28;308.53;4.18;1216;23;2265.00;67
5355;16;5246850;5355;542;6572;6638;4.68;0.29;308.53;4.18;1217;23;2266.00;66
5358;16;5246862;5358;541;6573;6638;4.63;0.28;308.52;4.19;1215;23;2267.00;65
5361;16;5246877;5361;542;6583;6650;4.66;0.28;308.46;4.19;1222;23;2268.00;67
5362;16;5246890;5362;542;6586;6650;4.67;0.28;308.41;4.19;1224;23;2269.00;64
5364;16;5246904;5364;544;6588;6650;4.69;0.28;308.33;4.20;1224;23;2270.00;62
5365;16;5246916;5365;550;6589;6650;4.64;0.28;308.34;4.21;1224;23;2271.00;61
5367;16;5246929;5367;540;6589;6650;4.62;0.28;308.28;4.21;1222;23;2272.00;61
5368;16;5246941;5368;537;6590;6650;4.62;0.28;308.26;4.21;1222;23;2273.00;60
5368;16;5246954;5368;535;6590;6651;4.64;0.28;308.26;4.21;1222;23;2274.00;61
5369;16;5246967;5369;533;6591;6651;4.70;0.29;308.25;4.24;1222;23;2275.00;60
5369;16;5246985;5369;528;6597;6657;4.82;0.29;308.25;4.24;1228;23;2276.00;60
5371;16;5246999;5371;525;6599;6658;4.90;0.30;308.24;4.27;1228;23;2277.00;59
5373;16;5247012;5373;526;6599;6658;4.95;0.30;308.26;4.27;1226;23;2278.00;59
5375;16;5247036;5375;523;6600;6658;4.94;0.30;308.33;4.27;1225;23;2279.00;58
5376;16;5247051;5376;521;6604;6663;5.01;0.31;308.35;4.30;1228;24;2280.00;59
5378;16;5247075;5378;517;6605;6663;5.02;0.31;308.34;4.33;1227;24;2281.00;58
5380;16;5247095;5380;515;6607;6663;5.01;0.31;308.39;4.35;1227;24;2282.00;56
5381;16;5247108;5381;508;6608;6664;5.01;0.31;308.35;4.35;1227;24;2283.00;56
5383;16;5247128;5383;507;6611;6668;5.00;0.31;308.31;4.35;1228;24;2284.00;57
5384;16;5247142;5384;508;6612;6668;5.01;0.31;308.31;4.38;1228;24;2285.00;56
5384;16;5247155;5384;503;6614;6671;5.06;0.31;308.31;4.38;1230;24;2286.00;57
5386;16;5247169;5386;505;6615;6671;5.07;0.31;308.28;4.38;1229;24;2287.00;56
5387;16;5247182;5387;504;6615;6671;5.07;0.31;308.22;4.38;1228;24;2288.00;56
5389;16;5247195;5389;509;6615;6671;5.05;0.31;308.21;4.38;1226;24;2289.00;56
5390;16;5247208;5390;518;6619;6675;5.09;0.31;308.25;4.37;1229;24;2290.00;56
5391;16;5247221;5391;514;6628;6675;5.04;0.31;308.22;4.61;1237;24;2291.00;47
5393;16;5247233;5393;511;6628;6675;5.04;0.31;308.16;4.61;1235;24;2292.00;47
5397;16;5247246;5397;520;6630;6675;4.98;0.30;308.02;4.65;1233;24;2293.00;45
5398;16;5247259;5398;509;6630;6676;4.94;0.30;307.98;4.65;1232;24;2294.00;46
5400;16;5247272;5400;505;6633;6678;4.94;0.30;308.18;4.67;1233;24;2295.00;45
5400;16;5247285;5400;507;6633;6678;4.93;0.30;308.18;4.67;1233;24;2296.00;45
5400;16;5247298;5400;508;6635;6679;4.92;0.30;308.18;4.69;1235;24;2297.00;44
5402;16;5247310;5402;506;6635;6679;4.90;0.30;308.11;4.69;1233;24;2298.00;44
5404;16;5247324;5404;496;6636;6679;4.90;0.30;308.06;4.71;1232;25;2299.00;43
5406;16;5247346;5406;500;6637;6679;4.85;0.30;308.13;4.73;1231;25;2300.00;42
5408;16;5247363;5408;494;6638;6679;4.80;0.29;308.24;4.75;1230;25;2301.00;41
5408;16;5247375;5408;494;6638;6679;4.82;0.30;308.24;4.75;1230;25;2302.00;41
5410;16;5247387;5410;495;6638;6679;4.82;0.30;308.43;4.75;1228;25;2303.00;41
5411;16;5247405;5411;509;6700;6806;5.12;0.32;308.48;4.72;1289;25;2304.00;106
5412;16;5247428;5412;501;6706;6807;5.15;0.32;308.47;4.72;1294;25;2305.00;101
5417;16;5247447;5417;497;6715;6807;5.19;0.32;308.48;4.71;1298;25;2306.00;92
5421;16;5247460;5421;494;6718;6807;5.15;0.32;308.57;4.71;1297;25;2307.00;89
5424;16;5247473;5424;487;6725;6807;5.12;0.32;308.65;4.73;1301;25;2308.00;82
5428;16;5247487;5428;483;6726;6807;5.04;0.31;308.64;4.73;1298;25;2309.00;81
5434;16;5247501;5434;475;6732;6807;4.98;0.31;308.84;4.73;1298;25;2310.00;75
5437;16;5247515;5437;474;6733;6807;4.96;0.31;309.08;4.73;1296;25;2311.00;74
5441;16;5247528;5441;476;6734;6808;4.95;0.31;309.01;4.73;1293;25;2312.00;74
5447;16;5247541;5447;474;6738;6809;4.92;0.30;309.30;4.74;1291;25;2313.00;71
5453;16;5247555;5453;477;6739;6809;4.91;0.30;309.48;4.74;1286;25;2314.00;70
5457;16;5247568;5457;478;6741;6810;4.87;0.30;309.65;4.74;1284;25;2315.00;69
5461;16;5247582;5461;481;6742;6810;4.86;0.30;309.78;4.74;1281;25;2316.00;68
5466;16;5247595;5466;478;6745;6810;4.91;0.30;310.04;4.74;1279;25;2317.00;65
5470;16;5247608;5470;480;6748;6810;4.95;0.30;310.12;4.75;1278;25;2318.00;62
5472;16;5247622;5472;479;6751;6814;5.03;0.31;310.12;4.75;1279;25;2319.00;63
5477;16;5247636;5477;472;6753;6814;5.01;0.31;310.21;4.75;1276;25;2320.00;61
5481;16;5247650;5481;464;6754;6814;5.04;0.31;310.26;4.75;1273;25;2321.00;60
5484;16;5247664;5484;458;6754;6817;5.03;0.31;310.55;4.75;1270;25;2322.00;63
5490;16;5247678;5490;453;6756;6817;5.02;0.31;310.80;4.76;1266;25;2323.00;61
5491;16;5247692;5491;447;6757;6817;5.08;0.31;310.82;4.76;1266;25;2324.00;60
5498;16;5247707;5498;446;6761;6821;5.09;0.31;311.02;4.76;1263;25;2325.00;60
5500;16;5247722;5500;443;6762;6822;5.12;0.32;311.15;4.76;1262;25;2326.00;60
5504;16;5247736;5504;444;6762;6822;5.18;0.32;311.35;4.76;1258;25;2327.00;60
5509;16;5247750;5509;435;6764;6826;5.16;0.32;311.55;4.77;1255;25;2328.00;62
5513;16;5247765;5513;430;6765;6826;5.19;0.32;311.56;4.77;1252;25;2329.00;61
5521;16;5247779;5521;425;6765;6826;5.16;0.32;311.67;4.77;1244;25;2330.00;61
5525;16;5247794;5525;429;6765;6827;5.18;0.32;311.69;4.77;1240;25;2331.00;62
5530;16;5247809;5530;426;6766;6827;5.18;0.32;311.81;4.77;1236;25;2332.00;61
5534;16;5247823;5534;421;6769;6833;5.24;0.32;312.01;4.77;1235;25;2333.00;64
5539;16;5247837;5539;427;6769;6833;5.31;0.33;312.09;4.77;1230;25;2334.00;64
5542;16;5247853;5542;422;6769;6834;5.35;0.33;312.24;4.77;1227;25;2335.00;65
5544;16;5247867;5544;425;6769;6834;5.38;0.33;312.28;4.77;1225;25;2336.00;65
5549;16;5247880;5549;426;6769;6834;5.38;0.33;312.35;4.77;1220;25;2337.00;65
5552;16;5247895;5552;425;6769;6834;5.42;0.33;312.48;4.77;1217;25;2338.00;65
5556;16;5247909;5556;426;6770;6834;5.43;0.33;312.63;4.79;1214;25;2339.00;64
5559;16;5247924;5559;428;6792;6870;5.53;0.34;312.65;4.78;1233;25;2340.00;78
5562;16;5247940;5562;427;6793;6870;5.55;0.34;312.80;4.78;1231;25;2341.00;77
5567;16;5247955;5567;422;6795;6870;5.57;0.34;312.97;4.78;1228;25;2342.00;75
5573;16;5247968;5573;424;6796;6870;5.62;0.34;313.13;4.78;1223;25;2343.00;74
5576;16;5247982;5576;418;6798;6870;5.66;0.35;313.27;4.78;1222;25;2344.00;72
5579;16;5247995;5579;424;6802;6870;5.65;0.34;313.34;4.79;1223;25;2345.00;68
5586;16;5248009;5586;425;6806;6874;5.65;0.34;313.63;4.79;1220;25;2346.00;68
5587;16;5248023;5587;426;6807;6874;5.66;0.35;313.69;4.79;1220;25;2347.00;67
5590;16;5248037;5590;426;6811;6878;5.68;0.35;313.67;4.80;1221;25;2348.00;67
5591;16;5248050;5591;428;6812;6879;5.67;0.35;313.67;4.80;1221;25;2349.00;67
5595;16;5248064;5595;434;6814;6879;5.62;0.34;313.76;4.80;1219;25;2350.00;65
5600;16;5248077;5600;444;6815;6879;5.58;0.34;313.71;4.80;1215;25;2351.00;64
5608;16;5248092;5608;448;6826;6892;5.48;0.33;314.04;4.80;1218;25;2352.00;66
5609;16;5248106;5609;454;6827;6892;5.45;0.33;314.02;4.80;1218;25;2353.00;65
5612;16;5248120;5612;460;6831;6892;5.45;0.33;314.16;4.83;1219;25;2354.00;61
5612;16;5248139;5612;474;6832;6893;5.45;0.33;314.16;4.83;1220;25;2355.00;61
5614;16;5248157;5614;481;6833;6894;5.39;0.33;314.18;4.83;1219;25;2356.00;61
5617;16;5248171;5617;480;6833;6894;5.36;0.33;314.32;4.83;1216;25;2357.00;61
5621;16;5248186;5621;480;6835;6897;5.34;0.32;314.44;4.82;1214;25;2358.00;62
5626;16;5248202;5626;490;6836;6897;5.30;0.32;314.45;4.82;1210;25;2359.00;61
5629;16;5248216;5629;493;6836;6897;5.22;0.32;314.49;4.82;1207;25;2360.00;61
5629;16;5248230;5629;500;6836;6897;5.24;0.32;314.49;4.82;1207;25;2361.00;61
5634;16;5248244;5634;502;6841;6903;5.17;0.31;314.45;4.82;1207;25;2362.00;62
5641;16;5248260;5641;502;6841;6903;5.07;0.31;314.66;4.82;1200;25;2363.00;62
5643;16;5248273;5643;503;6841;6903;5.06;0.31;314.75;4.82;1198;25;2364.00;62
5647;16;5248287;5647;505;6841;6903;5.02;0.30;314.72;4.82;1194;25;2365.00;62
5648;16;5248301;5648;496;6844;6907;4.96;0.30;314.77;4.82;1196;25;2366.00;63
5649;16;5248315;5649;491;6845;6908;4.98;0.30;314.83;4.82;1196;25;2367.00;63
5655;16;5248328;5655;489;6845;6908;4.92;0.30;315.06;4.82;1190;25;2368.00;63
5656;16;5248343;5656;489;6846;6909;4.91;0.30;315.04;4.82;1190;25;2369.00;63
5658;16;5248361;5658;495;6846;6909;4.86;0.30;315.20;4.82;1188;25;2370.00;63
5659;16;5248375;5659;501;6846;6909;4.85;0.30;315.21;4.82;1187;25;2371.00;63
5663;16;5248390;5663;506;6846;6909;4.83;0.29;315.38;4.82;1183;25;2372.00;63
5664;16;5248404;5664;507;6846;6909;4.83;0.29;315.44;4.82;1182;25;2373.00;63
5666;16;5248417;5666;511;6846;6909;4.84;0.30;315.57;4.82;1180;25;2374.00;63
5669;16;5248430;5669;511;6846;6909;4.84;0.30;315.54;4.82;1177;25;2375.00;63
5672;16;5248444;5672;527;6884;6979;4.91;0.30;315.64;4.79;1212;25;2376.00;95
5676;16;5248463;5676;520;6885;6980;4.96;0.31;315.83;4.79;1209;25;2377.00;95
5679;16;5248478;5679;509;6890;6980;5.04;0.31;315.84;4.79;1211;25;2378.00;90
5683;16;5248492;5683;505;6891;6980;5.04;0.31;315.85;4.79;1208;25;2379.00;89
5685;16;5248507;5685;511;6895;6980;5.10;0.31;315.86;4.82;1210;25;2380.00;85
5686;16;5248521;5686;504;6896;6980;5.16;0.32;315.89;4.82;1210;25;2381.00;84
5688;16;5248536;5688;511;6900;6980;5.21;0.32;315.94;4.82;1212;25;2382.00;80
5692;16;5248549;5692;505;6902;6980;5.23;0.32;315.92;4.82;1210;25;2383.00;78
5693;16;5248562;5693;509;6905;6981;5.29;0.32;315.99;4.82;1212;25;2384.00;76
5697;16;5248575;5697;513;6909;6983;5.31;0.32;316.09;4.82;1212;25;2385.00;74
5700;16;5248588;5700;516;6913;6983;5.31;0.32;316.04;4.86;1213;25;2386.00;70
5704;16;5248602;5704;524;6918;6987;5.22;0.32;316.10;4.86;1214;25;2387.00;69
5704;16;5248616;5704;532;6919;6987;5.22;0.32;316.10;4.86;1215;25;2388.00;68
5706;16;5248629;5706;542;6921;6987;5.16;0.32;316.07;4.88;1215;25;2389.00;66
5707;16;5248641;5707;541;6921;6987;5.10;0.31;316.11;4.88;1214;25;2390.00;66
5708;16;5248654;5708;537;6926;6993;5.11;0.31;316.06;4.88;1218;25;2391.00;67
5710;16;5248668;5710;542;6926;6993;5.09;0.31;316.09;4.88;1216;25;2392.00;67
5712;16;5248681;5712;543;6926;6993;5.04;0.31;316.05;4.88;1214;25;2393.00;67
5716;16;5248694;5716;553;6928;6996;5.03;0.31;316.02;4.88;1212;25;2394.00;68
5718;16;5248707;5718;569;6928;6996;4.96;0.30;316.03;4.88;1210;25;2395.00;68
5720;16;5248722;5720;565;6929;6996;4.90;0.30;316.01;4.87;1209;25;2396.00;67
5721;16;5248734;5721;565;6929;6997;4.80;0.29;316.02;4.87;1208;25;2397.00;68
5724;16;5248747;5724;566;6931;6998;4.70;0.29;315.96;4.89;1207;25;2398.00;67
5724;16;5248760;5724;573;6931;6998;4.64;0.28;315.96;4.89;1207;25;2399.00;67
5729;16;5248776;5729;586;6956;7057;4.57;0.28;315.95;4.87;1227;25;2400.00;101
5731;16;5248801;5731;572;6956;7057;4.57;0.28;315.96;4.87;1225;25;2401.00;101
5732;16;5248815;5732;567;6958;7057;4.62;0.28;315.94;4.87;1226;25;2402.00;99
5735;16;5248828;5735;571;6959;7058;4.58;0.28;315.90;4.87;1224;25;2403.00;99
5737;16;5248841;5737;565;6962;7058;4.58;0.28;315.89;4.87;1225;25;2404.00;96
5740;16;5248853;5740;557;6964;7062;4.57;0.28;315.93;4.87;1224;25;2405.00;98
5740;16;5248867;5740;560;6966;7062;4.59;0.28;315.93;4.87;1226;25;2406.00;96
5743;16;5248880;5743;557;6969;7066;4.65;0.28;315.92;4.86;1226;25;2407.00;97
5745;16;5248894;5745;556;6969;7066;4.70;0.29;315.91;4.86;1224;25;2408.00;97
5748;16;5248908;5748;552;6969;7066;4.72;0.29;315.85;4.86;1221;25;2409.00;97
5751;16;5248921;5751;554;6971;7066;4.74;0.29;315.79;4.87;1220;25;2410.00;95
5753;16;5248935;5753;550;6971;7066;4.75;0.29;315.80;4.87;1218;25;2411.00;95
5754;16;5248948;5754;551;6980;7078;4.88;0.30;315.81;4.86;1226;25;2412.00;98
5757;16;5248961;5757;555;6981;7078;4.89;0.30;315.93;4.86;1224;25;2413.00;97
5758;16;5248974;5758;552;6982;7078;4.98;0.30;315.92;4.88;1224;25;2414.00;96
5763;16;5248986;5763;549;6983;7078;4.97;0.30;315.85;4.91;1220;25;2415.00;95
5765;16;5249000;5765;549;6985;7078;4.97;0.30;315.83;4.92;1220;25;2416.00;93
5769;16;5249013;5769;545;6986;7078;4.96;0.30;315.74;4.92;1217;25;2417.00;92
5771;16;5249026;5771;539;6986;7079;5.03;0.31;315.67;4.92;1215;25;2418.00;93
5772;16;5249039;5772;520;6986;7079;5.06;0.31;315.71;4.92;1214;25;2419.00;93
5777;16;5249053;5777;508;6990;7085;5.11;0.31;315.68;4.93;1213;25;2420.00;95
5778;16;5249067;5778;501;6993;7086;5.12;0.31;315.79;4.93;1215;25;2421.00;93
5780;16;5249081;5780;500;6996;7086;5.14;0.31;315.85;4.94;1216;25;2422.00;90
5781;16;5249095;5781;493;6998;7086;5.14;0.31;315.80;4.94;1217;25;2423.00;88
5782;16;5249110;5782;485;6999;7090;5.19;0.32;315.79;4.94;1217;25;2424.00;91
5783;16;5249124;5783;480;7000;7090;5.18;0.32;315.74;4.94;1217;25;2425.00;90
5787;16;5249154;5787;485;7002;7090;5.19;0.32;315.59;4.94;1215;25;2426.00;88
5788;16;5249168;5788;481;7004;7091;5.22;0.32;315.60;4.94;1216;25;2427.00;87
5790;16;5249181;5790;479;7008;7095;5.23;0.32;315.59;4.94;1218;25;2428.00;87
5790;16;5249194;5790;476;7008;7095;5.29;0.32;315.59;4.94;1218;25;2429.00;87
5792;16;5249209;5792;473;7013;7101;5.34;0.33;315.54;4.94;1221;25;2430.00;88
5794;16;5249224;5794;469;7013;7101;5.37;0.33;315.50;4.94;1219;25;2431.00;88
5795;16;5249238;5795;464;7014;7101;5.39;0.33;315.45;4.94;1219;25;2432.00;87
5796;16;5249251;5796;466;7017;7101;5.42;0.33;315.47;4.99;1221;25;2433.00;84
5797;16;5249271;5797;466;7021;7105;5.49;0.33;315.51;4.98;1224;25;2434.00;84
5799;16;5249285;5799;465;7021;7105;5.46;0.33;315.46;4.98;1222;25;2435.00;84
5801;16;5249298;5801;458;7022;7105;5.43;0.33;315.54;5.02;1221;25;2436.00;83
5801;16;5249311;5801;455;7022;7105;5.39;0.33;315.54;5.02;1221;25;2437.00;83
5802;16;5249325;5802;459;7022;7106;5.33;0.32;315.57;5.02;1220;25;2438.00;84
5803;16;5249338;5803;468;7025;7107;5.27;0.32;315.63;5.03;1222;25;2439.00;82
5803;16;5249351;5803;468;7026;7107;5.29;0.32;315.63;5.07;1223;25;2440.00;81
5806;16;5249363;5806;464;7027;7108;5.30;0.32;315.62;5.07;1221;25;2441.00;81
5809;16;5249376;5809;467;7028;7108;5.26;0.32;315.67;5.11;1219;25;2442.00;80
5813;16;5249390;5813;468;7028;7108;5.20;0.32;315.67;5.11;1215;25;2443.00;80
5815;16;5249402;5815;471;7029;7108;5.19;0.32;315.64;5.15;1214;25;2444.00;79
5817;16;5249415;5817;478;7032;7108;5.18;0.32;315.64;5.16;1215;25;2445.00;76
5818;16;5249426;5818;474;7032;7108;5.16;0.32;315.65;5.16;1214;25;2446.00;76
5821;16;5249438;5821;479;7033;7108;5.12;0.31;315.69;5.20;1212;25;2447.00;75
5823;16;5249451;5823;497;7095;7235;5.39;0.33;315.73;5.20;1272;25;2448.00;140
5824;16;5249473;5824;496;7097;7236;5.42;0.34;315.76;5.23;1273;25;2449.00;139
5829;16;5249486;5829;493;7108;7236;5.49;0.34;315.71;5.23;1279;26;2450.00;128
5829;16;5249504;5829;496;7115;7236;5.54;0.34;315.71;5.27;1286;26;2451.00;121
5832;16;5249516;5832;490;7123;7236;5.52;0.34;315.73;5.30;1291;26;2452.00;113
5834;16;5249529;5834;484;7127;7236;5.49;0.34;315.86;5.30;1293;26;2453.00;109
5836;16;5249543;5836;485;7131;7236;5.47;0.34;315.85;5.34;1295;26;2454.00;105
5839;16;5249556;5839;482;7135;7236;5.40;0.33;315.79;5.38;1296;26;2455.00;101
5842;16;5249577;5842;484;7138;7237;5.32;0.33;315.94;5.42;1296;26;2456.00;99
5846;16;5249591;5846;493;7142;7238;5.25;0.32;316.02;5.42;1296;26;2457.00;96
5847;16;5249606;5847;490;7145;7238;5.23;0.32;315.97;5.46;1298;26;2458.00;93
5854;16;5249620;5854;500;7148;7239;5.13;0.31;316.24;5.49;1294;26;2459.00;91
5855;16;5249667;5855;501;7154;7239;5.10;0.31;316.32;5.51;1299;26;2460.00;85
5857;16;5249685;5857;498;7155;7239;5.13;0.31;316.46;5.51;1298;26;2461.00;84
5861;16;5249700;5861;505;7157;7239;5.12;0.31;316.44;5.51;1296;26;2462.00;82
5863;16;5249714;5863;503;7160;7243;5.16;0.32;316.42;5.51;1297;26;2463.00;83
5865;16;5249728;5865;507;7161;7243;5.17;0.32;316.42;5.51;1296;26;2464.00;82
5868;16;5249742;5868;512;7162;7243;5.15;0.32;316.57;5.51;1294;26;2465.00;81
5871;16;5249758;5871;517;7167;7246;5.15;0.32;316.68;5.52;1296;26;2466.00;79
5871;16;5249772;5871;517;7167;7246;5.12;0.31;316.68;5.52;1296;26;2467.00;79
5875;16;5249791;5875;522;7170;7246;5.09;0.31;316.74;5.53;1295;26;2468.00;76
5877;16;5249805;5877;530;7174;7250;5.04;0.31;316.83;5.53;1297;26;2469.00;76
5878;16;5249819;5878;534;7176;7251;5.05;0.31;316.83;5.53;1298;26;2470.00;75
5880;16;5249833;5880;539;7176;7251;5.07;0.31;316.79;5.53;1296;26;2471.00;75
5887;16;5249847;5887;540;7180;7255;5.01;0.31;316.93;5.53;1293;26;2472.00;75
5889;16;5249861;5889;539;7180;7255;4.99;0.30;316.93;5.53;1291;26;2473.00;75
5891;16;5249874;5891;548;7181;7255;4.97;0.30;316.98;5.53;1290;26;2474.00;74
5894;16;5249887;5894;541;7182;7257;4.91;0.30;317.06;5.53;1288;26;2475.00;75
5895;16;5249901;5895;537;7183;7257;4.91;0.30;317.08;5.53;1288;26;2476.00;74
5899;16;5249914;5899;533;7188;7263;4.91;0.30;317.12;5.53;1289;26;2477.00;75
5901;16;5249930;5901;533;7188;7263;4.93;0.30;317.24;5.53;1287;26;2478.00;75
5903;16;5249943;5903;526;7188;7264;4.87;0.30;317.34;5.53;1285;26;2479.00;76
5907;16;5249958;5907;527;7188;7264;4.80;0.29;317.58;5.53;1281;26;2480.00;76
5910;16;5249972;5910;529;7188;7264;4.79;0.29;317.59;5.53;1278;26;2481.00;76
5915;16;5249986;5915;520;7188;7264;4.80;0.29;317.68;5.53;1273;26;2482.00;76
5921;16;5250000;5921;509;7188;7264;4.83;0.29;318.03;5.53;1267;26;2483.00;76
5924;16;5250015;5924;495;7196;7276;4.89;0.30;318.05;5.52;1272;26;2484.00;80
5927;16;5250031;5927;488;7198;7276;4.97;0.30;318.27;5.52;1271;26;2485.00;78
5930;16;5250046;5930;485;7198;7276;5.05;0.31;318.38;5.52;1268;26;2486.00;78
5934;16;5250061;5934;477;7198;7276;5.10;0.31;318.56;5.52;1264;26;2487.00;78
5938;16;5250077;5938;467;7198;7276;5.10;0.31;318.81;5.52;1260;26;2488.00;78
5941;16;5250091;5941;467;7198;7276;5.12;0.31;318.98;5.52;1257;26;2489.00;78
5945;16;5250108;5945;458;7201;7280;5.11;0.31;319.07;5.52;1256;26;2490.00;79
5947;16;5250122;5947;448;7201;7280;5.16;0.31;319.19;5.52;1254;26;2491.00;79
5949;16;5250137;5949;450;7204;7284;5.24;0.32;319.30;5.51;1255;26;2492.00;80
5952;16;5250152;5952;450;7205;7285;5.25;0.32;319.41;5.51;1253;26;2493.00;80
5955;16;5250167;5955;445;7205;7285;5.29;0.32;319.51;5.51;1250;26;2494.00;80
5958;16;5250181;5958;436;7205;7285;5.34;0.32;319.64;5.51;1247;26;2495.00;80
5961;16;5250196;5961;446;7213;7298;5.45;0.33;319.73;5.51;1252;26;2496.00;85
5967;16;5250211;5967;440;7215;7298;5.48;0.33;319.96;5.51;1248;26;2497.00;83
5969;16;5250251;5969;441;7215;7298;5.50;0.33;319.99;5.51;1246;26;2498.00;83
5974;16;5250269;5974;443;7216;7299;5.48;0.33;320.10;5.51;1242;26;2499.00;83
5977;16;5250284;5977;441;7216;7300;5.45;0.33;320.22;5.51;1239;26;2500.00;84
5979;16;5250303;5979;443;7216;7300;5.45;0.33;320.25;5.51;1237;26;2501.00;84
5986;16;5250318;5986;448;7217;7303;5.44;0.33;320.45;5.50;1231;26;2502.00;86
5989;16;5250332;5989;451;7217;7303;5.41;0.33;320.44;5.50;1228;26;2503.00;86
5995;16;5250346;5995;457;7217;7303;5.39;0.33;320.59;5.50;1222;26;2504.00;86
6000;16;5250361;6000;457;7217;7303;5.36;0.33;320.84;5.50;1217;26;2505.00;86
6005;16;5250375;6005;459;7222;7309;5.33;0.33;320.90;5.52;1217;26;2506.00;87
6013;16;5250390;6013;457;7222;7309;5.25;0.32;320.93;5.52;1209;26;2507.00;87
6018;16;5250404;6018;464;7223;7309;5.22;0.32;321.09;5.52;1205;26;2508.00;86
6020;16;5250418;6020;468;7223;7309;5.26;0.32;321.08;5.52;1203;26;2509.00;86
6024;16;5250431;6024;459;7226;7313;5.28;0.32;321.25;5.52;1202;26;2510.00;87
6028;16;5250446;6028;465;7226;7314;5.30;0.32;321.24;5.52;1198;26;2511.00;88
6030;16;5250460;6030;462;7226;7314;5.33;0.33;321.31;5.52;1196;26;2512.00;88
6036;16;5250474;6036;463;7227;7315;5.27;0.32;321.32;5.52;1191;26;2513.00;88
6042;16;5250488;6042;460;7228;7315;5.27;0.32;321.49;5.52;1186;26;2514.00;87
6049;16;5250501;6049;463;7228;7315;5.17;0.31;321.46;5.52;1179;26;2515.00;87
6051;16;5250515;6051;469;7229;7315;5.17;0.31;321.58;5.52;1178;26;2516.00;86
6053;16;5250528;6053;476;7229;7315;5.13;0.31;321.63;5.52;1176;26;2517.00;86
6057;16;5250542;6057;490;7230;7315;5.12;0.31;321.79;5.53;1173;26;2518.00;85
6059;16;5250555;6059;500;7230;7315;5.06;0.31;321.87;5.53;1171;26;2519.00;85
6062;16;5250570;6062;526;7299;7440;5.18;0.32;321.90;5.48;1237;26;2520.00;141
6064;16;5250592;6064;538;7301;7441;5.11;0.31;321.86;5.47;1237;26;2521.00;140
6066;16;5250605;6066;528;7308;7441;5.10;0.31;321.87;5.48;1242;26;2522.00;133
6067;16;5250618;6067;525;7312;7441;5.10;0.31;321.89;5.48;1245;26;2523.00;129
6072;16;5250630;6072;531;7317;7441;5.06;0.31;322.13;5.48;1245;26;2524.00;124
6073;16;5250649;6073;532;7319;7441;5.04;0.31;322.15;5.48;1246;26;2525.00;122
6075;16;5250661;6075;533;7324;7441;5.03;0.31;322.16;5.48;1249;26;2526.00;117
6077;16;5250674;6077;533;7326;7441;4.99;0.31;322.29;5.48;1249;26;2527.00;115
6079;16;5250687;6079;536;7332;7442;4.97;0.31;322.45;5.48;1253;26;2528.00;110
6084;16;5250700;6084;539;7333;7443;4.92;0.30;322.53;5.48;1249;26;2529.00;110
6085;16;5250714;6085;532;7336;7443;4.93;0.30;322.64;5.48;1251;26;2530.00;107
6087;16;5250732;6087;526;7339;7447;4.91;0.30;322.69;5.48;1252;26;2531.00;108
6087;16;5250745;6087;526;7341;7447;4.91;0.30;322.69;5.48;1254;26;2532.00;106
6093;16;5250763;6093;523;7341;7447;4.90;0.30;322.85;5.48;1248;26;2533.00;106
6095;16;5250782;6095;517;7342;7447;4.92;0.30;322.84;5.48;1247;26;2534.00;105
6096;16;5250795;6096;524;7346;7453;4.92;0.30;322.85;5.48;1250;26;2535.00;107
6102;16;5250809;6102;530;7346;7453;4.88;0.30;322.86;5.48;1244;26;2536.00;107
6103;16;5250823;6103;534;7348;7455;4.87;0.30;322.92;5.48;1245;26;2537.00;107
6108;16;5250836;6108;543;7350;7458;4.85;0.30;323.02;5.48;1242;26;2538.00;108
6112;16;5250850;6112;537;7351;7458;4.88;0.30;323.22;5.48;1239;26;2539.00;107
6117;16;5250864;6117;541;7352;7458;4.89;0.30;323.23;5.48;1235;26;2540.00;106
6118;16;5250877;6118;551;7352;7459;4.92;0.30;323.30;5.48;1234;26;2541.00;107
6120;16;5250890;6120;546;7353;7460;4.98;0.30;323.23;5.48;1233;26;2542.00;107
6122;16;5250903;6122;546;7353;7460;5.02;0.31;323.21;5.48;1231;26;2543.00;107
6125;16;5250918;6125;539;7364;7473;5.06;0.31;323.24;5.47;1239;26;2544.00;109
6127;16;5250932;6127;540;7364;7473;5.09;0.31;323.26;5.47;1237;26;2545.00;109
6128;16;5250946;6128;540;7364;7473;5.16;0.32;323.28;5.47;1236;26;2546.00;109
6131;16;5250959;6131;538;7366;7474;5.21;0.32;323.15;5.47;1235;26;2547.00;108
6131;16;5250973;6131;530;7366;7474;5.23;0.32;323.15;5.47;1235;26;2548.00;108
6132;16;5250986;6132;529;7369;7478;5.26;0.32;323.16;5.47;1237;26;2549.00;109
6134;16;5251002;6134;530;7372;7481;5.25;0.32;323.29;5.46;1238;27;2550.00;109
6135;16;5251027;6135;527;7376;7485;5.23;0.32;323.30;5.46;1241;27;2551.00;109
6139;16;5251040;6139;529;7376;7485;5.24;0.32;323.33;5.46;1237;27;2552.00;109
6143;16;5251054;6143;533;7376;7485;5.20;0.32;323.41;5.46;1233;27;2553.00;109
6145;16;5251067;6145;535;7376;7485;5.17;0.32;323.40;5.46;1231;27;2554.00;109
6151;16;5251080;6151;539;7376;7485;5.14;0.31;323.32;5.46;1225;27;2555.00;109
6152;16;5251094;6152;545;7387;7497;5.16;0.32;323.28;5.45;1235;27;2556.00;110
6154;16;5251108;6154;550;7387;7497;5.13;0.31;323.25;5.45;1233;27;2557.00;110
6154;16;5251121;6154;550;7387;7497;5.13;0.31;323.25;5.45;1233;27;2558.00;110
6157;16;5251134;6157;553;7387;7497;5.08;0.31;323.38;5.45;1230;27;2559.00;110
6161;16;5251147;6161;561;7387;7497;5.00;0.30;323.35;5.45;1226;27;2560.00;110
6164;16;5251160;6164;566;7387;7497;4.93;0.30;323.32;5.45;1223;27;2561.00;110
6165;16;5251173;6165;568;7387;7498;4.84;0.29;323.29;5.45;1222;27;2562.00;111
6165;16;5251187;6165;571;7387;7498;4.78;0.29;323.29;5.45;1222;27;2563.00;111
6167;16;5251200;6167;571;7392;7504;4.73;0.29;323.27;5.45;1225;27;2564.00;112
6167;16;5251216;6167;570;7394;7506;4.65;0.28;323.27;5.45;1227;27;2565.00;112
6168;16;5251230;6168;553;7394;7506;4.60;0.28;323.25;5.45;1226;27;2566.00;112
6171;16;5251243;6171;537;7394;7506;4.56;0.28;323.25;5.45;1223;27;2567.00;112
6171;16;5251256;6171;530;7397;7510;4.56;0.28;323.25;5.45;1226;27;2568.00;113
6172;16;5251269;6172;514;7397;7510;4.56;0.28;323.25;5.45;1225;27;2569.00;113
6174;16;5251283;6174;511;7397;7510;4.60;0.28;323.32;5.45;1223;27;2570.00;113
6174;16;5251297;6174;500;7398;7511;4.65;0.28;323.32;5.45;1224;27;2571.00;113
6176;16;5251310;6176;488;7401;7515;4.66;0.28;323.45;5.44;1225;27;2572.00;114
6177;16;5251330;6177;481;7401;7515;4.72;0.29;323.40;5.44;1224;27;2573.00;114
6179;16;5251343;6179;473;7403;7518;4.80;0.29;323.49;5.44;1224;27;2574.00;115
6179;16;5251358;6179;469;7403;7518;4.87;0.30;323.49;5.44;1224;27;2575.00;115
6182;16;5251371;6182;462;7404;7518;4.93;0.30;323.48;5.44;1222;27;2576.00;114
6185;16;5251385;6185;457;7404;7518;4.94;0.30;323.48;5.44;1219;27;2577.00;114
6186;16;5251403;6186;454;7408;7522;5.05;0.31;323.58;5.44;1222;27;2578.00;114
6189;16;5251418;6189;447;7409;7522;5.07;0.31;323.56;5.49;1220;27;2579.00;113
6191;16;5251435;6191;444;7410;7522;5.11;0.31;323.57;5.54;1219;27;2580.00;112
6191;16;5251451;6191;444;7410;7522;5.14;0.31;323.57;5.54;1219;27;2581.00;112
6193;16;5251464;6193;441;7410;7523;5.17;0.31;323.54;5.54;1217;27;2582.00;113
6195;16;5251482;6195;435;7411;7524;5.19;0.31;323.59;5.54;1216;27;2583.00;113
6196;16;5251496;6196;438;7411;7524;5.23;0.32;323.58;5.54;1215;27;2584.00;113
6201;16;5251511;6201;434;7412;7525;5.26;0.32;323.54;5.54;1211;27;2585.00;113
6203;16;5251532;6203;434;7412;7525;5.24;0.32;323.47;5.54;1209;27;2586.00;113
6205;16;5251552;6205;433;7412;7525;5.31;0.32;323.49;5.54;1207;27;2587.00;113
6209;16;5251564;6209;434;7412;7525;5.30;0.32;323.66;5.54;1203;27;2588.00;113
6209;16;5251578;6209;431;7412;7525;5.35;0.32;323.66;5.54;1203;27;2589.00;113
6209;16;5251591;6209;431;7412;7525;5.39;0.33;323.66;5.54;1203;27;2590.00;113
6210;16;5251605;6210;433;7412;7525;5.41;0.33;323.67;5.54;1202;27;2591.00;113
6213;16;5251617;6213;447;7479;7652;5.67;0.35;323.59;5.49;1266;27;2592.00;173
6215;16;5251640;6215;435;7482;7653;5.70;0.35;323.63;5.48;1267;27;2593.00;171
6218;16;5251654;6218;431;7490;7653;5.74;0.35;323.61;5.48;1272;27;2594.00;163
6218;16;5251667;6218;432;7496;7653;5.78;0.35;323.61;5.48;1278;27;2595.00;157
6221;16;5251680;6221;423;7501;7653;5.78;0.35;323.75;5.48;1280;27;2596.00;152
6221;16;5251694;6221;416;7503;7653;5.82;0.36;323.75;5.48;1282;27;2597.00;150
6223;16;5251707;6223;405;7505;7653;5.80;0.36;323.74;5.48;1282;27;2598.00;148
6226;16;5251721;6226;415;7507;7653;5.85;0.36;323.75;5.48;1281;27;2599.00;146
6229;16;5251742;6229;418;7510;7654;5.91;0.36;323.91;5.48;1281;27;2600.00;144
6229;16;5251761;6229;418;7515;7655;5.98;0.37;323.91;5.48;1286;27;2601.00;140
6232;16;5251775;6232;413;7519;7655;6.01;0.37;324.09;5.53;1287;27;2602.00;136
6235;16;5251789;6235;423;7520;7656;5.96;0.37;324.19;5.53;1285;27;2603.00;136
6238;16;5251804;6238;425;7522;7656;5.90;0.36;324.17;5.54;1284;27;2604.00;134
6240;16;5251817;6240;422;7525;7656;5.86;0.36;324.25;5.63;1285;27;2605.00;131
6243;17;5251831;6243;429;7527;7656;5.80;0.36;324.42;5.63;1284;28;2606.00;129
6244;17;5251862;6244;433;7535;7660;5.75;0.35;324.37;5.68;1291;28;2607.00;125
6248;17;5251877;6248;438;7535;7660;5.69;0.35;324.46;5.68;1287;28;2608.00;125
6250;17;5251891;6250;444;7537;7660;5.62;0.35;324.44;5.73;1287;28;2609.00;123
6253;17;5251909;6253;446;7541;7666;5.63;0.35;324.47;5.78;1288;28;2610.00;125
6258;17;5251926;6258;453;7542;7666;5.61;0.34;324.52;5.78;1284;28;2611.00;124
6258;17;5251943;6258;456;7545;7666;5.64;0.35;324.52;5.83;1287;28;2612.00;121
6259;17;5251963;6259;459;7549;7670;5.71;0.35;324.51;5.83;1290;28;2613.00;121
6264;17;5251978;6264;464;7552;7671;5.70;0.35;324.56;5.92;1288;28;2614.00;119
6266;17;5251993;6266;466;7552;7671;5.69;0.35;324.68;5.92;1286;28;2615.00;119
6267;17;5252012;6267;472;7558;7675;5.66;0.35;324.70;6.01;1291;28;2616.00;117
6272;17;5252030;6272;471;7559;7675;5.66;0.35;324.81;6.01;1287;28;2617.00;116
6272;17;5252046;6272;477;7561;7675;5.64;0.35;324.81;6.06;1289;28;2618.00;114
6275;17;5252061;6275;480;7562;7676;5.61;0.34;324.82;6.06;1287;28;2619.00;114
6276;17;5252076;6276;484;7563;7676;5.58;0.34;324.95;6.10;1287;28;2620.00;113
6280;17;5252091;6280;481;7569;7682;5.58;0.34;325.09;6.14;1289;28;2621.00;113
6282;17;5252108;6282;483;7569;7682;5.57;0.34;325.16;6.14;1287;28;2622.00;113
6287;17;5252123;6287;481;7570;7683;5.50;0.34;325.11;6.19;1283;28;2623.00;113
6291;17;5252138;6291;483;7570;7683;5.48;0.33;325.30;6.19;1279;28;2624.00;113
6295;17;5252153;6295;485;7570;7683;5.45;0.33;325.45;6.19;1275;28;2625.00;113
6296;17;5252168;6296;485;7572;7683;5.45;0.33;325.42;6.27;1276;29;2626.00;111
6299;17;5252191;6299;482;7572;7683;5.41;0.33;325.52;6.27;1273;29;2627.00;111
6300;17;5252205;6300;483;7582;7695;5.45;0.33;325.54;6.27;1282;29;2628.00;113
6303;17;5252220;6303;487;7584;7695;5.43;0.33;325.57;6.35;1281;29;2629.00;111
6305;17;5252235;6305;492;7585;7695;5.47;0.33;325.66;6.35;1280;29;2630.00;110
6306;17;5252248;6306;493;7585;7695;5.49;0.33;325.73;6.35;1279;29;2631.00;110
6309;17;5252261;6309;500;7587;7695;5.48;0.33;325.79;6.43;1278;29;2632.00;108
6310;17;5252274;6310;500;7587;7695;5.49;0.33;325.79;6.43;1277;29;2633.00;108
6314;17;5252287;6314;498;7592;7699;5.50;0.33;325.88;6.52;1278;29;2634.00;107
6316;17;5252302;6316;502;7593;7699;5.53;0.34;326.03;6.56;1277;29;2635.00;106
6321;17;5252316;6321;506;7597;7703;5.53;0.34;326.14;6.56;1276;30;2636.00;106
6323;17;5252344;6323;504;7599;7704;5.51;0.34;326.14;6.60;1276;30;2637.00;105
6325;17;5252358;6325;501;7599;7704;5.43;0.33;326.14;6.60;1274;30;2638.00;105
6328;17;5252372;6328;509;7599;7704;5.31;0.32;326.06;6.60;1271;30;2639.00;105
6337;17;5252391;6337;500;7623;7733;5.24;0.32;326.09;6.66;1286;30;2640.00;110
6340;18;5252409;6340;483;7623;7733;5.22;0.32;326.16;6.66;1283;31;2641.00;110
6342;18;5252445;6342;474;7625;7733;5.26;0.32;326.19;6.66;1283;31;2642.00;108
6346;18;5252461;6346;476;7629;7734;5.30;0.32;326.26;6.74;1283;31;2643.00;105
6348;18;5252484;6348;475;7629;7735;5.32;0.32;326.35;6.74;1281;31;2644.00;106
6352;18;5252506;6352;470;7631;7735;5.35;0.33;326.49;6.81;1279;31;2645.00;104
6355;18;5252526;6355;466;7634;7738;5.42;0.33;326.47;6.81;1279;31;2646.00;104
6360;18;5252543;6360;454;7634;7738;5.45;0.33;326.66;6.81;1274;31;2647.00;104
6362;18;5252561;6362;447;7636;7738;5.44;0.33;326.77;6.89;1274;31;2648.00;102
6367;18;5252577;6367;442;7636;7738;5.44;0.33;326.97;6.89;1269;31;2649.00;102
6372;18;5252593;6372;444;7643;7744;5.41;0.33;327.17;6.96;1271;31;2650.00;101
6375;18;5252611;6375;441;7643;7744;5.34;0.33;327.34;6.96;1268;31;2651.00;101
6379;18;5252627;6379;437;7645;7744;5.27;0.32;327.46;7.04;1266;31;2652.00;99
6382;18;5252642;6382;438;7645;7744;5.19;0.32;327.61;7.04;1263;31;2653.00;99
6383;18;5252658;6383;442;7648;7748;5.23;0.32;327.74;7.03;1265;31;2654.00;100
6387;18;5252674;6387;442;7650;7750;5.25;0.32;327.88;7.03;1263;31;2655.00;100
6389;18;5252689;6389;452;7650;7750;5.21;0.32;328.04;7.03;1261;31;2656.00;100
6395;18;5252704;6395;455;7651;7751;5.20;0.32;328.06;7.03;1256;31;2657.00;100
6398;18;5252720;6398;460;7651;7751;5.20;0.32;328.11;7.03;1253;31;2658.00;100
6399;18;5252737;6399;457;7651;7751;5.23;0.32;328.13;7.03;1252;31;2659.00;100
6406;18;5252752;6406;476;7651;7751;5.18;0.32;328.22;7.03;1245;31;2660.00;100
6409;18;5252767;6409;480;7651;7751;5.20;0.32;328.28;7.03;1242;31;2661.00;100
6417;18;5252783;6417;484;7652;7751;5.15;0.32;328.47;7.07;1235;31;2662.00;99
6420;18;5252800;6420;483;7652;7751;5.14;0.32;328.47;7.07;1232;31;2663.00;99
6426;18;5252818;6426;491;7693;7821;5.15;0.32;328.43;7.03;1267;31;2664.00;128
6429;18;5252838;6429;484;7695;7822;5.11;0.31;328.52;7.03;1266;31;2665.00;127
6433;18;5252854;6433;488;7698;7822;5.10;0.32;328.56;7.03;1265;31;2666.00;124
6440;18;5252867;6440;493;7699;7822;5.09;0.31;328.76;7.03;1259;31;2667.00;123
6442;18;5252882;6442;491;7702;7822;5.16;0.32;328.82;7.03;1260;31;2668.00;120
6447;18;5252895;6447;500;7705;7822;5.21;0.32;328.94;7.02;1258;31;2669.00;117
6452;18;5252911;6452;501;7706;7822;5.19;0.32;329.02;7.02;1254;31;2670.00;116
6462;18;5252925;6462;499;7707;7822;5.14;0.32;329.38;7.02;1245;31;2671.00;115
6465;18;5252939;6465;505;7708;7823;5.10;0.32;329.48;7.02;1243;31;2672.00;115
6471;18;5252952;6471;505;7709;7824;5.00;0.31;329.70;7.02;1238;31;2673.00;115
6473;18;5252966;6473;517;7711;7824;4.97;0.31;329.78;7.02;1238;31;2674.00;113
6479;18;5252979;6479;516;7716;7828;4.88;0.30;330.03;7.02;1237;31;2675.00;112
6480;18;5252993;6480;528;7716;7828;4.87;0.30;330.05;7.02;1236;31;2676.00;112
6483;18;5253006;6483;532;7716;7828;4.83;0.30;330.20;7.02;1233;31;2677.00;112
6489;18;5253021;6489;536;7718;7828;4.76;0.29;330.27;7.06;1229;31;2678.00;110
6493;18;5253035;6493;542;7723;7834;4.73;0.29;330.26;7.06;1230;31;2679.00;111
6497;18;5253049;6497;551;7724;7834;4.66;0.29;330.36;7.06;1227;31;2680.00;110
6501;18;5253062;6501;550;7725;7834;4.58;0.28;330.26;7.06;1224;31;2681.00;109
6503;18;5253075;6503;558;7727;7837;4.53;0.28;330.24;7.06;1224;31;2682.00;110
6505;18;5253093;6505;560;7728;7837;4.47;0.28;330.20;7.06;1223;31;2683.00;109
6506;18;5253107;6506;567;7728;7837;4.45;0.28;330.19;7.06;1222;31;2684.00;109
6509;18;5253120;6509;571;7730;7838;4.38;0.27;330.25;7.06;1221;31;2685.00;108
6511;18;5253133;6511;578;7731;7839;4.36;0.27;330.20;7.06;1220;31;2686.00;108
6517;18;5253146;6517;576;7732;7839;4.31;0.27;330.14;7.06;1215;31;2687.00;107
6519;18;5253160;6519;574;7742;7852;4.41;0.27;330.17;7.05;1223;31;2688.00;110
6523;18;5253174;6523;570;7743;7852;4.40;0.27;330.06;7.05;1220;31;2689.00;109
6526;18;5253189;6526;566;7744;7852;4.42;0.27;329.99;7.05;1218;31;2690.00;108
6530;18;5253203;6530;569;7745;7853;4.40;0.27;329.94;7.05;1215;31;2691.00;108
6532;18;5253216;6532;571;7745;7853;4.43;0.27;329.88;7.05;1213;31;2692.00;108
6537;18;5253228;6537;578;7749;7857;4.48;0.28;329.94;7.05;1212;31;2693.00;108
6540;18;5253242;6540;578;7749;7857;4.49;0.28;329.88;7.05;1209;31;2694.00;108
6547;18;5253255;6547;578;7752;7861;4.48;0.27;329.85;7.04;1205;31;2695.00;109
6548;18;5253268;6548;567;7752;7861;4.51;0.28;329.83;7.04;1204;31;2696.00;109
6552;18;5253281;6552;555;7752;7861;4.46;0.27;329.95;7.04;1200;31;2697.00;109
6552;18;5253294;6552;548;7752;7861;4.49;0.27;329.95;7.04;1200;31;2698.00;109
6555;18;5253307;6555;540;7752;7861;4.51;0.28;329.83;7.04;1197;31;2699.00;109
6556;18;5253323;6556;536;7778;7910;4.61;0.28;329.78;7.02;1222;31;2700.00;132
6556;18;5253344;6556;537;7779;7910;4.68;0.29;329.78;7.02;1223;31;2701.00;131
6557;18;5253359;6557;529;7781;7910;4.77;0.29;329.78;7.02;1224;31;2702.00;129
6559;18;5253372;6559;530;7781;7910;4.81;0.30;329.74;7.02;1222;31;2703.00;129
6561;18;5253385;6561;529;7783;7910;4.86;0.30;329.75;7.02;1222;31;2704.00;127
6562;18;5253399;6562;534;7784;7910;4.89;0.30;329.70;7.02;1222;31;2705.00;126
6563;18;5253413;6563;542;7785;7911;4.90;0.30;329.71;7.02;1222;31;2706.00;126
6565;18;5253428;6565;537;7786;7911;4.88;0.30;329.70;7.02;1221;31;2707.00;125
6567;18;5253441;6567;535;7790;7917;4.93;0.30;329.75;7.02;1223;31;2708.00;127
6570;18;5253456;6570;543;7791;7918;4.91;0.30;329.72;7.01;1221;31;2709.00;127
6572;18;5253469;6572;545;7791;7918;4.88;0.30;329.73;7.01;1219;31;2710.00;127
6573;18;5253484;6573;546;7792;7918;4.89;0.30;329.79;7.01;1219;31;2711.00;126
6575;18;5253499;6575;546;7794;7922;4.89;0.30;329.87;7.01;1219;31;2712.00;128
6576;18;5253515;6576;537;7796;7922;4.89;0.30;329.88;7.05;1220;31;2713.00;126
6576;18;5253532;6576;536;7796;7922;4.87;0.30;329.88;7.05;1220;31;2714.00;126
6576;18;5253550;6576;523;7797;7923;4.87;0.30;329.88;7.05;1221;31;2715.00;126
6576;18;5253565;6576;524;7800;7927;4.89;0.30;329.88;7.05;1224;31;2716.00;127
6576;18;5253580;6576;522;7801;7927;4.95;0.30;329.88;7.05;1225;31;2717.00;126
6580;18;5253595;6580;521;7804;7930;4.98;0.30;330.03;7.05;1224;31;2718.00;126
6583;18;5253616;6583;511;7804;7930;5.00;0.30;330.02;7.05;1221;31;2719.00;126
6584;18;5253637;6584;506;7805;7930;5.05;0.31;330.00;7.05;1221;31;2720.00;125
6586;18;5253653;6586;507;7805;7930;5.07;0.31;330.01;7.05;1219;31;2721.00;125
6587;18;5253667;6587;510;7808;7934;5.10;0.31;330.02;7.05;1221;31;2722.00;126
6587;18;5253683;6587;506;7810;7934;5.14;0.31;330.02;7.05;1223;31;2723.00;124
6588;18;5253698;6588;502;7811;7934;5.17;0.31;330.03;7.05;1223;31;2724.00;123
6588;18;5253713;6588;505;7811;7934;5.22;0.32;330.03;7.05;1223;31;2725.00;123
6588;19;5253726;6588;497;7811;7935;5.27;0.32;330.03;7.05;1223;32;2726.00;124
6590;19;5253753;6590;500;7812;7936;5.31;0.32;330.02;7.05;1222;32;2727.00;124
6591;19;5253768;6591;498;7813;7936;5.31;0.32;330.05;7.05;1222;32;2728.00;123
6592;19;5253788;6592;485;7816;7937;5.33;0.32;330.04;7.09;1224;32;2729.00;121
6593;19;5253809;6593;477;7816;7937;5.33;0.32;330.07;7.09;1223;32;2730.00;121
6596;19;5253823;6596;467;7816;7937;5.26;0.32;330.07;7.09;1220;32;2731.00;121
6597;19;5253840;6597;460;7818;7937;5.29;0.32;330.06;7.09;1221;32;2732.00;119
6599;19;5253857;6599;459;7819;7937;5.29;0.32;330.06;7.10;1220;32;2733.00;118
6601;19;5253874;6601;456;7819;7937;5.32;0.32;330.12;7.10;1218;32;2734.00;118
6604;19;5253890;6604;443;7819;7937;5.38;0.32;330.10;7.10;1215;32;2735.00;118
6608;19;5253907;6608;461;7881;8064;5.49;0.34;330.13;7.04;1273;32;2736.00;183
6610;19;5253933;6610;451;7883;8065;5.54;0.34;330.10;7.04;1273;32;2737.00;182
6613;19;5253952;6613;432;7888;8065;5.60;0.34;330.02;7.04;1275;32;2738.00;177
6614;19;5253972;6614;427;7892;8065;5.67;0.35;330.05;7.04;1278;32;2739.00;173
6614;19;5253991;6614;426;7899;8065;5.79;0.35;330.05;7.03;1285;32;2740.00;166
6617;19;5254007;6617;419;7902;8065;5.86;0.36;330.13;7.03;1285;32;2741.00;163
6619;19;5254024;6619;417;7905;8065;5.87;0.36;330.18;7.03;1286;32;2742.00;160
6622;19;5254042;6622;417;7908;8065;5.90;0.36;330.22;7.03;1286;32;2743.00;157
6623;19;5254063;6623;419;7910;8066;5.96;0.36;330.18;7.03;1287;32;2744.00;156
6626;19;5254079;6626;427;7918;8068;5.91;0.36;330.19;7.13;1292;32;2745.00;150
6626;19;5254096;6626;421;7920;8068;5.94;0.36;330.19;7.13;1294;32;2746.00;148
6630;19;5254111;6630;426;7921;8069;5.94;0.36;330.34;7.13;1291;32;2747.00;148
6636;19;5254125;6636;425;7922;8069;5.89;0.36;330.43;7.13;1286;32;2748.00;147
6640;19;5254140;6640;421;7925;8069;5.89;0.36;330.46;7.13;1285;32;2749.00;144
6642;19;5254155;6642;414;7925;8069;5.85;0.36;330.42;7.13;1283;32;2750.00;144
6644;19;5254169;6644;412;7931;8073;5.89;0.36;330.38;7.13;1287;32;2751.00;142
6646;19;5254184;6646;420;7933;8073;5.91;0.36;330.34;7.14;1287;32;2752.00;140
6648;19;5254204;6648;417;7934;8073;5.90;0.36;330.31;7.14;1286;32;2753.00;139
6649;19;5254219;6649;422;7939;8076;5.91;0.36;330.31;7.14;1290;32;2754.00;137
6653;19;5254233;6653;422;7939;8076;5.87;0.36;330.26;7.14;1286;32;2755.00;137
6654;19;5254248;6654;422;7939;8076;5.89;0.36;330.28;7.14;1285;32;2756.00;137
6655;19;5254262;6655;426;7944;8080;5.89;0.36;330.28;7.14;1289;32;2757.00;136
6659;19;5254282;6659;427;7949;8081;5.90;0.36;330.23;7.15;1290;32;2758.00;132
6661;19;5254298;6661;432;7953;8081;5.88;0.36;330.25;7.15;1292;32;2759.00;128
6662;19;5254315;6662;442;7957;8086;5.90;0.36;330.32;7.15;1295;32;2760.00;129
6664;19;5254331;6664;443;7958;8086;5.86;0.36;330.55;7.15;1294;32;2761.00;128
6664;19;5254346;6664;447;7958;8086;5.87;0.36;330.55;7.15;1294;32;2762.00;128
6665;19;5254362;6665;449;7959;8087;5.85;0.36;330.56;7.15;1294;32;2763.00;128
6667;19;5254387;6667;450;7959;8087;5.82;0.35;330.54;7.15;1292;32;2764.00;128
6670;19;5254402;6670;450;7964;8093;5.86;0.36;330.69;7.14;1294;32;2765.00;129
6672;19;5254418;6672;466;7964;8093;5.86;0.36;330.69;7.14;1292;32;2766.00;129
6672;19;5254433;6672;460;7964;8094;5.83;0.36;330.69;7.14;1292;32;2767.00;130
6673;19;5254448;6673;469;7964;8094;5.84;0.36;330.65;7.14;1291;32;2768.00;130
6676;19;5254463;6676;471;7965;8094;5.81;0.35;330.64;7.19;1289;32;2769.00;129
6677;19;5254477;6677;482;7966;8094;5.83;0.36;330.68;7.24;1289;32;2770.00;128
6681;19;5254491;6681;482;7966;8094;5.81;0.35;330.83;7.24;1285;32;2771.00;128
6682;19;5254505;6682;492;7976;8106;5.89;0.36;330.94;7.23;1294;32;2772.00;130
6685;19;5254520;6685;488;7977;8106;5.89;0.36;331.09;7.28;1292;32;2773.00;129
6687;19;5254534;6687;495;7979;8106;5.89;0.36;331.15;7.33;1292;32;2774.00;127
6690;19;5254549;6690;494;7980;8106;5.87;0.36;331.15;7.38;1290;32;2775.00;126
6697;19;5254563;6697;499;7980;8106;5.82;0.35;331.12;7.38;1283;32;2776.00;126
6698;19;5254578;6698;500;7981;8106;5.83;0.36;331.12;7.42;1283;32;2777.00;125
6700;19;5254592;6700;500;7984;8110;5.82;0.36;331.13;7.42;1284;32;2778.00;126
6704;19;5254608;6704;504;7986;8110;5.78;0.35;331.18;7.51;1282;32;2779.00;124
6706;19;5254623;6706;507;7990;8114;5.80;0.35;331.26;7.51;1284;32;2780.00;124
6708;19;5254638;6708;511;7991;8115;5.78;0.35;331.21;7.51;1283;32;2781.00;124
6712;19;5254651;6712;515;7992;8115;5.74;0.35;331.22;7.56;1280;32;2782.00;123
6715;19;5254665;6715;505;7993;8115;5.67;0.35;331.30;7.60;1278;32;2783.00;122
6719;19;5254679;6719;509;8004;8128;5.65;0.34;331.56;7.64;1285;32;2784.00;124
6722;19;5254695;6722;504;8004;8128;5.64;0.34;331.60;7.64;1282;32;2785.00;124
6727;19;5254709;6727;510;8006;8128;5.63;0.34;331.63;7.68;1279;32;2786.00;122
6730;19;5254724;6730;514;8008;8129;5.61;0.34;331.77;7.73;1278;32;2787.00;121
6735;19;5254738;6735;520;8009;8130;5.59;0.34;331.96;7.77;1274;32;2788.00;121
6737;19;5254753;6737;518;8009;8130;5.61;0.34;332.10;7.77;1272;32;2789.00;121
6740;19;5254768;6740;521;8015;8136;5.58;0.34;332.20;7.81;1275;32;2790.00;121
6745;19;5254782;6745;518;8015;8136;5.57;0.34;332.35;7.81;1270;32;2791.00;121
6745;19;5254797;6745;520;8018;8136;5.61;0.34;332.35;7.89;1273;32;2792.00;118
6747;19;5254811;6747;516;8019;8136;5.66;0.34;332.43;7.94;1272;32;2793.00;117
6749;19;5254825;6749;511;8024;8142;5.77;0.35;332.37;7.93;1275;32;2794.00;118
6752;19;5254841;6752;512;8025;8142;5.75;0.35;332.46;7.97;1273;32;2795.00;117
6756;19;5254855;6756;509;8025;8142;5.72;0.35;332.58;7.97;1269;32;2796.00;117
6757;19;5254869;6757;505;8025;8142;5.72;0.35;332.54;7.97;1268;32;2797.00;117
6762;19;5254883;6762;512;8031;8146;5.61;0.34;332.91;8.10;1269;32;2798.00;115
6766;19;5254897;6766;514;8032;8147;5.56;0.34;333.16;8.10;1266;32;2799.00;115
6767;19;5254911;6767;517;8032;8147;5.52;0.34;333.14;8.10;1265;32;2800.00;115
6769;19;5254928;6769;522;8035;8148;5.48;0.34;333.33;8.18;1266;32;2801.00;113
6776;19;5254941;6776;526;8036;8148;5.33;0.33;333.37;8.23;1260;32;2802.00;112
6781;19;5254955;6781;528;8036;8148;5.20;0.32;333.46;8.23;1255;32;2803.00;112
6784;19;5254968;6784;533;8038;8148;5.07;0.31;333.64;8.31;1254;32;2804.00;110
6788;19;5254981;6788;525;8038;8148;5.00;0.30;333.72;8.31;1250;32;2805.00;110
6790;19;5254995;6790;524;8039;8148;4.97;0.30;333.79;8.35;1249;32;2806.00;109
6794;19;5255008;6794;520;8040;8148;4.94;0.30;333.85;8.38;1246;32;2807.00;108
6799;19;5255021;6799;527;8076;8218;5.06;0.31;334.07;8.35;1277;32;2808.00;142
6801;19;5255040;6801;521;8081;8219;5.01;0.31;334.09;8.42;1280;32;2809.00;138
6805;19;5255054;6805;525;8087;8219;5.01;0.31;334.29;8.41;1282;32;2810.00;132
6810;19;5255067;6810;527;8093;8219;5.02;0.31;334.43;8.44;1283;32;2811.00;126
6812;19;5255080;6812;525;8097;8219;4.98;0.30;334.39;8.47;1285;32;2812.00;122
6815;19;5255094;6815;525;8098;8219;4.95;0.30;334.34;8.47;1283;32;2813.00;121
6818;19;5255108;6818;525;8100;8219;4.92;0.30;334.50;8.47;1282;32;2814.00;119
6821;19;5255122;6821;526;8101;8219;4.92;0.30;334.44;8.47;1280;32;2815.00;118
6826;19;5255136;6826;524;8102;8220;4.86;0.30;334.50;8.47;1276;32;2816.00;118
6833;19;5255150;6833;525;8103;8221;4.81;0.29;334.77;8.47;1270;32;2817.00;118
6834;19;5255164;6834;530;8105;8221;4.77;0.29;334.75;8.47;1271;32;2818.00;116
6836;19;5255177;6836;533;8108;8225;4.79;0.29;334.79;8.47;1272;32;2819.00;117
6840;19;5255192;6840;535;8108;8225;4.76;0.29;334.77;8.47;1268;32;2820.00;117
6845;19;5255206;6845;539;8108;8225;4.72;0.29;334.80;8.47;1263;32;2821.00;117
6848;19;5255220;6848;542;8108;8225;4.72;0.29;334.90;8.47;1260;32;2822.00;117
6853;19;5255233;6853;539;8112;8231;4.68;0.29;334.89;8.47;1259;32;2823.00;119
6855;19;5255248;6855;542;8112;8231;4.67;0.29;334.86;8.47;1257;32;2824.00;119
6861;19;5255262;6861;548;8112;8231;4.64;0.28;334.87;8.47;1251;32;2825.00;119
6864;19;5255276;6864;552;8113;8234;4.61;0.28;334.89;8.46;1249;32;2826.00;121
6866;19;5255290;6866;551;8113;8234;4.61;0.28;334.92;8.46;1247;32;2827.00;121
6869;19;5255304;6869;547;8113;8234;4.60;0.28;334.93;8.46;1244;32;2828.00;121
6871;19;5255318;6871;550;8113;8235;4.54;0.28;334.86;8.46;1242;32;2829.00;122
6876;19;5255331;6876;560;8115;8236;4.52;0.28;334.78;8.51;1239;32;2830.00;121
6879;19;5255346;6879;554;8115;8236;4.47;0.27;334.71;8.51;1236;32;2831.00;121
6885;19;5255359;6885;555;8124;8249;4.47;0.27;334.63;8.50;1239;32;2832.00;125
6887;19;5255375;6887;550;8125;8249;4.48;0.27;334.58;8.50;1238;32;2833.00;124
6889;19;5255388;6889;547;8125;8249;4.45;0.27;334.67;8.50;1236;32;2834.00;124
6892;19;5255402;6892;554;8126;8251;4.39;0.27;334.73;8.50;1234;32;2835.00;125
6893;19;5255415;6893;549;8126;8251;4.36;0.27;334.74;8.50;1233;32;2836.00;125
6900;19;5255429;6900;557;8130;8255;4.32;0.26;334.58;8.50;1230;32;2837.00;125
6901;19;5255443;6901;557;8130;8255;4.28;0.26;334.61;8.50;1229;32;2838.00;125
6903;19;5255456;6903;558;8133;8259;4.28;0.26;334.60;8.49;1230;32;2839.00;126
6904;19;5255469;6904;560;8133;8259;4.25;0.26;334.61;8.49;1229;32;2840.00;126
6908;19;5255484;6908;559;8133;8259;4.22;0.26;334.56;8.49;1225;32;2841.00;126
6912;19;5255497;6912;552;8133;8259;4.17;0.25;334.56;8.49;1221;32;2842.00;126
6913;19;5255510;6913;559;8135;8259;4.14;0.25;334.59;8.50;1222;32;2843.00;124
6917;19;5255522;6917;568;8144;8271;4.17;0.25;334.64;8.49;1227;32;2844.00;127
6920;19;5255537;6920;565;8144;8271;4.13;0.25;334.69;8.49;1224;32;2845.00;127
6923;19;5255551;6923;568;8147;8271;4.09;0.25;334.59;8.54;1224;32;2846.00;124
6926;19;5255563;6926;567;8147;8271;4.03;0.25;334.59;8.54;1221;32;2847.00;124
6928;19;5255576;6928;567;8148;8271;3.97;0.24;334.62;8.54;1220;32;2848.00;123
6929;19;5255588;6929;575;8149;8271;3.92;0.24;334.62;8.54;1220;32;2849.00;122
6930;19;5255603;6930;574;8151;8274;3.87;0.24;334.65;8.54;1221;32;2850.00;123
6935;19;5255616;6935;587;8153;8274;3.83;0.23;334.72;8.55;1218;32;2851.00;121
6937;19;5255629;6937;578;8158;8280;3.83;0.23;334.71;8.54;1221;32;2852.00;122
6939;19;5255645;6939;575;8158;8281;3.81;0.23;334.70;8.54;1219;32;2853.00;123
6940;19;5255658;6940;570;8159;8281;3.83;0.23;334.72;8.55;1219;32;2854.00;122
6941;19;5255671;6941;572;8159;8281;3.81;0.23;334.73;8.55;1218;32;2855.00;122
6942;19;5255691;6942;570;8163;8285;3.88;0.24;334.76;8.55;1221;32;2856.00;122
6946;19;5255705;6946;568;8163;8285;3.92;0.24;334.90;8.55;1217;32;2857.00;122
6947;19;5255718;6947;566;8165;8285;3.96;0.24;334.93;8.59;1218;32;2858.00;120
6947;19;5255731;6947;562;8167;8286;4.05;0.25;334.93;8.59;1220;32;2859.00;119
6949;19;5255744;6949;560;8171;8290;4.13;0.25;334.94;8.59;1222;32;2860.00;119
6949;19;5255757;6949;535;8171;8290;4.25;0.26;334.94;8.59;1222;32;2861.00;119
6951;19;5255776;6951;522;8172;8293;4.37;0.27;334.98;8.58;1221;32;2862.00;121
6951;20;5255795;6951;505;8174;8293;4.49;0.27;334.98;8.59;1223;33;2863.00;119
6955;20;5255821;6955;491;8176;8295;4.60;0.28;334.94;8.58;1221;33;2864.00;119
6955;20;5255839;6955;472;8176;8295;4.76;0.29;334.94;8.58;1221;33;2865.00;119
6955;20;5255853;6955;462;8181;8299;4.95;0.30;334.94;8.58;1226;33;2866.00;118
6956;20;5255868;6956;455;8182;8299;5.14;0.31;334.92;8.62;1226;33;2867.00;117
6956;20;5255882;6956;444;8183;8299;5.31;0.32;334.92;8.62;1227;33;2868.00;116
6956;20;5255897;6956;438;8183;8299;5.44;0.33;334.92;8.62;1227;33;2869.00;116
6956;20;5255911;6956;437;8183;8300;5.51;0.34;334.92;8.62;1227;33;2870.00;117
6956;20;5255930;6956;429;8184;8301;5.57;0.34;334.92;8.62;1228;33;2871.00;117
6962;20;5255951;6962;430;8185;8301;5.55;0.34;334.99;8.66;1223;33;2872.00;116
6962;20;5255965;6962;422;8186;8302;5.61;0.34;334.99;8.66;1224;33;2873.00;116
6964;20;5255980;6964;417;8186;8302;5.62;0.34;334.98;8.66;1222;33;2874.00;116
6965;20;5255995;6965;418;8186;8302;5.63;0.34;334.96;8.66;1221;33;2875.00;116
6966;20;5256009;6966;417;8186;8302;5.64;0.34;334.96;8.66;1220;33;2876.00;116
6967;20;5256024;6967;415;8186;8302;5.64;0.34;334.98;8.66;1219;33;2877.00;116
6969;20;5256038;6969;416;8186;8302;5.66;0.34;334.98;8.66;1217;33;2878.00;116
6969;20;5256052;6969;414;8186;8302;5.72;0.35;334.98;8.66;1217;33;2879.00;116
6973;20;5256073;6973;460;8301;8532;5.98;0.37;335.09;8.58;1328;33;2880.00;231
6975;20;5256105;6975;452;8305;8533;6.03;0.37;335.21;8.58;1330;34;2881.00;228
6976;20;5256133;6976;426;8316;8533;6.13;0.38;335.27;8.57;1340;34;2882.00;217
6980;20;5256154;6980;422;8321;8533;6.13;0.38;335.22;8.57;1341;34;2883.00;212
6984;20;5256174;6984;428;8328;8533;6.14;0.38;335.26;8.56;1344;34;2884.00;205
6984;20;5256190;6984;424;8331;8533;6.13;0.38;335.26;8.56;1347;34;2885.00;202
6988;20;5256206;6988;423;8336;8533;6.11;0.38;335.28;8.56;1348;34;2886.00;197
6991;20;5256227;6991;437;8340;8533;6.05;0.37;335.40;8.56;1349;34;2887.00;193
6996;20;5256244;6996;441;8345;8534;5.96;0.37;335.35;8.56;1349;34;2888.00;189
6998;20;5256261;6998;442;8347;8535;5.93;0.37;335.43;8.56;1349;34;2889.00;188
6999;20;5256276;6999;450;8352;8535;5.87;0.36;335.40;8.56;1353;34;2890.00;183
7001;20;5256292;7001;458;8354;8536;5.82;0.36;335.49;8.56;1353;34;2891.00;182
7003;20;5256307;7003;456;8357;8536;5.78;0.36;335.57;8.56;1354;34;2892.00;179
7004;20;5256324;7004;460;8358;8536;5.74;0.35;335.54;8.56;1354;34;2893.00;178
7006;20;5256343;7006;466;8359;8536;5.74;0.35;335.58;8.56;1353;34;2894.00;177
7010;20;5256367;7010;465;8363;8540;5.73;0.35;335.64;8.57;1353;34;2895.00;177
7010;20;5256393;7010;464;8364;8540;5.76;0.35;335.64;8.57;1354;34;2896.00;176
7011;20;5256415;7011;463;8365;8540;5.74;0.35;335.66;8.57;1354;34;2897.00;175
7015;20;5256436;7015;456;8367;8543;5.75;0.35;335.61;8.61;1352;34;2898.00;176
7018;20;5256459;7018;446;8368;8543;5.76;0.35;335.63;8.61;1350;34;2899.00;175
7020;20;5256494;7020;443;8369;8543;5.75;0.35;335.80;8.61;1349;34;2900.00;174
7024;20;5256538;7024;430;8373;8547;5.80;0.35;336.00;8.61;1349;34;2901.00;174
7028;20;5256579;7028;428;8374;8548;5.79;0.35;335.99;8.61;1346;34;2902.00;174
7030;20;5256615;7030;416;8378;8548;5.83;0.36;336.13;8.62;1348;34;2903.00;170
7032;20;5256635;7032;406;8379;8552;5.89;0.36;336.28;8.61;1347;34;2904.00;173
7034;20;5256655;7034;401;8381;8552;5.97;0.36;336.36;8.62;1347;34;2905.00;171
7037;20;5256674;7037;407;8382;8552;6.01;0.37;336.44;8.62;1345;34;2906.00;170
7038;20;5256693;7038;402;8383;8553;6.05;0.37;336.43;8.62;1345;34;2907.00;170
7044;20;5256711;7044;401;8383;8553;6.04;0.37;336.52;8.62;1339;34;2908.00;170
7045;20;5256729;7045;402;8387;8559;6.10;0.37;336.49;8.62;1342;34;2909.00;172
7050;20;5256749;7050;391;8388;8559;6.08;0.37;336.50;8.67;1338;34;2910.00;171
7055;20;5256769;7055;391;8390;8560;6.07;0.37;336.56;8.67;1335;34;2911.00;170
7057;20;5256787;7057;396;8390;8560;6.08;0.37;336.53;8.67;1333;34;2912.00;170
7060;20;5256805;7060;392;8390;8560;6.09;0.37;336.51;8.67;1330;34;2913.00;170
7061;20;5256822;7061;391;8392;8560;6.12;0.37;336.54;8.68;1331;34;2914.00;168
7065;20;5256839;7065;403;8393;8560;6.11;0.37;336.63;8.68;1328;34;2915.00;167
7067;20;5256861;7067;408;8403;8572;6.11;0.37;336.74;8.67;1336;34;2916.00;169
7069;20;5256880;7069;419;8405;8572;6.10;0.37;336.77;8.68;1336;34;2917.00;167
7070;20;5256897;7070;418;8407;8572;6.10;0.37;336.76;8.68;1337;34;2918.00;165
7072;20;5256921;7072;428;8407;8572;6.07;0.37;336.80;8.68;1335;34;2919.00;165
7076;20;5256937;7076;430;8410;8572;6.01;0.37;336.90;8.68;1334;34;2920.00;162
7078;20;5256953;7078;436;8411;8572;5.98;0.36;336.84;8.73;1333;34;2921.00;161
7084;20;5256968;7084;451;8415;8576;5.88;0.36;336.97;8.73;1331;34;2922.00;161
7084;20;5256986;7084;451;8417;8576;5.83;0.35;336.97;8.74;1333;34;2923.00;159
7085;20;5257002;7085;452;8422;8580;5.81;0.35;337.08;8.74;1337;34;2924.00;158
7086;20;5257021;7086;464;8424;8582;5.71;0.35;337.08;8.74;1338;34;2925.00;158
7087;20;5257039;7087;463;8426;8582;5.61;0.34;337.06;8.74;1339;34;2926.00;156
7091;20;5257057;7091;475;8426;8582;5.58;0.34;337.22;8.74;1335;34;2927.00;156
7092;20;5257074;7092;474;8436;8595;5.58;0.34;337.21;8.74;1344;34;2928.00;159
7094;20;5257091;7094;477;8436;8595;5.57;0.34;337.21;8.74;1342;34;2929.00;159
7096;20;5257108;7096;476;8438;8595;5.57;0.34;337.22;8.79;1342;34;2930.00;157
7099;20;5257129;7099;474;8439;8596;5.54;0.34;337.30;8.79;1340;34;2931.00;157
7102;20;5257149;7102;472;8440;8597;5.58;0.34;337.35;8.79;1338;34;2932.00;157
7104;20;5257175;7104;482;8440;8597;5.61;0.34;337.30;8.79;1336;34;2933.00;157
7109;21;5257195;7109;489;8445;8600;5.59;0.34;337.39;8.84;1336;35;2934.00;155
7112;21;5257228;7112;494;8446;8600;5.59;0.34;337.48;8.89;1334;35;2935.00;154
7112;21;5257250;7112;501;8447;8600;5.62;0.34;337.48;8.90;1335;35;2936.00;153
7115;21;5257271;7115;500;8448;8600;5.64;0.35;337.50;8.95;1333;35;2937.00;152
7119;21;5257292;7119;508;8455;8606;5.68;0.35;337.51;9.00;1336;35;2938.00;151
7120;21;5257310;7120;511;8457;8606;5.70;0.35;337.50;9.01;1337;35;2939.00;149
7125;21;5257328;7125;512;8458;8606;5.70;0.35;337.57;9.06;1333;35;2940.00;148
7128;21;5257348;7128;515;8461;8606;5.70;0.35;337.62;9.11;1333;35;2941.00;145
7133;21;5257364;7133;525;8466;8610;5.66;0.35;337.83;9.21;1333;35;2942.00;144
7136;21;5257382;7136;530;8467;8611;5.67;0.35;337.86;9.21;1331;35;2943.00;144
7138;21;5257400;7138;536;8469;8611;5.59;0.34;338.01;9.26;1331;35;2944.00;142
7139;21;5257417;7139;541;8470;8612;5.56;0.34;338.03;9.26;1331;35;2945.00;142
7141;22;5257433;7141;550;8471;8612;5.50;0.34;338.08;9.30;1330;36;2946.00;141
7145;22;5257463;7145;557;8471;8612;5.47;0.33;337.99;9.30;1326;36;2947.00;141
7150;22;5257488;7150;559;8473;8612;5.43;0.33;338.01;9.40;1323;36;2948.00;139
7151;22;5257506;7151;572;8473;8612;5.46;0.33;338.05;9.40;1322;36;2949.00;139
7153;22;5257523;7153;575;8473;8612;5.41;0.33;338.17;9.40;1320;36;2950.00;139
7157;22;5257547;7157;576;8474;8612;5.33;0.33;338.14;9.45;1317;36;2951.00;138
7159;22;5257563;7159;583;8519;8682;5.37;0.33;338.16;9.54;1360;36;2952.00;163
7163;22;5257593;7163;583;8522;8683;5.29;0.32;338.14;9.58;1359;36;2953.00;161
7167;22;5257617;7167;576;8526;8683;5.25;0.32;338.12;9.58;1359;36;2954.00;157
7172;22;5257636;7172;578;8532;8683;5.17;0.32;338.19;9.66;1360;36;2955.00;151
7173;22;5257652;7173;573;8533;8683;5.15;0.31;338.16;9.66;1360;36;2956.00;150
7177;22;5257669;7177;569;8534;8683;5.11;0.31;338.33;9.66;1357;36;2957.00;149
7180;22;5257687;7180;570;8538;8683;5.09;0.31;338.56;9.75;1358;36;2958.00;145
7180;22;5257703;7180;568;8540;8683;5.13;0.31;338.56;9.75;1360;36;2959.00;143
7186;22;5257718;7186;565;8544;8684;5.11;0.31;338.55;9.83;1358;36;2960.00;140
7189;22;5257734;7189;572;8546;8685;5.10;0.31;338.53;9.83;1357;36;2961.00;139
7190;22;5257750;7190;571;8549;8685;5.10;0.31;338.55;9.83;1359;36;2962.00;136
7195;22;5257765;7195;576;8553;8689;5.04;0.31;338.60;9.91;1358;36;2963.00;136
7196;22;5257780;7196;573;8554;8689;5.02;0.30;338.60;9.91;1358;36;2964.00;135
7198;22;5257799;7198;579;8556;8689;4.98;0.30;338.69;10.00;1358;36;2965.00;133
7200;22;5257815;7200;582;8556;8689;4.92;0.30;338.66;10.00;1356;36;2966.00;133
7202;22;5257833;7202;577;8560;8695;4.86;0.30;338.73;9.99;1358;36;2967.00;135
7205;22;5257850;7205;581;8562;8695;4.77;0.29;338.84;10.08;1357;36;2968.00;133
7208;22;5257864;7208;592;8562;8695;4.61;0.28;338.88;10.08;1354;36;2969.00;133
7210;22;5257880;7210;584;8566;8701;4.53;0.28;338.98;10.11;1356;36;2970.00;135
7212;22;5257898;7212;579;8567;8701;4.46;0.27;338.99;10.15;1355;36;2971.00;134
7216;22;5257915;7216;587;8568;8701;4.35;0.27;339.20;10.15;1352;36;2972.00;133
7220;22;5257930;7220;582;8570;8702;4.21;0.26;339.38;10.23;1350;36;2973.00;132
7222;22;5257945;7222;587;8571;8703;4.19;0.26;339.40;10.23;1349;36;2974.00;132
7226;22;5257958;7226;588;8572;8703;4.13;0.25;339.34;10.27;1346;36;2975.00;131
7228;22;5257973;7228;591;8583;8716;4.15;0.25;339.41;10.30;1355;36;2976.00;133
7233;22;5257988;7233;594;8583;8716;4.13;0.25;339.31;10.30;1350;36;2977.00;133
7235;22;5258004;7235;596;8584;8716;4.13;0.25;339.26;10.30;1349;36;2978.00;132
7237;22;5258018;7237;593;8584;8717;4.16;0.25;339.26;10.30;1347;36;2979.00;133
7240;22;5258033;7240;589;8584;8717;4.18;0.26;339.21;10.30;1344;36;2980.00;133
7243;22;5258053;7243;592;8587;8721;4.22;0.26;339.16;10.29;1344;36;2981.00;134
7246;22;5258069;7246;594;8587;8721;4.21;0.26;339.12;10.29;1341;36;2982.00;134
7249;22;5258083;7249;591;8590;8725;4.20;0.26;339.12;10.29;1341;36;2983.00;135
7254;22;5258098;7254;594;8590;8725;4.17;0.26;339.23;10.29;1336;36;2984.00;135
7258;22;5258113;7258;594;8590;8725;4.18;0.26;339.16;10.29;1332;36;2985.00;135
7262;22;5258128;7262;592;8590;8725;4.17;0.25;339.09;10.29;1328;36;2986.00;135
7265;22;5258144;7265;591;8590;8725;4.19;0.26;339.03;10.29;1325;36;2987.00;135
7269;22;5258159;7269;599;8599;8737;4.25;0.26;338.96;10.28;1330;36;2988.00;138
7274;22;5258176;7274;595;8600;8737;4.22;0.26;339.01;10.28;1326;36;2989.00;137
7275;22;5258190;7275;601;8600;8737;4.26;0.26;338.98;10.28;1325;36;2990.00;137
7282;22;5258204;7282;605;8601;8737;4.20;0.26;338.89;10.29;1319;36;2991.00;136
7286;22;5258221;7286;604;8601;8737;4.18;0.25;338.81;10.29;1315;36;2992.00;136
7290;22;5258237;7290;600;8601;8737;4.11;0.25;338.73;10.29;1311;36;2993.00;136
7292;22;5258252;7292;601;8601;8738;4.07;0.25;338.78;10.29;1309;36;2994.00;137
7297;22;5258266;7297;602;8601;8738;4.03;0.25;338.85;10.29;1304;36;2995.00;137
7303;22;5258281;7303;608;8605;8744;4.02;0.24;338.74;10.28;1302;36;2996.00;139
7305;22;5258297;7305;621;8605;8745;3.99;0.24;338.75;10.28;1300;36;2997.00;140
7309;22;5258312;7309;625;8605;8745;3.94;0.24;338.84;10.28;1296;36;2998.00;140
7310;22;5258327;7310;628;8605;8745;3.93;0.24;338.83;10.28;1295;36;2999.00;140
7311;22;5258345;7311;631;8612;8765;3.92;0.24;338.90;10.27;1301;36;3000.00;153
7315;22;5258369;7315;625;8613;8765;3.88;0.24;338.97;10.28;1298;36;3001.00;152
7317;22;5258388;7317;621;8613;8765;3.91;0.24;338.96;10.28;1296;36;3002.00;152
7324;22;5258405;7324;626;8614;8766;3.86;0.24;338.87;10.27;1290;36;3003.00;152
7326;22;5258421;7326;619;8618;8770;3.85;0.23;338.91;10.27;1292;36;3004.00;152
7328;22;5258435;7328;626;8618;8770;3.81;0.23;338.95;10.27;1290;36;3005.00;152
7328;22;5258450;7328;627;8621;8773;3.79;0.23;338.95;10.27;1293;36;3006.00;152
7331;22;5258465;7331;610;8621;8773;3.75;0.23;338.97;10.27;1290;36;3007.00;152
7333;22;5258478;7333;611;8622;8773;3.73;0.23;338.90;10.27;1289;36;3008.00;151
7337;22;5258492;7337;602;8623;8773;3.71;0.23;338.93;10.27;1286;36;3009.00;150
7339;22;5258506;7339;606;8626;8777;3.73;0.23;338.98;10.27;1287;36;3010.00;151
7341;22;5258520;7341;603;8627;8777;3.75;0.23;338.99;10.27;1286;36;3011.00;150
7343;22;5258533;7343;600;8629;8777;3.78;0.23;339.04;10.28;1286;36;3012.00;148
7346;22;5258548;7346;597;8631;8777;3.84;0.23;339.12;10.33;1285;36;3013.00;146
7347;22;5258568;7347;589;8633;8778;3.88;0.24;339.08;10.34;1286;36;3014.00;145
7350;22;5258582;7350;585;8635;8780;3.93;0.24;339.22;10.34;1285;36;3015.00;145
7350;22;5258596;7350;579;8636;8780;3.98;0.24;339.22;10.34;1286;36;3016.00;144
7353;22;5258609;7353;569;8638;8781;4.01;0.24;339.34;10.34;1285;36;3017.00;143
7353;22;5258624;7353;558;8640;8781;4.07;0.25;339.34;10.34;1287;36;3018.00;141
7355;22;5258638;7355;547;8640;8781;4.12;0.25;339.35;10.34;1285;36;3019.00;141
7357;22;5258652;7357;539;8642;8781;4.16;0.25;339.40;10.34;1285;36;3020.00;139
7357;22;5258666;7357;537;8642;8781;4.22;0.26;339.40;10.34;1285;36;3021.00;139
7359;22;5258680;7359;534;8643;8781;4.28;0.26;339.49;10.34;1284;36;3022.00;138
7359;22;5258693;7359;527;8645;8781;4.36;0.27;339.49;10.35;1286;36;3023.00;136
7359;22;5258707;7359;540;8709;8908;4.73;0.29;339.49;10.27;1350;36;3024.00;199
7359;22;5258730;7359;534;8712;8909;4.83;0.30;339.49;10.27;1353;36;3025.00;197
7362;22;5258744;7362;519;8719;8909;4.85;0.30;339.48;10.26;1357;36;3026.00;190
7362;23;5258758;7362;506;8723;8909;4.91;0.30;339.48;10.26;1361;37;3027.00;186
7365;23;5258784;7365;491;8730;8909;4.99;0.31;339.65;10.25;1365;37;3028.00;179
7368;23;5258801;7368;481;8735;8909;5.02;0.31;339.79;10.25;1367;37;3029.00;174
7368;23;5258818;7368;486;8738;8909;5.06;0.31;339.79;10.25;1370;37;3030.00;171
7370;23;5258832;7370;482;8740;8909;5.09;0.31;339.82;10.25;1370;37;3031.00;169
7372;23;5258848;7372;484;8744;8910;5.08;0.31;339.90;10.25;1372;37;3032.00;166
7374;23;5258863;7374;491;8748;8911;5.07;0.31;340.08;10.25;1374;37;3033.00;163
7378;23;5258878;7378;492;8751;8911;5.07;0.31;340.18;10.25;1373;37;3034.00;160
7381;23;5258894;7381;498;8756;8912;5.05;0.31;340.29;10.25;1375;37;3035.00;156
7384;23;5258910;7384;502;8757;8912;5.00;0.31;340.45;10.25;1373;37;3036.00;155
7386;23;5258925;7386;504;8760;8912;5.00;0.31;340.70;10.25;1374;37;3037.00;152
7389;23;5258940;7389;498;8761;8912;4.99;0.31;340.68;10.25;1372;37;3038.00;151
7393;23;5258955;7393;493;8765;8916;5.03;0.31;340.80;10.25;1372;37;3039.00;151
7396;23;5258971;7396;486;8765;8916;5.06;0.31;340.95;10.25;1369;37;3040.00;151
7397;23;5258987;7397;484;8767;8916;5.10;0.31;340.94;10.25;1370;37;3041.00;149
7398;23;5259003;7398;485;8769;8919;5.12;0.31;341.00;10.25;1371;37;3042.00;150
7400;23;5259019;7400;471;8770;8919;5.17;0.31;341.05;10.25;1370;37;3043.00;149
7401;23;5259035;7401;480;8771;8919;5.24;0.32;341.05;10.25;1370;37;3044.00;148
7403;23;5259051;7403;480;8776;8923;5.28;0.32;341.12;10.25;1373;37;3045.00;147
7407;23;5259066;7407;475;8778;8924;5.35;0.33;341.17;10.24;1371;37;3046.00;146
7410;23;5259082;7410;475;8778;8924;5.38;0.33;341.37;10.24;1368;37;3047.00;146
7412;23;5259098;7412;477;8780;8928;5.46;0.33;341.33;10.24;1368;37;3048.00;148
7415;23;5259114;7415;480;8780;8928;5.48;0.33;341.47;10.24;1365;37;3049.00;148
7416;23;5259130;7416;479;8781;8928;5.50;0.33;341.46;10.24;1365;37;3050.00;147
7419;23;5259146;7419;485;8782;8929;5.50;0.33;341.58;10.24;1363;37;3051.00;147
7421;23;5259162;7421;493;8782;8929;5.49;0.33;341.64;10.24;1361;37;3052.00;147
7424;23;5259177;7424;494;8787;8935;5.49;0.33;341.70;10.23;1363;37;3053.00;148
7427;23;5259195;7427;495;8787;8935;5.50;0.33;341.63;10.23;1360;37;3054.00;148
7429;23;5259210;7429;492;8787;8936;5.50;0.33;341.79;10.23;1358;37;3055.00;149
7430;23;5259226;7430;482;8788;8936;5.46;0.33;341.79;10.29;1358;37;3056.00;148
7431;23;5259241;7431;485;8788;8936;5.43;0.33;341.91;10.29;1357;37;3057.00;148
7432;23;5259257;7432;489;8788;8936;5.42;0.33;341.95;10.29;1356;37;3058.00;148
7433;23;5259272;7433;489;8788;8936;5.40;0.33;341.99;10.29;1355;37;3059.00;148
7435;23;5259289;7435;483;8813;8972;5.41;0.33;342.15;10.27;1378;37;3060.00;159
7437;23;5259307;7437;477;8813;8972;5.38;0.33;342.30;10.27;1376;37;3061.00;159
7441;23;5259324;7441;476;8817;8972;5.41;0.33;342.53;10.26;1376;37;3062.00;155
7443;23;5259340;7443;483;8817;8972;5.39;0.33;342.54;10.26;1374;37;3063.00;155
7445;23;5259356;7445;471;8818;8972;5.43;0.33;342.68;10.26;1373;37;3064.00;154
7447;23;5259375;7447;474;8819;8972;5.47;0.33;342.71;10.26;1372;37;3065.00;153
7449;23;5259392;7449;478;8822;8976;5.49;0.34;342.68;10.26;1373;37;3066.00;154
7449;23;5259408;7449;473;8822;8976;5.54;0.34;342.68;10.26;1373;37;3067.00;154
7453;23;5259425;7453;473;8826;8980;5.58;0.34;342.85;10.25;1373;37;3068.00;154
7457;23;5259442;7457;476;8827;8981;5.61;0.34;342.88;10.25;1370;37;3069.00;154
7461;23;5259459;7461;472;8827;8981;5.59;0.34;342.85;10.25;1366;37;3070.00;154
7466;23;5259475;7466;476;8827;8981;5.55;0.34;343.07;10.25;1361;37;3071.00;154
7466;23;5259491;7466;476;8836;8994;5.53;0.34;343.07;10.24;1370;37;3072.00;158
7469;23;5259507;7469;479;8837;8994;5.48;0.33;343.12;10.24;1368;37;3073.00;157
7473;24;5259522;7473;473;8837;8994;5.45;0.33;343.23;10.24;1364;38;3074.00;157
7477;24;5259545;7477;469;8840;8995;5.44;0.33;343.22;10.33;1363;38;3075.00;155
7481;24;5259562;7481;465;8840;8996;5.46;0.33;343.39;10.33;1359;38;3076.00;156
7483;24;5259582;7483;465;8840;8996;5.50;0.33;343.37;10.33;1357;38;3077.00;156
7487;24;5259597;7487;458;8842;8999;5.56;0.34;343.36;10.33;1355;38;3078.00;157
7490;24;5259613;7490;459;8844;8999;5.61;0.34;343.40;10.33;1354;38;3079.00;155
7494;24;5259628;7494;458;8844;8999;5.61;0.34;343.55;10.33;1350;38;3080.00;155
7496;24;5259643;7496;457;8844;8999;5.60;0.34;343.57;10.33;1348;38;3081.00;155
7501;24;5259665;7501;462;8849;9005;5.64;0.34;343.59;10.32;1348;38;3082.00;156
7502;24;5259682;7502;460;8849;9005;5.62;0.34;343.59;10.32;1347;38;3083.00;156
7505;24;5259698;7505;463;8849;9005;5.59;0.34;343.56;10.32;1344;38;3084.00;156
7509;24;5259713;7509;464;8849;9005;5.53;0.34;343.75;10.32;1340;38;3085.00;156
7511;24;5259728;7511;468;8852;9009;5.46;0.33;343.75;10.32;1341;38;3086.00;157
7515;24;5259743;7515;464;8853;9010;5.41;0.33;343.85;10.32;1338;38;3087.00;157
7518;24;5259759;7518;463;8853;9010;5.38;0.33;344.06;10.32;1335;38;3088.00;157
7522;24;5259777;7522;462;8854;9011;5.35;0.33;344.14;10.32;1332;38;3089.00;157
7524;24;5259793;7524;466;8854;9011;5.35;0.33;344.13;10.32;1330;38;3090.00;157
7527;24;5259808;7527;467;8854;9011;5.27;0.32;344.19;10.32;1327;38;3091.00;157
7530;24;5259822;7530;470;8854;9011;5.22;0.32;344.19;10.32;1324;38;3092.00;157
7531;24;5259836;7531;475;8854;9011;5.15;0.31;344.18;10.32;1323;38;3093.00;157
7534;24;5259850;7534;474;8854;9011;5.07;0.31;344.25;10.32;1320;38;3094.00;157
7536;24;5259865;7536;474;8854;9011;5.03;0.31;344.42;10.32;1318;38;3095.00;157
7540;24;5259878;7540;475;8890;9081;5.12;0.31;344.53;10.28;1350;38;3096.00;191
7541;24;5259898;7541;472;8893;9082;5.13;0.31;344.58;10.27;1352;38;3097.00;189
7542;24;5259913;7542;478;8897;9082;5.16;0.31;344.57;10.27;1355;38;3098.00;185
7543;24;5259927;7543;486;8899;9082;5.13;0.31;344.65;10.27;1356;38;3099.00;183
7547;24;5259943;7547;491;8903;9082;5.13;0.31;344.67;10.27;1356;38;3100.00;179
7547;24;5259966;7547;497;8905;9082;5.14;0.31;344.67;10.32;1358;38;3101.00;177
7553;24;5259981;7553;496;8908;9082;5.17;0.32;344.73;10.31;1355;38;3102.00;174
7555;24;5259996;7555;499;8913;9082;5.20;0.32;344.69;10.36;1358;38;3103.00;169
7557;24;5260010;7557;504;8916;9083;5.24;0.32;344.73;10.36;1359;38;3104.00;167
7561;24;5260024;7561;506;8919;9085;5.22;0.32;344.75;10.36;1358;38;3105.00;166
7563;24;5260039;7563;506;8923;9085;5.27;0.32;344.84;10.41;1360;38;3106.00;162
7566;24;5260054;7566;518;8928;9089;5.25;0.32;344.90;10.41;1362;38;3107.00;161
7568;24;5260070;7568;526;8930;9089;5.17;0.32;344.97;10.46;1362;38;3108.00;159
7571;24;5260083;7571;541;8930;9089;5.15;0.32;344.99;10.46;1359;38;3109.00;159
7573;24;5260098;7573;539;8931;9089;5.15;0.32;345.07;10.51;1358;38;3110.00;158
7574;24;5260112;7574;546;8936;9095;5.18;0.32;345.12;10.50;1362;38;3111.00;159
7574;24;5260127;7574;552;8937;9095;5.14;0.32;345.12;10.55;1363;38;3112.00;158
7577;24;5260140;7577;559;8937;9095;5.08;0.31;345.17;10.55;1360;38;3113.00;158
7581;24;5260154;7581;569;8939;9098;5.02;0.31;345.10;10.55;1358;38;3114.00;159
7581;24;5260168;7581;582;8940;9098;4.94;0.30;345.10;10.60;1359;38;3115.00;158
7585;24;5260181;7585;585;8941;9098;4.82;0.30;345.24;10.60;1356;38;3116.00;157
7589;24;5260194;7589;595;8941;9099;4.68;0.29;345.32;10.60;1352;38;3117.00;158
7591;24;5260208;7591;600;8943;9100;4.56;0.28;345.47;10.64;1352;38;3118.00;157
7596;24;5260221;7596;598;8943;9100;4.44;0.27;345.41;10.64;1347;38;3119.00;157
7598;24;5260237;7598;605;8959;9126;4.45;0.27;345.50;10.62;1361;38;3120.00;167
7602;24;5260252;7602;596;8960;9126;4.40;0.27;345.39;10.67;1358;38;3121.00;166
7604;24;5260267;7604;597;8963;9126;4.43;0.27;345.37;10.67;1359;38;3122.00;163
7609;24;5260281;7609;603;8966;9127;4.42;0.27;345.37;10.67;1357;38;3123.00;161
7612;24;5260295;7612;597;8967;9127;4.44;0.27;345.45;10.67;1355;38;3124.00;160
7613;24;5260309;7613;597;8972;9131;4.46;0.27;345.42;10.71;1359;38;3125.00;159
7616;24;5260323;7616;606;8972;9131;4.43;0.27;345.46;10.71;1356;38;3126.00;159
7617;24;5260336;7617;615;8975;9135;4.41;0.27;345.45;10.71;1358;38;3127.00;160
7617;24;5260355;7617;612;8975;9135;4.40;0.27;345.45;10.71;1358;38;3128.00;160
7623;24;5260367;7623;623;8975;9135;4.35;0.27;345.36;10.71;1352;38;3129.00;160
7625;24;5260380;7625;623;8975;9135;4.32;0.26;345.29;10.71;1350;38;3130.00;160
7628;24;5260392;7628;624;8975;9135;4.25;0.26;345.25;10.71;1347;38;3131.00;160
7630;24;5260405;7630;626;8985;9147;4.24;0.26;345.24;10.69;1355;38;3132.00;162
7630;24;5260418;7630;635;8985;9147;4.14;0.25;345.24;10.69;1355;38;3133.00;162
7636;24;5260431;7636;640;8986;9147;4.03;0.25;345.27;10.69;1350;38;3134.00;161
7639;24;5260444;7639;625;8986;9147;3.98;0.24;345.39;10.69;1347;38;3135.00;161
7645;24;5260457;7645;624;8986;9147;3.92;0.24;345.32;10.69;1341;38;3136.00;161
7649;24;5260470;7649;619;8986;9147;3.85;0.23;345.19;10.69;1337;38;3137.00;161
7652;24;5260482;7652;620;8986;9148;3.81;0.23;345.19;10.69;1334;38;3138.00;162
7654;24;5260495;7654;619;8986;9148;3.82;0.23;345.22;10.69;1332;38;3139.00;162
7656;24;5260507;7656;619;8991;9154;3.88;0.24;345.22;10.69;1335;38;3140.00;163
7660;24;5260521;7660;614;8992;9155;3.84;0.23;345.18;10.69;1332;38;3141.00;163
7661;24;5260534;7661;600;8992;9155;3.84;0.23;345.17;10.69;1331;38;3142.00;163
7663;24;5260547;7663;601;8992;9155;3.83;0.23;345.16;10.69;1329;38;3143.00;163
7667;24;5260559;7667;591;8995;9159;3.79;0.23;345.15;10.68;1328;38;3144.00;164
7668;24;5260573;7668;589;8995;9159;3.79;0.23;345.12;10.68;1327;38;3145.00;164
7671;24;5260585;7671;592;8995;9159;3.75;0.23;345.12;10.68;1324;38;3146.00;164
7672;24;5260598;7672;593;8996;9160;3.74;0.23;345.11;10.68;1324;38;3147.00;164
7674;24;5260611;7674;593;8999;9164;3.75;0.23;345.15;10.68;1325;38;3148.00;165
7676;24;5260624;7676;591;8999;9164;3.74;0.23;345.17;10.68;1323;38;3149.00;165
7678;24;5260638;7678;592;9003;9170;3.78;0.23;345.25;10.67;1325;38;3150.00;167
7682;24;5260651;7682;594;9003;9170;3.78;0.23;345.21;10.67;1321;38;3151.00;167
7684;24;5260665;7684;590;9005;9170;3.83;0.23;345.20;10.67;1321;38;3152.00;165
7687;24;5260678;7687;586;9005;9170;3.83;0.23;345.11;10.67;1318;38;3153.00;165
7690;24;5260690;7690;571;9009;9174;3.88;0.24;345.09;10.67;1319;38;3154.00;165
7693;24;5260705;7693;555;9009;9174;3.91;0.24;345.04;10.67;1316;38;3155.00;165
7697;24;5260718;7697;536;9009;9174;3.94;0.24;344.95;10.67;1312;38;3156.00;165
7700;24;5260731;7700;521;9009;9174;3.97;0.24;344.92;10.67;1309;38;3157.00;165
7703;24;5260745;7703;524;9009;9175;3.99;0.24;344.88;10.67;1306;38;3158.00;166
7704;24;5260759;7704;515;9010;9176;4.02;0.24;344.84;10.67;1306;38;3159.00;166
7705;24;5260773;7705;511;9010;9176;4.09;0.25;344.81;10.67;1305;38;3160.00;166
7708;24;5260787;7708;510;9011;9177;4.16;0.25;344.78;10.67;1303;38;3161.00;166
7709;24;5260800;7709;512;9011;9177;4.26;0.26;344.77;10.67;1302;38;3162.00;166
7713;24;5260814;7713;510;9011;9177;4.28;0.26;344.77;10.67;1298;38;3163.00;166
7717;24;5260828;7717;509;9011;9177;4.31;0.26;344.74;10.67;1294;38;3164.00;166
7719;24;5260842;7719;508;9011;9177;4.34;0.26;344.75;10.67;1292;38;3165.00;166
7721;24;5260855;7721;507;9011;9177;4.33;0.26;344.74;10.67;1290;38;3166.00;166
7724;24;5260869;7724;509;9011;9177;4.34;0.26;344.76;10.67;1287;38;3167.00;166
7726;25;5260883;7726;515;9085;9304;4.65;0.29;344.80;10.65;1359;39;3168.00;219
7727;25;5260918;7727;518;9087;9305;4.69;0.29;344.82;10.65;1360;39;3169.00;218
7731;25;5260933;7731;515;9093;9305;4.77;0.29;344.87;10.64;1362;39;3170.00;212
7733;25;5260947;7733;520;9094;9305;4.84;0.30;344.86;10.64;1361;39;3171.00;211
7737;25;5260966;7737;513;9099;9305;4.87;0.30;344.96;10.64;1362;39;3172.00;206
7739;25;5260980;7739;517;9101;9305;4.87;0.30;344.98;10.64;1362;39;3173.00;204
7740;25;5260995;7740;513;9101;9305;4.87;0.30;344.96;10.64;1361;39;3174.00;204
7744;25;5261010;7744;513;9105;9305;4.86;0.30;344.92;10.64;1361;39;3175.00;200
7749;25;5261025;7749;512;9105;9306;4.80;0.29;345.21;10.64;1356;39;3176.00;201
7750;25;5261039;7750;510;9107;9307;4.79;0.29;345.20;10.64;1357;39;3177.00;200
7755;25;5261060;7755;511;9111;9307;4.78;0.29;345.34;10.63;1356;39;3178.00;196
7757;25;5261075;7757;513;9113;9308;4.71;0.29;345.32;10.63;1356;39;3179.00;195
7762;25;5261090;7762;512;9117;9308;4.71;0.29;345.49;10.64;1355;39;3180.00;191
7764;25;5261106;7764;512;9119;9308;4.71;0.29;345.49;10.64;1355;39;3181.00;189
7767;25;5261120;7767;511;9123;9308;4.77;0.29;345.60;10.64;1356;39;3182.00;185
7770;25;5261140;7770;510;9126;9312;4.82;0.29;345.75;10.64;1356;39;3183.00;186
7775;25;5261158;7775;512;9129;9312;4.79;0.29;345.80;10.64;1354;39;3184.00;183
7778;25;5261173;7778;509;9130;9312;4.79;0.29;345.99;10.71;1352;39;3185.00;182
7782;25;5261188;7782;508;9134;9315;4.77;0.29;346.06;10.71;1352;39;3186.00;181
7787;25;5261203;7787;513;9134;9315;4.82;0.29;346.14;10.71;1347;39;3187.00;181
7789;25;5261218;7789;513;9137;9315;4.81;0.29;346.15;10.78;1348;39;3188.00;178
7791;25;5261238;7791;519;9140;9319;4.80;0.29;346.22;10.78;1349;39;3189.00;179
7795;25;5261258;7795;520;9142;9320;4.76;0.29;346.28;10.78;1347;39;3190.00;178
7799;25;5261273;7799;518;9146;9322;4.73;0.29;346.54;10.78;1347;39;3191.00;176
7803;25;5261288;7803;507;9148;9326;4.74;0.29;346.66;10.77;1345;39;3192.00;178
7807;25;5261303;7807;504;9150;9326;4.76;0.29;346.77;10.77;1343;39;3193.00;176
7811;25;5261318;7811;500;9150;9326;4.75;0.29;347.04;10.77;1339;39;3194.00;176
7814;25;5261333;7814;498;9152;9328;4.83;0.30;347.10;10.77;1338;39;3195.00;176
7816;25;5261348;7816;491;9152;9328;4.94;0.30;347.29;10.77;1336;39;3196.00;176
7820;25;5261364;7820;496;9157;9334;4.95;0.30;347.43;10.76;1337;39;3197.00;177
7824;25;5261380;7824;501;9157;9334;4.96;0.30;347.51;10.76;1333;39;3198.00;177
7826;25;5261395;7826;503;9158;9335;4.98;0.30;347.59;10.84;1332;39;3199.00;177
7828;25;5261416;7828;502;9158;9335;4.95;0.30;347.60;10.84;1330;39;3200.00;177
7831;25;5261434;7831;504;9158;9335;4.91;0.30;347.65;10.84;1327;39;3201.00;177
7834;25;5261449;7834;497;9158;9335;4.87;0.30;347.72;10.84;1324;39;3202.00;177
7836;25;5261464;7836;493;9158;9335;4.84;0.29;347.77;10.84;1322;39;3203.00;177
7839;25;5261479;7839;489;9168;9347;4.88;0.30;347.95;10.82;1329;39;3204.00;179
7839;25;5261494;7839;484;9168;9347;4.90;0.30;347.95;10.82;1329;39;3205.00;179
7844;25;5261510;7844;478;9169;9347;4.92;0.30;348.07;10.82;1325;39;3206.00;178
7844;25;5261524;7844;469;9169;9347;4.93;0.30;348.07;10.82;1325;39;3207.00;178
7847;25;5261540;7847;475;9169;9347;4.95;0.30;348.11;10.82;1322;39;3208.00;178
7849;25;5261557;7849;481;9169;9347;4.95;0.30;348.26;10.82;1320;39;3209.00;178
7854;25;5261573;7854;488;9172;9351;4.89;0.30;348.34;10.82;1318;39;3210.00;179
7859;25;5261588;7859;484;9172;9351;4.91;0.30;348.43;10.82;1313;39;3211.00;179
7860;25;5261602;7860;485;9176;9355;4.98;0.30;348.54;10.82;1316;39;3212.00;179
7864;25;5261618;7864;487;9177;9356;5.03;0.31;348.65;10.82;1313;39;3213.00;179
7868;25;5261632;7868;491;9177;9356;5.05;0.31;348.79;10.82;1309;39;3214.00;179
7874;25;5261647;7874;497;9177;9356;5.06;0.31;348.95;10.82;1303;39;3215.00;179
7874;26;5261661;7874;502;9188;9369;5.16;0.31;348.95;10.80;1314;40;3216.00;181
7875;26;5261693;7875;503;9188;9369;5.21;0.32;348.98;10.80;1313;40;3217.00;181
7879;26;5261706;7879;509;9188;9369;5.19;0.31;349.10;10.80;1309;40;3218.00;181
7883;26;5261721;7883;502;9189;9370;5.19;0.31;349.11;10.80;1306;40;3219.00;181
7885;26;5261736;7885;503;9189;9371;5.18;0.31;349.21;10.80;1304;40;3220.00;182
7885;26;5261751;7885;501;9189;9371;5.16;0.31;349.21;10.80;1304;40;3221.00;182
7885;26;5261766;7885;504;9192;9374;5.18;0.31;349.21;10.87;1307;40;3222.00;182
7887;26;5261781;7887;503;9192;9374;5.16;0.31;349.19;10.87;1305;40;3223.00;182
7890;26;5261795;7890;498;9193;9374;5.11;0.31;349.20;10.87;1303;40;3224.00;181
7891;26;5261810;7891;497;9193;9374;5.06;0.31;349.17;10.87;1302;40;3225.00;181
7894;26;5261823;7894;495;9198;9380;5.06;0.31;349.18;10.87;1304;40;3226.00;182
7895;26;5261839;7895;490;9198;9380;5.07;0.31;349.21;10.87;1303;40;3227.00;182
7896;26;5261853;7896;494;9198;9380;5.03;0.31;349.22;10.87;1302;40;3228.00;182
7897;26;5261868;7897;488;9198;9380;5.01;0.30;349.20;10.87;1301;40;3229.00;182
7899;26;5261883;7899;479;9201;9384;4.98;0.30;349.30;10.86;1302;40;3230.00;183
7900;26;5261897;7900;471;9202;9385;5.04;0.31;349.31;10.86;1302;40;3231.00;183
7901;26;5261912;7901;467;9202;9385;5.07;0.31;349.45;10.86;1301;40;3232.00;183
7903;26;5261926;7903;460;9203;9386;5.10;0.31;349.49;10.86;1300;40;3233.00;183
7904;26;5261940;7904;455;9203;9386;5.15;0.31;349.49;10.86;1299;40;3234.00;183
7906;26;5261954;7906;448;9203;9386;5.19;0.32;349.59;10.86;1297;40;3235.00;183
7909;26;5261968;7909;441;9203;9386;5.18;0.31;349.70;10.86;1294;40;3236.00;183
7911;26;5261982;7911;441;9203;9386;5.17;0.31;349.75;10.86;1292;40;3237.00;183
7914;26;5261996;7914;436;9204;9386;5.16;0.31;349.90;10.93;1290;40;3238.00;182
7917;26;5262010;7917;436;9204;9386;5.13;0.31;349.93;10.93;1287;40;3239.00;182
7921;26;5262025;7921;438;9262;9511;5.28;0.33;349.89;10.98;1341;40;3240.00;249
7921;26;5262052;7921;440;9264;9512;5.29;0.33;349.89;10.98;1343;40;3241.00;248
7924;26;5262066;7924;441;9274;9512;5.30;0.33;349.87;10.97;1350;40;3242.00;238
7930;26;5262081;7930;448;9278;9512;5.26;0.32;350.15;10.97;1348;40;3243.00;234
7933;27;5262095;7933;451;9285;9512;5.21;0.32;350.19;10.96;1352;41;3244.00;227
7935;27;5262116;7935;450;9291;9512;5.18;0.32;350.26;11.03;1356;41;3245.00;221
7938;27;5262135;7938;455;9295;9512;5.17;0.32;350.35;11.03;1357;41;3246.00;217
7941;27;5262149;7941;451;9299;9512;5.20;0.32;350.36;11.02;1358;41;3247.00;213
7944;27;5262164;7944;456;9304;9513;5.21;0.32;350.44;11.02;1360;41;3248.00;209
7947;27;5262178;7947;467;9307;9514;5.17;0.32;350.48;11.02;1360;41;3249.00;207
7951;27;5262193;7951;465;9310;9514;5.13;0.31;350.60;11.02;1359;41;3250.00;204
7952;27;5262207;7952;474;9317;9518;5.10;0.31;350.61;11.02;1365;41;3251.00;201
7954;27;5262222;7954;471;9317;9518;5.05;0.31;350.62;11.02;1363;41;3252.00;201
7956;27;5262236;7956;477;9317;9518;5.02;0.31;350.67;11.02;1361;41;3253.00;201
7960;27;5262250;7960;473;9317;9518;4.96;0.30;350.74;11.02;1357;41;3254.00;201
7962;27;5262265;7962;478;9321;9524;4.92;0.30;350.82;11.01;1359;41;3255.00;203
7964;27;5262279;7964;477;9321;9524;4.85;0.30;350.88;11.01;1357;41;3256.00;203
7966;27;5262293;7966;476;9321;9524;4.80;0.29;351.02;11.01;1355;41;3257.00;203
7969;27;5262308;7969;482;9323;9527;4.75;0.29;351.17;11.01;1354;41;3258.00;204
7973;27;5262322;7973;488;9324;9527;4.71;0.29;351.19;11.01;1351;41;3259.00;203
7976;27;5262337;7976;488;9324;9527;4.62;0.28;351.36;11.01;1348;41;3260.00;203
7976;27;5262351;7976;490;9324;9528;4.55;0.28;351.36;11.01;1348;41;3261.00;204
7979;27;5262365;7979;505;9325;9529;4.55;0.28;351.44;11.01;1346;41;3262.00;204
7980;27;5262379;7980;514;9325;9529;4.54;0.28;351.43;11.01;1345;41;3263.00;204
7983;27;5262393;7983;522;9336;9542;4.54;0.28;351.39;11.06;1353;41;3264.00;206
7986;27;5262408;7986;531;9337;9542;4.52;0.28;351.52;11.06;1351;41;3265.00;205
7991;27;5262423;7991;533;9338;9542;4.50;0.28;351.53;11.05;1347;41;3266.00;204
7993;27;5262437;7993;539;9340;9543;4.49;0.27;351.47;11.11;1347;41;3267.00;203
7993;27;5262451;7993;538;9340;9543;4.47;0.27;351.47;11.11;1347;41;3268.00;203
7997;27;5262466;7997;556;9344;9547;4.48;0.27;351.51;11.11;1347;41;3269.00;203
8000;27;5262481;8000;562;9345;9547;4.43;0.27;351.44;11.17;1345;41;3270.00;202
8003;27;5262495;8003;574;9348;9551;4.37;0.27;351.40;11.16;1345;41;3271.00;203
8004;27;5262511;8004;577;9349;9551;4.35;0.27;351.40;11.22;1345;41;3272.00;202
8007;27;5262526;8007;587;9349;9551;4.33;0.26;351.34;11.22;1342;41;3273.00;202
8009;27;5262539;8009;588;9351;9551;4.27;0.26;351.27;11.34;1342;41;3274.00;200
8011;27;5262553;8011;592;9351;9551;4.20;0.26;351.21;11.34;1340;41;3275.00;200
8013;27;5262566;8013;600;9361;9563;4.25;0.26;351.19;11.33;1348;41;3276.00;202
8016;27;5262581;8016;615;9363;9563;4.15;0.25;351.19;11.45;1347;41;3277.00;200
8017;27;5262594;8017;620;9364;9563;4.13;0.25;351.15;11.45;1347;41;3278.00;199
8019;27;5262608;8019;625;9364;9563;4.08;0.25;351.13;11.45;1345;42;3279.00;199
8020;27;5262629;8020;626;9364;9563;4.03;0.25;351.09;11.45;1344;42;3280.00;199
8020;27;5262642;8020;630;9366;9563;3.99;0.25;351.09;11.56;1346;42;3281.00;197
8023;27;5262655;8023;629;9368;9564;3.97;0.24;351.07;11.68;1345;43;3282.00;196
8026;27;5262676;8026;625;9370;9564;3.96;0.24;351.04;11.79;1344;43;3283.00;194
8028;27;5262689;8028;625;9375;9570;3.93;0.24;351.10;11.79;1347;43;3284.00;195
8030;27;5262703;8030;620;9377;9572;3.90;0.24;351.16;11.78;1347;43;3285.00;195
8033;27;5262716;8033;622;9379;9572;3.87;0.24;351.08;11.90;1346;43;3286.00;193
8035;27;5262729;8035;624;9379;9572;3.85;0.24;351.03;11.90;1344;43;3287.00;193
8037;27;5262741;8037;623;9382;9576;3.87;0.24;350.96;11.89;1345;43;3288.00;194
8038;27;5262755;8038;628;9384;9576;3.87;0.24;351.03;12.01;1346;43;3289.00;192
8043;27;5262769;8043;631;9384;9576;3.82;0.23;351.00;12.01;1341;43;3290.00;192
8044;27;5262782;8044;636;9387;9577;3.80;0.23;351.00;12.12;1343;43;3291.00;190
8045;27;5262794;8045;632;9390;9581;3.79;0.23;350.98;12.12;1345;43;3292.00;191
8047;27;5262807;8047;644;9390;9581;3.77;0.23;351.02;12.12;1343;43;3293.00;191
8049;27;5262819;8049;646;9394;9584;3.73;0.23;351.00;12.22;1345;43;3294.00;190
8050;27;5262832;8050;655;9395;9584;3.72;0.23;350.98;12.22;1345;43;3295.00;189
8052;27;5262844;8052;661;9395;9584;3.71;0.23;351.04;12.22;1343;43;3296.00;189
8054;27;5262857;8054;657;9397;9584;3.66;0.22;351.01;12.33;1343;43;3297.00;187
8054;27;5262868;8054;666;9401;9588;3.65;0.22;351.01;12.33;1347;43;3298.00;187
8059;27;5262880;8059;679;9401;9588;3.55;0.22;350.92;12.33;1342;43;3299.00;187
8062;27;5262894;8062;674;9406;9607;3.44;0.21;350.92;12.32;1344;43;3300.00;201
8063;27;5262913;8063;639;9406;9607;3.39;0.21;350.94;12.32;1343;43;3301.00;201
8065;27;5262926;8065;632;9406;9608;3.38;0.21;350.91;12.32;1341;43;3302.00;202
8067;27;5262938;8067;618;9407;9609;3.39;0.21;350.94;12.32;1340;43;3303.00;202
8069;27;5262951;8069;608;9407;9609;3.44;0.21;350.92;12.32;1338;43;3304.00;202
8070;27;5262963;8070;603;9409;9610;3.53;0.22;350.94;12.32;1339;43;3305.00;201
8071;27;5262976;8071;600;9410;9610;3.59;0.22;350.92;12.31;1339;43;3306.00;200
8074;27;5262993;8074;584;9410;9610;3.61;0.22;350.93;12.31;1336;43;3307.00;200
8075;27;5263012;8075;572;9410;9610;3.67;0.23;350.94;12.31;1335;43;3308.00;200
8075;27;5263024;8075;567;9410;9610;3.76;0.23;350.94;12.31;1335;43;3309.00;200
8077;27;5263037;8077;565;9410;9610;3.84;0.24;350.92;12.31;1333;43;3310.00;200
8080;27;5263050;8080;563;9412;9610;3.86;0.24;350.92;12.31;1332;43;3311.00;198
8084;27;5263063;8084;563;9471;9737;4.26;0.26;350.98;12.24;1387;43;3312.00;266
8088;27;5263086;8088;542;9473;9738;4.30;0.27;350.97;12.24;1385;43;3313.00;265
8092;27;5263101;8092;544;9481;9738;4.37;0.27;351.16;12.23;1389;43;3314.00;257
8094;27;5263120;8094;529;9487;9738;4.44;0.27;351.18;12.22;1393;43;3315.00;251
8097;27;5263134;8097;526;9493;9738;4.46;0.28;351.15;12.22;1396;43;3316.00;245
8100;27;5263148;8100;524;9497;9738;4.48;0.28;351.14;12.22;1397;43;3317.00;241
8102;27;5263162;8102;517;9501;9738;4.53;0.28;351.10;12.21;1399;43;3318.00;237
8103;27;5263176;8103;509;9504;9738;4.57;0.28;351.09;12.21;1401;43;3319.00;234
8106;27;5263190;8106;509;9507;9739;4.59;0.28;351.04;12.21;1401;43;3320.00;232
8108;27;5263204;8108;503;9510;9740;4.60;0.28;351.01;12.21;1402;43;3321.00;230
8110;27;5263220;8110;507;9513;9740;4.62;0.28;351.01;12.21;1403;43;3322.00;227
8114;27;5263237;8114;509;9517;9741;4.60;0.28;351.07;12.21;1403;43;3323.00;224
8119;27;5263254;8119;507;9519;9741;4.58;0.28;351.21;12.21;1400;43;3324.00;222
8123;27;5263269;8123;512;9520;9741;4.55;0.28;351.24;12.21;1397;43;3325.00;221
8126;27;5263285;8126;509;9524;9741;4.54;0.28;351.25;12.28;1398;43;3326.00;217
8129;27;5263301;8129;511;9528;9745;4.55;0.28;351.26;12.28;1399;43;3327.00;217
8133;27;5263317;8133;515;9529;9745;4.56;0.28;351.30;12.28;1396;43;3328.00;216
8137;27;5263332;8137;520;9531;9745;4.56;0.28;351.54;12.28;1394;43;3329.00;214
8144;27;5263349;8144;518;9533;9751;4.54;0.28;351.59;12.28;1389;43;3330.00;218
8148;27;5263365;8148;528;9533;9751;4.55;0.28;351.78;12.28;1385;43;3331.00;218
8152;27;5263382;8152;528;9533;9751;4.52;0.28;351.85;12.28;1381;43;3332.00;218
8155;27;5263400;8155;526;9538;9755;4.55;0.28;351.87;12.28;1383;43;3333.00;217
8156;28;5263415;8156;524;9540;9756;4.59;0.28;351.94;12.28;1384;44;3334.00;216
8159;28;5263448;8159;527;9542;9756;4.59;0.28;351.92;12.28;1383;44;3335.00;214
8163;28;5263473;8163;526;9547;9760;4.57;0.28;352.15;12.28;1384;44;3336.00;213
8164;28;5263502;8164;532;9548;9760;4.57;0.28;352.26;12.28;1384;44;3337.00;212
8165;29;5263518;8165;522;9549;9760;4.58;0.28;352.27;12.28;1384;45;3338.00;211
8168;29;5263545;8168;532;9551;9761;4.55;0.28;352.38;12.28;1383;45;3339.00;210
8173;29;5263560;8173;527;9551;9761;4.52;0.28;352.51;12.28;1378;45;3340.00;210
8176;29;5263583;8176;532;9558;9767;4.47;0.28;352.56;12.28;1382;45;3341.00;209
8182;29;5263608;8182;530;9560;9767;4.41;0.27;352.78;12.29;1378;45;3342.00;207
8188;29;5263623;8188;527;9561;9768;4.37;0.27;352.91;12.29;1373;45;3343.00;207
8192;29;5263639;8192;533;9563;9768;4.35;0.27;352.94;12.28;1371;45;3344.00;205
8192;29;5263654;8192;533;9563;9768;4.37;0.27;352.94;12.28;1371;45;3345.00;205
8198;29;5263670;8198;532;9564;9768;4.37;0.27;353.15;12.28;1366;45;3346.00;204
8199;29;5263687;8199;525;9564;9768;4.41;0.27;353.27;12.28;1365;45;3347.00;204
8200;29;5263704;8200;512;9574;9780;4.46;0.27;353.25;12.27;1374;45;3348.00;206
8206;29;5263723;8206;508;9575;9780;4.47;0.27;353.37;12.27;1369;45;3349.00;205
8209;29;5263739;8209;498;9575;9780;4.49;0.28;353.38;12.27;1366;45;3350.00;205
8211;29;5263761;8211;489;9575;9780;4.53;0.28;353.49;12.27;1364;45;3351.00;205
8217;29;5263779;8217;489;9575;9780;4.55;0.28;353.71;12.27;1358;45;3352.00;205
8220;29;5263795;8220;479;9576;9780;4.57;0.28;353.79;12.34;1356;45;3353.00;204
8224;29;5263810;8224;474;9579;9784;4.63;0.28;354.02;12.34;1355;45;3354.00;205
8226;29;5263827;8226;482;9579;9784;4.64;0.28;354.04;12.34;1353;45;3355.00;205
8229;29;5263844;8229;462;9583;9788;4.66;0.29;354.07;12.33;1354;45;3356.00;205
8232;29;5263861;8232;454;9584;9789;4.70;0.29;354.04;12.33;1352;45;3357.00;205
8235;29;5263877;8235;445;9584;9789;4.71;0.29;354.14;12.33;1349;45;3358.00;205
8236;29;5263892;8236;441;9584;9789;4.74;0.29;354.11;12.33;1348;45;3359.00;205
8242;29;5263910;8242;451;9607;9818;4.79;0.29;354.37;12.30;1365;45;3360.00;211
8246;29;5263928;8246;446;9609;9818;4.80;0.29;354.50;12.30;1363;45;3361.00;209
8249;29;5263944;8249;445;9609;9818;4.83;0.29;354.60;12.30;1360;45;3362.00;209
8253;29;5263960;8253;454;9609;9819;4.81;0.29;354.75;12.30;1356;45;3363.00;210
8256;29;5263978;8256;456;9610;9820;4.79;0.29;354.77;12.30;1354;45;3364.00;210
8259;29;5263995;8259;463;9610;9820;4.80;0.29;354.76;12.30;1351;45;3365.00;210
8261;29;5264013;8261;468;9612;9823;4.81;0.29;354.79;12.30;1351;45;3366.00;211
8263;29;5264029;8263;467;9613;9823;4.84;0.29;354.81;12.30;1350;45;3367.00;210
8266;29;5264047;8266;473;9613;9823;4.86;0.30;354.94;12.30;1347;45;3368.00;210
8267;29;5264070;8267;470;9613;9823;4.87;0.30;354.93;12.30;1346;45;3369.00;210
8270;29;5264085;8270;470;9618;9829;4.87;0.30;354.93;12.29;1348;45;3370.00;211
8274;29;5264102;8274;464;9618;9829;4.83;0.29;355.03;12.29;1344;45;3371.00;211
8275;29;5264119;8275;460;9618;9829;4.85;0.29;355.00;12.29;1343;45;3372.00;211
8276;29;5264135;8276;459;9619;9829;4.89;0.30;355.07;12.36;1343;45;3373.00;210
8277;29;5264151;8277;457;9622;9833;4.87;0.30;355.11;12.36;1345;45;3374.00;211
8279;29;5264166;8279;459;9624;9835;4.89;0.30;355.17;12.36;1345;45;3375.00;211
8281;29;5264184;8281;456;9624;9835;4.92;0.30;355.18;12.36;1343;45;3376.00;211
8284;29;5264198;8284;461;9625;9836;4.93;0.30;355.16;12.36;1341;45;3377.00;211
8290;29;5264216;8290;470;9625;9836;4.90;0.30;355.29;12.36;1335;45;3378.00;211
8292;29;5264234;8292;469;9625;9836;4.93;0.30;355.29;12.36;1333;45;3379.00;211
8294;29;5264249;8294;474;9625;9836;4.92;0.30;355.30;12.36;1331;45;3380.00;211
8297;29;5264264;8297;468;9625;9836;4.91;0.30;355.37;12.36;1328;45;3381.00;211
8298;29;5264279;8298;469;9625;9836;4.93;0.30;355.41;12.36;1327;45;3382.00;211
8300;29;5264295;8300;470;9625;9836;4.93;0.30;355.41;12.36;1325;45;3383.00;211
8301;29;5264310;8301;486;9663;9906;4.95;0.30;355.43;12.31;1362;45;3384.00;243
8302;29;5264332;8302;483;9663;9907;4.96;0.30;355.44;12.31;1361;45;3385.00;244
8304;29;5264347;8304;485;9668;9907;5.00;0.30;355.51;12.30;1364;45;3386.00;239
8307;29;5264363;8307;481;9668;9907;5.01;0.30;355.57;12.30;1361;45;3387.00;239
8310;29;5264378;8310;485;9670;9907;4.99;0.30;355.58;12.30;1360;45;3388.00;237
8315;29;5264394;8315;496;9671;9907;4.96;0.30;355.56;12.30;1356;45;3389.00;236
8315;29;5264412;8315;497;9674;9907;4.97;0.30;355.56;12.30;1359;45;3390.00;233
8317;29;5264429;8317;496;9675;9907;4.95;0.30;355.56;12.30;1358;45;3391.00;232
8318;29;5264445;8318;498;9678;9908;4.99;0.30;355.66;12.30;1360;45;3392.00;230
8321;29;5264474;8321;496;9681;9909;4.95;0.30;355.71;12.29;1360;45;3393.00;228
8325;29;5264494;8325;501;9684;9909;4.90;0.30;355.75;12.29;1359;45;3394.00;225
8327;29;5264511;8327;498;9688;9913;4.88;0.30;355.74;12.29;1361;45;3395.00;225
8327;29;5264528;8327;509;9691;9913;4.88;0.30;355.74;12.29;1364;45;3396.00;222
8330;29;5264545;8330;501;9692;9913;4.86;0.29;355.87;12.29;1362;45;3397.00;221
8331;29;5264560;8331;498;9692;9913;4.90;0.30;355.88;12.29;1361;45;3398.00;221
8334;29;5264576;8334;509;9696;9919;4.95;0.30;355.99;12.28;1362;45;3399.00;223
8334;29;5264594;8334;508;9698;9919;4.96;0.30;355.99;12.29;1364;45;3400.00;221
8336;29;5264613;8336;499;9698;9919;4.98;0.30;355.98;12.29;1362;45;3401.00;221
8341;29;5264631;8341;502;9700;9922;4.96;0.30;356.11;12.28;1359;45;3402.00;222
8343;29;5264649;8343;505;9703;9922;4.93;0.30;356.12;12.28;1360;45;3403.00;219
8348;29;5264666;8348;509;9703;9922;4.86;0.30;356.08;12.28;1355;45;3404.00;219
8351;29;5264681;8351;512;9705;9923;4.83;0.29;356.16;12.41;1354;45;3405.00;218
8356;29;5264699;8356;512;9706;9924;4.78;0.29;356.26;12.41;1350;45;3406.00;218
8358;29;5264716;8358;514;9706;9924;4.77;0.29;356.18;12.41;1348;45;3407.00;218
8363;29;5264732;8363;514;9716;9937;4.76;0.29;356.25;12.39;1353;45;3408.00;221
8365;29;5264749;8365;513;9716;9937;4.70;0.29;356.20;12.39;1351;45;3409.00;221
8368;29;5264765;8368;516;9716;9937;4.66;0.28;356.21;12.39;1348;45;3410.00;221
8368;29;5264781;8368;515;9717;9938;4.65;0.28;356.21;12.39;1349;45;3411.00;221
8369;29;5264797;8369;516;9718;9938;4.65;0.28;356.24;12.39;1349;45;3412.00;220
8370;29;5264813;8370;528;9721;9942;4.66;0.29;356.31;12.39;1351;45;3413.00;221
8372;29;5264830;8372;523;9721;9942;4.62;0.28;356.24;12.39;1349;45;3414.00;221
8374;29;5264845;8374;530;9724;9946;4.62;0.28;356.23;12.38;1350;45;3415.00;222
8376;29;5264862;8376;526;9725;9946;4.58;0.28;356.21;12.38;1349;45;3416.00;221
8376;29;5264878;8376;534;9726;9946;4.55;0.28;356.21;12.38;1350;45;3417.00;220
8379;29;5264893;8379;544;9726;9946;4.51;0.28;356.16;12.38;1347;45;3418.00;220
8381;29;5264909;8381;531;9726;9946;4.47;0.27;356.20;12.38;1345;45;3419.00;220
8383;29;5264926;8383;539;9749;9980;4.57;0.28;356.21;12.35;1366;45;3420.00;231
8383;29;5264945;8383;552;9750;9980;4.56;0.28;356.21;12.35;1367;45;3421.00;230
8387;29;5264962;8387;546;9753;9980;4.52;0.28;356.28;12.35;1366;45;3422.00;227
8389;29;5264978;8389;562;9754;9980;4.45;0.27;356.34;12.35;1365;45;3423.00;226
8391;29;5264993;8391;561;9755;9980;4.47;0.28;356.37;12.35;1364;45;3424.00;225
8393;29;5265010;8393;564;9755;9980;4.43;0.27;356.35;12.35;1362;45;3425.00;225
8393;29;5265025;8393;566;9755;9981;4.37;0.27;356.35;12.35;1362;45;3426.00;226
8399;29;5265041;8399;573;9755;9981;4.27;0.26;356.21;12.35;1356;45;3427.00;226
8403;29;5265056;8403;574;9760;9987;4.22;0.26;356.13;12.34;1357;45;3428.00;227
8405;29;5265072;8405;579;9761;9988;4.18;0.26;356.14;12.34;1356;45;3429.00;227
8407;29;5265087;8407;578;9762;9988;4.09;0.25;356.10;12.41;1355;45;3430.00;226
8410;29;5265101;8410;595;9762;9988;4.00;0.25;356.00;12.41;1352;45;3431.00;226
8413;29;5265118;8413;601;9765;9992;4.02;0.25;356.09;12.40;1352;45;3432.00;227
8416;29;5265132;8416;601;9766;9992;3.96;0.24;356.02;12.47;1350;45;3433.00;226
8419;29;5265148;8419;608;9766;9992;3.90;0.24;355.99;12.47;1347;45;3434.00;226
8420;29;5265162;8420;615;9767;9993;3.88;0.24;356.02;12.47;1347;45;3435.00;226
8422;29;5265178;8422;623;9773;9997;3.84;0.24;355.97;12.65;1351;45;3436.00;224
8424;29;5265194;8424;626;9774;9997;3.78;0.23;355.99;12.72;1350;45;3437.00;223
8426;29;5265208;8426;638;9777;10000;3.77;0.23;356.04;12.78;1351;45;3438.00;223
8427;29;5265225;8427;643;9779;10000;3.73;0.23;356.08;12.84;1352;45;3439.00;221
8428;29;5265239;8428;650;9779;10000;3.70;0.23;356.04;12.84;1351;45;3440.00;221
8429;29;5265252;8429;648;9779;10000;3.66;0.22;356.06;12.84;1350;45;3441.00;221
8429;29;5265267;8429;657;9784;10004;3.69;0.23;356.06;12.89;1355;45;3442.00;220
8429;29;5265282;8429;663;9784;10004;3.65;0.22;356.06;12.89;1355;45;3443.00;220
8434;29;5265296;8434;668;9784;10004;3.57;0.22;356.09;12.89;1350;45;3444.00;220
8435;29;5265310;8435;665;9786;10004;3.53;0.21;356.06;13.02;1351;45;3445.00;218
8436;29;5265325;8436;670;9786;10005;3.49;0.21;356.05;13.02;1350;45;3446.00;219
8437;29;5265338;8437;670;9787;10006;3.47;0.21;356.03;13.02;1350;45;3447.00;219
8437;29;5265352;8437;661;9788;10006;3.43;0.21;356.03;13.08;1351;45;3448.00;218
8439;29;5265366;8439;642;9789;10007;3.43;0.21;355.99;13.08;1350;45;3449.00;218
8440;29;5265382;8440;635;9789;10007;3.43;0.21;355.96;13.08;1349;45;3450.00;218
8441;29;5265397;8441;624;9791;10007;3.46;0.21;355.94;13.20;1350;45;3451.00;216
8441;29;5265412;8441;616;9792;10007;3.51;0.21;355.94;13.26;1351;45;3452.00;215
8442;29;5265426;8442;604;9793;10007;3.58;0.22;355.92;13.32;1351;45;3453.00;214
8445;29;5265440;8445;598;9793;10007;3.60;0.22;355.89;13.32;1348;45;3454.00;214
8446;29;5265463;8446;593;9793;10007;3.66;0.22;355.97;13.32;1347;45;3455.00;214
8446;29;5265477;8446;607;9863;10134;4.01;0.25;355.97;13.35;1417;45;3456.00;271
8446;29;5265502;8446;598;9867;10135;4.06;0.25;355.97;13.34;1421;45;3457.00;268
8448;29;5265518;8448;589;9876;10135;4.12;0.25;355.91;13.33;1428;45;3458.00;259
8450;29;5265534;8450;585;9880;10135;4.08;0.25;355.94;13.44;1430;45;3459.00;255
8451;29;5265550;8451;579;9887;10135;4.12;0.25;355.93;13.44;1436;45;3460.00;248
8451;29;5265566;8451;582;9889;10135;4.09;0.25;355.93;13.44;1438;45;3461.00;246
8454;30;5265581;8454;582;9891;10135;4.05;0.25;355.94;13.43;1437;46;3462.00;244
8455;30;5265610;8455;587;9892;10135;4.02;0.25;355.92;13.43;1437;46;3463.00;243
8459;30;5265626;8459;597;9896;10136;3.97;0.24;355.85;13.43;1437;46;3464.00;240
8461;30;5265654;8461;580;9898;10138;4.00;0.25;355.84;13.43;1437;46;3465.00;240
8464;30;5265671;8464;582;9900;10138;4.00;0.25;355.88;13.43;1436;46;3466.00;238
8465;30;5265687;8465;575;9904;10139;4.01;0.25;355.87;13.43;1439;46;3467.00;235
8467;30;5265702;8467;578;9907;10139;4.06;0.25;355.86;13.43;1440;46;3468.00;232
8468;30;5265719;8468;570;9909;10139;4.11;0.25;355.97;13.43;1441;46;3469.00;230
8472;30;5265740;8472;570;9911;10139;4.12;0.25;355.99;13.43;1439;46;3470.00;228
8475;30;5265757;8475;563;9915;10143;4.13;0.25;356.10;13.42;1440;46;3471.00;228
8478;30;5265773;8478;553;9916;10143;4.14;0.25;356.06;13.42;1438;46;3472.00;227
8480;30;5265791;8480;549;9916;10143;4.14;0.25;356.07;13.42;1436;46;3473.00;227
8482;30;5265806;8482;542;9917;10146;4.15;0.25;356.07;13.42;1435;46;3474.00;229
8484;30;5265823;8484;533;9918;10146;4.13;0.25;356.18;13.42;1434;46;3475.00;228
8487;30;5265841;8487;533;9918;10146;4.13;0.25;356.26;13.42;1431;46;3476.00;228
8490;30;5265859;8490;525;9921;10150;4.16;0.25;356.19;13.42;1431;46;3477.00;229
8493;30;5265875;8493;522;9923;10151;4.16;0.25;356.25;13.42;1430;46;3478.00;228
8495;30;5265898;8495;519;9923;10151;4.20;0.26;356.21;13.42;1428;46;3479.00;228
8500;30;5265917;8500;510;9928;10156;4.23;0.26;356.19;13.41;1428;46;3480.00;228
8504;30;5265934;8504;511;9928;10156;4.28;0.26;356.33;13.41;1424;46;3481.00;228
8508;30;5265952;8508;505;9929;10156;4.33;0.26;356.33;13.41;1421;46;3482.00;227
8511;30;5265969;8511;499;9929;10157;4.41;0.27;356.45;13.41;1418;46;3483.00;228
8515;30;5265985;8515;500;9929;10157;4.41;0.27;356.43;13.41;1414;46;3484.00;228
8518;30;5266000;8518;505;9933;10163;4.43;0.27;356.50;13.41;1415;46;3485.00;230
8525;30;5266018;8525;494;9933;10163;4.45;0.27;356.71;13.41;1408;46;3486.00;230
8527;30;5266036;8527;491;9933;10164;4.49;0.27;356.83;13.41;1406;46;3487.00;231
8532;30;5266053;8532;492;9933;10164;4.51;0.28;356.91;13.41;1401;46;3488.00;231
8536;30;5266069;8536;484;9933;10164;4.55;0.28;357.00;13.41;1397;46;3489.00;231
8538;30;5266089;8538;482;9934;10164;4.56;0.28;357.14;13.49;1396;46;3490.00;230
8541;30;5266105;8541;470;9934;10164;4.56;0.28;357.15;13.49;1393;46;3491.00;230
8545;30;5266126;8545;466;9943;10176;4.56;0.28;357.37;13.47;1398;46;3492.00;233
8548;30;5266144;8548;465;9943;10176;4.58;0.28;357.55;13.47;1395;46;3493.00;233
8551;30;5266161;8551;457;9943;10176;4.58;0.28;357.55;13.47;1392;46;3494.00;233
8554;30;5266178;8554;459;9943;10176;4.62;0.28;357.56;13.47;1389;46;3495.00;233
8558;30;5266195;8558;461;9943;10176;4.65;0.28;357.67;13.47;1385;46;3496.00;233
8563;30;5266211;8563;459;9944;10176;4.66;0.28;357.81;13.48;1381;46;3497.00;232
8569;30;5266233;8569;454;9947;10180;4.67;0.28;358.01;13.47;1378;46;3498.00;233
8575;30;5266250;8575;450;9947;10180;4.62;0.28;358.22;13.47;1372;46;3499.00;233
8581;30;5266266;8581;439;9951;10184;4.59;0.28;358.52;13.47;1370;46;3500.00;233
8582;30;5266287;8582;437;9951;10185;4.60;0.28;358.52;13.47;1369;46;3501.00;234
8588;30;5266303;8588;437;9951;10185;4.61;0.28;358.82;13.47;1363;46;3502.00;234
8594;30;5266318;8594;428;9951;10185;4.63;0.28;358.89;13.47;1357;46;3503.00;234
8597;30;5266334;8597;428;9960;10198;4.71;0.29;358.97;13.47;1363;46;3504.00;238
8601;30;5266351;8601;426;9961;10198;4.71;0.29;359.06;13.47;1360;46;3505.00;237
8604;30;5266367;8604;428;9963;10198;4.71;0.29;359.16;13.55;1359;46;3506.00;235
8609;30;5266382;8609;433;9965;10199;4.70;0.29;359.23;13.55;1356;46;3507.00;234
8613;30;5266398;8613;437;9966;10200;4.67;0.28;359.31;13.55;1353;46;3508.00;234
8616;30;5266414;8616;441;9967;10200;4.63;0.28;359.33;13.55;1351;46;3509.00;233
8620;30;5266432;8620;444;9970;10206;4.60;0.28;359.39;13.54;1350;46;3510.00;236
8622;30;5266448;8622;445;9971;10206;4.58;0.28;359.45;13.54;1349;46;3511.00;235
8625;30;5266463;8625;431;9973;10206;4.57;0.28;359.54;13.54;1348;46;3512.00;233
8629;30;5266479;8629;419;9973;10206;4.59;0.28;359.57;13.54;1344;46;3513.00;233
8633;30;5266495;8633;423;9977;10212;4.62;0.28;359.77;13.54;1344;46;3514.00;235
8635;30;5266512;8635;419;9978;10212;4.68;0.29;359.82;13.53;1343;46;3515.00;234
8640;30;5266528;8640;422;9980;10212;4.70;0.29;359.87;13.53;1340;46;3516.00;232
8645;30;5266544;8645;407;9980;10212;4.68;0.29;359.97;13.53;1335;46;3517.00;232
8647;30;5266564;8647;407;9983;10216;4.70;0.29;360.00;13.53;1336;46;3518.00;233
8650;30;5266581;8650;407;9987;10219;4.70;0.29;359.97;13.53;1337;46;3519.00;232
8654;30;5266599;8654;406;9988;10219;4.72;0.29;360.01;13.60;1334;46;3520.00;231
8657;30;5266616;8657;403;9988;10220;4.71;0.29;360.01;13.60;1331;46;3521.00;232
8657;30;5266632;8657;400;9989;10220;4.73;0.29;360.01;13.60;1332;46;3522.00;231
8661;30;5266647;8661;401;9989;10220;4.74;0.29;360.14;13.60;1328;46;3523.00;231
8665;30;5266668;8665;399;9990;10220;4.73;0.29;360.08;13.60;1325;46;3524.00;230
8666;30;5266684;8666;399;9991;10220;4.76;0.29;360.13;13.60;1325;46;3525.00;229
8668;30;5266699;8668;394;9991;10220;4.79;0.29;360.20;13.60;1323;46;3526.00;229
8673;30;5266716;8673;396;9991;10220;4.81;0.29;360.24;13.60;1318;46;3527.00;229
8674;30;5266732;8674;412;10030;10290;4.84;0.30;360.23;13.55;1356;46;3528.00;260
8677;30;5266753;8677;406;10031;10291;4.85;0.30;360.27;13.55;1354;46;3529.00;260
8680;30;5266770;8680;412;10036;10291;4.92;0.30;360.41;13.62;1356;46;3530.00;255
8681;30;5266786;8681;416;10038;10291;4.96;0.30;360.43;13.62;1357;46;3531.00;253
8682;30;5266801;8682;418;10041;10291;4.99;0.30;360.56;13.62;1359;46;3532.00;250
8684;30;5266817;8684;413;10042;10291;5.05;0.31;360.57;13.61;1358;46;3533.00;249
8688;30;5266833;8688;420;10044;10291;5.07;0.31;360.59;13.61;1356;46;3534.00;247
8690;30;5266849;8690;422;10047;10291;5.10;0.31;360.66;13.61;1357;46;3535.00;244
8692;30;5266864;8692;420;10048;10292;5.14;0.31;360.62;13.61;1356;46;3536.00;244
8696;30;5266880;8696;410;10049;10293;5.15;0.31;360.86;13.61;1353;46;3537.00;244
8697;30;5266896;8697;402;10051;10293;5.16;0.31;360.97;13.61;1354;46;3538.00;242
8698;30;5266912;8698;402;10054;10297;5.10;0.31;361.05;13.61;1356;46;3539.00;243
8700;30;5266929;8700;406;10057;10297;5.06;0.31;361.21;13.61;1357;46;3540.00;240
8702;30;5266943;8702;411;10059;10297;5.02;0.31;361.27;13.61;1357;46;3541.00;238
8704;30;5266959;8704;411;10059;10297;4.97;0.30;361.39;13.61;1355;46;3542.00;238
8708;30;5266974;8708;423;10065;10303;4.91;0.30;361.43;13.60;1357;46;3543.00;238
8711;30;5266991;8711;424;10066;10303;4.82;0.29;361.52;13.60;1355;46;3544.00;237
8712;30;5267007;8712;431;10068;10303;4.77;0.29;361.52;13.60;1356;46;3545.00;235
8717;30;5267022;8717;438;10070;10306;4.73;0.29;361.55;13.60;1353;46;3546.00;236
8720;30;5267037;8720;447;10071;10306;4.72;0.29;361.71;13.59;1351;46;3547.00;235
8723;30;5267052;8723;447;10072;10306;4.69;0.28;361.77;13.67;1349;46;3548.00;234
8724;30;5267068;8724;453;10072;10307;4.64;0.28;361.86;13.67;1348;46;3549.00;235
8725;30;5267084;8725;464;10073;10308;4.60;0.28;361.91;13.67;1348;46;3550.00;235
8727;30;5267099;8727;468;10073;10308;4.58;0.28;361.89;13.67;1346;46;3551.00;235
8729;30;5267115;8729;476;10084;10321;4.56;0.28;361.85;13.65;1355;46;3552.00;237
8730;30;5267131;8730;476;10084;10321;4.55;0.28;361.83;13.65;1354;46;3553.00;237
8731;30;5267152;8731;481;10084;10321;4.52;0.28;361.82;13.65;1353;46;3554.00;237
8734;30;5267168;8734;469;10087;10323;4.52;0.27;361.85;13.71;1353;46;3555.00;236
8736;30;5267184;8736;462;10087;10323;4.50;0.27;361.81;13.71;1351;46;3556.00;236
8738;30;5267198;8738;468;10091;10327;4.49;0.27;361.81;13.71;1353;46;3557.00;236
8738;30;5267214;8738;462;10091;10327;4.52;0.27;361.81;13.71;1353;46;3558.00;236
8741;30;5267230;8741;465;10094;10331;4.56;0.28;361.78;13.70;1353;46;3559.00;237
8742;30;5267247;8742;461;10094;10331;4.57;0.28;361.80;13.70;1352;46;3560.00;237
8745;30;5267264;8745;449;10094;10331;4.61;0.28;361.82;13.70;1349;46;3561.00;237
8746;30;5267281;8746;447;10094;10331;4.63;0.28;361.79;13.70;1348;46;3562.00;237
8746;30;5267297;8746;455;10094;10331;4.65;0.28;361.79;13.70;1348;46;3563.00;237
8747;30;5267313;8747;447;10104;10343;4.75;0.29;361.77;13.69;1357;46;3564.00;239
8750;30;5267331;8750;451;10104;10343;4.77;0.29;361.80;13.69;1354;46;3565.00;239
8754;30;5267348;8754;454;10105;10343;4.77;0.29;361.87;13.69;1351;46;3566.00;238
8756;30;5267364;8756;462;10105;10343;4.75;0.29;361.85;13.69;1349;46;3567.00;238
8756;30;5267382;8756;472;10105;10343;4.77;0.29;361.85;13.69;1349;46;3568.00;238
8759;30;5267397;8759;476;10105;10343;4.72;0.29;361.77;13.69;1346;46;3569.00;238
8763;30;5267414;8763;484;10107;10344;4.63;0.28;361.78;13.82;1344;46;3570.00;237
8764;31;5267433;8764;496;10107;10344;4.58;0.28;361.79;13.82;1343;47;3571.00;237
8767;31;5267454;8767;507;10112;10350;4.57;0.28;361.73;13.82;1345;47;3572.00;238
8771;31;5267469;8771;504;10112;10351;4.50;0.27;361.66;13.82;1341;47;3573.00;239
8773;31;5267485;8773;513;10113;10351;4.45;0.27;361.74;13.82;1340;47;3574.00;238
8775;31;5267501;8775;517;10113;10351;4.38;0.27;361.79;13.82;1338;47;3575.00;238
8777;31;5267517;8777;525;10116;10355;4.40;0.27;361.76;13.81;1339;47;3576.00;239
8780;31;5267535;8780;524;10116;10355;4.34;0.26;361.78;13.81;1336;47;3577.00;239
8781;31;5267552;8781;537;10116;10355;4.31;0.26;361.76;13.81;1335;47;3578.00;239
8784;31;5267574;8784;536;10118;10356;4.32;0.26;361.73;13.88;1334;47;3579.00;238
8785;31;5267590;8785;544;10121;10360;4.33;0.26;361.84;13.87;1336;47;3580.00;239
8785;31;5267605;8785;550;10121;10360;4.31;0.26;361.84;13.87;1336;47;3581.00;239
8786;31;5267625;8786;556;10123;10363;4.31;0.26;361.80;13.87;1337;47;3582.00;240
8787;31;5267641;8787;559;10124;10363;4.28;0.26;361.79;13.87;1337;47;3583.00;239
8789;31;5267656;8789;554;10124;10363;4.25;0.26;361.72;13.87;1335;47;3584.00;239
8789;31;5267671;8789;551;10124;10363;4.23;0.26;361.72;13.87;1335;47;3585.00;239
8792;31;5267686;8792;556;10128;10367;4.24;0.26;361.65;13.87;1336;47;3586.00;239
8792;31;5267700;8792;556;10128;10367;4.21;0.26;361.65;13.87;1336;47;3587.00;239
8792;31;5267715;8792;554;10128;10367;4.18;0.26;361.65;13.87;1336;47;3588.00;239
8793;31;5267729;8793;559;10128;10367;4.13;0.25;361.71;13.87;1335;47;3589.00;239
8795;31;5267742;8795;554;10128;10368;4.11;0.25;361.74;13.87;1333;47;3590.00;240
8797;31;5267756;8797;555;10129;10369;4.08;0.25;361.73;13.86;1332;47;3591.00;240
8798;31;5267769;8798;560;10129;10369;4.01;0.25;361.70;13.86;1331;47;3592.00;240
8801;31;5267783;8801;565;10130;10370;3.92;0.24;361.78;13.86;1329;47;3593.00;240
8801;31;5267796;8801;560;10131;10370;3.86;0.24;361.78;13.93;1330;47;3594.00;239
8802;31;5267809;8802;555;10132;10370;3.82;0.23;361.80;14.00;1330;47;3595.00;238
8803;31;5267822;8803;556;10132;10370;3.79;0.23;361.80;14.00;1329;47;3596.00;238
8805;31;5267836;8805;561;10132;10370;3.79;0.23;361.83;14.00;1327;47;3597.00;238
8806;31;5267849;8806;553;10133;10370;3.79;0.23;361.83;14.07;1327;47;3598.00;237
8808;31;5267868;8808;548;10134;10370;3.80;0.23;361.90;14.14;1326;47;3599.00;236
8809;31;5267883;8809;579;10233;10623;4.21;0.27;361.87;14.00;1424;47;3600.00;390
8810;31;5267920;8810;564;10241;10624;4.20;0.27;361.84;14.20;1431;47;3601.00;383
8812;31;5267940;8812;565;10254;10624;4.30;0.27;361.81;14.19;1442;47;3602.00;370
8812;32;5267955;8812;562;10264;10624;4.34;0.27;361.81;14.25;1452;48;3603.00;360
8815;32;5267978;8815;562;10272;10624;4.35;0.27;361.77;14.24;1457;48;3604.00;352
8817;32;5267999;8817;560;10280;10624;4.30;0.27;361.75;14.37;1463;48;3605.00;344
8817;32;5268021;8817;555;10290;10624;4.29;0.27;361.75;14.36;1473;48;3606.00;334
8819;32;5268053;8819;559;10299;10624;4.25;0.26;361.76;14.35;1480;48;3607.00;325
8820;32;5268092;8820;563;10307;10625;4.18;0.26;361.74;14.49;1487;48;3608.00;318
8823;32;5268124;8823;565;10312;10626;4.18;0.26;361.72;14.48;1489;48;3609.00;314
8823;32;5268153;8823;567;10321;10626;4.20;0.26;361.72;14.61;1498;48;3610.00;305
8824;32;5268182;8824;578;10322;10627;4.17;0.26;361.68;14.61;1498;48;3611.00;305
8824;32;5268212;8824;579;10330;10627;4.16;0.26;361.68;14.74;1506;48;3612.00;297
8825;32;5268234;8825;593;10331;10627;4.12;0.26;361.64;14.74;1506;48;3613.00;296
8826;32;5268254;8826;595;10337;10627;4.10;0.25;361.62;14.87;1511;48;3614.00;290
8826;32;5268277;8826;600;10342;10631;4.08;0.25;361.62;14.87;1516;48;3615.00;289
8828;32;5268301;8828;600;10344;10631;4.07;0.25;361.59;14.87;1516;48;3616.00;287
8832;32;5268321;8832;603;10349;10631;4.08;0.25;361.48;15.00;1517;48;3617.00;282
8835;32;5268342;8835;604;10351;10634;4.06;0.25;361.39;15.00;1516;48;3618.00;283
8835;32;5268362;8835;605;10352;10634;4.08;0.25;361.39;14.99;1517;48;3619.00;282
8838;32;5268385;8838;615;10356;10634;4.06;0.25;361.50;15.12;1518;48;3620.00;278
8841;32;5268413;8841;623;10361;10638;4.09;0.25;361.47;15.12;1520;48;3621.00;277
8842;32;5268432;8842;624;10365;10639;4.10;0.25;361.50;15.12;1523;48;3622.00;274
8844;32;5268449;8844;629;10368;10639;4.09;0.25;361.50;15.25;1524;48;3623.00;271
8846;32;5268467;8846;625;10371;10643;4.07;0.25;361.48;15.24;1525;48;3624.00;272
8850;32;5268484;8850;638;10374;10643;4.04;0.25;361.56;15.24;1524;48;3625.00;269
8852;32;5268506;8852;635;10377;10643;4.01;0.25;361.55;15.25;1525;48;3626.00;266
8856;32;5268525;8856;637;10381;10644;3.99;0.24;361.50;15.37;1525;48;3627.00;263
8858;32;5268545;8858;641;10381;10644;3.99;0.24;361.54;15.37;1523;48;3628.00;263
8862;32;5268564;8862;653;10388;10650;3.95;0.24;361.49;15.37;1526;48;3629.00;262
8863;32;5268588;8863;647;10388;10650;3.95;0.24;361.47;15.37;1525;48;3630.00;262
8867;32;5268609;8867;647;10390;10651;3.94;0.24;361.47;15.38;1523;48;3631.00;261
8870;32;5268628;8870;652;10391;10651;3.90;0.24;361.49;15.38;1521;48;3632.00;260
8871;32;5268666;8871;646;10391;10651;3.86;0.24;361.48;15.38;1520;48;3633.00;260
8874;32;5268693;8874;643;10394;10651;3.88;0.24;361.49;15.38;1520;49;3634.00;257
8876;32;5268731;8876;646;10395;10651;3.90;0.24;361.50;15.38;1519;49;3635.00;256
8877;32;5268755;8877;648;10403;10663;3.95;0.24;361.49;15.37;1526;49;3636.00;260
8881;32;5268787;8881;639;10404;10663;3.98;0.24;361.42;15.37;1523;49;3637.00;259
8885;32;5268809;8885;632;10406;10663;4.01;0.25;361.51;15.37;1521;49;3638.00;257
8886;32;5268836;8886;633;10408;10663;4.06;0.25;361.49;15.37;1522;49;3639.00;255
8889;32;5268858;8889;625;10408;10663;4.11;0.25;361.53;15.37;1519;49;3640.00;255
8895;32;5268879;8895;625;10408;10663;4.13;0.25;361.65;15.37;1513;49;3641.00;255
8896;32;5268901;8896;627;10411;10667;4.14;0.25;361.62;15.36;1515;49;3642.00;256
8900;32;5268919;8900;608;10411;10667;4.15;0.25;361.69;15.36;1511;49;3643.00;256
8907;32;5268947;8907;608;10414;10671;4.17;0.25;361.90;15.36;1507;49;3644.00;257
8910;32;5268968;8910;600;10416;10673;4.20;0.26;362.01;15.36;1506;49;3645.00;257
8915;32;5268991;8915;599;10416;10673;4.19;0.25;362.12;15.36;1501;49;3646.00;257
8917;32;5269015;8917;590;10416;10673;4.21;0.26;362.14;15.36;1499;49;3647.00;257
8920;32;5269036;8920;589;10424;10686;4.24;0.26;362.27;15.35;1504;49;3648.00;262
8922;32;5269054;8922;577;10424;10686;4.30;0.26;362.28;15.35;1502;49;3649.00;262
8926;32;5269072;8926;571;10424;10686;4.33;0.26;362.49;15.35;1498;49;3650.00;262
8929;32;5269089;8929;556;10424;10687;4.36;0.27;362.76;15.35;1495;49;3651.00;263
8932;32;5269110;8932;551;10424;10688;4.35;0.27;362.85;15.35;1492;49;3652.00;264
8935;32;5269141;8935;547;10424;10688;4.36;0.27;362.99;15.35;1489;49;3653.00;264
8942;32;5269168;8942;537;10426;10691;4.36;0.27;363.11;15.34;1484;49;3654.00;265
8946;32;5269201;8946;529;10426;10691;4.34;0.27;363.06;15.34;1480;49;3655.00;265
8950;32;5269225;8950;524;10426;10691;4.30;0.26;363.14;15.34;1476;49;3656.00;265
8956;32;5269248;8956;524;10426;10691;4.26;0.26;363.38;15.34;1470;49;3657.00;265
8958;32;5269265;8958;536;10430;10697;4.30;0.26;363.36;15.34;1472;49;3658.00;267
8965;32;5269286;8965;539;10431;10697;4.26;0.26;363.57;15.34;1466;49;3659.00;266
8967;32;5269307;8967;544;10431;10697;4.28;0.26;363.54;15.34;1464;49;3660.00;266
8973;32;5269326;8973;544;10431;10697;4.28;0.26;363.70;15.34;1458;49;3661.00;266
8976;32;5269348;8976;553;10435;10701;4.32;0.26;363.78;15.33;1459;49;3662.00;266
8981;32;5269366;8981;553;10436;10702;4.34;0.27;363.87;15.33;1455;49;3663.00;266
8985;32;5269384;8985;561;10439;10702;4.35;0.27;363.98;15.41;1454;49;3664.00;263
8987;32;5269404;8987;557;10439;10703;4.36;0.27;364.00;15.41;1452;49;3665.00;264
8990;32;5269422;8990;564;10440;10703;4.35;0.27;364.17;15.41;1450;49;3666.00;263
8998;32;5269442;8998;573;10440;10703;4.32;0.26;364.29;15.41;1442;49;3667.00;263
9001;32;5269462;9001;571;10441;10703;4.26;0.26;364.35;15.41;1440;49;3668.00;262
9006;32;5269481;9006;560;10441;10703;4.24;0.26;364.48;15.41;1435;49;3669.00;262
9010;32;5269500;9010;561;10444;10703;4.22;0.26;364.55;15.42;1434;49;3670.00;259
9011;32;5269519;9011;560;10444;10703;4.23;0.26;364.53;15.42;1433;49;3671.00;259
9017;32;5269537;9017;572;10482;10773;4.19;0.26;364.67;15.37;1465;49;3672.00;291
9021;32;5269565;9021;568;10482;10774;4.16;0.25;364.68;15.37;1461;49;3673.00;292
9022;32;5269589;9022;572;10486;10774;4.15;0.25;364.66;15.36;1464;49;3674.00;288
9025;32;5269612;9025;570;10487;10774;4.08;0.25;364.82;15.36;1462;49;3675.00;287
9028;32;5269636;9028;573;10490;10774;4.03;0.25;364.87;15.36;1462;49;3676.00;284
9031;32;5269657;9031;565;10491;10774;3.95;0.24;365.08;15.36;1460;49;3677.00;283
9031;32;5269681;9031;562;10494;10774;3.95;0.24;365.08;15.35;1463;49;3678.00;280
9032;32;5269701;9032;567;10496;10774;3.90;0.24;365.13;15.35;1464;49;3679.00;278
9034;32;5269720;9034;569;10499;10775;3.88;0.24;365.11;15.43;1465;49;3680.00;276
9037;32;5269741;9037;579;10501;10776;3.82;0.23;365.25;15.42;1464;49;3681.00;275
9040;32;5269762;9040;588;10501;10776;3.74;0.23;365.41;15.42;1461;49;3682.00;275
9041;32;5269780;9041;595;10506;10780;3.71;0.23;365.45;15.42;1465;49;3683.00;274
9042;32;5269798;9042;580;10506;10780;3.70;0.23;365.55;15.42;1464;49;3684.00;274
9046;32;5269816;9046;588;10508;10780;3.71;0.23;365.89;15.42;1462;49;3685.00;272
9049;32;5269834;9049;580;10509;10780;3.74;0.23;365.99;15.42;1460;49;3686.00;271
9055;32;5269851;9055;585;10515;10786;3.75;0.23;366.20;15.41;1460;49;3687.00;271
9058;32;5269869;9058;588;10517;10786;3.78;0.23;366.43;15.41;1459;49;3688.00;269
9061;32;5269886;9061;586;10518;10786;3.80;0.23;366.37;15.41;1457;49;3689.00;268
9062;32;5269911;9062;594;10523;10792;3.84;0.23;366.52;15.41;1461;49;3690.00;269
9066;32;5269929;9066;597;10525;10792;3.84;0.23;366.65;15.48;1459;49;3691.00;267
9068;32;5269952;9068;597;10527;10792;3.89;0.24;366.68;15.48;1459;49;3692.00;265
9073;32;5269969;9073;598;10528;10793;3.90;0.24;366.74;15.48;1455;49;3693.00;265
9076;32;5269985;9076;598;10529;10794;3.90;0.24;366.84;15.48;1453;49;3694.00;265
9076;32;5270005;9076;612;10530;10794;3.91;0.24;366.84;15.48;1454;49;3695.00;264
9078;32;5270023;9078;614;10542;10807;3.90;0.24;366.90;15.47;1464;49;3696.00;265
9079;32;5270041;9079;613;10543;10807;3.92;0.24;366.91;15.47;1464;49;3697.00;264
9082;32;5270059;9082;612;10543;10807;3.92;0.24;367.02;15.47;1461;49;3698.00;264
9084;32;5270077;9084;609;10544;10808;3.95;0.24;367.05;15.47;1460;49;3699.00;264
9084;32;5270096;9084;603;10544;10808;3.99;0.24;367.05;15.47;1460;49;3700.00;264
9084;32;5270120;9084;600;10549;10812;4.06;0.25;367.05;15.46;1465;49;3701.00;263
9087;32;5270141;9087;594;10550;10812;4.11;0.25;367.10;15.47;1463;49;3702.00;262
9089;32;5270160;9089;594;10553;10816;4.15;0.25;367.13;15.47;1464;49;3703.00;263
9092;32;5270185;9092;589;10553;10816;4.15;0.25;367.29;15.47;1461;49;3704.00;263
9094;32;5270205;9094;586;10553;10816;4.14;0.25;367.31;15.47;1459;50;3705.00;263
9096;32;5270237;9096;580;10553;10816;4.11;0.25;367.32;15.47;1457;50;3706.00;263
9100;32;5270255;9100;579;10553;10816;4.08;0.25;367.44;15.47;1453;50;3707.00;263
9101;32;5270274;9101;593;10562;10828;4.12;0.25;367.41;15.46;1461;50;3708.00;266
9103;32;5270293;9103;589;10562;10828;4.10;0.25;367.48;15.46;1459;50;3709.00;266
9108;32;5270311;9108;594;10564;10828;4.08;0.25;367.56;15.45;1456;50;3710.00;264
9108;32;5270330;9108;600;10564;10828;4.11;0.25;367.56;15.45;1456;50;3711.00;264
9110;32;5270346;9110;596;10564;10828;4.06;0.25;367.57;15.45;1454;50;3712.00;264
9110;32;5270363;9110;606;10564;10828;4.08;0.25;367.57;15.45;1454;50;3713.00;264
9111;32;5270381;9111;601;10564;10829;4.09;0.25;367.54;15.45;1453;50;3714.00;265
9114;32;5270398;9114;601;10564;10829;4.07;0.25;367.57;15.45;1450;50;3715.00;265
9119;32;5270416;9119;607;10569;10835;4.08;0.25;367.51;15.45;1450;50;3716.00;266
9124;32;5270434;9124;615;10570;10836;4.06;0.25;367.57;15.44;1446;50;3717.00;266
9129;32;5270453;9129;616;10570;10836;4.02;0.24;367.55;15.44;1441;50;3718.00;266
9129;32;5270471;9129;623;10570;10836;4.01;0.24;367.55;15.44;1441;50;3719.00;266
9130;32;5270488;9130;631;10574;10841;4.02;0.24;367.52;15.44;1444;50;3720.00;267
9132;32;5270504;9132;621;10574;10841;4.00;0.24;367.60;15.44;1442;50;3721.00;267
9137;32;5270520;9137;617;10574;10841;3.96;0.24;367.58;15.44;1437;50;3722.00;267
9138;32;5270536;9138;618;10575;10842;3.98;0.24;367.55;15.44;1437;50;3723.00;267
9139;32;5270553;9139;613;10578;10846;3.99;0.24;367.54;15.43;1439;50;3724.00;268
9143;32;5270570;9143;614;10578;10846;3.98;0.24;367.47;15.43;1435;50;3725.00;268
9143;32;5270587;9143;612;10580;10849;4.03;0.24;367.47;15.43;1437;50;3726.00;269
9145;32;5270602;9145;607;10580;10849;4.05;0.25;367.52;15.43;1435;50;3727.00;269
9147;32;5270619;9147;606;10581;10849;4.08;0.25;367.53;15.43;1434;50;3728.00;268
9147;32;5270635;9147;605;10581;10849;4.12;0.25;367.53;15.43;1434;50;3729.00;268
9148;32;5270649;9148;603;10585;10853;4.18;0.25;367.60;15.42;1437;50;3730.00;268
9153;32;5270666;9153;602;10585;10853;4.14;0.25;367.62;15.42;1432;50;3731.00;268
9154;32;5270704;9154;596;10585;10853;4.17;0.25;367.63;15.42;1431;50;3732.00;268
9160;32;5270722;9160;589;10585;10853;4.15;0.25;367.60;15.42;1425;50;3733.00;268
9161;32;5270741;9161;588;10585;10854;4.17;0.25;367.57;15.42;1424;50;3734.00;269
9165;32;5270757;9165;591;10589;10856;4.16;0.25;367.52;15.56;1424;50;3735.00;267
9168;32;5270779;9168;576;10589;10856;4.14;0.25;367.48;15.56;1421;50;3736.00;267
9170;32;5270797;9170;574;10590;10857;4.16;0.25;367.47;15.56;1420;50;3737.00;267
9172;32;5270814;9172;579;10590;10857;4.14;0.25;367.46;15.56;1418;50;3738.00;267
9174;32;5270831;9174;580;10590;10857;4.10;0.25;367.45;15.56;1416;50;3739.00;267
9176;32;5270849;9176;579;10590;10857;4.07;0.25;367.50;15.56;1414;50;3740.00;267
9176;32;5270866;9176;584;10590;10857;4.10;0.25;367.50;15.56;1414;50;3741.00;267
9176;32;5270883;9176;569;10590;10857;4.14;0.25;367.50;15.56;1414;50;3742.00;267
9177;32;5270900;9177;564;10590;10857;4.16;0.25;367.47;15.56;1413;50;3743.00;267
9179;32;5270917;9179;572;10655;10984;4.41;0.27;367.39;15.47;1476;50;3744.00;329
9180;32;5270947;9180;564;10659;10985;4.44;0.27;367.38;15.46;1479;50;3745.00;326
9180;32;5270965;9180;559;10666;10985;4.51;0.28;367.38;15.45;1486;50;3746.00;319
9181;32;5270982;9181;550;10672;10985;4.55;0.28;367.36;15.44;1491;50;3747.00;313
9182;32;5270999;9182;551;10677;10985;4.65;0.29;367.34;15.44;1495;50;3748.00;308
9183;32;5271024;9183;547;10679;10985;4.67;0.29;367.31;15.44;1496;50;3749.00;306
9183;32;5271042;9183;543;10683;10990;4.70;0.29;367.31;15.43;1500;50;3750.00;307
9183;32;5271059;9183;537;10685;10990;4.73;0.29;367.31;15.43;1502;50;3751.00;305
9186;33;5271076;9186;535;10687;10991;4.71;0.29;367.32;15.43;1501;51;3752.00;304
9187;33;5271103;9187;541;10692;10992;4.68;0.29;367.36;15.43;1505;51;3753.00;300
9188;33;5271133;9188;530;10694;10992;4.63;0.28;367.32;15.43;1506;51;3754.00;298
9192;33;5271153;9192;539;10696;10993;4.59;0.28;367.40;15.42;1504;51;3755.00;297
9194;33;5271172;9194;538;10701;10993;4.58;0.28;367.36;15.42;1507;51;3756.00;292
9194;33;5271190;9194;548;10704;10993;4.59;0.28;367.36;15.42;1510;51;3757.00;289
9195;33;5271208;9195;551;10706;10993;4.60;0.28;367.37;15.42;1511;51;3758.00;287
9196;33;5271226;9196;568;10710;10997;4.59;0.28;367.36;15.42;1514;51;3759.00;287
9198;33;5271242;9198;568;10713;10997;4.59;0.28;367.47;15.49;1515;51;3760.00;284
9199;33;5271260;9199;566;10716;10997;4.59;0.28;367.46;15.63;1517;51;3761.00;281
9201;33;5271277;9201;575;10720;11000;4.62;0.28;367.50;15.70;1519;51;3762.00;280
9204;33;5271295;9204;591;10722;11000;4.62;0.28;367.50;15.70;1518;51;3763.00;278
9208;33;5271312;9208;592;10724;11000;4.60;0.28;367.60;15.70;1516;51;3764.00;276
9209;33;5271331;9209;597;10728;11004;4.58;0.28;367.62;15.76;1519;51;3765.00;276
9211;33;5271350;9211;601;10729;11005;4.57;0.28;367.68;15.76;1518;51;3766.00;276
9213;33;5271369;9213;604;10732;11005;4.54;0.28;367.68;15.83;1519;51;3767.00;273
9215;33;5271386;9215;600;10735;11009;4.52;0.28;367.80;15.83;1520;51;3768.00;274
9217;33;5271404;9217;606;10735;11009;4.46;0.27;367.90;15.83;1518;51;3769.00;274
9218;33;5271423;9218;613;10736;11009;4.40;0.27;367.91;15.90;1518;51;3770.00;273
9219;33;5271441;9219;611;10737;11010;4.36;0.27;367.89;15.90;1518;51;3771.00;273
9220;33;5271459;9220;610;10739;11010;4.37;0.27;367.88;16.04;1519;51;3772.00;271
9224;33;5271477;9224;615;10745;11016;4.36;0.27;367.86;16.10;1521;51;3773.00;271
9227;33;5271496;9227;618;10745;11016;4.34;0.27;367.90;16.10;1518;51;3774.00;271
9230;33;5271514;9230;617;10746;11017;4.29;0.26;367.95;16.16;1516;51;3775.00;271
9232;33;5271532;9232;612;10747;11017;4.27;0.26;368.07;16.23;1515;51;3776.00;270
9233;33;5271549;9233;617;10747;11017;4.23;0.26;368.06;16.23;1514;51;3777.00;270
9237;33;5271568;9237;617;10748;11017;4.18;0.25;368.01;16.30;1511;51;3778.00;269
9238;33;5271585;9238;613;10748;11017;4.15;0.25;368.08;16.30;1510;51;3779.00;269
9240;33;5271605;9240;620;10774;11053;4.21;0.26;368.14;16.26;1534;51;3780.00;279
9242;33;5271627;9242;611;10776;11053;4.19;0.26;368.14;16.33;1534;51;3781.00;277
9243;33;5271646;9243;611;10780;11053;4.18;0.26;368.26;16.46;1537;51;3782.00;273
9244;33;5271664;9244;615;10781;11053;4.16;0.26;368.39;16.53;1537;51;3783.00;272
9246;33;5271683;9246;615;10782;11053;4.18;0.26;368.36;16.53;1536;51;3784.00;271
9251;33;5271702;9251;619;10783;11053;4.13;0.25;368.35;16.60;1532;51;3785.00;270
9253;33;5271721;9253;618;10787;11057;4.09;0.25;368.35;16.60;1534;51;3786.00;270
9256;33;5271740;9256;631;10789;11057;4.05;0.25;368.32;16.73;1533;51;3787.00;268
9257;33;5271756;9257;629;10793;11061;4.07;0.25;368.42;16.72;1536;51;3788.00;268
9262;33;5271773;9262;625;10795;11062;4.04;0.25;368.74;16.79;1533;51;3789.00;267
9263;33;5271790;9263;624;10795;11062;4.04;0.25;368.75;16.79;1532;51;3790.00;267
9268;33;5271807;9268;621;10796;11062;3.99;0.24;368.80;16.86;1528;51;3791.00;266
9272;33;5271822;9272;629;10806;11075;3.93;0.24;368.76;16.91;1534;51;3792.00;269
9275;33;5271840;9275;626;10807;11075;3.90;0.24;368.78;16.97;1532;51;3793.00;268
9277;33;5271856;9277;639;10808;11075;3.84;0.24;368.74;17.04;1531;51;3794.00;267
9280;33;5271872;9280;630;10808;11076;3.82;0.23;368.75;17.04;1528;51;3795.00;268
9284;33;5271891;9284;631;10809;11077;3.78;0.23;368.83;17.11;1525;51;3796.00;268
9289;33;5271910;9289;635;10810;11077;3.76;0.23;368.88;17.17;1521;51;3797.00;267
9291;33;5271930;9291;630;10812;11080;3.74;0.23;368.88;17.17;1521;51;3798.00;268
9294;33;5271949;9294;628;10813;11080;3.74;0.23;368.93;17.23;1519;51;3799.00;267
9296;33;5271969;9296;628;10814;11080;3.75;0.23;368.90;17.30;1518;51;3800.00;266
9299;33;5271991;9299;625;10815;11080;3.75;0.23;368.93;17.30;1516;51;3801.00;265
9301;33;5272009;9301;619;10820;11086;3.78;0.23;369.02;17.36;1519;51;3802.00;266
9303;33;5272029;9303;620;10820;11086;3.79;0.23;368.98;17.36;1517;51;3803.00;266
9306;33;5272046;9306;619;10820;11086;3.81;0.23;368.99;17.36;1514;51;3804.00;266
9312;33;5272061;9312;617;10820;11086;3.83;0.23;369.10;17.36;1508;51;3805.00;266
9313;33;5272077;9313;619;10823;11090;3.84;0.23;369.11;17.35;1510;51;3806.00;267
9318;33;5272093;9318;615;10825;11091;3.84;0.23;369.22;17.35;1507;51;3807.00;266
9320;33;5272110;9320;617;10826;11091;3.90;0.24;369.30;17.35;1506;51;3808.00;265
9323;33;5272128;9323;607;10827;11092;3.93;0.24;369.44;17.35;1504;51;3809.00;265
9328;33;5272148;9328;606;10828;11092;3.99;0.24;369.57;17.35;1500;51;3810.00;264
9330;33;5272165;9330;607;10828;11092;4.05;0.25;369.65;17.35;1498;51;3811.00;264
9334;33;5272182;9334;607;10829;11092;4.05;0.25;369.78;17.35;1495;51;3812.00;263
9337;33;5272198;9337;601;10829;11092;4.02;0.25;369.87;17.35;1492;51;3813.00;263
9339;33;5272215;9339;605;10829;11092;4.06;0.25;369.86;17.35;1490;51;3814.00;263
9342;33;5272233;9342;610;10829;11092;4.06;0.25;369.96;17.35;1487;51;3815.00;263
9345;33;5272250;9345;617;10863;11162;4.14;0.25;369.96;17.29;1518;51;3816.00;299
9350;33;5272275;9350;614;10867;11163;4.13;0.25;370.15;17.29;1517;51;3817.00;296
9355;34;5272295;9355;616;10872;11163;4.08;0.25;370.34;17.28;1517;52;3818.00;291
9357;34;5272324;9357;614;10874;11163;4.06;0.25;370.35;17.28;1517;52;3819.00;289
9363;34;5272344;9363;615;10875;11163;3.99;0.24;370.59;17.28;1512;52;3820.00;288
9369;34;5272363;9369;616;10876;11163;3.95;0.24;370.66;17.28;1507;52;3821.00;287
9371;34;5272388;9371;615;10877;11163;3.91;0.24;370.64;17.28;1506;52;3822.00;286
9378;35;5272405;9378;615;10879;11163;3.85;0.23;370.77;17.27;1501;53;3823.00;284
9382;35;5272437;9382;603;10880;11164;3.83;0.23;370.89;17.27;1498;53;3824.00;284
9387;35;5272458;9387;606;10882;11166;3.83;0.23;370.85;17.27;1495;53;3825.00;284
9391;35;5272476;9391;604;10882;11166;3.81;0.23;370.87;17.27;1491;53;3826.00;284
9396;35;5272494;9396;610;10886;11170;3.78;0.23;370.82;17.27;1490;53;3827.00;284
9398;35;5272513;9398;601;10886;11170;3.79;0.23;370.94;17.27;1488;53;3828.00;284
9403;35;5272531;9403;607;10888;11170;3.75;0.23;370.91;17.26;1485;53;3829.00;282
9408;35;5272549;9408;614;10888;11170;3.76;0.23;371.01;17.26;1480;53;3830.00;282
9409;35;5272567;9409;610;10892;11176;3.79;0.23;371.03;17.26;1483;53;3831.00;284
9414;35;5272585;9414;607;10895;11176;3.80;0.23;371.12;17.26;1481;53;3832.00;281
9416;35;5272603;9416;611;10896;11176;3.81;0.23;371.12;17.26;1480;53;3833.00;280
9419;35;5272620;9419;607;10897;11179;3.85;0.23;371.11;17.26;1478;53;3834.00;282
9421;35;5272638;9421;617;10898;11179;3.87;0.24;371.13;17.26;1477;53;3835.00;281
9425;35;5272660;9425;618;10899;11179;3.81;0.23;371.14;17.26;1474;53;3836.00;280
9429;35;5272678;9429;620;10902;11180;3.78;0.23;371.13;17.34;1473;53;3837.00;278
9430;35;5272697;9430;623;10904;11181;3.77;0.23;371.14;17.34;1474;53;3838.00;277
9433;35;5272714;9433;634;10904;11181;3.74;0.23;371.22;17.34;1471;53;3839.00;277
9436;35;5272734;9436;646;10922;11207;3.74;0.23;371.38;17.31;1486;53;3840.00;285
9437;35;5272754;9437;650;10923;11207;3.73;0.23;371.39;17.31;1486;53;3841.00;284
9440;35;5272771;9440;647;10925;11207;3.71;0.23;371.51;17.31;1485;53;3842.00;282
9444;35;5272790;9444;656;10927;11208;3.69;0.23;371.56;17.31;1483;53;3843.00;281
9446;35;5272809;9446;639;10927;11208;3.72;0.23;371.66;17.31;1481;53;3844.00;281
9451;35;5272826;9451;647;10930;11212;3.76;0.23;371.78;17.31;1479;53;3845.00;282
9454;35;5272845;9454;646;10931;11214;3.77;0.23;371.81;17.31;1477;53;3846.00;283
9455;35;5272862;9455;644;10937;11218;3.81;0.23;371.81;17.30;1482;53;3847.00;281
9456;35;5272879;9456;632;10937;11218;3.83;0.23;371.82;17.30;1481;53;3848.00;281
9460;35;5272896;9460;629;10939;11218;3.81;0.23;371.93;17.30;1479;53;3849.00;279
9463;35;5272915;9463;634;10939;11218;3.78;0.23;371.93;17.30;1476;53;3850.00;279
9467;35;5272932;9467;622;10941;11218;3.72;0.23;372.06;17.30;1474;53;3851.00;277
9471;35;5272949;9471;623;10952;11230;3.73;0.23;372.10;17.37;1481;53;3852.00;278
9472;35;5272966;9472;622;10952;11230;3.77;0.23;372.17;17.37;1480;53;3853.00;278
9476;35;5272983;9476;618;10954;11230;3.77;0.23;372.16;17.37;1478;53;3854.00;276
9479;35;5273002;9479;620;10954;11230;3.76;0.23;372.24;17.37;1475;53;3855.00;276
9480;35;5273021;9480;627;10954;11230;3.82;0.23;372.24;17.37;1474;53;3856.00;276
9484;35;5273041;9484;623;10956;11230;3.85;0.23;372.36;17.46;1472;53;3857.00;274
9487;35;5273060;9487;626;10956;11231;3.87;0.24;372.36;17.46;1469;53;3858.00;275
9489;35;5273077;9489;625;10956;11231;3.92;0.24;372.46;17.46;1467;53;3859.00;275
9491;35;5273094;9491;621;10961;11237;3.97;0.24;372.46;17.45;1470;53;3860.00;276
9494;35;5273113;9494;627;10962;11238;3.97;0.24;372.59;17.45;1468;53;3861.00;276
9497;35;5273130;9497;625;10962;11238;3.97;0.24;372.56;17.45;1465;53;3862.00;276
9498;35;5273148;9498;620;10962;11238;4.01;0.24;372.60;17.45;1464;53;3863.00;276
9499;35;5273166;9499;620;10965;11242;4.07;0.25;372.66;17.44;1466;53;3864.00;277
9501;35;5273183;9501;625;10965;11242;4.05;0.25;372.66;17.44;1464;53;3865.00;277
9502;35;5273199;9502;625;10965;11242;4.05;0.25;372.65;17.44;1463;53;3866.00;277
9503;35;5273216;9503;625;10966;11243;4.04;0.24;372.61;17.44;1463;53;3867.00;277
9505;35;5273232;9505;631;10969;11247;4.04;0.24;372.59;17.44;1464;53;3868.00;278
9508;35;5273250;9508;634;10969;11247;3.99;0.24;372.56;17.44;1461;53;3869.00;278
9510;35;5273271;9510;625;10973;11253;3.97;0.24;372.54;17.43;1463;53;3870.00;280
9511;35;5273287;9511;635;10974;11253;3.93;0.24;372.52;17.43;1463;53;3871.00;279
9513;35;5273303;9513;627;10975;11253;3.91;0.24;372.49;17.43;1462;53;3872.00;278
9515;35;5273319;9515;631;10975;11253;3.84;0.23;372.44;17.43;1460;53;3873.00;278
9517;35;5273335;9517;631;10979;11257;3.80;0.23;372.38;17.42;1462;53;3874.00;278
9521;35;5273352;9521;627;10979;11257;3.77;0.23;372.52;17.42;1458;53;3875.00;278
9522;35;5273368;9522;628;10979;11257;3.74;0.23;372.49;17.42;1457;53;3876.00;278
9524;35;5273383;9524;628;10979;11257;3.72;0.23;372.46;17.42;1455;53;3877.00;278
9525;35;5273398;9525;638;10979;11258;3.72;0.23;372.44;17.42;1454;53;3878.00;279
9525;35;5273415;9525;640;10980;11259;3.72;0.23;372.44;17.42;1455;53;3879.00;279
9527;35;5273432;9527;644;10980;11259;3.72;0.23;372.49;17.42;1453;53;3880.00;279
9529;35;5273450;9529;645;10981;11260;3.73;0.23;372.42;17.42;1452;53;3881.00;279
9532;35;5273466;9532;645;10981;11260;3.74;0.23;372.41;17.42;1449;53;3882.00;279
9533;35;5273484;9533;642;10981;11260;3.71;0.23;372.45;17.42;1448;53;3883.00;279
9536;35;5273508;9536;644;10981;11260;3.66;0.22;372.57;17.42;1445;53;3884.00;279
9538;35;5273527;9538;651;10981;11260;3.68;0.23;372.63;17.42;1443;53;3885.00;279
9539;35;5273545;9539;640;10981;11260;3.71;0.23;372.61;17.42;1442;53;3886.00;279
9540;35;5273563;9540;645;10981;11260;3.73;0.23;372.61;17.42;1441;53;3887.00;279
9541;35;5273581;9541;657;11052;11387;3.94;0.25;372.60;17.31;1511;53;3888.00;335
9542;35;5273609;9542;631;11052;11388;3.99;0.25;372.60;17.31;1510;53;3889.00;336
9547;35;5273631;9547;603;11059;11388;4.07;0.25;372.69;17.30;1512;53;3890.00;329
9554;35;5273653;9554;586;11063;11388;4.09;0.25;372.68;17.38;1509;53;3891.00;325
9556;35;5273675;9556;571;11069;11388;4.14;0.26;372.69;17.38;1513;53;3892.00;319
9557;35;5273699;9557;563;11071;11388;4.21;0.26;372.70;17.37;1514;53;3893.00;317
9558;36;5273719;9558;563;11074;11388;4.30;0.27;372.68;17.37;1516;54;3894.00;314
9561;36;5273752;9561;564;11077;11388;4.35;0.27;372.71;17.37;1516;54;3895.00;311
9563;36;5273776;9563;560;11078;11389;4.39;0.27;372.77;17.37;1515;54;3896.00;311
9566;36;5273794;9566;560;11081;11390;4.44;0.27;372.81;17.36;1515;54;3897.00;309
9570;36;5273812;9570;544;11082;11390;4.45;0.27;372.84;17.36;1512;54;3898.00;308
9571;36;5273830;9571;541;11086;11391;4.45;0.27;372.85;17.51;1515;54;3899.00;305
9575;36;5273859;9575;545;11093;11406;4.45;0.27;372.86;17.50;1518;54;3900.00;313
9577;36;5273884;9577;532;11095;11406;4.44;0.27;372.83;17.50;1518;54;3901.00;311
9582;36;5273904;9582;535;11097;11406;4.39;0.27;372.74;17.50;1515;54;3902.00;309
9584;36;5273925;9584;529;11100;11410;4.38;0.27;372.75;17.50;1516;54;3903.00;310
9589;36;5273944;9589;536;11103;11410;4.34;0.27;372.75;17.49;1514;54;3904.00;307
9589;36;5273963;9589;543;11107;11410;4.34;0.27;372.75;17.49;1518;54;3905.00;303
9591;36;5273980;9591;546;11111;11413;4.37;0.27;372.74;17.58;1520;54;3906.00;302
9594;36;5273998;9594;533;11112;11413;4.35;0.26;372.75;17.58;1518;54;3907.00;301
9595;36;5274015;9595;525;11114;11413;4.35;0.26;372.72;17.58;1519;54;3908.00;299
9597;36;5274035;9597;537;11119;11417;4.33;0.26;372.72;17.57;1522;54;3909.00;298
9598;36;5274054;9598;538;11120;11418;4.31;0.26;372.70;17.57;1522;54;3910.00;298
9599;36;5274076;9599;546;11123;11418;4.30;0.26;372.81;17.57;1524;54;3911.00;295
9600;36;5274102;9600;545;11126;11422;4.28;0.26;372.86;17.56;1526;54;3912.00;296
9602;36;5274120;9602;542;11126;11422;4.25;0.26;372.94;17.56;1524;54;3913.00;296
9603;36;5274139;9603;549;11127;11422;4.24;0.26;373.06;17.56;1524;54;3914.00;295
9605;36;5274162;9605;544;11129;11424;4.21;0.26;373.10;17.56;1524;54;3915.00;295
9607;36;5274182;9607;562;11131;11424;4.18;0.25;373.17;17.56;1524;54;3916.00;293
9609;36;5274204;9609;563;11135;11430;4.16;0.25;373.20;17.55;1526;54;3917.00;295
9610;36;5274223;9610;567;11135;11430;4.17;0.25;373.19;17.55;1525;54;3918.00;295
9613;36;5274244;9613;566;11135;11431;4.12;0.25;373.26;17.55;1522;54;3919.00;296
9615;36;5274263;9615;574;11135;11431;4.10;0.25;373.36;17.55;1520;54;3920.00;296
9617;36;5274282;9617;584;11135;11431;4.10;0.25;373.44;17.55;1518;54;3921.00;296
9620;36;5274301;9620;595;11137;11431;4.08;0.25;373.43;17.55;1517;54;3922.00;294
9621;36;5274323;9621;598;11137;11431;4.09;0.25;373.52;17.55;1516;54;3923.00;294
9622;36;5274339;9622;604;11148;11443;4.12;0.25;373.50;17.54;1526;54;3924.00;295
9624;36;5274365;9624;604;11150;11443;4.13;0.25;373.66;17.69;1526;54;3925.00;293
9628;36;5274384;9628;614;11151;11443;4.13;0.25;373.78;17.68;1523;54;3926.00;292
9631;36;5274403;9631;621;11153;11443;4.14;0.25;373.85;17.68;1522;54;3927.00;290
9631;36;5274422;9631;625;11154;11443;4.17;0.25;373.85;17.76;1523;54;3928.00;289
9633;36;5274439;9633;634;11154;11443;4.15;0.25;373.87;17.76;1521;54;3929.00;289
9635;36;5274459;9635;635;11157;11447;4.13;0.25;373.85;17.75;1522;54;3930.00;290
9636;36;5274477;9636;638;11158;11447;4.11;0.25;373.86;17.82;1522;54;3931.00;289
9639;37;5274495;9639;638;11162;11451;4.08;0.25;373.97;17.82;1523;55;3932.00;289
9641;37;5274542;9641;636;11164;11452;4.02;0.24;374.04;17.89;1523;55;3933.00;288
9644;37;5274568;9644;648;11164;11452;3.97;0.24;374.23;17.89;1520;55;3934.00;288
9649;37;5274587;9649;647;11165;11452;3.92;0.24;374.27;17.96;1516;55;3935.00;287
9651;37;5274605;9651;656;11178;11465;3.90;0.24;374.42;18.09;1527;55;3936.00;287
9652;37;5274626;9652;654;11179;11465;3.88;0.24;374.47;18.16;1527;55;3937.00;286
9654;37;5274644;9654;649;11179;11465;3.91;0.24;374.52;18.16;1525;55;3938.00;286
9656;37;5274661;9656;658;11181;11466;3.91;0.24;374.53;18.23;1525;55;3939.00;285
9658;37;5274679;9658;657;11182;11467;3.93;0.24;374.68;18.30;1524;55;3940.00;285
9658;37;5274697;9658;654;11182;11467;3.95;0.24;374.68;18.30;1524;55;3941.00;285
9659;37;5274715;9659;657;11186;11470;3.98;0.24;374.72;18.43;1527;55;3942.00;284
9660;37;5274732;9660;658;11186;11470;3.96;0.24;374.76;18.43;1526;55;3943.00;284
9664;37;5274750;9664;654;11187;11470;3.95;0.24;374.74;18.43;1523;55;3944.00;283
9666;37;5274770;9666;646;11187;11470;3.92;0.24;374.85;18.43;1521;55;3945.00;283
9669;37;5274788;9669;642;11194;11476;3.95;0.24;374.86;18.56;1525;55;3946.00;282
9670;37;5274807;9670;645;11198;11476;3.97;0.24;374.83;18.83;1528;55;3947.00;278
9674;37;5274825;9674;645;11199;11476;3.96;0.24;374.91;18.90;1525;55;3948.00;277
9678;37;5274844;9678;642;11201;11476;3.97;0.24;374.89;19.04;1523;55;3949.00;275
9679;37;5274863;9679;646;11204;11480;3.95;0.24;374.92;19.03;1525;55;3950.00;276
9683;37;5274880;9683;648;11207;11481;3.91;0.24;375.02;19.16;1524;55;3951.00;274
9684;37;5274899;9684;650;11207;11481;3.91;0.24;375.05;19.16;1523;55;3952.00;274
9688;37;5274917;9688;649;11208;11482;3.87;0.23;375.14;19.16;1520;55;3953.00;274
9690;37;5274935;9690;649;11210;11482;3.84;0.23;375.22;19.29;1520;55;3954.00;272
9692;37;5274954;9692;648;11210;11482;3.81;0.23;375.24;19.29;1518;55;3955.00;272
9696;37;5274972;9696;642;11210;11482;3.75;0.23;375.18;19.29;1514;55;3956.00;272
9702;37;5274990;9702;649;11212;11482;3.67;0.22;375.31;19.42;1510;55;3957.00;270
9704;37;5275008;9704;656;11212;11482;3.66;0.22;375.40;19.42;1508;55;3958.00;270
9707;37;5275026;9707;651;11213;11482;3.65;0.22;375.41;19.48;1506;55;3959.00;269
9710;37;5275049;9710;668;11276;11607;3.83;0.24;375.39;19.44;1566;55;3960.00;331
9713;37;5275080;9713;657;11281;11608;3.82;0.24;375.39;19.43;1568;55;3961.00;327
9716;37;5275103;9716;652;11290;11608;3.82;0.24;375.40;19.48;1574;55;3962.00;318
9719;37;5275126;9719;658;11295;11608;3.81;0.23;375.36;19.54;1576;55;3963.00;313
9720;37;5275146;9720;661;11299;11608;3.80;0.23;375.43;19.54;1579;55;3964.00;309
9724;37;5275167;9724;655;11303;11608;3.76;0.23;375.48;19.66;1579;55;3965.00;305
9726;37;5275188;9726;660;11307;11608;3.74;0.23;375.56;19.66;1581;55;3966.00;301
9728;37;5275216;9728;662;11311;11608;3.69;0.23;375.64;19.65;1583;55;3967.00;297
9731;37;5275243;9731;666;11316;11609;3.63;0.22;375.65;19.78;1585;55;3968.00;293
9736;37;5275267;9736;672;11318;11610;3.58;0.22;375.86;19.78;1582;55;3969.00;292
9737;37;5275288;9737;672;11319;11610;3.57;0.22;375.86;19.84;1582;55;3970.00;291
9742;37;5275309;9742;683;11323;11614;3.54;0.22;376.10;19.84;1581;55;3971.00;291
9744;37;5275328;9744;682;11323;11614;3.54;0.22;376.13;19.84;1579;55;3972.00;291
9747;37;5275347;9747;693;11325;11614;3.53;0.22;376.14;19.84;1578;55;3973.00;289
9747;37;5275366;9747;699;11325;11614;3.54;0.22;376.14;19.84;1578;55;3974.00;289
9750;37;5275385;9750;700;11329;11620;3.50;0.21;376.15;19.83;1579;55;3975.00;291
9754;37;5275405;9754;695;11330;11620;3.46;0.21;376.21;19.83;1576;55;3976.00;290
9756;37;5275424;9756;705;11330;11620;3.44;0.21;376.22;19.83;1574;55;3977.00;290
9760;37;5275442;9760;711;11331;11623;3.42;0.21;376.28;19.83;1571;55;3978.00;292
9764;37;5275462;9764;701;11331;11623;3.41;0.21;376.29;19.83;1567;55;3979.00;292
9765;37;5275480;9765;696;11331;11623;3.46;0.21;376.33;19.83;1566;55;3980.00;292
9767;37;5275499;9767;698;11331;11624;3.47;0.21;376.30;19.83;1564;55;3981.00;293
9773;37;5275518;9773;702;11332;11625;3.49;0.21;376.43;19.82;1559;55;3982.00;293
9774;37;5275538;9774;705;11333;11625;3.54;0.22;376.47;19.83;1559;55;3983.00;292
9779;37;5275556;9779;703;11342;11638;3.56;0.22;376.50;19.81;1563;55;3984.00;296
9782;37;5275576;9782;699;11343;11638;3.57;0.22;376.51;19.81;1561;55;3985.00;295
9786;37;5275593;9786;697;11345;11638;3.60;0.22;376.67;19.81;1559;55;3986.00;293
9789;37;5275618;9789;703;11345;11639;3.59;0.22;376.81;19.81;1556;55;3987.00;294
9793;37;5275641;9793;704;11345;11639;3.57;0.22;377.02;19.81;1552;55;3988.00;294
9797;37;5275664;9797;701;11348;11643;3.57;0.22;377.04;19.80;1551;55;3989.00;295
9802;37;5275688;9802;696;11348;11643;3.52;0.21;377.14;19.80;1546;55;3990.00;295
9806;37;5275711;9806;700;11351;11647;3.50;0.21;377.13;19.80;1545;55;3991.00;296
9811;37;5275732;9811;704;11351;11647;3.45;0.21;377.19;19.80;1540;55;3992.00;296
9813;37;5275751;9813;701;11351;11647;3.43;0.21;377.18;19.80;1538;55;3993.00;296
9819;37;5275768;9819;705;11351;11647;3.35;0.20;377.26;19.80;1532;55;3994.00;296
9821;37;5275784;9821;700;11351;11647;3.29;0.20;377.37;19.80;1530;55;3995.00;296
9824;37;5275804;9824;710;11360;11659;3.30;0.20;377.41;19.79;1536;55;3996.00;299
9830;37;5275830;9830;710;11360;11659;3.21;0.20;377.66;19.79;1530;55;3997.00;299
9835;37;5275850;9835;718;11361;11659;3.15;0.19;377.73;19.78;1526;55;3998.00;298
9836;37;5275867;9836;724;11361;11659;3.12;0.19;377.73;19.78;1525;55;3999.00;298
9840;37;5275886;9840;716;11362;11659;3.04;0.19;377.91;19.78;1522;55;4000.00;297
9842;37;5275909;9842;715;11363;11659;3.02;0.18;377.98;19.79;1521;55;4001.00;296
9844;37;5275926;9844;730;11363;11660;2.98;0.18;378.03;19.79;1519;55;4002.00;297
9849;37;5275943;9849;733;11364;11660;2.94;0.18;377.97;19.78;1515;55;4003.00;296
9851;37;5275962;9851;742;11369;11666;2.92;0.18;378.01;19.78;1518;55;4004.00;297
9853;37;5275980;9853;751;11371;11668;2.90;0.18;378.08;19.78;1518;55;4005.00;297
9853;37;5275998;9853;750;11371;11668;2.89;0.18;378.08;19.78;1518;55;4006.00;297
9856;37;5276015;9856;747;11372;11668;2.88;0.18;378.24;19.78;1516;55;4007.00;296
9862;37;5276033;9862;755;11376;11672;2.88;0.17;378.14;19.77;1514;55;4008.00;296
9865;37;5276053;9865;745;11376;11672;2.88;0.17;378.11;19.77;1511;55;4009.00;296
9865;37;5276071;9865;745;11376;11672;2.90;0.18;378.11;19.77;1511;55;4010.00;296
9866;37;5276088;9866;756;11377;11673;2.94;0.18;378.08;19.77;1511;55;4011.00;296
9872;37;5276105;9872;751;11381;11677;2.92;0.18;378.17;19.76;1509;55;4012.00;296
9873;37;5276123;9873;750;11381;11677;2.93;0.18;378.13;19.76;1508;55;4013.00;296
9875;37;5276145;9875;757;11384;11680;2.94;0.18;378.11;19.76;1509;55;4014.00;296
9876;37;5276162;9876;767;11384;11680;2.93;0.18;378.09;19.76;1508;55;4015.00;296
9877;37;5276179;9877;755;11386;11680;2.95;0.18;378.07;19.76;1509;55;4016.00;294
9878;37;5276196;9878;742;11386;11680;2.98;0.18;378.04;19.76;1508;55;4017.00;294
9880;37;5276211;9880;734;11389;11684;3.02;0.18;377.98;19.76;1509;55;4018.00;295
9881;37;5276228;9881;724;11390;11684;3.05;0.19;377.94;19.75;1509;55;4019.00;294
9882;37;5276246;9882;725;11390;11684;3.10;0.19;377.93;19.75;1508;55;4020.00;294
9883;37;5276262;9883;715;11391;11684;3.15;0.19;377.90;19.75;1508;55;4021.00;293
9884;37;5276279;9884;712;11391;11685;3.18;0.19;377.87;19.75;1507;55;4022.00;294
9886;37;5276294;9886;714;11392;11686;3.19;0.19;377.81;19.75;1506;55;4023.00;294
9888;37;5276313;9888;705;11392;11686;3.22;0.20;377.77;19.75;1504;55;4024.00;294
9890;37;5276329;9890;712;11393;11687;3.23;0.20;377.72;19.75;1503;55;4025.00;294
9892;37;5276346;9892;717;11393;11687;3.22;0.20;377.77;19.75;1501;55;4026.00;294
9894;37;5276365;9894;712;11393;11687;3.25;0.20;377.85;19.75;1499;55;4027.00;294
9894;37;5276383;9894;725;11393;11687;3.29;0.20;377.85;19.75;1499;55;4028.00;294
9894;37;5276400;9894;724;11393;11687;3.31;0.20;377.85;19.75;1499;55;4029.00;294
9895;37;5276416;9895;731;11393;11687;3.31;0.20;377.91;19.75;1498;55;4030.00;294
9895;37;5276433;9895;736;11393;11687;3.35;0.20;377.91;19.75;1498;55;4031.00;294
9895;37;5276448;9895;745;11456;11814;3.67;0.23;377.91;19.64;1561;55;4032.00;358
9895;37;5276474;9895;742;11458;11815;3.72;0.23;377.91;19.64;1563;55;4033.00;357
9896;37;5276490;9896;734;11467;11815;3.80;0.23;377.95;19.62;1571;55;4034.00;348
9897;37;5276507;9897;734;11471;11815;3.83;0.24;377.95;19.62;1574;55;4035.00;344
9898;37;5276524;9898;718;11477;11815;3.85;0.24;377.92;19.61;1579;55;4036.00;338
9898;37;5276541;9898;715;11481;11815;3.84;0.24;377.92;19.61;1583;55;4037.00;334
9900;37;5276559;9900;705;11486;11815;3.87;0.24;377.92;19.60;1586;55;4038.00;329
9900;37;5276577;9900;708;11488;11815;3.87;0.24;377.92;19.60;1588;55;4039.00;327
9901;37;5276601;9901;704;11489;11816;3.88;0.24;377.94;19.60;1588;55;4040.00;327
9902;37;5276626;9902;707;11492;11817;3.87;0.24;377.92;19.59;1590;55;4041.00;325
9905;37;5276645;9905;705;11492;11817;3.82;0.23;377.95;19.59;1587;55;4042.00;325
9907;37;5276670;9907;699;11493;11818;3.80;0.23;377.94;19.59;1586;55;4043.00;325
9908;37;5276687;9908;696;11494;11818;3.82;0.23;377.95;19.59;1586;55;4044.00;324
9908;37;5276705;9908;705;11496;11818;3.86;0.24;377.95;19.59;1588;55;4045.00;322
9909;37;5276723;9909;708;11500;11818;3.89;0.24;377.95;19.59;1591;55;4046.00;318
9909;37;5276740;9909;707;11504;11822;3.92;0.24;377.95;19.58;1595;55;4047.00;318
9911;37;5276759;9911;705;11505;11822;3.89;0.24;378.06;19.58;1594;55;4048.00;317
9911;37;5276781;9911;708;11506;11822;3.90;0.24;378.06;19.58;1595;55;4049.00;316
9913;38;5276806;9913;693;11510;11828;3.93;0.24;378.06;19.58;1597;56;4050.00;318
9915;38;5276842;9915;694;11511;11828;3.94;0.24;378.08;19.58;1596;56;4051.00;317
9917;38;5276860;9917;694;11512;11828;3.93;0.24;378.05;19.57;1595;56;4052.00;316
9918;38;5276888;9918;695;11517;11832;3.96;0.24;378.07;19.57;1599;56;4053.00;315
9920;38;5276921;9920;689;11518;11833;3.94;0.24;378.07;19.57;1598;56;4054.00;315
9920;38;5276955;9920;676;11520;11833;3.95;0.24;378.07;19.57;1600;56;4055.00;313
9922;38;5276995;9922;678;11523;11837;3.98;0.24;378.06;19.56;1601;56;4056.00;314
9925;38;5277042;9925;665;11525;11837;3.96;0.24;378.07;19.56;1600;56;4057.00;312
9928;38;5277066;9928;653;11525;11837;3.96;0.24;378.21;19.56;1597;56;4058.00;312
9928;38;5277092;9928;646;11526;11838;4.00;0.24;378.21;19.56;1598;56;4059.00;312
9932;38;5277115;9932;643;11526;11838;3.97;0.24;378.46;19.56;1594;56;4060.00;312
9933;38;5277134;9933;632;11530;11844;4.00;0.24;378.55;19.56;1597;56;4061.00;314
9935;38;5277162;9935;637;11531;11844;4.03;0.25;378.61;19.56;1596;56;4062.00;313
9936;38;5277180;9936;630;11532;11845;4.05;0.25;378.62;19.56;1596;56;4063.00;313
9937;38;5277198;9937;619;11532;11845;4.10;0.25;378.73;19.56;1595;56;4064.00;313
9941;38;5277218;9941;627;11532;11845;4.11;0.25;378.78;19.56;1591;56;4065.00;313
9943;38;5277236;9943;625;11534;11845;4.10;0.25;378.79;19.70;1591;56;4066.00;311
9945;38;5277258;9945;624;11534;11845;4.10;0.25;378.78;19.70;1589;56;4067.00;311
9948;38;5277277;9948;626;11543;11857;4.15;0.25;378.88;19.68;1595;56;4068.00;314
9949;38;5277296;9949;622;11543;11857;4.13;0.25;378.87;19.68;1594;56;4069.00;314
9952;38;5277315;9952;624;11545;11857;4.14;0.25;378.96;19.68;1593;56;4070.00;312
9954;38;5277339;9954;630;11545;11857;4.15;0.25;379.05;19.68;1591;56;4071.00;312
9957;38;5277358;9957;627;11545;11857;4.14;0.25;379.02;19.68;1588;56;4072.00;312
9960;38;5277379;9960;631;11547;11857;4.12;0.25;379.10;19.69;1587;56;4073.00;310
9963;38;5277399;9963;637;11550;11861;4.12;0.25;379.19;19.68;1587;56;4074.00;311
9969;38;5277421;9969;644;11551;11861;4.10;0.25;379.38;19.68;1582;56;4075.00;310
9970;38;5277440;9970;648;11555;11865;4.10;0.25;379.50;19.68;1585;56;4076.00;310
9971;38;5277459;9971;651;11556;11866;4.09;0.25;379.62;19.67;1585;56;4077.00;310
9972;38;5277478;9972;663;11557;11866;4.04;0.25;379.62;19.67;1585;56;4078.00;309
9974;38;5277496;9974;673;11557;11866;4.01;0.24;379.80;19.67;1583;56;4079.00;309
9975;38;5277516;9975;689;11578;11895;4.00;0.24;379.80;19.64;1603;56;4080.00;317
9977;38;5277536;9977;676;11578;11895;3.98;0.24;379.77;19.64;1601;56;4081.00;317
9978;38;5277554;9978;686;11581;11895;3.98;0.24;379.85;19.63;1603;56;4082.00;314
9981;38;5277571;9981;692;11583;11896;3.94;0.24;379.77;19.63;1602;56;4083.00;313
9984;38;5277590;9984;689;11583;11897;3.93;0.24;379.84;19.63;1599;56;4084.00;314
9986;38;5277606;9986;694;11583;11897;3.94;0.24;379.89;19.63;1597;56;4085.00;314
9987;38;5277623;9987;700;11586;11900;3.94;0.24;379.86;19.62;1599;56;4086.00;314
9988;38;5277641;9988;701;11586;11900;3.95;0.24;379.87;19.62;1598;56;4087.00;314
9989;38;5277659;9989;707;11586;11900;3.99;0.25;379.88;19.62;1597;56;4088.00;314
9991;38;5277677;9991;706;11586;11900;3.99;0.25;379.98;19.62;1595;56;4089.00;314
9992;38;5277695;9992;708;11591;11906;4.04;0.25;379.96;19.62;1599;56;4090.00;315
9997;38;5277713;9997;705;11591;11906;4.03;0.25;379.95;19.62;1594;56;4091.00;315
10001;38;5277731;10001;713;11591;11906;4.00;0.25;379.89;19.62;1590;56;4092.00;315
10002;38;5277748;10002;721;11591;11906;4.01;0.25;379.99;19.62;1589;56;4093.00;315
10004;38;5277764;10004;713;11594;11910;4.00;0.25;380.00;19.61;1590;56;4094.00;316
10008;38;5277781;10008;714;11596;11912;4.00;0.24;380.07;19.61;1588;56;4095.00;316
10012;38;5277799;10012;718;11596;11912;3.96;0.24;380.22;19.61;1584;56;4096.00;316
10013;38;5277819;10013;725;11597;11913;3.98;0.24;380.26;19.61;1584;57;4097.00;316
10015;38;5277846;10015;729;11597;11913;4.02;0.25;380.25;19.61;1582;57;4098.00;316
10017;38;5277862;10017;733;11597;11913;4.05;0.25;380.36;19.61;1580;57;4099.00;316
10021;38;5277881;10021;737;11597;11913;4.04;0.25;380.44;19.61;1576;57;4100.00;316
10025;38;5277902;10025;736;11597;11913;4.01;0.25;380.57;19.61;1572;57;4101.00;316
10027;38;5277921;10027;739;11597;11913;3.99;0.25;380.53;19.61;1570;57;4102.00;316
10031;38;5277939;10031;747;11597;11913;3.95;0.24;380.66;19.61;1566;57;4103.00;316
10034;38;5277956;10034;753;11632;11983;4.09;0.25;380.66;19.55;1598;57;4104.00;351
10039;38;5277978;10039;747;11636;11984;4.07;0.25;380.76;19.69;1597;57;4105.00;348
10042;38;5278000;10042;750;11641;11984;4.04;0.25;380.88;19.68;1599;57;4106.00;343
10044;38;5278017;10044;754;11641;11984;4.00;0.24;380.88;19.68;1597;57;4107.00;343
10047;38;5278033;10047;755;11642;11984;3.99;0.24;380.94;19.68;1595;57;4108.00;342
10049;38;5278049;10049;755;11643;11984;3.98;0.24;381.00;19.68;1594;57;4109.00;341
10050;38;5278074;10050;751;11646;11984;4.01;0.25;381.04;19.67;1596;57;4110.00;338
10054;38;5278090;10054;749;11648;11984;4.00;0.24;381.18;19.67;1594;57;4111.00;336
10057;38;5278107;10057;751;11649;11985;4.02;0.25;381.13;19.67;1592;57;4112.00;336
10060;38;5278124;10060;748;11650;11986;4.00;0.24;381.14;19.67;1590;57;4113.00;336
10061;38;5278141;10061;737;11651;11986;4.02;0.25;381.17;19.67;1590;57;4114.00;335
10066;38;5278158;10066;734;11654;11990;3.99;0.24;381.40;19.66;1588;57;4115.00;336
10068;38;5278176;10068;729;11656;11990;4.01;0.24;381.50;19.66;1588;57;4116.00;334
10071;38;5278192;10071;730;11656;11990;4.00;0.24;381.54;19.66;1585;57;4117.00;334
10076;38;5278208;10076;743;11656;11990;3.97;0.24;381.67;19.66;1580;57;4118.00;334
10078;38;5278224;10078;743;11660;11996;4.01;0.24;381.68;19.65;1582;57;4119.00;336
10083;38;5278241;10083;742;11660;11996;3.96;0.24;381.76;19.65;1577;57;4120.00;336
10085;38;5278257;10085;734;11660;11996;3.90;0.24;381.89;19.65;1575;57;4121.00;336
10087;38;5278274;10087;746;11661;11999;3.79;0.23;381.92;19.65;1574;57;4122.00;338
10089;38;5278291;10089;743;11661;11999;3.65;0.22;382.04;19.65;1572;57;4123.00;338
10091;38;5278306;10091;755;11661;11999;3.53;0.21;382.15;19.65;1570;57;4124.00;338
10093;38;5278326;10093;739;11661;12000;3.45;0.21;382.15;19.65;1568;57;4125.00;339
10097;38;5278341;10097;743;11662;12001;3.41;0.21;382.25;19.65;1565;57;4126.00;339
10098;38;5278357;10098;737;11662;12001;3.37;0.21;382.27;19.65;1564;57;4127.00;339
10102;38;5278372;10102;745;11673;12014;3.39;0.21;382.35;19.63;1571;57;4128.00;341
10104;38;5278389;10104;740;11673;12014;3.38;0.21;382.41;19.63;1569;57;4129.00;341
10108;38;5278405;10108;735;11673;12014;3.37;0.21;382.42;19.63;1565;57;4130.00;341
10111;38;5278421;10111;730;11673;12015;3.35;0.20;382.48;19.63;1562;57;4131.00;342
10112;38;5278436;10112;722;11673;12015;3.36;0.21;382.52;19.63;1561;57;4132.00;342
10114;38;5278452;10114;727;11676;12019;3.41;0.21;382.51;19.63;1562;57;4133.00;343
10120;38;5278469;10120;724;11676;12019;3.36;0.21;382.63;19.63;1556;57;4134.00;343
10121;38;5278485;10121;724;11679;12023;3.35;0.21;382.61;19.63;1558;57;4135.00;344
10126;38;5278500;10126;723;11679;12023;3.35;0.21;382.74;19.63;1553;57;4136.00;344
10131;38;5278516;10131;730;11679;12023;3.35;0.21;382.81;19.63;1548;57;4137.00;344
10133;38;5278532;10133;731;11680;12023;3.40;0.21;382.80;19.63;1547;57;4138.00;343
10141;38;5278548;10141;735;11681;12023;3.37;0.21;382.99;19.63;1540;57;4139.00;342
10145;38;5278566;10145;739;11706;12057;3.53;0.22;382.98;19.59;1561;57;4140.00;351
10149;38;5278585;10149;733;11707;12057;3.53;0.22;382.93;19.59;1558;57;4141.00;350
10156;38;5278601;10156;743;11709;12057;3.47;0.21;383.15;19.59;1553;57;4142.00;348
10160;38;5278616;10160;740;11709;12057;3.45;0.21;383.06;19.59;1549;57;4143.00;348
10164;38;5278632;10164;745;11710;12057;3.42;0.21;383.10;19.59;1546;57;4144.00;347
10169;38;5278648;10169;754;11710;12057;3.36;0.21;383.21;19.59;1541;57;4145.00;347
10172;38;5278677;10172;762;11710;12058;3.35;0.20;383.26;19.59;1538;57;4146.00;348
10176;38;5278714;10176;768;11710;12058;3.25;0.20;383.29;19.59;1534;57;4147.00;348
10180;38;5278752;10180;770;11714;12064;3.19;0.19;383.24;19.58;1534;57;4148.00;350
10182;38;5278775;10182;769;11714;12065;3.14;0.19;383.29;19.58;1532;57;4149.00;351
10186;38;5278803;10186;772;11715;12065;3.03;0.19;383.34;19.69;1529;57;4150.00;350
10187;38;5278825;10187;770;11715;12065;3.03;0.19;383.39;19.69;1528;57;4151.00;350
10192;38;5278843;10192;767;11718;12069;2.97;0.18;383.42;19.68;1526;57;4152.00;351
10198;38;5278863;10198;770;11718;12069;2.91;0.18;383.39;19.68;1520;57;4153.00;351
10200;38;5278882;10200;772;11718;12069;2.92;0.18;383.39;19.68;1518;57;4154.00;351
10202;38;5278899;10202;770;11719;12070;2.92;0.18;383.40;19.68;1517;57;4155.00;351
10206;38;5278914;10206;776;11723;12074;2.94;0.18;383.35;19.68;1517;57;4156.00;351
10207;38;5278930;10207;781;11723;12074;2.95;0.18;383.37;19.68;1516;57;4157.00;351
10210;38;5278945;10210;770;11724;12077;2.93;0.18;383.35;19.68;1514;57;4158.00;353
10212;38;5278960;10212;771;11724;12077;2.91;0.18;383.30;19.68;1512;57;4159.00;353
10216;38;5278974;10216;767;11724;12077;2.85;0.18;383.29;19.68;1508;57;4160.00;353
10219;38;5278988;10219;772;11724;12077;2.84;0.17;383.22;19.68;1505;57;4161.00;353
10223;38;5279004;10223;785;11727;12081;2.83;0.17;383.20;19.67;1504;57;4162.00;354
10225;38;5279022;10225;781;11727;12081;2.82;0.17;383.15;19.67;1502;57;4163.00;354
10227;38;5279037;10227;783;11727;12081;2.82;0.17;383.13;19.67;1500;57;4164.00;354
10228;38;5279051;10228;774;11727;12081;2.83;0.17;383.17;19.67;1499;57;4165.00;354
10231;38;5279065;10231;782;11727;12082;2.79;0.17;383.22;19.67;1496;57;4166.00;355
10233;38;5279080;10233;779;11727;12083;2.76;0.17;383.22;19.67;1494;57;4167.00;356
10235;38;5279095;10235;781;11727;12083;2.73;0.17;383.22;19.67;1492;57;4168.00;356
10237;38;5279111;10237;782;11728;12084;2.71;0.17;383.36;19.67;1491;57;4169.00;356
10240;38;5279127;10240;786;11729;12084;2.66;0.16;383.36;19.78;1489;57;4170.00;355
10243;38;5279141;10243;791;11729;12084;2.59;0.16;383.31;19.78;1486;57;4171.00;355
10248;38;5279156;10248;794;11730;12084;2.53;0.15;383.23;19.78;1482;57;4172.00;354
10251;38;5279170;10251;788;11732;12086;2.52;0.15;383.28;19.78;1481;57;4173.00;354
10253;38;5279187;10253;790;11732;12086;2.50;0.15;383.21;19.78;1479;57;4174.00;354
10255;38;5279201;10255;784;11734;12086;2.50;0.15;383.19;19.79;1479;57;4175.00;352
10256;38;5279217;10256;802;11801;12213;2.84;0.18;383.19;19.67;1545;57;4176.00;412
10257;38;5279245;10257;787;11803;12214;2.85;0.18;383.21;19.67;1546;57;4177.00;411
10259;38;5279266;10259;786;11811;12214;2.89;0.18;383.22;19.67;1552;57;4178.00;403
10259;38;5279294;10259;787;11813;12214;2.93;0.18;383.22;19.68;1554;57;4179.00;401
10259;38;5279316;10259;778;11817;12214;2.96;0.18;383.22;19.68;1558;57;4180.00;397
10260;38;5279335;10260;766;11819;12214;3.00;0.19;383.21;19.68;1559;57;4181.00;395
10261;38;5279369;10261;755;11821;12214;3.04;0.19;383.21;19.68;1560;57;4182.00;393
10261;38;5279392;10261;751;11823;12214;3.10;0.19;383.21;19.68;1562;57;4183.00;391
10263;38;5279412;10263;730;11824;12215;3.15;0.19;383.27;19.68;1561;57;4184.00;391
10263;38;5279433;10263;718;11828;12217;3.19;0.20;383.27;19.68;1565;57;4185.00;389
10263;38;5279456;10263;712;11830;12217;3.26;0.20;383.27;19.69;1567;57;4186.00;387
10264;38;5279476;10264;706;11833;12218;3.31;0.20;383.25;19.80;1569;57;4187.00;385
10265;38;5279495;10265;708;11835;12218;3.35;0.21;383.23;19.80;1570;57;4188.00;383
10266;38;5279515;10266;709;11836;12218;3.42;0.21;383.23;19.80;1570;57;4189.00;382
10267;38;5279534;10267;710;11838;12218;3.48;0.21;383.23;19.80;1571;57;4190.00;380
10268;38;5279556;10268;706;11841;12222;3.57;0.22;383.22;19.80;1573;57;4191.00;381
10268;38;5279577;10268;711;11846;12222;3.67;0.22;383.22;19.80;1578;57;4192.00;376
10270;38;5279599;10270;713;11847;12222;3.75;0.23;383.20;19.80;1577;57;4193.00;375
10270;38;5279623;10270;714;11848;12225;3.82;0.23;383.20;19.80;1578;57;4194.00;377
10271;38;5279641;10271;704;11851;12225;3.89;0.24;383.19;19.80;1580;57;4195.00;374
10271;38;5279658;10271;698;11852;12225;3.98;0.24;383.19;19.80;1581;57;4196.00;373
10273;38;5279681;10273;698;11856;12229;4.02;0.24;383.25;19.80;1583;57;4197.00;373
10274;38;5279700;10274;696;11858;12230;4.05;0.25;383.21;19.80;1584;57;4198.00;372
10276;38;5279717;10276;682;11859;12230;4.06;0.25;383.26;19.80;1583;57;4199.00;371
10277;38;5279737;10277;692;11868;12264;4.04;0.25;383.28;19.78;1591;57;4200.00;396
10278;38;5279761;10278;689;11871;12264;4.06;0.25;383.24;19.78;1593;57;4201.00;393
10278;38;5279778;10278;687;11871;12264;4.08;0.25;383.24;19.78;1593;57;4202.00;393
10282;38;5279796;10282;680;11871;12265;4.13;0.25;383.39;19.78;1589;57;4203.00;394
10285;38;5279819;10285;686;11872;12265;4.11;0.25;383.47;19.78;1587;57;4204.00;393
10286;38;5279837;10286;690;11876;12271;4.11;0.25;383.48;19.78;1590;57;4205.00;395
10287;38;5279856;10287;687;11879;12271;4.10;0.25;383.46;19.77;1592;57;4206.00;392
10290;38;5279873;10290;691;11880;12272;4.06;0.25;383.56;19.77;1590;57;4207.00;392
10291;38;5279890;10291;689;11881;12272;4.05;0.25;383.69;19.77;1590;57;4208.00;391
10294;38;5279909;10294;695;11881;12272;4.04;0.24;383.88;19.77;1587;57;4209.00;391
10296;38;5279926;10296;691;11882;12272;4.04;0.24;383.85;19.78;1586;57;4210.00;390
10302;38;5279944;10302;696;11884;12272;4.04;0.25;383.93;19.78;1582;57;4211.00;388
10304;38;5279961;10304;699;11894;12284;4.08;0.25;384.02;19.76;1590;57;4212.00;390
10304;38;5279979;10304;687;11896;12284;4.13;0.25;384.02;19.76;1592;57;4213.00;388
10309;38;5279996;10309;689;11896;12284;4.13;0.25;384.23;19.76;1587;57;4214.00;388
10311;38;5280014;10311;678;11896;12284;4.20;0.25;384.39;19.76;1585;57;4215.00;388
10313;38;5280032;10313;673;11897;12284;4.25;0.26;384.37;19.77;1584;57;4216.00;387
10314;38;5280049;10314;668;11898;12284;4.28;0.26;384.47;19.77;1584;57;4217.00;386
10317;38;5280066;10317;655;11903;12288;4.28;0.26;384.65;19.76;1586;57;4218.00;385
10318;38;5280085;10318;648;11903;12288;4.32;0.26;384.64;19.76;1585;57;4219.00;385
10320;38;5280103;10320;636;11905;12292;4.35;0.26;384.68;19.76;1585;57;4220.00;387
10322;38;5280126;10322;637;11907;12293;4.37;0.26;384.72;19.76;1585;57;4221.00;386
10325;38;5280144;10325;637;11908;12293;4.41;0.27;384.81;19.76;1583;57;4222.00;385
10330;38;5280162;10330;640;11908;12293;4.44;0.27;384.90;19.76;1578;57;4223.00;385
10332;38;5280179;10332;648;11916;12306;4.49;0.27;384.91;19.75;1584;57;4224.00;390
10335;38;5280197;10335;649;11916;12306;4.51;0.27;384.98;19.75;1581;57;4225.00;390
10337;38;5280214;10337;644;11916;12306;4.55;0.28;385.04;19.75;1579;57;4226.00;390
10339;38;5280231;10339;638;11919;12307;4.60;0.28;385.11;19.75;1580;57;4227.00;388
10341;38;5280248;10341;635;11920;12308;4.61;0.28;385.08;19.75;1579;57;4228.00;388
10342;38;5280265;10342;628;11920;12308;4.60;0.28;385.09;19.75;1578;57;4229.00;388
10343;38;5280284;10343;627;11924;12314;4.60;0.28;385.13;19.75;1581;57;4230.00;390
10347;38;5280301;10347;639;11925;12314;4.57;0.28;385.22;19.83;1578;57;4231.00;389
10351;38;5280323;10351;645;11926;12314;4.49;0.27;385.34;19.83;1575;57;4232.00;388
10357;38;5280341;10357;643;11927;12314;4.43;0.27;385.67;19.83;1570;57;4233.00;387
10358;38;5280358;10358;643;11932;12320;4.42;0.27;385.72;19.83;1574;57;4234.00;388
10362;38;5280375;10362;649;11932;12320;4.40;0.27;385.82;19.83;1570;57;4235.00;388
10367;38;5280392;10367;654;11933;12320;4.31;0.26;385.89;19.83;1566;57;4236.00;387
10368;38;5280410;10368;656;11934;12320;4.29;0.26;385.94;19.83;1566;57;4237.00;386
10368;38;5280427;10368;658;11937;12324;4.25;0.26;385.94;19.83;1569;57;4238.00;387
10374;38;5280444;10374;659;11938;12325;4.24;0.26;386.07;19.83;1564;57;4239.00;387
10377;38;5280461;10377;663;11938;12325;4.24;0.26;386.06;19.83;1561;57;4240.00;387
10380;38;5280477;10380;664;11939;12326;4.27;0.26;386.09;19.83;1559;57;4241.00;387
10381;38;5280492;10381;672;11942;12326;4.30;0.26;386.17;19.84;1561;57;4242.00;384
10384;38;5280508;10384;670;11942;12326;4.28;0.26;386.12;19.84;1558;57;4243.00;384
10386;38;5280525;10386;672;11942;12326;4.25;0.26;386.10;19.84;1556;57;4244.00;384
10389;39;5280541;10389;674;11943;12326;4.23;0.26;386.25;19.84;1554;58;4245.00;383
10393;39;5280571;10393;677;11943;12326;4.22;0.26;386.39;19.84;1550;58;4246.00;383
10394;39;5280588;10394;676;11943;12326;4.21;0.26;386.39;19.84;1549;58;4247.00;383
10399;39;5280605;10399;691;11979;12396;4.27;0.26;386.48;19.78;1580;58;4248.00;417
10402;39;5280627;10402;694;11982;12397;4.26;0.26;386.56;19.78;1580;58;4249.00;415
10405;39;5280643;10405;694;11987;12397;4.25;0.26;386.61;19.77;1582;58;4250.00;410
10408;39;5280660;10408;702;11993;12397;4.24;0.26;386.76;19.77;1585;58;4251.00;404
10412;39;5280676;10412;703;11994;12397;4.22;0.26;386.83;19.77;1582;58;4252.00;403
10414;39;5280694;10414;705;11997;12397;4.24;0.26;386.86;19.77;1583;58;4253.00;400
10419;39;5280712;10419;707;11998;12397;4.24;0.26;386.89;19.77;1579;58;4254.00;399
10420;39;5280728;10420;706;11999;12397;4.28;0.26;386.90;19.77;1579;58;4255.00;398
10425;39;5280744;10425;706;12000;12398;4.30;0.26;387.00;19.77;1575;58;4256.00;398
10426;40;5280762;10426;704;12001;12399;4.34;0.26;387.11;19.77;1575;59;4257.00;398
10428;40;5280801;10428;710;12002;12399;4.33;0.26;387.13;19.76;1574;59;4258.00;397
10431;40;5280818;10431;708;12006;12403;4.27;0.26;387.28;19.76;1575;59;4259.00;397
10434;40;5280836;10434;711;12008;12403;4.25;0.26;387.29;19.76;1574;59;4260.00;395
10435;40;5280853;10435;709;12008;12403;4.23;0.26;387.38;19.76;1573;59;4261.00;395
10436;40;5280870;10436;710;12008;12403;4.22;0.26;387.39;19.76;1572;59;4262.00;395
10438;40;5280885;10438;708;12012;12409;4.24;0.26;387.52;19.76;1574;59;4263.00;397
10439;40;5280903;10439;706;12012;12409;4.24;0.26;387.57;19.76;1573;59;4264.00;397
10441;40;5280919;10441;702;12012;12409;4.21;0.26;387.58;19.76;1571;59;4265.00;397
10443;40;5280935;10443;702;12013;12412;4.22;0.26;387.62;19.76;1570;59;4266.00;399
10446;40;5280951;10446;705;12013;12412;4.19;0.26;387.74;19.76;1567;59;4267.00;399
10450;40;5280967;10450;706;12013;12412;4.13;0.25;387.88;19.76;1563;59;4268.00;399
10453;40;5280984;10453;705;12013;12413;4.07;0.25;388.06;19.76;1560;59;4269.00;400
10455;40;5281000;10455;709;12014;12414;4.02;0.25;388.13;19.75;1559;59;4270.00;400
10459;40;5281015;10459;714;12014;12414;3.94;0.24;388.35;19.75;1555;59;4271.00;400
10463;40;5281032;10463;720;12023;12427;3.88;0.24;388.41;19.74;1560;59;4272.00;404
10464;40;5281048;10464;719;12023;12427;3.85;0.23;388.39;19.74;1559;59;4273.00;404
10467;40;5281063;10467;704;12024;12427;3.83;0.23;388.35;19.74;1557;59;4274.00;403
10469;40;5281078;10469;696;12025;12429;3.81;0.23;388.35;19.74;1556;59;4275.00;404
10470;40;5281094;10470;699;12025;12429;3.83;0.23;388.31;19.74;1555;59;4276.00;404
10472;40;5281109;10472;699;12029;12433;3.85;0.24;388.35;19.73;1557;59;4277.00;404
10475;40;5281125;10475;696;12029;12433;3.84;0.24;388.40;19.73;1554;59;4278.00;404
10476;40;5281140;10476;695;12032;12437;3.81;0.23;388.42;19.73;1556;59;4279.00;405
10478;40;5281156;10478;697;12032;12437;3.80;0.23;388.43;19.73;1554;59;4280.00;405
10480;40;5281171;10480;696;12032;12437;3.74;0.23;388.52;19.73;1552;59;4281.00;405
10483;40;5281186;10483;695;12032;12437;3.68;0.23;388.55;19.73;1549;59;4282.00;405
10486;40;5281201;10486;698;12032;12437;3.65;0.22;388.56;19.73;1546;59;4283.00;405
10487;40;5281216;10487;710;12040;12449;3.72;0.23;388.59;19.71;1553;59;4284.00;409
10492;40;5281236;10492;706;12041;12449;3.62;0.22;388.70;19.71;1549;59;4285.00;408
10494;40;5281250;10494;703;12041;12449;3.55;0.22;388.72;19.71;1547;59;4286.00;408
10498;40;5281265;10498;712;12041;12449;3.47;0.21;388.79;19.71;1543;59;4287.00;408
10502;40;5281280;10502;721;12041;12449;3.38;0.21;388.79;19.71;1539;59;4288.00;408
10506;40;5281294;10506;724;12041;12449;3.29;0.20;388.84;19.71;1535;59;4289.00;408
10510;40;5281310;10510;723;12041;12450;3.21;0.20;388.89;19.71;1531;59;4290.00;409
10515;40;5281325;10515;729;12041;12450;3.13;0.19;389.02;19.71;1526;59;4291.00;409
10520;40;5281339;10520;721;12045;12456;3.09;0.19;389.16;19.71;1525;59;4292.00;411
10521;40;5281354;10521;728;12045;12457;3.09;0.19;389.22;19.71;1524;59;4293.00;412
10528;40;5281369;10528;723;12045;12457;3.02;0.18;389.26;19.71;1517;59;4294.00;412
10534;40;5281384;10534;727;12045;12457;2.94;0.18;389.30;19.71;1511;59;4295.00;412
10535;40;5281399;10535;729;12048;12461;2.96;0.18;389.28;19.70;1513;59;4296.00;413
10538;40;5281414;10538;725;12048;12461;2.92;0.18;389.26;19.70;1510;59;4297.00;413
10540;40;5281428;10540;729;12048;12461;2.88;0.18;389.27;19.70;1508;59;4298.00;413
10543;40;5281442;10543;723;12049;12462;2.86;0.17;389.34;19.70;1506;59;4299.00;413
10545;40;5281457;10545;728;12050;12466;2.86;0.17;389.38;19.70;1505;59;4300.00;416
10547;40;5281475;10547;728;12050;12466;2.84;0.17;389.44;19.70;1503;59;4301.00;416
10550;40;5281489;10550;727;12051;12469;2.84;0.17;389.50;19.70;1501;59;4302.00;418
10551;40;5281504;10551;721;12051;12469;2.85;0.18;389.47;19.70;1500;59;4303.00;418
10557;40;5281518;10557;716;12051;12469;2.83;0.17;389.40;19.70;1494;59;4304.00;418
10560;40;5281532;10560;715;12051;12469;2.82;0.17;389.36;19.70;1491;59;4305.00;418
10563;40;5281546;10563;715;12054;12473;2.83;0.17;389.33;19.69;1491;59;4306.00;419
10567;40;5281561;10567;721;12054;12473;2.81;0.17;389.28;19.69;1487;59;4307.00;419
10569;40;5281576;10569;723;12054;12473;2.84;0.17;389.23;19.69;1485;59;4308.00;419
10573;40;5281590;10573;721;12054;12473;2.83;0.17;389.19;19.69;1481;59;4309.00;419
10578;40;5281605;10578;724;12054;12474;2.81;0.17;389.16;19.69;1476;59;4310.00;420
10582;40;5281619;10582;715;12054;12475;2.78;0.17;389.04;19.69;1472;59;4311.00;421
10587;40;5281634;10587;713;12054;12475;2.74;0.17;388.94;19.69;1467;59;4312.00;421
10594;40;5281649;10594;705;12055;12476;2.71;0.16;388.81;19.69;1461;59;4313.00;421
10594;40;5281663;10594;702;12056;12476;2.77;0.17;388.81;19.69;1462;59;4314.00;420
10598;40;5281677;10598;691;12056;12476;2.77;0.17;388.77;19.69;1458;59;4315.00;420
10601;40;5281690;10601;692;12056;12476;2.77;0.17;388.75;19.69;1455;59;4316.00;420
10603;40;5281705;10603;694;12057;12476;2.78;0.17;388.69;19.69;1454;59;4317.00;419
10606;40;5281719;10606;691;12058;12476;2.80;0.17;388.67;19.70;1452;59;4318.00;418
10608;40;5281733;10608;693;12058;12476;2.80;0.17;388.67;19.70;1450;59;4319.00;418
10610;40;5281749;10610;723;12157;12706;3.22;0.21;388.66;19.54;1547;59;4320.00;549
10612;40;5281779;10612;716;12162;12707;3.24;0.21;388.66;19.53;1550;59;4321.00;545
10616;40;5281794;10616;715;12169;12707;3.30;0.21;388.62;19.52;1553;59;4322.00;538
10616;40;5281809;10616;706;12175;12707;3.32;0.21;388.62;19.51;1559;59;4323.00;532
10619;40;5281824;10619;704;12182;12707;3.36;0.21;388.62;19.50;1563;59;4324.00;525
10621;40;5281838;10621;703;12185;12707;3.40;0.22;388.61;19.50;1564;59;4325.00;522
10624;40;5281853;10624;705;12193;12707;3.37;0.21;388.75;19.61;1569;59;4326.00;514
10626;40;5281870;10626;703;12196;12707;3.39;0.21;388.81;19.61;1570;59;4327.00;511
10629;40;5281885;10629;706;12199;12708;3.36;0.21;388.96;19.60;1570;59;4328.00;509
10633;40;5281900;10633;703;12200;12709;3.29;0.21;389.03;19.60;1567;59;4329.00;509
10635;40;5281916;10635;699;12202;12709;3.31;0.21;389.06;19.60;1567;59;4330.00;507
10637;40;5281931;10637;695;12203;12710;3.29;0.21;389.05;19.61;1566;59;4331.00;507
10640;40;5281947;10640;699;12206;12710;3.33;0.21;389.01;19.62;1566;59;4332.00;504
10643;40;5281963;10643;693;12208;12710;3.34;0.21;389.12;19.62;1565;59;4333.00;502
10645;40;5281978;10645;698;12211;12710;3.32;0.21;389.14;19.63;1566;59;4334.00;499
10649;40;5282000;10649;690;12215;12714;3.31;0.21;389.16;19.64;1566;59;4335.00;499
10651;40;5282017;10651;685;12217;12714;3.34;0.21;389.17;19.64;1566;59;4336.00;497
10656;40;5282032;10656;680;12220;12714;3.34;0.21;389.22;19.65;1564;59;4337.00;494
10659;40;5282049;10659;671;12222;12717;3.37;0.21;389.30;19.66;1563;59;4338.00;495
10661;40;5282065;10661;663;12225;12717;3.43;0.21;389.34;19.67;1564;59;4339.00;492
10663;40;5282081;10663;664;12226;12717;3.47;0.21;389.42;19.68;1563;59;4340.00;491
10663;40;5282098;10663;661;12229;12721;3.54;0.22;389.42;19.70;1566;59;4341.00;492
10667;40;5282124;10667;658;12230;12722;3.57;0.22;389.50;19.70;1563;59;4342.00;492
10669;40;5282141;10669;660;12231;12722;3.58;0.22;389.50;19.71;1562;59;4343.00;491
10671;40;5282159;10671;661;12236;12726;3.59;0.22;389.50;19.71;1565;59;4344.00;490
10673;40;5282175;10673;672;12236;12726;3.58;0.22;389.53;19.71;1563;59;4345.00;490
10675;40;5282191;10675;652;12238;12726;3.55;0.22;389.52;19.73;1563;59;4346.00;488
10678;40;5282207;10678;646;12239;12727;3.54;0.22;389.52;19.73;1561;59;4347.00;488
10680;40;5282224;10680;640;12240;12727;3.54;0.22;389.59;19.74;1560;59;4348.00;487
10682;40;5282240;10682;629;12244;12733;3.53;0.22;389.59;19.74;1562;59;4349.00;489
10683;40;5282263;10683;635;12246;12733;3.57;0.22;389.56;19.75;1563;59;4350.00;487
10685;40;5282294;10685;637;12247;12734;3.60;0.22;389.60;19.76;1562;59;4351.00;487
10687;40;5282315;10687;633;12248;12734;3.65;0.22;389.58;19.77;1561;59;4352.00;486
10689;40;5282333;10689;630;12248;12734;3.68;0.22;389.58;19.77;1559;59;4353.00;486
10693;40;5282349;10693;627;12248;12734;3.70;0.23;389.75;19.77;1555;59;4354.00;486
10698;40;5282366;10698;620;12249;12734;3.72;0.23;389.91;19.77;1551;59;4355.00;485
10701;40;5282385;10701;620;12257;12746;3.82;0.23;389.93;19.76;1556;59;4356.00;489
10703;40;5282405;10703;613;12257;12746;3.83;0.23;389.96;19.76;1554;59;4357.00;489
10705;40;5282422;10705;604;12258;12746;3.83;0.23;389.99;19.77;1553;59;4358.00;488
10707;40;5282439;10707;596;12258;12746;3.84;0.23;390.01;19.77;1551;59;4359.00;488
10708;40;5282456;10708;601;12259;12746;3.88;0.24;390.02;19.77;1551;59;4360.00;487
10709;40;5282473;10709;593;12260;12746;3.91;0.24;390.05;19.78;1551;59;4361.00;486
10710;40;5282491;10710;595;12261;12750;3.93;0.24;390.04;19.78;1551;59;4362.00;489
10712;40;5282510;10712;601;12261;12750;3.95;0.24;390.15;19.78;1549;59;4363.00;489
10713;40;5282528;10713;590;12263;12754;3.99;0.24;390.15;19.77;1550;59;4364.00;491
10716;40;5282547;10716;586;12263;12756;4.03;0.24;390.09;19.77;1547;59;4365.00;493
10719;40;5282565;10719;583;12263;12756;4.01;0.24;390.09;19.77;1544;59;4366.00;493
10720;40;5282582;10720;582;12264;12756;4.05;0.25;390.19;19.77;1544;59;4367.00;492
10722;40;5282599;10722;580;12272;12769;4.15;0.25;390.29;19.76;1550;60;4368.00;497
10724;40;5282622;10724;578;12272;12769;4.19;0.25;390.39;19.76;1548;60;4369.00;497
10728;40;5282640;10728;577;12272;12769;4.21;0.25;390.63;19.76;1544;60;4370.00;497
10729;40;5282657;10729;572;12273;12770;4.28;0.26;390.72;19.76;1544;60;4371.00;497
10732;40;5282673;10732;571;12273;12771;4.29;0.26;390.82;19.76;1541;60;4372.00;498
10733;40;5282689;10733;577;12273;12771;4.37;0.26;390.92;19.76;1540;60;4373.00;498
10735;40;5282705;10735;572;12274;12774;4.44;0.27;391.01;19.76;1539;60;4374.00;500
10739;40;5282722;10739;568;12274;12774;4.45;0.27;391.26;19.76;1535;60;4375.00;500
10741;40;5282740;10741;578;12274;12774;4.47;0.27;391.36;19.76;1533;60;4376.00;500
10741;40;5282757;10741;583;12274;12774;4.45;0.27;391.36;19.76;1533;60;4377.00;500
10743;40;5282773;10743;576;12277;12780;4.46;0.27;391.49;19.75;1534;60;4378.00;503
10745;40;5282790;10745;584;12278;12780;4.46;0.27;391.66;19.76;1533;60;4379.00;502
10747;40;5282807;10747;581;12278;12780;4.43;0.27;391.70;19.76;1531;60;4380.00;502
10752;40;5282827;10752;579;12280;12780;4.41;0.27;391.71;19.88;1528;60;4381.00;500
10755;40;5282843;10755;574;12281;12784;4.37;0.26;391.83;19.88;1526;60;4382.00;503
10757;40;5282860;10757;567;12281;12785;4.36;0.26;391.82;19.88;1524;60;4383.00;504
10762;40;5282876;10762;562;12282;12785;4.36;0.26;391.99;19.89;1520;60;4384.00;503
10765;40;5282892;10765;555;12283;12786;4.34;0.26;391.95;19.89;1518;60;4385.00;503
10767;40;5282909;10767;557;12283;12786;4.34;0.26;392.09;19.89;1516;60;4386.00;503
10770;40;5282925;10770;549;12283;12786;4.31;0.26;392.28;19.89;1513;60;4387.00;503
10772;40;5282941;10772;541;12285;12786;4.29;0.26;392.26;19.90;1513;60;4388.00;501
10773;40;5282958;10773;544;12286;12786;4.32;0.26;392.36;19.91;1513;60;4389.00;500
10777;40;5282974;10777;540;12286;12786;4.30;0.26;392.54;19.91;1509;60;4390.00;500
10780;40;5282991;10780;545;12286;12786;4.34;0.26;392.64;19.91;1506;60;4391.00;500
10782;40;5283008;10782;551;12315;12856;4.35;0.26;392.66;19.86;1533;60;4392.00;541
10788;40;5283028;10788;556;12315;12857;4.36;0.27;392.80;19.86;1527;60;4393.00;542
10792;40;5283049;10792;552;12318;12857;4.35;0.26;392.88;19.86;1526;60;4394.00;539
10794;40;5283072;10794;544;12320;12857;4.36;0.26;392.97;19.85;1526;60;4395.00;537
10797;40;5283090;10797;548;12323;12857;4.39;0.27;393.02;19.86;1526;60;4396.00;534
10799;40;5283108;10799;543;12324;12857;4.38;0.27;393.11;19.98;1525;60;4397.00;533
10806;40;5283125;10806;544;12327;12857;4.36;0.27;393.07;19.98;1521;60;4398.00;530
10808;40;5283143;10808;547;12327;12857;4.35;0.26;393.04;19.98;1519;60;4399.00;530
10811;40;5283167;10811;541;12330;12858;4.34;0.26;393.11;20.07;1519;60;4400.00;528
10814;40;5283188;10814;561;12333;12859;4.33;0.26;393.17;20.16;1519;60;4401.00;526
10820;40;5283206;10820;558;12338;12859;4.29;0.26;393.40;20.35;1518;60;4402.00;521
10822;40;5283224;10822;556;12342;12863;4.26;0.26;393.51;20.34;1520;60;4403.00;521
10825;40;5283241;10825;568;12344;12863;4.24;0.26;393.60;20.35;1519;60;4404.00;519
10827;40;5283258;10827;569;12344;12863;4.22;0.26;393.66;20.35;1517;60;4405.00;519
10829;40;5283275;10829;577;12344;12863;4.21;0.26;393.64;20.35;1515;60;4406.00;519
10830;40;5283292;10830;586;12349;12869;4.23;0.26;393.74;20.34;1519;60;4407.00;520
10832;40;5283309;10832;582;12350;12869;4.20;0.26;393.81;20.35;1518;60;4408.00;519
10833;40;5283326;10833;588;12350;12869;4.19;0.25;393.80;20.35;1517;60;4409.00;519
10835;40;5283344;10835;589;12353;12875;4.22;0.26;393.83;20.35;1518;60;4410.00;522
10836;40;5283361;10836;592;12353;12875;4.23;0.26;393.88;20.35;1517;60;4411.00;522
10836;40;5283377;10836;607;12356;12875;4.27;0.26;393.88;20.35;1520;60;4412.00;519
10837;40;5283395;10837;603;12356;12876;4.31;0.26;393.88;20.35;1519;60;4413.00;520
10837;40;5283412;10837;606;12358;12877;4.38;0.27;393.88;20.36;1521;60;4414.00;519
10840;40;5283428;10840;600;12358;12877;4.37;0.27;393.88;20.36;1518;60;4415.00;519
10845;40;5283444;10845;599;12366;12890;4.34;0.26;394.03;20.35;1521;60;4416.00;524
10849;40;5283461;10849;606;12368;12890;4.34;0.26;394.05;20.36;1519;60;4417.00;522
10853;40;5283478;10853;614;12369;12890;4.29;0.26;394.19;20.37;1516;60;4418.00;521
10856;40;5283496;10856;619;12369;12891;4.24;0.26;394.17;20.37;1513;60;4419.00;522
10859;40;5283514;10859;627;12370;12891;4.21;0.26;394.31;20.37;1511;60;4420.00;521
10860;40;5283531;10860;630;12373;12895;4.21;0.26;394.35;20.37;1513;60;4421.00;522
10863;40;5283554;10863;638;12376;12895;4.21;0.26;394.44;20.47;1513;60;4422.00;519
10866;40;5283571;10866;651;12377;12899;4.22;0.26;394.50;20.47;1511;60;4423.00;522
10868;40;5283589;10868;656;12377;12899;4.21;0.26;394.60;20.47;1509;60;4424.00;522
10871;40;5283605;10871;659;12377;12899;4.15;0.25;394.65;20.47;1506;60;4425.00;522
10874;40;5283622;10874;667;12379;12899;4.12;0.25;394.69;20.56;1505;60;4426.00;520
10879;40;5283638;10879;673;12380;12899;4.05;0.25;394.75;20.56;1501;60;4427.00;519
10887;40;5283655;10887;677;12389;12911;4.04;0.25;394.78;20.55;1502;60;4428.00;522
10888;40;5283672;10888;690;12389;12911;4.02;0.25;394.81;20.55;1501;60;4429.00;522
10891;40;5283687;10891;697;12391;12911;3.98;0.24;394.84;20.64;1500;60;4430.00;520
10895;40;5283704;10895;702;12391;12911;3.93;0.24;394.94;20.64;1496;60;4431.00;520
10896;40;5283721;10896;707;12393;12911;3.92;0.24;395.06;20.73;1497;61;4432.00;518
10900;40;5283747;10900;721;12393;12911;3.88;0.24;395.33;20.73;1493;61;4433.00;518
10903;40;5283763;10903;719;12393;12912;3.86;0.24;395.40;20.73;1490;62;4434.00;519
10904;40;5283788;10904;730;12393;12912;3.83;0.23;395.48;20.73;1489;62;4435.00;519
10908;40;5283803;10908;730;12397;12918;3.87;0.24;395.56;20.73;1489;62;4436.00;521
10910;40;5283819;10910;740;12397;12919;3.82;0.23;395.58;20.73;1487;62;4437.00;522
10914;40;5283835;10914;736;12397;12919;3.77;0.23;395.56;20.73;1483;62;4438.00;522
10916;40;5283850;10916;738;12397;12919;3.71;0.23;395.65;20.73;1481;62;4439.00;522
10918;40;5283868;10918;743;12401;12924;3.71;0.23;395.67;20.72;1483;62;4440.00;523
10919;40;5283883;10919;749;12401;12924;3.67;0.22;395.64;20.72;1482;62;4441.00;523
10920;40;5283898;10920;756;12401;12924;3.63;0.22;395.68;20.72;1481;62;4442.00;523
10922;40;5283912;10922;756;12402;12925;3.60;0.22;395.70;20.72;1480;62;4443.00;523
10923;40;5283927;10923;752;12403;12929;3.56;0.22;395.68;20.72;1480;62;4444.00;526
10923;40;5283941;10923;749;12403;12929;3.53;0.22;395.68;20.72;1480;62;4445.00;526
10927;40;5283955;10927;756;12404;12932;3.50;0.21;395.70;20.71;1477;62;4446.00;528
10928;40;5283969;10928;752;12404;12932;3.46;0.21;395.67;20.71;1476;62;4447.00;528
10930;40;5283984;10930;759;12404;12932;3.47;0.21;395.62;20.71;1474;62;4448.00;528
10931;40;5284000;10931;754;12404;12932;3.48;0.21;395.60;20.71;1473;62;4449.00;528
10934;40;5284014;10934;748;12408;12936;3.53;0.22;395.63;20.72;1474;62;4450.00;528
10940;40;5284031;10940;747;12408;12936;3.51;0.21;395.54;20.72;1468;62;4451.00;528
10941;40;5284046;10941;735;12408;12936;3.48;0.21;395.58;20.72;1467;62;4452.00;528
10944;40;5284063;10944;737;12408;12936;3.43;0.21;395.54;20.72;1464;62;4453.00;528
10947;40;5284079;10947;738;12408;12937;3.40;0.21;395.57;20.72;1461;62;4454.00;529
10950;40;5284093;10950;723;12408;12939;3.36;0.21;395.54;20.72;1458;62;4455.00;531
10955;40;5284108;10955;720;12408;12939;3.33;0.20;395.49;20.72;1453;62;4456.00;531
10958;40;5284122;10958;711;12409;12940;3.34;0.20;395.55;20.72;1451;62;4457.00;531
10960;40;5284137;10960;715;12409;12940;3.34;0.20;395.56;20.72;1449;62;4458.00;531
10962;40;5284153;10962;711;12410;12940;3.35;0.21;395.56;20.73;1448;62;4459.00;530
10967;40;5284168;10967;710;12410;12940;3.31;0.20;395.62;20.73;1443;62;4460.00;530
10970;40;5284189;10970;703;12410;12940;3.29;0.20;395.60;20.73;1440;62;4461.00;530
10972;40;5284203;10972;698;12410;12940;3.27;0.20;395.54;20.73;1438;62;4462.00;530
10974;40;5284218;10974;700;12410;12940;3.27;0.20;395.55;20.73;1436;62;4463.00;530
10975;40;5284231;10975;704;12468;13067;3.62;0.23;395.53;20.63;1493;62;4464.00;599
10978;40;5284254;10978;696;12472;13068;3.60;0.23;395.53;20.62;1494;62;4465.00;596
10981;40;5284271;10981;688;12480;13068;3.63;0.23;395.52;20.61;1499;62;4466.00;588
10982;40;5284286;10982;680;12482;13068;3.65;0.23;395.48;20.61;1500;62;4467.00;586
10987;40;5284301;10987;680;12485;13068;3.64;0.23;395.43;20.60;1498;62;4468.00;583
10989;40;5284315;10989;683;12488;13068;3.63;0.23;395.41;20.60;1499;62;4469.00;580
10993;40;5284333;10993;679;12490;13068;3.60;0.22;395.39;20.72;1497;62;4470.00;578
10997;40;5284350;10997;678;12492;13068;3.58;0.22;395.44;20.72;1495;62;4471.00;576
10998;40;5284366;10998;678;12494;13069;3.61;0.22;395.43;20.72;1496;62;4472.00;575
11001;40;5284380;11001;677;12495;13070;3.63;0.22;395.46;20.72;1494;62;4473.00;575
11005;40;5284396;11005;669;12496;13070;3.58;0.22;395.44;20.72;1491;62;4474.00;574
11008;40;5284412;11008;672;12498;13071;3.60;0.22;395.46;20.72;1490;62;4475.00;573
11011;40;5284427;11011;656;12499;13071;3.60;0.22;395.44;20.72;1488;62;4476.00;572
11015;40;5284443;11015;640;12500;13071;3.61;0.22;395.52;20.72;1485;62;4477.00;571
11015;40;5284460;11015;631;12502;13071;3.68;0.23;395.52;20.71;1487;62;4478.00;569
11019;40;5284476;11019;624;12505;13075;3.76;0.23;395.48;20.71;1486;62;4479.00;570
11021;40;5284494;11021;613;12505;13075;3.77;0.23;395.46;20.71;1484;62;4480.00;570
11023;40;5284512;11023;615;12506;13075;3.77;0.23;395.54;20.72;1483;62;4481.00;569
11026;40;5284529;11026;613;12507;13078;3.76;0.23;395.51;20.72;1481;62;4482.00;571
11029;40;5284546;11029;613;12507;13078;3.76;0.23;395.57;20.72;1478;62;4483.00;571
11031;40;5284575;11031;610;12509;13078;3.77;0.23;395.57;20.74;1478;62;4484.00;569
11035;40;5284592;11035;605;12510;13082;3.77;0.23;395.61;20.74;1475;62;4485.00;572
11037;40;5284610;11037;608;12511;13083;3.79;0.23;395.66;20.74;1474;62;4486.00;572
11038;40;5284625;11038;606;12512;13083;3.81;0.23;395.67;20.75;1474;62;4487.00;571
11042;40;5284642;11042;604;12515;13087;3.84;0.23;395.62;20.75;1473;62;4488.00;572
11044;40;5284658;11044;598;12516;13087;3.89;0.24;395.69;20.76;1472;62;4489.00;571
11048;40;5284674;11048;609;12516;13087;3.90;0.24;395.64;20.76;1468;62;4490.00;571
11049;40;5284702;11049;608;12516;13088;3.90;0.24;395.64;20.76;1467;62;4491.00;572
11052;40;5284717;11052;597;12517;13088;3.88;0.24;395.70;20.77;1465;62;4492.00;571
11053;40;5284733;11053;593;12523;13094;3.91;0.24;395.71;20.79;1470;62;4493.00;571
11057;40;5284750;11057;597;12523;13094;3.87;0.24;395.70;20.79;1466;62;4494.00;571
11058;40;5284766;11058;588;12524;13095;3.87;0.24;395.70;20.80;1466;62;4495.00;571
11059;40;5284782;11059;596;12524;13095;3.90;0.24;395.71;20.80;1465;62;4496.00;571
11064;40;5284799;11064;593;12526;13095;3.86;0.24;395.71;20.83;1462;62;4497.00;569
11070;40;5284814;11070;594;12527;13095;3.83;0.23;395.57;20.84;1457;62;4498.00;568
11072;40;5284830;11072;598;12528;13095;3.81;0.23;395.60;20.85;1456;62;4499.00;567
11073;40;5284847;11073;607;12552;13145;3.89;0.24;395.72;20.89;1479;62;4500.00;593
11077;40;5284871;11077;606;12552;13147;3.87;0.24;395.74;20.89;1475;62;4501.00;595
11078;40;5284887;11078;603;12556;13147;3.89;0.24;395.79;20.88;1478;62;4502.00;591
11080;40;5284902;11080;602;12558;13147;3.93;0.24;395.79;20.90;1478;62;4503.00;589
11082;40;5284918;11082;591;12561;13147;3.95;0.24;395.98;20.92;1479;62;4504.00;586
11085;40;5284935;11085;606;12567;13147;3.93;0.24;396.04;21.08;1482;62;4505.00;580
11090;40;5284951;11090;599;12569;13151;3.88;0.24;396.00;21.10;1479;62;4506.00;582
11092;40;5284967;11092;601;12571;13151;3.83;0.23;396.04;21.11;1479;62;4507.00;580
11094;40;5284982;11094;606;12574;13155;3.81;0.23;396.08;21.12;1480;62;4508.00;581
11096;40;5284999;11096;619;12574;13156;3.81;0.23;396.15;21.12;1478;62;4509.00;582
11098;40;5285014;11098;619;12577;13156;3.82;0.23;396.25;21.14;1479;62;4510.00;579
11103;40;5285029;11103;609;12580;13156;3.76;0.23;396.43;21.16;1477;62;4511.00;576
11103;40;5285045;11103;600;12590;13169;3.86;0.24;396.43;21.15;1487;62;4512.00;579
11105;40;5285062;11105;593;12591;13169;3.87;0.24;396.57;21.15;1486;62;4513.00;578
11107;40;5285080;11107;583;12594;13169;3.92;0.24;396.72;21.17;1487;62;4514.00;575
11108;40;5285097;11108;575;12595;13170;3.98;0.24;396.73;21.16;1487;62;4515.00;575
11110;40;5285113;11110;581;12596;13171;4.01;0.25;396.82;21.17;1486;62;4516.00;575
11113;40;5285131;11113;574;12597;13171;4.03;0.25;396.87;21.17;1484;62;4517.00;574
11116;40;5285147;11116;579;12602;13174;4.01;0.25;396.99;21.18;1486;62;4518.00;572
11120;40;5285172;11120;569;12602;13174;4.01;0.25;397.14;21.18;1482;62;4519.00;572
11123;40;5285190;11123;565;12603;13174;4.04;0.25;397.28;21.18;1480;62;4520.00;571
11126;40;5285207;11126;577;12605;13174;4.05;0.25;397.45;21.32;1479;62;4521.00;569
11129;40;5285225;11129;568;12610;13180;4.06;0.25;397.49;21.32;1481;62;4522.00;570
11132;40;5285243;11132;571;12611;13180;4.08;0.25;397.51;21.32;1479;62;4523.00;569
11134;40;5285261;11134;563;12612;13180;4.10;0.25;397.54;21.32;1478;62;4524.00;568
11136;40;5285278;11136;571;12614;13180;4.10;0.25;397.60;21.32;1478;62;4525.00;566
11137;40;5285296;11137;569;12616;13184;4.13;0.25;397.58;21.34;1479;62;4526.00;568
11141;40;5285313;11141;566;12616;13185;4.16;0.25;397.61;21.34;1475;62;4527.00;569
11141;40;5285330;11141;565;12619;13185;4.20;0.25;397.61;21.36;1478;62;4528.00;566
11143;40;5285353;11143;575;12622;13186;4.26;0.26;397.69;21.37;1479;62;4529.00;564
11145;40;5285373;11145;581;12626;13186;4.31;0.26;397.64;21.49;1481;62;4530.00;560
11146;40;5285391;11146;589;12628;13186;4.35;0.26;397.70;21.53;1482;62;4531.00;558
11149;40;5285408;11149;593;12632;13186;4.35;0.26;397.79;21.53;1483;62;4532.00;554
11152;40;5285424;11152;587;12632;13186;4.38;0.27;397.76;21.53;1480;62;4533.00;554
11156;40;5285441;11156;591;12632;13186;4.39;0.27;397.77;21.53;1476;62;4534.00;554
11158;40;5285458;11158;587;12633;13186;4.39;0.27;397.85;21.53;1475;62;4535.00;553
11158;40;5285475;11158;599;12667;13256;4.38;0.27;397.85;21.49;1509;62;4536.00;589
11160;40;5285497;11160;590;12669;13257;4.41;0.27;398.01;21.49;1509;62;4537.00;588
11161;40;5285515;11161;590;12674;13257;4.45;0.27;398.10;21.49;1513;62;4538.00;583
11164;40;5285531;11164;593;12675;13257;4.45;0.27;398.25;21.49;1511;62;4539.00;582
11165;40;5285550;11165;583;12678;13257;4.51;0.27;398.29;21.49;1513;62;4540.00;579
11167;40;5285570;11167;593;12680;13257;4.51;0.28;398.32;21.50;1513;62;4541.00;577
11169;40;5285587;11169;591;12682;13257;4.56;0.28;398.40;21.50;1513;62;4542.00;575
11172;40;5285604;11172;590;12686;13257;4.60;0.28;398.52;21.61;1514;62;4543.00;571
11175;40;5285622;11175;601;12688;13258;4.62;0.28;398.60;21.63;1513;62;4544.00;570
11177;40;5285639;11177;590;12691;13260;4.62;0.28;398.63;21.65;1514;62;4545.00;569
11181;40;5285657;11181;584;12693;13260;4.62;0.28;398.66;21.64;1512;62;4546.00;567
11183;40;5285674;11183;579;12695;13264;4.60;0.28;398.73;21.64;1512;62;4547.00;569
11184;40;5285698;11184;580;12699;13264;4.60;0.28;398.73;21.68;1515;62;4548.00;565
11184;40;5285715;11184;578;12700;13264;4.61;0.28;398.73;21.69;1516;62;4549.00;564
11186;40;5285733;11186;573;12702;13264;4.62;0.28;398.75;21.69;1516;62;4550.00;562
11188;40;5285750;11188;567;12706;13270;4.63;0.28;398.77;21.70;1518;62;4551.00;564
11190;40;5285769;11190;560;12706;13270;4.64;0.28;398.74;21.70;1516;62;4552.00;564
11198;40;5285786;11198;574;12706;13270;4.58;0.28;398.99;21.70;1508;62;4553.00;564
11200;40;5285803;11200;568;12707;13273;4.58;0.28;399.05;21.70;1507;62;4554.00;566
11205;40;5285821;11205;568;12712;13273;4.59;0.28;399.09;21.75;1507;62;4555.00;561
11208;40;5285840;11208;565;12712;13273;4.63;0.28;399.21;21.75;1504;62;4556.00;561
11212;40;5285856;11212;561;12713;13274;4.61;0.28;399.20;21.77;1501;62;4557.00;561
11215;40;5285878;11215;557;12714;13275;4.65;0.28;399.31;21.77;1499;62;4558.00;561
11218;40;5285897;11218;560;12714;13275;4.66;0.28;399.41;21.77;1496;62;4559.00;561
11225;40;5285915;11225;570;12729;13301;4.63;0.28;399.45;21.74;1504;62;4560.00;572
11228;40;5285942;11228;556;12731;13301;4.62;0.28;399.41;21.94;1503;62;4561.00;570
11234;40;5285963;11234;563;12734;13301;4.57;0.28;399.48;22.06;1500;62;4562.00;567
11238;40;5285982;11238;557;12735;13302;4.50;0.27;399.51;22.06;1497;62;4563.00;567
11243;40;5285999;11243;557;12736;13302;4.42;0.27;399.62;22.18;1493;62;4564.00;566
11245;40;5286015;11245;559;12738;13306;4.35;0.26;399.63;22.17;1493;62;4565.00;568
11246;40;5286033;11246;562;12738;13306;4.29;0.26;399.70;22.17;1492;62;4566.00;568
11247;40;5286050;11247;568;12740;13310;4.25;0.26;399.68;22.17;1493;62;4567.00;570
11248;40;5286066;11248;578;12741;13310;4.20;0.25;399.75;22.28;1493;62;4568.00;569
11251;40;5286082;11251;584;12741;13310;4.12;0.25;399.87;22.28;1490;62;4569.00;569
11252;40;5286098;11252;590;12742;13310;4.10;0.25;399.90;22.28;1490;62;4570.00;568
11254;40;5286114;11254;589;12744;13310;4.07;0.25;399.96;22.28;1490;62;4571.00;566
11254;40;5286130;11254;589;12752;13322;4.14;0.25;399.96;22.27;1498;62;4572.00;570
11256;40;5286148;11256;595;12754;13322;4.10;0.25;399.95;22.29;1498;62;4573.00;568
11256;40;5286164;11256;601;12755;13322;4.10;0.25;399.95;22.29;1499;62;4574.00;567
11261;40;5286179;11261;604;12755;13322;4.07;0.25;400.00;22.29;1494;62;4575.00;567
11261;40;5286194;11261;613;12755;13322;4.06;0.25;400.00;22.29;1494;62;4576.00;567
11265;40;5286209;11265;608;12755;13322;4.07;0.25;400.12;22.29;1490;62;4577.00;567
11266;40;5286225;11266;618;12755;13323;4.07;0.25;400.09;22.29;1489;62;4578.00;568
11268;40;5286240;11268;623;12755;13323;4.02;0.25;400.07;22.29;1487;62;4579.00;568
11271;40;5286256;11271;619;12759;13329;4.01;0.24;400.14;22.28;1488;62;4580.00;570
11272;40;5286273;11272;622;12759;13330;4.00;0.24;400.18;22.28;1487;62;4581.00;571
11275;40;5286288;11275;632;12759;13330;3.97;0.24;400.31;22.28;1484;62;4582.00;571
11278;40;5286305;11278;633;12759;13330;3.93;0.24;400.40;22.28;1481;62;4583.00;571
11282;40;5286322;11282;639;12762;13334;3.91;0.24;400.44;22.28;1480;62;4584.00;572
11284;40;5286339;11284;646;12762;13334;3.90;0.24;400.43;22.28;1478;63;4585.00;572
11285;40;5286366;11285;662;12762;13334;3.89;0.24;400.43;22.28;1477;63;4586.00;572
11288;40;5286382;11288;664;12763;13335;3.87;0.24;400.54;22.27;1475;63;4587.00;572
11288;40;5286399;11288;669;12764;13339;3.88;0.24;400.54;22.27;1476;63;4588.00;575
11289;40;5286416;11289;672;12764;13339;3.87;0.24;400.51;22.27;1475;63;4589.00;575
11293;40;5286434;11293;680;12767;13345;3.85;0.24;400.46;22.27;1474;63;4590.00;578
11294;40;5286450;11294;681;12767;13345;3.82;0.23;400.43;22.27;1473;63;4591.00;578
11298;40;5286466;11298;681;12767;13345;3.76;0.23;400.46;22.27;1469;63;4592.00;578
11300;40;5286482;11300;683;12767;13345;3.72;0.23;400.42;22.27;1467;63;4593.00;578
11302;40;5286498;11302;686;12770;13349;3.72;0.23;400.38;22.26;1468;63;4594.00;579
11304;40;5286514;11304;689;12770;13349;3.72;0.23;400.36;22.26;1466;63;4595.00;579
11305;40;5286529;11305;694;12770;13349;3.72;0.23;400.35;22.26;1465;63;4596.00;579
11306;40;5286544;11306;701;12770;13349;3.70;0.23;400.32;22.26;1464;63;4597.00;579
11307;40;5286561;11307;707;12770;13350;3.67;0.23;400.40;22.26;1463;63;4598.00;580
11310;40;5286575;11310;713;12770;13351;3.62;0.22;400.45;22.26;1460;63;4599.00;581
11311;40;5286591;11311;712;12770;13351;3.57;0.22;400.42;22.26;1459;63;4600.00;581
11313;40;5286610;11313;717;12771;13352;3.55;0.22;400.40;22.26;1458;63;4601.00;581
11316;40;5286624;11316;717;12771;13352;3.52;0.22;400.32;22.26;1455;63;4602.00;581
11316;40;5286638;11316;727;12771;13352;3.50;0.21;400.32;22.26;1455;63;4603.00;581
11317;40;5286651;11317;720;12771;13352;3.50;0.21;400.39;22.26;1454;63;4604.00;581
11319;40;5286665;11319;714;12771;13352;3.48;0.21;400.33;22.26;1452;63;4605.00;581
11322;40;5286679;11322;711;12771;13352;3.47;0.21;400.30;22.26;1449;63;4606.00;581
11327;40;5286693;11327;711;12771;13352;3.43;0.21;400.20;22.26;1444;63;4607.00;581
11327;40;5286708;11327;724;12826;13479;3.72;0.23;400.20;22.16;1499;63;4608.00;653
11327;40;5286730;11327;720;12830;13480;3.77;0.24;400.20;22.16;1503;63;4609.00;650
11327;40;5286744;11327;719;12836;13480;3.80;0.24;400.20;22.15;1509;63;4610.00;644
11327;40;5286758;11327;711;12838;13480;3.78;0.24;400.20;22.15;1511;63;4611.00;642
11330;40;5286771;11330;708;12843;13480;3.74;0.23;400.17;22.14;1513;63;4612.00;637
11332;40;5286785;11332;710;12846;13480;3.72;0.23;400.12;22.13;1514;63;4613.00;634
11332;40;5286799;11332;712;12849;13480;3.70;0.23;400.12;22.13;1517;63;4614.00;631
11335;40;5286813;11335;717;12852;13480;3.66;0.23;400.12;22.14;1517;63;4615.00;628
11339;40;5286828;11339;719;12854;13481;3.62;0.22;400.07;22.13;1515;63;4616.00;627
11340;40;5286843;11340;723;12855;13482;3.59;0.22;400.07;22.13;1515;63;4617.00;627
11342;40;5286858;11342;727;12856;13482;3.52;0.22;400.04;22.13;1514;63;4618.00;626
11345;40;5286872;11345;724;12858;13483;3.43;0.21;400.01;22.13;1513;63;4619.00;625
11345;40;5286889;11345;708;12860;13483;3.38;0.21;400.01;22.13;1515;63;4620.00;623
11350;40;5286905;11350;705;12861;13483;3.32;0.21;400.07;22.13;1511;63;4621.00;622
11352;40;5286920;11352;708;12862;13483;3.30;0.20;400.12;22.13;1510;63;4622.00;621
11353;40;5286945;11353;704;12864;13487;3.29;0.20;400.13;22.12;1511;63;4623.00;623
11355;40;5286968;11355;692;12864;13487;3.30;0.20;400.12;22.12;1509;63;4624.00;623
11358;40;5286984;11358;682;12865;13487;3.29;0.20;400.13;22.15;1507;63;4625.00;622
11359;40;5287000;11359;677;12866;13490;3.30;0.20;400.14;22.14;1507;63;4626.00;624
11360;40;5287016;11360;668;12866;13490;3.32;0.20;400.13;22.14;1506;63;4627.00;624
11363;40;5287032;11363;650;12866;13490;3.34;0.20;400.10;22.14;1503;63;4628.00;624
11365;40;5287047;11365;647;12867;13494;3.38;0.21;400.11;22.14;1502;63;4629.00;627
11369;40;5287063;11369;643;12868;13495;3.40;0.21;400.15;22.14;1499;63;4630.00;627
11373;40;5287078;11373;636;12868;13495;3.39;0.21;400.08;22.14;1495;63;4631.00;627
11374;40;5287094;11374;627;12871;13499;3.48;0.21;400.09;22.14;1497;63;4632.00;628
11374;40;5287110;11374;612;12871;13499;3.55;0.22;400.09;22.14;1497;63;4633.00;628
11378;40;5287125;11378;614;12872;13499;3.59;0.22;400.03;22.25;1494;63;4634.00;627
11380;40;5287142;11380;614;12872;13501;3.62;0.22;400.02;22.25;1492;63;4635.00;629
11383;40;5287158;11383;612;12872;13501;3.68;0.22;400.02;22.25;1489;63;4636.00;629
11385;40;5287174;11385;607;12875;13507;3.75;0.23;400.01;22.25;1490;63;4637.00;632
11388;40;5287191;11388;603;12875;13507;3.79;0.23;399.96;22.25;1487;63;4638.00;632
11391;40;5287206;11391;593;12875;13508;3.84;0.23;399.95;22.25;1484;63;4639.00;633
11393;40;5287222;11393;589;12876;13508;3.89;0.24;399.93;22.25;1483;63;4640.00;632
11396;40;5287239;11396;584;12876;13508;3.96;0.24;399.94;22.25;1480;63;4641.00;632
11397;40;5287260;11397;584;12876;13508;3.98;0.24;399.93;22.25;1479;63;4642.00;632
11400;40;5287276;11400;581;12876;13508;3.99;0.24;399.88;22.25;1476;63;4643.00;632
11401;40;5287292;11401;577;12884;13520;4.05;0.25;399.85;22.23;1483;63;4644.00;636
11406;40;5287310;11406;569;12884;13520;4.03;0.24;399.88;22.23;1478;63;4645.00;636
11411;40;5287326;11411;568;12884;13520;4.02;0.24;399.89;22.23;1473;63;4646.00;636
11412;40;5287343;11412;563;12885;13520;4.05;0.25;399.89;22.24;1473;63;4647.00;635
11417;40;5287359;11417;573;12885;13520;4.02;0.24;399.94;22.24;1468;63;4648.00;635
11421;40;5287375;11421;574;12886;13520;3.97;0.24;400.01;22.24;1465;63;4649.00;634
11425;40;5287392;11425;581;12889;13526;3.95;0.24;400.05;22.24;1464;63;4650.00;637
11427;40;5287408;11427;576;12892;13526;3.95;0.24;400.04;22.25;1465;63;4651.00;634
11431;40;5287424;11431;576;12894;13530;3.95;0.24;400.06;22.25;1463;63;4652.00;636
11434;40;5287441;11434;582;12895;13531;3.97;0.24;400.05;22.25;1461;63;4653.00;636
11436;40;5287457;11436;572;12896;13531;4.00;0.24;400.11;22.26;1460;63;4654.00;635
11439;40;5287472;11439;583;12896;13531;4.03;0.25;400.12;22.26;1457;63;4655.00;635
11443;40;5287488;11443;572;12906;13544;4.10;0.25;400.07;22.24;1463;63;4656.00;638
11446;40;5287504;11446;564;12910;13544;4.15;0.25;400.13;22.25;1464;63;4657.00;634
11450;40;5287520;11450;560;12910;13544;4.15;0.25;400.23;22.25;1460;63;4658.00;634
11453;40;5287534;11453;560;12911;13545;4.20;0.26;400.25;22.25;1458;63;4659.00;634
11459;40;5287550;11459;556;12912;13546;4.21;0.26;400.41;22.25;1453;63;4660.00;634
11462;40;5287568;11462;545;12913;13546;4.20;0.26;400.51;22.25;1451;63;4661.00;633
11463;40;5287583;11463;553;12915;13549;4.21;0.26;400.51;22.25;1452;63;4662.00;634
11466;40;5287599;11466;552;12916;13549;4.17;0.25;400.57;22.28;1450;63;4663.00;633
11467;40;5287614;11467;551;12917;13549;4.14;0.25;400.57;22.28;1450;63;4664.00;632
11473;40;5287630;11473;555;12917;13549;4.10;0.25;400.75;22.28;1444;63;4665.00;632
11477;40;5287645;11477;563;12921;13555;4.04;0.25;400.71;22.28;1444;63;4666.00;634
11481;40;5287663;11481;558;12921;13555;3.99;0.24;400.78;22.28;1440;63;4667.00;634
11483;40;5287679;11483;556;12925;13555;3.99;0.24;400.78;22.31;1442;63;4668.00;630
11488;40;5287695;11488;553;12926;13555;3.97;0.24;400.91;22.33;1438;63;4669.00;629
11489;40;5287710;11489;546;12928;13559;3.98;0.24;400.95;22.33;1439;63;4670.00;631
11489;40;5287726;11489;538;12930;13560;4.02;0.24;400.95;22.36;1441;63;4671.00;630
11491;40;5287742;11491;547;12930;13560;4.06;0.25;401.02;22.36;1439;63;4672.00;630
11499;40;5287758;11499;543;12934;13561;4.07;0.25;401.24;22.35;1435;63;4673.00;627
11500;40;5287774;11500;549;12935;13561;4.10;0.25;401.33;22.38;1435;63;4674.00;626
11503;40;5287789;11503;545;12935;13561;4.12;0.25;401.31;22.38;1432;63;4675.00;626
11508;40;5287805;11508;539;12937;13561;4.12;0.25;401.44;22.40;1429;63;4676.00;624
11509;40;5287821;11509;530;12939;13561;4.13;0.25;401.51;22.55;1430;63;4677.00;622
11515;40;5287838;11515;521;12939;13561;4.14;0.25;401.59;22.55;1424;63;4678.00;622
11518;40;5287854;11518;514;12940;13561;4.15;0.25;401.68;22.55;1422;63;4679.00;621
11521;40;5287873;11521;539;13007;13686;4.18;0.26;401.83;22.46;1486;63;4680.00;679
11523;40;5287900;11523;519;13007;13687;4.23;0.26;401.89;22.46;1484;63;4681.00;680
11525;40;5287918;11525;508;13009;13687;4.23;0.26;401.97;22.46;1484;63;4682.00;678
11529;40;5287938;11529;510;13012;13687;4.26;0.26;402.05;22.48;1483;63;4683.00;675
11530;40;5287957;11530;517;13013;13687;4.32;0.26;402.09;22.48;1483;63;4684.00;674
11534;40;5287975;11534;521;13014;13687;4.34;0.27;402.28;22.48;1480;63;4685.00;673
11535;40;5287991;11535;535;13015;13687;4.35;0.27;402.34;22.48;1480;63;4686.00;672
11537;40;5288008;11537;536;13017;13687;4.34;0.27;402.47;22.53;1480;63;4687.00;670
11540;40;5288025;11540;533;13020;13688;4.32;0.27;402.56;22.53;1480;63;4688.00;668
11541;40;5288043;11541;542;13020;13689;4.32;0.27;402.55;22.53;1479;63;4689.00;669
11543;40;5288061;11543;545;13022;13689;4.25;0.26;402.59;22.55;1479;63;4690.00;667
11546;40;5288077;11546;554;13027;13693;4.22;0.26;402.62;22.57;1481;63;4691.00;666
11548;40;5288094;11548;559;13030;13693;4.17;0.26;402.64;22.69;1482;63;4692.00;663
11550;40;5288110;11550;555;13033;13693;4.16;0.26;402.61;22.74;1483;63;4693.00;660
11553;40;5288126;11553;563;13033;13693;4.13;0.25;402.61;22.74;1480;63;4694.00;660
11554;40;5288148;11554;569;13039;13699;4.08;0.25;402.61;22.76;1485;63;4695.00;660
11560;40;5288164;11560;580;13040;13699;4.02;0.25;402.61;22.78;1480;63;4696.00;659
11561;40;5288181;11561;585;13041;13699;4.03;0.25;402.67;22.81;1480;63;4697.00;658
11562;40;5288197;11562;593;13045;13702;4.07;0.25;402.68;22.81;1483;63;4698.00;657
11563;40;5288213;11563;592;13047;13702;4.12;0.25;402.73;22.86;1484;63;4699.00;655
11564;40;5288230;11564;596;13050;13702;4.15;0.25;402.77;22.97;1486;63;4700.00;652
11566;40;5288250;11566;592;13052;13703;4.15;0.25;402.81;23.02;1486;63;4701.00;651
11568;40;5288271;11568;588;13054;13704;4.18;0.26;402.80;23.04;1486;63;4702.00;650
11571;40;5288286;11571;598;13056;13704;4.19;0.26;402.87;23.07;1485;63;4703.00;648
11572;40;5288303;11572;593;13066;13717;4.20;0.26;402.92;23.07;1494;63;4704.00;651
11575;40;5288320;11575;586;13067;13717;4.21;0.26;403.04;23.07;1492;63;4705.00;650
11576;40;5288337;11576;581;13073;13717;4.24;0.26;403.08;23.11;1497;63;4706.00;644
11579;40;5288352;11579;579;13075;13718;4.26;0.26;403.21;23.14;1496;63;4707.00;643
11581;40;5288368;11581;585;13075;13718;4.28;0.26;403.33;23.14;1494;63;4708.00;643
11581;40;5288384;11581;584;13077;13722;4.28;0.26;403.33;23.13;1496;63;4709.00;645
11584;40;5288402;11584;586;13079;13722;4.23;0.26;403.34;23.18;1495;63;4710.00;643
11588;40;5288418;11588;589;13082;13726;4.18;0.26;403.35;23.17;1494;63;4711.00;644
11591;40;5288435;11591;588;13083;13726;4.13;0.25;403.40;23.17;1492;63;4712.00;643
11592;40;5288450;11592;587;13085;13726;4.15;0.25;403.40;23.22;1493;63;4713.00;641
11597;40;5288466;11597;581;13085;13726;4.12;0.25;403.47;23.22;1488;63;4714.00;641
11598;40;5288487;11598;579;13087;13726;4.15;0.25;403.56;23.24;1489;63;4715.00;639
11600;40;5288503;11600;568;13097;13738;4.18;0.26;403.55;23.25;1497;63;4716.00;641
11603;40;5288519;11603;558;13098;13738;4.19;0.26;403.63;23.36;1495;63;4717.00;640
11606;40;5288535;11606;558;13100;13738;4.21;0.26;403.70;23.41;1494;63;4718.00;638
11608;40;5288551;11608;556;13101;13738;4.22;0.26;403.77;23.52;1493;63;4719.00;637
11611;40;5288568;11611;558;13101;13738;4.20;0.26;403.86;23.52;1490;63;4720.00;637
11614;40;5288583;11614;559;13103;13738;4.21;0.26;404.02;23.56;1489;63;4721.00;635
11616;40;5288600;11616;569;13103;13739;4.19;0.26;404.06;23.56;1487;63;4722.00;636
11620;40;5288615;11620;574;13104;13739;4.16;0.25;404.22;23.59;1484;63;4723.00;635
11626;40;5288630;11626;568;13109;13745;4.13;0.25;404.26;23.69;1483;63;4724.00;636
11632;40;5288647;11632;566;13110;13747;4.08;0.25;404.22;23.69;1478;63;4725.00;637
11634;40;5288663;11634;568;13111;13747;4.06;0.25;404.25;23.71;1477;63;4726.00;636
11636;40;5288678;11636;564;13112;13747;4.04;0.25;404.40;23.82;1476;63;4727.00;635
11639;40;5288694;11639;570;13116;13751;4.07;0.25;404.41;23.84;1477;63;4728.00;635
11642;40;5288709;11642;577;13117;13751;4.03;0.25;404.41;23.86;1475;63;4729.00;634
11646;40;5288725;11646;577;13118;13751;3.99;0.24;404.52;23.97;1472;63;4730.00;633
11650;40;5288745;11650;580;13120;13752;3.97;0.24;404.72;23.99;1470;63;4731.00;632
11650;40;5288761;11650;591;13123;13756;3.98;0.24;404.72;23.99;1473;63;4732.00;633
11651;40;5288777;11651;597;13123;13756;3.98;0.24;404.71;23.99;1472;63;4733.00;633
11653;40;5288793;11653;602;13125;13759;3.97;0.24;404.82;24.01;1472;63;4734.00;634
11655;40;5288809;11655;607;13125;13759;3.94;0.24;404.90;24.01;1470;63;4735.00;634
11658;40;5288824;11658;613;13127;13759;3.88;0.24;404.94;24.05;1469;63;4736.00;632
11659;40;5288840;11659;614;13128;13759;3.89;0.24;404.98;24.07;1469;63;4737.00;631
11660;40;5288855;11660;623;13131;13763;3.88;0.24;404.95;24.07;1471;63;4738.00;632
11660;40;5288871;11660;627;13131;13763;3.84;0.23;404.95;24.07;1471;63;4739.00;632
11664;40;5288889;11664;628;13132;13763;3.73;0.23;404.90;24.09;1468;63;4740.00;631
11666;40;5288904;11666;632;13132;13763;3.68;0.23;404.85;24.09;1466;63;4741.00;631
11670;40;5288920;11670;636;13134;13764;3.60;0.22;404.88;24.13;1464;63;4742.00;630
11672;40;5288935;11672;644;13134;13765;3.54;0.22;404.83;24.13;1462;63;4743.00;631
11673;40;5288951;11673;647;13134;13765;3.47;0.21;404.80;24.13;1461;63;4744.00;631
11675;40;5288965;11675;651;13135;13766;3.43;0.21;404.86;24.13;1460;63;4745.00;631
11678;40;5288980;11678;652;13135;13766;3.36;0.21;404.95;24.13;1457;63;4746.00;631
11680;40;5288994;11680;662;13135;13766;3.30;0.20;404.99;24.13;1455;63;4747.00;631
11682;40;5289008;11682;668;13135;13766;3.25;0.20;405.04;24.13;1453;63;4748.00;631
11685;40;5289023;11685;677;13135;13766;3.19;0.20;405.13;24.13;1450;63;4749.00;631
11686;40;5289037;11686;677;13135;13766;3.17;0.20;405.10;24.13;1449;63;4750.00;631
11687;40;5289051;11687;683;13135;13766;3.21;0.20;405.14;24.13;1448;63;4751.00;631
11688;40;5289065;11688;698;13198;13893;3.49;0.22;405.10;24.01;1510;63;4752.00;695
11689;40;5289089;11689;703;13202;13894;3.52;0.22;405.09;24.01;1513;63;4753.00;692
11690;40;5289109;11690;704;13208;13894;3.55;0.22;405.12;24.00;1518;63;4754.00;686
11692;40;5289129;11692;712;13213;13894;3.51;0.22;405.09;24.10;1521;63;4755.00;681
11694;40;5289143;11694;713;13216;13894;3.49;0.22;405.08;24.09;1522;63;4756.00;678
11696;40;5289157;11696;726;13220;13894;3.49;0.22;405.11;24.20;1524;63;4757.00;674
11697;40;5289172;11697;720;13221;13894;3.46;0.22;405.10;24.20;1524;63;4758.00;673
11697;40;5289187;11697;725;13224;13894;3.50;0.22;405.10;24.19;1527;63;4759.00;670
11698;40;5289206;11698;730;13225;13895;3.51;0.22;405.10;24.19;1527;63;4760.00;670
11701;40;5289222;11701;738;13226;13896;3.51;0.22;405.17;24.19;1525;63;4761.00;670
11701;40;5289237;11701;749;13227;13896;3.50;0.22;405.17;24.19;1526;63;4762.00;669
11703;40;5289251;11703;749;13228;13897;3.49;0.22;405.14;24.19;1525;63;4763.00;669
11707;40;5289266;11707;749;13230;13897;3.45;0.21;405.14;24.19;1523;63;4764.00;667
11707;40;5289281;11707;760;13230;13897;3.43;0.21;405.14;24.19;1523;63;4765.00;667
11708;40;5289294;11708;765;13232;13897;3.37;0.21;405.13;24.19;1524;63;4766.00;665
11711;40;5289308;11711;767;13234;13901;3.31;0.21;405.11;24.18;1523;63;4767.00;667
11711;40;5289323;11711;777;13236;13901;3.26;0.20;405.11;24.18;1525;63;4768.00;665
11713;40;5289342;11713;786;13236;13901;3.22;0.20;405.07;24.18;1523;63;4769.00;665
11715;40;5289358;11715;785;13240;13907;3.17;0.20;405.07;24.29;1525;63;4770.00;667
11716;40;5289373;11716;774;13240;13907;3.15;0.20;405.11;24.29;1524;63;4771.00;667
11717;40;5289388;11717;761;13242;13907;3.16;0.20;405.09;24.28;1525;63;4772.00;665
11718;40;5289403;11718;749;13245;13911;3.21;0.20;405.11;24.28;1527;63;4773.00;666
11718;40;5289418;11718;734;13246;13912;3.23;0.20;405.11;24.27;1528;63;4774.00;666
11724;40;5289432;11724;727;13246;13912;3.21;0.20;405.07;24.27;1522;63;4775.00;666
11726;40;5289448;11726;715;13250;13916;3.23;0.20;405.02;24.38;1524;63;4776.00;666
11727;40;5289468;11727;719;13250;13916;3.24;0.20;405.05;24.38;1523;63;4777.00;666
11729;40;5289483;11729;711;13251;13916;3.23;0.20;405.05;24.49;1522;63;4778.00;665
11732;40;5289498;11732;706;13251;13917;3.25;0.20;405.03;24.49;1519;63;4779.00;666
11733;40;5289513;11733;706;13251;13917;3.29;0.20;405.00;24.49;1518;63;4780.00;666
11734;40;5289526;11734;706;13256;13923;3.30;0.20;404.97;24.59;1522;63;4781.00;667
11736;40;5289547;11736;717;13256;13923;3.27;0.20;404.95;24.59;1520;63;4782.00;667
11742;40;5289562;11742;707;13257;13924;3.21;0.20;404.90;24.70;1515;63;4783.00;667
11744;40;5289577;11744;704;13258;13924;3.19;0.19;404.94;24.81;1514;63;4784.00;666
11749;40;5289591;11749;694;13258;13924;3.15;0.19;404.82;24.81;1509;63;4785.00;666
11751;40;5289606;11751;689;13259;13924;3.15;0.19;404.81;24.92;1508;63;4786.00;665
11755;40;5289621;11755;672;13259;13924;3.17;0.19;404.79;24.92;1504;63;4787.00;665
11755;40;5289635;11755;668;13266;13936;3.25;0.20;404.79;24.90;1511;63;4788.00;670
11758;40;5289651;11758;664;13267;13936;3.31;0.20;404.80;24.90;1509;63;4789.00;669
11759;40;5289666;11759;660;13267;13936;3.33;0.20;404.78;24.90;1508;63;4790.00;669
11761;40;5289680;11761;663;13267;13936;3.38;0.20;404.81;24.90;1506;63;4791.00;669
11763;40;5289695;11763;652;13267;13936;3.41;0.21;404.79;24.90;1504;63;4792.00;669
11766;40;5289709;11766;638;13267;13936;3.46;0.21;404.87;24.90;1501;63;4793.00;669
11769;40;5289724;11769;633;13269;13940;3.52;0.21;404.88;24.90;1500;63;4794.00;671
11771;40;5289739;11771;625;13269;13940;3.55;0.22;404.91;24.90;1498;63;4795.00;671
11772;40;5289753;11772;608;13271;13944;3.63;0.22;404.93;24.90;1499;63;4796.00;673
11775;40;5289770;11775;609;13271;13945;3.68;0.22;404.92;24.90;1496;63;4797.00;674
11778;40;5289785;11778;601;13271;13945;3.71;0.23;404.87;24.90;1493;63;4798.00;674
11783;40;5289800;11783;599;13271;13945;3.77;0.23;404.82;24.90;1488;63;4799.00;674
11789;40;5289818;11789;604;13288;13986;3.88;0.24;404.78;24.86;1499;63;4800.00;698
11792;40;5289842;11792;597;13289;13986;3.95;0.24;404.92;24.86;1497;63;4801.00;697
11797;40;5289864;11797;587;13291;13986;4.03;0.24;404.94;24.86;1494;63;4802.00;695
11803;40;5289879;11803;579;13292;13987;4.10;0.25;405.04;24.86;1489;63;4803.00;695
11806;40;5289896;11806;580;13293;13988;4.17;0.25;405.16;24.86;1487;63;4804.00;695
11808;40;5289911;11808;566;13294;13988;4.23;0.26;405.12;24.85;1486;63;4805.00;694
11814;40;5289928;11814;558;13295;13991;4.25;0.26;405.26;24.85;1481;63;4806.00;696
11819;40;5289945;11819;558;13296;13991;4.20;0.25;405.36;24.85;1477;63;4807.00;695
11821;40;5289960;11821;549;13296;13991;4.22;0.26;405.46;24.85;1475;63;4808.00;695
11824;40;5289976;11824;551;13296;13991;4.25;0.26;405.60;24.85;1472;63;4809.00;695
11828;40;5289997;11828;547;13299;13997;4.26;0.26;405.79;24.85;1471;63;4810.00;698
11831;40;5290014;11831;543;13300;13997;4.27;0.26;405.79;24.84;1469;63;4811.00;697
11834;40;5290029;11834;540;13300;13997;4.34;0.26;405.88;24.84;1466;63;4812.00;697
11839;40;5290046;11839;533;13300;13997;4.39;0.27;406.05;24.84;1461;63;4813.00;697
11841;40;5290062;11841;525;13302;14001;4.37;0.27;406.10;24.84;1461;63;4814.00;699
11844;40;5290079;11844;531;13303;14003;4.37;0.27;406.15;24.84;1459;63;4815.00;700
11847;40;5290095;11847;527;13303;14003;4.38;0.27;406.24;24.84;1456;63;4816.00;700
11853;40;5290112;11853;531;13305;14004;4.31;0.26;406.30;24.84;1452;63;4817.00;699
11858;40;5290129;11858;521;13305;14004;4.29;0.26;406.41;24.84;1447;63;4818.00;699
11864;40;5290145;11864;524;13306;14004;4.28;0.26;406.50;24.87;1442;63;4819.00;698
11869;40;5290162;11869;535;13308;14004;4.29;0.26;406.59;24.86;1439;63;4820.00;696
11872;40;5290178;11872;535;13308;14004;4.31;0.26;406.69;24.86;1436;63;4821.00;696
11874;40;5290194;11874;537;13309;14004;4.32;0.26;406.78;24.89;1435;63;4822.00;695
11878;40;5290211;11878;546;13309;14004;4.31;0.26;406.98;24.89;1431;63;4823.00;695
11883;40;5290227;11883;557;13344;14074;4.30;0.26;407.15;24.82;1461;63;4824.00;730
11886;40;5290250;11886;546;13346;14075;4.27;0.26;407.12;24.82;1460;63;4825.00;729
11890;40;5290266;11890;549;13351;14075;4.25;0.26;407.29;24.96;1461;63;4826.00;724
11894;40;5290283;11894;543;13351;14075;4.22;0.26;407.42;24.96;1457;63;4827.00;724
11898;40;5290299;11898;539;13353;14077;4.19;0.25;407.51;24.99;1455;63;4828.00;724
11902;40;5290315;11902;543;13354;14077;4.19;0.25;407.59;25.01;1452;63;4829.00;723
11903;40;5290333;11903;546;13355;14077;4.17;0.25;407.60;25.04;1452;63;4830.00;722
11906;40;5290348;11906;543;13356;14077;4.15;0.25;407.64;25.06;1450;63;4831.00;721
11908;40;5290364;11908;546;13358;14078;4.09;0.25;407.68;25.09;1450;63;4832.00;720
11910;40;5290381;11910;533;13359;14079;4.02;0.25;407.68;25.11;1449;63;4833.00;720
11911;40;5290397;11911;530;13359;14079;4.01;0.24;407.73;25.11;1448;63;4834.00;720
11916;40;5290413;11916;533;13365;14083;3.98;0.24;407.80;25.16;1449;63;4835.00;718
11920;40;5290431;11920;532;13365;14083;3.96;0.24;407.81;25.16;1445;63;4836.00;718
11923;40;5290446;11923;540;13366;14083;3.97;0.24;407.86;25.16;1443;63;4837.00;717
11925;40;5290462;11925;540;13368;14083;4.00;0.24;407.93;25.19;1443;63;4838.00;715
11927;40;5290476;11927;542;13371;14089;4.04;0.25;407.94;25.18;1444;63;4839.00;718
11929;40;5290494;11929;537;13376;14089;4.04;0.25;408.11;25.38;1447;63;4840.00;713
11932;40;5290510;11932;537;13378;14089;4.03;0.25;408.16;25.44;1446;63;4841.00;711
11935;40;5290528;11935;529;13379;14092;4.03;0.25;408.20;25.46;1444;63;4842.00;713
11938;40;5290549;11938;523;13381;14092;4.04;0.25;408.25;25.49;1443;63;4843.00;711
11944;40;5290566;11944;523;13384;14092;4.03;0.25;408.44;25.61;1440;63;4844.00;708
11947;40;5290582;11947;521;13386;14093;4.08;0.25;408.48;25.66;1439;63;4845.00;707
11949;40;5290599;11949;529;13388;14094;4.11;0.25;408.48;25.69;1439;63;4846.00;706
11953;40;5290616;11953;533;13388;14094;4.14;0.25;408.63;25.69;1435;63;4847.00;706
11955;40;5290637;11955;544;13397;14107;4.24;0.26;408.65;25.68;1442;63;4848.00;710
11959;40;5290655;11959;550;13402;14107;4.22;0.26;408.72;25.73;1443;63;4849.00;705
11961;40;5290672;11961;553;13403;14107;4.23;0.26;408.78;25.73;1442;63;4850.00;704
11963;40;5290688;11963;547;13406;14108;4.21;0.26;408.87;25.78;1443;63;4851.00;702
11965;40;5290704;11965;551;13407;14108;4.19;0.25;408.90;25.79;1442;63;4852.00;701
11970;40;5290720;11970;549;13410;14112;4.14;0.25;408.97;25.90;1440;63;4853.00;702
11971;40;5290737;11971;546;13412;14112;4.14;0.25;409.09;25.93;1441;63;4854.00;700
11975;40;5290754;11975;551;13417;14116;4.07;0.25;409.15;25.92;1442;63;4855.00;699
11978;40;5290770;11978;548;13421;14116;4.06;0.25;409.32;25.95;1443;63;4856.00;695
11980;40;5290786;11980;550;13422;14116;4.10;0.25;409.42;25.95;1442;63;4857.00;694
11983;40;5290802;11983;551;13422;14116;4.12;0.25;409.48;25.95;1439;63;4858.00;694
11983;40;5290817;11983;547;13423;14116;4.15;0.25;409.48;25.97;1440;63;4859.00;693
11984;40;5290835;11984;549;13448;14150;4.27;0.26;409.51;25.96;1464;63;4860.00;702
11984;40;5290853;11984;549;13449;14150;4.37;0.27;409.51;25.98;1465;63;4861.00;701
11988;40;5290870;11988;537;13454;14150;4.42;0.27;409.63;26.10;1466;63;4862.00;696
11991;40;5290886;11991;541;13455;14150;4.45;0.27;409.81;26.13;1464;63;4863.00;695
11996;40;5290902;11996;534;13458;14150;4.44;0.27;409.87;26.15;1462;63;4864.00;692
12001;40;5290917;12001;532;13460;14150;4.41;0.27;409.89;26.18;1459;63;4865.00;690
12003;40;5290933;12003;535;13462;14151;4.38;0.27;409.91;26.20;1459;63;4866.00;689
12004;40;5290950;12004;538;13463;14151;4.36;0.27;409.91;26.20;1459;63;4867.00;688
12006;40;5290965;12006;546;13467;14157;4.31;0.26;409.92;26.20;1461;63;4868.00;690
12008;40;5290982;12008;552;13468;14158;4.26;0.26;409.95;26.20;1460;63;4869.00;690
12011;40;5290998;12011;565;13469;14158;4.18;0.25;409.95;26.20;1458;63;4870.00;689
12012;40;5291015;12012;577;13472;14158;4.16;0.25;409.94;26.24;1460;63;4871.00;686
12014;40;5291033;12014;584;13473;14162;4.13;0.25;409.99;26.24;1459;63;4872.00;689
12016;40;5291049;12016;592;13474;14162;4.10;0.25;410.04;26.24;1458;63;4873.00;688
12016;40;5291066;12016;611;13475;14162;4.09;0.25;410.04;26.24;1459;63;4874.00;687
12017;40;5291082;12017;608;13476;14163;4.08;0.25;410.08;26.24;1459;63;4875.00;687
12018;40;5291099;12018;609;13480;14167;4.09;0.25;410.06;26.23;1462;63;4876.00;687
12020;40;5291116;12020;599;13481;14167;4.13;0.25;410.12;26.23;1461;63;4877.00;686
12021;40;5291135;12021;600;13483;14170;4.11;0.25;410.11;26.22;1462;63;4878.00;687
12021;40;5291153;12021;596;13483;14170;4.09;0.25;410.11;26.22;1462;63;4879.00;687
12021;40;5291170;12021;599;13484;14170;4.06;0.25;410.11;26.25;1463;63;4880.00;686
12024;40;5291188;12024;592;13485;14170;4.02;0.24;410.14;26.37;1461;63;4881.00;685
12026;40;5291205;12026;585;13490;14174;4.01;0.24;410.20;26.39;1464;63;4882.00;684
12028;40;5291221;12028;594;13490;14174;3.97;0.24;410.18;26.39;1462;63;4883.00;684
12032;40;5291237;12032;594;13491;14174;3.93;0.24;410.21;26.41;1459;63;4884.00;683
12033;40;5291258;12033;587;13492;14174;3.91;0.24;410.21;26.44;1459;63;4885.00;682
12038;40;5291273;12038;593;13492;14175;3.89;0.24;410.18;26.44;1454;63;4886.00;683
12040;40;5291288;12040;598;13493;14176;3.88;0.23;410.30;26.46;1453;63;4887.00;683
12043;40;5291303;12043;597;13493;14176;3.82;0.23;410.26;26.46;1450;63;4888.00;683
12044;40;5291318;12044;598;13494;14177;3.84;0.23;410.24;26.46;1450;63;4889.00;683
12045;40;5291335;12045;596;13496;14177;3.79;0.23;410.22;26.60;1451;63;4890.00;681
12045;40;5291357;12045;593;13496;14177;3.77;0.23;410.22;26.60;1451;63;4891.00;681
12046;40;5291372;12046;591;13496;14177;3.76;0.23;410.30;26.60;1450;63;4892.00;681
12050;40;5291386;12050;586;13496;14177;3.74;0.23;410.32;26.60;1446;63;4893.00;681
12057;40;5291401;12057;597;13496;14177;3.69;0.23;410.37;26.60;1439;63;4894.00;681
12060;40;5291417;12060;599;13497;14177;3.67;0.22;410.36;26.72;1437;63;4895.00;680
12061;40;5291431;12061;621;13558;14304;3.92;0.24;410.34;26.60;1497;63;4896.00;746
12065;40;5291456;12065;619;13560;14305;3.89;0.24;410.31;26.59;1495;63;4897.00;745
12066;40;5291471;12066;619;13567;14305;3.87;0.24;410.28;26.58;1501;63;4898.00;738
12068;40;5291486;12068;630;13571;14305;3.87;0.24;410.22;26.60;1503;63;4899.00;734
12071;40;5291504;12071;635;13577;14305;3.83;0.24;410.36;26.59;1506;63;4900.00;728
12073;40;5291523;12073;632;13579;14305;3.81;0.24;410.39;26.59;1506;63;4901.00;726
12073;40;5291540;12073;633;13582;14305;3.81;0.23;410.39;26.58;1509;63;4902.00;723
12074;40;5291555;12074;641;13585;14305;3.80;0.23;410.36;26.58;1511;63;4903.00;720
12076;40;5291577;12076;650;13586;14306;3.76;0.23;410.39;26.58;1510;63;4904.00;720
12077;40;5291593;12077;641;13589;14308;3.73;0.23;410.41;26.57;1512;63;4905.00;719
12078;40;5291618;12078;652;13590;14308;3.70;0.23;410.41;26.57;1512;63;4906.00;718
12078;40;5291635;12078;654;13591;14309;3.68;0.23;410.41;26.57;1513;63;4907.00;718
12080;40;5291651;12080;658;13592;14309;3.62;0.22;410.40;26.57;1512;63;4908.00;717
12080;40;5291668;12080;672;13593;14309;3.62;0.22;410.40;26.57;1513;63;4909.00;716
12082;40;5291683;12082;681;13594;14309;3.61;0.22;410.44;26.57;1512;63;4910.00;715
12084;40;5291698;12084;691;13599;14313;3.59;0.22;410.43;26.59;1515;63;4911.00;714
12087;40;5291714;12087;703;13599;14313;3.56;0.22;410.48;26.59;1512;63;4912.00;714
12088;40;5291729;12088;723;13599;14313;3.53;0.22;410.47;26.59;1511;63;4913.00;714
12088;40;5291745;12088;730;13600;14316;3.54;0.22;410.47;26.59;1512;63;4914.00;716
12089;40;5291760;12089;738;13600;14316;3.51;0.22;410.53;26.59;1511;63;4915.00;716
12090;40;5291775;12090;744;13601;14316;3.52;0.22;410.59;26.58;1511;63;4916.00;715
12091;40;5291789;12091;753;13604;14320;3.51;0.22;410.57;26.58;1513;63;4917.00;716
12092;40;5291805;12092;743;13605;14321;3.50;0.21;410.64;26.58;1513;63;4918.00;716
12094;40;5291821;12094;742;13605;14321;3.48;0.21;410.74;26.58;1511;63;4919.00;716
12096;40;5291839;12096;737;13609;14326;3.50;0.22;410.82;26.57;1513;63;4920.00;717
12100;40;5291855;12100;736;13609;14326;3.52;0.22;410.91;26.57;1509;63;4921.00;717
12101;40;5291872;12101;735;13609;14326;3.55;0.22;410.87;26.57;1508;63;4922.00;717
12104;40;5291888;12104;730;13609;14327;3.57;0.22;410.88;26.57;1505;63;4923.00;718
12107;40;5291904;12107;733;13609;14327;3.58;0.22;410.81;26.57;1502;63;4924.00;718
12112;40;5291927;12112;734;13613;14333;3.59;0.22;410.81;26.56;1501;63;4925.00;720
12116;40;5291945;12116;729;13613;14333;3.59;0.22;410.74;26.56;1497;63;4926.00;720
12117;40;5291962;12117;729;13613;14334;3.60;0.22;410.80;26.56;1496;63;4927.00;721
12118;40;5291978;12118;729;13613;14334;3.64;0.22;410.80;26.56;1495;63;4928.00;721
12120;40;5291993;12120;731;13613;14334;3.62;0.22;410.82;26.56;1493;63;4929.00;721
12123;40;5292014;12123;728;13613;14334;3.63;0.22;410.91;26.56;1490;63;4930.00;721
12123;40;5292030;12123;726;13613;14334;3.67;0.22;410.91;26.56;1490;63;4931.00;721
12124;40;5292047;12124;727;13622;14346;3.71;0.23;410.90;26.54;1498;63;4932.00;724
12124;40;5292070;12124;728;13622;14346;3.74;0.23;410.90;26.54;1498;63;4933.00;724
12126;40;5292085;12126;719;13622;14346;3.76;0.23;410.88;26.54;1496;63;4934.00;724
12128;40;5292101;12128;717;13622;14346;3.78;0.23;410.93;26.54;1494;63;4935.00;724
12130;40;5292118;12130;715;13622;14346;3.78;0.23;411.04;26.54;1492;63;4936.00;724
12132;40;5292133;12132;708;13622;14346;3.78;0.23;411.01;26.54;1490;63;4937.00;724
12132;40;5292148;12132;703;13625;14350;3.77;0.23;411.01;26.54;1493;63;4938.00;725
12135;40;5292170;12135;699;13625;14350;3.74;0.23;411.04;26.54;1490;63;4939.00;725
12136;40;5292185;12136;700;13628;14354;3.76;0.23;411.01;26.53;1492;63;4940.00;726
12137;40;5292200;12137;695;13628;14355;3.78;0.23;411.04;26.53;1491;63;4941.00;727
12139;40;5292216;12139;697;13628;14355;3.76;0.23;411.10;26.53;1489;63;4942.00;727
12141;40;5292231;12141;694;13628;14355;3.74;0.23;411.13;26.53;1487;63;4943.00;727
12145;40;5292246;12145;694;13637;14368;3.71;0.23;411.07;26.52;1492;63;4944.00;731
12146;40;5292262;12146;692;13637;14368;3.69;0.23;411.07;26.52;1491;63;4945.00;731
12151;40;5292277;12151;695;13637;14368;3.67;0.22;411.10;26.52;1486;63;4946.00;731
12152;40;5292293;12152;694;13637;14369;3.71;0.23;411.13;26.52;1485;63;4947.00;732
12155;40;5292308;12155;698;13637;14370;3.70;0.23;411.15;26.52;1482;63;4948.00;733
12159;40;5292323;12159;703;13637;14370;3.67;0.22;411.08;26.52;1478;63;4949.00;733
12160;40;5292340;12160;694;13641;14379;3.70;0.23;411.08;26.51;1481;63;4950.00;738
12163;40;5292356;12163;685;13641;14379;3.71;0.23;411.12;26.51;1478;63;4951.00;738
12168;40;5292372;12168;679;13642;14379;3.71;0.23;411.14;26.51;1474;63;4952.00;737
12171;40;5292387;12171;671;13642;14379;3.73;0.23;411.12;26.51;1471;63;4953.00;737
12175;40;5292403;12175;662;13645;14385;3.80;0.23;411.10;26.50;1470;63;4954.00;740
12179;40;5292419;12179;650;13646;14385;3.81;0.23;411.08;26.50;1467;63;4955.00;739
12182;40;5292435;12182;648;13646;14385;3.83;0.23;411.04;26.50;1464;63;4956.00;739
12182;40;5292451;12182;641;13646;14385;3.89;0.24;411.04;26.50;1464;63;4957.00;739
12187;40;5292466;12187;630;13649;14389;3.92;0.24;411.04;26.49;1462;63;4958.00;740
12189;40;5292483;12189;618;13649;14390;3.93;0.24;411.01;26.49;1460;63;4959.00;741
12191;40;5292499;12191;608;13649;14390;3.94;0.24;411.04;26.49;1458;63;4960.00;741
12194;40;5292514;12194;598;13649;14391;3.96;0.24;411.07;26.49;1455;63;4961.00;742
12197;40;5292530;12197;596;13649;14391;3.99;0.24;411.17;26.49;1452;63;4962.00;742
12200;40;5292546;12200;589;13650;14391;4.02;0.24;411.26;26.62;1450;63;4963.00;741
12205;40;5292563;12205;578;13650;14391;4.05;0.24;411.29;26.62;1445;63;4964.00;741
12207;40;5292579;12207;569;13650;14391;4.08;0.25;411.33;26.62;1443;63;4965.00;741
12210;40;5292595;12210;561;13650;14391;4.11;0.25;411.34;26.62;1440;63;4966.00;741
12213;40;5292611;12213;553;13650;14391;4.19;0.25;411.33;26.62;1437;63;4967.00;741
12215;40;5292627;12215;545;13679;14461;4.39;0.27;411.44;26.56;1464;63;4968.00;782
12218;40;5292649;12218;528;13682;14462;4.44;0.27;411.51;26.56;1464;63;4969.00;780
12220;40;5292665;12220;519;13685;14462;4.51;0.27;411.51;26.55;1465;63;4970.00;777
12225;40;5292681;12225;508;13687;14462;4.54;0.28;411.45;26.55;1462;63;4971.00;775
12229;40;5292697;12229;504;13687;14462;4.54;0.27;411.43;26.55;1458;63;4972.00;775
12232;40;5292714;12232;499;13687;14462;4.54;0.27;411.46;26.55;1455;63;4973.00;775
12236;40;5292730;12236;491;13687;14462;4.58;0.28;411.50;26.55;1451;63;4974.00;775
12238;40;5292747;12238;503;13687;14462;4.60;0.28;411.51;26.55;1449;63;4975.00;775
12244;40;5292763;12244;486;13687;14463;4.58;0.28;411.57;26.55;1443;63;4976.00;776
12248;40;5292780;12248;494;13687;14464;4.61;0.28;411.79;26.55;1439;63;4977.00;777
12251;40;5292797;12251;486;13687;14464;4.64;0.28;411.90;26.55;1436;63;4978.00;777
12252;40;5292814;12252;493;13690;14468;4.66;0.28;411.96;26.54;1438;63;4979.00;778
12253;40;5292834;12253;494;13691;14468;4.64;0.28;411.97;26.54;1438;63;4980.00;777
12259;40;5292852;12259;496;13691;14468;4.66;0.28;412.12;26.54;1432;63;4981.00;777
12264;40;5292868;12264;503;13691;14468;4.67;0.28;412.22;26.54;1427;63;4982.00;777
12267;40;5292884;12267;508;13694;14474;4.65;0.28;412.22;26.54;1427;63;4983.00;780
12271;40;5292900;12271;515;13694;14474;4.67;0.28;412.36;26.54;1423;63;4984.00;780
12278;40;5292918;12278;512;13695;14474;4.65;0.28;412.62;26.54;1417;63;4985.00;779
12282;40;5292934;12282;511;13695;14477;4.62;0.28;412.70;26.54;1413;63;4986.00;782
12285;40;5292951;12285;522;13695;14477;4.61;0.28;412.74;26.54;1410;63;4987.00;782
12287;40;5292966;12287;530;13696;14477;4.61;0.28;412.82;26.54;1409;63;4988.00;781
12290;40;5292982;12290;532;13696;14478;4.57;0.28;412.93;26.54;1406;63;4989.00;782
12293;40;5293001;12293;524;13698;14479;4.53;0.27;412.89;26.54;1405;63;4990.00;781
12298;40;5293023;12298;529;13699;14479;4.48;0.27;412.96;26.54;1401;63;4991.00;780
12301;40;5293040;12301;527;13705;14492;4.47;0.27;413.15;26.53;1404;63;4992.00;787
12302;40;5293059;12302;531;13705;14492;4.43;0.27;413.21;26.53;1403;63;4993.00;787
12306;40;5293077;12306;530;13707;14492;4.39;0.27;413.21;26.53;1401;63;4994.00;785
12308;40;5293095;12308;531;13709;14494;4.39;0.27;413.23;26.56;1401;63;4995.00;785
12310;40;5293114;12310;531;13712;14494;4.38;0.26;413.23;26.56;1402;63;4996.00;782
12313;40;5293131;12313;524;13715;14498;4.40;0.27;413.30;26.55;1402;63;4997.00;783
12315;40;5293148;12315;517;13716;14498;4.41;0.27;413.36;26.55;1401;63;4998.00;782
12320;40;5293166;12320;501;13722;14502;4.46;0.27;413.38;26.70;1402;63;4999.00;780
12321;40;5293183;12321;509;13723;14502;4.49;0.27;413.38;26.70;1402;63;5000.00;779
12324;40;5293203;12324;502;13725;14502;4.52;0.27;413.36;26.74;1401;63;5001.00;777
12327;40;5293220;12327;505;13727;14502;4.51;0.27;413.46;26.77;1400;63;5002.00;775
12331;40;5293236;12331;506;13728;14502;4.45;0.27;413.59;26.77;1397;63;5003.00;774
12334;40;5293252;12334;512;13736;14514;4.46;0.27;413.71;26.79;1402;63;5004.00;778
12336;40;5293269;12336;510;13738;14514;4.43;0.27;413.82;26.79;1402;63;5005.00;776
12340;40;5293291;12340;518;13740;14514;4.39;0.27;414.02;26.85;1400;63;5006.00;774
12343;40;5293306;12343;513;13741;14514;4.38;0.27;414.03;26.85;1398;63;5007.00;773
12345;40;5293322;12345;512;13743;14514;4.42;0.27;414.07;26.89;1398;63;5008.00;771
12349;40;5293338;12349;511;13744;14514;4.45;0.27;414.13;26.92;1395;63;5009.00;770
12351;40;5293355;12351;510;13747;14515;4.49;0.27;414.14;26.98;1396;63;5010.00;768
12356;40;5293371;12356;503;13749;14515;4.53;0.28;414.35;27.01;1393;63;5011.00;766
12360;40;5293387;12360;500;13754;14521;4.53;0.28;414.58;27.04;1394;63;5012.00;767
12363;40;5293404;12363;502;13757;14522;4.53;0.28;414.56;27.19;1394;63;5013.00;765
12367;40;5293420;12367;501;13758;14522;4.52;0.28;414.80;27.19;1391;64;5014.00;764
12370;40;5293442;12370;498;13761;14522;4.51;0.27;415.05;27.25;1391;64;5015.00;761
12371;40;5293461;12371;503;13765;14526;4.53;0.28;415.05;27.28;1394;64;5016.00;761
12375;40;5293477;12375;505;13767;14526;4.53;0.28;415.29;27.40;1392;64;5017.00;759
12378;40;5293494;12378;501;13770;14526;4.49;0.27;415.30;27.45;1392;64;5018.00;756
12379;40;5293511;12379;495;13773;14527;4.48;0.27;415.29;27.60;1394;64;5019.00;754
12381;40;5293527;12381;492;13778;14531;4.50;0.27;415.38;27.62;1397;64;5020.00;753
12382;40;5293544;12382;498;13781;14531;4.52;0.28;415.50;27.77;1399;64;5021.00;750
12385;40;5293560;12385;501;13782;14534;4.54;0.28;415.65;27.77;1397;64;5022.00;752
12389;40;5293578;12389;507;13785;14534;4.55;0.28;415.79;27.83;1396;64;5023.00;749
12390;40;5293595;12390;511;13787;14534;4.62;0.28;415.82;27.85;1397;64;5024.00;747
12393;40;5293611;12393;515;13791;14534;4.62;0.28;415.96;28.02;1398;64;5025.00;743
12396;40;5293627;12396;513;13794;14538;4.66;0.28;416.04;28.02;1398;64;5026.00;744
12398;40;5293644;12398;509;13796;14538;4.62;0.28;416.02;28.08;1398;64;5027.00;742
12403;40;5293660;12403;516;13797;14538;4.55;0.28;416.11;28.10;1394;64;5028.00;741
12405;40;5293677;12405;516;13798;14538;4.52;0.27;416.12;28.13;1393;64;5029.00;740
12407;40;5293693;12407;518;13800;14539;4.44;0.27;416.15;28.19;1393;64;5030.00;739
12408;40;5293709;12408;522;13801;14540;4.41;0.27;416.14;28.22;1393;64;5031.00;739
12412;40;5293724;12412;531;13801;14540;4.37;0.27;416.17;28.22;1389;64;5032.00;739
12414;40;5293740;12414;527;13804;14541;4.37;0.27;416.13;28.27;1390;64;5033.00;737
12416;40;5293756;12416;537;13805;14541;4.34;0.26;416.10;28.30;1389;64;5034.00;736
12418;40;5293771;12418;544;13806;14541;4.33;0.26;416.07;28.33;1388;64;5035.00;735
12420;40;5293786;12420;544;13810;14541;4.31;0.26;416.16;28.73;1390;65;5036.00;731
12422;40;5293813;12422;559;13810;14541;4.27;0.26;416.14;28.73;1388;65;5037.00;731
12422;40;5293830;12422;560;13812;14541;4.29;0.26;416.14;28.78;1390;65;5038.00;729
12423;40;5293845;12423;569;13812;14541;4.28;0.26;416.14;28.78;1389;65;5039.00;729
12424;40;5293861;12424;630;13932;14771;4.43;0.28;416.13;28.54;1508;65;5040.00;839
12425;40;5293895;12425;624;13935;14772;4.42;0.28;416.14;28.59;1510;65;5041.00;837
12429;40;5293911;12429;608;13942;14772;4.48;0.28;416.21;28.70;1513;65;5042.00;830
12430;40;5293927;12430;595;13943;14772;4.52;0.28;416.28;28.69;1513;65;5043.00;829
12431;40;5293943;12431;591;13949;14772;4.54;0.28;416.25;28.74;1518;65;5044.00;823
12432;40;5293960;12432;596;13953;14772;4.54;0.28;416.25;28.88;1521;66;5045.00;819
12435;40;5293983;12435;597;13959;14772;4.55;0.28;416.27;28.90;1524;66;5046.00;813
12437;40;5293999;12437;594;13961;14772;4.56;0.28;416.30;28.90;1524;66;5047.00;811
12438;40;5294014;12438;585;13966;14773;4.60;0.29;416.31;28.89;1528;66;5048.00;807
12442;40;5294030;12442;587;13971;14774;4.64;0.29;416.37;28.91;1529;66;5049.00;803
12444;40;5294047;12444;586;13976;14774;4.66;0.29;416.34;28.91;1532;66;5050.00;798
12447;40;5294062;12447;590;13981;14775;4.63;0.29;416.40;29.04;1534;66;5051.00;794
12451;40;5294079;12451;603;13986;14775;4.57;0.28;416.46;29.09;1535;66;5052.00;789
12453;40;5294095;12453;598;13989;14775;4.53;0.28;416.49;29.12;1536;66;5053.00;786
12454;40;5294116;12454;614;13991;14775;4.48;0.28;416.50;29.11;1537;66;5054.00;784
12457;40;5294133;12457;615;13992;14779;4.43;0.28;416.55;29.11;1535;66;5055.00;787
12460;40;5294154;12460;618;13994;14779;4.36;0.27;416.58;29.14;1534;66;5056.00;785
12465;40;5294184;12465;620;13994;14779;4.27;0.26;416.61;29.14;1529;66;5057.00;785
12471;40;5294212;12471;636;13995;14782;4.19;0.26;416.75;29.13;1524;66;5058.00;787
12476;40;5294229;12476;648;13995;14782;4.10;0.25;416.79;29.13;1519;66;5059.00;787
12478;40;5294246;12478;662;13995;14782;4.04;0.25;416.74;29.13;1517;66;5060.00;787
12479;40;5294263;12479;670;13998;14786;4.00;0.25;416.72;29.13;1519;66;5061.00;788
12480;40;5294280;12480;683;14000;14787;3.97;0.24;416.73;29.13;1520;66;5062.00;787
12484;40;5294297;12484;688;14000;14787;3.88;0.24;416.80;29.13;1516;66;5063.00;787
12487;40;5294313;12487;697;14002;14791;3.82;0.23;416.82;29.12;1515;66;5064.00;789
12489;40;5294330;12489;696;14004;14791;3.82;0.23;416.88;29.15;1515;66;5065.00;787
12489;40;5294346;12489;700;14006;14791;3.81;0.23;416.88;29.15;1517;66;5066.00;785
12490;40;5294362;12490;692;14007;14792;3.79;0.23;416.88;29.15;1517;66;5067.00;785
12492;40;5294378;12492;694;14008;14792;3.75;0.23;416.93;29.15;1516;66;5068.00;784
12492;40;5294394;12492;699;14013;14798;3.77;0.23;416.93;29.14;1521;66;5069.00;785
12493;40;5294411;12493;707;14013;14798;3.76;0.23;416.93;29.14;1520;66;5070.00;785
12494;40;5294428;12494;706;14015;14799;3.76;0.23;416.97;29.14;1521;66;5071.00;784
12496;40;5294451;12496;709;14015;14799;3.77;0.23;416.92;29.14;1519;66;5072.00;784
12497;40;5294467;12497;704;14015;14799;3.79;0.23;416.89;29.14;1518;66;5073.00;784
12499;40;5294483;12499;709;14016;14799;3.83;0.23;416.93;29.14;1517;66;5074.00;783
12500;40;5294506;12500;712;14016;14799;3.88;0.24;416.93;29.14;1516;66;5075.00;783
12502;40;5294522;12502;713;14026;14811;3.91;0.24;416.98;29.12;1524;66;5076.00;785
12502;40;5294540;12502;721;14026;14811;3.94;0.24;416.98;29.12;1524;66;5077.00;785
12506;40;5294555;12506;715;14026;14811;3.94;0.24;416.89;29.12;1520;66;5078.00;785
12508;40;5294572;12508;709;14027;14811;3.94;0.24;416.85;29.12;1519;66;5079.00;784
12511;40;5294590;12511;713;14027;14811;3.93;0.24;416.86;29.12;1516;66;5080.00;784
12512;40;5294607;12512;710;14028;14811;3.91;0.24;416.83;29.12;1516;66;5081.00;783
12512;40;5294625;12512;707;14032;14815;3.90;0.24;416.83;29.12;1520;66;5082.00;783
12512;40;5294641;12512;705;14034;14815;3.91;0.24;416.83;29.12;1522;66;5083.00;781
12513;40;5294657;12513;709;14037;14819;3.93;0.24;416.83;29.11;1524;66;5084.00;782
12516;40;5294674;12516;710;14039;14821;3.91;0.24;416.81;29.11;1523;66;5085.00;782
12517;40;5294690;12517;707;14039;14821;3.92;0.24;416.79;29.11;1522;66;5086.00;782
12519;40;5294706;12519;715;14039;14821;3.94;0.24;416.87;29.11;1520;66;5087.00;782
12524;40;5294722;12524;723;14048;14834;3.93;0.24;416.83;29.09;1524;66;5088.00;786
12526;40;5294739;12526;716;14049;14834;3.93;0.24;416.79;29.09;1523;66;5089.00;785
12528;40;5294754;12528;723;14049;14834;3.97;0.24;416.76;29.09;1521;66;5090.00;785
12530;40;5294770;12530;723;14050;14835;3.98;0.24;416.73;29.09;1520;66;5091.00;785
12532;40;5294785;12532;727;14050;14836;3.99;0.24;416.92;29.09;1518;66;5092.00;786
12533;40;5294801;12533;728;14050;14836;4.01;0.24;416.93;29.09;1517;66;5093.00;786
12534;40;5294816;12534;727;14051;14839;4.01;0.24;416.95;29.09;1517;66;5094.00;788
12538;40;5294833;12538;728;14051;14839;3.96;0.24;417.03;29.09;1513;66;5095.00;788
12539;40;5294848;12539;732;14051;14839;3.98;0.24;417.01;29.09;1512;66;5096.00;788
12543;40;5294863;12543;744;14051;14839;3.96;0.24;417.03;29.09;1508;66;5097.00;788
12548;40;5294879;12548;735;14055;14845;3.96;0.24;417.00;29.08;1507;66;5098.00;790
12550;40;5294895;12550;727;14055;14845;3.95;0.24;417.00;29.08;1505;66;5099.00;790
12551;40;5294912;12551;729;14060;14864;3.95;0.24;416.99;29.07;1509;66;5100.00;804
12553;40;5294935;12553;726;14060;14864;4.00;0.24;416.96;29.07;1507;66;5101.00;804
12555;40;5294951;12555;720;14063;14868;4.04;0.25;416.94;29.06;1508;66;5102.00;805
12560;40;5294967;12560;710;14063;14869;4.08;0.25;416.93;29.06;1503;66;5103.00;806
12561;40;5294984;12561;705;14063;14869;4.13;0.25;416.96;29.06;1502;66;5104.00;806
12564;40;5295000;12564;706;14064;14870;4.13;0.25;417.07;29.06;1500;66;5105.00;806
12566;40;5295015;12566;709;14067;14870;4.15;0.25;417.08;29.05;1501;66;5106.00;803
12568;40;5295031;12568;705;14067;14870;4.16;0.25;417.17;29.05;1499;66;5107.00;803
12572;40;5295047;12572;705;14067;14870;4.14;0.25;417.14;29.05;1495;66;5108.00;803
12574;40;5295063;12574;700;14067;14870;4.16;0.25;417.22;29.05;1493;66;5109.00;803
12577;40;5295079;12577;693;14067;14870;4.19;0.25;417.24;29.05;1490;66;5110.00;803
12580;40;5295094;12580;691;14068;14870;4.15;0.25;417.28;29.05;1488;66;5111.00;802
12584;40;5295109;12584;703;14099;14940;4.17;0.25;417.39;28.99;1515;66;5112.00;841
12587;40;5295131;12587;697;14102;14941;4.18;0.26;417.45;28.98;1515;66;5113.00;839
12589;40;5295147;12589;694;14103;14941;4.16;0.25;417.41;28.98;1514;66;5114.00;838
12589;40;5295162;12589;688;14106;14941;4.18;0.26;417.41;28.98;1517;66;5115.00;835
12591;40;5295177;12591;682;14107;14941;4.18;0.26;417.50;28.97;1516;66;5116.00;834
12594;40;5295193;12594;675;14108;14941;4.16;0.26;417.47;28.97;1514;66;5117.00;833
12598;40;5295209;12598;663;14109;14941;4.17;0.26;417.49;28.97;1511;66;5118.00;832
12598;40;5295224;12598;660;14110;14941;4.18;0.26;417.49;28.97;1512;66;5119.00;831
12602;40;5295245;12602;667;14110;14942;4.14;0.25;417.66;28.97;1508;66;5120.00;832
12606;40;5295263;12606;667;14110;14943;4.15;0.25;417.80;28.97;1504;66;5121.00;833
12610;40;5295285;12610;664;14111;14943;4.14;0.25;417.88;28.97;1501;66;5122.00;832
12613;40;5295305;12613;654;14114;14947;4.13;0.25;417.99;28.97;1501;66;5123.00;833
12616;40;5295322;12616;650;14114;14947;4.16;0.25;418.07;28.97;1498;66;5124.00;833
12620;40;5295338;12620;642;14114;14947;4.19;0.26;418.04;28.97;1494;66;5125.00;833
12623;40;5295355;12623;642;14114;14947;4.24;0.26;418.14;28.97;1491;66;5126.00;833
12624;40;5295371;12624;640;14117;14953;4.29;0.26;418.12;28.96;1493;66;5127.00;836
12628;40;5295389;12628;644;14119;14953;4.30;0.26;418.26;28.96;1491;66;5128.00;834
12634;40;5295405;12634;639;14119;14953;4.31;0.26;418.26;28.96;1485;66;5129.00;834
12635;40;5295423;12635;636;14122;14959;4.37;0.27;418.25;28.96;1487;66;5130.00;837
12642;40;5295440;12642;643;14124;14959;4.37;0.27;418.26;28.96;1482;66;5131.00;835
12647;40;5295456;12647;636;14124;14959;4.37;0.27;418.30;28.96;1477;66;5132.00;835
12650;40;5295474;12650;629;14127;14960;4.38;0.27;418.32;28.95;1477;66;5133.00;833
12653;40;5295492;12653;620;14128;14961;4.41;0.27;418.32;28.95;1475;66;5134.00;833
12657;40;5295510;12657;616;14130;14961;4.38;0.27;418.40;28.95;1473;66;5135.00;831
12659;40;5295526;12659;622;14137;14974;4.36;0.27;418.40;28.94;1478;66;5136.00;837
12663;40;5295545;12663;613;14139;14974;4.35;0.27;418.45;28.94;1476;66;5137.00;835
12667;40;5295562;12667;608;14139;14974;4.37;0.27;418.46;28.94;1472;66;5138.00;835
12672;40;5295578;12672;596;14143;14975;4.35;0.27;418.41;28.94;1471;66;5139.00;832
12678;40;5295595;12678;593;14143;14975;4.35;0.27;418.59;28.94;1465;66;5140.00;832
12681;40;5295611;12681;590;14147;14979;4.35;0.27;418.62;28.93;1466;66;5141.00;832
12687;40;5295628;12687;584;14147;14979;4.34;0.27;418.64;28.93;1460;66;5142.00;832
12691;40;5295645;12691;588;14151;14983;4.32;0.26;418.72;28.93;1460;66;5143.00;832
12694;40;5295662;12694;585;14154;14983;4.32;0.26;418.73;28.93;1460;66;5144.00;829
12699;40;5295683;12699;585;14156;14983;4.29;0.26;418.76;28.92;1457;66;5145.00;827
12705;40;5295700;12705;588;14157;14983;4.27;0.26;418.97;28.92;1452;66;5146.00;826
12708;40;5295717;12708;582;14158;14983;4.25;0.26;419.14;28.92;1450;66;5147.00;825
12710;40;5295733;12710;581;14163;14995;4.28;0.26;419.25;28.91;1453;66;5148.00;832
12712;40;5295755;12712;575;14164;14995;4.26;0.26;419.36;28.91;1452;66;5149.00;831
12719;40;5295772;12719;572;14167;14995;4.20;0.26;419.59;29.06;1448;66;5150.00;828
12722;40;5295790;12722;574;14168;14995;4.20;0.26;419.64;29.06;1446;66;5151.00;827
12726;40;5295805;12726;570;14169;14995;4.21;0.26;419.90;29.06;1443;66;5152.00;826
12731;40;5295821;12731;572;14170;14995;4.16;0.26;420.03;29.09;1439;66;5153.00;825
12733;40;5295837;12733;572;14171;14996;4.17;0.26;420.08;29.09;1438;66;5154.00;825
12737;40;5295852;12737;571;14174;14998;4.15;0.25;420.16;29.12;1437;66;5155.00;824
12740;40;5295870;12740;578;14178;15004;4.16;0.26;420.20;29.11;1438;66;5156.00;826
12745;40;5295887;12745;585;14178;15005;4.13;0.25;420.43;29.11;1433;66;5157.00;827
12751;40;5295904;12751;581;14182;15005;4.13;0.25;420.53;29.17;1431;66;5158.00;823
12754;40;5295920;12754;582;14183;15005;4.13;0.25;420.56;29.20;1429;66;5159.00;822
12757;40;5295937;12757;590;14188;15010;4.13;0.25;420.66;29.23;1431;66;5160.00;822
12761;40;5295955;12761;598;14188;15010;4.11;0.25;420.68;29.23;1427;66;5161.00;822
12766;40;5295971;12766;591;14190;15010;4.10;0.25;420.68;29.29;1424;66;5162.00;820
12770;40;5295988;12770;579;14192;15011;4.11;0.25;420.86;29.32;1422;66;5163.00;819
12772;40;5296005;12772;581;14195;15015;4.16;0.26;420.94;29.31;1423;66;5164.00;820
12774;40;5296021;12774;581;14197;15015;4.13;0.25;421.05;29.38;1423;66;5165.00;818
12776;40;5296038;12776;589;14198;15018;4.12;0.25;421.10;29.38;1422;66;5166.00;820
12780;40;5296055;12780;596;14200;15018;4.10;0.25;421.22;29.44;1420;66;5167.00;818
12785;40;5296070;12785;601;14201;15018;4.03;0.25;421.37;29.47;1416;66;5168.00;817
12790;40;5296086;12790;606;14202;15018;3.95;0.24;421.57;29.51;1412;66;5169.00;816
12792;40;5296102;12792;608;14205;15022;3.91;0.24;421.55;29.50;1413;66;5170.00;817
12795;40;5296117;12795;610;14205;15022;3.88;0.24;421.64;29.50;1410;66;5171.00;817
12800;40;5296132;12800;597;14206;15022;3.86;0.24;421.66;29.53;1406;66;5172.00;816
12804;40;5296149;12804;589;14206;15022;3.86;0.24;421.81;29.53;1402;66;5173.00;816
12808;40;5296164;12808;580;14207;15023;3.88;0.24;421.82;29.56;1399;66;5174.00;816
12810;40;5296181;12810;583;14208;15025;3.89;0.24;421.94;29.56;1398;66;5175.00;817
12816;40;5296201;12816;584;14210;15025;3.92;0.24;421.91;29.63;1394;66;5176.00;815
12822;40;5296220;12822;581;14212;15026;3.93;0.24;422.10;29.65;1390;66;5177.00;814
12826;40;5296239;12826;583;14212;15026;3.95;0.24;422.12;29.65;1386;66;5178.00;814
12830;40;5296257;12830;577;14213;15026;3.96;0.24;422.11;29.69;1383;66;5179.00;813
12832;40;5296274;12832;575;14214;15026;3.93;0.24;422.15;29.72;1382;66;5180.00;812
12834;40;5296289;12834;587;14215;15026;3.95;0.24;422.12;29.75;1381;66;5181.00;811
12837;40;5296305;12837;581;14216;15026;3.99;0.24;422.07;29.86;1379;66;5182.00;810
12837;40;5296321;12837;576;14216;15026;4.06;0.25;422.07;29.86;1379;66;5183.00;810
12838;40;5296337;12838;604;14286;15153;4.22;0.26;422.05;29.75;1448;66;5184.00;867
12841;40;5296363;12841;588;14287;15154;4.27;0.26;422.02;29.78;1446;66;5185.00;867
12841;40;5296379;12841;570;14292;15154;4.36;0.27;422.02;29.77;1451;66;5186.00;862
12844;40;5296395;12844;569;14293;15154;4.39;0.27;421.95;29.77;1449;66;5187.00;861
12846;40;5296411;12846;564;14297;15154;4.47;0.28;421.93;29.83;1451;66;5188.00;857
12846;40;5296427;12846;566;14301;15154;4.59;0.28;421.93;29.85;1455;66;5189.00;853
12846;40;5296445;12846;573;14306;15154;4.64;0.29;421.93;29.87;1460;66;5190.00;848
12848;40;5296460;12848;575;14309;15154;4.65;0.29;421.90;29.90;1461;66;5191.00;845
12850;40;5296488;12850;580;14311;15155;4.63;0.29;421.96;29.90;1461;66;5192.00;844
12852;40;5296505;12852;588;14314;15156;4.61;0.28;421.92;29.95;1462;66;5193.00;842
12858;40;5296521;12858;589;14316;15156;4.57;0.28;421.99;29.95;1458;66;5194.00;840
12859;40;5296537;12859;601;14320;15157;4.54;0.28;422.06;30.01;1461;67;5195.00;837
12860;40;5296558;12860;601;14323;15157;4.49;0.28;422.06;30.06;1463;67;5196.00;834
12862;40;5296575;12862;605;14325;15157;4.42;0.27;422.00;30.09;1463;67;5197.00;832
12865;40;5296592;12865;599;14326;15157;4.35;0.27;421.99;30.12;1461;67;5198.00;831
12866;40;5296608;12866;595;14332;15161;4.30;0.26;421.97;30.17;1466;67;5199.00;829
12867;40;5296626;12867;600;14333;15161;4.20;0.26;421.98;30.20;1466;67;5200.00;828
12870;40;5296645;12870;609;14335;15161;4.15;0.25;422.01;30.23;1465;67;5201.00;826
12870;40;5296661;12870;612;14337;15164;4.10;0.25;422.01;30.25;1467;67;5202.00;827
12873;40;5296677;12873;622;14338;15164;4.04;0.25;422.04;30.28;1465;67;5203.00;826
12874;40;5296693;12874;624;14339;15164;4.02;0.25;422.02;30.31;1465;67;5204.00;825
12877;40;5296709;12877;622;14342;15168;3.99;0.24;422.14;30.31;1465;67;5205.00;826
12878;40;5296725;12878;615;14345;15169;4.00;0.25;422.13;30.36;1467;67;5206.00;824
12880;40;5296741;12880;608;14345;15169;4.03;0.25;422.11;30.36;1465;67;5207.00;824
12881;40;5296757;12881;606;14350;15173;4.04;0.25;422.11;30.42;1469;67;5208.00;823
12882;40;5296774;12882;596;14351;15173;4.08;0.25;422.09;30.45;1469;67;5209.00;822
12882;40;5296789;12882;586;14352;15173;4.11;0.25;422.09;30.48;1470;67;5210.00;821
12885;40;5296810;12885;583;14352;15174;4.14;0.25;422.15;30.48;1467;67;5211.00;822
12889;40;5296825;12889;562;14353;15174;4.20;0.26;422.12;30.51;1464;67;5212.00;821
12891;40;5296842;12891;550;14359;15180;4.28;0.26;422.21;30.64;1468;67;5213.00;821
12894;40;5296859;12894;537;14360;15180;4.37;0.27;422.25;30.67;1466;67;5214.00;820
12897;40;5296877;12897;533;14361;15180;4.40;0.27;422.25;30.70;1464;67;5215.00;819
12899;40;5296894;12899;524;14361;15181;4.44;0.27;422.21;30.70;1462;67;5216.00;820
12901;40;5296917;12901;526;14362;15181;4.49;0.27;422.17;30.73;1461;67;5217.00;819
12902;40;5296938;12902;531;14363;15181;4.52;0.27;422.18;30.75;1461;67;5218.00;818
12905;41;5296965;12905;526;14363;15181;4.55;0.28;422.15;30.75;1458;69;5219.00;818
12907;41;5297009;12907;522;14385;15217;4.63;0.28;422.19;30.71;1478;69;5220.00;832
12909;41;5297029;12909;523;14386;15217;4.70;0.29;422.16;30.74;1477;69;5221.00;831
12913;41;5297046;12913;522;14390;15217;4.71;0.29;422.10;30.76;1477;69;5222.00;827
12913;41;5297063;12913;522;14392;15217;4.75;0.29;422.10;30.81;1479;69;5223.00;825
12914;41;5297080;12914;519;14393;15217;4.79;0.29;422.08;30.81;1479;69;5224.00;824
12916;42;5297097;12916;528;14395;15217;4.80;0.29;422.06;30.87;1479;70;5225.00;822
12918;42;5297120;12918;528;14400;15221;4.76;0.29;422.11;30.89;1482;70;5226.00;821
12920;42;5297143;12920;531;14401;15221;4.72;0.29;422.06;30.89;1481;70;5227.00;820
12920;42;5297159;12920;534;14404;15225;4.70;0.29;422.06;30.88;1484;70;5228.00;821
12924;42;5297175;12924;540;14406;15226;4.68;0.28;422.07;31.02;1482;70;5229.00;820
12926;42;5297193;12926;544;14409;15226;4.64;0.28;422.03;31.07;1483;70;5230.00;817
12927;42;5297211;12927;540;14410;15226;4.59;0.28;422.05;31.10;1483;70;5231.00;816
12928;42;5297237;12928;550;14421;15239;4.53;0.28;422.08;31.10;1493;70;5232.00;818
12930;42;5297258;12930;551;14421;15239;4.53;0.28;422.10;31.10;1491;70;5233.00;818
12933;42;5297279;12933;552;14421;15239;4.51;0.27;422.13;31.10;1488;70;5234.00;818
12936;42;5297298;12936;559;14423;15240;4.50;0.27;422.21;31.13;1487;70;5235.00;817
12937;42;5297320;12937;565;14423;15241;4.50;0.27;422.21;31.13;1486;70;5236.00;818
12938;42;5297348;12938;564;14425;15241;4.50;0.27;422.22;31.18;1487;70;5237.00;816
12940;42;5297378;12940;576;14427;15244;4.49;0.27;422.21;31.20;1487;70;5238.00;817
12941;42;5297405;12941;574;14427;15244;4.49;0.27;422.24;31.20;1486;70;5239.00;817
12942;42;5297433;12942;561;14428;15244;4.48;0.27;422.30;31.34;1486;70;5240.00;816
12942;42;5297455;12942;570;14429;15244;4.54;0.28;422.30;31.47;1487;70;5241.00;815
12944;42;5297472;12944;574;14434;15250;4.57;0.28;422.30;31.48;1490;70;5242.00;816
12944;42;5297492;12944;582;14435;15250;4.63;0.28;422.30;31.61;1491;70;5243.00;815
12946;42;5297509;12946;591;14435;15250;4.63;0.28;422.30;31.61;1489;70;5244.00;815
12951;42;5297527;12951;595;14435;15250;4.58;0.28;422.40;31.61;1484;70;5245.00;815
12955;42;5297545;12955;610;14439;15254;4.56;0.28;422.49;31.74;1484;70;5246.00;815
12959;42;5297563;12959;608;14440;15255;4.52;0.27;422.46;31.86;1481;70;5247.00;815
12961;42;5297581;12961;616;14440;15255;4.45;0.27;422.47;31.86;1479;70;5248.00;815
12964;42;5297600;12964;617;14441;15256;4.42;0.27;422.74;31.86;1477;70;5249.00;815
12968;42;5297624;12968;623;14442;15256;4.39;0.27;422.72;31.99;1474;70;5250.00;814
12970;42;5297655;12970;633;14442;15256;4.39;0.27;422.70;31.99;1472;70;5251.00;814
12972;42;5297689;12972;638;14442;15256;4.42;0.27;422.72;31.99;1470;70;5252.00;814
12974;42;5297711;12974;638;14442;15256;4.47;0.27;422.80;31.99;1468;70;5253.00;814
12975;42;5297736;12975;635;14443;15256;4.50;0.27;422.80;32.12;1468;70;5254.00;813
12977;42;5297765;12977;637;14443;15256;4.52;0.28;422.89;32.12;1466;70;5255.00;813
12977;42;5297802;12977;659;14484;15326;4.62;0.28;422.89;32.03;1507;70;5256.00;842
12980;42;5297848;12980;653;14486;15327;4.63;0.28;423.02;32.02;1506;70;5257.00;841
12981;42;5297878;12981;656;14489;15327;4.60;0.28;423.14;32.02;1508;70;5258.00;838
12985;42;5297908;12985;661;14489;15327;4.56;0.28;423.14;32.02;1504;70;5259.00;838
12988;42;5297940;12988;659;14489;15327;4.52;0.28;423.23;32.02;1501;70;5260.00;838
12990;42;5297963;12990;656;14490;15327;4.47;0.27;423.25;32.02;1500;70;5261.00;837
12993;42;5297992;12993;657;14490;15327;4.43;0.27;423.22;32.02;1497;70;5262.00;837
12994;42;5298016;12994;655;14490;15327;4.36;0.27;423.23;32.02;1496;70;5263.00;837
12996;42;5298036;12996;645;14490;15328;4.35;0.27;423.18;32.02;1494;70;5264.00;838
12998;42;5298062;12998;645;14491;15330;4.29;0.26;423.16;32.01;1493;70;5265.00;839
12999;42;5298086;12999;652;14491;15330;4.26;0.26;423.20;32.01;1492;70;5266.00;839
13000;42;5298104;13000;644;14494;15334;4.25;0.26;423.20;32.01;1494;70;5267.00;840
13001;42;5298121;13001;639;14494;15334;4.27;0.26;423.21;32.01;1493;70;5268.00;840
13001;42;5298138;13001;637;14494;15334;4.28;0.26;423.21;32.01;1493;70;5269.00;840
13003;42;5298154;13003;631;14494;15334;4.29;0.26;423.33;32.01;1491;70;5270.00;840
13006;42;5298184;13006;642;14498;15340;4.31;0.26;423.26;32.00;1492;70;5271.00;842
13008;42;5298214;13008;636;14498;15340;4.30;0.26;423.35;32.00;1490;70;5272.00;842
13009;42;5298239;13009;641;14498;15340;4.31;0.26;423.38;32.00;1489;70;5273.00;842
13010;42;5298268;13010;644;14500;15343;4.34;0.26;423.41;32.00;1490;70;5274.00;843
13013;42;5298295;13013;645;14500;15343;4.35;0.26;423.36;32.00;1487;70;5275.00;843
13017;43;5298313;13017;644;14502;15343;4.32;0.26;423.32;32.00;1485;71;5276.00;841
13019;43;5298338;13019;641;14503;15344;4.30;0.26;423.32;32.00;1484;71;5277.00;841
13021;43;5298355;13021;645;14503;15345;4.28;0.26;423.30;32.00;1482;71;5278.00;842
13022;44;5298373;13022;649;14503;15345;4.25;0.26;423.42;32.00;1481;72;5279.00;842
13028;44;5298400;13028;641;14520;15371;4.21;0.26;423.58;31.96;1492;72;5280.00;851
13031;44;5298419;13031;634;14521;15371;4.16;0.25;423.58;31.96;1490;72;5281.00;850
13036;44;5298436;13036;630;14523;15371;4.12;0.25;423.70;31.95;1487;72;5282.00;848
13040;44;5298453;13040;633;14524;15372;4.10;0.25;423.70;31.95;1484;72;5283.00;848
13044;44;5298471;13044;636;14524;15372;4.10;0.25;423.71;31.95;1480;72;5284.00;848
13044;44;5298488;13044;645;14526;15376;4.18;0.25;423.71;31.95;1482;72;5285.00;850
13047;44;5298505;13047;642;14529;15376;4.16;0.25;423.70;31.95;1482;72;5286.00;847
13049;44;5298521;13049;635;14533;15379;4.19;0.26;423.84;31.94;1484;72;5287.00;846
13052;44;5298541;13052;632;14533;15380;4.17;0.25;423.86;31.94;1481;72;5288.00;847
13057;44;5298559;13057;635;14534;15380;4.17;0.25;424.08;31.94;1477;72;5289.00;846
13059;44;5298577;13059;632;14535;15380;4.20;0.26;424.17;31.93;1476;72;5290.00;845
13063;44;5298598;13063;636;14536;15380;4.19;0.26;424.10;31.93;1473;72;5291.00;844
13067;44;5298619;13067;628;14542;15392;4.21;0.26;424.20;31.92;1475;72;5292.00;850
13072;44;5298637;13072;620;14543;15392;4.22;0.26;424.38;31.92;1471;72;5293.00;849
13074;44;5298655;13074;611;14544;15392;4.25;0.26;424.36;31.92;1470;72;5294.00;848
13078;44;5298675;13078;604;14544;15392;4.27;0.26;424.59;31.92;1466;72;5295.00;848
13084;44;5298695;13084;597;14545;15392;4.28;0.26;424.57;31.91;1461;72;5296.00;847
13087;44;5298715;13087;591;14545;15392;4.29;0.26;424.56;31.91;1458;72;5297.00;847
13090;44;5298735;13090;592;14545;15393;4.26;0.26;424.64;31.91;1455;72;5298.00;848
13094;44;5298753;13094;590;14545;15393;4.20;0.25;424.77;31.91;1451;72;5299.00;848
13097;44;5298774;13097;590;14549;15399;4.17;0.25;424.74;31.91;1452;72;5300.00;850
13103;44;5298798;13103;593;14549;15400;4.12;0.25;424.81;31.91;1446;72;5301.00;851
13104;44;5298819;13104;591;14549;15400;4.10;0.25;424.82;31.91;1445;72;5302.00;851
13108;44;5298836;13108;591;14549;15400;4.10;0.25;424.84;31.91;1441;72;5303.00;851
13111;44;5298853;13111;582;14552;15404;4.08;0.25;424.94;31.90;1441;72;5304.00;852
13113;44;5298871;13113;592;14552;15404;4.04;0.24;424.92;31.90;1439;72;5305.00;852
13118;44;5298889;13118;596;14552;15404;4.02;0.24;425.01;31.90;1434;72;5306.00;852
13121;44;5298905;13121;600;14553;15405;4.01;0.24;425.09;31.90;1432;72;5307.00;852
13122;44;5298923;13122;599;14556;15409;4.03;0.24;425.08;31.89;1434;72;5308.00;853
13126;44;5298944;13126;601;14556;15409;3.98;0.24;425.07;31.89;1430;72;5309.00;853
13129;44;5298965;13129;609;14559;15415;3.97;0.24;425.11;31.88;1430;72;5310.00;856
13134;44;5298981;13134;619;14560;15415;3.92;0.24;425.11;31.91;1426;72;5311.00;855
13138;44;5298997;13138;614;14561;15415;3.88;0.24;425.14;31.91;1423;72;5312.00;854
13142;44;5299013;13142;620;14562;15415;3.84;0.23;425.23;32.03;1420;72;5313.00;853
13145;44;5299030;13145;617;14565;15419;3.86;0.24;425.29;32.02;1420;72;5314.00;854
13147;44;5299046;13147;616;14565;15419;3.84;0.23;425.30;32.02;1418;72;5315.00;854
13153;44;5299062;13153;607;14565;15419;3.80;0.23;425.57;32.02;1412;72;5316.00;854
13157;44;5299077;13157;605;14565;15419;3.75;0.23;425.58;32.02;1408;72;5317.00;854
13161;44;5299092;13161;610;14566;15420;3.73;0.23;425.58;32.05;1405;72;5318.00;854
13166;44;5299106;13166;614;14566;15421;3.69;0.23;425.58;32.05;1400;72;5319.00;855
13170;44;5299121;13170;619;14566;15421;3.66;0.22;425.77;32.05;1396;72;5320.00;855
13174;44;5299136;13174;628;14568;15422;3.64;0.22;425.75;32.08;1394;72;5321.00;854
13176;44;5299151;13176;634;14568;15422;3.64;0.22;425.87;32.08;1392;72;5322.00;854
13179;44;5299167;13179;630;14568;15422;3.63;0.22;425.84;32.08;1389;72;5323.00;854
13184;44;5299181;13184;634;14568;15422;3.61;0.22;425.99;32.08;1384;72;5324.00;854
13187;44;5299196;13187;653;14569;15422;3.55;0.22;426.08;32.12;1382;72;5325.00;853
13188;44;5299212;13188;653;14569;15422;3.55;0.22;426.07;32.12;1381;72;5326.00;853
13191;44;5299227;13191;647;14569;15422;3.53;0.21;426.11;32.12;1378;72;5327.00;853
13195;44;5299241;13195;661;14632;15549;3.84;0.24;426.17;31.98;1437;72;5328.00;917
13196;44;5299267;13196;655;14638;15550;3.88;0.24;426.17;32.12;1442;72;5329.00;912
13200;44;5299283;13200;651;14646;15550;3.95;0.24;426.18;32.10;1446;72;5330.00;904
13202;44;5299300;13202;655;14647;15550;3.98;0.25;426.15;32.13;1445;72;5331.00;903
13204;44;5299317;13204;657;14652;15550;4.02;0.25;426.14;32.16;1448;72;5332.00;898
13205;44;5299333;13205;665;14655;15550;4.05;0.25;426.12;32.15;1450;72;5333.00;895
13208;44;5299348;13208;659;14658;15550;4.00;0.25;426.13;32.18;1450;72;5334.00;892
13211;44;5299364;13211;672;14662;15550;3.99;0.24;426.10;32.21;1451;72;5335.00;888
13214;44;5299386;13214;672;14665;15551;3.98;0.24;426.18;32.23;1451;72;5336.00;886
13216;44;5299409;13216;666;14667;15552;3.94;0.24;426.21;32.23;1451;72;5337.00;885
13217;44;5299425;13217;658;14669;15552;3.92;0.24;426.18;32.26;1452;72;5338.00;883
13220;44;5299440;13220;652;14671;15553;3.87;0.24;426.14;32.29;1451;72;5339.00;882
13221;44;5299458;13221;658;14674;15553;3.89;0.24;426.13;32.32;1453;72;5340.00;879
13224;44;5299474;13224;654;14675;15553;3.90;0.24;426.11;32.31;1451;72;5341.00;878
13226;44;5299490;13226;664;14677;15553;3.93;0.24;426.16;32.34;1451;72;5342.00;876
13229;44;5299505;13229;678;14679;15557;3.97;0.24;426.09;32.34;1450;72;5343.00;878
13231;44;5299524;13231;678;14680;15557;3.99;0.24;426.09;32.34;1449;72;5344.00;877
13232;44;5299540;13232;677;14682;15557;4.03;0.25;426.12;32.40;1450;72;5345.00;875
13232;44;5299556;13232;676;14683;15560;4.07;0.25;426.12;32.39;1451;72;5346.00;877
13233;44;5299571;13233;678;14685;15560;4.10;0.25;426.09;32.45;1452;72;5347.00;875
13237;44;5299588;13237;669;14685;15560;4.09;0.25;426.04;32.45;1448;72;5348.00;875
13239;44;5299604;13239;671;14689;15564;4.10;0.25;426.06;32.48;1450;72;5349.00;875
13242;44;5299620;13242;673;14691;15565;4.08;0.25;426.02;32.50;1449;72;5350.00;874
13243;44;5299636;13243;686;14692;15565;4.09;0.25;426.02;32.53;1449;72;5351.00;873
13244;44;5299652;13244;683;14695;15569;4.05;0.25;426.00;32.53;1451;72;5352.00;874
13247;44;5299667;13247;688;14697;15569;4.04;0.25;426.10;32.58;1450;72;5353.00;872
13249;44;5299683;13249;689;14697;15569;4.01;0.24;426.06;32.58;1448;72;5354.00;872
13249;44;5299705;13249;695;14700;15571;4.02;0.24;426.06;32.64;1451;72;5355.00;871
13250;44;5299720;13250;696;14700;15571;4.00;0.24;426.06;32.64;1450;73;5356.00;871
13252;44;5299744;13252;700;14706;15577;4.01;0.24;426.03;32.69;1454;73;5357.00;871
13255;44;5299760;13255;702;14706;15577;3.96;0.24;426.08;32.69;1451;73;5358.00;871
13257;44;5299776;13257;691;14708;15577;3.94;0.24;426.08;32.75;1451;73;5359.00;869
13258;44;5299792;13258;686;14709;15578;3.92;0.24;426.07;32.78;1451;73;5360.00;869
13259;44;5299808;13259;690;14710;15578;3.94;0.24;426.12;32.81;1451;73;5361.00;868
13260;44;5299823;13260;685;14711;15578;3.95;0.24;426.11;32.84;1451;73;5362.00;867
13261;44;5299838;13261;672;14711;15578;3.95;0.24;426.10;32.84;1450;73;5363.00;867
13263;44;5299854;13263;669;14722;15590;3.99;0.24;426.06;32.88;1459;73;5364.00;868
13266;44;5299871;13266;676;14722;15590;4.01;0.24;426.04;32.88;1456;73;5365.00;868
13268;44;5299893;13268;663;14724;15590;4.02;0.24;426.01;32.94;1456;73;5366.00;866
13269;44;5299909;13269;658;14724;15590;4.09;0.25;425.98;32.94;1455;73;5367.00;866
13271;44;5299924;13271;655;14726;15590;4.14;0.25;426.04;32.99;1455;73;5368.00;864
13271;44;5299940;13271;649;14726;15590;4.21;0.26;426.04;32.99;1455;73;5369.00;864
13272;44;5299957;13272;640;14731;15594;4.26;0.26;426.04;33.05;1459;73;5370.00;863
13275;44;5299974;13275;629;14732;15594;4.31;0.26;426.07;33.08;1457;73;5371.00;862
13275;44;5299990;13275;625;14736;15598;4.39;0.27;426.07;33.10;1461;73;5372.00;862
13278;44;5300006;13278;623;14737;15599;4.41;0.27;426.08;33.13;1459;73;5373.00;862
13280;44;5300028;13280;605;14738;15599;4.42;0.27;426.08;33.16;1458;73;5374.00;861
13283;44;5300044;13283;601;14738;15599;4.45;0.27;426.04;33.16;1455;73;5375.00;861
13284;44;5300060;13284;594;14749;15612;4.47;0.27;426.06;33.19;1465;73;5376.00;863
13286;44;5300077;13286;583;14751;15612;4.48;0.27;426.13;33.22;1465;73;5377.00;861
13287;44;5300093;13287;580;14754;15612;4.50;0.27;426.14;33.31;1467;73;5378.00;858
13290;44;5300108;13290;577;14755;15613;4.55;0.28;426.16;33.30;1465;73;5379.00;858
13293;44;5300124;13293;570;14756;15614;4.59;0.28;426.17;33.33;1463;73;5380.00;858
13297;44;5300141;13297;569;14757;15614;4.63;0.28;426.32;33.36;1460;73;5381.00;857
13299;44;5300158;13299;563;14759;15617;4.64;0.28;426.35;33.39;1460;73;5382.00;858
13303;44;5300174;13303;560;14760;15617;4.63;0.28;426.38;33.41;1457;73;5383.00;857
13305;44;5300190;13305;549;14761;15617;4.66;0.28;426.44;33.44;1456;73;5384.00;856
13306;44;5300206;13306;547;14763;15617;4.65;0.28;426.43;33.60;1457;73;5385.00;854
13309;44;5300235;13309;544;14769;15623;4.64;0.28;426.43;33.65;1460;73;5386.00;854
13315;44;5300251;13315;545;14769;15623;4.59;0.28;426.43;33.65;1454;73;5387.00;854
13318;44;5300268;13318;540;14770;15623;4.56;0.28;426.40;33.67;1452;73;5388.00;853
13322;44;5300285;13322;547;14771;15623;4.54;0.28;426.35;33.70;1449;73;5389.00;852
13323;44;5300302;13323;540;14775;15627;4.56;0.28;426.34;33.72;1452;73;5390.00;852
13327;44;5300319;13327;540;14776;15628;4.51;0.27;426.36;33.75;1449;73;5391.00;852
13328;44;5300336;13328;542;14778;15628;4.51;0.27;426.38;33.80;1450;73;5392.00;850
13329;44;5300358;13329;553;14779;15629;4.52;0.28;426.37;33.80;1450;73;5393.00;850
13331;44;5300374;13331;540;14781;15629;4.53;0.28;426.37;33.85;1450;73;5394.00;848
13332;44;5300396;13332;545;14782;15629;4.54;0.28;426.37;33.88;1450;73;5395.00;847
13335;44;5300412;13335;540;14782;15629;4.53;0.28;426.37;33.88;1447;73;5396.00;847
13337;44;5300429;13337;550;14784;15629;4.55;0.28;426.36;33.93;1447;73;5397.00;845
13339;44;5300445;13339;548;14784;15629;4.57;0.28;426.39;33.93;1445;73;5398.00;845
13340;44;5300462;13340;552;14786;15629;4.60;0.28;426.40;33.98;1446;73;5399.00;843
