step_arrived;step_collisions;step_duration;step_ended;step_halting;step_inserted;step_loaded;step_meanSpeed;step_meanSpeedRelative;step_meanTravelTime;step_meanWaitingTime;step_running;step_teleports;step_time;step_waiting
0;0;628026466;0;1;85;245;16.32;1.15;-1.00;0.00;85;0;0.00;160
0;0;628026493;0;0;99;245;15.40;1.07;-1.00;0.14;99;0;1.00;146
0;0;628026494;0;1;120;245;14.79;1.01;-1.00;0.47;120;0;2.00;125
0;0;628026495;0;2;133;245;13.51;0.91;-1.00;0.71;133;0;3.00;112
0;0;628026496;0;2;144;245;12.65;0.85;-1.00;0.97;144;0;4.00;101
0;0;628026498;0;5;154;245;11.80;0.79;-1.00;1.23;154;0;5.00;91
0;0;628026499;0;8;163;245;11.18;0.75;-1.00;1.49;163;0;6.00;82
0;0;628026501;0;16;169;245;10.54;0.70;-1.00;1.69;169;0;7.00;76
0;0;628026503;0;17;178;246;9.95;0.66;-1.00;2.01;178;0;8.00;68
0;0;628026505;0;17;180;247;9.80;0.65;-1.00;2.08;180;0;9.00;67
0;0;628026507;0;21;188;247;9.59;0.63;-1.00;2.42;188;0;10.00;59
0;0;628026509;0;25;193;248;9.43;0.62;-1.00;2.59;193;0;11.00;55
1;0;628026511;1;28;202;248;9.22;0.60;12.00;3.01;201;0;12.00;46
1;0;628026514;1;33;205;248;9.34;0.61;12.00;3.16;204;0;13.00;43
1;0;628026516;1;33;210;248;9.33;0.61;12.00;3.41;209;0;14.00;38
1;0;628026519;1;37;214;252;9.28;0.60;12.00;3.53;213;0;15.00;38
1;0;628026522;1;40;216;252;9.31;0.60;12.00;3.58;215;0;16.00;36
1;0;628026524;1;47;222;252;8.92;0.57;12.00;3.95;221;0;17.00;30
1;0;628026527;1;48;224;255;8.97;0.57;12.00;3.99;223;0;18.00;31
1;0;628026530;1;56;227;255;8.97;0.57;12.00;4.19;226;0;19.00;28
2;0;628026533;2;58;229;255;8.99;0.57;16.00;4.33;227;0;20.00;26
4;0;628026535;4;64;237;259;8.96;0.57;18.50;4.55;233;0;21.00;22
4;0;628026539;4;70;239;260;9.04;0.57;18.50;4.61;235;0;22.00;21
4;0;628026541;4;71;242;260;9.15;0.58;18.50;4.80;238;0;23.00;18
5;0;628026544;5;75;246;264;9.22;0.58;19.60;4.82;241;0;24.00;18
5;0;628026548;5;79;249;264;9.10;0.57;19.60;4.99;244;0;25.00;15
5;0;628026551;5;81;250;264;9.07;0.56;19.60;5.08;245;0;26.00;14
6;0;628026554;6;83;252;265;9.14;0.57;20.17;5.14;246;0;27.00;13
6;0;628026557;6;84;253;265;9.27;0.58;20.17;5.23;247;0;28.00;12
6;0;628026560;6;87;258;271;9.26;0.57;20.17;5.26;252;0;29.00;13
6;0;628026565;6;88;259;271;9.26;0.57;20.17;5.36;253;0;30.00;12
7;0;628026568;7;91;261;272;9.09;0.56;21.29;5.44;254;0;31.00;11
7;0;628026572;7;95;264;272;8.87;0.55;21.29;5.63;257;0;32.00;8
8;0;628026574;8;97;264;272;8.78;0.54;22.75;5.63;256;0;33.00;8
8;0;628026578;8;104;265;272;8.73;0.54;22.75;5.67;257;0;34.00;7
8;0;628026580;8;106;266;272;8.64;0.53;22.75;5.69;258;0;35.00;6
10;1;628026584;10;111;278;284;8.78;0.55;24.30;5.47;268;1;36.00;6
10;1;628026595;10;116;278;284;8.75;0.54;24.30;5.47;268;1;37.00;6
11;1;628026604;11;120;279;284;8.73;0.54;25.55;5.49;268;1;38.00;5
11;1;628026613;11;119;279;284;8.64;0.54;25.55;5.49;268;1;39.00;5
12;1;628026616;12;122;280;284;8.59;0.53;26.50;5.49;268;1;40.00;4
13;1;628026619;13;123;280;284;8.41;0.52;26.00;5.49;267;1;41.00;4
14;1;628026622;14;127;284;288;8.30;0.51;26.79;5.42;270;1;42.00;4
14;1;628026625;14;133;284;288;8.07;0.50;26.79;5.42;270;1;43.00;4
14;1;628026628;14;136;287;292;8.00;0.49;26.79;5.38;273;1;44.00;5
15;1;628026632;15;137;289;294;7.85;0.48;27.87;5.34;274;1;45.00;5
16;1;628026635;16;141;290;294;7.70;0.48;28.56;5.33;274;1;46.00;4
18;1;628026638;18;140;290;294;7.60;0.47;30.28;5.33;272;1;47.00;4
18;1;628026641;18;143;301;307;7.79;0.48;30.28;5.14;283;1;48.00;6
18;1;628026645;18;143;301;307;7.71;0.48;30.28;5.14;283;1;49.00;6
18;1;628026648;18;147;302;307;7.69;0.48;30.28;5.13;284;1;50.00;5
19;1;628026651;19;149;303;308;7.67;0.48;31.37;5.11;284;1;51.00;5
19;1;628026654;19;151;304;309;7.58;0.47;31.37;5.10;285;1;52.00;5
19;1;628026657;19;152;304;309;7.58;0.47;31.37;5.10;285;1;53.00;5
20;1;628026660;20;151;306;312;7.53;0.47;30.70;5.07;286;1;54.00;6
22;1;628026663;22;155;306;312;7.41;0.46;31.86;5.07;284;1;55.00;6
22;1;628026666;22;143;307;312;7.44;0.46;31.86;5.06;285;1;56.00;5
24;1;628026669;24;138;307;312;7.36;0.45;32.92;5.06;283;1;57.00;5
25;1;628026673;25;142;312;318;7.39;0.45;33.92;4.99;287;1;58.00;6
25;1;628026679;25;140;312;318;7.43;0.46;33.92;4.99;287;1;59.00;6
26;1;628026685;26;140;313;318;7.56;0.46;34.85;4.98;287;1;60.00;5
28;1;628026688;28;141;313;318;7.57;0.46;35.11;4.98;285;1;61.00;5
29;1;628026692;29;144;317;322;7.60;0.47;35.93;4.93;288;1;62.00;5
29;1;628026695;29;149;318;323;7.76;0.48;35.93;4.92;289;1;63.00;5
29;1;628026698;29;147;318;323;7.86;0.48;35.93;4.92;289;1;64.00;5
29;1;628026701;29;147;319;324;7.89;0.48;35.93;4.91;290;1;65.00;5
31;1;628026705;31;148;319;324;7.80;0.48;37.87;4.91;288;1;66.00;5
31;1;628026708;31;141;319;324;7.80;0.48;37.87;4.91;288;1;67.00;5
31;1;628026712;31;140;319;324;7.95;0.49;37.87;4.91;288;1;68.00;5
31;1;628026715;31;136;319;324;8.06;0.49;37.87;4.91;288;1;69.00;5
31;1;628026719;31;132;319;324;8.24;0.51;37.87;4.91;288;1;70.00;5
31;1;628026722;31;127;319;324;8.42;0.52;37.87;4.91;288;1;71.00;5
33;2;628026725;33;134;354;394;8.52;0.53;39.30;4.42;321;2;72.00;40
34;2;628026746;34;127;355;395;8.73;0.54;40.29;4.41;321;2;73.00;40
34;2;628026750;34;118;361;395;9.15;0.56;40.29;4.37;327;2;74.00;34
34;2;628026754;34;114;364;395;9.46;0.58;40.29;4.36;330;2;75.00;31
35;2;628026757;35;112;368;395;9.73;0.60;41.11;4.36;333;2;76.00;27
37;3;628026762;37;109;372;395;9.95;0.61;43.05;4.36;335;3;77.00;23
38;4;628026777;38;108;376;395;10.14;0.62;43.84;4.38;338;4;78.00;19
40;4;628026789;40;107;378;395;10.23;0.62;44.95;4.39;338;4;79.00;17
40;4;628026806;40;108;380;396;10.29;0.63;44.95;4.39;340;4;80.00;16
40;4;628026816;40;109;381;397;10.32;0.63;44.95;4.38;341;4;81.00;16
40;4;628026826;40;109;382;397;10.43;0.63;44.95;4.40;342;4;82.00;15
41;4;628026830;41;114;386;401;10.29;0.63;45.88;4.36;345;4;83.00;15
42;4;628026835;42;118;386;401;10.34;0.63;46.79;4.36;344;4;84.00;15
43;4;628026843;43;117;386;401;10.32;0.63;47.67;4.36;343;4;85.00;15
43;4;628026847;43;116;386;401;10.19;0.62;47.67;4.36;343;4;86.00;15
43;4;628026851;43;116;390;407;10.04;0.61;47.67;4.33;347;4;87.00;17
45;4;628026855;45;121;390;407;9.92;0.60;49.36;4.33;345;4;88.00;17
45;4;628026859;45;122;391;407;9.82;0.60;49.36;4.32;346;4;89.00;16
50;4;628026865;50;125;394;413;9.55;0.58;53.32;4.29;344;4;90.00;19
51;4;628026870;51;128;395;413;9.50;0.58;54.06;4.28;344;4;91.00;18
53;4;628026874;53;130;395;413;9.53;0.58;54.13;4.28;342;4;92.00;18
55;4;628026884;55;135;397;414;9.52;0.58;55.55;4.27;342;4;93.00;17
55;5;628026888;55;136;398;415;9.61;0.58;55.55;4.26;343;5;94.00;17
56;5;628026899;56;137;399;415;9.59;0.58;56.25;4.27;343;5;95.00;16
58;5;628026903;58;140;409;428;9.41;0.57;57.62;4.16;351;5;96.00;19
59;5;628026908;59;136;410;428;9.50;0.58;58.19;4.15;351;5;97.00;18
60;5;628026913;60;137;410;428;9.56;0.58;58.85;4.15;350;5;98.00;18
61;5;628026917;61;137;411;429;9.70;0.59;59.49;4.14;350;5;99.00;18
63;5;628026922;63;134;411;429;9.66;0.59;60.71;4.14;348;5;100.00;18
63;5;628026930;63;133;413;433;9.69;0.59;60.71;4.13;350;5;101.00;20
63;5;628026935;63;127;413;433;9.66;0.59;60.71;4.13;350;5;102.00;20
64;5;628026940;64;121;418;437;9.56;0.58;61.38;4.10;354;5;103.00;19
64;5;628026945;64;114;418;437;9.65;0.59;61.38;4.10;354;5;104.00;19
67;5;628026954;67;109;418;437;9.76;0.60;62.97;4.10;351;5;105.00;19
68;5;628026960;68;101;418;437;9.90;0.60;63.57;4.10;350;5;106.00;19
68;5;628026965;68;95;418;437;10.06;0.62;63.57;4.10;350;5;107.00;19
68;5;628026970;68;92;428;449;10.14;0.62;63.57;4.00;360;5;108.00;21
71;5;628026976;71;88;429;449;10.20;0.62;65.13;3.99;358;5;109.00;20
71;5;628026981;71;81;430;449;10.28;0.63;65.13;3.99;359;5;110.00;19
71;5;628026986;71;77;430;449;10.39;0.64;65.13;3.99;359;5;111.00;19
71;5;628026991;71;76;430;449;10.46;0.64;65.13;3.99;359;5;112.00;19
71;5;628026997;71;77;430;449;10.57;0.65;65.13;3.99;359;5;113.00;19
71;5;628027002;71;74;431;450;10.77;0.66;65.13;3.98;360;5;114.00;19
71;5;628027007;71;71;431;450;10.90;0.67;65.13;3.98;360;5;115.00;19
73;5;628027013;73;71;435;456;11.06;0.68;66.49;3.95;362;5;116.00;21
74;5;628027019;74;70;438;457;11.24;0.69;67.18;4.20;364;5;117.00;19
75;5;628027025;75;70;438;457;11.37;0.70;67.83;4.20;363;5;118.00;19
76;5;628027030;76;72;438;457;11.47;0.70;68.49;4.20;362;5;119.00;19
78;5;628027044;78;76;445;462;11.54;0.70;68.90;4.62;367;5;120.00;17
79;5;628027051;79;75;445;462;11.56;0.70;69.54;4.62;366;5;121.00;17
81;5;628027057;81;78;445;462;11.49;0.70;70.37;4.62;364;5;122.00;17
81;5;628027064;81;77;449;463;11.48;0.70;70.37;5.08;368;5;123.00;14
83;5;628027070;83;79;453;467;11.36;0.69;71.27;5.04;370;5;124.00;14
83;5;628027076;83;80;453;467;11.46;0.70;71.27;5.04;370;5;125.00;14
84;5;628027083;84;82;457;470;11.48;0.70;71.49;5.39;373;5;126.00;13
84;5;628027090;84;85;459;470;11.50;0.70;71.49;5.61;375;5;127.00;11
84;5;628027097;84;85;462;470;11.59;0.71;71.49;5.87;378;5;128.00;8
86;5;628027104;86;89;462;470;11.63;0.71;72.49;5.87;376;5;129.00;8
86;5;628027112;86;89;467;474;11.69;0.71;72.49;6.10;381;5;130.00;7
87;5;628027121;87;89;470;474;11.69;0.71;72.97;6.22;383;5;131.00;4
89;5;628027130;89;92;471;474;11.73;0.72;74.27;6.21;382;5;132.00;3
91;5;628027139;91;94;472;474;11.70;0.71;75.54;6.28;381;5;133.00;2
96;5;628027146;96;96;473;475;11.63;0.71;76.99;6.27;377;5;134.00;2
96;5;628027153;96;98;475;477;11.53;0.71;76.99;6.24;379;5;135.00;2
98;5;628027160;98;100;476;477;11.39;0.70;78.15;6.31;378;5;136.00;1
101;5;628027167;101;101;477;478;11.34;0.69;79.80;6.30;376;5;137.00;1
104;5;628027182;104;103;478;478;11.28;0.69;80.22;6.33;374;5;138.00;0
105;5;628027191;105;103;478;478;11.29;0.69;80.76;6.33;373;5;139.00;0
106;5;628027199;106;106;478;478;11.20;0.68;80.98;6.33;372;5;140.00;0
109;5;628027206;109;110;478;478;11.12;0.68;81.29;6.33;369;5;141.00;0
109;5;628027213;109;112;478;478;11.10;0.68;81.29;6.33;369;5;142.00;0
111;5;628027222;111;113;478;478;11.13;0.68;81.47;6.33;367;5;143.00;0
111;5;628027231;111;133;549;605;10.93;0.69;81.47;5.51;438;5;144.00;56
112;5;628027252;112;127;556;606;10.89;0.69;82.00;5.46;444;5;145.00;50
113;5;628027260;113;126;564;606;11.09;0.70;82.33;5.41;451;5;146.00;42
114;5;628027267;114;127;569;606;10.97;0.69;82.26;5.39;455;5;147.00;37
116;5;628027274;116;127;573;606;11.04;0.69;83.40;5.38;457;5;148.00;33
118;5;628027280;118;124;578;606;11.00;0.69;84.37;5.37;460;5;149.00;28
120;5;628027295;120;120;584;611;10.95;0.69;85.45;5.38;464;5;150.00;27
121;5;628027304;121;122;585;611;10.90;0.68;85.93;5.38;464;5;151.00;26
123;5;628027310;123;123;589;612;10.99;0.68;86.62;5.40;466;5;152.00;23
126;5;628027317;126;121;592;613;11.05;0.69;85.80;5.42;466;5;153.00;21
127;5;628027324;127;121;595;613;11.05;0.69;86.07;5.44;468;5;154.00;18
128;5;628027331;128;126;599;614;10.96;0.68;86.55;5.44;471;5;155.00;15
130;5;628027337;130;128;600;614;10.95;0.68;87.38;5.45;470;5;156.00;14
131;5;628027344;131;131;602;614;10.92;0.68;87.92;5.48;471;5;157.00;12
132;5;628027350;132;135;603;614;10.88;0.68;88.30;5.49;471;5;158.00;11
133;5;628027357;133;139;607;618;10.85;0.68;88.83;5.51;474;5;159.00;11
133;5;628027363;133;144;609;618;10.68;0.66;88.83;5.53;476;5;160.00;9
135;5;628027370;135;143;610;618;10.51;0.65;89.21;5.54;475;5;161.00;8
136;5;628027376;136;145;613;621;10.43;0.65;89.72;5.54;477;5;162.00;8
138;5;628027383;138;144;613;621;10.25;0.64;90.78;5.54;475;5;163.00;8
142;5;628027390;142;145;614;621;10.14;0.63;90.89;5.55;472;5;164.00;7
146;5;628027396;146;145;617;625;9.97;0.62;91.73;5.53;471;5;165.00;8
148;5;628027403;148;146;618;626;9.90;0.61;92.47;5.52;470;5;166.00;8
148;5;628027409;148;142;618;626;9.78;0.61;92.47;5.52;470;5;167.00;8
150;6;628027415;150;142;623;630;9.75;0.61;93.17;5.48;473;6;168.00;7
152;6;628027433;152;148;624;630;9.64;0.60;93.87;5.52;472;6;169.00;6
156;6;628027439;156;140;625;630;9.52;0.59;95.06;5.54;469;6;170.00;5
158;6;628027446;158;137;627;631;9.44;0.58;95.63;5.56;469;6;171.00;4
159;6;628027452;159;138;629;631;9.31;0.58;96.11;5.59;470;6;172.00;2
160;6;628027458;160;135;633;637;9.39;0.58;96.48;5.56;473;6;173.00;4
162;6;628027465;162;134;634;637;9.43;0.58;96.94;5.57;472;6;174.00;3
164;6;628027471;164;137;635;638;9.43;0.58;97.79;5.57;471;6;175.00;3
164;6;628027478;164;136;637;638;9.46;0.58;97.79;5.59;473;6;176.00;1
166;6;628027484;166;131;637;638;9.55;0.59;98.02;5.59;471;6;177.00;1
168;6;628027491;168;128;638;638;9.74;0.60;98.16;5.60;470;6;178.00;0
169;6;628027497;169;122;638;638;9.85;0.60;98.31;5.60;469;6;179.00;0
171;6;628027505;171;123;669;672;9.88;0.61;98.39;5.34;498;6;180.00;3
172;6;628027513;172;116;669;672;9.85;0.61;98.44;5.34;497;6;181.00;3
173;6;628027520;173;117;670;672;9.87;0.61;98.91;5.33;497;6;182.00;2
174;6;628027526;174;117;671;672;9.90;0.61;99.34;5.33;497;6;183.00;1
175;6;628027532;175;123;671;672;9.93;0.61;99.55;5.33;496;6;184.00;1
177;6;628027538;177;129;672;672;9.97;0.61;100.11;5.33;495;6;185.00;0
177;6;628027544;177;131;676;676;9.95;0.61;100.11;5.30;499;6;186.00;0
178;6;628027550;178;136;676;676;9.94;0.61;100.18;5.30;498;6;187.00;0
180;6;628027557;180;143;679;680;9.98;0.61;99.99;5.28;499;6;188.00;1
184;6;628027564;184;152;680;681;9.84;0.60;100.07;5.28;496;6;189.00;1
185;6;628027570;185;157;681;681;9.71;0.60;100.55;5.27;496;6;190.00;0
190;6;628027577;190;163;681;681;9.50;0.58;101.07;5.27;491;6;191.00;0
192;6;628027583;192;169;693;694;9.40;0.58;101.26;5.18;501;6;192.00;1
193;6;628027591;193;175;693;694;9.25;0.57;101.09;5.18;500;6;193.00;1
195;7;628027598;195;178;694;694;9.19;0.56;100.92;5.18;499;7;194.00;0
197;7;628027616;197;181;695;695;9.16;0.56;101.15;5.17;498;7;195.00;0
201;7;628027623;201;187;696;696;9.06;0.55;101.00;5.16;495;7;196.00;0
201;7;628027630;201;194;696;696;9.01;0.55;101.00;5.16;495;7;197.00;0
206;7;628027636;206;197;698;699;8.94;0.55;101.10;5.15;492;7;198.00;1
207;7;628027643;207;199;699;699;8.83;0.54;100.87;5.14;492;7;199.00;0
209;7;628027651;209;197;699;699;8.70;0.53;100.90;5.14;490;7;200.00;0
210;7;628027662;210;203;699;699;8.56;0.52;100.58;5.14;489;7;201.00;0
212;7;628027668;212;208;704;705;8.44;0.52;100.27;5.11;492;7;202.00;1
213;7;628027675;213;213;705;705;8.30;0.51;100.05;5.11;492;7;203.00;0
214;7;628027681;214;218;705;705;8.14;0.50;100.45;5.11;491;7;204.00;0
215;7;628027687;215;221;705;705;8.00;0.49;100.27;5.11;490;7;205.00;0
215;7;628027694;215;226;709;709;7.96;0.49;100.27;5.09;494;7;206.00;0
219;7;628027700;219;232;710;710;7.83;0.48;101.73;5.08;491;7;207.00;0
219;7;628027707;219;233;710;710;7.80;0.48;101.73;5.08;491;7;208.00;0
222;7;628027713;222;238;711;711;7.65;0.47;102.50;5.07;489;7;209.00;0
224;7;628027721;224;242;711;711;7.48;0.46;102.12;5.07;487;7;210.00;0
225;7;628027727;225;247;711;711;7.41;0.45;102.44;5.07;486;7;211.00;0
226;7;628027732;226;252;711;711;7.33;0.45;102.13;5.07;485;7;212.00;0
227;7;628027738;227;253;711;711;7.36;0.45;102.43;5.07;484;7;213.00;0
228;7;628027744;228;259;711;711;7.34;0.45;102.11;5.07;483;7;214.00;0
228;7;628027750;228;262;711;711;7.24;0.45;102.11;5.07;483;7;215.00;0
229;7;628027756;229;274;754;781;7.39;0.46;102.18;4.78;525;7;216.00;27
229;7;628027768;229;261;756;782;7.40;0.46;102.18;4.77;527;7;217.00;26
230;7;628027774;230;249;764;782;7.61;0.47;102.41;4.74;534;7;218.00;18
230;7;628027781;230;233;766;782;7.72;0.48;102.41;4.74;536;7;219.00;16
231;8;628027787;231;217;771;782;7.93;0.49;102.56;4.74;540;8;220.00;11
233;8;628027806;233;209;775;782;8.14;0.50;103.57;4.74;542;8;221.00;7
233;8;628027815;233;208;778;782;8.26;0.51;103.57;4.74;545;8;222.00;4
235;8;628027829;235;203;780;782;8.36;0.52;104.56;4.75;545;8;223.00;2
237;8;628027836;237;196;782;783;8.49;0.52;105.10;4.75;545;8;224.00;1
239;8;628027844;239;192;784;785;8.52;0.52;106.08;4.73;545;8;225.00;1
240;8;628027859;240;170;785;785;8.64;0.53;106.06;4.74;545;8;226.00;0
240;8;628027866;240;160;789;789;8.72;0.54;106.06;4.72;549;8;227.00;0
241;8;628027875;241;152;789;789;8.97;0.55;106.56;4.72;548;8;228.00;0
243;9;628027884;243;143;789;789;9.20;0.57;107.56;4.72;546;9;229.00;0
244;9;628027911;244;135;789;789;9.42;0.58;107.48;4.72;545;9;230.00;0
247;10;628027919;247;126;794;795;9.60;0.59;108.55;4.70;547;10;231.00;1
249;10;628027941;249;120;794;795;9.84;0.60;108.14;4.70;545;10;232.00;1
252;10;628027949;252;115;795;795;10.03;0.61;108.24;4.70;543;10;233.00;0
253;10;628027963;253;112;797;798;10.29;0.63;108.74;4.69;544;10;234.00;1
253;11;628027979;253;106;798;798;10.52;0.64;108.74;4.68;545;11;235.00;0
253;11;628027999;253;103;798;798;10.75;0.66;108.74;4.68;545;11;236.00;0
257;11;628028007;257;97;799;799;10.91;0.67;109.65;4.68;542;11;237.00;0
258;11;628028021;258;93;800;800;11.07;0.67;110.12;4.67;542;11;238.00;0
262;11;628028030;262;92;800;800;11.16;0.68;111.83;4.67;538;11;239.00;0
264;11;628028046;264;99;823;826;11.06;0.67;112.22;4.54;559;11;240.00;3
265;11;628028056;265;97;825;826;11.11;0.68;112.66;4.53;560;11;241.00;1
266;11;628028064;266;92;826;826;11.26;0.69;112.80;4.53;560;11;242.00;0
268;11;628028072;268;89;827;827;11.35;0.69;113.23;4.52;559;11;243.00;0
269;11;628028080;269;95;827;827;11.48;0.70;113.36;4.52;558;11;244.00;0
272;11;628028088;272;93;830;831;11.60;0.71;114.25;4.51;558;11;245.00;1
274;11;628028097;274;96;830;831;11.71;0.71;114.42;4.51;556;11;246.00;1
275;11;628028105;275;98;835;835;11.75;0.72;114.38;4.49;560;11;247.00;0
282;11;628028120;282;98;835;835;11.82;0.72;114.80;4.49;553;11;248.00;0
284;11;628028129;284;95;835;835;11.88;0.72;115.40;4.49;551;11;249.00;0
285;11;628028137;285;97;835;835;12.03;0.73;115.87;4.49;550;11;250.00;0
286;11;628028144;286;98;835;835;12.10;0.74;115.84;4.49;549;11;251.00;0
288;11;628028151;288;101;846;847;12.14;0.74;115.86;4.43;558;11;252.00;1
289;11;628028160;289;103;846;847;12.19;0.74;115.98;4.43;557;11;253.00;1
289;11;628028168;289;103;847;847;12.24;0.75;115.98;4.43;558;11;254.00;0
292;11;628028180;292;106;847;847;12.27;0.75;116.60;4.43;555;11;255.00;0
295;11;628028193;295;110;847;847;12.28;0.75;116.90;4.43;552;11;256.00;0
297;11;628028204;297;115;847;847;12.27;0.75;117.11;4.43;550;11;257.00;0
300;11;628028217;300;113;848;848;12.24;0.74;117.20;4.43;548;11;258.00;0
301;11;628028229;301;113;848;848;12.24;0.74;117.12;4.43;547;11;259.00;0
303;11;628028240;303;116;853;854;12.21;0.74;117.12;4.41;550;11;260.00;1
308;11;628028253;308;116;854;855;12.19;0.74;117.97;4.40;546;11;261.00;1
310;11;628028265;310;115;855;855;12.14;0.74;118.32;4.40;545;11;262.00;0
311;11;628028277;311;117;855;855;11.99;0.73;118.76;4.40;544;11;263.00;0
311;11;628028290;311;117;859;859;12.00;0.73;118.76;4.38;548;11;264.00;0
316;11;628028299;316;119;859;859;12.00;0.73;120.07;4.38;543;11;265.00;0
318;11;628028307;318;124;859;859;11.99;0.73;119.93;4.38;541;11;266.00;0
321;11;628028315;321;121;860;860;12.07;0.73;119.71;4.38;539;11;267.00;0
322;11;628028323;322;127;864;864;12.01;0.73;119.95;4.36;542;11;268.00;0
324;11;628028331;324;122;864;864;12.08;0.73;120.54;4.36;540;11;269.00;0
326;11;628028341;326;120;867;870;12.15;0.74;120.78;4.34;541;11;270.00;3
329;11;628028349;329;120;867;870;12.19;0.74;121.84;4.34;538;11;271.00;3
332;11;628028357;332;113;868;870;12.32;0.75;121.75;4.34;536;11;272.00;2
333;11;628028366;333;111;868;870;12.47;0.76;121.77;4.34;535;11;273.00;2
337;11;628028374;337;105;871;874;12.68;0.77;122.50;4.33;534;11;274.00;3
339;11;628028384;339;100;871;874;12.80;0.78;123.23;4.33;532;11;275.00;3
342;11;628028393;342;94;872;874;12.91;0.78;123.85;4.34;530;11;276.00;2
345;11;628028401;345;87;872;874;12.99;0.79;124.32;4.34;527;11;277.00;2
349;11;628028410;349;84;874;875;13.07;0.79;124.93;4.33;525;11;278.00;1
351;11;628028418;351;79;875;876;13.12;0.79;124.94;4.33;524;11;279.00;1
355;11;628028427;355;74;876;876;13.09;0.79;125.12;4.33;521;11;280.00;0
355;11;628028436;355;72;877;877;13.14;0.80;125.12;4.33;522;11;281.00;0
356;11;628028444;356;72;877;877;13.18;0.80;124.95;4.33;521;11;282.00;0
359;11;628028453;359;71;877;877;13.24;0.80;125.13;4.33;518;11;283.00;0
359;11;628028461;359;71;877;877;13.35;0.81;125.13;4.33;518;11;284.00;0
361;11;628028471;361;73;877;877;13.45;0.82;125.55;4.33;516;11;285.00;0
362;11;628028480;362;75;877;877;13.43;0.81;125.59;4.33;515;11;286.00;0
362;11;628028488;362;74;877;877;13.45;0.82;125.59;4.33;515;11;287.00;0
364;11;628028497;364;97;949;1004;12.82;0.79;126.07;4.00;585;11;288.00;55
366;11;628028527;366;85;952;1005;12.75;0.78;126.51;3.99;586;11;289.00;53
366;11;628028537;366;78;959;1005;12.62;0.78;126.51;3.98;593;11;290.00;46
367;11;628028546;367;82;964;1005;12.49;0.77;126.72;3.97;597;11;291.00;41
367;11;628028557;367;86;968;1005;12.45;0.77;126.72;3.97;601;11;292.00;37
368;11;628028567;368;88;973;1005;12.43;0.77;127.07;3.98;605;11;293.00;32
371;11;628028581;371;88;977;1005;12.38;0.76;127.07;3.99;606;11;294.00;28
373;11;628028592;373;88;980;1005;12.37;0.76;126.93;4.00;607;11;295.00;25
376;11;628028602;376;90;984;1006;12.44;0.76;126.77;4.01;608;11;296.00;22
379;11;628028619;379;96;988;1007;12.47;0.76;126.63;4.03;609;11;297.00;19
380;11;628028629;380;100;990;1007;12.43;0.76;126.32;4.04;610;11;298.00;17
381;11;628028638;381;106;993;1008;12.34;0.76;126.43;4.06;612;11;299.00;15
382;11;628028651;382;110;995;1014;12.18;0.75;126.81;4.06;613;11;300.00;19
384;11;628028667;384;114;997;1014;11.98;0.73;126.71;4.08;613;11;301.00;17
385;11;628028678;385;123;1000;1014;11.77;0.72;126.83;4.11;615;11;302.00;14
386;11;628028688;386;134;1003;1018;11.62;0.72;126.92;4.11;617;11;303.00;15
388;11;628028697;388;139;1005;1018;11.44;0.70;127.44;4.14;617;11;304.00;13
390;11;628028715;390;150;1006;1018;11.30;0.70;127.67;4.14;616;11;305.00;12
393;11;628028725;393;156;1010;1021;11.22;0.69;128.24;4.15;617;11;306.00;11
393;11;628028734;393;165;1011;1021;11.10;0.68;128.24;4.15;618;11;307.00;10
396;11;628028743;396;168;1012;1021;10.96;0.68;129.20;4.16;616;11;308.00;9
398;11;628028752;398;177;1015;1025;10.82;0.67;129.44;4.15;617;11;309.00;10
402;11;628028761;402;180;1016;1026;10.70;0.66;130.17;4.15;614;11;310.00;10
404;11;628028770;404;180;1016;1026;10.51;0.65;130.05;4.15;612;11;311.00;10
405;11;628028778;405;188;1021;1030;10.40;0.64;130.23;4.14;616;11;312.00;9
407;11;628028787;407;190;1022;1030;10.25;0.63;130.28;4.15;615;11;313.00;8
411;11;628028796;411;193;1022;1030;10.07;0.62;130.96;4.15;611;11;314.00;8
412;11;628028805;412;198;1024;1032;9.98;0.62;131.00;4.14;612;11;315.00;8
416;11;628028826;416;205;1024;1032;9.91;0.61;132.26;4.14;608;11;316.00;8
418;11;628028838;418;209;1028;1038;9.85;0.61;132.85;4.13;610;11;317.00;10
425;11;628028859;425;212;1028;1038;9.60;0.59;134.01;4.13;603;11;318.00;10
427;11;628028868;427;211;1030;1039;9.40;0.58;134.77;4.14;603;11;319.00;9
427;11;628028876;427;211;1032;1039;9.27;0.57;134.77;4.19;605;11;320.00;7
430;11;628028884;430;216;1034;1039;9.16;0.57;134.87;4.22;604;11;321.00;5
432;11;628028893;432;214;1036;1039;9.17;0.57;135.25;4.24;604;11;322.00;3
435;11;628028900;435;215;1036;1039;9.11;0.56;135.27;4.24;601;11;323.00;3
440;11;628028908;440;214;1048;1051;9.04;0.56;136.29;4.23;608;11;324.00;3
443;11;628028917;443;214;1049;1051;9.02;0.56;136.57;4.24;606;11;325.00;2
449;11;628028926;449;215;1050;1051;8.96;0.55;136.84;4.24;601;11;326.00;1
451;11;628028933;451;211;1051;1051;8.99;0.55;136.88;4.24;600;11;327.00;0
452;11;628028941;452;213;1051;1051;9.01;0.55;136.92;4.24;599;11;328.00;0
454;11;628028949;454;216;1051;1051;9.06;0.56;137.47;4.24;597;11;329.00;0
455;11;628028959;455;217;1055;1055;9.04;0.55;137.51;4.22;600;11;330.00;0
456;11;628028968;456;217;1055;1055;9.01;0.55;137.41;4.22;599;11;331.00;0
457;11;628028976;457;224;1058;1059;8.97;0.55;137.44;4.21;601;11;332.00;1
461;11;628028984;461;226;1060;1060;8.88;0.55;138.10;4.21;599;11;333.00;0
464;11;628028991;464;230;1060;1060;8.80;0.54;138.59;4.21;596;11;334.00;0
469;11;628028998;469;237;1060;1060;8.65;0.53;139.28;4.21;591;11;335.00;0
473;11;628029006;473;237;1072;1073;8.47;0.52;139.56;4.16;599;11;336.00;1
478;11;628029015;478;242;1072;1073;8.30;0.51;140.47;4.16;594;11;337.00;1
481;11;628029023;481;248;1073;1073;8.18;0.50;140.79;4.16;592;11;338.00;0
485;11;628029030;485;247;1074;1074;8.04;0.49;141.27;4.16;589;11;339.00;0
490;11;628029037;490;243;1075;1075;7.80;0.48;142.05;4.15;585;11;340.00;0
491;11;628029044;491;237;1075;1075;7.65;0.47;142.16;4.15;584;11;341.00;0
494;11;628029050;494;235;1077;1078;7.56;0.47;143.00;4.14;583;11;342.00;1
498;11;628029057;498;234;1077;1078;7.43;0.46;144.12;4.14;579;11;343.00;1
500;11;628029065;500;234;1078;1078;7.38;0.46;144.37;4.14;578;11;344.00;0
503;11;628029071;503;236;1078;1078;7.36;0.46;145.48;4.14;575;11;345.00;0
506;11;628029077;506;232;1083;1084;7.44;0.46;146.00;4.13;577;11;346.00;1
511;11;628029084;511;225;1084;1084;7.43;0.46;146.53;4.13;573;11;347.00;0
514;11;628029092;514;223;1084;1084;7.43;0.46;146.84;4.13;570;11;348.00;0
518;11;628029099;518;222;1084;1084;7.40;0.46;146.53;4.13;566;11;349.00;0
522;11;628029105;522;219;1088;1088;7.38;0.46;146.23;4.11;566;11;350.00;0
526;11;628029112;526;216;1089;1089;7.34;0.45;146.00;4.11;563;11;351.00;0
529;11;628029127;529;213;1089;1089;7.28;0.45;145.53;4.11;560;11;352.00;0
530;11;628029134;530;212;1090;1090;7.35;0.45;145.51;4.11;560;11;353.00;0
533;11;628029140;533;214;1090;1090;7.32;0.45;145.07;4.11;557;11;354.00;0
538;11;628029147;538;217;1090;1090;7.25;0.45;144.95;4.11;552;11;355.00;0
543;11;628029153;543;216;1090;1090;7.22;0.44;144.91;4.11;547;11;356.00;0
545;11;628029160;545;221;1090;1090;7.16;0.44;144.89;4.11;545;11;357.00;0
546;11;628029166;546;226;1090;1090;7.17;0.44;144.93;4.11;544;11;358.00;0
548;11;628029174;548;231;1090;1090;7.10;0.44;145.16;4.11;542;11;359.00;0
550;11;628029183;550;245;1158;1215;7.56;0.47;145.16;3.87;608;11;360.00;57
551;11;628029202;551;244;1165;1216;7.62;0.47;145.42;3.85;614;11;361.00;51
552;11;628029210;552;241;1181;1216;7.81;0.49;145.42;3.82;629;11;362.00;35
555;11;628029219;555;240;1185;1216;7.75;0.48;145.85;3.82;630;11;363.00;31
555;11;628029227;555;245;1188;1216;7.70;0.48;145.85;3.82;633;11;364.00;28
557;11;628029241;557;246;1193;1216;7.68;0.48;145.69;3.83;636;11;365.00;23
558;11;628029249;558;247;1198;1216;7.67;0.48;145.48;3.84;640;11;366.00;18
559;11;628029256;559;248;1200;1216;7.55;0.47;145.36;3.84;641;11;367.00;16
561;11;628029264;561;258;1204;1217;7.45;0.46;145.59;3.85;643;11;368.00;13
562;11;628029272;562;265;1206;1218;7.35;0.45;145.65;3.86;644;11;369.00;12
562;11;628029279;562;269;1208;1218;7.28;0.45;145.65;3.87;646;11;370.00;10
562;11;628029287;562;261;1214;1222;7.24;0.45;145.65;3.86;652;11;371.00;8
564;11;628029300;564;255;1216;1222;7.23;0.45;145.43;3.88;652;11;372.00;6
566;11;628029308;566;248;1216;1222;7.26;0.45;145.04;3.88;650;11;373.00;6
567;11;628029316;567;243;1217;1222;7.36;0.45;145.03;3.88;650;11;374.00;5
569;11;628029324;569;235;1223;1228;7.48;0.46;145.05;3.89;654;11;375.00;5
574;11;628029333;574;233;1223;1228;7.56;0.46;145.37;3.89;649;11;376.00;5
574;11;628029348;574;227;1225;1228;7.70;0.47;145.37;3.89;651;11;377.00;3
575;11;628029357;575;224;1228;1231;7.84;0.48;145.72;3.90;653;11;378.00;3
576;11;628029365;576;222;1228;1231;7.98;0.49;145.68;3.90;652;11;379.00;3
579;11;628029383;579;227;1230;1231;8.07;0.49;145.67;3.91;651;11;380.00;1
580;11;628029391;580;222;1231;1232;8.18;0.50;145.46;3.91;651;11;381.00;1
581;11;628029400;581;221;1233;1233;8.30;0.51;145.37;3.92;652;11;382.00;0
582;11;628029409;582;217;1233;1233;8.40;0.51;145.53;3.92;651;11;383.00;0
583;11;628029418;583;219;1246;1246;8.57;0.52;145.32;3.88;663;11;384.00;0
584;11;628029430;584;217;1246;1246;8.65;0.53;145.23;3.88;662;11;385.00;0
585;11;628029439;585;219;1246;1246;8.75;0.53;145.03;3.88;661;11;386.00;0
586;11;628029448;586;207;1247;1247;8.86;0.54;145.07;3.87;661;11;387.00;0
586;11;628029457;586;198;1247;1247;8.97;0.55;145.07;3.87;661;11;388.00;0
589;11;628029466;589;190;1250;1251;9.07;0.55;145.34;3.87;661;11;389.00;1
590;11;628029484;590;185;1250;1251;9.16;0.56;145.45;3.87;660;11;390.00;1
592;11;628029493;592;183;1255;1255;9.31;0.57;145.77;3.86;663;11;391.00;0
595;11;628029503;595;185;1255;1255;9.39;0.57;146.32;3.86;660;11;392.00;0
598;11;628029519;598;182;1255;1255;9.51;0.58;146.41;3.86;657;11;393.00;0
600;11;628029528;600;184;1255;1255;9.62;0.59;146.76;3.86;655;11;394.00;0
602;11;628029538;602;183;1255;1255;9.78;0.59;146.90;3.86;653;11;395.00;0
604;11;628029547;604;165;1265;1267;9.99;0.61;147.18;3.83;661;11;396.00;2
606;11;628029558;606;156;1266;1267;10.24;0.62;147.49;3.83;660;11;397.00;1
610;11;628029568;610;147;1267;1267;10.29;0.63;148.18;3.82;657;11;398.00;0
614;11;628029578;614;133;1267;1267;10.40;0.63;148.57;3.82;653;11;399.00;0
616;11;628029593;616;127;1267;1267;10.56;0.64;149.13;3.82;651;11;400.00;0
618;11;628029608;618;125;1267;1267;10.70;0.65;149.37;3.82;649;11;401.00;0
618;11;628029619;618;119;1268;1268;10.87;0.66;149.37;3.82;650;11;402.00;0
619;11;628029629;619;119;1268;1268;11.10;0.68;149.70;3.82;649;11;403.00;0
621;11;628029639;621;116;1273;1274;11.32;0.69;150.12;3.81;652;11;404.00;1
623;11;628029650;623;113;1275;1276;11.53;0.70;150.29;3.80;652;11;405.00;1
624;11;628029660;624;105;1276;1276;11.73;0.72;150.67;3.80;652;11;406.00;0
627;11;628029671;627;102;1276;1276;11.87;0.72;150.70;3.80;649;11;407.00;0
632;11;628029687;632;103;1280;1280;12.01;0.73;151.95;3.79;648;11;408.00;0
633;11;628029698;633;100;1280;1280;12.08;0.74;152.23;3.79;647;11;409.00;0
636;11;628029708;636;98;1280;1280;12.16;0.74;152.77;3.79;644;11;410.00;0
640;11;628029718;640;102;1281;1281;12.26;0.75;153.38;3.79;641;11;411.00;0
641;11;628029729;641;104;1285;1285;12.29;0.75;153.22;3.78;644;11;412.00;0
645;11;628029739;645;104;1285;1285;12.35;0.75;154.33;3.78;640;11;413.00;0
648;11;628029750;648;102;1287;1288;12.41;0.75;154.73;3.78;639;11;414.00;1
650;11;628029760;650;101;1287;1288;12.48;0.76;155.03;3.78;637;11;415.00;1
653;11;628029770;653;102;1288;1288;12.56;0.76;155.53;3.77;635;11;416.00;0
654;11;628029779;654;99;1288;1288;12.56;0.77;155.66;3.77;634;11;417.00;0
658;11;628029789;658;100;1291;1292;12.55;0.76;156.47;3.77;633;11;418.00;1
660;11;628029799;660;95;1291;1292;12.60;0.77;156.83;3.77;631;11;419.00;1
664;12;628029810;664;95;1292;1292;12.65;0.77;157.46;3.77;628;12;420.00;0
668;12;628029829;668;92;1292;1292;12.68;0.77;158.14;3.77;624;12;421.00;0
671;13;628029839;671;92;1293;1293;12.77;0.78;158.04;3.76;622;13;422.00;0
676;13;628029854;676;93;1294;1294;12.80;0.78;158.54;3.76;618;13;423.00;0
679;13;628029863;679;91;1294;1294;12.89;0.79;159.54;3.76;615;13;424.00;0
680;13;628029882;680;90;1295;1295;12.98;0.79;159.51;3.76;615;13;425.00;0
684;13;628029891;684;91;1295;1295;12.97;0.79;159.87;3.76;611;13;426.00;0
692;13;628029900;692;93;1295;1295;12.95;0.79;161.00;3.76;603;13;427.00;0
696;13;628029909;696;95;1295;1295;12.94;0.79;161.35;3.76;599;13;428.00;0
699;13;628029918;699;94;1295;1295;12.91;0.78;161.66;3.76;596;13;429.00;0
703;13;628029927;703;93;1295;1295;12.88;0.78;162.45;3.76;592;13;430.00;0
706;13;628029936;706;94;1295;1295;12.86;0.78;162.30;3.76;589;13;431.00;0
710;13;628029945;710;131;1375;1422;11.94;0.73;162.53;3.54;665;13;432.00;47
712;13;628029964;712;117;1375;1423;11.93;0.73;162.50;3.54;663;13;433.00;48
717;13;628029973;717;104;1380;1423;12.12;0.75;162.91;3.54;663;13;434.00;43
724;13;628029982;724;104;1384;1423;12.27;0.75;163.26;3.54;660;13;435.00;39
728;13;628029992;728;101;1388;1423;12.34;0.76;163.33;3.54;660;13;436.00;35
730;13;628030001;730;106;1393;1423;12.49;0.77;163.52;3.54;663;13;437.00;30
732;13;628030010;732;110;1397;1423;12.55;0.77;163.48;3.55;665;13;438.00;26
733;13;628030019;733;110;1400;1423;12.63;0.77;163.46;3.56;667;13;439.00;23
734;13;628030027;734;109;1404;1424;12.64;0.77;163.64;3.57;670;13;440.00;20
738;13;628030037;738;111;1406;1425;12.68;0.78;163.60;3.57;668;13;441.00;19
743;13;628030046;743;109;1409;1425;12.68;0.77;164.10;3.59;666;13;442.00;16
745;13;628030056;745;112;1410;1426;12.65;0.77;164.32;3.59;665;13;443.00;16
749;13;628030066;749;110;1411;1426;12.68;0.77;164.87;3.60;662;13;444.00;15
750;13;628030075;750;106;1415;1426;12.64;0.77;165.15;3.62;665;13;445.00;11
753;13;628030084;753;106;1416;1426;12.58;0.77;165.06;3.63;663;13;446.00;10
754;13;628030094;754;105;1418;1430;12.55;0.77;165.00;3.64;664;13;447.00;12
756;13;628030104;756;106;1420;1430;12.43;0.76;164.86;3.65;664;13;448.00;10
760;13;628030119;760;107;1421;1430;12.33;0.75;164.91;3.66;661;13;449.00;9
763;13;628030131;763;106;1424;1436;12.35;0.75;164.93;3.66;661;13;450.00;12
766;13;628030146;766;110;1425;1436;12.34;0.75;165.08;3.66;659;13;451.00;11
768;13;628030156;768;115;1426;1436;12.38;0.75;165.14;3.66;658;13;452.00;10
770;13;628030166;770;113;1429;1440;12.33;0.75;165.14;3.66;659;13;453.00;11
770;13;628030180;770;114;1431;1441;12.28;0.75;165.14;3.66;661;13;454.00;10
773;13;628030198;773;116;1431;1441;12.28;0.75;165.47;3.66;658;13;455.00;10
776;13;628030213;776;119;1434;1445;12.31;0.75;165.18;3.65;658;13;456.00;11
777;13;628030231;777;122;1436;1445;12.24;0.74;165.48;3.67;659;13;457.00;9
779;13;628030244;779;127;1437;1445;12.25;0.74;165.83;3.68;658;13;458.00;8
780;13;628030257;780;130;1438;1446;12.24;0.74;165.75;3.67;658;13;459.00;8
781;13;628030279;781;130;1440;1446;12.19;0.74;165.89;3.71;659;13;460.00;6
785;13;628030291;785;132;1444;1452;12.16;0.74;165.98;3.71;659;13;461.00;8
786;14;628030302;786;136;1445;1452;12.07;0.73;166.01;3.71;659;14;462.00;7
788;14;628030325;788;138;1447;1453;11.88;0.72;165.89;3.73;659;14;463.00;6
790;14;628030343;790;141;1447;1453;11.79;0.72;165.64;3.73;657;14;464.00;6
791;14;628030353;791;144;1447;1453;11.75;0.71;165.56;3.73;656;14;465.00;6
793;14;628030363;793;141;1448;1453;11.68;0.71;165.53;3.73;655;14;466.00;5
794;14;628030373;794;140;1448;1453;11.60;0.70;165.64;3.73;654;14;467.00;5
795;14;628030384;795;147;1458;1465;11.54;0.70;165.99;3.70;663;14;468.00;7
796;14;628030395;796;150;1459;1465;11.56;0.70;166.28;3.70;663;14;469.00;6
799;14;628030404;799;157;1461;1465;11.46;0.70;166.38;3.72;662;14;470.00;4
803;14;628030414;803;159;1461;1465;11.31;0.69;166.52;3.72;658;14;471.00;4
806;14;628030425;806;168;1461;1465;11.23;0.68;166.81;3.72;655;14;472.00;4
807;14;628030435;807;174;1462;1465;11.17;0.68;166.74;3.74;655;14;473.00;3
808;14;628030445;808;181;1465;1469;11.12;0.68;166.83;3.73;657;14;474.00;4
810;14;628030456;810;186;1465;1469;11.06;0.67;166.94;3.73;655;14;475.00;4
811;14;628030467;811;191;1469;1473;11.00;0.67;166.87;3.74;658;14;476.00;4
815;14;628030484;815;198;1472;1474;10.90;0.67;166.80;3.74;657;14;477.00;2
816;14;628030494;816;202;1473;1474;10.78;0.66;166.65;3.74;657;14;478.00;1
818;14;628030503;818;207;1474;1474;10.59;0.65;166.58;3.74;656;14;479.00;0
820;14;628030515;820;211;1494;1500;10.31;0.63;166.62;3.69;674;14;480.00;6
824;14;628030526;824;209;1494;1500;10.10;0.62;166.73;3.69;670;14;481.00;6
826;14;628030535;826;214;1497;1500;10.00;0.61;166.72;3.69;671;14;482.00;3
827;14;628030544;827;217;1500;1501;9.93;0.61;166.85;3.69;673;14;483.00;1
828;14;628030553;828;222;1502;1502;9.76;0.60;166.71;3.69;674;14;484.00;0
831;14;628030568;831;232;1502;1502;9.58;0.59;166.73;3.69;671;14;485.00;0
831;14;628030578;831;239;1504;1505;9.42;0.58;166.73;3.68;673;14;486.00;1
832;14;628030587;832;244;1504;1505;9.18;0.57;166.93;3.68;672;14;487.00;1
834;14;628030596;834;252;1505;1505;9.04;0.56;166.87;3.68;671;14;488.00;0
836;14;628030605;836;253;1505;1505;8.92;0.55;166.68;3.68;669;14;489.00;0
840;14;628030614;840;254;1510;1511;8.83;0.54;166.60;3.67;670;14;490.00;1
842;14;628030623;842;251;1510;1511;8.72;0.54;166.42;3.67;668;14;491.00;1
845;14;628030632;845;258;1511;1511;8.62;0.53;166.40;3.67;666;14;492.00;0
848;14;628030643;848;261;1511;1511;8.52;0.52;166.19;3.67;663;14;493.00;0
850;14;628030651;850;264;1515;1515;8.33;0.51;166.08;3.66;665;14;494.00;0
850;14;628030660;850;262;1517;1517;8.29;0.51;166.08;3.66;667;14;495.00;0
854;14;628030669;854;266;1517;1517;8.20;0.50;165.71;3.66;663;14;496.00;0
857;14;628030677;857;268;1518;1518;8.09;0.50;165.38;3.66;661;14;497.00;0
859;14;628030685;859;268;1518;1518;8.01;0.49;165.30;3.66;659;14;498.00;0
861;14;628030693;861;273;1518;1518;7.93;0.49;165.56;3.66;657;14;499.00;0
865;14;628030702;865;277;1518;1518;7.81;0.48;165.37;3.66;653;14;500.00;0
866;14;628030714;866;279;1518;1518;7.77;0.48;165.34;3.66;652;14;501.00;0
872;14;628030723;872;276;1518;1518;7.59;0.47;165.52;3.66;646;14;502.00;0
875;14;628030731;875;277;1518;1518;7.49;0.46;165.66;3.66;643;14;503.00;0
878;14;628030739;878;282;1557;1588;7.64;0.47;165.99;3.57;679;14;504.00;31
883;14;628030752;883;279;1561;1589;7.50;0.46;166.15;3.56;678;14;505.00;28
886;14;628030760;886;277;1570;1589;7.41;0.46;166.39;3.55;684;14;506.00;19
888;14;628030768;888;278;1574;1589;7.34;0.45;166.45;3.55;686;14;507.00;15
889;14;628030775;889;278;1580;1589;7.25;0.45;166.71;3.55;691;14;508.00;9
891;14;628030782;891;278;1583;1589;7.13;0.44;167.05;3.55;692;14;509.00;6
895;14;628030791;895;275;1587;1589;7.03;0.43;167.32;3.56;692;14;510.00;2
898;14;628030799;898;271;1588;1589;6.94;0.43;167.85;3.56;690;14;511.00;1
902;14;628030807;902;267;1590;1590;6.87;0.42;168.16;3.56;688;14;512.00;0
905;14;628030815;905;265;1591;1591;6.86;0.42;168.72;3.56;686;14;513.00;0
909;14;628030823;909;265;1591;1591;6.85;0.42;169.13;3.56;682;14;514.00;0
912;14;628030830;912;269;1595;1595;6.89;0.42;169.43;3.55;683;14;515.00;0
915;14;628030839;915;272;1595;1595;6.95;0.43;169.77;3.55;680;14;516.00;0
919;14;628030847;919;266;1595;1595;7.03;0.43;169.68;3.55;676;14;517.00;0
924;14;628030855;924;264;1595;1595;7.06;0.43;170.43;3.55;671;14;518.00;0
924;14;628030863;924;261;1600;1601;7.23;0.45;170.43;3.55;676;14;519.00;1
926;14;628030873;926;261;1601;1601;7.35;0.45;170.41;3.55;675;14;520.00;0
928;14;628030881;928;259;1601;1601;7.53;0.46;170.68;3.55;673;14;521.00;0
930;14;628030888;930;258;1604;1604;7.63;0.47;170.99;3.54;674;14;522.00;0
933;14;628030896;933;242;1604;1604;7.62;0.47;171.29;3.54;671;14;523.00;0
938;14;628030905;938;228;1604;1604;7.67;0.47;171.48;3.54;666;14;524.00;0
940;14;628030914;940;223;1605;1605;7.72;0.47;171.76;3.54;665;14;525.00;0
946;14;628030923;946;219;1606;1606;7.76;0.48;172.34;3.54;660;14;526.00;0
952;14;628030932;952;217;1606;1606;7.80;0.48;172.86;3.54;654;14;527.00;0
957;15;628030941;957;210;1619;1619;8.00;0.49;172.61;3.51;662;15;528.00;0
960;15;628030963;960;202;1619;1619;8.16;0.50;173.23;3.51;659;15;529.00;0
966;16;628030978;966;199;1619;1619;8.25;0.50;173.77;3.51;653;16;530.00;0
971;16;628031006;971;195;1620;1620;8.38;0.51;173.50;3.51;649;16;531.00;0
974;16;628031016;974;192;1620;1620;8.48;0.52;174.16;3.51;646;16;532.00;0
977;16;628031032;977;189;1623;1624;8.60;0.52;174.52;3.50;646;16;533.00;1
979;16;628031042;979;187;1623;1624;8.66;0.53;174.56;3.50;644;16;534.00;1
986;16;628031051;986;184;1628;1628;8.74;0.53;174.65;3.49;642;16;535.00;0
989;16;628031061;989;183;1628;1628;8.78;0.54;174.86;3.49;639;16;536.00;0
992;16;628031070;992;181;1628;1628;8.77;0.54;174.96;3.49;636;16;537.00;0
995;16;628031080;995;182;1628;1628;8.81;0.54;175.18;3.49;633;16;538.00;0
998;16;628031089;998;182;1628;1628;8.82;0.54;175.30;3.49;630;16;539.00;0
1002;16;628031102;1002;185;1657;1662;8.84;0.54;175.31;3.43;655;16;540.00;5
1005;16;628031118;1005;184;1657;1662;8.93;0.55;175.46;3.43;652;16;541.00;5
1008;16;628031133;1008;188;1659;1662;9.01;0.55;175.22;3.43;651;16;542.00;3
1010;16;628031149;1010;190;1659;1662;9.04;0.55;175.09;3.43;649;16;543.00;3
1013;16;628031159;1013;189;1660;1662;9.06;0.55;175.16;3.43;647;16;544.00;2
1015;16;628031178;1015;189;1660;1662;9.06;0.55;175.20;3.43;645;16;545.00;2
1018;16;628031189;1018;188;1662;1663;9.06;0.55;174.90;3.43;644;16;546.00;1
1020;16;628031200;1020;183;1662;1663;9.06;0.55;174.96;3.43;642;16;547.00;1
1022;16;628031210;1022;186;1667;1669;9.12;0.56;174.92;3.43;645;16;548.00;2
1025;16;628031222;1025;191;1668;1670;9.26;0.56;174.92;3.43;643;16;549.00;2
1028;16;628031234;1028;188;1669;1670;9.33;0.57;175.06;3.43;641;16;550.00;1
1029;16;628031244;1029;188;1669;1670;9.38;0.57;175.14;3.43;640;16;551.00;1
1031;16;628031254;1031;185;1674;1674;9.50;0.58;175.39;3.42;643;16;552.00;0
1033;16;628031265;1033;184;1674;1674;9.53;0.58;175.37;3.42;641;16;553.00;0
1035;16;628031273;1035;185;1674;1674;9.50;0.58;175.45;3.42;639;16;554.00;0
1038;16;628031283;1038;187;1675;1675;9.54;0.58;175.79;3.42;637;16;555.00;0
1042;16;628031294;1042;194;1679;1679;9.60;0.59;175.98;3.41;637;16;556.00;0
1045;16;628031304;1045;182;1679;1679;9.65;0.59;176.15;3.41;634;16;557.00;0
1049;16;628031314;1049;170;1681;1682;9.79;0.60;176.62;3.41;632;16;558.00;1
1053;16;628031324;1053;165;1681;1682;9.90;0.60;176.88;3.41;628;16;559.00;1
1054;16;628031334;1054;166;1682;1682;10.00;0.61;177.12;3.41;628;16;560.00;0
1059;16;628031343;1059;162;1682;1682;10.16;0.62;177.64;3.41;623;16;561.00;0
1062;16;628031353;1062;156;1685;1686;10.32;0.63;177.67;3.40;623;16;562.00;1
1064;16;628031363;1064;157;1685;1686;10.39;0.63;177.92;3.40;621;16;563.00;1
1066;16;628031373;1066;158;1686;1686;10.43;0.63;178.35;3.40;620;16;564.00;0
1068;16;628031383;1068;154;1686;1686;10.46;0.64;178.73;3.40;618;16;565.00;0
1069;16;628031394;1069;138;1687;1687;10.61;0.65;178.82;3.40;618;16;566.00;0
1071;16;628031404;1071;122;1688;1688;10.75;0.65;178.95;3.40;617;16;567.00;0
1073;16;628031415;1073;112;1688;1688;10.94;0.66;179.13;3.40;615;16;568.00;0
1076;16;628031424;1076;106;1689;1689;11.16;0.68;179.20;3.40;613;16;569.00;0
1078;16;628031436;1078;100;1689;1689;11.38;0.69;179.74;3.40;611;16;570.00;0
1081;16;628031447;1081;95;1689;1689;11.57;0.70;179.86;3.40;608;16;571.00;0
1083;16;628031458;1083;86;1689;1689;11.74;0.71;180.20;3.40;606;16;572.00;0
1087;16;628031469;1087;83;1689;1689;11.82;0.72;180.68;3.40;602;16;573.00;0
1090;16;628031479;1090;87;1689;1689;11.96;0.73;180.73;3.40;599;16;574.00;0
1091;16;628031490;1091;84;1689;1689;12.17;0.74;180.95;3.40;598;16;575.00;0
1094;16;628031500;1094;108;1772;1816;11.89;0.73;181.11;3.24;678;16;576.00;44
1097;16;628031521;1097;92;1775;1817;12.00;0.74;181.17;3.24;678;16;577.00;42
1101;16;628031532;1101;80;1783;1817;12.17;0.75;181.75;3.23;682;16;578.00;34
1104;16;628031549;1104;80;1786;1817;12.24;0.75;182.07;3.23;682;16;579.00;31
1109;16;628031560;1109;79;1790;1817;12.29;0.75;182.33;3.23;681;16;580.00;27
1110;16;628031571;1110;79;1794;1817;12.32;0.76;182.36;3.24;684;16;581.00;23
1113;16;628031581;1113;78;1798;1817;12.39;0.76;182.73;3.24;685;16;582.00;19
1118;16;628031604;1118;86;1800;1817;12.36;0.76;183.45;3.25;682;16;583.00;17
1120;16;628031615;1120;90;1804;1818;12.33;0.75;183.51;3.26;684;16;584.00;14
1124;16;628031631;1124;102;1808;1820;12.26;0.75;183.93;3.26;684;16;585.00;12
1125;16;628031641;1125;109;1810;1820;12.23;0.75;184.01;3.27;685;16;586.00;10
1128;16;628031657;1128;113;1812;1821;12.20;0.75;184.10;3.27;684;16;587.00;9
1131;16;628031667;1131;116;1814;1821;12.23;0.75;184.36;3.28;683;16;588.00;7
1135;16;628031678;1135;119;1815;1821;12.23;0.75;184.58;3.29;680;16;589.00;6
1137;16;628031689;1137;122;1817;1821;12.29;0.75;184.95;3.30;680;16;590.00;4
1139;16;628031704;1139;122;1820;1825;12.34;0.76;185.35;3.30;681;16;591.00;5
1140;16;628031722;1140;119;1821;1825;12.33;0.76;185.51;3.31;681;16;592.00;4
1144;16;628031732;1144;123;1822;1825;12.40;0.76;185.76;3.31;678;16;593.00;3
1148;16;628031742;1148;126;1825;1828;12.43;0.76;185.93;3.32;677;16;594.00;3
1149;16;628031753;1149;127;1825;1828;12.48;0.76;186.03;3.32;676;16;595.00;3
1153;16;628031762;1153;126;1826;1828;12.50;0.76;186.02;3.32;673;16;596.00;2
1156;16;628031772;1156;129;1830;1832;12.47;0.76;186.34;3.31;674;16;597.00;2
1159;16;628031782;1159;131;1832;1833;12.48;0.76;186.44;3.31;673;16;598.00;1
1162;16;628031793;1162;128;1832;1833;12.49;0.76;186.08;3.31;670;16;599.00;1
1166;16;628031804;1166;133;1844;1859;12.34;0.75;186.31;3.30;678;16;600.00;15
1169;16;628031823;1169;127;1844;1859;12.37;0.75;186.61;3.30;675;16;601.00;15
1173;16;628031833;1173;135;1846;1859;12.41;0.75;186.67;3.29;673;16;602.00;13
1176;16;628031843;1176;131;1847;1860;12.46;0.76;186.84;3.29;671;16;603.00;13
1177;16;628031853;1177;131;1848;1860;12.49;0.76;186.95;3.29;671;16;604.00;12
1181;16;628031863;1181;132;1851;1866;12.54;0.76;187.22;3.29;670;16;605.00;15
1184;16;628031873;1184;132;1852;1866;12.54;0.76;187.12;3.29;668;16;606.00;14
1190;16;628031883;1190;131;1852;1867;12.51;0.76;187.35;3.29;662;16;607.00;15
1195;16;628031899;1195;133;1854;1867;12.45;0.75;187.45;3.30;659;16;608.00;13
1197;16;628031909;1197;129;1854;1867;12.48;0.76;187.31;3.30;657;16;609.00;13
1202;17;628031917;1202;129;1854;1867;12.49;0.76;187.41;3.30;652;17;610.00;13
1206;17;628031942;1206;129;1856;1867;12.49;0.75;187.56;3.30;650;17;611.00;11
1208;17;628031951;1208;126;1865;1879;12.54;0.76;187.57;3.29;657;17;612.00;14
1211;17;628031967;1211;121;1866;1879;12.52;0.76;187.69;3.29;655;17;613.00;13
1215;17;628031977;1215;118;1868;1879;12.52;0.76;187.82;3.29;653;17;614.00;11
1216;17;628031986;1216;114;1870;1879;12.50;0.76;188.07;3.30;654;17;615.00;9
1220;17;628031995;1220;110;1870;1879;12.57;0.76;188.44;3.30;650;17;616.00;9
1222;17;628032004;1222;103;1871;1879;12.60;0.76;188.43;3.31;649;17;617.00;8
1226;17;628032013;1226;97;1874;1883;12.61;0.76;189.02;3.30;648;17;618.00;9
1226;18;628032023;1226;91;1874;1883;12.74;0.77;189.02;3.30;648;18;619.00;9
1229;18;628032047;1229;89;1877;1887;12.83;0.78;189.15;3.30;648;18;620.00;10
1231;18;628032057;1231;87;1878;1888;12.97;0.78;189.07;3.30;647;18;621.00;10
1234;18;628032066;1234;87;1880;1888;12.99;0.78;188.83;3.31;646;18;622.00;8
1237;18;628032076;1237;81;1880;1888;12.97;0.78;188.92;3.31;643;18;623.00;8
1240;18;628032085;1240;84;1888;1901;12.85;0.78;189.02;3.30;648;18;624.00;13
1241;18;628032096;1241;87;1888;1901;12.83;0.78;189.36;3.30;647;18;625.00;13
1242;19;628032106;1242;92;1888;1901;12.80;0.77;189.25;3.30;646;19;626.00;13
1243;19;628032131;1243;93;1889;1902;12.77;0.77;189.16;3.29;646;19;627.00;13
1246;19;628032140;1246;100;1891;1903;12.65;0.77;189.39;3.31;645;19;628.00;12
1247;19;628032156;1247;105;1893;1903;12.56;0.76;189.40;3.33;646;19;629.00;10
1249;19;628032167;1249;108;1896;1909;12.47;0.76;189.41;3.32;647;19;630.00;13
1251;20;628032181;1251;107;1897;1909;12.46;0.75;189.27;3.32;646;20;631.00;12
1255;20;628032205;1255;110;1898;1909;12.43;0.75;189.28;3.32;643;20;632.00;11
1257;20;628032219;1257;116;1898;1909;12.40;0.75;189.15;3.32;641;20;633.00;11
1257;20;628032235;1257;127;1903;1915;12.31;0.75;189.15;3.33;646;20;634.00;12
1258;20;628032252;1258;128;1903;1915;12.29;0.75;189.27;3.33;645;20;635.00;12
1260;20;628032272;1260;132;1904;1915;12.28;0.75;189.22;3.33;644;20;636.00;11
1262;20;628032287;1262;133;1905;1915;12.19;0.74;189.33;3.33;643;20;637.00;10
1264;20;628032298;1264;136;1908;1919;12.11;0.73;189.36;3.33;644;20;638.00;11
1264;20;628032313;1264;139;1910;1920;11.98;0.73;189.36;3.34;646;20;639.00;10
1266;20;628032323;1266;147;1911;1920;11.88;0.72;189.41;3.36;645;20;640.00;9
1269;20;628032333;1269;158;1913;1921;11.73;0.71;189.49;3.37;644;20;641.00;8
1271;20;628032344;1271;158;1914;1921;11.55;0.70;189.52;3.38;643;20;642.00;7
1277;20;628032354;1277;169;1914;1921;11.38;0.69;189.50;3.38;637;20;643.00;7
1279;20;628032371;1279;177;1916;1921;11.23;0.68;189.31;3.39;637;20;644.00;5
1279;20;628032381;1279;185;1918;1921;11.09;0.67;189.31;3.42;639;20;645.00;3
1279;20;628032390;1279;190;1920;1921;10.90;0.66;189.31;3.43;641;20;646.00;1
1281;20;628032399;1281;204;1921;1921;10.63;0.65;189.14;3.44;640;20;647.00;0
1282;20;628032407;1282;212;1962;1991;10.46;0.64;189.16;3.37;680;20;648.00;29
1284;20;628032422;1284;211;1964;1992;10.21;0.63;189.00;3.37;680;20;649.00;28
1285;20;628032431;1285;210;1974;1992;10.04;0.62;188.88;3.36;689;20;650.00;18
1286;20;628032439;1286;214;1978;1992;9.85;0.60;188.89;3.36;692;20;651.00;14
1288;20;628032447;1288;221;1982;1992;9.77;0.60;188.77;3.36;694;20;652.00;10
1291;20;628032456;1291;229;1986;1992;9.64;0.59;188.67;3.36;695;20;653.00;6
1292;20;628032464;1292;234;1990;1992;9.56;0.59;188.75;3.37;698;20;654.00;2
1295;20;628032473;1295;241;1990;1992;9.41;0.58;188.61;3.37;695;20;655.00;2
1297;20;628032481;1297;244;1992;1993;9.26;0.57;188.50;3.37;695;20;656.00;1
1299;20;628032490;1299;248;1993;1994;9.07;0.56;188.33;3.37;694;20;657.00;1
1300;20;628032503;1300;253;1994;1994;8.90;0.55;188.32;3.37;694;20;658.00;0
1300;20;628032512;1300;263;1998;1998;8.76;0.54;188.32;3.37;698;20;659.00;0
1303;20;628032522;1303;261;1998;1998;8.57;0.53;188.14;3.37;695;20;660.00;0
1304;20;628032532;1304;267;1998;1998;8.43;0.52;188.10;3.37;694;20;661.00;0
1306;20;628032540;1306;268;1998;1998;8.29;0.51;188.05;3.37;692;20;662.00;0
1308;20;628032548;1308;269;2003;2004;8.26;0.51;187.86;3.36;695;20;663.00;1
1309;20;628032557;1309;266;2003;2004;8.15;0.50;187.84;3.36;694;20;664.00;1
1310;20;628032566;1310;273;2004;2004;8.04;0.50;187.84;3.36;694;20;665.00;0
1311;20;628032574;1311;276;2006;2007;7.97;0.49;187.76;3.36;695;20;666.00;1
1312;20;628032582;1312;281;2007;2007;7.85;0.48;187.74;3.36;695;20;667.00;0
1314;20;628032614;1314;286;2007;2007;7.73;0.48;187.74;3.36;693;20;668.00;0
1316;20;628032622;1316;286;2008;2008;7.60;0.47;187.97;3.36;692;20;669.00;0
1318;20;628032630;1318;290;2009;2009;7.54;0.46;187.87;3.35;691;20;670.00;0
1320;20;628032639;1320;292;2009;2009;7.44;0.46;187.76;3.35;689;20;671.00;0
1322;20;628032647;1322;298;2022;2022;7.27;0.45;187.67;3.33;700;20;672.00;0
1325;20;628032656;1325;302;2022;2022;7.11;0.44;187.82;3.33;697;20;673.00;0
1330;20;628032664;1330;304;2022;2022;7.00;0.43;187.82;3.33;692;20;674.00;0
1334;20;628032672;1334;289;2024;2024;6.89;0.42;188.03;3.33;690;20;675.00;0
1337;20;628032681;1337;282;2024;2024;6.84;0.42;188.28;3.33;687;20;676.00;0
1343;20;628032689;1343;275;2027;2028;6.81;0.42;188.05;3.33;684;20;677.00;1
1347;20;628032698;1347;271;2028;2028;6.83;0.42;188.49;3.33;681;20;678.00;0
1350;20;628032706;1350;263;2032;2032;6.84;0.42;188.76;3.32;682;20;679.00;0
1354;20;628032715;1354;247;2032;2032;6.87;0.42;188.60;3.32;678;20;680.00;0
1357;20;628032723;1357;237;2032;2032;6.89;0.42;188.94;3.32;675;20;681.00;0
1360;20;628032743;1360;229;2032;2032;6.98;0.43;189.21;3.32;672;20;682.00;0
1363;20;628032752;1363;216;2032;2032;7.10;0.44;189.19;3.32;669;20;683.00;0
1369;20;628032766;1369;214;2042;2044;7.33;0.45;189.36;3.31;673;20;684.00;2
1371;20;628032776;1371;213;2042;2044;7.58;0.46;189.47;3.31;671;20;685.00;2
1372;20;628032784;1372;209;2044;2044;7.87;0.48;189.57;3.30;672;20;686.00;0
1374;20;628032793;1374;202;2044;2044;8.06;0.49;189.70;3.30;670;20;687.00;0
1375;20;628032802;1375;195;2044;2044;8.35;0.51;189.91;3.30;669;20;688.00;0
1377;20;628032811;1377;192;2044;2044;8.60;0.53;189.99;3.30;667;20;689.00;0
1381;20;628032821;1381;183;2045;2045;8.73;0.53;190.32;3.30;664;20;690.00;0
1385;20;628032830;1385;178;2045;2045;8.85;0.54;190.56;3.30;660;20;691.00;0
1388;20;628032839;1388;176;2050;2051;8.91;0.54;190.58;3.30;662;20;692.00;1
1390;20;628032849;1390;170;2051;2052;8.96;0.55;190.92;3.30;661;20;693.00;1
1393;20;628032858;1393;165;2052;2052;8.98;0.55;191.00;3.30;659;20;694.00;0
1396;20;628032868;1396;165;2052;2052;8.99;0.55;191.25;3.30;656;20;695.00;0
1399;20;628032876;1399;162;2056;2056;9.06;0.55;191.50;3.29;657;20;696.00;0
1403;20;628032886;1403;158;2056;2056;9.07;0.55;191.48;3.29;653;20;697.00;0
1407;20;628032896;1407;150;2056;2056;9.12;0.56;191.61;3.29;649;20;698.00;0
1415;20;628032905;1415;141;2057;2057;9.22;0.56;191.50;3.29;642;20;699.00;0
1420;20;628032916;1420;137;2061;2061;9.28;0.57;191.93;3.28;641;20;700.00;0
1426;20;628032931;1426;139;2061;2061;9.32;0.57;191.99;3.28;635;20;701.00;0
1430;20;628032940;1430;140;2063;2064;9.43;0.58;192.02;3.28;633;20;702.00;1
1434;20;628032950;1434;134;2063;2064;9.49;0.58;192.26;3.28;629;20;703.00;1
1440;20;628032960;1440;127;2064;2064;9.57;0.59;192.47;3.28;624;20;704.00;0
1444;20;628032971;1444;123;2064;2064;9.64;0.59;192.41;3.28;620;20;705.00;0
1452;20;628032980;1452;119;2067;2068;9.71;0.59;192.54;3.28;615;20;706.00;1
1456;20;628032990;1456;122;2067;2068;9.75;0.59;192.68;3.28;611;20;707.00;1
1459;20;628033000;1459;122;2068;2068;9.80;0.60;192.71;3.28;609;20;708.00;0
1466;20;628033016;1466;128;2068;2068;9.76;0.59;192.95;3.28;602;20;709.00;0
1472;20;628033025;1472;126;2069;2069;9.70;0.59;193.05;3.28;597;20;710.00;0
1478;20;628033037;1478;124;2070;2070;9.69;0.59;193.08;3.27;592;20;711.00;0
1483;20;628033046;1483;124;2070;2070;9.74;0.59;193.01;3.27;587;20;712.00;0
1487;20;628033056;1487;125;2071;2071;9.82;0.59;193.17;3.27;584;20;713.00;0
1487;20;628033067;1487;127;2071;2071;9.87;0.60;193.17;3.27;584;20;714.00;0
1490;20;628033076;1490;126;2071;2071;10.00;0.60;193.30;3.27;581;20;715.00;0
1492;20;628033086;1492;126;2071;2071;10.08;0.61;193.40;3.27;579;20;716.00;0
1493;20;628033095;1493;129;2071;2071;10.13;0.61;193.46;3.27;578;20;717.00;0
1497;20;628033104;1497;131;2071;2071;10.16;0.62;193.89;3.27;574;20;718.00;0
1499;20;628033114;1499;134;2071;2071;10.15;0.62;194.13;3.27;572;20;719.00;0
1500;20;628033126;1500;166;2190;2301;10.05;0.63;194.35;3.10;690;20;720.00;111
1502;20;628033156;1502;165;2200;2302;10.06;0.63;194.75;3.09;698;20;721.00;102
1502;20;628033167;1502;152;2210;2302;10.13;0.64;194.75;3.08;708;20;722.00;92
1505;20;628033178;1505;145;2218;2302;10.21;0.64;195.04;3.08;713;20;723.00;84
1509;20;628033190;1509;144;2226;2302;10.21;0.64;195.48;3.08;717;20;724.00;76
1510;20;628033201;1510;150;2229;2302;10.21;0.64;195.44;3.09;719;20;725.00;73
1514;20;628033211;1514;150;2236;2302;10.12;0.63;195.87;3.10;722;20;726.00;66
1517;20;628033223;1517;146;2243;2302;10.06;0.63;196.02;3.11;726;20;727.00;59
1522;20;628033235;1522;145;2248;2303;9.97;0.62;196.34;3.12;726;20;728.00;55
1523;20;628033246;1523;145;2254;2304;9.95;0.62;196.57;3.13;731;20;729.00;50
1526;20;628033259;1526;146;2260;2304;9.96;0.62;196.61;3.15;734;20;730.00;44
1527;20;628033270;1527;150;2264;2305;9.90;0.62;196.58;3.16;737;20;731.00;41
1530;20;628033281;1530;155;2271;2305;9.84;0.61;196.66;3.19;741;20;732.00;34
1535;20;628033292;1535;160;2272;2305;9.83;0.61;196.94;3.19;737;20;733.00;33
1537;20;628033303;1537;169;2276;2305;9.77;0.61;197.13;3.21;739;20;734.00;29
1539;20;628033314;1539;175;2281;2309;9.68;0.60;197.26;3.22;742;20;735.00;28
1541;20;628033325;1541;167;2282;2309;9.71;0.60;197.48;3.23;741;20;736.00;27
1546;20;628033337;1546;162;2285;2309;9.74;0.60;197.74;3.25;739;20;737.00;24
1547;20;628033349;1547;158;2288;2312;9.84;0.61;197.86;3.26;741;20;738.00;24
1550;20;628033360;1550;153;2289;2312;10.01;0.62;197.90;3.27;739;20;739.00;23
1552;20;628033372;1552;157;2290;2312;10.18;0.63;197.81;3.27;738;20;740.00;22
1555;20;628033383;1555;153;2295;2316;10.26;0.63;197.92;3.28;740;20;741.00;21
1561;20;628033396;1561;152;2298;2317;10.40;0.64;198.07;3.29;737;20;742.00;19
1564;20;628033408;1564;160;2299;2317;10.60;0.65;198.01;3.30;735;20;743.00;18
1566;20;628033420;1566;158;2303;2321;10.71;0.66;198.29;3.29;737;20;744.00;18
1571;20;628033432;1571;158;2304;2321;10.87;0.67;198.45;3.30;733;20;745.00;17
1576;20;628033444;1576;158;2304;2321;11.04;0.67;198.88;3.30;728;20;746.00;17
1579;20;628033461;1579;155;2304;2322;11.24;0.69;199.09;3.30;725;20;747.00;18
1582;20;628033474;1582;158;2307;2322;11.33;0.69;199.17;3.32;725;20;748.00;15
1586;20;628033485;1586;157;2311;2328;11.41;0.70;199.14;3.31;725;20;749.00;17
1586;20;628033500;1586;155;2312;2328;11.52;0.70;199.14;3.31;726;20;750.00;16
1589;20;628033511;1589;155;2314;2329;11.60;0.71;199.41;3.32;725;20;751.00;15
1590;20;628033523;1590;153;2314;2329;11.70;0.72;199.56;3.32;724;20;752.00;15
1591;20;628033534;1591;153;2315;2329;11.76;0.72;199.72;3.32;724;20;753.00;14
1594;20;628033545;1594;155;2315;2329;11.79;0.72;199.90;3.32;721;20;754.00;14
1601;20;628033556;1601;158;2316;2329;11.86;0.72;200.21;3.33;715;20;755.00;13
1603;20;628033568;1603;160;2327;2341;11.92;0.73;200.30;3.31;724;20;756.00;14
1609;20;628033585;1609;159;2328;2341;11.89;0.72;200.17;3.31;719;20;757.00;13
1611;20;628033596;1611;157;2329;2341;11.93;0.73;200.47;3.31;718;20;758.00;12
1614;20;628033607;1614;155;2329;2341;11.95;0.73;200.78;3.31;715;20;759.00;12
1617;20;628033618;1617;155;2329;2341;11.94;0.73;201.03;3.31;712;20;760.00;12
1618;20;628033629;1618;157;2329;2341;11.96;0.73;201.01;3.31;711;20;761.00;12
1621;20;628033640;1621;162;2333;2345;11.91;0.73;201.27;3.31;712;20;762.00;12
1623;20;628033651;1623;160;2333;2345;11.90;0.72;201.16;3.31;710;20;763.00;12
1627;20;628033672;1627;163;2336;2349;11.85;0.72;201.31;3.31;709;20;764.00;13
1630;20;628033683;1630;167;2338;2351;11.83;0.72;201.31;3.30;708;20;765.00;13
1631;20;628033694;1631;170;2339;2351;11.88;0.72;201.27;3.30;708;20;766.00;12
1635;20;628033704;1635;170;2339;2351;11.80;0.72;201.39;3.30;704;20;767.00;12
1639;20;628033714;1639;172;2349;2364;11.73;0.71;201.38;3.29;710;20;768.00;15
1643;20;628033726;1643;172;2349;2364;11.67;0.71;201.67;3.29;706;20;769.00;15
1645;20;628033735;1645;171;2350;2364;11.61;0.71;201.72;3.31;705;20;770.00;14
1646;20;628033745;1646;172;2351;2365;11.65;0.71;201.71;3.31;705;20;771.00;14
1649;20;628033754;1649;168;2351;2366;11.70;0.71;202.01;3.31;702;20;772.00;15
1652;20;628033764;1652;169;2351;2366;11.71;0.71;201.93;3.31;699;20;773.00;15
1654;20;628033774;1654;171;2353;2369;11.78;0.72;201.86;3.30;699;20;774.00;16
1658;20;628033789;1658;171;2353;2369;11.73;0.71;202.08;3.30;695;20;775.00;16
1660;20;628033804;1660;171;2354;2369;11.72;0.71;202.01;3.30;694;20;776.00;15
1661;20;628033814;1661;172;2354;2369;11.67;0.71;202.01;3.30;693;20;777.00;15
1666;20;628033823;1666;170;2358;2375;11.67;0.71;201.83;3.30;692;20;778.00;17
1670;20;628033834;1670;171;2358;2375;11.71;0.71;201.71;3.30;688;20;779.00;17
1672;20;628033851;1672;167;2359;2375;11.72;0.71;201.62;3.30;687;20;780.00;16
1676;20;628033861;1676;164;2359;2375;11.70;0.71;201.61;3.30;683;20;781.00;16
1676;20;628033870;1676;157;2362;2379;11.71;0.71;201.61;3.30;686;20;782.00;17
1677;20;628033880;1677;153;2363;2380;11.69;0.71;201.57;3.30;686;20;783.00;17
1679;20;628033889;1679;148;2363;2380;11.70;0.72;201.49;3.30;684;20;784.00;17
1684;20;628033898;1684;145;2366;2381;11.69;0.71;201.55;3.31;682;20;785.00;15
1688;20;628033909;1688;145;2367;2381;11.65;0.71;201.54;3.33;679;20;786.00;14
1693;20;628033918;1693;143;2367;2381;11.66;0.71;201.35;3.33;674;20;787.00;14
1696;20;628033928;1696;141;2367;2381;11.62;0.71;201.39;3.33;671;20;788.00;14
1698;20;628033937;1698;139;2368;2381;11.72;0.72;201.51;3.36;670;20;789.00;13
1701;20;628033946;1701;136;2368;2381;11.81;0.72;201.29;3.36;667;20;790.00;13
1704;20;628033956;1704;135;2368;2381;11.93;0.73;201.48;3.36;664;20;791.00;13
1706;20;628033965;1706;138;2402;2451;11.92;0.73;201.62;3.34;696;20;792.00;49
1709;20;628033981;1709;132;2402;2452;11.94;0.73;201.66;3.34;693;20;793.00;50
1712;20;628033991;1712;130;2409;2452;11.91;0.73;201.71;3.34;697;20;794.00;43
1717;20;628034001;1717;137;2415;2452;11.89;0.73;201.71;3.34;698;20;795.00;37
1721;21;628034010;1721;140;2419;2452;11.84;0.72;201.66;3.34;698;21;796.00;33
1722;21;628034030;1722;144;2424;2452;11.78;0.72;201.62;3.37;702;21;797.00;28
1726;21;628034040;1726;147;2425;2452;11.68;0.71;201.51;3.37;699;21;798.00;27
1728;21;628034060;1728;147;2425;2452;11.62;0.71;201.56;3.37;697;21;799.00;27
1732;21;628034070;1732;148;2431;2453;11.50;0.70;201.61;3.41;699;21;800.00;22
1737;21;628034084;1737;155;2433;2454;11.43;0.70;201.66;3.41;696;21;801.00;21
1741;21;628034100;1741;162;2436;2454;11.34;0.69;201.43;3.45;695;21;802.00;18
1745;21;628034116;1745;168;2440;2458;11.16;0.68;201.25;3.45;695;21;803.00;18
1745;21;628034126;1745;176;2442;2458;11.07;0.67;201.25;3.49;697;21;804.00;16
1745;21;628034136;1745;180;2442;2458;10.93;0.66;201.25;3.49;697;21;805.00;16
1749;21;628034145;1749;180;2443;2458;10.75;0.65;201.10;3.49;694;21;806.00;15
1750;21;628034155;1750;183;2447;2464;10.60;0.64;201.03;3.52;697;21;807.00;17
1751;21;628034165;1751;192;2449;2464;10.48;0.64;201.04;3.52;698;21;808.00;15
1755;21;628034176;1755;204;2450;2464;10.39;0.63;200.89;3.56;695;21;809.00;14
1757;21;628034192;1757;210;2455;2470;10.30;0.63;200.68;3.58;698;21;810.00;15
1758;21;628034208;1758;220;2456;2470;10.21;0.62;200.72;3.61;698;21;811.00;14
1760;21;628034224;1760;226;2458;2470;10.07;0.61;200.60;3.65;698;21;812.00;12
1760;21;628034239;1760;236;2461;2471;9.90;0.60;200.60;3.67;701;21;813.00;10
1762;21;628034253;1762;246;2464;2472;9.81;0.60;200.52;3.68;702;21;814.00;8
1764;21;628034268;1764;250;2466;2472;9.64;0.59;200.50;3.69;702;21;815.00;6
1765;21;628034280;1765;258;2476;2485;9.47;0.58;200.50;3.69;711;21;816.00;9
1766;21;628034293;1766;267;2477;2485;9.33;0.57;200.40;3.70;711;21;817.00;8
1770;21;628034303;1770;275;2479;2485;9.16;0.56;200.19;3.70;709;21;818.00;6
1770;21;628034314;1770;278;2482;2486;8.97;0.55;200.19;3.71;712;21;819.00;4
1771;21;628034330;1771;286;2482;2486;8.83;0.54;200.09;3.71;711;21;820.00;4
1772;21;628034340;1772;296;2486;2490;8.76;0.54;200.03;3.72;714;21;821.00;4
1775;21;628034351;1775;302;2487;2490;8.64;0.53;200.03;3.72;712;21;822.00;3
1776;21;628034360;1776;311;2492;2494;8.51;0.52;199.98;3.72;716;21;823.00;2
1777;21;628034370;1777;312;2493;2494;8.37;0.51;199.99;3.72;716;21;824.00;1
1780;21;628034379;1780;321;2494;2494;8.19;0.50;199.89;3.72;714;21;825.00;0
1783;21;628034388;1783;325;2494;2494;8.07;0.49;199.73;3.72;711;21;826.00;0
1785;21;628034397;1785;319;2494;2494;7.92;0.49;199.80;3.72;709;21;827.00;0
1787;21;628034412;1787;310;2504;2506;7.83;0.48;199.82;3.70;717;21;828.00;2
1788;21;628034422;1788;299;2505;2506;7.80;0.48;199.77;3.70;717;21;829.00;1
1788;21;628034430;1788;291;2506;2506;7.80;0.48;199.77;3.70;718;21;830.00;0
1789;21;628034439;1789;287;2506;2506;7.82;0.48;199.74;3.70;717;21;831.00;0
1790;21;628034447;1790;285;2506;2506;7.81;0.48;199.73;3.70;716;21;832.00;0
1790;21;628034456;1790;282;2506;2506;7.82;0.48;199.73;3.70;716;21;833.00;0
1796;21;628034473;1796;273;2507;2507;7.84;0.48;199.77;3.70;711;21;834.00;0
1799;21;628034483;1799;271;2507;2507;7.89;0.48;199.58;3.70;708;21;835.00;0
1799;21;628034492;1799;265;2512;2513;8.07;0.49;199.58;3.69;713;21;836.00;1
1801;22;628034503;1801;268;2514;2514;8.13;0.50;199.63;3.69;713;22;837.00;0
1801;22;628034525;1801;264;2514;2514;8.19;0.50;199.63;3.69;713;22;838.00;0
1802;22;628034541;1802;265;2514;2514;8.19;0.50;199.59;3.69;712;22;839.00;0
1802;22;628034558;1802;266;2519;2519;8.25;0.50;199.59;3.68;717;22;840.00;0
1803;22;628034573;1803;269;2519;2519;8.21;0.50;199.48;3.68;716;22;841.00;0
1805;22;628034582;1805;276;2519;2519;8.14;0.50;199.55;3.68;714;22;842.00;0
1808;22;628034592;1808;281;2520;2520;8.10;0.50;199.47;3.68;712;22;843.00;0
1811;22;628034601;1811;278;2524;2524;8.10;0.50;199.50;3.68;713;22;844.00;0
1814;22;628034610;1814;281;2524;2524;8.12;0.50;199.53;3.68;710;22;845.00;0
1815;22;628034619;1815;272;2526;2527;8.19;0.50;199.60;3.68;711;22;846.00;1
1820;22;628034627;1820;267;2526;2527;8.16;0.50;199.87;3.68;706;22;847.00;1
1822;22;628034636;1822;264;2527;2527;8.12;0.50;199.98;3.68;705;22;848.00;0
1826;22;628034645;1826;266;2527;2527;8.00;0.49;199.94;3.68;701;22;849.00;0
1830;22;628034653;1830;258;2530;2531;7.99;0.49;200.16;3.67;700;22;850.00;1
1830;22;628034663;1830;243;2531;2531;8.02;0.49;200.16;3.67;701;22;851.00;0
1837;22;628034672;1837;238;2531;2531;8.01;0.49;200.11;3.67;694;22;852.00;0
1841;22;628034680;1841;233;2531;2531;8.02;0.49;200.25;3.67;690;22;853.00;0
1847;22;628034690;1847;223;2532;2532;8.09;0.49;200.41;3.67;685;22;854.00;0
1850;22;628034698;1850;214;2534;2534;8.21;0.50;200.68;3.67;684;22;855.00;0
1852;22;628034708;1852;206;2534;2534;8.33;0.51;200.88;3.67;682;22;856.00;0
1855;22;628034717;1855;190;2535;2535;8.47;0.52;200.92;3.67;680;22;857.00;0
1857;22;628034727;1857;184;2535;2535;8.56;0.52;200.96;3.67;678;22;858.00;0
1860;22;628034736;1860;174;2535;2535;8.71;0.53;201.25;3.67;675;22;859.00;0
1865;22;628034745;1865;168;2535;2535;8.84;0.54;201.51;3.67;670;22;860.00;0
1871;22;628034754;1871;163;2535;2535;8.85;0.54;201.48;3.67;664;22;861.00;0
1875;22;628034763;1875;155;2535;2535;8.88;0.54;201.64;3.67;660;22;862.00;0
1877;22;628034772;1877;152;2535;2535;8.97;0.55;201.70;3.67;658;22;863.00;0
1882;22;628034782;1882;165;2615;2662;9.11;0.56;201.73;3.56;733;22;864.00;47
1885;22;628034803;1885;153;2619;2663;9.10;0.56;201.77;3.55;734;22;865.00;44
1888;22;628034814;1888;145;2626;2663;9.24;0.57;201.66;3.55;738;22;866.00;37
1892;22;628034824;1892;143;2628;2663;9.26;0.57;201.74;3.55;736;22;867.00;35
1895;22;628034836;1895;140;2632;2663;9.38;0.58;201.77;3.55;737;22;868.00;31
1898;22;628034846;1898;147;2634;2663;9.45;0.58;201.86;3.55;736;22;869.00;29
1902;22;628034858;1902;155;2636;2663;9.51;0.58;201.85;3.55;734;22;870.00;27
1905;22;628034869;1905;156;2638;2663;9.59;0.59;201.79;3.55;733;22;871.00;25
1909;22;628034880;1909;156;2643;2664;9.70;0.59;202.00;3.56;734;22;872.00;21
1911;22;628034892;1911;161;2644;2665;9.74;0.60;202.06;3.56;733;22;873.00;21
1915;22;628034903;1915;162;2648;2665;9.79;0.60;202.26;3.57;733;22;874.00;17
1922;22;628034915;1922;163;2651;2666;9.76;0.60;202.75;3.58;729;22;875.00;15
1925;22;628034926;1925;167;2655;2666;9.82;0.60;202.97;3.59;730;22;876.00;11
1928;22;628034938;1928;170;2659;2666;9.85;0.61;203.21;3.61;731;22;877.00;7
1935;22;628034950;1935;174;2662;2666;9.79;0.60;203.40;3.61;727;22;878.00;4
1939;22;628034968;1939;174;2665;2670;9.73;0.60;203.76;3.62;726;22;879.00;5
1944;22;628034980;1944;174;2666;2670;9.71;0.60;203.83;3.62;722;22;880.00;4
1948;22;628034991;1948;176;2667;2670;9.64;0.59;204.40;3.62;719;22;881.00;3
1952;22;628035002;1952;177;2670;2673;9.60;0.59;204.61;3.63;718;22;882.00;3
1954;22;628035013;1954;179;2670;2673;9.61;0.59;204.76;3.63;716;22;883.00;3
1960;22;628035024;1960;185;2671;2673;9.64;0.59;204.97;3.63;711;22;884.00;2
1964;22;628035036;1964;188;2675;2677;9.71;0.60;205.36;3.62;711;22;885.00;2
1968;22;628035047;1968;191;2677;2678;9.89;0.61;205.39;3.62;709;22;886.00;1
1978;22;628035058;1978;194;2677;2678;9.97;0.61;205.57;3.62;699;22;887.00;1
1981;22;628035070;1981;193;2682;2682;10.05;0.61;205.51;3.62;701;22;888.00;0
1986;22;628035087;1986;196;2682;2682;10.05;0.61;205.57;3.62;696;22;889.00;0
1989;22;628035099;1989;197;2682;2682;10.05;0.61;205.79;3.62;693;22;890.00;0
1994;22;628035110;1994;197;2683;2683;10.09;0.62;205.93;3.62;689;22;891.00;0
2000;22;628035122;2000;201;2683;2683;10.03;0.61;205.98;3.62;683;22;892.00;0
2006;22;628035132;2006;202;2688;2689;9.96;0.61;205.98;3.61;682;22;893.00;1
2008;22;628035144;2008;207;2688;2689;9.94;0.61;206.16;3.61;680;22;894.00;1
2009;22;628035155;2009;202;2690;2690;9.96;0.61;206.22;3.61;681;22;895.00;0
2014;22;628035167;2014;208;2690;2690;9.97;0.61;206.49;3.61;676;22;896.00;0
2016;22;628035184;2016;199;2690;2690;10.00;0.61;206.60;3.61;674;22;897.00;0
2018;22;628035197;2018;189;2690;2690;10.06;0.62;206.98;3.61;672;22;898.00;0
2022;22;628035207;2022;184;2690;2690;10.08;0.62;207.08;3.61;668;22;899.00;0
2024;22;628035222;2024;185;2718;2736;10.04;0.62;207.12;3.57;694;22;900.00;18
2030;22;628035242;2030;171;2718;2736;10.07;0.62;207.23;3.57;688;22;901.00;18
2033;22;628035254;2033;168;2722;2736;10.19;0.62;207.29;3.57;689;22;902.00;14
2035;22;628035265;2035;163;2723;2736;10.30;0.63;207.41;3.57;688;22;903.00;13
2037;22;628035275;2037;169;2724;2736;10.34;0.63;207.50;3.57;687;22;904.00;12
2043;22;628035287;2043;168;2724;2736;10.34;0.63;207.44;3.57;681;22;905.00;12
2048;22;628035298;2048;154;2729;2740;10.37;0.63;207.39;3.57;681;22;906.00;11
2049;22;628035310;2049;146;2730;2740;10.42;0.63;207.49;3.57;681;22;907.00;10
2053;22;628035322;2053;130;2733;2744;10.44;0.63;207.57;3.57;680;22;908.00;11
2056;22;628035340;2056;129;2736;2745;10.53;0.64;207.66;3.57;680;22;909.00;9
2057;22;628035352;2057;121;2736;2745;10.66;0.65;207.75;3.57;679;22;910.00;9
2058;22;628035363;2058;118;2736;2745;10.71;0.65;207.85;3.57;678;22;911.00;9
2061;22;628035377;2061;116;2745;2758;10.80;0.66;207.93;3.56;684;22;912.00;13
2066;22;628035391;2066;115;2745;2758;10.87;0.66;208.00;3.56;679;22;913.00;13
2066;22;628035402;2066;115;2745;2758;10.94;0.67;208.00;3.56;679;22;914.00;13
2068;22;628035418;2068;118;2748;2759;11.02;0.67;208.15;3.57;680;22;915.00;11
2068;22;628035429;2068;120;2749;2760;11.06;0.67;208.15;3.57;681;22;916.00;11
2072;22;628035440;2072;120;2749;2760;11.10;0.68;208.44;3.57;677;22;917.00;11
2075;22;628035450;2075;120;2751;2763;11.12;0.68;208.39;3.56;676;22;918.00;12
2079;22;628035462;2079;125;2751;2763;11.14;0.68;208.51;3.56;672;22;919.00;12
2083;22;628035474;2083;127;2751;2763;11.10;0.67;208.76;3.56;668;22;920.00;12
2087;22;628035485;2087;135;2753;2763;10.98;0.67;208.86;3.58;666;22;921.00;10
2090;22;628035495;2090;129;2757;2769;11.00;0.67;208.80;3.57;667;22;922.00;12
2094;22;628035506;2094;129;2757;2769;11.01;0.67;208.91;3.57;663;22;923.00;12
2096;22;628035516;2096;128;2757;2769;11.07;0.67;209.12;3.57;661;22;924.00;12
2099;22;628035525;2099;130;2757;2769;11.13;0.68;209.19;3.57;658;22;925.00;12
2101;22;628035535;2101;131;2761;2773;11.12;0.68;209.37;3.57;660;22;926.00;12
2103;22;628035552;2103;135;2765;2774;11.18;0.68;209.30;3.59;662;22;927.00;9
2104;22;628035561;2104;138;2765;2774;11.25;0.69;209.41;3.59;661;22;928.00;9
2105;22;628035571;2105;141;2768;2775;11.34;0.69;209.47;3.60;663;22;929.00;7
2108;22;628035582;2108;145;2768;2775;11.34;0.69;209.56;3.60;660;22;930.00;7
2112;22;628035592;2112;149;2769;2775;11.33;0.69;209.72;3.61;657;22;931.00;6
2114;22;628035602;2114;149;2769;2775;11.34;0.69;209.79;3.61;655;22;932.00;6
2117;23;628035611;2117;147;2770;2775;11.36;0.69;209.88;3.61;653;23;933.00;5
2122;23;628035630;2122;147;2771;2775;11.31;0.69;209.91;3.61;649;23;934.00;4
2123;23;628035640;2123;149;2771;2775;11.41;0.70;209.89;3.61;648;23;935.00;4
2125;23;628035649;2125;158;2806;2845;11.21;0.69;209.83;3.58;681;23;936.00;39
2126;23;628035664;2126;158;2812;2846;11.24;0.69;209.93;3.59;686;23;937.00;34
2130;23;628035679;2130;152;2818;2846;11.34;0.69;210.05;3.58;688;23;938.00;28
2134;23;628035694;2134;155;2820;2846;11.35;0.69;210.08;3.58;686;23;939.00;26
2137;23;628035704;2137;159;2825;2846;11.43;0.70;210.01;3.58;688;23;940.00;21
2142;23;628035713;2142;165;2827;2846;11.49;0.70;209.92;3.58;685;23;941.00;19
2143;23;628035723;2143;165;2830;2846;11.63;0.71;209.85;3.59;687;23;942.00;16
2150;23;628035732;2150;167;2831;2846;11.69;0.71;209.80;3.59;681;23;943.00;15
2152;23;628035741;2152;170;2835;2847;11.74;0.71;209.74;3.59;683;23;944.00;12
2156;23;628035750;2156;171;2838;2849;11.66;0.71;209.66;3.59;682;23;945.00;11
2160;23;628035760;2160;174;2841;2849;11.58;0.70;209.73;3.60;681;23;946.00;8
2161;23;628035769;2161;174;2845;2853;11.51;0.70;209.71;3.60;684;23;947.00;8
2164;23;628035778;2164;177;2845;2853;11.46;0.70;209.66;3.60;681;23;948.00;8
2167;23;628035787;2167;177;2845;2853;11.31;0.69;209.57;3.60;678;23;949.00;8
2171;23;628035796;2171;175;2845;2853;11.20;0.68;209.50;3.60;674;23;950.00;8
2176;23;628035814;2176;178;2848;2859;11.12;0.67;209.31;3.60;672;23;951.00;11
2179;23;628035823;2179;171;2848;2859;11.07;0.67;209.20;3.60;669;23;952.00;11
2181;23;628035833;2181;167;2850;2859;11.02;0.67;209.08;3.60;669;23;953.00;9
2184;23;628035841;2184;163;2852;2862;11.02;0.67;209.01;3.60;668;23;954.00;10
2189;23;628035850;2189;164;2855;2862;10.95;0.67;208.84;3.61;666;23;955.00;7
2189;23;628035859;2189;164;2855;2862;11.06;0.67;208.84;3.61;666;23;956.00;7
2196;23;628035868;2196;170;2855;2863;11.08;0.67;208.77;3.61;659;23;957.00;8
2199;23;628035877;2199;166;2856;2864;11.10;0.67;208.71;3.61;657;23;958.00;8
2201;23;628035886;2201;170;2856;2864;11.09;0.67;208.61;3.61;655;23;959.00;8
2203;23;628035897;2203;170;2871;2890;10.97;0.67;208.56;3.59;668;23;960.00;19
2205;23;628035907;2205;164;2871;2890;10.88;0.66;208.39;3.59;666;23;961.00;19
2209;23;628035921;2209;166;2873;2890;10.86;0.66;208.34;3.59;664;23;962.00;17
2209;23;628035929;2209;168;2875;2891;10.91;0.67;208.34;3.59;666;23;963.00;16
2212;23;628035938;2212;171;2875;2891;10.95;0.67;208.19;3.59;663;23;964.00;16
2216;23;628035946;2216;177;2877;2895;11.03;0.67;207.99;3.58;661;23;965.00;18
2217;23;628035955;2217;178;2878;2895;11.06;0.67;208.00;3.58;661;23;966.00;17
2220;23;628035964;2220;181;2881;2899;10.96;0.67;207.85;3.58;661;23;967.00;18
2221;23;628035973;2221;183;2881;2899;10.90;0.66;207.87;3.58;660;23;968.00;18
2222;23;628035981;2222;185;2883;2899;10.84;0.66;207.83;3.61;661;23;969.00;16
2223;23;628035989;2223;189;2883;2899;10.73;0.65;207.88;3.61;660;23;970.00;16
2225;23;628035998;2225;187;2884;2899;10.56;0.64;207.92;3.62;659;23;971.00;15
2226;23;628036011;2226;193;2896;2911;10.40;0.63;207.93;3.62;670;23;972.00;15
2229;23;628036020;2229;194;2897;2911;10.32;0.63;207.89;3.62;668;23;973.00;14
2229;23;628036029;2229;197;2899;2911;10.21;0.62;207.89;3.63;670;23;974.00;12
2229;23;628036037;2229;202;2899;2911;10.14;0.62;207.89;3.63;670;23;975.00;12
2230;23;628036045;2230;207;2899;2911;10.06;0.61;207.88;3.63;669;23;976.00;12
2232;23;628036053;2232;219;2900;2911;10.01;0.61;207.88;3.63;668;23;977.00;11
2234;23;628036061;2234;223;2900;2912;9.92;0.61;207.90;3.63;666;23;978.00;12
2235;23;628036070;2235;218;2901;2912;9.83;0.60;207.91;3.64;666;23;979.00;11
2235;23;628036078;2235;211;2907;2918;9.77;0.60;207.91;3.65;672;23;980.00;11
2238;23;628036087;2238;212;2909;2919;9.79;0.60;207.89;3.65;671;23;981.00;10
2240;23;628036097;2240;211;2911;2919;9.69;0.59;207.79;3.66;671;23;982.00;8
2243;23;628036105;2243;209;2911;2919;9.67;0.59;207.78;3.66;668;23;983.00;8
2244;23;628036114;2244;208;2914;2923;9.67;0.59;207.77;3.66;670;23;984.00;9
2247;23;628036129;2247;202;2914;2923;9.65;0.59;207.68;3.66;667;23;985.00;9
2249;23;628036138;2249;204;2916;2923;9.64;0.58;207.65;3.67;667;23;986.00;7
2249;23;628036146;2249;200;2917;2924;9.66;0.59;207.65;3.67;668;23;987.00;7
2249;23;628036155;2249;205;2921;2928;9.68;0.59;207.65;3.67;672;23;988.00;7
2252;23;628036164;2252;209;2923;2928;9.69;0.59;207.54;3.68;671;23;989.00;5
2254;23;628036185;2254;208;2927;2934;9.62;0.58;207.59;3.68;673;23;990.00;7
2255;23;628036211;2255;207;2929;2934;9.54;0.58;207.51;3.67;674;23;991.00;5
2255;23;628036224;2255;208;2929;2934;9.48;0.58;207.51;3.67;674;23;992.00;5
2255;23;628036240;2255;206;2930;2934;9.51;0.58;207.51;3.67;675;23;993.00;4
2256;23;628036256;2256;207;2932;2938;9.51;0.58;207.47;3.67;676;23;994.00;6
2257;23;628036269;2257;207;2933;2938;9.46;0.58;207.55;3.67;676;23;995.00;5
2258;23;628036285;2258;212;2934;2938;9.41;0.58;207.58;3.67;676;23;996.00;4
2258;23;628036297;2258;211;2934;2938;9.35;0.58;207.58;3.67;676;23;997.00;4
2259;23;628036307;2259;217;2936;2939;9.25;0.57;207.56;3.67;677;23;998.00;3
2263;23;628036317;2263;217;2937;2940;9.11;0.56;207.41;3.67;674;23;999.00;3
2265;23;628036330;2265;214;2937;2940;9.01;0.56;207.37;3.67;672;23;1000.00;3
2267;23;628036346;2267;210;2938;2941;8.92;0.55;207.43;3.67;671;23;1001.00;3
2270;23;628036356;2270;212;2938;2941;8.86;0.54;207.43;3.67;668;23;1002.00;3
2273;23;628036366;2273;213;2938;2941;8.78;0.54;207.55;3.67;665;23;1003.00;3
2278;23;628036375;2278;208;2938;2941;8.70;0.53;207.57;3.67;660;23;1004.00;3
2279;23;628036384;2279;212;2938;2941;8.72;0.54;207.54;3.67;659;23;1005.00;3
2283;23;628036394;2283;207;2938;2941;8.68;0.53;207.58;3.67;655;23;1006.00;3
2286;23;628036403;2286;205;2938;2941;8.70;0.53;207.52;3.67;652;23;1007.00;3
2287;23;628036413;2287;230;3013;3068;8.84;0.55;207.53;3.58;726;23;1008.00;55
2291;23;628036432;2291;228;3018;3069;8.78;0.55;207.47;3.58;727;23;1009.00;51
2293;23;628036451;2293;218;3025;3069;8.82;0.55;207.48;3.57;732;23;1010.00;44
2294;23;628036461;2294;211;3031;3069;8.81;0.55;207.47;3.57;737;23;1011.00;38
2299;23;628036472;2299;209;3036;3069;8.75;0.54;207.44;3.57;737;23;1012.00;33
2303;23;628036482;2303;216;3041;3069;8.66;0.54;207.49;3.57;738;23;1013.00;28
2307;23;628036492;2307;215;3047;3069;8.55;0.53;207.41;3.58;740;23;1014.00;22
2315;23;628036502;2315;215;3049;3069;8.43;0.52;207.46;3.58;734;23;1015.00;20
2322;23;628036511;2322;219;3052;3070;8.38;0.52;207.65;3.58;730;23;1016.00;18
2325;23;628036521;2325;221;3053;3071;8.36;0.52;207.68;3.58;728;23;1017.00;18
2330;23;628036538;2330;221;3054;3071;8.33;0.51;207.68;3.59;724;23;1018.00;17
2334;23;628036548;2334;226;3056;3072;8.19;0.50;207.86;3.59;722;23;1019.00;16
2339;23;628036559;2339;216;3058;3072;8.03;0.49;207.99;3.59;719;23;1020.00;14
2342;23;628036570;2342;211;3058;3072;7.99;0.49;208.05;3.59;716;23;1021.00;14
2345;23;628036580;2345;215;3060;3072;7.94;0.49;208.15;3.60;715;23;1022.00;12
2348;23;628036599;2348;211;3062;3076;7.99;0.49;208.15;3.60;714;23;1023.00;14
2353;23;628036611;2353;208;3064;3076;8.03;0.49;208.24;3.61;711;23;1024.00;12
2359;23;628036622;2359;207;3065;3076;8.09;0.50;208.35;3.61;706;23;1025.00;11
2360;23;628036632;2360;205;3068;3079;8.30;0.51;208.32;3.62;708;23;1026.00;11
2365;23;628036642;2365;199;3069;3079;8.44;0.52;208.46;3.62;704;23;1027.00;10
2368;23;628036652;2368;188;3071;3079;8.61;0.53;208.60;3.63;703;23;1028.00;8
2370;23;628036663;2370;180;3077;3083;8.77;0.54;208.75;3.63;707;23;1029.00;6
2373;23;628036683;2373;170;3079;3084;9.06;0.55;208.84;3.62;706;23;1030.00;5
2376;23;628036694;2376;167;3079;3084;9.25;0.57;208.98;3.62;703;23;1031.00;5
2379;23;628036705;2379;167;3083;3088;9.46;0.58;209.21;3.62;704;23;1032.00;5
2384;23;628036717;2384;166;3083;3088;9.59;0.59;209.42;3.62;699;23;1033.00;5
2392;23;628036729;2392;166;3083;3088;9.63;0.59;209.60;3.62;691;23;1034.00;5
2394;23;628036740;2394;163;3085;3090;9.70;0.59;209.63;3.62;691;23;1035.00;5
2400;23;628036752;2400;158;3085;3090;9.75;0.59;209.84;3.62;685;23;1036.00;5
2402;23;628036764;2402;158;3090;3096;9.89;0.60;209.99;3.61;688;23;1037.00;6
2407;23;628036777;2407;153;3091;3096;10.01;0.61;210.28;3.61;684;23;1038.00;5
2412;23;628036788;2412;153;3092;3097;10.07;0.61;210.44;3.61;680;23;1039.00;5
2416;23;628036800;2416;153;3092;3097;10.19;0.62;210.55;3.61;676;23;1040.00;5
2421;24;628036813;2421;149;3092;3097;10.25;0.63;210.75;3.61;671;24;1041.00;5
2424;24;628036848;2424;148;3092;3097;10.32;0.63;210.87;3.61;668;24;1042.00;5
2428;24;628036867;2428;149;3092;3097;10.34;0.63;210.92;3.61;664;24;1043.00;5
2433;24;628036877;2433;152;3102;3109;10.42;0.63;210.99;3.60;669;24;1044.00;7
2437;24;628036890;2437;151;3103;3109;10.41;0.63;211.11;3.60;666;24;1045.00;6
2439;24;628036901;2439;153;3104;3109;10.47;0.64;211.10;3.60;665;24;1046.00;5
2445;24;628036912;2445;158;3104;3109;10.49;0.64;211.22;3.60;659;24;1047.00;5
2449;24;628036923;2449;161;3104;3109;10.56;0.64;211.48;3.60;655;24;1048.00;5
2454;24;628036934;2454;159;3104;3109;10.56;0.64;211.60;3.60;650;24;1049.00;5
2459;24;628036946;2459;163;3110;3115;10.49;0.64;211.83;3.59;651;24;1050.00;5
2459;24;628036958;2459;161;3110;3115;10.54;0.64;211.83;3.59;651;24;1051.00;5
2466;24;628036969;2466;163;3113;3119;10.52;0.64;212.07;3.59;647;24;1052.00;6
2467;24;628036981;2467;170;3115;3120;10.57;0.65;212.05;3.59;648;24;1053.00;5
2472;24;628036991;2472;171;3115;3120;10.53;0.64;212.09;3.59;643;24;1054.00;5
2477;24;628037002;2477;172;3115;3120;10.55;0.65;212.22;3.59;638;24;1055.00;5
2480;24;628037012;2480;174;3128;3133;10.54;0.64;212.36;3.57;648;24;1056.00;5
2487;24;628037024;2487;173;3128;3133;10.55;0.64;212.52;3.57;641;24;1057.00;5
2493;24;628037043;2493;177;3128;3133;10.55;0.64;212.66;3.57;635;24;1058.00;5
2494;24;628037054;2494;177;3129;3134;10.59;0.64;212.74;3.57;635;24;1059.00;5
2497;24;628037065;2497;178;3130;3135;10.61;0.65;212.86;3.57;633;24;1060.00;5
2501;24;628037076;2501;180;3130;3135;10.61;0.64;213.09;3.57;629;24;1061.00;5
2505;24;628037086;2505;181;3132;3138;10.62;0.64;213.23;3.57;627;24;1062.00;6
2507;24;628037097;2507;185;3132;3138;10.55;0.64;213.22;3.57;625;24;1063.00;6
2508;24;628037108;2508;184;3133;3138;10.43;0.63;213.26;3.57;625;24;1064.00;5
2509;24;628037118;2509;191;3133;3138;10.30;0.62;213.37;3.57;624;24;1065.00;5
2516;24;628037127;2516;197;3138;3144;10.12;0.61;213.63;3.57;622;24;1066.00;6
2520;24;628037138;2520;189;3138;3144;9.99;0.61;213.89;3.57;618;24;1067.00;6
2522;24;628037149;2522;186;3139;3144;9.91;0.60;214.02;3.57;617;24;1068.00;5
2524;24;628037159;2524;188;3139;3144;9.90;0.60;214.09;3.57;615;24;1069.00;5
2527;24;628037168;2527;189;3143;3148;9.83;0.60;214.39;3.56;616;24;1070.00;5
2531;24;628037179;2531;190;3144;3149;9.83;0.60;214.33;3.56;613;24;1071.00;5
2534;24;628037191;2534;195;3144;3149;9.86;0.60;214.54;3.56;610;24;1072.00;5
2537;24;628037201;2537;191;3145;3150;9.81;0.60;214.60;3.56;608;24;1073.00;5
2539;24;628037210;2539;184;3145;3150;9.85;0.60;214.59;3.56;606;24;1074.00;5
2543;24;628037221;2543;186;3145;3150;9.86;0.60;214.75;3.56;602;24;1075.00;5
2547;24;628037231;2547;175;3145;3150;9.88;0.60;214.58;3.56;598;24;1076.00;5
2547;24;628037241;2547;165;3145;3150;9.90;0.60;214.58;3.56;598;24;1077.00;5
2548;24;628037250;2548;155;3145;3150;9.99;0.61;214.66;3.56;597;24;1078.00;5
2551;24;628037259;2551;146;3145;3150;9.95;0.61;214.64;3.56;594;24;1079.00;5
2554;24;628037270;2554;169;3221;3275;9.71;0.60;214.86;3.48;667;24;1080.00;54
2558;24;628037289;2558;157;3225;3276;9.73;0.60;214.86;3.47;667;24;1081.00;51
2559;24;628037300;2559;138;3232;3276;9.84;0.61;214.92;3.47;673;24;1082.00;44
2562;24;628037310;2562;136;3233;3276;9.91;0.61;214.98;3.47;671;24;1083.00;43
2567;24;628037319;2567;132;3235;3276;9.99;0.61;214.96;3.47;668;24;1084.00;41
2570;24;628037330;2570;128;3239;3276;10.04;0.62;215.11;3.47;669;24;1085.00;37
2571;24;628037340;2571;130;3243;3276;10.15;0.62;215.11;3.48;672;24;1086.00;33
2574;24;628037350;2574;135;3243;3276;10.20;0.63;215.10;3.48;669;24;1087.00;33
2574;24;628037360;2574;130;3248;3277;10.23;0.63;215.10;3.48;674;24;1088.00;29
2577;24;628037381;2577;129;3250;3278;10.14;0.63;214.97;3.49;673;24;1089.00;28
2580;24;628037391;2580;131;3255;3278;10.14;0.62;215.06;3.49;675;24;1090.00;23
2583;24;628037401;2583;135;3260;3282;10.11;0.62;214.98;3.49;677;24;1091.00;22
2585;24;628037419;2585;140;3262;3282;10.03;0.62;214.98;3.50;677;24;1092.00;20
2588;24;628037429;2588;141;3262;3282;9.99;0.61;215.02;3.50;674;24;1093.00;20
2589;24;628037446;2589;145;3263;3282;9.98;0.61;214.99;3.50;674;24;1094.00;19
2594;24;628037455;2594;150;3267;3288;9.98;0.61;214.94;3.50;673;24;1095.00;21
2595;24;628037466;2595;151;3267;3288;10.08;0.62;214.89;3.50;672;24;1096.00;21
2595;24;628037475;2595;156;3268;3288;10.12;0.62;214.89;3.50;673;24;1097.00;20
2596;24;628037489;2596;160;3270;3291;10.19;0.62;214.88;3.49;674;24;1098.00;21
2596;24;628037499;2596;164;3271;3291;10.21;0.63;214.88;3.49;675;24;1099.00;20
2602;24;628037509;2602;162;3271;3291;10.21;0.62;215.10;3.49;669;24;1100.00;20
2605;24;628037527;2605;164;3272;3292;10.23;0.62;215.16;3.49;667;24;1101.00;20
2607;24;628037536;2607;164;3274;3293;10.27;0.63;215.13;3.54;667;24;1102.00;19
2611;25;628037545;2611;166;3274;3293;10.25;0.63;215.00;3.54;663;25;1103.00;19
2616;25;628037562;2616;176;3284;3306;10.18;0.62;214.77;3.53;668;25;1104.00;22
2618;25;628037571;2618;175;3284;3306;10.18;0.62;214.68;3.53;666;25;1105.00;22
2619;25;628037585;2619;177;3284;3306;10.23;0.63;214.68;3.53;665;25;1106.00;22
2620;25;628037594;2620;180;3285;3307;10.33;0.63;214.66;3.53;665;25;1107.00;22
2620;25;628037602;2620;181;3285;3307;10.41;0.64;214.66;3.53;665;25;1108.00;22
2622;25;628037611;2622;182;3289;3311;10.45;0.64;214.59;3.53;667;25;1109.00;22
2626;25;628037621;2626;182;3289;3311;10.53;0.64;214.50;3.53;663;25;1110.00;22
2629;25;628037641;2629;185;3292;3315;10.59;0.65;214.38;3.52;663;25;1111.00;23
2630;25;628037650;2630;184;3292;3315;10.69;0.65;214.33;3.52;662;25;1112.00;23
2632;25;628037659;2632;185;3292;3315;10.79;0.66;214.56;3.52;660;25;1113.00;23
2635;25;628037667;2635;183;3292;3315;10.83;0.66;214.54;3.52;657;25;1114.00;23
2639;25;628037675;2639;185;3292;3315;10.86;0.66;214.36;3.52;653;25;1115.00;23
2641;25;628037683;2641;186;3302;3327;10.90;0.66;214.29;3.51;661;25;1116.00;25
2645;25;628037692;2645;188;3303;3327;10.89;0.66;214.19;3.56;658;25;1117.00;24
2647;25;628037700;2647;188;3304;3327;10.87;0.66;214.08;3.56;657;25;1118.00;23
2650;25;628037708;2650;185;3304;3327;10.89;0.66;213.96;3.56;654;25;1119.00;23
2651;25;628037717;2651;183;3305;3327;10.92;0.67;213.89;3.61;654;25;1120.00;22
2653;25;628037725;2653;183;3305;3327;10.92;0.66;213.91;3.61;652;25;1121.00;22
2653;25;628037733;2653;178;3306;3328;10.87;0.66;213.91;3.64;653;25;1122.00;22
2655;25;628037741;2655;179;3306;3328;10.91;0.66;213.93;3.64;651;25;1123.00;22
2657;25;628037759;2657;178;3310;3334;10.95;0.67;213.88;3.64;653;25;1124.00;24
2659;25;628037768;2659;174;3315;3336;10.87;0.66;213.82;3.68;656;25;1125.00;21
2661;25;628037777;2661;173;3316;3336;10.85;0.66;213.79;3.68;655;25;1126.00;20
2662;25;628037785;2662;173;3316;3336;10.90;0.66;213.75;3.68;654;25;1127.00;20
2664;25;628037793;2664;176;3319;3340;10.94;0.67;213.73;3.69;655;25;1128.00;21
2667;25;628037802;2667;169;3319;3340;10.96;0.67;213.74;3.69;652;25;1129.00;21
2669;25;628037811;2669;169;3319;3340;11.01;0.67;213.71;3.69;650;25;1130.00;21
2674;25;628037819;2674;159;3321;3341;11.06;0.67;213.59;3.71;647;25;1131.00;20
2674;25;628037828;2674;149;3324;3345;11.19;0.68;213.59;3.70;650;25;1132.00;21
2674;25;628037837;2674;142;3325;3345;11.34;0.69;213.59;3.72;651;25;1133.00;20
2674;25;628037846;2674;133;3327;3348;11.52;0.70;213.59;3.72;653;25;1134.00;21
2676;25;628037855;2676;127;3329;3348;11.59;0.70;213.58;3.73;653;25;1135.00;19
2677;25;628037865;2677;118;3329;3348;11.74;0.71;213.55;3.73;652;25;1136.00;19
2679;25;628037874;2679;115;3331;3348;11.79;0.71;213.61;3.76;652;25;1137.00;17
2682;25;628037892;2682;111;3334;3352;11.77;0.71;213.62;3.76;652;25;1138.00;18
2685;25;628037902;2685;106;3334;3352;11.82;0.72;213.46;3.76;649;25;1139.00;18
2685;25;628037913;2685;103;3337;3352;11.80;0.72;213.46;3.79;652;25;1140.00;15
2685;25;628037929;2685;99;3337;3352;11.76;0.71;213.46;3.79;652;25;1141.00;15
2686;25;628037944;2686;103;3338;3353;11.75;0.71;213.48;3.79;652;25;1142.00;15
2690;25;628037953;2690;106;3340;3354;11.75;0.71;213.41;3.81;650;25;1143.00;14
2690;25;628037963;2690;112;3340;3354;11.71;0.71;213.41;3.81;650;25;1144.00;14
2691;25;628037972;2691;114;3341;3355;11.69;0.71;213.48;3.81;650;25;1145.00;14
2692;25;628037981;2692;114;3341;3355;11.66;0.71;213.48;3.81;649;25;1146.00;14
2693;25;628037990;2693;118;3341;3355;11.64;0.71;213.50;3.81;648;25;1147.00;14
2694;25;628037999;2694;129;3341;3355;11.67;0.71;213.50;3.81;647;25;1148.00;14
2696;25;628038008;2696;138;3341;3355;11.71;0.71;213.46;3.81;645;25;1149.00;14
2698;25;628038018;2698;145;3343;3355;11.60;0.71;213.45;3.83;645;25;1150.00;12
2700;25;628038027;2700;146;3343;3355;11.55;0.70;213.44;3.83;643;25;1151.00;12
2703;25;628038036;2703;167;3411;3482;11.26;0.69;213.47;3.75;708;25;1152.00;71
2705;25;628038054;2705;161;3417;3483;11.11;0.68;213.42;3.77;712;25;1153.00;66
2708;25;628038064;2708;163;3424;3483;11.04;0.68;213.70;3.76;716;25;1154.00;59
2711;25;628038073;2711;164;3431;3483;10.95;0.67;213.68;3.77;720;25;1155.00;52
2714;25;628038083;2714;166;3439;3483;10.82;0.67;213.81;3.77;725;25;1156.00;44
2716;25;628038092;2716;172;3444;3483;10.75;0.66;213.85;3.78;728;25;1157.00;39
2721;25;628038102;2721;172;3449;3483;10.60;0.65;214.08;3.78;728;25;1158.00;34
2723;25;628038111;2723;174;3453;3483;10.43;0.64;213.95;3.79;730;25;1159.00;30
2726;25;628038120;2726;180;3458;3484;10.40;0.64;213.94;3.80;732;25;1160.00;26
2730;25;628038129;2730;182;3460;3485;10.28;0.63;214.04;3.80;730;25;1161.00;25
2731;25;628038144;2731;188;3463;3485;10.25;0.63;214.04;3.81;732;25;1162.00;22
2734;25;628038153;2734;200;3464;3486;10.09;0.62;214.00;3.81;730;25;1163.00;22
2737;25;628038163;2737;206;3466;3486;9.95;0.61;213.96;3.82;729;25;1164.00;20
2739;25;628038172;2739;212;3469;3486;9.84;0.60;214.02;3.82;730;25;1165.00;17
2741;25;628038185;2741;218;3472;3486;9.71;0.60;213.99;3.83;731;25;1166.00;14
2746;25;628038199;2746;228;3475;3490;9.50;0.58;213.84;3.83;729;25;1167.00;15
2749;25;628038224;2749;235;3478;3490;9.36;0.57;213.79;3.84;729;25;1168.00;12
2750;25;628038239;2750;240;3478;3490;9.17;0.56;213.82;3.84;728;25;1169.00;12
2753;25;628038258;2753;246;3482;3496;8.96;0.55;213.89;3.84;729;25;1170.00;14
2756;25;628038273;2756;245;3482;3496;8.81;0.54;213.82;3.84;726;25;1171.00;14
2759;25;628038288;2759;247;3483;3496;8.63;0.53;213.79;3.84;724;25;1172.00;13
2762;25;628038299;2762;249;3487;3500;8.51;0.52;213.77;3.84;725;25;1173.00;13
2763;25;628038310;2763;252;3489;3501;8.51;0.52;213.76;3.84;726;25;1174.00;12
2766;25;628038320;2766;253;3489;3501;8.52;0.53;213.73;3.84;723;25;1175.00;12
2768;25;628038330;2768;252;3494;3505;8.61;0.53;213.74;3.84;726;25;1176.00;11
2771;25;628038341;2771;255;3494;3505;8.66;0.53;213.76;3.84;723;25;1177.00;11
2774;25;628038352;2774;249;3495;3505;8.77;0.54;213.71;3.84;721;25;1178.00;10
2778;25;628038361;2778;249;3496;3506;8.84;0.54;213.83;3.84;718;25;1179.00;10
2781;25;628038374;2781;246;3497;3506;8.93;0.55;213.80;3.84;716;25;1180.00;9
2783;25;628038392;2783;249;3501;3512;8.97;0.55;213.79;3.84;718;25;1181.00;11
2789;25;628038403;2789;250;3502;3512;8.93;0.55;213.90;3.84;713;25;1182.00;10
2793;25;628038419;2793;248;3503;3513;8.87;0.54;213.93;3.84;710;25;1183.00;10
2798;25;628038429;2798;247;3504;3513;8.88;0.54;213.99;3.84;706;25;1184.00;9
2802;25;628038439;2802;241;3504;3513;8.87;0.54;214.07;3.84;702;25;1185.00;9
2807;25;628038448;2807;238;3505;3513;8.89;0.54;213.98;3.84;698;25;1186.00;8
2812;25;628038458;2812;233;3505;3513;8.79;0.54;214.13;3.84;693;25;1187.00;8
2815;25;628038469;2815;234;3517;3525;8.79;0.54;214.28;3.83;702;25;1188.00;8
2819;25;628038479;2819;229;3517;3525;8.74;0.54;214.58;3.83;698;25;1189.00;8
2826;25;628038488;2826;218;3517;3525;8.71;0.53;214.66;3.83;691;25;1190.00;8
2830;25;628038497;2830;218;3517;3525;8.73;0.54;214.84;3.83;687;25;1191.00;8
2835;25;628038506;2835;214;3517;3525;8.75;0.54;215.10;3.83;682;25;1192.00;8
2838;25;628038516;2838;209;3517;3525;8.85;0.54;215.23;3.83;679;25;1193.00;8
2844;25;628038526;2844;207;3521;3529;8.86;0.54;215.47;3.82;677;25;1194.00;8
2848;25;628038536;2848;203;3521;3529;8.99;0.55;215.65;3.82;673;25;1195.00;8
2853;25;628038545;2853;199;3524;3533;9.17;0.56;215.69;3.82;671;25;1196.00;9
2857;25;628038555;2857;195;3525;3534;9.33;0.57;215.72;3.82;668;25;1197.00;9
2861;25;628038565;2861;187;3526;3534;9.50;0.58;215.88;3.82;665;25;1198.00;8
2868;25;628038574;2868;182;3526;3534;9.62;0.59;216.11;3.82;658;25;1199.00;8
2873;25;628038586;2873;180;3549;3575;9.64;0.59;216.25;3.80;676;25;1200.00;26
2877;25;628038606;2877;175;3550;3575;9.70;0.59;216.41;3.79;673;25;1201.00;25
2883;25;628038616;2883;176;3553;3575;9.74;0.59;216.44;3.79;670;25;1202.00;22
2886;25;628038626;2886;169;3555;3576;9.80;0.60;216.54;3.79;669;25;1203.00;21
2888;25;628038636;2888;172;3558;3577;9.81;0.60;216.64;3.79;670;25;1204.00;19
2891;25;628038646;2891;173;3560;3577;9.89;0.60;216.66;3.79;669;25;1205.00;17
2896;25;628038656;2896;173;3562;3580;9.98;0.61;216.70;3.79;666;25;1206.00;18
2903;25;628038666;2903;171;3563;3580;10.00;0.61;216.81;3.79;660;25;1207.00;17
2908;25;628038676;2908;172;3564;3580;9.97;0.61;216.90;3.79;656;25;1208.00;16
2913;25;628038686;2913;171;3564;3580;9.95;0.61;216.89;3.79;651;25;1209.00;16
2918;25;628038695;2918;180;3570;3586;9.96;0.61;216.97;3.79;652;25;1210.00;16
2921;25;628038706;2921;179;3572;3586;9.91;0.61;217.15;3.79;651;25;1211.00;14
2924;25;628038717;2924;174;3572;3586;9.87;0.60;217.31;3.79;648;25;1212.00;14
2930;25;628038732;2930;173;3572;3586;9.76;0.60;217.27;3.79;642;25;1213.00;14
2933;25;628038744;2933;173;3576;3590;9.65;0.59;217.31;3.79;643;25;1214.00;14
2937;25;628038753;2937;169;3578;3592;9.57;0.59;217.20;3.78;641;25;1215.00;14
2939;25;628038763;2939;162;3578;3592;9.53;0.59;217.29;3.78;639;25;1216.00;14
2943;25;628038773;2943;168;3581;3593;9.51;0.58;217.30;3.82;638;25;1217.00;12
2945;25;628038783;2945;170;3581;3593;9.48;0.58;217.33;3.82;636;25;1218.00;12
2951;25;628038793;2951;178;3581;3593;9.50;0.58;217.30;3.82;630;25;1219.00;12
2957;25;628038804;2957;180;3581;3593;9.43;0.58;217.36;3.82;624;25;1220.00;12
2960;25;628038814;2960;180;3581;3593;9.40;0.57;217.27;3.82;621;25;1221.00;12
2962;25;628038824;2962;190;3582;3593;9.38;0.57;217.34;3.83;620;25;1222.00;11
2965;25;628038835;2965;192;3582;3593;9.30;0.57;217.19;3.83;617;25;1223.00;11
2966;25;628038844;2966;208;3622;3663;9.10;0.56;217.19;3.79;656;25;1224.00;41
2969;25;628038860;2969;208;3623;3664;9.04;0.55;217.20;3.79;654;25;1225.00;41
2971;25;628038870;2971;203;3627;3664;9.14;0.56;217.28;3.78;656;25;1226.00;37
2972;25;628038880;2972;200;3628;3664;9.16;0.56;217.28;3.78;656;25;1227.00;36
2975;25;628038890;2975;207;3632;3666;9.20;0.56;217.23;3.79;657;25;1228.00;34
2979;25;628038899;2979;211;3637;3666;9.19;0.56;217.29;3.83;658;25;1229.00;29
2980;25;628038911;2980;219;3640;3666;9.18;0.56;217.27;3.83;660;25;1230.00;26
2982;25;628038921;2982;220;3643;3666;9.13;0.56;217.28;3.84;661;25;1231.00;23
2984;25;628038930;2984;230;3646;3667;8.98;0.55;217.37;3.84;662;25;1232.00;21
2987;25;628038941;2987;239;3648;3668;8.78;0.54;217.34;3.84;661;25;1233.00;20
2989;25;628038951;2989;240;3652;3668;8.73;0.54;217.35;3.85;663;25;1234.00;16
2991;25;628038961;2991;244;3657;3672;8.65;0.53;217.45;3.86;666;25;1235.00;15
2992;25;628038973;2992;256;3661;3672;8.56;0.53;217.45;3.86;669;25;1236.00;11
2996;25;628038983;2996;250;3661;3672;8.51;0.52;217.69;3.86;665;25;1237.00;11
2999;25;628038993;2999;250;3662;3672;8.50;0.52;217.71;3.86;663;25;1238.00;10
3001;25;628039003;3001;252;3668;3678;8.49;0.52;217.74;3.86;667;25;1239.00;10
3002;25;628039014;3002;253;3669;3678;8.49;0.52;217.80;3.86;667;25;1240.00;9
3006;25;628039023;3006;249;3669;3678;8.50;0.52;217.82;3.86;663;25;1241.00;9
3008;25;628039035;3008;252;3672;3681;8.50;0.52;217.97;3.86;664;25;1242.00;9
3010;25;628039050;3010;242;3672;3681;8.48;0.52;217.95;3.86;662;25;1243.00;9
3012;25;628039060;3012;248;3672;3681;8.51;0.52;217.84;3.86;660;25;1244.00;9
3015;25;628039077;3015;245;3673;3682;8.46;0.51;217.78;3.86;658;25;1245.00;9
3016;25;628039093;3016;237;3674;3683;8.53;0.52;217.79;3.85;658;25;1246.00;9
3019;25;628039104;3019;222;3674;3683;8.58;0.52;217.82;3.85;655;25;1247.00;9
3019;25;628039114;3019;216;3686;3696;8.77;0.53;217.82;3.84;667;25;1248.00;10
3020;25;628039125;3020;205;3687;3696;8.89;0.54;217.86;3.84;667;25;1249.00;9
3024;25;628039135;3024;199;3687;3696;8.97;0.54;217.95;3.84;663;25;1250.00;9
3025;25;628039146;3025;192;3688;3697;9.12;0.55;217.96;3.84;663;25;1251.00;9
3027;25;628039156;3027;183;3688;3697;9.25;0.56;217.88;3.84;661;25;1252.00;9
3028;25;628039166;3028;177;3691;3701;9.40;0.57;217.88;3.84;663;25;1253.00;10
3031;25;628039177;3031;174;3691;3701;9.54;0.58;218.03;3.84;660;25;1254.00;10
3033;25;628039189;3033;175;3696;3705;9.61;0.58;217.98;3.83;663;25;1255.00;9
3035;25;628039200;3035;180;3696;3705;9.65;0.59;217.94;3.83;661;25;1256.00;9
3037;25;628039210;3037;179;3696;3705;9.68;0.59;218.00;3.83;659;25;1257.00;9
3039;25;628039230;3039;181;3696;3705;9.62;0.58;217.96;3.83;657;25;1258.00;9
3042;25;628039239;3042;174;3696;3705;9.55;0.58;218.02;3.83;654;25;1259.00;9
3043;25;628039251;3043;185;3719;3739;9.59;0.59;218.01;3.81;676;25;1260.00;20
3043;25;628039262;3043;183;3719;3739;9.69;0.59;218.01;3.81;676;25;1261.00;20
3044;25;628039271;3044;185;3720;3739;9.80;0.60;217.98;3.81;676;25;1262.00;19
3044;25;628039280;3044;183;3720;3739;9.83;0.60;217.98;3.81;676;25;1263.00;19
3047;25;628039289;3047;186;3722;3739;9.90;0.60;217.90;3.81;675;25;1264.00;17
3047;25;628039304;3047;183;3723;3739;9.93;0.61;217.90;3.81;676;25;1265.00;16
3051;25;628039319;3051;183;3724;3740;9.93;0.61;217.72;3.81;673;25;1266.00;16
3053;25;628039328;3053;183;3724;3740;10.06;0.62;217.61;3.81;671;25;1267.00;16
3060;25;628039337;3060;188;3729;3746;10.05;0.61;217.47;3.81;669;25;1268.00;17
3063;25;628039347;3063;188;3730;3747;10.14;0.62;217.32;3.81;667;25;1269.00;17
3065;25;628039355;3065;190;3731;3747;10.12;0.62;217.33;3.81;666;25;1270.00;16
3066;25;628039364;3066;189;3731;3747;10.08;0.61;217.28;3.81;665;25;1271.00;16
3067;25;628039373;3067;190;3735;3751;10.06;0.61;217.29;3.81;668;25;1272.00;16
3068;25;628039387;3068;192;3735;3751;10.00;0.61;217.28;3.81;667;25;1273.00;16
3070;25;628039402;3070;194;3735;3751;9.96;0.61;217.23;3.81;665;25;1274.00;16
3070;25;628039425;3070;201;3736;3752;9.97;0.61;217.23;3.81;666;25;1275.00;16
3072;25;628039440;3072;200;3739;3756;9.94;0.61;217.22;3.80;667;25;1276.00;17
3073;25;628039449;3073;198;3739;3756;9.98;0.61;217.18;3.80;666;25;1277.00;17
3076;25;628039458;3076;201;3741;3759;9.95;0.61;217.04;3.80;665;25;1278.00;18
3076;25;628039467;3076;204;3741;3759;9.97;0.61;217.04;3.80;665;25;1279.00;18
3078;25;628039476;3078;206;3742;3759;10.01;0.61;217.07;3.80;664;25;1280.00;17
3080;25;628039486;3080;208;3742;3759;10.06;0.61;217.22;3.80;662;25;1281.00;17
3083;25;628039495;3083;207;3745;3763;10.05;0.61;217.23;3.80;662;25;1282.00;18
3084;25;628039505;3084;192;3745;3763;10.07;0.61;217.19;3.80;661;25;1283.00;18
3085;25;628039513;3085;179;3746;3763;10.16;0.62;217.20;3.80;661;25;1284.00;17
3088;25;628039522;3088;170;3746;3763;10.21;0.62;217.21;3.80;658;25;1285.00;17
3088;25;628039530;3088;167;3746;3764;10.30;0.62;217.21;3.80;658;25;1286.00;18
3089;25;628039539;3089;165;3747;3765;10.39;0.63;217.23;3.80;658;25;1287.00;18
3091;25;628039548;3091;156;3747;3765;10.44;0.63;217.22;3.80;656;25;1288.00;18
3092;25;628039556;3092;147;3748;3766;10.57;0.64;217.22;3.80;656;25;1289.00;18
3096;25;628039567;3096;145;3748;3766;10.61;0.64;217.14;3.80;652;25;1290.00;18
3097;25;628039582;3097;141;3748;3766;10.72;0.65;217.13;3.80;651;25;1291.00;18
3098;25;628039590;3098;128;3748;3766;10.79;0.65;217.15;3.80;650;25;1292.00;18
3098;25;628039599;3098;122;3749;3766;10.88;0.66;217.15;3.85;651;25;1293.00;17
3098;25;628039608;3098;110;3750;3766;10.96;0.66;217.15;3.86;652;25;1294.00;16
3100;25;628039616;3100;109;3751;3766;11.06;0.67;217.13;3.87;651;25;1295.00;15
3102;25;628039625;3102;115;3810;3893;11.04;0.68;217.08;3.81;708;25;1296.00;83
3104;25;628039650;3104;107;3810;3894;11.18;0.69;217.04;3.81;706;25;1297.00;84
3108;25;628039660;3108;95;3816;3894;11.36;0.70;216.98;3.81;708;25;1298.00;78
3112;25;628039670;3112;97;3819;3894;11.50;0.71;216.90;3.81;707;25;1299.00;75
3113;25;628039680;3113;97;3823;3894;11.60;0.71;216.89;3.81;710;25;1300.00;71
3116;25;628039693;3116;92;3826;3894;11.66;0.72;216.84;3.81;710;25;1301.00;68
3116;25;628039703;3116;86;3829;3894;11.76;0.72;216.84;3.81;713;25;1302.00;65
3117;25;628039712;3117;85;3832;3894;11.85;0.73;216.87;3.81;715;25;1303.00;62
3122;25;628039722;3122;83;3835;3895;11.88;0.73;216.90;3.81;713;25;1304.00;60
3124;25;628039732;3124;86;3839;3897;11.91;0.73;216.90;3.82;715;25;1305.00;58
3126;25;628039742;3126;85;3841;3897;11.95;0.73;216.87;3.82;715;25;1306.00;56
3129;25;628039751;3129;89;3845;3898;11.92;0.73;216.82;3.83;716;25;1307.00;53
3132;25;628039762;3132;89;3849;3898;11.84;0.73;216.80;3.89;717;25;1308.00;49
3136;25;628039772;3136;96;3852;3898;11.78;0.72;216.82;3.90;716;25;1309.00;46
3140;25;628039782;3140;100;3856;3898;11.63;0.71;216.84;3.91;716;25;1310.00;42
3146;25;628039792;3146;106;3860;3902;11.58;0.71;216.77;3.92;714;25;1311.00;42
3147;25;628039801;3147;111;3866;3902;11.56;0.70;216.86;3.94;719;25;1312.00;36
3151;25;628039812;3151;116;3868;3902;11.48;0.70;216.94;3.94;717;25;1313.00;34
3153;25;628039822;3153;121;3872;3905;11.42;0.70;216.88;3.94;719;25;1314.00;33
3158;25;628039832;3158;128;3874;3905;11.34;0.69;216.91;3.95;716;25;1315.00;31
3159;25;628039844;3159;136;3877;3905;11.28;0.69;216.93;3.98;718;25;1316.00;28
3162;25;628039859;3162;142;3881;3909;11.15;0.68;217.12;3.98;719;25;1317.00;28
3164;25;628039870;3164;148;3884;3910;11.10;0.67;217.14;3.99;720;25;1318.00;26
3167;25;628039880;3167;154;3886;3910;11.03;0.67;217.04;3.99;719;25;1319.00;24
3169;25;628039892;3169;161;3890;3915;10.96;0.66;217.04;3.99;721;25;1320.00;25
3172;25;628039903;3172;168;3892;3915;10.86;0.66;217.14;4.00;720;25;1321.00;23
3174;25;628039914;3174;173;3892;3915;10.78;0.65;217.29;4.00;718;25;1322.00;23
3175;25;628039924;3175;180;3895;3916;10.74;0.65;217.30;4.02;720;25;1323.00;21
3179;25;628039935;3179;180;3895;3916;10.69;0.65;217.32;4.02;716;25;1324.00;21
3182;25;628039945;3182;186;3899;3922;10.68;0.65;217.35;4.01;717;25;1325.00;23
3183;25;628039956;3183;185;3901;3922;10.53;0.64;217.33;4.03;718;25;1326.00;21
3186;25;628039966;3186;195;3902;3923;10.40;0.63;217.35;4.03;716;25;1327.00;21
3189;25;628039977;3189;198;3903;3923;10.28;0.62;217.38;4.04;714;25;1328.00;20
3189;25;628039986;3189;198;3904;3923;10.20;0.62;217.38;4.04;715;25;1329.00;19
3191;25;628039996;3191;198;3904;3923;10.13;0.62;217.48;4.04;713;25;1330.00;19
3195;25;628040006;3195;204;3904;3923;10.13;0.62;217.38;4.04;709;25;1331.00;19
3200;25;628040016;3200;207;3915;3935;10.15;0.62;217.40;4.03;715;25;1332.00;20
3203;25;628040028;3203;209;3916;3935;10.06;0.61;217.52;4.04;713;25;1333.00;19
3205;25;628040038;3205;215;3918;3935;9.97;0.61;217.53;4.05;713;25;1334.00;17
3207;25;628040048;3207;216;3921;3935;9.84;0.60;217.59;4.07;714;25;1335.00;14
3210;25;628040058;3210;221;3922;3935;9.65;0.59;217.58;4.07;712;25;1336.00;13
3211;25;628040068;3211;230;3924;3935;9.46;0.58;217.55;4.07;713;25;1337.00;11
3212;25;628040077;3212;232;3927;3939;9.37;0.57;217.55;4.07;715;25;1338.00;12
3215;25;628040087;3215;232;3928;3939;9.34;0.57;217.50;4.07;713;25;1339.00;11
3219;25;628040097;3219;239;3931;3943;9.33;0.57;217.65;4.07;712;25;1340.00;12
3220;25;628040107;3220;237;3932;3944;9.31;0.57;217.64;4.07;712;25;1341.00;12
3223;25;628040117;3223;235;3933;3944;9.28;0.56;217.74;4.07;710;25;1342.00;11
3224;25;628040127;3224;236;3933;3944;9.20;0.56;217.67;4.07;709;25;1343.00;11
3227;25;628040136;3227;233;3946;3957;9.15;0.56;217.69;4.05;719;25;1344.00;11
3229;25;628040147;3229;232;3946;3957;9.16;0.56;217.69;4.05;717;25;1345.00;11
3231;25;628040157;3231;236;3946;3957;9.19;0.56;217.80;4.05;715;25;1346.00;11
3234;25;628040166;3234;235;3947;3958;9.23;0.57;217.90;4.05;713;25;1347.00;11
3236;25;628040176;3236;236;3948;3959;9.26;0.57;217.99;4.05;712;25;1348.00;11
3238;25;628040189;3238;230;3948;3959;9.36;0.57;217.96;4.05;710;25;1349.00;11
3242;25;628040205;3242;228;3951;3968;9.39;0.58;218.00;4.05;709;25;1350.00;17
3245;25;628040223;3245;233;3952;3968;9.39;0.58;217.99;4.05;707;25;1351.00;16
3249;25;628040240;3249;227;3953;3968;9.32;0.57;218.01;4.05;704;25;1352.00;15
3255;25;628040253;3255;234;3953;3968;9.24;0.57;218.35;4.05;698;25;1353.00;15
3258;25;628040267;3258;234;3958;3974;9.17;0.56;218.49;4.05;700;25;1354.00;16
3265;25;628040282;3265;231;3958;3974;9.08;0.56;218.70;4.05;693;25;1355.00;16
3269;25;628040296;3269;227;3959;3974;8.94;0.55;218.69;4.05;690;25;1356.00;15
3274;25;628040307;3274;231;3959;3974;8.84;0.55;218.76;4.05;685;25;1357.00;15
3277;25;628040317;3277;232;3965;3978;8.75;0.54;218.89;4.04;688;25;1358.00;13
3281;25;628040327;3281;230;3967;3979;8.72;0.54;219.10;4.04;686;25;1359.00;12
3288;25;628040336;3288;225;3967;3979;8.66;0.54;219.26;4.04;679;25;1360.00;12
3292;25;628040347;3292;225;3968;3980;8.65;0.53;219.30;4.04;676;25;1361.00;12
3298;25;628040357;3298;223;3968;3980;8.60;0.53;219.48;4.04;670;25;1362.00;12
3303;25;628040366;3303;222;3968;3980;8.58;0.53;219.41;4.04;665;25;1363.00;12
3307;25;628040375;3307;225;3968;3980;8.56;0.53;219.60;4.04;661;25;1364.00;12
3313;25;628040384;3313;224;3968;3980;8.48;0.52;219.74;4.04;655;25;1365.00;12
3315;25;628040400;3315;222;3968;3980;8.49;0.52;219.67;4.04;653;25;1366.00;12
3323;25;628040409;3323;220;3968;3980;8.51;0.52;219.70;4.04;645;25;1367.00;12
3325;25;628040418;3325;219;4008;4050;8.59;0.53;219.70;4.00;683;25;1368.00;42
3331;25;628040436;3331;215;4012;4051;8.59;0.53;219.81;4.00;681;25;1369.00;39
3335;25;628040446;3335;214;4019;4051;8.71;0.53;220.02;4.00;684;25;1370.00;32
3338;25;628040456;3338;215;4023;4051;8.79;0.54;220.06;4.07;685;25;1371.00;28
3345;25;628040466;3345;211;4028;4051;8.84;0.54;220.09;4.07;683;25;1372.00;23
3348;25;628040476;3348;211;4032;4051;8.87;0.54;220.22;4.07;684;25;1373.00;19
3349;25;628040485;3349;211;4035;4051;8.90;0.54;220.26;4.07;686;25;1374.00;16
3357;25;628040494;3357;209;4036;4051;8.82;0.54;220.38;4.07;679;25;1375.00;15
3362;25;628040503;3362;213;4038;4052;8.74;0.53;220.46;4.07;676;25;1376.00;14
3366;25;628040512;3366;206;4039;4053;8.74;0.53;220.42;4.07;673;25;1377.00;14
3368;25;628040522;3368;210;4040;4053;8.78;0.53;220.48;4.07;672;25;1378.00;13
3372;25;628040531;3372;206;4043;4057;8.76;0.53;220.48;4.07;671;25;1379.00;14
3376;25;628040542;3376;214;4043;4057;8.69;0.53;220.56;4.07;667;25;1380.00;14
3379;25;628040551;3379;212;4043;4057;8.64;0.53;220.66;4.07;664;25;1381.00;14
3380;25;628040560;3380;211;4043;4057;8.59;0.52;220.69;4.07;663;25;1382.00;14
3383;25;628040576;3383;212;4048;4063;8.52;0.52;220.88;4.06;665;25;1383.00;15
3390;25;628040585;3390;211;4049;4063;8.43;0.52;220.95;4.06;659;25;1384.00;14
3391;25;628040596;3391;209;4050;4063;8.53;0.52;220.92;4.06;659;25;1385.00;13
3396;25;628040605;3396;211;4052;4066;8.58;0.52;220.77;4.06;656;25;1386.00;14
3401;25;628040615;3401;219;4054;4066;8.58;0.52;220.76;4.15;653;25;1387.00;12
3403;26;628040625;3403;219;4055;4066;8.61;0.53;220.82;4.15;652;26;1388.00;11
3408;26;628040651;3408;216;4057;4067;8.55;0.52;221.12;4.15;649;26;1389.00;10
3411;26;628040661;3411;216;4058;4068;8.58;0.53;221.12;4.15;647;26;1390.00;10
3417;26;628040671;3417;215;4058;4068;8.55;0.52;221.22;4.15;641;26;1391.00;10
3421;26;628040687;3421;219;4071;4081;8.62;0.53;221.37;4.13;650;26;1392.00;10
3423;26;628040697;3423;224;4071;4081;8.56;0.53;221.37;4.13;648;26;1393.00;10
3425;26;628040707;3425;225;4071;4081;8.47;0.52;221.34;4.13;646;26;1394.00;10
3429;26;628040715;3429;227;4073;4083;8.39;0.51;221.44;4.13;644;26;1395.00;10
3431;26;628040726;3431;232;4073;4083;8.27;0.51;221.43;4.13;642;26;1396.00;10
3432;26;628040736;3432;242;4076;4087;8.25;0.51;221.43;4.13;644;26;1397.00;11
3438;26;628040745;3438;248;4076;4087;8.11;0.50;221.50;4.13;638;26;1398.00;11
3440;26;628040754;3440;255;4081;4091;8.10;0.50;221.54;4.13;641;26;1399.00;10
3445;26;628040764;3445;260;4081;4091;8.00;0.49;221.52;4.13;636;26;1400.00;10
3446;26;628040795;3446;266;4081;4091;7.98;0.49;221.53;4.13;635;26;1401.00;10
3449;26;628040803;3449;272;4081;4091;7.93;0.48;221.53;4.13;632;26;1402.00;10
3453;26;628040812;3453;281;4081;4091;7.83;0.48;221.46;4.13;628;26;1403.00;10
3454;26;628040822;3454;286;4092;4103;7.86;0.48;221.43;4.12;638;26;1404.00;11
3455;26;628040837;3455;295;4092;4103;7.82;0.48;221.39;4.12;637;26;1405.00;11
3457;26;628040846;3457;296;4093;4103;7.73;0.47;221.37;4.12;636;26;1406.00;10
3457;26;628040854;3457;290;4093;4103;7.74;0.47;221.37;4.12;636;26;1407.00;10
3459;26;628040863;3459;285;4093;4103;7.72;0.47;221.33;4.12;634;26;1408.00;10
3461;26;628040871;3461;284;4093;4103;7.75;0.47;221.29;4.12;632;26;1409.00;10
3468;26;628040881;3468;284;4094;4104;7.66;0.47;221.35;4.11;626;26;1410.00;10
3470;26;628040891;3470;284;4094;4104;7.64;0.46;221.29;4.11;624;26;1411.00;10
3471;26;628040900;3471;280;4099;4110;7.59;0.46;221.24;4.11;628;26;1412.00;11
3475;26;628040909;3475;276;4100;4111;7.61;0.46;221.09;4.11;625;26;1413.00;11
3477;26;628040918;3477;270;4101;4111;7.62;0.46;221.04;4.11;624;26;1414.00;10
3479;26;628040927;3479;270;4101;4111;7.65;0.47;220.97;4.11;622;26;1415.00;10
3481;26;628040943;3481;259;4106;4115;7.73;0.47;220.93;4.17;625;26;1416.00;9
3484;26;628040952;3484;240;4106;4115;7.85;0.48;220.86;4.17;622;26;1417.00;9
3484;26;628040962;3484;227;4106;4115;8.01;0.49;220.86;4.17;622;26;1418.00;9
3485;26;628040971;3485;217;4107;4116;8.17;0.50;220.89;4.17;622;26;1419.00;9
3486;27;628040980;3486;206;4111;4120;8.23;0.50;220.86;4.16;625;27;1420.00;9
3487;27;628040997;3487;197;4111;4120;8.32;0.51;220.81;4.16;624;27;1421.00;9
3489;27;628041007;3489;194;4113;4123;8.48;0.52;220.71;4.16;624;27;1422.00;10
3489;27;628041025;3489;196;4113;4123;8.61;0.53;220.71;4.16;624;27;1423.00;10
3490;27;628041034;3490;190;4114;4123;8.74;0.53;220.75;4.16;624;27;1424.00;9
3492;27;628041043;3492;190;4114;4123;8.84;0.54;220.72;4.16;622;27;1425.00;9
3495;27;628041059;3495;189;4117;4127;8.92;0.54;220.66;4.16;622;27;1426.00;10
3495;27;628041069;3495;181;4117;4127;9.03;0.55;220.66;4.16;622;27;1427.00;10
3496;27;628041090;3496;176;4118;4127;9.17;0.56;220.61;4.16;622;27;1428.00;9
3498;27;628041100;3498;172;4118;4127;9.20;0.56;220.60;4.16;620;27;1429.00;9
3499;27;628041109;3499;175;4119;4128;9.19;0.56;220.63;4.16;620;27;1430.00;9
3500;27;628041118;3500;174;4120;4129;9.21;0.56;220.63;4.16;620;27;1431.00;9
3502;27;628041127;3502;177;4120;4129;9.25;0.56;220.64;4.16;618;27;1432.00;9
3502;27;628041135;3502;182;4121;4130;9.30;0.57;220.64;4.16;619;27;1433.00;9
3503;27;628041144;3503;182;4121;4130;9.37;0.57;220.66;4.16;618;27;1434.00;9
3503;27;628041152;3503;167;4121;4130;9.49;0.58;220.66;4.16;618;27;1435.00;9
3503;27;628041161;3503;157;4121;4130;9.61;0.59;220.66;4.16;618;27;1436.00;9
3509;28;628041170;3509;152;4121;4130;9.74;0.59;220.66;4.16;612;28;1437.00;9
3510;28;628041192;3510;144;4121;4130;9.92;0.60;220.63;4.16;611;28;1438.00;9
3510;29;628041201;3510;140;4121;4130;10.19;0.62;220.63;4.16;611;29;1439.00;9
3511;29;628041223;3511;175;4231;4360;10.06;0.63;220.61;4.05;720;29;1440.00;129
3511;29;628041251;3511;158;4234;4361;10.21;0.64;220.61;4.05;723;29;1441.00;127
3513;29;628041260;3513;139;4245;4361;10.48;0.65;220.58;4.04;732;29;1442.00;116
3516;30;628041269;3516;127;4251;4361;10.60;0.66;220.53;4.04;735;30;1443.00;110
3516;30;628041290;3516;122;4258;4361;10.74;0.67;220.53;4.04;742;30;1444.00;103
3519;31;628041300;3519;121;4264;4361;10.91;0.68;220.47;4.04;745;31;1445.00;97
3520;31;628041324;3520;120;4266;4361;11.08;0.69;220.46;4.04;746;31;1446.00;95
3520;31;628041334;3520;120;4271;4361;11.15;0.69;220.46;4.05;751;31;1447.00;90
3524;31;628041344;3524;120;4277;4362;11.20;0.69;220.44;4.12;753;31;1448.00;85
3526;32;628041355;3526;118;4281;4363;11.19;0.69;220.40;4.12;755;32;1449.00;82
3530;32;628041377;3530;122;4284;4363;11.19;0.69;220.29;4.13;754;32;1450.00;79
3531;32;628041387;3531;133;4287;4364;11.24;0.69;220.31;4.13;756;32;1451.00;77
3532;32;628041397;3532;137;4291;4364;11.23;0.69;220.27;4.14;759;32;1452.00;73
3534;32;628041411;3534;143;4297;4364;11.17;0.69;220.27;4.15;763;32;1453.00;67
3536;32;628041422;3536;145;4299;4364;11.11;0.68;220.25;4.16;763;32;1454.00;65
3538;32;628041432;3538;155;4304;4368;11.06;0.68;220.27;4.17;766;32;1455.00;64
3540;32;628041443;3540;156;4306;4368;11.06;0.68;220.22;4.17;766;32;1456.00;62
3544;32;628041456;3544;161;4308;4368;10.97;0.67;220.25;4.17;764;32;1457.00;60
3548;32;628041483;3548;165;4310;4371;10.95;0.67;220.27;4.18;762;32;1458.00;61
3550;32;628041494;3550;169;4310;4371;11.04;0.67;220.21;4.18;760;32;1459.00;61
3555;32;628041505;3555;170;4310;4371;11.15;0.68;220.30;4.18;755;32;1460.00;61
3557;32;628041515;3557;165;4314;4375;11.17;0.68;220.35;4.18;757;32;1461.00;61
3559;32;628041526;3559;161;4315;4376;11.30;0.69;220.34;4.18;756;32;1462.00;61
3563;32;628041537;3563;155;4316;4376;11.35;0.69;220.35;4.18;753;32;1463.00;60
3566;32;628041548;3566;149;4320;4380;11.46;0.70;220.40;4.24;754;32;1464.00;60
3571;32;628041559;3571;147;4324;4380;11.45;0.70;220.49;4.26;753;32;1465.00;56
3572;32;628041571;3572;142;4324;4380;11.49;0.70;220.55;4.26;752;32;1466.00;56
3573;32;628041582;3573;139;4325;4381;11.50;0.70;220.59;4.26;752;32;1467.00;56
3576;32;628041593;3576;139;4326;4381;11.43;0.70;220.64;4.26;750;32;1468.00;55
3578;32;628041607;3578;133;4328;4387;11.55;0.70;220.70;4.26;750;32;1469.00;59
3581;32;628041620;3581;132;4330;4387;11.56;0.70;220.78;4.32;749;32;1470.00;57
3583;32;628041631;3583;132;4330;4388;11.53;0.70;220.81;4.32;747;32;1471.00;58
3586;32;628041642;3586;131;4331;4388;11.50;0.70;220.90;4.33;745;32;1472.00;57
3591;32;628041660;3591;131;4333;4388;11.45;0.70;220.90;4.39;742;32;1473.00;55
3593;32;628041671;3593;129;4333;4388;11.38;0.69;220.98;4.39;740;32;1474.00;55
3596;32;628041682;3596;129;4333;4388;11.43;0.70;220.99;4.39;737;32;1475.00;55
3598;32;628041693;3598;136;4344;4400;11.46;0.70;220.94;4.42;746;32;1476.00;56
3601;32;628041705;3601;141;4346;4400;11.39;0.69;221.03;4.43;745;32;1477.00;54
3607;32;628041715;3607;148;4348;4400;11.31;0.69;221.10;4.48;741;32;1478.00;52
3608;32;628041726;3608;150;4348;4400;11.33;0.69;221.07;4.48;740;32;1479.00;52
3612;32;628041737;3612;155;4352;4400;11.26;0.68;221.05;4.53;740;32;1480.00;48
3614;32;628041747;3614;155;4352;4400;11.23;0.68;221.02;4.53;738;32;1481.00;48
3616;32;628041758;3616;157;4356;4404;11.13;0.68;221.09;4.54;740;32;1482.00;48
3620;32;628041775;3620;154;4357;4404;11.14;0.68;221.11;4.58;737;32;1483.00;47
3623;32;628041786;3623;157;4361;4408;11.14;0.68;221.14;4.59;738;32;1484.00;47
3624;32;628041797;3624;162;4363;4410;11.13;0.68;221.14;4.59;739;32;1485.00;47
3625;32;628041808;3625;168;4365;4410;11.05;0.67;221.17;4.60;740;32;1486.00;45
3628;32;628041819;3628;177;4365;4410;10.96;0.67;221.22;4.60;737;32;1487.00;45
3630;32;628041835;3630;183;4375;4423;10.86;0.66;221.26;4.60;745;32;1488.00;48
3634;32;628041847;3634;191;4375;4423;10.79;0.66;221.34;4.60;741;32;1489.00;48
3635;32;628041858;3635;193;4378;4423;10.68;0.65;221.32;4.63;743;32;1490.00;45
3637;32;628041868;3637;198;4379;4424;10.65;0.65;221.29;4.63;742;32;1491.00;45
3639;32;628041879;3639;205;4381;4425;10.56;0.64;221.27;4.65;742;32;1492.00;44
3641;33;628041890;3641;207;4383;4425;10.47;0.64;221.26;4.67;742;33;1493.00;42
3645;33;628041919;3645;208;4386;4428;10.42;0.63;221.24;4.68;741;33;1494.00;42
3648;33;628041930;3648;214;4387;4428;10.34;0.63;221.28;4.69;739;33;1495.00;41
3651;33;628041941;3651;220;4389;4428;10.29;0.63;221.29;4.70;738;33;1496.00;39
3655;33;628041951;3655;227;4391;4428;10.19;0.62;221.23;4.73;736;33;1497.00;37
3657;33;628041962;3657;235;4397;4434;10.13;0.62;221.20;4.75;740;33;1498.00;37
3661;33;628041973;3661;240;4400;4434;10.04;0.61;221.26;4.76;739;33;1499.00;34
3663;33;628041985;3663;251;4407;4453;9.83;0.60;221.38;4.80;744;33;1500.00;46
3666;33;628042008;3666;255;4408;4453;9.71;0.59;221.43;4.80;742;33;1501.00;45
3669;33;628042017;3669;259;4413;4457;9.52;0.58;221.40;4.81;744;33;1502.00;44
3671;33;628042027;3671;271;4416;4458;9.37;0.57;221.37;4.84;745;33;1503.00;42
3672;33;628042037;3672;280;4418;4458;9.27;0.56;221.38;4.84;746;33;1504.00;40
3674;33;628042046;3674;287;4421;4459;9.17;0.56;221.34;4.85;747;33;1505.00;38
3677;33;628042058;3677;291;4422;4459;9.04;0.55;221.25;4.85;745;33;1506.00;37
3679;33;628042068;3679;295;4425;4459;8.87;0.54;221.23;4.86;746;33;1507.00;34
3680;33;628042080;3680;297;4426;4459;8.76;0.53;221.22;4.87;746;33;1508.00;33
3680;33;628042091;3680;291;4427;4459;8.74;0.53;221.22;4.87;747;33;1509.00;32
3681;33;628042103;3681;288;4429;4459;8.74;0.54;221.20;4.88;748;33;1510.00;30
3684;33;628042114;3684;284;4430;4459;8.76;0.54;221.11;4.88;746;33;1511.00;29
3685;33;628042125;3685;291;4460;4529;8.76;0.54;221.07;4.85;775;33;1512.00;69
3687;33;628042143;3687;287;4463;4530;8.76;0.54;221.02;4.85;776;33;1513.00;67
3688;33;628042153;3688;286;4473;4530;8.76;0.54;221.02;4.84;785;33;1514.00;57
3690;33;628042164;3690;278;4475;4530;8.83;0.54;221.04;4.84;785;33;1515.00;55
3692;33;628042174;3692;281;4481;4530;8.87;0.54;221.03;4.84;789;33;1516.00;49
3695;33;628042185;3695;285;4484;4530;8.87;0.54;221.07;4.84;789;33;1517.00;46
3700;33;628042200;3700;276;4487;4530;8.86;0.54;220.92;4.84;787;33;1518.00;43
3701;33;628042218;3701;279;4492;4530;8.91;0.54;220.95;4.85;791;33;1519.00;38
3705;33;628042234;3705;274;4492;4531;8.92;0.54;221.00;4.85;787;33;1520.00;39
3709;33;628042249;3709;276;4496;4532;8.94;0.55;220.92;4.85;787;33;1521.00;36
3712;33;628042266;3712;279;4498;4532;8.90;0.54;220.88;4.85;786;33;1522.00;34
3716;33;628042281;3716;279;4501;4536;8.82;0.54;221.02;4.85;785;33;1523.00;35
3719;33;628042296;3719;282;4501;4536;8.80;0.54;221.01;4.85;782;33;1524.00;35
3727;33;628042309;3727;280;4501;4536;8.70;0.53;221.11;4.85;774;33;1525.00;35
3730;33;628042322;3730;281;4501;4536;8.57;0.53;221.19;4.85;771;33;1526.00;35
3733;33;628042333;3733;282;4506;4542;8.42;0.52;221.32;4.85;773;33;1527.00;36
3737;33;628042345;3737;283;4506;4542;8.26;0.51;221.42;4.85;769;33;1528.00;36
3738;33;628042356;3738;288;4506;4542;8.16;0.50;221.50;4.85;768;33;1529.00;36
3742;33;628042368;3742;273;4509;4548;8.03;0.50;221.73;4.85;767;33;1530.00;39
3744;33;628042380;3744;273;4509;4548;7.97;0.49;221.69;4.85;765;33;1531.00;39
3749;33;628042390;3749;275;4510;4548;7.82;0.48;221.87;4.86;761;33;1532.00;38
3752;33;628042401;3752;275;4512;4549;7.71;0.48;221.87;4.86;760;33;1533.00;37
3756;33;628042412;3756;270;4513;4550;7.75;0.48;221.89;4.86;757;33;1534.00;37
3763;33;628042422;3763;268;4513;4550;7.77;0.48;221.88;4.86;750;33;1535.00;37
3766;33;628042432;3766;270;4525;4563;7.77;0.48;221.94;4.86;759;33;1536.00;38
3772;33;628042443;3772;262;4528;4563;7.78;0.48;222.01;4.87;756;33;1537.00;35
3775;33;628042453;3775;261;4528;4563;7.88;0.48;222.01;4.87;753;33;1538.00;35
3780;33;628042464;3780;256;4531;4564;7.91;0.48;222.00;4.88;751;33;1539.00;33
3784;33;628042477;3784;245;4533;4564;7.94;0.49;222.06;4.88;749;33;1540.00;31
3785;33;628042486;3785;237;4535;4568;8.09;0.50;222.03;4.88;750;33;1541.00;33
3791;33;628042497;3791;238;4535;4568;8.09;0.50;222.11;4.88;744;33;1542.00;33
3793;33;628042507;3793;232;4539;4572;8.09;0.50;222.24;4.88;746;33;1543.00;33
3795;33;628042517;3795;232;4539;4572;8.04;0.49;222.27;4.88;744;33;1544.00;33
3798;33;628042527;3798;234;4540;4572;8.02;0.49;222.24;4.89;742;33;1545.00;32
3800;33;628042537;3800;235;4540;4572;8.04;0.49;222.24;4.89;740;33;1546.00;32
3803;33;628042547;3803;238;4540;4572;8.01;0.49;222.25;4.89;737;33;1547.00;32
3808;33;628042556;3808;244;4552;4584;8.00;0.49;222.39;4.89;744;33;1548.00;32
3811;33;628042568;3811;243;4552;4584;7.98;0.49;222.29;4.89;741;33;1549.00;32
3816;33;628042579;3816;244;4553;4584;7.93;0.48;222.43;4.89;737;33;1550.00;31
3819;33;628042590;3819;244;4554;4584;7.85;0.48;222.39;4.90;735;33;1551.00;30
3821;33;628042606;3821;245;4555;4584;7.82;0.48;222.39;4.90;734;33;1552.00;29
3825;33;628042616;3825;245;4555;4584;7.75;0.47;222.46;4.90;730;33;1553.00;29
3825;33;628042626;3825;252;4557;4585;7.62;0.47;222.46;4.91;732;33;1554.00;28
3829;33;628042636;3829;262;4558;4587;7.52;0.46;222.51;4.91;729;33;1555.00;29
3832;33;628042652;3832;267;4563;4593;7.46;0.46;222.52;4.92;731;33;1556.00;30
3837;33;628042662;3837;277;4564;4594;7.42;0.45;222.56;4.92;727;33;1557.00;30
3842;33;628042672;3842;277;4566;4594;7.37;0.45;222.49;4.93;724;33;1558.00;28
3844;33;628042681;3844;286;4566;4594;7.32;0.45;222.55;4.93;722;33;1559.00;28
3847;33;628042693;3847;285;4572;4599;7.33;0.45;222.62;4.93;725;33;1560.00;27
3850;33;628042703;3850;288;4572;4599;7.30;0.45;222.56;4.93;722;33;1561.00;27
3855;33;628042713;3855;294;4573;4599;7.26;0.45;222.43;4.93;718;33;1562.00;26
3859;33;628042723;3859;298;4574;4600;7.24;0.44;222.45;4.93;715;33;1563.00;26
3868;33;628042733;3868;296;4579;4604;7.19;0.44;222.32;4.94;711;33;1564.00;25
3872;33;628042743;3872;298;4579;4604;7.10;0.43;222.28;4.94;707;33;1565.00;25
3872;33;628042753;3872;302;4582;4607;7.12;0.43;222.28;4.94;710;33;1566.00;25
3878;33;628042761;3878;302;4582;4607;7.05;0.43;222.18;4.94;704;33;1567.00;25
3881;33;628042771;3881;308;4583;4607;6.99;0.43;222.16;4.94;702;33;1568.00;24
3883;33;628042779;3883;315;4584;4607;6.94;0.42;222.13;4.95;701;33;1569.00;23
3885;33;628042788;3885;323;4586;4611;6.89;0.42;222.08;4.95;701;33;1570.00;25
3887;33;628042804;3887;332;4587;4611;6.85;0.42;222.09;4.95;700;33;1571.00;24
3891;33;628042814;3891;335;4587;4611;6.84;0.42;222.12;4.95;696;33;1572.00;24
3892;33;628042823;3892;339;4589;4611;6.81;0.42;222.12;4.96;697;33;1573.00;22
3896;33;628042832;3896;343;4590;4612;6.68;0.41;222.22;4.96;694;33;1574.00;22
3898;33;628042841;3898;348;4594;4614;6.62;0.40;222.13;4.96;696;33;1575.00;20
3900;33;628042851;3900;358;4594;4614;6.59;0.40;222.16;4.96;694;33;1576.00;20
3900;33;628042859;3900;348;4596;4615;6.64;0.41;222.16;4.96;696;33;1577.00;19
3900;33;628042868;3900;345;4597;4615;6.67;0.41;222.16;4.96;697;33;1578.00;18
3903;33;628042877;3903;339;4597;4615;6.73;0.41;222.18;4.96;694;33;1579.00;18
3904;33;628042886;3904;333;4597;4615;6.82;0.42;222.16;4.96;693;33;1580.00;18
3908;33;628042895;3908;334;4597;4615;6.90;0.42;222.42;4.96;689;33;1581.00;18
3910;33;628042904;3910;333;4597;4615;6.96;0.42;222.50;4.96;687;33;1582.00;18
3912;33;628042921;3912;335;4597;4615;7.00;0.43;222.57;4.96;685;33;1583.00;18
3914;33;628042930;3914;350;4666;4742;7.30;0.45;222.59;4.89;752;33;1584.00;76
3916;33;628042950;3916;338;4669;4743;7.38;0.46;222.72;4.88;753;33;1585.00;74
3919;33;628042960;3919;314;4679;4743;7.57;0.47;222.76;4.88;760;33;1586.00;64
3919;34;628042972;3919;289;4683;4743;7.72;0.48;222.76;4.88;764;34;1587.00;60
3922;34;628042989;3922;258;4688;4743;7.86;0.49;222.74;4.87;766;34;1588.00;55
3924;34;628042999;3924;238;4695;4743;8.01;0.49;222.80;4.87;771;34;1589.00;48
3925;34;628043012;3925;222;4699;4743;8.17;0.50;222.80;4.88;774;34;1590.00;44
3926;34;628043024;3926;212;4701;4743;8.30;0.51;222.78;4.88;775;34;1591.00;42
3928;34;628043035;3928;202;4704;4744;8.40;0.51;222.79;4.88;776;34;1592.00;40
3930;34;628043046;3930;196;4711;4745;8.49;0.52;222.78;4.88;781;34;1593.00;34
3931;34;628043065;3931;188;4712;4745;8.62;0.53;222.76;4.89;781;34;1594.00;33
3931;34;628043083;3931;179;4716;4746;8.77;0.54;222.76;4.89;785;34;1595.00;30
3933;34;628043095;3933;175;4717;4746;8.92;0.55;222.72;4.89;784;34;1596.00;29
3933;34;628043114;3933;183;4719;4746;9.07;0.56;222.72;4.89;786;34;1597.00;27
3936;34;628043126;3936;177;4719;4746;9.28;0.57;222.66;4.89;783;34;1598.00;27
3939;34;628043138;3939;172;4722;4750;9.43;0.58;222.66;4.89;783;34;1599.00;28
3939;34;628043152;3939;169;4724;4750;9.57;0.59;222.66;4.89;785;34;1600.00;26
3940;34;628043172;3940;165;4724;4750;9.62;0.59;222.66;4.89;784;34;1601.00;26
3943;34;628043192;3943;163;4727;4753;9.75;0.60;222.67;4.89;784;34;1602.00;26
3944;34;628043217;3944;164;4727;4753;9.87;0.60;222.66;4.89;783;34;1603.00;26
3946;34;628043229;3946;155;4728;4753;9.99;0.61;222.61;4.89;782;34;1604.00;25
3946;34;628043242;3946;157;4731;4757;10.11;0.62;222.61;4.89;785;34;1605.00;26
3950;34;628043258;3950;151;4732;4758;10.27;0.63;222.55;4.89;782;34;1606.00;26
3950;34;628043270;3950;151;4732;4758;10.40;0.63;222.55;4.89;782;34;1607.00;26
3952;34;628043281;3952;151;4735;4762;10.52;0.64;222.61;4.89;783;34;1608.00;27
3958;34;628043298;3958;145;4735;4762;10.61;0.64;222.66;4.89;777;34;1609.00;27
3958;34;628043309;3958;144;4735;4762;10.71;0.65;222.66;4.89;777;34;1610.00;27
3960;34;628043325;3960;144;4736;4763;10.80;0.66;222.62;4.88;776;34;1611.00;27
3962;34;628043337;3962;143;4736;4763;10.91;0.66;222.61;4.88;774;34;1612.00;27
3964;34;628043348;3964;149;4740;4769;11.03;0.67;222.64;4.88;776;34;1613.00;29
3967;34;628043360;3967;149;4740;4769;11.15;0.68;222.72;4.88;773;34;1614.00;29
3969;34;628043371;3969;150;4741;4770;11.23;0.68;222.81;4.88;772;34;1615.00;29
3972;34;628043382;3972;150;4741;4770;11.28;0.69;222.95;4.88;769;34;1616.00;29
3976;34;628043394;3976;145;4741;4770;11.24;0.68;223.00;4.88;765;34;1617.00;29
3977;34;628043405;3977;145;4741;4770;11.34;0.69;223.00;4.88;764;34;1618.00;29
3983;34;628043416;3983;141;4741;4770;11.43;0.70;223.08;4.88;758;34;1619.00;29
3987;34;628043428;3987;140;4762;4806;11.44;0.70;223.23;4.86;775;34;1620.00;44
3989;34;628043442;3989;140;4764;4806;11.52;0.70;223.30;4.86;775;34;1621.00;42
3995;34;628043453;3995;136;4764;4806;11.57;0.71;223.39;4.86;769;34;1622.00;42
4000;34;628043464;4000;137;4766;4806;11.65;0.71;223.35;4.86;766;34;1623.00;40
4005;34;628043475;4005;139;4766;4806;11.76;0.72;223.38;4.86;761;34;1624.00;40
4010;35;628043487;4010;142;4768;4806;11.81;0.72;223.63;4.91;758;35;1625.00;38
4013;35;628043510;4013;143;4771;4810;11.80;0.72;223.64;4.91;758;35;1626.00;39
4018;35;628043522;4018;139;4772;4810;11.86;0.72;223.73;4.91;754;35;1627.00;38
4025;35;628043535;4025;139;4774;4814;11.89;0.72;223.78;4.91;749;35;1628.00;40
4027;35;628043547;4027;137;4776;4815;11.89;0.72;223.83;4.91;749;35;1629.00;39
4033;35;628043558;4033;130;4777;4815;11.81;0.72;223.81;4.91;744;35;1630.00;38
4035;35;628043568;4035;128;4778;4815;11.76;0.71;223.86;4.91;743;35;1631.00;37
4037;35;628043579;4037;130;4787;4828;11.63;0.71;223.93;4.90;750;35;1632.00;41
4042;35;628043597;4042;126;4787;4828;11.59;0.71;223.98;4.90;745;35;1633.00;41
4047;35;628043607;4047;128;4787;4828;11.60;0.71;224.02;4.90;740;35;1634.00;41
4053;35;628043624;4053;127;4789;4829;11.63;0.71;224.10;4.91;736;35;1635.00;40
4055;35;628043634;4055;126;4789;4830;11.75;0.71;224.15;4.91;734;35;1636.00;41
4058;35;628043645;4058;123;4789;4830;11.84;0.72;224.17;4.91;731;35;1637.00;41
4060;35;628043655;4060;116;4791;4833;11.98;0.73;224.12;4.90;731;35;1638.00;42
4063;35;628043671;4063;116;4792;4833;12.07;0.73;224.14;4.90;729;35;1639.00;41
4065;35;628043681;4065;119;4792;4833;12.16;0.74;224.09;4.90;727;35;1640.00;41
4067;35;628043691;4067;121;4793;4833;12.18;0.74;224.06;4.94;726;35;1641.00;40
4070;35;628043707;4070;122;4797;4839;12.23;0.74;224.04;4.94;727;35;1642.00;42
4072;35;628043718;4072;119;4797;4839;12.26;0.74;224.20;4.94;725;35;1643.00;42
4074;35;628043729;4074;121;4798;4839;12.30;0.75;224.20;4.94;724;35;1644.00;41
4077;35;628043739;4077;122;4799;4839;12.29;0.75;224.13;4.98;722;35;1645.00;40
4079;35;628043750;4079;123;4802;4843;12.26;0.75;224.16;4.98;723;35;1646.00;41
4081;35;628043761;4081;122;4804;4844;12.26;0.75;224.16;4.98;723;35;1647.00;40
4082;35;628043772;4082;122;4806;4844;12.22;0.74;224.15;5.04;724;35;1648.00;38
4084;35;628043783;4084;128;4807;4845;12.20;0.74;224.17;5.04;723;35;1649.00;38
4087;35;628043795;4087;127;4807;4845;12.09;0.74;224.12;5.04;720;35;1650.00;38
4091;35;628043806;4091;124;4808;4845;12.03;0.73;224.10;5.04;717;35;1651.00;37
4095;35;628043822;4095;128;4809;4845;12.01;0.73;224.10;5.05;714;35;1652.00;36
4097;35;628043834;4097;132;4810;4845;11.93;0.73;224.13;5.05;713;35;1653.00;35
4100;35;628043850;4100;135;4810;4845;11.90;0.72;224.21;5.05;710;35;1654.00;35
4106;35;628043861;4106;140;4811;4845;11.77;0.71;224.13;5.06;705;35;1655.00;34
4107;35;628043876;4107;150;4846;4915;11.62;0.71;224.12;5.02;739;35;1656.00;69
4108;35;628043892;4108;154;4850;4916;11.55;0.70;224.12;5.03;742;35;1657.00;66
4109;35;628043902;4109;157;4857;4916;11.53;0.70;224.11;5.03;748;35;1658.00;59
4110;35;628043912;4110;167;4859;4916;11.39;0.70;224.10;5.03;749;35;1659.00;57
4112;35;628043923;4112;175;4865;4916;11.30;0.69;224.13;5.05;753;35;1660.00;51
4115;35;628043939;4115;182;4868;4916;11.17;0.68;224.18;5.05;753;35;1661.00;48
4116;35;628043950;4116;184;4872;4916;11.11;0.68;224.18;5.05;756;35;1662.00;44
4119;35;628043960;4119;190;4877;4916;11.01;0.67;224.18;5.07;758;35;1663.00;39
4120;35;628043971;4120;190;4878;4917;10.88;0.67;224.18;5.07;758;35;1664.00;39
4121;35;628043982;4121;194;4885;4919;10.76;0.66;224.12;5.07;764;35;1665.00;34
4123;35;628043994;4123;198;4887;4919;10.70;0.66;224.22;5.09;764;35;1666.00;32
4126;35;628044005;4126;205;4889;4923;10.61;0.65;224.19;5.09;763;35;1667.00;34
4130;35;628044016;4130;207;4891;4923;10.45;0.64;224.14;5.10;761;35;1668.00;32
4130;35;628044027;4130;211;4891;4923;10.38;0.64;224.14;5.10;761;35;1669.00;32
4132;35;628044042;4132;219;4892;4923;10.37;0.63;224.14;5.11;760;35;1670.00;31
4136;35;628044052;4136;221;4897;4929;10.39;0.64;224.10;5.11;761;35;1671.00;32
4136;35;628044064;4136;228;4897;4929;10.32;0.63;224.10;5.11;761;35;1672.00;32
4139;35;628044079;4139;233;4899;4929;10.30;0.63;224.07;5.12;760;35;1673.00;30
4143;35;628044090;4143;232;4901;4932;10.30;0.63;224.00;5.12;758;35;1674.00;31
4144;35;628044100;4144;235;4902;4932;10.26;0.63;223.98;5.11;758;35;1675.00;30
4149;35;628044109;4149;240;4903;4932;10.16;0.62;224.13;5.13;754;35;1676.00;29
4152;35;628044123;4152;243;4908;4933;9.94;0.61;224.08;5.16;756;35;1677.00;25
4158;35;628044133;4158;245;4909;4934;9.76;0.60;224.10;5.16;751;35;1678.00;25
4159;35;628044143;4159;242;4911;4934;9.58;0.58;224.11;5.17;752;35;1679.00;23
4162;35;628044154;4162;248;4927;4960;9.45;0.58;224.06;5.15;765;35;1680.00;33
4167;35;628044165;4167;242;4930;4960;9.29;0.57;224.09;5.15;763;35;1681.00;30
4169;35;628044175;4169;237;4932;4960;9.21;0.56;224.05;5.15;763;35;1682.00;28
4170;35;628044185;4170;238;4936;4961;9.18;0.56;224.02;5.15;766;35;1683.00;25
4172;35;628044198;4172;241;4936;4961;9.05;0.55;224.00;5.15;764;35;1684.00;25
4176;35;628044213;4176;245;4939;4965;8.90;0.54;223.94;5.14;763;35;1685.00;26
4181;35;628044229;4181;245;4939;4965;8.81;0.54;223.89;5.14;758;35;1686.00;26
4184;35;628044245;4184;249;4943;4969;8.72;0.53;223.90;5.14;759;35;1687.00;26
4190;35;628044260;4190;258;4944;4969;8.58;0.52;223.79;5.15;754;35;1688.00;25
4194;35;628044273;4194;267;4945;4969;8.46;0.51;223.74;5.15;751;35;1689.00;24
4197;35;628044287;4197;277;4945;4969;8.37;0.51;223.74;5.15;748;35;1690.00;24
4198;35;628044304;4198;284;4947;4969;8.28;0.50;223.73;5.15;749;35;1691.00;22
4200;35;628044317;4200;292;4957;4981;8.17;0.50;223.78;5.14;757;35;1692.00;24
4204;35;628044327;4204;301;4957;4981;7.98;0.49;223.75;5.14;753;35;1693.00;24
4205;35;628044337;4205;305;4960;4981;7.88;0.48;223.77;5.14;755;35;1694.00;21
4207;35;628044346;4207;314;4960;4981;7.80;0.48;223.85;5.14;753;35;1695.00;21
4211;35;628044355;4211;314;4960;4981;7.63;0.47;223.87;5.14;749;35;1696.00;21
4213;35;628044365;4213;313;4960;4981;7.50;0.46;223.83;5.14;747;35;1697.00;21
4216;35;628044373;4216;313;4961;4982;7.23;0.44;223.93;5.14;745;35;1698.00;21
4217;35;628044383;4217;316;4961;4982;7.01;0.43;223.93;5.14;744;35;1699.00;21
4219;35;628044392;4219;308;4966;4988;6.92;0.43;224.05;5.14;747;35;1700.00;22
4221;35;628044406;4221;307;4967;4989;6.80;0.42;223.99;5.13;746;35;1701.00;22
4224;35;628044415;4224;304;4968;4989;6.71;0.41;224.06;5.13;744;35;1702.00;21
4227;35;628044423;4227;298;4968;4989;6.66;0.41;224.11;5.13;741;35;1703.00;21
4229;35;628044432;4229;294;4972;4993;6.66;0.41;224.08;5.13;743;35;1704.00;21
4231;35;628044441;4231;296;4972;4993;6.62;0.41;224.16;5.13;741;35;1705.00;21
4234;35;628044451;4234;292;4972;4993;6.57;0.40;224.13;5.13;738;35;1706.00;21
4238;35;628044459;4238;290;4973;4994;6.55;0.40;224.09;5.13;735;35;1707.00;21
4241;35;628044469;4241;288;4977;4998;6.59;0.40;224.11;5.13;736;35;1708.00;21
4243;35;628044479;4243;284;4977;4998;6.65;0.41;224.30;5.13;734;35;1709.00;21
4247;35;628044490;4247;290;4980;5004;6.70;0.41;224.36;5.12;733;35;1710.00;24
4250;35;628044499;4250;289;4981;5004;6.72;0.41;224.41;5.12;731;35;1711.00;23
4251;35;628044508;4251;292;4981;5004;6.79;0.42;224.37;5.12;730;35;1712.00;23
4256;35;628044516;4256;285;4982;5004;6.82;0.42;224.43;5.12;726;35;1713.00;22
4261;35;628044525;4261;288;4984;5008;6.81;0.42;224.36;5.12;723;35;1714.00;24
4264;35;628044534;4264;290;4985;5008;6.88;0.42;224.34;5.12;721;35;1715.00;23
4267;35;628044542;4267;291;4985;5008;6.96;0.43;224.32;5.12;718;35;1716.00;23
4271;35;628044552;4271;290;4986;5008;7.01;0.43;224.24;5.12;715;35;1717.00;22
4276;35;628044560;4276;291;4987;5009;6.94;0.42;224.29;5.12;711;35;1718.00;22
4279;35;628044568;4279;291;4989;5010;6.99;0.43;224.21;5.12;710;35;1719.00;21
4282;35;628044577;4282;291;4989;5010;6.92;0.42;224.17;5.12;707;35;1720.00;21
4284;35;628044585;4284;290;4990;5011;6.91;0.42;224.16;5.12;706;35;1721.00;21
4287;35;628044595;4287;286;4990;5011;6.91;0.42;224.16;5.12;703;35;1722.00;21
4290;35;628044604;4290;279;4990;5011;6.93;0.42;224.15;5.12;700;35;1723.00;21
4294;35;628044613;4294;275;4990;5011;6.97;0.43;224.07;5.12;696;35;1724.00;21
4297;35;628044622;4297;271;4990;5011;6.96;0.43;224.07;5.12;693;35;1725.00;21
4299;35;628044631;4299;274;4991;5011;6.98;0.43;224.16;5.17;692;35;1726.00;20
4304;35;628044640;4304;270;4991;5011;6.94;0.42;224.16;5.17;687;35;1727.00;20
4306;35;628044649;4306;282;5062;5138;7.28;0.45;224.14;5.10;756;35;1728.00;76
4310;35;628044669;4310;275;5066;5139;7.32;0.45;224.08;5.10;756;35;1729.00;73
4314;35;628044679;4314;275;5073;5139;7.37;0.46;224.06;5.09;759;35;1730.00;66
4317;35;628044695;4317;272;5079;5139;7.50;0.46;224.06;5.09;762;35;1731.00;60
4318;35;628044704;4318;274;5084;5139;7.57;0.47;224.13;5.09;766;35;1732.00;55
4321;35;628044714;4321;288;5088;5139;7.60;0.47;224.19;5.09;767;35;1733.00;51
4323;35;628044724;4323;294;5090;5139;7.65;0.47;224.20;5.09;767;35;1734.00;49
4327;35;628044734;4327;297;5093;5139;7.62;0.47;224.14;5.09;766;35;1735.00;46
4330;35;628044751;4330;296;5096;5140;7.65;0.47;224.10;5.09;766;35;1736.00;44
4333;35;628044768;4333;303;5099;5141;7.63;0.47;224.09;5.10;766;35;1737.00;42
4335;35;628044778;4335;310;5102;5141;7.64;0.47;224.09;5.10;767;35;1738.00;39
4338;35;628044789;4338;309;5106;5142;7.65;0.47;224.07;5.10;768;35;1739.00;36
4340;35;628044802;4340;305;5111;5142;7.73;0.47;224.07;5.11;771;35;1740.00;31
4341;35;628044813;4341;304;5114;5142;7.80;0.48;224.07;5.11;773;35;1741.00;28
4343;35;628044824;4343;300;5116;5142;7.90;0.49;224.09;5.12;773;35;1742.00;26
4345;35;628044834;4345;301;5118;5146;7.96;0.49;224.13;5.11;773;35;1743.00;28
4347;35;628044846;4347;302;5120;5146;8.06;0.49;224.16;5.12;773;35;1744.00;26
4351;35;628044857;4351;298;5121;5146;8.06;0.49;224.19;5.12;770;35;1745.00;25
4352;35;628044874;4352;290;5123;5149;8.12;0.50;224.21;5.12;771;35;1746.00;26
4356;35;628044885;4356;277;5124;5149;8.22;0.50;224.20;5.12;768;35;1747.00;25
4358;35;628044898;4358;269;5126;5149;8.31;0.51;224.13;5.12;768;35;1748.00;23
4359;35;628044909;4359;262;5131;5153;8.49;0.52;224.10;5.12;772;35;1749.00;22
4365;35;628044921;4365;255;5132;5154;8.61;0.52;224.45;5.11;767;35;1750.00;22
4367;35;628044939;4367;247;5132;5154;8.73;0.53;224.38;5.11;765;35;1751.00;22
4369;35;628044950;4369;241;5136;5158;8.83;0.54;224.40;5.11;767;35;1752.00;22
4371;35;628044975;4371;236;5136;5158;8.96;0.54;224.44;5.11;765;35;1753.00;22
4373;35;628044987;4373;234;5136;5158;9.00;0.55;224.44;5.11;763;35;1754.00;22
4378;35;628044998;4378;232;5138;5160;9.11;0.55;224.53;5.11;760;35;1755.00;22
4381;35;628045011;4381;219;5138;5160;9.18;0.56;224.47;5.11;757;35;1756.00;22
4382;35;628045022;4382;200;5142;5166;9.23;0.56;224.42;5.11;760;35;1757.00;24
4383;35;628045041;4383;181;5143;5166;9.35;0.57;224.49;5.11;760;35;1758.00;23
4386;35;628045052;4386;169;5143;5167;9.48;0.58;224.50;5.11;757;35;1759.00;24
4386;35;628045064;4386;164;5143;5167;9.63;0.59;224.50;5.11;757;35;1760.00;24
4387;35;628045075;4387;155;5143;5167;9.75;0.59;224.55;5.11;756;35;1761.00;24
4390;35;628045087;4390;149;5143;5167;9.86;0.60;224.60;5.11;753;35;1762.00;24
4392;35;628045100;4392;147;5143;5167;9.97;0.61;224.56;5.11;751;35;1763.00;24
4395;35;628045112;4395;144;5152;5179;10.16;0.62;224.61;5.10;757;35;1764.00;27
4399;35;628045128;4399;141;5153;5179;10.30;0.63;224.63;5.10;754;35;1765.00;26
4400;35;628045140;4400;139;5154;5179;10.50;0.64;224.72;5.09;754;35;1766.00;25
4402;35;628045152;4402;136;5154;5179;10.67;0.65;224.75;5.09;752;35;1767.00;25
4404;35;628045165;4404;136;5154;5179;10.79;0.66;224.82;5.09;750;35;1768.00;25
4409;35;628045176;4409;132;5154;5179;10.91;0.66;224.89;5.09;745;35;1769.00;25
4413;35;628045192;4413;129;5157;5183;10.99;0.67;224.97;5.09;744;35;1770.00;26
4416;35;628045204;4416;124;5157;5183;11.12;0.68;225.01;5.09;741;35;1771.00;26
4419;35;628045216;4419;118;5160;5187;11.20;0.68;224.99;5.09;741;35;1772.00;27
4423;35;628045228;4423;120;5161;5188;11.30;0.69;225.12;5.09;738;35;1773.00;27
4426;35;628045241;4426;117;5162;5188;11.33;0.69;225.31;5.09;736;35;1774.00;26
4429;35;628045253;4429;117;5162;5188;11.40;0.69;225.40;5.09;733;35;1775.00;26
4431;35;628045264;4431;118;5173;5201;11.52;0.70;225.49;5.08;742;35;1776.00;28
4435;35;628045277;4435;121;5173;5201;11.58;0.70;225.52;5.08;738;35;1777.00;28
4438;35;628045288;4438;117;5173;5201;11.66;0.71;225.61;5.08;735;35;1778.00;28
4440;35;628045304;4440;122;5174;5202;11.74;0.71;225.65;5.08;734;35;1779.00;28
4442;35;628045315;4442;120;5174;5203;11.84;0.72;225.67;5.08;732;35;1780.00;29
4444;35;628045327;4444;120;5174;5203;11.94;0.73;225.66;5.08;730;35;1781.00;29
4451;35;628045338;4451;123;5176;5206;12.01;0.73;225.89;5.08;725;35;1782.00;30
4455;35;628045349;4455;123;5176;5206;11.99;0.73;226.01;5.08;721;35;1783.00;30
4457;35;628045366;4457;120;5177;5206;11.99;0.73;226.02;5.07;720;35;1784.00;29
4459;35;628045377;4459;123;5177;5206;12.00;0.73;226.06;5.07;718;35;1785.00;29
4461;35;628045387;4461;121;5181;5212;11.97;0.73;226.12;5.07;720;35;1786.00;31
4463;35;628045398;4463;120;5181;5212;12.03;0.73;226.11;5.07;718;35;1787.00;31
4466;35;628045409;4466;122;5183;5212;12.11;0.74;226.22;5.14;717;35;1788.00;29
4470;35;628045420;4470;121;5183;5212;12.24;0.74;226.25;5.14;713;35;1789.00;29
4474;35;628045431;4474;120;5186;5216;12.24;0.74;226.31;5.13;712;35;1790.00;30
4480;35;628045442;4480;116;5187;5217;12.29;0.75;226.37;5.13;707;35;1791.00;30
4484;35;628045454;4484;121;5187;5217;12.26;0.75;226.48;5.13;703;35;1792.00;30
4486;35;628045470;4486;121;5188;5218;12.28;0.75;226.47;5.13;702;35;1793.00;30
4488;35;628045481;4488;117;5188;5218;12.30;0.75;226.55;5.13;700;35;1794.00;30
4494;35;628045492;4494;113;5188;5218;12.23;0.75;226.65;5.13;694;35;1795.00;30
4495;35;628045503;4495;113;5188;5218;12.25;0.75;226.70;5.13;693;35;1796.00;30
4502;35;628045513;4502;115;5188;5218;12.21;0.74;226.80;5.13;686;35;1797.00;30
4504;35;628045524;4504;116;5188;5218;12.17;0.74;226.88;5.13;684;35;1798.00;30
4507;35;628045534;4507;115;5188;5218;12.14;0.74;226.87;5.13;681;35;1799.00;30
4511;35;628045546;4511;137;5250;5356;11.66;0.72;226.94;5.07;739;35;1800.00;106
4514;35;628045571;4514;127;5250;5357;11.69;0.72;226.98;5.07;736;35;1801.00;107
4519;35;628045581;4519;118;5258;5357;11.76;0.72;226.97;5.07;739;35;1802.00;99
4523;35;628045592;4523;110;5263;5357;11.81;0.73;227.04;5.13;740;35;1803.00;94
4525;35;628045602;4525;106;5268;5357;11.83;0.73;227.06;5.13;743;35;1804.00;89
4529;35;628045613;4529;108;5274;5357;11.85;0.73;227.04;5.15;745;35;1805.00;83
4536;35;628045624;4536;109;5281;5357;11.81;0.73;227.15;5.22;745;35;1806.00;76
4537;35;628045635;4537;112;5286;5357;11.94;0.73;227.20;5.22;749;35;1807.00;71
4542;35;628045645;4542;112;5291;5358;11.88;0.73;227.21;5.29;749;35;1808.00;67
4546;35;628045656;4546;113;5292;5359;11.90;0.73;227.21;5.29;746;35;1809.00;67
4551;35;628045667;4551;107;5294;5359;11.90;0.73;227.27;5.29;743;35;1810.00;65
4557;35;628045678;4557;113;5300;5363;11.83;0.72;227.26;5.36;743;35;1811.00;63
4560;35;628045690;4560;107;5300;5363;11.88;0.73;227.23;5.36;740;35;1812.00;63
4562;35;628045700;4562;109;5301;5363;11.81;0.72;227.22;5.36;739;35;1813.00;62
4567;35;628045711;4567;108;5302;5363;11.77;0.72;227.15;5.43;735;35;1814.00;61
4569;35;628045722;4569;110;5305;5369;11.74;0.72;227.21;5.43;736;35;1815.00;64
4571;35;628045734;4571;114;5305;5369;11.72;0.72;227.18;5.43;734;35;1816.00;64
4576;35;628045744;4576;116;5308;5369;11.70;0.71;227.30;5.50;732;35;1817.00;61
4578;35;628045755;4578;121;5310;5372;11.70;0.71;227.31;5.50;732;35;1818.00;62
4584;35;628045766;4584;123;5312;5372;11.64;0.71;227.40;5.50;728;35;1819.00;60
4586;35;628045777;4586;129;5313;5372;11.65;0.71;227.41;5.51;727;35;1820.00;59
4587;35;628045787;4587;129;5313;5373;11.68;0.71;227.38;5.51;726;35;1821.00;60
4588;35;628045799;4588;130;5316;5374;11.64;0.71;227.37;5.51;728;35;1822.00;58
4592;35;628045810;4592;128;5316;5374;11.67;0.71;227.35;5.51;724;35;1823.00;58
4593;35;628045821;4593;136;5323;5387;11.68;0.71;227.33;5.51;730;35;1824.00;64
4595;35;628045833;4595;138;5325;5387;11.66;0.71;227.34;5.51;730;35;1825.00;62
4599;35;628045844;4599;137;5325;5387;11.65;0.71;227.22;5.51;726;35;1826.00;62
4601;35;628045855;4601;149;5328;5388;11.56;0.71;227.23;5.52;727;35;1827.00;60
4602;35;628045866;4602;155;5331;5388;11.44;0.70;227.18;5.52;729;35;1828.00;57
4604;35;628045883;4604;162;5333;5392;11.34;0.69;227.36;5.52;729;35;1829.00;59
4606;35;628045896;4606;167;5336;5392;11.21;0.68;227.43;5.54;730;35;1830.00;56
4610;35;628045907;4610;178;5341;5396;10.99;0.67;227.38;5.55;731;35;1831.00;55
4616;35;628045919;4616;182;5341;5396;10.85;0.66;227.43;5.55;725;35;1832.00;55
4617;35;628045930;4617;185;5344;5396;10.78;0.66;227.42;5.57;727;35;1833.00;52
4619;35;628045940;4619;198;5344;5396;10.69;0.65;227.46;5.57;725;35;1834.00;52
4621;35;628045950;4621;205;5346;5396;10.60;0.65;227.47;5.58;725;35;1835.00;50
4625;35;628045960;4625;211;5358;5408;10.43;0.64;227.58;5.58;733;35;1836.00;50
4628;35;628045972;4628;215;5360;5408;10.37;0.63;227.55;5.59;732;35;1837.00;48
4634;35;628045982;4634;220;5362;5408;10.24;0.63;227.51;5.60;728;35;1838.00;46
4635;35;628045992;4635;225;5363;5408;10.21;0.62;227.58;5.60;728;35;1839.00;45
4637;35;628046002;4637;233;5364;5408;10.08;0.62;227.63;5.61;727;35;1840.00;44
4638;35;628046011;4638;237;5365;5408;10.00;0.61;227.62;5.62;727;35;1841.00;43
4640;35;628046021;4640;247;5369;5409;9.84;0.60;227.61;5.64;729;35;1842.00;40
4641;35;628046031;4641;246;5369;5409;9.76;0.60;227.60;5.64;728;35;1843.00;40
4644;35;628046046;4644;251;5376;5415;9.66;0.59;227.56;5.65;732;35;1844.00;39
4645;35;628046056;4645;253;5378;5417;9.44;0.58;227.58;5.65;733;35;1845.00;39
4648;35;628046065;4648;257;5381;5417;9.22;0.56;227.50;5.66;733;35;1846.00;36
4650;35;628046074;4650;262;5382;5417;9.02;0.55;227.53;5.66;732;35;1847.00;35
4655;35;628046084;4655;265;5385;5421;8.89;0.54;227.50;5.66;730;35;1848.00;36
4656;35;628046094;4656;265;5385;5421;8.74;0.54;227.56;5.66;729;35;1849.00;36
4657;35;628046103;4657;267;5388;5421;8.60;0.53;227.54;5.67;731;35;1850.00;33
4661;35;628046112;4661;267;5389;5422;8.43;0.52;227.77;5.66;728;35;1851.00;33
4663;35;628046121;4663;271;5394;5426;8.29;0.51;227.79;5.67;731;35;1852.00;32
4665;35;628046130;4665;274;5395;5426;8.17;0.50;227.74;5.67;730;35;1853.00;31
4668;35;628046140;4668;275;5397;5429;8.11;0.50;227.77;5.67;729;35;1854.00;32
4669;35;628046149;4669;277;5399;5429;7.98;0.49;227.84;5.67;730;35;1855.00;30
4672;35;628046157;4672;285;5400;5429;7.91;0.48;227.78;5.67;728;35;1856.00;29
4679;35;628046166;4679;281;5400;5429;7.81;0.48;227.68;5.67;721;35;1857.00;29
4679;35;628046175;4679;286;5403;5433;7.85;0.48;227.68;5.67;724;35;1858.00;30
4680;35;628046183;4680;288;5404;5433;7.85;0.48;227.66;5.67;724;35;1859.00;29
4684;35;628046196;4684;287;5404;5433;7.77;0.48;227.62;5.67;720;35;1860.00;29
4686;35;628046210;4686;289;5404;5433;7.63;0.47;227.65;5.67;718;35;1861.00;29
4690;35;628046225;4690;294;5405;5434;7.50;0.46;227.71;5.67;715;35;1862.00;29
4693;35;628046240;4693;297;5406;5435;7.28;0.45;227.68;5.67;713;35;1863.00;29
4697;35;628046256;4697;297;5406;5435;7.08;0.43;227.64;5.67;709;35;1864.00;29
4699;35;628046268;4699;299;5407;5436;6.93;0.43;227.68;5.66;708;35;1865.00;29
4701;35;628046279;4701;305;5407;5436;6.82;0.42;227.63;5.66;706;35;1866.00;29
4706;35;628046290;4706;312;5407;5436;6.62;0.41;227.49;5.66;701;35;1867.00;29
4706;35;628046301;4706;316;5407;5436;6.52;0.40;227.49;5.66;701;35;1868.00;29
4709;35;628046309;4709;325;5407;5436;6.29;0.39;227.41;5.66;698;35;1869.00;29
4711;35;628046317;4711;325;5407;5436;6.20;0.38;227.35;5.66;696;35;1870.00;29
4715;35;628046325;4715;328;5407;5436;6.07;0.38;227.47;5.66;692;35;1871.00;29
4716;35;628046333;4716;345;5477;5563;6.39;0.40;227.45;5.59;761;35;1872.00;86
4718;35;628046352;4718;336;5482;5564;6.32;0.40;227.53;5.59;764;35;1873.00;82
4719;35;628046361;4719;337;5492;5564;6.46;0.41;227.54;5.58;773;35;1874.00;72
4721;35;628046370;4721;340;5495;5564;6.45;0.40;227.63;5.58;774;35;1875.00;69
4723;35;628046379;4723;338;5501;5564;6.48;0.41;227.70;5.58;778;35;1876.00;63
4723;35;628046387;4723;334;5506;5564;6.54;0.41;227.70;5.58;783;35;1877.00;58
4728;35;628046396;4728;331;5512;5564;6.57;0.41;227.67;5.58;784;35;1878.00;52
4731;35;628046405;4731;330;5514;5564;6.57;0.41;227.69;5.58;783;35;1879.00;50
4733;35;628046415;4733;331;5517;5565;6.60;0.41;227.84;5.58;784;35;1880.00;48
4735;35;628046424;4735;336;5521;5566;6.65;0.41;227.86;5.58;786;35;1881.00;45
4739;35;628046433;4739;342;5524;5568;6.68;0.41;227.86;5.59;785;35;1882.00;44
4743;35;628046442;4743;345;5528;5569;6.65;0.41;227.87;5.59;785;35;1883.00;41
4744;35;628046451;4744;341;5529;5569;6.58;0.41;227.85;5.59;785;35;1884.00;40
4747;35;628046461;4747;334;5532;5569;6.59;0.41;227.80;5.59;785;35;1885.00;37
4750;35;628046471;4750;330;5533;5569;6.55;0.40;227.79;5.59;783;35;1886.00;36
4753;35;628046481;4753;335;5536;5573;6.50;0.40;227.87;5.59;783;35;1887.00;37
4753;35;628046491;4753;335;5538;5573;6.49;0.40;227.87;5.59;785;35;1888.00;35
4756;35;628046500;4756;344;5538;5573;6.50;0.40;227.94;5.59;782;35;1889.00;35
4759;35;628046511;4759;339;5542;5579;6.49;0.40;227.95;5.59;783;35;1890.00;37
4760;35;628046521;4760;326;5542;5579;6.55;0.40;227.92;5.59;782;35;1891.00;37
4765;35;628046532;4765;314;5544;5579;6.55;0.40;227.83;5.59;779;35;1892.00;35
4767;35;628046542;4767;300;5548;5583;6.70;0.41;227.87;5.59;781;35;1893.00;35
4773;35;628046552;4773;294;5551;5584;6.76;0.41;227.76;5.59;778;35;1894.00;33
4776;35;628046564;4776;289;5552;5584;6.84;0.42;227.76;5.59;776;35;1895.00;32
4781;35;628046574;4781;283;5557;5588;6.89;0.42;227.80;5.59;776;35;1896.00;31
4783;35;628046591;4783;277;5558;5588;6.96;0.42;227.75;5.67;775;35;1897.00;30
4786;35;628046603;4786;268;5558;5588;7.05;0.43;227.77;5.67;772;35;1898.00;30
4788;35;628046613;4788;263;5559;5589;7.14;0.44;227.75;5.67;771;35;1899.00;30
4789;35;628046625;4789;260;5559;5589;7.25;0.44;227.81;5.67;770;35;1900.00;30
4795;35;628046640;4795;262;5563;5595;7.36;0.45;227.89;5.66;768;35;1901.00;32
4796;35;628046652;4796;262;5564;5595;7.52;0.46;227.87;5.66;768;35;1902.00;31
4802;35;628046663;4802;259;5565;5596;7.62;0.46;227.89;5.66;763;35;1903.00;31
4806;35;628046680;4806;255;5565;5596;7.71;0.47;228.02;5.66;759;35;1904.00;31
4808;35;628046691;4808;255;5565;5596;7.84;0.48;228.04;5.66;757;35;1905.00;31
4811;35;628046708;4811;253;5565;5596;7.93;0.48;228.10;5.66;754;35;1906.00;31
4815;35;628046721;4815;256;5565;5596;7.99;0.48;228.11;5.66;750;35;1907.00;31
4816;35;628046732;4816;259;5574;5608;8.14;0.49;228.16;5.65;758;35;1908.00;34
4818;35;628046745;4818;256;5575;5608;8.15;0.49;228.17;5.65;757;35;1909.00;33
4819;35;628046755;4819;257;5576;5608;8.24;0.50;228.16;5.65;757;35;1910.00;32
4820;35;628046766;4820;260;5576;5608;8.30;0.50;228.20;5.65;756;35;1911.00;32
4822;35;628046777;4822;266;5576;5608;8.34;0.51;228.15;5.65;754;35;1912.00;32
4825;35;628046789;4825;261;5576;5608;8.36;0.51;228.21;5.65;751;35;1913.00;32
4827;35;628046800;4827;261;5579;5612;8.42;0.51;228.23;5.65;752;35;1914.00;33
4830;35;628046812;4830;264;5579;5612;8.40;0.51;228.18;5.65;749;35;1915.00;33
4832;35;628046824;4832;270;5582;5616;8.37;0.51;228.12;5.65;750;35;1916.00;34
4833;35;628046835;4833;256;5583;5617;8.41;0.51;228.08;5.64;750;35;1917.00;34
4836;35;628046848;4836;248;5584;5617;8.51;0.52;228.10;5.64;748;35;1918.00;33
4837;35;628046859;4837;247;5584;5617;8.62;0.52;228.11;5.64;747;35;1919.00;33
4839;35;628046873;4839;244;5606;5646;8.79;0.54;228.13;5.62;767;35;1920.00;40
4845;35;628046886;4845;235;5606;5646;8.85;0.54;228.15;5.62;761;35;1921.00;40
4845;35;628046898;4845;231;5608;5646;8.94;0.54;228.15;5.62;763;35;1922.00;38
4850;35;628046910;4850;226;5610;5647;9.07;0.55;228.16;5.62;760;35;1923.00;37
4853;35;628046922;4853;227;5610;5648;9.18;0.56;228.19;5.62;757;35;1924.00;38
4855;35;628046934;4855;226;5610;5648;9.28;0.56;228.22;5.62;755;35;1925.00;38
4856;35;628046952;4856;210;5613;5651;9.41;0.57;228.28;5.62;757;35;1926.00;38
4860;35;628046964;4860;192;5613;5651;9.45;0.57;228.34;5.62;753;35;1927.00;38
4865;35;628046977;4865;177;5613;5651;9.53;0.58;228.26;5.62;748;35;1928.00;38
4866;35;628046989;4866;168;5613;5651;9.72;0.59;228.28;5.62;747;35;1929.00;38
4868;35;628047002;4868;161;5617;5657;9.88;0.60;228.35;5.61;749;35;1930.00;40
4869;35;628047016;4869;154;5617;5657;10.04;0.61;228.36;5.61;748;35;1931.00;40
4871;35;628047028;4871;150;5618;5657;10.17;0.62;228.38;5.61;747;35;1932.00;39
4875;35;628047040;4875;146;5618;5657;10.29;0.63;228.49;5.61;743;35;1933.00;39
4877;35;628047053;4877;140;5621;5661;10.42;0.63;228.56;5.61;744;35;1934.00;40
4880;35;628047066;4880;139;5623;5663;10.48;0.64;228.57;5.61;743;35;1935.00;40
4884;35;628047079;4884;140;5623;5663;10.60;0.64;228.68;5.61;739;35;1936.00;40
4888;35;628047092;4888;139;5624;5664;10.70;0.65;228.71;5.61;736;35;1937.00;40
4892;35;628047105;4892;136;5624;5664;10.77;0.65;228.80;5.61;732;35;1938.00;40
4897;35;628047125;4897;135;5624;5664;10.84;0.66;228.79;5.61;727;35;1939.00;40
4898;35;628047138;4898;134;5624;5664;10.88;0.66;228.78;5.61;726;35;1940.00;40
4903;35;628047150;4903;132;5624;5664;10.87;0.66;228.86;5.61;721;35;1941.00;40
4904;35;628047163;4904;129;5624;5664;11.02;0.67;228.89;5.61;720;35;1942.00;40
4906;35;628047175;4906;128;5624;5664;11.12;0.68;228.88;5.61;718;35;1943.00;40
4908;36;628047187;4908;144;5667;5734;10.91;0.67;228.97;5.56;759;36;1944.00;67
4911;36;628047227;4911;131;5667;5735;11.07;0.67;228.99;5.56;756;36;1945.00;68
4916;36;628047240;4916;122;5671;5735;11.20;0.68;229.18;5.56;755;36;1946.00;64
4919;37;628047252;4919;119;5672;5735;11.36;0.69;229.18;5.56;753;37;1947.00;63
4922;37;628047274;4922;118;5675;5735;11.55;0.70;229.21;5.56;753;37;1948.00;60
4926;37;628047286;4926;121;5679;5735;11.71;0.71;229.24;5.56;753;37;1949.00;56
4928;37;628047299;4928;125;5680;5737;11.77;0.72;229.30;5.56;752;37;1950.00;57
4931;37;628047310;4931;129;5685;5737;11.91;0.72;229.31;5.56;754;37;1951.00;52
4935;37;628047322;4935;135;5686;5738;11.99;0.73;229.42;5.56;751;37;1952.00;52
4939;38;628047333;4939;140;5689;5739;12.04;0.73;229.53;5.56;750;38;1953.00;50
4940;38;628047362;4940;143;5692;5739;12.12;0.74;229.56;5.56;752;38;1954.00;47
4942;38;628047373;4942;146;5697;5743;12.11;0.74;229.65;5.56;755;38;1955.00;46
4947;38;628047384;4947;143;5697;5743;12.11;0.74;229.76;5.56;750;38;1956.00;46
4948;38;628047396;4948;143;5697;5743;12.08;0.74;229.73;5.56;749;38;1957.00;46
4950;38;628047412;4950;141;5697;5743;12.10;0.74;229.82;5.56;747;38;1958.00;46
4952;38;628047423;4952;143;5701;5749;12.01;0.73;229.84;5.56;749;38;1959.00;48
4955;38;628047434;4955;147;5702;5749;11.97;0.73;229.91;5.56;747;38;1960.00;47
4960;38;628047445;4960;156;5702;5749;11.92;0.73;230.05;5.56;742;38;1961.00;47
4962;38;628047456;4962;153;5705;5752;11.86;0.72;230.07;5.55;743;38;1962.00;47
4965;38;628047467;4965;157;5705;5752;11.83;0.72;230.14;5.55;740;38;1963.00;47
4968;38;628047478;4968;157;5705;5752;11.82;0.72;230.25;5.55;737;38;1964.00;47
4973;38;628047489;4973;159;5705;5753;11.84;0.72;230.16;5.55;732;38;1965.00;48
4978;38;628047500;4978;159;5706;5754;11.86;0.72;230.18;5.55;728;38;1966.00;48
4983;38;628047511;4983;160;5706;5754;11.82;0.72;230.31;5.55;723;38;1967.00;48
4986;38;628047521;4986;161;5715;5767;11.79;0.72;230.27;5.54;729;38;1968.00;52
4989;38;628047533;4989;154;5715;5767;11.78;0.72;230.31;5.54;726;38;1969.00;52
4994;38;628047543;4994;154;5715;5767;11.80;0.72;230.42;5.54;721;38;1970.00;52
4996;38;628047553;4996;151;5716;5768;11.88;0.72;230.37;5.54;720;38;1971.00;52
5000;38;628047563;5000;146;5716;5768;11.85;0.72;230.46;5.54;716;38;1972.00;52
5005;38;628047574;5005;144;5719;5772;11.93;0.72;230.56;5.54;714;38;1973.00;53
5007;38;628047607;5007;140;5721;5772;12.06;0.73;230.52;5.55;714;38;1974.00;51
5012;38;628047618;5012;144;5725;5776;12.05;0.73;230.45;5.56;713;38;1975.00;51
5018;38;628047631;5018;137;5725;5776;12.11;0.73;230.43;5.56;707;38;1976.00;51
5019;38;628047642;5019;131;5725;5776;12.22;0.74;230.40;5.56;706;38;1977.00;51
5024;38;628047652;5024;130;5725;5776;12.27;0.74;230.42;5.56;701;38;1978.00;51
5029;38;628047664;5029;123;5725;5776;12.23;0.74;230.46;5.56;696;38;1979.00;51
5031;38;628047676;5031;123;5745;5810;12.17;0.74;230.44;5.54;714;38;1980.00;65
5032;38;628047690;5032;121;5746;5810;12.16;0.74;230.41;5.54;714;38;1981.00;64
5035;38;628047701;5035;122;5746;5810;12.20;0.74;230.44;5.54;711;38;1982.00;64
5038;38;628047711;5038;123;5747;5810;12.20;0.74;230.47;5.54;709;38;1983.00;63
5039;38;628047728;5039;130;5747;5810;12.25;0.74;230.47;5.54;708;38;1984.00;63
5042;38;628047738;5042;129;5748;5810;12.24;0.74;230.59;5.54;706;38;1985.00;62
5044;38;628047748;5044;125;5748;5811;12.14;0.74;230.58;5.54;704;38;1986.00;63
5047;39;628047758;5047;117;5751;5811;12.08;0.73;230.56;5.54;704;39;1987.00;60
5053;39;628047779;5053;120;5753;5817;12.07;0.73;230.57;5.54;700;39;1988.00;64
5055;39;628047790;5055;126;5755;5818;12.03;0.73;230.63;5.54;700;39;1989.00;63
5057;39;628047800;5057;126;5757;5818;11.92;0.72;230.63;5.54;700;39;1990.00;61
5060;39;628047811;5060;132;5758;5818;11.85;0.72;230.61;5.54;698;39;1991.00;60
5062;39;628047821;5062;136;5761;5822;11.76;0.72;230.60;5.54;699;39;1992.00;61
5068;39;628047831;5068;141;5762;5822;11.61;0.71;230.55;5.55;694;39;1993.00;60
5070;39;628047842;5070;145;5763;5822;11.49;0.70;230.59;5.55;693;39;1994.00;59
5075;39;628047851;5075;152;5765;5823;11.38;0.69;230.64;5.56;690;39;1995.00;58
5078;39;628047861;5078;159;5769;5827;11.31;0.69;230.73;5.56;691;39;1996.00;58
5082;39;628047872;5082;159;5770;5827;11.15;0.68;230.72;5.57;688;39;1997.00;57
5085;39;628047888;5085;163;5772;5830;11.07;0.67;230.72;5.56;687;39;1998.00;58
5087;39;628047899;5087;167;5774;5830;10.90;0.66;230.75;5.57;687;39;1999.00;56
5088;39;628047910;5088;174;5775;5830;10.77;0.65;230.76;5.59;687;39;2000.00;55
5090;39;628047924;5090;182;5776;5830;10.68;0.65;230.83;5.59;686;39;2001.00;54
5091;39;628047935;5091;188;5780;5834;10.61;0.65;230.83;5.59;689;39;2002.00;54
5094;39;628047945;5094;194;5781;5834;10.44;0.64;230.79;5.60;687;39;2003.00;53
5097;39;628047955;5097;198;5782;5834;10.28;0.63;230.77;5.60;685;39;2004.00;52
5098;39;628047964;5098;203;5783;5834;10.17;0.62;230.77;5.62;685;39;2005.00;51
5101;39;628047974;5101;209;5784;5835;10.07;0.62;230.79;5.63;683;39;2006.00;51
5103;39;628047983;5103;216;5786;5836;9.96;0.61;230.83;5.64;683;39;2007.00;50
5105;39;628047993;5105;217;5787;5836;9.79;0.60;230.78;5.65;682;39;2008.00;49
5105;39;628048001;5105;221;5789;5837;9.73;0.60;230.78;5.66;684;39;2009.00;48
5110;39;628048012;5110;229;5790;5837;9.68;0.59;230.72;5.66;680;39;2010.00;47
5111;39;628048021;5111;232;5791;5837;9.55;0.58;230.71;5.67;680;39;2011.00;46
5114;39;628048030;5114;238;5792;5837;9.44;0.58;230.85;5.68;678;39;2012.00;45
5117;39;628048038;5117;247;5792;5837;9.30;0.57;230.94;5.68;675;39;2013.00;45
5119;39;628048047;5119;248;5793;5837;9.19;0.56;230.92;5.68;674;39;2014.00;44
5124;39;628048055;5124;256;5794;5837;9.06;0.55;230.87;5.69;670;39;2015.00;43
5124;39;628048064;5124;279;5858;5964;9.09;0.56;230.87;5.63;734;39;2016.00;106
5127;39;628048081;5127;279;5862;5965;8.94;0.55;230.88;5.63;735;39;2017.00;103
5128;39;628048090;5128;281;5872;5965;8.88;0.55;230.85;5.63;744;39;2018.00;93
5130;40;628048099;5130;284;5877;5965;8.80;0.55;230.87;5.63;747;40;2019.00;88
5133;40;628048119;5133;289;5886;5965;8.68;0.54;230.76;5.63;753;40;2020.00;79
5135;40;628048131;5135;286;5892;5965;8.66;0.53;230.72;5.63;757;40;2021.00;73
5137;40;628048141;5137;287;5898;5965;8.64;0.53;230.81;5.64;761;40;2022.00;67
5138;40;628048150;5138;287;5903;5965;8.61;0.53;230.88;5.64;765;40;2023.00;62
5141;40;628048171;5141;288;5906;5966;8.56;0.53;230.88;5.64;765;40;2024.00;60
5144;40;628048185;5144;289;5912;5968;8.46;0.52;230.79;5.65;768;40;2025.00;56
5146;40;628048197;5146;290;5917;5968;8.44;0.52;230.75;5.66;771;40;2026.00;51
5150;40;628048212;5150;292;5917;5969;8.30;0.51;230.72;5.66;767;40;2027.00;52
5152;40;628048229;5152;293;5920;5969;8.18;0.50;230.66;5.66;768;40;2028.00;49
5152;40;628048243;5152;305;5921;5969;8.10;0.50;230.66;5.67;769;40;2029.00;48
5154;40;628048258;5154;309;5925;5969;7.93;0.49;230.62;5.67;771;40;2030.00;44
5155;40;628048272;5155;319;5928;5973;7.76;0.48;230.62;5.67;773;40;2031.00;45
5158;40;628048286;5158;323;5930;5973;7.57;0.47;230.58;5.67;772;40;2032.00;43
5161;40;628048300;5161;338;5931;5973;7.35;0.45;230.56;5.68;770;40;2033.00;42
5163;40;628048312;5163;341;5934;5976;7.14;0.44;230.63;5.68;771;40;2034.00;42
5163;40;628048322;5163;350;5936;5976;6.99;0.43;230.63;5.68;773;40;2035.00;40
5166;40;628048332;5166;351;5937;5976;6.79;0.42;230.65;5.68;771;40;2036.00;39
5167;40;628048342;5167;358;5941;5980;6.61;0.41;230.61;5.67;774;40;2037.00;39
5172;40;628048357;5172;367;5943;5981;6.41;0.40;230.61;5.67;771;40;2038.00;38
5175;40;628048366;5175;373;5943;5981;6.28;0.39;230.56;5.67;768;40;2039.00;38
5177;40;628048377;5177;366;5949;5986;6.22;0.38;230.63;5.67;772;40;2040.00;37
5179;40;628048386;5179;372;5949;5986;6.08;0.38;230.63;5.67;770;40;2041.00;37
5180;40;628048396;5180;371;5949;5986;5.99;0.37;230.67;5.67;769;40;2042.00;37
5183;40;628048404;5183;362;5950;5987;5.95;0.37;230.60;5.67;767;40;2043.00;37
5185;40;628048413;5185;354;5950;5987;5.92;0.36;230.64;5.67;765;40;2044.00;37
5187;40;628048421;5187;346;5955;5993;6.05;0.37;230.71;5.66;768;40;2045.00;38
5190;40;628048431;5190;337;5955;5993;6.06;0.37;230.71;5.66;765;40;2046.00;38
5192;40;628048441;5192;324;5957;5994;6.16;0.38;230.71;5.66;765;40;2047.00;37
5195;41;628048450;5195;314;5957;5994;6.27;0.39;230.67;5.66;762;41;2048.00;37
5197;41;628048472;5197;306;5957;5994;6.41;0.39;230.75;5.66;760;41;2049.00;37
5199;41;628048482;5199;295;5957;5994;6.60;0.40;230.74;5.66;758;41;2050.00;37
5200;42;628048492;5200;284;5957;5994;6.80;0.42;230.76;5.66;757;42;2051.00;37
5205;42;628048514;5205;281;5968;6006;6.99;0.43;230.75;5.65;763;42;2052.00;38
5207;42;628048530;5207;280;5968;6006;7.11;0.43;230.76;5.65;761;42;2053.00;38
5210;42;628048540;5210;277;5969;6006;7.21;0.44;230.79;5.65;759;42;2054.00;37
5216;42;628048549;5216;270;5969;6006;7.29;0.44;230.72;5.65;753;42;2055.00;37
5217;42;628048559;5217;263;5969;6006;7.36;0.45;230.68;5.65;752;42;2056.00;37
5220;42;628048569;5220;264;5969;6006;7.39;0.45;230.73;5.65;749;42;2057.00;37
5221;42;628048578;5221;262;5973;6010;7.54;0.46;230.75;5.65;752;42;2058.00;37
5224;42;628048588;5224;259;5973;6010;7.61;0.46;230.74;5.65;749;42;2059.00;37
5227;42;628048599;5227;260;5976;6014;7.67;0.47;230.78;5.65;749;42;2060.00;38
5229;42;628048609;5229;259;5977;6015;7.77;0.47;230.82;5.65;748;42;2061.00;38
5231;42;628048619;5231;256;5978;6015;7.89;0.48;230.86;5.65;747;42;2062.00;37
5234;42;628048630;5234;252;5978;6015;7.92;0.48;230.91;5.65;744;42;2063.00;37
5236;42;628048647;5236;250;5991;6028;8.05;0.49;230.92;5.63;755;42;2064.00;37
5240;42;628048659;5240;251;5991;6028;8.10;0.49;230.93;5.63;751;42;2065.00;37
5245;42;628048669;5245;243;5991;6028;8.15;0.50;230.91;5.63;746;42;2066.00;37
5248;42;628048679;5248;240;5992;6029;8.22;0.50;230.93;5.63;744;42;2067.00;37
5252;42;628048689;5252;237;5993;6030;8.27;0.50;230.96;5.63;741;42;2068.00;37
5255;42;628048700;5255;239;5993;6030;8.36;0.51;231.04;5.63;738;42;2069.00;37
5263;42;628048712;5263;229;5996;6036;8.38;0.51;231.14;5.63;733;42;2070.00;40
5270;42;628048723;5270;225;5996;6036;8.44;0.52;231.16;5.63;726;42;2071.00;40
5275;42;628048735;5275;225;5997;6036;8.50;0.52;231.22;5.63;722;42;2072.00;39
5278;42;628048746;5278;220;5997;6036;8.50;0.52;231.30;5.63;719;42;2073.00;39
5283;42;628048756;5283;217;6002;6042;8.57;0.52;231.32;5.62;719;42;2074.00;40
5286;42;628048768;5286;222;6002;6042;8.67;0.53;231.35;5.62;716;42;2075.00;40
5292;42;628048777;5292;219;6003;6042;8.67;0.53;231.39;5.62;711;42;2076.00;39
5297;42;628048788;5297;218;6003;6042;8.66;0.53;231.36;5.62;706;42;2077.00;39
5299;42;628048798;5299;222;6008;6046;8.74;0.53;231.37;5.62;709;42;2078.00;38
5306;42;628048808;5306;222;6009;6047;8.74;0.53;231.36;5.62;703;42;2079.00;38
5311;42;628048820;5311;223;6010;6047;8.71;0.53;231.42;5.62;699;42;2080.00;37
5317;42;628048831;5317;223;6011;6048;8.68;0.53;231.54;5.62;694;42;2081.00;37
5319;42;628048843;5319;223;6011;6048;8.62;0.53;231.57;5.62;692;42;2082.00;37
5325;42;628048853;5325;227;6011;6048;8.59;0.52;231.56;5.62;686;42;2083.00;37
5327;42;628048863;5327;235;6011;6048;8.60;0.52;231.57;5.62;684;42;2084.00;37
5329;42;628048873;5329;234;6011;6048;8.62;0.53;231.63;5.62;682;42;2085.00;37
5334;42;628048883;5334;243;6011;6048;8.66;0.53;231.64;5.62;677;42;2086.00;37
5337;42;628048893;5337;225;6011;6048;8.71;0.53;231.73;5.62;674;42;2087.00;37
5340;42;628048904;5340;227;6054;6118;8.85;0.54;231.76;5.58;714;42;2088.00;64
5343;42;628048920;5343;211;6055;6119;8.95;0.54;231.77;5.58;712;42;2089.00;64
5345;42;628048931;5345;199;6061;6119;9.19;0.56;231.83;5.58;716;42;2090.00;58
5347;42;628048943;5347;198;6062;6119;9.27;0.56;231.92;5.58;715;42;2091.00;57
5348;42;628048953;5348;194;6067;6119;9.51;0.58;231.98;5.57;719;42;2092.00;52
5351;42;628048969;5351;191;6070;6119;9.67;0.59;232.03;5.57;719;42;2093.00;49
5354;42;628048981;5354;184;6075;6119;9.89;0.60;232.15;5.57;721;42;2094.00;44
5356;42;628048991;5356;181;6075;6119;10.04;0.61;232.19;5.57;719;42;2095.00;44
5358;42;628049002;5358;162;6077;6120;10.15;0.62;232.23;5.57;719;42;2096.00;43
5363;42;628049014;5363;153;6078;6121;10.19;0.62;232.24;5.57;715;42;2097.00;43
5367;42;628049026;5367;149;6079;6121;10.23;0.62;232.24;5.57;712;42;2098.00;42
5369;42;628049038;5369;141;6082;6125;10.18;0.62;232.28;5.57;713;42;2099.00;43
5371;42;628049052;5371;140;6086;6140;10.17;0.62;232.29;5.57;715;42;2100.00;54
5374;42;628049071;5374;134;6086;6140;10.29;0.62;232.33;5.57;712;42;2101.00;54
5377;42;628049090;5377;135;6086;6140;10.48;0.64;232.51;5.57;709;42;2102.00;54
5381;42;628049103;5381;131;6089;6146;10.62;0.65;232.51;5.57;708;42;2103.00;57
5383;42;628049121;5383;132;6089;6146;10.73;0.65;232.57;5.57;706;42;2104.00;57
5387;42;628049132;5387;131;6090;6146;10.79;0.66;232.57;5.57;703;42;2105.00;56
5390;42;628049145;5390;129;6093;6149;10.94;0.67;232.61;5.56;703;42;2106.00;56
5392;42;628049157;5392;127;6093;6149;11.08;0.67;232.66;5.56;701;42;2107.00;56
5396;42;628049168;5396;128;6093;6149;11.20;0.68;232.68;5.56;697;42;2108.00;56
5398;42;628049181;5398;126;6093;6150;11.25;0.69;232.67;5.56;695;42;2109.00;57
5399;42;628049194;5399;126;6094;6151;11.36;0.69;232.69;5.56;695;42;2110.00;57
5402;42;628049205;5402;125;6095;6151;11.42;0.70;232.69;5.56;693;42;2111.00;56
5404;42;628049217;5404;129;6105;6164;11.41;0.70;232.72;5.56;701;42;2112.00;59
5407;42;628049229;5407;125;6105;6164;11.49;0.70;232.79;5.56;698;42;2113.00;59
5409;42;628049240;5409;126;6105;6164;11.53;0.70;232.83;5.56;696;42;2114.00;59
5412;42;628049252;5412;129;6107;6166;11.67;0.71;232.95;5.55;695;42;2115.00;59
5418;43;628049263;5418;132;6108;6166;11.71;0.72;233.02;5.66;690;43;2116.00;58
5420;44;628049286;5420;132;6111;6170;11.77;0.72;232.98;5.67;691;44;2117.00;59
5424;44;628049308;5424;133;6112;6170;11.78;0.72;232.99;5.67;688;44;2118.00;58
5427;44;628049319;5427;137;6115;6174;11.78;0.72;233.01;5.66;688;44;2119.00;59
5430;44;628049330;5430;139;6115;6174;11.79;0.72;233.03;5.66;685;44;2120.00;59
5432;44;628049346;5432;137;6115;6174;11.86;0.72;233.12;5.66;683;44;2121.00;59
5434;44;628049356;5434;135;6115;6174;11.88;0.72;233.07;5.66;681;44;2122.00;59
5437;45;628049366;5437;137;6117;6174;11.76;0.72;233.15;5.67;680;45;2123.00;57
5438;45;628049382;5438;128;6125;6186;11.77;0.72;233.18;5.66;687;45;2124.00;61
5442;45;628049394;5442;132;6125;6186;11.73;0.72;233.34;5.66;683;45;2125.00;61
5445;45;628049410;5445;137;6127;6186;11.80;0.72;233.37;5.67;682;45;2126.00;59
5449;45;628049424;5449;138;6128;6186;11.83;0.72;233.47;5.67;679;45;2127.00;58
5455;46;628049434;5455;136;6129;6186;11.78;0.72;233.42;5.67;674;46;2128.00;57
5459;46;628049455;5459;136;6132;6186;11.73;0.71;233.42;5.68;673;46;2129.00;54
5461;46;628049467;5461;136;6133;6187;11.63;0.71;233.46;5.68;672;46;2130.00;54
5466;46;628049478;5466;134;6134;6187;11.58;0.71;233.54;5.68;668;46;2131.00;53
5466;46;628049494;5466;134;6137;6193;11.51;0.70;233.54;5.68;671;46;2132.00;56
5468;46;628049505;5468;137;6139;6194;11.47;0.70;233.53;5.68;671;46;2133.00;55
5470;46;628049515;5470;142;6140;6194;11.53;0.71;233.49;5.68;670;46;2134.00;54
5477;46;628049524;5477;140;6140;6194;11.48;0.70;233.49;5.68;663;46;2135.00;54
5479;46;628049534;5479;141;6143;6198;11.55;0.70;233.51;5.68;664;46;2136.00;55
5484;46;628049544;5484;139;6144;6198;11.63;0.71;233.49;5.68;660;46;2137.00;54
5487;46;628049553;5487;140;6145;6198;11.71;0.71;233.50;5.68;658;46;2138.00;53
5491;46;628049562;5491;134;6147;6199;11.73;0.71;233.46;5.79;656;46;2139.00;52
5494;46;628049571;5494;127;6150;6203;11.74;0.71;233.46;5.79;656;46;2140.00;53
5500;46;628049580;5500;122;6150;6203;11.70;0.71;233.46;5.79;650;46;2141.00;53
5505;46;628049589;5505;122;6153;6206;11.66;0.71;233.35;5.78;648;46;2142.00;53
5510;46;628049599;5510;123;6153;6206;11.69;0.71;233.31;5.78;643;46;2143.00;53
5514;46;628049608;5514;123;6153;6206;11.73;0.71;233.29;5.78;639;46;2144.00;53
5518;46;628049617;5518;120;6155;6206;11.78;0.71;233.31;5.80;637;46;2145.00;51
5524;46;628049627;5524;118;6158;6210;11.85;0.72;233.22;5.80;634;46;2146.00;52
5526;46;628049637;5526;122;6159;6210;11.97;0.73;233.26;5.80;633;46;2147.00;51
5529;46;628049653;5529;117;6159;6210;12.10;0.73;233.25;5.80;630;46;2148.00;51
5530;46;628049663;5530;116;6159;6210;12.19;0.74;233.23;5.80;629;46;2149.00;51
5534;46;628049671;5534;112;6159;6211;12.24;0.74;233.16;5.80;625;46;2150.00;52
5536;46;628049681;5536;114;6160;6212;12.27;0.74;233.12;5.80;624;46;2151.00;52
5538;46;628049691;5538;115;6160;6212;12.28;0.75;233.11;5.80;622;46;2152.00;52
5541;46;628049700;5541;115;6161;6213;12.24;0.74;233.12;5.80;620;46;2153.00;52
5545;46;628049709;5545;119;6161;6213;12.11;0.74;233.12;5.80;616;46;2154.00;52
5546;46;628049718;5546;124;6161;6213;12.07;0.73;233.12;5.80;615;46;2155.00;52
5548;46;628049726;5548;130;6161;6213;11.98;0.73;233.18;5.80;613;46;2156.00;52
5553;46;628049735;5553;134;6161;6213;11.90;0.72;233.26;5.80;608;46;2157.00;52
5556;47;628049744;5556;135;6161;6213;11.87;0.72;233.22;5.80;605;47;2158.00;52
5559;47;628049764;5559;142;6161;6213;11.80;0.72;233.24;5.80;602;47;2159.00;52
5562;47;628049774;5562;177;6257;6443;11.38;0.71;233.29;5.71;695;47;2160.00;186
5564;47;628049800;5564;176;6258;6444;11.24;0.70;233.34;5.71;694;47;2161.00;186
5568;47;628049809;5568;168;6266;6444;11.23;0.70;233.43;5.70;698;47;2162.00;178
5572;47;628049825;5572;171;6272;6444;11.08;0.69;233.35;5.70;700;47;2163.00;172
5574;47;628049834;5574;166;6282;6444;10.94;0.68;233.31;5.70;708;47;2164.00;162
5575;47;628049843;5575;170;6287;6444;10.79;0.67;233.29;5.70;712;47;2165.00;157
5578;47;628049852;5578;164;6294;6444;10.64;0.66;233.22;5.70;716;47;2166.00;150
5581;47;628049861;5581;169;6300;6444;10.61;0.66;233.26;5.70;719;47;2167.00;144
5582;47;628049870;5582;177;6306;6445;10.56;0.65;233.23;5.70;724;47;2168.00;139
5585;47;628049885;5585;184;6313;6446;10.47;0.65;233.14;5.72;728;47;2169.00;133
5586;47;628049894;5586;186;6315;6446;10.36;0.64;233.14;5.72;729;47;2170.00;131
5586;47;628049903;5586;193;6321;6447;10.22;0.63;233.14;5.72;735;47;2171.00;126
5587;47;628049913;5587;198;6327;6447;10.12;0.63;233.13;5.75;740;47;2172.00;120
5590;47;628049922;5590;205;6331;6447;9.97;0.62;233.06;5.75;741;47;2173.00;116
5592;47;628049932;5592;213;6337;6447;9.79;0.60;233.02;5.78;745;47;2174.00;110
5592;47;628049941;5592;219;6344;6451;9.67;0.60;233.02;5.79;752;47;2175.00;107
5594;47;628049950;5594;227;6348;6451;9.55;0.59;232.99;5.80;754;47;2176.00;103
5598;47;628049961;5598;241;6350;6451;9.43;0.58;232.91;5.80;752;47;2177.00;101
5598;47;628049971;5598;250;6353;6454;9.34;0.57;232.91;5.81;755;47;2178.00;101
5598;47;628049980;5598;256;6356;6454;9.22;0.57;232.91;5.82;758;47;2179.00;98
5600;47;628049990;5600;266;6360;6454;9.03;0.55;232.92;5.85;760;47;2180.00;94
5600;47;628050016;5600;273;6366;6458;8.83;0.54;232.92;5.86;766;47;2181.00;92
5604;47;628050026;5604;284;6370;6459;8.58;0.53;232.87;5.87;766;47;2182.00;89
5605;47;628050038;5605;290;6375;6459;8.36;0.51;232.83;5.89;770;47;2183.00;84
5607;47;628050047;5607;297;6379;6463;8.22;0.51;232.78;5.90;772;47;2184.00;84
5607;47;628050063;5607;305;6383;6463;8.00;0.49;232.78;5.91;776;47;2185.00;80
5610;47;628050073;5610;313;6386;6463;7.82;0.48;232.75;5.92;776;47;2186.00;77
5611;47;628050087;5611;325;6387;6464;7.66;0.47;232.71;5.93;776;47;2187.00;77
5613;47;628050103;5613;328;6391;6464;7.49;0.46;232.67;5.94;778;47;2188.00;73
5615;47;628050111;5615;328;6397;6470;7.36;0.45;232.67;5.94;782;47;2189.00;73
5617;47;628050129;5617;329;6399;6470;7.24;0.44;232.71;5.95;782;47;2190.00;71
5618;47;628050138;5618;338;6402;6471;7.13;0.44;232.68;5.96;784;47;2191.00;69
5621;47;628050147;5621;344;6404;6471;7.10;0.43;232.60;5.97;783;47;2192.00;67
5621;47;628050156;5621;341;6407;6471;7.07;0.43;232.60;5.97;786;47;2193.00;64
5622;47;628050165;5622;349;6408;6471;7.07;0.43;232.56;5.98;786;47;2194.00;63
5622;47;628050174;5622;338;6409;6471;7.08;0.43;232.56;5.98;787;47;2195.00;62
5623;47;628050184;5623;334;6422;6483;7.19;0.44;232.54;5.98;799;47;2196.00;61
5624;47;628050194;5624;329;6424;6483;7.18;0.44;232.57;5.98;800;47;2197.00;59
5626;47;628050208;5626;328;6425;6483;7.24;0.44;232.53;5.98;799;47;2198.00;58
5626;47;628050227;5626;325;6426;6483;7.32;0.45;232.53;5.99;800;47;2199.00;57
5626;47;628050246;5626;320;6426;6483;7.37;0.45;232.53;5.99;800;47;2200.00;57
5630;47;628050269;5630;319;6426;6483;7.32;0.44;232.51;5.99;796;47;2201.00;57
5631;47;628050291;5631;315;6430;6487;7.26;0.44;232.50;5.99;799;47;2202.00;57
5632;48;628050305;5632;315;6432;6487;7.22;0.44;232.49;5.99;800;48;2203.00;55
5636;48;628050325;5636;316;6437;6491;7.16;0.44;232.49;5.99;801;48;2204.00;54
5639;48;628050348;5639;312;6439;6493;7.10;0.43;232.51;5.99;800;48;2205.00;54
5641;48;628050360;5641;312;6440;6493;7.06;0.43;232.49;5.99;799;48;2206.00;53
5645;48;628050370;5645;313;6440;6493;6.96;0.43;232.48;5.99;795;48;2207.00;53
5648;48;628050381;5648;313;6450;6506;6.91;0.42;232.49;5.98;802;48;2208.00;56
5651;48;628050394;5651;312;6451;6506;6.83;0.42;232.53;5.98;800;48;2209.00;55
5653;48;628050405;5653;298;6454;6508;6.81;0.42;232.58;5.98;801;48;2210.00;54
5655;48;628050415;5655;295;6456;6509;6.78;0.41;232.59;5.98;801;48;2211.00;53
5656;48;628050432;5656;295;6457;6510;6.77;0.41;232.62;5.98;801;48;2212.00;53
5657;48;628050444;5657;291;6457;6510;6.78;0.42;232.64;5.98;800;48;2213.00;53
5659;48;628050455;5659;287;6459;6513;6.85;0.42;232.70;5.98;800;48;2214.00;54
5661;48;628050471;5661;282;6459;6513;6.95;0.43;232.72;5.98;798;48;2215.00;54
5663;48;628050482;5663;281;6459;6513;7.08;0.43;232.77;5.98;796;48;2216.00;54
5667;48;628050492;5667;273;6459;6513;7.15;0.44;232.88;5.98;792;48;2217.00;54
5669;48;628050503;5669;265;6464;6519;7.29;0.45;232.87;5.97;795;48;2218.00;55
5672;48;628050514;5672;261;6464;6519;7.41;0.45;232.91;5.97;792;48;2219.00;55
5675;48;628050528;5675;253;6465;6519;7.55;0.46;232.88;5.97;790;48;2220.00;54
5679;48;628050539;5679;242;6465;6519;7.59;0.47;233.01;5.97;786;48;2221.00;54
5680;48;628050555;5680;239;6469;6523;7.69;0.47;232.98;5.97;789;48;2222.00;54
5683;48;628050566;5683;236;6472;6524;7.82;0.48;232.93;5.97;789;48;2223.00;52
5687;48;628050577;5687;238;6472;6524;7.91;0.49;232.89;5.97;785;48;2224.00;52
5690;48;628050588;5690;235;6473;6525;8.01;0.49;232.93;5.97;783;48;2225.00;52
5693;48;628050599;5693;234;6473;6525;8.02;0.49;232.92;5.97;780;48;2226.00;52
5699;48;628050609;5699;231;6473;6525;8.08;0.50;232.88;5.97;774;48;2227.00;52
5702;48;628050620;5702;234;6473;6525;8.15;0.50;232.87;5.97;771;48;2228.00;52
5705;48;628050630;5705;227;6473;6525;8.14;0.50;232.88;5.97;768;48;2229.00;52
5710;48;628050642;5710;222;6473;6525;8.12;0.50;232.86;5.97;763;48;2230.00;52
5716;48;628050652;5716;227;6473;6525;8.08;0.50;232.82;5.97;757;48;2231.00;52
5722;48;628050663;5722;228;6513;6595;8.14;0.50;232.93;5.93;791;48;2232.00;82
5726;48;628050686;5726;223;6515;6596;8.19;0.51;232.94;5.93;789;48;2233.00;81
5731;48;628050697;5731;217;6524;6596;8.31;0.51;232.91;5.92;793;48;2234.00;72
5737;48;628050708;5737;200;6528;6596;8.48;0.52;232.91;5.92;791;48;2235.00;68
5741;48;628050719;5741;195;6532;6596;8.64;0.53;232.87;5.92;791;48;2236.00;64
5748;48;628050730;5748;195;6534;6596;8.75;0.54;232.87;5.92;786;48;2237.00;62
5752;48;628050749;5752;190;6536;6596;8.84;0.54;232.91;5.92;784;48;2238.00;60
5757;48;628050761;5757;186;6537;6596;8.91;0.55;232.95;5.92;780;48;2239.00;59
5764;48;628050773;5764;182;6539;6597;9.01;0.55;233.02;5.92;775;48;2240.00;58
5770;48;628050786;5770;183;6541;6598;9.05;0.55;232.96;5.92;771;48;2241.00;57
5774;48;628050797;5774;182;6541;6598;9.02;0.55;233.07;5.92;767;48;2242.00;57
5778;48;628050809;5778;195;6544;6602;9.04;0.55;233.10;5.92;766;48;2243.00;58
5780;48;628050821;5780;199;6544;6602;9.11;0.55;233.08;5.92;764;48;2244.00;58
5782;48;628050833;5782;202;6544;6602;9.24;0.56;233.10;5.92;762;48;2245.00;58
5786;48;628050844;5786;204;6544;6602;9.31;0.57;233.24;5.92;758;48;2246.00;58
5788;48;628050862;5788;205;6549;6608;9.40;0.57;233.30;6.04;761;48;2247.00;59
5793;48;628050875;5793;210;6549;6608;9.38;0.57;233.37;6.04;756;48;2248.00;59
5799;48;628050887;5799;216;6550;6608;9.34;0.57;233.34;6.04;751;48;2249.00;58
5802;48;628050901;5802;215;6553;6614;9.38;0.57;233.39;6.03;751;48;2250.00;61
5807;48;628050913;5807;219;6554;6614;9.41;0.57;233.49;6.03;747;48;2251.00;60
5809;48;628050925;5809;218;6554;6614;9.38;0.57;233.50;6.03;745;48;2252.00;60
5814;48;628050937;5814;218;6555;6615;9.39;0.57;233.51;6.03;741;48;2253.00;60
5816;48;628050949;5816;217;6556;6616;9.36;0.57;233.53;6.03;740;48;2254.00;60
5818;48;628050961;5818;221;6557;6616;9.30;0.57;233.62;6.03;739;48;2255.00;59
5820;49;628050972;5820;227;6567;6629;9.43;0.58;233.71;6.02;747;49;2256.00;62
5822;49;628050997;5822;218;6568;6629;9.45;0.58;233.65;6.02;746;49;2257.00;61
5827;49;628051008;5827;212;6568;6629;9.44;0.58;233.73;6.02;741;49;2258.00;61
5829;49;628051020;5829;199;6569;6630;9.47;0.58;233.79;6.02;740;49;2259.00;61
5834;49;628051032;5834;194;6569;6630;9.56;0.58;233.72;6.02;735;49;2260.00;61
5838;49;628051044;5838;196;6572;6634;9.62;0.59;233.76;6.02;734;49;2261.00;62
5841;49;628051056;5841;194;6573;6634;9.64;0.59;233.85;6.02;732;49;2262.00;61
5844;49;628051067;5844;194;6576;6638;9.58;0.58;233.87;6.02;732;49;2263.00;62
5848;49;628051079;5848;197;6576;6638;9.56;0.58;233.97;6.02;728;49;2264.00;62
5850;49;628051092;5850;197;6576;6638;9.62;0.59;234.00;6.02;726;49;2265.00;62
5853;49;628051103;5853;183;6576;6638;9.67;0.59;234.01;6.02;723;49;2266.00;62
5855;49;628051116;5855;175;6576;6638;9.78;0.60;234.06;6.02;721;49;2267.00;62
5858;49;628051127;5858;168;6586;6650;9.89;0.60;234.08;6.01;728;49;2268.00;64
5861;49;628051141;5861;154;6587;6650;10.08;0.61;234.12;6.01;726;49;2269.00;63
5865;49;628051154;5865;152;6587;6650;10.22;0.62;234.09;6.01;722;49;2270.00;63
5870;49;628051166;5870;148;6587;6650;10.32;0.63;234.15;6.01;717;49;2271.00;63
5873;49;628051184;5873;145;6587;6650;10.46;0.64;234.19;6.01;714;49;2272.00;63
5875;49;628051203;5875;143;6587;6650;10.59;0.64;234.21;6.01;712;49;2273.00;63
5877;49;628051218;5877;133;6587;6651;10.76;0.66;234.25;6.01;710;49;2274.00;64
5883;49;628051230;5883;127;6587;6651;10.87;0.66;234.27;6.01;704;49;2275.00;64
5883;49;628051244;5883;125;6591;6657;11.05;0.67;234.27;6.00;708;49;2276.00;66
5886;50;628051262;5886;122;6592;6658;11.13;0.68;234.35;6.00;706;50;2277.00;66
5888;50;628051285;5888;123;6593;6658;11.21;0.68;234.35;6.00;705;50;2278.00;65
5892;50;628051296;5892;120;6593;6658;11.29;0.69;234.32;6.00;701;50;2279.00;65
5895;50;628051310;5895;124;6597;6663;11.37;0.69;234.41;6.00;702;50;2280.00;66
5900;50;628051322;5900;126;6597;6663;11.49;0.70;234.38;6.00;697;50;2281.00;66
5903;50;628051334;5903;118;6597;6663;11.57;0.70;234.40;6.00;694;50;2282.00;66
5907;50;628051346;5907;118;6598;6664;11.61;0.70;234.40;6.00;691;50;2283.00;66
5909;50;628051357;5909;127;6601;6668;11.64;0.70;234.40;6.00;692;50;2284.00;67
5913;50;628051368;5913;122;6601;6668;11.58;0.70;234.40;6.00;688;50;2285.00;67
5915;50;628051379;5915;125;6603;6671;11.60;0.70;234.51;5.99;688;50;2286.00;68
5915;50;628051391;5915;129;6603;6671;11.59;0.70;234.51;5.99;688;50;2287.00;68
5919;50;628051401;5919;135;6604;6671;11.59;0.70;234.55;5.99;685;50;2288.00;67
5921;50;628051412;5921;139;6604;6671;11.66;0.71;234.58;5.99;683;50;2289.00;67
5923;50;628051423;5923;140;6607;6675;11.70;0.71;234.54;5.99;684;50;2290.00;68
5927;50;628051433;5927;139;6607;6675;11.68;0.71;234.56;5.99;680;50;2291.00;68
5930;50;628051450;5930;138;6608;6675;11.71;0.71;234.64;5.99;678;50;2292.00;67
5931;50;628051461;5931;132;6608;6675;11.76;0.71;234.64;5.99;677;50;2293.00;67
5935;50;628051478;5935;135;6608;6676;11.71;0.71;234.80;5.99;673;50;2294.00;68
5937;50;628051494;5937;137;6610;6678;11.74;0.71;234.82;5.99;673;50;2295.00;68
5939;50;628051504;5939;135;6610;6678;11.77;0.71;234.81;5.99;671;50;2296.00;68
5945;50;628051514;5945;141;6611;6679;11.73;0.71;234.82;5.99;666;50;2297.00;68
5947;50;628051525;5947;141;6611;6679;11.65;0.71;234.80;5.99;664;50;2298.00;68
5950;50;628051540;5950;142;6611;6679;11.58;0.70;234.87;5.99;661;50;2299.00;68
5953;50;628051551;5953;145;6611;6679;11.55;0.70;234.84;5.99;658;50;2300.00;68
5957;50;628051564;5957;145;6611;6679;11.51;0.70;234.88;5.99;654;50;2301.00;68
5959;50;628051573;5959;148;6611;6679;11.47;0.70;234.84;5.99;652;50;2302.00;68
5960;50;628051583;5960;148;6611;6679;11.44;0.69;234.88;5.99;651;50;2303.00;68
5962;50;628051592;5962;181;6681;6806;11.06;0.68;234.91;5.93;719;50;2304.00;125
5964;50;628051611;5964;171;6681;6807;11.10;0.68;234.94;5.93;717;50;2305.00;126
5969;50;628051621;5969;165;6687;6807;11.15;0.68;234.90;5.92;718;50;2306.00;120
5970;50;628051631;5970;161;6689;6807;11.23;0.69;234.93;5.92;719;50;2307.00;118
5974;50;628051640;5974;161;6693;6807;11.28;0.69;234.87;5.92;719;50;2308.00;114
5977;50;628051649;5977;155;6696;6807;11.32;0.69;234.84;5.92;719;50;2309.00;111
5981;50;628051660;5981;154;6700;6807;11.36;0.69;234.89;5.92;719;50;2310.00;107
5983;50;628051670;5983;157;6703;6807;11.37;0.69;234.90;5.92;720;50;2311.00;104
5985;50;628051691;5985;151;6706;6808;11.39;0.69;234.86;5.92;721;50;2312.00;102
5989;50;628051701;5989;149;6710;6809;11.38;0.69;234.87;5.92;721;50;2313.00;99
5991;50;628051712;5991;146;6714;6809;11.40;0.69;234.83;5.94;723;50;2314.00;95
5994;50;628051723;5994;147;6718;6810;11.41;0.70;234.81;5.95;724;50;2315.00;92
5998;50;628051734;5998;144;6721;6810;11.41;0.70;234.78;5.95;723;50;2316.00;89
6000;50;628051745;6000;145;6724;6810;11.35;0.69;234.78;5.96;724;50;2317.00;86
6001;50;628051754;6001;139;6726;6810;11.23;0.69;234.76;5.96;725;50;2318.00;84
6006;50;628051764;6006;139;6729;6814;11.14;0.68;234.71;5.96;723;50;2319.00;85
6009;50;628051776;6009;141;6732;6814;11.03;0.67;234.71;5.96;723;50;2320.00;82
6011;50;628051786;6011;136;6733;6814;10.90;0.67;234.68;5.96;722;50;2321.00;81
6015;50;628051796;6015;140;6736;6817;10.86;0.66;234.57;5.96;721;50;2322.00;81
6017;50;628051806;6017;146;6736;6817;10.77;0.66;234.54;5.96;719;50;2323.00;81
6020;50;628051817;6020;148;6737;6817;10.71;0.65;234.58;5.96;717;50;2324.00;80
6021;50;628051826;6021;154;6740;6821;10.67;0.65;234.59;5.96;719;50;2325.00;81
6025;50;628051835;6025;160;6742;6822;10.74;0.65;234.60;5.96;717;50;2326.00;80
6026;50;628051846;6026;169;6744;6822;10.73;0.65;234.59;5.96;718;50;2327.00;78
6028;50;628051855;6028;173;6746;6826;10.70;0.65;234.53;5.96;718;50;2328.00;80
6032;50;628051865;6032;174;6747;6826;10.55;0.64;234.45;5.96;715;50;2329.00;79
6034;50;628051880;6034;181;6747;6826;10.39;0.63;234.43;5.96;713;50;2330.00;79
6038;50;628051890;6038;187;6748;6827;10.22;0.62;234.42;5.96;710;50;2331.00;79
6042;50;628051899;6042;191;6748;6827;10.10;0.61;234.37;5.96;706;50;2332.00;79
6044;50;628051909;6044;197;6752;6833;10.05;0.61;234.32;5.95;708;50;2333.00;81
6044;50;628051919;6044;204;6753;6833;9.91;0.60;234.32;5.95;709;50;2334.00;80
6044;50;628051928;6044;211;6753;6834;9.84;0.60;234.32;5.95;709;50;2335.00;81
6046;50;628051937;6046;224;6754;6834;9.70;0.59;234.28;5.97;708;50;2336.00;80
6051;50;628051946;6051;229;6754;6834;9.53;0.58;234.23;5.97;703;50;2337.00;80
6052;50;628051955;6052;240;6754;6834;9.44;0.57;234.21;5.97;702;50;2338.00;80
6052;50;628051964;6052;241;6755;6834;9.35;0.57;234.21;5.98;703;50;2339.00;79
6055;50;628051975;6055;252;6778;6870;9.29;0.57;234.18;5.97;723;50;2340.00;92
6057;50;628051986;6057;254;6780;6870;9.20;0.56;234.18;5.98;723;50;2341.00;90
6059;50;628051996;6059;260;6783;6870;9.15;0.56;234.13;5.98;724;50;2342.00;87
6059;50;628052005;6059;263;6787;6870;9.11;0.56;234.13;6.00;728;50;2343.00;83
6061;50;628052014;6061;271;6788;6870;9.07;0.55;234.11;6.01;727;50;2344.00;82
6062;50;628052023;6062;275;6789;6870;8.97;0.55;234.08;6.01;727;50;2345.00;81
6063;50;628052038;6063;276;6793;6874;8.89;0.54;234.07;6.02;730;50;2346.00;81
6064;50;628052047;6064;262;6795;6874;8.88;0.54;234.07;6.03;731;50;2347.00;79
6064;50;628052055;6064;258;6798;6878;8.85;0.54;234.07;6.03;734;50;2348.00;80
6065;50;628052065;6065;249;6801;6879;8.82;0.54;234.06;6.05;736;50;2349.00;78
6066;50;628052074;6066;242;6803;6879;8.84;0.54;234.07;6.05;737;50;2350.00;76
6067;50;628052082;6067;241;6805;6879;8.84;0.54;234.04;6.06;738;50;2351.00;74
6069;52;628052092;6069;243;6818;6892;8.76;0.53;233.99;6.07;749;52;2352.00;74
6070;52;628052129;6070;243;6819;6892;8.74;0.53;233.98;6.08;749;52;2353.00;73
6071;52;628052139;6071;242;6821;6892;8.75;0.54;233.97;6.09;750;52;2354.00;71
6072;53;628052148;6072;241;6823;6893;8.81;0.54;233.96;6.09;751;53;2355.00;70
6072;53;628052168;6072;238;6824;6894;8.78;0.54;233.96;6.10;752;53;2356.00;70
6073;53;628052177;6073;246;6825;6894;8.73;0.53;233.96;6.10;752;53;2357.00;69
6074;53;628052192;6074;251;6827;6897;8.76;0.54;233.97;6.10;753;53;2358.00;70
6075;53;628052214;6075;246;6828;6897;8.71;0.53;233.95;6.11;753;53;2359.00;69
6076;53;628052229;6076;250;6829;6897;8.70;0.53;233.92;6.11;753;53;2360.00;68
6077;53;628052245;6077;245;6830;6897;8.62;0.53;233.91;6.11;753;53;2361.00;67
6080;53;628052273;6080;247;6836;6903;8.60;0.53;233.86;6.13;756;53;2362.00;67
6082;53;628052289;6082;246;6836;6903;8.59;0.53;233.85;6.13;754;53;2363.00;67
6083;53;628052304;6083;245;6839;6903;8.54;0.52;233.84;6.14;756;53;2364.00;64
6084;53;628052316;6084;246;6839;6903;8.48;0.52;233.83;6.14;755;53;2365.00;64
6084;53;628052327;6084;243;6843;6907;8.43;0.52;233.83;6.14;759;53;2366.00;64
6085;53;628052337;6085;245;6844;6908;8.40;0.51;233.80;6.14;759;53;2367.00;64
6088;53;628052348;6088;248;6847;6908;8.36;0.51;233.79;6.15;759;53;2368.00;61
6089;53;628052359;6089;242;6848;6909;8.37;0.51;233.81;6.15;759;53;2369.00;61
6095;53;628052371;6095;248;6848;6909;8.31;0.51;233.76;6.15;753;53;2370.00;61
6098;53;628052382;6098;246;6850;6909;8.31;0.51;233.76;6.16;752;53;2371.00;59
6103;53;628052392;6103;242;6850;6909;8.24;0.51;233.77;6.16;747;53;2372.00;59
6105;53;628052401;6105;243;6852;6909;8.20;0.50;233.84;6.16;747;53;2373.00;57
6114;53;628052411;6114;232;6852;6909;8.10;0.50;233.93;6.16;738;53;2374.00;57
6116;53;628052421;6116;231;6853;6909;8.04;0.49;233.94;6.16;737;53;2375.00;56
6123;53;628052431;6123;238;6893;6979;8.06;0.49;234.02;6.12;770;53;2376.00;86
6126;53;628052447;6126;236;6896;6980;7.98;0.49;234.03;6.12;770;53;2377.00;84
6130;53;628052457;6130;236;6906;6980;7.94;0.49;234.06;6.12;776;53;2378.00;74
6135;53;628052467;6135;235;6906;6980;7.80;0.48;234.01;6.12;771;53;2379.00;74
6140;53;628052477;6140;234;6911;6980;7.73;0.47;234.02;6.12;771;53;2380.00;69
6145;53;628052487;6145;231;6912;6980;7.68;0.47;234.04;6.11;767;53;2381.00;68
6148;53;628052498;6148;237;6915;6980;7.65;0.47;234.01;6.11;767;53;2382.00;65
6152;53;628052508;6152;232;6919;6980;7.64;0.47;234.07;6.12;767;53;2383.00;61
6154;53;628052517;6154;232;6920;6981;7.64;0.47;234.04;6.12;766;53;2384.00;61
6157;53;628052527;6157;229;6925;6983;7.71;0.47;234.08;6.12;768;53;2385.00;58
6160;53;628052537;6160;234;6926;6983;7.74;0.47;234.07;6.11;766;53;2386.00;57
6162;53;628052547;6162;234;6930;6987;7.83;0.48;234.09;6.11;768;53;2387.00;57
6165;53;628052557;6165;229;6930;6987;7.93;0.48;234.11;6.11;765;53;2388.00;57
6168;53;628052569;6168;225;6930;6987;8.05;0.49;234.15;6.11;762;53;2389.00;57
6169;53;628052579;6169;222;6930;6987;8.21;0.50;234.14;6.11;761;53;2390.00;57
6174;53;628052589;6174;222;6935;6993;8.30;0.51;234.19;6.11;761;53;2391.00;58
6178;53;628052601;6178;225;6936;6993;8.45;0.52;234.21;6.11;758;53;2392.00;57
6180;53;628052611;6180;221;6936;6993;8.56;0.53;234.22;6.11;756;53;2393.00;57
6188;53;628052622;6188;222;6939;6996;8.68;0.53;234.22;6.10;751;53;2394.00;57
6190;53;628052634;6190;218;6939;6996;8.77;0.54;234.29;6.10;749;53;2395.00;57
6195;53;628052646;6195;217;6939;6996;8.84;0.54;234.33;6.10;744;53;2396.00;57
6201;53;628052657;6201;214;6940;6997;8.90;0.54;234.32;6.10;739;53;2397.00;57
6206;53;628052667;6206;209;6941;6998;8.97;0.55;234.24;6.10;735;53;2398.00;57
6210;53;628052678;6210;207;6941;6998;8.99;0.55;234.25;6.10;731;53;2399.00;57
6215;53;628052691;6215;209;6965;7057;9.01;0.55;234.27;6.08;750;53;2400.00;92
6218;53;628052712;6218;199;6966;7057;9.11;0.56;234.24;6.08;748;53;2401.00;91
6224;53;628052724;6224;197;6969;7057;9.09;0.55;234.26;6.08;745;53;2402.00;88
6228;53;628052743;6228;196;6970;7058;9.19;0.56;234.46;6.08;742;53;2403.00;88
6231;53;628052755;6231;198;6972;7058;9.22;0.56;234.45;6.08;741;53;2404.00;86
6236;53;628052767;6236;197;6975;7062;9.25;0.56;234.48;6.08;739;53;2405.00;87
6242;53;628052779;6242;196;6976;7062;9.23;0.56;234.55;6.08;734;53;2406.00;86
6244;53;628052792;6244;198;6979;7066;9.36;0.57;234.52;6.07;735;53;2407.00;87
6247;53;628052803;6247;209;6981;7066;9.31;0.57;234.54;6.08;734;53;2408.00;85
6252;53;628052815;6252;206;6982;7066;9.30;0.57;234.69;6.08;730;53;2409.00;84
6256;53;628052827;6256;211;6983;7066;9.29;0.57;234.72;6.08;727;53;2410.00;83
6263;53;628052839;6263;210;6983;7066;9.31;0.57;234.74;6.08;720;53;2411.00;83
6266;53;628052851;6266;207;6991;7078;9.35;0.57;234.84;6.07;725;53;2412.00;87
6269;53;628052871;6269;212;6992;7078;9.35;0.57;234.91;6.07;723;53;2413.00;86
6275;53;628052882;6275;213;6993;7078;9.33;0.57;234.93;6.07;718;53;2414.00;85
6277;53;628052894;6277;219;6994;7078;9.38;0.57;235.00;6.07;717;53;2415.00;84
6280;53;628052905;6280;216;6994;7078;9.38;0.57;234.96;6.07;714;53;2416.00;84
6285;53;628052917;6285;213;6994;7078;9.30;0.57;235.03;6.07;709;53;2417.00;84
6288;53;628052928;6288;218;6994;7079;9.33;0.57;235.08;6.07;706;53;2418.00;85
6291;53;628052940;6291;222;6997;7079;9.31;0.57;235.04;6.08;706;53;2419.00;82
6295;53;628052951;6295;222;7000;7085;9.28;0.57;235.09;6.07;705;53;2420.00;85
6296;53;628052963;6296;225;7002;7086;9.30;0.57;235.06;6.08;706;53;2421.00;84
6304;53;628052975;6304;227;7002;7086;9.26;0.57;235.15;6.08;698;53;2422.00;84
6309;53;628052986;6309;226;7002;7086;9.23;0.56;235.23;6.08;693;53;2423.00;84
6311;53;628052997;6311;230;7004;7090;9.33;0.57;235.26;6.07;693;53;2424.00;86
6314;53;628053009;6314;233;7005;7090;9.33;0.57;235.25;6.08;691;53;2425.00;85
6315;53;628053020;6315;232;7005;7090;9.28;0.57;235.28;6.08;690;53;2426.00;85
6317;53;628053030;6317;225;7007;7091;9.23;0.56;235.32;6.08;690;53;2427.00;84
6326;53;628053042;6326;218;7012;7095;9.12;0.56;235.34;6.08;686;53;2428.00;83
6330;53;628053053;6330;214;7013;7095;9.06;0.55;235.34;6.08;683;53;2429.00;82
6335;53;628053065;6335;214;7016;7101;9.09;0.55;235.35;6.08;681;53;2430.00;85
6341;53;628053077;6341;216;7017;7101;9.02;0.55;235.41;6.08;676;53;2431.00;84
6343;53;628053089;6343;215;7017;7101;9.01;0.55;235.51;6.08;674;53;2432.00;84
6346;53;628053099;6346;217;7019;7101;8.96;0.54;235.53;6.09;673;53;2433.00;82
6349;53;628053116;6349;222;7023;7105;8.97;0.55;235.54;6.08;674;53;2434.00;82
6353;53;628053133;6353;226;7023;7105;9.01;0.55;235.54;6.08;670;53;2435.00;82
6356;53;628053145;6356;216;7024;7105;9.05;0.55;235.62;6.08;668;53;2436.00;81
6361;53;628053156;6361;200;7025;7105;9.12;0.56;235.66;6.08;664;53;2437.00;80
6364;53;628053167;6364;185;7026;7106;9.12;0.56;235.68;6.08;662;53;2438.00;80
6367;53;628053183;6367;175;7028;7107;9.14;0.56;235.70;6.09;661;53;2439.00;79
6368;53;628053194;6368;171;7028;7107;9.19;0.56;235.71;6.09;660;53;2440.00;79
6370;53;628053206;6370;168;7029;7108;9.33;0.57;235.71;6.09;659;53;2441.00;79
6374;53;628053218;6374;159;7029;7108;9.36;0.57;235.72;6.09;655;53;2442.00;79
6377;53;628053229;6377;155;7029;7108;9.44;0.58;235.80;6.09;652;53;2443.00;79
6380;53;628053240;6380;151;7029;7108;9.56;0.58;235.82;6.09;649;53;2444.00;79
6380;53;628053250;6380;149;7030;7108;9.74;0.59;235.82;6.09;650;53;2445.00;78
6382;53;628053260;6382;146;7030;7108;9.95;0.61;235.83;6.09;648;53;2446.00;78
6385;53;628053270;6385;148;7031;7108;10.07;0.62;235.84;6.23;646;53;2447.00;77
6386;53;628053280;6386;160;7094;7235;10.27;0.64;235.86;6.18;708;53;2448.00;141
6390;53;628053300;6390;150;7098;7236;10.34;0.64;235.85;6.18;708;53;2449.00;138
6390;53;628053312;6390;145;7103;7236;10.42;0.64;235.85;6.17;713;53;2450.00;133
6393;53;628053328;6393;143;7110;7236;10.55;0.65;235.86;6.18;717;53;2451.00;126
6394;53;628053338;6394;139;7113;7236;10.64;0.66;235.85;6.18;719;53;2452.00;123
6397;53;628053348;6397;137;7115;7236;10.71;0.66;235.89;6.18;718;53;2453.00;121
6402;53;628053359;6402;142;7119;7236;10.76;0.66;235.90;6.18;717;53;2454.00;117
6405;53;628053369;6405;145;7122;7236;10.74;0.66;235.87;6.18;717;53;2455.00;114
6408;53;628053379;6408;143;7125;7237;10.76;0.66;235.97;6.18;717;53;2456.00;112
6412;53;628053390;6412;148;7128;7238;10.70;0.66;235.98;6.19;716;53;2457.00;110
6415;53;628053400;6415;153;7132;7238;10.63;0.65;235.95;6.19;717;53;2458.00;106
6418;53;628053416;6418;159;7134;7239;10.59;0.65;235.95;6.19;716;53;2459.00;105
6419;53;628053428;6419;164;7136;7239;10.52;0.64;235.94;6.19;717;53;2460.00;103
6423;53;628053438;6423;173;7140;7239;10.48;0.64;235.95;6.19;717;53;2461.00;99
6424;53;628053448;6424;178;7142;7239;10.47;0.64;235.96;6.20;718;53;2462.00;97
6424;53;628053457;6424;185;7148;7243;10.46;0.64;235.96;6.34;724;53;2463.00;95
6426;53;628053474;6426;188;7148;7243;10.48;0.64;235.93;6.34;722;53;2464.00;95
6430;53;628053483;6430;194;7152;7243;10.45;0.64;236.01;6.35;722;53;2465.00;91
6431;53;628053493;6431;190;7154;7246;10.43;0.64;235.99;6.35;723;53;2466.00;92
6435;53;628053504;6435;186;7155;7246;10.46;0.64;235.93;6.35;720;53;2467.00;91
6438;53;628053519;6438;192;7158;7246;10.48;0.64;235.87;6.36;720;53;2468.00;88
6439;53;628053529;6439;192;7162;7250;10.50;0.64;235.88;6.36;723;53;2469.00;88
6440;53;628053538;6440;198;7164;7251;10.47;0.64;235.87;6.36;724;53;2470.00;87
6443;53;628053547;6443;195;7165;7251;10.46;0.64;235.80;6.36;722;53;2471.00;86
6445;53;628053556;6445;196;7168;7255;10.44;0.64;235.77;6.36;723;53;2472.00;87
6450;53;628053566;6450;196;7169;7255;10.38;0.63;235.82;6.48;719;53;2473.00;86
6452;53;628053575;6452;199;7169;7255;10.27;0.63;235.76;6.48;717;53;2474.00;86
6453;53;628053594;6453;199;7171;7257;10.24;0.62;235.74;6.48;718;53;2475.00;86
6454;53;628053604;6454;199;7171;7257;10.24;0.62;235.72;6.48;717;53;2476.00;86
6456;53;628053613;6456;202;7175;7263;10.25;0.63;235.72;6.48;719;53;2477.00;88
6458;53;628053622;6458;206;7175;7263;10.22;0.62;235.73;6.48;717;53;2478.00;88
6462;53;628053631;6462;201;7176;7264;10.25;0.62;235.68;6.48;714;53;2479.00;88
6463;53;628053640;6463;200;7176;7264;10.21;0.62;235.67;6.48;713;53;2480.00;88
6464;53;628053650;6464;202;7177;7264;10.26;0.63;235.64;6.60;713;53;2481.00;87
6468;53;628053658;6468;194;7177;7264;10.28;0.63;235.60;6.60;709;53;2482.00;87
6472;53;628053667;6472;187;7177;7264;10.30;0.63;235.56;6.60;705;53;2483.00;87
6477;53;628053676;6477;179;7187;7276;10.35;0.63;235.50;6.59;710;53;2484.00;89
6479;53;628053686;6479;177;7189;7276;10.34;0.63;235.46;6.61;710;53;2485.00;87
6481;53;628053696;6481;176;7190;7276;10.39;0.63;235.45;6.61;709;53;2486.00;86
6484;53;628053705;6484;179;7190;7276;10.46;0.64;235.55;6.61;706;53;2487.00;86
6486;53;628053714;6486;175;7190;7276;10.47;0.64;235.52;6.61;704;53;2488.00;86
6487;53;628053723;6487;174;7191;7276;10.45;0.64;235.50;6.73;704;53;2489.00;85
6490;53;628053733;6490;178;7194;7280;10.46;0.63;235.45;6.73;704;53;2490.00;86
6491;54;628053743;6491;179;7194;7280;10.52;0.64;235.47;6.73;703;54;2491.00;86
6491;54;628053767;6491;182;7197;7284;10.62;0.65;235.47;6.73;706;54;2492.00;87
6491;54;628053776;6491;189;7199;7285;10.63;0.65;235.47;6.73;708;54;2493.00;86
6491;54;628053791;6491;191;7200;7285;10.60;0.64;235.47;6.85;709;54;2494.00;85
6493;54;628053799;6493;190;7200;7285;10.54;0.64;235.46;6.85;707;54;2495.00;85
6493;54;628053808;6493;195;7209;7298;10.46;0.64;235.46;6.85;716;54;2496.00;89
6494;54;628053819;6494;195;7209;7298;10.44;0.64;235.44;6.85;715;54;2497.00;89
6494;54;628053834;6494;197;7210;7298;10.41;0.63;235.44;6.85;716;54;2498.00;88
6498;54;628053844;6498;194;7211;7299;10.46;0.64;235.39;6.85;713;54;2499.00;88
6500;54;628053854;6500;185;7211;7300;10.46;0.64;235.36;6.85;711;54;2500.00;89
6504;54;628053868;6504;176;7211;7300;10.43;0.63;235.45;6.85;707;54;2501.00;89
6505;54;628053878;6505;173;7214;7303;10.47;0.64;235.42;6.86;709;54;2502.00;89
6510;54;628053888;6510;171;7215;7303;10.47;0.64;235.36;6.86;705;54;2503.00;88
6513;54;628053902;6513;165;7216;7303;10.45;0.63;235.33;6.98;703;54;2504.00;87
6514;54;628053912;6514;167;7216;7303;10.47;0.63;235.31;6.98;702;54;2505.00;87
6516;54;628053922;6516;163;7220;7309;10.54;0.64;235.31;6.97;704;54;2506.00;89
6518;54;628053932;6518;160;7222;7309;10.49;0.63;235.32;7.00;704;54;2507.00;87
6519;54;628053943;6519;159;7223;7309;10.49;0.64;235.40;7.00;704;54;2508.00;86
6519;54;628053958;6519;157;7224;7309;10.45;0.63;235.40;7.00;705;54;2509.00;85
6521;54;628053968;6521;157;7228;7313;10.42;0.63;235.37;7.01;707;54;2510.00;85
6523;54;628053978;6523;157;7231;7314;10.37;0.63;235.46;7.01;708;54;2511.00;83
6524;54;628053988;6524;162;7233;7314;10.26;0.62;235.44;7.04;709;54;2512.00;81
6526;54;628053998;6526;167;7236;7315;10.19;0.62;235.44;7.05;710;54;2513.00;79
6528;54;628054008;6528;171;7239;7315;10.15;0.62;235.40;7.09;711;54;2514.00;76
6528;54;628054018;6528;177;7239;7315;10.09;0.61;235.40;7.09;711;54;2515.00;76
6531;54;628054027;6531;180;7240;7315;10.02;0.61;235.42;7.10;709;54;2516.00;75
6532;54;628054036;6532;184;7242;7315;9.90;0.60;235.44;7.12;710;54;2517.00;73
6533;54;628054046;6533;186;7242;7315;9.86;0.60;235.45;7.12;709;54;2518.00;73
6533;54;628054055;6533;184;7243;7315;9.87;0.60;235.45;7.13;710;54;2519.00;72
6536;54;628054066;6536;198;7299;7440;9.85;0.61;235.44;7.08;763;54;2520.00;141
6537;54;628054084;6537;196;7303;7441;9.79;0.60;235.43;7.09;766;54;2521.00;138
6538;54;628054094;6538;195;7317;7441;9.87;0.61;235.45;7.08;779;54;2522.00;124
6540;54;628054103;6540;199;7324;7441;9.87;0.61;235.55;7.08;784;54;2523.00;117
6541;54;628054112;6541;208;7332;7441;9.83;0.60;235.57;7.08;791;54;2524.00;109
6542;54;628054122;6542;211;7334;7441;9.80;0.60;235.56;7.08;792;54;2525.00;107
6544;54;628054131;6544;215;7340;7441;9.75;0.60;235.67;7.09;796;54;2526.00;101
6549;54;628054140;6549;216;7342;7441;9.60;0.59;235.65;7.09;793;54;2527.00;99
6550;54;628054156;6550;218;7350;7442;9.52;0.58;235.67;7.10;800;54;2528.00;92
6554;54;628054171;6554;220;7352;7443;9.41;0.58;235.67;7.10;798;54;2529.00;91
6556;54;628054187;6556;224;7354;7443;9.33;0.57;235.73;7.11;798;54;2530.00;89
6558;54;628054207;6558;223;7361;7447;9.14;0.56;235.75;7.11;803;54;2531.00;86
6563;54;628054227;6563;222;7362;7447;8.99;0.55;235.80;7.11;799;54;2532.00;85
6563;54;628054243;6563;217;7364;7447;8.89;0.55;235.80;7.12;801;54;2533.00;83
6565;54;628054260;6565;218;7365;7447;8.83;0.54;235.78;7.13;800;54;2534.00;82
6568;54;628054277;6568;224;7371;7453;8.81;0.54;235.79;7.13;803;54;2535.00;82
6570;54;628054294;6570;231;7372;7453;8.82;0.54;235.83;7.13;802;54;2536.00;81
6573;54;628054309;6573;238;7375;7455;8.76;0.54;235.79;7.14;802;54;2537.00;80
6576;54;628054322;6576;245;7377;7458;8.74;0.53;235.77;7.14;801;54;2538.00;81
6582;54;628054335;6582;250;7379;7458;8.69;0.53;235.74;7.15;797;54;2539.00;79
6584;54;628054348;6584;256;7380;7458;8.72;0.53;235.77;7.15;796;54;2540.00;78
6585;54;628054359;6585;254;7381;7459;8.72;0.53;235.75;7.16;796;54;2541.00;78
6591;54;628054370;6591;260;7383;7460;8.65;0.53;235.76;7.17;792;54;2542.00;77
6595;54;628054383;6595;264;7383;7460;8.58;0.52;235.82;7.17;788;54;2543.00;77
6598;54;628054395;6598;260;7395;7473;8.47;0.52;235.83;7.16;797;54;2544.00;78
6604;54;628054410;6604;269;7395;7473;8.35;0.51;235.77;7.16;791;54;2545.00;78
6607;54;628054421;6607;268;7396;7473;8.21;0.50;235.76;7.16;789;54;2546.00;77
6609;54;628054432;6609;267;7398;7474;8.11;0.50;235.77;7.17;789;54;2547.00;76
6612;54;628054444;6612;264;7400;7474;7.96;0.49;235.79;7.17;788;54;2548.00;74
6614;54;628054454;6614;270;7405;7478;7.83;0.48;235.85;7.17;791;54;2549.00;73
6618;54;628054467;6618;265;7406;7481;7.75;0.48;235.88;7.17;788;54;2550.00;75
6623;54;628054479;6623;266;7412;7485;7.65;0.47;235.90;7.17;789;54;2551.00;73
6627;54;628054491;6627;259;7414;7485;7.60;0.47;235.96;7.17;787;54;2552.00;71
6632;54;628054503;6632;255;7414;7485;7.60;0.47;236.00;7.17;782;54;2553.00;71
6636;54;628054521;6636;251;7415;7485;7.64;0.47;235.98;7.18;779;54;2554.00;70
6642;54;628054532;6642;246;7415;7485;7.63;0.47;236.03;7.18;773;54;2555.00;70
6643;54;628054544;6643;250;7427;7497;7.78;0.48;236.03;7.16;784;54;2556.00;70
6647;54;628054556;6647;244;7427;7497;7.84;0.48;236.08;7.16;780;54;2557.00;70
6652;54;628054568;6652;245;7427;7497;7.91;0.49;236.25;7.16;775;54;2558.00;70
6652;54;628054580;6652;238;7427;7497;8.12;0.50;236.25;7.16;775;54;2559.00;70
6657;54;628054592;6657;239;7427;7497;8.25;0.51;236.30;7.16;770;54;2560.00;70
6660;54;628054605;6660;235;7427;7497;8.30;0.51;236.35;7.16;767;54;2561.00;70
6663;54;628054616;6663;225;7427;7498;8.36;0.52;236.34;7.16;764;54;2562.00;71
6667;54;628054626;6667;223;7427;7498;8.42;0.52;236.40;7.16;760;54;2563.00;71
6673;54;628054637;6673;226;7432;7504;8.47;0.52;236.48;7.16;759;54;2564.00;72
6676;54;628054649;6676;226;7434;7506;8.59;0.53;236.47;7.16;758;54;2565.00;72
6680;54;628054660;6680;224;7434;7506;8.73;0.54;236.48;7.16;754;54;2566.00;72
6686;54;628054671;6686;226;7434;7506;8.87;0.55;236.52;7.16;748;54;2567.00;72
6693;54;628054682;6693;221;7437;7510;8.98;0.56;236.54;7.16;744;54;2568.00;73
6698;54;628054693;6698;217;7437;7510;9.11;0.56;236.60;7.16;739;54;2569.00;73
6702;54;628054704;6702;209;7437;7510;9.22;0.57;236.65;7.16;735;54;2570.00;73
6704;54;628054714;6704;207;7438;7511;9.28;0.58;236.62;7.16;734;54;2571.00;73
6708;54;628054732;6708;208;7441;7515;9.31;0.58;236.66;7.15;733;54;2572.00;74
6716;54;628054744;6716;209;7441;7515;9.31;0.57;236.62;7.15;725;54;2573.00;74
6722;54;628054756;6722;202;7443;7518;9.35;0.58;236.64;7.15;721;54;2574.00;75
6728;54;628054773;6728;192;7444;7518;9.34;0.57;236.60;7.15;716;54;2575.00;74
6731;54;628054784;6731;194;7444;7518;9.35;0.57;236.61;7.15;713;54;2576.00;74
6740;54;628054795;6740;187;7444;7518;9.32;0.57;236.69;7.15;704;54;2577.00;74
6746;54;628054806;6746;184;7447;7522;9.34;0.57;236.72;7.15;701;54;2578.00;75
6752;54;628054823;6752;180;7448;7522;9.29;0.57;236.79;7.15;696;54;2579.00;74
6757;54;628054836;6757;178;7448;7522;9.29;0.57;236.72;7.15;691;54;2580.00;74
6761;54;628054847;6761;180;7448;7522;9.31;0.57;236.77;7.15;687;54;2581.00;74
6766;54;628054858;6766;184;7448;7523;9.35;0.57;236.88;7.15;682;54;2582.00;75
6767;54;628054870;6767;189;7449;7524;9.45;0.58;236.88;7.15;682;54;2583.00;75
6773;54;628054880;6773;196;7449;7524;9.48;0.58;236.94;7.15;676;54;2584.00;75
6780;54;628054891;6780;195;7450;7525;9.44;0.57;236.92;7.14;670;54;2585.00;75
6783;54;628054902;6783;206;7450;7525;9.47;0.58;236.89;7.14;667;54;2586.00;75
6788;54;628054913;6788;209;7450;7525;9.40;0.57;236.90;7.14;662;54;2587.00;75
6790;54;628054923;6790;214;7450;7525;9.37;0.57;236.92;7.14;660;54;2588.00;75
6794;54;628054933;6794;221;7450;7525;9.28;0.56;236.97;7.14;656;54;2589.00;75
6799;54;628054944;6799;226;7450;7525;9.09;0.55;236.98;7.14;651;54;2590.00;75
6804;54;628054954;6804;230;7450;7525;8.94;0.54;237.02;7.14;646;54;2591.00;75
6806;54;628054964;6806;253;7518;7652;9.01;0.56;237.04;7.08;712;54;2592.00;134
6810;54;628054984;6810;245;7521;7653;8.93;0.55;237.09;7.08;711;54;2593.00;132
6811;54;628054995;6811;239;7530;7653;8.95;0.55;237.08;7.19;719;54;2594.00;123
6815;54;628055006;6815;240;7532;7653;8.91;0.55;237.13;7.19;717;54;2595.00;121
6816;54;628055018;6816;239;7537;7653;8.90;0.55;237.14;7.19;721;54;2596.00;116
6821;54;628055028;6821;229;7540;7653;8.91;0.55;237.19;7.19;719;54;2597.00;113
6824;54;628055038;6824;230;7543;7653;8.89;0.55;237.24;7.19;719;54;2598.00;110
6828;54;628055049;6828;227;7546;7653;8.81;0.54;237.38;7.19;718;54;2599.00;107
6830;54;628055061;6830;222;7552;7654;8.88;0.54;237.45;7.19;722;54;2600.00;102
6834;54;628055083;6834;222;7554;7655;8.83;0.54;237.45;7.19;720;54;2601.00;101
6836;54;628055095;6836;218;7559;7655;8.79;0.54;237.58;7.19;723;54;2602.00;96
6839;54;628055111;6839;222;7562;7656;8.75;0.54;237.65;7.19;723;54;2603.00;94
6840;54;628055123;6840;222;7563;7656;8.75;0.54;237.64;7.19;723;54;2604.00;93
6843;54;628055134;6843;228;7565;7656;8.73;0.53;237.66;7.19;722;54;2605.00;91
6847;54;628055144;6847;220;7567;7656;8.75;0.53;237.72;7.20;720;54;2606.00;89
6848;54;628055156;6848;213;7571;7660;8.84;0.54;237.73;7.20;723;54;2607.00;89
6850;54;628055167;6850;209;7572;7660;8.87;0.54;237.84;7.20;722;54;2608.00;88
6853;54;628055178;6853;206;7573;7660;8.92;0.54;237.83;7.20;720;54;2609.00;87
6854;54;628055191;6854;203;7576;7666;9.01;0.55;237.83;7.20;722;54;2610.00;90
6854;54;628055204;6854;204;7577;7666;9.13;0.56;237.83;7.19;723;54;2611.00;89
6858;54;628055217;6858;197;7577;7666;9.19;0.56;237.80;7.19;719;54;2612.00;89
6860;54;628055234;6860;193;7581;7670;9.30;0.57;237.80;7.19;721;54;2613.00;89
6861;54;628055246;6861;187;7582;7671;9.35;0.57;237.81;7.19;721;54;2614.00;89
6863;54;628055257;6863;183;7583;7671;9.37;0.57;237.79;7.19;720;54;2615.00;88
6863;54;628055267;6863;182;7586;7675;9.48;0.58;237.79;7.19;723;54;2616.00;89
6865;54;628055277;6865;173;7587;7675;9.50;0.58;237.81;7.19;722;54;2617.00;88
6866;54;628055288;6866;182;7587;7675;9.56;0.58;237.79;7.19;721;54;2618.00;88
6869;54;628055297;6869;184;7589;7676;9.61;0.59;237.79;7.19;720;54;2619.00;87
6870;54;628055307;6870;187;7589;7676;9.65;0.59;237.79;7.19;719;54;2620.00;87
6870;54;628055318;6870;189;7593;7682;9.75;0.60;237.79;7.18;723;54;2621.00;89
6871;55;628055327;6871;184;7594;7682;9.81;0.60;237.77;7.18;723;55;2622.00;88
6873;55;628055349;6873;187;7594;7683;9.85;0.60;237.75;7.18;721;55;2623.00;89
6877;55;628055359;6877;193;7594;7683;9.87;0.60;237.69;7.18;717;55;2624.00;89
6881;55;628055369;6881;192;7594;7683;9.89;0.60;237.68;7.18;713;55;2625.00;89
6884;55;628055379;6884;190;7594;7683;9.97;0.61;237.63;7.18;710;55;2626.00;89
6885;55;628055389;6885;190;7594;7683;10.01;0.61;237.63;7.18;709;55;2627.00;89
6889;55;628055399;6889;188;7604;7695;10.06;0.61;237.58;7.17;715;55;2628.00;91
6890;55;628055410;6890;187;7605;7695;10.09;0.62;237.57;7.17;715;55;2629.00;90
6894;55;628055420;6894;191;7605;7695;10.04;0.61;237.50;7.17;711;55;2630.00;90
6898;55;628055430;6898;192;7605;7695;10.09;0.61;237.48;7.17;707;55;2631.00;90
6901;55;628055440;6901;197;7605;7695;10.20;0.62;237.57;7.17;704;55;2632.00;90
6902;55;628055455;6902;195;7605;7695;10.22;0.62;237.65;7.17;703;55;2633.00;90
6905;55;628055471;6905;191;7608;7699;10.23;0.62;237.59;7.17;703;55;2634.00;91
6906;55;628055487;6906;192;7608;7699;10.31;0.63;237.56;7.17;702;55;2635.00;91
6908;55;628055497;6908;193;7611;7703;10.38;0.63;237.55;7.17;703;55;2636.00;92
6909;55;628055507;6909;194;7612;7704;10.44;0.64;237.52;7.17;703;55;2637.00;92
6915;55;628055516;6915;199;7613;7704;10.48;0.64;237.52;7.17;698;55;2638.00;91
6916;55;628055526;6916;202;7613;7704;10.45;0.64;237.50;7.17;697;55;2639.00;91
6916;55;628055543;6916;207;7633;7733;10.43;0.64;237.50;7.15;717;55;2640.00;100
6922;55;628055555;6922;202;7635;7733;10.32;0.63;237.48;7.15;713;55;2641.00;98
6924;55;628055565;6924;208;7637;7733;10.36;0.63;237.44;7.15;713;55;2642.00;96
6924;55;628055574;6924;211;7639;7734;10.42;0.63;237.44;7.14;715;55;2643.00;95
6926;55;628055583;6926;213;7640;7735;10.49;0.64;237.39;7.27;714;55;2644.00;95
6927;55;628055593;6927;214;7640;7735;10.50;0.64;237.38;7.27;713;55;2645.00;95
6929;55;628055603;6929;222;7643;7738;10.52;0.64;237.47;7.27;714;55;2646.00;95
6930;55;628055612;6930;220;7643;7738;10.48;0.64;237.48;7.27;713;55;2647.00;95
6932;55;628055621;6932;218;7643;7738;10.48;0.64;237.50;7.27;711;55;2648.00;95
6933;55;628055630;6933;214;7643;7738;10.44;0.64;237.50;7.27;710;55;2649.00;95
6937;55;628055639;6937;214;7647;7744;10.44;0.63;237.46;7.26;710;55;2650.00;97
6937;56;628055650;6937;202;7647;7744;10.44;0.63;237.46;7.26;710;56;2651.00;97
6942;56;628055676;6942;189;7648;7744;10.43;0.63;237.40;7.26;706;56;2652.00;96
6946;56;628055685;6946;177;7648;7744;10.37;0.63;237.35;7.26;702;56;2653.00;96
6949;56;628055701;6949;162;7652;7748;10.33;0.63;237.40;7.27;703;56;2654.00;96
6951;56;628055712;6951;148;7655;7750;10.37;0.63;237.38;7.28;704;56;2655.00;95
6953;56;628055728;6953;140;7655;7750;10.50;0.64;237.34;7.28;702;56;2656.00;95
6954;56;628055738;6954;139;7656;7751;10.66;0.65;237.35;7.28;702;56;2657.00;95
6955;56;628055753;6955;129;7656;7751;10.75;0.65;237.35;7.28;701;56;2658.00;95
6956;56;628055769;6956;124;7656;7751;10.86;0.66;237.33;7.28;700;56;2659.00;95
6956;56;628055779;6956;116;7656;7751;11.06;0.67;237.33;7.28;700;56;2660.00;95
6959;56;628055789;6959;116;7656;7751;11.17;0.68;237.29;7.28;697;56;2661.00;95
6963;56;628055799;6963;116;7656;7751;11.35;0.69;237.21;7.28;693;56;2662.00;95
6963;57;628055810;6963;114;7656;7751;11.53;0.70;237.21;7.28;693;57;2663.00;95
6966;57;628055833;6966;115;7692;7821;11.63;0.71;237.16;7.25;726;57;2664.00;129
6967;58;628055850;6967;112;7693;7822;11.69;0.71;237.16;7.25;726;58;2665.00;129
6970;58;628055872;6970;113;7698;7822;11.74;0.71;237.09;7.25;728;58;2666.00;124
6971;58;628055882;6971;116;7703;7822;11.75;0.71;237.10;7.24;732;58;2667.00;119
6971;58;628055901;6971;113;7709;7822;11.84;0.72;237.10;7.24;738;58;2668.00;113
6975;59;628055911;6975;112;7709;7822;11.81;0.72;237.03;7.24;734;59;2669.00;113
6976;59;628055948;6976;116;7715;7822;11.78;0.71;237.02;7.24;739;59;2670.00;107
6978;59;628055964;6978;118;7719;7822;11.72;0.71;237.05;7.24;741;59;2671.00;103
6980;59;628055975;6980;125;7722;7823;11.70;0.71;237.04;7.24;742;59;2672.00;101
6982;59;628055986;6982;124;7723;7824;11.64;0.71;237.04;7.24;741;59;2673.00;101
6985;59;628055996;6985;127;7724;7824;11.50;0.70;237.03;7.24;739;59;2674.00;100
6987;59;628056006;6987;135;7727;7828;11.39;0.69;237.01;7.24;740;59;2675.00;101
6991;59;628056017;6991;138;7728;7828;11.31;0.69;236.96;7.25;737;59;2676.00;100
6992;59;628056028;6992;139;7728;7828;11.18;0.68;236.94;7.25;736;59;2677.00;100
6995;59;628056038;6995;142;7728;7828;11.08;0.67;236.92;7.25;733;59;2678.00;100
6997;59;628056048;6997;148;7732;7834;11.06;0.67;237.00;7.25;735;59;2679.00;102
6999;59;628056058;6999;160;7734;7834;10.95;0.67;237.00;7.26;735;59;2680.00;100
7000;59;628056068;7000;162;7735;7834;10.91;0.66;236.99;7.27;735;59;2681.00;99
7003;59;628056078;7003;164;7739;7837;10.85;0.66;236.98;7.28;736;59;2682.00;98
7006;59;628056089;7006;178;7739;7837;10.82;0.66;236.97;7.28;733;59;2683.00;98
7008;59;628056100;7008;182;7740;7837;10.72;0.65;237.01;7.29;732;59;2684.00;97
7013;59;628056110;7013;187;7741;7838;10.62;0.65;237.00;7.31;728;59;2685.00;97
7015;59;628056120;7015;195;7743;7839;10.55;0.64;236.99;7.32;728;59;2686.00;96
7020;59;628056131;7020;196;7744;7839;10.41;0.63;236.97;7.33;724;59;2687.00;95
7024;59;628056142;7024;203;7756;7852;10.27;0.62;237.00;7.33;732;59;2688.00;96
7025;59;628056153;7025;209;7758;7852;10.17;0.62;237.01;7.35;733;59;2689.00;94
7028;59;628056162;7028;214;7758;7852;10.08;0.61;237.05;7.35;730;59;2690.00;94
7029;59;628056172;7029;221;7761;7853;9.94;0.61;237.03;7.36;732;59;2691.00;92
7031;59;628056182;7031;227;7761;7853;9.92;0.61;237.02;7.36;730;59;2692.00;92
7035;59;628056192;7035;235;7766;7857;9.90;0.60;236.98;7.38;731;59;2693.00;91
7035;59;628056203;7035;236;7767;7857;9.83;0.60;236.98;7.39;732;59;2694.00;90
7037;59;628056218;7037;240;7772;7861;9.75;0.60;237.00;7.39;735;59;2695.00;89
7041;59;628056236;7041;238;7774;7861;9.66;0.59;236.97;7.40;733;59;2696.00;87
7044;59;628056253;7044;241;7774;7861;9.56;0.58;236.98;7.40;730;59;2697.00;87
7048;59;628056280;7048;245;7774;7861;9.41;0.57;236.96;7.40;726;59;2698.00;87
7050;59;628056294;7050;242;7775;7861;9.29;0.57;236.94;7.41;725;59;2699.00;86
7053;59;628056313;7053;242;7798;7910;9.23;0.56;236.92;7.39;745;59;2700.00;112
7055;59;628056335;7055;239;7800;7910;9.10;0.56;236.91;7.40;745;59;2701.00;110
7060;59;628056346;7060;238;7804;7910;8.99;0.55;236.96;7.40;744;59;2702.00;106
7063;59;628056358;7063;238;7807;7910;8.92;0.55;236.96;7.41;744;59;2703.00;103
7065;59;628056368;7065;240;7808;7910;8.85;0.54;236.93;7.41;743;59;2704.00;102
7067;59;628056379;7067;230;7809;7910;8.79;0.54;236.92;7.41;742;59;2705.00;101
7071;59;628056397;7071;237;7814;7911;8.68;0.53;236.90;7.44;743;59;2706.00;97
7073;59;628056407;7073;239;7814;7911;8.61;0.53;236.89;7.44;741;59;2707.00;97
7073;59;628056418;7073;244;7821;7917;8.54;0.52;236.89;7.44;748;59;2708.00;96
7076;59;628056428;7076;247;7822;7918;8.52;0.52;236.89;7.44;746;59;2709.00;96
7081;59;628056438;7081;252;7822;7918;8.47;0.52;236.91;7.44;741;59;2710.00;96
7084;59;628056448;7084;258;7823;7918;8.43;0.52;236.88;7.45;739;59;2711.00;95
7090;59;628056458;7090;260;7827;7922;8.35;0.51;236.88;7.45;737;59;2712.00;95
7094;59;628056470;7094;262;7830;7922;8.24;0.50;236.93;7.47;736;59;2713.00;92
7098;59;628056480;7098;264;7832;7922;8.17;0.50;236.96;7.47;734;59;2714.00;90
7106;59;628056489;7106;265;7834;7923;8.09;0.49;237.11;7.47;728;59;2715.00;89
7110;59;628056499;7110;265;7837;7927;8.05;0.49;237.19;7.47;727;59;2716.00;90
7117;59;628056509;7117;259;7838;7927;7.96;0.48;237.30;7.48;721;59;2717.00;89
7120;59;628056519;7120;262;7841;7930;7.89;0.48;237.34;7.48;721;59;2718.00;89
7123;59;628056529;7123;264;7841;7930;7.77;0.47;237.37;7.48;718;59;2719.00;89
7125;59;628056538;7125;262;7845;7930;7.63;0.46;237.40;7.49;720;59;2720.00;85
7129;59;628056547;7129;255;7845;7930;7.53;0.46;237.43;7.49;716;59;2721.00;85
7130;59;628056556;7130;246;7849;7934;7.52;0.46;237.46;7.49;719;59;2722.00;85
7134;59;628056565;7134;251;7849;7934;7.49;0.46;237.47;7.49;715;59;2723.00;85
7138;59;628056574;7138;245;7849;7934;7.51;0.46;237.57;7.49;711;59;2724.00;85
7140;59;628056584;7140;243;7852;7934;7.57;0.46;237.58;7.50;712;59;2725.00;82
7143;59;628056593;7143;241;7853;7935;7.60;0.46;237.63;7.50;710;59;2726.00;82
7148;59;628056603;7148;231;7856;7936;7.66;0.47;237.63;7.50;708;59;2727.00;80
7152;59;628056613;7152;228;7856;7936;7.76;0.47;237.64;7.50;704;59;2728.00;80
7154;59;628056622;7154;228;7857;7937;7.91;0.48;237.68;7.50;703;59;2729.00;80
7158;59;628056633;7158;228;7858;7937;7.88;0.48;237.70;7.50;700;59;2730.00;79
7161;59;628056643;7161;234;7859;7937;7.94;0.49;237.77;7.50;698;59;2731.00;78
7166;59;628056653;7166;229;7859;7937;8.00;0.49;237.82;7.50;693;59;2732.00;78
7167;59;628056663;7167;229;7861;7937;8.10;0.50;237.80;7.51;694;59;2733.00;76
7171;59;628056673;7171;224;7861;7937;8.13;0.50;237.85;7.51;690;59;2734.00;76
7174;59;628056683;7174;224;7862;7937;8.26;0.50;237.87;7.51;688;59;2735.00;75
7181;59;628056692;7181;228;7932;8064;8.44;0.52;237.84;7.45;751;59;2736.00;132
7187;59;628056711;7187;222;7935;8065;8.44;0.52;237.86;7.45;748;59;2737.00;130
7188;59;628056722;7188;223;7942;8065;8.45;0.52;237.85;7.44;754;59;2738.00;123
7194;59;628056732;7194;219;7945;8065;8.47;0.52;237.85;7.44;751;59;2739.00;120
7196;59;628056743;7196;220;7949;8065;8.50;0.53;237.83;7.44;753;59;2740.00;116
7200;60;628056753;7200;222;7951;8065;8.51;0.53;237.90;7.44;751;60;2741.00;114
7206;60;628056775;7206;220;7953;8065;8.44;0.52;237.93;7.44;747;60;2742.00;112
7210;60;628056792;7210;222;7960;8065;8.40;0.52;238.03;7.44;750;60;2743.00;105
7213;60;628056803;7213;219;7963;8066;8.37;0.52;238.06;7.44;750;60;2744.00;103
7216;60;628056814;7216;222;7968;8068;8.42;0.52;238.09;7.44;752;60;2745.00;100
7218;60;628056824;7218;227;7969;8068;8.47;0.52;238.12;7.44;751;60;2746.00;99
7224;60;628056836;7224;224;7972;8069;8.48;0.52;238.18;7.44;748;60;2747.00;97
7231;60;628056847;7231;226;7975;8069;8.43;0.52;238.18;7.44;744;60;2748.00;94
7234;60;628056858;7234;227;7977;8069;8.46;0.52;238.19;7.44;743;60;2749.00;92
7239;60;628056868;7239;226;7978;8069;8.47;0.53;238.22;7.44;739;60;2750.00;91
7243;60;628056878;7243;228;7982;8073;8.46;0.52;238.21;7.44;739;60;2751.00;91
7248;60;628056890;7248;229;7984;8073;8.42;0.52;238.27;7.44;736;60;2752.00;89
7251;60;628056900;7251;232;7986;8073;8.44;0.52;238.29;7.44;735;60;2753.00;87
7253;60;628056911;7253;238;7987;8076;8.46;0.52;238.26;7.44;734;60;2754.00;89
7260;60;628056922;7260;245;7989;8076;8.31;0.51;238.30;7.44;729;60;2755.00;87
7265;60;628056933;7265;245;7991;8076;8.26;0.51;238.33;7.45;726;60;2756.00;85
7267;60;628056943;7267;253;7995;8080;8.28;0.51;238.35;7.45;728;60;2757.00;85
7274;60;628056954;7274;265;7997;8081;8.25;0.51;238.39;7.44;723;60;2758.00;84
7280;60;628056964;7280;261;7997;8081;8.17;0.50;238.38;7.44;717;60;2759.00;84
7281;60;628056978;7281;268;8001;8086;8.17;0.50;238.40;7.44;720;60;2760.00;85
7283;60;628056995;7283;276;8001;8086;8.11;0.50;238.40;7.44;718;60;2761.00;85
7286;60;628057005;7286;283;8001;8086;7.99;0.49;238.37;7.44;715;60;2762.00;85
7290;60;628057015;7290;288;8002;8087;7.91;0.49;238.37;7.44;712;60;2763.00;85
7294;60;628057026;7294;298;8002;8087;7.84;0.48;238.40;7.44;708;60;2764.00;85
7297;60;628057037;7297;294;8006;8093;7.76;0.48;238.34;7.44;709;60;2765.00;87
7299;60;628057047;7299;296;8006;8093;7.74;0.48;238.36;7.44;707;60;2766.00;87
7301;60;628057057;7301;290;8007;8094;7.71;0.47;238.36;7.44;706;60;2767.00;87
7304;60;628057067;7304;289;8007;8094;7.72;0.47;238.34;7.44;703;60;2768.00;87
7305;60;628057077;7305;282;8007;8094;7.77;0.48;238.32;7.44;702;60;2769.00;87
7306;60;628057087;7306;285;8007;8094;7.87;0.48;238.35;7.44;701;60;2770.00;87
7308;60;628057096;7308;284;8007;8094;7.86;0.48;238.33;7.44;699;60;2771.00;87
7308;60;628057106;7308;283;8016;8106;8.00;0.49;238.33;7.43;708;60;2772.00;90
7312;60;628057118;7312;282;8017;8106;8.06;0.49;238.30;7.43;705;60;2773.00;89
7315;61;628057129;7315;282;8018;8106;8.09;0.49;238.34;7.43;703;61;2774.00;88
7317;61;628057158;7317;284;8018;8106;8.09;0.49;238.32;7.43;701;61;2775.00;88
7319;61;628057168;7319;264;8018;8106;8.17;0.50;238.32;7.43;699;61;2776.00;88
7322;61;628057178;7322;253;8018;8106;8.24;0.50;238.40;7.43;696;61;2777.00;88
7323;61;628057189;7323;244;8021;8110;8.33;0.51;238.38;7.42;698;61;2778.00;89
7328;61;628057199;7328;234;8021;8110;8.37;0.51;238.29;7.42;693;61;2779.00;89
7330;61;628057210;7330;224;8024;8114;8.56;0.52;238.27;7.42;694;61;2780.00;90
7332;61;628057221;7332;215;8026;8115;8.66;0.53;238.25;7.42;694;61;2781.00;89
7332;61;628057232;7332;211;8026;8115;8.79;0.53;238.25;7.42;694;61;2782.00;89
7335;61;628057242;7335;211;8026;8115;8.90;0.54;238.22;7.42;691;61;2783.00;89
7335;61;628057254;7335;215;8037;8128;9.10;0.55;238.22;7.41;702;61;2784.00;91
7335;61;628057264;7335;213;8037;8128;9.16;0.56;238.22;7.41;702;61;2785.00;91
7337;61;628057279;7337;215;8037;8128;9.23;0.56;238.20;7.41;700;61;2786.00;91
7337;61;628057289;7337;213;8038;8129;9.33;0.57;238.20;7.41;701;61;2787.00;91
7338;61;628057298;7338;213;8038;8130;9.39;0.57;238.19;7.41;700;61;2788.00;92
7341;61;628057308;7341;214;8038;8130;9.34;0.57;238.13;7.41;697;61;2789.00;92
7341;61;628057319;7341;211;8041;8136;9.36;0.57;238.13;7.41;700;61;2790.00;95
7346;61;628057330;7346;212;8042;8136;9.41;0.57;238.10;7.40;696;61;2791.00;94
7348;61;628057340;7348;213;8042;8136;9.39;0.57;238.11;7.40;694;61;2792.00;94
7349;61;628057350;7349;213;8043;8136;9.44;0.57;238.10;7.40;694;61;2793.00;93
7349;61;628057359;7349;215;8046;8142;9.46;0.58;238.10;7.40;697;61;2794.00;96
7354;61;628057369;7354;212;8047;8142;9.52;0.58;238.17;7.40;693;61;2795.00;95
7356;61;628057378;7356;215;8047;8142;9.54;0.58;238.12;7.40;691;61;2796.00;95
7359;61;628057387;7359;217;8048;8142;9.60;0.58;238.16;7.40;689;61;2797.00;94
7361;61;628057397;7361;222;8051;8146;9.55;0.58;238.13;7.40;690;61;2798.00;95
7361;62;628057406;7361;220;8053;8147;9.67;0.59;238.13;7.40;692;62;2799.00;94
7363;62;628057426;7363;220;8053;8147;9.67;0.59;238.10;7.40;690;62;2800.00;94
7366;62;628057439;7366;224;8054;8148;9.69;0.59;238.18;7.40;688;62;2801.00;94
7369;63;628057448;7369;229;8054;8148;9.62;0.59;238.16;7.40;685;63;2802.00;94
7370;63;628057469;7370;217;8054;8148;9.68;0.59;238.15;7.40;684;63;2803.00;94
7370;63;628057479;7370;209;8054;8148;9.76;0.59;238.15;7.40;684;63;2804.00;94
7372;63;628057487;7372;205;8054;8148;9.83;0.60;238.12;7.40;682;63;2805.00;94
7372;63;628057495;7372;198;8054;8148;9.96;0.61;238.12;7.40;682;63;2806.00;94
7373;63;628057504;7373;187;8055;8148;10.05;0.61;238.11;7.53;682;63;2807.00;93
7376;63;628057514;7376;189;8095;8218;9.97;0.61;238.10;7.49;719;63;2808.00;123
7376;63;628057529;7376;176;8095;8219;10.13;0.62;238.10;7.49;719;63;2809.00;124
7376;63;628057538;7376;164;8102;8219;10.38;0.63;238.10;7.49;726;63;2810.00;117
7378;63;628057548;7378;155;8106;8219;10.59;0.64;238.11;7.49;728;63;2811.00;113
7379;63;628057558;7379;149;8112;8219;10.76;0.65;238.09;7.48;733;63;2812.00;107
7382;63;628057573;7382;147;8115;8219;10.80;0.66;238.08;7.48;733;63;2813.00;104
7383;64;628057588;7383;147;8119;8219;10.90;0.66;238.08;7.48;736;64;2814.00;100
7386;64;628057609;7386;148;8119;8219;11.00;0.67;238.05;7.48;733;64;2815.00;100
7387;65;628057619;7387;142;8121;8220;11.12;0.68;238.04;7.48;734;65;2816.00;99
7389;65;628057641;7389;139;8122;8221;11.22;0.68;238.04;7.48;733;65;2817.00;99
7390;65;628057651;7390;139;8123;8221;11.31;0.69;238.02;7.48;733;65;2818.00;98
7391;65;628057667;7391;131;8126;8225;11.37;0.69;238.04;7.48;735;65;2819.00;99
7395;65;628057679;7395;129;8126;8225;11.40;0.69;238.02;7.48;731;65;2820.00;99
7397;65;628057690;7397;131;8126;8225;11.46;0.70;238.02;7.48;729;65;2821.00;99
7399;65;628057700;7399;124;8126;8225;11.42;0.70;238.02;7.48;727;65;2822.00;99
7400;65;628057711;7400;124;8129;8231;11.49;0.70;238.01;7.48;729;65;2823.00;102
7403;65;628057721;7403;120;8130;8231;11.50;0.70;238.00;7.47;727;65;2824.00;101
7408;65;628057732;7408;114;8132;8231;11.45;0.70;238.11;7.49;724;65;2825.00;99
7413;65;628057744;7413;110;8135;8234;11.46;0.70;238.11;7.63;722;65;2826.00;99
7416;65;628057755;7416;113;8135;8234;11.46;0.70;238.09;7.63;719;65;2827.00;99
7420;65;628057766;7420;113;8136;8234;11.47;0.70;238.03;7.63;716;65;2828.00;98
7422;65;628057776;7422;107;8136;8235;11.53;0.70;238.01;7.63;714;65;2829.00;99
7426;65;628057787;7426;105;8137;8236;11.56;0.70;238.06;7.63;711;65;2830.00;99
7428;65;628057797;7428;111;8138;8236;11.50;0.70;238.10;7.75;710;65;2831.00;98
7431;65;628057807;7431;113;8148;8249;11.44;0.69;238.10;7.74;717;65;2832.00;101
7433;65;628057818;7433;118;8148;8249;11.43;0.69;238.13;7.74;715;65;2833.00;101
7437;65;628057828;7437;112;8149;8249;11.42;0.69;238.15;7.87;712;65;2834.00;100
7440;65;628057839;7440;118;8151;8251;11.37;0.69;238.16;7.87;711;65;2835.00;100
7444;65;628057849;7444;123;8151;8251;11.32;0.68;238.19;7.87;707;65;2836.00;100
7446;65;628057859;7446;122;8154;8255;11.36;0.69;238.17;7.99;708;65;2837.00;101
7448;65;628057870;7448;119;8156;8255;11.35;0.69;238.19;7.99;708;65;2838.00;99
7450;65;628057880;7450;128;8159;8259;11.27;0.68;238.26;7.99;709;65;2839.00;100
7451;65;628057891;7451;133;8161;8259;11.29;0.68;238.26;8.11;710;65;2840.00;98
7456;65;628057901;7456;138;8162;8259;11.29;0.68;238.24;8.11;706;65;2841.00;97
7460;65;628057912;7460;139;8162;8259;11.20;0.68;238.27;8.11;702;65;2842.00;97
7464;65;628057922;7464;144;8162;8259;11.17;0.67;238.24;8.11;698;65;2843.00;97
7468;65;628057933;7468;146;8172;8271;11.14;0.67;238.30;8.10;704;65;2844.00;99
7472;65;628057944;7472;147;8173;8271;11.09;0.67;238.31;8.10;701;65;2845.00;98
7474;65;628057955;7474;152;8173;8271;11.01;0.67;238.38;8.10;699;65;2846.00;98
7475;65;628057965;7475;160;8173;8271;10.96;0.66;238.39;8.10;698;65;2847.00;98
7476;65;628057975;7476;154;8173;8271;10.86;0.66;238.37;8.10;697;65;2848.00;98
7478;65;628057986;7478;160;8174;8271;10.78;0.65;238.39;8.12;696;65;2849.00;97
7481;65;628057999;7481;161;8177;8274;10.70;0.65;238.37;8.13;696;65;2850.00;97
7483;65;628058010;7483;162;8177;8274;10.69;0.65;238.39;8.13;694;65;2851.00;97
7484;65;628058020;7484;160;8182;8280;10.76;0.65;238.40;8.14;698;65;2852.00;98
7485;65;628058031;7485;167;8185;8281;10.79;0.66;238.40;8.15;700;65;2853.00;96
7486;65;628058041;7486;173;8185;8281;10.78;0.66;238.38;8.15;699;65;2854.00;96
7487;65;628058051;7487;177;8187;8281;10.74;0.65;238.39;8.18;700;65;2855.00;94
7492;65;628058061;7492;181;8190;8285;10.74;0.65;238.32;8.17;698;65;2856.00;95
7494;65;628058073;7494;182;8190;8285;10.67;0.65;238.29;8.17;696;65;2857.00;95
7495;65;628058083;7495;183;8190;8285;10.62;0.65;238.31;8.17;695;65;2858.00;95
7498;65;628058093;7498;188;8193;8286;10.58;0.65;238.28;8.20;695;65;2859.00;93
7502;65;628058103;7502;193;8197;8290;10.46;0.64;238.31;8.20;695;65;2860.00;93
7507;65;628058113;7507;197;8198;8290;10.39;0.63;238.29;8.22;691;65;2861.00;92
7509;65;628058123;7509;204;8201;8293;10.35;0.63;238.29;8.22;692;65;2862.00;92
7512;65;628058133;7512;211;8205;8293;10.26;0.63;238.29;8.25;693;65;2863.00;88
7514;65;628058142;7514;216;8209;8295;10.18;0.62;238.29;8.27;695;65;2864.00;86
7517;65;628058152;7517;216;8210;8295;10.07;0.61;238.29;8.27;693;65;2865.00;85
7521;65;628058161;7521;223;8214;8299;9.97;0.61;238.29;8.28;693;65;2866.00;85
7522;65;628058171;7522;223;8216;8299;9.86;0.60;238.29;8.28;694;65;2867.00;83
7524;65;628058180;7524;224;8216;8299;9.78;0.59;238.28;8.28;692;65;2868.00;83
7525;65;628058189;7525;219;8218;8299;9.72;0.59;238.28;8.30;693;65;2869.00;81
7527;65;628058198;7527;220;8218;8300;9.66;0.59;238.26;8.30;691;65;2870.00;82
7530;65;628058213;7530;219;8220;8301;9.62;0.58;238.23;8.30;690;65;2871.00;81
7532;65;628058227;7532;218;8221;8301;9.47;0.57;238.26;8.31;689;65;2872.00;80
7532;65;628058243;7532;221;8222;8302;9.44;0.57;238.26;8.31;690;65;2873.00;80
7535;65;628058258;7535;220;8224;8302;9.43;0.57;238.31;8.32;689;65;2874.00;78
7538;65;628058271;7538;224;8224;8302;9.38;0.57;238.34;8.32;686;65;2875.00;78
7540;65;628058286;7540;227;8224;8302;9.42;0.57;238.32;8.32;684;65;2876.00;78
7541;65;628058300;7541;225;8226;8302;9.35;0.57;238.35;8.33;685;65;2877.00;76
7546;65;628058313;7546;220;8226;8302;9.33;0.56;238.44;8.33;680;65;2878.00;76
7550;65;628058325;7550;218;8228;8302;9.35;0.57;238.50;8.33;678;65;2879.00;74
7551;65;628058337;7551;254;8325;8532;9.15;0.57;238.51;8.24;774;65;2880.00;207
7553;65;628058367;7553;244;8328;8533;9.06;0.56;238.49;8.24;775;65;2881.00;205
7555;65;628058379;7555;239;8338;8533;9.13;0.57;238.47;8.23;783;65;2882.00;195
7560;65;628058391;7560;235;8346;8533;9.15;0.57;238.48;8.23;786;65;2883.00;187
7563;65;628058402;7563;234;8355;8533;9.10;0.57;238.52;8.22;792;65;2884.00;178
7567;65;628058413;7567;229;8362;8533;9.10;0.57;238.54;8.22;795;65;2885.00;171
7568;66;628058423;7568;229;8367;8533;9.04;0.56;238.53;8.22;799;66;2886.00;166
7575;66;628058448;7575;234;8371;8533;8.88;0.55;238.60;8.23;796;66;2887.00;162
7580;66;628058459;7580;244;8379;8534;8.73;0.54;238.57;8.23;799;66;2888.00;155
7583;66;628058474;7583;250;8382;8535;8.56;0.53;238.59;8.23;799;66;2889.00;153
7586;66;628058485;7586;240;8388;8535;8.45;0.53;238.57;8.23;802;66;2890.00;147
7590;66;628058496;7590;238;8391;8536;8.20;0.51;238.60;8.23;801;66;2891.00;145
7592;66;628058508;7592;244;8395;8536;8.11;0.51;238.60;8.23;803;66;2892.00;141
7597;66;628058518;7597;248;8400;8536;7.98;0.50;238.64;8.23;803;66;2893.00;136
7601;66;628058528;7601;262;8403;8536;7.85;0.49;238.70;8.23;802;66;2894.00;133
7604;66;628058539;7604;266;8410;8540;7.73;0.48;238.73;8.24;806;66;2895.00;130
7606;66;628058550;7606;263;8412;8540;7.67;0.48;238.73;8.24;806;66;2896.00;128
7611;66;628058561;7611;258;8414;8540;7.61;0.47;238.78;8.24;803;66;2897.00;126
7617;66;628058572;7617;253;8419;8543;7.57;0.47;238.76;8.24;802;66;2898.00;124
7618;66;628058583;7618;256;8422;8543;7.63;0.47;238.78;8.25;804;66;2899.00;121
7625;66;628058594;7625;245;8424;8543;7.58;0.47;238.78;8.25;799;66;2900.00;119
7629;66;628058616;7629;239;8429;8547;7.54;0.47;238.79;8.38;800;66;2901.00;118
7634;66;628058628;7634;239;8430;8548;7.65;0.47;238.76;8.38;796;66;2902.00;118
7638;66;628058640;7638;235;8437;8548;7.64;0.47;238.79;8.39;799;66;2903.00;111
7642;66;628058651;7642;234;8440;8552;7.72;0.47;238.82;8.39;798;66;2904.00;112
7647;66;628058664;7647;242;8443;8552;7.66;0.47;238.84;8.39;796;66;2905.00;109
7650;66;628058674;7650;246;8445;8552;7.61;0.47;238.93;8.40;795;66;2906.00;107
7653;66;628058685;7653;253;8446;8553;7.60;0.47;238.92;8.40;793;66;2907.00;107
7656;66;628058696;7656;256;8451;8553;7.51;0.46;238.96;8.41;795;66;2908.00;102
7660;66;628058706;7660;259;8455;8559;7.53;0.46;238.97;8.41;795;66;2909.00;104
7663;66;628058720;7663;264;8456;8559;7.59;0.46;238.97;8.41;793;66;2910.00;103
7666;66;628058731;7666;259;8459;8560;7.61;0.47;238.98;8.41;793;66;2911.00;101
7669;66;628058743;7669;260;8460;8560;7.62;0.47;238.97;8.42;791;66;2912.00;100
7672;66;628058755;7672;268;8462;8560;7.61;0.47;239.00;8.42;790;66;2913.00;98
7675;66;628058766;7675;271;8462;8560;7.61;0.47;239.02;8.42;787;66;2914.00;98
7677;66;628058777;7677;276;8465;8560;7.66;0.47;239.02;8.43;788;66;2915.00;95
7679;66;628058789;7679;281;8474;8572;7.74;0.47;239.06;8.42;795;66;2916.00;98
7681;66;628058807;7681;290;8477;8572;7.72;0.47;239.09;8.55;796;66;2917.00;95
7684;66;628058819;7684;294;8478;8572;7.74;0.47;239.07;8.55;794;66;2918.00;94
7688;66;628058831;7688;303;8480;8572;7.71;0.47;239.07;8.55;792;66;2919.00;92
7690;66;628058843;7690;307;8480;8572;7.66;0.47;239.10;8.55;790;66;2920.00;92
7693;66;628058854;7693;309;8480;8572;7.59;0.46;239.09;8.55;787;66;2921.00;92
7694;66;628058865;7694;314;8483;8576;7.59;0.46;239.09;8.55;789;66;2922.00;93
7698;66;628058876;7698;319;8483;8576;7.48;0.46;239.03;8.55;785;66;2923.00;93
7698;66;628058887;7698;331;8486;8580;7.51;0.46;239.03;8.55;788;66;2924.00;94
7700;66;628058899;7700;337;8488;8582;7.49;0.46;239.05;8.54;788;66;2925.00;94
7702;66;628058910;7702;327;8489;8582;7.50;0.46;239.08;8.54;787;66;2926.00;93
7704;66;628058920;7704;333;8489;8582;7.51;0.46;239.06;8.54;785;66;2927.00;93
7707;66;628058931;7707;341;8499;8595;7.54;0.46;239.03;8.53;792;66;2928.00;96
7710;66;628058943;7710;350;8499;8595;7.48;0.46;239.00;8.53;789;66;2929.00;96
7715;66;628058954;7715;355;8499;8595;7.39;0.45;239.06;8.53;784;66;2930.00;96
7715;66;628058971;7715;361;8500;8596;7.33;0.45;239.06;8.53;785;66;2931.00;96
7723;66;628058982;7723;365;8500;8597;7.21;0.44;239.11;8.53;777;66;2932.00;97
7725;66;628058992;7725;370;8500;8597;7.16;0.44;239.06;8.53;775;66;2933.00;97
7727;66;628059003;7727;374;8502;8600;7.19;0.44;239.11;8.53;775;66;2934.00;98
7731;66;628059013;7731;379;8503;8600;7.20;0.44;239.09;8.53;772;66;2935.00;97
7733;66;628059024;7733;384;8503;8600;7.16;0.44;239.06;8.53;770;66;2936.00;97
7738;66;628059034;7738;374;8503;8600;7.15;0.44;239.08;8.53;765;66;2937.00;97
7742;66;628059045;7742;376;8507;8606;7.14;0.44;239.03;8.53;765;66;2938.00;99
7746;66;628059056;7746;378;8507;8606;7.17;0.44;239.06;8.53;761;66;2939.00;99
7750;66;628059068;7750;372;8508;8606;7.17;0.44;239.08;8.53;758;66;2940.00;98
7754;66;628059078;7754;372;8508;8606;7.18;0.44;239.12;8.53;754;66;2941.00;98
7757;66;628059089;7757;368;8511;8610;7.18;0.44;239.09;8.52;754;66;2942.00;99
7760;66;628059100;7760;363;8512;8611;7.10;0.43;239.07;8.52;752;66;2943.00;99
7762;66;628059110;7762;361;8512;8611;7.08;0.43;239.06;8.52;750;66;2944.00;99
7763;66;628059120;7763;361;8513;8612;7.10;0.43;239.03;8.52;750;66;2945.00;99
7764;66;628059136;7764;351;8513;8612;7.14;0.44;239.02;8.52;749;66;2946.00;99
7769;66;628059146;7769;333;8513;8612;7.21;0.44;238.95;8.52;744;66;2947.00;99
7772;66;628059156;7772;320;8513;8612;7.27;0.44;238.93;8.52;741;66;2948.00;99
7774;66;628059173;7774;308;8513;8612;7.30;0.44;238.92;8.52;739;66;2949.00;99
7775;66;628059184;7775;304;8513;8612;7.39;0.45;238.91;8.52;738;66;2950.00;99
7775;66;628059194;7775;300;8513;8612;7.51;0.46;238.91;8.52;738;66;2951.00;99
7776;66;628059207;7776;304;8547;8682;7.74;0.47;238.91;8.49;771;66;2952.00;135
7778;66;628059225;7778;293;8547;8683;7.86;0.48;238.90;8.49;769;66;2953.00;136
7779;66;628059236;7779;286;8556;8683;8.05;0.49;238.87;8.48;777;66;2954.00;127
7779;66;628059247;7779;266;8557;8683;8.18;0.50;238.87;8.48;778;66;2955.00;126
7779;66;628059258;7779;255;8563;8683;8.36;0.51;238.87;8.48;784;66;2956.00;120
7780;66;628059269;7780;244;8566;8683;8.46;0.51;238.88;8.48;786;66;2957.00;117
7780;66;628059279;7780;240;8571;8683;8.57;0.52;238.88;8.47;791;66;2958.00;112
7781;66;628059289;7781;232;8572;8683;8.65;0.53;238.87;8.47;791;66;2959.00;111
7783;66;628059305;7783;226;8574;8684;8.80;0.54;238.87;8.47;791;66;2960.00;110
7784;66;628059317;7784;217;8575;8685;8.90;0.54;238.86;8.47;791;66;2961.00;110
7786;66;628059333;7786;216;8576;8685;9.04;0.55;238.89;8.47;790;66;2962.00;109
7788;66;628059344;7788;214;8579;8689;9.20;0.56;238.86;8.47;791;66;2963.00;110
7791;66;628059355;7791;214;8579;8689;9.25;0.56;238.87;8.47;788;66;2964.00;110
7795;66;628059382;7795;213;8579;8689;9.38;0.57;238.81;8.47;784;66;2965.00;110
7795;66;628059394;7795;206;8579;8689;9.57;0.58;238.81;8.47;784;66;2966.00;110
7796;66;628059405;7796;196;8582;8695;9.65;0.59;238.82;8.47;786;66;2967.00;113
7798;67;628059416;7798;193;8582;8695;9.73;0.59;238.93;8.47;784;67;2968.00;113
7799;67;628059438;7799;183;8583;8695;9.82;0.60;238.92;8.47;784;67;2969.00;112
7800;67;628059461;7800;181;8586;8701;9.92;0.60;238.94;8.46;786;67;2970.00;115
7801;67;628059472;7801;182;8587;8701;10.04;0.61;238.94;8.46;786;67;2971.00;114
7802;67;628059484;7802;178;8587;8701;10.18;0.62;238.94;8.46;785;67;2972.00;114
7803;67;628059494;7803;179;8588;8702;10.31;0.63;238.94;8.46;785;67;2973.00;114
7808;67;628059505;7808;173;8589;8703;10.36;0.63;238.90;8.46;781;67;2974.00;114
7810;67;628059517;7810;167;8590;8703;10.48;0.64;238.86;8.46;780;67;2975.00;113
7813;67;628059528;7813;166;8598;8716;10.55;0.64;238.87;8.45;785;67;2976.00;118
7814;67;628059540;7814;164;8599;8716;10.61;0.64;238.90;8.45;785;67;2977.00;117
7816;67;628059551;7816;163;8599;8716;10.62;0.64;238.92;8.45;783;67;2978.00;117
7816;67;628059562;7816;165;8600;8717;10.73;0.65;238.92;8.45;784;67;2979.00;117
7819;67;628059573;7819;160;8600;8717;10.74;0.65;238.87;8.45;781;67;2980.00;117
7822;67;628059584;7822;159;8602;8721;10.82;0.66;238.90;8.45;780;67;2981.00;119
7825;67;628059597;7825;160;8602;8721;10.87;0.66;238.89;8.45;777;67;2982.00;119
7826;67;628059607;7826;158;8606;8725;10.91;0.66;238.88;8.45;780;67;2983.00;119
7827;67;628059619;7827;161;8607;8725;10.94;0.66;238.89;8.58;780;67;2984.00;118
7829;67;628059629;7829;156;8607;8725;10.97;0.67;238.91;8.58;778;67;2985.00;118
7832;67;628059641;7832;156;8607;8725;10.94;0.66;238.90;8.58;775;67;2986.00;118
7836;67;628059651;7836;156;8607;8725;10.95;0.66;238.90;8.58;771;67;2987.00;118
7840;67;628059662;7840;161;8616;8737;10.93;0.66;238.92;8.57;776;67;2988.00;121
7842;67;628059674;7842;160;8617;8737;10.96;0.67;238.90;8.58;775;67;2989.00;120
7844;67;628059685;7844;158;8620;8737;10.93;0.67;238.94;8.71;776;67;2990.00;117
7847;67;628059701;7847;157;8620;8737;10.98;0.67;238.92;8.71;773;67;2991.00;117
7851;67;628059711;7851;155;8620;8737;10.97;0.67;238.93;8.71;769;67;2992.00;117
7857;67;628059722;7857;155;8620;8737;10.95;0.67;239.08;8.71;763;67;2993.00;117
7862;67;628059732;7862;148;8623;8738;10.95;0.67;239.12;8.86;761;67;2994.00;115
7868;67;628059744;7868;148;8624;8738;10.96;0.67;239.11;8.87;756;67;2995.00;114
7874;67;628059756;7874;143;8629;8744;10.95;0.66;239.13;9.01;755;67;2996.00;115
7877;67;628059767;7877;135;8630;8745;11.02;0.67;239.16;9.01;753;67;2997.00;115
7881;67;628059778;7881;139;8631;8745;11.08;0.67;239.15;9.01;750;67;2998.00;114
7886;67;628059789;7886;134;8631;8745;11.17;0.68;239.14;9.01;745;67;2999.00;114
7890;68;628059802;7890;135;8637;8765;11.20;0.68;239.12;9.15;747;68;3000.00;128
7892;68;628059830;7892;133;8637;8765;11.28;0.68;239.09;9.15;745;68;3001.00;128
7895;68;628059841;7895;129;8637;8765;11.27;0.68;239.08;9.15;742;68;3002.00;128
7899;68;628059853;7899;123;8638;8766;11.26;0.68;239.14;9.14;739;68;3003.00;128
7902;68;628059864;7902;121;8641;8770;11.27;0.68;239.15;9.14;739;68;3004.00;129
7904;68;628059882;7904;119;8642;8770;11.27;0.68;239.14;9.28;738;68;3005.00;128
7906;68;628059893;7906;118;8646;8773;11.32;0.69;239.20;9.28;740;68;3006.00;127
7909;68;628059904;7909;119;8647;8773;11.34;0.69;239.28;9.29;738;68;3007.00;126
7911;68;628059916;7911;118;8648;8773;11.37;0.69;239.30;9.42;737;68;3008.00;125
7912;68;628059928;7912;122;8651;8773;11.35;0.69;239.29;9.44;739;68;3009.00;122
7915;68;628059940;7915;129;8653;8777;11.51;0.70;239.40;9.44;738;68;3010.00;124
7917;68;628059952;7917;126;8655;8777;11.59;0.71;239.40;9.44;738;68;3011.00;122
7919;68;628059970;7919;130;8659;8777;11.57;0.70;239.44;9.44;740;68;3012.00;118
7920;68;628059981;7920;128;8660;8777;11.52;0.70;239.44;9.45;740;68;3013.00;117
7924;68;628059993;7924;128;8662;8778;11.45;0.70;239.42;9.45;738;68;3014.00;116
7928;68;628060006;7928;131;8665;8780;11.38;0.69;239.40;9.45;737;68;3015.00;115
7929;68;628060017;7929;132;8666;8780;11.28;0.69;239.40;9.44;737;68;3016.00;114
7930;68;628060029;7930;137;8667;8781;11.28;0.69;239.40;9.44;737;68;3017.00;114
7935;68;628060040;7935;144;8668;8781;11.31;0.69;239.39;9.44;733;68;3018.00;113
7938;68;628060051;7938;149;8668;8781;11.27;0.69;239.37;9.44;730;68;3019.00;113
7941;68;628060063;7941;152;8670;8781;11.15;0.68;239.37;9.46;729;68;3020.00;111
7945;68;628060073;7945;151;8671;8781;11.01;0.67;239.32;9.47;726;68;3021.00;110
7947;68;628060084;7947;153;8672;8781;10.95;0.67;239.32;9.49;725;68;3022.00;109
7951;68;628060095;7951;150;8673;8781;10.83;0.66;239.32;9.49;722;68;3023.00;108
7953;68;628060106;7953;169;8738;8908;10.58;0.65;239.31;9.44;785;68;3024.00;170
7954;68;628060127;7954;163;8745;8909;10.53;0.65;239.30;9.45;791;68;3025.00;164
7958;68;628060138;7958;163;8750;8909;10.54;0.65;239.28;9.45;792;68;3026.00;159
7961;68;628060149;7961;167;8759;8909;10.55;0.65;239.25;9.47;798;68;3027.00;150
7961;68;628060161;7961;174;8763;8909;10.62;0.66;239.25;9.48;802;68;3028.00;146
7964;68;628060172;7964;183;8767;8909;10.59;0.65;239.27;9.49;803;68;3029.00;142
7967;68;628060185;7967;184;8774;8909;10.51;0.65;239.27;9.51;807;68;3030.00;135
7969;68;628060196;7969;191;8776;8909;10.53;0.65;239.25;9.51;807;68;3031.00;133
7971;68;628060218;7971;197;8780;8910;10.58;0.65;239.21;9.51;809;68;3032.00;130
7974;68;628060237;7974;206;8785;8911;10.56;0.65;239.28;9.53;811;68;3033.00;126
7976;68;628060257;7976;210;8787;8911;10.59;0.65;239.27;9.53;811;68;3034.00;124
7981;68;628060275;7981;222;8792;8912;10.53;0.65;239.38;9.54;811;68;3035.00;120
7983;68;628060296;7983;225;8795;8912;10.39;0.64;239.44;9.55;812;68;3036.00;117
7990;68;628060313;7990;230;8799;8912;10.19;0.63;239.55;9.55;809;68;3037.00;113
7995;69;628060328;7995;235;8802;8912;10.04;0.62;239.57;9.55;807;69;3038.00;110
7999;69;628060366;7999;238;8806;8916;9.93;0.61;239.55;9.56;807;69;3039.00;110
8002;69;628060379;8002;247;8811;8916;9.80;0.60;239.52;9.56;809;69;3040.00;105
8007;69;628060392;8007;252;8813;8916;9.68;0.60;239.57;9.57;806;69;3041.00;103
8010;69;628060404;8010;258;8816;8919;9.59;0.59;239.58;9.57;806;69;3042.00;103
8014;69;628060417;8014;256;8817;8919;9.46;0.58;239.59;9.57;803;69;3043.00;102
8017;69;628060428;8017;253;8820;8919;9.35;0.57;239.56;9.58;803;69;3044.00;99
8019;69;628060440;8019;260;8823;8923;9.26;0.57;239.55;9.58;804;69;3045.00;100
8021;69;628060451;8021;263;8826;8924;9.20;0.57;239.54;9.59;805;69;3046.00;98
8025;69;628060462;8025;262;8826;8924;9.17;0.56;239.48;9.59;801;69;3047.00;98
8029;69;628060474;8029;268;8831;8928;9.12;0.56;239.45;9.59;802;69;3048.00;97
8034;69;628060486;8034;262;8831;8928;9.00;0.55;239.45;9.59;797;69;3049.00;97
8039;69;628060498;8039;261;8832;8928;8.93;0.55;239.40;9.60;793;69;3050.00;96
8043;69;628060508;8043;262;8833;8929;8.85;0.54;239.36;9.60;790;69;3051.00;96
8046;69;628060520;8046;266;8835;8929;8.73;0.53;239.42;9.61;789;69;3052.00;94
8053;69;628060531;8053;269;8841;8935;8.53;0.52;239.41;9.61;788;69;3053.00;94
8057;69;628060542;8057;274;8841;8935;8.45;0.52;239.40;9.61;784;69;3054.00;94
8061;69;628060552;8061;279;8843;8936;8.29;0.51;239.45;9.61;782;69;3055.00;93
8064;69;628060563;8064;282;8844;8936;8.12;0.50;239.48;9.62;780;69;3056.00;92
8067;69;628060572;8067;284;8844;8936;7.99;0.49;239.54;9.62;777;69;3057.00;92
8073;69;628060582;8073;292;8846;8936;7.78;0.48;239.62;9.62;773;69;3058.00;90
8076;69;628060592;8076;302;8848;8936;7.54;0.46;239.67;9.63;772;69;3059.00;88
8083;69;628060604;8083;307;8871;8972;7.43;0.46;239.72;9.61;788;69;3060.00;101
8086;69;628060624;8086;305;8872;8972;7.23;0.45;239.71;9.61;786;69;3061.00;100
8093;69;628060635;8093;307;8875;8972;7.04;0.43;239.76;9.61;782;69;3062.00;97
8097;69;628060645;8097;309;8878;8972;6.92;0.43;239.75;9.61;781;69;3063.00;94
8098;69;628060655;8098;309;8879;8972;6.86;0.42;239.78;9.61;781;69;3064.00;93
8100;69;628060663;8100;311;8880;8972;6.78;0.42;239.85;9.61;780;69;3065.00;92
8103;69;628060673;8103;318;8885;8976;6.77;0.42;239.82;9.61;782;69;3066.00;91
8103;69;628060683;8103;318;8885;8976;6.77;0.42;239.82;9.61;782;69;3067.00;91
8107;69;628060693;8107;314;8888;8980;6.78;0.42;239.94;9.61;781;69;3068.00;92
8108;69;628060702;8108;317;8890;8981;6.82;0.42;240.03;9.60;782;69;3069.00;91
8110;69;628060712;8110;313;8890;8981;6.79;0.42;240.09;9.60;780;69;3070.00;91
8113;69;628060721;8113;308;8891;8981;6.73;0.41;240.10;9.60;778;69;3071.00;90
8114;69;628060731;8114;307;8902;8994;6.78;0.42;240.12;9.59;788;69;3072.00;92
8118;69;628060741;8118;303;8902;8994;6.67;0.41;240.11;9.59;784;69;3073.00;92
8122;69;628060752;8122;305;8902;8994;6.60;0.40;240.12;9.59;780;69;3074.00;92
8124;69;628060761;8124;312;8903;8995;6.63;0.41;240.18;9.59;779;69;3075.00;92
8127;69;628060770;8127;313;8903;8996;6.63;0.41;240.19;9.59;776;69;3076.00;93
8131;69;628060780;8131;310;8903;8996;6.64;0.41;240.17;9.59;772;69;3077.00;93
8134;69;628060790;8134;308;8905;8999;6.68;0.41;240.20;9.59;771;69;3078.00;94
8137;69;628060800;8137;307;8905;8999;6.63;0.41;240.13;9.59;768;69;3079.00;94
8141;69;628060809;8141;312;8906;8999;6.60;0.40;240.13;9.59;765;69;3080.00;93
8143;69;628060819;8143;315;8906;8999;6.58;0.40;240.13;9.59;763;69;3081.00;93
8147;69;628060828;8147;316;8910;9005;6.52;0.40;240.10;9.58;763;69;3082.00;95
8149;69;628060838;8149;316;8910;9005;6.49;0.40;240.13;9.58;761;69;3083.00;95
8153;69;628060848;8153;322;8911;9005;6.51;0.40;240.07;9.58;758;69;3084.00;94
8157;69;628060857;8157;318;8911;9005;6.41;0.40;240.05;9.58;754;69;3085.00;94
8160;69;628060874;8160;323;8914;9009;6.40;0.39;240.04;9.58;754;69;3086.00;95
8164;69;628060885;8164;323;8915;9010;6.40;0.39;240.12;9.58;751;69;3087.00;95
8166;69;628060895;8166;325;8915;9010;6.41;0.39;240.06;9.58;749;69;3088.00;95
8170;69;628060905;8170;330;8916;9011;6.46;0.40;240.03;9.58;746;69;3089.00;95
8174;69;628060916;8174;333;8916;9011;6.51;0.40;239.97;9.58;742;69;3090.00;95
8180;69;628060926;8180;334;8916;9011;6.49;0.40;239.93;9.58;736;69;3091.00;95
8186;69;628060938;8186;335;8916;9011;6.46;0.39;239.96;9.58;730;69;3092.00;95
8188;69;628060947;8188;334;8916;9011;6.50;0.39;239.91;9.58;728;69;3093.00;95
8191;69;628060957;8191;340;8916;9011;6.49;0.39;239.89;9.58;725;69;3094.00;95
8193;69;628060968;8193;338;8916;9011;6.45;0.39;239.85;9.58;723;69;3095.00;95
8198;69;628060978;8198;349;8954;9081;6.68;0.41;239.92;9.54;756;69;3096.00;127
8198;69;628060994;8198;345;8955;9082;6.70;0.41;239.92;9.54;757;69;3097.00;127
8199;69;628061004;8199;343;8961;9082;6.76;0.41;239.90;9.53;762;69;3098.00;121
8202;69;628061013;8202;347;8963;9082;6.81;0.42;239.90;9.53;761;69;3099.00;119
8203;69;628061024;8203;351;8967;9082;6.92;0.42;239.92;9.53;764;69;3100.00;115
8203;69;628061038;8203;361;8971;9082;6.99;0.43;239.92;9.52;768;69;3101.00;111
8206;69;628061048;8206;368;8973;9082;6.99;0.43;239.91;9.52;767;69;3102.00;109
8206;69;628061058;8206;373;8974;9082;6.91;0.42;239.91;9.52;768;69;3103.00;108
8206;69;628061069;8206;379;8978;9083;6.89;0.42;239.91;9.52;772;69;3104.00;105
8207;69;628061078;8207;379;8980;9085;6.82;0.42;239.91;9.52;773;69;3105.00;105
8210;69;628061089;8210;389;8984;9085;6.72;0.41;239.94;9.52;774;69;3106.00;101
8211;69;628061100;8211;377;8987;9089;6.66;0.41;239.91;9.52;776;69;3107.00;102
8214;69;628061110;8214;361;8988;9089;6.60;0.40;239.90;9.52;774;69;3108.00;101
8214;69;628061121;8214;354;8988;9089;6.63;0.41;239.90;9.52;774;69;3109.00;101
8214;69;628061132;8214;350;8988;9089;6.73;0.41;239.90;9.52;774;69;3110.00;101
8216;69;628061143;8216;341;8992;9095;6.81;0.42;239.98;9.51;776;69;3111.00;103
8216;69;628061154;8216;328;8992;9095;6.90;0.43;239.98;9.51;776;69;3112.00;103
8218;69;628061173;8218;318;8993;9095;7.00;0.43;239.97;9.51;775;69;3113.00;102
8218;69;628061192;8218;308;8995;9098;7.13;0.44;239.97;9.51;777;69;3114.00;103
8219;70;628061211;8219;297;8995;9098;7.23;0.44;239.95;9.51;776;70;3115.00;103
8221;70;628061238;8221;276;8996;9098;7.35;0.45;239.94;9.51;775;70;3116.00;102
8225;70;628061252;8225;251;8996;9099;7.47;0.46;239.92;9.51;771;70;3117.00;103
8228;70;628061265;8228;239;8997;9100;7.62;0.47;239.87;9.51;769;70;3118.00;103
8230;70;628061290;8230;221;8997;9100;7.81;0.48;239.83;9.51;767;70;3119.00;103
8232;70;628061302;8232;213;9017;9126;8.12;0.50;239.89;9.49;785;70;3120.00;109
8232;70;628061316;8232;201;9018;9126;8.35;0.51;239.89;9.49;786;70;3121.00;108
8234;70;628061327;8234;190;9019;9126;8.54;0.52;239.93;9.49;785;70;3122.00;107
8237;70;628061339;8237;187;9020;9127;8.79;0.54;239.91;9.49;783;70;3123.00;107
8240;70;628061357;8240;184;9020;9127;9.00;0.55;239.87;9.49;780;70;3124.00;107
8245;70;628061369;8245;178;9023;9131;9.23;0.56;239.86;9.48;778;70;3125.00;108
8245;70;628061382;8245;176;9023;9131;9.47;0.58;239.86;9.48;778;70;3126.00;108
8246;70;628061393;8246;170;9027;9135;9.65;0.59;239.84;9.48;781;70;3127.00;108
8249;70;628061405;8249;166;9027;9135;9.82;0.60;239.86;9.48;778;70;3128.00;108
8251;70;628061418;8251;168;9027;9135;9.95;0.60;239.87;9.48;776;70;3129.00;108
8255;70;628061430;8255;162;9027;9135;10.08;0.61;239.83;9.48;772;70;3130.00;108
8256;70;628061442;8256;158;9027;9135;10.22;0.62;239.86;9.48;771;70;3131.00;108
8258;70;628061453;8258;155;9037;9147;10.37;0.63;239.89;9.47;779;70;3132.00;110
8262;70;628061466;8262;160;9037;9147;10.46;0.64;239.92;9.47;775;70;3133.00;110
8265;70;628061478;8265;160;9038;9147;10.58;0.64;240.00;9.47;773;70;3134.00;109
8267;70;628061490;8267;159;9038;9147;10.64;0.65;240.05;9.47;771;70;3135.00;109
8270;70;628061502;8270;157;9038;9147;10.67;0.65;240.09;9.47;768;70;3136.00;109
8273;70;628061514;8273;152;9038;9147;10.78;0.65;240.16;9.47;765;70;3137.00;109
8275;70;628061531;8275;153;9038;9148;10.90;0.66;240.19;9.47;763;70;3138.00;110
8281;71;628061542;8281;150;9038;9148;10.95;0.66;240.17;9.47;757;71;3139.00;110
8283;71;628061561;8283;148;9042;9154;11.02;0.67;240.22;9.46;759;71;3140.00;112
8284;71;628061573;8284;147;9043;9155;11.14;0.68;240.24;9.46;759;71;3141.00;112
8286;71;628061585;8286;146;9044;9155;11.28;0.68;240.25;9.46;758;71;3142.00;111
8288;71;628061597;8288;144;9044;9155;11.34;0.69;240.30;9.46;756;71;3143.00;111
8290;71;628061609;8290;142;9047;9159;11.43;0.69;240.32;9.46;757;71;3144.00;112
8293;71;628061621;8293;144;9047;9159;11.50;0.70;240.35;9.46;754;71;3145.00;112
8296;71;628061633;8296;147;9047;9159;11.51;0.70;240.34;9.46;751;71;3146.00;112
8300;71;628061644;8300;146;9048;9160;11.50;0.70;240.44;9.46;748;71;3147.00;112
8300;71;628061656;8300;146;9051;9164;11.52;0.70;240.44;9.46;751;71;3148.00;113
8305;71;628061668;8305;148;9051;9164;11.53;0.70;240.46;9.46;746;71;3149.00;113
8309;71;628061685;8309;148;9054;9170;11.50;0.70;240.49;9.45;745;71;3150.00;116
8313;71;628061697;8313;149;9054;9170;11.50;0.70;240.48;9.45;741;71;3151.00;116
8315;71;628061708;8315;153;9055;9170;11.58;0.70;240.55;9.45;740;71;3152.00;115
8319;71;628061720;8319;147;9055;9170;11.57;0.70;240.60;9.45;736;71;3153.00;115
8320;71;628061731;8320;147;9058;9174;11.61;0.70;240.59;9.45;738;71;3154.00;116
8321;71;628061743;8321;146;9059;9174;11.71;0.71;240.62;9.59;738;71;3155.00;115
8326;71;628061756;8326;148;9060;9174;11.80;0.71;240.62;9.59;734;71;3156.00;114
8329;71;628061767;8329;144;9060;9174;11.87;0.72;240.63;9.59;731;71;3157.00;114
8334;71;628061779;8334;143;9061;9175;11.99;0.73;240.68;9.59;727;71;3158.00;114
8337;71;628061790;8337;138;9062;9176;11.98;0.73;240.75;9.59;725;71;3159.00;114
8340;71;628061801;8340;131;9063;9176;11.93;0.72;240.73;9.59;723;71;3160.00;113
8344;71;628061812;8344;126;9064;9177;11.90;0.72;240.77;9.59;720;71;3161.00;113
8347;71;628061823;8347;121;9064;9177;11.82;0.72;240.77;9.59;717;71;3162.00;113
8349;71;628061842;8349;113;9064;9177;11.80;0.71;240.78;9.59;715;71;3163.00;113
8353;71;628061853;8353;111;9065;9177;11.76;0.71;240.79;9.60;712;71;3164.00;112
8358;71;628061864;8358;105;9066;9177;11.69;0.71;240.89;9.61;708;71;3165.00;111
8360;71;628061876;8360;103;9066;9177;11.72;0.71;240.91;9.61;706;71;3166.00;111
8363;71;628061886;8363;108;9066;9177;11.72;0.71;241.04;9.61;703;71;3167.00;111
8367;71;628061897;8367;129;9136;9304;11.33;0.70;241.14;9.54;769;71;3168.00;168
8368;71;628061918;8368;118;9137;9305;11.36;0.70;241.16;9.54;769;71;3169.00;168
8372;71;628061930;8372;110;9143;9305;11.37;0.70;241.15;9.53;771;71;3170.00;162
8375;71;628061941;8375;107;9144;9305;11.47;0.70;241.13;9.53;769;71;3171.00;161
8377;71;628061952;8377;108;9149;9305;11.55;0.71;241.13;9.68;772;71;3172.00;156
8380;71;628061964;8380;108;9151;9305;11.68;0.71;241.13;9.68;771;71;3173.00;154
8382;71;628061974;8382;106;9154;9305;11.73;0.72;241.17;9.82;772;71;3174.00;151
8386;71;628061986;8386;107;9158;9305;11.77;0.72;241.16;9.82;772;71;3175.00;147
8388;71;628062003;8388;109;9160;9306;11.87;0.72;241.16;9.82;772;71;3176.00;146
8392;71;628062015;8392;113;9166;9307;11.93;0.72;241.19;9.82;774;71;3177.00;141
8396;71;628062027;8396;116;9171;9307;11.94;0.73;241.23;9.82;775;71;3178.00;136
8396;71;628062038;8396;122;9175;9308;11.95;0.73;241.23;9.82;779;71;3179.00;133
8398;71;628062051;8398;129;9179;9308;11.93;0.73;241.25;9.82;781;71;3180.00;129
8400;71;628062063;8400;129;9181;9308;11.81;0.72;241.25;9.83;781;71;3181.00;127
8406;71;628062075;8406;131;9184;9308;11.73;0.71;241.25;9.83;778;71;3182.00;124
8407;71;628062086;8407;135;9186;9312;11.57;0.70;241.27;9.83;779;71;3183.00;126
8408;71;628062104;8408;141;9189;9312;11.50;0.70;241.30;9.83;781;71;3184.00;123
8411;71;628062115;8411;144;9190;9312;11.41;0.69;241.34;9.83;779;71;3185.00;122
8415;71;628062127;8415;149;9193;9315;11.36;0.69;241.34;9.83;778;71;3186.00;122
8416;71;628062139;8416;151;9195;9315;11.33;0.69;241.35;9.84;779;71;3187.00;120
8421;72;628062150;8421;156;9196;9315;11.22;0.68;241.44;9.84;775;72;3188.00;119
8422;72;628062181;8422;161;9200;9319;11.11;0.68;241.44;9.85;778;72;3189.00;119
8426;72;628062193;8426;165;9203;9320;11.07;0.68;241.50;9.86;777;72;3190.00;117
8431;72;628062205;8431;172;9205;9322;10.94;0.67;241.53;9.86;774;72;3191.00;117
8436;72;628062222;8436;179;9209;9326;10.94;0.67;241.52;9.87;773;72;3192.00;117
8439;72;628062242;8439;185;9210;9326;10.92;0.67;241.52;9.88;771;72;3193.00;116
8442;72;628062262;8442;185;9210;9326;10.84;0.66;241.51;9.88;768;72;3194.00;116
8445;72;628062291;8445;193;9214;9328;10.82;0.66;241.50;9.90;769;72;3195.00;114
8448;72;628062308;8448;193;9214;9328;10.78;0.66;241.47;9.90;766;72;3196.00;114
8450;72;628062324;8450;203;9219;9334;10.73;0.66;241.51;9.91;769;72;3197.00;115
8452;72;628062337;8452;209;9220;9334;10.59;0.65;241.50;9.92;768;72;3198.00;114
8455;72;628062349;8455;221;9222;9335;10.51;0.64;241.50;9.93;767;72;3199.00;113
8460;72;628062361;8460;225;9223;9335;10.30;0.63;241.47;9.94;763;72;3200.00;112
8463;72;628062380;8463;234;9224;9335;10.12;0.62;241.45;9.95;761;72;3201.00;111
8467;72;628062392;8467;235;9224;9335;9.95;0.61;241.42;9.95;757;72;3202.00;111
8471;72;628062403;8471;241;9226;9335;9.78;0.60;241.41;9.97;755;72;3203.00;109
8475;72;628062414;8475;249;9236;9347;9.70;0.59;241.49;9.97;761;72;3204.00;111
8477;72;628062426;8477;257;9237;9347;9.63;0.59;241.48;9.97;760;72;3205.00;110
8480;72;628062437;8480;259;9240;9347;9.56;0.58;241.48;9.98;760;72;3206.00;107
8483;72;628062447;8483;253;9240;9347;9.43;0.57;241.49;9.98;757;72;3207.00;107
8485;72;628062457;8485;259;9241;9347;9.27;0.57;241.49;9.98;756;72;3208.00;106
8486;72;628062468;8486;257;9242;9347;9.19;0.56;241.48;9.99;756;72;3209.00;105
8488;72;628062486;8488;257;9246;9351;9.07;0.55;241.52;9.99;758;72;3210.00;105
8491;72;628062497;8491;258;9247;9351;8.95;0.55;241.49;10.00;756;72;3211.00;104
8494;72;628062517;8494;258;9251;9355;8.94;0.55;241.50;10.01;757;72;3212.00;104
8495;72;628062528;8495;264;9252;9356;8.83;0.54;241.49;10.01;757;72;3213.00;104
8498;72;628062539;8498;259;9253;9356;8.66;0.53;241.51;10.01;755;72;3214.00;103
8499;72;628062556;8499;257;9255;9356;8.52;0.52;241.50;10.03;756;72;3215.00;101
8502;72;628062566;8502;259;9267;9369;8.38;0.51;241.52;10.01;765;72;3216.00;102
8504;72;628062577;8504;260;9268;9369;8.33;0.51;241.50;10.02;764;72;3217.00;101
8510;72;628062598;8510;268;9268;9369;8.22;0.50;241.53;10.02;758;72;3218.00;101
8510;72;628062608;8510;271;9269;9370;8.18;0.50;241.53;10.02;759;72;3219.00;101
8514;72;628062618;8514;268;9272;9371;8.08;0.50;241.50;10.05;758;72;3220.00;99
8517;72;628062628;8517;273;9272;9371;7.96;0.49;241.54;10.05;755;72;3221.00;99
8520;72;628062637;8520;272;9274;9374;7.93;0.49;241.53;10.04;754;72;3222.00;100
8525;72;628062647;8525;280;9274;9374;7.84;0.48;241.51;10.04;749;72;3223.00;100
8528;72;628062656;8528;284;9279;9374;7.80;0.48;241.48;10.07;751;72;3224.00;95
8534;72;628062666;8534;287;9279;9374;7.74;0.47;241.46;10.07;745;72;3225.00;95
8537;72;628062676;8537;289;9285;9380;7.70;0.47;241.46;10.07;748;72;3226.00;95
8541;72;628062686;8541;289;9285;9380;7.53;0.46;241.43;10.07;744;72;3227.00;95
8544;72;628062694;8544;292;9287;9380;7.40;0.45;241.42;10.07;743;72;3228.00;93
8548;72;628062703;8548;297;9287;9380;7.24;0.44;241.45;10.07;739;72;3229.00;93
8549;72;628062712;8549;292;9290;9384;7.17;0.44;241.47;10.07;741;72;3230.00;94
8554;72;628062721;8554;284;9294;9385;6.98;0.43;241.52;10.08;740;72;3231.00;91
8556;72;628062730;8556;282;9294;9385;6.87;0.42;241.53;10.08;738;72;3232.00;91
8560;72;628062738;8560;279;9295;9386;6.80;0.42;241.53;10.08;735;72;3233.00;91
8561;72;628062746;8561;283;9296;9386;6.76;0.42;241.52;10.08;735;72;3234.00;90
8565;72;628062755;8565;288;9296;9386;6.68;0.41;241.50;10.08;731;72;3235.00;90
8567;72;628062764;8567;292;9296;9386;6.68;0.41;241.45;10.08;729;72;3236.00;90
8570;72;628062772;8570;291;9298;9386;6.59;0.41;241.43;10.09;728;72;3237.00;88
8571;72;628062780;8571;293;9298;9386;6.68;0.41;241.42;10.09;727;72;3238.00;88
8573;72;628062788;8573;288;9298;9386;6.74;0.41;241.43;10.09;725;72;3239.00;88
8576;72;628062798;8576;292;9354;9511;7.13;0.44;241.40;10.03;778;72;3240.00;157
8579;72;628062816;8579;292;9360;9512;7.11;0.44;241.39;10.02;781;72;3241.00;152
8583;72;628062825;8583;291;9372;9512;7.16;0.45;241.43;10.15;789;72;3242.00;140
8589;72;628062836;8589;290;9377;9512;7.11;0.44;241.41;10.15;788;72;3243.00;135
8593;72;628062846;8593;295;9382;9512;7.05;0.44;241.38;10.15;789;72;3244.00;130
8596;72;628062856;8596;299;9385;9512;7.03;0.43;241.46;10.14;789;72;3245.00;127
8599;72;628062864;8599;304;9391;9512;7.02;0.43;241.44;10.14;792;72;3246.00;121
8601;72;628062873;8601;306;9391;9512;6.96;0.43;241.45;10.14;790;72;3247.00;121
8604;72;628062883;8604;308;9394;9513;6.91;0.43;241.47;10.14;790;72;3248.00;119
8606;72;628062894;8606;319;9396;9514;6.89;0.43;241.47;10.14;790;72;3249.00;118
8608;72;628062904;8608;317;9398;9514;6.91;0.43;241.47;10.14;790;72;3250.00;116
8612;72;628062914;8612;320;9403;9518;6.92;0.43;241.49;10.14;791;72;3251.00;115
8612;72;628062925;8612;322;9405;9518;6.89;0.42;241.49;10.14;793;72;3252.00;113
8617;72;628062943;8617;320;9405;9518;6.79;0.42;241.50;10.14;788;72;3253.00;113
8622;72;628062953;8622;316;9406;9518;6.72;0.41;241.55;10.14;784;72;3254.00;112
8622;72;628062964;8622;317;9411;9524;6.73;0.41;241.55;10.14;789;72;3255.00;113
8625;72;628062975;8625;317;9412;9524;6.70;0.41;241.56;10.13;787;72;3256.00;112
8628;72;628062992;8628;318;9413;9524;6.69;0.41;241.54;10.14;785;72;3257.00;111
8630;72;628063002;8630;321;9417;9527;6.70;0.41;241.52;10.13;787;72;3258.00;110
8633;72;628063013;8633;311;9417;9527;6.76;0.41;241.54;10.13;784;72;3259.00;110
8638;72;628063024;8638;300;9417;9527;6.85;0.42;241.59;10.13;779;72;3260.00;110
8639;72;628063035;8639;297;9417;9528;6.92;0.42;241.58;10.13;778;72;3261.00;111
8643;72;628063045;8643;295;9418;9529;6.99;0.43;241.61;10.13;775;72;3262.00;111
8644;72;628063055;8644;289;9418;9529;7.10;0.43;241.60;10.13;774;72;3263.00;111
8648;72;628063067;8648;288;9429;9542;7.26;0.44;241.56;10.12;781;72;3264.00;113
8650;72;628063078;8650;279;9429;9542;7.41;0.45;241.60;10.12;779;72;3265.00;113
8653;72;628063098;8653;276;9429;9542;7.49;0.46;241.55;10.12;776;72;3266.00;113
8654;72;628063109;8654;275;9430;9543;7.58;0.46;241.57;10.12;776;72;3267.00;113
8658;72;628063121;8658;269;9431;9543;7.69;0.47;241.60;10.26;773;72;3268.00;112
8659;72;628063132;8659;278;9434;9547;7.79;0.48;241.62;10.26;775;72;3269.00;113
8662;72;628063146;8662;280;9434;9547;7.87;0.48;241.63;10.26;772;72;3270.00;113
8666;72;628063158;8666;275;9438;9551;7.94;0.48;241.61;10.25;772;72;3271.00;113
8667;72;628063170;8667;270;9438;9551;8.02;0.49;241.59;10.25;771;72;3272.00;113
8669;72;628063180;8669;273;9438;9551;8.08;0.49;241.61;10.25;769;72;3273.00;113
8673;72;628063192;8673;276;9438;9551;8.05;0.49;241.65;10.25;765;72;3274.00;113
8676;72;628063203;8676;273;9438;9551;8.00;0.49;241.63;10.25;762;72;3275.00;113
8677;72;628063216;8677;275;9448;9563;8.17;0.50;241.62;10.24;771;72;3276.00;115
8678;72;628063228;8678;263;9448;9563;8.18;0.50;241.59;10.24;770;72;3277.00;115
8679;72;628063239;8679;256;9449;9563;8.26;0.50;241.58;10.24;770;72;3278.00;114
8683;72;628063250;8683;254;9449;9563;8.34;0.51;241.55;10.24;766;72;3279.00;114
8684;72;628063262;8684;249;9449;9563;8.45;0.52;241.55;10.24;765;72;3280.00;114
8684;72;628063273;8684;242;9449;9563;8.60;0.53;241.55;10.24;765;72;3281.00;114
8686;72;628063284;8686;237;9449;9564;8.75;0.54;241.50;10.24;763;72;3282.00;115
8688;72;628063295;8688;229;9449;9564;8.84;0.54;241.48;10.24;761;72;3283.00;115
8692;72;628063305;8692;227;9453;9570;8.92;0.54;241.50;10.24;761;72;3284.00;117
8696;72;628063323;8696;227;9455;9572;9.00;0.55;241.52;10.23;759;72;3285.00;117
8698;72;628063334;8698;209;9456;9572;9.15;0.56;241.55;10.23;758;72;3286.00;116
8700;72;628063345;8700;189;9456;9572;9.32;0.57;241.58;10.23;756;72;3287.00;116
8703;72;628063357;8703;181;9459;9576;9.54;0.58;241.61;10.23;756;72;3288.00;117
8707;73;628063368;8707;166;9459;9576;9.65;0.59;241.64;10.23;752;73;3289.00;117
8712;73;628063397;8712;161;9459;9576;9.81;0.60;241.73;10.23;747;73;3290.00;117
8714;73;628063409;8714;154;9460;9577;10.01;0.61;241.78;10.23;746;73;3291.00;117
8718;73;628063421;8718;146;9463;9581;10.12;0.62;241.78;10.23;745;73;3292.00;118
8720;73;628063433;8720;139;9463;9581;10.26;0.62;241.84;10.23;743;73;3293.00;118
8723;73;628063445;8723;136;9465;9584;10.44;0.63;241.91;10.22;742;73;3294.00;119
8727;73;628063457;8727;138;9465;9584;10.61;0.64;241.95;10.22;738;73;3295.00;119
8730;73;628063469;8730;138;9466;9584;10.71;0.65;241.97;10.22;736;73;3296.00;118
8732;73;628063481;8732;135;9466;9584;10.72;0.65;242.01;10.22;734;73;3297.00;118
8737;73;628063492;8737;133;9469;9588;10.85;0.66;242.03;10.22;732;73;3298.00;119
8740;73;628063505;8740;135;9469;9588;10.90;0.66;242.05;10.22;729;73;3299.00;119
8743;73;628063520;8743;134;9473;9607;10.94;0.66;242.04;10.22;730;73;3300.00;134
8745;73;628063537;8745;131;9473;9607;11.10;0.67;242.04;10.22;728;73;3301.00;134
8748;73;628063549;8748;130;9474;9608;11.20;0.68;242.04;10.22;726;73;3302.00;134
8751;74;628063560;8751;134;9475;9609;11.24;0.68;242.08;10.21;724;74;3303.00;134
8753;74;628063584;8753;132;9475;9609;11.32;0.69;242.06;10.21;722;74;3304.00;134
8757;74;628063596;8757;129;9477;9610;11.41;0.69;242.07;10.21;720;74;3305.00;133
8759;74;628063608;8759;123;9477;9610;11.48;0.70;242.07;10.21;718;74;3306.00;133
8762;74;628063619;8762;123;9477;9610;11.46;0.70;242.07;10.21;715;74;3307.00;133
8762;74;628063636;8762;123;9478;9610;11.49;0.70;242.07;10.21;716;74;3308.00;132
8767;74;628063648;8767;125;9478;9610;11.62;0.71;242.03;10.21;711;74;3309.00;132
8769;74;628063659;8769;122;9478;9610;11.60;0.71;242.09;10.21;709;74;3310.00;132
8776;74;628063670;8776;120;9479;9610;11.61;0.71;242.07;10.21;703;74;3311.00;131
8778;74;628063681;8778;142;9548;9737;11.31;0.70;242.09;10.14;770;74;3312.00;189
8782;74;628063708;8782;135;9549;9738;11.37;0.70;242.09;10.14;767;74;3313.00;189
8783;74;628063719;8783;130;9554;9738;11.50;0.71;242.10;10.14;771;74;3314.00;184
8784;74;628063730;8784;131;9554;9738;11.53;0.71;242.10;10.14;770;74;3315.00;184
8787;74;628063741;8787;130;9558;9738;11.60;0.71;242.09;10.13;771;74;3316.00;180
8792;74;628063752;8792;126;9558;9738;11.55;0.71;242.08;10.13;766;74;3317.00;180
8794;74;628063763;8794;129;9562;9738;11.64;0.72;242.10;10.28;768;74;3318.00;176
8796;74;628063775;8796;137;9564;9738;11.63;0.71;242.13;10.28;768;74;3319.00;174
8801;74;628063786;8801;141;9565;9739;11.64;0.71;242.20;10.28;764;74;3320.00;174
8803;74;628063797;8803;141;9568;9740;11.71;0.72;242.21;10.28;765;74;3321.00;172
8808;74;628063809;8808;149;9570;9740;11.70;0.72;242.22;10.28;762;74;3322.00;170
8811;74;628063820;8811;154;9572;9741;11.70;0.72;242.24;10.28;761;74;3323.00;169
8815;74;628063832;8815;158;9574;9741;11.74;0.72;242.24;10.28;759;74;3324.00;167
8819;74;628063851;8819;165;9578;9741;11.72;0.72;242.27;10.28;759;74;3325.00;163
8823;74;628063862;8823;167;9580;9741;11.69;0.71;242.32;10.28;757;74;3326.00;161
8824;74;628063879;8824;169;9582;9745;11.64;0.71;242.31;10.28;758;74;3327.00;163
8827;74;628063890;8827;177;9585;9745;11.56;0.70;242.36;10.28;758;74;3328.00;160
8831;74;628063901;8831;166;9587;9745;11.41;0.70;242.40;10.29;756;74;3329.00;158
8835;74;628063920;8835;161;9590;9751;11.36;0.69;242.42;10.28;755;74;3330.00;161
8839;74;628063932;8839;157;9592;9751;11.27;0.68;242.44;10.29;753;74;3331.00;159
8842;74;628063943;8842;150;9593;9751;11.28;0.69;242.46;10.29;751;74;3332.00;158
8843;74;628063955;8843;150;9599;9755;11.28;0.69;242.46;10.43;756;74;3333.00;156
8846;74;628063973;8846;145;9603;9756;11.30;0.69;242.49;10.43;757;74;3334.00;153
8849;74;628063984;8849;140;9606;9756;11.38;0.69;242.48;10.46;757;74;3335.00;150
8854;74;628063997;8854;138;9608;9760;11.42;0.69;242.46;10.46;754;74;3336.00;152
8861;74;628064017;8861;138;9609;9760;11.43;0.69;242.56;10.46;748;74;3337.00;151
8867;74;628064029;8867;135;9610;9760;11.47;0.70;242.55;10.45;743;74;3338.00;150
8871;74;628064042;8871;131;9613;9761;11.47;0.69;242.53;10.45;742;74;3339.00;148
8874;74;628064054;8874;130;9615;9761;11.51;0.70;242.58;10.46;741;74;3340.00;146
8877;74;628064066;8877;133;9619;9767;11.55;0.70;242.58;10.60;742;74;3341.00;148
8879;74;628064078;8879;135;9622;9767;11.56;0.70;242.59;10.61;743;74;3342.00;145
8882;74;628064091;8882;130;9622;9768;11.62;0.70;242.57;10.61;740;74;3343.00;146
8886;74;628064104;8886;128;9622;9768;11.66;0.71;242.58;10.61;736;74;3344.00;146
8887;74;628064116;8887;137;9624;9768;11.68;0.71;242.59;10.61;737;74;3345.00;144
8890;74;628064127;8890;136;9625;9768;11.68;0.71;242.56;10.61;735;74;3346.00;143
8892;74;628064138;8892;136;9627;9768;11.68;0.71;242.55;10.75;735;74;3347.00;141
8892;74;628064149;8892;143;9635;9780;11.68;0.71;242.55;10.74;743;74;3348.00;145
8897;74;628064161;8897;143;9636;9780;11.69;0.71;242.51;10.74;739;74;3349.00;144
8899;74;628064172;8899;144;9641;9780;11.60;0.70;242.50;10.75;742;74;3350.00;139
8902;74;628064183;8902;149;9643;9780;11.50;0.70;242.50;10.75;741;74;3351.00;137
8903;74;628064193;8903;155;9646;9780;11.30;0.69;242.51;10.75;743;74;3352.00;134
8905;74;628064203;8905;154;9647;9780;11.19;0.68;242.53;10.75;742;74;3353.00;133
8908;74;628064214;8908;159;9651;9784;11.00;0.67;242.54;10.75;743;74;3354.00;133
8912;74;628064232;8912;163;9652;9784;10.88;0.66;242.58;10.75;740;74;3355.00;132
8913;74;628064249;8913;165;9655;9788;10.78;0.65;242.58;10.75;742;74;3356.00;133
8918;74;628064268;8918;174;9657;9789;10.71;0.65;242.52;10.75;739;74;3357.00;132
8921;74;628064284;8921;178;9657;9789;10.66;0.65;242.52;10.75;736;74;3358.00;132
8925;74;628064300;8925;182;9657;9789;10.59;0.64;242.50;10.75;732;74;3359.00;132
8930;74;628064318;8930;197;9678;9818;10.38;0.63;242.54;10.75;748;74;3360.00;140
8933;74;628064335;8933;202;9680;9818;10.25;0.62;242.56;10.75;747;74;3361.00;138
8936;74;628064348;8936;203;9683;9818;10.18;0.62;242.61;10.75;747;74;3362.00;135
8938;74;628064360;8938;214;9686;9819;10.09;0.61;242.58;10.76;748;74;3363.00;133
8940;74;628064372;8940;223;9687;9820;10.01;0.61;242.58;10.77;747;74;3364.00;133
8943;74;628064384;8943;230;9687;9820;9.93;0.60;242.58;10.77;744;74;3365.00;133
8945;74;628064395;8945;241;9692;9823;9.84;0.60;242.59;10.79;747;74;3366.00;131
8948;74;628064406;8948;249;9692;9823;9.73;0.59;242.59;10.79;744;74;3367.00;131
8949;74;628064417;8949;261;9693;9823;9.68;0.59;242.62;10.80;744;74;3368.00;130
8951;74;628064427;8951;265;9694;9823;9.58;0.58;242.59;10.81;743;74;3369.00;129
8953;74;628064438;8953;266;9699;9829;9.51;0.58;242.63;10.82;746;74;3370.00;130
8955;74;628064449;8955;270;9700;9829;9.45;0.58;242.68;10.82;745;74;3371.00;129
8956;74;628064459;8956;278;9701;9829;9.36;0.57;242.72;10.83;745;74;3372.00;128
8959;74;628064470;8959;285;9702;9829;9.24;0.56;242.73;10.84;743;74;3373.00;127
8960;74;628064480;8960;289;9707;9833;9.09;0.56;242.75;10.86;747;74;3374.00;126
8960;74;628064491;8960;287;9709;9835;8.94;0.55;242.75;10.86;749;74;3375.00;126
8961;74;628064500;8961;290;9711;9835;8.84;0.54;242.77;10.88;750;74;3376.00;124
8962;74;628064510;8962;296;9714;9836;8.68;0.54;242.75;10.90;752;74;3377.00;122
8964;74;628064520;8964;303;9714;9836;8.54;0.53;242.79;10.90;750;74;3378.00;122
8967;74;628064530;8967;300;9716;9836;8.39;0.52;242.75;10.92;749;74;3379.00;120
8967;74;628064539;8967;296;9717;9836;8.33;0.52;242.75;10.92;750;74;3380.00;119
8971;74;628064549;8971;294;9718;9836;8.24;0.51;242.69;10.93;747;74;3381.00;118
8972;74;628064558;8972;294;9718;9836;8.21;0.51;242.72;10.93;746;74;3382.00;118
8977;74;628064569;8977;294;9718;9836;8.13;0.50;242.76;10.93;741;74;3383.00;118
8982;74;628064578;8982;298;9750;9906;8.22;0.51;242.71;10.90;768;74;3384.00;156
8984;74;628064595;8984;294;9753;9907;8.11;0.50;242.69;10.92;769;74;3385.00;154
8985;74;628064604;8985;293;9764;9907;8.15;0.50;242.67;10.91;779;74;3386.00;143
8987;74;628064614;8987;294;9774;9907;8.11;0.50;242.64;10.91;787;74;3387.00;133
8990;74;628064624;8990;300;9781;9907;8.05;0.49;242.63;10.90;791;74;3388.00;126
8993;74;628064633;8993;309;9784;9907;7.93;0.49;242.62;10.90;791;74;3389.00;123
8995;74;628064645;8995;318;9790;9907;7.74;0.47;242.59;10.93;795;74;3390.00;117
8996;74;628064654;8996;321;9791;9907;7.63;0.47;242.59;10.93;795;74;3391.00;116
9001;74;628064664;9001;330;9795;9908;7.53;0.46;242.56;10.94;794;74;3392.00;113
9002;74;628064683;9002;332;9796;9909;7.49;0.46;242.54;10.94;794;74;3393.00;113
9010;74;628064693;9010;332;9797;9909;7.37;0.45;242.54;10.95;787;74;3394.00;112
9014;74;628064703;9014;331;9801;9913;7.18;0.44;242.54;10.95;787;74;3395.00;112
9016;74;628064713;9016;333;9801;9913;7.05;0.43;242.51;10.95;785;74;3396.00;112
9019;74;628064722;9019;341;9802;9913;6.93;0.43;242.53;10.95;783;74;3397.00;111
9022;74;628064732;9022;342;9804;9913;6.74;0.41;242.54;10.96;782;74;3398.00;109
9024;74;628064741;9024;352;9808;9919;6.68;0.41;242.55;10.96;784;74;3399.00;111
9028;74;628064753;9028;346;9809;9919;6.60;0.41;242.60;10.96;781;74;3400.00;110
9032;74;628064768;9032;338;9811;9919;6.44;0.40;242.55;10.96;779;74;3401.00;108
9034;74;628064777;9034;341;9814;9922;6.35;0.39;242.56;10.97;780;74;3402.00;108
9036;74;628064787;9036;330;9814;9922;6.26;0.38;242.58;10.97;778;74;3403.00;108
9038;74;628064796;9038;336;9814;9922;6.17;0.38;242.57;10.97;776;74;3404.00;108
9039;74;628064806;9039;337;9815;9923;6.13;0.38;242.60;10.97;776;74;3405.00;108
9044;74;628064815;9044;343;9816;9924;6.03;0.37;242.66;10.97;772;74;3406.00;108
9046;74;628064825;9046;339;9817;9924;5.94;0.37;242.70;10.97;771;74;3407.00;107
9049;74;628064835;9049;336;9827;9937;6.01;0.37;242.67;10.96;778;74;3408.00;110
9052;74;628064845;9052;333;9827;9937;6.02;0.37;242.66;10.96;775;74;3409.00;110
9058;74;628064854;9058;332;9828;9937;5.95;0.36;242.60;10.96;770;74;3410.00;109
9060;74;628064864;9060;316;9829;9938;5.96;0.37;242.62;10.96;769;74;3411.00;109
9061;74;628064873;9061;304;9830;9938;6.10;0.37;242.61;11.10;769;74;3412.00;108
9064;74;628064885;9064;299;9833;9942;6.22;0.38;242.60;11.09;769;74;3413.00;109
9065;74;628064896;9065;289;9833;9942;6.36;0.39;242.61;11.09;768;74;3414.00;109
9069;74;628064906;9069;289;9837;9946;6.46;0.40;242.63;11.09;768;74;3415.00;109
9072;74;628064916;9072;281;9837;9946;6.70;0.41;242.61;11.09;765;74;3416.00;109
9076;74;628064927;9076;275;9837;9946;6.81;0.42;242.61;11.09;761;74;3417.00;109
9080;75;628064946;9080;265;9837;9946;6.96;0.42;242.60;11.09;757;75;3418.00;109
9083;75;628064973;9083;252;9837;9946;7.06;0.43;242.64;11.09;754;75;3419.00;109
9084;76;628064986;9084;251;9866;9980;7.30;0.45;242.64;11.06;782;76;3420.00;114
9087;76;628065015;9087;251;9866;9980;7.38;0.45;242.65;11.06;779;76;3421.00;114
9089;76;628065026;9089;247;9866;9980;7.50;0.46;242.68;11.06;777;76;3422.00;114
9092;77;628065040;9092;236;9866;9980;7.60;0.47;242.67;11.06;774;77;3423.00;114
9094;77;628065063;9094;228;9866;9980;7.73;0.47;242.68;11.06;772;77;3424.00;114
9097;77;628065075;9097;230;9866;9980;7.92;0.49;242.67;11.06;769;77;3425.00;114
9100;77;628065085;9100;226;9866;9981;7.99;0.49;242.75;11.06;766;77;3426.00;115
9104;78;628065097;9104;220;9866;9981;8.05;0.49;242.77;11.06;762;78;3427.00;115
9106;78;628065118;9106;221;9870;9987;8.22;0.50;242.82;11.05;764;78;3428.00;117
9110;78;628065135;9110;225;9872;9988;8.30;0.51;242.88;11.05;762;78;3429.00;116
9112;78;628065155;9112;227;9872;9988;8.47;0.52;242.93;11.05;760;78;3430.00;116
9117;78;628065168;9117;231;9872;9988;8.52;0.52;242.97;11.05;755;78;3431.00;116
9119;78;628065180;9119;234;9875;9992;8.70;0.53;242.97;11.05;756;78;3432.00;117
9126;78;628065192;9126;235;9875;9992;8.76;0.54;242.98;11.05;749;78;3433.00;117
9130;78;628065205;9130;236;9875;9992;8.81;0.54;243.00;11.05;745;78;3434.00;117
9135;78;628065217;9135;235;9876;9993;8.83;0.54;242.96;11.05;741;78;3435.00;117
9139;78;628065230;9139;238;9879;9997;8.86;0.54;242.96;11.04;740;78;3436.00;118
9144;78;628065242;9144;235;9879;9997;8.85;0.54;242.96;11.04;735;78;3437.00;118
9148;78;628065256;9148;237;9881;10000;8.89;0.54;242.96;11.04;733;78;3438.00;119
9150;78;628065280;9150;236;9882;10000;8.88;0.54;242.97;11.04;732;78;3439.00;118
9152;78;628065294;9152;229;9882;10000;8.90;0.54;242.98;11.04;730;78;3440.00;118
9156;78;628065305;9156;230;9882;10000;8.96;0.55;243.01;11.04;726;78;3441.00;118
9159;78;628065325;9159;230;9885;10004;9.01;0.55;243.05;11.04;726;78;3442.00;119
9160;78;628065337;9160;234;9886;10004;9.11;0.55;243.07;11.04;726;78;3443.00;118
9164;78;628065347;9164;235;9886;10004;9.10;0.55;243.05;11.04;722;78;3444.00;118
9168;78;628065359;9168;231;9886;10004;9.05;0.55;243.04;11.04;718;78;3445.00;118
9173;78;628065369;9173;233;9886;10005;9.05;0.55;243.07;11.04;713;78;3446.00;119
9177;78;628065380;9177;217;9887;10006;9.05;0.55;243.06;11.04;710;78;3447.00;119
9182;78;628065391;9182;210;9888;10006;9.12;0.55;243.12;11.17;706;78;3448.00;118
9189;78;628065403;9189;197;9889;10007;9.19;0.56;243.17;11.17;700;78;3449.00;118
9191;78;628065416;9191;185;9889;10007;9.27;0.56;243.20;11.17;698;78;3450.00;118
9196;78;628065427;9196;182;9889;10007;9.27;0.56;243.22;11.17;693;78;3451.00;118
9198;78;628065439;9198;178;9889;10007;9.37;0.57;243.22;11.17;691;78;3452.00;118
9203;78;628065449;9203;176;9889;10007;9.49;0.57;243.29;11.17;686;78;3453.00;118
9206;78;628065460;9206;176;9889;10007;9.56;0.58;243.31;11.17;683;78;3454.00;118
9211;78;628065472;9211;176;9889;10007;9.63;0.58;243.45;11.17;678;78;3455.00;118
9213;78;628065484;9213;183;9960;10134;9.61;0.59;243.49;11.09;747;78;3456.00;174
9215;78;628065505;9215;165;9962;10135;9.67;0.59;243.53;11.09;747;78;3457.00;173
9217;78;628065517;9217;144;9969;10135;9.92;0.61;243.54;11.08;752;78;3458.00;166
9220;78;628065529;9220;139;9971;10135;10.07;0.62;243.55;11.08;751;78;3459.00;164
9223;78;628065547;9223;132;9976;10135;10.28;0.63;243.55;11.08;753;78;3460.00;159
9224;78;628065559;9224;129;9980;10135;10.36;0.64;243.57;11.08;756;78;3461.00;155
9229;78;628065571;9229;128;9983;10135;10.37;0.63;243.58;11.07;754;78;3462.00;152
9229;78;628065584;9229;132;9987;10135;10.48;0.64;243.58;11.07;758;78;3463.00;148
9231;78;628065595;9231;132;9991;10136;10.53;0.64;243.59;11.07;760;78;3464.00;145
9234;78;628065614;9234;129;9994;10138;10.50;0.64;243.64;11.07;760;78;3465.00;144
9236;78;628065632;9236;133;9998;10138;10.61;0.65;243.63;11.07;762;78;3466.00;140
9239;78;628065645;9239;128;10001;10139;10.64;0.65;243.65;11.07;762;78;3467.00;138
9239;78;628065657;9239;132;10004;10139;10.72;0.66;243.65;11.07;765;78;3468.00;135
9242;78;628065669;9242;134;10005;10139;10.79;0.66;243.66;11.07;763;78;3469.00;134
9244;78;628065682;9244;141;10007;10139;10.91;0.67;243.68;11.07;763;78;3470.00;132
9247;78;628065695;9247;144;10010;10143;11.02;0.67;243.71;11.07;763;78;3471.00;133
9248;78;628065708;9248;141;10012;10143;11.14;0.68;243.71;11.07;764;78;3472.00;131
9252;78;628065720;9252;143;10013;10143;11.18;0.68;243.77;11.07;761;78;3473.00;130
9256;78;628065732;9256;139;10015;10146;11.32;0.69;243.81;11.06;759;78;3474.00;131
9256;78;628065745;9256;140;10016;10146;11.40;0.70;243.81;11.06;760;78;3475.00;130
9259;78;628065757;9259;140;10016;10146;11.45;0.70;243.84;11.06;757;78;3476.00;130
9260;78;628065775;9260;144;10020;10150;11.39;0.69;243.85;11.06;760;78;3477.00;130
9264;78;628065793;9264;143;10021;10151;11.47;0.70;243.86;11.06;757;78;3478.00;130
9268;78;628065805;9268;147;10021;10151;11.52;0.70;243.85;11.06;753;78;3479.00;130
9270;78;628065835;9270;149;10025;10156;11.56;0.70;243.85;11.06;755;78;3480.00;131
9273;78;628065847;9273;151;10025;10156;11.57;0.71;243.87;11.06;752;78;3481.00;131
9278;78;628065858;9278;151;10025;10156;11.63;0.71;243.85;11.06;747;78;3482.00;131
9282;78;628065870;9282;155;10026;10157;11.68;0.71;243.94;11.05;744;78;3483.00;131
9287;78;628065882;9287;149;10026;10157;11.72;0.71;244.00;11.05;739;78;3484.00;131
9290;78;628065895;9290;146;10030;10163;11.74;0.72;244.00;11.05;740;78;3485.00;133
9293;78;628065908;9293;143;10032;10163;11.72;0.71;244.02;11.18;739;78;3486.00;131
9294;78;628065926;9294;141;10032;10164;11.70;0.71;244.04;11.18;738;78;3487.00;132
9298;78;628065937;9298;140;10032;10164;11.67;0.71;244.12;11.18;734;78;3488.00;132
9301;78;628065953;9301;140;10032;10164;11.67;0.71;244.15;11.18;731;78;3489.00;132
9304;78;628065965;9304;140;10032;10164;11.72;0.71;244.15;11.18;728;78;3490.00;132
9308;78;628065977;9308;142;10032;10164;11.78;0.72;244.13;11.18;724;78;3491.00;132
9313;78;628065989;9313;147;10042;10176;11.80;0.72;244.14;11.17;729;78;3492.00;134
9316;78;628066001;9316;142;10043;10176;11.80;0.72;244.12;11.17;727;78;3493.00;133
9322;78;628066011;9322;134;10043;10176;11.75;0.71;244.10;11.17;721;78;3494.00;133
9326;78;628066028;9326;136;10043;10176;11.82;0.72;244.14;11.17;717;78;3495.00;133
9329;78;628066038;9329;135;10043;10176;11.78;0.72;244.15;11.17;714;78;3496.00;133
9331;78;628066049;9331;135;10043;10176;11.89;0.72;244.16;11.17;712;78;3497.00;133
9335;78;628066059;9335;130;10046;10180;11.82;0.72;244.16;11.16;711;78;3498.00;134
9339;78;628066072;9339;133;10046;10180;11.89;0.72;244.19;11.16;707;78;3499.00;134
9340;79;628066084;9340;131;10049;10184;11.96;0.73;244.19;11.16;709;79;3500.00;135
9342;80;628066110;9342;131;10051;10185;12.02;0.73;244.19;11.16;709;80;3501.00;134
9344;80;628066135;9344;128;10051;10185;11.98;0.73;244.20;11.16;707;80;3502.00;134
9348;80;628066145;9348;128;10052;10185;11.97;0.73;244.22;11.29;704;80;3503.00;133
9352;80;628066155;9352;129;10062;10198;11.88;0.72;244.19;11.28;710;80;3504.00;136
9357;80;628066166;9357;125;10063;10198;11.92;0.72;244.16;11.30;706;80;3505.00;135
9360;80;628066178;9360;123;10064;10198;12.01;0.73;244.18;11.31;704;80;3506.00;134
9364;80;628066188;9364;121;10065;10199;12.06;0.73;244.29;11.31;701;80;3507.00;134
9367;80;628066198;9367;121;10065;10200;12.12;0.74;244.26;11.31;698;80;3508.00;135
9370;80;628066209;9370;114;10066;10200;12.22;0.74;244.26;11.44;696;80;3509.00;134
9373;80;628066224;9373;112;10069;10206;12.29;0.75;244.23;11.44;696;80;3510.00;137
9375;80;628066240;9375;112;10070;10206;12.36;0.75;244.19;11.44;695;80;3511.00;136
9378;80;628066254;9378;112;10072;10206;12.44;0.76;244.25;11.57;694;80;3512.00;134
9381;80;628066273;9381;113;10072;10206;12.53;0.76;244.23;11.57;691;80;3513.00;134
9385;81;628066290;9385;113;10076;10212;12.58;0.76;244.26;11.57;691;81;3514.00;136
9390;81;628066331;9390;114;10077;10212;12.54;0.76;244.23;11.70;687;81;3515.00;135
9391;81;628066344;9391;114;10078;10212;12.43;0.75;244.22;11.70;687;81;3516.00;134
9395;81;628066355;9395;119;10079;10212;12.27;0.74;244.24;11.70;684;81;3517.00;133
9397;81;628066366;9397;119;10084;10216;12.07;0.73;244.25;11.83;687;81;3518.00;132
9399;81;628066378;9399;127;10086;10219;11.97;0.73;244.24;11.83;687;81;3519.00;133
9403;81;628066389;9403;127;10086;10219;11.86;0.72;244.22;11.83;683;81;3520.00;133
9404;81;628066400;9404;134;10088;10220;11.77;0.71;244.21;11.82;684;81;3521.00;132
9407;81;628066412;9407;140;10089;10220;11.66;0.71;244.23;11.96;682;81;3522.00;131
9409;81;628066422;9409;143;10089;10220;11.61;0.71;244.27;11.96;680;81;3523.00;131
9409;81;628066433;9409;148;10089;10220;11.52;0.70;244.27;11.96;680;81;3524.00;131
9411;82;628066444;9411;154;10089;10220;11.49;0.70;244.30;11.96;678;82;3525.00;131
9416;82;628066474;9416;158;10090;10220;11.52;0.70;244.31;11.97;674;82;3526.00;130
9419;82;628066485;9419;166;10090;10220;11.46;0.70;244.30;11.97;671;82;3527.00;130
9421;82;628066495;9421;175;10123;10290;11.54;0.70;244.32;11.93;702;82;3528.00;167
9424;82;628066517;9424;182;10124;10291;11.47;0.70;244.31;11.94;700;82;3529.00;167
9426;82;628066533;9426;183;10133;10291;11.43;0.70;244.37;11.95;707;82;3530.00;158
9428;82;628066543;9428;183;10140;10291;11.26;0.69;244.38;11.95;712;82;3531.00;151
9429;82;628066553;9429;185;10143;10291;11.12;0.68;244.37;11.95;714;82;3532.00;148
9431;82;628066569;9431;189;10148;10291;11.01;0.67;244.36;11.96;717;82;3533.00;143
9435;82;628066579;9435;199;10151;10291;10.85;0.66;244.31;11.97;716;82;3534.00;140
9436;82;628066590;9436;202;10154;10291;10.68;0.65;244.29;11.97;718;82;3535.00;137
9437;82;628066600;9437;210;10158;10292;10.52;0.64;244.27;11.98;721;82;3536.00;134
9440;82;628066610;9440;218;10161;10293;10.37;0.63;244.26;11.99;721;82;3537.00;132
9444;82;628066620;9444;230;10163;10293;10.18;0.62;244.24;11.99;719;82;3538.00;130
9445;82;628066630;9445;237;10168;10297;9.98;0.61;244.22;12.00;723;82;3539.00;129
9447;82;628066642;9447;247;10170;10297;9.82;0.60;244.21;12.01;723;82;3540.00;127
9448;82;628066652;9448;252;10172;10297;9.65;0.59;244.19;12.04;724;82;3541.00;125
9449;82;628066662;9449;255;10172;10297;9.50;0.58;244.17;12.04;723;82;3542.00;125
9452;82;628066677;9452;260;10178;10303;9.40;0.58;244.14;12.06;726;82;3543.00;125
9452;82;628066688;9452;262;10180;10303;9.29;0.57;244.14;12.07;728;82;3544.00;123
9453;82;628066698;9453;269;10180;10303;9.15;0.56;244.15;12.07;727;82;3545.00;123
9457;82;628066707;9457;279;10184;10306;9.00;0.55;244.12;12.07;727;82;3546.00;122
9458;82;628066718;9458;287;10185;10306;8.78;0.54;244.11;12.08;727;82;3547.00;121
9458;82;628066727;9458;294;10186;10306;8.56;0.53;244.11;12.09;728;82;3548.00;120
9461;82;628066736;9461;295;10188;10307;8.32;0.51;244.08;12.11;727;82;3549.00;119
9464;82;628066746;9464;298;10190;10308;8.12;0.50;244.06;12.12;726;82;3550.00;118
9467;82;628066756;9467;300;10191;10308;7.92;0.48;244.01;12.12;724;82;3551.00;117
9468;82;628066766;9468;298;10202;10321;7.83;0.48;244.01;12.12;734;82;3552.00;119
9470;82;628066776;9470;298;10202;10321;7.70;0.47;244.05;12.12;732;82;3553.00;119
9471;82;628066785;9471;299;10205;10321;7.66;0.47;244.04;12.14;734;82;3554.00;116
9472;82;628066794;9472;298;10207;10323;7.57;0.46;244.02;12.14;735;82;3555.00;116
9473;82;628066803;9473;300;10207;10323;7.51;0.46;244.02;12.14;734;82;3556.00;116
9474;82;628066813;9474;302;10212;10327;7.47;0.46;244.01;12.15;738;82;3557.00;115
9475;82;628066822;9475;308;10214;10327;7.37;0.45;243.98;12.17;739;82;3558.00;113
9478;82;628066831;9478;308;10218;10331;7.30;0.45;243.94;12.17;740;82;3559.00;113
9480;82;628066840;9480;314;10218;10331;7.22;0.44;243.90;12.17;738;82;3560.00;113
9482;82;628066849;9482;319;10220;10331;7.09;0.43;243.95;12.18;738;82;3561.00;111
9485;82;628066859;9485;322;10220;10331;6.98;0.43;243.94;12.18;735;82;3562.00;111
9487;82;628066867;9487;320;10222;10331;6.85;0.42;243.94;12.20;735;82;3563.00;109
9489;82;628066875;9489;314;10231;10343;6.86;0.42;243.93;12.19;742;82;3564.00;112
9492;82;628066885;9492;308;10233;10343;6.79;0.42;243.92;12.19;741;82;3565.00;110
9496;82;628066893;9496;303;10235;10343;6.73;0.41;243.90;12.20;739;82;3566.00;108
9500;82;628066902;9500;302;10236;10343;6.66;0.41;243.93;12.20;736;82;3567.00;107
9501;83;628066911;9501;302;10237;10343;6.67;0.41;243.95;12.21;736;83;3568.00;106
9502;83;628066940;9502;303;10237;10343;6.66;0.41;243.97;12.21;735;83;3569.00;106
9504;83;628066956;9504;293;10239;10344;6.67;0.41;243.97;12.22;735;83;3570.00;105
9505;83;628066966;9505;284;10239;10344;6.68;0.41;243.98;12.22;734;83;3571.00;105
9507;83;628066975;9507;277;10243;10350;6.81;0.42;243.99;12.21;736;83;3572.00;107
9509;83;628066985;9509;269;10247;10351;6.86;0.42;244.00;12.22;738;83;3573.00;104
9514;83;628066994;9514;264;10247;10351;6.81;0.42;243.99;12.22;733;83;3574.00;104
9514;83;628067004;9514;260;10249;10351;6.84;0.42;243.99;12.23;735;83;3575.00;102
9517;83;628067013;9517;259;10252;10355;6.98;0.43;244.02;12.22;735;83;3576.00;103
9519;83;628067022;9519;250;10252;10355;7.11;0.44;244.02;12.22;733;83;3577.00;103
9522;83;628067032;9522;241;10252;10355;7.21;0.44;244.02;12.22;730;83;3578.00;103
9525;83;628067041;9525;240;10253;10356;7.31;0.45;244.04;12.22;728;83;3579.00;103
9529;83;628067051;9529;239;10256;10360;7.45;0.46;244.01;12.22;727;83;3580.00;104
9532;83;628067061;9532;231;10257;10360;7.55;0.46;244.02;12.36;725;83;3581.00;103
9534;83;628067071;9534;228;10259;10363;7.66;0.47;244.06;12.35;725;83;3582.00;104
9540;83;628067081;9540;229;10260;10363;7.73;0.47;244.05;12.35;720;83;3583.00;103
9542;83;628067092;9542;222;10260;10363;7.87;0.48;244.13;12.35;718;83;3584.00;103
9546;83;628067102;9546;220;10260;10363;7.94;0.48;244.15;12.35;714;83;3585.00;103
9550;83;628067112;9550;220;10263;10367;8.08;0.49;244.19;12.35;713;83;3586.00;104
9553;83;628067124;9553;211;10263;10367;8.22;0.50;244.20;12.35;710;83;3587.00;104
9559;83;628067134;9559;203;10264;10367;8.35;0.51;244.18;12.35;705;83;3588.00;103
9560;83;628067145;9560;198;10264;10367;8.44;0.51;244.20;12.35;704;83;3589.00;103
9563;83;628067155;9563;195;10264;10368;8.53;0.52;244.18;12.35;701;83;3590.00;104
9567;83;628067165;9567;192;10265;10369;8.62;0.53;244.24;12.35;698;83;3591.00;104
9572;83;628067175;9572;191;10265;10369;8.69;0.53;244.25;12.35;693;83;3592.00;104
9577;83;628067186;9577;183;10266;10370;8.80;0.54;244.25;12.35;689;83;3593.00;104
9582;83;628067197;9582;186;10266;10370;8.77;0.53;244.24;12.35;684;83;3594.00;104
9584;83;628067208;9584;187;10266;10370;8.77;0.54;244.25;12.35;682;83;3595.00;104
9590;83;628067223;9590;183;10266;10370;8.73;0.53;244.26;12.35;676;83;3596.00;104
9594;83;628067236;9594;190;10266;10370;8.76;0.54;244.29;12.35;672;83;3597.00;104
9598;83;628067246;9598;192;10266;10370;8.74;0.53;244.29;12.35;668;83;3598.00;104
9603;83;628067257;9603;191;10266;10370;8.71;0.53;244.28;12.35;663;83;3599.00;104
9608;83;628067270;9608;226;10379;10623;8.86;0.56;244.27;12.21;771;83;3600.00;244
9612;83;628067303;9612;228;10385;10624;8.84;0.56;244.25;12.20;773;83;3601.00;239
9615;83;628067314;9615;214;10394;10624;8.98;0.56;244.25;12.20;779;83;3602.00;230
9617;83;628067324;9617;219;10401;10624;9.03;0.57;244.26;12.19;784;83;3603.00;223
9620;83;628067334;9620;217;10407;10624;9.14;0.57;244.26;12.19;787;83;3604.00;217
9627;83;628067345;9627;213;10413;10624;9.06;0.57;244.23;12.18;786;83;3605.00;211
9629;83;628067356;9629;214;10420;10624;9.14;0.57;244.25;12.18;791;83;3606.00;204
9633;83;628067368;9633;212;10423;10624;9.19;0.57;244.24;12.18;790;83;3607.00;201
9637;83;628067379;9637;212;10428;10625;9.25;0.57;244.25;12.17;791;83;3608.00;197
9640;83;628067391;9640;214;10431;10626;9.29;0.58;244.22;12.17;791;83;3609.00;195
9645;83;628067402;9645;220;10437;10626;9.26;0.57;244.25;12.17;792;83;3610.00;189
9652;83;628067414;9652;223;10439;10627;9.25;0.57;244.32;12.17;787;83;3611.00;188
9655;83;628067432;9655;230;10444;10627;9.28;0.57;244.34;12.17;789;83;3612.00;183
9658;83;628067451;9658;229;10446;10627;9.26;0.57;244.37;12.17;788;83;3613.00;181
9659;83;628067462;9659;232;10450;10627;9.26;0.57;244.40;12.17;791;83;3614.00;177
9661;83;628067475;9661;235;10454;10631;9.26;0.57;244.41;12.17;793;83;3615.00;177
9665;83;628067487;9665;237;10459;10631;9.22;0.57;244.44;12.17;794;83;3616.00;172
9668;83;628067498;9668;230;10462;10631;9.17;0.57;244.42;12.17;794;83;3617.00;169
9671;83;628067522;9671;227;10465;10634;9.19;0.57;244.46;12.17;794;83;3618.00;169
9674;83;628067540;9674;221;10466;10634;9.22;0.57;244.50;12.17;792;83;3619.00;168
9678;83;628067551;9678;221;10467;10634;9.31;0.57;244.50;12.17;789;83;3620.00;167
9686;83;628067571;9686;223;10473;10638;9.28;0.57;244.66;12.17;787;83;3621.00;165
9691;83;628067589;9691;224;10476;10639;9.37;0.57;244.69;12.17;785;83;3622.00;163
9694;83;628067602;9694;222;10480;10639;9.48;0.58;244.66;12.18;786;83;3623.00;159
9701;84;628067614;9701;217;10484;10643;9.54;0.58;244.73;12.18;783;84;3624.00;159
9702;84;628067638;9702;216;10486;10643;9.66;0.59;244.75;12.18;784;84;3625.00;157
9707;84;628067651;9707;204;10488;10643;9.84;0.60;244.84;12.18;781;84;3626.00;155
9710;84;628067664;9710;194;10489;10644;9.98;0.60;244.86;12.18;779;84;3627.00;155
9713;84;628067687;9713;185;10490;10644;10.14;0.62;244.84;12.18;777;84;3628.00;154
9719;84;628067700;9719;172;10493;10650;10.31;0.62;244.95;12.18;774;84;3629.00;157
9721;84;628067715;9721;168;10494;10650;10.47;0.63;244.96;12.18;773;84;3630.00;156
9725;84;628067734;9725;168;10495;10651;10.59;0.64;244.92;12.18;770;84;3631.00;156
9727;84;628067747;9727;161;10496;10651;10.78;0.65;244.95;12.18;769;84;3632.00;155
9732;84;628067759;9732;158;10496;10651;10.89;0.66;244.95;12.18;764;84;3633.00;155
9736;84;628067772;9736;153;10497;10651;10.96;0.66;244.98;12.18;761;84;3634.00;154
9740;84;628067785;9740;160;10497;10651;11.02;0.67;244.98;12.18;757;84;3635.00;154
9744;84;628067798;9744;158;10509;10663;11.09;0.67;244.98;12.17;765;84;3636.00;154
9746;84;628067811;9746;152;10510;10663;11.13;0.67;245.01;12.17;764;84;3637.00;153
9748;84;628067823;9748;154;10510;10663;11.23;0.68;245.00;12.17;762;84;3638.00;153
9750;84;628067834;9750;151;10510;10663;11.37;0.69;245.01;12.17;760;84;3639.00;153
9754;84;628067847;9754;151;10512;10663;11.48;0.70;245.03;12.31;758;84;3640.00;151
9757;84;628067860;9757;148;10512;10663;11.59;0.71;245.07;12.31;755;84;3641.00;151
9759;84;628067872;9759;154;10517;10667;11.63;0.71;245.08;12.31;758;84;3642.00;150
9762;84;628067890;9762;153;10517;10667;11.64;0.71;245.18;12.31;755;84;3643.00;150
9764;84;628067902;9764;152;10520;10671;11.66;0.71;245.19;12.31;756;84;3644.00;151
9767;84;628067915;9767;155;10522;10673;11.65;0.71;245.20;12.30;755;84;3645.00;151
9770;84;628067927;9770;154;10523;10673;11.64;0.71;245.21;12.30;753;84;3646.00;150
9771;84;628067939;9771;156;10523;10673;11.64;0.71;245.20;12.30;752;84;3647.00;150
9774;84;628067955;9774;157;10532;10686;11.74;0.72;245.20;12.29;758;84;3648.00;154
9776;84;628067969;9776;154;10532;10686;11.74;0.72;245.23;12.29;756;84;3649.00;154
9778;84;628067981;9778;153;10532;10686;11.82;0.72;245.22;12.29;754;84;3650.00;154
9783;84;628067992;9783;156;10533;10687;11.81;0.72;245.26;12.29;750;84;3651.00;154
9786;84;628068003;9786;161;10533;10688;11.83;0.72;245.25;12.29;747;84;3652.00;155
9791;84;628068015;9791;168;10533;10688;11.78;0.72;245.27;12.29;742;84;3653.00;155
9794;84;628068026;9794;168;10535;10691;11.64;0.71;245.28;12.29;741;84;3654.00;156
9798;84;628068038;9798;174;10535;10691;11.50;0.70;245.26;12.29;737;84;3655.00;156
9801;84;628068048;9801;179;10536;10691;11.43;0.69;245.24;12.29;735;84;3656.00;155
9801;84;628068059;9801;178;10536;10691;11.44;0.70;245.24;12.29;735;84;3657.00;155
9804;84;628068074;9804;178;10540;10697;11.50;0.70;245.21;12.28;736;84;3658.00;157
9808;84;628068085;9808;179;10540;10697;11.53;0.70;245.18;12.28;732;84;3659.00;157
9809;84;628068097;9809;177;10541;10697;11.55;0.70;245.18;12.28;732;84;3660.00;156
9813;84;628068108;9813;181;10541;10697;11.56;0.70;245.19;12.28;728;84;3661.00;156
9817;84;628068119;9817;181;10544;10701;11.52;0.70;245.15;12.28;727;84;3662.00;157
9818;84;628068131;9818;180;10545;10702;11.52;0.70;245.16;12.28;727;84;3663.00;157
9822;84;628068142;9822;187;10545;10702;11.51;0.70;245.15;12.28;723;84;3664.00;157
9823;84;628068153;9823;182;10546;10703;11.51;0.70;245.15;12.28;723;84;3665.00;157
9825;84;628068163;9825;187;10546;10703;11.46;0.70;245.13;12.28;721;84;3666.00;157
9829;84;628068173;9829;187;10546;10703;11.36;0.69;245.12;12.28;717;84;3667.00;157
9833;84;628068184;9833;191;10547;10703;11.26;0.68;245.15;12.28;714;84;3668.00;156
9838;84;628068195;9838;188;10548;10703;11.16;0.68;245.10;12.43;710;84;3669.00;155
9838;84;628068206;9838;191;10548;10703;11.18;0.68;245.10;12.43;710;84;3670.00;155
9841;84;628068217;9841;188;10548;10703;11.15;0.68;245.07;12.43;707;84;3671.00;155
9844;84;628068232;9844;189;10579;10773;11.07;0.68;245.06;12.39;735;84;3672.00;194
9848;84;628068256;9848;184;10579;10774;11.09;0.68;245.06;12.39;731;84;3673.00;195
9850;84;628068271;9850;176;10587;10774;11.23;0.69;245.04;12.39;737;84;3674.00;187
9854;84;628068287;9854;173;10590;10774;11.20;0.68;245.01;12.41;736;84;3675.00;184
9858;84;628068306;9858;165;10596;10774;11.28;0.69;245.00;12.41;738;84;3676.00;178
9861;84;628068322;9861;161;10598;10774;11.21;0.68;245.00;12.41;737;84;3677.00;176
9863;84;628068337;9863;155;10603;10774;11.29;0.69;245.00;12.40;740;84;3678.00;171
9868;84;628068349;9868;148;10604;10774;11.32;0.69;244.98;12.40;736;84;3679.00;170
9868;84;628068360;9868;144;10607;10775;11.34;0.69;244.98;12.40;739;84;3680.00;168
9873;84;628068381;9873;137;10608;10776;11.32;0.69;244.94;12.40;735;84;3681.00;168
9875;84;628068395;9875;137;10609;10776;11.25;0.69;244.93;12.40;734;84;3682.00;167
9876;84;628068412;9876;137;10612;10780;11.12;0.68;245.00;12.40;736;84;3683.00;168
9876;84;628068431;9876;139;10613;10780;11.05;0.68;245.00;12.54;737;84;3684.00;167
9879;84;628068442;9879;138;10613;10780;11.01;0.67;244.98;12.54;734;84;3685.00;167
9880;84;628068460;9880;142;10613;10780;10.97;0.67;244.97;12.54;733;84;3686.00;167
9882;84;628068472;9882;149;10617;10786;10.90;0.67;244.99;12.54;735;84;3687.00;169
9885;84;628068484;9885;156;10619;10786;10.80;0.66;244.95;12.68;734;84;3688.00;167
9887;84;628068496;9887;165;10619;10786;10.72;0.65;244.92;12.68;732;84;3689.00;167
9890;84;628068509;9890;172;10625;10792;10.65;0.65;244.87;12.69;735;84;3690.00;167
9894;84;628068521;9894;181;10625;10792;10.51;0.64;244.83;12.69;731;84;3691.00;167
9895;84;628068532;9895;190;10627;10792;10.33;0.63;244.81;12.83;732;84;3692.00;165
9899;84;628068542;9899;195;10630;10793;10.12;0.62;244.75;12.84;731;84;3693.00;163
9900;84;628068552;9900;208;10632;10794;9.94;0.61;244.75;12.84;732;84;3694.00;162
9904;84;628068563;9904;216;10635;10794;9.85;0.60;244.71;12.84;731;84;3695.00;159
9907;84;628068574;9907;220;10644;10807;9.73;0.59;244.67;12.84;737;84;3696.00;163
9909;84;628068585;9909;239;10646;10807;9.67;0.59;244.64;12.84;737;84;3697.00;161
9910;84;628068596;9910;243;10648;10807;9.54;0.58;244.64;12.85;738;84;3698.00;159
9913;84;628068606;9913;254;10650;10808;9.43;0.57;244.71;12.85;737;84;3699.00;158
9913;84;628068618;9913;263;10653;10808;9.29;0.56;244.71;12.88;740;84;3700.00;155
9917;84;628068632;9917;267;10657;10812;9.16;0.56;244.66;12.88;740;84;3701.00;155
9920;84;628068645;9920;273;10659;10812;9.04;0.55;244.61;12.90;739;84;3702.00;153
9923;84;628068656;9923;279;10663;10816;8.90;0.54;244.56;12.91;740;84;3703.00;153
9924;84;628068666;9924;283;10664;10816;8.77;0.53;244.56;12.91;740;84;3704.00;152
9925;84;628068676;9925;291;10666;10816;8.61;0.52;244.55;12.94;741;84;3705.00;150
9926;84;628068693;9926;301;10666;10816;8.54;0.52;244.55;12.94;740;84;3706.00;150
9928;84;628068703;9928;307;10666;10816;8.44;0.51;244.60;12.94;738;84;3707.00;150
9931;84;628068712;9931;312;10678;10828;8.32;0.51;244.60;12.95;747;84;3708.00;150
9932;84;628068723;9932;315;10679;10828;8.29;0.51;244.58;12.95;747;84;3709.00;149
9935;84;628068733;9935;318;10683;10828;8.14;0.50;244.56;12.98;748;84;3710.00;145
9936;84;628068742;9936;321;10684;10828;8.00;0.49;244.56;12.99;748;84;3711.00;144
9938;84;628068751;9938;324;10685;10828;7.92;0.49;244.53;13.00;747;84;3712.00;143
9939;84;628068761;9939;324;10687;10828;7.88;0.48;244.53;13.01;748;84;3713.00;141
9941;84;628068771;9941;328;10688;10829;7.84;0.48;244.51;13.02;747;84;3714.00;141
9943;84;628068780;9943;324;10690;10829;7.80;0.48;244.51;13.04;747;84;3715.00;139
9943;84;628068789;9943;326;10696;10835;7.79;0.48;244.51;13.05;753;84;3716.00;139
9944;84;628068800;9944;322;10700;10836;7.77;0.48;244.50;13.06;756;84;3717.00;136
9945;84;628068810;9945;319;10701;10836;7.68;0.47;244.49;13.06;756;84;3718.00;135
9947;84;628068820;9947;312;10702;10836;7.59;0.47;244.47;13.07;755;84;3719.00;134
9950;84;628068832;9950;306;10706;10841;7.55;0.46;244.43;13.07;756;84;3720.00;135
9951;84;628068844;9951;302;10708;10841;7.47;0.46;244.42;13.08;757;84;3721.00;133
9953;84;628068862;9953;299;10709;10841;7.49;0.46;244.48;13.09;756;84;3722.00;132
9954;84;628068872;9954;292;10711;10842;7.54;0.46;244.50;13.10;757;84;3723.00;131
9956;84;628068882;9956;291;10714;10846;7.64;0.47;244.49;13.10;758;84;3724.00;132
9956;84;628068893;9956;283;10714;10846;7.72;0.47;244.49;13.10;758;84;3725.00;132
9957;84;628068903;9957;275;10716;10849;7.83;0.48;244.47;13.10;759;84;3726.00;133
9958;84;628068920;9958;275;10720;10849;7.88;0.48;244.47;13.13;762;84;3727.00;129
9958;84;628068930;9958;275;10721;10849;7.98;0.49;244.47;13.13;763;84;3728.00;128
9963;84;628068940;9963;277;10723;10849;8.03;0.49;244.48;13.15;760;84;3729.00;126
9964;84;628068950;9964;276;10726;10853;8.10;0.49;244.46;13.15;762;84;3730.00;127
9968;84;628068961;9968;276;10729;10853;8.02;0.49;244.42;13.16;761;84;3731.00;124
9969;84;628068971;9969;279;10729;10853;8.06;0.49;244.41;13.16;760;84;3732.00;124
9970;84;628068981;9970;279;10730;10853;8.00;0.49;244.43;13.16;760;84;3733.00;123
9973;84;628068990;9973;276;10730;10854;7.92;0.48;244.42;13.16;757;84;3734.00;124
9976;84;628069006;9976;278;10734;10856;7.92;0.48;244.39;13.17;758;84;3735.00;122
9979;84;628069017;9979;281;10734;10856;7.84;0.48;244.38;13.17;755;84;3736.00;122
9983;84;628069027;9983;276;10736;10857;7.73;0.47;244.37;13.18;753;84;3737.00;121
9987;84;628069037;9987;278;10737;10857;7.60;0.46;244.40;13.18;750;84;3738.00;120
9989;84;628069047;9989;280;10738;10857;7.45;0.45;244.40;13.19;749;84;3739.00;119
9993;84;628069056;9993;275;10738;10857;7.30;0.45;244.43;13.19;745;84;3740.00;119
9997;84;628069066;9997;272;10739;10857;7.25;0.44;244.49;13.19;742;84;3741.00;118
9999;84;628069083;9999;271;10740;10857;7.28;0.45;244.50;13.20;741;84;3742.00;117
10003;84;628069093;10003;267;10740;10857;7.31;0.45;244.50;13.20;737;84;3743.00;117
10007;84;628069102;10007;273;10806;10984;7.60;0.47;244.54;13.13;799;84;3744.00;178
10010;84;628069122;10010;265;10808;10985;7.57;0.47;244.54;13.13;798;84;3745.00;177
10016;84;628069135;10016;248;10819;10985;7.68;0.48;244.58;13.12;803;84;3746.00;166
10017;84;628069146;10017;244;10824;10985;7.81;0.49;244.61;13.12;807;84;3747.00;161
10018;84;628069156;10018;243;10831;10985;7.94;0.49;244.62;13.11;813;84;3748.00;154
10023;84;628069167;10023;238;10835;10985;8.03;0.50;244.59;13.11;812;84;3749.00;150
10028;84;628069179;10028;233;10840;10990;8.11;0.50;244.65;13.10;812;84;3750.00;150
10030;84;628069190;10030;236;10842;10990;8.19;0.51;244.66;13.10;812;84;3751.00;148
10035;84;628069201;10035;238;10846;10991;8.26;0.51;244.73;13.10;811;84;3752.00;145
10038;84;628069212;10038;233;10850;10992;8.40;0.52;244.74;13.10;812;84;3753.00;142
10041;84;628069224;10041;229;10854;10992;8.49;0.52;244.73;13.10;813;84;3754.00;138
10048;84;628069236;10048;231;10856;10993;8.48;0.52;244.75;13.10;808;84;3755.00;137
10050;84;628069247;10050;229;10857;10993;8.56;0.53;244.75;13.10;807;84;3756.00;136
10055;84;628069258;10055;226;10858;10993;8.63;0.53;244.74;13.10;803;84;3757.00;135
10060;84;628069270;10060;223;10860;10993;8.65;0.53;244.72;13.10;800;84;3758.00;133
10065;84;628069282;10065;227;10863;10997;8.59;0.52;244.73;13.10;798;84;3759.00;134
10067;84;628069293;10067;217;10865;10997;8.60;0.53;244.75;13.09;798;84;3760.00;132
10071;84;628069303;10071;219;10866;10997;8.59;0.53;244.75;13.09;795;84;3761.00;131
10075;84;628069314;10075;223;10869;11000;8.63;0.53;244.77;13.09;794;84;3762.00;131
10081;84;628069326;10081;224;10869;11000;8.61;0.53;244.73;13.09;788;84;3763.00;131
10085;84;628069337;10085;225;10870;11000;8.58;0.53;244.73;13.09;785;84;3764.00;130
10089;84;628069348;10089;228;10874;11004;8.59;0.53;244.71;13.09;785;84;3765.00;130
10091;84;628069360;10091;234;10875;11005;8.63;0.53;244.68;13.09;784;84;3766.00;130
10095;84;628069371;10095;232;10875;11005;8.67;0.53;244.67;13.09;780;84;3767.00;130
10104;84;628069382;10104;228;10877;11009;8.66;0.53;244.72;13.09;773;84;3768.00;132
10105;84;628069394;10105;226;10878;11009;8.71;0.53;244.73;13.09;773;84;3769.00;131
10109;84;628069405;10109;227;10878;11009;8.67;0.53;244.77;13.09;769;84;3770.00;131
10113;84;628069416;10113;226;10880;11010;8.69;0.53;244.78;13.09;767;84;3771.00;130
10117;84;628069428;10117;228;10880;11010;8.69;0.53;244.81;13.09;763;84;3772.00;130
10123;84;628069451;10123;226;10883;11016;8.69;0.53;244.87;13.08;760;84;3773.00;133
10123;84;628069462;10123;227;10885;11016;8.75;0.54;244.87;13.08;762;84;3774.00;131
10128;84;628069474;10128;228;10886;11017;8.77;0.54;244.93;13.08;758;84;3775.00;131
10132;84;628069485;10132;229;10886;11017;8.84;0.54;244.96;13.08;754;84;3776.00;131
10135;84;628069501;10135;232;10887;11017;8.94;0.55;244.98;13.08;752;84;3777.00;130
10140;84;628069513;10140;231;10887;11017;8.97;0.55;245.00;13.08;747;84;3778.00;130
10144;84;628069524;10144;229;10888;11017;9.02;0.55;245.00;13.08;744;84;3779.00;129
10148;84;628069536;10148;233;10914;11053;9.20;0.56;245.02;13.05;766;84;3780.00;139
10150;84;628069550;10150;227;10915;11053;9.28;0.57;245.00;13.05;765;84;3781.00;138
10154;84;628069561;10154;230;10916;11053;9.33;0.57;245.04;13.05;762;84;3782.00;137
10157;84;628069573;10157;235;10917;11053;9.36;0.57;245.08;13.05;760;84;3783.00;136
10160;84;628069585;10160;232;10918;11053;9.31;0.57;245.09;13.05;758;84;3784.00;135
10163;84;628069596;10163;234;10918;11053;9.29;0.57;245.10;13.05;755;84;3785.00;135
10170;84;628069608;10170;241;10922;11057;9.26;0.56;245.15;13.04;752;84;3786.00;135
10172;84;628069619;10172;234;10922;11057;9.25;0.56;245.18;13.04;750;84;3787.00;135
10176;84;628069631;10176;230;10926;11061;9.23;0.56;245.17;13.04;750;84;3788.00;135
10179;84;628069643;10179;229;10927;11062;9.24;0.56;245.19;13.04;748;84;3789.00;135
10180;84;628069655;10180;226;10927;11062;9.25;0.57;245.20;13.04;747;84;3790.00;135
10182;84;628069666;10182;226;10927;11062;9.28;0.57;245.21;13.04;745;84;3791.00;135
10184;84;628069678;10184;226;10937;11075;9.49;0.58;245.21;13.02;753;84;3792.00;138
10191;84;628069690;10191;226;10938;11075;9.59;0.58;245.24;13.02;747;84;3793.00;137
10198;84;628069701;10198;227;10938;11075;9.66;0.59;245.31;13.02;740;84;3794.00;137
10198;84;628069713;10198;222;10940;11076;9.75;0.59;245.31;13.17;742;84;3795.00;136
10202;84;628069726;10202;208;10940;11077;9.80;0.60;245.34;13.17;738;84;3796.00;137
10204;84;628069737;10204;195;10940;11077;9.92;0.60;245.35;13.17;736;84;3797.00;137
10209;84;628069749;10209;183;10942;11080;10.04;0.61;245.44;13.17;733;84;3798.00;138
10212;85;628069760;10212;178;10943;11080;10.16;0.62;245.44;13.17;731;85;3799.00;137
10215;85;628069784;10215;171;10943;11080;10.22;0.62;245.42;13.17;728;85;3800.00;137
10217;85;628069800;10217;159;10943;11080;10.30;0.63;245.39;13.17;726;85;3801.00;137
10221;85;628069811;10221;157;10947;11086;10.33;0.63;245.44;13.16;726;85;3802.00;139
10226;85;628069824;10226;149;10947;11086;10.36;0.63;245.45;13.16;721;85;3803.00;139
10230;85;628069836;10230;149;10948;11086;10.46;0.63;245.50;13.16;718;85;3804.00;138
10235;85;628069849;10235;145;10948;11086;10.48;0.64;245.53;13.16;713;85;3805.00;138
10237;85;628069861;10237;147;10951;11090;10.42;0.63;245.53;13.16;714;85;3806.00;139
10240;85;628069873;10240;144;10952;11091;10.41;0.63;245.54;13.16;712;85;3807.00;139
10244;85;628069890;10244;141;10952;11091;10.38;0.63;245.53;13.16;708;85;3808.00;139
10246;85;628069901;10246;138;10953;11092;10.39;0.63;245.55;13.16;707;85;3809.00;139
10247;85;628069913;10247;135;10953;11092;10.36;0.63;245.58;13.16;706;85;3810.00;139
10250;85;628069924;10250;137;10953;11092;10.37;0.63;245.60;13.16;703;85;3811.00;139
10253;85;628069935;10253;138;10953;11092;10.42;0.64;245.61;13.16;700;85;3812.00;139
10257;85;628069946;10257;139;10953;11092;10.47;0.64;245.60;13.16;696;85;3813.00;139
10258;85;628069957;10258;148;10953;11092;10.51;0.64;245.61;13.16;695;85;3814.00;139
10260;85;628069968;10260;148;10953;11092;10.57;0.65;245.65;13.16;693;85;3815.00;139
10263;85;628069978;10263;163;10992;11162;10.41;0.64;245.66;13.11;729;85;3816.00;170
10267;85;628069999;10267;163;10995;11163;10.41;0.64;245.64;13.11;728;85;3817.00;168
10269;85;628070010;10269;163;11000;11163;10.49;0.64;245.65;13.10;731;85;3818.00;163
10272;85;628070021;10272;161;11004;11163;10.59;0.65;245.63;13.10;732;85;3819.00;159
10278;86;628070032;10278;160;11009;11163;10.66;0.65;245.59;13.09;731;86;3820.00;154
10280;86;628070053;10280;167;11011;11163;10.72;0.65;245.61;13.09;731;86;3821.00;152
10283;86;628070063;10283;169;11015;11163;10.80;0.66;245.60;13.09;732;86;3822.00;148
10284;86;628070073;10284;174;11015;11163;10.86;0.66;245.60;13.09;731;86;3823.00;148
10287;86;628070083;10287;177;11017;11164;10.86;0.66;245.59;13.09;730;86;3824.00;147
10290;86;628070094;10290;181;11019;11166;10.94;0.66;245.55;13.09;729;86;3825.00;147
10292;86;628070105;10292;182;11020;11166;10.95;0.66;245.55;13.08;728;86;3826.00;146
10294;86;628070115;10294;179;11023;11170;10.87;0.66;245.54;13.08;729;86;3827.00;147
10299;86;628070125;10299;186;11023;11170;10.76;0.65;245.55;13.08;724;86;3828.00;147
10302;86;628070135;10302;185;11023;11170;10.66;0.65;245.53;13.08;721;86;3829.00;147
10303;86;628070146;10303;192;11023;11170;10.64;0.65;245.53;13.08;720;86;3830.00;147
10304;86;628070155;10304;198;11026;11176;10.64;0.65;245.57;13.08;722;86;3831.00;150
10308;86;628070166;10308;201;11027;11176;10.70;0.65;245.58;13.08;719;86;3832.00;149
10309;86;628070179;10309;201;11027;11176;10.74;0.65;245.59;13.08;718;86;3833.00;149
10312;86;628070191;10312;209;11029;11179;10.80;0.66;245.63;13.07;717;86;3834.00;150
10314;86;628070205;10314;211;11029;11179;10.72;0.65;245.62;13.07;715;86;3835.00;150
10317;86;628070216;10317;214;11030;11179;10.68;0.65;245.60;13.07;713;86;3836.00;149
10321;86;628070233;10321;215;11030;11180;10.57;0.64;245.60;13.07;709;86;3837.00;150
10326;86;628070257;10326;221;11031;11181;10.53;0.64;245.58;13.07;705;86;3838.00;150
10329;86;628070274;10329;216;11031;11181;10.44;0.63;245.60;13.07;702;86;3839.00;150
10331;86;628070296;10331;215;11046;11207;10.33;0.63;245.57;13.06;715;86;3840.00;161
10334;86;628070322;10334;214;11046;11207;10.26;0.62;245.53;13.06;712;86;3841.00;161
10336;86;628070340;10336;209;11048;11207;10.26;0.62;245.52;13.05;712;86;3842.00;159
10339;86;628070353;10339;206;11051;11208;10.25;0.62;245.49;13.05;712;86;3843.00;157
10343;86;628070365;10343;202;11051;11208;10.31;0.63;245.45;13.05;708;86;3844.00;157
10347;86;628070377;10347;200;11054;11212;10.33;0.63;245.40;13.06;707;86;3845.00;158
10349;86;628070389;10349;201;11056;11214;10.45;0.64;245.39;13.06;707;86;3846.00;158
10353;86;628070406;10353;198;11060;11218;10.52;0.64;245.33;13.06;707;86;3847.00;158
10356;86;628070427;10356;190;11060;11218;10.63;0.65;245.31;13.06;704;86;3848.00;158
10361;87;628070438;10361;187;11060;11218;10.67;0.65;245.25;13.06;699;87;3849.00;158
10362;87;628070475;10362;181;11060;11218;10.76;0.65;245.23;13.06;698;87;3850.00;158
10365;87;628070487;10365;180;11060;11218;10.82;0.66;245.24;13.06;695;87;3851.00;158
10368;87;628070504;10368;180;11071;11230;10.79;0.66;245.21;13.05;703;87;3852.00;159
10368;87;628070516;10368;185;11071;11230;10.81;0.66;245.21;13.05;703;87;3853.00;159
10371;87;628070525;10371;179;11071;11230;10.77;0.66;245.17;13.05;700;87;3854.00;159
10374;87;628070535;10374;184;11071;11230;10.68;0.65;245.15;13.05;697;87;3855.00;159
10376;87;628070545;10376;185;11071;11230;10.65;0.65;245.13;13.05;695;87;3856.00;159
10377;87;628070554;10377;192;11072;11230;10.59;0.65;245.19;13.05;695;87;3857.00;158
10377;87;628070564;10377;199;11072;11231;10.53;0.64;245.19;13.05;695;87;3858.00;159
10380;87;628070575;10380;204;11072;11231;10.49;0.64;245.20;13.05;692;87;3859.00;159
10381;87;628070586;10381;206;11076;11237;10.45;0.64;245.20;13.05;695;87;3860.00;161
10384;87;628070599;10384;209;11079;11238;10.40;0.63;245.19;13.04;695;87;3861.00;159
10385;87;628070610;10385;211;11079;11238;10.33;0.63;245.19;13.04;694;87;3862.00;159
10386;87;628070623;10386;215;11082;11238;10.16;0.62;245.17;13.06;696;87;3863.00;156
10386;87;628070633;10386;216;11084;11242;10.09;0.61;245.17;13.06;698;87;3864.00;158
10389;87;628070644;10389;222;11084;11242;9.92;0.60;245.15;13.06;695;87;3865.00;158
10390;87;628070653;10390;229;11085;11242;9.71;0.59;245.12;13.06;695;87;3866.00;157
10392;87;628070662;10392;217;11087;11243;9.58;0.58;245.11;13.07;695;87;3867.00;156
10392;87;628070671;10392;211;11092;11247;9.47;0.58;245.11;13.08;700;87;3868.00;155
10395;87;628070681;10395;207;11092;11247;9.43;0.57;245.10;13.08;697;87;3869.00;155
10396;87;628070694;10396;209;11097;11253;9.48;0.58;245.08;13.10;701;87;3870.00;156
10398;88;628070704;10398;204;11099;11253;9.52;0.58;245.07;13.11;701;88;3871.00;154
10400;88;628070726;10400;202;11100;11253;9.57;0.58;245.08;13.11;700;88;3872.00;153
10401;88;628070736;10401;202;11103;11253;9.55;0.58;245.07;13.13;702;88;3873.00;150
10402;88;628070752;10402;200;11105;11257;9.59;0.58;245.07;13.12;703;88;3874.00;152
10404;88;628070780;10404;206;11107;11257;9.58;0.58;245.05;13.13;703;88;3875.00;150
10406;88;628070791;10406;210;11108;11257;9.56;0.58;245.02;13.15;702;88;3876.00;149
10409;88;628070801;10409;210;11110;11257;9.58;0.58;245.03;13.16;701;88;3877.00;147
10412;88;628070812;10412;211;11111;11258;9.52;0.58;245.01;13.16;699;88;3878.00;147
10413;89;628070830;10413;209;11114;11259;9.51;0.58;245.07;13.18;701;89;3879.00;145
10413;89;628070863;10413;215;11114;11259;9.43;0.58;245.07;13.18;701;89;3880.00;145
10414;89;628070874;10414;220;11116;11260;9.35;0.57;245.07;13.19;702;89;3881.00;144
10414;89;628070884;10414;219;11117;11260;9.34;0.57;245.07;13.20;703;89;3882.00;143
10415;89;628070901;10415;222;11118;11260;9.34;0.57;245.06;13.21;703;89;3883.00;142
10416;89;628070912;10416;225;11119;11260;9.36;0.57;245.06;13.22;703;89;3884.00;141
10417;89;628070922;10417;226;11121;11260;9.32;0.57;245.05;13.25;704;89;3885.00;139
10418;89;628070932;10418;227;11121;11260;9.24;0.57;245.05;13.25;703;89;3886.00;139
10419;89;628070943;10419;233;11123;11260;9.07;0.56;245.05;13.26;704;89;3887.00;137
10420;89;628070952;10420;260;11191;11387;9.08;0.56;245.04;13.18;771;89;3888.00;196
10421;89;628070975;10421;249;11197;11388;8.98;0.56;245.03;13.19;776;89;3889.00;191
10423;89;628070985;10423;240;11205;11388;8.94;0.56;245.04;13.19;782;89;3890.00;183
10424;89;628070997;10424;231;11211;11388;8.90;0.55;245.04;13.18;787;89;3891.00;177
10427;89;628071008;10427;223;11218;11388;8.81;0.55;245.03;13.19;791;89;3892.00;170
10431;89;628071020;10431;219;11221;11388;8.78;0.55;245.04;13.19;790;89;3893.00;167
10434;89;628071031;10434;216;11230;11388;8.73;0.54;245.03;13.20;796;89;3894.00;158
10437;89;628071043;10437;215;11232;11388;8.67;0.54;245.02;13.20;795;89;3895.00;156
10443;89;628071054;10443;217;11238;11389;8.64;0.53;245.01;13.21;795;89;3896.00;151
10445;89;628071065;10445;222;11240;11390;8.57;0.53;244.98;13.21;795;89;3897.00;150
10448;89;628071077;10448;222;11241;11390;8.61;0.53;245.02;13.21;793;89;3898.00;149
10449;89;628071088;10449;228;11243;11391;8.59;0.53;245.05;13.22;794;89;3899.00;148
10452;89;628071103;10452;242;11249;11406;8.51;0.53;245.05;13.21;797;89;3900.00;157
10456;89;628071129;10456;238;11252;11406;8.37;0.52;245.08;13.24;796;89;3901.00;154
10462;89;628071142;10462;243;11254;11406;8.29;0.51;245.13;13.24;792;89;3902.00;152
10469;89;628071153;10469;253;11258;11410;8.24;0.51;245.13;13.24;789;89;3903.00;152
10474;89;628071166;10474;255;11261;11410;8.13;0.50;245.17;13.25;787;89;3904.00;149
10479;89;628071177;10479;255;11261;11410;8.05;0.49;245.18;13.25;782;89;3905.00;149
10482;89;628071189;10482;254;11267;11413;7.91;0.49;245.22;13.26;785;89;3906.00;146
10487;89;628071201;10487;262;11268;11413;7.79;0.48;245.30;13.26;781;89;3907.00;145
10490;89;628071214;10490;267;11268;11413;7.72;0.47;245.30;13.26;778;89;3908.00;145
10494;89;628071227;10494;270;11273;11417;7.63;0.47;245.33;13.27;779;89;3909.00;144
10497;89;628071240;10497;264;11275;11418;7.59;0.47;245.35;13.26;778;89;3910.00;143
10499;89;628071252;10499;259;11275;11418;7.66;0.47;245.36;13.26;776;89;3911.00;143
10502;89;628071264;10502;258;11281;11422;7.72;0.48;245.39;13.27;779;89;3912.00;141
10505;89;628071278;10505;251;11281;11422;7.73;0.48;245.38;13.27;776;89;3913.00;141
10508;89;628071298;10508;244;11282;11422;7.83;0.48;245.35;13.28;774;89;3914.00;140
10513;89;628071312;10513;239;11284;11424;7.86;0.48;245.36;13.28;771;89;3915.00;140
10516;89;628071328;10516;238;11284;11424;7.94;0.49;245.38;13.28;768;89;3916.00;140
10519;89;628071344;10519;227;11289;11430;8.04;0.50;245.43;13.28;770;89;3917.00;141
10523;89;628071358;10523;216;11290;11430;8.13;0.50;245.44;13.28;767;89;3918.00;140
10525;89;628071374;10525;214;11290;11431;8.22;0.51;245.45;13.28;765;89;3919.00;141
10528;89;628071387;10528;207;11290;11431;8.22;0.51;245.47;13.28;762;89;3920.00;141
10531;89;628071399;10531;205;11290;11431;8.31;0.51;245.44;13.28;759;89;3921.00;141
10537;89;628071412;10537;203;11290;11431;8.36;0.52;245.47;13.28;753;89;3922.00;141
10541;89;628071424;10541;207;11291;11431;8.49;0.52;245.48;13.28;750;89;3923.00;140
10546;89;628071435;10546;207;11301;11443;8.69;0.53;245.48;13.27;755;89;3924.00;142
10550;89;628071447;10550;203;11301;11443;8.82;0.54;245.45;13.27;751;89;3925.00;142
10554;89;628071458;10554;197;11301;11443;8.93;0.55;245.49;13.27;747;89;3926.00;142
10560;89;628071470;10560;189;11301;11443;9.01;0.55;245.50;13.27;741;89;3927.00;142
10564;89;628071482;10564;187;11301;11443;9.05;0.55;245.51;13.27;737;89;3928.00;142
10569;89;628071493;10569;186;11304;11443;9.07;0.55;245.49;13.27;735;89;3929.00;139
10573;89;628071505;10573;189;11307;11447;9.12;0.56;245.52;13.27;734;89;3930.00;140
10579;89;628071517;10579;186;11309;11447;9.12;0.56;245.54;13.27;730;89;3931.00;138
10583;89;628071528;10583;188;11312;11451;9.17;0.56;245.55;13.27;729;89;3932.00;139
10586;89;628071540;10586;187;11313;11452;9.29;0.57;245.56;13.27;727;89;3933.00;139
10593;89;628071550;10593;190;11314;11452;9.25;0.56;245.56;13.27;721;89;3934.00;138
10598;89;628071562;10598;199;11314;11452;9.25;0.56;245.57;13.27;716;89;3935.00;138
10603;89;628071573;10603;195;11325;11465;9.27;0.56;245.56;13.26;722;89;3936.00;140
10606;89;628071585;10606;196;11325;11465;9.30;0.57;245.58;13.26;719;89;3937.00;140
10608;89;628071601;10608;195;11326;11465;9.33;0.57;245.57;13.26;718;89;3938.00;139
10613;89;628071615;10613;196;11328;11466;9.33;0.57;245.59;13.26;715;89;3939.00;138
10619;89;628071627;10619;194;11328;11467;9.39;0.57;245.71;13.26;709;89;3940.00;139
10624;89;628071639;10624;197;11329;11467;9.39;0.57;245.70;13.26;705;89;3941.00;138
10628;89;628071650;10628;198;11331;11470;9.44;0.57;245.71;13.26;703;89;3942.00;139
10632;89;628071661;10632;197;11332;11470;9.42;0.57;245.74;13.26;700;89;3943.00;138
10637;89;628071672;10637;201;11332;11470;9.45;0.57;245.72;13.26;695;89;3944.00;138
10638;89;628071683;10638;199;11334;11470;9.34;0.57;245.74;13.41;696;89;3945.00;136
10639;89;628071695;10639;205;11337;11476;9.31;0.56;245.72;13.41;698;89;3946.00;139
10642;89;628071705;10642;213;11338;11476;9.30;0.56;245.78;13.41;696;89;3947.00;138
10645;89;628071716;10645;212;11339;11476;9.23;0.56;245.83;13.41;694;89;3948.00;137
10645;89;628071727;10645;209;11339;11476;9.26;0.56;245.83;13.41;694;89;3949.00;137
10648;89;628071739;10648;207;11342;11480;9.23;0.56;245.84;13.40;694;89;3950.00;138
10652;89;628071750;10652;206;11343;11481;9.18;0.56;245.89;13.40;691;89;3951.00;138
10656;89;628071760;10656;205;11343;11481;9.11;0.56;245.90;13.40;687;89;3952.00;138
10660;89;628071773;10660;208;11344;11482;9.07;0.55;245.94;13.40;684;89;3953.00;138
10662;89;628071785;10662;212;11344;11482;9.00;0.55;245.96;13.40;682;89;3954.00;138
10665;89;628071795;10665;219;11344;11482;8.93;0.55;245.92;13.40;679;89;3955.00;138
10669;89;628071805;10669;225;11344;11482;8.84;0.54;245.95;13.40;675;89;3956.00;138
10676;89;628071815;10676;215;11344;11482;8.74;0.53;246.00;13.40;668;89;3957.00;138
10679;89;628071826;10679;218;11344;11482;8.65;0.53;246.00;13.40;665;89;3958.00;138
10685;89;628071836;10685;219;11344;11482;8.52;0.52;246.03;13.40;659;89;3959.00;138
10689;89;628071847;10689;238;11414;11607;8.40;0.52;246.05;13.32;725;89;3960.00;193
10691;89;628071866;10691;234;11418;11608;8.39;0.52;246.05;13.31;727;89;3961.00;190
10694;89;628071876;10694;231;11423;11608;8.49;0.52;246.08;13.31;729;89;3962.00;185
10701;89;628071887;10701;231;11426;11608;8.54;0.53;246.14;13.31;725;89;3963.00;182
10704;89;628071898;10704;224;11429;11608;8.61;0.53;246.12;13.30;725;89;3964.00;179
10706;89;628071909;10706;228;11431;11608;8.67;0.53;246.13;13.30;725;89;3965.00;177
10710;89;628071924;10710;218;11435;11608;8.73;0.54;246.18;13.30;725;89;3966.00;173
10712;90;628071935;10712;208;11436;11608;8.80;0.54;246.17;13.30;724;90;3967.00;172
10719;90;628071961;10719;203;11442;11609;8.85;0.54;246.16;13.30;723;90;3968.00;167
10722;90;628071986;10722;198;11444;11610;8.86;0.54;246.18;13.30;722;90;3969.00;166
10723;90;628072004;10723;192;11446;11610;8.89;0.55;246.16;13.30;723;90;3970.00;164
10725;90;628072016;10725;187;11450;11614;8.94;0.55;246.15;13.29;725;90;3971.00;164
10726;90;628072029;10726;192;11452;11614;8.95;0.55;246.15;13.29;726;90;3972.00;162
10729;90;628072041;10729;185;11452;11614;8.94;0.55;246.15;13.29;723;90;3973.00;162
10732;90;628072053;10732;185;11453;11614;8.95;0.55;246.13;13.29;721;90;3974.00;161
10733;90;628072066;10733;187;11457;11620;8.97;0.55;246.14;13.29;724;90;3975.00;163
10735;90;628072077;10735;184;11458;11620;9.00;0.55;246.13;13.29;723;90;3976.00;162
10738;90;628072088;10738;181;11459;11620;9.12;0.56;246.11;13.29;721;90;3977.00;161
10741;90;628072100;10741;187;11461;11623;9.23;0.56;246.13;13.28;720;90;3978.00;162
10741;90;628072111;10741;187;11462;11623;9.36;0.57;246.13;13.28;721;90;3979.00;161
10744;90;628072125;10744;187;11462;11623;9.45;0.58;246.15;13.28;718;90;3980.00;161
10747;90;628072138;10747;188;11462;11624;9.55;0.58;246.14;13.28;715;90;3981.00;162
10748;90;628072149;10748;190;11463;11625;9.64;0.59;246.12;13.28;715;90;3982.00;162
10751;90;628072162;10751;193;11463;11625;9.65;0.59;246.10;13.28;712;90;3983.00;162
10752;90;628072173;10752;196;11473;11638;9.66;0.59;246.11;13.27;721;90;3984.00;165
10755;90;628072186;10755;200;11473;11638;9.71;0.59;246.17;13.27;718;90;3985.00;165
10756;91;628072203;10756;200;11473;11638;9.75;0.60;246.17;13.27;717;91;3986.00;165
10760;91;628072230;10760;199;11474;11639;9.77;0.60;246.16;13.27;714;91;3987.00;165
10760;92;628072247;10760;202;11474;11639;9.78;0.60;246.16;13.27;714;92;3988.00;165
10762;92;628072289;10762;204;11477;11643;9.81;0.60;246.16;13.27;715;92;3989.00;166
10762;92;628072310;10762;209;11478;11643;9.88;0.60;246.16;13.26;716;92;3990.00;165
10762;92;628072328;10762;214;11481;11647;9.92;0.61;246.16;13.26;719;92;3991.00;166
10764;92;628072360;10764;215;11481;11647;9.93;0.61;246.15;13.26;717;92;3992.00;166
10765;92;628072372;10765;218;11481;11647;9.95;0.61;246.14;13.26;716;92;3993.00;166
10767;92;628072383;10767;221;11481;11647;9.95;0.61;246.11;13.26;714;92;3994.00;166
10768;92;628072403;10768;221;11481;11647;9.95;0.61;246.11;13.26;713;92;3995.00;166
10772;92;628072415;10772;218;11492;11659;9.94;0.61;246.06;13.41;720;92;3996.00;167
10773;92;628072429;10773;219;11492;11659;10.08;0.62;246.05;13.41;719;92;3997.00;167
10777;92;628072440;10777;219;11493;11659;10.13;0.62;246.02;13.41;716;92;3998.00;166
10779;92;628072451;10779;218;11493;11659;10.18;0.62;246.00;13.41;714;92;3999.00;166
10781;92;628072464;10781;220;11493;11659;10.14;0.62;245.97;13.41;712;92;4000.00;166
10783;92;628072480;10783;219;11493;11659;10.15;0.62;245.94;13.41;710;92;4001.00;166
10784;92;628072492;10784;222;11493;11660;10.18;0.62;245.92;13.41;709;92;4002.00;167
10788;92;628072503;10788;225;11493;11660;10.23;0.63;245.95;13.41;705;92;4003.00;167
10791;92;628072518;10791;227;11497;11666;10.23;0.63;245.92;13.40;706;92;4004.00;169
10795;92;628072532;10795;231;11500;11668;10.19;0.62;245.88;13.40;705;92;4005.00;168
10798;92;628072546;10798;231;11500;11668;10.16;0.62;245.85;13.40;702;92;4006.00;168
10800;92;628072558;10800;230;11500;11668;10.19;0.62;245.83;13.40;700;92;4007.00;168
10802;92;628072569;10802;232;11503;11672;10.18;0.62;245.83;13.40;701;92;4008.00;169
10804;92;628072582;10804;229;11503;11672;10.16;0.62;245.82;13.40;699;92;4009.00;169
10809;92;628072594;10809;233;11503;11672;10.14;0.62;245.79;13.40;694;92;4010.00;169
10809;92;628072607;10809;233;11505;11673;10.11;0.62;245.79;13.55;696;92;4011.00;168
10811;92;628072618;10811;229;11508;11677;10.07;0.61;245.78;13.55;697;92;4012.00;169
10813;92;628072629;10813;228;11508;11677;10.05;0.61;245.76;13.55;695;92;4013.00;169
10815;92;628072640;10815;223;11512;11680;10.04;0.61;245.81;13.71;697;92;4014.00;168
10816;93;628072653;10816;220;11513;11680;10.02;0.61;245.80;13.71;697;93;4015.00;167
10817;93;628072686;10817;214;11514;11680;9.97;0.61;245.79;13.72;697;93;4016.00;166
10819;93;628072700;10819;214;11514;11680;9.93;0.60;245.77;13.72;695;93;4017.00;166
10820;93;628072719;10820;211;11518;11684;9.92;0.60;245.76;13.87;698;93;4018.00;166
10821;93;628072730;10821;193;11518;11684;9.95;0.61;245.75;13.87;697;93;4019.00;166
10823;93;628072744;10823;183;11519;11684;10.08;0.62;245.72;13.87;696;93;4020.00;165
10825;93;628072755;10825;176;11519;11684;10.20;0.62;245.71;13.87;694;93;4021.00;165
10830;93;628072766;10830;166;11520;11685;10.24;0.62;245.69;14.01;690;93;4022.00;165
10830;93;628072777;10830;163;11521;11686;10.38;0.63;245.69;14.01;691;93;4023.00;165
10831;93;628072787;10831;152;11522;11686;10.48;0.64;245.68;14.15;691;93;4024.00;164
10833;93;628072797;10833;151;11523;11687;10.56;0.64;245.67;14.15;690;93;4025.00;164
10835;93;628072814;10835;148;11523;11687;10.60;0.64;245.70;14.15;688;93;4026.00;164
10837;93;628072825;10837;145;11525;11687;10.56;0.64;245.67;14.30;688;93;4027.00;162
10837;93;628072835;10837;144;11525;11687;10.63;0.65;245.67;14.30;688;93;4028.00;162
10837;93;628072846;10837;137;11526;11687;10.66;0.65;245.67;14.44;689;93;4029.00;161
10838;93;628072856;10838;136;11526;11687;10.69;0.65;245.65;14.44;688;93;4030.00;161
10840;93;628072873;10840;139;11526;11687;10.73;0.65;245.65;14.44;686;93;4031.00;161
10842;93;628072891;10842;156;11593;11814;10.72;0.66;245.65;14.49;751;93;4032.00;221
10842;93;628072912;10842;148;11596;11815;10.75;0.66;245.65;14.49;754;93;4033.00;219
10843;93;628072935;10843;146;11605;11815;10.90;0.67;245.68;14.62;762;93;4034.00;210
10844;93;628072951;10844;141;11610;11815;10.92;0.67;245.68;14.61;766;93;4035.00;205
10845;93;628072962;10845;143;11616;11815;10.93;0.67;245.67;14.63;771;93;4036.00;199
10846;93;628072976;10846;142;11619;11815;10.87;0.67;245.65;14.62;773;93;4037.00;196
10848;93;628072994;10848;145;11624;11815;10.82;0.66;245.64;14.76;776;93;4038.00;191
10849;93;628073005;10849;151;11626;11815;10.81;0.66;245.65;14.75;777;93;4039.00;189
10851;93;628073017;10851;153;11633;11816;10.78;0.66;245.63;14.78;782;93;4040.00;183
10857;94;628073032;10857;158;11635;11817;10.67;0.65;245.59;14.78;778;94;4041.00;182
10861;94;628073058;10861;159;11639;11817;10.64;0.65;245.62;14.77;778;94;4042.00;178
10862;94;628073074;10862;162;11643;11818;10.52;0.64;245.64;14.80;781;94;4043.00;175
10867;94;628073086;10867;174;11646;11818;10.42;0.64;245.68;14.80;779;94;4044.00;172
10868;94;628073098;10868;175;11650;11818;10.27;0.63;245.68;14.82;782;94;4045.00;168
10872;94;628073109;10872;184;11652;11818;10.08;0.62;245.74;14.82;780;94;4046.00;166
10872;94;628073120;10872;193;11656;11822;9.99;0.61;245.74;14.82;784;94;4047.00;166
10873;94;628073132;10873;203;11658;11822;9.82;0.60;245.76;14.84;785;94;4048.00;164
10874;94;628073143;10874;212;11659;11822;9.60;0.59;245.75;14.84;785;94;4049.00;163
10877;94;628073156;10877;214;11665;11828;9.42;0.58;245.79;14.86;788;94;4050.00;163
10880;94;628073167;10880;223;11665;11828;9.29;0.57;245.83;14.86;785;94;4051.00;163
10882;94;628073178;10882;231;11668;11828;9.12;0.56;245.88;14.88;786;94;4052.00;160
10887;94;628073189;10887;233;11671;11832;8.98;0.55;245.86;14.88;784;94;4053.00;161
10889;94;628073201;10889;238;11675;11833;8.86;0.54;245.88;14.90;786;94;4054.00;158
10895;94;628073212;10895;250;11676;11833;8.66;0.53;245.89;14.91;781;94;4055.00;157
10898;94;628073224;10898;252;11680;11837;8.58;0.53;245.94;14.91;782;94;4056.00;157
10899;94;628073235;10899;257;11682;11837;8.49;0.52;245.96;14.93;783;94;4057.00;155
10904;94;628073245;10904;265;11683;11837;8.43;0.52;245.98;14.93;779;94;4058.00;154
10907;94;628073255;10907;267;11685;11838;8.39;0.51;245.98;14.94;778;94;4059.00;153
10910;94;628073266;10910;262;11687;11838;8.35;0.51;245.98;14.95;777;94;4060.00;151
10914;94;628073277;10914;256;11691;11844;8.32;0.51;246.04;14.96;777;94;4061.00;153
10916;94;628073288;10916;260;11692;11844;8.27;0.51;246.05;14.96;776;94;4062.00;152
10918;94;628073297;10918;259;11693;11845;8.23;0.50;246.05;14.96;775;94;4063.00;152
10922;94;628073307;10922;256;11696;11845;8.15;0.50;246.06;14.99;774;94;4064.00;149
10924;94;628073317;10924;255;11697;11845;8.10;0.50;246.10;15.00;773;94;4065.00;148
10928;94;628073327;10928;255;11698;11845;8.09;0.50;246.12;15.00;770;94;4066.00;147
10930;94;628073337;10930;253;11700;11845;8.09;0.50;246.13;15.02;770;94;4067.00;145
10932;94;628073347;10932;253;11711;11857;8.18;0.50;246.11;15.01;779;94;4068.00;146
10935;94;628073358;10935;255;11711;11857;8.21;0.50;246.10;15.01;776;94;4069.00;146
10938;94;628073368;10938;252;11713;11857;8.21;0.50;246.07;15.03;775;94;4070.00;144
10938;94;628073378;10938;253;11713;11857;8.26;0.51;246.07;15.03;775;94;4071.00;144
10942;94;628073387;10942;249;11713;11857;8.17;0.50;246.08;15.03;771;94;4072.00;144
10947;94;628073397;10947;245;11715;11857;8.10;0.49;246.05;15.05;768;94;4073.00;142
10954;94;628073407;10954;251;11718;11861;8.02;0.49;246.06;15.05;764;94;4074.00;143
10959;94;628073418;10959;243;11720;11861;7.88;0.48;246.05;15.07;761;94;4075.00;141
10960;94;628073428;10960;249;11723;11865;7.89;0.48;246.05;15.06;763;94;4076.00;142
10965;94;628073437;10965;249;11725;11866;7.71;0.47;246.07;15.07;760;94;4077.00;141
10967;94;628073447;10967;252;11727;11866;7.62;0.47;246.07;15.08;760;94;4078.00;139
10972;94;628073455;10972;256;11728;11866;7.50;0.46;246.03;15.08;756;94;4079.00;138
10975;94;628073466;10975;262;11749;11895;7.33;0.45;246.07;15.07;774;94;4080.00;146
10978;94;628073478;10978;254;11749;11895;7.28;0.45;246.08;15.07;771;94;4081.00;146
10978;94;628073504;10978;253;11753;11895;7.31;0.45;246.08;15.07;775;94;4082.00;142
10981;94;628073513;10981;251;11757;11896;7.38;0.45;246.09;15.08;776;94;4083.00;139
10985;94;628073523;10985;252;11758;11897;7.39;0.45;246.08;15.08;773;94;4084.00;139
10992;94;628073532;10992;249;11759;11897;7.40;0.45;246.05;15.09;767;94;4085.00;138
10996;94;628073542;10996;252;11763;11900;7.45;0.46;246.05;15.08;767;94;4086.00;137
11000;94;628073552;11000;247;11763;11900;7.53;0.46;246.08;15.08;763;94;4087.00;137
11003;94;628073561;11003;247;11764;11900;7.58;0.46;246.08;15.09;761;94;4088.00;136
11006;94;628073570;11006;240;11764;11900;7.66;0.47;246.08;15.09;758;94;4089.00;136
11012;94;628073580;11012;232;11768;11906;7.75;0.47;246.09;15.09;756;94;4090.00;138
11013;94;628073590;11013;233;11769;11906;7.83;0.48;246.09;15.09;756;94;4091.00;137
11019;94;628073600;11019;235;11769;11906;7.87;0.48;246.16;15.09;750;94;4092.00;137
11022;94;628073610;11022;230;11769;11906;7.90;0.48;246.15;15.09;747;94;4093.00;137
11024;94;628073625;11024;224;11772;11910;7.96;0.49;246.18;15.08;748;94;4094.00;138
11029;94;628073635;11029;220;11774;11912;8.04;0.49;246.19;15.08;745;94;4095.00;138
11036;94;628073646;11036;217;11774;11912;8.13;0.49;246.19;15.08;738;94;4096.00;138
11040;94;628073656;11040;208;11775;11913;8.21;0.50;246.26;15.08;735;94;4097.00;138
11044;94;628073666;11044;207;11775;11913;8.26;0.50;246.31;15.08;731;94;4098.00;138
11047;94;628073675;11047;207;11775;11913;8.37;0.51;246.31;15.08;728;94;4099.00;138
11051;94;628073686;11051;209;11775;11913;8.43;0.51;246.31;15.08;724;94;4100.00;138
11056;94;628073699;11056;196;11775;11913;8.55;0.52;246.32;15.08;719;94;4101.00;138
11059;94;628073715;11059;189;11775;11913;8.60;0.52;246.32;15.08;716;94;4102.00;138
11062;94;628073725;11062;188;11775;11913;8.71;0.53;246.30;15.08;713;94;4103.00;138
11067;94;628073736;11067;198;11817;11983;8.74;0.54;246.29;15.03;750;94;4104.00;166
11067;94;628073751;11067;197;11817;11984;8.91;0.55;246.29;15.03;750;94;4105.00;167
11072;94;628073767;11072;198;11822;11984;9.12;0.56;246.33;15.02;750;94;4106.00;162
11076;94;628073778;11076;197;11826;11984;9.29;0.57;246.32;15.02;750;94;4107.00;158
11080;94;628073789;11080;199;11831;11984;9.51;0.58;246.41;15.01;751;94;4108.00;153
11085;94;628073800;11085;205;11833;11984;9.59;0.58;246.41;15.01;748;94;4109.00;151
11087;94;628073812;11087;209;11835;11984;9.63;0.59;246.43;15.01;748;94;4110.00;149
11093;94;628073822;11093;215;11836;11984;9.59;0.58;246.40;15.01;743;94;4111.00;148
11099;94;628073835;11099;218;11838;11985;9.53;0.58;246.39;15.01;739;94;4112.00;147
11101;94;628073848;11101;226;11839;11986;9.44;0.57;246.40;15.00;738;94;4113.00;147
11106;94;628073859;11106;226;11840;11986;9.37;0.57;246.39;15.00;734;94;4114.00;146
11108;94;628073870;11108;235;11842;11990;9.35;0.57;246.43;15.00;734;94;4115.00;148
11109;94;628073881;11109;242;11842;11990;9.30;0.56;246.44;15.00;733;94;4116.00;148
11110;94;628073892;11110;244;11842;11990;9.27;0.56;246.45;15.00;732;94;4117.00;148
11114;95;628073902;11114;246;11842;11990;9.14;0.56;246.48;15.00;728;95;4118.00;148
11117;95;628073920;11117;250;11846;11996;9.03;0.55;246.46;15.00;729;95;4119.00;150
11119;95;628073936;11119;256;11848;11996;8.93;0.54;246.45;15.00;729;95;4120.00;148
11123;95;628073952;11123;263;11849;11996;8.87;0.54;246.51;15.00;726;95;4121.00;147
11126;95;628073963;11126;268;11851;11999;8.82;0.54;246.53;14.99;725;95;4122.00;148
11128;95;628073975;11128;270;11852;11999;8.72;0.53;246.58;14.99;724;95;4123.00;147
11130;95;628073985;11130;276;11854;11999;8.63;0.53;246.60;14.99;724;95;4124.00;145
11133;95;628073995;11133;275;11854;12000;8.49;0.52;246.60;14.99;721;95;4125.00;146
11137;95;628074005;11137;280;11855;12001;8.32;0.51;246.61;14.99;718;95;4126.00;146
11140;96;628074016;11140;273;11855;12001;8.24;0.51;246.63;14.99;715;96;4127.00;146
11143;96;628074039;11143;278;11866;12014;8.25;0.51;246.66;14.98;723;96;4128.00;148
11147;96;628074050;11147;271;11866;12014;8.17;0.50;246.67;14.98;719;96;4129.00;148
11148;97;628074060;11148;280;11866;12014;8.13;0.50;246.67;14.98;718;97;4130.00;148
11150;97;628074076;11150;281;11867;12015;8.17;0.50;246.69;14.98;717;97;4131.00;148
11152;98;628074095;11152;284;11867;12015;8.14;0.50;246.66;14.98;715;98;4132.00;148
11153;98;628074121;11153;283;11870;12019;8.17;0.50;246.65;14.97;717;98;4133.00;149
11156;98;628074132;11156;291;11870;12019;8.15;0.50;246.65;14.97;714;98;4134.00;149
11159;98;628074147;11159;291;11874;12023;8.09;0.49;246.71;14.97;715;98;4135.00;149
11161;98;628074158;11161;273;11874;12023;8.03;0.49;246.71;14.97;713;98;4136.00;149
11162;98;628074168;11162;264;11874;12023;8.05;0.49;246.70;14.97;712;98;4137.00;149
11162;98;628074178;11162;252;11874;12023;8.20;0.50;246.70;14.97;712;98;4138.00;149
11166;98;628074188;11166;246;11874;12023;8.30;0.50;246.72;14.97;708;98;4139.00;149
11168;98;628074200;11168;251;11897;12057;8.39;0.51;246.70;14.94;729;98;4140.00;160
11171;98;628074213;11171;246;11898;12057;8.48;0.52;246.74;14.94;727;98;4141.00;159
11172;98;628074224;11172;240;11900;12057;8.60;0.52;246.73;14.94;728;98;4142.00;157
11175;98;628074241;11175;243;11900;12057;8.69;0.53;246.71;14.94;725;98;4143.00;157
11177;98;628074271;11177;237;11901;12057;8.84;0.54;246.71;14.93;724;98;4144.00;156
11178;98;628074288;11178;225;11901;12057;8.98;0.55;246.71;14.93;723;98;4145.00;156
11178;98;628074308;11178;224;11902;12058;9.13;0.56;246.71;14.93;724;98;4146.00;156
11180;98;628074324;11180;222;11902;12058;9.17;0.56;246.71;14.93;722;98;4147.00;156
11182;98;628074351;11182;221;11906;12064;9.20;0.56;246.72;14.93;724;98;4148.00;158
11183;98;628074375;11183;220;11907;12065;9.22;0.56;246.71;14.93;724;98;4149.00;158
11185;98;628074391;11185;221;11908;12065;9.25;0.56;246.68;14.93;723;98;4150.00;157
11188;98;628074414;11188;217;11908;12065;9.25;0.56;246.63;14.93;720;98;4151.00;157
11189;98;628074432;11189;216;11912;12069;9.30;0.57;246.63;14.92;723;98;4152.00;157
11193;98;628074455;11193;218;11912;12069;9.21;0.56;246.56;14.92;719;98;4153.00;157
11195;98;628074471;11195;219;11912;12069;9.14;0.56;246.54;14.92;717;98;4154.00;157
11197;98;628074488;11197;224;11913;12070;9.11;0.56;246.52;14.92;716;98;4155.00;157
11197;98;628074501;11197;230;11916;12074;9.06;0.55;246.52;14.92;719;98;4156.00;158
11199;98;628074512;11199;233;11916;12074;9.04;0.55;246.49;14.92;717;98;4157.00;158
11200;98;628074523;11200;232;11918;12077;9.10;0.56;246.47;14.92;718;98;4158.00;159
11202;98;628074534;11202;241;11918;12077;9.12;0.56;246.46;14.92;716;98;4159.00;159
11205;98;628074543;11205;237;11920;12077;9.10;0.56;246.44;15.05;715;98;4160.00;157
11207;98;628074554;11207;241;11920;12077;9.13;0.56;246.42;15.05;713;98;4161.00;157
11208;98;628074564;11208;244;11923;12081;9.10;0.56;246.42;15.05;715;98;4162.00;158
11210;98;628074575;11210;248;11923;12081;9.08;0.55;246.41;15.05;713;98;4163.00;158
11212;98;628074593;11212;248;11924;12081;9.08;0.55;246.41;15.05;712;98;4164.00;157
11215;98;628074609;11215;251;11924;12081;9.11;0.56;246.40;15.05;709;98;4165.00;157
11217;98;628074626;11217;251;11924;12082;9.10;0.55;246.40;15.05;707;98;4166.00;158
11219;98;628074636;11219;253;11925;12083;9.12;0.56;246.38;15.04;706;98;4167.00;158
11224;98;628074648;11224;253;11925;12083;9.06;0.55;246.47;15.04;701;98;4168.00;158
11224;98;628074660;11224;260;11926;12084;9.10;0.55;246.47;15.04;702;98;4169.00;158
11224;98;628074671;11224;258;11926;12084;9.08;0.55;246.47;15.04;702;98;4170.00;158
11225;98;628074680;11225;244;11926;12084;9.20;0.56;246.46;15.04;701;98;4171.00;158
11225;98;628074690;11225;233;11926;12084;9.33;0.57;246.46;15.04;701;98;4172.00;158
11226;98;628074699;11226;227;11928;12086;9.40;0.57;246.46;15.04;702;98;4173.00;158
11226;98;628074710;11226;215;11928;12086;9.47;0.58;246.46;15.04;702;98;4174.00;158
11229;98;628074721;11229;204;11928;12086;9.60;0.58;246.46;15.04;699;98;4175.00;158
11231;98;628074730;11231;220;11997;12213;9.51;0.59;246.46;14.96;766;98;4176.00;216
11235;98;628074751;11235;204;11999;12214;9.54;0.59;246.42;15.09;764;98;4177.00;215
11236;98;628074770;11236;192;12006;12214;9.75;0.60;246.41;15.08;770;98;4178.00;208
11239;98;628074788;11239;183;12007;12214;9.87;0.61;246.39;15.08;768;98;4179.00;207
11244;98;628074803;11244;178;12011;12214;9.89;0.61;246.36;15.08;767;98;4180.00;203
11246;99;628074820;11246;173;12017;12214;9.95;0.61;246.35;15.07;771;99;4181.00;197
11249;99;628074855;11249;171;12019;12214;10.01;0.61;246.34;15.07;770;99;4182.00;195
11251;101;628074872;11251;171;12022;12214;10.13;0.62;246.33;15.07;771;101;4183.00;192
11254;101;628074916;11254;167;12024;12215;10.30;0.63;246.33;15.07;770;101;4184.00;191
11255;101;628074929;11255;158;12027;12217;10.36;0.63;246.33;15.08;772;101;4185.00;190
11256;101;628074952;11256;158;12033;12217;10.43;0.64;246.32;15.09;777;101;4186.00;184
11257;101;628074965;11257;152;12034;12218;10.52;0.64;246.31;15.09;777;101;4187.00;184
11258;101;628074979;11258;158;12038;12218;10.64;0.65;246.31;15.09;780;101;4188.00;180
11259;101;628074991;11259;152;12042;12218;10.74;0.66;246.30;15.09;783;101;4189.00;176
11259;101;628075003;11259;157;12044;12218;10.83;0.66;246.30;15.09;785;101;4190.00;174
11259;101;628075022;11259;152;12047;12222;10.86;0.66;246.30;15.09;788;101;4191.00;175
11265;101;628075042;11265;149;12049;12222;10.80;0.66;246.32;15.09;784;101;4192.00;173
11268;101;628075055;11268;153;12051;12222;10.74;0.65;246.38;15.22;783;101;4193.00;171
11270;101;628075068;11270;163;12053;12225;10.75;0.65;246.39;15.22;783;101;4194.00;172
11272;101;628075082;11272;165;12054;12225;10.68;0.65;246.37;15.22;782;101;4195.00;171
11275;101;628075096;11275;161;12055;12225;10.61;0.64;246.35;15.36;780;101;4196.00;170
11278;101;628075109;11278;165;12059;12229;10.51;0.64;246.39;15.36;781;101;4197.00;170
11284;101;628075122;11284;172;12060;12230;10.44;0.63;246.34;15.35;776;101;4198.00;170
11285;101;628075135;11285;172;12060;12230;10.41;0.63;246.34;15.35;775;101;4199.00;170
11290;101;628075150;11290;181;12070;12264;10.30;0.62;246.35;15.34;780;101;4200.00;194
11292;101;628075173;11292;183;12071;12264;10.27;0.62;246.37;15.34;779;101;4201.00;193
11294;101;628075186;11294;182;12074;12264;10.19;0.62;246.39;15.34;780;101;4202.00;190
11297;101;628075199;11297;184;12076;12265;10.13;0.61;246.40;15.34;779;101;4203.00;189
11299;101;628075211;11299;193;12077;12265;10.10;0.61;246.42;15.34;778;101;4204.00;188
11302;101;628075224;11302;194;12080;12271;10.12;0.61;246.45;15.34;778;101;4205.00;191
11304;101;628075240;11304;196;12083;12271;10.00;0.60;246.47;15.34;779;101;4206.00;188
11305;101;628075255;11305;198;12083;12272;9.97;0.60;246.46;15.34;778;101;4207.00;189
11308;101;628075269;11308;202;12084;12272;9.85;0.60;246.47;15.34;776;101;4208.00;188
11310;101;628075290;11310;203;12085;12272;9.74;0.59;246.49;15.34;775;101;4209.00;187
11312;101;628075302;11312;208;12087;12272;9.64;0.58;246.52;15.37;775;101;4210.00;185
11314;101;628075315;11314;208;12088;12272;9.48;0.57;246.56;15.37;774;101;4211.00;184
11317;101;628075327;11317;214;12096;12284;9.41;0.57;246.56;15.36;779;101;4212.00;188
11317;101;628075340;11317;213;12100;12284;9.32;0.56;246.56;15.38;783;101;4213.00;184
11321;101;628075352;11321;223;12102;12284;9.27;0.56;246.59;15.38;781;101;4214.00;182
11322;101;628075365;11322;222;12102;12284;9.22;0.56;246.61;15.38;780;101;4215.00;182
11325;101;628075376;11325;215;12104;12284;9.10;0.55;246.61;15.41;779;101;4216.00;180
11327;101;628075389;11327;216;12105;12284;9.03;0.55;246.59;15.41;778;101;4217.00;179
11331;101;628075401;11331;219;12110;12288;8.94;0.54;246.60;15.42;779;101;4218.00;178
11334;101;628075415;11334;223;12113;12288;8.85;0.54;246.63;15.45;779;101;4219.00;175
11335;101;628075427;11335;227;12115;12292;8.88;0.54;246.62;15.45;780;101;4220.00;177
11338;101;628075439;11338;229;12118;12293;8.85;0.54;246.63;15.47;780;101;4221.00;175
11341;101;628075451;11341;235;12119;12293;8.82;0.54;246.61;15.47;778;101;4222.00;174
11342;101;628075464;11342;241;12121;12293;8.80;0.54;246.63;15.49;779;101;4223.00;172
11345;101;628075476;11345;244;12128;12306;8.71;0.53;246.59;15.49;783;101;4224.00;178
11348;101;628075492;11348;247;12132;12306;8.58;0.52;246.61;15.51;784;101;4225.00;174
11350;101;628075507;11350;247;12133;12306;8.51;0.52;246.60;15.52;783;101;4226.00;173
11353;101;628075518;11353;250;12136;12307;8.49;0.52;246.63;15.53;783;101;4227.00;171
11358;101;628075529;11358;260;12138;12308;8.41;0.51;246.60;15.54;780;101;4228.00;170
11359;101;628075540;11359;255;12139;12308;8.42;0.51;246.59;15.55;780;101;4229.00;169
11362;101;628075551;11362;254;12143;12314;8.41;0.51;246.61;15.56;781;101;4230.00;171
11365;101;628075563;11365;249;12144;12314;8.40;0.51;246.62;15.56;779;101;4231.00;170
11367;101;628075573;11367;249;12144;12314;8.39;0.51;246.60;15.56;777;101;4232.00;170
11370;101;628075584;11370;246;12145;12314;8.38;0.51;246.72;15.57;775;101;4233.00;169
11373;101;628075595;11373;249;12150;12320;8.42;0.51;246.75;15.58;777;101;4234.00;170
11377;101;628075607;11377;247;12151;12320;8.47;0.52;246.81;15.59;774;101;4235.00;169
11382;101;628075618;11382;248;12153;12320;8.46;0.52;246.85;15.61;771;101;4236.00;167
11383;101;628075629;11383;254;12153;12320;8.51;0.52;246.85;15.61;770;101;4237.00;167
11387;101;628075639;11387;260;12158;12324;8.44;0.52;246.93;15.62;771;101;4238.00;166
11390;101;628075658;11390;260;12159;12325;8.45;0.52;246.95;15.62;769;101;4239.00;166
11392;101;628075668;11392;256;12160;12325;8.47;0.52;246.96;15.62;768;101;4240.00;165
11395;101;628075678;11395;263;12163;12326;8.53;0.52;246.97;15.63;768;101;4241.00;163
11400;101;628075689;11400;265;12163;12326;8.46;0.52;246.97;15.63;763;101;4242.00;163
11405;101;628075699;11405;268;12165;12326;8.35;0.51;246.95;15.65;760;101;4243.00;161
11410;101;628075709;11410;264;12166;12326;8.23;0.51;246.97;15.65;756;101;4244.00;160
11415;101;628075720;11415;268;12169;12326;8.21;0.50;246.94;15.67;754;101;4245.00;157
11421;101;628075730;11421;267;12169;12326;8.14;0.50;246.95;15.67;748;101;4246.00;157
11427;101;628075742;11427;268;12170;12326;8.03;0.49;246.98;15.67;743;101;4247.00;156
11431;101;628075752;11431;278;12207;12396;8.00;0.49;246.97;15.63;776;101;4248.00;189
11436;101;628075767;11436;275;12210;12397;7.83;0.48;247.04;15.63;774;101;4249.00;187
11441;101;628075778;11441;266;12218;12397;7.81;0.48;247.02;15.64;777;101;4250.00;179
11447;101;628075789;11447;257;12219;12397;7.71;0.47;247.04;15.64;772;101;4251.00;178
11451;101;628075799;11451;257;12224;12397;7.68;0.47;247.03;15.65;773;101;4252.00;173
11454;101;628075809;11454;255;12226;12397;7.72;0.48;247.05;15.65;772;101;4253.00;171
11461;101;628075820;11461;257;12231;12397;7.63;0.47;247.06;15.66;770;101;4254.00;166
11464;101;628075830;11464;258;12233;12397;7.55;0.46;247.07;15.66;769;101;4255.00;164
11467;101;628075840;11467;259;12237;12398;7.54;0.46;247.09;15.67;770;101;4256.00;161
11473;101;628075850;11473;261;12241;12399;7.52;0.46;247.10;15.67;768;101;4257.00;158
11476;101;628075860;11476;259;12246;12399;7.59;0.47;247.11;15.67;770;101;4258.00;153
11479;101;628075871;11479;252;12250;12403;7.67;0.47;247.12;15.67;771;101;4259.00;153
11484;101;628075883;11484;248;12251;12403;7.76;0.48;247.18;15.67;767;101;4260.00;152
11486;101;628075893;11486;250;12251;12403;7.79;0.48;247.20;15.67;765;101;4261.00;152
11489;101;628075904;11489;247;12252;12403;7.82;0.48;247.22;15.67;763;101;4262.00;151
11493;101;628075914;11493;250;12256;12409;7.83;0.48;247.21;15.67;763;101;4263.00;153
11498;101;628075925;11498;252;12256;12409;7.90;0.48;247.19;15.67;758;101;4264.00;153
11504;101;628075937;11504;251;12258;12409;8.01;0.49;247.22;15.67;754;101;4265.00;151
11507;101;628075947;11507;253;12261;12412;8.12;0.50;247.26;15.67;754;101;4266.00;151
11512;101;628075958;11512;244;12262;12412;8.18;0.50;247.23;15.67;750;101;4267.00;150
11515;101;628075969;11515;250;12262;12412;8.20;0.50;247.25;15.67;747;101;4268.00;150
11523;101;628075979;11523;245;12264;12413;8.11;0.50;247.25;15.67;741;101;4269.00;149
11528;102;628075990;11528;243;12266;12414;8.07;0.49;247.28;15.67;738;102;4270.00;148
11530;102;628076013;11530;244;12267;12414;8.01;0.49;247.28;15.67;737;102;4271.00;147
11537;102;628076023;11537;245;12280;12427;7.98;0.49;247.27;15.66;743;102;4272.00;147
11539;102;628076035;11539;246;12280;12427;7.96;0.49;247.27;15.66;741;102;4273.00;147
11545;102;628076045;11545;251;12281;12427;7.94;0.49;247.29;15.66;736;102;4274.00;146
11551;102;628076055;11551;249;12284;12429;7.98;0.49;247.28;15.65;733;102;4275.00;145
11554;102;628076066;11554;251;12285;12429;8.00;0.49;247.29;15.65;731;102;4276.00;144
11558;102;628076076;11558;245;12288;12433;7.91;0.48;247.31;15.65;730;102;4277.00;145
11565;102;628076087;11565;249;12289;12433;7.82;0.48;247.28;15.65;724;102;4278.00;144
11573;102;628076098;11573;247;12292;12437;7.84;0.48;247.36;15.64;719;102;4279.00;145
11576;102;628076109;11576;255;12292;12437;7.93;0.48;247.36;15.64;716;102;4280.00;145
11578;102;628076119;11578;253;12292;12437;7.92;0.48;247.34;15.64;714;102;4281.00;145
11583;102;628076130;11583;257;12292;12437;7.86;0.48;247.34;15.64;709;102;4282.00;145
11584;103;628076140;11584;263;12292;12437;7.86;0.48;247.33;15.64;708;103;4283.00;145
11587;103;628076164;11587;263;12302;12449;7.97;0.49;247.36;15.63;715;103;4284.00;147
11588;103;628076175;11588;265;12303;12449;7.99;0.49;247.35;15.63;715;103;4285.00;146
11589;103;628076185;11589;270;12303;12449;8.03;0.49;247.36;15.63;714;103;4286.00;146
11591;103;628076200;11591;268;12303;12449;8.04;0.49;247.37;15.63;712;103;4287.00;146
11592;103;628076211;11592;270;12303;12449;7.98;0.49;247.36;15.63;711;103;4288.00;146
11597;103;628076223;11597;279;12303;12449;7.92;0.48;247.38;15.63;706;103;4289.00;146
11600;103;628076235;11600;282;12303;12450;7.87;0.48;247.37;15.63;703;103;4290.00;147
11604;103;628076247;11604;289;12303;12450;7.81;0.48;247.38;15.63;699;103;4291.00;147
11607;103;628076256;11607;301;12307;12456;7.79;0.48;247.36;15.62;700;103;4292.00;149
11610;103;628076267;11610;308;12309;12457;7.77;0.48;247.36;15.62;699;103;4293.00;148
11612;103;628076277;11612;310;12309;12457;7.70;0.47;247.34;15.62;697;103;4294.00;148
11613;103;628076288;11613;319;12309;12457;7.61;0.47;247.33;15.62;696;103;4295.00;148
11617;103;628076298;11617;325;12312;12461;7.57;0.46;247.31;15.62;695;103;4296.00;149
11619;103;628076309;11619;321;12312;12461;7.53;0.46;247.34;15.62;693;103;4297.00;149
11623;103;628076322;11623;319;12312;12461;7.47;0.46;247.32;15.62;689;103;4298.00;149
11627;103;628076332;11627;316;12313;12462;7.52;0.46;247.29;15.62;686;103;4299.00;149
11629;103;628076343;11629;311;12316;12466;7.55;0.46;247.30;15.61;687;103;4300.00;150
11633;103;628076357;11633;308;12316;12466;7.44;0.45;247.27;15.61;683;103;4301.00;150
11635;103;628076366;11635;309;12318;12469;7.48;0.46;247.32;15.61;683;103;4302.00;151
11638;103;628076378;11638;313;12318;12469;7.39;0.45;247.30;15.61;680;103;4303.00;151
11639;103;628076389;11639;309;12319;12469;7.36;0.45;247.28;15.61;680;103;4304.00;150
11642;103;628076403;11642;313;12319;12469;7.35;0.45;247.24;15.61;677;103;4305.00;150
11643;103;628076412;11643;298;12322;12473;7.37;0.45;247.22;15.61;679;103;4306.00;151
11644;103;628076427;11644;283;12322;12473;7.36;0.45;247.21;15.61;678;103;4307.00;151
11646;103;628076437;11646;274;12323;12473;7.40;0.45;247.21;15.61;677;103;4308.00;150
11647;103;628076446;11647;271;12323;12473;7.49;0.46;247.20;15.61;676;103;4309.00;150
11650;103;628076455;11650;268;12323;12474;7.56;0.46;247.18;15.61;673;103;4310.00;151
11650;103;628076465;11650;265;12324;12475;7.65;0.47;247.18;15.60;674;103;4311.00;151
11650;103;628076475;11650;263;12324;12475;7.79;0.48;247.18;15.60;674;103;4312.00;151
11652;103;628076485;11652;255;12325;12476;7.87;0.48;247.18;15.60;673;103;4313.00;151
11654;103;628076494;11654;254;12325;12476;7.98;0.49;247.18;15.60;671;103;4314.00;151
11655;103;628076504;11655;253;12325;12476;8.08;0.49;247.24;15.60;670;103;4315.00;151
11655;103;628076513;11655;252;12325;12476;8.15;0.50;247.24;15.60;670;103;4316.00;151
11655;103;628076522;11655;244;12325;12476;8.24;0.50;247.24;15.60;670;103;4317.00;151
11656;103;628076531;11656;237;12325;12476;8.31;0.51;247.24;15.60;669;103;4318.00;151
11659;103;628076540;11659;233;12325;12476;8.38;0.51;247.21;15.60;666;103;4319.00;151
11660;103;628076550;11660;273;12435;12706;8.50;0.53;247.21;15.46;775;103;4320.00;271
11662;103;628076577;11662;261;12438;12707;8.56;0.54;247.19;15.46;776;103;4321.00;269
11664;103;628076593;11664;247;12447;12707;8.69;0.54;247.19;15.45;783;103;4322.00;260
11666;103;628076603;11666;226;12452;12707;8.72;0.54;247.20;15.45;786;103;4323.00;255
11666;103;628076613;11666;214;12460;12707;8.83;0.55;247.20;15.44;794;103;4324.00;247
11667;103;628076623;11667;206;12464;12707;8.93;0.56;247.26;15.44;797;103;4325.00;243
11667;103;628076639;11667;202;12468;12707;8.99;0.56;247.26;15.43;801;103;4326.00;239
11667;103;628076663;11667;197;12474;12707;9.05;0.56;247.26;15.43;807;103;4327.00;233
11667;103;628076682;11667;201;12477;12708;9.08;0.56;247.26;15.43;810;103;4328.00;231
11668;103;628076700;11668;192;12483;12709;9.20;0.57;247.25;15.42;815;103;4329.00;226
11671;103;628076718;11671;192;12488;12709;9.30;0.58;247.25;15.42;817;103;4330.00;221
11672;103;628076730;11672;190;12492;12710;9.34;0.58;247.24;15.56;820;103;4331.00;218
11674;103;628076743;11674;197;12496;12710;9.34;0.58;247.25;15.56;822;103;4332.00;214
11677;103;628076767;11677;193;12500;12710;9.34;0.58;247.23;15.56;823;103;4333.00;210
11677;103;628076778;11677;193;12502;12710;9.43;0.58;247.23;15.56;825;103;4334.00;208
11680;103;628076790;11680;191;12507;12714;9.39;0.58;247.22;15.56;827;103;4335.00;207
11681;103;628076802;11681;193;12508;12714;9.37;0.58;247.21;15.56;827;103;4336.00;206
11684;103;628076814;11684;190;12510;12714;9.41;0.58;247.19;15.56;826;103;4337.00;204
11684;103;628076826;11684;193;12512;12717;9.44;0.58;247.19;15.56;828;103;4338.00;205
11687;103;628076837;11687;193;12512;12717;9.53;0.58;247.19;15.56;825;103;4339.00;205
11689;103;628076850;11689;198;12513;12717;9.60;0.59;247.16;15.56;824;103;4340.00;204
11689;103;628076862;11689;200;12516;12721;9.63;0.59;247.16;15.55;827;103;4341.00;205
11691;103;628076886;11691;203;12519;12722;9.71;0.59;247.14;15.55;828;103;4342.00;203
11693;103;628076897;11693;204;12519;12722;9.78;0.60;247.12;15.55;826;103;4343.00;203
11696;103;628076915;11696;205;12520;12726;9.91;0.60;247.15;15.55;824;103;4344.00;206
11698;103;628076929;11698;204;12521;12726;10.06;0.61;247.13;15.55;823;103;4345.00;205
11700;103;628076941;11700;203;12523;12726;10.16;0.62;247.12;15.70;823;103;4346.00;203
11700;103;628076952;11700;196;12524;12727;10.28;0.63;247.12;15.69;824;103;4347.00;203
11705;103;628076964;11705;196;12524;12727;10.30;0.63;247.13;15.69;819;103;4348.00;203
11710;103;628076976;11710;195;12527;12733;10.29;0.63;247.14;15.69;817;103;4349.00;206
11712;103;628076990;11712;190;12527;12733;10.28;0.63;247.14;15.69;815;103;4350.00;206
11714;103;628077002;11714;182;12528;12734;10.23;0.62;247.15;15.69;814;103;4351.00;206
11716;103;628077014;11716;178;12529;12734;10.24;0.62;247.18;15.84;813;103;4352.00;205
11719;103;628077026;11719;179;12530;12734;10.24;0.62;247.19;15.84;811;103;4353.00;204
11722;103;628077038;11722;170;12532;12734;10.26;0.62;247.24;15.84;810;103;4354.00;202
11727;103;628077049;11727;168;12535;12734;10.32;0.63;247.24;15.87;808;103;4355.00;199
11729;103;628077062;11729;165;12545;12746;10.40;0.63;247.28;16.00;816;103;4356.00;201
11731;103;628077075;11731;165;12545;12746;10.49;0.64;247.28;16.00;814;103;4357.00;201
11734;103;628077086;11734;162;12548;12746;10.58;0.64;247.27;16.00;814;103;4358.00;198
11735;103;628077098;11735;163;12550;12746;10.64;0.65;247.30;16.00;815;103;4359.00;196
11740;103;628077109;11740;158;12551;12746;10.69;0.65;247.29;16.14;811;103;4360.00;195
11743;103;628077121;11743;153;12551;12746;10.75;0.65;247.31;16.14;808;103;4361.00;195
11745;103;628077132;11745;153;12554;12750;10.80;0.66;247.31;16.14;809;103;4362.00;196
11748;103;628077145;11748;149;12555;12750;10.85;0.66;247.33;16.29;807;103;4363.00;195
11750;103;628077157;11750;153;12558;12754;10.95;0.66;247.33;16.28;808;103;4364.00;196
11753;104;628077170;11753;157;12560;12756;10.95;0.66;247.35;16.28;807;104;4365.00;196
11755;104;628077193;11755;158;12562;12756;10.94;0.66;247.35;16.42;807;104;4366.00;194
11760;104;628077206;11760;158;12563;12756;10.97;0.66;247.34;16.43;803;104;4367.00;193
11762;104;628077218;11762;158;12572;12769;10.91;0.66;247.39;16.56;810;104;4368.00;197
11764;104;628077236;11764;153;12572;12769;10.89;0.66;247.40;16.56;808;104;4369.00;197
11768;104;628077259;11768;150;12574;12769;10.93;0.66;247.42;16.56;806;104;4370.00;195
11769;104;628077280;11769;155;12576;12770;10.93;0.66;247.44;16.71;807;104;4371.00;194
11770;104;628077310;11770;152;12577;12771;10.94;0.66;247.45;16.71;807;104;4372.00;194
11773;104;628077329;11773;151;12577;12771;10.92;0.66;247.47;16.71;804;104;4373.00;194
11776;104;628077346;11776;155;12581;12774;10.88;0.66;247.46;16.85;805;104;4374.00;193
11778;104;628077364;11778;157;12582;12774;10.85;0.66;247.46;16.85;804;104;4375.00;192
11782;104;628077378;11782;166;12583;12774;10.79;0.65;247.55;16.85;801;104;4376.00;191
11784;104;628077392;11784;174;12583;12774;10.69;0.65;247.57;16.85;799;104;4377.00;191
11787;104;628077413;11787;175;12588;12780;10.61;0.65;247.56;16.85;801;104;4378.00;192
11790;104;628077426;11790;177;12589;12780;10.54;0.64;247.60;16.87;799;104;4379.00;191
11793;104;628077441;11793;185;12591;12780;10.46;0.64;247.62;16.87;798;104;4380.00;189
11799;104;628077454;11799;190;12591;12780;10.34;0.63;247.58;16.87;792;104;4381.00;189
11803;104;628077468;11803;207;12597;12784;10.22;0.62;247.64;16.90;794;104;4382.00;187
11806;104;628077481;11806;214;12599;12785;10.15;0.62;247.66;16.90;793;104;4383.00;186
11808;104;628077494;11808;218;12601;12785;10.07;0.61;247.66;16.91;793;104;4384.00;184
11812;104;628077506;11812;226;12604;12786;10.01;0.61;247.65;16.93;792;104;4385.00;182
11814;104;628077518;11814;233;12606;12786;9.99;0.61;247.65;16.95;792;104;4386.00;180
11816;104;628077530;11816;238;12609;12786;9.86;0.60;247.71;16.97;793;104;4387.00;177
11821;104;628077541;11821;247;12610;12786;9.69;0.59;247.72;16.99;789;104;4388.00;176
11822;104;628077553;11822;250;12612;12786;9.62;0.58;247.75;16.99;790;104;4389.00;174
11825;104;628077565;11825;255;12615;12786;9.55;0.58;247.74;17.02;790;104;4390.00;171
11828;104;628077581;11828;263;12616;12786;9.45;0.57;247.76;17.03;788;104;4391.00;170
11829;104;628077594;11829;275;12652;12856;9.46;0.58;247.76;17.00;823;104;4392.00;204
11832;105;628077611;11832;277;12655;12857;9.35;0.57;247.78;17.00;823;105;4393.00;202
11834;105;628077636;11834;277;12666;12857;9.30;0.57;247.77;17.01;832;105;4394.00;191
11838;105;628077648;11838;279;12666;12857;9.22;0.56;247.74;17.01;828;105;4395.00;191
11840;105;628077660;11840;279;12672;12857;9.21;0.56;247.72;17.00;832;105;4396.00;185
11842;105;628077672;11842;277;12678;12857;9.10;0.55;247.70;17.01;836;105;4397.00;179
11845;105;628077690;11845;276;12684;12857;8.98;0.55;247.69;17.01;839;105;4398.00;173
11846;105;628077703;11846;274;12686;12857;8.87;0.54;247.69;17.03;840;105;4399.00;171
11849;105;628077724;11849;274;12689;12858;8.84;0.54;247.69;17.03;840;105;4400.00;169
11850;105;628077743;11850;269;12694;12859;8.83;0.54;247.69;17.04;844;105;4401.00;165
11853;105;628077755;11853;269;12694;12859;8.80;0.54;247.68;17.04;841;105;4402.00;165
11854;105;628077767;11854;270;12698;12863;8.73;0.53;247.66;17.06;844;105;4403.00;165
11855;105;628077780;11855;274;12698;12863;8.76;0.54;247.67;17.06;843;105;4404.00;165
11857;105;628077791;11857;275;12698;12863;8.71;0.53;247.64;17.06;841;105;4405.00;165
11858;105;628077804;11858;276;12700;12863;8.65;0.53;247.64;17.07;842;105;4406.00;163
11862;105;628077816;11862;281;12705;12869;8.63;0.53;247.62;17.07;843;105;4407.00;164
11864;105;628077829;11864;284;12708;12869;8.57;0.52;247.63;17.09;844;105;4408.00;161
11868;105;628077841;11868;293;12708;12869;8.58;0.52;247.66;17.09;840;105;4409.00;161
11872;105;628077855;11872;297;12713;12875;8.50;0.52;247.65;17.10;841;105;4410.00;162
11875;105;628077868;11875;297;12715;12875;8.40;0.51;247.64;17.09;840;105;4411.00;160
11879;105;628077879;11879;300;12716;12875;8.35;0.51;247.68;17.09;837;105;4412.00;159
11884;105;628077891;11884;305;12717;12876;8.18;0.50;247.66;17.09;833;105;4413.00;159
11887;105;628077902;11887;301;12719;12877;8.10;0.50;247.65;17.10;832;105;4414.00;158
11894;105;628077914;11894;299;12720;12877;7.92;0.49;247.64;17.10;826;105;4415.00;157
11900;105;628077926;11900;301;12731;12890;7.82;0.48;247.64;17.10;831;105;4416.00;159
11906;105;628077940;11906;287;12731;12890;7.69;0.47;247.69;17.10;825;105;4417.00;159
11911;105;628077951;11911;291;12734;12890;7.54;0.46;247.71;17.11;823;105;4418.00;156
11914;105;628077962;11914;286;12735;12891;7.37;0.45;247.73;17.11;821;105;4419.00;156
11917;105;628077975;11917;280;12736;12891;7.22;0.44;247.77;17.10;819;105;4420.00;155
11920;105;628077986;11920;273;12740;12895;7.18;0.44;247.77;17.11;820;105;4421.00;155
11923;105;628077997;11923;270;12741;12895;7.11;0.44;247.79;17.11;818;105;4422.00;154
11929;105;628078008;11929;272;12744;12899;7.07;0.44;247.87;17.12;815;105;4423.00;155
11930;105;628078020;11930;272;12746;12899;7.08;0.44;247.89;17.12;816;105;4424.00;153
11938;105;628078031;11938;273;12746;12899;7.11;0.44;247.90;17.12;808;105;4425.00;153
11941;105;628078042;11941;271;12747;12899;7.17;0.44;247.94;17.13;806;105;4426.00;152
11945;105;628078052;11945;264;12747;12899;7.23;0.45;247.94;17.13;802;105;4427.00;152
11948;105;628078063;11948;256;12759;12911;7.39;0.46;247.95;17.12;811;105;4428.00;152
11953;105;628078075;11953;252;12760;12911;7.46;0.46;247.99;17.12;807;105;4429.00;151
11955;105;628078086;11955;253;12761;12911;7.54;0.46;247.98;17.11;806;105;4430.00;150
11959;105;628078098;11959;251;12761;12911;7.60;0.47;248.05;17.11;802;105;4431.00;150
11963;105;628078109;11963;252;12761;12911;7.68;0.47;248.04;17.11;798;105;4432.00;150
11966;105;628078120;11966;254;12761;12911;7.78;0.48;248.05;17.11;795;105;4433.00;150
11973;105;628078131;11973;254;12761;12912;7.84;0.48;248.10;17.11;788;105;4434.00;151
11978;105;628078142;11978;256;12761;12912;7.95;0.49;248.14;17.11;783;105;4435.00;151
11983;105;628078153;11983;257;12766;12918;7.98;0.49;248.11;17.11;783;105;4436.00;152
11986;105;628078165;11986;257;12767;12919;8.01;0.49;248.15;17.11;781;105;4437.00;152
11990;105;628078176;11990;251;12767;12919;8.02;0.49;248.15;17.11;777;105;4438.00;152
11992;105;628078188;11992;251;12767;12919;8.02;0.49;248.17;17.11;775;105;4439.00;152
11998;105;628078201;11998;250;12771;12924;8.06;0.49;248.14;17.10;773;105;4440.00;153
12001;105;628078212;12001;243;12771;12924;8.02;0.49;248.19;17.10;770;105;4441.00;153
12005;105;628078223;12005;248;12771;12924;7.93;0.49;248.19;17.10;766;105;4442.00;153
12007;105;628078243;12007;252;12772;12925;7.88;0.48;248.18;17.10;765;105;4443.00;153
12012;105;628078254;12012;254;12775;12929;7.86;0.48;248.18;17.10;763;105;4444.00;154
12015;105;628078266;12015;252;12775;12929;7.88;0.48;248.16;17.10;760;105;4445.00;154
12021;105;628078276;12021;256;12777;12932;7.90;0.48;248.14;17.09;756;105;4446.00;155
12024;105;628078288;12024;261;12777;12932;7.88;0.48;248.13;17.09;753;105;4447.00;155
12027;105;628078299;12027;266;12778;12932;7.88;0.48;248.09;17.09;751;105;4448.00;154
12030;105;628078310;12030;272;12778;12932;7.79;0.48;248.09;17.09;748;105;4449.00;154
12034;105;628078321;12034;269;12781;12936;7.82;0.48;248.08;17.09;747;105;4450.00;155
12042;105;628078331;12042;275;12781;12936;7.72;0.47;248.03;17.09;739;105;4451.00;155
12047;105;628078343;12047;281;12782;12936;7.71;0.47;248.00;17.09;735;105;4452.00;154
12054;105;628078354;12054;287;12783;12936;7.58;0.46;247.99;17.23;729;105;4453.00;153
12057;105;628078379;12057;284;12783;12937;7.51;0.46;248.00;17.23;726;105;4454.00;154
12060;105;628078406;12060;292;12785;12939;7.48;0.46;247.98;17.23;725;105;4455.00;154
12063;105;628078433;12063;298;12785;12939;7.43;0.45;247.97;17.23;722;105;4456.00;154
12069;105;628078458;12069;297;12786;12940;7.42;0.45;248.02;17.23;717;105;4457.00;154
12071;105;628078471;12071;304;12786;12940;7.41;0.45;248.03;17.23;715;105;4458.00;154
12077;105;628078483;12077;306;12786;12940;7.33;0.45;248.03;17.23;709;105;4459.00;154
12081;105;628078496;12081;309;12786;12940;7.26;0.44;248.04;17.23;705;105;4460.00;154
12082;105;628078509;12082;316;12786;12940;7.21;0.44;248.04;17.23;704;105;4461.00;154
12085;105;628078523;12085;318;12786;12940;7.03;0.43;248.03;17.23;701;105;4462.00;154
12087;105;628078538;12087;319;12786;12940;6.96;0.42;248.03;17.23;699;105;4463.00;154
12089;105;628078552;12089;334;12854;13067;7.42;0.46;248.03;17.14;765;105;4464.00;213
12091;105;628078580;12091;334;12856;13068;7.39;0.46;248.01;17.13;765;105;4465.00;212
12093;105;628078595;12093;335;12865;13068;7.46;0.46;248.00;17.12;772;105;4466.00;203
12094;105;628078610;12094;326;12870;13068;7.51;0.47;247.99;17.12;776;105;4467.00;198
12095;105;628078623;12095;325;12876;13068;7.56;0.47;247.98;17.11;781;105;4468.00;192
12097;105;628078634;12097;316;12881;13068;7.59;0.47;247.99;17.11;784;105;4469.00;187
12100;105;628078650;12100;317;12887;13068;7.58;0.47;247.99;17.24;787;105;4470.00;181
12100;105;628078664;12100;322;12890;13068;7.59;0.47;247.99;17.24;790;105;4471.00;178
12100;105;628078678;12100;324;12894;13069;7.58;0.47;247.99;17.24;794;105;4472.00;175
12101;106;628078694;12101;329;12895;13070;7.53;0.47;247.99;17.24;794;106;4473.00;175
12102;107;628078724;12102;330;12897;13070;7.48;0.46;247.99;17.24;795;107;4474.00;173
12103;107;628078752;12103;316;12898;13071;7.44;0.46;247.98;17.24;795;107;4475.00;173
12105;107;628078771;12105;303;12900;13071;7.49;0.46;247.98;17.23;795;107;4476.00;171
12106;107;628078787;12106;281;12900;13071;7.56;0.47;247.99;17.23;794;107;4477.00;171
12108;107;628078804;12108;273;12903;13071;7.70;0.47;247.99;17.23;795;107;4478.00;168
12108;107;628078820;12108;258;12905;13075;7.85;0.48;247.99;17.23;797;107;4479.00;170
12110;107;628078844;12110;245;12906;13075;7.98;0.49;248.02;17.23;796;107;4480.00;169
12110;107;628078869;12110;228;12907;13075;8.19;0.50;248.02;17.23;797;107;4481.00;168
12112;107;628078886;12112;215;12910;13078;8.43;0.52;248.01;17.23;798;107;4482.00;168
12112;107;628078902;12112;208;12910;13078;8.61;0.53;248.01;17.23;798;107;4483.00;168
12114;107;628078925;12114;200;12911;13078;8.79;0.54;248.00;17.23;797;107;4484.00;167
12115;107;628078949;12115;199;12914;13082;8.93;0.55;247.99;17.22;799;107;4485.00;168
12117;107;628078964;12117;188;12916;13083;9.12;0.56;247.96;17.22;799;107;4486.00;167
12119;107;628078980;12119;181;12916;13083;9.30;0.57;247.96;17.22;797;107;4487.00;167
12122;107;628079002;12122;179;12920;13087;9.49;0.58;247.96;17.22;798;107;4488.00;167
12127;107;628079019;12127;172;12921;13087;9.53;0.58;247.92;17.36;794;107;4489.00;166
12130;107;628079035;12130;170;12922;13087;9.62;0.59;247.90;17.36;792;107;4490.00;165
12132;107;628079051;12132;174;12923;13088;9.76;0.59;247.87;17.36;791;107;4491.00;165
12134;107;628079073;12134;165;12923;13088;9.90;0.60;247.90;17.36;789;107;4492.00;165
12134;107;628079089;12134;161;12927;13094;10.03;0.61;247.90;17.35;793;107;4493.00;167
12134;107;628079112;12134;156;12927;13094;10.17;0.62;247.90;17.35;793;107;4494.00;167
12135;107;628079128;12135;158;12928;13095;10.28;0.62;247.89;17.35;793;107;4495.00;167
12139;107;628079143;12139;153;12928;13095;10.41;0.63;247.86;17.35;789;107;4496.00;167
12143;107;628079161;12143;151;12928;13095;10.48;0.63;247.88;17.35;785;107;4497.00;167
12145;107;628079177;12145;152;12928;13095;10.58;0.64;247.89;17.35;783;107;4498.00;167
12146;107;628079191;12146;146;12928;13095;10.60;0.64;247.88;17.35;782;107;4499.00;167
12151;107;628079212;12151;152;12950;13145;10.51;0.64;247.88;17.32;799;107;4500.00;195
12154;107;628079243;12154;146;12951;13147;10.54;0.64;247.90;17.32;797;107;4501.00;196
12154;107;628079259;12154;142;12953;13147;10.65;0.65;247.90;17.32;799;107;4502.00;194
12155;107;628079284;12155;144;12954;13147;10.77;0.65;247.90;17.32;799;107;4503.00;193
12158;107;628079308;12158;140;12956;13147;10.89;0.66;247.92;17.32;798;107;4504.00;191
12158;107;628079329;12158;135;12957;13147;11.02;0.67;247.92;17.31;799;107;4505.00;190
12161;107;628079350;12161;137;12961;13151;11.11;0.68;247.95;17.31;800;107;4506.00;190
12163;107;628079369;12163;134;12962;13151;11.17;0.68;247.94;17.31;799;107;4507.00;189
12166;107;628079388;12166;133;12965;13155;11.24;0.68;247.91;17.31;799;107;4508.00;190
12168;107;628079407;12168;125;12966;13156;11.29;0.69;247.92;17.30;798;107;4509.00;190
12169;107;628079424;12169;132;12968;13156;11.36;0.69;247.91;17.30;799;107;4510.00;188
12170;107;628079438;12170;134;12968;13156;11.39;0.69;247.92;17.30;798;107;4511.00;188
12173;107;628079453;12173;136;12975;13169;11.29;0.69;247.95;17.29;802;107;4512.00;194
12178;107;628079474;12178;139;12975;13169;11.29;0.68;247.95;17.29;797;107;4513.00;194
12180;107;628079490;12180;138;12975;13169;11.27;0.68;247.95;17.29;795;107;4514.00;194
12186;107;628079506;12186;142;12977;13170;11.24;0.68;247.95;17.29;791;107;4515.00;193
12188;107;628079522;12188;148;12978;13171;11.28;0.68;247.93;17.29;790;107;4516.00;193
12192;107;628079537;12192;149;12978;13171;11.38;0.69;247.98;17.29;786;107;4517.00;193
12197;107;628079551;12197;155;12980;13174;11.45;0.69;247.99;17.29;783;107;4518.00;194
12199;107;628079568;12199;156;12980;13174;11.53;0.70;247.99;17.29;781;107;4519.00;194
12201;107;628079584;12201;157;12981;13174;11.63;0.71;248.02;17.29;780;107;4520.00;193
12205;107;628079601;12205;153;12981;13174;11.69;0.71;248.03;17.29;776;107;4521.00;193
12209;107;628079617;12209;150;12985;13180;11.63;0.71;248.02;17.29;776;107;4522.00;195
12212;107;628079634;12212;144;12985;13180;11.66;0.71;248.01;17.29;773;107;4523.00;195
12217;107;628079649;12217;142;12985;13180;11.73;0.71;248.02;17.29;768;107;4524.00;195
12219;107;628079664;12219;136;12986;13180;11.71;0.71;248.03;17.30;767;107;4525.00;194
12222;107;628079682;12222;127;12990;13184;11.61;0.71;248.07;17.30;768;107;4526.00;194
12226;107;628079696;12226;123;12991;13185;11.64;0.71;248.07;17.30;765;107;4527.00;194
12228;107;628079719;12228;123;12992;13185;11.62;0.71;248.05;17.30;764;107;4528.00;193
12233;107;628079733;12233;120;12993;13186;11.63;0.71;248.04;17.30;760;107;4529.00;193
12236;107;628079751;12236;116;12993;13186;11.70;0.71;248.00;17.30;757;107;4530.00;193
12241;107;628079766;12241;114;12993;13186;11.72;0.71;248.02;17.30;752;107;4531.00;193
12247;107;628079784;12247;116;12994;13186;11.71;0.71;248.00;17.30;747;107;4532.00;192
12250;107;628079799;12250;114;12994;13186;11.80;0.72;248.06;17.30;744;107;4533.00;192
12254;107;628079815;12254;114;12996;13186;11.78;0.71;248.08;17.30;742;107;4534.00;190
12257;107;628079829;12257;111;12996;13186;11.79;0.71;248.08;17.30;739;107;4535.00;190
12259;107;628079844;12259;125;13032;13256;11.65;0.71;248.07;17.26;773;107;4536.00;224
12262;107;628079866;12262;122;13033;13257;11.68;0.71;248.09;17.25;771;107;4537.00;224
12264;107;628079881;12264;121;13041;13257;11.74;0.71;248.11;17.25;777;107;4538.00;216
12267;107;628079898;12267;124;13041;13257;11.71;0.71;248.14;17.25;774;107;4539.00;216
12270;107;628079921;12270;130;13045;13257;11.72;0.71;248.12;17.25;775;107;4540.00;212
12275;107;628079937;12275;129;13046;13257;11.65;0.71;248.17;17.25;771;107;4541.00;211
12277;107;628079952;12277;127;13049;13257;11.64;0.71;248.19;17.24;772;107;4542.00;208
12280;107;628079968;12280;131;13054;13257;11.61;0.71;248.22;17.25;774;107;4543.00;203
12281;107;628079984;12281;134;13056;13258;11.64;0.71;248.23;17.25;775;107;4544.00;202
12286;107;628079998;12286;139;13060;13260;11.57;0.71;248.23;17.25;774;107;4545.00;200
12287;107;628080021;12287;142;13062;13260;11.49;0.70;248.23;17.25;775;107;4546.00;198
12292;107;628080043;12292;148;13067;13264;11.31;0.69;248.20;17.25;775;107;4547.00;197
12295;107;628080062;12295;152;13069;13264;11.16;0.68;248.18;17.25;774;107;4548.00;195
12298;107;628080077;12298;156;13071;13264;11.10;0.68;248.17;17.25;773;107;4549.00;193
12302;107;628080092;12302;164;13076;13264;11.02;0.67;248.19;17.27;774;107;4550.00;188
12304;107;628080107;12304;175;13081;13270;10.90;0.67;248.19;17.27;777;107;4551.00;189
12308;107;628080130;12308;181;13083;13270;10.83;0.66;248.21;17.28;775;107;4552.00;187
12309;107;628080145;12309;188;13086;13270;10.74;0.66;248.20;17.29;777;107;4553.00;184
12313;107;628080161;12313;192;13089;13273;10.67;0.65;248.23;17.30;776;107;4554.00;184
12317;107;628080176;12317;200;13090;13273;10.58;0.64;248.21;17.31;773;107;4555.00;183
12321;107;628080191;12321;205;13091;13273;10.50;0.64;248.19;17.31;770;107;4556.00;182
12324;107;628080204;12324;211;13094;13274;10.36;0.63;248.20;17.33;770;107;4557.00;180
12328;107;628080219;12328;219;13095;13275;10.22;0.62;248.16;17.33;767;107;4558.00;180
12330;107;628080233;12330;223;13098;13275;10.07;0.61;248.16;17.35;768;107;4559.00;177
12332;107;628080248;12332;234;13116;13301;9.92;0.60;248.15;17.33;784;107;4560.00;185
12332;107;628080267;12332;238;13120;13301;9.81;0.60;248.15;17.34;788;107;4561.00;181
12337;107;628080283;12337;245;13123;13301;9.71;0.59;248.19;17.36;786;107;4562.00;178
12342;107;628080298;12342;245;13125;13302;9.63;0.59;248.22;17.35;783;107;4563.00;177
12343;107;628080312;12343;254;13127;13302;9.56;0.58;248.21;17.39;784;107;4564.00;175
12346;107;628080328;12346;264;13130;13306;9.47;0.58;248.20;17.38;784;107;4565.00;176
12348;107;628080343;12348;269;13133;13306;9.36;0.57;248.20;17.41;785;107;4566.00;173
12350;107;628080358;12350;272;13136;13310;9.13;0.56;248.19;17.41;786;107;4567.00;174
12352;107;628080372;12352;280;13138;13310;8.97;0.55;248.17;17.44;786;107;4568.00;172
12356;107;628080386;12356;285;13138;13310;8.79;0.54;248.21;17.44;782;107;4569.00;172
12358;107;628080399;12358;278;13140;13310;8.62;0.53;248.20;17.46;782;107;4570.00;170
12365;107;628080420;12365;277;13140;13310;8.44;0.52;248.22;17.46;775;107;4571.00;170
12367;107;628080434;12367;276;13149;13322;8.44;0.52;248.22;17.45;782;107;4572.00;173
12370;107;628080450;12370;274;13151;13322;8.36;0.51;248.24;17.47;781;107;4573.00;171
12372;107;628080465;12372;271;13153;13322;8.29;0.51;248.25;17.47;781;107;4574.00;169
12375;107;628080479;12375;267;13155;13322;8.24;0.51;248.26;17.50;780;107;4575.00;167
12377;107;628080493;12377;272;13156;13322;8.19;0.50;248.32;17.50;779;107;4576.00;166
12382;107;628080508;12382;279;13156;13322;8.10;0.50;248.35;17.50;774;107;4577.00;166
12385;107;628080520;12385;285;13158;13323;7.96;0.49;248.38;17.52;773;107;4578.00;165
12387;107;628080533;12387;285;13158;13323;7.89;0.48;248.37;17.52;771;107;4579.00;165
12388;107;628080545;12388;289;13164;13329;7.88;0.48;248.37;17.54;776;107;4580.00;165
12392;107;628080557;12392;294;13165;13330;7.80;0.48;248.36;17.53;773;107;4581.00;165
12396;107;628080568;12396;293;13168;13330;7.73;0.47;248.39;17.55;772;107;4582.00;162
12400;107;628080581;12400;292;13168;13330;7.60;0.47;248.37;17.55;768;107;4583.00;162
12403;107;628080594;12403;294;13171;13334;7.53;0.46;248.37;17.55;768;107;4584.00;163
12405;107;628080605;12405;300;13173;13334;7.38;0.45;248.39;17.57;768;107;4585.00;161
12411;107;628080616;12411;307;13173;13334;7.26;0.45;248.35;17.57;762;107;4586.00;161
12415;107;628080628;12415;307;13174;13335;7.15;0.44;248.34;17.56;759;107;4587.00;161
12417;107;628080641;12417;311;13179;13339;7.00;0.43;248.37;17.58;762;107;4588.00;160
12419;107;628080653;12419;318;13179;13339;6.88;0.42;248.34;17.58;760;107;4589.00;160
12421;107;628080667;12421;317;13182;13345;6.83;0.42;248.37;17.57;761;107;4590.00;163
12424;107;628080678;12424;320;13184;13345;6.68;0.41;248.38;17.59;760;107;4591.00;161
12429;107;628080690;12429;321;13185;13345;6.56;0.40;248.38;17.59;756;107;4592.00;160
12432;107;628080701;12432;318;13187;13345;6.46;0.40;248.36;17.60;755;107;4593.00;158
12435;107;628080712;12435;315;13190;13349;6.46;0.40;248.35;17.60;755;107;4594.00;159
12440;107;628080728;12440;315;13192;13349;6.41;0.39;248.32;17.62;752;107;4595.00;157
12443;107;628080739;12443;317;13193;13349;6.45;0.40;248.32;17.61;750;107;4596.00;156
12448;107;628080748;12448;306;13193;13349;6.48;0.40;248.30;17.61;745;107;4597.00;156
12449;107;628080760;12449;303;13194;13350;6.53;0.40;248.31;17.61;745;107;4598.00;156
12449;107;628080769;12449;298;13195;13351;6.63;0.41;248.31;17.61;746;107;4599.00;156
12453;107;628080780;12453;302;13196;13351;6.67;0.41;248.31;17.61;743;107;4600.00;155
12456;107;628080795;12456;303;13197;13352;6.69;0.41;248.34;17.61;741;107;4601.00;155
12456;107;628080806;12456;308;13197;13352;6.79;0.42;248.34;17.61;741;107;4602.00;155
12463;107;628080815;12463;307;13197;13352;6.78;0.41;248.32;17.61;734;107;4603.00;155
12465;107;628080826;12465;309;13197;13352;6.78;0.42;248.32;17.61;732;107;4604.00;155
12468;108;628080835;12468;301;13197;13352;6.77;0.41;248.32;17.61;729;108;4605.00;155
12471;108;628080856;12471;303;13197;13352;6.75;0.41;248.32;17.61;726;108;4606.00;155
12475;108;628080866;12475;300;13197;13352;6.74;0.41;248.30;17.61;722;108;4607.00;155
12480;108;628080876;12480;305;13261;13479;7.27;0.45;248.26;17.53;781;108;4608.00;218
12484;108;628080895;12484;302;13265;13480;7.28;0.45;248.31;17.52;781;108;4609.00;215
12488;108;628080907;12488;304;13271;13480;7.33;0.46;248.30;17.51;783;108;4610.00;209
12490;108;628080918;12490;306;13275;13480;7.37;0.46;248.29;17.51;785;108;4611.00;205
12496;108;628080928;12496;309;13281;13480;7.39;0.46;248.26;17.50;785;108;4612.00;199
12499;108;628080946;12499;312;13284;13480;7.30;0.45;248.26;17.50;785;108;4613.00;196
12500;108;628080958;12500;312;13290;13480;7.34;0.45;248.24;17.49;790;108;4614.00;190
12506;108;628080975;12506;313;13291;13480;7.28;0.45;248.29;17.49;785;108;4615.00;189
12507;108;628080988;12507;319;13296;13481;7.33;0.45;248.31;17.49;789;108;4616.00;185
12509;108;628080999;12509;321;13300;13482;7.30;0.45;248.31;17.49;791;108;4617.00;182
12511;109;628081011;12511;319;13305;13482;7.31;0.45;248.31;17.48;794;109;4618.00;177
12513;109;628081031;12513;324;13309;13483;7.31;0.45;248.34;17.48;796;109;4619.00;174
12517;109;628081045;12517;327;13311;13483;7.33;0.45;248.35;17.48;794;109;4620.00;172
12522;109;628081062;12522;328;13312;13483;7.29;0.45;248.32;17.48;790;109;4621.00;171
12528;109;628081080;12528;327;13314;13483;7.29;0.45;248.32;17.48;786;109;4622.00;169
12530;109;628081091;12530;332;13317;13487;7.35;0.45;248.34;17.48;787;109;4623.00;170
12533;109;628081106;12533;337;13319;13487;7.33;0.45;248.36;17.48;786;109;4624.00;168
12536;109;628081120;12536;339;13321;13487;7.28;0.45;248.38;17.48;785;109;4625.00;166
12539;109;628081133;12539;339;13324;13490;7.28;0.45;248.36;17.47;785;109;4626.00;166
12543;109;628081147;12543;331;13324;13490;7.22;0.44;248.35;17.47;781;109;4627.00;166
12546;109;628081158;12546;323;13324;13490;7.23;0.44;248.38;17.47;778;109;4628.00;166
12548;109;628081176;12548;316;13327;13494;7.24;0.44;248.36;17.47;779;109;4629.00;167
12552;109;628081195;12552;312;13328;13495;7.20;0.44;248.35;17.47;776;109;4630.00;167
12555;109;628081208;12555;312;13328;13495;7.22;0.44;248.35;17.47;773;109;4631.00;167
12560;109;628081222;12560;309;13331;13499;7.24;0.44;248.38;17.46;771;109;4632.00;168
12563;109;628081238;12563;312;13331;13499;7.26;0.44;248.40;17.46;768;109;4633.00;168
12563;109;628081258;12563;306;13331;13499;7.32;0.45;248.40;17.46;768;109;4634.00;168
12563;109;628081277;12563;305;13333;13501;7.43;0.46;248.40;17.46;770;109;4635.00;168
12564;109;628081288;12564;305;13333;13501;7.49;0.46;248.38;17.46;769;109;4636.00;168
12566;109;628081305;12566;292;13337;13507;7.57;0.46;248.38;17.45;771;109;4637.00;170
12566;109;628081334;12566;274;13338;13507;7.68;0.47;248.38;17.45;772;109;4638.00;169
12568;109;628081352;12568;268;13338;13508;7.84;0.48;248.35;17.45;770;109;4639.00;170
12569;109;628081370;12569;267;13338;13508;7.99;0.49;248.36;17.45;769;109;4640.00;170
12571;109;628081387;12571;260;13338;13508;8.10;0.50;248.35;17.45;767;109;4641.00;170
12575;109;628081406;12575;254;13338;13508;8.27;0.51;248.32;17.45;763;109;4642.00;170
12579;109;628081423;12579;248;13338;13508;8.34;0.51;248.29;17.45;759;109;4643.00;170
12583;109;628081438;12583;245;13347;13520;8.47;0.52;248.28;17.44;764;109;4644.00;173
12584;109;628081454;12584;242;13348;13520;8.58;0.52;248.27;17.44;764;109;4645.00;172
12586;109;628081478;12586;225;13350;13520;8.71;0.53;248.26;17.59;764;109;4646.00;170
12588;109;628081495;12588;207;13350;13520;8.85;0.54;248.25;17.59;762;109;4647.00;170
12591;109;628081520;12591;193;13350;13520;8.97;0.55;248.24;17.59;759;109;4648.00;170
12593;109;628081535;12593;182;13350;13520;9.12;0.55;248.24;17.59;757;109;4649.00;170
12596;109;628081552;12596;176;13355;13526;9.29;0.56;248.24;17.58;759;109;4650.00;171
12598;109;628081570;12598;168;13355;13526;9.49;0.58;248.23;17.58;757;109;4651.00;171
12602;109;628081585;12602;159;13358;13530;9.65;0.59;248.27;17.58;756;109;4652.00;172
12603;109;628081602;12603;158;13360;13531;9.80;0.60;248.27;17.57;757;109;4653.00;171
12604;109;628081619;12604;153;13360;13531;9.92;0.60;248.29;17.57;756;109;4654.00;171
12607;109;628081636;12607;154;13360;13531;10.00;0.61;248.29;17.57;753;109;4655.00;171
12609;109;628081656;12609;147;13371;13544;10.15;0.62;248.34;17.56;762;109;4656.00;173
12613;109;628081674;12613;146;13371;13544;10.25;0.62;248.37;17.56;758;109;4657.00;173
12615;109;628081690;12615;140;13371;13544;10.34;0.63;248.35;17.56;756;109;4658.00;173
12619;109;628081706;12619;140;13372;13545;10.45;0.63;248.37;17.56;753;109;4659.00;173
12623;109;628081723;12623;141;13372;13546;10.52;0.64;248.37;17.56;749;109;4660.00;174
12627;109;628081740;12627;137;13372;13546;10.61;0.64;248.36;17.56;745;109;4661.00;174
12633;109;628081756;12633;137;13374;13549;10.67;0.65;248.47;17.56;741;109;4662.00;175
12636;109;628081772;12636;134;13374;13549;10.75;0.65;248.48;17.56;738;109;4663.00;175
12638;109;628081789;12638;137;13375;13549;10.79;0.65;248.50;17.55;737;109;4664.00;174
12640;109;628081812;12640;139;13375;13549;10.88;0.66;248.50;17.55;735;109;4665.00;174
12642;109;628081827;12642;135;13379;13555;11.01;0.67;248.51;17.55;737;109;4666.00;176
12644;109;628081845;12644;138;13379;13555;11.08;0.67;248.49;17.55;735;109;4667.00;176
12646;109;628081870;12646;141;13380;13555;11.15;0.67;248.48;17.55;734;109;4668.00;175
12649;109;628081894;12649;141;13380;13555;11.19;0.68;248.51;17.55;731;109;4669.00;175
12650;109;628081910;12650;137;13383;13559;11.18;0.68;248.51;17.54;733;109;4670.00;176
12654;109;628081934;12654;145;13384;13560;11.22;0.68;248.49;17.54;730;109;4671.00;176
12657;109;628081951;12657;143;13384;13560;11.29;0.68;248.52;17.54;727;109;4672.00;176
12658;109;628081967;12658;144;13385;13561;11.41;0.69;248.51;17.54;727;109;4673.00;176
12660;109;628081986;12660;137;13385;13561;11.48;0.70;248.55;17.54;725;109;4674.00;176
12664;109;628082001;12664;138;13385;13561;11.48;0.70;248.54;17.54;721;109;4675.00;176
12666;109;628082014;12666;136;13385;13561;11.51;0.70;248.55;17.54;719;109;4676.00;176
12667;109;628082030;12667;134;13385;13561;11.57;0.70;248.57;17.54;718;109;4677.00;176
12671;109;628082045;12671;128;13385;13561;11.67;0.71;248.57;17.54;714;109;4678.00;176
12673;109;628082061;12673;121;13385;13561;11.75;0.71;248.58;17.54;712;109;4679.00;176
12676;109;628082079;12676;143;13447;13686;11.37;0.70;248.59;17.46;771;109;4680.00;239
12680;109;628082106;12680;132;13447;13687;11.39;0.70;248.63;17.46;767;109;4681.00;240
12681;109;628082131;12681;120;13456;13687;11.52;0.71;248.64;17.45;775;109;4682.00;231
12684;109;628082154;12684;121;13458;13687;11.61;0.71;248.68;17.45;774;109;4683.00;229
12688;109;628082170;12688;118;13462;13687;11.68;0.72;248.71;17.44;774;109;4684.00;225
12692;109;628082185;12692;120;13464;13687;11.77;0.72;248.74;17.44;772;109;4685.00;223
12696;109;628082207;12696;117;13468;13687;11.84;0.72;248.76;17.44;772;109;4686.00;219
12699;109;628082221;12699;124;13471;13687;11.92;0.73;248.80;17.44;772;109;4687.00;216
12704;109;628082236;12704;134;13476;13688;12.02;0.73;248.81;17.43;772;109;4688.00;212
12706;109;628082255;12706;136;13478;13689;12.00;0.73;248.82;17.43;772;109;4689.00;211
12711;109;628082285;12711;134;13482;13689;11.98;0.73;248.86;17.43;771;109;4690.00;207
12715;109;628082298;12715;134;13488;13693;11.88;0.73;248.89;17.42;773;109;4691.00;205
12718;109;628082310;12718;134;13489;13693;11.76;0.72;248.89;17.42;771;109;4692.00;204
12725;109;628082328;12725;137;13490;13693;11.69;0.71;248.88;17.42;765;109;4693.00;203
12727;109;628082340;12727;136;13490;13693;11.70;0.71;248.89;17.42;763;109;4694.00;203
12731;109;628082352;12731;136;13495;13699;11.62;0.71;248.87;17.45;764;109;4695.00;204
12735;109;628082366;12735;139;13495;13699;11.65;0.71;248.87;17.45;760;109;4696.00;204
12740;110;628082378;12740;142;13497;13699;11.70;0.71;248.89;17.44;757;110;4697.00;202
12742;110;628082400;12742;142;13499;13702;11.73;0.72;248.87;17.44;757;110;4698.00;203
12746;110;628082412;12746;141;13500;13702;11.82;0.72;248.88;17.44;754;110;4699.00;202
12749;110;628082424;12749;139;13500;13702;11.92;0.73;248.90;17.44;751;110;4700.00;202
12750;111;628082441;12750;138;13500;13703;12.01;0.73;248.91;17.44;750;111;4701.00;203
12757;111;628082464;12757;136;13501;13704;12.12;0.74;248.97;17.44;744;111;4702.00;203
12758;111;628082478;12758;131;13501;13704;12.18;0.74;248.96;17.44;743;111;4703.00;203
12764;111;628082489;12764;132;13510;13717;12.11;0.74;248.99;17.43;746;111;4704.00;207
12767;111;628082502;12767;132;13510;13717;12.11;0.74;248.99;17.43;743;111;4705.00;207
12768;111;628082514;12768;132;13510;13717;12.15;0.74;248.98;17.43;742;111;4706.00;207
12774;111;628082525;12774;134;13512;13718;12.17;0.74;248.96;17.43;738;111;4707.00;206
12777;111;628082542;12777;135;13512;13718;12.11;0.74;248.98;17.43;735;111;4708.00;206
12780;111;628082553;12780;136;13514;13722;12.07;0.73;248.98;17.42;734;111;4709.00;208
12785;111;628082572;12785;133;13516;13722;12.00;0.73;249.06;17.42;731;111;4710.00;206
12786;112;628082590;12786;134;13520;13726;11.92;0.73;249.05;17.42;734;112;4711.00;206
12789;112;628082618;12789;134;13521;13726;11.92;0.72;249.05;17.42;732;112;4712.00;205
12791;112;628082629;12791;140;13521;13726;11.93;0.73;249.07;17.42;730;112;4713.00;205
12794;112;628082641;12794;141;13522;13726;11.91;0.72;249.04;17.42;728;112;4714.00;204
12795;112;628082652;12795;141;13522;13726;11.83;0.72;249.04;17.42;727;112;4715.00;204
12798;112;628082664;12798;141;13532;13738;11.80;0.72;249.05;17.41;734;112;4716.00;206
12800;112;628082676;12800;147;13533;13738;11.71;0.71;249.06;17.41;733;112;4717.00;205
12805;112;628082687;12805;152;13535;13738;11.62;0.71;249.06;17.41;730;112;4718.00;203
12807;112;628082698;12807;163;13535;13738;11.45;0.70;249.05;17.41;728;112;4719.00;203
12808;112;628082709;12808;171;13536;13738;11.29;0.69;249.04;17.41;728;112;4720.00;202
12810;112;628082720;12810;180;13536;13738;11.11;0.68;249.05;17.41;726;112;4721.00;202
12813;112;628082730;12813;185;13538;13739;10.98;0.67;249.03;17.44;725;112;4722.00;201
12814;112;628082742;12814;194;13539;13739;10.89;0.66;249.02;17.45;725;112;4723.00;200
12816;112;628082752;12816;199;13545;13745;10.80;0.66;249.02;17.48;729;112;4724.00;200
12820;112;628082763;12820;210;13549;13747;10.66;0.65;249.03;17.49;729;112;4725.00;198
12822;112;628082774;12822;216;13549;13747;10.55;0.64;249.04;17.49;727;112;4726.00;198
12824;112;628082784;12824;229;13552;13747;10.43;0.63;249.03;17.53;728;112;4727.00;195
12827;112;628082794;12827;233;13555;13751;10.36;0.63;249.00;17.52;728;112;4728.00;196
12828;112;628082805;12828;235;13556;13751;10.27;0.63;249.02;17.53;728;112;4729.00;195
12830;112;628082815;12830;243;13558;13751;10.14;0.62;249.03;17.56;728;112;4730.00;193
12833;112;628082824;12833;241;13560;13752;10.00;0.61;249.03;17.57;727;112;4731.00;192
12836;112;628082834;12836;244;13564;13756;9.79;0.60;249.06;17.58;728;112;4732.00;192
12838;113;628082844;12838;248;13565;13756;9.67;0.59;249.08;17.58;727;113;4733.00;191
12841;113;628082865;12841;253;13567;13759;9.58;0.58;249.08;17.58;726;113;4734.00;192
12843;113;628082876;12843;258;13570;13759;9.38;0.57;249.15;17.61;727;113;4735.00;189
12847;113;628082886;12847;262;13571;13759;9.26;0.57;249.15;17.61;724;113;4736.00;188
12849;113;628082900;12849;264;13574;13759;9.11;0.56;249.14;17.64;725;113;4737.00;185
12850;113;628082911;12850;273;13577;13763;9.03;0.55;249.13;17.64;727;113;4738.00;186
12851;113;628082920;12851;275;13579;13763;8.91;0.55;249.14;17.65;728;113;4739.00;184
12853;113;628082930;12853;276;13580;13763;8.79;0.54;249.17;17.65;727;113;4740.00;183
12855;113;628082940;12855;273;13581;13763;8.68;0.53;249.15;17.66;726;113;4741.00;182
12858;113;628082948;12858;275;13582;13764;8.52;0.52;249.17;17.67;724;113;4742.00;182
12859;113;628082957;12859;274;13583;13765;8.36;0.52;249.19;17.67;724;113;4743.00;182
12863;113;628082966;12863;277;13585;13765;8.19;0.51;249.18;17.68;722;113;4744.00;180
12863;113;628082978;12863;279;13586;13766;8.17;0.50;249.18;17.68;723;113;4745.00;180
12867;113;628082987;12867;279;13587;13766;8.11;0.50;249.17;17.69;720;113;4746.00;179
12870;113;628082996;12870;282;13588;13766;8.04;0.49;249.16;17.69;718;113;4747.00;178
12875;113;628083004;12875;282;13589;13766;8.01;0.49;249.14;17.70;714;113;4748.00;177
12877;113;628083013;12877;292;13590;13766;7.96;0.49;249.15;17.71;713;113;4749.00;176
12880;113;628083021;12880;295;13591;13766;7.80;0.48;249.15;17.72;711;113;4750.00;175
12881;113;628083030;12881;301;13591;13766;7.71;0.47;249.14;17.72;710;113;4751.00;175
12883;113;628083038;12883;319;13656;13893;7.89;0.49;249.13;17.64;773;113;4752.00;237
12891;113;628083056;12891;314;13658;13894;7.71;0.48;249.08;17.65;767;113;4753.00;236
12891;113;628083065;12891;306;13668;13894;7.79;0.48;249.08;17.64;777;113;4754.00;226
12898;113;628083074;12898;310;13675;13894;7.71;0.48;249.05;17.63;777;113;4755.00;219
12901;113;628083083;12901;309;13684;13894;7.58;0.47;249.06;17.64;783;113;4756.00;210
12906;113;628083091;12906;309;13690;13894;7.37;0.46;249.08;17.63;784;113;4757.00;204
12908;113;628083100;12908;312;13697;13894;7.18;0.45;249.05;17.63;789;113;4758.00;197
12913;113;628083108;12913;316;13701;13894;6.94;0.43;249.08;17.64;788;113;4759.00;193
12917;113;628083122;12917;317;13705;13895;6.79;0.42;249.07;17.63;788;113;4760.00;190
12920;113;628083131;12920;319;13707;13896;6.72;0.42;249.06;17.64;787;113;4761.00;189
12923;113;628083140;12923;324;13710;13896;6.65;0.41;249.09;17.64;787;113;4762.00;186
12924;113;628083149;12924;328;13712;13897;6.55;0.41;249.10;17.64;788;113;4763.00;185
12925;113;628083157;12925;339;13715;13897;6.49;0.40;249.12;17.65;790;113;4764.00;182
12929;113;628083166;12929;344;13716;13897;6.41;0.40;249.13;17.65;787;113;4765.00;181
12931;113;628083175;12931;353;13718;13897;6.34;0.39;249.11;17.66;787;113;4766.00;179
12934;113;628083183;12934;353;13721;13901;6.27;0.39;249.12;17.66;787;113;4767.00;180
12936;113;628083192;12936;359;13723;13901;6.23;0.39;249.11;17.66;787;113;4768.00;178
12937;113;628083201;12937;357;13724;13901;6.24;0.39;249.13;17.66;787;113;4769.00;177
12941;113;628083217;12941;356;13728;13907;6.26;0.39;249.12;17.65;787;113;4770.00;179
12943;113;628083227;12943;356;13729;13907;6.33;0.39;249.10;17.65;786;113;4771.00;178
12946;113;628083237;12946;360;13730;13907;6.30;0.39;249.12;17.65;784;113;4772.00;177
12950;113;628083249;12950;363;13733;13911;6.27;0.39;249.12;17.65;783;113;4773.00;178
12954;113;628083259;12954;366;13735;13912;6.31;0.39;249.07;17.65;781;113;4774.00;177
12958;113;628083268;12958;369;13736;13912;6.30;0.39;249.08;17.65;778;113;4775.00;176
12959;113;628083277;12959;377;13739;13916;6.33;0.39;249.07;17.64;780;113;4776.00;177
12964;113;628083287;12964;377;13740;13916;6.28;0.39;249.07;17.64;776;113;4777.00;176
12966;113;628083297;12966;382;13740;13916;6.28;0.38;249.06;17.64;774;113;4778.00;176
12968;113;628083310;12968;372;13741;13917;6.32;0.39;249.06;17.64;773;113;4779.00;176
12970;113;628083324;12970;352;13741;13917;6.42;0.39;249.05;17.64;771;113;4780.00;176
12974;113;628083338;12974;345;13745;13923;6.42;0.39;249.02;17.63;771;113;4781.00;178
12978;113;628083354;12978;334;13745;13923;6.44;0.39;248.99;17.63;767;113;4782.00;178
12979;113;628083368;12979;325;13746;13924;6.59;0.40;248.99;17.63;767;113;4783.00;178
12983;113;628083384;12983;316;13746;13924;6.70;0.41;248.98;17.63;763;113;4784.00;178
12986;113;628083398;12986;307;13746;13924;6.88;0.42;248.97;17.63;760;113;4785.00;178
12989;113;628083412;12989;304;13746;13924;7.06;0.43;248.97;17.63;757;113;4786.00;178
12993;113;628083424;12993;305;13746;13924;7.21;0.44;248.94;17.63;753;113;4787.00;178
12994;113;628083434;12994;301;13756;13936;7.44;0.45;248.92;17.62;762;113;4788.00;180
12996;113;628083453;12996;301;13756;13936;7.50;0.46;248.91;17.62;760;113;4789.00;180
12999;113;628083465;12999;297;13757;13936;7.50;0.46;248.98;17.62;758;113;4790.00;179
13001;113;628083484;13001;300;13757;13936;7.55;0.46;248.97;17.62;756;113;4791.00;179
13002;113;628083495;13002;294;13757;13936;7.60;0.46;248.98;17.62;755;113;4792.00;179
13004;113;628083507;13004;294;13757;13936;7.65;0.46;248.96;17.62;753;113;4793.00;179
13005;113;628083518;13005;296;13760;13940;7.76;0.47;248.96;17.62;755;113;4794.00;180
13007;113;628083530;13007;297;13760;13940;7.79;0.47;248.97;17.62;753;113;4795.00;180
13008;113;628083540;13008;298;13763;13944;7.90;0.48;248.97;17.61;755;113;4796.00;181
13008;113;628083551;13008;293;13764;13945;8.00;0.49;248.97;17.61;756;113;4797.00;181
13009;113;628083562;13009;295;13765;13945;8.06;0.49;248.99;17.61;756;113;4798.00;180
13011;113;628083572;13011;295;13765;13945;8.13;0.49;248.98;17.61;754;113;4799.00;180
13013;113;628083585;13013;300;13786;13986;8.31;0.50;248.96;17.58;773;113;4800.00;200
13020;113;628083604;13020;299;13787;13986;8.24;0.50;248.97;17.58;767;113;4801.00;199
13022;113;628083615;13022;298;13789;13986;8.26;0.50;248.99;17.58;767;113;4802.00;197
13025;113;628083627;13025;295;13790;13987;8.24;0.50;249.01;17.58;765;113;4803.00;197
13027;113;628083638;13027;293;13791;13988;8.21;0.50;249.02;17.58;764;113;4804.00;197
13030;113;628083649;13030;292;13791;13988;8.13;0.49;249.01;17.58;761;113;4805.00;197
13033;113;628083660;13033;295;13795;13991;8.12;0.49;249.02;17.57;762;113;4806.00;196
13036;113;628083670;13036;285;13797;13991;8.04;0.49;249.00;17.57;761;113;4807.00;194
13040;113;628083682;13040;281;13799;13991;8.01;0.49;249.01;17.57;759;113;4808.00;192
13043;113;628083693;13043;272;13799;13991;8.00;0.49;249.03;17.57;756;113;4809.00;192
13046;113;628083704;13046;268;13802;13997;8.06;0.49;249.05;17.57;756;113;4810.00;195
13051;113;628083715;13051;260;13804;13997;8.12;0.49;249.08;17.56;753;113;4811.00;193
13057;113;628083727;13057;265;13805;13997;8.16;0.49;249.15;17.56;748;113;4812.00;192
13058;113;628083744;13058;259;13805;13997;8.27;0.50;249.17;17.56;747;113;4813.00;192
13064;113;628083755;13064;262;13809;14001;8.28;0.50;249.19;17.56;745;113;4814.00;192
13066;113;628083766;13066;258;13811;14003;8.41;0.51;249.21;17.56;745;113;4815.00;192
13068;113;628083778;13068;244;13811;14003;8.59;0.52;249.20;17.56;743;113;4816.00;192
13069;113;628083789;13069;230;13812;14004;8.86;0.54;249.22;17.56;743;113;4817.00;192
13074;113;628083801;13074;207;13812;14004;9.01;0.55;249.22;17.56;738;113;4818.00;192
13074;113;628083813;13074;195;13812;14004;9.19;0.56;249.22;17.56;738;113;4819.00;192
13076;113;628083824;13076;186;13813;14004;9.33;0.57;249.25;17.56;737;113;4820.00;191
13078;113;628083838;13078;178;13813;14004;9.47;0.57;249.27;17.56;735;113;4821.00;191
13079;113;628083851;13079;171;13813;14004;9.65;0.59;249.28;17.56;734;113;4822.00;191
13082;113;628083862;13082;164;13813;14004;9.83;0.60;249.30;17.56;731;113;4823.00;191
13086;113;628083874;13086;172;13855;14074;9.79;0.60;249.33;17.50;769;113;4824.00;219
13090;113;628083892;13090;158;13856;14075;9.90;0.60;249.28;17.50;766;113;4825.00;219
13093;113;628083904;13093;148;13859;14075;10.08;0.61;249.26;17.50;766;113;4826.00;216
13095;113;628083916;13095;143;13860;14075;10.28;0.62;249.24;17.50;765;113;4827.00;215
13097;113;628083929;13097;147;13863;14077;10.43;0.63;249.25;17.50;766;113;4828.00;214
13099;113;628083942;13099;143;13863;14077;10.51;0.64;249.26;17.50;764;113;4829.00;214
13103;113;628083955;13103;139;13868;14077;10.66;0.65;249.27;17.49;765;113;4830.00;209
13104;113;628083967;13104;138;13870;14077;10.80;0.66;249.28;17.49;766;113;4831.00;207
13108;113;628083979;13108;135;13873;14078;10.88;0.66;249.29;17.49;765;113;4832.00;205
13114;113;628083992;13114;130;13876;14079;10.96;0.67;249.36;17.49;762;113;4833.00;203
13114;113;628084010;13114;131;13879;14079;11.03;0.67;249.36;17.49;765;113;4834.00;200
13117;113;628084022;13117;131;13884;14083;10.96;0.67;249.39;17.48;767;113;4835.00;199
13120;113;628084035;13120;136;13885;14083;10.98;0.67;249.39;17.48;765;113;4836.00;198
13121;113;628084047;13121;137;13888;14083;10.99;0.67;249.41;17.48;767;113;4837.00;195
13126;113;628084059;13126;141;13888;14083;11.03;0.67;249.45;17.48;762;113;4838.00;195
13128;113;628084071;13128;137;13893;14089;11.11;0.68;249.48;17.48;765;113;4839.00;196
13131;113;628084083;13131;138;13893;14089;11.26;0.69;249.50;17.48;762;113;4840.00;196
13136;113;628084101;13136;142;13893;14089;11.32;0.69;249.54;17.48;757;113;4841.00;196
13139;113;628084113;13139;148;13896;14092;11.39;0.69;249.56;17.47;757;113;4842.00;196
13142;113;628084125;13142;150;13897;14092;11.45;0.70;249.57;17.47;755;113;4843.00;195
13145;113;628084137;13145;152;13897;14092;11.54;0.70;249.58;17.47;752;113;4844.00;195
13148;113;628084154;13148;154;13897;14093;11.64;0.71;249.61;17.47;749;113;4845.00;196
13152;113;628084165;13152;155;13898;14094;11.66;0.71;249.58;17.47;746;113;4846.00;196
13153;113;628084178;13153;158;13898;14094;11.62;0.70;249.59;17.47;745;113;4847.00;196
13157;113;628084189;13157;157;13908;14107;11.52;0.70;249.62;17.46;751;113;4848.00;199
13159;113;628084201;13159;155;13908;14107;11.53;0.70;249.64;17.46;749;113;4849.00;199
13161;113;628084212;13161;156;13908;14107;11.53;0.70;249.67;17.46;747;113;4850.00;199
13166;113;628084223;13166;159;13909;14108;11.50;0.70;249.64;17.46;743;113;4851.00;199
13167;113;628084234;13167;158;13909;14108;11.55;0.70;249.65;17.46;742;113;4852.00;199
13170;113;628084247;13170;159;13912;14112;11.61;0.71;249.66;17.45;742;113;4853.00;200
13173;113;628084259;13173;158;13912;14112;11.65;0.71;249.66;17.45;739;113;4854.00;200
13178;113;628084270;13178;157;13916;14116;11.64;0.71;249.68;17.45;738;113;4855.00;200
13183;113;628084282;13183;152;13916;14116;11.68;0.71;249.66;17.45;733;113;4856.00;200
13186;113;628084293;13186;152;13916;14116;11.69;0.71;249.67;17.45;730;113;4857.00;200
13190;113;628084305;13190;153;13916;14116;11.75;0.72;249.64;17.45;726;113;4858.00;200
13195;113;628084316;13195;151;13916;14116;11.73;0.71;249.66;17.45;721;113;4859.00;200
13196;113;628084328;13196;152;13936;14150;11.60;0.71;249.66;17.42;740;113;4860.00;214
13201;113;628084341;13201;142;13936;14150;11.55;0.71;249.77;17.42;735;113;4861.00;214
13208;113;628084352;13208;136;13937;14150;11.49;0.70;249.78;17.42;729;113;4862.00;213
13212;113;628084363;13212;134;13938;14150;11.54;0.70;249.78;17.42;726;113;4863.00;212
13217;113;628084373;13217;132;13938;14150;11.54;0.70;249.79;17.42;721;113;4864.00;212
13221;113;628084383;13221;131;13940;14150;11.57;0.70;249.78;17.44;719;113;4865.00;210
13225;113;628084395;13225;127;13940;14151;11.62;0.71;249.77;17.44;715;113;4866.00;211
13230;113;628084406;13230;126;13941;14151;11.61;0.71;249.76;17.44;711;113;4867.00;210
13233;113;628084417;13233;128;13944;14157;11.62;0.71;249.73;17.43;711;113;4868.00;213
13238;113;628084427;13238;130;13946;14158;11.61;0.71;249.75;17.43;708;113;4869.00;212
13242;113;628084438;13242;128;13946;14158;11.56;0.70;249.74;17.43;704;113;4870.00;212
13244;113;628084455;13244;132;13947;14158;11.44;0.70;249.76;17.43;703;113;4871.00;211
13245;113;628084472;13245;126;13949;14162;11.33;0.69;249.75;17.43;704;113;4872.00;213
13248;113;628084489;13248;130;13950;14162;11.21;0.68;249.78;17.43;702;113;4873.00;212
13249;113;628084500;13249;132;13951;14162;11.19;0.68;249.83;17.43;702;113;4874.00;211
13251;113;628084509;13251;139;13952;14163;11.26;0.69;249.85;17.43;701;113;4875.00;211
13256;113;628084522;13256;138;13955;14167;11.16;0.68;249.88;17.42;699;113;4876.00;212
13262;113;628084537;13262;143;13956;14167;11.13;0.68;249.87;17.42;694;113;4877.00;211
13265;113;628084548;13265;142;13958;14170;11.22;0.68;249.84;17.42;693;113;4878.00;212
13269;113;628084558;13269;146;13960;14170;11.18;0.68;249.86;17.42;691;113;4879.00;210
13269;113;628084568;13269;148;13961;14170;11.18;0.68;249.86;17.42;692;113;4880.00;209
13271;113;628084579;13271;151;13961;14170;11.12;0.68;249.84;17.42;690;113;4881.00;209
13276;113;628084589;13276;157;13965;14174;11.01;0.67;249.86;17.41;689;113;4882.00;209
13278;113;628084601;13278;165;13965;14174;10.93;0.67;249.85;17.41;687;113;4883.00;209
13282;113;628084610;13282;166;13967;14174;10.89;0.66;249.86;17.41;685;113;4884.00;207
13285;113;628084621;13285;168;13967;14174;10.78;0.66;249.84;17.41;682;113;4885.00;207
13288;113;628084638;13288;170;13968;14175;10.72;0.65;249.82;17.42;680;113;4886.00;207
13292;113;628084648;13292;175;13969;14176;10.65;0.65;249.84;17.42;677;113;4887.00;207
13293;113;628084658;13293;180;13969;14176;10.61;0.65;249.86;17.42;676;113;4888.00;207
13295;113;628084668;13295;184;13970;14177;10.56;0.64;249.87;17.42;675;113;4889.00;207
13298;113;628084679;13298;191;13971;14177;10.48;0.64;249.87;17.43;673;113;4890.00;206
13301;113;628084689;13301;200;13972;14177;10.41;0.63;249.87;17.45;671;113;4891.00;205
13304;113;628084698;13304;204;13973;14177;10.37;0.63;249.86;17.45;669;113;4892.00;204
13309;113;628084708;13309;212;13973;14177;10.32;0.63;249.88;17.45;664;113;4893.00;204
13310;113;628084716;13310;214;13974;14177;10.18;0.62;249.88;17.47;664;113;4894.00;203
13311;113;628084725;13311;216;13975;14177;10.08;0.61;249.91;17.47;664;113;4895.00;202
13313;113;628084734;13313;242;14040;14304;10.12;0.62;249.91;17.41;727;113;4896.00;264
13316;113;628084754;13316;244;14044;14305;9.97;0.62;249.89;17.41;728;113;4897.00;261
13319;113;628084769;13319;247;14055;14305;9.95;0.61;249.93;17.41;736;113;4898.00;250
13322;113;628084778;13322;246;14060;14305;9.82;0.61;249.91;17.43;738;113;4899.00;245
13324;113;628084788;13324;249;14066;14305;9.74;0.60;249.89;17.43;742;113;4900.00;239
13324;113;628084800;13324;248;14074;14305;9.67;0.60;249.89;17.45;750;113;4901.00;231
13326;113;628084809;13326;250;14080;14305;9.61;0.59;249.91;17.44;754;113;4902.00;225
13327;114;628084824;13327;252;14083;14305;9.57;0.59;249.90;17.46;756;114;4903.00;222
13331;114;628084844;13331;253;14088;14306;9.41;0.58;249.85;17.46;757;114;4904.00;218
13333;114;628084858;13333;263;14093;14308;9.23;0.57;249.82;17.47;760;114;4905.00;215
13333;114;628084868;13333;267;14097;14308;9.09;0.56;249.82;17.47;764;114;4906.00;211
13337;114;628084877;13337;273;14100;14309;8.88;0.55;249.80;17.48;763;114;4907.00;209
13339;114;628084887;13339;282;14102;14309;8.66;0.53;249.79;17.48;763;114;4908.00;207
13339;114;628084897;13339;289;14103;14309;8.50;0.53;249.79;17.48;764;114;4909.00;206
13344;114;628084907;13344;287;14107;14309;8.27;0.51;249.75;17.50;763;114;4910.00;202
13346;114;628084916;13346;291;14110;14313;8.09;0.50;249.75;17.51;764;114;4911.00;203
13348;114;628084926;13348;297;14113;14313;8.00;0.49;249.74;17.52;765;114;4912.00;200
13349;114;628084936;13349;298;14114;14313;7.87;0.48;249.73;17.51;765;114;4913.00;199
13349;114;628084945;13349;304;14118;14316;7.69;0.47;249.73;17.53;769;114;4914.00;198
13350;114;628084954;13350;310;14120;14316;7.56;0.47;249.72;17.53;770;114;4915.00;196
13353;114;628084963;13353;314;14123;14316;7.48;0.46;249.69;17.54;770;114;4916.00;193
13353;114;628084973;13353;318;14126;14320;7.41;0.46;249.69;17.54;773;114;4917.00;194
13353;114;628084988;13353;325;14128;14321;7.38;0.45;249.69;17.53;775;114;4918.00;193
13356;114;628084997;13356;325;14129;14321;7.27;0.45;249.66;17.55;773;114;4919.00;192
13356;114;628085008;13356;333;14134;14326;7.22;0.44;249.66;17.54;778;114;4920.00;192
13357;114;628085018;13357;336;14134;14326;7.06;0.44;249.67;17.54;777;114;4921.00;192
13358;114;628085026;13358;347;14135;14326;6.90;0.43;249.68;17.56;777;114;4922.00;191
13362;114;628085036;13362;350;14138;14327;6.76;0.42;249.70;17.58;776;114;4923.00;189
13363;114;628085045;13363;348;14139;14327;6.72;0.42;249.71;17.59;776;114;4924.00;188
13366;114;628085053;13366;357;14144;14333;6.66;0.41;249.70;17.59;778;114;4925.00;189
13369;114;628085063;13369;355;14144;14333;6.50;0.40;249.70;17.59;775;114;4926.00;189
13374;114;628085071;13374;354;14146;14334;6.31;0.39;249.67;17.60;772;114;4927.00;188
13378;114;628085079;13378;360;14146;14334;6.13;0.38;249.65;17.60;768;114;4928.00;188
13379;114;628085088;13379;364;14147;14334;6.02;0.37;249.66;17.61;768;114;4929.00;187
13382;114;628085096;13382;357;14148;14334;5.82;0.36;249.69;17.62;766;114;4930.00;186
13383;114;628085104;13383;342;14148;14334;5.72;0.35;249.68;17.62;765;114;4931.00;186
13385;114;628085113;13385;329;14160;14346;5.79;0.36;249.73;17.62;775;114;4932.00;186
13387;114;628085122;13387;319;14161;14346;5.74;0.36;249.74;17.63;774;114;4933.00;185
13390;114;628085131;13390;316;14161;14346;5.76;0.36;249.73;17.63;771;114;4934.00;185
13393;114;628085140;13393;313;14162;14346;5.81;0.36;249.72;17.64;769;114;4935.00;184
13398;114;628085148;13398;311;14162;14346;5.85;0.36;249.73;17.64;764;114;4936.00;184
13400;114;628085163;13400;299;14162;14346;6.00;0.37;249.72;17.64;762;114;4937.00;184
13403;114;628085172;13403;292;14165;14350;6.23;0.38;249.71;17.64;762;114;4938.00;185
13404;114;628085181;13404;284;14165;14350;6.47;0.40;249.72;17.64;761;114;4939.00;185
13407;114;628085190;13407;278;14168;14354;6.66;0.41;249.70;17.63;761;114;4940.00;186
13410;114;628085200;13410;276;14169;14355;6.84;0.42;249.70;17.63;759;114;4941.00;186
13410;114;628085215;13410;276;14170;14355;6.98;0.43;249.70;17.63;760;114;4942.00;185
13414;114;628085225;13414;268;14170;14355;7.06;0.43;249.70;17.63;756;114;4943.00;185
13416;114;628085235;13416;264;14180;14368;7.28;0.44;249.72;17.62;764;114;4944.00;188
13418;114;628085245;13418;261;14180;14368;7.39;0.45;249.70;17.62;762;114;4945.00;188
13421;114;628085256;13421;259;14181;14368;7.57;0.46;249.72;17.62;760;114;4946.00;187
13423;114;628085266;13423;257;14182;14369;7.72;0.47;249.71;17.62;759;114;4947.00;187
13427;114;628085275;13427;254;14182;14370;7.76;0.47;249.69;17.62;755;114;4948.00;188
13430;114;628085290;13430;251;14182;14370;7.81;0.48;249.69;17.62;752;114;4949.00;188
13430;114;628085305;13430;249;14186;14379;7.94;0.48;249.69;17.61;756;114;4950.00;193
13433;114;628085320;13433;249;14187;14379;8.05;0.49;249.69;17.61;754;114;4951.00;192
13435;114;628085347;13435;249;14188;14379;8.08;0.49;249.68;17.61;753;114;4952.00;191
13437;114;628085363;13437;241;14189;14379;8.17;0.50;249.69;17.61;752;114;4953.00;190
13441;114;628085379;13441;236;14192;14385;8.27;0.51;249.70;17.60;751;114;4954.00;193
13445;114;628085395;13445;230;14193;14385;8.32;0.51;249.70;17.60;748;114;4955.00;192
13451;114;628085412;13451;225;14194;14385;8.34;0.51;249.68;17.60;743;114;4956.00;191
13457;114;628085424;13457;228;14195;14385;8.37;0.51;249.72;17.60;738;114;4957.00;190
13461;114;628085435;13461;230;14198;14389;8.42;0.51;249.74;17.60;737;114;4958.00;191
13466;114;628085447;13466;228;14200;14390;8.46;0.51;249.79;17.60;734;114;4959.00;190
13472;114;628085459;13472;233;14200;14390;8.48;0.51;249.80;17.60;728;114;4960.00;190
13481;114;628085472;13481;234;14201;14391;8.47;0.51;249.80;17.60;720;114;4961.00;190
13484;114;628085484;13484;228;14201;14391;8.54;0.52;249.80;17.60;717;114;4962.00;190
13489;114;628085496;13489;225;14201;14391;8.60;0.52;249.77;17.60;712;114;4963.00;190
13497;114;628085507;13497;229;14201;14391;8.63;0.52;249.76;17.60;704;114;4964.00;190
13500;114;628085519;13500;228;14201;14391;8.70;0.52;249.78;17.60;701;114;4965.00;190
13503;114;628085530;13503;234;14201;14391;8.70;0.52;249.78;17.60;698;114;4966.00;190
13507;114;628085541;13507;230;14201;14391;8.76;0.53;249.79;17.60;694;114;4967.00;190
13508;114;628085552;13508;242;14242;14461;8.87;0.54;249.81;17.54;734;114;4968.00;219
13510;114;628085569;13510;230;14244;14462;8.97;0.54;249.81;17.70;734;114;4969.00;218
13517;114;628085583;13517;224;14249;14462;9.05;0.55;249.81;17.70;732;114;4970.00;213
13520;114;628085596;13520;220;14251;14462;9.13;0.55;249.82;17.69;731;114;4971.00;211
13523;114;628085608;13523;221;14255;14462;9.15;0.55;249.83;17.69;732;114;4972.00;207
13527;114;628085619;13527;223;14259;14462;9.22;0.56;249.83;17.69;732;114;4973.00;203
13529;114;628085631;13529;221;14263;14462;9.32;0.57;249.84;17.68;734;114;4974.00;199
13533;114;628085643;13533;218;14264;14462;9.33;0.57;249.86;17.68;731;114;4975.00;198
13534;114;628085655;13534;217;14268;14463;9.38;0.57;249.89;17.68;734;114;4976.00;195
13536;114;628085667;13536;211;14269;14464;9.36;0.57;249.91;17.68;733;114;4977.00;195
13538;114;628085678;13538;203;14270;14464;9.36;0.57;249.91;17.68;732;114;4978.00;194
13539;114;628085691;13539;200;14273;14468;9.38;0.57;249.91;17.67;734;114;4979.00;195
13541;114;628085705;13541;196;14273;14468;9.40;0.57;249.92;17.67;732;114;4980.00;195
13545;114;628085724;13545;194;14273;14468;9.42;0.58;249.92;17.67;728;114;4981.00;195
13548;114;628085736;13548;196;14273;14468;9.48;0.58;249.95;17.67;725;114;4982.00;195
13550;114;628085748;13550;201;14277;14474;9.60;0.59;249.96;17.67;727;114;4983.00;197
13554;114;628085763;13554;196;14277;14474;9.53;0.58;249.98;17.67;723;114;4984.00;197
13557;114;628085783;13557;199;14278;14474;9.50;0.58;249.98;17.67;721;114;4985.00;196
13562;114;628085795;13562;188;14280;14477;9.48;0.57;250.02;17.67;718;114;4986.00;197
13563;114;628085807;13563;180;14281;14477;9.51;0.58;250.03;17.66;718;114;4987.00;196
13566;114;628085826;13566;170;14281;14477;9.53;0.58;250.01;17.66;715;114;4988.00;196
13570;114;628085840;13570;160;14281;14478;9.60;0.58;250.01;17.66;711;114;4989.00;197
13573;114;628085854;13573;149;14282;14479;9.67;0.59;250.05;17.66;709;114;4990.00;197
13574;114;628085872;13574;143;14282;14479;9.85;0.60;250.04;17.66;708;114;4991.00;197
13578;114;628085884;13578;143;14293;14492;10.02;0.61;250.03;17.65;715;114;4992.00;199
13579;114;628085898;13579;143;14293;14492;10.15;0.61;250.04;17.65;714;114;4993.00;199
13581;114;628085911;13581;143;14293;14492;10.22;0.62;250.05;17.65;712;114;4994.00;199
13583;114;628085923;13583;146;14295;14494;10.36;0.63;250.10;17.65;712;114;4995.00;199
13588;114;628085936;13588;142;14295;14494;10.47;0.63;250.11;17.65;707;114;4996.00;199
13589;114;628085948;13589;140;14298;14498;10.56;0.64;250.11;17.64;709;114;4997.00;200
13591;114;628085960;13591;135;14298;14498;10.64;0.65;250.13;17.64;707;114;4998.00;200
13593;114;628085973;13593;131;14302;14502;10.77;0.65;250.13;17.64;709;114;4999.00;200
13597;114;628085987;13597;127;14302;14502;10.87;0.66;250.14;17.64;705;114;5000.00;200
13601;114;628086005;13601;125;14302;14502;10.91;0.66;250.14;17.64;701;114;5001.00;200
13603;114;628086023;13603;123;14302;14502;11.03;0.67;250.15;17.64;699;114;5002.00;200
13605;114;628086036;13605;125;14302;14502;11.23;0.68;250.15;17.64;697;114;5003.00;200
13608;114;628086047;13608;126;14312;14514;11.41;0.69;250.16;17.63;704;114;5004.00;202
13610;114;628086061;13610;128;14312;14514;11.65;0.71;250.16;17.63;702;114;5005.00;202
13611;114;628086073;13611;129;14313;14514;11.80;0.72;250.17;17.63;702;114;5006.00;201
13616;114;628086085;13616;126;14313;14514;11.89;0.72;250.17;17.63;697;114;5007.00;201
13619;114;628086105;13619;123;14313;14514;11.92;0.72;250.16;17.63;694;114;5008.00;201
13624;114;628086119;13624;124;14313;14514;11.94;0.72;250.14;17.63;689;114;5009.00;201
13626;114;628086134;13626;122;14313;14515;11.99;0.73;250.17;17.63;687;114;5010.00;202
13628;114;628086146;13628;123;14313;14515;12.00;0.73;250.19;17.63;685;114;5011.00;202
13630;114;628086158;13630;123;14317;14521;12.04;0.73;250.20;17.62;687;114;5012.00;204
13631;114;628086170;13631;122;14318;14522;12.06;0.73;250.22;17.62;687;114;5013.00;204
13634;114;628086181;13634;117;14319;14522;12.06;0.73;250.21;17.62;685;114;5014.00;203
13636;114;628086193;13636;115;14319;14522;12.05;0.73;250.24;17.62;683;114;5015.00;203
13638;114;628086210;13638;117;14322;14526;12.03;0.73;250.24;17.62;684;114;5016.00;204
13642;114;628086222;13642;123;14322;14526;12.01;0.73;250.24;17.62;680;114;5017.00;204
13646;114;628086240;13646;128;14322;14526;11.99;0.73;250.25;17.62;676;114;5018.00;204
13648;114;628086251;13648;127;14323;14527;12.06;0.73;250.27;17.61;675;114;5019.00;204
13650;114;628086262;13650;131;14326;14531;11.94;0.73;250.31;17.61;676;114;5020.00;205
13653;114;628086273;13653;131;14326;14531;11.90;0.72;250.32;17.61;673;114;5021.00;205
13655;114;628086284;13655;130;14328;14534;11.92;0.72;250.34;17.61;673;114;5022.00;206
13657;114;628086294;13657;133;14328;14534;11.95;0.73;250.38;17.61;671;114;5023.00;206
13660;114;628086304;13660;136;14329;14534;11.96;0.73;250.41;17.61;669;114;5024.00;205
13663;114;628086315;13663;138;14329;14534;12.01;0.73;250.40;17.61;666;114;5025.00;205
13668;114;628086325;13668;138;14332;14538;12.00;0.73;250.41;17.60;664;114;5026.00;206
13673;114;628086335;13673;137;14332;14538;12.03;0.73;250.39;17.60;659;114;5027.00;206
13677;114;628086346;13677;134;14333;14538;12.02;0.73;250.44;17.60;656;114;5028.00;205
13678;114;628086356;13678;129;14333;14538;12.05;0.73;250.44;17.60;655;114;5029.00;205
13683;114;628086367;13683;126;14333;14539;12.06;0.73;250.41;17.60;650;114;5030.00;206
13684;114;628086377;13684;123;14334;14540;12.03;0.73;250.41;17.60;650;114;5031.00;206
13689;114;628086386;13689;121;14334;14540;12.00;0.73;250.41;17.60;645;114;5032.00;206
13690;114;628086396;13690;120;14335;14541;11.98;0.73;250.44;17.60;645;114;5033.00;206
13691;114;628086406;13691;116;14336;14541;12.02;0.73;250.45;17.62;645;114;5034.00;205
13693;114;628086416;13693;113;14337;14541;12.09;0.74;250.48;17.64;644;114;5035.00;204
13699;114;628086425;13699;110;14337;14541;12.17;0.74;250.49;17.64;638;114;5036.00;204
13703;114;628086435;13703;109;14337;14541;12.19;0.74;250.47;17.64;634;114;5037.00;204
13705;114;628086444;13705;110;14337;14541;12.19;0.74;250.46;17.64;632;114;5038.00;204
13710;114;628086453;13710;110;14337;14541;12.15;0.74;250.42;17.64;627;114;5039.00;204
13712;114;628086465;13712;147;14440;14771;11.61;0.72;250.41;17.51;728;114;5040.00;331
13715;114;628086493;13715;141;14443;14772;11.52;0.72;250.39;17.67;728;114;5041.00;329
13715;114;628086504;13715;129;14450;14772;11.49;0.72;250.39;17.66;735;114;5042.00;322
13720;114;628086514;13720;135;14457;14772;11.33;0.71;250.35;17.65;737;114;5043.00;315
13722;114;628086524;13722;138;14463;14772;11.23;0.70;250.34;17.81;741;114;5044.00;309
13726;114;628086535;13726;130;14468;14772;11.19;0.69;250.32;17.80;742;114;5045.00;304
13727;114;628086550;13727;131;14475;14772;11.17;0.69;250.32;17.80;748;114;5046.00;297
13729;114;628086560;13729;132;14481;14772;11.17;0.69;250.34;17.79;752;114;5047.00;291
13734;114;628086570;13734;129;14487;14773;11.12;0.69;250.35;17.95;753;114;5048.00;286
13737;114;628086581;13737;135;14492;14774;11.14;0.69;250.33;17.94;755;114;5049.00;282
13741;114;628086592;13741;140;14497;14774;11.10;0.69;250.35;18.10;756;114;5050.00;277
13742;114;628086602;13742;140;14500;14775;11.06;0.68;250.35;18.09;758;114;5051.00;275
13744;114;628086618;13744;145;14503;14775;11.02;0.68;250.34;18.09;759;114;5052.00;272
13748;114;628086628;13748;155;14508;14775;10.91;0.67;250.33;18.24;760;114;5053.00;267
13752;114;628086639;13752;160;14511;14775;10.84;0.67;250.31;18.24;759;114;5054.00;264
13753;114;628086655;13753;164;14515;14779;10.74;0.66;250.34;18.24;762;114;5055.00;264
13755;114;628086666;13755;173;14520;14779;10.62;0.65;250.37;18.38;765;114;5056.00;259
13758;114;628086676;13758;181;14522;14779;10.49;0.64;250.34;18.39;764;114;5057.00;257
13761;114;628086686;13761;187;14526;14782;10.40;0.64;250.35;18.39;765;114;5058.00;256
13763;114;628086697;13763;196;14529;14782;10.29;0.63;250.35;18.39;766;114;5059.00;253
13766;114;628086707;13766;203;14533;14782;10.20;0.63;250.34;18.41;767;114;5060.00;249
13770;114;628086718;13770;212;14537;14786;10.14;0.62;250.30;18.41;767;114;5061.00;249
13771;115;628086729;13771;221;14541;14787;10.11;0.62;250.29;18.41;770;115;5062.00;246
13772;115;628086755;13772;224;14544;14787;9.97;0.61;250.29;18.43;772;115;5063.00;243
13775;116;628086766;13775;237;14551;14791;9.84;0.60;250.29;18.43;776;116;5064.00;240
13775;116;628086793;13775;246;14553;14791;9.72;0.59;250.29;18.45;778;116;5065.00;238
13778;116;628086803;13778;250;14553;14791;9.59;0.59;250.25;18.45;775;116;5066.00;238
13780;116;628086815;13780;261;14559;14792;9.47;0.58;250.23;18.48;779;116;5067.00;233
13781;116;628086826;13781;273;14561;14792;9.36;0.57;250.21;18.49;780;116;5068.00;231
13783;116;628086836;13783;278;14566;14798;9.17;0.56;250.19;18.49;783;116;5069.00;232
13786;116;628086848;13786;292;14568;14798;8.98;0.55;250.15;18.49;782;116;5070.00;230
13786;116;628086863;13786;302;14570;14799;8.82;0.54;250.15;18.51;784;116;5071.00;229
13786;116;628086873;13786;311;14572;14799;8.67;0.53;250.15;18.51;786;116;5072.00;227
13788;116;628086883;13788;315;14576;14799;8.48;0.52;250.15;18.53;788;116;5073.00;223
13791;116;628086892;13791;327;14578;14799;8.30;0.51;250.12;18.53;787;116;5074.00;221
13793;116;628086902;13793;339;14579;14799;8.11;0.50;250.10;18.53;786;116;5075.00;220
13794;116;628086911;13794;343;14593;14811;8.01;0.49;250.11;18.54;799;116;5076.00;218
13796;116;628086921;13796;350;14594;14811;7.82;0.48;250.08;18.54;798;116;5077.00;217
13796;116;628086931;13796;360;14597;14811;7.69;0.47;250.08;18.55;801;116;5078.00;214
13796;116;628086940;13796;361;14599;14811;7.51;0.46;250.08;18.56;803;116;5079.00;212
13797;116;628086949;13797;362;14600;14811;7.39;0.45;250.09;18.57;803;116;5080.00;211
13799;116;628086958;13799;369;14601;14811;7.29;0.45;250.10;18.57;802;116;5081.00;210
13800;116;628086967;13800;370;14605;14815;7.16;0.44;250.09;18.59;805;116;5082.00;210
13803;116;628086977;13803;351;14605;14815;7.09;0.43;250.07;18.59;802;116;5083.00;210
13804;116;628086986;13804;341;14610;14819;7.09;0.43;250.07;18.60;806;116;5084.00;209
13805;116;628086996;13805;338;14612;14821;7.10;0.43;250.07;18.60;807;116;5085.00;209
13805;116;628087006;13805;331;14615;14821;7.09;0.43;250.07;18.61;810;116;5086.00;206
13805;116;628087015;13805;329;14615;14821;7.09;0.43;250.07;18.61;810;116;5087.00;206
13809;116;628087025;13809;326;14627;14834;7.11;0.43;250.03;18.61;818;116;5088.00;207
13809;116;628087036;13809;324;14627;14834;7.15;0.44;250.03;18.61;818;116;5089.00;207
13812;116;628087052;13812;320;14629;14834;7.22;0.44;250.00;18.62;817;116;5090.00;205
13814;116;628087062;13814;319;14630;14835;7.31;0.44;250.00;18.62;816;116;5091.00;205
13815;116;628087071;13815;322;14630;14836;7.31;0.45;250.00;18.62;815;116;5092.00;206
13816;116;628087081;13816;317;14631;14836;7.35;0.45;249.98;18.64;815;116;5093.00;205
13819;116;628087091;13819;316;14633;14839;7.44;0.45;249.99;18.63;814;116;5094.00;206
13821;116;628087107;13821;312;14636;14839;7.48;0.46;249.98;18.68;815;116;5095.00;203
13823;116;628087117;13823;317;14637;14839;7.48;0.46;249.97;18.67;814;116;5096.00;202
13827;116;628087127;13827;310;14637;14839;7.44;0.46;249.96;18.67;810;116;5097.00;202
13830;116;628087138;13830;311;14643;14845;7.41;0.45;249.97;18.68;813;116;5098.00;202
13831;116;628087148;13831;314;14643;14845;7.34;0.45;249.96;18.68;812;116;5099.00;202
13835;116;628087160;13835;304;14648;14864;7.27;0.45;249.95;18.67;813;116;5100.00;216
13840;116;628087176;13840;294;14650;14864;7.22;0.44;249.97;18.69;810;116;5101.00;214
13841;116;628087186;13841;290;14654;14868;7.24;0.44;249.95;18.68;813;116;5102.00;214
13846;116;628087196;13846;287;14656;14869;7.27;0.45;249.96;18.69;810;116;5103.00;213
13850;116;628087206;13850;285;14656;14869;7.24;0.44;250.02;18.69;806;116;5104.00;213
13853;116;628087216;13853;278;14658;14870;7.28;0.45;250.02;18.70;805;116;5105.00;212
13858;116;628087226;13858;276;14660;14870;7.24;0.45;250.07;18.70;802;116;5106.00;210
13859;116;628087235;13859;262;14662;14870;7.33;0.45;250.06;18.72;803;116;5107.00;208
13863;116;628087245;13863;249;14662;14870;7.40;0.46;250.06;18.72;799;116;5108.00;208
13865;116;628087255;13865;239;14662;14870;7.53;0.46;250.05;18.72;797;116;5109.00;208
13870;116;628087265;13870;235;14662;14870;7.65;0.47;250.07;18.72;792;116;5110.00;208
13875;116;628087277;13875;233;14662;14870;7.78;0.48;250.06;18.72;787;116;5111.00;208
13879;116;628087289;13879;228;14695;14940;7.95;0.49;250.05;18.67;816;116;5112.00;245
13886;116;628087311;13886;224;14698;14941;8.02;0.49;250.02;18.67;812;116;5113.00;243
13889;116;628087328;13889;224;14707;14941;8.22;0.51;250.01;18.66;818;116;5114.00;234
13891;116;628087344;13891;219;14708;14941;8.31;0.51;250.02;18.66;817;116;5115.00;233
13897;116;628087363;13897;215;14712;14941;8.39;0.52;250.01;18.66;815;116;5116.00;229
13901;116;628087379;13901;213;14713;14941;8.48;0.52;249.98;18.66;812;116;5117.00;228
13905;116;628087395;13905;209;14717;14941;8.56;0.53;249.97;18.65;812;116;5118.00;224
13911;116;628087412;13911;215;14720;14941;8.55;0.52;249.97;18.65;809;116;5119.00;221
13913;116;628087427;13913;212;14722;14942;8.65;0.53;249.98;18.65;809;116;5120.00;220
13920;116;628087439;13920;219;14725;14943;8.68;0.53;249.95;18.65;805;116;5121.00;218
13924;116;628087459;13924;215;14727;14943;8.77;0.54;249.93;18.65;803;116;5122.00;216
13931;116;628087473;13931;217;14730;14947;8.75;0.53;249.91;18.64;799;116;5123.00;217
13938;116;628087486;13938;215;14731;14947;8.76;0.54;249.90;18.64;793;116;5124.00;216
13944;116;628087499;13944;219;14732;14947;8.73;0.53;249.87;18.64;788;116;5125.00;215
13948;116;628087512;13948;226;14732;14947;8.73;0.53;249.86;18.64;784;116;5126.00;215
13951;116;628087524;13951;220;14735;14953;8.74;0.53;249.88;18.64;784;116;5127.00;218
13953;116;628087537;13953;219;14735;14953;8.77;0.54;249.89;18.64;782;116;5128.00;218
13960;116;628087549;13960;214;14735;14953;8.70;0.53;249.89;18.64;775;116;5129.00;218
13965;116;628087562;13965;218;14740;14959;8.64;0.53;249.92;18.64;775;116;5130.00;219
13968;116;628087580;13968;216;14740;14959;8.68;0.53;249.93;18.64;772;116;5131.00;219
13971;116;628087593;13971;221;14740;14959;8.68;0.53;249.97;18.64;769;116;5132.00;219
13976;116;628087606;13976;219;14742;14960;8.70;0.53;249.95;18.64;766;116;5133.00;218
13981;116;628087619;13981;220;14743;14961;8.73;0.53;249.97;18.64;762;116;5134.00;218
13986;116;628087631;13986;220;14746;14961;8.67;0.53;249.95;18.79;760;116;5135.00;215
13989;116;628087644;13989;227;14755;14974;8.78;0.53;249.94;18.78;766;116;5136.00;219
13995;116;628087657;13995;231;14755;14974;8.77;0.53;249.95;18.78;760;116;5137.00;219
13999;116;628087669;13999;228;14756;14974;8.74;0.53;249.96;18.78;757;116;5138.00;218
14002;116;628087681;14002;229;14757;14975;8.76;0.53;250.02;18.78;755;116;5139.00;218
14006;116;628087693;14006;223;14757;14975;8.83;0.54;250.01;18.78;751;116;5140.00;218
14010;116;628087704;14010;226;14763;14979;8.82;0.54;250.03;18.78;753;116;5141.00;216
14012;116;628087717;14012;226;14764;14979;8.82;0.54;250.06;18.78;752;116;5142.00;215
14017;116;628087729;14017;227;14769;14983;8.81;0.54;250.10;18.77;752;116;5143.00;214
14020;116;628087741;14020;231;14769;14983;8.89;0.54;250.08;18.77;749;116;5144.00;214
14024;116;628087753;14024;238;14769;14983;8.91;0.54;250.14;18.77;745;116;5145.00;214
14029;116;628087766;14029;244;14770;14983;8.95;0.54;250.16;18.77;741;116;5146.00;213
14031;116;628087779;14031;233;14771;14983;9.01;0.55;250.17;18.77;740;116;5147.00;212
14032;116;628087791;14032;223;14780;14995;9.17;0.56;250.17;18.76;748;116;5148.00;215
14037;116;628087805;14037;218;14782;14995;9.15;0.56;250.23;18.76;745;116;5149.00;213
14039;116;628087818;14039;221;14784;14995;9.16;0.56;250.26;18.76;745;116;5150.00;211
14043;116;628087830;14043;220;14785;14995;9.25;0.56;250.27;18.76;742;116;5151.00;210
14047;117;628087844;14047;216;14785;14995;9.32;0.57;250.30;18.76;738;117;5152.00;210
14051;117;628087864;14051;210;14786;14995;9.44;0.57;250.31;18.76;735;117;5153.00;209
14054;117;628087877;14054;208;14786;14996;9.57;0.58;250.32;18.76;732;117;5154.00;210
14056;117;628087889;14056;209;14787;14998;9.65;0.59;250.34;18.76;731;117;5155.00;211
14060;117;628087902;14060;195;14792;15004;9.68;0.59;250.34;18.75;732;117;5156.00;212
14061;117;628087915;14061;177;14794;15005;9.79;0.60;250.35;18.75;733;117;5157.00;211
14064;117;628087928;14064;166;14794;15005;9.89;0.60;250.37;18.75;730;117;5158.00;211
14068;117;628087940;14068;154;14794;15005;9.99;0.61;250.35;18.75;726;117;5159.00;211
14073;117;628087955;14073;155;14798;15010;10.05;0.61;250.38;18.74;725;117;5160.00;212
14075;117;628087970;14075;141;14798;15010;10.24;0.62;250.39;18.74;723;117;5161.00;212
14080;117;628087982;14080;134;14798;15010;10.39;0.63;250.42;18.74;718;117;5162.00;212
14083;117;628087995;14083;132;14799;15011;10.53;0.64;250.43;18.74;716;117;5163.00;212
14087;117;628088009;14087;126;14802;15015;10.70;0.65;250.45;18.74;715;117;5164.00;213
14089;117;628088027;14089;125;14802;15015;10.78;0.65;250.45;18.74;713;117;5165.00;213
14091;117;628088046;14091;122;14805;15018;10.90;0.66;250.45;18.73;714;117;5166.00;213
14096;117;628088065;14096;115;14805;15018;10.92;0.66;250.49;18.73;709;117;5167.00;213
14098;117;628088078;14098;115;14805;15018;11.00;0.67;250.49;18.73;707;117;5168.00;213
14100;117;628088091;14100;115;14805;15018;11.08;0.67;250.49;18.73;705;117;5169.00;213
14102;117;628088103;14102;120;14808;15022;11.26;0.68;250.49;18.73;706;117;5170.00;214
14104;117;628088115;14104;121;14809;15022;11.32;0.69;250.51;18.73;705;117;5171.00;213
14107;117;628088128;14107;123;14809;15022;11.37;0.69;250.52;18.73;702;117;5172.00;213
14109;117;628088140;14109;126;14809;15022;11.40;0.69;250.52;18.73;700;117;5173.00;213
14111;118;628088152;14111;129;14809;15023;11.48;0.70;250.52;18.73;698;118;5174.00;214
14113;118;628088176;14113;133;14811;15025;11.51;0.70;250.54;18.73;698;118;5175.00;214
14120;118;628088187;14120;139;14811;15025;11.40;0.69;250.54;18.73;691;118;5176.00;214
14122;118;628088198;14122;138;14812;15026;11.32;0.69;250.52;18.73;690;118;5177.00;214
14124;118;628088210;14124;138;14812;15026;11.29;0.69;250.56;18.73;688;118;5178.00;214
14125;118;628088222;14125;144;14812;15026;11.26;0.68;250.57;18.73;687;118;5179.00;214
14127;118;628088232;14127;141;14812;15026;11.24;0.68;250.57;18.73;685;118;5180.00;214
14130;118;628088243;14130;138;14812;15026;11.24;0.68;250.58;18.73;682;118;5181.00;214
14133;118;628088254;14133;143;14812;15026;11.26;0.68;250.56;18.73;679;118;5182.00;214
14134;118;628088264;14134;143;14812;15026;11.30;0.69;250.56;18.73;678;118;5183.00;214
14137;118;628088274;14137;169;14883;15153;11.00;0.68;250.54;18.64;746;118;5184.00;270
14142;118;628088295;14142;157;14884;15154;10.93;0.67;250.53;18.64;742;118;5185.00;270
14144;118;628088308;14144;151;14892;15154;11.05;0.68;250.54;18.63;748;118;5186.00;262
14148;118;628088318;14148;150;14893;15154;11.06;0.68;250.59;18.63;745;118;5187.00;261
14151;118;628088329;14151;149;14897;15154;11.02;0.68;250.59;18.62;746;118;5188.00;257
14154;118;628088340;14154;154;14902;15154;11.00;0.67;250.59;18.62;748;118;5189.00;252
14156;118;628088351;14156;158;14907;15154;11.05;0.68;250.60;18.61;751;118;5190.00;247
14158;118;628088362;14158;165;14910;15154;11.11;0.68;250.60;18.61;752;118;5191.00;244
14160;118;628088372;14160;174;14914;15155;11.19;0.69;250.59;18.61;754;118;5192.00;241
14162;118;628088389;14162;175;14917;15156;11.21;0.69;250.58;18.61;755;118;5193.00;239
14163;118;628088399;14163;180;14921;15156;11.19;0.69;250.59;18.60;758;118;5194.00;235
14166;118;628088410;14166;185;14922;15157;11.19;0.69;250.60;18.60;756;118;5195.00;235
14167;118;628088420;14167;186;14923;15157;11.22;0.69;250.66;18.60;756;118;5196.00;234
14171;118;628088431;14171;186;14924;15157;11.23;0.69;250.69;18.60;753;118;5197.00;233
14173;118;628088441;14173;189;14926;15157;11.17;0.68;250.68;18.60;753;118;5198.00;231
14176;118;628088451;14176;192;14928;15161;11.08;0.68;250.66;18.60;752;118;5199.00;233
14178;118;628088461;14178;192;14929;15161;10.98;0.67;250.70;18.60;751;118;5200.00;232
14183;118;628088476;14183;193;14931;15161;10.93;0.67;250.66;18.60;748;118;5201.00;230
14186;118;628088486;14186;193;14933;15164;10.86;0.67;250.65;18.60;747;118;5202.00;231
14188;118;628088503;14188;188;14934;15164;10.74;0.66;250.65;18.60;746;118;5203.00;230
14193;118;628088519;14193;186;14935;15164;10.69;0.65;250.62;18.61;742;118;5204.00;229
14196;118;628088531;14196;182;14939;15168;10.59;0.65;250.62;18.61;743;118;5205.00;229
14201;118;628088541;14201;182;14941;15169;10.57;0.65;250.58;18.63;740;118;5206.00;228
14206;118;628088552;14206;179;14942;15169;10.54;0.64;250.56;18.63;736;118;5207.00;227
14209;118;628088562;14209;180;14944;15173;10.50;0.64;250.54;18.62;735;118;5208.00;229
14212;118;628088572;14212;179;14944;15173;10.44;0.64;250.50;18.62;732;118;5209.00;229
14215;118;628088582;14215;173;14944;15173;10.39;0.64;250.49;18.62;729;118;5210.00;229
14218;118;628088599;14218;172;14945;15174;10.41;0.63;250.48;18.62;727;118;5211.00;229
14221;118;628088610;14221;169;14946;15174;10.38;0.63;250.45;18.62;725;118;5212.00;228
14222;118;628088623;14222;173;14950;15180;10.44;0.64;250.43;18.62;728;118;5213.00;230
14225;118;628088634;14225;175;14950;15180;10.44;0.64;250.42;18.62;725;118;5214.00;230
14229;118;628088645;14229;178;14951;15180;10.40;0.63;250.39;18.62;722;118;5215.00;229
14231;118;628088655;14231;182;14951;15181;10.37;0.63;250.37;18.62;720;118;5216.00;230
14234;118;628088665;14234;183;14952;15181;10.33;0.63;250.35;18.62;718;118;5217.00;229
14236;118;628088676;14236;190;14952;15181;10.22;0.62;250.32;18.62;716;118;5218.00;229
14237;118;628088686;14237;198;14954;15181;10.08;0.61;250.31;18.62;717;118;5219.00;227
14240;118;628088696;14240;207;14974;15217;10.00;0.61;250.35;18.59;734;118;5220.00;243
14244;118;628088709;14244;207;14975;15217;9.92;0.61;250.37;18.59;731;118;5221.00;242
14244;118;628088719;14244;214;14977;15217;9.85;0.60;250.37;18.59;733;118;5222.00;240
14245;118;628088734;14245;218;14977;15217;9.77;0.60;250.36;18.59;732;118;5223.00;240
14247;118;628088743;14247;221;14978;15217;9.73;0.59;250.36;18.59;731;118;5224.00;239
14247;118;628088753;14247;227;14980;15217;9.69;0.59;250.36;18.59;733;118;5225.00;237
14247;118;628088762;14247;233;14984;15221;9.60;0.59;250.36;18.59;737;118;5226.00;237
14249;118;628088771;14249;238;14984;15221;9.54;0.58;250.34;18.59;735;118;5227.00;237
14252;118;628088781;14252;243;14988;15225;9.46;0.58;250.33;18.59;736;118;5228.00;237
14253;118;628088791;14253;248;14989;15226;9.43;0.57;250.31;18.58;736;118;5229.00;237
14254;118;628088801;14254;258;14992;15226;9.33;0.57;250.32;18.61;738;118;5230.00;234
14256;118;628088816;14256;260;14994;15226;9.21;0.56;250.33;18.61;738;118;5231.00;232
14258;118;628088837;14258;267;15003;15239;8.97;0.55;250.31;18.60;745;118;5232.00;236
14258;118;628088849;14258;273;15007;15239;8.81;0.54;250.31;18.62;749;118;5233.00;232
14259;118;628088859;14259;281;15007;15239;8.70;0.53;250.29;18.62;748;118;5234.00;232
14261;118;628088868;14261;277;15009;15240;8.55;0.52;250.29;18.62;748;118;5235.00;231
14261;118;628088878;14261;277;15010;15241;8.47;0.52;250.29;18.62;749;118;5236.00;231
14263;118;628088887;14263;273;15012;15241;8.40;0.51;250.28;18.64;749;118;5237.00;229
14265;118;628088897;14265;270;15016;15244;8.37;0.51;250.27;18.64;751;118;5238.00;228
14267;118;628088907;14267;271;15018;15244;8.33;0.51;250.26;18.66;751;118;5239.00;226
14267;118;628088917;14267;269;15018;15244;8.32;0.51;250.26;18.66;751;118;5240.00;226
14267;118;628088926;14267;265;15020;15244;8.33;0.51;250.26;18.70;753;118;5241.00;224
14269;118;628088936;14269;263;15026;15250;8.39;0.51;250.25;18.71;757;118;5242.00;224
14269;118;628088946;14269;261;15026;15250;8.34;0.51;250.25;18.71;757;118;5243.00;224
14271;118;628088956;14271;262;15027;15250;8.27;0.51;250.29;18.71;756;118;5244.00;223
14271;118;628088972;14271;269;15029;15250;8.23;0.50;250.29;18.73;758;118;5245.00;221
14273;118;628088981;14273;267;15032;15254;8.13;0.50;250.31;18.73;759;118;5246.00;222
14275;118;628088990;14275;272;15036;15255;8.08;0.49;250.31;18.74;761;118;5247.00;219
14277;118;628089005;14277;276;15036;15255;7.98;0.49;250.30;18.74;759;118;5248.00;219
14278;118;628089015;14278;274;15039;15256;7.92;0.48;250.30;18.76;761;118;5249.00;217
14280;118;628089026;14280;272;15039;15256;7.89;0.48;250.34;18.76;759;118;5250.00;217
14281;118;628089035;14281;273;15040;15256;7.87;0.48;250.33;18.78;759;118;5251.00;216
14284;118;628089044;14284;272;15041;15256;7.83;0.48;250.31;18.78;757;118;5252.00;215
14285;118;628089059;14285;265;15042;15256;7.83;0.48;250.31;18.79;757;118;5253.00;214
14286;118;628089069;14286;263;15042;15256;7.84;0.48;250.32;18.79;756;118;5254.00;214
14287;118;628089077;14287;256;15042;15256;7.83;0.48;250.32;18.79;755;118;5255.00;214
14287;118;628089087;14287;264;15083;15326;8.07;0.49;250.32;18.76;796;118;5256.00;243
14289;118;628089101;14289;260;15086;15327;8.05;0.49;250.30;18.75;797;118;5257.00;241
14291;118;628089111;14291;263;15096;15327;8.08;0.49;250.33;18.76;805;118;5258.00;231
14294;118;628089121;14294;258;15098;15327;8.05;0.49;250.32;18.76;804;118;5259.00;229
14296;118;628089130;14296;260;15105;15327;8.03;0.49;250.32;18.80;809;118;5260.00;222
14299;118;628089140;14299;254;15107;15327;8.02;0.49;250.34;18.80;808;118;5261.00;220
14301;118;628089150;14301;256;15112;15327;7.95;0.49;250.33;18.81;811;118;5262.00;215
14307;118;628089159;14307;258;15113;15327;7.86;0.48;250.31;18.81;806;118;5263.00;214
14310;118;628089169;14310;252;15116;15328;7.91;0.48;250.30;18.81;806;118;5264.00;212
14314;118;628089180;14314;254;15121;15330;7.80;0.48;250.33;18.85;807;118;5265.00;209
14323;118;628089191;14323;250;15121;15330;7.64;0.47;250.36;18.85;798;118;5266.00;209
14326;118;628089201;14326;257;15125;15334;7.55;0.46;250.36;18.86;799;118;5267.00;209
14331;118;628089211;14331;260;15125;15334;7.45;0.46;250.36;18.86;794;118;5268.00;209
14335;118;628089221;14335;269;15125;15334;7.33;0.45;250.34;18.86;790;118;5269.00;209
14340;118;628089231;14340;264;15128;15334;7.27;0.45;250.34;18.90;788;118;5270.00;206
14344;118;628089241;14344;257;15132;15340;7.35;0.45;250.38;18.89;788;118;5271.00;208
14347;118;628089252;14347;257;15132;15340;7.34;0.45;250.39;18.89;785;118;5272.00;208
14351;118;628089261;14351;248;15133;15340;7.40;0.45;250.40;18.89;782;118;5273.00;207
14354;118;628089271;14354;246;15138;15343;7.44;0.46;250.40;18.90;784;118;5274.00;205
14360;118;628089281;14360;243;15138;15343;7.48;0.46;250.41;18.90;778;118;5275.00;205
14366;118;628089291;14366;242;15139;15343;7.54;0.46;250.42;18.91;773;118;5276.00;204
14367;118;628089302;14367;233;15139;15344;7.67;0.47;250.45;18.91;772;118;5277.00;205
14373;118;628089317;14373;231;15142;15345;7.74;0.47;250.45;18.94;769;118;5278.00;203
14378;118;628089334;14378;222;15142;15345;7.80;0.48;250.47;18.94;764;118;5279.00;203
14382;118;628089354;14382;224;15162;15371;7.94;0.49;250.47;18.91;780;118;5280.00;209
14388;118;628089373;14388;219;15163;15371;8.03;0.49;250.51;18.91;775;118;5281.00;208
14390;118;628089391;14390;218;15164;15371;8.16;0.50;250.51;18.91;774;118;5282.00;207
14393;118;628089408;14393;218;15165;15372;8.32;0.51;250.52;18.91;772;118;5283.00;207
14398;118;628089423;14398;213;15165;15372;8.40;0.51;250.53;18.91;767;118;5284.00;207
14404;118;628089435;14404;210;15169;15376;8.50;0.52;250.50;18.90;765;118;5285.00;207
14410;118;628089448;14410;209;15169;15376;8.58;0.52;250.49;18.90;759;118;5286.00;207
14414;118;628089460;14414;206;15172;15379;8.72;0.53;250.50;18.90;758;118;5287.00;207
14421;118;628089472;14421;202;15172;15380;8.81;0.54;250.48;18.90;751;118;5288.00;208
14424;118;628089484;14424;197;15172;15380;8.85;0.54;250.47;18.90;748;118;5289.00;208
14430;118;628089496;14430;199;15172;15380;8.97;0.55;250.45;18.90;742;118;5290.00;208
14433;118;628089509;14433;196;15172;15380;9.08;0.55;250.44;18.90;739;118;5291.00;208
14435;119;628089521;14435;197;15182;15392;9.28;0.56;250.44;18.89;747;119;5292.00;210
14439;119;628089546;14439;192;15182;15392;9.33;0.57;250.43;18.89;743;119;5293.00;210
14444;119;628089561;14444;188;15183;15392;9.44;0.58;250.42;18.89;739;119;5294.00;209
14445;119;628089572;14445;185;15183;15392;9.56;0.58;250.41;18.89;738;119;5295.00;209
14450;119;628089590;14450;182;15183;15392;9.64;0.59;250.42;18.89;733;119;5296.00;209
14455;119;628089602;14455;185;15183;15392;9.67;0.59;250.43;18.89;728;119;5297.00;209
14458;119;628089613;14458;187;15183;15393;9.70;0.59;250.40;18.89;725;119;5298.00;210
14462;119;628089625;14462;188;15183;15393;9.73;0.59;250.42;18.89;721;119;5299.00;210
14469;119;628089638;14469;192;15187;15399;9.77;0.60;250.45;18.88;718;119;5300.00;212
14473;119;628089656;14473;190;15189;15400;9.76;0.59;250.43;18.88;716;119;5301.00;211
14479;119;628089668;14479;191;15189;15400;9.71;0.59;250.45;18.88;710;119;5302.00;211
14484;119;628089680;14484;192;15189;15400;9.71;0.59;250.48;18.88;705;119;5303.00;211
14487;119;628089692;14487;200;15192;15404;9.76;0.59;250.48;18.87;705;119;5304.00;212
14491;119;628089704;14491;200;15192;15404;9.73;0.59;250.49;18.87;701;119;5305.00;212
14495;119;628089715;14495;201;15192;15404;9.75;0.59;250.52;18.87;697;119;5306.00;212
14500;119;628089726;14500;201;15193;15405;9.73;0.59;250.52;18.87;693;119;5307.00;212
14502;119;628089738;14502;201;15196;15409;9.75;0.59;250.53;18.87;694;119;5308.00;213
14506;119;628089749;14506;206;15196;15409;9.74;0.59;250.53;18.87;690;119;5309.00;213
14509;119;628089762;14509;203;15199;15415;9.81;0.59;250.55;18.87;690;119;5310.00;216
14511;119;628089774;14511;208;15200;15415;9.89;0.60;250.57;18.87;689;119;5311.00;215
14513;119;628089785;14513;205;15200;15415;9.86;0.60;250.57;18.87;687;119;5312.00;215
14518;119;628089796;14518;207;15201;15415;9.80;0.59;250.59;18.86;683;119;5313.00;214
14520;119;628089808;14520;205;15203;15419;9.81;0.59;250.61;18.86;683;119;5314.00;216
14523;119;628089820;14523;206;15204;15419;9.73;0.59;250.61;18.86;681;119;5315.00;215
14525;119;628089831;14525;211;15204;15419;9.71;0.59;250.63;18.86;679;119;5316.00;215
14530;119;628089843;14530;205;15205;15419;9.66;0.58;250.62;18.86;675;119;5317.00;214
14532;119;628089855;14532;201;15205;15420;9.68;0.59;250.64;18.86;673;119;5318.00;215
14533;119;628089868;14533;195;15207;15421;9.71;0.59;250.65;18.86;674;119;5319.00;214
14536;119;628089879;14536;193;15207;15421;9.70;0.59;250.68;18.86;671;119;5320.00;214
14540;119;628089890;14540;194;15208;15422;9.70;0.59;250.68;18.86;668;119;5321.00;214
14543;119;628089900;14543;193;15208;15422;9.67;0.59;250.67;18.86;665;119;5322.00;214
14548;119;628089912;14548;195;15208;15422;9.68;0.59;250.73;18.86;660;119;5323.00;214
14552;119;628089923;14552;196;15208;15422;9.62;0.58;250.74;18.86;656;119;5324.00;214
14553;119;628089934;14553;200;15208;15422;9.60;0.58;250.75;18.86;655;119;5325.00;214
14555;119;628089944;14555;190;15208;15422;9.59;0.58;250.76;18.86;653;119;5326.00;214
14555;119;628089955;14555;184;15208;15422;9.56;0.58;250.76;18.86;653;119;5327.00;214
14559;119;628089965;14559;194;15276;15549;9.37;0.58;250.77;18.77;717;119;5328.00;273
14563;119;628089993;14563;174;15278;15550;9.31;0.58;250.76;18.77;715;119;5329.00;272
14567;119;628090004;14567;160;15287;15550;9.37;0.58;250.80;18.76;720;119;5330.00;263
14570;119;628090016;14570;157;15289;15550;9.42;0.58;250.88;18.76;719;119;5331.00;261
14571;119;628090027;14571;154;15291;15550;9.56;0.59;250.93;18.76;720;119;5332.00;259
14577;119;628090039;14577;156;15294;15550;9.70;0.60;250.93;18.75;717;119;5333.00;256
14581;119;628090056;14581;154;15297;15550;9.83;0.61;250.95;18.75;716;119;5334.00;253
14584;119;628090068;14584;156;15300;15550;9.95;0.61;250.95;18.75;716;119;5335.00;250
14588;119;628090080;14588;155;15305;15551;9.94;0.61;250.97;18.75;717;119;5336.00;246
14592;119;628090091;14592;160;15307;15552;9.94;0.61;250.97;18.74;715;119;5337.00;245
14594;119;628090102;14594;162;15311;15552;9.92;0.61;250.98;18.74;717;119;5338.00;241
14596;119;628090113;14596;156;15312;15553;9.90;0.61;251.00;18.74;716;119;5339.00;241
14600;119;628090126;14600;158;15316;15553;9.83;0.60;251.01;18.74;716;119;5340.00;237
14603;119;628090137;14603;160;15320;15553;9.82;0.60;251.00;18.74;717;119;5341.00;233
14606;119;628090148;14606;164;15322;15553;9.88;0.61;250.99;18.74;716;119;5342.00;231
14606;119;628090166;14606;166;15325;15557;9.94;0.61;250.99;18.73;719;119;5343.00;232
14611;119;628090177;14611;164;15327;15557;9.94;0.61;251.04;18.73;716;119;5344.00;230
14612;119;628090187;14612;170;15328;15557;10.01;0.61;251.08;18.73;716;119;5345.00;229
14615;120;628090198;14615;177;15331;15560;10.09;0.62;251.08;18.73;716;120;5346.00;229
14615;120;628090222;14615;175;15332;15560;10.15;0.62;251.08;18.73;717;120;5347.00;228
14617;120;628090232;14617;177;15333;15560;10.13;0.62;251.07;18.73;716;120;5348.00;227
14621;120;628090250;14621;179;15336;15564;10.13;0.62;251.06;18.73;715;120;5349.00;228
14624;120;628090261;14624;176;15338;15565;10.20;0.62;251.04;18.73;714;120;5350.00;227
14624;120;628090272;14624;173;15339;15565;10.31;0.63;251.04;18.72;715;120;5351.00;226
14628;120;628090282;14628;178;15342;15569;10.34;0.63;251.01;18.72;714;120;5352.00;227
14628;120;628090293;14628;186;15342;15569;10.40;0.63;251.01;18.72;714;120;5353.00;227
14631;121;628090304;14631;189;15342;15569;10.43;0.63;251.00;18.72;711;121;5354.00;227
14631;121;628090327;14631;189;15344;15571;10.40;0.63;251.00;18.72;713;121;5355.00;227
14633;121;628090337;14633;193;15344;15571;10.37;0.63;251.00;18.72;711;121;5356.00;227
14633;121;628090347;14633;200;15348;15577;10.35;0.63;251.00;18.71;715;121;5357.00;229
14636;121;628090364;14636;204;15348;15577;10.34;0.63;250.97;18.71;712;121;5358.00;229
14638;121;628090374;14638;207;15349;15577;10.36;0.63;250.95;18.71;711;121;5359.00;228
14639;121;628090384;14639;211;15349;15578;10.44;0.64;250.94;18.71;710;121;5360.00;229
14643;121;628090399;14643;215;15349;15578;10.41;0.63;250.91;18.71;706;121;5361.00;229
14643;121;628090408;14643;218;15349;15578;10.41;0.63;250.91;18.71;706;121;5362.00;229
14644;121;628090417;14644;221;15349;15578;10.40;0.63;250.90;18.71;705;121;5363.00;229
14646;121;628090426;14646;222;15359;15590;10.46;0.64;250.88;18.70;713;121;5364.00;231
14649;121;628090436;14649;225;15359;15590;10.53;0.64;250.86;18.70;710;121;5365.00;231
14650;121;628090446;14650;219;15360;15590;10.56;0.65;250.85;18.70;710;121;5366.00;230
14653;121;628090455;14653;216;15360;15590;10.54;0.64;250.84;18.70;707;121;5367.00;230
14657;121;628090463;14657;216;15360;15590;10.58;0.64;250.84;18.70;703;121;5368.00;230
14659;121;628090473;14659;213;15360;15590;10.55;0.64;250.83;18.70;701;121;5369.00;230
14664;121;628090484;14664;214;15363;15594;10.52;0.64;250.83;18.70;699;121;5370.00;231
14666;121;628090494;14666;213;15363;15594;10.50;0.64;250.82;18.70;697;121;5371.00;231
14671;121;628090509;14671;205;15366;15598;10.48;0.64;250.79;18.69;695;121;5372.00;232
14672;121;628090525;14672;203;15368;15599;10.54;0.64;250.79;18.69;696;121;5373.00;231
14672;121;628090534;14672;204;15368;15599;10.61;0.65;250.79;18.69;696;121;5374.00;231
14674;121;628090548;14674;200;15370;15599;10.63;0.65;250.79;18.73;696;121;5375.00;229
14677;121;628090559;14677;201;15380;15612;10.63;0.65;250.77;18.71;703;121;5376.00;232
14681;121;628090569;14681;198;15380;15612;10.64;0.65;250.74;18.71;699;121;5377.00;232
14685;121;628090578;14685;193;15380;15612;10.61;0.65;250.75;18.71;695;121;5378.00;232
14686;121;628090587;14686;196;15382;15613;10.60;0.64;250.75;18.71;696;121;5379.00;231
14690;121;628090597;14690;195;15382;15614;10.57;0.64;250.74;18.71;692;121;5380.00;232
14695;121;628090608;14695;199;15382;15614;10.57;0.64;250.70;18.71;687;121;5381.00;232
14699;121;628090617;14699;199;15384;15617;10.53;0.64;250.68;18.71;685;121;5382.00;233
14700;121;628090627;14700;203;15385;15617;10.50;0.64;250.67;18.71;685;121;5383.00;232
14701;121;628090636;14701;207;15385;15617;10.49;0.64;250.68;18.71;684;121;5384.00;232
14703;121;628090645;14703;212;15385;15617;10.43;0.63;250.67;18.71;682;121;5385.00;232
14703;121;628090654;14703;211;15389;15623;10.39;0.63;250.67;18.70;686;121;5386.00;234
14703;121;628090664;14703;201;15389;15623;10.31;0.63;250.67;18.70;686;121;5387.00;234
14705;121;628090672;14705;191;15390;15623;10.30;0.63;250.66;18.70;685;121;5388.00;233
14705;121;628090681;14705;183;15390;15623;10.30;0.63;250.66;18.70;685;121;5389.00;233
14706;121;628090690;14706;176;15393;15627;10.29;0.63;250.65;18.70;687;121;5390.00;234
14709;121;628090700;14709;172;15394;15628;10.37;0.63;250.63;18.70;685;121;5391.00;234
14711;121;628090710;14711;167;15394;15628;10.42;0.63;250.63;18.70;683;121;5392.00;234
14712;121;628090720;14712;163;15395;15629;10.43;0.63;250.62;18.70;683;121;5393.00;234
14714;121;628090735;14714;160;15395;15629;10.47;0.64;250.66;18.70;681;121;5394.00;234
14716;121;628090745;14716;160;15395;15629;10.49;0.64;250.66;18.70;679;121;5395.00;234
14718;121;628090755;14718;158;15395;15629;10.52;0.64;250.64;18.70;677;121;5396.00;234
14718;121;628090771;14718;154;15395;15629;10.51;0.64;250.64;18.70;677;121;5397.00;234
14719;121;628090780;14719;156;15395;15629;10.48;0.64;250.63;18.70;676;121;5398.00;234
14720;121;628090790;14720;156;15395;15629;10.46;0.64;250.63;18.70;675;121;5399.00;234
