step_arrived;step_collisions;step_duration;step_ended;step_halting;step_inserted;step_loaded;step_meanSpeed;step_meanSpeedRelative;step_meanTravelTime;step_meanWaitingTime;step_running;step_teleports;step_time;step_waiting
0;0;627637783;0;1;87;245;16.27;1.14;-1.00;0.00;87;0;0.00;158
0;0;627637813;0;0;102;245;15.36;1.06;-1.00;0.15;102;0;1.00;143
0;0;627637814;0;1;122;245;14.57;0.99;-1.00;0.45;122;0;2.00;123
0;0;627637815;0;1;137;245;13.40;0.90;-1.00;0.73;137;0;3.00;108
0;0;627637817;0;2;147;245;12.49;0.84;-1.00;0.95;147;0;4.00;98
0;0;627637818;0;5;158;245;11.54;0.77;-1.00;1.23;158;0;5.00;87
0;0;627637820;0;8;165;245;10.87;0.73;-1.00;1.44;165;0;6.00;80
0;0;627637821;0;8;173;245;10.16;0.68;-1.00;1.69;173;0;7.00;72
0;0;627637823;0;13;178;246;9.71;0.65;-1.00;1.87;178;0;8.00;68
0;0;627637825;0;19;184;247;9.40;0.62;-1.00;2.10;184;0;9.00;63
0;0;627637827;0;18;188;247;9.26;0.61;-1.00;2.27;188;0;10.00;59
0;0;627637830;0;21;191;248;9.27;0.61;-1.00;2.32;191;0;11.00;57
1;0;627637832;1;29;198;248;9.09;0.60;12.00;2.66;197;0;12.00;50
1;0;627637835;1;28;199;248;9.17;0.60;12.00;2.71;198;0;13.00;49
1;0;627637837;1;32;205;248;9.20;0.60;12.00;3.04;204;0;14.00;43
1;0;627637839;1;36;208;252;9.40;0.61;12.00;3.08;207;0;15.00;44
1;0;627637843;1;39;212;252;9.32;0.60;12.00;3.33;211;0;16.00;40
1;0;627637846;1;43;218;252;9.17;0.59;12.00;3.64;217;0;17.00;34
2;0;627637854;2;45;222;255;9.30;0.59;15.00;3.82;220;0;18.00;33
2;0;627637857;2;53;225;255;9.37;0.59;15.00;4.02;223;0;19.00;30
2;0;627637860;2;57;229;255;9.47;0.60;15.00;4.30;227;0;20.00;26
3;0;627637863;3;59;237;259;9.61;0.61;17.00;4.46;234;0;21.00;22
4;0;627637867;4;63;240;260;9.73;0.61;18.25;4.60;236;0;22.00;20
4;0;627637870;4;65;244;260;9.72;0.61;18.25;4.90;240;0;23.00;16
5;0;627637873;5;72;252;264;9.56;0.60;19.40;5.11;247;0;24.00;12
5;0;627637877;5;75;253;264;9.54;0.59;19.40;5.19;248;0;25.00;11
6;0;627637880;6;77;254;264;9.49;0.59;20.17;5.27;248;0;26.00;10
6;0;627637883;6;79;258;265;9.48;0.59;20.17;5.43;252;0;27.00;7
6;0;627637886;6;83;258;265;9.48;0.59;20.17;5.43;252;0;28.00;7
6;0;627637890;6;87;264;271;9.25;0.57;20.17;5.44;258;0;29.00;7
6;0;627637894;6;88;264;271;9.12;0.56;20.17;5.44;258;0;30.00;7
7;0;627637897;7;91;267;272;8.86;0.54;21.29;5.52;260;0;31.00;5
7;0;627637906;7;96;268;272;8.80;0.54;21.29;5.52;261;0;32.00;4
8;0;627637910;8;100;268;272;8.74;0.54;22.75;5.52;260;0;33.00;4
8;0;627637913;8;105;268;272;8.76;0.54;22.75;5.52;260;0;34.00;4
9;0;627637916;9;111;268;272;8.76;0.54;23.67;5.52;259;0;35.00;4
10;0;627637919;10;116;280;284;8.90;0.55;24.30;5.28;270;0;36.00;4
10;0;627637923;10;115;280;284;8.95;0.55;24.30;5.28;270;0;37.00;4
10;0;627637926;10;117;280;284;8.90;0.55;24.30;5.28;270;0;38.00;4
11;0;627637929;11;119;280;284;8.81;0.54;25.64;5.28;269;0;39.00;4
12;0;627637932;12;123;280;284;8.66;0.53;26.58;5.28;268;0;40.00;4
13;0;627637936;13;126;280;284;8.52;0.52;26.08;5.28;267;0;41.00;4
14;0;627637939;14;129;284;288;8.31;0.51;26.86;5.22;270;0;42.00;4
15;0;627637942;15;131;284;288;8.02;0.49;27.80;5.22;269;0;43.00;4
15;0;627637946;15;133;287;292;7.84;0.48;27.80;5.18;272;0;44.00;5
16;0;627637949;16;135;289;294;7.69;0.47;28.38;5.14;273;0;45.00;5
17;0;627637952;17;138;290;294;7.62;0.47;29.06;5.13;273;0;46.00;4
17;0;627637955;17;136;290;294;7.63;0.47;29.06;5.13;273;0;47.00;4
17;0;627637958;17;136;302;307;7.92;0.49;29.06;4.93;285;0;48.00;5
17;0;627637962;17;142;302;307;7.76;0.48;29.06;4.93;285;0;49.00;5
17;0;627637967;17;148;302;307;7.67;0.48;29.06;4.93;285;0;50.00;5
18;0;627637971;18;149;303;308;7.67;0.48;30.28;4.92;285;0;51.00;5
19;0;627637974;19;150;304;309;7.56;0.47;31.42;4.90;285;0;52.00;5
19;0;627637977;19;152;304;309;7.47;0.47;31.42;4.90;285;0;53.00;5
19;0;627637980;19;152;306;312;7.52;0.47;31.42;4.87;287;0;54.00;6
19;0;627637983;19;154;306;312;7.44;0.46;31.42;4.87;287;0;55.00;6
20;0;627637986;20;142;307;312;7.45;0.47;31.50;4.86;287;0;56.00;5
22;0;627637989;22;138;307;312;7.43;0.47;32.18;4.86;285;0;57.00;5
23;0;627637992;23;138;312;318;7.49;0.47;33.30;4.80;289;0;58.00;6
24;0;627637996;24;140;312;318;7.52;0.47;34.25;4.80;288;0;59.00;6
25;0;627638000;25;142;313;318;7.67;0.48;35.24;4.80;288;0;60.00;5
26;0;627638004;26;142;313;318;7.67;0.48;36.15;4.80;287;0;61.00;5
27;0;627638007;27;144;317;322;7.73;0.48;36.96;4.75;290;0;62.00;5
27;0;627638010;27;147;318;323;7.92;0.49;36.96;4.73;291;0;63.00;5
29;0;627638013;29;147;318;323;7.97;0.49;36.31;4.73;289;0;64.00;5
29;0;627638016;29;149;319;324;8.08;0.50;36.31;4.72;290;0;65.00;5
30;0;627638019;30;150;319;324;8.12;0.50;37.30;4.72;289;0;66.00;5
31;0;627638023;31;142;319;324;8.12;0.50;38.26;4.72;288;0;67.00;5
32;0;627638026;32;137;319;324;8.12;0.50;39.19;4.72;287;0;68.00;5
33;0;627638030;33;134;319;324;8.15;0.50;40.09;4.72;286;0;69.00;5
33;0;627638033;33;130;319;324;8.16;0.50;40.09;4.72;286;0;70.00;5
35;0;627638036;35;125;319;324;8.21;0.50;41.71;4.72;284;0;71.00;5
35;0;627638039;35;131;356;394;8.40;0.51;41.71;4.23;321;0;72.00;38
36;0;627638047;36;124;357;395;8.54;0.52;42.39;4.22;321;0;73.00;38
37;0;627638051;37;119;363;395;8.92;0.54;43.24;4.18;326;0;74.00;32
37;0;627638054;37;116;368;395;9.37;0.57;43.24;4.17;331;0;75.00;27
38;0;627638057;38;112;373;395;9.66;0.59;44.11;4.17;335;0;76.00;22
38;0;627638073;38;110;376;395;9.80;0.60;44.11;4.17;338;0;77.00;19
39;1;627638077;39;110;378;395;9.85;0.60;44.44;4.18;339;1;78.00;17
40;1;627638105;40;110;378;395;9.78;0.59;44.88;4.18;338;1;79.00;17
42;2;627638109;42;111;380;396;9.85;0.60;46.55;4.18;338;2;80.00;16
42;2;627638124;42;110;381;397;9.92;0.60;46.55;4.17;339;2;81.00;16
43;2;627638128;43;111;382;397;10.05;0.61;47.28;4.19;339;2;82.00;15
43;2;627638132;43;117;386;401;9.92;0.60;47.28;4.16;343;2;83.00;15
43;2;627638136;43;120;386;401;9.93;0.60;47.28;4.16;343;2;84.00;15
44;2;627638139;44;119;386;401;9.93;0.60;47.91;4.16;342;2;85.00;15
44;2;627638143;44;118;386;401;9.92;0.60;47.91;4.16;342;2;86.00;15
45;2;627638147;45;119;390;407;9.86;0.60;48.78;4.12;345;2;87.00;17
45;2;627638151;45;123;390;407;9.78;0.59;48.78;4.12;345;2;88.00;17
46;2;627638155;46;125;391;407;9.71;0.59;49.65;4.12;345;2;89.00;16
49;2;627638160;49;127;394;413;9.59;0.58;52.12;4.09;345;2;90.00;19
50;2;627638165;50;125;395;413;9.55;0.58;52.90;4.08;345;2;91.00;18
51;2;627638168;51;128;395;413;9.57;0.58;53.67;4.08;344;2;92.00;18
53;2;627638172;53;132;397;414;9.58;0.58;55.04;4.07;344;2;93.00;17
56;2;627638176;56;133;398;415;9.48;0.58;57.13;4.06;342;2;94.00;17
57;2;627638180;57;135;399;415;9.50;0.58;57.79;4.07;342;2;95.00;16
58;2;627638183;58;135;409;428;9.38;0.57;58.45;3.97;351;2;96.00;19
59;2;627638188;59;132;410;428;9.40;0.58;59.10;3.96;351;2;97.00;18
63;2;627638193;63;134;410;428;9.37;0.57;60.29;3.96;347;2;98.00;18
64;2;627638197;64;134;411;429;9.43;0.57;60.89;3.95;347;2;99.00;18
64;2;627638202;64;132;411;429;9.54;0.58;60.89;3.95;347;2;100.00;18
65;2;627638210;65;129;413;433;9.58;0.58;61.18;3.93;348;2;101.00;20
65;2;627638215;65;125;413;433;9.62;0.59;61.18;3.93;348;2;102.00;20
65;2;627638219;65;118;418;437;9.59;0.59;61.18;3.90;353;2;103.00;19
66;2;627638223;66;115;419;437;9.63;0.59;61.83;3.97;353;2;104.00;18
67;2;627638229;67;109;419;437;9.73;0.59;62.46;3.97;352;2;105.00;18
67;2;627638233;67;103;419;437;9.93;0.61;62.46;3.97;352;2;106.00;18
68;2;627638238;68;99;419;437;10.03;0.61;63.06;3.97;351;2;107.00;18
68;2;627638242;68;92;429;449;10.25;0.63;63.06;3.88;361;2;108.00;20
68;2;627638248;68;82;430;449;10.41;0.64;63.06;3.87;362;2;109.00;19
71;2;627638253;71;77;431;449;10.54;0.65;65.00;3.87;360;2;110.00;18
71;2;627638258;71;74;431;449;10.65;0.65;65.00;3.87;360;2;111.00;18
71;2;627638263;71;70;431;449;10.78;0.66;65.00;3.87;360;2;112.00;18
72;2;627638268;72;68;431;449;10.90;0.67;65.63;3.87;359;2;113.00;18
74;2;627638273;74;69;432;450;10.94;0.67;66.27;3.86;358;2;114.00;18
77;2;627638278;77;67;432;450;10.95;0.67;68.09;3.86;355;2;115.00;18
78;2;627638284;78;66;437;456;11.02;0.67;68.69;4.09;359;2;116.00;19
78;2;627638289;78;67;439;457;11.19;0.68;68.69;4.08;361;2;117.00;18
78;2;627638295;78;70;439;457;11.31;0.69;68.69;4.08;361;2;118.00;18
79;2;627638300;79;69;442;457;11.41;0.70;69.32;4.53;363;2;119.00;15
79;2;627638308;79;73;446;462;11.50;0.70;69.32;4.49;367;2;120.00;16
80;2;627638320;80;73;449;462;11.52;0.71;69.83;4.95;369;2;121.00;13
83;2;627638326;83;76;449;462;11.56;0.71;70.83;4.95;366;2;122.00;13
83;2;627638332;83;78;450;463;11.69;0.71;70.83;4.94;367;2;123.00;13
83;2;627638338;83;77;455;467;11.58;0.71;70.83;5.17;372;2;124.00;12
86;2;627638344;86;77;456;467;11.55;0.70;72.36;5.27;370;2;125.00;11
86;2;627638351;86;80;461;470;11.51;0.70;72.36;5.62;375;2;126.00;9
88;2;627638358;88;82;463;470;11.56;0.71;73.31;5.68;375;2;127.00;7
90;2;627638364;90;86;464;470;11.69;0.71;73.98;5.79;374;2;128.00;6
91;2;627638371;91;90;465;470;11.70;0.71;74.26;5.84;374;2;129.00;5
94;2;627638376;94;91;469;474;11.70;0.71;75.82;5.95;375;2;130.00;5
94;2;627638383;94;91;470;474;11.74;0.72;75.82;5.94;376;2;131.00;4
94;2;627638390;94;92;472;474;11.81;0.72;75.82;6.00;378;2;132.00;2
95;2;627638397;95;95;472;474;11.82;0.72;76.40;6.00;377;2;133.00;2
97;2;627638403;97;95;474;475;11.74;0.71;77.13;6.06;377;2;134.00;1
98;2;627638409;98;98;476;477;11.68;0.71;76.62;6.03;378;2;135.00;1
98;2;627638415;98;98;477;477;11.65;0.71;76.62;6.05;379;2;136.00;0
99;2;627638421;99;99;478;478;11.67;0.71;77.11;6.04;379;2;137.00;0
101;2;627638428;101;101;478;478;11.61;0.71;77.58;6.04;377;2;138.00;0
103;2;627638434;103;105;478;478;11.58;0.71;78.08;6.04;375;2;139.00;0
107;2;627638440;107;106;478;478;11.56;0.71;79.58;6.04;371;2;140.00;0
107;2;627638446;107;110;478;478;11.58;0.71;79.58;6.04;371;2;141.00;0
109;2;627638452;109;113;478;478;11.53;0.71;80.72;6.04;369;2;142.00;0
111;2;627638458;111;114;478;478;11.49;0.71;81.00;6.04;367;2;143.00;0
112;2;627638466;112;137;554;605;11.06;0.70;81.51;5.22;442;2;144.00;51
116;2;627638487;116;128;561;606;11.08;0.70;82.74;5.17;445;2;145.00;45
118;2;627638495;118;120;569;606;11.14;0.70;83.51;5.12;451;2;146.00;37
120;2;627638505;120;121;571;606;11.09;0.70;83.82;5.12;451;2;147.00;35
120;2;627638515;120;123;574;606;11.09;0.70;83.82;5.11;454;2;148.00;32
121;2;627638523;121;124;579;606;11.07;0.70;84.22;5.11;458;2;149.00;27
123;2;627638531;123;123;584;611;11.11;0.70;85.25;5.12;461;2;150.00;27
127;2;627638540;127;121;586;611;11.03;0.69;87.31;5.12;459;2;151.00;25
128;2;627638546;128;120;590;612;11.13;0.70;87.75;5.14;462;2;152.00;22
129;2;627638553;129;122;592;613;11.13;0.70;87.14;5.16;463;2;153.00;21
133;2;627638568;133;124;596;613;11.13;0.69;87.32;5.18;463;2;154.00;17
133;2;627638575;133;125;598;614;11.10;0.69;87.32;5.18;465;2;155.00;16
133;2;627638581;133;127;601;614;11.09;0.69;87.32;5.20;468;2;156.00;13
134;2;627638588;134;127;602;614;11.03;0.69;87.31;5.22;468;2;157.00;12
135;2;627638595;135;134;604;614;10.97;0.69;87.83;5.25;469;2;158.00;10
137;2;627638601;137;135;607;618;10.89;0.68;88.68;5.23;470;2;159.00;11
140;2;627638608;140;141;608;618;10.84;0.67;89.92;5.25;468;2;160.00;10
140;2;627638615;140;141;609;618;10.72;0.67;89.92;5.26;469;2;161.00;9
143;2;627638621;143;143;612;621;10.68;0.66;90.71;5.26;469;2;162.00;9
145;2;627638628;145;145;612;621;10.54;0.65;91.61;5.26;467;2;163.00;9
148;2;627638634;148;141;613;621;10.48;0.65;91.54;5.29;465;2;164.00;8
148;2;627638642;148;143;616;625;10.35;0.64;91.54;5.27;468;2;165.00;9
150;2;627638648;150;142;618;626;10.25;0.63;92.53;5.28;468;2;166.00;8
154;2;627638655;154;138;618;626;10.11;0.62;92.55;5.28;464;2;167.00;8
157;2;627638662;157;142;623;630;9.88;0.61;93.61;5.28;466;2;168.00;7
160;2;627638668;160;142;624;630;9.78;0.60;94.48;5.27;464;2;169.00;6
162;2;627638674;162;139;624;630;9.67;0.59;95.31;5.27;462;2;170.00;6
164;2;627638680;164;135;626;631;9.60;0.59;96.08;5.30;462;2;171.00;5
164;2;627638686;164;133;627;631;9.65;0.59;96.08;5.33;463;2;172.00;4
164;2;627638692;164;128;631;637;9.77;0.60;96.08;5.30;467;2;173.00;6
165;2;627638698;165;128;631;637;9.84;0.60;96.42;5.30;466;2;174.00;6
168;2;627638705;168;124;634;638;9.79;0.60;96.85;5.33;466;2;175.00;4
171;2;627638717;171;125;635;638;9.81;0.60;97.54;5.36;464;2;176.00;3
171;2;627638724;171;121;636;638;9.86;0.60;97.54;5.38;465;2;177.00;2
171;2;627638730;171;116;637;638;9.96;0.61;97.54;5.38;466;2;178.00;1
171;2;627638736;171;116;637;638;10.00;0.61;97.54;5.38;466;2;179.00;1
171;2;627638744;171;121;668;672;10.01;0.62;97.54;5.14;497;2;180.00;4
171;2;627638753;171;111;669;672;10.08;0.62;97.54;5.13;498;2;181.00;3
171;2;627638759;171;112;669;672;10.18;0.63;97.54;5.13;498;2;182.00;3
171;2;627638766;171;113;670;672;10.15;0.63;97.54;5.13;499;2;183.00;2
172;2;627638773;172;118;670;672;10.12;0.62;98.03;5.13;498;2;184.00;2
173;2;627638780;173;123;671;672;10.09;0.62;98.12;5.13;498;2;185.00;1
175;2;627638792;175;124;675;676;10.10;0.63;98.85;5.11;500;2;186.00;1
176;2;627638799;176;127;676;676;10.01;0.62;98.99;5.11;500;2;187.00;0
177;2;627638806;177;136;679;680;9.93;0.62;98.92;5.09;502;2;188.00;1
180;2;627638813;180;143;680;681;9.78;0.61;99.42;5.08;500;2;189.00;1
184;2;627638819;184;148;680;681;9.64;0.60;100.27;5.08;496;2;190.00;1
187;2;627638826;187;159;681;681;9.43;0.58;100.21;5.08;494;2;191.00;0
190;2;627638833;190;165;694;694;9.34;0.57;100.99;4.99;504;2;192.00;0
194;2;627638841;194;171;694;694;9.18;0.56;100.58;4.99;500;2;193.00;0
195;2;627638848;195;171;694;694;9.09;0.56;100.39;4.99;499;2;194.00;0
201;2;627638853;201;177;695;695;9.07;0.56;100.29;4.98;494;2;195.00;0
204;2;627638861;204;178;696;696;9.05;0.56;100.18;4.97;492;2;196.00;0
207;2;627638868;207;181;696;696;8.99;0.55;99.96;4.97;489;2;197.00;0
208;2;627638874;208;187;698;699;8.97;0.55;100.36;4.96;490;2;198.00;1
209;2;627638880;209;195;699;699;8.90;0.55;100.37;4.95;490;2;199.00;0
211;2;627638888;211;195;699;699;8.79;0.54;99.95;4.95;488;2;200.00;0
212;2;627638898;212;198;699;699;8.65;0.53;100.42;4.95;487;2;201.00;0
214;2;627638905;214;203;704;705;8.59;0.53;100.68;4.93;490;2;202.00;1
215;2;627638912;215;214;704;705;8.51;0.52;101.05;4.93;489;2;203.00;1
217;2;627638918;217;216;705;705;8.38;0.52;100.39;4.92;488;2;204.00;0
219;2;627638924;219;219;705;705;8.20;0.50;99.91;4.92;486;2;205.00;0
221;2;627638931;221;220;709;709;8.15;0.50;100.49;4.90;488;2;206.00;0
223;2;627638938;223;226;710;710;7.99;0.49;101.21;4.89;487;2;207.00;0
224;2;627638944;224;228;710;710;7.79;0.48;101.68;4.89;486;2;208.00;0
225;2;627638950;225;235;711;711;7.65;0.47;101.31;4.89;486;2;209.00;0
226;2;627638958;226;239;711;711;7.60;0.46;101.04;4.89;485;2;210.00;0
226;2;627638965;226;240;711;711;7.56;0.46;101.04;4.89;485;2;211.00;0
226;2;627638972;226;243;711;711;7.48;0.46;101.04;4.89;485;2;212.00;0
226;2;627638978;226;249;711;711;7.44;0.46;101.04;4.89;485;2;213.00;0
226;2;627638989;226;255;711;711;7.43;0.46;101.04;4.89;485;2;214.00;0
230;2;627638995;230;255;711;711;7.34;0.45;100.99;4.89;481;2;215.00;0
231;2;627639001;231;270;753;781;7.55;0.47;101.47;4.62;522;2;216.00;28
233;2;627639020;233;251;755;782;7.56;0.47;101.57;4.61;522;2;217.00;27
234;2;627639027;234;240;763;782;7.73;0.48;102.00;4.58;529;2;218.00;19
235;2;627639034;235;222;765;782;7.85;0.49;102.14;4.58;530;2;219.00;17
237;2;627639040;237;206;770;782;8.07;0.50;102.76;4.57;533;2;220.00;12
238;2;627639047;238;198;774;782;8.28;0.51;102.82;4.57;536;2;221.00;8
241;2;627639054;241;194;778;782;8.44;0.52;104.27;4.58;537;2;222.00;4
244;2;627639062;244;187;780;782;8.57;0.53;105.54;4.59;536;2;223.00;2
244;2;627639069;244;185;782;783;8.74;0.54;105.54;4.59;538;2;224.00;1
247;2;627639084;247;176;784;785;8.84;0.54;106.28;4.58;537;2;225.00;1
248;2;627639099;248;157;785;785;9.02;0.55;106.75;4.58;537;2;226.00;0
250;3;627639108;250;146;789;789;9.17;0.56;107.13;4.56;539;3;227.00;0
250;3;627639130;250;134;789;789;9.39;0.57;107.13;4.56;539;3;228.00;0
252;3;627639138;252;127;789;789;9.59;0.58;107.90;4.56;537;3;229.00;0
255;3;627639147;255;124;789;789;9.73;0.59;108.47;4.56;534;3;230.00;0
256;3;627639155;256;114;794;795;9.86;0.60;108.81;4.54;538;3;231.00;1
256;3;627639164;256;111;794;795;10.08;0.62;108.81;4.54;538;3;232.00;1
257;3;627639173;257;106;795;795;10.40;0.63;108.61;4.54;538;3;233.00;0
258;3;627639182;258;101;797;798;10.68;0.65;108.45;4.53;539;3;234.00;1
260;3;627639191;260;94;798;798;10.95;0.67;108.63;4.52;538;3;235.00;0
261;3;627639199;261;87;798;798;11.17;0.68;108.75;4.52;537;3;236.00;0
262;3;627639207;262;85;799;799;11.32;0.69;109.06;4.52;537;3;237.00;0
266;3;627639216;266;81;800;800;11.42;0.69;110.02;4.51;534;3;238.00;0
266;3;627639225;266;84;800;800;11.55;0.70;110.02;4.51;534;3;239.00;0
268;3;627639235;268;90;824;826;11.38;0.69;110.40;4.38;556;3;240.00;2
270;3;627639245;270;87;825;826;11.48;0.70;110.56;4.38;555;3;241.00;1
271;3;627639253;271;86;826;826;11.63;0.71;110.72;4.38;555;3;242.00;0
274;3;627639261;274;82;827;827;11.71;0.71;111.11;4.37;553;3;243.00;0
274;3;627639269;274;88;827;827;11.74;0.72;111.11;4.37;553;3;244.00;0
277;3;627639278;277;85;830;831;11.83;0.72;111.86;4.36;553;3;245.00;1
280;3;627639294;280;86;830;831;11.84;0.72;112.74;4.36;550;3;246.00;1
284;3;627639303;284;91;835;835;11.84;0.72;113.11;4.34;551;3;247.00;0
285;3;627639312;285;93;835;835;11.91;0.73;113.32;4.34;550;3;248.00;0
288;3;627639325;288;98;835;835;11.94;0.73;113.69;4.34;547;3;249.00;0
291;3;627639334;291;97;835;835;11.97;0.73;114.20;4.34;544;3;250.00;0
293;3;627639342;293;99;835;835;11.97;0.73;114.29;4.34;542;3;251.00;0
295;3;627639356;295;99;845;847;11.95;0.73;114.65;4.29;550;3;252.00;2
297;3;627639365;297;100;845;847;11.98;0.73;114.68;4.29;548;3;253.00;2
299;3;627639373;299;104;847;847;12.06;0.73;115.41;4.28;548;3;254.00;0
300;3;627639381;300;101;847;847;12.10;0.74;115.40;4.28;547;3;255.00;0
302;3;627639388;302;100;847;847;12.17;0.74;115.83;4.28;545;3;256.00;0
304;3;627639395;304;103;847;847;12.22;0.74;115.85;4.28;543;3;257.00;0
306;3;627639404;306;106;848;848;12.27;0.75;116.20;4.28;542;3;258.00;0
308;3;627639413;308;109;848;848;12.23;0.74;116.23;4.28;540;3;259.00;0
310;3;627639420;310;109;853;854;12.21;0.74;117.09;4.26;543;3;260.00;1
312;3;627639429;312;112;854;855;12.31;0.75;117.80;4.26;542;3;261.00;1
316;3;627639437;316;112;855;855;12.35;0.75;118.57;4.25;539;3;262.00;0
318;3;627639445;318;110;855;855;12.33;0.75;118.95;4.25;537;3;263.00;0
318;3;627639452;318;112;859;859;12.31;0.75;118.95;4.24;541;3;264.00;0
319;3;627639460;319;114;859;859;12.36;0.75;118.96;4.24;540;3;265.00;0
321;3;627639468;321;117;859;859;12.41;0.75;119.09;4.24;538;3;266.00;0
322;3;627639476;322;120;860;860;12.49;0.76;119.46;4.23;538;3;267.00;0
326;3;627639484;326;120;864;864;12.40;0.75;120.07;4.22;538;3;268.00;0
328;3;627639492;328;114;864;864;12.40;0.75;119.95;4.22;536;3;269.00;0
336;3;627639508;336;111;867;870;12.34;0.75;121.35;4.20;531;3;270.00;3
339;3;627639518;339;109;867;870;12.30;0.74;121.60;4.20;528;3;271.00;3
341;3;627639526;341;102;868;870;12.28;0.74;122.46;4.20;527;3;272.00;2
343;3;627639534;343;98;868;870;12.33;0.75;122.64;4.20;525;3;273.00;2
346;3;627639541;346;97;871;874;12.44;0.75;123.53;4.19;525;3;274.00;3
349;3;627639549;349;90;871;874;12.58;0.76;123.66;4.19;522;3;275.00;3
349;3;627639557;349;88;872;874;12.72;0.77;123.66;4.19;523;3;276.00;2
351;3;627639565;351;84;872;874;12.84;0.78;124.28;4.19;521;3;277.00;2
354;3;627639573;354;80;874;875;12.89;0.78;124.71;4.19;520;3;278.00;1
358;3;627639580;358;76;875;876;13.04;0.79;125.20;4.19;517;3;279.00;1
362;3;627639588;362;71;876;876;13.15;0.80;125.02;4.19;514;3;280.00;0
364;3;627639598;364;70;877;877;13.28;0.81;125.20;4.19;513;3;281.00;0
365;3;627639605;365;67;877;877;13.39;0.81;125.04;4.19;512;3;282.00;0
365;3;627639614;365;71;877;877;13.46;0.82;125.04;4.19;512;3;283.00;0
368;3;627639631;368;69;877;877;13.48;0.82;125.44;4.19;509;3;284.00;0
370;3;627639641;370;71;877;877;13.45;0.82;125.51;4.19;507;3;285.00;0
372;4;627639649;372;73;877;877;13.44;0.81;125.60;4.19;505;4;286.00;0
372;4;627639679;372;75;877;877;13.42;0.81;125.60;4.19;505;4;287.00;0
373;4;627639691;373;98;948;1004;12.81;0.79;125.64;3.88;575;4;288.00;56
375;4;627639719;375;87;952;1005;12.72;0.79;126.01;3.86;577;4;289.00;53
376;4;627639732;376;85;960;1005;12.71;0.78;126.44;3.85;584;4;290.00;45
376;4;627639744;376;85;966;1005;12.72;0.79;126.44;3.84;590;4;291.00;39
376;4;627639755;376;88;971;1005;12.73;0.79;126.44;3.84;595;4;292.00;34
377;4;627639768;377;91;976;1005;12.68;0.78;126.82;3.85;599;4;293.00;29
378;4;627639785;378;92;981;1005;12.66;0.78;127.02;3.86;603;4;294.00;24
381;4;627639793;381;91;984;1005;12.63;0.78;126.83;3.87;603;4;295.00;21
386;4;627639804;386;91;986;1006;12.61;0.77;126.77;3.88;600;4;296.00;20
388;4;627639814;388;94;988;1007;12.60;0.77;126.47;3.88;600;4;297.00;19
391;4;627639829;391;97;990;1007;12.58;0.77;126.73;3.89;599;4;298.00;17
392;4;627639845;392;102;991;1008;12.49;0.77;126.80;3.90;599;4;299.00;17
395;4;627639858;395;110;995;1014;12.41;0.76;126.78;3.92;600;4;300.00;19
397;4;627639873;397;113;997;1014;12.26;0.75;127.59;3.94;600;4;301.00;17
399;4;627639882;399;121;998;1014;12.03;0.74;128.05;3.95;599;4;302.00;16
401;4;627639891;401;129;1002;1018;11.87;0.73;128.25;3.97;601;4;303.00;16
403;4;627639907;403;134;1004;1018;11.71;0.72;128.98;3.99;601;4;304.00;14
404;4;627639915;404;147;1006;1018;11.56;0.71;129.05;4.01;602;4;305.00;12
405;4;627639930;405;151;1010;1021;11.47;0.71;129.01;4.02;605;4;306.00;11
408;4;627639940;408;155;1011;1021;11.31;0.70;129.63;4.02;603;4;307.00;10
410;4;627639948;410;162;1012;1021;11.15;0.69;129.91;4.02;602;4;308.00;9
413;4;627639957;413;167;1015;1025;10.90;0.67;130.13;4.01;602;4;309.00;10
414;4;627639966;414;173;1016;1026;10.66;0.66;130.30;4.01;602;4;310.00;10
414;4;627639975;414;181;1017;1026;10.44;0.64;130.30;4.02;603;4;311.00;9
417;4;627639984;417;182;1021;1030;10.26;0.63;130.92;4.00;604;4;312.00;9
422;4;627639992;422;189;1021;1030;10.17;0.63;130.83;4.00;599;4;313.00;9
423;4;627640001;423;195;1022;1030;10.09;0.63;130.86;4.01;599;4;314.00;8
425;4;627640010;425;195;1024;1032;9.97;0.62;131.15;4.00;599;4;315.00;8
427;4;627640019;427;201;1024;1032;9.86;0.61;131.30;4.00;597;4;316.00;8
430;4;627640028;430;202;1028;1038;9.84;0.61;131.63;3.99;598;4;317.00;10
432;4;627640039;432;204;1028;1038;9.71;0.60;131.90;3.99;596;4;318.00;10
434;4;627640046;434;204;1029;1039;9.64;0.60;132.43;3.99;595;4;319.00;10
439;4;627640053;439;209;1032;1039;9.51;0.59;132.99;4.06;593;4;320.00;7
441;4;627640063;441;208;1032;1039;9.43;0.58;133.13;4.06;591;4;321.00;7
445;4;627640071;445;211;1032;1039;9.36;0.58;133.71;4.06;587;4;322.00;7
449;4;627640079;449;207;1036;1039;9.26;0.57;133.93;4.13;587;4;323.00;3
451;4;627640086;451;207;1049;1051;9.28;0.57;134.57;4.11;598;4;324.00;2
457;4;627640096;457;208;1049;1051;9.22;0.57;135.00;4.11;592;4;325.00;2
457;4;627640104;457;206;1050;1051;9.15;0.56;135.00;4.11;593;4;326.00;1
457;4;627640111;457;209;1050;1051;9.17;0.57;135.00;4.11;593;4;327.00;1
460;4;627640118;460;212;1051;1051;9.18;0.57;135.59;4.11;591;4;328.00;0
461;4;627640126;461;214;1051;1051;9.17;0.57;135.69;4.11;590;4;329.00;0
463;4;627640134;463;219;1055;1055;9.16;0.56;135.73;4.10;592;4;330.00;0
465;4;627640142;465;217;1055;1055;9.12;0.56;135.76;4.10;590;4;331.00;0
470;4;627640149;470;219;1058;1059;9.14;0.56;135.68;4.09;588;4;332.00;1
473;4;627640157;473;224;1059;1060;8.97;0.55;136.21;4.09;586;4;333.00;1
474;4;627640170;474;226;1060;1060;8.91;0.55;136.60;4.09;586;4;334.00;0
479;4;627640177;479;225;1060;1060;8.68;0.53;137.26;4.09;581;4;335.00;0
484;4;627640184;484;230;1072;1073;8.49;0.52;137.97;4.04;588;4;336.00;1
488;4;627640192;488;232;1073;1073;8.34;0.51;138.56;4.04;585;4;337.00;0
492;4;627640198;492;236;1073;1073;8.09;0.50;139.39;4.04;581;4;338.00;0
497;4;627640204;497;241;1074;1074;7.85;0.48;140.07;4.04;577;4;339.00;0
499;4;627640210;499;231;1075;1075;7.70;0.48;140.34;4.03;576;4;340.00;0
501;4;627640218;501;231;1075;1075;7.54;0.47;141.14;4.03;574;4;341.00;0
505;4;627640224;505;224;1077;1078;7.43;0.46;141.57;4.03;572;4;342.00;1
509;4;627640230;509;227;1078;1078;7.41;0.46;142.24;4.02;569;4;343.00;0
513;4;627640236;513;230;1078;1078;7.33;0.46;142.85;4.02;565;4;344.00;0
515;4;627640248;515;235;1078;1078;7.36;0.46;143.19;4.02;563;4;345.00;0
522;4;627640254;522;231;1083;1084;7.34;0.46;143.72;4.01;561;4;346.00;1
525;4;627640261;525;227;1083;1084;7.26;0.45;144.26;4.01;558;4;347.00;1
529;4;627640268;529;226;1084;1084;7.21;0.45;145.13;4.01;555;4;348.00;0
531;4;627640275;531;228;1084;1084;7.17;0.44;145.08;4.01;553;4;349.00;0
534;4;627640280;534;232;1088;1088;7.20;0.44;145.13;4.00;554;4;350.00;0
538;4;627640287;538;228;1089;1089;7.20;0.44;145.06;3.99;551;4;351.00;0
540;4;627640294;540;223;1089;1089;7.25;0.45;144.76;3.99;549;4;352.00;0
542;4;627640300;542;222;1090;1090;7.32;0.45;144.87;3.99;548;4;353.00;0
544;4;627640306;544;224;1090;1090;7.26;0.45;144.65;3.99;546;4;354.00;0
550;4;627640313;550;220;1090;1090;7.12;0.44;144.49;3.99;540;4;355.00;0
553;4;627640320;553;226;1090;1090;7.07;0.43;144.16;3.99;537;4;356.00;0
555;4;627640326;555;225;1090;1090;7.05;0.43;143.96;3.99;535;4;357.00;0
558;4;627640332;558;230;1090;1090;7.05;0.43;143.95;3.99;532;4;358.00;0
560;4;627640339;560;233;1090;1090;7.03;0.43;143.84;3.99;530;4;359.00;0
561;4;627640347;561;250;1157;1215;7.44;0.46;143.97;3.76;596;4;360.00;58
563;4;627640364;563;242;1164;1216;7.44;0.46;143.89;3.74;601;4;361.00;52
563;4;627640377;563;234;1176;1216;7.61;0.47;143.89;3.72;613;4;362.00;40
565;4;627640384;565;231;1180;1216;7.65;0.47;143.73;3.72;615;4;363.00;36
566;4;627640391;566;237;1188;1216;7.72;0.48;143.53;3.72;622;4;364.00;28
567;4;627640399;567;238;1192;1216;7.77;0.48;143.51;3.73;625;4;365.00;24
568;4;627640406;568;241;1198;1216;7.84;0.48;143.64;3.74;630;4;366.00;18
569;4;627640413;569;248;1201;1216;7.79;0.48;143.74;3.75;632;4;367.00;15
570;4;627640427;570;253;1205;1217;7.70;0.47;143.80;3.76;635;4;368.00;12
570;4;627640435;570;257;1207;1218;7.61;0.47;143.80;3.76;637;4;369.00;11
571;4;627640443;571;266;1209;1218;7.46;0.46;143.77;3.78;638;4;370.00;9
574;4;627640450;574;252;1215;1222;7.38;0.45;143.47;3.78;641;4;371.00;7
576;4;627640459;576;244;1218;1222;7.43;0.46;143.45;3.79;642;4;372.00;4
576;4;627640467;576;244;1218;1222;7.46;0.46;143.45;3.79;642;4;373.00;4
578;4;627640476;578;237;1219;1222;7.54;0.46;143.51;3.80;641;4;374.00;3
578;4;627640484;578;230;1224;1228;7.61;0.47;143.51;3.80;646;4;375.00;4
578;4;627640493;578;233;1225;1228;7.68;0.47;143.51;3.81;647;4;376.00;3
579;5;627640508;579;232;1226;1228;7.77;0.48;143.72;3.81;647;5;377.00;2
580;5;627640528;580;220;1228;1231;7.87;0.48;143.87;3.80;648;5;378.00;3
580;5;627640538;580;225;1230;1231;7.99;0.49;143.87;3.82;650;5;379.00;1
580;5;627640552;580;226;1231;1231;8.06;0.49;143.87;3.81;651;5;380.00;0
581;5;627640566;581;225;1232;1232;8.18;0.50;143.70;3.81;651;5;381.00;0
583;5;627640575;583;225;1233;1233;8.30;0.51;143.47;3.81;650;5;382.00;0
583;5;627640583;583;223;1233;1233;8.40;0.51;143.47;3.81;650;5;383.00;0
585;5;627640593;585;228;1246;1246;8.56;0.52;143.18;3.77;661;5;384.00;0
585;5;627640603;585;229;1246;1246;8.61;0.52;143.18;3.77;661;5;385.00;0
589;5;627640612;589;228;1246;1246;8.63;0.52;143.66;3.77;657;5;386.00;0
591;5;627640621;591;220;1247;1247;8.67;0.53;143.51;3.77;656;5;387.00;0
591;5;627640636;591;215;1247;1247;8.81;0.53;143.51;3.77;656;5;388.00;0
592;5;627640646;592;208;1250;1251;8.89;0.54;143.31;3.76;658;5;389.00;1
592;5;627640659;592;198;1251;1251;8.95;0.54;143.31;3.76;659;5;390.00;0
593;5;627640669;593;193;1255;1255;9.05;0.55;143.48;3.75;662;5;391.00;0
596;5;627640678;596;188;1255;1255;9.13;0.55;144.14;3.75;659;5;392.00;0
597;5;627640688;597;186;1255;1255;9.22;0.56;143.95;3.75;658;5;393.00;0
599;5;627640698;599;176;1255;1255;9.35;0.57;144.01;3.75;656;5;394.00;0
600;5;627640708;600;178;1255;1255;9.51;0.58;144.19;3.75;655;5;395.00;0
601;5;627640724;601;163;1265;1267;9.71;0.59;144.36;3.72;664;5;396.00;2
603;5;627640735;603;146;1266;1267;9.97;0.61;144.58;3.72;663;5;397.00;1
603;5;627640745;603;129;1267;1267;10.19;0.62;144.58;3.72;664;5;398.00;0
605;5;627640755;605;117;1267;1267;10.40;0.64;144.98;3.72;662;5;399.00;0
609;5;627640767;609;104;1267;1267;10.60;0.65;145.49;3.72;658;5;400.00;0
610;5;627640783;610;96;1267;1267;10.73;0.66;145.87;3.72;657;5;401.00;0
615;5;627640793;615;92;1268;1268;10.89;0.66;145.66;3.71;653;5;402.00;0
617;5;627640804;617;87;1268;1268;11.12;0.68;146.40;3.71;651;5;403.00;0
623;5;627640815;623;86;1273;1274;11.27;0.69;147.25;3.70;650;5;404.00;1
625;5;627640826;625;90;1276;1276;11.51;0.70;147.82;3.70;651;5;405.00;0
627;5;627640837;627;93;1276;1276;11.70;0.71;148.08;3.70;649;5;406.00;0
629;5;627640847;629;90;1276;1276;11.85;0.72;148.74;3.70;647;5;407.00;0
630;5;627640857;630;93;1280;1280;11.97;0.73;149.04;3.69;650;5;408.00;0
635;5;627640867;635;94;1280;1280;12.10;0.74;149.54;3.69;645;5;409.00;0
638;5;627640877;638;94;1280;1280;12.13;0.74;149.87;3.69;642;5;410.00;0
642;5;627640887;642;95;1281;1281;12.21;0.74;150.77;3.68;639;5;411.00;0
644;5;627640897;644;97;1285;1285;12.18;0.74;150.88;3.67;641;5;412.00;0
646;5;627640907;646;102;1285;1285;12.29;0.75;151.06;3.67;639;5;413.00;0
650;5;627640916;650;99;1287;1288;12.41;0.75;152.11;3.67;637;5;414.00;1
652;5;627640927;652;99;1287;1288;12.50;0.76;152.20;3.67;635;5;415.00;1
656;5;627640942;656;98;1288;1288;12.60;0.77;152.64;3.67;632;5;416.00;0
659;6;627640952;659;96;1288;1288;12.67;0.77;153.27;3.67;629;6;417.00;0
662;6;627640980;662;97;1291;1292;12.70;0.77;153.70;3.66;629;6;418.00;1
665;7;627640990;665;96;1291;1292;12.65;0.77;154.25;3.66;626;7;419.00;1
670;7;627641012;670;97;1292;1292;12.62;0.77;154.90;3.66;622;7;420.00;0
671;7;627641021;671;97;1292;1292;12.64;0.77;154.90;3.66;621;7;421.00;0
677;7;627641035;677;95;1293;1293;12.52;0.76;154.73;3.66;616;7;422.00;0
680;7;627641044;680;94;1294;1294;12.61;0.77;155.21;3.66;614;7;423.00;0
683;7;627641054;683;93;1294;1294;12.60;0.77;155.52;3.66;611;7;424.00;0
687;7;627641063;687;93;1295;1295;12.67;0.77;156.16;3.65;608;7;425.00;0
692;7;627641072;692;94;1295;1295;12.72;0.78;156.66;3.65;603;7;426.00;0
693;7;627641080;693;92;1295;1295;12.76;0.78;156.84;3.65;602;7;427.00;0
699;7;627641089;699;92;1295;1295;12.80;0.78;157.83;3.65;596;7;428.00;0
704;8;627641098;704;91;1295;1295;12.79;0.78;158.96;3.65;591;8;429.00;0
704;8;627641121;704;93;1295;1295;12.93;0.78;158.96;3.65;591;8;430.00;0
706;8;627641129;706;95;1295;1295;12.94;0.79;159.21;3.65;589;8;431.00;0
710;8;627641137;710;129;1374;1422;12.04;0.74;159.48;3.45;664;8;432.00;48
713;8;627641156;713;112;1374;1423;12.16;0.75;159.47;3.45;661;8;433.00;49
715;8;627641165;715;100;1380;1423;12.34;0.76;159.66;3.44;665;8;434.00;43
716;8;627641174;716;97;1383;1423;12.41;0.76;159.69;3.44;667;8;435.00;40
721;8;627641182;721;97;1389;1423;12.50;0.77;160.02;3.44;668;8;436.00;34
722;8;627641191;722;102;1392;1423;12.50;0.77;159.90;3.44;670;8;437.00;31
723;8;627641200;723;105;1398;1423;12.54;0.77;160.09;3.46;675;8;438.00;25
727;8;627641209;727;107;1400;1423;12.50;0.76;160.40;3.46;673;8;439.00;23
730;8;627641223;730;110;1404;1424;12.57;0.77;160.36;3.47;674;8;440.00;20
732;8;627641237;732;110;1406;1425;12.55;0.77;160.63;3.48;674;8;441.00;19
739;8;627641253;739;110;1409;1425;12.53;0.77;161.12;3.49;670;8;442.00;16
741;8;627641272;741;107;1411;1426;12.49;0.76;161.47;3.50;670;8;443.00;15
748;8;627641281;748;108;1413;1426;12.53;0.76;161.97;3.51;665;8;444.00;13
750;8;627641291;750;106;1416;1426;12.52;0.76;162.04;3.53;666;8;445.00;10
751;8;627641301;751;104;1418;1426;12.52;0.76;161.91;3.55;667;8;446.00;8
755;8;627641310;755;103;1420;1430;12.49;0.76;162.25;3.55;665;8;447.00;10
758;8;627641320;758;102;1421;1430;12.42;0.76;162.44;3.56;663;8;448.00;9
759;8;627641330;759;103;1421;1430;12.36;0.75;162.34;3.56;662;8;449.00;9
760;8;627641350;760;107;1425;1436;12.40;0.75;162.34;3.56;665;8;450.00;11
763;8;627641360;763;107;1426;1436;12.43;0.76;163.07;3.56;663;8;451.00;10
768;8;627641374;768;111;1426;1436;12.48;0.76;163.51;3.56;658;8;452.00;10
769;8;627641384;769;114;1430;1440;12.46;0.76;163.82;3.56;661;8;453.00;10
769;8;627641393;769;113;1432;1441;12.57;0.77;163.82;3.56;663;8;454.00;9
773;8;627641403;773;117;1432;1441;12.62;0.77;163.76;3.56;659;8;455.00;9
775;8;627641414;775;118;1435;1445;12.66;0.77;163.86;3.55;660;8;456.00;10
779;8;627641426;779;116;1437;1445;12.64;0.77;163.67;3.57;658;8;457.00;8
782;8;627641438;782;119;1437;1445;12.68;0.77;164.05;3.57;655;8;458.00;8
784;8;627641449;784;123;1438;1446;12.70;0.78;163.88;3.57;654;8;459.00;8
784;8;627641463;784;126;1440;1446;12.58;0.77;163.88;3.59;656;8;460.00;6
788;8;627641483;788;130;1444;1452;12.45;0.76;163.92;3.58;656;8;461.00;8
790;8;627641495;790;133;1445;1452;12.20;0.74;163.83;3.60;655;8;462.00;7
792;8;627641504;792;134;1446;1453;11.96;0.73;163.73;3.60;654;8;463.00;7
793;9;627641514;793;137;1447;1453;11.74;0.72;163.84;3.62;654;9;464.00;6
796;9;627641535;796;136;1447;1453;11.54;0.70;163.62;3.62;651;9;465.00;6
801;9;627641545;801;141;1448;1453;11.35;0.69;163.82;3.63;647;9;466.00;5
803;9;627641554;803;154;1448;1453;11.27;0.69;163.81;3.63;645;9;467.00;5
805;9;627641563;805;155;1457;1465;11.30;0.69;163.66;3.60;652;9;468.00;8
809;9;627641573;809;162;1457;1465;11.32;0.69;163.46;3.60;648;9;469.00;8
811;9;627641582;811;166;1461;1465;11.30;0.69;163.51;3.62;650;9;470.00;4
812;9;627641593;812;173;1461;1465;11.32;0.69;163.53;3.62;649;9;471.00;4
814;9;627641601;814;171;1461;1465;11.30;0.69;163.40;3.62;647;9;472.00;4
817;9;627641611;817;175;1462;1465;11.18;0.68;163.69;3.63;645;9;473.00;3
817;9;627641620;817;182;1465;1469;11.06;0.67;163.69;3.63;648;9;474.00;4
818;9;627641629;818;190;1465;1469;10.98;0.67;163.88;3.63;647;9;475.00;4
821;9;627641638;821;193;1470;1473;10.85;0.66;163.90;3.64;649;9;476.00;3
826;9;627641663;826;199;1472;1474;10.70;0.65;163.75;3.64;646;9;477.00;2
831;9;627641684;831;204;1474;1474;10.50;0.64;163.98;3.64;643;9;478.00;0
831;9;627641698;831;210;1474;1474;10.32;0.63;163.98;3.64;643;9;479.00;0
835;9;627641715;835;222;1493;1500;10.08;0.61;163.67;3.60;658;9;480.00;7
835;9;627641731;835;224;1495;1500;9.93;0.60;163.67;3.59;660;9;481.00;5
837;9;627641743;837;228;1498;1500;9.85;0.60;163.79;3.59;661;9;482.00;2
837;9;627641756;837;231;1500;1501;9.75;0.60;163.79;3.59;663;9;483.00;1
837;9;627641769;837;240;1502;1502;9.67;0.59;163.79;3.59;665;9;484.00;0
838;9;627641787;838;243;1502;1502;9.52;0.58;163.79;3.59;664;9;485.00;0
838;9;627641803;838;242;1504;1505;9.42;0.58;163.79;3.58;666;9;486.00;1
840;9;627641817;840;248;1504;1505;9.23;0.57;163.77;3.58;664;9;487.00;1
840;9;627641838;840;254;1505;1505;9.07;0.56;163.77;3.58;665;9;488.00;0
842;9;627641860;842;253;1505;1505;8.94;0.55;163.59;3.58;663;9;489.00;0
846;9;627641883;846;255;1510;1511;8.86;0.55;163.33;3.57;664;9;490.00;1
848;9;627641903;848;255;1510;1511;8.77;0.54;163.30;3.57;662;9;491.00;1
849;9;627641914;849;258;1511;1511;8.67;0.53;163.34;3.57;662;9;492.00;0
850;9;627641924;850;260;1511;1511;8.61;0.53;163.35;3.57;661;9;493.00;0
850;9;627641935;850;262;1515;1515;8.47;0.52;163.35;3.57;665;9;494.00;0
852;9;627641944;852;265;1517;1517;8.36;0.51;163.35;3.56;665;9;495.00;0
854;9;627641955;854;267;1517;1517;8.29;0.51;163.12;3.56;663;9;496.00;0
859;9;627641966;859;271;1518;1518;8.13;0.50;163.23;3.56;659;9;497.00;0
864;9;627641977;864;273;1518;1518;8.02;0.49;162.85;3.56;654;9;498.00;0
867;9;627641987;867;275;1518;1518;7.90;0.48;163.00;3.56;651;9;499.00;0
870;9;627641998;870;277;1518;1518;7.78;0.48;162.84;3.56;648;9;500.00;0
872;9;627642015;872;279;1518;1518;7.62;0.47;162.62;3.56;646;9;501.00;0
874;9;627642024;874;280;1518;1518;7.51;0.46;162.56;3.56;644;9;502.00;0
877;9;627642033;877;279;1518;1518;7.31;0.45;162.74;3.56;641;9;503.00;0
881;9;627642041;881;289;1554;1588;7.49;0.46;162.71;3.48;673;9;504.00;34
884;9;627642057;884;283;1555;1589;7.36;0.45;162.94;3.48;671;9;505.00;34
887;9;627642067;887;288;1566;1589;7.38;0.45;163.08;3.46;679;9;506.00;23
889;9;627642078;889;285;1570;1589;7.31;0.45;163.31;3.46;681;9;507.00;19
891;9;627642092;891;290;1577;1589;7.24;0.45;163.83;3.47;686;9;508.00;12
893;9;627642102;893;292;1580;1589;7.11;0.44;164.27;3.47;687;9;509.00;9
894;9;627642116;894;294;1584;1589;7.05;0.43;164.58;3.48;690;9;510.00;5
896;9;627642126;896;290;1586;1589;6.96;0.43;164.81;3.48;690;9;511.00;3
899;9;627642146;899;286;1588;1590;6.88;0.42;165.42;3.49;689;9;512.00;2
902;9;627642158;902;282;1591;1591;6.84;0.42;165.80;3.49;689;9;513.00;0
905;9;627642168;905;282;1591;1591;6.81;0.42;166.42;3.49;686;9;514.00;0
910;9;627642178;910;279;1595;1595;6.77;0.42;166.75;3.48;685;9;515.00;0
914;9;627642189;914;282;1595;1595;6.78;0.42;167.18;3.48;681;9;516.00;0
918;9;627642200;918;277;1595;1595;6.80;0.42;167.53;3.48;677;9;517.00;0
919;9;627642213;919;273;1595;1595;6.82;0.42;167.75;3.48;676;9;518.00;0
922;9;627642223;922;274;1600;1601;6.91;0.42;168.27;3.47;678;9;519.00;1
926;9;627642234;926;278;1601;1601;6.99;0.43;168.94;3.47;675;9;520.00;0
929;9;627642243;929;272;1601;1601;6.99;0.43;168.94;3.47;672;9;521.00;0
932;9;627642253;932;276;1603;1604;7.04;0.43;169.44;3.47;671;9;522.00;1
934;9;627642264;934;262;1603;1604;7.10;0.44;169.66;3.47;669;9;523.00;1
940;9;627642274;940;252;1604;1604;7.19;0.44;170.09;3.47;664;9;524.00;0
944;9;627642286;944;246;1605;1605;7.26;0.45;170.26;3.46;661;9;525.00;0
948;9;627642296;948;235;1606;1606;7.41;0.45;170.29;3.46;658;9;526.00;0
951;9;627642306;951;225;1606;1606;7.51;0.46;170.62;3.46;655;9;527.00;0
956;10;627642317;956;221;1619;1619;7.66;0.47;170.98;3.43;663;10;528.00;0
958;10;627642343;958;221;1619;1619;7.74;0.47;171.35;3.43;661;10;529.00;0
960;10;627642360;960;215;1619;1619;7.90;0.48;171.63;3.43;659;10;530.00;0
963;10;627642372;963;214;1620;1620;8.03;0.49;171.88;3.43;657;10;531.00;0
966;10;627642384;966;208;1620;1620;8.15;0.50;172.09;3.43;654;10;532.00;0
969;10;627642396;969;204;1623;1624;8.26;0.51;172.47;3.43;654;10;533.00;1
972;10;627642416;972;197;1623;1624;8.37;0.51;172.55;3.43;651;10;534.00;1
977;10;627642427;977;197;1628;1628;8.51;0.52;172.70;3.42;651;10;535.00;0
980;10;627642443;980;196;1628;1628;8.57;0.52;172.75;3.42;648;10;536.00;0
985;10;627642455;985;195;1628;1628;8.61;0.53;172.78;3.42;643;10;537.00;0
988;10;627642470;988;196;1628;1628;8.66;0.53;173.06;3.42;640;10;538.00;0
994;10;627642480;994;199;1628;1628;8.61;0.52;173.43;3.42;634;10;539.00;0
997;10;627642495;997;201;1657;1662;8.72;0.53;173.50;3.36;660;10;540.00;5
999;10;627642511;999;198;1657;1662;8.75;0.54;173.30;3.36;658;10;541.00;5
1000;10;627642522;1000;196;1659;1662;8.80;0.54;173.24;3.36;659;10;542.00;3
1002;10;627642534;1002;194;1659;1662;8.86;0.54;173.40;3.36;657;10;543.00;3
1003;10;627642545;1003;196;1660;1662;9.00;0.55;173.54;3.36;657;10;544.00;2
1005;10;627642557;1005;193;1660;1662;9.06;0.55;173.58;3.36;655;10;545.00;2
1010;10;627642568;1010;192;1662;1663;9.12;0.56;173.50;3.36;652;10;546.00;1
1012;10;627642579;1012;186;1662;1663;9.13;0.56;173.43;3.36;650;10;547.00;1
1015;10;627642592;1015;185;1667;1669;9.07;0.55;173.53;3.36;652;10;548.00;2
1016;10;627642605;1016;186;1668;1670;9.09;0.55;173.48;3.36;652;10;549.00;2
1019;10;627642617;1019;190;1669;1670;9.13;0.56;173.62;3.36;650;10;550.00;1
1020;10;627642628;1020;189;1669;1670;9.19;0.56;173.73;3.36;649;10;551.00;1
1021;10;627642640;1021;192;1674;1674;9.26;0.56;173.68;3.35;653;10;552.00;0
1024;10;627642653;1024;193;1674;1674;9.30;0.57;173.54;3.35;650;10;553.00;0
1029;10;627642664;1029;197;1674;1674;9.33;0.57;173.64;3.35;645;10;554.00;0
1032;10;627642676;1032;198;1675;1675;9.34;0.57;173.79;3.35;643;10;555.00;0
1035;10;627642688;1035;198;1679;1679;9.43;0.57;173.78;3.34;644;10;556.00;0
1038;10;627642700;1038;189;1679;1679;9.47;0.58;174.36;3.34;641;10;557.00;0
1043;10;627642712;1043;182;1681;1682;9.62;0.59;175.05;3.34;638;10;558.00;1
1046;10;627642724;1046;182;1681;1682;9.72;0.59;174.94;3.34;635;10;559.00;1
1050;10;627642736;1050;169;1682;1682;9.82;0.60;175.36;3.34;632;10;560.00;0
1053;10;627642747;1053;165;1682;1682;9.96;0.60;175.85;3.34;629;10;561.00;0
1055;10;627642764;1055;164;1685;1686;10.12;0.61;176.00;3.33;630;10;562.00;1
1057;10;627642776;1057;162;1685;1686;10.28;0.62;176.11;3.33;628;10;563.00;1
1062;10;627642788;1062;157;1686;1686;10.41;0.63;176.66;3.33;624;10;564.00;0
1063;10;627642798;1063;153;1686;1686;10.60;0.64;176.90;3.33;623;10;565.00;0
1064;10;627642810;1064;133;1687;1687;10.65;0.65;176.93;3.33;623;10;566.00;0
1067;10;627642821;1067;121;1688;1688;10.75;0.65;177.36;3.33;621;10;567.00;0
1068;10;627642834;1068;109;1688;1688;10.83;0.66;177.60;3.33;620;10;568.00;0
1071;10;627642847;1071;101;1689;1689;10.99;0.67;178.06;3.33;618;10;569.00;0
1074;10;627642861;1074;98;1689;1689;11.21;0.68;178.24;3.33;615;10;570.00;0
1079;10;627642874;1079;94;1689;1689;11.36;0.69;179.00;3.33;610;10;571.00;0
1080;10;627642890;1080;89;1689;1689;11.54;0.70;179.15;3.33;609;10;572.00;0
1086;10;627642901;1086;92;1689;1689;11.69;0.71;179.53;3.33;603;10;573.00;0
1087;10;627642917;1087;90;1689;1689;11.88;0.72;179.70;3.33;602;10;574.00;0
1089;10;627642929;1089;90;1689;1689;12.01;0.73;179.71;3.33;600;10;575.00;0
1093;10;627642939;1093;117;1770;1816;11.75;0.72;179.82;3.18;677;10;576.00;46
1094;10;627642963;1094;100;1773;1817;11.81;0.73;180.07;3.17;679;10;577.00;44
1096;10;627642977;1096;82;1781;1817;11.97;0.74;180.37;3.17;685;10;578.00;36
1099;10;627642991;1099;82;1782;1817;12.03;0.74;180.96;3.17;683;10;579.00;35
1102;10;627643003;1102;75;1786;1817;12.14;0.75;181.08;3.17;684;10;580.00;31
1107;10;627643015;1107;78;1789;1817;12.16;0.75;181.63;3.17;682;10;581.00;28
1110;10;627643027;1110;78;1793;1817;12.21;0.75;182.09;3.18;683;10;582.00;24
1111;10;627643038;1111;81;1795;1817;12.24;0.75;182.06;3.18;684;10;583.00;22
1113;10;627643051;1113;87;1798;1818;12.27;0.75;182.20;3.19;685;10;584.00;20
1114;10;627643063;1114;92;1801;1820;12.21;0.75;182.41;3.20;687;10;585.00;19
1115;10;627643077;1115;94;1805;1820;12.25;0.75;182.52;3.21;690;10;586.00;15
1120;10;627643089;1120;99;1807;1821;12.15;0.74;182.97;3.21;687;10;587.00;14
1123;10;627643102;1123;105;1811;1821;12.15;0.74;183.02;3.23;688;10;588.00;10
1125;10;627643117;1125;112;1813;1821;12.20;0.75;183.27;3.24;688;10;589.00;8
1129;10;627643135;1129;114;1816;1821;12.25;0.75;183.15;3.26;687;10;590.00;5
1133;10;627643149;1133;114;1820;1825;12.21;0.75;183.63;3.26;687;10;591.00;5
1136;10;627643166;1136;118;1821;1825;12.22;0.75;183.86;3.27;685;10;592.00;4
1137;10;627643178;1137;121;1821;1825;12.24;0.75;183.90;3.27;684;10;593.00;4
1140;10;627643196;1140;122;1824;1828;12.29;0.75;184.24;3.28;684;10;594.00;4
1144;10;627643218;1144;122;1824;1828;12.32;0.75;184.37;3.28;680;10;595.00;4
1145;10;627643230;1145;125;1825;1828;12.38;0.76;184.54;3.28;680;10;596.00;3
1152;10;627643241;1152;129;1829;1832;12.35;0.75;184.92;3.27;677;10;597.00;3
1156;10;627643254;1156;128;1831;1833;12.41;0.76;185.22;3.27;675;10;598.00;2
1156;10;627643267;1156;130;1831;1833;12.47;0.76;185.22;3.27;675;10;599.00;2
1162;10;627643282;1162;139;1842;1859;12.39;0.76;185.35;3.26;680;10;600.00;17
1166;10;627643304;1166;138;1844;1859;12.38;0.75;185.71;3.25;678;10;601.00;15
1170;10;627643316;1170;137;1845;1859;12.40;0.75;185.38;3.25;675;10;602.00;14
1174;10;627643328;1174;139;1846;1860;12.44;0.76;185.47;3.25;672;10;603.00;14
1178;10;627643346;1178;142;1847;1860;12.38;0.75;185.37;3.25;669;10;604.00;13
1181;10;627643363;1181;142;1850;1866;12.33;0.75;185.56;3.25;669;10;605.00;16
1186;10;627643376;1186;143;1850;1866;12.31;0.75;185.63;3.25;664;10;606.00;16
1187;10;627643387;1187;145;1853;1867;12.22;0.74;185.65;3.25;666;10;607.00;14
1192;10;627643405;1192;142;1854;1867;12.21;0.74;185.65;3.25;662;10;608.00;13
1194;10;627643422;1194;136;1854;1867;12.27;0.74;185.64;3.25;660;10;609.00;13
1198;10;627643433;1198;131;1856;1867;12.31;0.75;185.68;3.26;658;10;610.00;11
1200;10;627643444;1200;128;1856;1867;12.26;0.74;186.22;3.26;656;10;611.00;11
1201;10;627643456;1201;126;1867;1879;12.21;0.74;186.45;3.24;666;10;612.00;12
1203;10;627643473;1203;119;1867;1879;12.26;0.74;186.53;3.24;664;10;613.00;12
1207;10;627643483;1207;117;1868;1879;12.27;0.74;187.12;3.25;661;10;614.00;11
1209;10;627643499;1209;116;1869;1879;12.33;0.75;186.93;3.25;660;10;615.00;10
1211;10;627643509;1211;108;1870;1879;12.43;0.75;186.84;3.26;659;10;616.00;9
1213;10;627643518;1213;102;1870;1879;12.55;0.76;186.84;3.26;657;10;617.00;9
1215;10;627643532;1215;96;1873;1883;12.63;0.76;186.86;3.25;658;10;618.00;10
1218;10;627643544;1218;94;1873;1883;12.74;0.77;186.97;3.25;655;10;619.00;10
1221;10;627643558;1221;91;1877;1887;12.84;0.78;187.09;3.26;656;10;620.00;10
1222;10;627643570;1222;86;1878;1888;13.00;0.79;187.03;3.26;656;10;621.00;10
1227;10;627643582;1227;82;1879;1888;13.10;0.79;187.28;3.25;652;10;622.00;9
1228;10;627643595;1228;85;1879;1888;13.12;0.79;187.34;3.25;651;10;623.00;9
1233;10;627643615;1233;88;1887;1901;13.06;0.79;187.42;3.24;654;10;624.00;14
1235;10;627643628;1235;87;1887;1901;13.12;0.79;187.42;3.24;652;10;625.00;14
1239;10;627643648;1239;91;1888;1901;13.17;0.80;187.78;3.25;649;10;626.00;13
1240;10;627643658;1240;90;1890;1902;13.17;0.80;187.93;3.28;650;10;627.00;12
1241;10;627643673;1241;97;1890;1903;13.13;0.80;188.04;3.28;649;10;628.00;13
1243;10;627643703;1243;98;1890;1903;13.03;0.79;188.00;3.28;647;10;629.00;13
1244;10;627643721;1244;104;1893;1909;13.00;0.79;188.06;3.27;649;10;630.00;16
1246;10;627643739;1246;105;1894;1909;12.99;0.79;187.89;3.27;648;10;631.00;15
1249;10;627643757;1249;110;1898;1909;12.94;0.78;187.94;3.31;649;10;632.00;11
1251;10;627643775;1251;110;1898;1909;12.99;0.79;187.82;3.31;647;10;633.00;11
1254;10;627643790;1254;114;1903;1915;12.98;0.79;187.70;3.31;649;10;634.00;12
1255;10;627643808;1255;121;1903;1915;12.88;0.78;187.77;3.31;648;10;635.00;12
1256;10;627643831;1256;118;1904;1915;12.71;0.77;187.73;3.31;648;10;636.00;11
1259;10;627643845;1259;120;1904;1915;12.53;0.76;187.75;3.31;645;10;637.00;11
1264;10;627643858;1264;124;1909;1919;12.28;0.74;187.66;3.32;645;10;638.00;10
1264;10;627643872;1264;130;1910;1920;12.19;0.74;187.66;3.32;646;10;639.00;10
1268;10;627643884;1268;138;1911;1920;12.02;0.73;187.77;3.33;643;10;640.00;9
1271;10;627643896;1271;140;1913;1921;11.90;0.72;187.59;3.34;642;10;641.00;8
1271;10;627643908;1271;151;1913;1921;11.78;0.71;187.59;3.34;642;10;642.00;8
1272;10;627643922;1272;160;1914;1921;11.56;0.70;187.61;3.34;642;10;643.00;7
1273;10;627643933;1273;174;1916;1921;11.43;0.69;187.61;3.37;643;10;644.00;5
1274;10;627643945;1274;182;1916;1921;11.25;0.68;187.61;3.37;642;10;645.00;5
1275;10;627643957;1275;181;1916;1921;11.04;0.67;187.55;3.37;641;10;646.00;5
1276;10;627643967;1276;186;1917;1921;10.83;0.66;187.68;3.38;641;10;647.00;4
1277;10;627643979;1277;205;1955;1991;10.73;0.66;187.70;3.32;678;10;648.00;36
1281;10;627643999;1281;209;1960;1992;10.45;0.64;187.56;3.35;679;10;649.00;32
1282;10;627644010;1282;211;1970;1992;10.39;0.64;187.46;3.35;688;10;650.00;22
1287;10;627644022;1287;215;1976;1992;10.27;0.63;187.24;3.36;689;10;651.00;16
1289;10;627644034;1289;218;1983;1992;10.15;0.62;187.04;3.36;694;10;652.00;9
1289;10;627644046;1289;221;1987;1992;10.06;0.62;187.04;3.36;698;10;653.00;5
1293;10;627644058;1293;230;1990;1992;9.88;0.60;186.97;3.37;697;10;654.00;2
1295;10;627644070;1295;234;1990;1992;9.71;0.59;186.92;3.37;695;10;655.00;2
1296;10;627644080;1296;235;1992;1993;9.53;0.58;186.78;3.37;696;10;656.00;1
1296;10;627644092;1296;239;1993;1994;9.34;0.57;186.78;3.37;697;10;657.00;1
1299;10;627644104;1299;245;1994;1994;9.09;0.56;186.60;3.37;695;10;658.00;0
1299;10;627644124;1299;251;1998;1998;8.84;0.54;186.60;3.36;699;10;659.00;0
1299;10;627644136;1299;251;1998;1998;8.60;0.53;186.60;3.36;699;10;660.00;0
1301;10;627644151;1301;254;1998;1998;8.45;0.52;186.48;3.36;697;10;661.00;0
1304;10;627644164;1304;258;1998;1998;8.27;0.51;186.31;3.36;694;10;662.00;0
1305;10;627644176;1305;265;2003;2004;8.18;0.50;186.29;3.36;698;10;663.00;1
1306;10;627644187;1306;270;2003;2004;8.07;0.49;186.43;3.36;697;10;664.00;1
1306;10;627644197;1306;273;2004;2004;7.94;0.49;186.43;3.36;698;10;665.00;0
1307;10;627644209;1307;277;2006;2007;7.90;0.48;186.36;3.35;699;10;666.00;1
1309;10;627644219;1309;281;2007;2007;7.77;0.48;186.35;3.35;698;10;667.00;0
1311;10;627644230;1311;285;2007;2007;7.67;0.47;186.22;3.35;696;10;668.00;0
1311;10;627644242;1311;281;2008;2008;7.67;0.47;186.22;3.35;697;10;669.00;0
1314;10;627644252;1314;289;2009;2009;7.66;0.47;186.30;3.35;695;10;670.00;0
1316;10;627644261;1316;291;2009;2009;7.63;0.47;186.15;3.35;693;10;671.00;0
1317;10;627644270;1317;294;2022;2022;7.61;0.47;186.11;3.33;705;10;672.00;0
1324;10;627644290;1324;301;2022;2022;7.46;0.46;186.06;3.33;698;10;673.00;0
1325;10;627644302;1325;304;2022;2022;7.41;0.46;186.01;3.33;697;10;674.00;0
1332;10;627644313;1332;289;2024;2024;7.37;0.45;186.12;3.33;692;10;675.00;0
1334;10;627644328;1334;274;2024;2024;7.34;0.45;186.31;3.33;690;10;676.00;0
1334;10;627644341;1334;269;2027;2028;7.36;0.45;186.31;3.32;693;10;677.00;1
1338;10;627644353;1338;263;2027;2028;7.25;0.45;186.50;3.32;689;10;678.00;1
1342;10;627644365;1342;261;2032;2032;7.18;0.44;186.54;3.32;690;10;679.00;0
1344;10;627644376;1344;241;2032;2032;7.19;0.44;186.82;3.32;688;10;680.00;0
1350;10;627644387;1350;232;2032;2032;7.16;0.44;187.03;3.32;682;10;681.00;0
1350;10;627644405;1350;222;2032;2032;7.26;0.45;187.03;3.32;682;10;682.00;0
1353;10;627644417;1353;216;2032;2032;7.34;0.45;187.39;3.32;679;10;683.00;0
1357;10;627644428;1357;208;2042;2044;7.54;0.46;187.77;3.30;685;10;684.00;2
1360;10;627644441;1360;203;2042;2044;7.72;0.47;187.90;3.30;682;10;685.00;2
1362;10;627644463;1362;201;2044;2044;7.91;0.49;188.26;3.30;682;10;686.00;0
1367;10;627644489;1367;191;2044;2044;8.04;0.49;188.11;3.30;677;10;687.00;0
1370;10;627644502;1370;180;2044;2044;8.16;0.50;188.35;3.30;674;10;688.00;0
1374;10;627644515;1374;176;2044;2044;8.23;0.50;188.77;3.30;670;10;689.00;0
1376;10;627644533;1376;170;2045;2045;8.36;0.51;188.98;3.30;669;10;690.00;0
1378;10;627644543;1378;166;2045;2045;8.46;0.52;189.12;3.30;667;10;691.00;0
1382;10;627644558;1382;164;2050;2051;8.66;0.53;189.48;3.29;668;10;692.00;1
1386;10;627644569;1386;163;2052;2052;8.83;0.54;190.05;3.29;666;10;693.00;0
1389;10;627644583;1389;158;2052;2052;8.94;0.55;190.09;3.29;663;10;694.00;0
1391;10;627644595;1391;161;2052;2052;8.96;0.55;190.36;3.29;661;10;695.00;0
1398;10;627644607;1398;159;2056;2056;8.99;0.55;190.77;3.29;658;10;696.00;0
1399;10;627644621;1399;161;2056;2056;9.13;0.56;190.82;3.29;657;10;697.00;0
1407;10;627644633;1407;156;2056;2056;9.19;0.56;190.76;3.29;649;10;698.00;0
1413;10;627644646;1413;152;2057;2057;9.24;0.56;190.80;3.28;644;10;699.00;0
1416;10;627644658;1416;153;2061;2061;9.24;0.56;190.94;3.28;645;10;700.00;0
1423;10;627644680;1423;151;2061;2061;9.22;0.56;190.99;3.28;638;10;701.00;0
1427;10;627644693;1427;149;2063;2064;9.31;0.57;191.20;3.28;636;10;702.00;1
1431;10;627644704;1431;145;2063;2064;9.36;0.57;191.26;3.28;632;10;703.00;1
1433;10;627644716;1433;135;2064;2064;9.42;0.58;191.25;3.28;631;10;704.00;0
1438;10;627644728;1438;134;2064;2064;9.40;0.58;191.49;3.28;626;10;705.00;0
1442;10;627644740;1442;136;2067;2068;9.51;0.58;191.51;3.27;625;10;706.00;1
1451;10;627644758;1451;133;2067;2068;9.48;0.58;191.80;3.27;616;10;707.00;1
1456;10;627644769;1456;128;2068;2068;9.45;0.58;191.68;3.27;612;10;708.00;0
1461;10;627644781;1461;124;2068;2068;9.48;0.58;191.79;3.27;607;10;709.00;0
1466;10;627644792;1466;126;2069;2069;9.50;0.58;192.11;3.27;603;10;710.00;0
1473;10;627644804;1473;129;2070;2070;9.56;0.58;192.24;3.27;597;10;711.00;0
1481;10;627644814;1481;131;2070;2070;9.53;0.58;192.77;3.27;589;10;712.00;0
1483;10;627644827;1483;131;2071;2071;9.68;0.59;193.02;3.27;588;10;713.00;0
1489;10;627644838;1489;132;2071;2071;9.73;0.59;193.48;3.27;582;10;714.00;0
1492;10;627644849;1492;130;2071;2071;9.80;0.59;193.84;3.27;579;10;715.00;0
1495;10;627644858;1495;132;2071;2071;9.92;0.60;193.90;3.27;576;10;716.00;0
1499;10;627644870;1499;130;2071;2071;9.91;0.60;194.44;3.27;572;10;717.00;0
1502;10;627644887;1502;131;2071;2071;9.96;0.60;194.70;3.27;569;10;718.00;0
1503;10;627644898;1503;133;2071;2071;10.05;0.61;194.86;3.27;568;10;719.00;0
1505;10;627644910;1505;181;2200;2301;9.85;0.62;194.85;3.08;695;10;720.00;101
1509;10;627644942;1509;178;2209;2302;9.81;0.61;195.36;3.07;700;10;721.00;93
1510;10;627644955;1510;162;2222;2302;9.98;0.62;195.48;3.06;712;10;722.00;80
1511;10;627644966;1511;155;2228;2302;10.09;0.63;195.41;3.06;717;10;723.00;74
1513;10;627644979;1513;159;2234;2302;10.00;0.62;195.52;3.07;721;10;724.00;68
1515;10;627644991;1515;159;2241;2302;9.99;0.62;195.58;3.07;726;10;725.00;61
1518;10;627645004;1518;166;2248;2302;9.89;0.62;195.72;3.08;730;10;726.00;54
1521;10;627645016;1521;156;2252;2302;9.85;0.61;195.91;3.09;731;10;727.00;50
1524;10;627645028;1524;163;2257;2303;9.80;0.61;195.99;3.10;733;10;728.00;46
1526;10;627645054;1526;158;2261;2304;9.79;0.61;196.11;3.11;735;10;729.00;43
1528;10;627645068;1528;158;2267;2304;9.74;0.61;196.27;3.13;739;10;730.00;37
1532;10;627645082;1532;164;2270;2305;9.65;0.60;196.28;3.13;738;10;731.00;35
1533;10;627645099;1533;169;2273;2305;9.66;0.60;196.39;3.14;740;10;732.00;32
1535;10;627645117;1535;168;2276;2305;9.59;0.59;196.62;3.16;741;10;733.00;29
1539;10;627645131;1539;179;2277;2305;9.62;0.59;196.68;3.16;738;10;734.00;28
1544;10;627645153;1544;182;2282;2309;9.54;0.59;197.13;3.17;738;10;735.00;27
1546;10;627645169;1546;174;2285;2309;9.46;0.58;197.29;3.19;739;10;736.00;24
1548;10;627645194;1548;162;2285;2309;9.54;0.59;197.23;3.19;737;10;737.00;24
1552;10;627645206;1552;154;2288;2312;9.66;0.59;197.36;3.20;736;10;738.00;24
1554;10;627645220;1554;150;2289;2312;9.77;0.60;197.56;3.21;735;10;739.00;23
1558;10;627645232;1558;148;2290;2312;9.90;0.61;197.90;3.22;732;10;740.00;22
1562;10;627645247;1562;143;2296;2316;10.03;0.62;198.05;3.23;734;10;741.00;20
1564;10;627645262;1564;147;2297;2317;10.32;0.64;198.28;3.23;733;10;742.00;20
1568;10;627645280;1568;145;2301;2317;10.52;0.65;198.51;3.26;733;10;743.00;16
1570;10;627645294;1570;143;2303;2321;10.71;0.66;198.54;3.25;733;10;744.00;18
1574;10;627645309;1574;140;2305;2321;10.82;0.66;198.87;3.26;731;10;745.00;16
1579;10;627645325;1579;142;2307;2321;10.94;0.67;199.16;3.26;728;10;746.00;14
1580;10;627645340;1580;148;2308;2322;11.03;0.67;199.24;3.26;728;10;747.00;14
1583;10;627645360;1583;153;2309;2322;11.09;0.68;199.29;3.27;726;10;748.00;13
1587;10;627645382;1587;150;2313;2328;11.11;0.68;199.62;3.27;726;10;749.00;15
1590;10;627645403;1590;147;2314;2328;11.23;0.69;199.75;3.28;724;10;750.00;14
1596;10;627645416;1596;149;2315;2329;11.33;0.69;199.87;3.27;719;10;751.00;14
1599;10;627645431;1599;149;2316;2329;11.43;0.70;199.92;3.28;717;10;752.00;13
1600;10;627645447;1600;148;2316;2329;11.51;0.70;199.98;3.28;716;10;753.00;13
1604;10;627645459;1604;146;2316;2329;11.57;0.70;200.37;3.28;712;10;754.00;13
1608;10;627645478;1608;149;2317;2329;11.70;0.71;200.26;3.29;709;10;755.00;12
1610;10;627645493;1610;149;2329;2341;11.70;0.71;200.57;3.27;719;10;756.00;12
1612;10;627645521;1612;151;2330;2341;11.80;0.72;200.70;3.28;718;10;757.00;11
1613;10;627645537;1613;155;2330;2341;11.92;0.72;200.66;3.28;717;10;758.00;11
1616;11;627645550;1616;158;2330;2341;11.92;0.72;200.69;3.28;714;11;759.00;11
1618;11;627645575;1618;158;2331;2341;12.01;0.73;200.90;3.28;713;11;760.00;10
1621;11;627645587;1621;158;2331;2341;12.09;0.74;200.86;3.28;710;11;761.00;10
1626;11;627645599;1626;160;2335;2345;12.00;0.73;200.85;3.27;709;11;762.00;10
1630;11;627645610;1630;163;2335;2345;12.05;0.74;200.83;3.27;705;11;763.00;10
1634;11;627645629;1634;163;2339;2349;12.08;0.74;201.11;3.27;705;11;764.00;10
1639;11;627645641;1639;164;2341;2351;12.09;0.74;201.28;3.27;702;11;765.00;10
1642;11;627645652;1642;165;2341;2351;12.14;0.74;201.47;3.27;699;11;766.00;10
1644;11;627645673;1644;169;2341;2351;12.18;0.74;201.67;3.27;697;11;767.00;10
1645;11;627645689;1645;173;2349;2364;12.27;0.75;201.75;3.25;704;11;768.00;15
1649;11;627645706;1649;171;2349;2364;12.28;0.75;201.77;3.25;700;11;769.00;15
1652;11;627645722;1652;168;2350;2364;12.28;0.75;201.65;3.25;698;11;770.00;14
1656;11;627645748;1656;163;2351;2365;12.32;0.75;201.65;3.25;695;11;771.00;14
1660;11;627645762;1660;164;2351;2366;12.36;0.75;201.61;3.25;691;11;772.00;15
1662;11;627645778;1662;166;2351;2366;12.36;0.75;201.79;3.25;689;11;773.00;15
1664;11;627645791;1664;164;2353;2369;12.38;0.75;201.96;3.25;689;11;774.00;16
1667;11;627645802;1667;164;2353;2369;12.28;0.75;202.06;3.25;686;11;775.00;16
1671;11;627645814;1671;166;2354;2369;12.24;0.74;202.01;3.25;683;11;776.00;15
1673;11;627645825;1673;167;2355;2369;12.24;0.74;201.92;3.27;682;11;777.00;14
1676;11;627645836;1676;165;2359;2375;12.26;0.74;201.82;3.27;683;11;778.00;16
1678;11;627645847;1678;163;2359;2375;12.20;0.74;201.98;3.27;681;11;779.00;16
1684;11;627645860;1684;159;2360;2375;12.19;0.74;202.29;3.27;676;11;780.00;15
1687;11;627645870;1687;158;2360;2375;12.15;0.74;202.30;3.27;673;11;781.00;15
1692;11;627645880;1692;152;2363;2379;12.02;0.73;202.37;3.27;671;11;782.00;16
1693;11;627645891;1693;148;2364;2380;12.09;0.74;202.37;3.26;671;11;783.00;16
1697;11;627645901;1697;144;2364;2380;12.15;0.74;202.48;3.26;667;11;784.00;16
1698;11;627645912;1698;141;2367;2381;12.17;0.74;202.40;3.27;669;11;785.00;14
1701;11;627645922;1701;133;2367;2381;12.21;0.74;202.19;3.27;666;11;786.00;14
1703;11;627645932;1703;128;2367;2381;12.20;0.74;202.11;3.27;664;11;787.00;14
1706;11;627645942;1706;126;2367;2381;12.23;0.74;202.20;3.27;661;11;788.00;14
1708;11;627645952;1708;125;2367;2381;12.24;0.75;202.11;3.27;659;11;789.00;14
1711;11;627645962;1711;123;2367;2381;12.21;0.74;202.00;3.27;656;11;790.00;14
1712;11;627645972;1712;123;2368;2381;12.17;0.74;201.94;3.30;656;11;791.00;13
1713;11;627645982;1713;127;2400;2451;12.12;0.74;201.98;3.26;687;11;792.00;51
1715;11;627645998;1715;126;2400;2452;12.11;0.74;202.16;3.26;685;11;793.00;52
1716;11;627646009;1716;125;2409;2452;12.08;0.74;202.17;3.28;693;11;794.00;43
1719;11;627646019;1719;128;2410;2452;11.97;0.73;202.21;3.28;691;11;795.00;42
1722;11;627646030;1722;130;2415;2452;11.97;0.73;202.17;3.29;693;11;796.00;37
1727;11;627646040;1727;131;2419;2452;11.94;0.73;201.89;3.32;692;11;797.00;33
1729;11;627646051;1729;133;2422;2452;11.91;0.73;201.77;3.32;693;11;798.00;30
1732;11;627646062;1732;132;2424;2452;11.76;0.72;201.64;3.32;692;11;799.00;28
1732;11;627646074;1732;135;2428;2453;11.59;0.71;201.64;3.36;696;11;800.00;25
1735;11;627646098;1735;142;2432;2454;11.46;0.70;201.42;3.36;697;11;801.00;22
1737;11;627646109;1737;148;2435;2454;11.35;0.69;201.27;3.40;698;11;802.00;19
1740;11;627646120;1740;155;2439;2458;11.22;0.68;201.26;3.40;699;11;803.00;19
1742;11;627646132;1742;157;2440;2458;11.16;0.68;201.18;3.41;698;11;804.00;18
1742;11;627646143;1742;164;2441;2458;11.08;0.68;201.18;3.44;699;11;805.00;17
1745;11;627646154;1745;165;2443;2458;11.00;0.67;201.14;3.45;698;11;806.00;15
1748;11;627646164;1748;175;2447;2464;10.89;0.66;201.34;3.48;699;11;807.00;17
1751;11;627646174;1751;188;2450;2464;10.73;0.65;201.24;3.49;699;11;808.00;14
1753;11;627646184;1753;197;2451;2464;10.60;0.64;201.08;3.52;698;11;809.00;13
1757;11;627646196;1757;203;2455;2470;10.45;0.64;200.95;3.53;698;11;810.00;15
1758;11;627646208;1758;210;2457;2470;10.25;0.63;200.97;3.58;699;11;811.00;13
1763;11;627646218;1763;218;2459;2470;10.06;0.61;200.92;3.59;696;11;812.00;11
1765;11;627646228;1765;224;2460;2471;9.97;0.61;200.79;3.59;695;11;813.00;11
1768;11;627646237;1768;230;2463;2472;9.87;0.60;200.68;3.60;695;11;814.00;9
1768;11;627646247;1768;239;2465;2472;9.75;0.59;200.68;3.61;697;11;815.00;7
1769;11;627646257;1769;250;2475;2485;9.63;0.59;200.65;3.60;706;11;816.00;10
1769;11;627646270;1769;259;2477;2485;9.47;0.58;200.65;3.63;708;11;817.00;8
1771;11;627646278;1771;263;2477;2485;9.34;0.57;200.65;3.63;706;11;818.00;8
1774;11;627646289;1774;267;2479;2486;9.19;0.56;200.55;3.63;705;11;819.00;7
1776;11;627646299;1776;270;2480;2486;9.01;0.55;200.39;3.64;704;11;820.00;6
1779;12;627646308;1779;277;2486;2490;8.86;0.54;200.20;3.65;707;12;821.00;4
1782;12;627646328;1782;285;2488;2490;8.75;0.53;200.08;3.66;706;12;822.00;2
1784;12;627646338;1784;289;2494;2494;8.62;0.53;199.93;3.66;710;12;823.00;0
1787;12;627646351;1787;297;2494;2494;8.44;0.51;199.79;3.66;707;12;824.00;0
1787;12;627646360;1787;307;2494;2494;8.27;0.50;199.79;3.66;707;12;825.00;0
1790;12;627646369;1790;316;2494;2494;8.08;0.49;199.74;3.66;704;12;826.00;0
1792;12;627646377;1792;309;2494;2494;7.93;0.49;199.69;3.66;702;12;827.00;0
1792;12;627646385;1792;307;2504;2506;7.93;0.49;199.69;3.64;712;12;828.00;2
1795;12;627646395;1795;298;2505;2506;7.85;0.48;199.71;3.64;710;12;829.00;1
1795;12;627646404;1795;291;2506;2506;7.80;0.48;199.71;3.64;711;12;830.00;0
1796;12;627646413;1796;281;2506;2506;7.83;0.48;199.66;3.64;710;12;831.00;0
1798;12;627646422;1798;275;2506;2506;7.83;0.48;199.58;3.64;708;12;832.00;0
1800;12;627646431;1800;272;2506;2506;7.88;0.48;199.53;3.64;706;12;833.00;0
1801;12;627646440;1801;269;2507;2507;7.93;0.48;199.48;3.64;706;12;834.00;0
1801;12;627646449;1801;264;2507;2507;8.05;0.49;199.48;3.64;706;12;835.00;0
1804;12;627646457;1804;258;2512;2513;8.17;0.50;199.53;3.63;708;12;836.00;1
1804;12;627646469;1804;262;2513;2514;8.26;0.50;199.53;3.63;709;12;837.00;1
1805;12;627646478;1805;258;2514;2514;8.32;0.51;199.61;3.63;709;12;838.00;0
1805;12;627646487;1805;254;2514;2514;8.44;0.52;199.61;3.63;709;12;839.00;0
1805;12;627646500;1805;262;2519;2519;8.59;0.52;199.61;3.63;714;12;840.00;0
1808;12;627646510;1808;257;2519;2519;8.56;0.52;199.41;3.63;711;12;841.00;0
1811;12;627646520;1811;253;2519;2519;8.46;0.52;199.64;3.63;708;12;842.00;0
1812;12;627646528;1812;257;2520;2520;8.42;0.51;199.75;3.62;708;12;843.00;0
1813;12;627646537;1813;255;2524;2524;8.36;0.51;199.91;3.62;711;12;844.00;0
1815;12;627646546;1815;252;2524;2524;8.24;0.51;200.14;3.62;709;12;845.00;0
1817;12;627646555;1817;252;2526;2527;8.27;0.51;200.22;3.62;709;12;846.00;1
1821;12;627646565;1821;246;2527;2527;8.26;0.51;200.23;3.62;706;12;847.00;0
1824;12;627646574;1824;244;2527;2527;8.18;0.50;200.38;3.62;703;12;848.00;0
1828;12;627646583;1828;245;2527;2527;8.12;0.50;200.45;3.62;699;12;849.00;0
1831;12;627646592;1831;231;2530;2531;8.13;0.50;200.46;3.61;699;12;850.00;1
1833;12;627646601;1833;225;2530;2531;8.11;0.50;200.47;3.61;697;12;851.00;1
1837;12;627646610;1837;224;2531;2531;8.13;0.50;200.51;3.61;694;12;852.00;0
1839;12;627646619;1839;220;2531;2531;8.13;0.50;200.67;3.61;692;12;853.00;0
1845;12;627646628;1845;210;2532;2532;8.18;0.50;200.57;3.61;687;12;854.00;0
1849;12;627646639;1849;208;2534;2534;8.33;0.51;200.44;3.61;685;12;855.00;0
1850;12;627646649;1850;204;2534;2534;8.48;0.52;200.52;3.61;684;12;856.00;0
1855;12;627646660;1855;199;2535;2535;8.61;0.53;200.52;3.61;680;12;857.00;0
1859;12;627646670;1859;188;2535;2535;8.70;0.53;200.52;3.61;676;12;858.00;0
1862;12;627646680;1862;177;2535;2535;8.76;0.53;200.61;3.61;673;12;859.00;0
1867;12;627646690;1867;172;2535;2535;8.73;0.53;200.74;3.61;668;12;860.00;0
1870;12;627646700;1870;166;2535;2535;8.80;0.54;200.79;3.61;665;12;861.00;0
1877;12;627646710;1877;163;2535;2535;8.80;0.54;200.82;3.61;658;12;862.00;0
1879;12;627646720;1879;153;2535;2535;8.93;0.54;200.93;3.61;656;12;863.00;0
1884;12;627646729;1884;165;2614;2662;9.06;0.56;201.01;3.50;730;12;864.00;48
1889;12;627646748;1889;159;2616;2663;9.10;0.56;201.12;3.50;727;12;865.00;47
1893;12;627646758;1893;157;2622;2663;9.24;0.57;201.12;3.50;729;12;866.00;41
1898;12;627646768;1898;151;2627;2663;9.30;0.57;201.26;3.49;729;12;867.00;36
1902;12;627646777;1902;151;2633;2663;9.34;0.57;201.36;3.50;731;12;868.00;30
1904;12;627646788;1904;149;2637;2663;9.36;0.58;201.37;3.50;733;12;869.00;26
1908;12;627646799;1908;143;2642;2663;9.38;0.58;201.44;3.50;734;12;870.00;21
1912;12;627646809;1912;141;2644;2663;9.38;0.58;201.76;3.50;732;12;871.00;19
1915;12;627646820;1915;149;2649;2664;9.46;0.58;201.62;3.51;734;12;872.00;15
1920;12;627646837;1920;151;2652;2665;9.47;0.58;201.90;3.52;732;12;873.00;13
1924;12;627646848;1924;151;2654;2665;9.46;0.58;202.24;3.52;730;12;874.00;11
1926;12;627646859;1926;162;2658;2666;9.51;0.58;202.34;3.53;732;12;875.00;8
1931;12;627646876;1931;167;2659;2666;9.50;0.58;202.53;3.53;728;12;876.00;7
1934;12;627646888;1934;173;2660;2666;9.55;0.59;202.63;3.54;726;12;877.00;6
1938;12;627646898;1938;178;2662;2666;9.66;0.59;202.52;3.54;724;12;878.00;4
1943;12;627646909;1943;177;2665;2670;9.72;0.60;202.73;3.55;722;12;879.00;5
1950;12;627646920;1950;182;2667;2670;9.79;0.60;203.07;3.55;717;12;880.00;3
1954;12;627646936;1954;181;2667;2670;9.85;0.60;203.22;3.55;713;12;881.00;3
1960;12;627646947;1960;181;2670;2673;9.88;0.60;203.32;3.56;710;12;882.00;3
1966;12;627646958;1966;176;2670;2673;9.87;0.60;203.60;3.56;704;12;883.00;3
1969;12;627646979;1969;177;2671;2673;9.90;0.60;203.53;3.56;702;12;884.00;2
1972;12;627646990;1972;178;2675;2677;9.91;0.60;203.82;3.55;703;12;885.00;2
1976;12;627647000;1976;174;2677;2678;9.95;0.61;203.82;3.55;701;12;886.00;1
1979;12;627647012;1979;176;2677;2678;10.00;0.61;203.86;3.55;698;12;887.00;1
1983;12;627647022;1983;178;2682;2682;10.09;0.62;203.68;3.55;699;12;888.00;0
1988;12;627647038;1988;184;2682;2682;10.09;0.61;203.73;3.55;694;12;889.00;0
1991;12;627647048;1991;190;2682;2682;10.11;0.62;203.94;3.55;691;12;890.00;0
1995;12;627647058;1995;191;2683;2683;10.16;0.62;204.26;3.55;688;12;891.00;0
1998;12;627647069;1998;192;2683;2683;10.14;0.62;204.39;3.55;685;12;892.00;0
2001;12;627647084;2001;194;2688;2689;10.10;0.62;204.38;3.54;687;12;893.00;1
2002;12;627647096;2002;193;2688;2689;10.12;0.62;204.45;3.54;686;12;894.00;1
2007;12;627647106;2007;194;2690;2690;10.10;0.62;204.73;3.54;683;12;895.00;0
2012;12;627647116;2012;195;2690;2690;10.05;0.61;205.02;3.54;678;12;896.00;0
2013;12;627647126;2013;190;2690;2690;10.10;0.62;205.01;3.54;677;12;897.00;0
2017;12;627647136;2017;182;2690;2690;10.03;0.61;205.17;3.54;673;12;898.00;0
2018;12;627647147;2018;177;2690;2690;10.02;0.61;205.22;3.54;672;12;899.00;0
2021;12;627647160;2021;180;2720;2736;9.93;0.61;205.42;3.50;699;12;900.00;16
2022;12;627647180;2022;173;2720;2736;9.99;0.61;205.45;3.50;698;12;901.00;16
2025;12;627647190;2025;165;2722;2736;10.03;0.61;205.71;3.50;697;12;902.00;14
2027;12;627647201;2027;166;2722;2736;10.11;0.62;205.78;3.50;695;12;903.00;14
2029;13;627647211;2029;168;2723;2736;10.21;0.63;205.76;3.50;694;13;904.00;13
2032;13;627647233;2032;170;2724;2736;10.24;0.63;205.81;3.50;692;13;905.00;12
2037;13;627647243;2037;153;2729;2740;10.29;0.63;205.93;3.50;692;13;906.00;11
2038;13;627647260;2038;148;2730;2740;10.37;0.64;205.89;3.50;692;13;907.00;10
2042;13;627647271;2042;141;2734;2744;10.34;0.63;206.00;3.50;692;13;908.00;10
2044;13;627647282;2044;127;2736;2745;10.40;0.64;206.08;3.50;692;13;909.00;9
2046;13;627647298;2046;123;2736;2745;10.41;0.64;206.16;3.50;690;13;910.00;9
2048;13;627647309;2048;119;2736;2745;10.50;0.64;206.27;3.50;688;13;911.00;9
2051;13;627647321;2051;124;2745;2758;10.57;0.65;206.35;3.49;694;13;912.00;13
2055;13;627647332;2055;121;2746;2758;10.67;0.65;206.36;3.49;691;13;913.00;12
2058;13;627647344;2058;117;2747;2758;10.75;0.66;206.51;3.50;689;13;914.00;11
2059;13;627647354;2059;116;2748;2759;10.81;0.66;206.51;3.50;689;13;915.00;11
2061;13;627647365;2061;123;2749;2760;10.82;0.66;206.53;3.50;688;13;916.00;11
2064;13;627647376;2064;117;2749;2760;10.92;0.67;206.75;3.50;685;13;917.00;11
2068;13;627647387;2068;121;2751;2763;10.92;0.67;206.82;3.49;683;13;918.00;12
2072;13;627647398;2072;122;2752;2763;10.92;0.67;206.77;3.50;680;13;919.00;11
2074;13;627647408;2074;126;2753;2763;10.90;0.67;206.74;3.51;679;13;920.00;10
2077;13;627647419;2077;126;2753;2763;10.93;0.67;206.85;3.51;676;13;921.00;10
2080;13;627647429;2080;123;2757;2769;10.97;0.67;206.93;3.50;677;13;922.00;12
2084;13;627647441;2084;121;2757;2769;11.01;0.67;207.00;3.50;673;13;923.00;12
2086;13;627647451;2086;122;2759;2769;11.07;0.67;207.15;3.51;673;13;924.00;10
2087;13;627647461;2087;121;2760;2769;11.10;0.68;207.14;3.52;673;13;925.00;9
2091;13;627647471;2091;117;2764;2773;11.16;0.68;207.18;3.52;673;13;926.00;9
2091;13;627647482;2091;123;2765;2774;11.32;0.69;207.18;3.52;674;13;927.00;9
2096;13;627647491;2096;125;2766;2774;11.41;0.70;207.31;3.52;670;13;928.00;8
2100;13;627647501;2100;126;2769;2775;11.49;0.70;207.39;3.53;669;13;929.00;6
2103;13;627647523;2103;125;2770;2775;11.51;0.70;207.32;3.54;667;13;930.00;5
2107;13;627647538;2107;131;2770;2775;11.50;0.70;207.77;3.54;663;13;931.00;5
2108;13;627647555;2108;135;2770;2775;11.52;0.70;207.84;3.54;662;13;932.00;5
2113;13;627647576;2113;138;2771;2775;11.51;0.70;207.81;3.54;658;13;933.00;4
2118;13;627647594;2118;141;2772;2775;11.46;0.70;207.79;3.54;654;13;934.00;3
2124;13;627647604;2124;145;2772;2775;11.50;0.70;207.90;3.54;648;13;935.00;3
2127;13;627647614;2127;161;2813;2845;11.11;0.68;207.87;3.49;686;13;936.00;32
2129;13;627647635;2129;156;2816;2846;11.08;0.67;208.04;3.50;687;13;937.00;30
2135;13;627647645;2135;151;2823;2846;11.10;0.67;208.01;3.49;688;13;938.00;23
2135;13;627647655;2135;153;2825;2846;11.08;0.67;208.01;3.49;690;13;939.00;21
2141;13;627647664;2141;160;2828;2846;11.12;0.68;208.19;3.49;687;13;940.00;18
2145;13;627647680;2145;165;2832;2846;11.18;0.68;208.45;3.49;687;13;941.00;14
2148;13;627647695;2148;161;2833;2846;11.25;0.68;208.40;3.50;685;13;942.00;13
2149;13;627647710;2149;160;2836;2846;11.32;0.69;208.40;3.50;687;13;943.00;10
2155;13;627647727;2155;162;2837;2847;11.29;0.69;208.39;3.50;682;13;944.00;10
2156;13;627647742;2156;164;2842;2849;11.36;0.69;208.34;3.50;686;13;945.00;7
2159;13;627647755;2159;163;2843;2849;11.28;0.69;208.36;3.50;684;13;946.00;6
2161;13;627647776;2161;164;2846;2853;11.24;0.68;208.39;3.50;685;13;947.00;7
2166;13;627647790;2166;163;2846;2853;11.18;0.68;208.44;3.50;680;13;948.00;7
2170;13;627647807;2170;169;2846;2853;11.13;0.68;208.47;3.50;676;13;949.00;7
2175;13;627647818;2175;164;2846;2853;11.03;0.67;208.33;3.50;671;13;950.00;7
2179;13;627647827;2179;168;2849;2859;11.03;0.67;208.25;3.50;670;13;951.00;10
2181;13;627647837;2181;161;2850;2859;10.98;0.67;208.13;3.50;669;13;952.00;9
2182;13;627647847;2182;158;2851;2859;10.93;0.67;208.07;3.51;669;13;953.00;8
2183;13;627647856;2183;157;2854;2862;10.97;0.67;208.02;3.51;671;13;954.00;8
2187;13;627647866;2187;160;2856;2862;10.84;0.66;207.87;3.52;669;13;955.00;6
2190;13;627647876;2190;159;2856;2862;10.79;0.66;207.77;3.52;666;13;956.00;6
2195;13;627647887;2195;160;2856;2863;10.69;0.65;207.68;3.52;661;13;957.00;7
2197;13;627647896;2197;161;2857;2864;10.71;0.65;207.64;3.52;660;13;958.00;7
2204;13;627647905;2204;164;2857;2864;10.66;0.65;207.49;3.52;653;13;959.00;7
2206;13;627647916;2206;164;2874;2890;10.61;0.65;207.46;3.50;668;13;960.00;16
2207;13;627647927;2207;161;2875;2890;10.63;0.65;207.37;3.50;668;13;961.00;15
2213;13;627647937;2213;163;2877;2890;10.72;0.65;207.16;3.49;664;13;962.00;13
2214;13;627647952;2214;166;2878;2891;10.73;0.65;207.16;3.49;664;13;963.00;13
2216;13;627647962;2216;165;2878;2891;10.79;0.66;206.99;3.49;662;13;964.00;13
2218;13;627647972;2218;168;2880;2895;10.79;0.66;206.89;3.49;662;13;965.00;15
2219;13;627647988;2219;169;2881;2895;10.77;0.66;206.90;3.49;662;13;966.00;14
2222;13;627647997;2222;166;2884;2899;10.74;0.65;206.88;3.49;662;13;967.00;15
2224;13;627648007;2224;167;2884;2899;10.84;0.66;206.85;3.49;660;13;968.00;15
2225;13;627648016;2225;172;2884;2899;10.90;0.66;206.77;3.49;659;13;969.00;15
2225;13;627648025;2225;173;2886;2899;10.87;0.66;206.77;3.52;661;13;970.00;13
2228;13;627648033;2228;174;2887;2899;10.77;0.65;206.79;3.52;659;13;971.00;12
2229;13;627648041;2229;179;2898;2911;10.65;0.65;206.77;3.53;669;13;972.00;13
2230;13;627648051;2230;183;2899;2911;10.48;0.64;206.70;3.53;669;13;973.00;12
2233;13;627648060;2233;185;2901;2911;10.33;0.63;206.72;3.53;668;13;974.00;10
2233;13;627648070;2233;190;2902;2911;10.22;0.62;206.72;3.54;669;13;975.00;9
2235;13;627648079;2235;198;2903;2911;10.12;0.62;206.79;3.54;668;13;976.00;8
2236;13;627648088;2236;204;2903;2911;10.00;0.61;206.81;3.54;667;13;977.00;8
2238;13;627648097;2238;210;2904;2912;9.88;0.60;206.85;3.55;666;13;978.00;8
2240;13;627648106;2240;202;2904;2912;9.78;0.60;206.86;3.55;664;13;979.00;8
2242;13;627648115;2242;195;2909;2918;9.78;0.60;206.86;3.55;667;13;980.00;9
2242;13;627648124;2242;191;2912;2919;9.79;0.60;206.86;3.56;670;13;981.00;7
2244;13;627648134;2244;188;2912;2919;9.78;0.60;206.83;3.56;668;13;982.00;7
2245;13;627648142;2245;187;2913;2919;9.75;0.60;206.74;3.57;668;13;983.00;6
2246;13;627648155;2246;184;2917;2923;9.78;0.60;206.70;3.57;671;13;984.00;6
2246;13;627648169;2246;183;2917;2923;9.83;0.60;206.70;3.57;671;13;985.00;6
2248;13;627648184;2248;186;2919;2923;9.82;0.60;206.65;3.58;671;13;986.00;4
2250;13;627648198;2250;187;2920;2924;9.82;0.60;206.60;3.58;670;13;987.00;4
2252;13;627648214;2252;191;2923;2928;9.77;0.60;206.61;3.58;671;13;988.00;5
2254;13;627648229;2254;190;2925;2928;9.73;0.59;206.56;3.59;671;13;989.00;3
2257;13;627648243;2257;195;2928;2934;9.73;0.59;206.50;3.58;671;13;990.00;6
2258;13;627648256;2258;197;2929;2934;9.67;0.59;206.53;3.59;671;13;991.00;5
2259;13;627648266;2259;197;2930;2934;9.67;0.59;206.60;3.59;671;13;992.00;4
2261;13;627648276;2261;199;2932;2934;9.59;0.59;206.62;3.59;671;13;993.00;2
2261;13;627648287;2261;203;2935;2938;9.53;0.58;206.62;3.59;674;13;994.00;3
2265;13;627648301;2265;204;2936;2938;9.48;0.58;206.57;3.59;671;13;995.00;2
2265;13;627648314;2265;201;2936;2938;9.44;0.58;206.57;3.59;671;13;996.00;2
2265;13;627648325;2265;204;2937;2938;9.36;0.57;206.57;3.59;672;13;997.00;1
2265;13;627648334;2265;209;2938;2939;9.22;0.57;206.57;3.59;673;13;998.00;1
2265;13;627648349;2265;208;2940;2940;9.12;0.56;206.57;3.59;675;13;999.00;0
2268;13;627648366;2268;207;2940;2940;8.93;0.55;206.65;3.59;672;13;1000.00;0
2269;13;627648388;2269;206;2941;2941;8.89;0.55;206.72;3.59;672;13;1001.00;0
2272;13;627648400;2272;208;2941;2941;8.79;0.54;206.81;3.59;669;13;1002.00;0
2278;13;627648409;2278;209;2941;2941;8.66;0.53;206.75;3.59;663;13;1003.00;0
2280;13;627648419;2280;212;2941;2941;8.50;0.52;206.92;3.59;661;13;1004.00;0
2284;13;627648429;2284;215;2941;2941;8.41;0.52;206.89;3.59;657;13;1005.00;0
2285;13;627648440;2285;216;2941;2941;8.38;0.51;206.89;3.59;656;13;1006.00;0
2286;13;627648449;2286;215;2941;2941;8.32;0.51;206.84;3.59;655;13;1007.00;0
2289;13;627648458;2289;238;3017;3068;8.37;0.52;206.85;3.50;728;13;1008.00;51
2292;13;627648484;2292;228;3022;3069;8.32;0.52;206.77;3.49;730;13;1009.00;47
2295;13;627648498;2295;221;3030;3069;8.32;0.52;206.97;3.49;735;13;1010.00;39
2297;13;627648507;2297;218;3034;3069;8.36;0.52;207.03;3.49;737;13;1011.00;35
2300;13;627648518;2300;219;3040;3069;8.32;0.52;206.97;3.49;740;13;1012.00;29
2304;13;627648534;2304;218;3041;3069;8.27;0.51;206.94;3.49;737;13;1013.00;28
2310;13;627648547;2310;215;3045;3069;8.15;0.51;206.95;3.49;735;13;1014.00;24
2317;13;627648560;2317;220;3047;3069;8.13;0.50;207.06;3.50;730;13;1015.00;22
2324;13;627648570;2324;212;3050;3070;8.04;0.50;207.20;3.50;726;13;1016.00;20
2328;13;627648581;2328;213;3054;3071;8.06;0.50;207.24;3.51;726;13;1017.00;17
2330;13;627648599;2330;214;3057;3071;8.07;0.50;207.33;3.51;727;13;1018.00;14
2332;13;627648608;2332;222;3064;3072;8.06;0.50;207.33;3.53;732;13;1019.00;8
2336;13;627648619;2336;217;3068;3072;8.03;0.50;207.50;3.54;732;13;1020.00;4
2341;13;627648629;2341;212;3070;3072;8.03;0.50;207.69;3.54;729;13;1021.00;2
2343;13;627648640;2343;214;3072;3072;8.06;0.50;207.78;3.55;729;13;1022.00;0
2347;13;627648651;2347;214;3074;3076;8.09;0.50;207.85;3.55;727;13;1023.00;2
2352;13;627648664;2352;216;3075;3076;8.08;0.50;208.00;3.54;723;13;1024.00;1
2355;13;627648677;2355;213;3076;3076;8.17;0.51;208.36;3.54;721;13;1025.00;0
2361;13;627648688;2361;210;3078;3079;8.24;0.51;208.64;3.54;717;13;1026.00;1
2366;13;627648701;2366;205;3078;3079;8.37;0.52;208.83;3.54;712;13;1027.00;1
2370;13;627648711;2370;197;3079;3079;8.45;0.52;209.04;3.54;709;13;1028.00;0
2375;13;627648721;2375;196;3083;3083;8.61;0.53;209.08;3.54;708;13;1029.00;0
2379;13;627648738;2379;189;3084;3084;8.82;0.54;209.32;3.54;705;13;1030.00;0
2383;13;627648748;2383;185;3084;3084;8.94;0.55;209.45;3.54;701;13;1031.00;0
2389;13;627648759;2389;182;3088;3088;9.09;0.56;209.60;3.53;699;13;1032.00;0
2392;13;627648770;2392;180;3088;3088;9.19;0.56;209.64;3.53;696;13;1033.00;0
2398;13;627648781;2398;178;3088;3088;9.24;0.56;209.69;3.53;690;13;1034.00;0
2401;13;627648792;2401;170;3090;3090;9.33;0.57;209.74;3.53;689;13;1035.00;0
2403;13;627648803;2403;166;3090;3090;9.42;0.58;209.87;3.53;687;13;1036.00;0
2407;13;627648820;2407;168;3095;3096;9.58;0.58;210.00;3.53;688;13;1037.00;1
2412;13;627648832;2412;160;3095;3096;9.68;0.59;210.05;3.53;683;13;1038.00;1
2417;13;627648853;2417;162;3097;3097;9.71;0.59;210.20;3.53;680;13;1039.00;0
2422;13;627648866;2422;158;3097;3097;9.73;0.59;210.46;3.53;675;13;1040.00;0
2423;13;627648877;2423;161;3097;3097;9.83;0.60;210.42;3.53;674;13;1041.00;0
2428;13;627648898;2428;160;3097;3097;9.81;0.60;210.68;3.53;669;13;1042.00;0
2432;13;627648910;2432;160;3097;3097;9.92;0.60;210.80;3.53;665;13;1043.00;0
2433;13;627648923;2433;155;3108;3109;10.11;0.62;210.79;3.51;675;13;1044.00;1
2439;13;627648939;2439;147;3108;3109;10.16;0.62;210.88;3.51;669;13;1045.00;1
2442;13;627648951;2442;146;3109;3109;10.28;0.63;210.90;3.51;667;13;1046.00;0
2447;13;627648962;2447;149;3109;3109;10.29;0.63;211.17;3.51;662;13;1047.00;0
2452;13;627648975;2452;144;3109;3109;10.27;0.63;211.17;3.51;657;13;1048.00;0
2457;13;627648986;2457;146;3109;3109;10.34;0.63;211.31;3.51;652;13;1049.00;0
2460;13;627649000;2460;147;3115;3115;10.24;0.62;211.41;3.51;655;13;1050.00;0
2464;13;627649013;2464;145;3115;3115;10.32;0.63;211.33;3.51;651;13;1051.00;0
2467;13;627649025;2467;149;3118;3119;10.43;0.63;211.52;3.50;651;13;1052.00;1
2471;13;627649037;2471;154;3120;3120;10.44;0.64;211.61;3.50;649;13;1053.00;0
2473;13;627649050;2473;154;3120;3120;10.49;0.64;211.61;3.50;647;13;1054.00;0
2476;13;627649061;2476;156;3120;3120;10.52;0.64;211.67;3.50;644;13;1055.00;0
2478;13;627649072;2478;166;3133;3133;10.45;0.64;211.71;3.49;655;13;1056.00;0
2480;13;627649086;2480;167;3133;3133;10.44;0.64;211.63;3.49;653;13;1057.00;0
2483;13;627649097;2483;172;3133;3133;10.45;0.64;211.83;3.49;650;13;1058.00;0
2487;13;627649109;2487;171;3134;3134;10.47;0.64;211.88;3.49;647;13;1059.00;0
2492;13;627649121;2492;172;3135;3135;10.49;0.64;211.94;3.49;643;13;1060.00;0
2496;13;627649132;2496;176;3135;3135;10.57;0.64;212.05;3.49;639;13;1061.00;0
2499;13;627649144;2499;177;3137;3138;10.57;0.64;212.17;3.48;638;13;1062.00;1
2503;13;627649155;2503;179;3137;3138;10.55;0.64;212.19;3.48;634;13;1063.00;1
2508;13;627649167;2508;181;3138;3138;10.44;0.63;212.18;3.48;630;13;1064.00;0
2510;13;627649178;2510;183;3138;3138;10.32;0.63;212.35;3.48;628;13;1065.00;0
2513;13;627649195;2513;187;3143;3144;10.19;0.62;212.47;3.48;630;13;1066.00;1
2519;13;627649207;2519;181;3143;3144;10.05;0.61;212.60;3.48;624;13;1067.00;1
2521;13;627649218;2521;179;3144;3144;10.04;0.61;212.73;3.48;623;13;1068.00;0
2526;13;627649229;2526;174;3144;3144;9.97;0.61;212.87;3.48;618;13;1069.00;0
2530;13;627649240;2530;176;3148;3148;9.91;0.60;212.88;3.48;618;13;1070.00;0
2533;13;627649252;2533;177;3149;3149;9.84;0.60;213.02;3.48;616;13;1071.00;0
2536;13;627649262;2536;181;3149;3149;9.68;0.59;213.36;3.48;613;13;1072.00;0
2539;13;627649272;2539;182;3150;3150;9.57;0.58;213.38;3.48;611;13;1073.00;0
2543;13;627649282;2543;183;3150;3150;9.53;0.58;213.47;3.48;607;13;1074.00;0
2548;13;627649294;2548;188;3150;3150;9.48;0.58;213.50;3.48;602;13;1075.00;0
2549;13;627649305;2549;183;3150;3150;9.55;0.58;213.47;3.48;601;13;1076.00;0
2555;13;627649316;2555;176;3150;3150;9.61;0.58;213.49;3.48;595;13;1077.00;0
2556;13;627649334;2556;169;3150;3150;9.72;0.59;213.49;3.48;594;13;1078.00;0
2558;13;627649347;2558;155;3150;3150;9.76;0.59;213.41;3.48;592;13;1079.00;0
2558;13;627649365;2558;174;3231;3275;9.60;0.59;213.41;3.39;673;13;1080.00;44
2561;13;627649393;2561;160;3233;3276;9.70;0.60;213.53;3.39;672;13;1081.00;43
2561;13;627649408;2561;141;3239;3276;9.88;0.61;213.53;3.38;678;13;1082.00;37
2566;13;627649422;2566;127;3243;3276;9.99;0.61;213.61;3.38;677;13;1083.00;33
2568;13;627649436;2568;124;3249;3276;10.13;0.62;213.73;3.38;681;13;1084.00;27
2570;13;627649450;2570;123;3253;3276;10.18;0.62;213.81;3.39;683;13;1085.00;23
2573;13;627649470;2573;126;3256;3276;10.17;0.62;213.98;3.39;683;13;1086.00;20
2576;13;627649481;2576;128;3256;3276;10.18;0.63;213.87;3.39;680;13;1087.00;20
2576;13;627649492;2576;129;3259;3277;10.15;0.62;213.87;3.39;683;13;1088.00;18
2579;13;627649511;2579;126;3261;3278;10.08;0.62;213.96;3.39;682;13;1089.00;17
2581;13;627649523;2581;133;3263;3278;10.04;0.62;213.96;3.40;682;13;1090.00;15
2581;13;627649534;2581;130;3268;3282;10.01;0.61;213.96;3.40;687;13;1091.00;14
2584;13;627649547;2584;133;3269;3282;9.95;0.61;213.83;3.40;685;13;1092.00;13
2585;13;627649559;2585;137;3270;3282;9.92;0.61;213.83;3.40;685;13;1093.00;12
2589;13;627649570;2589;143;3271;3282;9.86;0.60;213.81;3.40;682;13;1094.00;11
2590;13;627649587;2590;152;3274;3288;9.81;0.60;213.76;3.40;684;13;1095.00;14
2592;13;627649599;2592;150;3275;3288;9.84;0.60;213.74;3.40;683;13;1096.00;13
2593;13;627649610;2593;158;3275;3288;9.88;0.61;213.77;3.40;682;13;1097.00;13
2595;13;627649628;2595;169;3278;3291;9.99;0.61;213.77;3.40;683;13;1098.00;13
2596;13;627649650;2596;169;3278;3291;10.05;0.61;213.76;3.40;682;13;1099.00;13
2598;13;627649666;2598;166;3279;3291;10.01;0.61;213.97;3.40;681;13;1100.00;12
2599;13;627649700;2599;170;3280;3292;10.04;0.61;213.96;3.40;681;13;1101.00;12
2603;13;627649714;2603;174;3281;3293;10.06;0.61;213.80;3.40;678;13;1102.00;12
2604;13;627649734;2604;179;3281;3293;10.07;0.62;213.76;3.40;677;13;1103.00;12
2607;13;627649748;2607;181;3291;3306;9.98;0.61;213.72;3.39;684;13;1104.00;15
2607;13;627649763;2607;179;3291;3306;10.03;0.61;213.72;3.39;684;13;1105.00;15
2611;13;627649789;2611;184;3292;3306;10.06;0.62;213.54;3.39;681;13;1106.00;14
2612;13;627649800;2612;186;3293;3307;10.11;0.62;213.53;3.39;681;13;1107.00;14
2615;13;627649810;2615;188;3293;3307;10.18;0.62;213.51;3.39;678;13;1108.00;14
2618;13;627649820;2618;190;3297;3311;10.23;0.62;213.40;3.39;679;13;1109.00;14
2622;13;627649833;2622;187;3297;3311;10.36;0.63;213.47;3.39;675;13;1110.00;14
2623;13;627649844;2623;193;3300;3315;10.46;0.64;213.42;3.39;677;13;1111.00;15
2623;13;627649860;2623;189;3300;3315;10.62;0.65;213.42;3.39;677;13;1112.00;15
2624;13;627649870;2624;193;3300;3315;10.72;0.66;213.44;3.39;676;13;1113.00;15
2627;13;627649879;2627;190;3300;3315;10.77;0.66;213.37;3.39;673;13;1114.00;15
2630;13;627649892;2630;189;3300;3315;10.86;0.66;213.27;3.39;670;13;1115.00;15
2635;13;627649901;2635;189;3309;3327;10.88;0.66;213.14;3.38;674;13;1116.00;18
2635;13;627649912;2635;189;3309;3327;10.86;0.66;213.14;3.38;674;13;1117.00;18
2639;13;627649921;2639;187;3311;3327;10.80;0.66;213.08;3.38;672;13;1118.00;16
2643;13;627649930;2643;188;3311;3327;10.85;0.66;212.93;3.38;668;13;1119.00;16
2645;13;627649939;2645;188;3311;3327;10.84;0.66;212.88;3.38;666;13;1120.00;16
2647;13;627649948;2647;187;3312;3327;10.82;0.66;212.85;3.39;665;13;1121.00;15
2647;13;627649956;2647;188;3312;3328;10.81;0.66;212.85;3.39;665;13;1122.00;16
2651;13;627649965;2651;182;3313;3328;10.75;0.66;212.83;3.39;662;13;1123.00;15
2653;13;627649975;2653;178;3318;3334;10.82;0.66;212.76;3.40;665;13;1124.00;16
2653;13;627649991;2653;177;3323;3336;10.78;0.66;212.76;3.41;670;13;1125.00;13
2655;13;627650008;2655;182;3324;3336;10.73;0.65;212.77;3.43;669;13;1126.00;12
2658;13;627650017;2658;180;3324;3336;10.75;0.65;212.78;3.43;666;13;1127.00;12
2660;13;627650027;2660;182;3328;3340;10.75;0.65;212.70;3.44;668;13;1128.00;12
2664;13;627650037;2664;178;3328;3340;10.78;0.66;212.62;3.44;664;13;1129.00;12
2666;13;627650046;2666;181;3329;3340;10.86;0.66;212.56;3.45;663;13;1130.00;11
2668;13;627650059;2668;170;3330;3341;10.95;0.66;212.50;3.45;662;13;1131.00;11
2670;13;627650077;2670;156;3333;3345;11.09;0.67;212.49;3.45;663;13;1132.00;12
2672;13;627650089;2672;150;3333;3345;11.32;0.69;212.77;3.45;661;13;1133.00;12
2675;13;627650105;2675;141;3336;3348;11.47;0.69;212.73;3.46;661;13;1134.00;12
2675;13;627650116;2675;135;3337;3348;11.66;0.70;212.73;3.46;662;13;1135.00;11
2676;14;627650127;2676;128;3338;3348;11.70;0.71;212.67;3.48;662;14;1136.00;10
2678;14;627650153;2678;117;3338;3348;11.68;0.71;212.54;3.48;660;14;1137.00;10
2682;14;627650171;2682;115;3342;3352;11.70;0.71;212.46;3.49;660;14;1138.00;10
2683;15;627650183;2683;109;3342;3352;11.70;0.71;212.43;3.49;659;15;1139.00;10
2684;15;627650208;2684;112;3344;3352;11.69;0.71;212.48;3.51;660;15;1140.00;8
2687;16;627650224;2687;112;3344;3352;11.73;0.71;212.45;3.51;657;16;1141.00;8
2687;16;627650249;2687;121;3344;3353;11.69;0.71;212.45;3.51;657;16;1142.00;9
2688;16;627650269;2688;121;3346;3354;11.62;0.71;212.44;3.52;658;16;1143.00;8
2688;16;627650293;2688;128;3346;3354;11.57;0.70;212.44;3.52;658;16;1144.00;8
2688;16;627650313;2688;132;3347;3355;11.53;0.70;212.44;3.52;659;16;1145.00;8
2688;16;627650325;2688;134;3347;3355;11.52;0.70;212.44;3.52;659;16;1146.00;8
2689;16;627650337;2689;139;3347;3355;11.47;0.70;212.46;3.52;658;16;1147.00;8
2691;16;627650349;2691;139;3347;3355;11.33;0.69;212.41;3.52;656;16;1148.00;8
2693;16;627650360;2693;143;3347;3355;11.25;0.68;212.39;3.52;654;16;1149.00;8
2694;16;627650375;2694;145;3348;3355;11.15;0.68;212.41;3.54;654;16;1150.00;7
2696;16;627650388;2696;153;3349;3355;11.08;0.67;212.47;3.55;653;16;1151.00;6
2698;16;627650399;2698;173;3414;3482;10.89;0.67;212.58;3.49;716;16;1152.00;68
2699;16;627650422;2699;165;3415;3483;10.85;0.67;212.59;3.49;716;16;1153.00;68
2702;16;627650433;2702;167;3425;3483;10.93;0.67;212.71;3.49;723;16;1154.00;58
2704;16;627650444;2704;168;3431;3483;10.91;0.67;212.79;3.49;727;16;1155.00;52
2708;16;627650455;2708;174;3438;3483;10.81;0.67;213.00;3.50;730;16;1156.00;45
2709;16;627650466;2709;171;3440;3483;10.67;0.66;212.98;3.50;731;16;1157.00;43
2713;16;627650478;2713;176;3448;3483;10.60;0.65;213.06;3.52;735;16;1158.00;35
2719;16;627650492;2719;183;3451;3483;10.48;0.65;212.95;3.53;732;16;1159.00;32
2724;17;627650512;2724;192;3456;3484;10.44;0.64;213.05;3.53;732;17;1160.00;28
2726;17;627650549;2726;191;3460;3485;10.38;0.64;213.14;3.54;734;17;1161.00;25
2728;17;627650560;2728;196;3466;3485;10.33;0.64;213.22;3.55;738;17;1162.00;19
2731;17;627650572;2731;205;3469;3486;10.22;0.63;213.44;3.56;738;17;1163.00;17
2733;17;627650583;2733;210;3473;3486;10.17;0.63;213.44;3.57;740;17;1164.00;13
2737;17;627650595;2737;212;3475;3486;9.95;0.61;213.51;3.57;738;17;1165.00;11
2739;17;627650606;2739;219;3480;3486;9.74;0.60;213.47;3.59;741;17;1166.00;6
2740;17;627650616;2740;223;3483;3490;9.59;0.59;213.60;3.59;743;17;1167.00;7
2740;17;627650628;2740;234;3485;3490;9.44;0.58;213.60;3.59;745;17;1168.00;5
2744;17;627650640;2744;237;3486;3490;9.24;0.57;213.60;3.59;742;17;1169.00;4
2749;17;627650656;2749;238;3489;3496;9.05;0.56;213.62;3.59;740;17;1170.00;7
2752;17;627650674;2752;246;3490;3496;8.95;0.55;213.66;3.59;738;17;1171.00;6
2756;17;627650688;2756;246;3491;3496;8.83;0.54;213.67;3.59;735;17;1172.00;5
2758;17;627650701;2758;249;3495;3500;8.75;0.54;213.72;3.59;737;17;1173.00;5
2761;17;627650713;2761;251;3497;3501;8.74;0.54;213.59;3.59;736;17;1174.00;4
2764;17;627650727;2764;251;3498;3501;8.76;0.54;213.58;3.59;734;17;1175.00;3
2768;17;627650739;2768;253;3502;3505;8.84;0.54;213.61;3.59;734;17;1176.00;3
2770;17;627650752;2770;256;3503;3505;8.93;0.55;213.56;3.59;733;17;1177.00;2
2774;17;627650764;2774;256;3503;3505;8.94;0.55;213.48;3.59;729;17;1178.00;2
2776;17;627650775;2776;261;3504;3506;8.94;0.55;213.48;3.59;728;17;1179.00;2
2781;17;627650786;2781;264;3504;3506;8.96;0.54;213.52;3.59;723;17;1180.00;2
2786;17;627650802;2786;258;3509;3512;8.87;0.54;213.46;3.58;723;17;1181.00;3
2788;17;627650814;2788;254;3509;3512;8.90;0.54;213.50;3.58;721;17;1182.00;3
2789;17;627650826;2789;260;3511;3513;8.95;0.54;213.47;3.58;722;17;1183.00;2
2795;17;627650838;2795;260;3511;3513;8.97;0.55;213.43;3.58;716;17;1184.00;2
2800;17;627650855;2800;254;3511;3513;8.92;0.54;213.57;3.58;711;17;1185.00;2
2802;17;627650865;2802;255;3511;3513;8.89;0.54;213.59;3.58;709;17;1186.00;2
2807;17;627650875;2807;252;3511;3513;8.84;0.54;213.86;3.58;704;17;1187.00;2
2811;17;627650884;2811;252;3522;3525;8.84;0.54;214.06;3.57;711;17;1188.00;3
2813;17;627650900;2813;248;3522;3525;8.85;0.54;214.16;3.57;709;17;1189.00;3
2816;17;627650910;2816;239;3523;3525;8.92;0.55;214.25;3.57;707;17;1190.00;2
2822;17;627650920;2822;234;3523;3525;8.92;0.55;214.41;3.57;701;17;1191.00;2
2825;17;627650936;2825;228;3523;3525;8.98;0.55;214.56;3.57;698;17;1192.00;2
2829;17;627650945;2829;222;3523;3525;8.98;0.55;214.70;3.57;694;17;1193.00;2
2831;17;627650959;2831;217;3527;3529;8.98;0.55;214.82;3.57;696;17;1194.00;2
2838;17;627650972;2838;211;3527;3529;9.01;0.55;215.07;3.57;689;17;1195.00;2
2842;17;627650981;2842;208;3530;3533;9.08;0.56;215.22;3.57;688;17;1196.00;3
2846;17;627650991;2846;207;3531;3534;9.16;0.56;215.36;3.56;685;17;1197.00;3
2853;17;627651000;2853;205;3532;3534;9.18;0.56;215.54;3.56;679;17;1198.00;2
2856;17;627651011;2856;198;3532;3534;9.26;0.57;215.59;3.56;676;17;1199.00;2
2861;17;627651023;2861;193;3555;3575;9.25;0.56;215.71;3.54;694;17;1200.00;20
2864;17;627651041;2864;186;3556;3575;9.31;0.57;215.83;3.54;692;17;1201.00;19
2868;17;627651051;2868;184;3559;3575;9.38;0.57;215.93;3.54;691;17;1202.00;16
2875;17;627651061;2875;178;3561;3576;9.46;0.58;216.03;3.54;686;17;1203.00;15
2878;17;627651071;2878;179;3564;3577;9.50;0.58;216.19;3.54;686;17;1204.00;13
2885;17;627651080;2885;178;3566;3577;9.51;0.58;216.36;3.54;681;17;1205.00;11
2890;17;627651090;2890;179;3568;3580;9.64;0.59;216.39;3.54;678;17;1206.00;12
2892;17;627651100;2892;178;3569;3580;9.67;0.59;216.39;3.54;677;17;1207.00;11
2896;17;627651109;2896;181;3570;3580;9.64;0.59;216.46;3.54;674;17;1208.00;10
2900;17;627651119;2900;179;3571;3580;9.62;0.59;216.53;3.54;671;17;1209.00;9
2903;17;627651129;2903;177;3576;3586;9.61;0.59;216.60;3.53;673;17;1210.00;10
2909;17;627651139;2909;180;3578;3586;9.47;0.58;216.68;3.54;669;17;1211.00;8
2912;17;627651148;2912;177;3578;3586;9.37;0.57;216.72;3.54;666;17;1212.00;8
2916;17;627651157;2916;177;3578;3586;9.32;0.57;216.92;3.54;662;17;1213.00;8
2920;17;627651167;2920;177;3582;3590;9.28;0.57;216.97;3.53;662;17;1214.00;8
2922;17;627651182;2922;181;3584;3592;9.32;0.57;217.02;3.53;662;17;1215.00;8
2931;17;627651192;2931;178;3585;3592;9.32;0.57;217.09;3.54;654;17;1216.00;7
2935;17;627651202;2935;179;3586;3593;9.28;0.57;217.08;3.53;651;17;1217.00;7
2940;17;627651212;2940;181;3586;3593;9.20;0.56;216.89;3.53;646;17;1218.00;7
2945;17;627651222;2945;183;3586;3593;9.12;0.56;217.09;3.53;641;17;1219.00;7
2952;17;627651231;2952;187;3586;3593;9.13;0.56;216.99;3.53;634;17;1220.00;7
2953;17;627651241;2953;186;3586;3593;9.14;0.56;217.03;3.53;633;17;1221.00;7
2958;17;627651250;2958;193;3587;3593;9.07;0.55;217.00;3.54;629;17;1222.00;6
2959;17;627651260;2959;201;3587;3593;9.01;0.55;216.95;3.54;628;17;1223.00;6
2962;17;627651269;2962;220;3629;3663;8.82;0.54;216.87;3.50;667;17;1224.00;34
2966;17;627651284;2966;218;3630;3664;8.75;0.53;216.90;3.50;664;17;1225.00;34
2969;17;627651293;2969;211;3634;3664;8.76;0.53;216.96;3.50;665;17;1226.00;30
2971;17;627651302;2971;216;3638;3664;8.83;0.54;217.08;3.50;667;17;1227.00;26
2974;17;627651318;2974;222;3642;3666;8.93;0.54;217.10;3.50;668;17;1228.00;24
2977;17;627651328;2977;227;3645;3666;9.00;0.55;217.14;3.50;668;17;1229.00;21
2980;17;627651339;2980;232;3649;3666;9.05;0.55;217.16;3.51;669;17;1230.00;17
2981;17;627651349;2981;236;3651;3666;8.98;0.55;217.11;3.51;670;17;1231.00;15
2984;17;627651364;2984;244;3654;3667;8.86;0.54;217.28;3.51;670;17;1232.00;13
2986;17;627651373;2986;247;3658;3668;8.78;0.54;217.33;3.52;672;17;1233.00;10
2988;17;627651383;2988;255;3659;3668;8.73;0.53;217.30;3.52;671;17;1234.00;9
2990;17;627651393;2990;262;3663;3672;8.59;0.52;217.49;3.52;673;17;1235.00;9
2994;17;627651402;2994;268;3664;3672;8.49;0.52;217.51;3.52;670;17;1236.00;8
2996;17;627651412;2996;259;3665;3672;8.44;0.51;217.57;3.52;669;17;1237.00;7
2999;17;627651421;2999;255;3666;3672;8.39;0.51;217.62;3.53;667;17;1238.00;6
3002;17;627651437;3002;250;3673;3678;8.36;0.51;217.89;3.52;671;17;1239.00;5
3002;17;627651447;3002;250;3673;3678;8.42;0.51;217.89;3.52;671;17;1240.00;5
3002;17;627651457;3002;246;3673;3678;8.53;0.52;217.89;3.52;671;17;1241.00;5
3003;17;627651466;3003;254;3676;3681;8.69;0.53;217.94;3.52;673;17;1242.00;5
3005;17;627651477;3005;251;3676;3681;8.79;0.54;217.93;3.52;671;17;1243.00;5
3009;17;627651489;3009;250;3676;3681;8.77;0.53;217.94;3.52;667;17;1244.00;5
3011;17;627651498;3011;248;3677;3682;8.76;0.53;217.93;3.52;666;17;1245.00;5
3013;17;627651508;3013;237;3678;3683;8.80;0.53;217.88;3.52;665;17;1246.00;5
3014;17;627651517;3014;225;3678;3683;8.84;0.54;217.90;3.52;664;17;1247.00;5
3015;17;627651527;3015;218;3691;3696;9.00;0.55;217.86;3.51;676;17;1248.00;5
3019;17;627651545;3019;202;3691;3696;9.09;0.55;217.74;3.51;672;17;1249.00;5
3021;17;627651555;3021;194;3691;3696;9.18;0.56;217.65;3.51;670;17;1250.00;5
3022;17;627651565;3022;188;3693;3697;9.31;0.57;217.65;3.53;671;17;1251.00;4
3023;17;627651575;3023;182;3693;3697;9.34;0.57;217.62;3.53;670;17;1252.00;4
3027;17;627651584;3027;181;3696;3701;9.51;0.58;217.55;3.53;669;17;1253.00;5
3029;17;627651596;3029;183;3696;3701;9.65;0.59;217.58;3.53;667;17;1254.00;5
3034;17;627651606;3034;181;3701;3705;9.67;0.59;217.53;3.53;667;17;1255.00;4
3035;17;627651622;3035;178;3701;3705;9.71;0.59;217.50;3.53;666;17;1256.00;4
3036;17;627651631;3036;174;3701;3705;9.74;0.59;217.46;3.53;665;17;1257.00;4
3040;17;627651641;3040;174;3701;3705;9.66;0.59;217.37;3.53;661;17;1258.00;4
3043;17;627651657;3043;171;3701;3705;9.62;0.59;217.45;3.53;658;17;1259.00;4
3043;17;627651668;3043;175;3724;3739;9.61;0.59;217.45;3.51;681;17;1260.00;15
3045;17;627651685;3045;173;3724;3739;9.68;0.59;217.40;3.51;679;17;1261.00;15
3046;17;627651703;3046;175;3725;3739;9.73;0.60;217.35;3.51;679;17;1262.00;14
3047;17;627651716;3047;179;3725;3739;9.68;0.59;217.29;3.51;678;17;1263.00;14
3049;17;627651732;3049;182;3726;3739;9.63;0.59;217.27;3.51;677;17;1264.00;13
3051;17;627651744;3051;187;3727;3739;9.58;0.59;217.17;3.51;676;17;1265.00;12
3054;17;627651757;3054;189;3729;3740;9.68;0.59;217.13;3.51;675;17;1266.00;11
3056;17;627651771;3056;191;3729;3740;9.70;0.59;217.04;3.51;673;17;1267.00;11
3057;17;627651784;3057;188;3734;3746;9.66;0.59;217.03;3.54;677;17;1268.00;12
3061;17;627651794;3061;185;3735;3747;9.74;0.59;216.95;3.54;674;17;1269.00;12
3064;17;627651804;3064;182;3737;3747;9.78;0.60;217.04;3.54;673;17;1270.00;10
3066;17;627651815;3066;184;3737;3747;9.82;0.60;216.93;3.54;671;17;1271.00;10
3067;17;627651824;3067;188;3740;3751;9.88;0.60;216.92;3.54;673;17;1272.00;11
3069;17;627651834;3069;191;3741;3751;9.87;0.60;217.02;3.54;672;17;1273.00;10
3073;17;627651850;3073;193;3741;3751;9.86;0.60;217.00;3.54;668;17;1274.00;10
3073;17;627651859;3073;194;3742;3752;9.88;0.60;217.00;3.54;669;17;1275.00;10
3073;17;627651869;3073;197;3745;3756;9.93;0.61;217.00;3.53;672;17;1276.00;11
3073;17;627651878;3073;202;3745;3756;9.98;0.61;217.00;3.53;672;17;1277.00;11
3073;17;627651887;3073;205;3747;3759;10.05;0.61;217.00;3.53;674;17;1278.00;12
3076;17;627651902;3076;210;3747;3759;10.12;0.62;217.01;3.53;671;17;1279.00;12
3078;17;627651911;3078;210;3748;3759;10.18;0.62;216.90;3.53;670;17;1280.00;11
3081;17;627651920;3081;207;3748;3759;10.17;0.62;216.85;3.53;667;17;1281.00;11
3083;17;627651928;3083;209;3751;3763;10.22;0.62;216.78;3.53;668;17;1282.00;12
3085;17;627651937;3085;196;3751;3763;10.27;0.62;216.76;3.53;666;17;1283.00;12
3086;17;627651946;3086;187;3752;3763;10.36;0.63;216.78;3.53;666;17;1284.00;11
3087;17;627651955;3087;177;3752;3763;10.45;0.63;216.73;3.53;665;17;1285.00;11
3087;17;627651965;3087;175;3752;3764;10.50;0.64;216.73;3.53;665;17;1286.00;12
3088;17;627651974;3088;169;3753;3765;10.56;0.64;216.73;3.53;665;17;1287.00;12
3090;17;627651983;3090;162;3753;3765;10.60;0.64;216.74;3.53;663;17;1288.00;12
3097;17;627651992;3097;148;3754;3766;10.65;0.64;216.73;3.53;657;17;1289.00;12
3099;17;627652009;3099;139;3754;3766;10.78;0.65;216.72;3.53;655;17;1290.00;12
3100;17;627652019;3100;133;3754;3766;10.94;0.66;216.69;3.53;654;17;1291.00;12
3103;17;627652029;3103;125;3754;3766;11.11;0.67;216.61;3.53;651;17;1292.00;12
3104;17;627652039;3104;117;3754;3766;11.21;0.68;216.58;3.53;650;17;1293.00;12
3106;17;627652048;3106;104;3755;3766;11.30;0.68;216.56;3.54;649;17;1294.00;11
3107;17;627652064;3107;98;3756;3766;11.47;0.70;216.55;3.54;649;17;1295.00;10
3109;17;627652073;3109;108;3815;3893;11.39;0.70;216.55;3.49;706;17;1296.00;78
3110;17;627652093;3110;102;3815;3894;11.49;0.71;216.56;3.49;705;17;1297.00;79
3114;17;627652103;3114;92;3823;3894;11.63;0.71;216.42;3.48;709;17;1298.00;71
3114;17;627652113;3114;89;3826;3894;11.74;0.72;216.42;3.48;712;17;1299.00;68
3115;17;627652123;3115;88;3831;3894;11.86;0.73;216.38;3.49;716;17;1300.00;63
3117;17;627652138;3117;81;3836;3894;11.94;0.73;216.41;3.49;719;17;1301.00;58
3118;17;627652148;3118;84;3841;3894;12.06;0.74;216.42;3.49;723;17;1302.00;53
3118;17;627652158;3118;84;3844;3894;12.17;0.75;216.42;3.52;726;17;1303.00;50
3120;17;627652168;3120;85;3848;3895;12.28;0.75;216.40;3.52;728;17;1304.00;47
3123;17;627652177;3123;82;3853;3897;12.26;0.75;216.35;3.53;730;17;1305.00;44
3124;17;627652195;3124;83;3857;3897;12.25;0.75;216.42;3.53;733;17;1306.00;40
3129;17;627652205;3129;87;3859;3898;12.22;0.75;216.60;3.54;730;17;1307.00;39
3130;17;627652216;3130;90;3861;3898;12.18;0.75;216.67;3.54;731;17;1308.00;37
3133;17;627652227;3133;97;3865;3898;12.05;0.74;216.70;3.55;732;17;1309.00;33
3137;17;627652238;3137;101;3866;3898;12.02;0.74;216.68;3.55;729;17;1310.00;32
3143;18;627652249;3143;110;3870;3902;11.91;0.73;216.87;3.56;727;18;1311.00;32
3146;18;627652272;3146;109;3872;3902;11.83;0.72;216.88;3.57;726;18;1312.00;30
3150;18;627652283;3150;116;3873;3902;11.77;0.72;216.88;3.57;723;18;1313.00;29
3154;18;627652294;3154;126;3880;3905;11.59;0.71;216.96;3.60;726;18;1314.00;25
3157;18;627652305;3157;129;3881;3905;11.41;0.69;216.94;3.60;724;18;1315.00;24
3162;18;627652316;3162;132;3884;3905;11.30;0.69;216.98;3.61;722;18;1316.00;21
3166;18;627652326;3166;140;3888;3909;11.13;0.67;216.98;3.61;722;18;1317.00;21
3167;18;627652338;3167;147;3890;3910;11.07;0.67;217.03;3.61;723;18;1318.00;20
3170;18;627652349;3170;153;3893;3910;10.92;0.66;217.09;3.63;723;18;1319.00;17
3173;18;627652361;3173;156;3897;3915;10.89;0.66;217.09;3.63;724;18;1320.00;18
3176;18;627652372;3176;159;3898;3915;10.78;0.65;217.11;3.63;722;18;1321.00;17
3182;18;627652383;3182;165;3898;3915;10.65;0.65;217.13;3.63;716;18;1322.00;17
3184;18;627652393;3184;167;3900;3916;10.58;0.64;217.14;3.64;716;18;1323.00;16
3185;18;627652403;3185;170;3900;3916;10.47;0.64;217.24;3.64;715;18;1324.00;16
3187;18;627652420;3187;171;3906;3922;10.36;0.63;217.22;3.66;719;18;1325.00;16
3189;18;627652434;3189;179;3906;3922;10.29;0.63;217.33;3.66;717;18;1326.00;16
3192;18;627652451;3192;185;3909;3923;10.22;0.62;217.39;3.66;717;18;1327.00;14
3196;18;627652461;3196;189;3910;3923;10.16;0.62;217.49;3.67;714;18;1328.00;13
3197;18;627652473;3197;192;3910;3923;10.07;0.61;217.48;3.67;713;18;1329.00;13
3201;18;627652484;3201;192;3911;3923;9.92;0.60;217.50;3.68;710;18;1330.00;12
3202;18;627652494;3202;200;3912;3923;9.84;0.60;217.51;3.69;710;18;1331.00;11
3205;18;627652510;3205;209;3922;3935;9.76;0.59;217.50;3.69;717;18;1332.00;13
3211;18;627652521;3211;210;3922;3935;9.72;0.59;217.49;3.69;711;18;1333.00;13
3214;18;627652531;3214;211;3925;3935;9.64;0.58;217.46;3.69;711;18;1334.00;10
3214;18;627652548;3214;217;3926;3935;9.59;0.58;217.46;3.70;712;18;1335.00;9
3215;18;627652558;3215;220;3928;3935;9.52;0.58;217.45;3.70;713;18;1336.00;7
3217;18;627652567;3217;227;3928;3935;9.53;0.58;217.47;3.70;711;18;1337.00;7
3218;18;627652577;3218;234;3933;3939;9.47;0.58;217.50;3.70;715;18;1338.00;6
3220;18;627652587;3220;229;3933;3939;9.49;0.58;217.56;3.70;713;18;1339.00;6
3221;18;627652598;3221;229;3936;3943;9.51;0.58;217.55;3.70;715;18;1340.00;7
3222;18;627652609;3222;228;3937;3944;9.47;0.58;217.54;3.69;715;18;1341.00;7
3223;18;627652618;3223;227;3938;3944;9.49;0.58;217.60;3.69;715;18;1342.00;6
3226;18;627652630;3226;227;3938;3944;9.43;0.58;217.54;3.69;712;18;1343.00;6
3227;18;627652641;3227;228;3950;3957;9.40;0.58;217.54;3.68;723;18;1344.00;7
3230;18;627652652;3230;228;3950;3957;9.36;0.57;217.53;3.68;720;18;1345.00;7
3233;18;627652662;3233;232;3951;3957;9.30;0.57;217.58;3.68;718;18;1346.00;6
3235;18;627652673;3235;230;3952;3958;9.28;0.57;217.58;3.68;717;18;1347.00;6
3239;18;627652683;3239;230;3953;3959;9.24;0.57;217.67;3.68;714;18;1348.00;6
3241;18;627652693;3241;228;3953;3959;9.18;0.56;217.73;3.68;712;18;1349.00;6
3242;18;627652704;3242;227;3956;3968;9.18;0.56;217.72;3.68;714;18;1350.00;12
3247;18;627652714;3247;226;3957;3968;9.11;0.56;217.79;3.68;710;18;1351.00;11
3249;18;627652724;3249;226;3958;3968;9.04;0.56;217.85;3.68;709;18;1352.00;10
3256;18;627652733;3256;228;3958;3968;9.02;0.55;217.85;3.68;702;18;1353.00;10
3260;18;627652742;3260;227;3963;3974;9.04;0.56;217.96;3.68;703;18;1354.00;11
3265;18;627652752;3265;226;3963;3974;8.93;0.55;218.06;3.68;698;18;1355.00;11
3269;18;627652761;3269;233;3964;3974;8.89;0.55;218.05;3.68;695;18;1356.00;10
3277;18;627652770;3277;231;3966;3974;8.77;0.54;218.17;3.68;689;18;1357.00;8
3280;18;627652779;3280;230;3970;3978;8.62;0.53;218.29;3.67;690;18;1358.00;8
3283;18;627652788;3283;236;3972;3979;8.47;0.52;218.36;3.67;689;18;1359.00;7
3290;18;627652796;3290;228;3972;3979;8.30;0.51;218.59;3.67;682;18;1360.00;7
3292;18;627652806;3292;227;3973;3980;8.31;0.51;218.55;3.67;681;18;1361.00;7
3303;18;627652814;3303;226;3973;3980;8.17;0.50;218.61;3.67;670;18;1362.00;7
3305;18;627652824;3305;214;3973;3980;8.20;0.50;218.63;3.67;668;18;1363.00;7
3309;18;627652832;3309;217;3973;3980;8.18;0.50;218.83;3.67;664;18;1364.00;7
3314;18;627652840;3314;211;3973;3980;8.19;0.50;219.00;3.67;659;18;1365.00;7
3316;18;627652848;3316;213;3973;3980;8.22;0.50;219.01;3.67;657;18;1366.00;7
3319;18;627652856;3319;203;3973;3980;8.26;0.51;219.08;3.67;654;18;1367.00;7
3324;18;627652865;3324;202;4015;4050;8.41;0.52;219.36;3.63;691;18;1368.00;35
3327;18;627652879;3327;193;4020;4051;8.54;0.52;219.31;3.63;693;18;1369.00;31
3332;18;627652888;3332;196;4027;4051;8.67;0.53;219.51;3.67;695;18;1370.00;24
3336;18;627652897;3336;193;4029;4051;8.67;0.53;219.53;3.67;693;18;1371.00;22
3340;18;627652905;3340;189;4033;4051;8.82;0.54;219.68;3.67;693;18;1372.00;18
3344;18;627652914;3344;189;4037;4051;8.85;0.54;219.59;3.67;693;18;1373.00;14
3347;18;627652923;3347;190;4040;4051;8.91;0.55;219.83;3.67;693;18;1374.00;11
3352;18;627652932;3352;193;4041;4051;8.97;0.55;219.92;3.67;689;18;1375.00;10
3358;18;627652941;3358;196;4043;4052;8.86;0.54;219.95;3.67;685;18;1376.00;9
3362;18;627652950;3362;195;4044;4053;8.83;0.54;219.95;3.67;682;18;1377.00;9
3369;18;627652959;3369;197;4045;4053;8.74;0.53;220.02;3.68;676;18;1378.00;8
3373;18;627652974;3373;204;4048;4057;8.67;0.53;220.03;3.67;675;18;1379.00;9
3377;18;627652984;3377;206;4048;4057;8.67;0.53;220.17;3.67;671;18;1380.00;9
3382;18;627652994;3382;204;4048;4057;8.65;0.53;220.17;3.67;666;18;1381.00;9
3386;18;627653002;3386;205;4048;4057;8.73;0.53;220.22;3.67;662;18;1382.00;9
3388;18;627653011;3388;206;4053;4063;8.75;0.54;220.19;3.67;665;18;1383.00;10
3393;18;627653021;3393;201;4053;4063;8.82;0.54;220.22;3.67;660;18;1384.00;10
3399;18;627653030;3399;210;4054;4063;8.88;0.54;220.40;3.67;655;18;1385.00;9
3401;18;627653040;3401;215;4056;4066;8.95;0.55;220.45;3.67;655;18;1386.00;10
3406;18;627653049;3406;220;4059;4066;8.86;0.54;220.59;3.68;653;18;1387.00;7
3411;18;627653058;3411;217;4059;4066;8.75;0.53;220.67;3.68;648;18;1388.00;7
3418;18;627653067;3418;219;4061;4067;8.63;0.53;220.77;3.68;643;18;1389.00;6
3421;18;627653081;3421;219;4062;4068;8.45;0.52;220.86;3.68;641;18;1390.00;6
3422;18;627653096;3422;221;4062;4068;8.29;0.51;220.82;3.68;640;18;1391.00;6
3426;18;627653104;3426;221;4074;4081;8.32;0.51;220.87;3.67;648;18;1392.00;7
3432;18;627653114;3432;224;4074;4081;8.24;0.50;220.95;3.67;642;18;1393.00;7
3436;18;627653122;3436;227;4075;4081;8.26;0.51;221.07;3.67;639;18;1394.00;6
3439;18;627653131;3439;227;4077;4083;8.26;0.51;220.95;3.67;638;18;1395.00;6
3445;18;627653139;3445;234;4077;4083;8.28;0.51;221.02;3.67;632;18;1396.00;6
3447;18;627653148;3447;242;4080;4087;8.34;0.51;220.98;3.66;633;18;1397.00;7
3449;18;627653157;3449;245;4080;4087;8.32;0.51;220.96;3.66;631;18;1398.00;7
3450;18;627653165;3450;253;4085;4091;8.31;0.51;220.93;3.66;635;18;1399.00;6
3453;18;627653180;3453;259;4085;4091;8.25;0.50;220.90;3.66;632;18;1400.00;6
3456;18;627653198;3456;264;4085;4091;8.20;0.50;221.01;3.66;629;18;1401.00;6
3458;18;627653207;3458;269;4085;4091;8.11;0.49;220.97;3.66;627;18;1402.00;6
3463;18;627653216;3463;278;4085;4091;7.92;0.48;220.96;3.66;622;18;1403.00;6
3463;18;627653224;3463;286;4095;4103;7.93;0.48;220.96;3.65;632;18;1404.00;8
3465;18;627653233;3465;291;4095;4103;7.85;0.48;220.88;3.65;630;18;1405.00;8
3466;18;627653241;3466;295;4097;4103;7.83;0.48;220.96;3.65;631;18;1406.00;6
3467;18;627653249;3467;288;4097;4103;7.78;0.47;220.91;3.65;630;18;1407.00;6
3468;18;627653257;3468;288;4097;4103;7.78;0.47;220.91;3.65;629;18;1408.00;6
3468;18;627653266;3468;280;4097;4103;7.76;0.47;220.91;3.65;629;18;1409.00;6
3472;18;627653280;3472;279;4098;4104;7.71;0.47;220.92;3.65;626;18;1410.00;6
3475;18;627653290;3475;277;4098;4104;7.70;0.47;220.81;3.65;623;18;1411.00;6
3476;18;627653300;3476;272;4104;4110;7.67;0.47;220.76;3.69;628;18;1412.00;6
3477;18;627653313;3477;269;4105;4111;7.72;0.47;220.71;3.69;628;18;1413.00;6
3479;18;627653324;3479;265;4106;4111;7.78;0.47;220.63;3.69;627;18;1414.00;5
3483;18;627653332;3483;265;4106;4111;7.77;0.47;220.62;3.69;623;18;1415.00;5
3485;18;627653341;3485;249;4110;4115;7.83;0.48;220.58;3.69;625;18;1416.00;5
3487;18;627653350;3487;241;4110;4115;7.89;0.48;220.69;3.69;623;18;1417.00;5
3487;18;627653359;3487;232;4110;4115;7.96;0.49;220.69;3.69;623;18;1418.00;5
3489;18;627653367;3489;220;4111;4116;8.05;0.49;220.65;3.69;622;18;1419.00;5
3493;18;627653376;3493;213;4115;4120;8.07;0.49;220.59;3.69;622;18;1420.00;5
3494;18;627653385;3494;200;4115;4120;8.26;0.50;220.56;3.69;621;18;1421.00;5
3494;18;627653395;3494;197;4117;4123;8.52;0.52;220.56;3.68;623;18;1422.00;6
3498;18;627653404;3498;193;4117;4123;8.65;0.53;220.41;3.68;619;18;1423.00;6
3499;18;627653413;3499;192;4118;4123;8.86;0.54;220.41;3.68;619;18;1424.00;5
3501;18;627653422;3501;191;4118;4123;8.99;0.55;220.46;3.68;617;18;1425.00;5
3505;18;627653431;3505;185;4121;4127;9.09;0.55;220.38;3.68;616;18;1426.00;6
3505;18;627653440;3505;183;4121;4127;9.21;0.56;220.38;3.68;616;18;1427.00;6
3505;18;627653449;3505;181;4122;4127;9.36;0.57;220.38;3.68;617;18;1428.00;5
3506;18;627653457;3506;182;4122;4127;9.42;0.57;220.38;3.68;616;18;1429.00;5
3507;18;627653465;3507;181;4123;4128;9.46;0.57;220.33;3.68;616;18;1430.00;5
3508;18;627653474;3508;181;4124;4129;9.52;0.58;220.35;3.68;616;18;1431.00;5
3510;18;627653482;3510;182;4124;4129;9.63;0.59;220.32;3.68;614;18;1432.00;5
3510;18;627653491;3510;183;4125;4130;9.67;0.59;220.32;3.68;615;18;1433.00;5
3511;18;627653499;3511;184;4125;4130;9.64;0.59;220.33;3.68;614;18;1434.00;5
3513;18;627653507;3513;170;4125;4130;9.68;0.59;220.26;3.68;612;18;1435.00;5
3514;18;627653515;3514;159;4125;4130;9.77;0.59;220.28;3.68;611;18;1436.00;5
3514;18;627653523;3514;151;4125;4130;9.89;0.60;220.28;3.68;611;18;1437.00;5
3514;18;627653531;3514;144;4125;4130;10.13;0.62;220.28;3.68;611;18;1438.00;5
3516;18;627653539;3516;137;4125;4130;10.28;0.62;220.25;3.68;609;18;1439.00;5
3516;18;627653555;3516;172;4239;4360;10.14;0.63;220.25;3.58;723;18;1440.00;121
3516;18;627653581;3516;157;4242;4361;10.33;0.65;220.25;3.58;726;18;1441.00;119
3519;18;627653591;3519;135;4252;4361;10.61;0.66;220.19;3.58;733;18;1442.00;109
3520;18;627653602;3520;126;4260;4361;10.73;0.67;220.21;3.57;740;18;1443.00;101
3522;18;627653620;3522;112;4266;4361;10.82;0.67;220.17;3.57;744;18;1444.00;95
3523;18;627653637;3523;111;4273;4361;10.87;0.68;220.16;3.58;750;18;1445.00;88
3525;19;627653653;3525;112;4277;4361;10.91;0.68;220.17;3.58;752;19;1446.00;84
3526;19;627653684;3526;116;4282;4361;10.99;0.68;220.21;3.58;756;19;1447.00;79
3527;19;627653701;3527;111;4286;4362;11.05;0.68;220.21;3.59;759;19;1448.00;76
3529;19;627653727;3529;116;4290;4363;11.13;0.69;220.16;3.63;761;19;1449.00;73
3532;19;627653743;3532;124;4294;4363;11.13;0.69;220.20;3.64;762;19;1450.00;69
3532;19;627653759;3532;126;4298;4364;11.18;0.69;220.20;3.65;766;19;1451.00;66
3535;19;627653775;3535;131;4299;4364;11.14;0.68;220.15;3.65;764;19;1452.00;65
3537;19;627653792;3537;137;4301;4364;11.10;0.68;220.14;3.65;764;19;1453.00;63
3538;19;627653806;3538;149;4304;4364;11.08;0.68;220.09;3.70;766;19;1454.00;60
3540;19;627653819;3540;157;4308;4368;11.09;0.68;220.04;3.70;768;19;1455.00;60
3545;19;627653831;3545;160;4310;4368;11.04;0.68;220.18;3.71;765;19;1456.00;58
3546;19;627653843;3546;165;4313;4368;10.97;0.67;220.16;3.75;767;19;1457.00;55
3549;19;627653854;3549;166;4315;4371;10.93;0.67;220.19;3.76;766;19;1458.00;56
3550;19;627653865;3550;168;4317;4371;10.93;0.67;220.29;3.76;767;19;1459.00;54
3554;19;627653875;3554;171;4319;4371;10.97;0.67;220.28;3.80;765;19;1460.00;52
3557;19;627653887;3557;169;4322;4375;10.94;0.67;220.28;3.80;765;19;1461.00;53
3559;19;627653898;3559;163;4324;4376;11.05;0.67;220.33;3.80;765;19;1462.00;52
3563;19;627653911;3563;158;4325;4376;11.11;0.68;220.37;3.82;762;19;1463.00;51
3570;19;627653922;3570;155;4327;4380;11.16;0.68;220.42;3.83;757;19;1464.00;53
3572;19;627653933;3572;146;4332;4380;11.26;0.69;220.35;3.84;760;19;1465.00;48
3575;19;627653945;3575;146;4332;4380;11.28;0.69;220.45;3.84;757;19;1466.00;48
3576;19;627653959;3576;145;4335;4381;11.37;0.69;220.45;3.85;759;19;1467.00;46
3579;19;627653972;3579;140;4335;4381;11.40;0.69;220.46;3.85;756;19;1468.00;46
3582;19;627653983;3582;132;4338;4387;11.39;0.69;220.50;3.86;756;19;1469.00;49
3587;19;627653997;3587;133;4338;4387;11.47;0.70;220.68;3.86;751;19;1470.00;49
3589;19;627654008;3589;130;4339;4388;11.52;0.70;220.70;3.86;750;19;1471.00;49
3591;19;627654019;3591;127;4340;4388;11.53;0.70;220.75;3.87;749;19;1472.00;48
3594;19;627654031;3594;125;4342;4388;11.53;0.70;220.84;3.88;748;19;1473.00;46
3595;19;627654041;3595;134;4343;4388;11.54;0.70;220.85;3.88;748;19;1474.00;45
3598;19;627654052;3598;128;4344;4388;11.54;0.70;221.02;3.88;746;19;1475.00;44
3601;19;627654063;3601;138;4355;4400;11.51;0.70;221.15;3.89;754;19;1476.00;45
3603;19;627654075;3603;138;4355;4400;11.47;0.70;221.11;3.89;752;19;1477.00;45
3606;19;627654086;3606;141;4357;4400;11.44;0.69;221.06;3.89;751;19;1478.00;43
3608;19;627654098;3608;141;4360;4400;11.41;0.69;220.98;3.90;752;19;1479.00;40
3610;19;627654109;3610;149;4361;4400;11.46;0.70;221.01;3.91;751;19;1480.00;39
3613;19;627654119;3613;153;4362;4400;11.47;0.70;220.97;3.91;749;19;1481.00;38
3616;19;627654130;3616;155;4366;4404;11.32;0.69;221.01;3.92;750;19;1482.00;38
3620;19;627654142;3620;159;4367;4404;11.33;0.69;221.08;3.93;747;19;1483.00;37
3623;19;627654153;3623;158;4370;4408;11.31;0.69;221.12;3.93;747;19;1484.00;38
3624;19;627654165;3624;163;4374;4410;11.31;0.69;221.13;3.94;750;19;1485.00;36
3624;19;627654177;3624;166;4375;4410;11.29;0.69;221.13;3.94;751;19;1486.00;35
3629;19;627654188;3629;173;4375;4410;11.17;0.68;221.29;3.94;746;19;1487.00;35
3630;19;627654198;3630;181;4385;4423;11.03;0.67;221.28;3.96;755;19;1488.00;38
3632;19;627654211;3632;183;4385;4423;10.99;0.67;221.36;3.96;753;19;1489.00;38
3635;19;627654222;3635;188;4388;4423;10.89;0.66;221.28;3.98;753;19;1490.00;35
3641;19;627654233;3641;189;4390;4424;10.78;0.66;221.32;3.99;749;19;1491.00;34
3643;19;627654245;3643;201;4390;4425;10.64;0.65;221.28;3.99;747;19;1492.00;35
3645;19;627654256;3645;207;4393;4425;10.51;0.64;221.34;4.02;748;19;1493.00;32
3649;19;627654267;3649;212;4396;4428;10.41;0.63;221.28;4.03;747;19;1494.00;32
3652;19;627654278;3652;220;4397;4428;10.27;0.62;221.30;4.04;745;19;1495.00;31
3654;19;627654289;3654;228;4399;4428;10.13;0.62;221.25;4.05;745;19;1496.00;29
3658;19;627654299;3658;232;4401;4428;10.05;0.61;221.28;4.07;743;19;1497.00;27
3661;19;627654311;3661;241;4406;4434;10.01;0.61;221.27;4.08;745;19;1498.00;28
3666;19;627654322;3666;242;4408;4434;9.87;0.60;221.34;4.11;742;19;1499.00;26
3668;19;627654334;3668;254;4413;4453;9.69;0.59;221.32;4.11;745;19;1500.00;40
3671;19;627654353;3671;258;4415;4453;9.54;0.58;221.32;4.14;744;19;1501.00;38
3672;19;627654363;3672;269;4420;4457;9.35;0.57;221.33;4.14;748;19;1502.00;37
3675;19;627654373;3675;270;4424;4458;9.19;0.56;221.38;4.17;749;19;1503.00;34
3676;19;627654383;3676;281;4425;4458;9.16;0.56;221.37;4.18;749;19;1504.00;33
3678;19;627654393;3678;283;4429;4459;9.12;0.55;221.32;4.21;751;19;1505.00;30
3679;19;627654402;3679;293;4432;4459;9.07;0.55;221.31;4.21;753;19;1506.00;27
3680;19;627654412;3680;298;4433;4459;9.01;0.55;221.30;4.22;753;19;1507.00;26
3682;19;627654421;3682;302;4436;4459;8.86;0.54;221.29;4.23;754;19;1508.00;23
3683;19;627654431;3683;300;4436;4459;8.79;0.54;221.28;4.23;753;19;1509.00;23
3687;19;627654441;3687;299;4439;4459;8.66;0.53;221.26;4.24;752;19;1510.00;20
3689;19;627654451;3689;296;4440;4459;8.60;0.53;221.20;4.24;751;19;1511.00;19
3689;19;627654468;3689;300;4469;4529;8.58;0.53;221.20;4.21;780;19;1512.00;60
3695;19;627654484;3695;296;4470;4530;8.55;0.52;221.29;4.21;775;19;1513.00;60
3697;19;627654494;3697;295;4481;4530;8.60;0.53;221.39;4.21;784;19;1514.00;49
3699;19;627654504;3699;291;4484;4530;8.59;0.53;221.35;4.21;785;19;1515.00;46
3701;19;627654515;3701;292;4490;4530;8.65;0.53;221.48;4.21;789;19;1516.00;40
3702;19;627654525;3702;291;4492;4530;8.70;0.53;221.45;4.22;790;19;1517.00;38
3706;19;627654535;3706;290;4495;4530;8.69;0.53;221.36;4.22;789;19;1518.00;35
3709;19;627654545;3709;291;4496;4530;8.65;0.53;221.46;4.22;787;19;1519.00;34
3713;19;627654555;3713;292;4497;4531;8.59;0.53;221.44;4.22;784;19;1520.00;34
3713;19;627654566;3713;293;4501;4532;8.61;0.53;221.44;4.22;788;19;1521.00;31
3719;19;627654576;3719;294;4503;4532;8.52;0.52;221.39;4.23;784;19;1522.00;29
3724;19;627654586;3724;301;4508;4536;8.44;0.52;221.47;4.23;784;19;1523.00;28
3728;19;627654598;3728;301;4509;4536;8.37;0.51;221.49;4.23;781;19;1524.00;27
3733;19;627654607;3733;294;4510;4536;8.31;0.51;221.59;4.23;777;19;1525.00;26
3737;19;627654618;3737;291;4511;4536;8.21;0.50;221.57;4.23;774;19;1526.00;25
3741;19;627654627;3741;290;4515;4542;8.10;0.50;221.69;4.23;774;19;1527.00;27
3747;19;627654638;3747;293;4515;4542;7.97;0.49;221.75;4.23;768;19;1528.00;27
3749;19;627654648;3749;295;4516;4542;7.90;0.48;221.82;4.24;767;19;1529.00;26
3753;19;627654660;3753;287;4519;4548;7.81;0.48;221.93;4.23;766;19;1530.00;29
3755;19;627654670;3755;279;4519;4548;7.75;0.47;222.01;4.23;764;19;1531.00;29
3759;19;627654682;3759;274;4519;4548;7.59;0.46;222.05;4.23;760;19;1532.00;29
3762;19;627654692;3762;271;4521;4549;7.45;0.46;222.13;4.24;759;19;1533.00;28
3765;19;627654702;3765;277;4522;4550;7.47;0.46;222.05;4.24;757;19;1534.00;28
3769;19;627654711;3769;274;4523;4550;7.44;0.45;222.06;4.25;754;19;1535.00;27
3771;19;627654721;3771;277;4535;4563;7.42;0.45;222.12;4.24;764;19;1536.00;28
3774;19;627654731;3774;270;4535;4563;7.45;0.46;222.10;4.24;761;19;1537.00;28
3777;19;627654740;3777;263;4537;4563;7.51;0.46;222.13;4.25;760;19;1538.00;26
3780;19;627654749;3780;250;4538;4564;7.55;0.46;222.22;4.25;758;19;1539.00;26
3784;19;627654759;3784;247;4540;4564;7.62;0.47;222.20;4.26;756;19;1540.00;24
3787;19;627654768;3787;238;4544;4568;7.72;0.47;222.26;4.27;757;19;1541.00;24
3790;19;627654777;3790;236;4544;4568;7.75;0.47;222.31;4.27;754;19;1542.00;24
3794;19;627654787;3794;236;4549;4572;7.72;0.47;222.35;4.27;755;19;1543.00;23
3795;19;627654796;3795;235;4550;4572;7.76;0.47;222.38;4.28;755;19;1544.00;22
3799;19;627654805;3799;233;4550;4572;7.79;0.48;222.38;4.28;751;19;1545.00;22
3802;19;627654814;3802;232;4552;4572;7.78;0.48;222.47;4.29;750;19;1546.00;20
3808;19;627654823;3808;237;4552;4572;7.70;0.47;222.36;4.29;744;19;1547.00;20
3811;19;627654833;3811;237;4561;4584;7.75;0.47;222.36;4.28;750;19;1548.00;23
3817;19;627654842;3817;233;4562;4584;7.71;0.47;222.36;4.28;745;19;1549.00;22
3820;19;627654852;3820;235;4564;4584;7.76;0.47;222.25;4.29;744;19;1550.00;20
3821;19;627654861;3821;236;4564;4584;7.80;0.48;222.28;4.29;743;19;1551.00;20
3824;19;627654870;3824;238;4565;4584;7.81;0.48;222.32;4.30;741;19;1552.00;19
3824;19;627654879;3824;238;4566;4584;7.81;0.48;222.32;4.30;742;19;1553.00;18
3827;19;627654889;3827;238;4568;4585;7.80;0.48;222.37;4.31;741;19;1554.00;17
3828;19;627654898;3828;243;4570;4587;7.80;0.48;222.41;4.32;742;19;1555.00;17
3830;19;627654908;3830;247;4574;4593;7.82;0.48;222.43;4.31;744;19;1556.00;19
3835;19;627654917;3835;253;4576;4594;7.84;0.48;222.64;4.32;741;19;1557.00;18
3839;19;627654927;3839;258;4577;4594;7.84;0.48;222.72;4.32;738;19;1558.00;17
3844;19;627654937;3844;258;4578;4594;7.73;0.47;222.81;4.33;734;19;1559.00;16
3849;19;627654948;3849;259;4584;4599;7.61;0.47;222.74;4.33;735;19;1560.00;15
3854;19;627654957;3854;265;4585;4599;7.52;0.46;222.68;4.33;731;19;1561.00;14
3856;19;627654968;3856;267;4586;4599;7.54;0.46;222.59;4.34;730;19;1562.00;13
3861;19;627654977;3861;275;4588;4600;7.54;0.46;222.55;4.34;727;19;1563.00;12
3865;19;627654986;3865;272;4593;4604;7.57;0.46;222.42;4.34;728;19;1564.00;11
3868;19;627654995;3868;280;4593;4604;7.51;0.46;222.46;4.34;725;19;1565.00;11
3872;19;627655005;3872;285;4595;4607;7.45;0.46;222.40;4.34;723;19;1566.00;12
3872;19;627655014;3872;294;4595;4607;7.36;0.45;222.40;4.34;723;19;1567.00;12
3874;19;627655023;3874;299;4597;4607;7.27;0.45;222.35;4.37;723;19;1568.00;10
3879;19;627655032;3879;309;4598;4607;7.22;0.45;222.31;4.37;719;19;1569.00;9
3884;19;627655041;3884;313;4601;4611;7.20;0.44;222.34;4.37;717;19;1570.00;10
3887;19;627655051;3887;312;4601;4611;7.21;0.44;222.21;4.37;714;19;1571.00;10
3892;19;627655059;3892;319;4602;4611;7.10;0.43;222.26;4.37;710;19;1572.00;9
3896;19;627655068;3896;320;4603;4611;7.01;0.43;222.29;4.37;707;19;1573.00;8
3899;19;627655076;3899;324;4605;4612;6.90;0.42;222.19;4.37;706;19;1574.00;7
3902;19;627655085;3902;329;4607;4614;6.92;0.42;222.18;4.37;705;19;1575.00;7
3905;19;627655094;3905;331;4607;4614;6.82;0.42;222.27;4.37;702;19;1576.00;7
3906;19;627655103;3906;326;4608;4615;6.80;0.42;222.23;4.37;702;19;1577.00;7
3911;19;627655111;3911;321;4608;4615;6.76;0.41;222.24;4.37;697;19;1578.00;7
3912;19;627655120;3912;315;4608;4615;6.80;0.41;222.23;4.37;696;19;1579.00;7
3914;19;627655129;3914;318;4608;4615;6.80;0.42;222.36;4.37;694;19;1580.00;7
3914;19;627655137;3914;320;4608;4615;6.91;0.42;222.36;4.37;694;19;1581.00;7
3918;19;627655145;3918;318;4608;4615;6.98;0.43;222.52;4.37;690;19;1582.00;7
3920;19;627655153;3920;317;4608;4615;7.02;0.43;222.53;4.37;688;19;1583.00;7
3922;20;627655162;3922;328;4681;4742;7.40;0.46;222.56;4.30;759;20;1584.00;61
3926;20;627655196;3926;320;4683;4743;7.40;0.46;222.64;4.30;757;20;1585.00;60
3928;20;627655206;3928;297;4692;4743;7.57;0.47;222.68;4.29;764;20;1586.00;51
3929;20;627655216;3929;267;4695;4743;7.71;0.47;222.66;4.29;766;20;1587.00;48
3929;21;627655225;3929;249;4701;4743;7.88;0.49;222.66;4.29;772;21;1588.00;42
3930;21;627655246;3930;231;4706;4743;8.08;0.50;222.64;4.29;776;21;1589.00;37
3932;21;627655258;3932;225;4710;4743;8.25;0.51;222.63;4.30;778;21;1590.00;33
3933;21;627655274;3933;213;4714;4743;8.36;0.52;222.65;4.30;781;21;1591.00;29
3935;21;627655285;3935;209;4719;4744;8.52;0.53;222.60;4.30;784;21;1592.00;25
3935;21;627655296;3935;204;4720;4745;8.70;0.54;222.60;4.30;785;21;1593.00;25
3936;21;627655307;3936;195;4721;4745;8.86;0.55;222.59;4.30;785;21;1594.00;24
3937;21;627655318;3937;187;4723;4746;9.04;0.56;222.56;4.31;786;21;1595.00;23
3940;21;627655330;3940;184;4724;4746;9.16;0.56;222.67;4.31;784;21;1596.00;22
3942;21;627655347;3942;187;4726;4746;9.28;0.57;222.62;4.31;784;21;1597.00;20
3944;21;627655358;3944;186;4727;4746;9.36;0.57;222.64;4.31;783;21;1598.00;19
3945;21;627655376;3945;180;4730;4750;9.39;0.57;222.63;4.31;785;21;1599.00;20
3946;21;627655399;3946;172;4731;4750;9.46;0.58;222.62;4.32;785;21;1600.00;19
3947;21;627655414;3947;166;4733;4750;9.50;0.58;222.61;4.32;786;21;1601.00;17
3947;21;627655429;3947;167;4734;4753;9.60;0.59;222.61;4.32;787;21;1602.00;19
3948;21;627655441;3948;158;4736;4753;9.69;0.59;222.60;4.32;788;21;1603.00;17
3950;21;627655452;3950;159;4737;4753;9.79;0.60;222.65;4.32;787;21;1604.00;16
3951;21;627655469;3951;155;4740;4757;9.90;0.60;222.61;4.32;789;21;1605.00;17
3952;21;627655480;3952;152;4742;4758;10.09;0.62;222.62;4.32;790;21;1606.00;16
3953;21;627655492;3953;152;4742;4758;10.25;0.63;222.62;4.32;789;21;1607.00;16
3956;21;627655503;3956;149;4746;4762;10.40;0.63;222.69;4.32;790;21;1608.00;16
3959;21;627655515;3959;146;4746;4762;10.50;0.64;222.75;4.32;787;21;1609.00;16
3963;21;627655537;3963;143;4746;4762;10.57;0.64;222.80;4.32;783;21;1610.00;16
3964;21;627655549;3964;141;4747;4763;10.69;0.65;222.77;4.32;783;21;1611.00;16
3966;21;627655561;3966;143;4747;4763;10.77;0.66;222.85;4.32;781;21;1612.00;16
3970;22;627655572;3970;145;4751;4769;10.87;0.66;222.86;4.31;781;22;1613.00;18
3972;22;627655601;3972;148;4751;4769;10.95;0.67;222.94;4.31;779;22;1614.00;18
3978;22;627655612;3978;152;4752;4770;11.05;0.67;223.00;4.31;774;22;1615.00;18
3978;22;627655623;3978;153;4752;4770;11.14;0.68;223.00;4.31;774;22;1616.00;18
3981;22;627655640;3981;151;4752;4770;11.24;0.68;222.98;4.31;771;22;1617.00;18
3983;22;627655651;3983;149;4752;4770;11.35;0.69;222.96;4.31;769;22;1618.00;18
3986;22;627655662;3986;148;4752;4770;11.39;0.69;223.04;4.31;766;22;1619.00;18
3989;22;627655675;3989;148;4773;4806;11.36;0.69;223.13;4.29;784;22;1620.00;33
3993;22;627655695;3993;144;4774;4806;11.45;0.70;223.15;4.29;781;22;1621.00;32
3996;22;627655716;3996;148;4776;4806;11.43;0.70;223.26;4.29;780;22;1622.00;30
4001;22;627655738;4001;143;4777;4806;11.44;0.70;223.29;4.29;776;22;1623.00;29
4005;22;627655755;4005;150;4777;4806;11.42;0.69;223.29;4.29;772;22;1624.00;29
4008;22;627655770;4008;154;4778;4806;11.50;0.70;223.28;4.29;770;22;1625.00;28
4013;22;627655786;4013;156;4781;4810;11.52;0.70;223.45;4.29;768;22;1626.00;29
4018;22;627655801;4018;155;4782;4810;11.59;0.70;223.54;4.29;764;22;1627.00;28
4022;22;627655814;4022;155;4784;4814;11.65;0.71;223.51;4.29;762;22;1628.00;30
4027;22;627655827;4027;152;4787;4815;11.67;0.71;223.67;4.29;760;22;1629.00;28
4030;22;627655839;4030;149;4787;4815;11.71;0.71;223.78;4.29;757;22;1630.00;28
4034;22;627655851;4034;149;4788;4815;11.67;0.71;223.75;4.29;754;22;1631.00;27
4037;22;627655863;4037;142;4797;4828;11.61;0.71;223.90;4.28;760;22;1632.00;31
4042;22;627655876;4042;134;4797;4828;11.60;0.71;223.92;4.28;755;22;1633.00;31
4044;22;627655888;4044;131;4797;4828;11.72;0.71;223.90;4.28;753;22;1634.00;31
4047;22;627655899;4047;131;4799;4829;11.71;0.71;223.95;4.29;752;22;1635.00;30
4052;22;627655911;4052;129;4799;4830;11.65;0.71;224.10;4.29;747;22;1636.00;31
4054;22;627655922;4054;130;4799;4830;11.68;0.71;224.23;4.29;745;22;1637.00;31
4056;22;627655933;4056;127;4801;4833;11.73;0.71;224.27;4.29;745;22;1638.00;32
4061;22;627655945;4061;124;4801;4833;11.76;0.71;224.21;4.29;740;22;1639.00;32
4065;22;627655956;4065;125;4802;4833;11.83;0.72;224.17;4.29;737;22;1640.00;31
4067;22;627655968;4067;126;4802;4833;11.83;0.72;224.14;4.29;735;22;1641.00;31
4071;22;627655980;4071;127;4806;4839;11.79;0.72;224.20;4.29;735;22;1642.00;33
4075;22;627655992;4075;130;4806;4839;11.70;0.71;224.24;4.29;731;22;1643.00;33
4076;22;627656003;4076;128;4807;4839;11.66;0.71;224.24;4.29;731;22;1644.00;32
4080;22;627656015;4080;127;4807;4839;11.62;0.71;224.17;4.29;727;22;1645.00;32
4084;22;627656026;4084;135;4810;4843;11.59;0.71;224.12;4.28;726;22;1646.00;33
4088;22;627656038;4088;133;4812;4844;11.65;0.71;224.19;4.29;724;22;1647.00;32
4091;22;627656050;4091;133;4812;4844;11.71;0.71;224.20;4.29;721;22;1648.00;32
4094;22;627656062;4094;132;4813;4845;11.87;0.72;224.18;4.29;719;22;1649.00;32
4098;22;627656074;4098;128;4814;4845;11.95;0.72;224.14;4.29;716;22;1650.00;31
4099;22;627656086;4099;131;4814;4845;12.08;0.73;224.14;4.29;715;22;1651.00;31
4101;22;627656097;4101;128;4814;4845;12.04;0.73;224.16;4.29;713;22;1652.00;31
4102;22;627656109;4102;128;4815;4845;12.00;0.73;224.14;4.30;713;22;1653.00;30
4104;22;627656120;4104;130;4815;4845;12.04;0.73;224.17;4.30;711;22;1654.00;30
4110;22;627656131;4110;132;4815;4845;12.06;0.73;224.17;4.30;705;22;1655.00;30
4111;22;627656142;4111;141;4853;4915;11.91;0.72;224.17;4.28;742;22;1656.00;62
4114;22;627656158;4114;143;4856;4916;11.88;0.72;224.27;4.29;742;22;1657.00;60
4119;22;627656169;4119;145;4864;4916;11.89;0.72;224.25;4.28;745;22;1658.00;52
4121;22;627656181;4121;149;4868;4916;11.87;0.72;224.27;4.28;747;22;1659.00;48
4121;22;627656193;4121;153;4872;4916;11.87;0.72;224.27;4.31;751;22;1660.00;44
4123;22;627656203;4123;160;4878;4916;11.84;0.72;224.27;4.31;755;22;1661.00;38
4123;22;627656216;4123;165;4882;4916;11.80;0.72;224.27;4.31;759;22;1662.00;34
4123;22;627656227;4123;166;4886;4916;11.75;0.72;224.27;4.33;763;22;1663.00;30
4128;22;627656238;4128;174;4887;4917;11.65;0.71;224.18;4.33;759;22;1664.00;30
4129;22;627656250;4129;173;4892;4919;11.49;0.70;224.18;4.35;763;22;1665.00;27
4133;22;627656262;4133;178;4892;4919;11.38;0.69;224.20;4.35;759;22;1666.00;27
4136;22;627656273;4136;184;4896;4923;11.14;0.68;224.13;4.37;760;22;1667.00;27
4138;22;627656285;4138;187;4896;4923;11.07;0.68;224.14;4.37;758;22;1668.00;27
4141;22;627656296;4141;192;4897;4923;10.98;0.67;224.11;4.38;756;22;1669.00;26
4145;22;627656307;4145;200;4898;4923;10.85;0.66;224.09;4.39;753;22;1670.00;25
4149;22;627656318;4149;212;4903;4929;10.83;0.66;224.09;4.39;754;22;1671.00;26
4151;22;627656329;4151;215;4904;4929;10.72;0.65;224.06;4.40;753;22;1672.00;25
4153;22;627656339;4153;219;4906;4929;10.65;0.65;224.11;4.41;753;22;1673.00;23
4154;22;627656350;4154;221;4910;4932;10.58;0.65;224.07;4.41;756;22;1674.00;22
4157;22;627656360;4157;225;4911;4932;10.44;0.64;224.14;4.41;754;22;1675.00;21
4160;22;627656387;4160;232;4912;4932;10.27;0.63;224.11;4.42;752;22;1676.00;20
4163;22;627656397;4163;239;4912;4933;10.06;0.62;224.03;4.42;749;22;1677.00;21
4164;22;627656414;4164;249;4915;4934;9.79;0.60;224.00;4.43;751;22;1678.00;19
4165;22;627656423;4165;246;4915;4934;9.56;0.59;224.00;4.43;750;22;1679.00;19
4170;22;627656435;4170;254;4934;4960;9.31;0.57;223.97;4.43;764;22;1680.00;26
4172;22;627656447;4172;250;4936;4960;9.22;0.57;223.98;4.43;764;22;1681.00;24
4174;22;627656457;4174;252;4939;4960;9.04;0.56;223.96;4.43;765;22;1682.00;21
4175;22;627656466;4175;247;4941;4961;9.01;0.55;223.95;4.43;766;22;1683.00;20
4179;22;627656476;4179;253;4941;4961;8.94;0.55;223.92;4.43;762;22;1684.00;20
4183;22;627656486;4183;254;4945;4965;8.86;0.54;223.85;4.43;762;22;1685.00;20
4187;22;627656503;4187;257;4945;4965;8.73;0.53;223.82;4.43;758;22;1686.00;20
4189;22;627656519;4189;260;4948;4969;8.67;0.53;223.81;4.43;759;22;1687.00;21
4196;22;627656529;4196;266;4952;4969;8.51;0.52;223.98;4.44;756;22;1688.00;17
4197;22;627656540;4197;270;4952;4969;8.46;0.52;223.95;4.44;755;22;1689.00;17
4198;22;627656549;4198;271;4952;4969;8.44;0.52;223.92;4.44;754;22;1690.00;17
4200;22;627656558;4200;281;4954;4969;8.33;0.51;223.94;4.44;754;22;1691.00;15
4201;22;627656567;4201;284;4965;4981;8.27;0.51;223.98;4.43;764;22;1692.00;16
4207;22;627656577;4207;286;4965;4981;8.12;0.50;223.96;4.43;758;22;1693.00;16
4208;22;627656586;4208;285;4966;4981;8.11;0.50;223.94;4.43;758;22;1694.00;15
4215;22;627656595;4215;290;4967;4981;7.99;0.49;223.99;4.43;752;22;1695.00;14
4217;22;627656604;4217;291;4967;4981;7.81;0.48;223.95;4.43;750;22;1696.00;14
4219;22;627656614;4219;295;4967;4981;7.62;0.47;223.97;4.43;748;22;1697.00;14
4221;22;627656622;4221;308;4968;4982;7.41;0.46;223.95;4.43;747;22;1698.00;14
4224;22;627656631;4224;310;4968;4982;7.20;0.45;224.04;4.43;744;22;1699.00;14
4227;22;627656641;4227;308;4973;4988;7.16;0.44;224.04;4.43;746;22;1700.00;15
4230;22;627656656;4230;308;4974;4989;7.09;0.44;224.07;4.42;744;22;1701.00;15
4232;22;627656665;4232;300;4975;4989;7.02;0.43;224.14;4.42;743;22;1702.00;14
4233;22;627656674;4233;304;4975;4989;7.00;0.43;224.20;4.42;742;22;1703.00;14
4238;22;627656686;4238;304;4979;4993;6.98;0.43;224.31;4.42;741;22;1704.00;14
4239;22;627656695;4239;301;4979;4993;6.95;0.43;224.35;4.42;740;22;1705.00;14
4244;22;627656703;4244;297;4979;4993;6.91;0.43;224.30;4.42;735;22;1706.00;14
4247;22;627656712;4247;291;4980;4994;6.96;0.43;224.30;4.42;733;22;1707.00;14
4250;22;627656721;4250;285;4984;4998;7.00;0.43;224.36;4.42;734;22;1708.00;14
4253;22;627656730;4253;282;4984;4998;7.03;0.43;224.35;4.42;731;22;1709.00;14
4256;22;627656740;4256;279;4987;5004;7.10;0.44;224.43;4.41;731;22;1710.00;17
4260;22;627656748;4260;275;4988;5004;7.11;0.44;224.44;4.41;728;22;1711.00;16
4266;22;627656757;4266;275;4988;5004;7.11;0.44;224.33;4.41;722;22;1712.00;16
4271;22;627656766;4271;279;4989;5004;7.03;0.43;224.36;4.41;718;22;1713.00;15
4273;22;627656774;4273;284;4991;5008;7.05;0.43;224.32;4.41;718;22;1714.00;17
4277;22;627656783;4277;282;4992;5008;7.01;0.43;224.32;4.41;715;22;1715.00;16
4280;22;627656791;4280;276;4993;5008;6.95;0.43;224.30;4.41;713;22;1716.00;15
4286;22;627656799;4286;268;4993;5008;6.84;0.42;224.27;4.41;707;22;1717.00;15
4293;22;627656807;4293;273;4995;5009;6.74;0.41;224.20;4.41;702;22;1718.00;14
4297;22;627656815;4297;272;4996;5010;6.69;0.41;224.12;4.41;699;22;1719.00;14
4299;22;627656823;4299;273;4996;5010;6.67;0.41;224.15;4.41;697;22;1720.00;14
4303;22;627656831;4303;277;4997;5011;6.65;0.41;224.12;4.41;694;22;1721.00;14
4308;22;627656840;4308;282;4997;5011;6.57;0.40;224.11;4.41;689;22;1722.00;14
4310;22;627656848;4310;280;4997;5011;6.57;0.40;224.09;4.41;687;22;1723.00;14
4312;22;627656856;4312;279;4997;5011;6.58;0.40;224.08;4.41;685;22;1724.00;14
4315;22;627656864;4315;273;4997;5011;6.58;0.40;224.09;4.41;682;22;1725.00;14
4315;22;627656872;4315;272;4997;5011;6.68;0.41;224.09;4.41;682;22;1726.00;14
4320;22;627656880;4320;273;4997;5011;6.67;0.41;224.15;4.41;677;22;1727.00;14
4325;22;627656888;4325;285;5069;5138;7.07;0.44;224.07;4.35;744;22;1728.00;69
4328;22;627656906;4328;283;5072;5139;7.07;0.44;224.05;4.35;744;22;1729.00;67
4332;22;627656915;4332;279;5083;5139;7.21;0.45;224.06;4.34;751;22;1730.00;56
4336;22;627656924;4336;278;5086;5139;7.24;0.45;224.02;4.34;750;22;1731.00;53
4337;22;627656933;4337;277;5092;5139;7.41;0.46;224.06;4.34;755;22;1732.00;47
4338;22;627656942;4338;280;5096;5139;7.51;0.46;224.05;4.34;758;22;1733.00;43
4339;22;627656951;4339;287;5101;5139;7.69;0.47;224.01;4.34;762;22;1734.00;38
4340;22;627656961;4340;290;5103;5139;7.83;0.48;224.01;4.34;763;22;1735.00;36
4342;22;627656970;4342;291;5108;5140;7.93;0.49;223.96;4.40;766;22;1736.00;32
4346;22;627656981;4346;294;5112;5141;7.87;0.48;224.06;4.41;766;22;1737.00;29
4350;22;627656991;4350;297;5115;5141;7.76;0.48;223.99;4.41;765;22;1738.00;26
4351;22;627657001;4351;297;5118;5142;7.75;0.48;224.04;4.41;767;22;1739.00;24
4352;22;627657013;4352;296;5119;5142;7.80;0.48;224.10;4.41;767;22;1740.00;23
4354;22;627657022;4354;292;5120;5142;7.89;0.49;224.16;4.41;766;22;1741.00;22
4356;22;627657033;4356;291;5122;5142;7.97;0.49;224.27;4.42;766;22;1742.00;20
4358;22;627657042;4358;289;5125;5146;8.07;0.50;224.27;4.42;767;22;1743.00;21
4362;23;627657053;4362;289;5127;5146;8.11;0.50;224.22;4.42;765;23;1744.00;19
4362;23;627657075;4362;285;5128;5146;8.18;0.50;224.22;4.42;766;23;1745.00;18
4364;23;627657085;4364;286;5131;5149;8.27;0.51;224.22;4.42;767;23;1746.00;18
4370;23;627657102;4370;265;5132;5149;8.31;0.51;224.18;4.42;762;23;1747.00;17
4371;23;627657124;4371;255;5132;5149;8.37;0.51;224.13;4.42;761;23;1748.00;17
4372;23;627657135;4372;252;5137;5153;8.45;0.52;224.12;4.42;765;23;1749.00;16
4375;23;627657146;4375;244;5138;5154;8.56;0.52;224.28;4.42;763;23;1750.00;16
4378;23;627657162;4378;244;5139;5154;8.64;0.53;224.36;4.42;761;23;1751.00;15
4379;23;627657172;4379;238;5142;5158;8.80;0.54;224.40;4.42;763;23;1752.00;16
4385;23;627657183;4385;235;5142;5158;8.90;0.55;224.38;4.42;757;23;1753.00;16
4389;23;627657195;4389;232;5142;5158;9.01;0.55;224.39;4.42;753;23;1754.00;16
4391;23;627657211;4391;231;5144;5160;9.09;0.56;224.37;4.42;753;23;1755.00;16
4392;23;627657222;4392;212;5144;5160;9.20;0.56;224.36;4.42;752;23;1756.00;16
4395;23;627657234;4395;202;5148;5166;9.35;0.57;224.38;4.41;753;23;1757.00;18
4396;23;627657245;4396;183;5149;5166;9.51;0.58;224.33;4.41;753;23;1758.00;17
4399;23;627657257;4399;173;5149;5167;9.70;0.59;224.29;4.41;750;23;1759.00;18
4401;23;627657268;4401;159;5149;5167;9.93;0.61;224.32;4.41;748;23;1760.00;18
4405;23;627657279;4405;148;5149;5167;10.12;0.62;224.27;4.41;744;23;1761.00;18
4407;23;627657291;4407;144;5149;5167;10.26;0.62;224.35;4.41;742;23;1762.00;18
4412;23;627657303;4412;145;5149;5167;10.45;0.63;224.43;4.41;737;23;1763.00;18
4416;23;627657315;4416;142;5159;5179;10.59;0.64;224.49;4.41;743;23;1764.00;20
4417;23;627657327;4417;141;5160;5179;10.71;0.65;224.47;4.40;743;23;1765.00;19
4421;23;627657339;4421;142;5160;5179;10.82;0.66;224.67;4.40;739;23;1766.00;19
4425;23;627657351;4425;138;5160;5179;10.96;0.66;224.72;4.40;735;23;1767.00;19
4427;23;627657362;4427;135;5160;5179;11.10;0.67;224.76;4.40;733;23;1768.00;19
4430;23;627657374;4430;128;5160;5179;11.22;0.68;224.79;4.40;730;23;1769.00;19
4435;23;627657388;4435;129;5163;5183;11.29;0.68;224.83;4.40;728;23;1770.00;20
4436;23;627657400;4436;132;5163;5183;11.40;0.69;224.91;4.40;727;23;1771.00;20
4438;23;627657411;4438;128;5166;5187;11.46;0.69;224.99;4.40;728;23;1772.00;21
4438;23;627657429;4438;128;5168;5188;11.55;0.70;224.99;4.40;730;23;1773.00;20
4440;23;627657440;4440;124;5168;5188;11.61;0.70;225.12;4.40;728;23;1774.00;20
4442;23;627657451;4442;122;5168;5188;11.73;0.71;225.17;4.40;726;23;1775.00;20
4444;23;627657463;4444;123;5179;5201;11.82;0.72;225.32;4.39;735;23;1776.00;22
4446;23;627657481;4446;126;5179;5201;11.91;0.72;225.33;4.39;733;23;1777.00;22
4450;23;627657492;4450;120;5179;5201;12.04;0.73;225.32;4.39;729;23;1778.00;22
4454;23;627657503;4454;124;5180;5202;12.08;0.73;225.39;4.39;726;23;1779.00;22
4456;23;627657515;4456;125;5180;5203;12.12;0.74;225.46;4.39;724;23;1780.00;23
4460;23;627657526;4460;126;5180;5203;12.19;0.74;225.52;4.39;720;23;1781.00;23
4463;23;627657537;4463;124;5182;5206;12.29;0.75;225.52;4.39;719;23;1782.00;24
4465;23;627657548;4465;126;5182;5206;12.34;0.75;225.69;4.39;717;23;1783.00;24
4469;23;627657559;4469;121;5183;5206;12.34;0.75;225.81;4.39;714;23;1784.00;23
4473;23;627657570;4473;122;5183;5206;12.32;0.75;225.87;4.39;710;23;1785.00;23
4473;23;627657581;4473;123;5187;5212;12.34;0.75;225.87;4.38;714;23;1786.00;25
4476;23;627657593;4476;120;5187;5212;12.33;0.75;225.96;4.38;711;23;1787.00;25
4479;23;627657604;4479;124;5188;5212;12.32;0.75;226.03;4.38;709;23;1788.00;24
4480;23;627657615;4480;125;5188;5212;12.32;0.75;226.06;4.38;708;23;1789.00;24
4483;23;627657626;4483;130;5191;5216;12.28;0.75;226.08;4.38;708;23;1790.00;25
4487;23;627657643;4487;132;5192;5217;12.37;0.75;226.14;4.38;705;23;1791.00;25
4490;23;627657655;4490;130;5192;5217;12.49;0.76;226.11;4.38;702;23;1792.00;25
4495;23;627657666;4495;123;5193;5218;12.56;0.76;226.19;4.38;698;23;1793.00;25
4499;23;627657677;4499;124;5193;5218;12.60;0.76;226.20;4.38;694;23;1794.00;25
4503;23;627657692;4503;123;5193;5218;12.60;0.76;226.24;4.38;690;23;1795.00;25
4506;23;627657711;4506;119;5193;5218;12.62;0.76;226.22;4.38;687;23;1796.00;25
4509;23;627657730;4509;118;5193;5218;12.72;0.77;226.26;4.38;684;23;1797.00;25
4515;23;627657745;4515;116;5193;5218;12.69;0.77;226.34;4.38;678;23;1798.00;25
4519;23;627657762;4519;117;5193;5218;12.70;0.77;226.42;4.38;674;23;1799.00;25
4524;23;627657782;4524;137;5255;5356;12.24;0.75;226.41;4.33;731;23;1800.00;101
4528;23;627657813;4528;125;5255;5357;12.26;0.75;226.49;4.33;727;23;1801.00;102
4530;23;627657826;4530;111;5264;5357;12.27;0.75;226.53;4.33;734;23;1802.00;93
4533;23;627657838;4533;106;5270;5357;12.34;0.76;226.60;4.32;737;23;1803.00;87
4536;23;627657854;4536;105;5276;5357;12.37;0.76;226.63;4.32;740;23;1804.00;81
4539;23;627657867;4539;100;5283;5357;12.27;0.75;226.69;4.34;744;23;1805.00;74
4544;23;627657880;4544;96;5287;5357;12.27;0.75;226.88;4.34;743;23;1806.00;70
4544;23;627657893;4544;103;5287;5357;12.32;0.76;226.88;4.34;743;23;1807.00;70
4550;23;627657907;4550;104;5293;5358;12.30;0.75;226.87;4.41;743;23;1808.00;65
4554;23;627657921;4554;100;5295;5359;12.36;0.76;226.84;4.41;741;23;1809.00;64
4556;23;627657934;4556;97;5297;5359;12.41;0.76;226.97;4.42;741;23;1810.00;62
4559;23;627657945;4559;97;5303;5363;12.38;0.76;227.00;4.49;744;23;1811.00;60
4563;23;627657957;4563;96;5304;5363;12.38;0.76;227.03;4.49;741;23;1812.00;59
4567;23;627657970;4567;98;5304;5363;12.36;0.76;227.09;4.49;737;23;1813.00;59
4574;23;627657982;4574;103;5307;5363;12.25;0.75;227.13;4.56;733;23;1814.00;56
4575;23;627658006;4575;104;5309;5369;12.25;0.75;227.12;4.56;734;23;1815.00;60
4576;23;627658020;4576;109;5309;5369;12.18;0.75;227.08;4.56;733;23;1816.00;60
4580;23;627658033;4580;114;5311;5369;12.09;0.74;227.13;4.63;731;23;1817.00;58
4583;23;627658044;4583;115;5314;5372;12.05;0.74;227.18;4.63;731;23;1818.00;58
4584;23;627658056;4584;124;5315;5372;12.05;0.74;227.22;4.70;731;23;1819.00;57
4588;24;627658068;4588;128;5318;5372;11.96;0.73;227.24;4.71;730;24;1820.00;54
4593;24;627658098;4593;132;5318;5373;11.92;0.73;227.36;4.71;725;24;1821.00;55
4594;24;627658109;4594;133;5320;5374;11.90;0.73;227.37;4.71;726;24;1822.00;54
4596;24;627658121;4596;139;5320;5374;11.91;0.73;227.46;4.71;724;24;1823.00;54
4598;24;627658132;4598;143;5329;5387;11.89;0.73;227.46;4.71;731;24;1824.00;58
4602;24;627658144;4602;145;5331;5387;11.86;0.72;227.54;4.71;729;24;1825.00;56
4608;24;627658156;4608;149;5332;5387;11.81;0.72;227.58;4.72;724;24;1826.00;55
4612;24;627658174;4612;152;5335;5388;11.79;0.72;227.61;4.72;723;24;1827.00;53
4615;24;627658185;4615;157;5336;5388;11.79;0.72;227.60;4.73;721;24;1828.00;52
4618;24;627658196;4618;157;5339;5392;11.66;0.71;227.60;4.73;721;24;1829.00;53
4624;24;627658210;4624;163;5341;5392;11.45;0.70;227.59;4.74;717;24;1830.00;51
4625;24;627658229;4625;172;5346;5396;11.18;0.68;227.57;4.75;721;24;1831.00;50
4629;24;627658245;4629;177;5348;5396;10.91;0.66;227.56;4.76;719;24;1832.00;48
4631;24;627658257;4631;183;5349;5396;10.76;0.66;227.52;4.77;718;24;1833.00;47
4633;24;627658268;4633;191;5350;5396;10.61;0.65;227.58;4.77;717;24;1834.00;46
4635;24;627658278;4635;198;5351;5396;10.52;0.64;227.59;4.78;716;24;1835.00;45
4637;24;627658288;4637;205;5362;5408;10.46;0.64;227.59;4.77;725;24;1836.00;46
4640;24;627658300;4640;212;5365;5408;10.31;0.63;227.76;4.79;725;24;1837.00;43
4645;24;627658310;4645;217;5367;5408;10.19;0.62;227.78;4.81;722;24;1838.00;41
4647;24;627658321;4647;224;5369;5408;10.03;0.61;227.84;4.81;722;24;1839.00;39
4649;24;627658337;4649;233;5369;5408;9.92;0.60;227.86;4.81;720;24;1840.00;39
4652;24;627658346;4652;237;5371;5408;9.82;0.60;227.79;4.83;719;24;1841.00;37
4654;24;627658356;4654;249;5371;5409;9.72;0.59;227.83;4.83;717;24;1842.00;38
4656;24;627658365;4656;251;5373;5409;9.61;0.59;227.81;4.84;717;24;1843.00;36
4658;24;627658374;4658;261;5380;5415;9.49;0.58;227.79;4.86;722;24;1844.00;35
4658;24;627658385;4658;269;5382;5417;9.42;0.58;227.79;4.86;724;24;1845.00;35
4660;24;627658395;4660;275;5384;5417;9.17;0.56;227.79;4.87;724;24;1846.00;33
4662;24;627658405;4662;282;5384;5417;8.95;0.55;227.72;4.87;722;24;1847.00;33
4666;24;627658414;4666;286;5387;5421;8.78;0.54;227.69;4.86;721;24;1848.00;34
4670;24;627658424;4670;286;5388;5421;8.55;0.52;227.82;4.87;718;24;1849.00;33
4671;24;627658433;4671;287;5391;5421;8.37;0.51;227.82;4.89;720;24;1850.00;30
4673;24;627658442;4673;283;5394;5422;8.30;0.51;227.85;4.89;721;24;1851.00;28
4675;24;627658457;4675;288;5398;5426;8.20;0.50;227.79;4.89;723;24;1852.00;28
4676;24;627658466;4676;275;5398;5426;8.09;0.49;227.77;4.89;722;24;1853.00;28
4680;24;627658476;4680;281;5400;5429;8.08;0.49;227.77;4.89;720;24;1854.00;29
4680;24;627658486;4680;282;5401;5429;7.98;0.49;227.77;4.89;721;24;1855.00;28
4682;24;627658494;4682;283;5402;5429;7.96;0.49;227.84;4.89;720;24;1856.00;27
4684;24;627658503;4684;280;5403;5429;7.97;0.49;227.90;4.89;719;24;1857.00;26
4686;24;627658512;4686;279;5408;5433;7.97;0.49;227.86;4.89;722;24;1858.00;25
4688;24;627658521;4688;281;5408;5433;7.95;0.49;227.84;4.89;720;24;1859.00;25
4692;24;627658531;4692;283;5409;5433;7.89;0.48;227.89;4.89;717;24;1860.00;24
4695;24;627658540;4695;291;5409;5433;7.75;0.48;227.86;4.89;714;24;1861.00;24
4698;24;627658548;4698;297;5410;5434;7.54;0.46;227.80;4.89;712;24;1862.00;24
4700;24;627658556;4700;303;5411;5435;7.40;0.45;227.77;4.89;711;24;1863.00;24
4703;24;627658564;4703;301;5411;5435;7.25;0.45;227.71;4.89;708;24;1864.00;24
4709;24;627658572;4709;315;5412;5436;7.14;0.44;227.76;4.89;703;24;1865.00;24
4712;24;627658580;4712;313;5412;5436;7.05;0.43;227.73;4.89;700;24;1866.00;24
4715;24;627658588;4715;318;5412;5436;6.91;0.43;227.74;4.89;697;24;1867.00;24
4719;24;627658600;4719;322;5412;5436;6.77;0.42;227.73;4.89;693;24;1868.00;24
4721;24;627658613;4721;328;5412;5436;6.61;0.41;227.71;4.89;691;24;1869.00;24
4724;24;627658621;4724;320;5412;5436;6.50;0.40;227.78;4.89;688;24;1870.00;24
4729;24;627658628;4729;320;5412;5436;6.37;0.39;227.74;4.89;683;24;1871.00;24
4730;24;627658635;4730;336;5483;5563;6.59;0.41;227.77;4.83;753;24;1872.00;80
4731;24;627658654;4731;331;5488;5564;6.54;0.41;227.74;4.82;757;24;1873.00;76
4732;24;627658662;4732;321;5498;5564;6.64;0.42;227.78;4.82;766;24;1874.00;66
4734;24;627658670;4734;313;5502;5564;6.65;0.42;227.79;4.82;768;24;1875.00;62
4737;24;627658678;4737;316;5507;5564;6.65;0.42;227.77;4.82;770;24;1876.00;57
4739;24;627658689;4739;314;5513;5564;6.71;0.42;227.79;4.82;774;24;1877.00;51
4742;24;627658697;4742;312;5518;5564;6.73;0.42;227.85;4.82;776;24;1878.00;46
4743;24;627658706;4743;312;5520;5564;6.77;0.42;227.82;4.82;777;24;1879.00;44
4746;24;627658714;4746;317;5524;5565;6.78;0.42;227.86;4.82;778;24;1880.00;41
4749;24;627658723;4749;319;5528;5566;6.77;0.42;227.87;4.82;779;24;1881.00;38
4750;24;627658732;4750;323;5531;5568;6.75;0.42;227.84;4.83;781;24;1882.00;37
4754;24;627658741;4754;323;5533;5569;6.71;0.42;227.93;4.83;779;24;1883.00;36
4758;24;627658751;4758;327;5536;5569;6.75;0.42;227.93;4.83;778;24;1884.00;33
4764;24;627658760;4764;329;5536;5569;6.73;0.42;227.91;4.83;772;24;1885.00;33
4764;24;627658768;4764;337;5538;5569;6.80;0.42;227.91;4.83;774;24;1886.00;31
4767;24;627658777;4767;334;5541;5573;6.79;0.42;227.98;4.83;774;24;1887.00;32
4769;24;627658787;4769;335;5543;5573;6.79;0.42;228.04;4.84;774;24;1888.00;30
4771;24;627658796;4771;338;5544;5573;6.79;0.42;228.00;4.84;773;24;1889.00;29
4774;24;627658807;4774;342;5548;5579;6.74;0.42;228.03;4.84;774;24;1890.00;31
4779;24;627658824;4779;328;5549;5579;6.70;0.41;228.01;4.84;770;24;1891.00;30
4780;24;627658835;4780;317;5551;5579;6.75;0.42;228.01;4.83;771;24;1892.00;28
4782;24;627658844;4782;308;5556;5583;6.84;0.42;228.07;4.83;774;24;1893.00;27
4788;24;627658854;4788;304;5557;5584;6.89;0.42;228.03;4.83;769;24;1894.00;27
4789;24;627658865;4789;302;5558;5584;6.98;0.43;227.99;4.83;769;24;1895.00;26
4796;24;627658875;4796;293;5562;5588;7.06;0.43;227.98;4.83;766;24;1896.00;26
4796;24;627658886;4796;290;5562;5588;7.16;0.44;227.98;4.83;766;24;1897.00;26
4805;24;627658901;4805;287;5562;5588;7.18;0.44;228.01;4.83;757;24;1898.00;26
4808;24;627658912;4808;283;5563;5589;7.33;0.45;228.09;4.83;755;24;1899.00;26
4810;24;627658923;4810;287;5563;5589;7.48;0.46;228.11;4.83;753;24;1900.00;26
4816;24;627658936;4816;284;5567;5595;7.56;0.46;228.14;4.82;751;24;1901.00;28
4818;24;627658947;4818;282;5567;5595;7.68;0.47;228.09;4.82;749;24;1902.00;28
4820;24;627658962;4820;283;5568;5596;7.78;0.47;228.17;4.82;748;24;1903.00;28
4824;24;627658972;4824;281;5568;5596;7.81;0.47;228.21;4.82;744;24;1904.00;28
4828;24;627658982;4828;278;5568;5596;7.84;0.48;228.12;4.82;740;24;1905.00;28
4830;24;627658992;4830;284;5568;5596;7.94;0.48;228.14;4.82;738;24;1906.00;28
4831;24;627659002;4831;279;5568;5596;8.03;0.49;228.18;4.82;737;24;1907.00;28
4834;24;627659012;4834;274;5577;5608;8.23;0.50;228.14;4.82;743;24;1908.00;31
4839;24;627659029;4839;271;5578;5608;8.24;0.50;228.20;4.82;739;24;1909.00;30
4842;24;627659039;4842;270;5579;5608;8.28;0.50;228.23;4.81;737;24;1910.00;29
4844;24;627659048;4844;262;5579;5608;8.34;0.51;228.22;4.81;735;24;1911.00;29
4846;24;627659058;4846;263;5579;5608;8.33;0.51;228.28;4.81;733;24;1912.00;29
4850;24;627659069;4850;266;5579;5608;8.35;0.51;228.34;4.81;729;24;1913.00;29
4852;24;627659078;4852;273;5582;5612;8.48;0.52;228.37;4.81;730;24;1914.00;30
4856;24;627659089;4856;273;5582;5612;8.51;0.52;228.35;4.81;726;24;1915.00;30
4859;24;627659099;4859;269;5585;5616;8.56;0.52;228.33;4.81;726;24;1916.00;31
4861;24;627659109;4861;259;5586;5617;8.58;0.52;228.37;4.81;725;24;1917.00;31
4865;24;627659120;4865;255;5587;5617;8.62;0.52;228.33;4.81;722;24;1918.00;30
4866;24;627659130;4866;252;5588;5617;8.70;0.53;228.37;4.88;722;24;1919.00;29
4870;24;627659143;4870;248;5610;5646;8.82;0.54;228.34;4.86;740;24;1920.00;36
4872;24;627659155;4872;239;5610;5646;8.92;0.54;228.38;4.86;738;24;1921.00;36
4875;24;627659166;4875;234;5612;5646;9.03;0.55;228.43;4.86;737;24;1922.00;34
4877;24;627659177;4877;228;5614;5647;9.13;0.55;228.47;4.86;737;24;1923.00;33
4880;24;627659187;4880;226;5614;5648;9.22;0.56;228.51;4.86;734;24;1924.00;34
4882;24;627659198;4882;223;5614;5648;9.29;0.56;228.51;4.86;732;24;1925.00;34
4884;24;627659209;4884;206;5617;5651;9.39;0.57;228.58;4.86;733;24;1926.00;34
4885;24;627659220;4885;186;5617;5651;9.44;0.57;228.63;4.86;732;24;1927.00;34
4888;24;627659230;4888;173;5617;5651;9.53;0.58;228.58;4.86;729;24;1928.00;34
4892;24;627659242;4892;162;5617;5651;9.64;0.59;228.70;4.86;725;24;1929.00;34
4894;24;627659253;4894;151;5621;5657;9.82;0.60;228.79;4.86;727;24;1930.00;36
4895;24;627659265;4895;151;5622;5657;9.97;0.61;228.82;4.85;727;24;1931.00;35
4898;24;627659282;4898;138;5622;5657;10.13;0.61;228.83;4.85;724;24;1932.00;35
4901;24;627659299;4901;142;5622;5657;10.22;0.62;228.91;4.85;721;24;1933.00;35
4903;24;627659316;4903;138;5625;5661;10.25;0.62;228.93;4.85;722;24;1934.00;36
4907;24;627659328;4907;135;5627;5663;10.34;0.62;228.98;4.85;720;24;1935.00;36
4909;24;627659340;4909;130;5627;5663;10.44;0.63;228.97;4.85;718;24;1936.00;36
4913;24;627659351;4913;129;5628;5664;10.57;0.64;228.99;4.85;715;24;1937.00;36
4914;25;627659363;4914;129;5628;5664;10.69;0.65;229.06;4.85;714;25;1938.00;36
4916;25;627659384;4916;124;5628;5664;10.76;0.65;229.10;4.85;712;25;1939.00;36
4919;25;627659396;4919;122;5628;5664;10.84;0.66;229.11;4.85;709;25;1940.00;36
4922;25;627659407;4922;121;5628;5664;10.95;0.66;229.08;4.85;706;25;1941.00;36
4925;25;627659418;4925;119;5628;5664;11.07;0.67;229.14;4.85;703;25;1942.00;36
4927;25;627659430;4927;119;5628;5664;11.20;0.68;229.19;4.85;701;25;1943.00;36
4931;25;627659441;4931;140;5673;5734;10.99;0.67;229.26;4.81;742;25;1944.00;61
4931;25;627659458;4931;133;5673;5735;11.19;0.68;229.26;4.81;742;25;1945.00;62
4935;25;627659469;4935;126;5677;5735;11.34;0.69;229.39;4.81;742;25;1946.00;58
4937;25;627659480;4937;118;5682;5735;11.43;0.70;229.47;4.81;745;25;1947.00;53
4937;25;627659491;4937;126;5685;5735;11.57;0.70;229.47;4.81;748;25;1948.00;50
4943;25;627659501;4943;124;5687;5735;11.67;0.71;229.48;4.81;744;25;1949.00;48
4947;25;627659514;4947;123;5691;5737;11.79;0.72;229.57;4.81;744;25;1950.00;46
4948;25;627659525;4948;128;5692;5737;11.87;0.72;229.56;4.81;744;25;1951.00;45
4950;25;627659536;4950;132;5695;5738;11.95;0.73;229.60;4.81;745;25;1952.00;43
4953;25;627659547;4953;133;5696;5739;12.05;0.73;229.68;4.81;743;25;1953.00;43
4955;25;627659564;4955;134;5697;5739;12.10;0.74;229.77;4.81;742;25;1954.00;42
4958;25;627659575;4958;136;5700;5743;12.09;0.74;229.93;4.81;742;25;1955.00;43
4960;25;627659586;4960;139;5701;5743;12.06;0.74;229.89;4.81;741;25;1956.00;42
4964;25;627659596;4964;143;5701;5743;12.03;0.73;229.91;4.81;737;25;1957.00;42
4968;25;627659606;4968;146;5701;5743;12.00;0.73;229.90;4.81;733;25;1958.00;42
4971;25;627659617;4971;150;5706;5749;11.94;0.73;229.94;4.80;735;25;1959.00;43
4976;25;627659628;4976;156;5706;5749;11.90;0.73;230.07;4.80;730;25;1960.00;43
4979;25;627659639;4979;158;5706;5749;11.85;0.72;230.12;4.80;727;25;1961.00;43
4983;25;627659650;4983;159;5709;5752;11.74;0.71;230.17;4.80;726;25;1962.00;43
4986;25;627659660;4986;156;5709;5752;11.65;0.71;230.22;4.80;723;25;1963.00;43
4987;25;627659682;4987;161;5709;5752;11.71;0.71;230.22;4.80;722;25;1964.00;43
4993;25;627659704;4993;162;5709;5753;11.76;0.72;230.31;4.80;716;25;1965.00;44
4994;25;627659721;4994;160;5710;5754;11.79;0.72;230.36;4.80;716;25;1966.00;44
5000;25;627659737;5000;162;5710;5754;11.77;0.71;230.32;4.80;710;25;1967.00;44
5004;25;627659752;5004;164;5719;5767;11.71;0.71;230.39;4.79;715;25;1968.00;48
5010;25;627659779;5010;162;5719;5767;11.71;0.71;230.40;4.79;709;25;1969.00;48
5013;25;627659794;5013;160;5719;5767;11.72;0.71;230.44;4.79;706;25;1970.00;48
5018;25;627659807;5018;158;5720;5768;11.66;0.71;230.41;4.79;702;25;1971.00;48
5021;25;627659818;5021;153;5720;5768;11.66;0.71;230.43;4.79;699;25;1972.00;48
5025;25;627659829;5025;142;5724;5772;11.65;0.71;230.41;4.86;699;25;1973.00;48
5028;25;627659841;5028;136;5726;5772;11.71;0.71;230.43;4.87;698;25;1974.00;46
5031;25;627659852;5031;129;5729;5776;11.75;0.71;230.45;4.87;698;25;1975.00;47
5034;25;627659864;5034;125;5730;5776;11.82;0.72;230.42;4.88;696;25;1976.00;46
5039;25;627659875;5039;123;5730;5776;11.90;0.72;230.42;4.88;691;25;1977.00;46
5044;25;627659887;5044;115;5730;5776;11.95;0.73;230.40;4.88;686;25;1978.00;46
5047;25;627659899;5047;117;5730;5776;11.98;0.73;230.38;4.88;683;25;1979.00;46
5050;25;627659912;5050;117;5750;5810;11.98;0.73;230.42;4.86;700;25;1980.00;60
5054;25;627659926;5054;115;5751;5810;11.96;0.73;230.46;4.86;697;25;1981.00;59
5055;25;627659937;5055;113;5752;5810;11.97;0.73;230.43;4.86;697;25;1982.00;58
5059;25;627659948;5059;115;5752;5810;11.96;0.73;230.45;4.86;693;25;1983.00;58
5061;25;627659958;5061;114;5753;5810;11.98;0.73;230.43;4.86;692;25;1984.00;57
5065;25;627659969;5065;117;5753;5810;11.98;0.73;230.46;4.86;688;25;1985.00;57
5069;25;627659980;5069;122;5754;5811;12.04;0.73;230.50;4.86;685;25;1986.00;57
5071;25;627659999;5071;126;5754;5811;11.96;0.73;230.46;4.86;683;25;1987.00;57
5075;25;627660017;5075;130;5758;5817;11.98;0.73;230.38;4.86;683;25;1988.00;59
5078;25;627660032;5078;123;5760;5818;11.92;0.72;230.30;4.93;682;25;1989.00;58
5082;25;627660056;5082;127;5762;5818;11.78;0.71;230.27;4.93;680;25;1990.00;56
5082;25;627660067;5082;131;5764;5818;11.64;0.71;230.27;4.94;682;25;1991.00;54
5086;25;627660077;5086;133;5767;5822;11.48;0.70;230.29;4.94;681;25;1992.00;55
5090;25;627660088;5090;137;5767;5822;11.36;0.69;230.25;4.94;677;25;1993.00;55
5091;25;627660099;5091;140;5768;5822;11.27;0.68;230.29;4.94;677;25;1994.00;54
5092;25;627660109;5092;150;5769;5823;11.27;0.68;230.34;4.94;677;25;1995.00;54
5098;25;627660120;5098;154;5773;5827;11.17;0.68;230.36;4.95;675;25;1996.00;54
5100;25;627660131;5100;160;5774;5827;11.14;0.67;230.33;4.95;674;25;1997.00;53
5102;25;627660142;5102;167;5777;5830;11.18;0.68;230.39;4.96;675;25;1998.00;53
5105;25;627660152;5105;167;5777;5830;11.06;0.67;230.37;4.96;672;25;1999.00;53
5106;25;627660164;5106;172;5781;5830;10.95;0.66;230.36;4.98;675;25;2000.00;49
5109;25;627660179;5109;178;5781;5830;10.86;0.66;230.42;4.98;672;25;2001.00;49
5110;25;627660189;5110;183;5786;5834;10.78;0.65;230.41;4.99;676;25;2002.00;48
5111;25;627660206;5111;192;5788;5834;10.69;0.65;230.39;5.00;677;25;2003.00;46
5115;25;627660216;5115;195;5788;5834;10.58;0.64;230.38;5.00;673;25;2004.00;46
5116;25;627660227;5116;200;5790;5834;10.44;0.63;230.39;5.02;674;25;2005.00;44
5119;25;627660236;5119;207;5790;5835;10.22;0.62;230.53;5.02;671;25;2006.00;45
5121;25;627660246;5121;209;5792;5836;10.06;0.61;230.68;5.03;671;25;2007.00;44
5122;25;627660256;5122;219;5794;5836;9.95;0.61;230.66;5.05;672;25;2008.00;42
5124;25;627660266;5124;225;5795;5837;9.86;0.60;230.72;5.05;671;25;2009.00;42
5125;25;627660277;5125;230;5796;5837;9.84;0.60;230.73;5.06;671;25;2010.00;41
5128;25;627660285;5128;237;5797;5837;9.73;0.59;230.70;5.06;669;25;2011.00;40
5131;26;627660293;5131;244;5797;5837;9.64;0.59;230.63;5.06;666;26;2012.00;40
5132;26;627660321;5132;251;5798;5837;9.54;0.58;230.64;5.07;666;26;2013.00;39
5134;26;627660331;5134;252;5799;5837;9.37;0.57;230.73;5.08;665;26;2014.00;38
5140;26;627660339;5140;257;5799;5837;9.22;0.57;230.69;5.08;659;26;2015.00;38
5142;26;627660348;5142;276;5866;5964;9.32;0.58;230.76;5.03;724;26;2016.00;98
5146;26;627660366;5146;279;5871;5965;9.16;0.57;230.64;5.05;725;26;2017.00;94
5150;26;627660383;5150;278;5881;5965;9.09;0.56;230.53;5.04;731;26;2018.00;84
5150;26;627660392;5150;274;5889;5965;8.98;0.56;230.53;5.04;739;26;2019.00;76
5151;26;627660401;5151;273;5898;5965;8.98;0.56;230.53;5.05;747;26;2020.00;67
5155;26;627660410;5155;270;5903;5965;8.90;0.55;230.40;5.05;748;26;2021.00;62
5157;26;627660419;5157;266;5909;5965;8.79;0.55;230.36;5.06;752;26;2022.00;56
5159;26;627660428;5159;264;5911;5965;8.73;0.54;230.32;5.06;752;26;2023.00;54
5164;26;627660437;5164;266;5915;5966;8.65;0.53;230.26;5.06;751;26;2024.00;51
5165;26;627660447;5165;269;5920;5968;8.50;0.53;230.22;5.07;755;26;2025.00;48
5165;26;627660456;5165;276;5923;5968;8.44;0.52;230.22;5.08;758;26;2026.00;45
5169;26;627660465;5169;282;5924;5969;8.29;0.51;230.20;5.08;755;26;2027.00;45
5170;26;627660476;5170;288;5928;5969;8.11;0.50;230.18;5.09;758;26;2028.00;41
5171;26;627660486;5171;293;5929;5969;7.96;0.49;230.18;5.09;758;26;2029.00;40
5173;26;627660495;5173;302;5932;5969;7.81;0.48;230.15;5.09;759;26;2030.00;37
5173;26;627660504;5173;315;5934;5973;7.65;0.47;230.15;5.09;761;26;2031.00;39
5176;26;627660514;5176;323;5936;5973;7.48;0.46;230.12;5.10;760;26;2032.00;37
5179;26;627660523;5179;339;5940;5973;7.32;0.45;230.15;5.10;761;26;2033.00;33
5182;26;627660532;5182;342;5942;5976;7.21;0.44;230.18;5.10;760;26;2034.00;34
5183;26;627660541;5183;349;5943;5976;7.13;0.44;230.22;5.10;760;26;2035.00;33
5188;26;627660550;5188;358;5944;5976;6.95;0.43;230.20;5.10;756;26;2036.00;32
5192;26;627660558;5192;357;5948;5980;6.74;0.42;230.23;5.10;756;26;2037.00;32
5194;26;627660568;5194;364;5950;5981;6.52;0.40;230.25;5.10;756;26;2038.00;31
5200;26;627660576;5200;368;5950;5981;6.29;0.39;230.28;5.10;750;26;2039.00;31
5204;26;627660586;5204;364;5956;5986;6.21;0.38;230.28;5.09;752;26;2040.00;30
5207;26;627660596;5207;364;5956;5986;6.03;0.37;230.24;5.09;749;26;2041.00;30
5210;26;627660604;5210;366;5956;5986;5.90;0.36;230.32;5.09;746;26;2042.00;30
5213;26;627660612;5213;348;5957;5987;5.89;0.36;230.34;5.09;744;26;2043.00;30
5213;26;627660621;5213;340;5957;5987;5.94;0.37;230.34;5.09;744;26;2044.00;30
5216;26;627660629;5216;330;5962;5993;6.05;0.37;230.34;5.09;746;26;2045.00;31
5219;26;627660639;5219;325;5963;5993;6.16;0.38;230.31;5.09;744;26;2046.00;30
5222;26;627660648;5222;311;5964;5994;6.26;0.38;230.34;5.09;742;26;2047.00;30
5224;26;627660658;5224;304;5964;5994;6.36;0.39;230.34;5.09;740;26;2048.00;30
5225;26;627660667;5225;293;5964;5994;6.48;0.40;230.35;5.09;739;26;2049.00;30
5227;26;627660685;5227;277;5964;5994;6.58;0.40;230.36;5.09;737;26;2050.00;30
5230;26;627660695;5230;271;5964;5994;6.70;0.41;230.38;5.09;734;26;2051.00;30
5230;26;627660705;5230;269;5975;6006;6.94;0.42;230.38;5.08;745;26;2052.00;31
5231;26;627660722;5231;268;5975;6006;7.08;0.43;230.41;5.08;744;26;2053.00;31
5233;26;627660732;5233;265;5976;6006;7.23;0.44;230.41;5.08;743;26;2054.00;30
5235;26;627660741;5235;271;5976;6006;7.33;0.45;230.43;5.08;741;26;2055.00;30
5238;26;627660750;5238;264;5976;6006;7.45;0.46;230.47;5.08;738;26;2056.00;30
5240;26;627660765;5240;257;5976;6006;7.55;0.46;230.51;5.08;736;26;2057.00;30
5241;26;627660774;5241;250;5980;6010;7.65;0.47;230.53;5.08;739;26;2058.00;30
5246;26;627660783;5246;248;5980;6010;7.72;0.47;230.46;5.08;734;26;2059.00;30
5248;26;627660793;5248;243;5983;6014;7.78;0.47;230.46;5.07;735;26;2060.00;31
5250;26;627660803;5250;241;5984;6015;7.86;0.48;230.45;5.07;734;26;2061.00;31
5252;26;627660813;5252;241;5985;6015;7.87;0.48;230.48;5.07;733;26;2062.00;30
5254;26;627660823;5254;238;5985;6015;7.92;0.48;230.47;5.07;731;26;2063.00;30
5260;26;627660833;5260;240;5998;6028;7.94;0.48;230.46;5.06;738;26;2064.00;30
5265;26;627660844;5265;233;5998;6028;7.97;0.48;230.43;5.06;733;26;2065.00;30
5269;26;627660853;5269;224;5998;6028;8.05;0.49;230.41;5.06;729;26;2066.00;30
5274;26;627660863;5274;225;5999;6029;8.15;0.50;230.49;5.06;725;26;2067.00;30
5276;26;627660873;5276;220;6000;6030;8.26;0.50;230.48;5.06;724;26;2068.00;30
5281;26;627660883;5281;221;6000;6030;8.35;0.51;230.46;5.06;719;26;2069.00;30
5284;26;627660894;5284;220;6003;6036;8.50;0.52;230.55;5.06;719;26;2070.00;33
5286;26;627660905;5286;213;6003;6036;8.65;0.53;230.55;5.06;717;26;2071.00;33
5288;26;627660914;5288;215;6004;6036;8.80;0.54;230.57;5.06;716;26;2072.00;32
5292;26;627660924;5292;212;6004;6036;8.85;0.54;230.57;5.06;712;26;2073.00;32
5295;26;627660935;5295;208;6008;6042;8.98;0.55;230.55;5.06;713;26;2074.00;34
5300;26;627660945;5300;205;6008;6042;9.01;0.55;230.66;5.06;708;26;2075.00;34
5305;26;627660956;5305;207;6009;6042;9.02;0.55;230.72;5.06;704;26;2076.00;33
5307;26;627660972;5307;209;6009;6042;9.00;0.55;230.82;5.06;702;26;2077.00;33
5311;26;627660982;5311;213;6014;6046;8.96;0.55;230.87;5.13;703;26;2078.00;32
5313;26;627660992;5313;212;6015;6047;8.92;0.55;230.91;5.13;702;26;2079.00;32
5319;26;627661002;5319;215;6016;6047;8.88;0.54;230.99;5.13;697;26;2080.00;31
5323;26;627661012;5323;217;6017;6048;8.85;0.54;231.07;5.13;694;26;2081.00;31
5327;26;627661023;5327;214;6017;6048;8.87;0.54;231.02;5.13;690;26;2082.00;31
5332;26;627661032;5332;215;6017;6048;8.85;0.54;231.10;5.13;685;26;2083.00;31
5333;26;627661043;5333;211;6017;6048;8.94;0.55;231.09;5.13;684;26;2084.00;31
5336;26;627661051;5336;214;6017;6048;8.94;0.55;231.17;5.13;681;26;2085.00;31
5338;26;627661062;5338;217;6017;6048;8.93;0.55;231.23;5.13;679;26;2086.00;31
5342;26;627661071;5342;204;6017;6048;8.95;0.55;231.23;5.13;675;26;2087.00;31
5344;26;627661082;5344;210;6060;6118;9.03;0.55;231.18;5.09;716;26;2088.00;58
5347;26;627661098;5347;193;6061;6119;9.07;0.56;231.20;5.09;714;26;2089.00;58
5350;26;627661109;5350;185;6067;6119;9.28;0.57;231.15;5.09;717;26;2090.00;52
5356;26;627661119;5356;174;6068;6119;9.44;0.58;231.22;5.09;712;26;2091.00;51
5358;26;627661129;5358;171;6072;6119;9.58;0.59;231.23;5.09;714;26;2092.00;47
5365;26;627661140;5365;172;6076;6119;9.72;0.59;231.34;5.09;711;26;2093.00;43
5366;26;627661150;5366;170;6078;6119;9.86;0.60;231.32;5.09;712;26;2094.00;41
5371;26;627661161;5371;169;6081;6119;9.91;0.60;231.35;5.09;710;26;2095.00;38
5374;27;627661172;5374;153;6083;6120;10.04;0.61;231.41;5.09;709;27;2096.00;37
5377;27;627661194;5377;142;6084;6121;10.15;0.62;231.42;5.09;707;27;2097.00;37
5379;27;627661210;5379;134;6085;6121;10.18;0.62;231.42;5.09;706;27;2098.00;36
5383;27;627661221;5383;129;6088;6125;10.23;0.62;231.51;5.09;705;27;2099.00;37
5386;27;627661240;5386;136;6092;6140;10.30;0.62;231.60;5.08;706;27;2100.00;48
5388;27;627661259;5388;132;6092;6140;10.44;0.63;231.62;5.08;704;27;2101.00;48
5391;27;627661270;5391;134;6092;6140;10.55;0.64;231.69;5.08;701;27;2102.00;48
5394;27;627661281;5394;135;6095;6146;10.68;0.65;231.86;5.08;701;27;2103.00;51
5397;27;627661293;5397;134;6095;6146;10.87;0.66;231.92;5.08;698;27;2104.00;51
5399;27;627661303;5399;126;6095;6146;11.01;0.67;232.02;5.08;696;27;2105.00;51
5401;27;627661315;5401;126;6099;6149;11.11;0.68;232.07;5.08;698;27;2106.00;50
5403;27;627661327;5403;125;6099;6149;11.20;0.68;232.07;5.08;696;27;2107.00;50
5406;27;627661338;5406;122;6099;6149;11.27;0.69;232.17;5.08;693;27;2108.00;50
5411;27;627661349;5411;121;6099;6150;11.40;0.69;232.18;5.08;688;27;2109.00;51
5412;27;627661360;5412;121;6100;6151;11.49;0.70;232.18;5.08;688;27;2110.00;51
5417;27;627661371;5417;117;6100;6151;11.60;0.71;232.30;5.08;683;27;2111.00;51
5418;27;627661381;5418;125;6111;6164;11.64;0.71;232.34;5.07;693;27;2112.00;53
5422;27;627661393;5422;122;6111;6164;11.66;0.71;232.32;5.07;689;27;2113.00;53
5425;27;627661405;5425;123;6111;6164;11.69;0.71;232.34;5.07;686;27;2114.00;53
5427;27;627661416;5427;128;6113;6166;11.72;0.71;232.32;5.07;686;27;2115.00;53
5429;27;627661427;5429;125;6113;6166;11.78;0.72;232.35;5.07;684;27;2116.00;53
5433;27;627661437;5433;127;6115;6170;11.79;0.72;232.43;5.07;682;27;2117.00;55
5436;27;627661449;5436;129;6117;6170;11.80;0.72;232.47;5.07;681;27;2118.00;53
5440;27;627661465;5440;132;6120;6174;11.76;0.72;232.55;5.07;680;27;2119.00;54
5443;28;627661476;5443;129;6120;6174;11.81;0.72;232.59;5.07;677;28;2120.00;54
5447;28;627661493;5447;126;6120;6174;11.88;0.72;232.62;5.07;673;28;2121.00;54
5448;28;627661504;5448;126;6120;6174;11.99;0.73;232.66;5.07;672;28;2122.00;54
5450;28;627661518;5450;125;6120;6174;12.00;0.73;232.66;5.07;670;28;2123.00;54
5453;28;627661529;5453;125;6130;6186;11.94;0.73;232.74;5.07;677;28;2124.00;56
5455;28;627661545;5455;128;6130;6186;12.06;0.74;232.73;5.07;675;28;2125.00;56
5455;29;627661555;5455;127;6132;6186;12.15;0.74;232.73;5.15;677;29;2126.00;54
5458;29;627661582;5458;130;6134;6186;12.20;0.75;232.72;5.16;676;29;2127.00;52
5462;29;627661592;5462;134;6135;6186;12.23;0.75;232.69;5.16;673;29;2128.00;51
5465;29;627661602;5465;133;6137;6186;12.28;0.75;232.66;5.17;672;29;2129.00;49
5468;29;627661613;5468;130;6139;6187;12.29;0.75;232.72;5.17;671;29;2130.00;48
5471;29;627661624;5471;127;6139;6187;12.33;0.75;232.67;5.17;668;29;2131.00;48
5478;29;627661634;5478;128;6143;6193;12.32;0.75;232.69;5.17;665;29;2132.00;50
5484;29;627661650;5484;132;6145;6194;12.33;0.75;232.71;5.17;661;29;2133.00;49
5487;29;627661661;5487;129;6145;6194;12.34;0.75;232.69;5.17;658;29;2134.00;49
5492;29;627661675;5492;131;6146;6194;12.29;0.75;232.82;5.17;654;29;2135.00;48
5498;29;627661688;5498;132;6149;6198;12.25;0.74;232.75;5.17;651;29;2136.00;49
5501;29;627661702;5501;131;6151;6198;12.30;0.74;232.72;5.17;650;29;2137.00;47
5504;29;627661719;5504;132;6151;6198;12.32;0.75;232.80;5.17;647;29;2138.00;47
5509;29;627661735;5509;129;6152;6199;12.35;0.75;232.81;5.17;643;29;2139.00;47
5511;29;627661749;5511;129;6155;6203;12.28;0.74;232.78;5.17;644;29;2140.00;48
5516;29;627661764;5516;124;6156;6203;12.25;0.74;232.85;5.24;640;29;2141.00;47
5519;29;627661777;5519;119;6158;6206;12.31;0.74;232.90;5.24;639;29;2142.00;48
5523;29;627661791;5523;119;6158;6206;12.34;0.75;232.93;5.24;635;29;2143.00;48
5526;29;627661803;5526;118;6160;6206;12.32;0.75;232.93;5.32;634;29;2144.00;46
5529;29;627661822;5529;119;6162;6206;12.31;0.74;232.99;5.34;633;29;2145.00;44
5533;29;627661832;5533;120;6165;6210;12.38;0.75;232.91;5.34;632;29;2146.00;45
5541;29;627661844;5541;118;6166;6210;12.37;0.75;232.89;5.41;625;29;2147.00;44
5544;29;627661854;5544;114;6167;6210;12.36;0.75;232.88;5.41;623;29;2148.00;43
5548;29;627661865;5548;113;6167;6210;12.39;0.75;232.91;5.41;619;29;2149.00;43
5551;29;627661874;5551;115;6167;6211;12.38;0.75;232.90;5.41;616;29;2150.00;44
5553;29;627661885;5553;118;6168;6212;12.32;0.74;232.93;5.41;615;29;2151.00;44
5555;29;627661896;5555;118;6168;6212;12.20;0.74;232.89;5.41;613;29;2152.00;44
5557;29;627661906;5557;120;6169;6213;12.09;0.73;232.86;5.41;612;29;2153.00;44
5558;29;627661916;5558;121;6169;6213;11.99;0.73;232.82;5.41;611;29;2154.00;44
5561;29;627661926;5561;130;6169;6213;11.99;0.73;232.80;5.41;608;29;2155.00;44
5564;29;627661936;5564;135;6169;6213;11.95;0.72;232.77;5.41;605;29;2156.00;44
5564;29;627661949;5564;137;6169;6213;11.92;0.72;232.77;5.41;605;29;2157.00;44
5565;29;627661958;5565;141;6169;6213;11.87;0.72;232.78;5.41;604;29;2158.00;44
5567;29;627661969;5567;142;6169;6213;11.73;0.71;232.73;5.41;602;29;2159.00;44
5568;29;627661979;5568;175;6266;6443;11.34;0.71;232.72;5.33;698;29;2160.00;177
5570;29;627662010;5570;170;6267;6444;11.24;0.70;232.70;5.32;697;29;2161.00;177
5573;29;627662020;5573;159;6275;6444;11.21;0.70;232.68;5.32;702;29;2162.00;169
5574;29;627662030;5574;157;6281;6444;11.11;0.69;232.66;5.32;707;29;2163.00;163
5577;29;627662039;5577;153;6291;6444;11.13;0.69;232.65;5.32;714;29;2164.00;153
5579;29;627662055;5579;157;6296;6444;11.08;0.69;232.63;5.32;717;29;2165.00;148
5581;29;627662071;5581;159;6302;6444;10.97;0.68;232.63;5.32;721;29;2166.00;142
5582;29;627662081;5582;164;6308;6444;10.93;0.68;232.64;5.32;726;29;2167.00;136
5585;29;627662090;5585;173;6313;6445;10.84;0.67;232.60;5.32;728;29;2168.00;132
5588;29;627662107;5588;178;6321;6446;10.78;0.67;232.54;5.34;733;29;2169.00;125
5589;29;627662117;5589;184;6325;6446;10.71;0.66;232.55;5.34;736;29;2170.00;121
5591;29;627662126;5591;193;6331;6447;10.67;0.66;232.50;5.36;740;29;2171.00;116
5595;29;627662136;5595;198;6338;6447;10.53;0.65;232.47;5.36;743;29;2172.00;109
5597;29;627662147;5597;204;6343;6447;10.42;0.64;232.41;5.39;746;29;2173.00;104
5597;29;627662157;5597;212;6348;6447;10.27;0.63;232.41;5.40;751;29;2174.00;99
5598;29;627662167;5598;213;6354;6451;9.98;0.61;232.43;5.42;756;29;2175.00;97
5599;29;627662178;5599;225;6358;6451;9.79;0.60;232.48;5.43;759;29;2176.00;93
5601;30;627662193;5601;227;6361;6451;9.55;0.59;232.43;5.43;760;30;2177.00;90
5603;30;627662224;5603;238;6365;6454;9.41;0.58;232.41;5.45;762;30;2178.00;89
5604;30;627662234;5604;241;6366;6454;9.25;0.57;232.43;5.46;762;30;2179.00;88
5604;30;627662243;5604;250;6367;6454;9.13;0.56;232.43;5.46;763;30;2180.00;87
5605;30;627662253;5605;259;6375;6458;8.94;0.55;232.42;5.48;770;30;2181.00;83
5607;30;627662263;5607;268;6378;6459;8.82;0.54;232.35;5.48;771;30;2182.00;81
5608;30;627662272;5608;276;6383;6459;8.70;0.54;232.34;5.53;775;30;2183.00;76
5611;30;627662282;5611;284;6386;6463;8.58;0.53;232.27;5.53;775;30;2184.00;77
5612;30;627662292;5612;289;6389;6463;8.42;0.52;232.27;5.54;777;30;2185.00;74
5615;30;627662302;5615;298;6392;6463;8.21;0.50;232.25;5.55;777;30;2186.00;71
5616;30;627662312;5616;301;6396;6464;8.03;0.49;232.23;5.56;780;30;2187.00;68
5617;30;627662322;5617;309;6401;6464;7.82;0.48;232.22;5.58;784;30;2188.00;63
5621;30;627662331;5621;313;6405;6470;7.71;0.47;232.26;5.58;784;30;2189.00;65
5622;30;627662344;5622;316;6408;6470;7.54;0.46;232.24;5.59;786;30;2190.00;62
5625;31;627662354;5625;323;6409;6471;7.37;0.45;232.18;5.60;784;31;2191.00;62
5628;31;627662377;5628;326;6411;6471;7.31;0.45;232.08;5.61;783;31;2192.00;60
5628;31;627662387;5628;333;6414;6471;7.20;0.44;232.08;5.62;786;31;2193.00;57
5629;31;627662396;5629;340;6414;6471;7.13;0.44;232.11;5.62;785;31;2194.00;57
5630;31;627662410;5630;332;6414;6471;7.08;0.43;232.09;5.62;784;31;2195.00;57
5632;31;627662420;5632;329;6426;6483;7.11;0.43;232.03;5.62;794;31;2196.00;57
5633;31;627662431;5633;328;6427;6483;7.11;0.43;232.12;5.62;794;31;2197.00;56
5634;31;627662441;5634;322;6430;6483;7.11;0.43;232.09;5.63;796;31;2198.00;53
5634;31;627662450;5634;323;6432;6483;7.10;0.43;232.09;5.64;798;31;2199.00;51
5636;31;627662461;5636;316;6433;6483;7.14;0.44;232.04;5.64;797;31;2200.00;50
5637;31;627662475;5637;317;6435;6483;7.13;0.44;232.04;5.64;798;31;2201.00;48
5638;32;627662491;5638;313;6438;6487;7.17;0.44;232.00;5.64;800;32;2202.00;49
5644;32;627662513;5644;309;6438;6487;7.14;0.44;232.03;5.64;794;32;2203.00;49
5646;32;627662524;5646;302;6443;6491;7.13;0.43;232.02;5.64;797;32;2204.00;48
5648;32;627662541;5648;303;6446;6493;7.13;0.44;232.09;5.65;798;32;2205.00;47
5650;32;627662551;5650;305;6447;6493;7.16;0.44;232.12;5.65;797;32;2206.00;46
5651;32;627662561;5651;305;6448;6493;7.12;0.44;232.14;5.65;797;32;2207.00;45
5656;32;627662570;5656;305;6460;6506;7.00;0.43;232.18;5.65;804;32;2208.00;46
5658;32;627662581;5658;302;6460;6506;6.94;0.43;232.15;5.65;802;32;2209.00;46
5660;32;627662590;5660;294;6463;6508;6.91;0.42;232.22;5.64;803;32;2210.00;45
5665;32;627662600;5665;292;6465;6509;6.90;0.42;232.20;5.64;800;32;2211.00;44
5666;32;627662610;5666;290;6465;6510;6.91;0.42;232.24;5.64;799;32;2212.00;45
5668;32;627662619;5668;287;6466;6510;7.00;0.43;232.29;5.64;798;32;2213.00;44
5671;32;627662629;5671;283;6468;6513;7.08;0.43;232.33;5.64;797;32;2214.00;45
5673;32;627662640;5673;280;6469;6513;7.19;0.44;232.36;5.64;796;32;2215.00;44
5677;32;627662650;5677;274;6470;6513;7.27;0.45;232.38;5.64;793;32;2216.00;43
5680;32;627662660;5680;269;6470;6513;7.32;0.45;232.44;5.64;790;32;2217.00;43
5682;32;627662671;5682;259;6474;6519;7.42;0.46;232.46;5.64;792;32;2218.00;45
5685;32;627662681;5685;243;6474;6519;7.51;0.46;232.51;5.64;789;32;2219.00;45
5688;32;627662695;5688;234;6475;6519;7.57;0.47;232.50;5.64;787;32;2220.00;44
5692;32;627662705;5692;223;6476;6519;7.67;0.47;232.46;5.64;784;32;2221.00;43
5697;32;627662715;5697;220;6480;6523;7.74;0.47;232.54;5.64;783;32;2222.00;43
5699;32;627662726;5699;215;6481;6524;7.87;0.48;232.58;5.64;782;32;2223.00;43
5704;32;627662737;5704;211;6481;6524;7.93;0.49;232.58;5.64;777;32;2224.00;43
5709;32;627662747;5709;213;6482;6525;7.99;0.49;232.62;5.63;773;32;2225.00;43
5712;32;627662757;5712;213;6482;6525;8.13;0.50;232.61;5.63;770;32;2226.00;43
5715;32;627662766;5715;213;6482;6525;8.22;0.51;232.59;5.63;767;32;2227.00;43
5720;32;627662776;5720;218;6482;6525;8.31;0.51;232.56;5.63;762;32;2228.00;43
5724;32;627662786;5724;223;6482;6525;8.39;0.52;232.62;5.63;758;32;2229.00;43
5730;32;627662796;5730;216;6482;6525;8.40;0.51;232.61;5.63;752;32;2230.00;43
5737;32;627662807;5737;211;6482;6525;8.35;0.51;232.62;5.63;745;32;2231.00;43
5740;32;627662825;5740;212;6522;6595;8.47;0.52;232.57;5.60;782;32;2232.00;73
5747;32;627662841;5747;202;6526;6596;8.50;0.52;232.48;5.60;779;32;2233.00;70
5749;32;627662853;5749;199;6532;6596;8.62;0.53;232.49;5.59;783;32;2234.00;64
5753;32;627662870;5753;195;6536;6596;8.72;0.53;232.42;5.59;783;32;2235.00;60
5757;32;627662880;5757;193;6541;6596;8.87;0.54;232.47;5.59;784;32;2236.00;55
5763;32;627662891;5763;192;6544;6596;8.97;0.55;232.51;5.59;781;32;2237.00;52
5768;32;627662902;5768;192;6545;6596;9.14;0.56;232.53;5.59;777;32;2238.00;51
5771;32;627662913;5771;192;6547;6596;9.24;0.56;232.50;5.59;776;32;2239.00;49
5774;32;627662923;5774;189;6548;6597;9.28;0.56;232.50;5.59;774;32;2240.00;49
5779;32;627662935;5779;195;6549;6598;9.28;0.56;232.50;5.59;770;32;2241.00;49
5784;32;627662946;5784;201;6550;6598;9.26;0.56;232.57;5.59;766;32;2242.00;48
5789;32;627662957;5789;204;6553;6602;9.19;0.56;232.63;5.59;764;32;2243.00;49
5794;32;627662969;5794;202;6553;6602;9.16;0.56;232.64;5.59;759;32;2244.00;49
5794;32;627662980;5794;213;6553;6602;9.19;0.56;232.64;5.59;759;32;2245.00;49
5796;32;627662991;5796;214;6553;6602;9.20;0.56;232.66;5.59;757;32;2246.00;49
5800;32;627663001;5800;218;6557;6608;9.24;0.57;232.72;5.59;757;32;2247.00;51
5805;32;627663012;5805;216;6558;6608;9.31;0.57;232.75;5.58;753;32;2248.00;50
5807;32;627663024;5807;214;6558;6608;9.40;0.58;232.84;5.58;751;32;2249.00;50
5811;32;627663036;5811;220;6561;6614;9.46;0.58;232.90;5.58;750;32;2250.00;53
5813;32;627663048;5813;221;6561;6614;9.50;0.58;232.93;5.58;748;32;2251.00;53
5818;32;627663059;5818;220;6562;6614;9.48;0.58;232.98;5.58;744;32;2252.00;52
5823;32;627663070;5823;219;6562;6615;9.42;0.58;233.01;5.58;739;32;2253.00;53
5826;32;627663081;5826;221;6564;6616;9.47;0.58;233.08;5.58;738;32;2254.00;52
5831;32;627663091;5831;225;6564;6616;9.46;0.58;233.17;5.58;733;32;2255.00;52
5837;32;627663102;5837;228;6575;6629;9.55;0.58;233.21;5.57;738;32;2256.00;54
5839;32;627663114;5839;213;6575;6629;9.55;0.58;233.25;5.57;736;32;2257.00;54
5846;32;627663125;5846;209;6576;6629;9.55;0.58;233.33;5.57;730;32;2258.00;53
5852;32;627663136;5852;201;6577;6630;9.59;0.59;233.39;5.57;725;32;2259.00;53
5855;32;627663148;5855;197;6577;6630;9.66;0.59;233.43;5.57;722;32;2260.00;53
5860;32;627663159;5860;198;6580;6634;9.65;0.59;233.51;5.57;720;32;2261.00;54
5863;32;627663171;5863;196;6580;6634;9.63;0.59;233.50;5.57;717;32;2262.00;54
5867;32;627663182;5867;200;6584;6638;9.65;0.59;233.57;5.57;717;32;2263.00;54
5870;32;627663194;5870;204;6584;6638;9.65;0.59;233.59;5.57;714;32;2264.00;54
5871;32;627663204;5871;205;6584;6638;9.67;0.59;233.63;5.57;713;32;2265.00;54
5873;32;627663223;5873;199;6584;6638;9.78;0.59;233.63;5.57;711;32;2266.00;54
5876;32;627663234;5876;190;6584;6638;9.82;0.60;233.68;5.57;708;32;2267.00;54
5878;32;627663245;5878;176;6594;6650;9.97;0.61;233.71;5.56;716;32;2268.00;56
5882;32;627663258;5882;164;6595;6650;10.13;0.62;233.77;5.56;713;32;2269.00;55
5884;32;627663269;5884;152;6595;6650;10.30;0.63;233.84;5.56;711;32;2270.00;55
5888;32;627663292;5888;156;6595;6650;10.41;0.63;233.83;5.56;707;32;2271.00;55
5889;32;627663304;5889;147;6595;6650;10.54;0.64;233.84;5.56;706;32;2272.00;55
5890;32;627663319;5890;147;6595;6650;10.73;0.66;233.88;5.56;705;32;2273.00;55
5894;32;627663331;5894;142;6595;6651;10.88;0.67;233.89;5.56;701;32;2274.00;56
5899;32;627663344;5899;138;6595;6651;10.95;0.67;233.88;5.56;696;32;2275.00;56
5902;32;627663355;5902;137;6599;6657;11.01;0.67;233.87;5.55;697;32;2276.00;58
5906;32;627663367;5906;130;6600;6658;11.05;0.67;233.89;5.55;694;32;2277.00;58
5907;32;627663383;5907;125;6601;6658;11.10;0.67;233.88;5.55;694;32;2278.00;57
5913;32;627663396;5913;125;6601;6658;11.12;0.67;233.93;5.55;688;32;2279.00;57
5915;32;627663409;5915;116;6605;6663;11.10;0.67;234.00;5.55;690;32;2280.00;58
5917;32;627663420;5917;117;6605;6663;11.16;0.68;234.04;5.55;688;32;2281.00;58
5921;32;627663430;5921;115;6605;6663;11.24;0.68;234.13;5.55;684;32;2282.00;58
5925;32;627663441;5925;112;6606;6664;11.36;0.69;234.09;5.55;681;32;2283.00;58
5927;32;627663452;5927;112;6609;6668;11.43;0.69;234.12;5.55;682;32;2284.00;59
5929;32;627663463;5929;114;6609;6668;11.44;0.69;234.17;5.55;680;32;2285.00;59
5932;32;627663473;5932;114;6611;6671;11.53;0.70;234.14;5.55;679;32;2286.00;60
5935;32;627663484;5935;117;6611;6671;11.58;0.70;234.14;5.55;676;32;2287.00;60
5936;32;627663494;5936;124;6612;6671;11.62;0.71;234.16;5.54;676;32;2288.00;59
5937;32;627663504;5937;122;6612;6671;11.62;0.71;234.18;5.54;675;32;2289.00;59
5941;32;627663513;5941;117;6615;6675;11.57;0.70;234.23;5.54;674;32;2290.00;60
5943;32;627663524;5943;119;6615;6675;11.55;0.70;234.24;5.54;672;32;2291.00;60
5947;32;627663533;5947;120;6616;6675;11.55;0.70;234.33;5.54;669;32;2292.00;59
5949;32;627663548;5949;122;6616;6675;11.56;0.70;234.35;5.54;667;32;2293.00;59
5951;32;627663558;5951;126;6616;6676;11.56;0.70;234.40;5.54;665;32;2294.00;60
5953;32;627663567;5953;127;6618;6678;11.57;0.70;234.37;5.54;665;32;2295.00;60
5955;32;627663577;5955;130;6618;6678;11.62;0.71;234.44;5.54;663;32;2296.00;60
5960;32;627663586;5960;134;6619;6679;11.58;0.70;234.45;5.54;659;32;2297.00;60
5964;32;627663596;5964;136;6619;6679;11.53;0.70;234.43;5.54;655;32;2298.00;60
5968;32;627663606;5968;139;6620;6679;11.57;0.70;234.41;5.63;652;32;2299.00;59
5971;32;627663617;5971;140;6620;6679;11.58;0.70;234.38;5.63;649;32;2300.00;59
5974;32;627663630;5974;145;6620;6679;11.60;0.70;234.36;5.63;646;32;2301.00;59
5975;32;627663639;5975;140;6620;6679;11.60;0.70;234.37;5.63;645;32;2302.00;59
5980;32;627663650;5980;139;6620;6679;11.56;0.70;234.37;5.63;640;32;2303.00;59
5981;32;627663659;5981;166;6690;6806;11.08;0.68;234.37;5.57;709;32;2304.00;116
5982;32;627663677;5982;158;6690;6807;11.08;0.68;234.35;5.57;708;32;2305.00;117
5987;32;627663688;5987;154;6696;6807;11.10;0.68;234.32;5.56;709;32;2306.00;111
5992;32;627663700;5992;151;6698;6807;11.08;0.68;234.34;5.56;706;32;2307.00;109
5995;32;627663716;5995;144;6702;6807;11.06;0.68;234.31;5.56;707;32;2308.00;105
5999;32;627663730;5999;142;6705;6807;11.07;0.68;234.31;5.56;706;32;2309.00;102
6001;32;627663747;6001;145;6708;6807;11.08;0.68;234.29;5.56;707;32;2310.00;99
6003;32;627663761;6003;142;6714;6807;11.23;0.69;234.36;5.56;711;32;2311.00;93
6005;32;627663774;6005;140;6715;6808;11.28;0.69;234.36;5.56;710;32;2312.00;93
6007;32;627663787;6007;139;6721;6809;11.39;0.70;234.38;5.57;714;32;2313.00;88
6009;32;627663798;6009;143;6725;6809;11.44;0.70;234.38;5.57;716;32;2314.00;84
6014;32;627663809;6014;141;6731;6810;11.42;0.70;234.30;5.59;717;32;2315.00;79
6016;32;627663822;6016;143;6735;6810;11.33;0.69;234.26;5.60;719;32;2316.00;75
6020;32;627663834;6020;142;6737;6810;11.22;0.69;234.24;5.60;717;32;2317.00;73
6021;32;627663845;6021;147;6738;6810;11.18;0.68;234.21;5.60;717;32;2318.00;72
6026;32;627663855;6026;147;6742;6814;11.14;0.68;234.17;5.60;716;32;2319.00;72
6031;32;627663865;6031;149;6744;6814;11.04;0.67;234.19;5.62;713;32;2320.00;70
6034;32;627663875;6034;148;6744;6814;10.93;0.67;234.13;5.62;710;32;2321.00;70
6037;32;627663886;6037;150;6747;6817;10.86;0.66;234.20;5.62;710;32;2322.00;70
6039;32;627663896;6039;159;6747;6817;10.77;0.66;234.14;5.62;708;32;2323.00;70
6039;32;627663908;6039;160;6748;6817;10.72;0.65;234.14;5.62;709;32;2324.00;69
6039;32;627663918;6039;168;6752;6821;10.63;0.65;234.14;5.62;713;32;2325.00;69
6040;32;627663928;6040;170;6753;6822;10.61;0.65;234.15;5.62;713;32;2326.00;69
6043;33;627663937;6043;171;6754;6822;10.54;0.65;234.12;5.62;711;33;2327.00;68
6045;33;627663960;6045;175;6757;6826;10.47;0.64;234.09;5.61;712;33;2328.00;69
6046;33;627663971;6046;178;6757;6826;10.37;0.63;234.06;5.61;711;33;2329.00;69
6053;33;627663987;6053;188;6757;6826;10.28;0.63;233.91;5.61;704;33;2330.00;69
6056;33;627664004;6056;189;6758;6827;10.15;0.62;233.81;5.61;702;33;2331.00;69
6058;33;627664015;6058;196;6758;6827;10.06;0.61;233.78;5.61;700;33;2332.00;69
6059;33;627664024;6059;201;6762;6833;9.98;0.61;233.74;5.61;703;33;2333.00;71
6061;33;627664034;6061;204;6763;6833;9.92;0.60;233.73;5.61;702;33;2334.00;70
6064;33;627664050;6064;211;6763;6834;9.89;0.60;233.68;5.61;699;33;2335.00;71
6066;33;627664061;6066;212;6764;6834;9.87;0.60;233.62;5.62;698;33;2336.00;70
6067;33;627664070;6067;219;6764;6834;9.82;0.59;233.61;5.62;697;33;2337.00;70
6068;33;627664080;6068;223;6764;6834;9.76;0.59;233.60;5.62;696;33;2338.00;70
6070;33;627664089;6070;229;6765;6834;9.72;0.59;233.58;5.63;695;33;2339.00;69
6070;33;627664101;6070;235;6787;6870;9.65;0.59;233.58;5.63;717;33;2340.00;83
6070;33;627664114;6070;244;6788;6870;9.59;0.58;233.58;5.63;718;33;2341.00;82
6071;33;627664123;6071;250;6792;6870;9.54;0.58;233.58;5.64;721;33;2342.00;78
6071;33;627664140;6071;252;6795;6870;9.48;0.58;233.58;5.65;724;33;2343.00;75
6072;33;627664150;6072;256;6796;6870;9.41;0.57;233.67;5.65;724;33;2344.00;74
6075;33;627664161;6075;260;6798;6870;9.25;0.56;233.67;5.66;723;33;2345.00;72
6076;33;627664170;6076;261;6802;6874;9.19;0.56;233.64;5.67;726;33;2346.00;72
6076;33;627664180;6076;251;6803;6874;9.18;0.56;233.64;5.67;727;33;2347.00;71
6077;33;627664189;6077;245;6807;6878;9.16;0.56;233.65;5.69;730;33;2348.00;71
6077;33;627664199;6077;243;6809;6879;9.13;0.56;233.65;5.69;732;33;2349.00;70
6077;33;627664208;6077;239;6811;6879;9.10;0.56;233.65;5.69;734;33;2350.00;68
6077;33;627664218;6077;241;6813;6879;9.07;0.55;233.65;5.71;736;33;2351.00;66
6078;34;627664228;6078;238;6825;6892;8.99;0.55;233.61;5.70;747;34;2352.00;67
6080;34;627664251;6080;237;6826;6892;8.96;0.55;233.59;5.71;746;34;2353.00;66
6082;34;627664261;6082;236;6826;6892;8.92;0.55;233.59;5.71;744;34;2354.00;66
6083;35;627664271;6083;241;6829;6893;8.92;0.55;233.57;5.72;746;35;2355.00;64
6083;35;627664293;6083;244;6830;6894;8.90;0.55;233.57;5.73;747;35;2356.00;64
6085;35;627664303;6085;248;6831;6894;8.87;0.55;233.56;5.74;746;35;2357.00;63
6089;35;627664322;6089;250;6835;6897;8.80;0.54;233.52;5.74;746;35;2358.00;62
6091;35;627664331;6091;244;6836;6897;8.75;0.54;233.47;5.74;745;35;2359.00;61
6094;35;627664341;6094;246;6836;6897;8.72;0.53;233.45;5.74;742;35;2360.00;61
6095;35;627664351;6095;246;6837;6897;8.65;0.53;233.47;5.75;742;35;2361.00;60
6096;35;627664360;6096;246;6842;6903;8.65;0.53;233.46;5.75;746;35;2362.00;61
6097;35;627664370;6097;245;6843;6903;8.64;0.53;233.45;5.76;746;35;2363.00;60
6098;35;627664381;6098;242;6844;6903;8.59;0.53;233.45;5.76;746;35;2364.00;59
6101;35;627664390;6101;248;6845;6903;8.45;0.52;233.41;5.77;744;35;2365.00;58
6103;35;627664399;6103;241;6849;6907;8.39;0.51;233.40;5.77;746;35;2366.00;58
6107;35;627664409;6107;246;6850;6908;8.26;0.51;233.39;5.77;743;35;2367.00;58
6110;35;627664419;6110;246;6852;6908;8.16;0.50;233.36;5.79;742;35;2368.00;56
6114;35;627664428;6114;246;6853;6909;8.15;0.50;233.33;5.79;739;35;2369.00;56
6117;35;627664439;6117;253;6856;6909;8.13;0.50;233.34;5.81;739;35;2370.00;53
6119;35;627664449;6119;252;6856;6909;8.20;0.50;233.31;5.81;737;35;2371.00;53
6120;35;627664457;6120;246;6857;6909;8.23;0.50;233.30;5.82;737;35;2372.00;52
6129;35;627664466;6129;245;6857;6909;8.11;0.49;233.26;5.82;728;35;2373.00;52
6132;35;627664476;6132;242;6857;6909;8.06;0.49;233.33;5.82;725;35;2374.00;52
6137;35;627664485;6137;244;6860;6909;7.89;0.48;233.36;5.83;723;35;2375.00;49
6138;35;627664495;6138;249;6900;6979;8.08;0.50;233.38;5.80;762;35;2376.00;79
6144;35;627664510;6144;246;6905;6980;8.00;0.49;233.36;5.80;761;35;2377.00;75
6148;35;627664520;6148;241;6912;6980;7.97;0.49;233.36;5.79;764;35;2378.00;68
6150;35;627664529;6150;249;6916;6980;7.94;0.49;233.37;5.79;766;35;2379.00;64
6153;35;627664539;6153;241;6922;6980;7.87;0.48;233.43;5.79;769;35;2380.00;58
6155;35;627664548;6155;234;6925;6980;7.87;0.48;233.39;5.79;770;35;2381.00;55
6158;35;627664558;6158;230;6930;6980;7.78;0.48;233.44;5.79;772;35;2382.00;50
6163;35;627664567;6163;231;6931;6980;7.72;0.47;233.46;5.79;768;35;2383.00;49
6167;35;627664576;6167;235;6933;6981;7.82;0.48;233.47;5.79;766;35;2384.00;48
6173;35;627664585;6173;230;6935;6983;7.87;0.48;233.56;5.79;762;35;2385.00;48
6177;35;627664597;6177;235;6936;6983;7.92;0.49;233.54;5.79;759;35;2386.00;47
6180;35;627664608;6180;228;6939;6987;8.00;0.49;233.56;5.79;759;35;2387.00;48
6185;35;627664618;6185;231;6940;6987;8.07;0.50;233.56;5.79;755;35;2388.00;47
6188;35;627664628;6188;225;6940;6987;8.18;0.50;233.57;5.79;752;35;2389.00;47
6192;35;627664638;6192;227;6940;6987;8.24;0.51;233.58;5.79;748;35;2390.00;47
6194;35;627664649;6194;233;6945;6993;8.30;0.51;233.59;5.79;751;35;2391.00;48
6196;35;627664666;6196;229;6946;6993;8.37;0.52;233.57;5.79;750;35;2392.00;47
6201;35;627664684;6201;234;6946;6993;8.46;0.52;233.56;5.79;745;35;2393.00;47
6202;35;627664696;6202;235;6948;6996;8.61;0.53;233.56;5.78;746;35;2394.00;48
6206;35;627664707;6206;238;6948;6996;8.68;0.53;233.63;5.78;742;35;2395.00;48
6211;35;627664717;6211;238;6949;6996;8.73;0.54;233.57;5.78;738;35;2396.00;47
6215;35;627664728;6215;235;6950;6997;8.81;0.54;233.53;5.78;735;35;2397.00;47
6220;35;627664739;6220;237;6951;6998;8.82;0.54;233.51;5.78;731;35;2398.00;47
6227;35;627664748;6227;222;6951;6998;8.77;0.54;233.55;5.78;724;35;2399.00;47
6231;36;627664761;6231;219;6977;7057;8.76;0.54;233.56;5.76;746;36;2400.00;80
6235;36;627664788;6235;204;6979;7057;8.78;0.54;233.59;5.76;744;36;2401.00;78
6240;36;627664802;6240;202;6981;7057;8.78;0.54;233.68;5.76;741;36;2402.00;76
6246;36;627664814;6246;204;6982;7058;8.74;0.53;233.66;5.76;736;36;2403.00;76
6250;36;627664825;6250;201;6984;7058;8.72;0.53;233.68;5.76;734;36;2404.00;74
6253;36;627664835;6253;200;6986;7062;8.68;0.53;233.68;5.76;733;36;2405.00;76
6258;36;627664846;6258;201;6988;7062;8.71;0.53;233.74;5.76;730;36;2406.00;74
6264;36;627664856;6264;205;6992;7066;8.68;0.53;233.95;5.75;728;36;2407.00;74
6267;36;627664873;6267;204;6993;7066;8.67;0.53;234.00;5.75;726;36;2408.00;73
6272;36;627664883;6272;201;6993;7066;8.70;0.53;234.12;5.75;721;36;2409.00;73
6277;36;627664894;6277;202;6994;7066;8.74;0.53;234.14;5.76;717;36;2410.00;72
6284;36;627664904;6284;204;6995;7066;8.75;0.53;234.26;5.76;711;36;2411.00;71
6289;36;627664914;6289;205;7002;7078;8.88;0.54;234.28;5.75;713;36;2412.00;76
6293;36;627664926;6293;209;7003;7078;8.90;0.54;234.30;5.75;710;36;2413.00;75
6295;36;627664937;6295;216;7005;7078;8.98;0.55;234.29;5.75;710;36;2414.00;73
6300;36;627664947;6300;215;7006;7078;9.01;0.55;234.29;5.75;706;36;2415.00;72
6302;36;627664957;6302;220;7006;7078;9.12;0.55;234.31;5.75;704;36;2416.00;72
6305;36;627664967;6305;221;7006;7078;9.15;0.56;234.28;5.75;701;36;2417.00;72
6306;36;627664978;6306;225;7006;7079;9.22;0.56;234.30;5.75;700;36;2418.00;73
6308;36;627664988;6308;228;7007;7079;9.23;0.56;234.37;5.75;699;36;2419.00;72
6310;36;627664998;6310;231;7012;7085;9.23;0.56;234.36;5.76;702;36;2420.00;73
6317;36;627665009;6317;232;7014;7086;9.25;0.56;234.37;5.76;697;36;2421.00;72
6320;36;627665020;6320;231;7014;7086;9.24;0.56;234.44;5.76;694;36;2422.00;72
6322;36;627665030;6322;233;7014;7086;9.27;0.56;234.45;5.76;692;36;2423.00;72
6325;36;627665040;6325;234;7016;7090;9.24;0.56;234.50;5.76;691;36;2424.00;74
6329;36;627665050;6329;233;7017;7090;9.16;0.56;234.56;5.76;688;36;2425.00;73
6331;36;627665060;6331;235;7017;7090;9.15;0.56;234.63;5.76;686;36;2426.00;73
6335;36;627665070;6335;230;7021;7091;9.11;0.55;234.60;5.76;686;36;2427.00;70
6339;36;627665079;6339;225;7025;7095;9.14;0.56;234.68;5.76;686;36;2428.00;70
6344;36;627665090;6344;225;7025;7095;9.18;0.56;234.73;5.76;681;36;2429.00;70
6348;36;627665102;6348;229;7029;7101;9.24;0.56;234.90;5.76;681;36;2430.00;72
6352;36;627665113;6352;230;7029;7101;9.24;0.56;234.92;5.76;677;36;2431.00;72
6356;36;627665123;6356;229;7031;7101;9.28;0.56;234.95;5.76;675;36;2432.00;70
6359;36;627665133;6359;225;7033;7101;9.23;0.56;235.06;5.77;674;36;2433.00;68
6359;36;627665143;6359;227;7036;7105;9.33;0.57;235.06;5.77;677;36;2434.00;69
6366;36;627665153;6366;224;7036;7105;9.37;0.57;235.14;5.77;670;36;2435.00;69
6370;36;627665169;6370;208;7037;7105;9.33;0.57;235.21;5.76;667;36;2436.00;68
6372;36;627665184;6372;199;7037;7105;9.35;0.57;235.22;5.76;665;36;2437.00;68
6376;36;627665194;6376;193;7039;7106;9.29;0.56;235.23;5.77;663;36;2438.00;67
6378;36;627665204;6378;179;7040;7107;9.33;0.57;235.26;5.77;662;36;2439.00;67
6380;36;627665214;6380;173;7040;7107;9.36;0.57;235.26;5.77;660;36;2440.00;67
6383;36;627665224;6383;165;7041;7108;9.38;0.57;235.27;5.77;658;36;2441.00;67
6386;36;627665235;6386;160;7041;7108;9.50;0.58;235.29;5.77;655;36;2442.00;67
6390;36;627665250;6390;163;7041;7108;9.61;0.58;235.26;5.77;651;36;2443.00;67
6394;36;627665260;6394;158;7042;7108;9.71;0.59;235.37;5.77;648;36;2444.00;66
6397;36;627665270;6397;155;7042;7108;9.87;0.60;235.37;5.77;645;36;2445.00;66
6401;36;627665280;6401;156;7042;7108;10.03;0.61;235.34;5.77;641;36;2446.00;66
6404;36;627665291;6404;154;7042;7108;10.13;0.62;235.36;5.77;638;36;2447.00;66
6405;36;627665300;6405;166;7103;7235;10.32;0.64;235.39;5.72;698;36;2448.00;132
6407;36;627665320;6407;152;7106;7236;10.42;0.64;235.40;5.73;699;36;2449.00;130
6409;36;627665331;6409;140;7116;7236;10.58;0.65;235.42;5.82;707;36;2450.00;120
6409;36;627665343;6409;142;7119;7236;10.65;0.66;235.42;5.82;710;36;2451.00;117
6412;36;627665362;6412;136;7124;7236;10.68;0.66;235.44;5.82;712;36;2452.00;112
6415;36;627665372;6415;139;7126;7236;10.71;0.66;235.45;5.82;711;36;2453.00;110
6418;36;627665383;6418;139;7131;7236;10.73;0.66;235.49;5.82;713;36;2454.00;105
6420;36;627665400;6420;146;7136;7236;10.72;0.66;235.53;5.83;716;36;2455.00;100
6423;36;627665421;6423;149;7139;7237;10.76;0.66;235.51;5.83;716;36;2456.00;98
6423;36;627665437;6423;152;7140;7238;10.75;0.66;235.51;5.83;717;36;2457.00;98
6427;36;627665448;6427;157;7143;7238;10.65;0.65;235.53;5.84;716;36;2458.00;95
6428;36;627665457;6428;165;7146;7239;10.62;0.65;235.53;5.84;718;36;2459.00;93
6430;36;627665469;6430;167;7150;7239;10.61;0.65;235.51;5.85;720;36;2460.00;89
6431;36;627665485;6431;169;7152;7239;10.61;0.65;235.51;5.85;721;36;2461.00;87
6434;36;627665495;6434;175;7156;7239;10.64;0.65;235.62;5.85;722;36;2462.00;83
6437;36;627665505;6437;180;7159;7243;10.65;0.65;235.58;5.86;722;36;2463.00;84
6440;36;627665515;6440;182;7161;7243;10.61;0.65;235.58;5.86;721;36;2464.00;82
6441;36;627665525;6441;186;7163;7243;10.64;0.65;235.59;5.86;722;36;2465.00;80
6443;36;627665535;6443;187;7168;7246;10.54;0.64;235.60;5.97;725;36;2466.00;78
6443;36;627665545;6443;186;7169;7246;10.53;0.64;235.60;5.97;726;36;2467.00;77
6444;36;627665554;6444;189;7171;7246;10.52;0.64;235.59;5.97;727;36;2468.00;75
6447;36;627665564;6447;192;7175;7250;10.48;0.64;235.57;5.97;728;36;2469.00;75
6448;36;627665574;6448;194;7177;7251;10.49;0.64;235.55;5.97;729;36;2470.00;74
6451;36;627665584;6451;193;7178;7251;10.42;0.64;235.52;5.97;727;36;2471.00;73
6454;36;627665594;6454;196;7179;7255;10.44;0.64;235.46;5.97;725;36;2472.00;76
6455;36;627665603;6455;201;7179;7255;10.40;0.63;235.44;5.97;724;36;2473.00;76
6459;36;627665612;6459;202;7180;7255;10.34;0.63;235.34;5.97;721;36;2474.00;75
6459;36;627665622;6459;203;7182;7257;10.31;0.63;235.34;5.96;723;36;2475.00;75
6463;36;627665631;6463;207;7182;7257;10.31;0.63;235.27;5.96;719;36;2476.00;75
6468;36;627665640;6468;212;7186;7263;10.24;0.62;235.25;5.96;718;36;2477.00;77
6470;36;627665651;6470;210;7186;7263;10.20;0.62;235.24;5.96;716;36;2478.00;77
6471;36;627665661;6471;203;7188;7264;10.19;0.62;235.24;6.05;717;36;2479.00;76
6474;36;627665670;6474;197;7188;7264;10.16;0.62;235.26;6.05;714;36;2480.00;76
6476;36;627665678;6476;196;7188;7264;10.16;0.62;235.21;6.05;712;36;2481.00;76
6479;36;627665687;6479;190;7188;7264;10.11;0.61;235.30;6.05;709;36;2482.00;76
6482;36;627665709;6482;187;7188;7264;10.09;0.61;235.27;6.05;706;36;2483.00;76
6486;36;627665735;6486;181;7198;7276;10.12;0.61;235.21;6.05;712;36;2484.00;78
6491;36;627665752;6491;177;7199;7276;10.22;0.62;235.24;6.05;708;36;2485.00;77
6494;36;627665766;6494;177;7200;7276;10.31;0.62;235.24;6.06;706;36;2486.00;76
6497;36;627665779;6497;174;7200;7276;10.37;0.63;235.17;6.06;703;36;2487.00;76
6499;36;627665793;6499;172;7200;7276;10.46;0.63;235.15;6.06;701;36;2488.00;76
6499;36;627665806;6499;174;7200;7276;10.56;0.64;235.15;6.06;701;36;2489.00;76
6501;36;627665819;6501;170;7203;7280;10.54;0.64;235.13;6.05;702;36;2490.00;77
6502;36;627665830;6502;166;7203;7280;10.53;0.64;235.11;6.05;701;36;2491.00;77
6504;36;627665840;6504;167;7206;7284;10.62;0.64;235.06;6.05;702;36;2492.00;78
6505;36;627665850;6505;166;7207;7285;10.73;0.65;235.05;6.05;702;36;2493.00;78
6506;36;627665860;6506;174;7209;7285;10.72;0.65;235.05;6.15;703;36;2494.00;76
6506;36;627665871;6506;179;7209;7285;10.62;0.64;235.05;6.15;703;36;2495.00;76
6508;36;627665888;6508;186;7218;7298;10.56;0.64;235.03;6.14;710;36;2496.00;80
6508;36;627665907;6508;188;7220;7298;10.47;0.64;235.03;6.25;712;36;2497.00;78
6512;36;627665930;6512;193;7220;7298;10.39;0.63;234.97;6.25;708;36;2498.00;78
6513;36;627665940;6513;189;7221;7299;10.34;0.63;234.95;6.25;708;36;2499.00;78
6514;36;627665951;6514;183;7222;7300;10.28;0.62;234.93;6.34;708;36;2500.00;78
6516;36;627665965;6516;176;7222;7300;10.30;0.63;234.92;6.34;706;36;2501.00;78
6518;36;627665976;6518;172;7224;7303;10.29;0.63;234.91;6.34;706;36;2502.00;79
6520;36;627665987;6520;167;7227;7303;10.30;0.63;234.87;6.45;707;36;2503.00;76
6522;36;627665998;6522;166;7227;7303;10.34;0.63;234.86;6.45;705;36;2504.00;76
6522;36;627666010;6522;164;7227;7303;10.37;0.63;234.86;6.45;705;36;2505.00;76
6523;36;627666021;6523;164;7231;7309;10.47;0.64;234.97;6.45;708;36;2506.00;78
6524;37;627666034;6524;161;7231;7309;10.48;0.64;234.98;6.45;707;37;2507.00;78
6525;37;627666058;6525;161;7232;7309;10.48;0.64;234.99;6.45;707;37;2508.00;77
6527;37;627666077;6527;163;7234;7309;10.44;0.64;235.00;6.47;707;37;2509.00;75
6530;37;627666088;6530;158;7237;7313;10.44;0.63;234.96;6.47;707;37;2510.00;76
6534;37;627666102;6534;158;7240;7314;10.34;0.63;234.92;6.48;706;37;2511.00;74
6537;37;627666113;6537;167;7240;7314;10.25;0.62;234.92;6.48;703;37;2512.00;74
6538;37;627666124;6538;169;7243;7315;10.23;0.62;234.92;6.51;705;37;2513.00;72
6539;37;627666134;6539;171;7244;7315;10.21;0.62;234.91;6.52;705;37;2514.00;71
6540;37;627666144;6540;181;7247;7315;10.14;0.62;234.89;6.55;707;37;2515.00;68
6540;37;627666154;6540;184;7249;7315;10.13;0.62;234.89;6.56;709;37;2516.00;66
6541;37;627666164;6541;190;7251;7315;10.09;0.61;234.91;6.57;710;37;2517.00;64
6541;37;627666182;6541;189;7252;7315;10.02;0.61;234.91;6.58;711;37;2518.00;63
6546;37;627666193;6546;194;7253;7315;9.93;0.60;234.95;6.59;707;37;2519.00;62
6548;37;627666206;6548;206;7309;7440;9.89;0.61;234.97;6.56;761;37;2520.00;131
6550;37;627666234;6550;204;7312;7441;9.90;0.61;235.00;6.56;762;37;2521.00;129
6551;37;627666244;6551;202;7324;7441;9.94;0.61;235.02;6.56;773;37;2522.00;117
6553;37;627666254;6553;207;7331;7441;9.81;0.60;235.02;6.57;778;37;2523.00;110
6554;37;627666264;6554;214;7336;7441;9.69;0.59;235.06;6.57;782;37;2524.00;105
6558;37;627666274;6558;212;7342;7441;9.50;0.58;235.14;6.57;784;37;2525.00;99
6560;37;627666284;6560;221;7348;7441;9.39;0.58;235.13;6.58;788;37;2526.00;93
6562;37;627666294;6562;225;7351;7441;9.31;0.57;235.22;6.58;789;37;2527.00;90
6566;37;627666303;6566;233;7357;7442;9.23;0.57;235.18;6.60;791;37;2528.00;85
6569;37;627666314;6569;231;7361;7443;9.16;0.56;235.13;6.60;792;37;2529.00;82
6570;37;627666324;6570;224;7364;7443;9.14;0.56;235.11;6.60;794;37;2530.00;79
6572;37;627666335;6572;229;7371;7447;8.97;0.55;235.09;6.60;799;37;2531.00;76
6574;37;627666352;6574;230;7373;7447;8.85;0.54;235.06;6.61;799;37;2532.00;74
6577;37;627666364;6577;227;7376;7447;8.71;0.53;235.00;6.62;799;37;2533.00;71
6578;37;627666382;6578;226;7378;7447;8.63;0.53;235.02;6.62;800;37;2534.00;69
6579;37;627666393;6579;226;7382;7453;8.67;0.53;235.01;6.61;803;37;2535.00;71
6582;37;627666404;6582;234;7386;7453;8.58;0.53;234.99;6.62;804;37;2536.00;67
6583;37;627666416;6583;238;7387;7455;8.58;0.53;234.97;6.62;804;37;2537.00;68
6587;37;627666436;6587;237;7390;7458;8.57;0.52;234.95;6.63;803;37;2538.00;68
6590;37;627666448;6590;245;7390;7458;8.55;0.52;234.92;6.63;800;37;2539.00;68
6593;37;627666459;6593;247;7391;7458;8.55;0.52;234.91;6.63;798;37;2540.00;67
6595;37;627666471;6595;257;7391;7459;8.54;0.52;234.90;6.63;796;37;2541.00;68
6599;37;627666482;6599;260;7394;7460;8.51;0.52;234.87;6.64;795;37;2542.00;66
6604;37;627666493;6604;256;7396;7460;8.50;0.52;234.92;6.65;792;37;2543.00;64
6610;37;627666503;6610;262;7409;7473;8.46;0.52;234.92;6.64;799;37;2544.00;64
6612;37;627666516;6612;266;7409;7473;8.44;0.52;234.96;6.64;797;37;2545.00;64
6617;37;627666527;6617;271;7410;7473;8.35;0.51;235.01;6.64;793;37;2546.00;63
6620;37;627666537;6620;273;7411;7474;8.35;0.51;234.97;6.64;791;37;2547.00;63
6624;37;627666548;6624;277;7412;7474;8.26;0.50;234.98;6.65;788;37;2548.00;62
6628;37;627666558;6628;277;7415;7478;8.25;0.50;235.07;6.64;787;37;2549.00;63
6630;37;627666571;6630;273;7418;7481;8.25;0.50;235.14;6.64;788;37;2550.00;63
6637;37;627666582;6637;268;7423;7485;8.17;0.50;235.15;6.64;786;37;2551.00;62
6638;37;627666594;6638;260;7424;7485;8.14;0.50;235.18;6.64;786;37;2552.00;61
6644;37;627666605;6644;258;7425;7485;8.08;0.49;235.16;6.65;781;37;2553.00;60
6646;37;627666616;6646;258;7426;7485;8.04;0.49;235.21;6.65;780;37;2554.00;59
6649;37;627666626;6649;253;7426;7485;8.02;0.49;235.24;6.65;777;37;2555.00;59
6652;37;627666637;6652;252;7438;7497;8.12;0.50;235.27;6.64;786;37;2556.00;59
6657;37;627666649;6657;245;7438;7497;8.16;0.50;235.35;6.64;781;37;2557.00;59
6661;37;627666661;6661;235;7438;7497;8.23;0.50;235.50;6.64;777;37;2558.00;59
6665;37;627666673;6665;234;7438;7497;8.30;0.51;235.53;6.64;773;37;2559.00;59
6669;37;627666687;6669;230;7438;7497;8.37;0.51;235.60;6.64;769;37;2560.00;59
6671;37;627666702;6671;224;7439;7497;8.42;0.52;235.61;6.74;768;37;2561.00;58
6677;37;627666716;6677;221;7439;7498;8.46;0.52;235.63;6.74;762;37;2562.00;59
6681;37;627666728;6681;220;7439;7498;8.53;0.52;235.63;6.74;758;37;2563.00;59
6687;37;627666740;6687;214;7443;7504;8.61;0.53;235.70;6.74;756;37;2564.00;61
6692;37;627666752;6692;215;7446;7506;8.71;0.54;235.79;6.73;754;37;2565.00;60
6696;37;627666763;6696;214;7446;7506;8.81;0.54;235.81;6.73;750;37;2566.00;60
6701;37;627666774;6701;217;7446;7506;8.90;0.55;235.88;6.73;745;37;2567.00;60
6705;37;627666784;6705;216;7449;7510;8.97;0.55;235.83;6.73;744;37;2568.00;61
6708;37;627666794;6708;205;7449;7510;9.08;0.56;235.88;6.73;741;37;2569.00;61
6714;37;627666805;6714;206;7449;7510;9.12;0.56;235.88;6.73;735;37;2570.00;61
6718;37;627666815;6718;202;7450;7511;9.14;0.56;235.85;6.73;732;37;2571.00;61
6721;37;627666825;6721;206;7453;7515;9.09;0.56;235.89;6.73;732;37;2572.00;62
6725;37;627666836;6725;202;7453;7515;9.10;0.56;235.87;6.73;728;37;2573.00;62
6730;37;627666847;6730;200;7455;7518;9.10;0.56;235.91;6.73;725;37;2574.00;63
6736;37;627666857;6736;192;7456;7518;9.13;0.56;235.96;6.73;720;37;2575.00;62
6740;37;627666868;6740;194;7456;7518;9.20;0.57;236.08;6.73;716;37;2576.00;62
6748;37;627666878;6748;195;7456;7518;9.14;0.56;236.09;6.73;708;37;2577.00;62
6752;37;627666889;6752;196;7459;7522;9.16;0.56;236.11;6.72;707;37;2578.00;63
6757;37;627666900;6757;196;7459;7522;9.13;0.56;236.10;6.72;702;37;2579.00;63
6759;37;627666912;6759;197;7460;7522;9.15;0.56;236.12;6.72;701;37;2580.00;62
6762;37;627666923;6762;196;7460;7522;9.17;0.56;236.14;6.72;698;37;2581.00;62
6770;37;627666933;6770;196;7461;7523;9.13;0.56;236.14;6.83;691;37;2582.00;62
6774;37;627666944;6774;193;7462;7524;9.11;0.56;236.15;6.83;688;37;2583.00;62
6780;37;627666954;6780;192;7462;7524;9.06;0.56;236.08;6.83;682;37;2584.00;62
6782;37;627666964;6782;190;7463;7525;9.03;0.55;236.11;6.83;681;37;2585.00;62
6788;37;627666975;6788;189;7463;7525;9.05;0.55;236.13;6.83;675;37;2586.00;62
6792;37;627666985;6792;190;7463;7525;9.14;0.56;236.13;6.83;671;37;2587.00;62
6794;37;627666995;6794;191;7463;7525;9.18;0.56;236.16;6.83;669;37;2588.00;62
6799;37;627667005;6799;196;7463;7525;9.16;0.56;236.17;6.83;664;37;2589.00;62
6803;37;627667015;6803;201;7463;7525;9.17;0.56;236.15;6.83;660;37;2590.00;62
6806;37;627667024;6806;199;7463;7525;9.06;0.55;236.20;6.83;657;37;2591.00;62
6810;37;627667034;6810;220;7529;7652;9.19;0.57;236.16;6.77;719;37;2592.00;123
6812;37;627667053;6812;216;7533;7653;9.12;0.56;236.16;6.76;721;37;2593.00;120
6814;37;627667062;6814;217;7542;7653;9.21;0.57;236.15;6.76;728;37;2594.00;111
6815;37;627667072;6815;226;7544;7653;9.17;0.57;236.17;6.76;729;37;2595.00;109
6821;37;627667082;6821;226;7548;7653;9.12;0.56;236.18;6.75;727;37;2596.00;105
6823;37;627667093;6823;224;7552;7653;9.15;0.57;236.21;6.75;729;37;2597.00;101
6831;37;627667102;6831;226;7555;7653;9.10;0.56;236.31;6.75;724;37;2598.00;98
6833;37;627667113;6833;226;7558;7653;9.11;0.56;236.30;6.75;725;37;2599.00;95
6837;37;627667124;6837;223;7564;7654;9.14;0.56;236.40;6.75;727;37;2600.00;90
6844;37;627667139;6844;225;7570;7655;9.07;0.56;236.45;6.76;726;37;2601.00;85
6848;37;627667150;6848;228;7573;7655;8.97;0.55;236.45;6.76;725;37;2602.00;82
6850;37;627667160;6850;229;7574;7656;8.91;0.55;236.47;6.76;724;37;2603.00;82
6853;37;627667171;6853;237;7577;7656;8.90;0.55;236.49;6.76;724;37;2604.00;79
6856;37;627667181;6856;233;7578;7656;8.87;0.55;236.55;6.76;722;37;2605.00;78
6858;37;627667197;6858;216;7579;7656;8.85;0.54;236.58;6.76;721;37;2606.00;77
6859;37;627667213;6859;211;7582;7660;8.86;0.54;236.59;6.76;723;37;2607.00;78
6859;37;627667225;6859;209;7584;7660;8.97;0.55;236.59;6.76;725;37;2608.00;76
6863;37;627667235;6863;205;7584;7660;9.04;0.55;236.57;6.76;721;37;2609.00;76
6864;37;627667248;6864;195;7588;7666;9.13;0.56;236.56;6.76;724;37;2610.00;78
6866;37;627667260;6866;193;7588;7666;9.23;0.56;236.50;6.76;722;37;2611.00;78
6867;37;627667286;6867;185;7589;7666;9.39;0.57;236.52;6.76;722;37;2612.00;77
6868;37;627667297;6868;182;7592;7670;9.48;0.58;236.53;6.76;724;37;2613.00;78
6872;37;627667309;6872;181;7594;7671;9.57;0.58;236.51;6.76;722;37;2614.00;77
6873;37;627667320;6873;181;7594;7671;9.66;0.59;236.54;6.76;721;37;2615.00;77
6874;37;627667336;6874;184;7599;7675;9.76;0.59;236.55;6.86;725;37;2616.00;76
6876;37;627667352;6876;183;7599;7675;9.85;0.60;236.52;6.86;723;37;2617.00;76
6876;37;627667363;6876;181;7600;7675;9.94;0.60;236.52;6.86;724;37;2618.00;75
6877;37;627667374;6877;179;7601;7676;10.03;0.61;236.52;6.86;724;37;2619.00;75
6879;37;627667385;6879;182;7602;7676;10.03;0.61;236.48;6.86;723;37;2620.00;74
6883;37;627667395;6883;186;7605;7682;10.05;0.61;236.46;6.86;722;37;2621.00;77
6884;37;627667406;6884;177;7606;7682;10.11;0.61;236.44;6.86;722;37;2622.00;76
6886;37;627667417;6886;175;7606;7683;10.11;0.61;236.43;6.86;720;37;2623.00;77
6887;37;627667427;6887;176;7607;7683;10.14;0.62;236.41;6.86;720;37;2624.00;76
6889;37;627667437;6889;180;7607;7683;10.12;0.62;236.38;6.86;718;37;2625.00;76
6889;37;627667447;6889;182;7607;7683;10.08;0.61;236.38;6.86;718;37;2626.00;76
6892;37;627667457;6892;184;7607;7683;10.05;0.61;236.35;6.86;715;37;2627.00;76
6893;37;627667474;6893;187;7617;7695;10.13;0.62;236.35;6.85;724;37;2628.00;78
6894;37;627667484;6894;189;7618;7695;10.21;0.62;236.35;6.85;724;37;2629.00;77
6901;37;627667500;6901;190;7618;7695;10.19;0.62;236.48;6.85;717;37;2630.00;77
6904;37;627667511;6904;198;7618;7695;10.21;0.62;236.44;6.85;714;37;2631.00;77
6904;37;627667521;6904;200;7618;7695;10.30;0.63;236.44;6.85;714;37;2632.00;77
6907;37;627667531;6907;203;7618;7695;10.31;0.63;236.40;6.85;711;37;2633.00;77
6910;37;627667541;6910;204;7621;7699;10.35;0.63;236.39;6.85;711;37;2634.00;78
6913;37;627667551;6913;206;7621;7699;10.44;0.64;236.34;6.85;708;37;2635.00;78
6913;37;627667560;6913;207;7624;7703;10.50;0.64;236.34;6.84;711;37;2636.00;79
6919;37;627667570;6919;202;7625;7704;10.46;0.64;236.24;6.84;706;37;2637.00;79
6920;37;627667581;6920;206;7626;7704;10.57;0.64;236.23;6.84;706;37;2638.00;78
6922;37;627667590;6922;206;7626;7704;10.54;0.64;236.25;6.84;704;37;2639.00;78
6924;37;627667601;6924;211;7646;7733;10.51;0.64;236.22;6.82;722;37;2640.00;87
6926;37;627667613;6926;210;7648;7733;10.50;0.64;236.22;6.82;722;37;2641.00;85
6928;37;627667623;6928;207;7650;7733;10.51;0.64;236.22;6.82;722;37;2642.00;83
6930;37;627667632;6930;208;7652;7734;10.56;0.64;236.20;6.82;722;37;2643.00;82
6932;37;627667642;6932;215;7652;7735;10.54;0.64;236.17;6.82;720;37;2644.00;83
6932;37;627667651;6932;220;7652;7735;10.57;0.64;236.17;6.82;720;37;2645.00;83
6935;37;627667660;6935;222;7655;7738;10.54;0.64;236.13;6.82;720;37;2646.00;83
6937;37;627667670;6937;223;7655;7738;10.51;0.64;236.10;6.82;718;37;2647.00;83
6938;37;627667679;6938;225;7655;7738;10.43;0.63;236.09;6.82;717;37;2648.00;83
6939;37;627667688;6939;224;7655;7738;10.36;0.63;236.10;6.82;716;37;2649.00;83
6941;37;627667703;6941;224;7659;7744;10.22;0.62;236.07;6.81;718;37;2650.00;85
6943;37;627667722;6943;212;7660;7744;10.12;0.61;236.04;6.81;717;37;2651.00;84
6944;37;627667736;6944;194;7660;7744;10.08;0.61;236.04;6.81;716;37;2652.00;84
6946;37;627667751;6946;185;7660;7744;10.13;0.62;236.12;6.81;714;37;2653.00;84
6948;37;627667764;6948;177;7664;7748;10.15;0.62;236.11;6.82;716;37;2654.00;84
6950;37;627667781;6950;169;7666;7750;10.23;0.62;236.10;6.82;716;37;2655.00;84
6950;37;627667797;6950;158;7667;7750;10.33;0.63;236.10;6.83;717;37;2656.00;83
6953;37;627667812;6953;150;7668;7751;10.48;0.64;236.06;6.83;715;37;2657.00;83
6956;37;627667823;6956;143;7668;7751;10.65;0.65;236.07;6.83;712;37;2658.00;83
6958;38;627667834;6958;138;7668;7751;10.79;0.66;236.03;6.83;710;38;2659.00;83
6960;38;627667856;6960;130;7668;7751;10.90;0.66;235.99;6.83;708;38;2660.00;83
6964;38;627667867;6964;133;7668;7751;11.10;0.67;235.95;6.83;704;38;2661.00;83
6968;38;627667878;6968;132;7668;7751;11.22;0.68;235.89;6.83;700;38;2662.00;83
6969;38;627667890;6969;127;7668;7751;11.35;0.69;235.90;6.83;699;38;2663.00;83
6970;38;627667902;6970;125;7704;7821;11.43;0.69;235.87;6.80;734;38;2664.00;117
6972;38;627667919;6972;116;7708;7822;11.39;0.69;235.85;6.91;736;38;2665.00;114
6974;38;627667930;6974;112;7713;7822;11.44;0.69;235.81;6.91;739;38;2666.00;109
6974;38;627667942;6974;112;7720;7822;11.47;0.70;235.81;6.90;746;38;2667.00;102
6974;38;627667952;6974;110;7723;7822;11.45;0.70;235.81;6.90;749;38;2668.00;99
6976;38;627667963;6976;113;7727;7822;11.49;0.70;235.77;6.90;751;38;2669.00;95
6978;38;627667983;6978;110;7731;7822;11.49;0.70;235.75;6.90;753;38;2670.00;91
6979;38;627667994;6979;118;7733;7822;11.40;0.69;235.75;6.90;754;38;2671.00;89
6980;38;627668004;6980;117;7735;7823;11.39;0.69;235.72;6.90;755;38;2672.00;88
6981;38;627668015;6981;119;7736;7824;11.37;0.69;235.72;6.90;755;38;2673.00;88
6983;38;627668027;6983;118;7737;7824;11.32;0.69;235.69;6.90;754;38;2674.00;87
6988;38;627668038;6988;125;7740;7828;11.18;0.68;235.68;6.90;752;38;2675.00;88
6993;38;627668049;6993;128;7741;7828;11.13;0.68;235.79;6.91;748;38;2676.00;87
6996;38;627668060;6996;137;7741;7828;11.06;0.67;235.80;6.91;745;38;2677.00;87
6997;38;627668071;6997;142;7741;7828;11.04;0.67;235.78;6.91;744;38;2678.00;87
7000;38;627668082;7000;148;7745;7834;11.02;0.67;235.80;6.91;745;38;2679.00;89
7002;38;627668094;7002;153;7748;7834;10.99;0.67;235.80;6.93;746;38;2680.00;86
7007;38;627668105;7007;158;7748;7834;10.90;0.66;235.81;6.93;741;38;2681.00;86
7007;38;627668122;7007;161;7751;7837;10.79;0.66;235.81;6.95;744;38;2682.00;86
7011;38;627668133;7011;169;7752;7837;10.64;0.65;235.80;6.96;741;38;2683.00;85
7013;38;627668144;7013;178;7754;7837;10.57;0.64;235.81;6.97;741;38;2684.00;83
7017;38;627668155;7017;186;7754;7838;10.46;0.64;235.87;6.97;737;38;2685.00;84
7020;38;627668165;7020;198;7757;7839;10.44;0.64;235.82;6.99;737;38;2686.00;82
7025;38;627668176;7025;201;7757;7839;10.31;0.63;235.84;6.99;732;38;2687.00;82
7027;38;627668187;7027;205;7769;7852;10.27;0.62;235.94;7.00;742;38;2688.00;83
7028;38;627668198;7028;207;7769;7852;10.18;0.62;235.95;7.00;741;38;2689.00;83
7031;38;627668209;7031;210;7770;7852;10.07;0.61;235.95;7.00;739;38;2690.00;82
7034;38;627668220;7034;209;7773;7853;9.99;0.61;235.99;7.02;739;38;2691.00;80
7034;38;627668230;7034;213;7773;7853;9.90;0.60;235.99;7.02;739;38;2692.00;80
7036;38;627668241;7036;217;7777;7857;9.94;0.61;235.96;7.02;741;38;2693.00;80
7041;38;627668253;7041;223;7778;7857;9.78;0.59;236.04;7.03;737;38;2694.00;79
7042;38;627668264;7042;223;7783;7861;9.62;0.59;236.04;7.03;741;38;2695.00;78
7044;38;627668274;7044;226;7785;7861;9.43;0.57;236.04;7.05;741;38;2696.00;76
7045;38;627668285;7045;229;7785;7861;9.27;0.56;236.03;7.05;740;38;2697.00;76
7048;38;627668295;7048;234;7787;7861;9.12;0.56;236.07;7.06;739;38;2698.00;74
7051;38;627668305;7051;238;7787;7861;9.01;0.55;236.12;7.06;736;38;2699.00;74
7053;38;627668318;7053;237;7809;7910;9.04;0.55;236.09;7.04;756;38;2700.00;101
7058;38;627668337;7058;233;7814;7910;8.93;0.55;236.08;7.05;756;38;2701.00;96
7061;38;627668348;7061;234;7816;7910;8.87;0.54;236.16;7.05;755;38;2702.00;94
7066;38;627668358;7066;230;7818;7910;8.74;0.53;236.20;7.05;752;38;2703.00;92
7069;38;627668369;7069;230;7821;7910;8.66;0.53;236.21;7.06;752;38;2704.00;89
7070;38;627668379;7070;230;7822;7910;8.66;0.53;236.21;7.06;752;38;2705.00;88
7072;38;627668390;7072;231;7824;7911;8.59;0.53;236.17;7.07;752;38;2706.00;87
7074;38;627668401;7074;240;7826;7911;8.56;0.52;236.17;7.07;752;38;2707.00;85
7077;38;627668410;7077;243;7832;7917;8.56;0.52;236.32;7.09;755;38;2708.00;85
7081;38;627668421;7081;249;7833;7918;8.56;0.52;236.29;7.09;752;38;2709.00;85
7081;38;627668431;7081;253;7834;7918;8.56;0.52;236.29;7.09;753;38;2710.00;84
7084;38;627668441;7084;259;7836;7918;8.55;0.53;236.25;7.10;752;38;2711.00;82
7088;38;627668451;7088;261;7839;7922;8.56;0.53;236.22;7.10;751;38;2712.00;83
7091;38;627668461;7091;266;7841;7922;8.50;0.52;236.23;7.10;750;38;2713.00;81
7098;38;627668471;7098;261;7842;7922;8.39;0.51;236.23;7.11;744;38;2714.00;80
7104;38;627668481;7104;258;7843;7923;8.25;0.51;236.30;7.11;739;38;2715.00;80
7108;38;627668491;7108;257;7846;7927;8.18;0.50;236.33;7.10;738;38;2716.00;81
7116;38;627668501;7116;255;7849;7927;8.04;0.49;236.34;7.12;733;38;2717.00;78
7120;38;627668511;7120;251;7852;7930;8.05;0.49;236.45;7.12;732;38;2718.00;78
7128;38;627668520;7128;256;7854;7930;7.92;0.48;236.41;7.13;726;38;2719.00;76
7133;38;627668530;7133;250;7854;7930;7.87;0.48;236.43;7.13;721;38;2720.00;76
7135;38;627668540;7135;244;7855;7930;7.84;0.48;236.41;7.13;720;38;2721.00;75
7139;38;627668558;7139;240;7858;7934;7.82;0.48;236.49;7.14;719;38;2722.00;76
7141;38;627668569;7141;240;7858;7934;7.79;0.48;236.54;7.14;717;38;2723.00;76
7144;38;627668578;7144;245;7862;7934;7.75;0.47;236.69;7.15;718;38;2724.00;72
7148;38;627668587;7148;243;7862;7934;7.71;0.47;236.76;7.15;714;38;2725.00;72
7150;38;627668597;7150;246;7865;7935;7.67;0.47;236.78;7.15;715;38;2726.00;70
7156;38;627668606;7156;237;7866;7936;7.66;0.47;236.94;7.15;710;38;2727.00;70
7157;38;627668616;7157;230;7866;7936;7.67;0.47;236.97;7.15;709;38;2728.00;70
7162;38;627668626;7162;233;7869;7937;7.65;0.47;237.07;7.16;707;38;2729.00;68
7168;38;627668638;7168;228;7870;7937;7.64;0.47;237.08;7.16;702;38;2730.00;67
7170;38;627668647;7170;227;7872;7937;7.68;0.47;237.05;7.28;702;38;2731.00;65
7174;38;627668658;7174;226;7873;7937;7.69;0.47;237.09;7.28;699;38;2732.00;64
7181;38;627668668;7181;233;7875;7937;7.68;0.47;237.21;7.28;694;38;2733.00;62
7183;38;627668678;7183;229;7875;7937;7.75;0.47;237.17;7.28;692;38;2734.00;62
7188;38;627668688;7188;237;7877;7937;7.79;0.48;237.17;7.29;689;38;2735.00;60
7193;38;627668698;7193;244;7942;8064;8.08;0.50;237.25;7.23;749;38;2736.00;122
7195;38;627668718;7195;237;7947;8065;8.16;0.51;237.25;7.22;752;38;2737.00;118
7197;38;627668728;7197;237;7951;8065;8.34;0.52;237.26;7.22;754;38;2738.00;114
7203;38;627668737;7203;240;7956;8065;8.37;0.52;237.30;7.22;753;38;2739.00;109
7209;38;627668748;7209;237;7962;8065;8.44;0.52;237.33;7.22;753;38;2740.00;103
7211;38;627668757;7211;237;7969;8065;8.48;0.53;237.32;7.21;758;38;2741.00;96
7214;38;627668768;7214;235;7973;8065;8.49;0.53;237.32;7.21;759;38;2742.00;92
7218;38;627668780;7218;229;7975;8065;8.47;0.52;237.39;7.21;757;38;2743.00;90
7222;38;627668792;7222;225;7977;8066;8.44;0.52;237.40;7.21;755;38;2744.00;89
7226;38;627668804;7226;227;7981;8068;8.43;0.52;237.40;7.21;755;38;2745.00;87
7230;38;627668815;7230;225;7985;8068;8.43;0.52;237.48;7.21;755;38;2746.00;83
7235;38;627668825;7235;233;7989;8069;8.39;0.52;237.45;7.22;754;38;2747.00;80
7237;38;627668836;7237;229;7992;8069;8.33;0.51;237.46;7.22;755;38;2748.00;77
7244;38;627668847;7244;232;7993;8069;8.26;0.51;237.54;7.22;749;38;2749.00;76
7248;38;627668857;7248;233;7995;8069;8.30;0.51;237.56;7.22;747;38;2750.00;74
7249;38;627668867;7249;229;8001;8073;8.33;0.51;237.57;7.22;752;38;2751.00;72
7252;38;627668877;7252;235;8003;8073;8.32;0.51;237.62;7.22;751;38;2752.00;70
7256;38;627668887;7256;240;8004;8073;8.29;0.51;237.60;7.22;748;38;2753.00;69
7261;38;627668897;7261;254;8007;8076;8.27;0.51;237.60;7.22;746;38;2754.00;69
7266;38;627668908;7266;255;8007;8076;8.27;0.51;237.61;7.22;741;38;2755.00;69
7268;38;627668918;7268;259;8008;8076;8.31;0.51;237.65;7.22;740;38;2756.00;68
7271;38;627668928;7271;264;8011;8080;8.33;0.51;237.69;7.22;740;38;2757.00;69
7275;38;627668939;7275;265;8012;8081;8.30;0.51;237.65;7.22;737;38;2758.00;69
7281;38;627668949;7281;271;8012;8081;8.23;0.50;237.66;7.22;731;38;2759.00;69
7286;38;627668962;7286;275;8016;8086;8.20;0.50;237.63;7.21;730;38;2760.00;70
7287;38;627668974;7287;278;8016;8086;8.22;0.50;237.61;7.21;729;38;2761.00;70
7289;38;627668983;7289;282;8016;8086;8.17;0.50;237.61;7.21;727;38;2762.00;70
7293;38;627668993;7293;287;8017;8087;8.18;0.50;237.64;7.21;724;38;2763.00;70
7296;38;627669004;7296;292;8017;8087;8.15;0.50;237.63;7.21;721;38;2764.00;70
7297;38;627669014;7297;294;8021;8093;8.05;0.49;237.64;7.21;724;38;2765.00;72
7297;38;627669031;7297;302;8022;8093;8.00;0.49;237.64;7.21;725;38;2766.00;71
7300;38;627669040;7300;291;8022;8094;7.96;0.48;237.73;7.21;722;38;2767.00;72
7302;38;627669050;7302;286;8022;8094;7.92;0.48;237.70;7.21;720;38;2768.00;72
7304;38;627669060;7304;281;8022;8094;7.87;0.48;237.72;7.21;718;38;2769.00;72
7304;38;627669070;7304;282;8022;8094;7.90;0.48;237.72;7.21;718;38;2770.00;72
7304;39;627669080;7304;286;8022;8094;7.92;0.48;237.72;7.21;718;39;2771.00;72
7309;39;627669097;7309;284;8032;8106;7.99;0.48;237.75;7.20;723;39;2772.00;74
7310;39;627669108;7310;282;8032;8106;7.98;0.48;237.74;7.20;722;39;2773.00;74
7312;39;627669124;7312;284;8033;8106;7.94;0.48;237.73;7.20;721;39;2774.00;73
7315;39;627669139;7315;284;8033;8106;7.94;0.48;237.72;7.20;718;39;2775.00;73
7315;39;627669153;7315;269;8033;8106;8.03;0.49;237.72;7.20;718;39;2776.00;73
7319;39;627669165;7319;247;8033;8106;8.13;0.49;237.67;7.20;714;39;2777.00;73
7321;39;627669175;7321;245;8036;8110;8.25;0.50;237.68;7.20;715;39;2778.00;74
7321;39;627669185;7321;235;8036;8110;8.38;0.51;237.68;7.20;715;39;2779.00;74
7324;39;627669201;7324;230;8039;8114;8.44;0.51;237.61;7.19;715;39;2780.00;75
7324;39;627669211;7324;224;8042;8115;8.53;0.52;237.61;7.31;718;39;2781.00;73
7326;39;627669222;7326;220;8042;8115;8.56;0.52;237.56;7.31;716;39;2782.00;73
7329;39;627669231;7329;221;8042;8115;8.61;0.53;237.53;7.31;713;39;2783.00;73
7330;39;627669242;7330;218;8052;8128;8.75;0.53;237.51;7.31;722;39;2784.00;76
7333;39;627669253;7333;217;8052;8128;8.79;0.53;237.46;7.31;719;39;2785.00;76
7333;39;627669263;7333;222;8053;8128;8.89;0.54;237.46;7.30;720;39;2786.00;75
7335;39;627669273;7335;219;8054;8129;8.99;0.55;237.43;7.30;719;39;2787.00;75
7340;39;627669284;7340;217;8054;8130;8.97;0.55;237.48;7.30;714;39;2788.00;76
7343;39;627669294;7343;215;8054;8130;9.01;0.55;237.44;7.30;711;39;2789.00;76
7345;39;627669312;7345;213;8057;8136;9.06;0.55;237.44;7.30;712;39;2790.00;79
7346;39;627669322;7346;215;8058;8136;9.08;0.55;237.43;7.30;712;39;2791.00;78
7347;39;627669331;7347;216;8058;8136;9.06;0.55;237.41;7.30;711;39;2792.00;78
7348;39;627669341;7348;215;8059;8136;9.07;0.55;237.38;7.30;711;39;2793.00;77
7349;39;627669351;7349;224;8062;8142;9.01;0.55;237.38;7.30;713;39;2794.00;80
7351;39;627669361;7351;226;8063;8142;9.07;0.55;237.39;7.30;712;39;2795.00;79
7355;39;627669371;7355;229;8063;8142;9.10;0.55;237.35;7.30;708;39;2796.00;79
7357;39;627669381;7357;225;8064;8142;9.10;0.55;237.43;7.30;707;39;2797.00;78
7358;39;627669390;7358;231;8068;8146;9.06;0.55;237.40;7.42;710;39;2798.00;78
7360;39;627669399;7360;229;8070;8147;9.13;0.55;237.42;7.42;710;39;2799.00;77
7361;39;627669410;7361;227;8070;8147;9.17;0.56;237.40;7.42;709;39;2800.00;77
7361;39;627669422;7361;231;8071;8148;9.21;0.56;237.40;7.42;710;39;2801.00;77
7365;39;627669436;7365;233;8071;8148;9.21;0.56;237.33;7.42;706;39;2802.00;77
7365;39;627669446;7365;221;8071;8148;9.25;0.56;237.33;7.42;706;39;2803.00;77
7367;39;627669455;7367;215;8071;8148;9.29;0.56;237.39;7.42;704;39;2804.00;77
7370;39;627669465;7370;200;8071;8148;9.37;0.57;237.36;7.42;701;39;2805.00;77
7371;39;627669481;7371;197;8071;8148;9.50;0.58;237.35;7.42;700;39;2806.00;77
7371;39;627669492;7371;190;8071;8148;9.63;0.59;237.35;7.42;700;39;2807.00;77
7371;39;627669502;7371;198;8112;8218;9.61;0.59;237.35;7.38;741;39;2808.00;106
7372;39;627669518;7372;184;8112;8219;9.80;0.60;237.33;7.38;740;39;2809.00;107
7372;39;627669530;7372;175;8119;8219;10.06;0.61;237.33;7.37;747;39;2810.00;100
7373;39;627669547;7373;168;8121;8219;10.24;0.63;237.31;7.37;748;39;2811.00;98
7377;39;627669557;7377;164;8125;8219;10.44;0.64;237.28;7.37;748;39;2812.00;94
7379;39;627669575;7379;165;8128;8219;10.59;0.64;237.27;7.48;749;39;2813.00;91
7383;39;627669585;7383;167;8132;8219;10.70;0.65;237.26;7.48;749;39;2814.00;87
7383;39;627669596;7383;163;8133;8219;10.85;0.66;237.26;7.48;750;39;2815.00;86
7384;39;627669605;7384;163;8136;8220;10.95;0.67;237.26;7.48;752;39;2816.00;84
7386;39;627669621;7386;160;8138;8221;10.98;0.67;237.28;7.48;752;39;2817.00;83
7388;39;627669631;7388;158;8140;8221;10.99;0.67;237.27;7.48;752;39;2818.00;81
7390;39;627669641;7390;162;8143;8225;10.92;0.66;237.25;7.48;753;39;2819.00;82
7391;39;627669654;7391;152;8143;8225;10.92;0.66;237.27;7.48;752;39;2820.00;82
7394;39;627669664;7394;149;8143;8225;10.87;0.66;237.24;7.48;749;39;2821.00;82
7398;39;627669674;7398;140;8143;8225;10.82;0.66;237.31;7.48;745;39;2822.00;82
7401;39;627669684;7401;134;8146;8231;10.80;0.66;237.33;7.48;745;39;2823.00;85
7403;39;627669696;7403;135;8147;8231;10.84;0.66;237.34;7.48;744;39;2824.00;84
7405;39;627669712;7405;130;8149;8231;10.90;0.66;237.33;7.60;744;39;2825.00;82
7409;39;627669730;7409;128;8151;8234;10.98;0.66;237.34;7.60;742;39;2826.00;83
7412;39;627669749;7412;122;8151;8234;11.01;0.66;237.33;7.60;739;39;2827.00;83
7415;39;627669766;7415;119;8152;8234;11.01;0.67;237.28;7.60;737;39;2828.00;82
7421;39;627669781;7421;115;8152;8235;10.99;0.66;237.24;7.60;731;39;2829.00;83
7422;39;627669797;7422;114;8153;8236;11.02;0.67;237.27;7.60;731;39;2830.00;83
7425;39;627669809;7425;108;8153;8236;11.00;0.67;237.28;7.60;728;39;2831.00;83
7428;39;627669821;7428;108;8164;8249;10.96;0.66;237.30;7.70;736;39;2832.00;85
7429;39;627669834;7429;108;8164;8249;10.98;0.66;237.32;7.70;735;39;2833.00;85
7434;39;627669846;7434;115;8164;8249;11.06;0.67;237.37;7.70;730;39;2834.00;85
7437;39;627669857;7437;119;8166;8251;11.17;0.68;237.39;7.70;729;39;2835.00;85
7440;39;627669869;7440;120;8166;8251;11.24;0.68;237.41;7.70;726;39;2836.00;85
7443;39;627669880;7443;121;8169;8255;11.24;0.68;237.49;7.70;726;39;2837.00;86
7443;39;627669892;7443;125;8171;8255;11.25;0.68;237.49;7.70;728;39;2838.00;84
7445;39;627669903;7445;128;8174;8259;11.23;0.68;237.53;7.70;729;39;2839.00;85
7446;39;627669915;7446;132;8175;8259;11.20;0.68;237.56;7.70;729;39;2840.00;84
7448;39;627669926;7448;130;8175;8259;11.21;0.68;237.58;7.70;727;39;2841.00;84
7449;39;627669937;7449;131;8175;8259;11.19;0.68;237.58;7.70;726;39;2842.00;84
7452;39;627669948;7452;137;8175;8259;11.14;0.68;237.64;7.70;723;39;2843.00;84
7455;39;627669959;7455;137;8184;8271;11.16;0.68;237.63;7.69;729;39;2844.00;87
7459;39;627669971;7459;135;8185;8271;11.18;0.68;237.68;7.69;726;39;2845.00;86
7463;39;627669982;7463;140;8186;8271;11.14;0.68;237.68;7.69;723;39;2846.00;85
7466;39;627669993;7466;149;8186;8271;11.21;0.68;237.71;7.69;720;39;2847.00;85
7470;39;627670004;7470;159;8186;8271;11.28;0.69;237.68;7.69;716;39;2848.00;85
7473;39;627670016;7473;160;8186;8271;11.23;0.68;237.79;7.69;713;39;2849.00;85
7475;39;627670028;7475;169;8190;8274;11.17;0.68;237.81;7.71;715;39;2850.00;84
7479;39;627670040;7479;164;8190;8274;11.06;0.67;237.87;7.71;711;39;2851.00;84
7481;39;627670051;7481;167;8195;8280;11.13;0.68;237.89;7.72;714;39;2852.00;85
7484;39;627670063;7484;165;8198;8281;11.07;0.67;237.88;7.73;714;39;2853.00;83
7488;39;627670074;7488;170;8199;8281;10.96;0.66;238.04;7.74;711;39;2854.00;82
7489;39;627670085;7489;171;8199;8281;10.93;0.66;238.06;7.74;710;39;2855.00;82
7495;39;627670096;7495;176;8203;8285;10.89;0.66;238.13;7.75;708;39;2856.00;82
7499;39;627670108;7499;183;8205;8285;10.80;0.66;238.09;7.78;706;39;2857.00;80
7502;39;627670120;7502;187;8205;8285;10.73;0.65;238.08;7.78;703;39;2858.00;80
7503;39;627670138;7503;195;8208;8286;10.69;0.65;238.09;7.80;705;39;2859.00;78
7504;39;627670151;7504;201;8211;8290;10.61;0.65;238.08;7.79;707;39;2860.00;79
7506;39;627670163;7506;203;8213;8290;10.55;0.64;238.12;7.81;707;39;2861.00;77
7510;39;627670174;7510;212;8216;8293;10.54;0.64;238.10;7.82;706;39;2862.00;77
7512;39;627670186;7512;212;8218;8293;10.46;0.63;238.07;7.83;706;39;2863.00;75
7516;39;627670197;7516;220;8222;8295;10.31;0.63;238.10;7.84;706;39;2864.00;73
7518;39;627670210;7518;220;8222;8295;10.28;0.62;238.11;7.84;704;39;2865.00;73
7520;39;627670220;7520;222;8227;8299;10.22;0.62;238.15;7.85;707;39;2866.00;72
7522;39;627670231;7522;227;8228;8299;10.11;0.61;238.14;7.85;706;39;2867.00;71
7524;39;627670241;7524;225;8229;8299;10.02;0.61;238.15;7.86;705;39;2868.00;70
7525;39;627670258;7525;225;8231;8299;9.90;0.60;238.13;7.87;706;39;2869.00;68
7527;39;627670269;7527;221;8232;8300;9.81;0.60;238.13;7.87;705;39;2870.00;68
7531;39;627670285;7531;224;8233;8301;9.72;0.59;238.08;7.87;702;39;2871.00;68
7537;39;627670295;7537;225;8234;8301;9.64;0.59;238.03;7.87;697;39;2872.00;67
7539;39;627670305;7539;225;8235;8302;9.59;0.58;238.03;7.87;696;39;2873.00;67
7541;39;627670315;7541;224;8238;8302;9.51;0.58;238.04;7.89;697;39;2874.00;64
7544;39;627670324;7544;225;8238;8302;9.43;0.57;238.02;7.89;694;39;2875.00;64
7545;39;627670334;7545;225;8238;8302;9.41;0.57;238.02;7.89;693;39;2876.00;64
7549;39;627670343;7549;225;8239;8302;9.38;0.57;238.04;7.90;690;39;2877.00;63
7552;39;627670355;7552;222;8239;8302;9.38;0.57;238.06;7.90;687;39;2878.00;63
7553;39;627670363;7553;224;8242;8302;9.37;0.57;238.04;7.91;689;39;2879.00;60
7556;39;627670374;7556;265;8343;8532;9.20;0.58;238.07;7.81;787;39;2880.00;189
7560;39;627670403;7560;257;8346;8533;9.06;0.57;238.10;7.81;786;39;2881.00;187
7562;39;627670414;7562;252;8353;8533;9.12;0.57;238.10;7.81;791;39;2882.00;180
7566;39;627670424;7566;253;8361;8533;9.06;0.57;238.15;7.80;795;39;2883.00;172
7571;39;627670434;7571;249;8371;8533;9.00;0.56;238.16;7.80;800;39;2884.00;162
7574;39;627670444;7574;250;8376;8533;8.97;0.56;238.13;7.80;802;39;2885.00;157
7581;39;627670455;7581;251;8385;8533;8.84;0.55;238.19;7.80;804;39;2886.00;148
7583;39;627670468;7583;250;8390;8533;8.77;0.54;238.27;7.80;807;39;2887.00;143
7589;39;627670478;7589;259;8395;8534;8.60;0.53;238.24;7.80;806;39;2888.00;139
7593;39;627670489;7593;261;8400;8535;8.40;0.52;238.30;7.80;807;39;2889.00;135
7593;39;627670500;7593;258;8403;8535;8.33;0.52;238.30;7.80;810;39;2890.00;132
7598;39;627670510;7598;252;8409;8536;8.16;0.51;238.40;7.80;811;39;2891.00;127
7601;39;627670521;7601;251;8414;8536;8.02;0.50;238.42;7.80;813;39;2892.00;122
7604;39;627670531;7604;248;8417;8536;7.84;0.49;238.50;7.80;813;39;2893.00;119
7607;39;627670541;7607;245;8422;8536;7.63;0.48;238.62;7.81;815;39;2894.00;114
7611;39;627670552;7611;250;8424;8540;7.50;0.47;238.62;7.81;813;39;2895.00;116
7616;39;627670564;7616;256;8428;8540;7.35;0.46;238.69;7.81;812;39;2896.00;112
7618;39;627670574;7618;254;8431;8540;7.28;0.46;238.70;7.81;813;39;2897.00;109
7622;39;627670591;7622;259;8434;8543;7.25;0.45;238.72;7.81;812;39;2898.00;109
7626;39;627670602;7626;261;8436;8543;7.26;0.45;238.73;7.82;810;39;2899.00;107
7633;39;627670613;7633;262;8437;8543;7.34;0.46;238.66;7.82;804;39;2900.00;106
7636;39;627670627;7636;269;8443;8547;7.36;0.46;238.68;7.82;807;39;2901.00;104
7645;39;627670640;7645;265;8445;8548;7.41;0.46;238.68;7.82;800;39;2902.00;103
7646;39;627670652;7646;272;8447;8548;7.49;0.46;238.68;7.83;801;39;2903.00;101
7650;39;627670662;7650;277;8450;8552;7.47;0.46;238.72;7.83;800;39;2904.00;102
7658;40;627670673;7658;279;8455;8552;7.38;0.45;238.71;7.84;797;40;2905.00;97
7660;40;627670699;7660;287;8458;8552;7.43;0.46;238.73;7.84;798;40;2906.00;94
7665;40;627670710;7665;292;8460;8553;7.47;0.46;238.74;7.84;795;40;2907.00;93
7671;40;627670725;7671;297;8462;8553;7.42;0.45;238.75;7.84;791;40;2908.00;91
7673;40;627670735;7673;299;8466;8559;7.46;0.46;238.76;7.84;793;40;2909.00;93
7679;40;627670749;7679;300;8469;8559;7.36;0.45;238.87;7.85;790;40;2910.00;90
7682;40;627670759;7682;305;8470;8560;7.34;0.45;238.87;7.85;788;40;2911.00;90
7684;40;627670769;7684;302;8471;8560;7.36;0.45;238.88;7.85;787;40;2912.00;89
7686;40;627670786;7686;306;8475;8560;7.32;0.45;238.89;7.86;789;40;2913.00;85
7689;40;627670796;7689;308;8476;8560;7.26;0.44;238.88;7.86;787;40;2914.00;84
7694;40;627670806;7694;306;8477;8560;7.11;0.43;238.88;7.86;783;40;2915.00;83
7696;40;627670816;7696;312;8488;8572;7.10;0.43;238.90;7.85;792;40;2916.00;84
7698;40;627670826;7698;307;8489;8572;7.03;0.43;238.87;7.86;791;40;2917.00;83
7703;40;627670836;7703;308;8490;8572;6.96;0.43;238.87;7.86;787;40;2918.00;82
7705;40;627670846;7705;306;8490;8572;6.98;0.43;238.87;7.86;785;40;2919.00;82
7708;40;627670855;7708;313;8491;8572;6.99;0.43;238.86;7.86;783;40;2920.00;81
7712;40;627670865;7712;319;8491;8572;6.98;0.43;238.86;7.86;779;40;2921.00;81
7716;40;627670875;7716;323;8494;8576;7.03;0.43;238.83;7.86;778;40;2922.00;82
7717;40;627670885;7717;325;8494;8576;7.04;0.43;238.85;7.86;777;40;2923.00;82
7718;40;627670894;7718;332;8497;8580;7.10;0.43;238.85;7.86;779;40;2924.00;83
7718;40;627670904;7718;337;8500;8582;7.20;0.44;238.85;7.85;782;40;2925.00;82
7719;40;627670914;7719;346;8500;8582;7.24;0.44;238.88;7.85;781;40;2926.00;82
7721;40;627670923;7721;352;8500;8582;7.24;0.44;238.91;7.85;779;40;2927.00;82
7723;40;627670933;7723;355;8510;8595;7.33;0.45;238.92;7.85;787;40;2928.00;85
7727;40;627670944;7727;361;8510;8595;7.30;0.45;238.89;7.85;783;40;2929.00;85
7730;40;627670954;7730;362;8510;8595;7.26;0.44;238.91;7.85;780;40;2930.00;85
7734;40;627670964;7734;367;8511;8596;7.21;0.44;238.88;7.84;777;40;2931.00;85
7737;40;627670974;7737;369;8511;8597;7.17;0.44;238.83;7.84;774;40;2932.00;86
7740;40;627670984;7740;374;8511;8597;7.14;0.44;238.88;7.84;771;40;2933.00;86
7743;40;627670993;7743;383;8513;8600;7.09;0.44;238.88;7.84;770;40;2934.00;87
7743;40;627671003;7743;390;8513;8600;7.06;0.43;238.88;7.84;770;40;2935.00;87
7747;40;627671013;7747;391;8514;8600;6.97;0.43;238.88;7.84;767;40;2936.00;86
7753;40;627671021;7753;384;8514;8600;6.88;0.42;238.86;7.84;761;40;2937.00;86
7757;40;627671031;7757;380;8518;8606;6.89;0.42;238.79;7.84;761;40;2938.00;88
7761;40;627671042;7761;380;8518;8606;6.88;0.42;238.77;7.84;757;40;2939.00;88
7762;40;627671053;7762;376;8519;8606;6.97;0.42;238.77;7.84;757;40;2940.00;87
7763;40;627671063;7763;373;8519;8606;6.99;0.43;238.76;7.84;756;40;2941.00;87
7767;40;627671079;7767;369;8522;8610;7.08;0.43;238.74;7.84;755;40;2942.00;88
7772;40;627671088;7772;366;8523;8611;7.09;0.43;238.78;7.84;751;40;2943.00;88
7774;40;627671099;7774;368;8523;8611;7.15;0.44;238.79;7.84;749;40;2944.00;88
7776;40;627671108;7776;366;8524;8612;7.16;0.44;238.74;7.83;748;40;2945.00;88
7776;40;627671117;7776;349;8524;8612;7.23;0.44;238.74;7.83;748;40;2946.00;88
7779;40;627671131;7779;336;8524;8612;7.24;0.44;238.70;7.83;745;40;2947.00;88
7780;40;627671142;7780;324;8524;8612;7.30;0.45;238.67;7.83;744;40;2948.00;88
7783;40;627671151;7783;315;8524;8612;7.35;0.45;238.61;7.83;741;40;2949.00;88
7783;40;627671167;7783;309;8524;8612;7.42;0.45;238.61;7.83;741;40;2950.00;88
7783;40;627671176;7783;298;8524;8612;7.54;0.46;238.61;7.83;741;40;2951.00;88
7784;40;627671186;7784;301;8561;8682;7.80;0.48;238.59;7.80;777;40;2952.00;121
7785;40;627671200;7785;295;8561;8683;7.87;0.48;238.59;7.80;776;40;2953.00;122
7787;40;627671210;7787;278;8567;8683;8.00;0.49;238.58;7.80;780;40;2954.00;116
7789;40;627671221;7789;269;8573;8683;8.17;0.50;238.58;7.79;784;40;2955.00;110
7791;40;627671231;7791;257;8577;8683;8.30;0.51;238.60;7.79;786;40;2956.00;106
7792;40;627671241;7792;255;8581;8683;8.44;0.51;238.60;7.79;789;40;2957.00;102
7793;40;627671252;7793;243;8582;8683;8.53;0.52;238.59;7.79;789;40;2958.00;101
7795;40;627671263;7795;236;8583;8683;8.63;0.53;238.62;7.79;788;40;2959.00;100
7795;40;627671274;7795;226;8585;8684;8.76;0.53;238.62;7.79;790;40;2960.00;99
7795;40;627671285;7795;217;8586;8685;8.88;0.54;238.62;7.79;791;40;2961.00;99
7797;40;627671302;7797;210;8587;8685;8.96;0.55;238.61;7.79;790;40;2962.00;98
7797;40;627671313;7797;201;8590;8689;9.08;0.55;238.61;7.79;793;40;2963.00;99
7799;40;627671324;7799;197;8590;8689;9.18;0.56;238.58;7.79;791;40;2964.00;99
7802;40;627671335;7802;197;8590;8689;9.26;0.56;238.64;7.79;788;40;2965.00;99
7804;41;627671352;7804;197;8590;8689;9.40;0.57;238.63;7.79;786;41;2966.00;99
7807;41;627671374;7807;191;8593;8695;9.54;0.58;238.62;7.78;786;41;2967.00;102
7809;41;627671386;7809;189;8593;8695;9.70;0.59;238.62;7.78;784;41;2968.00;102
7810;41;627671402;7810;186;8594;8695;9.84;0.60;238.61;7.78;784;41;2969.00;101
7810;41;627671420;7810;184;8597;8701;9.98;0.61;238.61;7.78;787;41;2970.00;104
7811;41;627671431;7811;183;8598;8701;10.08;0.61;238.60;7.78;787;41;2971.00;103
7811;41;627671442;7811;183;8598;8701;10.17;0.62;238.60;7.78;787;41;2972.00;103
7812;41;627671453;7812;180;8599;8702;10.27;0.63;238.58;7.78;787;41;2973.00;103
7814;41;627671463;7814;175;8600;8703;10.34;0.63;238.55;7.78;786;41;2974.00;103
7814;41;627671475;7814;166;8602;8703;10.39;0.63;238.55;7.90;788;41;2975.00;101
7817;41;627671487;7817;169;8610;8716;10.43;0.63;238.57;7.89;793;41;2976.00;106
7820;41;627671498;7820;168;8611;8716;10.52;0.64;238.55;7.89;791;41;2977.00;105
7823;41;627671509;7823;165;8611;8716;10.64;0.65;238.53;7.89;788;41;2978.00;105
7825;41;627671520;7825;158;8612;8717;10.80;0.66;238.52;7.89;787;41;2979.00;105
7830;41;627671531;7830;156;8612;8717;10.83;0.66;238.55;7.89;782;41;2980.00;105
7832;41;627671541;7832;152;8614;8721;10.91;0.66;238.53;7.89;782;41;2981.00;107
7836;41;627671552;7836;154;8614;8721;10.91;0.66;238.58;7.89;778;41;2982.00;107
7841;41;627671563;7841;147;8618;8725;10.92;0.66;238.57;7.89;777;41;2983.00;107
7844;41;627671574;7844;148;8618;8725;10.93;0.66;238.61;7.89;774;41;2984.00;107
7849;41;627671585;7849;148;8618;8725;10.97;0.66;238.60;7.89;769;41;2985.00;107
7852;41;627671596;7852;151;8618;8725;10.97;0.66;238.65;7.89;766;41;2986.00;107
7855;41;627671606;7855;155;8618;8725;11.03;0.67;238.60;7.89;763;41;2987.00;107
7859;41;627671616;7859;155;8627;8737;11.04;0.67;238.67;7.88;768;41;2988.00;110
7863;41;627671628;7863;154;8628;8737;11.02;0.67;238.64;7.88;765;41;2989.00;109
7867;41;627671638;7867;152;8630;8737;11.07;0.67;238.70;7.88;763;41;2990.00;107
7869;41;627671648;7869;152;8630;8737;11.06;0.67;238.72;7.88;761;41;2991.00;107
7872;41;627671658;7872;148;8630;8737;11.10;0.67;238.76;7.88;758;41;2992.00;107
7878;41;627671669;7878;151;8630;8737;11.14;0.67;238.75;7.88;752;41;2993.00;107
7881;41;627671679;7881;140;8632;8738;11.10;0.67;238.84;7.89;751;41;2994.00;106
7883;41;627671690;7883;136;8634;8738;11.09;0.67;238.86;7.91;751;41;2995.00;104
7889;41;627671707;7889;134;8637;8744;11.12;0.67;238.87;7.91;748;41;2996.00;107
7891;41;627671726;7891;137;8639;8745;11.20;0.68;238.87;7.91;748;41;2997.00;106
7897;41;627671742;7897;137;8640;8745;11.23;0.68;238.87;8.05;743;41;2998.00;105
7898;41;627671768;7898;132;8640;8745;11.26;0.68;238.86;8.05;742;41;2999.00;105
7902;41;627671798;7902;132;8646;8765;11.24;0.68;238.83;8.16;744;41;3000.00;119
7903;41;627671820;7903;133;8646;8765;11.35;0.69;238.84;8.16;743;41;3001.00;119
7906;41;627671832;7906;130;8646;8765;11.41;0.69;238.81;8.16;740;41;3002.00;119
7907;41;627671847;7907;123;8647;8766;11.43;0.70;238.82;8.16;740;41;3003.00;119
7908;41;627671859;7908;124;8650;8770;11.47;0.70;238.79;8.16;742;41;3004.00;120
7913;41;627671872;7913;117;8651;8770;11.51;0.70;238.84;8.16;738;41;3005.00;119
7913;41;627671885;7913;127;8654;8773;11.59;0.70;238.84;8.16;741;41;3006.00;119
7917;41;627671897;7917;121;8654;8773;11.58;0.70;238.92;8.16;737;41;3007.00;119
7921;41;627671909;7921;122;8655;8773;11.62;0.70;238.94;8.17;734;41;3008.00;118
7923;41;627671921;7923;121;8657;8773;11.67;0.71;238.95;8.17;734;41;3009.00;116
7925;41;627671932;7925;128;8661;8777;11.71;0.71;239.00;8.18;736;41;3010.00;116
7929;41;627671951;7929;133;8662;8777;11.73;0.71;239.01;8.18;733;41;3011.00;115
7933;41;627671963;7933;134;8666;8777;11.62;0.71;239.02;8.19;733;41;3012.00;111
7934;41;627671976;7934;132;8668;8777;11.59;0.70;239.03;8.19;734;41;3013.00;109
7936;41;627671987;7936;129;8670;8778;11.56;0.70;239.06;8.19;734;41;3014.00;108
7940;41;627671999;7940;128;8673;8780;11.50;0.70;239.10;8.19;733;41;3015.00;107
7941;41;627672011;7941;129;8673;8780;11.45;0.70;239.08;8.19;732;41;3016.00;107
7946;41;627672024;7946;128;8675;8781;11.47;0.70;239.17;8.19;729;41;3017.00;106
7949;41;627672035;7949;133;8675;8781;11.42;0.69;239.15;8.19;726;41;3018.00;106
7951;41;627672046;7951;133;8675;8781;11.43;0.70;239.15;8.19;724;41;3019.00;106
7953;41;627672057;7953;138;8677;8781;11.36;0.69;239.13;8.20;724;41;3020.00;104
7956;41;627672069;7956;139;8678;8781;11.39;0.69;239.17;8.22;722;41;3021.00;103
7958;41;627672080;7958;144;8678;8781;11.41;0.69;239.16;8.22;720;41;3022.00;103
7961;41;627672092;7961;152;8681;8781;11.32;0.69;239.18;8.24;720;41;3023.00;100
7963;41;627672103;7963;170;8746;8908;11.05;0.68;239.22;8.18;783;41;3024.00;162
7965;41;627672124;7965;165;8750;8909;10.93;0.67;239.26;8.19;785;41;3025.00;159
7969;41;627672136;7969;162;8758;8909;10.83;0.67;239.24;8.20;789;41;3026.00;151
7973;41;627672148;7973;164;8761;8909;10.78;0.66;239.21;8.20;788;41;3027.00;148
7973;41;627672160;7973;166;8766;8909;10.77;0.66;239.21;8.21;793;41;3028.00;143
7977;41;627672172;7977;174;8771;8909;10.72;0.66;239.21;8.22;794;41;3029.00;138
7981;41;627672185;7981;178;8776;8909;10.71;0.66;239.22;8.24;795;41;3030.00;133
7983;41;627672202;7983;189;8780;8909;10.73;0.66;239.21;8.24;797;41;3031.00;129
7985;41;627672213;7985;194;8785;8910;10.77;0.66;239.21;8.25;800;41;3032.00;125
7987;41;627672224;7987;197;8787;8911;10.78;0.66;239.18;8.26;800;41;3033.00;124
7989;41;627672237;7989;201;8795;8911;10.71;0.66;239.19;8.28;806;41;3034.00;116
7992;41;627672249;7992;210;8798;8912;10.60;0.65;239.15;8.28;806;41;3035.00;114
7994;41;627672260;7994;219;8802;8912;10.51;0.65;239.15;8.30;808;41;3036.00;110
7997;41;627672272;7997;221;8805;8912;10.38;0.64;239.13;8.30;808;41;3037.00;107
8002;41;627672283;8002;224;8810;8912;10.18;0.63;239.14;8.32;808;41;3038.00;102
8003;41;627672294;8003;228;8813;8916;10.04;0.62;239.13;8.32;810;41;3039.00;103
8010;41;627672306;8010;233;8817;8916;9.83;0.61;239.12;8.33;807;41;3040.00;99
8015;41;627672319;8015;235;8819;8916;9.77;0.60;239.16;8.33;804;41;3041.00;97
8018;41;627672331;8018;242;8822;8919;9.66;0.60;239.12;8.34;804;41;3042.00;97
8019;41;627672343;8019;245;8824;8919;9.58;0.59;239.11;8.34;805;41;3043.00;95
8022;41;627672354;8022;251;8825;8919;9.44;0.58;239.14;8.34;803;41;3044.00;94
8027;41;627672366;8027;252;8831;8923;9.24;0.57;239.26;8.35;804;41;3045.00;92
8030;41;627672384;8030;250;8832;8924;9.16;0.57;239.20;8.35;802;41;3046.00;92
8033;41;627672396;8033;255;8833;8924;9.07;0.56;239.26;8.35;800;41;3047.00;91
8038;41;627672407;8038;257;8838;8928;9.03;0.56;239.24;8.36;800;41;3048.00;90
8043;41;627672418;8043;257;8838;8928;8.93;0.55;239.22;8.36;795;41;3049.00;90
8049;41;627672430;8049;258;8838;8928;8.78;0.54;239.18;8.36;789;41;3050.00;90
8052;41;627672441;8052;261;8839;8929;8.68;0.53;239.17;8.36;787;41;3051.00;90
8055;41;627672451;8055;258;8839;8929;8.60;0.53;239.15;8.36;784;41;3052.00;90
8060;41;627672462;8060;256;8846;8935;8.53;0.52;239.15;8.37;786;41;3053.00;89
8064;41;627672474;8064;261;8846;8935;8.41;0.51;239.13;8.37;782;41;3054.00;89
8067;41;627672484;8067;263;8850;8936;8.30;0.51;239.13;8.37;783;41;3055.00;86
8074;41;627672495;8074;273;8851;8936;8.13;0.50;239.16;8.38;777;41;3056.00;85
8078;41;627672505;8078;274;8852;8936;8.01;0.49;239.23;8.38;774;41;3057.00;84
8081;41;627672515;8081;287;8853;8936;7.89;0.48;239.24;8.38;772;41;3058.00;83
8085;41;627672526;8085;296;8854;8936;7.74;0.47;239.28;8.38;769;41;3059.00;82
8090;41;627672537;8090;300;8877;8972;7.68;0.47;239.29;8.37;787;41;3060.00;95
8092;41;627672550;8092;291;8878;8972;7.58;0.47;239.31;8.37;786;41;3061.00;94
8095;41;627672560;8095;291;8882;8972;7.50;0.46;239.40;8.37;787;41;3062.00;90
8099;41;627672576;8099;291;8885;8972;7.43;0.46;239.41;8.37;786;41;3063.00;87
8100;41;627672585;8100;291;8887;8972;7.38;0.46;239.44;8.37;787;41;3064.00;85
8107;41;627672602;8107;288;8888;8972;7.27;0.45;239.46;8.37;781;41;3065.00;84
8110;41;627672612;8110;293;8891;8976;7.25;0.45;239.49;8.37;781;41;3066.00;85
8112;41;627672622;8112;290;8892;8976;7.26;0.45;239.54;8.37;780;41;3067.00;84
8118;41;627672632;8118;286;8895;8980;7.29;0.45;239.54;8.37;777;41;3068.00;85
8119;41;627672643;8119;288;8897;8981;7.25;0.45;239.56;8.37;778;41;3069.00;84
8121;41;627672653;8121;288;8899;8981;7.21;0.45;239.66;8.37;778;41;3070.00;82
8123;41;627672662;8123;281;8899;8981;7.17;0.44;239.72;8.37;776;41;3071.00;82
8127;41;627672672;8127;272;8910;8994;7.19;0.44;239.78;8.36;783;41;3072.00;84
8130;41;627672683;8130;274;8910;8994;7.11;0.44;239.78;8.36;780;41;3073.00;84
8135;41;627672693;8135;281;8910;8994;7.06;0.43;239.80;8.36;775;41;3074.00;84
8141;41;627672703;8141;282;8911;8995;6.97;0.43;239.76;8.35;770;41;3075.00;84
8142;41;627672712;8142;280;8911;8996;6.91;0.43;239.75;8.35;769;41;3076.00;85
8145;41;627672721;8145;281;8911;8996;6.88;0.42;239.73;8.35;766;41;3077.00;85
8149;41;627672730;8149;290;8913;8999;6.83;0.42;239.70;8.35;764;41;3078.00;86
8153;41;627672740;8153;287;8914;8999;6.78;0.42;239.71;8.35;761;41;3079.00;85
8156;41;627672750;8156;296;8914;8999;6.73;0.41;239.76;8.35;758;41;3080.00;85
8157;41;627672759;8157;293;8914;8999;6.65;0.41;239.79;8.35;757;41;3081.00;85
8160;41;627672768;8160;298;8918;9005;6.58;0.40;239.81;8.35;758;41;3082.00;87
8164;41;627672777;8164;307;8918;9005;6.49;0.40;239.78;8.35;754;41;3083.00;87
8169;41;627672785;8169;312;8919;9005;6.38;0.39;239.76;8.35;750;41;3084.00;86
8171;41;627672794;8171;318;8919;9005;6.34;0.39;239.75;8.35;748;41;3085.00;86
8176;41;627672803;8176;318;8922;9009;6.33;0.39;239.75;8.35;746;41;3086.00;87
8178;41;627672812;8178;320;8923;9010;6.36;0.39;239.81;8.34;745;41;3087.00;87
8184;41;627672821;8184;323;8923;9010;6.28;0.38;239.75;8.34;739;41;3088.00;87
8186;41;627672830;8186;324;8924;9011;6.27;0.38;239.76;8.34;738;41;3089.00;87
8189;41;627672840;8189;322;8924;9011;6.22;0.38;239.68;8.34;735;41;3090.00;87
8193;41;627672850;8193;331;8924;9011;6.22;0.38;239.63;8.34;731;41;3091.00;87
8198;41;627672859;8198;332;8924;9011;6.25;0.38;239.57;8.34;726;41;3092.00;87
8200;41;627672868;8200;331;8924;9011;6.29;0.38;239.58;8.34;724;41;3093.00;87
8204;41;627672876;8204;331;8924;9011;6.31;0.38;239.54;8.34;720;41;3094.00;87
8206;41;627672885;8206;334;8924;9011;6.33;0.39;239.64;8.34;718;41;3095.00;87
8208;41;627672894;8208;344;8963;9081;6.60;0.40;239.65;8.31;755;41;3096.00;118
8209;41;627672908;8209;341;8965;9082;6.63;0.41;239.63;8.43;756;41;3097.00;117
8210;41;627672918;8210;349;8973;9082;6.76;0.41;239.65;8.42;763;41;3098.00;109
8213;41;627672927;8213;349;8976;9082;6.78;0.42;239.66;8.42;763;41;3099.00;106
8216;41;627672937;8216;351;8980;9082;6.85;0.42;239.60;8.42;764;41;3100.00;102
8219;41;627672950;8219;357;8984;9082;6.88;0.42;239.58;8.42;765;41;3101.00;98
8221;41;627672959;8221;365;8988;9082;6.94;0.42;239.58;8.42;767;41;3102.00;94
8223;41;627672969;8223;368;8989;9082;6.80;0.41;239.59;8.42;766;41;3103.00;93
8225;41;627672978;8225;373;8991;9083;6.68;0.41;239.62;8.42;766;41;3104.00;92
8226;41;627672987;8226;376;8993;9085;6.56;0.40;239.61;8.42;767;41;3105.00;92
8227;41;627672997;8227;381;8994;9085;6.40;0.39;239.64;8.42;767;41;3106.00;91
8228;41;627673006;8228;360;8997;9089;6.35;0.39;239.66;8.41;769;41;3107.00;92
8230;41;627673016;8230;341;8997;9089;6.41;0.39;239.65;8.41;767;41;3108.00;92
8233;41;627673025;8233;333;8997;9089;6.43;0.40;239.73;8.41;764;41;3109.00;92
8234;41;627673036;8234;328;8997;9089;6.54;0.40;239.71;8.41;763;41;3110.00;92
8234;41;627673045;8234;327;9001;9095;6.66;0.41;239.71;8.41;767;41;3111.00;94
8236;42;627673055;8236;318;9001;9095;6.68;0.41;239.73;8.41;765;42;3112.00;94
8236;42;627673082;8236;309;9002;9095;6.82;0.42;239.73;8.41;766;42;3113.00;93
8238;42;627673092;8238;299;9004;9098;7.02;0.43;239.73;8.41;766;42;3114.00;94
8240;42;627673102;8240;295;9005;9098;7.15;0.44;239.74;8.41;765;42;3115.00;93
8242;42;627673113;8242;275;9005;9098;7.29;0.45;239.71;8.41;763;42;3116.00;93
8245;42;627673124;8245;255;9005;9099;7.45;0.46;239.68;8.41;760;42;3117.00;94
8250;42;627673141;8250;238;9006;9100;7.63;0.46;239.68;8.41;756;42;3118.00;94
8250;42;627673157;8250;218;9006;9100;7.92;0.48;239.68;8.41;756;42;3119.00;94
8253;42;627673170;8253;208;9026;9126;8.23;0.50;239.71;8.39;773;42;3120.00;100
8254;42;627673182;8254;197;9027;9126;8.48;0.52;239.75;8.39;773;42;3121.00;99
8255;42;627673194;8255;191;9028;9126;8.73;0.53;239.75;8.39;773;42;3122.00;98
8257;42;627673205;8257;179;9029;9127;8.96;0.55;239.75;8.38;772;42;3123.00;98
8260;42;627673217;8260;176;9029;9127;9.10;0.55;239.73;8.38;769;42;3124.00;98
8261;42;627673228;8261;163;9032;9131;9.34;0.57;239.70;8.38;771;42;3125.00;99
8261;42;627673241;8261;158;9033;9131;9.52;0.58;239.70;8.38;772;42;3126.00;98
8262;42;627673258;8262;155;9036;9135;9.66;0.59;239.69;8.38;774;42;3127.00;99
8263;42;627673270;8263;153;9036;9135;9.79;0.60;239.69;8.38;773;42;3128.00;99
8268;42;627673281;8268;158;9036;9135;9.90;0.60;239.70;8.38;768;42;3129.00;99
8272;42;627673293;8272;158;9036;9135;10.00;0.61;239.71;8.38;764;42;3130.00;99
8276;42;627673305;8276;158;9036;9135;10.12;0.61;239.74;8.38;760;42;3131.00;99
8279;42;627673316;8279;163;9045;9147;10.24;0.62;239.71;8.37;766;42;3132.00;102
8280;42;627673329;8280;165;9045;9147;10.36;0.63;239.71;8.37;765;42;3133.00;102
8285;42;627673341;8285;159;9047;9147;10.49;0.64;239.78;8.37;762;42;3134.00;100
8288;42;627673353;8288;155;9047;9147;10.66;0.65;239.81;8.37;759;42;3135.00;100
8290;43;627673364;8290;156;9047;9147;10.76;0.65;239.80;8.37;757;43;3136.00;100
8293;43;627673387;8293;150;9047;9147;10.80;0.65;239.88;8.37;754;43;3137.00;100
8294;43;627673399;8294;144;9047;9148;10.99;0.67;239.89;8.37;753;43;3138.00;101
8297;43;627673411;8297;138;9047;9148;11.11;0.67;239.86;8.37;750;43;3139.00;101
8299;43;627673422;8299;141;9051;9154;11.18;0.68;239.87;8.37;752;43;3140.00;103
8302;43;627673434;8302;143;9052;9155;11.31;0.68;239.88;8.37;750;43;3141.00;103
8305;43;627673445;8305;140;9053;9155;11.35;0.69;239.91;8.36;748;43;3142.00;102
8305;43;627673457;8305;142;9053;9155;11.42;0.69;239.91;8.36;748;43;3143.00;102
8310;43;627673469;8310;138;9056;9159;11.52;0.70;239.97;8.36;746;43;3144.00;103
8311;43;627673480;8311;143;9056;9159;11.53;0.70;239.98;8.36;745;43;3145.00;103
8313;43;627673492;8313;144;9056;9159;11.60;0.70;239.97;8.36;743;43;3146.00;103
8314;43;627673503;8314;143;9057;9160;11.59;0.70;239.99;8.36;743;43;3147.00;103
8317;43;627673514;8317;146;9060;9164;11.57;0.70;239.98;8.36;743;43;3148.00;104
8320;43;627673525;8320;141;9060;9164;11.58;0.70;240.01;8.36;740;43;3149.00;104
8324;43;627673538;8324;147;9063;9170;11.62;0.70;240.03;8.36;739;43;3150.00;107
8327;43;627673550;8327;144;9063;9170;11.63;0.71;240.08;8.36;736;43;3151.00;107
8331;43;627673562;8331;144;9064;9170;11.78;0.72;240.07;8.35;733;43;3152.00;106
8334;43;627673573;8334;142;9064;9170;11.83;0.72;240.10;8.35;730;43;3153.00;106
8336;43;627673584;8336;139;9067;9174;11.96;0.73;240.14;8.35;731;43;3154.00;107
8340;43;627673596;8340;140;9067;9174;12.03;0.73;240.15;8.35;727;43;3155.00;107
8343;43;627673607;8343;142;9068;9174;12.12;0.73;240.15;8.35;725;43;3156.00;106
8345;43;627673618;8345;139;9068;9174;12.15;0.74;240.17;8.35;723;43;3157.00;106
8351;43;627673629;8351;139;9069;9175;12.16;0.74;240.25;8.35;718;43;3158.00;106
8351;43;627673645;8351;138;9070;9176;12.13;0.74;240.25;8.35;719;43;3159.00;106
8359;43;627673656;8359;136;9071;9176;12.13;0.73;240.25;8.35;712;43;3160.00;105
8363;43;627673667;8363;135;9072;9177;12.07;0.73;240.27;8.35;709;43;3161.00;105
8367;43;627673684;8367;125;9072;9177;12.08;0.73;240.38;8.35;705;43;3162.00;105
8372;43;627673695;8372;121;9072;9177;12.13;0.73;240.42;8.35;700;43;3163.00;105
8377;43;627673711;8377;113;9073;9177;12.20;0.74;240.42;8.36;696;43;3164.00;104
8379;43;627673732;8379;114;9073;9177;12.26;0.74;240.44;8.36;694;43;3165.00;104
8381;43;627673748;8381;106;9074;9177;12.33;0.74;240.47;8.37;693;43;3166.00;103
8385;43;627673765;8385;103;9074;9177;12.39;0.75;240.52;8.37;689;43;3167.00;103
8386;43;627673781;8386;121;9142;9304;12.07;0.74;240.52;8.31;756;43;3168.00;162
8389;43;627673811;8389;108;9142;9305;12.07;0.74;240.63;8.31;753;43;3169.00;163
8392;43;627673827;8392;100;9149;9305;12.13;0.74;240.63;8.31;757;43;3170.00;156
8397;43;627673853;8397;97;9153;9305;12.10;0.74;240.63;8.31;756;43;3171.00;152
8400;43;627673866;8400;96;9158;9305;12.09;0.74;240.63;8.30;758;43;3172.00;147
8403;43;627673885;8403;95;9160;9305;12.10;0.74;240.67;8.30;757;43;3173.00;145
8406;43;627673898;8406;100;9163;9305;12.12;0.74;240.67;8.30;757;43;3174.00;142
8408;43;627673910;8408;105;9167;9305;12.10;0.74;240.63;8.30;759;43;3175.00;138
8410;43;627673922;8410;112;9171;9306;12.10;0.74;240.64;8.30;761;43;3176.00;135
8414;43;627673941;8414;116;9175;9307;12.07;0.74;240.68;8.30;761;43;3177.00;132
8418;43;627673953;8418;123;9181;9307;12.10;0.74;240.68;8.30;763;43;3178.00;126
8420;43;627673964;8420;127;9184;9308;12.07;0.73;240.72;8.30;764;43;3179.00;124
8422;43;627673979;8422;134;9186;9308;11.91;0.72;240.76;8.30;764;43;3180.00;122
8424;43;627673992;8424;139;9188;9308;11.84;0.72;240.80;8.30;764;43;3181.00;120
8425;43;627674004;8425;141;9189;9308;11.76;0.72;240.79;8.31;764;43;3182.00;119
8428;43;627674017;8428;139;9194;9312;11.70;0.72;240.77;8.30;766;43;3183.00;118
8432;43;627674030;8432;139;9195;9312;11.65;0.71;240.78;8.31;763;43;3184.00;117
8434;43;627674042;8434;146;9195;9312;11.52;0.70;240.79;8.31;761;43;3185.00;117
8440;43;627674054;8440;152;9199;9315;11.35;0.69;240.74;8.32;759;43;3186.00;116
8443;43;627674066;8443;157;9199;9315;11.27;0.69;240.74;8.32;756;43;3187.00;116
8444;43;627674079;8444;165;9200;9315;11.20;0.68;240.73;8.32;756;43;3188.00;115
8447;43;627674091;8447;174;9204;9319;11.07;0.67;240.72;8.33;757;43;3189.00;115
8449;43;627674103;8449;174;9207;9320;11.04;0.67;240.71;8.34;758;43;3190.00;113
8452;43;627674115;8452;176;9207;9322;11.06;0.67;240.73;8.34;755;43;3191.00;115
8454;43;627674127;8454;181;9213;9326;11.05;0.67;240.71;8.35;759;43;3192.00;113
8458;43;627674140;8458;187;9215;9326;11.05;0.67;240.81;8.36;757;43;3193.00;111
8461;43;627674158;8461;190;9216;9326;11.05;0.67;240.76;8.37;755;43;3194.00;110
8465;43;627674169;8465;193;9218;9328;11.04;0.67;240.80;8.37;753;43;3195.00;110
8466;43;627674180;8466;196;9220;9328;10.98;0.67;240.78;8.39;754;43;3196.00;108
8469;43;627674192;8469;200;9225;9334;10.88;0.66;240.79;8.39;756;43;3197.00;109
8474;43;627674204;8474;203;9226;9334;10.60;0.64;240.84;8.40;752;43;3198.00;108
8477;43;627674222;8477;213;9226;9335;10.36;0.63;240.82;8.40;749;43;3199.00;109
8480;43;627674234;8480;222;9228;9335;10.18;0.62;240.83;8.42;748;43;3200.00;107
8482;43;627674252;8482;226;9229;9335;10.10;0.62;240.84;8.43;747;43;3201.00;106
8482;43;627674264;8482;227;9231;9335;9.97;0.61;240.84;8.45;749;43;3202.00;104
8484;43;627674275;8484;231;9232;9335;9.89;0.61;240.87;8.46;748;43;3203.00;103
8487;43;627674286;8487;237;9242;9347;9.84;0.60;240.85;8.46;755;43;3204.00;105
8491;43;627674297;8491;246;9242;9347;9.78;0.60;240.83;8.46;751;43;3205.00;105
8494;43;627674310;8494;252;9246;9347;9.67;0.59;240.80;8.48;752;43;3206.00;101
8497;43;627674320;8497;254;9246;9347;9.61;0.59;240.83;8.48;749;43;3207.00;101
8500;43;627674330;8500;254;9248;9347;9.47;0.58;240.81;8.49;748;43;3208.00;99
8503;43;627674340;8503;256;9248;9347;9.39;0.58;240.78;8.49;745;43;3209.00;99
8508;43;627674352;8508;255;9253;9351;9.14;0.56;240.76;8.51;745;43;3210.00;98
8508;43;627674362;8508;260;9253;9351;9.06;0.56;240.76;8.51;745;43;3211.00;98
8509;43;627674377;8509;262;9256;9355;9.02;0.55;240.75;8.50;747;43;3212.00;99
8511;43;627674387;8511;263;9259;9356;8.91;0.55;240.74;8.52;748;43;3213.00;97
8515;43;627674397;8515;266;9260;9356;8.80;0.54;240.71;8.52;745;43;3214.00;96
8517;43;627674408;8517;262;9262;9356;8.66;0.53;240.73;8.52;745;43;3215.00;94
8519;43;627674418;8519;262;9271;9369;8.58;0.53;240.72;8.52;752;43;3216.00;98
8522;43;627674428;8522;258;9272;9369;8.51;0.52;240.76;8.52;750;43;3217.00;97
8524;43;627674438;8524;256;9275;9369;8.39;0.52;240.77;8.52;751;43;3218.00;94
8526;43;627674447;8526;263;9276;9370;8.38;0.51;240.75;8.52;750;43;3219.00;94
8529;43;627674457;8529;260;9278;9371;8.30;0.51;240.73;8.53;749;43;3220.00;93
8531;43;627674467;8531;259;9279;9371;8.24;0.50;240.74;8.54;748;43;3221.00;92
8535;43;627674477;8535;262;9282;9374;8.15;0.50;240.72;8.54;747;43;3222.00;92
8537;43;627674486;8537;264;9282;9374;8.03;0.49;240.71;8.54;745;43;3223.00;92
8539;43;627674495;8539;267;9285;9374;7.91;0.49;240.76;8.55;746;43;3224.00;89
8545;43;627674503;8545;276;9285;9374;7.81;0.48;240.78;8.55;740;43;3225.00;89
8549;43;627674512;8549;274;9291;9380;7.63;0.47;240.77;8.55;742;43;3226.00;89
8551;43;627674521;8551;280;9292;9380;7.53;0.46;240.74;8.55;741;43;3227.00;88
8555;43;627674530;8555;282;9292;9380;7.36;0.45;240.70;8.55;737;43;3228.00;88
8556;43;627674539;8556;295;9294;9380;7.18;0.44;240.71;8.56;738;43;3229.00;86
8558;43;627674546;8558;294;9297;9384;7.07;0.43;240.72;8.55;739;43;3230.00;87
8560;43;627674560;8560;288;9298;9385;6.94;0.43;240.70;8.55;738;43;3231.00;87
8561;43;627674568;8561;298;9298;9385;6.89;0.42;240.72;8.55;737;43;3232.00;87
8565;43;627674576;8565;297;9301;9386;6.76;0.41;240.72;8.56;736;43;3233.00;85
8570;43;627674584;8570;307;9301;9386;6.68;0.41;240.75;8.56;731;43;3234.00;85
8570;43;627674593;8570;304;9303;9386;6.70;0.41;240.75;8.56;733;43;3235.00;83
8573;43;627674603;8573;306;9303;9386;6.70;0.41;240.76;8.56;730;43;3236.00;83
8575;43;627674612;8575;302;9303;9386;6.65;0.41;240.75;8.56;728;43;3237.00;83
8579;43;627674620;8579;305;9305;9386;6.60;0.40;240.77;8.56;726;43;3238.00;81
8584;43;627674629;8584;308;9305;9386;6.54;0.40;240.75;8.56;721;43;3239.00;81
8586;43;627674639;8586;308;9363;9511;6.91;0.43;240.76;8.51;777;43;3240.00;148
8588;43;627674659;8588;301;9370;9512;7.00;0.44;240.76;8.50;782;43;3241.00;142
8593;43;627674668;8593;304;9380;9512;7.04;0.44;240.72;8.49;787;43;3242.00;132
8597;43;627674677;8597;300;9383;9512;7.07;0.44;240.72;8.49;786;43;3243.00;129
8597;43;627674686;8597;301;9387;9512;7.11;0.44;240.72;8.49;790;43;3244.00;125
8602;43;627674695;8602;303;9390;9512;7.10;0.44;240.71;8.49;788;43;3245.00;122
8604;43;627674705;8604;304;9394;9512;7.10;0.44;240.72;8.49;790;43;3246.00;118
8608;43;627674714;8608;304;9396;9512;7.11;0.44;240.78;8.49;788;43;3247.00;116
8610;43;627674724;8610;303;9400;9513;7.08;0.44;240.79;8.49;790;43;3248.00;113
8612;43;627674734;8612;306;9403;9514;7.06;0.44;240.79;8.49;791;43;3249.00;111
8615;43;627674743;8615;304;9406;9514;7.02;0.43;240.78;8.49;791;43;3250.00;108
8619;43;627674753;8619;307;9410;9518;7.04;0.43;240.79;8.48;791;43;3251.00;108
8622;43;627674762;8622;305;9411;9518;7.02;0.43;240.78;8.48;789;43;3252.00;107
8625;43;627674772;8625;306;9413;9518;6.91;0.42;240.77;8.48;788;43;3253.00;105
8629;43;627674781;8629;309;9414;9518;6.84;0.42;240.79;8.49;785;43;3254.00;104
8630;43;627674791;8630;316;9418;9524;6.78;0.42;240.77;8.48;788;43;3255.00;106
8632;43;627674801;8632;324;9418;9524;6.77;0.42;240.79;8.48;786;43;3256.00;106
8635;43;627674810;8635;326;9419;9524;6.79;0.42;240.80;8.48;784;43;3257.00;105
8641;43;627674820;8641;329;9421;9527;6.83;0.42;240.82;8.48;780;43;3258.00;106
8643;43;627674830;8643;317;9421;9527;6.84;0.42;240.90;8.48;778;43;3259.00;106
8645;43;627674840;8645;310;9422;9527;6.94;0.43;240.92;8.48;777;43;3260.00;105
8648;43;627674851;8648;308;9423;9528;7.01;0.43;240.95;8.48;775;43;3261.00;105
8651;43;627674861;8651;297;9424;9529;7.09;0.44;240.94;8.48;773;43;3262.00;105
8654;43;627674871;8654;299;9424;9529;7.21;0.44;240.94;8.48;770;43;3263.00;105
8657;43;627674881;8657;298;9435;9542;7.41;0.46;240.97;8.47;778;43;3264.00;107
8659;43;627674893;8659;288;9435;9542;7.48;0.46;240.96;8.47;776;43;3265.00;107
8662;43;627674904;8662;284;9435;9542;7.60;0.47;240.95;8.47;773;43;3266.00;107
8667;43;627674914;8667;284;9437;9543;7.67;0.47;240.92;8.60;770;43;3267.00;106
8671;43;627674926;8671;283;9437;9543;7.76;0.47;240.93;8.60;766;43;3268.00;106
8674;43;627674943;8674;286;9440;9547;7.79;0.48;240.96;8.60;766;43;3269.00;107
8676;43;627674956;8676;280;9440;9547;7.81;0.48;240.95;8.60;764;43;3270.00;107
8680;43;627674966;8680;275;9444;9551;7.90;0.48;241.00;8.60;764;43;3271.00;107
8684;43;627674977;8684;277;9444;9551;7.90;0.48;241.06;8.60;760;43;3272.00;107
8686;43;627674988;8686;268;9444;9551;7.98;0.49;241.07;8.60;758;43;3273.00;107
8688;43;627674998;8688;271;9444;9551;8.03;0.49;241.07;8.60;756;43;3274.00;107
8690;43;627675008;8690;268;9444;9551;8.09;0.49;241.07;8.60;754;43;3275.00;107
8695;43;627675019;8695;266;9454;9563;8.25;0.50;241.09;8.59;759;43;3276.00;109
8697;43;627675031;8697;254;9454;9563;8.34;0.51;241.07;8.59;757;43;3277.00;109
8699;43;627675041;8699;248;9455;9563;8.44;0.51;241.07;8.59;756;43;3278.00;108
8699;43;627675052;8699;248;9455;9563;8.51;0.52;241.07;8.59;756;43;3279.00;108
8703;43;627675062;8703;239;9455;9563;8.59;0.52;241.03;8.59;752;43;3280.00;108
8704;43;627675073;8704;234;9455;9563;8.68;0.53;241.04;8.59;751;43;3281.00;108
8707;43;627675084;8707;234;9455;9564;8.76;0.53;241.00;8.59;748;43;3282.00;109
8710;43;627675096;8710;231;9455;9564;8.81;0.53;240.98;8.59;745;43;3283.00;109
8712;43;627675106;8712;234;9459;9570;8.82;0.53;240.97;8.59;747;43;3284.00;111
8713;43;627675123;8713;239;9461;9572;8.86;0.54;241.01;8.58;748;43;3285.00;111
8714;43;627675144;8714;216;9462;9572;8.93;0.54;240.99;8.58;748;43;3286.00;110
8714;43;627675161;8714;201;9462;9572;9.08;0.55;240.99;8.58;748;43;3287.00;110
8717;43;627675171;8717;188;9465;9576;9.29;0.56;241.01;8.58;748;43;3288.00;111
8719;43;627675183;8719;175;9465;9576;9.42;0.57;241.09;8.58;746;43;3289.00;111
8721;43;627675194;8721;161;9465;9576;9.61;0.58;241.08;8.58;744;43;3290.00;111
8723;43;627675205;8723;149;9466;9577;9.86;0.60;241.12;8.58;743;43;3291.00;111
8726;43;627675217;8726;146;9469;9581;10.01;0.61;241.20;8.58;743;43;3292.00;112
8728;43;627675229;8728;143;9469;9581;10.15;0.62;241.24;8.58;741;43;3293.00;112
8731;43;627675240;8731;141;9471;9584;10.29;0.62;241.28;8.58;740;43;3294.00;113
8734;43;627675253;8734;138;9471;9584;10.41;0.63;241.26;8.58;737;43;3295.00;113
8737;43;627675265;8737;136;9472;9584;10.53;0.64;241.29;8.58;735;43;3296.00;112
8740;43;627675276;8740;138;9472;9584;10.59;0.64;241.35;8.58;732;43;3297.00;112
8744;43;627675288;8744;143;9475;9588;10.70;0.65;241.36;8.57;731;43;3298.00;113
8746;43;627675299;8746;135;9475;9588;10.83;0.66;241.40;8.57;729;43;3299.00;113
8749;43;627675314;8749;144;9479;9607;10.83;0.66;241.43;8.57;730;43;3300.00;128
8750;43;627675333;8750;136;9479;9607;10.89;0.66;241.42;8.57;729;43;3301.00;128
8753;43;627675344;8753;139;9480;9608;10.91;0.66;241.48;8.57;727;43;3302.00;128
8756;43;627675355;8756;136;9481;9609;11.01;0.67;241.47;8.57;725;43;3303.00;128
8759;43;627675367;8759;136;9481;9609;11.08;0.67;241.49;8.57;722;43;3304.00;128
8760;43;627675377;8760;138;9482;9610;11.15;0.68;241.51;8.57;722;43;3305.00;128
8762;43;627675389;8762;141;9483;9610;11.19;0.68;241.52;8.57;721;43;3306.00;127
8764;43;627675400;8764;145;9483;9610;11.24;0.69;241.52;8.57;719;43;3307.00;127
8769;43;627675411;8769;144;9484;9610;11.22;0.68;241.56;8.57;715;43;3308.00;126
8771;43;627675422;8771;145;9484;9610;11.26;0.69;241.56;8.57;713;43;3309.00;126
8774;43;627675439;8774;143;9484;9610;11.33;0.69;241.59;8.57;710;43;3310.00;126
8776;43;627675449;8776;139;9485;9610;11.46;0.70;241.58;8.57;709;43;3311.00;125
8778;43;627675460;8778;153;9554;9737;11.23;0.69;241.60;8.64;776;43;3312.00;183
8781;43;627675481;8781;148;9558;9738;11.23;0.69;241.62;8.64;777;43;3313.00;180
8783;43;627675499;8783;132;9562;9738;11.33;0.70;241.63;8.64;779;43;3314.00;176
8784;43;627675511;8784;133;9565;9738;11.46;0.71;241.65;8.63;781;43;3315.00;173
8789;43;627675522;8789;129;9567;9738;11.48;0.71;241.68;8.63;778;43;3316.00;171
8792;43;627675533;8792;124;9569;9738;11.53;0.71;241.66;8.63;777;43;3317.00;169
8798;43;627675544;8798;126;9572;9738;11.49;0.71;241.72;8.63;774;43;3318.00;166
8801;43;627675561;8801;129;9574;9738;11.47;0.70;241.73;8.63;773;43;3319.00;164
8806;43;627675573;8806;135;9577;9739;11.41;0.70;241.79;8.63;771;43;3320.00;162
8808;43;627675589;8808;136;9579;9740;11.39;0.70;241.81;8.63;771;43;3321.00;161
8813;43;627675607;8813;142;9582;9740;11.33;0.70;241.88;8.64;769;43;3322.00;158
8815;43;627675620;8815;145;9585;9741;11.40;0.70;241.90;8.64;770;43;3323.00;156
8819;43;627675632;8819;147;9587;9741;11.42;0.70;241.90;8.64;768;43;3324.00;154
8822;43;627675645;8822;155;9589;9741;11.43;0.70;241.93;8.64;767;43;3325.00;152
8827;43;627675657;8827;157;9592;9741;11.39;0.70;241.92;8.64;765;43;3326.00;149
8833;43;627675670;8833;162;9594;9745;11.30;0.69;241.96;8.78;761;43;3327.00;151
8835;43;627675689;8835;168;9597;9745;11.27;0.69;241.96;8.78;762;43;3328.00;148
8838;43;627675701;8838;169;9598;9745;11.22;0.69;242.00;8.78;760;43;3329.00;147
8840;43;627675721;8840;169;9601;9751;11.19;0.68;242.02;8.78;761;43;3330.00;150
8846;43;627675739;8846;166;9602;9751;11.14;0.68;242.05;8.78;756;43;3331.00;149
8853;43;627675757;8853;166;9604;9751;11.18;0.68;242.14;8.78;751;43;3332.00;147
8858;43;627675776;8858;161;9608;9755;11.08;0.67;242.12;8.78;750;43;3333.00;147
8862;43;627675794;8862;156;9610;9756;11.12;0.68;242.08;8.78;748;43;3334.00;146
8867;43;627675811;8867;153;9614;9756;11.03;0.67;242.05;8.80;747;43;3335.00;142
8869;43;627675835;8869;147;9616;9760;11.07;0.67;242.03;8.80;747;43;3336.00;144
8873;43;627675848;8873;142;9617;9760;11.10;0.67;241.99;8.93;744;43;3337.00;143
8877;43;627675860;8877;141;9618;9760;11.07;0.67;242.01;8.93;741;43;3338.00;142
8882;43;627675873;8882;133;9619;9761;11.07;0.67;242.02;8.93;737;43;3339.00;142
8883;43;627675885;8883;134;9623;9761;11.03;0.67;242.02;9.06;740;43;3340.00;138
8887;43;627675898;8887;133;9626;9767;11.08;0.67;242.05;9.06;739;43;3341.00;141
8891;43;627675911;8891;134;9627;9767;11.05;0.67;242.09;9.06;736;43;3342.00;140
8892;43;627675923;8892;131;9629;9768;11.00;0.67;242.13;9.19;737;43;3343.00;139
8893;43;627675935;8893;133;9629;9768;11.00;0.67;242.13;9.19;736;43;3344.00;139
8896;43;627675946;8896;134;9630;9768;11.00;0.67;242.14;9.19;734;43;3345.00;138
8901;43;627675957;8901;136;9631;9768;10.95;0.66;242.18;9.31;730;43;3346.00;137
8903;43;627675970;8903;135;9632;9768;10.92;0.66;242.19;9.31;729;43;3347.00;136
8906;43;627675981;8906;139;9641;9780;10.86;0.66;242.18;9.31;735;43;3348.00;139
8908;43;627675993;8908;143;9645;9780;10.78;0.65;242.18;9.32;737;43;3349.00;135
8912;43;627676003;8912;147;9648;9780;10.66;0.64;242.17;9.32;736;43;3350.00;132
8913;43;627676014;8913;155;9649;9780;10.57;0.64;242.16;9.32;736;43;3351.00;131
8914;43;627676024;8914;162;9653;9780;10.49;0.63;242.15;9.33;739;43;3352.00;127
8917;43;627676034;8917;168;9654;9780;10.48;0.63;242.12;9.33;737;43;3353.00;126
8919;43;627676045;8919;180;9659;9784;10.43;0.63;242.14;9.33;740;43;3354.00;125
8921;43;627676056;8921;184;9659;9784;10.37;0.63;242.12;9.33;738;43;3355.00;125
8923;43;627676067;8923;186;9663;9788;10.31;0.62;242.13;9.32;740;43;3356.00;125
8929;43;627676078;8929;189;9665;9789;10.24;0.62;242.09;9.32;736;43;3357.00;124
8931;43;627676089;8931;193;9665;9789;10.25;0.62;242.11;9.32;734;43;3358.00;124
8933;43;627676099;8933;196;9666;9789;10.20;0.62;242.08;9.33;733;43;3359.00;123
8935;43;627676111;8935;203;9684;9818;10.03;0.61;242.07;9.33;749;43;3360.00;134
8938;43;627676130;8938;207;9686;9818;9.96;0.60;242.03;9.33;748;43;3361.00;132
8941;43;627676141;8941;213;9689;9818;9.90;0.60;242.02;9.34;748;43;3362.00;129
8942;43;627676151;8942;217;9692;9819;9.86;0.60;242.01;9.33;750;43;3363.00;127
8943;43;627676162;8943;219;9696;9820;9.77;0.59;242.04;9.36;753;43;3364.00;124
8946;43;627676173;8946;226;9696;9820;9.72;0.59;242.04;9.36;750;43;3365.00;124
8946;43;627676183;8946;231;9699;9823;9.67;0.59;242.04;9.35;753;43;3366.00;124
8948;43;627676195;8948;236;9701;9823;9.57;0.58;242.02;9.38;753;43;3367.00;122
8950;43;627676212;8950;242;9702;9823;9.50;0.58;242.03;9.39;752;43;3368.00;121
8951;43;627676222;8951;251;9703;9823;9.37;0.57;242.02;9.40;752;43;3369.00;120
8954;43;627676233;8954;256;9709;9829;9.28;0.56;242.05;9.41;755;43;3370.00;120
8955;43;627676244;8955;262;9710;9829;9.19;0.56;242.13;9.42;755;43;3371.00;119
8957;43;627676255;8957;268;9711;9829;9.11;0.56;242.17;9.43;754;43;3372.00;118
8960;43;627676264;8960;274;9713;9829;8.99;0.55;242.17;9.45;753;43;3373.00;116
8962;43;627676275;8962;281;9718;9833;8.88;0.54;242.14;9.46;756;43;3374.00;115
8964;43;627676291;8964;286;9721;9835;8.79;0.54;242.20;9.47;757;43;3375.00;114
8965;43;627676301;8965;293;9721;9835;8.71;0.53;242.18;9.47;756;43;3376.00;114
8966;43;627676311;8966;299;9724;9836;8.65;0.53;242.19;9.48;758;43;3377.00;112
8966;43;627676320;8966;300;9724;9836;8.60;0.53;242.19;9.48;758;43;3378.00;112
8969;43;627676328;8969;302;9724;9836;8.49;0.52;242.20;9.48;755;43;3379.00;112
8970;43;627676338;8970;298;9724;9836;8.33;0.51;242.18;9.48;754;43;3380.00;112
8974;43;627676348;8974;296;9727;9836;8.14;0.50;242.15;9.50;753;43;3381.00;109
8976;43;627676357;8976;291;9727;9836;8.04;0.49;242.11;9.50;751;43;3382.00;109
8979;43;627676367;8979;286;9728;9836;7.95;0.49;242.15;9.51;749;43;3383.00;108
8982;43;627676376;8982;291;9759;9906;8.06;0.50;242.13;9.48;777;43;3384.00;147
8983;43;627676392;8983;289;9760;9907;8.02;0.50;242.11;9.47;777;43;3385.00;147
8986;43;627676401;8986;287;9770;9907;8.03;0.50;242.08;9.47;784;43;3386.00;137
8990;43;627676411;8990;289;9784;9907;7.90;0.49;242.04;9.50;794;43;3387.00;123
8992;43;627676421;8992;292;9791;9907;7.84;0.48;242.02;9.50;799;43;3388.00;116
8995;43;627676431;8995;291;9798;9907;7.72;0.47;241.97;9.51;803;43;3389.00;109
8996;43;627676441;8996;293;9801;9907;7.62;0.47;241.97;9.51;805;43;3390.00;106
8997;43;627676451;8997;296;9803;9907;7.47;0.46;241.96;9.51;806;43;3391.00;104
9001;43;627676465;9001;301;9806;9908;7.33;0.45;241.91;9.51;805;43;3392.00;102
9004;43;627676475;9004;305;9807;9909;7.24;0.45;241.89;9.51;803;43;3393.00;102
9010;43;627676485;9010;311;9808;9909;7.07;0.43;241.97;9.52;798;43;3394.00;101
9017;43;627676495;9017;316;9812;9913;6.91;0.42;241.91;9.51;795;43;3395.00;101
9021;43;627676504;9021;320;9813;9913;6.73;0.41;241.89;9.52;792;43;3396.00;100
9024;43;627676514;9024;329;9813;9913;6.62;0.41;241.94;9.52;789;43;3397.00;100
9024;43;627676523;9024;336;9814;9913;6.52;0.40;241.94;9.52;790;43;3398.00;99
9026;43;627676532;9026;339;9818;9919;6.44;0.40;241.99;9.52;792;43;3399.00;101
9028;43;627676542;9028;340;9818;9919;6.34;0.39;241.99;9.52;790;43;3400.00;101
9031;43;627676563;9031;334;9820;9919;6.25;0.39;242.04;9.52;789;43;3401.00;99
9035;43;627676572;9035;331;9822;9922;6.21;0.38;241.96;9.52;787;43;3402.00;100
9039;43;627676582;9039;329;9822;9922;6.11;0.38;241.94;9.52;783;43;3403.00;100
9041;43;627676591;9041;321;9823;9922;6.04;0.37;241.97;9.52;782;43;3404.00;99
9044;43;627676601;9044;324;9823;9923;6.00;0.37;241.94;9.52;779;43;3405.00;100
9047;43;627676616;9047;330;9824;9924;6.02;0.37;241.92;9.52;777;43;3406.00;100
9049;43;627676626;9049;330;9825;9924;6.03;0.37;241.97;9.52;776;43;3407.00;99
9052;43;627676635;9052;324;9834;9937;6.17;0.38;241.93;9.51;782;43;3408.00;103
9057;43;627676646;9057;319;9834;9937;6.24;0.38;241.96;9.51;777;43;3409.00;103
9058;43;627676655;9058;316;9836;9937;6.32;0.38;241.98;9.51;778;43;3410.00;101
9060;43;627676664;9060;297;9837;9938;6.43;0.39;241.98;9.51;777;43;3411.00;101
9065;43;627676674;9065;280;9837;9938;6.53;0.40;241.99;9.51;772;43;3412.00;101
9066;43;627676684;9066;275;9841;9942;6.68;0.41;242.00;9.51;775;43;3413.00;101
9068;43;627676694;9068;271;9841;9942;6.76;0.41;241.95;9.51;773;43;3414.00;101
9073;43;627676705;9073;275;9844;9946;6.88;0.42;242.04;9.51;771;43;3415.00;102
9073;43;627676716;9073;268;9844;9946;7.06;0.43;242.04;9.51;771;43;3416.00;102
9077;43;627676726;9077;257;9844;9946;7.20;0.44;242.04;9.51;767;43;3417.00;102
9079;43;627676750;9079;252;9844;9946;7.36;0.45;242.08;9.51;765;43;3418.00;102
9081;43;627676759;9081;246;9844;9946;7.47;0.45;242.05;9.51;763;43;3419.00;102
9084;43;627676771;9084;245;9869;9980;7.74;0.47;242.06;9.48;785;43;3420.00;111
9086;43;627676783;9086;238;9871;9980;7.88;0.48;242.09;9.61;785;43;3421.00;109
9086;43;627676795;9086;232;9872;9980;8.04;0.49;242.09;9.61;786;43;3422.00;108
9091;43;627676804;9091;222;9872;9980;8.16;0.50;242.08;9.61;781;43;3423.00;108
9092;43;627676828;9092;218;9873;9980;8.25;0.50;242.09;9.61;781;43;3424.00;107
9093;43;627676838;9093;219;9873;9980;8.35;0.51;242.09;9.61;780;43;3425.00;107
9096;43;627676850;9096;215;9874;9981;8.40;0.51;242.07;9.61;778;43;3426.00;107
9100;43;627676860;9100;216;9874;9981;8.38;0.51;242.16;9.61;774;43;3427.00;107
9104;43;627676870;9104;216;9878;9987;8.45;0.51;242.15;9.60;774;43;3428.00;109
9108;43;627676881;9108;212;9879;9988;8.45;0.51;242.21;9.60;771;43;3429.00;109
9109;43;627676892;9109;210;9880;9988;8.51;0.52;242.20;9.60;771;43;3430.00;108
9113;43;627676903;9113;209;9880;9988;8.58;0.52;242.19;9.60;767;43;3431.00;108
9118;43;627676914;9118;203;9883;9992;8.60;0.53;242.26;9.60;765;43;3432.00;109
9121;43;627676925;9121;205;9883;9992;8.66;0.53;242.22;9.60;762;43;3433.00;109
9127;43;627676937;9127;208;9883;9992;8.80;0.54;242.15;9.60;756;43;3434.00;109
9130;43;627676947;9130;205;9884;9993;8.92;0.55;242.13;9.60;754;43;3435.00;109
9133;43;627676958;9133;206;9887;9997;8.97;0.55;242.12;9.59;754;43;3436.00;110
9136;43;627676970;9136;209;9887;9997;8.98;0.55;242.14;9.59;751;43;3437.00;110
9141;43;627676980;9141;211;9889;10000;8.96;0.55;242.14;9.59;748;43;3438.00;111
9144;43;627676992;9144;210;9890;10000;8.99;0.55;242.15;9.59;746;43;3439.00;110
9148;43;627677008;9148;212;9890;10000;9.03;0.55;242.14;9.59;742;43;3440.00;110
9152;43;627677019;9152;215;9890;10000;9.10;0.56;242.15;9.59;738;43;3441.00;110
9157;43;627677029;9157;218;9893;10004;9.20;0.56;242.22;9.59;736;43;3442.00;111
9163;43;627677040;9163;226;9893;10004;9.22;0.56;242.28;9.59;730;43;3443.00;111
9169;43;627677051;9169;221;9894;10004;9.30;0.57;242.25;9.59;725;43;3444.00;110
9171;43;627677063;9171;221;9894;10004;9.29;0.57;242.26;9.59;723;43;3445.00;110
9172;43;627677073;9172;222;9894;10005;9.29;0.57;242.28;9.59;722;43;3446.00;111
9178;43;627677086;9178;208;9895;10006;9.32;0.57;242.32;9.59;717;43;3447.00;111
9180;43;627677099;9180;198;9895;10006;9.36;0.57;242.32;9.59;715;43;3448.00;111
9184;43;627677110;9184;189;9896;10007;9.36;0.57;242.36;9.59;712;43;3449.00;111
9189;43;627677124;9189;180;9896;10007;9.43;0.57;242.51;9.59;707;43;3450.00;111
9192;43;627677136;9192;180;9896;10007;9.55;0.58;242.55;9.59;704;43;3451.00;111
9195;43;627677148;9195;179;9896;10007;9.65;0.59;242.59;9.59;701;43;3452.00;111
9198;43;627677159;9198;177;9896;10007;9.70;0.59;242.59;9.59;698;43;3453.00;111
9203;43;627677170;9203;179;9896;10007;9.71;0.59;242.71;9.59;693;43;3454.00;111
9208;43;627677181;9208;176;9896;10007;9.78;0.59;242.72;9.59;688;43;3455.00;111
9216;43;627677198;9216;189;9968;10134;9.84;0.60;242.75;9.52;752;43;3456.00;166
9220;43;627677219;9220;168;9970;10135;9.91;0.61;242.77;9.52;750;43;3457.00;165
9222;43;627677231;9222;147;9979;10135;10.14;0.62;242.82;9.51;757;43;3458.00;156
9224;43;627677243;9224;131;9983;10135;10.27;0.63;242.86;9.51;759;43;3459.00;152
9226;43;627677255;9226;125;9989;10135;10.43;0.64;242.86;9.50;763;43;3460.00;146
9230;43;627677267;9230;125;9992;10135;10.50;0.64;242.89;9.50;762;43;3461.00;143
9232;43;627677279;9232;125;9997;10135;10.62;0.65;242.91;9.50;765;43;3462.00;138
9233;43;627677292;9233;124;10000;10135;10.65;0.65;242.92;9.50;767;43;3463.00;135
9237;43;627677304;9237;122;10003;10136;10.66;0.65;242.99;9.50;766;43;3464.00;133
9239;43;627677322;9239;126;10006;10138;10.79;0.66;243.05;9.50;767;43;3465.00;132
9242;43;627677340;9242;128;10007;10138;10.90;0.67;243.05;9.50;765;43;3466.00;131
9243;43;627677353;9243;129;10008;10139;11.00;0.67;243.08;9.50;765;43;3467.00;131
9248;43;627677364;9248;135;10010;10139;11.05;0.68;243.07;9.50;762;43;3468.00;129
9250;43;627677376;9250;135;10011;10139;11.05;0.68;243.09;9.50;761;43;3469.00;128
9253;43;627677388;9253;132;10013;10139;11.07;0.68;243.10;9.50;760;43;3470.00;126
9254;43;627677400;9254;136;10015;10143;11.03;0.67;243.11;9.50;761;43;3471.00;128
9255;43;627677412;9255;138;10017;10143;11.07;0.68;243.11;9.50;762;43;3472.00;126
9258;43;627677424;9258;137;10018;10143;11.07;0.68;243.21;9.50;760;43;3473.00;125
9260;43;627677436;9260;133;10020;10146;11.10;0.68;243.23;9.50;760;43;3474.00;126
9265;43;627677448;9265;140;10021;10146;11.14;0.68;243.22;9.50;756;43;3475.00;125
9266;43;627677459;9266;147;10022;10146;11.23;0.68;243.24;9.50;756;43;3476.00;124
9268;43;627677471;9268;148;10026;10150;11.29;0.69;243.26;9.49;758;43;3477.00;124
9271;43;627677484;9271;152;10028;10151;11.38;0.69;243.26;9.49;757;43;3478.00;123
9272;43;627677496;9272;149;10028;10151;11.45;0.70;243.26;9.49;756;43;3479.00;123
9274;43;627677508;9274;148;10032;10156;11.48;0.70;243.27;9.49;758;43;3480.00;124
9277;43;627677520;9277;151;10032;10156;11.57;0.71;243.31;9.49;755;43;3481.00;124
9279;43;627677532;9279;148;10032;10156;11.64;0.71;243.29;9.49;753;43;3482.00;124
9282;43;627677549;9282;149;10033;10157;11.68;0.71;243.30;9.49;751;43;3483.00;124
9286;43;627677561;9286;151;10033;10157;11.66;0.71;243.33;9.49;747;43;3484.00;124
9287;43;627677572;9287;153;10037;10163;11.71;0.71;243.31;9.48;750;43;3485.00;126
9289;44;627677583;9289;155;10038;10163;11.67;0.71;243.31;9.48;749;44;3486.00;125
9291;44;627677611;9291;155;10038;10164;11.72;0.72;243.31;9.48;747;44;3487.00;126
9295;44;627677628;9295;153;10038;10164;11.69;0.71;243.30;9.48;743;44;3488.00;126
9300;44;627677645;9300;150;10039;10164;11.68;0.71;243.28;9.62;739;44;3489.00;125
9305;44;627677657;9305;145;10039;10164;11.67;0.71;243.30;9.62;734;44;3490.00;125
9306;44;627677668;9306;145;10039;10164;11.65;0.71;243.28;9.62;733;44;3491.00;125
9311;44;627677678;9311;143;10049;10176;11.62;0.71;243.30;9.61;738;44;3492.00;127
9316;44;627677690;9316;136;10050;10176;11.64;0.71;243.34;9.61;734;44;3493.00;126
9317;44;627677701;9317;134;10050;10176;11.67;0.71;243.34;9.61;733;44;3494.00;126
9322;44;627677717;9322;136;10050;10176;11.77;0.72;243.38;9.61;728;44;3495.00;126
9324;44;627677733;9324;136;10050;10176;11.85;0.72;243.41;9.61;726;44;3496.00;126
9327;44;627677749;9327;140;10050;10176;11.88;0.72;243.41;9.61;723;44;3497.00;126
9330;44;627677767;9330;138;10053;10180;11.87;0.72;243.41;9.60;723;44;3498.00;127
9333;45;627677783;9333;136;10053;10180;11.90;0.72;243.41;9.60;720;45;3499.00;127
9338;45;627677811;9338;137;10056;10184;11.91;0.72;243.41;9.60;718;45;3500.00;128
9341;45;627677835;9341;136;10057;10185;11.95;0.73;243.39;9.60;716;45;3501.00;128
9344;45;627677846;9344;133;10058;10185;11.90;0.72;243.38;9.60;714;45;3502.00;127
9348;45;627677856;9348;137;10059;10185;11.84;0.72;243.38;9.73;711;45;3503.00;126
9352;45;627677874;9352;137;10069;10198;11.77;0.72;243.39;9.72;717;45;3504.00;129
9354;45;627677886;9354;132;10070;10198;11.83;0.72;243.43;9.73;716;45;3505.00;128
9359;45;627677898;9359;128;10072;10198;11.81;0.72;243.48;9.88;713;45;3506.00;126
9365;45;627677909;9365;125;10073;10199;11.86;0.72;243.50;9.88;708;45;3507.00;126
9369;45;627677920;9369;122;10073;10200;11.89;0.72;243.52;9.88;704;45;3508.00;127
9370;45;627677930;9370;123;10073;10200;11.88;0.72;243.52;9.88;703;45;3509.00;127
9373;45;627677942;9373;123;10077;10206;11.87;0.72;243.49;10.01;704;45;3510.00;129
9377;45;627677952;9377;122;10078;10206;11.87;0.72;243.48;10.01;701;45;3511.00;128
9382;45;627677962;9382;126;10079;10206;11.94;0.73;243.52;10.01;697;45;3512.00;127
9386;45;627677973;9386;134;10079;10206;12.02;0.73;243.49;10.01;693;45;3513.00;127
9387;45;627677983;9387;135;10083;10212;12.06;0.73;243.52;10.00;696;45;3514.00;129
9391;45;627677994;9391;142;10084;10212;12.05;0.73;243.51;10.00;693;45;3515.00;128
9394;45;627678005;9394;139;10085;10212;12.04;0.73;243.51;10.00;691;45;3516.00;127
9397;45;627678015;9397;135;10086;10212;11.97;0.73;243.49;10.00;689;45;3517.00;126
9398;45;627678026;9398;136;10089;10216;11.88;0.72;243.54;10.00;691;45;3518.00;127
9400;45;627678037;9400;140;10091;10219;11.75;0.72;243.54;10.00;691;45;3519.00;128
9404;45;627678048;9404;145;10092;10219;11.57;0.70;243.57;10.00;688;45;3520.00;127
9406;45;627678058;9406;145;10093;10220;11.49;0.70;243.62;10.00;687;45;3521.00;127
9407;45;627678068;9407;153;10093;10220;11.41;0.69;243.69;10.00;686;45;3522.00;127
9409;45;627678078;9409;159;10093;10220;11.28;0.69;243.65;10.00;684;45;3523.00;127
9411;45;627678088;9411;165;10093;10220;11.18;0.68;243.64;10.00;682;45;3524.00;127
9415;45;627678098;9415;166;10094;10220;11.10;0.68;243.66;10.01;679;45;3525.00;126
9418;45;627678108;9418;171;10095;10220;10.98;0.67;243.63;10.02;677;45;3526.00;125
9423;45;627678118;9423;177;10095;10220;10.96;0.66;243.62;10.02;672;45;3527.00;125
9425;45;627678128;9425;186;10131;10290;10.96;0.67;243.59;9.98;706;45;3528.00;159
9427;45;627678151;9427;192;10132;10291;10.79;0.66;243.66;10.00;705;45;3529.00;159
9427;45;627678162;9427;193;10141;10291;10.68;0.65;243.66;10.00;714;45;3530.00;150
9428;45;627678172;9428;195;10146;10291;10.57;0.64;243.67;10.00;718;45;3531.00;145
9430;45;627678182;9430;201;10150;10291;10.50;0.64;243.68;10.00;720;45;3532.00;141
9432;45;627678193;9432;206;10153;10291;10.44;0.64;243.68;10.02;721;45;3533.00;138
9435;45;627678208;9435;212;10156;10291;10.39;0.63;243.64;10.02;721;45;3534.00;135
9437;45;627678218;9437;216;10160;10291;10.33;0.63;243.61;10.04;723;45;3535.00;131
9439;45;627678227;9439;220;10162;10292;10.29;0.63;243.57;10.04;723;45;3536.00;130
9440;45;627678237;9440;224;10167;10293;10.22;0.63;243.56;10.05;727;45;3537.00;126
9444;45;627678248;9444;227;10169;10293;10.09;0.62;243.49;10.06;725;45;3538.00;124
9444;45;627678259;9444;230;10175;10297;9.96;0.61;243.49;10.07;731;45;3539.00;122
9445;45;627678270;9445;238;10175;10297;9.79;0.60;243.48;10.07;730;45;3540.00;122
9446;45;627678280;9446;250;10177;10297;9.63;0.59;243.47;10.09;731;45;3541.00;120
9448;45;627678288;9448;256;10177;10297;9.39;0.58;243.46;10.09;729;45;3542.00;120
9449;45;627678304;9449;264;10183;10303;9.26;0.57;243.44;10.10;734;45;3543.00;120
9452;45;627678314;9452;274;10184;10303;9.06;0.56;243.43;10.10;732;45;3544.00;119
9455;45;627678324;9455;285;10186;10303;8.88;0.55;243.44;10.12;731;45;3545.00;117
9457;45;627678334;9457;294;10190;10306;8.77;0.54;243.42;10.13;733;45;3546.00;116
9458;45;627678346;9458;300;10191;10306;8.60;0.53;243.40;10.13;733;45;3547.00;115
9461;45;627678355;9461;311;10192;10306;8.35;0.51;243.36;10.14;731;45;3548.00;114
9461;45;627678364;9461;309;10193;10307;8.13;0.50;243.36;10.14;732;45;3549.00;114
9463;45;627678372;9463;312;10194;10308;7.95;0.49;243.32;10.14;731;45;3550.00;114
9463;45;627678382;9463;311;10195;10308;7.73;0.48;243.32;10.15;732;45;3551.00;113
9466;45;627678392;9466;318;10207;10321;7.62;0.47;243.29;10.14;741;45;3552.00;114
9468;45;627678404;9468;324;10208;10321;7.51;0.46;243.27;10.15;740;45;3553.00;113
9471;45;627678413;9471;322;10209;10321;7.40;0.45;243.22;10.15;738;45;3554.00;112
9474;45;627678421;9474;321;10211;10323;7.29;0.45;243.18;10.15;737;45;3555.00;112
9475;45;627678430;9475;318;10213;10323;7.25;0.44;243.18;10.16;738;45;3556.00;110
9478;45;627678439;9478;327;10216;10327;7.23;0.44;243.19;10.15;738;45;3557.00;111
9478;45;627678447;9478;325;10217;10327;7.19;0.44;243.19;10.16;739;45;3558.00;110
9482;45;627678456;9482;324;10221;10331;7.12;0.43;243.17;10.16;739;45;3559.00;110
9483;45;627678465;9483;321;10221;10331;7.01;0.43;243.16;10.16;738;45;3560.00;110
9486;45;627678476;9486;324;10224;10331;6.86;0.42;243.14;10.19;738;45;3561.00;107
9488;45;627678484;9488;325;10225;10331;6.74;0.41;243.14;10.20;737;45;3562.00;106
9491;45;627678492;9491;325;10226;10331;6.62;0.40;243.14;10.20;735;45;3563.00;105
9493;45;627678500;9493;312;10237;10343;6.68;0.41;243.11;10.20;744;45;3564.00;106
9496;45;627678509;9496;303;10238;10343;6.65;0.41;243.09;10.20;742;45;3565.00;105
9496;45;627678519;9496;297;10240;10343;6.64;0.40;243.09;10.21;744;45;3566.00;103
9500;45;627678527;9500;284;10240;10343;6.61;0.40;243.07;10.21;740;45;3567.00;103
9505;45;627678536;9505;285;10240;10343;6.49;0.40;243.22;10.21;735;45;3568.00;103
9506;45;627678544;9506;284;10242;10343;6.48;0.40;243.23;10.22;736;45;3569.00;101
9508;45;627678554;9508;281;10242;10344;6.50;0.40;243.27;10.22;734;45;3570.00;102
9510;45;627678563;9510;275;10244;10344;6.48;0.40;243.26;10.23;734;45;3571.00;100
9513;45;627678571;9513;273;10248;10350;6.58;0.40;243.25;10.23;735;45;3572.00;102
9516;45;627678580;9516;273;10250;10351;6.67;0.41;243.27;10.23;734;45;3573.00;101
9518;45;627678588;9518;267;10252;10351;6.68;0.41;243.27;10.24;734;45;3574.00;99
9521;45;627678598;9521;265;10252;10351;6.75;0.41;243.27;10.24;731;45;3575.00;99
9523;45;627678606;9523;256;10257;10355;6.92;0.42;243.27;10.24;734;45;3576.00;98
9526;45;627678616;9526;255;10257;10355;7.04;0.43;243.30;10.24;731;45;3577.00;98
9527;45;627678626;9527;244;10257;10355;7.12;0.44;243.28;10.24;730;45;3578.00;98
9530;45;627678634;9530;239;10258;10356;7.18;0.44;243.31;10.24;728;45;3579.00;98
9533;45;627678644;9533;233;10261;10360;7.28;0.44;243.31;10.24;728;45;3580.00;99
9534;45;627678659;9534;230;10261;10360;7.48;0.46;243.31;10.24;727;45;3581.00;99
9536;45;627678669;9536;229;10263;10363;7.64;0.47;243.35;10.23;727;45;3582.00;100
9541;45;627678678;9541;223;10264;10363;7.78;0.47;243.33;10.23;723;45;3583.00;99
9544;45;627678688;9544;227;10264;10363;7.89;0.48;243.37;10.23;720;45;3584.00;99
9545;45;627678697;9545;219;10264;10363;7.92;0.48;243.36;10.23;719;45;3585.00;99
9548;45;627678708;9548;220;10267;10367;8.07;0.49;243.34;10.23;719;45;3586.00;100
9551;45;627678718;9551;212;10267;10367;8.16;0.50;243.40;10.23;716;45;3587.00;100
9555;45;627678727;9555;207;10268;10367;8.25;0.50;243.41;10.23;713;45;3588.00;99
9558;45;627678737;9558;200;10268;10367;8.37;0.51;243.47;10.23;710;45;3589.00;99
9561;45;627678747;9561;199;10268;10368;8.48;0.52;243.52;10.23;707;45;3590.00;100
9565;45;627678757;9565;195;10270;10369;8.59;0.52;243.59;10.37;705;45;3591.00;99
9570;45;627678768;9570;197;10270;10369;8.66;0.53;243.62;10.37;700;45;3592.00;99
9575;45;627678778;9575;198;10271;10370;8.65;0.53;243.63;10.37;696;45;3593.00;99
9579;45;627678788;9579;190;10271;10370;8.60;0.53;243.62;10.37;692;45;3594.00;99
9582;45;627678798;9582;188;10271;10370;8.62;0.53;243.62;10.37;689;45;3595.00;99
9587;45;627678807;9587;186;10271;10370;8.61;0.53;243.63;10.37;684;45;3596.00;99
9590;45;627678817;9590;191;10271;10370;8.64;0.53;243.62;10.37;681;45;3597.00;99
9594;45;627678827;9594;188;10271;10370;8.66;0.53;243.63;10.37;677;45;3598.00;99
9597;45;627678837;9597;182;10271;10370;8.71;0.53;243.64;10.37;674;45;3599.00;99
9602;45;627678849;9602;216;10385;10623;8.81;0.55;243.63;10.25;783;45;3600.00;238
9607;45;627678881;9607;210;10391;10624;8.79;0.55;243.59;10.25;784;45;3601.00;233
9611;45;627678893;9611;195;10401;10624;8.84;0.55;243.60;10.24;790;45;3602.00;223
9616;45;627678903;9616;192;10410;10624;8.88;0.55;243.59;10.23;794;45;3603.00;214
9623;45;627678914;9623;201;10417;10624;8.90;0.55;243.60;10.23;794;45;3604.00;207
9627;45;627678925;9627;194;10425;10624;8.89;0.55;243.65;10.22;798;45;3605.00;199
9632;45;627678938;9632;201;10431;10624;8.86;0.55;243.64;10.22;799;45;3606.00;193
9635;45;627678953;9635;204;10436;10624;8.88;0.55;243.67;10.22;801;45;3607.00;188
9642;45;627678965;9642;208;10438;10625;8.86;0.55;243.66;10.22;796;45;3608.00;187
9643;45;627678976;9643;209;10445;10626;8.89;0.55;243.66;10.22;802;45;3609.00;181
9645;45;627678988;9645;214;10448;10626;8.95;0.55;243.71;10.22;803;45;3610.00;178
9647;45;627678999;9647;214;10452;10627;9.00;0.56;243.78;10.22;805;45;3611.00;175
9652;45;627679011;9652;216;10454;10627;8.97;0.55;243.77;10.22;802;45;3612.00;173
9654;45;627679022;9654;207;10455;10627;8.99;0.55;243.78;10.22;801;45;3613.00;172
9657;45;627679033;9657;213;10457;10627;8.98;0.55;243.85;10.22;800;45;3614.00;170
9660;45;627679045;9660;215;10462;10631;8.91;0.55;243.92;10.22;802;45;3615.00;169
9664;45;627679057;9664;223;10465;10631;8.89;0.55;243.97;10.22;801;45;3616.00;166
9668;45;627679068;9668;221;10468;10631;8.84;0.54;244.02;10.22;800;45;3617.00;163
9672;45;627679085;9672;221;10471;10634;8.86;0.55;244.05;10.22;799;45;3618.00;163
9675;45;627679102;9675;223;10472;10634;8.91;0.55;244.08;10.22;797;45;3619.00;162
9679;45;627679119;9679;224;10472;10634;9.02;0.55;244.08;10.22;793;45;3620.00;162
9683;45;627679131;9683;227;10479;10638;9.03;0.55;244.09;10.23;796;45;3621.00;159
9689;45;627679144;9689;228;10480;10639;9.17;0.56;244.22;10.23;791;45;3622.00;159
9694;45;627679156;9694;233;10482;10639;9.28;0.57;244.26;10.23;788;45;3623.00;157
9698;45;627679168;9698;238;10486;10643;9.40;0.57;244.29;10.23;788;45;3624.00;157
9705;45;627679181;9705;231;10488;10643;9.43;0.58;244.31;10.23;783;45;3625.00;155
9705;45;627679199;9705;216;10490;10643;9.58;0.59;244.31;10.23;785;45;3626.00;153
9708;45;627679211;9708;208;10491;10644;9.73;0.59;244.34;10.23;783;45;3627.00;153
9711;45;627679229;9711;196;10494;10644;9.86;0.60;244.33;10.23;783;45;3628.00;150
9713;45;627679241;9713;184;10497;10650;10.04;0.61;244.36;10.23;784;45;3629.00;153
9715;45;627679256;9715;183;10499;10650;10.21;0.62;244.36;10.23;784;45;3630.00;151
9719;46;627679269;9719;174;10499;10651;10.34;0.63;244.37;10.23;780;46;3631.00;152
9723;46;627679297;9723;170;10500;10651;10.50;0.64;244.39;10.23;777;46;3632.00;151
9727;46;627679309;9727;169;10501;10651;10.67;0.65;244.42;10.24;774;46;3633.00;150
9730;46;627679322;9730;165;10502;10651;10.82;0.66;244.43;10.24;772;46;3634.00;149
9731;46;627679334;9731;164;10502;10651;10.94;0.66;244.45;10.24;771;46;3635.00;149
9733;46;627679347;9733;160;10512;10663;11.03;0.67;244.48;10.23;779;46;3636.00;151
9735;46;627679360;9735;160;10512;10663;11.10;0.67;244.49;10.23;777;46;3637.00;151
9739;46;627679378;9739;158;10513;10663;11.18;0.68;244.48;10.23;774;46;3638.00;150
9741;46;627679391;9741;160;10514;10663;11.23;0.68;244.52;10.23;773;46;3639.00;149
9744;46;627679414;9744;160;10515;10663;11.35;0.69;244.51;10.23;771;46;3640.00;148
9747;46;627679431;9747;163;10515;10663;11.44;0.70;244.52;10.23;768;46;3641.00;148
9750;46;627679443;9750;165;10518;10667;11.46;0.70;244.51;10.23;768;46;3642.00;149
9753;46;627679455;9753;166;10518;10667;11.48;0.70;244.54;10.23;765;46;3643.00;149
9756;46;627679474;9756;164;10522;10671;11.52;0.70;244.53;10.22;766;46;3644.00;149
9757;46;627679486;9757;165;10525;10673;11.57;0.70;244.55;10.22;768;46;3645.00;148
9762;46;627679497;9762;165;10525;10673;11.63;0.71;244.68;10.22;763;46;3646.00;148
9766;46;627679509;9766;169;10525;10673;11.69;0.71;244.73;10.22;759;46;3647.00;148
9768;46;627679521;9768;173;10533;10686;11.76;0.72;244.73;10.22;765;46;3648.00;153
9771;46;627679534;9771;174;10533;10686;11.84;0.72;244.76;10.22;762;46;3649.00;153
9774;46;627679545;9774;179;10533;10686;11.91;0.73;244.82;10.22;759;46;3650.00;153
9778;46;627679556;9778;182;10536;10687;11.93;0.73;244.83;10.22;758;46;3651.00;151
9783;46;627679567;9783;179;10537;10688;11.91;0.72;244.81;10.22;754;46;3652.00;151
9786;46;627679578;9786;174;10537;10688;11.87;0.72;244.83;10.22;751;46;3653.00;151
9789;46;627679595;9789;171;10539;10691;11.81;0.72;244.84;10.22;750;46;3654.00;152
9792;46;627679607;9792;171;10539;10691;11.69;0.71;244.81;10.22;747;46;3655.00;152
9795;46;627679617;9795;172;10540;10691;11.64;0.71;244.79;10.22;745;46;3656.00;151
9798;46;627679628;9798;171;10540;10691;11.64;0.71;244.80;10.22;742;46;3657.00;151
9800;46;627679644;9800;174;10544;10697;11.63;0.71;244.79;10.21;744;46;3658.00;153
9801;46;627679656;9801;176;10544;10697;11.60;0.71;244.79;10.21;743;46;3659.00;153
9805;46;627679669;9805;173;10545;10697;11.57;0.70;244.78;10.21;740;46;3660.00;152
9808;46;627679679;9808;179;10545;10697;11.49;0.70;244.77;10.21;737;46;3661.00;152
9811;46;627679690;9811;175;10549;10701;11.34;0.69;244.78;10.35;738;46;3662.00;152
9813;46;627679702;9813;176;10550;10702;11.25;0.68;244.79;10.35;737;46;3663.00;152
9816;46;627679718;9816;175;10550;10702;11.15;0.68;244.79;10.35;734;46;3664.00;152
9818;46;627679733;9818;181;10551;10703;11.13;0.68;244.80;10.35;733;46;3665.00;152
9820;46;627679751;9820;183;10551;10703;11.15;0.68;244.77;10.35;731;46;3666.00;152
9824;46;627679772;9824;184;10551;10703;11.14;0.68;244.76;10.35;727;46;3667.00;152
9826;46;627679787;9826;185;10552;10703;11.11;0.68;244.75;10.36;726;46;3668.00;151
9834;46;627679802;9834;184;10552;10703;11.06;0.67;244.71;10.36;718;46;3669.00;151
9838;46;627679819;9838;185;10552;10703;10.98;0.67;244.71;10.36;714;46;3670.00;151
9842;46;627679831;9842;184;10552;10703;10.90;0.66;244.67;10.36;710;46;3671.00;151
9845;46;627679842;9845;187;10581;10773;10.82;0.66;244.75;10.33;736;46;3672.00;192
9849;47;627679859;9849;184;10581;10774;10.75;0.66;244.71;10.33;732;47;3673.00;193
9852;47;627679894;9852;184;10590;10774;10.75;0.65;244.72;10.33;738;47;3674.00;184
9857;47;627679906;9857;178;10593;10774;10.59;0.64;244.78;10.34;736;47;3675.00;181
9857;47;627679927;9857;177;10600;10774;10.54;0.64;244.78;10.34;743;47;3676.00;174
9860;47;627679937;9860;175;10604;10774;10.52;0.64;244.81;10.48;744;47;3677.00;170
9862;47;627679949;9862;177;10609;10774;10.51;0.64;244.80;10.48;747;47;3678.00;165
9865;47;627679960;9865;176;10611;10774;10.47;0.63;244.82;10.48;746;47;3679.00;163
9870;47;627679977;9870;173;10613;10775;10.45;0.63;244.81;10.48;743;47;3680.00;162
9870;47;627679988;9870;169;10614;10776;10.48;0.63;244.81;10.48;744;47;3681.00;162
9872;47;627679999;9872;164;10616;10776;10.41;0.63;244.77;10.62;744;47;3682.00;160
9874;47;627680009;9874;157;10619;10780;10.29;0.62;244.76;10.62;745;47;3683.00;161
9874;47;627680021;9874;157;10619;10780;10.20;0.62;244.76;10.62;745;47;3684.00;161
9875;47;627680032;9875;159;10619;10780;10.09;0.61;244.74;10.62;744;47;3685.00;161
9876;47;627680042;9876;163;10620;10780;10.03;0.61;244.73;10.76;744;47;3686.00;160
9879;47;627680053;9879;171;10626;10786;9.99;0.61;244.69;10.77;747;47;3687.00;160
9881;47;627680065;9881;180;10627;10786;10.05;0.61;244.69;10.77;746;47;3688.00;159
9881;47;627680075;9881;179;10627;10786;10.00;0.61;244.69;10.77;746;47;3689.00;159
9883;47;627680087;9883;182;10631;10792;9.95;0.60;244.68;10.77;748;47;3690.00;161
9886;47;627680099;9886;189;10631;10792;9.89;0.60;244.64;10.77;745;47;3691.00;161
9887;47;627680110;9887;196;10634;10792;9.85;0.60;244.63;10.78;747;47;3692.00;158
9891;47;627680120;9891;201;10634;10793;9.69;0.59;244.57;10.78;743;47;3693.00;159
9894;47;627680131;9894;206;10638;10794;9.59;0.58;244.53;10.78;744;47;3694.00;156
9894;47;627680142;9894;218;10640;10794;9.49;0.58;244.53;10.79;746;47;3695.00;154
9895;47;627680152;9895;225;10649;10807;9.39;0.57;244.51;10.78;754;47;3696.00;158
9901;47;627680164;9901;230;10649;10807;9.25;0.56;244.46;10.78;748;47;3697.00;158
9902;47;627680174;9902;241;10652;10807;9.06;0.55;244.45;10.79;750;47;3698.00;155
9903;47;627680190;9903;247;10654;10808;8.95;0.54;244.45;10.79;751;47;3699.00;154
9903;47;627680202;9903;261;10658;10808;8.80;0.53;244.45;10.82;755;47;3700.00;150
9905;47;627680218;9905;266;10661;10812;8.71;0.53;244.45;10.82;756;47;3701.00;151
9910;47;627680229;9910;277;10662;10812;8.57;0.52;244.41;10.82;752;47;3702.00;150
9912;47;627680240;9912;279;10666;10816;8.48;0.51;244.39;10.83;754;47;3703.00;150
9915;47;627680252;9915;284;10667;10816;8.35;0.51;244.35;10.84;752;47;3704.00;149
9916;47;627680262;9916;290;10667;10816;8.27;0.50;244.33;10.84;751;47;3705.00;149
9917;47;627680271;9917;303;10669;10816;8.20;0.50;244.31;10.86;752;47;3706.00;147
9919;47;627680280;9919;305;10670;10816;8.10;0.49;244.29;10.87;751;47;3707.00;146
9921;47;627680290;9921;313;10681;10828;8.06;0.49;244.24;10.87;760;47;3708.00;147
9922;47;627680300;9922;313;10683;10828;7.97;0.49;244.23;10.88;761;47;3709.00;145
9923;47;627680309;9923;321;10685;10828;7.91;0.48;244.24;10.90;762;47;3710.00;143
9924;47;627680319;9924;321;10685;10828;7.86;0.48;244.24;10.90;761;47;3711.00;143
9924;47;627680328;9924;330;10688;10828;7.83;0.48;244.24;10.93;764;47;3712.00;140
9926;47;627680337;9926;336;10690;10828;7.78;0.48;244.25;10.95;764;47;3713.00;138
9926;47;627680347;9926;345;10692;10829;7.73;0.47;244.25;10.95;766;47;3714.00;137
9927;47;627680357;9927;337;10693;10829;7.64;0.47;244.24;10.96;766;47;3715.00;136
9929;47;627680366;9929;328;10698;10835;7.64;0.47;244.22;10.97;769;47;3716.00;137
9930;47;627680377;9930;331;10701;10836;7.62;0.47;244.22;10.97;771;47;3717.00;135
9933;47;627680387;9933;327;10704;10836;7.59;0.46;244.21;10.98;771;47;3718.00;132
9935;47;627680398;9935;321;10705;10836;7.60;0.47;244.26;10.99;770;47;3719.00;131
9938;48;627680409;9938;315;10709;10841;7.64;0.47;244.31;10.99;771;48;3720.00;132
9938;48;627680434;9938;307;10710;10841;7.64;0.47;244.31;11.00;772;48;3721.00;131
9939;48;627680445;9939;301;10711;10841;7.69;0.47;244.31;11.01;772;48;3722.00;130
9941;48;627680456;9941;300;10713;10842;7.76;0.48;244.28;11.02;772;48;3723.00;129
9942;48;627680467;9942;298;10718;10846;7.76;0.48;244.27;11.03;776;48;3724.00;128
9944;48;627680486;9944;295;10719;10846;7.85;0.48;244.26;11.04;775;48;3725.00;127
9945;48;627680496;9945;285;10722;10849;7.97;0.49;244.26;11.04;777;48;3726.00;127
9948;48;627680515;9948;281;10725;10849;8.04;0.49;244.22;11.06;777;48;3727.00;124
9949;48;627680525;9949;278;10725;10849;8.14;0.50;244.21;11.06;776;48;3728.00;124
9951;48;627680536;9951;268;10725;10849;8.22;0.50;244.19;11.06;774;48;3729.00;124
9952;48;627680546;9952;267;10730;10853;8.26;0.51;244.18;11.06;778;48;3730.00;123
9954;48;627680556;9954;266;10730;10853;8.24;0.50;244.16;11.06;776;48;3731.00;123
9955;48;627680566;9955;261;10731;10853;8.24;0.50;244.15;11.06;776;48;3732.00;122
9959;48;627680576;9959;259;10733;10853;8.04;0.49;244.16;11.07;774;48;3733.00;120
9960;48;627680586;9960;253;10733;10854;7.93;0.48;244.15;11.07;773;48;3734.00;121
9963;48;627680597;9963;256;10735;10856;7.85;0.48;244.13;11.07;772;48;3735.00;121
9964;48;627680607;9964;259;10737;10856;7.73;0.47;244.14;11.08;773;48;3736.00;119
9966;48;627680616;9966;261;10738;10857;7.68;0.47;244.17;11.08;772;48;3737.00;119
9969;48;627680626;9969;260;10739;10857;7.65;0.47;244.17;11.09;770;48;3738.00;118
9971;48;627680635;9971;263;10739;10857;7.63;0.47;244.19;11.09;768;48;3739.00;118
9973;48;627680644;9973;259;10740;10857;7.57;0.47;244.19;11.10;767;48;3740.00;117
9979;48;627680654;9979;247;10740;10857;7.47;0.46;244.22;11.10;761;48;3741.00;117
9983;48;627680664;9983;246;10740;10857;7.42;0.46;244.22;11.10;757;48;3742.00;117
9986;48;627680674;9986;244;10741;10857;7.45;0.46;244.20;11.10;755;48;3743.00;116
9989;48;627680684;9989;259;10812;10984;7.79;0.49;244.21;11.03;823;48;3744.00;172
9992;48;627680705;9992;254;10816;10985;7.87;0.49;244.21;11.03;824;48;3745.00;169
9995;48;627680719;9995;253;10825;10985;7.93;0.49;244.26;11.03;830;48;3746.00;160
9999;48;627680730;9999;247;10829;10985;8.01;0.50;244.24;11.02;830;48;3747.00;156
10001;48;627680740;10001;240;10833;10985;8.21;0.51;244.25;11.02;832;48;3748.00;152
10007;48;627680751;10007;235;10838;10985;8.26;0.51;244.29;11.02;831;48;3749.00;147
10011;48;627680764;10011;229;10844;10990;8.27;0.51;244.26;11.02;833;48;3750.00;146
10016;48;627680775;10016;230;10849;10990;8.27;0.51;244.29;11.02;833;48;3751.00;141
10018;48;627680786;10018;229;10852;10991;8.29;0.51;244.29;11.02;834;48;3752.00;139
10023;48;627680797;10023;231;10857;10992;8.28;0.51;244.36;11.02;834;48;3753.00;135
10026;48;627680807;10026;227;10858;10992;8.33;0.51;244.38;11.02;832;48;3754.00;134
10029;48;627680818;10029;226;10859;10993;8.42;0.52;244.37;11.02;830;48;3755.00;134
10033;48;627680829;10033;226;10861;10993;8.58;0.53;244.39;11.02;828;48;3756.00;132
10038;48;627680840;10038;225;10862;10993;8.64;0.53;244.38;11.02;824;48;3757.00;131
10045;48;627680851;10045;232;10864;10993;8.70;0.53;244.37;11.02;819;48;3758.00;129
10050;48;627680862;10050;226;10867;10997;8.73;0.54;244.36;11.02;817;48;3759.00;130
10053;48;627680873;10053;224;10869;10997;8.81;0.54;244.37;11.02;816;48;3760.00;128
10057;48;627680884;10057;227;10869;10997;8.83;0.54;244.46;11.02;812;48;3761.00;128
10060;48;627680896;10060;225;10872;11000;8.83;0.54;244.47;11.02;812;48;3762.00;128
10066;48;627680913;10066;221;10873;11000;8.79;0.54;244.49;11.02;807;48;3763.00;127
10068;48;627680925;10068;223;10874;11000;8.79;0.54;244.50;11.02;806;48;3764.00;126
10073;48;627680937;10073;219;10877;11004;8.85;0.54;244.57;11.01;804;48;3765.00;127
10081;48;627680948;10081;227;10878;11005;8.84;0.54;244.59;11.01;797;48;3766.00;127
10087;48;627680960;10087;224;10878;11005;8.85;0.54;244.55;11.01;791;48;3767.00;127
10090;48;627680972;10090;221;10880;11009;8.92;0.55;244.60;11.01;790;48;3768.00;129
10096;48;627680989;10096;221;10881;11009;8.94;0.55;244.61;11.01;785;48;3769.00;128
10100;48;627681005;10100;229;10882;11009;8.99;0.55;244.57;11.01;782;48;3770.00;127
10103;48;627681016;10103;228;10883;11010;9.11;0.56;244.60;11.01;780;48;3771.00;127
10109;48;627681028;10109;227;10885;11010;9.18;0.56;244.60;11.01;776;48;3772.00;125
10114;48;627681040;10114;225;10888;11016;9.18;0.56;244.69;11.01;774;48;3773.00;128
10119;48;627681052;10119;221;10888;11016;9.22;0.56;244.71;11.01;769;48;3774.00;128
10124;48;627681063;10124;219;10889;11017;9.25;0.56;244.75;11.01;765;48;3775.00;128
10127;49;627681075;10127;219;10890;11017;9.31;0.57;244.74;11.01;763;49;3776.00;127
10132;49;627681093;10132;213;10890;11017;9.39;0.57;244.75;11.01;758;49;3777.00;127
10136;49;627681108;10136;209;10891;11017;9.39;0.57;244.76;11.01;755;49;3778.00;126
10140;49;627681121;10140;207;10891;11017;9.36;0.57;244.76;11.01;751;49;3779.00;126
10145;49;627681133;10145;220;10915;11053;9.48;0.58;244.79;10.98;770;49;3780.00;138
10147;49;627681148;10147;220;10917;11053;9.45;0.58;244.80;10.98;770;49;3781.00;136
10149;49;627681158;10149;220;10918;11053;9.49;0.58;244.81;10.98;769;49;3782.00;135
10154;49;627681170;10154;225;10918;11053;9.46;0.58;244.84;10.98;764;49;3783.00;135
10158;49;627681181;10158;227;10919;11053;9.48;0.58;244.84;10.98;761;49;3784.00;134
10160;49;627681192;10160;234;10920;11053;9.46;0.58;244.86;10.98;760;49;3785.00;133
10165;49;627681204;10165;241;10924;11057;9.42;0.57;244.84;10.98;759;49;3786.00;133
10169;49;627681215;10169;232;10924;11057;9.45;0.58;244.94;10.98;755;49;3787.00;133
10173;49;627681227;10173;229;10928;11061;9.42;0.58;244.91;10.97;755;49;3788.00;133
10177;49;627681239;10177;224;10929;11062;9.44;0.58;245.00;10.97;752;49;3789.00;133
10182;49;627681251;10182;221;10930;11062;9.47;0.58;245.02;10.97;748;49;3790.00;132
10185;49;627681262;10185;219;10930;11062;9.46;0.58;245.05;10.97;745;49;3791.00;132
10188;49;627681274;10188;213;10940;11075;9.54;0.58;245.09;10.96;752;49;3792.00;135
10190;49;627681285;10190;214;10941;11075;9.55;0.58;245.08;11.11;751;49;3793.00;134
10194;49;627681297;10194;215;10942;11075;9.57;0.58;245.09;11.11;748;49;3794.00;133
10197;49;627681309;10197;212;10943;11076;9.52;0.58;245.10;11.11;746;49;3795.00;133
10200;49;627681331;10200;201;10943;11077;9.56;0.58;245.10;11.11;743;49;3796.00;134
10203;49;627681343;10203;193;10943;11077;9.65;0.59;245.10;11.11;740;49;3797.00;134
10207;49;627681354;10207;183;10945;11080;9.81;0.60;245.07;11.10;738;49;3798.00;135
10209;49;627681365;10209;178;10946;11080;9.86;0.60;245.06;11.10;737;49;3799.00;134
10212;49;627681377;10212;166;10946;11080;9.90;0.60;245.10;11.10;734;49;3800.00;134
10214;49;627681393;10214;164;10946;11080;9.99;0.61;245.09;11.10;732;49;3801.00;134
10216;49;627681404;10216;159;10950;11086;10.09;0.61;245.07;11.10;734;49;3802.00;136
10218;49;627681416;10218;156;10951;11086;10.23;0.62;245.07;11.10;733;49;3803.00;135
10220;49;627681428;10220;155;10951;11086;10.33;0.63;245.07;11.10;731;49;3804.00;135
10221;49;627681439;10221;159;10951;11086;10.37;0.63;245.07;11.10;730;49;3805.00;135
10228;49;627681450;10228;158;10954;11090;10.31;0.63;245.07;11.10;726;49;3806.00;136
10231;49;627681462;10231;153;10955;11091;10.35;0.63;245.10;11.10;724;49;3807.00;136
10231;49;627681474;10231;162;10955;11091;10.39;0.64;245.10;11.10;724;49;3808.00;136
10235;49;627681485;10235;150;10956;11092;10.46;0.64;245.18;11.09;721;49;3809.00;136
10240;49;627681498;10240;148;10956;11092;10.48;0.64;245.18;11.09;716;49;3810.00;136
10244;49;627681514;10244;147;10956;11092;10.51;0.64;245.19;11.09;712;49;3811.00;136
10247;49;627681526;10247;145;10956;11092;10.65;0.65;245.18;11.09;709;49;3812.00;136
10251;49;627681536;10251;148;10956;11092;10.70;0.65;245.23;11.09;705;49;3813.00;136
10253;49;627681547;10253;148;10956;11092;10.77;0.66;245.26;11.09;703;49;3814.00;136
10257;49;627681558;10257;152;10956;11092;10.83;0.66;245.27;11.09;699;49;3815.00;136
10260;49;627681568;10260;166;10994;11162;10.68;0.65;245.26;11.06;734;49;3816.00;168
10265;49;627681584;10265;162;10994;11163;10.76;0.66;245.28;11.06;729;49;3817.00;169
10269;49;627681594;10269;160;11002;11163;10.85;0.66;245.34;11.05;733;49;3818.00;161
10272;49;627681611;10272;160;11003;11163;10.96;0.67;245.40;11.05;731;49;3819.00;160
10276;49;627681621;10276;166;11008;11163;11.04;0.67;245.44;11.05;732;49;3820.00;155
10282;49;627681632;10282;169;11010;11163;11.16;0.68;245.45;11.04;728;49;3821.00;153
10283;49;627681642;10283;173;11014;11163;11.35;0.69;245.45;11.04;731;49;3822.00;149
10287;49;627681658;10287;175;11015;11163;11.43;0.70;245.45;11.04;728;49;3823.00;148
10290;49;627681669;10290;177;11018;11164;11.44;0.70;245.44;11.04;728;49;3824.00;146
10291;49;627681680;10291;179;11021;11166;11.40;0.69;245.46;11.04;730;49;3825.00;145
10296;49;627681691;10296;180;11023;11166;11.34;0.69;245.43;11.04;727;49;3826.00;143
10301;49;627681701;10301;183;11026;11170;11.24;0.68;245.44;11.04;725;49;3827.00;144
10303;49;627681714;10303;188;11026;11170;11.26;0.68;245.42;11.04;723;49;3828.00;144
10307;49;627681731;10307;192;11026;11170;11.17;0.68;245.41;11.04;719;49;3829.00;144
10307;49;627681747;10307;192;11026;11170;11.14;0.68;245.41;11.04;719;49;3830.00;144
10311;49;627681762;10311;196;11029;11176;11.09;0.67;245.37;11.03;718;49;3831.00;147
10312;49;627681779;10312;206;11029;11176;11.03;0.67;245.37;11.03;717;49;3832.00;147
10315;49;627681793;10315;208;11030;11176;11.01;0.67;245.44;11.03;715;49;3833.00;146
10317;49;627681809;10317;206;11032;11179;10.96;0.67;245.42;11.03;715;49;3834.00;147
10318;49;627681826;10318;213;11033;11179;10.92;0.66;245.42;11.03;715;49;3835.00;146
10319;49;627681838;10319;211;11033;11179;10.90;0.66;245.41;11.03;714;49;3836.00;146
10320;49;627681849;10320;214;11033;11180;10.90;0.66;245.41;11.03;713;49;3837.00;147
10322;49;627681861;10322;218;11034;11181;10.88;0.66;245.37;11.03;712;49;3838.00;147
10324;49;627681872;10324;213;11034;11181;10.77;0.66;245.36;11.03;710;49;3839.00;147
10326;49;627681884;10326;213;11049;11207;10.66;0.65;245.35;11.01;723;49;3840.00;158
10329;49;627681897;10329;211;11050;11207;10.61;0.65;245.33;11.01;721;49;3841.00;157
10337;49;627681907;10337;210;11052;11207;10.59;0.64;245.28;11.01;715;49;3842.00;155
10340;49;627681919;10340;203;11054;11208;10.60;0.64;245.30;11.01;714;49;3843.00;154
10344;49;627681930;10344;198;11055;11208;10.64;0.65;245.27;11.03;711;49;3844.00;153
10350;49;627681942;10350;194;11058;11212;10.69;0.65;245.21;11.04;708;49;3845.00;154
10355;49;627681953;10355;193;11059;11214;10.75;0.65;245.22;11.04;704;49;3846.00;155
10357;49;627681964;10357;197;11063;11218;10.80;0.65;245.20;11.03;706;49;3847.00;155
10364;49;627681975;10364;192;11064;11218;10.75;0.65;245.12;11.03;700;49;3848.00;154
10366;49;627681985;10366;190;11064;11218;10.77;0.65;245.09;11.03;698;49;3849.00;154
10369;49;627682003;10369;182;11064;11218;10.76;0.65;245.03;11.03;695;49;3850.00;154
10370;49;627682013;10370;185;11064;11218;10.77;0.65;245.05;11.03;694;49;3851.00;154
10371;49;627682023;10371;182;11075;11230;10.74;0.65;245.04;11.02;704;49;3852.00;155
10374;49;627682034;10374;180;11075;11230;10.72;0.65;245.02;11.02;701;49;3853.00;155
10376;49;627682044;10376;178;11075;11230;10.74;0.65;245.02;11.02;699;49;3854.00;155
10377;49;627682054;10377;185;11075;11230;10.72;0.65;245.02;11.02;698;49;3855.00;155
10379;49;627682072;10379;190;11075;11230;10.73;0.65;245.00;11.02;696;49;3856.00;155
10381;49;627682088;10381;193;11076;11230;10.67;0.65;244.99;11.03;695;49;3857.00;154
10382;49;627682099;10382;195;11076;11231;10.76;0.65;244.99;11.03;694;49;3858.00;155
10385;49;627682108;10385;198;11079;11231;10.72;0.65;245.00;11.18;694;49;3859.00;152
10388;49;627682118;10388;205;11083;11237;10.70;0.65;244.99;11.18;695;49;3860.00;154
10388;49;627682129;10388;207;11086;11238;10.65;0.64;244.99;11.18;698;49;3861.00;152
10391;49;627682139;10391;214;11087;11238;10.46;0.63;244.97;11.18;696;49;3862.00;151
10393;49;627682149;10393;215;11087;11238;10.36;0.63;244.94;11.18;694;49;3863.00;151
10393;49;627682159;10393;214;11091;11242;10.32;0.63;244.94;11.19;698;49;3864.00;151
10394;49;627682169;10394;220;11091;11242;10.19;0.62;244.94;11.19;697;49;3865.00;151
10396;49;627682187;10396;226;11092;11242;10.07;0.61;244.90;11.19;696;49;3866.00;150
10398;49;627682196;10398;215;11095;11243;9.93;0.60;244.89;11.20;697;49;3867.00;148
10399;49;627682208;10399;212;11098;11247;9.79;0.59;244.89;11.19;699;49;3868.00;149
10402;49;627682227;10402;212;11098;11247;9.69;0.59;244.85;11.19;696;49;3869.00;149
10403;49;627682245;10403;208;11103;11253;9.62;0.59;244.91;11.20;700;49;3870.00;150
10404;49;627682263;10404;215;11105;11253;9.62;0.59;244.92;11.21;701;49;3871.00;148
10405;49;627682273;10405;217;11106;11253;9.63;0.59;244.91;11.21;701;49;3872.00;147
10407;49;627682283;10407;213;11107;11253;9.60;0.58;244.91;11.22;700;49;3873.00;146
10408;49;627682294;10408;214;11111;11257;9.71;0.59;244.89;11.23;703;49;3874.00;146
10410;50;627682305;10410;212;11111;11257;9.66;0.59;244.87;11.23;701;50;3875.00;146
10411;50;627682327;10411;212;11114;11257;9.65;0.59;244.86;11.25;703;50;3876.00;143
10411;50;627682337;10411;212;11114;11257;9.58;0.58;244.86;11.25;703;50;3877.00;143
10412;51;627682347;10412;210;11117;11258;9.48;0.58;244.86;11.27;705;51;3878.00;141
10413;51;627682365;10413;211;11118;11259;9.45;0.57;244.85;11.26;705;51;3879.00;141
10414;51;627682374;10414;215;11120;11259;9.37;0.57;244.85;11.28;706;51;3880.00;139
10416;51;627682391;10416;218;11121;11260;9.29;0.57;244.85;11.28;705;51;3881.00;139
10417;52;627682401;10417;220;11123;11260;9.25;0.57;244.85;11.30;706;52;3882.00;137
10419;52;627682424;10419;222;11123;11260;9.19;0.56;244.84;11.30;704;52;3883.00;137
10420;52;627682434;10420;223;11123;11260;9.14;0.56;244.85;11.30;703;52;3884.00;137
10422;52;627682457;10422;226;11124;11260;9.02;0.55;244.83;11.31;702;52;3885.00;136
10422;52;627682468;10422;227;11125;11260;8.91;0.55;244.83;11.32;703;52;3886.00;135
10424;52;627682480;10424;229;11125;11260;8.80;0.54;244.81;11.32;701;52;3887.00;135
10425;52;627682497;10425;248;11195;11387;8.88;0.55;244.82;11.25;770;52;3888.00;192
10427;52;627682519;10427;240;11198;11388;8.75;0.54;244.85;11.26;771;52;3889.00;190
10428;52;627682531;10428;230;11206;11388;8.74;0.54;244.84;11.26;778;52;3890.00;182
10429;52;627682542;10429;230;11216;11388;8.66;0.54;244.82;11.26;787;52;3891.00;172
10432;52;627682553;10432;232;11223;11388;8.64;0.54;244.83;11.26;791;52;3892.00;165
10437;52;627682564;10437;229;11230;11388;8.56;0.53;244.88;11.29;793;52;3893.00;158
10439;52;627682574;10439;224;11235;11388;8.57;0.53;244.87;11.29;796;52;3894.00;153
10443;52;627682584;10443;229;11237;11388;8.51;0.53;244.93;11.29;794;52;3895.00;151
10445;52;627682595;10445;231;11242;11389;8.46;0.52;244.90;11.30;797;52;3896.00;147
10448;52;627682606;10448;230;11243;11390;8.41;0.52;244.88;11.30;795;52;3897.00;147
10451;52;627682616;10451;237;11248;11390;8.40;0.52;244.96;11.33;797;52;3898.00;142
10454;52;627682626;10454;243;11248;11391;8.30;0.51;244.93;11.33;794;52;3899.00;143
10458;52;627682647;10458;260;11255;11406;8.09;0.50;244.89;11.34;797;52;3900.00;151
10458;52;627682664;10458;257;11256;11406;8.05;0.50;244.89;11.34;798;52;3901.00;150
10461;52;627682674;10461;264;11261;11406;7.93;0.49;244.93;11.37;800;52;3902.00;145
10466;52;627682685;10466;269;11263;11410;7.84;0.48;244.94;11.37;797;52;3903.00;147
10468;52;627682695;10468;265;11265;11410;7.78;0.48;244.95;11.37;797;52;3904.00;145
10472;52;627682709;10472;273;11267;11410;7.70;0.48;245.00;11.38;795;52;3905.00;143
10476;52;627682731;10476;280;11272;11413;7.63;0.47;245.01;11.37;796;52;3906.00;141
10482;52;627682742;10482;278;11273;11413;7.45;0.46;245.06;11.38;791;52;3907.00;140
10483;52;627682753;10483;281;11274;11413;7.36;0.45;245.06;11.38;791;52;3908.00;139
10490;52;627682763;10490;280;11277;11417;7.22;0.45;245.04;11.38;787;52;3909.00;140
10494;52;627682774;10494;262;11279;11418;7.21;0.45;245.06;11.38;785;52;3910.00;139
10497;52;627682784;10497;258;11280;11418;7.27;0.45;245.12;11.38;783;52;3911.00;138
10503;52;627682794;10503;249;11283;11422;7.32;0.45;245.11;11.39;780;52;3912.00;139
10507;52;627682806;10507;250;11285;11422;7.39;0.45;245.09;11.40;778;52;3913.00;137
10510;52;627682825;10510;244;11286;11422;7.46;0.46;245.11;11.40;776;52;3914.00;136
10513;52;627682836;10513;238;11289;11424;7.55;0.46;245.18;11.40;776;52;3915.00;135
10516;52;627682847;10516;240;11290;11424;7.59;0.47;245.21;11.40;774;52;3916.00;134
10518;52;627682857;10518;231;11293;11430;7.76;0.48;245.21;11.40;775;52;3917.00;137
10524;52;627682868;10524;226;11293;11430;7.86;0.48;245.23;11.40;769;52;3918.00;137
10528;52;627682879;10528;229;11294;11431;7.96;0.49;245.22;11.40;766;52;3919.00;137
10530;52;627682895;10530;224;11294;11431;8.11;0.49;245.22;11.40;764;52;3920.00;137
10535;52;627682905;10535;220;11295;11431;8.13;0.49;245.24;11.40;760;52;3921.00;136
10538;52;627682916;10538;214;11295;11431;8.17;0.50;245.23;11.40;757;52;3922.00;136
10540;52;627682926;10540;214;11295;11431;8.29;0.50;245.23;11.40;755;52;3923.00;136
10546;52;627682937;10546;212;11303;11443;8.35;0.51;245.23;11.39;757;52;3924.00;140
10547;52;627682949;10547;212;11304;11443;8.43;0.51;245.23;11.39;757;52;3925.00;139
10550;52;627682959;10550;206;11305;11443;8.50;0.52;245.26;11.39;755;52;3926.00;138
10554;52;627682970;10554;210;11307;11443;8.59;0.52;245.31;11.39;753;52;3927.00;136
10559;52;627682980;10559;208;11307;11443;8.63;0.53;245.30;11.39;748;52;3928.00;136
10562;52;627682990;10562;200;11307;11443;8.72;0.53;245.31;11.39;745;52;3929.00;136
10566;52;627683002;10566;193;11310;11447;8.73;0.53;245.32;11.39;744;52;3930.00;137
10569;52;627683012;10569;196;11311;11447;8.81;0.54;245.37;11.39;742;52;3931.00;136
10570;52;627683023;10570;198;11313;11451;8.94;0.55;245.36;11.39;743;52;3932.00;138
10575;52;627683033;10575;203;11314;11452;9.00;0.55;245.39;11.39;739;52;3933.00;138
10578;52;627683045;10578;202;11316;11452;9.08;0.55;245.44;11.39;738;52;3934.00;136
10586;52;627683055;10586;203;11317;11452;9.04;0.55;245.45;11.40;731;52;3935.00;135
10589;52;627683065;10589;200;11327;11465;9.06;0.55;245.48;11.39;738;52;3936.00;138
10595;52;627683077;10595;199;11328;11465;9.08;0.55;245.52;11.39;733;52;3937.00;137
10600;52;627683088;10600;197;11329;11465;9.12;0.55;245.56;11.39;729;52;3938.00;136
10606;52;627683098;10606;197;11331;11466;9.16;0.56;245.57;11.39;725;52;3939.00;135
10610;52;627683109;10610;203;11331;11467;9.23;0.56;245.62;11.39;721;52;3940.00;136
10613;52;627683120;10613;200;11332;11467;9.36;0.57;245.60;11.39;719;52;3941.00;135
10617;52;627683130;10617;201;11335;11470;9.46;0.58;245.64;11.38;718;52;3942.00;135
10623;52;627683142;10623;202;11336;11470;9.50;0.58;245.60;11.38;713;52;3943.00;134
10625;52;627683158;10625;205;11336;11470;9.53;0.58;245.62;11.38;711;52;3944.00;134
10627;52;627683169;10627;212;11337;11470;9.53;0.58;245.62;11.38;710;52;3945.00;133
10629;52;627683179;10629;214;11340;11476;9.55;0.58;245.66;11.38;711;52;3946.00;136
10634;52;627683191;10634;221;11341;11476;9.53;0.58;245.64;11.38;707;52;3947.00;135
10638;52;627683201;10638;223;11341;11476;9.51;0.58;245.70;11.38;703;52;3948.00;135
10643;52;627683211;10643;226;11342;11476;9.49;0.58;245.72;11.38;699;52;3949.00;134
10647;52;627683222;10647;224;11345;11480;9.47;0.58;245.75;11.38;698;52;3950.00;135
10650;52;627683233;10650;225;11346;11481;9.39;0.57;245.75;11.38;696;52;3951.00;135
10652;52;627683244;10652;226;11346;11481;9.37;0.57;245.77;11.38;694;52;3952.00;135
10656;52;627683254;10656;233;11347;11482;9.28;0.57;245.81;11.37;691;52;3953.00;135
10658;52;627683265;10658;234;11347;11482;9.28;0.57;245.82;11.37;689;52;3954.00;135
10662;52;627683275;10662;235;11347;11482;9.17;0.56;245.81;11.37;685;52;3955.00;135
10665;52;627683285;10665;245;11347;11482;9.07;0.56;245.85;11.37;682;52;3956.00;135
10673;52;627683294;10673;241;11347;11482;8.92;0.55;245.84;11.37;674;52;3957.00;135
10676;52;627683305;10676;239;11347;11482;8.79;0.54;245.87;11.37;671;52;3958.00;135
10681;52;627683315;10681;236;11347;11482;8.62;0.53;245.88;11.37;666;52;3959.00;135
10685;52;627683326;10685;253;11416;11607;8.46;0.52;245.92;11.31;731;52;3960.00;191
10689;52;627683345;10689;242;11418;11608;8.40;0.52;246.00;11.30;729;52;3961.00;190
10691;52;627683356;10691;231;11425;11608;8.49;0.52;246.00;11.46;734;52;3962.00;183
10695;52;627683368;10695;234;11427;11608;8.54;0.53;246.04;11.45;732;52;3963.00;181
10698;52;627683384;10698;230;11430;11608;8.61;0.53;246.06;11.45;732;52;3964.00;178
10702;52;627683399;10702;226;11434;11608;8.69;0.54;246.07;11.45;732;52;3965.00;174
10706;52;627683410;10706;214;11439;11608;8.77;0.54;246.11;11.45;733;52;3966.00;169
10710;52;627683421;10710;200;11440;11608;8.86;0.54;246.14;11.45;730;52;3967.00;168
10712;52;627683431;10712;195;11445;11609;8.92;0.55;246.19;11.45;733;52;3968.00;164
10719;52;627683442;10719;190;11448;11610;8.85;0.54;246.25;11.44;729;52;3969.00;162
10724;52;627683453;10724;184;11450;11610;8.78;0.54;246.22;11.44;726;52;3970.00;160
10724;52;627683464;10724;183;11455;11614;8.76;0.54;246.22;11.44;731;52;3971.00;159
10729;52;627683481;10729;187;11456;11614;8.71;0.53;246.24;11.44;727;52;3972.00;158
10732;52;627683492;10732;186;11457;11614;8.78;0.54;246.25;11.44;725;52;3973.00;157
10734;52;627683503;10734;194;11457;11614;8.93;0.55;246.25;11.44;723;52;3974.00;157
10737;52;627683513;10737;191;11461;11620;9.01;0.55;246.27;11.44;724;52;3975.00;159
10740;52;627683530;10740;191;11461;11620;9.03;0.55;246.29;11.44;721;52;3976.00;159
10742;52;627683546;10742;191;11461;11620;9.09;0.56;246.30;11.44;719;52;3977.00;159
10744;52;627683556;10744;186;11464;11623;9.20;0.56;246.30;11.44;720;52;3978.00;159
10746;52;627683573;10746;188;11464;11623;9.28;0.57;246.27;11.44;718;52;3979.00;159
10747;52;627683583;10747;189;11465;11623;9.39;0.57;246.28;11.43;718;52;3980.00;158
10747;52;627683593;10747;190;11466;11624;9.41;0.57;246.28;11.43;719;52;3981.00;158
10748;52;627683603;10748;189;11467;11625;9.47;0.58;246.28;11.43;719;52;3982.00;158
10752;52;627683613;10752;194;11467;11625;9.50;0.58;246.27;11.43;715;52;3983.00;158
10755;52;627683623;10755;195;11477;11638;9.56;0.58;246.30;11.42;722;52;3984.00;161
10759;52;627683634;10759;192;11477;11638;9.63;0.59;246.29;11.42;718;52;3985.00;161
10762;52;627683644;10762;197;11477;11638;9.72;0.59;246.30;11.42;715;52;3986.00;161
10763;52;627683653;10763;199;11478;11639;9.83;0.60;246.29;11.42;715;52;3987.00;161
10765;52;627683664;10765;204;11478;11639;9.89;0.60;246.28;11.42;713;52;3988.00;161
10769;53;627683679;10769;207;11481;11643;9.85;0.60;246.26;11.42;712;53;3989.00;162
10774;53;627683702;10774;208;11481;11643;9.89;0.60;246.24;11.42;707;53;3990.00;162
10775;53;627683712;10775;210;11485;11647;9.90;0.60;246.23;11.42;710;53;3991.00;162
10777;53;627683727;10777;214;11485;11647;9.87;0.60;246.28;11.42;708;53;3992.00;162
10778;53;627683742;10778;212;11485;11647;9.85;0.60;246.27;11.42;707;53;3993.00;162
10778;53;627683765;10778;216;11485;11647;9.88;0.60;246.27;11.42;707;53;3994.00;162
10781;53;627683779;10781;217;11485;11647;9.89;0.60;246.25;11.42;704;53;3995.00;162
10781;53;627683793;10781;217;11495;11659;10.02;0.61;246.25;11.41;714;53;3996.00;164
10783;53;627683807;10783;217;11496;11659;10.05;0.61;246.23;11.41;713;53;3997.00;163
10785;53;627683830;10785;214;11496;11659;10.08;0.62;246.22;11.41;711;53;3998.00;163
10787;53;627683842;10787;219;11496;11659;10.13;0.62;246.19;11.41;709;53;3999.00;163
10787;54;627683853;10787;219;11496;11659;10.10;0.62;246.19;11.41;709;54;4000.00;163
10790;54;627683874;10790;222;11496;11659;10.10;0.62;246.16;11.41;706;54;4001.00;163
10791;54;627683884;10791;220;11496;11660;10.08;0.62;246.15;11.41;705;54;4002.00;164
10793;54;627683894;10793;216;11496;11660;10.07;0.62;246.13;11.41;703;54;4003.00;164
10799;54;627683904;10799;216;11500;11666;10.09;0.62;246.07;11.40;701;54;4004.00;166
10802;54;627683915;10802;214;11503;11668;10.11;0.62;246.04;11.40;701;54;4005.00;165
10805;54;627683924;10805;216;11503;11668;10.14;0.62;246.01;11.40;698;54;4006.00;165
10805;54;627683934;10805;219;11503;11668;10.11;0.62;246.01;11.40;698;54;4007.00;165
10809;54;627683948;10809;223;11506;11672;10.01;0.61;245.96;11.40;697;54;4008.00;166
10812;54;627683958;10812;222;11506;11672;9.99;0.61;245.95;11.40;694;54;4009.00;166
10813;54;627683968;10813;221;11506;11672;9.94;0.60;245.93;11.40;693;54;4010.00;166
10814;54;627683977;10814;224;11508;11673;9.87;0.60;245.93;11.55;694;54;4011.00;165
10818;54;627683986;10818;220;11511;11677;9.79;0.60;245.97;11.55;693;54;4012.00;166
10819;54;627683995;10819;218;11511;11677;9.85;0.60;245.97;11.55;692;54;4013.00;166
10823;54;627684004;10823;211;11514;11680;9.85;0.60;245.97;11.56;691;54;4014.00;166
10826;54;627684015;10826;213;11517;11680;9.85;0.60;245.95;11.72;691;54;4015.00;163
10827;54;627684025;10827;208;11517;11680;9.93;0.60;245.94;11.72;690;54;4016.00;163
10830;54;627684034;10830;204;11518;11680;10.01;0.61;245.93;11.87;688;54;4017.00;162
10832;54;627684043;10832;203;11521;11684;10.12;0.61;245.90;11.86;689;54;4018.00;163
10834;54;627684052;10834;189;11522;11684;10.25;0.62;245.88;11.86;688;54;4019.00;162
10836;54;627684064;10836;174;11523;11684;10.36;0.63;245.87;12.01;687;54;4020.00;161
10838;54;627684073;10838;161;11523;11684;10.48;0.64;245.88;12.01;685;54;4021.00;161
10839;54;627684083;10839;154;11523;11685;10.66;0.65;245.86;12.01;684;54;4022.00;162
10843;54;627684095;10843;149;11525;11686;10.81;0.65;245.86;12.15;682;54;4023.00;161
10845;55;627684105;10845;145;11525;11686;10.92;0.66;245.85;12.15;680;55;4024.00;161
10847;55;627684127;10847;144;11526;11687;10.96;0.66;245.85;12.15;679;55;4025.00;161
10849;55;627684138;10849;138;11527;11687;10.98;0.66;245.83;12.15;678;55;4026.00;160
10850;55;627684148;10850;128;11527;11687;11.03;0.67;245.82;12.15;677;55;4027.00;160
10850;56;627684159;10850;128;11527;11687;11.09;0.67;245.82;12.15;677;56;4028.00;160
10850;56;627684192;10850;126;11527;11687;11.16;0.68;245.82;12.15;677;56;4029.00;160
10850;56;627684202;10850;128;11527;11687;11.22;0.68;245.82;12.15;677;56;4030.00;160
10851;57;627684211;10851;134;11527;11687;11.21;0.68;245.81;12.15;676;57;4031.00;160
10854;57;627684234;10854;149;11589;11814;11.03;0.68;245.78;12.09;735;57;4032.00;225
10856;57;627684256;10856;142;11592;11815;10.93;0.67;245.76;12.09;736;57;4033.00;223
10858;57;627684267;10858;142;11600;11815;11.00;0.68;245.76;12.08;742;57;4034.00;215
10859;57;627684277;10859;141;11605;11815;11.04;0.68;245.76;12.08;746;57;4035.00;210
10861;57;627684288;10861;137;11611;11815;11.00;0.68;245.81;12.08;750;57;4036.00;204
10863;57;627684299;10863;137;11614;11815;10.99;0.68;245.82;12.08;751;57;4037.00;201
10867;57;627684317;10867;144;11616;11815;11.04;0.68;245.88;12.08;749;57;4038.00;199
10867;57;627684328;10867;144;11618;11815;11.01;0.67;245.88;12.08;751;57;4039.00;197
10872;57;627684345;10872;149;11625;11816;11.01;0.67;245.83;12.10;753;57;4040.00;191
10873;57;627684356;10873;153;11625;11817;10.98;0.67;245.83;12.10;752;57;4041.00;192
10876;57;627684367;10876;153;11631;11817;10.91;0.67;245.81;12.11;755;57;4042.00;186
10878;57;627684379;10878;159;11633;11818;10.87;0.67;245.83;12.12;755;57;4043.00;185
10881;57;627684391;10881;164;11639;11818;10.78;0.66;245.80;12.14;758;57;4044.00;179
10884;57;627684402;10884;166;11644;11818;10.67;0.66;245.82;12.15;760;57;4045.00;174
10887;57;627684414;10887;175;11649;11818;10.61;0.65;245.87;12.15;762;57;4046.00;169
10887;57;627684425;10887;184;11654;11822;10.56;0.65;245.87;12.17;767;57;4047.00;168
10891;57;627684436;10891;190;11656;11822;10.42;0.64;245.91;12.17;765;57;4048.00;166
10893;57;627684447;10893;196;11658;11822;10.27;0.63;245.93;12.18;765;57;4049.00;164
10898;57;627684460;10898;207;11663;11828;10.15;0.62;245.97;12.19;765;57;4050.00;165
10899;57;627684473;10899;216;11664;11828;10.02;0.61;245.97;12.19;765;57;4051.00;164
10902;57;627684484;10902;221;11667;11828;9.86;0.60;245.98;12.21;765;57;4052.00;161
10907;57;627684495;10907;228;11672;11832;9.65;0.59;245.96;12.21;765;57;4053.00;160
10910;57;627684513;10910;236;11675;11833;9.52;0.58;245.95;12.21;765;57;4054.00;158
10914;57;627684524;10914;240;11676;11833;9.41;0.58;245.96;12.23;762;57;4055.00;157
10918;57;627684535;10918;247;11680;11837;9.33;0.57;245.96;12.22;762;57;4056.00;157
10920;57;627684546;10920;260;11681;11837;9.19;0.56;246.00;12.23;761;57;4057.00;156
10924;57;627684562;10924;269;11683;11837;9.08;0.56;246.00;12.24;759;57;4058.00;154
10926;57;627684573;10926;265;11686;11838;8.98;0.55;245.99;12.25;760;57;4059.00;152
10929;57;627684584;10929;263;11686;11838;8.87;0.54;246.01;12.25;757;57;4060.00;152
10932;57;627684595;10932;264;11691;11844;8.78;0.54;245.98;12.26;759;57;4061.00;153
10935;57;627684609;10935;257;11693;11844;8.66;0.53;246.03;12.29;758;57;4062.00;151
10936;57;627684619;10936;264;11694;11845;8.61;0.53;246.03;12.29;758;57;4063.00;151
10940;57;627684636;10940;262;11696;11845;8.53;0.52;246.03;12.31;756;57;4064.00;149
10940;57;627684647;10940;256;11696;11845;8.55;0.52;246.03;12.31;756;57;4065.00;149
10942;57;627684657;10942;255;11697;11845;8.54;0.52;246.06;12.32;755;57;4066.00;148
10946;57;627684667;10946;256;11698;11845;8.52;0.52;246.07;12.33;752;57;4067.00;147
10948;57;627684678;10948;257;11709;11857;8.53;0.52;246.06;12.32;761;57;4068.00;148
10951;57;627684689;10951;258;11709;11857;8.54;0.52;246.03;12.32;758;57;4069.00;148
10953;57;627684699;10953;261;11711;11857;8.52;0.52;246.04;12.33;758;57;4070.00;146
10956;57;627684709;10956;257;11712;11857;8.48;0.52;246.06;12.33;756;57;4071.00;145
10964;57;627684719;10964;257;11713;11857;8.36;0.51;246.06;12.34;749;57;4072.00;144
10966;57;627684729;10966;253;11713;11857;8.27;0.50;246.05;12.34;747;57;4073.00;144
10970;57;627684739;10970;257;11716;11861;8.13;0.50;246.07;12.34;746;57;4074.00;145
10974;57;627684749;10974;253;11719;11861;8.05;0.49;246.07;12.37;745;57;4075.00;142
10981;58;627684759;10981;252;11722;11865;7.95;0.49;246.09;12.37;741;58;4076.00;143
10984;58;627684786;10984;255;11724;11866;7.92;0.48;246.13;12.37;740;58;4077.00;142
10987;58;627684795;10987;256;11725;11866;7.84;0.48;246.13;12.37;738;58;4078.00;141
10992;58;627684807;10992;259;11728;11866;7.70;0.47;246.11;12.40;736;58;4079.00;138
10995;58;627684817;10995;256;11748;11895;7.63;0.47;246.14;12.38;753;58;4080.00;147
10998;58;627684829;10998;247;11751;11895;7.57;0.47;246.15;12.38;753;58;4081.00;144
11001;58;627684838;11001;246;11754;11895;7.58;0.47;246.15;12.38;753;58;4082.00;141
11004;58;627684847;11004;245;11757;11896;7.59;0.47;246.14;12.39;753;58;4083.00;139
11007;58;627684856;11007;246;11757;11897;7.61;0.47;246.17;12.39;750;58;4084.00;140
11013;58;627684866;11013;244;11757;11897;7.61;0.47;246.17;12.39;744;58;4085.00;140
11016;58;627684875;11016;241;11762;11900;7.71;0.47;246.17;12.40;746;58;4086.00;138
11019;58;627684885;11019;233;11762;11900;7.91;0.49;246.19;12.40;743;58;4087.00;138
11023;58;627684895;11023;224;11762;11900;8.08;0.50;246.21;12.40;739;58;4088.00;138
11029;58;627684904;11029;219;11762;11900;8.18;0.50;246.19;12.40;733;58;4089.00;138
11032;58;627684914;11032;219;11766;11906;8.38;0.51;246.25;12.39;734;58;4090.00;140
11039;58;627684924;11039;216;11766;11906;8.46;0.52;246.27;12.39;727;58;4091.00;140
11044;58;627684934;11044;212;11767;11906;8.55;0.52;246.32;12.39;723;58;4092.00;139
11047;58;627684944;11047;209;11767;11906;8.58;0.52;246.35;12.39;720;58;4093.00;139
11049;58;627684954;11049;207;11770;11910;8.64;0.53;246.37;12.39;721;58;4094.00;140
11052;58;627684963;11052;203;11772;11912;8.81;0.54;246.35;12.39;720;58;4095.00;140
11056;58;627684973;11056;200;11772;11912;8.91;0.55;246.38;12.39;716;58;4096.00;140
11062;58;627684983;11062;201;11773;11913;9.00;0.55;246.38;12.39;711;58;4097.00;140
11065;58;627685006;11065;206;11773;11913;9.10;0.56;246.39;12.39;708;58;4098.00;140
11070;58;627685016;11070;206;11773;11913;9.20;0.56;246.41;12.39;703;58;4099.00;140
11075;58;627685027;11075;207;11773;11913;9.27;0.56;246.40;12.39;698;58;4100.00;140
11079;58;627685040;11079;204;11773;11913;9.38;0.57;246.39;12.39;694;58;4101.00;140
11083;58;627685050;11083;202;11773;11913;9.42;0.57;246.39;12.39;690;58;4102.00;140
11087;58;627685060;11087;197;11773;11913;9.53;0.58;246.41;12.39;686;58;4103.00;140
11090;58;627685070;11090;208;11812;11983;9.44;0.58;246.41;12.35;722;58;4104.00;171
11094;58;627685085;11094;203;11812;11984;9.47;0.58;246.44;12.35;718;58;4105.00;172
11098;58;627685096;11098;195;11816;11984;9.62;0.59;246.44;12.34;718;58;4106.00;168
11100;58;627685106;11100;195;11817;11984;9.71;0.59;246.45;12.34;717;58;4107.00;167
11105;58;627685116;11105;192;11820;11984;9.78;0.59;246.45;12.34;715;58;4108.00;164
11111;58;627685127;11111;194;11823;11984;9.88;0.60;246.50;12.34;712;58;4109.00;161
11116;58;627685138;11116;199;11825;11984;9.87;0.60;246.51;12.34;709;58;4110.00;159
11121;58;627685148;11121;200;11828;11984;9.80;0.60;246.52;12.33;707;58;4111.00;156
11127;59;627685158;11127;203;11833;11985;9.76;0.59;246.52;12.33;706;59;4112.00;152
11130;59;627685181;11130;201;11837;11986;9.72;0.59;246.55;12.33;707;59;4113.00;149
11133;59;627685191;11133;206;11838;11986;9.59;0.58;246.54;12.33;705;59;4114.00;148
11134;59;627685202;11134;209;11840;11990;9.55;0.58;246.54;12.33;706;59;4115.00;150
11138;59;627685215;11138;215;11840;11990;9.45;0.58;246.55;12.33;702;59;4116.00;150
11141;59;627685226;11141;212;11840;11990;9.47;0.58;246.55;12.33;699;59;4117.00;150
11143;59;627685236;11143;211;11841;11990;9.47;0.58;246.58;12.47;698;59;4118.00;149
11148;59;627685247;11148;219;11845;11996;9.45;0.58;246.54;12.47;697;59;4119.00;151
11154;59;627685258;11154;228;11848;11996;9.40;0.57;246.62;12.47;694;59;4120.00;148
11159;59;627685274;11159;235;11848;11996;9.32;0.57;246.63;12.47;689;59;4121.00;148
11164;59;627685284;11164;242;11851;11999;9.27;0.56;246.64;12.47;687;59;4122.00;148
11167;59;627685294;11167;244;11851;11999;9.11;0.55;246.68;12.47;684;59;4123.00;148
11171;59;627685304;11171;245;11853;11999;8.95;0.54;246.69;12.47;682;59;4124.00;146
11173;59;627685314;11173;249;11853;12000;8.81;0.54;246.70;12.47;680;59;4125.00;147
11176;59;627685329;11176;257;11854;12001;8.69;0.53;246.72;12.47;678;59;4126.00;147
11178;59;627685338;11178;249;11854;12001;8.55;0.52;246.73;12.47;676;59;4127.00;147
11181;59;627685347;11181;252;11865;12014;8.56;0.52;246.70;12.45;684;59;4128.00;149
11182;59;627685357;11182;251;11865;12014;8.52;0.52;246.68;12.45;683;59;4129.00;149
11183;59;627685367;11183;251;11865;12014;8.41;0.51;246.68;12.45;682;59;4130.00;149
11183;59;627685376;11183;255;11866;12015;8.37;0.51;246.68;12.45;683;59;4131.00;149
11187;59;627685385;11187;253;11866;12015;8.31;0.51;246.72;12.45;679;59;4132.00;149
11187;59;627685394;11187;258;11869;12019;8.29;0.51;246.72;12.45;682;59;4133.00;150
11189;59;627685404;11189;255;11869;12019;8.23;0.50;246.70;12.45;680;59;4134.00;150
11192;59;627685419;11192;259;11873;12023;8.13;0.50;246.68;12.45;681;59;4135.00;150
11195;59;627685434;11195;245;11873;12023;8.12;0.50;246.67;12.45;678;59;4136.00;150
11199;59;627685444;11199;241;11873;12023;8.20;0.50;246.71;12.45;674;59;4137.00;150
11201;59;627685453;11201;236;11873;12023;8.24;0.50;246.70;12.45;672;59;4138.00;150
11203;59;627685463;11203;229;11873;12023;8.33;0.51;246.67;12.45;670;59;4139.00;150
11205;59;627685475;11205;226;11896;12057;8.46;0.52;246.65;12.42;691;59;4140.00;161
11207;59;627685487;11207;219;11897;12057;8.57;0.52;246.67;12.42;690;59;4141.00;160
11207;59;627685498;11207;216;11899;12057;8.74;0.53;246.67;12.42;692;59;4142.00;158
11208;59;627685507;11208;218;11899;12057;8.85;0.54;246.66;12.42;691;59;4143.00;158
11210;59;627685517;11210;215;11900;12057;9.00;0.55;246.64;12.42;690;59;4144.00;157
11211;59;627685527;11211;210;11900;12057;9.07;0.55;246.62;12.42;689;59;4145.00;157
11214;59;627685537;11214;207;11901;12058;9.11;0.56;246.58;12.42;687;59;4146.00;157
11215;59;627685546;11215;204;11901;12058;9.12;0.56;246.58;12.42;686;59;4147.00;157
11218;59;627685556;11218;206;11905;12064;9.10;0.56;246.62;12.42;687;59;4148.00;159
11221;59;627685567;11221;207;11906;12065;9.13;0.56;246.57;12.42;685;59;4149.00;159
11223;59;627685577;11223;206;11907;12065;9.16;0.56;246.56;12.41;684;59;4150.00;158
11226;59;627685586;11226;213;11907;12065;9.16;0.56;246.54;12.41;681;59;4151.00;158
11229;59;627685596;11229;216;11911;12069;9.15;0.56;246.50;12.41;682;59;4152.00;158
11230;59;627685606;11230;215;11911;12069;9.18;0.56;246.49;12.41;681;59;4153.00;158
11233;59;627685615;11233;216;11911;12069;9.12;0.56;246.46;12.41;678;59;4154.00;158
11233;59;627685624;11233;217;11912;12070;9.15;0.56;246.46;12.41;679;59;4155.00;158
11235;59;627685633;11235;219;11915;12074;9.15;0.56;246.45;12.41;680;59;4156.00;159
11236;59;627685642;11236;221;11915;12074;9.24;0.56;246.45;12.41;679;59;4157.00;159
11236;59;627685651;11236;222;11917;12077;9.35;0.57;246.45;12.40;681;59;4158.00;160
11238;59;627685665;11238;220;11917;12077;9.46;0.58;246.43;12.40;679;59;4159.00;160
11240;59;627685680;11240;222;11918;12077;9.60;0.58;246.42;12.40;678;59;4160.00;159
11241;59;627685689;11241;223;11918;12077;9.65;0.59;246.40;12.40;677;59;4161.00;159
11245;59;627685700;11245;224;11921;12081;9.75;0.59;246.44;12.40;676;59;4162.00;160
11247;59;627685727;11247;224;11921;12081;9.78;0.59;246.42;12.40;674;59;4163.00;160
11248;59;627685741;11248;227;11922;12081;9.86;0.60;246.43;12.40;674;59;4164.00;159
11249;59;627685762;11249;223;11922;12081;9.91;0.60;246.43;12.40;673;59;4165.00;159
11249;59;627685785;11249;225;11922;12082;9.92;0.60;246.43;12.40;673;59;4166.00;160
11250;59;627685798;11250;227;11923;12083;9.96;0.61;246.42;12.40;673;59;4167.00;160
11250;59;627685811;11250;230;11923;12083;9.93;0.60;246.42;12.40;673;59;4168.00;160
11250;59;627685823;11250;234;11924;12084;9.89;0.60;246.42;12.40;674;59;4169.00;160
11251;59;627685838;11251;231;11924;12084;9.82;0.60;246.41;12.40;673;59;4170.00;160
11251;59;627685849;11251;219;11924;12084;9.81;0.60;246.41;12.40;673;59;4171.00;160
11253;59;627685859;11253;210;11924;12084;9.77;0.59;246.46;12.40;671;59;4172.00;160
11254;59;627685869;11254;205;11926;12086;9.78;0.59;246.45;12.40;672;59;4173.00;160
11257;59;627685878;11257;198;11926;12086;9.80;0.59;246.45;12.40;669;59;4174.00;160
11258;59;627685889;11258;187;11926;12086;9.93;0.60;246.43;12.40;668;59;4175.00;160
11260;59;627685898;11260;204;11996;12213;9.87;0.61;246.43;12.32;736;59;4176.00;217
11263;59;627685918;11263;188;11998;12214;10.01;0.61;246.40;12.32;735;59;4177.00;216
11265;59;627685928;11265;174;12004;12214;10.08;0.62;246.40;12.46;739;59;4178.00;210
11268;59;627685946;11268;165;12010;12214;10.21;0.63;246.37;12.46;742;59;4179.00;204
11270;59;627685956;11270;155;12012;12214;10.29;0.63;246.36;12.46;742;59;4180.00;202
11271;59;627685966;11271;154;12016;12214;10.37;0.64;246.37;12.46;745;59;4181.00;198
11273;59;627685976;11273;152;12020;12214;10.39;0.63;246.35;12.45;747;59;4182.00;194
11274;59;627685993;11274;145;12022;12214;10.52;0.64;246.35;12.45;748;59;4183.00;192
11275;59;627686009;11275;144;12024;12215;10.65;0.65;246.40;12.45;749;59;4184.00;191
11277;59;627686019;11277;138;12032;12217;10.78;0.66;246.38;12.48;755;59;4185.00;185
11280;59;627686031;11280;138;12035;12217;10.85;0.66;246.36;12.48;755;59;4186.00;182
11281;59;627686042;11281;139;12037;12218;10.96;0.67;246.35;12.48;756;59;4187.00;181
11283;59;627686052;11283;132;12038;12218;10.96;0.67;246.34;12.48;755;59;4188.00;180
11287;59;627686063;11287;125;12039;12218;11.08;0.68;246.32;12.48;752;59;4189.00;179
11288;59;627686074;11288;124;12040;12218;11.10;0.68;246.31;12.48;752;59;4190.00;178
11289;59;627686084;11289;122;12043;12222;11.05;0.67;246.32;12.47;754;59;4191.00;179
11291;59;627686095;11291;123;12044;12222;11.02;0.67;246.31;12.48;753;59;4192.00;178
11294;59;627686105;11294;125;12046;12222;10.98;0.67;246.33;12.47;752;59;4193.00;176
11297;59;627686116;11297;129;12048;12225;11.00;0.67;246.34;12.47;751;59;4194.00;177
11299;59;627686127;11299;133;12050;12225;11.01;0.67;246.37;12.47;751;59;4195.00;175
11302;59;627686138;11302;135;12051;12225;10.97;0.67;246.38;12.47;749;59;4196.00;174
11306;59;627686148;11306;136;12056;12229;10.84;0.66;246.41;12.47;750;59;4197.00;173
11310;59;627686159;11310;138;12057;12230;10.86;0.66;246.45;12.47;747;59;4198.00;173
11314;59;627686170;11314;140;12058;12230;10.77;0.66;246.44;12.47;744;59;4199.00;172
11317;59;627686183;11317;152;12067;12264;10.77;0.66;246.43;12.46;750;59;4200.00;197
11321;59;627686201;11321;149;12068;12264;10.69;0.65;246.42;12.46;747;59;4201.00;196
11324;59;627686211;11324;158;12071;12264;10.61;0.65;246.40;12.46;747;59;4202.00;193
11329;59;627686222;11329;168;12072;12265;10.49;0.64;246.43;12.46;743;59;4203.00;193
11333;59;627686232;11333;171;12072;12265;10.37;0.63;246.54;12.46;739;59;4204.00;193
11334;59;627686243;11334;171;12076;12271;10.35;0.63;246.54;12.46;742;59;4205.00;195
11336;59;627686262;11336;174;12078;12271;10.28;0.62;246.54;12.46;742;59;4206.00;193
11337;59;627686273;11337;179;12079;12272;10.18;0.62;246.53;12.46;742;59;4207.00;193
11341;59;627686283;11341;180;12080;12272;10.09;0.61;246.57;12.46;739;59;4208.00;192
11341;59;627686300;11341;181;12080;12272;10.07;0.61;246.57;12.46;739;59;4209.00;192
11345;59;627686311;11345;180;12082;12272;10.01;0.61;246.58;12.48;737;59;4210.00;190
11345;59;627686322;11345;188;12082;12272;10.03;0.61;246.58;12.48;737;59;4211.00;190
11347;59;627686338;11347;197;12093;12284;9.98;0.60;246.61;12.47;746;59;4212.00;191
11349;59;627686351;11349;198;12097;12284;9.89;0.60;246.61;12.49;748;59;4213.00;187
11351;59;627686363;11351;200;12097;12284;9.90;0.60;246.63;12.49;746;59;4214.00;187
11352;59;627686374;11352;204;12098;12284;9.87;0.60;246.62;12.50;746;59;4215.00;186
11355;59;627686385;11355;208;12099;12284;9.84;0.60;246.61;12.52;744;59;4216.00;185
11357;59;627686395;11357;207;12100;12284;9.78;0.59;246.61;12.52;743;59;4217.00;184
11359;59;627686406;11359;214;12106;12288;9.75;0.59;246.64;12.52;747;59;4218.00;182
11361;59;627686417;11361;218;12107;12288;9.78;0.59;246.63;12.53;746;59;4219.00;181
11363;59;627686428;11363;223;12110;12292;9.83;0.60;246.62;12.54;747;59;4220.00;182
11366;59;627686439;11366;224;12112;12293;9.81;0.60;246.63;12.55;746;59;4221.00;181
11368;59;627686450;11368;227;12112;12293;9.81;0.60;246.61;12.55;744;59;4222.00;181
11370;59;627686461;11370;233;12113;12293;9.77;0.60;246.62;12.55;743;59;4223.00;180
11373;59;627686472;11373;239;12123;12306;9.65;0.59;246.60;12.58;750;59;4224.00;183
11377;59;627686483;11377;244;12123;12306;9.55;0.58;246.56;12.58;746;59;4225.00;183
11379;59;627686494;11379;246;12125;12306;9.47;0.58;246.55;12.60;746;59;4226.00;181
11379;59;627686505;11379;248;12126;12307;9.42;0.58;246.55;12.60;747;59;4227.00;181
11381;59;627686515;11381;252;12129;12308;9.27;0.57;246.54;12.63;748;59;4228.00;179
11384;59;627686525;11384;256;12130;12308;9.18;0.56;246.53;12.64;746;59;4229.00;178
11386;59;627686538;11386;255;12136;12314;9.12;0.56;246.51;12.65;750;59;4230.00;178
11387;59;627686549;11387;252;12137;12314;9.09;0.56;246.50;12.65;750;59;4231.00;177
11390;59;627686559;11390;254;12139;12314;9.01;0.56;246.49;12.67;749;59;4232.00;175
11394;59;627686572;11394;256;12139;12314;8.97;0.55;246.53;12.67;745;59;4233.00;175
11399;59;627686584;11399;257;12143;12320;8.98;0.55;246.58;12.67;744;59;4234.00;177
11400;59;627686597;11400;255;12145;12320;8.89;0.55;246.58;12.69;745;59;4235.00;175
11404;59;627686607;11404;252;12145;12320;8.84;0.54;246.56;12.69;741;59;4236.00;175
11413;59;627686617;11413;258;12147;12320;8.72;0.53;246.59;12.71;734;59;4237.00;173
11415;59;627686627;11415;269;12150;12324;8.64;0.53;246.57;12.71;735;59;4238.00;174
11418;59;627686639;11418;270;12152;12325;8.59;0.53;246.56;12.71;734;59;4239.00;173
11423;59;627686651;11423;267;12154;12325;8.50;0.52;246.52;12.73;731;59;4240.00;171
11425;59;627686661;11425;266;12155;12326;8.44;0.52;246.51;12.73;730;59;4241.00;171
11429;59;627686671;11429;267;12155;12326;8.34;0.51;246.49;12.73;726;59;4242.00;171
11434;59;627686680;11434;266;12157;12326;8.24;0.50;246.49;12.74;723;59;4243.00;169
11439;59;627686691;11439;263;12158;12326;8.15;0.50;246.50;12.75;719;59;4244.00;168
11442;59;627686701;11442;259;12159;12326;8.05;0.49;246.50;12.75;717;59;4245.00;167
11445;59;627686710;11445;255;12161;12326;7.94;0.49;246.56;12.76;716;59;4246.00;165
11449;59;627686721;11449;251;12161;12326;7.84;0.48;246.56;12.76;712;59;4247.00;165
11453;59;627686731;11453;262;12196;12396;7.76;0.48;246.57;12.73;743;59;4248.00;200
11458;59;627686745;11458;260;12201;12397;7.62;0.47;246.57;12.74;743;59;4249.00;196
11461;59;627686755;11461;253;12205;12397;7.60;0.47;246.59;12.74;744;59;4250.00;192
11467;59;627686766;11467;251;12213;12397;7.55;0.47;246.62;12.76;746;59;4251.00;184
11472;59;627686776;11472;247;12216;12397;7.49;0.46;246.64;12.76;744;59;4252.00;181
11477;59;627686787;11477;246;12221;12397;7.44;0.46;246.66;12.77;744;59;4253.00;176
11482;59;627686796;11482;250;12225;12397;7.38;0.45;246.66;12.77;743;59;4254.00;172
11486;59;627686805;11486;249;12229;12397;7.43;0.46;246.72;12.77;743;59;4255.00;168
11488;59;627686815;11488;251;12232;12398;7.44;0.46;246.79;12.77;744;59;4256.00;166
11493;59;627686825;11493;243;12236;12399;7.40;0.45;246.81;12.78;743;59;4257.00;163
11499;59;627686835;11499;235;12238;12399;7.43;0.46;246.84;12.79;739;59;4258.00;161
11500;59;627686845;11500;237;12243;12403;7.49;0.46;246.84;12.79;743;59;4259.00;160
11504;59;627686864;11504;236;12245;12403;7.57;0.47;246.85;12.94;741;59;4260.00;158
11508;59;627686875;11508;237;12246;12403;7.56;0.46;246.88;12.95;738;59;4261.00;157
11510;59;627686885;11510;236;12247;12403;7.60;0.47;246.91;12.95;737;59;4262.00;156
11515;59;627686895;11515;237;12251;12409;7.59;0.47;246.92;12.95;736;59;4263.00;158
11518;59;627686906;11518;243;12253;12409;7.64;0.47;246.92;12.96;735;59;4264.00;156
11521;59;627686915;11521;244;12254;12409;7.70;0.47;246.93;12.96;733;59;4265.00;155
11526;59;627686924;11526;238;12256;12412;7.78;0.48;246.89;12.96;730;59;4266.00;156
11529;59;627686934;11529;231;12256;12412;7.82;0.48;246.87;12.96;727;59;4267.00;156
11534;59;627686943;11534;234;12256;12412;7.80;0.48;246.87;12.96;722;59;4268.00;156
11536;59;627686953;11536;231;12257;12413;7.82;0.48;246.89;12.96;721;59;4269.00;156
11539;59;627686962;11539;229;12259;12414;7.86;0.48;246.92;12.96;720;59;4270.00;155
11540;59;627686971;11540;234;12260;12414;7.88;0.48;246.90;12.96;720;59;4271.00;154
11549;59;627686981;11549;231;12270;12427;7.88;0.48;246.92;12.95;721;59;4272.00;157
11554;59;627686997;11554;233;12272;12427;7.87;0.48;246.96;12.95;718;59;4273.00;155
11556;59;627687008;11556;236;12273;12427;7.93;0.49;246.98;12.95;717;59;4274.00;154
11563;59;627687018;11563;234;12276;12429;7.90;0.48;246.96;12.95;713;59;4275.00;153
11568;59;627687028;11568;234;12276;12429;7.91;0.49;246.95;12.95;708;59;4276.00;153
11572;59;627687039;11572;232;12280;12433;7.94;0.49;246.97;12.95;708;59;4277.00;153
11578;59;627687048;11578;236;12280;12433;7.88;0.48;247.11;12.95;702;59;4278.00;153
11585;59;627687064;11585;238;12284;12437;7.82;0.48;247.09;12.95;699;59;4279.00;153
11589;59;627687074;11589;245;12284;12437;7.81;0.48;247.08;12.95;695;59;4280.00;153
11594;59;627687084;11594;245;12285;12437;7.77;0.48;247.09;12.95;691;59;4281.00;152
11599;59;627687094;11599;248;12285;12437;7.79;0.48;247.13;12.95;686;59;4282.00;152
11602;59;627687103;11602;254;12286;12437;7.92;0.48;247.12;12.95;684;59;4283.00;151
11606;59;627687113;11606;260;12296;12449;8.01;0.49;247.15;12.94;690;59;4284.00;153
11610;59;627687123;11610;261;12297;12449;7.98;0.48;247.11;12.94;687;59;4285.00;152
11611;59;627687132;11611;270;12298;12449;7.99;0.49;247.13;12.93;687;59;4286.00;151
11613;59;627687147;11613;276;12298;12449;7.95;0.48;247.14;12.93;685;59;4287.00;151
11616;59;627687157;11616;282;12299;12449;7.92;0.48;247.12;12.93;683;59;4288.00;150
11621;59;627687167;11621;285;12300;12449;7.83;0.48;247.11;13.08;679;59;4289.00;149
11623;59;627687177;11623;285;12300;12450;7.87;0.48;247.10;13.08;677;59;4290.00;150
11627;59;627687186;11627;292;12300;12450;7.77;0.47;247.05;13.08;673;59;4291.00;150
11628;59;627687201;11628;300;12304;12456;7.75;0.47;247.04;13.08;676;59;4292.00;152
11631;59;627687211;11631;307;12306;12457;7.68;0.47;247.05;13.08;675;59;4293.00;151
11633;59;627687221;11633;313;12306;12457;7.59;0.46;247.05;13.08;673;59;4294.00;151
11634;59;627687230;11634;315;12306;12457;7.50;0.46;247.04;13.08;672;59;4295.00;151
11638;59;627687239;11638;324;12309;12461;7.40;0.45;247.05;13.07;671;59;4296.00;152
11641;59;627687248;11641;318;12309;12461;7.40;0.45;247.04;13.07;668;59;4297.00;152
11643;59;627687257;11643;321;12309;12461;7.37;0.45;247.03;13.07;666;59;4298.00;152
11645;59;627687265;11645;316;12310;12462;7.41;0.45;247.03;13.07;665;59;4299.00;152
11648;59;627687276;11648;316;12313;12466;7.43;0.45;247.00;13.07;665;59;4300.00;153
11650;59;627687290;11650;314;12313;12466;7.38;0.45;246.97;13.07;663;59;4301.00;153
11650;59;627687299;11650;306;12315;12469;7.47;0.45;246.97;13.07;665;59;4302.00;154
11653;59;627687308;11653;298;12316;12469;7.46;0.45;247.01;13.07;663;59;4303.00;153
11655;59;627687317;11655;301;12316;12469;7.46;0.45;246.99;13.07;661;59;4304.00;153
11656;59;627687325;11656;300;12316;12469;7.51;0.46;247.01;13.07;660;59;4305.00;153
11657;59;627687334;11657;284;12319;12473;7.62;0.46;247.00;13.06;662;59;4306.00;154
11661;59;627687344;11661;271;12320;12473;7.72;0.47;246.97;13.06;659;59;4307.00;153
11663;59;627687353;11663;256;12320;12473;7.81;0.47;246.95;13.06;657;59;4308.00;153
11667;59;627687362;11667;244;12320;12473;7.86;0.48;246.95;13.06;653;59;4309.00;153
11668;59;627687372;11668;232;12320;12474;7.92;0.48;246.96;13.06;652;59;4310.00;154
11669;59;627687381;11669;231;12321;12475;8.02;0.49;246.95;13.06;652;59;4311.00;154
11669;59;627687391;11669;228;12321;12475;8.13;0.49;246.95;13.06;652;59;4312.00;154
11670;59;627687400;11670;225;12322;12476;8.30;0.50;246.94;13.06;652;59;4313.00;154
11672;59;627687409;11672;224;12322;12476;8.39;0.51;246.95;13.06;650;59;4314.00;154
11672;59;627687418;11672;220;12322;12476;8.49;0.51;246.95;13.06;650;59;4315.00;154
11674;59;627687428;11674;223;12322;12476;8.57;0.52;246.95;13.06;648;59;4316.00;154
11674;59;627687437;11674;218;12322;12476;8.68;0.53;246.95;13.06;648;59;4317.00;154
11676;59;627687446;11676;215;12322;12476;8.81;0.53;246.94;13.06;646;59;4318.00;154
11677;59;627687455;11677;217;12322;12476;8.93;0.54;246.94;13.06;645;59;4319.00;154
11679;59;627687466;11679;256;12435;12706;8.99;0.56;246.92;12.94;756;59;4320.00;271
11682;59;627687493;11682;246;12438;12707;9.01;0.56;246.90;12.94;756;59;4321.00;269
11682;59;627687503;11682;224;12448;12707;9.13;0.57;246.90;12.93;766;59;4322.00;259
11682;59;627687512;11682;208;12455;12707;9.24;0.58;246.90;12.93;773;59;4323.00;252
11682;59;627687523;11682;198;12461;12707;9.33;0.58;246.90;12.92;779;59;4324.00;246
11686;59;627687535;11686;189;12467;12707;9.34;0.58;246.95;12.92;781;59;4325.00;240
11686;59;627687549;11686;184;12473;12707;9.40;0.59;246.95;12.91;787;59;4326.00;234
11686;59;627687560;11686;185;12475;12707;9.45;0.59;246.95;12.91;789;59;4327.00;232
11687;59;627687570;11687;172;12481;12708;9.50;0.59;246.94;12.91;794;59;4328.00;227
11688;59;627687580;11688;172;12484;12709;9.56;0.59;246.95;12.91;796;59;4329.00;225
11688;59;627687598;11688;174;12488;12709;9.59;0.60;246.95;13.06;800;59;4330.00;221
11689;59;627687616;11689;178;12491;12710;9.62;0.60;246.94;13.06;802;59;4331.00;219
11690;59;627687627;11690;176;12493;12710;9.66;0.60;246.93;13.06;803;59;4332.00;217
11691;59;627687644;11691;173;12496;12710;9.71;0.60;246.94;13.06;805;59;4333.00;214
11693;59;627687655;11693;168;12498;12710;9.81;0.61;246.93;13.06;805;59;4334.00;212
11694;59;627687667;11694;175;12503;12714;9.88;0.61;246.92;13.06;809;59;4335.00;211
11696;59;627687678;11696;177;12504;12714;9.95;0.62;246.98;13.06;808;59;4336.00;210
11699;59;627687689;11699;176;12506;12714;9.98;0.61;246.97;13.06;807;59;4337.00;208
11700;59;627687700;11700;178;12508;12717;10.09;0.62;246.96;13.06;808;59;4338.00;209
11703;59;627687712;11703;176;12509;12717;10.10;0.62;246.96;13.06;806;59;4339.00;208
11703;59;627687731;11703;177;12510;12717;10.15;0.62;246.96;13.06;807;59;4340.00;207
11706;59;627687747;11706;180;12514;12721;10.24;0.63;246.95;13.05;808;59;4341.00;207
11706;59;627687767;11706;183;12516;12722;10.41;0.64;246.95;13.05;810;59;4342.00;206
11706;59;627687786;11706;184;12516;12722;10.53;0.64;246.95;13.05;810;59;4343.00;206
11712;59;627687802;11712;181;12518;12726;10.54;0.64;246.95;13.05;806;59;4344.00;208
11715;59;627687820;11715;178;12519;12726;10.64;0.65;246.91;13.05;804;59;4345.00;207
11718;59;627687839;11718;180;12519;12726;10.68;0.65;246.94;13.05;801;59;4346.00;207
11723;59;627687853;11723;182;12521;12727;10.68;0.65;246.95;13.20;798;59;4347.00;206
11726;59;627687866;11726;186;12523;12727;10.72;0.65;246.94;13.20;797;59;4348.00;204
11730;59;627687878;11730;184;12526;12733;10.69;0.65;246.96;13.20;796;59;4349.00;207
11734;59;627687893;11734;184;12527;12733;10.63;0.65;246.94;13.20;793;59;4350.00;206
11736;59;627687906;11736;183;12527;12734;10.61;0.65;246.96;13.20;791;59;4351.00;207
11738;59;627687919;11738;178;12528;12734;10.58;0.64;246.95;13.20;790;59;4352.00;206
11742;59;627687931;11742;178;12529;12734;10.51;0.64;246.95;13.20;787;59;4353.00;205
11748;59;627687943;11748;176;12530;12734;10.44;0.63;247.00;13.20;782;59;4354.00;204
11750;59;627687955;11750;180;12533;12734;10.44;0.63;246.99;13.22;783;59;4355.00;201
11755;59;627687968;11755;174;12545;12746;10.39;0.63;246.98;13.36;790;59;4356.00;201
11758;59;627687982;11758;168;12546;12746;10.41;0.63;246.98;13.36;788;59;4357.00;200
11760;59;627687993;11760;161;12547;12746;10.50;0.64;246.98;13.35;787;59;4358.00;199
11766;59;627688006;11766;154;12547;12746;10.59;0.64;246.98;13.35;781;59;4359.00;199
11767;59;627688018;11767;153;12547;12746;10.67;0.65;246.99;13.35;780;59;4360.00;199
11771;59;627688030;11771;148;12548;12746;10.84;0.66;247.02;13.50;777;59;4361.00;198
11775;59;627688042;11775;145;12551;12750;10.88;0.66;247.06;13.50;776;59;4362.00;199
11777;59;627688054;11777;145;12551;12750;10.95;0.66;247.07;13.50;774;59;4363.00;199
11779;59;627688065;11779;144;12554;12754;11.07;0.67;247.05;13.64;775;59;4364.00;200
11783;59;627688078;11783;147;12557;12756;11.12;0.67;247.10;13.64;774;59;4365.00;199
11786;59;627688090;11786;156;12557;12756;11.15;0.67;247.11;13.64;771;59;4366.00;199
11788;59;627688110;11788;155;12558;12756;11.10;0.67;247.14;13.64;770;59;4367.00;198
11790;59;627688128;11790;164;12568;12769;11.04;0.67;247.13;13.78;778;59;4368.00;201
11792;59;627688142;11792;164;12569;12769;10.97;0.66;247.17;13.78;777;59;4369.00;200
11792;59;627688153;11792;165;12571;12769;10.97;0.66;247.17;13.92;779;59;4370.00;198
11793;59;627688172;11793;167;12572;12770;10.93;0.66;247.16;13.92;779;59;4371.00;198
11796;59;627688184;11796;169;12573;12771;10.89;0.66;247.18;13.93;777;59;4372.00;198
11797;59;627688202;11797;172;12573;12771;10.86;0.66;247.21;13.93;776;59;4373.00;198
11799;59;627688214;11799;177;12575;12774;10.86;0.66;247.22;13.92;776;59;4374.00;199
11801;59;627688227;11801;178;12577;12774;10.85;0.66;247.22;13.93;776;59;4375.00;197
11804;59;627688239;11804;181;12577;12774;10.85;0.66;247.22;13.93;773;59;4376.00;197
11806;59;627688252;11806;190;12578;12774;10.84;0.66;247.23;13.93;772;59;4377.00;196
11809;59;627688264;11809;195;12582;12780;10.90;0.66;247.24;13.93;773;59;4378.00;198
11811;59;627688277;11811;202;12583;12780;10.85;0.66;247.23;13.93;772;59;4379.00;197
11812;59;627688291;11812;204;12585;12780;10.72;0.65;247.24;13.94;773;59;4380.00;195
11815;59;627688303;11815;213;12587;12780;10.60;0.64;247.21;13.96;772;59;4381.00;193
11818;59;627688316;11818;213;12591;12784;10.44;0.63;247.23;13.97;773;59;4382.00;193
11821;59;627688328;11821;216;12592;12785;10.29;0.62;247.20;13.97;771;59;4383.00;193
11826;59;627688340;11826;225;12594;12785;10.18;0.62;247.17;13.99;768;59;4384.00;191
11828;59;627688352;11828;230;12595;12786;10.13;0.62;247.19;13.99;767;59;4385.00;191
11830;59;627688364;11830;229;12599;12786;10.07;0.61;247.22;14.02;769;59;4386.00;187
11833;59;627688375;11833;231;12600;12786;10.07;0.61;247.18;14.03;767;59;4387.00;186
11836;59;627688387;11836;235;12604;12786;10.00;0.61;247.21;14.07;768;59;4388.00;182
11836;59;627688401;11836;241;12606;12786;9.94;0.61;247.21;14.09;770;59;4389.00;180
11838;59;627688412;11838;246;12606;12786;9.87;0.60;247.21;14.09;768;59;4390.00;180
11841;59;627688424;11841;247;12610;12786;9.74;0.59;247.20;14.12;769;59;4391.00;176
11842;59;627688435;11842;254;12646;12856;9.67;0.59;247.22;14.10;804;59;4392.00;210
11847;59;627688453;11847;255;12650;12857;9.54;0.58;247.23;14.10;803;59;4393.00;207
11849;59;627688464;11849;259;12660;12857;9.51;0.58;247.22;14.11;811;59;4394.00;197
11852;59;627688477;11852;263;12662;12857;9.45;0.58;247.24;14.12;810;59;4395.00;195
11853;59;627688488;11853;269;12670;12857;9.40;0.57;247.23;14.12;817;59;4396.00;187
11855;59;627688499;11855;274;12673;12857;9.34;0.57;247.21;14.13;818;59;4397.00;184
11859;59;627688511;11859;282;12678;12857;9.27;0.57;247.28;14.13;819;59;4398.00;179
11860;60;627688523;11860;287;12682;12857;9.21;0.56;247.27;14.15;822;60;4399.00;175
11861;60;627688554;11861;286;12686;12858;9.17;0.56;247.27;14.14;825;60;4400.00;172
11865;60;627688570;11865;282;12688;12859;9.03;0.55;247.28;14.15;823;60;4401.00;171
11870;60;627688588;11870;274;12691;12859;8.88;0.54;247.24;14.16;821;60;4402.00;168
11873;60;627688600;11873;276;12693;12863;8.81;0.54;247.22;14.16;820;60;4403.00;170
11876;60;627688612;11876;274;12694;12863;8.70;0.53;247.24;14.17;818;60;4404.00;169
11878;60;627688624;11878;276;12695;12863;8.72;0.53;247.26;14.18;817;60;4405.00;168
11884;60;627688635;11884;276;12696;12863;8.74;0.53;247.21;14.19;812;60;4406.00;167
11886;60;627688647;11886;284;12702;12869;8.77;0.54;247.23;14.19;816;60;4407.00;167
11888;60;627688660;11888;285;12703;12869;8.79;0.54;247.26;14.19;815;60;4408.00;166
11889;60;627688671;11889;289;12704;12869;8.79;0.54;247.26;14.20;815;60;4409.00;165
11893;60;627688684;11893;289;12708;12875;8.82;0.54;247.29;14.20;815;60;4410.00;167
11899;60;627688697;11899;290;12712;12875;8.72;0.53;247.30;14.21;813;60;4411.00;163
11904;60;627688709;11904;295;12712;12875;8.63;0.53;247.31;14.21;808;60;4412.00;163
11910;60;627688723;11910;294;12713;12876;8.43;0.52;247.35;14.21;803;60;4413.00;163
11916;60;627688735;11916;293;12715;12877;8.22;0.50;247.32;14.22;799;60;4414.00;162
11920;60;627688747;11920;291;12716;12877;8.08;0.49;247.39;14.22;796;60;4415.00;161
11924;60;627688758;11924;293;12727;12890;7.86;0.48;247.39;14.21;803;60;4416.00;163
11930;60;627688771;11930;290;12728;12890;7.68;0.47;247.42;14.21;798;60;4417.00;162
11938;60;627688782;11938;295;12729;12890;7.42;0.45;247.37;14.22;791;60;4418.00;161
11944;60;627688792;11944;292;12731;12891;7.19;0.44;247.42;14.22;787;60;4419.00;160
11946;60;627688802;11946;292;12732;12891;7.08;0.43;247.43;14.23;786;60;4420.00;159
11950;60;627688813;11950;293;12735;12895;7.06;0.43;247.42;14.22;785;60;4421.00;160
11956;60;627688824;11956;295;12736;12895;7.01;0.43;247.50;14.22;780;60;4422.00;159
11959;60;627688835;11959;292;12740;12899;6.98;0.43;247.50;14.23;781;60;4423.00;159
11961;60;627688846;11961;291;12742;12899;7.03;0.43;247.52;14.23;781;60;4424.00;157
11965;60;627688855;11965;287;12742;12899;7.06;0.43;247.55;14.23;777;60;4425.00;157
11968;60;627688865;11968;278;12742;12899;7.14;0.44;247.55;14.23;774;60;4426.00;157
11971;60;627688875;11971;270;12742;12899;7.23;0.44;247.57;14.23;771;60;4427.00;157
11972;60;627688884;11972;264;12754;12911;7.35;0.45;247.57;14.22;782;60;4428.00;157
11976;60;627688895;11976;260;12756;12911;7.38;0.46;247.60;14.22;780;60;4429.00;155
11980;60;627688905;11980;257;12756;12911;7.42;0.46;247.59;14.22;776;60;4430.00;155
11983;60;627688920;11983;259;12756;12911;7.49;0.46;247.61;14.22;773;60;4431.00;155
11986;60;627688930;11986;252;12756;12911;7.49;0.46;247.60;14.22;770;60;4432.00;155
11989;60;627688939;11989;250;12756;12911;7.53;0.47;247.62;14.22;767;60;4433.00;155
11991;60;627688949;11991;254;12756;12912;7.62;0.47;247.65;14.22;765;60;4434.00;156
11993;60;627688958;11993;250;12756;12912;7.74;0.48;247.64;14.22;763;60;4435.00;156
12001;60;627688968;12001;247;12761;12918;7.74;0.47;247.58;14.22;760;60;4436.00;157
12004;60;627688979;12004;245;12762;12919;7.73;0.47;247.59;14.21;758;60;4437.00;157
12006;60;627688989;12006;238;12762;12919;7.77;0.48;247.57;14.21;756;60;4438.00;157
12011;60;627688999;12011;238;12762;12919;7.83;0.48;247.55;14.21;751;60;4439.00;157
12013;60;627689010;12013;237;12766;12924;7.90;0.48;247.53;14.21;753;60;4440.00;158
12017;60;627689020;12017;247;12766;12924;7.91;0.48;247.58;14.21;749;60;4441.00;158
12021;60;627689030;12021;248;12766;12924;7.86;0.48;247.58;14.21;745;60;4442.00;158
12023;60;627689039;12023;250;12767;12925;7.88;0.48;247.56;14.21;744;60;4443.00;158
12027;60;627689049;12027;252;12770;12929;7.92;0.48;247.62;14.21;743;60;4444.00;159
12032;61;627689065;12032;256;12770;12929;7.91;0.48;247.60;14.21;738;61;4445.00;159
12033;61;627689092;12033;252;12772;12932;7.91;0.48;247.59;14.20;739;61;4446.00;160
12036;61;627689101;12036;260;12773;12932;7.97;0.49;247.59;14.20;737;61;4447.00;159
12041;61;627689111;12041;252;12773;12932;7.94;0.49;247.54;14.20;732;61;4448.00;159
12046;61;627689120;12046;248;12773;12932;7.87;0.48;247.55;14.20;727;61;4449.00;159
12050;61;627689129;12050;252;12776;12936;7.84;0.48;247.54;14.20;726;61;4450.00;160
12056;61;627689139;12056;258;12776;12936;7.79;0.48;247.54;14.20;720;61;4451.00;160
12062;61;627689149;12062;264;12777;12936;7.72;0.47;247.51;14.20;715;61;4452.00;159
12066;61;627689158;12066;267;12777;12936;7.69;0.47;247.51;14.20;711;61;4453.00;159
12071;61;627689167;12071;271;12777;12937;7.63;0.46;247.54;14.20;706;61;4454.00;160
12073;61;627689176;12073;273;12779;12939;7.61;0.46;247.52;14.20;706;61;4455.00;160
12076;61;627689185;12076;279;12779;12939;7.60;0.46;247.50;14.20;703;61;4456.00;160
12082;61;627689194;12082;281;12780;12940;7.60;0.46;247.49;14.19;698;61;4457.00;160
12084;61;627689203;12084;285;12780;12940;7.58;0.46;247.48;14.19;696;61;4458.00;160
12090;61;627689212;12090;294;12780;12940;7.43;0.45;247.50;14.19;690;61;4459.00;160
12094;61;627689220;12094;298;12780;12940;7.28;0.44;247.48;14.19;686;61;4460.00;160
12095;61;627689228;12095;308;12780;12940;7.17;0.43;247.46;14.19;685;61;4461.00;160
12098;61;627689236;12098;319;12780;12940;7.03;0.43;247.47;14.19;682;61;4462.00;160
12100;61;627689245;12100;323;12780;12940;6.92;0.42;247.49;14.19;680;61;4463.00;160
12101;61;627689253;12101;343;12849;13067;7.40;0.46;247.48;14.12;748;61;4464.00;218
12101;61;627689271;12101;344;12851;13068;7.37;0.46;247.48;14.12;750;61;4465.00;217
12104;61;627689280;12104;347;12861;13068;7.52;0.47;247.44;14.11;757;61;4466.00;207
12104;61;627689288;12104;335;12862;13068;7.51;0.47;247.44;14.11;758;61;4467.00;206
12106;61;627689297;12106;325;12869;13068;7.59;0.47;247.47;14.10;763;61;4468.00;199
12106;61;627689306;12106;324;12873;13068;7.60;0.47;247.47;14.10;767;61;4469.00;195
12107;61;627689317;12107;319;12879;13068;7.62;0.47;247.47;14.09;772;61;4470.00;189
12109;61;627689326;12109;317;12883;13068;7.62;0.47;247.46;14.09;774;61;4471.00;185
12109;61;627689341;12109;315;12888;13069;7.67;0.47;247.46;14.09;779;61;4472.00;181
12109;61;627689352;12109;316;12889;13070;7.65;0.47;247.46;14.09;780;61;4473.00;181
12109;61;627689362;12109;319;12891;13070;7.59;0.47;247.46;14.24;782;61;4474.00;179
12110;61;627689372;12110;314;12893;13071;7.59;0.47;247.46;14.24;783;61;4475.00;178
12111;61;627689382;12111;290;12894;13071;7.58;0.47;247.46;14.24;783;61;4476.00;177
12111;61;627689393;12111;267;12896;13071;7.69;0.48;247.46;14.24;785;61;4477.00;175
12112;61;627689403;12112;245;12897;13071;7.79;0.48;247.45;14.24;785;61;4478.00;174
12113;61;627689413;12113;237;12901;13075;7.96;0.49;247.46;14.24;788;61;4479.00;174
12115;61;627689425;12115;229;12902;13075;8.09;0.50;247.46;14.24;787;61;4480.00;173
12115;61;627689437;12115;212;12902;13075;8.30;0.51;247.46;14.24;787;61;4481.00;173
12116;61;627689454;12116;204;12905;13078;8.60;0.53;247.45;14.23;789;61;4482.00;173
12116;61;627689466;12116;199;12905;13078;8.77;0.54;247.45;14.23;789;61;4483.00;173
12119;61;627689478;12119;193;12906;13078;8.94;0.55;247.42;14.23;787;61;4484.00;172
12122;61;627689495;12122;191;12909;13082;9.09;0.56;247.41;14.23;787;61;4485.00;173
12125;61;627689507;12125;179;12911;13083;9.25;0.56;247.41;14.23;786;61;4486.00;172
12128;62;627689526;12128;177;12911;13083;9.39;0.57;247.38;14.23;783;62;4487.00;172
12128;62;627689554;12128;169;12915;13087;9.58;0.59;247.38;14.22;787;62;4488.00;172
12131;62;627689565;12131;158;12915;13087;9.77;0.60;247.35;14.22;784;62;4489.00;172
12132;62;627689577;12132;153;12915;13087;9.93;0.61;247.36;14.22;783;62;4490.00;172
12134;62;627689589;12134;149;12916;13088;10.10;0.62;247.33;14.22;782;62;4491.00;172
12136;62;627689601;12136;145;12916;13088;10.23;0.62;247.37;14.22;780;62;4492.00;172
12137;62;627689612;12137;143;12920;13094;10.34;0.63;247.36;14.22;783;62;4493.00;174
12137;62;627689624;12137;142;12920;13094;10.48;0.64;247.36;14.22;783;62;4494.00;174
12138;62;627689635;12138;143;12921;13095;10.61;0.65;247.35;14.22;783;62;4495.00;174
12141;62;627689646;12141;140;12921;13095;10.65;0.65;247.39;14.22;780;62;4496.00;174
12145;62;627689658;12145;137;12921;13095;10.74;0.65;247.36;14.22;776;62;4497.00;174
12149;62;627689669;12149;137;12921;13095;10.75;0.65;247.35;14.22;772;62;4498.00;174
12155;62;627689681;12155;133;12921;13095;10.75;0.65;247.36;14.22;766;62;4499.00;174
12158;62;627689695;12158;129;12944;13145;10.72;0.65;247.35;14.19;786;62;4500.00;201
12161;62;627689715;12161;128;12946;13147;10.77;0.66;247.35;14.19;785;62;4501.00;201
12166;62;627689738;12166;124;12948;13147;10.78;0.66;247.38;14.19;782;62;4502.00;199
12168;62;627689757;12168;128;12948;13147;10.88;0.66;247.38;14.19;780;62;4503.00;199
12171;62;627689776;12171;134;12949;13147;10.99;0.67;247.39;14.19;778;62;4504.00;198
12173;62;627689792;12173;130;12949;13147;11.00;0.67;247.39;14.19;776;62;4505.00;198
12174;62;627689809;12174;135;12955;13151;11.04;0.67;247.39;14.18;781;62;4506.00;196
12176;62;627689826;12176;135;12955;13151;11.12;0.68;247.41;14.18;779;62;4507.00;196
12177;63;627689841;12177;134;12959;13155;11.22;0.68;247.40;14.18;782;63;4508.00;196
12179;63;627689868;12179;131;12960;13156;11.39;0.69;247.42;14.18;781;63;4509.00;196
12185;63;627689880;12185;134;12961;13156;11.38;0.69;247.42;14.18;776;63;4510.00;195
12186;63;627689897;12186;137;12961;13156;11.49;0.70;247.41;14.18;775;63;4511.00;195
12190;63;627689909;12190;139;12969;13169;11.43;0.69;247.40;14.17;779;63;4512.00;200
12192;63;627689922;12192;141;12969;13169;11.43;0.69;247.41;14.17;777;63;4513.00;200
12193;63;627689934;12193;143;12969;13169;11.44;0.69;247.40;14.17;776;63;4514.00;200
12197;63;627689945;12197;141;12970;13170;11.46;0.70;247.45;14.17;773;63;4515.00;200
12200;63;627689957;12200;145;12971;13171;11.47;0.70;247.43;14.17;771;63;4516.00;200
12206;63;627689971;12206;140;12971;13171;11.48;0.70;247.45;14.17;765;63;4517.00;200
12210;63;627689982;12210;143;12974;13174;11.52;0.70;247.44;14.17;764;63;4518.00;200
12211;63;627689994;12211;144;12974;13174;11.52;0.70;247.43;14.17;763;63;4519.00;200
12216;63;627690007;12216;149;12974;13174;11.54;0.70;247.41;14.17;758;63;4520.00;200
12218;63;627690021;12218;142;12974;13174;11.58;0.71;247.42;14.17;756;63;4521.00;200
12222;63;627690034;12222;135;12978;13180;11.52;0.70;247.43;14.17;756;63;4522.00;202
12224;63;627690046;12224;133;12978;13180;11.56;0.71;247.42;14.17;754;63;4523.00;202
12229;63;627690057;12229;126;12979;13180;11.55;0.71;247.40;14.17;750;63;4524.00;201
12233;63;627690068;12233;125;12980;13180;11.54;0.70;247.39;14.18;747;63;4525.00;200
12235;63;627690080;12235;120;12983;13184;11.52;0.70;247.37;14.18;748;63;4526.00;201
12239;63;627690091;12239;117;12984;13185;11.65;0.71;247.38;14.18;745;63;4527.00;201
12245;63;627690103;12245;116;12985;13185;11.69;0.71;247.39;14.18;740;63;4528.00;200
12248;63;627690114;12248;115;12986;13186;11.77;0.72;247.37;14.18;738;63;4529.00;200
12251;63;627690133;12251;113;12987;13186;11.81;0.72;247.42;14.18;736;63;4530.00;199
12256;63;627690144;12256;116;12987;13186;11.85;0.72;247.43;14.18;731;63;4531.00;199
12259;63;627690155;12259;119;12988;13186;11.98;0.73;247.45;14.19;729;63;4532.00;198
12267;64;627690167;12267;120;12988;13186;12.02;0.73;247.47;14.19;721;64;4533.00;198
12273;64;627690185;12273;121;12989;13186;12.03;0.73;247.43;14.19;716;64;4534.00;197
12276;64;627690197;12276;117;12990;13186;12.04;0.73;247.48;14.19;714;64;4535.00;196
12280;64;627690214;12280;127;13027;13256;11.83;0.72;247.46;14.15;747;64;4536.00;229
12284;64;627690231;12284;127;13029;13257;11.78;0.72;247.48;14.15;745;64;4537.00;228
12287;64;627690243;12287;127;13036;13257;11.82;0.72;247.46;14.15;749;64;4538.00;221
12290;64;627690254;12290;134;13039;13257;11.79;0.72;247.47;14.15;749;64;4539.00;218
12293;64;627690266;12293;138;13043;13257;11.75;0.71;247.46;14.15;750;64;4540.00;214
12298;64;627690278;12298;137;13047;13257;11.72;0.71;247.48;14.15;749;64;4541.00;210
12301;64;627690290;12301;137;13049;13257;11.71;0.71;247.48;14.15;748;64;4542.00;208
12305;64;627690301;12305;142;13056;13257;11.70;0.71;247.47;14.15;751;64;4543.00;201
12308;64;627690317;12308;141;13059;13258;11.65;0.71;247.48;14.15;751;64;4544.00;199
12310;64;627690328;12310;148;13061;13260;11.61;0.71;247.50;14.14;751;64;4545.00;199
12312;64;627690340;12312;146;13063;13260;11.55;0.70;247.50;14.14;751;64;4546.00;197
12313;64;627690352;12313;149;13067;13264;11.39;0.69;247.50;14.15;754;64;4547.00;197
12315;64;627690364;12315;150;13068;13264;11.24;0.68;247.50;14.15;753;64;4548.00;196
12316;64;627690376;12316;154;13069;13264;11.16;0.68;247.50;14.15;753;64;4549.00;195
12320;64;627690387;12320;162;13071;13264;11.01;0.67;247.48;14.17;751;64;4550.00;193
12323;64;627690398;12323;168;13075;13270;10.94;0.66;247.48;14.17;752;64;4551.00;195
12323;64;627690411;12323;178;13078;13270;10.86;0.66;247.48;14.19;755;64;4552.00;192
12324;64;627690422;12324;182;13079;13270;10.81;0.66;247.47;14.19;755;64;4553.00;191
12325;64;627690433;12325;191;13082;13273;10.70;0.65;247.47;14.20;757;64;4554.00;191
12328;64;627690446;12328;198;13084;13273;10.56;0.64;247.46;14.21;756;64;4555.00;189
12329;64;627690458;12329;199;13086;13273;10.46;0.64;247.46;14.22;757;64;4556.00;187
12333;64;627690470;12333;203;13087;13274;10.39;0.63;247.43;14.22;754;64;4557.00;187
12336;64;627690481;12336;211;13090;13275;10.34;0.63;247.48;14.24;754;64;4558.00;185
12338;64;627690492;12338;217;13091;13275;10.31;0.63;247.47;14.24;753;64;4559.00;184
12339;64;627690504;12339;225;13106;13301;10.20;0.62;247.46;14.22;767;64;4560.00;195
12341;64;627690517;12341;227;13111;13301;10.10;0.62;247.44;14.22;770;64;4561.00;190
12343;65;627690527;12343;234;13114;13301;9.98;0.61;247.46;14.23;771;65;4562.00;187
12346;65;627690558;12346;245;13115;13302;9.95;0.61;247.45;14.23;769;65;4563.00;187
12346;65;627690568;12346;250;13118;13302;9.91;0.60;247.45;14.25;772;65;4564.00;184
12349;65;627690578;12349;255;13121;13306;9.80;0.60;247.45;14.25;772;65;4565.00;185
12355;65;627690587;12355;261;13124;13306;9.63;0.59;247.43;14.26;769;65;4566.00;182
12357;65;627690598;12357;271;13128;13310;9.46;0.58;247.42;14.26;771;65;4567.00;182
12358;65;627690609;12358;275;13129;13310;9.35;0.57;247.42;14.28;771;65;4568.00;181
12360;65;627690618;12360;271;13130;13310;9.22;0.56;247.41;14.28;770;65;4569.00;180
12364;65;627690627;12364;269;13132;13310;9.02;0.55;247.39;14.30;768;65;4570.00;178
12367;65;627690639;12367;267;13134;13310;8.84;0.54;247.43;14.31;767;65;4571.00;176
12372;65;627690649;12372;269;13144;13322;8.78;0.54;247.43;14.30;772;65;4572.00;178
12374;65;627690662;12374;270;13146;13322;8.67;0.53;247.43;14.31;772;65;4573.00;176
12376;65;627690673;12376;270;13146;13322;8.58;0.52;247.40;14.31;770;65;4574.00;176
12378;65;627690685;12378;271;13147;13322;8.58;0.52;247.40;14.32;769;65;4575.00;175
12380;65;627690695;12380;269;13149;13322;8.53;0.52;247.39;14.34;769;65;4576.00;173
12380;65;627690705;12380;270;13149;13322;8.54;0.52;247.39;14.34;769;65;4577.00;173
12382;65;627690714;12382;271;13150;13323;8.50;0.52;247.46;14.35;768;65;4578.00;173
12384;65;627690724;12384;281;13150;13323;8.52;0.52;247.44;14.35;766;65;4579.00;173
12387;65;627690736;12387;280;13158;13329;8.48;0.52;247.43;14.37;771;65;4580.00;171
12389;66;627690748;12389;286;13160;13330;8.41;0.52;247.41;14.38;771;66;4581.00;170
12393;66;627690769;12393;286;13161;13330;8.28;0.51;247.41;14.38;768;66;4582.00;169
12394;66;627690779;12394;287;13161;13330;8.21;0.50;247.40;14.38;767;66;4583.00;169
12398;66;627690788;12398;291;13164;13334;8.13;0.50;247.39;14.38;766;66;4584.00;170
12403;66;627690797;12403;300;13166;13334;7.95;0.49;247.39;14.40;763;66;4585.00;168
12407;66;627690806;12407;304;13168;13334;7.83;0.48;247.38;14.42;761;66;4586.00;166
12409;66;627690815;12409;310;13170;13335;7.67;0.47;247.39;14.43;761;66;4587.00;165
12412;66;627690824;12412;320;13173;13339;7.51;0.46;247.39;14.42;761;66;4588.00;166
12417;66;627690833;12417;326;13173;13339;7.35;0.45;247.39;14.42;756;66;4589.00;166
12422;66;627690843;12422;319;13177;13345;7.17;0.44;247.37;14.43;755;66;4590.00;168
12423;66;627690853;12423;320;13178;13345;7.07;0.43;247.36;14.44;755;66;4591.00;167
12425;66;627690861;12425;312;13179;13345;7.00;0.43;247.36;14.44;754;66;4592.00;166
12430;66;627690869;12430;308;13181;13345;6.92;0.43;247.36;14.45;751;66;4593.00;164
12433;66;627690877;12433;307;13183;13349;6.89;0.43;247.35;14.44;750;66;4594.00;166
12436;66;627690886;12436;312;13184;13349;6.92;0.43;247.35;14.44;748;66;4595.00;165
12439;66;627690895;12439;307;13184;13349;6.88;0.43;247.36;14.44;745;66;4596.00;165
12444;66;627690903;12444;296;13185;13349;6.86;0.42;247.30;14.44;741;66;4597.00;164
12446;66;627690911;12446;291;13185;13350;6.88;0.42;247.34;14.44;739;66;4598.00;165
12452;66;627690920;12452;287;13187;13351;6.89;0.42;247.34;14.44;735;66;4599.00;164
12452;66;627690931;12452;285;13187;13351;6.93;0.43;247.34;14.44;735;66;4600.00;164
12455;66;627690943;12455;285;13188;13352;6.99;0.43;247.39;14.44;733;66;4601.00;164
12457;66;627690952;12457;287;13188;13352;7.02;0.43;247.39;14.44;731;66;4602.00;164
12462;66;627690961;12462;283;13188;13352;7.03;0.43;247.38;14.44;726;66;4603.00;164
12466;66;627690970;12466;286;13188;13352;7.01;0.43;247.35;14.44;722;66;4604.00;164
12472;66;627690978;12472;281;13188;13352;6.94;0.42;247.35;14.44;716;66;4605.00;164
12476;66;627690987;12476;283;13188;13352;6.91;0.42;247.37;14.44;712;66;4606.00;164
12480;66;627690995;12480;279;13188;13352;6.95;0.43;247.36;14.44;708;66;4607.00;164
12482;66;627691003;12482;282;13256;13479;7.58;0.47;247.37;14.36;774;66;4608.00;223
12486;66;627691021;12486;286;13259;13480;7.53;0.47;247.36;14.36;773;66;4609.00;221
12491;66;627691032;12491;282;13267;13480;7.64;0.47;247.32;14.35;776;66;4610.00;213
12494;66;627691041;12494;283;13272;13480;7.61;0.47;247.29;14.35;778;66;4611.00;208
12497;66;627691050;12497;291;13280;13480;7.63;0.47;247.30;14.34;783;66;4612.00;200
12499;66;627691060;12499;290;13284;13480;7.58;0.47;247.29;14.34;785;66;4613.00;196
12504;66;627691069;12504;296;13291;13480;7.52;0.47;247.25;14.34;787;66;4614.00;189
12506;66;627691078;12506;293;13293;13480;7.43;0.46;247.27;14.34;787;66;4615.00;187
12509;66;627691087;12509;288;13297;13481;7.41;0.46;247.25;14.33;788;66;4616.00;184
12515;66;627691097;12515;290;13297;13482;7.37;0.45;247.32;14.33;782;66;4617.00;185
12519;66;627691107;12519;299;13299;13482;7.32;0.45;247.32;14.33;780;66;4618.00;183
12520;66;627691116;12520;302;13300;13483;7.33;0.45;247.32;14.33;780;66;4619.00;183
12524;66;627691128;12524;304;13302;13483;7.30;0.45;247.35;14.33;778;66;4620.00;181
12526;66;627691138;12526;308;13302;13483;7.20;0.44;247.34;14.33;776;66;4621.00;181
12532;66;627691147;12532;311;13305;13483;7.12;0.44;247.35;14.33;773;66;4622.00;178
12532;66;627691157;12532;313;13307;13487;7.16;0.44;247.35;14.33;775;66;4623.00;180
12536;66;627691167;12536;318;13309;13487;7.15;0.44;247.34;14.33;773;66;4624.00;178
12537;66;627691177;12537;319;13310;13487;7.20;0.44;247.35;14.33;773;66;4625.00;177
12541;66;627691186;12541;320;13313;13490;7.23;0.44;247.36;14.33;772;66;4626.00;177
12542;66;627691196;12542;309;13314;13490;7.27;0.45;247.34;14.33;772;66;4627.00;176
12543;66;627691207;12543;304;13314;13490;7.30;0.45;247.35;14.33;771;66;4628.00;176
12546;66;627691216;12546;300;13318;13494;7.36;0.45;247.33;14.32;772;66;4629.00;176
12549;66;627691227;12549;293;13319;13495;7.36;0.45;247.32;14.32;770;66;4630.00;176
12549;66;627691237;12549;293;13319;13495;7.40;0.45;247.32;14.32;770;66;4631.00;176
12552;66;627691247;12552;292;13322;13499;7.43;0.46;247.31;14.32;770;66;4632.00;177
12554;66;627691258;12554;292;13322;13499;7.56;0.46;247.31;14.32;768;66;4633.00;177
12556;66;627691269;12556;288;13322;13499;7.68;0.47;247.28;14.32;766;66;4634.00;177
12559;66;627691279;12559;288;13324;13501;7.82;0.48;247.31;14.32;765;66;4635.00;177
12561;66;627691289;12561;285;13324;13501;7.93;0.48;247.29;14.32;763;66;4636.00;177
12562;66;627691306;12562;271;13328;13507;8.11;0.49;247.30;14.31;766;66;4637.00;179
12568;66;627691317;12568;257;13329;13507;8.19;0.50;247.28;14.31;761;66;4638.00;178
12570;66;627691329;12570;252;13329;13508;8.34;0.51;247.30;14.31;759;66;4639.00;179
12574;66;627691339;12574;244;13329;13508;8.41;0.51;247.29;14.31;755;66;4640.00;179
12576;66;627691351;12576;242;13329;13508;8.50;0.52;247.33;14.31;753;66;4641.00;179
12578;66;627691362;12578;236;13329;13508;8.58;0.52;247.33;14.31;751;66;4642.00;179
12580;66;627691373;12580;232;13329;13508;8.60;0.52;247.35;14.31;749;66;4643.00;179
12582;66;627691384;12582;228;13339;13520;8.84;0.54;247.37;14.30;757;66;4644.00;181
12582;66;627691396;12582;222;13340;13520;9.01;0.55;247.37;14.30;758;66;4645.00;180
12583;66;627691408;12583;208;13340;13520;9.15;0.56;247.37;14.30;757;66;4646.00;180
12587;66;627691421;12587;188;13340;13520;9.26;0.56;247.39;14.30;753;66;4647.00;180
12589;66;627691440;12589;173;13340;13520;9.40;0.57;247.37;14.30;751;66;4648.00;180
12593;66;627691452;12593;168;13340;13520;9.55;0.58;247.39;14.30;747;66;4649.00;180
12595;66;627691466;12595;162;13345;13526;9.66;0.58;247.37;14.29;750;66;4650.00;181
12597;66;627691479;12597;150;13345;13526;9.81;0.59;247.35;14.29;748;66;4651.00;181
12600;66;627691491;12600;139;13348;13530;9.99;0.60;247.33;14.29;748;66;4652.00;182
12602;66;627691503;12602;134;13350;13531;10.17;0.62;247.34;14.29;748;66;4653.00;181
12606;66;627691516;12606;135;13350;13531;10.36;0.63;247.35;14.29;744;66;4654.00;181
12608;66;627691527;12608;136;13350;13531;10.50;0.64;247.35;14.29;742;66;4655.00;181
12612;66;627691540;12612;139;13361;13544;10.59;0.64;247.40;14.28;749;66;4656.00;183
12613;66;627691553;12613;137;13361;13544;10.76;0.65;247.42;14.28;748;66;4657.00;183
12615;66;627691565;12615;136;13361;13544;10.83;0.66;247.42;14.28;746;66;4658.00;183
12620;66;627691576;12620;134;13362;13545;10.88;0.66;247.43;14.28;742;66;4659.00;183
12624;66;627691588;12624;132;13362;13546;11.03;0.67;247.43;14.28;738;66;4660.00;184
12627;66;627691605;12627;137;13362;13546;11.15;0.67;247.43;14.28;735;66;4661.00;184
12629;66;627691617;12629;138;13364;13549;11.24;0.68;247.45;14.27;735;66;4662.00;185
12631;66;627691629;12631;133;13364;13549;11.27;0.68;247.44;14.27;733;66;4663.00;185
12635;66;627691641;12635;132;13365;13549;11.36;0.69;247.49;14.27;730;66;4664.00;184
12637;66;627691652;12637;136;13365;13549;11.46;0.69;247.50;14.27;728;66;4665.00;184
12639;66;627691664;12639;137;13369;13555;11.51;0.70;247.51;14.27;730;66;4666.00;186
12644;66;627691677;12644;132;13369;13555;11.58;0.70;247.52;14.27;725;66;4667.00;186
12648;66;627691689;12648;129;13370;13555;11.60;0.70;247.53;14.27;722;66;4668.00;185
12650;66;627691700;12650;122;13371;13555;11.62;0.70;247.51;14.43;721;66;4669.00;184
12651;66;627691713;12651;121;13374;13559;11.62;0.70;247.53;14.43;723;66;4670.00;185
12653;66;627691735;12653;119;13375;13560;11.71;0.71;247.52;14.42;722;66;4671.00;185
12654;66;627691752;12654;119;13375;13560;11.75;0.72;247.51;14.42;721;66;4672.00;185
12657;66;627691771;12657;119;13376;13561;11.80;0.72;247.52;14.42;719;66;4673.00;185
12659;66;627691790;12659;119;13376;13561;11.84;0.72;247.58;14.42;717;66;4674.00;185
12663;66;627691808;12663;116;13376;13561;11.81;0.72;247.61;14.42;713;66;4675.00;185
12667;66;627691825;12667;112;13376;13561;11.80;0.72;247.61;14.42;709;66;4676.00;185
12667;66;627691844;12667;115;13376;13561;11.91;0.72;247.61;14.42;709;66;4677.00;185
12670;66;627691858;12670;113;13376;13561;11.96;0.73;247.66;14.42;706;66;4678.00;185
12673;66;627691871;12673;112;13376;13561;11.92;0.73;247.70;14.42;703;66;4679.00;185
12674;66;627691886;12674;138;13440;13686;11.63;0.71;247.71;14.35;766;66;4680.00;246
12680;66;627691909;12680;134;13440;13687;11.63;0.71;247.79;14.35;760;66;4681.00;247
12685;66;627691922;12685;123;13447;13687;11.68;0.72;247.82;14.35;762;66;4682.00;240
12688;66;627691935;12688;122;13452;13687;11.81;0.72;247.84;14.34;764;66;4683.00;235
12691;66;627691948;12691;123;13458;13687;11.80;0.72;247.91;14.34;767;66;4684.00;229
12694;66;627691960;12694;125;13463;13687;11.77;0.72;247.94;14.34;769;66;4685.00;224
12697;66;627691974;12697;132;13467;13687;11.82;0.72;247.95;14.33;770;66;4686.00;220
12703;66;627691986;12703;141;13469;13687;11.91;0.73;247.96;14.33;766;66;4687.00;218
12707;66;627691999;12707;141;13472;13688;11.90;0.73;247.97;14.33;765;66;4688.00;216
12711;66;627692012;12711;141;13473;13689;11.94;0.73;248.00;14.33;762;66;4689.00;216
12717;66;627692024;12717;146;13476;13689;11.88;0.72;248.00;14.49;759;66;4690.00;213
12720;66;627692037;12720;147;13480;13693;11.85;0.72;248.00;14.49;760;66;4691.00;213
12724;66;627692049;12724;142;13481;13693;11.74;0.71;248.04;14.48;757;66;4692.00;212
12727;66;627692061;12727;138;13482;13693;11.70;0.71;248.03;14.48;755;66;4693.00;211
12730;66;627692073;12730;136;13483;13693;11.66;0.71;248.06;14.50;753;66;4694.00;210
12733;66;627692086;12733;135;13486;13699;11.63;0.71;248.08;14.50;753;66;4695.00;213
12734;66;627692100;12734;135;13488;13699;11.60;0.71;248.07;14.51;754;66;4696.00;211
12740;66;627692119;12740;129;13488;13699;11.60;0.71;248.14;14.51;748;66;4697.00;211
12744;66;627692131;12744;129;13491;13702;11.63;0.71;248.15;14.51;747;66;4698.00;211
12746;66;627692143;12746;128;13491;13702;11.65;0.71;248.13;14.51;745;66;4699.00;211
12749;66;627692157;12749;125;13491;13702;11.61;0.71;248.12;14.51;742;66;4700.00;211
12751;66;627692180;12751;118;13491;13703;11.56;0.70;248.15;14.51;740;66;4701.00;212
12755;66;627692191;12755;114;13492;13704;11.58;0.70;248.12;14.51;737;66;4702.00;212
12758;66;627692204;12758;114;13492;13704;11.54;0.70;248.11;14.51;734;66;4703.00;212
12763;66;627692216;12763;106;13501;13717;11.55;0.70;248.16;14.50;738;66;4704.00;216
12765;66;627692229;12765;113;13501;13717;11.55;0.70;248.16;14.50;736;66;4705.00;216
12765;66;627692241;12765;111;13502;13717;11.61;0.71;248.16;14.50;737;66;4706.00;215
12768;66;627692253;12768;116;13503;13718;11.65;0.71;248.17;14.50;735;66;4707.00;215
12771;66;627692266;12771;123;13504;13718;11.76;0.72;248.17;14.50;733;66;4708.00;214
12774;66;627692278;12774;125;13508;13722;11.84;0.72;248.20;14.50;734;66;4709.00;214
12777;66;627692292;12777;129;13510;13722;11.96;0.73;248.20;14.50;733;66;4710.00;212
12780;66;627692303;12780;129;13513;13726;11.92;0.72;248.21;14.50;733;66;4711.00;213
12784;66;627692317;12784;133;13514;13726;11.87;0.72;248.25;14.50;730;66;4712.00;212
12786;66;627692328;12786;136;13514;13726;11.91;0.73;248.28;14.50;728;66;4713.00;212
12790;66;627692340;12790;144;13515;13726;11.83;0.72;248.26;14.50;725;66;4714.00;211
12794;66;627692352;12794;145;13516;13726;11.70;0.71;248.30;14.52;722;66;4715.00;210
12795;66;627692363;12795;152;13526;13738;11.61;0.71;248.29;14.51;731;66;4716.00;212
12801;66;627692375;12801;151;13527;13738;11.50;0.70;248.31;14.51;726;66;4717.00;211
12802;66;627692387;12802;158;13529;13738;11.45;0.70;248.31;14.51;727;66;4718.00;209
12806;66;627692398;12806;166;13531;13738;11.32;0.69;248.30;14.52;725;66;4719.00;207
12809;66;627692410;12809;173;13531;13738;11.27;0.69;248.29;14.52;722;66;4720.00;207
12810;66;627692421;12810;177;13532;13738;11.16;0.68;248.28;14.53;722;66;4721.00;206
12811;66;627692432;12811;181;13533;13739;11.11;0.68;248.30;14.54;722;66;4722.00;206
12812;66;627692442;12812;186;13534;13739;11.00;0.67;248.29;14.56;722;66;4723.00;205
12815;66;627692460;12815;190;13539;13745;10.96;0.67;248.28;14.56;724;66;4724.00;206
12817;66;627692473;12817;201;13543;13747;10.91;0.67;248.26;14.57;726;66;4725.00;204
12820;66;627692483;12820;207;13543;13747;10.83;0.66;248.23;14.57;723;66;4726.00;204
12824;66;627692494;12824;217;13545;13747;10.80;0.66;248.21;14.59;721;66;4727.00;202
12828;66;627692505;12828;215;13548;13751;10.74;0.66;248.21;14.59;720;66;4728.00;203
12832;66;627692522;12832;217;13548;13751;10.66;0.65;248.21;14.59;716;66;4729.00;203
12836;66;627692532;12836;218;13550;13751;10.54;0.65;248.22;14.61;714;66;4730.00;201
12838;66;627692543;12838;220;13552;13752;10.46;0.64;248.24;14.61;714;66;4731.00;200
12842;66;627692553;12842;225;13556;13756;10.28;0.63;248.24;14.62;714;66;4732.00;200
12845;66;627692564;12845;234;13557;13756;10.10;0.62;248.23;14.63;712;66;4733.00;199
12847;66;627692574;12847;237;13560;13759;9.99;0.61;248.22;14.64;713;66;4734.00;199
12849;66;627692590;12849;246;13561;13759;9.85;0.61;248.21;14.64;712;66;4735.00;198
12850;66;627692601;12850;252;13563;13759;9.70;0.60;248.22;14.66;713;66;4736.00;196
12852;66;627692611;12852;256;13563;13759;9.58;0.59;248.24;14.66;711;66;4737.00;196
12854;66;627692621;12854;259;13568;13763;9.45;0.58;248.26;14.67;714;66;4738.00;195
12856;66;627692631;12856;261;13568;13763;9.31;0.57;248.24;14.67;712;66;4739.00;195
12857;66;627692643;12857;266;13571;13763;9.16;0.56;248.23;14.69;714;66;4740.00;192
12860;66;627692653;12860;265;13572;13763;9.04;0.56;248.23;14.70;712;66;4741.00;191
12862;66;627692663;12862;261;13573;13764;8.90;0.55;248.23;14.70;711;66;4742.00;191
12863;66;627692673;12863;256;13575;13765;8.82;0.54;248.23;14.72;712;66;4743.00;190
12870;66;627692683;12870;251;13575;13765;8.66;0.53;248.16;14.72;705;66;4744.00;190
12872;66;627692693;12872;248;13578;13766;8.56;0.53;248.17;14.73;706;66;4745.00;188
12874;66;627692702;12874;247;13578;13766;8.51;0.52;248.16;14.73;704;66;4746.00;188
12877;66;627692711;12877;246;13579;13766;8.44;0.52;248.14;14.75;702;66;4747.00;187
12879;66;627692721;12879;248;13580;13766;8.37;0.51;248.14;14.75;701;66;4748.00;186
12883;66;627692731;12883;256;13581;13766;8.29;0.51;248.13;14.76;698;66;4749.00;185
12884;66;627692740;12884;256;13581;13766;8.23;0.51;248.12;14.76;697;66;4750.00;185
12885;66;627692748;12885;260;13584;13766;8.19;0.50;248.12;14.80;699;66;4751.00;182
12888;66;627692756;12888;280;13647;13893;8.33;0.52;248.10;14.73;759;66;4752.00;246
12892;66;627692775;12892;279;13652;13894;8.21;0.51;248.08;14.72;760;66;4753.00;242
12895;66;627692784;12895;274;13663;13894;8.17;0.51;248.10;14.72;768;66;4754.00;231
12898;66;627692793;12898;278;13666;13894;8.02;0.50;248.07;14.72;768;66;4755.00;228
12902;66;627692801;12902;277;13672;13894;7.92;0.49;248.06;14.72;770;66;4756.00;222
12905;66;627692810;12905;282;13678;13894;7.81;0.49;248.06;14.72;773;66;4757.00;216
12907;66;627692819;12907;285;13685;13894;7.75;0.48;248.05;14.73;778;66;4758.00;209
12910;66;627692827;12910;293;13688;13894;7.63;0.48;248.02;14.73;778;66;4759.00;206
12915;66;627692841;12915;288;13692;13895;7.54;0.47;248.01;14.73;777;66;4760.00;203
12920;66;627692850;12920;279;13696;13896;7.49;0.47;247.98;14.74;776;66;4761.00;200
12923;66;627692859;12923;277;13699;13896;7.40;0.46;247.96;14.74;776;66;4762.00;197
12926;66;627692867;12926;282;13704;13897;7.30;0.45;247.98;14.75;778;66;4763.00;193
12928;66;627692876;12928;284;13705;13897;7.20;0.45;247.99;14.75;777;66;4764.00;192
12930;66;627692885;12930;284;13707;13897;7.08;0.44;248.02;14.76;777;66;4765.00;190
12935;66;627692894;12935;283;13710;13897;7.04;0.44;248.00;14.78;775;66;4766.00;187
12939;66;627692902;12939;279;13712;13901;7.02;0.43;248.03;14.77;773;66;4767.00;189
12943;66;627692912;12943;280;13714;13901;7.02;0.43;248.04;14.77;771;66;4768.00;187
12944;66;627692921;12944;277;13715;13901;7.02;0.43;248.06;14.77;771;66;4769.00;186
12946;66;627692932;12946;276;13718;13907;7.05;0.43;248.05;14.77;772;66;4770.00;189
12949;66;627692941;12949;282;13719;13907;7.13;0.44;248.05;14.77;770;66;4771.00;188
12952;66;627692951;12952;285;13721;13907;7.19;0.44;248.07;14.77;769;66;4772.00;186
12955;66;627692959;12955;289;13724;13911;7.24;0.44;248.06;14.77;769;66;4773.00;187
12957;66;627692969;12957;289;13726;13912;7.32;0.45;248.05;14.77;769;66;4774.00;186
12960;66;627692979;12960;293;13726;13912;7.30;0.45;248.05;14.77;766;66;4775.00;186
12962;66;627692988;12962;293;13730;13916;7.34;0.45;248.03;14.76;768;66;4776.00;186
12964;66;627692997;12964;300;13730;13916;7.29;0.45;248.03;14.76;766;66;4777.00;186
12968;66;627693007;12968;301;13731;13916;7.24;0.44;248.03;14.76;763;66;4778.00;185
12970;66;627693021;12970;291;13732;13917;7.26;0.44;248.03;14.76;762;66;4779.00;185
12972;66;627693031;12972;278;13733;13917;7.30;0.45;248.02;14.76;761;66;4780.00;184
12974;66;627693041;12974;261;13736;13923;7.34;0.45;248.02;14.76;762;66;4781.00;187
12977;66;627693051;12977;256;13737;13923;7.43;0.46;248.02;14.76;760;66;4782.00;186
12979;66;627693061;12979;255;13737;13924;7.53;0.46;248.06;14.76;758;66;4783.00;187
12987;66;627693071;12987;252;13738;13924;7.61;0.47;248.03;14.75;751;66;4784.00;186
12989;66;627693081;12989;240;13738;13924;7.71;0.47;248.03;14.75;749;66;4785.00;186
12990;66;627693097;12990;239;13738;13924;7.82;0.48;248.02;14.75;748;66;4786.00;186
12995;66;627693108;12995;230;13738;13924;7.93;0.49;248.05;14.75;743;66;4787.00;186
12998;66;627693118;12998;234;13748;13936;8.11;0.50;248.04;14.74;750;66;4788.00;188
13003;66;627693130;13003;231;13748;13936;8.16;0.50;248.12;14.74;745;66;4789.00;188
13004;66;627693140;13004;230;13749;13936;8.23;0.50;248.10;14.74;745;66;4790.00;187
13007;66;627693151;13007;232;13749;13936;8.22;0.50;248.11;14.74;742;66;4791.00;187
13011;66;627693162;13011;238;13749;13936;8.26;0.50;248.13;14.74;738;66;4792.00;187
13012;66;627693173;13012;235;13749;13936;8.31;0.51;248.13;14.74;737;66;4793.00;187
13015;66;627693182;13015;235;13752;13940;8.40;0.51;248.11;14.74;737;66;4794.00;188
13017;66;627693193;13017;240;13752;13940;8.37;0.51;248.11;14.74;735;66;4795.00;188
13020;66;627693203;13020;242;13755;13944;8.38;0.51;248.09;14.74;735;66;4796.00;189
13022;66;627693213;13022;252;13756;13945;8.37;0.51;248.09;14.74;734;66;4797.00;189
13023;66;627693225;13023;256;13757;13945;8.39;0.51;248.08;14.73;734;66;4798.00;188
13024;66;627693235;13024;258;13757;13945;8.34;0.51;248.07;14.73;733;66;4799.00;188
13027;66;627693247;13027;264;13778;13986;8.45;0.51;248.08;14.71;751;66;4800.00;208
13029;66;627693265;13029;257;13779;13986;8.47;0.52;248.06;14.71;750;66;4801.00;207
13032;66;627693275;13032;258;13781;13986;8.50;0.52;248.05;14.71;749;66;4802.00;205
13033;66;627693285;13033;256;13782;13987;8.61;0.52;248.06;14.71;749;66;4803.00;205
13035;66;627693295;13035;253;13783;13988;8.63;0.53;248.09;14.71;748;66;4804.00;205
13040;66;627693306;13040;255;13784;13988;8.66;0.53;248.12;14.71;744;66;4805.00;204
13042;66;627693317;13042;261;13787;13991;8.70;0.53;248.13;14.70;745;66;4806.00;204
13047;66;627693327;13047;250;13789;13991;8.64;0.53;248.16;14.70;742;66;4807.00;202
13051;66;627693338;13051;245;13791;13991;8.68;0.53;248.19;14.70;740;66;4808.00;200
13056;66;627693349;13056;238;13791;13991;8.68;0.53;248.19;14.70;735;66;4809.00;200
13060;66;627693361;13060;235;13796;13997;8.72;0.53;248.24;14.70;736;66;4810.00;201
13063;66;627693372;13063;235;13796;13997;8.77;0.54;248.30;14.70;733;66;4811.00;201
13065;66;627693384;13065;237;13798;13997;8.88;0.54;248.32;14.70;733;66;4812.00;199
13074;66;627693401;13074;232;13798;13997;8.89;0.54;248.30;14.70;724;66;4813.00;199
13080;66;627693417;13080;229;13801;14001;8.96;0.54;248.35;14.69;721;66;4814.00;200
13082;66;627693429;13082;225;13803;14003;9.10;0.55;248.34;14.69;721;66;4815.00;200
13085;66;627693441;13085;213;13803;14003;9.26;0.56;248.36;14.69;718;66;4816.00;200
13092;66;627693452;13092;198;13804;14004;9.39;0.57;248.42;14.69;712;66;4817.00;200
13093;66;627693463;13093;186;13805;14004;9.54;0.58;248.43;14.69;712;66;4818.00;199
13097;66;627693475;13097;174;13805;14004;9.65;0.59;248.44;14.69;708;66;4819.00;199
13099;66;627693487;13099;161;13805;14004;9.78;0.59;248.48;14.69;706;66;4820.00;199
13100;66;627693498;13100;150;13805;14004;9.98;0.61;248.47;14.69;705;66;4821.00;199
13103;66;627693510;13103;144;13805;14004;10.14;0.62;248.50;14.69;702;66;4822.00;199
13105;66;627693527;13105;139;13805;14004;10.29;0.62;248.51;14.69;700;66;4823.00;199
13110;66;627693538;13110;145;13848;14074;10.35;0.63;248.51;14.65;738;66;4824.00;226
13112;66;627693555;13112;136;13849;14075;10.45;0.63;248.53;14.65;737;66;4825.00;226
13117;66;627693567;13117;133;13853;14075;10.59;0.64;248.52;14.64;736;66;4826.00;222
13118;66;627693579;13118;127;13856;14075;10.77;0.65;248.51;14.64;738;66;4827.00;219
13124;66;627693590;13124;122;13859;14077;10.95;0.66;248.56;14.64;735;66;4828.00;218
13124;66;627693603;13124;124;13861;14077;11.07;0.67;248.56;14.64;737;66;4829.00;216
13126;66;627693616;13126;125;13865;14077;11.20;0.68;248.58;14.64;739;66;4830.00;212
13127;66;627693628;13127;125;13868;14077;11.27;0.68;248.58;14.63;741;66;4831.00;209
13129;66;627693639;13129;126;13869;14078;11.26;0.68;248.60;14.63;740;66;4832.00;209
13132;66;627693651;13132;125;13872;14079;11.28;0.68;248.63;14.63;740;66;4833.00;207
13133;66;627693663;13133;132;13874;14079;11.31;0.69;248.63;14.63;741;66;4834.00;205
13137;66;627693674;13137;138;13878;14083;11.29;0.68;248.65;14.63;741;66;4835.00;205
13139;66;627693687;13139;140;13880;14083;11.30;0.69;248.66;14.63;741;66;4836.00;203
13142;67;627693698;13142;141;13880;14083;11.32;0.69;248.67;14.63;738;67;4837.00;203
13144;68;627693726;13144;147;13880;14083;11.37;0.69;248.69;14.63;736;68;4838.00;203
13145;68;627693759;13145;149;13885;14089;11.39;0.69;248.70;14.62;740;68;4839.00;204
13149;68;627693779;13149;151;13885;14089;11.49;0.70;248.69;14.62;736;68;4840.00;204
13151;68;627693795;13151;155;13885;14089;11.55;0.70;248.69;14.62;734;68;4841.00;204
13155;68;627693812;13155;160;13889;14092;11.63;0.71;248.66;14.62;734;68;4842.00;203
13157;68;627693830;13157;162;13889;14092;11.60;0.70;248.67;14.62;732;68;4843.00;203
13159;68;627693846;13159;161;13889;14092;11.57;0.70;248.67;14.62;730;68;4844.00;203
13162;68;627693866;13162;160;13889;14093;11.54;0.70;248.68;14.62;727;68;4845.00;204
13166;68;627693878;13166;160;13890;14094;11.54;0.70;248.75;14.62;724;68;4846.00;204
13167;68;627693890;13167;160;13890;14094;11.54;0.70;248.75;14.62;723;68;4847.00;204
13173;68;627693902;13173;162;13901;14107;11.51;0.70;248.76;14.61;728;68;4848.00;206
13175;68;627693916;13175;160;13901;14107;11.48;0.70;248.76;14.61;726;68;4849.00;206
13180;68;627693927;13180;156;13901;14107;11.48;0.70;248.75;14.61;721;68;4850.00;206
13185;68;627693939;13185;151;13902;14108;11.48;0.70;248.74;14.61;717;68;4851.00;206
13189;68;627693951;13189;149;13902;14108;11.47;0.70;248.76;14.61;713;68;4852.00;206
13191;68;627693962;13191;151;13905;14112;11.48;0.70;248.76;14.60;714;68;4853.00;207
13192;68;627693974;13192;151;13905;14112;11.47;0.70;248.76;14.60;713;68;4854.00;207
13197;68;627693985;13197;151;13909;14116;11.45;0.70;248.79;14.60;712;68;4855.00;207
13201;68;627693996;13201;150;13909;14116;11.47;0.70;248.78;14.60;708;68;4856.00;207
13205;68;627694007;13205;149;13909;14116;11.53;0.70;248.79;14.60;704;68;4857.00;207
13208;68;627694018;13208;145;13909;14116;11.51;0.70;248.80;14.60;701;68;4858.00;207
13210;68;627694028;13210;145;13909;14116;11.49;0.70;248.83;14.60;699;68;4859.00;207
13213;68;627694041;13213;142;13930;14150;11.50;0.70;248.83;14.58;717;68;4860.00;220
13217;68;627694054;13217;140;13931;14150;11.57;0.70;248.84;14.74;714;68;4861.00;219
13220;68;627694067;13220;134;13932;14150;11.66;0.71;248.86;14.74;712;68;4862.00;218
13222;68;627694077;13222;129;13932;14150;11.65;0.71;248.85;14.74;710;68;4863.00;218
13228;68;627694087;13228;123;13933;14150;11.70;0.71;248.81;14.74;705;68;4864.00;217
13231;68;627694099;13231;126;13935;14150;11.68;0.71;248.84;14.78;704;68;4865.00;215
13236;68;627694111;13236;123;13936;14151;11.79;0.72;248.89;14.77;700;68;4866.00;215
13239;68;627694123;13239;124;13936;14151;11.89;0.72;248.87;14.77;697;68;4867.00;215
13244;68;627694134;13244;123;13940;14157;11.97;0.73;248.85;14.77;696;68;4868.00;217
13250;68;627694146;13250;116;13941;14158;11.96;0.73;248.90;14.77;691;68;4869.00;217
13253;68;627694157;13253;113;13942;14158;11.95;0.73;248.90;14.77;689;68;4870.00;216
13258;68;627694168;13258;113;13942;14158;11.96;0.73;248.89;14.77;684;68;4871.00;216
13262;68;627694178;13262;117;13946;14162;12.02;0.73;248.89;14.77;684;68;4872.00;216
13265;68;627694190;13265;122;13947;14162;12.04;0.73;248.87;14.77;682;68;4873.00;215
13269;68;627694199;13269;119;13947;14162;12.07;0.73;248.87;14.77;678;68;4874.00;215
13271;68;627694210;13271;119;13948;14163;12.06;0.73;248.87;14.77;677;68;4875.00;215
13274;68;627694220;13274;122;13952;14167;11.98;0.73;248.85;14.76;678;68;4876.00;215
13278;69;627694238;13278;121;13954;14167;11.95;0.73;248.81;14.93;676;69;4877.00;213
13278;69;627694268;13278;122;13956;14170;11.93;0.72;248.81;14.93;678;69;4878.00;214
13283;69;627694279;13283;124;13958;14170;11.86;0.72;248.78;14.93;675;69;4879.00;212
13285;69;627694290;13285;125;13958;14170;11.79;0.72;248.78;14.93;673;69;4880.00;212
13290;69;627694307;13290;130;13958;14170;11.70;0.71;248.76;14.93;668;69;4881.00;212
13292;69;627694318;13292;139;13961;14174;11.61;0.71;248.78;14.92;669;69;4882.00;213
13294;69;627694329;13294;138;13961;14174;11.55;0.70;248.81;14.92;667;69;4883.00;213
13295;69;627694340;13295;141;13962;14174;11.51;0.70;248.79;14.92;667;69;4884.00;212
13299;69;627694352;13299;144;13962;14174;11.42;0.70;248.79;14.92;663;69;4885.00;212
13301;69;627694362;13301;145;13962;14175;11.36;0.69;248.85;14.92;661;69;4886.00;213
13303;69;627694379;13303;150;13964;14176;11.28;0.69;248.84;15.09;661;69;4887.00;212
13305;69;627694390;13305;148;13964;14176;11.23;0.69;248.83;15.09;659;69;4888.00;212
13307;69;627694401;13307;156;13965;14177;11.18;0.68;248.84;15.09;658;69;4889.00;212
13308;69;627694413;13308;161;13967;14177;11.08;0.68;248.83;15.11;659;69;4890.00;210
13311;69;627694422;13311;170;13967;14177;11.04;0.67;248.84;15.11;656;69;4891.00;210
13312;69;627694432;13312;180;13969;14177;10.91;0.67;248.84;15.15;657;69;4892.00;208
13316;69;627694441;13316;186;13969;14177;10.75;0.66;248.90;15.15;653;69;4893.00;208
13316;69;627694450;13316;194;13970;14177;10.61;0.65;248.90;15.15;654;69;4894.00;207
13318;69;627694459;13318;198;13971;14177;10.42;0.64;248.91;15.17;653;69;4895.00;206
13320;69;627694468;13320;221;14031;14304;10.36;0.64;248.90;15.10;711;69;4896.00;273
13322;69;627694489;13322;225;14032;14305;10.23;0.63;248.90;15.10;710;69;4897.00;273
13325;69;627694499;13325;221;14042;14305;10.16;0.63;248.88;15.11;717;69;4898.00;263
13328;69;627694509;13328;228;14049;14305;10.03;0.62;248.84;15.12;721;69;4899.00;256
13329;69;627694520;13329;235;14056;14305;9.99;0.62;248.84;15.15;727;69;4900.00;249
13331;69;627694534;13331;237;14061;14305;9.88;0.61;248.86;15.16;730;69;4901.00;244
13333;69;627694544;13333;241;14068;14305;9.77;0.60;248.84;15.17;735;69;4902.00;237
13336;69;627694554;13336;250;14071;14305;9.65;0.60;248.82;15.17;735;69;4903.00;234
13338;69;627694564;13338;252;14077;14306;9.58;0.59;248.78;15.19;739;69;4904.00;229
13342;69;627694574;13342;260;14081;14308;9.49;0.58;248.74;15.21;739;69;4905.00;227
13345;69;627694584;13345;264;14087;14308;9.38;0.58;248.72;15.23;742;69;4906.00;221
13346;69;627694602;13346;271;14088;14309;9.23;0.57;248.71;15.23;742;69;4907.00;221
13351;69;627694611;13351;277;14093;14309;9.00;0.55;248.71;15.25;742;69;4908.00;216
13352;69;627694621;13352;280;14096;14309;8.83;0.55;248.69;15.25;744;69;4909.00;213
13354;69;627694630;13354;275;14100;14309;8.61;0.53;248.68;15.27;746;69;4910.00;209
13355;69;627694640;13355;281;14104;14313;8.48;0.52;248.67;15.27;749;69;4911.00;209
13356;69;627694650;13356;282;14106;14313;8.35;0.51;248.66;15.27;750;69;4912.00;207
13357;69;627694660;13357;291;14109;14313;8.20;0.51;248.65;15.28;752;69;4913.00;204
13357;69;627694669;13357;296;14113;14316;8.12;0.50;248.65;15.29;756;69;4914.00;203
13357;69;627694678;13357;300;14113;14316;8.05;0.50;248.65;15.29;756;69;4915.00;203
13359;69;627694702;13359;300;14116;14316;7.94;0.49;248.65;15.31;757;69;4916.00;200
13361;69;627694712;13361;308;14119;14320;7.80;0.48;248.67;15.31;758;69;4917.00;201
13364;69;627694740;13364;316;14122;14321;7.66;0.47;248.65;15.32;758;69;4918.00;199
13366;69;627694751;13366;323;14124;14321;7.52;0.46;248.62;15.33;758;69;4919.00;197
13367;69;627694764;13367;332;14129;14326;7.50;0.46;248.60;15.33;762;69;4920.00;197
13370;69;627694775;13370;336;14130;14326;7.33;0.45;248.58;15.34;760;69;4921.00;196
13372;69;627694787;13372;342;14130;14326;7.23;0.45;248.57;15.34;758;69;4922.00;196
13377;69;627694796;13377;347;14132;14327;7.05;0.43;248.53;15.35;755;69;4923.00;195
13379;69;627694811;13379;348;14133;14327;6.92;0.43;248.53;15.36;754;69;4924.00;194
13383;69;627694820;13383;353;14137;14333;6.86;0.42;248.56;15.35;754;69;4925.00;196
13387;69;627694829;13387;355;14139;14333;6.63;0.41;248.56;15.37;752;69;4926.00;194
13390;69;627694839;13390;361;14140;14334;6.42;0.39;248.53;15.37;750;69;4927.00;194
13393;69;627694848;13393;367;14140;14334;6.20;0.38;248.54;15.37;747;69;4928.00;194
13396;69;627694856;13396;378;14140;14334;5.98;0.37;248.53;15.37;744;69;4929.00;194
13398;69;627694864;13398;370;14143;14334;5.85;0.36;248.55;15.39;745;69;4930.00;191
13400;69;627694872;13400;352;14144;14334;5.78;0.35;248.55;15.40;744;69;4931.00;190
13402;69;627694880;13402;336;14155;14346;5.85;0.36;248.56;15.40;753;69;4932.00;191
13404;69;627694889;13404;323;14155;14346;5.84;0.36;248.56;15.40;751;69;4933.00;191
13407;69;627694897;13407;316;14157;14346;5.92;0.36;248.58;15.40;750;69;4934.00;189
13411;69;627694906;13411;311;14159;14346;6.00;0.37;248.63;15.41;748;69;4935.00;187
13414;69;627694915;13414;299;14159;14346;6.09;0.37;248.64;15.41;745;69;4936.00;187
13416;69;627694924;13416;290;14160;14346;6.23;0.38;248.66;15.42;744;69;4937.00;186
13419;69;627694933;13419;286;14163;14350;6.35;0.39;248.68;15.42;744;69;4938.00;187
13421;69;627694942;13421;275;14163;14350;6.51;0.40;248.68;15.42;742;69;4939.00;187
13422;69;627694960;13422;268;14166;14354;6.66;0.41;248.69;15.41;744;69;4940.00;188
13426;69;627694975;13426;262;14167;14355;6.74;0.41;248.73;15.41;741;69;4941.00;188
13428;69;627694984;13428;259;14168;14355;6.80;0.42;248.75;15.41;740;69;4942.00;187
13432;69;627694993;13432;259;14168;14355;6.85;0.42;248.74;15.41;736;69;4943.00;187
13434;69;627695002;13434;258;14179;14368;7.09;0.43;248.77;15.40;745;69;4944.00;189
13440;69;627695012;13440;257;14179;14368;7.17;0.44;248.76;15.40;739;69;4945.00;189
13443;69;627695021;13443;256;14179;14368;7.29;0.44;248.77;15.40;736;69;4946.00;189
13446;69;627695030;13446;252;14180;14369;7.41;0.45;248.80;15.40;734;69;4947.00;189
13449;69;627695039;13449;247;14180;14370;7.55;0.46;248.76;15.40;731;69;4948.00;190
13453;69;627695047;13453;244;14180;14370;7.61;0.46;248.75;15.40;727;69;4949.00;190
13459;69;627695058;13459;243;14184;14379;7.70;0.47;248.74;15.39;725;69;4950.00;195
13463;69;627695068;13463;238;14185;14379;7.79;0.47;248.75;15.39;722;69;4951.00;194
13467;69;627695077;13467;231;14186;14379;7.86;0.48;248.75;15.39;719;69;4952.00;193
13473;69;627695087;13473;221;14186;14379;7.95;0.48;248.74;15.39;713;69;4953.00;193
13474;69;627695097;13474;216;14190;14385;8.13;0.49;248.74;15.39;716;69;4954.00;195
13479;69;627695107;13479;209;14190;14385;8.17;0.50;248.72;15.39;711;69;4955.00;195
13483;69;627695117;13483;207;14191;14385;8.29;0.50;248.74;15.39;708;69;4956.00;194
13486;69;627695132;13486;202;14191;14385;8.31;0.51;248.73;15.39;705;69;4957.00;194
13490;69;627695142;13490;203;14195;14389;8.35;0.51;248.77;15.38;705;69;4958.00;194
13492;69;627695151;13492;206;14197;14390;8.45;0.51;248.77;15.38;705;69;4959.00;193
13499;69;627695161;13499;204;14198;14390;8.42;0.51;248.73;15.38;699;69;4960.00;192
13503;69;627695171;13503;206;14199;14391;8.42;0.51;248.73;15.38;696;69;4961.00;192
13506;69;627695181;13506;204;14199;14391;8.46;0.51;248.74;15.38;693;69;4962.00;192
13507;69;627695191;13507;201;14199;14391;8.52;0.52;248.74;15.38;692;69;4963.00;192
13511;69;627695200;13511;198;14199;14391;8.46;0.51;248.72;15.38;688;69;4964.00;192
13515;69;627695209;13515;198;14200;14391;8.45;0.51;248.72;15.55;685;69;4965.00;191
13517;69;627695221;13517;196;14200;14391;8.51;0.52;248.72;15.55;683;69;4966.00;191
13518;69;627695230;13518;199;14200;14391;8.49;0.52;248.72;15.55;682;69;4967.00;191
13522;69;627695240;13522;212;14243;14461;8.65;0.53;248.70;15.50;721;69;4968.00;218
13523;69;627695256;13523;209;14244;14462;8.80;0.54;248.68;15.50;721;69;4969.00;218
13526;70;627695267;13526;200;14250;14462;8.99;0.55;248.70;15.50;724;70;4970.00;212
13529;70;627695291;13529;198;14251;14462;9.06;0.55;248.70;15.50;722;70;4971.00;211
13531;70;627695302;13531;195;14255;14462;9.23;0.56;248.70;15.49;724;70;4972.00;207
13534;70;627695312;13534;193;14259;14462;9.36;0.57;248.71;15.49;725;70;4973.00;203
13540;70;627695322;13540;200;14264;14462;9.43;0.57;248.75;15.49;724;70;4974.00;198
13542;70;627695334;13542;198;14264;14462;9.44;0.57;248.77;15.49;722;70;4975.00;198
13547;70;627695345;13547;202;14266;14463;9.44;0.57;248.80;15.49;719;70;4976.00;197
13548;70;627695355;13548;192;14267;14464;9.41;0.57;248.80;15.48;719;70;4977.00;197
13549;70;627695367;13549;190;14268;14464;9.44;0.57;248.80;15.48;719;70;4978.00;196
13552;70;627695378;13552;185;14271;14468;9.40;0.57;248.84;15.48;719;70;4979.00;197
13554;70;627695391;13554;181;14271;14468;9.41;0.57;248.84;15.48;717;70;4980.00;197
13555;70;627695403;13555;175;14271;14468;9.46;0.58;248.87;15.48;716;70;4981.00;197
13560;70;627695414;13560;179;14271;14468;9.56;0.58;248.89;15.48;711;70;4982.00;197
13562;70;627695426;13562;181;14275;14474;9.67;0.59;248.88;15.48;713;70;4983.00;199
13562;70;627695443;13562;181;14276;14474;9.83;0.60;248.88;15.48;714;70;4984.00;198
13563;70;627695454;13563;179;14276;14474;9.89;0.60;248.89;15.48;713;70;4985.00;198
13567;70;627695471;13567;167;14278;14477;9.99;0.61;248.91;15.47;711;70;4986.00;199
13570;70;627695484;13570;153;14278;14477;10.13;0.62;248.91;15.47;708;70;4987.00;199
13573;70;627695496;13573;144;14279;14477;10.28;0.63;248.91;15.47;706;70;4988.00;198
13577;70;627695508;13577;141;14279;14478;10.43;0.64;248.92;15.47;702;70;4989.00;199
13580;70;627695519;13580;137;14280;14479;10.62;0.65;248.94;15.47;700;70;4990.00;199
13581;70;627695531;13581;132;14280;14479;10.84;0.66;248.93;15.47;699;70;4991.00;199
13584;70;627695543;13584;128;14291;14492;11.11;0.67;248.95;15.46;707;70;4992.00;201
13585;70;627695556;13585;121;14291;14492;11.23;0.68;248.95;15.46;706;70;4993.00;201
13588;70;627695568;13588;118;14291;14492;11.43;0.70;248.99;15.46;703;70;4994.00;201
13589;70;627695580;13589;113;14293;14494;11.58;0.71;249.00;15.46;704;70;4995.00;201
13593;70;627695592;13593;116;14293;14494;11.81;0.72;249.00;15.46;700;70;4996.00;201
13595;70;627695604;13595;117;14296;14498;11.94;0.73;249.01;15.45;701;70;4997.00;202
13602;70;627695616;13602;112;14296;14498;11.96;0.73;249.04;15.45;694;70;4998.00;202
13608;70;627695628;13608;110;14300;14502;11.90;0.72;249.04;15.45;692;70;4999.00;202
13611;70;627695648;13611;108;14300;14502;11.90;0.72;249.04;15.45;689;70;5000.00;202
13616;70;627695664;13616;105;14300;14502;11.90;0.72;249.04;15.45;684;70;5001.00;202
13620;70;627695676;13620;107;14300;14502;11.96;0.73;249.05;15.45;680;70;5002.00;202
13623;70;627695688;13623;111;14300;14502;12.03;0.73;249.04;15.45;677;70;5003.00;202
13624;70;627695699;13624;114;14310;14514;12.07;0.73;249.05;15.44;686;70;5004.00;204
13627;70;627695711;13627;115;14310;14514;12.14;0.74;249.07;15.44;683;70;5005.00;204
13630;70;627695723;13630;116;14311;14514;12.20;0.74;249.08;15.44;681;70;5006.00;203
13631;70;627695735;13631;114;14311;14514;12.29;0.75;249.07;15.44;680;70;5007.00;203
13634;70;627695749;13634;117;14311;14514;12.30;0.75;249.08;15.44;677;70;5008.00;203
13638;70;627695768;13638;118;14311;14514;12.35;0.75;249.10;15.44;673;70;5009.00;203
13639;70;627695799;13639;119;14311;14515;12.41;0.75;249.11;15.44;672;70;5010.00;204
13641;70;627695816;13641;117;14311;14515;12.46;0.76;249.13;15.44;670;70;5011.00;204
13644;70;627695844;13644;121;14315;14521;12.46;0.76;249.15;15.44;671;70;5012.00;206
13646;71;627695857;13646;124;14316;14522;12.56;0.76;249.15;15.43;670;71;5013.00;206
13648;71;627695883;13648;122;14317;14522;12.55;0.76;249.16;15.43;669;71;5014.00;205
13653;71;627695895;13653;121;14317;14522;12.43;0.76;249.18;15.43;664;71;5015.00;205
13654;71;627695917;13654;125;14320;14526;12.37;0.75;249.18;15.43;666;71;5016.00;206
13657;71;627695929;13657;127;14320;14526;12.38;0.75;249.17;15.43;663;71;5017.00;206
13659;71;627695939;13659;127;14320;14526;12.42;0.75;249.16;15.43;661;71;5018.00;206
13663;71;627695950;13663;123;14321;14527;12.48;0.76;249.16;15.43;658;71;5019.00;206
13665;71;627695961;13665;127;14324;14531;12.42;0.76;249.15;15.43;659;71;5020.00;207
13668;71;627695972;13668;123;14324;14531;12.48;0.76;249.16;15.43;656;71;5021.00;207
13670;71;627695982;13670;125;14326;14534;12.49;0.76;249.15;15.42;656;71;5022.00;208
13672;71;627695992;13672;127;14326;14534;12.44;0.76;249.15;15.42;654;71;5023.00;208
13675;71;627696002;13675;131;14328;14534;12.42;0.76;249.13;15.59;653;71;5024.00;206
13681;71;627696012;13681;131;14328;14534;12.44;0.76;249.19;15.59;647;71;5025.00;206
13681;71;627696022;13681;132;14331;14538;12.47;0.76;249.19;15.59;650;71;5026.00;207
13684;71;627696033;13684;131;14331;14538;12.54;0.76;249.18;15.59;647;71;5027.00;207
13689;71;627696043;13689;130;14332;14538;12.56;0.76;249.18;15.59;643;71;5028.00;206
13692;71;627696052;13692;127;14332;14538;12.49;0.76;249.18;15.59;640;71;5029.00;206
13692;71;627696061;13692;126;14332;14539;12.43;0.76;249.18;15.59;640;71;5030.00;207
13696;71;627696071;13696;126;14333;14540;12.37;0.75;249.17;15.59;637;71;5031.00;207
13701;71;627696080;13701;120;14333;14540;12.21;0.74;249.17;15.59;632;71;5032.00;207
13706;71;627696090;13706;119;14334;14541;12.11;0.74;249.15;15.59;628;71;5033.00;207
13710;71;627696100;13710;119;14334;14541;12.02;0.73;249.13;15.59;624;71;5034.00;207
13711;71;627696109;13711;116;14335;14541;11.99;0.73;249.12;15.60;624;71;5035.00;206
13718;71;627696119;13718;117;14335;14541;11.97;0.73;249.09;15.60;617;71;5036.00;206
13722;71;627696128;13722;115;14335;14541;11.98;0.73;249.08;15.60;613;71;5037.00;206
13727;71;627696137;13727;112;14335;14541;11.92;0.72;249.06;15.60;608;71;5038.00;206
13730;72;627696147;13730;111;14335;14541;11.91;0.72;249.04;15.60;605;72;5039.00;206
13731;72;627696172;13731;145;14433;14771;11.48;0.72;249.04;15.66;702;72;5040.00;338
13735;72;627696199;13735;139;14436;14772;11.47;0.71;249.02;15.66;701;72;5041.00;336
13735;72;627696214;13735;124;14445;14772;11.59;0.72;249.02;15.65;710;72;5042.00;327
13740;72;627696230;13740;126;14451;14772;11.60;0.72;249.02;15.81;711;72;5043.00;321
13744;72;627696240;13744;127;14458;14772;11.52;0.71;249.03;15.81;714;72;5044.00;314
13744;72;627696259;13744;124;14464;14772;11.55;0.72;249.03;15.80;720;72;5045.00;308
13748;72;627696276;13748;126;14471;14772;11.54;0.71;249.06;15.80;723;72;5046.00;301
13750;72;627696287;13750;122;14477;14772;11.45;0.71;249.07;15.96;727;72;5047.00;295
13754;72;627696297;13754;130;14484;14773;11.43;0.71;249.07;15.95;730;72;5048.00;289
13756;72;627696307;13756;136;14486;14774;11.47;0.71;249.13;15.95;730;72;5049.00;288
13759;72;627696318;13759;137;14492;14774;11.46;0.71;249.13;15.95;733;72;5050.00;282
13762;72;627696328;13762;144;14495;14775;11.40;0.70;249.11;15.95;733;72;5051.00;280
13765;72;627696338;13765;148;14500;14775;11.25;0.69;249.09;15.95;735;72;5052.00;275
13766;72;627696349;13766;148;14502;14775;11.12;0.68;249.08;15.95;736;72;5053.00;273
13769;73;627696366;13769;156;14507;14775;10.99;0.68;249.07;15.95;738;73;5054.00;268
13770;73;627696388;13770;164;14511;14779;10.87;0.67;249.06;15.95;741;73;5055.00;268
13772;73;627696398;13772;173;14515;14779;10.68;0.65;249.05;15.96;743;73;5056.00;264
13776;73;627696410;13776;173;14516;14779;10.56;0.65;249.01;15.96;740;73;5057.00;263
13776;73;627696420;13776;181;14520;14782;10.51;0.64;249.01;15.96;744;73;5058.00;262
13776;73;627696431;13776;188;14524;14782;10.39;0.64;249.01;15.97;748;73;5059.00;258
13777;73;627696441;13777;201;14527;14782;10.29;0.63;249.00;15.97;750;73;5060.00;255
13778;73;627696451;13778;206;14533;14786;10.15;0.62;249.03;16.00;755;73;5061.00;253
13782;73;627696475;13782;208;14537;14787;10.06;0.62;249.06;16.00;755;73;5062.00;250
13783;73;627696486;13783;214;14538;14787;9.87;0.60;249.05;16.01;755;73;5063.00;249
13785;73;627696501;13785;226;14544;14791;9.68;0.59;249.02;16.02;759;73;5064.00;247
13788;73;627696512;13788;237;14544;14791;9.48;0.58;249.04;16.02;756;73;5065.00;247
13790;73;627696522;13790;240;14549;14791;9.24;0.57;249.02;16.05;759;73;5066.00;242
13790;73;627696533;13790;243;14551;14792;9.14;0.56;249.02;16.05;761;73;5067.00;241
13791;73;627696543;13791;257;14553;14792;9.05;0.56;249.00;16.07;762;73;5068.00;239
13793;73;627696552;13793;265;14559;14798;8.91;0.55;248.97;16.08;766;73;5069.00;239
13795;73;627696564;13795;277;14561;14798;8.74;0.54;248.96;16.10;766;73;5070.00;237
13798;73;627696574;13798;284;14564;14799;8.56;0.53;248.94;16.11;766;73;5071.00;235
13801;73;627696584;13801;294;14566;14799;8.37;0.52;248.96;16.12;765;73;5072.00;233
13804;73;627696593;13804;303;14569;14799;8.17;0.50;248.93;16.14;765;73;5073.00;230
13806;73;627696603;13806;316;14570;14799;8.01;0.49;248.92;16.14;764;73;5074.00;229
13808;73;627696613;13808;326;14572;14799;7.89;0.48;248.92;16.15;764;73;5075.00;227
13808;73;627696621;13808;335;14585;14811;7.85;0.48;248.92;16.16;777;73;5076.00;226
13810;73;627696631;13810;342;14587;14811;7.70;0.47;248.92;16.16;777;73;5077.00;224
13814;73;627696641;13814;349;14591;14811;7.53;0.46;248.89;16.18;777;73;5078.00;220
13814;73;627696651;13814;349;14592;14811;7.45;0.46;248.89;16.18;778;73;5079.00;219
13818;73;627696661;13818;353;14595;14811;7.29;0.45;248.87;16.21;777;73;5080.00;216
13819;73;627696671;13819;353;14595;14811;7.18;0.44;248.87;16.21;776;73;5081.00;216
13820;73;627696680;13820;355;14601;14815;7.06;0.43;248.86;16.22;781;73;5082.00;214
13820;73;627696690;13820;343;14601;14815;7.00;0.43;248.86;16.22;781;73;5083.00;214
13821;73;627696698;13821;338;14604;14819;7.02;0.43;248.85;16.22;783;73;5084.00;215
13822;73;627696708;13822;329;14608;14821;7.05;0.43;248.85;16.24;786;73;5085.00;213
13824;73;627696719;13824;322;14611;14821;7.08;0.43;248.85;16.25;787;73;5086.00;210
13825;73;627696730;13825;311;14611;14821;7.14;0.44;248.84;16.25;786;73;5087.00;210
13827;73;627696741;13827;309;14624;14834;7.19;0.44;248.81;16.26;797;73;5088.00;210
13828;73;627696752;13828;305;14624;14834;7.23;0.44;248.81;16.26;796;73;5089.00;210
13829;73;627696762;13829;300;14624;14834;7.32;0.45;248.81;16.26;795;73;5090.00;210
13832;74;627696772;13832;299;14627;14835;7.34;0.45;248.79;16.27;795;74;5091.00;208
13833;74;627696795;13833;289;14627;14836;7.39;0.45;248.79;16.27;794;74;5092.00;209
13836;74;627696805;13836;292;14629;14836;7.33;0.45;248.76;16.29;793;74;5093.00;207
13837;74;627696814;13837;292;14632;14839;7.37;0.45;248.76;16.28;795;74;5094.00;207
13842;74;627696824;13842;288;14633;14839;7.35;0.45;248.80;16.29;791;74;5095.00;206
13846;74;627696834;13846;295;14634;14839;7.32;0.45;248.79;16.30;788;74;5096.00;205
13848;74;627696845;13848;297;14635;14839;7.25;0.44;248.78;16.30;787;74;5097.00;204
13850;74;627696859;13850;303;14640;14845;7.24;0.44;248.79;16.31;790;74;5098.00;205
13851;74;627696868;13851;306;14640;14845;7.16;0.44;248.80;16.31;789;74;5099.00;205
13853;74;627696879;13853;300;14646;14864;7.03;0.43;248.82;16.31;793;74;5100.00;218
13855;74;627696895;13855;300;14647;14864;7.01;0.43;248.82;16.32;792;74;5101.00;217
13858;74;627696904;13858;303;14651;14868;7.03;0.43;248.80;16.31;793;74;5102.00;217
13863;74;627696913;13863;294;14653;14869;7.05;0.43;248.81;16.31;790;74;5103.00;216
13866;74;627696922;13866;300;14654;14869;7.07;0.43;248.85;16.32;788;74;5104.00;215
13870;74;627696936;13870;298;14656;14870;7.12;0.44;248.86;16.32;786;74;5105.00;214
13872;74;627696946;13872;293;14659;14870;7.21;0.44;248.88;16.33;787;74;5106.00;211
13875;74;627696956;13875;281;14659;14870;7.30;0.45;248.89;16.33;784;74;5107.00;211
13879;74;627696965;13879;269;14660;14870;7.43;0.46;248.87;16.33;781;74;5108.00;210
13883;74;627696975;13883;260;14660;14870;7.51;0.46;248.90;16.33;777;74;5109.00;210
13884;74;627696985;13884;256;14660;14870;7.74;0.48;248.90;16.33;776;74;5110.00;210
13889;74;627696994;13889;248;14661;14870;7.82;0.48;248.92;16.33;772;74;5111.00;209
13892;74;627697004;13892;247;14693;14940;7.99;0.49;248.95;16.29;801;74;5112.00;247
13896;74;627697020;13896;239;14695;14941;8.05;0.50;248.94;16.29;799;74;5113.00;246
13901;74;627697030;13901;225;14703;14941;8.10;0.50;248.94;16.28;802;74;5114.00;238
13907;74;627697040;13907;222;14705;14941;8.12;0.50;248.91;16.28;798;74;5115.00;236
13914;74;627697050;13914;219;14710;14941;8.15;0.50;248.94;16.28;796;74;5116.00;231
13918;74;627697060;13918;219;14713;14941;8.23;0.50;248.94;16.27;795;74;5117.00;228
13924;74;627697070;13924;215;14716;14941;8.21;0.50;248.93;16.27;792;74;5118.00;225
13927;74;627697080;13927;208;14719;14941;8.25;0.50;248.92;16.27;792;74;5119.00;222
13932;74;627697090;13932;202;14720;14942;8.23;0.50;248.90;16.27;788;74;5120.00;222
13937;74;627697101;13937;203;14723;14943;8.22;0.50;248.94;16.27;786;74;5121.00;220
13938;74;627697112;13938;207;14725;14943;8.31;0.51;248.94;16.27;787;74;5122.00;218
13943;74;627697122;13943;212;14729;14947;8.27;0.51;248.95;16.26;786;74;5123.00;218
13948;74;627697133;13948;213;14729;14947;8.36;0.51;248.91;16.26;781;74;5124.00;218
13952;74;627697144;13952;224;14730;14947;8.35;0.51;248.91;16.27;778;74;5125.00;217
13955;74;627697154;13955;224;14730;14947;8.42;0.51;248.88;16.27;775;74;5126.00;217
13961;74;627697165;13961;226;14734;14953;8.48;0.52;248.95;16.26;773;74;5127.00;219
13964;74;627697176;13964;226;14734;14953;8.54;0.52;248.94;16.26;770;74;5128.00;219
13967;74;627697186;13967;222;14734;14953;8.62;0.53;248.94;16.26;767;74;5129.00;219
13974;74;627697198;13974;223;14738;14959;8.69;0.53;248.93;16.26;764;74;5130.00;221
13977;74;627697209;13977;225;14738;14959;8.72;0.53;248.92;16.26;761;74;5131.00;221
13982;74;627697220;13982;227;14738;14959;8.74;0.53;248.94;16.26;756;74;5132.00;221
13985;74;627697231;13985;233;14740;14960;8.74;0.53;248.97;16.26;755;74;5133.00;220
13986;74;627697242;13986;231;14742;14961;8.84;0.54;248.98;16.26;756;74;5134.00;219
13992;74;627697254;13992;229;14743;14961;8.81;0.54;248.96;16.26;751;74;5135.00;218
13995;74;627697265;13995;234;14752;14974;8.90;0.54;248.96;16.25;757;74;5136.00;222
14001;74;627697277;14001;238;14753;14974;8.89;0.54;248.94;16.25;752;74;5137.00;221
14006;74;627697289;14006;238;14756;14974;8.90;0.54;248.97;16.26;750;74;5138.00;218
14008;74;627697300;14008;238;14757;14975;8.95;0.54;249.00;16.25;749;74;5139.00;218
14011;74;627697311;14011;238;14758;14975;8.97;0.54;249.01;16.25;747;74;5140.00;217
14014;74;627697322;14014;240;14761;14979;8.99;0.55;249.04;16.25;747;74;5141.00;218
14015;74;627697334;14015;246;14761;14979;9.01;0.55;249.03;16.25;746;74;5142.00;218
14021;74;627697351;14021;244;14765;14983;8.99;0.54;249.05;16.25;744;74;5143.00;218
14023;74;627697363;14023;248;14765;14983;8.98;0.54;249.07;16.25;742;74;5144.00;218
14024;74;627697374;14024;255;14766;14983;8.95;0.54;249.07;16.25;742;74;5145.00;217
14028;74;627697385;14028;257;14766;14983;8.97;0.54;249.08;16.25;738;74;5146.00;217
14029;74;627697397;14029;248;14768;14983;9.02;0.55;249.09;16.25;739;74;5147.00;215
14032;74;627697408;14032;241;14778;14995;9.09;0.55;249.11;16.24;746;74;5148.00;217
14035;74;627697420;14035;238;14781;14995;9.15;0.56;249.14;16.24;746;74;5149.00;214
14037;74;627697432;14037;236;14782;14995;9.19;0.56;249.16;16.24;745;74;5150.00;213
14041;74;627697443;14041;231;14783;14995;9.19;0.56;249.14;16.24;742;74;5151.00;212
14044;74;627697455;14044;226;14783;14995;9.20;0.56;249.25;16.24;739;74;5152.00;212
14046;74;627697473;14046;223;14783;14995;9.22;0.56;249.25;16.24;737;74;5153.00;212
14051;74;627697484;14051;220;14783;14996;9.26;0.56;249.26;16.24;732;74;5154.00;213
14054;74;627697496;14054;222;14785;14998;9.28;0.56;249.29;16.23;731;74;5155.00;213
14058;74;627697508;14058;204;14789;15004;9.34;0.57;249.26;16.23;731;74;5156.00;215
14061;74;627697521;14061;197;14791;15005;9.42;0.57;249.28;16.23;730;74;5157.00;214
14063;74;627697533;14063;185;14791;15005;9.52;0.58;249.29;16.23;728;74;5158.00;214
14063;74;627697544;14063;175;14791;15005;9.69;0.59;249.29;16.23;728;74;5159.00;214
14068;74;627697557;14068;163;14795;15010;9.78;0.59;249.31;16.22;727;74;5160.00;215
14072;74;627697575;14072;158;14795;15010;9.89;0.60;249.34;16.22;723;74;5161.00;215
14075;74;627697587;14075;157;14795;15010;10.08;0.61;249.36;16.22;720;74;5162.00;215
14078;74;627697598;14078;153;14796;15011;10.21;0.62;249.35;16.22;718;74;5163.00;215
14080;74;627697610;14080;148;14800;15015;10.32;0.63;249.37;16.39;720;74;5164.00;215
14082;74;627697624;14082;138;14800;15015;10.37;0.63;249.37;16.39;718;74;5165.00;215
14085;74;627697635;14085;140;14803;15018;10.50;0.64;249.38;16.38;718;74;5166.00;215
14088;74;627697647;14088;139;14803;15018;10.52;0.64;249.39;16.38;715;74;5167.00;215
14094;74;627697658;14094;137;14803;15018;10.59;0.64;249.45;16.38;709;74;5168.00;215
14096;74;627697670;14096;135;14803;15018;10.67;0.65;249.45;16.38;707;74;5169.00;215
14101;74;627697681;14101;136;14806;15022;10.77;0.66;249.48;16.38;705;74;5170.00;216
14106;74;627697693;14106;131;14807;15022;10.90;0.66;249.49;16.38;701;74;5171.00;215
14110;74;627697705;14110;129;14807;15022;11.01;0.67;249.52;16.38;697;74;5172.00;215
14112;74;627697716;14112;127;14807;15022;11.08;0.67;249.49;16.38;695;74;5173.00;215
14114;74;627697731;14114;127;14807;15023;11.15;0.67;249.49;16.38;693;74;5174.00;216
14117;74;627697754;14117;128;14809;15025;11.18;0.68;249.50;16.38;692;74;5175.00;216
14118;74;627697773;14118;133;14809;15025;11.16;0.67;249.51;16.38;691;74;5176.00;216
14119;74;627697790;14119;134;14810;15026;11.25;0.68;249.52;16.38;691;74;5177.00;216
14122;74;627697807;14122;134;14810;15026;11.26;0.68;249.51;16.38;688;74;5178.00;216
14125;74;627697824;14125;134;14810;15026;11.29;0.68;249.53;16.38;685;74;5179.00;216
14128;74;627697840;14128;133;14810;15026;11.33;0.69;249.52;16.38;682;74;5180.00;216
14133;74;627697853;14133;136;14810;15026;11.31;0.68;249.50;16.38;677;74;5181.00;216
14135;74;627697872;14135;137;14810;15026;11.33;0.68;249.50;16.38;675;74;5182.00;216
14135;74;627697883;14135;139;14810;15026;11.42;0.69;249.50;16.38;675;74;5183.00;216
14138;74;627697901;14138;165;14884;15153;11.08;0.68;249.56;16.30;746;74;5184.00;269
14143;74;627697923;14143;155;14884;15154;11.12;0.68;249.53;16.30;741;74;5185.00;270
14146;74;627697935;14146;153;14891;15154;11.18;0.69;249.54;16.29;745;74;5186.00;263
14147;74;627697953;14147;149;14892;15154;11.21;0.69;249.54;16.29;745;74;5187.00;262
14149;74;627697964;14149;150;14899;15154;11.27;0.69;249.53;16.28;750;74;5188.00;255
14151;74;627697976;14151;147;14899;15154;11.31;0.69;249.53;16.28;748;74;5189.00;255
14154;74;627697990;14154;154;14904;15154;11.39;0.70;249.56;16.45;750;74;5190.00;250
14154;74;627698001;14154;153;14906;15154;11.38;0.70;249.56;16.44;752;74;5191.00;248
14158;74;627698011;14158;153;14908;15155;11.37;0.70;249.57;16.44;750;74;5192.00;247
14158;74;627698023;14158;162;14911;15156;11.42;0.70;249.57;16.44;753;74;5193.00;245
14165;74;627698033;14165;159;14913;15156;11.32;0.69;249.56;16.44;748;74;5194.00;243
14168;74;627698045;14168;157;14917;15157;11.31;0.69;249.55;16.44;749;74;5195.00;240
14169;74;627698057;14169;159;14921;15157;11.32;0.69;249.55;16.44;752;74;5196.00;236
14169;74;627698069;14169;159;14922;15157;11.25;0.69;249.55;16.44;753;74;5197.00;235
14172;74;627698080;14172;167;14923;15157;11.19;0.69;249.55;16.44;751;74;5198.00;234
14176;74;627698091;14176;167;14926;15161;11.17;0.68;249.53;16.44;750;74;5199.00;235
14182;74;627698103;14182;168;14927;15161;11.08;0.68;249.48;16.44;745;74;5200.00;234
14185;74;627698117;14185;171;14928;15161;10.95;0.67;249.47;16.44;743;74;5201.00;233
14186;74;627698128;14186;169;14931;15164;10.84;0.66;249.46;16.43;745;74;5202.00;233
14190;74;627698139;14190;165;14932;15164;10.71;0.66;249.44;16.43;742;74;5203.00;232
14191;74;627698162;14191;169;14933;15164;10.60;0.65;249.44;16.43;742;74;5204.00;231
14195;74;627698173;14195;167;14938;15168;10.53;0.65;249.41;16.61;743;74;5205.00;230
14199;74;627698185;14199;166;14941;15169;10.55;0.65;249.42;16.62;742;74;5206.00;228
14204;74;627698196;14204;169;14941;15169;10.61;0.65;249.44;16.62;737;74;5207.00;228
14206;74;627698207;14206;164;14944;15173;10.72;0.66;249.43;16.62;738;74;5208.00;229
14211;74;627698217;14211;164;14944;15173;10.71;0.65;249.44;16.62;733;74;5209.00;229
14214;74;627698226;14214;157;14944;15173;10.68;0.65;249.44;16.62;730;74;5210.00;229
14217;74;627698236;14217;152;14945;15174;10.66;0.65;249.45;16.62;728;74;5211.00;229
14221;74;627698246;14221;156;14947;15174;10.60;0.65;249.43;16.78;726;74;5212.00;227
14225;74;627698257;14225;161;14950;15180;10.65;0.65;249.38;16.78;725;74;5213.00;230
14226;74;627698268;14226;167;14951;15180;10.68;0.65;249.37;16.78;725;74;5214.00;229
14226;74;627698279;14226;179;14952;15180;10.71;0.65;249.37;16.78;726;74;5215.00;228
14235;74;627698289;14235;179;14952;15181;10.60;0.65;249.31;16.78;717;74;5216.00;229
14237;74;627698306;14237;187;14953;15181;10.49;0.64;249.29;16.78;716;74;5217.00;228
14240;74;627698317;14240;191;14953;15181;10.41;0.64;249.32;16.78;713;74;5218.00;228
14243;74;627698326;14243;188;14954;15181;10.29;0.63;249.29;16.94;711;74;5219.00;227
14246;74;627698339;14246;197;14975;15217;10.21;0.63;249.25;16.92;729;74;5220.00;242
14249;74;627698351;14249;197;14977;15217;10.10;0.62;249.25;16.93;728;74;5221.00;240
14250;74;627698362;14250;197;14979;15217;10.05;0.62;249.25;16.93;729;74;5222.00;238
14251;74;627698371;14251;199;14980;15217;9.97;0.61;249.25;16.93;729;74;5223.00;237
14252;74;627698380;14252;207;14981;15217;9.86;0.60;249.24;16.93;729;74;5224.00;236
14254;74;627698392;14254;217;14983;15217;9.73;0.59;249.23;16.93;729;74;5225.00;234
14255;74;627698402;14255;218;14986;15221;9.70;0.59;249.23;16.92;731;74;5226.00;235
14258;74;627698413;14258;229;14988;15221;9.66;0.59;249.21;16.92;730;74;5227.00;233
14258;74;627698423;14258;230;14990;15225;9.65;0.59;249.21;16.92;732;74;5228.00;235
14260;74;627698433;14260;233;14992;15226;9.60;0.59;249.21;16.92;732;74;5229.00;234
14260;74;627698449;14260;239;14996;15226;9.56;0.59;249.21;16.94;736;74;5230.00;230
14261;74;627698458;14261;247;14997;15226;9.55;0.58;249.21;16.94;736;74;5231.00;229
14263;74;627698469;14263;254;15008;15239;9.42;0.58;249.20;16.94;745;74;5232.00;231
14268;74;627698480;14268;260;15009;15239;9.30;0.57;249.18;16.96;741;74;5233.00;230
14269;74;627698491;14269;260;15009;15239;9.26;0.56;249.18;16.96;740;74;5234.00;230
14270;74;627698501;14270;253;15011;15240;9.19;0.56;249.17;16.97;741;74;5235.00;229
14270;74;627698511;14270;249;15013;15241;9.15;0.56;249.17;16.98;743;74;5236.00;228
14271;74;627698521;14271;255;15013;15241;9.08;0.55;249.17;16.98;742;74;5237.00;228
14272;74;627698532;14272;255;15019;15244;9.01;0.55;249.17;17.00;747;74;5238.00;225
14273;74;627698542;14273;252;15020;15244;8.92;0.54;249.17;17.01;747;74;5239.00;224
14274;74;627698553;14274;254;15021;15244;8.83;0.54;249.17;17.02;747;74;5240.00;223
14274;74;627698563;14274;249;15022;15244;8.74;0.53;249.17;17.03;748;74;5241.00;222
14275;74;627698573;14275;250;15026;15250;8.69;0.53;249.16;17.03;751;74;5242.00;224
14276;74;627698583;14276;251;15028;15250;8.58;0.52;249.20;17.05;752;74;5243.00;222
14276;74;627698593;14276;254;15029;15250;8.53;0.52;249.20;17.05;753;74;5244.00;221
14278;74;627698603;14278;255;15031;15250;8.41;0.51;249.19;17.08;753;74;5245.00;219
14280;74;627698613;14280;259;15034;15254;8.34;0.51;249.17;17.07;754;74;5246.00;220
14280;74;627698624;14280;261;15036;15255;8.26;0.50;249.17;17.08;756;74;5247.00;219
14280;74;627698634;14280;264;15037;15255;8.11;0.50;249.17;17.10;757;74;5248.00;218
14283;74;627698644;14283;267;15039;15256;7.96;0.49;249.14;17.10;756;74;5249.00;217
14284;74;627698662;14284;269;15039;15256;7.82;0.48;249.13;17.10;755;74;5250.00;217
14285;74;627698678;14285;270;15041;15256;7.69;0.47;249.13;17.12;756;74;5251.00;215
14287;74;627698688;14287;270;15042;15256;7.63;0.47;249.11;17.13;755;74;5252.00;214
14288;74;627698697;14288;267;15043;15256;7.54;0.46;249.11;17.14;755;74;5253.00;213
14288;74;627698707;14288;261;15043;15256;7.51;0.46;249.11;17.14;755;74;5254.00;213
14289;74;627698725;14289;264;15044;15256;7.51;0.46;249.10;17.15;755;74;5255.00;212
14292;74;627698738;14292;264;15080;15326;7.67;0.47;249.11;17.12;788;74;5256.00;246
14294;74;627698758;14294;255;15083;15327;7.65;0.47;249.10;17.15;789;74;5257.00;244
14297;74;627698768;14297;255;15093;15327;7.67;0.47;249.10;17.14;796;74;5258.00;234
14299;74;627698778;14299;258;15101;15327;7.67;0.47;249.14;17.14;802;74;5259.00;226
14302;74;627698789;14302;260;15109;15327;7.69;0.47;249.15;17.15;807;74;5260.00;218
14306;74;627698799;14306;260;15112;15327;7.64;0.47;249.13;17.15;806;74;5261.00;215
14308;74;627698809;14308;261;15117;15327;7.54;0.46;249.12;17.15;809;74;5262.00;210
14312;74;627698818;14312;262;15119;15327;7.43;0.45;249.15;17.16;807;74;5263.00;208
14319;74;627698827;14319;260;15121;15328;7.37;0.45;249.18;17.16;802;74;5264.00;207
14324;74;627698838;14324;265;15123;15330;7.32;0.45;249.17;17.16;799;74;5265.00;207
14327;74;627698849;14327;263;15124;15330;7.31;0.45;249.18;17.17;797;74;5266.00;206
14331;74;627698859;14331;267;15128;15334;7.25;0.44;249.19;17.17;797;74;5267.00;206
14333;74;627698869;14333;274;15128;15334;7.20;0.44;249.21;17.17;795;74;5268.00;206
14337;74;627698880;14337;277;15130;15334;7.14;0.44;249.17;17.19;793;74;5269.00;204
14340;74;627698890;14340;272;15130;15334;7.20;0.44;249.18;17.19;790;74;5270.00;204
14345;74;627698900;14345;264;15135;15340;7.33;0.45;249.21;17.18;790;74;5271.00;205
14348;74;627698911;14348;266;15136;15340;7.41;0.45;249.23;17.19;788;74;5272.00;204
14351;74;627698921;14351;256;15136;15340;7.47;0.46;249.23;17.19;785;74;5273.00;204
14354;74;627698931;14354;254;15140;15343;7.45;0.46;249.23;17.19;786;74;5274.00;203
14360;74;627698942;14360;249;15141;15343;7.46;0.46;249.24;17.19;781;74;5275.00;202
14361;74;627698953;14361;253;15141;15343;7.54;0.46;249.24;17.19;780;74;5276.00;202
14364;74;627698962;14364;245;15141;15344;7.61;0.47;249.26;17.19;777;74;5277.00;203
14367;74;627698978;14367;245;15142;15345;7.76;0.48;249.26;17.19;775;74;5278.00;203
14370;74;627698988;14370;238;15142;15345;7.86;0.48;249.25;17.19;772;74;5279.00;203
14377;74;627699000;14377;235;15162;15371;7.92;0.49;249.25;17.17;785;74;5280.00;209
14381;74;627699012;14381;222;15163;15371;8.07;0.49;249.32;17.17;782;74;5281.00;208
14385;74;627699023;14385;215;15164;15371;8.17;0.50;249.28;17.17;779;74;5282.00;207
14388;74;627699034;14388;209;15165;15372;8.33;0.51;249.30;17.17;777;74;5283.00;207
14394;74;627699045;14394;206;15165;15372;8.43;0.52;249.31;17.17;771;74;5284.00;207
14397;74;627699056;14397;205;15169;15376;8.58;0.53;249.31;17.16;772;74;5285.00;207
14407;74;627699066;14407;204;15169;15376;8.63;0.53;249.30;17.16;762;74;5286.00;207
14410;74;627699078;14410;205;15172;15379;8.73;0.53;249.30;17.16;762;74;5287.00;207
14417;74;627699089;14417;195;15172;15380;8.80;0.54;249.30;17.16;755;74;5288.00;208
14421;74;627699100;14421;186;15172;15380;8.87;0.54;249.31;17.16;751;74;5289.00;208
14424;74;627699110;14424;183;15172;15380;8.95;0.55;249.34;17.16;748;74;5290.00;208
14429;74;627699121;14429;175;15172;15380;8.96;0.55;249.33;17.16;743;74;5291.00;208
14434;74;627699132;14434;178;15181;15392;9.01;0.55;249.33;17.15;747;74;5292.00;211
14437;74;627699143;14437;171;15181;15392;9.07;0.55;249.34;17.15;744;74;5293.00;211
14441;74;627699155;14441;164;15183;15392;9.19;0.56;249.34;17.15;742;74;5294.00;209
14446;74;627699166;14446;160;15183;15392;9.22;0.56;249.35;17.15;737;74;5295.00;209
14451;74;627699176;14451;160;15183;15392;9.26;0.56;249.35;17.15;732;74;5296.00;209
14457;74;627699188;14457;159;15183;15392;9.29;0.57;249.37;17.15;726;74;5297.00;209
14460;74;627699198;14460;161;15183;15393;9.39;0.57;249.37;17.15;723;74;5298.00;210
14467;74;627699209;14467;162;15183;15393;9.50;0.58;249.35;17.15;716;74;5299.00;210
14472;74;627699221;14472;165;15187;15399;9.56;0.58;249.39;17.14;715;74;5300.00;212
14475;74;627699236;14475;171;15188;15400;9.62;0.58;249.39;17.14;713;74;5301.00;212
14478;74;627699247;14478;175;15189;15400;9.59;0.58;249.40;17.14;711;74;5302.00;211
14482;74;627699258;14482;181;15189;15400;9.58;0.58;249.37;17.14;707;74;5303.00;211
14484;74;627699274;14484;182;15192;15404;9.63;0.59;249.40;17.14;708;74;5304.00;212
14487;74;627699285;14487;185;15193;15404;9.64;0.59;249.41;17.30;706;74;5305.00;211
14491;74;627699298;14491;190;15193;15404;9.69;0.59;249.42;17.30;702;74;5306.00;211
14493;74;627699309;14493;190;15194;15405;9.75;0.59;249.41;17.30;701;74;5307.00;211
14500;74;627699320;14500;194;15197;15409;9.80;0.60;249.42;17.30;697;74;5308.00;212
14504;74;627699331;14504;197;15197;15409;9.89;0.60;249.43;17.30;693;74;5309.00;212
14509;74;627699343;14509;200;15200;15415;10.01;0.61;249.49;17.29;691;74;5310.00;215
14515;74;627699355;14515;204;15201;15415;10.07;0.61;249.50;17.29;686;74;5311.00;214
14517;74;627699366;14517;205;15201;15415;10.03;0.61;249.49;17.29;684;74;5312.00;214
14521;74;627699376;14521;206;15202;15415;9.97;0.61;249.51;17.29;681;74;5313.00;213
14524;74;627699387;14524;208;15204;15419;9.82;0.60;249.52;17.29;680;74;5314.00;215
14526;74;627699398;14526;210;15205;15419;9.82;0.60;249.51;17.29;679;74;5315.00;214
14529;74;627699408;14529;216;15205;15419;9.72;0.59;249.51;17.29;676;74;5316.00;214
14532;74;627699418;14532;203;15206;15419;9.70;0.59;249.51;17.29;674;74;5317.00;213
14537;74;627699429;14537;195;15206;15420;9.71;0.59;249.54;17.29;669;74;5318.00;214
14542;74;627699440;14542;193;15208;15421;9.70;0.59;249.56;17.29;666;74;5319.00;213
14547;74;627699451;14547;189;15208;15421;9.72;0.59;249.60;17.29;661;74;5320.00;213
14548;74;627699462;14548;189;15209;15422;9.80;0.59;249.60;17.29;661;74;5321.00;213
14551;74;627699473;14551;188;15209;15422;9.90;0.60;249.61;17.29;658;74;5322.00;213
14553;74;627699484;14553;188;15209;15422;9.93;0.60;249.63;17.29;656;74;5323.00;213
14554;74;627699495;14554;186;15209;15422;9.92;0.60;249.64;17.29;655;74;5324.00;213
14558;75;627699505;14558;187;15209;15422;9.89;0.60;249.64;17.29;651;75;5325.00;213
14563;75;627699526;14563;174;15209;15422;9.85;0.60;249.66;17.29;646;75;5326.00;213
14564;75;627699536;14564;167;15209;15422;9.89;0.60;249.67;17.29;645;75;5327.00;213
14566;75;627699546;14566;179;15276;15549;9.81;0.60;249.67;17.21;710;75;5328.00;273
14569;75;627699566;14569;158;15278;15550;9.83;0.61;249.68;17.21;709;75;5329.00;272
14571;75;627699577;14571;147;15287;15550;9.97;0.61;249.68;17.20;716;75;5330.00;263
14572;75;627699588;14572;140;15289;15550;10.02;0.62;249.68;17.20;717;75;5331.00;261
14577;75;627699600;14577;136;15293;15550;10.12;0.62;249.69;17.19;716;75;5332.00;257
14578;76;627699611;14578;131;15294;15550;10.19;0.63;249.69;17.19;716;76;5333.00;256
14581;76;627699629;14581;131;15298;15550;10.29;0.63;249.69;17.19;717;76;5334.00;252
14583;76;627699640;14583;128;15300;15550;10.41;0.64;249.70;17.19;717;76;5335.00;250
14585;76;627699651;14585;129;15305;15551;10.42;0.64;249.71;17.35;720;76;5336.00;246
14588;76;627699668;14588;129;15309;15552;10.45;0.64;249.70;17.34;721;76;5337.00;243
14591;76;627699680;14591;133;15312;15552;10.44;0.64;249.72;17.34;721;76;5338.00;240
14593;76;627699691;14593;135;15316;15553;10.42;0.64;249.72;17.34;723;76;5339.00;237
14596;76;627699703;14596;140;15319;15553;10.38;0.64;249.75;17.34;723;76;5340.00;234
14598;76;627699720;14598;146;15322;15553;10.37;0.64;249.78;17.34;724;76;5341.00;231
14602;76;627699735;14602;153;15326;15553;10.42;0.64;249.78;17.34;724;76;5342.00;227
14605;76;627699755;14605;160;15330;15557;10.35;0.64;249.80;17.33;725;76;5343.00;227
14606;76;627699778;14606;164;15331;15557;10.35;0.64;249.82;17.33;725;76;5344.00;226
14608;76;627699796;14608;162;15333;15557;10.35;0.64;249.82;17.33;725;76;5345.00;224
14611;76;627699812;14611;162;15335;15560;10.38;0.64;249.80;17.33;724;76;5346.00;225
14613;76;627699830;14613;173;15337;15560;10.35;0.63;249.79;17.33;724;76;5347.00;223
14616;76;627699857;14616;177;15337;15560;10.30;0.63;249.80;17.33;721;76;5348.00;223
14616;76;627699869;14616;181;15340;15564;10.29;0.63;249.80;17.33;724;76;5349.00;224
14619;76;627699890;14619;180;15341;15565;10.31;0.63;249.79;17.32;722;76;5350.00;224
14621;76;627699902;14621;184;15341;15565;10.36;0.63;249.78;17.32;720;76;5351.00;224
14625;76;627699919;14625;185;15344;15569;10.36;0.63;249.76;17.32;719;76;5352.00;225
14627;76;627699931;14627;192;15344;15569;10.37;0.63;249.75;17.32;717;76;5353.00;225
14630;76;627699942;14630;195;15344;15569;10.37;0.63;249.72;17.32;714;76;5354.00;225
14633;76;627699953;14633;195;15346;15571;10.37;0.63;249.69;17.32;713;76;5355.00;225
14634;76;627699965;14634;200;15346;15571;10.29;0.63;249.69;17.32;712;76;5356.00;225
14638;76;627699975;14638;205;15350;15577;10.25;0.62;249.67;17.31;712;76;5357.00;227
14641;76;627699987;14641;207;15350;15577;10.22;0.62;249.66;17.31;709;76;5358.00;227
14642;76;627699998;14642;213;15351;15577;10.24;0.62;249.65;17.31;709;76;5359.00;226
14644;76;627700010;14644;213;15351;15578;10.32;0.63;249.63;17.31;707;76;5360.00;227
14646;76;627700022;14646;213;15351;15578;10.40;0.63;249.62;17.31;705;76;5361.00;227
14648;76;627700036;14648;211;15351;15578;10.40;0.63;249.60;17.31;703;76;5362.00;227
14651;77;627700053;14651;210;15351;15578;10.35;0.63;249.58;17.31;700;77;5363.00;227
14654;77;627700084;14654;211;15360;15590;10.34;0.63;249.56;17.30;706;77;5364.00;230
14657;77;627700101;14657;212;15360;15590;10.35;0.63;249.55;17.30;703;77;5365.00;230
14657;77;627700121;14657;212;15362;15590;10.38;0.63;249.55;17.30;705;77;5366.00;228
14660;77;627700132;14660;212;15362;15590;10.34;0.63;249.53;17.30;702;77;5367.00;228
14663;77;627700147;14663;209;15362;15590;10.28;0.63;249.55;17.30;699;77;5368.00;228
14665;77;627700166;14665;207;15362;15590;10.27;0.63;249.53;17.30;697;77;5369.00;228
14667;77;627700184;14667;206;15365;15594;10.27;0.63;249.53;17.30;698;77;5370.00;229
14673;77;627700197;14673;207;15365;15594;10.24;0.62;249.50;17.30;692;77;5371.00;229
14675;77;627700207;14675;204;15368;15598;10.31;0.63;249.48;17.29;693;77;5372.00;230
14677;77;627700216;14677;200;15370;15599;10.38;0.63;249.46;17.29;693;77;5373.00;229
14682;77;627700226;14682;191;15370;15599;10.38;0.63;249.47;17.29;688;77;5374.00;229
14682;77;627700235;14682;188;15371;15599;10.40;0.63;249.47;17.31;689;77;5375.00;228
14686;77;627700246;14686;187;15381;15612;10.29;0.62;249.46;17.30;695;77;5376.00;231
14687;77;627700257;14687;184;15381;15612;10.29;0.62;249.45;17.30;694;77;5377.00;231
14688;77;627700267;14688;184;15382;15612;10.25;0.62;249.45;17.29;694;77;5378.00;230
14692;77;627700277;14692;181;15384;15613;10.19;0.62;249.44;17.45;692;77;5379.00;229
14694;77;627700288;14694;184;15385;15614;10.16;0.62;249.42;17.47;691;77;5380.00;229
14695;77;627700298;14695;183;15385;15614;10.19;0.62;249.41;17.47;690;77;5381.00;229
14696;77;627700307;14696;188;15387;15617;10.16;0.62;249.39;17.47;691;77;5382.00;230
14696;77;627700317;14696;193;15389;15617;10.17;0.62;249.39;17.63;693;77;5383.00;228
14698;77;627700326;14698;193;15389;15617;10.17;0.62;249.38;17.63;691;77;5384.00;228
14700;77;627700335;14700;195;15390;15617;10.09;0.61;249.36;17.79;690;77;5385.00;227
14700;77;627700345;14700;194;15394;15623;10.10;0.62;249.36;17.78;694;77;5386.00;229
14701;77;627700354;14701;182;15394;15623;10.07;0.61;249.36;17.78;693;77;5387.00;229
14702;77;627700366;14702;175;15395;15623;10.10;0.62;249.40;17.78;693;77;5388.00;228
14703;77;627700378;14703;166;15396;15623;10.11;0.62;249.41;17.94;693;77;5389.00;227
14704;77;627700390;14704;165;15399;15627;10.17;0.62;249.40;17.94;695;77;5390.00;228
14706;77;627700403;14706;158;15400;15628;10.18;0.62;249.41;17.94;694;77;5391.00;228
14707;78;627700421;14707;149;15400;15628;10.19;0.62;249.41;17.94;693;78;5392.00;228
14709;78;627700448;14709;150;15401;15629;10.34;0.63;249.39;17.94;692;78;5393.00;228
14711;78;627700462;14711;146;15402;15629;10.39;0.63;249.39;17.95;691;78;5394.00;227
14711;79;627700481;14711;144;15402;15629;10.41;0.63;249.39;17.95;691;79;5395.00;227
14712;79;627700513;14712;144;15403;15629;10.39;0.63;249.37;17.97;691;79;5396.00;226
14714;79;627700525;14714;148;15403;15629;10.41;0.63;249.41;17.97;689;79;5397.00;226
14715;79;627700535;14715;154;15403;15629;10.46;0.64;249.42;17.97;688;79;5398.00;226
14717;79;627700554;14717;152;15405;15629;10.48;0.64;249.41;18.00;688;79;5399.00;224
