step_arrived;step_collisions;step_duration;step_ended;step_halting;step_inserted;step_loaded;step_meanSpeed;step_meanSpeedRelative;step_meanTravelTime;step_meanWaitingTime;step_running;step_teleports;step_time;step_waiting
0;0;628743677;0;1;83;245;16.27;1.15;-1.00;0.00;83;0;0.00;162
0;0;628743707;0;0;93;245;15.45;1.08;-1.00;0.11;93;0;1.00;152
0;0;628743708;0;2;113;245;14.75;1.01;-1.00;0.44;113;0;2.00;132
0;0;628743709;0;2;128;245;13.56;0.92;-1.00;0.74;128;0;3.00;117
0;0;628743711;0;1;139;245;12.55;0.85;-1.00;1.00;139;0;4.00;106
0;0;628743712;0;7;149;245;11.73;0.79;-1.00;1.27;149;0;5.00;96
0;0;628743714;0;8;161;245;10.91;0.73;-1.00;1.62;161;0;6.00;84
0;0;628743716;0;12;164;245;10.37;0.69;-1.00;1.72;164;0;7.00;81
0;0;628743719;0;17;176;246;9.79;0.65;-1.00;2.15;176;0;8.00;70
0;0;628743722;0;17;180;247;9.56;0.64;-1.00;2.30;180;0;9.00;67
0;0;628743726;0;18;187;247;9.37;0.62;-1.00;2.55;187;0;10.00;60
0;0;628743729;0;23;190;248;9.41;0.62;-1.00;2.63;190;0;11.00;58
0;0;628743732;0;26;196;248;9.30;0.61;-1.00;2.92;196;0;12.00;52
1;0;628743735;1;30;200;248;9.07;0.59;13.00;3.12;199;0;13.00;48
1;0;628743738;1;34;202;248;9.02;0.59;13.00;3.23;201;0;14.00;46
1;0;628743741;1;36;207;252;9.01;0.58;13.00;3.38;206;0;15.00;45
1;0;628743746;1;38;210;252;9.08;0.58;13.00;3.56;209;0;16.00;42
1;0;628743750;1;42;212;252;9.11;0.58;13.00;3.68;211;0;17.00;40
1;0;628743763;1;48;217;255;9.15;0.58;13.00;3.93;216;0;18.00;38
1;0;628743768;1;52;220;255;9.17;0.58;13.00;4.14;219;0;19.00;35
2;0;628743772;2;56;223;255;9.25;0.59;16.50;4.35;221;0;20.00;32
3;0;628743778;3;59;229;259;9.42;0.60;18.00;4.44;226;0;21.00;30
4;0;628743783;4;62;234;260;9.43;0.59;19.00;4.72;230;0;22.00;26
5;0;628743787;5;64;239;260;9.32;0.58;19.80;5.10;234;0;23.00;21
6;0;628743791;6;70;244;264;9.30;0.58;20.17;5.24;238;0;24.00;20
6;0;628743796;6;74;247;264;9.31;0.58;20.17;5.34;241;0;25.00;17
6;0;628743801;6;78;249;264;9.34;0.58;20.17;5.51;243;0;26.00;15
6;0;628743805;6;80;252;265;9.41;0.59;20.17;5.53;246;0;27.00;13
6;0;628743810;6;85;254;265;9.37;0.58;20.17;5.71;248;0;28.00;11
6;0;628743815;6;87;259;271;9.29;0.58;20.17;5.66;253;0;29.00;12
6;0;628743823;6;88;260;271;9.22;0.57;20.17;5.66;254;0;30.00;11
7;0;628743828;7;91;262;272;9.01;0.56;21.29;5.63;255;0;31.00;10
7;0;628743834;7;95;263;272;8.90;0.55;21.29;5.73;256;0;32.00;9
8;0;628743839;8;96;263;272;8.86;0.55;22.75;5.73;255;0;33.00;9
9;0;628743844;9;97;264;272;8.80;0.54;23.56;5.73;255;0;34.00;8
10;0;628743847;10;103;264;272;8.73;0.54;24.10;5.73;254;0;35.00;8
10;0;628743851;10;107;276;284;8.97;0.55;24.10;5.48;266;0;36.00;8
10;0;628743855;10;109;276;284;9.00;0.55;24.10;5.48;266;0;37.00;8
10;0;628743858;10;113;276;284;8.94;0.55;24.10;5.48;266;0;38.00;8
11;0;628743862;11;117;276;284;8.83;0.55;25.45;5.48;265;0;39.00;8
12;0;628743865;12;118;276;284;8.61;0.53;26.42;5.48;264;0;40.00;8
12;0;628743868;12;120;276;284;8.44;0.52;26.42;5.48;264;0;41.00;8
13;0;628743871;13;126;280;288;8.43;0.52;27.23;5.42;267;0;42.00;8
13;0;628743875;13;128;280;288;8.24;0.51;27.23;5.42;267;0;43.00;8
15;0;628743879;15;129;283;292;8.14;0.50;28.80;5.37;268;0;44.00;9
15;0;628743883;15;131;285;294;8.01;0.50;28.80;5.33;270;0;45.00;9
15;0;628743886;15;136;286;294;7.97;0.50;28.80;5.33;271;0;46.00;8
16;0;628743889;16;136;286;294;7.85;0.49;28.63;5.33;270;0;47.00;8
18;0;628743893;18;135;297;307;8.06;0.50;30.44;5.13;279;0;48.00;10
18;0;628743897;18;136;297;307;7.98;0.49;30.44;5.13;279;0;49.00;10
18;0;628743900;18;139;298;307;7.90;0.49;30.44;5.12;280;0;50.00;9
18;0;628743903;18;139;299;308;7.80;0.48;30.44;5.10;281;0;51.00;9
19;0;628743908;19;144;300;309;7.61;0.47;31.58;5.09;281;0;52.00;9
20;0;628743912;20;145;300;309;7.47;0.46;32.60;5.09;280;0;53.00;9
20;0;628743917;20;146;302;312;7.49;0.46;32.60;5.06;282;0;54.00;10
21;0;628743921;21;147;302;312;7.31;0.45;31.95;5.06;281;0;55.00;10
21;0;628743925;21;137;303;312;7.35;0.45;31.95;5.05;282;0;56.00;9
24;0;628743929;24;136;303;312;7.28;0.45;34.08;5.05;279;0;57.00;9
24;0;628743933;24;137;308;318;7.42;0.46;34.08;4.98;284;0;58.00;10
26;0;628743937;26;139;308;318;7.38;0.45;35.85;4.98;282;0;59.00;10
27;0;628743942;27;139;309;318;7.44;0.46;36.74;4.97;282;0;60.00;9
27;0;628743946;27;141;309;318;7.50;0.46;36.74;4.97;282;0;61.00;9
28;0;628743949;28;142;313;322;7.57;0.47;37.54;4.92;285;0;62.00;9
28;0;628743953;28;144;314;323;7.75;0.48;37.54;4.91;286;0;63.00;9
29;0;628743956;29;146;314;323;7.85;0.48;38.38;4.91;285;0;64.00;9
31;0;628743959;31;148;315;324;7.92;0.49;37.71;4.90;284;0;65.00;9
31;0;628743963;31;148;315;324;7.91;0.49;37.71;4.90;284;0;66.00;9
32;0;628743968;32;139;315;324;7.94;0.49;38.63;4.90;283;0;67.00;9
32;0;628743972;32;135;315;324;8.08;0.50;38.63;4.90;283;0;68.00;9
32;0;628743975;32;133;315;324;8.10;0.50;38.63;4.90;283;0;69.00;9
34;0;628743978;34;129;315;324;8.09;0.50;39.85;4.90;281;0;70.00;9
35;0;628743982;35;124;315;324;8.26;0.51;40.74;4.90;280;0;71.00;9
36;0;628743985;36;131;354;394;8.22;0.51;41.61;4.36;318;0;72.00;40
36;0;628743995;36;122;355;395;8.43;0.52;41.61;4.35;319;0;73.00;40
37;0;628744005;37;116;362;395;8.89;0.55;42.49;4.30;325;0;74.00;33
37;0;628744009;37;110;364;395;9.24;0.57;42.49;4.29;327;0;75.00;31
38;0;628744013;38;107;367;395;9.60;0.59;43.24;4.29;329;0;76.00;28
39;0;628744018;39;103;370;395;9.81;0.60;43.90;4.30;331;0;77.00;25
39;0;628744022;39;106;373;395;9.93;0.60;43.90;4.31;334;0;78.00;22
39;0;628744026;39;106;375;395;9.97;0.61;43.90;4.33;336;0;79.00;20
40;0;628744038;40;107;378;396;9.97;0.61;44.35;4.35;338;0;80.00;18
41;0;628744049;41;110;380;397;9.99;0.61;45.24;4.34;339;0;81.00;17
41;0;628744053;41;111;381;397;9.87;0.60;45.24;4.35;340;0;82.00;16
42;0;628744057;42;116;385;401;9.70;0.59;45.90;4.32;343;0;83.00;16
43;0;628744062;43;119;385;401;9.66;0.59;46.67;4.32;342;0;84.00;16
43;0;628744067;43;118;385;401;9.60;0.58;46.67;4.32;342;0;85.00;16
43;0;628744070;43;118;385;401;9.55;0.58;46.67;4.32;342;0;86.00;16
44;0;628744074;44;120;389;407;9.48;0.58;47.59;4.28;345;0;87.00;18
45;0;628744079;45;122;389;407;9.38;0.57;48.47;4.28;344;0;88.00;18
47;0;628744083;47;125;390;407;9.38;0.57;50.17;4.28;343;0;89.00;17
49;0;628744096;49;127;393;413;9.33;0.57;51.80;4.25;344;0;90.00;20
50;0;628744100;50;131;394;413;9.37;0.57;52.46;4.24;344;0;91.00;19
51;0;628744104;51;130;394;413;9.44;0.58;53.24;4.24;343;0;92.00;19
53;0;628744108;53;133;396;414;9.48;0.58;54.62;4.23;343;0;93.00;18
56;0;628744112;56;132;397;415;9.54;0.58;56.73;4.22;341;0;94.00;18
58;0;628744116;58;134;398;415;9.49;0.58;56.81;4.22;340;0;95.00;17
59;0;628744121;59;135;407;428;9.29;0.56;57.47;4.13;348;0;96.00;21
60;0;628744127;60;136;408;428;9.24;0.56;58.13;4.12;348;0;97.00;20
60;0;628744131;60;137;409;428;9.30;0.57;58.13;4.11;349;0;98.00;19
62;0;628744136;62;134;410;429;9.33;0.57;59.45;4.10;348;0;99.00;19
63;0;628744142;63;132;410;429;9.40;0.57;60.05;4.10;347;0;100.00;19
64;0;628744151;64;131;412;433;9.47;0.58;60.63;4.09;348;0;101.00;21
66;0;628744158;66;123;412;433;9.54;0.58;61.53;4.09;346;0;102.00;21
67;0;628744163;67;115;417;437;9.47;0.57;62.13;4.06;350;0;103.00;20
67;0;628744174;67;111;417;437;9.63;0.58;62.13;4.06;350;0;104.00;20
67;0;628744179;67;106;417;437;9.80;0.59;62.13;4.06;350;0;105.00;20
68;0;628744183;68;99;417;437;9.88;0.60;62.75;4.06;349;0;106.00;20
69;0;628744189;69;94;417;437;9.99;0.61;63.39;4.06;348;0;107.00;20
70;0;628744194;70;89;428;449;10.10;0.61;64.03;3.95;358;0;108.00;21
71;0;628744200;71;83;429;449;10.26;0.62;64.62;3.95;358;0;109.00;20
71;1;628744205;71;79;429;449;10.44;0.63;64.62;3.95;358;1;110.00;20
71;1;628744225;71;73;429;449;10.66;0.65;64.62;3.95;358;1;111.00;20
71;1;628744237;71;77;429;449;10.79;0.66;64.62;3.95;358;1;112.00;20
72;1;628744244;72;73;429;449;10.87;0.66;65.29;3.95;357;1;113.00;20
72;1;628744249;72;72;430;450;10.99;0.67;65.29;3.94;358;1;114.00;20
72;1;628744255;72;72;430;450;11.07;0.67;65.29;3.94;358;1;115.00;20
73;1;628744260;73;69;434;456;11.25;0.68;65.33;3.91;361;1;116.00;22
73;1;628744267;73;69;437;457;11.34;0.69;65.33;4.16;364;1;117.00;20
74;1;628744273;74;69;437;457;11.49;0.70;65.55;4.16;363;1;118.00;20
74;1;628744279;74;71;437;457;11.65;0.71;65.55;4.16;363;1;119.00;20
74;1;628744288;74;73;444;462;11.72;0.72;65.55;4.58;370;1;120.00;18
78;1;628744295;78;75;444;462;11.70;0.71;68.01;4.58;366;1;121.00;18
78;1;628744301;78;77;444;462;11.73;0.72;68.01;4.58;366;1;122.00;18
79;1;628744307;79;82;445;463;11.74;0.72;68.68;4.57;366;1;123.00;18
80;1;628744314;80;81;453;467;11.63;0.71;68.47;5.28;373;1;124.00;14
81;1;628744320;81;84;455;467;11.62;0.71;69.02;5.45;374;1;125.00;12
82;1;628744327;82;85;458;470;11.71;0.72;69.70;5.69;376;1;126.00;12
83;1;628744333;83;90;461;470;11.79;0.72;70.23;5.74;378;1;127.00;9
83;1;628744340;83;93;462;470;11.87;0.72;70.23;6.01;379;1;128.00;8
83;1;628744347;83;94;462;470;11.89;0.73;70.23;6.01;379;1;129.00;8
84;1;628744353;84;94;466;474;11.92;0.73;70.94;6.24;382;1;130.00;8
85;1;628744360;85;97;466;474;11.98;0.73;71.36;6.24;381;1;131.00;8
89;1;628744366;89;95;468;474;12.11;0.74;73.76;6.50;379;1;132.00;6
90;1;628744373;90;94;469;474;12.09;0.74;74.33;6.67;379;1;133.00;5
92;1;628744380;92;95;471;475;12.04;0.74;75.62;6.78;379;1;134.00;4
95;1;628744389;95;95;473;477;11.90;0.73;76.01;6.75;378;1;135.00;4
95;1;628744395;95;97;474;477;11.82;0.72;76.01;6.87;379;1;136.00;3
96;1;628744403;96;100;475;478;11.82;0.72;76.19;6.86;379;1;137.00;3
97;1;628744413;97;103;476;478;11.77;0.72;76.82;6.93;379;1;138.00;2
99;1;628744420;99;106;476;478;11.72;0.72;77.35;6.93;377;1;139.00;2
101;1;628744429;101;106;477;478;11.64;0.71;78.57;7.01;376;1;140.00;1
101;1;628744437;101;110;477;478;11.61;0.71;78.57;7.01;376;1;141.00;1
103;1;628744445;103;111;477;478;11.54;0.71;78.99;7.01;374;1;142.00;1
105;1;628744452;105;113;478;478;11.49;0.71;80.21;7.04;373;1;143.00;0
107;1;628744462;107;135;548;605;11.06;0.70;81.21;6.15;441;1;144.00;57
110;1;628744488;110;125;552;606;11.01;0.69;81.74;6.11;442;1;145.00;54
111;1;628744497;111;120;560;606;11.06;0.70;81.45;6.05;449;1;146.00;46
111;1;628744504;111;120;564;606;11.10;0.70;81.45;6.03;453;1;147.00;42
112;1;628744511;112;124;571;606;11.14;0.70;81.72;6.01;459;1;148.00;35
113;1;628744525;113;123;577;606;11.08;0.70;82.32;5.99;464;1;149.00;29
120;1;628744534;120;120;581;611;11.03;0.69;85.05;5.99;461;1;150.00;30
121;1;628744544;121;120;583;611;11.06;0.69;85.55;6.00;462;1;151.00;28
123;1;628744552;123;119;586;612;11.10;0.69;86.52;6.01;463;1;152.00;26
124;1;628744559;124;119;590;613;11.15;0.70;87.02;6.03;466;1;153.00;23
125;1;628744568;125;121;594;613;11.12;0.69;86.41;6.06;469;1;154.00;19
127;1;628744581;127;125;598;614;11.02;0.69;87.39;6.06;471;1;155.00;16
129;1;628744588;129;124;601;614;10.96;0.69;86.76;6.08;472;1;156.00;13
131;1;628744596;131;126;602;614;10.90;0.68;87.28;6.09;471;1;157.00;12
132;1;628744603;132;129;603;614;10.84;0.68;87.67;6.10;471;1;158.00;11
134;1;628744609;134;135;606;618;10.77;0.67;88.48;6.10;472;1;159.00;12
134;1;628744617;134;141;608;618;10.70;0.67;88.48;6.12;474;1;160.00;10
137;1;628744623;137;144;608;618;10.54;0.65;88.93;6.12;471;1;161.00;10
138;1;628744630;138;148;612;621;10.46;0.65;89.35;6.13;474;1;162.00;9
140;1;628744637;140;145;612;621;10.32;0.64;89.87;6.13;472;1;163.00;9
144;1;628744657;144;146;613;621;10.28;0.63;90.47;6.15;469;1;164.00;8
146;1;628744664;146;146;616;625;10.15;0.63;91.16;6.13;470;1;165.00;9
147;1;628744670;147;143;618;626;10.10;0.62;91.18;6.13;471;1;166.00;8
151;1;628744677;151;141;618;626;10.01;0.62;92.72;6.13;467;1;167.00;8
151;1;628744684;151;142;622;630;9.95;0.61;92.72;6.09;471;1;168.00;8
153;1;628744691;153;142;624;630;9.76;0.60;93.50;6.12;471;1;169.00;6
154;2;628744697;154;138;624;630;9.63;0.59;93.68;6.12;470;2;170.00;6
157;2;628744711;157;135;625;631;9.55;0.59;94.37;6.11;468;2;171.00;6
158;2;628744719;158;133;627;631;9.46;0.58;94.78;6.17;469;2;172.00;4
161;2;628744730;161;131;631;637;9.50;0.58;95.94;6.14;470;2;173.00;6
163;2;628744737;163;129;631;637;9.53;0.59;96.30;6.14;468;2;174.00;6
165;2;628744744;165;131;634;638;9.54;0.58;97.13;6.17;469;2;175.00;4
165;2;628744751;165;134;636;638;9.59;0.59;97.13;6.21;471;2;176.00;2
166;2;628744757;166;128;636;638;9.63;0.59;97.09;6.21;470;2;177.00;2
166;3;628744764;166;125;637;638;9.76;0.60;97.09;6.21;471;3;178.00;1
168;3;628744778;168;119;637;638;9.87;0.60;97.61;6.21;469;3;179.00;1
168;3;628744787;168;121;667;672;9.84;0.61;97.61;5.94;499;3;180.00;5
168;3;628744800;168;118;669;672;9.93;0.61;97.61;5.93;501;3;181.00;3
168;3;628744807;168;121;670;672;10.02;0.62;97.61;5.92;502;3;182.00;2
172;3;628744814;172;121;671;672;10.16;0.63;98.32;5.92;499;3;183.00;1
172;3;628744820;172;125;671;672;10.28;0.63;98.32;5.92;499;3;184.00;1
175;3;628744827;175;128;672;672;10.23;0.63;99.45;5.92;497;3;185.00;0
175;3;628744840;175;131;676;676;10.28;0.63;99.45;5.89;501;3;186.00;0
176;3;628744847;176;133;676;676;10.22;0.63;99.36;5.89;500;3;187.00;0
181;3;628744854;181;139;679;680;10.09;0.62;100.09;5.87;498;3;188.00;1
181;3;628744861;181;142;681;681;9.94;0.61;100.09;5.85;500;3;189.00;0
182;3;628744867;182;148;681;681;9.76;0.60;100.32;5.85;499;3;190.00;0
185;3;628744873;185;155;681;681;9.60;0.59;100.55;5.85;496;3;191.00;0
186;3;628744880;186;165;694;694;9.51;0.59;100.26;5.74;508;3;192.00;0
188;3;628744889;188;173;694;694;9.43;0.58;101.23;5.74;506;3;193.00;0
192;3;628744895;192;169;694;694;9.34;0.58;101.50;5.74;502;3;194.00;0
195;3;628744902;195;175;695;695;9.26;0.57;101.44;5.74;500;3;195.00;0
197;3;628744909;197;175;696;696;9.19;0.56;101.65;5.73;499;3;196.00;0
198;3;628744915;198;182;696;696;8.98;0.55;102.02;5.73;498;3;197.00;0
203;3;628744928;203;190;698;699;8.79;0.54;101.81;5.71;495;3;198.00;1
205;3;628744936;205;193;699;699;8.68;0.53;101.47;5.71;494;3;199.00;0
207;3;628744943;207;197;699;699;8.53;0.52;101.06;5.71;492;3;200.00;0
210;3;628744954;210;204;699;699;8.38;0.51;100.30;5.71;489;3;201.00;0
214;3;628744961;214;211;704;705;8.27;0.51;100.04;5.67;490;3;202.00;1
214;3;628744969;214;215;704;705;8.16;0.50;100.04;5.67;490;3;203.00;1
215;3;628744976;215;215;705;705;8.06;0.49;100.36;5.67;490;3;204.00;0
217;3;628744982;217;218;705;705;7.92;0.49;101.28;5.67;488;3;205.00;0
219;3;628744988;219;221;709;709;7.80;0.48;101.06;5.64;490;3;206.00;0
220;3;628744995;220;225;710;710;7.69;0.47;101.19;5.63;490;3;207.00;0
220;3;628745002;220;227;710;710;7.68;0.47;101.19;5.63;490;3;208.00;0
221;3;628745008;221;233;711;711;7.60;0.47;101.27;5.63;490;3;209.00;0
221;3;628745016;221;240;711;711;7.54;0.47;101.27;5.63;490;3;210.00;0
223;3;628745022;223;248;711;711;7.48;0.46;101.06;5.63;488;3;211.00;0
223;3;628745029;223;250;711;711;7.57;0.47;101.06;5.63;488;3;212.00;0
225;3;628745035;225;250;711;711;7.56;0.47;100.38;5.63;486;3;213.00;0
230;3;628745041;230;254;711;711;7.46;0.46;101.70;5.63;481;3;214.00;0
231;3;628745048;231;258;711;711;7.35;0.45;102.11;5.63;480;3;215.00;0
232;3;628745054;232;270;755;781;7.55;0.47;102.33;5.30;523;3;216.00;26
233;3;628745067;233;257;757;782;7.50;0.46;102.82;5.29;524;3;217.00;25
233;3;628745073;233;249;763;782;7.64;0.47;102.82;5.26;530;3;218.00;19
233;3;628745080;233;228;769;782;7.85;0.49;102.82;5.24;536;3;219.00;13
236;3;628745096;236;213;773;782;8.02;0.50;103.33;5.24;537;3;220.00;9
236;3;628745104;236;205;775;782;8.24;0.51;103.33;5.24;539;3;221.00;7
238;3;628745111;238;198;778;782;8.50;0.52;103.89;5.24;540;3;222.00;4
239;3;628745119;239;188;780;782;8.71;0.54;103.78;5.24;541;3;223.00;2
241;3;628745127;241;183;782;783;8.81;0.54;104.26;5.24;541;3;224.00;1
241;3;628745143;241;180;784;785;8.83;0.54;104.26;5.23;543;3;225.00;1
243;3;628745152;243;163;785;785;8.96;0.55;104.65;5.24;542;3;226.00;0
246;4;628745161;246;156;789;789;9.01;0.55;105.27;5.21;543;4;227.00;0
249;4;628745188;249;142;789;789;9.19;0.56;106.13;5.21;540;4;228.00;0
251;4;628745198;251;131;789;789;9.37;0.57;107.10;5.21;538;4;229.00;0
252;4;628745214;252;127;789;789;9.61;0.59;106.89;5.21;537;4;230.00;0
254;4;628745223;254;122;794;795;9.84;0.60;107.65;5.19;540;4;231.00;1
254;4;628745233;254;112;794;795;10.00;0.61;107.65;5.19;540;4;232.00;1
255;4;628745243;255;104;795;795;10.15;0.62;107.50;5.18;540;4;233.00;0
256;4;628745252;256;100;797;798;10.37;0.63;107.82;5.17;541;4;234.00;1
256;4;628745261;256;99;798;798;10.61;0.65;107.82;5.17;542;4;235.00;0
258;4;628745270;258;95;798;798;10.79;0.66;108.62;5.17;540;4;236.00;0
258;4;628745280;258;93;799;799;10.96;0.67;108.62;5.16;541;4;237.00;0
259;4;628745288;259;89;800;800;11.15;0.68;108.94;5.16;541;4;238.00;0
263;4;628745296;263;85;800;800;11.28;0.69;109.55;5.16;537;4;239.00;0
265;4;628745306;265;93;824;826;11.25;0.69;109.67;5.01;559;4;240.00;2
265;4;628745317;265;89;824;826;11.37;0.69;109.67;5.01;559;4;241.00;2
267;4;628745325;267;89;825;826;11.46;0.70;110.12;5.00;558;4;242.00;1
270;4;628745333;270;89;827;827;11.59;0.71;111.21;4.99;557;4;243.00;0
274;4;628745342;274;91;827;827;11.63;0.71;113.01;4.99;553;4;244.00;0
277;4;628745350;277;94;830;831;11.78;0.72;113.31;4.98;553;4;245.00;1
278;4;628745359;278;101;830;831;11.88;0.73;113.53;4.98;552;4;246.00;1
283;4;628745367;283;102;835;835;11.87;0.72;115.13;4.96;552;4;247.00;0
286;4;628745376;286;103;835;835;11.99;0.73;115.48;4.96;549;4;248.00;0
287;4;628745384;287;97;835;835;12.09;0.74;115.44;4.96;548;4;249.00;0
290;4;628745392;290;98;835;835;12.11;0.74;115.90;4.96;545;4;250.00;0
291;4;628745408;291;101;835;835;12.20;0.74;116.34;4.96;544;4;251.00;0
293;4;628745416;293;102;846;847;12.18;0.74;116.56;4.89;553;4;252.00;1
297;4;628745424;297;104;846;847;12.17;0.74;116.86;4.89;549;4;253.00;1
297;5;628745432;297;104;847;847;12.17;0.74;116.86;4.89;550;5;254.00;0
299;5;628745453;299;105;847;847;12.27;0.75;116.98;4.89;548;5;255.00;0
299;5;628745464;299;106;847;847;12.32;0.75;116.98;4.89;548;5;256.00;0
301;5;628745475;301;106;847;847;12.42;0.76;116.83;4.89;546;5;257.00;0
303;5;628745492;303;107;848;848;12.51;0.76;117.38;4.89;545;5;258.00;0
303;5;628745501;303;104;848;848;12.62;0.77;117.38;4.89;545;5;259.00;0
306;5;628745509;306;107;853;854;12.61;0.76;117.52;4.86;547;5;260.00;1
306;5;628745520;306;108;854;855;12.61;0.77;117.52;4.86;548;5;261.00;1
309;5;628745528;309;109;855;855;12.61;0.76;117.56;4.85;546;5;262.00;0
313;5;628745536;313;111;855;855;12.57;0.76;117.97;4.85;542;5;263.00;0
315;5;628745544;315;116;859;859;12.52;0.76;118.43;4.83;544;5;264.00;0
316;5;628745553;316;116;859;859;12.50;0.76;118.44;4.83;543;5;265.00;0
321;5;628745561;321;118;859;859;12.51;0.76;119.02;4.83;538;5;266.00;0
323;5;628745569;323;121;860;860;12.58;0.76;119.48;4.83;537;5;267.00;0
326;5;628745576;326;125;864;864;12.53;0.76;120.17;4.81;538;5;268.00;0
326;5;628745584;326;120;864;864;12.55;0.76;120.17;4.81;538;5;269.00;0
331;5;628745594;331;117;867;870;12.61;0.76;120.86;4.79;536;5;270.00;3
335;5;628745602;335;114;867;870;12.55;0.76;121.33;4.79;532;5;271.00;3
337;5;628745610;337;108;868;870;12.60;0.76;121.27;4.79;531;5;272.00;2
341;5;628745619;341;107;868;870;12.55;0.76;122.33;4.79;527;5;273.00;2
343;5;628745628;343;100;871;874;12.72;0.77;123.20;4.78;528;5;274.00;3
347;5;628745637;347;99;871;874;12.77;0.77;123.61;4.78;524;5;275.00;3
349;5;628745647;349;95;872;874;12.89;0.78;123.66;4.78;523;5;276.00;2
351;5;628745655;351;89;872;874;12.94;0.78;123.92;4.78;521;5;277.00;2
352;5;628745664;352;84;874;875;12.96;0.78;123.95;4.78;522;5;278.00;1
355;5;628745672;355;81;875;876;12.98;0.78;124.83;4.77;520;5;279.00;1
358;5;628745681;358;76;876;876;12.99;0.78;125.01;4.78;518;5;280.00;0
360;5;628745689;360;73;877;877;12.99;0.78;125.27;4.77;517;5;281.00;0
361;5;628745697;361;75;877;877;13.04;0.79;125.11;4.77;516;5;282.00;0
363;5;628745705;363;72;877;877;13.11;0.79;125.81;4.77;514;5;283.00;0
364;5;628745715;364;76;877;877;13.22;0.80;125.55;4.77;513;5;284.00;0
366;5;628745729;366;78;877;877;13.34;0.81;126.04;4.77;511;5;285.00;0
367;5;628745741;367;80;877;877;13.34;0.81;126.08;4.77;510;5;286.00;0
367;5;628745754;367;77;877;877;13.33;0.81;126.08;4.77;510;5;287.00;0
368;5;628745767;368;99;950;1004;12.71;0.78;126.46;4.41;582;5;288.00;54
368;5;628745795;368;89;952;1005;12.69;0.78;126.46;4.40;584;5;289.00;53
370;5;628745807;370;84;959;1005;12.77;0.79;126.75;4.38;589;5;290.00;46
371;5;628745820;371;84;964;1005;12.67;0.78;126.92;4.38;593;5;291.00;41
373;5;628745832;373;85;968;1005;12.71;0.78;126.92;4.37;595;5;292.00;37
374;5;628745846;374;91;970;1005;12.65;0.78;127.34;4.38;596;5;293.00;35
376;6;628745856;376;92;973;1005;12.63;0.78;127.36;4.38;597;6;294.00;32
379;6;628745875;379;92;976;1005;12.63;0.78;127.48;4.39;597;6;295.00;29
380;6;628745891;380;97;980;1006;12.62;0.78;127.16;4.40;600;6;296.00;26
384;6;628745902;384;99;983;1007;12.60;0.78;127.10;4.42;599;6;297.00;24
386;6;628745912;386;104;986;1007;12.57;0.77;127.33;4.43;600;6;298.00;21
387;6;628745921;387;106;988;1008;12.38;0.76;127.44;4.45;601;6;299.00;20
387;6;628745935;387;109;993;1014;12.23;0.76;127.44;4.49;606;6;300.00;21
387;6;628745950;387;118;995;1014;12.08;0.75;127.44;4.50;608;6;301.00;19
388;6;628745960;388;129;999;1014;11.86;0.73;127.51;4.53;611;6;302.00;15
390;6;628745978;390;134;1003;1018;11.71;0.73;128.09;4.54;613;6;303.00;15
393;6;628745990;393;144;1005;1018;11.59;0.72;128.78;4.55;612;6;304.00;13
396;6;628746000;396;150;1006;1018;11.46;0.71;128.97;4.56;610;6;305.00;12
399;6;628746010;399;156;1010;1021;11.34;0.70;128.85;4.57;611;6;306.00;11
401;6;628746021;401;167;1011;1021;11.20;0.69;128.77;4.57;610;6;307.00;10
405;6;628746031;405;169;1011;1021;11.08;0.68;129.79;4.57;606;6;308.00;10
408;6;628746041;408;176;1015;1025;10.88;0.67;130.13;4.57;607;6;309.00;10
411;6;628746050;411;182;1016;1026;10.63;0.66;130.30;4.56;605;6;310.00;10
414;6;628746060;414;187;1016;1026;10.49;0.65;130.45;4.56;602;6;311.00;10
419;6;628746069;419;195;1020;1030;10.33;0.64;131.49;4.56;601;6;312.00;10
423;6;628746078;423;204;1020;1030;10.14;0.63;131.87;4.56;597;6;313.00;10
425;6;628746088;425;206;1021;1030;10.09;0.62;131.92;4.55;596;6;314.00;9
429;6;628746097;429;212;1024;1032;9.94;0.61;132.79;4.55;595;6;315.00;8
431;6;628746113;431;214;1024;1032;9.79;0.60;133.00;4.55;593;6;316.00;8
433;6;628746122;433;219;1028;1038;9.66;0.60;133.55;4.54;595;6;317.00;10
438;6;628746131;438;222;1029;1038;9.44;0.58;134.08;4.55;591;6;318.00;9
438;6;628746141;438;219;1030;1039;9.37;0.58;134.08;4.55;592;6;319.00;9
441;6;628746149;441;215;1030;1039;9.28;0.57;134.64;4.55;589;6;320.00;9
445;6;628746157;445;216;1034;1039;9.23;0.57;135.07;4.61;589;6;321.00;5
447;6;628746165;447;220;1036;1039;9.25;0.57;134.94;4.63;589;6;322.00;3
451;6;628746174;451;217;1036;1039;9.24;0.57;135.47;4.63;585;6;323.00;3
455;6;628746184;455;221;1049;1051;9.27;0.57;135.70;4.61;594;6;324.00;2
456;6;628746194;456;220;1051;1051;9.27;0.57;135.72;4.64;595;6;325.00;0
456;6;628746202;456;219;1051;1051;9.23;0.57;135.72;4.64;595;6;326.00;0
457;6;628746218;457;215;1051;1051;9.17;0.56;135.51;4.64;594;6;327.00;0
459;6;628746225;459;213;1051;1051;9.18;0.56;135.48;4.64;592;6;328.00;0
460;6;628746241;460;215;1051;1051;9.16;0.56;135.58;4.64;591;6;329.00;0
462;6;628746250;462;217;1055;1055;9.07;0.56;136.09;4.62;593;6;330.00;0
464;7;628746258;464;216;1055;1055;8.99;0.55;136.19;4.62;591;7;331.00;0
466;7;628746274;466;221;1058;1059;9.01;0.55;136.36;4.61;592;7;332.00;1
469;7;628746283;469;224;1060;1060;8.94;0.55;136.71;4.61;591;7;333.00;0
474;7;628746295;474;223;1060;1060;8.82;0.54;137.24;4.61;586;7;334.00;0
478;7;628746302;478;224;1060;1060;8.68;0.53;137.91;4.61;582;7;335.00;0
480;7;628746310;480;229;1072;1073;8.55;0.53;137.84;4.56;592;7;336.00;1
484;7;628746318;484;233;1073;1073;8.33;0.51;139.07;4.55;589;7;337.00;0
489;7;628746325;489;237;1073;1073;8.07;0.50;139.43;4.55;584;7;338.00;0
494;7;628746332;494;241;1074;1074;7.82;0.48;140.37;4.55;580;7;339.00;0
499;7;628746340;499;239;1075;1075;7.56;0.47;141.52;4.55;576;7;340.00;0
504;7;628746347;504;234;1075;1075;7.37;0.45;141.73;4.55;571;7;341.00;0
508;7;628746353;508;235;1078;1078;7.38;0.45;142.23;4.53;570;7;342.00;0
511;7;628746361;511;233;1078;1078;7.44;0.46;143.01;4.53;567;7;343.00;0
514;7;628746367;514;241;1078;1078;7.46;0.46;143.12;4.53;564;7;344.00;0
518;7;628746374;518;237;1078;1078;7.47;0.46;143.91;4.53;560;7;345.00;0
521;7;628746381;521;228;1083;1084;7.54;0.46;143.94;4.52;562;7;346.00;1
523;7;628746388;523;219;1083;1084;7.53;0.46;144.54;4.52;560;7;347.00;1
528;7;628746395;528;217;1084;1084;7.42;0.46;144.75;4.52;556;7;348.00;0
530;7;628746408;530;218;1084;1084;7.37;0.45;145.16;4.52;554;7;349.00;0
533;7;628746415;533;212;1088;1088;7.28;0.45;145.08;4.50;555;7;350.00;0
535;7;628746422;535;215;1089;1089;7.20;0.44;145.04;4.50;554;7;351.00;0
537;7;628746430;537;214;1089;1089;7.10;0.44;144.85;4.50;552;7;352.00;0
538;7;628746437;538;214;1090;1090;7.07;0.43;144.79;4.50;552;7;353.00;0
541;7;628746444;541;219;1090;1090;7.04;0.43;144.58;4.50;549;7;354.00;0
542;7;628746450;542;226;1090;1090;7.01;0.43;144.52;4.50;548;7;355.00;0
548;7;628746457;548;224;1090;1090;6.87;0.42;144.35;4.50;542;7;356.00;0
550;7;628746465;550;229;1090;1090;6.88;0.42;144.25;4.50;540;7;357.00;0
550;7;628746472;550;227;1090;1090;6.92;0.42;144.25;4.50;540;7;358.00;0
556;7;628746479;556;228;1090;1090;6.87;0.42;144.06;4.50;534;7;359.00;0
556;7;628746488;556;246;1159;1215;7.42;0.46;144.06;4.23;603;7;360.00;56
558;7;628746508;558;245;1166;1216;7.47;0.46;144.06;4.21;608;7;361.00;50
558;7;628746517;558;243;1178;1216;7.63;0.47;144.06;4.19;620;7;362.00;38
561;7;628746525;561;240;1186;1216;7.67;0.48;143.94;4.18;625;7;363.00;30
561;7;628746533;561;239;1189;1216;7.66;0.47;143.94;4.18;628;7;364.00;27
561;7;628746548;561;241;1191;1216;7.64;0.47;143.94;4.18;630;7;365.00;25
561;7;628746556;561;246;1194;1216;7.59;0.47;143.94;4.18;633;7;366.00;22
561;7;628746566;561;245;1197;1216;7.49;0.46;143.94;4.19;636;7;367.00;19
564;7;628746573;564;247;1201;1217;7.36;0.46;144.22;4.20;637;7;368.00;16
566;7;628746582;566;256;1205;1218;7.28;0.45;144.00;4.21;639;7;369.00;13
568;7;628746589;568;266;1207;1218;7.16;0.44;143.72;4.22;639;7;370.00;11
568;7;628746598;568;263;1213;1222;7.21;0.45;143.72;4.22;645;7;371.00;9
568;7;628746607;568;257;1217;1222;7.18;0.44;143.72;4.24;649;7;372.00;5
569;7;628746615;569;254;1218;1222;7.19;0.45;143.50;4.25;649;7;373.00;4
571;7;628746623;571;251;1220;1222;7.22;0.45;143.39;4.26;649;7;374.00;2
574;7;628746632;574;247;1224;1228;7.26;0.45;143.49;4.25;650;7;375.00;4
575;7;628746651;575;246;1225;1228;7.36;0.45;143.59;4.25;650;7;376.00;3
576;7;628746660;576;248;1226;1228;7.43;0.45;143.55;4.26;650;7;377.00;2
578;7;628746676;578;241;1229;1231;7.63;0.47;144.05;4.26;651;7;378.00;2
578;7;628746686;578;241;1230;1231;7.79;0.47;144.05;4.25;652;7;379.00;1
578;7;628746694;578;235;1231;1231;7.93;0.48;144.05;4.27;653;7;380.00;0
580;7;628746710;580;235;1232;1232;8.01;0.49;144.11;4.26;652;7;381.00;0
582;7;628746727;582;233;1233;1233;8.10;0.49;143.86;4.26;651;7;382.00;0
583;7;628746737;583;232;1233;1233;8.22;0.50;143.65;4.26;650;7;383.00;0
584;7;628746747;584;232;1246;1246;8.43;0.51;143.81;4.22;662;7;384.00;0
585;7;628746758;585;229;1246;1246;8.51;0.52;143.60;4.22;661;7;385.00;0
586;7;628746768;586;230;1246;1246;8.64;0.53;143.40;4.22;660;7;386.00;0
587;7;628746778;587;222;1247;1247;8.80;0.54;143.57;4.21;660;7;387.00;0
588;7;628746790;588;219;1247;1247;8.95;0.55;143.63;4.21;659;7;388.00;0
590;7;628746800;590;206;1250;1251;9.06;0.55;143.59;4.20;660;7;389.00;1
591;7;628746813;591;199;1250;1251;9.16;0.56;143.70;4.20;659;7;390.00;1
594;7;628746823;594;195;1255;1255;9.28;0.56;144.35;4.19;661;7;391.00;0
595;7;628746835;595;194;1255;1255;9.36;0.57;144.16;4.19;660;7;392.00;0
596;7;628746845;596;194;1255;1255;9.47;0.58;144.37;4.19;659;7;393.00;0
597;7;628746855;597;181;1255;1255;9.63;0.59;144.31;4.19;658;7;394.00;0
600;7;628746873;600;180;1255;1255;9.72;0.59;144.21;4.19;655;7;395.00;0
605;7;628746892;605;162;1266;1267;9.96;0.61;144.91;4.16;661;7;396.00;1
607;7;628746906;607;151;1267;1267;10.14;0.62;145.14;4.15;660;7;397.00;0
609;7;628746917;609;136;1267;1267;10.36;0.63;145.47;4.15;658;7;398.00;0
610;7;628746928;610;128;1267;1267;10.51;0.64;145.84;4.15;657;7;399.00;0
612;7;628746940;612;117;1267;1267;10.64;0.65;145.84;4.15;655;7;400.00;0
615;7;628746955;615;110;1267;1267;10.77;0.65;146.54;4.15;652;7;401.00;0
617;8;628746967;617;107;1268;1268;10.87;0.66;147.05;4.15;651;8;402.00;0
620;8;628746994;620;105;1268;1268;11.07;0.67;147.19;4.15;648;8;403.00;0
622;8;628747006;622;105;1273;1274;11.27;0.69;147.95;4.14;651;8;404.00;1
626;8;628747023;626;102;1276;1276;11.50;0.70;148.56;4.13;650;8;405.00;0
627;8;628747035;627;99;1276;1276;11.67;0.71;148.73;4.13;649;8;406.00;0
629;8;628747046;629;99;1276;1276;11.80;0.72;149.39;4.13;647;8;407.00;0
631;8;628747057;631;97;1280;1280;11.89;0.72;150.04;4.12;649;8;408.00;0
633;8;628747069;633;94;1280;1280;12.01;0.73;150.23;4.12;647;8;409.00;0
636;8;628747079;636;94;1280;1280;12.10;0.74;150.88;4.12;644;8;410.00;0
639;8;628747090;639;95;1281;1281;12.13;0.74;151.62;4.12;642;8;411.00;0
641;8;628747101;641;96;1285;1285;12.09;0.74;151.87;4.11;644;8;412.00;0
642;8;628747113;642;89;1285;1285;12.14;0.74;152.15;4.11;643;8;413.00;0
646;8;628747124;646;92;1287;1288;12.21;0.74;153.18;4.10;641;8;414.00;1
649;8;628747135;649;95;1287;1288;12.29;0.75;153.73;4.10;638;8;415.00;1
650;8;628747146;650;99;1288;1288;12.42;0.76;154.00;4.10;638;8;416.00;0
655;8;628747157;655;101;1288;1288;12.43;0.76;154.99;4.10;633;8;417.00;0
658;8;628747173;658;102;1291;1292;12.54;0.76;154.99;4.09;633;8;418.00;1
664;8;628747191;664;96;1291;1292;12.57;0.77;155.40;4.09;627;8;419.00;1
671;8;628747203;671;94;1292;1292;12.60;0.77;156.39;4.09;621;8;420.00;0
674;9;628747222;674;91;1292;1292;12.67;0.77;157.09;4.09;618;9;421.00;0
676;9;628747255;676;91;1293;1293;12.72;0.78;157.36;4.09;617;9;422.00;0
680;9;628747266;680;94;1294;1294;12.75;0.78;157.59;4.09;614;9;423.00;0
684;9;628747277;684;91;1294;1294;12.75;0.78;158.08;4.09;610;9;424.00;0
688;9;628747287;688;89;1295;1295;12.72;0.77;158.33;4.08;607;9;425.00;0
691;9;628747297;691;90;1295;1295;12.70;0.77;158.77;4.08;604;9;426.00;0
694;9;628747307;694;92;1295;1295;12.76;0.78;159.28;4.08;601;9;427.00;0
697;9;628747317;697;92;1295;1295;12.83;0.78;159.66;4.08;598;9;428.00;0
700;9;628747327;700;93;1295;1295;12.96;0.79;159.78;4.08;595;9;429.00;0
704;9;628747336;704;93;1295;1295;12.98;0.79;160.57;4.08;591;9;430.00;0
710;9;628747346;710;92;1295;1295;12.99;0.79;161.02;4.08;585;9;431.00;0
713;9;628747356;713;122;1376;1422;12.16;0.75;161.05;3.84;663;9;432.00;46
715;9;628747376;715;108;1376;1423;12.18;0.75;161.23;3.84;661;9;433.00;47
720;9;628747386;720;100;1381;1423;12.28;0.75;161.11;3.84;661;9;434.00;42
720;9;628747396;720;97;1385;1423;12.47;0.77;161.11;3.84;665;9;435.00;38
726;9;628747406;726;98;1390;1423;12.49;0.77;161.47;3.84;664;9;436.00;33
730;9;628747416;730;98;1394;1423;12.51;0.77;161.71;3.84;664;9;437.00;29
733;9;628747433;733;102;1399;1423;12.55;0.77;161.74;3.85;666;9;438.00;24
737;9;628747443;737;104;1402;1423;12.60;0.77;162.15;3.85;665;9;439.00;21
738;9;628747454;738;106;1405;1424;12.67;0.77;162.43;3.86;667;9;440.00;19
741;9;628747465;741;108;1407;1425;12.64;0.77;162.76;3.86;666;9;441.00;18
746;9;628747481;746;109;1410;1425;12.56;0.77;163.69;3.88;664;9;442.00;15
747;9;628747493;747;110;1411;1426;12.50;0.76;163.68;3.88;664;9;443.00;15
750;9;628747503;750;109;1412;1426;12.41;0.76;164.16;3.89;662;9;444.00;14
752;9;628747513;752;112;1416;1426;12.30;0.75;164.19;3.91;664;9;445.00;10
758;9;628747523;758;112;1417;1426;12.24;0.75;164.31;3.92;659;9;446.00;9
759;9;628747535;759;112;1420;1430;12.23;0.75;164.30;3.93;661;9;447.00;10
762;9;628747547;762;112;1421;1430;12.22;0.75;164.28;3.94;659;9;448.00;9
763;10;628747557;763;112;1421;1430;12.20;0.75;164.27;3.94;658;10;449.00;9
767;10;628747586;767;112;1425;1436;12.21;0.74;163.98;3.94;658;10;450.00;11
772;10;628747597;772;113;1425;1436;12.18;0.74;164.61;3.94;653;10;451.00;11
774;10;628747607;774;112;1426;1436;12.24;0.74;164.43;3.94;652;10;452.00;10
776;10;628747617;776;117;1429;1440;12.23;0.74;164.15;3.93;653;10;453.00;11
779;10;628747628;779;112;1431;1441;12.33;0.75;164.06;3.94;652;10;454.00;10
779;10;628747639;779;114;1432;1441;12.43;0.76;164.06;3.94;653;10;455.00;9
781;10;628747650;781;119;1434;1445;12.46;0.76;164.36;3.93;653;10;456.00;11
783;10;628747661;783;119;1436;1445;12.42;0.75;164.33;3.95;653;10;457.00;9
784;10;628747672;784;121;1437;1445;12.45;0.76;164.24;3.95;653;10;458.00;8
784;10;628747682;784;123;1438;1446;12.49;0.76;164.24;3.95;654;10;459.00;8
785;10;628747693;785;126;1440;1446;12.42;0.76;164.34;3.98;655;10;460.00;6
785;10;628747722;785;131;1444;1452;12.34;0.75;164.34;3.98;659;10;461.00;8
785;10;628747739;785;131;1445;1452;12.22;0.74;164.34;3.98;660;10;462.00;7
788;10;628747761;788;132;1447;1453;12.07;0.74;164.31;4.00;659;10;463.00;6
791;10;628747784;791;135;1447;1453;11.93;0.73;163.99;4.00;656;10;464.00;6
792;10;628747799;792;134;1448;1453;11.84;0.72;164.02;4.00;656;10;465.00;5
794;10;628747814;794;138;1448;1453;11.74;0.72;163.87;4.00;654;10;466.00;5
797;10;628747835;797;139;1448;1453;11.68;0.71;164.11;4.00;651;10;467.00;5
797;10;628747848;797;140;1458;1465;11.73;0.72;164.11;3.97;661;10;468.00;7
798;10;628747860;798;147;1458;1465;11.68;0.71;164.13;3.97;660;10;469.00;7
799;10;628747879;799;151;1460;1465;11.63;0.71;164.17;3.98;661;10;470.00;5
802;10;628747890;802;155;1461;1465;11.55;0.71;164.31;3.99;659;10;471.00;4
803;10;628747902;803;160;1461;1465;11.44;0.70;164.25;3.99;658;10;472.00;4
808;10;628747913;808;167;1462;1465;11.31;0.69;164.27;4.01;654;10;473.00;3
809;10;628747923;809;176;1465;1469;11.17;0.68;164.46;4.00;656;10;474.00;4
812;10;628747935;812;183;1465;1469;11.11;0.68;164.47;4.00;653;10;475.00;4
816;10;628747946;816;189;1469;1473;10.99;0.67;164.64;4.00;653;10;476.00;4
819;10;628747965;819;194;1472;1474;10.91;0.66;164.37;4.01;653;10;477.00;2
823;10;628747976;823;194;1473;1474;10.74;0.65;164.38;4.01;650;10;478.00;1
825;10;628747986;825;198;1473;1474;10.65;0.65;164.32;4.01;648;10;479.00;1
828;10;628747997;828;204;1494;1500;10.46;0.64;164.29;3.96;666;10;480.00;6
829;10;628748016;829;206;1496;1500;10.36;0.63;164.63;3.96;667;10;481.00;4
830;10;628748025;830;216;1499;1500;10.35;0.63;164.71;3.95;669;10;482.00;1
833;10;628748035;833;221;1501;1501;10.24;0.63;164.84;3.95;668;10;483.00;0
835;10;628748045;835;227;1502;1502;10.11;0.62;164.83;3.95;667;10;484.00;0
835;10;628748054;835;229;1502;1502;10.01;0.61;164.83;3.95;667;10;485.00;0
835;10;628748063;835;232;1504;1505;9.90;0.61;164.83;3.94;669;10;486.00;1
838;10;628748073;838;237;1504;1505;9.72;0.60;164.64;3.94;666;10;487.00;1
841;10;628748081;841;248;1505;1505;9.58;0.59;164.44;3.94;664;10;488.00;0
845;10;628748091;845;248;1505;1505;9.41;0.58;164.55;3.94;660;10;489.00;0
846;10;628748101;846;252;1510;1511;9.27;0.57;164.45;3.93;664;10;490.00;1
848;10;628748111;848;253;1510;1511;9.09;0.56;164.27;3.93;662;10;491.00;1
850;10;628748120;850;252;1511;1511;8.96;0.55;164.34;3.93;661;10;492.00;0
855;10;628748130;855;255;1511;1511;8.70;0.53;164.12;3.93;656;10;493.00;0
857;10;628748139;857;261;1515;1515;8.55;0.53;163.93;3.92;658;10;494.00;0
858;10;628748148;858;263;1517;1517;8.41;0.52;163.90;3.92;659;10;495.00;0
862;10;628748163;862;265;1517;1517;8.29;0.51;163.73;3.92;655;10;496.00;0
864;10;628748172;864;267;1518;1518;8.25;0.51;163.54;3.92;654;10;497.00;0
866;10;628748181;866;271;1518;1518;8.20;0.50;163.49;3.92;652;10;498.00;0
868;10;628748190;868;271;1518;1518;8.07;0.50;163.37;3.92;650;10;499.00;0
869;10;628748198;869;272;1518;1518;7.95;0.49;163.35;3.92;649;10;500.00;0
875;10;628748210;875;270;1518;1518;7.73;0.48;163.29;3.92;643;10;501.00;0
876;10;628748219;876;271;1518;1518;7.61;0.47;163.34;3.92;642;10;502.00;0
878;10;628748226;878;275;1518;1518;7.47;0.46;163.71;3.92;640;10;503.00;0
882;10;628748233;882;279;1557;1588;7.63;0.47;163.62;3.82;675;10;504.00;31
885;10;628748250;885;280;1559;1589;7.49;0.46;163.99;3.81;674;10;505.00;30
888;10;628748258;888;275;1569;1589;7.50;0.46;164.29;3.80;681;10;506.00;20
892;10;628748267;892;279;1576;1589;7.47;0.46;164.42;3.80;684;10;507.00;13
895;10;628748275;895;283;1582;1589;7.45;0.46;164.70;3.80;687;10;508.00;7
896;10;628748283;896;284;1585;1589;7.36;0.45;164.55;3.80;689;10;509.00;4
897;10;628748292;897;269;1587;1589;7.31;0.45;164.90;3.81;690;10;510.00;2
901;10;628748300;901;270;1587;1589;7.18;0.44;165.27;3.81;686;10;511.00;2
902;10;628748315;902;262;1589;1590;7.14;0.44;165.23;3.81;687;10;512.00;1
905;10;628748323;905;258;1591;1591;7.05;0.43;165.96;3.81;686;10;513.00;0
908;10;628748332;908;266;1591;1591;7.03;0.43;166.51;3.81;683;10;514.00;0
912;10;628748340;912;268;1595;1595;6.97;0.43;166.84;3.80;683;10;515.00;0
917;10;628748349;917;276;1595;1595;6.92;0.42;167.35;3.80;678;10;516.00;0
920;10;628748356;920;271;1595;1595;6.90;0.42;167.84;3.80;675;10;517.00;0
922;10;628748365;922;273;1595;1595;6.91;0.42;168.10;3.80;673;10;518.00;0
926;10;628748373;926;273;1600;1601;6.97;0.43;168.77;3.79;674;10;519.00;1
928;10;628748382;928;271;1601;1601;7.07;0.43;169.23;3.79;673;10;520.00;0
931;10;628748392;931;273;1601;1601;7.10;0.43;169.11;3.79;670;10;521.00;0
934;10;628748402;934;272;1604;1604;7.11;0.43;169.80;3.78;670;10;522.00;0
936;10;628748410;936;256;1604;1604;7.22;0.44;170.32;3.78;668;10;523.00;0
939;10;628748419;939;246;1604;1604;7.29;0.45;170.58;3.78;665;10;524.00;0
942;10;628748427;942;239;1605;1605;7.37;0.45;171.01;3.78;663;10;525.00;0
944;10;628748435;944;236;1606;1606;7.53;0.46;171.54;3.78;662;10;526.00;0
949;10;628748443;949;232;1606;1606;7.62;0.47;171.63;3.78;657;10;527.00;0
953;10;628748452;953;230;1619;1619;7.74;0.48;171.76;3.75;666;10;528.00;0
956;10;628748462;956;221;1619;1619;7.86;0.48;172.13;3.75;663;10;529.00;0
961;10;628748472;961;218;1619;1619;8.02;0.49;171.94;3.75;658;10;530.00;0
964;10;628748481;964;213;1620;1620;8.16;0.50;172.52;3.75;656;10;531.00;0
970;10;628748498;970;212;1620;1620;8.21;0.50;172.72;3.75;650;10;532.00;0
972;10;628748508;972;209;1623;1624;8.30;0.51;172.78;3.74;651;10;533.00;1
978;10;628748518;978;205;1623;1624;8.30;0.51;173.03;3.74;645;10;534.00;1
980;10;628748527;980;206;1628;1628;8.46;0.52;173.38;3.73;648;10;535.00;0
984;10;628748544;984;201;1628;1628;8.50;0.52;173.47;3.73;644;10;536.00;0
986;10;628748554;986;200;1628;1628;8.52;0.52;173.67;3.73;642;10;537.00;0
991;10;628748567;991;198;1628;1628;8.51;0.52;173.92;3.73;637;10;538.00;0
993;10;628748576;993;197;1628;1628;8.58;0.53;173.83;3.73;635;10;539.00;0
997;10;628748588;997;199;1657;1662;8.70;0.54;173.89;3.67;660;10;540.00;5
1000;10;628748607;1000;191;1657;1662;8.73;0.54;173.84;3.67;657;10;541.00;5
1003;10;628748617;1003;192;1659;1662;8.85;0.55;173.77;3.67;656;10;542.00;3
1003;10;628748626;1003;194;1659;1662;8.94;0.55;173.77;3.67;656;10;543.00;3
1006;10;628748636;1006;198;1660;1662;9.00;0.55;173.83;3.67;654;10;544.00;2
1013;10;628748646;1013;196;1660;1662;8.92;0.55;173.68;3.67;647;10;545.00;2
1013;10;628748657;1013;191;1662;1663;8.93;0.55;173.68;3.67;649;10;546.00;1
1019;10;628748666;1019;195;1662;1663;8.89;0.54;174.11;3.67;643;10;547.00;1
1020;10;628748676;1020;197;1667;1669;8.90;0.54;174.32;3.66;647;10;548.00;2
1025;10;628748686;1025;197;1668;1670;8.88;0.54;174.32;3.66;643;10;549.00;2
1027;10;628748696;1027;203;1669;1670;8.95;0.55;174.15;3.66;642;10;550.00;1
1032;10;628748705;1032;204;1669;1670;8.93;0.54;174.50;3.66;637;10;551.00;1
1034;10;628748715;1034;203;1674;1674;8.99;0.55;174.63;3.65;640;10;552.00;0
1036;10;628748726;1036;203;1674;1674;9.03;0.55;174.49;3.65;638;10;553.00;0
1040;10;628748743;1040;200;1674;1674;9.06;0.55;174.59;3.65;634;10;554.00;0
1042;10;628748753;1042;196;1675;1675;9.15;0.55;174.95;3.65;633;10;555.00;0
1045;10;628748763;1045;196;1679;1679;9.21;0.56;174.94;3.65;634;10;556.00;0
1048;10;628748773;1048;184;1679;1679;9.28;0.56;175.44;3.65;631;10;557.00;0
1050;10;628748784;1050;178;1681;1682;9.33;0.57;175.84;3.64;631;10;558.00;1
1053;10;628748794;1053;175;1681;1682;9.40;0.57;176.35;3.64;628;10;559.00;1
1056;10;628748805;1056;175;1682;1682;9.49;0.57;176.31;3.64;626;10;560.00;0
1059;10;628748816;1059;170;1682;1682;9.55;0.58;176.72;3.64;623;10;561.00;0
1059;10;628748827;1059;170;1685;1686;9.65;0.59;176.72;3.64;626;10;562.00;1
1062;10;628748842;1062;170;1685;1686;9.74;0.59;177.06;3.64;623;10;563.00;1
1065;10;628748857;1065;172;1686;1686;9.86;0.60;177.12;3.63;621;10;564.00;0
1066;10;628748869;1066;169;1686;1686;9.96;0.60;177.25;3.63;620;10;565.00;0
1069;10;628748881;1069;153;1687;1687;10.14;0.62;177.55;3.63;618;10;566.00;0
1071;10;628748891;1071;137;1688;1688;10.35;0.63;177.64;3.63;617;10;567.00;0
1072;10;628748903;1072;124;1688;1688;10.57;0.64;177.60;3.63;616;10;568.00;0
1074;10;628748914;1074;117;1689;1689;10.84;0.66;178.17;3.63;615;10;569.00;0
1075;10;628748927;1075;106;1689;1689;11.02;0.67;178.24;3.63;614;10;570.00;0
1077;10;628748938;1077;101;1689;1689;11.22;0.68;178.60;3.63;612;10;571.00;0
1078;10;628748949;1078;98;1689;1689;11.45;0.70;178.74;3.63;611;10;572.00;0
1081;10;628748961;1081;87;1689;1689;11.61;0.71;178.94;3.63;608;10;573.00;0
1086;10;628748973;1086;84;1689;1689;11.79;0.72;179.22;3.63;603;10;574.00;0
1087;10;628748986;1087;83;1689;1689;11.94;0.72;179.43;3.63;602;10;575.00;0
1091;10;628748996;1091;112;1768;1816;11.68;0.72;179.67;3.47;677;10;576.00;48
1097;10;628749021;1097;104;1771;1817;11.79;0.72;180.15;3.46;674;10;577.00;46
1098;10;628749033;1098;92;1779;1817;11.91;0.73;180.27;3.46;681;10;578.00;38
1101;10;628749044;1101;85;1781;1817;11.92;0.73;180.80;3.46;680;10;579.00;36
1103;10;628749056;1103;88;1786;1817;12.00;0.74;180.65;3.46;683;10;580.00;31
1105;10;628749073;1105;86;1789;1817;12.06;0.74;180.78;3.46;684;10;581.00;28
1107;10;628749084;1107;91;1793;1817;12.03;0.74;181.15;3.47;686;10;582.00;24
1108;10;628749106;1108;90;1795;1817;12.06;0.74;181.28;3.47;687;10;583.00;22
1110;10;628749117;1110;95;1800;1818;12.11;0.74;181.54;3.48;690;10;584.00;18
1112;10;628749129;1112;97;1805;1820;12.15;0.75;181.83;3.49;693;10;585.00;15
1117;10;628749141;1117;102;1809;1820;12.16;0.75;182.24;3.51;692;10;586.00;11
1122;10;628749166;1122;108;1812;1821;12.17;0.75;182.11;3.51;690;10;587.00;9
1127;10;628749179;1127;110;1814;1821;12.25;0.75;182.60;3.52;687;10;588.00;7
1129;10;628749197;1129;116;1815;1821;12.27;0.75;183.11;3.53;686;10;589.00;6
1129;10;628749209;1129;116;1817;1821;12.34;0.76;183.11;3.54;688;10;590.00;4
1132;10;628749220;1132;120;1819;1825;12.36;0.76;183.42;3.53;687;10;591.00;6
1133;10;628749231;1133;121;1822;1825;12.39;0.76;183.40;3.55;689;10;592.00;3
1135;10;628749248;1135;126;1822;1825;12.38;0.76;183.70;3.55;687;10;593.00;3
1138;10;628749261;1138;128;1825;1828;12.41;0.76;183.89;3.55;687;10;594.00;3
1142;10;628749276;1142;130;1826;1828;12.42;0.76;184.02;3.55;684;10;595.00;2
1146;10;628749297;1146;132;1827;1828;12.50;0.76;184.55;3.55;681;10;596.00;1
1150;10;628749309;1150;132;1831;1832;12.46;0.76;184.61;3.54;681;10;597.00;1
1154;10;628749321;1154;134;1832;1833;12.49;0.76;184.59;3.54;678;10;598.00;1
1156;10;628749342;1156;135;1832;1833;12.63;0.77;184.43;3.54;676;10;599.00;1
1159;10;628749356;1159;142;1843;1859;12.56;0.77;184.79;3.52;684;10;600.00;16
1164;10;628749383;1164;135;1844;1859;12.58;0.77;185.02;3.52;680;10;601.00;15
1168;10;628749395;1168;136;1844;1859;12.54;0.76;185.16;3.52;676;10;602.00;15
1172;10;628749412;1172;137;1846;1860;12.46;0.76;185.50;3.52;674;10;603.00;14
1174;10;628749423;1174;135;1847;1860;12.44;0.76;185.71;3.52;673;10;604.00;13
1181;10;628749433;1181;137;1850;1866;12.38;0.75;186.09;3.51;669;10;605.00;16
1184;11;628749444;1184;135;1851;1866;12.40;0.75;186.11;3.51;667;11;606.00;15
1187;11;628749466;1187;137;1852;1867;12.41;0.75;186.06;3.51;665;11;607.00;15
1190;11;628749478;1190;135;1854;1867;12.39;0.75;186.11;3.52;664;11;608.00;13
1196;11;628749489;1196;138;1855;1867;12.38;0.75;186.42;3.52;659;11;609.00;12
1196;11;628749500;1196;131;1855;1867;12.42;0.75;186.42;3.52;659;11;610.00;12
1200;11;628749510;1200;125;1855;1867;12.43;0.75;186.42;3.52;655;11;611.00;12
1203;11;628749521;1203;120;1864;1879;12.48;0.76;187.02;3.50;661;11;612.00;15
1207;11;628749533;1207;120;1865;1879;12.51;0.76;187.10;3.51;658;11;613.00;14
1210;11;628749543;1210;114;1865;1879;12.57;0.76;187.40;3.51;655;11;614.00;14
1214;11;628749554;1214;113;1869;1879;12.56;0.76;187.15;3.52;655;11;615.00;10
1217;11;628749565;1217;107;1869;1879;12.68;0.77;187.09;3.52;652;11;616.00;10
1222;11;628749575;1222;102;1869;1879;12.75;0.77;187.26;3.52;647;11;617.00;10
1226;11;628749585;1226;96;1873;1883;12.77;0.77;187.88;3.52;647;11;618.00;10
1228;11;628749606;1228;92;1873;1883;12.87;0.77;187.94;3.52;645;11;619.00;10
1229;11;628749619;1229;89;1876;1887;12.99;0.78;187.99;3.52;647;11;620.00;11
1232;11;628749630;1232;85;1877;1888;13.03;0.79;188.00;3.52;645;11;621.00;11
1233;11;628749641;1233;85;1878;1888;13.13;0.79;187.91;3.52;645;11;622.00;10
1233;11;628749651;1233;83;1878;1888;13.20;0.80;187.91;3.52;645;11;623.00;10
1237;11;628749661;1237;90;1887;1901;13.09;0.79;187.99;3.51;650;11;624.00;14
1237;11;628749673;1237;89;1887;1901;13.05;0.79;187.99;3.51;650;11;625.00;14
1240;11;628749683;1240;93;1887;1901;13.05;0.79;188.11;3.51;647;11;626.00;14
1240;11;628749694;1240;92;1889;1902;12.99;0.79;188.11;3.54;649;11;627.00;13
1241;11;628749711;1241;95;1889;1903;12.96;0.78;188.00;3.54;648;11;628.00;14
1242;11;628749722;1242;104;1891;1903;12.88;0.78;188.23;3.56;649;11;629.00;12
1245;11;628749742;1245;105;1894;1909;12.77;0.77;187.98;3.55;649;11;630.00;15
1246;11;628749756;1246;109;1896;1909;12.64;0.77;187.99;3.55;650;11;631.00;13
1250;11;628749772;1250;112;1898;1909;12.56;0.76;188.00;3.57;648;11;632.00;11
1252;11;628749790;1252;110;1898;1909;12.49;0.76;188.08;3.57;646;11;633.00;11
1253;11;628749803;1253;115;1902;1915;12.50;0.76;188.09;3.56;649;11;634.00;13
1253;11;628749819;1253;119;1903;1915;12.36;0.75;188.09;3.56;650;11;635.00;12
1255;11;628749833;1255;126;1903;1915;12.20;0.74;187.92;3.56;648;11;636.00;12
1256;11;628749848;1256;128;1904;1915;12.12;0.74;187.82;3.56;648;11;637.00;11
1257;11;628749860;1257;136;1908;1919;11.95;0.73;187.83;3.58;651;11;638.00;11
1260;11;628749872;1260;142;1910;1920;11.79;0.72;187.78;3.58;650;11;639.00;10
1262;11;628749884;1262;144;1911;1920;11.69;0.71;187.71;3.59;649;11;640.00;9
1264;11;628749895;1264;151;1912;1921;11.60;0.70;187.68;3.59;648;11;641.00;9
1266;11;628749906;1266;158;1913;1921;11.40;0.69;187.77;3.59;647;11;642.00;8
1267;11;628749918;1267;161;1914;1921;11.24;0.69;187.85;3.61;647;11;643.00;7
1272;11;628749928;1272;171;1915;1921;11.10;0.67;188.06;3.63;643;11;644.00;6
1273;11;628749939;1273;176;1915;1921;10.97;0.67;187.97;3.63;642;11;645.00;6
1275;11;628749949;1275;185;1915;1921;10.89;0.66;187.92;3.63;640;11;646.00;6
1276;11;628749958;1276;192;1916;1921;10.71;0.65;187.83;3.64;640;11;647.00;5
1278;11;628749968;1278;202;1954;1991;10.63;0.65;187.74;3.57;676;11;648.00;37
1282;11;628749984;1282;206;1958;1992;10.44;0.64;187.47;3.58;676;11;649.00;34
1284;11;628749994;1284;214;1971;1992;10.36;0.63;187.26;3.60;687;11;650.00;21
1286;11;628750003;1286;219;1976;1992;10.27;0.63;187.17;3.60;690;11;651.00;16
1288;11;628750012;1288;221;1983;1992;10.19;0.62;187.14;3.62;695;11;652.00;9
1288;11;628750021;1288;226;1987;1992;10.00;0.61;187.14;3.62;699;11;653.00;5
1289;11;628750031;1289;233;1990;1992;9.88;0.61;187.05;3.62;701;11;654.00;2
1290;11;628750039;1290;237;1990;1992;9.73;0.60;187.05;3.62;700;11;655.00;2
1291;11;628750048;1291;244;1992;1993;9.57;0.59;186.91;3.62;701;11;656.00;1
1294;11;628750057;1294;250;1994;1994;9.37;0.57;186.83;3.62;700;11;657.00;0
1295;11;628750067;1295;259;1994;1994;9.12;0.56;186.92;3.62;699;11;658.00;0
1297;11;628750082;1297;253;1998;1998;8.89;0.54;186.70;3.62;701;11;659.00;0
1300;11;628750093;1300;253;1998;1998;8.68;0.53;186.66;3.62;698;11;660.00;0
1303;11;628750102;1303;258;1998;1998;8.47;0.52;186.63;3.62;695;11;661.00;0
1304;11;628750112;1304;259;1998;1998;8.35;0.51;186.57;3.62;694;11;662.00;0
1304;11;628750121;1304;267;2003;2004;8.33;0.51;186.57;3.61;699;11;663.00;1
1305;11;628750133;1305;274;2004;2004;8.24;0.51;186.66;3.61;699;11;664.00;0
1305;11;628750142;1305;274;2004;2004;8.11;0.50;186.66;3.61;699;11;665.00;0
1307;11;628750152;1307;280;2007;2007;8.05;0.49;186.59;3.61;700;11;666.00;0
1309;11;628750162;1309;284;2007;2007;7.89;0.48;186.47;3.61;698;11;667.00;0
1312;12;628750171;1312;286;2007;2007;7.78;0.48;186.35;3.61;695;12;668.00;0
1313;12;628750194;1313;295;2008;2008;7.67;0.47;186.30;3.60;695;12;669.00;0
1316;12;628750204;1316;294;2009;2009;7.56;0.46;186.12;3.60;693;12;670.00;0
1317;12;628750213;1317;299;2009;2009;7.49;0.46;186.07;3.60;692;12;671.00;0
1322;12;628750221;1322;309;2022;2022;7.34;0.45;186.18;3.58;700;12;672.00;0
1323;12;628750231;1323;311;2022;2022;7.22;0.44;186.27;3.58;699;12;673.00;0
1325;12;628750239;1325;309;2022;2022;7.13;0.44;186.42;3.58;697;12;674.00;0
1327;12;628750247;1327;297;2024;2024;7.14;0.44;186.51;3.58;697;12;675.00;0
1332;12;628750257;1332;289;2024;2024;7.14;0.44;186.84;3.58;692;12;676.00;0
1334;12;628750265;1334;278;2027;2028;7.26;0.45;186.78;3.57;693;12;677.00;1
1340;12;628750274;1340;277;2027;2028;7.18;0.44;186.76;3.57;687;12;678.00;1
1343;12;628750283;1343;271;2032;2032;7.15;0.44;187.11;3.57;689;12;679.00;0
1347;13;628750294;1347;259;2032;2032;7.11;0.44;187.06;3.57;685;13;680.00;0
1349;13;628750318;1349;248;2032;2032;7.16;0.44;187.31;3.57;683;13;681.00;0
1351;13;628750327;1351;237;2032;2032;7.18;0.44;187.68;3.57;681;13;682.00;0
1355;13;628750336;1355;224;2032;2032;7.24;0.45;188.04;3.57;677;13;683.00;0
1356;14;628750345;1356;220;2043;2044;7.44;0.46;188.19;3.55;687;14;684.00;1
1360;14;628750371;1360;224;2044;2044;7.56;0.47;188.48;3.55;684;14;685.00;0
1364;15;628750380;1364;213;2044;2044;7.72;0.48;189.14;3.55;680;15;686.00;0
1367;15;628750401;1367;205;2044;2044;7.93;0.49;188.97;3.55;677;15;687.00;0
1370;15;628750411;1370;194;2044;2044;8.08;0.50;189.23;3.55;674;15;688.00;0
1372;15;628750434;1372;193;2044;2044;8.21;0.51;189.36;3.55;672;15;689.00;0
1374;15;628750451;1374;182;2045;2045;8.30;0.51;189.51;3.55;671;15;690.00;0
1377;15;628750460;1377;174;2045;2045;8.44;0.52;189.75;3.55;668;15;691.00;0
1380;15;628750475;1380;166;2050;2051;8.59;0.53;189.93;3.54;670;15;692.00;1
1385;15;628750485;1385;168;2052;2052;8.70;0.53;189.90;3.54;667;15;693.00;0
1388;15;628750495;1388;164;2052;2052;8.80;0.54;190.25;3.54;664;15;694.00;0
1390;15;628750505;1390;162;2052;2052;8.93;0.55;190.16;3.54;662;15;695.00;0
1396;15;628750515;1396;156;2056;2056;8.96;0.55;190.51;3.53;660;15;696.00;0
1398;15;628750525;1398;154;2056;2056;9.12;0.56;190.74;3.53;658;15;697.00;0
1404;15;628750534;1404;152;2056;2056;9.27;0.57;190.76;3.53;652;15;698.00;0
1410;15;628750544;1410;147;2057;2057;9.39;0.58;190.92;3.53;647;15;699.00;0
1414;15;628750556;1414;148;2061;2061;9.47;0.58;191.11;3.52;647;15;700.00;0
1422;15;628750570;1422;143;2061;2061;9.46;0.58;191.15;3.52;639;15;701.00;0
1427;15;628750581;1427;142;2063;2064;9.48;0.58;191.26;3.52;636;15;702.00;1
1431;15;628750592;1431;142;2063;2064;9.54;0.58;191.63;3.52;632;15;703.00;1
1436;15;628750609;1436;143;2064;2064;9.57;0.58;191.84;3.52;628;15;704.00;0
1444;15;628750619;1444;143;2064;2064;9.59;0.58;192.10;3.52;620;15;705.00;0
1446;15;628750630;1446;144;2067;2068;9.64;0.59;192.36;3.52;621;15;706.00;1
1451;15;628750642;1451;142;2067;2068;9.61;0.58;192.51;3.52;616;15;707.00;1
1458;15;628750652;1458;141;2068;2068;9.57;0.58;192.31;3.52;610;15;708.00;0
1463;15;628750668;1463;138;2068;2068;9.59;0.58;192.57;3.52;605;15;709.00;0
1468;15;628750677;1468;135;2069;2069;9.66;0.58;192.54;3.51;601;15;710.00;0
1474;15;628750688;1474;134;2070;2070;9.67;0.58;192.89;3.51;596;15;711.00;0
1480;15;628750698;1480;137;2070;2070;9.70;0.59;193.17;3.51;590;15;712.00;0
1482;15;628750708;1482;141;2071;2071;9.79;0.59;193.23;3.51;589;15;713.00;0
1487;15;628750719;1487;139;2071;2071;9.83;0.59;193.63;3.51;584;15;714.00;0
1487;15;628750730;1487;139;2071;2071;9.94;0.60;193.63;3.51;584;15;715.00;0
1491;15;628750740;1491;137;2071;2071;10.03;0.61;194.13;3.51;580;15;716.00;0
1493;15;628750751;1493;141;2071;2071;10.16;0.62;194.48;3.51;578;15;717.00;0
1494;15;628750761;1494;140;2071;2071;10.23;0.62;194.54;3.51;577;15;718.00;0
1501;15;628750779;1501;144;2071;2071;10.21;0.62;194.70;3.51;570;15;719.00;0
1502;15;628750791;1502;182;2197;2301;10.04;0.63;194.71;3.31;695;15;720.00;104
1502;15;628750823;1502;176;2205;2302;10.07;0.63;194.71;3.30;703;15;721.00;97
1504;15;628750833;1504;164;2215;2302;10.19;0.63;195.10;3.30;711;15;722.00;87
1508;15;628750846;1508;164;2223;2302;10.17;0.63;195.29;3.30;715;15;723.00;79
1508;15;628750858;1508;165;2230;2302;10.20;0.63;195.29;3.30;722;15;724.00;72
1514;15;628750869;1514;164;2236;2302;10.05;0.62;195.59;3.30;722;15;725.00;66
1517;15;628750880;1517;164;2242;2302;9.95;0.62;195.60;3.31;725;15;726.00;60
1518;15;628750892;1518;154;2245;2302;9.88;0.61;195.57;3.31;727;15;727.00;57
1522;15;628750911;1522;153;2252;2303;9.81;0.61;195.85;3.33;730;15;728.00;51
1524;15;628750923;1524;147;2255;2304;9.85;0.61;196.08;3.34;731;15;729.00;49
1524;15;628750936;1524;151;2258;2304;9.92;0.62;196.08;3.35;734;15;730.00;46
1529;15;628750947;1529;153;2265;2305;9.92;0.62;196.32;3.37;736;15;731.00;40
1531;15;628750960;1531;161;2268;2305;9.93;0.62;196.29;3.38;737;15;732.00;37
1533;15;628750976;1533;163;2271;2305;9.92;0.61;196.35;3.39;738;15;733.00;34
1537;15;628750995;1537;166;2272;2305;9.94;0.62;196.64;3.39;735;15;734.00;33
1539;15;628751009;1539;175;2276;2309;9.97;0.62;196.75;3.41;737;15;735.00;33
1543;15;628751029;1543;162;2279;2309;10.13;0.62;196.91;3.42;736;15;736.00;30
1548;15;628751042;1548;159;2283;2309;10.23;0.63;197.14;3.44;735;15;737.00;26
1552;15;628751063;1552;157;2287;2312;10.29;0.63;197.34;3.46;735;15;738.00;25
1555;15;628751076;1555;155;2289;2312;10.40;0.64;197.54;3.47;734;15;739.00;23
1560;15;628751088;1560;156;2292;2312;10.41;0.64;197.62;3.49;732;15;740.00;20
1563;15;628751108;1563;155;2297;2316;10.45;0.64;197.72;3.49;734;15;741.00;19
1565;15;628751122;1565;150;2298;2317;10.69;0.66;197.80;3.49;733;15;742.00;19
1567;15;628751135;1567;152;2300;2317;10.81;0.66;198.07;3.50;733;15;743.00;17
1568;15;628751148;1568;152;2305;2321;10.98;0.67;198.11;3.51;737;15;744.00;16
1572;15;628751161;1572;148;2306;2321;11.16;0.68;198.33;3.51;734;15;745.00;15
1578;15;628751174;1578;142;2307;2321;11.32;0.69;198.74;3.51;729;15;746.00;14
1580;15;628751187;1580;138;2308;2322;11.46;0.70;198.82;3.51;728;15;747.00;14
1581;15;628751199;1581;139;2309;2322;11.54;0.70;198.83;3.51;728;15;748.00;13
1585;15;628751212;1585;141;2313;2328;11.61;0.71;199.22;3.51;728;15;749.00;15
1588;15;628751234;1588;142;2313;2328;11.67;0.71;199.44;3.51;725;15;750.00;15
1589;15;628751247;1589;142;2315;2329;11.73;0.72;199.52;3.50;726;15;751.00;14
1594;15;628751260;1594;144;2316;2329;11.72;0.71;199.76;3.51;722;15;752.00;13
1597;15;628751280;1597;145;2316;2329;11.81;0.72;199.91;3.51;719;15;753.00;13
1601;15;628751293;1601;146;2316;2329;11.91;0.73;200.10;3.51;715;15;754.00;13
1603;15;628751305;1603;146;2316;2329;11.97;0.73;200.12;3.51;713;15;755.00;13
1608;15;628751324;1608;148;2327;2341;11.96;0.73;200.33;3.49;719;15;756.00;14
1611;15;628751344;1611;145;2328;2341;11.97;0.73;200.53;3.50;717;15;757.00;13
1612;15;628751362;1612;144;2329;2341;12.08;0.74;200.52;3.50;717;15;758.00;12
1614;15;628751379;1614;146;2329;2341;12.14;0.74;200.71;3.50;715;15;759.00;12
1616;15;628751391;1616;147;2329;2341;12.21;0.74;200.74;3.50;713;15;760.00;12
1617;15;628751403;1617;148;2330;2341;12.19;0.74;200.72;3.52;713;15;761.00;11
1621;15;628751421;1621;151;2334;2345;12.11;0.74;201.02;3.51;713;15;762.00;11
1626;15;628751440;1626;150;2334;2345;12.10;0.74;201.16;3.51;708;15;763.00;11
1628;15;628751452;1628;153;2337;2349;12.08;0.74;201.10;3.51;709;15;764.00;12
1630;15;628751471;1630;154;2339;2351;12.07;0.74;201.14;3.51;709;15;765.00;12
1635;15;628751483;1635;157;2340;2351;12.01;0.73;201.17;3.51;705;15;766.00;11
1638;15;628751496;1638;160;2340;2351;11.97;0.73;201.07;3.51;702;15;767.00;11
1640;15;628751508;1640;165;2349;2364;12.01;0.73;201.07;3.49;709;15;768.00;15
1645;15;628751520;1645;163;2349;2364;12.00;0.73;201.00;3.49;704;15;769.00;15
1648;15;628751532;1648;160;2349;2364;12.01;0.73;201.16;3.49;701;15;770.00;15
1654;15;628751556;1654;158;2350;2365;11.99;0.73;201.25;3.49;696;15;771.00;15
1655;15;628751568;1655;159;2350;2366;12.02;0.73;201.29;3.49;695;15;772.00;16
1659;15;628751585;1659;157;2350;2366;12.05;0.73;201.40;3.49;691;15;773.00;16
1664;15;628751596;1664;160;2352;2369;12.00;0.73;201.75;3.49;688;15;774.00;17
1667;15;628751607;1667;157;2352;2369;11.97;0.73;201.99;3.49;685;15;775.00;17
1670;15;628751617;1670;161;2353;2369;12.01;0.73;201.88;3.49;683;15;776.00;16
1672;15;628751627;1672;164;2354;2369;12.01;0.73;201.79;3.51;682;15;777.00;15
1675;15;628751637;1675;167;2358;2375;12.00;0.73;201.83;3.51;683;15;778.00;17
1680;15;628751649;1680;170;2358;2375;12.05;0.73;201.87;3.51;678;15;779.00;17
1683;15;628751661;1683;163;2359;2375;12.01;0.73;201.84;3.51;676;15;780.00;16
1688;15;628751671;1688;159;2359;2375;11.89;0.72;201.97;3.51;671;15;781.00;16
1692;15;628751681;1692;154;2362;2379;11.78;0.72;202.04;3.50;670;15;782.00;17
1697;15;628751692;1697;149;2363;2380;11.76;0.71;201.93;3.50;666;15;783.00;17
1702;15;628751702;1702;146;2363;2380;11.80;0.72;201.77;3.50;661;15;784.00;17
1705;15;628751712;1705;145;2366;2381;11.79;0.71;202.18;3.51;661;15;785.00;15
1707;15;628751723;1707;140;2366;2381;11.78;0.72;202.14;3.51;659;15;786.00;15
1713;15;628751738;1713;134;2366;2381;11.80;0.72;202.17;3.51;653;15;787.00;15
1714;15;628751753;1714;131;2366;2381;11.83;0.72;202.39;3.51;652;15;788.00;15
1716;15;628751768;1716;130;2367;2381;11.80;0.72;202.25;3.54;651;15;789.00;14
1718;15;628751785;1718;127;2367;2381;11.85;0.72;202.29;3.54;649;15;790.00;14
1722;15;628751799;1722;129;2367;2381;11.90;0.72;202.26;3.54;645;15;791.00;14
1723;15;628751814;1723;132;2401;2451;11.84;0.72;202.20;3.52;678;15;792.00;50
1726;15;628751838;1726;129;2401;2452;11.77;0.72;202.08;3.52;675;15;793.00;51
1726;15;628751851;1726;127;2408;2452;11.75;0.72;202.08;3.55;682;15;794.00;44
1726;15;628751862;1726;132;2410;2452;11.77;0.72;202.08;3.55;684;15;795.00;42
1726;15;628751872;1726;133;2413;2452;11.76;0.72;202.08;3.55;687;15;796.00;39
1729;15;628751882;1729;135;2415;2452;11.75;0.72;201.97;3.55;686;15;797.00;37
1731;15;628751894;1731;138;2419;2452;11.67;0.71;201.83;3.58;688;15;798.00;33
1732;15;628751905;1732;141;2420;2452;11.63;0.71;201.82;3.58;688;15;799.00;32
1735;15;628751916;1735;141;2425;2453;11.49;0.70;201.61;3.62;690;15;800.00;28
1739;15;628751932;1739;149;2431;2454;11.33;0.69;201.36;3.66;692;15;801.00;23
1740;15;628751943;1740;150;2432;2454;11.22;0.68;201.35;3.66;692;15;802.00;22
1745;15;628751954;1745;160;2440;2458;11.07;0.67;201.17;3.68;695;15;803.00;18
1747;15;628751965;1747;164;2442;2458;10.97;0.67;201.16;3.71;695;15;804.00;16
1747;15;628751977;1747;173;2443;2458;10.91;0.66;201.16;3.71;696;15;805.00;15
1749;15;628751987;1749;180;2444;2458;10.71;0.65;201.06;3.75;695;15;806.00;14
1750;15;628751998;1750;190;2448;2464;10.65;0.65;201.07;3.74;698;15;807.00;16
1752;15;628752009;1752;199;2449;2464;10.43;0.63;200.98;3.74;697;15;808.00;15
1753;15;628752020;1753;204;2450;2464;10.20;0.62;200.92;3.78;697;15;809.00;14
1755;15;628752034;1755;215;2456;2470;10.11;0.61;200.85;3.79;701;15;810.00;14
1755;15;628752044;1755;226;2457;2470;9.99;0.61;200.85;3.83;702;15;811.00;13
1756;15;628752053;1756;230;2459;2470;9.84;0.60;200.75;3.84;703;15;812.00;11
1759;15;628752063;1759;232;2461;2471;9.70;0.59;200.71;3.87;702;15;813.00;10
1761;15;628752073;1761;236;2465;2472;9.58;0.59;200.75;3.89;704;15;814.00;7
1763;15;628752082;1763;242;2467;2472;9.45;0.58;200.65;3.90;704;15;815.00;5
1766;15;628752093;1766;250;2477;2485;9.33;0.57;200.54;3.89;711;15;816.00;8
1767;15;628752104;1767;255;2479;2485;9.26;0.57;200.52;3.91;712;15;817.00;6
1770;15;628752113;1770;260;2480;2485;9.14;0.56;200.35;3.91;710;15;818.00;5
1774;15;628752123;1774;265;2483;2486;9.01;0.55;200.15;3.91;709;15;819.00;3
1776;15;628752132;1776;273;2483;2486;8.96;0.55;200.14;3.91;707;15;820.00;3
1778;15;628752142;1778;281;2488;2490;8.84;0.54;200.02;3.91;710;15;821.00;2
1779;15;628752152;1779;282;2489;2490;8.71;0.53;199.97;3.91;710;15;822.00;1
1779;15;628752161;1779;293;2494;2494;8.57;0.52;199.97;3.91;715;15;823.00;0
1782;15;628752170;1782;294;2494;2494;8.45;0.52;200.09;3.91;712;15;824.00;0
1784;15;628752180;1784;304;2494;2494;8.31;0.51;200.07;3.91;710;15;825.00;0
1788;15;628752189;1788;313;2494;2494;8.13;0.50;199.85;3.91;706;15;826.00;0
1789;15;628752198;1789;304;2494;2494;7.97;0.49;199.84;3.91;705;15;827.00;0
1789;15;628752207;1789;305;2505;2506;7.95;0.49;199.84;3.89;716;15;828.00;1
1790;15;628752218;1790;295;2506;2506;7.93;0.49;199.80;3.89;716;15;829.00;0
1791;15;628752227;1791;291;2506;2506;7.92;0.49;199.75;3.89;715;15;830.00;0
1791;15;628752236;1791;286;2506;2506;7.92;0.49;199.75;3.89;715;15;831.00;0
1793;15;628752246;1793;277;2506;2506;7.92;0.49;199.70;3.89;713;15;832.00;0
1795;15;628752257;1795;274;2506;2506;8.01;0.49;199.74;3.89;711;15;833.00;0
1796;15;628752267;1796;268;2507;2507;8.07;0.50;199.69;3.89;711;15;834.00;0
1796;15;628752277;1796;261;2507;2507;8.21;0.51;199.69;3.89;711;15;835.00;0
1799;16;628752293;1799;257;2512;2513;8.39;0.51;199.56;3.88;713;16;836.00;1
1799;16;628752322;1799;255;2513;2514;8.44;0.52;199.56;3.88;714;16;837.00;1
1802;16;628752332;1802;250;2514;2514;8.48;0.52;199.39;3.88;712;16;838.00;0
1804;16;628752355;1804;249;2514;2514;8.45;0.52;199.44;3.88;710;16;839.00;0
1805;16;628752368;1805;251;2519;2519;8.45;0.52;199.39;3.87;714;16;840.00;0
1806;16;628752377;1806;253;2519;2519;8.45;0.52;199.37;3.87;713;16;841.00;0
1806;16;628752387;1806;255;2519;2519;8.41;0.52;199.37;3.87;713;16;842.00;0
1811;16;628752396;1811;255;2520;2520;8.33;0.51;199.48;3.87;709;16;843.00;0
1813;16;628752407;1813;253;2524;2524;8.33;0.51;199.54;3.87;711;16;844.00;0
1815;16;628752416;1815;250;2524;2524;8.33;0.51;199.78;3.87;709;16;845.00;0
1819;16;628752425;1819;243;2526;2527;8.31;0.51;199.92;3.86;707;16;846.00;1
1820;16;628752435;1820;246;2527;2527;8.22;0.51;199.88;3.86;707;16;847.00;0
1824;16;628752444;1824;250;2527;2527;8.15;0.50;200.01;3.86;703;16;848.00;0
1826;16;628752453;1826;250;2527;2527;8.07;0.50;200.05;3.86;701;16;849.00;0
1829;16;628752462;1829;242;2530;2531;8.08;0.50;200.19;3.86;701;16;850.00;1
1834;16;628752473;1834;235;2530;2531;8.09;0.50;200.06;3.86;696;16;851.00;1
1838;16;628752482;1838;231;2531;2531;8.10;0.50;200.20;3.86;693;16;852.00;0
1841;16;628752491;1841;228;2531;2531;8.21;0.50;200.23;3.86;690;16;853.00;0
1844;16;628752500;1844;222;2532;2532;8.30;0.51;200.28;3.86;688;16;854.00;0
1851;16;628752509;1851;218;2534;2534;8.39;0.51;200.34;3.85;683;16;855.00;0
1854;16;628752519;1854;208;2534;2534;8.47;0.52;200.24;3.85;680;16;856.00;0
1857;16;628752529;1857;195;2535;2535;8.52;0.52;200.41;3.85;678;16;857.00;0
1860;16;628752539;1860;182;2535;2535;8.61;0.53;200.35;3.85;675;16;858.00;0
1861;16;628752549;1861;175;2535;2535;8.75;0.54;200.37;3.85;674;16;859.00;0
1865;16;628752558;1865;169;2535;2535;8.85;0.54;200.64;3.85;670;16;860.00;0
1869;16;628752568;1869;163;2535;2535;8.99;0.55;200.98;3.85;666;16;861.00;0
1871;16;628752578;1871;154;2535;2535;9.06;0.56;201.00;3.85;664;16;862.00;0
1877;16;628752587;1877;152;2535;2535;9.15;0.56;201.10;3.85;658;16;863.00;0
1879;16;628752597;1879;164;2614;2662;9.12;0.57;201.22;3.74;735;16;864.00;48
1890;16;628752618;1890;157;2618;2663;9.10;0.56;201.30;3.73;728;16;865.00;45
1893;16;628752629;1893;150;2626;2663;9.24;0.57;201.28;3.73;733;16;866.00;37
1899;16;628752648;1899;152;2627;2663;9.25;0.57;201.33;3.73;728;16;867.00;36
1902;16;628752660;1902;148;2633;2663;9.31;0.57;201.45;3.73;731;16;868.00;30
1906;16;628752671;1906;149;2636;2663;9.35;0.58;201.64;3.73;730;16;869.00;27
1909;16;628752684;1909;143;2641;2663;9.44;0.58;202.00;3.73;732;16;870.00;22
1912;16;628752695;1912;140;2645;2663;9.44;0.58;202.04;3.74;733;16;871.00;18
1917;16;628752714;1917;138;2649;2664;9.47;0.58;202.42;3.75;732;16;872.00;15
1919;16;628752729;1919;141;2653;2665;9.53;0.58;202.41;3.75;734;16;873.00;12
1923;16;628752741;1923;140;2655;2665;9.53;0.59;202.89;3.76;732;16;874.00;10
1930;16;628752753;1930;151;2658;2666;9.52;0.59;203.21;3.76;728;16;875.00;8
1933;16;628752766;1933;158;2660;2666;9.56;0.59;203.23;3.77;727;16;876.00;6
1937;16;628752786;1937;159;2661;2666;9.49;0.58;203.41;3.77;724;16;877.00;5
1938;16;628752805;1938;168;2663;2666;9.44;0.58;203.46;3.78;725;16;878.00;3
1941;16;628752816;1941;172;2666;2670;9.45;0.58;203.27;3.78;725;16;879.00;4
1944;16;628752828;1944;176;2667;2670;9.48;0.58;203.38;3.78;723;16;880.00;3
1946;16;628752839;1946;178;2668;2670;9.61;0.59;203.52;3.79;722;16;881.00;2
1951;16;628752852;1951;176;2671;2673;9.65;0.59;203.58;3.78;720;16;882.00;2
1955;16;628752864;1955;177;2671;2673;9.70;0.60;203.72;3.78;716;16;883.00;2
1960;16;628752877;1960;180;2672;2673;9.73;0.60;203.69;3.78;712;16;884.00;1
1963;16;628752888;1963;184;2676;2677;9.75;0.60;203.93;3.78;713;16;885.00;1
1970;16;628752901;1970;190;2678;2678;9.78;0.60;204.09;3.78;708;16;886.00;0
1973;16;628752913;1973;193;2678;2678;9.82;0.60;204.23;3.78;705;16;887.00;0
1978;16;628752924;1978;194;2682;2682;9.85;0.60;204.25;3.77;704;16;888.00;0
1980;16;628752936;1980;194;2682;2682;9.98;0.61;204.30;3.77;702;16;889.00;0
1984;16;628752948;1984;196;2682;2682;10.00;0.61;204.43;3.77;698;16;890.00;0
1990;17;628752959;1990;199;2683;2683;9.96;0.61;204.33;3.77;693;17;891.00;0
1995;17;628752988;1995;200;2683;2683;9.90;0.60;204.59;3.77;688;17;892.00;0
1998;17;628753000;1998;202;2688;2689;9.81;0.60;204.50;3.77;690;17;893.00;1
2003;17;628753013;2003;201;2688;2689;9.70;0.59;204.71;3.77;685;17;894.00;1
2006;17;628753025;2006;208;2690;2690;9.59;0.58;204.91;3.77;684;17;895.00;0
2009;18;628753036;2009;213;2690;2690;9.55;0.58;205.11;3.77;681;18;896.00;0
2014;18;628753066;2014;204;2690;2690;9.59;0.58;205.66;3.77;676;18;897.00;0
2016;18;628753078;2016;202;2690;2690;9.59;0.59;205.66;3.77;674;18;898.00;0
2020;18;628753090;2020;198;2690;2690;9.60;0.59;205.85;3.77;670;18;899.00;0
2025;18;628753105;2025;205;2719;2736;9.48;0.58;206.15;3.73;694;18;900.00;17
2028;18;628753127;2028;200;2719;2736;9.47;0.58;206.24;3.73;691;18;901.00;17
2032;18;628753138;2032;194;2721;2736;9.57;0.59;206.35;3.72;689;18;902.00;15
2036;18;628753149;2036;191;2722;2736;9.58;0.59;206.59;3.72;686;18;903.00;14
2038;18;628753162;2038;185;2723;2736;9.65;0.59;206.61;3.72;685;18;904.00;13
2042;18;628753180;2042;188;2724;2736;9.66;0.59;206.56;3.72;682;18;905.00;12
2044;18;628753190;2044;165;2729;2740;9.76;0.60;206.68;3.72;685;18;906.00;11
2047;18;628753203;2047;153;2730;2740;9.89;0.60;206.64;3.72;683;18;907.00;10
2050;18;628753222;2050;142;2733;2744;9.99;0.61;206.87;3.72;683;18;908.00;11
2052;18;628753234;2052;130;2735;2745;10.05;0.61;206.92;3.72;683;18;909.00;10
2053;18;628753245;2053;127;2736;2745;10.12;0.62;207.04;3.72;683;18;910.00;9
2056;18;628753258;2056;121;2736;2745;10.19;0.62;207.40;3.72;680;18;911.00;9
2059;18;628753270;2059;122;2745;2758;10.35;0.63;207.47;3.71;686;18;912.00;13
2062;18;628753284;2062;121;2745;2758;10.49;0.64;207.62;3.71;683;18;913.00;13
2065;18;628753296;2065;122;2746;2758;10.63;0.65;207.56;3.72;681;18;914.00;12
2068;18;628753308;2068;119;2748;2759;10.79;0.66;207.70;3.72;680;18;915.00;11
2069;18;628753320;2069;118;2749;2760;10.85;0.66;207.69;3.72;680;18;916.00;11
2073;18;628753338;2073;124;2749;2760;10.88;0.66;207.69;3.72;676;18;917.00;11
2078;18;628753356;2078;123;2751;2763;10.94;0.67;207.85;3.72;673;18;918.00;12
2081;19;628753369;2081;124;2752;2763;10.92;0.66;207.78;3.72;671;19;919.00;11
2083;19;628753407;2083;120;2752;2763;10.89;0.66;207.93;3.72;669;19;920.00;11
2085;19;628753419;2085;125;2753;2763;10.89;0.66;207.86;3.73;668;19;921.00;10
2085;19;628753431;2085;127;2757;2769;10.92;0.66;207.86;3.72;672;19;922.00;12
2090;19;628753445;2090;136;2757;2769;10.99;0.67;207.78;3.72;667;19;923.00;12
2094;19;628753456;2094;136;2757;2769;11.06;0.67;207.81;3.72;663;19;924.00;12
2096;19;628753468;2096;133;2759;2769;11.14;0.68;207.99;3.73;663;19;925.00;10
2098;19;628753480;2098;134;2763;2773;11.07;0.67;208.03;3.73;665;19;926.00;10
2100;19;628753492;2100;135;2765;2774;11.05;0.67;208.00;3.74;665;19;927.00;9
2102;19;628753508;2102;142;2765;2774;11.19;0.68;208.03;3.74;663;19;928.00;9
2107;19;628753520;2107;145;2767;2775;11.19;0.68;207.86;3.74;660;19;929.00;8
2109;19;628753533;2109;144;2768;2775;11.19;0.68;207.95;3.75;659;19;930.00;7
2112;19;628753550;2112;149;2768;2775;11.21;0.68;207.87;3.75;656;19;931.00;7
2116;19;628753561;2116;149;2769;2775;11.20;0.68;207.79;3.76;653;19;932.00;6
2117;19;628753571;2117;156;2770;2775;11.22;0.68;207.83;3.76;653;19;933.00;5
2120;19;628753581;2120;157;2770;2775;11.31;0.69;207.86;3.76;650;19;934.00;5
2122;19;628753592;2122;157;2771;2775;11.37;0.69;207.94;3.76;649;19;935.00;4
2126;19;628753603;2126;164;2811;2845;11.08;0.67;208.11;3.71;685;19;936.00;34
2127;19;628753620;2127;160;2812;2846;11.04;0.67;208.09;3.72;685;19;937.00;34
2130;19;628753630;2130;161;2819;2846;11.07;0.67;208.07;3.72;689;19;938.00;27
2130;19;628753640;2130;162;2824;2846;11.17;0.68;208.07;3.72;694;19;939.00;22
2131;19;628753650;2131;164;2828;2846;11.20;0.68;208.08;3.72;697;19;940.00;18
2131;19;628753660;2131;166;2832;2846;11.22;0.69;208.08;3.72;701;19;941.00;14
2136;19;628753671;2136;166;2837;2846;11.22;0.69;208.22;3.72;701;19;942.00;9
2140;19;628753681;2140;169;2838;2846;11.23;0.69;208.47;3.73;698;19;943.00;8
2145;19;628753692;2145;171;2839;2847;11.21;0.68;208.58;3.72;694;19;944.00;8
2149;19;628753703;2149;174;2842;2849;11.27;0.69;208.67;3.72;693;19;945.00;7
2153;19;628753713;2153;173;2842;2849;11.29;0.69;208.76;3.72;689;19;946.00;7
2160;19;628753724;2160;173;2845;2853;11.18;0.68;208.54;3.72;685;19;947.00;8
2161;19;628753741;2161;176;2845;2853;11.18;0.68;208.55;3.72;684;19;948.00;8
2165;19;628753755;2165;176;2845;2853;11.15;0.68;208.70;3.72;680;19;949.00;8
2169;19;628753769;2169;175;2845;2853;11.12;0.68;208.68;3.72;676;19;950.00;8
2173;19;628753783;2173;170;2848;2859;11.10;0.67;208.55;3.72;675;19;951.00;11
2174;19;628753798;2174;166;2848;2859;11.10;0.67;208.56;3.72;674;19;952.00;11
2177;19;628753813;2177;164;2850;2859;11.05;0.67;208.40;3.72;673;19;953.00;9
2181;19;628753835;2181;164;2853;2862;10.95;0.67;208.19;3.73;672;19;954.00;9
2182;19;628753849;2182;162;2856;2862;10.92;0.67;208.19;3.74;674;19;955.00;6
2186;19;628753860;2186;162;2856;2862;10.91;0.66;207.99;3.74;670;19;956.00;6
2189;19;628753871;2189;165;2856;2863;10.93;0.67;207.90;3.74;667;19;957.00;7
2191;19;628753881;2191;167;2857;2864;10.91;0.67;207.80;3.74;666;19;958.00;7
2194;19;628753891;2194;164;2857;2864;10.90;0.66;207.68;3.74;663;19;959.00;7
2196;19;628753901;2196;163;2872;2890;10.83;0.66;207.68;3.72;676;19;960.00;18
2197;19;628753914;2197;161;2873;2890;10.85;0.66;207.69;3.72;676;19;961.00;17
2202;19;628753923;2202;158;2875;2890;10.84;0.66;207.54;3.72;673;19;962.00;15
2204;19;628753932;2204;160;2876;2891;10.88;0.66;207.47;3.72;672;19;963.00;15
2205;19;628753949;2205;161;2876;2891;10.94;0.67;207.39;3.72;671;19;964.00;15
2208;19;628753959;2208;164;2878;2895;10.94;0.67;207.18;3.72;670;19;965.00;17
2210;19;628753972;2210;163;2879;2895;10.91;0.66;207.10;3.72;669;19;966.00;16
2212;19;628753981;2212;168;2882;2899;10.94;0.67;207.09;3.71;670;19;967.00;17
2212;19;628753992;2212;171;2882;2899;10.97;0.67;207.09;3.71;670;19;968.00;17
2215;19;628754001;2215;176;2885;2899;10.87;0.66;207.00;3.74;670;19;969.00;14
2217;19;628754011;2217;175;2885;2899;10.76;0.65;206.99;3.74;668;19;970.00;14
2218;19;628754020;2218;181;2887;2899;10.69;0.65;206.94;3.76;669;19;971.00;12
2220;19;628754030;2220;181;2897;2911;10.66;0.65;206.90;3.75;677;19;972.00;14
2222;19;628754040;2222;184;2898;2911;10.51;0.64;206.95;3.75;676;19;973.00;13
2224;19;628754049;2224;189;2899;2911;10.43;0.63;207.05;3.75;675;19;974.00;12
2226;19;628754058;2226;192;2899;2911;10.36;0.63;207.05;3.75;673;19;975.00;12
2227;19;628754068;2227;197;2899;2911;10.24;0.62;207.05;3.75;672;19;976.00;12
2228;19;628754077;2228;204;2899;2911;10.19;0.62;207.07;3.75;671;19;977.00;12
2229;20;628754087;2229;211;2900;2912;10.04;0.61;207.06;3.76;671;20;978.00;12
2230;20;628754104;2230;201;2901;2912;9.92;0.60;207.08;3.76;671;20;979.00;11
2231;20;628754119;2231;192;2908;2918;9.93;0.60;207.10;3.78;677;20;980.00;10
2232;20;628754129;2232;196;2910;2919;9.95;0.61;207.16;3.78;678;20;981.00;9
2233;20;628754139;2233;194;2911;2919;9.99;0.61;207.18;3.79;678;20;982.00;8
2236;20;628754149;2236;189;2912;2919;9.97;0.61;207.19;3.80;676;20;983.00;7
2238;20;628754159;2238;187;2915;2923;9.97;0.61;207.07;3.79;677;20;984.00;8
2241;20;628754176;2241;184;2917;2923;9.88;0.60;206.97;3.80;676;20;985.00;6
2242;20;628754186;2242;180;2917;2923;9.86;0.60;206.92;3.80;675;20;986.00;6
2243;20;628754196;2243;181;2919;2924;9.87;0.60;206.84;3.81;676;20;987.00;5
2244;20;628754206;2244;181;2923;2928;9.82;0.60;206.83;3.81;679;20;988.00;5
2246;20;628754217;2246;180;2924;2928;9.79;0.60;206.81;3.81;678;20;989.00;4
2248;20;628754228;2248;186;2927;2934;9.74;0.59;206.72;3.81;679;20;990.00;7
2249;20;628754238;2249;189;2929;2934;9.73;0.59;206.71;3.81;680;20;991.00;5
2251;20;628754249;2251;196;2930;2934;9.64;0.59;206.71;3.81;679;20;992.00;4
2251;20;628754259;2251;195;2931;2934;9.52;0.58;206.71;3.81;680;20;993.00;3
2254;20;628754269;2254;202;2933;2938;9.44;0.58;206.72;3.80;679;20;994.00;5
2254;20;628754279;2254;203;2934;2938;9.29;0.57;206.72;3.80;680;20;995.00;4
2257;20;628754296;2257;208;2935;2938;9.12;0.56;206.71;3.80;678;20;996.00;3
2257;20;628754306;2257;213;2935;2938;8.93;0.55;206.71;3.80;678;20;997.00;3
2257;20;628754316;2257;219;2937;2939;8.75;0.54;206.71;3.80;680;20;998.00;2
2257;20;628754326;2257;214;2938;2940;8.63;0.53;206.71;3.80;681;20;999.00;2
2261;20;628754338;2261;215;2938;2940;8.48;0.52;206.72;3.80;677;20;1000.00;2
2264;20;628754352;2264;216;2939;2941;8.39;0.52;206.74;3.80;675;20;1001.00;2
2269;20;628754363;2269;214;2939;2941;8.25;0.51;206.66;3.80;670;20;1002.00;2
2272;20;628754372;2272;216;2939;2941;8.16;0.50;206.64;3.80;667;20;1003.00;2
2273;20;628754381;2273;216;2939;2941;8.16;0.50;206.61;3.80;666;20;1004.00;2
2275;20;628754393;2275;214;2939;2941;8.18;0.50;206.58;3.80;664;20;1005.00;2
2278;20;628754403;2278;217;2939;2941;8.12;0.50;206.76;3.80;661;20;1006.00;2
2280;20;628754412;2280;211;2939;2941;8.10;0.50;206.76;3.80;659;20;1007.00;2
2285;20;628754421;2285;234;3012;3068;8.16;0.51;206.71;3.71;727;20;1008.00;56
2289;20;628754441;2289;225;3014;3069;8.14;0.51;206.76;3.71;725;20;1009.00;55
2291;20;628754450;2291;221;3021;3069;8.26;0.52;206.97;3.70;730;20;1010.00;48
2295;20;628754460;2295;216;3028;3069;8.33;0.52;207.10;3.70;733;20;1011.00;41
2296;20;628754470;2296;216;3034;3069;8.41;0.52;207.10;3.70;738;20;1012.00;35
2300;20;628754480;2300;213;3038;3069;8.46;0.53;207.17;3.71;738;20;1013.00;31
2304;20;628754490;2304;210;3043;3069;8.53;0.53;207.08;3.71;739;20;1014.00;26
2307;20;628754500;2307;213;3044;3069;8.58;0.53;207.12;3.71;737;20;1015.00;25
2311;20;628754510;2311;216;3050;3070;8.65;0.53;207.34;3.72;739;20;1016.00;20
2318;20;628754520;2318;211;3052;3071;8.56;0.53;207.36;3.72;734;20;1017.00;19
2323;20;628754532;2323;216;3056;3071;8.41;0.52;207.42;3.73;733;20;1018.00;15
2328;20;628754541;2328;220;3058;3072;8.28;0.51;207.50;3.73;730;20;1019.00;14
2331;20;628754553;2331;221;3061;3072;8.19;0.50;207.56;3.74;730;20;1020.00;11
2335;20;628754564;2335;223;3061;3072;8.12;0.50;207.67;3.74;726;20;1021.00;11
2340;20;628754574;2340;220;3064;3072;8.06;0.50;207.86;3.75;724;20;1022.00;8
2341;20;628754583;2341;226;3067;3076;8.12;0.50;207.89;3.75;726;20;1023.00;9
2346;20;628754594;2346;230;3069;3076;8.16;0.50;207.93;3.75;723;20;1024.00;7
2349;20;628754604;2349;226;3070;3076;8.35;0.51;208.05;3.76;721;20;1025.00;6
2355;20;628754615;2355;220;3073;3079;8.44;0.52;208.30;3.76;718;20;1026.00;6
2360;20;628754626;2360;217;3074;3079;8.47;0.52;208.39;3.76;714;20;1027.00;5
2363;20;628754637;2363;206;3075;3079;8.60;0.53;208.43;3.76;712;20;1028.00;4
2368;20;628754648;2368;192;3079;3083;8.68;0.53;208.67;3.75;711;20;1029.00;4
2369;20;628754659;2369;188;3080;3084;8.87;0.55;208.59;3.75;711;20;1030.00;4
2374;20;628754669;2374;183;3080;3084;8.94;0.55;208.93;3.75;706;20;1031.00;4
2380;20;628754680;2380;182;3084;3088;8.97;0.55;209.09;3.75;704;20;1032.00;4
2384;20;628754692;2384;175;3084;3088;9.10;0.56;209.13;3.75;700;20;1033.00;4
2391;20;628754704;2391;170;3084;3088;9.16;0.56;209.51;3.75;693;20;1034.00;4
2398;20;628754715;2398;163;3086;3090;9.23;0.56;209.56;3.74;688;20;1035.00;4
2402;20;628754728;2402;163;3086;3090;9.34;0.57;209.61;3.74;684;20;1036.00;4
2406;20;628754745;2406;170;3092;3096;9.45;0.57;209.88;3.74;686;20;1037.00;4
2408;20;628754758;2408;166;3092;3096;9.56;0.58;210.02;3.74;684;20;1038.00;4
2410;20;628754768;2410;163;3093;3097;9.64;0.59;210.16;3.74;683;20;1039.00;4
2413;20;628754780;2413;160;3093;3097;9.71;0.59;210.19;3.74;680;20;1040.00;4
2417;20;628754791;2417;160;3093;3097;9.72;0.59;210.19;3.74;676;20;1041.00;4
2421;20;628754810;2421;164;3093;3097;9.80;0.60;210.28;3.74;672;20;1042.00;4
2423;20;628754821;2423;165;3093;3097;9.92;0.60;210.31;3.74;670;20;1043.00;4
2425;20;628754832;2425;163;3104;3109;10.05;0.61;210.35;3.73;679;20;1044.00;5
2430;20;628754845;2430;157;3105;3109;10.09;0.61;210.52;3.72;675;20;1045.00;4
2433;20;628754856;2433;157;3105;3109;10.21;0.62;210.56;3.72;672;20;1046.00;4
2437;20;628754868;2437;158;3105;3109;10.28;0.62;210.82;3.72;668;20;1047.00;4
2442;20;628754879;2442;156;3105;3109;10.26;0.62;210.90;3.72;663;20;1048.00;4
2446;20;628754891;2446;157;3105;3109;10.27;0.63;211.03;3.72;659;20;1049.00;4
2448;20;628754904;2448;158;3112;3115;10.29;0.63;211.17;3.75;664;20;1050.00;3
2453;20;628754916;2453;157;3112;3115;10.23;0.62;211.35;3.75;659;20;1051.00;3
2456;20;628754927;2456;163;3115;3119;10.22;0.62;211.42;3.74;659;20;1052.00;4
2458;20;628754945;2458;164;3117;3120;10.29;0.63;211.53;3.74;659;20;1053.00;3
2463;20;628754956;2463;167;3117;3120;10.29;0.63;211.65;3.74;654;20;1054.00;3
2467;20;628754969;2467;170;3117;3120;10.34;0.63;211.80;3.74;650;20;1055.00;3
2471;20;628754980;2471;168;3130;3133;10.34;0.63;211.82;3.73;659;20;1056.00;3
2477;20;628754992;2477;170;3130;3133;10.37;0.63;212.13;3.73;653;20;1057.00;3
2479;20;628755003;2479;172;3130;3133;10.39;0.63;212.11;3.73;651;20;1058.00;3
2483;20;628755013;2483;170;3131;3134;10.39;0.63;212.29;3.73;648;20;1059.00;3
2488;20;628755024;2488;172;3132;3135;10.36;0.63;212.42;3.72;644;20;1060.00;3
2490;20;628755035;2490;176;3132;3135;10.32;0.63;212.56;3.72;642;20;1061.00;3
2494;20;628755045;2494;176;3134;3138;10.25;0.62;212.60;3.72;640;20;1062.00;4
2500;20;628755058;2500;181;3134;3138;10.09;0.61;212.66;3.72;634;20;1063.00;4
2503;20;628755070;2503;185;3135;3138;10.03;0.61;212.88;3.72;632;20;1064.00;3
2504;20;628755080;2504;191;3135;3138;9.96;0.60;212.92;3.72;631;20;1065.00;3
2508;20;628755090;2508;199;3140;3144;9.90;0.60;212.97;3.72;632;20;1066.00;4
2513;20;628755101;2513;191;3140;3144;9.81;0.59;212.94;3.72;627;20;1067.00;4
2518;20;628755111;2518;192;3141;3144;9.74;0.59;213.17;3.72;623;20;1068.00;3
2520;20;628755122;2520;189;3141;3144;9.63;0.58;213.30;3.72;621;20;1069.00;3
2522;20;628755132;2522;189;3145;3148;9.54;0.58;213.36;3.71;623;20;1070.00;3
2525;20;628755143;2525;187;3146;3149;9.55;0.58;213.63;3.71;621;20;1071.00;3
2529;20;628755155;2529;188;3146;3149;9.47;0.58;213.75;3.71;617;20;1072.00;3
2531;20;628755164;2531;185;3147;3150;9.48;0.58;213.86;3.71;616;20;1073.00;3
2534;20;628755174;2534;188;3147;3150;9.46;0.58;213.97;3.71;613;20;1074.00;3
2538;20;628755185;2538;190;3147;3150;9.41;0.57;214.01;3.71;609;20;1075.00;3
2539;20;628755195;2539;174;3147;3150;9.52;0.58;213.96;3.71;608;20;1076.00;3
2541;20;628755204;2541;169;3147;3150;9.63;0.59;214.04;3.71;606;20;1077.00;3
2547;20;628755214;2547;155;3147;3150;9.73;0.59;214.09;3.71;600;20;1078.00;3
2548;20;628755225;2548;149;3147;3150;9.90;0.60;214.08;3.71;599;20;1079.00;3
2551;20;628755236;2551;168;3223;3275;9.70;0.60;214.03;3.62;672;20;1080.00;52
2555;20;628755266;2555;155;3226;3276;9.74;0.60;214.13;3.62;671;20;1081.00;50
2556;20;628755278;2556;135;3233;3276;9.89;0.61;214.11;3.62;677;20;1082.00;43
2560;21;628755289;2560;126;3237;3276;10.08;0.62;214.10;3.62;677;21;1083.00;39
2562;21;628755308;2562;125;3241;3276;10.22;0.63;214.16;3.62;679;21;1084.00;35
2564;21;628755323;2564;123;3245;3276;10.32;0.63;214.06;3.62;681;21;1085.00;31
2566;21;628755334;2566;119;3249;3276;10.39;0.64;214.08;3.62;683;21;1086.00;27
2569;21;628755345;2569;125;3252;3276;10.48;0.64;214.04;3.63;683;21;1087.00;24
2572;21;628755356;2572;130;3256;3277;10.48;0.65;214.11;3.63;684;21;1088.00;21
2574;21;628755367;2574;131;3258;3278;10.43;0.64;214.11;3.63;684;21;1089.00;20
2575;21;628755378;2575;132;3260;3278;10.44;0.64;214.06;3.63;685;21;1090.00;18
2576;21;628755389;2576;134;3264;3282;10.42;0.64;214.00;3.63;688;21;1091.00;18
2580;21;628755400;2580;141;3265;3282;10.39;0.64;213.95;3.63;685;21;1092.00;17
2584;21;628755413;2584;144;3266;3282;10.39;0.64;213.99;3.64;682;21;1093.00;16
2584;21;628755424;2584;149;3266;3282;10.40;0.64;213.99;3.64;682;21;1094.00;16
2588;21;628755434;2588;152;3269;3288;10.33;0.63;214.00;3.63;681;21;1095.00;19
2593;22;628755445;2593;155;3271;3288;10.32;0.63;214.09;3.63;678;22;1096.00;17
2595;22;628755470;2595;161;3271;3288;10.33;0.63;214.09;3.63;676;22;1097.00;17
2595;22;628755480;2595;169;3274;3291;10.43;0.64;214.09;3.63;679;22;1098.00;17
2597;22;628755491;2597;173;3274;3291;10.44;0.64;214.10;3.63;677;22;1099.00;17
2601;22;628755503;2601;178;3274;3291;10.53;0.64;214.31;3.63;673;22;1100.00;17
2602;22;628755517;2602;179;3274;3292;10.56;0.64;214.29;3.63;672;22;1101.00;18
2603;22;628755527;2603;182;3275;3293;10.57;0.64;214.23;3.63;672;22;1102.00;18
2605;22;628755537;2605;184;3275;3293;10.50;0.64;214.12;3.63;670;22;1103.00;18
2606;22;628755546;2606;186;3285;3306;10.36;0.63;214.07;3.62;679;22;1104.00;21
2608;22;628755556;2608;189;3285;3306;10.35;0.63;213.97;3.62;677;22;1105.00;21
2610;22;628755567;2610;193;3285;3306;10.36;0.63;213.88;3.62;675;22;1106.00;21
2612;22;628755577;2612;188;3286;3307;10.43;0.64;213.85;3.62;674;22;1107.00;21
2613;22;628755589;2613;188;3286;3307;10.49;0.64;213.81;3.62;673;22;1108.00;21
2613;22;628755599;2613;186;3289;3311;10.58;0.65;213.81;3.61;676;22;1109.00;22
2613;22;628755611;2613;188;3289;3311;10.68;0.65;213.81;3.61;676;22;1110.00;22
2618;22;628755621;2618;188;3293;3315;10.68;0.65;213.69;3.61;675;22;1111.00;22
2622;22;628755631;2622;190;3293;3315;10.75;0.66;213.52;3.61;671;22;1112.00;22
2623;22;628755641;2623;192;3293;3315;10.71;0.65;213.54;3.61;670;22;1113.00;22
2628;22;628755651;2628;192;3293;3315;10.72;0.65;213.41;3.61;665;22;1114.00;22
2629;22;628755660;2629;189;3293;3315;10.68;0.65;213.39;3.61;664;22;1115.00;22
2634;23;628755669;2634;189;3302;3327;10.66;0.65;213.30;3.60;668;23;1116.00;25
2635;23;628755691;2635;188;3302;3327;10.60;0.65;213.26;3.60;667;23;1117.00;25
2638;23;628755700;2638;192;3304;3327;10.62;0.65;213.13;3.60;666;23;1118.00;23
2641;23;628755709;2641;192;3305;3327;10.59;0.64;213.10;3.65;664;23;1119.00;22
2644;23;628755720;2644;193;3305;3327;10.57;0.64;213.06;3.65;661;23;1120.00;22
2648;23;628755730;2648;187;3305;3327;10.57;0.64;213.12;3.65;657;23;1121.00;22
2649;23;628755745;2649;184;3306;3328;10.60;0.64;213.13;3.68;657;23;1122.00;22
2651;23;628755758;2651;185;3307;3328;10.61;0.64;213.07;3.68;656;23;1123.00;21
2651;23;628755770;2651;185;3311;3334;10.65;0.65;213.07;3.68;660;23;1124.00;23
2654;23;628755786;2654;182;3316;3336;10.61;0.65;213.00;3.73;662;23;1125.00;20
2657;23;628755799;2657;177;3317;3336;10.56;0.64;212.99;3.73;660;23;1126.00;19
2660;23;628755812;2660;179;3317;3336;10.54;0.64;212.98;3.73;657;23;1127.00;19
2661;23;628755826;2661;179;3321;3340;10.49;0.64;212.98;3.74;660;23;1128.00;19
2663;23;628755839;2663;178;3321;3340;10.44;0.63;212.97;3.74;658;23;1129.00;19
2665;23;628755851;2665;179;3321;3340;10.42;0.63;212.94;3.74;656;23;1130.00;19
2666;23;628755861;2666;163;3322;3341;10.42;0.63;212.90;3.74;656;23;1131.00;19
2666;23;628755870;2666;153;3326;3345;10.43;0.63;212.90;3.75;660;23;1132.00;19
2669;23;628755880;2669;144;3326;3345;10.47;0.64;212.93;3.75;657;23;1133.00;19
2671;23;628755890;2671;136;3328;3348;10.60;0.64;212.82;3.75;657;23;1134.00;20
2673;23;628755901;2673;133;3330;3348;10.77;0.65;212.84;3.76;657;23;1135.00;18
2675;23;628755911;2675;129;3330;3348;10.93;0.66;212.77;3.76;655;23;1136.00;18
2677;23;628755920;2677;120;3330;3348;11.07;0.67;212.79;3.76;653;23;1137.00;18
2680;23;628755938;2680;116;3334;3352;11.15;0.68;212.72;3.78;654;23;1138.00;18
2682;23;628755949;2682;113;3334;3352;11.25;0.68;212.74;3.78;652;23;1139.00;18
2682;23;628755961;2682;113;3336;3352;11.32;0.69;212.74;3.79;654;23;1140.00;16
2684;23;628755980;2684;114;3336;3352;11.36;0.69;212.69;3.79;652;23;1141.00;16
2684;23;628755998;2684;114;3336;3353;11.44;0.69;212.69;3.79;652;23;1142.00;17
2684;23;628756008;2684;111;3337;3354;11.45;0.69;212.69;3.79;653;23;1143.00;17
2685;23;628756019;2685;113;3337;3354;11.49;0.70;212.72;3.79;652;23;1144.00;17
2688;23;628756029;2688;115;3338;3355;11.53;0.70;212.85;3.79;650;23;1145.00;17
2689;23;628756039;2689;119;3338;3355;11.50;0.70;212.85;3.79;649;23;1146.00;17
2691;23;628756057;2691;129;3338;3355;11.51;0.70;212.87;3.79;647;23;1147.00;17
2691;23;628756067;2691;133;3338;3355;11.44;0.69;212.87;3.79;647;23;1148.00;17
2694;23;628756076;2694;138;3339;3355;11.38;0.69;212.79;3.80;645;23;1149.00;16
2695;23;628756085;2695;140;3340;3355;11.30;0.69;212.81;3.81;645;23;1150.00;15
2695;23;628756095;2695;143;3340;3355;11.31;0.69;212.81;3.81;645;23;1151.00;15
2696;23;628756104;2696;162;3406;3482;11.07;0.68;212.90;3.75;710;23;1152.00;76
2700;23;628756124;2700;160;3411;3483;10.99;0.68;212.85;3.76;711;23;1153.00;72
2704;23;628756134;2704;162;3418;3483;11.02;0.68;213.14;3.77;714;23;1154.00;65
2705;23;628756145;2705;161;3426;3483;11.01;0.68;213.24;3.77;721;23;1155.00;57
2707;23;628756156;2707;163;3431;3483;10.97;0.67;213.19;3.77;724;23;1156.00;52
2710;23;628756165;2710;161;3436;3483;10.91;0.67;213.27;3.78;726;23;1157.00;47
2712;23;628756175;2712;164;3443;3483;10.83;0.67;213.39;3.79;731;23;1158.00;40
2714;23;628756185;2714;167;3446;3483;10.71;0.66;213.29;3.79;732;23;1159.00;37
2716;23;628756195;2716;169;3452;3484;10.67;0.66;213.24;3.80;736;23;1160.00;32
2717;23;628756206;2717;178;3457;3485;10.58;0.65;213.26;3.81;740;23;1161.00;28
2719;23;628756216;2719;182;3459;3485;10.50;0.65;213.35;3.81;740;23;1162.00;26
2722;23;628756227;2722;189;3460;3486;10.38;0.64;213.29;3.82;738;23;1163.00;26
2726;23;628756238;2726;196;3463;3486;10.21;0.63;213.40;3.82;737;23;1164.00;23
2730;23;628756249;2730;200;3465;3486;10.02;0.62;213.59;3.83;735;23;1165.00;21
2734;23;628756260;2734;211;3466;3486;9.88;0.61;213.54;3.83;732;23;1166.00;20
2736;23;628756271;2736;213;3469;3490;9.73;0.60;213.61;3.83;733;23;1167.00;21
2740;23;628756282;2740;225;3474;3490;9.64;0.59;213.85;3.85;734;23;1168.00;16
2743;23;628756292;2743;231;3475;3490;9.57;0.59;213.81;3.86;732;23;1169.00;15
2747;23;628756305;2747;233;3480;3496;9.49;0.58;213.73;3.86;733;23;1170.00;16
2749;23;628756316;2749;236;3481;3496;9.44;0.58;213.72;3.86;732;23;1171.00;15
2752;23;628756327;2752;236;3482;3496;9.44;0.58;213.78;3.86;730;23;1172.00;14
2756;23;628756338;2756;242;3486;3500;9.32;0.57;213.77;3.86;730;23;1173.00;14
2758;23;628756350;2758;241;3488;3501;9.36;0.57;213.75;3.86;730;23;1174.00;13
2760;23;628756360;2760;243;3489;3501;9.38;0.57;213.71;3.86;729;23;1175.00;12
2766;23;628756371;2766;244;3493;3505;9.40;0.58;213.76;3.85;727;23;1176.00;12
2768;23;628756383;2768;247;3494;3505;9.50;0.58;213.92;3.85;726;23;1177.00;11
2771;23;628756393;2771;244;3495;3505;9.51;0.58;213.89;3.85;724;23;1178.00;10
2773;24;628756404;2773;244;3496;3506;9.51;0.58;213.91;3.85;723;24;1179.00;10
2776;24;628756431;2776;243;3496;3506;9.45;0.58;213.86;3.85;720;24;1180.00;10
2781;24;628756442;2781;241;3501;3512;9.35;0.57;213.88;3.85;720;24;1181.00;11
2784;24;628756454;2784;246;3502;3512;9.29;0.57;213.95;3.85;718;24;1182.00;10
2788;24;628756466;2788;247;3503;3513;9.16;0.56;214.05;3.85;715;24;1183.00;10
2792;24;628756477;2792;246;3503;3513;9.15;0.56;214.05;3.85;711;24;1184.00;10
2796;24;628756489;2796;244;3503;3513;9.10;0.56;214.17;3.85;707;24;1185.00;10
2801;24;628756500;2801;245;3503;3513;9.13;0.56;214.24;3.85;702;24;1186.00;10
2805;24;628756511;2805;244;3503;3513;9.14;0.56;214.47;3.85;698;24;1187.00;10
2809;24;628756521;2809;246;3514;3525;9.12;0.56;214.54;3.84;705;24;1188.00;11
2812;24;628756534;2812;243;3515;3525;9.04;0.55;214.67;3.84;703;24;1189.00;10
2815;24;628756543;2815;234;3515;3525;8.96;0.55;214.82;3.84;700;24;1190.00;10
2817;24;628756555;2817;230;3515;3525;8.93;0.55;214.96;3.84;698;24;1191.00;10
2822;24;628756567;2822;228;3515;3525;8.91;0.55;215.14;3.84;693;24;1192.00;10
2831;25;628756577;2831;223;3515;3525;8.93;0.55;215.51;3.84;684;25;1193.00;10
2831;25;628756602;2831;224;3519;3529;9.00;0.55;215.51;3.83;688;25;1194.00;10
2839;25;628756613;2839;220;3519;3529;9.09;0.56;215.58;3.83;680;25;1195.00;10
2843;25;628756625;2843;218;3522;3533;9.18;0.56;215.68;3.83;679;25;1196.00;11
2847;25;628756636;2847;207;3523;3534;9.23;0.56;215.70;3.83;676;25;1197.00;11
2850;25;628756656;2850;199;3524;3534;9.30;0.57;215.83;3.83;674;25;1198.00;10
2853;25;628756666;2853;192;3524;3534;9.34;0.57;216.01;3.83;671;25;1199.00;10
2857;25;628756680;2857;193;3546;3575;9.38;0.57;216.16;3.80;689;25;1200.00;29
2861;25;628756700;2861;184;3548;3575;9.45;0.58;216.21;3.80;687;25;1201.00;27
2865;25;628756712;2865;188;3551;3575;9.57;0.59;216.39;3.80;686;25;1202.00;24
2866;25;628756723;2866;178;3554;3576;9.67;0.59;216.44;3.80;688;25;1203.00;22
2873;25;628756734;2873;183;3556;3577;9.66;0.59;216.52;3.80;683;25;1204.00;21
2877;25;628756746;2877;178;3558;3577;9.60;0.59;216.64;3.80;681;25;1205.00;19
2882;25;628756757;2882;181;3560;3580;9.73;0.60;216.58;3.80;678;25;1206.00;20
2889;25;628756768;2889;179;3561;3580;9.65;0.59;216.74;3.80;672;25;1207.00;19
2896;25;628756779;2896;180;3562;3580;9.61;0.59;216.67;3.80;666;25;1208.00;18
2899;25;628756789;2899;178;3562;3580;9.61;0.59;216.67;3.80;663;25;1209.00;18
2905;25;628756799;2905;176;3569;3586;9.55;0.58;216.70;3.80;664;25;1210.00;17
2907;25;628756809;2907;173;3570;3586;9.50;0.58;216.78;3.80;663;25;1211.00;16
2911;25;628756820;2911;172;3570;3586;9.48;0.58;216.81;3.80;659;25;1212.00;16
2914;25;628756830;2914;170;3570;3586;9.41;0.58;216.89;3.80;656;25;1213.00;16
2921;25;628756849;2921;174;3574;3590;9.38;0.58;216.98;3.79;653;25;1214.00;16
2923;25;628756860;2923;173;3576;3592;9.45;0.58;217.05;3.79;653;25;1215.00;16
2930;25;628756871;2930;180;3577;3592;9.38;0.58;217.24;3.80;647;25;1216.00;15
2933;25;628756891;2933;186;3578;3593;9.37;0.57;217.16;3.79;645;25;1217.00;15
2934;25;628756902;2934;189;3578;3593;9.46;0.58;217.15;3.79;644;25;1218.00;15
2937;25;628756912;2937;194;3578;3593;9.48;0.58;217.05;3.79;641;25;1219.00;15
2942;25;628756923;2942;202;3578;3593;9.45;0.58;216.91;3.79;636;25;1220.00;15
2945;25;628756935;2945;210;3578;3593;9.42;0.58;216.81;3.79;633;25;1221.00;15
2950;25;628756945;2950;213;3579;3593;9.30;0.57;216.89;3.80;629;25;1222.00;14
2955;25;628756955;2955;218;3579;3593;9.16;0.56;216.96;3.80;624;25;1223.00;14
2957;25;628756966;2957;234;3619;3663;8.97;0.55;216.98;3.76;662;25;1224.00;44
2960;25;628756983;2960;232;3620;3664;8.87;0.54;217.02;3.76;660;25;1225.00;44
2963;25;628756994;2963;231;3624;3664;8.92;0.55;217.20;3.76;661;25;1226.00;40
2963;25;628757004;2963;231;3626;3664;9.02;0.55;217.20;3.76;663;25;1227.00;38
2965;25;628757015;2965;236;3629;3666;9.08;0.56;217.21;3.76;664;25;1228.00;37
2969;25;628757025;2969;233;3630;3666;9.08;0.56;217.28;3.76;661;25;1229.00;36
2969;25;628757037;2969;235;3632;3666;9.10;0.56;217.28;3.76;663;25;1230.00;34
2972;25;628757046;2972;236;3634;3666;9.08;0.56;217.35;3.76;662;25;1231.00;32
2973;25;628757056;2973;241;3639;3667;9.05;0.56;217.33;3.77;666;25;1232.00;28
2980;25;628757066;2980;246;3643;3668;8.95;0.55;217.40;3.78;663;25;1233.00;25
2981;25;628757076;2981;253;3645;3668;8.80;0.54;217.49;3.78;664;25;1234.00;23
2985;25;628757087;2985;264;3651;3672;8.63;0.53;217.60;3.79;666;25;1235.00;21
2988;25;628757107;2988;272;3655;3672;8.47;0.52;217.75;3.80;667;25;1236.00;17
2989;25;628757117;2989;267;3657;3672;8.41;0.51;217.78;3.80;668;25;1237.00;15
2991;25;628757135;2991;257;3658;3672;8.42;0.52;217.76;3.80;667;25;1238.00;14
2994;25;628757146;2994;256;3665;3678;8.40;0.51;217.87;3.80;671;25;1239.00;13
2996;25;628757156;2996;247;3665;3678;8.44;0.52;217.93;3.80;669;25;1240.00;13
2999;25;628757167;2999;244;3665;3678;8.51;0.52;217.92;3.80;666;25;1241.00;13
3000;25;628757185;3000;245;3668;3681;8.61;0.53;217.88;3.79;668;25;1242.00;13
3004;25;628757196;3004;246;3668;3681;8.66;0.53;217.86;3.79;664;25;1243.00;13
3011;25;628757207;3011;242;3668;3681;8.65;0.53;218.27;3.79;657;25;1244.00;13
3011;25;628757226;3011;241;3669;3682;8.67;0.53;218.27;3.79;658;25;1245.00;13
3013;25;628757235;3013;230;3670;3683;8.75;0.53;218.27;3.79;657;25;1246.00;13
3016;25;628757246;3016;217;3670;3683;8.79;0.54;218.22;3.79;654;25;1247.00;13
3018;25;628757264;3018;210;3682;3696;8.94;0.54;218.26;3.78;664;25;1248.00;14
3022;25;628757276;3022;198;3682;3696;9.02;0.55;218.26;3.78;660;25;1249.00;14
3025;25;628757287;3025;191;3683;3696;9.17;0.56;218.14;3.78;658;25;1250.00;13
3027;25;628757297;3027;189;3684;3697;9.28;0.56;218.16;3.78;657;25;1251.00;13
3030;25;628757308;3030;185;3684;3697;9.32;0.57;218.06;3.78;654;25;1252.00;13
3032;25;628757326;3032;183;3687;3701;9.41;0.57;218.00;3.78;655;25;1253.00;14
3033;25;628757337;3033;180;3687;3701;9.45;0.57;218.03;3.78;654;25;1254.00;14
3038;25;628757347;3038;179;3692;3705;9.50;0.58;218.02;3.77;654;25;1255.00;13
3039;25;628757358;3039;175;3693;3705;9.66;0.59;217.99;3.82;654;25;1256.00;12
3039;25;628757370;3039;174;3693;3705;9.75;0.59;217.99;3.82;654;25;1257.00;12
3043;25;628757379;3043;170;3693;3705;9.77;0.59;217.85;3.82;650;25;1258.00;12
3045;25;628757389;3045;174;3693;3705;9.81;0.60;217.75;3.82;648;25;1259.00;12
3046;25;628757401;3046;173;3715;3739;9.78;0.60;217.70;3.80;669;25;1260.00;24
3047;25;628757414;3047;176;3715;3739;9.86;0.60;217.67;3.80;668;25;1261.00;24
3048;25;628757424;3048;176;3716;3739;9.94;0.61;217.62;3.80;668;25;1262.00;23
3049;25;628757434;3049;178;3716;3739;9.87;0.60;217.63;3.80;667;25;1263.00;23
3053;25;628757452;3053;179;3717;3739;9.88;0.60;217.50;3.80;664;25;1264.00;22
3057;25;628757463;3057;181;3717;3739;9.89;0.60;217.39;3.80;660;25;1265.00;22
3058;25;628757475;3058;181;3718;3740;9.95;0.61;217.34;3.80;660;25;1266.00;22
3061;25;628757488;3061;181;3718;3740;9.89;0.60;217.22;3.80;657;25;1267.00;22
3062;25;628757499;3062;181;3722;3746;9.97;0.61;217.19;3.80;660;25;1268.00;24
3063;25;628757510;3063;179;3723;3747;10.03;0.61;217.20;3.79;660;25;1269.00;24
3064;25;628757520;3064;178;3724;3747;10.09;0.62;217.19;3.79;660;25;1270.00;23
3067;25;628757530;3067;184;3724;3747;10.16;0.62;217.20;3.79;657;25;1271.00;23
3070;25;628757540;3070;189;3727;3751;10.13;0.62;217.17;3.79;657;25;1272.00;24
3070;25;628757552;3070;189;3727;3751;10.08;0.61;217.17;3.79;657;25;1273.00;24
3071;25;628757562;3071;187;3727;3751;10.03;0.61;217.14;3.79;656;25;1274.00;24
3072;25;628757571;3072;190;3728;3752;10.06;0.61;217.10;3.79;656;25;1275.00;24
3073;25;628757580;3073;193;3731;3756;10.09;0.61;217.11;3.79;658;25;1276.00;25
3074;25;628757591;3074;197;3731;3756;10.08;0.61;217.05;3.79;657;25;1277.00;25
3074;25;628757600;3074;196;3733;3759;10.14;0.62;217.05;3.79;659;25;1278.00;26
3076;25;628757610;3076;201;3733;3759;10.14;0.62;217.03;3.79;657;25;1279.00;26
3078;25;628757619;3078;201;3734;3759;10.22;0.62;217.03;3.79;656;25;1280.00;25
3078;25;628757628;3078;204;3735;3759;10.18;0.62;217.03;3.84;657;25;1281.00;24
3079;25;628757637;3079;202;3738;3763;10.17;0.62;217.00;3.84;659;25;1282.00;25
3081;25;628757647;3081;188;3738;3763;10.23;0.62;217.13;3.84;657;25;1283.00;25
3084;25;628757656;3084;180;3739;3763;10.31;0.63;217.05;3.84;655;25;1284.00;24
3086;25;628757665;3086;169;3739;3763;10.43;0.63;217.04;3.84;653;25;1285.00;24
3087;25;628757674;3087;161;3739;3764;10.52;0.64;217.06;3.84;652;25;1286.00;25
3087;25;628757692;3087;156;3740;3765;10.66;0.65;217.06;3.84;653;25;1287.00;25
3090;25;628757703;3090;145;3740;3765;10.76;0.65;217.08;3.84;650;25;1288.00;25
3093;25;628757712;3093;138;3741;3766;10.90;0.66;217.05;3.84;648;25;1289.00;25
3096;25;628757730;3096;132;3741;3766;10.99;0.67;217.02;3.84;645;25;1290.00;25
3098;25;628757742;3098;121;3741;3766;11.12;0.67;216.98;3.84;643;25;1291.00;25
3099;25;628757755;3099;111;3741;3766;11.21;0.68;216.96;3.84;642;25;1292.00;25
3101;25;628757775;3101;105;3741;3766;11.26;0.68;216.91;3.84;640;25;1293.00;25
3104;25;628757790;3104;98;3742;3766;11.33;0.69;216.87;3.84;638;25;1294.00;24
3105;25;628757805;3105;92;3743;3766;11.45;0.69;216.83;3.85;638;25;1295.00;23
3106;25;628757817;3106;108;3809;3893;11.31;0.70;216.86;3.78;703;25;1296.00;84
3108;25;628757845;3108;100;3809;3894;11.47;0.70;216.80;3.78;701;25;1297.00;85
3112;25;628757858;3112;94;3816;3894;11.64;0.71;216.66;3.78;704;25;1298.00;78
3113;25;628757870;3113;96;3821;3894;11.78;0.72;216.67;3.78;708;25;1299.00;73
3114;25;628757882;3114;88;3827;3894;11.93;0.73;216.67;3.78;713;25;1300.00;67
3114;25;628757899;3114;88;3832;3894;11.92;0.73;216.67;3.78;718;25;1301.00;62
3116;25;628757910;3116;84;3835;3894;11.98;0.73;216.63;3.78;719;25;1302.00;59
3118;25;628757922;3118;86;3839;3894;12.01;0.73;216.64;3.80;721;25;1303.00;55
3119;25;628757934;3119;92;3843;3895;12.07;0.74;216.73;3.80;724;25;1304.00;52
3123;25;628757954;3123;96;3845;3897;12.02;0.73;216.65;3.80;722;25;1305.00;52
3125;25;628757966;3125;96;3847;3897;12.05;0.73;216.70;3.80;722;25;1306.00;50
3127;25;628757979;3127;102;3849;3898;12.00;0.73;216.74;3.82;722;25;1307.00;49
3129;25;628757990;3129;104;3851;3898;11.98;0.73;216.66;3.82;722;25;1308.00;47
3133;25;628758004;3133;109;3852;3898;11.91;0.73;216.64;3.82;719;25;1309.00;46
3138;25;628758017;3138;112;3855;3898;11.82;0.72;216.59;3.84;717;25;1310.00;43
3142;25;628758028;3142;120;3859;3902;11.66;0.71;216.59;3.85;717;25;1311.00;43
3145;25;628758042;3145;128;3861;3902;11.58;0.71;216.58;3.85;716;25;1312.00;41
3148;25;628758052;3148;133;3864;3902;11.46;0.70;216.69;3.87;716;25;1313.00;38
3151;25;628758064;3151;137;3866;3905;11.40;0.69;216.81;3.87;715;25;1314.00;39
3154;25;628758082;3154;136;3869;3905;11.31;0.69;216.90;3.88;715;25;1315.00;36
3156;25;628758094;3156;139;3872;3905;11.24;0.69;216.96;3.89;716;25;1316.00;33
3160;25;628758105;3160;145;3875;3909;11.12;0.68;217.04;3.89;715;25;1317.00;34
3163;25;628758117;3163;154;3879;3910;11.05;0.67;217.19;3.90;716;25;1318.00;31
3165;25;628758129;3165;158;3879;3910;10.98;0.67;217.18;3.90;714;25;1319.00;31
3169;25;628758143;3169;164;3883;3915;10.97;0.67;217.30;3.91;714;25;1320.00;32
3174;25;628758155;3174;167;3885;3915;10.86;0.66;217.31;3.93;711;25;1321.00;30
3177;25;628758167;3177;167;3885;3915;10.79;0.66;217.36;3.93;708;25;1322.00;30
3181;25;628758178;3181;165;3887;3916;10.75;0.65;217.27;3.94;706;25;1323.00;29
3186;25;628758189;3186;174;3889;3916;10.57;0.64;217.37;3.95;703;25;1324.00;27
3188;25;628758201;3188;179;3894;3922;10.58;0.64;217.39;3.95;706;25;1325.00;28
3191;25;628758213;3191;184;3895;3922;10.45;0.63;217.30;3.96;704;25;1326.00;27
3194;25;628758225;3194;186;3897;3923;10.34;0.63;217.38;3.97;703;25;1327.00;26
3195;25;628758236;3195;188;3898;3923;10.26;0.62;217.34;3.97;703;25;1328.00;25
3197;25;628758249;3197;194;3899;3923;10.17;0.62;217.34;3.98;702;25;1329.00;24
3200;25;628758261;3200;200;3900;3923;10.13;0.62;217.33;3.99;700;25;1330.00;23
3203;25;628758272;3203;205;3900;3923;10.10;0.61;217.29;3.99;697;25;1331.00;23
3206;25;628758284;3206;209;3912;3935;10.18;0.62;217.33;3.99;706;25;1332.00;23
3207;25;628758297;3207;207;3913;3935;10.21;0.62;217.32;4.00;706;25;1333.00;22
3212;25;628758308;3212;209;3914;3935;10.17;0.62;217.37;4.00;702;25;1334.00;21
3215;25;628758320;3215;215;3916;3935;10.15;0.62;217.29;4.01;701;25;1335.00;19
3218;25;628758332;3218;213;3916;3935;10.06;0.61;217.30;4.01;698;25;1336.00;19
3219;25;628758344;3219;215;3918;3935;9.99;0.61;217.29;4.02;699;25;1337.00;17
3219;25;628758355;3219;222;3921;3939;9.85;0.60;217.29;4.02;702;25;1338.00;18
3219;25;628758367;3219;218;3921;3939;9.78;0.59;217.29;4.02;702;25;1339.00;18
3222;25;628758394;3222;217;3927;3943;9.75;0.59;217.37;4.02;705;25;1340.00;16
3224;25;628758408;3224;217;3928;3944;9.72;0.59;217.38;4.02;704;25;1341.00;16
3227;25;628758419;3227;217;3929;3944;9.66;0.59;217.38;4.02;702;25;1342.00;15
3230;25;628758430;3230;215;3929;3944;9.59;0.58;217.35;4.02;699;25;1343.00;15
3233;25;628758442;3233;216;3940;3957;9.42;0.57;217.31;4.01;707;25;1344.00;17
3235;25;628758454;3235;214;3940;3957;9.38;0.57;217.36;4.01;705;25;1345.00;17
3239;25;628758466;3239;217;3942;3957;9.31;0.57;217.38;4.01;703;25;1346.00;15
3242;25;628758478;3242;223;3943;3958;9.27;0.57;217.52;4.00;701;25;1347.00;15
3245;25;628758488;3245;226;3944;3959;9.27;0.57;217.51;4.00;699;25;1348.00;15
3248;25;628758499;3248;228;3944;3959;9.19;0.56;217.69;4.00;696;25;1349.00;15
3253;25;628758512;3253;231;3947;3968;9.15;0.56;217.66;4.00;694;25;1350.00;21
3254;25;628758523;3254;235;3948;3968;9.10;0.56;217.64;4.00;694;25;1351.00;20
3260;25;628758534;3260;241;3949;3968;8.99;0.55;217.84;4.00;689;25;1352.00;19
3260;26;628758543;3260;247;3949;3968;8.97;0.55;217.84;4.00;689;26;1353.00;19
3265;26;628758561;3265;246;3954;3974;8.92;0.55;218.13;4.00;689;26;1354.00;20
3269;26;628758573;3269;246;3955;3974;8.90;0.55;218.26;4.00;686;26;1355.00;19
3273;26;628758589;3273;249;3955;3974;8.88;0.54;218.25;4.00;682;26;1356.00;19
3277;26;628758600;3277;252;3957;3974;8.75;0.54;218.45;4.00;680;26;1357.00;17
3280;26;628758609;3280;254;3962;3978;8.63;0.53;218.65;3.99;682;26;1358.00;16
3284;26;628758619;3284;249;3963;3979;8.55;0.52;218.64;3.99;679;26;1359.00;16
3289;26;628758628;3289;243;3963;3979;8.40;0.51;218.74;3.99;674;26;1360.00;16
3292;26;628758637;3292;235;3964;3980;8.41;0.52;218.89;3.99;672;26;1361.00;16
3293;26;628758648;3293;234;3964;3980;8.42;0.52;218.95;3.99;671;26;1362.00;16
3297;26;628758658;3297;227;3964;3980;8.34;0.51;219.15;3.99;667;26;1363.00;16
3300;26;628758667;3300;225;3964;3980;8.36;0.52;219.26;3.99;664;26;1364.00;16
3304;26;628758676;3304;228;3964;3980;8.36;0.52;219.17;3.99;660;26;1365.00;16
3308;26;628758688;3308;223;3964;3980;8.30;0.51;219.34;3.99;656;26;1366.00;16
3311;26;628758697;3311;217;3964;3980;8.27;0.51;219.30;3.99;653;26;1367.00;16
3317;26;628758706;3317;225;4002;4050;8.33;0.51;219.29;3.95;685;26;1368.00;48
3321;26;628758722;3321;213;4005;4051;8.37;0.52;219.34;3.95;684;26;1369.00;46
3328;26;628758732;3328;206;4013;4051;8.57;0.53;219.27;3.95;685;26;1370.00;38
3330;26;628758742;3330;206;4016;4051;8.66;0.53;219.25;3.95;686;26;1371.00;35
3335;26;628758752;3335;202;4022;4051;8.73;0.54;219.37;3.95;687;26;1372.00;29
3337;26;628758762;3337;207;4026;4051;8.81;0.54;219.36;3.95;689;26;1373.00;25
3339;26;628758771;3339;215;4031;4051;8.86;0.54;219.36;3.95;692;26;1374.00;20
3344;26;628758782;3344;217;4031;4051;8.79;0.54;219.44;3.95;687;26;1375.00;20
3346;26;628758791;3346;215;4033;4052;8.70;0.53;219.44;3.95;687;26;1376.00;19
3349;26;628758802;3349;216;4034;4053;8.70;0.53;219.49;3.95;685;26;1377.00;19
3352;26;628758812;3352;218;4035;4053;8.67;0.53;219.53;3.95;683;26;1378.00;18
3359;26;628758821;3359;223;4038;4057;8.58;0.52;219.44;3.95;679;26;1379.00;19
3364;26;628758834;3364;219;4038;4057;8.49;0.52;219.54;3.95;674;26;1380.00;19
3368;27;628758845;3368;225;4038;4057;8.47;0.52;219.60;3.95;670;27;1381.00;19
3369;27;628758873;3369;225;4038;4057;8.50;0.52;219.55;3.95;669;27;1382.00;19
3375;27;628758883;3375;223;4043;4063;8.51;0.52;219.68;3.95;668;27;1383.00;20
3378;27;628758894;3378;223;4044;4063;8.50;0.52;219.75;3.95;666;27;1384.00;19
3382;27;628758904;3382;227;4044;4063;8.49;0.52;219.90;3.95;662;27;1385.00;19
3388;27;628758914;3388;224;4046;4066;8.48;0.52;220.19;3.94;658;27;1386.00;20
3389;27;628758924;3389;229;4048;4066;8.49;0.52;220.23;3.95;659;27;1387.00;18
3394;27;628758933;3394;230;4049;4066;8.47;0.52;220.32;3.95;655;27;1388.00;17
3400;27;628758943;3400;234;4051;4067;8.33;0.51;220.36;3.96;651;27;1389.00;16
3402;27;628758953;3402;241;4052;4068;8.34;0.51;220.29;3.96;650;27;1390.00;16
3410;27;628758963;3410;243;4052;4068;8.29;0.51;220.55;3.96;642;27;1391.00;16
3417;27;628758980;3417;249;4065;4081;8.27;0.51;220.58;3.94;648;27;1392.00;16
3418;27;628758991;3418;251;4065;4081;8.18;0.50;220.61;3.94;647;27;1393.00;16
3424;27;628759007;3424;252;4065;4081;8.14;0.50;220.76;3.94;641;27;1394.00;16
3426;27;628759018;3426;256;4067;4083;8.16;0.50;220.75;3.94;641;27;1395.00;16
3430;27;628759028;3430;260;4067;4083;8.08;0.49;220.68;3.94;637;27;1396.00;16
3433;27;628759037;3433;265;4070;4087;8.07;0.49;220.72;3.94;637;27;1397.00;17
3436;27;628759047;3436;272;4070;4087;7.98;0.49;220.75;3.94;634;27;1398.00;17
3437;27;628759057;3437;277;4075;4091;7.97;0.49;220.70;3.94;638;27;1399.00;16
3440;27;628759067;3440;287;4075;4091;7.88;0.48;220.69;3.94;635;27;1400.00;16
3442;27;628759080;3442;292;4075;4091;7.83;0.48;220.63;3.94;633;27;1401.00;16
3444;27;628759089;3444;294;4075;4091;7.78;0.47;220.64;3.94;631;27;1402.00;16
3447;27;628759099;3447;306;4075;4091;7.69;0.47;220.60;3.94;628;27;1403.00;16
3449;27;628759114;3449;304;4085;4103;7.69;0.47;220.79;3.93;636;27;1404.00;18
3451;27;628759124;3451;307;4085;4103;7.61;0.46;220.73;3.93;634;27;1405.00;18
3452;27;628759133;3452;315;4087;4103;7.56;0.46;220.70;3.93;635;27;1406.00;16
3455;27;628759142;3455;305;4087;4103;7.52;0.46;220.65;3.93;632;27;1407.00;16
3458;27;628759150;3458;301;4087;4103;7.45;0.45;220.60;3.93;629;27;1408.00;16
3461;27;628759160;3461;297;4087;4103;7.45;0.45;220.50;3.93;626;27;1409.00;16
3464;27;628759170;3464;292;4088;4104;7.43;0.45;220.38;3.92;624;27;1410.00;16
3465;27;628759179;3465;289;4088;4104;7.43;0.45;220.36;3.92;623;27;1411.00;16
3467;27;628759188;3467;292;4093;4110;7.42;0.45;220.27;3.92;626;27;1412.00;17
3467;27;628759198;3467;293;4094;4111;7.49;0.45;220.27;3.92;627;27;1413.00;17
3468;27;628759206;3468;294;4095;4111;7.52;0.46;220.22;3.92;627;27;1414.00;16
3471;27;628759218;3471;291;4095;4111;7.49;0.45;220.17;3.92;624;27;1415.00;16
3472;27;628759227;3472;271;4099;4115;7.50;0.46;220.12;3.92;627;27;1416.00;16
3474;27;628759237;3474;261;4099;4115;7.55;0.46;220.07;3.92;625;27;1417.00;16
3474;27;628759247;3474;246;4099;4115;7.60;0.46;220.07;3.92;625;27;1418.00;16
3477;28;628759256;3477;235;4100;4116;7.72;0.47;219.96;3.92;623;28;1419.00;16
3478;28;628759274;3478;227;4104;4120;7.86;0.48;220.00;3.91;626;28;1420.00;16
3481;28;628759284;3481;225;4104;4120;8.02;0.49;219.95;3.91;623;28;1421.00;16
3482;28;628759300;3482;221;4106;4123;8.23;0.50;219.90;3.91;624;28;1422.00;17
3482;28;628759312;3482;208;4106;4123;8.34;0.51;219.90;3.91;624;28;1423.00;17
3483;28;628759322;3483;198;4107;4123;8.54;0.52;219.92;3.91;624;28;1424.00;16
3484;28;628759333;3484;195;4107;4123;8.67;0.53;219.87;3.91;623;28;1425.00;16
3486;28;628759343;3486;194;4110;4127;8.82;0.54;219.99;3.91;624;28;1426.00;17
3487;28;628759353;3487;194;4110;4127;8.93;0.54;219.99;3.91;623;28;1427.00;17
3489;28;628759362;3489;194;4111;4127;9.01;0.55;219.98;3.91;622;28;1428.00;16
3492;28;628759378;3492;191;4111;4127;9.02;0.55;219.95;3.91;619;28;1429.00;16
3492;28;628759387;3492;193;4112;4128;9.05;0.55;219.95;3.91;620;28;1430.00;16
3492;28;628759397;3492;195;4114;4129;9.08;0.55;219.95;3.99;622;28;1431.00;15
3493;28;628759407;3493;193;4114;4129;9.17;0.56;219.95;3.99;621;28;1432.00;15
3494;28;628759415;3494;193;4115;4130;9.23;0.56;219.90;3.99;621;28;1433.00;15
3494;28;628759425;3494;196;4115;4130;9.20;0.56;219.90;3.99;621;28;1434.00;15
3496;28;628759433;3496;186;4115;4130;9.23;0.56;219.87;3.99;619;28;1435.00;15
3496;28;628759443;3496;178;4115;4130;9.31;0.57;219.87;3.99;619;28;1436.00;15
3498;28;628759452;3498;167;4115;4130;9.50;0.58;219.91;3.99;617;28;1437.00;15
3499;28;628759461;3499;159;4115;4130;9.74;0.59;219.88;3.99;616;28;1438.00;15
3499;28;628759471;3499;152;4115;4130;9.97;0.60;219.88;3.99;616;28;1439.00;15
3499;29;628759482;3499;188;4227;4360;9.86;0.62;219.88;3.88;728;29;1440.00;133
3500;29;628759527;3500;173;4230;4361;10.03;0.63;219.90;3.88;730;29;1441.00;131
3501;29;628759538;3501;156;4241;4361;10.34;0.64;219.86;3.88;740;29;1442.00;120
3503;29;628759549;3503;145;4247;4361;10.53;0.65;219.83;3.88;744;29;1443.00;114
3507;30;628759566;3507;131;4254;4361;10.62;0.66;219.73;3.88;747;30;1444.00;107
3508;30;628759585;3508;128;4259;4361;10.69;0.66;219.75;3.88;751;30;1445.00;102
3510;30;628759604;3510;127;4264;4361;10.74;0.66;219.75;3.88;754;30;1446.00;97
3510;30;628759626;3510;127;4269;4361;10.77;0.67;219.75;3.88;759;30;1447.00;92
3512;30;628759637;3512;127;4275;4362;10.76;0.66;219.68;3.89;763;30;1448.00;87
3515;30;628759654;3515;130;4279;4363;10.76;0.66;219.67;3.89;764;30;1449.00;84
3517;30;628759666;3517;136;4282;4363;10.79;0.66;219.59;3.90;765;30;1450.00;81
3518;30;628759676;3518;137;4285;4364;10.79;0.66;219.61;3.90;767;30;1451.00;79
3519;30;628759687;3519;141;4288;4364;10.73;0.66;219.61;3.91;769;30;1452.00;76
3520;30;628759704;3520;142;4291;4364;10.73;0.66;219.61;3.91;771;30;1453.00;73
3520;30;628759715;3520;140;4293;4364;10.82;0.67;219.61;3.92;773;30;1454.00;71
3522;30;628759726;3522;148;4296;4368;10.86;0.67;219.64;3.92;774;30;1455.00;72
3523;30;628759739;3523;150;4298;4368;10.88;0.67;219.60;3.93;775;30;1456.00;70
3525;30;628759757;3525;159;4298;4368;10.94;0.67;219.71;3.93;773;30;1457.00;70
3531;30;628759774;3531;160;4301;4371;10.95;0.67;219.85;3.93;770;30;1458.00;70
3534;30;628759792;3534;163;4304;4371;10.96;0.67;219.95;4.03;770;30;1459.00;67
3539;30;628759809;3539;166;4304;4371;11.04;0.67;219.91;4.03;765;30;1460.00;67
3544;30;628759825;3544;163;4307;4375;11.06;0.68;220.00;4.02;763;30;1461.00;68
3547;30;628759841;3547;157;4309;4376;11.15;0.68;219.99;4.03;762;30;1462.00;67
3549;30;628759857;3549;155;4310;4376;11.25;0.69;220.15;4.03;761;30;1463.00;66
3552;30;628759870;3552;156;4312;4380;11.31;0.69;220.15;4.03;760;30;1464.00;68
3555;30;628759882;3555;151;4315;4380;11.38;0.70;220.18;4.04;760;30;1465.00;65
3557;30;628759896;3557;149;4315;4380;11.41;0.70;220.23;4.04;758;30;1466.00;65
3558;30;628759907;3558;147;4317;4381;11.48;0.70;220.25;4.04;759;30;1467.00;64
3562;30;628759918;3562;147;4317;4381;11.60;0.71;220.39;4.04;755;30;1468.00;64
3565;31;628759930;3565;140;4320;4387;11.68;0.71;220.43;4.13;755;31;1469.00;67
3569;31;628759959;3569;141;4321;4387;11.71;0.71;220.58;4.14;752;31;1470.00;66
3571;32;628759981;3571;140;4322;4388;11.68;0.71;220.69;4.23;751;32;1471.00;66
3577;32;628760006;3577;136;4323;4388;11.66;0.71;220.88;4.23;746;32;1472.00;65
3582;33;628760019;3582;141;4323;4388;11.56;0.70;220.89;4.23;741;33;1473.00;65
3584;33;628760052;3584;140;4325;4388;11.52;0.70;221.03;4.33;741;33;1474.00;63
3586;33;628760063;3586;144;4325;4388;11.54;0.70;220.99;4.33;739;33;1475.00;63
3588;33;628760080;3588;152;4335;4400;11.52;0.70;221.01;4.41;747;33;1476.00;65
3591;33;628760093;3591;152;4336;4400;11.52;0.70;221.09;4.41;745;33;1477.00;64
3596;33;628760105;3596;159;4338;4400;11.46;0.70;221.15;4.42;742;33;1478.00;62
3603;33;628760117;3603;165;4341;4400;11.33;0.69;221.07;4.50;738;33;1479.00;59
3605;33;628760130;3605;165;4342;4400;11.21;0.68;221.02;4.51;737;33;1480.00;58
3607;33;628760143;3607;169;4344;4400;11.17;0.68;221.12;4.52;737;33;1481.00;56
3609;33;628760155;3609;172;4348;4404;11.05;0.67;221.11;4.52;739;33;1482.00;56
3610;33;628760167;3610;174;4349;4404;10.96;0.67;221.13;4.53;739;33;1483.00;55
3610;33;628760179;3610;175;4352;4408;10.91;0.66;221.13;4.52;742;33;1484.00;56
3612;33;628760192;3612;176;4356;4410;10.82;0.66;221.22;4.53;744;33;1485.00;54
3614;33;628760204;3614;172;4358;4410;10.82;0.66;221.23;4.54;744;33;1486.00;52
3615;33;628760217;3615;179;4358;4410;10.76;0.66;221.25;4.54;743;33;1487.00;52
3616;33;628760229;3616;187;4368;4423;10.73;0.65;221.29;4.54;752;33;1488.00;55
3619;33;628760242;3619;190;4368;4423;10.68;0.65;221.29;4.54;749;33;1489.00;55
3622;33;628760254;3622;191;4370;4423;10.64;0.65;221.25;4.56;748;33;1490.00;53
3628;33;628760266;3628;199;4373;4424;10.64;0.65;221.38;4.58;745;33;1491.00;51
3629;33;628760279;3629;205;4374;4425;10.65;0.65;221.36;4.59;745;33;1492.00;51
3631;33;628760291;3631;213;4376;4425;10.66;0.65;221.30;4.62;745;33;1493.00;49
3635;34;628760302;3635;215;4380;4428;10.63;0.65;221.36;4.64;745;34;1494.00;48
3638;34;628760323;3638;222;4382;4428;10.58;0.64;221.34;4.66;744;34;1495.00;46
3640;34;628760342;3640;225;4385;4428;10.54;0.64;221.33;4.68;745;34;1496.00;43
3642;34;628760353;3642;230;4387;4428;10.45;0.64;221.28;4.70;745;34;1497.00;41
3643;34;628760371;3643;239;4392;4434;10.46;0.64;221.26;4.71;749;34;1498.00;42
3645;34;628760383;3645;244;4395;4434;10.34;0.63;221.23;4.74;750;34;1499.00;39
3647;34;628760397;3647;255;4400;4453;10.16;0.62;221.26;4.75;753;34;1500.00;53
3652;34;628760418;3652;254;4402;4453;10.06;0.61;221.29;4.76;750;34;1501.00;51
3653;34;628760429;3653;260;4408;4457;9.91;0.60;221.26;4.77;755;34;1502.00;49
3657;34;628760447;3657;271;4410;4458;9.80;0.60;221.36;4.77;753;34;1503.00;48
3659;34;628760458;3659;272;4412;4458;9.73;0.59;221.28;4.78;753;34;1504.00;46
3661;34;628760470;3661;281;4414;4459;9.65;0.59;221.27;4.78;753;34;1505.00;45
3663;34;628760482;3663;282;4417;4459;9.55;0.58;221.21;4.79;754;34;1506.00;42
3665;34;628760493;3665;293;4418;4459;9.39;0.57;221.20;4.80;753;34;1507.00;41
3667;34;628760504;3667;299;4420;4459;9.24;0.56;221.17;4.80;753;34;1508.00;39
3671;34;628760516;3671;297;4420;4459;9.14;0.56;221.15;4.80;749;34;1509.00;39
3673;34;628760527;3673;291;4423;4459;9.02;0.55;221.13;4.80;750;34;1510.00;36
3674;34;628760539;3674;286;4424;4459;8.99;0.55;221.15;4.81;750;34;1511.00;35
3676;34;628760550;3676;285;4455;4529;8.99;0.55;221.09;4.77;779;34;1512.00;74
3678;34;628760568;3678;281;4458;4530;9.01;0.55;221.06;4.77;780;34;1513.00;72
3680;34;628760579;3680;283;4465;4530;9.04;0.56;221.00;4.77;785;34;1514.00;65
3682;34;628760590;3682;283;4467;4530;9.02;0.55;221.00;4.77;785;34;1515.00;63
3683;34;628760603;3683;288;4472;4530;9.10;0.56;220.99;4.77;789;34;1516.00;58
3686;34;628760614;3686;287;4477;4530;9.17;0.56;221.05;4.77;791;34;1517.00;53
3690;34;628760625;3690;280;4479;4530;9.18;0.56;220.95;4.77;789;34;1518.00;51
3693;34;628760637;3693;276;4481;4530;9.18;0.56;220.96;4.77;788;34;1519.00;49
3696;34;628760650;3696;278;4483;4531;9.18;0.56;220.94;4.77;787;34;1520.00;48
3703;34;628760663;3703;280;4485;4532;9.06;0.55;220.91;4.77;782;34;1521.00;47
3705;34;628760676;3705;280;4487;4532;8.98;0.55;221.01;4.78;782;34;1522.00;45
3708;34;628760688;3708;284;4491;4536;8.85;0.54;221.09;4.78;783;34;1523.00;45
3715;34;628760702;3715;282;4492;4536;8.72;0.53;221.13;4.78;777;34;1524.00;44
3719;34;628760715;3719;282;4493;4536;8.55;0.52;221.19;4.78;774;34;1525.00;43
3725;34;628760727;3725;285;4493;4536;8.30;0.51;221.32;4.78;768;34;1526.00;43
3729;34;628760739;3729;289;4497;4542;8.08;0.50;221.48;4.78;768;34;1527.00;45
3733;34;628760751;3733;289;4497;4542;7.89;0.48;221.52;4.78;764;34;1528.00;45
3738;34;628760764;3738;287;4498;4542;7.60;0.47;221.58;4.78;760;34;1529.00;44
3740;34;628760777;3740;280;4501;4548;7.53;0.46;221.62;4.78;761;34;1530.00;47
3744;34;628760789;3744;281;4502;4548;7.41;0.46;221.68;4.79;758;34;1531.00;46
3748;34;628760800;3748;275;4502;4548;7.36;0.45;221.75;4.79;754;34;1532.00;46
3749;34;628760811;3749;274;4503;4549;7.35;0.45;221.82;4.78;754;34;1533.00;46
3753;34;628760823;3753;269;4504;4550;7.37;0.45;221.87;4.78;751;34;1534.00;46
3756;34;628760837;3756;262;4504;4550;7.31;0.45;221.81;4.78;748;34;1535.00;46
3760;34;628760848;3760;258;4517;4563;7.28;0.45;221.82;4.79;757;34;1536.00;46
3766;34;628760861;3766;251;4519;4563;7.30;0.45;221.86;4.80;753;34;1537.00;44
3768;34;628760872;3768;247;4520;4563;7.39;0.46;221.90;4.80;752;34;1538.00;43
3776;34;628760883;3776;245;4522;4564;7.46;0.46;221.84;4.80;746;34;1539.00;42
3780;34;628760894;3780;239;4523;4564;7.60;0.47;221.97;4.80;743;34;1540.00;41
3785;34;628760905;3785;240;4527;4568;7.69;0.47;222.00;4.81;742;34;1541.00;41
3787;34;628760916;3787;231;4527;4568;7.75;0.48;222.08;4.81;740;34;1542.00;41
3792;34;628760927;3792;229;4531;4572;7.73;0.47;222.08;4.81;739;34;1543.00;41
3795;34;628760939;3795;228;4531;4572;7.78;0.48;222.06;4.81;736;34;1544.00;41
3799;34;628760950;3799;229;4531;4572;7.81;0.48;222.12;4.81;732;34;1545.00;41
3801;34;628760961;3801;233;4531;4572;7.90;0.48;222.15;4.81;730;34;1546.00;41
3805;34;628760973;3805;234;4532;4572;7.90;0.48;222.11;4.82;727;34;1547.00;40
3808;34;628760983;3808;232;4543;4584;7.95;0.49;222.18;4.81;735;34;1548.00;41
3810;34;628760996;3810;230;4544;4584;7.88;0.48;222.15;4.81;734;34;1549.00;40
3813;34;628761007;3813;235;4545;4584;7.81;0.48;222.15;4.82;732;34;1550.00;39
3815;34;628761017;3815;238;4545;4584;7.75;0.48;222.22;4.82;730;34;1551.00;39
3816;34;628761027;3816;241;4546;4584;7.73;0.48;222.19;4.83;730;34;1552.00;38
3818;34;628761038;3818;246;4546;4584;7.72;0.47;222.21;4.83;728;34;1553.00;38
3822;34;628761049;3822;248;4547;4585;7.69;0.47;222.24;4.83;725;34;1554.00;38
3825;34;628761059;3825;256;4549;4587;7.65;0.47;222.14;4.84;724;34;1555.00;38
3831;34;628761071;3831;260;4553;4593;7.65;0.47;222.15;4.83;722;34;1556.00;40
3832;34;628761083;3832;264;4556;4594;7.61;0.47;222.18;4.85;724;34;1557.00;38
3836;34;628761094;3836;270;4556;4594;7.54;0.46;222.22;4.85;720;34;1558.00;38
3842;34;628761104;3842;277;4557;4594;7.46;0.46;222.06;4.85;715;34;1559.00;37
3847;34;628761117;3847;282;4563;4599;7.43;0.45;222.21;4.86;716;34;1560.00;36
3853;34;628761128;3853;287;4564;4599;7.26;0.44;222.16;4.86;711;34;1561.00;35
3856;34;628761139;3856;290;4564;4599;7.19;0.44;222.12;4.86;708;34;1562.00;35
3860;34;628761149;3860;292;4567;4600;7.20;0.44;222.13;4.87;707;34;1563.00;33
3863;34;628761160;3863;294;4572;4604;7.26;0.44;222.06;4.87;709;34;1564.00;32
3867;34;628761171;3867;295;4574;4604;7.23;0.44;222.07;4.88;707;34;1565.00;30
3869;34;628761182;3869;301;4576;4607;7.25;0.44;222.09;4.88;707;34;1566.00;31
3871;34;628761192;3871;303;4576;4607;7.24;0.44;222.06;4.88;705;34;1567.00;31
3878;34;628761202;3878;308;4577;4607;7.16;0.44;222.11;4.88;699;34;1568.00;30
3880;34;628761213;3880;311;4577;4607;7.17;0.44;222.03;4.88;697;34;1569.00;30
3884;34;628761224;3884;314;4579;4611;7.10;0.43;222.06;4.88;695;34;1570.00;32
3888;34;628761235;3888;319;4581;4611;7.03;0.43;222.03;4.89;693;34;1571.00;30
3892;34;628761245;3892;326;4581;4611;7.04;0.43;222.13;4.89;689;34;1572.00;30
3893;34;628761259;3893;329;4582;4611;7.03;0.43;222.16;4.89;689;34;1573.00;29
3897;34;628761274;3897;331;4584;4612;6.98;0.42;222.14;4.89;687;34;1574.00;28
3898;34;628761287;3898;334;4587;4614;7.04;0.43;222.19;4.89;689;34;1575.00;27
3901;34;628761297;3901;339;4588;4614;7.03;0.43;222.10;4.89;687;34;1576.00;26
3901;34;628761308;3901;332;4589;4615;7.08;0.43;222.10;4.89;688;34;1577.00;26
3901;34;628761324;3901;324;4589;4615;7.08;0.43;222.10;4.89;688;34;1578.00;26
3902;34;628761332;3902;319;4589;4615;7.07;0.43;222.15;4.89;687;34;1579.00;26
3905;34;628761342;3905;319;4589;4615;7.07;0.43;222.25;4.89;684;34;1580.00;26
3905;34;628761352;3905;323;4589;4615;7.07;0.43;222.25;4.89;684;34;1581.00;26
3906;34;628761370;3906;322;4589;4615;7.08;0.43;222.31;4.89;683;34;1582.00;26
3907;34;628761379;3907;321;4589;4615;7.18;0.44;222.29;4.89;682;34;1583.00;26
3910;34;628761388;3910;343;4660;4742;7.44;0.46;222.44;4.81;750;34;1584.00;82
3912;34;628761409;3912;333;4663;4743;7.45;0.46;222.47;4.81;751;34;1585.00;80
3913;34;628761419;3913;306;4671;4743;7.57;0.47;222.47;4.81;758;34;1586.00;72
3913;34;628761430;3913;273;4677;4743;7.74;0.48;222.47;4.81;764;34;1587.00;66
3916;35;628761440;3916;248;4680;4743;7.82;0.48;222.41;4.80;764;35;1588.00;63
3918;35;628761471;3918;232;4683;4743;7.96;0.49;222.42;4.80;765;35;1589.00;60
3921;35;628761484;3921;220;4688;4743;8.13;0.50;222.47;4.81;767;35;1590.00;55
3922;35;628761501;3922;207;4691;4743;8.33;0.51;222.45;4.81;769;35;1591.00;52
3922;35;628761515;3922;189;4692;4744;8.54;0.53;222.45;4.81;770;35;1592.00;52
3926;35;628761527;3926;180;4695;4745;8.76;0.54;222.44;4.81;769;35;1593.00;50
3926;35;628761546;3926;173;4698;4745;8.95;0.55;222.44;4.81;772;35;1594.00;47
3929;35;628761559;3929;173;4703;4746;9.08;0.56;222.44;4.82;774;35;1595.00;43
3929;35;628761573;3929;174;4704;4746;9.19;0.56;222.44;4.82;775;35;1596.00;42
3930;35;628761587;3930;170;4708;4746;9.37;0.57;222.46;4.83;778;35;1597.00;38
3932;35;628761611;3932;165;4710;4746;9.56;0.58;222.43;4.83;778;35;1598.00;36
3932;35;628761625;3932;161;4716;4750;9.66;0.59;222.43;4.84;784;35;1599.00;34
3932;35;628761641;3932;157;4716;4750;9.76;0.60;222.43;4.84;784;35;1600.00;34
3934;35;628761660;3934;150;4717;4750;9.83;0.60;222.39;4.84;783;35;1601.00;33
3935;35;628761673;3935;147;4719;4753;9.94;0.61;222.38;4.84;784;35;1602.00;34
3937;35;628761686;3937;149;4720;4753;10.07;0.61;222.34;4.83;783;35;1603.00;33
3940;35;628761699;3940;147;4720;4753;10.13;0.62;222.31;4.83;780;35;1604.00;33
3941;36;628761711;3941;151;4724;4757;10.16;0.62;222.27;4.83;783;36;1605.00;33
3944;36;628761737;3944;150;4725;4758;10.21;0.62;222.31;4.83;781;36;1606.00;33
3944;36;628761756;3944;150;4725;4758;10.28;0.62;222.31;4.83;781;36;1607.00;33
3947;36;628761784;3947;149;4728;4762;10.31;0.63;222.44;4.83;781;36;1608.00;34
3948;36;628761813;3948;143;4728;4762;10.39;0.63;222.46;4.83;780;36;1609.00;34
3951;36;628761841;3951;146;4728;4762;10.48;0.64;222.38;4.83;777;36;1610.00;34
3952;36;628761859;3952;141;4729;4763;10.58;0.64;222.42;4.83;777;36;1611.00;34
3953;36;628761884;3953;144;4729;4763;10.72;0.65;222.47;4.83;776;36;1612.00;34
3955;36;628761898;3955;145;4733;4769;10.77;0.65;222.59;4.82;778;36;1613.00;36
3960;36;628761910;3960;149;4733;4769;10.91;0.66;222.53;4.82;773;36;1614.00;36
3962;36;628761922;3962;155;4734;4770;10.98;0.67;222.60;4.82;772;36;1615.00;36
3964;36;628761942;3964;157;4734;4770;11.06;0.67;222.62;4.82;770;36;1616.00;36
3965;36;628761955;3965;160;4734;4770;11.14;0.68;222.61;4.82;769;36;1617.00;36
3969;36;628761969;3969;159;4734;4770;11.20;0.68;222.77;4.82;765;36;1618.00;36
3971;36;628761981;3971;156;4734;4770;11.26;0.68;222.80;4.82;763;36;1619.00;36
3974;36;628761995;3974;159;4755;4806;11.24;0.68;222.87;4.80;781;36;1620.00;51
3976;36;628762011;3976;149;4756;4806;11.34;0.69;222.92;4.80;780;36;1621.00;50
3980;36;628762023;3980;146;4757;4806;11.36;0.69;222.94;4.80;777;36;1622.00;49
3982;36;628762034;3982;147;4759;4806;11.35;0.69;222.95;4.80;777;36;1623.00;47
3986;36;628762046;3986;151;4761;4806;11.35;0.69;222.98;4.80;775;36;1624.00;45
3989;36;628762057;3989;150;4762;4806;11.41;0.69;223.07;4.80;773;36;1625.00;44
3992;36;628762076;3992;150;4765;4810;11.43;0.69;223.14;4.80;773;36;1626.00;45
3995;36;628762088;3995;154;4767;4810;11.53;0.70;223.20;4.80;772;36;1627.00;43
4000;36;628762099;4000;149;4769;4814;11.53;0.70;223.28;4.80;769;36;1628.00;45
4002;36;628762111;4002;146;4772;4815;11.50;0.70;223.27;4.80;770;36;1629.00;43
4006;36;628762123;4006;149;4772;4815;11.44;0.69;223.28;4.80;766;36;1630.00;43
4008;36;628762141;4008;141;4773;4815;11.49;0.70;223.29;4.80;765;36;1631.00;42
4010;36;628762151;4010;144;4783;4828;11.35;0.69;223.32;4.79;773;36;1632.00;45
4013;36;628762164;4013;142;4783;4828;11.37;0.69;223.31;4.79;770;36;1633.00;45
4017;36;628762176;4017;142;4783;4828;11.35;0.69;223.41;4.79;766;36;1634.00;45
4022;36;628762188;4022;140;4785;4829;11.31;0.69;223.43;4.79;763;36;1635.00;44
4026;36;628762200;4026;134;4785;4830;11.39;0.69;223.45;4.79;759;36;1636.00;45
4029;36;628762212;4029;134;4785;4830;11.43;0.70;223.44;4.79;756;36;1637.00;45
4039;36;628762224;4039;132;4787;4833;11.47;0.70;223.38;4.79;748;36;1638.00;46
4041;36;628762237;4041;136;4788;4833;11.59;0.70;223.37;4.79;747;36;1639.00;45
4043;36;628762250;4043;133;4788;4833;11.61;0.70;223.34;4.79;745;36;1640.00;45
4044;36;628762263;4044;128;4788;4833;11.64;0.71;223.35;4.79;744;36;1641.00;45
4047;36;628762275;4047;125;4792;4839;11.62;0.71;223.30;4.79;745;36;1642.00;47
4049;36;628762289;4049;126;4793;4839;11.60;0.70;223.28;4.79;744;36;1643.00;46
4051;36;628762302;4051;122;4793;4839;11.52;0.70;223.33;4.79;742;36;1644.00;46
4053;36;628762314;4053;117;4793;4839;11.53;0.70;223.26;4.79;740;36;1645.00;46
4057;36;628762326;4057;118;4796;4843;11.46;0.70;223.29;4.79;739;36;1646.00;47
4059;36;628762340;4059;119;4798;4844;11.42;0.69;223.28;4.79;739;36;1647.00;46
4061;36;628762352;4061;118;4798;4844;11.35;0.69;223.22;4.79;737;36;1648.00;46
4064;36;628762365;4064;122;4800;4845;11.31;0.69;223.18;4.80;736;36;1649.00;45
4066;36;628762379;4066;124;4800;4845;11.28;0.69;223.30;4.80;734;36;1650.00;45
4069;36;628762390;4069;128;4800;4845;11.26;0.68;223.40;4.80;731;36;1651.00;45
4072;36;628762401;4072;134;4800;4845;11.30;0.69;223.40;4.80;728;36;1652.00;45
4076;36;628762413;4076;141;4800;4845;11.28;0.68;223.44;4.80;724;36;1653.00;45
4080;36;628762424;4080;148;4800;4845;11.31;0.69;223.44;4.80;720;36;1654.00;45
4083;36;628762435;4083;150;4800;4845;11.28;0.69;223.62;4.80;717;36;1655.00;45
4084;36;628762446;4084;161;4835;4915;11.18;0.68;223.69;4.77;751;36;1656.00;80
4087;36;628762463;4087;163;4836;4916;11.19;0.68;223.77;4.77;749;36;1657.00;80
4090;36;628762484;4090;164;4841;4916;11.22;0.68;223.84;4.77;751;36;1658.00;75
4094;36;628762497;4094;169;4847;4916;11.19;0.68;224.02;4.77;753;36;1659.00;69
4094;36;628762511;4094;171;4853;4916;11.15;0.68;224.02;4.79;759;36;1660.00;63
4098;36;628762524;4098;179;4855;4916;11.14;0.68;224.02;4.79;757;36;1661.00;61
4098;36;628762537;4098;179;4857;4916;11.16;0.68;224.02;4.80;759;36;1662.00;59
4101;36;628762549;4101;174;4863;4916;11.16;0.68;224.13;4.81;762;36;1663.00;53
4105;36;628762560;4105;177;4864;4917;11.12;0.68;224.12;4.81;759;36;1664.00;53
4107;36;628762572;4107;184;4870;4919;11.11;0.68;224.11;4.82;763;36;1665.00;49
4111;36;628762585;4111;190;4875;4919;11.03;0.67;224.20;4.83;764;36;1666.00;44
4115;36;628762598;4115;196;4877;4923;10.79;0.66;224.19;4.83;762;36;1667.00;46
4118;36;628762612;4118;194;4878;4923;10.69;0.65;224.12;4.84;760;36;1668.00;45
4123;36;628762624;4123;202;4880;4923;10.49;0.64;224.24;4.86;757;36;1669.00;43
4124;36;628762635;4124;207;4880;4923;10.42;0.64;224.26;4.86;756;36;1670.00;43
4125;36;628762648;4125;212;4886;4929;10.38;0.64;224.25;4.87;761;36;1671.00;43
4128;36;628762660;4128;221;4887;4929;10.32;0.63;224.15;4.87;759;36;1672.00;42
4134;36;628762672;4134;226;4889;4929;10.22;0.63;224.14;4.87;755;36;1673.00;40
4137;36;628762683;4137;223;4892;4932;10.17;0.62;224.10;4.88;755;36;1674.00;40
4139;36;628762695;4139;226;4893;4932;10.14;0.62;224.09;4.88;754;36;1675.00;39
4142;36;628762706;4142;229;4893;4932;10.03;0.62;224.01;4.88;751;36;1676.00;39
4144;36;628762718;4144;237;4894;4933;9.81;0.60;224.06;4.89;750;36;1677.00;39
4148;36;628762729;4148;244;4895;4934;9.64;0.59;224.04;4.89;747;36;1678.00;39
4150;36;628762741;4150;247;4895;4934;9.43;0.58;223.97;4.89;745;36;1679.00;39
4152;36;628762756;4152;250;4915;4960;9.22;0.57;223.95;4.88;763;36;1680.00;45
4154;36;628762770;4154;253;4917;4960;9.16;0.56;223.90;4.88;763;36;1681.00;43
4158;36;628762781;4158;248;4920;4960;9.06;0.56;223.82;4.88;762;36;1682.00;40
4159;36;628762791;4159;251;4921;4961;8.96;0.55;223.86;4.88;762;36;1683.00;40
4160;36;628762802;4160;255;4922;4961;8.82;0.54;223.88;4.89;762;36;1684.00;39
4163;36;628762813;4163;254;4925;4965;8.73;0.54;223.87;4.88;762;36;1685.00;40
4165;36;628762824;4165;254;4925;4965;8.65;0.53;223.84;4.88;760;36;1686.00;40
4165;36;628762835;4165;260;4931;4969;8.54;0.53;223.84;4.88;766;36;1687.00;38
4168;36;628762847;4168;266;4932;4969;8.46;0.52;223.82;4.89;764;36;1688.00;37
4170;36;628762857;4170;275;4933;4969;8.40;0.52;223.81;4.89;763;36;1689.00;36
4173;36;628762867;4173;280;4933;4969;8.39;0.52;223.78;4.89;760;36;1690.00;36
4175;36;628762878;4175;281;4933;4969;8.35;0.51;223.74;4.89;758;36;1691.00;36
4180;36;628762888;4180;284;4944;4981;8.35;0.51;223.72;4.88;764;36;1692.00;37
4186;36;628762900;4186;290;4945;4981;8.24;0.50;223.63;4.88;759;36;1693.00;36
4187;36;628762910;4187;291;4948;4981;8.19;0.50;223.64;4.88;761;36;1694.00;33
4191;36;628762919;4191;294;4948;4981;8.13;0.50;223.71;4.88;757;36;1695.00;33
4193;36;628762929;4193;292;4948;4981;8.04;0.49;223.73;4.88;755;36;1696.00;33
4197;36;628762939;4197;293;4948;4981;7.87;0.48;223.81;4.88;751;36;1697.00;33
4203;36;628762949;4203;298;4949;4982;7.57;0.46;223.92;4.88;746;36;1698.00;33
4205;36;628762959;4205;296;4949;4982;7.45;0.46;223.85;4.88;744;36;1699.00;33
4207;36;628762970;4207;294;4954;4988;7.40;0.45;223.94;4.88;747;36;1700.00;34
4210;36;628762986;4210;298;4955;4989;7.31;0.45;223.96;4.88;745;36;1701.00;34
4213;36;628762997;4213;288;4956;4989;7.20;0.44;223.95;4.88;743;36;1702.00;33
4215;36;628763007;4215;283;4956;4989;7.09;0.43;224.04;4.88;741;36;1703.00;33
4218;36;628763017;4218;278;4960;4993;7.01;0.43;224.15;4.87;742;36;1704.00;33
4222;36;628763027;4222;274;4960;4993;6.98;0.43;224.21;4.87;738;36;1705.00;33
4226;36;628763038;4226;269;4960;4993;7.00;0.43;224.18;4.87;734;36;1706.00;33
4229;36;628763048;4229;270;4961;4994;7.09;0.43;224.18;4.87;732;36;1707.00;33
4232;36;628763059;4232;258;4965;4998;7.15;0.44;224.25;4.87;733;36;1708.00;33
4233;36;628763069;4233;262;4965;4998;7.26;0.44;224.22;4.87;732;36;1709.00;33
4236;36;628763081;4236;265;4968;5004;7.39;0.45;224.31;4.87;732;36;1710.00;36
4238;36;628763092;4238;268;4969;5004;7.44;0.46;224.32;4.87;731;36;1711.00;35
4240;36;628763101;4240;267;4970;5004;7.50;0.46;224.37;4.87;730;36;1712.00;34
4244;36;628763110;4244;265;4970;5004;7.47;0.46;224.41;4.87;726;36;1713.00;34
4245;36;628763121;4245;263;4973;5008;7.58;0.46;224.42;4.86;728;36;1714.00;35
4250;36;628763132;4250;263;4973;5008;7.60;0.46;224.38;4.86;723;36;1715.00;35
4255;36;628763142;4255;264;4974;5008;7.60;0.46;224.52;4.86;719;36;1716.00;34
4259;36;628763152;4259;270;4974;5008;7.57;0.46;224.50;4.86;715;36;1717.00;34
4264;36;628763162;4264;269;4976;5009;7.53;0.46;224.53;4.86;712;36;1718.00;33
4271;36;628763172;4271;268;4977;5010;7.45;0.45;224.39;4.86;706;36;1719.00;33
4272;36;628763183;4272;275;4977;5010;7.38;0.45;224.43;4.86;705;36;1720.00;33
4277;36;628763194;4277;275;4978;5011;7.28;0.44;224.42;4.86;701;36;1721.00;33
4281;36;628763205;4281;273;4978;5011;7.18;0.44;224.41;4.86;697;36;1722.00;33
4283;36;628763215;4283;267;4978;5011;7.14;0.44;224.39;4.86;695;36;1723.00;33
4285;36;628763225;4285;269;4978;5011;7.12;0.44;224.45;4.86;693;36;1724.00;33
4288;36;628763236;4288;260;4978;5011;7.04;0.43;224.41;4.86;690;36;1725.00;33
4290;36;628763246;4290;257;4978;5011;7.05;0.43;224.42;4.86;688;36;1726.00;33
4292;36;628763257;4292;263;4978;5011;7.08;0.43;224.39;4.86;686;36;1727.00;33
4296;36;628763268;4296;277;5053;5138;7.52;0.47;224.39;4.79;757;36;1728.00;85
4300;36;628763290;4300;271;5056;5139;7.53;0.47;224.37;4.79;756;36;1729.00;83
4303;36;628763301;4303;272;5067;5139;7.73;0.48;224.36;4.78;764;36;1730.00;72
4307;36;628763312;4307;269;5070;5139;7.67;0.47;224.35;4.78;763;36;1731.00;69
4309;36;628763329;4309;274;5076;5139;7.74;0.48;224.34;4.78;767;36;1732.00;63
4311;36;628763340;4311;281;5081;5139;7.66;0.47;224.34;4.89;770;36;1733.00;58
4314;36;628763353;4314;279;5085;5139;7.70;0.48;224.34;4.89;771;36;1734.00;54
4317;36;628763365;4317;285;5088;5139;7.73;0.48;224.30;4.90;771;36;1735.00;51
4320;36;628763384;4320;285;5091;5140;7.79;0.48;224.22;4.90;771;36;1736.00;49
4323;36;628763397;4323;289;5094;5141;7.74;0.48;224.19;4.90;771;36;1737.00;47
4323;36;628763411;4323;295;5098;5141;7.75;0.48;224.19;4.90;775;36;1738.00;43
4326;36;628763429;4326;291;5100;5142;7.76;0.48;224.29;4.90;774;36;1739.00;42
4329;36;628763443;4329;292;5102;5142;7.82;0.48;224.32;4.91;773;36;1740.00;40
4332;36;628763454;4332;286;5102;5142;7.82;0.48;224.35;4.91;770;36;1741.00;40
4333;36;628763466;4333;290;5104;5142;7.86;0.48;224.34;4.91;771;36;1742.00;38
4335;36;628763478;4335;291;5107;5146;7.88;0.48;224.40;4.91;772;36;1743.00;39
4339;36;628763491;4339;287;5109;5146;7.90;0.48;224.39;4.91;770;36;1744.00;37
4342;36;628763503;4342;285;5110;5146;7.88;0.48;224.41;4.91;768;36;1745.00;36
4347;36;628763525;4347;282;5113;5149;7.89;0.48;224.34;4.91;766;36;1746.00;36
4349;36;628763538;4349;272;5113;5149;7.94;0.48;224.45;4.91;764;36;1747.00;36
4353;36;628763550;4353;265;5114;5149;8.06;0.49;224.47;4.91;761;36;1748.00;35
4355;36;628763564;4355;262;5118;5153;8.21;0.50;224.49;4.91;763;36;1749.00;35
4357;36;628763576;4357;257;5120;5154;8.40;0.51;224.52;4.91;763;36;1750.00;34
4359;36;628763589;4359;257;5120;5154;8.50;0.52;224.64;4.91;761;36;1751.00;34
4363;36;628763602;4363;247;5124;5158;8.56;0.52;224.57;4.90;761;36;1752.00;34
4365;36;628763615;4365;242;5124;5158;8.67;0.53;224.62;4.90;759;36;1753.00;34
4369;36;628763628;4369;238;5124;5158;8.77;0.53;224.59;4.90;755;36;1754.00;34
4369;36;628763649;4369;237;5126;5160;8.95;0.54;224.59;4.90;757;36;1755.00;34
4371;36;628763662;4371;223;5126;5160;9.09;0.55;224.67;4.90;755;36;1756.00;34
4372;36;628763675;4372;205;5130;5166;9.21;0.56;224.65;4.90;758;36;1757.00;36
4374;36;628763688;4374;193;5130;5166;9.27;0.56;224.73;4.90;756;36;1758.00;36
4377;36;628763708;4377;180;5131;5167;9.38;0.57;224.66;4.90;754;36;1759.00;36
4379;36;628763722;4379;171;5131;5167;9.60;0.58;224.70;4.90;752;36;1760.00;36
4381;36;628763734;4381;161;5131;5167;9.79;0.60;224.68;4.90;750;36;1761.00;36
4384;36;628763750;4384;152;5131;5167;9.94;0.60;224.71;4.90;747;36;1762.00;36
4386;36;628763770;4386;141;5131;5167;10.07;0.61;224.77;4.90;745;36;1763.00;36
4389;36;628763788;4389;132;5141;5179;10.26;0.62;224.90;4.89;752;36;1764.00;38
4391;36;628763810;4391;134;5141;5179;10.34;0.63;224.97;4.89;750;36;1765.00;38
4393;36;628763828;4393;135;5142;5179;10.47;0.63;225.00;4.89;749;36;1766.00;37
4395;36;628763846;4395;135;5142;5179;10.57;0.64;225.08;4.89;747;36;1767.00;37
4398;36;628763863;4398;135;5142;5179;10.68;0.65;225.20;4.89;744;36;1768.00;37
4400;36;628763878;4400;136;5142;5179;10.73;0.65;225.25;4.89;742;36;1769.00;37
4405;36;628763895;4405;136;5145;5183;10.74;0.65;225.34;4.89;740;36;1770.00;38
4406;36;628763908;4406;140;5145;5183;10.80;0.66;225.31;4.89;739;36;1771.00;38
4409;36;628763921;4409;140;5148;5187;10.84;0.66;225.45;4.88;739;36;1772.00;39
4409;36;628763934;4409;142;5149;5188;10.97;0.67;225.45;4.88;740;36;1773.00;39
4413;36;628763947;4413;140;5150;5188;11.08;0.67;225.67;4.88;737;36;1774.00;38
4414;36;628763959;4414;140;5150;5188;11.16;0.68;225.69;4.88;736;36;1775.00;38
4418;36;628763973;4418;135;5160;5201;11.22;0.68;225.78;4.87;742;36;1776.00;41
4421;36;628763987;4421;137;5160;5201;11.32;0.69;225.85;4.87;739;36;1777.00;41
4425;36;628764006;4425;136;5161;5201;11.38;0.69;225.86;4.87;736;36;1778.00;40
4427;36;628764018;4427;131;5162;5202;11.45;0.70;225.88;4.87;735;36;1779.00;40
4430;36;628764032;4430;127;5162;5203;11.55;0.70;225.96;4.87;732;36;1780.00;41
4431;36;628764044;4431;120;5162;5203;11.63;0.71;225.95;4.87;731;36;1781.00;41
4434;36;628764056;4434;116;5164;5206;11.65;0.71;225.96;4.87;730;36;1782.00;42
4437;36;628764075;4437;120;5164;5206;11.67;0.71;225.97;4.87;727;36;1783.00;42
4441;36;628764087;4441;118;5165;5206;11.70;0.71;225.93;4.87;724;36;1784.00;41
4443;37;628764100;4443;118;5165;5206;11.69;0.71;225.98;4.87;722;37;1785.00;41
4445;38;628764119;4445;114;5169;5212;11.72;0.71;226.01;4.87;724;38;1786.00;43
4449;38;628764147;4449;120;5169;5212;11.72;0.71;226.03;4.87;720;38;1787.00;43
4452;38;628764163;4452;116;5170;5212;11.74;0.71;226.08;4.87;718;38;1788.00;42
4455;38;628764175;4455;118;5170;5212;11.75;0.71;226.13;4.87;715;38;1789.00;42
4459;38;628764188;4459;115;5173;5216;11.75;0.71;226.10;4.86;714;38;1790.00;43
4462;38;628764200;4462;120;5174;5217;11.79;0.72;226.17;4.86;712;38;1791.00;43
4464;38;628764212;4464;126;5174;5217;11.85;0.72;226.24;4.86;710;38;1792.00;43
4467;38;628764224;4467;128;5175;5218;11.89;0.72;226.29;4.86;708;38;1793.00;43
4471;38;628764235;4471;126;5175;5218;11.97;0.73;226.34;4.86;704;38;1794.00;43
4474;38;628764247;4474;128;5175;5218;11.94;0.72;226.48;4.86;701;38;1795.00;43
4477;38;628764260;4477;130;5175;5218;11.93;0.73;226.58;4.86;698;38;1796.00;43
4482;38;628764271;4482;131;5175;5218;11.90;0.72;226.67;4.86;693;38;1797.00;43
4485;38;628764283;4485;132;5175;5218;11.87;0.72;226.69;4.86;690;38;1798.00;43
4489;38;628764294;4489;131;5176;5218;11.91;0.73;226.73;4.98;687;38;1799.00;42
4493;38;628764308;4493;151;5237;5356;11.52;0.71;226.69;4.92;744;38;1800.00;119
4494;38;628764337;4494;138;5237;5357;11.62;0.72;226.75;4.92;743;38;1801.00;120
4497;38;628764349;4497;125;5247;5357;11.62;0.72;226.75;4.91;750;38;1802.00;110
4502;38;628764361;4502;119;5248;5357;11.67;0.72;226.69;4.91;746;38;1803.00;109
4506;38;628764390;4506;113;5255;5357;11.70;0.72;226.88;4.91;749;38;1804.00;102
4510;38;628764420;4510;113;5259;5357;11.60;0.71;226.94;4.93;749;38;1805.00;98
4513;38;628764457;4513;111;5264;5357;11.61;0.71;226.91;4.93;751;38;1806.00;93
4518;38;628764473;4518;113;5268;5357;11.73;0.72;226.97;4.93;750;38;1807.00;89
4523;38;628764489;4523;110;5273;5358;11.79;0.72;227.09;4.93;750;38;1808.00;85
4527;38;628764509;4527;109;5278;5359;11.85;0.73;227.09;4.94;751;38;1809.00;81
4530;38;628764523;4530;106;5280;5359;11.87;0.73;227.10;4.94;750;38;1810.00;79
4535;38;628764538;4535;100;5283;5363;11.92;0.73;227.13;4.93;748;38;1811.00;80
4539;38;628764554;4539;100;5284;5363;11.94;0.73;227.12;4.94;745;38;1812.00;79
4544;38;628764569;4544;99;5286;5363;11.93;0.73;227.17;4.94;742;38;1813.00;77
4545;38;628764585;4545;96;5287;5363;11.95;0.73;227.13;5.05;742;38;1814.00;76
4550;38;628764601;4550;100;5290;5369;11.98;0.73;227.23;5.05;740;38;1815.00;79
4552;38;628764619;4552;101;5290;5369;11.99;0.73;227.25;5.05;738;38;1816.00;79
4554;38;628764636;4554;107;5290;5369;11.99;0.73;227.25;5.05;736;38;1817.00;79
4559;38;628764653;4559;113;5295;5372;11.99;0.73;227.37;5.06;736;38;1818.00;77
4561;38;628764668;4561;116;5296;5372;11.91;0.73;227.32;5.06;735;38;1819.00;76
4563;39;628764684;4563;119;5297;5372;11.91;0.73;227.35;5.06;734;39;1820.00;75
4565;39;628764709;4565;122;5297;5373;11.90;0.73;227.35;5.06;732;39;1821.00;76
4568;39;628764724;4568;129;5299;5374;11.84;0.72;227.39;5.07;731;39;1822.00;75
4574;39;628764740;4574;132;5299;5374;11.74;0.72;227.50;5.07;725;39;1823.00;75
4577;39;628764757;4577;139;5308;5387;11.61;0.71;227.47;5.07;731;39;1824.00;79
4581;39;628764771;4581;141;5310;5387;11.58;0.70;227.49;5.07;729;39;1825.00;77
4584;39;628764787;4584;150;5310;5387;11.56;0.70;227.52;5.07;726;39;1826.00;77
4587;39;628764808;4587;157;5314;5388;11.57;0.70;227.54;5.08;727;39;1827.00;74
4590;39;628764831;4590;162;5315;5388;11.55;0.70;227.47;5.08;725;39;1828.00;73
4593;39;628764847;4593;169;5319;5392;11.49;0.70;227.46;5.08;726;39;1829.00;73
4595;39;628764864;4595;177;5322;5392;11.40;0.69;227.56;5.10;727;39;1830.00;70
4598;39;628764877;4598;186;5325;5396;11.21;0.68;227.73;5.10;727;39;1831.00;71
4601;39;628764901;4601;193;5326;5396;11.13;0.68;227.69;5.10;725;39;1832.00;70
4603;39;628764914;4603;196;5329;5396;11.05;0.68;227.71;5.12;726;39;1833.00;67
4607;39;628764927;4607;194;5329;5396;10.94;0.67;227.68;5.12;722;39;1834.00;67
4610;39;628764940;4610;198;5329;5396;10.82;0.66;227.65;5.12;719;39;1835.00;67
4615;39;628764954;4615;195;5342;5408;10.73;0.66;227.71;5.13;727;39;1836.00;66
4617;39;628764970;4617;195;5343;5408;10.61;0.65;227.66;5.14;726;39;1837.00;65
4618;39;628764990;4618;199;5347;5408;10.47;0.64;227.65;5.16;729;39;1838.00;61
4622;39;628765003;4622;202;5348;5408;10.29;0.63;227.60;5.16;726;39;1839.00;60
4626;39;628765023;4626;206;5349;5408;10.12;0.62;227.54;5.17;723;39;1840.00;59
4626;39;628765037;4626;210;5350;5408;9.99;0.61;227.54;5.17;724;39;1841.00;58
4630;39;628765050;4630;216;5351;5409;9.86;0.60;227.57;5.18;721;39;1842.00;58
4633;39;628765067;4633;215;5352;5409;9.74;0.60;227.55;5.19;719;39;1843.00;57
4634;39;628765081;4634;223;5357;5415;9.68;0.59;227.56;5.19;723;39;1844.00;58
4635;39;628765094;4635;229;5361;5417;9.54;0.58;227.54;5.19;726;39;1845.00;56
4637;39;628765107;4637;243;5362;5417;9.35;0.57;227.52;5.20;725;39;1846.00;55
4643;39;628765118;4643;252;5363;5417;9.14;0.56;227.67;5.21;720;39;1847.00;54
4644;39;628765131;4644;262;5366;5421;8.96;0.55;227.69;5.20;722;39;1848.00;55
4646;39;628765154;4646;265;5367;5421;8.80;0.54;227.66;5.21;721;39;1849.00;54
4649;39;628765167;4649;267;5368;5421;8.62;0.53;227.66;5.22;719;39;1850.00;53
4650;39;628765178;4650;268;5370;5422;8.50;0.52;227.69;5.22;720;39;1851.00;52
4652;39;628765190;4652;273;5375;5426;8.49;0.52;227.67;5.23;723;39;1852.00;51
4654;39;628765201;4654;274;5376;5426;8.42;0.52;227.65;5.23;722;39;1853.00;50
4657;39;628765219;4657;281;5379;5429;8.39;0.51;227.80;5.23;722;39;1854.00;50
4658;39;628765238;4658;285;5379;5429;8.34;0.51;227.78;5.23;721;39;1855.00;50
4659;39;628765250;4659;281;5381;5429;8.32;0.51;227.87;5.23;722;39;1856.00;48
4662;39;628765261;4662;274;5381;5429;8.24;0.51;227.92;5.23;719;39;1857.00;48
4663;39;628765273;4663;270;5385;5433;8.31;0.51;228.01;5.23;722;39;1858.00;48
4667;39;628765286;4667;267;5386;5433;8.20;0.50;228.03;5.23;719;39;1859.00;47
4672;39;628765299;4672;266;5387;5433;8.04;0.49;228.02;5.23;715;39;1860.00;46
4675;39;628765311;4675;268;5387;5433;7.89;0.48;227.93;5.23;712;39;1861.00;46
4678;39;628765321;4678;271;5388;5434;7.72;0.47;227.96;5.23;710;39;1862.00;46
4682;39;628765333;4682;274;5389;5435;7.49;0.46;228.06;5.22;707;39;1863.00;46
4687;39;628765343;4687;275;5389;5435;7.26;0.44;228.03;5.22;702;39;1864.00;46
4691;39;628765353;4691;280;5390;5436;7.10;0.44;228.01;5.22;699;39;1865.00;46
4695;39;628765365;4695;287;5390;5436;6.87;0.42;227.92;5.22;695;39;1866.00;46
4698;39;628765375;4698;287;5390;5436;6.72;0.42;227.97;5.22;692;39;1867.00;46
4701;39;628765386;4701;293;5390;5436;6.55;0.41;227.96;5.22;689;39;1868.00;46
4703;39;628765395;4703;300;5390;5436;6.40;0.40;228.13;5.22;687;39;1869.00;46
4706;39;628765405;4706;299;5390;5436;6.28;0.39;228.08;5.22;684;39;1870.00;46
4708;39;628765414;4708;304;5390;5436;6.18;0.39;228.02;5.22;682;39;1871.00;46
4710;39;628765427;4710;322;5460;5563;6.50;0.41;228.03;5.16;750;39;1872.00;103
4712;39;628765449;4712;315;5465;5564;6.46;0.41;228.13;5.15;753;39;1873.00;99
4715;39;628765465;4715;305;5473;5564;6.62;0.42;228.10;5.15;758;39;1874.00;91
4719;39;628765477;4719;309;5477;5564;6.71;0.42;228.14;5.15;758;39;1875.00;87
4723;39;628765488;4723;309;5482;5564;6.81;0.43;228.22;5.15;759;39;1876.00;82
4725;39;628765499;4725;301;5488;5564;6.89;0.43;228.22;5.15;763;39;1877.00;76
4727;39;628765510;4727;305;5494;5564;6.97;0.44;228.22;5.15;767;39;1878.00;70
4729;39;628765533;4729;307;5497;5564;7.00;0.44;228.25;5.15;768;39;1879.00;67
4732;39;628765553;4732;308;5500;5565;6.97;0.43;228.29;5.15;768;39;1880.00;65
4735;39;628765567;4735;311;5504;5566;7.01;0.43;228.25;5.15;769;39;1881.00;62
4738;39;628765581;4738;316;5508;5568;7.05;0.44;228.26;5.16;770;39;1882.00;60
4741;39;628765593;4741;321;5510;5569;7.03;0.44;228.28;5.16;769;39;1883.00;59
4742;39;628765605;4742;319;5513;5569;7.08;0.44;228.26;5.16;771;39;1884.00;56
4747;39;628765619;4747;319;5514;5569;7.10;0.44;228.22;5.16;767;39;1885.00;55
4751;39;628765631;4751;319;5516;5569;7.11;0.44;228.22;5.16;765;39;1886.00;53
4752;39;628765643;4752;323;5519;5573;7.14;0.44;228.21;5.16;767;39;1887.00;54
4755;39;628765661;4755;325;5521;5573;7.07;0.44;228.28;5.17;766;39;1888.00;52
4757;39;628765674;4757;324;5523;5573;6.99;0.43;228.30;5.29;766;39;1889.00;50
4759;39;628765690;4759;323;5527;5579;6.97;0.43;228.31;5.28;768;39;1890.00;52
4763;39;628765706;4763;310;5528;5579;6.92;0.43;228.30;5.28;765;39;1891.00;51
4765;39;628765722;4765;296;5529;5579;6.94;0.43;228.43;5.28;764;39;1892.00;50
4768;39;628765737;4768;286;5534;5583;7.02;0.43;228.42;5.28;766;39;1893.00;49
4771;39;628765758;4771;277;5537;5584;7.11;0.44;228.39;5.28;766;39;1894.00;47
4776;39;628765773;4776;272;5537;5584;7.08;0.43;228.33;5.28;761;39;1895.00;47
4778;39;628765789;4778;272;5541;5588;7.16;0.44;228.27;5.28;763;39;1896.00;47
4782;39;628765818;4782;277;5541;5588;7.20;0.44;228.28;5.28;759;39;1897.00;47
4785;39;628765842;4785;276;5541;5588;7.30;0.45;228.36;5.28;756;39;1898.00;47
4789;39;628765858;4789;276;5542;5589;7.42;0.45;228.37;5.27;753;39;1899.00;47
4792;39;628765882;4792;268;5542;5589;7.50;0.46;228.34;5.27;750;39;1900.00;47
4794;40;628765900;4794;267;5546;5595;7.61;0.46;228.35;5.27;752;40;1901.00;49
4797;40;628765939;4797;267;5546;5595;7.70;0.47;228.37;5.27;749;40;1902.00;49
4802;41;628765952;4802;260;5548;5596;7.76;0.47;228.34;5.27;746;41;1903.00;48
4805;41;628765994;4805;262;5548;5596;7.90;0.48;228.29;5.27;743;41;1904.00;48
4808;41;628766007;4808;266;5548;5596;7.97;0.48;228.31;5.27;740;41;1905.00;48
4810;41;628766029;4810;269;5548;5596;8.09;0.49;228.39;5.27;738;41;1906.00;48
4811;41;628766043;4811;271;5548;5596;8.23;0.50;228.35;5.27;737;41;1907.00;48
4816;41;628766057;4816;270;5558;5608;8.37;0.51;228.42;5.26;742;41;1908.00;50
4819;41;628766091;4819;269;5559;5608;8.37;0.51;228.51;5.26;740;41;1909.00;49
4821;41;628766110;4821;271;5559;5608;8.45;0.51;228.50;5.26;738;41;1910.00;49
4825;41;628766123;4825;269;5559;5608;8.48;0.52;228.49;5.26;734;41;1911.00;49
4826;41;628766137;4826;269;5559;5608;8.56;0.52;228.51;5.26;733;41;1912.00;49
4830;41;628766151;4830;265;5559;5608;8.59;0.52;228.56;5.26;729;41;1913.00;49
4833;41;628766167;4833;261;5562;5612;8.61;0.52;228.58;5.26;729;41;1914.00;50
4835;41;628766182;4835;264;5562;5612;8.69;0.53;228.60;5.26;727;41;1915.00;50
4838;41;628766195;4838;270;5565;5616;8.69;0.53;228.61;5.26;727;41;1916.00;51
4840;41;628766208;4840;259;5566;5617;8.76;0.53;228.64;5.25;726;41;1917.00;51
4844;41;628766222;4844;248;5567;5617;8.70;0.53;228.65;5.25;723;41;1918.00;50
4848;41;628766234;4848;247;5567;5617;8.67;0.53;228.84;5.25;719;41;1919.00;50
4850;41;628766250;4850;248;5589;5646;8.80;0.54;228.91;5.23;739;41;1920.00;57
4850;41;628766267;4850;242;5590;5646;8.87;0.54;228.91;5.23;740;41;1921.00;56
4853;41;628766285;4853;237;5591;5646;8.96;0.55;228.96;5.23;738;41;1922.00;55
4858;41;628766304;4858;235;5593;5647;9.02;0.55;229.03;5.23;735;41;1923.00;54
4861;41;628766319;4861;232;5593;5648;9.09;0.55;228.99;5.23;732;41;1924.00;55
4865;41;628766334;4865;230;5593;5648;9.18;0.56;229.23;5.23;728;41;1925.00;55
4866;41;628766359;4866;216;5596;5651;9.33;0.57;229.23;5.23;730;41;1926.00;55
4868;41;628766380;4868;203;5596;5651;9.42;0.57;229.28;5.23;728;41;1927.00;55
4874;41;628766402;4874;193;5596;5651;9.44;0.57;229.53;5.23;722;41;1928.00;55
4877;41;628766415;4877;181;5596;5651;9.55;0.58;229.51;5.23;719;41;1929.00;55
4880;42;628766430;4880;170;5600;5657;9.67;0.59;229.53;5.23;720;42;1930.00;57
4884;42;628766465;4884;159;5600;5657;9.84;0.60;229.63;5.23;716;42;1931.00;57
4885;42;628766487;4885;153;5601;5657;9.98;0.60;229.68;5.22;716;42;1932.00;56
4887;42;628766511;4887;148;5601;5657;10.12;0.61;229.69;5.22;714;42;1933.00;56
4888;42;628766527;4888;149;5604;5661;10.22;0.62;229.72;5.22;716;42;1934.00;57
4891;42;628766541;4891;149;5606;5663;10.31;0.63;229.77;5.22;715;42;1935.00;57
4895;42;628766558;4895;138;5606;5663;10.40;0.63;229.70;5.22;711;42;1936.00;57
4896;42;628766572;4896;135;5608;5664;10.48;0.64;229.69;5.34;712;42;1937.00;56
4899;42;628766586;4899;136;5608;5664;10.59;0.64;229.76;5.34;709;42;1938.00;56
4903;42;628766602;4903;130;5608;5664;10.61;0.64;229.79;5.34;705;42;1939.00;56
4905;42;628766618;4905;132;5608;5664;10.63;0.64;229.82;5.34;703;42;1940.00;56
4908;42;628766633;4908;130;5608;5664;10.74;0.65;229.82;5.34;700;42;1941.00;56
4910;42;628766648;4910;124;5608;5664;10.83;0.66;229.85;5.34;698;42;1942.00;56
4912;42;628766664;4912;120;5608;5664;10.92;0.66;229.87;5.34;696;42;1943.00;56
4913;42;628766679;4913;136;5652;5734;10.72;0.65;229.88;5.30;739;42;1944.00;82
4915;42;628766701;4915;130;5652;5735;10.83;0.66;229.90;5.30;737;42;1945.00;83
4917;42;628766716;4917;125;5657;5735;10.99;0.67;229.94;5.30;740;42;1946.00;78
4921;42;628766731;4921;124;5660;5735;11.21;0.68;229.98;5.29;739;42;1947.00;75
4924;42;628766746;4924;122;5663;5735;11.35;0.69;230.08;5.29;739;42;1948.00;72
4926;42;628766761;4926;125;5665;5735;11.52;0.70;230.07;5.29;739;42;1949.00;70
4929;42;628766779;4929;129;5668;5737;11.59;0.71;230.16;5.29;739;42;1950.00;69
4930;42;628766793;4930;130;5670;5737;11.72;0.71;230.15;5.29;740;42;1951.00;67
4932;42;628766810;4932;134;5671;5738;11.80;0.72;230.21;5.29;739;42;1952.00;67
4935;42;628766836;4935;133;5675;5739;11.91;0.73;230.25;5.29;740;42;1953.00;64
4937;42;628766850;4937;135;5677;5739;12.01;0.73;230.29;5.30;740;42;1954.00;62
4940;42;628766865;4940;137;5681;5743;11.92;0.73;230.28;5.29;741;42;1955.00;62
4942;42;628766880;4942;140;5681;5743;11.89;0.72;230.33;5.29;739;42;1956.00;62
4943;42;628766894;4943;143;5681;5743;11.86;0.72;230.36;5.29;738;42;1957.00;62
4947;42;628766908;4947;144;5681;5743;11.82;0.72;230.33;5.29;734;42;1958.00;62
4951;42;628766922;4951;144;5686;5749;11.79;0.72;230.48;5.29;735;42;1959.00;63
4953;42;628766938;4953;147;5686;5749;11.78;0.72;230.51;5.29;733;42;1960.00;63
4956;42;628766951;4956;149;5686;5749;11.81;0.72;230.53;5.29;730;42;1961.00;63
4961;42;628766964;4961;149;5689;5752;11.79;0.72;230.61;5.29;728;42;1962.00;63
4963;42;628766979;4963;157;5689;5752;11.75;0.72;230.59;5.29;726;42;1963.00;63
4965;42;628766992;4965;160;5689;5752;11.73;0.72;230.65;5.29;724;42;1964.00;63
4968;42;628767004;4968;160;5689;5753;11.73;0.71;230.75;5.29;721;42;1965.00;64
4972;42;628767018;4972;162;5690;5754;11.81;0.72;230.73;5.29;718;42;1966.00;64
4981;42;628767036;4981;158;5690;5754;11.82;0.72;230.79;5.29;709;42;1967.00;64
4984;42;628767049;4984;160;5699;5767;11.79;0.72;230.83;5.28;715;42;1968.00;68
4988;42;628767065;4988;157;5699;5767;11.85;0.72;230.88;5.28;711;42;1969.00;68
4991;42;628767077;4991;155;5699;5767;11.95;0.73;230.90;5.28;708;42;1970.00;68
4997;42;628767090;4997;151;5700;5768;11.95;0.73;230.84;5.28;703;42;1971.00;68
5001;42;628767105;5001;146;5700;5768;12.02;0.73;230.89;5.28;699;42;1972.00;68
5004;42;628767118;5004;144;5703;5772;12.09;0.73;230.89;5.27;699;42;1973.00;69
5009;42;628767134;5009;140;5704;5772;12.09;0.73;230.84;5.29;695;42;1974.00;68
5012;42;628767151;5012;140;5708;5776;12.15;0.74;230.86;5.28;696;42;1975.00;68
5017;42;628767172;5017;130;5709;5776;12.12;0.73;230.89;5.29;692;42;1976.00;67
5019;42;628767186;5019;121;5709;5776;12.15;0.74;230.92;5.29;690;42;1977.00;67
5023;42;628767204;5023;120;5709;5776;12.13;0.74;230.86;5.29;686;42;1978.00;67
5024;42;628767219;5024;119;5709;5776;12.15;0.74;230.85;5.29;685;42;1979.00;67
5025;42;628767234;5025;117;5729;5810;12.04;0.74;230.86;5.28;704;42;1980.00;81
5028;42;628767251;5028;114;5729;5810;11.99;0.73;230.93;5.28;701;42;1981.00;81
5033;42;628767267;5033;112;5730;5810;12.00;0.73;230.94;5.28;697;42;1982.00;80
5036;42;628767281;5036;121;5731;5810;11.96;0.73;230.94;5.28;695;42;1983.00;79
5036;42;628767293;5036;119;5731;5810;11.90;0.72;230.94;5.28;695;42;1984.00;79
5037;42;628767307;5037;120;5732;5810;11.86;0.72;230.98;5.28;695;42;1985.00;78
5039;42;628767323;5039;122;5732;5811;11.88;0.72;231.01;5.28;693;42;1986.00;79
5040;42;628767339;5040;120;5734;5811;11.84;0.72;231.04;5.28;694;42;1987.00;77
5042;42;628767354;5042;122;5736;5817;11.85;0.72;231.04;5.28;694;42;1988.00;81
5046;42;628767368;5046;125;5738;5818;11.90;0.73;231.03;5.28;692;42;1989.00;80
5051;42;628767381;5051;122;5740;5818;11.89;0.72;230.97;5.28;689;42;1990.00;78
5054;42;628767395;5054;129;5741;5818;11.84;0.72;230.94;5.29;687;42;1991.00;77
5059;42;628767410;5059;133;5744;5822;11.79;0.72;230.99;5.29;685;42;1992.00;78
5061;42;628767426;5061;138;5745;5822;11.69;0.71;230.99;5.29;684;42;1993.00;77
5067;42;628767439;5067;146;5745;5822;11.60;0.70;230.98;5.29;678;42;1994.00;77
5071;42;628767451;5071;152;5747;5823;11.49;0.70;230.96;5.29;676;42;1995.00;76
5074;42;628767465;5074;153;5750;5827;11.35;0.69;231.02;5.29;676;42;1996.00;77
5078;42;628767492;5078;160;5752;5827;11.18;0.68;231.11;5.30;674;42;1997.00;75
5079;42;628767510;5079;162;5754;5830;11.08;0.67;231.11;5.30;675;42;1998.00;76
5082;42;628767528;5082;166;5756;5830;11.04;0.67;231.10;5.30;674;42;1999.00;74
5083;42;628767544;5083;174;5757;5830;10.91;0.66;231.10;5.31;674;42;2000.00;73
5087;42;628767565;5087;178;5759;5830;10.82;0.65;231.09;5.33;672;42;2001.00;71
5087;42;628767585;5087;189;5762;5834;10.88;0.66;231.09;5.33;675;42;2002.00;72
5090;42;628767600;5090;185;5765;5834;10.81;0.66;231.19;5.35;675;42;2003.00;69
5094;42;628767614;5094;193;5766;5834;10.80;0.65;231.16;5.35;672;42;2004.00;68
5095;42;628767629;5095;198;5767;5834;10.75;0.65;231.25;5.36;672;42;2005.00;67
5097;42;628767642;5097;201;5768;5835;10.58;0.64;231.20;5.37;671;42;2006.00;67
5097;42;628767656;5097;208;5770;5836;10.44;0.63;231.20;5.37;673;42;2007.00;66
5100;42;628767669;5100;215;5772;5836;10.24;0.62;231.18;5.39;672;42;2008.00;64
5100;42;628767681;5100;218;5773;5837;10.15;0.62;231.18;5.39;673;42;2009.00;64
5103;42;628767696;5103;224;5774;5837;10.04;0.61;231.19;5.39;671;42;2010.00;63
5103;42;628767710;5103;231;5775;5837;9.93;0.61;231.19;5.40;672;42;2011.00;62
5107;42;628767722;5107;231;5776;5837;9.80;0.60;231.20;5.41;669;42;2012.00;61
5110;42;628767735;5110;239;5777;5837;9.65;0.59;231.18;5.42;667;42;2013.00;60
5114;42;628767748;5114;249;5777;5837;9.50;0.58;231.13;5.42;663;42;2014.00;60
5115;42;628767766;5115;257;5777;5837;9.38;0.58;231.17;5.42;662;42;2015.00;60
5118;42;628767778;5118;280;5845;5964;9.31;0.58;231.15;5.36;727;42;2016.00;119
5121;42;628767809;5121;281;5847;5965;9.09;0.56;231.06;5.36;726;42;2017.00;118
5124;42;628767823;5124;278;5855;5965;9.00;0.56;231.24;5.37;731;42;2018.00;110
5124;42;628767837;5124;277;5861;5965;8.90;0.55;231.24;5.36;737;42;2019.00;104
5126;42;628767851;5126;272;5871;5965;8.84;0.55;231.17;5.38;745;42;2020.00;94
5131;42;628767865;5131;280;5874;5965;8.67;0.54;231.10;5.38;743;42;2021.00;91
5134;42;628767880;5134;276;5881;5965;8.57;0.53;231.05;5.39;747;42;2022.00;84
5136;42;628767892;5136;277;5885;5965;8.52;0.53;231.01;5.39;749;42;2023.00;80
5138;42;628767903;5138;280;5889;5966;8.51;0.53;230.94;5.39;751;42;2024.00;77
5141;42;628767916;5141;282;5894;5968;8.42;0.52;230.86;5.40;753;42;2025.00;74
5144;42;628767938;5144;284;5898;5968;8.35;0.51;230.80;5.41;754;42;2026.00;70
5147;42;628767952;5147;290;5903;5969;8.19;0.50;230.73;5.41;756;42;2027.00;66
5147;42;628767965;5147;294;5905;5969;8.09;0.50;230.73;5.41;758;42;2028.00;64
5150;42;628767978;5150;297;5906;5969;7.93;0.49;230.68;5.41;756;42;2029.00;63
5150;42;628767991;5150;306;5909;5969;7.75;0.48;230.68;5.42;759;42;2030.00;60
5151;42;628768004;5151;320;5911;5973;7.57;0.47;230.67;5.42;760;42;2031.00;62
5153;42;628768015;5153;326;5916;5973;7.39;0.45;230.65;5.42;763;42;2032.00;57
5156;42;628768027;5156;342;5917;5973;7.19;0.44;230.66;5.43;761;42;2033.00;56
5163;42;628768039;5163;344;5920;5976;7.01;0.43;230.72;5.42;757;42;2034.00;56
5164;42;628768051;5164;351;5920;5976;6.89;0.42;230.74;5.42;756;42;2035.00;56
5166;42;628768064;5166;360;5921;5976;6.74;0.41;230.74;5.42;755;42;2036.00;55
5169;42;628768076;5169;365;5925;5980;6.59;0.41;230.82;5.42;756;42;2037.00;55
5172;42;628768089;5172;372;5927;5981;6.44;0.40;230.85;5.42;755;42;2038.00;54
5172;42;628768101;5172;381;5928;5981;6.33;0.39;230.85;5.42;756;42;2039.00;53
5175;42;628768115;5175;374;5933;5986;6.25;0.39;231.03;5.42;758;42;2040.00;53
5177;42;628768127;5177;374;5933;5986;6.17;0.38;231.05;5.42;756;42;2041.00;53
5181;42;628768139;5181;370;5933;5986;6.08;0.38;231.02;5.42;752;42;2042.00;53
5184;42;628768150;5184;356;5934;5987;6.04;0.37;231.07;5.42;750;42;2043.00;53
5186;42;628768162;5186;343;5934;5987;6.04;0.37;231.03;5.42;748;42;2044.00;53
5188;42;628768174;5188;333;5939;5993;6.12;0.38;231.06;5.41;751;42;2045.00;54
5192;42;628768188;5192;327;5939;5993;6.16;0.38;231.06;5.41;747;42;2046.00;54
5193;42;628768199;5193;317;5941;5994;6.26;0.39;231.05;5.41;748;42;2047.00;53
5197;42;628768211;5197;300;5941;5994;6.31;0.39;231.05;5.41;744;42;2048.00;53
5200;42;628768224;5200;295;5941;5994;6.40;0.39;231.09;5.41;741;42;2049.00;53
5202;42;628768243;5202;290;5941;5994;6.55;0.40;231.05;5.41;739;42;2050.00;53
5206;42;628768257;5206;279;5941;5994;6.68;0.41;231.05;5.41;735;42;2051.00;53
5209;42;628768270;5209;271;5952;6006;6.87;0.42;231.07;5.40;743;42;2052.00;54
5211;42;628768285;5211;272;5952;6006;7.00;0.43;231.05;5.40;741;42;2053.00;54
5213;42;628768298;5213;270;5953;6006;7.14;0.44;231.09;5.40;740;42;2054.00;53
5219;42;628768311;5219;265;5953;6006;7.18;0.44;231.08;5.40;734;42;2055.00;53
5219;42;628768321;5219;259;5953;6006;7.29;0.44;231.08;5.40;734;42;2056.00;53
5223;42;628768331;5223;255;5953;6006;7.41;0.45;231.07;5.40;730;42;2057.00;53
5224;42;628768341;5224;256;5957;6010;7.52;0.46;231.05;5.40;733;42;2058.00;53
5227;42;628768352;5227;256;5957;6010;7.59;0.46;231.06;5.40;730;42;2059.00;53
5231;42;628768363;5231;248;5960;6014;7.73;0.47;231.06;5.40;729;42;2060.00;54
5231;42;628768373;5231;241;5961;6015;7.84;0.48;231.06;5.39;730;42;2061.00;54
5231;42;628768392;5231;237;5962;6015;8.00;0.49;231.06;5.39;731;42;2062.00;53
5233;42;628768403;5233;240;5962;6015;8.02;0.49;231.05;5.39;729;42;2063.00;53
5236;42;628768414;5236;235;5975;6028;8.06;0.49;231.08;5.38;739;42;2064.00;53
5241;42;628768425;5241;236;5975;6028;8.18;0.50;231.10;5.38;734;42;2065.00;53
5244;42;628768436;5244;227;5975;6028;8.24;0.50;231.08;5.38;731;42;2066.00;53
5248;42;628768447;5248;226;5976;6029;8.30;0.51;231.04;5.38;728;42;2067.00;53
5251;42;628768457;5251;223;5977;6030;8.40;0.51;231.02;5.38;726;42;2068.00;53
5255;42;628768469;5255;219;5977;6030;8.44;0.51;231.10;5.38;722;42;2069.00;53
5260;42;628768481;5260;216;5980;6036;8.52;0.52;231.14;5.38;720;42;2070.00;56
5265;42;628768492;5265;212;5980;6036;8.55;0.52;231.19;5.38;715;42;2071.00;56
5267;42;628768504;5267;212;5981;6036;8.57;0.52;231.23;5.38;714;42;2072.00;55
5273;42;628768515;5273;213;5981;6036;8.53;0.52;231.24;5.38;708;42;2073.00;55
5279;42;628768525;5279;216;5986;6042;8.52;0.52;231.29;5.37;707;42;2074.00;56
5282;42;628768537;5282;214;5986;6042;8.47;0.51;231.33;5.37;704;42;2075.00;56
5287;42;628768547;5287;212;5987;6042;8.47;0.51;231.36;5.37;700;42;2076.00;55
5293;42;628768558;5293;218;5987;6042;8.43;0.51;231.48;5.37;694;42;2077.00;55
5296;42;628768569;5296;218;5992;6046;8.46;0.51;231.49;5.37;696;42;2078.00;54
5299;42;628768580;5299;221;5993;6047;8.59;0.52;231.52;5.37;694;42;2079.00;54
5304;42;628768591;5304;220;5994;6047;8.60;0.52;231.60;5.37;690;42;2080.00;53
5305;42;628768602;5305;221;5995;6048;8.63;0.53;231.61;5.37;690;42;2081.00;53
5309;42;628768612;5309;218;5995;6048;8.59;0.52;231.62;5.37;686;42;2082.00;53
5313;42;628768622;5313;221;5995;6048;8.59;0.52;231.77;5.37;682;42;2083.00;53
5315;42;628768633;5315;225;5995;6048;8.67;0.53;231.81;5.37;680;42;2084.00;53
5319;42;628768643;5319;224;5995;6048;8.69;0.53;231.88;5.37;676;42;2085.00;53
5322;42;628768655;5322;225;5995;6048;8.68;0.53;231.87;5.37;673;42;2086.00;53
5327;42;628768666;5327;213;5995;6048;8.71;0.53;231.95;5.37;668;42;2087.00;53
5330;42;628768676;5330;218;6036;6118;8.82;0.54;232.01;5.33;706;42;2088.00;82
5334;42;628768695;5334;203;6037;6119;8.96;0.54;232.01;5.33;703;42;2089.00;82
5338;42;628768706;5338;188;6041;6119;9.15;0.56;232.01;5.33;703;42;2090.00;78
5341;42;628768718;5341;182;6043;6119;9.37;0.57;232.05;5.33;702;42;2091.00;76
5343;42;628768729;5343;175;6046;6119;9.54;0.58;232.07;5.33;703;42;2092.00;73
5344;42;628768743;5344;171;6049;6119;9.72;0.59;232.10;5.33;705;42;2093.00;70
5345;42;628768765;5345;167;6051;6119;9.83;0.60;232.13;5.33;706;42;2094.00;68
5346;42;628768777;5346;166;6054;6119;9.91;0.60;232.15;5.33;708;42;2095.00;65
5350;42;628768789;5350;155;6056;6120;10.01;0.61;232.12;5.33;706;42;2096.00;64
5351;43;628768810;5351;141;6059;6121;10.17;0.62;232.14;5.33;708;43;2097.00;62
5353;43;628768836;5353;135;6061;6121;10.31;0.63;232.18;5.33;708;43;2098.00;60
5356;43;628768853;5356;139;6067;6125;10.40;0.63;232.18;5.47;711;43;2099.00;58
5359;43;628768870;5359;137;6070;6140;10.52;0.64;232.23;5.47;711;43;2100.00;70
5360;43;628768890;5360;137;6071;6140;10.74;0.65;232.25;5.47;711;43;2101.00;69
5364;43;628768902;5364;131;6071;6140;10.85;0.66;232.29;5.47;707;43;2102.00;69
5367;43;628768915;5367;124;6074;6146;11.03;0.67;232.34;5.46;707;43;2103.00;72
5370;43;628768927;5370;123;6074;6146;11.19;0.68;232.29;5.46;704;43;2104.00;72
5374;43;628768941;5374;119;6074;6146;11.30;0.69;232.33;5.46;700;43;2105.00;72
5380;43;628768953;5380;122;6077;6149;11.39;0.69;232.41;5.46;697;43;2106.00;72
5381;43;628768965;5381;124;6078;6149;11.45;0.69;232.41;5.46;697;43;2107.00;71
5385;43;628768978;5385;125;6078;6149;11.46;0.70;232.58;5.46;693;43;2108.00;71
5388;43;628768990;5388;123;6078;6150;11.50;0.70;232.58;5.46;690;43;2109.00;72
5388;43;628769001;5388;123;6079;6151;11.55;0.70;232.58;5.46;691;43;2110.00;72
5390;43;628769012;5390;121;6080;6151;11.57;0.70;232.62;5.46;690;43;2111.00;71
5395;43;628769024;5395;121;6088;6164;11.60;0.71;232.64;5.45;693;43;2112.00;76
5396;43;628769038;5396;120;6090;6164;11.68;0.71;232.61;5.46;694;43;2113.00;74
5401;43;628769049;5401;120;6090;6164;11.72;0.71;232.61;5.46;689;43;2114.00;74
5405;43;628769060;5405;119;6092;6166;11.73;0.71;232.64;5.45;687;43;2115.00;74
5406;43;628769072;5406;117;6092;6166;11.84;0.72;232.65;5.45;686;43;2116.00;74
5408;43;628769082;5408;120;6095;6170;11.89;0.73;232.66;5.45;687;43;2117.00;75
5411;44;628769095;5411;126;6096;6170;11.93;0.73;232.77;5.46;685;44;2118.00;74
5412;44;628769123;5412;127;6099;6174;11.92;0.73;232.74;5.45;687;44;2119.00;75
5414;44;628769134;5414;130;6099;6174;12.02;0.73;232.73;5.45;685;44;2120.00;75
5415;44;628769150;5415;129;6099;6174;12.11;0.74;232.74;5.45;684;44;2121.00;75
5417;44;628769161;5417;131;6100;6174;12.07;0.74;232.75;5.46;683;44;2122.00;74
5421;44;628769172;5421;126;6101;6174;12.02;0.74;232.91;5.59;680;44;2123.00;73
5423;44;628769183;5423;125;6110;6186;12.00;0.73;232.90;5.59;687;44;2124.00;76
5428;44;628769200;5428;126;6111;6186;12.05;0.74;232.95;5.59;683;44;2125.00;75
5432;45;628769211;5432;129;6113;6186;12.11;0.74;232.93;5.59;681;45;2126.00;73
5436;45;628769229;5436;132;6114;6186;12.19;0.74;233.00;5.59;678;45;2127.00;72
5440;45;628769240;5440;128;6115;6186;12.14;0.74;233.04;5.60;675;45;2128.00;71
5446;45;628769269;5446;132;6115;6186;12.05;0.73;233.08;5.60;669;45;2129.00;71
5446;45;628769282;5446;133;6119;6187;11.96;0.73;233.08;5.60;673;45;2130.00;68
5453;45;628769292;5453;130;6120;6187;11.90;0.73;233.03;5.61;667;45;2131.00;67
5456;45;628769302;5456;134;6124;6193;11.84;0.72;233.01;5.60;668;45;2132.00;69
5458;45;628769314;5458;132;6125;6194;11.81;0.72;233.11;5.60;667;45;2133.00;69
5461;45;628769325;5461;133;6126;6194;11.74;0.72;233.08;5.60;665;45;2134.00;68
5463;45;628769335;5463;139;6126;6194;11.73;0.71;233.11;5.60;663;45;2135.00;68
5466;45;628769345;5466;138;6128;6198;11.72;0.71;233.08;5.60;662;45;2136.00;70
5469;45;628769355;5469;140;6129;6198;11.77;0.72;233.05;5.60;660;45;2137.00;69
5471;45;628769365;5471;141;6130;6198;11.76;0.72;233.02;5.60;659;45;2138.00;68
5475;45;628769375;5475;134;6131;6199;11.80;0.72;233.01;5.60;656;45;2139.00;68
5484;45;628769386;5484;134;6134;6203;11.77;0.71;233.06;5.60;650;45;2140.00;69
5487;45;628769397;5487;124;6134;6203;11.76;0.71;233.08;5.60;647;45;2141.00;69
5493;45;628769419;5493;117;6136;6206;11.80;0.72;233.10;5.60;643;45;2142.00;70
5496;45;628769430;5496;121;6136;6206;11.79;0.72;233.06;5.60;640;45;2143.00;70
5503;45;628769440;5503;116;6137;6206;11.81;0.71;233.07;5.59;634;45;2144.00;69
5506;45;628769450;5506;111;6139;6206;11.86;0.72;233.02;5.61;633;45;2145.00;67
5512;45;628769461;5512;104;6142;6210;11.84;0.72;233.03;5.61;630;45;2146.00;68
5512;45;628769472;5512;104;6144;6210;11.87;0.72;233.03;5.75;632;45;2147.00;66
5514;45;628769481;5514;105;6144;6210;11.92;0.72;233.01;5.75;630;45;2148.00;66
5517;45;628769491;5517;103;6144;6210;11.90;0.72;232.98;5.75;627;45;2149.00;66
5522;45;628769500;5522;103;6144;6211;11.91;0.72;233.05;5.75;622;45;2150.00;67
5524;45;628769511;5524;108;6145;6212;11.93;0.72;233.01;5.75;621;45;2151.00;67
5527;45;628769521;5527;109;6145;6212;11.89;0.72;233.01;5.75;618;45;2152.00;67
5530;45;628769531;5530;114;6146;6213;11.83;0.72;233.00;5.74;616;45;2153.00;67
5532;45;628769541;5532;115;6146;6213;11.75;0.71;232.97;5.74;614;45;2154.00;67
5537;45;628769550;5537;117;6147;6213;11.65;0.71;232.97;5.87;610;45;2155.00;66
5537;45;628769560;5537;123;6147;6213;11.62;0.70;232.97;5.87;610;45;2156.00;66
5540;45;628769569;5540;129;6147;6213;11.65;0.71;233.06;5.87;607;45;2157.00;66
5541;45;628769578;5541;131;6147;6213;11.66;0.71;233.04;5.87;606;45;2158.00;66
5543;45;628769588;5543;134;6147;6213;11.66;0.71;233.11;5.87;604;45;2159.00;66
5544;45;628769600;5544;166;6245;6443;11.33;0.71;233.08;5.78;701;45;2160.00;198
5547;45;628769629;5547;166;6249;6444;11.21;0.70;233.07;5.78;702;45;2161.00;195
5547;45;628769640;5547;156;6258;6444;11.30;0.70;233.07;5.77;711;45;2162.00;186
5548;45;628769649;5548;151;6266;6444;11.22;0.70;233.10;5.77;718;45;2163.00;178
5549;45;628769660;5549;156;6272;6444;11.17;0.69;233.15;5.77;723;45;2164.00;172
5550;45;628769670;5550;161;6277;6444;11.13;0.69;233.12;5.77;727;45;2165.00;167
5553;45;628769687;5553;158;6283;6444;11.17;0.69;233.10;5.77;730;45;2166.00;161
5554;45;628769698;5554;163;6287;6444;11.08;0.69;233.10;5.77;733;45;2167.00;157
5558;45;628769707;5558;162;6293;6445;11.09;0.69;233.11;5.77;735;45;2168.00;152
5563;45;628769718;5563;164;6298;6446;11.07;0.68;233.09;5.77;735;45;2169.00;148
5565;45;628769729;5565;169;6302;6446;11.00;0.68;233.02;5.79;737;45;2170.00;144
5567;45;628769740;5567;177;6308;6447;10.88;0.67;233.01;5.79;741;45;2171.00;139
5569;45;628769751;5569;181;6313;6447;10.74;0.66;232.95;5.81;744;45;2172.00;134
5570;45;628769776;5570;184;6318;6447;10.60;0.65;232.98;5.82;748;45;2173.00;129
5570;45;628769800;5570;192;6321;6447;10.46;0.65;232.98;5.82;751;45;2174.00;126
5574;45;628769818;5574;202;6328;6451;10.28;0.63;233.01;5.85;754;45;2175.00;123
5576;45;628769833;5576;209;6329;6451;10.05;0.62;232.99;5.85;753;45;2176.00;122
5578;45;628769851;5578;218;6334;6451;9.88;0.61;232.97;5.87;756;45;2177.00;117
5582;45;628769867;5582;226;6337;6454;9.72;0.60;232.91;5.88;755;45;2178.00;117
5583;45;628769883;5583;235;6340;6454;9.53;0.59;232.89;5.88;757;45;2179.00;114
5584;45;628769895;5584;242;6341;6454;9.29;0.57;232.88;5.88;757;45;2180.00;113
5587;45;628769905;5587;249;6349;6458;9.11;0.56;232.87;5.92;762;45;2181.00;109
5588;45;628769917;5588;256;6354;6459;8.98;0.55;232.83;5.93;766;45;2182.00;105
5590;45;628769927;5590;267;6359;6459;8.81;0.54;232.82;5.96;769;45;2183.00;100
5591;45;628769938;5591;275;6364;6463;8.64;0.53;232.79;5.97;773;45;2184.00;99
5592;45;628769949;5592;283;6366;6463;8.52;0.53;232.78;5.98;774;45;2185.00;97
5596;45;628769959;5596;289;6369;6463;8.30;0.51;232.76;5.99;773;45;2186.00;94
5597;45;628769971;5597;304;6373;6464;8.15;0.50;232.75;6.00;776;45;2187.00;91
5599;45;628769981;5599;306;6376;6464;7.98;0.49;232.69;6.01;777;45;2188.00;88
5603;45;628769991;5603;310;6382;6470;7.80;0.48;232.61;6.01;779;45;2189.00;88
5604;45;628770017;5604;316;6383;6470;7.63;0.47;232.58;6.02;779;45;2190.00;87
5604;45;628770029;5604;320;6384;6471;7.49;0.46;232.58;6.02;780;45;2191.00;87
5604;45;628770042;5604;321;6386;6471;7.37;0.45;232.58;6.03;782;45;2192.00;85
5609;45;628770052;5609;326;6389;6471;7.17;0.44;232.50;6.04;780;45;2193.00;82
5609;45;628770062;5609;327;6390;6471;7.08;0.43;232.50;6.04;781;45;2194.00;81
5612;45;628770071;5612;321;6394;6471;7.00;0.43;232.52;6.06;782;45;2195.00;77
5613;45;628770080;5613;314;6406;6483;7.02;0.43;232.55;6.05;793;45;2196.00;77
5617;45;628770092;5617;310;6409;6483;6.95;0.42;232.62;6.06;792;45;2197.00;74
5617;45;628770104;5617;311;6409;6483;7.01;0.43;232.62;6.06;792;45;2198.00;74
5618;45;628770115;5618;312;6411;6483;7.02;0.43;232.58;6.06;793;45;2199.00;72
5619;45;628770126;5619;310;6413;6483;7.06;0.43;232.56;6.07;794;45;2200.00;70
5619;45;628770141;5619;306;6413;6483;7.11;0.43;232.56;6.07;794;45;2201.00;70
5621;45;628770157;5621;310;6417;6487;7.13;0.44;232.53;6.07;796;45;2202.00;70
5625;46;628770168;5625;305;6417;6487;7.10;0.43;232.43;6.07;792;46;2203.00;70
5628;46;628770190;5628;303;6421;6491;7.13;0.43;232.45;6.06;793;46;2204.00;70
5630;46;628770202;5630;301;6424;6493;7.05;0.43;232.47;6.06;794;46;2205.00;69
5632;46;628770213;5632;300;6425;6493;6.94;0.42;232.51;6.07;793;46;2206.00;68
5635;46;628770230;5635;296;6426;6493;6.80;0.42;232.53;6.07;791;46;2207.00;67
5640;46;628770240;5640;297;6437;6506;6.66;0.41;232.65;6.06;797;46;2208.00;69
5643;46;628770252;5643;304;6437;6506;6.53;0.40;232.60;6.06;794;46;2209.00;69
5644;46;628770262;5644;300;6439;6508;6.56;0.40;232.62;6.06;795;46;2210.00;69
5645;46;628770273;5645;304;6442;6509;6.64;0.41;232.60;6.05;797;46;2211.00;67
5646;46;628770284;5646;293;6443;6510;6.69;0.41;232.63;6.05;797;46;2212.00;67
5647;47;628770300;5647;286;6443;6510;6.81;0.42;232.62;6.05;796;47;2213.00;67
5649;47;628770333;5649;274;6445;6513;6.94;0.43;232.68;6.05;796;47;2214.00;68
5653;47;628770344;5653;271;6446;6513;7.06;0.43;232.73;6.05;793;47;2215.00;67
5654;47;628770354;5654;264;6446;6513;7.24;0.44;232.70;6.05;792;47;2216.00;67
5659;47;628770370;5659;256;6446;6513;7.30;0.45;232.76;6.05;787;47;2217.00;67
5663;47;628770381;5663;245;6451;6519;7.42;0.46;232.81;6.05;788;47;2218.00;68
5665;47;628770392;5665;238;6451;6519;7.49;0.46;232.79;6.05;786;47;2219.00;68
5670;47;628770404;5670;231;6452;6519;7.57;0.46;232.79;6.05;782;47;2220.00;67
5673;47;628770415;5673;221;6452;6519;7.67;0.47;232.83;6.05;779;47;2221.00;67
5678;47;628770426;5678;208;6457;6523;7.73;0.47;232.84;6.04;779;47;2222.00;66
5683;47;628770437;5683;208;6458;6524;7.86;0.48;232.82;6.04;775;47;2223.00;66
5687;47;628770453;5687;210;6458;6524;7.94;0.49;232.89;6.04;771;47;2224.00;66
5690;47;628770471;5690;214;6459;6525;7.99;0.49;232.90;6.04;769;47;2225.00;66
5693;47;628770486;5693;220;6459;6525;7.99;0.49;232.85;6.04;766;47;2226.00;66
5698;47;628770503;5698;220;6459;6525;7.99;0.49;232.92;6.04;761;47;2227.00;66
5702;47;628770514;5702;223;6459;6525;8.06;0.50;232.89;6.04;757;47;2228.00;66
5705;47;628770525;5705;220;6459;6525;8.16;0.50;232.88;6.04;754;47;2229.00;66
5709;47;628770535;5709;222;6459;6525;8.18;0.50;232.82;6.04;750;47;2230.00;66
5714;47;628770546;5714;220;6459;6525;8.22;0.51;232.83;6.04;745;47;2231.00;66
5719;47;628770557;5719;212;6496;6595;8.45;0.52;232.85;6.01;777;47;2232.00;99
5722;47;628770574;5722;206;6499;6596;8.59;0.53;232.86;6.01;777;47;2233.00;97
5730;47;628770585;5730;197;6505;6596;8.70;0.53;232.91;6.00;775;47;2234.00;91
5733;47;628770598;5733;186;6507;6596;8.80;0.54;232.93;6.00;774;47;2235.00;89
5738;47;628770610;5738;180;6511;6596;8.91;0.54;232.89;6.00;773;47;2236.00;85
5743;47;628770621;5743;177;6516;6596;9.00;0.55;232.91;6.00;773;47;2237.00;80
5748;47;628770633;5748;174;6519;6596;9.11;0.56;232.91;6.00;771;47;2238.00;77
5751;47;628770646;5751;177;6523;6596;9.17;0.56;232.91;6.00;772;47;2239.00;73
5756;47;628770659;5756;181;6525;6597;9.19;0.56;233.05;6.00;769;47;2240.00;72
5761;47;628770671;5761;190;6527;6598;9.26;0.56;233.07;6.00;766;47;2241.00;71
5768;47;628770683;5768;196;6527;6598;9.28;0.57;233.07;6.00;759;47;2242.00;71
5772;47;628770696;5772;196;6530;6602;9.27;0.57;233.12;6.00;758;47;2243.00;72
5776;47;628770709;5776;201;6530;6602;9.31;0.57;233.15;6.00;754;47;2244.00;72
5780;47;628770721;5780;206;6530;6602;9.30;0.57;233.22;6.00;750;47;2245.00;72
5785;47;628770732;5785;202;6530;6602;9.31;0.57;233.21;6.00;745;47;2246.00;72
5786;47;628770745;5786;206;6534;6608;9.36;0.57;233.23;5.99;748;47;2247.00;74
5790;47;628770763;5790;208;6535;6608;9.43;0.57;233.25;5.99;745;47;2248.00;73
5796;47;628770776;5796;209;6535;6608;9.50;0.58;233.33;5.99;739;47;2249.00;73
5799;47;628770790;5799;207;6538;6614;9.63;0.59;233.34;5.99;739;47;2250.00;76
5803;47;628770802;5803;209;6538;6614;9.66;0.59;233.41;5.99;735;47;2251.00;76
5806;47;628770815;5806;217;6539;6614;9.71;0.59;233.48;5.99;733;47;2252.00;75
5808;47;628770827;5808;220;6540;6615;9.73;0.59;233.46;5.99;732;47;2253.00;75
5809;47;628770838;5809;220;6541;6616;9.81;0.60;233.50;5.99;732;47;2254.00;75
5813;47;628770858;5813;217;6542;6616;9.84;0.60;233.58;5.99;729;47;2255.00;74
5818;47;628770878;5818;221;6552;6629;9.88;0.60;233.65;5.98;734;47;2256.00;77
5823;47;628770892;5823;213;6553;6629;9.87;0.60;233.69;5.98;730;47;2257.00;76
5827;47;628770905;5827;206;6553;6629;9.91;0.60;233.70;5.98;726;47;2258.00;76
5831;47;628770918;5831;204;6554;6630;9.92;0.60;233.71;5.98;723;47;2259.00;76
5835;47;628770932;5835;199;6554;6630;9.92;0.60;233.78;5.98;719;47;2260.00;76
5835;47;628770944;5835;195;6557;6634;10.04;0.61;233.78;5.98;722;47;2261.00;77
5838;47;628770956;5838;193;6557;6634;10.10;0.62;233.83;5.98;719;47;2262.00;77
5840;47;628770969;5840;189;6562;6638;10.10;0.62;233.87;6.10;722;47;2263.00;76
5843;47;628770983;5843;186;6562;6638;10.13;0.62;233.90;6.10;719;47;2264.00;76
5849;47;628770996;5849;189;6562;6638;10.12;0.62;234.04;6.10;713;47;2265.00;76
5850;47;628771009;5850;175;6562;6638;10.15;0.62;234.02;6.10;712;47;2266.00;76
5855;47;628771034;5855;163;6562;6638;10.18;0.62;234.20;6.10;707;47;2267.00;76
5859;47;628771047;5859;149;6571;6650;10.22;0.62;234.33;6.09;712;47;2268.00;79
5860;47;628771059;5860;143;6572;6650;10.32;0.63;234.34;6.09;712;47;2269.00;78
5862;47;628771071;5862;142;6573;6650;10.44;0.63;234.39;6.09;711;47;2270.00;77
5862;47;628771083;5862;141;6573;6650;10.61;0.65;234.39;6.09;711;47;2271.00;77
5863;47;628771096;5863;141;6573;6650;10.71;0.65;234.42;6.09;710;47;2272.00;77
5868;47;628771108;5868;136;6573;6650;10.84;0.66;234.45;6.09;705;47;2273.00;77
5870;47;628771120;5870;135;6573;6651;11.00;0.67;234.41;6.09;703;47;2274.00;78
5873;47;628771132;5873;130;6573;6651;11.09;0.67;234.38;6.09;700;47;2275.00;78
5875;47;628771145;5875;130;6577;6657;11.13;0.68;234.40;6.08;702;47;2276.00;80
5880;48;628771158;5880;123;6578;6658;11.20;0.68;234.39;6.08;698;48;2277.00;80
5883;48;628771181;5883;126;6579;6658;11.27;0.68;234.36;6.08;696;48;2278.00;79
5885;48;628771194;5885;119;6579;6658;11.31;0.69;234.38;6.08;694;48;2279.00;79
5888;48;628771214;5888;116;6583;6663;11.38;0.69;234.38;6.08;695;48;2280.00;80
5892;48;628771227;5892;118;6583;6663;11.48;0.70;234.40;6.08;691;48;2281.00;80
5893;48;628771240;5893;117;6584;6663;11.50;0.70;234.42;6.21;691;48;2282.00;79
5895;48;628771253;5895;121;6585;6664;11.49;0.70;234.43;6.21;690;48;2283.00;79
5896;48;628771265;5896;117;6588;6668;11.45;0.69;234.41;6.20;692;48;2284.00;80
5899;48;628771278;5899;117;6588;6668;11.42;0.69;234.42;6.20;689;48;2285.00;80
5902;48;628771290;5902;115;6590;6671;11.39;0.69;234.48;6.20;688;48;2286.00;81
5904;48;628771303;5904;119;6590;6671;11.41;0.69;234.49;6.20;686;48;2287.00;81
5906;48;628771314;5906;118;6591;6671;11.36;0.69;234.50;6.20;685;48;2288.00;80
5913;48;628771325;5913;116;6591;6671;11.40;0.69;234.42;6.20;678;48;2289.00;80
5915;48;628771336;5915;119;6594;6675;11.49;0.70;234.42;6.20;679;48;2290.00;81
5918;48;628771348;5918;122;6594;6675;11.55;0.70;234.53;6.20;676;48;2291.00;81
5922;48;628771359;5922;120;6595;6675;11.65;0.71;234.51;6.20;673;48;2292.00;80
5924;48;628771376;5924;118;6595;6675;11.69;0.71;234.53;6.20;671;48;2293.00;80
5928;48;628771387;5928;116;6595;6676;11.67;0.71;234.51;6.20;667;48;2294.00;81
5931;48;628771400;5931;116;6597;6678;11.62;0.71;234.50;6.20;666;48;2295.00;81
5932;48;628771415;5932;119;6597;6678;11.61;0.71;234.50;6.20;665;48;2296.00;81
5934;48;628771425;5934;123;6598;6679;11.56;0.71;234.50;6.20;664;48;2297.00;81
5939;48;628771443;5939;128;6598;6679;11.54;0.70;234.42;6.20;659;48;2298.00;81
5941;48;628771465;5941;128;6598;6679;11.63;0.71;234.45;6.20;657;48;2299.00;81
5943;48;628771490;5943;126;6599;6679;11.69;0.71;234.58;6.32;656;48;2300.00;80
5946;48;628771528;5946;127;6599;6679;11.75;0.71;234.55;6.32;653;48;2301.00;80
5947;48;628771557;5947;126;6599;6679;11.81;0.72;234.58;6.32;652;48;2302.00;80
5952;48;628771579;5952;127;6599;6679;11.88;0.72;234.58;6.32;647;48;2303.00;80
5953;48;628771606;5953;152;6672;6806;11.46;0.71;234.56;6.26;719;48;2304.00;134
5959;48;628771654;5959;140;6672;6807;11.50;0.71;234.55;6.26;713;48;2305.00;135
5962;48;628771674;5962;128;6681;6807;11.66;0.72;234.60;6.25;719;48;2306.00;126
5964;48;628771693;5964;129;6682;6807;11.78;0.72;234.62;6.25;718;48;2307.00;125
5968;48;628771708;5968;132;6688;6807;11.83;0.73;234.60;6.25;720;48;2308.00;119
5970;48;628771724;5970;126;6692;6807;11.87;0.73;234.57;6.25;722;48;2309.00;115
5975;48;628771747;5975;125;6698;6807;11.86;0.73;234.52;6.38;723;48;2310.00;109
5979;48;628771764;5979;125;6700;6807;11.86;0.72;234.46;6.38;721;48;2311.00;107
5981;48;628771782;5981;124;6705;6808;11.97;0.73;234.48;6.38;724;48;2312.00;103
5983;48;628771809;5983;123;6709;6809;11.98;0.73;234.49;6.38;726;48;2313.00;100
5987;48;628771835;5987;123;6711;6809;11.99;0.73;234.64;6.38;724;48;2314.00;98
5992;48;628771852;5992;122;6712;6810;12.01;0.73;234.61;6.39;720;48;2315.00;98
5994;48;628771872;5994;125;6716;6810;11.88;0.73;234.57;6.40;722;48;2316.00;94
6000;48;628771894;6000;124;6716;6810;11.70;0.71;234.58;6.40;716;48;2317.00;94
6005;48;628771909;6005;126;6718;6810;11.51;0.70;234.51;6.41;713;48;2318.00;92
6008;48;628771933;6008;130;6721;6814;11.41;0.70;234.45;6.41;713;48;2319.00;93
6010;49;628771950;6010;129;6724;6814;11.34;0.69;234.47;6.42;714;49;2320.00;90
6013;49;628771978;6013;132;6725;6814;11.37;0.69;234.42;6.42;712;49;2321.00;89
6015;49;628771994;6015;136;6727;6817;11.40;0.69;234.40;6.42;712;49;2322.00;90
6017;49;628772024;6017;142;6728;6817;11.45;0.70;234.38;6.42;711;49;2323.00;89
6017;49;628772042;6017;143;6729;6817;11.47;0.70;234.38;6.42;712;49;2324.00;88
6018;49;628772059;6018;151;6733;6821;11.45;0.70;234.35;6.55;715;49;2325.00;88
6019;49;628772079;6019;154;6735;6822;11.39;0.69;234.32;6.55;716;49;2326.00;87
6019;49;628772102;6019;161;6735;6822;11.38;0.69;234.32;6.55;716;49;2327.00;87
6022;49;628772122;6022;167;6738;6826;11.22;0.69;234.29;6.54;716;49;2328.00;88
6024;49;628772136;6024;171;6739;6826;11.07;0.68;234.29;6.67;715;49;2329.00;87
6027;49;628772148;6027;171;6739;6826;10.90;0.66;234.19;6.67;712;49;2330.00;87
6028;49;628772161;6028;178;6740;6827;10.80;0.66;234.19;6.67;712;49;2331.00;87
6033;49;628772172;6033;182;6740;6827;10.61;0.65;234.07;6.67;707;49;2332.00;87
6035;49;628772183;6035;193;6744;6833;10.42;0.64;234.02;6.67;709;49;2333.00;89
6036;49;628772195;6036;205;6745;6833;10.25;0.62;234.02;6.67;709;49;2334.00;88
6036;50;628772206;6036;206;6745;6834;10.12;0.62;234.02;6.67;709;50;2335.00;89
6036;50;628772236;6036;213;6745;6834;10.03;0.61;234.02;6.67;709;50;2336.00;89
6042;50;628772255;6042;218;6746;6834;9.84;0.60;234.04;6.68;704;50;2337.00;88
6043;50;628772279;6043;222;6746;6834;9.72;0.59;234.05;6.68;703;50;2338.00;88
6043;50;628772300;6043;231;6746;6834;9.63;0.59;234.05;6.68;703;50;2339.00;88
6045;50;628772321;6045;243;6770;6870;9.55;0.59;234.05;6.69;725;50;2340.00;100
6046;50;628772338;6046;246;6771;6870;9.48;0.58;234.01;6.69;725;50;2341.00;99
6046;50;628772358;6046;250;6775;6870;9.42;0.58;234.01;6.69;729;50;2342.00;95
6050;50;628772386;6050;257;6778;6870;9.33;0.57;234.00;6.70;728;50;2343.00;92
6052;50;628772405;6052;262;6778;6870;9.27;0.57;233.98;6.70;726;50;2344.00;92
6054;51;628772431;6054;266;6780;6870;9.21;0.57;233.94;6.71;726;51;2345.00;90
6055;51;628772489;6055;268;6785;6874;9.13;0.56;233.93;6.73;730;51;2346.00;89
6060;51;628772516;6060;260;6786;6874;9.11;0.56;233.89;6.73;726;51;2347.00;88
6062;51;628772548;6062;256;6790;6878;9.10;0.56;233.89;6.72;728;51;2348.00;88
6068;51;628772567;6068;253;6793;6879;9.00;0.55;233.82;6.74;725;51;2349.00;86
6069;51;628772593;6069;248;6794;6879;8.96;0.55;233.81;6.74;725;51;2350.00;85
6071;51;628772618;6071;252;6795;6879;8.86;0.54;233.80;6.74;724;51;2351.00;84
6071;52;628772645;6071;249;6807;6892;8.77;0.54;233.80;6.74;736;52;2352.00;85
6073;52;628772686;6073;242;6809;6892;8.73;0.53;233.75;6.74;736;52;2353.00;83
6076;53;628772709;6076;241;6810;6892;8.74;0.53;233.73;6.76;734;53;2354.00;82
6076;53;628772752;6076;243;6812;6893;8.81;0.54;233.73;6.75;736;53;2355.00;81
6077;54;628772771;6077;249;6813;6894;8.80;0.54;233.72;6.77;736;54;2356.00;81
6080;54;628772807;6080;254;6813;6894;8.83;0.54;233.80;6.77;733;54;2357.00;81
6081;54;628772821;6081;267;6816;6897;8.85;0.54;233.76;6.77;735;54;2358.00;81
6081;54;628772837;6081;261;6816;6897;8.89;0.54;233.76;6.77;735;54;2359.00;81
6081;54;628772856;6081;261;6818;6897;8.90;0.54;233.76;6.78;737;54;2360.00;79
6084;54;628772874;6084;255;6818;6897;8.85;0.54;233.71;6.78;734;54;2361.00;79
6085;54;628772887;6085;254;6824;6903;8.79;0.54;233.70;6.79;739;54;2362.00;79
6090;54;628772899;6090;253;6825;6903;8.61;0.52;233.65;6.80;735;54;2363.00;78
6090;54;628772915;6090;252;6826;6903;8.50;0.52;233.65;6.80;736;54;2364.00;77
6090;54;628772924;6090;253;6827;6903;8.31;0.51;233.65;6.80;737;54;2365.00;76
6094;54;628772934;6094;255;6830;6907;8.26;0.50;233.62;6.80;736;54;2366.00;77
6095;54;628772945;6095;259;6834;6908;8.19;0.50;233.61;6.83;739;54;2367.00;74
6097;54;628772957;6097;263;6834;6908;8.16;0.50;233.66;6.83;737;54;2368.00;74
6098;54;628772970;6098;260;6836;6909;8.15;0.50;233.65;6.83;738;54;2369.00;73
6098;54;628772988;6098;258;6836;6909;8.19;0.50;233.65;6.83;738;54;2370.00;73
6101;54;628773005;6101;260;6836;6909;8.15;0.50;233.69;6.83;735;54;2371.00;73
6104;54;628773023;6104;253;6839;6909;8.17;0.50;233.70;6.85;735;54;2372.00;70
6108;54;628773038;6108;254;6839;6909;8.12;0.50;233.73;6.85;731;54;2373.00;70
6110;54;628773051;6110;250;6840;6909;8.04;0.49;233.73;6.85;730;54;2374.00;69
6114;54;628773066;6114;250;6840;6909;7.93;0.49;233.77;6.85;726;54;2375.00;69
6117;54;628773083;6117;258;6878;6979;8.00;0.49;233.72;6.81;761;54;2376.00;101
6121;54;628773118;6121;256;6880;6980;7.86;0.48;233.74;6.82;759;54;2377.00;100
6128;54;628773134;6128;254;6887;6980;7.75;0.48;233.76;6.81;759;54;2378.00;93
6132;54;628773158;6132;258;6891;6980;7.67;0.47;233.69;6.81;759;54;2379.00;89
6137;54;628773174;6137;254;6899;6980;7.62;0.47;233.69;6.81;762;54;2380.00;81
6139;54;628773195;6139;247;6904;6980;7.59;0.47;233.70;6.81;765;54;2381.00;76
6144;54;628773213;6144;251;6907;6980;7.55;0.46;233.74;6.81;763;54;2382.00;73
6147;54;628773229;6147;244;6911;6980;7.49;0.46;233.80;6.81;764;54;2383.00;69
6149;54;628773249;6149;236;6913;6981;7.54;0.46;233.81;6.81;764;54;2384.00;68
6154;54;628773273;6154;240;6917;6983;7.57;0.47;233.83;6.81;763;54;2385.00;66
6156;54;628773296;6156;238;6917;6983;7.70;0.47;233.85;6.81;761;54;2386.00;66
6159;54;628773316;6159;237;6920;6987;7.84;0.48;233.85;6.81;761;54;2387.00;67
6164;54;628773334;6164;229;6921;6987;7.91;0.49;233.84;6.81;757;54;2388.00;66
6165;54;628773360;6165;225;6921;6987;8.10;0.50;233.86;6.81;756;54;2389.00;66
6170;54;628773380;6170;217;6921;6987;8.22;0.51;233.90;6.81;751;54;2390.00;66
6174;54;628773404;6174;219;6925;6993;8.42;0.52;233.95;6.80;751;54;2391.00;68
6180;54;628773430;6180;220;6926;6993;8.50;0.52;233.91;6.80;746;54;2392.00;67
6187;54;628773448;6187;217;6926;6993;8.57;0.52;233.92;6.80;739;54;2393.00;67
6190;54;628773462;6190;213;6928;6996;8.61;0.52;233.86;6.80;738;54;2394.00;68
6194;54;628773478;6194;206;6928;6996;8.69;0.53;233.85;6.80;734;54;2395.00;68
6200;54;628773494;6200;205;6929;6996;8.74;0.53;233.87;6.80;729;54;2396.00;67
6202;54;628773510;6202;204;6930;6997;8.81;0.54;233.88;6.80;728;54;2397.00;67
6207;54;628773525;6207;201;6931;6998;8.86;0.54;233.83;6.80;724;54;2398.00;67
6215;54;628773541;6215;193;6931;6998;8.87;0.54;233.86;6.80;716;54;2399.00;67
6217;54;628773560;6217;195;6955;7057;8.91;0.54;233.90;6.78;738;54;2400.00;102
6222;54;628773595;6222;186;6957;7057;8.96;0.55;233.97;6.77;735;54;2401.00;100
6226;54;628773613;6226;182;6959;7057;9.06;0.55;233.96;6.77;733;54;2402.00;98
6230;54;628773626;6230;177;6960;7058;9.16;0.56;233.99;6.77;730;54;2403.00;98
6232;54;628773638;6232;178;6962;7058;9.17;0.56;233.98;6.77;730;54;2404.00;96
6237;54;628773650;6237;180;6964;7062;9.29;0.57;234.07;6.77;727;54;2405.00;98
6242;54;628773662;6242;185;6968;7062;9.24;0.57;234.11;6.91;726;54;2406.00;94
6247;54;628773673;6247;183;6972;7066;9.33;0.57;234.26;6.90;725;54;2407.00;94
6254;54;628773685;6254;183;6972;7066;9.27;0.57;234.41;6.90;718;54;2408.00;94
6259;54;628773707;6259;187;6972;7066;9.29;0.57;234.43;6.90;713;54;2409.00;94
6262;54;628773726;6262;188;6973;7066;9.31;0.57;234.44;6.90;711;54;2410.00;93
6268;54;628773746;6268;190;6974;7066;9.30;0.57;234.43;6.90;706;54;2411.00;92
6273;54;628773769;6273;193;6984;7078;9.30;0.57;234.50;6.90;711;54;2412.00;94
6275;54;628773797;6275;195;6984;7078;9.32;0.57;234.50;6.90;709;54;2413.00;94
6277;54;628773814;6277;199;6984;7078;9.34;0.57;234.47;6.90;707;54;2414.00;94
6277;54;628773834;6277;202;6985;7078;9.40;0.57;234.47;6.90;708;54;2415.00;93
6281;54;628773848;6281;202;6985;7078;9.39;0.57;234.47;6.90;704;54;2416.00;93
6281;54;628773867;6281;204;6987;7078;9.43;0.57;234.47;6.90;706;54;2417.00;91
6284;54;628773880;6284;207;6989;7079;9.41;0.57;234.47;7.04;705;54;2418.00;90
6288;54;628773898;6288;210;6989;7079;9.41;0.57;234.51;7.04;701;54;2419.00;90
6291;54;628773921;6291;213;6992;7085;9.41;0.57;234.56;7.04;701;54;2420.00;93
6295;54;628773943;6295;216;6994;7086;9.43;0.57;234.59;7.04;699;54;2421.00;92
6298;54;628773961;6298;222;6994;7086;9.40;0.57;234.56;7.04;696;54;2422.00;92
6301;54;628773982;6301;222;6994;7086;9.46;0.57;234.56;7.04;693;54;2423.00;92
6302;54;628774004;6302;233;6997;7090;9.48;0.58;234.59;7.04;695;54;2424.00;93
6304;54;628774036;6304;233;6998;7090;9.41;0.57;234.59;7.18;694;54;2425.00;92
6307;54;628774065;6307;238;7000;7090;9.32;0.56;234.65;7.18;693;54;2426.00;90
6310;54;628774090;6310;226;7002;7091;9.27;0.56;234.73;7.19;692;54;2427.00;89
6312;54;628774112;6312;224;7006;7095;9.12;0.55;234.76;7.18;694;54;2428.00;89
6314;54;628774130;6314;222;7007;7095;9.11;0.55;234.79;7.18;693;54;2429.00;88
6319;54;628774150;6319;220;7011;7101;9.06;0.55;234.91;7.18;692;54;2430.00;90
6323;54;628774166;6323;224;7011;7101;9.06;0.55;235.02;7.18;688;54;2431.00;90
6328;54;628774182;6328;224;7012;7101;9.05;0.55;235.07;7.19;684;54;2432.00;89
6331;54;628774199;6331;225;7013;7101;9.01;0.55;235.16;7.19;682;54;2433.00;88
6335;54;628774217;6335;221;7015;7105;9.04;0.55;235.18;7.18;680;54;2434.00;90
6339;54;628774232;6339;216;7016;7105;9.06;0.55;235.17;7.18;677;54;2435.00;89
6342;54;628774252;6342;199;7016;7105;9.14;0.56;235.13;7.18;674;54;2436.00;89
6344;54;628774273;6344;188;7017;7105;9.24;0.56;235.16;7.18;673;54;2437.00;88
6346;54;628774289;6346;174;7018;7106;9.31;0.57;235.15;7.19;672;54;2438.00;88
6348;54;628774304;6348;167;7019;7107;9.40;0.57;235.18;7.19;671;54;2439.00;88
6351;54;628774321;6351;162;7019;7107;9.48;0.58;235.21;7.19;668;54;2440.00;88
6352;54;628774335;6352;158;7022;7108;9.59;0.58;235.24;7.19;670;54;2441.00;86
6355;54;628774353;6355;157;7022;7108;9.70;0.59;235.22;7.19;667;54;2442.00;86
6358;54;628774367;6358;156;7022;7108;9.79;0.60;235.28;7.19;664;54;2443.00;86
6361;54;628774388;6361;154;7023;7108;9.90;0.60;235.40;7.19;662;54;2444.00;85
6363;54;628774417;6363;149;7023;7108;9.95;0.61;235.52;7.19;660;54;2445.00;85
6368;54;628774428;6368;146;7023;7108;9.95;0.60;235.53;7.19;655;54;2446.00;85
6369;54;628774441;6369;148;7023;7108;10.09;0.61;235.56;7.19;654;54;2447.00;85
6372;54;628774453;6372;158;7085;7235;10.21;0.63;235.59;7.13;713;54;2448.00;150
6376;54;628774477;6376;154;7087;7236;10.27;0.63;235.59;7.13;711;54;2449.00;149
6379;54;628774490;6379;148;7094;7236;10.37;0.64;235.58;7.13;715;54;2450.00;142
6382;54;628774503;6382;149;7097;7236;10.47;0.65;235.55;7.13;715;54;2451.00;139
6387;54;628774516;6387;145;7103;7236;10.50;0.65;235.59;7.12;716;54;2452.00;133
6390;54;628774528;6390;145;7104;7236;10.45;0.64;235.58;7.12;714;54;2453.00;132
6391;54;628774540;6391;149;7110;7236;10.52;0.65;235.59;7.13;719;54;2454.00;126
6392;54;628774551;6392;160;7113;7236;10.48;0.64;235.58;7.13;721;54;2455.00;123
6394;54;628774563;6394;161;7119;7237;10.47;0.64;235.61;7.13;725;54;2456.00;118
6396;54;628774574;6396;161;7123;7238;10.42;0.64;235.59;7.28;727;54;2457.00;115
6396;54;628774600;6396;167;7127;7238;10.41;0.64;235.59;7.28;731;54;2458.00;111
6400;54;628774612;6400;166;7130;7239;10.39;0.64;235.72;7.28;730;54;2459.00;109
6403;54;628774625;6403;175;7133;7239;10.39;0.64;235.70;7.28;730;54;2460.00;106
6405;54;628774636;6405;178;7135;7239;10.35;0.63;235.68;7.28;730;54;2461.00;104
6406;54;628774651;6406;182;7139;7239;10.35;0.63;235.67;7.29;733;54;2462.00;100
6409;54;628774664;6409;183;7142;7243;10.30;0.63;235.70;7.29;733;54;2463.00;101
6410;54;628774687;6410;188;7143;7243;10.34;0.63;235.70;7.29;733;54;2464.00;100
6412;54;628774698;6412;196;7144;7243;10.24;0.63;235.67;7.29;732;54;2465.00;99
6413;54;628774708;6413;197;7147;7246;10.30;0.63;235.66;7.29;734;54;2466.00;99
6414;54;628774719;6414;201;7150;7246;10.29;0.63;235.69;7.31;736;54;2467.00;96
6415;54;628774728;6415;203;7151;7246;10.28;0.63;235.67;7.31;736;54;2468.00;95
6417;54;628774739;6417;204;7156;7250;10.24;0.63;235.75;7.31;739;54;2469.00;94
6420;54;628774751;6420;205;7158;7251;10.20;0.62;235.69;7.31;738;54;2470.00;93
6421;54;628774762;6421;204;7158;7251;10.15;0.62;235.70;7.31;737;54;2471.00;93
6424;54;628774773;6424;206;7160;7255;10.19;0.62;235.65;7.31;736;54;2472.00;95
6427;54;628774784;6427;210;7160;7255;10.15;0.62;235.60;7.31;733;54;2473.00;95
6430;54;628774800;6430;210;7161;7255;10.15;0.62;235.56;7.45;731;54;2474.00;94
6432;54;628774810;6432;211;7163;7257;10.16;0.62;235.51;7.45;731;54;2475.00;94
6435;54;628774820;6435;215;7163;7257;10.17;0.62;235.46;7.45;728;54;2476.00;94
6436;54;628774837;6436;216;7167;7263;10.12;0.62;235.46;7.44;731;54;2477.00;96
6437;54;628774847;6437;218;7168;7263;10.10;0.61;235.45;7.44;731;54;2478.00;95
6438;54;628774856;6438;211;7168;7264;10.08;0.61;235.43;7.44;730;54;2479.00;96
6439;54;628774867;6439;210;7168;7264;10.07;0.61;235.41;7.44;729;54;2480.00;96
6443;54;628774876;6443;206;7168;7264;10.06;0.61;235.42;7.44;725;54;2481.00;96
6446;54;628774887;6446;200;7168;7264;10.06;0.61;235.48;7.44;722;54;2482.00;96
6449;54;628774897;6449;193;7168;7264;10.08;0.61;235.43;7.44;719;54;2483.00;96
6452;54;628774906;6452;192;7179;7276;10.14;0.62;235.42;7.58;727;54;2484.00;97
6454;54;628774918;6454;191;7181;7276;10.13;0.62;235.39;7.60;727;54;2485.00;95
6456;54;628774930;6456;186;7182;7276;10.24;0.62;235.38;7.60;726;54;2486.00;94
6458;54;628774940;6458;187;7182;7276;10.34;0.63;235.35;7.60;724;54;2487.00;94
6461;54;628774950;6461;186;7183;7276;10.39;0.63;235.33;7.74;722;54;2488.00;93
6464;54;628774960;6464;190;7183;7276;10.37;0.63;235.28;7.74;719;54;2489.00;93
6465;55;628774972;6465;196;7186;7280;10.40;0.63;235.26;7.74;721;55;2490.00;94
6469;55;628775006;6469;194;7186;7280;10.33;0.63;235.19;7.74;717;55;2491.00;94
6470;55;628775017;6470;198;7189;7284;10.40;0.63;235.17;7.74;719;55;2492.00;95
6472;55;628775033;6472;201;7191;7285;10.46;0.64;235.25;7.88;719;55;2493.00;94
6473;55;628775044;6473;204;7192;7285;10.43;0.63;235.23;7.88;719;55;2494.00;93
6475;55;628775054;6475;205;7192;7285;10.40;0.63;235.22;7.88;717;55;2495.00;93
6476;55;628775065;6476;208;7203;7298;10.28;0.63;235.20;8.03;727;55;2496.00;95
6477;55;628775075;6477;210;7203;7298;10.27;0.62;235.21;8.03;726;55;2497.00;95
6480;55;628775087;6480;214;7203;7298;10.25;0.62;235.15;8.03;723;55;2498.00;95
6482;55;628775098;6482;204;7204;7299;10.18;0.62;235.10;8.03;722;55;2499.00;95
6485;55;628775109;6485;200;7204;7300;10.21;0.62;235.08;8.03;719;55;2500.00;96
6488;55;628775123;6488;196;7204;7300;10.17;0.62;235.05;8.03;716;55;2501.00;96
6490;55;628775133;6490;192;7207;7303;10.21;0.62;235.02;8.04;717;55;2502.00;96
6493;55;628775144;6493;185;7208;7303;10.22;0.62;235.01;8.04;715;55;2503.00;95
6495;55;628775155;6495;185;7208;7303;10.22;0.62;235.01;8.04;713;55;2504.00;95
6496;55;628775166;6496;177;7208;7303;10.22;0.62;235.02;8.04;712;55;2505.00;95
6498;55;628775177;6498;174;7212;7309;10.27;0.62;235.10;8.03;714;55;2506.00;97
6498;56;628775188;6498;173;7215;7309;10.26;0.62;235.10;8.05;717;56;2507.00;94
6499;56;628775210;6499;172;7215;7309;10.26;0.62;235.12;8.05;716;56;2508.00;94
6501;57;628775221;6501;167;7216;7309;10.22;0.62;235.14;8.06;715;57;2509.00;93
6504;57;628775249;6504;169;7221;7313;10.09;0.61;235.14;8.08;717;57;2510.00;92
6505;57;628775261;6505;170;7224;7314;10.08;0.61;235.13;8.10;719;57;2511.00;90
6505;57;628775271;6505;170;7225;7314;10.04;0.61;235.13;8.10;720;57;2512.00;89
6506;57;628775281;6506;174;7227;7315;9.96;0.60;235.15;8.10;721;57;2513.00;88
6506;57;628775291;6506;180;7228;7315;9.86;0.60;235.15;8.11;722;57;2514.00;87
6507;57;628775306;6507;185;7229;7315;9.87;0.60;235.14;8.13;722;57;2515.00;86
6510;57;628775322;6510;188;7230;7315;9.89;0.60;235.26;8.14;720;57;2516.00;85
6510;57;628775338;6510;191;7232;7315;9.84;0.60;235.26;8.16;722;57;2517.00;83
6510;57;628775347;6510;196;7233;7315;9.85;0.60;235.26;8.17;723;57;2518.00;82
6512;57;628775358;6512;201;7233;7315;9.75;0.59;235.31;8.17;721;57;2519.00;82
6514;57;628775376;6514;210;7288;7440;9.75;0.60;235.36;8.14;774;57;2520.00;152
6516;58;628775400;6516;213;7291;7441;9.77;0.60;235.37;8.14;775;58;2521.00;150
6516;58;628775418;6516;212;7303;7441;9.74;0.60;235.37;8.15;787;58;2522.00;138
6517;58;628775429;6517;215;7313;7441;9.65;0.59;235.42;8.14;796;58;2523.00;128
6521;58;628775443;6521;219;7322;7441;9.51;0.58;235.49;8.14;801;58;2524.00;119
6523;58;628775453;6523;225;7328;7441;9.44;0.58;235.49;8.15;805;58;2525.00;113
6526;58;628775464;6526;224;7333;7441;9.29;0.57;235.47;8.14;807;58;2526.00;108
6529;58;628775474;6529;221;7338;7441;9.15;0.56;235.55;8.15;809;58;2527.00;103
6533;58;628775485;6533;229;7341;7442;9.02;0.55;235.53;8.15;808;58;2528.00;101
6535;58;628775496;6535;231;7345;7443;8.92;0.55;235.60;8.16;810;58;2529.00;98
6539;58;628775507;6539;230;7346;7443;8.86;0.54;235.59;8.16;807;58;2530.00;97
6542;58;628775518;6542;228;7353;7447;8.76;0.54;235.56;8.17;811;58;2531.00;94
6543;58;628775529;6543;226;7354;7447;8.68;0.53;235.56;8.17;811;58;2532.00;93
6544;58;628775541;6544;227;7356;7447;8.57;0.53;235.56;8.18;812;58;2533.00;91
6548;58;628775552;6548;228;7357;7447;8.54;0.52;235.56;8.18;809;58;2534.00;90
6550;58;628775562;6550;226;7361;7453;8.53;0.52;235.67;8.19;811;58;2535.00;92
6552;58;628775574;6552;226;7363;7453;8.47;0.52;235.70;8.19;811;58;2536.00;90
6554;58;628775586;6554;229;7366;7455;8.38;0.51;235.67;8.20;812;58;2537.00;89
6557;58;628775597;6557;235;7369;7458;8.40;0.51;235.63;8.20;812;58;2538.00;89
6558;58;628775609;6558;238;7370;7458;8.41;0.52;235.63;8.20;812;58;2539.00;88
6561;58;628775620;6561;245;7372;7458;8.42;0.52;235.64;8.20;811;58;2540.00;86
6563;58;628775631;6563;246;7372;7459;8.42;0.52;235.63;8.20;809;58;2541.00;87
6567;58;628775642;6567;252;7374;7460;8.40;0.52;235.63;8.21;807;58;2542.00;86
6573;58;628775654;6573;259;7374;7460;8.37;0.51;235.70;8.21;801;58;2543.00;86
6576;58;628775666;6576;260;7387;7473;8.36;0.51;235.68;8.21;811;58;2544.00;86
6580;58;628775678;6580;258;7388;7473;8.32;0.51;235.75;8.22;808;58;2545.00;85
6586;58;628775689;6586;261;7392;7473;8.20;0.50;235.77;8.22;806;58;2546.00;81
6590;58;628775700;6590;259;7393;7474;8.11;0.50;235.80;8.22;803;58;2547.00;81
6594;58;628775710;6594;265;7394;7474;8.00;0.49;235.81;8.23;800;58;2548.00;80
6598;58;628775722;6598;267;7398;7478;7.86;0.48;235.83;8.23;800;58;2549.00;80
6600;58;628775745;6600;260;7401;7481;7.77;0.48;235.79;8.22;801;58;2550.00;80
6604;58;628775757;6604;257;7405;7485;7.68;0.47;235.81;8.22;801;58;2551.00;80
6609;58;628775769;6609;255;7407;7485;7.59;0.47;235.82;8.22;798;58;2552.00;78
6611;58;628775780;6611;245;7407;7485;7.61;0.47;235.80;8.22;796;58;2553.00;78
6619;58;628775791;6619;244;7408;7485;7.57;0.46;235.78;8.23;789;58;2554.00;77
6627;58;628775802;6627;237;7408;7485;7.47;0.46;235.83;8.23;781;58;2555.00;77
6629;58;628775813;6629;245;7418;7497;7.53;0.46;235.82;8.22;789;58;2556.00;79
6633;58;628775825;6633;240;7418;7497;7.57;0.47;236.00;8.22;785;58;2557.00;79
6638;58;628775836;6638;239;7419;7497;7.61;0.47;236.05;8.22;781;58;2558.00;78
6640;58;628775848;6640;236;7419;7497;7.72;0.48;236.03;8.22;779;58;2559.00;78
6643;58;628775859;6643;231;7419;7497;7.81;0.48;236.08;8.22;776;58;2560.00;78
6646;58;628775872;6646;229;7420;7497;7.90;0.49;236.27;8.37;774;58;2561.00;77
6649;58;628775887;6649;231;7420;7498;8.03;0.50;236.34;8.37;771;58;2562.00;78
6653;58;628775900;6653;226;7420;7498;8.17;0.51;236.42;8.37;767;58;2563.00;78
6656;58;628775913;6656;229;7424;7504;8.35;0.52;236.52;8.36;768;58;2564.00;80
6663;58;628775925;6663;224;7427;7506;8.48;0.52;236.56;8.36;764;58;2565.00;79
6668;58;628775936;6668;217;7427;7506;8.60;0.53;236.62;8.36;759;58;2566.00;79
6671;58;628775947;6671;215;7427;7506;8.75;0.54;236.62;8.36;756;58;2567.00;79
6675;58;628775958;6675;210;7430;7510;8.86;0.55;236.63;8.35;755;58;2568.00;80
6681;58;628775969;6681;209;7430;7510;8.97;0.55;236.69;8.35;749;58;2569.00;80
6686;58;628775980;6686;207;7430;7510;9.07;0.56;236.66;8.35;744;58;2570.00;80
6692;58;628775993;6692;205;7431;7511;9.16;0.56;236.69;8.35;739;58;2571.00;80
6696;58;628776005;6696;197;7434;7515;9.21;0.57;236.71;8.35;738;58;2572.00;81
6702;58;628776017;6702;190;7434;7515;9.32;0.57;236.73;8.35;732;58;2573.00;81
6707;58;628776027;6707;183;7436;7518;9.39;0.58;236.75;8.35;729;58;2574.00;82
6709;58;628776039;6709;180;7437;7518;9.45;0.58;236.77;8.35;728;58;2575.00;81
6717;58;628776050;6717;186;7437;7518;9.41;0.58;236.74;8.35;720;58;2576.00;81
6722;58;628776062;6722;183;7437;7518;9.33;0.57;236.86;8.35;715;58;2577.00;81
6728;58;628776073;6728;183;7440;7522;9.36;0.57;236.87;8.34;712;58;2578.00;82
6732;58;628776089;6732;186;7440;7522;9.31;0.57;236.88;8.34;708;58;2579.00;82
6740;58;628776114;6740;186;7441;7522;9.25;0.57;237.00;8.34;701;58;2580.00;81
6742;58;628776142;6742;186;7441;7522;9.27;0.57;237.02;8.34;699;58;2581.00;81
6746;58;628776171;6746;189;7441;7523;9.31;0.57;237.06;8.34;695;58;2582.00;82
6753;58;628776187;6753;186;7442;7524;9.31;0.57;237.20;8.34;689;58;2583.00;82
6756;58;628776203;6756;183;7442;7524;9.32;0.57;237.17;8.34;686;58;2584.00;82
6761;58;628776216;6761;188;7443;7525;9.29;0.57;237.18;8.34;682;58;2585.00;82
6769;58;628776228;6769;190;7443;7525;9.19;0.56;237.15;8.34;674;58;2586.00;82
6771;58;628776239;6771;198;7443;7525;9.18;0.56;237.19;8.34;672;58;2587.00;82
6776;58;628776250;6776;205;7443;7525;9.09;0.56;237.28;8.34;667;58;2588.00;82
6780;58;628776261;6780;206;7443;7525;9.01;0.55;237.34;8.34;663;58;2589.00;82
6785;58;628776271;6785;207;7443;7525;8.89;0.54;237.31;8.34;658;58;2590.00;82
6788;58;628776281;6788;205;7443;7525;8.77;0.54;237.34;8.34;655;58;2591.00;82
6794;58;628776292;6794;223;7509;7652;8.80;0.55;237.31;8.41;715;58;2592.00;143
6795;58;628776312;6795;219;7512;7653;8.75;0.54;237.29;8.41;717;58;2593.00;141
6797;58;628776322;6797;225;7520;7653;8.76;0.54;237.29;8.40;723;58;2594.00;133
6802;58;628776333;6802;230;7524;7653;8.76;0.54;237.38;8.40;722;58;2595.00;129
6804;58;628776344;6804;232;7527;7653;8.74;0.54;237.39;8.40;723;58;2596.00;126
6805;58;628776355;6805;227;7528;7653;8.79;0.54;237.40;8.40;723;58;2597.00;125
6808;58;628776366;6808;232;7533;7653;8.83;0.55;237.43;8.40;725;58;2598.00;120
6810;58;628776383;6810;229;7535;7653;8.94;0.55;237.50;8.40;725;58;2599.00;118
6813;58;628776395;6813;233;7542;7654;8.94;0.55;237.52;8.40;729;58;2600.00;112
6816;58;628776412;6816;236;7546;7655;8.98;0.55;237.50;8.40;730;58;2601.00;109
6818;58;628776424;6818;236;7551;7655;8.93;0.55;237.51;8.40;733;58;2602.00;104
6821;58;628776435;6821;238;7555;7656;8.87;0.55;237.49;8.40;734;58;2603.00;101
6826;58;628776447;6826;242;7557;7656;8.77;0.54;237.55;8.40;731;58;2604.00;99
6829;58;628776469;6829;246;7558;7656;8.70;0.54;237.55;8.40;729;58;2605.00;98
6831;58;628776485;6831;236;7560;7656;8.69;0.54;237.57;8.40;729;58;2606.00;96
6833;58;628776500;6833;232;7563;7660;8.72;0.54;237.61;8.40;730;58;2607.00;97
6836;58;628776519;6836;220;7566;7660;8.78;0.54;237.65;8.54;730;58;2608.00;94
6840;58;628776531;6840;216;7567;7660;8.84;0.54;237.60;8.54;727;58;2609.00;93
6841;58;628776544;6841;213;7571;7666;8.89;0.55;237.58;8.53;730;58;2610.00;95
6843;58;628776556;6843;211;7571;7666;8.95;0.55;237.57;8.53;728;58;2611.00;95
6844;58;628776568;6844;203;7572;7666;9.01;0.55;237.58;8.53;728;58;2612.00;94
6845;58;628776579;6845;203;7575;7670;9.04;0.55;237.57;8.53;730;58;2613.00;95
6847;58;628776591;6847;193;7577;7671;9.10;0.56;237.57;8.53;730;58;2614.00;94
6849;58;628776602;6849;193;7577;7671;9.13;0.56;237.62;8.53;728;58;2615.00;94
6853;58;628776615;6853;194;7581;7675;9.17;0.56;237.54;8.52;728;58;2616.00;94
6854;58;628776626;6854;190;7581;7675;9.26;0.56;237.57;8.52;727;58;2617.00;94
6855;58;628776639;6855;189;7582;7675;9.34;0.57;237.58;8.52;727;58;2618.00;93
6856;58;628776650;6856;191;7583;7676;9.47;0.58;237.66;8.52;727;58;2619.00;93
6857;58;628776661;6857;187;7583;7676;9.55;0.58;237.64;8.52;726;58;2620.00;93
6860;58;628776672;6860;194;7587;7682;9.58;0.58;237.68;8.52;727;58;2621.00;95
6862;58;628776684;6862;199;7588;7682;9.64;0.59;237.69;8.52;726;58;2622.00;94
6863;58;628776696;6863;202;7588;7683;9.70;0.59;237.67;8.52;725;58;2623.00;95
6863;58;628776707;6863;202;7588;7683;9.75;0.59;237.67;8.52;725;58;2624.00;95
6865;58;628776718;6865;196;7588;7683;9.78;0.60;237.64;8.52;723;58;2625.00;95
6868;58;628776728;6868;201;7588;7683;9.83;0.60;237.61;8.52;720;58;2626.00;95
6868;58;628776739;6868;204;7588;7683;9.90;0.61;237.61;8.52;720;58;2627.00;95
6871;58;628776750;6871;206;7597;7695;9.97;0.61;237.56;8.51;726;58;2628.00;98
6873;58;628776762;6873;208;7598;7695;10.08;0.62;237.54;8.51;725;58;2629.00;97
6877;58;628776772;6877;206;7599;7695;10.18;0.62;237.49;8.50;722;58;2630.00;96
6880;58;628776796;6880;208;7599;7695;10.28;0.63;237.44;8.50;719;58;2631.00;96
6881;58;628776807;6881;213;7599;7695;10.41;0.64;237.44;8.50;718;58;2632.00;96
6884;58;628776818;6884;213;7599;7695;10.46;0.64;237.40;8.50;715;58;2633.00;96
6888;58;628776828;6888;210;7602;7699;10.47;0.64;237.36;8.50;714;58;2634.00;97
6889;58;628776838;6889;210;7602;7699;10.48;0.64;237.34;8.50;713;58;2635.00;97
6892;58;628776849;6892;208;7605;7703;10.49;0.64;237.31;8.50;713;58;2636.00;98
6893;58;628776860;6893;207;7606;7704;10.49;0.64;237.31;8.50;713;58;2637.00;98
6895;58;628776871;6895;210;7607;7704;10.46;0.64;237.25;8.50;712;58;2638.00;97
6897;58;628776881;6897;210;7607;7704;10.37;0.63;237.21;8.50;710;58;2639.00;97
6897;58;628776894;6897;209;7627;7733;10.35;0.63;237.21;8.47;730;58;2640.00;106
6898;58;628776906;6898;212;7628;7733;10.29;0.63;237.30;8.47;730;58;2641.00;105
6901;58;628776916;6901;215;7631;7733;10.30;0.63;237.29;8.47;730;58;2642.00;102
6907;58;628776927;6907;217;7633;7734;10.35;0.63;237.26;8.47;726;58;2643.00;101
6909;58;628776937;6909;223;7633;7735;10.37;0.63;237.25;8.47;724;58;2644.00;102
6910;58;628776947;6910;231;7633;7735;10.38;0.63;237.27;8.47;723;58;2645.00;102
6913;58;628776960;6913;230;7637;7738;10.40;0.63;237.35;8.60;724;58;2646.00;101
6915;58;628776975;6915;231;7637;7738;10.31;0.63;237.32;8.60;722;58;2647.00;101
6917;58;628776989;6917;232;7637;7738;10.25;0.62;237.32;8.60;720;58;2648.00;101
6917;58;628777004;6917;233;7637;7738;10.18;0.62;237.32;8.60;720;58;2649.00;101
6919;58;628777019;6919;233;7641;7744;10.09;0.61;237.29;8.60;722;58;2650.00;103
6923;58;628777033;6923;219;7641;7744;10.06;0.61;237.30;8.60;718;58;2651.00;103
6926;58;628777049;6926;205;7642;7744;10.07;0.61;237.26;8.60;716;58;2652.00;102
6927;58;628777063;6927;193;7642;7744;10.05;0.61;237.26;8.60;715;58;2653.00;102
6929;58;628777078;6929;184;7646;7748;10.03;0.61;237.23;8.61;717;58;2654.00;102
6932;58;628777103;6932;173;7648;7750;10.07;0.61;237.19;8.61;716;58;2655.00;102
6935;59;628777118;6935;165;7649;7750;10.16;0.62;237.14;8.62;714;59;2656.00;101
6937;59;628777145;6937;153;7650;7751;10.29;0.62;237.10;8.62;713;59;2657.00;101
6937;59;628777159;6937;147;7650;7751;10.48;0.64;237.10;8.62;713;59;2658.00;101
6942;59;628777171;6942;137;7650;7751;10.55;0.64;237.07;8.62;708;59;2659.00;101
6943;60;628777183;6943;131;7651;7751;10.65;0.65;237.04;8.63;708;60;2660.00;100
6944;60;628777207;6944;127;7651;7751;10.80;0.66;237.02;8.63;707;60;2661.00;100
6948;60;628777224;6948;122;7651;7751;10.90;0.66;237.03;8.63;703;60;2662.00;100
6950;60;628777236;6950;118;7651;7751;11.03;0.67;237.00;8.63;701;60;2663.00;100
6954;60;628777247;6954;121;7688;7821;11.21;0.68;236.96;8.59;734;60;2664.00;133
6955;60;628777272;6955;115;7691;7822;11.28;0.68;236.92;8.59;736;60;2665.00;131
6957;60;628777285;6957;111;7697;7822;11.42;0.69;236.89;8.58;740;60;2666.00;125
6958;60;628777298;6958;112;7705;7822;11.46;0.70;236.88;8.58;747;60;2667.00;117
6958;60;628777310;6958;112;7709;7822;11.53;0.70;236.88;8.58;751;60;2668.00;113
6960;60;628777321;6960;110;7713;7822;11.54;0.70;236.83;8.57;753;60;2669.00;109
6961;60;628777335;6961;112;7714;7822;11.55;0.70;236.86;8.57;753;60;2670.00;108
6962;61;628777346;6962;116;7715;7822;11.59;0.70;236.83;8.57;753;61;2671.00;107
6964;61;628777366;6964;115;7717;7823;11.64;0.71;236.92;8.57;753;61;2672.00;106
6967;61;628777378;6967;119;7719;7824;11.66;0.71;236.95;8.57;752;61;2673.00;105
6969;61;628777403;6969;120;7719;7824;11.66;0.71;236.90;8.57;750;61;2674.00;105
6974;61;628777415;6974;121;7722;7828;11.53;0.70;236.90;8.57;748;61;2675.00;106
6979;61;628777428;6979;126;7722;7828;11.39;0.69;236.93;8.57;743;61;2676.00;106
6981;61;628777441;6981;124;7723;7828;11.28;0.69;236.92;8.58;742;61;2677.00;105
6983;61;628777454;6983;129;7723;7828;11.14;0.68;236.96;8.58;740;61;2678.00;105
6985;61;628777466;6985;135;7727;7834;11.08;0.67;236.94;8.58;742;61;2679.00;107
6986;61;628777478;6986;144;7729;7834;10.98;0.67;236.98;8.59;743;61;2680.00;105
6986;61;628777489;6986;151;7730;7834;10.86;0.66;236.98;8.60;744;61;2681.00;104
6989;61;628777500;6989;151;7732;7837;10.79;0.66;236.96;8.60;743;61;2682.00;105
6993;61;628777512;6993;161;7733;7837;10.69;0.65;237.02;8.61;740;61;2683.00;104
6998;61;628777523;6998;170;7735;7837;10.55;0.64;237.08;8.63;737;61;2684.00;102
6998;61;628777534;6998;178;7736;7838;10.49;0.64;237.08;8.64;738;61;2685.00;102
7001;61;628777545;7001;183;7737;7839;10.41;0.63;237.16;8.64;736;61;2686.00;102
7002;61;628777556;7002;186;7739;7839;10.29;0.63;237.18;8.66;737;61;2687.00;100
7004;61;628777570;7004;195;7750;7852;10.17;0.62;237.19;8.64;746;61;2688.00;102
7008;61;628777582;7008;200;7751;7852;10.04;0.61;237.25;8.66;743;61;2689.00;101
7009;61;628777593;7009;206;7751;7852;9.94;0.61;237.22;8.66;742;61;2690.00;101
7011;61;628777603;7011;212;7753;7853;9.84;0.60;237.28;8.66;742;61;2691.00;100
7016;61;628777614;7016;221;7754;7853;9.75;0.59;237.28;8.68;738;61;2692.00;99
7018;61;628777625;7018;227;7759;7857;9.70;0.59;237.28;8.68;741;61;2693.00;98
7020;61;628777635;7020;226;7762;7857;9.62;0.59;237.27;8.69;742;61;2694.00;95
7024;61;628777646;7024;231;7765;7861;9.44;0.58;237.29;8.69;741;61;2695.00;96
7027;61;628777656;7027;234;7766;7861;9.38;0.57;237.31;8.70;739;61;2696.00;95
7027;61;628777666;7027;236;7767;7861;9.30;0.57;237.31;8.70;740;61;2697.00;94
7029;61;628777676;7029;242;7767;7861;9.22;0.56;237.31;8.70;738;61;2698.00;94
7031;61;628777686;7031;234;7768;7861;9.08;0.55;237.29;8.71;737;61;2699.00;93
7038;61;628777700;7038;228;7790;7910;9.01;0.55;237.31;8.69;752;61;2700.00;120
7041;61;628777722;7041;227;7794;7910;8.92;0.55;237.36;8.70;753;61;2701.00;116
7044;61;628777733;7044;231;7796;7910;8.83;0.54;237.42;8.70;752;61;2702.00;114
7049;62;628777743;7049;230;7799;7910;8.84;0.54;237.41;8.71;750;62;2703.00;111
7050;62;628777775;7050;235;7802;7910;8.78;0.54;237.39;8.71;752;62;2704.00;108
7053;62;628777785;7053;232;7803;7910;8.79;0.54;237.41;8.71;750;62;2705.00;107
7058;62;628777795;7058;229;7805;7911;8.76;0.54;237.48;8.72;747;62;2706.00;106
7058;63;628777807;7058;229;7806;7911;8.78;0.54;237.48;8.72;748;63;2707.00;105
7061;63;628777842;7061;227;7813;7917;8.75;0.54;237.47;8.75;752;63;2708.00;104
7064;63;628777866;7064;231;7814;7918;8.76;0.54;237.45;8.75;750;63;2709.00;104
7068;63;628777884;7068;237;7816;7918;8.64;0.53;237.40;8.75;748;63;2710.00;102
7072;63;628777899;7072;236;7817;7918;8.54;0.52;237.36;8.76;745;63;2711.00;101
7074;63;628777913;7074;243;7820;7922;8.53;0.52;237.35;8.75;746;63;2712.00;102
7078;63;628777932;7078;252;7821;7922;8.44;0.51;237.28;8.75;743;63;2713.00;101
7081;63;628777957;7081;248;7822;7922;8.43;0.51;237.33;8.76;741;63;2714.00;100
7085;63;628777982;7085;251;7823;7923;8.36;0.51;237.38;8.76;738;63;2715.00;100
7089;63;628778008;7089;256;7832;7927;8.24;0.51;237.39;8.79;743;63;2716.00;95
7094;63;628778025;7094;256;7832;7927;8.17;0.50;237.44;8.79;738;63;2717.00;95
7097;63;628778041;7097;259;7835;7930;8.12;0.50;237.41;8.80;738;63;2718.00;95
7102;63;628778063;7102;257;7836;7930;8.05;0.49;237.42;8.80;734;63;2719.00;94
7109;63;628778083;7109;246;7836;7930;8.01;0.49;237.42;8.80;727;63;2720.00;94
7112;63;628778110;7112;245;7838;7930;7.97;0.49;237.42;8.81;726;63;2721.00;92
7115;63;628778134;7115;243;7841;7934;8.01;0.49;237.45;8.81;726;63;2722.00;93
7119;63;628778161;7119;238;7841;7934;8.05;0.49;237.50;8.81;722;63;2723.00;93
7122;63;628778186;7122;234;7844;7934;8.05;0.49;237.53;8.81;722;63;2724.00;90
7124;63;628778211;7124;232;7844;7934;8.11;0.50;237.57;8.81;720;63;2725.00;90
7129;63;628778235;7129;233;7844;7935;8.12;0.50;237.58;8.81;715;63;2726.00;91
7133;63;628778264;7133;230;7847;7936;8.11;0.49;237.58;8.82;714;63;2727.00;89
7137;63;628778282;7137;222;7848;7936;8.09;0.49;237.58;8.82;711;63;2728.00;88
7141;63;628778300;7141;224;7849;7937;8.07;0.49;237.62;8.82;708;63;2729.00;88
7145;63;628778315;7145;217;7852;7937;8.02;0.49;237.67;8.82;707;63;2730.00;85
7147;63;628778329;7147;219;7852;7937;8.10;0.50;237.77;8.82;705;63;2731.00;85
7151;63;628778350;7151;219;7854;7937;8.14;0.50;237.87;8.83;703;63;2732.00;83
7157;63;628778370;7157;224;7855;7937;8.02;0.49;237.85;8.83;698;63;2733.00;82
7163;63;628778400;7163;221;7856;7937;8.05;0.49;237.86;8.83;693;63;2734.00;81
7166;63;628778415;7166;224;7856;7937;8.07;0.49;237.93;8.83;690;63;2735.00;81
7173;63;628778431;7173;229;7921;8064;8.29;0.51;237.98;8.76;748;63;2736.00;143
7177;63;628778477;7177;223;7924;8065;8.28;0.51;237.99;8.76;747;63;2737.00;141
7182;63;628778499;7182;221;7929;8065;8.36;0.52;238.03;8.76;747;63;2738.00;136
7190;63;628778515;7190;216;7937;8065;8.30;0.51;238.06;8.76;747;63;2739.00;128
7194;63;628778531;7194;213;7940;8065;8.26;0.51;238.06;8.75;746;63;2740.00;125
7198;63;628778555;7198;208;7946;8065;8.23;0.51;238.07;8.75;748;63;2741.00;119
7202;63;628778572;7202;213;7950;8065;8.14;0.50;238.09;8.89;748;63;2742.00;115
7203;63;628778591;7203;218;7954;8065;8.13;0.50;238.12;8.89;751;63;2743.00;111
7211;63;628778612;7211;218;7957;8066;8.05;0.49;238.11;8.89;746;63;2744.00;109
7214;63;628778638;7214;220;7960;8068;8.04;0.49;238.16;8.89;746;63;2745.00;108
7215;63;628778654;7215;217;7962;8068;8.08;0.50;238.18;8.89;747;63;2746.00;106
7219;63;628778670;7219;226;7966;8069;8.11;0.50;238.26;8.89;747;63;2747.00;103
7221;63;628778693;7221;229;7968;8069;8.16;0.50;238.36;8.89;747;63;2748.00;101
7222;63;628778705;7222;226;7969;8069;8.21;0.51;238.37;8.89;747;63;2749.00;100
7225;63;628778718;7225;231;7973;8069;8.21;0.51;238.40;8.89;748;63;2750.00;96
7226;63;628778730;7226;238;7977;8073;8.21;0.51;238.39;8.89;751;63;2751.00;96
7229;63;628778742;7229;240;7977;8073;8.20;0.51;238.40;8.89;748;63;2752.00;96
7232;63;628778755;7232;243;7979;8073;8.21;0.51;238.48;8.89;747;63;2753.00;94
7232;63;628778768;7232;251;7981;8076;8.25;0.51;238.48;8.89;749;63;2754.00;95
7238;63;628778779;7238;255;7983;8076;8.18;0.51;238.60;8.89;745;63;2755.00;93
7245;63;628778792;7245;257;7984;8076;8.06;0.50;238.66;8.89;739;63;2756.00;92
7248;63;628778805;7248;266;7988;8080;8.04;0.50;238.59;8.89;740;63;2757.00;92
7253;63;628778817;7253;267;7990;8081;8.00;0.49;238.60;8.89;737;63;2758.00;91
7255;63;628778828;7255;275;7992;8081;7.92;0.49;238.64;8.89;737;63;2759.00;89
7259;63;628778843;7259;281;7996;8086;7.89;0.49;238.64;8.89;737;63;2760.00;90
7262;63;628778854;7262;291;7996;8086;7.80;0.48;238.62;8.89;734;63;2761.00;90
7267;63;628778868;7267;294;7996;8086;7.70;0.48;238.55;8.89;729;63;2762.00;90
7270;63;628778880;7270;303;7997;8087;7.69;0.47;238.51;8.88;727;63;2763.00;90
7272;63;628778892;7272;313;7997;8087;7.65;0.47;238.52;8.88;725;63;2764.00;90
7274;63;628778902;7274;318;8001;8093;7.60;0.47;238.49;8.88;727;63;2765.00;92
7276;63;628778913;7276;324;8001;8093;7.59;0.47;238.52;8.88;725;63;2766.00;92
7279;63;628778924;7279;306;8002;8094;7.56;0.46;238.47;8.88;723;63;2767.00;92
7280;63;628778934;7280;304;8002;8094;7.55;0.46;238.44;8.88;722;63;2768.00;92
7284;63;628778946;7284;301;8003;8094;7.52;0.46;238.43;9.02;719;63;2769.00;91
7285;63;628778956;7285;304;8003;8094;7.56;0.46;238.43;9.02;718;63;2770.00;91
7288;63;628778967;7288;296;8003;8094;7.61;0.46;238.39;9.02;715;63;2771.00;91
7288;63;628778978;7288;296;8013;8106;7.72;0.47;238.39;9.01;725;63;2772.00;93
7291;63;628778989;7291;294;8014;8106;7.78;0.47;238.40;9.01;723;63;2773.00;92
7294;63;628779000;7294;297;8014;8106;7.82;0.48;238.34;9.01;720;63;2774.00;92
7296;63;628779011;7296;295;8014;8106;7.85;0.48;238.42;9.01;718;63;2775.00;92
7298;64;628779022;7298;281;8014;8106;7.85;0.48;238.45;9.01;716;64;2776.00;92
7300;64;628779040;7300;259;8014;8106;7.88;0.48;238.48;9.01;714;64;2777.00;92
7300;64;628779055;7300;248;8017;8110;8.00;0.49;238.48;9.01;717;64;2778.00;93
7301;64;628779066;7301;239;8017;8110;8.16;0.50;238.46;9.01;716;64;2779.00;93
7303;64;628779076;7303;234;8020;8114;8.28;0.51;238.45;9.00;717;64;2780.00;94
7304;64;628779087;7304;221;8022;8115;8.42;0.51;238.42;9.00;718;64;2781.00;93
7307;64;628779098;7307;213;8022;8115;8.53;0.52;238.38;9.00;715;64;2782.00;93
7311;64;628779115;7311;217;8022;8115;8.57;0.52;238.33;9.00;711;64;2783.00;93
7311;64;628779126;7311;215;8033;8128;8.77;0.53;238.33;8.99;722;64;2784.00;95
7314;64;628779137;7314;212;8033;8128;8.83;0.54;238.30;8.99;719;64;2785.00;95
7317;64;628779154;7317;218;8033;8128;8.88;0.54;238.29;8.99;716;64;2786.00;95
7319;64;628779165;7319;222;8034;8129;8.90;0.54;238.30;8.99;715;64;2787.00;95
7321;64;628779176;7321;218;8034;8130;8.90;0.54;238.27;8.99;713;64;2788.00;96
7325;64;628779186;7325;223;8034;8130;8.91;0.54;238.23;8.99;709;64;2789.00;96
7329;64;628779198;7329;220;8038;8136;8.88;0.54;238.29;9.13;709;64;2790.00;98
7331;64;628779210;7331;221;8038;8136;8.92;0.54;238.24;9.13;707;64;2791.00;98
7331;64;628779220;7331;224;8039;8136;8.97;0.54;238.24;9.12;708;64;2792.00;97
7333;64;628779230;7333;223;8039;8136;8.97;0.54;238.21;9.12;706;64;2793.00;97
7334;64;628779240;7334;220;8043;8142;8.97;0.54;238.19;9.12;709;64;2794.00;99
7335;64;628779251;7335;227;8043;8142;9.00;0.55;238.20;9.12;708;64;2795.00;99
7335;64;628779261;7335;230;8044;8142;9.00;0.55;238.20;9.12;709;64;2796.00;98
7336;64;628779271;7336;230;8044;8142;8.95;0.54;238.19;9.12;708;64;2797.00;98
7336;64;628779281;7336;236;8048;8146;8.97;0.54;238.19;9.12;712;64;2798.00;98
7338;64;628779293;7338;234;8049;8147;8.98;0.55;238.15;9.12;711;64;2799.00;98
7340;64;628779310;7340;235;8050;8147;9.06;0.55;238.14;9.12;710;64;2800.00;97
7342;64;628779331;7342;239;8051;8148;9.13;0.55;238.15;9.11;709;64;2801.00;97
7345;64;628779345;7345;241;8051;8148;9.15;0.56;238.12;9.11;706;64;2802.00;97
7347;64;628779362;7347;235;8051;8148;9.20;0.56;238.12;9.11;704;64;2803.00;97
7349;64;628779376;7349;226;8051;8148;9.28;0.56;238.11;9.11;702;64;2804.00;97
7350;64;628779389;7350;218;8051;8148;9.38;0.57;238.11;9.11;701;64;2805.00;97
7351;64;628779405;7351;213;8051;8148;9.48;0.58;238.09;9.11;700;64;2806.00;97
7352;64;628779420;7352;200;8051;8148;9.59;0.58;238.09;9.11;699;64;2807.00;97
7352;64;628779435;7352;209;8094;8218;9.56;0.58;238.09;9.07;742;64;2808.00;124
7352;64;628779455;7352;198;8094;8219;9.68;0.59;238.09;9.07;742;64;2809.00;125
7353;64;628779467;7353;187;8101;8219;9.92;0.61;238.07;9.06;748;64;2810.00;118
7354;65;628779480;7354;170;8106;8219;10.12;0.62;238.06;9.20;752;65;2811.00;113
7355;65;628779506;7355;168;8109;8219;10.30;0.63;238.06;9.19;754;65;2812.00;110
7356;65;628779518;7356;164;8113;8219;10.50;0.64;238.05;9.19;757;65;2813.00;106
7358;65;628779528;7358;160;8116;8219;10.64;0.65;238.05;9.19;758;65;2814.00;103
7358;65;628779545;7358;163;8116;8219;10.75;0.65;238.05;9.19;758;65;2815.00;103
7359;65;628779556;7359;156;8118;8220;10.87;0.66;238.04;9.19;759;65;2816.00;102
7362;65;628779567;7362;157;8120;8221;10.94;0.67;238.02;9.19;758;65;2817.00;101
7364;65;628779577;7364;162;8120;8221;11.03;0.67;238.00;9.19;756;65;2818.00;101
7367;65;628779588;7367;160;8123;8225;11.07;0.67;238.00;9.19;756;65;2819.00;102
7367;65;628779619;7367;159;8123;8225;11.07;0.67;238.00;9.19;756;65;2820.00;102
7370;65;628779630;7370;155;8123;8225;11.01;0.67;237.99;9.19;753;65;2821.00;102
7371;65;628779641;7371;150;8123;8225;11.03;0.67;237.99;9.19;752;65;2822.00;102
7376;65;628779651;7376;140;8127;8231;11.02;0.67;237.96;9.18;751;65;2823.00;104
7380;65;628779663;7380;138;8128;8231;11.05;0.67;238.02;9.18;748;65;2824.00;103
7385;65;628779674;7385;131;8130;8231;11.05;0.67;237.99;9.20;745;65;2825.00;101
7387;65;628779686;7387;129;8132;8234;11.12;0.68;238.00;9.20;745;65;2826.00;102
7392;65;628779697;7392;129;8133;8234;11.15;0.68;238.00;9.34;741;65;2827.00;101
7396;65;628779708;7396;130;8134;8234;11.25;0.68;238.03;9.34;738;65;2828.00;100
7401;65;628779719;7401;125;8134;8235;11.32;0.69;237.99;9.34;733;65;2829.00;101
7405;65;628779729;7405;121;8135;8236;11.32;0.69;237.96;9.34;730;65;2830.00;101
7409;65;628779740;7409;122;8135;8236;11.29;0.68;237.98;9.34;726;65;2831.00;101
7413;66;628779750;7413;124;8145;8249;11.28;0.68;238.04;9.33;732;66;2832.00;104
7415;66;628779787;7415;120;8145;8249;11.27;0.68;238.02;9.33;730;66;2833.00;104
7420;66;628779798;7420;118;8145;8249;11.24;0.68;237.99;9.33;725;66;2834.00;104
7423;66;628779810;7423;122;8147;8251;11.27;0.68;238.00;9.32;724;66;2835.00;104
7427;66;628779822;7427;125;8148;8251;11.29;0.68;238.03;9.46;721;66;2836.00;103
7428;66;628779833;7428;129;8151;8255;11.32;0.68;238.06;9.46;723;66;2837.00;104
7429;66;628779845;7429;128;8152;8255;11.41;0.69;238.10;9.45;723;66;2838.00;103
7434;66;628779856;7434;132;8156;8259;11.31;0.69;238.15;9.45;722;66;2839.00;103
7437;66;628779867;7437;126;8156;8259;11.27;0.68;238.16;9.45;719;66;2840.00;103
7439;66;628779879;7439;127;8156;8259;11.25;0.68;238.19;9.45;717;66;2841.00;103
7442;66;628779890;7442;129;8156;8259;11.25;0.68;238.24;9.45;714;66;2842.00;103
7444;66;628779900;7444;135;8156;8259;11.25;0.68;238.23;9.45;712;66;2843.00;103
7448;66;628779911;7448;140;8166;8271;11.26;0.68;238.23;9.44;718;66;2844.00;105
7451;66;628779923;7451;141;8167;8271;11.25;0.68;238.28;9.44;716;66;2845.00;104
7453;66;628779934;7453;148;8167;8271;11.25;0.68;238.26;9.44;714;66;2846.00;104
7454;66;628779946;7454;145;8167;8271;11.18;0.68;238.28;9.44;713;66;2847.00;104
7454;66;628779956;7454;159;8167;8271;11.25;0.68;238.28;9.44;713;66;2848.00;104
7456;66;628779967;7456;160;8167;8271;11.22;0.68;238.32;9.44;711;66;2849.00;104
7458;66;628779980;7458;161;8171;8274;11.09;0.67;238.37;9.46;713;66;2850.00;103
7460;66;628779992;7460;167;8171;8274;10.96;0.67;238.42;9.46;711;66;2851.00;103
7463;66;628780002;7463;164;8175;8280;10.94;0.67;238.43;9.46;712;66;2852.00;105
7467;66;628780014;7467;166;8179;8281;10.90;0.66;238.44;9.48;712;66;2853.00;102
7468;66;628780031;7468;173;8179;8281;10.96;0.67;238.41;9.48;711;66;2854.00;102
7471;66;628780042;7471;179;8180;8281;10.92;0.66;238.48;9.49;709;66;2855.00;101
7474;66;628780054;7474;181;8184;8285;10.93;0.66;238.49;9.50;710;66;2856.00;101
7477;66;628780065;7477;184;8185;8285;10.81;0.66;238.57;9.52;708;66;2857.00;100
7480;66;628780075;7480;190;8186;8285;10.83;0.66;238.57;9.53;706;66;2858.00;99
7483;66;628780087;7483;189;8189;8286;10.86;0.66;238.58;9.55;706;66;2859.00;97
7484;66;628780103;7484;190;8193;8290;10.76;0.66;238.58;9.56;709;66;2860.00;97
7488;66;628780119;7488;195;8194;8290;10.77;0.66;238.67;9.57;706;66;2861.00;96
7490;66;628780132;7490;205;8197;8293;10.78;0.66;238.67;9.58;707;66;2862.00;96
7492;66;628780147;7492;205;8199;8293;10.79;0.66;238.77;9.59;707;66;2863.00;94
7495;66;628780159;7495;207;8203;8295;10.68;0.65;238.75;9.60;708;66;2864.00;92
7497;66;628780174;7497;207;8203;8295;10.68;0.65;238.78;9.60;706;66;2865.00;92
7500;66;628780187;7500;210;8208;8299;10.64;0.65;238.77;9.61;708;66;2866.00;91
7502;66;628780210;7502;212;8209;8299;10.54;0.64;238.80;9.61;707;66;2867.00;90
7503;66;628780222;7503;219;8211;8299;10.41;0.64;238.79;9.63;708;66;2868.00;88
7510;66;628780233;7510;213;8211;8299;10.26;0.63;238.88;9.63;701;66;2869.00;88
7516;66;628780245;7516;208;8213;8300;10.09;0.61;238.83;9.64;697;66;2870.00;87
7517;66;628780256;7517;208;8214;8301;10.00;0.61;238.87;9.64;697;66;2871.00;87
7522;66;628780267;7522;206;8216;8301;9.84;0.60;238.83;9.65;694;66;2872.00;85
7525;66;628780276;7525;208;8217;8302;9.72;0.59;238.86;9.65;692;66;2873.00;85
7527;66;628780286;7527;217;8217;8302;9.65;0.59;238.83;9.65;690;66;2874.00;85
7531;66;628780296;7531;214;8219;8302;9.57;0.58;238.79;9.66;688;66;2875.00;83
7533;66;628780306;7533;214;8219;8302;9.51;0.58;238.77;9.66;686;66;2876.00;83
7537;66;628780317;7537;215;8219;8302;9.42;0.57;238.76;9.66;682;66;2877.00;83
7538;66;628780326;7538;218;8222;8302;9.42;0.58;238.75;9.67;684;66;2878.00;80
7542;66;628780336;7542;219;8222;8302;9.44;0.58;238.76;9.67;680;66;2879.00;80
7546;66;628780348;7546;255;8325;8532;9.22;0.58;238.74;9.56;779;66;2880.00;207
7549;66;628780375;7549;248;8330;8533;9.09;0.57;238.74;9.55;781;66;2881.00;203
7553;66;628780388;7553;238;8339;8533;9.09;0.57;238.76;9.55;786;66;2882.00;194
7558;66;628780398;7558;239;8343;8533;9.05;0.57;238.78;9.55;785;66;2883.00;190
7561;66;628780408;7561;232;8352;8533;9.08;0.57;238.80;9.54;791;66;2884.00;181
7568;66;628780420;7568;230;8356;8533;9.05;0.57;238.80;9.54;788;66;2885.00;177
7572;66;628780433;7572;229;8365;8533;8.93;0.56;238.80;9.54;793;66;2886.00;168
7576;66;628780447;7576;236;8370;8533;8.84;0.55;238.85;9.54;794;66;2887.00;163
7583;66;628780460;7583;242;8378;8534;8.72;0.54;238.86;9.54;795;66;2888.00;156
7588;66;628780471;7588;246;8382;8535;8.57;0.53;238.85;9.54;794;66;2889.00;153
7594;66;628780486;7594;240;8386;8535;8.37;0.52;238.93;9.54;792;66;2890.00;149
7597;66;628780500;7597;240;8393;8536;8.20;0.51;238.96;9.54;796;66;2891.00;143
7600;66;628780513;7600;242;8397;8536;7.99;0.50;239.03;9.54;797;66;2892.00;139
7602;66;628780523;7602;253;8399;8536;7.78;0.48;239.03;9.54;797;66;2893.00;137
7606;66;628780547;7606;259;8405;8536;7.55;0.47;239.11;9.54;799;66;2894.00;131
7609;66;628780564;7609;270;8408;8540;7.41;0.46;239.14;9.54;799;66;2895.00;132
7614;66;628780580;7614;282;8412;8540;7.25;0.45;239.16;9.55;798;66;2896.00;128
7618;66;628780593;7618;269;8413;8540;7.15;0.44;239.21;9.55;795;66;2897.00;127
7621;66;628780604;7621;266;8418;8543;7.11;0.44;239.22;9.55;797;66;2898.00;125
7627;66;628780615;7627;261;8418;8543;7.10;0.44;239.28;9.55;791;66;2899.00;125
7630;66;628780633;7630;262;8420;8543;7.18;0.44;239.28;9.69;790;66;2900.00;123
7635;66;628780650;7635;269;8424;8547;7.19;0.44;239.27;9.69;789;66;2901.00;123
7641;66;628780661;7641;261;8429;8548;7.19;0.44;239.33;9.69;788;66;2902.00;119
7644;66;628780673;7644;255;8429;8548;7.26;0.44;239.30;9.69;785;66;2903.00;119
7647;67;628780684;7647;254;8436;8552;7.23;0.44;239.33;9.70;789;67;2904.00;116
7651;67;628780702;7651;264;8437;8552;7.24;0.44;239.36;9.70;786;67;2905.00;115
7655;67;628780713;7655;262;8437;8552;7.26;0.44;239.34;9.70;782;67;2906.00;115
7659;67;628780733;7659;271;8442;8553;7.19;0.44;239.41;9.71;783;67;2907.00;111
7661;67;628780744;7661;269;8444;8553;7.26;0.44;239.40;9.71;783;67;2908.00;109
7665;67;628780754;7665;268;8448;8559;7.18;0.44;239.43;9.71;783;67;2909.00;111
7668;67;628780767;7668;260;8449;8559;7.16;0.44;239.43;9.71;781;67;2910.00;110
7669;67;628780778;7669;268;8450;8560;7.20;0.44;239.43;9.71;781;67;2911.00;110
7672;67;628780788;7672;272;8453;8560;7.26;0.44;239.44;9.72;781;67;2912.00;107
7675;67;628780799;7675;272;8454;8560;7.22;0.44;239.48;9.72;779;67;2913.00;106
7677;67;628780816;7677;276;8456;8560;7.24;0.44;239.46;9.73;779;67;2914.00;104
7682;67;628780826;7682;285;8456;8560;7.19;0.44;239.47;9.73;774;67;2915.00;104
7684;67;628780838;7684;297;8469;8572;7.26;0.44;239.46;9.72;785;67;2916.00;103
7688;67;628780856;7688;301;8469;8572;7.27;0.44;239.47;9.72;781;67;2917.00;103
7692;67;628780868;7692;303;8471;8572;7.30;0.45;239.51;9.72;779;67;2918.00;101
7694;67;628780883;7694;306;8473;8572;7.31;0.45;239.54;9.72;779;67;2919.00;99
7697;67;628780896;7697;313;8474;8572;7.33;0.45;239.56;9.73;777;67;2920.00;98
7700;67;628780907;7700;318;8474;8572;7.31;0.45;239.55;9.73;774;67;2921.00;98
7702;67;628780918;7702;322;8477;8576;7.38;0.45;239.52;9.72;775;67;2922.00;99
7702;67;628780936;7702;329;8478;8576;7.37;0.45;239.52;9.85;776;67;2923.00;98
7705;67;628780950;7705;338;8481;8580;7.36;0.45;239.53;9.85;776;67;2924.00;99
7706;67;628780963;7706;344;8483;8582;7.39;0.45;239.55;9.85;777;67;2925.00;99
7711;67;628780974;7711;351;8484;8582;7.38;0.45;239.56;9.85;773;67;2926.00;98
7715;67;628780986;7715;349;8484;8582;7.27;0.45;239.60;9.85;769;67;2927.00;98
7718;67;628780997;7718;350;8494;8595;7.34;0.45;239.58;9.84;776;67;2928.00;101
7721;67;628781008;7721;352;8494;8595;7.21;0.44;239.59;9.84;773;67;2929.00;101
7722;67;628781019;7722;360;8494;8595;7.15;0.44;239.60;9.84;772;67;2930.00;101
7725;67;628781029;7725;370;8495;8596;7.10;0.44;239.53;9.83;770;67;2931.00;101
7727;67;628781039;7727;372;8495;8597;7.04;0.43;239.50;9.83;768;67;2932.00;102
7729;67;628781051;7729;378;8495;8597;6.98;0.43;239.53;9.83;766;67;2933.00;102
7734;67;628781062;7734;384;8497;8600;6.90;0.42;239.41;9.83;763;67;2934.00;103
7735;67;628781073;7735;385;8498;8600;6.85;0.42;239.39;9.83;763;67;2935.00;102
7738;67;628781086;7738;388;8498;8600;6.77;0.41;239.37;9.83;760;67;2936.00;102
7738;67;628781098;7738;380;8498;8600;6.78;0.42;239.37;9.83;760;67;2937.00;102
7740;67;628781108;7740;378;8502;8606;6.86;0.42;239.36;9.83;762;67;2938.00;104
7744;67;628781119;7744;370;8502;8606;6.80;0.42;239.28;9.83;758;67;2939.00;104
7749;67;628781132;7749;364;8503;8606;6.80;0.41;239.28;9.83;754;67;2940.00;103
7751;67;628781143;7751;365;8503;8606;6.84;0.42;239.37;9.83;752;67;2941.00;103
7755;67;628781153;7755;366;8506;8610;6.92;0.42;239.41;9.82;751;67;2942.00;104
7757;67;628781164;7757;369;8507;8611;6.95;0.42;239.41;9.82;750;67;2943.00;104
7759;67;628781174;7759;371;8507;8611;6.94;0.42;239.39;9.82;748;67;2944.00;104
7760;67;628781191;7760;377;8508;8612;6.96;0.42;239.37;9.82;748;67;2945.00;104
7761;67;628781201;7761;361;8508;8612;7.01;0.43;239.36;9.82;747;67;2946.00;104
7765;67;628781211;7765;352;8508;8612;7.02;0.43;239.31;9.82;743;67;2947.00;104
7765;67;628781222;7765;339;8508;8612;7.06;0.43;239.31;9.82;743;67;2948.00;104
7767;67;628781240;7767;331;8508;8612;7.09;0.43;239.28;9.82;741;67;2949.00;104
7767;67;628781250;7767;328;8509;8612;7.17;0.44;239.28;9.95;742;67;2950.00;103
7768;67;628781260;7768;319;8509;8612;7.27;0.44;239.27;9.95;741;67;2951.00;103
7769;67;628781271;7769;310;8544;8682;7.59;0.46;239.25;9.91;775;67;2952.00;138
7769;67;628781288;7769;300;8545;8683;7.72;0.47;239.25;9.91;776;67;2953.00;138
7770;67;628781299;7770;291;8553;8683;7.91;0.48;239.25;9.91;783;67;2954.00;130
7773;67;628781312;7773;275;8557;8683;8.01;0.49;239.25;9.90;784;67;2955.00;126
7773;67;628781324;7773;270;8562;8683;8.16;0.50;239.25;9.90;789;67;2956.00;121
7774;67;628781336;7774;263;8565;8683;8.27;0.50;239.26;9.90;791;67;2957.00;118
7774;67;628781349;7774;250;8566;8683;8.39;0.51;239.26;9.90;792;67;2958.00;117
7777;67;628781361;7777;240;8567;8683;8.48;0.51;239.27;9.90;790;67;2959.00;116
7779;67;628781373;7779;224;8569;8684;8.62;0.52;239.27;9.90;790;67;2960.00;115
7780;67;628781387;7780;215;8570;8685;8.78;0.53;239.29;9.89;790;67;2961.00;115
7781;67;628781404;7781;205;8571;8685;8.94;0.54;239.26;9.89;790;67;2962.00;114
7782;67;628781416;7782;201;8574;8689;9.06;0.55;239.26;9.89;792;67;2963.00;115
7784;67;628781428;7784;201;8574;8689;9.15;0.56;239.32;9.89;790;67;2964.00;115
7784;67;628781446;7784;193;8574;8689;9.23;0.56;239.32;9.89;790;67;2965.00;115
7787;67;628781459;7787;189;8574;8689;9.29;0.56;239.37;9.89;787;67;2966.00;115
7787;67;628781481;7787;190;8577;8695;9.47;0.58;239.37;9.89;790;67;2967.00;118
7788;67;628781493;7788;190;8577;8695;9.61;0.58;239.36;9.89;789;67;2968.00;118
7789;67;628781511;7789;187;8578;8695;9.74;0.59;239.35;9.89;789;67;2969.00;117
7790;67;628781535;7790;183;8581;8701;9.90;0.60;239.36;9.88;791;67;2970.00;120
7792;67;628781549;7792;183;8582;8701;10.06;0.61;239.36;9.88;790;67;2971.00;119
7794;67;628781563;7794;185;8582;8701;10.18;0.62;239.33;9.88;788;67;2972.00;119
7794;67;628781575;7794;180;8583;8702;10.35;0.63;239.33;9.88;789;67;2973.00;119
7794;67;628781587;7794;174;8585;8703;10.47;0.64;239.33;10.02;791;67;2974.00;118
7795;67;628781607;7795;170;8586;8703;10.60;0.65;239.33;10.02;791;67;2975.00;117
7800;67;628781619;7800;168;8594;8716;10.62;0.65;239.26;10.01;794;67;2976.00;122
7805;67;628781632;7805;166;8595;8716;10.69;0.65;239.29;10.01;790;67;2977.00;121
7807;67;628781644;7807;164;8595;8716;10.75;0.65;239.29;10.01;788;67;2978.00;121
7808;67;628781656;7808;163;8596;8717;10.86;0.66;239.30;10.00;788;67;2979.00;121
7812;67;628781668;7812;162;8596;8717;10.88;0.66;239.35;10.00;784;67;2980.00;121
7816;67;628781680;7816;160;8598;8721;11.02;0.67;239.31;10.00;782;67;2981.00;123
7817;67;628781692;7817;159;8598;8721;11.13;0.68;239.30;10.00;781;67;2982.00;123
7822;67;628781705;7822;152;8602;8725;11.14;0.68;239.31;10.00;780;67;2983.00;123
7825;67;628781719;7825;149;8602;8725;11.12;0.68;239.32;10.00;777;67;2984.00;123
7827;67;628781733;7827;151;8602;8725;11.20;0.68;239.35;10.00;775;67;2985.00;123
7832;67;628781748;7832;147;8602;8725;11.22;0.68;239.40;10.00;770;67;2986.00;123
7834;67;628781761;7834;150;8602;8725;11.21;0.68;239.39;10.00;768;67;2987.00;123
7839;67;628781775;7839;152;8612;8737;11.25;0.68;239.50;9.99;773;67;2988.00;125
7844;67;628781788;7844;151;8613;8737;11.17;0.68;239.53;9.99;769;67;2989.00;124
7846;67;628781800;7846;151;8614;8737;11.17;0.68;239.55;9.99;768;67;2990.00;123
7848;67;628781811;7848;156;8614;8737;11.17;0.68;239.55;9.99;766;67;2991.00;123
7853;67;628781822;7853;151;8615;8737;11.11;0.67;239.59;10.13;762;67;2992.00;122
7855;67;628781833;7855;146;8615;8737;11.08;0.67;239.63;10.13;760;67;2993.00;122
7859;67;628781845;7859;144;8617;8738;11.07;0.67;239.60;10.13;758;67;2994.00;121
7863;67;628781856;7863;138;8620;8738;10.96;0.66;239.59;10.29;757;67;2995.00;118
7868;67;628781874;7868;132;8623;8744;10.97;0.66;239.59;10.29;755;67;2996.00;121
7870;67;628781887;7870;139;8625;8745;11.01;0.67;239.60;10.29;755;67;2997.00;120
7871;67;628781898;7871;133;8625;8745;11.06;0.67;239.58;10.29;754;67;2998.00;120
7875;67;628781910;7875;127;8626;8745;11.07;0.67;239.55;10.30;751;67;2999.00;119
7878;67;628781923;7878;130;8630;8765;11.08;0.67;239.61;10.30;752;67;3000.00;135
7881;67;628781943;7881;123;8630;8765;11.10;0.67;239.65;10.30;749;67;3001.00;135
7885;67;628781958;7885;121;8632;8765;11.12;0.67;239.67;10.43;747;67;3002.00;133
7887;67;628781972;7887;119;8633;8766;11.17;0.68;239.72;10.43;746;67;3003.00;133
7889;67;628781984;7889;116;8636;8770;11.12;0.67;239.72;10.43;747;67;3004.00;134
7890;67;628781996;7890;112;8636;8770;11.05;0.67;239.69;10.43;746;67;3005.00;134
7892;67;628782013;7892;111;8640;8773;10.99;0.67;239.71;10.56;748;67;3006.00;133
7894;67;628782024;7894;105;8643;8773;11.01;0.67;239.72;10.58;749;67;3007.00;130
7894;67;628782036;7894;105;8644;8773;11.03;0.67;239.72;10.58;750;67;3008.00;129
7898;67;628782047;7898;104;8646;8773;11.03;0.67;239.77;10.59;748;67;3009.00;127
7901;67;628782058;7901;101;8647;8777;11.11;0.67;239.76;10.59;746;67;3010.00;130
7905;67;628782070;7905;109;8650;8777;11.09;0.67;239.82;10.60;745;67;3011.00;127
7911;67;628782083;7911;114;8652;8777;11.08;0.67;239.88;10.60;741;67;3012.00;125
7915;67;628782098;7915;113;8654;8777;11.11;0.67;239.86;10.60;739;67;3013.00;123
7917;67;628782113;7917;113;8657;8778;11.07;0.67;239.85;10.60;740;67;3014.00;121
7920;67;628782130;7920;118;8659;8780;11.10;0.67;239.89;10.60;739;67;3015.00;121
7923;67;628782146;7923;120;8661;8780;11.03;0.67;239.88;10.60;738;67;3016.00;119
7923;67;628782161;7923;126;8662;8781;11.09;0.67;239.88;10.59;739;67;3017.00;119
7925;67;628782176;7925;132;8663;8781;11.06;0.67;239.87;10.60;738;67;3018.00;118
7929;67;628782191;7929;136;8664;8781;11.03;0.67;239.83;10.61;735;67;3019.00;117
7931;67;628782210;7931;138;8666;8781;10.99;0.67;239.83;10.62;735;67;3020.00;115
7933;67;628782223;7933;144;8666;8781;10.97;0.67;239.85;10.62;733;67;3021.00;115
7936;67;628782236;7936;147;8667;8781;10.96;0.67;239.82;10.64;731;67;3022.00;114
7941;67;628782248;7941;158;8668;8781;10.96;0.67;239.82;10.65;727;67;3023.00;113
7943;67;628782260;7943;187;8731;8908;10.68;0.66;239.79;10.59;788;67;3024.00;177
7945;67;628782282;7945;181;8734;8909;10.69;0.66;239.78;10.61;789;67;3025.00;175
7947;67;628782294;7947;176;8741;8909;10.79;0.66;239.79;10.60;794;67;3026.00;168
7949;67;628782306;7949;178;8746;8909;10.79;0.66;239.80;10.61;797;67;3027.00;163
7949;67;628782319;7949;186;8752;8909;10.75;0.66;239.80;10.61;803;67;3028.00;157
7953;67;628782331;7953;192;8756;8909;10.63;0.66;239.78;10.61;803;67;3029.00;153
7954;67;628782347;7954;196;8761;8909;10.63;0.66;239.79;10.61;807;67;3030.00;148
7959;67;628782359;7959;197;8764;8909;10.54;0.65;239.75;10.63;805;67;3031.00;145
7962;67;628782371;7962;204;8768;8910;10.51;0.65;239.71;10.63;806;67;3032.00;142
7967;67;628782383;7967;205;8772;8911;10.56;0.65;239.69;10.63;805;67;3033.00;139
7969;67;628782403;7969;209;8776;8911;10.53;0.65;239.71;10.64;807;67;3034.00;135
7970;67;628782416;7970;214;8781;8912;10.44;0.64;239.73;10.65;811;67;3035.00;131
7972;67;628782428;7972;213;8786;8912;10.39;0.64;239.81;10.66;814;67;3036.00;126
7974;67;628782441;7974;217;8789;8912;10.31;0.64;239.79;10.66;815;67;3037.00;123
7980;67;628782452;7980;225;8793;8912;10.15;0.63;239.78;10.66;813;67;3038.00;119
7983;67;628782468;7983;226;8798;8916;10.06;0.62;239.79;10.68;815;67;3039.00;118
7986;67;628782490;7986;231;8804;8916;9.92;0.61;239.80;10.69;818;67;3040.00;112
7988;67;628782511;7988;239;8806;8916;9.75;0.60;239.79;10.68;818;67;3041.00;110
7991;67;628782530;7991;242;8811;8919;9.57;0.59;239.78;10.69;820;67;3042.00;108
7995;67;628782551;7995;251;8812;8919;9.38;0.58;239.75;10.69;817;67;3043.00;107
8000;67;628782564;8000;252;8814;8919;9.24;0.57;239.71;10.70;814;67;3044.00;105
8000;67;628782582;8000;260;8818;8923;9.11;0.56;239.71;10.70;818;67;3045.00;105
8005;67;628782596;8005;264;8820;8924;8.99;0.55;239.67;10.70;815;67;3046.00;104
8012;67;628782609;8012;271;8821;8924;8.86;0.55;239.68;10.71;809;67;3047.00;103
8013;67;628782629;8013;278;8823;8928;8.85;0.55;239.65;10.70;810;67;3048.00;105
8017;67;628782641;8017;279;8824;8928;8.81;0.54;239.62;10.70;807;67;3049.00;104
8021;67;628782654;8021;275;8825;8928;8.76;0.54;239.56;10.71;804;67;3050.00;103
8023;67;628782666;8023;275;8828;8929;8.69;0.53;239.54;10.72;805;67;3051.00;101
8028;67;628782677;8028;273;8829;8929;8.51;0.52;239.59;10.73;801;67;3052.00;100
8031;67;628782689;8031;275;8834;8935;8.49;0.52;239.58;10.72;803;67;3053.00;101
8036;67;628782701;8036;275;8834;8935;8.38;0.51;239.63;10.72;798;67;3054.00;101
8043;68;628782712;8043;277;8836;8936;8.21;0.50;239.61;10.73;793;68;3055.00;100
8048;68;628782739;8048;276;8837;8936;8.03;0.49;239.64;10.73;789;68;3056.00;99
8053;68;628782751;8053;277;8838;8936;7.91;0.48;239.68;10.74;785;68;3057.00;98
8056;68;628782769;8056;285;8840;8936;7.80;0.48;239.69;10.74;784;68;3058.00;96
8061;68;628782793;8061;290;8840;8936;7.60;0.47;239.73;10.74;779;68;3059.00;96
8064;68;628782805;8064;290;8863;8972;7.58;0.47;239.88;10.72;799;68;3060.00;109
8067;68;628782821;8067;289;8865;8972;7.45;0.46;239.93;10.72;798;68;3061.00;107
8069;68;628782844;8069;285;8869;8972;7.37;0.46;239.94;10.72;800;68;3062.00;103
8073;68;628782862;8073;282;8871;8972;7.29;0.45;240.01;10.72;798;68;3063.00;101
8076;68;628782874;8076;290;8874;8972;7.24;0.45;240.07;10.72;798;68;3064.00;98
8079;68;628782887;8079;292;8874;8972;7.19;0.44;240.08;10.72;795;68;3065.00;98
8080;68;628782899;8080;296;8879;8976;7.11;0.44;240.08;10.72;799;68;3066.00;97
8083;68;628782912;8083;290;8879;8976;7.09;0.44;240.07;10.72;796;68;3067.00;97
8084;68;628782924;8084;290;8882;8980;7.11;0.44;240.08;10.72;798;68;3068.00;98
8086;68;628782939;8086;293;8883;8981;7.08;0.44;240.10;10.72;797;68;3069.00;98
8088;68;628782951;8088;292;8884;8981;7.08;0.44;240.14;10.72;796;68;3070.00;97
8089;68;628782963;8089;296;8885;8981;7.12;0.44;240.12;10.72;796;68;3071.00;96
8094;68;628782975;8094;305;8896;8994;7.17;0.44;240.11;10.71;802;68;3072.00;98
8096;68;628782988;8096;306;8897;8994;7.12;0.44;240.14;10.70;801;68;3073.00;97
8099;68;628783000;8099;307;8897;8994;7.12;0.44;240.13;10.70;798;68;3074.00;97
8104;68;628783012;8104;300;8898;8995;7.09;0.44;240.15;10.70;794;68;3075.00;97
8108;68;628783022;8108;300;8898;8996;7.00;0.43;240.13;10.70;790;68;3076.00;98
8111;68;628783034;8111;304;8898;8996;6.94;0.43;240.11;10.70;787;68;3077.00;98
8116;68;628783044;8116;299;8901;8999;6.90;0.42;240.06;10.70;785;68;3078.00;98
8120;68;628783055;8120;303;8901;8999;6.85;0.42;240.06;10.70;781;68;3079.00;98
8123;68;628783065;8123;301;8901;8999;6.81;0.42;240.05;10.70;778;68;3080.00;98
8125;68;628783077;8125;301;8901;8999;6.71;0.41;240.04;10.70;776;68;3081.00;98
8130;68;628783091;8130;304;8905;9005;6.73;0.41;240.02;10.69;775;68;3082.00;100
8133;68;628783103;8133;307;8906;9005;6.70;0.41;240.02;10.69;773;68;3083.00;99
8136;68;628783114;8136;307;8906;9005;6.65;0.41;240.10;10.69;770;68;3084.00;99
8141;68;628783124;8141;312;8906;9005;6.51;0.40;240.07;10.69;765;68;3085.00;99
8145;68;628783133;8145;317;8909;9009;6.48;0.40;240.05;10.69;764;68;3086.00;100
8149;68;628783144;8149;323;8910;9010;6.40;0.39;240.08;10.69;761;68;3087.00;100
8150;68;628783154;8150;324;8910;9010;6.43;0.39;240.08;10.69;760;68;3088.00;100
8156;68;628783163;8156;328;8911;9011;6.34;0.39;240.07;10.69;755;68;3089.00;100
8161;68;628783174;8161;334;8911;9011;6.32;0.39;240.12;10.69;750;68;3090.00;100
8163;68;628783184;8163;337;8911;9011;6.30;0.39;240.07;10.69;748;68;3091.00;100
8169;68;628783194;8169;341;8911;9011;6.17;0.38;240.02;10.69;742;68;3092.00;100
8173;68;628783208;8173;344;8911;9011;6.07;0.37;239.97;10.69;738;68;3093.00;100
8174;68;628783221;8174;349;8911;9011;6.06;0.37;239.97;10.69;737;68;3094.00;100
8178;68;628783237;8178;353;8911;9011;6.04;0.37;239.98;10.69;733;68;3095.00;100
8181;68;628783248;8181;364;8951;9081;6.35;0.39;239.97;10.64;770;68;3096.00;130
8185;68;628783264;8185;361;8951;9082;6.32;0.39;239.94;10.64;766;68;3097.00;131
8186;68;628783273;8186;363;8958;9082;6.48;0.40;239.92;10.63;772;68;3098.00;124
8188;68;628783283;8188;367;8961;9082;6.52;0.40;239.97;10.63;773;68;3099.00;121
8191;68;628783294;8191;367;8965;9082;6.55;0.40;239.96;10.63;774;68;3100.00;117
8192;68;628783308;8192;369;8970;9082;6.57;0.40;239.95;10.63;778;68;3101.00;112
8196;68;628783319;8196;372;8974;9082;6.54;0.40;239.95;10.62;778;68;3102.00;108
8197;68;628783329;8197;376;8975;9082;6.53;0.40;239.95;10.62;778;68;3103.00;107
8198;68;628783340;8198;382;8977;9083;6.58;0.40;239.94;10.62;779;68;3104.00;106
8198;68;628783350;8198;385;8979;9085;6.58;0.40;239.94;10.62;781;68;3105.00;106
8199;68;628783361;8199;386;8980;9085;6.52;0.40;239.95;10.62;781;68;3106.00;105
8200;68;628783371;8200;375;8983;9089;6.53;0.40;239.98;10.62;783;68;3107.00;106
8202;68;628783382;8202;363;8983;9089;6.53;0.40;240.02;10.62;781;68;3108.00;106
8204;68;628783394;8204;353;8983;9089;6.59;0.40;240.03;10.62;779;68;3109.00;106
8204;68;628783405;8204;341;8983;9089;6.68;0.41;240.03;10.62;779;68;3110.00;106
8207;68;628783415;8207;333;8987;9095;6.80;0.42;240.04;10.61;780;68;3111.00;108
8209;69;628783428;8209;326;8987;9095;6.92;0.42;240.02;10.61;778;69;3112.00;108
8209;69;628783451;8209;316;8988;9095;7.02;0.43;240.02;10.61;779;69;3113.00;107
8211;69;628783463;8211;312;8990;9098;7.13;0.44;240.10;10.61;779;69;3114.00;108
8213;69;628783475;8213;303;8991;9098;7.21;0.44;240.10;10.75;778;69;3115.00;107
8214;69;628783493;8214;285;8992;9098;7.33;0.45;240.09;10.75;778;69;3116.00;106
8218;69;628783518;8218;269;8992;9099;7.43;0.45;240.06;10.75;774;69;3117.00;107
8219;69;628783530;8219;253;8993;9100;7.57;0.46;240.04;10.75;774;69;3118.00;107
8221;69;628783541;8221;240;8993;9100;7.75;0.47;240.01;10.75;772;69;3119.00;107
8223;69;628783555;8223;235;9013;9126;8.13;0.50;240.03;10.73;790;69;3120.00;113
8224;69;628783569;8224;222;9013;9126;8.37;0.51;240.00;10.73;789;69;3121.00;113
8226;69;628783581;8226;208;9014;9126;8.58;0.52;239.99;10.73;788;69;3122.00;112
8227;69;628783595;8227;200;9016;9127;8.80;0.54;239.99;10.72;789;69;3123.00;111
8229;69;628783608;8229;195;9016;9127;9.00;0.55;239.96;10.72;787;69;3124.00;111
8233;69;628783626;8233;188;9019;9131;9.20;0.56;239.96;10.72;786;69;3125.00;112
8233;70;628783639;8233;181;9019;9131;9.39;0.57;239.96;10.72;786;70;3126.00;112
8234;70;628783662;8234;172;9023;9135;9.54;0.58;239.96;10.72;789;70;3127.00;112
8238;70;628783675;8238;173;9023;9135;9.69;0.59;239.93;10.72;785;70;3128.00;112
8239;70;628783688;8239;163;9023;9135;9.80;0.60;239.95;10.72;784;70;3129.00;112
8242;70;628783700;8242;165;9023;9135;9.87;0.60;239.95;10.72;781;70;3130.00;112
8243;70;628783720;8243;164;9023;9135;10.02;0.61;240.03;10.72;780;70;3131.00;112
8245;70;628783732;8245;163;9033;9147;10.17;0.62;240.05;10.71;788;70;3132.00;114
8248;70;628783751;8248;164;9033;9147;10.29;0.63;240.05;10.71;785;70;3133.00;114
8250;70;628783765;8250;163;9034;9147;10.44;0.63;240.11;10.70;784;70;3134.00;113
8254;70;628783777;8254;163;9034;9147;10.54;0.64;240.13;10.70;780;70;3135.00;113
8257;70;628783789;8257;162;9034;9147;10.72;0.65;240.11;10.70;777;70;3136.00;113
8259;70;628783802;8259;162;9034;9147;10.83;0.66;240.22;10.70;775;70;3137.00;113
8263;70;628783814;8263;159;9034;9148;10.94;0.66;240.25;10.70;771;70;3138.00;114
8266;71;628783826;8266;156;9034;9148;10.99;0.67;240.32;10.70;768;71;3139.00;114
8271;71;628783850;8271;151;9038;9154;11.07;0.67;240.30;10.70;767;71;3140.00;116
8275;71;628783863;8275;152;9039;9155;11.12;0.67;240.35;10.70;764;71;3141.00;116
8277;71;628783875;8277;152;9040;9155;11.18;0.68;240.35;10.70;763;71;3142.00;115
8281;71;628783887;8281;148;9040;9155;11.20;0.68;240.36;10.70;759;71;3143.00;115
8285;71;628783899;8285;149;9043;9159;11.31;0.68;240.39;10.69;758;71;3144.00;116
8285;72;628783918;8285;145;9043;9159;11.37;0.69;240.39;10.69;758;72;3145.00;116
8287;72;628783940;8287;139;9043;9159;11.46;0.69;240.42;10.69;756;72;3146.00;116
8289;72;628783952;8289;145;9044;9160;11.51;0.70;240.45;10.69;755;72;3147.00;116
8289;72;628783963;8289;145;9047;9164;11.57;0.70;240.45;10.69;758;72;3148.00;117
8292;72;628783975;8292;147;9047;9164;11.60;0.70;240.47;10.69;755;72;3149.00;117
8294;72;628783990;8294;147;9050;9170;11.68;0.71;240.49;10.69;756;72;3150.00;120
8297;72;628784002;8297;143;9050;9170;11.74;0.71;240.49;10.69;753;72;3151.00;120
8299;73;628784014;8299;144;9051;9170;11.78;0.72;240.51;10.69;752;73;3152.00;119
8304;73;628784049;8304;145;9051;9170;11.82;0.72;240.46;10.69;747;73;3153.00;119
8309;73;628784063;8309;144;9054;9174;11.88;0.72;240.51;10.68;745;73;3154.00;120
8314;73;628784076;8314;144;9054;9174;11.93;0.72;240.49;10.68;740;73;3155.00;120
8315;73;628784089;8315;141;9055;9174;11.99;0.73;240.52;10.68;740;73;3156.00;119
8319;73;628784107;8319;146;9055;9174;12.13;0.74;240.52;10.68;736;73;3157.00;119
8322;73;628784135;8322;144;9056;9175;12.18;0.74;240.55;10.68;734;73;3158.00;119
8326;73;628784152;8326;142;9057;9176;12.15;0.74;240.61;10.68;731;73;3159.00;119
8330;73;628784168;8330;141;9058;9176;12.12;0.73;240.65;10.68;728;73;3160.00;118
8335;73;628784185;8335;136;9059;9177;12.08;0.73;240.74;10.68;724;73;3161.00;118
8338;73;628784209;8338;130;9059;9177;12.09;0.73;240.76;10.68;721;73;3162.00;118
8342;73;628784222;8342;132;9059;9177;12.01;0.73;240.81;10.68;717;73;3163.00;118
8344;73;628784235;8344;127;9060;9177;12.00;0.73;240.78;10.69;716;73;3164.00;117
8347;73;628784250;8347;126;9061;9177;12.02;0.73;240.87;10.71;714;73;3165.00;116
8350;73;628784263;8350;121;9061;9177;12.05;0.73;240.86;10.71;711;73;3166.00;116
8354;73;628784274;8354;116;9061;9177;12.07;0.73;240.87;10.71;707;73;3167.00;116
8356;73;628784286;8356;141;9130;9304;11.70;0.72;240.86;10.63;774;73;3168.00;174
8359;74;628784311;8359;127;9131;9305;11.76;0.72;240.88;10.62;772;74;3169.00;174
8363;74;628784337;8363;116;9138;9305;11.76;0.72;240.86;10.62;775;74;3170.00;167
8365;74;628784352;8365;122;9140;9305;11.81;0.72;240.89;10.62;775;74;3171.00;165
8370;74;628784366;8370;116;9144;9305;11.86;0.72;240.90;10.61;774;74;3172.00;161
8373;74;628784378;8373;115;9148;9305;11.89;0.73;240.90;10.61;775;74;3173.00;157
8379;74;628784391;8379;111;9152;9305;11.94;0.73;240.99;10.61;773;74;3174.00;153
8381;74;628784404;8381;106;9154;9305;11.99;0.73;241.03;10.61;773;74;3175.00;151
8382;74;628784430;8382;111;9160;9306;11.99;0.73;241.02;10.61;778;74;3176.00;146
8386;74;628784444;8386;110;9162;9307;11.91;0.72;240.97;10.61;776;74;3177.00;145
8390;74;628784457;8390;102;9166;9307;11.89;0.72;241.05;10.61;776;74;3178.00;141
8394;74;628784470;8394;100;9168;9308;11.81;0.72;241.08;10.61;774;74;3179.00;140
8395;74;628784486;8395;103;9173;9308;11.81;0.72;241.09;10.61;778;74;3180.00;135
8399;74;628784499;8399;108;9174;9308;11.75;0.72;241.11;10.61;775;74;3181.00;134
8402;74;628784511;8402;110;9177;9308;11.64;0.71;241.13;10.61;775;74;3182.00;131
8405;74;628784523;8405;117;9180;9312;11.54;0.70;241.17;10.61;775;74;3183.00;132
8406;74;628784536;8406;123;9182;9312;11.48;0.70;241.17;10.61;776;74;3184.00;130
8412;74;628784548;8412;131;9184;9312;11.33;0.69;241.21;10.62;772;74;3185.00;128
8413;74;628784567;8413;140;9187;9315;11.30;0.69;241.24;10.61;774;74;3186.00;128
8416;74;628784586;8416;147;9187;9315;11.24;0.68;241.25;10.61;771;74;3187.00;128
8419;74;628784599;8419;154;9189;9315;11.19;0.68;241.26;10.62;770;74;3188.00;126
8421;74;628784612;8421;165;9193;9319;11.05;0.67;241.32;10.64;772;74;3189.00;126
8425;74;628784631;8425;172;9195;9320;11.06;0.67;241.29;10.63;770;74;3190.00;125
8429;74;628784645;8429;176;9196;9322;11.02;0.67;241.29;10.63;767;74;3191.00;126
8433;74;628784659;8433;189;9202;9326;10.99;0.67;241.28;10.65;769;74;3192.00;124
8434;74;628784674;8434;194;9202;9326;10.98;0.67;241.30;10.65;768;74;3193.00;124
8437;74;628784687;8437;201;9203;9326;10.99;0.67;241.30;10.66;766;74;3194.00;123
8439;74;628784699;8439;203;9205;9328;10.89;0.66;241.34;10.66;766;74;3195.00;123
8441;75;628784712;8441;212;9207;9328;10.76;0.66;241.41;10.68;766;75;3196.00;121
8443;75;628784731;8443;215;9211;9334;10.64;0.65;241.40;10.68;768;75;3197.00;123
8446;75;628784745;8446;218;9214;9334;10.40;0.64;241.43;10.69;768;75;3198.00;120
8448;75;628784761;8448;218;9214;9335;10.19;0.62;241.46;10.69;766;75;3199.00;121
8450;75;628784773;8450;225;9216;9335;9.95;0.61;241.45;10.72;766;75;3200.00;119
8452;75;628784796;8452;235;9216;9335;9.83;0.60;241.49;10.72;764;75;3201.00;119
8453;75;628784807;8453;245;9218;9335;9.73;0.60;241.47;10.74;765;75;3202.00;117
8456;75;628784818;8456;250;9218;9335;9.61;0.59;241.44;10.74;762;75;3203.00;117
8456;75;628784829;8456;255;9230;9347;9.55;0.59;241.44;10.75;774;75;3204.00;117
8462;75;628784840;8462;265;9230;9347;9.43;0.58;241.46;10.75;768;75;3205.00;117
8463;75;628784851;8463;268;9232;9347;9.31;0.57;241.45;10.76;769;75;3206.00;115
8466;75;628784862;8466;280;9233;9347;9.17;0.56;241.44;10.76;767;75;3207.00;114
8468;75;628784872;8468;287;9234;9347;9.04;0.55;241.43;10.77;766;75;3208.00;113
8475;75;628784882;8475;285;9234;9347;8.84;0.54;241.37;10.77;759;75;3209.00;113
8476;75;628784894;8476;285;9239;9351;8.71;0.53;241.36;10.78;763;75;3210.00;112
8479;75;628784905;8479;284;9239;9351;8.54;0.52;241.34;10.78;760;75;3211.00;112
8481;75;628784916;8481;283;9243;9355;8.47;0.52;241.33;10.79;762;75;3212.00;112
8482;75;628784927;8482;283;9245;9356;8.41;0.51;241.31;10.79;763;75;3213.00;111
8486;75;628784937;8486;279;9247;9356;8.30;0.51;241.31;10.79;761;75;3214.00;109
8489;75;628784947;8489;277;9249;9356;8.23;0.50;241.32;10.81;760;75;3215.00;107
8491;75;628784957;8491;278;9258;9369;8.17;0.50;241.30;10.80;767;75;3216.00;111
8493;75;628784969;8493;277;9259;9369;8.19;0.50;241.30;10.80;766;75;3217.00;110
8495;75;628784978;8495;284;9262;9369;8.18;0.50;241.29;10.81;767;75;3218.00;107
8498;75;628784988;8498;282;9263;9370;8.23;0.50;241.29;10.81;765;75;3219.00;107
8499;75;628784998;8499;290;9265;9371;8.19;0.50;241.28;10.82;766;75;3220.00;106
8503;75;628785007;8503;287;9265;9371;8.14;0.50;241.34;10.82;762;75;3221.00;106
8503;75;628785017;8503;289;9267;9374;8.13;0.50;241.34;10.82;764;75;3222.00;107
8508;75;628785026;8508;290;9270;9374;8.04;0.49;241.33;10.83;762;75;3223.00;104
8510;75;628785036;8510;289;9270;9374;7.98;0.49;241.30;10.83;760;75;3224.00;104
8515;75;628785045;8515;293;9272;9374;7.83;0.48;241.29;10.84;757;75;3225.00;102
8519;75;628785054;8519;289;9276;9380;7.72;0.47;241.26;10.83;757;75;3226.00;104
8525;75;628785067;8525;295;9277;9380;7.51;0.46;241.25;10.83;752;75;3227.00;103
8530;75;628785082;8530;302;9279;9380;7.28;0.44;241.33;10.84;749;75;3228.00;101
8534;75;628785091;8534;307;9279;9380;7.07;0.43;241.38;10.84;745;75;3229.00;101
8535;75;628785100;8535;306;9284;9384;6.93;0.42;241.37;10.85;749;75;3230.00;100
8538;75;628785108;8538;301;9285;9385;6.80;0.42;241.39;10.85;747;75;3231.00;100
8538;75;628785117;8538;300;9285;9385;6.74;0.41;241.39;10.85;747;75;3232.00;100
8542;75;628785124;8542;305;9286;9386;6.62;0.41;241.40;10.84;744;75;3233.00;100
8543;75;628785134;8543;304;9288;9386;6.55;0.40;241.43;10.85;745;75;3234.00;98
8546;75;628785142;8546;307;9288;9386;6.51;0.40;241.41;10.85;742;75;3235.00;98
8550;75;628785151;8550;313;9290;9386;6.51;0.40;241.42;10.85;740;75;3236.00;96
8553;75;628785159;8553;311;9290;9386;6.58;0.40;241.44;10.85;737;75;3237.00;96
8557;75;628785167;8557;304;9292;9386;6.60;0.41;241.44;10.85;735;75;3238.00;94
8559;75;628785176;8559;308;9292;9386;6.72;0.41;241.43;10.85;733;75;3239.00;94
8560;75;628785186;8560;303;9343;9511;7.14;0.45;241.44;10.79;783;75;3240.00;168
8564;75;628785202;8564;300;9346;9512;7.19;0.45;241.48;10.79;782;75;3241.00;166
8567;75;628785212;8567;304;9359;9512;7.33;0.46;241.50;10.78;792;75;3242.00;153
8571;75;628785221;8571;305;9366;9512;7.30;0.45;241.49;10.77;795;75;3243.00;146
8574;75;628785231;8574;308;9371;9512;7.21;0.45;241.48;10.77;797;75;3244.00;141
8578;75;628785240;8578;307;9375;9512;7.09;0.44;241.48;10.77;797;75;3245.00;137
8579;75;628785250;8579;313;9381;9512;7.07;0.44;241.50;10.76;802;75;3246.00;131
8583;75;628785259;8583;317;9382;9512;6.96;0.43;241.46;10.76;799;75;3247.00;130
8587;75;628785268;8587;320;9388;9513;6.93;0.43;241.46;10.76;801;75;3248.00;125
8589;75;628785277;8589;326;9390;9514;6.90;0.43;241.46;10.76;801;75;3249.00;124
8592;75;628785287;8592;321;9392;9514;6.84;0.42;241.44;10.76;800;75;3250.00;122
8596;75;628785297;8596;322;9397;9518;6.79;0.42;241.50;10.76;801;75;3251.00;121
8598;75;628785306;8598;320;9398;9518;6.71;0.41;241.53;10.76;800;75;3252.00;120
8602;75;628785316;8602;329;9398;9518;6.60;0.41;241.54;10.76;796;75;3253.00;120
8602;75;628785326;8602;338;9401;9518;6.50;0.40;241.54;10.76;799;75;3254.00;117
8605;75;628785335;8605;343;9404;9524;6.47;0.40;241.53;10.75;799;75;3255.00;120
8609;75;628785345;8609;346;9405;9524;6.44;0.40;241.50;10.76;796;75;3256.00;119
8611;75;628785354;8611;349;9406;9524;6.44;0.40;241.51;10.75;795;75;3257.00;118
8614;75;628785365;8614;356;9408;9527;6.50;0.40;241.54;10.75;794;75;3258.00;119
8616;75;628785375;8616;343;9409;9527;6.52;0.40;241.61;10.75;793;75;3259.00;118
8618;75;628785391;8618;331;9410;9527;6.57;0.40;241.61;10.75;792;75;3260.00;117
8622;75;628785401;8622;322;9410;9528;6.65;0.41;241.66;10.75;788;75;3261.00;118
8624;75;628785412;8624;312;9411;9529;6.72;0.41;241.67;10.75;787;75;3262.00;118
8626;75;628785423;8626;307;9411;9529;6.76;0.41;241.70;10.75;785;75;3263.00;118
8631;75;628785433;8631;311;9422;9542;6.96;0.43;241.75;10.74;791;75;3264.00;120
8631;75;628785445;8631;308;9422;9542;7.06;0.43;241.75;10.74;791;75;3265.00;120
8635;75;628785461;8635;304;9422;9542;7.14;0.44;241.71;10.74;787;75;3266.00;120
8638;75;628785472;8638;298;9423;9543;7.16;0.44;241.73;10.74;785;75;3267.00;120
8643;75;628785484;8643;303;9423;9543;7.21;0.44;241.67;10.74;780;75;3268.00;120
8645;75;628785495;8645;304;9426;9547;7.31;0.45;241.67;10.73;781;75;3269.00;121
8648;75;628785509;8648;305;9426;9547;7.35;0.45;241.70;10.73;778;75;3270.00;121
8654;75;628785521;8654;298;9430;9551;7.43;0.45;241.72;10.73;776;75;3271.00;121
8655;75;628785533;8655;298;9430;9551;7.56;0.46;241.74;10.73;775;75;3272.00;121
8658;75;628785544;8658;295;9430;9551;7.60;0.46;241.73;10.73;772;75;3273.00;121
8661;75;628785555;8661;295;9430;9551;7.64;0.46;241.76;10.73;769;75;3274.00;121
8662;75;628785567;8662;298;9430;9551;7.72;0.47;241.76;10.73;768;75;3275.00;121
8666;75;628785577;8666;301;9439;9563;7.78;0.47;241.80;10.72;773;75;3276.00;124
8668;75;628785589;8668;289;9439;9563;7.94;0.48;241.80;10.72;771;75;3277.00;124
8671;75;628785601;8671;282;9441;9563;8.08;0.49;241.78;10.72;770;75;3278.00;122
8672;75;628785613;8672;274;9441;9563;8.21;0.50;241.77;10.72;769;75;3279.00;122
8674;75;628785624;8674;264;9441;9563;8.29;0.50;241.77;10.72;767;75;3280.00;122
8674;75;628785634;8674;259;9441;9563;8.38;0.51;241.77;10.72;767;75;3281.00;122
8674;75;628785646;8674;253;9441;9564;8.49;0.52;241.77;10.72;767;75;3282.00;123
8677;75;628785657;8677;247;9441;9564;8.52;0.52;241.71;10.72;764;75;3283.00;123
8678;75;628785669;8678;247;9445;9570;8.58;0.52;241.71;10.71;767;75;3284.00;125
8680;75;628785687;8680;240;9448;9572;8.65;0.53;241.75;10.87;768;75;3285.00;124
8683;75;628785700;8683;218;9449;9572;8.79;0.53;241.74;10.87;766;75;3286.00;123
8687;75;628785712;8687;198;9449;9572;8.92;0.54;241.79;10.87;762;75;3287.00;123
8688;75;628785725;8688;183;9452;9576;9.12;0.55;241.77;10.86;764;75;3288.00;124
8692;75;628785737;8692;175;9452;9576;9.23;0.56;241.85;10.86;760;75;3289.00;124
8695;75;628785749;8695;167;9452;9576;9.34;0.57;241.87;10.86;757;75;3290.00;124
8697;75;628785762;8697;151;9453;9577;9.51;0.58;241.91;10.86;756;75;3291.00;124
8701;75;628785774;8701;150;9456;9581;9.62;0.59;241.90;10.86;755;75;3292.00;125
8704;75;628785792;8704;145;9456;9581;9.76;0.59;241.92;10.86;752;75;3293.00;125
8707;75;628785804;8707;147;9458;9584;9.89;0.60;241.95;10.86;751;75;3294.00;126
8709;75;628785818;8709;146;9458;9584;10.09;0.61;241.96;10.86;749;75;3295.00;126
8711;75;628785829;8711;144;9459;9584;10.25;0.62;241.95;10.86;748;75;3296.00;125
8712;75;628785843;8712;137;9459;9584;10.31;0.63;241.95;10.86;747;75;3297.00;125
8714;75;628785854;8714;142;9462;9588;10.43;0.63;241.97;10.85;748;75;3298.00;126
8717;75;628785867;8717;141;9462;9588;10.54;0.64;242.00;10.85;745;75;3299.00;126
8721;75;628785881;8721;145;9466;9607;10.66;0.65;241.99;10.85;745;75;3300.00;141
8722;76;628785899;8722;143;9466;9607;10.84;0.66;242.00;10.85;744;76;3301.00;141
8725;76;628785924;8725;138;9467;9608;10.93;0.66;242.06;10.85;742;76;3302.00;141
8729;76;628785943;8729;135;9468;9609;10.99;0.67;242.06;10.85;739;76;3303.00;141
8732;76;628785955;8732;135;9468;9609;11.07;0.67;242.02;10.85;736;76;3304.00;141
8737;76;628785968;8737;135;9469;9610;11.13;0.67;242.00;10.84;732;76;3305.00;141
8738;76;628785980;8738;132;9470;9610;11.18;0.68;241.99;10.84;732;76;3306.00;140
8740;76;628785992;8740;126;9470;9610;11.23;0.68;241.99;10.84;730;76;3307.00;140
8743;77;628786004;8743;117;9471;9610;11.27;0.68;241.99;10.84;728;77;3308.00;139
8746;77;628786033;8746;119;9471;9610;11.41;0.69;242.01;10.84;725;77;3309.00;139
8748;77;628786046;8748;118;9471;9610;11.57;0.70;242.04;10.84;723;77;3310.00;139
8752;77;628786058;8752;121;9471;9610;11.66;0.71;242.02;10.84;719;77;3311.00;139
8754;77;628786070;8754;137;9532;9737;11.63;0.71;242.04;10.78;778;77;3312.00;205
8758;77;628786092;8758;136;9538;9738;11.67;0.72;242.08;10.77;780;77;3313.00;200
8759;77;628786114;8759;133;9545;9738;11.74;0.72;242.10;10.76;786;77;3314.00;193
8761;77;628786136;8761;132;9546;9738;11.81;0.72;242.10;10.76;785;77;3315.00;192
8762;77;628786159;8762;130;9551;9738;11.80;0.72;242.12;10.76;789;77;3316.00;187
8766;77;628786178;8766;133;9552;9738;11.76;0.72;242.13;10.76;786;77;3317.00;186
8770;77;628786197;8770;138;9556;9738;11.77;0.72;242.16;10.76;786;77;3318.00;182
8773;77;628786220;8773;144;9560;9738;11.75;0.72;242.19;10.76;787;77;3319.00;178
8778;77;628786250;8778;148;9562;9739;11.66;0.71;242.24;10.76;784;77;3320.00;177
8779;77;628786283;8779;150;9565;9740;11.68;0.71;242.25;10.76;786;77;3321.00;175
8783;77;628786300;8783;150;9568;9740;11.62;0.71;242.30;10.76;785;77;3322.00;172
8785;77;628786319;8785;161;9571;9741;11.56;0.71;242.34;10.76;786;77;3323.00;170
8790;77;628786336;8790;167;9573;9741;11.56;0.71;242.46;10.76;783;77;3324.00;168
8795;77;628786353;8795;168;9576;9741;11.55;0.71;242.48;10.76;781;77;3325.00;165
8796;77;628786373;8796;169;9577;9741;11.55;0.71;242.50;10.76;781;77;3326.00;164
8800;77;628786389;8800;174;9579;9745;11.48;0.70;242.53;10.76;779;77;3327.00;166
8807;77;628786406;8807;179;9580;9745;11.43;0.70;242.53;10.76;773;77;3328.00;165
8809;77;628786423;8809;178;9583;9745;11.44;0.70;242.54;10.76;774;77;3329.00;162
8816;77;628786443;8816;172;9586;9751;11.36;0.69;242.52;10.76;770;77;3330.00;165
8822;77;628786464;8822;171;9586;9751;11.38;0.70;242.50;10.76;764;77;3331.00;165
8823;77;628786480;8823;170;9589;9751;11.44;0.70;242.49;10.77;766;77;3332.00;162
8827;77;628786496;8827;166;9594;9755;11.38;0.70;242.55;10.76;767;77;3333.00;161
8831;77;628786512;8831;160;9598;9756;11.40;0.70;242.61;10.77;767;77;3334.00;158
8835;78;628786530;8835;157;9600;9756;11.41;0.70;242.57;10.79;765;78;3335.00;156
8837;78;628786568;8837;153;9601;9760;11.50;0.70;242.59;10.79;764;78;3336.00;159
8843;78;628786585;8843;148;9602;9760;11.53;0.70;242.63;10.79;759;78;3337.00;158
8846;78;628786603;8846;150;9603;9760;11.60;0.71;242.63;10.79;757;78;3338.00;157
8853;78;628786618;8853;147;9605;9761;11.55;0.70;242.65;10.79;752;78;3339.00;156
8855;78;628786635;8855;146;9608;9761;11.55;0.70;242.64;10.79;753;78;3340.00;153
8857;78;628786652;8857;143;9611;9767;11.56;0.70;242.68;10.79;754;78;3341.00;156
8862;78;628786670;8862;144;9613;9767;11.52;0.70;242.70;10.80;751;78;3342.00;154
8865;78;628786686;8865;144;9613;9768;11.55;0.70;242.68;10.80;748;78;3343.00;155
8867;78;628786702;8867;141;9614;9768;11.56;0.70;242.68;10.80;747;78;3344.00;154
8870;78;628786717;8870;144;9615;9768;11.56;0.70;242.66;10.80;745;78;3345.00;153
8872;78;628786731;8872;146;9617;9768;11.47;0.70;242.65;10.80;745;78;3346.00;151
8876;78;628786745;8876;147;9618;9768;11.35;0.69;242.65;10.80;742;78;3347.00;150
8880;78;628786758;8880;155;9629;9780;11.32;0.69;242.72;10.79;749;78;3348.00;151
8883;78;628786776;8883;158;9632;9780;11.19;0.68;242.73;10.80;749;78;3349.00;148
8888;78;628786789;8888;165;9633;9780;11.09;0.67;242.74;10.80;745;78;3350.00;147
8891;78;628786802;8891;169;9636;9780;10.96;0.67;242.74;10.80;745;78;3351.00;144
8895;78;628786815;8895;173;9637;9780;10.86;0.66;242.77;10.80;742;78;3352.00;143
8897;78;628786826;8897;168;9637;9780;10.79;0.66;242.77;10.80;740;78;3353.00;143
8903;78;628786838;8903;174;9640;9784;10.59;0.64;242.79;10.80;737;78;3354.00;144
8906;78;628786852;8906;176;9641;9784;10.46;0.63;242.80;10.80;735;78;3355.00;143
8907;78;628786864;8907;175;9645;9788;10.42;0.63;242.80;10.80;738;78;3356.00;143
8908;78;628786875;8908;176;9646;9789;10.43;0.63;242.79;10.79;738;78;3357.00;143
8908;78;628786887;8908;184;9646;9789;10.45;0.63;242.79;10.79;738;78;3358.00;143
8912;78;628786899;8912;194;9646;9789;10.41;0.63;242.81;10.79;734;78;3359.00;143
8914;78;628786912;8914;206;9668;9818;10.18;0.62;242.76;10.79;754;78;3360.00;150
8916;78;628786926;8916;212;9671;9818;10.12;0.61;242.78;10.79;755;78;3361.00;147
8918;78;628786938;8918;217;9672;9818;10.12;0.61;242.82;10.79;754;78;3362.00;146
8921;78;628786950;8921;226;9676;9819;10.05;0.61;242.82;10.81;755;78;3363.00;143
8924;78;628786961;8924;233;9676;9820;10.00;0.60;242.84;10.81;752;78;3364.00;144
8926;78;628786973;8926;239;9677;9820;9.87;0.60;242.84;10.82;751;78;3365.00;143
8927;78;628786984;8927;246;9681;9823;9.77;0.59;242.82;10.83;754;78;3366.00;142
8929;78;628786994;8929;254;9681;9823;9.60;0.58;242.80;10.83;752;78;3367.00;142
8931;78;628787004;8931;262;9681;9823;9.44;0.57;242.78;10.83;750;78;3368.00;142
8933;78;628787020;8933;273;9683;9823;9.30;0.57;242.82;10.85;750;78;3369.00;140
8937;78;628787031;8937;277;9687;9829;9.22;0.56;242.83;10.85;750;78;3370.00;142
8938;78;628787042;8938;280;9690;9829;9.11;0.56;242.85;10.87;752;78;3371.00;139
8938;78;628787053;8938;285;9692;9829;8.99;0.55;242.85;10.89;754;78;3372.00;137
8939;78;628787064;8939;284;9692;9829;8.83;0.54;242.85;10.89;753;78;3373.00;137
8940;78;628787073;8940;295;9695;9833;8.69;0.53;242.84;10.89;755;78;3374.00;138
8941;78;628787084;8941;296;9699;9835;8.55;0.52;242.83;10.91;758;78;3375.00;136
8942;78;628787095;8942;299;9700;9835;8.39;0.52;242.85;10.92;758;78;3376.00;135
8944;78;628787107;8944;305;9704;9836;8.26;0.51;242.96;10.94;760;78;3377.00;132
8945;78;628787118;8945;310;9704;9836;8.12;0.50;243.00;10.94;759;78;3378.00;132
8947;78;628787127;8947;310;9705;9836;7.99;0.49;243.00;10.95;758;78;3379.00;131
8949;79;628787136;8949;314;9705;9836;7.91;0.49;243.02;10.95;756;79;3380.00;131
8952;79;628787159;8952;313;9705;9836;7.80;0.48;242.96;10.95;753;79;3381.00;131
8956;79;628787172;8956;319;9707;9836;7.69;0.47;242.88;10.97;751;79;3382.00;129
8957;79;628787181;8957;312;9707;9836;7.63;0.47;242.86;10.97;750;79;3383.00;129
8958;79;628787190;8958;319;9742;9906;7.74;0.48;242.85;10.93;784;79;3384.00;164
8961;79;628787204;8961;323;9743;9907;7.66;0.48;242.80;10.93;782;79;3385.00;164
8965;79;628787214;8965;320;9752;9907;7.66;0.47;242.73;10.93;787;79;3386.00;155
8967;79;628787223;8967;322;9758;9907;7.63;0.47;242.70;10.93;791;79;3387.00;149
8970;79;628787233;8970;323;9767;9907;7.63;0.47;242.67;10.95;797;79;3388.00;140
8970;79;628787242;8970;325;9772;9907;7.67;0.47;242.67;10.96;802;79;3389.00;135
8973;79;628787253;8973;327;9778;9907;7.64;0.47;242.64;10.96;805;79;3390.00;129
8979;79;628787263;8979;329;9780;9907;7.56;0.46;242.63;10.96;801;79;3391.00;127
8982;79;628787272;8982;334;9782;9908;7.53;0.46;242.59;10.96;800;79;3392.00;126
8985;79;628787281;8985;340;9785;9909;7.38;0.45;242.60;10.97;800;79;3393.00;124
8987;79;628787290;8987;335;9785;9909;7.33;0.45;242.60;10.97;798;79;3394.00;124
8998;79;628787300;8998;337;9788;9913;7.16;0.44;242.54;10.97;790;79;3395.00;125
9002;79;628787310;9002;340;9790;9913;7.02;0.43;242.52;10.97;788;79;3396.00;123
9006;79;628787319;9006;342;9791;9913;6.83;0.42;242.55;10.98;785;79;3397.00;122
9008;79;628787328;9008;351;9792;9913;6.66;0.41;242.57;10.98;784;79;3398.00;121
9011;79;628787336;9011;355;9797;9919;6.52;0.40;242.59;10.98;786;79;3399.00;122
9012;79;628787346;9012;351;9798;9919;6.38;0.39;242.61;10.98;786;79;3400.00;121
9017;79;628787358;9017;350;9798;9919;6.32;0.39;242.68;10.98;781;79;3401.00;121
9020;79;628787368;9020;354;9800;9922;6.22;0.38;242.65;10.98;780;79;3402.00;122
9024;79;628787377;9024;353;9801;9922;6.15;0.38;242.67;10.99;777;79;3403.00;121
9026;79;628787386;9026;348;9801;9922;6.08;0.37;242.64;10.99;775;79;3404.00;121
9029;79;628787395;9029;350;9802;9923;5.99;0.37;242.67;10.99;773;79;3405.00;121
9032;79;628787406;9032;345;9804;9924;6.02;0.37;242.67;10.99;772;79;3406.00;120
9036;79;628787415;9036;343;9805;9924;6.01;0.37;242.65;10.99;769;79;3407.00;119
9039;79;628787424;9039;335;9814;9937;6.06;0.37;242.66;10.98;775;79;3408.00;123
9040;79;628787434;9040;337;9814;9937;6.15;0.38;242.68;10.98;774;79;3409.00;123
9042;79;628787444;9042;339;9816;9937;6.26;0.38;242.67;10.98;774;79;3410.00;121
9043;79;628787453;9043;319;9817;9938;6.37;0.39;242.67;10.98;774;79;3411.00;121
9046;79;628787463;9046;309;9817;9938;6.52;0.40;242.66;10.98;771;79;3412.00;121
9049;79;628787473;9049;302;9820;9942;6.64;0.40;242.69;10.98;771;79;3413.00;122
9052;79;628787485;9052;293;9820;9942;6.73;0.41;242.71;10.98;768;79;3414.00;122
9055;79;628787495;9055;285;9824;9946;6.88;0.42;242.69;10.97;769;79;3415.00;122
9058;79;628787506;9058;276;9824;9946;6.95;0.42;242.69;10.97;766;79;3416.00;122
9061;79;628787518;9061;267;9825;9946;6.98;0.42;242.73;10.97;764;79;3417.00;121
9063;79;628787535;9063;266;9825;9946;7.07;0.43;242.73;10.97;762;79;3418.00;121
9066;79;628787546;9066;258;9825;9946;7.17;0.44;242.74;10.97;759;79;3419.00;121
9069;79;628787558;9069;259;9850;9980;7.44;0.46;242.74;10.95;781;79;3420.00;130
9071;79;628787576;9071;261;9851;9980;7.60;0.47;242.72;10.95;780;79;3421.00;129
9074;79;628787587;9074;255;9853;9980;7.73;0.47;242.71;10.94;779;79;3422.00;127
9077;79;628787603;9077;250;9854;9980;7.83;0.48;242.73;10.94;777;79;3423.00;126
9080;79;628787614;9080;243;9854;9980;7.93;0.48;242.74;10.94;774;79;3424.00;126
9083;79;628787629;9083;245;9854;9980;7.98;0.49;242.72;10.94;771;79;3425.00;126
9087;79;628787641;9087;238;9854;9981;7.96;0.49;242.79;10.94;767;79;3426.00;127
9089;79;628787653;9089;241;9854;9981;8.01;0.49;242.77;10.94;765;79;3427.00;127
9091;79;628787664;9091;243;9858;9987;8.09;0.49;242.77;10.94;767;79;3428.00;129
9096;79;628787675;9096;250;9859;9988;8.13;0.50;242.82;10.94;763;79;3429.00;129
9098;79;628787686;9098;253;9860;9988;8.22;0.50;242.78;10.94;762;79;3430.00;128
9102;79;628787701;9102;254;9860;9988;8.28;0.50;242.79;10.94;758;79;3431.00;128
9107;79;628787711;9107;248;9863;9992;8.29;0.50;242.81;10.93;756;79;3432.00;129
9111;79;628787722;9111;252;9863;9992;8.32;0.51;242.82;10.93;752;79;3433.00;129
9113;79;628787733;9113;256;9863;9992;8.35;0.51;242.86;10.93;750;79;3434.00;129
9115;79;628787744;9115;252;9864;9993;8.41;0.51;242.87;10.93;749;79;3435.00;129
9117;79;628787755;9117;252;9867;9997;8.49;0.52;242.85;10.93;750;79;3436.00;130
9119;79;628787767;9119;248;9867;9997;8.47;0.52;242.83;10.93;748;79;3437.00;130
9123;79;628787778;9123;243;9869;10000;8.45;0.52;242.90;10.93;746;79;3438.00;131
9127;79;628787789;9127;245;9870;10000;8.47;0.52;242.92;10.93;743;79;3439.00;130
9130;79;628787800;9130;245;9870;10000;8.44;0.51;242.92;10.93;740;79;3440.00;130
9137;79;628787811;9137;246;9870;10000;8.35;0.51;242.91;10.93;733;79;3441.00;130
9137;79;628787823;9137;246;9873;10004;8.43;0.51;242.91;10.92;736;79;3442.00;131
9142;79;628787834;9142;247;9873;10004;8.39;0.51;242.92;10.92;731;79;3443.00;131
9143;79;628787844;9143;249;9874;10004;8.37;0.51;242.92;10.92;731;79;3444.00;130
9146;79;628787855;9146;253;9874;10004;8.35;0.51;242.93;10.92;728;79;3445.00;130
9149;79;628787872;9149;254;9874;10005;8.36;0.51;242.95;10.92;725;79;3446.00;131
9150;79;628787883;9150;239;9876;10006;8.43;0.51;242.95;11.09;726;79;3447.00;130
9153;79;628787895;9153;226;9876;10006;8.45;0.51;243.02;11.09;723;79;3448.00;130
9157;79;628787906;9157;221;9877;10007;8.53;0.52;243.06;11.09;720;79;3449.00;130
9159;79;628787918;9159;217;9877;10007;8.62;0.52;243.10;11.09;718;79;3450.00;130
9166;79;628787929;9166;211;9877;10007;8.71;0.53;243.21;11.09;711;79;3451.00;130
9171;79;628787940;9171;211;9877;10007;8.81;0.53;243.25;11.09;706;79;3452.00;130
9174;79;628787951;9174;207;9877;10007;8.94;0.54;243.30;11.09;703;79;3453.00;130
9179;79;628787962;9179;200;9877;10007;9.00;0.55;243.40;11.09;698;79;3454.00;130
9182;79;628787979;9182;196;9877;10007;9.05;0.55;243.48;11.09;695;79;3455.00;130
9183;79;628787990;9183;203;9949;10134;9.16;0.56;243.53;11.01;766;79;3456.00;185
9187;79;628788010;9187;179;9951;10135;9.33;0.57;243.63;11.00;764;79;3457.00;184
9190;79;628788022;9190;158;9958;10135;9.54;0.59;243.67;11.00;768;79;3458.00;177
9196;79;628788034;9196;143;9963;10135;9.72;0.60;243.70;10.99;767;79;3459.00;172
9198;79;628788051;9198;133;9967;10135;9.93;0.61;243.71;10.99;769;79;3460.00;168
9200;79;628788063;9200;128;9970;10135;10.11;0.62;243.76;10.99;770;79;3461.00;165
9202;79;628788075;9202;126;9975;10135;10.23;0.63;243.78;10.99;773;79;3462.00;160
9207;79;628788087;9207;122;9976;10135;10.38;0.64;243.81;10.99;769;79;3463.00;159
9210;79;628788102;9210;120;9979;10136;10.57;0.65;243.87;10.98;769;79;3464.00;157
9215;79;628788121;9215;120;9983;10138;10.67;0.65;243.89;10.98;768;79;3465.00;155
9219;79;628788139;9219;121;9986;10138;10.74;0.66;243.93;10.98;767;79;3466.00;152
9222;79;628788158;9222;128;9988;10139;10.80;0.66;243.96;10.98;766;79;3467.00;151
9225;79;628788175;9225;133;9990;10139;10.92;0.67;243.96;10.98;765;79;3468.00;149
9228;79;628788192;9228;134;9991;10139;11.01;0.67;243.99;10.98;763;79;3469.00;148
9228;79;628788208;9228;135;9993;10139;11.10;0.68;243.99;10.98;765;79;3470.00;146
9232;79;628788229;9232;138;9996;10143;11.16;0.68;243.99;10.98;764;79;3471.00;147
9236;79;628788244;9236;143;9998;10143;11.22;0.68;244.01;10.98;762;79;3472.00;145
9239;79;628788264;9239;144;9999;10143;11.28;0.69;244.00;10.98;760;79;3473.00;144
9241;79;628788277;9241;145;10002;10146;11.35;0.69;244.05;10.98;761;79;3474.00;144
9245;79;628788290;9245;148;10003;10146;11.47;0.70;244.15;10.98;758;79;3475.00;143
9247;79;628788303;9247;152;10004;10146;11.54;0.70;244.16;10.98;757;79;3476.00;142
9251;80;628788314;9251;156;10007;10150;11.58;0.70;244.16;10.98;756;80;3477.00;143
9254;81;628788345;9254;150;10009;10151;11.69;0.71;244.15;10.98;755;81;3478.00;142
9257;81;628788368;9257;153;10009;10151;11.74;0.71;244.16;10.98;752;81;3479.00;142
9259;81;628788382;9259;154;10013;10156;11.82;0.72;244.17;10.97;754;81;3480.00;143
9261;81;628788396;9261;154;10013;10156;11.84;0.72;244.18;10.97;752;81;3481.00;143
9263;81;628788409;9263;158;10013;10156;11.91;0.72;244.19;10.97;750;81;3482.00;143
9265;81;628788422;9265;158;10014;10157;11.94;0.73;244.18;10.97;749;81;3483.00;143
9268;82;628788434;9268;157;10014;10157;11.93;0.73;244.23;10.97;746;82;3484.00;143
9269;82;628788452;9269;157;10018;10163;11.97;0.73;244.23;10.97;749;82;3485.00;145
9270;82;628788464;9270;158;10019;10163;11.99;0.73;244.25;10.96;749;82;3486.00;144
9273;82;628788476;9273;159;10019;10164;12.01;0.73;244.28;10.96;746;82;3487.00;145
9276;82;628788489;9276;156;10019;10164;12.05;0.73;244.30;10.96;743;82;3488.00;145
9279;82;628788501;9279;156;10019;10164;12.06;0.73;244.32;10.96;740;82;3489.00;145
9282;82;628788513;9282;156;10019;10164;11.99;0.73;244.34;10.96;737;82;3490.00;145
9284;82;628788524;9284;157;10019;10164;11.92;0.73;244.34;10.96;735;82;3491.00;145
9289;82;628788535;9289;161;10028;10176;11.82;0.72;244.38;10.95;739;82;3492.00;148
9290;82;628788553;9290;155;10029;10176;11.85;0.72;244.38;10.95;739;82;3493.00;147
9293;82;628788565;9293;152;10030;10176;11.95;0.73;244.35;10.95;737;82;3494.00;146
9295;82;628788575;9295;149;10030;10176;11.93;0.73;244.43;10.95;735;82;3495.00;146
9301;82;628788586;9301;149;10030;10176;11.99;0.73;244.42;10.95;729;82;3496.00;146
9305;82;628788599;9305;147;10030;10176;11.99;0.73;244.43;10.95;725;82;3497.00;146
9309;82;628788614;9309;146;10033;10180;11.98;0.73;244.48;10.95;724;82;3498.00;147
9313;82;628788627;9313;145;10033;10180;11.99;0.73;244.48;10.95;720;82;3499.00;147
9317;82;628788641;9317;144;10036;10184;11.97;0.73;244.45;10.95;719;82;3500.00;148
9324;82;628788657;9324;143;10038;10185;11.96;0.73;244.40;10.95;714;82;3501.00;147
9329;82;628788675;9329;138;10038;10185;11.97;0.72;244.40;10.95;709;82;3502.00;147
9333;82;628788687;9333;138;10038;10185;11.98;0.73;244.46;10.95;705;82;3503.00;147
9335;82;628788699;9335;139;10048;10198;11.95;0.72;244.49;10.93;713;82;3504.00;150
9336;82;628788712;9336;133;10049;10198;12.00;0.73;244.48;10.95;713;82;3505.00;149
9340;82;628788725;9340;128;10050;10198;12.00;0.73;244.54;10.96;710;82;3506.00;148
9344;82;628788737;9344;127;10051;10199;12.10;0.73;244.57;10.96;707;82;3507.00;148
9347;82;628788749;9347;126;10051;10200;12.19;0.74;244.64;10.96;704;82;3508.00;149
9350;82;628788761;9350;123;10051;10200;12.31;0.75;244.69;10.96;701;82;3509.00;149
9355;82;628788773;9355;118;10054;10206;12.45;0.76;244.72;10.96;699;82;3510.00;152
9358;82;628788784;9358;118;10056;10206;12.52;0.76;244.68;11.12;698;82;3511.00;150
9361;82;628788794;9361;120;10057;10206;12.60;0.77;244.64;11.12;696;82;3512.00;149
9363;82;628788811;9363;120;10057;10206;12.59;0.77;244.67;11.12;694;82;3513.00;149
9364;82;628788821;9364;118;10061;10212;12.60;0.77;244.67;11.12;697;82;3514.00;151
9367;82;628788832;9367;124;10061;10212;12.54;0.76;244.66;11.12;694;82;3515.00;151
9370;82;628788843;9370;124;10062;10212;12.45;0.76;244.69;11.12;692;82;3516.00;150
9372;82;628788853;9372;129;10064;10212;12.26;0.75;244.67;11.12;692;82;3517.00;148
9377;82;628788864;9377;128;10067;10216;12.03;0.73;244.62;11.12;690;82;3518.00;149
9379;82;628788874;9379;129;10070;10219;11.89;0.72;244.60;11.11;691;82;3519.00;149
9382;82;628788884;9382;133;10070;10219;11.72;0.71;244.58;11.11;688;82;3520.00;149
9385;82;628788895;9385;137;10071;10220;11.62;0.70;244.57;11.11;686;82;3521.00;149
9387;82;628788906;9387;140;10071;10220;11.47;0.70;244.56;11.11;684;82;3522.00;149
9388;82;628788915;9388;146;10072;10220;11.49;0.70;244.58;11.12;684;82;3523.00;148
9391;82;628788928;9391;155;10072;10220;11.43;0.69;244.56;11.12;681;82;3524.00;148
9392;82;628788939;9392;158;10072;10220;11.41;0.69;244.55;11.12;680;82;3525.00;148
9394;82;628788948;9394;166;10073;10220;11.34;0.69;244.58;11.13;679;82;3526.00;147
9398;82;628788958;9398;169;10073;10220;11.30;0.69;244.68;11.13;675;82;3527.00;147
9402;82;628788969;9402;180;10107;10290;11.29;0.69;244.62;11.10;705;82;3528.00;183
9404;82;628788987;9404;180;10108;10291;11.10;0.68;244.63;11.11;704;82;3529.00;183
9404;82;628789003;9404;181;10118;10291;11.07;0.68;244.63;11.11;714;82;3530.00;173
9406;82;628789013;9406;186;10123;10291;10.94;0.67;244.61;11.11;717;82;3531.00;168
9410;82;628789023;9410;189;10127;10291;10.96;0.67;244.67;11.11;717;82;3532.00;164
9410;82;628789033;9410;198;10130;10291;10.90;0.67;244.67;11.13;720;82;3533.00;161
9413;82;628789042;9413;202;10134;10291;10.83;0.66;244.69;11.13;721;82;3534.00;157
9416;82;628789053;9416;209;10137;10291;10.69;0.65;244.72;11.15;721;82;3535.00;154
9416;82;628789063;9416;215;10140;10292;10.57;0.65;244.72;11.15;724;82;3536.00;152
9418;82;628789073;9418;226;10144;10293;10.46;0.64;244.68;11.17;726;82;3537.00;149
9421;82;628789083;9421;231;10148;10293;10.26;0.63;244.63;11.18;727;82;3538.00;145
9423;82;628789093;9423;244;10152;10297;10.06;0.62;244.61;11.18;729;82;3539.00;145
9428;82;628789107;9428;253;10155;10297;9.79;0.60;244.53;11.20;727;82;3540.00;142
9430;82;628789118;9430;256;10155;10297;9.53;0.58;244.53;11.20;725;82;3541.00;142
9431;82;628789127;9431;259;10156;10297;9.34;0.57;244.52;11.21;725;82;3542.00;141
9432;82;628789137;9432;262;10161;10303;9.24;0.57;244.51;11.21;729;82;3543.00;142
9435;82;628789148;9435;268;10162;10303;9.03;0.55;244.45;11.22;727;82;3544.00;141
9437;82;628789157;9437;276;10164;10303;8.89;0.55;244.43;11.23;727;82;3545.00;139
9440;82;628789166;9440;280;10167;10306;8.71;0.53;244.41;11.24;727;82;3546.00;139
9440;82;628789176;9440;289;10168;10306;8.57;0.53;244.41;11.25;728;82;3547.00;138
9443;82;628789185;9443;296;10169;10306;8.39;0.52;244.40;11.25;726;82;3548.00;137
9444;82;628789195;9444;298;10170;10307;8.24;0.51;244.38;11.25;726;82;3549.00;137
9445;82;628789203;9445;299;10172;10308;8.11;0.50;244.37;11.26;727;82;3550.00;136
9447;82;628789212;9447;303;10173;10308;8.00;0.49;244.39;11.26;726;82;3551.00;135
9450;82;628789221;9450;308;10184;10321;7.88;0.49;244.35;11.25;734;82;3552.00;137
9452;82;628789231;9452;306;10186;10321;7.69;0.48;244.32;11.26;734;82;3553.00;135
9454;82;628789245;9454;307;10186;10321;7.57;0.47;244.28;11.26;732;82;3554.00;135
9459;82;628789254;9459;312;10189;10323;7.45;0.46;244.24;11.27;730;82;3555.00;134
9460;82;628789264;9460;313;10190;10323;7.38;0.45;244.22;11.27;730;82;3556.00;133
9463;82;628789272;9463;314;10193;10327;7.41;0.45;244.21;11.27;730;82;3557.00;134
9465;82;628789281;9465;316;10194;10327;7.40;0.45;244.20;11.28;729;82;3558.00;133
9467;82;628789290;9467;322;10199;10331;7.39;0.45;244.18;11.28;732;82;3559.00;132
9467;82;628789299;9467;329;10200;10331;7.36;0.45;244.18;11.28;733;82;3560.00;131
9467;82;628789307;9467;333;10201;10331;7.31;0.45;244.18;11.29;734;82;3561.00;130
9470;82;628789316;9470;335;10201;10331;7.18;0.44;244.14;11.29;731;82;3562.00;130
9473;82;628789324;9473;329;10201;10331;7.10;0.43;244.13;11.29;728;82;3563.00;130
9477;82;628789332;9477;317;10213;10343;7.07;0.43;244.17;11.30;736;82;3564.00;130
9480;82;628789342;9480;312;10213;10343;7.02;0.43;244.17;11.30;733;82;3565.00;130
9484;82;628789351;9484;308;10214;10343;6.98;0.42;244.15;11.30;730;82;3566.00;129
9487;82;628789361;9487;300;10217;10343;6.90;0.42;244.16;11.32;730;82;3567.00;126
9487;82;628789370;9487;299;10217;10343;6.77;0.41;244.16;11.32;730;82;3568.00;126
9490;82;628789378;9490;294;10217;10343;6.70;0.41;244.18;11.32;727;82;3569.00;126
9492;82;628789388;9492;285;10219;10344;6.63;0.41;244.22;11.33;727;82;3570.00;125
9493;83;628789397;9493;285;10220;10344;6.62;0.40;244.20;11.34;727;83;3571.00;124
9496;83;628789423;9496;283;10225;10350;6.72;0.41;244.22;11.34;729;83;3572.00;125
9499;83;628789432;9499;277;10228;10351;6.80;0.42;244.31;11.34;729;83;3573.00;123
9501;83;628789441;9501;277;10228;10351;6.86;0.42;244.30;11.34;727;83;3574.00;123
9503;83;628789456;9503;264;10230;10351;6.86;0.42;244.34;11.35;727;83;3575.00;121
9507;83;628789465;9507;264;10233;10355;6.95;0.42;244.34;11.35;726;83;3576.00;122
9507;83;628789474;9507;258;10233;10355;7.07;0.43;244.34;11.35;726;83;3577.00;122
9511;83;628789483;9511;249;10235;10355;7.15;0.44;244.33;11.35;724;83;3578.00;120
9514;83;628789493;9514;241;10236;10356;7.21;0.44;244.32;11.35;722;83;3579.00;120
9516;83;628789503;9516;243;10239;10360;7.34;0.45;244.31;11.35;723;83;3580.00;121
9517;83;628789513;9517;243;10240;10360;7.40;0.45;244.31;11.52;723;83;3581.00;120
9519;83;628789524;9519;243;10242;10363;7.49;0.46;244.31;11.52;723;83;3582.00;121
9522;83;628789533;9522;238;10243;10363;7.57;0.46;244.30;11.52;721;83;3583.00;120
9524;83;628789543;9524;242;10243;10363;7.66;0.47;244.33;11.52;719;83;3584.00;120
9529;83;628789553;9529;240;10243;10363;7.66;0.47;244.32;11.52;714;83;3585.00;120
9533;83;628789563;9533;233;10246;10367;7.75;0.47;244.32;11.52;713;83;3586.00;121
9538;83;628789573;9538;229;10246;10367;7.79;0.48;244.32;11.52;708;83;3587.00;121
9542;83;628789584;9542;229;10247;10367;7.83;0.48;244.39;11.51;705;83;3588.00;120
9544;83;628789595;9544;227;10247;10367;7.90;0.48;244.38;11.51;703;83;3589.00;120
9549;83;628789606;9549;228;10247;10368;7.93;0.49;244.38;11.51;698;83;3590.00;121
9553;83;628789616;9553;231;10248;10369;7.97;0.49;244.37;11.51;695;83;3591.00;121
9557;83;628789631;9557;226;10248;10369;8.08;0.49;244.38;11.51;691;83;3592.00;121
9563;83;628789641;9563;211;10249;10370;8.14;0.50;244.39;11.51;686;83;3593.00;121
9568;83;628789651;9568;201;10249;10370;8.14;0.50;244.40;11.51;681;83;3594.00;121
9573;83;628789662;9573;203;10249;10370;8.18;0.50;244.40;11.51;676;83;3595.00;121
9577;83;628789673;9577;202;10249;10370;8.24;0.50;244.41;11.51;672;83;3596.00;121
9579;83;628789682;9579;201;10249;10370;8.26;0.51;244.41;11.51;670;83;3597.00;121
9583;83;628789692;9583;201;10249;10370;8.33;0.51;244.43;11.51;666;83;3598.00;121
9587;83;628789702;9587;201;10249;10370;8.38;0.51;244.41;11.51;662;83;3599.00;121
9592;83;628789715;9592;233;10366;10623;8.56;0.54;244.42;11.38;774;83;3600.00;257
9595;83;628789747;9595;222;10371;10624;8.62;0.54;244.42;11.38;776;83;3601.00;253
9601;83;628789759;9601;213;10381;10624;8.82;0.55;244.40;11.37;780;83;3602.00;243
9606;83;628789771;9606;208;10390;10624;8.87;0.55;244.38;11.36;784;83;3603.00;234
9609;83;628789782;9609;207;10395;10624;8.97;0.56;244.38;11.36;786;83;3604.00;229
9614;83;628789793;9614;207;10402;10624;9.00;0.56;244.43;11.35;788;83;3605.00;222
9617;83;628789805;9617;210;10410;10624;9.08;0.56;244.43;11.35;793;83;3606.00;214
9622;83;628789817;9622;214;10413;10624;9.08;0.56;244.41;11.35;791;83;3607.00;211
9625;83;628789828;9625;212;10418;10625;9.20;0.57;244.44;11.35;793;83;3608.00;207
9628;83;628789840;9628;219;10424;10626;9.22;0.57;244.47;11.35;796;83;3609.00;202
9630;83;628789852;9630;215;10431;10626;9.25;0.57;244.49;11.34;801;83;3610.00;195
9633;83;628789864;9633;219;10434;10627;9.26;0.57;244.55;11.34;801;83;3611.00;193
9636;83;628789875;9636;222;10437;10627;9.23;0.57;244.59;11.34;801;83;3612.00;190
9641;83;628789887;9641;222;10439;10627;9.16;0.57;244.61;11.34;798;83;3613.00;188
9644;83;628789904;9644;232;10442;10627;9.14;0.56;244.68;11.34;798;83;3614.00;185
9646;83;628789917;9646;231;10445;10631;9.16;0.56;244.67;11.34;799;83;3615.00;186
9652;83;628789929;9652;242;10448;10631;9.08;0.56;244.70;11.34;796;83;3616.00;183
9656;83;628789947;9656;228;10449;10631;9.07;0.56;244.79;11.35;793;83;3617.00;182
9658;83;628789960;9658;221;10451;10634;9.11;0.56;244.79;11.34;793;83;3618.00;183
9663;83;628789972;9663;219;10453;10634;9.14;0.56;244.79;11.35;790;83;3619.00;181
9667;83;628789985;9667;213;10455;10634;9.24;0.57;244.86;11.35;788;83;3620.00;179
9667;83;628789998;9667;214;10461;10638;9.30;0.57;244.86;11.35;794;83;3621.00;177
9674;83;628790015;9674;218;10465;10639;9.35;0.57;244.95;11.35;791;83;3622.00;174
9677;83;628790029;9677;215;10465;10639;9.44;0.58;244.95;11.35;788;83;3623.00;174
9679;83;628790045;9679;221;10470;10643;9.55;0.58;244.99;11.35;791;83;3624.00;173
9682;83;628790059;9682;228;10472;10643;9.60;0.59;245.02;11.35;790;83;3625.00;171
9684;83;628790072;9684;217;10473;10643;9.71;0.59;245.02;11.35;789;83;3626.00;170
9686;83;628790116;9686;202;10475;10644;9.82;0.60;245.06;11.35;789;83;3627.00;169
9691;83;628790160;9691;197;10476;10644;9.87;0.60;245.06;11.35;785;83;3628.00;168
9693;83;628790199;9693;190;10480;10650;9.99;0.61;245.09;11.35;787;83;3629.00;170
9698;83;628790245;9698;187;10480;10650;10.14;0.62;245.11;11.35;782;83;3630.00;170
9702;83;628790299;9702;181;10480;10651;10.24;0.62;245.11;11.35;778;83;3631.00;171
9704;83;628790338;9704;177;10481;10651;10.38;0.63;245.12;11.35;777;83;3632.00;170
9706;83;628790370;9706;176;10483;10651;10.56;0.64;245.11;11.35;777;83;3633.00;168
9709;84;628790394;9709;176;10483;10651;10.73;0.65;245.12;11.35;774;84;3634.00;168
9710;84;628790432;9710;172;10483;10651;10.86;0.66;245.14;11.35;773;84;3635.00;168
9713;84;628790455;9713;173;10493;10663;10.87;0.66;245.12;11.34;780;84;3636.00;170
9716;84;628790481;9716;175;10493;10663;10.95;0.66;245.16;11.34;777;84;3637.00;170
9720;84;628790520;9720;175;10493;10663;11.02;0.67;245.17;11.34;773;84;3638.00;170
9721;84;628790546;9721;174;10494;10663;11.15;0.68;245.19;11.34;773;84;3639.00;169
9726;84;628790575;9726;169;10494;10663;11.19;0.68;245.18;11.34;768;84;3640.00;169
9726;84;628790596;9726;164;10494;10663;11.28;0.69;245.18;11.34;768;84;3641.00;169
9731;84;628790618;9731;166;10497;10667;11.32;0.69;245.16;11.34;766;84;3642.00;170
9734;84;628790638;9734;163;10497;10667;11.39;0.69;245.17;11.34;763;84;3643.00;170
9736;84;628790658;9736;165;10500;10671;11.49;0.70;245.17;11.33;764;84;3644.00;171
9740;84;628790682;9740;165;10504;10673;11.55;0.70;245.23;11.33;764;84;3645.00;169
9744;84;628790696;9744;162;10505;10673;11.59;0.70;245.27;11.33;761;84;3646.00;168
9745;84;628790710;9745;164;10505;10673;11.71;0.71;245.28;11.33;760;84;3647.00;168
9748;84;628790723;9748;166;10514;10686;11.83;0.72;245.36;11.32;766;84;3648.00;172
9751;84;628790737;9751;167;10514;10686;11.81;0.72;245.35;11.32;763;84;3649.00;172
9755;84;628790749;9755;169;10514;10686;11.89;0.72;245.41;11.32;759;84;3650.00;172
9759;84;628790761;9759;167;10515;10687;11.92;0.72;245.43;11.32;756;84;3651.00;172
9761;84;628790783;9761;166;10515;10688;11.93;0.73;245.45;11.32;754;84;3652.00;173
9763;84;628790795;9763;168;10515;10688;11.88;0.72;245.47;11.32;752;84;3653.00;173
9768;84;628790806;9768;173;10517;10691;11.82;0.72;245.52;11.32;749;84;3654.00;174
9771;84;628790819;9771;174;10517;10691;11.73;0.71;245.54;11.32;746;84;3655.00;174
9776;84;628790830;9776;179;10518;10691;11.62;0.71;245.49;11.32;742;84;3656.00;173
9780;84;628790841;9780;180;10518;10691;11.54;0.70;245.55;11.32;738;84;3657.00;173
9784;84;628790852;9784;184;10522;10697;11.41;0.69;245.50;11.32;738;84;3658.00;175
9786;84;628790864;9786;184;10522;10697;11.24;0.68;245.54;11.32;736;84;3659.00;175
9789;84;628790876;9789;185;10523;10697;11.20;0.68;245.55;11.31;734;84;3660.00;174
9790;84;628790886;9790;182;10523;10697;11.19;0.68;245.54;11.31;733;84;3661.00;174
9794;84;628790897;9794;185;10527;10701;11.02;0.67;245.57;11.49;733;84;3662.00;174
9796;84;628790910;9796;180;10528;10702;10.96;0.67;245.61;11.49;732;84;3663.00;174
9796;84;628790921;9796;184;10528;10702;10.95;0.67;245.61;11.49;732;84;3664.00;174
9800;84;628790932;9800;183;10529;10703;10.89;0.66;245.61;11.49;729;84;3665.00;174
9804;84;628790950;9804;183;10529;10703;10.86;0.66;245.62;11.49;725;84;3666.00;174
9807;84;628790960;9807;189;10529;10703;10.83;0.66;245.59;11.49;722;84;3667.00;174
9810;84;628790970;9810;194;10530;10703;10.73;0.65;245.55;11.49;720;84;3668.00;173
9813;84;628790980;9813;200;10530;10703;10.62;0.65;245.54;11.49;717;84;3669.00;173
9820;85;628790990;9820;196;10530;10703;10.54;0.64;245.50;11.49;710;85;3670.00;173
9823;85;628791017;9823;197;10530;10703;10.44;0.63;245.46;11.49;707;85;3671.00;173
9825;85;628791027;9825;195;10558;10773;10.30;0.63;245.46;11.46;733;85;3672.00;215
9825;85;628791042;9825;192;10560;10774;10.29;0.63;245.46;11.47;735;85;3673.00;214
9829;85;628791052;9829;179;10567;10774;10.36;0.63;245.50;11.46;738;85;3674.00;207
9830;85;628791062;9830;172;10571;10774;10.24;0.62;245.51;11.48;741;85;3675.00;203
9833;85;628791075;9833;170;10576;10774;10.25;0.62;245.49;11.48;743;85;3676.00;198
9836;85;628791088;9836;168;10578;10774;10.29;0.63;245.49;11.48;742;85;3677.00;196
9840;85;628791100;9840;167;10582;10774;10.36;0.63;245.49;11.48;742;85;3678.00;192
9843;86;628791112;9843;167;10583;10774;10.46;0.63;245.49;11.48;740;86;3679.00;191
9846;86;628791134;9846;168;10586;10775;10.57;0.64;245.47;11.47;740;86;3680.00;189
9847;86;628791145;9847;166;10588;10776;10.66;0.65;245.45;11.47;741;86;3681.00;188
9849;86;628791156;9849;162;10591;10776;10.73;0.65;245.43;11.47;742;86;3682.00;185
9851;86;628791167;9851;155;10594;10780;10.72;0.65;245.41;11.47;743;86;3683.00;186
9852;86;628791178;9852;157;10594;10780;10.68;0.65;245.39;11.47;742;86;3684.00;186
9853;86;628791189;9853;156;10594;10780;10.66;0.65;245.40;11.47;741;86;3685.00;186
9854;86;628791200;9854;159;10594;10780;10.60;0.64;245.39;11.47;740;86;3686.00;186
9858;86;628791210;9858;168;10599;10786;10.53;0.64;245.42;11.65;741;86;3687.00;187
9859;86;628791222;9859;175;10600;10786;10.55;0.64;245.41;11.65;741;86;3688.00;186
9862;86;628791233;9862;179;10602;10786;10.53;0.64;245.37;11.66;740;86;3689.00;184
9865;86;628791245;9865;181;10605;10792;10.51;0.64;245.32;11.65;740;86;3690.00;187
9866;86;628791256;9866;185;10605;10792;10.49;0.64;245.30;11.65;739;86;3691.00;187
9868;86;628791267;9868;192;10608;10792;10.38;0.63;245.28;11.66;740;86;3692.00;184
9869;86;628791277;9869;194;10609;10793;10.32;0.63;245.26;11.66;740;86;3693.00;184
9871;86;628791287;9871;202;10613;10794;10.17;0.62;245.26;11.66;742;86;3694.00;181
9875;86;628791299;9875;210;10614;10794;10.00;0.61;245.20;11.67;739;86;3695.00;180
9877;86;628791309;9877;213;10624;10807;9.86;0.60;245.19;11.66;747;86;3696.00;183
9880;86;628791323;9880;222;10624;10807;9.72;0.59;245.16;11.66;744;86;3697.00;183
9880;86;628791333;9880;226;10627;10807;9.61;0.58;245.16;11.67;747;86;3698.00;180
9880;86;628791344;9880;234;10628;10808;9.61;0.58;245.16;11.67;748;86;3699.00;180
9881;86;628791355;9881;241;10629;10808;9.54;0.58;245.14;11.68;748;86;3700.00;179
9882;86;628791368;9882;245;10634;10812;9.55;0.58;245.13;11.70;752;86;3701.00;178
9885;86;628791379;9885;254;10635;10812;9.46;0.58;245.08;11.70;750;86;3702.00;177
9886;86;628791389;9886;259;10643;10816;9.33;0.57;245.16;11.72;757;86;3703.00;173
9889;86;628791402;9889;266;10643;10816;9.21;0.56;245.12;11.72;754;86;3704.00;173
9892;86;628791412;9892;276;10643;10816;9.18;0.56;245.08;11.72;751;86;3705.00;173
9894;86;628791421;9894;279;10645;10816;9.05;0.55;245.09;11.75;751;86;3706.00;171
9895;86;628791430;9895;285;10645;10816;8.96;0.55;245.07;11.75;750;86;3707.00;171
9899;86;628791439;9899;295;10658;10828;8.79;0.54;245.06;11.77;759;86;3708.00;170
9899;86;628791449;9899;303;10659;10828;8.65;0.53;245.06;11.76;760;86;3709.00;169
9902;86;628791458;9902;308;10661;10828;8.50;0.52;245.02;11.79;759;86;3710.00;167
9903;86;628791468;9903;316;10662;10828;8.37;0.51;245.01;11.80;759;86;3711.00;166
9905;86;628791477;9905;318;10662;10828;8.24;0.51;245.04;11.80;757;86;3712.00;166
9905;86;628791486;9905;327;10667;10828;8.09;0.50;245.04;11.83;762;86;3713.00;161
9907;86;628791495;9907;335;10667;10829;7.97;0.49;245.03;11.83;760;86;3714.00;162
9908;86;628791504;9908;330;10669;10829;7.85;0.48;245.02;11.83;761;86;3715.00;160
9910;86;628791513;9910;323;10676;10835;7.78;0.48;245.00;11.85;766;86;3716.00;159
9912;86;628791523;9912;318;10678;10836;7.70;0.47;244.99;11.85;766;86;3717.00;158
9914;86;628791532;9914;320;10678;10836;7.68;0.47;244.97;11.85;764;86;3718.00;158
9916;86;628791542;9916;311;10680;10836;7.64;0.47;244.98;11.87;764;86;3719.00;156
9918;86;628791559;9918;305;10684;10841;7.62;0.47;244.96;11.87;766;86;3720.00;157
9921;86;628791574;9921;301;10686;10841;7.52;0.46;245.00;11.89;765;86;3721.00;155
9924;86;628791590;9924;289;10687;10841;7.52;0.46;244.98;11.90;763;86;3722.00;154
9926;86;628791600;9926;287;10688;10842;7.53;0.46;244.96;11.90;762;86;3723.00;154
9927;86;628791610;9927;286;10692;10846;7.52;0.46;244.96;11.90;765;86;3724.00;154
9928;86;628791620;9928;279;10692;10846;7.53;0.46;244.95;11.90;764;86;3725.00;154
9929;86;628791635;9929;282;10694;10849;7.63;0.47;244.94;11.90;765;86;3726.00;155
9931;86;628791652;9931;279;10695;10849;7.64;0.47;244.99;11.90;764;86;3727.00;154
9934;86;628791662;9934;275;10698;10849;7.65;0.47;244.97;11.93;764;86;3728.00;151
9935;86;628791672;9935;274;10698;10849;7.68;0.47;244.96;11.93;763;86;3729.00;151
9935;86;628791682;9935;275;10704;10853;7.73;0.47;244.96;11.95;769;86;3730.00;149
9936;86;628791691;9936;275;10706;10853;7.76;0.48;244.95;11.96;770;86;3731.00;147
9937;86;628791701;9937;283;10707;10853;7.72;0.47;244.93;11.96;770;86;3732.00;146
9941;86;628791710;9941;284;10709;10853;7.66;0.47;244.91;11.98;768;86;3733.00;144
9944;86;628791719;9944;283;10709;10854;7.68;0.47;244.88;11.98;765;86;3734.00;145
9949;86;628791734;9949;279;10712;10856;7.63;0.47;244.85;11.98;763;86;3735.00;144
9950;86;628791744;9950;280;10713;10856;7.59;0.46;244.87;11.98;763;86;3736.00;143
9954;86;628791753;9954;274;10714;10857;7.55;0.46;244.90;11.98;760;86;3737.00;143
9959;86;628791763;9959;279;10716;10857;7.40;0.45;244.90;11.99;757;86;3738.00;141
9961;86;628791772;9961;289;10716;10857;7.33;0.45;244.88;11.99;755;86;3739.00;141
9966;86;628791783;9966;287;10717;10857;7.27;0.45;244.87;12.00;751;86;3740.00;140
9969;86;628791793;9969;282;10718;10857;7.25;0.44;244.86;12.00;749;86;3741.00;139
9974;86;628791803;9974;273;10719;10857;7.22;0.44;244.86;12.01;745;86;3742.00;138
9975;86;628791813;9975;258;10719;10857;7.24;0.44;244.88;12.01;744;86;3743.00;138
9976;86;628791822;9976;266;10785;10984;7.58;0.47;244.88;11.94;809;86;3744.00;199
9981;86;628791841;9981;265;10790;10985;7.53;0.47;244.89;11.94;809;86;3745.00;195
9986;86;628791850;9986;259;10800;10985;7.57;0.47;244.87;11.93;814;86;3746.00;185
9989;86;628791861;9989;250;10804;10985;7.58;0.47;244.83;11.92;815;86;3747.00;181
9993;86;628791885;9993;250;10812;10985;7.67;0.47;244.86;11.93;819;86;3748.00;173
9996;86;628791896;9996;245;10816;10985;7.65;0.47;244.92;11.92;820;86;3749.00;169
10001;86;628791907;10001;233;10821;10990;7.64;0.47;244.92;11.92;820;86;3750.00;169
10006;86;628791918;10006;228;10824;10990;7.71;0.47;244.91;11.92;818;86;3751.00;166
10007;86;628791929;10007;229;10829;10991;7.83;0.48;244.91;11.92;822;86;3752.00;162
10010;86;628791940;10010;223;10831;10992;7.93;0.49;244.94;11.92;821;86;3753.00;161
10014;86;628791951;10014;236;10835;10992;8.06;0.50;244.96;11.91;821;86;3754.00;157
10016;86;628791962;10016;235;10836;10993;8.12;0.50;244.93;11.91;820;86;3755.00;157
10021;86;628791973;10021;229;10838;10993;8.16;0.50;244.93;11.91;817;86;3756.00;155
10024;86;628791983;10024;232;10840;10993;8.19;0.50;244.93;11.91;816;86;3757.00;153
10026;86;628791994;10026;230;10842;10993;8.30;0.51;244.92;11.91;816;86;3758.00;151
10029;86;628792005;10029;228;10845;10997;8.36;0.52;244.93;11.91;816;86;3759.00;152
10033;86;628792016;10033;227;10845;10997;8.35;0.51;244.99;11.91;812;86;3760.00;152
10037;86;628792028;10037;229;10846;10997;8.36;0.52;245.00;11.91;809;86;3761.00;151
10044;86;628792039;10044;224;10848;11000;8.34;0.51;245.10;11.91;804;86;3762.00;152
10049;86;628792051;10049;223;10850;11000;8.28;0.51;245.11;11.91;801;86;3763.00;150
10052;86;628792063;10052;217;10851;11000;8.26;0.51;245.13;11.91;799;86;3764.00;149
10056;86;628792074;10056;211;10854;11004;8.29;0.51;245.18;11.91;798;86;3765.00;150
10061;86;628792087;10061;202;10855;11005;8.41;0.52;245.21;11.91;794;86;3766.00;150
10067;86;628792100;10067;204;10855;11005;8.49;0.52;245.16;11.91;788;86;3767.00;150
10074;86;628792116;10074;201;10858;11009;8.54;0.52;245.15;11.90;784;86;3768.00;151
10076;86;628792133;10076;194;10858;11009;8.65;0.53;245.18;11.90;782;86;3769.00;151
10081;86;628792146;10081;201;10859;11009;8.71;0.53;245.17;11.90;778;86;3770.00;150
10086;86;628792163;10086;204;10860;11010;8.79;0.54;245.21;11.90;774;86;3771.00;150
10091;86;628792179;10091;202;10862;11010;8.88;0.54;245.25;11.90;771;86;3772.00;148
10097;86;628792194;10097;199;10865;11016;8.90;0.54;245.29;11.90;768;86;3773.00;151
10100;86;628792210;10100;202;10865;11016;8.94;0.54;245.30;11.90;765;86;3774.00;151
10104;86;628792223;10104;209;10866;11017;9.00;0.55;245.31;11.90;762;86;3775.00;151
10109;86;628792236;10109;209;10866;11017;9.07;0.55;245.33;11.90;757;86;3776.00;151
10111;86;628792249;10111;211;10867;11017;9.15;0.56;245.34;11.90;756;86;3777.00;150
10116;86;628792262;10116;212;10869;11017;9.21;0.56;245.36;12.07;753;86;3778.00;148
10117;86;628792275;10117;216;10869;11017;9.33;0.57;245.36;12.07;752;86;3779.00;148
10123;86;628792289;10123;217;10893;11053;9.50;0.58;245.35;12.05;770;86;3780.00;160
10126;86;628792312;10126;218;10894;11053;9.46;0.58;245.46;12.05;768;86;3781.00;159
10127;86;628792324;10127;219;10895;11053;9.49;0.58;245.48;12.05;768;86;3782.00;158
10132;86;628792336;10132;220;10898;11053;9.48;0.58;245.52;12.04;766;86;3783.00;155
10134;86;628792347;10134;222;10899;11053;9.53;0.59;245.55;12.04;765;86;3784.00;154
10140;86;628792359;10140;223;10899;11053;9.50;0.58;245.63;12.04;759;86;3785.00;154
10141;86;628792371;10141;224;10903;11057;9.50;0.58;245.64;12.04;762;86;3786.00;154
10147;86;628792382;10147;213;10903;11057;9.41;0.58;245.61;12.04;756;86;3787.00;154
10153;86;628792394;10153;210;10907;11061;9.37;0.57;245.63;12.03;754;86;3788.00;154
10155;86;628792409;10155;210;10908;11062;9.35;0.57;245.62;12.03;753;86;3789.00;154
10159;86;628792421;10159;212;10908;11062;9.30;0.57;245.67;12.03;749;86;3790.00;154
10163;86;628792434;10163;211;10908;11062;9.33;0.57;245.68;12.03;745;86;3791.00;154
10165;86;628792446;10165;205;10918;11075;9.51;0.58;245.65;12.02;753;86;3792.00;157
10167;86;628792462;10167;205;10918;11075;9.53;0.58;245.65;12.02;751;86;3793.00;157
10173;86;628792476;10173;208;10919;11075;9.47;0.58;245.64;12.02;746;86;3794.00;156
10177;86;628792488;10177;208;10920;11076;9.47;0.58;245.65;12.02;743;86;3795.00;156
10180;86;628792505;10180;201;10920;11077;9.52;0.58;245.67;12.02;740;86;3796.00;157
10184;86;628792518;10184;192;10920;11077;9.52;0.58;245.72;12.02;736;86;3797.00;157
10184;86;628792536;10184;184;10922;11080;9.69;0.59;245.72;12.02;738;86;3798.00;158
10187;86;628792548;10187;175;10923;11080;9.74;0.60;245.74;12.02;736;86;3799.00;157
10193;86;628792562;10193;172;10923;11080;9.85;0.60;245.73;12.02;730;86;3800.00;157
10195;86;628792577;10195;163;10923;11080;9.97;0.61;245.75;12.02;728;86;3801.00;157
10199;86;628792590;10199;154;10927;11086;10.07;0.61;245.76;12.01;728;86;3802.00;159
10203;86;628792603;10203;152;10927;11086;10.14;0.62;245.75;12.01;724;86;3803.00;159
10205;86;628792621;10205;144;10928;11086;10.28;0.62;245.74;12.01;723;86;3804.00;158
10207;86;628792632;10207;140;10928;11086;10.36;0.63;245.79;12.01;721;86;3805.00;158
10209;86;628792644;10209;136;10931;11090;10.40;0.63;245.78;12.01;722;86;3806.00;159
10212;87;628792656;10212;144;10932;11091;10.49;0.64;245.86;12.01;720;87;3807.00;159
10216;87;628792681;10216;147;10932;11091;10.49;0.64;245.82;12.01;716;87;3808.00;159
10219;88;628792692;10219;142;10933;11092;10.53;0.64;245.82;12.01;714;88;3809.00;159
10222;88;628792717;10222;140;10933;11092;10.54;0.64;245.83;12.01;711;88;3810.00;159
10224;88;628792727;10224;141;10933;11092;10.51;0.64;245.82;12.01;709;88;3811.00;159
10227;88;628792739;10227;141;10933;11092;10.49;0.64;245.83;12.01;706;88;3812.00;159
10231;88;628792750;10231;141;10933;11092;10.48;0.64;245.83;12.01;702;88;3813.00;159
10234;88;628792761;10234;142;10933;11092;10.48;0.64;245.83;12.01;699;88;3814.00;159
10238;88;628792772;10238;141;10933;11092;10.51;0.64;245.87;12.01;695;88;3815.00;159
10238;88;628792784;10238;155;10971;11162;10.43;0.64;245.87;11.97;733;88;3816.00;191
10239;88;628792801;10239;155;10973;11163;10.49;0.64;245.88;11.96;734;88;3817.00;190
10244;88;628792811;10244;148;10978;11163;10.59;0.65;246.00;11.96;734;88;3818.00;185
10246;88;628792828;10246;149;10981;11163;10.61;0.65;246.05;11.96;735;88;3819.00;182
10247;88;628792838;10247;152;10985;11163;10.63;0.65;246.05;11.95;738;88;3820.00;178
10254;88;628792848;10254;155;10989;11163;10.66;0.65;246.05;11.95;735;88;3821.00;174
10255;88;628792866;10255;158;10994;11163;10.72;0.66;246.06;11.95;739;88;3822.00;169
10255;89;628792876;10255;164;10995;11163;10.84;0.66;246.06;11.95;740;89;3823.00;168
10258;89;628792903;10258;170;10997;11164;10.91;0.67;246.10;11.95;739;89;3824.00;167
10260;89;628792913;10260;172;10999;11166;10.96;0.67;246.11;11.94;739;89;3825.00;167
10262;89;628792924;10262;172;11000;11166;11.01;0.67;246.12;11.94;738;89;3826.00;166
10265;89;628792934;10265;177;11003;11170;10.96;0.67;246.14;11.94;738;89;3827.00;167
10268;89;628792945;10268;177;11003;11170;10.95;0.67;246.12;11.94;735;89;3828.00;167
10273;89;628792955;10273;186;11004;11170;10.84;0.66;246.09;12.12;731;89;3829.00;166
10279;89;628792966;10279;188;11004;11170;10.68;0.65;246.14;12.12;725;89;3830.00;166
10284;89;628792977;10284;187;11007;11176;10.70;0.65;246.14;12.12;723;89;3831.00;169
10288;89;628792987;10288;190;11008;11176;10.62;0.65;246.11;12.11;720;89;3832.00;168
10292;89;628792998;10292;192;11008;11176;10.67;0.65;246.13;12.11;716;89;3833.00;168
10295;89;628793008;10295;198;11011;11179;10.68;0.65;246.14;12.11;716;89;3834.00;168
10298;89;628793018;10298;197;11011;11179;10.72;0.65;246.14;12.11;713;89;3835.00;168
10300;89;628793028;10300;197;11011;11179;10.76;0.65;246.21;12.11;711;89;3836.00;168
10303;89;628793038;10303;197;11011;11180;10.71;0.65;246.18;12.11;708;89;3837.00;169
10307;89;628793047;10307;194;11012;11181;10.70;0.65;246.14;12.11;705;89;3838.00;169
10309;89;628793058;10309;193;11012;11181;10.71;0.65;246.13;12.11;703;89;3839.00;169
10314;89;628793069;10314;198;11027;11207;10.54;0.64;246.09;12.09;713;89;3840.00;180
10315;89;628793081;10315;195;11028;11207;10.52;0.64;246.07;12.09;713;89;3841.00;179
10317;89;628793091;10317;189;11030;11207;10.60;0.64;246.07;12.09;713;89;3842.00;177
10319;89;628793107;10319;190;11032;11208;10.60;0.64;246.04;12.09;713;89;3843.00;176
10324;89;628793117;10324;192;11032;11208;10.64;0.64;246.01;12.09;708;89;3844.00;176
10330;89;628793127;10330;191;11035;11212;10.76;0.65;246.02;12.10;705;89;3845.00;177
10336;89;628793138;10336;191;11037;11214;10.79;0.65;245.98;12.10;701;89;3846.00;177
10339;89;628793148;10339;190;11041;11218;10.77;0.65;245.94;12.10;702;89;3847.00;177
10345;89;628793158;10345;189;11041;11218;10.73;0.65;245.86;12.10;696;89;3848.00;177
10348;89;628793168;10348;183;11041;11218;10.69;0.65;245.84;12.10;693;89;3849.00;177
10350;89;628793177;10350;185;11041;11218;10.70;0.65;245.82;12.10;691;89;3850.00;177
10353;89;628793187;10353;182;11041;11218;10.69;0.65;245.79;12.10;688;89;3851.00;177
10353;89;628793196;10353;181;11051;11230;10.69;0.65;245.79;12.09;698;89;3852.00;179
10353;89;628793206;10353;183;11051;11230;10.73;0.65;245.79;12.09;698;89;3853.00;179
10355;89;628793216;10355;184;11052;11230;10.67;0.65;245.76;12.09;697;89;3854.00;178
10356;89;628793225;10356;190;11052;11230;10.54;0.64;245.76;12.09;696;89;3855.00;178
10357;90;628793234;10357;195;11052;11230;10.48;0.64;245.76;12.09;695;90;3856.00;178
10359;90;628793255;10359;202;11055;11230;10.40;0.63;245.76;12.09;696;90;3857.00;175
10363;90;628793264;10363;204;11055;11231;10.37;0.63;245.75;12.09;692;90;3858.00;176
10363;90;628793274;10363;207;11055;11231;10.38;0.63;245.75;12.09;692;90;3859.00;176
10364;91;628793282;10364;212;11059;11237;10.38;0.63;245.73;12.09;695;91;3860.00;178
10366;91;628793305;10366;215;11061;11238;10.35;0.63;245.72;12.09;695;91;3861.00;177
10366;91;628793315;10366;214;11063;11238;10.26;0.63;245.72;12.09;697;91;3862.00;175
10367;91;628793324;10367;215;11063;11238;10.15;0.62;245.72;12.09;696;91;3863.00;175
10370;91;628793333;10370;212;11066;11242;10.00;0.61;245.66;12.08;696;91;3864.00;176
10370;91;628793342;10370;213;11067;11242;9.94;0.61;245.66;12.09;697;91;3865.00;175
10371;91;628793351;10371;220;11069;11242;9.84;0.60;245.72;12.10;698;91;3866.00;173
10373;91;628793360;10373;211;11071;11243;9.79;0.60;245.68;12.10;698;91;3867.00;172
10376;91;628793370;10376;209;11074;11247;9.75;0.59;245.73;12.10;698;91;3868.00;173
10378;91;628793385;10378;202;11075;11247;9.75;0.59;245.72;12.11;697;91;3869.00;172
10379;91;628793396;10379;205;11079;11253;9.74;0.59;245.72;12.12;700;91;3870.00;174
10379;91;628793415;10379;202;11080;11253;9.75;0.59;245.72;12.12;701;91;3871.00;173
10382;91;628793425;10382;206;11082;11253;9.66;0.59;245.74;12.14;700;91;3872.00;171
10383;91;628793435;10383;197;11083;11253;9.70;0.59;245.80;12.14;700;91;3873.00;170
10384;91;628793445;10384;198;11085;11257;9.83;0.60;245.79;12.14;701;91;3874.00;172
10385;91;628793455;10385;198;11088;11257;9.85;0.60;245.80;12.16;703;91;3875.00;169
10387;91;628793465;10387;198;11088;11257;9.90;0.60;245.78;12.16;701;91;3876.00;169
10388;91;628793482;10388;199;11090;11257;9.89;0.60;245.76;12.16;702;91;3877.00;167
10391;91;628793491;10391;198;11092;11258;9.89;0.60;245.76;12.18;701;91;3878.00;166
10391;91;628793502;10391;200;11094;11259;9.85;0.60;245.76;12.18;703;91;3879.00;165
10392;91;628793512;10392;206;11095;11259;9.82;0.60;245.75;12.19;703;91;3880.00;164
10394;91;628793521;10394;204;11097;11260;9.73;0.60;245.76;12.21;703;91;3881.00;163
10396;91;628793531;10396;205;11098;11260;9.65;0.59;245.75;12.22;702;91;3882.00;162
10397;91;628793547;10397;206;11100;11260;9.63;0.59;245.76;12.25;703;91;3883.00;160
10397;91;628793556;10397;209;11100;11260;9.51;0.58;245.76;12.25;703;91;3884.00;160
10398;91;628793571;10398;215;11101;11260;9.43;0.58;245.75;12.25;703;91;3885.00;159
10399;91;628793585;10399;219;11102;11260;9.28;0.57;245.75;12.26;703;91;3886.00;158
10401;91;628793594;10401;222;11103;11260;9.09;0.56;245.74;12.27;702;91;3887.00;157
10404;91;628793609;10404;246;11170;11387;9.07;0.56;245.80;12.20;766;91;3888.00;217
10404;91;628793628;10404;239;11175;11388;9.05;0.56;245.80;12.20;771;91;3889.00;213
10405;91;628793637;10405;228;11185;11388;9.05;0.56;245.79;12.21;780;91;3890.00;203
10408;91;628793647;10408;223;11190;11388;9.04;0.56;245.81;12.20;782;91;3891.00;198
10411;91;628793657;10411;220;11196;11388;8.99;0.56;245.86;12.21;785;91;3892.00;192
10416;91;628793667;10416;215;11201;11388;8.97;0.56;245.87;12.21;785;91;3893.00;187
10418;91;628793678;10418;215;11206;11388;8.96;0.56;245.87;12.20;788;91;3894.00;182
10423;91;628793688;10423;218;11209;11388;8.91;0.55;245.84;12.22;786;91;3895.00;179
10428;91;628793697;10428;220;11214;11389;8.94;0.55;245.78;12.23;786;91;3896.00;175
10432;91;628793708;10432;221;11217;11390;8.93;0.55;245.77;12.23;785;91;3897.00;173
10433;91;628793719;10433;229;11222;11390;8.92;0.55;245.77;12.24;789;91;3898.00;168
10435;91;628793735;10435;235;11223;11391;8.87;0.55;245.79;12.23;788;91;3899.00;168
10438;91;628793748;10438;244;11228;11406;8.74;0.54;245.80;12.23;790;91;3900.00;178
10440;91;628793764;10440;239;11232;11406;8.61;0.53;245.78;12.25;792;91;3901.00;174
10441;91;628793775;10441;245;11235;11406;8.48;0.52;245.77;12.26;794;91;3902.00;171
10446;91;628793785;10446;255;11239;11410;8.33;0.51;245.77;12.27;793;91;3903.00;171
10451;91;628793796;10451;249;11241;11410;8.14;0.50;245.84;12.27;790;91;3904.00;169
10455;91;628793806;10455;251;11242;11410;7.97;0.49;245.83;12.27;787;91;3905.00;168
10462;91;628793817;10462;256;11246;11413;7.80;0.48;245.80;12.28;784;91;3906.00;167
10468;91;628793828;10468;263;11247;11413;7.68;0.47;245.80;12.28;779;91;3907.00;166
10469;91;628793839;10469;263;11250;11413;7.63;0.47;245.79;12.28;781;91;3908.00;163
10475;91;628793849;10475;267;11253;11417;7.49;0.46;245.82;12.28;778;91;3909.00;164
10480;91;628793860;10480;259;11254;11418;7.42;0.46;245.81;12.28;774;91;3910.00;164
10482;91;628793870;10482;251;11255;11418;7.41;0.46;245.82;12.29;773;91;3911.00;163
10485;91;628793880;10485;244;11259;11422;7.42;0.46;245.84;12.30;774;91;3912.00;163
10488;91;628793890;10488;245;11262;11422;7.47;0.46;245.88;12.31;774;91;3913.00;160
10491;91;628793900;10491;245;11263;11422;7.56;0.47;245.91;12.31;772;91;3914.00;159
10498;91;628793910;10498;239;11266;11424;7.59;0.47;245.89;12.31;768;91;3915.00;158
10500;91;628793927;10500;233;11266;11424;7.64;0.47;245.96;12.31;766;91;3916.00;158
10503;91;628793936;10503;228;11269;11430;7.79;0.48;245.96;12.31;766;91;3917.00;161
10505;91;628793950;10505;224;11270;11430;7.87;0.48;245.97;12.31;765;91;3918.00;160
10507;91;628793962;10507;223;11271;11431;7.94;0.49;245.97;12.31;764;91;3919.00;160
10512;91;628793974;10512;218;11271;11431;8.02;0.49;246.01;12.31;759;91;3920.00;160
10518;91;628793985;10518;216;11271;11431;8.08;0.49;246.05;12.31;753;91;3921.00;160
10524;91;628793996;10524;213;11271;11431;8.16;0.50;246.07;12.31;747;91;3922.00;160
10528;91;628794006;10528;212;11271;11431;8.26;0.50;246.12;12.31;743;91;3923.00;160
10530;91;628794017;10530;212;11281;11443;8.42;0.51;246.11;12.30;751;91;3924.00;162
10537;91;628794034;10537;208;11282;11443;8.45;0.51;246.16;12.30;745;91;3925.00;161
10540;91;628794045;10540;200;11282;11443;8.48;0.51;246.20;12.30;742;91;3926.00;161
10543;91;628794055;10543;206;11282;11443;8.52;0.52;246.22;12.30;739;91;3927.00;161
10546;91;628794065;10546;197;11282;11443;8.59;0.52;246.30;12.30;736;91;3928.00;161
10551;91;628794075;10551;196;11282;11443;8.57;0.52;246.33;12.30;731;91;3929.00;161
10553;91;628794088;10553;194;11288;11447;8.61;0.52;246.38;12.48;735;91;3930.00;159
10556;91;628794100;10556;195;11289;11447;8.69;0.53;246.39;12.48;733;91;3931.00;158
10559;91;628794115;10559;192;11291;11451;8.77;0.54;246.43;12.48;732;91;3932.00;160
10561;91;628794132;10561;189;11292;11452;8.83;0.54;246.44;12.48;731;91;3933.00;160
10566;91;628794145;10566;189;11294;11452;8.80;0.54;246.51;12.48;728;91;3934.00;158
10571;91;628794160;10571;189;11294;11452;8.87;0.54;246.49;12.48;723;91;3935.00;158
10577;91;628794175;10577;185;11305;11465;8.96;0.55;246.46;12.47;728;91;3936.00;160
10581;91;628794190;10581;182;11306;11465;9.01;0.55;246.48;12.47;725;91;3937.00;159
10588;91;628794203;10588;178;11306;11465;9.10;0.56;246.53;12.47;718;91;3938.00;159
10591;91;628794216;10591;179;11307;11466;9.19;0.56;246.56;12.47;716;91;3939.00;159
10597;91;628794229;10597;180;11308;11467;9.21;0.56;246.56;12.47;711;91;3940.00;159
10599;91;628794241;10599;186;11308;11467;9.27;0.57;246.54;12.47;709;91;3941.00;159
10603;91;628794253;10603;193;11311;11470;9.33;0.57;246.56;12.47;708;91;3942.00;159
10609;91;628794266;10609;194;11311;11470;9.36;0.57;246.52;12.47;702;91;3943.00;159
10612;91;628794277;10612;192;11312;11470;9.36;0.57;246.53;12.47;700;91;3944.00;158
10614;91;628794288;10614;193;11312;11470;9.34;0.57;246.50;12.47;698;91;3945.00;158
10619;91;628794299;10619;192;11316;11476;9.31;0.57;246.49;12.47;697;91;3946.00;160
10622;91;628794312;10622;198;11317;11476;9.31;0.57;246.48;12.47;695;91;3947.00;159
10625;91;628794322;10625;200;11317;11476;9.33;0.57;246.50;12.47;692;91;3948.00;159
10627;91;628794333;10627;204;11318;11476;9.28;0.57;246.53;12.47;691;91;3949.00;158
10634;91;628794344;10634;201;11322;11480;9.20;0.56;246.58;12.46;688;91;3950.00;158
10635;91;628794355;10635;203;11324;11481;9.21;0.56;246.59;12.46;689;91;3951.00;157
10640;91;628794365;10640;204;11324;11481;9.15;0.56;246.62;12.46;684;91;3952.00;157
10645;91;628794375;10645;203;11325;11482;8.99;0.55;246.60;12.46;680;91;3953.00;157
10647;91;628794386;10647;210;11325;11482;8.86;0.54;246.58;12.46;678;91;3954.00;157
10651;91;628794396;10651;211;11325;11482;8.75;0.53;246.60;12.46;674;91;3955.00;157
10653;91;628794407;10653;219;11325;11482;8.68;0.53;246.65;12.46;672;91;3956.00;157
10657;91;628794417;10657;208;11325;11482;8.63;0.53;246.67;12.46;668;91;3957.00;157
10660;91;628794427;10660;206;11325;11482;8.49;0.52;246.70;12.46;665;91;3958.00;157
10664;91;628794438;10664;205;11325;11482;8.48;0.52;246.72;12.46;661;91;3959.00;157
10668;91;628794450;10668;228;11397;11607;8.43;0.52;246.80;12.38;729;91;3960.00;210
10674;91;628794471;10674;216;11399;11608;8.42;0.52;246.81;12.38;725;91;3961.00;209
10681;91;628794483;10681;210;11404;11608;8.50;0.52;246.86;12.37;723;91;3962.00;204
10684;91;628794495;10684;211;11408;11608;8.62;0.53;246.86;12.37;724;91;3963.00;200
10687;91;628794505;10687;216;11411;11608;8.70;0.53;246.86;12.37;724;91;3964.00;197
10689;91;628794516;10689;214;11414;11608;8.74;0.53;246.88;12.37;725;91;3965.00;194
10693;91;628794528;10693;206;11417;11608;8.90;0.54;246.89;12.37;724;91;3966.00;191
10696;91;628794540;10696;198;11418;11608;8.98;0.55;246.93;12.36;722;91;3967.00;190
10697;91;628794551;10697;197;11424;11609;9.04;0.55;246.92;12.36;727;91;3968.00;185
10700;91;628794562;10700;193;11426;11610;9.08;0.55;246.96;12.36;726;91;3969.00;184
10702;91;628794573;10702;186;11428;11610;9.06;0.55;246.95;12.36;726;91;3970.00;182
10704;91;628794585;10704;179;11431;11614;9.07;0.55;246.95;12.36;727;91;3971.00;183
10707;91;628794597;10707;176;11434;11614;9.05;0.55;246.99;12.36;727;91;3972.00;180
10709;91;628794609;10709;174;11435;11614;9.09;0.56;247.00;12.36;726;91;3973.00;179
10714;91;628794620;10714;172;11435;11614;9.13;0.56;247.07;12.36;721;91;3974.00;179
10716;91;628794632;10716;176;11439;11620;9.19;0.56;247.07;12.35;723;91;3975.00;181
10717;91;628794644;10717;178;11439;11620;9.33;0.57;247.05;12.35;722;91;3976.00;181
10720;92;628794655;10720;179;11439;11620;9.40;0.57;247.09;12.35;719;92;3977.00;181
10721;92;628794678;10721;183;11443;11623;9.43;0.57;247.12;12.35;722;92;3978.00;180
10724;92;628794694;10724;181;11443;11623;9.53;0.58;247.12;12.35;719;92;3979.00;180
10727;92;628794705;10727;180;11443;11623;9.60;0.59;247.14;12.35;716;92;3980.00;180
10729;92;628794716;10729;182;11443;11624;9.64;0.59;247.13;12.35;714;92;3981.00;181
10733;92;628794726;10733;181;11444;11625;9.69;0.59;247.17;12.35;711;92;3982.00;181
10736;93;628794737;10736;181;11444;11625;9.74;0.59;247.18;12.35;708;93;3983.00;181
10737;93;628794753;10737;183;11454;11638;9.86;0.60;247.16;12.34;717;93;3984.00;184
10741;93;628794765;10741;186;11454;11638;9.92;0.60;247.18;12.34;713;93;3985.00;184
10743;93;628794780;10743;184;11454;11638;9.98;0.61;247.18;12.34;711;93;3986.00;184
10746;93;628794791;10746;187;11455;11639;10.06;0.61;247.15;12.34;709;93;3987.00;184
10748;93;628794801;10748;193;11455;11639;10.14;0.62;247.15;12.34;707;93;3988.00;184
10752;93;628794811;10752;198;11458;11643;10.22;0.62;247.14;12.33;706;93;3989.00;185
10752;93;628794824;10752;200;11459;11643;10.26;0.63;247.14;12.33;707;93;3990.00;184
10754;93;628794840;10754;204;11462;11647;10.25;0.63;247.14;12.33;708;93;3991.00;185
10757;93;628794855;10757;208;11462;11647;10.18;0.62;247.11;12.33;705;93;3992.00;185
10757;93;628794870;10757;213;11462;11647;10.20;0.62;247.11;12.33;705;93;3993.00;185
10759;93;628794879;10759;214;11462;11647;10.16;0.62;247.10;12.33;703;93;3994.00;185
10762;93;628794889;10762;212;11462;11647;10.10;0.62;247.06;12.33;700;93;3995.00;185
10764;93;628794898;10764;215;11472;11659;10.11;0.62;247.04;12.32;708;93;3996.00;187
10771;93;628794908;10771;215;11473;11659;10.14;0.62;247.05;12.32;702;93;3997.00;186
10773;93;628794919;10773;216;11473;11659;10.22;0.62;247.02;12.32;700;93;3998.00;186
10776;93;628794928;10776;215;11473;11659;10.26;0.63;247.02;12.32;697;93;3999.00;186
10778;93;628794938;10778;213;11473;11659;10.33;0.63;246.99;12.32;695;93;4000.00;186
10780;93;628794951;10780;217;11473;11659;10.36;0.63;246.97;12.32;693;93;4001.00;186
10781;93;628794966;10781;218;11473;11660;10.36;0.63;246.95;12.32;692;93;4002.00;187
10782;93;628794976;10782;219;11474;11660;10.38;0.63;246.94;12.50;692;93;4003.00;186
10784;93;628794987;10784;217;11478;11666;10.40;0.64;246.91;12.49;694;93;4004.00;188
10786;93;628794997;10786;214;11481;11668;10.42;0.64;246.90;12.49;695;93;4005.00;187
10790;93;628795006;10790;213;11481;11668;10.38;0.63;246.86;12.49;691;93;4006.00;187
10791;93;628795015;10791;213;11481;11668;10.38;0.63;246.84;12.49;690;93;4007.00;187
10793;93;628795023;10793;214;11484;11672;10.40;0.63;246.83;12.49;691;93;4008.00;188
10795;93;628795032;10795;214;11484;11672;10.42;0.63;246.81;12.49;689;93;4009.00;188
10797;93;628795041;10797;220;11484;11672;10.42;0.63;246.81;12.49;687;93;4010.00;188
10802;93;628795050;10802;215;11485;11673;10.32;0.63;246.80;12.49;683;93;4011.00;188
10805;93;628795061;10805;211;11488;11677;10.28;0.62;246.78;12.48;683;93;4012.00;189
10808;93;628795071;10808;208;11488;11677;10.24;0.62;246.83;12.48;680;93;4013.00;189
10811;93;628795080;10811;207;11491;11680;10.23;0.62;246.81;12.50;680;93;4014.00;189
10812;93;628795091;10812;199;11492;11680;10.29;0.63;246.80;12.50;680;93;4015.00;188
10813;93;628795101;10813;195;11493;11680;10.39;0.63;246.78;12.51;680;93;4016.00;187
10815;93;628795110;10815;192;11493;11680;10.43;0.63;246.79;12.51;678;93;4017.00;187
10816;93;628795119;10816;191;11497;11684;10.42;0.63;246.77;12.69;681;93;4018.00;187
10818;93;628795129;10818;180;11497;11684;10.55;0.64;246.76;12.69;679;93;4019.00;187
10822;93;628795140;10822;169;11498;11684;10.65;0.65;246.81;12.68;676;93;4020.00;186
10824;93;628795156;10824;165;11498;11684;10.69;0.65;246.80;12.68;674;93;4021.00;186
10826;93;628795165;10826;156;11498;11685;10.85;0.66;246.77;12.68;672;93;4022.00;187
10832;93;628795175;10832;148;11499;11686;10.94;0.66;246.73;12.68;667;93;4023.00;187
10832;93;628795185;10832;141;11499;11686;11.03;0.67;246.73;12.68;667;93;4024.00;187
10832;93;628795194;10832;132;11500;11687;11.14;0.68;246.73;12.68;668;93;4025.00;187
10834;94;628795210;10834;130;11501;11687;11.24;0.68;246.70;12.86;667;94;4026.00;186
10835;94;628795230;10835;126;11502;11687;11.24;0.68;246.69;12.86;667;94;4027.00;185
10836;94;628795241;10836;122;11502;11687;11.34;0.69;246.69;12.86;666;94;4028.00;185
10837;94;628795251;10837;117;11502;11687;11.40;0.69;246.69;12.86;665;94;4029.00;185
10838;94;628795260;10838;116;11503;11687;11.36;0.69;246.68;13.04;665;94;4030.00;184
10839;94;628795270;10839;117;11503;11687;11.40;0.69;246.68;13.04;664;94;4031.00;184
10840;94;628795285;10840;135;11565;11814;11.29;0.69;246.67;12.97;725;94;4032.00;249
10840;94;628795308;10840;125;11569;11815;11.27;0.69;246.67;12.97;729;94;4033.00;246
10842;94;628795320;10842;122;11580;11815;11.27;0.69;246.67;12.96;738;94;4034.00;235
10843;94;628795330;10843;123;11583;11815;11.23;0.69;246.65;12.95;740;94;4035.00;232
10844;94;628795341;10844;129;11589;11815;11.27;0.69;246.65;12.96;745;94;4036.00;226
10844;94;628795351;10844;134;11595;11815;11.23;0.69;246.65;12.95;751;94;4037.00;220
10846;94;628795361;10846;135;11599;11815;11.20;0.68;246.66;12.95;753;94;4038.00;216
10848;94;628795372;10848;139;11603;11815;11.16;0.68;246.67;12.96;755;94;4039.00;212
10851;94;628795383;10851;147;11608;11816;11.13;0.68;246.65;12.97;757;94;4040.00;208
10854;94;628795399;10854;149;11610;11817;11.14;0.68;246.62;12.97;756;94;4041.00;207
10858;94;628795415;10858;155;11615;11817;11.17;0.68;246.62;12.99;757;94;4042.00;202
10860;94;628795430;10860;160;11618;11818;11.13;0.68;246.67;12.99;758;94;4043.00;200
10864;94;628795445;10864;165;11620;11818;11.05;0.68;246.68;12.99;756;94;4044.00;198
10866;94;628795460;10866;174;11623;11818;10.94;0.67;246.68;13.01;757;94;4045.00;195
10867;94;628795474;10867;180;11625;11818;10.78;0.66;246.69;13.01;758;94;4046.00;193
10870;94;628795489;10870;187;11629;11822;10.65;0.65;246.67;13.03;759;94;4047.00;193
10875;94;628795502;10875;197;11631;11822;10.51;0.64;246.64;13.03;756;94;4048.00;191
10876;94;628795513;10876;205;11634;11822;10.31;0.63;246.66;13.05;758;94;4049.00;188
10877;94;628795525;10877;218;11638;11828;10.15;0.62;246.66;13.05;761;94;4050.00;190
10880;94;628795536;10880;222;11640;11828;9.95;0.61;246.66;13.07;760;94;4051.00;188
10882;94;628795546;10882;226;11642;11828;9.80;0.60;246.68;13.08;760;94;4052.00;186
10885;94;628795556;10885;235;11646;11832;9.65;0.59;246.66;13.09;761;94;4053.00;186
10886;94;628795567;10886;240;11649;11833;9.59;0.59;246.68;13.10;763;94;4054.00;184
10889;94;628795577;10889;246;11650;11833;9.50;0.58;246.67;13.11;761;94;4055.00;183
10893;94;628795588;10893;252;11655;11837;9.41;0.58;246.65;13.11;762;94;4056.00;182
10894;94;628795599;10894;257;11657;11837;9.27;0.57;246.64;13.12;763;94;4057.00;180
10896;94;628795609;10896;256;11657;11837;9.07;0.56;246.62;13.12;761;94;4058.00;180
10898;94;628795619;10898;255;11660;11838;8.91;0.55;246.62;13.13;762;94;4059.00;178
10901;94;628795629;10901;254;11662;11838;8.77;0.54;246.58;13.14;761;94;4060.00;176
10903;94;628795639;10903;252;11666;11844;8.69;0.53;246.59;13.13;763;94;4061.00;178
10904;94;628795650;10904;252;11668;11844;8.52;0.52;246.59;13.15;764;94;4062.00;176
10906;94;628795660;10906;256;11670;11845;8.39;0.51;246.60;13.15;764;94;4063.00;175
10908;94;628795670;10908;259;11670;11845;8.33;0.51;246.58;13.15;762;94;4064.00;175
10911;94;628795681;10911;259;11672;11845;8.25;0.51;246.56;13.16;761;94;4065.00;173
10913;94;628795698;10913;253;11672;11845;8.26;0.51;246.54;13.16;759;94;4066.00;173
10917;94;628795710;10917;253;11674;11845;8.25;0.51;246.49;13.17;757;94;4067.00;171
10921;94;628795722;10921;255;11684;11857;8.32;0.51;246.51;13.16;763;94;4068.00;173
10924;94;628795735;10924;251;11684;11857;8.37;0.51;246.49;13.16;760;94;4069.00;173
10926;94;628795748;10926;252;11686;11857;8.38;0.51;246.50;13.17;760;94;4070.00;171
10927;94;628795762;10927;252;11687;11857;8.38;0.51;246.49;13.19;760;94;4071.00;170
10930;94;628795775;10930;251;11687;11857;8.36;0.51;246.54;13.19;757;94;4072.00;170
10932;94;628795788;10932;248;11690;11857;8.32;0.51;246.54;13.22;758;94;4073.00;167
10936;94;628795800;10936;245;11693;11861;8.24;0.51;246.51;13.22;757;94;4074.00;168
10943;94;628795813;10943;245;11694;11861;8.16;0.50;246.59;13.23;751;94;4075.00;167
10948;94;628795824;10948;247;11697;11865;8.11;0.50;246.64;13.22;749;94;4076.00;168
10954;94;628795837;10954;245;11698;11866;8.06;0.50;246.66;13.22;744;94;4077.00;168
10963;94;628795849;10963;251;11702;11866;7.90;0.49;246.68;13.25;739;94;4078.00;164
10967;94;628795862;10967;252;11702;11866;7.84;0.48;246.68;13.25;735;94;4079.00;164
10973;94;628795876;10973;249;11722;11895;7.76;0.48;246.68;13.24;749;94;4080.00;173
10977;94;628795891;10977;245;11722;11895;7.73;0.48;246.72;13.24;745;94;4081.00;173
10983;94;628795903;10983;243;11725;11895;7.79;0.48;246.71;13.23;742;94;4082.00;170
10990;94;628795915;10990;240;11729;11896;7.83;0.48;246.76;13.24;739;94;4083.00;167
10995;94;628795926;10995;239;11731;11897;7.89;0.49;246.81;13.24;736;94;4084.00;166
10998;94;628795938;10998;239;11731;11897;7.96;0.49;246.82;13.24;733;94;4085.00;166
11004;94;628795949;11004;236;11737;11900;7.97;0.49;246.82;13.26;733;94;4086.00;163
11008;94;628795962;11008;233;11737;11900;8.05;0.49;246.81;13.26;729;94;4087.00;163
11014;94;628795973;11014;224;11737;11900;8.12;0.50;246.86;13.26;723;94;4088.00;163
11017;94;628795983;11017;222;11738;11900;8.24;0.50;246.85;13.26;721;94;4089.00;162
11023;94;628795992;11023;217;11743;11906;8.23;0.50;246.86;13.26;720;94;4090.00;163
11028;94;628796003;11028;216;11743;11906;8.29;0.51;246.91;13.26;715;94;4091.00;163
11030;94;628796014;11030;212;11744;11906;8.41;0.51;246.90;13.43;714;94;4092.00;162
11036;94;628796025;11036;215;11744;11906;8.42;0.51;246.97;13.43;708;94;4093.00;162
11040;94;628796035;11040;207;11747;11910;8.51;0.52;246.99;13.43;707;94;4094.00;163
11042;94;628796046;11042;207;11749;11912;8.64;0.53;246.99;13.43;707;94;4095.00;163
11044;94;628796056;11044;209;11749;11912;8.72;0.53;247.03;13.43;705;94;4096.00;163
11047;94;628796067;11047;200;11750;11913;8.82;0.54;247.04;13.43;703;94;4097.00;163
11048;94;628796077;11048;197;11750;11913;8.94;0.54;247.05;13.43;702;94;4098.00;163
11053;94;628796088;11053;191;11750;11913;9.01;0.55;247.08;13.43;697;94;4099.00;163
11056;94;628796099;11056;189;11750;11913;9.08;0.55;247.12;13.43;694;94;4100.00;163
11060;94;628796118;11060;195;11750;11913;9.21;0.56;247.13;13.43;690;94;4101.00;163
11064;94;628796131;11064;193;11750;11913;9.20;0.56;247.15;13.43;686;94;4102.00;163
11069;94;628796144;11069;195;11750;11913;9.19;0.56;247.13;13.43;681;94;4103.00;163
11074;94;628796159;11074;205;11789;11983;9.03;0.55;247.12;13.38;715;94;4104.00;194
11079;94;628796180;11079;201;11789;11984;9.08;0.55;247.14;13.38;710;94;4105.00;195
11084;94;628796193;11084;197;11794;11984;9.15;0.56;247.22;13.38;710;94;4106.00;190
11089;94;628796207;11089;197;11798;11984;9.30;0.57;247.23;13.37;709;94;4107.00;186
11092;94;628796220;11092;198;11803;11984;9.41;0.57;247.23;13.37;711;94;4108.00;181
11097;94;628796231;11097;200;11807;11984;9.51;0.58;247.25;13.37;710;94;4109.00;177
11103;94;628796251;11103;205;11810;11984;9.54;0.58;247.23;13.37;707;94;4110.00;174
11108;94;628796263;11108;211;11811;11984;9.51;0.58;247.23;13.37;703;94;4111.00;173
11109;94;628796273;11109;214;11813;11985;9.57;0.58;247.24;13.36;704;94;4112.00;172
11110;94;628796284;11110;213;11814;11986;9.53;0.58;247.26;13.36;704;94;4113.00;172
11113;94;628796295;11113;220;11815;11986;9.51;0.58;247.26;13.36;702;94;4114.00;171
11114;94;628796308;11114;224;11817;11990;9.59;0.59;247.27;13.36;703;94;4115.00;173
11119;94;628796321;11119;226;11817;11990;9.50;0.58;247.28;13.36;698;94;4116.00;173
11122;94;628796332;11122;231;11817;11990;9.54;0.58;247.29;13.36;695;94;4117.00;173
11125;94;628796343;11125;231;11817;11990;9.48;0.58;247.32;13.36;692;94;4118.00;173
11129;94;628796353;11129;234;11821;11996;9.49;0.58;247.35;13.36;692;94;4119.00;175
11132;94;628796365;11132;237;11823;11996;9.43;0.58;247.35;13.36;691;94;4120.00;173
11137;94;628796375;11137;243;11824;11996;9.37;0.57;247.34;13.36;687;94;4121.00;172
11143;94;628796392;11143;242;11826;11999;9.32;0.57;247.36;13.35;683;94;4122.00;173
11146;94;628796403;11146;245;11829;11999;9.28;0.56;247.36;13.35;683;94;4123.00;170
11150;94;628796413;11150;254;11829;11999;9.19;0.56;247.40;13.35;679;94;4124.00;170
11154;94;628796423;11154;257;11829;12000;9.06;0.55;247.42;13.35;675;94;4125.00;171
11154;94;628796433;11154;262;11830;12001;8.90;0.54;247.42;13.35;676;94;4126.00;171
11162;94;628796443;11162;258;11831;12001;8.66;0.53;247.44;13.53;669;94;4127.00;170
11164;94;628796455;11164;259;11842;12014;8.66;0.52;247.42;13.52;678;94;4128.00;172
11168;94;628796465;11168;250;11842;12014;8.55;0.52;247.41;13.52;674;94;4129.00;172
11169;94;628796475;11169;249;11842;12014;8.48;0.51;247.41;13.52;673;94;4130.00;172
11171;94;628796490;11171;251;11843;12015;8.40;0.51;247.44;13.52;672;94;4131.00;172
11174;94;628796501;11174;250;11843;12015;8.32;0.50;247.41;13.52;669;94;4132.00;172
11176;94;628796511;11176;254;11846;12019;8.33;0.51;247.42;13.51;670;94;4133.00;173
11177;94;628796522;11177;251;11846;12019;8.33;0.51;247.41;13.51;669;94;4134.00;173
11178;94;628796531;11178;257;11850;12023;8.40;0.51;247.41;13.51;672;94;4135.00;173
11179;94;628796547;11179;245;11850;12023;8.53;0.52;247.40;13.51;671;94;4136.00;173
11181;94;628796556;11181;233;11850;12023;8.59;0.52;247.46;13.51;669;94;4137.00;173
11183;94;628796567;11183;228;11850;12023;8.70;0.53;247.44;13.51;667;94;4138.00;173
11186;94;628796577;11186;221;11850;12023;8.77;0.53;247.45;13.51;664;94;4139.00;173
11186;94;628796590;11186;217;11874;12057;8.81;0.54;247.45;13.48;688;94;4140.00;183
11189;94;628796602;11189;210;11875;12057;8.93;0.54;247.44;13.48;686;94;4141.00;182
11190;94;628796614;11190;202;11876;12057;9.09;0.55;247.42;13.48;686;94;4142.00;181
11190;94;628796624;11190;195;11876;12057;9.20;0.56;247.42;13.48;686;94;4143.00;181
11193;94;628796635;11193;198;11877;12057;9.32;0.57;247.38;13.48;684;94;4144.00;180
11193;94;628796645;11193;194;11877;12057;9.47;0.58;247.38;13.48;684;94;4145.00;180
11196;94;628796656;11196;194;11878;12058;9.55;0.58;247.35;13.48;682;94;4146.00;180
11197;94;628796666;11197;191;11878;12058;9.62;0.59;247.36;13.48;681;94;4147.00;180
11201;94;628796676;11201;190;11883;12064;9.68;0.59;247.41;13.65;682;94;4148.00;181
11205;94;628796688;11205;191;11884;12065;9.69;0.59;247.39;13.64;679;94;4149.00;181
11207;94;628796703;11207;190;11885;12065;9.66;0.59;247.38;13.64;678;94;4150.00;180
11208;94;628796713;11208;184;11885;12065;9.66;0.59;247.36;13.64;677;94;4151.00;180
11213;94;628796723;11213;185;11889;12069;9.65;0.59;247.29;13.64;676;94;4152.00;180
11215;94;628796735;11215;184;11889;12069;9.65;0.59;247.28;13.64;674;94;4153.00;180
11219;94;628796750;11219;187;11889;12069;9.69;0.59;247.22;13.64;670;94;4154.00;180
11220;94;628796760;11220;187;11890;12070;9.72;0.59;247.20;13.64;670;94;4155.00;180
11221;94;628796769;11221;189;11893;12074;9.72;0.59;247.20;13.64;672;94;4156.00;181
11221;94;628796779;11221;190;11893;12074;9.71;0.59;247.20;13.64;672;94;4157.00;181
11222;95;628796794;11222;189;11895;12077;9.77;0.59;247.20;13.63;673;95;4158.00;182
11223;95;628796816;11223;191;11895;12077;9.78;0.60;247.26;13.63;672;95;4159.00;182
11224;95;628796825;11224;194;11896;12077;9.87;0.60;247.26;13.63;672;95;4160.00;181
11225;95;628796834;11225;196;11896;12077;9.95;0.61;247.25;13.63;671;95;4161.00;181
11227;95;628796848;11227;199;11899;12081;10.05;0.61;247.23;13.63;672;95;4162.00;182
11228;95;628796857;11228;198;11899;12081;10.11;0.62;247.23;13.63;671;95;4163.00;182
11230;95;628796866;11230;201;11901;12081;10.17;0.62;247.22;13.80;671;95;4164.00;180
11231;95;628796876;11231;203;11901;12081;10.13;0.62;247.21;13.80;670;95;4165.00;180
11233;95;628796884;11233;203;11901;12082;10.08;0.61;247.19;13.80;668;95;4166.00;181
11235;95;628796899;11235;207;11902;12083;10.05;0.61;247.18;13.79;667;95;4167.00;181
11235;95;628796908;11235;214;11902;12083;10.05;0.61;247.18;13.79;667;95;4168.00;181
11235;95;628796917;11235;214;11903;12084;10.10;0.61;247.18;13.79;668;95;4169.00;181
11237;95;628796928;11237;215;11904;12084;10.04;0.61;247.26;13.96;667;95;4170.00;180
11240;95;628796937;11240;209;11904;12084;10.07;0.61;247.31;13.96;664;95;4171.00;180
11241;95;628796946;11241;200;11904;12084;10.18;0.62;247.29;13.96;663;95;4172.00;180
11243;95;628796955;11243;191;11906;12086;10.24;0.62;247.28;13.96;663;95;4173.00;180
11246;95;628796964;11246;179;11906;12086;10.32;0.62;247.25;13.96;660;95;4174.00;180
11248;95;628796973;11248;169;11906;12086;10.37;0.63;247.24;13.96;658;95;4175.00;180
11250;96;628796982;11250;184;11974;12213;10.09;0.62;247.23;13.88;724;96;4176.00;239
11250;96;628797011;11250;167;11976;12214;10.20;0.63;247.23;14.05;726;96;4177.00;238
11252;96;628797021;11252;154;11983;12214;10.40;0.64;247.23;14.04;731;96;4178.00;231
11255;96;628797031;11255;146;11985;12214;10.61;0.65;247.21;14.04;730;96;4179.00;229
11258;96;628797040;11258;136;11988;12214;10.79;0.66;247.24;14.03;730;96;4180.00;226
11259;96;628797050;11259;131;11993;12214;10.99;0.67;247.24;14.03;734;96;4181.00;221
11260;96;628797063;11260;123;11996;12214;11.06;0.68;247.23;14.03;736;96;4182.00;218
11262;96;628797080;11262;123;11999;12214;11.07;0.68;247.21;14.03;737;96;4183.00;215
11265;96;628797098;11265;122;12002;12215;11.17;0.68;247.19;14.03;737;96;4184.00;213
11265;97;628797110;11265;123;12009;12217;11.21;0.68;247.19;14.05;744;97;4185.00;208
11267;97;628797140;11267;117;12011;12217;11.34;0.69;247.18;14.05;744;97;4186.00;206
11270;97;628797151;11270;112;12014;12218;11.44;0.70;247.17;14.05;744;97;4187.00;204
11273;97;628797167;11273;117;12018;12218;11.52;0.70;247.15;14.05;745;97;4188.00;200
11274;97;628797178;11274;115;12020;12218;11.54;0.70;247.17;14.05;746;97;4189.00;198
11275;97;628797190;11275;118;12021;12218;11.47;0.70;247.17;14.05;746;97;4190.00;197
11276;97;628797202;11276;121;12024;12222;11.48;0.70;247.17;14.05;748;97;4191.00;198
11279;97;628797215;11279;120;12026;12222;11.42;0.70;247.15;14.21;747;97;4192.00;196
11281;97;628797226;11281;118;12028;12222;11.34;0.69;247.14;14.21;747;97;4193.00;194
11284;97;628797238;11284;132;12030;12225;11.39;0.69;247.13;14.21;746;97;4194.00;195
11289;97;628797250;11289;138;12031;12225;11.40;0.70;247.17;14.21;742;97;4195.00;194
11290;97;628797261;11290;136;12032;12225;11.33;0.69;247.17;14.38;742;97;4196.00;193
11295;97;628797272;11295;139;12036;12229;11.29;0.69;247.20;14.37;741;97;4197.00;193
11298;97;628797283;11298;143;12038;12230;11.26;0.69;247.17;14.54;740;97;4198.00;192
11303;97;628797294;11303;140;12038;12230;11.18;0.68;247.17;14.54;735;97;4199.00;192
11307;97;628797307;11307;153;12049;12264;11.04;0.67;247.15;14.53;742;97;4200.00;215
11311;97;628797325;11311;151;12051;12264;10.90;0.66;247.15;14.70;740;97;4201.00;213
11316;97;628797336;11316;153;12052;12264;10.81;0.66;247.17;14.70;736;97;4202.00;212
11316;97;628797346;11316;158;12056;12265;10.81;0.66;247.17;14.70;740;97;4203.00;209
11319;97;628797356;11319;162;12056;12265;10.73;0.65;247.23;14.70;737;97;4204.00;209
11323;97;628797366;11323;168;12060;12271;10.70;0.65;247.26;14.70;737;97;4205.00;211
11325;97;628797377;11325;175;12062;12271;10.56;0.64;247.26;14.69;737;97;4206.00;209
11329;97;628797388;11329;176;12064;12272;10.40;0.63;247.25;14.69;735;97;4207.00;208
11331;97;628797398;11331;180;12064;12272;10.30;0.63;247.25;14.69;733;97;4208.00;208
11333;97;628797408;11333;182;12064;12272;10.20;0.62;247.27;14.69;731;97;4209.00;208
11334;97;628797424;11334;189;12066;12272;10.12;0.62;247.28;14.71;732;97;4210.00;206
11337;97;628797439;11337;197;12067;12272;10.02;0.61;247.28;14.72;730;97;4211.00;205
11339;97;628797456;11339;202;12077;12284;10.01;0.61;247.27;14.72;738;97;4212.00;207
11343;98;628797472;11343;208;12080;12284;10.02;0.61;247.30;14.73;737;98;4213.00;204
11344;98;628797504;11344;213;12082;12284;10.04;0.61;247.29;14.74;738;98;4214.00;202
11349;98;628797514;11349;214;12082;12284;10.03;0.61;247.27;14.74;733;98;4215.00;202
11353;98;628797524;11353;221;12084;12284;9.97;0.61;247.25;14.76;731;98;4216.00;200
11354;98;628797535;11354;227;12088;12284;9.91;0.60;247.24;14.77;734;98;4217.00;196
11359;98;628797545;11359;226;12092;12288;9.87;0.60;247.22;14.78;733;98;4218.00;196
11361;98;628797556;11361;229;12093;12288;9.79;0.60;247.20;14.79;732;98;4219.00;195
11363;98;628797566;11363;229;12096;12292;9.80;0.60;247.21;14.80;733;98;4220.00;196
11367;98;628797577;11367;233;12098;12293;9.77;0.59;247.16;14.80;731;98;4221.00;195
11370;98;628797588;11370;238;12100;12293;9.71;0.59;247.15;14.82;730;98;4222.00;193
11373;98;628797599;11373;243;12103;12293;9.61;0.59;247.14;14.82;730;98;4223.00;190
11376;98;628797610;11376;246;12113;12306;9.49;0.58;247.11;14.85;737;98;4224.00;193
11378;98;628797622;11378;250;12113;12306;9.43;0.57;247.08;14.85;735;98;4225.00;193
11380;98;628797631;11380;256;12114;12306;9.37;0.57;247.07;14.87;734;98;4226.00;192
11382;98;628797640;11382;266;12118;12307;9.28;0.57;247.11;14.87;736;98;4227.00;189
11385;98;628797650;11385;271;12119;12308;9.22;0.56;247.11;14.88;734;98;4228.00;189
11388;98;628797660;11388;270;12122;12308;9.17;0.56;247.12;14.88;734;98;4229.00;186
11390;98;628797672;11390;265;12126;12314;9.15;0.56;247.11;14.89;736;98;4230.00;188
11391;98;628797682;11391;263;12127;12314;9.07;0.56;247.10;14.90;736;98;4231.00;187
11394;98;628797692;11394;262;12128;12314;9.01;0.55;247.14;14.91;734;98;4232.00;186
11396;98;628797702;11396;266;12128;12314;8.96;0.55;247.14;14.91;732;98;4233.00;186
11397;98;628797713;11397;264;12132;12320;9.01;0.55;247.14;14.91;735;98;4234.00;188
11399;98;628797724;11399;263;12133;12320;8.98;0.55;247.14;14.92;734;98;4235.00;187
11402;98;628797735;11402;259;12134;12320;8.88;0.55;247.17;14.93;732;98;4236.00;186
11404;98;628797747;11404;264;12135;12320;8.74;0.54;247.18;14.94;731;98;4237.00;185
11407;98;628797757;11407;269;12138;12324;8.60;0.53;247.18;14.93;731;98;4238.00;186
11412;98;628797769;11412;271;12141;12325;8.51;0.52;247.18;14.95;729;98;4239.00;184
11415;98;628797781;11415;269;12141;12325;8.47;0.52;247.17;14.95;726;98;4240.00;184
11419;98;628797792;11419;272;12145;12326;8.36;0.51;247.15;14.97;726;98;4241.00;181
11425;98;628797803;11425;273;12145;12326;8.23;0.50;247.19;14.97;720;98;4242.00;181
11427;98;628797825;11427;275;12147;12326;8.10;0.50;247.19;14.99;720;98;4243.00;179
11428;98;628797836;11428;271;12147;12326;8.08;0.50;247.18;14.99;719;98;4244.00;179
11437;98;628797846;11437;269;12148;12326;8.00;0.49;247.16;14.99;711;98;4245.00;178
11443;98;628797857;11443;267;12151;12326;7.90;0.48;247.14;15.00;708;98;4246.00;175
11449;98;628797868;11449;266;12152;12326;7.78;0.48;247.18;15.01;703;98;4247.00;174
11452;98;628797879;11452;274;12188;12396;7.74;0.48;247.26;14.98;736;98;4248.00;208
11455;98;628797896;11455;271;12189;12397;7.64;0.47;247.26;14.98;734;98;4249.00;208
11460;98;628797905;11460;260;12194;12397;7.62;0.47;247.29;14.98;734;98;4250.00;203
11462;98;628797916;11462;261;12202;12397;7.57;0.47;247.30;14.98;740;98;4251.00;195
11464;98;628797927;11464;255;12205;12397;7.57;0.46;247.31;14.98;741;98;4252.00;192
11467;98;628797937;11467;253;12211;12397;7.54;0.46;247.33;15.00;744;98;4253.00;186
11468;98;628797948;11468;252;12214;12397;7.58;0.46;247.34;15.00;746;98;4254.00;183
11473;98;628797958;11473;257;12219;12397;7.44;0.46;247.37;15.00;746;98;4255.00;178
11476;98;628797969;11476;262;12223;12398;7.45;0.46;247.40;15.00;747;98;4256.00;175
11482;98;628797980;11482;254;12225;12399;7.46;0.46;247.44;15.00;743;98;4257.00;174
11485;98;628797991;11485;254;12230;12399;7.57;0.47;247.46;15.00;745;98;4258.00;169
11489;98;628798002;11489;257;12232;12403;7.69;0.47;247.46;15.00;743;98;4259.00;171
11493;98;628798015;11493;254;12233;12403;7.74;0.48;247.50;15.00;740;98;4260.00;170
11498;98;628798026;11498;257;12234;12403;7.76;0.48;247.54;15.00;736;98;4261.00;169
11500;98;628798038;11500;257;12234;12403;7.84;0.48;247.53;15.00;734;98;4262.00;169
11505;98;628798049;11505;262;12237;12409;7.79;0.48;247.59;15.00;732;98;4263.00;172
11510;98;628798061;11510;262;12238;12409;7.77;0.48;247.56;15.00;728;98;4264.00;171
11512;98;628798072;11512;255;12239;12409;7.78;0.48;247.55;15.00;727;98;4265.00;170
11517;98;628798083;11517;255;12241;12412;7.84;0.48;247.56;15.00;724;98;4266.00;171
11526;98;628798095;11526;253;12242;12412;7.77;0.47;247.57;15.00;716;98;4267.00;170
11529;98;628798106;11529;255;12243;12412;7.79;0.48;247.52;15.00;714;98;4268.00;169
11533;98;628798121;11533;248;12244;12413;7.77;0.47;247.55;15.00;711;98;4269.00;169
11535;98;628798134;11535;251;12245;12414;7.75;0.47;247.58;15.00;710;98;4270.00;169
11539;98;628798149;11539;249;12245;12414;7.81;0.48;247.56;15.00;706;98;4271.00;169
11544;98;628798172;11544;248;12258;12427;7.84;0.48;247.56;14.98;714;98;4272.00;169
11548;98;628798189;11548;247;12259;12427;7.85;0.48;247.59;14.99;711;98;4273.00;168
11550;98;628798203;11550;247;12261;12427;7.85;0.48;247.62;14.99;711;98;4274.00;166
11552;98;628798226;11552;254;12263;12429;7.90;0.48;247.61;14.98;711;98;4275.00;166
11555;98;628798239;11555;248;12264;12429;7.88;0.48;247.63;14.98;709;98;4276.00;165
11560;98;628798251;11560;248;12268;12433;7.88;0.48;247.61;14.98;708;98;4277.00;165
11566;98;628798263;11566;244;12269;12433;7.92;0.48;247.71;14.98;703;98;4278.00;164
11569;98;628798275;11569;244;12272;12437;8.01;0.49;247.71;14.97;703;98;4279.00;165
11573;98;628798287;11573;243;12272;12437;8.06;0.49;247.68;14.97;699;98;4280.00;165
11574;98;628798299;11574;244;12272;12437;8.09;0.50;247.68;14.97;698;98;4281.00;165
11581;98;628798312;11581;248;12273;12437;8.11;0.50;247.65;15.15;692;98;4282.00;164
11584;98;628798326;11584;242;12273;12437;8.11;0.50;247.63;15.15;689;98;4283.00;164
11586;98;628798338;11586;248;12284;12449;8.30;0.51;247.62;15.13;698;98;4284.00;165
11590;98;628798351;11590;249;12284;12449;8.23;0.50;247.61;15.13;694;98;4285.00;165
11593;98;628798363;11593;259;12284;12449;8.15;0.50;247.61;15.13;691;98;4286.00;165
11597;98;628798374;11597;264;12284;12449;8.12;0.50;247.63;15.13;687;98;4287.00;165
11598;98;628798386;11598;267;12284;12449;8.17;0.50;247.61;15.13;686;98;4288.00;165
11602;98;628798398;11602;276;12284;12449;8.13;0.50;247.63;15.13;682;98;4289.00;165
11605;98;628798411;11605;278;12284;12450;8.10;0.49;247.64;15.13;679;98;4290.00;166
11606;98;628798422;11606;281;12284;12450;8.08;0.49;247.62;15.13;678;98;4291.00;166
11610;98;628798432;11610;290;12288;12456;8.03;0.49;247.58;15.13;678;98;4292.00;168
11613;98;628798444;11613;301;12290;12457;8.00;0.49;247.57;15.12;677;98;4293.00;167
11615;98;628798455;11615;305;12290;12457;7.91;0.48;247.58;15.12;675;98;4294.00;167
11617;98;628798466;11617;315;12290;12457;7.84;0.48;247.58;15.12;673;98;4295.00;167
11620;98;628798476;11620;319;12293;12461;7.72;0.47;247.59;15.12;673;98;4296.00;168
11621;98;628798487;11621;309;12293;12461;7.62;0.47;247.58;15.12;672;98;4297.00;168
11622;98;628798497;11622;307;12294;12461;7.55;0.46;247.58;15.29;672;98;4298.00;167
11623;98;628798507;11623;301;12295;12462;7.55;0.46;247.56;15.29;672;98;4299.00;167
11628;98;628798520;11628;302;12298;12466;7.49;0.46;247.52;15.29;670;98;4300.00;168
11633;98;628798536;11633;301;12298;12466;7.45;0.46;247.57;15.29;665;98;4301.00;168
11634;98;628798547;11634;299;12300;12469;7.52;0.46;247.56;15.29;666;98;4302.00;169
11638;98;628798557;11638;299;12301;12469;7.57;0.46;247.53;15.29;663;98;4303.00;168
11641;98;628798569;11641;293;12301;12469;7.55;0.46;247.52;15.29;660;98;4304.00;168
11645;98;628798582;11645;292;12301;12469;7.58;0.46;247.50;15.29;656;98;4305.00;168
11648;98;628798594;11648;274;12304;12473;7.60;0.46;247.46;15.28;656;98;4306.00;169
11650;98;628798614;11650;257;12304;12473;7.71;0.47;247.45;15.28;654;98;4307.00;169
11651;98;628798625;11651;253;12305;12473;7.81;0.48;247.44;15.28;654;98;4308.00;168
11653;98;628798637;11653;247;12305;12473;7.87;0.48;247.44;15.28;652;98;4309.00;168
11655;98;628798650;11655;237;12305;12474;7.93;0.48;247.45;15.28;650;98;4310.00;169
11656;98;628798662;11656;232;12306;12475;8.06;0.49;247.43;15.28;650;98;4311.00;169
11657;98;628798674;11657;233;12306;12475;8.13;0.49;247.43;15.28;649;98;4312.00;169
11658;98;628798686;11658;228;12307;12476;8.22;0.50;247.44;15.28;649;98;4313.00;169
11659;98;628798697;11659;231;12307;12476;8.34;0.51;247.44;15.28;648;98;4314.00;169
11662;98;628798708;11662;227;12307;12476;8.44;0.51;247.42;15.28;645;98;4315.00;169
11663;98;628798719;11663;223;12307;12476;8.59;0.52;247.42;15.28;644;98;4316.00;169
11665;98;628798730;11665;214;12307;12476;8.70;0.53;247.40;15.28;642;98;4317.00;169
11665;98;628798741;11665;211;12307;12476;8.84;0.54;247.40;15.28;642;98;4318.00;169
11666;98;628798752;11666;207;12307;12476;8.91;0.54;247.39;15.28;641;98;4319.00;169
11666;98;628798765;11666;251;12418;12706;8.89;0.55;247.39;15.14;752;98;4320.00;288
11667;98;628798794;11667;243;12421;12707;8.96;0.56;247.38;15.14;754;98;4321.00;286
11667;98;628798805;11667;230;12430;12707;9.09;0.56;247.38;15.13;763;98;4322.00;277
11669;98;628798815;11669;212;12435;12707;9.15;0.57;247.37;15.12;766;98;4323.00;272
11671;98;628798824;11671;195;12441;12707;9.24;0.57;247.43;15.12;770;98;4324.00;266
11672;98;628798837;11672;185;12445;12707;9.31;0.58;247.49;15.12;773;98;4325.00;262
11674;98;628798848;11674;177;12448;12707;9.35;0.58;247.50;15.11;774;98;4326.00;259
11675;98;628798859;11675;166;12452;12707;9.36;0.58;247.50;15.11;777;98;4327.00;255
11675;98;628798872;11675;166;12458;12708;9.40;0.58;247.50;15.11;783;98;4328.00;250
11677;98;628798892;11677;164;12460;12709;9.48;0.59;247.50;15.11;783;98;4329.00;249
11678;98;628798906;11678;157;12465;12709;9.61;0.59;247.49;15.10;787;98;4330.00;244
11679;98;628798929;11679;153;12467;12710;9.73;0.60;247.48;15.10;788;98;4331.00;243
11680;98;628798944;11680;151;12471;12710;9.81;0.61;247.48;15.10;791;98;4332.00;239
11680;98;628798957;11680;156;12476;12710;9.84;0.61;247.48;15.10;796;98;4333.00;234
11681;98;628798971;11681;160;12479;12710;9.85;0.61;247.46;15.10;798;98;4334.00;231
11683;98;628798985;11683;163;12484;12714;9.88;0.61;247.44;15.10;801;98;4335.00;230
11684;98;628799000;11684;161;12487;12714;9.91;0.61;247.45;15.10;803;98;4336.00;227
11685;98;628799021;11685;168;12490;12714;10.04;0.62;247.45;15.10;805;98;4337.00;224
11687;98;628799035;11687;172;12490;12717;10.17;0.62;247.42;15.10;803;98;4338.00;227
11688;98;628799050;11688;178;12492;12717;10.29;0.63;247.41;15.10;804;98;4339.00;225
11688;98;628799075;11688;178;12494;12717;10.36;0.63;247.41;15.10;806;98;4340.00;223
11690;98;628799092;11690;179;12499;12721;10.33;0.63;247.40;15.10;809;98;4341.00;222
11692;98;628799113;11692;184;12500;12722;10.34;0.63;247.40;15.10;808;98;4342.00;222
11692;98;628799133;11692;191;12500;12722;10.38;0.64;247.40;15.10;808;98;4343.00;222
11694;98;628799147;11694;192;12502;12726;10.42;0.64;247.41;15.09;808;98;4344.00;224
11697;98;628799177;11697;186;12505;12726;10.42;0.64;247.43;15.10;808;98;4345.00;221
11698;98;628799197;11698;186;12505;12726;10.47;0.64;247.44;15.10;807;98;4346.00;221
11701;98;628799219;11701;187;12506;12727;10.51;0.64;247.49;15.09;805;98;4347.00;221
11706;98;628799238;11706;194;12508;12727;10.50;0.64;247.51;15.09;802;98;4348.00;219
11709;98;628799254;11709;196;12510;12733;10.48;0.64;247.49;15.09;801;98;4349.00;223
11712;98;628799272;11712;195;12511;12733;10.44;0.64;247.47;15.09;799;98;4350.00;222
11718;98;628799287;11718;190;12511;12734;10.38;0.63;247.45;15.09;793;98;4351.00;223
11720;98;628799303;11720;185;12512;12734;10.27;0.62;247.48;15.09;792;98;4352.00;222
11725;98;628799319;11725;183;12513;12734;10.17;0.62;247.47;15.09;788;98;4353.00;221
11726;98;628799334;11726;177;12514;12734;10.08;0.61;247.47;15.09;788;98;4354.00;220
11729;98;628799349;11729;175;12517;12734;9.98;0.61;247.53;15.29;788;98;4355.00;217
11730;98;628799366;11730;164;12528;12746;10.02;0.61;247.54;15.28;798;98;4356.00;218
11731;98;628799382;11731;168;12528;12746;10.15;0.62;247.57;15.28;797;98;4357.00;218
11733;98;628799396;11733;163;12529;12746;10.27;0.62;247.58;15.28;796;98;4358.00;217
11738;98;628799411;11738;158;12529;12746;10.31;0.63;247.58;15.28;791;98;4359.00;217
11740;98;628799427;11740;158;12529;12746;10.38;0.63;247.58;15.28;789;98;4360.00;217
11741;98;628799441;11741;158;12530;12746;10.51;0.64;247.58;15.45;789;98;4361.00;216
11744;98;628799456;11744;157;12533;12750;10.55;0.64;247.58;15.45;789;98;4362.00;217
11744;98;628799474;11744;151;12533;12750;10.61;0.64;247.58;15.45;789;98;4363.00;217
11750;98;628799497;11750;151;12535;12754;10.68;0.65;247.56;15.44;785;98;4364.00;219
11753;98;628799513;11753;158;12538;12756;10.75;0.65;247.58;15.44;785;98;4365.00;218
11756;98;628799529;11756;164;12539;12756;10.86;0.66;247.60;15.44;783;98;4366.00;217
11760;98;628799547;11760;168;12539;12756;10.95;0.66;247.62;15.44;779;98;4367.00;217
11763;98;628799564;11763;174;12549;12769;10.97;0.66;247.62;15.43;786;98;4368.00;220
11766;98;628799582;11766;168;12549;12769;11.01;0.67;247.63;15.43;783;98;4369.00;220
11768;98;628799606;11768;166;12549;12769;11.07;0.67;247.61;15.43;781;98;4370.00;220
11770;98;628799622;11770;166;12551;12770;11.13;0.68;247.60;15.43;781;98;4371.00;219
11772;98;628799638;11772;165;12551;12771;11.17;0.68;247.59;15.43;779;98;4372.00;220
11774;98;628799656;11774;164;12552;12771;11.17;0.68;247.58;15.44;778;98;4373.00;219
11778;99;628799674;11778;164;12554;12774;11.21;0.68;247.55;15.43;776;99;4374.00;220
11779;99;628799706;11779;160;12555;12774;11.18;0.68;247.54;15.44;776;99;4375.00;219
11782;99;628799721;11782;163;12556;12774;11.22;0.68;247.63;15.44;774;99;4376.00;218
11784;99;628799736;11784;170;12557;12774;11.18;0.68;247.60;15.44;773;99;4377.00;217
11787;99;628799749;11787;173;12561;12780;11.12;0.68;247.62;15.43;774;99;4378.00;219
11788;99;628799771;11788;176;12563;12780;11.03;0.67;247.63;15.44;775;99;4379.00;217
11791;99;628799786;11791;175;12565;12780;10.85;0.66;247.66;15.46;774;99;4380.00;215
11795;99;628799799;11795;181;12566;12780;10.74;0.65;247.65;15.47;771;99;4381.00;214
11798;99;628799814;11798;195;12571;12784;10.58;0.64;247.69;15.48;773;99;4382.00;213
11802;99;628799828;11802;201;12572;12785;10.46;0.63;247.64;15.48;770;99;4383.00;213
11804;99;628799842;11804;209;12574;12785;10.30;0.63;247.62;15.50;770;99;4384.00;211
11808;99;628799856;11808;213;12577;12786;10.14;0.62;247.65;15.51;769;99;4385.00;209
11809;99;628799871;11809;223;12580;12786;10.03;0.61;247.65;15.54;771;99;4386.00;206
11811;99;628799884;11811;229;12580;12786;9.93;0.61;247.64;15.54;769;99;4387.00;206
11813;99;628799898;11813;240;12583;12786;9.79;0.60;247.61;15.56;770;99;4388.00;203
11814;99;628799912;11814;247;12585;12786;9.70;0.59;247.61;15.57;771;99;4389.00;201
11815;99;628799923;11815;249;12587;12786;9.57;0.59;247.61;15.59;772;99;4390.00;199
11817;99;628799934;11817;255;12589;12786;9.49;0.58;247.62;15.60;772;99;4391.00;197
11818;99;628799945;11818;265;12625;12856;9.41;0.58;247.63;15.58;807;99;4392.00;231
11823;99;628799961;11823;267;12625;12857;9.35;0.57;247.67;15.58;802;99;4393.00;232
11825;99;628799973;11825;272;12636;12857;9.34;0.57;247.67;15.59;811;99;4394.00;221
11826;99;628799984;11826;276;12638;12857;9.26;0.57;247.68;15.60;812;99;4395.00;219
11828;99;628799995;11828;281;12643;12857;9.18;0.56;247.67;15.59;815;99;4396.00;214
11832;99;628800010;11832;286;12649;12857;9.05;0.55;247.68;15.61;817;99;4397.00;208
11835;99;628800033;11835;290;12654;12857;8.95;0.55;247.67;15.60;819;99;4398.00;203
11837;99;628800049;11837;283;12659;12857;8.86;0.54;247.66;15.61;822;99;4399.00;198
11843;99;628800066;11843;284;12662;12858;8.78;0.54;247.60;15.62;819;99;4400.00;196
11847;99;628800083;11847;279;12665;12859;8.68;0.53;247.58;15.62;818;99;4401.00;194
11852;99;628800095;11852;277;12669;12859;8.57;0.52;247.60;15.64;817;99;4402.00;190
11854;99;628800106;11854;276;12672;12863;8.46;0.52;247.59;15.65;818;99;4403.00;191
11856;99;628800124;11856;277;12674;12863;8.46;0.52;247.57;15.65;818;99;4404.00;189
11857;99;628800139;11857;284;12674;12863;8.53;0.52;247.56;15.65;817;99;4405.00;189
11860;99;628800155;11860;288;12676;12863;8.61;0.53;247.58;15.67;816;99;4406.00;187
11862;99;628800170;11862;287;12681;12869;8.67;0.53;247.58;15.66;819;99;4407.00;188
11865;99;628800187;11865;285;12683;12869;8.69;0.53;247.60;15.66;818;99;4408.00;186
11867;99;628800211;11867;292;12684;12869;8.75;0.53;247.67;15.67;817;99;4409.00;185
11870;99;628800230;11870;285;12688;12875;8.78;0.54;247.68;15.67;818;99;4410.00;187
11871;99;628800246;11871;282;12690;12875;8.75;0.53;247.67;15.68;819;99;4411.00;185
11879;99;628800258;11879;286;12691;12875;8.64;0.53;247.64;15.68;812;99;4412.00;184
11883;99;628800271;11883;286;12691;12876;8.53;0.52;247.66;15.68;808;99;4413.00;185
11886;99;628800282;11886;287;12694;12877;8.44;0.52;247.65;15.68;808;99;4414.00;183
11892;99;628800294;11892;292;12695;12877;8.23;0.50;247.68;15.68;803;99;4415.00;182
11898;99;628800306;11898;291;12707;12890;8.00;0.49;247.67;15.68;809;99;4416.00;183
11902;99;628800318;11902;291;12708;12890;7.82;0.48;247.67;15.68;806;99;4417.00;182
11906;99;628800330;11906;292;12708;12890;7.62;0.47;247.73;15.68;802;99;4418.00;182
11909;99;628800340;11909;286;12710;12891;7.44;0.46;247.76;15.68;801;99;4419.00;181
11915;99;628800351;11915;281;12710;12891;7.29;0.45;247.75;15.68;795;99;4420.00;181
11916;99;628800362;11916;285;12714;12895;7.25;0.45;247.73;15.69;798;99;4421.00;181
11920;99;628800372;11920;285;12714;12895;7.20;0.44;247.77;15.69;794;99;4422.00;181
11924;99;628800382;11924;282;12718;12899;7.20;0.44;247.77;15.69;794;99;4423.00;181
11929;99;628800393;11929;285;12719;12899;7.17;0.44;247.77;15.69;790;99;4424.00;180
11935;99;628800405;11935;288;12722;12899;7.18;0.44;247.79;15.71;787;99;4425.00;177
11937;99;628800415;11937;286;12723;12899;7.22;0.44;247.82;15.72;786;99;4426.00;176
11941;99;628800425;11941;281;12725;12899;7.22;0.44;247.86;15.72;784;99;4427.00;174
11945;99;628800436;11945;279;12736;12911;7.36;0.45;247.89;15.71;791;99;4428.00;175
11948;99;628800447;11948;266;12736;12911;7.44;0.46;247.89;15.71;788;99;4429.00;175
11951;99;628800457;11951;266;12737;12911;7.50;0.46;247.92;15.70;786;99;4430.00;174
11954;99;628800467;11954;258;12737;12911;7.56;0.47;247.93;15.70;783;99;4431.00;174
11958;99;628800477;11958;250;12737;12911;7.64;0.47;247.94;15.70;779;99;4432.00;174
11961;99;628800487;11961;250;12737;12911;7.71;0.47;247.94;15.70;776;99;4433.00;174
11962;99;628800497;11962;254;12737;12912;7.83;0.48;247.93;15.70;775;99;4434.00;175
11965;100;628800507;11965;253;12737;12912;7.89;0.48;247.92;15.70;772;100;4435.00;175
11968;100;628800535;11968;255;12741;12918;7.98;0.49;247.96;15.70;773;100;4436.00;177
11974;100;628800546;11974;262;12742;12919;7.97;0.49;247.91;15.70;768;100;4437.00;177
11977;100;628800557;11977;269;12743;12919;7.90;0.48;247.91;15.70;766;100;4438.00;176
11980;100;628800568;11980;274;12743;12919;7.95;0.49;247.90;15.70;763;100;4439.00;176
11983;100;628800580;11983;279;12747;12924;7.98;0.49;247.89;15.69;764;100;4440.00;177
11983;100;628800592;11983;273;12747;12924;7.96;0.49;247.89;15.69;764;100;4441.00;177
11987;100;628800602;11987;275;12747;12924;7.90;0.48;247.88;15.69;760;100;4442.00;177
11992;100;628800612;11992;273;12748;12925;7.84;0.48;247.87;15.69;756;100;4443.00;177
11994;100;628800623;11994;270;12751;12929;7.94;0.48;247.88;15.69;757;100;4444.00;178
11997;100;628800633;11997;265;12751;12929;7.91;0.48;247.87;15.69;754;100;4445.00;178
12000;100;628800644;12000;269;12753;12932;7.88;0.48;247.85;15.69;753;100;4446.00;179
12002;100;628800655;12002;270;12753;12932;7.91;0.48;247.86;15.69;751;100;4447.00;179
12004;100;628800668;12004;277;12754;12932;7.94;0.48;247.90;15.68;750;100;4448.00;178
12007;100;628800679;12007;276;12754;12932;7.95;0.48;247.89;15.68;747;100;4449.00;178
12013;100;628800689;12013;281;12757;12936;7.97;0.49;247.90;15.68;744;100;4450.00;179
12017;100;628800699;12017;282;12757;12936;7.94;0.48;247.85;15.68;740;100;4451.00;179
12020;100;628800710;12020;282;12758;12936;7.88;0.48;247.88;15.68;738;100;4452.00;178
12023;100;628800720;12023;279;12758;12936;7.79;0.48;247.92;15.68;735;100;4453.00;178
12028;100;628800730;12028;280;12758;12937;7.72;0.47;247.88;15.68;730;100;4454.00;179
12033;100;628800741;12033;292;12760;12939;7.64;0.47;247.87;15.68;727;100;4455.00;179
12037;100;628800751;12037;293;12760;12939;7.53;0.46;247.84;15.68;723;100;4456.00;179
12045;100;628800761;12045;300;12761;12940;7.39;0.45;247.79;15.68;716;100;4457.00;179
12051;100;628800771;12051;305;12761;12940;7.22;0.44;247.79;15.68;710;100;4458.00;179
12053;100;628800787;12053;306;12762;12940;7.13;0.43;247.85;15.86;709;100;4459.00;178
12055;100;628800797;12055;310;12762;12940;7.01;0.43;247.86;15.86;707;100;4460.00;178
12056;100;628800806;12056;317;12762;12940;6.87;0.42;247.85;15.86;706;100;4461.00;178
12060;100;628800816;12060;325;12762;12940;6.75;0.41;247.87;15.86;702;100;4462.00;178
12063;100;628800825;12063;329;12762;12940;6.66;0.41;247.85;15.86;699;100;4463.00;178
12068;100;628800834;12068;344;12829;13067;7.12;0.44;247.84;15.77;761;100;4464.00;238
12069;100;628800853;12069;344;12831;13068;7.05;0.44;247.85;15.77;762;100;4465.00;237
12071;100;628800863;12071;347;12842;13068;7.11;0.44;247.86;15.76;771;100;4466.00;226
12073;100;628800873;12073;337;12844;13068;7.13;0.44;247.83;15.76;771;100;4467.00;224
12075;100;628800883;12075;331;12849;13068;7.16;0.44;247.81;15.75;774;100;4468.00;219
12075;100;628800893;12075;327;12854;13068;7.24;0.45;247.81;15.75;779;100;4469.00;214
12075;100;628800905;12075;329;12860;13068;7.26;0.45;247.81;15.74;785;100;4470.00;208
12075;100;628800915;12075;325;12862;13068;7.25;0.45;247.81;15.74;787;100;4471.00;206
12075;100;628800926;12075;329;12866;13069;7.22;0.45;247.81;15.74;791;100;4472.00;203
12075;100;628800937;12075;331;12870;13070;7.21;0.44;247.81;15.74;795;100;4473.00;200
12076;100;628800953;12076;336;12873;13070;7.16;0.44;247.80;15.74;797;100;4474.00;197
12077;100;628800964;12077;331;12873;13071;7.13;0.44;247.82;15.74;796;100;4475.00;198
12078;100;628800975;12078;306;12876;13071;7.22;0.45;247.83;15.74;798;100;4476.00;195
12079;100;628800986;12079;289;12876;13071;7.27;0.45;247.84;15.74;797;100;4477.00;195
12080;100;628800997;12080;280;12879;13071;7.48;0.46;247.83;15.73;799;100;4478.00;192
12082;100;628801009;12082;261;12881;13075;7.67;0.47;247.83;15.73;799;100;4479.00;194
12083;100;628801021;12083;243;12884;13075;7.91;0.49;247.83;15.73;801;100;4480.00;191
12086;101;628801033;12086;233;12884;13075;8.16;0.50;247.85;15.73;798;101;4481.00;191
12087;101;628801053;12087;227;12887;13078;8.44;0.52;247.86;15.73;800;101;4482.00;191
12089;101;628801065;12089;218;12887;13078;8.61;0.53;247.84;15.73;798;101;4483.00;191
12089;101;628801084;12089;204;12888;13078;8.79;0.54;247.84;15.73;799;101;4484.00;190
12091;101;628801102;12091;202;12891;13082;8.94;0.55;247.82;15.72;800;101;4485.00;191
12093;101;628801116;12093;193;12893;13083;9.15;0.56;247.81;15.72;800;101;4486.00;190
12095;101;628801128;12095;186;12893;13083;9.35;0.57;247.78;15.72;798;101;4487.00;190
12099;101;628801141;12099;178;12896;13087;9.55;0.58;247.77;15.72;797;101;4488.00;191
12101;101;628801154;12101;170;12896;13087;9.73;0.59;247.76;15.72;795;101;4489.00;191
12104;101;628801166;12104;166;12896;13087;9.83;0.60;247.73;15.72;792;101;4490.00;191
12107;102;628801179;12107;164;12897;13088;9.96;0.60;247.70;15.72;790;102;4491.00;191
12108;102;628801203;12108;156;12897;13088;10.13;0.61;247.70;15.72;789;102;4492.00;191
12110;102;628801216;12110;157;12901;13094;10.26;0.62;247.70;15.71;791;102;4493.00;193
12111;102;628801231;12111;150;12901;13094;10.40;0.63;247.74;15.71;790;102;4494.00;193
12112;102;628801243;12112;147;12902;13095;10.55;0.64;247.75;15.71;790;102;4495.00;193
12115;102;628801257;12115;145;12902;13095;10.56;0.64;247.74;15.71;787;102;4496.00;193
12117;102;628801269;12117;150;12902;13095;10.63;0.64;247.76;15.71;785;102;4497.00;193
12122;102;628801282;12122;147;12902;13095;10.69;0.65;247.72;15.71;780;102;4498.00;193
12123;102;628801295;12123;146;12902;13095;10.83;0.65;247.73;15.71;779;102;4499.00;193
12127;102;628801309;12127;146;12924;13145;10.80;0.66;247.72;15.69;797;102;4500.00;221
12131;102;628801336;12131;138;12924;13147;10.87;0.66;247.72;15.69;793;102;4501.00;223
12132;102;628801349;12132;138;12927;13147;11.00;0.67;247.71;15.68;795;102;4502.00;220
12133;102;628801368;12133;135;12928;13147;11.03;0.67;247.73;15.68;795;102;4503.00;219
12135;102;628801382;12135;136;12929;13147;11.08;0.67;247.75;15.68;794;102;4504.00;218
12137;102;628801397;12137;135;12930;13147;11.15;0.67;247.80;15.68;793;102;4505.00;217
12140;102;628801429;12140;135;12934;13151;11.17;0.68;247.81;15.67;794;102;4506.00;217
12141;102;628801442;12141;133;12936;13151;11.24;0.68;247.82;15.67;795;102;4507.00;215
12144;102;628801455;12144;132;12939;13155;11.41;0.69;247.82;15.67;795;102;4508.00;216
12149;102;628801469;12149;136;12941;13156;11.54;0.70;247.83;15.67;792;102;4509.00;215
12152;102;628801482;12152;133;12942;13156;11.59;0.70;247.82;15.67;790;102;4510.00;214
12155;102;628801495;12155;130;12942;13156;11.59;0.70;247.85;15.67;787;102;4511.00;214
12156;102;628801509;12156;133;12949;13169;11.52;0.70;247.86;15.66;793;102;4512.00;220
12159;102;628801523;12159;127;12949;13169;11.53;0.70;247.88;15.66;790;102;4513.00;220
12161;102;628801535;12161;133;12949;13169;11.56;0.71;247.91;15.66;788;102;4514.00;220
12165;102;628801548;12165;140;12951;13170;11.64;0.71;247.90;15.66;786;102;4515.00;219
12168;102;628801561;12168;137;12952;13171;11.64;0.71;247.97;15.66;784;102;4516.00;219
12171;102;628801573;12171;135;12952;13171;11.62;0.71;247.98;15.66;781;102;4517.00;219
12174;102;628801586;12174;137;12954;13174;11.72;0.72;248.00;15.66;780;102;4518.00;220
12180;102;628801599;12180;137;12954;13174;11.71;0.71;247.99;15.66;774;102;4519.00;220
12187;102;628801611;12187;137;12955;13174;11.68;0.71;248.01;15.66;768;102;4520.00;219
12193;102;628801623;12193;128;12956;13174;11.60;0.71;248.01;15.66;763;102;4521.00;218
12197;102;628801635;12197;126;12959;13180;11.60;0.71;248.02;15.65;762;102;4522.00;221
12199;102;628801655;12199;126;12959;13180;11.59;0.71;248.03;15.65;760;102;4523.00;221
12202;102;628801666;12202;121;12959;13180;11.58;0.71;248.05;15.65;757;102;4524.00;221
12208;102;628801678;12208;117;12960;13180;11.59;0.70;248.04;15.67;752;102;4525.00;220
12212;102;628801691;12212;119;12964;13184;11.54;0.70;248.04;15.67;752;102;4526.00;220
12215;102;628801703;12215;118;12966;13185;11.56;0.70;248.03;15.67;751;102;4527.00;219
12219;102;628801714;12219;112;12966;13185;11.57;0.70;248.04;15.67;747;102;4528.00;219
12220;102;628801727;12220;110;12967;13186;11.65;0.71;248.04;15.66;747;102;4529.00;219
12223;102;628801740;12223;109;12968;13186;11.60;0.70;248.04;15.85;745;102;4530.00;218
12226;102;628801757;12226;107;12968;13186;11.65;0.71;248.02;15.85;742;102;4531.00;218
12229;102;628801769;12229;112;12970;13186;11.65;0.71;248.00;15.85;741;102;4532.00;216
12231;102;628801780;12231;112;12970;13186;11.73;0.71;248.02;15.85;739;102;4533.00;216
12236;102;628801791;12236;118;12970;13186;11.76;0.71;248.02;15.85;734;102;4534.00;216
12236;102;628801803;12236;120;12971;13186;11.77;0.72;248.02;15.85;735;102;4535.00;215
12241;102;628801815;12241;131;13007;13256;11.56;0.71;248.03;15.81;766;102;4536.00;249
12244;102;628801832;12244;129;13009;13257;11.47;0.70;248.02;15.81;765;102;4537.00;248
12249;102;628801844;12249;128;13015;13257;11.39;0.69;248.05;15.81;766;102;4538.00;242
12250;102;628801856;12250;131;13016;13257;11.45;0.70;248.08;15.81;766;102;4539.00;241
12252;102;628801868;12252;135;13022;13257;11.47;0.70;248.07;15.80;770;102;4540.00;235
12260;102;628801880;12260;137;13026;13257;11.59;0.70;248.11;15.80;766;102;4541.00;231
12262;102;628801892;12262;139;13032;13257;11.69;0.71;248.10;15.80;770;102;4542.00;225
12266;102;628801904;12266;139;13034;13257;11.69;0.71;248.12;15.80;768;102;4543.00;223
12269;102;628801921;12269;143;13039;13258;11.68;0.71;248.09;15.80;770;102;4544.00;219
12275;102;628801934;12275;145;13043;13260;11.64;0.71;248.09;15.80;768;102;4545.00;217
12277;102;628801952;12277;145;13046;13260;11.51;0.70;248.09;15.80;769;102;4546.00;214
12279;102;628801964;12279;153;13050;13264;11.38;0.69;248.07;15.80;771;102;4547.00;214
12282;102;628801976;12282;156;13050;13264;11.20;0.68;248.04;15.80;768;102;4548.00;214
12282;102;628801988;12282;157;13053;13264;11.03;0.67;248.04;15.81;771;102;4549.00;211
12286;102;628802000;12286;166;13055;13264;10.87;0.66;248.11;15.82;769;102;4550.00;209
12289;102;628802011;12289;172;13059;13270;10.75;0.65;248.10;15.82;770;102;4551.00;211
12291;102;628802024;12291;176;13059;13270;10.66;0.65;248.10;15.82;768;102;4552.00;211
12295;102;628802036;12295;186;13062;13270;10.52;0.64;248.12;15.84;767;102;4553.00;208
12298;102;628802048;12298;194;13064;13273;10.42;0.64;248.10;15.84;766;102;4554.00;209
12302;102;628802060;12302;199;13066;13273;10.29;0.63;248.08;15.84;764;102;4555.00;207
12308;102;628802072;12308;203;13068;13273;10.22;0.62;248.09;15.86;760;102;4556.00;205
12309;102;628802084;12309;211;13070;13274;10.17;0.62;248.09;15.86;761;102;4557.00;204
12312;102;628802096;12312;220;13072;13275;10.15;0.62;248.09;15.88;760;102;4558.00;203
12315;102;628802107;12315;225;13073;13275;10.08;0.61;248.09;15.89;758;102;4559.00;202
12317;102;628802122;12317;234;13092;13301;9.96;0.61;248.09;15.89;775;102;4560.00;209
12318;102;628802140;12318;240;13094;13301;9.95;0.61;248.09;15.89;776;102;4561.00;207
12322;102;628802155;12322;247;13097;13301;9.87;0.60;248.07;15.89;775;102;4562.00;204
12324;102;628802171;12324;254;13100;13302;9.85;0.60;248.05;15.90;776;102;4563.00;202
12328;102;628802186;12328;263;13100;13302;9.76;0.59;248.03;15.90;772;102;4564.00;202
12331;102;628802200;12331;268;13103;13306;9.63;0.59;248.05;15.90;772;102;4565.00;203
12332;102;628802214;12332;269;13105;13306;9.45;0.58;248.04;15.92;773;102;4566.00;201
12333;102;628802228;12333;276;13109;13310;9.24;0.56;248.03;15.92;776;102;4567.00;201
12334;102;628802246;12334;285;13109;13310;9.09;0.56;248.03;15.92;775;102;4568.00;201
12336;102;628802257;12336;284;13111;13310;9.00;0.55;248.03;15.94;775;102;4569.00;199
12336;102;628802268;12336;278;13111;13310;8.90;0.55;248.03;15.94;775;102;4570.00;199
12337;102;628802277;12337;278;13111;13310;8.82;0.54;248.02;15.94;774;102;4571.00;199
12340;102;628802288;12340;276;13123;13322;8.73;0.54;248.05;15.96;783;102;4572.00;199
12342;102;628802299;12342;275;13123;13322;8.63;0.53;248.04;15.96;781;102;4573.00;199
12345;102;628802309;12345;275;13127;13322;8.57;0.53;248.03;15.99;782;102;4574.00;195
12347;102;628802320;12347;276;13127;13322;8.51;0.52;248.03;15.99;780;102;4575.00;195
12349;102;628802330;12349;274;13127;13322;8.40;0.52;248.03;15.99;778;102;4576.00;195
12354;102;628802340;12354;277;13129;13322;8.28;0.51;248.02;16.00;775;102;4577.00;193
12355;102;628802350;12355;280;13129;13323;8.24;0.51;248.06;16.00;774;102;4578.00;194
12357;102;628802360;12357;283;13130;13323;8.23;0.51;248.05;16.01;773;102;4579.00;193
12360;102;628802370;12360;286;13135;13329;8.16;0.50;248.05;16.02;775;102;4580.00;194
12365;102;628802381;12365;288;13136;13330;8.10;0.50;248.04;16.02;771;102;4581.00;194
12365;102;628802393;12365;288;13140;13330;8.01;0.49;248.04;16.04;775;102;4582.00;190
12371;102;628802404;12371;291;13140;13330;7.83;0.48;248.04;16.04;769;102;4583.00;190
12373;102;628802416;12373;285;13144;13334;7.79;0.48;248.04;16.05;771;102;4584.00;190
12378;102;628802431;12378;291;13144;13334;7.60;0.47;248.03;16.05;766;102;4585.00;190
12382;102;628802447;12382;295;13145;13334;7.35;0.45;248.03;16.05;763;102;4586.00;189
12385;102;628802458;12385;300;13147;13335;7.16;0.44;248.03;16.06;762;102;4587.00;188
12388;102;628802468;12388;305;13152;13339;7.01;0.43;248.05;16.06;764;102;4588.00;187
12391;102;628802480;12391;309;13152;13339;6.86;0.42;248.04;16.06;761;102;4589.00;187
12393;102;628802492;12393;305;13156;13345;6.81;0.42;248.05;16.07;763;102;4590.00;189
12396;102;628802503;12396;301;13157;13345;6.76;0.41;248.05;16.07;761;102;4591.00;188
12399;102;628802513;12399;308;13158;13345;6.78;0.42;248.07;16.07;759;102;4592.00;187
12400;102;628802524;12400;305;13160;13345;6.86;0.42;248.06;16.08;760;102;4593.00;185
12406;102;628802535;12406;297;13163;13349;6.89;0.42;248.07;16.08;757;102;4594.00;186
12411;102;628802547;12411;299;13165;13349;6.94;0.42;248.05;16.08;754;102;4595.00;184
12414;102;628802559;12414;299;13165;13349;6.98;0.43;248.04;16.08;751;102;4596.00;184
12416;102;628802571;12416;295;13166;13349;6.99;0.43;248.07;16.08;750;102;4597.00;183
12417;102;628802582;12417;287;13167;13350;7.00;0.43;248.08;16.09;750;102;4598.00;183
12420;102;628802593;12420;283;13169;13351;7.05;0.43;248.07;16.09;749;102;4599.00;182
12423;102;628802605;12423;278;13170;13351;7.00;0.43;248.08;16.10;747;102;4600.00;181
12426;102;628802622;12426;280;13171;13352;7.01;0.43;248.08;16.10;745;102;4601.00;181
12428;102;628802633;12428;282;13171;13352;6.99;0.43;248.08;16.10;743;102;4602.00;181
12433;102;628802644;12433;288;13171;13352;6.93;0.42;248.05;16.10;738;102;4603.00;181
12436;102;628802655;12436;289;13171;13352;6.91;0.42;248.07;16.10;735;102;4604.00;181
12442;102;628802666;12442;289;13171;13352;6.89;0.42;248.03;16.10;729;102;4605.00;181
12442;102;628802677;12442;290;13171;13352;6.92;0.42;248.03;16.10;729;102;4606.00;181
12446;102;628802688;12446;289;13171;13352;6.94;0.43;248.01;16.10;725;102;4607.00;181
12449;102;628802699;12449;295;13235;13479;7.45;0.47;248.00;16.02;786;102;4608.00;244
12453;102;628802719;12453;297;13239;13480;7.46;0.47;247.98;16.01;786;102;4609.00;241
12456;102;628802729;12456;298;13249;13480;7.56;0.47;247.96;16.00;793;102;4610.00;231
12460;102;628802739;12460;287;13252;13480;7.55;0.47;247.94;16.00;792;102;4611.00;228
12463;102;628802750;12463;291;13257;13480;7.54;0.47;247.94;16.00;794;102;4612.00;223
12468;102;628802760;12468;300;13262;13480;7.54;0.47;247.94;15.99;794;102;4613.00;218
12472;102;628802771;12472;299;13267;13480;7.54;0.47;247.92;15.99;795;102;4614.00;213
12477;102;628802781;12477;297;13270;13480;7.54;0.47;247.90;15.99;793;102;4615.00;210
12480;102;628802792;12480;300;13273;13481;7.56;0.47;247.92;15.98;793;102;4616.00;208
12482;102;628802802;12482;304;13276;13482;7.56;0.47;247.97;15.98;794;102;4617.00;206
12485;102;628802813;12485;312;13279;13482;7.55;0.47;247.99;15.98;794;102;4618.00;203
12487;102;628802824;12487;316;13282;13483;7.56;0.47;247.99;15.98;795;102;4619.00;201
12494;102;628802836;12494;318;13284;13483;7.44;0.46;248.00;15.98;790;102;4620.00;199
12498;102;628802846;12498;319;13285;13483;7.37;0.46;247.98;15.98;787;102;4621.00;198
12500;102;628802857;12500;317;13287;13483;7.32;0.45;247.98;15.98;787;102;4622.00;196
12506;102;628802867;12506;325;13290;13487;7.21;0.45;247.99;15.98;784;102;4623.00;197
12509;102;628802878;12509;328;13291;13487;7.21;0.45;248.04;15.98;782;102;4624.00;196
12513;102;628802888;12513;333;13292;13487;7.14;0.44;248.02;15.98;779;102;4625.00;195
12515;102;628802899;12515;324;13295;13490;7.21;0.44;248.03;15.97;780;102;4626.00;195
12517;102;628802910;12517;316;13296;13490;7.23;0.44;248.01;15.97;779;102;4627.00;194
12519;102;628802922;12519;312;13297;13490;7.29;0.45;248.01;15.97;778;102;4628.00;193
12520;102;628802933;12520;303;13300;13494;7.37;0.45;248.03;15.97;780;102;4629.00;194
12525;102;628802944;12525;301;13302;13495;7.40;0.45;248.02;15.97;777;102;4630.00;193
12526;102;628802956;12526;295;13302;13495;7.47;0.46;248.02;15.97;776;102;4631.00;193
12531;102;628802967;12531;292;13305;13499;7.49;0.46;247.99;15.96;774;102;4632.00;194
12533;102;628802984;12533;287;13305;13499;7.57;0.46;247.98;15.96;772;102;4633.00;194
12534;102;628802995;12534;283;13305;13499;7.71;0.47;247.98;15.96;771;102;4634.00;194
12535;102;628803007;12535;283;13307;13501;7.85;0.48;247.99;15.96;772;102;4635.00;194
12538;102;628803018;12538;284;13307;13501;7.90;0.48;247.98;15.96;769;102;4636.00;194
12541;102;628803030;12541;269;13311;13507;8.03;0.49;247.95;15.96;770;102;4637.00;196
12544;102;628803042;12544;258;13311;13507;8.12;0.49;247.97;15.96;767;102;4638.00;196
12545;102;628803054;12545;252;13312;13508;8.28;0.50;247.97;15.95;767;102;4639.00;196
12550;102;628803066;12550;251;13312;13508;8.38;0.51;248.00;15.95;762;102;4640.00;196
12554;102;628803077;12554;245;13312;13508;8.50;0.52;247.97;15.95;758;102;4641.00;196
12556;102;628803089;12556;236;13312;13508;8.56;0.52;247.99;15.95;756;102;4642.00;196
12558;102;628803107;12558;233;13312;13508;8.64;0.53;248.00;15.95;754;102;4643.00;196
12558;102;628803130;12558;229;13322;13520;8.84;0.54;248.00;15.94;764;102;4644.00;198
12562;102;628803144;12562;231;13322;13520;8.90;0.54;248.04;15.94;760;102;4645.00;198
12564;102;628803155;12564;213;13323;13520;9.01;0.55;248.02;15.94;759;102;4646.00;197
12564;102;628803167;12564;196;13323;13520;9.13;0.55;248.02;15.94;759;102;4647.00;197
12567;102;628803179;12567;186;13323;13520;9.26;0.56;248.01;15.94;756;102;4648.00;197
12567;102;628803192;12567;178;13323;13520;9.47;0.58;248.01;15.94;756;102;4649.00;197
12569;102;628803205;12569;172;13328;13526;9.64;0.59;247.99;15.94;759;102;4650.00;198
12575;102;628803218;12575;161;13328;13526;9.79;0.59;247.98;15.94;753;102;4651.00;198
12575;102;628803231;12575;160;13331;13530;9.99;0.61;247.98;15.93;756;102;4652.00;199
12577;102;628803243;12577;160;13333;13531;10.13;0.62;248.00;15.93;756;102;4653.00;198
12583;102;628803257;12583;152;13333;13531;10.15;0.62;247.98;15.93;750;102;4654.00;198
12586;102;628803273;12586;149;13333;13531;10.22;0.62;248.00;15.93;747;102;4655.00;198
12587;102;628803286;12587;154;13344;13544;10.31;0.63;248.00;15.92;757;102;4656.00;200
12591;102;628803299;12591;148;13344;13544;10.36;0.63;248.05;15.92;753;102;4657.00;200
12595;103;628803311;12595;146;13344;13544;10.51;0.64;248.05;15.92;749;103;4658.00;200
12596;103;628803341;12596;144;13345;13545;10.61;0.64;248.08;15.92;749;103;4659.00;200
12601;103;628803353;12601;140;13345;13546;10.67;0.65;248.07;15.92;744;103;4660.00;201
12603;103;628803365;12603;143;13345;13546;10.73;0.65;248.07;15.92;742;103;4661.00;201
12606;103;628803377;12606;140;13347;13549;10.83;0.66;248.11;15.91;741;103;4662.00;202
12609;103;628803390;12609;139;13347;13549;10.97;0.67;248.17;15.91;738;103;4663.00;202
12612;103;628803402;12612;138;13348;13549;11.11;0.67;248.13;15.91;736;103;4664.00;201
12615;103;628803414;12615;136;13348;13549;11.16;0.68;248.18;15.91;733;103;4665.00;201
12618;103;628803426;12618;136;13352;13555;11.24;0.68;248.20;15.91;734;103;4666.00;203
12621;103;628803439;12621;131;13352;13555;11.41;0.69;248.20;15.91;731;103;4667.00;203
12624;103;628803451;12624;132;13353;13555;11.51;0.70;248.21;15.91;729;103;4668.00;202
12627;104;628803463;12627;133;13353;13555;11.55;0.70;248.20;15.91;726;104;4669.00;202
12630;104;628803492;12630;134;13356;13559;11.61;0.70;248.22;15.90;726;104;4670.00;203
12632;105;628803504;12632;133;13357;13560;11.68;0.71;248.23;15.90;725;105;4671.00;203
12634;105;628803523;12634;131;13357;13560;11.75;0.71;248.24;15.90;723;105;4672.00;203
12638;105;628803538;12638;134;13358;13561;11.79;0.71;248.26;15.90;720;105;4673.00;203
12643;105;628803550;12643;140;13358;13561;11.86;0.72;248.32;15.90;715;105;4674.00;203
12649;105;628803562;12649;135;13358;13561;11.92;0.72;248.31;15.90;709;105;4675.00;203
12652;105;628803573;12652;135;13358;13561;11.90;0.72;248.35;15.90;706;105;4676.00;203
12654;105;628803585;12654;134;13358;13561;11.90;0.72;248.37;15.90;704;105;4677.00;203
12656;105;628803602;12656;129;13358;13561;11.90;0.72;248.38;15.90;702;105;4678.00;203
12658;105;628803613;12658;132;13358;13561;11.99;0.73;248.41;15.90;700;105;4679.00;203
12660;105;628803626;12660;157;13422;13686;11.63;0.71;248.39;15.83;762;105;4680.00;264
12662;105;628803646;12662;141;13422;13687;11.70;0.72;248.41;15.83;760;105;4681.00;265
12668;105;628803658;12668;130;13429;13687;11.79;0.72;248.45;15.82;761;105;4682.00;258
12669;105;628803671;12669;127;13432;13687;11.91;0.73;248.46;15.82;763;105;4683.00;255
12674;105;628803682;12674;126;13436;13687;11.95;0.73;248.49;15.81;762;105;4684.00;251
12677;105;628803694;12677;124;13438;13687;11.99;0.73;248.53;15.81;761;105;4685.00;249
12678;105;628803705;12678;134;13444;13687;12.00;0.73;248.53;15.81;766;105;4686.00;243
12681;105;628803717;12681;133;13446;13687;11.97;0.73;248.57;15.80;765;105;4687.00;241
12685;105;628803729;12685;136;13449;13688;11.94;0.73;248.57;15.80;764;105;4688.00;239
12688;105;628803740;12688;142;13454;13689;11.95;0.73;248.55;15.80;766;105;4689.00;235
12690;105;628803757;12690;143;13456;13689;11.95;0.73;248.55;15.80;766;105;4690.00;233
12694;105;628803768;12694;144;13459;13693;11.91;0.73;248.55;15.80;765;105;4691.00;234
12697;105;628803786;12697;141;13460;13693;11.82;0.72;248.58;15.80;763;105;4692.00;233
12704;105;628803797;12704;139;13460;13693;11.74;0.72;248.58;15.80;756;105;4693.00;233
12706;105;628803809;12706;139;13462;13693;11.63;0.71;248.56;15.79;756;105;4694.00;231
12708;105;628803821;12708;136;13465;13699;11.53;0.70;248.56;15.81;757;105;4695.00;234
12715;105;628803835;12715;131;13466;13699;11.44;0.69;248.63;15.81;751;105;4696.00;233
12718;105;628803847;12718;128;13466;13699;11.46;0.70;248.67;15.81;748;105;4697.00;233
12726;105;628803862;12726;124;13469;13702;11.48;0.70;248.66;15.80;743;105;4698.00;233
12733;105;628803875;12733;125;13470;13702;11.56;0.70;248.68;15.80;737;105;4699.00;232
12734;105;628803887;12734;125;13470;13702;11.64;0.71;248.69;15.80;736;105;4700.00;232
12735;105;628803903;12735;122;13470;13703;11.71;0.71;248.70;15.80;735;105;4701.00;233
12739;105;628803914;12739;122;13472;13704;11.73;0.71;248.70;15.80;733;105;4702.00;232
12742;105;628803926;12742;122;13472;13704;11.75;0.71;248.68;15.80;730;105;4703.00;232
12744;105;628803937;12744;122;13481;13717;11.72;0.71;248.74;15.79;737;105;4704.00;236
12746;105;628803955;12746;121;13481;13717;11.74;0.71;248.74;15.79;735;105;4705.00;236
12746;105;628803967;12746;123;13481;13717;11.84;0.72;248.74;15.79;735;105;4706.00;236
12747;105;628803977;12747;128;13484;13718;11.85;0.72;248.75;15.98;737;105;4707.00;234
12749;105;628803994;12749;132;13484;13718;11.87;0.72;248.75;15.98;735;105;4708.00;234
12754;105;628804006;12754;130;13487;13722;11.85;0.72;248.78;15.98;733;105;4709.00;235
12757;105;628804020;12757;131;13489;13722;11.83;0.72;248.78;15.98;732;105;4710.00;233
12759;105;628804037;12759;128;13493;13726;11.67;0.71;248.77;15.97;734;105;4711.00;233
12760;105;628804049;12760;129;13495;13726;11.56;0.70;248.78;16.16;735;105;4712.00;231
12762;105;628804060;12762;128;13496;13726;11.53;0.70;248.78;16.16;734;105;4713.00;230
12763;105;628804071;12763;135;13496;13726;11.44;0.70;248.77;16.16;733;105;4714.00;230
12764;105;628804082;12764;144;13496;13726;11.37;0.69;248.76;16.16;732;105;4715.00;230
12768;105;628804094;12768;155;13508;13738;11.21;0.68;248.78;16.16;740;105;4716.00;230
12771;105;628804106;12771;157;13509;13738;11.04;0.67;248.79;16.16;738;105;4717.00;229
12772;105;628804117;12772;172;13510;13738;10.96;0.67;248.79;16.16;738;105;4718.00;228
12777;105;628804134;12777;178;13511;13738;10.86;0.66;248.84;16.17;734;105;4719.00;227
12780;105;628804153;12780;186;13514;13738;10.73;0.65;248.84;16.19;734;105;4720.00;224
12782;105;628804168;12782;194;13514;13738;10.66;0.65;248.82;16.19;732;105;4721.00;224
12785;105;628804182;12785;199;13515;13739;10.53;0.64;248.82;16.20;730;105;4722.00;224
12786;105;628804198;12786;199;13515;13739;10.44;0.64;248.83;16.20;729;105;4723.00;224
12787;105;628804212;12787;209;13521;13745;10.42;0.64;248.82;16.22;734;105;4724.00;224
12791;105;628804226;12791;213;13524;13747;10.37;0.63;248.82;16.21;733;105;4725.00;223
12796;105;628804239;12796;219;13525;13747;10.36;0.63;248.82;16.23;729;105;4726.00;222
12800;105;628804251;12800;218;13526;13747;10.29;0.63;248.86;16.24;726;105;4727.00;221
12803;105;628804263;12803;223;13530;13751;10.28;0.63;248.84;16.25;727;105;4728.00;221
12806;105;628804274;12806;226;13530;13751;10.19;0.62;248.84;16.25;724;105;4729.00;221
12811;105;628804284;12811;232;13532;13751;10.12;0.62;248.82;16.27;721;105;4730.00;219
12814;105;628804295;12814;238;13534;13752;10.05;0.61;248.80;16.28;720;105;4731.00;218
12814;105;628804306;12814;242;13538;13756;9.94;0.61;248.80;16.29;724;105;4732.00;218
12816;105;628804316;12816;241;13540;13756;9.79;0.60;248.79;16.31;724;105;4733.00;216
12818;105;628804326;12818;248;13542;13759;9.73;0.59;248.79;16.30;724;105;4734.00;217
12818;105;628804337;12818;251;13544;13759;9.69;0.59;248.79;16.32;726;105;4735.00;215
12821;105;628804347;12821;254;13545;13759;9.65;0.59;248.79;16.32;724;105;4736.00;214
12826;105;628804356;12826;259;13546;13759;9.50;0.58;248.79;16.33;720;105;4737.00;213
12826;105;628804367;12826;262;13549;13763;9.43;0.57;248.79;16.33;723;105;4738.00;214
12830;105;628804376;12830;261;13552;13763;9.27;0.56;248.77;16.34;722;105;4739.00;211
12830;105;628804388;12830;259;13552;13763;9.19;0.56;248.77;16.34;722;105;4740.00;211
12832;105;628804397;12832;256;13554;13763;9.07;0.55;248.78;16.36;722;105;4741.00;209
12836;105;628804406;12836;255;13554;13764;8.96;0.55;248.79;16.36;718;105;4742.00;210
12837;105;628804416;12837;255;13557;13765;8.90;0.55;248.79;16.37;720;105;4743.00;208
12839;105;628804425;12839;258;13557;13765;8.84;0.54;248.77;16.37;718;105;4744.00;208
12840;105;628804434;12840;257;13559;13766;8.75;0.54;248.78;16.38;719;105;4745.00;207
12845;105;628804443;12845;259;13560;13766;8.64;0.53;248.75;16.39;715;105;4746.00;206
12847;105;628804452;12847;263;13561;13766;8.60;0.53;248.75;16.40;714;105;4747.00;205
12849;105;628804461;12849;264;13562;13766;8.50;0.52;248.73;16.40;713;105;4748.00;204
12852;105;628804470;12852;266;13562;13766;8.44;0.52;248.71;16.40;710;105;4749.00;204
12855;105;628804479;12855;267;13564;13766;8.26;0.51;248.69;16.41;709;105;4750.00;202
12858;105;628804488;12858;276;13564;13766;8.12;0.50;248.66;16.41;706;105;4751.00;202
12859;105;628804495;12859;294;13629;13893;8.16;0.51;248.66;16.35;770;105;4752.00;264
12865;105;628804514;12865;296;13633;13894;7.97;0.49;248.65;16.34;768;105;4753.00;261
12867;105;628804523;12867;295;13643;13894;7.95;0.49;248.65;16.35;776;105;4754.00;251
12871;105;628804532;12871;298;13646;13894;7.74;0.48;248.63;16.34;775;105;4755.00;248
12872;105;628804541;12872;295;13651;13894;7.64;0.47;248.63;16.34;779;105;4756.00;243
12875;105;628804549;12875;294;13655;13894;7.56;0.47;248.63;16.35;780;105;4757.00;239
12880;105;628804558;12880;298;13659;13894;7.45;0.46;248.66;16.34;779;105;4758.00;235
12880;105;628804566;12880;301;13664;13894;7.34;0.46;248.66;16.36;784;105;4759.00;230
12887;105;628804575;12887;294;13666;13895;7.21;0.45;248.60;16.36;779;105;4760.00;229
12891;105;628804585;12891;294;13671;13896;7.15;0.44;248.58;16.38;780;105;4761.00;225
12892;105;628804594;12892;293;13676;13896;7.12;0.44;248.57;16.37;784;105;4762.00;220
12895;105;628804603;12895;295;13680;13897;7.08;0.44;248.57;16.37;785;105;4763.00;217
12900;105;628804612;12900;298;13685;13897;7.01;0.43;248.55;16.39;785;105;4764.00;212
12903;105;628804621;12903;304;13688;13897;7.00;0.43;248.57;16.39;785;105;4765.00;209
12905;105;628804630;12905;309;13693;13897;7.01;0.43;248.57;16.41;788;105;4766.00;204
12906;105;628804639;12906;311;13696;13901;7.02;0.43;248.58;16.40;790;105;4767.00;205
12909;105;628804649;12909;303;13698;13901;7.02;0.43;248.57;16.40;789;105;4768.00;203
12911;105;628804658;12911;300;13698;13901;7.00;0.43;248.59;16.40;787;105;4769.00;203
12911;105;628804670;12911;302;13702;13907;7.07;0.44;248.59;16.40;791;105;4770.00;205
12914;105;628804681;12914;300;13704;13907;7.03;0.43;248.61;16.59;790;105;4771.00;203
12916;105;628804698;12916;304;13705;13907;6.99;0.43;248.62;16.59;789;105;4772.00;202
12917;105;628804707;12917;306;13707;13911;6.97;0.43;248.64;16.58;790;105;4773.00;204
12922;105;628804717;12922;312;13710;13912;6.95;0.43;248.62;16.58;788;105;4774.00;202
12925;105;628804727;12925;315;13710;13912;6.93;0.43;248.66;16.58;785;105;4775.00;202
12928;105;628804737;12928;315;13714;13916;6.92;0.42;248.65;16.58;786;105;4776.00;202
12930;105;628804746;12930;319;13714;13916;6.88;0.42;248.65;16.58;784;105;4777.00;202
12935;105;628804756;12935;319;13715;13916;6.86;0.42;248.63;16.58;780;105;4778.00;201
12936;105;628804766;12936;308;13716;13917;6.89;0.42;248.61;16.57;780;105;4779.00;201
12939;105;628804776;12939;298;13716;13917;6.88;0.42;248.61;16.57;777;105;4780.00;201
12943;105;628804785;12943;290;13720;13923;6.88;0.42;248.59;16.57;777;105;4781.00;203
12946;105;628804796;12946;286;13720;13923;6.95;0.42;248.58;16.57;774;105;4782.00;203
12951;105;628804806;12951;279;13721;13924;6.96;0.42;248.56;16.57;770;105;4783.00;203
12952;105;628804816;12952;271;13721;13924;7.05;0.43;248.56;16.57;769;105;4784.00;203
12955;105;628804826;12955;259;13721;13924;7.14;0.44;248.54;16.57;766;105;4785.00;203
12956;105;628804842;12956;260;13721;13924;7.25;0.44;248.54;16.57;765;105;4786.00;203
12958;105;628804851;12958;258;13721;13924;7.31;0.45;248.54;16.57;763;105;4787.00;203
12963;105;628804862;12963;260;13731;13936;7.45;0.45;248.57;16.56;768;105;4788.00;205
12965;105;628804873;12965;261;13731;13936;7.50;0.46;248.58;16.56;766;105;4789.00;205
12969;105;628804889;12969;260;13732;13936;7.61;0.46;248.63;16.56;763;105;4790.00;204
12974;105;628804900;12974;264;13732;13936;7.67;0.47;248.65;16.56;758;105;4791.00;204
12974;105;628804910;12974;269;13732;13936;7.77;0.47;248.65;16.56;758;105;4792.00;204
12979;105;628804920;12979;274;13732;13936;7.80;0.47;248.68;16.56;753;105;4793.00;204
12982;105;628804931;12982;275;13735;13940;7.85;0.48;248.69;16.55;753;105;4794.00;205
12984;105;628804941;12984;279;13735;13940;7.92;0.48;248.68;16.55;751;105;4795.00;205
12989;105;628804952;12989;285;13738;13944;7.97;0.48;248.68;16.55;749;105;4796.00;206
12991;105;628804962;12991;286;13739;13945;8.07;0.49;248.70;16.55;748;105;4797.00;206
12992;105;628804973;12992;290;13740;13945;8.15;0.50;248.72;16.55;748;105;4798.00;205
12996;105;628804983;12996;289;13740;13945;8.12;0.49;248.76;16.55;744;105;4799.00;205
12999;105;628804995;12999;295;13762;13986;8.24;0.50;248.77;16.52;763;105;4800.00;224
13000;105;628805014;13000;298;13763;13986;8.20;0.50;248.78;16.52;763;105;4801.00;223
13004;105;628805025;13004;289;13765;13986;8.21;0.50;248.80;16.52;761;105;4802.00;221
13010;105;628805036;13010;289;13767;13987;8.23;0.50;248.81;16.52;757;105;4803.00;220
13012;105;628805047;13012;286;13767;13988;8.21;0.50;248.82;16.52;755;105;4804.00;221
13016;105;628805057;13016;289;13768;13988;8.13;0.50;248.86;16.51;752;105;4805.00;220
13020;105;628805067;13020;290;13771;13991;8.12;0.50;248.89;16.51;751;105;4806.00;220
13021;105;628805078;13021;275;13772;13991;8.15;0.50;248.89;16.51;751;105;4807.00;219
13024;105;628805089;13024;267;13773;13991;8.19;0.50;248.93;16.51;749;105;4808.00;218
13029;105;628805099;13029;256;13773;13991;8.18;0.50;248.94;16.51;744;105;4809.00;218
13031;105;628805111;13031;248;13779;13997;8.27;0.51;248.95;16.50;748;105;4810.00;218
13033;105;628805122;13033;243;13780;13997;8.38;0.51;248.95;16.50;747;105;4811.00;217
13034;105;628805134;13034;240;13781;13997;8.54;0.52;248.97;16.50;747;105;4812.00;216
13037;105;628805145;13037;241;13781;13997;8.75;0.53;248.99;16.50;744;105;4813.00;216
13040;105;628805156;13040;238;13784;14001;8.89;0.54;248.99;16.50;744;105;4814.00;217
13043;105;628805168;13043;236;13786;14003;9.01;0.55;248.96;16.50;743;105;4815.00;217
13048;105;628805180;13048;220;13787;14003;9.09;0.55;248.97;16.50;739;105;4816.00;216
13051;105;628805192;13051;207;13788;14004;9.24;0.56;249.02;16.50;737;105;4817.00;216
13053;105;628805208;13053;190;13788;14004;9.36;0.57;249.03;16.50;735;105;4818.00;216
13058;105;628805220;13058;178;13788;14004;9.47;0.58;249.06;16.50;730;105;4819.00;216
13064;105;628805232;13064;167;13788;14004;9.60;0.58;249.07;16.50;724;105;4820.00;216
13066;105;628805244;13066;158;13788;14004;9.74;0.59;249.07;16.50;722;105;4821.00;216
13067;105;628805257;13067;156;13789;14004;9.98;0.61;249.09;16.50;722;105;4822.00;215
13073;105;628805269;13073;152;13789;14004;10.10;0.61;249.07;16.50;716;105;4823.00;215
13074;105;628805287;13074;160;13830;14074;10.00;0.61;249.09;16.45;756;105;4824.00;244
13076;105;628805305;13076;147;13830;14075;10.15;0.62;249.09;16.45;754;105;4825.00;245
13079;105;628805317;13079;142;13834;14075;10.31;0.63;249.13;16.44;755;105;4826.00;241
13082;105;628805334;13082;142;13838;14075;10.49;0.64;249.16;16.44;756;105;4827.00;237
13087;105;628805346;13087;135;13841;14077;10.68;0.65;249.15;16.44;754;105;4828.00;236
13091;105;628805359;13091;137;13845;14077;10.79;0.65;249.15;16.44;754;105;4829.00;232
13094;105;628805372;13094;130;13848;14077;10.92;0.66;249.16;16.43;754;105;4830.00;229
13097;105;628805385;13097;133;13850;14077;10.96;0.66;249.16;16.43;753;105;4831.00;227
13100;105;628805397;13100;132;13852;14078;11.01;0.67;249.17;16.43;752;105;4832.00;226
13103;105;628805408;13103;137;13857;14079;11.02;0.67;249.19;16.43;754;105;4833.00;222
13105;105;628805420;13105;133;13858;14079;11.09;0.67;249.17;16.43;753;105;4834.00;221
13108;105;628805433;13108;133;13862;14083;11.11;0.67;249.18;16.42;754;105;4835.00;221
13112;105;628805445;13112;136;13863;14083;11.20;0.68;249.23;16.42;751;105;4836.00;220
13113;105;628805457;13113;138;13863;14083;11.28;0.69;249.23;16.42;750;105;4837.00;220
13116;105;628805469;13116;143;13863;14083;11.42;0.69;249.24;16.42;747;105;4838.00;220
13118;105;628805481;13118;142;13869;14089;11.48;0.70;249.25;16.42;751;105;4839.00;220
13121;105;628805493;13121;143;13869;14089;11.50;0.70;249.26;16.42;748;105;4840.00;220
13122;105;628805506;13122;145;13869;14089;11.56;0.70;249.27;16.42;747;105;4841.00;220
13126;105;628805517;13126;152;13872;14092;11.57;0.70;249.27;16.41;746;105;4842.00;220
13129;105;628805529;13129;146;13873;14092;11.54;0.70;249.30;16.60;744;105;4843.00;219
13133;105;628805543;13133;140;13873;14092;11.53;0.70;249.33;16.60;740;105;4844.00;219
13136;105;628805555;13136;144;13873;14093;11.48;0.70;249.31;16.60;737;105;4845.00;220
13139;105;628805566;13139;145;13874;14094;11.51;0.70;249.37;16.60;735;105;4846.00;220
13143;105;628805577;13143;149;13874;14094;11.49;0.70;249.39;16.60;731;105;4847.00;220
13144;105;628805589;13144;151;13885;14107;11.54;0.70;249.38;16.59;741;105;4848.00;222
13147;105;628805601;13147;145;13885;14107;11.60;0.71;249.39;16.59;738;105;4849.00;222
13153;105;628805613;13153;146;13885;14107;11.63;0.71;249.40;16.59;732;105;4850.00;222
13155;105;628805624;13155;149;13886;14108;11.66;0.71;249.40;16.59;731;105;4851.00;222
13159;105;628805641;13159;148;13886;14108;11.68;0.71;249.40;16.59;727;105;4852.00;222
13160;105;628805652;13160;148;13889;14112;11.59;0.70;249.41;16.58;729;105;4853.00;223
13163;105;628805664;13163;144;13890;14112;11.57;0.70;249.43;16.58;727;105;4854.00;222
13165;105;628805675;13165;146;13893;14116;11.52;0.70;249.45;16.58;728;105;4855.00;223
13166;105;628805686;13166;146;13893;14116;11.48;0.70;249.45;16.58;727;105;4856.00;223
13171;105;628805697;13171;147;13893;14116;11.46;0.70;249.45;16.58;722;105;4857.00;223
13177;105;628805707;13177;150;13893;14116;11.39;0.69;249.45;16.58;716;105;4858.00;223
13184;105;628805718;13184;147;13894;14116;11.32;0.69;249.50;16.76;710;105;4859.00;222
13188;105;628805730;13188;145;13915;14150;11.18;0.68;249.48;16.74;727;105;4860.00;235
13191;105;628805743;13191;136;13916;14150;11.17;0.68;249.48;16.73;725;105;4861.00;234
13196;105;628805753;13196;128;13917;14150;11.17;0.68;249.48;16.73;721;105;4862.00;233
13200;105;628805763;13200;127;13917;14150;11.15;0.68;249.48;16.73;717;105;4863.00;233
13202;105;628805774;13202;125;13918;14150;11.19;0.68;249.48;16.73;716;105;4864.00;232
13206;105;628805784;13206;120;13920;14150;11.22;0.68;249.51;16.75;714;105;4865.00;230
13212;105;628805796;13212;116;13921;14151;11.19;0.68;249.48;16.75;709;105;4866.00;230
13217;105;628805806;13217;119;13921;14151;11.27;0.69;249.51;16.75;704;105;4867.00;230
13221;105;628805822;13221;122;13925;14157;11.34;0.69;249.58;16.75;704;105;4868.00;232
13225;105;628805833;13225;125;13927;14158;11.29;0.69;249.60;16.93;702;105;4869.00;231
13226;105;628805849;13226;125;13929;14158;11.27;0.69;249.61;16.93;703;105;4870.00;229
13231;105;628805858;13231;128;13929;14158;11.26;0.69;249.60;16.93;698;105;4871.00;229
13234;105;628805869;13234;130;13931;14162;11.30;0.69;249.63;16.93;697;105;4872.00;231
13237;105;628805880;13237;127;13932;14162;11.34;0.69;249.61;16.93;695;105;4873.00;230
13239;105;628805890;13239;126;13933;14162;11.41;0.69;249.59;17.11;694;105;4874.00;229
13242;105;628805900;13242;130;13935;14163;11.46;0.70;249.59;17.11;693;105;4875.00;228
13243;105;628805910;13243;136;13938;14167;11.48;0.70;249.57;17.10;695;105;4876.00;229
13246;105;628805920;13246;138;13939;14167;11.46;0.69;249.55;17.10;693;105;4877.00;228
13248;105;628805930;13248;135;13942;14170;11.50;0.70;249.54;17.28;694;105;4878.00;228
13252;105;628805940;13252;133;13944;14170;11.43;0.69;249.53;17.28;692;105;4879.00;226
13255;105;628805955;13255;133;13945;14170;11.34;0.69;249.50;17.46;690;105;4880.00;225
13259;105;628805966;13259;141;13945;14170;11.26;0.68;249.54;17.46;686;105;4881.00;225
13260;105;628805975;13260;145;13948;14174;11.21;0.68;249.53;17.45;688;105;4882.00;226
13262;105;628805986;13262;150;13950;14174;11.08;0.67;249.52;17.63;688;105;4883.00;224
13264;105;628805996;13264;153;13950;14174;11.00;0.67;249.52;17.63;686;105;4884.00;224
13268;105;628806005;13268;156;13950;14174;10.97;0.67;249.48;17.63;682;105;4885.00;224
13271;105;628806015;13271;160;13950;14175;10.90;0.66;249.47;17.63;679;105;4886.00;225
13271;105;628806025;13271;166;13951;14176;10.85;0.66;249.47;17.63;680;105;4887.00;225
13273;105;628806035;13273;168;13951;14176;10.78;0.65;249.47;17.63;678;105;4888.00;225
13275;105;628806045;13275;176;13952;14177;10.74;0.65;249.46;17.63;677;105;4889.00;225
13277;105;628806056;13277;185;13954;14177;10.67;0.65;249.44;17.65;677;105;4890.00;223
13281;105;628806066;13281;188;13954;14177;10.64;0.65;249.53;17.65;673;105;4891.00;223
13282;105;628806076;13282;196;13956;14177;10.55;0.64;249.52;17.67;674;105;4892.00;221
13285;105;628806086;13285;196;13956;14177;10.47;0.64;249.54;17.67;671;105;4893.00;221
13287;105;628806096;13287;201;13957;14177;10.33;0.63;249.60;17.69;670;105;4894.00;220
13289;105;628806105;13289;206;13958;14177;10.22;0.62;249.59;17.69;669;105;4895.00;219
13291;105;628806114;13291;226;14020;14304;10.20;0.63;249.62;17.63;729;105;4896.00;284
13295;105;628806138;13295;223;14022;14305;9.99;0.62;249.63;17.63;727;105;4897.00;283
13296;105;628806153;13296;221;14034;14305;10.01;0.62;249.62;17.63;738;105;4898.00;271
13299;105;628806165;13299;226;14038;14305;9.89;0.61;249.62;17.64;739;105;4899.00;267
13300;105;628806180;13300;223;14046;14305;9.82;0.61;249.62;17.64;746;105;4900.00;259
13303;105;628806198;13303;227;14052;14305;9.75;0.60;249.60;17.65;749;105;4901.00;253
13306;105;628806211;13306;233;14059;14305;9.67;0.60;249.57;17.65;753;105;4902.00;246
13308;105;628806224;13308;237;14064;14305;9.57;0.59;249.55;17.66;756;105;4903.00;241
13311;105;628806243;13311;244;14070;14306;9.47;0.58;249.52;17.70;759;105;4904.00;236
13314;105;628806254;13314;245;14075;14308;9.36;0.58;249.50;17.70;761;105;4905.00;233
13315;105;628806266;13315;247;14078;14308;9.21;0.57;249.51;17.69;763;105;4906.00;230
13317;105;628806276;13317;255;14081;14309;9.07;0.56;249.49;17.72;764;105;4907.00;228
13319;105;628806287;13319;264;14083;14309;8.89;0.55;249.47;17.72;764;105;4908.00;226
13323;105;628806297;13323;262;14086;14309;8.72;0.54;249.44;17.75;763;105;4909.00;223
13324;105;628806307;13324;271;14088;14309;8.57;0.53;249.45;17.75;764;105;4910.00;221
13327;105;628806318;13327;272;14091;14313;8.47;0.52;249.42;17.75;764;105;4911.00;222
13331;105;628806329;13331;281;14093;14313;8.27;0.51;249.40;17.76;762;105;4912.00;220
13335;105;628806339;13335;283;14096;14313;8.09;0.50;249.38;17.78;761;105;4913.00;217
13338;105;628806354;13338;287;14099;14316;7.95;0.49;249.40;17.77;761;105;4914.00;217
13340;105;628806371;13340;290;14101;14316;7.76;0.48;249.44;17.79;761;105;4915.00;215
13341;105;628806381;13341;300;14103;14316;7.62;0.47;249.44;17.79;762;105;4916.00;213
13342;105;628806390;13342;308;14106;14320;7.50;0.46;249.43;17.79;764;105;4917.00;214
13343;105;628806399;13343;306;14110;14321;7.44;0.46;249.41;17.80;767;105;4918.00;211
13344;105;628806408;13344;312;14111;14321;7.47;0.46;249.40;17.80;767;105;4919.00;210
13345;105;628806420;13345;319;14115;14326;7.42;0.46;249.39;17.80;770;105;4920.00;211
13349;105;628806429;13349;324;14117;14326;7.29;0.45;249.34;17.81;768;105;4921.00;209
13351;105;628806439;13351;329;14117;14326;7.11;0.44;249.34;17.81;766;105;4922.00;209
13354;105;628806448;13354;329;14118;14327;6.98;0.43;249.35;17.81;764;105;4923.00;209
13357;105;628806457;13357;332;14120;14327;6.86;0.42;249.36;17.83;763;105;4924.00;207
13358;105;628806466;13358;341;14124;14333;6.78;0.42;249.37;17.82;766;105;4925.00;209
13363;105;628806476;13363;345;14124;14333;6.55;0.40;249.36;17.82;761;105;4926.00;209
13365;105;628806485;13365;348;14125;14334;6.36;0.39;249.36;17.82;760;105;4927.00;209
13368;105;628806494;13368;355;14128;14334;6.17;0.38;249.38;17.85;760;105;4928.00;206
13369;105;628806502;13369;362;14129;14334;6.02;0.37;249.37;17.85;760;105;4929.00;205
13374;105;628806511;13374;362;14131;14334;5.81;0.36;249.42;17.87;757;105;4930.00;203
13377;105;628806520;13377;339;14131;14334;5.70;0.35;249.41;17.87;754;105;4931.00;203
13380;105;628806530;13380;333;14143;14346;5.81;0.36;249.40;17.86;763;105;4932.00;203
13385;105;628806540;13385;323;14144;14346;5.78;0.35;249.42;17.86;759;105;4933.00;202
13386;105;628806549;13386;317;14144;14346;5.84;0.36;249.40;17.86;758;105;4934.00;202
13388;105;628806558;13388;315;14145;14346;5.86;0.36;249.42;17.87;757;105;4935.00;201
13391;105;628806567;13391;312;14146;14346;5.90;0.36;249.43;17.87;755;105;4936.00;200
13391;105;628806576;13391;298;14147;14346;6.00;0.37;249.43;17.88;756;105;4937.00;199
13393;105;628806585;13393;291;14150;14350;6.19;0.38;249.45;17.88;757;105;4938.00;200
13396;106;628806595;13396;283;14150;14350;6.38;0.39;249.50;17.88;754;106;4939.00;200
13396;106;628806615;13396;280;14153;14354;6.70;0.41;249.50;17.87;757;106;4940.00;201
13401;106;628806625;13401;271;14154;14355;6.95;0.42;249.50;17.87;753;106;4941.00;201
13403;106;628806635;13403;262;14155;14355;7.11;0.43;249.47;17.87;752;106;4942.00;200
13405;106;628806650;13405;255;14155;14355;7.25;0.44;249.49;17.87;750;106;4943.00;200
13408;106;628806660;13408;254;14166;14368;7.52;0.46;249.47;17.86;758;106;4944.00;202
13410;106;628806670;13410;252;14166;14368;7.66;0.47;249.46;17.86;756;106;4945.00;202
13412;106;628806680;13412;244;14166;14368;7.81;0.48;249.46;17.86;754;106;4946.00;202
13415;106;628806690;13415;241;14167;14369;8.01;0.49;249.44;17.86;752;106;4947.00;202
13418;106;628806700;13418;236;14167;14370;8.11;0.49;249.43;17.86;749;106;4948.00;203
13420;106;628806710;13420;228;14167;14370;8.24;0.50;249.43;17.86;747;106;4949.00;203
13423;106;628806722;13423;223;14171;14379;8.36;0.51;249.43;17.85;748;106;4950.00;208
13425;106;628806733;13425;220;14172;14379;8.44;0.51;249.42;17.85;747;106;4951.00;207
13429;106;628806749;13429;222;14173;14379;8.53;0.52;249.44;17.85;744;106;4952.00;206
13432;106;628806760;13432;216;14173;14379;8.54;0.52;249.44;17.85;741;106;4953.00;206
13435;106;628806771;13435;215;14177;14385;8.69;0.53;249.43;17.84;742;106;4954.00;208
13441;106;628806782;13441;209;14177;14385;8.66;0.53;249.41;17.84;736;106;4955.00;208
13447;106;628806801;13447;205;14178;14385;8.69;0.53;249.49;17.84;731;106;4956.00;207
13451;106;628806814;13451;202;14179;14385;8.65;0.53;249.46;17.84;728;106;4957.00;206
13455;106;628806825;13455;199;14183;14389;8.68;0.53;249.48;17.84;728;106;4958.00;206
13458;106;628806836;13458;196;14184;14390;8.73;0.53;249.47;17.84;726;106;4959.00;206
13464;106;628806849;13464;196;14185;14390;8.60;0.52;249.49;17.84;721;106;4960.00;205
13468;106;628806861;13468;203;14186;14391;8.56;0.52;249.51;17.84;718;106;4961.00;205
13473;106;628806872;13473;201;14186;14391;8.49;0.52;249.46;17.84;713;106;4962.00;205
13477;106;628806882;13477;201;14186;14391;8.54;0.52;249.46;17.84;709;106;4963.00;205
13481;106;628806892;13481;197;14186;14391;8.61;0.52;249.48;17.84;705;106;4964.00;205
13484;106;628806903;13484;198;14186;14391;8.71;0.53;249.54;17.84;702;106;4965.00;205
13490;106;628806914;13490;200;14186;14391;8.80;0.53;249.58;17.84;696;106;4966.00;205
13493;106;628806924;13493;204;14186;14391;8.85;0.54;249.60;17.84;693;106;4967.00;205
13498;106;628806935;13498;214;14231;14461;8.98;0.55;249.65;17.96;733;106;4968.00;230
13503;106;628806953;13503;207;14232;14462;9.05;0.55;249.68;17.96;729;106;4969.00;230
13509;106;628806964;13509;206;14237;14462;9.17;0.56;249.69;17.95;728;106;4970.00;225
13511;106;628806976;13511;207;14241;14462;9.36;0.57;249.69;17.95;730;106;4971.00;221
13516;106;628806987;13516;204;14246;14462;9.45;0.57;249.73;17.94;730;106;4972.00;216
13519;106;628806998;13519;210;14248;14462;9.48;0.58;249.76;17.94;729;106;4973.00;214
13520;106;628807010;13520;206;14250;14462;9.53;0.58;249.75;17.94;730;106;4974.00;212
13522;106;628807021;13522;203;14251;14462;9.56;0.58;249.77;17.94;729;106;4975.00;211
13524;106;628807032;13524;203;14253;14463;9.54;0.58;249.78;17.94;729;106;4976.00;210
13526;106;628807043;13526;203;14254;14464;9.51;0.58;249.78;17.94;728;106;4977.00;210
13529;106;628807055;13529;201;14255;14464;9.50;0.58;249.79;17.94;726;106;4978.00;209
13531;106;628807067;13531;195;14258;14468;9.47;0.58;249.78;17.93;727;106;4979.00;210
13534;106;628807081;13534;188;14258;14468;9.51;0.58;249.81;17.93;724;106;4980.00;210
13537;106;628807094;13537;182;14258;14468;9.56;0.58;249.81;17.93;721;106;4981.00;210
13540;106;628807106;13540;188;14258;14468;9.61;0.59;249.85;17.93;718;106;4982.00;210
13543;106;628807117;13543;187;14262;14474;9.75;0.60;249.85;17.93;719;106;4983.00;212
13548;106;628807131;13548;190;14262;14474;9.84;0.60;249.85;17.93;714;106;4984.00;212
13551;106;628807149;13551;190;14263;14474;9.94;0.61;249.87;17.93;712;106;4985.00;211
13555;106;628807161;13555;174;14265;14477;10.08;0.61;249.94;17.92;710;106;4986.00;212
13559;106;628807174;13559;160;14266;14477;10.27;0.62;249.93;17.92;707;106;4987.00;211
13562;106;628807196;13562;151;14266;14477;10.39;0.63;249.96;17.92;704;106;4988.00;211
13565;106;628807208;13565;143;14266;14478;10.58;0.64;249.94;17.92;701;106;4989.00;212
13569;106;628807221;13569;138;14267;14479;10.64;0.65;249.98;17.92;698;106;4990.00;212
13572;106;628807233;13572;132;14267;14479;10.72;0.65;249.97;17.92;695;106;4991.00;212
13572;106;628807245;13572;133;14278;14492;10.95;0.66;249.97;17.91;706;106;4992.00;214
13574;106;628807257;13574;128;14278;14492;11.08;0.67;249.98;17.91;704;106;4993.00;214
13578;106;628807269;13578;128;14278;14492;11.17;0.68;249.98;17.91;700;106;4994.00;214
13579;106;628807282;13579;126;14280;14494;11.30;0.69;249.97;17.90;701;106;4995.00;214
13583;106;628807294;13583;129;14280;14494;11.38;0.69;249.99;17.90;697;106;4996.00;214
13588;106;628807306;13588;123;14283;14498;11.43;0.69;249.97;17.90;695;106;4997.00;215
13590;106;628807318;13590;118;14283;14498;11.42;0.69;249.97;17.90;693;106;4998.00;215
13593;106;628807336;13593;120;14287;14502;11.35;0.69;249.96;17.90;694;106;4999.00;215
13595;106;628807348;13595;117;14287;14502;11.42;0.69;249.95;17.90;692;106;5000.00;215
13599;106;628807363;13599;118;14287;14502;11.49;0.70;249.98;17.90;688;106;5001.00;215
13602;106;628807374;13602;119;14287;14502;11.49;0.70;249.96;17.90;685;106;5002.00;215
13605;106;628807386;13605;117;14287;14502;11.57;0.70;249.98;17.90;682;106;5003.00;215
13608;106;628807397;13608;120;14297;14514;11.63;0.71;249.98;17.88;689;106;5004.00;217
13612;106;628807409;13612;122;14297;14514;11.70;0.71;249.99;17.88;685;106;5005.00;217
13614;106;628807420;13614;120;14298;14514;11.87;0.72;250.01;17.88;684;106;5006.00;216
13617;106;628807431;13617;120;14298;14514;11.94;0.73;250.01;17.88;681;106;5007.00;216
13621;106;628807442;13621;120;14298;14514;11.95;0.73;250.02;17.88;677;106;5008.00;216
13623;106;628807454;13623;121;14298;14514;12.01;0.73;250.04;17.88;675;106;5009.00;216
13625;106;628807472;13625;117;14298;14515;12.05;0.73;250.06;17.88;673;106;5010.00;217
13629;106;628807482;13629;117;14298;14515;12.10;0.73;250.05;17.88;669;106;5011.00;217
13632;106;628807498;13632;118;14302;14521;12.10;0.73;250.07;17.88;670;106;5012.00;219
13634;106;628807510;13634;115;14303;14522;12.17;0.74;250.09;17.88;669;106;5013.00;219
13637;106;628807521;13637;117;14304;14522;12.22;0.74;250.08;17.88;667;106;5014.00;218
13639;106;628807531;13639;116;14304;14522;12.26;0.74;250.11;17.88;665;106;5015.00;218
13643;106;628807542;13643;119;14307;14526;12.34;0.75;250.08;17.87;664;106;5016.00;219
13646;106;628807552;13646;119;14307;14526;12.35;0.75;250.12;17.87;661;106;5017.00;219
13648;106;628807563;13648;124;14307;14526;12.37;0.75;250.12;17.87;659;106;5018.00;219
13649;106;628807572;13649;120;14308;14527;12.43;0.75;250.13;17.87;659;106;5019.00;219
13651;106;628807583;13651;122;14311;14531;12.40;0.75;250.12;17.87;660;106;5020.00;220
13652;106;628807593;13652;128;14311;14531;12.34;0.75;250.12;17.87;659;106;5021.00;220
13656;107;628807603;13656;129;14313;14534;12.29;0.75;250.14;17.86;657;107;5022.00;221
13662;107;628807619;13662;132;14313;14534;12.16;0.74;250.18;17.86;651;107;5023.00;221
13664;107;628807639;13664;130;14314;14534;12.10;0.73;250.22;17.86;650;107;5024.00;220
13669;107;628807654;13669;127;14314;14534;12.07;0.73;250.21;17.86;645;107;5025.00;220
13671;107;628807664;13671;129;14317;14538;12.10;0.74;250.20;17.86;646;107;5026.00;221
13674;107;628807674;13674;129;14317;14538;12.08;0.73;250.22;17.86;643;107;5027.00;221
13679;107;628807682;13679;130;14318;14538;12.05;0.73;250.20;17.86;639;107;5028.00;220
13682;107;628807691;13682;126;14318;14538;12.07;0.73;250.19;17.86;636;107;5029.00;220
13685;107;628807700;13685;130;14318;14539;12.08;0.73;250.18;17.86;633;107;5030.00;221
13688;107;628807709;13688;128;14319;14540;12.07;0.73;250.16;17.86;631;107;5031.00;221
13693;107;628807718;13693;119;14319;14540;12.07;0.73;250.15;17.86;626;107;5032.00;221
13698;107;628807727;13698;113;14320;14541;12.04;0.73;250.11;17.86;622;107;5033.00;221
13703;107;628807737;13703;113;14320;14541;12.08;0.74;250.10;17.86;617;107;5034.00;221
13708;107;628807748;13708;107;14320;14541;12.06;0.73;250.14;17.86;612;107;5035.00;221
13713;107;628807758;13713;104;14322;14541;12.07;0.73;250.14;18.05;609;107;5036.00;219
13717;107;628807769;13717;103;14322;14541;12.13;0.74;250.11;18.05;605;107;5037.00;219
13722;107;628807778;13722;98;14322;14541;12.19;0.74;250.09;18.05;600;107;5038.00;219
13724;107;628807787;13724;99;14322;14541;12.26;0.75;250.13;18.05;598;107;5039.00;219
13728;107;628807798;13728;131;14421;14771;11.75;0.73;250.14;17.92;693;107;5040.00;350
13731;107;628807825;13731;127;14423;14772;11.80;0.74;250.15;17.92;692;107;5041.00;349
13732;107;628807835;13732;122;14432;14772;11.87;0.74;250.13;17.91;700;107;5042.00;340
13735;107;628807845;13735;122;14436;14772;11.88;0.74;250.12;17.91;701;107;5043.00;336
13736;107;628807855;13736;117;14442;14772;11.81;0.74;250.11;17.90;706;107;5044.00;330
13740;107;628807865;13740;118;14448;14772;11.72;0.73;250.15;17.90;708;107;5045.00;324
13741;107;628807876;13741;114;14457;14772;11.64;0.72;250.15;17.89;716;107;5046.00;315
13743;107;628807885;13743;110;14462;14772;11.67;0.72;250.14;17.89;719;107;5047.00;310
13747;107;628807906;13747;109;14469;14773;11.72;0.73;250.13;17.88;722;107;5048.00;304
13751;107;628807917;13751;110;14474;14774;11.69;0.72;250.09;18.06;723;107;5049.00;300
13752;107;628807927;13752;112;14479;14774;11.73;0.73;250.08;18.05;727;107;5050.00;295
13755;107;628807937;13755;120;14484;14775;11.63;0.72;250.07;18.05;729;107;5051.00;291
13758;107;628807947;13758;120;14489;14775;11.47;0.71;250.07;18.22;731;107;5052.00;286
13761;107;628807963;13761;123;14494;14775;11.32;0.70;250.05;18.22;733;107;5053.00;281
13763;107;628807985;13763;129;14496;14775;11.11;0.68;250.05;18.22;733;107;5054.00;279
13766;107;628807996;13766;132;14500;14779;10.96;0.67;250.04;18.22;734;107;5055.00;279
13767;107;628808007;13767;146;14504;14779;10.77;0.66;250.03;18.23;737;107;5056.00;275
13769;107;628808018;13769;156;14505;14779;10.68;0.66;250.02;18.23;736;107;5057.00;274
13771;107;628808028;13771;170;14510;14782;10.50;0.64;249.99;18.23;739;107;5058.00;272
13773;107;628808038;13773;176;14515;14782;10.32;0.63;249.97;18.24;742;107;5059.00;267
13773;107;628808054;13773;191;14516;14782;10.20;0.63;249.97;18.25;743;107;5060.00;266
13775;107;628808064;13775;195;14522;14786;10.08;0.62;249.97;18.26;747;107;5061.00;264
13777;107;628808075;13777;206;14526;14787;9.99;0.61;249.96;18.26;749;107;5062.00;261
13778;107;628808087;13778;214;14529;14787;9.82;0.60;249.94;18.28;751;107;5063.00;258
13782;107;628808097;13782;233;14534;14791;9.64;0.59;249.91;18.28;752;107;5064.00;257
13782;107;628808108;13782;240;14538;14791;9.48;0.58;249.91;18.31;756;107;5065.00;253
13783;107;628808118;13783;251;14539;14791;9.27;0.57;249.92;18.31;756;107;5066.00;252
13785;107;628808131;13785;256;14543;14792;9.07;0.55;249.91;18.33;758;107;5067.00;249
13788;107;628808146;13788;257;14546;14792;8.86;0.54;249.93;18.34;758;107;5068.00;246
13789;107;628808160;13789;272;14552;14798;8.77;0.54;249.92;18.35;763;107;5069.00;246
13789;107;628808176;13789;276;14555;14798;8.62;0.53;249.92;18.36;766;107;5070.00;243
13790;107;628808189;13790;287;14557;14799;8.53;0.52;249.91;18.37;767;107;5071.00;242
13796;107;628808202;13796;293;14557;14799;8.35;0.51;249.86;18.37;761;107;5072.00;242
13796;107;628808215;13796;304;14560;14799;8.23;0.50;249.86;18.39;764;107;5073.00;239
13797;107;628808228;13797;310;14560;14799;8.10;0.50;249.85;18.39;763;107;5074.00;239
13798;107;628808239;13798;325;14564;14799;7.95;0.49;249.84;18.40;766;107;5075.00;235
13799;107;628808250;13799;329;14574;14811;7.91;0.48;249.82;18.39;775;107;5076.00;237
13800;107;628808261;13800;337;14577;14811;7.68;0.47;249.83;18.41;777;107;5077.00;234
13803;107;628808271;13803;342;14579;14811;7.52;0.46;249.80;18.41;776;107;5078.00;232
13804;107;628808280;13804;343;14580;14811;7.44;0.45;249.79;18.41;776;107;5079.00;231
13805;107;628808290;13805;351;14581;14811;7.30;0.44;249.77;18.41;776;107;5080.00;230
13807;107;628808299;13807;356;14583;14811;7.20;0.44;249.77;18.44;776;107;5081.00;228
13807;107;628808309;13807;357;14587;14815;7.06;0.43;249.77;18.44;780;107;5082.00;228
13807;107;628808319;13807;346;14588;14815;6.94;0.42;249.77;18.45;781;107;5083.00;227
13807;107;628808328;13807;338;14591;14819;6.90;0.42;249.77;18.45;784;107;5084.00;228
13810;107;628808338;13810;330;14595;14821;6.91;0.42;249.75;18.46;785;107;5085.00;226
13810;107;628808348;13810;329;14596;14821;6.97;0.43;249.75;18.46;786;107;5086.00;225
13813;107;628808359;13813;323;14597;14821;6.98;0.43;249.71;18.47;784;107;5087.00;224
13813;107;628808369;13813;316;14609;14834;7.14;0.44;249.71;18.47;796;107;5088.00;225
13815;107;628808380;13815;313;14610;14834;7.22;0.44;249.69;18.47;795;107;5089.00;224
13817;107;628808396;13817;306;14611;14834;7.29;0.45;249.68;18.48;794;107;5090.00;223
13818;107;628808406;13818;305;14613;14835;7.34;0.45;249.72;18.48;795;107;5091.00;222
13820;107;628808416;13820;302;14614;14836;7.34;0.45;249.72;18.49;794;107;5092.00;222
13823;107;628808426;13823;299;14614;14836;7.37;0.45;249.75;18.49;791;107;5093.00;222
13825;107;628808436;13825;289;14618;14839;7.44;0.46;249.77;18.51;793;107;5094.00;221
13826;107;628808451;13826;284;14619;14839;7.48;0.46;249.79;18.51;793;107;5095.00;220
13826;107;628808461;13826;285;14619;14839;7.55;0.46;249.79;18.51;793;107;5096.00;220
13832;107;628808470;13832;290;14621;14839;7.50;0.46;249.81;18.52;789;107;5097.00;218
13835;107;628808480;13835;295;14625;14845;7.51;0.46;249.78;18.52;790;107;5098.00;220
13837;107;628808490;13837;293;14626;14845;7.41;0.45;249.79;18.52;789;107;5099.00;219
13837;107;628808502;13837;287;14632;14864;7.35;0.45;249.79;18.52;795;107;5100.00;232
13838;107;628808518;13838;281;14634;14864;7.29;0.45;249.77;18.52;796;107;5101.00;230
13840;107;628808528;13840;285;14637;14868;7.33;0.45;249.76;18.52;797;107;5102.00;231
13843;107;628808537;13843;284;14638;14869;7.35;0.45;249.76;18.52;795;107;5103.00;231
13846;107;628808547;13846;282;14639;14869;7.35;0.45;249.75;18.53;793;107;5104.00;230
13851;107;628808557;13851;282;14641;14870;7.39;0.46;249.77;18.53;790;107;5105.00;229
13852;107;628808569;13852;283;14644;14870;7.44;0.46;249.76;18.53;792;107;5106.00;226
13857;107;628808578;13857;275;14645;14870;7.48;0.46;249.81;18.53;788;107;5107.00;225
13859;107;628808596;13859;269;14645;14870;7.55;0.47;249.83;18.53;786;107;5108.00;225
13862;107;628808606;13862;267;14645;14870;7.60;0.47;249.82;18.53;783;107;5109.00;225
13868;107;628808616;13868;249;14645;14870;7.67;0.47;249.80;18.53;777;107;5110.00;225
13872;107;628808626;13872;248;14646;14870;7.78;0.48;249.80;18.53;774;107;5111.00;224
13878;107;628808636;13878;247;14680;14940;7.98;0.49;249.79;18.49;802;107;5112.00;260
13883;107;628808652;13883;232;14683;14941;8.05;0.49;249.77;18.49;800;107;5113.00;258
13887;107;628808663;13887;228;14691;14941;8.24;0.50;249.80;18.48;804;107;5114.00;250
13892;107;628808675;13892;213;14693;14941;8.34;0.51;249.82;18.48;801;107;5115.00;248
13896;107;628808685;13896;211;14697;14941;8.49;0.52;249.79;18.47;801;107;5116.00;244
13903;107;628808696;13903;213;14700;14941;8.50;0.52;249.77;18.47;797;107;5117.00;241
13909;107;628808706;13909;209;14703;14941;8.52;0.52;249.75;18.47;794;107;5118.00;238
13912;107;628808718;13912;207;14705;14941;8.49;0.52;249.73;18.47;793;107;5119.00;236
13916;107;628808728;13916;197;14706;14942;8.47;0.51;249.73;18.47;790;107;5120.00;236
13922;107;628808741;13922;199;14708;14943;8.46;0.51;249.70;18.46;786;107;5121.00;235
13927;107;628808762;13927;204;14710;14943;8.45;0.51;249.69;18.46;783;107;5122.00;233
13930;107;628808780;13930;205;14714;14947;8.55;0.52;249.68;18.46;784;107;5123.00;233
13933;107;628808792;13933;206;14714;14947;8.60;0.52;249.69;18.46;781;107;5124.00;233
13939;107;628808804;13939;210;14715;14947;8.67;0.53;249.70;18.46;776;107;5125.00;232
13941;107;628808815;13941;218;14715;14947;8.80;0.53;249.69;18.46;774;107;5126.00;232
13947;107;628808832;13947;218;14719;14953;8.81;0.53;249.76;18.46;772;107;5127.00;234
13951;107;628808845;13951;218;14719;14953;8.87;0.54;249.74;18.46;768;107;5128.00;234
13956;107;628808856;13956;222;14719;14953;8.93;0.54;249.78;18.46;763;107;5129.00;234
13960;107;628808869;13960;219;14722;14959;9.00;0.55;249.80;18.45;762;107;5130.00;237
13965;107;628808881;13965;220;14723;14959;8.98;0.54;249.83;18.45;758;107;5131.00;236
13970;107;628808892;13970;220;14723;14959;8.98;0.54;249.84;18.45;753;107;5132.00;236
13973;107;628808904;13973;225;14724;14960;8.97;0.54;249.84;18.45;751;107;5133.00;236
13978;107;628808915;13978;224;14727;14961;8.99;0.55;249.88;18.45;749;107;5134.00;234
13981;107;628808926;13981;223;14727;14961;9.04;0.55;249.86;18.45;746;107;5135.00;234
13987;107;628808938;13987;231;14737;14974;9.10;0.55;249.86;18.44;750;107;5136.00;237
13991;107;628808950;13991;229;14737;14974;9.12;0.55;249.89;18.44;746;107;5137.00;237
13995;107;628808962;13995;225;14737;14974;9.12;0.55;249.89;18.44;742;107;5138.00;237
13999;107;628808973;13999;230;14741;14975;9.15;0.56;249.93;18.44;742;107;5139.00;234
14004;107;628808984;14004;231;14741;14975;9.17;0.56;249.94;18.44;737;107;5140.00;234
14005;107;628808996;14005;237;14745;14979;9.21;0.56;249.93;18.44;740;107;5141.00;234
14008;107;628809007;14008;239;14746;14979;9.20;0.56;249.96;18.44;738;107;5142.00;233
14009;107;628809019;14009;241;14750;14983;9.17;0.56;249.96;18.44;741;107;5143.00;233
14011;107;628809030;14011;244;14751;14983;9.12;0.56;249.98;18.44;740;107;5144.00;232
14013;107;628809041;14013;248;14752;14983;9.10;0.56;249.98;18.44;739;107;5145.00;231
14015;107;628809054;14015;253;14753;14983;9.11;0.56;249.97;18.44;738;107;5146.00;230
14017;107;628809065;14017;241;14754;14983;9.10;0.56;249.99;18.44;737;107;5147.00;229
14020;107;628809077;14020;235;14763;14995;9.19;0.56;249.98;18.43;743;107;5148.00;232
14024;107;628809091;14024;233;14765;14995;9.20;0.56;250.00;18.43;741;107;5149.00;230
14028;107;628809103;14028;230;14766;14995;9.23;0.56;249.98;18.43;738;107;5150.00;229
14030;107;628809115;14030;229;14767;14995;9.37;0.57;249.98;18.42;737;107;5151.00;228
14033;107;628809126;14033;226;14768;14995;9.35;0.57;249.96;18.42;735;107;5152.00;227
14036;107;628809140;14036;227;14769;14995;9.39;0.57;249.97;18.60;733;107;5153.00;226
14042;107;628809159;14042;225;14769;14996;9.38;0.57;249.96;18.60;727;107;5154.00;227
14045;107;628809172;14045;226;14770;14998;9.39;0.57;249.96;18.60;725;107;5155.00;228
14045;107;628809190;14045;212;14773;15004;9.45;0.58;249.96;18.60;728;107;5156.00;231
14050;107;628809202;14050;197;14775;15005;9.47;0.58;250.00;18.59;725;107;5157.00;230
14052;107;628809214;14052;189;14775;15005;9.52;0.58;250.00;18.59;723;107;5158.00;230
14054;107;628809226;14054;176;14777;15005;9.60;0.58;250.02;18.59;723;107;5159.00;228
14056;107;628809240;14056;169;14781;15010;9.73;0.59;250.05;18.59;725;107;5160.00;229
14059;107;628809253;14059;168;14781;15010;9.92;0.60;250.03;18.59;722;107;5161.00;229
14064;107;628809265;14064;158;14781;15010;10.12;0.61;250.08;18.59;717;107;5162.00;229
14066;107;628809276;14066;150;14782;15011;10.26;0.62;250.10;18.59;716;107;5163.00;229
14067;107;628809289;14067;147;14785;15015;10.42;0.63;250.09;18.58;718;107;5164.00;230
14069;107;628809301;14069;135;14785;15015;10.59;0.64;250.11;18.58;716;107;5165.00;230
14070;107;628809313;14070;129;14788;15018;10.74;0.65;250.12;18.58;718;107;5166.00;230
14074;107;628809325;14074;128;14788;15018;10.87;0.66;250.12;18.58;714;107;5167.00;230
14078;107;628809337;14078;125;14788;15018;10.83;0.66;250.11;18.58;710;107;5168.00;230
14083;107;628809349;14083;121;14788;15018;10.83;0.66;250.08;18.58;705;107;5169.00;230
14087;107;628809360;14087;123;14791;15022;10.92;0.66;250.14;18.57;704;107;5170.00;231
14091;107;628809373;14091;121;14792;15022;11.01;0.67;250.16;18.57;701;107;5171.00;230
14093;107;628809384;14093;126;14792;15022;11.05;0.67;250.18;18.57;699;107;5172.00;230
14095;107;628809396;14095;130;14792;15022;11.08;0.67;250.17;18.57;697;107;5173.00;230
14097;107;628809407;14097;129;14792;15023;11.08;0.67;250.20;18.57;695;107;5174.00;231
14099;107;628809419;14099;129;14794;15025;11.09;0.67;250.21;18.57;695;107;5175.00;231
14101;107;628809430;14101;133;14795;15025;11.11;0.68;250.19;18.75;694;107;5176.00;230
14106;107;628809440;14106;127;14796;15026;11.15;0.68;250.16;18.75;690;107;5177.00;230
14107;107;628809451;14107;129;14796;15026;11.24;0.68;250.16;18.75;689;107;5178.00;230
14110;107;628809462;14110;123;14796;15026;11.25;0.69;250.15;18.75;686;107;5179.00;230
14113;107;628809473;14113;121;14796;15026;11.26;0.69;250.17;18.75;683;107;5180.00;230
14114;107;628809489;14114;121;14796;15026;11.28;0.69;250.16;18.75;682;107;5181.00;230
14119;107;628809499;14119;123;14796;15026;11.30;0.69;250.20;18.75;677;107;5182.00;230
14121;107;628809510;14121;125;14796;15026;11.38;0.69;250.20;18.75;675;107;5183.00;230
14123;107;628809520;14123;149;14868;15153;11.11;0.69;250.21;18.66;745;107;5184.00;285
14126;107;628809540;14126;138;14868;15154;11.12;0.69;250.22;18.66;742;107;5185.00;286
14129;107;628809552;14129;134;14876;15154;11.17;0.69;250.22;18.65;747;107;5186.00;278
14131;107;628809569;14131;133;14877;15154;11.14;0.69;250.20;18.65;746;107;5187.00;277
14134;107;628809587;14134;137;14883;15154;11.13;0.68;250.20;18.64;749;107;5188.00;271
14140;107;628809599;14140;140;14886;15154;11.09;0.68;250.21;18.64;746;107;5189.00;268
14144;107;628809612;14144;145;14891;15154;11.06;0.68;250.28;18.63;747;107;5190.00;263
14145;107;628809623;14145;156;14893;15154;11.07;0.68;250.27;18.63;748;107;5191.00;261
14149;107;628809633;14149;161;14897;15155;11.01;0.67;250.34;18.63;748;107;5192.00;258
14152;107;628809650;14152;160;14899;15156;11.00;0.68;250.34;18.81;747;107;5193.00;257
14158;107;628809661;14158;161;14904;15156;11.07;0.68;250.30;18.80;746;107;5194.00;252
14162;107;628809672;14162;164;14906;15157;11.12;0.68;250.30;18.80;744;107;5195.00;251
14164;107;628809682;14164;167;14908;15157;11.13;0.68;250.30;18.80;744;107;5196.00;249
14167;107;628809692;14167;171;14909;15157;11.11;0.68;250.28;18.80;742;107;5197.00;248
14168;107;628809703;14168;172;14911;15157;11.08;0.68;250.28;18.80;743;107;5198.00;246
14171;107;628809713;14171;173;14913;15161;11.05;0.68;250.28;18.80;742;107;5199.00;248
14173;107;628809724;14173;173;14915;15161;11.00;0.67;250.26;18.80;742;107;5200.00;246
14175;107;628809739;14175;179;14916;15161;10.91;0.67;250.25;18.80;741;107;5201.00;245
14177;107;628809749;14177;173;14918;15164;10.86;0.66;250.24;18.80;741;107;5202.00;246
14180;107;628809759;14180;176;14919;15164;10.73;0.65;250.26;18.79;739;107;5203.00;245
14183;107;628809769;14183;175;14919;15164;10.61;0.65;250.24;18.79;736;107;5204.00;245
14187;107;628809780;14187;177;14925;15168;10.53;0.64;250.21;18.82;738;107;5205.00;243
14192;107;628809791;14192;174;14926;15169;10.52;0.64;250.18;18.82;734;107;5206.00;243
14196;107;628809802;14196;178;14927;15169;10.50;0.64;250.16;18.81;731;107;5207.00;242
14201;107;628809812;14201;174;14929;15173;10.46;0.64;250.12;18.81;728;107;5208.00;244
14205;107;628809822;14205;174;14929;15173;10.43;0.63;250.09;18.81;724;107;5209.00;244
14206;107;628809832;14206;171;14929;15173;10.43;0.63;250.08;18.81;723;107;5210.00;244
14210;107;628809854;14210;168;14930;15174;10.51;0.64;250.10;18.81;720;107;5211.00;244
14211;107;628809864;14211;169;14931;15174;10.53;0.64;250.10;18.81;720;107;5212.00;243
14213;107;628809873;14213;169;14935;15180;10.54;0.64;250.09;18.81;722;107;5213.00;245
14216;107;628809884;14216;172;14935;15180;10.52;0.64;250.07;18.81;719;107;5214.00;245
14217;107;628809893;14217;178;14936;15180;10.47;0.63;250.06;18.81;719;107;5215.00;244
14221;107;628809903;14221;179;14936;15181;10.36;0.63;250.02;18.81;715;107;5216.00;245
14222;107;628809912;14222;181;14937;15181;10.26;0.62;250.01;18.81;715;107;5217.00;244
14225;107;628809922;14225;182;14937;15181;10.11;0.61;249.99;18.81;712;107;5218.00;244
14225;107;628809932;14225;185;14937;15181;10.05;0.61;249.99;18.81;712;107;5219.00;244
14229;107;628809943;14229;192;14958;15217;10.00;0.61;249.95;18.78;729;107;5220.00;259
14230;107;628809955;14230;196;14959;15217;9.89;0.60;249.94;18.78;729;107;5221.00;258
14231;107;628809966;14231;203;14962;15217;9.86;0.60;249.94;18.78;731;107;5222.00;255
14231;107;628809975;14231;204;14963;15217;9.82;0.60;249.94;18.78;732;107;5223.00;254
14233;107;628809985;14233;211;14964;15217;9.68;0.59;249.93;18.78;731;107;5224.00;253
14235;107;628809994;14235;214;14966;15217;9.60;0.59;249.90;18.77;731;107;5225.00;251
14236;107;628810004;14236;220;14970;15221;9.58;0.58;249.91;18.77;734;107;5226.00;251
14236;107;628810015;14236;221;14971;15221;9.56;0.58;249.91;18.77;735;107;5227.00;250
14237;107;628810024;14237;227;14974;15225;9.52;0.58;249.90;18.77;737;107;5228.00;251
14239;107;628810034;14239;235;14976;15226;9.49;0.58;249.88;18.76;737;107;5229.00;250
14243;107;628810044;14243;239;14980;15226;9.38;0.57;249.88;18.79;737;107;5230.00;246
14243;107;628810055;14243;245;14980;15226;9.32;0.57;249.88;18.79;737;107;5231.00;246
14246;107;628810070;14246;251;14990;15239;9.15;0.56;249.87;18.77;744;107;5232.00;249
14246;107;628810081;14246;257;14992;15239;9.05;0.55;249.87;18.80;746;107;5233.00;247
14248;107;628810090;14248;265;14993;15239;8.88;0.54;249.87;18.80;745;107;5234.00;246
14248;107;628810101;14248;260;14995;15240;8.86;0.54;249.87;18.81;747;107;5235.00;245
14249;107;628810111;14249;261;14996;15241;8.86;0.54;249.87;18.82;747;107;5236.00;245
14250;107;628810121;14250;260;14997;15241;8.87;0.54;249.86;18.84;747;107;5237.00;244
14250;107;628810136;14250;260;15000;15244;8.93;0.54;249.86;18.83;750;107;5238.00;244
14250;107;628810150;14250;262;15002;15244;8.91;0.54;249.86;18.85;752;107;5239.00;242
14250;107;628810164;14250;260;15002;15244;8.94;0.55;249.86;18.85;752;107;5240.00;242
14250;107;628810178;14250;259;15004;15244;8.96;0.55;249.86;18.88;754;107;5241.00;240
14252;107;628810202;14252;255;15008;15250;8.98;0.55;249.85;18.87;756;107;5242.00;242
14254;107;628810218;14254;255;15009;15250;8.92;0.54;249.84;18.88;755;107;5243.00;241
14255;107;628810231;14255;248;15012;15250;8.78;0.54;249.83;18.91;757;107;5244.00;238
14256;107;628810251;14256;241;15012;15250;8.57;0.52;249.82;18.91;756;107;5245.00;238
14259;107;628810270;14259;243;15016;15254;8.44;0.52;249.81;18.92;757;107;5246.00;238
14261;107;628810281;14261;248;15018;15255;8.36;0.51;249.80;18.93;757;107;5247.00;237
14262;107;628810291;14262;253;15019;15255;8.28;0.50;249.79;18.94;757;107;5248.00;236
14262;107;628810300;14262;258;15021;15256;8.24;0.50;249.79;18.95;759;107;5249.00;235
14265;107;628810312;14265;255;15021;15256;8.14;0.50;249.77;18.95;756;107;5250.00;235
14267;107;628810322;14267;252;15023;15256;8.07;0.49;249.76;18.97;756;107;5251.00;233
14268;107;628810332;14268;256;15023;15256;8.05;0.49;249.76;18.97;755;107;5252.00;233
14269;107;628810342;14269;252;15025;15256;8.03;0.49;249.75;18.99;756;107;5253.00;231
14272;107;628810352;14272;251;15025;15256;8.00;0.49;249.74;18.99;753;107;5254.00;231
14273;107;628810368;14273;251;15025;15256;8.01;0.49;249.73;18.99;752;107;5255.00;231
14275;107;628810378;14275;259;15065;15326;8.16;0.50;249.73;18.96;790;107;5256.00;261
14276;107;628810392;14276;250;15068;15327;8.16;0.50;249.74;18.96;792;107;5257.00;259
14277;107;628810403;14277;252;15076;15327;8.25;0.50;249.73;18.95;799;107;5258.00;251
14277;107;628810412;14277;250;15083;15327;8.22;0.50;249.73;18.94;806;107;5259.00;244
14280;107;628810422;14280;251;15090;15327;8.11;0.50;249.75;18.96;810;107;5260.00;237
14282;107;628810431;14282;254;15093;15327;8.09;0.50;249.73;18.95;811;107;5261.00;234
14286;107;628810440;14286;253;15097;15327;7.92;0.49;249.75;18.98;811;107;5262.00;230
14289;107;628810449;14289;258;15097;15327;7.86;0.48;249.74;18.98;808;107;5263.00;230
14295;107;628810459;14295;257;15100;15328;7.83;0.48;249.72;18.98;805;107;5264.00;228
14298;107;628810470;14298;260;15104;15330;7.75;0.48;249.76;19.01;806;107;5265.00;226
14302;107;628810480;14302;258;15105;15330;7.63;0.47;249.77;19.00;803;107;5266.00;225
14307;107;628810490;14307;266;15108;15334;7.54;0.46;249.77;19.00;801;107;5267.00;226
14311;107;628810501;14311;266;15110;15334;7.44;0.46;249.75;19.01;799;107;5268.00;224
14319;107;628810510;14319;270;15110;15334;7.27;0.45;249.75;19.01;791;107;5269.00;224
14322;107;628810520;14322;261;15111;15334;7.24;0.44;249.77;19.02;789;107;5270.00;223
14325;107;628810530;14325;259;15116;15340;7.28;0.45;249.74;19.02;791;107;5271.00;224
14330;107;628810541;14330;251;15117;15340;7.25;0.45;249.76;19.03;787;107;5272.00;223
14331;107;628810551;14331;248;15118;15340;7.35;0.45;249.76;19.03;787;107;5273.00;222
14334;107;628810561;14334;250;15121;15343;7.37;0.45;249.78;19.03;787;107;5274.00;222
14338;107;628810571;14338;248;15122;15343;7.36;0.45;249.77;19.03;784;107;5275.00;221
14342;107;628810581;14342;244;15122;15343;7.42;0.46;249.75;19.03;780;107;5276.00;221
14348;107;628810591;14348;237;15122;15344;7.50;0.46;249.76;19.03;774;107;5277.00;222
14351;107;628810601;14351;233;15124;15345;7.66;0.47;249.76;19.04;773;107;5278.00;221
14353;107;628810611;14353;223;15125;15345;7.79;0.48;249.77;19.04;772;107;5279.00;220
14357;107;628810624;14357;225;15144;15371;7.90;0.49;249.75;19.02;787;107;5280.00;227
14360;107;628810637;14360;221;15144;15371;8.09;0.50;249.77;19.02;784;107;5281.00;227
14366;107;628810648;14366;208;15146;15371;8.27;0.51;249.77;19.01;780;107;5282.00;225
14372;107;628810659;14372;208;15148;15372;8.45;0.52;249.77;19.01;776;107;5283.00;224
14377;107;628810670;14377;208;15148;15372;8.56;0.53;249.78;19.01;771;107;5284.00;224
14381;107;628810681;14381;208;15152;15376;8.65;0.53;249.79;19.01;771;107;5285.00;224
14387;107;628810692;14387;199;15152;15376;8.74;0.54;249.79;19.01;765;107;5286.00;224
14394;107;628810703;14394;205;15155;15379;8.80;0.54;249.85;19.00;761;107;5287.00;224
14399;107;628810715;14399;204;15155;15380;8.87;0.54;249.89;19.00;756;107;5288.00;225
14405;107;628810726;14405;201;15155;15380;8.85;0.54;249.89;19.00;750;107;5289.00;225
14410;107;628810736;14410;195;15155;15380;8.86;0.54;249.89;19.00;745;107;5290.00;225
14415;107;628810747;14415;194;15155;15380;8.89;0.54;249.87;19.00;740;107;5291.00;225
14419;107;628810758;14419;190;15166;15392;9.12;0.56;249.88;18.99;747;107;5292.00;226
14423;108;628810770;14423;191;15166;15392;9.21;0.56;249.89;18.99;743;108;5293.00;226
14428;108;628810790;14428;194;15166;15392;9.28;0.56;249.87;18.99;738;108;5294.00;226
14431;108;628810805;14431;192;15166;15392;9.35;0.57;249.87;18.99;735;108;5295.00;226
14434;108;628810816;14434;192;15166;15392;9.48;0.58;249.88;18.99;732;108;5296.00;226
14440;108;628810826;14440;199;15166;15392;9.57;0.58;249.89;18.99;726;108;5297.00;226
14443;108;628810837;14443;197;15166;15393;9.58;0.58;249.89;18.99;723;108;5298.00;227
14446;108;628810849;14446;194;15167;15393;9.59;0.58;249.88;19.17;721;108;5299.00;226
14452;108;628810863;14452;192;15171;15399;9.68;0.59;249.88;19.17;719;108;5300.00;228
14457;108;628810879;14457;188;15172;15400;9.66;0.59;249.87;19.17;715;108;5301.00;228
14461;108;628810893;14461;191;15173;15400;9.77;0.59;249.86;19.16;712;108;5302.00;227
14465;108;628810904;14465;192;15173;15400;9.84;0.60;249.92;19.16;708;108;5303.00;227
14472;108;628810916;14472;194;15176;15404;9.78;0.59;249.91;19.16;704;108;5304.00;228
14476;108;628810929;14476;191;15176;15404;9.84;0.60;249.90;19.16;700;108;5305.00;228
14479;108;628810941;14479;190;15176;15404;9.83;0.60;249.92;19.16;697;108;5306.00;228
14485;108;628810952;14485;186;15177;15405;9.81;0.59;249.95;19.16;692;108;5307.00;228
14486;108;628810964;14486;184;15180;15409;9.78;0.59;249.95;19.16;694;108;5308.00;229
14488;108;628810974;14488;183;15180;15409;9.72;0.59;249.97;19.16;692;108;5309.00;229
14491;108;628810987;14491;185;15183;15415;9.67;0.59;249.98;19.15;692;108;5310.00;232
14493;108;628810998;14493;189;15184;15415;9.61;0.58;249.99;19.15;691;108;5311.00;231
14497;108;628811009;14497;193;15185;15415;9.57;0.58;250.00;19.15;688;108;5312.00;230
14503;108;628811019;14503;200;15185;15415;9.56;0.58;250.01;19.15;682;108;5313.00;230
14504;108;628811030;14504;204;15188;15419;9.61;0.58;249.99;19.15;684;108;5314.00;231
14508;108;628811041;14508;207;15188;15419;9.64;0.59;250.02;19.15;680;108;5315.00;231
14512;108;628811052;14512;214;15189;15419;9.59;0.58;250.05;19.14;677;108;5316.00;230
14514;108;628811063;14514;205;15189;15419;9.53;0.58;250.05;19.14;675;108;5317.00;230
14517;108;628811079;14517;195;15190;15420;9.45;0.58;250.06;19.14;673;108;5318.00;230
14517;108;628811090;14517;190;15191;15421;9.52;0.58;250.06;19.14;674;108;5319.00;230
14522;108;628811101;14522;186;15191;15421;9.50;0.58;250.13;19.14;669;108;5320.00;230
14528;108;628811119;14528;188;15192;15422;9.54;0.58;250.16;19.14;664;108;5321.00;230
14531;108;628811131;14531;186;15192;15422;9.61;0.58;250.15;19.14;661;108;5322.00;230
14534;108;628811142;14534;190;15192;15422;9.61;0.58;250.18;19.14;658;108;5323.00;230
14538;108;628811153;14538;188;15192;15422;9.56;0.58;250.21;19.14;654;108;5324.00;230
14541;108;628811163;14541;192;15192;15422;9.47;0.57;250.20;19.14;651;108;5325.00;230
14546;108;628811174;14546;182;15192;15422;9.49;0.58;250.24;19.14;646;108;5326.00;230
14547;108;628811185;14547;178;15192;15422;9.52;0.58;250.26;19.14;645;108;5327.00;230
14552;108;628811195;14552;192;15262;15549;9.45;0.58;250.26;19.05;710;108;5328.00;287
14555;108;628811215;14555;175;15264;15550;9.47;0.58;250.29;19.05;709;108;5329.00;286
14556;108;628811226;14556;171;15271;15550;9.59;0.59;250.31;19.04;715;108;5330.00;279
14559;108;628811238;14559;158;15276;15550;9.71;0.60;250.31;19.04;717;108;5331.00;274
14561;108;628811249;14561;151;15281;15550;9.86;0.61;250.31;19.03;720;108;5332.00;269
14564;108;628811260;14564;148;15285;15550;10.03;0.62;250.32;19.03;721;108;5333.00;265
14567;108;628811271;14567;147;15290;15550;10.14;0.63;250.31;19.03;723;108;5334.00;260
14568;108;628811281;14568;139;15293;15550;10.26;0.63;250.30;19.02;725;108;5335.00;257
14568;108;628811292;14568;138;15298;15551;10.33;0.64;250.30;19.02;730;108;5336.00;253
14571;108;628811304;14571;138;15299;15552;10.34;0.64;250.30;19.02;728;108;5337.00;253
14573;108;628811318;14573;140;15301;15552;10.39;0.64;250.32;19.02;728;108;5338.00;251
14576;108;628811334;14576;137;15303;15553;10.40;0.64;250.32;19.02;727;108;5339.00;250
14579;108;628811348;14579;140;15306;15553;10.44;0.64;250.31;19.01;727;108;5340.00;247
14581;108;628811359;14581;146;15307;15553;10.42;0.64;250.32;19.01;726;108;5341.00;246
14585;108;628811370;14585;145;15309;15553;10.49;0.64;250.34;19.01;724;108;5342.00;244
14587;108;628811382;14587;149;15311;15557;10.56;0.65;250.34;19.01;724;108;5343.00;246
14590;108;628811393;14590;153;15314;15557;10.58;0.65;250.39;19.19;724;108;5344.00;243
14591;108;628811405;14591;156;15315;15557;10.55;0.65;250.40;19.19;724;108;5345.00;242
14593;108;628811416;14593;159;15318;15560;10.62;0.65;250.39;19.19;725;108;5346.00;242
14595;108;628811428;14595;164;15319;15560;10.65;0.65;250.38;19.19;724;108;5347.00;241
14598;108;628811439;14598;171;15320;15560;10.61;0.65;250.41;19.19;722;108;5348.00;240
14599;108;628811449;14599;172;15323;15564;10.59;0.65;250.41;19.18;724;108;5349.00;241
14600;108;628811461;14600;178;15324;15565;10.65;0.65;250.41;19.18;724;108;5350.00;241
14602;108;628811472;14602;178;15324;15565;10.66;0.65;250.39;19.18;722;108;5351.00;241
14603;108;628811482;14603;187;15327;15569;10.66;0.65;250.40;19.18;724;108;5352.00;242
14605;108;628811493;14605;189;15327;15569;10.63;0.65;250.39;19.18;722;108;5353.00;242
14607;108;628811504;14607;190;15327;15569;10.68;0.65;250.39;19.18;720;108;5354.00;242
14609;108;628811514;14609;191;15329;15571;10.69;0.65;250.38;19.18;720;108;5355.00;242
14614;108;628811525;14614;191;15329;15571;10.69;0.65;250.36;19.18;715;108;5356.00;242
14615;108;628811535;14615;194;15333;15577;10.66;0.65;250.36;19.17;718;108;5357.00;244
14616;109;628811546;14616;199;15333;15577;10.60;0.65;250.35;19.17;717;109;5358.00;244
14619;109;628811563;14619;195;15334;15577;10.63;0.65;250.32;19.17;715;109;5359.00;243
14622;109;628811585;14622;196;15334;15578;10.62;0.65;250.31;19.17;712;109;5360.00;244
14628;109;628811596;14628;200;15334;15578;10.62;0.65;250.31;19.17;706;109;5361.00;244
14632;109;628811606;14632;197;15334;15578;10.56;0.64;250.30;19.17;702;109;5362.00;244
14633;109;628811615;14633;199;15335;15578;10.56;0.64;250.31;19.36;702;109;5363.00;243
14636;109;628811625;14636;203;15345;15590;10.60;0.64;250.29;19.34;709;109;5364.00;245
14640;109;628811635;14640;203;15345;15590;10.59;0.64;250.29;19.34;705;109;5365.00;245
14643;109;628811645;14643;205;15346;15590;10.62;0.65;250.26;19.34;703;109;5366.00;244
14645;109;628811655;14645;202;15346;15590;10.64;0.65;250.24;19.34;701;109;5367.00;244
14646;109;628811664;14646;199;15346;15590;10.63;0.65;250.24;19.34;700;109;5368.00;244
14649;109;628811674;14649;200;15346;15590;10.65;0.65;250.22;19.34;697;109;5369.00;244
14649;109;628811686;14649;197;15349;15594;10.70;0.65;250.22;19.34;700;109;5370.00;245
14653;109;628811695;14653;199;15349;15594;10.71;0.65;250.20;19.34;696;109;5371.00;245
14655;109;628811704;14655;195;15353;15598;10.73;0.65;250.21;19.52;698;109;5372.00;245
14660;109;628811714;14660;193;15354;15599;10.67;0.65;250.23;19.52;694;109;5373.00;245
14661;110;628811730;14661;189;15355;15599;10.70;0.65;250.22;19.52;694;110;5374.00;244
14665;110;628811746;14665;185;15356;15599;10.64;0.65;250.20;19.53;691;110;5375.00;243
14667;110;628811757;14667;181;15365;15612;10.60;0.64;250.18;19.52;698;110;5376.00;247
14669;110;628811772;14669;182;15365;15612;10.64;0.65;250.17;19.52;696;110;5377.00;247
14671;110;628811782;14671;184;15367;15612;10.68;0.65;250.15;19.52;696;110;5378.00;245
14673;110;628811792;14673;190;15368;15613;10.72;0.65;250.14;19.51;695;110;5379.00;245
14674;110;628811802;14674;188;15368;15614;10.77;0.65;250.15;19.51;694;110;5380.00;246
14679;110;628811811;14679;188;15368;15614;10.76;0.65;250.12;19.51;689;110;5381.00;246
14679;110;628811821;14679;188;15371;15617;10.76;0.65;250.12;19.70;692;110;5382.00;246
14681;110;628811830;14681;190;15372;15617;10.76;0.65;250.10;19.70;691;110;5383.00;245
14683;110;628811839;14683;195;15372;15617;10.73;0.65;250.07;19.70;689;110;5384.00;245
14687;110;628811848;14687;194;15372;15617;10.74;0.65;250.08;19.70;685;110;5385.00;245
14689;110;628811858;14689;200;15376;15623;10.74;0.65;250.07;19.69;687;110;5386.00;247
14690;110;628811869;14690;186;15377;15623;10.69;0.65;250.06;19.88;687;110;5387.00;246
14691;110;628811878;14691;179;15378;15623;10.70;0.65;250.05;19.88;687;110;5388.00;245
14692;110;628811888;14692;171;15378;15623;10.68;0.65;250.04;19.88;686;110;5389.00;245
14693;110;628811898;14693;169;15381;15627;10.65;0.65;250.04;19.87;688;110;5390.00;246
14697;110;628811908;14697;166;15382;15628;10.66;0.65;250.04;19.87;685;110;5391.00;246
14698;110;628811918;14698;161;15382;15628;10.75;0.65;250.04;19.87;684;110;5392.00;246
14700;110;628811928;14700;153;15384;15629;10.83;0.66;250.04;19.88;684;110;5393.00;245
14702;110;628811944;14702;147;15384;15629;10.90;0.66;250.05;19.88;682;110;5394.00;245
14702;110;628811954;14702;144;15384;15629;11.04;0.67;250.05;19.88;682;110;5395.00;245
14703;110;628811964;14703;145;15385;15629;11.04;0.67;250.06;19.89;682;110;5396.00;244
14704;110;628811980;14704;151;15385;15629;11.03;0.67;250.10;19.89;681;110;5397.00;244
14706;110;628811995;14706;151;15385;15629;11.00;0.67;250.08;19.89;679;110;5398.00;244
14709;110;628812011;14709;154;15386;15629;11.01;0.67;250.08;19.90;677;110;5399.00;243
