step_arrived;step_collisions;step_duration;step_ended;step_halting;step_inserted;step_loaded;step_meanSpeed;step_meanSpeedRelative;step_meanTravelTime;step_meanWaitingTime;step_running;step_teleports;step_time;step_waiting
0;0;628415908;0;1;87;245;16.46;1.16;-1.00;0.00;87;0;0.00;158
0;0;628415937;0;0;98;245;15.80;1.10;-1.00;0.11;98;0;1.00;147
0;0;628415938;0;1;116;245;14.94;1.02;-1.00;0.41;116;0;2.00;129
0;0;628415940;0;1;131;245;13.65;0.92;-1.00;0.70;131;0;3.00;114
0;0;628415941;0;1;142;245;12.65;0.85;-1.00;0.96;142;0;4.00;103
0;0;628415942;0;4;149;245;11.89;0.80;-1.00;1.15;149;0;5.00;96
0;0;628415944;0;10;160;245;11.20;0.75;-1.00;1.48;160;0;6.00;85
0;0;628415945;0;10;167;245;10.61;0.71;-1.00;1.71;167;0;7.00;78
0;0;628415947;0;19;175;246;10.10;0.67;-1.00;2.00;175;0;8.00;71
0;0;628415949;0;20;178;247;9.81;0.65;-1.00;2.12;178;0;9.00;69
0;0;628415952;0;16;184;247;9.61;0.64;-1.00;2.38;184;0;10.00;63
0;0;628415954;0;25;191;248;9.27;0.61;-1.00;2.64;191;0;11.00;57
0;0;628415956;0;26;197;248;9.22;0.61;-1.00;2.92;197;0;12.00;51
1;0;628415958;1;29;203;248;9.04;0.59;13.00;3.22;202;0;13.00;45
1;0;628415961;1;34;207;248;9.12;0.59;13.00;3.40;206;0;14.00;41
1;0;628415963;1;37;211;252;9.00;0.58;13.00;3.55;210;0;15.00;41
1;0;628415967;1;42;213;252;9.07;0.58;13.00;3.60;212;0;16.00;39
1;0;628415970;1;48;217;252;9.08;0.58;13.00;3.85;216;0;17.00;35
1;0;628415973;1;50;221;255;9.20;0.58;13.00;4.02;220;0;18.00;34
2;0;628415976;2;55;223;255;9.21;0.58;16.00;4.16;221;0;19.00;32
2;0;628415978;2;61;227;255;9.31;0.59;16.00;4.37;225;0;20.00;28
2;0;628415981;2;64;232;259;9.56;0.60;16.00;4.39;230;0;21.00;27
3;0;628415985;3;67;238;260;9.67;0.61;18.00;4.68;235;0;22.00;22
3;0;628415988;3;71;241;260;9.71;0.61;18.00;4.91;238;0;23.00;19
4;0;628415991;4;74;245;264;9.73;0.61;19.50;5.03;241;0;24.00;19
4;0;628416001;4;77;249;264;9.66;0.60;19.50;5.18;245;0;25.00;15
6;0;628416004;6;77;250;264;9.70;0.60;21.33;5.23;244;0;26.00;14
6;0;628416007;6;80;254;265;9.62;0.60;21.33;5.39;248;0;27.00;11
6;0;628416011;6;82;256;265;9.60;0.59;21.33;5.57;250;0;28.00;9
6;0;628416014;6;87;261;271;9.51;0.59;21.33;5.48;255;0;29.00;10
6;0;628416020;6;88;264;271;9.39;0.58;21.33;5.66;258;0;30.00;7
7;0;628416023;7;91;265;272;9.19;0.57;22.29;5.64;258;0;31.00;7
7;0;628416026;7;93;266;272;9.02;0.56;22.29;5.74;259;0;32.00;6
7;0;628416030;7;100;267;272;8.99;0.55;22.29;5.84;260;0;33.00;5
8;0;628416033;8;103;268;272;8.84;0.55;23.75;5.85;260;0;34.00;4
9;0;628416036;9;106;268;272;8.75;0.54;24.33;5.85;259;0;35.00;4
10;0;628416039;10;110;280;284;8.94;0.55;25.10;5.60;270;0;36.00;4
10;0;628416044;10;116;280;284;8.84;0.55;25.10;5.60;270;0;37.00;4
10;0;628416047;10;119;280;284;8.80;0.54;25.10;5.60;270;0;38.00;4
10;0;628416050;10;120;280;284;8.75;0.54;25.10;5.60;270;0;39.00;4
11;0;628416053;11;121;280;284;8.59;0.53;26.18;5.60;269;0;40.00;4
12;0;628416057;12;124;280;284;8.46;0.53;27.42;5.60;268;0;41.00;4
13;0;628416060;13;128;284;288;8.38;0.52;28.15;5.54;271;0;42.00;4
14;0;628416063;14;130;284;288;8.11;0.50;29.07;5.54;270;0;43.00;4
15;0;628416066;15;133;287;292;7.98;0.49;28.67;5.49;272;0;44.00;5
16;0;628416070;16;137;289;294;7.88;0.49;29.25;5.45;273;0;45.00;5
16;0;628416073;16;141;290;294;7.75;0.48;29.25;5.44;274;0;46.00;4
17;0;628416076;17;139;290;294;7.71;0.48;29.94;5.44;273;0;47.00;4
17;0;628416079;17;141;302;307;7.89;0.49;29.94;5.23;285;0;48.00;5
17;0;628416084;17;142;302;307;7.79;0.48;29.94;5.23;285;0;49.00;5
19;0;628416087;19;142;302;307;7.69;0.47;32.00;5.23;283;0;50.00;5
19;0;628416091;19;147;303;308;7.68;0.47;32.00;5.21;284;0;51.00;5
20;0;628416094;20;148;304;309;7.59;0.47;33.00;5.20;284;0;52.00;5
20;0;628416100;20;149;304;309;7.59;0.47;33.00;5.20;284;0;53.00;5
20;0;628416104;20;152;306;312;7.60;0.47;33.00;5.17;286;0;54.00;6
20;0;628416108;20;154;306;312;7.46;0.46;33.00;5.17;286;0;55.00;6
22;0;628416111;22;143;307;312;7.53;0.47;34.05;5.16;285;0;56.00;5
25;0;628416115;25;139;307;312;7.41;0.46;35.16;5.16;282;0;57.00;5
25;0;628416119;25;139;312;318;7.44;0.46;35.16;5.09;287;0;58.00;6
25;0;628416123;25;138;312;318;7.49;0.46;35.16;5.09;287;0;59.00;6
25;0;628416127;25;140;313;318;7.54;0.47;35.16;5.08;288;0;60.00;5
26;0;628416131;26;142;313;318;7.63;0.47;36.15;5.08;287;0;61.00;5
27;0;628416134;27;143;317;322;7.70;0.48;37.11;5.03;290;0;62.00;5
28;0;628416137;28;148;318;323;7.88;0.49;38.04;5.02;290;0;63.00;5
29;0;628416141;29;149;318;323;8.03;0.49;38.83;5.02;289;0;64.00;5
30;0;628416144;30;151;319;324;8.01;0.49;38.30;5.00;289;0;65.00;5
31;0;628416155;31;152;319;324;7.96;0.49;38.13;5.00;288;0;66.00;5
31;0;628416159;31;140;319;324;7.91;0.48;38.13;5.00;288;0;67.00;5
31;0;628416162;31;137;319;324;7.89;0.48;38.13;5.00;288;0;68.00;5
32;0;628416171;32;135;319;324;7.90;0.48;39.09;5.00;287;0;69.00;5
32;0;628416175;32;133;319;324;8.03;0.49;39.09;5.00;287;0;70.00;5
33;0;628416178;33;129;319;324;8.12;0.50;40.06;5.00;286;0;71.00;5
33;0;628416181;33;134;353;394;8.24;0.51;40.06;4.52;320;0;72.00;41
34;0;628416190;34;126;354;395;8.41;0.52;40.88;4.51;320;0;73.00;41
34;0;628416200;34;119;361;395;8.89;0.54;40.88;4.46;327;0;74.00;34
35;0;628416204;35;116;363;395;9.16;0.56;41.26;4.45;328;0;75.00;32
35;0;628416208;35;112;368;395;9.53;0.58;41.26;4.45;333;0;76.00;27
37;0;628416218;37;110;371;395;9.62;0.59;42.97;4.45;334;0;77.00;24
37;0;628416234;37;109;375;395;9.70;0.59;42.97;4.47;338;0;78.00;20
38;0;628416238;38;107;377;395;9.73;0.59;43.47;4.48;339;0;79.00;18
39;0;628416248;39;111;380;396;9.87;0.60;44.31;4.49;341;0;80.00;16
40;0;628416259;40;111;381;397;9.91;0.60;45.23;4.48;341;0;81.00;16
41;0;628416263;41;112;382;397;9.93;0.60;46.12;4.49;341;0;82.00;15
41;0;628416267;41;117;386;401;9.79;0.59;46.12;4.46;345;0;83.00;15
41;0;628416271;41;119;386;401;9.77;0.59;46.12;4.46;345;0;84.00;15
42;0;628416275;42;119;386;401;9.77;0.59;47.05;4.46;344;0;85.00;15
42;0;628416279;42;120;386;401;9.71;0.59;47.05;4.46;344;0;86.00;15
42;0;628416283;42;123;390;407;9.65;0.59;47.05;4.42;348;0;87.00;17
43;0;628416288;43;125;390;407;9.59;0.58;48.00;4.42;347;0;88.00;17
46;0;628416292;46;126;391;407;9.54;0.58;50.37;4.42;345;0;89.00;16
47;0;628416297;47;131;394;413;9.47;0.57;51.21;4.39;347;0;90.00;19
47;0;628416302;47;132;395;413;9.41;0.57;51.21;4.38;348;0;91.00;18
50;0;628416305;50;139;395;413;9.33;0.57;53.64;4.38;345;0;92.00;18
50;0;628416309;50;139;397;414;9.38;0.57;53.64;4.37;347;0;93.00;17
53;0;628416313;53;140;398;415;9.46;0.58;55.92;4.36;345;0;94.00;17
58;0;628416317;58;141;399;415;9.48;0.58;57.93;4.36;341;0;95.00;16
60;0;628416321;60;140;409;428;9.39;0.57;59.20;4.25;349;0;96.00;19
61;0;628416326;61;139;410;428;9.44;0.57;59.77;4.24;349;0;97.00;18
61;0;628416330;61;139;410;428;9.45;0.57;59.77;4.24;349;0;98.00;18
62;0;628416334;62;136;411;429;9.58;0.58;60.40;4.23;349;0;99.00;18
62;0;628416339;62;130;411;429;9.67;0.59;60.40;4.23;349;0;100.00;18
64;0;628416348;64;128;413;433;9.76;0.59;61.66;4.22;349;0;101.00;20
64;0;628416353;64;122;413;433;9.82;0.60;61.66;4.22;349;0;102.00;20
64;0;628416357;64;118;418;437;9.79;0.60;61.66;4.18;354;0;103.00;19
65;0;628416362;65;113;418;437;9.86;0.60;62.31;4.18;353;0;104.00;19
65;0;628416367;65;109;418;437;9.99;0.61;62.31;4.18;353;0;105.00;19
67;0;628416372;67;102;418;437;10.05;0.61;63.27;4.18;351;0;106.00;19
67;0;628416377;67;95;418;437;10.12;0.62;63.27;4.18;351;0;107.00;19
67;0;628416382;67;92;429;449;10.13;0.62;63.27;4.08;362;0;108.00;20
68;0;628416387;68;87;430;449;10.08;0.61;63.94;4.07;362;0;109.00;19
68;0;628416392;68;82;430;449;10.18;0.62;63.94;4.07;362;0;110.00;19
70;0;628416397;70;75;430;449;10.33;0.63;65.23;4.07;360;0;111.00;19
70;0;628416402;70;73;430;449;10.50;0.64;65.23;4.07;360;0;112.00;19
71;0;628416407;71;76;430;449;10.55;0.64;65.85;4.07;359;0;113.00;19
71;0;628416413;71;77;431;450;10.69;0.65;65.85;4.06;360;0;114.00;19
71;0;628416419;71;72;431;450;10.86;0.66;65.85;4.06;360;0;115.00;19
71;0;628416424;71;71;436;456;11.03;0.67;65.85;4.29;365;0;116.00;20
73;0;628416430;73;70;438;457;11.28;0.69;67.07;4.28;365;0;117.00;19
75;0;628416436;75;72;439;457;11.39;0.69;67.79;4.37;364;0;118.00;18
75;0;628416442;75;73;441;457;11.47;0.70;67.79;4.73;366;0;119.00;16
77;0;628416450;77;74;445;462;11.61;0.71;69.10;4.69;368;0;120.00;17
77;0;628416463;77;78;448;462;11.63;0.71;69.10;5.14;371;0;121.00;14
78;0;628416470;78;78;448;462;11.62;0.71;69.77;5.14;370;0;122.00;14
78;0;628416488;78;79;449;463;11.64;0.71;69.77;5.13;371;0;123.00;14
80;0;628416495;80;80;453;467;11.56;0.71;70.96;5.10;373;0;124.00;14
81;0;628416502;81;83;455;467;11.56;0.71;71.63;5.47;374;0;125.00;12
82;0;628416509;82;85;458;470;11.64;0.71;72.05;5.55;376;0;126.00;12
83;0;628416516;83;87;461;470;11.65;0.71;72.28;5.80;378;0;127.00;9
85;0;628416522;85;91;462;470;11.72;0.72;73.22;5.91;377;0;128.00;8
87;0;628416529;87;92;464;470;11.72;0.72;73.68;6.10;377;0;129.00;6
87;0;628416536;87;94;467;474;11.77;0.72;73.68;6.13;380;0;130.00;7
90;0;628416542;90;95;469;474;11.77;0.72;74.91;6.14;379;0;131.00;5
91;0;628416549;91;96;470;474;11.73;0.72;75.53;6.26;379;0;132.00;4
92;0;628416554;92;95;471;474;11.73;0.72;75.52;6.25;379;0;133.00;3
96;0;628416560;96;97;473;475;11.67;0.71;76.53;6.31;377;0;134.00;2
96;0;628416567;96;100;475;477;11.67;0.71;76.53;6.28;379;0;135.00;2
99;0;628416573;99;103;476;477;11.60;0.71;78.30;6.36;377;0;136.00;1
99;0;628416580;99;106;477;478;11.58;0.71;78.30;6.34;378;0;137.00;1
99;0;628416586;99;111;478;478;11.56;0.71;78.30;6.37;379;0;138.00;0
100;0;628416592;100;109;478;478;11.61;0.71;78.19;6.37;378;0;139.00;0
101;0;628416600;101;112;478;478;11.53;0.71;78.80;6.37;377;0;140.00;0
101;0;628416608;101;114;478;478;11.44;0.70;78.80;6.37;377;0;141.00;0
103;0;628416615;103;116;478;478;11.32;0.70;79.31;6.37;375;0;142.00;0
103;0;628416623;103;117;478;478;11.38;0.70;79.31;6.37;375;0;143.00;0
106;0;628416630;106;134;550;605;11.11;0.70;80.89;5.54;444;0;144.00;55
107;0;628416663;107;127;555;606;11.13;0.70;80.81;5.50;448;0;145.00;51
109;0;628416671;109;123;564;606;11.20;0.70;81.01;5.44;455;0;146.00;42
112;0;628416678;112;124;567;606;11.14;0.70;82.55;5.43;455;0;147.00;39
115;0;628416685;115;125;569;606;11.05;0.69;83.95;5.43;454;0;148.00;37
115;0;628416693;115;123;573;606;11.00;0.69;83.95;5.42;458;0;149.00;33
117;0;628416702;117;121;575;611;10.93;0.68;85.03;5.42;458;0;150.00;36
118;0;628416712;118;119;578;611;10.94;0.68;85.28;5.43;460;0;151.00;33
119;0;628416719;119;121;582;612;11.04;0.69;85.75;5.45;463;0;152.00;30
120;0;628416733;120;123;583;613;11.10;0.69;86.31;5.46;463;0;153.00;30
124;0;628416740;124;124;587;613;11.10;0.69;88.21;5.49;463;0;154.00;26
126;0;628416747;126;124;590;614;11.01;0.68;88.65;5.49;464;0;155.00;24
127;0;628416754;127;129;594;614;10.98;0.68;89.18;5.53;467;0;156.00;20
131;0;628416760;131;132;597;614;10.91;0.68;90.07;5.57;466;0;157.00;17
133;0;628416768;133;138;601;614;10.90;0.68;91.05;5.63;468;0;158.00;13
135;0;628416774;135;142;604;618;10.83;0.67;90.99;5.65;469;0;159.00;14
136;0;628416781;136;146;608;618;10.71;0.67;90.96;5.67;472;0;160.00;10
139;0;628416788;139;149;608;618;10.52;0.65;91.78;5.67;469;0;161.00;10
140;0;628416794;140;149;611;621;10.45;0.65;91.42;5.67;471;0;162.00;10
142;0;628416801;142;148;612;621;10.25;0.64;92.43;5.68;470;0;163.00;9
142;0;628416808;142;148;613;621;10.22;0.64;92.43;5.70;471;0;164.00;8
146;0;628416813;146;147;616;625;10.17;0.63;93.54;5.68;470;0;165.00;9
148;0;628416821;148;149;618;626;10.07;0.62;94.32;5.69;470;0;166.00;8
149;0;628416828;149;143;618;626;9.95;0.62;94.58;5.69;469;0;167.00;8
150;0;628416835;150;141;622;630;9.90;0.62;94.94;5.65;472;0;168.00;8
155;0;628416843;155;141;624;630;9.68;0.60;96.68;5.68;469;0;169.00;6
159;0;628416850;159;139;624;630;9.52;0.59;96.65;5.68;465;0;170.00;6
159;0;628416856;159;136;625;631;9.53;0.59;96.65;5.68;466;0;171.00;6
159;0;628416869;159;132;627;631;9.47;0.59;96.65;5.74;468;0;172.00;4
159;0;628416876;159;132;631;637;9.52;0.59;96.65;5.71;472;0;173.00;6
161;0;628416883;161;129;631;637;9.49;0.58;97.27;5.71;470;0;174.00;6
162;0;628416889;162;125;634;638;9.49;0.59;97.45;5.74;472;0;175.00;4
162;0;628416897;162;130;635;638;9.48;0.58;97.45;5.77;473;0;176.00;3
163;0;628416904;163;125;636;638;9.52;0.59;97.93;5.78;473;0;177.00;2
165;0;628416911;165;123;637;638;9.56;0.59;98.73;5.78;472;0;178.00;1
165;0;628416916;165;118;637;638;9.64;0.60;98.73;5.78;472;0;179.00;1
166;0;628416924;166;121;667;672;9.70;0.60;98.78;5.52;501;0;180.00;5
168;0;628416932;168;107;668;672;9.74;0.60;98.60;5.53;500;0;181.00;4
169;0;628416938;169;112;669;672;9.76;0.60;99.09;5.52;500;0;182.00;3
170;0;628416944;170;119;669;672;9.82;0.61;99.55;5.52;499;0;183.00;3
171;0;628416951;171;126;670;672;9.86;0.61;99.54;5.52;499;0;184.00;2
174;0;628416957;174;131;671;672;9.91;0.61;100.28;5.52;497;0;185.00;1
177;0;628416963;177;138;676;676;9.92;0.61;101.29;5.49;499;0;186.00;0
177;0;628416970;177;136;676;676;9.85;0.61;101.29;5.49;499;0;187.00;0
178;0;628416976;178;141;679;680;9.78;0.60;101.03;5.47;501;0;188.00;1
183;0;628416983;183;150;681;681;9.61;0.59;101.03;5.46;498;0;189.00;0
187;0;628416990;187;160;681;681;9.43;0.58;101.34;5.46;494;0;190.00;0
188;1;628416997;188;165;681;681;9.26;0.57;101.33;5.46;493;1;191.00;0
190;1;628417022;190;172;694;694;9.21;0.57;101.89;5.36;504;1;192.00;0
192;1;628417030;192;180;694;694;9.12;0.56;102.25;5.36;502;1;193.00;0
195;1;628417036;195;184;694;694;9.02;0.55;102.31;5.36;499;1;194.00;0
198;1;628417042;198;186;695;695;8.94;0.55;102.24;5.35;497;1;195.00;0
200;1;628417049;200;190;696;696;8.91;0.54;101.77;5.34;496;1;196.00;0
203;1;628417055;203;193;696;696;8.76;0.53;101.97;5.34;493;1;197.00;0
205;1;628417062;205;199;698;699;8.61;0.53;101.60;5.33;493;1;198.00;1
209;1;628417075;209;202;698;699;8.42;0.51;101.73;5.33;489;1;199.00;1
212;1;628417083;212;206;699;699;8.29;0.51;101.63;5.32;487;1;200.00;0
214;1;628417097;214;212;699;699;8.19;0.50;101.65;5.32;485;1;201.00;0
214;1;628417105;214;213;704;705;8.18;0.50;101.65;5.29;490;1;202.00;1
214;1;628417113;214;217;704;705;8.07;0.49;101.65;5.29;490;1;203.00;1
215;1;628417121;215;216;705;705;8.00;0.49;101.33;5.29;490;1;204.00;0
216;1;628417129;216;218;705;705;7.86;0.48;101.78;5.29;489;1;205.00;0
218;1;628417138;218;225;709;709;7.85;0.48;102.05;5.27;491;1;206.00;0
219;1;628417149;219;229;710;710;7.79;0.48;101.71;5.26;491;1;207.00;0
219;1;628417165;219;232;710;710;7.69;0.47;101.71;5.26;491;1;208.00;0
221;1;628417175;221;237;711;711;7.59;0.46;101.27;5.25;490;1;209.00;0
222;1;628417188;222;239;711;711;7.49;0.46;100.89;5.25;489;1;210.00;0
223;1;628417197;223;246;711;711;7.40;0.46;101.37;5.25;488;1;211.00;0
223;1;628417205;223;252;711;711;7.38;0.46;101.37;5.25;488;1;212.00;0
225;1;628417212;225;258;711;711;7.35;0.45;102.18;5.25;486;1;213.00;0
227;1;628417220;227;258;711;711;7.32;0.45;102.70;5.25;484;1;214.00;0
229;1;628417229;229;260;711;711;7.28;0.45;102.24;5.25;482;1;215.00;0
229;1;628417239;229;272;754;781;7.48;0.47;102.24;4.95;525;1;216.00;27
229;1;628417258;229;253;756;782;7.50;0.47;102.24;4.94;527;1;217.00;26
230;1;628417270;230;247;761;782;7.61;0.47;102.47;4.92;531;1;218.00;21
231;1;628417281;231;231;764;782;7.77;0.48;102.35;4.92;533;1;219.00;18
233;1;628417288;233;218;766;782;7.92;0.49;102.73;4.91;533;1;220.00;16
235;1;628417295;235;213;770;782;8.15;0.50;103.39;4.91;535;1;221.00;12
235;1;628417303;235;203;771;782;8.37;0.52;103.39;4.92;536;1;222.00;11
236;1;628417310;236;192;773;782;8.59;0.53;103.86;4.92;537;1;223.00;9
239;1;628417318;239;184;776;783;8.70;0.53;104.92;4.93;537;1;224.00;7
241;1;628417326;241;179;778;785;8.79;0.54;105.87;4.92;537;1;225.00;7
244;1;628417334;244;162;780;785;8.95;0.55;106.80;4.93;536;1;226.00;5
245;1;628417342;245;151;785;789;9.16;0.56;107.29;4.92;540;1;227.00;4
245;1;628417351;245;138;786;789;9.44;0.58;107.29;4.93;541;1;228.00;3
247;1;628417365;247;130;789;789;9.67;0.59;107.50;4.95;542;1;229.00;0
248;1;628417379;248;126;789;789;9.86;0.60;107.98;4.95;541;1;230.00;0
249;1;628417393;249;114;794;795;10.00;0.61;107.90;4.93;545;1;231.00;1
251;1;628417403;251;107;794;795;10.26;0.63;108.05;4.93;543;1;232.00;1
253;1;628417411;253;101;795;795;10.49;0.64;108.34;4.92;542;1;233.00;0
254;1;628417420;254;98;797;798;10.75;0.66;108.79;4.91;543;1;234.00;1
256;1;628417429;256;98;798;798;10.98;0.67;109.10;4.91;542;1;235.00;0
257;1;628417438;257;89;798;798;11.17;0.68;109.57;4.91;541;1;236.00;0
258;1;628417452;258;87;799;799;11.27;0.69;110.02;4.90;541;1;237.00;0
259;1;628417461;259;85;800;800;11.42;0.69;109.68;4.90;541;1;238.00;0
260;1;628417473;260;85;800;800;11.51;0.70;109.46;4.90;540;1;239.00;0
265;1;628417493;265;92;823;826;11.34;0.69;110.83;4.76;558;1;240.00;3
268;1;628417505;268;89;823;826;11.46;0.70;111.84;4.76;555;1;241.00;3
272;1;628417518;272;87;824;826;11.58;0.70;112.91;4.76;552;1;242.00;2
275;1;628417537;275;87;826;827;11.70;0.71;113.96;4.75;551;1;243.00;1
278;1;628417545;278;88;827;827;11.77;0.72;114.59;4.75;549;1;244.00;0
280;1;628417554;280;88;830;831;11.76;0.72;114.97;4.73;550;1;245.00;1
280;1;628417567;280;88;830;831;11.86;0.72;114.97;4.73;550;1;246.00;1
282;1;628417578;282;95;835;835;11.90;0.73;115.05;4.71;553;1;247.00;0
282;2;628417588;282;98;835;835;12.02;0.73;115.05;4.71;553;2;248.00;0
288;2;628417603;288;96;835;835;12.06;0.73;116.34;4.71;547;2;249.00;0
289;2;628417617;289;95;835;835;12.22;0.74;116.30;4.71;546;2;250.00;0
291;2;628417625;291;96;835;835;12.27;0.75;116.95;4.71;544;2;251.00;0
293;2;628417633;293;99;846;847;12.29;0.75;117.27;4.65;553;2;252.00;1
294;2;628417642;294;100;846;847;12.34;0.75;117.24;4.65;552;2;253.00;1
295;3;628417650;295;102;847;847;12.37;0.75;117.22;4.65;552;3;254.00;0
298;3;628417669;298;105;847;847;12.40;0.75;117.74;4.65;549;3;255.00;0
301;3;628417677;301;106;847;847;12.38;0.75;117.96;4.65;546;3;256.00;0
305;3;628417685;305;111;847;847;12.36;0.75;118.85;4.65;542;3;257.00;0
307;3;628417693;307;111;848;848;12.29;0.75;119.12;4.65;541;3;258.00;0
309;3;628417702;309;112;848;848;12.38;0.75;119.09;4.65;539;3;259.00;0
310;4;628417715;310;112;853;854;12.39;0.75;119.00;4.62;543;4;260.00;1
314;4;628417735;314;109;854;855;12.47;0.76;120.04;4.62;540;4;261.00;1
314;4;628417754;314;107;855;855;12.52;0.76;120.04;4.62;541;4;262.00;0
314;4;628417767;314;108;855;855;12.51;0.76;120.04;4.62;541;4;263.00;0
319;4;628417778;319;108;859;859;12.49;0.76;119.98;4.60;540;4;264.00;0
319;4;628417792;319;110;859;859;12.53;0.76;119.98;4.60;540;4;265.00;0
320;4;628417805;320;112;859;859;12.53;0.76;120.35;4.60;539;4;266.00;0
326;4;628417817;326;114;860;860;12.57;0.76;121.36;4.59;534;4;267.00;0
328;4;628417837;328;116;864;864;12.41;0.75;121.37;4.58;536;4;268.00;0
332;4;628417860;332;114;864;864;12.39;0.75;122.05;4.58;532;4;269.00;0
338;4;628417873;338;111;867;870;12.40;0.75;122.80;4.56;529;4;270.00;3
339;4;628417884;339;112;867;870;12.50;0.76;122.82;4.56;528;4;271.00;3
340;4;628417894;340;105;868;870;12.62;0.76;122.83;4.56;528;4;272.00;2
341;4;628417904;341;103;868;870;12.66;0.77;122.74;4.56;527;4;273.00;2
342;4;628417914;342;99;871;874;12.74;0.77;122.98;4.55;529;4;274.00;3
343;4;628417924;343;93;871;874;12.87;0.78;123.00;4.55;528;4;275.00;3
346;4;628417936;346;88;872;874;13.05;0.79;123.41;4.55;526;4;276.00;2
348;4;628417948;348;83;872;874;13.17;0.80;123.12;4.55;524;4;277.00;2
351;5;628417959;351;81;874;875;13.25;0.80;123.62;4.55;523;5;278.00;1
352;5;628417985;352;75;875;876;13.42;0.81;123.80;4.54;523;5;279.00;1
356;5;628417994;356;72;876;876;13.42;0.81;123.90;4.54;520;5;280.00;0
359;5;628418004;359;70;877;877;13.45;0.81;124.62;4.54;518;5;281.00;0
360;5;628418014;360;69;877;877;13.39;0.81;124.45;4.54;517;5;282.00;0
362;5;628418023;362;67;877;877;13.34;0.81;125.19;4.54;515;5;283.00;0
364;5;628418033;364;68;877;877;13.32;0.81;124.98;4.54;513;5;284.00;0
364;5;628418043;364;70;877;877;13.30;0.81;124.98;4.54;513;5;285.00;0
364;5;628418052;364;73;877;877;13.29;0.81;124.98;4.54;513;5;286.00;0
365;5;628418061;365;75;877;877;13.22;0.81;125.03;4.54;512;5;287.00;0
365;5;628418069;365;98;946;1004;12.53;0.78;125.03;4.21;581;5;288.00;58
366;5;628418101;366;86;949;1005;12.48;0.77;125.33;4.20;583;5;289.00;56
368;5;628418111;368;83;955;1005;12.56;0.78;125.77;4.19;587;5;290.00;50
369;5;628418120;369;89;961;1005;12.57;0.78;125.63;4.18;592;5;291.00;44
370;5;628418137;370;89;967;1005;12.56;0.78;125.81;4.18;597;5;292.00;38
374;5;628418147;374;89;970;1005;12.55;0.78;126.66;4.18;596;5;293.00;35
375;5;628418157;375;93;974;1005;12.46;0.77;126.63;4.19;599;5;294.00;31
378;5;628418167;378;91;979;1005;12.41;0.77;127.06;4.20;601;5;295.00;26
383;6;628418177;383;94;981;1006;12.36;0.76;126.89;4.21;598;6;296.00;25
384;6;628418210;384;96;987;1007;12.42;0.77;126.94;4.24;603;6;297.00;20
388;6;628418222;388;99;989;1007;12.39;0.76;126.82;4.25;601;6;298.00;18
393;6;628418233;393;105;993;1008;12.27;0.76;127.65;4.27;600;6;299.00;15
393;6;628418248;393;111;995;1014;12.09;0.75;127.65;4.29;602;6;300.00;19
394;6;628418264;394;117;998;1014;11.85;0.73;128.01;4.30;604;6;301.00;16
398;6;628418275;398;126;1001;1014;11.60;0.71;128.69;4.33;603;6;302.00;13
398;6;628418285;398;133;1004;1018;11.51;0.71;128.69;4.33;606;6;303.00;14
402;6;628418302;402;140;1007;1018;11.30;0.70;129.54;4.35;605;6;304.00;11
403;6;628418313;403;155;1007;1018;11.19;0.69;129.43;4.35;604;6;305.00;11
405;6;628418322;405;160;1010;1021;11.09;0.68;129.93;4.36;605;6;306.00;11
407;6;628418333;407;167;1011;1021;11.00;0.68;129.62;4.36;604;6;307.00;10
409;6;628418344;409;176;1012;1021;10.88;0.67;130.38;4.36;603;6;308.00;9
411;6;628418353;411;177;1015;1025;10.71;0.66;130.52;4.35;604;6;309.00;10
414;6;628418366;414;180;1016;1026;10.52;0.65;131.02;4.35;602;6;310.00;10
415;6;628418375;415;189;1016;1026;10.34;0.64;131.05;4.35;601;6;311.00;10
418;6;628418387;418;196;1021;1030;10.13;0.62;131.10;4.34;603;6;312.00;9
418;6;628418400;418;196;1022;1030;9.94;0.61;131.10;4.35;604;6;313.00;8
420;6;628418413;420;200;1022;1030;9.82;0.61;131.44;4.35;602;6;314.00;8
422;6;628418423;422;209;1024;1032;9.70;0.60;131.69;4.34;602;6;315.00;8
422;6;628418436;422;213;1024;1032;9.64;0.60;131.69;4.34;602;6;316.00;8
423;7;628418448;423;218;1028;1038;9.60;0.59;131.90;4.33;605;7;317.00;10
428;7;628418482;428;223;1029;1038;9.41;0.58;132.29;4.34;601;7;318.00;9
431;7;628418492;431;218;1030;1039;9.23;0.57;132.89;4.34;599;7;319.00;9
436;7;628418501;436;219;1031;1039;9.09;0.56;133.72;4.36;595;7;320.00;8
437;7;628418511;437;221;1034;1039;8.98;0.55;133.48;4.40;597;7;321.00;5
441;7;628418521;441;220;1036;1039;8.88;0.55;134.07;4.41;595;7;322.00;3
443;7;628418540;443;221;1037;1039;8.81;0.54;133.98;4.44;594;7;323.00;2
446;7;628418559;446;225;1048;1051;8.79;0.54;134.43;4.40;602;7;324.00;3
448;7;628418569;448;227;1048;1051;8.79;0.54;134.93;4.40;600;7;325.00;3
451;7;628418577;451;223;1051;1051;8.79;0.54;135.23;4.43;600;7;326.00;0
454;7;628418585;454;222;1051;1051;8.74;0.54;135.76;4.43;597;7;327.00;0
456;7;628418603;456;222;1051;1051;8.75;0.54;135.74;4.43;595;7;328.00;0
456;7;628418611;456;227;1051;1051;8.80;0.54;135.74;4.43;595;7;329.00;0
458;7;628418621;458;231;1055;1055;8.74;0.54;135.67;4.42;597;7;330.00;0
460;7;628418629;460;230;1055;1055;8.73;0.53;135.77;4.42;595;7;331.00;0
463;7;628418637;463;230;1058;1059;8.71;0.53;136.10;4.41;595;7;332.00;1
466;7;628418646;466;233;1060;1060;8.61;0.53;136.90;4.40;594;7;333.00;0
470;7;628418656;470;235;1060;1060;8.53;0.52;137.34;4.40;590;7;334.00;0
472;7;628418665;472;241;1060;1060;8.37;0.51;138.18;4.40;588;7;335.00;0
474;7;628418675;474;241;1073;1073;8.18;0.50;139.02;4.35;599;7;336.00;0
479;7;628418686;479;242;1073;1073;7.97;0.49;139.25;4.35;594;7;337.00;0
483;7;628418696;483;248;1073;1073;7.73;0.47;139.59;4.35;590;7;338.00;0
486;7;628418705;486;252;1074;1074;7.51;0.46;140.49;4.34;588;7;339.00;0
492;7;628418714;492;253;1075;1075;7.23;0.44;141.00;4.34;583;7;340.00;0
494;7;628418722;494;251;1075;1075;7.07;0.43;141.31;4.34;581;7;341.00;0
496;7;628418729;496;248;1077;1078;7.07;0.44;141.96;4.33;581;7;342.00;1
500;7;628418738;500;249;1078;1078;6.97;0.43;142.31;4.33;578;7;343.00;0
503;7;628418747;503;248;1078;1078;6.99;0.43;143.15;4.33;575;7;344.00;0
507;7;628418761;507;251;1078;1078;6.94;0.43;143.75;4.33;571;7;345.00;0
512;7;628418768;512;254;1083;1084;6.92;0.43;144.75;4.31;571;7;346.00;1
515;7;628418775;515;247;1083;1084;6.86;0.42;144.98;4.31;568;7;347.00;1
517;7;628418782;517;242;1084;1084;6.90;0.42;145.39;4.31;567;7;348.00;0
519;7;628418789;519;238;1084;1084;6.89;0.42;145.47;4.31;565;7;349.00;0
522;7;628418796;522;242;1088;1088;6.90;0.42;145.60;4.30;566;7;350.00;0
525;7;628418802;525;239;1089;1089;6.94;0.42;145.35;4.30;564;7;351.00;0
528;7;628418809;528;239;1089;1089;6.97;0.43;145.25;4.30;561;7;352.00;0
530;7;628418816;530;240;1090;1090;7.01;0.43;144.88;4.29;560;7;353.00;0
534;7;628418827;534;253;1090;1090;7.01;0.43;144.54;4.29;556;7;354.00;0
536;7;628418835;536;255;1090;1090;7.03;0.43;144.34;4.29;554;7;355.00;0
542;7;628418841;542;253;1090;1090;7.04;0.43;144.37;4.29;548;7;356.00;0
543;7;628418848;543;249;1090;1090;7.04;0.43;144.15;4.29;547;7;357.00;0
545;7;628418854;545;248;1090;1090;7.04;0.43;143.92;4.29;545;7;358.00;0
546;7;628418861;546;247;1090;1090;6.99;0.43;143.79;4.29;544;7;359.00;0
548;7;628418869;548;258;1158;1215;7.40;0.46;143.77;4.04;610;7;360.00;57
549;7;628418887;549;253;1165;1216;7.44;0.46;143.90;4.02;616;7;361.00;51
550;7;628418895;550;246;1176;1216;7.59;0.47;143.77;4.01;626;7;362.00;40
550;7;628418902;550;247;1183;1216;7.54;0.47;143.77;4.00;633;7;363.00;33
550;7;628418909;550;254;1190;1216;7.50;0.46;143.77;4.00;640;7;364.00;26
553;7;628418916;553;252;1194;1216;7.46;0.46;143.56;4.00;641;7;365.00;22
553;7;628418924;553;253;1200;1216;7.45;0.46;143.56;4.01;647;7;366.00;16
554;7;628418931;554;257;1201;1216;7.40;0.46;143.62;4.01;647;7;367.00;15
555;7;628418939;555;259;1206;1217;7.36;0.46;143.72;4.03;651;7;368.00;11
555;7;628418946;555;265;1208;1218;7.29;0.45;143.72;4.03;653;7;369.00;10
556;7;628418954;556;268;1209;1218;7.20;0.45;143.72;4.03;653;7;370.00;9
557;7;628418963;557;258;1215;1222;7.18;0.44;143.50;4.03;658;7;371.00;7
559;7;628418972;559;251;1216;1222;7.20;0.44;143.29;4.04;657;7;372.00;6
561;7;628418980;561;246;1217;1222;7.27;0.45;143.71;4.05;656;7;373.00;5
562;7;628418996;562;241;1218;1222;7.36;0.45;143.70;4.06;656;7;374.00;4
562;7;628419004;562;240;1224;1228;7.50;0.46;143.70;4.05;662;7;375.00;4
563;7;628419014;563;238;1226;1228;7.59;0.47;143.60;4.06;663;7;376.00;2
564;7;628419023;564;240;1226;1228;7.71;0.47;143.88;4.06;662;7;377.00;2
565;7;628419038;565;235;1228;1231;7.89;0.48;143.79;4.05;663;7;378.00;3
567;7;628419048;567;234;1229;1231;7.96;0.49;144.19;4.07;662;7;379.00;2
567;7;628419057;567;231;1230;1231;8.10;0.49;144.19;4.06;663;7;380.00;1
569;7;628419072;569;233;1231;1232;8.12;0.50;144.29;4.06;662;7;381.00;1
571;7;628419089;571;235;1232;1233;8.16;0.50;143.99;4.06;661;7;382.00;1
573;7;628419100;573;234;1232;1233;8.20;0.50;144.01;4.06;659;7;383.00;1
575;7;628419111;575;233;1245;1246;8.31;0.50;144.09;4.02;670;7;384.00;1
575;7;628419123;575;233;1245;1246;8.42;0.51;144.09;4.02;670;7;385.00;1
575;7;628419133;575;238;1245;1246;8.49;0.52;144.09;4.02;670;7;386.00;1
576;7;628419143;576;231;1247;1247;8.59;0.52;143.89;4.03;671;7;387.00;0
578;7;628419153;578;220;1247;1247;8.66;0.53;143.68;4.03;669;7;388.00;0
579;7;628419163;579;214;1250;1251;8.78;0.53;143.79;4.02;671;7;389.00;1
580;7;628419175;580;209;1250;1251;8.86;0.54;144.08;4.02;670;7;390.00;1
582;7;628419186;582;207;1255;1255;8.95;0.54;144.06;4.01;673;7;391.00;0
584;7;628419197;584;197;1255;1255;9.05;0.55;144.35;4.01;671;7;392.00;0
585;7;628419208;585;193;1255;1255;9.16;0.56;144.53;4.01;670;7;393.00;0
588;7;628419220;588;188;1255;1255;9.28;0.56;144.92;4.01;667;7;394.00;0
589;7;628419231;589;189;1255;1255;9.47;0.58;145.09;4.01;666;7;395.00;0
590;7;628419243;590;169;1266;1267;9.69;0.59;145.21;3.98;676;7;396.00;1
594;7;628419257;594;152;1267;1267;9.94;0.60;146.05;3.98;673;7;397.00;0
597;7;628419275;597;137;1267;1267;10.16;0.62;146.61;3.98;670;7;398.00;0
599;7;628419292;599;121;1267;1267;10.29;0.62;147.11;3.98;668;7;399.00;0
601;7;628419306;601;108;1267;1267;10.48;0.64;147.44;3.98;666;7;400.00;0
605;7;628419323;605;100;1267;1267;10.62;0.65;147.57;3.98;662;7;401.00;0
608;7;628419337;608;103;1268;1268;10.83;0.66;147.76;3.97;660;7;402.00;0
610;7;628419356;610;100;1268;1268;11.05;0.67;148.37;3.97;658;7;403.00;0
611;7;628419367;611;96;1273;1274;11.29;0.69;148.73;3.96;662;7;404.00;1
616;7;628419379;616;94;1276;1276;11.44;0.70;149.36;3.95;660;7;405.00;0
621;7;628419390;621;94;1276;1276;11.58;0.71;149.88;3.95;655;7;406.00;0
622;7;628419402;622;92;1276;1276;11.67;0.71;150.15;3.95;654;7;407.00;0
624;7;628419413;624;95;1280;1280;11.81;0.72;150.44;3.94;656;7;408.00;0
628;7;628419425;628;96;1280;1280;11.88;0.72;151.06;3.94;652;7;409.00;0
631;7;628419435;631;98;1280;1280;11.89;0.72;151.61;3.94;649;7;410.00;0
631;7;628419452;631;96;1281;1281;11.97;0.73;151.61;3.94;650;7;411.00;0
633;7;628419462;633;99;1285;1285;11.93;0.73;152.01;3.93;652;7;412.00;0
636;7;628419475;636;100;1285;1285;11.94;0.73;152.44;3.93;649;7;413.00;0
637;7;628419485;637;103;1287;1288;12.04;0.74;152.76;3.92;650;7;414.00;1
640;7;628419496;640;98;1287;1288;12.17;0.74;153.41;3.92;647;7;415.00;1
642;7;628419506;642;98;1288;1288;12.30;0.75;153.91;3.92;646;7;416.00;0
646;7;628419516;646;97;1288;1288;12.38;0.76;154.95;3.92;642;7;417.00;0
647;7;628419527;647;97;1291;1292;12.41;0.76;155.36;3.92;644;7;418.00;1
650;7;628419538;650;95;1291;1292;12.48;0.76;155.76;3.92;641;7;419.00;1
655;7;628419551;655;98;1292;1292;12.51;0.77;156.32;3.92;637;7;420.00;0
658;7;628419572;658;97;1292;1292;12.51;0.77;157.26;3.92;634;7;421.00;0
662;7;628419583;662;97;1293;1293;12.59;0.77;158.04;3.91;631;7;422.00;0
665;7;628419595;665;98;1294;1294;12.59;0.77;158.18;3.91;629;7;423.00;0
666;7;628419606;666;95;1294;1294;12.67;0.77;158.52;3.91;628;7;424.00;0
671;7;628419617;671;93;1295;1295;12.74;0.78;159.06;3.91;624;7;425.00;0
675;7;628419628;675;95;1295;1295;12.76;0.78;159.17;3.91;620;7;426.00;0
679;7;628419639;679;92;1295;1295;12.76;0.78;159.13;3.91;616;7;427.00;0
683;7;628419649;683;95;1295;1295;12.70;0.77;159.46;3.91;612;7;428.00;0
688;7;628419659;688;94;1295;1295;12.70;0.77;160.16;3.91;607;7;429.00;0
692;7;628419669;692;92;1295;1295;12.70;0.77;159.99;3.91;603;7;430.00;0
694;7;628419679;694;93;1295;1295;12.83;0.78;160.39;3.91;601;7;431.00;0
697;7;628419688;697;124;1375;1422;11.94;0.74;160.82;3.68;678;7;432.00;47
700;7;628419709;700;111;1375;1423;12.02;0.74;161.01;3.68;675;7;433.00;48
703;7;628419719;703;102;1381;1423;12.19;0.75;161.26;3.68;678;7;434.00;42
709;7;628419730;709;98;1383;1423;12.31;0.76;161.34;3.67;674;7;435.00;40
714;7;628419740;714;101;1387;1423;12.39;0.76;161.58;3.68;673;7;436.00;36
715;7;628419756;715;103;1391;1423;12.48;0.77;161.71;3.68;676;7;437.00;32
719;7;628419781;719;108;1395;1423;12.40;0.76;162.11;3.69;676;7;438.00;28
721;7;628419807;721;110;1397;1423;12.46;0.76;162.45;3.69;676;7;439.00;26
724;7;628419822;724;117;1401;1424;12.57;0.77;162.88;3.70;677;7;440.00;23
728;7;628419836;728;117;1403;1425;12.63;0.77;163.10;3.71;675;7;441.00;22
732;7;628419851;732;117;1407;1425;12.59;0.77;163.33;3.73;675;7;442.00;18
736;7;628419865;736;112;1410;1426;12.57;0.77;163.66;3.74;674;7;443.00;16
740;7;628419875;740;109;1412;1426;12.48;0.76;163.83;3.75;672;7;444.00;14
742;7;628419886;742;112;1415;1426;12.35;0.75;163.70;3.77;673;7;445.00;11
745;7;628419897;745;114;1417;1426;12.30;0.75;164.20;3.78;672;7;446.00;9
745;7;628419908;745;108;1419;1430;12.27;0.75;164.20;3.79;674;7;447.00;11
746;7;628419929;746;111;1420;1430;12.26;0.75;164.26;3.80;674;7;448.00;10
753;7;628419948;753;109;1421;1430;12.22;0.75;164.52;3.80;668;7;449.00;9
755;7;628419965;755;113;1425;1436;12.28;0.75;164.64;3.80;670;7;450.00;11
758;7;628419976;758;112;1425;1436;12.25;0.75;165.29;3.80;667;7;451.00;11
760;8;628419987;760;112;1426;1436;12.32;0.75;165.19;3.81;666;8;452.00;10
762;8;628420018;762;114;1430;1440;12.30;0.75;165.08;3.80;668;8;453.00;10
763;8;628420030;763;111;1431;1441;12.34;0.75;165.03;3.80;668;8;454.00;10
763;8;628420041;763;112;1432;1441;12.41;0.76;165.03;3.80;669;8;455.00;9
764;8;628420053;764;115;1434;1445;12.40;0.76;164.94;3.80;670;8;456.00;11
768;8;628420064;768;112;1437;1445;12.37;0.76;164.54;3.83;669;8;457.00;8
769;8;628420074;769;120;1438;1445;12.32;0.75;164.45;3.83;669;8;458.00;7
773;8;628420085;773;124;1440;1446;12.32;0.75;164.53;3.83;667;8;459.00;6
774;8;628420102;774;127;1441;1446;12.22;0.75;164.58;3.85;667;8;460.00;5
777;8;628420114;777;127;1444;1452;12.14;0.74;165.25;3.84;667;8;461.00;8
780;9;628420125;780;129;1445;1452;12.02;0.73;165.12;3.84;665;9;462.00;7
781;9;628420156;781;132;1447;1453;11.91;0.73;165.19;3.86;666;9;463.00;6
786;9;628420167;786;134;1447;1453;11.80;0.72;164.98;3.86;661;9;464.00;6
788;9;628420177;788;137;1448;1453;11.65;0.71;165.40;3.87;660;9;465.00;5
788;9;628420187;788;142;1448;1453;11.50;0.70;165.40;3.87;660;9;466.00;5
790;9;628420197;790;143;1448;1453;11.45;0.70;165.51;3.87;658;9;467.00;5
790;9;628420207;790;150;1457;1465;11.38;0.69;165.51;3.84;667;9;468.00;8
795;9;628420219;795;152;1458;1465;11.30;0.69;165.41;3.86;663;9;469.00;7
796;9;628420229;796;154;1461;1465;11.30;0.69;165.43;3.86;665;9;470.00;4
800;9;628420239;800;160;1461;1465;11.21;0.68;165.25;3.86;661;9;471.00;4
801;9;628420249;801;165;1462;1465;11.10;0.68;165.44;3.87;661;9;472.00;3
806;9;628420259;806;172;1462;1465;10.98;0.67;165.81;3.87;656;9;473.00;3
809;9;628420270;809;173;1466;1469;10.87;0.66;165.61;3.87;657;9;474.00;3
810;9;628420280;810;181;1467;1469;10.80;0.66;165.65;3.88;657;9;475.00;2
813;9;628420290;813;190;1470;1473;10.72;0.65;165.58;3.87;657;9;476.00;3
814;9;628420306;814;195;1471;1474;10.63;0.65;165.70;3.87;657;9;477.00;3
816;9;628420316;816;202;1474;1474;10.54;0.64;165.76;3.88;658;9;478.00;0
819;9;628420331;819;204;1474;1474;10.37;0.63;165.54;3.88;655;9;479.00;0
824;9;628420342;824;214;1493;1500;10.16;0.62;165.59;3.83;669;9;480.00;7
825;9;628420355;825;217;1493;1500;10.02;0.61;165.63;3.83;668;9;481.00;7
826;9;628420364;826;224;1496;1500;9.88;0.60;165.62;3.82;670;9;482.00;4
827;9;628420373;827;227;1499;1501;9.77;0.60;165.48;3.82;672;9;483.00;2
830;9;628420383;830;233;1502;1502;9.61;0.59;165.57;3.82;672;9;484.00;0
831;9;628420393;831;237;1502;1502;9.37;0.58;165.69;3.82;671;9;485.00;0
833;9;628420408;833;247;1504;1505;9.20;0.56;165.74;3.81;671;9;486.00;1
833;9;628420418;833;249;1504;1505;9.08;0.56;165.74;3.81;671;9;487.00;1
838;9;628420426;838;256;1505;1505;8.97;0.55;165.58;3.81;667;9;488.00;0
839;9;628420435;839;256;1505;1505;8.88;0.55;165.47;3.81;666;9;489.00;0
842;9;628420443;842;253;1510;1511;8.81;0.54;165.40;3.80;668;9;490.00;1
844;9;628420452;844;257;1511;1511;8.74;0.54;165.39;3.80;667;9;491.00;0
846;9;628420461;846;255;1511;1511;8.59;0.53;165.68;3.80;665;9;492.00;0
847;9;628420469;847;261;1511;1511;8.51;0.53;165.88;3.80;664;9;493.00;0
848;9;628420478;848;265;1515;1515;8.46;0.52;165.81;3.79;667;9;494.00;0
851;9;628420486;851;266;1517;1517;8.45;0.52;165.53;3.79;666;9;495.00;0
855;9;628420496;855;266;1517;1517;8.38;0.52;165.28;3.79;662;9;496.00;0
859;9;628420510;859;267;1518;1518;8.37;0.52;165.44;3.79;659;9;497.00;0
860;9;628420519;860;271;1518;1518;8.31;0.51;165.33;3.79;658;9;498.00;0
862;9;628420526;862;272;1518;1518;8.28;0.51;165.50;3.79;656;9;499.00;0
866;9;628420535;866;274;1518;1518;8.18;0.50;165.19;3.79;652;9;500.00;0
870;9;628420547;870;272;1518;1518;8.05;0.49;164.86;3.79;648;9;501.00;0
873;9;628420555;873;272;1518;1518;7.97;0.49;164.76;3.79;645;9;502.00;0
876;9;628420563;876;272;1518;1518;7.85;0.48;165.28;3.79;642;9;503.00;0
880;9;628420571;880;277;1560;1588;7.97;0.49;165.54;3.69;680;9;504.00;28
882;9;628420585;882;278;1564;1589;7.89;0.49;166.05;3.68;682;9;505.00;25
887;9;628420594;887;279;1573;1589;7.83;0.48;166.13;3.67;686;9;506.00;16
892;9;628420603;892;281;1574;1589;7.67;0.47;166.32;3.67;682;9;507.00;15
894;9;628420611;894;281;1579;1589;7.64;0.47;166.97;3.67;685;9;508.00;10
898;9;628420618;898;281;1580;1589;7.48;0.46;167.40;3.67;682;9;509.00;9
900;9;628420628;900;272;1583;1589;7.42;0.46;167.70;3.67;683;9;510.00;6
903;9;628420635;903;271;1586;1589;7.38;0.45;168.19;3.68;683;9;511.00;3
906;9;628420645;906;264;1587;1590;7.28;0.45;168.75;3.68;681;9;512.00;3
909;9;628420653;909;266;1591;1591;7.28;0.45;169.25;3.69;682;9;513.00;0
912;9;628420661;912;266;1591;1591;7.19;0.44;169.63;3.69;679;9;514.00;0
915;9;628420670;915;270;1595;1595;7.18;0.44;169.40;3.68;680;9;515.00;0
919;9;628420678;919;278;1595;1595;7.14;0.44;169.81;3.68;676;9;516.00;0
920;9;628420686;920;275;1595;1595;7.14;0.44;169.65;3.68;675;9;517.00;0
922;9;628420695;922;272;1595;1595;7.13;0.44;170.27;3.68;673;9;518.00;0
923;9;628420703;923;271;1600;1601;7.22;0.44;170.18;3.67;677;9;519.00;1
924;9;628420711;924;270;1601;1601;7.31;0.45;170.45;3.67;677;9;520.00;0
928;9;628420719;928;274;1601;1601;7.29;0.45;171.03;3.67;673;9;521.00;0
930;9;628420728;930;269;1603;1604;7.35;0.45;171.28;3.67;673;9;522.00;1
934;9;628420736;934;249;1603;1604;7.38;0.45;171.57;3.67;669;9;523.00;1
936;9;628420747;936;241;1604;1604;7.46;0.46;171.81;3.67;668;9;524.00;0
940;9;628420756;940;231;1605;1605;7.55;0.46;172.14;3.66;665;9;525.00;0
942;9;628420765;942;229;1606;1606;7.66;0.47;172.57;3.66;664;9;526.00;0
947;9;628420774;947;224;1606;1606;7.77;0.47;172.44;3.66;659;9;527.00;0
952;9;628420784;952;222;1618;1619;7.90;0.48;172.61;3.63;666;9;528.00;1
957;10;628420802;957;215;1618;1619;8.00;0.49;172.95;3.63;661;10;529.00;1
959;10;628420824;959;208;1619;1619;8.13;0.50;173.12;3.63;660;10;530.00;0
963;11;628420835;963;204;1620;1620;8.27;0.50;173.68;3.63;657;11;531.00;0
965;11;628420858;965;199;1620;1620;8.43;0.51;173.92;3.63;655;11;532.00;0
969;11;628420868;969;190;1623;1624;8.50;0.52;173.95;3.63;654;11;533.00;1
972;12;628420878;972;186;1623;1624;8.54;0.52;174.12;3.63;651;12;534.00;1
975;12;628420900;975;181;1628;1628;8.61;0.53;174.21;3.62;653;12;535.00;0
979;12;628420917;979;187;1628;1628;8.57;0.52;174.25;3.62;649;12;536.00;0
982;12;628420935;982;187;1628;1628;8.58;0.52;174.44;3.62;646;12;537.00;0
989;12;628420948;989;184;1628;1628;8.57;0.52;174.83;3.62;639;12;538.00;0
991;12;628420959;991;178;1628;1628;8.66;0.53;174.76;3.62;637;12;539.00;0
995;12;628420971;995;182;1657;1662;8.70;0.53;174.91;3.56;662;12;540.00;5
996;12;628420991;996;180;1657;1662;8.73;0.54;174.96;3.56;661;12;541.00;5
1000;12;628421002;1000;183;1659;1662;8.79;0.54;174.97;3.55;659;12;542.00;3
1004;12;628421013;1004;188;1659;1662;8.78;0.54;174.92;3.55;655;12;543.00;3
1004;12;628421023;1004;184;1660;1662;8.85;0.54;174.92;3.55;656;12;544.00;2
1009;12;628421033;1009;184;1660;1662;8.91;0.55;174.67;3.55;651;12;545.00;2
1011;12;628421042;1011;186;1662;1663;9.01;0.55;174.68;3.55;651;12;546.00;1
1014;12;628421052;1014;188;1662;1663;9.07;0.56;174.59;3.55;648;12;547.00;1
1014;12;628421062;1014;192;1667;1669;9.10;0.56;174.59;3.55;653;12;548.00;2
1017;12;628421072;1017;190;1668;1670;9.15;0.56;174.73;3.55;651;12;549.00;2
1020;12;628421082;1020;193;1669;1670;9.21;0.56;174.86;3.55;649;12;550.00;1
1021;12;628421096;1021;193;1669;1670;9.25;0.56;175.00;3.55;648;12;551.00;1
1022;12;628421106;1022;193;1674;1674;9.34;0.57;175.09;3.54;652;12;552.00;0
1026;12;628421116;1026;194;1674;1674;9.38;0.57;175.26;3.54;648;12;553.00;0
1029;12;628421127;1029;194;1674;1674;9.41;0.57;175.54;3.54;645;12;554.00;0
1031;12;628421137;1031;195;1675;1675;9.45;0.57;175.71;3.54;644;12;555.00;0
1036;12;628421148;1036;198;1679;1679;9.48;0.57;175.92;3.53;643;12;556.00;0
1037;12;628421159;1037;187;1679;1679;9.56;0.58;176.19;3.53;642;12;557.00;0
1038;12;628421169;1038;180;1681;1682;9.60;0.58;176.28;3.53;643;12;558.00;1
1041;12;628421179;1041;170;1681;1682;9.67;0.59;176.61;3.53;640;12;559.00;1
1042;12;628421190;1042;170;1682;1682;9.76;0.59;176.88;3.53;640;12;560.00;0
1046;12;628421200;1046;165;1682;1682;9.83;0.60;177.10;3.53;636;12;561.00;0
1049;12;628421218;1049;161;1685;1686;9.93;0.60;177.58;3.52;636;12;562.00;1
1049;12;628421236;1049;157;1685;1686;10.12;0.62;177.58;3.52;636;12;563.00;1
1052;12;628421247;1052;159;1686;1686;10.30;0.63;177.85;3.52;634;12;564.00;0
1056;12;628421259;1056;157;1686;1686;10.39;0.63;178.22;3.52;630;12;565.00;0
1058;12;628421269;1058;138;1687;1687;10.56;0.64;178.34;3.52;629;12;566.00;0
1061;12;628421281;1061;125;1688;1688;10.74;0.65;178.48;3.52;627;12;567.00;0
1064;12;628421292;1064;116;1688;1688;10.88;0.66;178.98;3.52;624;12;568.00;0
1066;12;628421304;1066;111;1689;1689;11.05;0.67;179.44;3.52;623;12;569.00;0
1069;12;628421317;1069;106;1689;1689;11.25;0.68;179.63;3.52;620;12;570.00;0
1073;12;628421328;1073;105;1689;1689;11.44;0.70;179.78;3.52;616;12;571.00;0
1078;12;628421339;1078;97;1689;1689;11.55;0.70;180.09;3.52;611;12;572.00;0
1081;12;628421353;1081;96;1689;1689;11.70;0.71;180.35;3.52;608;12;573.00;0
1085;12;628421366;1085;92;1689;1689;11.88;0.72;180.27;3.52;604;12;574.00;0
1089;12;628421378;1089;86;1689;1689;12.08;0.73;180.89;3.52;600;12;575.00;0
1090;12;628421389;1090;109;1769;1816;11.80;0.73;180.78;3.36;679;12;576.00;47
1093;12;628421410;1093;95;1772;1817;11.91;0.73;181.16;3.36;679;12;577.00;45
1095;12;628421422;1095;83;1778;1817;12.09;0.74;181.51;3.35;683;12;578.00;39
1096;12;628421433;1096;73;1784;1817;12.21;0.75;181.57;3.35;688;12;579.00;33
1098;12;628421445;1098;71;1788;1817;12.24;0.75;181.90;3.35;690;12;580.00;29
1103;12;628421457;1103;76;1793;1817;12.26;0.75;182.64;3.36;690;12;581.00;24
1104;12;628421469;1104;82;1797;1817;12.22;0.75;182.73;3.36;693;12;582.00;20
1108;12;628421480;1108;80;1800;1817;12.17;0.75;183.55;3.37;692;12;583.00;17
1110;12;628421492;1110;89;1803;1818;12.15;0.75;183.55;3.38;693;12;584.00;15
1114;12;628421503;1114;94;1808;1820;12.06;0.74;183.89;3.38;694;12;585.00;12
1117;12;628421521;1117;101;1810;1820;12.07;0.74;184.15;3.39;693;12;586.00;10
1119;12;628421533;1119;106;1812;1821;12.04;0.74;184.39;3.39;693;12;587.00;9
1122;12;628421544;1122;117;1814;1821;12.09;0.74;184.43;3.40;692;12;588.00;7
1124;12;628421568;1124;124;1815;1821;12.08;0.74;184.73;3.41;691;12;589.00;6
1127;12;628421580;1127;122;1817;1821;12.14;0.74;185.10;3.42;690;12;590.00;4
1131;12;628421592;1131;124;1819;1825;12.13;0.74;185.03;3.42;688;12;591.00;6
1134;12;628421604;1134;128;1821;1825;12.18;0.75;185.36;3.43;687;12;592.00;4
1136;12;628421615;1136;126;1822;1825;12.25;0.75;185.43;3.44;686;12;593.00;3
1141;13;628421626;1141;129;1825;1828;12.38;0.76;185.85;3.44;684;13;594.00;3
1145;13;628421645;1145;126;1826;1828;12.52;0.77;186.36;3.44;681;13;595.00;2
1148;13;628421657;1148;124;1827;1828;12.65;0.77;186.38;3.44;679;13;596.00;1
1152;13;628421669;1152;127;1831;1832;12.72;0.78;186.51;3.44;679;13;597.00;1
1154;13;628421685;1154;128;1833;1833;12.87;0.78;186.47;3.43;679;13;598.00;0
1163;13;628421703;1163;126;1833;1833;12.89;0.78;186.92;3.43;670;13;599.00;0
1165;13;628421717;1165;130;1845;1859;12.72;0.77;186.92;3.41;680;13;600.00;14
1169;13;628421757;1169;124;1845;1859;12.80;0.78;186.94;3.41;676;13;601.00;14
1171;13;628421774;1171;129;1846;1859;12.82;0.78;186.88;3.41;675;13;602.00;13
1173;13;628421789;1173;130;1847;1860;12.89;0.78;186.89;3.41;674;13;603.00;13
1178;13;628421807;1178;136;1848;1860;12.86;0.78;187.47;3.41;670;13;604.00;12
1181;13;628421833;1181;134;1852;1866;12.82;0.78;187.56;3.41;671;13;605.00;14
1184;13;628421863;1184;133;1853;1866;12.82;0.78;187.83;3.41;669;13;606.00;13
1188;13;628421875;1188;132;1854;1867;12.82;0.78;187.82;3.41;666;13;607.00;13
1193;13;628421886;1193;130;1856;1867;12.75;0.77;187.89;3.41;663;13;608.00;11
1197;13;628421896;1197;130;1856;1867;12.67;0.77;187.81;3.41;659;13;609.00;11
1199;13;628421907;1199;125;1856;1867;12.65;0.77;187.83;3.41;657;13;610.00;11
1203;13;628421917;1203;127;1856;1867;12.63;0.77;187.91;3.41;653;13;611.00;11
1206;13;628421928;1206;124;1867;1879;12.65;0.77;188.04;3.40;661;13;612.00;12
1211;13;628421947;1211;121;1868;1879;12.57;0.76;188.25;3.40;657;13;613.00;11
1212;13;628421968;1212;116;1868;1879;12.63;0.77;188.20;3.40;656;13;614.00;11
1215;13;628421978;1215;109;1870;1879;12.64;0.77;188.42;3.41;655;13;615.00;9
1219;13;628421994;1219;107;1870;1879;12.74;0.77;188.51;3.41;651;13;616.00;9
1224;13;628422004;1224;103;1870;1879;12.83;0.78;188.47;3.41;646;13;617.00;9
1230;13;628422014;1230;99;1873;1883;12.88;0.78;188.81;3.41;643;13;618.00;10
1230;13;628422024;1230;96;1874;1883;12.97;0.78;188.81;3.41;644;13;619.00;9
1235;13;628422034;1235;91;1877;1887;13.08;0.79;188.78;3.41;642;13;620.00;10
1236;14;628422044;1236;92;1879;1888;13.21;0.80;188.83;3.41;643;14;621.00;9
1237;14;628422062;1237;93;1879;1888;13.27;0.80;188.74;3.41;642;14;622.00;9
1240;14;628422076;1240;97;1879;1888;13.31;0.80;189.09;3.41;639;14;623.00;9
1241;14;628422086;1241;96;1887;1901;13.22;0.80;188.97;3.39;646;14;624.00;14
1242;14;628422105;1242;96;1888;1901;13.12;0.79;189.23;3.40;646;14;625.00;13
1244;14;628422115;1244;95;1888;1901;13.07;0.79;189.39;3.40;644;14;626.00;13
1246;14;628422125;1246;101;1889;1902;12.97;0.78;189.40;3.40;643;14;627.00;13
1248;14;628422135;1248;101;1889;1903;12.80;0.77;189.50;3.40;641;14;628.00;14
1250;14;628422145;1250;101;1890;1903;12.68;0.77;189.67;3.42;640;14;629.00;13
1252;14;628422165;1252;106;1895;1909;12.74;0.77;189.68;3.43;643;14;630.00;14
1255;14;628422176;1255;110;1896;1909;12.68;0.77;189.42;3.43;641;14;631.00;13
1256;14;628422186;1256;112;1898;1909;12.59;0.76;189.37;3.43;642;14;632.00;11
1258;14;628422195;1258;115;1898;1909;12.50;0.76;189.23;3.43;640;14;633.00;11
1259;14;628422205;1259;120;1902;1915;12.54;0.76;189.10;3.43;643;14;634.00;13
1260;14;628422216;1260;123;1903;1915;12.46;0.75;189.12;3.45;643;14;635.00;12
1261;14;628422225;1261;124;1904;1915;12.41;0.75;189.38;3.45;643;14;636.00;11
1264;14;628422236;1264;125;1904;1915;12.31;0.75;189.53;3.45;640;14;637.00;11
1268;14;628422246;1268;132;1908;1919;12.23;0.74;189.57;3.44;640;14;638.00;11
1269;14;628422257;1269;140;1909;1920;12.10;0.73;189.53;3.44;640;14;639.00;11
1269;15;628422267;1269;150;1910;1920;11.91;0.72;189.53;3.45;641;15;640.00;10
1269;15;628422288;1269;159;1913;1921;11.69;0.71;189.53;3.48;644;15;641.00;8
1270;15;628422297;1270;161;1913;1921;11.59;0.71;189.65;3.48;643;15;642.00;8
1273;15;628422307;1273;169;1914;1921;11.49;0.70;189.51;3.49;641;15;643.00;7
1274;15;628422317;1274;174;1915;1921;11.34;0.69;189.46;3.50;641;15;644.00;6
1275;15;628422326;1275;178;1915;1921;11.16;0.68;189.37;3.50;640;15;645.00;6
1277;15;628422336;1277;185;1916;1921;10.94;0.67;189.23;3.50;639;15;646.00;5
1279;15;628422345;1279;187;1918;1921;10.74;0.66;189.16;3.54;639;15;647.00;3
1280;15;628422354;1280;207;1952;1991;10.64;0.65;189.04;3.48;672;15;648.00;39
1283;15;628422369;1283;207;1954;1992;10.40;0.64;188.88;3.50;671;15;649.00;38
1285;15;628422378;1285;209;1963;1992;10.24;0.63;188.87;3.49;678;15;650.00;29
1285;15;628422386;1285;213;1972;1992;10.03;0.62;188.87;3.49;687;15;651.00;20
1288;15;628422395;1288;217;1980;1992;9.92;0.61;188.97;3.49;692;15;652.00;12
1292;15;628422404;1292;228;1983;1992;9.80;0.60;188.78;3.50;691;15;653.00;9
1292;15;628422413;1292;228;1989;1992;9.71;0.60;188.78;3.50;697;15;654.00;3
1294;15;628422420;1294;233;1990;1992;9.52;0.59;188.88;3.51;696;15;655.00;2
1297;15;628422428;1297;240;1992;1993;9.37;0.58;188.72;3.51;695;15;656.00;1
1302;15;628422437;1302;246;1993;1994;9.20;0.56;188.50;3.51;691;15;657.00;1
1304;15;628422445;1304;258;1994;1994;9.02;0.55;188.36;3.51;690;15;658.00;0
1307;15;628422455;1307;262;1998;1998;8.80;0.54;188.27;3.50;691;15;659.00;0
1309;15;628422466;1309;267;1998;1998;8.68;0.53;188.16;3.50;689;15;660.00;0
1309;15;628422475;1309;268;1998;1998;8.58;0.53;188.16;3.50;689;15;661.00;0
1311;15;628422484;1311;269;1998;1998;8.46;0.52;188.02;3.50;687;15;662.00;0
1311;15;628422492;1311;274;2003;2004;8.42;0.52;188.02;3.50;692;15;663.00;1
1312;15;628422501;1312;276;2003;2004;8.32;0.51;188.04;3.50;691;15;664.00;1
1315;15;628422509;1315;277;2004;2004;8.21;0.50;188.00;3.50;689;15;665.00;0
1317;15;628422518;1317;284;2006;2007;8.17;0.50;187.89;3.49;689;15;666.00;1
1319;15;628422527;1319;287;2006;2007;8.04;0.49;188.00;3.49;687;15;667.00;1
1321;15;628422536;1321;290;2007;2007;7.90;0.48;187.90;3.49;686;15;668.00;0
1323;15;628422545;1323;292;2008;2008;7.81;0.48;187.87;3.49;685;15;669.00;0
1327;15;628422553;1327;293;2009;2009;7.76;0.47;187.47;3.49;682;15;670.00;0
1328;15;628422564;1328;300;2009;2009;7.69;0.47;187.43;3.49;681;15;671.00;0
1330;15;628422572;1330;306;2021;2022;7.61;0.46;187.53;3.47;691;15;672.00;1
1332;15;628422581;1332;306;2021;2022;7.48;0.46;187.61;3.47;689;15;673.00;1
1333;15;628422589;1333;305;2022;2022;7.41;0.45;187.59;3.47;689;15;674.00;0
1336;15;628422598;1336;287;2024;2024;7.25;0.44;187.61;3.47;688;15;675.00;0
1338;15;628422605;1338;273;2024;2024;7.17;0.44;187.99;3.47;686;15;676.00;0
1342;15;628422615;1342;265;2027;2028;7.20;0.44;188.12;3.46;685;15;677.00;1
1346;15;628422624;1346;261;2028;2028;7.14;0.44;188.06;3.46;682;15;678.00;0
1348;15;628422631;1348;255;2032;2032;7.07;0.43;188.14;3.46;684;15;679.00;0
1349;15;628422640;1349;251;2032;2032;7.06;0.43;188.29;3.46;683;15;680.00;0
1351;16;628422649;1351;240;2032;2032;7.06;0.43;188.59;3.46;681;16;681.00;0
1354;16;628422677;1354;232;2032;2032;7.04;0.43;188.76;3.46;678;16;682.00;0
1356;16;628422686;1356;219;2032;2032;7.06;0.44;188.85;3.46;676;16;683.00;0
1361;16;628422694;1361;213;2042;2044;7.22;0.44;189.35;3.44;681;16;684.00;2
1363;16;628422704;1363;218;2043;2044;7.41;0.46;189.66;3.44;680;16;685.00;1
1367;16;628422712;1367;217;2044;2044;7.56;0.46;189.83;3.44;677;16;686.00;0
1371;16;628422721;1371;210;2044;2044;7.72;0.47;190.32;3.44;673;16;687.00;0
1373;16;628422729;1373;207;2044;2044;7.88;0.48;190.64;3.44;671;16;688.00;0
1374;16;628422738;1374;201;2044;2044;8.07;0.49;190.79;3.44;670;16;689.00;0
1377;16;628422749;1377;198;2045;2045;8.18;0.50;191.26;3.44;668;16;690.00;0
1380;16;628422758;1380;190;2045;2045;8.37;0.51;191.58;3.44;665;16;691.00;0
1382;16;628422767;1382;186;2050;2051;8.51;0.52;191.67;3.43;668;16;692.00;1
1385;16;628422777;1385;181;2051;2052;8.64;0.53;191.91;3.43;666;16;693.00;1
1390;16;628422787;1390;183;2052;2052;8.83;0.54;192.40;3.43;662;16;694.00;0
1392;16;628422796;1392;178;2052;2052;8.97;0.55;192.36;3.43;660;16;695.00;0
1398;16;628422805;1398;172;2056;2056;9.03;0.55;192.41;3.42;658;16;696.00;0
1404;16;628422815;1404;174;2056;2056;9.06;0.55;192.59;3.42;652;16;697.00;0
1406;16;628422824;1406;176;2056;2056;9.12;0.56;192.49;3.42;650;16;698.00;0
1411;16;628422834;1411;169;2057;2057;9.19;0.56;192.57;3.42;646;16;699.00;0
1416;16;628422844;1416;163;2061;2061;9.31;0.57;192.75;3.42;645;16;700.00;0
1422;16;628422857;1422;161;2061;2061;9.37;0.57;192.66;3.42;639;16;701.00;0
1429;16;628422878;1429;157;2063;2064;9.51;0.58;192.74;3.41;634;16;702.00;1
1434;16;628422887;1434;146;2063;2064;9.56;0.58;192.98;3.41;629;16;703.00;1
1437;16;628422897;1437;140;2064;2064;9.65;0.59;192.89;3.41;627;16;704.00;0
1441;16;628422906;1441;135;2064;2064;9.65;0.59;193.22;3.41;623;16;705.00;0
1446;16;628422922;1446;132;2067;2068;9.70;0.59;193.33;3.41;621;16;706.00;1
1451;16;628422932;1451;131;2067;2068;9.74;0.59;193.43;3.41;616;16;707.00;1
1458;16;628422946;1458;125;2068;2068;9.74;0.59;193.51;3.41;610;16;708.00;0
1463;16;628422955;1463;126;2068;2068;9.72;0.59;193.56;3.41;605;16;709.00;0
1468;16;628422965;1468;129;2069;2069;9.69;0.59;193.86;3.41;601;16;710.00;0
1472;16;628422975;1472;126;2070;2070;9.66;0.59;194.09;3.41;598;16;711.00;0
1477;16;628422984;1477;130;2070;2070;9.63;0.58;194.13;3.41;593;16;712.00;0
1482;16;628422993;1482;128;2071;2071;9.72;0.59;194.37;3.40;589;16;713.00;0
1487;16;628423002;1487;130;2071;2071;9.75;0.59;194.62;3.40;584;16;714.00;0
1491;16;628423012;1491;130;2071;2071;9.84;0.59;194.95;3.40;580;16;715.00;0
1492;16;628423020;1492;131;2071;2071;9.89;0.60;195.16;3.40;579;16;716.00;0
1497;16;628423029;1497;132;2071;2071;9.92;0.60;195.46;3.40;574;16;717.00;0
1499;16;628423039;1499;134;2071;2071;10.04;0.61;195.42;3.40;572;16;718.00;0
1502;16;628423048;1502;132;2071;2071;10.15;0.61;195.77;3.40;569;16;719.00;0
1505;16;628423059;1505;183;2195;2301;10.03;0.63;196.05;3.21;690;16;720.00;106
1506;16;628423086;1506;177;2204;2302;10.10;0.63;196.17;3.20;698;16;721.00;98
1510;16;628423097;1510;164;2214;2302;10.16;0.64;196.55;3.20;704;16;722.00;88
1513;16;628423107;1513;156;2220;2302;10.15;0.64;196.89;3.20;707;16;723.00;82
1515;16;628423117;1515;158;2228;2302;10.13;0.63;196.89;3.20;713;16;724.00;74
1516;16;628423127;1516;152;2231;2302;10.06;0.63;196.86;3.20;715;16;725.00;71
1519;16;628423137;1519;152;2239;2302;10.03;0.62;197.24;3.21;720;16;726.00;63
1522;16;628423147;1522;151;2243;2302;9.97;0.62;197.31;3.22;721;16;727.00;59
1524;16;628423158;1524;153;2249;2303;9.93;0.62;197.30;3.23;725;16;728.00;54
1526;16;628423169;1526;154;2253;2304;9.96;0.62;197.33;3.24;727;16;729.00;51
1529;16;628423179;1529;159;2258;2304;9.92;0.61;197.31;3.26;729;16;730.00;46
1532;16;628423190;1532;163;2263;2305;9.90;0.61;197.62;3.27;731;16;731.00;42
1537;16;628423201;1537;165;2268;2305;9.81;0.60;197.68;3.29;731;16;732.00;37
1538;16;628423212;1538;174;2272;2305;9.82;0.60;197.81;3.30;734;16;733.00;33
1542;16;628423223;1542;170;2274;2305;9.82;0.60;197.90;3.31;732;16;734.00;31
1542;16;628423234;1542;174;2277;2309;9.84;0.61;197.90;3.32;735;16;735.00;32
1544;16;628423246;1544;165;2278;2309;9.97;0.61;197.91;3.32;734;16;736.00;31
1545;16;628423263;1545;158;2281;2309;10.04;0.62;198.05;3.34;736;16;737.00;28
1551;16;628423281;1551;151;2284;2312;10.05;0.61;198.30;3.35;733;16;738.00;28
1551;16;628423297;1551;149;2284;2312;10.16;0.62;198.30;3.35;733;16;739.00;28
1555;16;628423309;1555;149;2285;2312;10.23;0.63;198.46;3.36;730;16;740.00;27
1558;16;628423321;1558;150;2291;2316;10.27;0.63;198.77;3.37;733;16;741.00;25
1558;16;628423333;1558;153;2292;2317;10.45;0.64;198.77;3.37;734;16;742.00;25
1561;16;628423345;1561;159;2293;2317;10.59;0.65;199.08;3.37;732;16;743.00;24
1564;16;628423357;1564;154;2298;2321;10.72;0.66;199.28;3.38;734;16;744.00;23
1567;16;628423369;1567;154;2298;2321;10.90;0.67;199.18;3.38;731;16;745.00;23
1570;16;628423380;1570;153;2299;2321;11.00;0.67;199.51;3.38;729;16;746.00;22
1573;16;628423393;1573;152;2299;2322;11.15;0.68;199.73;3.38;726;16;747.00;23
1574;16;628423405;1574;150;2300;2322;11.33;0.69;199.86;3.39;726;16;748.00;22
1578;16;628423417;1578;148;2304;2328;11.35;0.69;199.98;3.39;726;16;749.00;24
1580;16;628423431;1580;151;2307;2328;11.44;0.70;200.01;3.40;727;16;750.00;21
1580;16;628423442;1580;148;2309;2329;11.54;0.71;200.01;3.41;729;16;751.00;20
1586;16;628423459;1586;148;2309;2329;11.61;0.71;200.61;3.41;723;16;752.00;20
1591;16;628423471;1591;145;2311;2329;11.65;0.71;200.67;3.41;720;16;753.00;18
1594;16;628423482;1594;144;2311;2329;11.75;0.72;200.73;3.41;717;16;754.00;18
1600;16;628423493;1600;139;2312;2329;11.77;0.72;201.00;3.41;712;16;755.00;17
1601;16;628423505;1601;146;2324;2341;11.85;0.72;201.13;3.40;723;16;756.00;17
1605;16;628423516;1605;146;2324;2341;11.93;0.73;201.50;3.40;719;16;757.00;17
1610;16;628423532;1610;150;2324;2341;11.99;0.73;201.49;3.40;714;16;758.00;17
1613;16;628423543;1613;151;2324;2341;12.12;0.74;201.75;3.40;711;16;759.00;17
1617;16;628423554;1617;153;2324;2341;12.15;0.74;201.72;3.40;707;16;760.00;17
1620;16;628423566;1620;154;2324;2341;12.17;0.74;201.72;3.40;704;16;761.00;17
1621;16;628423576;1621;154;2327;2345;12.20;0.74;201.71;3.39;706;16;762.00;18
1623;16;628423587;1623;156;2327;2345;12.20;0.74;201.80;3.39;704;16;763.00;18
1625;16;628423598;1625;158;2330;2349;12.22;0.74;201.93;3.39;705;16;764.00;19
1626;16;628423609;1626;163;2333;2351;12.20;0.74;202.01;3.39;707;16;765.00;18
1631;16;628423619;1631;162;2333;2351;12.12;0.74;202.02;3.39;702;16;766.00;18
1634;16;628423629;1634;164;2333;2351;12.11;0.74;201.95;3.39;699;16;767.00;18
1638;16;628423640;1638;168;2341;2364;12.11;0.74;201.98;3.38;703;16;768.00;23
1641;16;628423651;1641;167;2341;2364;12.06;0.73;202.13;3.38;700;16;769.00;23
1645;16;628423661;1645;169;2342;2364;12.05;0.73;202.30;3.38;697;16;770.00;22
1647;16;628423671;1647;170;2343;2365;12.08;0.73;202.23;3.37;696;16;771.00;22
1650;16;628423681;1650;170;2343;2366;12.10;0.74;202.48;3.37;693;16;772.00;23
1651;16;628423692;1651;170;2343;2366;12.04;0.73;202.48;3.37;692;16;773.00;23
1654;16;628423702;1654;164;2345;2369;12.02;0.73;202.55;3.37;691;16;774.00;24
1658;16;628423712;1658;165;2345;2369;11.98;0.73;202.63;3.37;687;16;775.00;24
1659;16;628423722;1659;167;2346;2369;12.04;0.73;202.67;3.37;687;16;776.00;23
1661;16;628423731;1661;170;2346;2369;11.99;0.73;202.65;3.37;685;16;777.00;23
1666;16;628423741;1666;167;2351;2375;12.00;0.73;202.49;3.39;685;16;778.00;24
1670;16;628423756;1670;163;2351;2375;11.96;0.73;202.35;3.39;681;16;779.00;24
1677;16;628423774;1677;161;2352;2375;11.97;0.73;202.52;3.39;675;16;780.00;23
1681;16;628423789;1681;157;2352;2375;11.98;0.73;202.31;3.39;671;16;781.00;23
1684;16;628423804;1684;152;2355;2379;11.92;0.72;202.30;3.39;671;16;782.00;24
1690;16;628423821;1690;146;2356;2380;11.78;0.72;202.67;3.39;666;16;783.00;24
1690;16;628423836;1690;146;2356;2380;11.78;0.72;202.67;3.39;666;16;784.00;24
1695;16;628423850;1695;141;2359;2381;11.73;0.72;202.71;3.40;664;16;785.00;22
1697;16;628423872;1697;138;2359;2381;11.77;0.72;202.74;3.40;662;16;786.00;22
1698;16;628423882;1698;134;2359;2381;11.85;0.72;202.82;3.40;661;16;787.00;22
1701;16;628423891;1701;133;2359;2381;11.89;0.72;202.85;3.40;658;16;788.00;22
1707;16;628423901;1707;128;2359;2381;11.85;0.72;202.69;3.40;652;16;789.00;22
1708;16;628423912;1708;127;2359;2381;11.86;0.72;202.61;3.40;651;16;790.00;22
1708;17;628423921;1708;130;2359;2381;11.94;0.73;202.61;3.40;651;17;791.00;22
1711;18;628423947;1711;134;2391;2451;11.94;0.73;202.64;3.35;680;18;792.00;60
1713;18;628423978;1713;135;2394;2452;11.96;0.73;202.50;3.38;681;18;793.00;58
1715;18;628423989;1715;135;2402;2452;12.03;0.74;202.50;3.38;687;18;794.00;50
1717;18;628423999;1717;139;2403;2452;12.00;0.73;202.47;3.38;686;18;795.00;49
1719;18;628424009;1719;142;2409;2452;11.97;0.73;202.38;3.41;690;18;796.00;43
1720;18;628424020;1720;141;2411;2452;11.96;0.73;202.30;3.41;691;18;797.00;41
1722;18;628424030;1722;146;2415;2452;11.88;0.73;202.26;3.44;693;18;798.00;37
1725;18;628424044;1725;147;2421;2452;11.76;0.72;202.30;3.48;696;18;799.00;31
1725;18;628424055;1725;146;2423;2453;11.66;0.71;202.30;3.48;698;18;800.00;30
1728;18;628424069;1728;152;2429;2454;11.67;0.71;202.07;3.52;701;18;801.00;25
1730;18;628424080;1730;154;2430;2454;11.55;0.71;201.97;3.52;700;18;802.00;24
1731;18;628424090;1731;161;2434;2458;11.41;0.70;201.99;3.55;703;18;803.00;24
1734;18;628424102;1734;163;2434;2458;11.22;0.68;201.83;3.55;700;18;804.00;24
1735;18;628424112;1735;171;2435;2458;11.02;0.67;201.84;3.59;700;18;805.00;23
1738;18;628424122;1738;177;2435;2458;10.83;0.66;201.77;3.59;697;18;806.00;23
1741;18;628424132;1741;186;2440;2464;10.68;0.65;201.65;3.62;699;18;807.00;24
1741;18;628424143;1741;198;2441;2464;10.56;0.65;201.65;3.62;700;18;808.00;23
1746;18;628424153;1746;205;2444;2464;10.40;0.63;201.45;3.70;698;18;809.00;20
1749;18;628424166;1749;211;2448;2470;10.28;0.63;201.52;3.71;699;18;810.00;22
1752;18;628424176;1752;220;2449;2470;10.16;0.62;201.37;3.75;697;18;811.00;21
1754;18;628424187;1754;230;2451;2470;10.02;0.61;201.29;3.76;697;18;812.00;19
1756;18;628424196;1756;235;2453;2471;9.89;0.60;201.20;3.77;697;18;813.00;18
1759;18;628424211;1759;240;2456;2472;9.71;0.59;201.01;3.84;697;18;814.00;16
1761;18;628424221;1761;244;2459;2472;9.57;0.58;201.00;3.89;698;18;815.00;13
1763;18;628424230;1763;253;2470;2485;9.37;0.57;200.98;3.89;707;18;816.00;15
1764;18;628424246;1764;261;2471;2485;9.22;0.56;200.97;3.93;707;18;817.00;14
1767;18;628424256;1767;269;2473;2485;9.04;0.55;200.77;3.97;706;18;818.00;12
1769;18;628424265;1769;277;2476;2486;8.88;0.54;200.75;4.00;707;18;819.00;10
1770;18;628424274;1770;282;2477;2486;8.71;0.53;200.76;4.02;707;18;820.00;9
1773;18;628424282;1773;285;2482;2490;8.56;0.52;200.67;4.02;709;18;821.00;8
1775;18;628424293;1775;289;2483;2490;8.43;0.52;200.63;4.03;708;18;822.00;7
1776;18;628424301;1776;299;2487;2494;8.33;0.51;200.58;4.03;711;18;823.00;7
1779;18;628424311;1779;310;2490;2494;8.16;0.50;200.33;4.04;711;18;824.00;4
1781;18;628424326;1781;319;2491;2494;8.01;0.49;200.23;4.04;710;18;825.00;3
1782;18;628424335;1782;326;2493;2494;7.82;0.48;200.22;4.04;711;18;826.00;1
1783;18;628424343;1783;320;2493;2494;7.62;0.47;200.18;4.04;710;18;827.00;1
1785;18;628424351;1785;315;2503;2506;7.50;0.46;200.33;4.03;718;18;828.00;3
1787;18;628424361;1787;312;2504;2506;7.46;0.46;200.34;4.03;717;18;829.00;2
1789;18;628424370;1789;306;2505;2506;7.52;0.46;200.39;4.03;716;18;830.00;1
1791;18;628424378;1791;301;2505;2506;7.54;0.46;200.44;4.03;714;18;831.00;1
1793;18;628424386;1793;295;2505;2506;7.60;0.47;200.52;4.03;712;18;832.00;1
1794;18;628424395;1794;291;2505;2506;7.73;0.47;200.47;4.03;711;18;833.00;1
1794;18;628424404;1794;280;2506;2507;7.80;0.48;200.47;4.03;712;18;834.00;1
1796;18;628424414;1796;275;2506;2507;7.97;0.49;200.41;4.03;710;18;835.00;1
1796;18;628424423;1796;272;2511;2513;8.16;0.50;200.41;4.02;715;18;836.00;2
1797;18;628424439;1797;266;2512;2514;8.27;0.51;200.48;4.02;715;18;837.00;2
1797;18;628424448;1797;264;2513;2514;8.39;0.51;200.48;4.02;716;18;838.00;1
1801;18;628424457;1801;264;2513;2514;8.40;0.51;200.51;4.02;712;18;839.00;1
1801;18;628424469;1801;261;2518;2519;8.49;0.52;200.51;4.01;717;18;840.00;1
1802;18;628424478;1802;258;2518;2519;8.48;0.52;200.63;4.01;716;18;841.00;1
1805;18;628424486;1805;256;2518;2519;8.38;0.52;200.56;4.01;713;18;842.00;1
1806;18;628424495;1806;258;2519;2520;8.36;0.51;200.67;4.01;713;18;843.00;1
1809;18;628424503;1809;257;2523;2524;8.31;0.51;200.57;4.00;714;18;844.00;1
1813;18;628424512;1813;261;2523;2524;8.27;0.51;200.91;4.00;710;18;845.00;1
1817;18;628424522;1817;252;2525;2527;8.27;0.51;200.93;4.00;708;18;846.00;2
1818;18;628424532;1818;247;2525;2527;8.35;0.51;201.04;4.00;707;18;847.00;2
1825;18;628424540;1825;243;2526;2527;8.31;0.51;201.38;4.00;701;18;848.00;1
1828;18;628424550;1828;237;2526;2527;8.32;0.51;201.41;4.00;698;18;849.00;1
1830;18;628424559;1830;233;2529;2531;8.38;0.52;201.33;4.00;699;18;850.00;2
1834;18;628424568;1834;222;2529;2531;8.40;0.52;201.41;4.00;695;18;851.00;2
1840;18;628424577;1840;215;2530;2531;8.41;0.52;201.49;4.00;690;18;852.00;1
1844;18;628424586;1844;210;2530;2531;8.39;0.51;201.55;4.00;686;18;853.00;1
1848;18;628424596;1848;205;2531;2532;8.36;0.51;201.66;3.99;683;18;854.00;1
1851;18;628424606;1851;197;2533;2534;8.41;0.51;201.65;3.99;682;18;855.00;1
1856;18;628424615;1856;190;2533;2534;8.39;0.51;201.93;3.99;677;18;856.00;1
1860;18;628424625;1860;178;2534;2535;8.46;0.52;202.06;3.99;674;18;857.00;1
1863;18;628424636;1863;172;2534;2535;8.57;0.53;202.24;3.99;671;18;858.00;1
1867;18;628424646;1867;163;2534;2535;8.65;0.53;202.33;3.99;667;18;859.00;1
1870;18;628424656;1870;156;2534;2535;8.77;0.54;202.35;3.99;664;18;860.00;1
1875;18;628424666;1875;159;2534;2535;8.83;0.54;202.49;3.99;659;18;861.00;1
1879;18;628424676;1879;157;2534;2535;8.88;0.54;202.65;3.99;655;18;862.00;1
1880;18;628424685;1880;153;2534;2535;9.03;0.55;202.59;3.99;654;18;863.00;1
1882;18;628424694;1882;165;2613;2662;9.21;0.57;202.54;3.87;731;18;864.00;49
1887;18;628424714;1887;160;2615;2663;9.27;0.57;202.39;3.87;728;18;865.00;48
1893;18;628424724;1893;157;2621;2663;9.38;0.58;202.56;3.86;728;18;866.00;42
1895;18;628424736;1895;161;2628;2663;9.55;0.59;202.63;3.86;733;18;867.00;35
1900;18;628424747;1900;155;2634;2663;9.62;0.59;202.76;3.86;734;18;868.00;29
1907;18;628424758;1907;151;2639;2663;9.64;0.59;202.92;3.86;732;18;869.00;24
1911;18;628424770;1911;149;2644;2663;9.70;0.60;202.95;3.87;733;18;870.00;19
1916;18;628424780;1916;155;2647;2663;9.64;0.59;203.16;3.87;731;18;871.00;16
1920;18;628424790;1920;155;2650;2664;9.56;0.59;203.47;3.87;730;18;872.00;14
1923;18;628424802;1923;153;2651;2665;9.55;0.59;203.53;3.88;728;18;873.00;14
1931;18;628424812;1931;166;2652;2665;9.43;0.58;203.56;3.88;721;18;874.00;13
1936;18;628424823;1936;171;2654;2666;9.32;0.58;203.76;3.88;718;18;875.00;12
1940;18;628424833;1940;178;2656;2666;9.32;0.57;203.73;3.89;716;18;876.00;10
1946;18;628424843;1946;176;2657;2666;9.31;0.57;203.83;3.89;711;18;877.00;9
1951;18;628424853;1951;180;2659;2666;9.29;0.57;204.16;3.90;708;18;878.00;7
1953;18;628424863;1953;184;2662;2670;9.31;0.57;204.18;3.90;709;18;879.00;8
1960;18;628424874;1960;186;2664;2670;9.29;0.57;204.59;3.91;704;18;880.00;6
1963;18;628424885;1963;187;2665;2670;9.36;0.57;204.67;3.91;702;18;881.00;5
1969;18;628424895;1969;190;2668;2673;9.46;0.58;204.67;3.91;699;18;882.00;5
1972;18;628424911;1972;195;2668;2673;9.59;0.59;204.84;3.91;696;18;883.00;5
1975;18;628424921;1975;196;2669;2673;9.80;0.60;204.74;3.91;694;18;884.00;4
1978;18;628424942;1978;196;2673;2677;9.94;0.61;204.75;3.90;695;18;885.00;4
1980;18;628424954;1980;199;2675;2678;10.04;0.61;204.79;3.90;695;18;886.00;3
1985;18;628424967;1985;198;2675;2678;10.12;0.62;204.94;3.90;690;18;887.00;3
1989;18;628424978;1989;200;2679;2682;10.11;0.62;205.24;3.90;690;18;888.00;3
1995;18;628424989;1995;198;2680;2682;10.11;0.62;205.53;3.93;685;18;889.00;2
1997;18;628424999;1997;200;2680;2682;10.10;0.62;205.59;3.93;683;18;890.00;2
2000;18;628425012;2000;201;2681;2683;10.12;0.62;205.77;3.93;681;18;891.00;2
2004;18;628425024;2004;205;2681;2683;10.05;0.61;206.03;3.93;677;18;892.00;2
2006;18;628425035;2006;205;2686;2689;9.98;0.61;206.08;3.92;680;18;893.00;3
2010;18;628425048;2010;210;2686;2689;9.84;0.60;206.37;3.92;676;18;894.00;3
2012;18;628425058;2012;207;2688;2690;9.76;0.59;206.42;3.92;676;18;895.00;2
2017;18;628425074;2017;212;2688;2690;9.64;0.59;206.61;3.92;671;18;896.00;2
2018;18;628425090;2018;205;2688;2690;9.68;0.59;206.69;3.92;670;18;897.00;2
2021;18;628425103;2021;199;2688;2690;9.67;0.59;206.88;3.92;667;18;898.00;2
2023;18;628425113;2023;193;2688;2690;9.76;0.59;206.80;3.92;665;18;899.00;2
2027;18;628425126;2027;202;2716;2736;9.68;0.59;206.81;3.88;689;18;900.00;20
2029;18;628425145;2029;198;2716;2736;9.76;0.60;206.91;3.88;687;18;901.00;20
2030;18;628425156;2030;194;2719;2736;9.85;0.60;206.97;3.88;689;18;902.00;17
2035;18;628425166;2035;191;2719;2736;9.94;0.61;207.36;3.88;684;18;903.00;17
2038;18;628425183;2038;188;2720;2736;10.00;0.61;207.43;3.88;682;18;904.00;16
2040;18;628425194;2040;184;2720;2736;10.04;0.61;207.53;3.88;680;18;905.00;16
2043;18;628425205;2043;166;2725;2740;10.10;0.62;207.59;3.88;682;18;906.00;15
2046;18;628425216;2046;155;2726;2740;10.17;0.62;207.69;3.88;680;18;907.00;14
2050;18;628425226;2050;143;2730;2744;10.25;0.63;207.92;3.88;680;18;908.00;14
2053;18;628425237;2053;137;2732;2745;10.37;0.63;208.02;3.88;679;18;909.00;13
2055;18;628425254;2055;133;2732;2745;10.53;0.64;208.07;3.88;677;18;910.00;13
2058;18;628425265;2058;128;2732;2745;10.62;0.65;208.22;3.88;674;18;911.00;13
2060;18;628425276;2060;128;2741;2758;10.76;0.66;208.27;3.87;681;18;912.00;17
2061;18;628425288;2061;123;2742;2758;10.92;0.67;208.34;3.88;681;18;913.00;16
2065;18;628425300;2065;117;2743;2758;11.01;0.67;208.56;3.89;678;18;914.00;15
2067;18;628425311;2067;112;2745;2759;11.05;0.67;208.59;3.89;678;18;915.00;14
2069;18;628425322;2069;110;2746;2760;11.03;0.67;208.58;3.89;677;18;916.00;14
2071;18;628425338;2071;110;2746;2760;11.01;0.67;208.57;3.89;675;18;917.00;14
2073;18;628425349;2073;110;2748;2763;10.98;0.67;208.67;3.89;675;18;918.00;15
2076;18;628425360;2076;112;2749;2763;10.91;0.66;208.70;3.89;673;18;919.00;14
2081;18;628425371;2081;120;2749;2763;10.93;0.66;208.77;3.89;668;18;920.00;14
2082;18;628425381;2082;121;2750;2763;10.89;0.66;208.79;3.90;668;18;921.00;13
2085;18;628425392;2085;121;2754;2769;10.83;0.66;208.90;3.89;669;18;922.00;15
2085;18;628425402;2085;120;2754;2769;10.84;0.66;208.90;3.89;669;18;923.00;15
2088;18;628425412;2088;124;2756;2769;10.86;0.66;208.91;3.90;668;18;924.00;13
2091;18;628425422;2091;118;2756;2769;10.87;0.66;208.89;3.90;665;18;925.00;13
2093;18;628425432;2093;127;2760;2773;10.85;0.66;208.82;3.90;667;18;926.00;13
2096;18;628425442;2096;134;2762;2774;10.85;0.66;208.82;3.91;666;18;927.00;12
2100;18;628425457;2100;134;2762;2774;10.87;0.66;208.62;3.91;662;18;928.00;12
2102;18;628425473;2102;136;2763;2775;11.00;0.67;208.59;3.91;661;18;929.00;12
2104;18;628425485;2104;139;2765;2775;11.03;0.67;208.72;3.92;661;18;930.00;10
2106;18;628425500;2106;143;2766;2775;11.06;0.67;208.69;3.92;660;18;931.00;9
2108;18;628425515;2108;145;2766;2775;11.10;0.67;208.61;3.92;658;18;932.00;9
2113;18;628425525;2113;149;2767;2775;11.15;0.68;208.64;3.93;654;18;933.00;8
2115;18;628425534;2115;155;2768;2775;11.15;0.68;208.64;3.93;653;18;934.00;7
2117;18;628425544;2117;158;2769;2775;11.28;0.68;208.65;3.94;652;18;935.00;6
2119;18;628425553;2119;172;2806;2845;11.06;0.67;209.02;3.88;687;18;936.00;39
2120;18;628425568;2120;168;2808;2846;11.05;0.67;208.99;3.89;688;18;937.00;38
2123;18;628425578;2123;165;2816;2846;11.06;0.67;209.08;3.91;693;18;938.00;30
2124;18;628425587;2124;168;2820;2846;11.19;0.68;209.02;3.91;696;18;939.00;26
2127;18;628425597;2127;170;2824;2846;11.26;0.69;209.14;3.91;697;18;940.00;22
2130;18;628425606;2130;170;2827;2846;11.33;0.69;209.15;3.91;697;18;941.00;19
2132;18;628425616;2132;174;2831;2846;11.32;0.69;209.26;3.91;699;18;942.00;15
2136;18;628425625;2136;170;2833;2846;11.31;0.69;209.33;3.92;697;18;943.00;13
2139;18;628425634;2139;174;2835;2847;11.34;0.69;209.31;3.92;696;18;944.00;12
2142;18;628425644;2142;176;2838;2849;11.34;0.69;209.23;3.91;696;18;945.00;11
2143;18;628425653;2143;170;2838;2849;11.31;0.69;209.17;3.91;695;18;946.00;11
2147;18;628425662;2147;171;2841;2853;11.24;0.68;209.17;3.91;694;18;947.00;12
2150;18;628425671;2150;175;2841;2853;11.19;0.68;209.14;3.91;691;18;948.00;12
2152;18;628425680;2152;176;2841;2853;11.10;0.68;209.09;3.91;689;18;949.00;12
2154;18;628425689;2154;172;2841;2853;10.96;0.67;209.29;3.91;687;18;950.00;12
2157;18;628425698;2157;172;2844;2859;10.89;0.67;209.22;3.91;687;18;951.00;15
2162;18;628425707;2162;170;2845;2859;10.86;0.66;209.14;3.91;683;18;952.00;14
2167;18;628425716;2167;167;2846;2859;10.77;0.66;209.02;3.92;679;18;953.00;13
2170;19;628425724;2170;164;2848;2862;10.82;0.66;208.94;3.92;678;19;954.00;14
2172;19;628425745;2172;167;2852;2862;10.80;0.66;208.81;3.95;680;19;955.00;10
2174;19;628425758;2174;164;2852;2862;10.79;0.66;208.76;3.95;678;19;956.00;10
2178;19;628425772;2178;163;2852;2863;10.71;0.65;208.58;3.95;674;19;957.00;11
2185;19;628425787;2185;168;2853;2864;10.70;0.65;208.70;3.94;668;19;958.00;11
2186;19;628425802;2186;167;2853;2864;10.69;0.65;208.72;3.94;667;19;959.00;11
2190;19;628425817;2190;170;2868;2890;10.66;0.65;208.57;3.92;678;19;960.00;22
2194;19;628425835;2194;168;2869;2890;10.62;0.65;208.45;3.92;675;19;961.00;21
2198;19;628425848;2198;170;2871;2890;10.58;0.64;208.38;3.92;673;19;962.00;19
2200;19;628425863;2200;171;2872;2891;10.62;0.65;208.26;3.92;672;19;963.00;19
2200;19;628425874;2200;174;2872;2891;10.66;0.65;208.26;3.92;672;19;964.00;19
2201;19;628425883;2201;178;2874;2895;10.75;0.65;208.18;3.92;673;19;965.00;21
2206;19;628425894;2206;179;2874;2895;10.77;0.66;208.02;3.92;668;19;966.00;21
2206;19;628425903;2206;181;2878;2899;10.73;0.65;208.02;3.91;672;19;967.00;21
2208;19;628425913;2208;187;2878;2899;10.67;0.65;207.96;3.91;670;19;968.00;21
2209;19;628425923;2209;192;2879;2899;10.56;0.64;207.92;3.94;670;19;969.00;20
2211;19;628425932;2211;195;2881;2899;10.45;0.64;207.82;3.97;670;19;970.00;18
2214;19;628425941;2214;200;2883;2899;10.30;0.63;207.73;3.98;669;19;971.00;16
2215;20;628425951;2215;204;2894;2911;10.24;0.63;207.69;3.98;679;20;972.00;17
2216;20;628425970;2216;200;2895;2911;10.12;0.62;207.74;3.97;679;20;973.00;16
2218;20;628425980;2218;200;2896;2911;10.06;0.62;207.78;3.99;678;20;974.00;15
2221;20;628425994;2221;205;2898;2911;9.95;0.61;207.83;3.99;677;20;975.00;13
2221;20;628426004;2221;213;2898;2911;9.84;0.60;207.83;3.99;677;20;976.00;13
2222;20;628426013;2222;219;2899;2911;9.68;0.59;207.81;4.00;677;20;977.00;12
2222;20;628426022;2222;225;2900;2912;9.52;0.59;207.81;4.00;678;20;978.00;12
2224;20;628426031;2224;216;2900;2912;9.45;0.58;207.82;4.00;676;20;979.00;12
2226;20;628426041;2226;208;2906;2918;9.38;0.58;207.82;4.02;680;20;980.00;12
2228;20;628426050;2228;207;2909;2919;9.34;0.57;208.02;4.03;681;20;981.00;10
2229;20;628426060;2229;204;2909;2919;9.31;0.57;208.06;4.03;680;20;982.00;10
2229;20;628426069;2229;205;2911;2919;9.29;0.57;208.06;4.05;682;20;983.00;8
2231;20;628426078;2231;206;2914;2923;9.22;0.57;208.03;4.04;683;20;984.00;9
2233;20;628426088;2233;205;2915;2923;9.21;0.57;207.95;4.05;682;20;985.00;8
2238;20;628426097;2238;207;2917;2923;9.16;0.56;207.88;4.06;679;20;986.00;6
2242;20;628426107;2242;214;2918;2924;9.11;0.56;207.83;4.06;676;20;987.00;6
2242;20;628426116;2242;216;2922;2928;9.09;0.56;207.83;4.07;680;20;988.00;6
2245;20;628426133;2245;214;2922;2928;9.09;0.56;207.79;4.07;677;20;989.00;6
2246;20;628426145;2246;215;2926;2934;9.08;0.56;207.82;4.07;680;20;990.00;8
2247;20;628426155;2247;213;2927;2934;9.09;0.56;207.74;4.07;680;20;991.00;7
2248;20;628426164;2248;212;2928;2934;9.11;0.56;207.77;4.08;680;20;992.00;6
2250;20;628426174;2250;215;2930;2934;9.05;0.55;207.73;4.08;680;20;993.00;4
2251;20;628426183;2251;217;2934;2938;9.04;0.55;207.73;4.08;683;20;994.00;4
2253;20;628426193;2253;221;2935;2938;8.98;0.55;207.80;4.08;682;20;995.00;3
2254;20;628426202;2254;223;2936;2938;8.93;0.55;207.83;4.08;682;20;996.00;2
2258;20;628426211;2258;222;2937;2938;8.89;0.54;207.73;4.08;679;20;997.00;1
2258;20;628426220;2258;226;2938;2939;8.76;0.54;207.73;4.08;680;20;998.00;1
2259;20;628426235;2259;226;2939;2940;8.62;0.53;207.73;4.08;680;20;999.00;1
2261;20;628426246;2261;228;2939;2940;8.51;0.52;207.78;4.08;678;20;1000.00;1
2262;20;628426261;2262;227;2940;2941;8.52;0.52;207.81;4.08;678;20;1001.00;1
2263;20;628426271;2263;225;2940;2941;8.45;0.52;207.94;4.08;677;20;1002.00;1
2265;20;628426280;2265;220;2940;2941;8.46;0.52;207.94;4.08;675;20;1003.00;1
2270;20;628426289;2270;220;2940;2941;8.37;0.51;208.04;4.08;670;20;1004.00;1
2271;20;628426298;2271;216;2940;2941;8.41;0.52;208.02;4.08;669;20;1005.00;1
2276;20;628426306;2276;218;2940;2941;8.34;0.51;207.95;4.08;664;20;1006.00;1
2279;20;628426315;2279;221;2940;2941;8.37;0.51;208.21;4.08;661;20;1007.00;1
2282;20;628426324;2282;234;3009;3068;8.48;0.53;208.24;3.98;727;20;1008.00;59
2283;20;628426343;2283;234;3011;3069;8.51;0.53;208.33;3.98;728;20;1009.00;58
2285;20;628426352;2285;230;3021;3069;8.72;0.54;208.35;3.98;736;20;1010.00;48
2290;20;628426361;2290;220;3027;3069;8.72;0.54;208.39;3.97;737;20;1011.00;42
2294;20;628426371;2294;223;3033;3069;8.70;0.54;208.47;3.97;739;20;1012.00;36
2297;20;628426380;2297;221;3037;3069;8.65;0.54;208.49;3.97;740;20;1013.00;32
2301;20;628426389;2301;223;3043;3069;8.56;0.53;208.44;3.98;742;20;1014.00;26
2307;20;628426398;2307;227;3046;3069;8.40;0.52;208.53;3.98;739;20;1015.00;23
2310;20;628426408;2310;233;3048;3070;8.32;0.51;208.42;3.98;738;20;1016.00;22
2315;20;628426425;2315;228;3051;3071;8.21;0.51;208.26;3.99;736;20;1017.00;20
2323;20;628426435;2323;233;3055;3071;8.14;0.50;208.69;4.00;732;20;1018.00;16
2324;20;628426446;2324;234;3058;3072;8.08;0.50;208.69;4.00;734;20;1019.00;14
2328;20;628426457;2328;230;3060;3072;8.00;0.50;208.77;4.00;732;20;1020.00;12
2333;21;628426466;2333;232;3061;3072;7.90;0.49;208.83;4.01;728;21;1021.00;11
2338;21;628426490;2338;226;3062;3072;7.89;0.49;208.96;4.01;724;21;1022.00;10
2341;21;628426500;2341;225;3067;3076;7.93;0.49;209.05;4.01;726;21;1023.00;9
2346;21;628426510;2346;223;3068;3076;7.94;0.49;209.18;4.01;722;21;1024.00;8
2348;21;628426526;2348;224;3070;3076;8.00;0.50;209.23;4.02;722;21;1025.00;6
2355;21;628426537;2355;217;3072;3079;8.03;0.50;209.37;4.02;717;21;1026.00;7
2359;21;628426548;2359;208;3073;3079;8.16;0.50;209.41;4.02;714;21;1027.00;6
2361;21;628426559;2361;203;3073;3079;8.26;0.51;209.39;4.02;712;21;1028.00;6
2365;21;628426575;2365;196;3079;3083;8.38;0.52;209.50;4.03;714;21;1029.00;4
2370;21;628426586;2370;191;3080;3084;8.53;0.52;209.49;4.03;710;21;1030.00;4
2373;21;628426596;2373;193;3081;3084;8.68;0.53;209.44;4.03;708;21;1031.00;3
2380;21;628426607;2380;184;3085;3088;8.82;0.54;209.71;4.02;705;21;1032.00;3
2382;21;628426618;2382;178;3085;3088;9.00;0.55;209.70;4.02;703;21;1033.00;3
2386;21;628426628;2386;172;3085;3088;9.07;0.55;209.88;4.02;699;21;1034.00;3
2392;21;628426647;2392;166;3087;3090;9.19;0.56;210.12;4.02;695;21;1035.00;3
2394;21;628426657;2394;163;3087;3090;9.41;0.57;210.23;4.02;693;21;1036.00;3
2397;21;628426668;2397;164;3092;3096;9.58;0.58;210.43;4.01;695;21;1037.00;4
2402;21;628426680;2402;169;3093;3096;9.74;0.59;210.60;4.01;691;21;1038.00;3
2406;21;628426691;2406;160;3094;3097;9.85;0.60;210.75;4.01;688;21;1039.00;3
2410;21;628426701;2410;160;3094;3097;9.94;0.61;210.85;4.01;684;21;1040.00;3
2415;21;628426712;2415;155;3094;3097;9.98;0.61;210.97;4.01;679;21;1041.00;3
2417;21;628426723;2417;156;3094;3097;9.93;0.60;211.12;4.01;677;21;1042.00;3
2423;21;628426733;2423;155;3094;3097;9.91;0.60;211.21;4.01;671;21;1043.00;3
2426;21;628426744;2426;155;3105;3109;9.98;0.61;211.22;4.00;679;21;1044.00;4
2431;21;628426757;2431;149;3106;3109;9.98;0.61;211.35;4.00;675;21;1045.00;3
2432;21;628426768;2432;147;3106;3109;10.06;0.61;211.40;4.00;674;21;1046.00;3
2437;21;628426779;2437;150;3106;3109;10.11;0.61;211.64;4.00;669;21;1047.00;3
2441;21;628426790;2441;154;3106;3109;10.17;0.62;211.75;4.00;665;21;1048.00;3
2449;21;628426801;2449;153;3106;3109;10.19;0.62;211.72;4.00;657;21;1049.00;3
2453;21;628426820;2453;152;3113;3115;10.22;0.62;211.85;4.02;660;21;1050.00;2
2457;21;628426831;2457;159;3113;3115;10.27;0.62;211.96;4.02;656;21;1051.00;2
2463;21;628426841;2463;161;3116;3119;10.28;0.63;212.05;4.02;653;21;1052.00;3
2465;21;628426853;2465;163;3118;3120;10.30;0.63;212.05;4.01;653;21;1053.00;2
2470;21;628426863;2470;168;3118;3120;10.33;0.63;212.21;4.01;648;21;1054.00;2
2472;21;628426873;2472;175;3118;3120;10.35;0.63;212.26;4.01;646;21;1055.00;2
2475;21;628426883;2475;173;3131;3133;10.33;0.63;212.31;4.00;656;21;1056.00;2
2480;21;628426894;2480;171;3131;3133;10.36;0.63;212.48;4.00;651;21;1057.00;2
2480;21;628426905;2480;168;3131;3133;10.45;0.64;212.48;4.00;651;21;1058.00;2
2484;21;628426915;2484;169;3132;3134;10.41;0.63;212.63;4.00;648;21;1059.00;2
2487;21;628426925;2487;166;3133;3135;10.43;0.63;212.77;4.00;646;21;1060.00;2
2489;21;628426935;2489;174;3133;3135;10.43;0.63;212.89;4.00;644;21;1061.00;2
2493;21;628426946;2493;179;3135;3138;10.44;0.63;212.90;3.99;642;21;1062.00;3
2499;21;628426962;2499;183;3135;3138;10.35;0.63;213.04;3.99;636;21;1063.00;3
2501;21;628426972;2501;184;3136;3138;10.37;0.63;213.27;3.99;635;21;1064.00;2
2504;21;628426982;2504;192;3136;3138;10.29;0.62;213.54;3.99;632;21;1065.00;2
2509;21;628426992;2509;194;3141;3144;10.18;0.62;213.62;3.99;632;21;1066.00;3
2511;21;628427002;2511;185;3141;3144;10.08;0.61;213.83;3.99;630;21;1067.00;3
2514;21;628427012;2514;186;3142;3144;9.99;0.61;213.96;3.99;628;21;1068.00;2
2517;21;628427021;2517;183;3142;3144;9.92;0.60;214.04;3.99;625;21;1069.00;2
2520;21;628427031;2520;184;3146;3148;9.88;0.60;214.16;3.98;626;21;1070.00;2
2526;21;628427041;2526;187;3147;3149;9.81;0.60;214.58;3.98;621;21;1071.00;2
2530;21;628427051;2530;186;3147;3149;9.84;0.60;214.58;3.98;617;21;1072.00;2
2532;21;628427060;2532;185;3148;3150;9.81;0.60;214.72;3.98;616;21;1073.00;2
2537;21;628427070;2537;182;3148;3150;9.76;0.60;214.88;3.98;611;21;1074.00;2
2541;21;628427079;2541;185;3148;3150;9.79;0.60;214.86;3.98;607;21;1075.00;2
2543;21;628427088;2543;171;3148;3150;9.84;0.60;214.90;3.98;605;21;1076.00;2
2547;21;628427097;2547;161;3148;3150;9.94;0.60;214.92;3.98;601;21;1077.00;2
2550;21;628427112;2550;155;3148;3150;10.08;0.61;215.02;3.98;598;21;1078.00;2
2553;21;628427121;2553;147;3148;3150;10.22;0.62;215.01;3.98;595;21;1079.00;2
2555;21;628427137;2555;165;3223;3275;9.98;0.61;215.05;3.89;668;21;1080.00;52
2557;21;628427157;2557;151;3225;3276;10.02;0.61;215.10;3.89;668;21;1081.00;51
2560;21;628427167;2560;139;3232;3276;10.20;0.63;215.03;3.88;672;21;1082.00;44
2562;21;628427177;2562;138;3235;3276;10.28;0.63;215.19;3.88;673;21;1083.00;41
2563;21;628427187;2563;127;3238;3276;10.41;0.64;215.23;3.88;675;21;1084.00;38
2567;21;628427196;2567;125;3243;3276;10.46;0.64;215.25;3.88;676;21;1085.00;33
2570;21;628427206;2570;120;3247;3276;10.52;0.65;215.20;3.89;677;21;1086.00;29
2573;21;628427217;2573;128;3249;3276;10.57;0.65;215.27;3.89;676;21;1087.00;27
2576;21;628427226;2576;128;3254;3277;10.60;0.65;215.20;3.89;678;21;1088.00;23
2576;21;628427236;2576;134;3257;3278;10.59;0.65;215.20;3.90;681;21;1089.00;21
2578;21;628427252;2578;132;3258;3278;10.52;0.65;215.23;3.90;680;21;1090.00;20
2581;21;628427262;2581;132;3263;3282;10.39;0.64;215.15;3.90;682;21;1091.00;19
2582;21;628427272;2582;135;3265;3282;10.31;0.63;215.12;3.90;683;21;1092.00;17
2583;21;628427281;2583;136;3267;3282;10.26;0.63;215.12;3.91;684;21;1093.00;15
2585;21;628427291;2585;138;3267;3282;10.25;0.63;215.06;3.91;682;21;1094.00;15
2587;21;628427301;2587;145;3271;3288;10.30;0.63;215.20;3.90;684;21;1095.00;17
2588;21;628427311;2588;150;3272;3288;10.40;0.64;215.22;3.90;684;21;1096.00;16
2590;21;628427320;2590;152;3272;3288;10.47;0.64;215.16;3.90;682;21;1097.00;16
2591;21;628427335;2591;158;3275;3291;10.60;0.65;215.13;3.90;684;21;1098.00;16
2595;21;628427344;2595;162;3275;3291;10.67;0.65;215.47;3.90;680;21;1099.00;16
2595;21;628427360;2595;160;3275;3291;10.73;0.65;215.47;3.90;680;21;1100.00;16
2597;22;628427372;2597;160;3275;3292;10.79;0.66;215.49;3.90;678;22;1101.00;17
2600;22;628427388;2600;161;3276;3293;10.85;0.66;215.55;3.90;676;22;1102.00;17
2602;22;628427398;2602;167;3276;3293;10.91;0.67;215.47;3.90;674;22;1103.00;17
2606;22;628427407;2606;166;3286;3306;10.84;0.66;215.28;3.89;680;22;1104.00;20
2606;22;628427417;2606;168;3286;3306;10.84;0.66;215.28;3.89;680;22;1105.00;20
2608;22;628427426;2608;171;3287;3306;10.87;0.67;215.24;3.91;679;22;1106.00;19
2609;22;628427435;2609;177;3288;3307;10.96;0.67;215.19;3.91;679;22;1107.00;19
2610;22;628427447;2610;179;3288;3307;11.03;0.68;215.16;3.91;678;22;1108.00;19
2612;22;628427456;2612;180;3291;3311;11.07;0.68;215.10;3.91;679;22;1109.00;20
2615;22;628427467;2615;178;3291;3311;11.05;0.68;214.99;3.91;676;22;1110.00;20
2619;22;628427476;2619;182;3295;3315;11.00;0.67;214.96;3.91;676;22;1111.00;20
2622;22;628427485;2622;179;3295;3315;11.04;0.67;214.85;3.91;673;22;1112.00;20
2627;22;628427494;2627;180;3295;3315;11.03;0.67;214.68;3.91;668;22;1113.00;20
2629;22;628427503;2629;182;3295;3315;11.00;0.67;214.63;3.91;666;22;1114.00;20
2632;22;628427511;2632;180;3295;3315;11.00;0.67;214.48;3.91;663;22;1115.00;20
2634;22;628427519;2634;184;3304;3327;11.00;0.67;214.41;3.90;670;22;1116.00;23
2636;22;628427529;2636;185;3304;3327;10.99;0.67;214.38;3.90;668;22;1117.00;23
2638;22;628427537;2638;184;3306;3327;10.97;0.67;214.61;3.90;668;22;1118.00;21
2639;22;628427546;2639;181;3306;3327;10.96;0.67;214.57;3.90;667;22;1119.00;21
2643;22;628427554;2643;181;3306;3327;10.96;0.67;214.49;3.90;663;22;1120.00;21
2647;22;628427563;2647;181;3307;3327;10.96;0.67;214.41;3.93;660;22;1121.00;20
2651;22;628427571;2651;177;3307;3328;11.00;0.67;214.41;3.93;656;22;1122.00;21
2652;22;628427579;2652;173;3309;3328;10.96;0.67;214.37;3.94;657;22;1123.00;19
2653;23;628427587;2653;167;3313;3334;10.96;0.67;214.34;3.94;660;23;1124.00;21
2654;23;628427608;2654;167;3317;3336;11.00;0.67;214.41;3.95;663;23;1125.00;19
2655;23;628427617;2655;170;3319;3336;11.08;0.67;214.37;3.97;664;23;1126.00;17
2659;23;628427626;2659;170;3319;3336;11.14;0.68;214.23;3.97;660;23;1127.00;17
2659;23;628427634;2659;167;3323;3340;11.19;0.68;214.23;3.98;664;23;1128.00;17
2661;23;628427643;2661;167;3323;3340;11.21;0.68;214.19;3.98;662;23;1129.00;17
2666;23;628427651;2666;164;3324;3340;11.18;0.68;214.09;3.99;658;23;1130.00;16
2667;23;628427663;2667;151;3325;3341;11.26;0.68;214.09;3.99;658;23;1131.00;16
2671;23;628427673;2671;141;3328;3345;11.35;0.69;213.95;3.99;657;23;1132.00;17
2672;23;628427682;2672;132;3329;3345;11.47;0.69;213.88;4.00;657;23;1133.00;16
2674;23;628427691;2674;125;3331;3348;11.57;0.70;213.86;4.00;657;23;1134.00;17
2674;23;628427700;2674;117;3333;3348;11.63;0.70;213.86;4.01;659;23;1135.00;15
2677;23;628427709;2677;111;3333;3348;11.64;0.70;213.87;4.01;656;23;1136.00;15
2678;23;628427718;2678;111;3334;3348;11.71;0.71;213.81;4.03;656;23;1137.00;14
2683;23;628427728;2683;111;3337;3352;11.72;0.71;213.79;4.03;654;23;1138.00;15
2684;23;628427737;2684;112;3337;3352;11.74;0.71;213.81;4.03;653;23;1139.00;15
2686;23;628427748;2686;111;3338;3352;11.72;0.71;213.81;4.03;652;23;1140.00;14
2688;23;628427770;2688;110;3338;3352;11.72;0.71;213.79;4.03;650;23;1141.00;14
2689;23;628427784;2689;108;3338;3353;11.68;0.71;213.78;4.03;649;23;1142.00;15
2691;23;628427806;2691;114;3339;3354;11.63;0.71;213.77;4.02;648;23;1143.00;15
2692;23;628427831;2692;117;3339;3354;11.59;0.70;213.75;4.02;647;23;1144.00;15
2693;23;628427845;2693;122;3340;3355;11.54;0.70;213.73;4.02;647;23;1145.00;15
2693;23;628427859;2693;128;3340;3355;11.52;0.70;213.73;4.02;647;23;1146.00;15
2694;23;628427873;2694;132;3340;3355;11.54;0.70;213.75;4.02;646;23;1147.00;15
2696;23;628427892;2696;137;3340;3355;11.59;0.71;213.71;4.02;644;23;1148.00;15
2698;23;628427902;2698;141;3340;3355;11.58;0.70;213.73;4.02;642;23;1149.00;15
2698;23;628427913;2698;145;3342;3355;11.50;0.70;213.73;4.05;644;23;1150.00;13
2700;23;628427923;2700;151;3342;3355;11.45;0.70;213.86;4.05;642;23;1151.00;13
2703;23;628427933;2703;168;3408;3482;11.24;0.69;213.81;3.97;705;23;1152.00;74
2705;23;628427954;2705;165;3411;3483;11.09;0.68;213.77;3.99;706;23;1153.00;72
2708;23;628427965;2708;168;3418;3483;11.04;0.68;213.76;3.99;710;23;1154.00;65
2709;23;628427976;2709;170;3424;3483;10.84;0.67;213.84;3.99;715;23;1155.00;59
2712;23;628427986;2712;171;3431;3483;10.78;0.66;213.90;4.00;719;23;1156.00;52
2714;23;628427996;2714;166;3436;3483;10.67;0.66;213.89;4.01;722;23;1157.00;47
2715;23;628428006;2715;171;3438;3483;10.55;0.65;213.90;4.01;723;23;1158.00;45
2716;23;628428016;2716;176;3443;3483;10.50;0.65;213.90;4.02;727;23;1159.00;40
2718;23;628428028;2718;188;3446;3484;10.49;0.65;213.93;4.03;728;23;1160.00;38
2722;23;628428039;2722;195;3451;3485;10.43;0.64;213.73;4.04;729;23;1161.00;34
2727;23;628428051;2727;195;3454;3485;10.36;0.64;213.67;4.04;727;23;1162.00;31
2730;23;628428071;2730;202;3458;3486;10.32;0.64;213.67;4.05;728;23;1163.00;28
2734;23;628428080;2734;209;3461;3486;10.23;0.63;213.57;4.06;727;23;1164.00;25
2736;23;628428091;2736;215;3464;3486;10.04;0.62;213.50;4.06;728;23;1165.00;22
2737;23;628428100;2737;217;3467;3486;9.88;0.61;213.47;4.07;730;23;1166.00;19
2740;23;628428110;2740;221;3474;3490;9.72;0.60;213.44;4.09;734;23;1167.00;16
2742;23;628428120;2742;228;3477;3490;9.54;0.59;213.50;4.10;735;23;1168.00;13
2743;23;628428130;2743;235;3479;3490;9.43;0.58;213.45;4.10;736;23;1169.00;11
2745;23;628428142;2745;236;3483;3496;9.37;0.58;213.55;4.10;738;23;1170.00;13
2748;23;628428152;2748;244;3483;3496;9.28;0.57;213.66;4.10;735;23;1171.00;13
2751;23;628428163;2751;244;3485;3496;9.21;0.57;213.59;4.10;734;23;1172.00;11
2754;23;628428182;2754;252;3489;3500;9.12;0.56;213.63;4.10;735;23;1173.00;11
2757;23;628428193;2757;248;3491;3501;9.12;0.56;213.54;4.09;734;23;1174.00;10
2758;23;628428204;2758;250;3491;3501;9.06;0.56;213.52;4.09;733;23;1175.00;10
2760;23;628428213;2760;250;3496;3505;9.10;0.56;213.54;4.09;736;23;1176.00;9
2760;23;628428224;2760;253;3497;3505;9.13;0.56;213.54;4.09;737;23;1177.00;8
2764;23;628428234;2764;253;3497;3505;9.14;0.56;213.60;4.09;733;23;1178.00;8
2766;23;628428245;2766;255;3498;3506;9.18;0.56;213.55;4.09;732;23;1179.00;8
2769;23;628428256;2769;255;3498;3506;9.20;0.56;213.51;4.09;729;23;1180.00;8
2771;23;628428266;2771;256;3503;3512;9.18;0.56;213.49;4.09;732;23;1181.00;9
2773;23;628428283;2773;250;3503;3512;9.12;0.56;213.56;4.09;730;23;1182.00;9
2779;23;628428293;2779;250;3505;3513;9.00;0.55;213.78;4.08;726;23;1183.00;8
2783;23;628428303;2783;248;3505;3513;8.97;0.55;213.91;4.08;722;23;1184.00;8
2789;23;628428313;2789;251;3505;3513;8.89;0.54;214.03;4.08;716;23;1185.00;8
2791;23;628428323;2791;250;3505;3513;8.90;0.54;213.98;4.08;714;23;1186.00;8
2797;23;628428334;2797;248;3505;3513;8.90;0.54;214.15;4.08;708;23;1187.00;8
2802;23;628428344;2802;249;3516;3525;8.87;0.54;214.30;4.07;714;23;1188.00;9
2805;23;628428355;2805;241;3517;3525;8.85;0.54;214.42;4.07;712;23;1189.00;8
2811;23;628428364;2811;233;3517;3525;8.78;0.54;214.69;4.07;706;23;1190.00;8
2816;23;628428374;2816;228;3517;3525;8.73;0.54;214.84;4.07;701;23;1191.00;8
2821;23;628428384;2821;227;3517;3525;8.80;0.54;214.99;4.07;696;23;1192.00;8
2826;24;628428395;2826;223;3517;3525;8.81;0.54;215.16;4.07;691;24;1193.00;8
2831;24;628428424;2831;216;3521;3529;8.87;0.54;215.30;4.07;690;24;1194.00;8
2836;24;628428435;2836;206;3521;3529;8.98;0.55;215.49;4.07;685;24;1195.00;8
2838;24;628428452;2838;201;3524;3533;9.11;0.56;215.55;4.06;686;24;1196.00;9
2842;24;628428464;2842;194;3525;3534;9.21;0.56;215.67;4.06;683;24;1197.00;9
2843;24;628428476;2843;187;3526;3534;9.33;0.57;215.78;4.06;683;24;1198.00;8
2851;24;628428486;2851;178;3526;3534;9.39;0.58;215.93;4.06;675;24;1199.00;8
2854;24;628428501;2854;176;3548;3575;9.35;0.57;215.99;4.04;694;24;1200.00;27
2858;24;628428522;2858;171;3550;3575;9.44;0.58;216.24;4.04;692;24;1201.00;25
2866;24;628428533;2866;168;3552;3575;9.49;0.58;216.47;4.03;686;24;1202.00;23
2869;24;628428543;2869;170;3556;3576;9.53;0.59;216.55;4.03;687;24;1203.00;20
2875;24;628428553;2875;167;3559;3577;9.49;0.58;216.85;4.03;684;24;1204.00;18
2880;24;628428563;2880;167;3560;3577;9.51;0.58;216.99;4.03;680;24;1205.00;17
2886;24;628428573;2886;166;3562;3580;9.61;0.59;217.00;4.03;676;24;1206.00;18
2894;24;628428583;2894;173;3562;3580;9.58;0.59;217.02;4.03;668;24;1207.00;18
2899;24;628428594;2899;174;3563;3580;9.57;0.58;217.06;4.03;664;24;1208.00;17
2902;24;628428603;2902;176;3564;3580;9.54;0.58;217.11;4.03;662;24;1209.00;16
2906;24;628428612;2906;174;3569;3586;9.50;0.58;217.31;4.03;663;24;1210.00;17
2910;24;628428622;2910;172;3571;3586;9.41;0.58;217.41;4.03;661;24;1211.00;15
2915;24;628428632;2915;174;3571;3586;9.37;0.57;217.38;4.03;656;24;1212.00;15
2922;24;628428642;2922;175;3572;3586;9.34;0.57;217.59;4.03;650;24;1213.00;14
2925;24;628428652;2925;175;3576;3590;9.34;0.57;217.60;4.03;651;24;1214.00;14
2932;24;628428662;2932;176;3578;3592;9.38;0.57;217.60;4.03;646;24;1215.00;14
2934;24;628428673;2934;172;3579;3592;9.44;0.58;217.62;4.03;645;24;1216.00;13
2940;24;628428682;2940;172;3580;3593;9.45;0.58;217.56;4.03;640;24;1217.00;13
2942;24;628428694;2942;172;3580;3593;9.46;0.58;217.62;4.03;638;24;1218.00;13
2945;24;628428712;2945;185;3580;3593;9.44;0.58;217.62;4.03;635;24;1219.00;13
2949;24;628428722;2949;187;3580;3593;9.38;0.57;217.76;4.03;631;24;1220.00;13
2955;24;628428732;2955;190;3580;3593;9.25;0.56;217.65;4.03;625;24;1221.00;13
2957;24;628428749;2957;196;3581;3593;9.13;0.56;217.71;4.03;624;24;1222.00;12
2962;24;628428759;2962;200;3581;3593;9.00;0.55;217.76;4.03;619;24;1223.00;12
2966;24;628428770;2966;213;3623;3663;8.80;0.54;217.76;3.99;657;24;1224.00;40
2970;24;628428800;2970;212;3624;3664;8.76;0.53;217.75;3.99;654;24;1225.00;40
2972;24;628428811;2972;211;3628;3664;8.92;0.54;217.86;3.98;656;24;1226.00;36
2974;24;628428819;2974;219;3628;3664;8.95;0.54;217.91;3.98;654;24;1227.00;36
2976;24;628428828;2976;219;3635;3666;9.01;0.55;217.94;3.99;659;24;1228.00;31
2978;24;628428839;2978;223;3637;3666;9.05;0.55;218.03;3.99;659;24;1229.00;29
2980;24;628428850;2980;230;3640;3666;9.09;0.55;218.00;3.99;660;24;1230.00;26
2983;24;628428860;2983;232;3641;3666;9.05;0.55;218.15;3.99;658;24;1231.00;25
2984;24;628428869;2984;242;3645;3667;9.00;0.55;218.13;4.00;661;24;1232.00;22
2987;24;628428879;2987;245;3649;3668;8.90;0.54;218.23;4.01;662;24;1233.00;19
2988;24;628428893;2988;251;3652;3668;8.85;0.54;218.29;4.01;664;24;1234.00;16
2990;24;628428903;2990;257;3659;3672;8.68;0.53;218.35;4.01;669;24;1235.00;13
2991;24;628428913;2991;264;3659;3672;8.58;0.52;218.38;4.01;668;24;1236.00;13
2994;24;628428922;2994;255;3659;3672;8.52;0.52;218.40;4.01;665;24;1237.00;13
2994;24;628428931;2994;254;3660;3672;8.47;0.52;218.40;4.01;666;24;1238.00;12
2996;24;628428941;2996;254;3667;3678;8.43;0.51;218.47;4.01;671;24;1239.00;11
2998;24;628428950;2998;243;3667;3678;8.46;0.52;218.42;4.01;669;24;1240.00;11
3000;24;628428960;3000;239;3667;3678;8.50;0.52;218.40;4.01;667;24;1241.00;11
3001;24;628428970;3001;239;3670;3681;8.58;0.52;218.45;4.01;669;24;1242.00;11
3004;24;628428984;3004;237;3670;3681;8.67;0.53;218.35;4.01;666;24;1243.00;11
3008;24;628428993;3008;236;3670;3681;8.68;0.53;218.42;4.01;662;24;1244.00;11
3008;24;628429003;3008;236;3671;3682;8.70;0.53;218.42;4.01;663;24;1245.00;11
3013;24;628429013;3013;221;3672;3683;8.73;0.53;218.78;4.01;659;24;1246.00;11
3017;24;628429023;3017;209;3672;3683;8.69;0.53;218.79;4.01;655;24;1247.00;11
3020;24;628429033;3020;199;3685;3696;8.77;0.53;218.69;3.99;665;24;1248.00;11
3021;24;628429043;3021;193;3685;3696;8.81;0.54;218.65;3.99;664;24;1249.00;11
3023;24;628429058;3023;185;3685;3696;8.84;0.54;218.63;3.99;662;24;1250.00;11
3024;24;628429068;3024;187;3686;3697;8.93;0.54;218.63;3.99;662;24;1251.00;11
3025;24;628429077;3025;186;3686;3697;9.01;0.55;218.59;3.99;661;24;1252.00;11
3027;24;628429086;3027;184;3690;3701;9.13;0.56;218.75;4.03;663;24;1253.00;11
3028;24;628429097;3028;182;3690;3701;9.24;0.57;218.70;4.03;662;24;1254.00;11
3032;24;628429107;3032;179;3695;3705;9.35;0.57;218.76;4.03;663;24;1255.00;10
3036;24;628429117;3036;181;3695;3705;9.39;0.57;218.68;4.03;659;24;1256.00;10
3038;24;628429127;3038;180;3695;3705;9.42;0.57;218.68;4.03;657;24;1257.00;10
3042;24;628429136;3042;181;3695;3705;9.39;0.57;218.71;4.03;653;24;1258.00;10
3044;24;628429147;3044;178;3695;3705;9.40;0.57;218.65;4.03;651;24;1259.00;10
3046;24;628429158;3046;177;3717;3739;9.43;0.58;218.61;4.01;671;24;1260.00;22
3049;24;628429170;3049;175;3717;3739;9.52;0.58;218.57;4.01;668;24;1261.00;22
3051;24;628429179;3051;174;3718;3739;9.64;0.59;218.56;4.01;667;24;1262.00;21
3051;24;628429189;3051;179;3718;3739;9.64;0.59;218.56;4.01;667;24;1263.00;21
3054;24;628429198;3054;180;3719;3739;9.68;0.59;218.45;4.01;665;24;1264.00;20
3055;25;628429208;3055;181;3719;3739;9.68;0.59;218.41;4.01;664;25;1265.00;20
3056;25;628429224;3056;178;3720;3740;9.78;0.60;218.35;4.01;664;25;1266.00;20
3061;25;628429234;3061;182;3720;3740;9.81;0.60;218.28;4.01;659;25;1267.00;20
3062;25;628429252;3062;183;3724;3746;9.81;0.60;218.22;4.01;662;25;1268.00;22
3062;25;628429268;3062;182;3726;3747;9.89;0.60;218.22;4.00;664;25;1269.00;21
3064;25;628429277;3064;184;3726;3747;9.90;0.60;218.24;4.00;662;25;1270.00;21
3065;25;628429286;3065;187;3727;3747;9.86;0.60;218.18;4.00;662;25;1271.00;20
3066;25;628429295;3066;188;3729;3751;9.90;0.60;218.15;4.00;663;25;1272.00;22
3070;26;628429303;3070;193;3729;3751;9.91;0.60;218.25;4.00;659;26;1273.00;22
3070;26;628429328;3070;193;3729;3751;9.92;0.61;218.25;4.00;659;26;1274.00;22
3070;26;628429336;3070;194;3730;3752;10.01;0.61;218.25;4.00;660;26;1275.00;22
3074;26;628429344;3074;201;3733;3756;10.05;0.61;218.22;4.00;659;26;1276.00;23
3075;26;628429353;3075;204;3733;3756;10.04;0.61;218.19;4.00;658;26;1277.00;23
3077;26;628429362;3077;206;3735;3759;10.14;0.62;218.28;4.00;658;26;1278.00;24
3080;26;628429371;3080;205;3735;3759;10.17;0.62;218.20;4.00;655;26;1279.00;24
3081;26;628429379;3081;203;3736;3759;10.15;0.62;218.19;4.00;655;26;1280.00;23
3085;26;628429393;3085;204;3736;3759;10.13;0.62;218.14;4.00;651;26;1281.00;23
3085;26;628429402;3085;202;3739;3763;10.16;0.62;218.14;3.99;654;26;1282.00;24
3088;26;628429410;3088;188;3739;3763;10.26;0.62;218.13;3.99;651;26;1283.00;24
3088;26;628429419;3088;176;3740;3763;10.37;0.63;218.13;3.99;652;26;1284.00;23
3090;26;628429427;3090;170;3740;3763;10.45;0.63;218.12;3.99;650;26;1285.00;23
3092;26;628429441;3092;162;3740;3764;10.57;0.64;218.07;3.99;648;26;1286.00;24
3093;26;628429450;3093;157;3741;3765;10.73;0.65;218.06;3.99;648;26;1287.00;24
3096;26;628429458;3096;151;3741;3765;10.79;0.65;218.04;3.99;645;26;1288.00;24
3098;26;628429468;3098;143;3742;3766;10.92;0.66;218.04;3.99;644;26;1289.00;24
3100;26;628429479;3100;130;3742;3766;11.03;0.67;217.99;3.99;642;26;1290.00;24
3101;26;628429488;3101;115;3743;3766;11.15;0.68;217.97;4.05;642;26;1291.00;23
3103;26;628429496;3103;104;3743;3766;11.33;0.69;217.91;4.05;640;26;1292.00;23
3104;26;628429505;3104;97;3743;3766;11.48;0.70;217.90;4.05;639;26;1293.00;23
3105;26;628429514;3105;89;3744;3766;11.60;0.70;217.87;4.05;639;26;1294.00;22
3106;26;628429523;3106;86;3745;3766;11.71;0.71;217.85;4.06;639;26;1295.00;21
3108;26;628429533;3108;105;3810;3893;11.59;0.71;217.75;3.99;702;26;1296.00;83
3109;26;628429552;3109;94;3811;3894;11.68;0.72;217.70;4.00;702;26;1297.00;83
3112;26;628429563;3112;87;3818;3894;11.83;0.73;217.61;4.00;706;26;1298.00;76
3113;26;628429574;3113;82;3823;3894;11.91;0.73;217.64;4.00;710;26;1299.00;71
3114;26;628429585;3114;80;3828;3894;11.97;0.73;217.63;4.00;714;26;1300.00;66
3115;26;628429598;3115;79;3832;3894;12.00;0.74;217.64;4.00;717;26;1301.00;62
3117;26;628429608;3117;83;3835;3894;12.06;0.74;217.62;4.00;718;26;1302.00;59
3119;26;628429617;3119;84;3838;3894;12.05;0.74;217.63;4.01;719;26;1303.00;56
3121;26;628429632;3121;89;3842;3895;12.10;0.74;217.62;4.02;721;26;1304.00;53
3125;26;628429642;3125;90;3846;3897;12.16;0.74;217.61;4.02;721;26;1305.00;51
3127;26;628429653;3127;92;3850;3897;12.20;0.75;217.64;4.03;723;26;1306.00;47
3131;26;628429663;3131;91;3851;3898;12.18;0.75;217.51;4.03;720;26;1307.00;47
3136;26;628429673;3136;96;3855;3898;12.17;0.74;217.64;4.05;719;26;1308.00;43
3139;26;628429683;3139;99;3856;3898;12.10;0.74;217.64;4.05;717;26;1309.00;42
3144;26;628429694;3144;102;3859;3898;12.05;0.74;217.70;4.06;715;26;1310.00;39
3147;26;628429704;3147;104;3862;3902;11.92;0.73;217.68;4.06;715;26;1311.00;40
3150;26;628429715;3150;104;3866;3902;11.79;0.72;217.66;4.08;716;26;1312.00;36
3154;26;628429726;3154;111;3868;3902;11.65;0.71;217.74;4.08;714;26;1313.00;34
3158;26;628429736;3158;116;3871;3905;11.56;0.71;217.93;4.09;713;26;1314.00;34
3160;26;628429747;3160;124;3874;3905;11.45;0.70;217.91;4.10;714;26;1315.00;31
3164;26;628429761;3164;132;3877;3905;11.43;0.70;217.91;4.12;713;26;1316.00;28
3168;26;628429777;3168;135;3880;3909;11.33;0.69;218.03;4.11;712;26;1317.00;29
3169;26;628429794;3169;140;3882;3910;11.26;0.68;218.04;4.11;713;26;1318.00;28
3171;26;628429812;3171;147;3884;3910;11.16;0.68;218.05;4.13;713;26;1319.00;26
3173;26;628429831;3173;150;3889;3915;11.11;0.67;218.15;4.13;716;26;1320.00;26
3176;26;628429846;3176;157;3889;3915;10.99;0.67;218.12;4.13;713;26;1321.00;26
3179;26;628429861;3179;162;3889;3915;10.86;0.66;218.09;4.13;710;26;1322.00;26
3182;26;628429876;3182;164;3892;3916;10.77;0.65;218.03;4.15;710;26;1323.00;24
3185;26;628429888;3185;174;3892;3916;10.68;0.65;218.01;4.15;707;26;1324.00;24
3188;26;628429899;3188;180;3897;3922;10.59;0.64;218.22;4.16;709;26;1325.00;25
3191;26;628429912;3191;183;3899;3922;10.48;0.64;218.20;4.16;708;26;1326.00;23
3194;26;628429930;3194;189;3900;3923;10.44;0.64;218.18;4.17;706;26;1327.00;23
3195;26;628429941;3195;195;3902;3923;10.34;0.63;218.27;4.18;707;26;1328.00;21
3198;26;628429952;3198;192;3902;3923;10.30;0.63;218.25;4.18;704;26;1329.00;21
3200;26;628429964;3200;189;3904;3923;10.22;0.62;218.33;4.19;704;26;1330.00;19
3202;26;628429976;3202;197;3904;3923;10.14;0.62;218.31;4.19;702;26;1331.00;19
3204;26;628429987;3204;199;3915;3935;10.14;0.62;218.38;4.19;711;26;1332.00;20
3207;26;628429998;3207;203;3915;3935;10.12;0.62;218.35;4.19;708;26;1333.00;20
3209;26;628430010;3209;206;3917;3935;10.10;0.62;218.35;4.20;708;26;1334.00;18
3213;26;628430020;3213;207;3918;3935;10.04;0.61;218.30;4.20;705;26;1335.00;17
3214;26;628430030;3214;214;3919;3935;9.98;0.61;218.40;4.21;705;26;1336.00;16
3216;26;628430041;3216;220;3922;3935;9.83;0.60;218.43;4.21;706;26;1337.00;13
3216;26;628430051;3216;222;3925;3939;9.73;0.59;218.43;4.21;709;26;1338.00;14
3219;26;628430063;3219;222;3925;3939;9.59;0.58;218.42;4.21;706;26;1339.00;14
3224;26;628430073;3224;222;3929;3943;9.44;0.57;218.32;4.21;705;26;1340.00;14
3226;26;628430084;3226;222;3930;3944;9.35;0.57;218.41;4.21;704;26;1341.00;14
3228;26;628430094;3228;219;3931;3944;9.36;0.57;218.43;4.21;703;26;1342.00;13
3231;26;628430104;3231;218;3931;3944;9.32;0.57;218.35;4.21;700;26;1343.00;13
3233;26;628430114;3233;221;3943;3957;9.24;0.56;218.42;4.19;710;26;1344.00;14
3235;26;628430125;3235;224;3943;3957;9.26;0.57;218.42;4.19;708;26;1345.00;14
3238;26;628430134;3238;223;3944;3957;9.29;0.57;218.41;4.19;706;26;1346.00;13
3239;26;628430143;3239;221;3945;3958;9.37;0.57;218.48;4.19;706;26;1347.00;13
3243;26;628430156;3243;225;3946;3959;9.34;0.57;218.51;4.19;703;26;1348.00;13
3246;26;628430166;3246;221;3946;3959;9.38;0.58;218.47;4.19;700;26;1349.00;13
3247;26;628430177;3247;227;3949;3968;9.43;0.58;218.52;4.19;702;26;1350.00;19
3252;26;628430187;3252;230;3950;3968;9.41;0.58;218.60;4.19;698;26;1351.00;18
3257;26;628430197;3257;231;3951;3968;9.30;0.57;218.67;4.19;694;26;1352.00;17
3260;26;628430206;3260;233;3951;3968;9.23;0.57;218.81;4.19;691;26;1353.00;17
3262;26;628430215;3262;237;3956;3974;9.22;0.57;218.81;4.18;694;26;1354.00;18
3268;26;628430225;3268;242;3956;3974;9.10;0.56;218.90;4.18;688;26;1355.00;18
3273;26;628430234;3273;243;3957;3974;9.04;0.55;218.99;4.18;684;26;1356.00;17
3277;26;628430243;3277;239;3957;3974;8.93;0.55;219.23;4.18;680;26;1357.00;17
3285;26;628430252;3285;236;3962;3978;8.77;0.54;219.41;4.18;677;26;1358.00;16
3291;26;628430261;3291;236;3964;3979;8.65;0.53;219.48;4.18;673;26;1359.00;15
3295;26;628430270;3295;230;3965;3979;8.53;0.52;219.59;4.18;670;26;1360.00;14
3299;26;628430278;3299;225;3966;3980;8.41;0.52;219.65;4.18;667;26;1361.00;14
3303;26;628430287;3303;223;3966;3980;8.37;0.51;219.76;4.18;663;26;1362.00;14
3308;26;628430296;3308;226;3966;3980;8.42;0.52;219.71;4.18;658;26;1363.00;14
3312;26;628430305;3312;219;3966;3980;8.48;0.52;219.83;4.18;654;26;1364.00;14
3313;26;628430313;3313;218;3966;3980;8.47;0.52;219.89;4.18;653;26;1365.00;14
3317;26;628430328;3317;215;3966;3980;8.41;0.52;219.86;4.18;649;26;1366.00;14
3322;26;628430336;3322;207;3966;3980;8.41;0.52;219.88;4.18;644;26;1367.00;14
3328;26;628430345;3328;207;4008;4050;8.51;0.52;219.98;4.14;680;26;1368.00;42
3329;26;628430360;3329;202;4013;4051;8.63;0.53;219.93;4.13;684;26;1369.00;38
3335;26;628430369;3335;197;4019;4051;8.76;0.54;219.97;4.13;684;26;1370.00;32
3339;26;628430379;3339;200;4022;4051;8.89;0.55;220.06;4.20;683;26;1371.00;29
3342;26;628430389;3342;200;4026;4051;8.99;0.55;220.14;4.20;684;26;1372.00;25
3348;26;628430398;3348;197;4030;4051;9.03;0.55;220.20;4.20;682;26;1373.00;21
3351;26;628430407;3351;199;4034;4051;9.03;0.55;220.29;4.20;683;26;1374.00;17
3358;26;628430415;3358;198;4034;4051;8.99;0.55;220.30;4.20;676;26;1375.00;17
3360;26;628430425;3360;201;4036;4052;8.88;0.54;220.35;4.20;676;26;1376.00;16
3365;26;628430433;3365;201;4037;4053;8.77;0.54;220.36;4.20;672;26;1377.00;16
3370;26;628430443;3370;201;4038;4053;8.61;0.53;220.42;4.20;668;26;1378.00;15
3374;26;628430452;3374;204;4041;4057;8.52;0.52;220.45;4.20;667;26;1379.00;16
3377;26;628430462;3377;206;4041;4057;8.54;0.52;220.43;4.20;664;26;1380.00;16
3381;26;628430473;3381;207;4041;4057;8.53;0.52;220.56;4.20;660;26;1381.00;16
3386;26;628430482;3386;207;4041;4057;8.55;0.52;220.66;4.20;655;26;1382.00;16
3391;26;628430492;3391;203;4046;4063;8.59;0.52;220.60;4.20;655;26;1383.00;17
3395;26;628430502;3395;206;4046;4063;8.62;0.53;220.78;4.20;651;26;1384.00;17
3400;26;628430511;3400;208;4047;4063;8.60;0.52;220.65;4.20;647;26;1385.00;16
3402;26;628430527;3402;210;4049;4066;8.63;0.52;220.77;4.19;647;26;1386.00;17
3408;26;628430537;3408;214;4052;4066;8.61;0.52;220.82;4.20;644;26;1387.00;14
3413;26;628430546;3413;213;4053;4066;8.62;0.52;220.96;4.21;640;26;1388.00;13
3416;26;628430555;3416;219;4054;4067;8.60;0.52;221.03;4.21;638;26;1389.00;13
3419;26;628430564;3419;221;4055;4068;8.61;0.52;221.16;4.21;636;26;1390.00;13
3423;26;628430573;3423;225;4055;4068;8.60;0.52;221.19;4.21;632;26;1391.00;13
3427;26;628430583;3427;231;4068;4081;8.60;0.52;221.16;4.19;641;26;1392.00;13
3429;26;628430593;3429;236;4068;4081;8.55;0.52;221.28;4.19;639;26;1393.00;13
3431;26;628430602;3431;231;4068;4081;8.47;0.51;221.31;4.19;637;26;1394.00;13
3437;26;628430611;3437;237;4070;4083;8.38;0.51;221.36;4.19;633;26;1395.00;13
3441;26;628430620;3441;241;4070;4083;8.27;0.50;221.52;4.19;629;26;1396.00;13
3445;26;628430629;3445;250;4073;4087;8.20;0.50;221.59;4.19;628;26;1397.00;14
3449;26;628430639;3449;254;4073;4087;8.13;0.50;221.59;4.19;624;26;1398.00;14
3451;26;628430648;3451;260;4078;4091;8.07;0.49;221.62;4.18;627;26;1399.00;13
3454;26;628430659;3454;261;4078;4091;7.92;0.48;221.69;4.18;624;26;1400.00;13
3455;26;628430674;3455;269;4078;4091;7.83;0.48;221.66;4.18;623;26;1401.00;13
3456;26;628430683;3456;275;4078;4091;7.75;0.47;221.62;4.18;622;26;1402.00;13
3458;26;628430692;3458;283;4078;4091;7.67;0.47;221.60;4.18;620;26;1403.00;13
3458;26;628430700;3458;290;4089;4103;7.79;0.47;221.60;4.17;631;26;1404.00;14
3461;26;628430709;3461;296;4089;4103;7.69;0.47;221.49;4.17;628;26;1405.00;14
3462;26;628430720;3462;306;4090;4103;7.61;0.46;221.47;4.17;628;26;1406.00;13
3464;26;628430729;3464;298;4090;4103;7.58;0.46;221.62;4.17;626;26;1407.00;13
3465;26;628430740;3465;292;4090;4103;7.53;0.46;221.57;4.17;625;26;1408.00;13
3468;26;628430749;3468;292;4090;4103;7.53;0.46;221.53;4.17;622;26;1409.00;13
3470;26;628430760;3470;288;4091;4104;7.49;0.46;221.46;4.17;621;26;1410.00;13
3474;26;628430770;3474;283;4091;4104;7.49;0.46;221.30;4.17;617;26;1411.00;13
3475;26;628430779;3475;279;4096;4110;7.52;0.46;221.32;4.17;621;26;1412.00;14
3476;26;628430788;3476;274;4097;4111;7.59;0.46;221.29;4.17;621;26;1413.00;14
3478;26;628430797;3478;275;4098;4111;7.61;0.46;221.23;4.17;620;26;1414.00;13
3479;26;628430807;3479;277;4098;4111;7.66;0.46;221.18;4.17;619;26;1415.00;13
3479;26;628430815;3479;265;4102;4115;7.79;0.47;221.18;4.16;623;26;1416.00;13
3483;26;628430824;3483;253;4102;4115;7.91;0.48;221.03;4.16;619;26;1417.00;13
3484;26;628430832;3484;242;4102;4115;8.05;0.49;220.98;4.16;618;26;1418.00;13
3485;26;628430840;3485;232;4103;4116;8.21;0.50;220.99;4.16;618;26;1419.00;13
3487;26;628430854;3487;221;4107;4120;8.24;0.50;220.95;4.16;620;26;1420.00;13
3488;26;628430863;3488;212;4107;4120;8.33;0.50;220.98;4.16;619;26;1421.00;13
3489;26;628430872;3489;206;4109;4123;8.38;0.51;220.95;4.16;620;26;1422.00;14
3491;26;628430881;3491;202;4109;4123;8.48;0.51;220.91;4.16;618;26;1423.00;14
3492;26;628430890;3492;192;4110;4123;8.59;0.52;220.89;4.16;618;26;1424.00;13
3492;26;628430899;3492;193;4110;4123;8.77;0.53;220.89;4.16;618;26;1425.00;13
3492;26;628430908;3492;190;4113;4127;8.92;0.54;220.89;4.15;621;26;1426.00;14
3495;26;628430917;3495;186;4113;4127;9.01;0.55;220.96;4.15;618;26;1427.00;14
3495;26;628430925;3495;185;4114;4127;9.14;0.56;220.96;4.15;619;26;1428.00;13
3497;26;628430934;3497;185;4114;4127;9.20;0.56;220.86;4.15;617;26;1429.00;13
3497;26;628430948;3497;186;4115;4128;9.16;0.56;220.86;4.15;618;26;1430.00;13
3498;26;628430957;3498;184;4116;4129;9.15;0.56;220.82;4.15;618;26;1431.00;13
3499;26;628430966;3499;180;4117;4129;9.18;0.56;220.86;4.24;618;26;1432.00;12
3503;26;628430974;3503;180;4118;4130;9.18;0.56;220.83;4.24;615;26;1433.00;12
3504;26;628430983;3504;181;4118;4130;9.24;0.56;220.82;4.24;614;26;1434.00;12
3504;26;628430991;3504;171;4118;4130;9.37;0.57;220.82;4.24;614;26;1435.00;12
3505;26;628430999;3505;165;4118;4130;9.55;0.58;220.80;4.24;613;26;1436.00;12
3506;27;628431008;3506;157;4118;4130;9.75;0.59;220.86;4.24;612;27;1437.00;12
3507;27;628431027;3507;149;4118;4130;9.93;0.60;220.84;4.24;611;27;1438.00;12
3509;27;628431036;3509;141;4118;4130;10.11;0.61;220.86;4.24;609;27;1439.00;12
3510;27;628431046;3510;180;4232;4360;9.85;0.62;220.87;4.12;722;27;1440.00;128
3512;27;628431072;3512;168;4234;4361;9.96;0.62;220.81;4.12;722;27;1441.00;127
3513;27;628431087;3513;151;4242;4361;10.21;0.64;220.81;4.12;729;27;1442.00;119
3514;27;628431097;3514;136;4251;4361;10.38;0.65;220.78;4.11;737;27;1443.00;110
3516;27;628431106;3516;126;4256;4361;10.55;0.66;220.75;4.11;740;27;1444.00;105
3517;27;628431116;3517;124;4262;4361;10.64;0.66;220.77;4.12;745;27;1445.00;99
3518;27;628431125;3518;124;4269;4361;10.65;0.66;220.76;4.12;751;27;1446.00;92
3520;27;628431141;3520;124;4273;4361;10.71;0.67;220.70;4.12;753;27;1447.00;88
3523;27;628431157;3523;118;4277;4362;10.80;0.67;220.66;4.12;754;27;1448.00;85
3526;27;628431167;3526;122;4280;4363;10.87;0.67;220.66;4.13;754;27;1449.00;83
3529;27;628431177;3529;128;4282;4363;10.93;0.67;220.62;4.13;753;27;1450.00;81
3530;27;628431198;3530;133;4284;4364;11.01;0.68;220.59;4.13;754;27;1451.00;80
3530;27;628431210;3530;136;4288;4364;11.06;0.68;220.59;4.14;758;27;1452.00;76
3531;27;628431220;3531;144;4290;4364;11.13;0.69;220.56;4.14;759;27;1453.00;74
3532;27;628431230;3532;147;4292;4364;11.09;0.68;220.52;4.15;760;27;1454.00;72
3534;27;628431240;3534;149;4295;4368;11.09;0.68;220.48;4.15;761;27;1455.00;73
3537;27;628431251;3537;150;4296;4368;11.07;0.68;220.48;4.15;759;27;1456.00;72
3543;27;628431261;3543;156;4299;4368;10.96;0.67;220.57;4.16;756;27;1457.00;69
3547;27;628431277;3547;163;4300;4371;10.96;0.67;220.69;4.16;753;27;1458.00;71
3550;27;628431288;3550;163;4303;4371;11.01;0.67;220.62;4.17;753;27;1459.00;68
3553;27;628431298;3553;162;4304;4371;11.13;0.68;220.61;4.17;751;27;1460.00;67
3556;27;628431308;3556;163;4312;4375;11.13;0.68;220.72;4.28;756;27;1461.00;63
3562;27;628431319;3562;160;4313;4376;11.25;0.69;220.75;4.27;751;27;1462.00;63
3565;27;628431330;3565;157;4313;4376;11.43;0.70;220.83;4.27;748;27;1463.00;63
3568;27;628431340;3568;154;4317;4380;11.50;0.70;220.92;4.28;749;27;1464.00;63
3570;27;628431357;3570;151;4319;4380;11.48;0.70;220.95;4.28;749;27;1465.00;61
3574;27;628431368;3574;146;4320;4380;11.45;0.70;221.12;4.37;746;27;1466.00;60
3575;27;628431378;3575;142;4322;4381;11.44;0.70;221.15;4.38;747;27;1467.00;59
3581;27;628431389;3581;140;4323;4381;11.42;0.69;221.20;4.45;742;27;1468.00;58
3583;27;628431400;3583;137;4326;4387;11.48;0.70;221.20;4.45;743;27;1469.00;61
3583;27;628431413;3583;133;4326;4387;11.53;0.70;221.20;4.45;743;27;1470.00;61
3585;27;628431424;3585;132;4327;4388;11.51;0.70;221.30;4.45;742;27;1471.00;61
3588;27;628431435;3588;132;4328;4388;11.50;0.70;221.22;4.53;740;27;1472.00;60
3593;27;628431446;3593;129;4329;4388;11.46;0.70;221.42;4.53;736;27;1473.00;59
3597;27;628431456;3597;128;4329;4388;11.45;0.70;221.41;4.53;732;27;1474.00;59
3598;27;628431467;3598;131;4330;4388;11.47;0.70;221.38;4.53;732;27;1475.00;58
3602;27;628431478;3602;136;4341;4400;11.38;0.69;221.41;4.52;739;27;1476.00;59
3605;27;628431490;3605;140;4342;4400;11.28;0.69;221.40;4.53;737;27;1477.00;58
3608;27;628431500;3608;141;4343;4400;11.27;0.69;221.34;4.53;735;27;1478.00;57
3610;27;628431511;3610;146;4343;4400;11.28;0.69;221.41;4.53;733;27;1479.00;57
3611;27;628431521;3611;149;4345;4400;11.34;0.69;221.36;4.54;734;27;1480.00;55
3615;27;628431533;3615;152;4345;4400;11.36;0.69;221.44;4.54;730;27;1481.00;55
3617;27;628431543;3617;157;4348;4404;11.32;0.69;221.47;4.53;731;27;1482.00;56
3619;27;628431554;3619;156;4348;4404;11.30;0.69;221.48;4.53;729;27;1483.00;56
3619;27;628431577;3619;158;4353;4408;11.32;0.69;221.48;4.55;734;27;1484.00;55
3623;27;628431594;3623;162;4355;4410;11.36;0.69;221.47;4.55;732;27;1485.00;55
3624;27;628431605;3624;162;4357;4410;11.33;0.69;221.45;4.56;733;27;1486.00;53
3626;27;628431615;3626;170;4357;4410;11.26;0.68;221.43;4.56;731;27;1487.00;53
3630;27;628431626;3630;174;4366;4423;11.14;0.68;221.53;4.56;736;27;1488.00;57
3631;27;628431639;3631;176;4366;4423;11.14;0.68;221.52;4.56;735;27;1489.00;57
3632;27;628431649;3632;180;4370;4423;11.04;0.67;221.52;4.59;738;27;1490.00;53
3635;27;628431660;3635;184;4371;4424;10.98;0.67;221.43;4.59;736;27;1491.00;53
3638;27;628431670;3638;188;4373;4425;10.88;0.66;221.45;4.61;735;27;1492.00;52
3641;28;628431681;3641;195;4374;4425;10.80;0.66;221.38;4.62;733;28;1493.00;51
3643;28;628431705;3643;198;4376;4428;10.77;0.65;221.42;4.62;733;28;1494.00;52
3645;28;628431716;3645;208;4379;4428;10.64;0.65;221.40;4.65;734;28;1495.00;49
3649;28;628431733;3649;219;4380;4428;10.54;0.64;221.36;4.65;731;28;1496.00;48
3652;28;628431749;3652;227;4381;4428;10.47;0.64;221.40;4.66;729;28;1497.00;47
3656;28;628431770;3656;233;4387;4434;10.36;0.63;221.33;4.68;731;28;1498.00;47
3657;28;628431789;3657;236;4388;4434;10.31;0.63;221.31;4.70;731;28;1499.00;46
3660;28;628431809;3660;245;4394;4453;10.14;0.62;221.26;4.72;734;28;1500.00;59
3660;28;628431836;3660;250;4398;4453;10.01;0.61;221.26;4.75;738;28;1501.00;55
3661;28;628431851;3661;255;4401;4457;9.88;0.60;221.23;4.75;740;28;1502.00;56
3663;28;628431867;3663;263;4406;4458;9.73;0.59;221.17;4.79;743;28;1503.00;52
3665;28;628431880;3665;268;4406;4458;9.66;0.59;221.16;4.79;741;28;1504.00;52
3670;28;628431892;3670;271;4410;4459;9.58;0.59;221.23;4.82;740;28;1505.00;49
3671;28;628431902;3671;276;4412;4459;9.47;0.58;221.22;4.83;741;28;1506.00;47
3675;28;628431913;3675;278;4416;4459;9.37;0.57;221.27;4.84;741;28;1507.00;43
3677;28;628431924;3677;281;4416;4459;9.30;0.57;221.32;4.84;739;28;1508.00;43
3678;28;628431935;3678;279;4418;4459;9.23;0.57;221.30;4.85;740;28;1509.00;41
3680;28;628431946;3680;277;4418;4459;9.16;0.56;221.25;4.85;738;28;1510.00;41
3682;28;628431957;3682;278;4421;4459;9.03;0.55;221.24;4.86;739;28;1511.00;38
3683;28;628431969;3683;281;4451;4529;8.97;0.55;221.23;4.83;768;28;1512.00;78
3685;28;628431986;3685;278;4456;4530;8.86;0.55;221.26;4.83;771;28;1513.00;74
3691;28;628431998;3691;272;4464;4530;8.78;0.54;221.13;4.83;773;28;1514.00;66
3692;28;628432010;3692;272;4464;4530;8.77;0.54;221.20;4.83;772;28;1515.00;66
3693;28;628432023;3693;275;4467;4530;8.80;0.54;221.19;4.83;774;28;1516.00;63
3697;28;628432034;3697;281;4472;4530;8.74;0.54;221.30;4.84;775;28;1517.00;58
3701;28;628432045;3701;277;4475;4530;8.70;0.53;221.24;4.84;774;28;1518.00;55
3705;28;628432057;3705;275;4479;4530;8.63;0.53;221.25;4.84;774;28;1519.00;51
3710;28;628432069;3710;276;4479;4531;8.53;0.52;221.22;4.84;769;28;1520.00;52
3710;28;628432081;3710;276;4482;4532;8.50;0.52;221.22;4.84;772;28;1521.00;50
3713;28;628432092;3713;281;4482;4532;8.49;0.52;221.17;4.84;769;28;1522.00;50
3717;28;628432103;3717;289;4488;4536;8.39;0.51;221.33;4.84;771;28;1523.00;48
3720;28;628432115;3720;283;4490;4536;8.32;0.51;221.49;4.85;770;28;1524.00;46
3726;28;628432127;3726;286;4492;4536;8.18;0.50;221.52;4.85;766;28;1525.00;44
3731;28;628432139;3731;287;4494;4536;8.01;0.49;221.67;4.85;763;28;1526.00;42
3735;28;628432150;3735;291;4498;4542;7.81;0.48;221.77;4.85;763;28;1527.00;44
3738;28;628432162;3738;295;4499;4542;7.61;0.47;221.85;4.86;761;28;1528.00;43
3742;28;628432172;3742;292;4499;4542;7.38;0.45;221.93;4.86;757;28;1529.00;43
3746;28;628432184;3746;288;4502;4548;7.24;0.44;221.99;4.85;756;28;1530.00;46
3750;28;628432196;3750;283;4502;4548;7.09;0.44;222.17;4.85;752;28;1531.00;46
3752;28;628432206;3752;280;4502;4548;7.04;0.43;222.10;4.85;750;28;1532.00;46
3755;28;628432217;3755;283;4504;4549;6.96;0.43;222.17;4.86;749;28;1533.00;45
3757;28;628432227;3757;277;4506;4550;6.98;0.43;222.17;4.86;749;28;1534.00;44
3762;28;628432238;3762;276;4506;4550;6.97;0.43;222.12;4.86;744;28;1535.00;44
3764;28;628432249;3764;269;4518;4563;7.00;0.43;222.12;4.86;754;28;1536.00;45
3770;28;628432260;3770;261;4519;4563;7.05;0.43;222.08;4.86;749;28;1537.00;44
3773;28;628432272;3773;258;4519;4563;7.15;0.44;222.14;4.86;746;28;1538.00;44
3778;28;628432282;3778;251;4522;4564;7.23;0.44;222.27;4.87;744;28;1539.00;42
3779;28;628432293;3779;243;4524;4564;7.41;0.45;222.33;4.88;745;28;1540.00;40
3783;28;628432302;3783;237;4528;4568;7.53;0.46;222.31;4.96;745;28;1541.00;40
3788;28;628432313;3788;235;4529;4568;7.57;0.46;222.50;4.96;741;28;1542.00;39
3790;28;628432323;3790;228;4533;4572;7.68;0.47;222.51;4.96;743;28;1543.00;39
3793;28;628432334;3793;235;4534;4572;7.76;0.48;222.74;4.97;741;28;1544.00;38
3797;28;628432344;3797;237;4534;4572;7.79;0.48;222.75;4.97;737;28;1545.00;38
3801;28;628432354;3801;235;4534;4572;7.87;0.48;222.74;4.97;733;28;1546.00;38
3807;28;628432364;3807;231;4536;4572;7.87;0.48;222.63;4.98;729;28;1547.00;36
3810;28;628432374;3810;225;4547;4584;7.99;0.49;222.66;4.97;737;28;1548.00;37
3811;28;628432385;3811;222;4548;4584;7.99;0.49;222.66;4.97;737;28;1549.00;36
3813;28;628432395;3813;223;4548;4584;7.96;0.49;222.73;4.97;735;28;1550.00;36
3816;28;628432404;3816;222;4549;4584;7.91;0.48;222.73;4.98;733;28;1551.00;35
3817;28;628432421;3817;223;4550;4584;7.88;0.48;222.79;4.99;733;28;1552.00;34
3820;28;628432432;3820;225;4550;4584;7.85;0.48;222.83;4.99;730;28;1553.00;34
3823;28;628432442;3823;220;4552;4585;7.76;0.48;222.92;5.00;729;28;1554.00;33
3826;28;628432452;3826;226;4553;4587;7.68;0.47;222.88;5.00;727;28;1555.00;34
3830;28;628432461;3830;229;4557;4593;7.57;0.47;222.90;4.99;727;28;1556.00;36
3835;28;628432473;3835;243;4559;4594;7.53;0.46;222.86;5.00;724;28;1557.00;35
3841;28;628432483;3841;246;4559;4594;7.45;0.46;222.89;5.00;718;28;1558.00;35
3847;28;628432493;3847;244;4560;4594;7.39;0.45;222.84;5.00;713;28;1559.00;34
3851;28;628432505;3851;250;4567;4599;7.37;0.45;222.79;5.01;716;28;1560.00;32
3856;28;628432516;3856;252;4568;4599;7.39;0.45;222.69;5.01;712;28;1561.00;31
3859;28;628432525;3859;256;4568;4599;7.40;0.45;222.59;5.01;709;28;1562.00;31
3863;29;628432535;3863;263;4571;4600;7.46;0.45;222.50;5.02;708;29;1563.00;29
3864;29;628432556;3864;266;4575;4604;7.52;0.46;222.49;5.02;711;29;1564.00;29
3867;29;628432566;3867;275;4576;4604;7.48;0.46;222.45;5.02;709;29;1565.00;28
3871;29;628432576;3871;274;4580;4607;7.54;0.46;222.40;5.10;709;29;1566.00;27
3876;29;628432586;3876;275;4580;4607;7.55;0.46;222.54;5.10;704;29;1567.00;27
3879;29;628432596;3879;283;4580;4607;7.46;0.45;222.48;5.10;701;29;1568.00;27
3885;29;628432606;3885;288;4580;4607;7.36;0.45;222.51;5.10;695;29;1569.00;27
3886;29;628432615;3886;293;4584;4611;7.27;0.44;222.49;5.10;698;29;1570.00;27
3888;29;628432625;3888;296;4584;4611;7.20;0.44;222.42;5.10;696;29;1571.00;27
3891;29;628432634;3891;303;4585;4611;7.11;0.43;222.48;5.11;694;29;1572.00;26
3894;29;628432643;3894;306;4586;4611;7.05;0.43;222.42;5.11;692;29;1573.00;25
3895;29;628432653;3895;310;4588;4612;7.00;0.43;222.44;5.11;693;29;1574.00;24
3897;29;628432662;3897;314;4590;4614;6.96;0.43;222.46;5.10;693;29;1575.00;24
3900;29;628432671;3900;318;4590;4614;6.85;0.42;222.54;5.10;690;29;1576.00;24
3902;29;628432681;3902;314;4592;4615;6.81;0.42;222.47;5.10;690;29;1577.00;23
3905;29;628432690;3905;307;4592;4615;6.81;0.42;222.56;5.10;687;29;1578.00;23
3905;29;628432700;3905;304;4592;4615;6.89;0.42;222.56;5.10;687;29;1579.00;23
3906;29;628432709;3906;308;4592;4615;6.95;0.43;222.60;5.10;686;29;1580.00;23
3910;29;628432719;3910;304;4592;4615;6.99;0.43;222.77;5.10;682;29;1581.00;23
3911;29;628432729;3911;302;4592;4615;7.05;0.43;222.75;5.10;681;29;1582.00;23
3913;29;628432739;3913;296;4593;4615;7.17;0.44;222.84;5.18;680;29;1583.00;22
3913;29;628432750;3913;311;4666;4742;7.56;0.47;222.84;5.10;753;29;1584.00;76
3915;29;628432772;3915;307;4668;4743;7.62;0.47;222.83;5.10;753;29;1585.00;75
3918;29;628432783;3918;289;4677;4743;7.76;0.48;222.84;5.09;759;29;1586.00;66
3918;29;628432793;3918;258;4684;4743;7.96;0.49;222.84;5.09;766;29;1587.00;59
3920;29;628432811;3920;234;4690;4743;8.10;0.50;222.77;5.09;770;29;1588.00;53
3923;29;628432821;3923;216;4695;4743;8.20;0.51;222.80;5.09;772;29;1589.00;48
3923;29;628432832;3923;208;4699;4743;8.36;0.52;222.80;5.09;776;29;1590.00;44
3925;29;628432843;3925;197;4703;4743;8.49;0.52;222.84;5.09;778;29;1591.00;40
3927;29;628432854;3927;186;4706;4744;8.66;0.53;222.91;5.09;779;29;1592.00;38
3928;29;628432866;3928;176;4706;4745;8.83;0.54;222.89;5.09;778;29;1593.00;39
3930;29;628432877;3930;166;4707;4745;8.97;0.55;222.86;5.09;777;29;1594.00;38
3932;30;628432888;3932;162;4707;4746;9.07;0.56;222.90;5.09;775;30;1595.00;39
3935;30;628432910;3935;155;4710;4746;9.18;0.56;222.92;5.10;775;30;1596.00;36
3937;30;628432927;3937;154;4710;4746;9.32;0.57;222.88;5.10;773;30;1597.00;36
3938;30;628432939;3938;161;4711;4746;9.45;0.58;222.87;5.10;773;30;1598.00;35
3939;30;628432956;3939;156;4715;4750;9.57;0.59;222.84;5.10;776;30;1599.00;35
3941;30;628432970;3941;156;4716;4750;9.70;0.60;222.82;5.10;775;30;1600.00;34
3942;30;628432985;3942;147;4717;4750;9.84;0.60;222.80;5.10;775;30;1601.00;33
3945;30;628432996;3945;145;4721;4753;10.03;0.61;222.77;5.10;776;30;1602.00;32
3945;30;628433014;3945;147;4721;4753;10.15;0.62;222.77;5.10;776;30;1603.00;32
3945;30;628433025;3945;154;4722;4753;10.22;0.62;222.77;5.11;777;30;1604.00;31
3947;30;628433036;3947;155;4726;4757;10.31;0.63;222.72;5.11;779;30;1605.00;31
3948;30;628433053;3948;153;4728;4758;10.35;0.63;222.74;5.10;780;30;1606.00;30
3949;30;628433065;3949;152;4728;4758;10.51;0.64;222.72;5.10;779;30;1607.00;30
3952;30;628433075;3952;155;4731;4762;10.57;0.64;222.80;5.10;779;30;1608.00;31
3954;30;628433087;3954;153;4731;4762;10.67;0.65;222.82;5.10;777;30;1609.00;31
3956;30;628433099;3956;150;4731;4762;10.75;0.65;222.81;5.10;775;30;1610.00;31
3959;30;628433110;3959;151;4732;4763;10.90;0.66;222.84;5.10;773;30;1611.00;31
3965;30;628433122;3965;151;4732;4763;10.89;0.66;223.04;5.10;767;30;1612.00;31
3969;30;628433133;3969;154;4736;4769;10.95;0.66;223.07;5.10;767;30;1613.00;33
3970;30;628433145;3970;149;4737;4769;11.12;0.67;223.13;5.10;767;30;1614.00;32
3974;30;628433157;3974;151;4738;4770;11.21;0.68;223.26;5.17;764;30;1615.00;32
3977;30;628433168;3977;148;4738;4770;11.32;0.69;223.35;5.17;761;30;1616.00;32
3979;30;628433180;3979;146;4738;4770;11.45;0.69;223.31;5.17;759;30;1617.00;32
3983;30;628433191;3983;143;4738;4770;11.53;0.70;223.34;5.17;755;30;1618.00;32
3987;30;628433203;3987;144;4738;4770;11.62;0.70;223.45;5.17;751;30;1619.00;32
3990;30;628433215;3990;146;4760;4806;11.58;0.70;223.46;5.15;770;30;1620.00;46
3993;30;628433230;3993;142;4760;4806;11.59;0.71;223.53;5.15;767;30;1621.00;46
3996;30;628433242;3996;141;4762;4806;11.58;0.71;223.67;5.14;766;30;1622.00;44
3997;30;628433255;3997;139;4763;4806;11.58;0.71;223.65;5.14;766;30;1623.00;43
4002;30;628433266;4002;140;4765;4806;11.59;0.71;223.60;5.14;763;30;1624.00;41
4009;30;628433289;4009;145;4766;4806;11.63;0.71;223.79;5.14;757;30;1625.00;40
4009;30;628433302;4009;143;4769;4810;11.73;0.71;223.79;5.14;760;30;1626.00;41
4014;30;628433319;4014;145;4771;4810;11.78;0.72;223.79;5.14;757;30;1627.00;39
4018;30;628433331;4018;144;4774;4814;11.75;0.71;223.87;5.14;756;30;1628.00;40
4021;30;628433342;4021;138;4776;4815;11.84;0.72;224.01;5.14;755;30;1629.00;39
4024;30;628433353;4024;133;4776;4815;11.83;0.72;224.14;5.14;752;30;1630.00;39
4030;30;628433364;4030;131;4778;4815;11.81;0.72;224.19;5.22;748;30;1631.00;37
4032;30;628433375;4032;128;4788;4828;11.78;0.72;224.16;5.20;756;30;1632.00;40
4037;30;628433388;4037;124;4788;4828;11.81;0.72;224.18;5.20;751;30;1633.00;40
4042;30;628433399;4042;122;4788;4828;11.87;0.72;224.25;5.20;746;30;1634.00;40
4045;30;628433410;4045;123;4790;4829;11.95;0.73;224.19;5.21;745;30;1635.00;39
4050;30;628433422;4050;121;4790;4830;12.02;0.73;224.21;5.21;740;30;1636.00;40
4051;30;628433432;4051;118;4791;4830;12.09;0.73;224.18;5.21;740;30;1637.00;39
4051;30;628433448;4051;120;4793;4833;12.12;0.74;224.18;5.21;742;30;1638.00;40
4057;30;628433459;4057;119;4794;4833;12.20;0.74;224.20;5.21;737;30;1639.00;39
4060;30;628433470;4060;117;4794;4833;12.17;0.74;224.22;5.21;734;30;1640.00;39
4063;30;628433481;4063;116;4794;4833;12.17;0.74;224.29;5.21;731;30;1641.00;39
4064;31;628433491;4064;116;4798;4839;12.25;0.75;224.30;5.21;734;31;1642.00;41
4066;31;628433514;4066;121;4798;4839;12.30;0.75;224.27;5.21;732;31;1643.00;41
4070;31;628433525;4070;120;4799;4839;12.22;0.75;224.31;5.21;729;31;1644.00;40
4073;31;628433536;4073;124;4800;4839;12.23;0.75;224.27;5.28;727;31;1645.00;39
4077;31;628433546;4077;118;4803;4843;12.18;0.74;224.26;5.27;726;31;1646.00;40
4080;31;628433557;4080;120;4804;4844;12.22;0.74;224.19;5.27;724;31;1647.00;40
4085;31;628433568;4085;121;4804;4844;12.22;0.74;224.22;5.27;719;31;1648.00;40
4088;31;628433583;4088;123;4805;4845;12.22;0.74;224.19;5.27;717;31;1649.00;40
4090;31;628433596;4090;128;4807;4845;12.17;0.74;224.18;5.36;717;31;1650.00;38
4093;31;628433606;4093;128;4807;4845;12.15;0.74;224.25;5.36;714;31;1651.00;38
4095;31;628433617;4095;132;4808;4845;12.11;0.74;224.25;5.37;713;31;1652.00;37
4099;31;628433632;4099;139;4808;4845;12.04;0.73;224.37;5.37;709;31;1653.00;37
4105;31;628433646;4105;140;4808;4845;11.97;0.73;224.40;5.37;703;31;1654.00;37
4109;31;628433657;4109;142;4808;4845;11.98;0.73;224.43;5.37;699;31;1655.00;37
4110;31;628433668;4110;154;4846;4915;11.85;0.72;224.39;5.33;736;31;1656.00;69
4113;31;628433684;4113;150;4846;4916;11.84;0.72;224.44;5.33;733;31;1657.00;70
4114;31;628433696;4114;154;4853;4916;11.81;0.72;224.53;5.33;739;31;1658.00;63
4116;31;628433708;4116;155;4858;4916;11.80;0.72;224.52;5.32;742;31;1659.00;58
4117;31;628433718;4117;158;4864;4916;11.66;0.71;224.52;5.34;747;31;1660.00;52
4117;31;628433735;4117;160;4866;4916;11.59;0.71;224.52;5.34;749;31;1661.00;50
4119;31;628433745;4119;164;4869;4916;11.44;0.70;224.55;5.36;750;31;1662.00;47
4119;31;628433756;4119;165;4873;4916;11.38;0.70;224.55;5.37;754;31;1663.00;43
4120;31;628433773;4120;168;4874;4917;11.37;0.70;224.54;5.37;754;31;1664.00;43
4126;32;628433792;4126;171;4881;4919;11.31;0.69;224.51;5.38;755;32;1665.00;38
4129;32;628433820;4129;179;4883;4919;11.23;0.69;224.50;5.38;754;32;1666.00;36
4131;32;628433836;4131;185;4886;4923;11.18;0.68;224.50;5.38;755;32;1667.00;37
4135;32;628433851;4135;187;4887;4923;11.05;0.68;224.39;5.39;752;32;1668.00;36
4136;32;628433868;4136;195;4888;4923;10.92;0.67;224.39;5.41;752;32;1669.00;35
4138;32;628433886;4138;199;4889;4923;10.80;0.66;224.39;5.42;751;32;1670.00;34
4141;32;628433906;4141;211;4894;4929;10.78;0.66;224.39;5.41;753;32;1671.00;35
4144;32;628433925;4144;215;4895;4929;10.69;0.66;224.33;5.42;751;32;1672.00;34
4147;32;628433937;4147;220;4897;4929;10.61;0.65;224.29;5.43;750;32;1673.00;32
4149;32;628433948;4149;225;4901;4932;10.58;0.65;224.25;5.44;752;32;1674.00;31
4153;32;628433961;4153;234;4902;4932;10.41;0.64;224.19;5.44;749;32;1675.00;30
4156;32;628433972;4156;238;4904;4932;10.22;0.62;224.16;5.45;748;32;1676.00;28
4159;32;628433983;4159;243;4904;4933;9.99;0.61;224.19;5.45;745;32;1677.00;29
4161;32;628433994;4161;254;4907;4934;9.80;0.60;224.18;5.46;746;32;1678.00;27
4165;32;628434010;4165;251;4907;4934;9.55;0.59;224.14;5.46;742;32;1679.00;27
4169;32;628434028;4169;256;4923;4960;9.28;0.57;224.08;5.44;754;32;1680.00;37
4172;32;628434040;4172;248;4923;4960;9.15;0.56;224.04;5.44;751;32;1681.00;37
4175;32;628434050;4175;246;4927;4960;8.99;0.55;224.01;5.44;752;32;1682.00;33
4175;32;628434059;4175;245;4929;4961;8.94;0.55;224.01;5.44;754;32;1683.00;32
4178;32;628434068;4178;244;4931;4961;8.90;0.54;223.93;5.44;753;32;1684.00;30
4181;32;628434077;4181;243;4935;4965;8.84;0.54;223.92;5.43;754;32;1685.00;30
4182;32;628434087;4182;247;4935;4965;8.87;0.54;223.92;5.43;753;32;1686.00;30
4184;33;628434097;4184;249;4939;4969;8.87;0.54;223.97;5.43;755;33;1687.00;30
4188;34;628434120;4188;255;4941;4969;8.85;0.54;223.93;5.44;753;34;1688.00;28
4188;34;628434143;4188;259;4941;4969;8.81;0.54;223.93;5.44;753;34;1689.00;28
4191;34;628434153;4191;257;4941;4969;8.71;0.53;224.05;5.44;750;34;1690.00;28
4193;34;628434162;4193;261;4941;4969;8.64;0.53;223.99;5.44;748;34;1691.00;28
4196;34;628434171;4196;267;4953;4981;8.55;0.52;223.92;5.43;757;34;1692.00;28
4203;34;628434181;4203;271;4953;4981;8.35;0.51;223.87;5.43;750;34;1693.00;28
4204;34;628434191;4204;273;4956;4981;8.26;0.51;223.87;5.43;752;34;1694.00;25
4210;34;628434200;4210;284;4956;4981;8.13;0.50;223.89;5.43;746;34;1695.00;25
4215;34;628434209;4215;291;4956;4981;8.01;0.49;223.81;5.43;741;34;1696.00;25
4218;34;628434218;4218;292;4956;4981;7.86;0.48;223.87;5.43;738;34;1697.00;25
4222;34;628434227;4222;297;4957;4982;7.63;0.47;223.92;5.43;735;34;1698.00;25
4222;34;628434235;4222;296;4957;4982;7.49;0.46;223.92;5.43;735;34;1699.00;25
4225;34;628434247;4225;301;4962;4988;7.42;0.46;223.92;5.42;737;34;1700.00;26
4228;34;628434263;4228;290;4963;4989;7.23;0.44;223.99;5.42;735;34;1701.00;26
4229;34;628434272;4229;290;4964;4989;7.15;0.44;223.95;5.42;735;34;1702.00;25
4231;34;628434281;4231;286;4964;4989;7.03;0.43;224.01;5.42;733;34;1703.00;25
4234;34;628434289;4234;281;4968;4993;7.00;0.43;224.03;5.42;734;34;1704.00;25
4237;34;628434299;4237;282;4968;4993;6.99;0.43;224.11;5.42;731;34;1705.00;25
4238;34;628434308;4238;282;4968;4993;6.95;0.43;224.12;5.42;730;34;1706.00;25
4243;34;628434317;4243;277;4969;4994;6.97;0.43;224.23;5.42;726;34;1707.00;25
4247;34;628434326;4247;270;4973;4998;6.94;0.43;224.20;5.41;726;34;1708.00;25
4249;34;628434335;4249;271;4973;4998;7.05;0.43;224.17;5.41;724;34;1709.00;25
4253;34;628434346;4253;268;4976;5004;7.19;0.44;224.19;5.41;723;34;1710.00;28
4258;34;628434356;4258;275;4977;5004;7.22;0.44;224.21;5.41;719;34;1711.00;27
4259;34;628434365;4259;273;4977;5004;7.28;0.45;224.19;5.41;718;34;1712.00;27
4263;34;628434374;4263;272;4978;5004;7.32;0.45;224.14;5.41;715;34;1713.00;26
4267;34;628434383;4267;270;4981;5008;7.41;0.45;224.09;5.41;714;34;1714.00;27
4271;34;628434393;4271;269;4981;5008;7.36;0.45;224.05;5.41;710;34;1715.00;27
4275;34;628434401;4275;269;4982;5008;7.33;0.45;224.06;5.41;707;34;1716.00;26
4277;34;628434410;4277;270;4982;5008;7.29;0.45;224.07;5.41;705;34;1717.00;26
4281;34;628434419;4281;272;4984;5009;7.21;0.44;224.03;5.41;703;34;1718.00;25
4286;34;628434428;4286;274;4985;5010;7.17;0.44;224.05;5.40;699;34;1719.00;25
4287;34;628434437;4287;277;4985;5010;7.17;0.44;224.03;5.40;698;34;1720.00;25
4292;34;628434445;4292;280;4986;5011;7.08;0.43;224.01;5.40;694;34;1721.00;25
4298;34;628434454;4298;274;4986;5011;7.01;0.43;224.11;5.40;688;34;1722.00;25
4301;34;628434463;4301;274;4986;5011;6.97;0.43;224.00;5.40;685;34;1723.00;25
4305;34;628434474;4305;265;4986;5011;6.89;0.42;224.01;5.40;681;34;1724.00;25
4309;34;628434483;4309;267;4986;5011;6.79;0.41;224.00;5.40;677;34;1725.00;25
4311;34;628434492;4311;262;4986;5011;6.78;0.41;224.06;5.40;675;34;1726.00;25
4315;34;628434500;4315;260;4987;5011;6.73;0.41;224.08;5.47;672;34;1727.00;24
4319;34;628434510;4319;272;5059;5138;7.20;0.45;224.07;5.40;740;34;1728.00;79
4320;34;628434529;4320;267;5062;5139;7.23;0.45;224.10;5.39;742;34;1729.00;77
4322;34;628434539;4322;272;5071;5139;7.29;0.45;224.16;5.39;749;34;1730.00;68
4324;34;628434549;4324;271;5075;5139;7.36;0.46;224.17;5.39;751;34;1731.00;64
4326;34;628434558;4326;272;5079;5139;7.37;0.46;224.20;5.39;753;34;1732.00;60
4329;34;628434568;4329;275;5082;5139;7.43;0.46;224.25;5.39;753;34;1733.00;57
4332;34;628434577;4332;277;5085;5139;7.54;0.47;224.41;5.39;753;34;1734.00;54
4334;34;628434587;4334;279;5090;5139;7.66;0.47;224.38;5.39;756;34;1735.00;49
4339;34;628434598;4339;286;5092;5140;7.65;0.47;224.29;5.39;753;34;1736.00;48
4341;34;628434608;4341;291;5096;5141;7.64;0.47;224.25;5.39;755;34;1737.00;45
4343;34;628434620;4343;299;5101;5141;7.60;0.47;224.25;5.40;758;34;1738.00;40
4345;34;628434630;4345;289;5106;5142;7.61;0.47;224.25;5.40;761;34;1739.00;36
4347;34;628434643;4347;290;5109;5142;7.69;0.47;224.25;5.40;762;34;1740.00;33
4347;34;628434654;4347;289;5110;5142;7.71;0.47;224.25;5.40;763;34;1741.00;32
4349;34;628434665;4349;286;5112;5142;7.78;0.48;224.30;5.41;763;34;1742.00;30
4349;34;628434675;4349;289;5115;5146;7.85;0.48;224.30;5.41;766;34;1743.00;31
4356;34;628434686;4356;292;5117;5146;7.94;0.49;224.34;5.41;761;34;1744.00;29
4359;34;628434698;4359;285;5118;5146;7.99;0.49;224.35;5.41;759;34;1745.00;28
4361;34;628434719;4361;283;5121;5149;8.11;0.50;224.38;5.41;760;34;1746.00;28
4363;34;628434742;4363;269;5121;5149;8.20;0.50;224.39;5.41;758;34;1747.00;28
4366;34;628434755;4366;260;5122;5149;8.27;0.51;224.40;5.41;756;34;1748.00;27
4368;34;628434771;4368;250;5127;5153;8.32;0.51;224.56;5.46;759;34;1749.00;26
4371;34;628434784;4371;244;5129;5154;8.42;0.52;224.52;5.46;758;34;1750.00;25
4374;34;628434802;4374;243;5129;5154;8.58;0.52;224.61;5.46;755;34;1751.00;25
4375;34;628434814;4375;238;5133;5158;8.69;0.53;224.56;5.46;758;34;1752.00;25
4379;34;628434825;4379;230;5133;5158;8.77;0.54;224.70;5.46;754;34;1753.00;25
4381;34;628434836;4381;228;5133;5158;8.85;0.54;224.66;5.46;752;34;1754.00;25
4384;34;628434847;4384;218;5135;5160;8.94;0.54;224.63;5.46;751;34;1755.00;25
4387;34;628434857;4387;202;5135;5160;9.01;0.55;224.64;5.46;748;34;1756.00;25
4388;34;628434869;4388;184;5139;5166;9.09;0.55;224.59;5.45;751;34;1757.00;27
4388;34;628434881;4388;172;5139;5166;9.26;0.56;224.59;5.45;751;34;1758.00;27
4391;34;628434892;4391;158;5140;5167;9.46;0.57;224.52;5.45;749;34;1759.00;27
4392;34;628434903;4392;147;5140;5167;9.68;0.59;224.52;5.45;748;34;1760.00;27
4397;34;628434921;4397;148;5140;5167;9.82;0.60;224.76;5.45;743;34;1761.00;27
4398;34;628434935;4398;142;5140;5167;10.07;0.61;224.74;5.45;742;34;1762.00;27
4401;34;628434948;4401;140;5140;5167;10.26;0.62;224.84;5.45;739;34;1763.00;27
4403;34;628434961;4403;135;5150;5179;10.45;0.63;224.91;5.44;747;34;1764.00;29
4405;34;628434976;4405;132;5151;5179;10.59;0.64;225.00;5.44;746;34;1765.00;28
4408;34;628434989;4408;131;5151;5179;10.75;0.65;225.09;5.44;743;34;1766.00;28
4411;34;628435002;4411;127;5151;5179;10.87;0.66;225.13;5.44;740;34;1767.00;28
4412;34;628435016;4412;128;5151;5179;11.02;0.67;225.12;5.44;739;34;1768.00;28
4413;34;628435029;4413;131;5151;5179;11.22;0.68;225.20;5.44;738;34;1769.00;28
4415;34;628435044;4415;129;5154;5183;11.28;0.68;225.18;5.44;739;34;1770.00;29
4420;34;628435057;4420;129;5154;5183;11.25;0.68;225.33;5.44;734;34;1771.00;29
4421;34;628435070;4421;125;5157;5187;11.36;0.69;225.36;5.44;736;34;1772.00;30
4424;34;628435083;4424;120;5158;5188;11.42;0.69;225.32;5.44;734;34;1773.00;30
4426;34;628435097;4426;122;5159;5188;11.46;0.70;225.49;5.44;733;34;1774.00;29
4430;34;628435115;4430;117;5159;5188;11.45;0.70;225.54;5.44;729;34;1775.00;29
4432;34;628435127;4432;120;5170;5201;11.58;0.70;225.55;5.42;738;34;1776.00;31
4434;34;628435141;4434;113;5170;5201;11.61;0.70;225.64;5.42;736;34;1777.00;31
4438;34;628435153;4438;113;5170;5201;11.70;0.71;225.73;5.42;732;34;1778.00;31
4441;34;628435164;4441;114;5171;5202;11.77;0.71;225.81;5.42;730;34;1779.00;31
4442;34;628435176;4442;116;5171;5203;11.90;0.72;225.86;5.42;729;34;1780.00;32
4444;34;628435187;4444;119;5171;5203;11.90;0.72;225.93;5.42;727;34;1781.00;32
4445;34;628435198;4445;120;5173;5206;11.92;0.72;225.92;5.42;728;34;1782.00;33
4451;34;628435210;4451;118;5173;5206;11.88;0.72;226.06;5.42;722;34;1783.00;33
4453;34;628435221;4453;121;5175;5206;11.91;0.72;226.14;5.49;722;34;1784.00;31
4454;34;628435232;4454;121;5175;5206;11.90;0.72;226.18;5.49;721;34;1785.00;31
4460;35;628435243;4460;120;5179;5212;11.91;0.73;226.19;5.48;719;35;1786.00;33
4463;35;628435267;4463;120;5179;5212;11.99;0.73;226.20;5.48;716;35;1787.00;33
4466;35;628435277;4466;115;5180;5212;12.07;0.74;226.18;5.48;714;35;1788.00;32
4470;35;628435288;4470;113;5180;5212;12.14;0.74;226.23;5.48;710;35;1789.00;32
4474;35;628435299;4474;113;5183;5216;12.17;0.74;226.31;5.48;709;35;1790.00;33
4477;35;628435310;4477;114;5184;5217;12.18;0.74;226.41;5.48;707;35;1791.00;33
4482;35;628435322;4482;109;5184;5217;12.17;0.74;226.43;5.48;702;35;1792.00;33
4486;35;628435332;4486;111;5185;5218;12.28;0.75;226.47;5.48;699;35;1793.00;33
4490;35;628435344;4490;114;5185;5218;12.32;0.75;226.48;5.48;695;35;1794.00;33
4493;35;628435355;4493;113;5185;5218;12.42;0.76;226.55;5.48;692;35;1795.00;33
4495;35;628435366;4495;112;5185;5218;12.49;0.76;226.57;5.48;690;35;1796.00;33
4500;35;628435376;4500;112;5185;5218;12.55;0.76;226.63;5.48;685;35;1797.00;33
4504;35;628435386;4504;112;5185;5218;12.56;0.76;226.59;5.48;681;35;1798.00;33
4509;35;628435397;4509;109;5185;5218;12.59;0.77;226.71;5.48;676;35;1799.00;33
4511;35;628435409;4511;131;5249;5356;12.21;0.75;226.79;5.41;738;35;1800.00;107
4516;35;628435435;4516;121;5249;5357;12.29;0.76;226.91;5.41;733;35;1801.00;108
4519;35;628435445;4519;110;5260;5357;12.32;0.76;226.95;5.47;741;35;1802.00;97
4521;35;628435455;4521;103;5264;5357;12.36;0.76;226.98;5.47;743;35;1803.00;93
4528;35;628435466;4528;97;5269;5357;12.42;0.76;227.09;5.47;741;35;1804.00;88
4530;35;628435478;4530;99;5277;5357;12.45;0.76;227.17;5.48;747;35;1805.00;80
4536;35;628435489;4536;96;5280;5357;12.45;0.76;227.27;5.48;744;35;1806.00;77
4538;35;628435500;4538;104;5282;5357;12.42;0.76;227.37;5.48;744;35;1807.00;75
4542;35;628435512;4542;105;5286;5358;12.40;0.76;227.34;5.48;744;35;1808.00;72
4545;35;628435523;4545;103;5286;5359;12.38;0.76;227.31;5.48;741;35;1809.00;73
4548;35;628435534;4548;97;5290;5359;12.33;0.76;227.33;5.56;742;35;1810.00;69
4552;35;628435545;4552;99;5294;5363;12.31;0.76;227.29;5.55;742;35;1811.00;69
4557;35;628435557;4557;102;5295;5363;12.18;0.75;227.25;5.55;738;35;1812.00;68
4560;35;628435568;4560;99;5297;5363;12.10;0.74;227.25;5.62;737;35;1813.00;66
4565;35;628435580;4565;100;5298;5363;11.99;0.74;227.21;5.63;733;35;1814.00;65
4571;35;628435598;4571;105;5302;5369;11.93;0.73;227.12;5.70;731;35;1815.00;67
4574;35;628435614;4574;106;5302;5369;11.93;0.73;227.15;5.70;728;35;1816.00;67
4578;35;628435632;4578;109;5304;5369;11.95;0.73;227.12;5.77;726;35;1817.00;65
4582;35;628435643;4582;114;5307;5372;11.93;0.73;227.16;5.77;725;35;1818.00;65
4583;35;628435655;4583;114;5308;5372;11.92;0.73;227.19;5.77;725;35;1819.00;64
4585;35;628435667;4585;120;5311;5372;11.93;0.73;227.18;5.84;726;35;1820.00;61
4586;35;628435679;4586;127;5312;5373;11.91;0.73;227.17;5.85;726;35;1821.00;61
4587;35;628435690;4587;133;5313;5374;11.90;0.73;227.17;5.85;726;35;1822.00;61
4589;35;628435701;4589;139;5315;5374;11.79;0.72;227.15;5.92;726;35;1823.00;59
4592;35;628435712;4592;143;5322;5387;11.63;0.71;227.17;5.92;730;35;1824.00;65
4595;35;628435729;4595;144;5324;5387;11.56;0.70;227.06;5.92;729;35;1825.00;63
4597;35;628435740;4597;151;5326;5387;11.47;0.70;227.00;5.92;729;35;1826.00;61
4599;35;628435755;4599;155;5330;5388;11.40;0.70;227.07;5.93;731;35;1827.00;58
4602;35;628435785;4602;160;5330;5388;11.30;0.69;227.04;5.93;728;35;1828.00;58
4605;36;628435804;4605;175;5333;5392;11.24;0.68;227.04;5.93;728;36;1829.00;59
4609;36;628435847;4609;184;5335;5392;11.07;0.67;227.13;5.93;726;36;1830.00;57
4610;36;628435865;4610;188;5340;5396;10.90;0.66;227.13;5.95;730;36;1831.00;56
4612;36;628435882;4612;189;5341;5396;10.84;0.66;227.20;5.95;729;36;1832.00;55
4616;36;628435896;4616;198;5344;5396;10.80;0.66;227.27;5.97;728;36;1833.00;52
4622;36;628435908;4622;200;5344;5396;10.75;0.65;227.30;5.97;722;36;1834.00;52
4627;36;628435920;4627;206;5346;5396;10.69;0.65;227.30;5.99;719;36;1835.00;50
4631;36;628435932;4631;209;5358;5408;10.54;0.64;227.44;5.98;727;36;1836.00;50
4634;36;628435945;4634;208;5359;5408;10.37;0.63;227.44;5.99;725;36;1837.00;49
4635;36;628435956;4635;207;5362;5408;10.19;0.62;227.48;6.00;727;36;1838.00;46
4638;36;628435968;4638;213;5363;5408;10.10;0.62;227.49;6.00;725;36;1839.00;45
4640;36;628435979;4640;224;5364;5408;10.06;0.61;227.46;6.01;724;36;1840.00;44
4640;36;628435989;4640;236;5366;5408;9.96;0.61;227.46;6.02;726;36;1841.00;42
4642;36;628435999;4642;241;5368;5409;9.82;0.60;227.51;6.04;726;36;1842.00;41
4644;37;628436009;4644;246;5368;5409;9.71;0.59;227.48;6.04;724;37;1843.00;41
4647;37;628436032;4647;249;5373;5415;9.67;0.59;227.48;6.04;726;37;1844.00;42
4651;37;628436043;4651;258;5377;5417;9.53;0.58;227.41;6.04;726;37;1845.00;40
4654;37;628436053;4654;270;5378;5417;9.38;0.57;227.34;6.05;724;37;1846.00;39
4654;37;628436063;4654;272;5378;5417;9.28;0.57;227.34;6.05;724;37;1847.00;39
4657;37;628436072;4657;275;5381;5421;9.16;0.56;227.33;6.04;724;37;1848.00;40
4660;37;628436083;4660;277;5383;5421;9.03;0.55;227.35;6.05;723;37;1849.00;38
4662;37;628436093;4662;275;5384;5421;8.92;0.54;227.34;6.06;722;37;1850.00;37
4662;37;628436103;4662;279;5388;5422;8.83;0.54;227.34;6.07;726;37;1851.00;34
4665;37;628436113;4665;275;5391;5426;8.67;0.53;227.38;6.06;726;37;1852.00;35
4667;37;628436123;4667;280;5391;5426;8.53;0.52;227.40;6.06;724;37;1853.00;35
4669;37;628436134;4669;280;5395;5429;8.38;0.51;227.42;6.06;726;37;1854.00;34
4670;37;628436145;4670;274;5396;5429;8.30;0.51;227.48;6.06;726;37;1855.00;33
4671;37;628436153;4671;272;5397;5429;8.27;0.51;227.51;6.06;726;37;1856.00;32
4677;37;628436162;4677;270;5398;5429;8.21;0.50;227.45;6.06;721;37;1857.00;31
4679;37;628436172;4679;270;5401;5433;8.24;0.50;227.43;6.06;722;37;1858.00;32
4683;37;628436181;4683;267;5401;5433;8.17;0.50;227.43;6.06;718;37;1859.00;32
4687;37;628436192;4687;266;5402;5433;8.15;0.50;227.51;6.06;715;37;1860.00;31
4689;37;628436200;4689;273;5402;5433;8.04;0.49;227.44;6.06;713;37;1861.00;31
4691;37;628436209;4691;278;5403;5434;7.93;0.48;227.43;6.06;712;37;1862.00;31
4694;37;628436217;4694;284;5404;5435;7.72;0.47;227.36;6.06;710;37;1863.00;31
4699;37;628436226;4699;287;5404;5435;7.55;0.46;227.44;6.06;705;37;1864.00;31
4700;37;628436234;4700;291;5405;5436;7.47;0.46;227.40;6.06;705;37;1865.00;31
4702;37;628436243;4702;295;5405;5436;7.40;0.46;227.43;6.06;703;37;1866.00;31
4707;37;628436252;4707;300;5405;5436;7.31;0.45;227.47;6.06;698;37;1867.00;31
4710;37;628436260;4710;306;5405;5436;7.13;0.44;227.46;6.06;695;37;1868.00;31
4714;37;628436268;4714;307;5405;5436;6.91;0.43;227.58;6.06;691;37;1869.00;31
4717;37;628436276;4717;298;5405;5436;6.66;0.41;227.56;6.06;688;37;1870.00;31
4721;37;628436284;4721;304;5405;5436;6.46;0.40;227.60;6.06;684;37;1871.00;31
4722;37;628436292;4722;325;5475;5563;6.63;0.42;227.57;5.98;753;37;1872.00;88
4723;37;628436309;4723;315;5480;5564;6.54;0.41;227.60;5.98;757;37;1873.00;84
4725;37;628436317;4725;313;5491;5564;6.61;0.42;227.61;5.97;766;37;1874.00;73
4728;37;628436325;4728;313;5492;5564;6.57;0.41;227.58;5.97;764;37;1875.00;72
4730;37;628436333;4730;314;5499;5564;6.62;0.42;227.61;5.97;769;37;1876.00;65
4732;37;628436341;4732;316;5503;5564;6.60;0.42;227.61;5.96;771;37;1877.00;61
4736;37;628436350;4736;312;5509;5564;6.64;0.42;227.58;5.96;773;37;1878.00;55
4737;37;628436359;4737;316;5511;5564;6.69;0.42;227.60;5.96;774;37;1879.00;53
4739;37;628436375;4739;317;5516;5565;6.73;0.42;227.66;5.97;777;37;1880.00;49
4742;37;628436384;4742;317;5520;5566;6.76;0.42;227.63;5.97;778;37;1881.00;46
4746;37;628436395;4746;321;5523;5568;6.76;0.42;227.66;5.97;777;37;1882.00;45
4750;37;628436404;4750;323;5525;5569;6.72;0.42;227.70;5.97;775;37;1883.00;44
4754;37;628436414;4754;325;5527;5569;6.66;0.41;227.61;5.97;773;37;1884.00;42
4756;37;628436424;4756;326;5529;5569;6.63;0.41;227.67;5.97;773;37;1885.00;40
4760;37;628436433;4760;327;5531;5569;6.60;0.41;227.61;5.98;771;37;1886.00;38
4763;37;628436443;4763;325;5535;5573;6.58;0.41;227.66;5.98;772;37;1887.00;38
4764;37;628436452;4764;323;5536;5573;6.54;0.41;227.69;5.98;772;37;1888.00;37
4766;37;628436461;4766;319;5539;5573;6.53;0.40;227.78;5.98;773;37;1889.00;34
4771;37;628436473;4771;322;5543;5579;6.57;0.41;227.77;5.98;772;37;1890.00;36
4773;37;628436483;4773;312;5545;5579;6.60;0.41;227.78;5.97;772;37;1891.00;34
4775;37;628436493;4775;303;5546;5579;6.72;0.41;227.77;5.97;771;37;1892.00;33
4776;37;628436503;4776;296;5550;5583;6.79;0.42;227.78;5.97;774;37;1893.00;33
4779;37;628436513;4779;290;5551;5584;6.88;0.42;227.77;5.97;772;37;1894.00;33
4784;37;628436523;4784;289;5551;5584;6.98;0.43;227.65;5.97;767;37;1895.00;33
4788;37;628436534;4788;285;5555;5588;7.05;0.43;227.58;5.96;767;37;1896.00;33
4791;37;628436545;4791;290;5555;5588;7.16;0.44;227.52;5.96;764;37;1897.00;33
4794;37;628436562;4794;284;5555;5588;7.27;0.44;227.55;5.96;761;37;1898.00;33
4798;37;628436572;4798;283;5556;5589;7.35;0.45;227.61;5.96;758;37;1899.00;33
4803;37;628436590;4803;279;5556;5589;7.47;0.45;227.63;5.96;753;37;1900.00;33
4807;37;628436607;4807;273;5561;5595;7.54;0.46;227.74;5.96;754;37;1901.00;34
4810;37;628436619;4810;267;5562;5595;7.63;0.46;227.73;5.96;752;37;1902.00;33
4814;37;628436630;4814;268;5563;5596;7.70;0.47;227.85;5.96;749;37;1903.00;33
4815;37;628436648;4815;265;5563;5596;7.80;0.47;227.87;5.96;748;37;1904.00;33
4819;37;628436659;4819;261;5563;5596;7.93;0.48;227.88;5.96;744;37;1905.00;33
4822;37;628436670;4822;260;5563;5596;8.06;0.49;227.90;5.96;741;37;1906.00;33
4823;37;628436681;4823;262;5563;5596;8.16;0.49;227.95;5.96;740;37;1907.00;33
4826;37;628436692;4826;264;5573;5608;8.31;0.50;227.94;5.95;747;37;1908.00;35
4828;37;628436704;4828;261;5574;5608;8.33;0.50;228.01;5.95;746;37;1909.00;34
4829;37;628436715;4829;266;5574;5608;8.37;0.51;228.03;5.95;745;37;1910.00;34
4831;37;628436726;4831;268;5574;5608;8.41;0.51;228.05;5.95;743;37;1911.00;34
4834;37;628436737;4834;271;5574;5608;8.43;0.51;228.08;5.95;740;37;1912.00;34
4837;37;628436748;4837;270;5574;5608;8.46;0.51;228.10;5.95;737;37;1913.00;34
4840;37;628436759;4840;275;5577;5612;8.60;0.52;228.15;5.94;737;37;1914.00;35
4844;37;628436773;4844;265;5578;5612;8.60;0.52;228.07;6.03;734;37;1915.00;34
4847;37;628436785;4847;263;5581;5616;8.67;0.53;228.16;6.02;734;37;1916.00;35
4848;37;628436796;4848;249;5582;5617;8.77;0.53;228.18;6.02;734;37;1917.00;35
4849;37;628436808;4849;237;5583;5617;8.86;0.54;228.21;6.02;734;37;1918.00;34
4850;37;628436819;4850;233;5583;5617;8.93;0.54;228.20;6.02;733;37;1919.00;34
4855;37;628436831;4855;235;5604;5646;9.01;0.55;228.19;6.00;749;37;1920.00;42
4857;37;628436844;4857;236;5604;5646;9.08;0.55;228.31;6.00;747;37;1921.00;42
4858;37;628436855;4858;224;5606;5646;9.19;0.56;228.31;6.00;748;37;1922.00;40
4863;37;628436866;4863;218;5608;5647;9.22;0.56;228.42;6.00;745;37;1923.00;39
4866;37;628436877;4866;212;5609;5648;9.27;0.56;228.48;6.00;743;37;1924.00;39
4869;37;628436888;4869;210;5609;5648;9.26;0.56;228.55;6.00;740;37;1925.00;39
4872;37;628436904;4872;194;5612;5651;9.36;0.57;228.60;5.99;740;37;1926.00;39
4876;37;628436916;4876;175;5612;5651;9.42;0.57;228.76;5.99;736;37;1927.00;39
4879;37;628436928;4879;168;5612;5651;9.57;0.58;228.76;5.99;733;37;1928.00;39
4880;37;628436939;4880;153;5612;5651;9.69;0.59;228.76;5.99;732;37;1929.00;39
4885;37;628436956;4885;150;5616;5657;9.82;0.59;228.84;5.99;731;37;1930.00;41
4887;37;628436968;4887;145;5616;5657;9.94;0.60;228.88;5.99;729;37;1931.00;41
4891;37;628436981;4891;143;5617;5657;10.08;0.61;228.99;5.99;726;37;1932.00;40
4892;37;628436992;4892;143;5617;5657;10.21;0.62;228.99;5.99;725;37;1933.00;40
4895;37;628437004;4895;139;5620;5661;10.27;0.62;228.99;5.99;725;37;1934.00;41
4898;37;628437021;4898;136;5622;5663;10.42;0.63;228.98;5.98;724;37;1935.00;41
4900;37;628437033;4900;129;5622;5663;10.56;0.64;228.99;5.98;722;37;1936.00;41
4901;38;628437044;4901;125;5624;5664;10.68;0.65;229.04;6.07;723;38;1937.00;40
4903;38;628437067;4903;123;5624;5664;10.84;0.66;229.04;6.07;721;38;1938.00;40
4907;39;628437078;4907;123;5624;5664;10.93;0.66;229.09;6.07;717;39;1939.00;40
4910;39;628437107;4910;121;5624;5664;11.02;0.67;229.11;6.07;714;39;1940.00;40
4913;39;628437119;4913;124;5624;5664;11.10;0.67;229.25;6.07;711;39;1941.00;40
4917;39;628437130;4917;119;5624;5664;11.17;0.68;229.28;6.07;707;39;1942.00;40
4918;39;628437142;4918;121;5624;5664;11.29;0.69;229.29;6.07;706;39;1943.00;40
4922;39;628437153;4922;134;5666;5734;11.03;0.67;229.45;6.03;744;39;1944.00;68
4924;39;628437170;4924;123;5666;5735;11.15;0.68;229.43;6.03;742;39;1945.00;69
4926;39;628437181;4926;120;5671;5735;11.27;0.69;229.50;6.02;745;39;1946.00;64
4929;39;628437193;4929;117;5675;5735;11.42;0.70;229.54;6.02;746;39;1947.00;60
4930;39;628437204;4930;118;5679;5735;11.57;0.70;229.55;6.02;749;39;1948.00;56
4934;39;628437215;4934;118;5682;5735;11.69;0.71;229.62;6.02;748;39;1949.00;53
4938;39;628437228;4938;121;5684;5737;11.76;0.72;229.69;6.02;746;39;1950.00;53
4940;39;628437239;4940;123;5688;5737;11.86;0.72;229.73;6.02;748;39;1951.00;49
4942;39;628437257;4942;127;5690;5738;11.89;0.72;229.83;6.02;748;39;1952.00;48
4946;39;628437268;4946;134;5693;5739;11.94;0.73;229.96;6.02;747;39;1953.00;46
4948;39;628437285;4948;142;5694;5739;11.94;0.73;229.93;6.02;746;39;1954.00;45
4950;39;628437296;4950;143;5697;5743;11.85;0.72;230.04;6.01;747;39;1955.00;46
4953;39;628437307;4953;147;5697;5743;11.81;0.72;230.05;6.01;744;39;1956.00;46
4957;39;628437317;4957;148;5697;5743;11.77;0.72;230.12;6.01;740;39;1957.00;46
4959;39;628437328;4959;152;5697;5743;11.73;0.71;230.19;6.01;738;39;1958.00;46
4961;39;628437339;4961;156;5701;5749;11.73;0.71;230.23;6.01;740;39;1959.00;48
4963;39;628437353;4963;157;5702;5749;11.74;0.71;230.26;6.01;739;39;1960.00;47
4967;39;628437364;4967;162;5702;5749;11.72;0.71;230.27;6.01;735;39;1961.00;47
4968;39;628437375;4968;161;5705;5752;11.73;0.71;230.32;6.01;737;39;1962.00;47
4970;39;628437387;4970;161;5705;5752;11.72;0.71;230.37;6.01;735;39;1963.00;47
4972;39;628437399;4972;160;5705;5752;11.76;0.72;230.41;6.01;733;39;1964.00;47
4980;39;628437411;4980;163;5705;5753;11.76;0.72;230.40;6.01;725;39;1965.00;48
4983;39;628437421;4983;162;5706;5754;11.73;0.71;230.42;6.01;723;39;1966.00;48
4988;39;628437432;4988;163;5706;5754;11.70;0.71;230.33;6.01;718;39;1967.00;48
4995;39;628437442;4995;164;5715;5767;11.58;0.70;230.29;6.00;720;39;1968.00;52
4997;39;628437460;4997;157;5715;5767;11.61;0.71;230.32;6.00;718;39;1969.00;52
4999;39;628437471;4999;155;5715;5767;11.62;0.71;230.29;6.00;716;39;1970.00;52
5005;39;628437481;5005;155;5716;5768;11.64;0.70;230.18;6.00;711;39;1971.00;52
5008;39;628437492;5008;145;5716;5768;11.67;0.71;230.20;6.00;708;39;1972.00;52
5010;39;628437502;5010;137;5719;5772;11.73;0.71;230.16;5.99;709;39;1973.00;53
5014;39;628437513;5014;135;5720;5772;11.78;0.71;230.22;6.00;706;39;1974.00;52
5017;39;628437523;5017;135;5725;5776;11.81;0.72;230.17;6.01;708;39;1975.00;51
5019;39;628437533;5019;129;5725;5776;11.84;0.72;230.17;6.01;706;39;1976.00;51
5025;39;628437544;5025;131;5725;5776;11.81;0.71;230.24;6.01;700;39;1977.00;51
5026;39;628437554;5026;127;5725;5776;11.85;0.72;230.23;6.01;699;39;1978.00;51
5031;39;628437565;5031;127;5725;5776;11.94;0.72;230.28;6.01;694;39;1979.00;51
5034;39;628437577;5034;130;5745;5810;11.92;0.73;230.29;5.99;711;39;1980.00;65
5036;39;628437589;5036;125;5746;5810;12.03;0.73;230.36;5.99;710;39;1981.00;64
5039;39;628437600;5039;124;5747;5810;12.09;0.74;230.30;5.99;708;39;1982.00;63
5042;39;628437610;5042;125;5747;5810;12.07;0.73;230.29;5.99;705;39;1983.00;63
5045;39;628437621;5045;127;5748;5810;12.01;0.73;230.30;5.99;703;39;1984.00;62
5047;39;628437630;5047;127;5748;5810;11.95;0.73;230.33;5.99;701;39;1985.00;62
5050;39;628437641;5050;122;5749;5811;11.90;0.72;230.41;5.99;699;39;1986.00;62
5051;40;628437651;5051;128;5751;5811;11.78;0.72;230.40;5.99;700;40;1987.00;60
5056;40;628437678;5056;129;5754;5817;11.71;0.71;230.36;5.99;698;40;1988.00;63
5060;40;628437688;5060;127;5756;5818;11.72;0.71;230.31;6.00;696;40;1989.00;62
5064;40;628437698;5064;131;5759;5818;11.66;0.71;230.32;6.00;695;40;1990.00;59
5065;40;628437708;5065;133;5759;5818;11.61;0.71;230.34;6.00;694;40;1991.00;59
5069;40;628437718;5069;139;5762;5822;11.57;0.70;230.37;6.00;693;40;1992.00;60
5073;40;628437729;5073;144;5762;5822;11.50;0.70;230.35;6.00;689;40;1993.00;60
5076;40;628437739;5076;140;5763;5822;11.40;0.69;230.41;6.00;687;40;1994.00;59
5078;41;628437749;5078;145;5764;5823;11.41;0.69;230.40;6.00;686;41;1995.00;59
5079;41;628437766;5079;145;5768;5827;11.36;0.69;230.39;6.01;689;41;1996.00;59
5082;41;628437782;5082;150;5769;5827;11.29;0.69;230.49;6.01;687;41;1997.00;58
5083;41;628437806;5083;160;5771;5830;11.28;0.69;230.48;6.01;688;41;1998.00;59
5084;41;628437824;5084;166;5774;5830;11.23;0.68;230.46;6.02;690;41;1999.00;56
5085;41;628437842;5085;171;5775;5830;11.16;0.68;230.47;6.03;690;41;2000.00;55
5088;41;628437862;5088;179;5776;5830;11.08;0.67;230.46;6.03;688;41;2001.00;54
5090;41;628437878;5090;182;5779;5834;11.09;0.68;230.47;6.03;689;41;2002.00;55
5094;41;628437892;5094;188;5781;5834;10.97;0.67;230.41;6.05;687;41;2003.00;53
5097;41;628437910;5097;190;5782;5834;10.84;0.66;230.43;6.05;685;41;2004.00;52
5100;41;628437920;5100;198;5783;5834;10.67;0.65;230.40;6.06;683;41;2005.00;51
5102;41;628437932;5102;205;5784;5835;10.52;0.64;230.43;6.07;682;41;2006.00;51
5104;41;628437944;5104;211;5786;5836;10.31;0.63;230.49;6.07;682;41;2007.00;50
5106;41;628437954;5106;215;5787;5836;10.14;0.62;230.54;6.08;681;41;2008.00;49
5106;41;628437966;5106;219;5789;5837;10.03;0.61;230.54;6.08;683;41;2009.00;48
5111;41;628437978;5111;226;5790;5837;9.87;0.60;230.50;6.09;679;41;2010.00;47
5113;41;628437988;5113;233;5792;5837;9.70;0.59;230.43;6.10;679;41;2011.00;45
5115;41;628437998;5115;242;5793;5837;9.50;0.58;230.40;6.11;678;41;2012.00;44
5118;41;628438007;5118;248;5793;5837;9.31;0.57;230.34;6.11;675;41;2013.00;44
5119;41;628438016;5119;253;5794;5837;9.24;0.56;230.38;6.12;675;41;2014.00;43
5119;41;628438024;5119;265;5796;5837;9.10;0.56;230.38;6.13;677;41;2015.00;41
5122;41;628438033;5122;282;5857;5964;9.07;0.56;230.48;6.07;735;41;2016.00;107
5124;41;628438052;5124;279;5860;5965;8.85;0.55;230.43;6.08;736;41;2017.00;105
5125;41;628438062;5125;280;5871;5965;8.84;0.55;230.41;6.07;746;41;2018.00;94
5126;41;628438072;5126;271;5880;5965;8.71;0.54;230.38;6.07;754;41;2019.00;85
5129;41;628438082;5129;271;5887;5965;8.60;0.53;230.33;6.07;758;41;2020.00;78
5131;41;628438092;5131;268;5892;5965;8.49;0.53;230.30;6.07;761;41;2021.00;73
5133;41;628438101;5133;269;5899;5965;8.36;0.52;230.23;6.07;766;41;2022.00;66
5135;42;628438110;5135;266;5903;5965;8.27;0.51;230.21;6.07;768;42;2023.00;62
5139;42;628438130;5139;266;5909;5966;8.24;0.51;230.10;6.07;770;42;2024.00;57
5141;42;628438141;5141;270;5912;5968;8.21;0.50;230.02;6.07;771;42;2025.00;56
5144;42;628438151;5144;271;5916;5968;8.16;0.50;230.13;6.08;772;42;2026.00;52
5145;42;628438161;5145;279;5918;5969;8.07;0.50;230.13;6.08;773;42;2027.00;51
5145;42;628438172;5145;286;5920;5969;8.00;0.49;230.13;6.08;775;42;2028.00;49
5148;42;628438181;5148;295;5921;5969;7.95;0.49;230.07;6.08;773;42;2029.00;48
5150;42;628438190;5150;300;5925;5969;7.80;0.48;230.03;6.09;775;42;2030.00;44
5150;42;628438199;5150;310;5927;5973;7.74;0.48;230.03;6.08;777;42;2031.00;46
5152;42;628438209;5152;316;5929;5973;7.64;0.47;230.02;6.09;777;42;2032.00;44
5153;42;628438219;5153;330;5932;5973;7.46;0.46;230.06;6.09;779;42;2033.00;41
5155;42;628438228;5155;338;5934;5976;7.28;0.45;230.05;6.09;779;42;2034.00;42
5159;42;628438237;5159;344;5935;5976;7.11;0.44;230.08;6.09;776;42;2035.00;41
5161;42;628438246;5161;346;5936;5976;6.96;0.43;230.11;6.09;775;42;2036.00;40
5164;42;628438256;5164;352;5940;5980;6.81;0.42;230.20;6.09;776;42;2037.00;40
5169;42;628438265;5169;357;5942;5981;6.67;0.41;230.17;6.09;773;42;2038.00;39
5173;42;628438281;5173;367;5942;5981;6.42;0.40;230.11;6.09;769;42;2039.00;39
5175;42;628438291;5175;360;5948;5986;6.29;0.39;230.18;6.08;773;42;2040.00;38
5177;42;628438300;5177;363;5948;5986;6.11;0.38;230.22;6.08;771;42;2041.00;38
5179;42;628438316;5179;370;5948;5986;6.02;0.37;230.25;6.08;769;42;2042.00;38
5182;42;628438324;5182;356;5949;5987;5.96;0.37;230.27;6.08;767;42;2043.00;38
5185;42;628438333;5185;340;5949;5987;5.92;0.37;230.23;6.08;764;42;2044.00;38
5189;42;628438342;5189;327;5954;5993;6.00;0.37;230.20;6.08;765;42;2045.00;39
5191;42;628438353;5191;315;5954;5993;6.05;0.37;230.23;6.08;763;42;2046.00;39
5191;42;628438362;5191;310;5956;5994;6.14;0.38;230.23;6.07;765;42;2047.00;38
5197;43;628438371;5197;292;5956;5994;6.23;0.38;230.18;6.07;759;43;2048.00;38
5198;43;628438395;5198;283;5956;5994;6.38;0.39;230.14;6.07;758;43;2049.00;38
5201;43;628438405;5201;270;5956;5994;6.56;0.40;230.30;6.07;755;43;2050.00;38
5202;43;628438415;5202;261;5956;5994;6.78;0.41;230.30;6.07;754;43;2051.00;38
5204;43;628438424;5204;258;5966;6006;7.02;0.43;230.28;6.06;762;43;2052.00;40
5205;43;628438435;5205;249;5966;6006;7.19;0.44;230.30;6.06;761;43;2053.00;40
5210;43;628438446;5210;246;5968;6006;7.38;0.45;230.20;6.06;758;43;2054.00;38
5215;43;628438456;5215;251;5968;6006;7.49;0.46;230.22;6.06;753;43;2055.00;38
5216;43;628438468;5216;248;5968;6006;7.58;0.46;230.19;6.06;752;43;2056.00;38
5219;43;628438478;5219;242;5968;6006;7.67;0.47;230.28;6.06;749;43;2057.00;38
5220;43;628438488;5220;242;5972;6010;7.83;0.48;230.31;6.06;752;43;2058.00;38
5222;43;628438505;5222;245;5972;6010;7.97;0.48;230.33;6.06;750;43;2059.00;38
5224;43;628438516;5224;242;5975;6014;8.10;0.49;230.41;6.06;751;43;2060.00;39
5225;43;628438527;5225;245;5976;6015;8.23;0.50;230.39;6.06;751;43;2061.00;39
5229;43;628438538;5229;244;5977;6015;8.25;0.50;230.46;6.05;748;43;2062.00;38
5232;43;628438548;5232;246;5977;6015;8.24;0.50;230.46;6.05;745;43;2063.00;38
5236;43;628438559;5236;245;5990;6028;8.21;0.50;230.43;6.04;754;43;2064.00;38
5240;43;628438571;5240;240;5990;6028;8.21;0.50;230.51;6.04;750;43;2065.00;38
5244;43;628438583;5244;235;5990;6028;8.28;0.51;230.48;6.04;746;43;2066.00;38
5246;43;628438594;5246;228;5991;6029;8.39;0.51;230.52;6.04;745;43;2067.00;38
5251;43;628438604;5251;232;5992;6030;8.42;0.51;230.64;6.04;741;43;2068.00;38
5258;43;628438615;5258;226;5992;6030;8.44;0.51;230.62;6.04;734;43;2069.00;38
5261;43;628438628;5261;226;5996;6036;8.54;0.52;230.57;6.14;735;43;2070.00;40
5266;43;628438641;5266;229;5996;6036;8.53;0.52;230.60;6.14;730;43;2071.00;40
5267;43;628438652;5267;230;5997;6036;8.59;0.53;230.61;6.14;730;43;2072.00;39
5274;43;628438662;5274;233;5997;6036;8.51;0.52;230.60;6.14;723;43;2073.00;39
5277;43;628438673;5277;233;6002;6042;8.49;0.52;230.60;6.14;725;43;2074.00;40
5280;43;628438690;5280;232;6002;6042;8.50;0.52;230.66;6.14;722;43;2075.00;40
5286;43;628438701;5286;231;6003;6042;8.39;0.51;230.77;6.14;717;43;2076.00;39
5288;43;628438711;5288;235;6003;6042;8.43;0.52;230.85;6.14;715;43;2077.00;39
5296;43;628438724;5296;235;6008;6046;8.41;0.52;230.94;6.13;712;43;2078.00;38
5303;43;628438735;5303;236;6009;6047;8.41;0.51;231.04;6.13;706;43;2079.00;38
5307;43;628438747;5307;237;6010;6047;8.47;0.52;231.01;6.13;703;43;2080.00;37
5309;43;628438759;5309;242;6011;6048;8.52;0.52;231.02;6.13;702;43;2081.00;37
5316;43;628438771;5316;247;6011;6048;8.43;0.51;231.00;6.13;695;43;2082.00;37
5318;43;628438781;5318;246;6011;6048;8.47;0.52;231.05;6.13;693;43;2083.00;37
5321;43;628438799;5321;251;6011;6048;8.49;0.52;231.08;6.13;690;43;2084.00;37
5324;43;628438811;5324;257;6011;6048;8.44;0.51;231.19;6.13;687;43;2085.00;37
5326;43;628438822;5326;259;6011;6048;8.37;0.51;231.18;6.13;685;43;2086.00;37
5331;43;628438832;5331;249;6011;6048;8.39;0.51;231.26;6.13;680;43;2087.00;37
5334;43;628438848;5334;247;6056;6118;8.51;0.52;231.35;6.09;722;43;2088.00;62
5338;43;628438864;5338;238;6057;6119;8.63;0.53;231.37;6.08;719;43;2089.00;62
5340;43;628438875;5340;231;6063;6119;8.84;0.54;231.39;6.08;723;43;2090.00;56
5343;43;628438886;5343;221;6064;6119;8.95;0.55;231.48;6.08;721;43;2091.00;55
5346;43;628438896;5346;215;6068;6119;9.19;0.56;231.49;6.08;722;43;2092.00;51
5350;43;628438907;5350;214;6070;6119;9.33;0.57;231.57;6.08;720;43;2093.00;49
5352;43;628438918;5352;210;6073;6119;9.51;0.58;231.64;6.08;721;43;2094.00;46
5355;43;628438929;5355;208;6075;6119;9.58;0.58;231.70;6.08;720;43;2095.00;44
5355;43;628438940;5355;193;6078;6120;9.73;0.59;231.70;6.08;723;43;2096.00;42
5358;43;628438951;5358;179;6080;6121;9.74;0.59;231.79;6.08;722;43;2097.00;41
5360;43;628438962;5360;171;6081;6121;9.78;0.60;231.84;6.08;721;43;2098.00;40
5365;43;628438974;5365;165;6084;6125;9.77;0.59;231.87;6.08;719;43;2099.00;41
5367;43;628438989;5367;164;6088;6140;9.86;0.60;231.82;6.07;721;43;2100.00;52
5371;43;628439007;5371;153;6088;6140;10.05;0.61;231.92;6.07;717;43;2101.00;52
5375;43;628439019;5375;147;6088;6140;10.26;0.62;232.00;6.07;713;43;2102.00;52
5378;43;628439037;5378;143;6091;6146;10.45;0.64;232.11;6.07;713;43;2103.00;55
5380;43;628439049;5380;145;6091;6146;10.57;0.64;232.11;6.07;711;43;2104.00;55
5382;43;628439066;5382;143;6092;6146;10.71;0.65;232.12;6.07;710;43;2105.00;54
5385;43;628439078;5385;136;6095;6149;10.88;0.66;232.07;6.07;710;43;2106.00;54
5387;43;628439090;5387;133;6095;6149;11.02;0.67;232.09;6.07;708;43;2107.00;54
5391;43;628439102;5391;132;6095;6149;11.09;0.67;232.10;6.07;704;43;2108.00;54
5391;43;628439114;5391;128;6095;6150;11.16;0.68;232.10;6.07;704;43;2109.00;55
5394;43;628439126;5394;122;6096;6151;11.28;0.69;232.09;6.07;702;43;2110.00;55
5398;43;628439137;5398;124;6097;6151;11.34;0.69;232.09;6.07;699;43;2111.00;54
5400;43;628439148;5400;125;6107;6164;11.36;0.69;232.15;6.06;707;43;2112.00;57
5404;43;628439161;5404;128;6107;6164;11.34;0.69;232.12;6.06;703;43;2113.00;57
5405;43;628439172;5405;130;6107;6164;11.47;0.70;232.14;6.06;702;43;2114.00;57
5410;43;628439183;5410;127;6109;6166;11.56;0.70;232.18;6.06;699;43;2115.00;57
5412;43;628439195;5412;132;6110;6166;11.57;0.70;232.21;6.06;698;43;2116.00;56
5414;43;628439206;5414;129;6112;6170;11.63;0.71;232.25;6.06;698;43;2117.00;58
5417;43;628439222;5417;134;6113;6170;11.63;0.71;232.26;6.06;696;43;2118.00;57
5421;43;628439233;5421;132;6116;6174;11.60;0.71;232.25;6.06;695;43;2119.00;58
5425;43;628439251;5425;134;6116;6174;11.62;0.71;232.31;6.06;691;43;2120.00;58
5427;43;628439262;5427;141;6116;6174;11.63;0.71;232.27;6.06;689;43;2121.00;58
5430;43;628439273;5430;142;6117;6174;11.60;0.71;232.37;6.06;687;43;2122.00;57
5433;43;628439289;5433;140;6117;6174;11.66;0.71;232.40;6.06;684;43;2123.00;57
5434;43;628439299;5434;143;6126;6186;11.68;0.71;232.44;6.05;692;43;2124.00;60
5436;43;628439310;5436;144;6126;6186;11.77;0.72;232.46;6.05;690;43;2125.00;60
5440;43;628439320;5440;141;6127;6186;11.94;0.73;232.51;6.05;687;43;2126.00;59
5444;43;628439331;5444;139;6129;6186;11.98;0.73;232.49;6.06;685;43;2127.00;57
5447;43;628439341;5447;137;6132;6186;12.01;0.73;232.50;6.07;685;43;2128.00;54
5449;43;628439352;5449;133;6132;6186;11.95;0.73;232.54;6.07;683;43;2129.00;54
5452;43;628439364;5452;132;6134;6187;11.94;0.73;232.55;6.07;682;43;2130.00;53
5457;43;628439374;5457;133;6134;6187;11.94;0.72;232.56;6.07;677;43;2131.00;53
5462;43;628439385;5462;128;6139;6193;11.89;0.72;232.53;6.18;677;43;2132.00;54
5465;43;628439396;5465;128;6141;6194;11.90;0.72;232.51;6.18;676;43;2133.00;53
5468;43;628439406;5468;129;6142;6194;11.85;0.72;232.51;6.18;674;43;2134.00;52
5469;43;628439416;5469;130;6142;6194;11.80;0.72;232.63;6.18;673;43;2135.00;52
5471;43;628439425;5471;134;6145;6198;11.73;0.71;232.73;6.18;674;43;2136.00;53
5475;43;628439435;5475;137;6147;6198;11.65;0.71;232.75;6.18;672;43;2137.00;51
5481;43;628439444;5481;137;6147;6198;11.55;0.70;232.72;6.18;666;43;2138.00;51
5485;43;628439454;5485;143;6148;6199;11.54;0.70;232.79;6.18;663;43;2139.00;51
5486;43;628439463;5486;138;6151;6203;11.52;0.70;232.78;6.18;665;43;2140.00;52
5488;43;628439478;5488;136;6151;6203;11.54;0.70;232.78;6.18;663;43;2141.00;52
5493;43;628439487;5493;134;6154;6206;11.60;0.70;232.95;6.17;661;43;2142.00;52
5499;43;628439497;5499;135;6154;6206;11.60;0.70;232.93;6.17;655;43;2143.00;52
5503;43;628439506;5503;132;6154;6206;11.57;0.70;232.89;6.17;651;43;2144.00;52
5507;43;628439516;5507;131;6155;6206;11.56;0.70;232.94;6.18;648;43;2145.00;51
5512;43;628439526;5512;124;6158;6210;11.46;0.69;232.90;6.18;646;43;2146.00;52
5516;43;628439536;5516;123;6159;6210;11.51;0.70;232.86;6.18;643;43;2147.00;51
5519;43;628439545;5519;120;6160;6210;11.51;0.70;232.81;6.29;641;43;2148.00;50
5520;43;628439554;5520;121;6160;6210;11.44;0.70;232.80;6.29;640;43;2149.00;50
5526;43;628439563;5526;120;6160;6211;11.45;0.69;232.82;6.29;634;43;2150.00;51
5530;43;628439573;5530;118;6161;6212;11.43;0.69;232.79;6.29;631;43;2151.00;51
5533;43;628439587;5533;118;6161;6212;11.43;0.69;232.73;6.29;628;43;2152.00;51
5539;43;628439597;5539;117;6162;6213;11.41;0.69;232.69;6.29;623;43;2153.00;51
5539;43;628439606;5539;118;6162;6213;11.44;0.69;232.69;6.29;623;43;2154.00;51
5540;43;628439615;5540;126;6162;6213;11.46;0.70;232.70;6.29;622;43;2155.00;51
5543;43;628439623;5543;132;6162;6213;11.50;0.70;232.73;6.29;619;43;2156.00;51
5547;43;628439632;5547;135;6162;6213;11.58;0.70;232.74;6.29;615;43;2157.00;51
5549;43;628439641;5549;136;6162;6213;11.58;0.70;232.79;6.29;613;43;2158.00;51
5552;43;628439656;5552;140;6162;6213;11.52;0.70;232.80;6.29;610;43;2159.00;51
5554;43;628439666;5554;172;6260;6443;11.16;0.70;232.80;6.19;706;43;2160.00;183
5557;43;628439693;5557;168;6263;6444;11.07;0.69;232.97;6.19;706;43;2161.00;181
5557;43;628439703;5557;157;6272;6444;11.04;0.69;232.97;6.18;715;43;2162.00;172
5560;43;628439712;5560;160;6279;6444;10.96;0.68;232.91;6.18;719;43;2163.00;165
5562;43;628439722;5562;160;6288;6444;10.90;0.68;232.98;6.18;726;43;2164.00;156
5563;43;628439731;5563;162;6295;6444;10.88;0.68;232.98;6.18;732;43;2165.00;149
5565;43;628439748;5565;160;6301;6444;10.84;0.67;232.92;6.18;736;43;2166.00;143
5565;43;628439757;5565;163;6305;6444;10.84;0.67;232.92;6.18;740;43;2167.00;139
5569;43;628439777;5569;170;6312;6445;10.70;0.66;232.89;6.18;743;43;2168.00;133
5571;43;628439803;5571;176;6313;6446;10.59;0.66;232.89;6.18;742;43;2169.00;133
5572;43;628439826;5572;187;6319;6446;10.48;0.65;232.89;6.19;747;43;2170.00;127
5575;43;628439839;5575;188;6323;6447;10.35;0.64;232.79;6.20;748;43;2171.00;124
5580;43;628439855;5580;198;6330;6447;10.14;0.63;232.74;6.21;750;43;2172.00;117
5581;43;628439869;5581;204;6334;6447;9.92;0.61;232.71;6.23;753;43;2173.00;113
5581;43;628439885;5581;208;6338;6447;9.74;0.60;232.71;6.23;757;43;2174.00;109
5582;43;628439897;5582;217;6344;6451;9.59;0.59;232.75;6.24;762;43;2175.00;107
5585;43;628439907;5585;223;6348;6451;9.38;0.58;232.76;6.25;763;43;2176.00;103
5588;43;628439918;5588;233;6350;6451;9.22;0.57;232.73;6.26;762;43;2177.00;101
5592;43;628439929;5592;245;6355;6454;9.08;0.56;232.74;6.28;763;43;2178.00;99
5596;43;628439941;5596;251;6357;6454;8.93;0.55;232.65;6.29;761;43;2179.00;97
5599;43;628439952;5599;262;6360;6454;8.72;0.54;232.62;6.31;761;43;2180.00;94
5601;43;628439963;5601;272;6368;6458;8.58;0.53;232.56;6.33;767;43;2181.00;90
5602;43;628439974;5602;282;6372;6459;8.48;0.52;232.57;6.34;770;43;2182.00;87
5604;43;628439985;5604;295;6373;6459;8.34;0.51;232.55;6.34;769;43;2183.00;86
5607;43;628439994;5607;303;6381;6463;8.22;0.51;232.55;6.36;774;43;2184.00;82
5607;43;628440008;5607;309;6385;6463;8.19;0.50;232.55;6.37;778;43;2185.00;78
5614;43;628440028;5614;311;6387;6463;8.09;0.50;232.44;6.38;773;43;2186.00;76
5614;43;628440051;5614;316;6391;6464;8.00;0.49;232.44;6.39;777;43;2187.00;73
5616;43;628440063;5616;321;6394;6464;7.86;0.48;232.36;6.39;778;43;2188.00;70
5618;43;628440074;5618;316;6400;6470;7.72;0.47;232.37;6.40;782;43;2189.00;70
5619;43;628440087;5619;315;6401;6470;7.56;0.46;232.38;6.41;782;43;2190.00;69
5620;43;628440098;5620;322;6403;6471;7.42;0.45;232.36;6.41;783;43;2191.00;68
5622;43;628440108;5622;327;6406;6471;7.28;0.44;232.33;6.42;784;43;2192.00;65
5624;43;628440118;5624;326;6408;6471;7.18;0.44;232.26;6.42;784;43;2193.00;63
5625;43;628440127;5625;335;6410;6471;7.13;0.43;232.29;6.43;785;43;2194.00;61
5625;43;628440136;5625;325;6412;6471;7.11;0.43;232.29;6.44;787;43;2195.00;59
5626;43;628440145;5626;322;6423;6483;7.19;0.44;232.25;6.42;797;43;2196.00;60
5628;43;628440156;5628;317;6425;6483;7.21;0.44;232.21;6.43;797;43;2197.00;58
5628;43;628440166;5628;314;6425;6483;7.26;0.44;232.21;6.43;797;43;2198.00;58
5630;43;628440178;5630;313;6427;6483;7.30;0.45;232.15;6.44;797;43;2199.00;56
5630;44;628440194;5630;306;6427;6483;7.33;0.45;232.15;6.44;797;44;2200.00;56
5632;44;628440224;5632;303;6427;6483;7.33;0.45;232.10;6.44;795;44;2201.00;56
5633;44;628440237;5633;300;6431;6487;7.35;0.45;232.07;6.44;798;44;2202.00;56
5636;44;628440250;5636;298;6432;6487;7.29;0.45;232.11;6.44;796;44;2203.00;55
5637;44;628440267;5637;292;6437;6491;7.23;0.44;232.12;6.44;800;44;2204.00;54
5641;44;628440285;5641;292;6439;6493;7.15;0.44;232.24;6.44;798;44;2205.00;54
5642;44;628440296;5642;289;6441;6493;7.13;0.44;232.26;6.44;799;44;2206.00;52
5645;44;628440319;5645;291;6441;6493;7.12;0.44;232.27;6.44;796;44;2207.00;52
5649;44;628440329;5649;293;6454;6506;7.03;0.43;232.30;6.42;805;44;2208.00;52
5651;44;628440340;5651;291;6454;6506;7.01;0.43;232.28;6.42;803;44;2209.00;52
5655;44;628440350;5655;289;6455;6508;6.93;0.43;232.28;6.42;800;44;2210.00;53
5658;44;628440361;5658;284;6456;6509;6.93;0.43;232.33;6.42;798;44;2211.00;53
5660;44;628440371;5660;284;6457;6510;6.94;0.43;232.35;6.42;797;44;2212.00;53
5661;44;628440388;5661;275;6457;6510;6.97;0.43;232.37;6.42;796;44;2213.00;53
5665;44;628440398;5665;271;6459;6513;7.03;0.43;232.49;6.42;794;44;2214.00;54
5669;44;628440409;5669;267;6459;6513;7.06;0.44;232.46;6.42;790;44;2215.00;54
5674;44;628440420;5674;264;6459;6513;7.13;0.44;232.40;6.42;785;44;2216.00;54
5676;44;628440431;5676;259;6459;6513;7.18;0.44;232.46;6.42;783;44;2217.00;54
5679;44;628440441;5679;254;6464;6519;7.28;0.45;232.48;6.42;785;44;2218.00;55
5682;44;628440451;5682;246;6464;6519;7.32;0.45;232.56;6.42;782;44;2219.00;55
5685;44;628440464;5685;247;6466;6519;7.37;0.45;232.55;6.42;781;44;2220.00;53
5690;44;628440475;5690;237;6466;6519;7.42;0.46;232.59;6.42;776;44;2221.00;53
5692;44;628440485;5692;228;6471;6523;7.48;0.46;232.65;6.41;779;44;2222.00;52
5694;44;628440496;5694;221;6472;6524;7.52;0.46;232.66;6.41;778;44;2223.00;52
5699;44;628440507;5699;210;6472;6524;7.59;0.47;232.70;6.41;773;44;2224.00;52
5704;44;628440518;5704;211;6473;6525;7.68;0.47;232.80;6.41;769;44;2225.00;52
5708;44;628440529;5708;198;6473;6525;7.80;0.48;232.79;6.41;765;44;2226.00;52
5712;44;628440539;5712;196;6473;6525;7.89;0.48;232.83;6.41;761;44;2227.00;52
5717;44;628440549;5717;189;6473;6525;7.96;0.49;232.83;6.41;756;44;2228.00;52
5720;44;628440560;5720;193;6473;6525;8.13;0.50;232.82;6.41;753;44;2229.00;52
5724;44;628440571;5724;190;6473;6525;8.29;0.51;232.80;6.41;749;44;2230.00;52
5731;44;628440581;5731;190;6473;6525;8.38;0.51;232.81;6.41;742;44;2231.00;52
5734;44;628440593;5734;195;6513;6595;8.72;0.53;232.75;6.37;779;44;2232.00;82
5739;44;628440609;5739;192;6514;6596;8.83;0.54;232.76;6.37;775;44;2233.00;82
5742;44;628440621;5742;191;6522;6596;9.02;0.55;232.79;6.49;780;44;2234.00;74
5747;44;628440634;5747;185;6528;6596;9.15;0.56;232.75;6.48;781;44;2235.00;68
5753;44;628440647;5753;181;6535;6596;9.16;0.56;232.73;6.48;782;44;2236.00;61
5755;44;628440659;5755;183;6538;6596;9.21;0.56;232.82;6.48;783;44;2237.00;58
5759;44;628440670;5759;189;6540;6596;9.22;0.56;232.85;6.48;781;44;2238.00;56
5763;44;628440682;5763;190;6541;6596;9.21;0.56;232.85;6.48;778;44;2239.00;55
5765;44;628440693;5765;194;6542;6597;9.27;0.56;232.87;6.48;777;44;2240.00;55
5770;44;628440705;5770;196;6544;6598;9.27;0.56;232.99;6.48;774;44;2241.00;54
5776;44;628440719;5776;200;6544;6598;9.26;0.56;233.04;6.48;768;44;2242.00;54
5778;44;628440731;5778;207;6547;6602;9.29;0.56;233.05;6.48;769;44;2243.00;55
5783;44;628440744;5783;208;6547;6602;9.22;0.56;233.02;6.48;764;44;2244.00;55
5788;44;628440756;5788;217;6547;6602;9.22;0.56;233.07;6.48;759;44;2245.00;55
5791;44;628440768;5791;213;6547;6602;9.24;0.56;233.11;6.48;756;44;2246.00;55
5796;44;628440779;5796;209;6551;6608;9.29;0.56;233.15;6.47;755;44;2247.00;57
5800;44;628440792;5800;213;6551;6608;9.27;0.56;233.21;6.47;751;44;2248.00;57
5803;44;628440810;5803;214;6552;6608;9.29;0.56;233.15;6.47;749;44;2249.00;56
5807;44;628440824;5807;214;6555;6614;9.43;0.57;233.19;6.47;748;44;2250.00;59
5813;44;628440835;5813;217;6556;6614;9.47;0.58;233.26;6.47;743;44;2251.00;58
5814;44;628440847;5814;220;6557;6614;9.60;0.58;233.26;6.47;743;44;2252.00;57
5817;44;628440858;5817;220;6557;6615;9.61;0.59;233.28;6.47;740;44;2253.00;58
5820;44;628440869;5820;220;6559;6616;9.62;0.59;233.35;6.47;739;44;2254.00;57
5824;44;628440880;5824;222;6559;6616;9.57;0.58;233.37;6.47;735;44;2255.00;57
5828;44;628440892;5828;222;6570;6629;9.74;0.59;233.44;6.45;742;44;2256.00;59
5832;44;628440903;5832;213;6570;6629;9.69;0.59;233.49;6.45;738;44;2257.00;59
5835;44;628440915;5835;209;6570;6629;9.74;0.59;233.52;6.45;735;44;2258.00;59
5838;44;628440926;5838;202;6571;6630;9.86;0.60;233.53;6.45;733;44;2259.00;59
5843;44;628440938;5843;198;6571;6630;9.86;0.60;233.56;6.45;728;44;2260.00;59
5845;44;628440950;5845;195;6574;6634;9.94;0.61;233.68;6.45;729;44;2261.00;60
5848;44;628440962;5848;196;6574;6634;9.99;0.61;233.66;6.45;726;44;2262.00;60
5850;44;628440974;5850;201;6578;6638;10.01;0.61;233.71;6.45;728;44;2263.00;60
5854;44;628440986;5854;204;6578;6638;9.98;0.61;233.71;6.45;724;44;2264.00;60
5858;44;628441003;5858;206;6578;6638;10.00;0.61;233.72;6.45;720;44;2265.00;60
5860;44;628441016;5860;193;6578;6638;10.08;0.61;233.74;6.45;718;44;2266.00;60
5862;44;628441032;5862;186;6578;6638;10.12;0.62;233.77;6.45;716;44;2267.00;60
5865;44;628441044;5865;173;6587;6650;10.14;0.62;233.79;6.44;722;44;2268.00;63
5866;44;628441056;5866;160;6587;6650;10.23;0.62;233.82;6.44;721;44;2269.00;63
5870;44;628441068;5870;155;6589;6650;10.37;0.63;233.85;6.44;719;44;2270.00;61
5872;44;628441080;5872;150;6589;6650;10.47;0.64;233.89;6.44;717;44;2271.00;61
5873;44;628441092;5873;145;6589;6650;10.56;0.65;233.91;6.44;716;44;2272.00;61
5877;44;628441105;5877;142;6589;6650;10.63;0.65;233.97;6.44;712;44;2273.00;61
5880;44;628441118;5880;137;6589;6651;10.75;0.66;233.97;6.44;709;44;2274.00;62
5882;44;628441130;5882;134;6589;6651;10.88;0.66;234.01;6.44;707;44;2275.00;62
5887;44;628441143;5887;136;6593;6657;10.98;0.67;234.04;6.43;706;44;2276.00;64
5890;44;628441158;5890;130;6594;6658;11.07;0.67;234.01;6.43;704;44;2277.00;64
5894;44;628441169;5894;130;6595;6658;11.17;0.68;234.04;6.43;701;44;2278.00;63
5895;44;628441180;5895;126;6595;6658;11.25;0.68;234.04;6.43;700;44;2279.00;63
5898;44;628441193;5898;120;6599;6663;11.41;0.70;234.07;6.43;701;44;2280.00;64
5901;44;628441205;5901;121;6599;6663;11.50;0.70;234.03;6.43;698;44;2281.00;64
5904;44;628441216;5904;116;6599;6663;11.58;0.71;234.11;6.43;695;44;2282.00;64
5910;44;628441227;5910;119;6600;6664;11.67;0.71;234.09;6.43;690;44;2283.00;64
5910;44;628441238;5910;117;6603;6668;11.68;0.71;234.09;6.43;693;44;2284.00;65
5913;44;628441250;5913;114;6603;6668;11.68;0.71;234.20;6.43;690;44;2285.00;65
5916;44;628441260;5916;115;6605;6671;11.73;0.71;234.23;6.42;689;44;2286.00;66
5917;44;628441272;5917;118;6605;6671;11.79;0.72;234.21;6.42;688;44;2287.00;66
5920;44;628441282;5920;120;6606;6671;11.78;0.72;234.21;6.42;686;44;2288.00;65
5922;44;628441293;5922;118;6606;6671;11.78;0.72;234.21;6.42;684;44;2289.00;65
5926;44;628441309;5926;124;6609;6675;11.80;0.72;234.20;6.42;683;44;2290.00;66
5929;44;628441320;5929;126;6610;6675;11.82;0.72;234.17;6.55;681;44;2291.00;65
5935;44;628441330;5935;127;6611;6675;11.86;0.72;234.14;6.55;676;44;2292.00;64
5937;44;628441346;5937;123;6611;6675;11.90;0.72;234.11;6.55;674;44;2293.00;64
5940;44;628441357;5940;125;6611;6676;11.85;0.72;234.22;6.55;671;44;2294.00;65
5942;44;628441373;5942;127;6613;6678;11.85;0.72;234.23;6.55;671;44;2295.00;65
5944;44;628441382;5944;131;6613;6678;11.78;0.72;234.21;6.55;669;44;2296.00;65
5952;44;628441393;5952;135;6614;6679;11.73;0.71;234.34;6.55;662;44;2297.00;65
5955;44;628441403;5955;138;6614;6679;11.67;0.71;234.36;6.55;659;44;2298.00;65
5956;44;628441413;5956;142;6614;6679;11.63;0.71;234.35;6.55;658;44;2299.00;65
5958;44;628441424;5958;144;6614;6679;11.56;0.70;234.41;6.55;656;44;2300.00;65
5962;44;628441437;5962;143;6614;6679;11.53;0.70;234.38;6.55;652;44;2301.00;65
5965;44;628441449;5965;138;6614;6679;11.45;0.69;234.45;6.55;649;44;2302.00;65
5967;44;628441458;5967;135;6614;6679;11.47;0.69;234.41;6.55;647;44;2303.00;65
5970;44;628441468;5970;160;6687;6806;11.14;0.68;234.40;6.47;717;44;2304.00;119
5971;44;628441488;5971;150;6687;6807;11.18;0.69;234.39;6.47;716;44;2305.00;120
5973;44;628441499;5973;145;6696;6807;11.31;0.69;234.37;6.47;723;44;2306.00;111
5974;44;628441508;5974;139;6698;6807;11.33;0.70;234.38;6.59;724;44;2307.00;109
5981;44;628441517;5981;140;6703;6807;11.37;0.70;234.40;6.58;722;44;2308.00;104
5986;44;628441526;5986;136;6708;6807;11.42;0.70;234.52;6.58;722;44;2309.00;99
5993;44;628441559;5993;138;6711;6807;11.30;0.69;234.50;6.58;718;44;2310.00;96
5994;44;628441570;5994;137;6714;6807;11.36;0.69;234.48;6.58;720;44;2311.00;93
5998;44;628441579;5998;139;6720;6808;11.35;0.69;234.44;6.69;722;44;2312.00;88
6003;44;628441589;6003;137;6723;6809;11.29;0.69;234.35;6.69;720;44;2313.00;86
6004;44;628441599;6004;136;6725;6809;11.27;0.69;234.38;6.69;721;44;2314.00;84
6008;44;628441609;6008;140;6727;6810;11.20;0.68;234.37;6.70;719;44;2315.00;83
6009;44;628441620;6009;143;6729;6810;11.14;0.68;234.37;6.71;720;44;2316.00;81
6013;44;628441629;6013;139;6730;6810;11.04;0.67;234.37;6.71;717;44;2317.00;80
6015;44;628441639;6015;143;6732;6810;10.96;0.67;234.33;6.71;717;44;2318.00;78
6018;44;628441649;6018;143;6735;6814;10.87;0.66;234.34;6.71;717;44;2319.00;79
6019;44;628441658;6019;151;6737;6814;10.79;0.66;234.37;6.71;718;44;2320.00;77
6019;44;628441668;6019;148;6738;6814;10.72;0.65;234.37;6.71;719;44;2321.00;76
6022;44;628441678;6022;153;6741;6817;10.68;0.65;234.29;6.71;719;44;2322.00;76
6022;44;628441688;6022;164;6742;6817;10.63;0.65;234.29;6.82;720;44;2323.00;75
6024;44;628441697;6024;161;6743;6817;10.57;0.65;234.26;6.82;719;44;2324.00;74
6025;44;628441706;6025;165;6746;6821;10.49;0.64;234.24;6.82;721;44;2325.00;75
6025;44;628441716;6025;170;6748;6822;10.54;0.65;234.24;6.82;723;44;2326.00;74
6029;44;628441725;6029;171;6750;6822;10.49;0.64;234.13;6.92;721;44;2327.00;72
6032;44;628441734;6032;171;6753;6826;10.46;0.64;234.08;6.92;721;44;2328.00;73
6033;44;628441744;6033;180;6753;6826;10.34;0.63;234.05;6.92;720;44;2329.00;73
6034;44;628441754;6034;186;6753;6826;10.22;0.63;234.01;6.92;719;44;2330.00;73
6041;44;628441764;6041;195;6754;6827;10.13;0.62;234.04;6.92;713;44;2331.00;73
6043;44;628441778;6043;198;6754;6827;9.99;0.61;234.02;6.92;711;44;2332.00;73
6045;44;628441795;6045;207;6758;6833;9.92;0.61;233.98;6.91;713;44;2333.00;75
6046;44;628441810;6046;210;6758;6833;9.79;0.60;233.97;6.91;712;44;2334.00;75
6046;44;628441826;6046;212;6759;6834;9.70;0.59;233.97;6.91;713;44;2335.00;75
6050;44;628441842;6050;216;6759;6834;9.61;0.59;233.94;6.91;709;44;2336.00;75
6051;44;628441855;6051;226;6760;6834;9.50;0.58;233.94;6.92;709;44;2337.00;74
6053;44;628441869;6053;228;6760;6834;9.39;0.57;233.96;6.92;707;44;2338.00;74
6056;44;628441883;6056;235;6760;6834;9.27;0.57;233.91;6.92;704;44;2339.00;74
6057;44;628441896;6057;243;6784;6870;9.27;0.57;233.91;6.93;727;44;2340.00;86
6059;44;628441910;6059;249;6784;6870;9.22;0.57;233.91;6.93;725;44;2341.00;86
6062;44;628441920;6062;257;6789;6870;9.17;0.56;233.91;6.95;727;44;2342.00;81
6067;44;628441930;6067;261;6791;6870;9.11;0.56;233.90;6.95;724;44;2343.00;79
6067;44;628441940;6067;271;6792;6870;8.98;0.55;233.90;6.95;725;44;2344.00;78
6068;44;628441950;6068;279;6794;6870;8.83;0.54;233.89;6.95;726;44;2345.00;76
6068;44;628441960;6068;282;6798;6874;8.70;0.53;233.89;6.96;730;44;2346.00;76
6068;44;628441971;6068;277;6799;6874;8.65;0.53;233.89;6.96;731;44;2347.00;75
6070;44;628441981;6070;266;6805;6878;8.65;0.53;233.91;6.98;735;44;2348.00;73
6072;44;628441991;6072;263;6806;6879;8.67;0.53;233.90;6.98;734;44;2349.00;73
6074;44;628442001;6074;259;6808;6879;8.68;0.53;233.88;6.99;734;44;2350.00;71
6076;44;628442010;6076;254;6809;6879;8.61;0.53;233.89;7.00;733;44;2351.00;70
6079;44;628442019;6079;255;6819;6892;8.58;0.52;233.83;6.99;740;44;2352.00;73
6081;44;628442030;6081;256;6820;6892;8.57;0.52;233.82;7.00;739;44;2353.00;72
6081;44;628442040;6081;255;6823;6892;8.57;0.52;233.82;7.02;742;44;2354.00;69
6082;44;628442049;6082;252;6825;6893;8.58;0.52;233.82;7.02;743;44;2355.00;68
6084;44;628442059;6084;257;6826;6894;8.47;0.52;233.81;7.03;742;44;2356.00;68
6084;44;628442068;6084;259;6827;6894;8.49;0.52;233.81;7.04;743;44;2357.00;67
6087;44;628442078;6087;259;6831;6897;8.45;0.52;233.75;7.05;744;44;2358.00;66
6087;44;628442087;6087;260;6831;6897;8.38;0.51;233.75;7.05;744;44;2359.00;66
6087;44;628442097;6087;262;6832;6897;8.39;0.51;233.75;7.05;745;44;2360.00;65
6088;44;628442107;6088;262;6834;6897;8.41;0.51;233.73;7.06;746;44;2361.00;63
6090;44;628442117;6090;265;6838;6903;8.54;0.52;233.70;7.06;748;44;2362.00;65
6092;44;628442127;6092;265;6840;6903;8.54;0.52;233.70;7.07;748;44;2363.00;63
6094;44;628442137;6094;266;6841;6903;8.54;0.52;233.69;7.07;747;44;2364.00;62
6094;44;628442147;6094;258;6843;6903;8.54;0.52;233.69;7.08;749;44;2365.00;60
6096;44;628442156;6096;255;6846;6907;8.50;0.52;233.66;7.07;750;44;2366.00;61
6096;44;628442166;6096;257;6847;6908;8.52;0.52;233.66;7.07;751;44;2367.00;61
6097;44;628442176;6097;255;6849;6908;8.51;0.52;233.66;7.08;752;44;2368.00;59
6099;44;628442185;6099;260;6850;6909;8.55;0.52;233.63;7.08;751;44;2369.00;59
6102;44;628442196;6102;262;6850;6909;8.49;0.52;233.67;7.08;748;44;2370.00;59
6105;44;628442206;6105;254;6852;6909;8.34;0.51;233.68;7.09;747;44;2371.00;57
6107;44;628442215;6107;252;6852;6909;8.29;0.51;233.71;7.09;745;44;2372.00;57
6114;44;628442225;6114;253;6854;6909;8.24;0.51;233.72;7.09;740;44;2373.00;55
6118;44;628442234;6118;249;6854;6909;8.26;0.51;233.68;7.09;736;44;2374.00;55
6122;44;628442244;6122;239;6854;6909;8.22;0.51;233.71;7.09;732;44;2375.00;55
6127;44;628442254;6127;246;6894;6979;8.28;0.51;233.74;7.06;767;44;2376.00;85
6133;44;628442270;6133;243;6894;6980;8.21;0.51;233.72;7.06;761;44;2377.00;86
6135;44;628442280;6135;240;6904;6980;8.24;0.51;233.73;7.05;769;44;2378.00;76
6141;44;628442289;6141;245;6911;6980;8.16;0.50;233.79;7.05;770;44;2379.00;69
6143;44;628442299;6143;242;6916;6980;8.15;0.50;233.79;7.05;773;44;2380.00;64
6148;44;628442309;6148;240;6920;6980;8.13;0.50;233.77;7.05;772;44;2381.00;60
6152;44;628442319;6152;227;6925;6980;8.11;0.50;233.72;7.05;773;44;2382.00;55
6159;45;628442338;6159;222;6928;6980;7.99;0.49;233.78;7.05;769;45;2383.00;52
6162;45;628442370;6162;222;6929;6981;7.97;0.49;233.78;7.04;767;45;2384.00;52
6165;45;628442381;6165;230;6931;6983;7.97;0.49;233.80;7.04;766;45;2385.00;52
6171;45;628442392;6171;227;6931;6983;7.95;0.49;233.84;7.04;760;45;2386.00;52
6173;45;628442402;6173;228;6935;6987;7.97;0.49;233.81;7.04;762;45;2387.00;52
6179;45;628442413;6179;218;6935;6987;8.02;0.49;233.92;7.04;756;45;2388.00;52
6183;45;628442423;6183;218;6935;6987;8.13;0.50;233.97;7.04;752;45;2389.00;52
6185;45;628442434;6185;217;6935;6987;8.31;0.51;233.98;7.04;750;45;2390.00;52
6189;45;628442444;6189;215;6940;6993;8.40;0.52;234.03;7.04;751;45;2391.00;53
6198;45;628442456;6198;214;6941;6993;8.50;0.52;234.09;7.03;743;45;2392.00;52
6200;45;628442468;6200;214;6941;6993;8.63;0.53;234.11;7.03;741;45;2393.00;52
6206;45;628442479;6206;214;6943;6996;8.74;0.54;234.06;7.03;737;45;2394.00;53
6210;45;628442490;6210;212;6944;6996;8.94;0.55;234.02;7.03;734;45;2395.00;52
6214;45;628442502;6214;210;6944;6996;9.05;0.55;234.02;7.03;730;45;2396.00;52
6218;45;628442512;6218;202;6945;6997;9.12;0.56;234.02;7.03;727;45;2397.00;52
6224;45;628442525;6224;199;6946;6998;9.16;0.56;233.97;7.03;722;45;2398.00;52
6226;45;628442536;6226;197;6946;6998;9.21;0.56;233.94;7.03;720;45;2399.00;52
6232;45;628442549;6232;196;6972;7057;9.19;0.56;233.90;7.00;740;45;2400.00;85
6235;45;628442571;6235;182;6974;7057;9.22;0.56;233.88;7.00;739;45;2401.00;83
6239;45;628442583;6239;177;6976;7057;9.30;0.57;233.95;7.00;737;45;2402.00;81
6245;45;628442594;6245;176;6977;7058;9.35;0.57;233.92;7.00;732;45;2403.00;81
6249;45;628442606;6249;180;6979;7058;9.38;0.57;233.93;7.00;730;45;2404.00;79
6252;45;628442617;6252;182;6983;7062;9.42;0.57;233.96;7.00;731;45;2405.00;79
6255;45;628442629;6255;182;6984;7062;9.44;0.58;233.99;7.00;729;45;2406.00;78
6260;45;628442641;6260;176;6987;7066;9.41;0.57;234.11;6.99;727;45;2407.00;79
6266;45;628442653;6266;182;6988;7066;9.38;0.57;234.13;6.99;722;45;2408.00;78
6268;45;628442665;6268;180;6989;7066;9.39;0.57;234.14;7.11;721;45;2409.00;77
6270;45;628442677;6270;188;6991;7066;9.41;0.57;234.14;7.11;721;45;2410.00;75
6272;45;628442688;6272;185;6991;7066;9.46;0.58;234.14;7.11;719;45;2411.00;75
6279;45;628442699;6279;189;6999;7078;9.51;0.58;234.19;7.10;720;45;2412.00;79
6281;45;628442713;6281;192;6999;7078;9.56;0.58;234.21;7.10;718;45;2413.00;79
6286;45;628442724;6286;195;7001;7078;9.59;0.58;234.25;7.10;715;45;2414.00;77
6289;45;628442735;6289;198;7001;7078;9.59;0.59;234.28;7.10;712;45;2415.00;77
6293;45;628442746;6293;199;7002;7078;9.56;0.58;234.24;7.10;709;45;2416.00;76
6297;45;628442757;6297;198;7002;7078;9.58;0.58;234.30;7.10;705;45;2417.00;76
6301;45;628442770;6301;207;7004;7079;9.58;0.58;234.29;7.10;703;45;2418.00;75
6304;45;628442782;6304;209;7005;7079;9.55;0.58;234.31;7.10;701;45;2419.00;74
6310;45;628442793;6310;212;7008;7085;9.54;0.58;234.33;7.10;698;45;2420.00;77
6312;45;628442806;6312;219;7010;7086;9.50;0.58;234.37;7.10;698;45;2421.00;76
6316;45;628442817;6316;221;7010;7086;9.45;0.57;234.40;7.10;694;45;2422.00;76
6321;45;628442828;6321;222;7010;7086;9.39;0.57;234.43;7.10;689;45;2423.00;76
6321;46;628442838;6321;233;7013;7090;9.39;0.57;234.43;7.10;692;46;2424.00;77
6324;46;628442859;6324;235;7013;7090;9.31;0.56;234.49;7.10;689;46;2425.00;77
6326;46;628442869;6326;236;7014;7090;9.24;0.56;234.53;7.11;688;46;2426.00;76
6333;46;628442879;6333;228;7016;7091;9.17;0.56;234.59;7.11;683;46;2427.00;75
6335;46;628442890;6335;222;7020;7095;9.06;0.55;234.72;7.11;685;46;2428.00;75
6338;46;628442901;6338;229;7021;7095;9.04;0.55;234.77;7.11;683;46;2429.00;74
6341;46;628442915;6341;223;7025;7101;9.04;0.55;234.80;7.11;684;46;2430.00;76
6344;46;628442926;6344;225;7025;7101;9.10;0.55;234.84;7.11;681;46;2431.00;76
6350;46;628442936;6350;225;7027;7101;9.05;0.55;234.93;7.11;677;46;2432.00;74
6354;46;628442946;6354;221;7028;7101;9.07;0.55;235.06;7.11;674;46;2433.00;73
6358;46;628442957;6358;221;7030;7105;9.07;0.55;235.09;7.11;672;46;2434.00;75
6362;46;628442968;6362;223;7031;7105;9.10;0.55;235.15;7.11;669;46;2435.00;74
6364;46;628442978;6364;206;7031;7105;9.17;0.56;235.16;7.11;667;46;2436.00;74
6368;46;628442989;6368;194;7031;7105;9.17;0.56;235.20;7.11;663;46;2437.00;74
6371;46;628443004;6371;179;7032;7106;9.10;0.55;235.22;7.11;661;46;2438.00;74
6372;46;628443014;6372;169;7035;7107;9.23;0.56;235.20;7.11;663;46;2439.00;72
6373;46;628443025;6373;163;7036;7107;9.26;0.56;235.20;7.11;663;46;2440.00;71
6374;46;628443035;6374;151;7037;7108;9.32;0.57;235.18;7.11;663;46;2441.00;71
6377;46;628443046;6377;152;7037;7108;9.30;0.57;235.19;7.11;660;46;2442.00;71
6379;46;628443056;6379;151;7037;7108;9.44;0.58;235.16;7.11;658;46;2443.00;71
6382;46;628443066;6382;157;7038;7108;9.53;0.58;235.17;7.12;656;46;2444.00;70
6384;46;628443077;6384;155;7038;7108;9.71;0.59;235.14;7.12;654;46;2445.00;70
6386;46;628443086;6386;150;7038;7108;9.81;0.60;235.17;7.12;652;46;2446.00;70
6389;46;628443096;6389;149;7038;7108;9.92;0.61;235.21;7.12;649;46;2447.00;70
6393;46;628443106;6393;169;7098;7235;10.03;0.62;235.33;7.06;705;46;2448.00;137
6393;46;628443125;6393;161;7102;7236;10.08;0.62;235.33;7.05;709;46;2449.00;134
6394;46;628443136;6394;163;7111;7236;10.23;0.63;235.35;7.05;717;46;2450.00;125
6397;46;628443145;6397;158;7113;7236;10.34;0.64;235.42;7.05;716;46;2451.00;123
6401;46;628443155;6401;151;7118;7236;10.38;0.64;235.48;7.05;717;46;2452.00;118
6404;46;628443165;6404;146;7120;7236;10.46;0.65;235.47;7.05;716;46;2453.00;116
6408;46;628443175;6408;148;7123;7236;10.49;0.64;235.46;7.05;715;46;2454.00;113
6413;46;628443185;6413;152;7126;7236;10.48;0.64;235.49;7.05;713;46;2455.00;110
6415;46;628443196;6415;153;7131;7237;10.45;0.64;235.52;7.06;716;46;2456.00;106
6421;46;628443206;6421;159;7134;7238;10.42;0.64;235.60;7.06;713;46;2457.00;104
6424;46;628443216;6424;164;7138;7238;10.40;0.64;235.64;7.06;714;46;2458.00;100
6427;46;628443226;6427;167;7141;7239;10.37;0.63;235.62;7.06;714;46;2459.00;98
6429;46;628443238;6429;172;7145;7239;10.31;0.63;235.59;7.06;716;46;2460.00;94
6429;46;628443248;6429;177;7147;7239;10.35;0.63;235.59;7.06;718;46;2461.00;92
6431;46;628443258;6431;181;7150;7239;10.30;0.63;235.59;7.07;719;46;2462.00;89
6432;46;628443268;6432;183;7154;7243;10.26;0.63;235.57;7.08;722;46;2463.00;89
6432;46;628443284;6432;185;7156;7243;10.23;0.62;235.57;7.19;724;46;2464.00;87
6432;46;628443294;6432;190;7160;7243;10.17;0.62;235.57;7.19;728;46;2465.00;83
6432;46;628443308;6432;190;7162;7246;10.13;0.62;235.57;7.19;730;46;2466.00;84
6437;46;628443323;6437;195;7165;7246;10.02;0.61;235.51;7.21;728;46;2467.00;81
6438;46;628443333;6438;197;7166;7246;10.03;0.61;235.49;7.21;728;46;2468.00;80
6441;46;628443343;6441;200;7170;7250;9.99;0.61;235.46;7.21;729;46;2469.00;80
6441;46;628443358;6441;205;7172;7251;10.00;0.61;235.46;7.20;731;46;2470.00;79
6445;46;628443367;6445;208;7173;7251;9.93;0.60;235.41;7.21;728;46;2471.00;78
6446;46;628443377;6446;209;7175;7255;9.94;0.60;235.38;7.21;729;46;2472.00;80
6447;46;628443387;6447;212;7175;7255;9.87;0.60;235.35;7.21;728;46;2473.00;80
6447;46;628443396;6447;216;7175;7255;9.91;0.60;235.35;7.21;728;46;2474.00;80
6448;46;628443405;6448;212;7177;7257;9.92;0.61;235.32;7.20;729;46;2475.00;80
6451;46;628443414;6451;212;7177;7257;9.91;0.60;235.33;7.20;726;46;2476.00;80
6452;46;628443423;6452;213;7181;7263;9.99;0.61;235.32;7.20;729;46;2477.00;82
6457;46;628443432;6457;216;7181;7263;10.01;0.61;235.23;7.20;724;46;2478.00;82
6460;46;628443441;6460;212;7182;7264;10.04;0.61;235.18;7.20;722;46;2479.00;82
6463;46;628443450;6463;208;7183;7264;10.03;0.61;235.26;7.31;720;46;2480.00;81
6465;46;628443459;6465;206;7183;7264;10.02;0.61;235.26;7.31;718;46;2481.00;81
6468;46;628443468;6468;199;7183;7264;10.07;0.61;235.20;7.31;715;46;2482.00;81
6470;46;628443477;6470;197;7183;7264;10.06;0.61;235.22;7.31;713;46;2483.00;81
6471;46;628443491;6471;189;7193;7276;10.15;0.62;235.19;7.30;722;46;2484.00;83
6475;46;628443502;6475;182;7196;7276;10.12;0.62;235.28;7.42;721;46;2485.00;80
6476;46;628443511;6476;182;7196;7276;10.15;0.62;235.25;7.42;720;46;2486.00;80
6479;46;628443521;6479;180;7196;7276;10.19;0.62;235.22;7.42;717;46;2487.00;80
6481;46;628443529;6481;184;7196;7276;10.15;0.62;235.19;7.42;715;46;2488.00;80
6487;46;628443538;6487;186;7196;7276;10.12;0.62;235.12;7.42;709;46;2489.00;80
6489;46;628443549;6489;193;7199;7280;10.17;0.62;235.12;7.42;710;46;2490.00;81
6491;46;628443559;6491;191;7200;7280;10.18;0.62;235.09;7.52;709;46;2491.00;80
6493;46;628443568;6493;195;7203;7284;10.21;0.62;235.10;7.52;710;46;2492.00;81
6493;46;628443578;6493;198;7205;7285;10.26;0.62;235.10;7.52;712;46;2493.00;80
6495;46;628443588;6495;197;7205;7285;10.27;0.62;235.07;7.52;710;46;2494.00;80
6495;46;628443597;6495;198;7206;7285;10.25;0.62;235.07;7.62;711;46;2495.00;79
6496;46;628443606;6496;202;7215;7298;10.11;0.61;235.07;7.63;719;46;2496.00;83
6498;46;628443616;6498;202;7215;7298;10.08;0.61;235.06;7.63;717;46;2497.00;83
6501;46;628443625;6501;208;7217;7298;10.02;0.61;235.04;7.72;716;46;2498.00;81
6503;46;628443634;6503;197;7218;7299;10.02;0.61;235.00;7.72;715;46;2499.00;81
6505;46;628443645;6505;187;7218;7300;9.99;0.60;234.96;7.72;713;46;2500.00;82
6506;46;628443657;6506;181;7218;7300;9.97;0.60;234.94;7.72;712;46;2501.00;82
6508;46;628443667;6508;177;7222;7303;9.99;0.60;234.93;7.83;714;46;2502.00;81
6510;46;628443677;6510;171;7223;7303;10.06;0.61;234.88;7.83;713;46;2503.00;80
6512;46;628443687;6512;166;7223;7303;10.12;0.61;234.99;7.83;711;46;2504.00;80
6512;46;628443697;6512;164;7224;7303;10.22;0.62;234.99;7.92;712;46;2505.00;79
6512;46;628443707;6512;160;7228;7309;10.40;0.63;234.99;7.92;716;46;2506.00;81
6512;46;628443718;6512;156;7230;7309;10.44;0.63;234.99;7.94;718;46;2507.00;79
6514;46;628443728;6514;153;7231;7309;10.49;0.63;235.11;7.94;717;46;2508.00;78
6516;46;628443744;6516;152;7232;7309;10.45;0.63;235.09;7.95;716;46;2509.00;77
6517;46;628443754;6517;159;7238;7313;10.34;0.62;235.08;7.97;721;46;2510.00;75
6518;46;628443765;6518;162;7239;7314;10.26;0.62;235.09;7.97;721;46;2511.00;75
6518;46;628443778;6518;165;7241;7314;10.22;0.62;235.09;7.98;723;46;2512.00;73
6520;46;628443802;6520;165;7244;7315;10.19;0.62;235.05;7.99;724;46;2513.00;71
6521;46;628443818;6521;171;7245;7315;10.15;0.61;235.04;8.01;724;46;2514.00;70
6522;46;628443833;6522;170;7247;7315;10.09;0.61;235.02;8.03;725;46;2515.00;68
6522;46;628443848;6522;177;7247;7315;10.10;0.61;235.02;8.03;725;46;2516.00;68
6523;46;628443872;6523;185;7249;7315;10.07;0.61;235.03;8.05;726;46;2517.00;66
6523;46;628443886;6523;182;7250;7315;10.06;0.61;235.03;8.05;727;46;2518.00;65
6523;46;628443897;6523;187;7251;7315;9.98;0.61;235.03;8.06;728;46;2519.00;64
6525;46;628443910;6525;196;7305;7440;10.03;0.62;235.04;8.01;780;46;2520.00;135
6527;46;628443933;6527;196;7307;7441;9.98;0.61;235.13;8.01;780;46;2521.00;134
6529;46;628443945;6529;198;7317;7441;9.99;0.61;235.17;8.01;788;46;2522.00;124
6533;46;628443956;6533;204;7328;7441;9.91;0.61;235.14;8.01;795;46;2523.00;113
6535;46;628443968;6535;207;7335;7441;9.85;0.60;235.14;8.00;800;46;2524.00;106
6537;46;628443980;6537;208;7343;7441;9.76;0.60;235.21;8.01;806;46;2525.00;98
6539;46;628443992;6539;213;7347;7441;9.65;0.59;235.26;8.01;808;46;2526.00;94
6543;46;628444004;6543;218;7353;7441;9.51;0.58;235.34;8.02;810;46;2527.00;88
6547;46;628444016;6547;225;7356;7442;9.36;0.58;235.29;8.02;809;46;2528.00;86
6547;46;628444027;6547;226;7363;7443;9.21;0.57;235.29;8.03;816;46;2529.00;80
6550;46;628444038;6550;225;7364;7443;9.05;0.56;235.27;8.03;814;46;2530.00;79
6553;46;628444050;6553;222;7370;7447;8.90;0.55;235.30;8.04;817;46;2531.00;77
6554;46;628444062;6554;226;7372;7447;8.80;0.54;235.29;8.04;818;46;2532.00;75
6556;46;628444073;6556;224;7375;7447;8.67;0.54;235.32;8.05;819;46;2533.00;72
6560;46;628444084;6560;227;7375;7447;8.60;0.53;235.38;8.05;815;46;2534.00;72
6563;46;628444095;6563;237;7380;7453;8.60;0.53;235.41;8.05;817;46;2535.00;73
6569;46;628444106;6569;234;7380;7453;8.59;0.53;235.40;8.05;811;46;2536.00;73
6572;46;628444118;6572;239;7383;7455;8.59;0.53;235.40;8.06;811;46;2537.00;72
6576;46;628444129;6576;242;7385;7458;8.67;0.53;235.37;8.06;809;46;2538.00;73
6579;46;628444141;6579;246;7388;7458;8.68;0.53;235.35;8.06;809;46;2539.00;70
6582;46;628444152;6582;249;7388;7458;8.69;0.53;235.36;8.06;806;46;2540.00;70
6583;46;628444164;6583;251;7389;7459;8.62;0.53;235.38;8.07;806;46;2541.00;70
6588;46;628444174;6588;257;7391;7460;8.55;0.52;235.37;8.07;803;46;2542.00;69
6593;46;628444185;6593;256;7392;7460;8.43;0.52;235.40;8.07;799;46;2543.00;68
6596;46;628444196;6596;257;7404;7473;8.34;0.51;235.37;8.07;808;46;2544.00;69
6602;46;628444208;6602;257;7404;7473;8.29;0.51;235.41;8.07;802;46;2545.00;69
6606;46;628444219;6606;263;7406;7473;8.27;0.51;235.41;8.07;800;46;2546.00;67
6610;46;628444230;6610;267;7408;7474;8.24;0.50;235.43;8.07;798;46;2547.00;66
6618;46;628444241;6618;266;7409;7474;8.16;0.50;235.43;8.08;791;46;2548.00;65
6621;46;628444253;6621;268;7414;7478;8.09;0.49;235.47;8.08;793;46;2549.00;64
6625;46;628444266;6625;266;7417;7481;7.92;0.49;235.51;8.07;792;46;2550.00;64
6629;46;628444278;6629;256;7421;7485;7.82;0.48;235.46;8.07;792;46;2551.00;64
6635;46;628444290;6635;254;7422;7485;7.80;0.48;235.48;8.07;787;46;2552.00;63
6636;46;628444301;6636;248;7423;7485;7.81;0.48;235.51;8.07;787;46;2553.00;62
6641;46;628444313;6641;247;7424;7485;7.76;0.48;235.54;8.08;783;46;2554.00;61
6645;46;628444323;6645;247;7424;7485;7.77;0.48;235.59;8.08;779;46;2555.00;61
6649;46;628444334;6649;251;7436;7497;7.90;0.49;235.59;8.06;787;46;2556.00;61
6651;46;628444346;6651;244;7436;7497;7.97;0.49;235.64;8.06;785;46;2557.00;61
6656;46;628444357;6656;244;7436;7497;7.99;0.49;235.74;8.06;780;46;2558.00;61
6659;46;628444367;6659;241;7436;7497;8.10;0.50;235.79;8.06;777;46;2559.00;61
6661;46;628444378;6661;229;7436;7497;8.19;0.50;235.79;8.06;775;46;2560.00;61
6663;46;628444388;6663;225;7437;7497;8.16;0.50;235.86;8.16;774;46;2561.00;60
6666;46;628444400;6666;220;7437;7498;8.28;0.51;235.86;8.16;771;46;2562.00;61
6670;46;628444412;6670;220;7437;7498;8.40;0.52;235.93;8.16;767;46;2563.00;61
6674;46;628444422;6674;222;7441;7504;8.51;0.53;235.90;8.16;767;46;2564.00;63
6680;46;628444434;6680;222;7444;7506;8.58;0.53;235.89;8.16;764;46;2565.00;62
6683;46;628444445;6683;214;7444;7506;8.68;0.53;235.97;8.16;761;46;2566.00;62
6688;46;628444456;6688;220;7444;7506;8.71;0.54;236.08;8.16;756;46;2567.00;62
6691;46;628444467;6691;223;7447;7510;8.77;0.54;236.06;8.15;756;46;2568.00;63
6697;46;628444478;6697;216;7447;7510;8.78;0.54;236.26;8.15;750;46;2569.00;63
6702;46;628444489;6702;208;7447;7510;8.80;0.54;236.30;8.15;745;46;2570.00;63
6707;46;628444500;6707;205;7448;7511;8.85;0.55;236.39;8.15;741;46;2571.00;63
6712;46;628444511;6712;203;7451;7515;8.93;0.55;236.39;8.15;739;46;2572.00;64
6719;46;628444522;6719;198;7451;7515;9.03;0.56;236.47;8.15;732;46;2573.00;64
6725;46;628444533;6725;185;7453;7518;9.15;0.56;236.46;8.15;728;46;2574.00;65
6731;46;628444544;6731;179;7454;7518;9.21;0.57;236.57;8.15;723;46;2575.00;64
6735;46;628444556;6735;174;7454;7518;9.33;0.57;236.58;8.15;719;46;2576.00;64
6740;46;628444567;6740;173;7454;7518;9.39;0.58;236.61;8.15;714;46;2577.00;64
6744;46;628444578;6744;173;7457;7522;9.42;0.58;236.63;8.14;713;46;2578.00;65
6747;46;628444590;6747;173;7457;7522;9.45;0.58;236.66;8.14;710;46;2579.00;65
6752;46;628444602;6752;169;7458;7522;9.52;0.58;236.68;8.14;706;46;2580.00;64
6760;46;628444613;6760;172;7458;7522;9.49;0.58;236.78;8.14;698;46;2581.00;64
6765;46;628444624;6765;177;7458;7523;9.53;0.58;236.84;8.14;693;46;2582.00;65
6774;46;628444636;6774;177;7459;7524;9.44;0.58;236.87;8.14;685;46;2583.00;65
6777;46;628444647;6777;185;7459;7524;9.46;0.58;236.96;8.14;682;46;2584.00;65
6782;46;628444658;6782;182;7460;7525;9.54;0.58;236.96;8.14;678;46;2585.00;65
6787;46;628444670;6787;186;7460;7525;9.58;0.59;236.97;8.14;673;46;2586.00;65
6793;46;628444681;6793;192;7460;7525;9.53;0.58;236.94;8.14;667;46;2587.00;65
6798;46;628444692;6798;194;7460;7525;9.51;0.58;236.98;8.14;662;46;2588.00;65
6802;46;628444702;6802;201;7460;7525;9.42;0.57;237.08;8.14;658;46;2589.00;65
6809;46;628444714;6809;208;7460;7525;9.27;0.56;237.10;8.14;651;46;2590.00;65
6811;46;628444725;6811;207;7460;7525;9.25;0.56;237.14;8.14;649;46;2591.00;65
6817;46;628444735;6817;227;7526;7652;9.31;0.58;237.15;8.07;709;46;2592.00;126
6819;46;628444756;6819;222;7529;7653;9.25;0.57;237.15;8.07;710;46;2593.00;124
6821;46;628444767;6821;231;7539;7653;9.29;0.57;237.16;8.06;718;46;2594.00;114
6824;46;628444780;6824;236;7542;7653;9.21;0.57;237.18;8.06;718;46;2595.00;111
6827;46;628444791;6827;243;7545;7653;9.14;0.56;237.18;8.06;718;46;2596.00;108
6830;46;628444802;6830;231;7550;7653;9.25;0.57;237.20;8.05;720;46;2597.00;103
6835;46;628444813;6835;230;7553;7653;9.29;0.57;237.21;8.05;718;46;2598.00;100
6836;46;628444831;6836;226;7555;7653;9.29;0.57;237.23;8.05;719;46;2599.00;98
6839;47;628444849;6839;220;7561;7654;9.30;0.57;237.22;8.05;722;47;2600.00;93
6840;47;628444874;6840;223;7566;7655;9.28;0.57;237.24;8.05;726;47;2601.00;89
6843;48;628444886;6843;220;7569;7655;9.26;0.57;237.22;8.05;726;48;2602.00;86
6846;48;628444908;6846;222;7570;7656;9.22;0.56;237.24;8.05;724;48;2603.00;86
6847;48;628444919;6847;227;7572;7656;9.17;0.56;237.26;8.05;725;48;2604.00;84
6849;48;628444930;6849;230;7573;7656;9.16;0.56;237.26;8.06;724;48;2605.00;83
6851;48;628444941;6851;224;7575;7656;9.21;0.57;237.32;8.06;724;48;2606.00;81
6855;48;628444952;6855;211;7578;7660;9.26;0.57;237.34;8.06;723;48;2607.00;82
6857;48;628444964;6857;199;7580;7660;9.33;0.57;237.37;8.06;723;48;2608.00;80
6860;48;628444975;6860;190;7581;7660;9.40;0.58;237.40;8.06;721;48;2609.00;79
6862;48;628444988;6862;192;7585;7666;9.48;0.58;237.48;8.06;723;48;2610.00;81
6865;48;628444999;6865;192;7586;7666;9.50;0.58;237.44;8.06;721;48;2611.00;80
6866;49;628445011;6866;190;7587;7666;9.52;0.58;237.42;8.06;721;49;2612.00;79
6867;49;628445029;6867;187;7590;7670;9.47;0.58;237.43;8.05;723;49;2613.00;80
6869;49;628445040;6869;188;7592;7671;9.52;0.58;237.38;8.05;723;49;2614.00;79
6872;49;628445055;6872;188;7592;7671;9.56;0.58;237.34;8.05;720;49;2615.00;79
6873;49;628445066;6873;188;7596;7675;9.65;0.59;237.34;8.05;723;49;2616.00;79
6874;49;628445076;6874;189;7596;7675;9.71;0.59;237.33;8.05;722;49;2617.00;79
6878;49;628445087;6878;189;7597;7675;9.73;0.59;237.40;8.05;719;49;2618.00;78
6879;49;628445097;6879;192;7598;7676;9.79;0.60;237.38;8.05;719;49;2619.00;78
6880;49;628445107;6880;195;7598;7676;9.81;0.60;237.38;8.05;718;49;2620.00;78
6881;49;628445117;6881;192;7602;7682;9.92;0.60;237.41;8.04;721;49;2621.00;80
6882;49;628445128;6882;191;7602;7682;9.92;0.61;237.42;8.04;720;49;2622.00;80
6889;49;628445137;6889;192;7603;7683;9.93;0.61;237.34;8.04;714;49;2623.00;80
6892;49;628445147;6892;190;7603;7683;9.89;0.60;237.36;8.04;711;49;2624.00;80
6893;49;628445158;6893;188;7603;7683;9.85;0.60;237.37;8.04;710;49;2625.00;80
6896;49;628445168;6896;189;7603;7683;9.91;0.60;237.32;8.04;707;49;2626.00;80
6898;49;628445177;6898;192;7603;7683;10.02;0.61;237.30;8.04;705;49;2627.00;80
6902;49;628445187;6902;193;7613;7695;10.12;0.61;237.25;8.03;711;49;2628.00;82
6903;49;628445198;6903;197;7613;7695;10.16;0.62;237.23;8.03;710;49;2629.00;82
6907;49;628445208;6907;196;7615;7695;10.22;0.62;237.17;8.14;708;49;2630.00;80
6908;49;628445219;6908;190;7615;7695;10.24;0.62;237.17;8.14;707;49;2631.00;80
6909;49;628445229;6909;192;7615;7695;10.31;0.63;237.15;8.14;706;49;2632.00;80
6912;49;628445239;6912;195;7615;7695;10.42;0.63;237.09;8.14;703;49;2633.00;80
6912;49;628445249;6912;193;7618;7699;10.43;0.63;237.09;8.14;706;49;2634.00;81
6913;49;628445259;6913;192;7618;7699;10.49;0.64;237.07;8.14;705;49;2635.00;81
6915;49;628445269;6915;195;7621;7703;10.49;0.64;237.03;8.13;706;49;2636.00;82
6917;49;628445279;6917;194;7622;7704;10.49;0.64;237.03;8.13;705;49;2637.00;82
6918;49;628445288;6918;202;7623;7704;10.54;0.64;237.02;8.13;705;49;2638.00;81
6920;49;628445298;6920;202;7623;7704;10.49;0.64;236.99;8.13;703;49;2639.00;81
6923;49;628445309;6923;209;7642;7733;10.44;0.63;236.96;8.11;719;49;2640.00;91
6924;49;628445321;6924;203;7643;7733;10.39;0.63;236.93;8.11;719;49;2641.00;90
6926;49;628445332;6926;199;7646;7733;10.40;0.63;237.00;8.11;720;49;2642.00;87
6926;49;628445341;6926;210;7648;7734;10.40;0.63;237.00;8.11;722;49;2643.00;86
6927;49;628445350;6927;211;7649;7735;10.49;0.64;237.02;8.11;722;49;2644.00;86
6929;49;628445360;6929;213;7649;7735;10.53;0.64;237.03;8.11;720;49;2645.00;86
6931;49;628445369;6931;216;7652;7738;10.53;0.64;237.04;8.10;721;49;2646.00;86
6932;49;628445379;6932;217;7652;7738;10.51;0.64;237.05;8.10;720;49;2647.00;86
6934;49;628445388;6934;219;7652;7738;10.50;0.64;237.01;8.10;718;49;2648.00;86
6934;49;628445397;6934;221;7652;7738;10.49;0.64;237.01;8.10;718;49;2649.00;86
6938;49;628445406;6938;221;7656;7744;10.47;0.64;237.00;8.10;718;49;2650.00;88
6940;49;628445416;6940;204;7656;7744;10.43;0.64;236.97;8.10;716;49;2651.00;88
6944;49;628445425;6944;190;7657;7744;10.46;0.64;236.96;8.10;713;49;2652.00;87
6947;49;628445435;6947;183;7657;7744;10.36;0.63;236.94;8.10;710;49;2653.00;87
6948;49;628445450;6948;170;7661;7748;10.39;0.63;236.95;8.11;713;49;2654.00;87
6950;49;628445462;6950;161;7664;7750;10.43;0.63;236.95;8.12;714;49;2655.00;86
6952;49;628445473;6952;154;7664;7750;10.50;0.64;236.91;8.12;712;49;2656.00;86
6953;49;628445482;6953;148;7665;7751;10.60;0.65;236.98;8.12;712;49;2657.00;86
6957;49;628445499;6957;146;7665;7751;10.76;0.65;236.92;8.12;708;49;2658.00;86
6960;50;628445509;6960;136;7665;7751;10.89;0.66;236.92;8.12;705;50;2659.00;86
6965;50;628445530;6965;128;7665;7751;10.96;0.67;236.89;8.12;700;50;2660.00;86
6966;50;628445542;6966;117;7665;7751;11.12;0.67;236.87;8.12;699;50;2661.00;86
6969;50;628445552;6969;115;7665;7751;11.25;0.68;236.88;8.12;696;50;2662.00;86
6972;51;628445563;6972;114;7665;7751;11.28;0.68;236.85;8.12;693;51;2663.00;86
6973;51;628445580;6973;116;7703;7821;11.44;0.70;236.82;8.08;730;51;2664.00;118
6975;51;628445597;6975;112;7706;7822;11.46;0.70;236.78;8.07;731;51;2665.00;116
6978;51;628445619;6978;101;7711;7822;11.53;0.70;236.83;8.07;733;51;2666.00;111
6978;51;628445629;6978;111;7713;7822;11.56;0.70;236.83;8.07;735;51;2667.00;109
6978;51;628445640;6978;113;7719;7822;11.62;0.71;236.83;8.06;741;51;2668.00;103
6980;51;628445650;6980;114;7721;7822;11.71;0.71;236.80;8.06;741;51;2669.00;101
6982;51;628445662;6982;111;7724;7822;11.73;0.71;236.78;8.06;742;51;2670.00;98
6984;51;628445673;6984;114;7727;7822;11.75;0.71;236.75;8.06;743;51;2671.00;95
6985;52;628445683;6985;116;7728;7823;11.75;0.71;236.74;8.06;743;52;2672.00;95
6989;52;628445716;6989;121;7733;7824;11.67;0.71;236.76;8.06;744;52;2673.00;91
6992;52;628445727;6992;120;7733;7824;11.67;0.71;236.78;8.06;741;52;2674.00;91
6994;52;628445743;6994;125;7736;7828;11.45;0.69;236.81;8.06;742;52;2675.00;92
6995;52;628445761;6995;131;7736;7828;11.40;0.69;236.78;8.06;741;52;2676.00;92
6996;52;628445772;6996;137;7736;7828;11.34;0.69;236.77;8.06;740;52;2677.00;92
7000;52;628445787;7000;143;7737;7828;11.28;0.69;236.80;8.07;737;52;2678.00;91
7000;52;628445804;7000;149;7742;7834;11.17;0.68;236.80;8.08;742;52;2679.00;92
7003;52;628445820;7003;153;7743;7834;11.12;0.68;236.81;8.08;740;52;2680.00;91
7005;52;628445838;7005;159;7744;7834;11.04;0.67;236.80;8.09;739;52;2681.00;90
7006;52;628445854;7006;167;7747;7837;11.05;0.67;236.78;8.10;741;52;2682.00;90
7010;52;628445870;7010;170;7747;7837;10.90;0.66;236.82;8.10;737;52;2683.00;90
7012;52;628445886;7012;175;7749;7837;10.84;0.66;236.86;8.11;737;52;2684.00;88
7014;52;628445899;7014;184;7750;7838;10.81;0.66;236.88;8.12;736;52;2685.00;88
7018;52;628445911;7018;189;7752;7839;10.74;0.65;236.87;8.13;734;52;2686.00;87
7019;52;628445922;7019;188;7753;7839;10.65;0.65;236.88;8.15;734;52;2687.00;86
7022;52;628445933;7022;194;7766;7852;10.58;0.64;236.87;8.16;744;52;2688.00;86
7028;52;628445946;7028;198;7768;7852;10.43;0.63;236.94;8.18;740;52;2689.00;84
7028;52;628445958;7028;204;7769;7852;10.40;0.63;236.94;8.19;741;52;2690.00;83
7032;52;628445970;7032;210;7771;7853;10.37;0.63;237.01;8.19;739;52;2691.00;82
7035;52;628445982;7035;215;7771;7853;10.30;0.63;237.03;8.19;736;52;2692.00;82
7036;52;628445993;7036;218;7776;7857;10.20;0.62;237.02;8.20;740;52;2693.00;81
7041;52;628446005;7041;224;7776;7857;10.02;0.61;237.04;8.20;735;52;2694.00;81
7044;52;628446015;7044;230;7781;7861;9.91;0.60;237.02;8.21;737;52;2695.00;80
7046;52;628446026;7046;235;7781;7861;9.74;0.59;237.03;8.21;735;52;2696.00;80
7050;52;628446037;7050;234;7782;7861;9.48;0.58;237.00;8.21;732;52;2697.00;79
7052;52;628446048;7052;237;7783;7861;9.30;0.57;236.98;8.22;731;52;2698.00;78
7055;52;628446058;7055;235;7785;7861;9.14;0.56;236.97;8.23;730;52;2699.00;76
7058;52;628446072;7058;241;7808;7910;9.10;0.56;236.99;8.21;750;52;2700.00;102
7062;52;628446093;7062;239;7811;7910;8.98;0.55;236.96;8.21;749;52;2701.00;99
7065;52;628446104;7065;236;7815;7910;8.91;0.55;236.95;8.21;750;52;2702.00;95
7067;52;628446114;7067;240;7815;7910;8.82;0.54;236.94;8.21;748;52;2703.00;95
7069;52;628446125;7069;237;7819;7910;8.69;0.53;236.96;8.21;750;52;2704.00;91
7070;52;628446135;7070;238;7820;7910;8.65;0.53;236.95;8.22;750;52;2705.00;90
7074;52;628446145;7074;239;7821;7911;8.62;0.53;236.99;8.22;747;52;2706.00;90
7076;52;628446156;7076;234;7824;7911;8.54;0.53;236.98;8.23;748;52;2707.00;87
7077;52;628446166;7077;241;7830;7917;8.62;0.53;236.97;8.24;753;52;2708.00;87
7082;52;628446176;7082;245;7831;7918;8.58;0.53;236.94;8.24;749;52;2709.00;87
7087;52;628446187;7087;246;7833;7918;8.50;0.52;236.89;8.24;746;52;2710.00;85
7093;52;628446196;7093;252;7833;7918;8.40;0.51;236.83;8.24;740;52;2711.00;85
7098;52;628446207;7098;256;7835;7922;8.33;0.51;236.76;8.24;737;52;2712.00;87
7103;52;628446217;7103;263;7839;7922;8.21;0.50;236.79;8.24;736;52;2713.00;83
7107;52;628446226;7107;265;7840;7922;8.26;0.50;236.83;8.25;733;52;2714.00;82
7112;52;628446236;7112;267;7844;7923;8.19;0.50;236.85;8.26;732;52;2715.00;79
7115;52;628446245;7115;270;7847;7927;8.08;0.49;236.96;8.25;732;52;2716.00;80
7120;52;628446263;7120;263;7848;7927;7.95;0.49;237.00;8.26;728;52;2717.00;79
7124;52;628446272;7124;268;7850;7930;7.88;0.48;237.01;8.25;726;52;2718.00;80
7130;52;628446283;7130;273;7851;7930;7.78;0.47;237.03;8.26;721;52;2719.00;79
7133;52;628446292;7133;264;7855;7930;7.70;0.47;237.08;8.26;722;52;2720.00;75
7135;52;628446302;7135;255;7855;7930;7.76;0.47;237.09;8.26;720;52;2721.00;75
7137;52;628446312;7137;253;7857;7934;7.78;0.48;237.15;8.26;720;52;2722.00;77
7140;52;628446322;7140;249;7858;7934;7.80;0.48;237.14;8.26;718;52;2723.00;76
7143;52;628446332;7143;249;7859;7934;7.84;0.48;237.13;8.26;716;52;2724.00;75
7144;52;628446341;7144;251;7860;7934;7.83;0.48;237.16;8.26;716;52;2725.00;74
7150;52;628446350;7150;248;7862;7935;7.78;0.47;237.21;8.26;712;52;2726.00;73
7153;52;628446360;7153;237;7863;7936;7.76;0.47;237.24;8.26;710;52;2727.00;73
7156;52;628446375;7156;239;7863;7936;7.76;0.47;237.32;8.26;707;52;2728.00;73
7159;52;628446385;7159;230;7864;7937;7.81;0.48;237.36;8.26;705;52;2729.00;73
7162;52;628446396;7162;229;7865;7937;7.91;0.48;237.38;8.26;703;52;2730.00;72
7166;52;628446406;7166;227;7865;7937;7.98;0.49;237.40;8.26;699;52;2731.00;72
7173;52;628446416;7173;228;7866;7937;7.99;0.48;237.42;8.27;693;52;2732.00;71
7176;52;628446425;7176;232;7868;7937;8.00;0.48;237.45;8.27;692;52;2733.00;69
7180;52;628446435;7180;232;7868;7937;8.05;0.49;237.48;8.27;688;52;2734.00;69
7187;52;628446446;7187;232;7869;7937;8.08;0.49;237.46;8.27;682;52;2735.00;68
7189;52;628446456;7189;242;7939;8064;8.32;0.51;237.50;8.20;750;52;2736.00;125
7193;52;628446478;7193;237;7942;8065;8.38;0.52;237.53;8.20;749;52;2737.00;123
7197;52;628446488;7197;233;7950;8065;8.37;0.52;237.57;8.20;753;52;2738.00;115
7199;52;628446498;7199;234;7954;8065;8.34;0.51;237.58;8.20;755;52;2739.00;111
7203;52;628446509;7203;233;7958;8065;8.30;0.51;237.61;8.20;755;52;2740.00;107
7208;52;628446519;7208;234;7959;8065;8.26;0.51;237.66;8.20;751;52;2741.00;106
7212;52;628446529;7212;230;7963;8065;8.27;0.51;237.67;8.31;751;52;2742.00;102
7215;52;628446542;7215;232;7967;8065;8.24;0.51;237.69;8.31;752;52;2743.00;98
7220;52;628446553;7220;236;7969;8066;8.16;0.50;237.72;8.31;749;52;2744.00;97
7221;52;628446564;7221;238;7976;8068;8.17;0.50;237.76;8.31;755;52;2745.00;92
7227;52;628446575;7227;241;7980;8068;8.14;0.50;237.76;8.31;753;52;2746.00;88
7229;52;628446585;7229;241;7983;8069;8.19;0.50;237.88;8.31;754;52;2747.00;86
7229;52;628446596;7229;238;7985;8069;8.25;0.51;237.88;8.31;756;52;2748.00;84
7232;52;628446606;7232;238;7988;8069;8.24;0.51;237.99;8.31;756;52;2749.00;81
7235;52;628446623;7235;241;7989;8069;8.24;0.51;238.01;8.31;754;52;2750.00;80
7239;52;628446634;7239;238;7993;8073;8.23;0.51;238.01;8.31;754;52;2751.00;80
7243;52;628446646;7243;234;7993;8073;8.20;0.51;238.06;8.31;750;52;2752.00;80
7245;52;628446657;7245;234;7996;8073;8.23;0.51;238.11;8.31;751;52;2753.00;77
7248;52;628446668;7248;240;7998;8076;8.17;0.51;238.11;8.31;750;52;2754.00;78
7254;52;628446678;7254;248;7999;8076;8.16;0.50;238.06;8.32;745;52;2755.00;77
7258;52;628446689;7258;256;8002;8076;8.09;0.50;238.02;8.32;744;52;2756.00;74
7260;52;628446700;7260;266;8006;8080;8.08;0.50;238.07;8.31;746;52;2757.00;74
7268;52;628446711;7268;277;8007;8081;8.01;0.49;238.08;8.31;739;52;2758.00;74
7272;52;628446722;7272;285;8007;8081;7.91;0.49;238.00;8.31;735;52;2759.00;74
7276;52;628446741;7276;295;8011;8086;7.89;0.49;238.01;8.31;735;52;2760.00;75
7276;52;628446751;7276;298;8011;8086;7.93;0.49;238.01;8.31;735;52;2761.00;75
7280;52;628446761;7280;300;8011;8086;7.90;0.49;237.99;8.31;731;52;2762.00;75
7282;52;628446772;7282;310;8012;8087;7.84;0.48;238.02;8.31;730;52;2763.00;75
7283;52;628446783;7283;315;8012;8087;7.80;0.48;238.02;8.31;729;52;2764.00;75
7288;52;628446794;7288;319;8016;8093;7.75;0.48;238.01;8.30;728;52;2765.00;77
7289;52;628446804;7289;323;8016;8093;7.68;0.47;238.00;8.30;727;52;2766.00;77
7292;52;628446815;7292;319;8017;8094;7.63;0.47;237.98;8.30;725;52;2767.00;77
7296;52;628446825;7296;315;8017;8094;7.56;0.46;238.03;8.30;721;52;2768.00;77
7300;52;628446835;7300;304;8017;8094;7.57;0.47;237.98;8.30;717;52;2769.00;77
7304;52;628446845;7304;302;8017;8094;7.64;0.47;238.09;8.30;713;52;2770.00;77
7307;52;628446855;7307;294;8017;8094;7.72;0.47;238.06;8.30;710;52;2771.00;77
7310;52;628446865;7310;293;8027;8106;7.88;0.48;238.13;8.29;717;52;2772.00;79
7315;52;628446875;7315;296;8028;8106;7.87;0.48;238.15;8.29;713;52;2773.00;78
7315;52;628446885;7315;298;8028;8106;7.91;0.48;238.15;8.29;713;52;2774.00;78
7317;52;628446894;7317;295;8028;8106;7.92;0.48;238.15;8.29;711;52;2775.00;78
7318;52;628446903;7318;272;8028;8106;7.98;0.49;238.15;8.29;710;52;2776.00;78
7319;52;628446919;7319;255;8028;8106;8.07;0.49;238.13;8.29;709;52;2777.00;78
7322;52;628446928;7322;239;8031;8110;8.24;0.50;238.09;8.29;709;52;2778.00;79
7326;52;628446939;7326;234;8031;8110;8.31;0.51;238.05;8.29;705;52;2779.00;79
7326;52;628446949;7326;229;8034;8114;8.47;0.52;238.05;8.29;708;52;2780.00;80
7327;52;628446959;7327;226;8036;8115;8.64;0.53;238.03;8.28;709;52;2781.00;79
7332;52;628446971;7332;218;8036;8115;8.72;0.53;238.02;8.28;704;52;2782.00;79
7334;52;628446981;7334;219;8036;8115;8.83;0.54;238.02;8.28;702;52;2783.00;79
7336;52;628447007;7336;220;8047;8128;8.95;0.54;237.99;8.27;711;52;2784.00;81
7340;52;628447023;7340;219;8047;8128;9.00;0.55;237.96;8.27;707;52;2785.00;81
7341;52;628447039;7341;223;8047;8128;9.04;0.55;237.93;8.27;706;52;2786.00;81
7342;52;628447049;7342;230;8048;8129;9.11;0.55;237.91;8.27;706;52;2787.00;81
7342;52;628447059;7342;229;8048;8130;9.16;0.56;237.91;8.27;706;52;2788.00;82
7344;52;628447068;7344;222;8048;8130;9.14;0.56;237.90;8.27;704;52;2789.00;82
7347;52;628447080;7347;220;8051;8136;9.10;0.55;237.85;8.27;704;52;2790.00;85
7348;52;628447096;7348;221;8051;8136;9.12;0.56;237.83;8.27;703;52;2791.00;85
7349;52;628447105;7349;222;8052;8136;9.15;0.56;237.81;8.27;703;52;2792.00;84
7351;52;628447115;7351;220;8052;8136;9.13;0.56;237.90;8.27;701;52;2793.00;84
7352;52;628447131;7352;222;8056;8142;9.11;0.56;237.89;8.27;704;52;2794.00;86
7354;53;628447141;7354;223;8056;8142;9.11;0.56;237.86;8.27;702;53;2795.00;86
7356;53;628447162;7356;222;8057;8142;9.21;0.56;237.85;8.26;701;53;2796.00;85
7358;53;628447171;7358;229;8057;8142;9.26;0.57;237.85;8.26;699;53;2797.00;85
7361;53;628447180;7361;230;8061;8146;9.29;0.57;237.79;8.26;700;53;2798.00;85
7361;53;628447190;7361;233;8062;8147;9.31;0.57;237.79;8.26;701;53;2799.00;85
7362;53;628447199;7362;235;8063;8147;9.37;0.57;237.78;8.26;701;53;2800.00;84
7363;53;628447212;7363;236;8064;8148;9.38;0.57;237.79;8.26;701;53;2801.00;84
7364;53;628447221;7364;237;8064;8148;9.34;0.57;237.76;8.26;700;53;2802.00;84
7367;53;628447230;7367;225;8064;8148;9.41;0.57;237.74;8.26;697;53;2803.00;84
7367;53;628447240;7367;217;8064;8148;9.54;0.58;237.74;8.26;697;53;2804.00;84
7368;53;628447249;7368;212;8064;8148;9.75;0.59;237.72;8.26;696;53;2805.00;84
7369;53;628447258;7369;205;8064;8148;9.93;0.60;237.71;8.26;695;53;2806.00;84
7371;53;628447267;7371;196;8064;8148;10.05;0.61;237.68;8.26;693;53;2807.00;84
7374;53;628447283;7374;206;8105;8218;9.94;0.60;237.64;8.22;731;53;2808.00;113
7377;53;628447299;7377;190;8105;8219;10.07;0.61;237.66;8.22;728;53;2809.00;114
7378;53;628447314;7378;177;8110;8219;10.23;0.62;237.65;8.21;732;53;2810.00;109
7379;53;628447324;7379;171;8114;8219;10.38;0.63;237.64;8.21;735;53;2811.00;105
7379;53;628447333;7379;169;8117;8219;10.56;0.64;237.64;8.21;738;53;2812.00;102
7379;54;628447343;7379;169;8121;8219;10.76;0.65;237.64;8.21;742;54;2813.00;98
7380;54;628447363;7380;166;8126;8219;10.93;0.66;237.62;8.21;746;54;2814.00;93
7386;54;628447373;7386;168;8128;8219;11.01;0.67;237.63;8.21;742;54;2815.00;91
7387;54;628447383;7387;173;8130;8220;11.12;0.67;237.70;8.21;743;54;2816.00;90
7388;55;628447394;7388;169;8131;8221;11.18;0.68;237.70;8.20;743;55;2817.00;90
7390;55;628447416;7390;170;8132;8221;11.23;0.68;237.67;8.21;742;55;2818.00;89
7390;55;628447426;7390;168;8135;8225;11.23;0.68;237.67;8.20;745;55;2819.00;90
7390;55;628447444;7390;157;8135;8225;11.24;0.68;237.67;8.20;745;55;2820.00;90
7391;55;628447453;7391;154;8135;8225;11.22;0.68;237.65;8.20;744;55;2821.00;90
7392;55;628447463;7392;145;8135;8225;11.19;0.68;237.65;8.20;743;55;2822.00;90
7394;55;628447474;7394;140;8138;8231;11.18;0.68;237.65;8.20;744;55;2823.00;93
7401;55;628447485;7401;136;8139;8231;11.09;0.67;237.65;8.20;738;55;2824.00;92
7408;55;628447497;7408;130;8141;8231;11.05;0.67;237.63;8.22;733;55;2825.00;90
7409;55;628447508;7409;126;8143;8234;11.14;0.67;237.67;8.22;734;55;2826.00;91
7414;55;628447518;7414;118;8143;8234;11.18;0.68;237.62;8.22;729;55;2827.00;91
7416;55;628447529;7416;124;8144;8234;11.19;0.68;237.66;8.22;728;55;2828.00;90
7423;55;628447539;7423;118;8144;8235;11.11;0.67;237.66;8.22;721;55;2829.00;91
7425;55;628447550;7425;120;8145;8236;11.13;0.67;237.66;8.22;720;55;2830.00;91
7428;55;628447560;7428;116;8145;8236;11.08;0.67;237.69;8.22;717;55;2831.00;91
7432;55;628447571;7432;115;8155;8249;11.07;0.67;237.69;8.21;723;55;2832.00;94
7435;55;628447582;7435;111;8155;8249;11.13;0.67;237.71;8.21;720;55;2833.00;94
7439;55;628447592;7439;112;8155;8249;11.21;0.68;237.71;8.21;716;55;2834.00;94
7442;55;628447602;7442;114;8158;8251;11.22;0.68;237.74;8.33;716;55;2835.00;93
7443;55;628447619;7443;112;8158;8251;11.27;0.68;237.73;8.33;715;55;2836.00;93
7445;55;628447629;7445;117;8162;8255;11.30;0.69;237.74;8.33;717;55;2837.00;93
7447;55;628447639;7447;119;8162;8255;11.31;0.69;237.76;8.33;715;55;2838.00;93
7447;55;628447649;7447;126;8168;8259;11.32;0.69;237.76;8.45;721;55;2839.00;91
7452;55;628447659;7452;133;8168;8259;11.32;0.69;237.83;8.45;716;55;2840.00;91
7452;55;628447669;7452;134;8168;8259;11.39;0.69;237.83;8.45;716;55;2841.00;91
7456;55;628447679;7456;133;8168;8259;11.35;0.69;237.91;8.45;712;55;2842.00;91
7459;55;628447690;7459;135;8169;8259;11.37;0.69;237.92;8.46;710;55;2843.00;90
7461;55;628447701;7461;131;8179;8271;11.40;0.69;237.96;8.45;718;55;2844.00;92
7463;55;628447713;7463;138;8181;8271;11.37;0.69;237.96;8.58;718;55;2845.00;90
7465;55;628447723;7465;136;8181;8271;11.29;0.69;238.01;8.58;716;55;2846.00;90
7469;55;628447734;7469;144;8181;8271;11.20;0.68;238.07;8.58;712;55;2847.00;90
7473;55;628447745;7473;149;8181;8271;11.26;0.68;238.09;8.58;708;55;2848.00;90
7473;55;628447755;7473;155;8181;8271;11.30;0.69;238.09;8.58;708;55;2849.00;90
7475;55;628447768;7475;158;8184;8274;11.19;0.68;238.08;8.59;709;55;2850.00;90
7478;55;628447781;7478;165;8185;8274;11.14;0.68;238.10;8.60;707;55;2851.00;89
7480;55;628447798;7480;170;8189;8280;11.23;0.68;238.13;8.60;709;55;2852.00;91
7485;55;628447816;7485;175;8192;8281;11.07;0.67;238.14;8.61;707;55;2853.00;89
7486;55;628447834;7486;177;8193;8281;10.97;0.67;238.13;8.62;707;55;2854.00;88
7488;55;628447853;7488;182;8194;8281;10.93;0.66;238.11;8.63;706;55;2855.00;87
7492;55;628447868;7492;184;8197;8285;10.85;0.66;238.05;8.63;705;55;2856.00;88
7495;55;628447885;7495;186;8198;8285;10.74;0.65;238.11;8.64;703;55;2857.00;87
7498;55;628447900;7498;186;8199;8285;10.58;0.64;238.17;8.65;701;55;2858.00;86
7501;55;628447912;7501;196;8200;8286;10.55;0.64;238.13;8.65;699;55;2859.00;86
7502;55;628447923;7502;197;8204;8290;10.42;0.63;238.13;8.66;702;55;2860.00;86
7503;55;628447934;7503;205;8205;8290;10.38;0.63;238.17;8.67;702;55;2861.00;85
7504;55;628447946;7504;214;8209;8293;10.32;0.63;238.17;8.68;705;55;2862.00;84
7508;55;628447959;7508;221;8210;8293;10.18;0.62;238.18;8.68;702;55;2863.00;83
7509;55;628447977;7509;222;8213;8295;9.98;0.61;238.17;8.70;704;55;2864.00;82
7510;55;628447989;7510;229;8214;8295;9.88;0.60;238.22;8.70;704;55;2865.00;81
7512;55;628447999;7512;225;8219;8299;9.82;0.60;238.21;8.71;707;55;2866.00;80
7515;55;628448010;7515;226;8219;8299;9.70;0.59;238.22;8.71;704;55;2867.00;80
7516;55;628448027;7516;227;8222;8299;9.59;0.59;238.24;8.72;706;55;2868.00;77
7519;55;628448037;7519;224;8223;8299;9.52;0.58;238.23;8.73;704;55;2869.00;76
7521;55;628448047;7521;221;8224;8300;9.43;0.58;238.21;8.73;703;55;2870.00;76
7526;55;628448058;7526;222;8225;8301;9.38;0.57;238.19;8.73;699;55;2871.00;76
7529;55;628448069;7529;217;8227;8301;9.34;0.57;238.17;8.74;698;55;2872.00;74
7531;55;628448078;7531;218;8228;8302;9.30;0.57;238.17;8.74;697;55;2873.00;74
7532;55;628448088;7532;214;8230;8302;9.19;0.56;238.23;8.75;698;55;2874.00;72
7535;55;628448098;7535;216;8230;8302;9.18;0.56;238.23;8.75;695;55;2875.00;72
7539;55;628448108;7539;215;8230;8302;9.16;0.56;238.20;8.75;691;55;2876.00;72
7541;55;628448117;7541;215;8232;8302;9.13;0.56;238.18;8.76;691;55;2877.00;70
7546;55;628448127;7546;215;8233;8302;9.06;0.55;238.17;8.76;687;55;2878.00;69
7549;55;628448137;7549;219;8234;8302;9.03;0.55;238.18;8.76;685;55;2879.00;68
7550;55;628448148;7550;261;8334;8532;8.91;0.56;238.17;8.66;784;55;2880.00;198
7555;55;628448183;7555;255;8339;8533;8.83;0.55;238.21;8.66;784;55;2881.00;194
7558;55;628448193;7558;246;8347;8533;8.76;0.55;238.24;8.65;789;55;2882.00;186
7563;55;628448203;7563;247;8352;8533;8.67;0.54;238.21;8.65;789;55;2883.00;181
7568;55;628448213;7568;248;8361;8533;8.63;0.54;238.25;8.65;793;55;2884.00;172
7573;55;628448224;7573;244;8363;8533;8.54;0.53;238.28;8.65;790;55;2885.00;170
7576;55;628448234;7576;245;8370;8533;8.55;0.53;238.33;8.65;794;55;2886.00;163
7580;55;628448244;7580;242;8377;8533;8.48;0.53;238.37;8.65;797;55;2887.00;156
7586;55;628448256;7586;248;8382;8534;8.31;0.52;238.37;8.65;796;55;2888.00;152
7590;55;628448267;7590;249;8389;8535;8.16;0.51;238.38;8.65;799;55;2889.00;146
7592;55;628448277;7592;246;8392;8535;8.12;0.51;238.38;8.65;800;55;2890.00;143
7597;55;628448288;7597;247;8397;8536;8.02;0.50;238.43;8.65;800;55;2891.00;139
7602;55;628448298;7602;245;8405;8536;7.93;0.49;238.44;8.65;803;55;2892.00;131
7604;55;628448308;7604;245;8409;8536;7.77;0.48;238.50;8.65;805;55;2893.00;127
7608;55;628448319;7608;259;8413;8536;7.59;0.47;238.56;8.65;805;55;2894.00;123
7610;55;628448329;7610;258;8419;8540;7.37;0.46;238.61;8.66;809;55;2895.00;121
7613;55;628448339;7613;268;8423;8540;7.24;0.45;238.63;8.66;810;55;2896.00;117
7616;55;628448350;7616;269;8426;8540;7.21;0.45;238.66;8.66;810;55;2897.00;114
7621;55;628448367;7621;262;8428;8543;7.29;0.45;238.71;8.66;807;55;2898.00;115
7624;55;628448378;7624;266;8431;8543;7.34;0.45;238.69;8.67;807;55;2899.00;112
7630;55;628448391;7630;267;8434;8543;7.33;0.45;238.72;8.67;804;55;2900.00;109
7634;55;628448407;7634;271;8439;8547;7.35;0.45;238.77;8.80;805;55;2901.00;108
7635;55;628448420;7635;278;8441;8548;7.37;0.45;238.79;8.80;806;55;2902.00;107
7640;55;628448431;7640;274;8443;8548;7.38;0.45;238.88;8.80;803;55;2903.00;105
7645;55;628448443;7645;281;8446;8552;7.45;0.46;238.86;8.80;801;55;2904.00;106
7648;55;628448454;7648;285;8452;8552;7.41;0.45;238.88;8.81;804;55;2905.00;100
7653;55;628448464;7653;291;8452;8552;7.41;0.45;238.93;8.81;799;55;2906.00;100
7655;55;628448477;7655;300;8455;8553;7.43;0.45;238.96;8.81;800;55;2907.00;98
7658;55;628448488;7658;292;8457;8553;7.41;0.45;238.97;8.82;799;55;2908.00;96
7662;55;628448498;7662;293;8462;8559;7.40;0.45;238.96;8.82;800;55;2909.00;97
7665;55;628448511;7665;288;8465;8559;7.37;0.45;239.01;8.83;800;55;2910.00;94
7667;55;628448521;7667;290;8466;8560;7.29;0.45;238.99;8.83;799;55;2911.00;94
7672;55;628448531;7672;295;8468;8560;7.15;0.44;239.01;8.83;796;55;2912.00;92
7674;55;628448542;7674;293;8469;8560;7.06;0.43;239.06;8.84;795;55;2913.00;91
7675;55;628448554;7675;297;8470;8560;7.04;0.43;239.07;8.84;795;55;2914.00;90
7679;55;628448565;7679;302;8471;8560;6.95;0.43;239.04;8.84;792;55;2915.00;89
7681;55;628448583;7681;304;8482;8572;6.96;0.43;239.04;8.83;801;55;2916.00;90
7683;55;628448595;7683;307;8485;8572;6.94;0.43;239.05;8.96;802;55;2917.00;87
7687;55;628448605;7687;309;8485;8572;6.92;0.42;239.01;8.96;798;55;2918.00;87
7689;55;628448616;7689;316;8487;8572;6.97;0.43;239.01;8.96;798;55;2919.00;85
7692;55;628448626;7692;321;8487;8572;7.02;0.43;239.00;8.96;795;55;2920.00;85
7697;55;628448637;7697;321;8487;8572;7.01;0.43;239.00;8.96;790;55;2921.00;85
7700;55;628448648;7700;327;8490;8576;6.99;0.43;239.02;8.96;790;55;2922.00;86
7703;55;628448658;7703;330;8490;8576;6.95;0.43;239.01;8.96;787;55;2923.00;86
7704;55;628448668;7704;330;8493;8580;7.00;0.43;239.09;8.96;789;55;2924.00;87
7708;55;628448677;7708;339;8496;8582;7.05;0.43;239.08;8.95;788;55;2925.00;86
7708;55;628448688;7708;339;8496;8582;7.11;0.44;239.08;8.95;788;55;2926.00;86
7710;55;628448698;7710;345;8496;8582;7.15;0.44;239.11;8.95;786;55;2927.00;86
7712;55;628448707;7712;347;8506;8595;7.30;0.45;239.12;8.94;794;55;2928.00;89
7712;55;628448718;7712;350;8506;8595;7.33;0.45;239.12;8.94;794;55;2929.00;89
7718;55;628448728;7718;360;8506;8595;7.26;0.45;239.14;8.94;788;55;2930.00;89
7721;55;628448739;7721;365;8507;8596;7.26;0.45;239.12;8.94;786;55;2931.00;89
7725;55;628448749;7725;371;8507;8597;7.18;0.44;239.09;8.94;782;55;2932.00;90
7730;55;628448760;7730;380;8507;8597;7.14;0.44;239.05;8.94;777;55;2933.00;90
7730;55;628448772;7730;384;8509;8600;7.17;0.44;239.05;8.94;779;55;2934.00;91
7737;55;628448783;7737;388;8509;8600;7.03;0.43;239.03;8.94;772;55;2935.00;91
7740;55;628448795;7740;394;8510;8600;6.99;0.43;239.01;8.94;770;55;2936.00;90
7745;55;628448805;7745;386;8510;8600;6.95;0.43;238.94;8.94;765;55;2937.00;90
7747;55;628448816;7747;384;8514;8606;6.98;0.43;238.91;8.94;767;55;2938.00;92
7749;55;628448830;7749;385;8514;8606;6.96;0.43;238.88;8.94;765;55;2939.00;92
7752;55;628448846;7752;379;8515;8606;6.98;0.43;238.89;8.94;763;55;2940.00;91
7757;55;628448858;7757;373;8515;8606;6.95;0.42;238.88;8.94;758;55;2941.00;91
7759;55;628448868;7759;370;8518;8610;7.02;0.43;238.85;8.93;759;55;2942.00;92
7763;55;628448878;7763;372;8519;8611;7.04;0.43;238.92;8.93;756;55;2943.00;92
7765;55;628448888;7765;368;8519;8611;6.97;0.42;238.89;8.93;754;55;2944.00;92
7766;55;628448898;7766;366;8520;8612;6.97;0.42;238.86;8.93;754;55;2945.00;92
7767;55;628448908;7767;349;8520;8612;6.99;0.42;238.84;8.93;753;55;2946.00;92
7770;55;628448918;7770;337;8520;8612;7.09;0.43;238.87;8.93;750;55;2947.00;92
7772;55;628448928;7772;325;8520;8612;7.16;0.44;238.84;8.93;748;55;2948.00;92
7774;55;628448938;7774;312;8520;8612;7.27;0.44;238.80;8.93;746;55;2949.00;92
7775;55;628448948;7775;302;8520;8612;7.36;0.45;238.80;8.93;745;55;2950.00;92
7777;55;628448958;7777;294;8520;8612;7.46;0.45;238.80;8.93;743;55;2951.00;92
7778;55;628448970;7778;295;8554;8682;7.74;0.47;238.82;8.89;776;55;2952.00;128
7778;55;628448985;7778;291;8555;8683;7.89;0.48;238.82;8.89;777;55;2953.00;128
7778;55;628448996;7778;287;8563;8683;8.13;0.50;238.82;8.89;785;55;2954.00;120
7778;55;628449006;7778;269;8565;8683;8.27;0.50;238.82;8.89;787;55;2955.00;118
7778;55;628449016;7778;253;8569;8683;8.46;0.52;238.82;8.88;791;55;2956.00;114
7778;55;628449026;7778;246;8573;8683;8.63;0.53;238.82;8.88;795;55;2957.00;110
7778;55;628449037;7778;238;8578;8683;8.83;0.54;238.82;8.88;800;55;2958.00;105
7783;55;628449048;7783;226;8579;8683;8.87;0.54;238.84;8.88;796;55;2959.00;104
7785;55;628449060;7785;223;8581;8684;8.98;0.55;238.83;8.88;796;55;2960.00;103
7786;55;628449077;7786;215;8582;8685;9.10;0.55;238.82;8.88;796;55;2961.00;103
7787;55;628449088;7787;206;8583;8685;9.23;0.56;238.81;8.88;796;55;2962.00;102
7789;56;628449100;7789;204;8586;8689;9.30;0.57;238.77;8.88;797;56;2963.00;103
7790;56;628449122;7790;198;8586;8689;9.47;0.58;238.75;8.88;796;56;2964.00;103
7795;56;628449134;7795;198;8586;8689;9.52;0.58;238.82;8.88;791;56;2965.00;103
7797;56;628449152;7797;195;8586;8689;9.58;0.58;238.79;8.88;789;56;2966.00;103
7797;56;628449164;7797;186;8589;8695;9.65;0.59;238.79;8.87;792;56;2967.00;106
7798;56;628449175;7798;182;8589;8695;9.67;0.59;238.77;8.87;791;56;2968.00;106
7800;56;628449191;7800;180;8590;8695;9.78;0.59;238.76;8.87;790;56;2969.00;105
7803;56;628449209;7803;181;8593;8701;9.89;0.60;238.74;8.87;790;56;2970.00;108
7803;56;628449222;7803;182;8594;8701;10.06;0.61;238.74;8.87;791;56;2971.00;107
7803;56;628449233;7803;180;8594;8701;10.18;0.62;238.74;8.87;791;56;2972.00;107
7805;56;628449243;7805;176;8595;8702;10.32;0.63;238.72;8.87;790;56;2973.00;107
7807;56;628449255;7807;179;8596;8703;10.41;0.63;238.67;8.87;789;56;2974.00;107
7810;56;628449278;7810;178;8597;8703;10.47;0.64;238.69;8.87;787;56;2975.00;106
7811;56;628449289;7811;172;8605;8716;10.57;0.64;238.71;8.86;794;56;2976.00;111
7813;56;628449300;7813;168;8606;8716;10.66;0.65;238.71;8.86;793;56;2977.00;110
7816;56;628449312;7816;168;8606;8716;10.68;0.65;238.75;8.86;790;56;2978.00;110
7819;56;628449322;7819;169;8607;8717;10.77;0.65;238.74;8.86;788;56;2979.00;110
7821;56;628449333;7821;170;8607;8717;10.82;0.66;238.77;8.86;786;56;2980.00;110
7824;56;628449344;7824;166;8609;8721;10.88;0.66;238.77;8.85;785;56;2981.00;112
7825;56;628449355;7825;164;8609;8721;10.89;0.66;238.79;8.85;784;56;2982.00;112
7828;56;628449366;7828;166;8613;8725;10.92;0.66;238.79;8.85;785;56;2983.00;112
7830;56;628449377;7830;166;8613;8725;11.00;0.67;238.80;8.85;783;56;2984.00;112
7838;56;628449388;7838;169;8613;8725;11.03;0.67;238.79;8.85;775;56;2985.00;112
7842;56;628449398;7842;167;8614;8725;11.05;0.67;238.80;8.99;772;56;2986.00;111
7848;56;628449410;7848;166;8614;8725;11.11;0.67;238.80;8.99;766;56;2987.00;111
7851;56;628449420;7851;167;8623;8737;11.15;0.68;238.88;8.98;772;56;2988.00;114
7854;56;628449432;7854;162;8624;8737;11.15;0.68;238.87;8.99;770;56;2989.00;113
7856;56;628449443;7856;161;8626;8737;11.20;0.68;238.90;8.99;770;56;2990.00;111
7859;56;628449453;7859;160;8626;8737;11.23;0.68;238.94;8.99;767;56;2991.00;111
7863;56;628449463;7863;153;8626;8737;11.19;0.68;238.98;8.99;763;56;2992.00;111
7865;56;628449481;7865;152;8626;8737;11.22;0.68;238.97;8.99;761;56;2993.00;111
7870;56;628449492;7870;145;8628;8738;11.25;0.68;238.94;9.00;758;56;2994.00;110
7876;56;628449503;7876;142;8630;8738;11.21;0.68;239.09;9.02;754;56;2995.00;108
7877;56;628449514;7877;138;8633;8744;11.36;0.69;239.08;9.01;756;56;2996.00;111
7882;56;628449525;7882;138;8635;8745;11.35;0.69;239.12;9.01;753;56;2997.00;110
7888;56;628449536;7888;132;8635;8745;11.34;0.69;239.06;9.01;747;56;2998.00;110
7889;56;628449547;7889;128;8635;8745;11.33;0.69;239.08;9.01;746;56;2999.00;110
7894;56;628449567;7894;128;8639;8765;11.38;0.69;239.08;9.01;745;56;3000.00;126
7897;57;628449585;7897;123;8639;8765;11.42;0.69;239.15;9.01;742;57;3001.00;126
7902;57;628449608;7902;123;8640;8765;11.37;0.69;239.20;9.01;738;57;3002.00;125
7905;57;628449619;7905;119;8641;8766;11.44;0.69;239.20;9.01;736;57;3003.00;125
7909;57;628449630;7909;120;8644;8770;11.46;0.69;239.27;9.00;735;57;3004.00;126
7911;57;628449644;7911;115;8644;8770;11.55;0.70;239.22;9.00;733;57;3005.00;126
7914;57;628449655;7914;116;8647;8773;11.60;0.70;239.29;9.00;733;57;3006.00;126
7917;57;628449666;7917;126;8649;8773;11.62;0.70;239.31;9.01;732;57;3007.00;124
7920;57;628449677;7920;128;8650;8773;11.64;0.71;239.34;9.01;730;57;3008.00;123
7923;57;628449688;7923;129;8651;8773;11.62;0.70;239.35;9.02;728;57;3009.00;122
7924;57;628449700;7924;126;8655;8777;11.69;0.71;239.34;9.03;731;57;3010.00;122
7926;57;628449712;7926;125;8655;8777;11.69;0.71;239.35;9.03;729;57;3011.00;122
7928;57;628449723;7928;126;8659;8777;11.65;0.71;239.33;9.03;731;57;3012.00;118
7930;57;628449733;7930;131;8660;8777;11.67;0.71;239.31;9.03;730;57;3013.00;117
7934;57;628449754;7934;129;8662;8778;11.66;0.71;239.29;9.04;728;57;3014.00;116
7936;57;628449765;7936;128;8666;8780;11.61;0.71;239.27;9.04;730;57;3015.00;114
7938;57;628449776;7938;128;8666;8780;11.58;0.70;239.26;9.04;728;57;3016.00;114
7941;57;628449792;7941;133;8669;8781;11.52;0.70;239.31;9.04;728;57;3017.00;112
7943;57;628449811;7943;136;8669;8781;11.52;0.70;239.31;9.04;726;57;3018.00;112
7944;57;628449828;7944;140;8670;8781;11.51;0.70;239.32;9.04;726;57;3019.00;111
7948;57;628449846;7948;150;8671;8781;11.52;0.70;239.34;9.04;723;57;3020.00;110
7952;57;628449865;7952;146;8673;8781;11.50;0.70;239.30;9.06;721;57;3021.00;108
7953;57;628449880;7953;144;8673;8781;11.45;0.70;239.28;9.06;720;57;3022.00;108
7956;57;628449896;7956;144;8675;8781;11.43;0.69;239.30;9.08;719;57;3023.00;106
7957;57;628449909;7957;170;8739;8908;11.06;0.68;239.35;9.02;782;57;3024.00;169
7961;57;628449931;7961;169;8744;8909;10.98;0.68;239.35;9.03;783;57;3025.00;165
7962;57;628449945;7962;164;8754;8909;10.93;0.67;239.33;9.05;792;57;3026.00;155
7964;57;628449957;7964;164;8755;8909;10.87;0.67;239.32;9.05;791;57;3027.00;154
7967;57;628449971;7967;173;8761;8909;10.83;0.67;239.35;9.04;794;57;3028.00;148
7971;57;628449983;7971;172;8764;8909;10.74;0.66;239.33;9.06;793;57;3029.00;145
7973;57;628449998;7973;178;8767;8909;10.70;0.66;239.34;9.06;794;57;3030.00;142
7976;57;628450010;7976;184;8773;8909;10.63;0.66;239.38;9.08;797;57;3031.00;136
7978;57;628450022;7978;188;8775;8910;10.63;0.66;239.37;9.08;797;57;3032.00;135
7981;57;628450034;7981;192;8780;8911;10.60;0.65;239.32;9.09;799;57;3033.00;131
7982;57;628450045;7982;196;8783;8911;10.59;0.65;239.33;9.10;801;57;3034.00;128
7983;57;628450057;7983;205;8787;8912;10.52;0.65;239.32;9.10;804;57;3035.00;125
7987;57;628450069;7987;209;8791;8912;10.42;0.64;239.35;9.11;804;57;3036.00;121
7991;57;628450080;7991;217;8797;8912;10.23;0.63;239.35;9.12;806;57;3037.00;115
7993;57;628450091;7993;222;8803;8912;10.04;0.62;239.38;9.14;810;57;3038.00;109
7994;57;628450102;7994;230;8808;8916;9.88;0.61;239.37;9.14;814;57;3039.00;108
7996;57;628450120;7996;222;8813;8916;9.70;0.60;239.36;9.15;817;57;3040.00;103
8002;57;628450132;8002;232;8815;8916;9.58;0.59;239.38;9.15;813;57;3041.00;101
8004;57;628450144;8004;242;8820;8919;9.47;0.58;239.38;9.16;816;57;3042.00;99
8007;57;628450156;8007;243;8821;8919;9.39;0.58;239.36;9.16;814;57;3043.00;98
8013;57;628450168;8013;244;8823;8919;9.23;0.57;239.37;9.17;810;57;3044.00;96
8017;57;628450179;8017;249;8827;8923;9.05;0.56;239.35;9.17;810;57;3045.00;96
8021;57;628450191;8021;250;8828;8924;8.88;0.55;239.31;9.16;807;57;3046.00;96
8029;57;628450202;8029;248;8828;8924;8.75;0.54;239.23;9.16;799;57;3047.00;96
8029;57;628450213;8029;250;8830;8928;8.60;0.53;239.23;9.16;801;57;3048.00;98
8034;57;628450224;8034;258;8831;8928;8.53;0.52;239.19;9.16;797;57;3049.00;97
8036;57;628450235;8036;260;8834;8928;8.49;0.52;239.16;9.17;798;57;3050.00;94
8042;57;628450246;8042;261;8836;8929;8.45;0.52;239.19;9.17;794;57;3051.00;93
8046;57;628450258;8046;266;8838;8929;8.35;0.51;239.21;9.18;792;57;3052.00;91
8051;57;628450269;8051;272;8842;8935;8.28;0.51;239.35;9.18;791;57;3053.00;93
8053;57;628450280;8053;275;8844;8935;8.17;0.50;239.35;9.18;791;57;3054.00;91
8058;57;628450290;8058;276;8846;8936;8.02;0.49;239.42;9.18;788;57;3055.00;90
8060;57;628450301;8060;283;8847;8936;7.87;0.48;239.42;9.18;787;57;3056.00;89
8064;57;628450311;8064;289;8848;8936;7.71;0.47;239.48;9.18;784;57;3057.00;88
8070;57;628450321;8070;292;8848;8936;7.50;0.46;239.54;9.18;778;57;3058.00;88
8075;57;628450330;8075;304;8849;8936;7.30;0.45;239.58;9.19;774;57;3059.00;87
8080;57;628450341;8080;295;8872;8972;7.23;0.45;239.62;9.17;792;57;3060.00;100
8084;57;628450353;8084;288;8873;8972;7.12;0.44;239.59;9.17;789;57;3061.00;99
8087;57;628450362;8087;288;8877;8972;7.05;0.44;239.62;9.16;790;57;3062.00;95
8089;57;628450371;8089;294;8881;8972;6.98;0.43;239.62;9.16;792;57;3063.00;91
8091;57;628450379;8091;294;8881;8972;6.98;0.43;239.60;9.16;790;57;3064.00;91
8094;57;628450388;8094;297;8883;8972;6.97;0.43;239.65;9.17;789;57;3065.00;89
8097;57;628450396;8097;301;8886;8976;6.91;0.43;239.67;9.16;789;57;3066.00;90
8098;57;628450406;8098;296;8887;8976;6.91;0.43;239.70;9.16;789;57;3067.00;89
8099;57;628450415;8099;295;8890;8980;6.99;0.43;239.71;9.16;791;57;3068.00;90
8105;57;628450425;8105;292;8892;8981;6.99;0.43;239.78;9.16;787;57;3069.00;89
8106;57;628450434;8106;295;8893;8981;7.02;0.43;239.76;9.16;787;57;3070.00;88
8107;57;628450444;8107;294;8894;8981;6.99;0.43;239.79;9.16;787;57;3071.00;87
8109;57;628450453;8109;295;8905;8994;7.05;0.44;239.84;9.15;796;57;3072.00;89
8114;57;628450471;8114;293;8905;8994;7.04;0.43;239.89;9.15;791;57;3073.00;89
8115;57;628450480;8115;289;8905;8994;7.02;0.43;239.90;9.15;790;57;3074.00;89
8119;57;628450490;8119;295;8906;8995;7.00;0.43;239.91;9.15;787;57;3075.00;89
8122;57;628450498;8122;299;8906;8996;7.01;0.43;239.86;9.15;784;57;3076.00;90
8127;57;628450507;8127;298;8906;8996;6.98;0.43;239.96;9.15;779;57;3077.00;90
8134;57;628450517;8134;293;8908;8999;6.95;0.43;239.92;9.15;774;57;3078.00;91
8138;57;628450526;8138;291;8908;8999;6.91;0.42;239.89;9.15;770;57;3079.00;91
8140;57;628450535;8140;290;8909;8999;6.94;0.43;239.89;9.15;769;57;3080.00;90
8143;57;628450544;8143;291;8909;8999;6.93;0.42;239.85;9.15;766;57;3081.00;90
8148;58;628450553;8148;297;8913;9005;6.95;0.42;239.92;9.14;765;58;3082.00;92
8152;58;628450575;8152;294;8913;9005;6.99;0.43;239.95;9.14;761;58;3083.00;92
8154;58;628450584;8154;301;8914;9005;7.04;0.43;239.92;9.14;760;58;3084.00;91
8158;58;628450594;8158;296;8914;9005;7.03;0.43;239.93;9.14;756;58;3085.00;91
8164;58;628450603;8164;300;8917;9009;6.99;0.43;239.91;9.14;753;58;3086.00;92
8167;58;628450614;8167;307;8918;9010;6.92;0.42;239.99;9.14;751;58;3087.00;92
8171;58;628450624;8171;313;8918;9010;6.86;0.42;239.96;9.14;747;58;3088.00;92
8173;58;628450634;8173;312;8919;9011;6.79;0.41;239.98;9.14;746;58;3089.00;92
8177;58;628450646;8177;315;8919;9011;6.74;0.41;239.93;9.14;742;58;3090.00;92
8181;58;628450656;8181;321;8919;9011;6.76;0.41;239.88;9.14;738;58;3091.00;92
8185;58;628450666;8185;324;8919;9011;6.70;0.41;239.81;9.14;734;58;3092.00;92
8186;58;628450677;8186;329;8919;9011;6.68;0.41;239.79;9.14;733;58;3093.00;92
8188;58;628450686;8188;328;8919;9011;6.66;0.41;239.75;9.14;731;58;3094.00;92
8190;58;628450695;8190;327;8919;9011;6.62;0.40;239.74;9.14;729;58;3095.00;92
8190;58;628450704;8190;336;8960;9081;6.93;0.43;239.74;9.09;770;58;3096.00;121
8193;58;628450719;8193;336;8961;9082;6.91;0.42;239.72;9.09;768;58;3097.00;121
8199;58;628450728;8199;341;8968;9082;6.99;0.43;239.68;9.09;769;58;3098.00;114
8201;58;628450740;8201;341;8974;9082;7.04;0.43;239.68;9.08;773;58;3099.00;108
8205;58;628450750;8205;343;8978;9082;7.09;0.43;239.78;9.08;773;58;3100.00;104
8208;58;628450764;8208;349;8981;9082;7.08;0.43;239.80;9.08;773;58;3101.00;101
8209;58;628450776;8209;354;8982;9082;7.06;0.43;239.78;9.08;773;58;3102.00;100
8211;58;628450791;8211;366;8983;9082;6.99;0.43;239.79;9.08;772;58;3103.00;99
8213;58;628450802;8213;369;8985;9083;6.94;0.42;239.80;9.08;772;58;3104.00;98
8215;58;628450813;8215;374;8987;9085;6.87;0.42;239.82;9.08;772;58;3105.00;98
8216;58;628450824;8216;379;8988;9085;6.75;0.41;239.81;9.08;772;58;3106.00;97
8216;58;628450834;8216;360;8991;9089;6.77;0.41;239.81;9.07;775;58;3107.00;98
8219;58;628450845;8219;342;8991;9089;6.72;0.41;239.80;9.07;772;58;3108.00;98
8220;58;628450856;8220;335;8991;9089;6.76;0.41;239.82;9.07;771;58;3109.00;98
8222;58;628450866;8222;327;8991;9089;6.84;0.42;239.90;9.07;769;58;3110.00;98
8226;58;628450876;8226;322;8995;9095;6.92;0.42;239.90;9.07;769;58;3111.00;100
8228;58;628450887;8228;321;8996;9095;7.09;0.43;239.90;9.07;768;58;3112.00;99
8229;58;628450898;8229;310;8996;9095;7.26;0.45;239.87;9.07;767;58;3113.00;99
8229;58;628450909;8229;301;8999;9098;7.47;0.46;239.87;9.07;770;58;3114.00;99
8231;58;628450924;8231;292;8999;9098;7.57;0.46;239.90;9.07;768;58;3115.00;99
8233;58;628450936;8233;266;8999;9098;7.67;0.47;239.91;9.07;766;58;3116.00;99
8237;58;628450952;8237;246;8999;9099;7.75;0.47;239.94;9.07;762;58;3117.00;100
8239;58;628450964;8239;233;9000;9100;7.91;0.48;239.90;9.07;761;58;3118.00;100
8241;58;628450976;8241;213;9000;9100;8.10;0.49;239.86;9.07;759;58;3119.00;100
8242;58;628450990;8242;209;9020;9126;8.40;0.51;239.85;9.05;778;58;3120.00;106
8243;58;628451003;8243;194;9021;9126;8.64;0.53;239.83;9.05;778;58;3121.00;105
8245;58;628451016;8245;184;9022;9126;8.85;0.54;239.79;9.04;777;58;3122.00;104
8247;58;628451027;8247;176;9023;9127;9.03;0.55;239.78;9.04;776;58;3123.00;104
8250;58;628451038;8250;173;9023;9127;9.24;0.56;239.83;9.04;773;58;3124.00;104
8251;58;628451050;8251;164;9026;9131;9.47;0.58;239.83;9.04;775;58;3125.00;105
8255;58;628451062;8255;160;9027;9131;9.61;0.58;239.85;9.04;772;58;3126.00;104
8256;58;628451075;8256;152;9030;9135;9.65;0.59;239.83;9.04;774;58;3127.00;105
8261;58;628451087;8261;157;9030;9135;9.77;0.59;239.85;9.04;769;58;3128.00;105
8264;58;628451099;8264;153;9030;9135;9.90;0.60;239.89;9.04;766;58;3129.00;105
8266;58;628451111;8266;156;9030;9135;9.95;0.60;239.92;9.04;764;58;3130.00;105
8269;58;628451123;8269;149;9030;9135;10.01;0.61;239.90;9.04;761;58;3131.00;105
8270;58;628451135;8270;151;9040;9147;10.11;0.61;239.88;9.03;770;58;3132.00;107
8274;58;628451148;8274;148;9040;9147;10.21;0.62;239.96;9.03;766;58;3133.00;107
8277;58;628451159;8277;152;9041;9147;10.31;0.62;240.02;9.03;764;58;3134.00;106
8278;58;628451171;8278;147;9041;9147;10.42;0.63;240.04;9.03;763;58;3135.00;106
8279;58;628451182;8279;141;9041;9147;10.57;0.64;240.07;9.03;762;58;3136.00;106
8280;58;628451193;8280;140;9041;9147;10.73;0.65;240.06;9.03;761;58;3137.00;106
8285;58;628451204;8285;139;9041;9148;10.78;0.65;240.08;9.03;756;58;3138.00;107
8286;58;628451215;8286;140;9041;9148;10.88;0.66;240.10;9.03;755;58;3139.00;107
8289;58;628451227;8289;134;9045;9154;10.94;0.66;240.09;9.02;756;58;3140.00;109
8289;58;628451238;8289;138;9046;9155;11.01;0.67;240.09;9.02;757;58;3141.00;109
8292;58;628451251;8292;134;9047;9155;11.04;0.67;240.08;9.02;755;58;3142.00;108
8296;58;628451262;8296;134;9047;9155;11.16;0.68;240.05;9.02;751;58;3143.00;108
8298;58;628451274;8298;133;9051;9159;11.27;0.68;240.08;9.17;753;58;3144.00;108
8301;58;628451287;8301;136;9051;9159;11.34;0.69;240.09;9.17;750;58;3145.00;108
8304;59;628451298;8304;134;9051;9159;11.35;0.69;240.12;9.17;747;59;3146.00;108
8304;59;628451319;8304;134;9052;9160;11.39;0.69;240.12;9.17;748;59;3147.00;108
8308;59;628451330;8308;135;9055;9164;11.45;0.69;240.22;9.16;747;59;3148.00;109
8312;59;628451342;8312;133;9055;9164;11.39;0.69;240.25;9.16;743;59;3149.00;109
8316;59;628451356;8316;139;9058;9170;11.47;0.70;240.24;9.16;742;59;3150.00;112
8322;59;628451367;8322;139;9058;9170;11.46;0.69;240.24;9.16;736;59;3151.00;112
8322;59;628451379;8322;139;9059;9170;11.54;0.70;240.24;9.16;737;59;3152.00;111
8326;59;628451390;8326;138;9059;9170;11.56;0.70;240.29;9.16;733;59;3153.00;111
8328;59;628451407;8328;141;9062;9174;11.63;0.70;240.30;9.16;734;59;3154.00;112
8334;59;628451418;8334;138;9062;9174;11.58;0.70;240.36;9.16;728;59;3155.00;112
8337;59;628451429;8337;141;9063;9174;11.61;0.70;240.38;9.16;726;59;3156.00;111
8340;59;628451440;8340;139;9063;9174;11.68;0.71;240.39;9.16;723;59;3157.00;111
8341;59;628451451;8341;138;9064;9175;11.70;0.71;240.39;9.16;723;59;3158.00;111
8345;59;628451461;8345;130;9065;9176;11.78;0.71;240.43;9.15;720;59;3159.00;111
8346;59;628451479;8346;122;9066;9176;11.82;0.72;240.44;9.15;720;59;3160.00;110
8352;59;628451495;8352;124;9067;9177;11.84;0.72;240.42;9.15;715;59;3161.00;110
8359;59;628451511;8359;119;9067;9177;11.85;0.72;240.49;9.15;708;59;3162.00;110
8366;59;628451522;8366;116;9067;9177;11.84;0.72;240.50;9.15;701;59;3163.00;110
8368;59;628451533;8368;115;9068;9177;11.85;0.72;240.49;9.16;700;59;3164.00;109
8370;59;628451544;8370;111;9068;9177;11.83;0.72;240.48;9.16;698;59;3165.00;109
8373;59;628451555;8373;109;9069;9177;11.81;0.72;240.51;9.18;696;59;3166.00;108
8375;59;628451566;8375;108;9069;9177;11.85;0.72;240.54;9.18;694;59;3167.00;108
8378;59;628451575;8378;128;9134;9304;11.60;0.71;240.54;9.11;756;59;3168.00;170
8378;59;628451597;8378;114;9136;9305;11.61;0.71;240.54;9.11;758;59;3169.00;169
8382;59;628451608;8382;104;9143;9305;11.80;0.72;240.56;9.10;761;59;3170.00;162
8386;59;628451619;8386;103;9147;9305;11.87;0.73;240.61;9.10;761;59;3171.00;158
8388;59;628451630;8388;101;9151;9305;11.95;0.73;240.61;9.10;763;59;3172.00;154
8390;59;628451641;8390;103;9155;9305;12.01;0.73;240.63;9.10;765;59;3173.00;150
8395;59;628451652;8395;106;9159;9305;12.05;0.73;240.59;9.10;764;59;3174.00;146
8400;59;628451664;8400;102;9161;9305;12.04;0.73;240.59;9.10;761;59;3175.00;144
8403;59;628451680;8403;104;9165;9306;12.01;0.73;240.62;9.24;762;59;3176.00;141
8408;59;628451704;8408;102;9169;9307;12.00;0.73;240.74;9.24;761;59;3177.00;138
8410;59;628451715;8410;105;9173;9307;11.96;0.73;240.73;9.24;763;59;3178.00;134
8415;59;628451728;8415;116;9175;9308;11.97;0.73;240.78;9.24;760;59;3179.00;133
8415;59;628451741;8415;124;9180;9308;11.96;0.73;240.78;9.25;765;59;3180.00;128
8418;59;628451752;8418;121;9181;9308;11.94;0.73;240.84;9.25;763;59;3181.00;127
8421;59;628451762;8421;126;9182;9308;11.83;0.72;240.86;9.25;761;59;3182.00;126
8424;59;628451781;8424;130;9186;9312;11.71;0.71;240.92;9.25;762;59;3183.00;126
8426;59;628451798;8426;135;9188;9312;11.61;0.71;240.98;9.25;762;59;3184.00;124
8428;59;628451839;8428;146;9190;9312;11.53;0.70;240.97;9.25;762;59;3185.00;122
8429;59;628451858;8429;154;9193;9315;11.49;0.70;240.97;9.26;764;59;3186.00;122
8432;59;628451884;8432;159;9194;9315;11.40;0.69;240.96;9.26;762;59;3187.00;121
8434;59;628451901;8434;168;9197;9315;11.33;0.69;240.93;9.27;763;59;3188.00;118
8438;59;628451915;8438;175;9202;9319;11.18;0.68;240.95;9.29;764;59;3189.00;117
8441;59;628451928;8441;181;9204;9320;11.19;0.68;240.96;9.29;763;59;3190.00;116
8444;59;628451942;8444;183;9205;9322;11.13;0.68;240.94;9.29;761;59;3191.00;117
8448;59;628451955;8448;189;9211;9326;11.08;0.67;240.94;9.31;763;59;3192.00;115
8450;59;628451968;8450;193;9212;9326;11.09;0.68;240.98;9.31;762;59;3193.00;114
8453;59;628451983;8453;195;9213;9326;11.01;0.67;240.98;9.32;760;59;3194.00;113
8456;59;628451996;8456;198;9216;9328;10.85;0.66;240.98;9.33;760;59;3195.00;112
8458;59;628452008;8458;198;9216;9328;10.75;0.65;240.98;9.33;758;59;3196.00;112
8459;59;628452019;8459;204;9221;9334;10.65;0.65;240.99;9.32;762;59;3197.00;113
8462;59;628452031;8462;209;9224;9334;10.53;0.64;240.99;9.35;762;59;3198.00;110
8462;59;628452042;8462;211;9224;9335;10.37;0.63;240.99;9.35;762;59;3199.00;111
8466;59;628452055;8466;219;9225;9335;10.22;0.62;241.03;9.36;759;59;3200.00;110
8468;59;628452072;8468;223;9226;9335;10.12;0.62;241.01;9.37;758;59;3201.00;109
8469;59;628452082;8469;229;9226;9335;10.04;0.61;241.01;9.37;757;59;3202.00;109
8474;59;628452099;8474;241;9228;9335;9.98;0.61;241.07;9.39;754;59;3203.00;107
8479;59;628452110;8479;244;9238;9347;9.99;0.61;241.03;9.38;759;59;3204.00;109
8481;59;628452122;8481;249;9239;9347;9.88;0.60;241.03;9.38;758;59;3205.00;108
8483;59;628452132;8483;248;9241;9347;9.70;0.59;241.01;9.39;758;59;3206.00;106
8486;59;628452142;8486;251;9241;9347;9.53;0.58;241.00;9.39;755;59;3207.00;106
8490;59;628452153;8490;251;9243;9347;9.33;0.57;241.01;9.41;753;59;3208.00;104
8492;59;628452164;8492;246;9243;9347;9.21;0.56;241.03;9.41;751;59;3209.00;104
8494;59;628452175;8494;247;9248;9351;9.00;0.55;241.04;9.42;754;59;3210.00;103
8497;59;628452186;8497;242;9248;9351;8.85;0.54;241.03;9.42;751;59;3211.00;103
8499;59;628452196;8499;245;9251;9355;8.77;0.54;241.01;9.42;752;59;3212.00;104
8502;59;628452212;8502;238;9254;9356;8.63;0.53;240.99;9.43;752;59;3213.00;102
8505;59;628452222;8505;248;9255;9356;8.57;0.53;240.97;9.42;750;59;3214.00;101
8506;59;628452232;8506;250;9257;9356;8.51;0.52;240.96;9.43;751;59;3215.00;99
8507;59;628452242;8507;258;9268;9369;8.50;0.52;240.95;9.43;761;59;3216.00;101
8510;59;628452253;8510;261;9269;9369;8.45;0.52;240.91;9.43;759;59;3217.00;100
8513;59;628452263;8513;272;9270;9369;8.44;0.52;240.92;9.43;757;59;3218.00;99
8516;59;628452272;8516;272;9271;9370;8.41;0.52;240.92;9.43;755;59;3219.00;99
8521;59;628452282;8521;272;9273;9371;8.36;0.51;240.90;9.44;752;59;3220.00;98
8523;59;628452292;8523;277;9273;9371;8.29;0.51;240.89;9.44;750;59;3221.00;98
8528;59;628452300;8528;277;9275;9374;8.20;0.50;240.91;9.44;747;59;3222.00;99
8531;59;628452309;8531;275;9277;9374;8.03;0.49;240.87;9.45;746;59;3223.00;97
8534;59;628452318;8534;282;9279;9374;7.94;0.49;240.86;9.45;745;59;3224.00;95
8539;59;628452328;8539;291;9280;9374;7.82;0.48;240.86;9.45;741;59;3225.00;94
8541;59;628452337;8541;298;9284;9380;7.82;0.48;240.87;9.45;743;59;3226.00;96
8545;59;628452346;8545;298;9286;9380;7.65;0.47;240.89;9.45;741;59;3227.00;94
8545;59;628452355;8545;304;9287;9380;7.56;0.47;240.89;9.45;742;59;3228.00;93
8549;59;628452363;8549;305;9287;9380;7.35;0.45;240.90;9.45;738;59;3229.00;93
8550;59;628452371;8550;292;9292;9384;7.21;0.44;240.92;9.45;742;59;3230.00;92
8552;59;628452379;8552;291;9293;9385;7.07;0.44;240.90;9.45;741;59;3231.00;92
8555;59;628452388;8555;284;9293;9385;6.99;0.43;240.88;9.45;738;59;3232.00;92
8557;59;628452396;8557;286;9296;9386;6.91;0.43;240.92;9.46;739;59;3233.00;90
8560;59;628452405;8560;290;9296;9386;6.87;0.42;240.90;9.46;736;59;3234.00;90
8565;59;628452413;8565;296;9296;9386;6.82;0.42;240.97;9.46;731;59;3235.00;90
8567;59;628452427;8567;298;9298;9386;6.80;0.42;240.97;9.46;731;59;3236.00;88
8572;59;628452436;8572;293;9298;9386;6.77;0.42;240.95;9.46;726;59;3237.00;88
8574;59;628452462;8574;292;9300;9386;6.76;0.42;240.92;9.46;726;59;3238.00;86
8578;59;628452470;8578;294;9300;9386;6.72;0.41;240.94;9.46;722;59;3239.00;86
8583;59;628452481;8583;291;9353;9511;7.06;0.44;240.94;9.40;770;59;3240.00;158
8585;59;628452498;8585;287;9356;9512;7.10;0.44;240.92;9.40;771;59;3241.00;156
8589;59;628452508;8589;287;9368;9512;7.19;0.45;240.94;9.54;779;59;3242.00;144
8592;59;628452518;8592;284;9377;9512;7.25;0.45;240.94;9.53;785;59;3243.00;135
8595;59;628452528;8595;280;9383;9512;7.24;0.45;240.93;9.53;788;59;3244.00;129
8599;59;628452538;8599;277;9388;9512;7.14;0.44;240.94;9.53;789;59;3245.00;124
8600;59;628452556;8600;281;9393;9512;7.09;0.43;240.95;9.52;793;59;3246.00;119
8605;59;628452579;8605;290;9394;9512;7.03;0.43;240.97;9.52;789;59;3247.00;118
8609;59;628452604;8609;297;9400;9513;6.97;0.43;240.97;9.52;791;59;3248.00;113
8610;59;628452629;8610;300;9401;9514;6.99;0.43;240.95;9.52;791;59;3249.00;113
8613;59;628452646;8613;302;9404;9514;6.94;0.42;240.95;9.52;791;59;3250.00;110
8615;59;628452659;8615;310;9408;9518;6.97;0.43;240.94;9.52;793;59;3251.00;110
8616;59;628452672;8616;307;9409;9518;6.98;0.43;240.92;9.52;793;59;3252.00;109
8620;59;628452693;8620;312;9410;9518;6.93;0.42;240.92;9.52;790;59;3253.00;108
8623;59;628452704;8623;310;9411;9518;6.96;0.43;240.91;9.52;788;59;3254.00;107
8624;59;628452716;8624;308;9415;9524;6.96;0.43;240.90;9.52;791;59;3255.00;109
8627;59;628452730;8627;309;9416;9524;6.95;0.43;241.00;9.52;789;59;3256.00;108
8630;59;628452744;8630;313;9417;9524;6.97;0.43;241.00;9.52;787;59;3257.00;107
8632;59;628452756;8632;320;9420;9527;6.99;0.43;241.02;9.51;788;59;3258.00;107
8636;59;628452769;8636;314;9420;9527;6.99;0.43;241.07;9.51;784;59;3259.00;107
8640;59;628452782;8640;301;9420;9527;6.98;0.43;241.21;9.51;780;59;3260.00;107
8644;59;628452797;8644;292;9421;9528;7.00;0.43;241.21;9.51;777;59;3261.00;107
8645;59;628452811;8645;286;9422;9529;7.15;0.44;241.19;9.51;777;59;3262.00;107
8650;59;628452830;8650;277;9422;9529;7.18;0.44;241.20;9.51;772;59;3263.00;107
8654;59;628452843;8654;274;9433;9542;7.27;0.45;241.21;9.50;779;59;3264.00;109
8654;59;628452864;8654;274;9433;9542;7.49;0.46;241.21;9.50;779;59;3265.00;109
8657;59;628452884;8657;275;9433;9542;7.57;0.47;241.21;9.50;776;59;3266.00;109
8663;59;628452895;8663;278;9434;9543;7.65;0.47;241.19;9.50;771;59;3267.00;109
8663;59;628452907;8663;280;9434;9543;7.80;0.48;241.19;9.50;771;59;3268.00;109
8666;59;628452918;8666;287;9438;9547;7.84;0.48;241.25;9.65;772;59;3269.00;109
8670;59;628452933;8670;281;9438;9547;7.87;0.48;241.26;9.65;768;59;3270.00;109
8675;59;628452944;8675;284;9442;9551;7.93;0.49;241.22;9.64;767;59;3271.00;109
8677;59;628452957;8677;285;9442;9551;7.98;0.49;241.26;9.64;765;59;3272.00;109
8680;59;628452969;8680;284;9442;9551;8.06;0.49;241.20;9.64;762;59;3273.00;109
8680;59;628452982;8680;280;9442;9551;8.13;0.50;241.20;9.64;762;59;3274.00;109
8681;59;628452994;8681;283;9442;9551;8.14;0.50;241.19;9.64;761;59;3275.00;109
8686;59;628453005;8686;279;9452;9563;8.22;0.50;241.19;9.63;766;59;3276.00;111
8687;59;628453018;8687;268;9452;9563;8.25;0.50;241.19;9.63;765;59;3277.00;111
8688;59;628453031;8688;260;9453;9563;8.30;0.50;241.19;9.63;765;59;3278.00;110
8689;59;628453043;8689;256;9453;9563;8.41;0.51;241.19;9.63;764;59;3279.00;110
8691;59;628453054;8691;249;9453;9563;8.50;0.52;241.17;9.63;762;59;3280.00;110
8692;59;628453066;8692;246;9453;9563;8.57;0.52;241.15;9.63;761;59;3281.00;110
8694;59;628453083;8694;242;9453;9564;8.67;0.53;241.14;9.63;759;59;3282.00;111
8697;59;628453097;8697;241;9453;9564;8.70;0.53;241.12;9.63;756;59;3283.00;111
8698;59;628453109;8698;237;9457;9570;8.79;0.54;241.10;9.63;759;59;3284.00;113
8699;59;628453122;8699;231;9459;9572;8.84;0.54;241.17;9.63;760;59;3285.00;113
8704;59;628453135;8704;212;9460;9572;8.91;0.54;241.15;9.62;756;59;3286.00;112
8705;59;628453147;8705;197;9460;9572;9.04;0.55;241.13;9.62;755;59;3287.00;112
8707;59;628453160;8707;185;9463;9576;9.16;0.56;241.14;9.62;756;59;3288.00;113
8710;59;628453173;8710;174;9463;9576;9.35;0.57;241.17;9.62;753;59;3289.00;113
8713;59;628453187;8713;171;9463;9576;9.54;0.58;241.22;9.62;750;59;3290.00;113
8714;59;628453199;8714;162;9464;9577;9.76;0.59;241.27;9.62;750;59;3291.00;113
8718;59;628453222;8718;158;9467;9581;9.89;0.60;241.32;9.62;749;59;3292.00;114
8722;59;628453237;8722;151;9467;9581;9.97;0.61;241.37;9.62;745;59;3293.00;114
8724;59;628453250;8724;146;9469;9584;10.11;0.61;241.40;9.62;745;59;3294.00;115
8726;59;628453264;8726;142;9469;9584;10.28;0.63;241.46;9.62;743;59;3295.00;115
8728;59;628453276;8728;141;9470;9584;10.37;0.63;241.48;9.61;742;59;3296.00;114
8731;59;628453290;8731;141;9470;9584;10.46;0.64;241.51;9.61;739;59;3297.00;114
8736;59;628453304;8736;139;9473;9588;10.57;0.64;241.54;9.61;737;59;3298.00;115
8736;59;628453318;8736;141;9473;9588;10.73;0.65;241.54;9.61;737;59;3299.00;115
8741;59;628453335;8741;142;9478;9607;10.73;0.65;241.60;9.75;737;59;3300.00;129
8743;59;628453354;8743;144;9478;9607;10.75;0.65;241.65;9.75;735;59;3301.00;129
8748;59;628453368;8748;138;9479;9608;10.75;0.65;241.68;9.75;731;59;3302.00;129
8753;59;628453382;8753;139;9480;9609;10.75;0.65;241.67;9.75;727;59;3303.00;129
8755;59;628453397;8755;134;9480;9609;10.72;0.65;241.66;9.75;725;59;3304.00;129
8756;59;628453413;8756;126;9482;9610;10.74;0.65;241.68;9.75;726;59;3305.00;128
8761;59;628453425;8761;122;9482;9610;10.82;0.66;241.70;9.75;721;59;3306.00;128
8763;59;628453444;8763;121;9482;9610;10.94;0.67;241.70;9.75;719;59;3307.00;128
8765;59;628453458;8765;121;9483;9610;11.05;0.67;241.74;9.75;718;59;3308.00;127
8768;59;628453470;8768;116;9483;9610;11.16;0.68;241.74;9.75;715;59;3309.00;127
8771;59;628453491;8771;115;9484;9610;11.34;0.69;241.75;9.75;713;59;3310.00;126
8773;59;628453505;8773;112;9484;9610;11.48;0.70;241.75;9.75;711;59;3311.00;126
8777;59;628453518;8777;136;9551;9737;11.31;0.70;241.84;9.68;774;59;3312.00;186
8781;59;628453544;8781;124;9555;9738;11.30;0.70;241.82;9.68;774;59;3313.00;183
8785;59;628453560;8785;117;9560;9738;11.52;0.71;241.85;9.68;775;59;3314.00;178
8787;59;628453579;8787;116;9563;9738;11.68;0.72;241.86;9.67;776;59;3315.00;175
8793;59;628453591;8793;118;9564;9738;11.85;0.73;241.91;9.67;771;59;3316.00;174
8796;59;628453612;8796;117;9567;9738;11.84;0.73;241.92;9.82;771;59;3317.00;171
8797;59;628453633;8797;121;9570;9738;11.82;0.72;241.92;9.82;773;59;3318.00;168
8801;60;628453645;8801;126;9573;9738;11.84;0.72;241.92;9.82;772;60;3319.00;165
8805;60;628453666;8805;131;9576;9739;11.81;0.72;241.94;9.82;771;60;3320.00;163
8808;60;628453686;8808;141;9579;9740;11.74;0.72;242.00;9.82;771;60;3321.00;161
8810;60;628453699;8810;141;9581;9740;11.72;0.72;242.04;9.82;771;60;3322.00;159
8811;60;628453717;8811;145;9583;9741;11.66;0.71;242.06;9.82;772;60;3323.00;158
8813;60;628453738;8813;150;9585;9741;11.66;0.71;242.06;9.82;772;60;3324.00;156
8818;60;628453754;8818;153;9589;9741;11.62;0.71;242.10;9.96;771;60;3325.00;152
8820;60;628453769;8820;158;9592;9741;11.59;0.71;242.11;9.96;772;60;3326.00;149
8824;60;628453783;8824;166;9596;9745;11.52;0.70;242.14;10.11;772;60;3327.00;149
8827;60;628453800;8827;171;9598;9745;11.51;0.70;242.16;10.11;771;60;3328.00;147
8828;60;628453819;8828;168;9600;9745;11.58;0.71;242.17;10.11;772;60;3329.00;145
8833;60;628453839;8833;168;9603;9751;11.51;0.70;242.18;10.10;770;60;3330.00;148
8836;60;628453860;8836;169;9604;9751;11.48;0.70;242.19;10.24;768;60;3331.00;147
8842;60;628453879;8842;170;9606;9751;11.45;0.70;242.15;10.25;764;60;3332.00;145
8847;60;628453900;8847;165;9611;9755;11.32;0.69;242.19;10.38;764;60;3333.00;144
8849;60;628453917;8849;161;9612;9756;11.39;0.69;242.19;10.38;763;60;3334.00;144
8853;60;628453932;8853;162;9616;9756;11.33;0.69;242.25;10.40;763;60;3335.00;140
8857;60;628453948;8857;156;9617;9760;11.35;0.69;242.27;10.40;760;60;3336.00;143
8861;60;628453966;8861;156;9618;9760;11.38;0.69;242.32;10.40;757;60;3337.00;142
8866;60;628453984;8866;153;9623;9760;11.38;0.69;242.35;10.54;757;60;3338.00;137
8871;60;628454001;8871;150;9624;9761;11.42;0.69;242.37;10.54;753;60;3339.00;137
8874;60;628454018;8874;148;9626;9761;11.43;0.70;242.41;10.55;752;60;3340.00;135
8878;60;628454034;8878;145;9628;9767;11.45;0.70;242.37;10.54;750;60;3341.00;139
8882;60;628454053;8882;136;9629;9767;11.45;0.69;242.36;10.55;747;60;3342.00;138
8887;60;628454067;8887;137;9629;9768;11.46;0.69;242.40;10.55;742;60;3343.00;139
8890;60;628454083;8890;139;9630;9768;11.56;0.70;242.39;10.55;740;60;3344.00;138
8892;60;628454098;8892;143;9630;9768;11.63;0.70;242.48;10.55;738;60;3345.00;138
8896;60;628454113;8896;142;9631;9768;11.58;0.70;242.45;10.55;735;60;3346.00;137
8897;60;628454127;8897;138;9632;9768;11.57;0.70;242.46;10.55;735;60;3347.00;136
8900;60;628454142;8900;144;9640;9780;11.55;0.70;242.49;10.54;740;60;3348.00;140
8904;60;628454156;8904;139;9641;9780;11.56;0.70;242.49;10.54;737;60;3349.00;139
8906;60;628454172;8906;144;9646;9780;11.48;0.70;242.47;10.55;740;60;3350.00;134
8911;60;628454189;8911;144;9646;9780;11.42;0.69;242.50;10.55;735;60;3351.00;134
8915;60;628454202;8915;144;9650;9780;11.33;0.68;242.48;10.56;735;60;3352.00;130
8917;60;628454225;8917;145;9650;9780;11.18;0.68;242.51;10.56;733;60;3353.00;130
8917;60;628454237;8917;147;9654;9784;10.96;0.66;242.51;10.56;737;60;3354.00;130
8918;61;628454251;8918;152;9655;9784;10.82;0.65;242.51;10.56;737;61;3355.00;129
8919;61;628454282;8919;155;9658;9788;10.72;0.65;242.49;10.56;739;61;3356.00;130
8925;61;628454304;8925;163;9660;9789;10.71;0.65;242.52;10.56;735;61;3357.00;129
8929;61;628454320;8929;173;9660;9789;10.67;0.65;242.59;10.56;731;61;3358.00;129
8929;61;628454334;8929;177;9660;9789;10.69;0.65;242.59;10.56;731;61;3359.00;129
8933;61;628454350;8933;189;9681;9818;10.43;0.63;242.61;10.56;748;61;3360.00;137
8936;61;628454366;8936;190;9683;9818;10.36;0.63;242.60;10.56;747;61;3361.00;135
8940;62;628454381;8940;197;9686;9818;10.36;0.63;242.64;10.56;746;62;3362.00;132
8943;62;628454412;8943;204;9690;9819;10.24;0.62;242.71;10.57;747;62;3363.00;129
8946;62;628454424;8946;208;9691;9820;10.16;0.61;242.68;10.57;745;62;3364.00;129
8947;62;628454437;8947;216;9692;9820;10.04;0.61;242.67;10.59;745;62;3365.00;128
8950;62;628454449;8950;220;9696;9823;9.93;0.60;242.67;10.59;746;62;3366.00;127
8953;62;628454463;8953;231;9696;9823;9.84;0.60;242.65;10.59;743;62;3367.00;127
8955;62;628454479;8955;231;9699;9823;9.76;0.59;242.68;10.61;744;62;3368.00;124
8956;62;628454492;8956;238;9699;9823;9.64;0.58;242.67;10.61;743;62;3369.00;124
8958;62;628454504;8958;241;9703;9829;9.49;0.58;242.67;10.61;745;62;3370.00;126
8958;62;628454522;8958;250;9706;9829;9.34;0.57;242.67;10.63;748;62;3371.00;123
8959;62;628454534;8959;258;9708;9829;9.16;0.56;242.70;10.63;749;62;3372.00;121
8961;62;628454546;8961;263;9710;9829;9.03;0.55;242.70;10.65;749;62;3373.00;119
8962;62;628454559;8962;268;9713;9833;8.87;0.54;242.70;10.64;751;62;3374.00;120
8963;62;628454572;8963;277;9717;9835;8.78;0.54;242.71;10.66;754;62;3375.00;118
8965;62;628454583;8965;285;9717;9835;8.66;0.53;242.74;10.66;752;62;3376.00;118
8967;62;628454596;8967;287;9719;9836;8.55;0.52;242.75;10.67;752;62;3377.00;117
8970;62;628454608;8970;291;9719;9836;8.44;0.52;242.80;10.67;749;62;3378.00;117
8971;62;628454619;8971;293;9721;9836;8.31;0.51;242.80;10.68;750;62;3379.00;115
8974;62;628454630;8974;290;9721;9836;8.19;0.50;242.77;10.68;747;62;3380.00;115
8977;62;628454641;8977;295;9722;9836;8.08;0.50;242.72;10.69;745;62;3381.00;114
8979;62;628454654;8979;299;9722;9836;7.95;0.49;242.69;10.69;743;62;3382.00;114
8981;62;628454670;8981;298;9722;9836;7.89;0.49;242.64;10.69;741;62;3383.00;114
8984;62;628454682;8984;306;9759;9906;8.01;0.49;242.70;10.65;775;62;3384.00;147
8985;62;628454704;8985;304;9764;9907;7.87;0.49;242.73;10.68;779;62;3385.00;143
8987;62;628454717;8987;299;9775;9907;7.84;0.48;242.70;10.68;788;62;3386.00;132
8988;62;628454731;8988;302;9781;9907;7.80;0.48;242.69;10.68;793;62;3387.00;126
8990;62;628454746;8990;302;9786;9907;7.82;0.48;242.68;10.67;796;62;3388.00;121
8992;62;628454758;8992;307;9792;9907;7.81;0.48;242.69;10.68;800;62;3389.00;115
8996;62;628454776;8996;314;9797;9907;7.70;0.48;242.64;10.68;801;62;3390.00;110
9003;62;628454790;9003;318;9799;9907;7.58;0.47;242.56;10.68;796;62;3391.00;108
9009;62;628454804;9009;322;9801;9908;7.47;0.46;242.54;10.68;792;62;3392.00;107
9012;62;628454817;9012;324;9802;9909;7.34;0.45;242.51;10.68;790;62;3393.00;107
9014;62;628454831;9014;326;9803;9909;7.24;0.44;242.48;10.69;789;62;3394.00;106
9021;62;628454841;9021;329;9806;9913;7.07;0.43;242.46;10.68;785;62;3395.00;107
9022;62;628454853;9022;328;9807;9913;7.02;0.43;242.46;10.69;785;62;3396.00;106
9025;62;628454862;9025;335;9807;9913;6.89;0.42;242.48;10.69;782;62;3397.00;106
9030;62;628454872;9030;334;9808;9913;6.68;0.41;242.50;10.70;778;62;3398.00;105
9032;62;628454883;9032;341;9813;9919;6.62;0.41;242.45;10.69;781;62;3399.00;106
9035;62;628454895;9035;329;9813;9919;6.53;0.40;242.46;10.69;778;62;3400.00;106
9036;62;628454911;9036;324;9815;9919;6.47;0.40;242.45;10.69;779;62;3401.00;104
9038;62;628454920;9038;323;9817;9922;6.47;0.40;242.46;10.69;779;62;3402.00;105
9038;62;628454931;9038;322;9818;9922;6.42;0.40;242.46;10.70;780;62;3403.00;104
9041;62;628454941;9041;316;9818;9922;6.42;0.40;242.50;10.70;777;62;3404.00;104
9045;62;628454951;9045;313;9820;9923;6.30;0.39;242.48;10.70;775;62;3405.00;103
9050;62;628454962;9050;316;9823;9924;6.26;0.39;242.54;10.71;773;62;3406.00;101
9053;62;628454973;9053;314;9823;9924;6.20;0.38;242.57;10.71;770;62;3407.00;101
9057;62;628454982;9057;315;9833;9937;6.29;0.39;242.56;10.70;776;62;3408.00;104
9058;62;628454993;9058;318;9834;9937;6.36;0.39;242.54;10.69;776;62;3409.00;103
9062;62;628455002;9062;308;9834;9937;6.38;0.39;242.53;10.69;772;62;3410.00;103
9065;62;628455012;9065;294;9835;9938;6.44;0.40;242.49;10.69;770;62;3411.00;103
9069;62;628455023;9069;281;9835;9938;6.54;0.40;242.49;10.69;766;62;3412.00;103
9071;62;628455034;9071;275;9838;9942;6.70;0.41;242.53;10.69;767;62;3413.00;104
9075;62;628455046;9075;272;9838;9942;6.86;0.42;242.50;10.69;763;62;3414.00;104
9077;62;628455057;9077;261;9842;9946;7.03;0.43;242.51;10.69;765;62;3415.00;104
9078;62;628455069;9078;257;9842;9946;7.20;0.44;242.52;10.69;764;62;3416.00;104
9082;62;628455081;9082;249;9842;9946;7.30;0.44;242.48;10.69;760;62;3417.00;104
9085;63;628455102;9085;240;9842;9946;7.48;0.46;242.52;10.69;757;63;3418.00;104
9088;63;628455127;9088;241;9842;9946;7.62;0.47;242.56;10.69;754;63;3419.00;104
9091;63;628455141;9091;238;9868;9980;7.94;0.49;242.57;10.66;777;63;3420.00;112
9092;63;628455156;9092;240;9868;9980;8.08;0.50;242.58;10.66;776;63;3421.00;112
9094;63;628455170;9094;241;9869;9980;8.14;0.50;242.60;10.66;775;63;3422.00;111
9097;63;628455190;9097;236;9870;9980;8.20;0.50;242.60;10.66;773;63;3423.00;110
9102;63;628455205;9102;228;9871;9980;8.19;0.50;242.56;10.66;769;63;3424.00;109
9108;63;628455218;9108;222;9871;9980;8.20;0.50;242.60;10.66;763;63;3425.00;109
9109;63;628455230;9109;219;9871;9981;8.29;0.51;242.58;10.66;762;63;3426.00;110
9112;63;628455242;9112;224;9871;9981;8.31;0.51;242.66;10.66;759;63;3427.00;110
9116;63;628455255;9116;223;9875;9987;8.39;0.51;242.66;10.65;759;63;3428.00;112
9117;63;628455270;9117;224;9877;9988;8.43;0.52;242.67;10.65;760;63;3429.00;111
9121;63;628455282;9121;224;9877;9988;8.44;0.51;242.70;10.65;756;63;3430.00;111
9125;63;628455294;9125;225;9877;9988;8.45;0.51;242.75;10.65;752;63;3431.00;111
9131;63;628455308;9131;226;9880;9992;8.49;0.52;242.72;10.65;749;63;3432.00;112
9133;63;628455321;9133;230;9880;9992;8.54;0.52;242.71;10.65;747;63;3433.00;112
9137;63;628455333;9137;229;9880;9992;8.53;0.52;242.71;10.65;743;63;3434.00;112
9140;63;628455346;9140;231;9881;9993;8.59;0.52;242.69;10.65;741;63;3435.00;112
9143;63;628455365;9143;229;9884;9997;8.64;0.53;242.65;10.64;741;63;3436.00;113
9147;63;628455381;9147;233;9884;9997;8.65;0.53;242.67;10.64;737;63;3437.00;113
9149;63;628455394;9149;232;9886;10000;8.79;0.54;242.67;10.64;737;63;3438.00;114
9154;63;628455406;9154;234;9886;10000;8.81;0.54;242.71;10.64;732;63;3439.00;114
9158;63;628455418;9158;234;9887;10000;8.82;0.54;242.70;10.64;729;63;3440.00;113
9161;63;628455431;9161;234;9887;10000;8.91;0.54;242.70;10.64;726;63;3441.00;113
9163;63;628455447;9163;239;9890;10004;9.03;0.55;242.69;10.64;727;63;3442.00;114
9166;63;628455460;9166;241;9891;10004;9.02;0.55;242.72;10.64;725;63;3443.00;113
9170;63;628455477;9170;244;9891;10004;9.02;0.55;242.71;10.64;721;63;3444.00;113
9173;63;628455490;9173;244;9891;10004;9.04;0.55;242.69;10.64;718;63;3445.00;113
9178;63;628455501;9178;242;9891;10005;8.99;0.55;242.69;10.64;713;63;3446.00;114
9183;63;628455514;9183;229;9892;10006;9.00;0.55;242.72;10.64;709;63;3447.00;114
9186;63;628455527;9186;222;9892;10006;9.01;0.55;242.74;10.64;706;63;3448.00;114
9188;63;628455548;9188;214;9893;10007;9.04;0.55;242.79;10.63;705;63;3449.00;114
9190;63;628455563;9190;212;9893;10007;9.07;0.55;242.80;10.63;703;63;3450.00;114
9194;63;628455576;9194;211;9893;10007;9.04;0.55;242.94;10.63;699;63;3451.00;114
9198;63;628455594;9198;210;9893;10007;9.04;0.55;243.00;10.63;695;63;3452.00;114
9201;63;628455614;9201;213;9893;10007;9.07;0.55;243.04;10.63;692;63;3453.00;114
9203;63;628455626;9203;207;9893;10007;9.10;0.55;243.03;10.63;690;63;3454.00;114
9205;63;628455638;9205;200;9893;10007;9.19;0.56;243.07;10.63;688;63;3455.00;114
9211;63;628455650;9211;194;9964;10134;9.24;0.57;243.11;10.56;753;63;3456.00;170
9212;63;628455675;9212;171;9966;10135;9.39;0.58;243.13;10.56;754;63;3457.00;169
9216;63;628455690;9216;152;9974;10135;9.64;0.59;243.15;10.55;758;63;3458.00;161
9221;63;628455704;9221;134;9978;10135;9.80;0.60;243.24;10.55;757;63;3459.00;157
9224;63;628455717;9224;129;9984;10135;9.98;0.61;243.27;10.54;760;63;3460.00;151
9227;63;628455731;9227;119;9987;10135;10.02;0.62;243.31;10.54;760;63;3461.00;148
9230;63;628455745;9230;115;9992;10135;10.16;0.62;243.30;10.54;762;63;3462.00;143
9234;63;628455758;9234;114;9996;10135;10.33;0.63;243.40;10.54;762;63;3463.00;139
9237;63;628455773;9237;114;9998;10136;10.49;0.64;243.38;10.54;761;63;3464.00;138
9239;63;628455787;9239;115;10003;10138;10.61;0.65;243.40;10.54;764;63;3465.00;135
9242;63;628455807;9242;116;10005;10138;10.70;0.65;243.49;10.53;763;63;3466.00;133
9246;63;628455843;9246;118;10006;10139;10.80;0.66;243.57;10.53;760;63;3467.00;133
9248;63;628455864;9248;122;10008;10139;10.99;0.67;243.58;10.54;760;63;3468.00;131
9254;63;628455885;9254;126;10009;10139;11.05;0.68;243.59;10.54;755;63;3469.00;130
9255;63;628455905;9255;128;10011;10139;11.14;0.68;243.58;10.54;756;63;3470.00;128
9259;63;628455928;9259;129;10013;10143;11.17;0.68;243.59;10.53;754;63;3471.00;130
9262;63;628455947;9262;130;10015;10143;11.20;0.68;243.60;10.53;753;63;3472.00;128
9265;63;628455962;9265;136;10016;10143;11.28;0.69;243.58;10.53;751;63;3473.00;127
9270;63;628455978;9270;137;10019;10146;11.31;0.69;243.68;10.53;749;63;3474.00;127
9271;63;628455994;9271;142;10019;10146;11.44;0.70;243.72;10.53;748;63;3475.00;127
9274;63;628456010;9274;144;10021;10146;11.58;0.71;243.76;10.53;747;63;3476.00;125
9276;64;628456026;9276;150;10024;10150;11.66;0.71;243.78;10.53;748;64;3477.00;126
9280;64;628456057;9280;151;10025;10151;11.73;0.71;243.78;10.53;745;64;3478.00;126
9282;64;628456074;9282;155;10025;10151;11.80;0.72;243.78;10.53;743;64;3479.00;126
9284;64;628456106;9284;153;10029;10156;11.82;0.72;243.80;10.52;745;64;3480.00;127
9286;64;628456122;9286;154;10029;10156;11.84;0.72;243.80;10.52;743;64;3481.00;127
9289;64;628456141;9289;156;10029;10156;11.91;0.72;243.81;10.52;740;64;3482.00;127
9292;64;628456156;9292;162;10030;10157;11.94;0.73;243.85;10.52;738;64;3483.00;127
9294;64;628456181;9294;162;10030;10157;12.06;0.73;243.83;10.52;736;64;3484.00;127
9300;64;628456210;9300;159;10034;10163;12.07;0.73;243.83;10.52;734;64;3485.00;129
9301;64;628456227;9301;156;10034;10163;12.16;0.74;243.84;10.52;733;64;3486.00;129
9302;64;628456240;9302;154;10035;10164;12.16;0.74;243.86;10.52;733;64;3487.00;129
9305;64;628456252;9305;152;10035;10164;12.12;0.74;243.88;10.52;730;64;3488.00;129
9309;64;628456265;9309;148;10036;10164;12.06;0.73;243.88;10.66;727;64;3489.00;128
9312;64;628456277;9312;147;10036;10164;12.05;0.73;243.92;10.66;724;64;3490.00;128
9316;64;628456289;9316;144;10036;10164;12.05;0.73;243.88;10.66;720;64;3491.00;128
9317;64;628456300;9317;143;10045;10176;12.13;0.74;243.86;10.65;728;64;3492.00;131
9322;64;628456313;9322;141;10046;10176;12.21;0.74;243.86;10.65;724;64;3493.00;130
9324;64;628456325;9324;138;10047;10176;12.28;0.75;243.87;10.64;723;64;3494.00;129
9325;64;628456337;9325;139;10047;10176;12.37;0.75;243.86;10.64;722;64;3495.00;129
9329;64;628456348;9329;137;10047;10176;12.45;0.76;243.94;10.64;718;64;3496.00;129
9336;64;628456360;9336;136;10047;10176;12.41;0.76;243.92;10.64;711;64;3497.00;129
9338;64;628456371;9338;138;10050;10180;12.38;0.75;243.91;10.64;712;64;3498.00;130
9342;64;628456383;9342;136;10050;10180;12.36;0.75;243.94;10.64;708;64;3499.00;130
9346;64;628456396;9346;137;10053;10184;12.32;0.75;243.90;10.64;707;64;3500.00;131
9350;64;628456413;9350;132;10055;10185;12.31;0.75;243.92;10.64;705;64;3501.00;130
9355;64;628456424;9355;130;10055;10185;12.29;0.75;243.93;10.64;700;64;3502.00;130
9357;64;628456436;9357;129;10056;10185;12.23;0.74;243.93;10.77;699;64;3503.00;129
9361;64;628456446;9361;135;10066;10198;12.16;0.74;243.96;10.76;705;64;3504.00;132
9364;64;628456472;9364;131;10067;10198;12.18;0.74;244.08;10.77;703;64;3505.00;131
9366;64;628456484;9366;128;10067;10198;12.25;0.74;244.07;10.77;701;64;3506.00;131
9369;64;628456494;9369;127;10069;10199;12.34;0.75;244.10;10.90;700;64;3507.00;130
9371;64;628456505;9371;123;10069;10200;12.43;0.76;244.14;10.90;698;64;3508.00;131
9374;64;628456516;9374;118;10070;10200;12.46;0.76;244.17;11.04;696;64;3509.00;130
9378;64;628456529;9378;118;10073;10206;12.49;0.76;244.14;11.03;695;64;3510.00;133
9382;64;628456541;9382;114;10075;10206;12.58;0.76;244.16;11.16;693;64;3511.00;131
9385;64;628456551;9385;120;10076;10206;12.54;0.76;244.16;11.16;691;64;3512.00;130
9388;64;628456562;9388;120;10076;10206;12.48;0.76;244.16;11.16;688;64;3513.00;130
9391;64;628456573;9391;116;10080;10212;12.43;0.75;244.25;11.16;689;64;3514.00;132
9398;64;628456584;9398;115;10081;10212;12.26;0.74;244.25;11.29;683;64;3515.00;131
9401;64;628456596;9401;119;10082;10212;12.19;0.74;244.29;11.29;681;64;3516.00;130
9403;64;628456607;9403;123;10084;10212;12.08;0.73;244.29;11.29;681;64;3517.00;128
9405;64;628456617;9405;129;10087;10216;11.99;0.73;244.28;11.29;682;64;3518.00;129
9406;64;628456636;9406;136;10090;10219;11.81;0.72;244.27;11.29;684;64;3519.00;129
9409;64;628456649;9409;135;10090;10219;11.72;0.71;244.31;11.29;681;64;3520.00;129
9414;64;628456659;9414;136;10092;10220;11.60;0.70;244.30;11.29;678;64;3521.00;128
9414;64;628456670;9414;142;10092;10220;11.51;0.70;244.30;11.29;678;64;3522.00;128
9416;64;628456681;9416;148;10092;10220;11.36;0.69;244.31;11.29;676;64;3523.00;128
9417;64;628456692;9417;157;10092;10220;11.30;0.69;244.32;11.29;675;64;3524.00;128
9420;64;628456702;9420;161;10092;10220;11.24;0.68;244.31;11.29;672;64;3525.00;128
9423;64;628456712;9423;163;10093;10220;11.15;0.68;244.29;11.30;670;64;3526.00;127
9423;64;628456722;9423;169;10093;10220;11.09;0.67;244.29;11.30;670;64;3527.00;127
9427;64;628456732;9427;180;10129;10290;11.03;0.67;244.44;11.26;702;64;3528.00;161
9429;64;628456748;9429;183;10133;10291;10.90;0.66;244.40;11.27;704;64;3529.00;158
9429;64;628456758;9429;189;10143;10291;10.88;0.66;244.40;11.28;714;64;3530.00;148
9431;64;628456768;9431;196;10144;10291;10.80;0.66;244.39;11.27;713;64;3531.00;147
9432;64;628456778;9432;203;10149;10291;10.79;0.66;244.38;11.27;717;64;3532.00;142
9434;64;628456790;9434;214;10153;10291;10.70;0.65;244.39;11.29;719;64;3533.00;138
9437;64;628456800;9437;217;10157;10291;10.63;0.65;244.36;11.29;720;64;3534.00;134
9442;64;628456810;9442;224;10159;10291;10.48;0.64;244.30;11.30;717;64;3535.00;132
9444;64;628456821;9444;233;10162;10292;10.38;0.63;244.26;11.31;718;64;3536.00;130
9447;64;628456831;9447;234;10165;10293;10.24;0.62;244.25;11.32;718;64;3537.00;128
9448;64;628456842;9448;237;10169;10293;10.16;0.62;244.24;11.33;721;64;3538.00;124
9450;64;628456851;9450;244;10173;10297;9.99;0.61;244.23;11.33;723;64;3539.00;124
9452;64;628456862;9452;247;10174;10297;9.77;0.60;244.23;11.34;722;64;3540.00;123
9454;64;628456871;9454;256;10175;10297;9.54;0.58;244.20;11.35;721;64;3541.00;122
9455;64;628456880;9455;265;10177;10297;9.32;0.57;244.20;11.36;722;64;3542.00;120
9456;64;628456890;9456;272;10182;10303;9.24;0.57;244.19;11.37;726;64;3543.00;121
9457;64;628456912;9457;277;10184;10303;9.03;0.55;244.17;11.37;727;64;3544.00;119
9459;64;628456920;9459;282;10185;10303;8.83;0.54;244.14;11.38;726;64;3545.00;118
9461;64;628456930;9461;287;10188;10306;8.75;0.54;244.12;11.38;727;64;3546.00;118
9462;64;628456939;9462;289;10189;10306;8.53;0.52;244.12;11.38;727;64;3547.00;117
9464;64;628456947;9464;293;10190;10306;8.37;0.51;244.08;11.38;726;64;3548.00;116
9465;64;628456955;9465;292;10191;10307;8.20;0.50;244.07;11.39;726;64;3549.00;116
9469;64;628456964;9469;293;10192;10308;8.04;0.49;244.02;11.39;723;64;3550.00;116
9471;64;628456974;9471;297;10193;10308;7.85;0.48;243.99;11.40;722;64;3551.00;115
9473;64;628456982;9473;303;10205;10321;7.74;0.48;244.10;11.39;732;64;3552.00;116
9474;64;628456992;9474;304;10205;10321;7.66;0.47;244.09;11.39;731;64;3553.00;116
9474;64;628457000;9474;307;10206;10321;7.60;0.47;244.09;11.40;732;64;3554.00;115
9476;64;628457010;9476;310;10208;10323;7.53;0.46;244.05;11.39;732;64;3555.00;115
9477;64;628457019;9477;312;10209;10323;7.47;0.46;244.03;11.40;732;64;3556.00;114
9479;64;628457027;9479;313;10212;10327;7.50;0.46;244.01;11.40;733;64;3557.00;115
9483;64;628457036;9483;318;10212;10327;7.46;0.46;243.96;11.40;729;64;3558.00;115
9486;64;628457044;9486;322;10219;10331;7.44;0.46;243.91;11.42;733;64;3559.00;112
9487;64;628457054;9487;327;10219;10331;7.36;0.45;243.90;11.42;732;64;3560.00;112
9488;64;628457063;9488;331;10220;10331;7.28;0.45;243.90;11.43;732;64;3561.00;111
9491;64;628457071;9491;331;10220;10331;7.23;0.44;243.88;11.43;729;64;3562.00;111
9497;64;628457079;9497;323;10220;10331;7.14;0.43;243.90;11.43;723;64;3563.00;111
9499;64;628457087;9499;317;10233;10343;7.20;0.44;243.88;11.45;734;64;3564.00;110
9502;64;628457096;9502;304;10233;10343;7.18;0.44;243.87;11.45;731;64;3565.00;110
9504;64;628457105;9504;300;10234;10343;7.16;0.44;243.91;11.45;730;64;3566.00;109
9506;64;628457113;9506;292;10235;10343;7.14;0.44;243.92;11.45;729;64;3567.00;108
9508;64;628457121;9508;285;10235;10343;7.09;0.43;243.92;11.45;727;64;3568.00;108
9510;64;628457129;9510;283;10235;10343;7.01;0.43;243.92;11.45;725;64;3569.00;108
9512;64;628457145;9512;277;10238;10344;6.93;0.43;243.96;11.47;726;64;3570.00;106
9515;65;628457153;9515;268;10238;10344;6.94;0.42;243.96;11.47;723;65;3571.00;106
9518;65;628457173;9518;269;10243;10350;6.97;0.43;243.93;11.48;725;65;3572.00;107
9520;65;628457184;9520;263;10246;10351;7.04;0.43;243.94;11.47;726;65;3573.00;105
9523;65;628457197;9523;260;10247;10351;7.06;0.43;243.96;11.48;724;65;3574.00;104
9526;65;628457205;9526;261;10247;10351;7.12;0.44;243.96;11.48;721;65;3575.00;104
9529;65;628457214;9529;251;10251;10355;7.22;0.44;244.04;11.48;722;65;3576.00;104
9531;65;628457228;9531;243;10252;10355;7.31;0.45;244.02;11.48;721;65;3577.00;103
9534;65;628457243;9534;236;10252;10355;7.49;0.46;244.04;11.48;718;65;3578.00;103
9536;65;628457253;9536;228;10255;10356;7.57;0.46;244.03;11.49;719;65;3579.00;101
9538;65;628457262;9538;227;10258;10360;7.71;0.47;244.02;11.49;720;65;3580.00;102
9542;65;628457277;9542;225;10258;10360;7.84;0.48;244.06;11.49;716;65;3581.00;102
9545;65;628457287;9545;226;10260;10363;7.92;0.48;244.08;11.48;715;65;3582.00;103
9546;65;628457297;9546;222;10261;10363;8.03;0.49;244.07;11.48;715;65;3583.00;102
9548;65;628457306;9548;223;10261;10363;8.11;0.49;244.09;11.48;713;65;3584.00;102
9553;65;628457315;9553;220;10261;10363;8.07;0.49;244.09;11.48;708;65;3585.00;102
9558;65;628457325;9558;217;10264;10367;8.20;0.50;244.11;11.48;706;65;3586.00;103
9562;65;628457335;9562;213;10264;10367;8.26;0.50;244.13;11.48;702;65;3587.00;103
9566;65;628457344;9566;209;10265;10367;8.35;0.51;244.13;11.48;699;65;3588.00;102
9568;65;628457354;9568;207;10265;10367;8.44;0.51;244.11;11.48;697;65;3589.00;102
9572;65;628457363;9572;200;10265;10368;8.46;0.51;244.12;11.48;693;65;3590.00;103
9576;65;628457373;9576;198;10266;10369;8.49;0.52;244.12;11.48;690;65;3591.00;103
9580;65;628457383;9580;191;10266;10369;8.48;0.52;244.14;11.48;686;65;3592.00;103
9583;65;628457393;9583;188;10267;10370;8.53;0.52;244.13;11.48;684;65;3593.00;103
9586;65;628457408;9586;185;10267;10370;8.61;0.53;244.12;11.48;681;65;3594.00;103
9590;65;628457420;9590;186;10267;10370;8.68;0.53;244.16;11.48;677;65;3595.00;103
9594;65;628457430;9594;187;10267;10370;8.74;0.54;244.16;11.48;673;65;3596.00;103
9596;65;628457439;9596;187;10267;10370;8.83;0.54;244.17;11.48;671;65;3597.00;103
9606;65;628457448;9606;189;10267;10370;8.88;0.54;244.21;11.48;661;65;3598.00;103
9611;65;628457458;9611;192;10267;10370;8.90;0.54;244.24;11.48;656;65;3599.00;103
9618;65;628457471;9618;227;10380;10623;8.92;0.56;244.20;11.35;762;65;3600.00;243
9622;65;628457506;9622;216;10387;10624;8.91;0.56;244.19;11.35;765;65;3601.00;237
9624;65;628457517;9624;211;10401;10624;8.98;0.56;244.20;11.47;777;65;3602.00;223
9628;65;628457530;9628;207;10407;10624;8.98;0.56;244.19;11.47;779;65;3603.00;217
9630;65;628457544;9630;215;10413;10624;9.03;0.57;244.19;11.46;783;65;3604.00;211
9635;65;628457555;9635;207;10417;10624;9.02;0.56;244.18;11.46;782;65;3605.00;207
9639;65;628457567;9639;205;10426;10624;9.04;0.57;244.18;11.45;787;65;3606.00;198
9642;65;628457578;9642;203;10433;10624;9.10;0.57;244.20;11.45;791;65;3607.00;191
9646;65;628457589;9646;195;10435;10625;9.10;0.57;244.20;11.45;789;65;3608.00;190
9653;65;628457601;9653;190;10440;10626;9.14;0.57;244.27;11.45;787;65;3609.00;186
9656;65;628457613;9656;200;10445;10626;9.14;0.57;244.24;11.45;789;65;3610.00;181
9659;65;628457631;9659;204;10450;10627;9.15;0.57;244.29;11.45;791;65;3611.00;177
9665;65;628457642;9665;209;10454;10627;9.12;0.56;244.31;11.45;789;65;3612.00;173
9670;65;628457654;9670;208;10456;10627;9.08;0.56;244.32;11.45;786;65;3613.00;171
9673;65;628457666;9673;216;10460;10627;9.10;0.56;244.39;11.45;787;65;3614.00;167
9676;65;628457677;9676;218;10464;10631;9.09;0.56;244.42;11.45;788;65;3615.00;167
9679;65;628457690;9679;224;10464;10631;9.06;0.56;244.40;11.45;785;65;3616.00;167
9684;65;628457701;9684;223;10468;10631;9.07;0.56;244.44;11.45;784;65;3617.00;163
9687;65;628457714;9687;217;10470;10634;9.15;0.56;244.42;11.45;783;65;3618.00;164
9689;65;628457732;9689;219;10470;10634;9.27;0.57;244.43;11.45;781;65;3619.00;164
9692;65;628457743;9692;219;10471;10634;9.30;0.57;244.52;11.45;779;65;3620.00;163
9696;65;628457756;9696;223;10476;10638;9.35;0.57;244.60;11.45;780;65;3621.00;162
9702;65;628457779;9702;225;10479;10639;9.41;0.58;244.61;11.45;777;65;3622.00;160
9705;65;628457799;9705;221;10482;10639;9.58;0.59;244.66;11.45;777;65;3623.00;157
9712;65;628457818;9712;219;10484;10643;9.66;0.59;244.64;11.45;772;65;3624.00;159
9714;65;628457837;9714;220;10486;10643;9.76;0.60;244.63;11.45;772;65;3625.00;157
9721;65;628457869;9721;213;10486;10643;9.85;0.60;244.68;11.45;765;65;3626.00;157
9724;65;628457888;9724;199;10488;10644;9.91;0.60;244.72;11.46;764;65;3627.00;156
9729;65;628457909;9729;185;10491;10644;10.00;0.61;244.79;11.46;762;65;3628.00;153
9731;65;628457934;9731;177;10495;10650;10.10;0.61;244.83;11.45;764;65;3629.00;155
9733;65;628457951;9733;173;10497;10650;10.27;0.62;244.85;11.45;764;65;3630.00;153
9735;65;628457965;9735;174;10498;10651;10.37;0.63;244.84;11.46;763;65;3631.00;153
9739;65;628457981;9739;167;10498;10651;10.53;0.64;244.83;11.46;759;65;3632.00;153
9740;65;628457994;9740;165;10499;10651;10.65;0.65;244.84;11.46;759;65;3633.00;152
9744;65;628458015;9744;158;10500;10651;10.79;0.65;244.84;11.46;756;65;3634.00;151
9746;65;628458028;9746;156;10501;10651;10.89;0.66;244.87;11.46;755;65;3635.00;150
9748;65;628458042;9748;157;10511;10663;11.01;0.67;244.88;11.44;763;65;3636.00;152
9752;65;628458056;9752;160;10512;10663;11.12;0.67;244.90;11.45;760;65;3637.00;151
9756;65;628458070;9756;159;10512;10663;11.19;0.68;244.92;11.45;756;65;3638.00;151
9757;65;628458083;9757;161;10512;10663;11.28;0.68;244.92;11.45;755;65;3639.00;151
9760;65;628458096;9760;162;10512;10663;11.31;0.69;244.96;11.45;752;65;3640.00;151
9762;65;628458109;9762;159;10512;10663;11.35;0.69;245.00;11.45;750;65;3641.00;151
9764;65;628458121;9764;164;10515;10667;11.35;0.69;244.98;11.44;751;65;3642.00;152
9767;65;628458134;9767;170;10516;10667;11.40;0.69;245.01;11.45;749;65;3643.00;151
9772;65;628458147;9772;169;10519;10671;11.46;0.70;245.01;11.44;747;65;3644.00;152
9775;65;628458159;9775;170;10521;10673;11.45;0.69;245.08;11.44;746;65;3645.00;152
9777;65;628458172;9777;170;10522;10673;11.44;0.69;245.12;11.44;745;65;3646.00;151
9779;65;628458184;9779;174;10523;10673;11.46;0.70;245.12;11.58;744;65;3647.00;150
9782;65;628458196;9782;172;10531;10686;11.47;0.70;245.15;11.57;749;65;3648.00;155
9784;65;628458208;9784;169;10531;10686;11.51;0.70;245.18;11.57;747;65;3649.00;155
9785;65;628458221;9785;168;10533;10686;11.52;0.70;245.18;11.58;748;65;3650.00;153
9788;65;628458239;9788;165;10534;10687;11.60;0.71;245.20;11.58;746;65;3651.00;153
9791;65;628458252;9791;162;10535;10688;11.62;0.71;245.19;11.57;744;65;3652.00;153
9793;65;628458264;9793;163;10535;10688;11.64;0.71;245.18;11.57;742;65;3653.00;153
9795;65;628458276;9795;163;10537;10691;11.65;0.71;245.21;11.57;742;65;3654.00;154
9798;65;628458287;9798;161;10537;10691;11.52;0.70;245.18;11.57;739;65;3655.00;154
9804;65;628458298;9804;163;10538;10691;11.54;0.70;245.13;11.57;734;65;3656.00;153
9807;65;628458309;9807;159;10538;10691;11.50;0.70;245.14;11.57;731;65;3657.00;153
9807;65;628458320;9807;155;10542;10697;11.44;0.70;245.14;11.57;735;65;3658.00;155
9810;65;628458331;9810;154;10542;10697;11.38;0.69;245.12;11.57;732;65;3659.00;155
9812;65;628458344;9812;159;10543;10697;11.36;0.69;245.10;11.57;731;65;3660.00;154
9817;65;628458354;9817;158;10543;10697;11.27;0.69;245.08;11.57;726;65;3661.00;154
9820;65;628458364;9820;160;10547;10701;11.21;0.68;245.08;11.71;727;65;3662.00;154
9825;65;628458376;9825;160;10548;10702;11.15;0.68;245.05;11.70;723;65;3663.00;154
9828;65;628458388;9828;164;10548;10702;11.18;0.68;245.02;11.70;720;65;3664.00;154
9830;65;628458399;9830;161;10550;10703;11.26;0.69;245.01;11.84;720;65;3665.00;153
9834;65;628458410;9834;166;10550;10703;11.27;0.69;245.03;11.84;716;65;3666.00;153
9837;65;628458421;9837;170;10550;10703;11.25;0.69;245.03;11.84;713;65;3667.00;153
9839;65;628458431;9839;171;10550;10703;11.22;0.68;245.02;11.84;711;65;3668.00;153
9840;65;628458442;9840;171;10552;10703;11.20;0.68;245.00;11.99;712;65;3669.00;151
9844;65;628458452;9844;173;10552;10703;11.10;0.68;245.02;11.99;708;65;3670.00;151
9848;65;628458462;9848;175;10552;10703;11.06;0.67;245.00;11.99;704;65;3671.00;151
9850;65;628458473;9850;177;10585;10773;11.03;0.67;244.99;12.10;735;65;3672.00;188
9853;65;628458488;9853;169;10586;10774;10.97;0.67;244.99;12.10;733;65;3673.00;188
9855;65;628458498;9855;164;10592;10774;11.00;0.67;245.02;12.09;737;65;3674.00;182
9859;65;628458509;9859;159;10597;10774;10.89;0.66;245.02;12.12;738;65;3675.00;177
9862;65;628458522;9862;158;10601;10774;10.81;0.66;245.06;12.26;739;65;3676.00;173
9865;65;628458541;9865;164;10604;10774;10.84;0.66;245.06;12.25;739;65;3677.00;170
9870;65;628458552;9870;159;10608;10774;10.93;0.67;245.09;12.25;738;65;3678.00;166
9875;65;628458563;9875;154;10611;10774;10.86;0.66;245.07;12.39;736;65;3679.00;163
9877;65;628458574;9877;148;10614;10775;10.86;0.66;245.03;12.39;737;65;3680.00;161
9880;66;628458585;9880;144;10615;10776;10.86;0.66;245.00;12.39;735;66;3681.00;161
9881;66;628458605;9881;148;10616;10776;10.87;0.66;245.00;12.39;735;66;3682.00;160
9884;66;628458616;9884;148;10620;10780;10.83;0.66;244.98;12.53;736;66;3683.00;160
9885;66;628458627;9885;147;10620;10780;10.77;0.65;244.98;12.53;735;66;3684.00;160
9887;66;628458644;9887;146;10621;10780;10.67;0.65;245.00;12.67;734;66;3685.00;159
9888;66;628458656;9888;151;10621;10780;10.56;0.64;244.99;12.67;733;66;3686.00;159
9891;66;628458667;9891;152;10624;10786;10.54;0.64;244.95;12.67;733;66;3687.00;162
9894;66;628458678;9894;158;10627;10786;10.42;0.63;244.93;12.82;733;66;3688.00;159
9897;66;628458690;9897;167;10627;10786;10.33;0.63;244.96;12.82;730;66;3689.00;159
9898;66;628458702;9898;174;10633;10792;10.21;0.62;244.94;12.82;735;66;3690.00;159
9901;66;628458713;9901;185;10634;10792;10.06;0.61;244.91;12.96;733;66;3691.00;158
9904;66;628458723;9904;187;10638;10792;9.92;0.60;244.87;12.97;734;66;3692.00;154
9906;66;628458733;9906;195;10638;10793;9.79;0.59;244.85;12.97;732;66;3693.00;155
9910;66;628458744;9910;199;10641;10794;9.65;0.59;244.85;12.97;731;66;3694.00;153
9911;66;628458754;9911;200;10641;10794;9.53;0.58;244.82;12.97;730;66;3695.00;153
9913;66;628458764;9913;215;10652;10807;9.39;0.57;244.80;12.96;739;66;3696.00;155
9915;66;628458776;9915;220;10654;10807;9.39;0.57;244.77;12.97;739;66;3697.00;153
9916;66;628458786;9916;229;10656;10807;9.27;0.56;244.75;12.97;740;66;3698.00;151
9917;66;628458798;9917;237;10659;10808;9.20;0.56;244.74;12.99;742;66;3699.00;149
9920;66;628458810;9920;245;10661;10808;9.12;0.55;244.71;13.00;741;66;3700.00;147
9922;66;628458826;9922;248;10666;10812;9.03;0.55;244.77;13.01;744;66;3701.00;146
9924;66;628458838;9924;248;10666;10812;8.91;0.54;244.74;13.01;742;66;3702.00;146
9926;66;628458848;9926;257;10672;10816;8.88;0.54;244.69;13.03;746;66;3703.00;144
9929;66;628458862;9929;260;10672;10816;8.82;0.54;244.70;13.03;743;66;3704.00;144
9932;66;628458872;9932;263;10673;10816;8.67;0.53;244.66;13.04;741;66;3705.00;143
9934;66;628458881;9934;266;10675;10816;8.54;0.52;244.65;13.06;741;66;3706.00;141
9935;66;628458890;9935;271;10675;10816;8.42;0.51;244.65;13.06;740;66;3707.00;141
9937;66;628458899;9937;279;10686;10828;8.37;0.51;244.64;13.07;749;66;3708.00;142
9940;66;628458909;9940;286;10687;10828;8.27;0.50;244.63;13.07;747;66;3709.00;141
9941;66;628458918;9941;295;10691;10828;8.21;0.50;244.63;13.09;750;66;3710.00;137
9941;66;628458927;9941;303;10692;10828;8.12;0.50;244.63;13.10;751;66;3711.00;136
9941;66;628458935;9941;305;10695;10828;8.07;0.50;244.63;13.13;754;66;3712.00;133
9943;66;628458943;9943;314;10695;10828;8.07;0.50;244.69;13.13;752;66;3713.00;133
9944;66;628458952;9944;322;10697;10829;8.02;0.49;244.69;13.14;753;66;3714.00;132
9944;66;628458961;9944;307;10697;10829;7.98;0.49;244.69;13.14;753;66;3715.00;132
9946;66;628458970;9946;302;10703;10835;8.01;0.49;244.68;13.15;757;66;3716.00;132
9946;66;628458980;9946;293;10707;10836;7.99;0.49;244.68;13.15;761;66;3717.00;129
9947;66;628458990;9947;295;10709;10836;7.93;0.49;244.67;13.17;762;66;3718.00;127
9950;66;628458999;9950;291;10710;10836;7.88;0.48;244.64;13.17;760;66;3719.00;126
9953;66;628459010;9953;285;10714;10841;7.92;0.49;244.61;13.17;761;66;3720.00;127
9953;66;628459020;9953;277;10717;10841;7.86;0.48;244.61;13.18;764;66;3721.00;124
9953;66;628459029;9953;268;10718;10841;7.85;0.48;244.61;13.19;765;66;3722.00;123
9955;66;628459038;9955;260;10719;10842;7.87;0.48;244.60;13.19;764;66;3723.00;123
9959;66;628459047;9959;256;10723;10846;7.93;0.49;244.64;13.19;764;66;3724.00;123
9959;66;628459057;9959;257;10724;10846;7.97;0.49;244.64;13.20;765;66;3725.00;122
9959;66;628459067;9959;257;10726;10849;8.05;0.50;244.64;13.20;767;66;3726.00;123
9959;66;628459076;9959;252;10728;10849;8.22;0.51;244.64;13.20;769;66;3727.00;121
9960;66;628459085;9960;248;10729;10849;8.27;0.51;244.63;13.21;769;66;3728.00;120
9963;66;628459101;9963;240;10730;10849;8.32;0.51;244.59;13.21;767;66;3729.00;119
9964;66;628459111;9964;240;10734;10853;8.33;0.51;244.61;13.22;770;66;3730.00;119
9966;66;628459120;9966;243;10735;10853;8.32;0.51;244.59;13.21;769;66;3731.00;118
9973;66;628459130;9973;247;10735;10853;8.27;0.51;244.55;13.21;762;66;3732.00;118
9976;66;628459140;9976;245;10736;10853;8.20;0.50;244.55;13.22;760;66;3733.00;117
9982;66;628459154;9982;245;10736;10854;8.14;0.50;244.50;13.22;754;66;3734.00;118
9984;66;628459164;9984;245;10739;10856;8.04;0.49;244.50;13.23;755;66;3735.00;117
9988;66;628459174;9988;244;10739;10856;7.93;0.48;244.48;13.23;751;66;3736.00;117
9989;66;628459183;9989;245;10740;10857;7.80;0.48;244.47;13.23;751;66;3737.00;117
9992;66;628459192;9992;252;10741;10857;7.72;0.47;244.43;13.24;749;66;3738.00;116
9995;66;628459202;9995;254;10742;10857;7.62;0.47;244.43;13.25;747;66;3739.00;115
9998;66;628459211;9998;248;10742;10857;7.53;0.46;244.47;13.25;744;66;3740.00;115
10002;66;628459222;10002;244;10743;10857;7.46;0.46;244.48;13.25;741;66;3741.00;114
10008;66;628459231;10008;243;10745;10857;7.41;0.45;244.49;13.27;737;66;3742.00;112
10012;66;628459240;10012;230;10746;10857;7.35;0.45;244.56;13.28;734;66;3743.00;111
10013;66;628459249;10013;256;10811;10984;7.70;0.48;244.55;13.20;798;66;3744.00;173
10017;66;628459269;10017;249;10813;10985;7.69;0.48;244.61;13.19;796;66;3745.00;172
10022;66;628459279;10022;252;10823;10985;7.77;0.48;244.59;13.19;801;66;3746.00;162
10024;66;628459289;10024;248;10832;10985;7.82;0.48;244.67;13.18;808;66;3747.00;153
10028;66;628459298;10028;240;10838;10985;7.99;0.49;244.69;13.18;810;66;3748.00;147
10030;66;628459308;10030;233;10842;10985;8.06;0.50;244.70;13.18;812;66;3749.00;143
10033;66;628459319;10033;232;10847;10990;8.13;0.50;244.69;13.18;814;66;3750.00;143
10037;66;628459329;10037;229;10853;10990;8.14;0.50;244.69;13.18;816;66;3751.00;137
10039;66;628459339;10039;223;10858;10991;8.19;0.51;244.68;13.18;819;66;3752.00;133
10043;66;628459355;10043;218;10860;10992;8.29;0.51;244.68;13.18;817;66;3753.00;132
10044;66;628459366;10044;220;10863;10992;8.38;0.52;244.67;13.17;819;66;3754.00;129
10051;66;628459376;10051;224;10864;10993;8.47;0.52;244.66;13.17;813;66;3755.00;129
10055;66;628459387;10055;222;10867;10993;8.64;0.53;244.64;13.17;812;66;3756.00;126
10059;66;628459397;10059;222;10868;10993;8.70;0.53;244.65;13.17;809;66;3757.00;125
10061;66;628459408;10061;223;10870;10993;8.80;0.54;244.69;13.17;809;66;3758.00;123
10063;66;628459418;10063;224;10873;10997;8.89;0.55;244.72;13.17;810;66;3759.00;124
10068;66;628459430;10068;221;10875;10997;8.91;0.55;244.75;13.17;807;66;3760.00;122
10070;66;628459441;10070;214;10875;10997;8.95;0.55;244.79;13.17;805;66;3761.00;122
10077;66;628459452;10077;215;10879;11000;8.97;0.55;244.86;13.17;802;66;3762.00;121
10081;66;628459464;10081;210;10879;11000;8.98;0.55;244.87;13.17;798;66;3763.00;121
10086;66;628459480;10086;207;10879;11000;9.02;0.55;244.85;13.17;793;66;3764.00;121
10091;66;628459492;10091;208;10882;11004;9.04;0.55;244.88;13.17;791;66;3765.00;122
10095;66;628459509;10095;206;10883;11005;9.08;0.55;244.89;13.16;788;66;3766.00;122
10099;66;628459521;10099;208;10884;11005;9.12;0.56;244.86;13.16;785;66;3767.00;121
10104;66;628459533;10104;206;10887;11009;9.14;0.56;244.92;13.16;783;66;3768.00;122
10107;66;628459544;10107;206;10887;11009;9.17;0.56;244.96;13.16;780;66;3769.00;122
10115;66;628459555;10115;205;10889;11009;9.16;0.56;244.89;13.16;774;66;3770.00;120
10120;66;628459567;10120;212;10890;11010;9.23;0.56;244.88;13.16;770;66;3771.00;120
10126;66;628459578;10126;211;10891;11010;9.24;0.57;244.91;13.16;765;66;3772.00;119
10132;66;628459590;10132;207;10896;11016;9.20;0.56;244.95;13.29;764;66;3773.00;120
10137;66;628459603;10137;214;10896;11016;9.20;0.56;244.96;13.29;759;66;3774.00;120
10142;66;628459614;10142;211;10897;11017;9.26;0.57;245.01;13.29;755;66;3775.00;120
10147;66;628459625;10147;213;10897;11017;9.29;0.57;245.04;13.29;750;66;3776.00;120
10152;66;628459648;10152;207;10897;11017;9.32;0.57;245.04;13.29;745;66;3777.00;120
10159;66;628459659;10159;213;10897;11017;9.33;0.57;245.04;13.29;738;66;3778.00;120
10161;66;628459670;10161;214;10897;11017;9.35;0.57;245.04;13.29;736;66;3779.00;120
10166;66;628459683;10166;219;10923;11053;9.35;0.57;245.04;13.26;757;66;3780.00;130
10167;66;628459696;10167;224;10924;11053;9.35;0.57;245.06;13.25;757;66;3781.00;129
10170;66;628459707;10170;225;10926;11053;9.32;0.57;245.07;13.25;756;66;3782.00;127
10172;66;628459719;10172;225;10926;11053;9.33;0.57;245.08;13.25;754;66;3783.00;127
10175;66;628459731;10175;227;10926;11053;9.33;0.57;245.12;13.25;751;66;3784.00;127
10175;66;628459742;10175;232;10926;11053;9.32;0.57;245.12;13.25;751;66;3785.00;127
10178;66;628459753;10178;236;10930;11057;9.29;0.57;245.14;13.25;752;66;3786.00;127
10180;66;628459764;10180;227;10930;11057;9.29;0.57;245.17;13.25;750;66;3787.00;127
10182;66;628459776;10182;226;10933;11061;9.36;0.58;245.17;13.38;751;66;3788.00;128
10186;66;628459787;10186;225;10935;11062;9.33;0.57;245.17;13.38;749;66;3789.00;127
10189;66;628459803;10189;221;10936;11062;9.30;0.57;245.26;13.38;747;66;3790.00;126
10194;66;628459820;10194;224;10937;11062;9.26;0.57;245.24;13.38;743;66;3791.00;125
10198;66;628459837;10198;222;10948;11075;9.31;0.57;245.24;13.36;750;66;3792.00;127
10200;66;628459861;10200;220;10948;11075;9.28;0.57;245.25;13.36;748;66;3793.00;127
10205;66;628459878;10205;223;10948;11075;9.30;0.57;245.29;13.36;743;66;3794.00;127
10210;66;628459894;10210;222;10949;11076;9.34;0.57;245.32;13.36;739;66;3795.00;127
10212;66;628459919;10212;204;10949;11077;9.40;0.58;245.30;13.36;737;66;3796.00;128
10216;66;628459940;10216;189;10949;11077;9.48;0.58;245.32;13.36;733;66;3797.00;128
10220;66;628459958;10220;175;10951;11080;9.58;0.59;245.35;13.36;731;66;3798.00;129
10223;66;628459973;10223;162;10952;11080;9.70;0.59;245.36;13.36;729;66;3799.00;128
10227;66;628459989;10227;157;10952;11080;9.80;0.60;245.35;13.36;725;66;3800.00;128
10230;66;628460007;10230;152;10952;11080;9.99;0.61;245.36;13.36;722;66;3801.00;128
10234;66;628460021;10234;147;10956;11086;10.10;0.62;245.43;13.35;722;66;3802.00;130
10235;66;628460035;10235;144;10956;11086;10.26;0.63;245.45;13.35;721;66;3803.00;130
10238;66;628460046;10238;140;10957;11086;10.41;0.64;245.44;13.35;719;66;3804.00;129
10243;66;628460058;10243;143;10957;11086;10.48;0.64;245.42;13.35;714;66;3805.00;129
10247;66;628460070;10247;139;10960;11090;10.46;0.64;245.45;13.35;713;66;3806.00;130
10249;66;628460082;10249;139;10961;11091;10.52;0.64;245.46;13.35;712;66;3807.00;130
10258;66;628460095;10258;139;10961;11091;10.53;0.64;245.49;13.35;703;66;3808.00;130
10263;66;628460107;10263;136;10962;11092;10.57;0.64;245.49;13.35;699;66;3809.00;130
10266;66;628460122;10266;133;10962;11092;10.67;0.65;245.48;13.35;696;66;3810.00;130
10268;66;628460139;10268;137;10962;11092;10.75;0.66;245.46;13.35;694;66;3811.00;130
10273;66;628460158;10273;137;10962;11092;10.78;0.66;245.46;13.35;689;66;3812.00;130
10274;66;628460169;10274;138;10962;11092;10.89;0.66;245.45;13.35;688;66;3813.00;130
10279;66;628460180;10279;143;10962;11092;10.93;0.67;245.54;13.35;683;66;3814.00;130
10281;66;628460192;10281;145;10962;11092;10.96;0.67;245.55;13.35;681;66;3815.00;130
10284;66;628460208;10284;159;10999;11162;10.75;0.66;245.56;13.30;715;66;3816.00;163
10287;66;628460226;10287;155;10999;11163;10.80;0.66;245.57;13.30;712;66;3817.00;164
10288;66;628460237;10288;149;11006;11163;10.98;0.67;245.57;13.30;718;66;3818.00;157
10292;66;628460248;10292;149;11008;11163;11.04;0.68;245.57;13.29;716;66;3819.00;155
10295;66;628460260;10295;154;11011;11163;11.10;0.68;245.56;13.29;716;66;3820.00;152
10300;66;628460271;10300;158;11013;11163;11.16;0.68;245.58;13.29;713;66;3821.00;150
10304;66;628460282;10304;162;11017;11163;11.23;0.68;245.56;13.29;713;66;3822.00;146
10308;66;628460292;10308;166;11019;11163;11.26;0.69;245.55;13.29;711;66;3823.00;144
10314;66;628460302;10314;165;11023;11164;11.21;0.68;245.58;13.42;709;66;3824.00;141
10314;66;628460313;10314;165;11026;11166;11.23;0.68;245.58;13.42;712;66;3825.00;140
10315;66;628460323;10315;163;11029;11166;11.31;0.69;245.57;13.41;714;66;3826.00;137
10318;66;628460334;10318;171;11033;11170;11.18;0.68;245.55;13.41;715;66;3827.00;137
10319;66;628460345;10319;175;11033;11170;11.16;0.68;245.55;13.41;714;66;3828.00;137
10321;66;628460355;10321;175;11033;11170;11.09;0.67;245.53;13.41;712;66;3829.00;137
10324;66;628460365;10324;181;11033;11170;11.01;0.67;245.52;13.41;709;66;3830.00;137
10326;66;628460376;10326;183;11036;11176;11.00;0.67;245.51;13.41;710;66;3831.00;140
10329;66;628460387;10329;190;11036;11176;10.91;0.66;245.51;13.41;707;66;3832.00;140
10331;66;628460397;10331;189;11037;11176;10.86;0.66;245.51;13.41;706;66;3833.00;139
10333;66;628460407;10333;189;11039;11179;10.87;0.66;245.56;13.40;706;66;3834.00;140
10335;66;628460417;10335;189;11039;11179;10.84;0.66;245.53;13.40;704;66;3835.00;140
10340;66;628460427;10340;190;11040;11179;10.76;0.65;245.51;13.40;700;66;3836.00;139
10343;66;628460437;10343;194;11040;11180;10.71;0.65;245.48;13.40;697;66;3837.00;140
10345;66;628460445;10345;199;11041;11181;10.64;0.65;245.45;13.40;696;66;3838.00;140
10348;66;628460455;10348;198;11041;11181;10.48;0.63;245.45;13.40;693;66;3839.00;140
10352;66;628460466;10352;201;11056;11207;10.29;0.62;245.41;13.38;704;66;3840.00;151
10354;66;628460477;10354;195;11057;11207;10.23;0.62;245.39;13.38;703;66;3841.00;150
10357;66;628460486;10357;191;11059;11207;10.23;0.62;245.36;13.38;702;66;3842.00;148
10358;66;628460495;10358;194;11061;11208;10.26;0.62;245.34;13.38;703;66;3843.00;147
10361;66;628460504;10361;186;11062;11208;10.26;0.62;245.30;13.39;701;66;3844.00;146
10365;66;628460515;10365;185;11065;11212;10.37;0.63;245.27;13.40;700;66;3845.00;147
10367;66;628460526;10367;183;11066;11214;10.42;0.63;245.26;13.40;699;66;3846.00;148
10369;66;628460536;10369;180;11070;11218;10.49;0.64;245.23;13.40;701;66;3847.00;148
10375;66;628460545;10375;177;11070;11218;10.52;0.64;245.18;13.40;695;66;3848.00;148
10378;66;628460554;10378;176;11071;11218;10.58;0.64;245.15;13.40;693;66;3849.00;147
10379;66;628460564;10379;170;11071;11218;10.62;0.65;245.15;13.40;692;66;3850.00;147
10382;66;628460572;10382;166;11071;11218;10.64;0.65;245.12;13.40;689;66;3851.00;147
10383;66;628460581;10383;163;11082;11230;10.65;0.65;245.10;13.38;699;66;3852.00;148
10387;66;628460592;10387;162;11082;11230;10.67;0.65;245.11;13.38;695;66;3853.00;148
10389;66;628460602;10389;163;11082;11230;10.64;0.65;245.09;13.38;693;66;3854.00;148
10390;66;628460611;10390;165;11082;11230;10.67;0.65;245.07;13.38;692;66;3855.00;148
10390;66;628460620;10390;169;11082;11230;10.64;0.65;245.07;13.38;692;66;3856.00;148
10393;66;628460629;10393;176;11083;11230;10.62;0.65;245.15;13.39;690;66;3857.00;147
10396;66;628460640;10396;175;11083;11231;10.58;0.64;245.16;13.39;687;66;3858.00;148
10398;66;628460649;10398;181;11085;11231;10.61;0.64;245.14;13.39;687;66;3859.00;146
10401;66;628460659;10401;188;11088;11237;10.55;0.64;245.12;13.39;687;66;3860.00;149
10403;66;628460668;10403;193;11089;11238;10.49;0.63;245.10;13.38;686;66;3861.00;149
10404;66;628460678;10404;201;11092;11238;10.40;0.63;245.10;13.38;688;66;3862.00;146
10405;66;628460687;10405;208;11092;11238;10.29;0.62;245.08;13.38;687;66;3863.00;146
10407;66;628460696;10407;210;11095;11242;10.24;0.62;245.05;13.38;688;66;3864.00;147
10407;66;628460706;10407;214;11095;11242;10.10;0.61;245.05;13.38;688;66;3865.00;147
10407;66;628460714;10407;216;11096;11242;9.99;0.61;245.05;13.39;689;66;3866.00;146
10410;66;628460723;10410;205;11098;11243;9.94;0.60;245.02;13.39;688;66;3867.00;145
10411;66;628460737;10411;202;11101;11247;9.89;0.60;245.00;13.39;690;66;3868.00;146
10411;66;628460749;10411;197;11103;11247;9.81;0.60;245.00;13.40;692;66;3869.00;144
10412;66;628460760;10412;193;11107;11253;9.83;0.60;245.00;13.41;695;66;3870.00;146
10415;66;628460771;10415;189;11109;11253;9.90;0.60;244.97;13.41;694;66;3871.00;144
10416;66;628460782;10416;187;11110;11253;9.90;0.60;244.96;13.41;694;66;3872.00;143
10418;66;628460791;10418;187;11112;11253;9.90;0.60;244.97;13.43;694;66;3873.00;141
10418;66;628460804;10418;181;11114;11257;9.96;0.60;244.97;13.42;696;66;3874.00;143
10420;66;628460815;10420;177;11116;11257;9.96;0.60;244.96;13.43;696;66;3875.00;141
10421;66;628460825;10421;176;11118;11257;10.01;0.61;244.94;13.44;697;66;3876.00;139
10421;66;628460843;10421;177;11118;11257;10.03;0.61;244.94;13.44;697;66;3877.00;139
10424;66;628460853;10424;174;11121;11258;9.97;0.61;244.92;13.46;697;66;3878.00;137
10425;66;628460862;10425;176;11122;11259;9.93;0.60;244.92;13.46;697;66;3879.00;137
10427;66;628460871;10427;178;11123;11259;9.89;0.60;244.91;13.47;696;66;3880.00;136
10430;66;628460881;10430;181;11125;11260;9.82;0.60;244.97;13.48;695;66;3881.00;135
10430;66;628460891;10430;187;11126;11260;9.80;0.60;244.97;13.49;696;66;3882.00;134
10431;66;628460906;10431;193;11128;11260;9.73;0.60;244.97;13.51;697;66;3883.00;132
10432;66;628460915;10432;193;11128;11260;9.64;0.59;244.96;13.51;696;66;3884.00;132
10432;66;628460924;10432;197;11128;11260;9.59;0.59;244.96;13.51;696;66;3885.00;132
10433;66;628460934;10433;205;11130;11260;9.52;0.58;244.97;13.53;697;66;3886.00;130
10433;66;628460943;10433;209;11130;11260;9.50;0.58;244.97;13.53;697;66;3887.00;130
10435;66;628460952;10435;234;11200;11387;9.49;0.59;244.95;13.46;765;66;3888.00;187
10439;66;628460971;10439;226;11201;11388;9.39;0.59;244.96;13.46;762;66;3889.00;187
10441;66;628460981;10441;215;11209;11388;9.42;0.59;244.96;13.45;768;66;3890.00;179
10443;66;628460991;10443;218;11217;11388;9.34;0.58;244.99;13.46;774;66;3891.00;171
10446;66;628461001;10446;211;11224;11388;9.30;0.58;244.98;13.45;778;66;3892.00;164
10448;66;628461011;10448;206;11231;11388;9.29;0.58;244.96;13.46;783;66;3893.00;157
10452;66;628461020;10452;200;11235;11388;9.20;0.57;244.94;13.46;783;66;3894.00;153
10453;66;628461029;10453;207;11238;11388;9.16;0.57;244.97;13.45;785;66;3895.00;150
10455;66;628461040;10455;204;11242;11389;9.10;0.56;244.99;13.46;787;66;3896.00;147
10461;66;628461056;10461;205;11245;11390;9.05;0.56;244.94;13.46;784;66;3897.00;145
10464;66;628461068;10464;211;11249;11390;9.02;0.56;244.92;13.47;785;66;3898.00;141
10467;66;628461079;10467;216;11249;11391;8.95;0.55;244.91;13.47;782;66;3899.00;142
10469;66;628461095;10469;224;11257;11406;8.83;0.55;244.95;13.48;788;66;3900.00;149
10473;66;628461110;10473;226;11258;11406;8.69;0.54;244.94;13.48;785;66;3901.00;148
10476;66;628461120;10476;231;11261;11406;8.55;0.53;244.91;13.49;785;66;3902.00;145
10480;66;628461130;10480;243;11263;11410;8.42;0.52;244.96;13.49;783;66;3903.00;147
10486;66;628461141;10486;249;11265;11410;8.31;0.51;245.04;13.49;779;66;3904.00;145
10491;66;628461151;10491;255;11268;11410;8.18;0.50;245.06;13.50;777;66;3905.00;142
10495;66;628461161;10495;260;11269;11413;8.09;0.50;245.04;13.50;774;66;3906.00;144
10500;66;628461171;10500;262;11271;11413;7.97;0.49;245.01;13.51;771;66;3907.00;142
10504;66;628461181;10504;266;11274;11413;7.89;0.49;245.02;13.53;770;66;3908.00;139
10508;66;628461192;10508;268;11279;11417;7.76;0.48;245.02;13.53;771;66;3909.00;138
10509;66;628461201;10509;251;11281;11418;7.77;0.48;245.01;13.53;772;66;3910.00;137
10515;66;628461211;10515;247;11284;11418;7.70;0.48;245.01;13.54;769;66;3911.00;134
10518;66;628461221;10518;242;11289;11422;7.73;0.48;245.01;13.55;771;66;3912.00;133
10521;66;628461236;10521;233;11291;11422;7.80;0.48;245.02;13.56;770;66;3913.00;131
10529;66;628461246;10529;233;11291;11422;7.84;0.48;245.06;13.56;762;66;3914.00;131
10535;66;628461258;10535;236;11294;11424;7.85;0.48;245.04;13.55;759;66;3915.00;130
10541;66;628461269;10541;234;11295;11424;7.89;0.48;245.04;13.56;754;66;3916.00;129
10545;66;628461279;10545;232;11300;11430;8.00;0.49;245.06;13.56;755;66;3917.00;130
10546;66;628461291;10546;225;11300;11430;8.13;0.50;245.08;13.56;754;66;3918.00;130
10551;66;628461301;10551;217;11301;11431;8.19;0.50;245.11;13.56;750;66;3919.00;130
10555;66;628461312;10555;214;11301;11431;8.29;0.51;245.16;13.56;746;66;3920.00;130
10558;66;628461322;10558;219;11303;11431;8.30;0.51;245.20;13.70;745;66;3921.00;128
10561;66;628461333;10561;216;11303;11431;8.38;0.51;245.21;13.70;742;66;3922.00;128
10564;66;628461343;10564;206;11304;11431;8.39;0.51;245.24;13.70;740;66;3923.00;127
10568;66;628461353;10568;208;11312;11443;8.59;0.52;245.24;13.69;744;66;3924.00;131
10572;66;628461363;10572;209;11312;11443;8.70;0.53;245.24;13.69;740;66;3925.00;131
10574;66;628461374;10574;208;11313;11443;8.84;0.54;245.28;13.69;739;66;3926.00;130
10580;66;628461383;10580;211;11314;11443;8.97;0.55;245.32;13.69;734;66;3927.00;129
10584;66;628461394;10584;205;11314;11443;9.04;0.55;245.38;13.69;730;66;3928.00;129
10589;66;628461404;10589;206;11318;11443;9.01;0.55;245.42;13.70;729;66;3929.00;125
10592;66;628461416;10592;203;11321;11447;9.13;0.56;245.44;13.69;729;66;3930.00;126
10597;66;628461427;10597;202;11323;11447;9.26;0.56;245.47;13.69;726;66;3931.00;124
10600;66;628461437;10600;197;11326;11451;9.34;0.57;245.50;13.69;726;66;3932.00;125
10603;66;628461448;10603;196;11328;11452;9.34;0.57;245.54;13.69;725;66;3933.00;124
10607;66;628461459;10607;195;11328;11452;9.29;0.57;245.51;13.69;721;66;3934.00;124
10610;66;628461469;10610;197;11328;11452;9.32;0.57;245.53;13.69;718;66;3935.00;124
10616;66;628461480;10616;202;11339;11465;9.33;0.57;245.53;13.68;723;66;3936.00;126
10622;66;628461492;10622;206;11340;11465;9.36;0.57;245.56;13.68;718;66;3937.00;125
10626;66;628461503;10626;203;11340;11465;9.45;0.58;245.57;13.68;714;66;3938.00;125
10633;66;628461514;10633;207;11342;11466;9.51;0.58;245.56;13.67;709;66;3939.00;124
10639;66;628461531;10639;206;11342;11467;9.54;0.58;245.55;13.67;703;66;3940.00;125
10645;66;628461542;10645;207;11342;11467;9.50;0.58;245.63;13.67;697;66;3941.00;125
10646;66;628461553;10646;210;11345;11470;9.58;0.58;245.64;13.67;699;66;3942.00;125
10651;66;628461564;10651;207;11345;11470;9.48;0.58;245.62;13.67;694;66;3943.00;125
10652;66;628461574;10652;208;11345;11470;9.50;0.58;245.63;13.67;693;66;3944.00;125
10653;66;628461584;10653;206;11345;11470;9.55;0.58;245.65;13.67;692;66;3945.00;125
10658;66;628461595;10658;212;11349;11476;9.50;0.58;245.66;13.67;691;66;3946.00;127
10660;66;628461606;10660;208;11350;11476;9.53;0.58;245.69;13.67;690;66;3947.00;126
10665;66;628461617;10665;211;11350;11476;9.56;0.58;245.74;13.67;685;66;3948.00;126
10669;66;628461628;10669;209;11350;11476;9.53;0.58;245.75;13.67;681;66;3949.00;126
10673;66;628461639;10673;206;11353;11480;9.52;0.58;245.76;13.66;680;66;3950.00;127
10673;66;628461650;10673;208;11354;11481;9.54;0.58;245.76;13.66;681;66;3951.00;127
10678;66;628461660;10678;206;11354;11481;9.47;0.58;245.79;13.66;676;66;3952.00;127
10682;66;628461670;10682;208;11355;11482;9.44;0.57;245.79;13.66;673;66;3953.00;127
10688;66;628461680;10688;211;11355;11482;9.40;0.57;245.81;13.66;667;66;3954.00;127
10690;66;628461691;10690;221;11355;11482;9.34;0.57;245.85;13.66;665;66;3955.00;127
10694;66;628461701;10694;225;11355;11482;9.25;0.56;245.88;13.66;661;66;3956.00;127
10695;66;628461710;10695;217;11355;11482;9.15;0.56;245.88;13.66;660;66;3957.00;127
10701;66;628461721;10701;219;11355;11482;9.04;0.55;245.90;13.66;654;66;3958.00;127
10704;66;628461732;10704;216;11355;11482;8.93;0.55;245.91;13.66;651;66;3959.00;127
10705;66;628461744;10705;233;11424;11607;8.84;0.55;245.90;13.58;719;66;3960.00;183
10708;66;628461764;10708;224;11426;11608;8.87;0.55;245.91;13.57;718;66;3961.00;182
10715;66;628461775;10715;217;11431;11608;8.93;0.55;245.98;13.57;716;66;3962.00;177
10717;66;628461786;10717;213;11434;11608;9.04;0.56;246.05;13.57;717;66;3963.00;174
10720;66;628461798;10720;213;11437;11608;9.13;0.56;246.09;13.56;717;66;3964.00;171
10723;66;628461813;10723;215;11441;11608;9.19;0.57;246.08;13.56;718;66;3965.00;167
10727;66;628461844;10727;205;11446;11608;9.23;0.57;246.08;13.56;719;66;3966.00;162
10732;66;628461869;10732;195;11448;11608;9.27;0.57;246.05;13.56;716;66;3967.00;160
10737;66;628461884;10737;188;11453;11609;9.32;0.57;246.05;13.55;716;66;3968.00;156
10738;66;628461900;10738;179;11455;11610;9.38;0.57;246.05;13.55;717;66;3969.00;155
10742;66;628461915;10742;169;11458;11610;9.37;0.57;246.05;13.55;716;66;3970.00;152
10746;66;628461935;10746;171;11462;11614;9.33;0.57;246.01;13.55;716;66;3971.00;152
10747;66;628461948;10747;167;11464;11614;9.31;0.57;245.99;13.55;717;66;3972.00;150
10750;66;628461961;10750;173;11465;11614;9.24;0.56;245.99;13.55;715;66;3973.00;149
10751;66;628461975;10751;178;11465;11614;9.28;0.57;246.02;13.55;714;66;3974.00;149
10754;66;628461991;10754;174;11469;11620;9.21;0.56;246.00;13.54;715;66;3975.00;151
10758;66;628462004;10758;179;11470;11620;9.19;0.56;246.00;13.54;712;66;3976.00;150
10759;66;628462017;10759;177;11470;11620;9.26;0.57;246.00;13.54;711;66;3977.00;150
10761;66;628462028;10761;176;11473;11623;9.41;0.58;245.98;13.54;712;66;3978.00;150
10762;66;628462041;10762;184;11473;11623;9.51;0.58;245.97;13.54;711;66;3979.00;150
10765;66;628462058;10765;183;11473;11623;9.57;0.59;245.99;13.54;708;66;3980.00;150
10765;66;628462076;10765;177;11473;11624;9.66;0.59;245.99;13.54;708;66;3981.00;151
10767;66;628462086;10767;177;11474;11625;9.78;0.60;246.10;13.54;707;66;3982.00;151
10768;66;628462097;10768;177;11474;11625;9.82;0.60;246.08;13.54;706;66;3983.00;151
10773;66;628462107;10773;179;11484;11638;9.87;0.60;246.08;13.53;711;66;3984.00;154
10780;66;628462118;10780;183;11484;11638;9.96;0.61;246.08;13.53;704;66;3985.00;154
10781;66;628462128;10781;188;11484;11638;10.03;0.61;246.06;13.53;703;66;3986.00;154
10782;66;628462138;10782;194;11485;11639;10.09;0.62;246.06;13.52;703;66;3987.00;154
10785;66;628462155;10785;197;11485;11639;10.16;0.62;246.13;13.52;700;66;3988.00;154
10787;66;628462166;10787;194;11488;11643;10.23;0.62;246.12;13.52;701;66;3989.00;155
10790;66;628462185;10790;196;11489;11643;10.34;0.63;246.11;13.52;699;66;3990.00;154
10792;66;628462195;10792;194;11492;11647;10.31;0.63;246.10;13.52;700;66;3991.00;155
10793;66;628462204;10793;192;11492;11647;10.28;0.63;246.09;13.52;699;66;3992.00;155
10797;66;628462214;10797;192;11492;11647;10.24;0.62;246.06;13.52;695;66;3993.00;155
10797;66;628462224;10797;194;11492;11647;10.29;0.63;246.06;13.52;695;66;3994.00;155
10798;66;628462233;10798;194;11492;11647;10.25;0.63;246.05;13.52;694;66;3995.00;155
10802;66;628462248;10802;197;11502;11659;10.22;0.62;246.02;13.51;700;66;3996.00;157
10803;66;628462260;10803;196;11503;11659;10.26;0.63;246.00;13.50;700;66;3997.00;156
10807;66;628462272;10807;199;11503;11659;10.36;0.63;245.97;13.50;696;66;3998.00;156
10810;66;628462283;10810;200;11503;11659;10.38;0.63;245.94;13.50;693;66;3999.00;156
10814;66;628462296;10814;201;11503;11659;10.38;0.63;245.91;13.50;689;66;4000.00;156
10814;66;628462311;10814;203;11503;11659;10.38;0.63;245.91;13.50;689;66;4001.00;156
10816;66;628462320;10816;204;11503;11660;10.36;0.63;245.89;13.50;687;66;4002.00;157
10820;66;628462331;10820;205;11503;11660;10.34;0.63;245.84;13.50;683;66;4003.00;157
10821;66;628462341;10821;206;11507;11666;10.41;0.64;245.83;13.50;686;66;4004.00;159
10823;66;628462359;10823;206;11510;11668;10.42;0.64;245.81;13.50;687;66;4005.00;158
10827;66;628462368;10827;207;11510;11668;10.46;0.64;245.79;13.50;683;66;4006.00;158
10829;66;628462378;10829;205;11510;11668;10.38;0.63;245.77;13.50;681;66;4007.00;158
10831;66;628462387;10831;208;11514;11672;10.27;0.62;245.77;13.63;683;66;4008.00;158
10834;66;628462396;10834;209;11514;11672;10.14;0.62;245.79;13.63;680;66;4009.00;158
10836;66;628462405;10836;215;11514;11672;10.13;0.61;245.76;13.63;678;66;4010.00;158
10839;66;628462413;10839;213;11515;11673;10.11;0.61;245.73;13.63;676;66;4011.00;158
10839;66;628462422;10839;218;11519;11677;10.08;0.61;245.73;13.77;680;66;4012.00;158
10843;66;628462430;10843;211;11519;11677;10.07;0.61;245.71;13.77;676;66;4013.00;158
10846;66;628462439;10846;205;11523;11680;10.11;0.61;245.68;13.92;677;66;4014.00;157
10846;66;628462450;10846;200;11525;11680;10.12;0.61;245.68;13.93;679;66;4015.00;155
10849;66;628462458;10849;198;11525;11680;10.10;0.61;245.66;13.93;676;66;4016.00;155
10850;66;628462467;10850;195;11526;11680;10.18;0.62;245.65;14.07;676;66;4017.00;154
10854;66;628462477;10854;194;11529;11684;10.26;0.62;245.68;14.06;675;66;4018.00;155
10856;66;628462488;10856;179;11529;11684;10.36;0.63;245.67;14.06;673;66;4019.00;155
10859;66;628462498;10859;166;11531;11684;10.47;0.63;245.65;14.20;672;66;4020.00;153
10859;66;628462508;10859;160;11531;11684;10.62;0.64;245.65;14.20;672;66;4021.00;153
10860;66;628462517;10860;149;11531;11685;10.78;0.65;245.63;14.20;671;66;4022.00;154
10864;66;628462527;10864;141;11532;11686;10.93;0.66;245.64;14.20;668;66;4023.00;154
10865;66;628462537;10865;132;11533;11686;11.00;0.67;245.64;14.32;668;66;4024.00;153
10867;66;628462547;10867;123;11534;11687;11.02;0.67;245.62;14.32;667;66;4025.00;153
10868;66;628462563;10868;116;11534;11687;11.15;0.67;245.60;14.32;666;66;4026.00;153
10870;66;628462573;10870;113;11536;11687;11.17;0.68;245.59;14.46;666;66;4027.00;151
10873;66;628462583;10873;105;11536;11687;11.13;0.67;245.58;14.46;663;66;4028.00;151
10873;66;628462593;10873;105;11536;11687;11.14;0.67;245.58;14.46;663;66;4029.00;151
10875;66;628462604;10875;101;11537;11687;11.17;0.67;245.57;14.58;662;66;4030.00;150
10875;66;628462614;10875;100;11537;11687;11.21;0.68;245.57;14.58;662;66;4031.00;150
10875;66;628462624;10875;118;11601;11814;11.19;0.68;245.57;14.50;726;66;4032.00;213
10876;66;628462651;10876;112;11605;11815;11.23;0.69;245.62;14.63;729;66;4033.00;210
10878;66;628462662;10878;112;11614;11815;11.27;0.69;245.61;14.63;736;66;4034.00;201
10879;66;628462673;10879;110;11619;11815;11.22;0.69;245.59;14.62;740;66;4035.00;196
10880;66;628462684;10880;113;11624;11815;11.12;0.68;245.59;14.63;744;66;4036.00;191
10881;66;628462695;10881;122;11629;11815;11.01;0.67;245.59;14.62;748;66;4037.00;186
10882;66;628462705;10882;122;11632;11815;11.04;0.68;245.60;14.62;750;66;4038.00;183
10883;66;628462716;10883;127;11636;11815;10.99;0.67;245.59;14.76;753;66;4039.00;179
10886;66;628462733;10886;133;11641;11816;11.01;0.67;245.56;14.77;755;66;4040.00;175
10888;66;628462744;10888;138;11642;11817;10.98;0.67;245.54;14.77;754;66;4041.00;175
10889;66;628462755;10889;144;11648;11817;10.99;0.67;245.54;14.78;759;66;4042.00;169
10890;66;628462765;10890;150;11650;11818;10.90;0.67;245.53;14.78;760;66;4043.00;168
10895;66;628462776;10895;156;11655;11818;10.82;0.66;245.54;14.78;760;66;4044.00;163
10897;66;628462787;10897;163;11661;11818;10.76;0.66;245.57;14.80;764;66;4045.00;157
10899;66;628462800;10899;170;11663;11818;10.69;0.65;245.58;14.80;764;66;4046.00;155
10900;66;628462812;10900;177;11668;11822;10.56;0.65;245.58;14.82;768;66;4047.00;154
10903;66;628462823;10903;185;11670;11822;10.41;0.64;245.59;14.82;767;66;4048.00;152
10907;66;628462834;10907;199;11671;11822;10.27;0.63;245.59;14.83;764;66;4049.00;151
10912;66;628462847;10912;205;11676;11828;10.21;0.62;245.61;14.84;764;66;4050.00;152
10914;66;628462859;10914;207;11676;11828;10.11;0.62;245.61;14.84;762;66;4051.00;152
10917;66;628462874;10917;215;11679;11828;10.04;0.61;245.62;14.85;762;66;4052.00;149
10918;66;628462884;10918;217;11683;11832;9.94;0.61;245.61;14.85;765;66;4053.00;149
10920;66;628462895;10920;225;11686;11833;9.92;0.61;245.59;14.87;766;66;4054.00;147
10925;66;628462905;10925;231;11688;11833;9.84;0.60;245.59;14.88;763;66;4055.00;145
10925;66;628462916;10925;235;11692;11837;9.87;0.61;245.59;14.88;767;66;4056.00;145
10930;66;628462928;10930;240;11694;11837;9.77;0.60;245.62;14.89;764;66;4057.00;143
10933;66;628462945;10933;242;11694;11837;9.61;0.59;245.63;14.89;761;66;4058.00;143
10934;66;628462958;10934;241;11698;11838;9.53;0.59;245.64;14.90;764;66;4059.00;140
10938;66;628462969;10938;243;11699;11838;9.45;0.58;245.62;14.90;761;66;4060.00;139
10942;66;628462979;10942;241;11704;11844;9.40;0.58;245.62;14.91;762;66;4061.00;140
10944;66;628462990;10944;241;11704;11844;9.32;0.57;245.61;14.91;760;66;4062.00;140
10950;66;628463008;10950;239;11708;11845;9.20;0.57;245.59;14.92;758;66;4063.00;137
10954;66;628463018;10954;236;11708;11845;9.08;0.56;245.57;14.92;754;66;4064.00;137
10955;66;628463028;10955;232;11709;11845;9.01;0.55;245.57;14.93;754;66;4065.00;136
10960;66;628463038;10960;235;11709;11845;8.96;0.55;245.56;14.93;749;66;4066.00;136
10962;66;628463047;10962;234;11709;11845;8.97;0.55;245.55;14.93;747;66;4067.00;136
10964;66;628463058;10964;237;11719;11857;8.96;0.55;245.54;14.93;755;66;4068.00;138
10968;66;628463071;10968;243;11719;11857;8.91;0.55;245.53;14.93;751;66;4069.00;138
10972;66;628463082;10972;239;11724;11857;8.86;0.54;245.52;14.96;752;66;4070.00;133
10974;66;628463092;10974;243;11725;11857;8.85;0.54;245.51;14.97;751;66;4071.00;132
10979;66;628463102;10979;242;11727;11857;8.81;0.54;245.46;14.99;748;66;4072.00;130
10983;66;628463111;10983;239;11727;11857;8.75;0.54;245.52;14.99;744;66;4073.00;130
10985;66;628463121;10985;235;11731;11861;8.63;0.53;245.53;15.00;746;66;4074.00;130
10991;66;628463130;10991;237;11732;11861;8.54;0.52;245.54;15.00;741;66;4075.00;129
10994;66;628463141;10994;236;11735;11865;8.51;0.52;245.59;15.00;741;66;4076.00;130
10999;66;628463155;10999;241;11738;11866;8.37;0.51;245.61;15.01;739;66;4077.00;128
11003;66;628463165;11003;248;11739;11866;8.27;0.51;245.63;15.01;736;66;4078.00;127
11008;66;628463174;11008;250;11741;11866;8.12;0.50;245.65;15.03;733;66;4079.00;125
11012;66;628463185;11012;245;11760;11895;8.07;0.50;245.66;15.00;748;66;4080.00;135
11016;66;628463196;11016;242;11762;11895;8.00;0.49;245.69;15.00;746;66;4081.00;133
11022;66;628463205;11022;241;11767;11895;7.90;0.48;245.74;15.01;745;66;4082.00;128
11023;66;628463214;11023;237;11769;11896;7.95;0.49;245.75;15.01;746;66;4083.00;127
11028;66;628463224;11028;229;11771;11897;7.89;0.48;245.77;15.02;743;66;4084.00;126
11032;66;628463233;11032;232;11771;11897;7.89;0.48;245.79;15.02;739;66;4085.00;126
11035;66;628463243;11035;239;11774;11900;7.93;0.49;245.78;15.01;739;66;4086.00;126
11040;66;628463252;11040;234;11774;11900;8.01;0.49;245.79;15.01;734;66;4087.00;126
11044;66;628463262;11044;223;11774;11900;8.13;0.50;245.79;15.01;730;66;4088.00;126
11050;66;628463272;11050;217;11774;11900;8.15;0.50;245.76;15.01;724;66;4089.00;126
11053;66;628463281;11053;215;11778;11906;8.28;0.51;245.81;15.01;725;66;4090.00;128
11057;66;628463291;11057;220;11780;11906;8.34;0.51;245.83;15.14;723;66;4091.00;126
11059;66;628463302;11059;217;11780;11906;8.39;0.51;245.83;15.14;721;66;4092.00;126
11063;66;628463311;11063;210;11780;11906;8.44;0.52;245.84;15.14;717;66;4093.00;126
11069;66;628463321;11069;211;11783;11910;8.55;0.52;245.87;15.14;714;66;4094.00;127
11074;66;628463331;11074;202;11785;11912;8.68;0.53;245.88;15.13;711;66;4095.00;127
11079;66;628463341;11079;200;11785;11912;8.76;0.54;245.89;15.13;706;66;4096.00;127
11081;66;628463351;11081;203;11786;11913;8.87;0.54;245.89;15.13;705;66;4097.00;127
11084;66;628463361;11084;199;11786;11913;8.95;0.55;245.89;15.13;702;66;4098.00;127
11090;66;628463370;11090;204;11786;11913;9.04;0.55;245.91;15.13;696;66;4099.00;127
11094;66;628463382;11094;203;11786;11913;9.07;0.55;245.96;15.13;692;66;4100.00;127
11098;66;628463396;11098;204;11786;11913;9.12;0.56;245.96;15.13;688;66;4101.00;127
11102;66;628463406;11102;204;11786;11913;9.21;0.56;245.96;15.13;684;66;4102.00;127
11107;66;628463416;11107;202;11786;11913;9.23;0.56;245.93;15.13;679;66;4103.00;127
11112;66;628463425;11112;212;11828;11983;9.17;0.56;245.96;15.08;716;66;4104.00;155
11115;66;628463441;11115;201;11828;11984;9.26;0.56;245.95;15.08;713;66;4105.00;156
11119;66;628463457;11119;201;11833;11984;9.39;0.57;245.93;15.07;714;66;4106.00;151
11124;66;628463468;11124;197;11837;11984;9.47;0.58;246.00;15.07;713;66;4107.00;147
11125;66;628463479;11125;197;11842;11984;9.59;0.58;245.98;15.06;717;66;4108.00;142
11132;66;628463489;11132;206;11845;11984;9.63;0.59;245.94;15.06;713;66;4109.00;139
11137;66;628463501;11137;210;11847;11984;9.67;0.59;245.99;15.06;710;66;4110.00;137
11140;66;628463511;11140;211;11847;11984;9.67;0.59;245.98;15.06;707;66;4111.00;137
11143;66;628463521;11143;220;11849;11985;9.65;0.59;246.01;15.06;706;66;4112.00;136
11146;66;628463531;11146;222;11850;11986;9.61;0.58;246.03;15.06;704;66;4113.00;136
11147;66;628463542;11147;225;11851;11986;9.59;0.58;246.02;15.06;704;66;4114.00;135
11152;66;628463551;11152;232;11853;11990;9.58;0.58;246.06;15.05;701;66;4115.00;137
11159;66;628463562;11159;236;11853;11990;9.52;0.58;246.07;15.05;694;66;4116.00;137
11162;66;628463578;11162;240;11853;11990;9.48;0.58;246.08;15.05;691;66;4117.00;137
11166;66;628463588;11166;243;11853;11990;9.40;0.57;246.10;15.05;687;66;4118.00;137
11169;66;628463598;11169;248;11857;11996;9.33;0.57;246.13;15.05;688;66;4119.00;139
11170;66;628463609;11170;252;11858;11996;9.31;0.57;246.13;15.05;688;66;4120.00;138
11174;66;628463618;11174;255;11860;11996;9.24;0.56;246.12;15.05;686;66;4121.00;136
11176;66;628463628;11176;257;11862;11999;9.21;0.56;246.13;15.05;686;66;4122.00;137
11179;66;628463638;11179;261;11864;11999;9.09;0.55;246.13;15.04;685;66;4123.00;135
11182;66;628463651;11182;263;11865;11999;8.98;0.55;246.15;15.04;683;66;4124.00;134
11185;66;628463662;11185;270;11865;12000;8.82;0.54;246.21;15.04;680;66;4125.00;135
11187;66;628463673;11187;278;11866;12001;8.73;0.53;246.22;15.04;679;66;4126.00;135
11190;66;628463686;11190;272;11866;12001;8.57;0.52;246.21;15.04;676;66;4127.00;135
11190;66;628463696;11190;266;11877;12014;8.63;0.53;246.21;15.03;687;66;4128.00;137
11192;66;628463706;11192;265;11877;12014;8.49;0.52;246.24;15.03;685;66;4129.00;137
11195;66;628463716;11195;265;11877;12014;8.40;0.51;246.23;15.03;682;66;4130.00;137
11197;66;628463725;11197;269;11878;12015;8.38;0.51;246.22;15.03;681;66;4131.00;137
11198;66;628463735;11198;268;11878;12015;8.38;0.51;246.23;15.03;680;66;4132.00;137
11201;66;628463751;11201;274;11881;12019;8.42;0.51;246.23;15.02;680;66;4133.00;138
11204;66;628463761;11204;270;11881;12019;8.38;0.51;246.21;15.02;677;66;4134.00;138
11206;66;628463777;11206;268;11885;12023;8.36;0.51;246.23;15.02;679;66;4135.00;138
11208;66;628463787;11208;252;11885;12023;8.33;0.51;246.22;15.02;677;66;4136.00;138
11210;66;628463798;11210;235;11885;12023;8.33;0.51;246.23;15.02;675;66;4137.00;138
11211;66;628463814;11211;223;11885;12023;8.39;0.51;246.22;15.02;674;66;4138.00;138
11213;66;628463832;11213;219;11885;12023;8.42;0.51;246.21;15.02;672;66;4139.00;138
11215;66;628463850;11215;220;11909;12057;8.48;0.52;246.19;14.99;694;66;4140.00;148
11216;66;628463869;11216;211;11910;12057;8.56;0.53;246.18;14.99;694;66;4141.00;147
11217;66;628463883;11217;210;11911;12057;8.61;0.53;246.16;14.99;694;66;4142.00;146
11219;66;628463897;11219;205;11911;12057;8.65;0.53;246.14;14.99;692;66;4143.00;146
11221;66;628463911;11221;204;11912;12057;8.80;0.54;246.12;14.99;691;66;4144.00;145
11223;66;628463922;11223;203;11912;12057;8.95;0.55;246.10;14.99;689;66;4145.00;145
11227;66;628463933;11227;199;11914;12058;9.11;0.56;246.09;15.12;687;66;4146.00;144
11229;66;628463946;11229;194;11914;12058;9.23;0.57;246.09;15.12;685;66;4147.00;144
11230;66;628463958;11230;191;11918;12064;9.22;0.57;246.08;15.12;688;66;4148.00;146
11232;66;628463970;11232;191;11919;12065;9.28;0.57;246.08;15.12;687;66;4149.00;146
11236;66;628463981;11236;186;11920;12065;9.35;0.57;246.06;15.11;684;66;4150.00;145
11238;66;628463993;11238;185;11920;12065;9.26;0.57;246.03;15.11;682;66;4151.00;145
11240;66;628464004;11240;182;11924;12069;9.24;0.57;246.02;15.11;684;66;4152.00;145
11242;66;628464015;11242;187;11924;12069;9.23;0.56;245.99;15.11;682;66;4153.00;145
11245;66;628464033;11245;184;11924;12069;9.24;0.56;246.04;15.11;679;66;4154.00;145
11247;66;628464043;11247;190;11925;12070;9.32;0.57;246.04;15.11;678;66;4155.00;145
11250;66;628464053;11250;194;11928;12074;9.35;0.57;246.04;15.10;678;66;4156.00;146
11251;66;628464062;11251;196;11928;12074;9.37;0.57;246.03;15.10;677;66;4157.00;146
11251;66;628464072;11251;197;11930;12077;9.49;0.58;246.03;15.10;679;66;4158.00;147
11254;66;628464082;11254;200;11930;12077;9.54;0.58;245.99;15.10;676;66;4159.00;147
11256;66;628464099;11256;204;11931;12077;9.64;0.59;245.99;15.10;675;66;4160.00;146
11257;66;628464108;11257;205;11931;12077;9.72;0.59;245.97;15.10;674;66;4161.00;146
11258;66;628464118;11258;207;11934;12081;9.82;0.60;245.96;15.10;676;66;4162.00;147
11260;66;628464128;11260;213;11934;12081;9.86;0.60;245.95;15.10;674;66;4163.00;147
11261;66;628464137;11261;216;11935;12081;9.90;0.60;245.94;15.10;674;66;4164.00;146
11262;66;628464147;11262;219;11935;12081;9.90;0.60;245.93;15.10;673;66;4165.00;146
11265;66;628464156;11265;220;11935;12082;9.88;0.60;245.92;15.10;670;66;4166.00;147
11266;66;628464165;11266;221;11936;12083;9.92;0.60;245.92;15.10;670;66;4167.00;147
11268;66;628464174;11268;224;11936;12083;9.83;0.60;245.90;15.10;668;66;4168.00;147
11271;66;628464184;11271;224;11937;12084;9.87;0.60;245.94;15.09;666;66;4169.00;147
11272;66;628464195;11272;228;11937;12084;9.88;0.60;245.93;15.09;665;66;4170.00;147
11272;66;628464204;11272;214;11937;12084;9.94;0.60;245.93;15.09;665;66;4171.00;147
11272;66;628464213;11272;205;11937;12084;9.98;0.60;245.93;15.09;665;66;4172.00;147
11273;66;628464222;11273;192;11939;12086;9.99;0.61;245.93;15.09;666;66;4173.00;147
11275;66;628464231;11275;183;11939;12086;10.05;0.61;245.91;15.09;664;66;4174.00;147
11278;66;628464241;11278;177;11939;12086;10.11;0.61;245.91;15.09;661;66;4175.00;147
11281;66;628464250;11281;193;12006;12213;9.88;0.61;245.96;15.01;725;66;4176.00;207
11283;66;628464271;11283;175;12007;12214;9.99;0.61;245.93;15.01;724;66;4177.00;207
11284;66;628464282;11284;162;12013;12214;10.18;0.63;245.92;15.00;729;66;4178.00;201
11286;67;628464292;11286;156;12016;12214;10.33;0.63;245.92;15.00;730;67;4179.00;198
11289;67;628464320;11289;148;12019;12214;10.46;0.64;245.91;14.99;730;67;4180.00;195
11291;67;628464331;11291;141;12024;12214;10.61;0.65;245.89;14.99;733;67;4181.00;190
11292;67;628464342;11292;129;12029;12214;10.71;0.66;245.88;15.12;737;67;4182.00;185
11294;67;628464353;11294;127;12031;12214;10.83;0.66;245.86;15.12;737;67;4183.00;183
11294;67;628464363;11294;128;12036;12215;10.96;0.67;245.86;15.12;742;67;4184.00;179
11296;67;628464373;11296;123;12041;12217;10.99;0.67;245.85;15.14;745;67;4185.00;176
11301;67;628464386;11301;121;12045;12217;11.14;0.68;245.85;15.14;744;67;4186.00;172
11303;67;628464404;11303;124;12048;12218;11.23;0.69;245.84;15.14;745;67;4187.00;170
11304;67;628464422;11304;121;12051;12218;11.37;0.69;245.84;15.14;747;67;4188.00;167
11306;67;628464439;11306;119;12054;12218;11.46;0.70;245.82;15.14;748;67;4189.00;164
11309;67;628464450;11309;120;12055;12218;11.47;0.70;245.83;15.14;746;67;4190.00;163
11311;67;628464469;11311;120;12058;12222;11.40;0.69;245.83;15.13;747;67;4191.00;164
11313;67;628464481;11313;125;12058;12222;11.38;0.69;245.82;15.13;745;67;4192.00;164
11314;67;628464492;11314;125;12059;12222;11.31;0.69;245.84;15.13;745;67;4193.00;163
11319;67;628464503;11319;128;12061;12225;11.26;0.68;245.85;15.13;742;67;4194.00;164
11319;67;628464516;11319;128;12062;12225;11.23;0.68;245.85;15.13;743;67;4195.00;163
11322;67;628464527;11322;126;12062;12225;11.20;0.68;245.82;15.13;740;67;4196.00;163
11326;67;628464538;11326;129;12068;12229;11.03;0.67;245.83;15.26;742;67;4197.00;161
11328;67;628464550;11328;128;12069;12230;10.95;0.67;245.79;15.26;741;67;4198.00;161
11330;67;628464562;11330;139;12069;12230;10.99;0.67;245.78;15.26;739;67;4199.00;161
11334;67;628464575;11334;151;12080;12264;10.84;0.66;245.79;15.25;746;67;4200.00;184
11337;67;628464602;11337;145;12082;12264;10.77;0.66;245.80;15.25;745;67;4201.00;182
11338;67;628464621;11338;148;12085;12264;10.69;0.65;245.79;15.25;747;67;4202.00;179
11342;67;628464632;11342;149;12086;12265;10.68;0.65;245.79;15.25;744;67;4203.00;179
11345;67;628464644;11345;150;12087;12265;10.63;0.65;245.79;15.25;742;67;4204.00;178
11346;67;628464656;11346;159;12090;12271;10.65;0.65;245.79;15.25;744;67;4205.00;181
11349;67;628464668;11349;165;12094;12271;10.56;0.64;245.81;15.25;745;67;4206.00;177
11350;67;628464680;11350;167;12095;12272;10.45;0.64;245.81;15.38;745;67;4207.00;177
11354;67;628464691;11354;169;12095;12272;10.34;0.63;245.82;15.38;741;67;4208.00;177
11357;67;628464703;11357;177;12096;12272;10.22;0.62;245.84;15.38;739;67;4209.00;176
11361;67;628464714;11361;178;12097;12272;10.16;0.62;245.84;15.40;736;67;4210.00;175
11363;67;628464725;11363;182;12098;12272;10.15;0.62;245.87;15.41;735;67;4211.00;174
11366;67;628464736;11366;193;12110;12284;10.12;0.61;245.89;15.39;744;67;4212.00;174
11372;67;628464749;11372;195;12112;12284;10.02;0.61;245.88;15.42;740;67;4213.00;172
11373;67;628464760;11373;199;12113;12284;9.97;0.60;245.88;15.42;740;67;4214.00;171
11373;67;628464771;11373;206;12114;12284;9.99;0.61;245.88;15.43;741;67;4215.00;170
11376;67;628464783;11376;211;12115;12284;9.95;0.60;245.90;15.44;739;67;4216.00;169
11379;67;628464795;11379;216;12117;12284;9.85;0.60;245.88;15.45;738;67;4217.00;167
11381;67;628464807;11381;219;12122;12288;9.76;0.59;245.87;15.46;741;67;4218.00;166
11382;67;628464819;11382;225;12123;12288;9.67;0.59;245.86;15.47;741;67;4219.00;165
11386;67;628464829;11386;228;12126;12292;9.61;0.58;245.88;15.47;740;67;4220.00;166
11389;67;628464841;11389;235;12129;12293;9.58;0.58;245.87;15.49;740;67;4221.00;164
11390;67;628464852;11390;239;12129;12293;9.54;0.58;245.86;15.49;739;67;4222.00;164
11392;67;628464861;11392;244;12130;12293;9.48;0.58;245.89;15.49;738;67;4223.00;163
11395;67;628464871;11395;250;12140;12306;9.37;0.57;245.92;15.51;745;67;4224.00;166
11397;67;628464882;11397;252;12142;12306;9.33;0.57;245.90;15.51;745;67;4225.00;164
11403;67;628464893;11403;249;12142;12306;9.22;0.56;245.87;15.51;739;67;4226.00;164
11406;67;628464903;11406;251;12146;12307;9.16;0.56;245.86;15.53;740;67;4227.00;161
11411;67;628464913;11411;253;12146;12308;9.08;0.55;245.84;15.53;735;67;4228.00;162
11414;67;628464923;11414;254;12149;12308;8.97;0.55;245.83;15.55;735;67;4229.00;159
11416;67;628464935;11416;252;12153;12314;8.97;0.55;245.82;15.55;737;67;4230.00;161
11418;67;628464947;11418;250;12154;12314;8.90;0.54;245.81;15.56;736;67;4231.00;160
11419;67;628464957;11419;253;12154;12314;8.93;0.55;245.80;15.56;735;67;4232.00;160
11422;67;628464969;11422;254;12156;12314;8.93;0.55;245.79;15.58;734;67;4233.00;158
11425;67;628464979;11425;250;12159;12320;8.96;0.55;245.82;15.58;734;67;4234.00;161
11427;67;628464991;11427;254;12160;12320;8.91;0.55;245.80;15.58;733;67;4235.00;160
11430;67;628465002;11430;252;12160;12320;8.82;0.54;245.82;15.58;730;67;4236.00;160
11433;67;628465013;11433;251;12162;12320;8.76;0.54;245.82;15.59;729;67;4237.00;158
11433;67;628465023;11433;253;12166;12324;8.74;0.54;245.82;15.60;733;67;4238.00;158
11434;67;628465034;11434;253;12168;12325;8.71;0.53;245.83;15.60;734;67;4239.00;157
11436;67;628465044;11436;254;12168;12325;8.64;0.53;245.86;15.60;732;67;4240.00;157
11439;67;628465054;11439;256;12170;12326;8.61;0.53;245.87;15.61;731;67;4241.00;156
11442;67;628465064;11442;252;12172;12326;8.54;0.53;245.88;15.62;730;67;4242.00;154
11448;67;628465074;11448;254;12172;12326;8.44;0.52;245.89;15.62;724;67;4243.00;154
11452;67;628465084;11452;255;12174;12326;8.38;0.52;245.95;15.63;722;67;4244.00;152
11456;67;628465094;11456;259;12174;12326;8.29;0.51;245.97;15.63;718;67;4245.00;152
11462;67;628465104;11462;256;12174;12326;8.12;0.50;246.03;15.63;712;67;4246.00;152
11465;67;628465114;11465;257;12177;12326;7.98;0.49;246.02;15.65;712;67;4247.00;149
11468;67;628465124;11468;268;12211;12396;7.86;0.49;246.03;15.61;743;67;4248.00;185
11474;67;628465140;11474;264;12211;12397;7.65;0.47;246.03;15.61;737;67;4249.00;186
11478;67;628465149;11478;252;12218;12397;7.63;0.47;246.05;15.61;740;67;4250.00;179
11480;67;628465159;11480;255;12221;12397;7.54;0.47;246.06;15.61;741;67;4251.00;176
11484;67;628465169;11484;248;12223;12397;7.53;0.47;246.16;15.61;739;67;4252.00;174
11486;67;628465179;11486;251;12228;12397;7.59;0.47;246.13;15.62;742;67;4253.00;169
11495;67;628465188;11495;251;12230;12397;7.50;0.46;246.18;15.62;735;67;4254.00;167
11499;67;628465199;11499;253;12237;12397;7.48;0.46;246.18;15.64;738;67;4255.00;160
11502;67;628465209;11502;250;12237;12398;7.52;0.46;246.20;15.64;735;67;4256.00;161
11507;67;628465219;11507;238;12241;12399;7.62;0.47;246.27;15.64;734;67;4257.00;158
11510;67;628465229;11510;238;12243;12399;7.70;0.48;246.29;15.65;733;67;4258.00;156
11514;67;628465238;11514;237;12246;12403;7.82;0.48;246.30;15.64;732;67;4259.00;157
11520;67;628465251;11520;235;12252;12403;7.85;0.48;246.30;15.66;732;67;4260.00;151
11522;67;628465261;11522;237;12254;12403;7.95;0.49;246.31;15.80;732;67;4261.00;149
11528;67;628465272;11528;240;12257;12403;8.00;0.49;246.31;15.80;729;67;4262.00;146
11529;67;628465283;11529;239;12263;12409;8.06;0.50;246.32;15.81;734;67;4263.00;146
11534;67;628465294;11534;242;12263;12409;8.11;0.50;246.31;15.81;729;67;4264.00;146
11538;67;628465304;11538;241;12267;12409;8.11;0.50;246.30;15.81;729;67;4265.00;142
11542;67;628465314;11542;241;12270;12412;8.20;0.50;246.28;15.81;728;67;4266.00;142
11549;67;628465325;11549;236;12270;12412;8.17;0.50;246.28;15.81;721;67;4267.00;142
11554;67;628465340;11554;236;12271;12412;8.16;0.50;246.28;15.81;717;67;4268.00;141
11556;67;628465350;11556;236;12271;12413;8.21;0.50;246.26;15.81;715;67;4269.00;142
11562;67;628465359;11562;239;12274;12414;8.20;0.50;246.26;15.81;712;67;4270.00;140
11565;67;628465369;11565;235;12275;12414;8.19;0.50;246.25;15.81;710;67;4271.00;139
11572;67;628465379;11572;237;12287;12427;8.13;0.50;246.26;15.80;715;67;4272.00;140
11577;67;628465389;11577;235;12288;12427;8.03;0.49;246.24;15.80;711;67;4273.00;139
11582;67;628465399;11582;237;12289;12427;8.01;0.49;246.24;15.80;707;67;4274.00;138
11586;67;628465408;11586;236;12292;12429;8.08;0.49;246.23;15.80;706;67;4275.00;137
11591;67;628465418;11591;238;12293;12429;8.04;0.49;246.26;15.80;702;67;4276.00;136
11594;67;628465428;11594;241;12295;12433;7.99;0.49;246.25;15.80;701;67;4277.00;138
11599;67;628465438;11599;244;12296;12433;7.91;0.48;246.32;15.80;697;67;4278.00;137
11602;67;628465448;11602;239;12302;12437;7.86;0.48;246.31;15.79;700;67;4279.00;135
11606;67;628465464;11606;241;12302;12437;7.83;0.48;246.29;15.79;696;67;4280.00;135
11612;67;628465474;11612;242;12304;12437;7.83;0.48;246.29;15.79;692;67;4281.00;133
11613;67;628465484;11613;247;12304;12437;7.84;0.48;246.28;15.79;691;67;4282.00;133
11616;67;628465493;11616;255;12304;12437;7.90;0.48;246.28;15.79;688;67;4283.00;133
11617;67;628465502;11617;261;12315;12449;8.01;0.49;246.27;15.78;698;67;4284.00;134
11619;67;628465512;11619;264;12315;12449;8.02;0.49;246.28;15.78;696;67;4285.00;134
11619;67;628465521;11619;270;12315;12449;7.99;0.49;246.28;15.78;696;67;4286.00;134
11622;67;628465530;11622;276;12315;12449;7.94;0.48;246.31;15.78;693;67;4287.00;134
11624;67;628465539;11624;280;12315;12449;7.89;0.48;246.31;15.78;691;67;4288.00;134
11626;67;628465549;11626;284;12315;12449;7.87;0.48;246.32;15.78;689;67;4289.00;134
11628;67;628465559;11628;287;12315;12450;7.84;0.48;246.32;15.78;687;67;4290.00;135
11632;67;628465568;11632;292;12315;12450;7.78;0.47;246.29;15.78;683;67;4291.00;135
11635;67;628465577;11635;299;12319;12456;7.69;0.47;246.25;15.77;684;67;4292.00;137
11636;67;628465586;11636;306;12320;12457;7.62;0.46;246.25;15.77;684;67;4293.00;137
11638;67;628465596;11638;311;12321;12457;7.54;0.46;246.24;15.77;683;67;4294.00;136
11640;67;628465604;11640;320;12321;12457;7.45;0.45;246.22;15.77;681;67;4295.00;136
11643;67;628465613;11643;328;12324;12461;7.43;0.45;246.23;15.77;681;67;4296.00;137
11646;67;628465621;11646;323;12324;12461;7.36;0.45;246.21;15.77;678;67;4297.00;137
11649;67;628465630;11649;319;12325;12461;7.33;0.45;246.20;15.91;676;67;4298.00;136
11649;67;628465639;11649;321;12326;12462;7.34;0.45;246.20;15.91;677;67;4299.00;136
11654;67;628465648;11654;318;12329;12466;7.33;0.45;246.25;15.90;675;67;4300.00;137
11654;67;628465661;11654;313;12329;12466;7.38;0.45;246.25;15.90;675;67;4301.00;137
11656;68;628465670;11656;304;12331;12469;7.37;0.45;246.23;15.90;675;68;4302.00;138
11660;68;628465690;11660;298;12331;12469;7.39;0.45;246.20;15.90;671;68;4303.00;138
11660;68;628465700;11660;299;12332;12469;7.50;0.46;246.20;15.90;672;68;4304.00;137
11662;68;628465708;11662;296;12332;12469;7.50;0.46;246.19;15.90;670;68;4305.00;137
11665;68;628465717;11665;287;12335;12473;7.54;0.46;246.18;15.90;670;68;4306.00;138
11669;68;628465726;11669;272;12335;12473;7.55;0.46;246.18;15.90;666;68;4307.00;138
11670;69;628465735;11670;261;12336;12473;7.63;0.46;246.17;15.90;666;69;4308.00;137
11672;69;628465750;11672;249;12336;12473;7.72;0.47;246.14;15.90;664;69;4309.00;137
11673;69;628465764;11673;242;12336;12474;7.88;0.48;246.14;15.90;663;69;4310.00;138
11676;69;628465774;11676;228;12337;12475;7.98;0.48;246.14;15.90;661;69;4311.00;138
11677;69;628465785;11677;224;12337;12475;8.11;0.49;246.13;15.90;660;69;4312.00;138
11677;69;628465795;11677;216;12339;12476;8.29;0.50;246.13;16.04;662;69;4313.00;137
11677;69;628465809;11677;216;12339;12476;8.41;0.51;246.13;16.04;662;69;4314.00;137
11680;69;628465824;11680;213;12339;12476;8.50;0.52;246.20;16.04;659;69;4315.00;137
11683;69;628465838;11683;211;12339;12476;8.62;0.52;246.19;16.04;656;69;4316.00;137
11684;69;628465854;11684;206;12339;12476;8.67;0.53;246.20;16.04;655;69;4317.00;137
11684;69;628465869;11684;203;12339;12476;8.73;0.53;246.20;16.04;655;69;4318.00;137
11684;69;628465882;11684;201;12339;12476;8.83;0.54;246.20;16.04;655;69;4319.00;137
11685;69;628465897;11685;243;12449;12706;8.86;0.56;246.19;15.90;764;69;4320.00;257
11686;69;628465933;11686;236;12452;12707;8.96;0.56;246.19;15.89;766;69;4321.00;255
11689;69;628465946;11689;223;12461;12707;9.10;0.57;246.18;15.88;772;69;4322.00;246
11691;69;628465957;11691;208;12466;12707;9.21;0.57;246.22;15.88;775;69;4323.00;241
11692;69;628465970;11692;190;12474;12707;9.30;0.58;246.21;15.87;782;69;4324.00;233
11693;69;628465982;11693;181;12477;12707;9.37;0.58;246.22;15.87;784;69;4325.00;230
11695;69;628465993;11695;176;12483;12707;9.49;0.59;246.22;15.86;788;69;4326.00;224
11696;69;628466005;11696;172;12486;12707;9.63;0.60;246.22;15.86;790;69;4327.00;221
11697;69;628466017;11697;173;12494;12708;9.73;0.60;246.22;15.99;797;69;4328.00;214
11699;69;628466029;11699;166;12497;12709;9.75;0.60;246.22;15.99;798;69;4329.00;212
11700;69;628466048;11700;169;12500;12709;9.86;0.61;246.22;15.99;800;69;4330.00;209
11701;69;628466061;11701;167;12505;12710;9.89;0.61;246.22;15.99;804;69;4331.00;205
11701;70;628466073;11701;168;12508;12710;9.95;0.62;246.22;15.99;807;70;4332.00;202
11703;70;628466100;11703;169;12513;12710;9.97;0.62;246.22;15.99;810;70;4333.00;197
11706;70;628466112;11706;165;12516;12710;9.99;0.62;246.19;15.99;810;70;4334.00;194
11707;70;628466139;11707;169;12518;12714;10.12;0.62;246.19;15.98;811;70;4335.00;196
11709;70;628466151;11709;175;12519;12714;10.21;0.63;246.17;15.98;810;70;4336.00;195
11710;70;628466163;11710;176;12522;12714;10.26;0.63;246.18;15.98;812;70;4337.00;192
11712;70;628466175;11712;177;12526;12717;10.34;0.63;246.23;16.12;814;70;4338.00;191
11714;70;628466187;11714;175;12527;12717;10.36;0.64;246.22;16.12;813;70;4339.00;190
11714;70;628466198;11714;175;12527;12717;10.40;0.64;246.22;16.12;813;70;4340.00;190
11715;70;628466210;11715;178;12530;12721;10.48;0.64;246.20;16.12;815;70;4341.00;191
11716;70;628466223;11716;184;12533;12722;10.53;0.64;246.20;16.12;817;70;4342.00;189
11719;70;628466234;11719;183;12534;12722;10.51;0.64;246.17;16.25;815;70;4343.00;188
11721;70;628466260;11721;184;12537;12726;10.58;0.65;246.17;16.25;816;70;4344.00;189
11724;70;628466272;11724;183;12538;12726;10.56;0.65;246.16;16.25;814;70;4345.00;188
11725;70;628466284;11725;183;12540;12726;10.66;0.65;246.17;16.39;815;70;4346.00;186
11729;70;628466296;11729;184;12540;12727;10.72;0.65;246.14;16.39;811;70;4347.00;187
11730;70;628466308;11730;188;12540;12727;10.84;0.66;246.15;16.39;810;70;4348.00;187
11733;70;628466321;11733;187;12544;12733;10.83;0.66;246.16;16.38;811;70;4349.00;189
11738;70;628466336;11738;183;12546;12733;10.78;0.66;246.19;16.52;808;70;4350.00;187
11742;70;628466349;11742;177;12546;12734;10.72;0.65;246.18;16.52;804;70;4351.00;188
11745;70;628466362;11745;174;12547;12734;10.64;0.65;246.16;16.52;802;70;4352.00;187
11749;70;628466379;11749;174;12550;12734;10.54;0.64;246.17;16.65;801;70;4353.00;184
11753;70;628466391;11753;171;12551;12734;10.51;0.64;246.19;16.65;798;70;4354.00;183
11755;70;628466403;11755;168;12553;12734;10.53;0.64;246.21;16.67;798;70;4355.00;181
11761;70;628466417;11761;167;12565;12746;10.64;0.65;246.21;16.79;804;70;4356.00;181
11763;70;628466429;11763;162;12565;12746;10.74;0.66;246.22;16.79;802;70;4357.00;181
11765;70;628466441;11765;154;12567;12746;10.77;0.66;246.26;16.91;802;70;4358.00;179
11769;70;628466453;11769;151;12568;12746;10.81;0.66;246.29;16.91;799;70;4359.00;178
11773;70;628466465;11773;144;12568;12746;10.78;0.66;246.30;16.91;795;70;4360.00;178
11776;70;628466477;11776;141;12569;12746;10.82;0.66;246.32;16.91;793;70;4361.00;177
11780;70;628466490;11780;145;12572;12750;10.86;0.66;246.31;16.91;792;70;4362.00;178
11782;70;628466502;11782;142;12572;12750;10.86;0.66;246.35;16.91;790;70;4363.00;178
11785;70;628466522;11785;141;12575;12754;10.88;0.66;246.32;17.03;790;70;4364.00;179
11790;70;628466535;11790;140;12578;12756;10.91;0.66;246.29;17.03;788;70;4365.00;178
11794;70;628466547;11794;148;12578;12756;10.93;0.66;246.32;17.03;784;70;4366.00;178
11796;70;628466559;11796;153;12579;12756;10.91;0.66;246.34;17.15;783;70;4367.00;177
11799;70;628466577;11799;155;12589;12769;10.86;0.66;246.37;17.14;790;70;4368.00;180
11800;70;628466598;11800;154;12590;12769;10.89;0.66;246.41;17.14;790;70;4369.00;179
11804;70;628466610;11804;153;12592;12769;10.89;0.66;246.42;17.26;788;70;4370.00;177
11808;70;628466622;11808;159;12593;12770;10.96;0.66;246.46;17.26;785;70;4371.00;177
11809;70;628466635;11809;161;12594;12771;10.99;0.67;246.47;17.26;785;70;4372.00;177
11811;70;628466647;11811;162;12594;12771;11.01;0.67;246.46;17.26;783;70;4373.00;177
11813;70;628466660;11813;162;12597;12774;11.08;0.67;246.47;17.26;784;70;4374.00;177
11813;71;628466672;11813;172;12597;12774;11.17;0.68;246.47;17.26;784;71;4375.00;177
11817;71;628466702;11817;176;12598;12774;11.25;0.68;246.52;17.26;781;71;4376.00;176
11818;71;628466714;11818;178;12598;12774;11.25;0.68;246.52;17.26;780;71;4377.00;176
11820;71;628466726;11820;180;12603;12780;11.16;0.68;246.52;17.26;783;71;4378.00;177
11822;72;628466739;11822;187;12603;12780;11.06;0.67;246.55;17.26;781;72;4379.00;177
11824;72;628466772;11824;187;12605;12780;10.96;0.67;246.57;17.26;781;72;4380.00;175
11825;72;628466784;11825;198;12607;12780;10.80;0.66;246.60;17.29;782;72;4381.00;173
11829;72;628466808;11829;206;12611;12784;10.53;0.64;246.58;17.29;782;72;4382.00;173
11832;72;628466823;11832;214;12614;12785;10.38;0.63;246.58;17.31;782;72;4383.00;171
11834;72;628466834;11834;225;12617;12785;10.24;0.62;246.55;17.34;783;72;4384.00;168
11837;72;628466846;11837;235;12618;12786;10.17;0.62;246.55;17.33;781;72;4385.00;168
11839;72;628466858;11839;241;12621;12786;10.05;0.61;246.54;17.35;782;72;4386.00;165
11845;72;628466869;11845;246;12624;12786;9.99;0.61;246.53;17.38;779;72;4387.00;162
11848;72;628466880;11848;246;12625;12786;9.94;0.61;246.51;17.38;777;72;4388.00;161
11851;72;628466892;11851;248;12628;12786;9.83;0.60;246.51;17.40;777;72;4389.00;158
11852;72;628466902;11852;256;12628;12786;9.74;0.59;246.53;17.40;776;72;4390.00;158
11856;72;628466913;11856;258;12630;12786;9.62;0.59;246.54;17.42;774;72;4391.00;156
11859;72;628466929;11859;273;12666;12856;9.56;0.58;246.54;17.37;807;72;4392.00;190
11862;72;628466945;11862;277;12671;12857;9.53;0.58;246.52;17.40;809;72;4393.00;186
11864;72;628466956;11864;277;12681;12857;9.52;0.58;246.52;17.39;817;72;4394.00;176
11867;72;628466967;11867;277;12683;12857;9.45;0.58;246.53;17.40;816;72;4395.00;174
11868;72;628466978;11868;281;12689;12857;9.43;0.58;246.53;17.40;821;72;4396.00;168
11871;72;628466989;11871;284;12692;12857;9.35;0.57;246.52;17.41;821;72;4397.00;165
11872;72;628466999;11872;288;12699;12857;9.23;0.56;246.51;17.42;827;72;4398.00;158
11873;72;628467010;11873;288;12700;12857;9.15;0.56;246.52;17.42;827;72;4399.00;157
11876;72;628467021;11876;289;12703;12858;9.09;0.56;246.50;17.42;827;72;4400.00;155
11879;72;628467036;11879;282;12708;12859;9.05;0.56;246.50;17.43;829;72;4401.00;151
11881;72;628467048;11881;279;12709;12859;8.97;0.55;246.47;17.43;828;72;4402.00;150
11883;72;628467058;11883;275;12713;12863;8.84;0.54;246.46;17.44;830;72;4403.00;150
11884;72;628467069;11884;280;12713;12863;8.82;0.54;246.45;17.44;829;72;4404.00;150
11889;72;628467081;11889;284;12714;12863;8.73;0.54;246.46;17.44;825;72;4405.00;149
11894;72;628467092;11894;289;12715;12863;8.72;0.53;246.47;17.45;821;72;4406.00;148
11896;72;628467103;11896;289;12720;12869;8.72;0.53;246.46;17.44;824;72;4407.00;149
11898;72;628467115;11898;288;12724;12869;8.74;0.54;246.45;17.47;826;72;4408.00;145
11904;72;628467126;11904;295;12724;12869;8.72;0.53;246.41;17.47;820;72;4409.00;145
11905;72;628467139;11905;294;12731;12875;8.71;0.54;246.43;17.47;826;72;4410.00;144
11909;72;628467151;11909;288;12731;12875;8.60;0.53;246.46;17.47;822;72;4411.00;144
11912;72;628467162;11912;285;12733;12875;8.53;0.53;246.48;17.47;821;72;4412.00;142
11917;72;628467173;11917;290;12734;12876;8.44;0.52;246.51;17.48;817;72;4413.00;142
11922;72;628467185;11922;288;12736;12877;8.36;0.51;246.52;17.48;814;72;4414.00;141
11930;72;628467195;11930;288;12737;12877;8.16;0.50;246.50;17.48;807;72;4415.00;140
11940;72;628467206;11940;295;12747;12890;7.99;0.49;246.57;17.47;807;72;4416.00;143
11945;72;628467217;11945;290;12748;12890;7.81;0.48;246.63;17.47;803;72;4417.00;142
11950;72;628467227;11950;291;12749;12890;7.70;0.47;246.65;17.47;799;72;4418.00;141
11957;72;628467237;11957;290;12752;12891;7.58;0.46;246.69;17.47;795;72;4419.00;139
11964;72;628467246;11964;282;12753;12891;7.42;0.46;246.69;17.48;789;72;4420.00;138
11966;72;628467256;11966;275;12756;12895;7.41;0.46;246.71;17.47;790;72;4421.00;139
11971;72;628467266;11971;279;12757;12895;7.38;0.45;246.71;17.48;786;72;4422.00;138
11975;72;628467276;11975;277;12760;12899;7.36;0.45;246.69;17.48;785;72;4423.00;139
11979;72;628467286;11979;274;12762;12899;7.36;0.45;246.68;17.48;783;72;4424.00;137
11982;72;628467296;11982;267;12763;12899;7.42;0.46;246.73;17.49;781;72;4425.00;136
11986;72;628467306;11986;270;12763;12899;7.56;0.46;246.74;17.49;777;72;4426.00;136
11988;72;628467316;11988;267;12763;12899;7.71;0.47;246.73;17.49;775;72;4427.00;136
11990;72;628467326;11990;262;12775;12911;7.88;0.48;246.76;17.47;785;72;4428.00;136
11994;72;628467337;11994;259;12776;12911;7.97;0.49;246.80;17.47;782;72;4429.00;135
11998;72;628467347;11998;253;12777;12911;8.05;0.49;246.83;17.47;779;72;4430.00;134
12002;72;628467356;12002;245;12778;12911;8.08;0.49;246.84;17.59;776;72;4431.00;133
12004;72;628467367;12004;240;12778;12911;8.17;0.50;246.84;17.59;774;72;4432.00;133
12007;72;628467376;12007;236;12778;12911;8.21;0.50;246.87;17.59;771;72;4433.00;133
12010;72;628467386;12010;241;12778;12912;8.24;0.50;246.91;17.59;768;72;4434.00;134
12016;72;628467395;12016;245;12778;12912;8.23;0.50;246.86;17.59;762;72;4435.00;134
12021;72;628467405;12021;247;12782;12918;8.23;0.50;246.86;17.59;761;72;4436.00;136
12025;72;628467416;12025;247;12783;12919;8.19;0.50;246.86;17.58;758;72;4437.00;136
12029;72;628467426;12029;242;12784;12919;8.13;0.50;246.85;17.58;755;72;4438.00;135
12030;72;628467436;12030;245;12784;12919;8.14;0.50;246.86;17.58;754;72;4439.00;135
12035;72;628467447;12035;248;12788;12924;8.08;0.49;246.88;17.58;753;72;4440.00;136
12038;72;628467458;12038;249;12788;12924;8.07;0.49;246.93;17.58;750;72;4441.00;136
12041;72;628467468;12041;247;12788;12924;8.05;0.49;246.92;17.58;747;72;4442.00;136
12045;72;628467483;12045;243;12789;12925;8.04;0.49;246.93;17.58;744;72;4443.00;136
12046;72;628467492;12046;240;12792;12929;8.02;0.49;246.92;17.57;746;72;4444.00;137
12049;72;628467503;12049;246;12792;12929;8.02;0.49;246.94;17.57;743;72;4445.00;137
12054;72;628467513;12054;249;12794;12932;8.04;0.49;246.92;17.57;740;72;4446.00;138
12058;72;628467523;12058;254;12794;12932;7.98;0.49;246.90;17.57;736;72;4447.00;138
12061;72;628467533;12061;254;12795;12932;7.96;0.48;246.90;17.57;734;72;4448.00;137
12064;72;628467544;12064;256;12795;12932;7.89;0.48;246.89;17.57;731;72;4449.00;137
12068;72;628467556;12068;258;12798;12936;7.85;0.48;246.90;17.57;730;72;4450.00;138
12075;72;628467567;12075;261;12798;12936;7.75;0.47;246.89;17.57;723;72;4451.00;138
12077;72;628467577;12077;266;12799;12936;7.82;0.48;246.89;17.56;722;72;4452.00;137
12080;72;628467586;12080;268;12799;12936;7.76;0.47;246.89;17.56;719;72;4453.00;137
12082;72;628467595;12082;273;12799;12937;7.72;0.47;246.85;17.56;717;72;4454.00;138
12086;72;628467604;12086;282;12801;12939;7.62;0.46;246.87;17.56;715;72;4455.00;138
12089;72;628467614;12089;288;12801;12939;7.53;0.46;246.86;17.56;712;72;4456.00;138
12092;72;628467622;12092;295;12802;12940;7.45;0.45;246.85;17.56;710;72;4457.00;138
12097;72;628467632;12097;306;12802;12940;7.31;0.45;246.85;17.56;705;72;4458.00;138
12101;72;628467641;12101;307;12802;12940;7.21;0.44;246.88;17.56;701;72;4459.00;138
12102;72;628467650;12102;311;12802;12940;7.14;0.44;246.88;17.56;700;72;4460.00;138
12108;72;628467659;12108;315;12802;12940;6.99;0.43;246.88;17.56;694;72;4461.00;138
12112;72;628467667;12112;320;12802;12940;6.86;0.42;246.83;17.56;690;72;4462.00;138
12116;72;628467676;12116;326;12802;12940;6.71;0.41;246.86;17.56;686;72;4463.00;138
12118;72;628467685;12118;346;12868;13067;7.15;0.44;246.84;17.47;750;72;4464.00;199
12120;72;628467702;12120;352;12872;13068;7.12;0.44;246.84;17.47;752;72;4465.00;196
12121;72;628467712;12121;355;12879;13068;7.14;0.44;246.83;17.46;758;72;4466.00;189
12122;72;628467721;12122;338;12882;13068;7.16;0.44;246.82;17.45;760;72;4467.00;186
12123;72;628467730;12123;333;12887;13068;7.28;0.45;246.81;17.45;764;72;4468.00;181
12125;72;628467739;12125;325;12889;13068;7.32;0.45;246.80;17.45;764;72;4469.00;179
12127;72;628467750;12127;324;12895;13068;7.37;0.46;246.78;17.44;768;72;4470.00;173
12129;72;628467760;12129;327;12896;13068;7.40;0.46;246.77;17.44;767;72;4471.00;172
12131;72;628467770;12131;329;12901;13069;7.35;0.45;246.76;17.44;770;72;4472.00;168
12131;72;628467780;12131;331;12905;13070;7.34;0.45;246.76;17.43;774;72;4473.00;165
12132;72;628467790;12132;334;12910;13070;7.32;0.45;246.75;17.43;778;72;4474.00;160
12133;72;628467809;12133;322;12913;13071;7.35;0.45;246.74;17.43;780;72;4475.00;158
12134;72;628467825;12134;297;12915;13071;7.49;0.46;246.74;17.43;781;72;4476.00;156
12135;72;628467846;12135;278;12916;13071;7.62;0.47;246.75;17.43;781;72;4477.00;155
12137;72;628467865;12137;258;12918;13071;7.75;0.48;246.74;17.43;781;72;4478.00;153
12137;72;628467882;12137;244;12921;13075;7.90;0.49;246.74;17.42;784;72;4479.00;154
12139;72;628467900;12139;233;12923;13075;8.06;0.50;246.74;17.42;784;72;4480.00;152
12140;72;628467917;12140;224;12923;13075;8.23;0.50;246.73;17.42;783;72;4481.00;152
12140;72;628467942;12140;218;12926;13078;8.47;0.52;246.73;17.42;786;72;4482.00;152
12143;72;628467955;12143;210;12927;13078;8.68;0.53;246.71;17.42;784;72;4483.00;151
12145;72;628467970;12145;205;12928;13078;8.90;0.54;246.69;17.42;783;72;4484.00;150
12147;72;628467990;12147;196;12931;13082;9.03;0.55;246.65;17.42;784;72;4485.00;151
12147;72;628468005;12147;184;12934;13083;9.30;0.57;246.65;17.54;787;72;4486.00;149
12149;73;628468018;12149;181;12934;13083;9.47;0.58;246.68;17.54;785;73;4487.00;149
12152;73;628468043;12152;175;12937;13087;9.57;0.58;246.65;17.53;785;73;4488.00;150
12153;73;628468055;12153;166;12937;13087;9.71;0.59;246.64;17.53;784;73;4489.00;150
12154;73;628468075;12154;162;12937;13087;9.87;0.60;246.63;17.53;783;73;4490.00;150
12157;73;628468087;12157;157;12938;13088;10.05;0.61;246.62;17.53;781;73;4491.00;150
12158;73;628468099;12158;152;12938;13088;10.17;0.62;246.63;17.53;780;73;4492.00;150
12159;73;628468111;12159;153;12942;13094;10.33;0.63;246.62;17.53;783;73;4493.00;152
12160;73;628468123;12160;153;12942;13094;10.46;0.64;246.66;17.53;782;73;4494.00;152
12161;73;628468134;12161;142;12943;13095;10.64;0.65;246.65;17.52;782;73;4495.00;152
12163;73;628468146;12163;144;12943;13095;10.78;0.66;246.63;17.52;780;73;4496.00;152
12167;73;628468157;12167;137;12943;13095;10.84;0.66;246.65;17.52;776;73;4497.00;152
12170;73;628468169;12170;133;12943;13095;10.87;0.66;246.65;17.52;773;73;4498.00;152
12174;73;628468181;12174;130;12943;13095;10.95;0.66;246.64;17.52;769;73;4499.00;152
12178;73;628468196;12178;129;12965;13145;10.85;0.66;246.62;17.49;787;73;4500.00;180
12180;73;628468225;12180;129;12966;13147;10.86;0.66;246.61;17.49;786;73;4501.00;181
12182;73;628468238;12182;128;12969;13147;10.98;0.67;246.62;17.49;787;73;4502.00;178
12183;73;628468252;12183;128;12969;13147;11.08;0.68;246.64;17.49;786;73;4503.00;178
12188;73;628468264;12188;131;12971;13147;11.13;0.68;246.65;17.49;783;73;4504.00;176
12188;73;628468284;12188;134;12971;13147;11.20;0.68;246.65;17.49;783;73;4505.00;176
12194;73;628468297;12194;132;12976;13151;11.22;0.68;246.67;17.48;782;73;4506.00;175
12196;73;628468309;12196;133;12977;13151;11.31;0.69;246.69;17.48;781;73;4507.00;174
12199;73;628468326;12199;124;12980;13155;11.35;0.69;246.70;17.48;781;73;4508.00;175
12203;73;628468338;12203;129;12983;13156;11.37;0.69;246.73;17.48;780;73;4509.00;173
12205;73;628468351;12205;130;12983;13156;11.52;0.70;246.74;17.48;778;73;4510.00;173
12205;73;628468363;12205;126;12983;13156;11.62;0.71;246.74;17.48;778;73;4511.00;173
12208;73;628468375;12208;127;12990;13169;11.56;0.70;246.74;17.47;782;73;4512.00;179
12212;73;628468389;12212;132;12990;13169;11.55;0.70;246.78;17.47;778;73;4513.00;179
12216;73;628468401;12216;136;12990;13169;11.56;0.70;246.78;17.47;774;73;4514.00;179
12221;73;628468414;12221;146;12993;13170;11.57;0.70;246.87;17.46;772;73;4515.00;177
12226;73;628468426;12226;142;12993;13171;11.62;0.71;246.86;17.46;767;73;4516.00;178
12229;73;628468439;12229;145;12993;13171;11.65;0.71;246.86;17.46;764;73;4517.00;178
12236;73;628468451;12236;145;12995;13174;11.67;0.71;246.88;17.46;759;73;4518.00;179
12238;73;628468463;12238;141;12995;13174;11.76;0.71;246.88;17.46;757;73;4519.00;179
12241;73;628468475;12241;139;12995;13174;11.81;0.72;246.92;17.46;754;73;4520.00;179
12246;73;628468487;12246;141;12997;13174;11.81;0.72;246.92;17.46;751;73;4521.00;177
12247;73;628468499;12247;132;13000;13180;11.84;0.72;246.93;17.46;753;73;4522.00;180
12253;73;628468511;12253;127;13000;13180;11.86;0.72;246.95;17.46;747;73;4523.00;180
12257;73;628468523;12257;121;13000;13180;11.88;0.72;246.91;17.46;743;73;4524.00;180
12259;73;628468535;12259;115;13001;13180;11.81;0.72;246.92;17.47;742;73;4525.00;179
12261;73;628468547;12261;116;13005;13184;11.78;0.72;246.92;17.47;744;73;4526.00;179
12265;73;628468559;12265;113;13007;13185;11.76;0.72;246.93;17.47;742;73;4527.00;178
12271;73;628468571;12271;111;13007;13185;11.76;0.72;246.93;17.47;736;73;4528.00;178
12275;73;628468583;12275;110;13008;13186;11.85;0.72;246.91;17.47;733;73;4529.00;178
12280;73;628468598;12280;108;13008;13186;11.84;0.72;246.93;17.47;728;73;4530.00;178
12282;74;628468610;12282;109;13008;13186;11.93;0.72;246.95;17.47;726;74;4531.00;178
12289;74;628468638;12289;109;13010;13186;11.88;0.72;246.99;17.47;721;74;4532.00;176
12291;74;628468650;12291;106;13010;13186;11.89;0.72;246.99;17.47;719;74;4533.00;176
12295;74;628468662;12295;108;13010;13186;11.84;0.72;247.00;17.47;715;74;4534.00;176
12298;74;628468675;12298;112;13011;13186;11.77;0.72;247.00;17.47;713;74;4535.00;175
12300;74;628468686;12300;123;13050;13256;11.56;0.70;247.00;17.42;750;74;4536.00;206
12303;74;628468702;12303;119;13051;13257;11.45;0.70;246.98;17.42;748;74;4537.00;206
12308;74;628468714;12308;127;13058;13257;11.38;0.69;246.95;17.42;750;74;4538.00;199
12309;74;628468726;12309;128;13059;13257;11.39;0.69;246.95;17.54;750;74;4539.00;198
12311;74;628468737;12311;125;13061;13257;11.43;0.70;246.95;17.54;750;74;4540.00;196
12313;74;628468748;12313;128;13065;13257;11.41;0.70;246.92;17.54;752;74;4541.00;192
12316;74;628468759;12316;129;13069;13257;11.42;0.70;246.93;17.54;753;74;4542.00;188
12320;74;628468770;12320;132;13071;13257;11.37;0.69;246.91;17.54;751;74;4543.00;186
12323;74;628468783;12323;137;13076;13258;11.35;0.69;246.91;17.54;753;74;4544.00;182
12328;74;628468795;12328;141;13080;13260;11.28;0.69;246.90;17.54;752;74;4545.00;180
12330;74;628468811;12330;142;13085;13260;11.15;0.68;246.89;17.54;755;74;4546.00;175
12333;74;628468824;12333;143;13090;13264;11.01;0.67;246.86;17.54;757;74;4547.00;174
12336;74;628468837;12336;153;13091;13264;10.98;0.67;246.85;17.54;755;74;4548.00;173
12340;74;628468849;12340;159;13093;13264;10.91;0.67;246.86;17.55;753;74;4549.00;171
12343;74;628468860;12343;162;13094;13264;10.87;0.66;246.87;17.56;751;74;4550.00;170
12345;74;628468871;12345;172;13098;13270;10.84;0.66;246.86;17.56;753;74;4551.00;172
12347;74;628468883;12347;172;13098;13270;10.82;0.66;246.86;17.56;751;74;4552.00;172
12350;74;628468893;12350;182;13101;13270;10.73;0.65;246.86;17.58;751;74;4553.00;169
12353;74;628468904;12353;192;13103;13273;10.69;0.65;246.84;17.57;750;74;4554.00;170
12355;74;628468916;12355;194;13105;13273;10.57;0.64;246.82;17.59;750;74;4555.00;168
12359;74;628468927;12359;201;13107;13273;10.47;0.64;246.82;17.59;748;74;4556.00;166
12361;74;628468937;12361;207;13108;13274;10.40;0.63;246.82;17.61;747;74;4557.00;166
12365;74;628468948;12365;213;13110;13275;10.37;0.63;246.81;17.61;745;74;4558.00;165
12366;74;628468958;12366;216;13113;13275;10.32;0.63;246.83;17.62;747;74;4559.00;162
12368;74;628468971;12368;224;13130;13301;10.25;0.63;246.85;17.62;762;74;4560.00;171
12372;74;628468984;12372;228;13132;13301;10.21;0.62;246.85;17.62;760;74;4561.00;169
12374;74;628468995;12374;235;13136;13301;10.19;0.62;246.85;17.62;762;74;4562.00;165
12376;74;628469006;12376;237;13139;13302;10.17;0.62;246.85;17.63;763;74;4563.00;163
12381;74;628469017;12381;246;13141;13302;10.06;0.61;246.85;17.63;760;74;4564.00;161
12384;74;628469027;12384;253;13146;13306;9.96;0.61;246.83;17.65;762;74;4565.00;160
12388;74;628469037;12388;257;13148;13306;9.70;0.59;246.81;17.66;760;74;4566.00;158
12390;74;628469046;12390;261;13152;13310;9.47;0.58;246.81;17.67;762;74;4567.00;158
12392;74;628469056;12392;261;13152;13310;9.31;0.57;246.81;17.67;760;74;4568.00;158
12394;74;628469066;12394;258;13154;13310;9.10;0.55;246.84;17.69;760;74;4569.00;156
12396;74;628469076;12396;256;13154;13310;8.97;0.55;246.82;17.69;758;74;4570.00;156
12397;74;628469085;12397;256;13157;13310;8.85;0.54;246.81;17.72;760;74;4571.00;153
12398;74;628469094;12398;254;13167;13322;8.79;0.54;246.81;17.71;769;74;4572.00;155
12399;74;628469104;12399;255;13167;13322;8.73;0.54;246.79;17.71;768;74;4573.00;155
12400;74;628469113;12400;257;13169;13322;8.67;0.53;246.80;17.72;769;74;4574.00;153
12403;74;628469122;12403;258;13169;13322;8.62;0.53;246.80;17.72;766;74;4575.00;153
12405;74;628469132;12405;255;13172;13322;8.57;0.53;246.80;17.75;767;74;4576.00;150
12407;74;628469141;12407;257;13173;13322;8.54;0.53;246.78;17.75;766;74;4577.00;149
12409;74;628469150;12409;265;13173;13323;8.48;0.52;246.77;17.75;764;74;4578.00;150
12412;74;628469160;12412;267;13175;13323;8.44;0.52;246.78;17.76;763;74;4579.00;148
12413;74;628469169;12413;274;13180;13329;8.49;0.52;246.78;17.76;767;74;4580.00;149
12416;74;628469178;12416;272;13181;13330;8.39;0.51;246.84;17.76;765;74;4581.00;149
12422;74;628469188;12422;280;13185;13330;8.26;0.51;246.83;17.79;763;74;4582.00;145
12425;74;628469197;12425;281;13185;13330;8.14;0.50;246.79;17.79;760;74;4583.00;145
12427;74;628469205;12427;284;13188;13334;8.14;0.50;246.78;17.78;761;74;4584.00;146
12433;74;628469215;12433;286;13189;13334;7.94;0.48;246.77;17.79;756;74;4585.00;145
12436;74;628469224;12436;286;13190;13334;7.79;0.48;246.78;17.79;754;74;4586.00;144
12437;74;628469233;12437;292;13193;13335;7.62;0.47;246.77;17.80;756;74;4587.00;142
12440;74;628469241;12440;302;13196;13339;7.44;0.46;246.81;17.80;756;74;4588.00;143
12447;74;628469250;12447;311;13197;13339;7.20;0.44;246.82;17.81;750;74;4589.00;142
12448;74;628469260;12448;312;13200;13345;7.17;0.44;246.82;17.80;752;74;4590.00;145
12451;74;628469269;12451;306;13202;13345;7.05;0.43;246.89;17.81;751;74;4591.00;143
12455;74;628469277;12455;306;13203;13345;6.97;0.43;246.89;17.81;748;74;4592.00;142
12457;74;628469286;12457;304;13204;13345;6.91;0.42;246.89;17.81;747;74;4593.00;141
12460;74;628469294;12460;303;13208;13349;6.91;0.42;246.90;17.81;748;74;4594.00;141
12465;74;628469303;12465;310;13209;13349;6.85;0.42;246.86;17.81;744;74;4595.00;140
12469;74;628469311;12469;307;13209;13349;6.79;0.42;246.85;17.81;740;74;4596.00;140
12470;74;628469319;12470;300;13210;13349;6.71;0.41;246.86;17.81;740;74;4597.00;139
12472;74;628469333;12472;293;13210;13350;6.68;0.41;246.87;17.81;738;74;4598.00;140
12474;74;628469341;12474;290;13211;13351;6.68;0.41;246.89;17.81;737;74;4599.00;140
12477;74;628469351;12477;286;13211;13351;6.67;0.41;246.86;17.81;734;74;4600.00;140
12484;74;628469363;12484;283;13212;13352;6.64;0.41;246.82;17.81;728;74;4601.00;140
12487;74;628469372;12487;282;13212;13352;6.66;0.41;246.80;17.81;725;74;4602.00;140
12490;74;628469381;12490;280;13212;13352;6.64;0.41;246.79;17.81;722;74;4603.00;140
12493;74;628469389;12493;275;13212;13352;6.62;0.40;246.77;17.81;719;74;4604.00;140
12497;74;628469398;12497;275;13212;13352;6.66;0.41;246.74;17.81;715;74;4605.00;140
12499;74;628469406;12499;278;13212;13352;6.66;0.41;246.75;17.81;713;74;4606.00;140
12501;74;628469414;12501;280;13212;13352;6.71;0.41;246.74;17.81;711;74;4607.00;140
12505;74;628469422;12505;283;13276;13479;7.29;0.45;246.71;17.72;771;74;4608.00;203
12510;74;628469440;12510;283;13277;13480;7.28;0.45;246.70;17.72;767;74;4609.00;203
12512;74;628469449;12512;281;13285;13480;7.48;0.46;246.68;17.71;773;74;4610.00;195
12514;74;628469458;12514;278;13290;13480;7.60;0.47;246.70;17.70;776;74;4611.00;190
12515;74;628469467;12515;280;13297;13480;7.67;0.48;246.68;17.70;782;74;4612.00;183
12519;74;628469482;12519;280;13302;13480;7.68;0.48;246.67;17.69;783;74;4613.00;178
12523;74;628469497;12523;279;13308;13480;7.69;0.48;246.71;17.69;785;74;4614.00;172
12525;74;628469507;12525;283;13310;13480;7.67;0.47;246.71;17.68;785;74;4615.00;170
12531;74;628469522;12531;287;13313;13481;7.57;0.47;246.69;17.68;782;74;4616.00;168
12533;74;628469537;12533;288;13317;13482;7.56;0.47;246.68;17.68;784;74;4617.00;165
12536;74;628469547;12536;289;13319;13482;7.53;0.46;246.70;17.68;783;74;4618.00;163
12540;74;628469557;12540;297;13323;13483;7.56;0.47;246.71;17.68;783;74;4619.00;160
12543;74;628469569;12543;296;13324;13483;7.58;0.47;246.73;17.68;781;74;4620.00;159
12547;74;628469578;12547;303;13326;13483;7.54;0.46;246.73;17.67;779;74;4621.00;157
12552;74;628469589;12552;302;13327;13483;7.49;0.46;246.76;17.67;775;74;4622.00;156
12558;74;628469599;12558;309;13331;13487;7.42;0.46;246.79;17.67;773;74;4623.00;156
12558;74;628469609;12558;318;13332;13487;7.44;0.46;246.79;17.67;774;74;4624.00;155
12564;74;628469618;12564;325;13333;13487;7.40;0.45;246.80;17.67;769;74;4625.00;154
12566;74;628469628;12566;329;13336;13490;7.32;0.45;246.81;17.67;770;74;4626.00;154
12566;74;628469638;12566;319;13336;13490;7.36;0.45;246.81;17.67;770;74;4627.00;154
12572;74;628469648;12572;313;13337;13490;7.32;0.45;246.78;17.67;765;74;4628.00;153
12574;74;628469659;12574;310;13340;13494;7.35;0.45;246.79;17.66;766;74;4629.00;154
12575;74;628469669;12575;305;13342;13495;7.33;0.45;246.81;17.66;767;74;4630.00;153
12579;74;628469679;12579;302;13342;13495;7.36;0.45;246.83;17.66;763;74;4631.00;153
12583;74;628469690;12583;299;13346;13499;7.43;0.46;246.81;17.66;763;74;4632.00;153
12584;74;628469700;12584;296;13346;13499;7.50;0.46;246.82;17.66;762;74;4633.00;153
12587;74;628469710;12587;298;13346;13499;7.53;0.46;246.80;17.66;759;74;4634.00;153
12587;74;628469721;12587;296;13348;13501;7.66;0.47;246.80;17.65;761;74;4635.00;153
12592;74;628469731;12592;295;13348;13501;7.70;0.47;246.76;17.65;756;74;4636.00;153
12593;74;628469749;12593;289;13352;13507;7.80;0.48;246.77;17.65;759;74;4637.00;155
12594;74;628469760;12594;283;13352;13507;7.85;0.48;246.76;17.65;758;74;4638.00;155
12595;74;628469771;12595;274;13353;13508;7.98;0.49;246.76;17.65;758;74;4639.00;155
12598;74;628469782;12598;262;13353;13508;8.03;0.49;246.71;17.65;755;74;4640.00;155
12600;74;628469804;12600;259;13353;13508;8.12;0.50;246.71;17.65;753;74;4641.00;155
12601;74;628469821;12601;251;13353;13508;8.24;0.51;246.71;17.65;752;74;4642.00;155
12604;74;628469846;12604;250;13353;13508;8.35;0.51;246.69;17.65;749;74;4643.00;155
12607;74;628469867;12607;239;13363;13520;8.52;0.52;246.67;17.63;756;74;4644.00;157
12609;74;628469885;12609;231;13364;13520;8.63;0.53;246.67;17.63;755;74;4645.00;156
12611;74;628469901;12611;212;13364;13520;8.84;0.54;246.67;17.63;753;74;4646.00;156
12611;74;628469918;12611;198;13364;13520;9.04;0.55;246.67;17.63;753;74;4647.00;156
12613;74;628469934;12613;182;13364;13520;9.23;0.56;246.66;17.63;751;74;4648.00;156
12616;74;628469947;12616;170;13364;13520;9.38;0.57;246.67;17.63;748;74;4649.00;156
12618;74;628469971;12618;169;13369;13526;9.46;0.58;246.65;17.63;751;74;4650.00;157
12620;74;628469985;12620;156;13369;13526;9.63;0.59;246.64;17.63;749;74;4651.00;157
12625;74;628469998;12625;150;13372;13530;9.82;0.60;246.63;17.62;747;74;4652.00;158
12630;74;628470018;12630;146;13374;13531;9.98;0.60;246.63;17.62;744;74;4653.00;157
12632;74;628470036;12632;140;13374;13531;10.13;0.61;246.62;17.62;742;74;4654.00;157
12638;74;628470050;12638;134;13374;13531;10.19;0.62;246.66;17.62;736;74;4655.00;157
12639;74;628470063;12639;140;13385;13544;10.27;0.62;246.69;17.61;746;74;4656.00;159
12641;74;628470077;12641;140;13385;13544;10.37;0.63;246.71;17.61;744;74;4657.00;159
12644;74;628470089;12644;139;13385;13544;10.45;0.63;246.76;17.61;741;74;4658.00;159
12647;74;628470100;12647;135;13386;13545;10.59;0.64;246.78;17.61;739;74;4659.00;159
12650;74;628470113;12650;137;13386;13546;10.74;0.65;246.79;17.61;736;74;4660.00;160
12653;74;628470124;12653;137;13386;13546;10.86;0.66;246.84;17.61;733;74;4661.00;160
12655;74;628470137;12655;137;13388;13549;10.95;0.66;246.85;17.60;733;74;4662.00;161
12656;74;628470149;12656;137;13388;13549;11.08;0.67;246.87;17.60;732;74;4663.00;161
12663;74;628470187;12663;126;13389;13549;11.18;0.68;246.90;17.60;726;74;4664.00;160
12665;74;628470203;12665;132;13389;13549;11.27;0.68;246.91;17.60;724;74;4665.00;160
12669;74;628470215;12669;136;13393;13555;11.30;0.68;246.95;17.60;724;74;4666.00;162
12672;74;628470227;12672;131;13393;13555;11.33;0.69;246.98;17.60;721;74;4667.00;162
12673;74;628470241;12673;131;13394;13555;11.36;0.69;246.98;17.60;721;74;4668.00;161
12679;74;628470254;12679;134;13394;13555;11.42;0.69;246.98;17.60;715;74;4669.00;161
12681;74;628470266;12681;134;13397;13559;11.48;0.69;247.00;17.59;716;74;4670.00;162
12681;74;628470279;12681;133;13398;13560;11.59;0.70;247.00;17.59;717;74;4671.00;162
12683;74;628470291;12683;134;13398;13560;11.67;0.70;247.03;17.59;715;74;4672.00;162
12686;74;628470303;12686;132;13399;13561;11.72;0.71;247.05;17.59;713;74;4673.00;162
12689;74;628470315;12689;130;13399;13561;11.74;0.71;247.08;17.59;710;74;4674.00;162
12690;74;628470326;12690;127;13399;13561;11.75;0.71;247.07;17.59;709;74;4675.00;162
12694;74;628470337;12694;122;13399;13561;11.73;0.71;247.10;17.59;705;74;4676.00;162
12695;74;628470350;12695;122;13399;13561;11.78;0.71;247.11;17.59;704;74;4677.00;162
12697;74;628470362;12697;125;13399;13561;11.85;0.72;247.13;17.59;702;74;4678.00;162
12698;74;628470373;12698;124;13399;13561;11.92;0.72;247.12;17.59;701;74;4679.00;162
12703;74;628470393;12703;143;13461;13686;11.58;0.71;247.15;17.51;758;74;4680.00;225
12706;74;628470414;12706;133;13461;13687;11.64;0.71;247.17;17.51;755;74;4681.00;226
12709;74;628470426;12709;122;13470;13687;11.76;0.72;247.17;17.50;761;74;4682.00;217
12711;74;628470438;12711;120;13472;13687;11.79;0.72;247.20;17.50;761;74;4683.00;215
12713;74;628470455;12713;118;13476;13687;11.84;0.72;247.21;17.49;763;74;4684.00;211
12714;74;628470468;12714;120;13479;13687;11.94;0.73;247.23;17.49;765;74;4685.00;208
12719;74;628470480;12719;123;13485;13687;11.96;0.73;247.28;17.48;766;74;4686.00;202
12724;74;628470492;12724;127;13489;13687;12.02;0.74;247.28;17.61;765;74;4687.00;198
12730;74;628470507;12730;130;13493;13688;12.04;0.74;247.30;17.61;763;74;4688.00;195
12732;74;628470520;12732;135;13496;13689;12.01;0.73;247.30;17.61;764;74;4689.00;193
12737;74;628470532;12737;136;13497;13689;11.98;0.73;247.31;17.61;760;74;4690.00;192
12740;74;628470543;12740;137;13501;13693;11.91;0.73;247.31;17.60;761;74;4691.00;192
12742;74;628470561;12742;133;13502;13693;11.84;0.72;247.32;17.60;760;74;4692.00;191
12745;74;628470572;12745;136;13503;13693;11.77;0.72;247.32;17.60;758;74;4693.00;190
12750;74;628470583;12750;137;13504;13693;11.70;0.71;247.33;17.60;754;74;4694.00;189
12754;74;628470596;12754;137;13508;13699;11.60;0.71;247.36;17.61;754;74;4695.00;191
12759;74;628470610;12759;137;13508;13699;11.57;0.70;247.32;17.61;749;74;4696.00;191
12761;74;628470628;12761;134;13509;13699;11.56;0.70;247.32;17.61;748;74;4697.00;190
12763;74;628470641;12763;133;13511;13702;11.63;0.71;247.32;17.61;748;74;4698.00;191
12769;74;628470654;12769;130;13512;13702;11.64;0.71;247.34;17.61;743;74;4699.00;190
12770;74;628470679;12770;123;13512;13702;11.67;0.71;247.35;17.61;742;74;4700.00;190
12772;74;628470695;12772;123;13513;13703;11.74;0.71;247.37;17.61;741;74;4701.00;190
12775;74;628470706;12775;121;13514;13704;11.73;0.71;247.37;17.61;739;74;4702.00;190
12778;74;628470719;12778;119;13514;13704;11.74;0.72;247.34;17.61;736;74;4703.00;190
12780;74;628470730;12780;122;13523;13717;11.71;0.71;247.36;17.59;743;74;4704.00;194
12780;74;628470743;12780;123;13523;13717;11.82;0.72;247.36;17.59;743;74;4705.00;194
12784;74;628470754;12784;126;13523;13717;11.84;0.72;247.35;17.59;739;74;4706.00;194
12788;74;628470767;12788;127;13525;13718;11.86;0.72;247.41;17.59;737;74;4707.00;193
12790;74;628470778;12790;126;13526;13718;11.88;0.72;247.40;17.59;736;74;4708.00;192
12795;74;628470791;12795;132;13528;13722;11.96;0.73;247.41;17.59;733;74;4709.00;194
12797;74;628470814;12797;132;13530;13722;12.01;0.73;247.39;17.59;733;74;4710.00;192
12802;74;628470828;12802;140;13533;13726;11.96;0.73;247.44;17.59;731;74;4711.00;193
12805;74;628470842;12805;141;13535;13726;11.93;0.73;247.44;17.59;730;74;4712.00;191
12806;74;628470856;12806;139;13535;13726;11.89;0.72;247.44;17.59;729;74;4713.00;191
12808;74;628470869;12808;139;13536;13726;11.85;0.72;247.46;17.59;728;74;4714.00;190
12813;74;628470881;12813;146;13536;13726;11.86;0.72;247.48;17.59;723;74;4715.00;190
12815;74;628470894;12815;150;13547;13738;11.82;0.72;247.46;17.59;732;74;4716.00;191
12819;74;628470912;12819;153;13549;13738;11.74;0.72;247.43;17.59;730;74;4717.00;189
12823;74;628470925;12823;158;13549;13738;11.64;0.71;247.45;17.59;726;74;4718.00;189
12826;74;628470938;12826;175;13550;13738;11.57;0.71;247.44;17.59;724;74;4719.00;188
12826;74;628470950;12826;180;13552;13738;11.50;0.70;247.44;17.61;726;74;4720.00;186
12829;74;628470962;12829;185;13553;13738;11.29;0.69;247.42;17.62;724;74;4721.00;185
12831;74;628470975;12831;191;13555;13739;11.18;0.68;247.41;17.63;724;74;4722.00;184
12834;74;628470987;12834;197;13556;13739;11.09;0.68;247.43;17.65;722;74;4723.00;183
12838;74;628470998;12838;202;13561;13745;11.05;0.67;247.41;17.65;723;74;4724.00;184
12843;74;628471010;12843;211;13565;13747;10.90;0.66;247.42;17.65;722;74;4725.00;182
12848;74;628471022;12848;214;13566;13747;10.77;0.66;247.40;17.67;718;74;4726.00;181
12850;75;628471040;12850;220;13567;13747;10.73;0.65;247.37;17.67;717;75;4727.00;180
12853;75;628471063;12853;228;13571;13751;10.73;0.65;247.34;17.68;718;75;4728.00;180
12855;75;628471078;12855;231;13571;13751;10.67;0.65;247.33;17.68;716;75;4729.00;180
12857;75;628471089;12857;232;13572;13751;10.55;0.64;247.36;17.69;715;75;4730.00;179
12858;75;628471098;12858;237;13574;13752;10.39;0.63;247.36;17.70;716;75;4731.00;178
12858;75;628471108;12858;243;13578;13756;10.19;0.62;247.36;17.71;720;75;4732.00;178
12859;75;628471118;12859;248;13579;13756;10.00;0.61;247.35;17.72;720;75;4733.00;177
12859;75;628471127;12859;256;13582;13759;9.94;0.61;247.35;17.72;723;75;4734.00;177
12861;75;628471137;12861;259;13584;13759;9.79;0.60;247.33;17.73;723;75;4735.00;175
12862;75;628471147;12862;265;13585;13759;9.65;0.59;247.34;17.74;723;75;4736.00;174
12865;75;628471156;12865;269;13586;13759;9.47;0.58;247.39;17.74;721;75;4737.00;173
12867;75;628471165;12867;274;13590;13763;9.42;0.58;247.39;17.75;723;75;4738.00;173
12869;75;628471175;12869;268;13591;13763;9.26;0.57;247.42;17.76;722;75;4739.00;172
12872;75;628471185;12872;263;13592;13763;9.17;0.56;247.44;17.76;720;75;4740.00;171
12875;76;628471195;12875;266;13594;13763;8.93;0.55;247.47;17.78;719;76;4741.00;169
12878;76;628471216;12878;265;13594;13764;8.82;0.54;247.47;17.78;716;76;4742.00;170
12879;76;628471229;12879;263;13597;13765;8.72;0.53;247.46;17.80;718;76;4743.00;168
12883;76;628471243;12883;271;13597;13765;8.57;0.53;247.47;17.80;714;76;4744.00;168
12883;76;628471252;12883;268;13599;13766;8.45;0.52;247.47;17.80;716;76;4745.00;167
12884;76;628471261;12884;274;13600;13766;8.41;0.52;247.47;17.81;716;76;4746.00;166
12886;76;628471270;12886;281;13601;13766;8.29;0.51;247.45;17.82;715;76;4747.00;165
12888;76;628471279;12888;281;13602;13766;8.22;0.50;247.46;17.83;714;76;4748.00;164
12889;76;628471287;12889;282;13602;13766;8.19;0.50;247.45;17.83;713;76;4749.00;164
12893;76;628471296;12893;278;13602;13766;8.10;0.50;247.41;17.83;709;76;4750.00;164
12896;76;628471304;12896;282;13604;13766;7.97;0.49;247.38;17.85;708;76;4751.00;162
12899;76;628471313;12899;304;13669;13893;8.18;0.51;247.36;17.76;770;76;4752.00;224
12903;76;628471330;12903;302;13673;13894;8.05;0.50;247.33;17.78;770;76;4753.00;221
12907;76;628471339;12907;300;13680;13894;8.00;0.50;247.32;17.77;773;76;4754.00;214
12910;76;628471348;12910;303;13687;13894;7.90;0.49;247.31;17.76;777;76;4755.00;207
12912;76;628471356;12912;307;13695;13894;7.77;0.48;247.31;17.77;783;76;4756.00;199
12916;76;628471364;12916;309;13698;13894;7.62;0.48;247.35;17.77;782;76;4757.00;196
12920;76;628471373;12920;311;13704;13894;7.42;0.46;247.35;17.78;784;76;4758.00;190
12924;77;628471381;12924;308;13707;13894;7.33;0.46;247.32;17.78;783;77;4759.00;187
12929;77;628471401;12929;312;13709;13895;7.16;0.45;247.33;17.78;780;77;4760.00;186
12933;77;628471416;12933;312;13714;13896;7.03;0.44;247.31;17.79;781;77;4761.00;182
12935;77;628471425;12935;312;13716;13896;6.96;0.43;247.34;17.79;781;77;4762.00;180
12936;77;628471433;12936;317;13722;13897;6.85;0.43;247.33;17.80;786;77;4763.00;175
12938;77;628471443;12938;321;13724;13897;6.67;0.42;247.36;17.80;786;77;4764.00;173
12941;77;628471452;12941;324;13729;13897;6.62;0.41;247.35;17.80;788;77;4765.00;168
12945;77;628471461;12945;324;13732;13897;6.55;0.41;247.35;17.81;787;77;4766.00;165
12946;77;628471470;12946;319;13736;13901;6.56;0.41;247.36;17.81;790;77;4767.00;165
12949;77;628471479;12949;327;13739;13901;6.58;0.41;247.41;17.81;790;77;4768.00;162
12951;77;628471488;12951;326;13740;13901;6.61;0.41;247.44;17.81;789;77;4769.00;161
12954;77;628471499;12954;320;13744;13907;6.67;0.41;247.44;17.81;790;77;4770.00;163
12956;77;628471509;12956;322;13744;13907;6.65;0.41;247.44;17.81;788;77;4771.00;163
12959;77;628471518;12959;323;13745;13907;6.64;0.41;247.46;17.81;786;77;4772.00;162
12961;77;628471526;12961;325;13748;13911;6.66;0.41;247.43;17.80;787;77;4773.00;163
12965;77;628471536;12965;327;13750;13912;6.65;0.41;247.43;17.80;785;77;4774.00;162
12970;77;628471545;12970;329;13750;13912;6.61;0.41;247.42;17.80;780;77;4775.00;162
12973;77;628471554;12973;328;13754;13916;6.62;0.41;247.39;17.80;781;77;4776.00;162
12976;77;628471564;12976;335;13754;13916;6.65;0.41;247.43;17.80;778;77;4777.00;162
12978;77;628471573;12978;334;13755;13916;6.75;0.41;247.43;17.79;777;77;4778.00;161
12982;77;628471581;12982;322;13756;13917;6.79;0.42;247.40;17.79;774;77;4779.00;161
12985;77;628471591;12985;314;13756;13917;6.83;0.42;247.43;17.79;771;77;4780.00;161
12990;77;628471600;12990;310;13760;13923;6.87;0.42;247.43;17.79;770;77;4781.00;163
12994;77;628471610;12994;299;13760;13923;6.93;0.42;247.39;17.79;766;77;4782.00;163
12998;77;628471620;12998;287;13761;13924;7.02;0.43;247.40;17.79;763;77;4783.00;163
13001;77;628471630;13001;282;13761;13924;7.15;0.44;247.39;17.79;760;77;4784.00;163
13002;77;628471640;13002;279;13761;13924;7.33;0.45;247.38;17.79;759;77;4785.00;163
13004;77;628471650;13004;275;13761;13924;7.48;0.46;247.38;17.79;757;77;4786.00;163
13008;77;628471660;13008;270;13761;13924;7.58;0.46;247.41;17.79;753;77;4787.00;163
13011;77;628471670;13011;272;13771;13936;7.79;0.47;247.42;17.77;760;77;4788.00;165
13012;77;628471681;13012;270;13771;13936;7.89;0.48;247.42;17.77;759;77;4789.00;165
13012;77;628471691;13012;268;13772;13936;7.95;0.48;247.42;17.77;760;77;4790.00;164
13013;77;628471701;13013;269;13772;13936;7.93;0.48;247.42;17.77;759;77;4791.00;164
13018;77;628471711;13018;266;13772;13936;7.93;0.48;247.44;17.77;754;77;4792.00;164
13022;77;628471721;13022;264;13772;13936;7.97;0.49;247.42;17.77;750;77;4793.00;164
13024;77;628471731;13024;269;13775;13940;8.04;0.49;247.40;17.77;751;77;4794.00;165
13026;78;628471742;13026;273;13775;13940;8.06;0.49;247.40;17.77;749;78;4795.00;165
13027;78;628471768;13027;270;13778;13944;8.12;0.50;247.40;17.77;751;78;4796.00;166
13029;78;628471779;13029;270;13779;13945;8.12;0.50;247.40;17.76;750;78;4797.00;166
13032;78;628471795;13032;267;13780;13945;8.08;0.49;247.42;17.76;748;78;4798.00;165
13033;78;628471806;13033;264;13780;13945;8.08;0.49;247.41;17.76;747;78;4799.00;165
13038;78;628471827;13038;268;13802;13986;8.18;0.50;247.44;17.74;764;78;4800.00;184
13039;78;628471858;13039;267;13803;13986;8.20;0.50;247.45;17.73;764;78;4801.00;183
13045;78;628471875;13045;265;13805;13986;8.22;0.50;247.45;17.73;760;78;4802.00;181
13051;78;628471891;13051;265;13807;13987;8.23;0.50;247.46;17.73;756;78;4803.00;180
13054;78;628471905;13054;262;13807;13988;8.24;0.50;247.46;17.73;753;78;4804.00;181
13055;78;628471921;13055;265;13808;13988;8.27;0.51;247.49;17.73;753;78;4805.00;180
13059;78;628471936;13059;260;13811;13991;8.30;0.51;247.52;17.73;752;78;4806.00;180
13062;78;628471948;13062;254;13812;13991;8.31;0.51;247.50;17.72;750;78;4807.00;179
13066;78;628471960;13066;248;13813;13991;8.33;0.51;247.52;17.72;747;78;4808.00;178
13072;78;628471973;13072;242;13813;13991;8.34;0.51;247.51;17.72;741;78;4809.00;178
13074;78;628471984;13074;240;13818;13997;8.37;0.51;247.50;17.72;744;78;4810.00;179
13081;78;628471997;13081;238;13820;13997;8.44;0.51;247.52;17.72;739;78;4811.00;177
13087;78;628472010;13087;240;13820;13997;8.48;0.52;247.57;17.72;733;78;4812.00;177
13090;78;628472069;13090;238;13821;13997;8.51;0.52;247.58;17.72;731;78;4813.00;176
13094;78;628472093;13094;237;13824;14001;8.51;0.52;247.55;17.71;730;78;4814.00;177
13097;78;628472104;13097;235;13826;14003;8.61;0.52;247.56;17.71;729;78;4815.00;177
13101;78;628472116;13101;220;13827;14003;8.80;0.53;247.53;17.71;726;78;4816.00;176
13105;78;628472128;13105;201;13828;14004;8.98;0.54;247.56;17.71;723;78;4817.00;176
13108;78;628472140;13108;190;13828;14004;9.17;0.55;247.56;17.71;720;78;4818.00;176
13109;78;628472152;13109;180;13828;14004;9.41;0.57;247.55;17.71;719;78;4819.00;176
13112;78;628472165;13112;171;13828;14004;9.60;0.58;247.58;17.71;716;78;4820.00;176
13115;78;628472177;13115;165;13828;14004;9.76;0.59;247.59;17.71;713;78;4821.00;176
13117;78;628472189;13117;163;13829;14004;9.94;0.60;247.60;17.71;712;78;4822.00;175
13119;78;628472201;13119;150;13829;14004;10.14;0.61;247.59;17.71;710;78;4823.00;175
13119;78;628472220;13119;155;13870;14074;10.10;0.61;247.59;17.66;751;78;4824.00;204
13121;78;628472244;13121;143;13870;14075;10.26;0.62;247.61;17.66;749;78;4825.00;205
13123;78;628472258;13123;132;13874;14075;10.45;0.63;247.62;17.65;751;78;4826.00;201
13124;78;628472270;13124;129;13875;14075;10.55;0.64;247.62;17.65;751;78;4827.00;200
13128;78;628472284;13128;126;13879;14077;10.71;0.65;247.64;17.65;751;78;4828.00;198
13129;78;628472296;13129;123;13880;14077;10.83;0.66;247.65;17.65;751;78;4829.00;197
13132;78;628472311;13132;120;13883;14077;10.94;0.67;247.65;17.65;751;78;4830.00;194
13135;78;628472324;13135;123;13884;14077;11.07;0.67;247.65;17.64;749;78;4831.00;193
13138;78;628472337;13138;128;13885;14078;11.15;0.68;247.67;17.64;747;78;4832.00;193
13139;78;628472350;13139;131;13888;14079;11.33;0.69;247.67;17.64;749;78;4833.00;191
13142;78;628472363;13142;131;13891;14079;11.30;0.69;247.69;17.64;749;78;4834.00;188
13148;78;628472376;13148;132;13896;14083;11.30;0.69;247.77;17.64;748;78;4835.00;187
13151;78;628472389;13151;136;13897;14083;11.33;0.69;247.79;17.64;746;78;4836.00;186
13154;78;628472401;13154;141;13899;14083;11.40;0.69;247.80;17.64;745;78;4837.00;184
13158;79;628472412;13158;143;13901;14083;11.42;0.69;247.78;17.64;743;79;4838.00;182
13160;79;628472438;13160;146;13907;14089;11.44;0.69;247.79;17.63;747;79;4839.00;182
13164;79;628472451;13164;146;13909;14089;11.51;0.70;247.79;17.63;745;79;4840.00;180
13167;79;628472465;13167;148;13909;14089;11.53;0.70;247.80;17.63;742;79;4841.00;180
13167;79;628472478;13167;147;13912;14092;11.65;0.71;247.80;17.62;745;79;4842.00;180
13169;79;628472491;13169;150;13912;14092;11.73;0.71;247.82;17.62;743;79;4843.00;180
13174;79;628472503;13174;151;13912;14092;11.83;0.72;247.81;17.62;738;79;4844.00;180
13174;79;628472516;13174;150;13912;14093;11.84;0.72;247.81;17.62;738;79;4845.00;181
13178;79;628472528;13178;155;13913;14094;11.86;0.72;247.83;17.62;735;79;4846.00;181
13180;79;628472540;13180;150;13913;14094;11.86;0.72;247.85;17.62;733;79;4847.00;181
13184;79;628472552;13184;152;13924;14107;11.80;0.72;247.90;17.61;740;79;4848.00;183
13188;79;628472565;13188;147;13924;14107;11.79;0.72;247.92;17.61;736;79;4849.00;183
13194;79;628472576;13194;152;13924;14107;11.76;0.72;247.96;17.61;730;79;4850.00;183
13195;79;628472588;13195;145;13925;14108;11.76;0.72;247.95;17.61;730;79;4851.00;183
13199;79;628472601;13199;141;13925;14108;11.76;0.72;247.98;17.61;726;79;4852.00;183
13201;79;628472612;13201;140;13929;14112;11.76;0.72;248.00;17.74;728;79;4853.00;183
13206;79;628472625;13206;137;13930;14112;11.86;0.72;247.99;17.74;724;79;4854.00;182
13210;79;628472637;13210;144;13933;14116;11.88;0.72;248.03;17.74;723;79;4855.00;183
13212;79;628472649;13212;145;13933;14116;11.89;0.72;248.03;17.74;721;79;4856.00;183
13214;79;628472661;13214;145;13933;14116;11.91;0.72;248.04;17.74;719;79;4857.00;183
13222;79;628472672;13222;143;13933;14116;11.88;0.72;248.05;17.74;711;79;4858.00;183
13223;79;628472684;13223;145;13933;14116;11.85;0.72;248.06;17.74;710;79;4859.00;183
13229;79;628472697;13229;145;13952;14150;11.77;0.72;248.08;17.72;723;79;4860.00;198
13235;79;628472711;13235;144;13952;14150;11.83;0.72;248.07;17.72;717;79;4861.00;198
13236;79;628472723;13236;137;13954;14150;11.92;0.73;248.10;17.71;718;79;4862.00;196
13240;79;628472734;13240;134;13954;14150;11.99;0.73;248.12;17.71;714;79;4863.00;196
13244;79;628472746;13244;133;13955;14150;12.08;0.73;248.16;17.71;711;79;4864.00;195
13247;79;628472758;13247;135;13957;14150;12.17;0.74;248.13;17.74;710;79;4865.00;193
13250;79;628472770;13250;133;13958;14151;12.21;0.74;248.20;17.74;708;79;4866.00;193
13255;79;628472782;13255;133;13958;14151;12.23;0.74;248.20;17.74;703;79;4867.00;193
13257;80;628472792;13257;131;13962;14157;12.34;0.75;248.22;17.73;705;80;4868.00;195
13262;80;628472825;13262;127;13963;14158;12.36;0.75;248.22;17.73;701;80;4869.00;195
13266;80;628472837;13266;125;13964;14158;12.36;0.75;248.19;17.73;698;80;4870.00;194
13269;80;628472849;13269;122;13964;14158;12.35;0.75;248.20;17.73;695;80;4871.00;194
13273;80;628472865;13273;123;13968;14162;12.30;0.75;248.21;17.73;695;80;4872.00;194
13276;80;628472881;13276;120;13969;14162;12.18;0.74;248.20;17.72;693;80;4873.00;193
13281;80;628472892;13281;124;13969;14162;12.15;0.74;248.19;17.72;688;80;4874.00;193
13285;80;628472901;13285;130;13970;14163;12.15;0.74;248.17;17.72;685;80;4875.00;193
13289;80;628472911;13289;132;13973;14167;12.07;0.73;248.14;17.72;684;80;4876.00;194
13292;80;628472921;13292;128;13974;14167;12.03;0.73;248.15;17.72;682;80;4877.00;193
13296;80;628472932;13296;131;13977;14170;11.96;0.72;248.11;17.72;681;80;4878.00;193
13300;80;628472946;13300;134;13978;14170;11.87;0.72;248.11;17.72;678;80;4879.00;192
13300;80;628472957;13300;137;13979;14170;11.76;0.71;248.11;17.72;679;80;4880.00;191
13302;80;628472966;13302;139;13979;14170;11.73;0.71;248.11;17.72;677;80;4881.00;191
13307;80;628472977;13307;138;13983;14174;11.66;0.71;248.09;17.71;676;80;4882.00;191
13308;80;628472988;13308;148;13983;14174;11.66;0.71;248.07;17.71;675;80;4883.00;191
13311;80;628472998;13311;148;13984;14174;11.65;0.71;248.06;17.71;673;80;4884.00;190
13315;80;628473007;13315;149;13984;14174;11.55;0.70;248.04;17.71;669;80;4885.00;190
13315;80;628473018;13315;149;13984;14175;11.42;0.69;248.04;17.71;669;80;4886.00;191
13318;80;628473027;13318;153;13985;14176;11.32;0.69;248.07;17.71;667;80;4887.00;191
13321;80;628473037;13321;160;13985;14176;11.20;0.68;248.14;17.71;664;80;4888.00;191
13322;80;628473046;13322;169;13986;14177;11.19;0.68;248.13;17.71;664;80;4889.00;191
13325;80;628473057;13325;176;13988;14177;11.09;0.68;248.14;17.73;663;80;4890.00;189
13328;80;628473066;13328;175;13988;14177;11.05;0.67;248.16;17.73;660;80;4891.00;189
13331;80;628473076;13331;180;13988;14177;10.90;0.67;248.21;17.73;657;80;4892.00;189
13333;80;628473086;13333;190;13990;14177;10.70;0.65;248.21;17.76;657;80;4893.00;187
13335;80;628473096;13335;195;13990;14177;10.56;0.64;248.20;17.76;655;80;4894.00;187
13336;80;628473105;13336;200;13991;14177;10.54;0.64;248.21;17.77;655;80;4895.00;186
13337;80;628473113;13337;219;14054;14304;10.40;0.64;248.20;17.69;717;80;4896.00;250
13341;80;628473132;13341;219;14061;14305;10.33;0.64;248.21;17.72;720;80;4897.00;244
13343;80;628473142;13343;211;14071;14305;10.36;0.64;248.20;17.72;728;80;4898.00;234
13345;80;628473151;13345;217;14075;14305;10.29;0.63;248.19;17.73;730;80;4899.00;230
13348;80;628473162;13348;218;14083;14305;10.26;0.63;248.20;17.74;735;80;4900.00;222
13349;80;628473175;13349;227;14087;14305;10.21;0.63;248.19;17.73;738;80;4901.00;218
13351;80;628473184;13351;229;14091;14305;10.16;0.62;248.22;17.74;740;80;4902.00;214
13353;80;628473193;13353;232;14095;14305;10.06;0.62;248.25;17.75;742;80;4903.00;210
13356;80;628473202;13356;233;14100;14306;9.97;0.61;248.24;17.75;744;80;4904.00;206
13360;81;628473217;13360;240;14105;14308;9.81;0.60;248.20;17.76;745;81;4905.00;203
13363;81;628473233;13363;241;14108;14308;9.69;0.60;248.16;17.76;745;81;4906.00;200
13366;81;628473247;13366;246;14110;14309;9.52;0.59;248.14;17.76;744;81;4907.00;199
13369;81;628473257;13369;258;14116;14309;9.35;0.57;248.12;17.77;747;81;4908.00;193
13373;81;628473267;13373;255;14118;14309;9.18;0.56;248.13;17.78;745;81;4909.00;191
13373;81;628473277;13373;262;14121;14309;8.96;0.55;248.13;17.79;748;81;4910.00;188
13376;81;628473286;13376;268;14123;14313;8.73;0.54;248.10;17.79;747;81;4911.00;190
13380;81;628473296;13380;275;14127;14313;8.51;0.52;248.11;17.81;747;81;4912.00;186
13381;81;628473305;13381;278;14128;14313;8.35;0.51;248.10;17.81;747;81;4913.00;185
13381;81;628473314;13381;285;14133;14316;8.24;0.50;248.10;17.83;752;81;4914.00;183
13383;81;628473324;13383;290;14133;14316;8.12;0.50;248.08;17.83;750;81;4915.00;183
13384;81;628473332;13384;294;14135;14316;8.02;0.49;248.07;17.82;751;81;4916.00;181
13385;81;628473341;13385;300;14140;14320;7.91;0.48;248.10;17.84;755;81;4917.00;180
13387;81;628473351;13387;306;14142;14321;7.83;0.48;248.09;17.83;755;81;4918.00;179
13390;81;628473360;13390;312;14145;14321;7.72;0.47;248.06;17.85;755;81;4919.00;176
13392;81;628473371;13392;316;14149;14326;7.69;0.47;248.04;17.84;757;81;4920.00;177
13393;81;628473381;13393;317;14149;14326;7.58;0.46;248.02;17.84;756;81;4921.00;177
13394;81;628473390;13394;317;14151;14326;7.39;0.45;248.03;17.86;757;81;4922.00;175
13396;81;628473399;13396;321;14152;14327;7.25;0.45;248.05;17.86;756;81;4923.00;175
13399;81;628473408;13399;324;14152;14327;7.12;0.44;248.04;17.86;753;81;4924.00;175
13405;81;628473416;13405;330;14156;14333;6.95;0.43;248.03;17.85;751;81;4925.00;177
13406;81;628473425;13406;336;14156;14333;6.84;0.42;248.02;17.85;750;81;4926.00;177
13410;81;628473433;13410;343;14160;14334;6.59;0.41;248.05;17.87;750;81;4927.00;174
13411;81;628473442;13411;349;14160;14334;6.47;0.40;248.06;17.87;749;81;4928.00;174
13414;81;628473450;13414;357;14163;14334;6.27;0.39;248.08;17.89;749;81;4929.00;171
13420;81;628473458;13420;361;14163;14334;6.09;0.37;248.07;17.89;743;81;4930.00;171
13421;81;628473465;13421;346;14163;14334;5.96;0.37;248.08;17.89;742;81;4931.00;171
13423;81;628473473;13423;334;14173;14346;6.00;0.37;248.10;17.88;750;81;4932.00;173
13427;81;628473482;13427;317;14175;14346;5.95;0.37;248.12;17.89;748;81;4933.00;171
13427;81;628473491;13427;311;14176;14346;6.02;0.37;248.12;17.89;749;81;4934.00;170
13431;81;628473498;13431;304;14177;14346;6.06;0.37;248.14;17.90;746;81;4935.00;169
13433;82;628473507;13433;302;14178;14346;6.20;0.38;248.18;17.90;745;82;4936.00;168
13435;82;628473526;13435;292;14178;14346;6.31;0.39;248.20;17.90;743;82;4937.00;168
13438;82;628473535;13438;282;14182;14350;6.49;0.40;248.21;17.91;744;82;4938.00;168
13442;82;628473545;13442;277;14183;14350;6.64;0.41;248.23;17.91;741;82;4939.00;167
13444;82;628473553;13444;273;14186;14354;6.87;0.42;248.20;17.90;742;82;4940.00;168
13445;82;628473572;13445;266;14189;14355;7.02;0.43;248.22;17.91;744;82;4941.00;166
13450;82;628473581;13450;261;14189;14355;7.10;0.43;248.21;17.91;739;82;4942.00;166
13453;82;628473590;13453;264;14189;14355;7.12;0.43;248.25;17.91;736;82;4943.00;166
13457;82;628473599;13457;264;14200;14368;7.23;0.44;248.26;17.89;743;82;4944.00;168
13462;82;628473610;13462;256;14200;14368;7.31;0.44;248.26;17.89;738;82;4945.00;168
13466;82;628473619;13466;254;14200;14368;7.46;0.45;248.25;17.89;734;82;4946.00;168
13469;82;628473627;13469;251;14201;14369;7.58;0.46;248.27;17.89;732;82;4947.00;168
13470;82;628473637;13470;247;14201;14370;7.74;0.47;248.28;17.89;731;82;4948.00;169
13473;82;628473646;13473;245;14201;14370;7.81;0.48;248.29;17.89;728;82;4949.00;169
13476;82;628473657;13476;246;14205;14379;7.92;0.48;248.30;17.89;729;82;4950.00;174
13479;82;628473668;13479;240;14207;14379;8.03;0.49;248.31;17.88;728;82;4951.00;172
13484;82;628473677;13484;233;14207;14379;8.12;0.49;248.30;17.88;723;82;4952.00;172
13489;82;628473687;13489;233;14208;14379;8.16;0.50;248.29;17.88;719;82;4953.00;171
13495;82;628473698;13495;224;14211;14385;8.19;0.50;248.25;17.88;716;82;4954.00;174
13498;82;628473708;13498;214;14212;14385;8.23;0.50;248.26;17.88;714;82;4955.00;173
13501;82;628473717;13501;209;14213;14385;8.33;0.51;248.27;18.02;712;82;4956.00;172
13505;82;628473728;13505;209;14215;14385;8.39;0.51;248.23;18.02;710;82;4957.00;170
13510;82;628473738;13510;211;14218;14389;8.46;0.52;248.22;18.02;708;82;4958.00;171
13517;82;628473747;13517;203;14220;14390;8.43;0.51;248.20;18.02;703;82;4959.00;170
13520;82;628473758;13520;201;14220;14390;8.52;0.52;248.20;18.02;700;82;4960.00;170
13527;82;628473767;13527;197;14221;14391;8.58;0.52;248.19;18.02;694;82;4961.00;170
13532;82;628473777;13532;196;14221;14391;8.64;0.52;248.20;18.02;689;82;4962.00;170
13536;82;628473788;13536;197;14221;14391;8.72;0.53;248.17;18.02;685;82;4963.00;170
13538;82;628473798;13538;201;14221;14391;8.77;0.53;248.17;18.02;683;82;4964.00;170
13541;82;628473808;13541;200;14221;14391;8.84;0.53;248.17;18.02;680;82;4965.00;170
13544;82;628473824;13544;197;14221;14391;8.90;0.54;248.15;18.02;677;82;4966.00;170
13550;82;628473842;13550;193;14221;14391;8.87;0.54;248.17;18.02;671;82;4967.00;170
13552;82;628473856;13552;205;14265;14461;9.03;0.55;248.18;17.96;713;82;4968.00;196
13553;82;628473881;13553;197;14266;14462;9.15;0.56;248.17;17.96;713;82;4969.00;196
13556;82;628473897;13556;193;14272;14462;9.29;0.57;248.17;17.95;716;82;4970.00;190
13558;82;628473912;13558;193;14275;14462;9.43;0.58;248.20;17.95;717;82;4971.00;187
13561;82;628473927;13561;195;14280;14462;9.63;0.59;248.19;17.94;719;82;4972.00;182
13565;82;628473941;13565;197;14282;14462;9.71;0.59;248.20;17.94;717;82;4973.00;180
13568;82;628473953;13568;199;14286;14462;9.76;0.59;248.23;18.08;718;82;4974.00;176
13570;82;628473965;13570;202;14286;14462;9.75;0.59;248.23;18.08;716;82;4975.00;176
13573;82;628473979;13573;203;14288;14463;9.70;0.59;248.27;18.08;715;82;4976.00;175
13578;82;628473991;13578;194;14289;14464;9.67;0.59;248.24;18.08;711;82;4977.00;175
13582;82;628474004;13582;193;14290;14464;9.65;0.59;248.29;18.08;708;82;4978.00;174
13583;82;628474017;13583;190;14293;14468;9.58;0.58;248.29;18.08;710;82;4979.00;175
13585;82;628474032;13585;179;14293;14468;9.56;0.58;248.31;18.08;708;82;4980.00;175
13587;82;628474044;13587;182;14293;14468;9.65;0.59;248.31;18.08;706;82;4981.00;175
13589;82;628474056;13589;179;14293;14468;9.75;0.59;248.34;18.08;704;82;4982.00;175
13592;82;628474068;13592;180;14297;14474;9.80;0.60;248.31;18.07;705;82;4983.00;177
13593;82;628474081;13593;180;14298;14474;9.95;0.61;248.32;18.07;705;82;4984.00;176
13595;82;628474103;13595;174;14298;14474;10.09;0.61;248.31;18.07;703;82;4985.00;176
13597;82;628474123;13597;160;14300;14477;10.29;0.63;248.32;18.07;703;82;4986.00;177
13600;82;628474136;13600;149;14300;14477;10.42;0.63;248.32;18.07;700;82;4987.00;177
13601;82;628474148;13601;140;14301;14477;10.61;0.65;248.33;18.07;700;82;4988.00;176
13607;82;628474160;13607;138;14301;14478;10.71;0.65;248.34;18.07;694;82;4989.00;177
13610;82;628474173;13610;133;14302;14479;10.84;0.66;248.36;18.07;692;82;4990.00;177
13611;82;628474186;13611;127;14302;14479;10.92;0.66;248.35;18.07;691;82;4991.00;177
13614;83;628474198;13614;127;14313;14492;11.11;0.67;248.35;18.05;699;83;4992.00;179
13617;83;628474224;13617;124;14313;14492;11.26;0.68;248.34;18.05;696;83;4993.00;179
13618;83;628474236;13618;124;14313;14492;11.41;0.69;248.35;18.05;695;83;4994.00;179
13623;83;628474257;13623;129;14315;14494;11.49;0.70;248.34;18.05;692;83;4995.00;179
13627;83;628474271;13627;126;14315;14494;11.57;0.70;248.35;18.05;688;83;4996.00;179
13630;83;628474287;13630;122;14318;14498;11.63;0.71;248.38;18.05;688;83;4997.00;180
13633;83;628474301;13633;121;14319;14498;11.72;0.71;248.40;18.05;686;83;4998.00;179
13637;83;628474314;13637;123;14322;14502;11.77;0.71;248.38;18.04;685;83;4999.00;180
13640;83;628474336;13640;119;14322;14502;11.81;0.72;248.37;18.04;682;83;5000.00;180
13642;83;628474356;13642;121;14322;14502;11.84;0.72;248.39;18.04;680;83;5001.00;180
13643;83;628474368;13643;125;14322;14502;11.93;0.72;248.40;18.04;679;83;5002.00;180
13646;83;628474381;13646;121;14322;14502;11.95;0.73;248.41;18.04;676;83;5003.00;180
13648;83;628474393;13648;122;14331;14514;12.00;0.73;248.41;18.03;683;83;5004.00;183
13652;83;628474406;13652;126;14331;14514;11.98;0.73;248.43;18.03;679;83;5005.00;183
13655;83;628474418;13655;123;14333;14514;11.91;0.72;248.43;18.03;678;83;5006.00;181
13658;83;628474430;13658;123;14333;14514;11.92;0.72;248.44;18.03;675;83;5007.00;181
13660;83;628474442;13660;123;14333;14514;11.91;0.72;248.46;18.03;673;83;5008.00;181
13663;83;628474453;13663;120;14333;14514;12.02;0.73;248.48;18.03;670;83;5009.00;181
13665;83;628474476;13665;120;14333;14515;12.04;0.73;248.49;18.03;668;83;5010.00;182
13668;83;628474488;13668;121;14333;14515;12.15;0.74;248.51;18.03;665;83;5011.00;182
13669;83;628474500;13669;120;14337;14521;12.21;0.74;248.52;18.02;668;83;5012.00;184
13670;83;628474511;13670;120;14338;14522;12.26;0.75;248.53;18.02;668;83;5013.00;184
13673;83;628474522;13673;119;14339;14522;12.26;0.75;248.54;18.02;666;83;5014.00;183
13675;83;628474534;13675;121;14339;14522;12.35;0.75;248.53;18.02;664;83;5015.00;183
13677;83;628474544;13677;120;14342;14526;12.37;0.75;248.51;18.02;665;83;5016.00;184
13678;83;628474555;13678;120;14342;14526;12.35;0.75;248.51;18.02;664;83;5017.00;184
13682;83;628474565;13682;120;14342;14526;12.39;0.75;248.51;18.02;660;83;5018.00;184
13688;83;628474575;13688;122;14343;14527;12.41;0.75;248.53;18.02;655;83;5019.00;184
13690;83;628474586;13690;124;14346;14531;12.32;0.75;248.51;18.01;656;83;5020.00;185
13695;83;628474597;13695;129;14346;14531;12.25;0.74;248.55;18.01;651;83;5021.00;185
13700;83;628474611;13700;131;14348;14534;12.26;0.74;248.54;18.01;648;83;5022.00;186
13701;83;628474621;13701;135;14348;14534;12.25;0.74;248.54;18.01;647;83;5023.00;186
13705;83;628474631;13705;139;14349;14534;12.20;0.74;248.55;18.01;644;83;5024.00;185
13708;83;628474641;13708;142;14349;14534;12.15;0.74;248.53;18.01;641;83;5025.00;185
13710;83;628474651;13710;141;14352;14538;12.12;0.74;248.53;18.01;642;83;5026.00;186
13713;83;628474662;13713;136;14352;14538;12.19;0.74;248.52;18.01;639;83;5027.00;186
13717;83;628474671;13717;133;14354;14538;12.22;0.74;248.50;18.15;637;83;5028.00;184
13720;84;628474682;13720;128;14354;14538;12.27;0.75;248.50;18.15;634;84;5029.00;184
13725;84;628474702;13725;123;14354;14539;12.25;0.75;248.51;18.15;629;84;5030.00;185
13732;84;628474714;13732;120;14355;14540;12.14;0.74;248.51;18.15;623;84;5031.00;185
13734;84;628474725;13734;117;14355;14540;12.11;0.74;248.55;18.15;621;84;5032.00;185
13737;84;628474736;13737;114;14356;14541;12.13;0.74;248.52;18.15;619;84;5033.00;185
13742;84;628474753;13742;109;14356;14541;12.16;0.74;248.51;18.15;614;84;5034.00;185
13747;84;628474762;13747;110;14357;14541;12.17;0.74;248.52;18.16;610;84;5035.00;184
13749;84;628474774;13749;107;14357;14541;12.19;0.74;248.51;18.16;608;84;5036.00;184
13752;84;628474783;13752;110;14357;14541;12.25;0.75;248.50;18.16;605;84;5037.00;184
13754;84;628474798;13754;107;14357;14541;12.17;0.74;248.52;18.16;603;84;5038.00;184
13757;84;628474815;13757;103;14357;14541;12.17;0.74;248.49;18.16;600;84;5039.00;184
13762;84;628474826;13762;138;14457;14771;11.63;0.73;248.46;18.04;695;84;5040.00;314
13763;84;628474856;13763;135;14458;14772;11.63;0.72;248.45;18.04;695;84;5041.00;314
13767;84;628474866;13767;122;14468;14772;11.64;0.72;248.43;18.02;701;84;5042.00;304
13769;84;628474877;13769;119;14475;14772;11.64;0.72;248.42;18.17;706;84;5043.00;297
13774;84;628474887;13774;116;14481;14772;11.64;0.72;248.38;18.16;707;84;5044.00;291
13775;84;628474902;13775;117;14487;14772;11.60;0.72;248.40;18.16;712;84;5045.00;285
13777;85;628474917;13777;118;14495;14772;11.54;0.71;248.39;18.30;718;85;5046.00;277
13780;85;628474937;13780;114;14499;14772;11.47;0.71;248.37;18.29;719;85;5047.00;273
13782;85;628474956;13782;117;14505;14773;11.47;0.71;248.34;18.44;723;85;5048.00;268
13782;85;628474967;13782;116;14507;14774;11.52;0.71;248.34;18.44;725;85;5049.00;267
13785;85;628474977;13785;121;14513;14774;11.53;0.71;248.35;18.43;728;85;5050.00;261
13785;85;628474987;13785;124;14516;14775;11.55;0.71;248.35;18.43;731;85;5051.00;259
13787;85;628474997;13787;123;14519;14775;11.53;0.71;248.35;18.58;732;85;5052.00;256
13787;85;628475007;13787;130;14525;14775;11.47;0.71;248.35;18.58;738;85;5053.00;250
13789;85;628475018;13789;140;14528;14775;11.35;0.70;248.33;18.58;739;85;5054.00;247
13794;85;628475028;13794;141;14531;14779;11.24;0.69;248.35;18.57;737;85;5055.00;248
13796;85;628475039;13796;143;14538;14779;11.00;0.68;248.34;18.59;742;85;5056.00;241
13798;85;628475050;13798;154;14538;14779;10.85;0.67;248.34;18.59;740;85;5057.00;241
13800;85;628475060;13800;166;14543;14782;10.64;0.65;248.32;18.73;743;85;5058.00;239
13801;85;628475071;13801;178;14545;14782;10.46;0.64;248.32;18.73;744;85;5059.00;237
13805;85;628475087;13805;187;14549;14782;10.31;0.63;248.32;18.76;744;85;5060.00;233
13809;85;628475105;13809;193;14554;14786;10.17;0.62;248.31;18.75;745;85;5061.00;232
13811;85;628475116;13811;202;14559;14787;10.08;0.62;248.30;18.78;748;85;5062.00;228
13815;85;628475126;13815;211;14563;14787;9.94;0.61;248.28;18.78;748;85;5063.00;224
13816;85;628475142;13816;215;14566;14791;9.90;0.61;248.30;18.78;750;85;5064.00;225
13818;85;628475153;13818;226;14570;14791;9.72;0.59;248.28;18.80;752;85;5065.00;221
13818;85;628475168;13818;233;14573;14791;9.63;0.59;248.28;18.80;755;85;5066.00;218
13818;85;628475178;13818;241;14575;14792;9.46;0.58;248.28;18.81;757;85;5067.00;217
13820;85;628475187;13820;246;14578;14792;9.27;0.57;248.31;18.82;758;85;5068.00;214
13823;85;628475197;13823;259;14583;14798;9.12;0.56;248.28;18.83;760;85;5069.00;215
13823;85;628475209;13823;263;14584;14798;8.98;0.55;248.28;18.84;761;85;5070.00;214
13827;85;628475218;13827;276;14586;14799;8.76;0.54;248.22;18.84;759;85;5071.00;213
13828;85;628475228;13828;282;14589;14799;8.60;0.53;248.21;18.86;761;85;5072.00;210
13829;85;628475238;13829;288;14592;14799;8.44;0.52;248.21;18.87;763;85;5073.00;207
13831;85;628475248;13831;295;14595;14799;8.29;0.51;248.21;18.88;764;85;5074.00;204
13833;85;628475257;13833;302;14595;14799;8.16;0.50;248.19;18.88;762;85;5075.00;204
13835;85;628475266;13835;314;14608;14811;8.04;0.49;248.20;18.89;773;85;5076.00;203
13837;85;628475276;13837;325;14609;14811;7.81;0.48;248.23;18.89;772;85;5077.00;202
13838;85;628475285;13838;334;14613;14811;7.61;0.46;248.24;18.90;775;85;5078.00;198
13838;85;628475294;13838;338;14616;14811;7.45;0.46;248.24;18.90;778;85;5079.00;195
13839;85;628475303;13839;338;14618;14811;7.29;0.45;248.22;18.91;779;85;5080.00;193
13839;85;628475312;13839;344;14619;14811;7.22;0.44;248.22;18.92;780;85;5081.00;192
13840;85;628475322;13840;348;14623;14815;7.16;0.44;248.21;18.92;783;85;5082.00;192
13840;85;628475330;13840;339;14624;14815;7.10;0.44;248.21;18.93;784;85;5083.00;191
13840;85;628475339;13840;326;14627;14819;7.18;0.44;248.21;18.93;787;85;5084.00;192
13842;85;628475349;13842;316;14630;14821;7.23;0.44;248.21;18.93;788;85;5085.00;191
13845;85;628475359;13845;309;14632;14821;7.24;0.44;248.17;18.94;787;85;5086.00;189
13846;85;628475368;13846;301;14632;14821;7.33;0.45;248.16;18.94;786;85;5087.00;189
13847;85;628475378;13847;303;14645;14834;7.42;0.46;248.15;18.94;798;85;5088.00;189
13847;85;628475389;13847;302;14645;14834;7.52;0.46;248.15;18.94;798;85;5089.00;189
13848;85;628475413;13848;297;14646;14834;7.50;0.46;248.14;18.94;798;85;5090.00;188
13848;85;628475422;13848;292;14648;14835;7.50;0.46;248.14;18.95;800;85;5091.00;187
13852;85;628475432;13852;289;14649;14836;7.39;0.45;248.13;18.96;797;85;5092.00;187
13856;85;628475442;13856;285;14650;14836;7.31;0.45;248.14;18.96;794;85;5093.00;186
13858;85;628475451;13858;290;14653;14839;7.33;0.45;248.13;18.97;795;85;5094.00;186
13864;85;628475461;13864;286;14654;14839;7.29;0.45;248.12;18.97;790;85;5095.00;185
13866;85;628475471;13866;292;14655;14839;7.31;0.45;248.12;18.97;789;85;5096.00;184
13870;85;628475481;13870;298;14656;14839;7.25;0.44;248.12;18.98;786;85;5097.00;183
13874;85;628475491;13874;297;14660;14845;7.18;0.44;248.12;18.97;786;85;5098.00;185
13875;85;628475501;13875;303;14662;14845;7.08;0.44;248.14;18.98;787;85;5099.00;183
13878;85;628475513;13878;298;14667;14864;7.03;0.43;248.18;18.98;789;85;5100.00;197
13879;85;628475528;13879;292;14669;14864;6.99;0.43;248.18;18.99;790;85;5101.00;195
13883;85;628475538;13883;289;14673;14868;6.98;0.43;248.15;18.99;790;85;5102.00;195
13885;85;628475547;13885;293;14674;14869;7.02;0.43;248.15;18.98;789;85;5103.00;195
13887;85;628475556;13887;289;14676;14869;6.98;0.43;248.14;18.99;789;85;5104.00;193
13892;85;628475566;13892;285;14677;14870;7.04;0.43;248.18;18.99;785;85;5105.00;193
13894;85;628475575;13894;280;14680;14870;7.09;0.44;248.18;19.00;786;85;5106.00;190
13896;85;628475585;13896;264;14681;14870;7.23;0.45;248.18;19.00;785;85;5107.00;189
13899;85;628475594;13899;265;14682;14870;7.43;0.46;248.22;19.00;783;85;5108.00;188
13904;85;628475603;13904;253;14683;14870;7.58;0.47;248.19;19.01;779;85;5109.00;187
13909;85;628475614;13909;246;14683;14870;7.69;0.47;248.20;19.01;774;85;5110.00;187
13913;85;628475623;13913;230;14684;14870;7.76;0.48;248.19;19.16;771;85;5111.00;186
13918;85;628475635;13918;230;14717;14940;7.95;0.49;248.20;19.12;799;85;5112.00;223
13923;85;628475650;13923;220;14721;14941;7.92;0.49;248.23;19.11;798;85;5113.00;220
13927;85;628475661;13927;219;14729;14941;8.06;0.50;248.23;19.10;802;85;5114.00;212
13930;85;628475671;13930;215;14730;14941;8.13;0.50;248.24;19.10;800;85;5115.00;211
13937;85;628475681;13937;212;14735;14941;8.25;0.51;248.21;19.10;798;85;5116.00;206
13943;85;628475691;13943;210;14736;14941;8.25;0.51;248.21;19.10;793;85;5117.00;205
13947;85;628475702;13947;203;14739;14941;8.31;0.51;248.17;19.09;792;85;5118.00;202
13951;85;628475712;13951;203;14742;14941;8.30;0.51;248.17;19.09;791;85;5119.00;199
13957;85;628475723;13957;199;14744;14942;8.32;0.51;248.13;19.09;787;85;5120.00;198
13960;85;628475734;13960;198;14747;14943;8.41;0.51;248.14;19.09;787;85;5121.00;196
13965;85;628475745;13965;200;14749;14943;8.47;0.52;248.13;19.09;784;85;5122.00;194
13970;85;628475756;13970;206;14753;14947;8.57;0.52;248.11;19.08;783;85;5123.00;194
13974;85;628475767;13974;203;14753;14947;8.71;0.53;248.15;19.08;779;85;5124.00;194
13979;85;628475778;13979;200;14754;14947;8.80;0.54;248.17;19.08;775;85;5125.00;193
13984;85;628475788;13984;207;14754;14947;8.84;0.54;248.19;19.08;770;85;5126.00;193
13990;85;628475799;13990;218;14757;14953;8.83;0.54;248.15;19.08;767;85;5127.00;196
13997;85;628475811;13997;214;14757;14953;8.82;0.54;248.15;19.08;760;85;5128.00;196
14001;85;628475829;14001;213;14758;14953;8.86;0.54;248.18;19.08;757;85;5129.00;195
14004;85;628475849;14004;215;14761;14959;9.01;0.55;248.22;19.08;757;85;5130.00;198
14010;85;628475869;14010;212;14762;14959;9.00;0.55;248.24;19.08;752;85;5131.00;197
14014;85;628475887;14014;213;14762;14959;9.10;0.55;248.29;19.08;748;85;5132.00;197
14017;85;628475902;14017;215;14764;14960;9.14;0.56;248.32;19.08;747;85;5133.00;196
14021;85;628475920;14021;220;14765;14961;9.14;0.55;248.33;19.08;744;85;5134.00;196
14024;85;628475937;14024;226;14766;14961;9.19;0.56;248.33;19.08;742;85;5135.00;195
14028;85;628475949;14028;227;14776;14974;9.24;0.56;248.32;19.06;748;85;5136.00;198
14035;85;628475962;14035;226;14777;14974;9.14;0.55;248.38;19.07;742;85;5137.00;197
14036;85;628475975;14036;228;14777;14974;9.11;0.55;248.37;19.07;741;85;5138.00;197
14041;85;628475988;14041;228;14779;14975;9.15;0.56;248.39;19.06;738;85;5139.00;196
14044;85;628475999;14044;232;14779;14975;9.19;0.56;248.43;19.06;735;85;5140.00;196
14048;85;628476013;14048;232;14783;14979;9.16;0.56;248.41;19.06;735;85;5141.00;196
14051;85;628476025;14051;233;14784;14979;9.15;0.56;248.43;19.07;733;85;5142.00;195
14053;85;628476037;14053;234;14789;14983;9.10;0.55;248.45;19.06;736;85;5143.00;194
14057;85;628476049;14057;240;14790;14983;9.10;0.55;248.42;19.06;733;85;5144.00;193
14060;85;628476062;14060;243;14790;14983;9.15;0.56;248.46;19.06;730;85;5145.00;193
14064;85;628476073;14064;245;14791;14983;9.19;0.56;248.50;19.06;727;85;5146.00;192
14067;85;628476085;14067;236;14791;14983;9.21;0.56;248.51;19.06;724;85;5147.00;192
14072;85;628476096;14072;222;14800;14995;9.25;0.56;248.53;19.05;728;85;5148.00;195
14074;85;628476109;14074;212;14801;14995;9.35;0.57;248.54;19.05;727;85;5149.00;194
14077;85;628476121;14077;207;14804;14995;9.48;0.57;248.55;19.05;727;85;5150.00;191
14080;85;628476132;14080;207;14804;14995;9.60;0.58;248.57;19.05;724;85;5151.00;191
14082;85;628476144;14082;205;14805;14995;9.60;0.58;248.57;19.05;723;85;5152.00;190
14084;85;628476156;14084;208;14805;14995;9.66;0.59;248.57;19.05;721;85;5153.00;190
14088;85;628476169;14088;205;14806;14996;9.64;0.58;248.53;19.05;718;85;5154.00;190
14090;85;628476188;14090;207;14807;14998;9.56;0.58;248.54;19.05;717;85;5155.00;191
14094;85;628476200;14094;191;14811;15004;9.57;0.58;248.60;19.04;717;85;5156.00;193
14096;85;628476213;14096;181;14814;15005;9.65;0.59;248.59;19.04;718;85;5157.00;191
14097;85;628476225;14097;170;14814;15005;9.74;0.59;248.60;19.04;717;85;5158.00;191
14100;85;628476237;14100;157;14815;15005;9.87;0.60;248.60;19.04;715;85;5159.00;190
14103;85;628476251;14103;148;14819;15010;9.96;0.61;248.61;19.03;716;85;5160.00;191
14105;85;628476270;14105;146;14819;15010;10.09;0.61;248.60;19.03;714;85;5161.00;191
14108;85;628476282;14108;141;14819;15010;10.22;0.62;248.62;19.03;711;85;5162.00;191
14110;85;628476297;14110;137;14820;15011;10.37;0.63;248.64;19.03;710;85;5163.00;191
14114;85;628476316;14114;134;14823;15015;10.46;0.64;248.62;19.03;709;85;5164.00;192
14117;85;628476332;14117;132;14823;15015;10.63;0.65;248.63;19.03;706;85;5165.00;192
14122;85;628476346;14122;131;14825;15018;10.79;0.66;248.67;19.02;703;85;5166.00;193
14124;85;628476360;14124;127;14825;15018;10.93;0.67;248.67;19.02;701;85;5167.00;193
14125;85;628476372;14125;129;14826;15018;11.01;0.67;248.69;19.02;701;85;5168.00;192
14127;85;628476384;14127;124;14827;15018;11.13;0.68;248.69;19.18;700;85;5169.00;191
14130;85;628476397;14130;121;14830;15022;11.22;0.69;248.70;19.17;700;85;5170.00;192
14132;85;628476410;14132;121;14830;15022;11.27;0.69;248.70;19.17;698;85;5171.00;192
14134;85;628476422;14134;124;14831;15022;11.39;0.69;248.71;19.17;697;85;5172.00;191
14138;85;628476434;14138;125;14831;15022;11.49;0.70;248.71;19.17;693;85;5173.00;191
14141;86;628476451;14141;127;14831;15023;11.48;0.70;248.72;19.17;690;86;5174.00;192
14144;86;628476482;14144;128;14833;15025;11.48;0.70;248.73;19.17;689;86;5175.00;192
14147;86;628476494;14147;130;14833;15025;11.42;0.70;248.72;19.17;686;86;5176.00;192
14150;86;628476505;14150;129;14834;15026;11.41;0.70;248.71;19.17;684;86;5177.00;192
14152;86;628476517;14152;133;14834;15026;11.44;0.70;248.69;19.17;682;86;5178.00;192
14157;86;628476528;14157;132;14834;15026;11.36;0.69;248.65;19.17;677;86;5179.00;192
14159;86;628476538;14159;136;14834;15026;11.37;0.69;248.66;19.17;675;86;5180.00;192
14161;86;628476548;14161;133;14834;15026;11.34;0.69;248.69;19.17;673;86;5181.00;192
14163;86;628476558;14163;135;14834;15026;11.35;0.69;248.69;19.17;671;86;5182.00;192
14169;86;628476574;14169;138;14834;15026;11.30;0.69;248.74;19.17;665;86;5183.00;192
14169;86;628476585;14169;166;14905;15153;10.99;0.68;248.74;19.08;736;86;5184.00;248
14171;86;628476605;14171;148;14906;15154;10.96;0.67;248.76;19.07;735;86;5185.00;248
14174;86;628476616;14174;138;14910;15154;11.04;0.68;248.75;19.07;736;86;5186.00;244
14177;86;628476632;14177;132;14913;15154;11.08;0.68;248.75;19.07;736;86;5187.00;241
14178;86;628476643;14178;133;14918;15154;11.15;0.68;248.75;19.06;740;86;5188.00;236
14180;86;628476654;14180;136;14919;15154;11.19;0.69;248.74;19.06;739;86;5189.00;235
14182;86;628476667;14182;140;14924;15154;11.23;0.69;248.73;19.06;742;86;5190.00;230
14188;86;628476678;14188;146;14924;15154;11.19;0.69;248.72;19.06;736;86;5191.00;230
14191;86;628476696;14191;151;14928;15155;11.27;0.69;248.77;19.05;737;86;5192.00;227
14199;86;628476707;14199;150;14933;15156;11.26;0.69;248.75;19.05;734;86;5193.00;223
14202;86;628476718;14202;156;14937;15156;11.27;0.69;248.78;19.05;735;86;5194.00;219
14204;86;628476728;14204;162;14941;15157;11.35;0.69;248.78;19.05;737;86;5195.00;216
14206;86;628476738;14206;166;14942;15157;11.35;0.70;248.78;19.04;736;86;5196.00;215
14209;86;628476750;14209;169;14943;15157;11.28;0.69;248.76;19.04;734;86;5197.00;214
14212;86;628476760;14212;176;14945;15157;11.23;0.69;248.77;19.04;733;86;5198.00;212
14219;86;628476770;14219;179;14947;15161;11.13;0.68;248.76;19.04;728;86;5199.00;214
14221;86;628476783;14221;180;14948;15161;11.08;0.68;248.76;19.04;727;86;5200.00;213
14227;86;628476797;14227;180;14950;15161;11.01;0.67;248.76;19.04;723;86;5201.00;211
14230;86;628476807;14230;176;14952;15164;10.85;0.66;248.76;19.04;722;86;5202.00;212
14235;86;628476819;14235;171;14954;15164;10.69;0.65;248.74;19.04;719;86;5203.00;210
14238;86;628476829;14238;175;14955;15164;10.58;0.64;248.71;19.04;717;86;5204.00;209
14240;86;628476839;14240;174;14961;15168;10.47;0.64;248.69;19.06;721;86;5205.00;207
14243;86;628476851;14243;171;14962;15169;10.45;0.64;248.67;19.06;719;86;5206.00;207
14248;86;628476862;14248;176;14963;15169;10.47;0.64;248.66;19.06;715;86;5207.00;206
14250;86;628476872;14250;174;14965;15173;10.58;0.64;248.64;19.06;715;86;5208.00;208
14254;86;628476882;14254;174;14966;15173;10.58;0.64;248.60;19.06;712;86;5209.00;207
14255;86;628476891;14255;168;14966;15173;10.61;0.64;248.59;19.06;711;86;5210.00;207
14256;86;628476900;14256;166;14967;15174;10.57;0.64;248.59;19.06;711;86;5211.00;207
14256;86;628476910;14256;167;14968;15174;10.51;0.64;248.59;19.06;712;86;5212.00;206
14257;86;628476919;14257;172;14971;15180;10.51;0.64;248.58;19.05;714;86;5213.00;209
14261;86;628476930;14261;172;14972;15180;10.42;0.63;248.54;19.05;711;86;5214.00;208
14264;86;628476939;14264;169;14973;15180;10.33;0.63;248.53;19.05;709;86;5215.00;207
14265;86;628476949;14265;177;14973;15181;10.28;0.62;248.52;19.05;708;86;5216.00;208
14267;86;628476958;14267;185;14974;15181;10.18;0.62;248.49;19.05;707;86;5217.00;207
14268;86;628476968;14268;191;14974;15181;10.15;0.62;248.48;19.05;706;86;5218.00;207
14270;86;628476977;14270;192;14976;15181;10.12;0.61;248.45;19.05;706;86;5219.00;205
14274;86;628476988;14274;199;14995;15217;10.10;0.62;248.42;19.03;721;86;5220.00;222
14277;86;628477001;14277;200;14995;15217;10.07;0.61;248.40;19.03;718;86;5221.00;222
14279;86;628477010;14279;201;14998;15217;10.02;0.61;248.44;19.02;719;86;5222.00;219
14280;86;628477020;14280;208;15000;15217;9.88;0.60;248.44;19.02;720;86;5223.00;217
14280;86;628477029;14280;205;15000;15217;9.74;0.59;248.44;19.02;720;86;5224.00;217
14283;86;628477037;14283;208;15002;15217;9.59;0.59;248.44;19.02;719;86;5225.00;215
14284;86;628477047;14284;207;15006;15221;9.57;0.58;248.42;19.02;722;86;5226.00;215
14286;86;628477056;14286;216;15006;15221;9.52;0.58;248.42;19.02;720;86;5227.00;215
14287;86;628477066;14287;220;15010;15225;9.43;0.57;248.41;19.01;723;86;5228.00;215
14288;86;628477075;14288;224;15012;15226;9.39;0.57;248.40;19.01;724;86;5229.00;214
14288;86;628477085;14288;238;15016;15226;9.35;0.57;248.40;19.03;728;86;5230.00;210
14288;86;628477100;14288;247;15016;15226;9.30;0.57;248.40;19.03;728;86;5231.00;210
14289;86;628477109;14289;258;15026;15239;9.19;0.56;248.38;19.02;737;86;5232.00;213
14289;86;628477119;14289;260;15027;15239;9.02;0.55;248.38;19.03;738;86;5233.00;212
14292;86;628477129;14292;265;15028;15239;8.88;0.54;248.37;19.03;736;86;5234.00;211
14294;86;628477138;14294;265;15031;15240;8.81;0.54;248.36;19.05;737;86;5235.00;209
14294;86;628477148;14294;261;15032;15241;8.75;0.53;248.36;19.05;738;86;5236.00;209
14296;86;628477157;14296;260;15034;15241;8.71;0.53;248.35;19.06;738;86;5237.00;207
14296;86;628477172;14296;258;15037;15244;8.75;0.53;248.35;19.08;741;86;5238.00;207
14299;86;628477182;14299;253;15037;15244;8.81;0.54;248.35;19.08;738;86;5239.00;207
14299;86;628477192;14299;251;15041;15244;8.85;0.54;248.35;19.10;742;86;5240.00;203
14300;86;628477201;14300;252;15042;15244;8.85;0.54;248.34;19.11;742;86;5241.00;202
14301;86;628477210;14301;251;15046;15250;8.88;0.54;248.34;19.11;745;86;5242.00;204
14302;86;628477220;14302;250;15049;15250;8.84;0.54;248.34;19.12;747;86;5243.00;201
14303;86;628477230;14303;251;15049;15250;8.76;0.53;248.38;19.12;746;86;5244.00;201
14306;86;628477239;14306;246;15049;15250;8.64;0.52;248.35;19.12;743;86;5245.00;201
14307;86;628477256;14307;250;15054;15254;8.50;0.52;248.35;19.14;747;86;5246.00;200
14310;86;628477265;14310;248;15055;15255;8.33;0.51;248.32;19.13;745;86;5247.00;200
14311;86;628477274;14311;252;15057;15255;8.26;0.50;248.31;19.15;746;86;5248.00;198
14311;86;628477283;14311;253;15058;15256;8.15;0.49;248.31;19.15;747;86;5249.00;198
14312;86;628477294;14312;255;15060;15256;8.08;0.49;248.31;19.16;748;86;5250.00;196
14312;86;628477303;14312;257;15060;15256;8.05;0.49;248.31;19.16;748;86;5251.00;196
14313;87;628477312;14313;249;15062;15256;8.08;0.49;248.30;19.18;749;87;5252.00;194
14313;87;628477331;14313;253;15062;15256;8.13;0.50;248.30;19.18;749;87;5253.00;194
14314;88;628477340;14314;252;15064;15256;8.11;0.50;248.33;19.18;750;88;5254.00;192
14317;88;628477360;14317;248;15065;15256;8.14;0.50;248.31;19.19;748;88;5255.00;191
14318;88;628477369;14318;252;15104;15326;8.41;0.52;248.33;19.14;786;88;5256.00;222
14318;88;628477384;14318;257;15109;15327;8.46;0.52;248.33;19.15;791;88;5257.00;218
14320;88;628477398;14320;257;15118;15327;8.51;0.52;248.31;19.14;798;88;5258.00;209
14323;88;628477408;14323;254;15125;15327;8.53;0.53;248.31;19.13;802;88;5259.00;202
14326;88;628477418;14326;249;15130;15327;8.46;0.52;248.31;19.14;804;88;5260.00;197
14331;88;628477427;14331;255;15132;15327;8.32;0.51;248.31;19.14;801;88;5261.00;195
14333;88;628477437;14333;258;15135;15327;8.23;0.51;248.31;19.15;802;88;5262.00;192
14338;88;628477446;14338;263;15137;15327;8.06;0.50;248.26;19.17;799;88;5263.00;190
14343;88;628477455;14343;263;15140;15328;7.98;0.49;248.28;19.18;797;88;5264.00;188
14349;88;628477465;14349;261;15141;15330;7.81;0.48;248.28;19.18;792;88;5265.00;189
14355;88;628477475;14355;263;15142;15330;7.65;0.47;248.26;19.18;787;88;5266.00;188
14360;88;628477485;14360;266;15146;15334;7.50;0.46;248.27;19.19;786;88;5267.00;188
14364;88;628477495;14364;265;15147;15334;7.39;0.45;248.28;19.20;783;88;5268.00;187
14370;88;628477505;14370;263;15148;15334;7.28;0.45;248.30;19.21;778;88;5269.00;186
14373;88;628477515;14373;253;15149;15334;7.19;0.44;248.28;19.22;776;88;5270.00;185
14376;88;628477525;14376;255;15154;15340;7.19;0.44;248.28;19.21;778;88;5271.00;186
14378;88;628477535;14378;253;15155;15340;7.18;0.44;248.28;19.22;777;88;5272.00;185
14382;88;628477545;14382;243;15155;15340;7.22;0.44;248.27;19.22;773;88;5273.00;185
14383;88;628477554;14383;243;15160;15343;7.32;0.45;248.27;19.23;777;88;5274.00;183
14385;88;628477564;14385;243;15160;15343;7.39;0.46;248.28;19.23;775;88;5275.00;183
14389;88;628477573;14389;245;15160;15343;7.40;0.46;248.30;19.23;771;88;5276.00;183
14393;88;628477583;14393;242;15160;15344;7.49;0.46;248.30;19.23;767;88;5277.00;184
14396;88;628477599;14396;235;15161;15345;7.64;0.47;248.31;19.22;765;88;5278.00;184
14400;88;628477609;14400;225;15161;15345;7.80;0.48;248.31;19.22;761;88;5279.00;184
14402;88;628477620;14402;219;15181;15371;7.99;0.49;248.32;19.20;779;88;5280.00;190
14408;88;628477632;14408;209;15182;15371;8.17;0.50;248.34;19.20;774;88;5281.00;189
14415;88;628477643;14415;203;15183;15371;8.31;0.51;248.36;19.20;768;88;5282.00;188
14418;88;628477654;14418;201;15184;15372;8.52;0.52;248.35;19.20;766;88;5283.00;188
14423;88;628477665;14423;195;15184;15372;8.73;0.53;248.36;19.20;761;88;5284.00;188
14427;88;628477675;14427;194;15188;15376;8.92;0.55;248.40;19.19;761;88;5285.00;188
14434;88;628477687;14434;194;15188;15376;9.00;0.55;248.37;19.19;754;88;5286.00;188
14437;88;628477697;14437;186;15191;15379;9.13;0.56;248.38;19.19;754;88;5287.00;188
14445;88;628477708;14445;188;15191;15380;9.21;0.56;248.39;19.19;746;88;5288.00;189
14448;88;628477720;14448;185;15191;15380;9.31;0.57;248.40;19.19;743;88;5289.00;189
14451;88;628477730;14451;186;15191;15380;9.30;0.57;248.42;19.19;740;88;5290.00;189
14454;88;628477741;14454;184;15191;15380;9.30;0.57;248.43;19.19;737;88;5291.00;189
14457;88;628477751;14457;182;15202;15392;9.40;0.57;248.43;19.17;745;88;5292.00;190
14461;88;628477763;14461;187;15202;15392;9.48;0.58;248.42;19.17;741;88;5293.00;190
14464;88;628477779;14464;182;15202;15392;9.60;0.58;248.44;19.17;738;88;5294.00;190
14471;88;628477790;14471;184;15202;15392;9.64;0.59;248.45;19.17;731;88;5295.00;190
14473;88;628477801;14473;184;15202;15392;9.70;0.59;248.47;19.17;729;88;5296.00;190
14479;88;628477812;14479;186;15202;15392;9.79;0.59;248.49;19.17;723;88;5297.00;190
14483;88;628477827;14483;186;15202;15393;9.90;0.60;248.54;19.17;719;88;5298.00;191
14488;88;628477850;14488;192;15202;15393;9.93;0.60;248.53;19.17;714;88;5299.00;191
14493;88;628477880;14493;192;15206;15399;10.03;0.61;248.55;19.17;713;88;5300.00;193
14496;88;628477907;14496;194;15208;15400;10.09;0.61;248.56;19.17;712;88;5301.00;192
14500;88;628477924;14500;194;15208;15400;10.03;0.61;248.57;19.17;708;88;5302.00;192
14508;88;628477938;14508;193;15208;15400;9.97;0.61;248.56;19.17;700;88;5303.00;192
14511;89;628477951;14511;192;15211;15404;9.98;0.61;248.57;19.16;700;89;5304.00;193
14516;89;628477979;14516;189;15211;15404;9.91;0.60;248.56;19.16;695;89;5305.00;193
14520;89;628477991;14520;189;15211;15404;9.89;0.60;248.55;19.16;691;89;5306.00;193
14524;89;628478008;14524;193;15212;15405;9.89;0.60;248.58;19.16;688;89;5307.00;193
14525;89;628478021;14525;191;15215;15409;9.89;0.60;248.57;19.16;690;89;5308.00;194
14528;89;628478033;14528;190;15215;15409;9.88;0.60;248.61;19.16;687;89;5309.00;194
14530;89;628478046;14530;192;15218;15415;10.01;0.61;248.62;19.15;688;89;5310.00;197
14534;89;628478057;14534;199;15219;15415;10.04;0.61;248.61;19.15;685;89;5311.00;196
14538;89;628478069;14538;203;15220;15415;10.05;0.61;248.66;19.15;682;89;5312.00;195
14543;89;628478081;14543;201;15220;15415;9.92;0.60;248.63;19.15;677;89;5313.00;195
14548;89;628478093;14548;205;15223;15419;9.88;0.60;248.63;19.15;675;89;5314.00;196
14551;89;628478104;14551;208;15223;15419;9.79;0.60;248.64;19.15;672;89;5315.00;196
14552;89;628478115;14552;205;15224;15419;9.74;0.59;248.63;19.15;672;89;5316.00;195
14555;89;628478126;14555;195;15224;15419;9.69;0.59;248.64;19.15;669;89;5317.00;195
14559;89;628478137;14559;188;15225;15420;9.73;0.59;248.67;19.15;666;89;5318.00;195
14560;89;628478149;14560;190;15226;15421;9.77;0.60;248.71;19.15;666;89;5319.00;195
14567;89;628478160;14567;188;15226;15421;9.78;0.60;248.71;19.15;659;89;5320.00;195
14569;89;628478172;14569;193;15227;15422;9.75;0.59;248.72;19.14;658;89;5321.00;195
14572;89;628478183;14572;195;15227;15422;9.76;0.59;248.71;19.14;655;89;5322.00;195
14576;89;628478193;14576;192;15227;15422;9.76;0.59;248.72;19.14;651;89;5323.00;195
14581;89;628478205;14581;200;15227;15422;9.66;0.59;248.76;19.14;646;89;5324.00;195
14584;90;628478217;14584;199;15227;15422;9.61;0.58;248.77;19.14;643;90;5325.00;195
14587;90;628478235;14587;189;15227;15422;9.50;0.58;248.76;19.14;640;90;5326.00;195
14590;90;628478251;14590;176;15227;15422;9.43;0.57;248.78;19.14;637;90;5327.00;195
14591;90;628478262;14591;190;15295;15549;9.38;0.58;248.79;19.06;704;90;5328.00;254
14596;90;628478285;14596;173;15297;15550;9.41;0.58;248.81;19.06;701;90;5329.00;253
14598;90;628478297;14598;163;15302;15550;9.53;0.59;248.80;19.05;704;90;5330.00;248
14603;90;628478309;14603;157;15306;15550;9.63;0.59;248.81;19.05;703;90;5331.00;244
14604;90;628478322;14604;154;15308;15550;9.69;0.60;248.81;19.05;704;90;5332.00;242
14605;90;628478333;14605;152;15310;15550;9.78;0.60;248.83;19.04;705;90;5333.00;240
14606;90;628478345;14606;150;15314;15550;9.98;0.62;248.82;19.04;708;90;5334.00;236
14608;90;628478357;14608;145;15316;15550;10.10;0.62;248.81;19.04;708;90;5335.00;234
14610;90;628478370;14610;146;15320;15551;10.20;0.63;248.82;19.04;710;90;5336.00;231
14611;90;628478393;14611;146;15324;15552;10.31;0.64;248.82;19.03;713;90;5337.00;228
14614;90;628478406;14614;147;15327;15552;10.34;0.64;248.83;19.03;713;90;5338.00;225
14618;90;628478418;14618;148;15331;15553;10.33;0.64;248.89;19.03;713;90;5339.00;222
14620;90;628478433;14620;150;15334;15553;10.30;0.63;248.89;19.03;714;90;5340.00;219
14626;90;628478447;14626;155;15337;15553;10.34;0.63;248.88;19.03;711;90;5341.00;216
14627;90;628478460;14627;158;15341;15553;10.43;0.64;248.89;19.03;714;90;5342.00;212
14631;90;628478472;14631;158;15344;15557;10.49;0.64;248.95;19.02;713;90;5343.00;213
14632;90;628478484;14632;160;15347;15557;10.45;0.64;248.95;19.02;715;90;5344.00;210
14632;90;628478494;14632;165;15348;15557;10.48;0.64;248.95;19.02;716;90;5345.00;209
14636;90;628478506;14636;169;15350;15560;10.45;0.64;248.99;19.02;714;90;5346.00;210
14638;90;628478517;14638;176;15351;15560;10.49;0.64;248.98;19.02;713;90;5347.00;209
14639;90;628478535;14639;178;15352;15560;10.49;0.64;248.99;19.02;713;90;5348.00;208
14642;90;628478551;14642;181;15355;15564;10.39;0.64;249.01;19.01;713;90;5349.00;209
14644;90;628478571;14644;185;15357;15565;10.41;0.64;249.01;19.01;713;90;5350.00;208
14644;90;628478584;14644;187;15357;15565;10.45;0.64;249.01;19.01;713;90;5351.00;208
14647;90;628478602;14647;194;15361;15569;10.43;0.64;248.98;19.01;714;90;5352.00;208
14647;90;628478612;14647;191;15361;15569;10.40;0.63;248.98;19.01;714;90;5353.00;208
14651;90;628478622;14651;192;15361;15569;10.33;0.63;248.96;19.01;710;90;5354.00;208
14654;90;628478632;14654;193;15363;15571;10.22;0.62;248.95;19.00;709;90;5355.00;208
14654;90;628478643;14654;194;15363;15571;10.19;0.62;248.95;19.00;709;90;5356.00;208
14655;90;628478653;14655;197;15367;15577;10.24;0.62;248.94;19.00;712;90;5357.00;210
14658;90;628478663;14658;203;15367;15577;10.23;0.62;248.93;19.00;709;90;5358.00;210
14660;90;628478673;14660;204;15368;15577;10.30;0.63;248.91;19.00;708;90;5359.00;209
14665;90;628478683;14665;205;15368;15578;10.25;0.62;248.91;19.00;703;90;5360.00;210
14667;90;628478693;14667;207;15368;15578;10.28;0.63;248.88;19.00;701;90;5361.00;210
14670;90;628478702;14670;210;15368;15578;10.29;0.63;248.87;19.00;698;90;5362.00;210
14671;90;628478719;14671;209;15368;15578;10.30;0.63;248.85;19.00;697;90;5363.00;210
14674;90;628478728;14674;215;15377;15590;10.30;0.63;248.83;18.99;703;90;5364.00;213
14674;90;628478739;14674;211;15377;15590;10.34;0.63;248.83;18.99;703;90;5365.00;213
14675;90;628478748;14675;215;15380;15590;10.34;0.63;248.82;19.14;705;90;5366.00;210
14677;90;628478760;14677;217;15380;15590;10.26;0.63;248.81;19.14;703;90;5367.00;210
14679;90;628478769;14679;224;15380;15590;10.36;0.63;248.78;19.14;701;90;5368.00;210
14684;90;628478778;14684;223;15380;15590;10.35;0.63;248.75;19.14;696;90;5369.00;210
14686;90;628478789;14686;225;15383;15594;10.38;0.63;248.74;19.14;697;90;5370.00;211
14690;90;628478799;14690;221;15383;15594;10.37;0.63;248.74;19.14;693;90;5371.00;211
14695;90;628478808;14695;212;15386;15598;10.33;0.63;248.70;19.13;691;90;5372.00;212
14697;90;628478827;14697;205;15387;15599;10.31;0.63;248.68;19.13;690;90;5373.00;212
14699;90;628478837;14699;200;15389;15599;10.30;0.62;248.67;19.15;690;90;5374.00;210
14701;90;628478848;14701;199;15390;15599;10.32;0.63;248.70;19.16;689;90;5375.00;209
14704;90;628478857;14704;199;15399;15612;10.31;0.63;248.69;19.15;695;90;5376.00;213
14704;90;628478868;14704;195;15399;15612;10.36;0.63;248.69;19.15;695;90;5377.00;213
14704;90;628478877;14704;191;15401;15612;10.32;0.63;248.69;19.15;697;90;5378.00;211
14705;90;628478886;14705;189;15402;15613;10.33;0.63;248.68;19.15;697;90;5379.00;211
14708;90;628478895;14708;192;15403;15614;10.27;0.62;248.65;19.15;695;90;5380.00;211
14709;90;628478903;14709;192;15403;15614;10.22;0.62;248.65;19.15;694;90;5381.00;211
14712;90;628478912;14712;191;15405;15617;10.17;0.62;248.64;19.15;693;90;5382.00;212
14714;90;628478921;14714;192;15406;15617;10.18;0.62;248.65;19.15;692;90;5383.00;211
14715;90;628478930;14715;203;15406;15617;10.29;0.63;248.65;19.15;691;90;5384.00;211
14719;90;628478939;14719;200;15406;15617;10.36;0.63;248.66;19.15;687;90;5385.00;211
14721;90;628478949;14721;200;15410;15623;10.42;0.63;248.65;19.15;689;90;5386.00;213
14724;90;628478958;14724;191;15410;15623;10.41;0.63;248.65;19.15;686;90;5387.00;213
14724;90;628478968;14724;183;15411;15623;10.48;0.64;248.65;19.14;687;90;5388.00;212
14725;90;628478977;14725;177;15411;15623;10.51;0.64;248.66;19.14;686;90;5389.00;212
14727;90;628478986;14727;172;15414;15627;10.47;0.64;248.65;19.14;687;90;5390.00;213
14731;90;628478996;14731;168;15415;15628;10.39;0.63;248.61;19.14;684;90;5391.00;213
14733;90;628479012;14733;163;15415;15628;10.39;0.63;248.61;19.14;682;90;5392.00;213
14735;90;628479022;14735;156;15416;15629;10.45;0.63;248.60;19.14;681;90;5393.00;213
14736;90;628479033;14736;152;15416;15629;10.46;0.63;248.60;19.14;680;90;5394.00;213
14737;90;628479043;14737;149;15416;15629;10.48;0.64;248.60;19.14;679;90;5395.00;213
14738;90;628479052;14738;152;15417;15629;10.46;0.63;248.60;19.14;679;90;5396.00;212
14742;90;628479062;14742;152;15417;15629;10.56;0.64;248.65;19.14;675;90;5397.00;212
14742;90;628479072;14742;152;15417;15629;10.57;0.64;248.65;19.14;675;90;5398.00;212
14742;90;628479089;14742;149;15417;15629;10.54;0.64;248.65;19.14;675;90;5399.00;212
