step_arrived;step_collisions;step_duration;step_ended;step_halting;step_inserted;step_loaded;step_meanSpeed;step_meanSpeedRelative;step_meanTravelTime;step_meanWaitingTime;step_running;step_teleports;step_time;step_waiting
0;0;627443417;0;1;85;245;16.64;1.17;-1.00;0.00;85;0;0.00;160
0;0;627443445;0;1;98;245;15.87;1.10;-1.00;0.13;98;0;1.00;147
0;0;627443446;0;0;118;245;15.17;1.03;-1.00;0.45;118;0;2.00;127
0;0;627443448;0;1;134;245;14.18;0.95;-1.00;0.75;134;0;3.00;111
0;0;627443449;0;0;147;245;13.17;0.88;-1.00;1.04;147;0;4.00;98
0;0;627443450;0;3;155;245;12.32;0.82;-1.00;1.25;155;0;5.00;90
0;0;627443452;0;5;165;245;11.45;0.76;-1.00;1.53;165;0;6.00;80
0;0;627443453;0;8;171;245;10.88;0.72;-1.00;1.73;171;0;7.00;74
0;0;627443455;0;13;178;246;10.32;0.68;-1.00;1.97;178;0;8.00;68
0;0;627443457;0;12;180;247;10.01;0.66;-1.00;2.05;180;0;9.00;67
0;0;627443460;0;15;190;247;9.81;0.65;-1.00;2.47;190;0;10.00;57
1;0;627443462;1;23;197;248;9.62;0.63;11.00;2.72;196;0;11.00;51
1;0;627443464;1;29;202;248;9.55;0.62;11.00;2.92;201;0;12.00;46
1;0;627443466;1;29;207;248;9.35;0.61;11.00;3.16;206;0;13.00;41
1;0;627443470;1;32;212;248;9.28;0.60;11.00;3.42;211;0;14.00;36
1;0;627443472;1;38;216;252;9.07;0.59;11.00;3.50;215;0;15.00;36
1;0;627443475;1;44;220;252;8.86;0.57;11.00;3.73;219;0;16.00;32
1;0;627443478;1;48;223;252;8.64;0.56;11.00;3.91;222;0;17.00;29
2;0;627443481;2;48;226;255;8.73;0.56;14.50;4.01;224;0;18.00;29
2;0;627443484;2;56;228;255;8.83;0.56;14.50;4.14;226;0;19.00;27
4;0;627443486;4;63;229;255;8.79;0.56;17.25;4.21;225;0;20.00;26
4;0;627443490;4;67;235;259;8.86;0.56;17.25;4.30;231;0;21.00;24
4;0;627443493;4;70;240;260;8.88;0.56;17.25;4.58;236;0;22.00;20
5;0;627443496;5;73;242;260;8.84;0.56;18.40;4.74;237;0;23.00;18
6;0;627443499;6;76;248;264;8.81;0.55;19.00;4.91;242;0;24.00;16
6;0;627443503;6;84;249;264;8.72;0.55;19.00;4.99;243;0;25.00;15
6;0;627443506;6;84;251;264;8.77;0.55;19.00;5.16;245;0;26.00;13
6;0;627443509;6;90;253;265;8.79;0.55;19.00;5.30;247;0;27.00;12
6;0;627443512;6;92;255;265;8.89;0.55;19.00;5.30;249;0;28.00;10
6;0;627443516;6;94;261;271;8.82;0.54;19.00;5.41;255;0;29.00;10
6;0;627443522;6;95;262;271;8.80;0.54;19.00;5.45;256;0;30.00;9
7;0;627443525;7;97;264;272;8.70;0.54;20.29;5.44;257;0;31.00;8
8;0;627443529;8;101;265;272;8.71;0.54;21.75;5.49;257;0;32.00;7
8;0;627443532;8;106;265;272;8.67;0.53;21.75;5.49;257;0;33.00;7
8;0;627443536;8;109;266;272;8.64;0.53;21.75;5.53;258;0;34.00;6
10;0;627443539;10;116;266;272;8.60;0.53;23.40;5.53;256;0;35.00;6
10;0;627443543;10;120;278;284;8.82;0.54;23.40;5.32;268;0;36.00;6
10;0;627443547;10;121;278;284;8.79;0.54;23.40;5.32;268;0;37.00;6
10;0;627443550;10;123;279;284;8.78;0.54;23.40;5.34;269;0;38.00;5
11;0;627443553;11;124;279;284;8.71;0.54;24.55;5.34;268;0;39.00;5
11;0;627443556;11;126;280;284;8.55;0.53;24.55;5.33;269;0;40.00;4
12;0;627443560;12;129;280;284;8.41;0.52;25.92;5.33;268;0;41.00;4
13;0;627443563;13;130;284;288;8.38;0.52;26.77;5.27;271;0;42.00;4
15;0;627443567;15;134;284;288;8.16;0.50;27.40;5.27;269;0;43.00;4
15;0;627443570;15;136;287;292;8.10;0.50;27.40;5.23;272;0;44.00;5
16;0;627443574;16;136;289;294;8.06;0.50;28.06;5.19;273;0;45.00;5
17;0;627443577;17;137;290;294;8.01;0.50;28.76;5.18;273;0;46.00;4
19;0;627443580;19;137;290;294;7.92;0.49;30.68;5.18;271;0;47.00;4
19;0;627443584;19;139;301;307;8.20;0.51;30.68;4.99;282;0;48.00;6
19;0;627443589;19;144;301;307;8.11;0.50;30.68;4.99;282;0;49.00;6
19;0;627443593;19;144;301;307;8.01;0.50;30.68;4.99;282;0;50.00;6
19;0;627443596;19;142;302;308;8.06;0.50;30.68;4.98;283;0;51.00;6
19;0;627443599;19;143;303;309;8.01;0.50;30.68;4.97;284;0;52.00;6
19;0;627443602;19;146;303;309;7.93;0.49;30.68;4.97;284;0;53.00;6
19;0;627443605;19;146;305;312;7.95;0.49;30.68;4.93;286;0;54.00;7
22;0;627443609;22;151;305;312;7.74;0.48;31.32;4.93;283;0;55.00;7
22;0;627443612;22;139;306;312;7.74;0.48;31.32;4.92;284;0;56.00;6
22;0;627443616;22;134;306;312;7.72;0.48;31.32;4.92;284;0;57.00;6
24;0;627443619;24;138;311;318;7.72;0.48;33.38;4.86;287;0;58.00;7
25;0;627443623;25;138;311;318;7.74;0.48;34.40;4.86;286;0;59.00;7
26;0;627443628;26;141;312;318;7.78;0.48;35.31;4.86;286;0;60.00;6
27;0;627443631;27;142;312;318;7.76;0.48;36.11;4.86;285;0;61.00;6
28;0;627443635;28;143;316;322;7.79;0.48;36.00;4.81;288;0;62.00;6
29;0;627443638;29;145;317;323;7.83;0.48;36.93;4.79;288;0;63.00;6
30;0;627443643;30;145;317;323;7.90;0.49;37.83;4.79;287;0;64.00;6
30;0;627443646;30;148;318;324;8.05;0.50;37.83;4.78;288;0;65.00;6
31;0;627443652;31;153;318;324;8.08;0.50;38.74;4.78;287;0;66.00;6
32;0;627443656;32;142;318;324;8.12;0.50;38.31;4.78;286;0;67.00;6
33;0;627443660;33;136;318;324;8.19;0.50;38.58;4.78;285;0;68.00;6
33;0;627443664;33;132;318;324;8.26;0.51;38.58;4.78;285;0;69.00;6
33;0;627443667;33;131;318;324;8.29;0.51;38.58;4.78;285;0;70.00;6
33;0;627443670;33;126;318;324;8.46;0.52;38.58;4.78;285;0;71.00;6
34;0;627443673;34;133;354;394;8.51;0.53;39.41;4.29;320;0;72.00;40
34;0;627443682;34;124;355;395;8.64;0.53;39.41;4.28;321;0;73.00;40
36;0;627443692;36;117;362;395;9.04;0.56;41.33;4.24;326;0;74.00;33
38;0;627443696;38;114;364;395;9.29;0.57;42.92;4.23;326;0;75.00;31
38;0;627443699;38;114;368;395;9.58;0.58;42.92;4.23;330;0;76.00;27
39;0;627443703;39;113;370;395;9.75;0.59;43.79;4.24;331;0;77.00;25
39;0;627443715;39;109;372;395;9.84;0.60;43.79;4.24;333;0;78.00;23
39;0;627443719;39;110;375;395;10.01;0.61;43.79;4.27;336;0;79.00;20
41;0;627443723;41;108;376;396;10.02;0.61;45.17;4.28;335;0;80.00;20
41;0;627443741;41;108;380;397;10.11;0.61;45.17;4.30;339;0;81.00;17
41;0;627443745;41;110;382;397;10.15;0.61;45.17;4.31;341;0;82.00;15
41;0;627443749;41;117;386;401;10.01;0.61;45.17;4.28;345;0;83.00;15
43;0;627443754;43;120;386;401;9.99;0.61;46.63;4.28;343;0;84.00;15
43;0;627443758;43;122;386;401;10.01;0.61;46.63;4.28;343;0;85.00;15
44;0;627443763;44;121;386;401;10.00;0.61;47.39;4.28;342;0;86.00;15
46;0;627443767;46;120;390;407;9.90;0.60;49.02;4.25;344;0;87.00;17
46;0;627443771;46;122;390;407;9.85;0.60;49.02;4.25;344;0;88.00;17
46;0;627443775;46;123;391;407;9.79;0.60;49.02;4.24;345;0;89.00;16
48;0;627443781;48;125;394;413;9.72;0.59;50.71;4.21;346;0;90.00;19
50;0;627443785;50;128;395;413;9.70;0.59;52.32;4.20;345;0;91.00;18
52;0;627443789;52;131;395;413;9.61;0.59;53.85;4.20;343;0;92.00;18
53;0;627443793;53;134;397;414;9.61;0.59;54.58;4.19;344;0;93.00;17
58;0;627443797;58;135;398;415;9.50;0.58;56.72;4.18;340;0;94.00;17
59;0;627443802;59;136;399;415;9.55;0.58;57.25;4.19;340;0;95.00;16
59;0;627443806;59;137;409;428;9.48;0.58;57.25;4.08;350;0;96.00;19
61;0;627443811;61;135;410;428;9.49;0.58;58.56;4.08;349;0;97.00;18
63;0;627443815;63;136;410;428;9.41;0.57;59.81;4.08;347;0;98.00;18
63;0;627443819;63;136;411;429;9.49;0.58;59.81;4.07;348;0;99.00;18
63;0;627443825;63;133;411;429;9.47;0.58;59.81;4.07;348;0;100.00;18
64;0;627443836;64;131;413;433;9.51;0.58;60.13;4.05;349;0;101.00;20
64;0;627443842;64;125;413;433;9.48;0.58;60.13;4.05;349;0;102.00;20
65;0;627443862;65;123;418;437;9.43;0.58;60.78;4.02;353;0;103.00;19
66;0;627443870;66;116;418;437;9.52;0.58;61.42;4.02;352;0;104.00;19
66;0;627443880;66;108;418;437;9.66;0.59;61.42;4.02;352;0;105.00;19
68;0;627443887;68;101;418;437;9.81;0.60;62.69;4.02;350;0;106.00;19
69;0;627443894;69;94;418;437;9.95;0.61;63.29;4.02;349;0;107.00;19
69;0;627443903;69;87;429;449;10.18;0.62;63.29;3.92;360;0;108.00;20
71;0;627443913;71;80;430;449;10.28;0.63;64.49;3.91;359;0;109.00;19
71;0;627443923;71;76;430;449;10.46;0.64;64.49;3.91;359;0;110.00;19
72;0;627443932;72;73;430;449;10.63;0.65;64.81;3.91;358;0;111.00;19
72;0;627443940;72;71;430;449;10.83;0.66;64.81;3.91;358;0;112.00;19
72;0;627443948;72;71;430;449;11.01;0.67;64.81;3.91;358;0;113.00;19
73;0;627443957;73;71;431;450;11.16;0.68;65.47;3.90;358;0;114.00;19
73;0;627443965;73;69;431;450;11.22;0.69;65.47;3.90;358;0;115.00;19
74;0;627443972;74;67;435;456;11.36;0.69;65.99;3.88;361;0;116.00;21
74;0;627443979;74;65;438;457;11.45;0.70;65.99;4.12;364;0;117.00;19
75;0;627443988;75;67;438;457;11.55;0.71;66.64;4.12;363;0;118.00;19
77;0;627443995;77;70;438;457;11.59;0.71;67.36;4.12;361;0;119.00;19
78;0;627444008;78;71;445;462;11.63;0.71;68.04;4.54;367;0;120.00;17
80;0;627444016;80;74;445;462;11.77;0.72;69.14;4.54;365;0;121.00;17
81;0;627444022;81;73;445;462;11.86;0.72;68.90;4.54;364;0;122.00;17
82;0;627444029;82;73;449;463;11.88;0.72;69.12;5.00;367;0;123.00;14
84;0;627444036;84;76;453;467;11.75;0.71;70.40;4.97;369;0;124.00;14
85;0;627444043;85;77;455;467;11.79;0.71;71.04;5.34;370;0;125.00;12
86;0;627444050;86;81;457;470;11.75;0.71;71.65;5.32;371;0;126.00;13
87;0;627444057;87;84;460;470;11.69;0.71;72.29;5.52;373;0;127.00;10
87;0;627444063;87;87;461;470;11.70;0.71;72.29;5.68;374;0;128.00;9
89;0;627444070;89;90;463;470;11.69;0.71;73.13;5.81;374;0;129.00;7
89;0;627444076;89;91;466;474;11.82;0.72;73.13;5.96;377;0;130.00;8
89;0;627444083;89;92;467;474;11.84;0.72;73.13;5.98;378;0;131.00;7
91;0;627444088;91;94;470;474;11.89;0.73;74.25;6.08;379;0;132.00;4
91;0;627444095;91;96;470;474;11.92;0.73;74.25;6.08;379;0;133.00;4
95;0;627444102;95;98;472;475;11.79;0.72;76.45;6.19;377;0;134.00;3
97;0;627444108;97;100;474;477;11.67;0.71;76.52;6.16;377;0;135.00;3
99;0;627444121;99;101;475;477;11.56;0.70;77.70;6.23;376;0;136.00;2
99;0;627444128;99;105;476;478;11.58;0.71;77.70;6.22;377;0;137.00;2
101;0;627444134;101;106;476;478;11.54;0.70;78.10;6.22;375;0;138.00;2
101;0;627444143;101;108;477;478;11.53;0.70;78.10;6.30;376;0;139.00;1
101;0;627444150;101;109;477;478;11.50;0.70;78.10;6.30;376;0;140.00;1
101;0;627444159;101;113;477;478;11.44;0.70;78.10;6.30;376;0;141.00;1
104;0;627444166;104;114;478;478;11.28;0.69;79.58;6.33;374;0;142.00;0
106;0;627444174;106;115;478;478;11.22;0.69;79.45;6.33;372;0;143.00;0
108;0;627444183;108;134;551;605;10.97;0.69;79.85;5.50;443;0;144.00;54
110;0;627444206;110;129;559;606;10.88;0.69;80.51;5.43;449;0;145.00;47
110;0;627444213;110;126;565;606;10.95;0.69;80.51;5.40;455;0;146.00;41
110;0;627444220;110;127;569;606;10.89;0.69;80.51;5.38;459;0;147.00;37
113;0;627444226;113;126;572;606;10.82;0.68;81.47;5.37;459;0;148.00;34
114;0;627444232;114;125;579;606;10.84;0.68;82.06;5.37;465;0;149.00;27
116;0;627444240;116;121;583;611;10.83;0.68;82.84;5.37;467;0;150.00;28
118;0;627444256;118;121;585;611;10.83;0.68;83.86;5.38;467;0;151.00;26
120;0;627444263;120;124;589;612;10.91;0.68;84.98;5.40;469;0;152.00;23
124;0;627444269;124;122;593;613;10.93;0.68;85.86;5.42;469;0;153.00;20
127;0;627444277;127;123;596;613;10.86;0.68;87.37;5.43;469;0;154.00;17
128;0;627444284;128;127;599;614;10.81;0.68;87.86;5.43;471;0;155.00;15
130;0;627444291;130;130;600;614;10.83;0.68;87.80;5.45;470;0;156.00;14
133;0;627444298;133;133;601;614;10.82;0.68;88.74;5.46;468;0;157.00;13
133;0;627444304;133;136;603;614;10.86;0.68;88.74;5.49;470;0;158.00;11
134;0;627444311;134;139;606;618;10.87;0.68;88.97;5.49;472;0;159.00;12
134;0;627444318;134;146;609;618;10.73;0.67;88.97;5.53;475;0;160.00;9
139;0;627444325;139;149;610;618;10.67;0.66;90.14;5.55;471;0;161.00;8
140;0;627444332;140;147;613;621;10.57;0.66;90.41;5.55;473;0;162.00;8
142;0;627444339;142;144;613;621;10.40;0.65;91.43;5.55;471;0;163.00;8
146;0;627444347;146;143;614;621;10.27;0.64;92.40;5.55;468;0;164.00;7
150;0;627444353;150;144;617;625;10.05;0.62;94.11;5.53;467;0;165.00;8
154;0;627444360;154;141;618;626;9.87;0.61;94.07;5.52;464;0;166.00;8
157;0;627444368;157;140;619;626;9.67;0.60;95.22;5.54;462;0;167.00;7
158;0;627444376;158;143;625;630;9.48;0.59;95.53;5.53;467;0;168.00;5
159;0;627444383;159;145;625;630;9.23;0.57;95.98;5.53;466;0;169.00;5
161;0;627444389;161;142;627;630;9.08;0.56;96.35;5.55;466;0;170.00;3
162;0;627444395;162;143;629;631;9.04;0.56;96.67;5.55;467;0;171.00;2
162;0;627444401;162;142;630;631;9.10;0.56;96.67;5.58;468;0;172.00;1
163;0;627444407;163;140;635;637;9.19;0.57;97.04;5.55;472;0;173.00;2
164;0;627444414;164;137;635;637;9.22;0.57;97.39;5.55;471;0;174.00;2
165;0;627444421;165;134;637;638;9.22;0.57;97.08;5.54;472;0;175.00;1
165;0;627444430;165;134;638;638;9.24;0.57;97.08;5.57;473;0;176.00;0
165;0;627444444;165;131;638;638;9.26;0.57;97.08;5.57;473;0;177.00;0
166;0;627444450;166;123;638;638;9.39;0.58;97.57;5.57;472;0;178.00;0
168;0;627444456;168;121;638;638;9.53;0.59;97.39;5.57;470;0;179.00;0
169;0;627444464;169;123;668;672;9.56;0.59;97.76;5.32;499;0;180.00;4
169;0;627444475;169;128;668;672;9.64;0.60;97.76;5.32;499;0;181.00;4
173;0;627444481;173;128;670;672;9.73;0.60;98.72;5.31;497;0;182.00;2
173;0;627444488;173;129;670;672;9.80;0.61;98.72;5.31;497;0;183.00;2
175;0;627444494;175;133;671;672;9.80;0.61;99.63;5.31;496;0;184.00;1
177;0;627444500;177;139;671;672;9.75;0.60;100.32;5.31;494;0;185.00;1
179;0;627444507;179;148;676;676;9.77;0.60;100.41;5.28;497;0;186.00;0
181;0;627444513;181;152;676;676;9.67;0.60;100.61;5.28;495;0;187.00;0
183;0;627444519;183;153;679;680;9.60;0.59;101.01;5.26;496;0;188.00;1
184;0;627444526;184;160;680;681;9.52;0.59;101.22;5.25;496;0;189.00;1
186;0;627444532;186;164;681;681;9.38;0.58;101.40;5.25;495;0;190.00;0
191;0;627444538;191;170;681;681;9.11;0.56;101.03;5.25;490;0;191.00;0
192;0;627444544;192;181;693;694;8.99;0.56;100.94;5.16;501;0;192.00;1
193;0;627444551;193;178;693;694;8.94;0.55;101.04;5.16;500;0;193.00;1
197;0;627444557;197;189;694;694;8.82;0.54;100.51;5.16;497;0;194.00;0
199;0;627444564;199;189;695;695;8.70;0.54;100.85;5.15;496;0;195.00;0
202;0;627444570;202;191;696;696;8.62;0.53;100.10;5.14;494;0;196.00;0
207;0;627444576;207;190;696;696;8.43;0.52;100.44;5.14;489;0;197.00;0
210;0;627444583;210;199;698;699;8.35;0.51;100.56;5.13;488;0;198.00;1
211;0;627444591;211;207;699;699;8.20;0.50;100.35;5.12;488;0;199.00;0
212;0;627444598;212;212;699;699;8.06;0.49;100.02;5.12;487;0;200.00;0
213;0;627444609;213;213;699;699;7.93;0.49;99.69;5.12;486;0;201.00;0
215;0;627444616;215;217;704;705;7.91;0.48;99.30;5.09;489;0;202.00;1
215;0;627444623;215;223;704;705;7.81;0.48;99.30;5.09;489;0;203.00;1
217;0;627444628;217;222;705;705;7.73;0.47;99.13;5.09;488;0;204.00;0
218;0;627444641;218;231;705;705;7.60;0.47;99.53;5.09;487;0;205.00;0
219;0;627444647;219;235;709;709;7.52;0.46;99.60;5.07;490;0;206.00;0
220;0;627444653;220;243;710;710;7.43;0.45;100.05;5.06;490;0;207.00;0
220;0;627444659;220;251;710;710;7.38;0.45;100.05;5.06;490;0;208.00;0
220;0;627444666;220;248;711;711;7.36;0.45;100.05;5.05;491;0;209.00;0
221;0;627444673;221;250;711;711;7.28;0.45;100.54;5.05;490;0;210.00;0
224;0;627444679;224;252;711;711;7.20;0.44;100.93;5.05;487;0;211.00;0
227;0;627444685;227;256;711;711;7.13;0.44;101.35;5.05;484;0;212.00;0
228;0;627444691;228;259;711;711;7.12;0.44;101.02;5.05;483;0;213.00;0
229;0;627444696;229;255;711;711;7.08;0.44;100.68;5.05;482;0;214.00;0
231;0;627444702;231;263;711;711;6.97;0.43;100.86;5.05;480;0;215.00;0
231;0;627444708;231;277;755;781;7.22;0.45;100.86;4.76;524;0;216.00;26
231;0;627444721;231;263;757;782;7.21;0.44;100.86;4.75;526;0;217.00;25
231;0;627444728;231;255;765;782;7.39;0.46;100.86;4.72;534;0;218.00;17
234;0;627444735;234;239;769;782;7.51;0.46;102.09;4.71;535;0;219.00;13
235;0;627444748;235;226;774;782;7.69;0.47;101.97;4.71;539;0;220.00;8
236;0;627444760;236;216;778;782;7.86;0.48;102.45;4.71;542;0;221.00;4
238;0;627444768;238;209;780;782;8.07;0.49;103.11;4.71;542;0;222.00;2
238;0;627444776;238;203;780;782;8.23;0.50;103.11;4.71;542;0;223.00;2
239;0;627444784;239;201;782;783;8.40;0.51;103.18;4.71;543;0;224.00;1
239;1;627444791;239;198;784;785;8.45;0.52;103.18;4.70;545;1;225.00;1
239;1;627444818;239;183;785;785;8.63;0.53;103.18;4.71;546;1;226.00;0
239;2;627444830;239;166;789;789;8.75;0.54;103.18;4.69;550;2;227.00;0
244;2;627444850;244;150;789;789;8.92;0.55;104.48;4.69;545;2;228.00;0
244;2;627444859;244;141;789;789;9.17;0.56;104.48;4.69;545;2;229.00;0
246;2;627444867;246;133;789;789;9.39;0.57;104.28;4.69;543;2;230.00;0
248;2;627444882;248;127;794;795;9.59;0.59;104.68;4.66;546;2;231.00;1
249;2;627444892;249;120;794;795;9.81;0.60;105.17;4.66;545;2;232.00;1
250;2;627444900;250;112;795;795;10.04;0.61;105.11;4.66;545;2;233.00;0
254;2;627444908;254;103;797;798;10.27;0.63;107.02;4.65;543;2;234.00;1
254;2;627444916;254;97;798;798;10.44;0.64;107.02;4.65;544;2;235.00;0
254;2;627444924;254;96;798;798;10.63;0.65;107.02;4.65;544;2;236.00;0
258;2;627444932;258;93;799;799;10.76;0.66;108.58;4.64;541;2;237.00;0
259;2;627444940;259;93;800;800;10.91;0.67;108.44;4.64;541;2;238.00;0
261;2;627444948;261;88;800;800;11.03;0.67;109.14;4.64;539;2;239.00;0
263;2;627444958;263;93;824;826;10.92;0.67;108.88;4.50;561;2;240.00;2
264;2;627444969;264;89;824;826;11.02;0.67;108.56;4.50;560;2;241.00;2
266;2;627444977;266;88;825;826;11.16;0.68;109.53;4.50;559;2;242.00;1
266;2;627444985;266;89;827;827;11.38;0.69;109.53;4.49;561;2;243.00;0
269;2;627444993;269;87;827;827;11.49;0.70;110.50;4.49;558;2;244.00;0
271;2;627445000;271;89;830;831;11.61;0.71;111.17;4.48;559;2;245.00;1
274;2;627445009;274;92;830;831;11.55;0.71;111.59;4.48;556;2;246.00;1
277;2;627445018;277;94;835;835;11.54;0.70;112.48;4.46;558;2;247.00;0
282;2;627445025;282;96;835;835;11.58;0.71;113.45;4.46;553;2;248.00;0
282;2;627445039;282;98;835;835;11.62;0.71;113.45;4.46;553;2;249.00;0
286;2;627445046;286;97;835;835;11.69;0.71;113.65;4.46;549;2;250.00;0
289;2;627445054;289;98;835;835;11.69;0.71;114.30;4.46;546;2;251.00;0
290;2;627445067;290;101;845;847;11.73;0.71;114.76;4.41;555;2;252.00;2
292;2;627445076;292;100;845;847;11.76;0.71;115.17;4.41;553;2;253.00;2
293;2;627445084;293;100;847;847;11.87;0.72;115.24;4.40;554;2;254.00;0
295;2;627445091;295;101;847;847;11.99;0.73;115.27;4.40;552;2;255.00;0
297;2;627445099;297;102;847;847;12.08;0.73;115.58;4.40;550;2;256.00;0
298;2;627445106;298;103;847;847;12.08;0.73;115.73;4.40;549;2;257.00;0
301;2;627445119;301;105;848;848;12.01;0.73;116.47;4.40;547;2;258.00;0
304;2;627445126;304;106;848;848;11.98;0.73;116.57;4.40;544;2;259.00;0
306;2;627445133;306;107;853;854;11.99;0.73;116.50;4.38;547;2;260.00;1
307;2;627445141;307;108;854;855;12.06;0.73;116.38;4.37;547;2;261.00;1
307;2;627445149;307;108;855;855;12.11;0.74;116.38;4.37;548;2;262.00;0
312;2;627445156;312;109;855;855;12.08;0.73;116.88;4.37;543;2;263.00;0
313;2;627445163;313;112;859;859;12.07;0.73;116.76;4.35;546;2;264.00;0
314;2;627445171;314;115;859;859;12.10;0.73;116.66;4.35;545;2;265.00;0
316;2;627445177;316;120;859;859;12.04;0.73;117.28;4.35;543;2;266.00;0
318;2;627445185;318;118;860;860;12.11;0.73;117.55;4.35;542;2;267.00;0
320;2;627445192;320;123;864;864;12.00;0.73;117.99;4.33;544;2;268.00;0
323;2;627445199;323;121;864;864;12.03;0.73;118.59;4.33;541;2;269.00;0
326;2;627445208;326;118;867;870;12.11;0.73;119.30;4.32;541;2;270.00;3
328;2;627445215;328;119;867;870;12.23;0.74;119.20;4.32;539;2;271.00;3
330;2;627445222;330;112;868;870;12.40;0.75;119.54;4.31;538;2;272.00;2
331;2;627445229;331;107;868;870;12.50;0.76;119.79;4.31;537;2;273.00;2
336;2;627445236;336;103;871;874;12.51;0.76;120.32;4.31;535;2;274.00;3
339;2;627445244;339;99;871;874;12.64;0.77;120.42;4.31;532;2;275.00;3
340;2;627445251;340;94;872;874;12.79;0.77;120.86;4.31;532;2;276.00;2
341;2;627445258;341;88;872;874;12.95;0.78;121.15;4.31;531;2;277.00;2
343;2;627445266;343;84;874;875;13.02;0.79;121.22;4.31;531;2;278.00;1
345;2;627445273;345;80;875;876;13.13;0.79;121.41;4.30;530;2;279.00;1
349;2;627445282;349;75;876;876;13.09;0.79;121.77;4.30;527;2;280.00;0
350;2;627445290;350;70;877;877;13.12;0.79;121.81;4.30;527;2;281.00;0
352;2;627445298;352;72;877;877;13.01;0.79;122.08;4.30;525;2;282.00;0
354;2;627445305;354;72;877;877;12.93;0.78;122.23;4.30;523;2;283.00;0
354;2;627445313;354;67;877;877;12.92;0.78;122.23;4.30;523;2;284.00;0
355;2;627445320;355;71;877;877;13.03;0.79;122.35;4.30;522;2;285.00;0
355;2;627445327;355;72;877;877;13.13;0.80;122.35;4.30;522;2;286.00;0
357;2;627445335;357;73;877;877;13.10;0.80;122.66;4.30;520;2;287.00;0
359;2;627445343;359;96;949;1004;12.49;0.77;123.32;3.98;590;2;288.00;55
359;2;627445360;359;87;952;1005;12.42;0.77;123.32;3.97;593;2;289.00;53
360;2;627445369;360;82;959;1005;12.43;0.77;123.68;3.95;599;2;290.00;46
362;2;627445377;362;83;963;1005;12.48;0.77;124.54;3.95;601;2;291.00;42
363;2;627445386;363;84;966;1005;12.57;0.78;124.60;3.95;603;2;292.00;39
365;2;627445394;365;85;970;1005;12.65;0.78;125.06;3.95;605;2;293.00;35
366;2;627445408;366;85;975;1005;12.67;0.78;125.13;3.96;609;2;294.00;30
371;2;627445416;371;86;978;1005;12.64;0.78;125.82;3.97;607;2;295.00;27
372;2;627445425;372;86;982;1006;12.67;0.78;126.26;3.99;610;2;296.00;24
378;2;627445433;378;90;985;1007;12.67;0.78;126.31;4.01;607;2;297.00;22
380;2;627445442;380;90;987;1007;12.56;0.77;126.20;4.02;607;2;298.00;20
383;2;627445451;383;95;990;1008;12.45;0.77;126.93;4.03;607;2;299.00;18
385;2;627445462;385;101;994;1014;12.24;0.76;126.70;4.06;609;2;300.00;20
387;2;627445476;387;111;996;1014;12.06;0.74;127.08;4.07;609;2;301.00;18
389;2;627445485;389;119;998;1014;11.94;0.74;127.24;4.09;609;2;302.00;16
390;2;627445494;390;126;1002;1018;11.89;0.73;127.08;4.10;612;2;303.00;16
390;2;627445504;390;137;1005;1018;11.79;0.73;127.08;4.14;615;2;304.00;13
392;2;627445512;392;145;1008;1018;11.62;0.72;127.17;4.16;616;2;305.00;10
393;2;627445521;393;151;1010;1021;11.46;0.71;127.33;4.16;617;2;306.00;11
397;2;627445530;397;159;1012;1021;11.30;0.69;127.62;4.16;615;2;307.00;9
401;2;627445539;401;166;1012;1021;11.13;0.68;127.92;4.16;611;2;308.00;9
403;2;627445548;403;169;1015;1025;10.93;0.67;127.74;4.15;612;2;309.00;10
407;2;627445556;407;177;1016;1026;10.77;0.66;128.47;4.14;609;2;310.00;10
409;2;627445566;409;185;1017;1026;10.63;0.65;129.30;4.15;608;2;311.00;9
413;2;627445574;413;190;1020;1030;10.51;0.65;130.90;4.14;607;2;312.00;10
416;2;627445583;416;192;1022;1030;10.34;0.64;131.15;4.14;606;2;313.00;8
418;2;627445591;418;194;1022;1030;10.23;0.63;131.91;4.14;604;2;314.00;8
421;2;627445600;421;202;1024;1032;10.17;0.63;132.15;4.14;603;2;315.00;8
423;2;627445608;423;201;1024;1032;10.03;0.62;132.46;4.14;601;2;316.00;8
426;2;627445616;426;206;1029;1038;9.96;0.61;132.89;4.14;603;2;317.00;9
427;2;627445624;427;213;1029;1038;9.78;0.60;132.81;4.14;602;2;318.00;9
427;2;627445632;427;213;1030;1039;9.63;0.59;132.81;4.13;603;2;319.00;9
430;2;627445640;430;212;1034;1039;9.46;0.58;133.19;4.21;604;2;320.00;5
432;2;627445648;432;216;1035;1039;9.32;0.57;133.89;4.23;603;2;321.00;4
434;3;627445656;434;212;1036;1039;9.24;0.57;134.01;4.23;602;3;322.00;3
438;3;627445670;438;214;1037;1039;9.20;0.57;133.97;4.23;599;3;323.00;2
443;3;627445681;443;217;1050;1051;9.19;0.57;134.40;4.23;607;3;324.00;1
445;3;627445691;445;217;1051;1051;9.20;0.57;134.84;4.22;606;3;325.00;0
447;3;627445698;447;217;1051;1051;9.20;0.57;134.94;4.22;604;3;326.00;0
449;3;627445706;449;216;1051;1051;9.21;0.57;134.97;4.22;602;3;327.00;0
451;3;627445714;451;219;1051;1051;9.22;0.57;135.33;4.22;600;3;328.00;0
454;3;627445722;454;220;1051;1051;9.25;0.57;135.87;4.22;597;3;329.00;0
454;3;627445731;454;226;1055;1055;9.26;0.57;135.87;4.21;601;3;330.00;0
457;3;627445738;457;224;1055;1055;9.27;0.57;135.61;4.21;598;3;331.00;0
458;4;627445745;458;227;1058;1059;9.26;0.57;136.04;4.20;600;4;332.00;1
462;4;627445763;462;230;1060;1060;9.19;0.56;136.27;4.20;598;4;333.00;0
463;4;627445770;463;230;1060;1060;9.10;0.56;136.70;4.20;597;4;334.00;0
468;4;627445777;468;231;1060;1060;8.95;0.55;137.10;4.20;592;4;335.00;0
471;4;627445784;471;234;1072;1073;8.65;0.53;137.74;4.15;601;4;336.00;1
475;4;627445792;475;238;1072;1073;8.41;0.52;138.66;4.15;597;4;337.00;1
478;4;627445798;478;242;1073;1073;8.21;0.51;139.46;4.15;595;4;338.00;0
484;4;627445804;484;250;1074;1074;7.94;0.49;139.58;4.14;590;4;339.00;0
488;4;627445811;488;240;1075;1075;7.75;0.48;140.75;4.14;587;4;340.00;0
491;4;627445818;491;242;1075;1075;7.63;0.47;141.16;4.14;584;4;341.00;0
495;4;627445824;495;243;1077;1078;7.54;0.47;141.80;4.13;582;4;342.00;1
498;4;627445830;498;240;1078;1078;7.47;0.46;142.38;4.13;580;4;343.00;0
500;4;627445836;500;243;1078;1078;7.39;0.46;143.08;4.13;578;4;344.00;0
505;4;627445843;505;242;1078;1078;7.29;0.45;143.69;4.13;573;4;345.00;0
507;4;627445849;507;237;1083;1084;7.31;0.45;143.83;4.12;576;4;346.00;1
513;4;627445860;513;230;1084;1084;7.18;0.44;145.20;4.11;571;4;347.00;0
515;4;627445868;515;231;1084;1084;7.12;0.44;145.41;4.11;569;4;348.00;0
516;4;627445878;516;231;1084;1084;7.14;0.44;145.53;4.11;568;4;349.00;0
518;4;627445898;518;231;1088;1088;7.21;0.45;145.53;4.10;570;4;350.00;0
523;4;627445910;523;228;1089;1089;7.27;0.45;145.72;4.10;566;4;351.00;0
525;4;627445920;525;233;1089;1089;7.33;0.45;145.34;4.10;564;4;352.00;0
527;4;627445930;527;234;1090;1090;7.34;0.45;145.34;4.10;563;4;353.00;0
533;4;627445947;533;232;1090;1090;7.31;0.45;144.42;4.10;557;4;354.00;0
537;4;627445957;537;245;1090;1090;7.24;0.44;144.10;4.10;553;4;355.00;0
538;4;627445967;538;235;1090;1090;7.29;0.45;144.09;4.10;552;4;356.00;0
539;4;627445977;539;231;1090;1090;7.33;0.45;144.35;4.10;551;4;357.00;0
540;4;627445983;540;233;1090;1090;7.32;0.45;144.21;4.10;550;4;358.00;0
544;4;627445991;544;230;1090;1090;7.30;0.45;144.41;4.10;546;4;359.00;0
546;4;627446001;546;247;1156;1215;7.62;0.48;144.37;3.86;610;4;360.00;59
548;4;627446019;548;241;1161;1216;7.66;0.48;144.35;3.85;613;4;361.00;55
549;4;627446027;549;236;1173;1216;7.81;0.49;144.22;3.83;624;4;362.00;43
549;4;627446035;549;232;1180;1216;7.81;0.49;144.22;3.83;631;4;363.00;36
551;4;627446042;551;236;1185;1216;7.78;0.48;144.09;3.83;634;4;364.00;31
553;4;627446050;553;236;1193;1216;7.74;0.48;144.27;3.83;640;4;365.00;23
555;4;627446059;555;236;1198;1216;7.65;0.47;144.04;3.84;643;4;366.00;18
555;4;627446068;555;246;1199;1216;7.60;0.47;144.04;3.85;644;4;367.00;17
555;4;627446076;555;250;1204;1217;7.59;0.47;144.04;3.86;649;4;368.00;13
556;4;627446084;556;256;1206;1218;7.60;0.47;144.02;3.87;650;4;369.00;12
559;4;627446093;559;263;1208;1218;7.54;0.47;143.69;3.88;649;4;370.00;10
560;4;627446107;560;254;1215;1222;7.50;0.46;143.52;3.88;655;4;371.00;7
562;4;627446116;562;244;1216;1222;7.53;0.46;143.46;3.88;654;4;372.00;6
562;4;627446125;562;243;1218;1222;7.57;0.47;143.46;3.90;656;4;373.00;4
564;4;627446134;564;238;1219;1222;7.59;0.47;143.66;3.91;655;4;374.00;3
565;4;627446143;565;241;1224;1228;7.60;0.47;143.56;3.91;659;4;375.00;4
565;4;627446153;565;239;1225;1228;7.68;0.47;143.56;3.91;660;4;376.00;3
567;4;627446162;567;235;1225;1228;7.83;0.48;144.02;3.91;658;4;377.00;3
567;4;627446177;567;228;1227;1231;8.01;0.49;144.02;3.90;660;4;378.00;4
568;4;627446187;568;225;1230;1231;8.09;0.49;143.85;3.91;662;4;379.00;1
571;4;627446196;571;226;1230;1231;8.15;0.50;143.97;3.91;659;4;380.00;1
571;4;627446207;571;231;1232;1232;8.21;0.50;143.97;3.92;661;4;381.00;0
572;4;627446217;572;226;1233;1233;8.29;0.51;144.20;3.92;661;4;382.00;0
575;4;627446227;575;221;1233;1233;8.36;0.51;144.62;3.92;658;4;383.00;0
579;4;627446237;579;224;1246;1246;8.52;0.52;144.65;3.88;667;4;384.00;0
580;4;627446254;580;221;1246;1246;8.61;0.52;144.56;3.88;666;4;385.00;0
581;4;627446270;581;222;1246;1246;8.65;0.53;144.35;3.88;665;4;386.00;0
584;4;627446280;584;211;1247;1247;8.81;0.53;144.28;3.87;663;4;387.00;0
584;4;627446290;584;205;1247;1247;8.92;0.54;144.28;3.87;663;4;388.00;0
586;4;627446300;586;201;1250;1251;9.06;0.55;144.08;3.87;664;4;389.00;1
587;4;627446313;587;201;1250;1251;9.16;0.56;143.89;3.87;663;4;390.00;1
588;4;627446322;588;194;1255;1255;9.32;0.56;144.29;3.86;667;4;391.00;0
592;4;627446333;592;188;1255;1255;9.39;0.57;144.83;3.86;663;4;392.00;0
593;4;627446343;593;189;1255;1255;9.41;0.57;144.76;3.86;662;4;393.00;0
593;4;627446353;593;188;1255;1255;9.52;0.58;144.76;3.86;662;4;394.00;0
596;4;627446363;596;185;1255;1255;9.63;0.58;144.82;3.86;659;4;395.00;0
597;4;627446374;597;170;1265;1267;9.88;0.60;144.88;3.83;668;4;396.00;2
600;4;627446386;600;153;1266;1267;10.10;0.61;144.81;3.83;666;4;397.00;1
602;4;627446403;602;141;1267;1267;10.23;0.62;145.43;3.82;665;4;398.00;0
605;4;627446419;605;129;1267;1267;10.52;0.64;145.89;3.82;662;4;399.00;0
608;4;627446431;608;117;1267;1267;10.75;0.65;146.80;3.82;659;4;400.00;0
611;4;627446446;611;108;1267;1267;10.90;0.66;147.36;3.82;656;4;401.00;0
612;4;627446457;612;102;1268;1268;11.03;0.67;147.48;3.82;656;4;402.00;0
616;4;627446468;616;99;1268;1268;11.14;0.68;148.09;3.82;652;4;403.00;0
616;4;627446479;616;98;1273;1274;11.30;0.69;148.09;3.81;657;4;404.00;1
619;4;627446490;619;97;1276;1276;11.51;0.70;148.68;3.80;657;4;405.00;0
619;4;627446501;619;96;1276;1276;11.75;0.72;148.68;3.80;657;4;406.00;0
622;4;627446512;622;92;1276;1276;11.93;0.73;148.92;3.80;654;4;407.00;0
624;4;627446523;624;91;1280;1280;12.15;0.74;149.15;3.79;656;4;408.00;0
629;4;627446534;629;91;1280;1280;12.30;0.75;149.72;3.79;651;4;409.00;0
632;4;627446544;632;92;1280;1280;12.45;0.76;150.50;3.79;648;4;410.00;0
635;4;627446555;635;91;1281;1281;12.55;0.77;150.89;3.79;646;4;411.00;0
638;4;627446571;638;89;1285;1285;12.53;0.77;151.57;3.78;647;4;412.00;0
642;4;627446582;642;91;1285;1285;12.63;0.77;152.46;3.78;643;4;413.00;0
642;4;627446594;642;93;1287;1288;12.71;0.78;152.46;3.77;645;4;414.00;1
646;4;627446605;646;95;1287;1288;12.79;0.78;153.07;3.77;641;4;415.00;1
649;4;627446615;649;96;1288;1288;12.79;0.78;153.53;3.77;639;4;416.00;0
653;4;627446625;653;95;1288;1288;12.80;0.78;154.33;3.77;635;4;417.00;0
657;4;627446635;657;93;1291;1292;12.81;0.78;155.33;3.77;634;4;418.00;1
659;4;627446647;659;92;1291;1292;12.85;0.78;155.56;3.77;632;4;419.00;1
660;4;627446660;660;95;1292;1292;12.82;0.78;155.63;3.77;632;4;420.00;0
665;4;627446675;665;97;1292;1292;12.84;0.78;156.00;3.77;627;4;421.00;0
669;4;627446686;669;97;1293;1293;12.83;0.78;156.42;3.76;624;4;422.00;0
673;4;627446701;673;93;1294;1294;12.96;0.79;156.53;3.76;621;4;423.00;0
676;4;627446711;676;92;1294;1294;12.95;0.79;156.92;3.76;618;4;424.00;0
683;4;627446721;683;91;1295;1295;12.98;0.79;158.17;3.76;612;4;425.00;0
684;4;627446730;684;91;1295;1295;13.00;0.79;158.14;3.76;611;4;426.00;0
688;4;627446740;688;92;1295;1295;12.98;0.79;158.72;3.76;607;4;427.00;0
694;4;627446750;694;90;1295;1295;12.95;0.79;159.83;3.76;601;4;428.00;0
697;4;627446762;697;90;1295;1295;12.99;0.79;160.11;3.76;598;4;429.00;0
700;4;627446774;700;92;1295;1295;12.97;0.79;160.32;3.76;595;4;430.00;0
704;4;627446788;704;92;1295;1295;13.02;0.79;160.66;3.76;591;4;431.00;0
705;4;627446797;705;128;1374;1422;12.13;0.75;160.57;3.55;669;4;432.00;48
708;4;627446818;708;110;1374;1423;12.20;0.75;161.10;3.55;666;4;433.00;49
711;4;627446828;711;98;1377;1423;12.33;0.76;161.21;3.54;666;4;434.00;46
714;4;627446837;714;98;1380;1423;12.43;0.77;161.56;3.54;666;4;435.00;43
717;4;627446847;717;101;1382;1423;12.56;0.77;161.95;3.54;665;4;436.00;41
723;4;627446860;723;101;1383;1423;12.66;0.78;162.68;3.54;660;4;437.00;40
725;4;627446870;725;105;1389;1423;12.68;0.78;163.13;3.55;664;4;438.00;34
728;5;627446880;728;105;1389;1423;12.65;0.77;163.60;3.55;661;5;439.00;34
730;5;627446902;730;109;1394;1424;12.64;0.77;163.78;3.57;664;5;440.00;30
736;5;627446912;736;109;1395;1425;12.60;0.77;163.97;3.57;659;5;441.00;30
741;5;627446921;741;104;1398;1425;12.66;0.77;164.33;3.59;657;5;442.00;27
746;5;627446931;746;107;1401;1426;12.65;0.77;164.55;3.60;655;5;443.00;25
749;5;627446940;749;105;1403;1426;12.67;0.77;164.47;3.61;654;5;444.00;23
750;5;627446949;750;105;1409;1426;12.55;0.77;164.66;3.65;659;5;445.00;17
752;5;627446960;752;101;1411;1426;12.50;0.76;164.45;3.67;659;5;446.00;15
753;5;627446970;753;105;1415;1430;12.46;0.76;164.40;3.70;662;5;447.00;15
757;5;627446980;757;106;1419;1430;12.47;0.76;164.72;3.72;662;5;448.00;11
761;5;627446990;761;106;1419;1430;12.48;0.76;164.98;3.72;658;5;449.00;11
761;5;627447007;761;109;1424;1436;12.55;0.76;164.98;3.74;663;5;450.00;12
768;5;627447016;768;112;1424;1436;12.48;0.76;165.79;3.74;656;5;451.00;12
769;5;627447026;769;111;1426;1436;12.44;0.76;165.69;3.74;657;5;452.00;10
771;5;627447041;771;115;1429;1440;12.37;0.75;165.84;3.73;658;5;453.00;11
771;5;627447051;771;113;1431;1441;12.42;0.76;165.84;3.74;660;5;454.00;10
774;5;627447060;774;116;1432;1441;12.43;0.76;165.66;3.74;658;5;455.00;9
776;5;627447070;776;120;1434;1445;12.46;0.76;165.55;3.73;658;5;456.00;11
776;5;627447079;776;123;1436;1445;12.47;0.76;165.55;3.75;660;5;457.00;9
778;5;627447089;778;127;1436;1445;12.51;0.76;165.52;3.75;658;5;458.00;9
780;5;627447100;780;129;1438;1446;12.52;0.76;165.35;3.75;658;5;459.00;8
783;5;627447115;783;132;1439;1446;12.45;0.76;165.79;3.77;656;5;460.00;7
785;6;627447125;785;133;1444;1452;12.35;0.75;165.93;3.77;659;6;461.00;8
788;6;627447142;788;132;1444;1452;12.23;0.75;165.88;3.77;656;6;462.00;8
789;6;627447152;789;138;1445;1453;12.10;0.74;165.80;3.77;656;6;463.00;8
792;6;627447165;792;139;1447;1453;11.91;0.73;165.47;3.79;655;6;464.00;6
794;6;627447175;794;140;1447;1453;11.72;0.71;165.45;3.79;653;6;465.00;6
796;6;627447184;796;139;1448;1453;11.57;0.70;165.36;3.81;652;6;466.00;5
799;6;627447193;799;141;1448;1453;11.46;0.70;165.41;3.81;649;6;467.00;5
802;6;627447202;802;147;1459;1465;11.49;0.70;165.48;3.79;657;6;468.00;6
802;6;627447212;802;147;1459;1465;11.46;0.70;165.48;3.79;657;6;469.00;6
804;6;627447221;804;151;1461;1465;11.44;0.70;165.37;3.80;657;6;470.00;4
807;6;627447230;807;157;1461;1465;11.34;0.69;165.24;3.80;654;6;471.00;4
809;6;627447239;809;166;1461;1465;11.30;0.69;165.28;3.80;652;6;472.00;4
811;6;627447248;811;172;1462;1465;11.22;0.68;165.36;3.81;651;6;473.00;3
811;6;627447257;811;178;1465;1469;11.10;0.68;165.36;3.81;654;6;474.00;4
815;6;627447271;815;181;1465;1469;10.99;0.67;165.63;3.81;650;6;475.00;4
815;6;627447286;815;188;1471;1473;10.96;0.67;165.63;3.82;656;6;476.00;2
817;6;627447294;817;191;1472;1474;10.85;0.66;165.42;3.82;655;6;477.00;2
821;6;627447309;821;194;1474;1474;10.73;0.66;165.50;3.82;653;6;478.00;0
824;6;627447318;824;197;1474;1474;10.63;0.65;165.41;3.82;650;6;479.00;0
826;6;627447327;826;204;1495;1500;10.46;0.64;165.27;3.77;669;6;480.00;5
829;6;627447338;829;211;1496;1500;10.25;0.62;165.46;3.76;667;6;481.00;4
830;6;627447347;830;218;1499;1500;10.13;0.62;165.40;3.76;669;6;482.00;1
830;6;627447355;830;223;1501;1501;10.02;0.61;165.40;3.76;671;6;483.00;0
831;6;627447363;831;228;1502;1502;9.87;0.60;165.52;3.76;671;6;484.00;0
833;6;627447371;833;234;1502;1502;9.69;0.59;165.60;3.76;669;6;485.00;0
835;6;627447379;835;239;1504;1505;9.52;0.58;165.46;3.75;669;6;486.00;1
835;6;627447394;835;245;1504;1505;9.35;0.57;165.46;3.75;669;6;487.00;1
839;6;627447402;839;254;1505;1505;9.08;0.56;165.70;3.75;666;6;488.00;0
842;6;627447410;842;251;1505;1505;8.93;0.55;165.49;3.75;663;6;489.00;0
843;6;627447418;843;248;1510;1511;8.89;0.54;165.36;3.74;667;6;490.00;1
846;6;627447427;846;253;1510;1511;8.78;0.54;165.17;3.74;664;6;491.00;1
848;6;627447435;848;253;1511;1511;8.64;0.53;164.92;3.74;663;6;492.00;0
853;6;627447443;853;256;1511;1511;8.53;0.52;164.90;3.74;658;6;493.00;0
854;6;627447451;854;261;1515;1515;8.46;0.52;164.84;3.73;661;6;494.00;0
855;6;627447460;855;266;1517;1517;8.39;0.52;164.77;3.73;662;6;495.00;0
856;6;627447468;856;264;1517;1517;8.28;0.51;164.74;3.73;661;6;496.00;0
858;7;627447475;858;265;1518;1518;8.20;0.50;164.67;3.73;660;7;497.00;0
861;7;627447493;861;263;1518;1518;8.07;0.50;164.44;3.73;657;7;498.00;0
866;7;627447500;866;263;1518;1518;7.92;0.49;164.34;3.73;652;7;499.00;0
866;7;627447509;866;270;1518;1518;7.85;0.48;164.34;3.73;652;7;500.00;0
871;7;627447520;871;273;1518;1518;7.69;0.47;163.99;3.73;647;7;501.00;0
873;7;627447528;873;278;1518;1518;7.61;0.47;163.91;3.73;645;7;502.00;0
876;7;627447535;876;275;1518;1518;7.46;0.46;164.14;3.73;642;7;503.00;0
879;7;627447542;879;276;1557;1588;7.57;0.46;164.54;3.63;678;7;504.00;31
883;7;627447555;883;278;1558;1589;7.43;0.46;164.77;3.63;675;7;505.00;31
884;7;627447562;884;277;1567;1589;7.43;0.46;164.69;3.62;683;7;506.00;22
886;7;627447569;886;281;1574;1589;7.35;0.45;165.22;3.62;688;7;507.00;15
889;7;627447576;889;279;1580;1589;7.26;0.45;165.39;3.62;691;7;508.00;9
890;7;627447583;890;284;1582;1589;7.22;0.44;165.69;3.62;692;7;509.00;7
894;7;627447592;894;274;1585;1589;7.17;0.44;166.46;3.63;691;7;510.00;4
897;7;627447599;897;267;1586;1589;7.20;0.44;166.76;3.63;689;7;511.00;3
898;7;627447607;898;264;1589;1590;7.25;0.45;167.10;3.63;691;7;512.00;1
902;7;627447614;902;264;1590;1591;7.26;0.45;167.52;3.63;688;7;513.00;1
905;7;627447622;905;267;1591;1591;7.22;0.44;168.02;3.63;686;7;514.00;0
909;7;627447629;909;266;1595;1595;7.13;0.44;168.41;3.63;686;7;515.00;0
911;7;627447638;911;267;1595;1595;7.14;0.44;168.72;3.63;684;7;516.00;0
916;7;627447645;916;266;1595;1595;7.12;0.44;169.32;3.63;679;7;517.00;0
919;7;627447654;919;269;1595;1595;7.21;0.44;169.70;3.63;676;7;518.00;0
921;7;627447662;921;269;1600;1601;7.35;0.45;170.03;3.62;679;7;519.00;1
925;7;627447670;925;259;1601;1601;7.40;0.46;170.81;3.62;676;7;520.00;0
928;7;627447678;928;259;1601;1601;7.41;0.46;170.91;3.62;673;7;521.00;0
931;7;627447685;931;261;1603;1604;7.46;0.46;171.07;3.61;672;7;522.00;1
935;7;627447693;935;250;1603;1604;7.44;0.46;171.61;3.61;668;7;523.00;1
938;7;627447701;938;245;1604;1604;7.44;0.46;171.52;3.61;666;7;524.00;0
941;7;627447709;941;238;1605;1605;7.45;0.46;172.31;3.61;664;7;525.00;0
945;7;627447717;945;232;1606;1606;7.56;0.46;171.92;3.61;661;7;526.00;0
949;7;627447726;949;227;1606;1606;7.66;0.47;172.34;3.61;657;7;527.00;0
956;7;627447734;956;222;1619;1619;7.73;0.47;172.82;3.58;663;7;528.00;0
960;7;627447743;960;215;1619;1619;7.79;0.47;172.75;3.58;659;7;529.00;0
964;7;627447757;964;209;1619;1619;7.90;0.48;173.07;3.58;655;7;530.00;0
968;7;627447766;968;206;1620;1620;8.03;0.49;173.49;3.58;652;7;531.00;0
970;7;627447775;970;194;1620;1620;8.19;0.50;173.64;3.58;650;7;532.00;0
973;7;627447788;973;191;1623;1624;8.31;0.51;174.04;3.57;650;7;533.00;1
974;7;627447798;974;187;1623;1624;8.41;0.51;174.17;3.57;649;7;534.00;1
978;7;627447806;978;186;1628;1628;8.47;0.52;174.35;3.57;650;7;535.00;0
983;7;627447816;983;182;1628;1628;8.50;0.52;174.58;3.57;645;7;536.00;0
985;7;627447825;985;178;1628;1628;8.57;0.52;174.56;3.57;643;7;537.00;0
987;7;627447834;987;179;1628;1628;8.60;0.52;174.68;3.57;641;7;538.00;0
990;7;627447843;990;181;1628;1628;8.60;0.53;175.10;3.57;638;7;539.00;0
994;7;627447853;994;190;1657;1662;8.65;0.53;175.00;3.51;663;7;540.00;5
998;7;627447872;998;182;1657;1662;8.67;0.53;175.08;3.51;659;7;541.00;5
1001;7;627447887;1001;183;1659;1662;8.79;0.54;175.00;3.50;658;7;542.00;3
1005;7;627447902;1005;184;1659;1662;8.81;0.54;175.05;3.50;654;7;543.00;3
1010;7;627447921;1010;182;1660;1662;8.83;0.54;175.09;3.50;650;7;544.00;2
1012;7;627447933;1012;179;1660;1662;8.88;0.54;174.92;3.50;648;7;545.00;2
1015;7;627447946;1015;178;1662;1663;8.91;0.55;175.08;3.50;647;7;546.00;1
1015;7;627447959;1015;177;1662;1663;8.97;0.55;175.08;3.50;647;7;547.00;1
1018;7;627447974;1018;180;1667;1669;8.98;0.55;175.21;3.50;649;7;548.00;2
1021;7;627447983;1021;184;1668;1670;9.04;0.55;175.06;3.50;647;7;549.00;2
1023;7;627447994;1023;189;1669;1670;9.08;0.56;175.13;3.50;646;7;550.00;1
1026;7;627448003;1026;189;1669;1670;9.12;0.56;175.25;3.50;643;7;551.00;1
1029;7;627448013;1029;196;1674;1674;9.19;0.56;175.53;3.49;645;7;552.00;0
1031;7;627448022;1031;191;1674;1674;9.23;0.56;175.60;3.49;643;7;553.00;0
1035;7;627448032;1035;192;1674;1674;9.18;0.56;175.69;3.49;639;7;554.00;0
1040;8;627448042;1040;191;1675;1675;9.18;0.56;175.77;3.49;635;8;555.00;0
1041;8;627448062;1041;195;1679;1679;9.19;0.56;175.86;3.48;638;8;556.00;0
1043;8;627448073;1043;187;1679;1679;9.23;0.56;176.42;3.48;636;8;557.00;0
1045;8;627448082;1045;173;1681;1682;9.36;0.57;176.44;3.48;636;8;558.00;1
1049;8;627448092;1049;171;1681;1682;9.39;0.57;176.70;3.48;632;8;559.00;1
1053;8;627448103;1053;167;1682;1682;9.55;0.58;176.78;3.48;629;8;560.00;0
1055;8;627448112;1055;165;1682;1682;9.73;0.59;177.06;3.48;627;8;561.00;0
1060;8;627448122;1060;158;1685;1686;9.87;0.60;177.47;3.47;625;8;562.00;1
1063;8;627448132;1063;155;1685;1686;9.98;0.60;177.54;3.47;622;8;563.00;1
1064;8;627448143;1064;153;1686;1686;10.11;0.61;177.78;3.47;622;8;564.00;0
1067;9;627448152;1067;152;1686;1686;10.16;0.62;178.39;3.47;619;9;565.00;0
1068;9;627448175;1068;130;1687;1687;10.30;0.62;178.35;3.47;619;9;566.00;0
1071;9;627448190;1071;119;1688;1688;10.39;0.63;178.94;3.47;617;9;567.00;0
1072;9;627448207;1072;111;1688;1688;10.58;0.64;179.20;3.47;616;9;568.00;0
1074;9;627448217;1074;106;1689;1689;10.82;0.66;179.34;3.47;615;9;569.00;0
1076;9;627448229;1076;106;1689;1689;10.99;0.67;179.62;3.47;613;9;570.00;0
1078;9;627448239;1078;101;1689;1689;11.22;0.68;180.15;3.47;611;9;571.00;0
1080;9;627448251;1080;99;1689;1689;11.45;0.70;180.29;3.47;609;9;572.00;0
1080;9;627448261;1080;95;1689;1689;11.66;0.71;180.29;3.47;609;9;573.00;0
1083;9;627448273;1083;92;1689;1689;11.92;0.73;180.40;3.47;606;9;574.00;0
1084;9;627448284;1084;87;1689;1689;12.14;0.74;180.44;3.47;605;9;575.00;0
1087;9;627448293;1087;113;1769;1816;11.90;0.73;180.71;3.31;682;9;576.00;47
1090;9;627448314;1090;101;1772;1817;12.03;0.74;180.97;3.31;682;9;577.00;45
1093;9;627448325;1093;88;1779;1817;12.19;0.75;181.19;3.30;686;9;578.00;38
1098;9;627448337;1098;81;1784;1817;12.21;0.75;181.71;3.30;686;9;579.00;33
1101;9;627448349;1101;81;1789;1817;12.26;0.75;181.93;3.31;688;9;580.00;28
1103;9;627448360;1103;77;1793;1817;12.34;0.76;182.00;3.31;690;9;581.00;24
1107;9;627448376;1107;86;1798;1817;12.32;0.76;182.38;3.32;691;9;582.00;19
1109;9;627448387;1109;87;1800;1817;12.30;0.76;182.60;3.32;691;9;583.00;17
1112;9;627448400;1112;94;1803;1818;12.25;0.75;182.78;3.33;691;9;584.00;15
1117;9;627448411;1117;101;1805;1820;12.19;0.75;183.10;3.33;688;9;585.00;15
1123;10;627448421;1123;106;1809;1820;12.11;0.74;183.56;3.34;686;10;586.00;11
1125;11;627448446;1125;112;1810;1821;12.13;0.74;183.66;3.34;685;11;587.00;11
1128;12;627448466;1128;118;1813;1821;12.18;0.75;184.10;3.35;685;12;588.00;8
1134;12;627448492;1134;123;1814;1821;12.29;0.75;184.26;3.36;680;12;589.00;7
1136;12;627448505;1136;123;1815;1821;12.33;0.75;184.34;3.36;679;12;590.00;6
1139;12;627448516;1139;124;1818;1825;12.37;0.76;184.81;3.37;679;12;591.00;7
1142;12;627448530;1142;127;1820;1825;12.44;0.76;185.13;3.38;678;12;592.00;5
1143;12;627448541;1143;126;1821;1825;12.45;0.76;185.34;3.39;678;12;593.00;4
1147;12;627448551;1147;126;1823;1828;12.49;0.76;185.65;3.40;676;12;594.00;5
1149;12;627448563;1149;128;1824;1828;12.56;0.77;185.92;3.40;675;12;595.00;4
1152;12;627448579;1152;127;1826;1828;12.64;0.77;185.99;3.40;674;12;596.00;2
1155;12;627448590;1155;127;1830;1832;12.59;0.77;186.17;3.40;675;12;597.00;2
1157;12;627448601;1157;130;1832;1833;12.68;0.77;185.97;3.40;675;12;598.00;1
1164;12;627448612;1164;130;1832;1833;12.62;0.77;186.60;3.40;668;12;599.00;1
1169;12;627448625;1169;134;1844;1859;12.51;0.76;186.94;3.38;675;12;600.00;15
1171;12;627448644;1171;132;1845;1859;12.52;0.76;186.76;3.38;674;12;601.00;14
1177;12;627448655;1177;131;1846;1859;12.56;0.76;186.94;3.38;669;12;602.00;13
1179;12;627448665;1179;135;1847;1860;12.57;0.76;186.85;3.37;668;12;603.00;13
1181;12;627448682;1181;134;1848;1860;12.61;0.77;187.01;3.37;667;12;604.00;12
1185;12;627448692;1185;133;1851;1866;12.58;0.76;187.08;3.37;666;12;605.00;15
1187;12;627448703;1187;134;1853;1866;12.57;0.76;187.39;3.37;666;12;606.00;13
1191;12;627448713;1191;134;1855;1867;12.47;0.76;187.41;3.37;664;12;607.00;12
1193;12;627448723;1193;133;1855;1867;12.50;0.76;187.62;3.37;662;12;608.00;12
1196;12;627448732;1196;132;1857;1867;12.48;0.76;187.89;3.38;661;12;609.00;10
1199;12;627448742;1199;130;1857;1867;12.44;0.75;188.00;3.38;658;12;610.00;10
1202;12;627448758;1202;126;1857;1867;12.45;0.75;187.90;3.38;655;12;611.00;10
1207;12;627448768;1207;123;1867;1879;12.43;0.75;188.30;3.36;660;12;612.00;12
1210;12;627448785;1210;118;1869;1879;12.40;0.75;188.30;3.37;659;12;613.00;10
1211;12;627448795;1211;113;1869;1879;12.41;0.75;188.36;3.37;658;12;614.00;10
1215;12;627448804;1215;112;1870;1879;12.47;0.75;189.04;3.37;655;12;615.00;9
1217;12;627448814;1217;111;1871;1879;12.55;0.76;189.08;3.37;654;12;616.00;8
1219;12;627448830;1219;107;1871;1879;12.63;0.76;189.18;3.37;652;12;617.00;8
1225;12;627448840;1225;103;1875;1883;12.59;0.76;189.23;3.38;650;12;618.00;8
1228;12;627448851;1228;98;1875;1883;12.67;0.77;189.38;3.38;647;12;619.00;8
1229;12;627448864;1229;95;1878;1887;12.78;0.77;189.41;3.37;649;12;620.00;9
1233;12;627448874;1233;91;1880;1888;12.88;0.78;189.08;3.37;647;12;621.00;8
1236;12;627448888;1236;93;1880;1888;12.94;0.78;189.15;3.37;644;12;622.00;8
1239;12;627448898;1239;93;1880;1888;12.90;0.78;188.94;3.37;641;12;623.00;8
1240;12;627448908;1240;102;1889;1901;12.76;0.77;188.89;3.37;649;12;624.00;12
1241;12;627448918;1241;103;1889;1901;12.70;0.77;188.95;3.37;648;12;625.00;12
1243;12;627448928;1243;104;1889;1901;12.63;0.76;189.60;3.37;646;12;626.00;12
1245;12;627448938;1245;112;1890;1902;12.59;0.76;189.71;3.37;645;12;627.00;12
1245;12;627448947;1245;112;1890;1903;12.51;0.76;189.71;3.37;645;12;628.00;13
1245;12;627448955;1245;114;1891;1903;12.44;0.75;189.71;3.38;646;12;629.00;12
1247;12;627448966;1247;120;1896;1909;12.37;0.75;189.78;3.40;649;12;630.00;13
1249;12;627448977;1249;123;1896;1909;12.28;0.74;189.62;3.40;647;12;631.00;13
1253;12;627448986;1253;125;1898;1909;12.17;0.74;189.86;3.40;645;12;632.00;11
1255;12;627448995;1255;130;1899;1909;12.05;0.73;189.80;3.40;644;12;633.00;10
1258;12;627449004;1258;134;1903;1915;12.01;0.73;189.88;3.41;645;12;634.00;12
1260;12;627449015;1260;140;1904;1915;11.98;0.73;189.76;3.41;644;12;635.00;11
1263;12;627449024;1263;141;1904;1915;11.97;0.73;189.79;3.41;641;12;636.00;11
1264;12;627449033;1264;142;1905;1915;11.93;0.72;189.75;3.41;641;12;637.00;10
1265;12;627449042;1265;148;1908;1919;11.87;0.72;189.67;3.41;643;12;638.00;11
1266;12;627449052;1266;154;1910;1920;11.83;0.72;189.83;3.41;644;12;639.00;10
1266;12;627449061;1266;159;1913;1920;11.69;0.71;189.83;3.44;647;12;640.00;7
1267;12;627449070;1267;164;1914;1921;11.61;0.71;189.75;3.44;647;12;641.00;7
1270;12;627449079;1270;172;1915;1921;11.44;0.70;190.01;3.45;645;12;642.00;6
1275;12;627449088;1275;176;1916;1921;11.27;0.69;189.76;3.45;641;12;643.00;5
1276;12;627449097;1276;189;1917;1921;11.08;0.68;189.72;3.46;641;12;644.00;4
1277;12;627449105;1277;194;1920;1921;10.83;0.66;189.84;3.49;643;12;645.00;1
1278;12;627449114;1278;198;1920;1921;10.73;0.65;189.75;3.49;642;12;646.00;1
1280;12;627449122;1280;203;1921;1921;10.59;0.65;189.56;3.50;641;12;647.00;0
1281;12;627449131;1281;211;1959;1991;10.54;0.65;189.47;3.43;678;12;648.00;32
1283;12;627449145;1283;213;1963;1992;10.33;0.63;189.36;3.43;680;12;649.00;29
1287;12;627449154;1287;218;1974;1992;10.23;0.63;189.24;3.42;687;12;650.00;18
1287;12;627449162;1287;227;1977;1992;10.11;0.62;189.24;3.42;690;12;651.00;15
1290;12;627449170;1290;226;1981;1992;10.06;0.62;189.09;3.42;691;12;652.00;11
1291;12;627449179;1291;239;1982;1992;9.94;0.61;189.00;3.42;691;12;653.00;10
1292;12;627449187;1292;241;1987;1992;9.83;0.60;189.01;3.43;695;12;654.00;5
1294;12;627449195;1294;248;1988;1992;9.74;0.60;188.83;3.43;694;12;655.00;4
1298;12;627449203;1298;252;1990;1993;9.54;0.58;188.79;3.44;692;12;656.00;3
1299;12;627449212;1299;263;1993;1994;9.35;0.57;188.92;3.44;694;12;657.00;1
1301;12;627449220;1301;264;1994;1994;9.15;0.56;188.98;3.44;693;12;658.00;0
1301;12;627449228;1301;265;1998;1998;8.97;0.55;188.98;3.43;697;12;659.00;0
1306;12;627449238;1306;269;1998;1998;8.73;0.54;188.61;3.43;692;12;660.00;0
1307;12;627449247;1307;268;1998;1998;8.57;0.53;188.70;3.43;691;12;661.00;0
1309;12;627449255;1309;270;1998;1998;8.39;0.51;188.56;3.43;689;12;662.00;0
1310;12;627449263;1310;271;2003;2004;8.35;0.51;188.59;3.43;693;12;663.00;1
1312;12;627449272;1312;274;2004;2004;8.28;0.51;188.58;3.43;692;12;664.00;0
1314;12;627449280;1314;285;2004;2004;8.25;0.51;188.54;3.43;690;12;665.00;0
1314;13;627449288;1314;287;2007;2007;8.19;0.50;188.54;3.42;693;13;666.00;0
1315;13;627449307;1315;288;2007;2007;8.13;0.50;188.49;3.42;692;13;667.00;0
1316;13;627449315;1316;287;2007;2007;7.98;0.49;188.49;3.42;691;13;668.00;0
1316;13;627449328;1316;290;2008;2008;7.90;0.49;188.49;3.42;692;13;669.00;0
1318;13;627449340;1318;294;2009;2009;7.81;0.48;188.37;3.42;691;13;670.00;0
1319;13;627449348;1319;298;2009;2009;7.70;0.47;188.39;3.42;690;13;671.00;0
1324;13;627449356;1324;308;2022;2022;7.51;0.46;188.41;3.40;698;13;672.00;0
1329;13;627449365;1329;306;2022;2022;7.35;0.45;188.45;3.40;693;13;673.00;0
1332;13;627449373;1332;306;2022;2022;7.24;0.44;188.27;3.40;690;13;674.00;0
1336;13;627449380;1336;295;2024;2024;7.14;0.43;188.48;3.39;688;13;675.00;0
1339;13;627449388;1339;288;2024;2024;7.07;0.43;188.55;3.39;685;13;676.00;0
1343;13;627449395;1343;279;2027;2028;7.04;0.43;188.64;3.39;684;13;677.00;1
1347;13;627449404;1347;278;2028;2028;7.03;0.43;188.83;3.39;681;13;678.00;0
1347;13;627449412;1347;268;2032;2032;7.06;0.43;188.83;3.39;685;13;679.00;0
1352;14;627449419;1352;252;2032;2032;6.99;0.43;189.17;3.39;680;14;680.00;0
1354;14;627449437;1354;248;2032;2032;7.00;0.43;189.54;3.39;678;14;681.00;0
1356;14;627449446;1356;235;2032;2032;7.05;0.43;189.60;3.39;676;14;682.00;0
1359;14;627449453;1359;227;2032;2032;7.09;0.43;189.94;3.39;673;14;683.00;0
1362;15;627449467;1362;216;2043;2044;7.31;0.45;190.15;3.37;681;15;684.00;1
1364;15;627449486;1364;217;2044;2044;7.48;0.46;190.50;3.37;680;15;685.00;0
1365;15;627449494;1365;215;2044;2044;7.61;0.47;190.65;3.37;679;15;686.00;0
1369;15;627449502;1369;210;2044;2044;7.73;0.47;190.92;3.37;675;15;687.00;0
1371;16;627449511;1371;204;2044;2044;7.90;0.49;191.01;3.37;673;16;688.00;0
1374;17;627449534;1374;192;2044;2044;8.02;0.49;191.44;3.37;670;17;689.00;0
1377;17;627449550;1377;191;2045;2045;8.17;0.50;191.68;3.36;668;17;690.00;0
1379;17;627449563;1379;183;2045;2045;8.31;0.51;191.82;3.36;666;17;691.00;0
1382;17;627449577;1382;177;2050;2051;8.53;0.53;192.21;3.36;668;17;692.00;1
1384;17;627449586;1384;181;2052;2052;8.69;0.54;192.35;3.36;668;17;693.00;0
1389;17;627449595;1389;179;2052;2052;8.78;0.54;192.36;3.36;663;17;694.00;0
1393;17;627449603;1393;177;2052;2052;8.83;0.55;192.93;3.36;659;17;695.00;0
1396;17;627449612;1396;177;2056;2056;8.99;0.55;192.87;3.35;660;17;696.00;0
1399;17;627449621;1399;171;2056;2056;9.01;0.56;193.07;3.35;657;17;697.00;0
1406;17;627449630;1406;172;2056;2056;9.04;0.56;192.95;3.35;650;17;698.00;0
1411;17;627449639;1411;163;2057;2057;9.12;0.56;192.92;3.35;646;17;699.00;0
1417;17;627449649;1417;158;2061;2061;9.19;0.56;193.07;3.34;644;17;700.00;0
1423;17;627449662;1423;157;2061;2061;9.20;0.57;193.32;3.34;638;17;701.00;0
1429;17;627449676;1429;153;2063;2064;9.27;0.57;193.43;3.34;634;17;702.00;1
1436;17;627449685;1436;152;2063;2064;9.28;0.57;193.38;3.34;627;17;703.00;1
1441;17;627449695;1441;146;2064;2064;9.33;0.57;193.77;3.34;623;17;704.00;0
1446;17;627449703;1446;142;2064;2064;9.40;0.57;193.80;3.34;618;17;705.00;0
1449;17;627449712;1449;140;2067;2068;9.45;0.58;193.83;3.34;618;17;706.00;1
1457;17;627449722;1457;142;2067;2068;9.42;0.57;194.08;3.34;610;17;707.00;1
1462;17;627449731;1462;143;2068;2068;9.47;0.58;194.15;3.34;606;17;708.00;0
1467;17;627449745;1467;144;2068;2068;9.50;0.58;194.30;3.34;601;17;709.00;0
1477;17;627449755;1477;140;2069;2069;9.51;0.58;194.49;3.34;592;17;710.00;0
1482;17;627449764;1482;138;2070;2070;9.54;0.58;194.51;3.33;588;17;711.00;0
1484;17;627449773;1484;136;2070;2070;9.64;0.58;194.61;3.33;586;17;712.00;0
1489;17;627449782;1489;133;2071;2071;9.74;0.59;195.05;3.33;582;17;713.00;0
1491;17;627449792;1491;131;2071;2071;9.84;0.60;195.31;3.33;580;17;714.00;0
1493;17;627449800;1493;133;2071;2071;9.93;0.60;195.48;3.33;578;17;715.00;0
1497;17;627449810;1497;133;2071;2071;10.07;0.61;195.51;3.33;574;17;716.00;0
1502;17;627449818;1502;137;2071;2071;10.13;0.61;195.82;3.33;569;17;717.00;0
1503;17;627449828;1503;137;2071;2071;10.28;0.62;195.83;3.33;568;17;718.00;0
1509;17;627449837;1509;141;2071;2071;10.31;0.62;196.19;3.33;562;17;719.00;0
1510;17;627449847;1510;179;2194;2301;10.21;0.64;196.35;3.15;684;17;720.00;107
1512;17;627449884;1512;176;2202;2302;10.25;0.64;196.38;3.14;690;17;721.00;100
1513;17;627449901;1513;161;2213;2302;10.32;0.64;196.52;3.13;700;17;722.00;89
1518;17;627449919;1518;163;2224;2302;10.30;0.64;196.43;3.13;706;17;723.00;78
1521;17;627449936;1521;161;2229;2302;10.35;0.64;196.62;3.14;708;17;724.00;73
1522;17;627449951;1522;169;2236;2302;10.29;0.64;196.73;3.14;714;17;725.00;66
1527;17;627449967;1527;173;2241;2302;10.12;0.63;197.03;3.15;714;17;726.00;61
1527;17;627449983;1527;170;2244;2302;10.04;0.62;197.03;3.15;717;17;727.00;58
1532;17;627449997;1532;168;2249;2303;9.95;0.62;197.28;3.16;717;17;728.00;54
1535;17;627450011;1535;166;2252;2304;9.88;0.61;197.58;3.17;717;17;729.00;52
1538;17;627450025;1538;164;2255;2304;9.82;0.61;197.60;3.18;717;17;730.00;49
1540;17;627450038;1540;172;2259;2305;9.79;0.61;197.81;3.19;719;17;731.00;46
1543;17;627450050;1543;176;2262;2305;9.68;0.60;198.05;3.20;719;17;732.00;43
1543;17;627450065;1543;178;2263;2305;9.70;0.60;198.05;3.20;720;17;733.00;42
1545;17;627450078;1545;183;2269;2305;9.58;0.59;197.99;3.23;724;17;734.00;36
1549;17;627450090;1549;186;2272;2309;9.55;0.59;198.09;3.23;723;17;735.00;37
1549;17;627450102;1549;179;2272;2309;9.61;0.59;198.09;3.23;723;17;736.00;37
1552;17;627450114;1552;170;2276;2309;9.67;0.59;198.24;3.26;724;17;737.00;33
1555;17;627450127;1555;164;2278;2312;9.80;0.60;198.50;3.26;723;17;738.00;34
1556;17;627450140;1556;160;2279;2312;9.95;0.61;198.50;3.27;723;17;739.00;33
1560;17;627450152;1560;164;2282;2312;10.06;0.62;198.82;3.29;722;17;740.00;30
1564;17;627450164;1564;158;2287;2316;10.18;0.62;198.84;3.30;723;17;741.00;29
1567;17;627450185;1567;155;2288;2317;10.33;0.63;198.94;3.30;721;17;742.00;29
1569;17;627450197;1569;152;2290;2317;10.46;0.64;199.17;3.31;721;17;743.00;27
1572;17;627450209;1572;151;2294;2321;10.64;0.65;199.20;3.32;722;17;744.00;27
1576;17;627450221;1576;150;2295;2321;10.76;0.66;199.34;3.33;719;17;745.00;26
1579;17;627450233;1579;149;2297;2321;10.95;0.67;199.57;3.32;718;17;746.00;24
1580;17;627450245;1580;148;2299;2322;11.06;0.67;199.67;3.33;719;17;747.00;23
1581;17;627450256;1581;153;2299;2322;11.16;0.68;199.82;3.33;718;17;748.00;23
1585;17;627450275;1585;154;2304;2328;11.20;0.68;200.05;3.33;719;17;749.00;24
1586;17;627450290;1586;158;2304;2328;11.34;0.69;200.12;3.33;718;17;750.00;24
1587;17;627450302;1587;154;2306;2329;11.43;0.70;200.20;3.34;719;17;751.00;23
1590;17;627450315;1590;155;2306;2329;11.43;0.70;200.39;3.34;716;17;752.00;23
1592;17;627450326;1592;155;2307;2329;11.41;0.70;200.53;3.34;715;17;753.00;22
1593;17;627450338;1593;152;2307;2329;11.43;0.70;200.76;3.34;714;17;754.00;22
1596;17;627450349;1596;155;2308;2329;11.52;0.71;200.99;3.35;712;17;755.00;21
1601;17;627450360;1601;155;2319;2341;11.56;0.71;201.04;3.33;718;17;756.00;22
1607;17;627450373;1607;154;2319;2341;11.70;0.71;201.25;3.33;712;17;757.00;22
1611;17;627450384;1611;155;2319;2341;11.79;0.72;201.47;3.33;708;17;758.00;22
1614;17;627450402;1614;156;2321;2341;11.84;0.72;201.56;3.33;707;17;759.00;20
1617;17;627450414;1617;156;2321;2341;11.87;0.72;201.94;3.33;704;17;760.00;20
1619;18;627450426;1619;157;2321;2341;11.91;0.73;202.00;3.33;702;18;761.00;20
1621;18;627450450;1621;158;2325;2345;11.89;0.72;201.99;3.33;704;18;762.00;20
1624;18;627450462;1624;154;2325;2345;11.95;0.73;202.11;3.33;701;18;763.00;20
1628;18;627450473;1628;155;2328;2349;12.00;0.73;202.10;3.33;700;18;764.00;21
1629;18;627450484;1629;159;2330;2351;12.06;0.74;202.13;3.32;701;18;765.00;21
1631;18;627450494;1631;160;2331;2351;12.09;0.74;202.06;3.32;700;18;766.00;20
1636;18;627450504;1636;163;2331;2351;12.12;0.74;202.16;3.32;695;18;767.00;20
1640;18;627450515;1640;168;2341;2364;12.04;0.73;202.04;3.31;701;18;768.00;23
1642;18;627450527;1642;165;2341;2364;12.02;0.73;202.03;3.31;699;18;769.00;23
1645;18;627450537;1645;163;2342;2364;11.89;0.72;202.08;3.31;697;18;770.00;22
1650;18;627450547;1650;164;2343;2365;11.80;0.72;202.22;3.31;693;18;771.00;22
1653;18;627450565;1653;162;2343;2366;11.73;0.71;202.18;3.31;690;18;772.00;23
1658;18;627450575;1658;163;2343;2366;11.74;0.71;202.20;3.31;685;18;773.00;23
1659;18;627450586;1659;165;2345;2369;11.84;0.72;202.20;3.30;686;18;774.00;24
1662;18;627450596;1662;165;2345;2369;11.82;0.72;202.30;3.30;683;18;775.00;24
1664;18;627450606;1664;164;2346;2369;11.87;0.72;202.25;3.30;682;18;776.00;23
1667;18;627450617;1667;168;2346;2369;11.88;0.72;202.24;3.30;679;18;777.00;23
1668;18;627450627;1668;170;2350;2375;11.82;0.72;202.18;3.30;682;18;778.00;25
1669;18;627450638;1669;165;2350;2375;11.79;0.72;202.20;3.30;681;18;779.00;25
1671;18;627450650;1671;158;2352;2375;11.71;0.71;202.41;3.32;681;18;780.00;23
1673;18;627450660;1673;157;2352;2375;11.71;0.71;202.53;3.32;679;18;781.00;23
1680;18;627450669;1680;156;2355;2379;11.63;0.71;202.77;3.32;675;18;782.00;24
1683;18;627450679;1683;151;2356;2380;11.63;0.71;202.57;3.32;673;18;783.00;24
1689;18;627450697;1689;143;2356;2380;11.60;0.71;202.72;3.32;667;18;784.00;24
1690;18;627450707;1690;136;2359;2381;11.57;0.71;202.67;3.33;669;18;785.00;22
1695;18;627450718;1695;134;2360;2381;11.61;0.71;202.57;3.35;665;18;786.00;21
1696;18;627450728;1696;136;2360;2381;11.66;0.71;202.59;3.35;664;18;787.00;21
1700;18;627450738;1700;127;2360;2381;11.68;0.71;202.40;3.35;660;18;788.00;21
1702;18;627450749;1702;123;2361;2381;11.70;0.71;202.53;3.38;659;18;789.00;20
1705;18;627450759;1705;121;2361;2381;11.71;0.71;202.38;3.38;656;18;790.00;20
1707;18;627450770;1707;120;2362;2381;11.77;0.72;202.32;3.41;655;18;791.00;19
1707;18;627450780;1707;124;2392;2451;11.75;0.72;202.32;3.37;685;18;792.00;59
1709;18;627450795;1709;122;2392;2452;11.81;0.72;202.34;3.37;683;18;793.00;60
1715;18;627450806;1715;125;2401;2452;11.83;0.72;202.24;3.39;686;18;794.00;51
1716;18;627450817;1716;128;2407;2452;11.84;0.72;202.17;3.39;691;18;795.00;45
1718;18;627450827;1718;127;2412;2452;11.86;0.72;202.13;3.39;694;18;796.00;40
1719;18;627450837;1719;125;2417;2452;11.79;0.72;202.22;3.42;698;18;797.00;35
1720;19;627450848;1720;128;2420;2452;11.70;0.71;202.15;3.46;700;19;798.00;32
1724;19;627450867;1724;131;2420;2452;11.63;0.71;201.99;3.46;696;19;799.00;32
1724;19;627450895;1724;136;2424;2453;11.57;0.71;201.99;3.52;700;19;800.00;29
1727;19;627450909;1727;144;2427;2454;11.48;0.70;201.81;3.52;700;19;801.00;27
1731;20;627450925;1731;152;2431;2454;11.26;0.69;201.79;3.56;700;20;802.00;23
1734;20;627450943;1734;156;2435;2458;11.13;0.68;201.63;3.59;701;20;803.00;23
1736;20;627450957;1736;160;2435;2458;11.00;0.67;201.54;3.59;699;20;804.00;23
1737;20;627450967;1737;164;2437;2458;10.81;0.66;201.46;3.63;700;20;805.00;21
1737;20;627450977;1737;172;2438;2458;10.66;0.65;201.46;3.63;701;20;806.00;20
1739;20;627450986;1739;179;2442;2464;10.50;0.64;201.58;3.64;703;20;807.00;22
1741;20;627450996;1741;193;2445;2464;10.38;0.63;201.48;3.67;704;20;808.00;19
1743;20;627451005;1743;203;2445;2464;10.25;0.63;201.45;3.67;702;20;809.00;19
1745;20;627451016;1745;210;2451;2470;10.08;0.62;201.52;3.72;706;20;810.00;19
1748;20;627451026;1748;219;2451;2470;9.90;0.60;201.39;3.72;703;20;811.00;19
1754;20;627451035;1754;228;2453;2470;9.72;0.59;201.05;3.72;699;20;812.00;17
1757;20;627451045;1757;233;2455;2471;9.56;0.58;201.07;3.76;698;20;813.00;16
1760;20;627451054;1760;241;2459;2472;9.44;0.58;200.93;3.78;699;20;814.00;13
1762;20;627451062;1762;247;2460;2472;9.32;0.57;200.89;3.80;698;20;815.00;12
1764;20;627451071;1764;257;2471;2485;9.21;0.56;201.03;3.80;707;20;816.00;14
1766;20;627451080;1766;262;2473;2485;9.07;0.56;200.89;3.80;707;20;817.00;12
1766;20;627451089;1766;267;2475;2485;8.95;0.55;200.89;3.81;709;20;818.00;10
1769;20;627451097;1769;272;2477;2486;8.86;0.54;200.77;3.82;708;20;819.00;9
1770;20;627451106;1770;280;2479;2486;8.78;0.54;201.03;3.82;709;20;820.00;7
1773;20;627451114;1773;287;2482;2490;8.68;0.53;200.92;3.81;709;20;821.00;8
1776;20;627451123;1776;289;2483;2490;8.49;0.52;200.80;3.82;707;20;822.00;7
1779;20;627451132;1779;296;2488;2494;8.31;0.51;200.78;3.81;709;20;823.00;6
1783;20;627451140;1783;304;2488;2494;8.18;0.50;200.57;3.81;705;20;824.00;6
1786;20;627451148;1786;312;2488;2494;7.97;0.49;200.67;3.81;702;20;825.00;6
1787;20;627451157;1787;317;2488;2494;7.81;0.48;200.66;3.81;701;20;826.00;6
1787;20;627451169;1787;307;2488;2494;7.63;0.47;200.66;3.81;701;20;827.00;6
1789;20;627451177;1789;303;2499;2506;7.60;0.47;200.63;3.79;710;20;828.00;7
1790;20;627451186;1790;299;2499;2506;7.60;0.47;200.61;3.79;709;20;829.00;7
1792;20;627451194;1792;291;2500;2506;7.58;0.47;200.59;3.79;708;20;830.00;6
1794;20;627451202;1794;281;2500;2506;7.55;0.46;200.51;3.79;706;20;831.00;6
1795;21;627451211;1795;279;2500;2506;7.59;0.47;200.46;3.79;705;21;832.00;6
1796;21;627451236;1796;269;2500;2506;7.64;0.47;200.41;3.79;704;21;833.00;6
1796;21;627451244;1796;264;2501;2507;7.77;0.48;200.41;3.79;705;21;834.00;6
1798;22;627451258;1798;257;2501;2507;7.85;0.48;200.27;3.79;703;22;835.00;6
1799;22;627451278;1799;257;2506;2513;8.02;0.49;200.22;3.79;707;22;836.00;7
1800;23;627451287;1800;253;2507;2514;8.15;0.50;200.20;3.78;707;23;837.00;7
1801;23;627451305;1801;250;2508;2514;8.27;0.51;200.10;3.78;707;23;838.00;6
1803;23;627451314;1803;246;2508;2514;8.37;0.51;200.01;3.78;705;23;839.00;6
1803;23;627451329;1803;245;2513;2519;8.57;0.52;200.01;3.78;710;23;840.00;6
1803;23;627451338;1803;245;2513;2519;8.61;0.53;200.01;3.78;710;23;841.00;6
1804;23;627451353;1804;246;2513;2519;8.64;0.53;199.98;3.78;709;23;842.00;6
1807;23;627451361;1807;246;2514;2520;8.64;0.53;200.12;3.78;707;23;843.00;6
1810;23;627451370;1810;246;2518;2524;8.57;0.52;200.23;3.77;708;23;844.00;6
1814;23;627451379;1814;246;2518;2524;8.51;0.52;200.46;3.77;704;23;845.00;6
1814;23;627451388;1814;247;2520;2527;8.50;0.52;200.46;3.77;706;23;846.00;7
1818;23;627451396;1818;242;2521;2527;8.45;0.52;200.62;3.77;703;23;847.00;6
1824;23;627451404;1824;244;2521;2527;8.35;0.51;200.65;3.77;697;23;848.00;6
1827;23;627451412;1827;242;2521;2527;8.37;0.51;200.55;3.77;694;23;849.00;6
1829;23;627451421;1829;239;2524;2531;8.49;0.52;200.47;3.76;695;23;850.00;7
1831;23;627451430;1831;224;2524;2531;8.62;0.53;200.33;3.76;693;23;851.00;7
1834;23;627451438;1834;222;2525;2531;8.69;0.53;200.50;3.76;691;23;852.00;6
1838;23;627451448;1838;212;2525;2531;8.74;0.53;200.71;3.76;687;23;853.00;6
1841;23;627451457;1841;207;2526;2532;8.81;0.54;200.62;3.76;685;23;854.00;6
1844;23;627451465;1844;201;2528;2534;8.84;0.54;200.74;3.76;684;23;855.00;6
1847;23;627451476;1847;197;2528;2534;8.87;0.54;200.78;3.76;681;23;856.00;6
1852;23;627451484;1852;188;2529;2535;8.95;0.55;200.66;3.76;677;23;857.00;6
1856;23;627451495;1856;185;2529;2535;9.10;0.55;200.78;3.76;673;23;858.00;6
1859;23;627451504;1859;171;2529;2535;9.25;0.56;200.82;3.76;670;23;859.00;6
1863;23;627451513;1863;155;2529;2535;9.32;0.57;201.02;3.76;666;23;860.00;6
1868;23;627451521;1868;141;2530;2535;9.30;0.57;201.26;3.81;662;23;861.00;5
1874;23;627451531;1874;133;2530;2535;9.32;0.57;201.06;3.81;656;23;862.00;5
1877;23;627451540;1877;132;2530;2535;9.31;0.57;201.21;3.81;653;23;863.00;5
1884;23;627451549;1884;142;2607;2662;9.31;0.58;201.23;3.70;723;23;864.00;55
1888;23;627451569;1888;137;2611;2663;9.32;0.58;201.19;3.70;723;23;865.00;52
1891;23;627451579;1891;130;2617;2663;9.48;0.59;201.34;3.69;726;23;866.00;46
1897;23;627451589;1897;124;2619;2663;9.55;0.59;201.64;3.69;722;23;867.00;44
1901;23;627451599;1901;127;2623;2663;9.67;0.60;201.55;3.69;722;23;868.00;40
1907;23;627451609;1907;121;2625;2663;9.71;0.60;201.66;3.69;718;23;869.00;38
1910;23;627451621;1910;125;2627;2663;9.71;0.60;201.80;3.70;717;23;870.00;36
1913;23;627451631;1913;128;2629;2663;9.63;0.59;201.74;3.70;716;23;871.00;34
1918;23;627451654;1918;133;2632;2664;9.55;0.59;202.00;3.70;714;23;872.00;32
1921;23;627451665;1921;145;2636;2665;9.49;0.58;202.13;3.71;715;23;873.00;29
1925;23;627451676;1925;148;2638;2665;9.38;0.58;202.36;3.72;713;23;874.00;27
1930;23;627451686;1930;158;2643;2666;9.33;0.57;202.83;3.73;713;23;875.00;23
1933;23;627451697;1933;162;2645;2666;9.30;0.57;202.99;3.73;712;23;876.00;21
1936;23;627451708;1936;168;2650;2666;9.35;0.57;203.10;3.80;714;23;877.00;16
1940;23;627451719;1940;169;2652;2666;9.39;0.58;203.21;3.81;712;23;878.00;14
1943;23;627451729;1943;176;2657;2670;9.46;0.58;203.41;3.83;714;23;879.00;13
1947;23;627451740;1947;178;2658;2670;9.51;0.58;203.42;3.83;711;23;880.00;12
1951;23;627451750;1951;175;2662;2670;9.53;0.59;203.74;3.84;711;23;881.00;8
1952;23;627451761;1952;173;2665;2673;9.66;0.59;203.66;3.84;713;23;882.00;8
1958;23;627451772;1958;176;2665;2673;9.73;0.60;204.21;3.84;707;23;883.00;8
1961;23;627451783;1961;175;2666;2673;9.83;0.60;204.30;3.84;705;23;884.00;7
1966;23;627451793;1966;178;2670;2677;9.87;0.60;204.40;3.83;704;23;885.00;7
1968;23;627451804;1968;179;2672;2678;10.02;0.61;204.49;3.83;704;23;886.00;6
1972;23;627451815;1972;180;2672;2678;10.11;0.62;204.72;3.83;700;23;887.00;6
1975;23;627451826;1975;180;2676;2682;10.17;0.62;204.89;3.83;701;23;888.00;6
1981;23;627451837;1981;187;2676;2682;10.18;0.62;204.93;3.83;695;23;889.00;6
1985;23;627451848;1985;196;2676;2682;10.22;0.62;205.19;3.83;691;23;890.00;6
1989;23;627451859;1989;199;2677;2683;10.24;0.62;205.45;3.83;688;23;891.00;6
1992;23;627451875;1992;200;2677;2683;10.25;0.62;205.46;3.83;685;23;892.00;6
1995;23;627451895;1995;202;2682;2689;10.19;0.62;205.67;3.82;687;23;893.00;7
1998;23;627451914;1998;205;2682;2689;10.11;0.61;205.59;3.82;684;23;894.00;7
2002;23;627451929;2002;207;2684;2690;10.01;0.61;205.72;3.82;682;23;895.00;6
2005;23;627451945;2005;213;2684;2690;9.92;0.60;205.85;3.82;679;23;896.00;6
2008;23;627451961;2008;207;2684;2690;9.92;0.60;205.88;3.82;676;23;897.00;6
2008;23;627451979;2008;203;2684;2690;9.97;0.61;205.88;3.82;676;23;898.00;6
2010;23;627451990;2010;196;2684;2690;10.04;0.61;206.21;3.82;674;23;899.00;6
2014;23;627452004;2014;199;2712;2736;10.00;0.61;206.28;3.78;698;23;900.00;24
2017;23;627452026;2017;195;2712;2736;10.04;0.61;206.44;3.78;695;23;901.00;24
2020;23;627452039;2020;192;2715;2736;10.01;0.61;206.43;3.78;695;23;902.00;21
2022;23;627452050;2022;189;2715;2736;10.01;0.61;206.51;3.78;693;23;903.00;21
2024;23;627452068;2024;177;2716;2736;10.07;0.62;206.76;3.78;692;23;904.00;20
2025;23;627452079;2025;174;2716;2736;10.10;0.62;206.86;3.78;691;23;905.00;20
2028;23;627452090;2028;162;2721;2740;10.05;0.62;206.94;3.78;693;23;906.00;19
2030;23;627452108;2030;151;2722;2740;10.15;0.62;207.02;3.78;692;23;907.00;18
2036;23;627452120;2036;147;2726;2744;10.28;0.63;207.31;3.78;690;23;908.00;18
2039;23;627452132;2039;137;2728;2745;10.40;0.64;207.33;3.78;689;23;909.00;17
2043;23;627452149;2043;127;2728;2745;10.49;0.64;207.30;3.78;685;23;910.00;17
2046;23;627452161;2046;123;2728;2745;10.62;0.65;207.41;3.78;682;23;911.00;17
2049;23;627452172;2049;120;2737;2758;10.72;0.65;207.39;3.77;688;23;912.00;21
2053;23;627452184;2053;122;2737;2758;10.81;0.66;207.45;3.77;684;23;913.00;21
2055;23;627452196;2055;121;2739;2758;10.90;0.66;207.49;3.84;684;23;914.00;19
2057;23;627452208;2057;116;2741;2759;11.00;0.67;207.44;3.84;684;23;915.00;18
2062;23;627452220;2062;114;2742;2760;11.04;0.67;207.75;3.84;680;23;916.00;18
2066;23;627452232;2066;111;2742;2760;11.04;0.67;208.05;3.84;676;23;917.00;18
2070;23;627452244;2070;111;2744;2763;11.04;0.67;208.10;3.84;674;23;918.00;19
2073;23;627452256;2073;111;2744;2763;10.99;0.67;208.14;3.84;671;23;919.00;19
2075;23;627452268;2075;119;2745;2763;10.98;0.67;208.29;3.84;670;23;920.00;18
2078;23;627452280;2078;116;2746;2763;11.02;0.67;208.41;3.85;668;23;921.00;17
2081;23;627452291;2081;112;2750;2769;11.02;0.67;208.41;3.85;669;23;922.00;19
2083;23;627452302;2083;116;2750;2769;11.04;0.67;208.59;3.85;667;23;923.00;19
2085;23;627452313;2085;113;2750;2769;11.02;0.67;208.65;3.85;665;23;924.00;19
2088;24;627452324;2088;117;2750;2769;11.05;0.67;208.61;3.85;662;24;925.00;19
2093;26;627452354;2093;116;2756;2773;10.98;0.67;208.85;3.85;663;26;926.00;17
2094;26;627452386;2094;121;2758;2774;11.09;0.67;208.85;3.86;664;26;927.00;16
2099;26;627452397;2099;123;2758;2774;11.18;0.68;209.02;3.86;659;26;928.00;16
2101;26;627452408;2101;130;2761;2775;11.27;0.69;208.97;3.87;660;26;929.00;14
2103;26;627452427;2103;132;2761;2775;11.31;0.69;208.98;3.87;658;26;930.00;14
2106;26;627452438;2106;131;2763;2775;11.31;0.69;209.10;3.88;657;26;931.00;12
2107;26;627452448;2107;135;2763;2775;11.35;0.69;209.10;3.88;656;26;932.00;12
2109;26;627452472;2109;136;2764;2775;11.36;0.69;209.10;3.88;655;26;933.00;11
2110;26;627452482;2110;145;2765;2775;11.41;0.70;209.24;3.89;655;26;934.00;10
2113;26;627452492;2113;147;2765;2775;11.45;0.70;209.38;3.89;652;26;935.00;10
2116;26;627452502;2116;164;2806;2845;11.19;0.68;209.31;3.91;690;26;936.00;39
2118;26;627452524;2118;155;2809;2846;11.18;0.68;209.33;3.91;691;26;937.00;37
2122;26;627452536;2122;151;2814;2846;11.20;0.68;209.49;3.91;692;26;938.00;32
2123;26;627452547;2123;149;2817;2846;11.27;0.69;209.47;3.91;694;26;939.00;29
2125;26;627452557;2125;148;2820;2846;11.30;0.69;209.51;3.91;695;26;940.00;26
2127;26;627452571;2127;151;2821;2846;11.37;0.69;209.53;3.91;694;26;941.00;25
2129;26;627452581;2129;155;2826;2846;11.46;0.70;209.51;3.91;697;26;942.00;20
2131;26;627452593;2131;154;2827;2846;11.43;0.70;209.52;3.91;696;26;943.00;19
2135;26;627452605;2135;160;2831;2847;11.44;0.70;209.43;3.92;696;26;944.00;16
2138;26;627452616;2138;161;2837;2849;11.53;0.70;209.43;3.92;699;26;945.00;12
2143;26;627452627;2143;161;2838;2849;11.53;0.70;209.32;3.92;695;26;946.00;11
2147;26;627452639;2147;162;2842;2853;11.50;0.70;209.19;3.92;695;26;947.00;11
2149;26;627452650;2149;162;2842;2853;11.48;0.70;209.08;3.92;693;26;948.00;11
2151;26;627452659;2151;163;2842;2853;11.47;0.70;209.09;3.92;691;26;949.00;11
2157;26;627452669;2157;162;2842;2853;11.37;0.69;208.94;3.92;685;26;950.00;11
2158;26;627452678;2158;168;2845;2859;11.39;0.70;208.95;3.92;687;26;951.00;14
2166;26;627452688;2166;164;2845;2859;11.35;0.69;208.69;3.92;679;26;952.00;14
2171;27;627452698;2171;158;2847;2859;11.28;0.69;208.58;3.93;676;27;953.00;12
2173;27;627452721;2173;157;2849;2862;11.18;0.68;208.60;3.93;676;27;954.00;13
2179;27;627452731;2179;157;2851;2862;11.10;0.67;208.32;4.01;672;27;955.00;11
2180;27;627452741;2180;155;2852;2862;11.12;0.67;208.27;4.01;672;27;956.00;10
2182;27;627452750;2182;158;2853;2863;11.03;0.67;208.22;4.01;671;27;957.00;10
2188;27;627452760;2188;163;2854;2864;11.03;0.67;208.03;4.01;666;27;958.00;10
2189;27;627452769;2189;162;2854;2864;11.05;0.67;208.00;4.01;665;27;959.00;10
2191;27;627452780;2191;163;2869;2890;10.99;0.67;207.93;3.98;678;27;960.00;21
2192;27;627452793;2192;160;2869;2890;11.02;0.67;207.89;3.98;677;27;961.00;21
2194;27;627452802;2194;161;2871;2890;11.08;0.67;207.75;3.98;677;27;962.00;19
2195;27;627452811;2195;158;2873;2891;11.19;0.68;207.75;3.98;678;27;963.00;18
2198;27;627452821;2198;158;2873;2891;11.25;0.68;207.69;3.98;675;27;964.00;18
2200;27;627452830;2200;165;2875;2895;11.34;0.69;207.69;3.98;675;27;965.00;20
2203;27;627452840;2203;168;2876;2895;11.32;0.69;207.73;3.98;673;27;966.00;19
2204;27;627452849;2204;170;2879;2899;11.24;0.68;207.71;3.98;675;27;967.00;20
2205;27;627452859;2205;171;2879;2899;11.24;0.68;207.65;3.98;674;27;968.00;20
2207;27;627452868;2207;182;2881;2899;11.12;0.68;207.49;4.00;674;27;969.00;18
2208;27;627452878;2208;185;2882;2899;10.97;0.67;207.51;4.01;674;27;970.00;17
2211;27;627452887;2211;183;2883;2899;10.73;0.65;207.41;4.01;672;27;971.00;16
2214;27;627452897;2214;185;2893;2911;10.63;0.65;207.37;4.01;679;27;972.00;18
2214;27;627452907;2214;189;2894;2911;10.50;0.64;207.37;4.01;680;27;973.00;17
2216;27;627452916;2216;192;2896;2911;10.38;0.63;207.38;4.01;680;27;974.00;15
2217;27;627452925;2217;198;2896;2911;10.26;0.63;207.35;4.01;679;27;975.00;15
2217;27;627452934;2217;203;2896;2911;10.19;0.62;207.35;4.01;679;27;976.00;15
2219;27;627452948;2219;207;2897;2911;10.10;0.62;207.39;4.02;678;27;977.00;14
2223;27;627452957;2223;217;2898;2912;10.02;0.61;207.38;4.02;675;27;978.00;14
2224;27;627452966;2224;208;2899;2912;9.98;0.61;207.40;4.03;675;27;979.00;13
2225;27;627452975;2225;203;2905;2918;9.99;0.61;207.35;4.04;680;27;980.00;13
2226;27;627452985;2226;202;2907;2919;10.00;0.61;207.31;4.03;681;27;981.00;12
2227;27;627452995;2227;199;2908;2919;9.96;0.61;207.33;4.03;681;27;982.00;11
2231;27;627453004;2231;199;2909;2919;9.96;0.61;207.27;4.04;678;27;983.00;10
2233;27;627453014;2233;196;2912;2923;9.90;0.60;207.29;4.03;679;27;984.00;11
2236;27;627453024;2236;196;2913;2923;9.79;0.60;207.17;4.04;677;27;985.00;10
2236;27;627453033;2236;195;2913;2923;9.75;0.59;207.17;4.04;677;27;986.00;10
2238;27;627453042;2238;196;2915;2924;9.72;0.59;207.15;4.04;677;27;987.00;9
2242;27;627453051;2242;200;2919;2928;9.64;0.58;206.97;4.03;677;27;988.00;9
2242;27;627453060;2242;205;2920;2928;9.62;0.59;206.97;4.03;678;27;989.00;8
2243;27;627453071;2243;205;2923;2934;9.61;0.58;206.98;4.03;680;27;990.00;11
2246;27;627453080;2246;204;2923;2934;9.53;0.58;206.90;4.03;677;27;991.00;11
2246;27;627453095;2246;201;2924;2934;9.47;0.58;206.90;4.03;678;27;992.00;10
2248;27;627453109;2248;206;2925;2934;9.41;0.57;206.92;4.03;677;27;993.00;9
2249;27;627453123;2249;205;2927;2938;9.37;0.57;206.91;4.03;678;27;994.00;11
2249;27;627453132;2249;209;2928;2938;9.38;0.57;206.91;4.03;679;27;995.00;10
2250;27;627453140;2250;208;2928;2938;9.37;0.57;206.86;4.03;678;27;996.00;10
2251;27;627453149;2251;208;2929;2938;9.32;0.57;206.95;4.03;678;27;997.00;9
2252;27;627453157;2252;207;2931;2939;9.22;0.57;206.93;4.03;679;27;998.00;8
2255;27;627453166;2255;206;2932;2940;9.11;0.56;206.85;4.03;677;27;999.00;8
2257;27;627453176;2257;206;2932;2940;8.96;0.55;206.80;4.03;675;27;1000.00;8
2261;27;627453187;2261;204;2933;2941;8.86;0.54;207.01;4.02;672;27;1001.00;8
2261;27;627453196;2261;204;2933;2941;8.81;0.54;207.01;4.02;672;27;1002.00;8
2265;27;627453205;2265;207;2933;2941;8.74;0.54;207.21;4.02;668;27;1003.00;8
2266;27;627453213;2266;205;2933;2941;8.72;0.53;207.40;4.02;667;27;1004.00;8
2270;27;627453222;2270;201;2933;2941;8.64;0.53;207.32;4.02;663;27;1005.00;8
2272;27;627453230;2272;199;2933;2941;8.56;0.53;207.31;4.02;661;27;1006.00;8
2273;27;627453239;2273;200;2933;2941;8.65;0.53;207.31;4.02;660;27;1007.00;8
2277;27;627453247;2277;224;3005;3068;8.73;0.54;207.21;3.93;728;27;1008.00;63
2280;27;627453266;2280;222;3010;3069;8.70;0.54;207.16;3.92;730;27;1009.00;59
2283;27;627453275;2283;218;3018;3069;8.78;0.55;207.03;3.92;735;27;1010.00;51
2287;27;627453284;2287;214;3022;3069;8.75;0.54;207.00;3.92;735;27;1011.00;47
2289;27;627453293;2289;215;3028;3069;8.81;0.55;207.15;3.92;739;27;1012.00;41
2292;27;627453302;2292;212;3029;3069;8.79;0.55;207.16;3.92;737;27;1013.00;40
2294;27;627453311;2294;209;3034;3069;8.82;0.55;207.07;3.92;740;27;1014.00;35
2302;27;627453320;2302;213;3035;3069;8.78;0.54;207.19;3.92;733;27;1015.00;34
2308;27;627453329;2308;219;3040;3070;8.87;0.55;207.35;3.93;732;27;1016.00;30
2312;27;627453338;2312;225;3040;3071;8.76;0.54;207.46;3.93;728;27;1017.00;31
2317;27;627453348;2317;226;3045;3071;8.67;0.54;207.76;3.94;728;27;1018.00;26
2322;27;627453356;2322;235;3050;3072;8.53;0.53;207.90;3.95;728;27;1019.00;22
2326;27;627453372;2326;230;3052;3072;8.44;0.52;207.91;3.95;726;27;1020.00;20
2329;27;627453382;2329;223;3055;3072;8.42;0.52;207.96;3.96;726;27;1021.00;17
2332;27;627453392;2332;221;3055;3072;8.41;0.52;208.05;3.96;723;27;1022.00;17
2335;27;627453401;2335;226;3059;3076;8.48;0.53;208.16;3.96;724;27;1023.00;17
2337;27;627453411;2337;218;3061;3076;8.55;0.53;208.15;3.97;724;27;1024.00;15
2343;27;627453420;2343;213;3061;3076;8.57;0.53;208.42;3.97;718;27;1025.00;15
2350;27;627453436;2350;212;3064;3079;8.67;0.54;208.37;3.97;714;27;1026.00;15
2353;27;627453447;2353;208;3065;3079;8.79;0.54;208.55;3.98;712;27;1027.00;14
2357;27;627453456;2357;197;3067;3079;8.90;0.55;208.73;3.98;710;27;1028.00;12
2359;28;627453466;2359;192;3072;3083;9.01;0.56;208.69;3.98;713;28;1029.00;11
2365;28;627453486;2365;181;3074;3084;9.17;0.56;208.96;3.98;709;28;1030.00;10
2374;28;627453497;2374;178;3074;3084;9.24;0.57;209.06;3.98;700;28;1031.00;10
2377;28;627453507;2377;174;3078;3088;9.39;0.57;209.12;3.97;701;28;1032.00;10
2381;28;627453518;2381;167;3078;3088;9.49;0.58;209.30;3.97;697;28;1033.00;10
2388;29;627453528;2388;161;3078;3088;9.59;0.58;209.52;3.97;690;29;1034.00;10
2391;29;627453550;2391;159;3080;3090;9.74;0.59;209.53;3.97;689;29;1035.00;10
2395;29;627453560;2395;160;3080;3090;9.86;0.60;209.71;3.97;685;29;1036.00;10
2400;29;627453570;2400;162;3085;3096;9.91;0.60;209.84;3.97;685;29;1037.00;11
2402;29;627453580;2402;158;3085;3096;10.00;0.61;210.03;3.97;683;29;1038.00;11
2407;29;627453595;2407;158;3087;3097;10.01;0.61;210.21;3.96;680;29;1039.00;10
2411;29;627453606;2411;159;3087;3097;9.97;0.61;210.32;3.96;676;29;1040.00;10
2415;29;627453616;2415;159;3087;3097;9.96;0.61;210.45;3.96;672;29;1041.00;10
2419;29;627453632;2419;162;3087;3097;9.90;0.60;210.74;3.96;668;29;1042.00;10
2421;29;627453642;2421;159;3087;3097;9.91;0.60;210.84;3.96;666;29;1043.00;10
2423;29;627453652;2423;156;3098;3109;10.02;0.61;211.00;3.95;675;29;1044.00;11
2430;29;627453663;2430;158;3098;3109;10.05;0.61;211.27;3.95;668;29;1045.00;11
2431;29;627453673;2431;158;3099;3109;10.22;0.63;211.21;3.95;668;29;1046.00;10
2436;29;627453683;2436;159;3099;3109;10.28;0.63;211.39;3.95;663;29;1047.00;10
2442;29;627453694;2442;157;3099;3109;10.38;0.63;211.69;3.95;657;29;1048.00;10
2445;29;627453710;2445;160;3099;3109;10.41;0.63;211.86;3.95;654;29;1049.00;10
2450;29;627453722;2450;165;3105;3115;10.38;0.63;211.86;3.94;655;29;1050.00;10
2455;29;627453733;2455;165;3105;3115;10.38;0.63;212.08;3.94;650;29;1051.00;10
2458;29;627453744;2458;167;3108;3119;10.46;0.64;212.27;3.94;650;29;1052.00;11
2461;29;627453754;2461;163;3110;3120;10.50;0.64;212.39;3.94;649;29;1053.00;10
2464;29;627453765;2464;161;3110;3120;10.51;0.64;212.47;3.94;646;29;1054.00;10
2471;29;627453774;2471;165;3110;3120;10.57;0.64;212.60;3.94;639;29;1055.00;10
2476;29;627453784;2476;165;3123;3133;10.46;0.63;212.55;3.92;647;29;1056.00;10
2479;29;627453795;2479;166;3123;3133;10.46;0.63;212.60;3.92;644;29;1057.00;10
2483;29;627453805;2483;169;3123;3133;10.46;0.64;212.77;3.92;640;29;1058.00;10
2485;29;627453816;2485;174;3124;3134;10.50;0.64;212.83;3.92;639;29;1059.00;10
2490;29;627453826;2490;177;3125;3135;10.48;0.64;212.87;3.92;635;29;1060.00;10
2492;29;627453837;2492;181;3125;3135;10.51;0.64;212.94;3.92;633;29;1061.00;10
2494;29;627453847;2494;183;3127;3138;10.52;0.64;213.06;3.92;633;29;1062.00;11
2500;29;627453857;2500;183;3127;3138;10.33;0.63;213.16;3.92;627;29;1063.00;11
2504;29;627453871;2504;181;3128;3138;10.24;0.62;213.47;3.92;624;29;1064.00;10
2505;29;627453885;2505;185;3128;3138;10.19;0.62;213.52;3.92;623;29;1065.00;10
2509;29;627453901;2509;191;3133;3144;10.07;0.61;213.74;3.91;624;29;1066.00;11
2514;29;627453919;2514;180;3133;3144;10.01;0.61;213.68;3.91;619;29;1067.00;11
2517;29;627453935;2517;180;3134;3144;9.95;0.60;213.75;3.91;617;29;1068.00;10
2520;29;627453949;2520;181;3134;3144;9.88;0.60;213.90;3.91;614;29;1069.00;10
2525;29;627453964;2525;179;3138;3148;9.80;0.59;214.05;3.91;613;29;1070.00;10
2527;29;627453980;2527;183;3139;3149;9.72;0.59;214.33;3.91;612;29;1071.00;10
2530;29;627453991;2530;188;3139;3149;9.65;0.59;214.39;3.91;609;29;1072.00;10
2535;29;627454001;2535;184;3140;3150;9.65;0.59;214.38;3.91;605;29;1073.00;10
2538;29;627454013;2538;182;3140;3150;9.65;0.59;214.37;3.91;602;29;1074.00;10
2541;29;627454023;2541;182;3140;3150;9.63;0.58;214.45;3.91;599;29;1075.00;10
2546;29;627454034;2546;168;3140;3150;9.62;0.58;214.57;3.91;594;29;1076.00;10
2548;29;627454044;2548;163;3140;3150;9.70;0.59;214.68;3.91;592;29;1077.00;10
2550;29;627454054;2550;156;3140;3150;9.77;0.59;214.61;3.91;590;29;1078.00;10
2553;29;627454071;2553;147;3140;3150;9.87;0.60;214.70;3.91;587;29;1079.00;10
2556;29;627454084;2556;173;3218;3275;9.66;0.59;214.73;3.81;662;29;1080.00;57
2556;29;627454105;2556;157;3222;3276;9.70;0.60;214.73;3.81;666;29;1081.00;54
2557;30;627454116;2557;141;3229;3276;9.85;0.61;214.77;3.80;672;30;1082.00;47
2559;30;627454134;2559;137;3233;3276;10.03;0.62;214.79;3.80;674;30;1083.00;43
2560;30;627454144;2560;129;3237;3276;10.11;0.62;214.74;3.80;677;30;1084.00;39
2562;30;627454165;2562;129;3241;3276;10.18;0.63;214.79;3.81;679;30;1085.00;35
2563;30;627454175;2563;127;3244;3276;10.23;0.63;214.86;3.81;681;30;1086.00;32
2566;30;627454186;2566;127;3244;3276;10.23;0.63;214.81;3.81;678;30;1087.00;32
2568;30;627454196;2568;133;3247;3277;10.25;0.63;214.72;3.81;679;30;1088.00;30
2570;30;627454206;2570;139;3247;3278;10.23;0.63;214.68;3.81;677;30;1089.00;31
2573;30;627454223;2573;145;3249;3278;10.14;0.62;214.71;3.81;676;30;1090.00;29
2574;30;627454233;2574;142;3255;3282;10.09;0.62;214.72;3.81;681;30;1091.00;27
2577;30;627454250;2577;150;3256;3282;9.96;0.61;214.72;3.81;679;30;1092.00;26
2579;30;627454261;2579;156;3257;3282;9.91;0.61;214.67;3.82;678;30;1093.00;25
2580;30;627454272;2580;151;3258;3282;9.84;0.60;214.68;3.82;678;30;1094.00;24
2583;30;627454281;2583;155;3262;3288;9.81;0.60;214.60;3.82;679;30;1095.00;26
2585;30;627454291;2585;158;3263;3288;9.86;0.60;214.76;3.82;678;30;1096.00;25
2585;30;627454301;2585;161;3264;3288;9.90;0.61;214.76;3.82;679;30;1097.00;24
2587;31;627454310;2587;166;3266;3291;9.96;0.61;214.83;3.82;679;31;1098.00;25
2588;31;627454333;2588;165;3268;3291;10.00;0.61;214.78;3.82;680;31;1099.00;23
2589;31;627454349;2589;171;3268;3291;10.04;0.62;214.73;3.82;679;31;1100.00;23
2591;31;627454363;2591;169;3269;3292;10.12;0.62;214.66;3.82;678;31;1101.00;23
2594;31;627454372;2594;173;3270;3293;10.20;0.62;214.67;3.81;676;31;1102.00;23
2596;31;627454382;2596;178;3270;3293;10.26;0.63;214.83;3.81;674;31;1103.00;23
2599;31;627454392;2599;180;3282;3306;10.23;0.63;214.70;3.80;683;31;1104.00;24
2602;31;627454402;2602;185;3282;3306;10.30;0.63;214.68;3.80;680;31;1105.00;24
2606;31;627454413;2606;182;3282;3306;10.39;0.63;214.61;3.80;676;31;1106.00;24
2610;31;627454422;2610;183;3283;3307;10.50;0.64;214.49;3.80;673;31;1107.00;24
2612;31;627454432;2612;184;3283;3307;10.58;0.64;214.42;3.80;671;31;1108.00;24
2614;31;627454441;2614;181;3286;3311;10.62;0.65;214.38;3.80;672;31;1109.00;25
2617;31;627454452;2617;185;3287;3311;10.71;0.65;214.30;3.80;670;31;1110.00;24
2618;31;627454461;2618;186;3291;3315;10.78;0.66;214.28;3.79;673;31;1111.00;24
2619;31;627454473;2619;189;3291;3315;10.89;0.66;214.29;3.79;672;31;1112.00;24
2624;31;627454482;2624;185;3291;3315;10.98;0.67;214.29;3.79;667;31;1113.00;24
2624;31;627454492;2624;183;3291;3315;11.01;0.67;214.29;3.79;667;31;1114.00;24
2627;31;627454501;2627;183;3291;3315;10.94;0.67;214.12;3.79;664;31;1115.00;24
2628;31;627454510;2628;187;3302;3327;10.87;0.67;214.10;3.88;674;31;1116.00;25
2632;31;627454521;2632;191;3302;3327;10.80;0.66;214.04;3.88;670;31;1117.00;25
2635;31;627454530;2635;191;3303;3327;10.84;0.66;213.95;3.88;668;31;1118.00;24
2639;31;627454539;2639;191;3303;3327;10.84;0.66;213.80;3.88;664;31;1119.00;24
2642;31;627454548;2642;193;3304;3327;10.91;0.67;214.02;3.95;662;31;1120.00;23
2645;31;627454557;2645;190;3304;3327;10.89;0.66;214.02;3.95;659;31;1121.00;23
2647;31;627454567;2647;186;3304;3328;10.86;0.66;214.00;3.95;657;31;1122.00;24
2650;31;627454575;2650;186;3306;3328;10.85;0.66;213.84;4.04;656;31;1123.00;22
2653;31;627454584;2653;188;3310;3334;10.79;0.66;213.76;4.03;657;31;1124.00;24
2655;31;627454594;2655;185;3314;3336;10.76;0.66;213.68;4.03;659;31;1125.00;22
2657;32;627454603;2657;179;3316;3336;10.78;0.66;213.69;4.10;659;32;1126.00;20
2658;32;627454628;2658;180;3316;3336;10.74;0.66;213.66;4.10;658;32;1127.00;20
2660;32;627454641;2660;178;3319;3340;10.78;0.66;213.60;4.09;659;32;1128.00;21
2663;32;627454650;2663;179;3320;3340;10.83;0.66;213.55;4.16;657;32;1129.00;20
2663;33;627454665;2663;179;3320;3340;10.90;0.66;213.55;4.16;657;33;1130.00;20
2665;33;627454691;2665;168;3321;3341;10.97;0.67;213.47;4.16;656;33;1131.00;20
2666;33;627454701;2666;154;3325;3345;11.03;0.67;213.40;4.22;659;33;1132.00;20
2667;33;627454710;2667;143;3325;3345;11.18;0.68;213.39;4.22;658;33;1133.00;20
2668;33;627454722;2668;131;3328;3348;11.31;0.69;213.41;4.26;660;33;1134.00;20
2671;33;627454758;2671;125;3329;3348;11.36;0.69;213.38;4.26;658;33;1135.00;19
2677;33;627454783;2677;123;3330;3348;11.38;0.69;213.31;4.32;653;33;1136.00;18
2677;33;627454808;2677;115;3330;3348;11.49;0.70;213.31;4.32;653;33;1137.00;18
2680;33;627454829;2680;112;3334;3352;11.49;0.70;213.22;4.35;654;33;1138.00;18
2681;33;627454843;2681;113;3334;3352;11.58;0.70;213.21;4.35;653;33;1139.00;18
2682;33;627454858;2682;116;3335;3352;11.62;0.71;213.19;4.35;653;33;1140.00;17
2684;33;627454872;2684;115;3336;3352;11.63;0.71;213.21;4.39;652;33;1141.00;16
2685;33;627454883;2685;119;3336;3353;11.61;0.71;213.34;4.39;651;33;1142.00;17
2686;33;627454896;2686;118;3337;3354;11.68;0.71;213.33;4.39;651;33;1143.00;17
2688;33;627454910;2688;115;3338;3354;11.62;0.71;213.30;4.40;650;33;1144.00;16
2689;33;627454921;2689;118;3339;3355;11.66;0.71;213.29;4.40;650;33;1145.00;16
2691;33;627454932;2691;117;3339;3355;11.65;0.71;213.36;4.40;648;33;1146.00;16
2692;33;627454947;2692;120;3339;3355;11.63;0.71;213.34;4.40;647;33;1147.00;16
2694;33;627454957;2694;126;3339;3355;11.64;0.71;213.32;4.40;645;33;1148.00;16
2696;33;627454967;2696;135;3339;3355;11.55;0.70;213.28;4.40;643;33;1149.00;16
2697;33;627454978;2697;138;3341;3355;11.44;0.70;213.26;4.42;644;33;1150.00;14
2697;33;627454995;2697;140;3341;3355;11.39;0.69;213.26;4.42;644;33;1151.00;14
2700;33;627455004;2700;162;3405;3482;11.10;0.68;213.39;4.33;705;33;1152.00;77
2704;33;627455025;2704;156;3408;3483;11.03;0.68;213.56;4.34;704;33;1153.00;75
2708;33;627455037;2708;152;3417;3483;11.01;0.68;213.54;4.33;709;33;1154.00;66
2712;33;627455049;2712;155;3423;3483;11.00;0.68;213.63;4.33;711;33;1155.00;60
2713;33;627455060;2713;156;3431;3483;11.00;0.68;213.79;4.33;718;33;1156.00;52
2713;33;627455070;2713;158;3435;3483;10.97;0.68;213.79;4.33;722;33;1157.00;48
2714;33;627455079;2714;165;3439;3483;10.90;0.67;213.79;4.33;725;33;1158.00;44
2717;33;627455089;2717;168;3443;3483;10.83;0.67;213.83;4.34;726;33;1159.00;40
2718;33;627455100;2718;173;3447;3484;10.78;0.67;213.94;4.34;729;33;1160.00;37
2724;33;627455115;2724;179;3451;3485;10.75;0.66;213.93;4.35;727;33;1161.00;34
2726;33;627455126;2726;186;3455;3485;10.70;0.66;214.19;4.35;729;33;1162.00;30
2729;33;627455137;2729;186;3458;3486;10.62;0.66;214.30;4.36;729;33;1163.00;28
2733;33;627455147;2733;193;3462;3486;10.50;0.65;214.31;4.36;729;33;1164.00;24
2735;33;627455158;2735;199;3464;3486;10.33;0.64;214.55;4.37;729;33;1165.00;22
2737;33;627455167;2737;209;3467;3486;10.18;0.63;214.45;4.38;730;33;1166.00;19
2740;33;627455176;2740;217;3470;3490;10.06;0.62;214.50;4.38;730;33;1167.00;20
2743;33;627455187;2743;221;3472;3490;9.89;0.61;214.46;4.38;729;33;1168.00;18
2744;33;627455198;2744;230;3472;3490;9.70;0.60;214.44;4.38;728;33;1169.00;18
2750;33;627455209;2750;237;3476;3496;9.54;0.59;214.54;4.38;726;33;1170.00;20
2752;33;627455221;2752;245;3476;3496;9.39;0.58;214.50;4.38;724;33;1171.00;20
2754;33;627455232;2754;249;3477;3496;9.32;0.57;214.47;4.39;723;33;1172.00;19
2758;33;627455243;2758;251;3481;3500;9.16;0.56;214.33;4.38;723;33;1173.00;19
2762;33;627455255;2762;250;3483;3501;9.08;0.56;214.35;4.38;721;33;1174.00;18
2763;33;627455267;2763;251;3484;3501;9.04;0.56;214.34;4.38;721;33;1175.00;17
2767;33;627455279;2767;250;3488;3505;9.09;0.56;214.25;4.38;721;33;1176.00;17
2768;33;627455289;2768;246;3489;3505;9.07;0.56;214.24;4.38;721;33;1177.00;16
2770;33;627455300;2770;245;3489;3505;9.05;0.56;214.18;4.38;719;33;1178.00;16
2777;33;627455318;2777;244;3491;3506;9.00;0.55;214.37;4.38;714;33;1179.00;15
2779;33;627455335;2779;243;3491;3506;9.04;0.56;214.34;4.38;712;33;1180.00;15
2781;33;627455345;2781;245;3496;3512;9.11;0.56;214.36;4.38;715;33;1181.00;16
2790;33;627455363;2790;242;3496;3512;9.01;0.55;214.27;4.38;706;33;1182.00;16
2793;33;627455374;2793;245;3498;3513;8.96;0.55;214.34;4.38;705;33;1183.00;15
2797;33;627455384;2797;243;3498;3513;8.93;0.55;214.51;4.38;701;33;1184.00;15
2798;33;627455395;2798;242;3499;3513;8.93;0.55;214.60;4.38;701;33;1185.00;14
2802;33;627455412;2802;242;3499;3513;8.93;0.55;214.73;4.38;697;33;1186.00;14
2806;33;627455423;2806;244;3499;3513;8.91;0.54;214.78;4.38;693;33;1187.00;14
2810;33;627455432;2810;240;3509;3525;8.98;0.55;215.01;4.36;699;33;1188.00;16
2814;33;627455443;2814;241;3510;3525;9.01;0.55;215.22;4.36;696;33;1189.00;15
2820;33;627455452;2820;231;3511;3525;9.04;0.55;215.35;4.36;691;33;1190.00;14
2825;33;627455464;2825;227;3511;3525;9.06;0.56;215.50;4.36;686;33;1191.00;14
2831;33;627455475;2831;219;3511;3525;9.07;0.56;215.73;4.36;680;33;1192.00;14
2835;33;627455485;2835;210;3511;3525;9.10;0.56;215.92;4.36;676;33;1193.00;14
2840;33;627455495;2840;204;3515;3529;9.07;0.56;216.10;4.36;675;33;1194.00;14
2842;33;627455507;2842;206;3515;3529;9.11;0.56;216.22;4.36;673;33;1195.00;14
2844;33;627455516;2844;205;3518;3533;9.22;0.57;216.34;4.36;674;33;1196.00;15
2848;33;627455526;2848;195;3519;3534;9.26;0.57;216.50;4.35;671;33;1197.00;15
2853;33;627455537;2853;188;3520;3534;9.31;0.57;216.61;4.35;667;33;1198.00;14
2857;33;627455548;2857;188;3520;3534;9.36;0.58;216.78;4.35;663;33;1199.00;14
2862;33;627455561;2862;189;3542;3575;9.29;0.57;217.03;4.33;680;33;1200.00;33
2868;33;627455581;2868;183;3544;3575;9.39;0.58;217.16;4.32;676;33;1201.00;31
2873;33;627455593;2873;183;3547;3575;9.45;0.58;217.27;4.32;674;33;1202.00;28
2879;33;627455603;2879;181;3550;3576;9.50;0.58;217.42;4.32;671;33;1203.00;26
2884;33;627455614;2884;180;3553;3577;9.54;0.58;217.52;4.32;669;33;1204.00;24
2889;33;627455629;2889;174;3554;3577;9.63;0.59;217.45;4.32;665;33;1205.00;23
2895;33;627455641;2895;174;3556;3580;9.72;0.59;217.48;4.32;661;33;1206.00;24
2898;33;627455654;2898;179;3556;3580;9.78;0.60;217.52;4.32;658;33;1207.00;24
2905;33;627455663;2905;178;3558;3580;9.75;0.59;217.62;4.32;653;33;1208.00;22
2909;33;627455675;2909;179;3558;3580;9.76;0.60;217.77;4.32;649;33;1209.00;22
2913;33;627455684;2913;179;3562;3586;9.74;0.60;217.89;4.32;649;33;1210.00;24
2918;33;627455696;2918;176;3565;3586;9.67;0.59;217.95;4.32;647;33;1211.00;21
2926;33;627455718;2926;174;3566;3586;9.57;0.58;218.13;4.32;640;33;1212.00;20
2930;33;627455730;2930;173;3566;3586;9.53;0.58;218.14;4.32;636;33;1213.00;20
2934;33;627455741;2934;171;3570;3590;9.41;0.57;218.17;4.31;636;33;1214.00;20
2937;33;627455751;2937;176;3572;3592;9.33;0.57;218.26;4.31;635;33;1215.00;20
2938;33;627455771;2938;177;3573;3592;9.31;0.57;218.20;4.31;635;33;1216.00;19
2943;33;627455784;2943;176;3574;3593;9.25;0.57;218.13;4.31;631;33;1217.00;19
2945;33;627455795;2945;179;3574;3593;9.24;0.57;218.13;4.31;629;33;1218.00;19
2948;33;627455806;2948;183;3574;3593;9.30;0.57;218.15;4.31;626;33;1219.00;19
2952;33;627455818;2952;186;3574;3593;9.26;0.56;218.05;4.31;622;33;1220.00;19
2954;33;627455828;2954;194;3575;3593;9.16;0.56;217.99;4.32;621;33;1221.00;18
2958;33;627455839;2958;195;3575;3593;9.03;0.55;218.00;4.32;617;33;1222.00;18
2962;33;627455849;2962;196;3575;3593;8.88;0.54;218.04;4.32;613;33;1223.00;18
2965;33;627455866;2965;214;3615;3663;8.64;0.53;218.05;4.27;650;33;1224.00;48
2966;33;627455891;2966;215;3616;3664;8.62;0.53;218.09;4.27;650;33;1225.00;48
2973;33;627455908;2973;207;3620;3664;8.66;0.53;218.06;4.27;647;33;1226.00;44
2975;33;627455923;2975;211;3624;3664;8.76;0.53;218.12;4.27;649;33;1227.00;40
2978;33;627455936;2978;215;3628;3666;8.82;0.54;218.17;4.27;650;33;1228.00;38
2982;33;627455955;2982;216;3630;3666;8.88;0.54;218.21;4.27;648;33;1229.00;36
2984;33;627455977;2984;216;3632;3666;8.94;0.54;218.20;4.27;648;33;1230.00;34
2985;33;627455990;2985;218;3635;3666;9.02;0.55;218.27;4.28;650;33;1231.00;31
2990;33;627456003;2990;224;3640;3667;8.90;0.54;218.39;4.28;650;33;1232.00;27
2994;33;627456017;2994;234;3644;3668;8.89;0.54;218.41;4.29;650;33;1233.00;24
2996;34;627456032;2996;243;3646;3668;8.87;0.54;218.39;4.29;650;34;1234.00;22
2997;34;627456065;2997;251;3651;3672;8.79;0.53;218.37;4.29;654;34;1235.00;21
2999;34;627456092;2999;258;3653;3672;8.68;0.53;218.43;4.30;654;34;1236.00;19
3000;34;627456107;3000;253;3654;3672;8.63;0.52;218.47;4.29;654;34;1237.00;18
3001;34;627456134;3001;256;3655;3672;8.58;0.52;218.50;4.30;654;34;1238.00;17
3002;34;627456163;3002;256;3661;3678;8.53;0.52;218.48;4.29;659;34;1239.00;17
3003;34;627456185;3003;257;3661;3678;8.52;0.52;218.54;4.29;658;34;1240.00;17
3004;34;627456197;3004;253;3661;3678;8.56;0.52;218.68;4.29;657;34;1241.00;17
3005;34;627456209;3005;254;3664;3681;8.66;0.52;218.69;4.29;659;34;1242.00;17
3006;34;627456225;3006;256;3664;3681;8.73;0.53;218.69;4.29;658;34;1243.00;17
3008;34;627456236;3008;254;3664;3681;8.74;0.53;218.59;4.29;656;34;1244.00;17
3011;34;627456252;3011;251;3665;3682;8.72;0.53;218.60;4.29;654;34;1245.00;17
3012;34;627456264;3012;233;3666;3683;8.71;0.53;218.63;4.29;654;34;1246.00;17
3013;34;627456277;3013;224;3666;3683;8.74;0.53;218.66;4.29;653;34;1247.00;17
3014;34;627456290;3014;220;3679;3696;8.91;0.54;218.64;4.27;665;34;1248.00;17
3016;34;627456310;3016;204;3679;3696;8.95;0.55;218.62;4.27;663;34;1249.00;17
3017;34;627456322;3017;198;3679;3696;9.01;0.55;218.58;4.27;662;34;1250.00;17
3020;34;627456334;3020;189;3680;3697;9.11;0.56;218.46;4.27;660;34;1251.00;17
3022;34;627456348;3022;180;3680;3697;9.17;0.56;218.37;4.27;658;34;1252.00;17
3024;34;627456360;3024;174;3683;3701;9.24;0.56;218.32;4.27;659;34;1253.00;18
3028;34;627456374;3028;172;3683;3701;9.32;0.57;218.33;4.27;655;34;1254.00;18
3030;34;627456388;3030;173;3688;3705;9.47;0.58;218.27;4.26;658;34;1255.00;17
3031;34;627456401;3031;172;3688;3705;9.59;0.58;218.42;4.26;657;34;1256.00;17
3035;34;627456413;3035;173;3688;3705;9.61;0.58;218.29;4.26;653;34;1257.00;17
3036;34;627456424;3036;174;3688;3705;9.69;0.59;218.23;4.26;652;34;1258.00;17
3038;34;627456436;3038;175;3688;3705;9.77;0.59;218.15;4.26;650;34;1259.00;17
3038;34;627456451;3038;183;3713;3739;9.77;0.60;218.15;4.23;675;34;1260.00;26
3040;34;627456468;3040;176;3714;3739;9.80;0.60;218.07;4.28;674;34;1261.00;25
3044;34;627456482;3044;177;3715;3739;9.83;0.60;217.88;4.28;671;34;1262.00;24
3044;34;627456498;3044;176;3715;3739;9.82;0.60;217.88;4.28;671;34;1263.00;24
3048;34;627456520;3048;172;3716;3739;9.86;0.60;217.98;4.28;668;34;1264.00;23
3052;34;627456532;3052;170;3717;3739;9.85;0.60;217.87;4.28;665;34;1265.00;22
3056;34;627456551;3056;170;3718;3740;9.87;0.60;217.79;4.28;662;34;1266.00;22
3057;34;627456567;3057;172;3719;3740;9.89;0.61;217.80;4.28;662;34;1267.00;21
3060;34;627456583;3060;176;3723;3746;9.94;0.61;217.76;4.28;663;34;1268.00;23
3061;34;627456597;3061;176;3725;3747;10.00;0.61;217.76;4.28;664;34;1269.00;22
3065;34;627456609;3065;175;3725;3747;10.01;0.61;217.79;4.28;660;34;1270.00;22
3068;34;627456621;3068;177;3726;3747;10.03;0.61;217.74;4.28;658;34;1271.00;21
3068;34;627456642;3068;177;3729;3751;10.00;0.61;217.74;4.27;661;34;1272.00;22
3068;34;627456654;3068;181;3729;3751;9.98;0.61;217.74;4.27;661;34;1273.00;22
3068;34;627456670;3068;184;3729;3751;10.04;0.61;217.74;4.27;661;34;1274.00;22
3070;34;627456684;3070;185;3730;3752;10.10;0.62;217.70;4.27;660;34;1275.00;22
3072;34;627456705;3072;186;3733;3756;10.11;0.62;217.77;4.27;661;34;1276.00;23
3075;34;627456719;3075;192;3734;3756;10.14;0.62;217.74;4.32;659;34;1277.00;22
3077;34;627456732;3077;194;3736;3759;10.19;0.62;217.82;4.32;659;34;1278.00;23
3079;34;627456745;3079;194;3736;3759;10.18;0.62;217.98;4.32;657;34;1279.00;23
3079;34;627456756;3079;194;3737;3759;10.28;0.62;217.98;4.32;658;34;1280.00;22
3079;34;627456768;3079;199;3737;3759;10.29;0.63;217.98;4.32;658;34;1281.00;22
3079;34;627456779;3079;199;3740;3763;10.36;0.63;217.98;4.31;661;34;1282.00;23
3082;34;627456792;3082;186;3740;3763;10.40;0.63;217.90;4.31;658;34;1283.00;23
3086;34;627456802;3086;170;3741;3763;10.47;0.63;217.85;4.31;655;34;1284.00;22
3089;34;627456813;3089;164;3741;3763;10.55;0.64;217.79;4.31;652;34;1285.00;22
3092;34;627456831;3092;160;3741;3764;10.64;0.64;217.77;4.31;649;34;1286.00;23
3094;34;627456842;3094;154;3742;3765;10.68;0.65;217.73;4.31;648;34;1287.00;23
3097;34;627456854;3097;149;3742;3765;10.69;0.65;217.68;4.31;645;34;1288.00;23
3099;35;627456883;3099;140;3743;3766;10.80;0.65;217.66;4.31;644;35;1289.00;23
3100;35;627456924;3100;133;3743;3766;10.90;0.66;217.61;4.31;643;35;1290.00;23
3102;35;627456936;3102;131;3743;3766;10.93;0.66;217.61;4.31;641;35;1291.00;23
3104;35;627456952;3104;119;3744;3766;10.93;0.66;217.57;4.37;640;35;1292.00;22
3104;35;627456962;3104;115;3744;3766;11.02;0.67;217.57;4.37;640;35;1293.00;22
3105;35;627456973;3105;105;3745;3766;11.15;0.68;217.56;4.37;640;35;1294.00;21
3107;35;627456984;3107;95;3745;3766;11.34;0.69;217.59;4.37;638;35;1295.00;21
3111;35;627456997;3111;113;3810;3893;11.21;0.69;217.55;4.30;699;35;1296.00;83
3113;35;627457026;3113;103;3810;3894;11.32;0.69;217.49;4.30;697;35;1297.00;84
3113;35;627457039;3113;99;3817;3894;11.50;0.71;217.49;4.31;704;35;1298.00;77
3116;35;627457050;3116;92;3821;3894;11.62;0.71;217.45;4.30;705;35;1299.00;73
3117;35;627457062;3117;92;3825;3894;11.69;0.72;217.45;4.30;708;35;1300.00;69
3118;35;627457080;3118;90;3828;3894;11.69;0.72;217.43;4.31;710;35;1301.00;66
3119;35;627457094;3119;91;3832;3894;11.76;0.72;217.44;4.31;713;35;1302.00;62
3119;36;627457105;3119;95;3834;3894;11.83;0.72;217.44;4.32;715;36;1303.00;60
3122;36;627457136;3122;96;3837;3895;11.86;0.73;217.40;4.32;715;36;1304.00;58
3125;36;627457153;3125;96;3841;3897;11.87;0.73;217.38;4.32;716;36;1305.00;56
3126;36;627457165;3126;97;3843;3897;11.92;0.73;217.47;4.33;717;36;1306.00;54
3128;36;627457178;3128;104;3847;3898;11.96;0.73;217.55;4.34;719;36;1307.00;51
3131;36;627457190;3131;110;3851;3898;11.99;0.74;217.54;4.35;720;36;1308.00;47
3135;36;627457203;3135;111;3854;3898;11.95;0.73;217.44;4.36;719;36;1309.00;44
3138;36;627457215;3138;108;3862;3898;11.86;0.73;217.34;4.38;724;36;1310.00;36
3144;36;627457227;3144;115;3866;3902;11.77;0.72;217.47;4.39;722;36;1311.00;36
3147;36;627457239;3147;120;3869;3902;11.64;0.71;217.48;4.39;722;36;1312.00;33
3154;36;627457251;3154;125;3870;3902;11.47;0.70;217.58;4.40;716;36;1313.00;32
3154;36;627457264;3154;133;3873;3905;11.36;0.69;217.58;4.40;719;36;1314.00;32
3157;36;627457285;3157;138;3875;3905;11.18;0.68;217.61;4.40;718;36;1315.00;30
3160;36;627457307;3160;146;3876;3905;11.08;0.67;217.73;4.40;716;36;1316.00;29
3160;36;627457323;3160;155;3880;3909;10.99;0.67;217.73;4.40;720;36;1317.00;29
3164;36;627457335;3164;163;3883;3910;10.93;0.67;217.82;4.41;719;36;1318.00;27
3169;36;627457350;3169;168;3884;3910;10.88;0.66;217.84;4.41;715;36;1319.00;26
3171;36;627457364;3171;170;3888;3915;10.83;0.66;217.75;4.41;717;36;1320.00;27
3175;36;627457378;3175;173;3888;3915;10.74;0.65;217.77;4.41;713;36;1321.00;27
3175;36;627457393;3175;174;3891;3915;10.68;0.65;217.77;4.42;716;36;1322.00;24
3178;36;627457406;3178;181;3892;3916;10.58;0.64;217.79;4.42;714;36;1323.00;24
3180;36;627457421;3180;183;3892;3916;10.53;0.64;217.77;4.42;712;36;1324.00;24
3182;36;627457435;3182;189;3898;3922;10.52;0.64;217.82;4.42;716;36;1325.00;24
3183;36;627457448;3183;198;3898;3922;10.42;0.63;217.78;4.42;715;36;1326.00;24
3184;36;627457463;3184;200;3900;3923;10.37;0.63;217.74;4.43;716;36;1327.00;23
3186;36;627457477;3186;205;3901;3923;10.33;0.63;217.78;4.44;715;36;1328.00;22
3189;36;627457499;3189;206;3902;3923;10.20;0.62;217.79;4.44;713;36;1329.00;21
3194;36;627457514;3194;207;3904;3923;10.14;0.62;217.64;4.45;710;36;1330.00;19
3198;36;627457528;3198;210;3904;3923;10.04;0.61;217.56;4.45;706;36;1331.00;19
3201;36;627457540;3201;218;3916;3935;10.01;0.61;217.55;4.43;715;36;1332.00;19
3202;36;627457554;3202;217;3916;3935;9.93;0.60;217.53;4.43;714;36;1333.00;19
3205;36;627457574;3205;222;3917;3935;9.88;0.60;217.53;4.43;712;36;1334.00;18
3207;36;627457586;3207;223;3917;3935;9.84;0.60;217.50;4.43;710;36;1335.00;18
3209;36;627457598;3209;222;3917;3935;9.75;0.59;217.50;4.43;708;36;1336.00;18
3210;36;627457613;3210;227;3917;3935;9.68;0.59;217.48;4.43;707;36;1337.00;18
3211;36;627457625;3211;230;3921;3939;9.49;0.58;217.55;4.43;710;36;1338.00;18
3211;36;627457638;3211;229;3921;3939;9.47;0.58;217.55;4.43;710;36;1339.00;18
3212;36;627457654;3212;224;3924;3943;9.48;0.58;217.56;4.43;712;36;1340.00;19
3215;36;627457667;3215;223;3925;3944;9.41;0.57;217.75;4.43;710;36;1341.00;19
3217;36;627457686;3217;221;3926;3944;9.38;0.57;217.71;4.43;709;36;1342.00;18
3223;36;627457697;3223;217;3926;3944;9.29;0.57;217.67;4.43;703;36;1343.00;18
3225;36;627457713;3225;218;3938;3957;9.24;0.56;217.64;4.41;713;36;1344.00;19
3229;36;627457728;3229;215;3938;3957;9.22;0.56;217.62;4.41;709;36;1345.00;19
3232;36;627457743;3232;220;3939;3957;9.25;0.57;217.56;4.41;707;36;1346.00;18
3234;36;627457757;3234;225;3940;3958;9.31;0.57;217.60;4.41;706;36;1347.00;18
3236;36;627457769;3236;225;3941;3959;9.32;0.57;217.63;4.41;705;36;1348.00;18
3240;36;627457781;3240;223;3941;3959;9.31;0.57;217.63;4.41;701;36;1349.00;18
3242;36;627457794;3242;221;3944;3968;9.38;0.58;217.71;4.41;702;36;1350.00;24
3247;36;627457806;3247;229;3945;3968;9.36;0.57;217.94;4.41;698;36;1351.00;23
3250;36;627457817;3250;228;3946;3968;9.36;0.58;218.15;4.40;696;36;1352.00;22
3255;36;627457827;3255;233;3946;3968;9.31;0.57;218.16;4.40;691;36;1353.00;22
3260;36;627457839;3260;228;3951;3974;9.33;0.57;218.35;4.40;691;36;1354.00;23
3267;36;627457851;3267;231;3951;3974;9.28;0.57;218.61;4.40;684;36;1355.00;23
3270;36;627457863;3270;233;3952;3974;9.25;0.57;218.70;4.40;682;36;1356.00;22
3275;36;627457878;3275;237;3952;3974;9.16;0.56;218.81;4.40;677;36;1357.00;22
3279;36;627457891;3279;243;3958;3978;8.96;0.55;219.02;4.40;679;36;1358.00;20
3284;36;627457906;3284;239;3959;3979;8.82;0.54;219.03;4.40;675;36;1359.00;20
3291;36;627457921;3291;232;3960;3979;8.68;0.53;219.28;4.40;669;36;1360.00;19
3295;36;627457935;3295;227;3961;3980;8.61;0.53;219.29;4.40;666;36;1361.00;19
3299;36;627457948;3299;227;3961;3980;8.56;0.53;219.52;4.40;662;36;1362.00;19
3305;36;627457966;3305;220;3961;3980;8.59;0.53;219.72;4.40;656;36;1363.00;19
3310;36;627457981;3310;217;3961;3980;8.64;0.53;219.70;4.40;651;36;1364.00;19
3317;36;627457994;3317;217;3961;3980;8.56;0.53;219.72;4.40;644;36;1365.00;19
3325;36;627458009;3325;213;3961;3980;8.46;0.52;219.77;4.40;636;36;1366.00;19
3327;36;627458022;3327;209;3961;3980;8.49;0.52;219.87;4.40;634;36;1367.00;19
3332;36;627458035;3332;208;4003;4050;8.59;0.53;219.95;4.35;671;36;1368.00;47
3338;36;627458059;3338;210;4008;4051;8.60;0.53;220.08;4.35;670;36;1369.00;43
3343;36;627458074;3343;208;4015;4051;8.70;0.53;220.15;4.34;672;36;1370.00;36
3346;36;627458088;3346;204;4018;4051;8.78;0.54;220.09;4.34;672;36;1371.00;33
3353;36;627458099;3353;213;4024;4051;8.88;0.54;220.08;4.34;671;36;1372.00;27
3357;36;627458112;3357;213;4026;4051;8.86;0.54;220.12;4.34;669;36;1373.00;25
3360;36;627458125;3360;221;4028;4051;8.86;0.54;220.16;4.34;668;36;1374.00;23
3364;36;627458141;3364;225;4028;4051;8.85;0.54;220.24;4.34;664;36;1375.00;23
3369;37;627458158;3369;227;4030;4052;8.80;0.54;220.24;4.34;661;37;1376.00;22
3370;37;627458182;3370;224;4031;4053;8.81;0.54;220.28;4.34;661;37;1377.00;22
3378;37;627458195;3378;225;4033;4053;8.69;0.53;220.27;4.42;655;37;1378.00;20
3384;37;627458207;3384;221;4036;4057;8.65;0.53;220.18;4.41;652;37;1379.00;21
3385;37;627458222;3385;227;4036;4057;8.65;0.53;220.23;4.41;651;37;1380.00;21
3389;37;627458236;3389;219;4036;4057;8.58;0.53;220.38;4.41;647;37;1381.00;21
3393;37;627458249;3393;215;4036;4057;8.55;0.52;220.32;4.41;643;37;1382.00;21
3400;37;627458262;3400;219;4041;4063;8.48;0.52;220.41;4.41;641;37;1383.00;22
3403;37;627458276;3403;218;4042;4063;8.52;0.52;220.43;4.41;639;37;1384.00;21
3404;37;627458289;3404;218;4042;4063;8.49;0.52;220.47;4.41;638;37;1385.00;21
3410;37;627458308;3410;219;4045;4066;8.47;0.52;220.47;4.41;635;37;1386.00;21
3413;37;627458322;3413;220;4045;4066;8.43;0.52;220.50;4.41;632;37;1387.00;21
3417;37;627458347;3417;221;4047;4066;8.36;0.51;220.47;4.42;630;37;1388.00;19
3419;37;627458365;3419;217;4048;4067;8.26;0.51;220.56;4.41;629;37;1389.00;19
3421;37;627458385;3421;220;4050;4068;8.17;0.50;220.53;4.42;629;37;1390.00;18
3423;37;627458398;3423;226;4050;4068;8.15;0.50;220.49;4.42;627;37;1391.00;18
3424;37;627458410;3424;228;4063;4081;8.24;0.50;220.45;4.40;639;37;1392.00;18
3425;37;627458430;3425;230;4063;4081;8.23;0.50;220.44;4.40;638;37;1393.00;18
3426;37;627458454;3426;231;4063;4081;8.20;0.50;220.38;4.40;637;37;1394.00;18
3430;37;627458467;3430;230;4065;4083;8.20;0.50;220.36;4.40;635;37;1395.00;18
3432;37;627458482;3432;238;4065;4083;8.18;0.50;220.40;4.40;633;37;1396.00;18
3434;37;627458499;3434;243;4068;4087;8.16;0.50;220.40;4.40;634;37;1397.00;19
3436;37;627458525;3436;247;4068;4087;8.09;0.49;220.32;4.40;632;37;1398.00;19
3437;37;627458544;3437;251;4074;4091;8.04;0.49;220.33;4.47;637;37;1399.00;17
3439;37;627458562;3439;259;4074;4091;7.96;0.49;220.32;4.47;635;37;1400.00;17
3442;37;627458585;3442;263;4074;4091;7.88;0.48;220.29;4.47;632;37;1401.00;17
3445;37;627458605;3445;270;4074;4091;7.80;0.48;220.31;4.47;629;37;1402.00;17
3446;37;627458617;3446;277;4074;4091;7.73;0.47;220.28;4.47;628;37;1403.00;17
3448;37;627458626;3448;281;4084;4103;7.83;0.48;220.32;4.46;636;37;1404.00;19
3451;37;627458639;3451;289;4084;4103;7.74;0.47;220.31;4.46;633;37;1405.00;19
3452;37;627458649;3452;288;4086;4103;7.75;0.47;220.28;4.46;634;37;1406.00;17
3456;37;627458659;3456;279;4086;4103;7.72;0.47;220.20;4.46;630;37;1407.00;17
3457;37;627458669;3457;278;4086;4103;7.73;0.47;220.16;4.46;629;37;1408.00;17
3459;37;627458679;3459;275;4086;4103;7.74;0.47;220.10;4.46;627;37;1409.00;17
3460;37;627458692;3460;271;4087;4104;7.72;0.47;220.07;4.46;627;37;1410.00;17
3461;37;627458702;3461;268;4087;4104;7.76;0.47;220.05;4.46;626;37;1411.00;17
3463;37;627458714;3463;267;4092;4110;7.79;0.48;219.99;4.46;629;37;1412.00;18
3466;37;627458726;3466;270;4093;4111;7.79;0.48;219.93;4.45;627;37;1413.00;18
3468;37;627458736;3468;265;4094;4111;7.78;0.48;219.85;4.45;626;37;1414.00;17
3471;37;627458746;3471;265;4094;4111;7.76;0.47;219.97;4.45;623;37;1415.00;17
3473;37;627458756;3473;253;4098;4115;7.84;0.48;219.87;4.45;625;37;1416.00;17
3476;37;627458766;3476;237;4098;4115;7.89;0.48;219.77;4.45;622;37;1417.00;17
3478;37;627458776;3478;225;4098;4115;7.92;0.48;219.78;4.45;620;37;1418.00;17
3478;37;627458787;3478;214;4099;4116;8.03;0.49;219.78;4.45;621;37;1419.00;17
3481;37;627458797;3481;204;4103;4120;8.10;0.49;219.71;4.45;622;37;1420.00;17
3482;37;627458807;3482;201;4103;4120;8.26;0.50;219.72;4.45;621;37;1421.00;17
3483;37;627458818;3483;194;4105;4123;8.44;0.51;219.73;4.44;622;37;1422.00;18
3483;37;627458828;3483;190;4105;4123;8.60;0.52;219.73;4.44;622;37;1423.00;18
3484;37;627458840;3484;191;4106;4123;8.81;0.54;219.73;4.44;622;37;1424.00;17
3484;37;627458851;3484;192;4106;4123;8.99;0.55;219.73;4.44;622;37;1425.00;17
3487;37;627458864;3487;187;4109;4127;9.10;0.55;219.62;4.44;622;37;1426.00;18
3487;37;627458889;3487;183;4109;4127;9.21;0.56;219.62;4.44;622;37;1427.00;18
3490;37;627458902;3490;183;4110;4127;9.29;0.56;219.62;4.44;620;37;1428.00;17
3491;37;627458914;3491;183;4110;4127;9.32;0.57;219.78;4.44;619;37;1429.00;17
3492;37;627458926;3492;187;4111;4128;9.39;0.57;219.75;4.44;619;37;1430.00;17
3492;37;627458938;3492;185;4112;4129;9.44;0.57;219.75;4.44;620;37;1431.00;17
3495;37;627458958;3495;184;4112;4129;9.44;0.57;219.67;4.44;617;37;1432.00;17
3496;37;627458975;3496;184;4113;4130;9.52;0.58;219.69;4.44;617;37;1433.00;17
3497;37;627458986;3497;182;4113;4130;9.56;0.58;219.65;4.44;616;37;1434.00;17
3497;37;627458996;3497;174;4113;4130;9.65;0.58;219.65;4.44;616;37;1435.00;17
3497;37;627459006;3497;169;4113;4130;9.74;0.59;219.65;4.44;616;37;1436.00;17
3498;37;627459016;3498;161;4113;4130;9.92;0.60;219.64;4.44;615;37;1437.00;17
3500;37;627459027;3500;156;4113;4130;10.08;0.61;219.65;4.44;613;37;1438.00;17
3500;37;627459038;3500;151;4113;4130;10.30;0.62;219.65;4.44;613;37;1439.00;17
3501;37;627459050;3501;190;4231;4360;10.06;0.63;219.63;4.31;730;37;1440.00;129
3504;37;627459082;3504;171;4235;4361;10.18;0.63;219.66;4.31;731;37;1441.00;126
3504;37;627459105;3504;144;4243;4361;10.46;0.65;219.66;4.31;739;37;1442.00;118
3506;37;627459117;3506;136;4251;4361;10.60;0.66;219.66;4.30;745;37;1443.00;110
3509;37;627459129;3509;130;4258;4361;10.74;0.67;219.61;4.39;749;37;1444.00;103
3510;37;627459147;3510;126;4261;4361;10.77;0.67;219.63;4.39;751;37;1445.00;100
3511;37;627459159;3511;124;4266;4361;10.87;0.67;219.57;4.39;755;37;1446.00;95
3514;37;627459169;3514;120;4271;4361;10.96;0.68;219.52;4.39;757;37;1447.00;90
3514;37;627459186;3514;125;4277;4362;11.03;0.68;219.52;4.40;763;37;1448.00;85
3517;37;627459203;3517;125;4280;4363;11.04;0.68;219.56;4.40;763;37;1449.00;83
3519;37;627459213;3519;127;4283;4363;11.06;0.68;219.54;4.41;764;37;1450.00;80
3520;37;627459225;3520;136;4289;4364;11.07;0.68;219.51;4.41;769;37;1451.00;75
3520;37;627459235;3520;139;4293;4364;11.00;0.68;219.51;4.42;773;37;1452.00;71
3522;37;627459245;3522;142;4294;4364;10.99;0.68;219.49;4.42;772;37;1453.00;70
3525;37;627459257;3525;143;4296;4364;11.01;0.68;219.45;4.43;771;37;1454.00;68
3527;37;627459270;3527;149;4300;4368;10.99;0.67;219.48;4.43;773;37;1455.00;68
3531;37;627459287;3531;158;4302;4368;11.00;0.67;219.47;4.44;771;37;1456.00;66
3533;37;627459302;3533;160;4303;4368;10.98;0.67;219.50;4.44;770;37;1457.00;65
3536;37;627459314;3536;170;4305;4371;10.97;0.67;219.53;4.44;769;37;1458.00;66
3538;37;627459325;3538;168;4306;4371;10.99;0.67;219.59;4.44;768;37;1459.00;65
3543;37;627459336;3543;170;4308;4371;11.09;0.68;219.59;4.53;765;37;1460.00;63
3545;37;627459348;3545;173;4313;4375;11.11;0.68;219.59;4.54;768;37;1461.00;62
3552;37;627459367;3552;164;4315;4376;11.10;0.68;219.61;4.63;763;37;1462.00;61
3554;37;627459379;3554;159;4316;4376;11.07;0.68;219.59;4.63;762;37;1463.00;60
3558;37;627459397;3558;160;4318;4380;11.14;0.68;219.72;4.63;760;37;1464.00;62
3560;37;627459408;3560;163;4323;4380;11.16;0.68;219.74;4.73;763;37;1465.00;57
3564;37;627459420;3564;151;4323;4380;11.22;0.68;219.70;4.73;759;37;1466.00;57
3568;37;627459431;3568;147;4324;4381;11.29;0.68;219.88;4.73;756;37;1467.00;57
3571;37;627459443;3571;149;4326;4381;11.31;0.69;219.98;4.82;755;37;1468.00;55
3572;37;627459455;3572;145;4328;4387;11.33;0.69;219.95;4.82;756;37;1469.00;59
3574;37;627459471;3574;141;4329;4387;11.32;0.69;220.13;4.82;755;37;1470.00;58
3575;37;627459483;3575;144;4330;4388;11.26;0.68;220.12;4.91;755;37;1471.00;58
3578;37;627459494;3578;139;4331;4388;11.33;0.69;220.20;4.92;753;37;1472.00;57
3580;37;627459507;3580;139;4332;4388;11.32;0.69;220.40;5.01;752;37;1473.00;56
3583;37;627459524;3583;143;4333;4388;11.37;0.69;220.51;5.01;750;37;1474.00;55
3585;37;627459536;3585;143;4334;4388;11.32;0.69;220.58;5.01;749;37;1475.00;54
3587;37;627459548;3587;149;4344;4400;11.30;0.69;220.63;5.08;757;37;1476.00;56
3589;37;627459560;3589;147;4346;4400;11.23;0.68;220.79;5.08;757;37;1477.00;54
3593;37;627459572;3593;149;4348;4400;11.30;0.69;220.88;5.08;755;37;1478.00;52
3595;37;627459584;3595;153;4348;4400;11.29;0.69;220.93;5.08;753;37;1479.00;52
3601;37;627459602;3601;155;4351;4400;11.26;0.68;220.83;5.09;750;37;1480.00;49
3606;37;627459621;3606;157;4352;4400;11.25;0.68;220.90;5.17;746;37;1481.00;48
3608;37;627459633;3608;161;4355;4404;11.19;0.68;220.91;5.16;747;37;1482.00;49
3614;38;627459645;3614;168;4356;4404;11.10;0.67;220.90;5.17;742;38;1483.00;48
3616;38;627459664;3616;171;4359;4408;11.09;0.67;220.88;5.17;743;38;1484.00;49
3617;38;627459681;3617;171;4362;4410;11.00;0.67;220.85;5.18;745;38;1485.00;48
3618;38;627459700;3618;175;4363;4410;11.00;0.67;220.94;5.18;745;38;1486.00;47
3619;38;627459712;3619;179;4364;4410;10.94;0.67;220.97;5.19;745;38;1487.00;46
3622;38;627459724;3622;185;4374;4423;10.86;0.66;221.10;5.19;752;38;1488.00;49
3622;38;627459737;3622;185;4375;4423;10.78;0.66;221.10;5.20;753;38;1489.00;48
3623;38;627459749;3623;188;4378;4423;10.72;0.65;221.14;5.22;755;38;1490.00;45
3626;38;627459761;3626;191;4379;4424;10.70;0.65;221.06;5.22;753;38;1491.00;45
3630;38;627459772;3630;194;4380;4425;10.66;0.65;221.17;5.23;750;38;1492.00;45
3635;38;627459785;3635;202;4383;4425;10.63;0.65;221.12;5.31;748;38;1493.00;42
3640;38;627459797;3640;207;4386;4428;10.61;0.64;221.27;5.32;746;38;1494.00;42
3642;38;627459809;3642;215;4387;4428;10.53;0.64;221.27;5.33;745;38;1495.00;41
3645;38;627459821;3645;224;4390;4428;10.45;0.63;221.22;5.35;745;38;1496.00;38
3646;38;627459831;3646;229;4392;4428;10.36;0.63;221.20;5.36;746;38;1497.00;36
3650;38;627459849;3650;236;4398;4434;10.35;0.63;221.14;5.38;748;38;1498.00;36
3651;38;627459861;3651;241;4399;4434;10.27;0.62;221.10;5.38;748;38;1499.00;35
3652;38;627459881;3652;254;4404;4453;10.08;0.61;221.11;5.38;752;38;1500.00;49
3655;38;627459908;3655;254;4406;4453;9.90;0.60;221.07;5.39;751;38;1501.00;47
3658;38;627459924;3658;261;4413;4457;9.74;0.59;221.11;5.41;755;38;1502.00;44
3662;38;627459942;3662;263;4415;4458;9.63;0.58;221.07;5.43;753;38;1503.00;43
3665;38;627459957;3665;270;4418;4458;9.44;0.57;221.04;5.43;753;38;1504.00;40
3665;38;627459972;3665;276;4420;4459;9.31;0.56;221.04;5.44;755;38;1505.00;39
3666;38;627459985;3666;286;4423;4459;9.17;0.56;221.01;5.44;757;38;1506.00;36
3667;38;627459998;3667;296;4424;4459;9.07;0.55;221.02;5.44;757;38;1507.00;35
3668;38;627460010;3668;298;4424;4459;8.99;0.55;220.98;5.44;756;38;1508.00;35
3670;38;627460021;3670;298;4424;4459;8.92;0.54;220.94;5.44;754;38;1509.00;35
3670;38;627460039;3670;293;4424;4459;8.85;0.54;220.94;5.44;754;38;1510.00;35
3671;38;627460050;3671;292;4426;4459;8.76;0.53;220.93;5.44;755;38;1511.00;33
3674;38;627460062;3674;295;4457;4529;8.71;0.53;220.87;5.40;783;38;1512.00;72
3676;38;627460097;3676;296;4460;4530;8.73;0.53;220.94;5.40;784;38;1513.00;70
3680;38;627460109;3680;292;4467;4530;8.77;0.54;220.99;5.40;787;38;1514.00;63
3681;38;627460126;3681;295;4469;4530;8.77;0.54;221.02;5.40;788;38;1515.00;61
3682;38;627460137;3682;296;4473;4530;8.81;0.54;220.99;5.40;791;38;1516.00;57
3684;38;627460148;3684;298;4477;4530;8.82;0.54;220.98;5.40;793;38;1517.00;53
3688;38;627460159;3688;298;4481;4530;8.87;0.54;220.92;5.40;793;38;1518.00;49
3690;38;627460170;3690;295;4482;4530;8.83;0.54;220.90;5.40;792;38;1519.00;48
3692;38;627460180;3692;296;4484;4531;8.79;0.54;220.89;5.40;792;38;1520.00;47
3696;38;627460192;3696;294;4487;4532;8.76;0.54;220.86;5.40;791;38;1521.00;45
3703;38;627460202;3703;292;4490;4532;8.63;0.53;220.92;5.41;787;38;1522.00;42
3706;38;627460213;3706;293;4495;4536;8.55;0.52;221.02;5.41;789;38;1523.00;41
3713;38;627460224;3713;287;4495;4536;8.44;0.52;221.11;5.41;782;38;1524.00;41
3718;38;627460235;3718;289;4495;4536;8.29;0.51;221.11;5.41;777;38;1525.00;41
3721;38;627460245;3721;293;4495;4536;8.24;0.50;221.21;5.41;774;38;1526.00;41
3726;38;627460255;3726;293;4499;4542;8.16;0.50;221.41;5.40;773;38;1527.00;43
3730;38;627460267;3730;283;4499;4542;8.00;0.49;221.55;5.40;769;38;1528.00;43
3732;38;627460277;3732;287;4500;4542;7.85;0.48;221.66;5.41;768;38;1529.00;42
3737;38;627460288;3737;275;4503;4548;7.76;0.48;221.87;5.41;766;38;1530.00;45
3740;38;627460299;3740;270;4503;4548;7.70;0.47;221.99;5.41;763;38;1531.00;45
3746;38;627460309;3746;273;4505;4548;7.68;0.47;222.01;5.41;759;38;1532.00;43
3751;38;627460318;3751;264;4506;4549;7.67;0.47;221.94;5.41;755;38;1533.00;43
3754;38;627460335;3754;260;4508;4550;7.75;0.48;221.94;5.42;754;38;1534.00;42
3758;38;627460346;3758;255;4508;4550;7.77;0.48;221.97;5.42;750;38;1535.00;42
3760;38;627460356;3760;252;4520;4563;7.80;0.48;222.06;5.42;760;38;1536.00;43
3764;38;627460367;3764;246;4521;4563;7.88;0.48;222.12;5.41;757;38;1537.00;42
3766;39;627460376;3766;243;4522;4563;7.98;0.49;222.20;5.42;756;39;1538.00;41
3772;39;627460407;3772;239;4524;4564;8.06;0.49;222.22;5.42;752;39;1539.00;40
3774;39;627460417;3774;238;4526;4564;8.02;0.49;222.26;5.44;752;39;1540.00;38
3780;39;627460426;3780;236;4528;4568;8.04;0.49;222.29;5.43;748;39;1541.00;40
3782;39;627460442;3782;235;4529;4568;7.97;0.49;222.34;5.43;747;39;1542.00;39
3785;39;627460453;3785;240;4533;4572;7.93;0.49;222.37;5.43;748;39;1543.00;39
3789;39;627460465;3789;240;4534;4572;7.96;0.49;222.36;5.44;745;39;1544.00;38
3795;39;627460476;3795;237;4534;4572;8.01;0.49;222.36;5.44;739;39;1545.00;38
3798;39;627460485;3798;242;4534;4572;8.05;0.49;222.33;5.44;736;39;1546.00;38
3803;39;627460495;3803;242;4536;4572;7.97;0.49;222.32;5.45;733;39;1547.00;36
3805;39;627460504;3805;238;4547;4584;8.00;0.49;222.32;5.44;742;39;1548.00;37
3806;39;627460515;3806;233;4547;4584;7.97;0.49;222.38;5.44;741;39;1549.00;37
3811;39;627460530;3811;239;4548;4584;7.89;0.48;222.32;5.45;737;39;1550.00;36
3815;39;627460540;3815;239;4548;4584;7.80;0.48;222.40;5.45;733;39;1551.00;36
3817;39;627460550;3817;243;4549;4584;7.79;0.48;222.45;5.45;732;39;1552.00;35
3821;40;627460559;3821;246;4549;4584;7.79;0.48;222.47;5.45;728;40;1553.00;35
3822;40;627460587;3822;245;4551;4585;7.82;0.48;222.48;5.46;729;40;1554.00;34
3825;40;627460599;3825;249;4553;4587;7.77;0.48;222.47;5.47;728;40;1555.00;34
3826;40;627460609;3826;253;4558;4593;7.71;0.47;222.44;5.47;732;40;1556.00;35
3832;40;627460619;3832;256;4560;4594;7.59;0.47;222.40;5.47;728;40;1557.00;34
3837;40;627460629;3837;263;4561;4594;7.52;0.46;222.30;5.48;724;40;1558.00;33
3841;40;627460639;3841;263;4562;4594;7.46;0.46;222.28;5.48;721;40;1559.00;32
3848;40;627460652;3848;271;4567;4599;7.40;0.45;222.18;5.48;719;40;1560.00;32
3852;40;627460663;3852;273;4568;4599;7.39;0.45;222.14;5.48;716;40;1561.00;31
3856;40;627460672;3856;281;4569;4599;7.42;0.46;222.06;5.49;713;40;1562.00;30
3859;40;627460681;3859;287;4571;4600;7.39;0.45;222.11;5.49;712;40;1563.00;29
3864;40;627460692;3864;286;4575;4604;7.39;0.45;222.05;5.49;711;40;1564.00;29
3866;41;627460704;3866;287;4576;4604;7.34;0.45;222.03;5.49;710;41;1565.00;28
3870;41;627460731;3870;294;4578;4607;7.28;0.45;222.11;5.49;708;41;1566.00;29
3873;41;627460741;3873;301;4579;4607;7.19;0.44;222.04;5.49;706;41;1567.00;28
3876;41;627460757;3876;301;4579;4607;7.15;0.44;222.03;5.49;703;41;1568.00;28
3881;41;627460769;3881;306;4579;4607;7.08;0.43;222.04;5.49;698;41;1569.00;28
3884;41;627460780;3884;312;4581;4611;7.06;0.43;222.11;5.49;697;41;1570.00;30
3888;41;627460791;3888;315;4582;4611;6.98;0.43;222.10;5.49;694;41;1571.00;29
3892;41;627460800;3892;319;4582;4611;6.88;0.42;222.02;5.49;690;41;1572.00;29
3896;41;627460810;3896;325;4582;4611;6.79;0.41;222.04;5.49;686;41;1573.00;29
3898;41;627460820;3898;335;4585;4612;6.73;0.41;222.06;5.50;687;41;1574.00;27
3899;41;627460831;3899;341;4588;4614;6.70;0.41;222.10;5.49;689;41;1575.00;26
3900;41;627460840;3900;349;4589;4614;6.70;0.41;222.08;5.50;689;41;1576.00;25
3901;41;627460849;3901;342;4591;4615;6.71;0.41;222.09;5.49;690;41;1577.00;24
3902;41;627460859;3902;335;4592;4615;6.74;0.41;222.12;5.58;690;41;1578.00;23
3903;41;627460871;3903;334;4592;4615;6.74;0.41;222.10;5.58;689;41;1579.00;23
3904;41;627460890;3904;324;4592;4615;6.83;0.42;222.11;5.58;688;41;1580.00;23
3905;41;627460899;3905;320;4592;4615;6.84;0.42;222.12;5.58;687;41;1581.00;23
3905;41;627460916;3905;317;4592;4615;6.90;0.42;222.12;5.58;687;41;1582.00;23
3906;41;627460927;3906;314;4592;4615;6.91;0.42;222.13;5.58;686;41;1583.00;23
3908;41;627460937;3908;332;4665;4742;7.16;0.44;222.15;5.49;757;41;1584.00;77
3911;41;627460968;3911;322;4668;4743;7.18;0.44;222.19;5.49;757;41;1585.00;75
3912;41;627460978;3912;297;4677;4743;7.35;0.45;222.14;5.48;765;41;1586.00;66
3912;41;627460989;3912;268;4683;4743;7.55;0.47;222.14;5.48;771;41;1587.00;60
3916;41;627460999;3916;246;4690;4743;7.70;0.47;222.23;5.47;774;41;1588.00;53
3916;41;627461018;3916;220;4694;4743;7.86;0.48;222.23;5.47;778;41;1589.00;49
3917;41;627461031;3917;209;4701;4743;8.01;0.49;222.27;5.47;784;41;1590.00;42
3918;41;627461048;3918;199;4704;4743;8.20;0.51;222.25;5.48;786;41;1591.00;39
3920;42;627461069;3920;188;4708;4744;8.45;0.52;222.22;5.48;788;42;1592.00;36
3923;42;627461095;3923;175;4711;4745;8.57;0.53;222.22;5.48;788;42;1593.00;34
3924;42;627461114;3924;169;4714;4745;8.74;0.54;222.20;5.56;790;42;1594.00;31
3926;42;627461126;3926;168;4715;4746;8.94;0.55;222.22;5.56;789;42;1595.00;31
3929;42;627461139;3929;166;4716;4746;9.14;0.56;222.20;5.56;787;42;1596.00;30
3929;43;627461160;3929;169;4717;4746;9.26;0.57;222.20;5.56;788;43;1597.00;29
3929;44;627461186;3929;162;4718;4746;9.36;0.57;222.20;5.56;789;44;1598.00;28
3931;44;627461207;3931;159;4722;4750;9.46;0.58;222.17;5.56;791;44;1599.00;28
3931;44;627461221;3931;156;4724;4750;9.59;0.59;222.17;5.56;793;44;1600.00;26
3934;44;627461252;3934;154;4725;4750;9.69;0.59;222.14;5.56;791;44;1601.00;25
3937;44;627461265;3937;147;4728;4753;9.85;0.60;222.09;5.56;791;44;1602.00;25
3938;44;627461278;3938;143;4728;4753;10.02;0.61;222.21;5.56;790;44;1603.00;25
3940;44;627461290;3940;145;4729;4753;10.14;0.62;222.22;5.56;789;44;1604.00;24
3940;44;627461302;3940;147;4732;4757;10.26;0.62;222.22;5.56;792;44;1605.00;25
3942;44;627461315;3942;144;4733;4758;10.36;0.63;222.25;5.56;791;44;1606.00;25
3946;44;627461327;3946;147;4733;4758;10.47;0.64;222.21;5.56;787;44;1607.00;25
3946;44;627461348;3946;148;4736;4762;10.61;0.65;222.21;5.55;790;44;1608.00;26
3948;44;627461369;3948;148;4736;4762;10.72;0.65;222.24;5.55;788;44;1609.00;26
3950;44;627461382;3950;147;4736;4762;10.83;0.66;222.31;5.55;786;44;1610.00;26
3953;44;627461394;3953;147;4737;4763;10.91;0.66;222.37;5.55;784;44;1611.00;26
3957;44;627461406;3957;147;4737;4763;10.91;0.66;222.49;5.55;780;44;1612.00;26
3960;44;627461418;3960;145;4741;4769;10.98;0.67;222.46;5.55;781;44;1613.00;28
3963;44;627461433;3963;149;4741;4769;11.02;0.67;222.60;5.55;778;44;1614.00;28
3964;44;627461445;3964;151;4742;4770;11.10;0.67;222.59;5.55;778;44;1615.00;28
3967;44;627461456;3967;152;4742;4770;11.17;0.68;222.74;5.55;775;44;1616.00;28
3970;44;627461470;3970;151;4742;4770;11.24;0.68;222.75;5.55;772;44;1617.00;28
3975;44;627461482;3975;150;4742;4770;11.30;0.69;222.79;5.55;767;44;1618.00;28
3978;44;627461495;3978;155;4742;4770;11.39;0.69;222.86;5.55;764;44;1619.00;28
3981;44;627461509;3981;154;4764;4806;11.33;0.69;222.93;5.52;783;44;1620.00;42
3982;44;627461524;3982;148;4764;4806;11.35;0.69;222.97;5.52;782;44;1621.00;42
3991;44;627461536;3991;147;4766;4806;11.36;0.69;223.24;5.52;775;44;1622.00;40
3993;44;627461548;3993;149;4767;4806;11.42;0.69;223.21;5.52;774;44;1623.00;39
3996;44;627461561;3996;149;4769;4806;11.44;0.70;223.29;5.52;773;44;1624.00;37
4002;44;627461573;4002;149;4770;4806;11.54;0.70;223.45;5.52;768;44;1625.00;36
4003;44;627461586;4003;148;4774;4810;11.58;0.70;223.45;5.52;771;44;1626.00;36
4007;44;627461601;4007;146;4776;4810;11.61;0.70;223.45;5.59;769;44;1627.00;34
4010;44;627461613;4010;145;4780;4814;11.68;0.71;223.47;5.59;770;44;1628.00;34
4012;44;627461625;4012;140;4781;4815;11.72;0.71;223.50;5.59;769;44;1629.00;34
4012;44;627461637;4012;140;4782;4815;11.69;0.71;223.50;5.59;770;44;1630.00;33
4016;44;627461649;4016;138;4782;4815;11.61;0.71;223.56;5.59;766;44;1631.00;33
4020;44;627461661;4020;137;4792;4828;11.53;0.70;223.75;5.58;772;44;1632.00;36
4025;44;627461672;4025;133;4792;4828;11.47;0.70;223.75;5.58;767;44;1633.00;36
4031;44;627461684;4031;133;4793;4828;11.41;0.69;223.69;5.58;762;44;1634.00;35
4036;44;627461696;4036;129;4795;4829;11.39;0.69;223.73;5.59;759;44;1635.00;34
4038;44;627461715;4038;132;4795;4830;11.48;0.70;223.75;5.59;757;44;1636.00;35
4042;44;627461727;4042;128;4795;4830;11.57;0.70;223.80;5.59;753;44;1637.00;35
4046;44;627461738;4046;126;4797;4833;11.69;0.71;224.00;5.58;751;44;1638.00;36
4050;44;627461751;4050;126;4797;4833;11.75;0.71;224.05;5.58;747;44;1639.00;36
4050;44;627461762;4050;127;4798;4833;11.85;0.72;224.05;5.58;748;44;1640.00;35
4053;44;627461773;4053;126;4798;4833;11.91;0.72;224.04;5.58;745;44;1641.00;35
4057;44;627461785;4057;125;4802;4839;11.98;0.73;224.15;5.58;745;44;1642.00;37
4059;44;627461797;4059;122;4803;4839;11.93;0.73;224.11;5.66;744;44;1643.00;36
4062;44;627461808;4062;120;4804;4839;11.91;0.72;224.24;5.66;742;44;1644.00;35
4065;44;627461820;4065;119;4805;4839;11.88;0.72;224.27;5.73;740;44;1645.00;34
4066;44;627461832;4066;129;4809;4843;11.84;0.72;224.22;5.73;743;44;1646.00;34
4069;44;627461843;4069;133;4811;4844;11.76;0.72;224.22;5.73;742;44;1647.00;33
4073;44;627461855;4073;133;4812;4844;11.74;0.71;224.22;5.81;739;44;1648.00;32
4079;44;627461865;4079;138;4813;4845;11.65;0.71;224.23;5.80;734;44;1649.00;32
4080;44;627461887;4080;133;4813;4845;11.67;0.71;224.21;5.80;733;44;1650.00;32
4083;44;627461905;4083;134;4813;4845;11.63;0.71;224.21;5.80;730;44;1651.00;32
4085;44;627461921;4085;141;4814;4845;11.52;0.70;224.17;5.86;729;44;1652.00;31
4087;44;627461941;4087;145;4814;4845;11.46;0.70;224.20;5.86;727;44;1653.00;31
4090;44;627461956;4090;149;4814;4845;11.39;0.69;224.16;5.86;724;44;1654.00;31
4093;44;627461972;4093;153;4814;4845;11.34;0.69;224.15;5.86;721;44;1655.00;31
4094;44;627461988;4094;164;4852;4915;11.26;0.69;224.14;5.82;758;44;1656.00;63
4095;44;627462015;4095;162;4855;4916;11.28;0.69;224.14;5.82;760;44;1657.00;61
4098;44;627462027;4098;161;4862;4916;11.33;0.69;224.11;5.81;764;44;1658.00;54
4101;44;627462040;4101;166;4866;4916;11.32;0.69;224.07;5.81;765;44;1659.00;50
4103;44;627462052;4103;165;4873;4916;11.33;0.69;224.04;5.83;770;44;1660.00;43
4105;44;627462064;4105;174;4877;4916;11.33;0.69;224.07;5.83;772;44;1661.00;39
4106;44;627462077;4106;181;4881;4916;11.31;0.69;224.06;5.84;775;44;1662.00;35
4108;44;627462088;4108;186;4882;4916;11.27;0.69;224.13;5.84;774;44;1663.00;34
4111;44;627462100;4111;190;4885;4917;11.23;0.69;224.10;5.84;774;44;1664.00;32
4112;44;627462111;4112;196;4888;4919;11.14;0.68;224.08;5.85;776;44;1665.00;31
4115;45;627462123;4115;199;4889;4919;11.09;0.68;224.07;5.85;774;45;1666.00;30
4118;45;627462145;4118;202;4893;4923;10.92;0.67;223.99;5.85;775;45;1667.00;30
4120;45;627462162;4120;205;4893;4923;10.81;0.66;224.01;5.85;773;45;1668.00;30
4123;45;627462174;4123;210;4894;4923;10.62;0.65;223.98;5.86;771;45;1669.00;29
4127;45;627462187;4127;216;4894;4923;10.49;0.64;223.98;5.86;767;45;1670.00;29
4127;45;627462198;4127;221;4900;4929;10.45;0.64;223.98;5.86;773;45;1671.00;29
4131;45;627462210;4131;225;4900;4929;10.32;0.63;223.91;5.86;769;45;1672.00;29
4132;45;627462223;4132;236;4902;4929;10.24;0.63;223.92;5.86;770;45;1673.00;27
4133;45;627462233;4133;236;4904;4932;10.19;0.63;223.89;5.86;771;45;1674.00;28
4135;45;627462244;4135;239;4908;4932;10.05;0.62;223.83;5.86;773;45;1675.00;24
4136;45;627462264;4136;246;4908;4932;9.93;0.61;223.87;5.86;772;45;1676.00;24
4141;45;627462274;4141;246;4909;4933;9.68;0.60;223.75;5.86;768;45;1677.00;24
4148;45;627462285;4148;252;4910;4934;9.52;0.58;223.79;5.86;762;45;1678.00;24
4151;45;627462295;4151;251;4910;4934;9.32;0.57;223.77;5.86;759;45;1679.00;24
4155;45;627462307;4155;262;4928;4960;9.08;0.56;223.88;5.84;773;45;1680.00;32
4158;45;627462319;4158;261;4930;4960;9.00;0.55;223.92;5.84;772;45;1681.00;30
4163;45;627462330;4163;259;4932;4960;8.95;0.55;223.87;5.83;769;45;1682.00;28
4166;45;627462340;4166;261;4933;4961;8.88;0.55;223.84;5.83;767;45;1683.00;28
4168;45;627462350;4168;259;4933;4961;8.84;0.54;223.84;5.83;765;45;1684.00;28
4170;45;627462360;4170;259;4936;4965;8.80;0.54;223.94;5.83;766;45;1685.00;29
4175;45;627462371;4175;262;4936;4965;8.76;0.54;224.00;5.83;761;45;1686.00;29
4177;45;627462381;4177;266;4940;4969;8.70;0.53;223.97;5.83;763;45;1687.00;29
4181;45;627462391;4181;264;4942;4969;8.56;0.52;223.89;5.83;761;45;1688.00;27
4183;45;627462401;4183;278;4942;4969;8.50;0.52;223.89;5.83;759;45;1689.00;27
4183;45;627462411;4183;284;4942;4969;8.46;0.52;223.89;5.83;759;45;1690.00;27
4185;45;627462420;4185;289;4942;4969;8.38;0.51;223.84;5.83;757;45;1691.00;27
4187;45;627462429;4187;290;4954;4981;8.35;0.51;223.86;5.82;767;45;1692.00;27
4192;45;627462439;4192;291;4954;4981;8.19;0.50;223.88;5.82;762;45;1693.00;27
4195;45;627462448;4195;280;4957;4981;8.12;0.50;223.87;5.82;762;45;1694.00;24
4200;45;627462457;4200;280;4957;4981;7.98;0.49;223.81;5.82;757;45;1695.00;24
4207;45;627462466;4207;286;4957;4981;7.75;0.47;223.81;5.82;750;45;1696.00;24
4209;45;627462478;4209;285;4957;4981;7.58;0.47;223.86;5.82;748;45;1697.00;24
4213;45;627462487;4213;288;4958;4982;7.34;0.45;223.87;5.82;745;45;1698.00;24
4214;45;627462497;4214;295;4958;4982;7.14;0.44;223.89;5.82;744;45;1699.00;24
4218;45;627462506;4218;293;4963;4988;7.05;0.43;223.89;5.82;745;45;1700.00;25
4219;45;627462528;4219;298;4964;4989;6.96;0.43;223.97;5.82;745;45;1701.00;25
4221;45;627462537;4221;300;4965;4989;6.92;0.43;224.00;5.82;744;45;1702.00;24
4224;45;627462546;4224;295;4965;4989;6.92;0.43;223.92;5.82;741;45;1703.00;24
4228;45;627462554;4228;290;4969;4993;6.90;0.42;224.03;5.81;741;45;1704.00;24
4229;45;627462564;4229;288;4969;4993;6.88;0.42;224.08;5.81;740;45;1705.00;24
4231;45;627462573;4231;293;4969;4993;6.90;0.43;224.14;5.81;738;45;1706.00;24
4235;45;627462581;4235;288;4970;4994;6.90;0.43;224.11;5.81;735;45;1707.00;24
4238;45;627462592;4238;284;4974;4998;6.94;0.43;224.22;5.81;736;45;1708.00;24
4243;45;627462606;4243;281;4974;4998;6.99;0.43;224.28;5.81;731;45;1709.00;24
4245;45;627462616;4245;279;4977;5004;7.06;0.43;224.37;5.80;732;45;1710.00;27
4249;45;627462626;4249;279;4977;5004;6.99;0.43;224.46;5.80;728;45;1711.00;27
4253;45;627462635;4253;279;4978;5004;7.03;0.43;224.41;5.80;725;45;1712.00;26
4257;45;627462645;4257;277;4978;5004;7.06;0.43;224.39;5.80;721;45;1713.00;26
4262;45;627462654;4262;274;4981;5008;7.04;0.43;224.40;5.80;719;45;1714.00;27
4265;45;627462664;4265;268;4981;5008;7.07;0.43;224.30;5.80;716;45;1715.00;27
4268;45;627462673;4268;269;4982;5008;7.07;0.43;224.36;5.80;714;45;1716.00;26
4270;45;627462682;4270;270;4983;5008;7.09;0.43;224.39;5.80;713;45;1717.00;25
4274;45;627462692;4274;274;4984;5009;7.05;0.43;224.45;5.80;710;45;1718.00;25
4278;45;627462701;4278;270;4986;5010;7.07;0.43;224.47;5.80;708;45;1719.00;24
4280;45;627462712;4280;270;4986;5010;7.04;0.43;224.40;5.80;706;45;1720.00;24
4285;45;627462721;4285;270;4987;5011;7.01;0.43;224.39;5.80;702;45;1721.00;24
4289;45;627462731;4289;272;4987;5011;6.98;0.42;224.40;5.80;698;45;1722.00;24
4290;45;627462740;4290;271;4987;5011;7.02;0.43;224.38;5.80;697;45;1723.00;24
4295;45;627462750;4295;265;4987;5011;7.00;0.43;224.35;5.80;692;45;1724.00;24
4296;45;627462759;4296;256;4987;5011;7.06;0.43;224.34;5.80;691;45;1725.00;24
4301;45;627462769;4301;256;4987;5011;7.07;0.43;224.25;5.80;686;45;1726.00;24
4308;45;627462779;4308;257;4988;5011;7.05;0.43;224.41;5.85;680;45;1727.00;23
4310;45;627462788;4310;268;5056;5138;7.52;0.46;224.37;5.78;746;45;1728.00;82
4313;45;627462808;4313;267;5059;5139;7.53;0.46;224.37;5.77;746;45;1729.00;80
4315;45;627462819;4315;272;5067;5139;7.62;0.47;224.34;5.77;752;45;1730.00;72
4317;45;627462829;4317;272;5075;5139;7.67;0.47;224.35;5.76;758;45;1731.00;64
4322;45;627462839;4322;273;5081;5139;7.65;0.47;224.35;5.76;759;45;1732.00;58
4323;45;627462848;4323;281;5089;5139;7.69;0.47;224.36;5.76;766;45;1733.00;50
4325;45;627462858;4325;279;5093;5139;7.72;0.48;224.31;5.76;768;45;1734.00;46
4326;45;627462868;4326;281;5096;5139;7.80;0.48;224.32;5.76;770;45;1735.00;43
4328;45;627462880;4328;287;5100;5140;7.80;0.48;224.37;5.76;772;45;1736.00;40
4330;45;627462891;4330;291;5104;5141;7.73;0.47;224.33;5.76;774;45;1737.00;37
4332;45;627462902;4332;297;5106;5141;7.73;0.47;224.30;5.76;774;45;1738.00;35
4333;45;627462912;4333;289;5107;5142;7.75;0.48;224.34;5.76;774;45;1739.00;35
4334;45;627462925;4334;283;5110;5142;7.79;0.48;224.40;5.82;776;45;1740.00;32
4335;45;627462936;4335;279;5111;5142;7.89;0.49;224.42;5.83;776;45;1741.00;31
4336;45;627462947;4336;279;5113;5142;7.95;0.49;224.45;5.83;777;45;1742.00;29
4340;45;627462966;4340;285;5116;5146;8.00;0.49;224.42;5.83;776;45;1743.00;30
4342;45;627462979;4342;281;5118;5146;8.08;0.50;224.39;5.83;776;45;1744.00;28
4343;45;627462992;4343;278;5119;5146;8.17;0.50;224.42;5.83;776;45;1745.00;27
4348;45;627463003;4348;275;5122;5149;8.19;0.50;224.44;5.83;774;45;1746.00;27
4350;45;627463015;4350;264;5123;5149;8.27;0.51;224.39;5.83;773;45;1747.00;26
4353;45;627463026;4353;261;5124;5149;8.36;0.51;224.49;5.83;771;45;1748.00;25
4358;45;627463037;4358;255;5129;5153;8.47;0.52;224.65;5.83;771;45;1749.00;24
4362;45;627463049;4362;247;5130;5154;8.56;0.52;224.63;5.83;768;45;1750.00;24
4365;45;627463072;4365;244;5130;5154;8.66;0.53;224.74;5.83;765;45;1751.00;24
4367;45;627463086;4367;243;5134;5158;8.75;0.53;224.76;5.82;767;45;1752.00;24
4372;45;627463106;4372;239;5134;5158;8.87;0.54;224.83;5.82;762;45;1753.00;24
4373;45;627463118;4373;233;5134;5158;8.99;0.55;224.81;5.82;761;45;1754.00;24
4376;45;627463130;4376;232;5136;5160;9.13;0.55;224.76;5.82;760;45;1755.00;24
4378;45;627463148;4378;214;5136;5160;9.28;0.56;224.70;5.82;758;45;1756.00;24
4381;45;627463160;4381;200;5141;5166;9.32;0.57;224.74;5.82;760;45;1757.00;25
4381;45;627463172;4381;187;5142;5166;9.42;0.57;224.74;5.82;761;45;1758.00;24
4383;45;627463189;4383;175;5143;5167;9.59;0.58;224.72;5.81;760;45;1759.00;24
4385;45;627463201;4385;159;5143;5167;9.76;0.59;224.80;5.81;758;45;1760.00;24
4388;45;627463213;4388;156;5143;5167;9.95;0.60;224.75;5.81;755;45;1761.00;24
4389;45;627463225;4389;147;5143;5167;10.14;0.62;224.76;5.81;754;45;1762.00;24
4393;45;627463242;4393;151;5143;5167;10.24;0.62;224.79;5.81;750;45;1763.00;24
4395;45;627463254;4395;148;5154;5179;10.42;0.63;224.77;5.80;759;45;1764.00;25
4399;45;627463267;4399;140;5155;5179;10.54;0.64;224.82;5.80;756;45;1765.00;24
4401;45;627463279;4401;143;5155;5179;10.65;0.64;224.90;5.80;754;45;1766.00;24
4403;46;627463290;4403;139;5155;5179;10.69;0.65;224.97;5.80;752;46;1767.00;24
4406;46;627463312;4406;140;5155;5179;10.82;0.65;225.02;5.80;749;46;1768.00;24
4407;46;627463324;4407;132;5155;5179;10.84;0.66;225.09;5.80;748;46;1769.00;24
4410;46;627463337;4410;134;5159;5183;10.76;0.65;225.11;5.80;749;46;1770.00;24
4410;46;627463349;4410;130;5159;5183;10.90;0.66;225.11;5.80;749;46;1771.00;24
4412;46;627463361;4412;129;5162;5187;10.99;0.67;225.13;5.79;750;46;1772.00;25
4418;46;627463372;4418;127;5164;5188;11.19;0.68;225.42;5.79;746;46;1773.00;24
4420;46;627463384;4420;126;5164;5188;11.29;0.68;225.44;5.79;744;46;1774.00;24
4424;46;627463396;4424;127;5164;5188;11.36;0.69;225.56;5.79;740;46;1775.00;24
4426;46;627463408;4426;121;5178;5201;11.40;0.69;225.61;5.84;752;46;1776.00;23
4430;46;627463420;4430;119;5178;5201;11.41;0.69;225.64;5.84;748;46;1777.00;23
4433;46;627463437;4433;120;5178;5201;11.51;0.70;225.72;5.84;745;46;1778.00;23
4435;46;627463449;4435;116;5179;5202;11.61;0.70;225.83;5.84;744;46;1779.00;23
4436;46;627463465;4436;113;5179;5203;11.69;0.71;225.81;5.84;743;46;1780.00;24
4444;46;627463477;4444;118;5179;5203;11.75;0.71;225.86;5.84;735;46;1781.00;24
4447;46;627463488;4447;113;5181;5206;11.81;0.71;225.91;5.84;734;46;1782.00;25
4451;46;627463500;4451;111;5181;5206;11.79;0.71;226.04;5.84;730;46;1783.00;25
4452;46;627463511;4452;111;5182;5206;11.73;0.71;226.01;5.84;730;46;1784.00;24
4452;46;627463522;4452;109;5182;5206;11.71;0.71;226.01;5.84;730;46;1785.00;24
4453;46;627463532;4453;113;5186;5212;11.67;0.71;226.03;5.83;733;46;1786.00;26
4455;46;627463544;4455;109;5186;5212;11.64;0.70;226.09;5.83;731;46;1787.00;26
4457;46;627463554;4457;107;5187;5212;11.70;0.71;226.07;5.83;730;46;1788.00;25
4459;46;627463571;4459;109;5187;5212;11.76;0.71;226.13;5.83;728;46;1789.00;25
4464;46;627463581;4464;109;5190;5216;11.75;0.71;226.18;5.83;726;46;1790.00;26
4468;46;627463593;4468;108;5191;5217;11.76;0.71;226.26;5.83;723;46;1791.00;26
4471;46;627463604;4471;114;5191;5217;11.85;0.72;226.33;5.83;720;46;1792.00;26
4475;46;627463615;4475;113;5192;5218;11.97;0.73;226.32;5.83;717;46;1793.00;26
4477;46;627463631;4477;111;5193;5218;12.06;0.73;226.30;5.90;716;46;1794.00;25
4481;46;627463642;4481;114;5193;5218;12.15;0.74;226.35;5.90;712;46;1795.00;25
4483;46;627463652;4483;112;5193;5218;12.22;0.74;226.42;5.90;710;46;1796.00;25
4487;46;627463663;4487;109;5193;5218;12.32;0.75;226.51;5.90;706;46;1797.00;25
4490;46;627463674;4490;108;5193;5218;12.34;0.75;226.54;5.90;703;46;1798.00;25
4494;46;627463684;4494;106;5193;5218;12.37;0.75;226.60;5.90;699;46;1799.00;25
4499;46;627463696;4499;130;5258;5356;12.02;0.74;226.70;5.82;759;46;1800.00;98
4502;46;627463722;4502;116;5258;5357;12.10;0.74;226.71;5.82;756;46;1801.00;99
4505;46;627463732;4505;106;5266;5357;12.16;0.75;226.77;5.82;761;46;1802.00;91
4509;46;627463744;4509;104;5271;5357;12.31;0.76;226.94;5.81;762;46;1803.00;86
4512;46;627463754;4512;99;5273;5357;12.38;0.76;227.09;5.81;761;46;1804.00;84
4517;46;627463771;4517;98;5279;5357;12.33;0.76;227.14;5.82;762;46;1805.00;78
4523;46;627463784;4523;103;5282;5357;12.36;0.76;227.10;5.89;759;46;1806.00;75
4527;46;627463795;4527;107;5286;5357;12.37;0.76;227.15;5.89;759;46;1807.00;71
4531;46;627463806;4531;109;5288;5358;12.30;0.75;227.08;5.89;757;46;1808.00;70
4536;46;627463817;4536;111;5291;5359;12.26;0.75;227.22;5.89;755;46;1809.00;68
4539;46;627463829;4539;107;5295;5359;12.26;0.75;227.16;5.89;756;46;1810.00;64
4544;46;627463840;4544;110;5301;5363;12.21;0.75;227.25;5.89;757;46;1811.00;62
4547;46;627463852;4547;109;5304;5363;12.19;0.75;227.20;5.90;757;46;1812.00;59
4550;46;627463864;4550;105;5306;5363;12.10;0.74;227.23;5.97;756;46;1813.00;57
4555;47;627463887;4555;104;5306;5363;12.10;0.74;227.26;5.97;751;47;1814.00;57
4558;47;627463925;4558;103;5308;5369;12.09;0.74;227.23;5.96;750;47;1815.00;61
4560;47;627463947;4560;105;5309;5369;12.04;0.74;227.35;6.03;749;47;1816.00;60
4565;47;627463965;4565;109;5312;5369;12.01;0.73;227.28;6.04;747;47;1817.00;57
4565;47;627463981;4565;112;5314;5372;12.01;0.74;227.28;6.04;749;47;1818.00;58
4569;47;627463996;4569;118;5315;5372;12.01;0.74;227.30;6.11;746;47;1819.00;57
4573;47;627464010;4573;118;5316;5372;11.96;0.73;227.34;6.11;743;47;1820.00;56
4575;47;627464032;4575;118;5317;5373;11.96;0.73;227.40;6.11;742;47;1821.00;56
4578;47;627464045;4578;121;5319;5374;11.90;0.73;227.41;6.11;741;47;1822.00;55
4583;47;627464057;4583;124;5321;5374;11.81;0.72;227.49;6.12;738;47;1823.00;53
4587;47;627464070;4587;121;5330;5387;11.67;0.71;227.51;6.11;743;47;1824.00;57
4589;47;627464084;4589;130;5330;5387;11.66;0.71;227.53;6.11;741;47;1825.00;57
4595;47;627464098;4595;135;5333;5387;11.55;0.70;227.56;6.12;738;47;1826.00;54
4597;47;627464110;4597;141;5334;5388;11.47;0.70;227.53;6.12;737;47;1827.00;54
4600;47;627464121;4600;151;5336;5388;11.43;0.70;227.54;6.12;736;47;1828.00;52
4603;47;627464133;4603;155;5339;5392;11.33;0.69;227.59;6.12;736;47;1829.00;53
4606;47;627464147;4606;162;5341;5392;11.23;0.68;227.61;6.13;735;47;1830.00;51
4609;47;627464162;4609;173;5346;5396;11.08;0.68;227.69;6.13;737;47;1831.00;50
4611;47;627464173;4611;179;5346;5396;10.97;0.67;227.75;6.13;735;47;1832.00;50
4614;47;627464185;4614;182;5348;5396;10.83;0.66;227.76;6.14;734;47;1833.00;48
4618;47;627464196;4618;184;5349;5396;10.63;0.65;227.69;6.14;731;47;1834.00;47
4619;47;627464207;4619;196;5350;5396;10.40;0.63;227.69;6.15;731;47;1835.00;46
4621;47;627464218;4621;200;5362;5408;10.21;0.62;227.62;6.15;741;47;1836.00;46
4622;47;627464230;4622;205;5365;5408;10.03;0.62;227.65;6.16;743;47;1837.00;43
4625;47;627464241;4625;207;5368;5408;9.90;0.61;227.67;6.17;743;47;1838.00;40
4626;47;627464251;4626;217;5368;5408;9.90;0.61;227.66;6.17;742;47;1839.00;40
4630;47;627464261;4630;224;5369;5408;9.87;0.61;227.71;6.17;739;47;1840.00;39
4633;47;627464271;4633;236;5369;5408;9.84;0.60;227.77;6.17;736;47;1841.00;39
4638;47;627464282;4638;246;5369;5409;9.75;0.60;227.78;6.17;731;47;1842.00;40
4641;47;627464291;4641;245;5371;5409;9.60;0.59;227.74;6.18;730;47;1843.00;38
4643;47;627464302;4643;250;5377;5415;9.58;0.59;227.79;6.18;734;47;1844.00;38
4643;47;627464313;4643;259;5381;5417;9.45;0.58;227.79;6.19;738;47;1845.00;36
4643;47;627464322;4643;262;5383;5417;9.38;0.58;227.79;6.19;740;47;1846.00;34
4646;47;627464332;4646;265;5384;5417;9.17;0.57;227.83;6.19;738;47;1847.00;33
4651;47;627464341;4651;269;5387;5421;9.07;0.56;227.85;6.18;736;47;1848.00;34
4653;47;627464351;4653;270;5388;5421;8.89;0.55;227.94;6.18;735;47;1849.00;33
4659;47;627464360;4659;274;5388;5421;8.71;0.54;227.96;6.18;729;47;1850.00;33
4661;47;627464370;4661;273;5390;5422;8.59;0.53;228.03;6.18;729;47;1851.00;32
4661;47;627464380;4661;273;5394;5426;8.44;0.52;228.03;6.18;733;47;1852.00;32
4663;47;627464389;4663;269;5394;5426;8.32;0.51;228.09;6.18;731;47;1853.00;32
4668;47;627464398;4668;269;5396;5429;8.22;0.51;228.11;6.18;728;47;1854.00;33
4673;47;627464408;4673;272;5396;5429;8.17;0.50;228.21;6.18;723;47;1855.00;33
4676;47;627464418;4676;270;5397;5429;8.14;0.50;228.22;6.17;721;47;1856.00;32
4682;47;627464427;4682;268;5397;5429;8.08;0.49;228.33;6.17;715;47;1857.00;32
4686;47;627464436;4686;262;5400;5433;8.11;0.49;228.28;6.17;714;47;1858.00;33
4687;47;627464446;4687;266;5400;5433;8.00;0.49;228.26;6.17;713;47;1859.00;33
4691;47;627464456;4691;268;5401;5433;7.84;0.48;228.22;6.17;710;47;1860.00;32
4693;47;627464471;4693;272;5401;5433;7.69;0.47;228.17;6.17;708;47;1861.00;32
4693;47;627464479;4693;274;5402;5434;7.53;0.46;228.17;6.17;709;47;1862.00;32
4696;47;627464487;4696;281;5403;5435;7.36;0.45;228.18;6.17;707;47;1863.00;32
4697;47;627464496;4697;288;5403;5435;7.26;0.45;228.16;6.17;706;47;1864.00;32
4700;47;627464503;4700;294;5404;5436;7.14;0.44;228.22;6.17;704;47;1865.00;32
4702;47;627464511;4702;298;5404;5436;7.01;0.43;228.21;6.17;702;47;1866.00;32
4704;47;627464519;4704;301;5404;5436;6.86;0.42;228.21;6.17;700;47;1867.00;32
4709;47;627464527;4709;309;5404;5436;6.69;0.41;228.19;6.17;695;47;1868.00;32
4711;47;627464534;4711;311;5404;5436;6.50;0.40;228.14;6.17;693;47;1869.00;32
4717;47;627464541;4717;308;5404;5436;6.33;0.39;228.11;6.17;687;47;1870.00;32
4721;47;627464549;4721;308;5404;5436;6.19;0.38;228.11;6.17;683;47;1871.00;32
4726;47;627464556;4726;318;5475;5563;6.47;0.41;228.09;6.09;749;47;1872.00;88
4727;47;627464574;4727;310;5480;5564;6.40;0.40;228.13;6.08;753;47;1873.00;84
4727;47;627464582;4727;311;5488;5564;6.43;0.40;228.13;6.08;761;47;1874.00;76
4730;47;627464591;4730;308;5490;5564;6.41;0.40;228.12;6.08;760;47;1875.00;74
4732;47;627464600;4732;306;5494;5564;6.38;0.40;228.05;6.08;762;47;1876.00;70
4736;47;627464608;4736;301;5497;5564;6.36;0.40;228.07;6.07;761;47;1877.00;67
4738;47;627464617;4738;291;5501;5564;6.41;0.40;228.06;6.07;763;47;1878.00;63
4738;47;627464625;4738;286;5504;5564;6.47;0.40;228.06;6.08;766;47;1879.00;60
4741;47;627464633;4741;282;5507;5565;6.50;0.40;228.08;6.08;766;47;1880.00;58
4744;47;627464649;4744;288;5509;5566;6.53;0.40;228.09;6.08;765;47;1881.00;57
4745;47;627464659;4745;292;5510;5568;6.55;0.41;228.12;6.08;765;47;1882.00;58
4748;47;627464668;4748;300;5516;5569;6.65;0.41;228.07;6.08;768;47;1883.00;53
4752;47;627464677;4752;308;5518;5569;6.69;0.41;228.11;6.08;766;47;1884.00;51
4755;47;627464686;4755;308;5522;5569;6.76;0.42;228.05;6.09;767;47;1885.00;47
4758;47;627464695;4758;313;5524;5569;6.78;0.42;228.14;6.09;766;47;1886.00;45
4761;47;627464704;4761;316;5529;5573;6.85;0.42;228.38;6.10;768;47;1887.00;44
4762;47;627464713;4762;314;5533;5573;6.94;0.43;228.35;6.10;771;47;1888.00;40
4763;47;627464722;4763;318;5534;5573;7.00;0.43;228.33;6.10;771;47;1889.00;39
4766;47;627464733;4766;321;5538;5579;6.97;0.43;228.40;6.10;772;47;1890.00;41
4771;47;627464743;4771;309;5539;5579;6.95;0.43;228.33;6.10;768;47;1891.00;40
4772;47;627464759;4772;301;5540;5579;7.04;0.43;228.30;6.10;768;47;1892.00;39
4778;47;627464769;4778;292;5545;5583;7.13;0.44;228.29;6.10;767;47;1893.00;38
4779;47;627464780;4779;288;5548;5584;7.26;0.45;228.25;6.10;769;47;1894.00;36
4782;47;627464790;4782;286;5548;5584;7.31;0.45;228.36;6.10;766;47;1895.00;36
4786;47;627464800;4786;282;5553;5588;7.35;0.45;228.32;6.09;767;47;1896.00;35
4790;48;627464811;4790;279;5554;5588;7.43;0.45;228.37;6.09;764;48;1897.00;34
4793;48;627464835;4793;277;5554;5588;7.52;0.46;228.42;6.09;761;48;1898.00;34
4796;49;627464847;4796;272;5555;5589;7.62;0.46;228.40;6.09;759;49;1899.00;34
4800;49;627464876;4800;262;5555;5589;7.72;0.47;228.45;6.09;755;49;1900.00;34
4806;49;627464893;4806;262;5561;5595;7.70;0.47;228.48;6.09;755;49;1901.00;34
4808;49;627464911;4808;262;5561;5595;7.76;0.47;228.45;6.09;753;49;1902.00;34
4813;49;627464924;4813;259;5562;5596;7.83;0.47;228.43;6.09;749;49;1903.00;34
4818;49;627464936;4818;255;5562;5596;7.92;0.48;228.45;6.09;744;49;1904.00;34
4819;49;627464947;4819;258;5562;5596;8.06;0.49;228.48;6.09;743;49;1905.00;34
4822;49;627464962;4822;252;5563;5596;8.14;0.49;228.50;6.17;741;49;1906.00;33
4825;49;627464974;4825;253;5563;5596;8.16;0.49;228.57;6.17;738;49;1907.00;33
4827;49;627464984;4827;256;5573;5608;8.34;0.51;228.52;6.16;746;49;1908.00;35
4831;49;627464996;4831;253;5574;5608;8.36;0.51;228.52;6.16;743;49;1909.00;34
4834;49;627465006;4834;252;5575;5608;8.40;0.51;228.57;6.15;741;49;1910.00;33
4835;49;627465018;4835;248;5575;5608;8.40;0.51;228.56;6.15;740;49;1911.00;33
4836;49;627465027;4836;247;5575;5608;8.41;0.51;228.58;6.15;739;49;1912.00;33
4837;49;627465037;4837;246;5575;5608;8.46;0.51;228.59;6.15;738;49;1913.00;33
4841;49;627465047;4841;243;5579;5612;8.48;0.51;228.68;6.15;738;49;1914.00;33
4841;49;627465058;4841;243;5579;5612;8.47;0.51;228.68;6.15;738;49;1915.00;33
4844;49;627465068;4844;250;5582;5616;8.50;0.52;228.71;6.15;738;49;1916.00;34
4847;49;627465079;4847;242;5583;5617;8.54;0.52;228.74;6.15;736;49;1917.00;34
4849;49;627465091;4849;237;5584;5617;8.58;0.52;228.74;6.15;735;49;1918.00;33
4853;49;627465102;4853;229;5584;5617;8.63;0.52;228.74;6.15;731;49;1919.00;33
4855;49;627465115;4855;231;5608;5646;8.77;0.53;228.86;6.12;753;49;1920.00;38
4858;49;627465128;4858;228;5609;5646;8.87;0.54;228.88;6.12;751;49;1921.00;37
4860;49;627465139;4860;220;5610;5646;8.99;0.55;228.92;6.12;750;49;1922.00;36
4862;49;627465150;4862;214;5612;5647;9.09;0.55;229.03;6.12;750;49;1923.00;35
4865;49;627465162;4865;216;5613;5648;9.18;0.56;229.11;6.12;748;49;1924.00;35
4869;49;627465173;4869;216;5613;5648;9.23;0.56;229.22;6.12;744;49;1925.00;35
4870;49;627465184;4870;201;5616;5651;9.35;0.57;229.23;6.11;746;49;1926.00;35
4873;49;627465195;4873;183;5616;5651;9.47;0.58;229.26;6.11;743;49;1927.00;35
4876;49;627465212;4876;173;5616;5651;9.52;0.58;229.28;6.11;740;49;1928.00;35
4879;49;627465223;4879;164;5616;5651;9.61;0.59;229.31;6.11;737;49;1929.00;35
4880;49;627465234;4880;159;5620;5657;9.79;0.60;229.35;6.11;740;49;1930.00;37
4883;49;627465247;4883;157;5620;5657;9.81;0.60;229.34;6.11;737;49;1931.00;37
4884;49;627465264;4884;153;5621;5657;9.99;0.61;229.31;6.11;737;49;1932.00;36
4890;49;627465278;4890;148;5621;5657;10.17;0.62;229.34;6.11;731;49;1933.00;36
4896;49;627465291;4896;146;5624;5661;10.27;0.62;229.42;6.11;728;49;1934.00;37
4897;49;627465308;4897;142;5626;5663;10.41;0.63;229.42;6.10;729;49;1935.00;37
4902;49;627465321;4902;144;5626;5663;10.53;0.64;229.48;6.10;724;49;1936.00;37
4906;49;627465334;4906;139;5627;5664;10.66;0.64;229.51;6.10;721;49;1937.00;37
4906;49;627465347;4906;135;5627;5664;10.79;0.65;229.51;6.10;721;49;1938.00;37
4907;49;627465358;4907;137;5627;5664;10.86;0.66;229.52;6.10;720;49;1939.00;37
4909;49;627465369;4909;135;5627;5664;10.97;0.67;229.54;6.10;718;49;1940.00;37
4911;49;627465381;4911;131;5627;5664;11.04;0.67;229.60;6.10;716;49;1941.00;37
4913;49;627465392;4913;124;5627;5664;11.07;0.67;229.65;6.10;714;49;1942.00;37
4913;49;627465404;4913;127;5627;5664;11.15;0.68;229.65;6.10;714;49;1943.00;37
4917;49;627465421;4917;138;5670;5734;10.93;0.67;229.76;6.06;753;49;1944.00;64
4921;49;627465438;4921;131;5670;5735;11.03;0.67;229.81;6.06;749;49;1945.00;65
4924;49;627465450;4924;125;5676;5735;11.24;0.69;229.86;6.05;752;49;1946.00;59
4928;49;627465467;4928;123;5677;5735;11.42;0.70;229.95;6.05;749;49;1947.00;58
4931;49;627465479;4931;122;5682;5735;11.62;0.71;230.01;6.05;751;49;1948.00;53
4932;49;627465491;4932;125;5686;5735;11.76;0.72;229.99;6.05;754;49;1949.00;49
4938;49;627465503;4938;127;5691;5737;11.87;0.72;230.10;6.05;753;49;1950.00;46
4940;49;627465521;4940;133;5691;5737;11.97;0.73;230.14;6.05;751;49;1951.00;46
4942;49;627465532;4942;142;5694;5738;12.02;0.73;230.14;6.05;752;49;1952.00;44
4949;49;627465544;4949;141;5695;5739;12.05;0.73;230.16;6.05;746;49;1953.00;44
4951;49;627465556;4951;143;5696;5739;12.07;0.73;230.11;6.05;745;49;1954.00;43
4953;49;627465567;4953;143;5699;5743;11.95;0.73;230.16;6.05;746;49;1955.00;44
4958;49;627465579;4958;146;5700;5743;11.91;0.72;230.14;6.05;742;49;1956.00;43
4960;49;627465596;4960;145;5700;5743;11.95;0.73;230.17;6.05;740;49;1957.00;43
4962;49;627465607;4962;150;5700;5743;11.87;0.72;230.21;6.05;738;49;1958.00;43
4964;49;627465618;4964;151;5705;5749;11.80;0.72;230.27;6.04;741;49;1959.00;44
4966;49;627465629;4966;154;5705;5749;11.73;0.71;230.34;6.04;739;49;1960.00;44
4968;49;627465645;4968;155;5705;5749;11.65;0.71;230.37;6.04;737;49;1961.00;44
4970;50;627465656;4970;158;5708;5752;11.54;0.70;230.40;6.04;738;50;1962.00;44
4974;50;627465677;4974;155;5708;5752;11.60;0.71;230.51;6.04;734;50;1963.00;44
4976;50;627465688;4976;161;5708;5752;11.64;0.71;230.58;6.04;732;50;1964.00;44
4979;50;627465700;4979;158;5708;5753;11.68;0.71;230.58;6.04;729;50;1965.00;45
4985;50;627465711;4985;160;5709;5754;11.72;0.71;230.56;6.04;724;50;1966.00;45
4987;50;627465722;4987;158;5709;5754;11.76;0.71;230.55;6.04;722;50;1967.00;45
4992;50;627465732;4992;159;5718;5767;11.74;0.71;230.60;6.03;726;50;1968.00;49
4994;50;627465743;4994;159;5718;5767;11.71;0.71;230.65;6.03;724;50;1969.00;49
4999;50;627465754;4999;155;5718;5767;11.69;0.71;230.71;6.03;719;50;1970.00;49
5005;50;627465764;5005;158;5719;5768;11.63;0.70;230.68;6.03;714;50;1971.00;49
5008;50;627465775;5008;149;5719;5768;11.65;0.71;230.61;6.03;711;50;1972.00;49
5011;50;627465785;5011;145;5722;5772;11.70;0.71;230.60;6.02;711;50;1973.00;50
5014;50;627465796;5014;140;5724;5772;11.76;0.71;230.55;6.03;710;50;1974.00;48
5018;50;627465807;5018;141;5727;5776;11.83;0.72;230.56;6.03;709;50;1975.00;49
5023;50;627465818;5023;126;5728;5776;11.87;0.72;230.55;6.03;705;50;1976.00;48
5025;50;627465828;5025;122;5728;5776;11.99;0.73;230.60;6.03;703;50;1977.00;48
5030;50;627465838;5030;119;5728;5776;11.98;0.73;230.61;6.03;698;50;1978.00;48
5034;50;627465849;5034;114;5728;5776;12.00;0.73;230.65;6.03;694;50;1979.00;48
5038;50;627465860;5038;108;5748;5810;11.99;0.73;230.80;6.01;710;50;1980.00;62
5040;50;627465873;5040;103;5749;5810;11.96;0.73;230.85;6.01;709;50;1981.00;61
5043;50;627465888;5043;104;5750;5810;11.95;0.73;230.81;6.01;707;50;1982.00;60
5045;50;627465904;5045;105;5750;5810;12.00;0.73;230.85;6.01;705;50;1983.00;60
5050;50;627465923;5050;107;5752;5810;11.95;0.73;230.87;6.10;702;50;1984.00;58
5054;50;627465957;5054;112;5752;5810;11.99;0.73;230.89;6.10;698;50;1985.00;58
5057;50;627465973;5057;115;5754;5811;12.00;0.73;230.91;6.11;697;50;1986.00;57
5058;50;627465987;5058;122;5755;5811;11.98;0.73;230.96;6.11;697;50;1987.00;56
5062;50;627466002;5062;125;5758;5817;11.92;0.72;231.00;6.11;696;50;1988.00;59
5067;50;627466015;5067;125;5761;5818;11.89;0.72;230.96;6.20;694;50;1989.00;57
5069;50;627466027;5069;129;5763;5818;11.78;0.71;230.95;6.20;694;50;1990.00;55
5075;50;627466037;5075;132;5763;5818;11.68;0.71;230.97;6.20;688;50;1991.00;55
5076;50;627466049;5076;141;5765;5822;11.58;0.70;230.97;6.20;689;50;1992.00;57
5080;50;627466060;5080;146;5766;5822;11.46;0.70;230.92;6.20;686;50;1993.00;56
5081;50;627466071;5081;150;5766;5822;11.31;0.69;230.96;6.20;685;50;1994.00;56
5083;50;627466082;5083;162;5769;5823;11.17;0.68;230.94;6.30;686;50;1995.00;54
5085;50;627466094;5085;158;5773;5827;11.00;0.67;230.91;6.30;688;50;1996.00;54
5089;50;627466105;5089;162;5774;5827;10.88;0.66;230.87;6.30;685;50;1997.00;53
5089;50;627466117;5089;165;5776;5830;10.85;0.66;230.87;6.30;687;50;1998.00;54
5093;50;627466129;5093;165;5779;5830;10.77;0.65;230.96;6.40;686;50;1999.00;51
5093;50;627466140;5093;172;5781;5830;10.67;0.65;230.96;6.41;688;50;2000.00;49
5095;50;627466161;5095;177;5782;5830;10.59;0.65;230.99;6.41;687;50;2001.00;48
5097;50;627466172;5097;184;5787;5834;10.54;0.64;231.05;6.42;690;50;2002.00;47
5099;50;627466183;5099;186;5788;5834;10.55;0.64;231.17;6.42;689;50;2003.00;46
5101;50;627466193;5101;191;5789;5834;10.53;0.64;231.19;6.42;688;50;2004.00;45
5102;50;627466203;5102;197;5791;5834;10.44;0.64;231.16;6.44;689;50;2005.00;43
5102;50;627466213;5102;203;5791;5835;10.32;0.63;231.16;6.44;689;50;2006.00;44
5104;50;627466229;5104;209;5793;5836;10.17;0.62;231.15;6.44;689;50;2007.00;43
5107;50;627466239;5107;218;5794;5836;10.07;0.61;231.21;6.45;687;50;2008.00;42
5112;50;627466249;5112;220;5795;5837;9.97;0.61;231.28;6.44;683;50;2009.00;42
5114;50;627466261;5114;228;5796;5837;9.83;0.60;231.24;6.45;682;50;2010.00;41
5117;50;627466270;5117;234;5796;5837;9.68;0.59;231.27;6.45;679;50;2011.00;41
5118;50;627466279;5118;247;5798;5837;9.57;0.58;231.26;6.46;680;50;2012.00;39
5119;50;627466288;5119;256;5799;5837;9.45;0.58;231.25;6.47;680;50;2013.00;38
5120;50;627466297;5120;262;5800;5837;9.33;0.57;231.23;6.47;680;50;2014.00;37
5123;50;627466305;5123;269;5802;5837;9.21;0.56;231.17;6.48;679;50;2015.00;35
5124;50;627466314;5124;293;5869;5964;9.19;0.57;231.13;6.40;745;50;2016.00;95
5125;50;627466334;5125;296;5873;5965;8.96;0.55;231.10;6.40;748;50;2017.00;92
5127;50;627466345;5127;294;5883;5965;8.84;0.55;231.03;6.39;756;50;2018.00;82
5128;50;627466354;5128;291;5887;5965;8.69;0.54;231.03;6.39;759;50;2019.00;78
5134;50;627466363;5134;288;5896;5965;8.51;0.53;230.88;6.39;762;50;2020.00;69
5135;50;627466372;5135;288;5901;5965;8.39;0.52;230.87;6.39;766;50;2021.00;64
5136;50;627466382;5136;291;5905;5965;8.34;0.51;230.85;6.39;769;50;2022.00;60
5138;50;627466391;5138;286;5908;5965;8.29;0.51;230.78;6.39;770;50;2023.00;57
5140;50;627466401;5140;284;5913;5966;8.29;0.51;230.80;6.39;773;50;2024.00;53
5143;50;627466411;5143;288;5919;5968;8.29;0.51;230.73;6.39;776;50;2025.00;49
5145;50;627466422;5145;284;5923;5968;8.29;0.51;230.76;6.39;778;50;2026.00;45
5148;50;627466432;5148;289;5924;5969;8.20;0.50;230.72;6.39;776;50;2027.00;45
5151;50;627466443;5151;291;5926;5969;8.11;0.50;230.70;6.39;775;50;2028.00;43
5153;50;627466453;5153;299;5927;5969;8.02;0.49;230.64;6.39;774;50;2029.00;42
5153;50;627466463;5153;306;5928;5969;7.94;0.49;230.64;6.39;775;50;2030.00;41
5155;50;627466474;5155;315;5931;5973;7.81;0.48;230.61;6.39;776;50;2031.00;42
5156;50;627466492;5156;321;5933;5973;7.65;0.47;230.61;6.40;777;50;2032.00;40
5159;50;627466502;5159;331;5933;5973;7.42;0.46;230.61;6.40;774;50;2033.00;40
5162;50;627466511;5162;340;5936;5976;7.21;0.44;230.58;6.40;774;50;2034.00;40
5167;50;627466521;5167;346;5937;5976;7.02;0.43;230.63;6.40;770;50;2035.00;39
5167;50;627466530;5167;352;5938;5976;6.88;0.42;230.63;6.40;771;50;2036.00;38
5171;50;627466538;5171;360;5942;5980;6.66;0.41;230.75;6.39;771;50;2037.00;38
5175;50;627466554;5175;363;5944;5981;6.45;0.40;230.75;6.39;769;50;2038.00;37
5179;50;627466563;5179;370;5945;5981;6.25;0.39;230.80;6.39;766;50;2039.00;36
5180;50;627466574;5180;368;5950;5986;6.17;0.38;230.84;6.39;770;50;2040.00;36
5184;50;627466583;5184;362;5950;5986;5.99;0.37;230.87;6.39;766;50;2041.00;36
5186;50;627466593;5186;358;5950;5986;5.89;0.37;230.85;6.39;764;50;2042.00;36
5188;50;627466602;5188;349;5951;5987;5.89;0.37;230.86;6.39;763;50;2043.00;36
5189;50;627466611;5189;337;5951;5987;5.94;0.37;230.89;6.39;762;50;2044.00;36
5192;50;627466619;5192;331;5956;5993;6.05;0.38;230.89;6.38;764;50;2045.00;37
5194;50;627466630;5194;326;5957;5993;6.15;0.38;230.83;6.38;763;50;2046.00;36
5197;50;627466640;5197;313;5958;5994;6.26;0.39;230.89;6.38;761;50;2047.00;36
5199;50;627466650;5199;308;5958;5994;6.36;0.39;230.85;6.38;759;50;2048.00;36
5204;50;627466659;5204;292;5958;5994;6.43;0.40;230.97;6.38;754;50;2049.00;36
5204;50;627466669;5204;286;5958;5994;6.60;0.41;230.97;6.38;754;50;2050.00;36
5207;50;627466678;5207;283;5959;5994;6.72;0.41;231.01;6.48;752;50;2051.00;35
5209;50;627466696;5209;270;5970;6006;6.93;0.43;231.04;6.47;761;50;2052.00;36
5212;51;627466712;5212;257;5970;6006;7.06;0.43;231.03;6.47;758;51;2053.00;36
5216;51;627466736;5216;254;5971;6006;7.18;0.44;231.06;6.47;755;51;2054.00;35
5219;52;627466746;5219;258;5971;6006;7.27;0.45;231.04;6.47;752;52;2055.00;35
5220;52;627466769;5220;254;5971;6006;7.39;0.45;231.09;6.47;751;52;2056.00;35
5221;53;627466779;5221;252;5971;6006;7.48;0.46;231.12;6.47;750;53;2057.00;35
5225;53;627466798;5225;250;5975;6010;7.56;0.46;231.18;6.47;750;53;2058.00;35
5229;53;627466809;5229;244;5975;6010;7.66;0.47;231.08;6.47;746;53;2059.00;35
5232;53;627466825;5232;238;5978;6014;7.86;0.48;231.09;6.46;746;53;2060.00;36
5235;53;627466842;5235;239;5979;6015;7.98;0.49;231.12;6.46;744;53;2061.00;36
5237;53;627466859;5237;236;5980;6015;8.07;0.49;231.12;6.46;743;53;2062.00;35
5239;53;627466870;5239;231;5980;6015;8.13;0.50;231.12;6.46;741;53;2063.00;35
5243;53;627466884;5243;230;5993;6028;8.23;0.50;231.22;6.45;750;53;2064.00;35
5244;53;627466897;5244;231;5993;6028;8.30;0.51;231.19;6.45;749;53;2065.00;35
5249;53;627466907;5249;230;5993;6028;8.38;0.51;231.14;6.45;744;53;2066.00;35
5253;53;627466917;5253;221;5994;6029;8.47;0.52;231.13;6.45;741;53;2067.00;35
5257;53;627466928;5257;221;5995;6030;8.54;0.52;231.13;6.45;738;53;2068.00;35
5262;53;627466939;5262;216;5995;6030;8.55;0.52;231.15;6.45;733;53;2069.00;35
5268;53;627466951;5268;221;5998;6036;8.64;0.53;231.30;6.44;730;53;2070.00;38
5269;53;627466962;5269;222;5998;6036;8.66;0.53;231.29;6.44;729;53;2071.00;38
5275;53;627466973;5275;223;5999;6036;8.69;0.53;231.35;6.44;724;53;2072.00;37
5277;53;627466983;5277;220;5999;6036;8.70;0.53;231.38;6.44;722;53;2073.00;37
5286;53;627466994;5286;214;6004;6042;8.65;0.53;231.34;6.44;718;53;2074.00;38
5290;53;627467005;5290;219;6004;6042;8.68;0.53;231.31;6.44;714;53;2075.00;38
5298;53;627467016;5298;217;6005;6042;8.70;0.53;231.39;6.44;707;53;2076.00;37
5303;53;627467026;5303;218;6005;6042;8.71;0.53;231.31;6.44;702;53;2077.00;37
5309;53;627467036;5309;220;6010;6046;8.68;0.53;231.35;6.43;701;53;2078.00;36
5313;53;627467053;5313;223;6011;6047;8.64;0.52;231.41;6.43;698;53;2079.00;36
5318;53;627467063;5318;226;6012;6047;8.57;0.52;231.46;6.43;694;53;2080.00;35
5319;53;627467073;5319;226;6013;6048;8.60;0.52;231.49;6.43;694;53;2081.00;35
5323;53;627467084;5323;226;6013;6048;8.56;0.52;231.48;6.43;690;53;2082.00;35
5326;53;627467094;5326;226;6013;6048;8.62;0.52;231.49;6.43;687;53;2083.00;35
5330;53;627467104;5330;228;6013;6048;8.65;0.53;231.57;6.43;683;53;2084.00;35
5333;53;627467114;5333;231;6013;6048;8.69;0.53;231.56;6.43;680;53;2085.00;35
5336;53;627467124;5336;231;6013;6048;8.71;0.53;231.63;6.43;677;53;2086.00;35
5339;53;627467134;5339;219;6013;6048;8.75;0.53;231.66;6.43;674;53;2087.00;35
5342;53;627467144;5342;231;6059;6118;8.83;0.54;231.74;6.38;717;53;2088.00;59
5347;53;627467160;5347;215;6063;6119;8.89;0.54;231.78;6.38;716;53;2089.00;56
5351;53;627467171;5351;203;6069;6119;9.07;0.55;231.74;6.37;718;53;2090.00;50
5355;53;627467182;5355;197;6072;6119;9.16;0.56;231.85;6.37;717;53;2091.00;47
5358;53;627467193;5358;194;6077;6119;9.36;0.57;231.98;6.37;719;53;2092.00;42
5359;53;627467204;5359;194;6078;6119;9.49;0.58;231.97;6.37;719;53;2093.00;41
5363;53;627467214;5363;187;6081;6119;9.56;0.58;232.04;6.37;718;53;2094.00;38
5367;53;627467226;5367;187;6081;6119;9.63;0.58;232.08;6.37;714;53;2095.00;38
5369;53;627467237;5369;172;6083;6120;9.75;0.59;232.09;6.37;714;53;2096.00;37
5372;53;627467248;5372;156;6084;6121;9.86;0.60;232.15;6.37;712;53;2097.00;37
5374;53;627467259;5374;147;6085;6121;9.94;0.60;232.17;6.37;711;53;2098.00;36
5377;53;627467271;5377;144;6089;6125;9.96;0.60;232.20;6.37;712;53;2099.00;36
5379;53;627467284;5379;141;6093;6140;10.06;0.61;232.21;6.36;714;53;2100.00;47
5381;53;627467303;5381;142;6093;6140;10.17;0.62;232.22;6.36;712;53;2101.00;47
5383;53;627467315;5383;138;6093;6140;10.39;0.63;232.22;6.36;710;53;2102.00;47
5385;53;627467331;5385;133;6096;6146;10.51;0.64;232.28;6.36;711;53;2103.00;50
5386;53;627467343;5386;133;6096;6146;10.71;0.65;232.32;6.36;710;53;2104.00;50
5389;53;627467355;5389;132;6096;6146;10.89;0.66;232.33;6.36;707;53;2105.00;50
5391;53;627467367;5391;128;6100;6149;10.98;0.67;232.38;6.36;709;53;2106.00;49
5394;53;627467379;5394;128;6100;6149;11.08;0.67;232.38;6.36;706;53;2107.00;49
5395;53;627467391;5395;126;6100;6149;11.21;0.68;232.40;6.36;705;53;2108.00;49
5398;53;627467403;5398;125;6100;6150;11.29;0.69;232.51;6.36;702;53;2109.00;50
5401;53;627467414;5401;124;6101;6151;11.40;0.69;232.50;6.36;700;53;2110.00;50
5404;53;627467426;5404;123;6101;6151;11.46;0.70;232.59;6.36;697;53;2111.00;50
5406;53;627467437;5406;121;6112;6164;11.48;0.70;232.58;6.35;706;53;2112.00;52
5407;53;627467449;5407;113;6112;6164;11.50;0.70;232.60;6.35;705;53;2113.00;52
5414;53;627467460;5414;114;6112;6164;11.51;0.70;232.72;6.35;698;53;2114.00;52
5416;53;627467472;5416;117;6114;6166;11.60;0.70;232.71;6.35;698;53;2115.00;52
5421;53;627467483;5421;121;6114;6166;11.63;0.71;232.64;6.35;693;53;2116.00;52
5423;53;627467493;5423;126;6117;6170;11.60;0.70;232.66;6.35;694;53;2117.00;53
5424;53;627467510;5424;123;6118;6170;11.60;0.70;232.69;6.35;694;53;2118.00;52
5428;53;627467521;5428;128;6121;6174;11.57;0.70;232.73;6.35;693;53;2119.00;53
5431;53;627467533;5431;131;6121;6174;11.56;0.70;232.81;6.35;690;53;2120.00;53
5433;53;627467550;5433;133;6121;6174;11.59;0.70;232.88;6.35;688;53;2121.00;53
5434;53;627467560;5434;134;6122;6174;11.46;0.70;232.91;6.35;688;53;2122.00;52
5437;53;627467575;5437;130;6122;6174;11.44;0.69;232.96;6.35;685;53;2123.00;52
5439;53;627467585;5439;134;6132;6186;11.42;0.69;232.94;6.34;693;53;2124.00;54
5442;53;627467603;5442;135;6133;6186;11.40;0.69;233.04;6.34;691;53;2125.00;53
5445;53;627467614;5445;137;6134;6186;11.46;0.70;233.04;6.35;689;53;2126.00;52
5447;53;627467624;5447;136;6135;6186;11.51;0.70;233.07;6.35;688;53;2127.00;51
5452;53;627467634;5452;135;6136;6186;11.50;0.70;233.09;6.35;684;53;2128.00;50
5454;53;627467645;5454;132;6136;6186;11.53;0.70;233.11;6.35;682;53;2129.00;50
5458;53;627467656;5458;133;6139;6187;11.47;0.70;233.16;6.36;681;53;2130.00;48
5460;53;627467666;5460;131;6141;6187;11.52;0.70;233.20;6.36;681;53;2131.00;46
5465;53;627467675;5465;133;6145;6193;11.47;0.70;233.35;6.36;680;53;2132.00;48
5471;53;627467686;5471;137;6146;6194;11.45;0.69;233.42;6.36;675;53;2133.00;48
5474;53;627467696;5474;141;6146;6194;11.37;0.69;233.43;6.36;672;53;2134.00;48
5476;53;627467705;5476;145;6148;6194;11.37;0.69;233.48;6.47;672;53;2135.00;46
5481;53;627467714;5481;144;6152;6198;11.25;0.68;233.46;6.46;671;53;2136.00;46
5483;53;627467724;5483;150;6152;6198;11.18;0.68;233.48;6.46;669;53;2137.00;46
5484;53;627467733;5484;152;6152;6198;11.22;0.68;233.53;6.46;668;53;2138.00;46
5490;53;627467742;5490;150;6153;6199;11.26;0.69;233.46;6.46;663;53;2139.00;46
5495;53;627467751;5495;145;6156;6203;11.24;0.68;233.39;6.46;661;53;2140.00;47
5497;53;627467761;5497;140;6156;6203;11.33;0.69;233.35;6.46;659;53;2141.00;47
5500;53;627467770;5500;136;6158;6206;11.37;0.69;233.38;6.46;658;53;2142.00;48
5506;53;627467779;5506;131;6158;6206;11.44;0.69;233.37;6.46;652;53;2143.00;48
5510;53;627467788;5510;131;6159;6206;11.53;0.70;233.28;6.46;649;53;2144.00;47
5514;53;627467797;5514;125;6161;6206;11.58;0.70;233.26;6.47;647;53;2145.00;45
5515;53;627467807;5515;128;6164;6210;11.65;0.71;233.24;6.47;649;53;2146.00;46
5522;53;627467822;5522;130;6164;6210;11.62;0.71;233.24;6.47;642;53;2147.00;46
5522;53;627467832;5522;128;6165;6210;11.69;0.71;233.24;6.47;643;53;2148.00;45
5523;53;627467842;5523;121;6165;6210;11.70;0.71;233.24;6.47;642;53;2149.00;45
5526;53;627467850;5526;115;6166;6211;11.58;0.70;233.19;6.58;640;53;2150.00;45
5529;53;627467860;5529;115;6167;6212;11.58;0.70;233.19;6.58;638;53;2151.00;45
5532;53;627467870;5532;114;6167;6212;11.63;0.71;233.14;6.58;635;53;2152.00;45
5534;53;627467883;5534;117;6168;6213;11.65;0.71;233.10;6.58;634;53;2153.00;45
5536;53;627467895;5536;119;6168;6213;11.66;0.71;233.07;6.58;632;53;2154.00;45
5536;53;627467912;5536;117;6168;6213;11.67;0.71;233.07;6.58;632;53;2155.00;45
5538;53;627467927;5538;116;6168;6213;11.67;0.71;233.07;6.58;630;53;2156.00;45
5541;53;627467940;5541;123;6168;6213;11.64;0.71;233.23;6.58;627;53;2157.00;45
5546;53;627467962;5546;129;6168;6213;11.65;0.71;233.24;6.58;622;53;2158.00;45
5547;53;627467977;5547;137;6168;6213;11.56;0.70;233.22;6.58;621;53;2159.00;45
5548;53;627467991;5548;171;6264;6443;11.25;0.70;233.21;6.48;716;53;2160.00;179
5551;53;627468023;5551;166;6265;6444;11.14;0.69;233.24;6.48;714;53;2161.00;179
5553;53;627468035;5553;158;6277;6444;11.07;0.69;233.22;6.47;724;53;2162.00;167
5553;53;627468045;5553;157;6285;6444;11.01;0.68;233.22;6.46;732;53;2163.00;159
5553;53;627468055;5553;155;6293;6444;10.92;0.68;233.22;6.46;740;53;2164.00;151
5557;53;627468065;5557;156;6301;6444;10.81;0.67;233.27;6.46;744;53;2165.00;143
5559;53;627468076;5559;162;6308;6444;10.67;0.66;233.31;6.46;749;53;2166.00;136
5563;53;627468101;5563;162;6315;6444;10.55;0.65;233.23;6.46;752;53;2167.00;129
5566;53;627468111;5566;166;6319;6445;10.51;0.65;233.14;6.46;753;53;2168.00;126
5569;53;627468128;5569;177;6324;6446;10.49;0.65;233.20;6.47;755;53;2169.00;122
5570;53;627468139;5570;185;6327;6446;10.47;0.65;233.21;6.47;757;53;2170.00;119
5572;53;627468149;5572;194;6329;6447;10.46;0.65;233.25;6.47;757;53;2171.00;118
5573;53;627468160;5573;196;6331;6447;10.42;0.64;233.24;6.47;758;53;2172.00;116
5574;53;627468170;5574;207;6337;6447;10.28;0.64;233.21;6.50;763;53;2173.00;110
5579;53;627468180;5579;205;6341;6447;10.16;0.63;233.16;6.50;762;53;2174.00;106
5581;53;627468191;5581;215;6345;6451;10.03;0.62;233.13;6.51;764;53;2175.00;106
5585;53;627468201;5585;221;6350;6451;9.78;0.60;233.04;6.52;765;53;2176.00;101
5586;53;627468211;5586;233;6351;6451;9.59;0.59;233.03;6.52;765;53;2177.00;100
5588;53;627468222;5588;246;6358;6454;9.43;0.58;233.01;6.55;770;53;2178.00;96
5591;53;627468232;5591;258;6362;6454;9.23;0.57;233.03;6.56;771;53;2179.00;92
5591;53;627468243;5591;264;6365;6454;9.04;0.56;233.03;6.57;774;53;2180.00;89
5593;53;627468254;5593;279;6374;6458;8.89;0.55;233.11;6.58;781;53;2181.00;84
5595;53;627468271;5595;290;6378;6459;8.77;0.54;233.19;6.59;783;53;2182.00;81
5595;53;627468282;5595;304;6383;6459;8.58;0.53;233.19;6.60;788;53;2183.00;76
5597;53;627468291;5597;310;6388;6463;8.38;0.51;233.14;6.60;791;53;2184.00;75
5600;53;627468307;5600;320;6390;6463;8.17;0.50;233.10;6.61;790;53;2185.00;73
5601;53;627468319;5601;325;6393;6463;8.06;0.49;233.07;6.62;792;53;2186.00;70
5604;53;627468329;5604;335;6397;6464;7.92;0.49;233.01;6.62;793;53;2187.00;67
5604;53;627468339;5604;337;6398;6464;7.82;0.48;233.01;6.63;794;53;2188.00;66
5607;53;627468349;5607;340;6403;6470;7.74;0.47;232.94;6.63;796;53;2189.00;67
5608;53;627468362;5608;343;6404;6470;7.62;0.47;232.92;6.63;796;53;2190.00;66
5609;53;627468372;5609;347;6408;6471;7.49;0.46;232.88;6.64;799;53;2191.00;63
5610;53;627468382;5610;346;6409;6471;7.36;0.45;232.85;6.65;799;53;2192.00;62
5610;53;627468393;5610;350;6410;6471;7.23;0.44;232.85;6.65;800;53;2193.00;61
5613;53;627468402;5613;356;6411;6471;7.06;0.43;232.85;6.65;798;53;2194.00;60
5615;53;627468412;5615;345;6416;6471;6.95;0.43;232.82;6.67;801;53;2195.00;55
5616;53;627468422;5616;333;6427;6483;6.97;0.43;232.87;6.66;811;53;2196.00;56
5617;53;627468433;5617;331;6429;6483;6.94;0.42;232.87;6.66;812;53;2197.00;54
5619;53;627468443;5619;325;6429;6483;6.93;0.42;232.81;6.66;810;53;2198.00;54
5620;53;627468453;5620;324;6429;6483;6.98;0.43;232.79;6.66;809;53;2199.00;54
5621;53;627468464;5621;324;6431;6483;6.98;0.43;232.77;6.67;810;53;2200.00;52
5624;53;627468480;5624;320;6431;6483;6.94;0.42;232.73;6.67;807;53;2201.00;52
5624;53;627468496;5624;315;6436;6487;6.93;0.42;232.73;6.67;812;53;2202.00;51
5627;54;627468506;5627;319;6437;6487;6.91;0.42;232.73;6.67;810;54;2203.00;50
5630;54;627468523;5630;313;6441;6491;6.95;0.42;232.77;6.66;811;54;2204.00;50
5632;54;627468545;5632;310;6443;6493;6.93;0.42;232.80;6.66;811;54;2205.00;50
5633;54;627468561;5633;316;6443;6493;6.93;0.42;232.81;6.66;810;54;2206.00;50
5639;54;627468576;5639;306;6443;6493;6.81;0.42;232.75;6.66;804;54;2207.00;50
5641;54;627468586;5641;309;6456;6506;6.75;0.41;232.71;6.65;815;54;2208.00;50
5643;54;627468598;5643;309;6456;6506;6.67;0.41;232.77;6.65;813;54;2209.00;50
5644;54;627468608;5644;301;6457;6508;6.59;0.40;232.79;6.65;813;54;2210.00;51
5645;54;627468618;5645;300;6458;6509;6.58;0.40;232.82;6.64;813;54;2211.00;51
5649;54;627468627;5649;294;6459;6510;6.56;0.40;232.80;6.64;810;54;2212.00;51
5650;54;627468637;5650;293;6459;6510;6.64;0.41;232.79;6.64;809;54;2213.00;51
5652;54;627468647;5652;293;6461;6513;6.73;0.41;232.83;6.64;809;54;2214.00;52
5654;54;627468663;5654;283;6461;6513;6.88;0.42;232.83;6.64;807;54;2215.00;52
5654;54;627468673;5654;283;6461;6513;7.01;0.43;232.83;6.64;807;54;2216.00;52
5659;54;627468682;5659;282;6461;6513;7.03;0.43;232.83;6.64;802;54;2217.00;52
5662;54;627468693;5662;277;6466;6519;7.10;0.43;232.89;6.64;804;54;2218.00;53
5664;54;627468704;5664;264;6466;6519;7.21;0.44;232.93;6.64;802;54;2219.00;53
5666;54;627468716;5666;251;6466;6519;7.34;0.45;232.95;6.64;800;54;2220.00;53
5669;54;627468727;5669;241;6467;6519;7.41;0.46;232.98;6.75;798;54;2221.00;52
5673;54;627468738;5673;232;6472;6523;7.46;0.46;232.97;6.74;799;54;2222.00;51
5675;54;627468748;5675;229;6475;6524;7.59;0.47;233.00;6.74;800;54;2223.00;49
5682;54;627468759;5682;229;6475;6524;7.65;0.47;232.93;6.74;793;54;2224.00;49
5687;54;627468770;5687;222;6476;6525;7.75;0.48;232.92;6.74;789;54;2225.00;49
5691;54;627468781;5691;217;6476;6525;7.85;0.48;232.94;6.74;785;54;2226.00;49
5696;54;627468791;5696;216;6476;6525;7.85;0.48;232.99;6.74;780;54;2227.00;49
5700;54;627468801;5700;214;6476;6525;7.91;0.49;233.16;6.74;776;54;2228.00;49
5706;54;627468812;5706;208;6476;6525;7.97;0.49;233.18;6.74;770;54;2229.00;49
5709;54;627468822;5709;208;6476;6525;8.07;0.50;233.13;6.74;767;54;2230.00;49
5714;54;627468833;5714;198;6476;6525;8.14;0.50;233.14;6.74;762;54;2231.00;49
5720;54;627468844;5720;194;6516;6595;8.31;0.51;233.11;6.70;796;54;2232.00;79
5723;54;627468861;5723;188;6516;6596;8.43;0.52;233.17;6.70;793;54;2233.00;80
5729;54;627468872;5729;188;6521;6596;8.58;0.53;233.13;6.70;792;54;2234.00;75
5736;54;627468885;5736;187;6526;6596;8.70;0.53;233.22;6.69;790;54;2235.00;70
5740;54;627468898;5740;188;6530;6596;8.77;0.54;233.20;6.69;790;54;2236.00;66
5745;54;627468909;5745;189;6532;6596;8.76;0.53;233.31;6.69;787;54;2237.00;64
5749;54;627468920;5749;191;6535;6596;8.77;0.54;233.33;6.69;786;54;2238.00;61
5752;54;627468932;5752;195;6538;6596;8.86;0.54;233.36;6.69;786;54;2239.00;58
5758;54;627468943;5758;199;6541;6597;8.92;0.54;233.43;6.69;783;54;2240.00;56
5761;54;627468955;5761;206;6543;6598;8.98;0.55;233.39;6.69;782;54;2241.00;55
5763;54;627468969;5763;209;6546;6598;9.06;0.55;233.41;6.69;783;54;2242.00;52
5770;54;627468980;5770;210;6550;6602;9.08;0.55;233.47;6.69;780;54;2243.00;52
5773;54;627468992;5773;208;6550;6602;9.11;0.56;233.50;6.69;777;54;2244.00;52
5775;54;627469004;5775;209;6550;6602;9.20;0.56;233.54;6.69;775;54;2245.00;52
5779;54;627469021;5779;208;6550;6602;9.28;0.57;233.64;6.69;771;54;2246.00;52
5784;54;627469034;5784;213;6554;6608;9.32;0.57;233.67;6.69;770;54;2247.00;54
5789;54;627469046;5789;214;6555;6608;9.34;0.57;233.65;6.69;766;54;2248.00;53
5794;54;627469063;5794;213;6555;6608;9.29;0.57;233.63;6.69;761;54;2249.00;53
5798;54;627469076;5798;214;6558;6614;9.32;0.57;233.70;6.68;760;54;2250.00;56
5803;54;627469088;5803;215;6558;6614;9.22;0.56;233.66;6.68;755;54;2251.00;56
5806;54;627469099;5806;218;6559;6614;9.19;0.56;233.71;6.68;753;54;2252.00;55
5813;54;627469110;5813;222;6559;6615;9.26;0.56;233.69;6.68;746;54;2253.00;56
5815;54;627469121;5815;225;6561;6616;9.29;0.57;233.73;6.68;746;54;2254.00;55
5821;54;627469132;5821;226;6561;6616;9.31;0.57;233.74;6.68;740;54;2255.00;55
5824;54;627469144;5824;228;6571;6629;9.38;0.57;233.80;6.67;747;54;2256.00;58
5826;54;627469156;5826;214;6571;6629;9.40;0.57;233.81;6.67;745;54;2257.00;58
5832;54;627469167;5832;208;6573;6629;9.45;0.58;233.85;6.67;741;54;2258.00;56
5834;54;627469179;5834;202;6574;6630;9.57;0.58;233.86;6.67;740;54;2259.00;56
5838;54;627469195;5838;196;6574;6630;9.65;0.59;233.93;6.67;736;54;2260.00;56
5841;54;627469206;5841;195;6577;6634;9.74;0.59;233.96;6.67;736;54;2261.00;57
5843;54;627469218;5843;192;6578;6634;9.82;0.60;233.97;6.67;735;54;2262.00;56
5847;54;627469229;5847;193;6581;6638;9.82;0.60;234.05;6.66;734;54;2263.00;57
5850;54;627469241;5850;189;6581;6638;9.84;0.60;234.11;6.66;731;54;2264.00;57
5852;54;627469259;5852;187;6581;6638;9.93;0.61;234.11;6.66;729;54;2265.00;57
5859;54;627469270;5859;173;6581;6638;9.95;0.61;234.21;6.66;722;54;2266.00;57
5863;54;627469288;5863;159;6581;6638;9.99;0.61;234.40;6.66;718;54;2267.00;57
5865;54;627469300;5865;153;6590;6650;10.10;0.62;234.37;6.65;725;54;2268.00;60
5869;54;627469312;5869;143;6590;6650;10.16;0.62;234.42;6.65;721;54;2269.00;60
5870;54;627469324;5870;141;6592;6650;10.28;0.63;234.44;6.65;722;54;2270.00;58
5872;54;627469335;5872;137;6592;6650;10.44;0.64;234.48;6.65;720;54;2271.00;58
5877;54;627469346;5877;132;6592;6650;10.62;0.65;234.58;6.65;715;54;2272.00;58
5881;54;627469359;5881;128;6592;6650;10.81;0.66;234.57;6.65;711;54;2273.00;58
5883;54;627469371;5883;124;6592;6651;10.99;0.67;234.57;6.65;709;54;2274.00;59
5889;55;627469388;5889;118;6592;6651;11.05;0.67;234.72;6.65;703;55;2275.00;59
5890;55;627469406;5890;120;6596;6657;11.14;0.68;234.74;6.65;706;55;2276.00;61
5891;55;627469418;5891;120;6599;6658;11.25;0.68;234.77;6.75;708;55;2277.00;59
5894;55;627469430;5894;118;6599;6658;11.34;0.69;234.81;6.75;705;55;2278.00;59
5901;55;627469446;5901;120;6599;6658;11.44;0.69;234.77;6.75;698;55;2279.00;59
5903;55;627469459;5903;115;6603;6663;11.55;0.70;234.79;6.75;700;55;2280.00;60
5908;55;627469472;5908;116;6603;6663;11.60;0.70;234.85;6.75;695;55;2281.00;60
5912;55;627469484;5912;114;6603;6663;11.63;0.70;234.92;6.75;691;55;2282.00;60
5913;55;627469495;5913;118;6604;6664;11.69;0.71;234.90;6.75;691;55;2283.00;60
5916;55;627469505;5916;121;6607;6668;11.66;0.71;234.94;6.74;691;55;2284.00;61
5918;55;627469517;5918;118;6607;6668;11.65;0.71;234.92;6.74;689;55;2285.00;61
5919;55;627469528;5919;121;6609;6671;11.68;0.71;234.93;6.74;690;55;2286.00;62
5923;55;627469539;5923;120;6609;6671;11.74;0.71;234.91;6.74;686;55;2287.00;62
5924;55;627469550;5924;123;6610;6671;11.80;0.72;234.95;6.74;686;55;2288.00;61
5929;55;627469560;5929;122;6610;6671;11.89;0.72;234.97;6.74;681;55;2289.00;61
5932;55;627469570;5932;124;6613;6675;11.98;0.73;234.97;6.74;681;55;2290.00;62
5933;55;627469581;5933;136;6613;6675;11.97;0.73;234.99;6.74;680;55;2291.00;62
5937;55;627469592;5937;137;6614;6675;12.04;0.73;235.00;6.74;677;55;2292.00;61
5938;55;627469603;5938;134;6614;6675;12.02;0.73;235.00;6.74;676;55;2293.00;61
5941;55;627469615;5941;135;6614;6676;11.92;0.72;235.04;6.74;673;55;2294.00;62
5942;55;627469625;5942;140;6616;6678;11.91;0.72;235.04;6.74;674;55;2295.00;62
5944;55;627469635;5944;137;6616;6678;11.93;0.73;235.03;6.74;672;55;2296.00;62
5951;55;627469646;5951;140;6617;6679;11.91;0.72;234.96;6.73;666;55;2297.00;62
5953;55;627469656;5953;145;6617;6679;11.89;0.72;235.06;6.73;664;55;2298.00;62
5956;55;627469666;5956;146;6617;6679;11.80;0.72;235.07;6.73;661;55;2299.00;62
5961;55;627469676;5961;147;6617;6679;11.74;0.71;235.14;6.73;656;55;2300.00;62
5966;55;627469690;5966;145;6617;6679;11.66;0.71;235.17;6.73;651;55;2301.00;62
5968;55;627469699;5968;151;6617;6679;11.72;0.71;235.24;6.73;649;55;2302.00;62
5973;55;627469708;5973;150;6617;6679;11.69;0.71;235.27;6.73;644;55;2303.00;62
5976;55;627469717;5976;179;6688;6806;11.15;0.69;235.28;6.66;712;55;2304.00;118
5981;55;627469735;5981;162;6688;6807;11.07;0.68;235.21;6.66;707;55;2305.00;119
5983;55;627469745;5983;150;6696;6807;11.20;0.69;235.19;6.66;713;55;2306.00;111
5986;55;627469755;5986;146;6698;6807;11.22;0.69;235.18;6.66;712;55;2307.00;109
5990;55;627469769;5990;146;6702;6807;11.28;0.69;235.14;6.66;712;55;2308.00;105
5995;55;627469779;5995;148;6705;6807;11.34;0.70;235.18;6.65;710;55;2309.00;102
5996;55;627469790;5996;142;6710;6807;11.49;0.70;235.18;6.65;714;55;2310.00;97
6001;56;627469799;6001;144;6711;6807;11.57;0.71;235.09;6.65;710;56;2311.00;96
6003;56;627469821;6003;143;6715;6808;11.64;0.71;235.08;6.66;712;56;2312.00;93
6005;56;627469834;6005;143;6718;6809;11.72;0.72;235.06;6.66;713;56;2313.00;91
6005;56;627469844;6005;144;6723;6809;11.78;0.72;235.06;6.67;718;56;2314.00;86
6008;56;627469854;6008;150;6726;6810;11.75;0.72;235.07;6.68;718;56;2315.00;84
6011;56;627469863;6011;153;6730;6810;11.75;0.72;235.03;6.68;719;56;2316.00;80
6014;56;627469873;6014;156;6731;6810;11.66;0.71;235.03;6.68;717;56;2317.00;79
6016;56;627469886;6016;161;6734;6810;11.53;0.71;234.98;6.69;718;56;2318.00;76
6018;56;627469915;6018;155;6737;6814;11.42;0.70;235.03;6.69;719;56;2319.00;77
6020;56;627469931;6020;159;6739;6814;11.34;0.70;235.00;6.69;719;56;2320.00;75
6021;56;627469947;6021;160;6739;6814;11.24;0.69;234.98;6.69;718;56;2321.00;75
6024;56;627469963;6024;165;6742;6817;11.08;0.68;234.94;6.69;718;56;2322.00;75
6028;56;627469994;6028;168;6742;6817;10.93;0.67;234.91;6.69;714;56;2323.00;75
6029;56;627470007;6029;167;6743;6817;10.82;0.66;234.89;6.69;714;56;2324.00;74
6030;56;627470018;6030;165;6746;6821;10.68;0.65;234.88;6.69;716;56;2325.00;75
6031;56;627470029;6031;175;6748;6822;10.65;0.65;234.85;6.69;717;56;2326.00;74
6034;56;627470041;6034;173;6749;6822;10.53;0.64;234.80;6.69;715;56;2327.00;73
6036;56;627470051;6036;179;6753;6826;10.43;0.64;234.80;6.68;717;56;2328.00;73
6039;56;627470062;6039;178;6753;6826;10.29;0.63;234.72;6.68;714;56;2329.00;73
6042;56;627470078;6042;186;6753;6826;10.19;0.62;234.82;6.68;711;56;2330.00;73
6046;56;627470089;6046;193;6754;6827;10.11;0.62;234.77;6.68;708;56;2331.00;73
6046;57;627470106;6046;195;6754;6827;9.95;0.61;234.77;6.68;708;57;2332.00;73
6050;57;627470135;6050;198;6758;6833;9.88;0.60;234.68;6.68;708;57;2333.00;75
6053;57;627470146;6053;207;6759;6833;9.76;0.59;234.62;6.68;706;57;2334.00;74
6055;57;627470156;6055;211;6759;6834;9.65;0.59;234.58;6.68;704;57;2335.00;75
6058;57;627470166;6058;221;6759;6834;9.55;0.58;234.52;6.68;701;57;2336.00;75
6060;57;627470175;6060;228;6760;6834;9.46;0.58;234.48;6.69;700;57;2337.00;74
6062;57;627470185;6062;237;6760;6834;9.34;0.57;234.46;6.69;698;57;2338.00;74
6062;57;627470195;6062;242;6761;6834;9.22;0.56;234.46;6.70;699;57;2339.00;73
6064;57;627470205;6064;249;6784;6870;9.14;0.56;234.43;6.69;720;57;2340.00;86
6064;57;627470218;6064;255;6784;6870;9.03;0.56;234.43;6.69;720;57;2341.00;86
6068;57;627470227;6068;263;6789;6870;8.96;0.55;234.41;6.71;721;57;2342.00;81
6072;57;627470236;6072;270;6790;6870;8.87;0.54;234.37;6.71;718;57;2343.00;80
6072;57;627470246;6072;273;6793;6870;8.73;0.53;234.37;6.72;721;57;2344.00;77
6072;57;627470257;6072;281;6795;6870;8.63;0.53;234.37;6.73;723;57;2345.00;75
6076;57;627470266;6076;285;6798;6874;8.52;0.52;234.37;6.72;722;57;2346.00;76
6076;57;627470276;6076;277;6801;6874;8.48;0.52;234.37;6.74;725;57;2347.00;73
6077;57;627470285;6077;276;6805;6878;8.49;0.52;234.35;6.74;728;57;2348.00;73
6078;57;627470295;6078;274;6808;6879;8.53;0.52;234.34;6.75;730;57;2349.00;71
6081;57;627470304;6081;267;6809;6879;8.52;0.52;234.29;6.75;728;57;2350.00;70
6083;57;627470314;6083;262;6811;6879;8.51;0.52;234.28;6.76;728;57;2351.00;68
6086;57;627470323;6086;260;6821;6892;8.39;0.51;234.23;6.75;735;57;2352.00;71
6086;57;627470340;6086;258;6824;6892;8.36;0.51;234.23;6.76;738;57;2353.00;68
6087;57;627470350;6087;254;6825;6892;8.32;0.51;234.33;6.76;738;57;2354.00;67
6088;57;627470359;6088;256;6827;6893;8.35;0.51;234.33;6.77;739;57;2355.00;66
6089;57;627470369;6089;259;6827;6894;8.37;0.51;234.31;6.77;738;57;2356.00;67
6091;58;627470378;6091;256;6829;6894;8.32;0.51;234.27;6.78;738;58;2357.00;65
6093;58;627470399;6093;259;6831;6897;8.35;0.51;234.22;6.77;738;58;2358.00;66
6094;59;627470409;6094;257;6832;6897;8.31;0.51;234.20;6.78;738;59;2359.00;65
6094;59;627470436;6094;262;6833;6897;8.34;0.51;234.20;6.78;739;59;2360.00;64
6094;59;627470446;6094;262;6834;6897;8.36;0.51;234.20;6.79;740;59;2361.00;63
6095;59;627470455;6095;261;6839;6903;8.48;0.52;234.20;6.78;744;59;2362.00;64
6096;59;627470465;6096;259;6839;6903;8.54;0.52;234.18;6.78;743;59;2363.00;64
6097;59;627470483;6097;256;6841;6903;8.52;0.52;234.17;6.79;744;59;2364.00;62
6099;59;627470492;6099;252;6841;6903;8.50;0.52;234.17;6.79;742;59;2365.00;62
6100;59;627470502;6100;254;6847;6907;8.48;0.52;234.15;6.81;747;59;2366.00;60
6103;59;627470512;6103;253;6848;6908;8.47;0.52;234.12;6.81;745;59;2367.00;60
6104;59;627470522;6104;252;6848;6908;8.46;0.52;234.10;6.81;744;59;2368.00;60
6107;59;627470531;6107;251;6850;6909;8.44;0.51;234.12;6.81;743;59;2369.00;59
6109;59;627470543;6109;254;6850;6909;8.32;0.51;234.17;6.81;741;59;2370.00;59
6112;59;627470553;6112;251;6853;6909;8.28;0.51;234.16;6.82;741;59;2371.00;56
6114;59;627470563;6114;248;6853;6909;8.28;0.51;234.26;6.82;739;59;2372.00;56
6115;59;627470573;6115;250;6853;6909;8.26;0.51;234.25;6.82;738;59;2373.00;56
6119;59;627470582;6119;248;6854;6909;8.17;0.50;234.24;6.82;735;59;2374.00;55
6122;59;627470593;6122;245;6854;6909;8.06;0.49;234.22;6.82;732;59;2375.00;55
6125;59;627470603;6125;253;6895;6979;8.09;0.50;234.29;6.79;770;59;2376.00;84
6129;59;627470618;6129;250;6895;6980;8.00;0.49;234.27;6.79;766;59;2377.00;85
6134;59;627470628;6134;256;6903;6980;7.95;0.49;234.36;6.78;769;59;2378.00;77
6137;59;627470639;6137;258;6908;6980;7.86;0.48;234.32;6.78;771;59;2379.00;72
6146;59;627470648;6146;256;6913;6980;7.77;0.48;234.32;6.78;767;59;2380.00;67
6152;59;627470658;6152;247;6920;6980;7.71;0.47;234.40;6.78;768;59;2381.00;60
6153;59;627470667;6153;250;6924;6980;7.71;0.47;234.45;6.78;771;59;2382.00;56
6158;59;627470677;6158;242;6926;6980;7.59;0.47;234.50;6.78;768;59;2383.00;54
6162;59;627470686;6162;238;6927;6981;7.52;0.46;234.51;6.78;765;59;2384.00;54
6167;59;627470696;6167;241;6929;6983;7.58;0.47;234.48;6.77;762;59;2385.00;54
6172;59;627470706;6172;240;6929;6983;7.60;0.47;234.50;6.77;757;59;2386.00;54
6175;59;627470716;6175;233;6933;6987;7.66;0.47;234.53;6.77;758;59;2387.00;54
6178;59;627470727;6178;237;6933;6987;7.81;0.48;234.55;6.77;755;59;2388.00;54
6182;59;627470737;6182;227;6933;6987;7.95;0.49;234.55;6.77;751;59;2389.00;54
6189;59;627470748;6189;221;6933;6987;8.08;0.50;234.46;6.77;744;59;2390.00;54
6194;59;627470758;6194;222;6938;6993;8.21;0.50;234.56;6.77;744;59;2391.00;55
6198;59;627470770;6198;223;6939;6993;8.38;0.51;234.56;6.77;741;59;2392.00;54
6200;59;627470781;6200;217;6939;6993;8.54;0.52;234.58;6.77;739;59;2393.00;54
6207;59;627470791;6207;218;6942;6996;8.70;0.53;234.57;6.76;735;59;2394.00;54
6212;59;627470802;6212;216;6942;6996;8.88;0.54;234.56;6.76;730;59;2395.00;54
6217;59;627470812;6217;215;6942;6996;9.01;0.55;234.51;6.76;725;59;2396.00;54
6224;59;627470823;6224;208;6943;6997;9.05;0.55;234.56;6.76;719;59;2397.00;54
6229;59;627470834;6229;204;6944;6998;9.13;0.56;234.51;6.76;715;59;2398.00;54
6233;59;627470845;6233;199;6944;6998;9.14;0.56;234.54;6.76;711;59;2399.00;54
6238;59;627470857;6238;197;6970;7057;9.09;0.55;234.54;6.74;732;59;2400.00;87
6242;59;627470879;6242;190;6972;7057;9.16;0.56;234.56;6.73;730;59;2401.00;85
6244;59;627470891;6244;183;6974;7057;9.20;0.56;234.54;6.73;730;59;2402.00;83
6248;59;627470902;6248;188;6975;7058;9.18;0.56;234.60;6.73;727;59;2403.00;83
6252;59;627470920;6252;192;6977;7058;9.12;0.56;234.62;6.73;725;59;2404.00;81
6255;59;627470938;6255;193;6980;7062;9.11;0.56;234.68;6.73;725;59;2405.00;82
6259;59;627470949;6259;196;6982;7062;9.14;0.56;234.72;6.73;723;59;2406.00;80
6264;59;627470960;6264;193;6986;7066;9.14;0.56;234.85;6.73;722;59;2407.00;80
6265;59;627470971;6265;199;6987;7066;9.20;0.56;234.86;6.73;722;59;2408.00;79
6269;59;627470982;6269;201;6987;7066;9.18;0.56;234.94;6.73;718;59;2409.00;79
6271;59;627470992;6271;204;6988;7066;9.16;0.56;235.00;6.73;717;59;2410.00;78
6275;59;627471003;6275;204;6990;7066;9.12;0.56;235.01;6.73;715;59;2411.00;76
6279;59;627471014;6279;205;6998;7078;9.15;0.56;235.10;6.72;719;59;2412.00;80
6282;59;627471025;6282;203;6998;7078;9.17;0.56;235.05;6.72;716;59;2413.00;80
6285;59;627471036;6285;215;6999;7078;9.17;0.56;235.07;6.72;714;59;2414.00;79
6289;59;627471046;6289;214;6999;7078;9.19;0.56;235.03;6.72;710;59;2415.00;79
6295;59;627471056;6295;217;7000;7078;9.10;0.56;235.02;6.72;705;59;2416.00;78
6297;59;627471067;6297;222;7001;7078;9.10;0.56;235.08;6.72;704;59;2417.00;77
6301;59;627471076;6301;222;7001;7079;9.06;0.55;235.05;6.72;700;59;2418.00;78
6307;59;627471086;6307;221;7003;7079;9.02;0.55;235.02;6.72;696;59;2419.00;76
6309;59;627471097;6309;225;7006;7085;9.02;0.55;235.06;6.72;697;59;2420.00;79
6314;59;627471107;6314;228;7008;7086;9.05;0.55;235.16;6.72;694;59;2421.00;78
6317;59;627471118;6317;229;7008;7086;9.04;0.55;235.10;6.72;691;59;2422.00;78
6320;59;627471127;6320;232;7009;7086;8.96;0.55;235.13;6.73;689;59;2423.00;77
6324;59;627471143;6324;233;7011;7090;8.96;0.55;235.29;6.72;687;59;2424.00;79
6327;59;627471153;6327;239;7011;7090;8.93;0.54;235.29;6.72;684;59;2425.00;79
6332;59;627471164;6332;239;7013;7090;8.85;0.54;235.41;6.73;681;59;2426.00;77
6337;59;627471174;6337;234;7015;7091;8.81;0.54;235.51;6.73;678;59;2427.00;76
6340;59;627471184;6340;231;7019;7095;8.85;0.54;235.52;6.73;679;59;2428.00;76
6342;59;627471195;6342;232;7020;7095;8.85;0.54;235.54;6.73;678;59;2429.00;75
6347;59;627471206;6347;232;7023;7101;8.93;0.54;235.60;6.73;676;59;2430.00;78
6351;59;627471216;6351;232;7023;7101;8.97;0.54;235.67;6.73;672;59;2431.00;78
6354;59;627471227;6354;231;7025;7101;8.95;0.54;235.73;6.73;671;59;2432.00;76
6359;59;627471237;6359;230;7025;7101;8.98;0.54;235.77;6.73;666;59;2433.00;76
6360;59;627471253;6360;235;7028;7105;9.01;0.55;235.78;6.73;668;59;2434.00;77
6361;59;627471264;6361;233;7028;7105;9.01;0.55;235.80;6.73;667;59;2435.00;77
6363;59;627471273;6363;220;7029;7105;9.00;0.55;235.82;6.73;666;59;2436.00;76
6367;59;627471283;6367;205;7029;7105;9.05;0.55;235.88;6.73;662;59;2437.00;76
6369;59;627471293;6369;197;7031;7106;9.04;0.55;235.92;6.73;662;59;2438.00;75
6371;59;627471303;6371;187;7033;7107;9.12;0.55;235.93;6.73;662;59;2439.00;74
6374;59;627471314;6374;185;7033;7107;9.11;0.55;236.00;6.73;659;59;2440.00;74
6376;59;627471325;6376;175;7035;7108;9.21;0.56;236.03;6.73;659;59;2441.00;73
6376;59;627471335;6376;172;7035;7108;9.39;0.57;236.03;6.73;659;59;2442.00;73
6381;59;627471345;6381;169;7035;7108;9.47;0.58;236.11;6.73;654;59;2443.00;73
6381;59;627471355;6381;167;7036;7108;9.64;0.59;236.11;6.74;655;59;2444.00;72
6383;59;627471370;6383;169;7036;7108;9.70;0.59;236.09;6.74;653;59;2445.00;72
6385;59;627471380;6385;164;7036;7108;9.83;0.60;236.13;6.74;651;59;2446.00;72
6386;59;627471390;6386;157;7036;7108;9.84;0.60;236.15;6.74;650;59;2447.00;72
6389;59;627471405;6389;173;7098;7235;9.92;0.61;236.10;6.68;709;59;2448.00;137
6391;59;627471426;6391;164;7101;7236;10.01;0.62;236.19;6.68;710;59;2449.00;135
6395;59;627471437;6395;160;7110;7236;10.08;0.62;236.11;6.68;715;59;2450.00;126
6400;59;627471448;6400;157;7112;7236;10.04;0.62;236.20;6.68;712;59;2451.00;124
6401;59;627471457;6401;157;7118;7236;10.24;0.63;236.21;6.67;717;59;2452.00;118
6406;59;627471468;6406;156;7119;7236;10.20;0.63;236.21;6.67;713;59;2453.00;117
6408;59;627471478;6408;154;7123;7236;10.34;0.63;236.29;6.67;715;59;2454.00;113
6414;59;627471487;6414;158;7129;7236;10.40;0.64;236.32;6.68;715;59;2455.00;107
6415;59;627471497;6415;161;7133;7237;10.45;0.64;236.42;6.68;718;59;2456.00;104
6418;59;627471507;6418;165;7136;7238;10.47;0.64;236.38;6.69;718;59;2457.00;102
6421;59;627471518;6421;174;7140;7238;10.47;0.64;236.36;6.69;719;59;2458.00;98
6421;60;627471527;6421;175;7142;7239;10.44;0.64;236.36;6.69;721;60;2459.00;97
6424;60;627471556;6424;182;7146;7239;10.44;0.64;236.34;6.81;722;60;2460.00;93
6426;60;627471567;6426;187;7146;7239;10.41;0.64;236.31;6.81;720;60;2461.00;93
6426;60;627471583;6426;191;7151;7239;10.48;0.64;236.31;6.82;725;60;2462.00;88
6428;60;627471593;6428;191;7154;7243;10.43;0.64;236.30;6.82;726;60;2463.00;89
6429;61;627471603;6429;191;7155;7243;10.40;0.64;236.27;6.82;726;61;2464.00;88
6432;61;627471624;6432;195;7156;7243;10.47;0.64;236.26;6.83;724;61;2465.00;87
6433;61;627471633;6433;198;7159;7246;10.49;0.64;236.27;6.83;726;61;2466.00;87
6435;61;627471649;6435;199;7160;7246;10.47;0.64;236.25;6.83;725;61;2467.00;86
6437;61;627471665;6437;202;7163;7246;10.44;0.64;236.24;6.84;726;61;2468.00;83
6437;61;627471674;6437;204;7167;7250;10.42;0.64;236.24;6.84;730;61;2469.00;83
6440;61;627471684;6440;202;7170;7251;10.35;0.63;236.17;6.84;730;61;2470.00;81
6442;61;627471694;6442;206;7171;7251;10.34;0.63;236.13;6.84;729;61;2471.00;80
6444;61;627471703;6444;208;7173;7255;10.35;0.63;236.11;6.84;729;61;2472.00;82
6447;61;627471714;6447;204;7173;7255;10.35;0.63;236.04;6.84;726;61;2473.00;82
6450;61;627471731;6450;203;7173;7255;10.32;0.63;235.99;6.84;723;61;2474.00;82
6452;61;627471740;6452;205;7176;7257;10.32;0.63;235.97;6.96;724;61;2475.00;81
6455;61;627471750;6455;209;7176;7257;10.30;0.62;235.95;6.96;721;61;2476.00;81
6457;61;627471759;6457;212;7180;7263;10.24;0.62;235.94;6.95;723;61;2477.00;83
6458;61;627471769;6458;212;7181;7263;10.21;0.62;235.93;6.95;723;61;2478.00;82
6458;61;627471779;6458;211;7182;7264;10.16;0.62;235.93;7.07;724;61;2479.00;82
6464;61;627471787;6464;207;7182;7264;10.03;0.61;236.01;7.07;718;61;2480.00;82
6468;61;627471797;6468;204;7183;7264;10.00;0.61;235.95;7.18;715;61;2481.00;81
6472;61;627471806;6472;204;7183;7264;9.91;0.60;235.89;7.18;711;61;2482.00;81
6472;61;627471815;6472;200;7183;7264;9.95;0.61;235.89;7.18;711;61;2483.00;81
6475;61;627471823;6475;195;7193;7276;9.97;0.61;235.85;7.17;718;61;2484.00;83
6477;61;627471833;6477;193;7197;7276;9.92;0.61;235.92;7.30;720;61;2485.00;79
6478;61;627471842;6478;192;7197;7276;9.95;0.61;235.92;7.30;719;61;2486.00;79
6483;61;627471851;6483;193;7197;7276;9.97;0.61;235.86;7.30;714;61;2487.00;79
6486;61;627471861;6486;200;7197;7276;9.96;0.61;235.82;7.30;711;61;2488.00;79
6488;61;627471870;6488;199;7197;7276;9.97;0.61;235.80;7.30;709;61;2489.00;79
6492;61;627471881;6492;198;7200;7280;9.99;0.61;235.71;7.30;708;61;2490.00;80
6492;61;627471897;6492;196;7201;7280;9.95;0.60;235.71;7.41;709;61;2491.00;79
6493;61;627471921;6493;198;7204;7284;9.90;0.60;235.69;7.41;711;61;2492.00;80
6494;61;627471944;6494;204;7205;7285;9.93;0.60;235.69;7.41;711;61;2493.00;80
6494;61;627471955;6494;204;7207;7285;9.94;0.60;235.69;7.51;713;61;2494.00;78
6495;61;627471969;6495;208;7207;7285;9.91;0.60;235.70;7.51;712;61;2495.00;78
6496;61;627471983;6496;210;7217;7298;9.88;0.60;235.68;7.52;721;61;2496.00;81
6496;61;627471999;6496;211;7218;7298;9.83;0.60;235.68;7.62;722;61;2497.00;80
6498;61;627472011;6498;215;7218;7298;9.76;0.59;235.64;7.62;720;61;2498.00;80
6500;61;627472021;6500;207;7219;7299;9.72;0.59;235.61;7.62;719;61;2499.00;80
6503;61;627472033;6503;200;7219;7300;9.76;0.59;235.57;7.62;716;61;2500.00;81
6506;61;627472050;6506;192;7219;7300;9.83;0.60;235.51;7.62;713;61;2501.00;81
6506;61;627472061;6506;189;7222;7303;9.93;0.60;235.51;7.63;716;61;2502.00;81
6510;61;627472072;6510;185;7222;7303;9.97;0.60;235.61;7.63;712;61;2503.00;81
6511;61;627472083;6511;179;7223;7303;10.03;0.61;235.62;7.63;712;61;2504.00;80
6513;61;627472095;6513;171;7223;7303;10.11;0.61;235.69;7.63;710;61;2505.00;80
6514;61;627472106;6514;173;7227;7309;10.25;0.62;235.70;7.63;713;61;2506.00;82
6517;61;627472117;6517;168;7230;7309;10.30;0.63;235.82;7.65;713;61;2507.00;79
6517;61;627472127;6517;165;7230;7309;10.31;0.63;235.82;7.65;713;61;2508.00;79
6519;61;627472158;6519;168;7231;7309;10.22;0.62;235.81;7.65;712;61;2509.00;78
6520;61;627472168;6520;171;7235;7313;10.15;0.62;235.80;7.66;715;61;2510.00;78
6521;61;627472179;6521;166;7239;7314;10.13;0.62;235.79;7.67;718;61;2511.00;75
6522;61;627472189;6522;172;7239;7314;10.07;0.61;235.76;7.67;717;61;2512.00;75
6525;61;627472199;6525;169;7243;7315;10.02;0.61;235.83;7.70;718;61;2513.00;72
6525;61;627472209;6525;176;7244;7315;9.98;0.61;235.83;7.71;719;61;2514.00;71
6526;61;627472219;6526;173;7246;7315;9.98;0.61;235.84;7.73;720;61;2515.00;69
6526;61;627472235;6526;176;7247;7315;9.97;0.61;235.84;7.74;721;61;2516.00;68
6528;61;627472245;6528;181;7248;7315;9.93;0.60;235.86;7.75;720;61;2517.00;67
6529;61;627472255;6529;187;7250;7315;9.86;0.60;235.87;7.76;721;61;2518.00;65
6531;61;627472264;6531;189;7251;7315;9.78;0.59;235.86;7.77;720;61;2519.00;64
6534;61;627472276;6534;204;7306;7440;9.85;0.60;235.92;7.71;772;61;2520.00;134
6537;61;627472302;6537;202;7313;7441;9.80;0.60;235.98;7.72;776;61;2521.00;128
6538;61;627472313;6538;206;7325;7441;9.81;0.60;235.99;7.71;787;61;2522.00;116
6540;61;627472323;6540;209;7332;7441;9.78;0.60;235.99;7.71;792;61;2523.00;109
6542;61;627472334;6542;210;7341;7441;9.67;0.59;236.01;7.72;799;61;2524.00;100
6542;61;627472344;6542;217;7345;7441;9.59;0.59;236.01;7.72;803;61;2525.00;96
6543;61;627472354;6543;221;7350;7441;9.55;0.59;236.08;7.72;807;61;2526.00;91
6544;61;627472365;6544;229;7353;7441;9.44;0.58;236.14;7.73;809;61;2527.00;88
6548;61;627472376;6548;229;7357;7442;9.36;0.57;236.18;7.72;809;61;2528.00;85
6550;61;627472387;6550;230;7360;7443;9.24;0.57;236.20;7.73;810;61;2529.00;83
6555;61;627472398;6555;231;7363;7443;9.20;0.56;236.22;7.73;808;61;2530.00;80
6556;61;627472409;6556;234;7368;7447;9.03;0.55;236.25;7.74;812;61;2531.00;79
6558;61;627472421;6558;233;7370;7447;8.94;0.55;236.20;7.74;812;61;2532.00;77
6559;61;627472432;6559;235;7371;7447;8.86;0.54;236.19;7.74;812;61;2533.00;76
6561;61;627472443;6561;236;7374;7447;8.78;0.54;236.17;7.75;813;61;2534.00;73
6563;61;627472454;6563;234;7380;7453;8.76;0.54;236.24;7.75;817;61;2535.00;73
6565;61;627472466;6565;239;7381;7453;8.79;0.54;236.20;7.75;816;61;2536.00;72
6569;61;627472478;6569;241;7383;7455;8.74;0.54;236.19;7.75;814;61;2537.00;72
6573;61;627472490;6573;241;7386;7458;8.77;0.54;236.23;7.75;813;61;2538.00;72
6575;61;627472502;6575;244;7386;7458;8.77;0.54;236.21;7.75;811;61;2539.00;72
6578;61;627472519;6578;246;7387;7458;8.76;0.54;236.21;7.76;809;61;2540.00;71
6581;61;627472531;6581;246;7389;7459;8.72;0.53;236.19;7.76;808;61;2541.00;70
6586;61;627472542;6586;254;7392;7460;8.69;0.53;236.21;7.76;806;61;2542.00;68
6591;61;627472553;6591;259;7392;7460;8.64;0.53;236.22;7.76;801;61;2543.00;68
6597;61;627472570;6597;257;7404;7473;8.50;0.52;236.27;7.76;807;61;2544.00;69
6602;61;627472583;6602;262;7406;7473;8.46;0.52;236.29;7.75;804;61;2545.00;67
6607;61;627472595;6607;258;7406;7473;8.40;0.51;236.36;7.75;799;61;2546.00;67
6611;61;627472606;6611;261;7408;7474;8.38;0.51;236.35;7.76;797;61;2547.00;66
6618;61;627472616;6618;265;7409;7474;8.24;0.51;236.38;7.76;791;61;2548.00;65
6623;61;627472627;6623;267;7412;7478;8.20;0.50;236.42;7.75;789;61;2549.00;66
6628;61;627472640;6628;268;7416;7481;8.10;0.50;236.53;7.75;788;61;2550.00;65
6632;61;627472652;6632;255;7420;7485;8.06;0.49;236.55;7.75;788;61;2551.00;65
6638;61;627472664;6638;249;7421;7485;8.00;0.49;236.70;7.75;783;61;2552.00;64
6642;61;627472674;6642;243;7422;7485;7.99;0.49;236.73;7.75;780;61;2553.00;63
6646;61;627472684;6646;243;7422;7485;8.00;0.49;236.75;7.75;776;61;2554.00;63
6650;61;627472695;6650;239;7422;7485;7.97;0.49;236.82;7.75;772;61;2555.00;63
6654;61;627472712;6654;240;7433;7497;8.03;0.49;236.79;7.74;779;61;2556.00;64
6658;61;627472725;6658;234;7433;7497;8.06;0.50;236.90;7.74;775;61;2557.00;64
6665;61;627472736;6665;226;7434;7497;8.11;0.50;236.95;7.74;769;61;2558.00;63
6669;61;627472748;6669;221;7434;7497;8.18;0.50;237.05;7.74;765;61;2559.00;63
6674;61;627472761;6674;218;7434;7497;8.26;0.51;237.16;7.74;760;61;2560.00;63
6677;61;627472773;6677;219;7435;7497;8.44;0.52;237.21;7.84;758;61;2561.00;62
6681;61;627472786;6681;212;7436;7498;8.60;0.53;237.21;7.84;755;61;2562.00;62
6684;61;627472797;6684;208;7436;7498;8.73;0.54;237.25;7.84;752;61;2563.00;62
6690;61;627472808;6690;210;7440;7504;8.85;0.55;237.23;7.83;750;61;2564.00;64
6696;61;627472821;6696;209;7443;7506;8.94;0.55;237.20;7.83;747;61;2565.00;63
6702;61;627472833;6702;214;7443;7506;9.01;0.56;237.26;7.83;741;61;2566.00;63
6708;61;627472844;6708;214;7443;7506;9.06;0.56;237.26;7.83;735;61;2567.00;63
6712;61;627472861;6712;211;7446;7510;9.18;0.56;237.28;7.83;734;61;2568.00;64
6716;61;627472874;6716;205;7446;7510;9.21;0.57;237.29;7.83;730;61;2569.00;64
6720;61;627472889;6720;207;7446;7510;9.23;0.57;237.31;7.83;726;61;2570.00;64
6726;61;627472904;6726;205;7447;7511;9.21;0.57;237.38;7.82;721;61;2571.00;64
6731;61;627472920;6731;203;7450;7515;9.18;0.56;237.35;7.82;719;61;2572.00;65
6739;61;627472935;6739;201;7450;7515;9.12;0.56;237.30;7.82;711;61;2573.00;65
6745;61;627472950;6745;201;7452;7518;9.04;0.56;237.34;7.82;707;61;2574.00;66
6747;61;627472964;6747;202;7453;7518;9.09;0.56;237.36;7.82;706;61;2575.00;65
6752;61;627472990;6752;201;7453;7518;9.04;0.55;237.35;7.82;701;61;2576.00;65
6758;61;627473010;6758;201;7454;7518;8.96;0.55;237.37;7.92;696;61;2577.00;64
6762;61;627473027;6762;197;7457;7522;9.06;0.56;237.34;7.92;695;61;2578.00;65
6768;61;627473048;6768;196;7457;7522;9.06;0.56;237.33;7.92;689;61;2579.00;65
6772;61;627473067;6772;198;7458;7522;9.05;0.56;237.33;7.92;686;61;2580.00;64
6777;61;627473089;6777;199;7458;7522;9.00;0.55;237.38;7.92;681;61;2581.00;64
6782;61;627473106;6782;202;7458;7523;8.93;0.55;237.36;7.92;676;61;2582.00;65
6789;61;627473122;6789;206;7459;7524;8.94;0.55;237.34;7.92;670;61;2583.00;65
6792;61;627473138;6792;207;7459;7524;8.94;0.55;237.33;7.92;667;61;2584.00;65
6794;61;627473149;6794;211;7460;7525;9.07;0.56;237.32;7.92;666;61;2585.00;65
6796;61;627473161;6796;210;7461;7525;9.07;0.56;237.37;8.02;665;61;2586.00;64
6801;61;627473173;6801;210;7461;7525;9.08;0.56;237.33;8.02;660;61;2587.00;64
6805;61;627473184;6805;215;7461;7525;9.09;0.55;237.35;8.02;656;61;2588.00;64
6809;61;627473195;6809;216;7461;7525;9.01;0.55;237.37;8.02;652;61;2589.00;64
6810;61;627473205;6810;217;7461;7525;8.89;0.54;237.39;8.02;651;61;2590.00;64
6812;61;627473215;6812;219;7461;7525;8.77;0.54;237.37;8.02;649;61;2591.00;64
6817;61;627473226;6817;231;7523;7652;8.97;0.56;237.38;7.96;706;61;2592.00;129
6819;61;627473247;6819;227;7527;7653;8.90;0.55;237.39;7.95;708;61;2593.00;126
6821;61;627473257;6821;230;7535;7653;8.84;0.55;237.43;7.95;714;61;2594.00;118
6823;61;627473268;6823;229;7541;7653;8.78;0.54;237.47;8.05;718;61;2595.00;112
6825;61;627473279;6825;238;7545;7653;8.72;0.54;237.49;8.04;720;61;2596.00;108
6830;61;627473291;6830;227;7548;7653;8.73;0.54;237.56;8.04;718;61;2597.00;105
6832;61;627473303;6832;219;7550;7653;8.71;0.54;237.60;8.04;718;61;2598.00;103
6833;61;627473321;6833;221;7555;7653;8.77;0.54;237.58;8.04;722;61;2599.00;98
6835;61;627473333;6835;222;7557;7654;8.75;0.54;237.60;8.04;722;61;2600.00;97
6840;61;627473356;6840;226;7562;7655;8.79;0.54;237.60;8.04;722;61;2601.00;93
6843;61;627473368;6843;227;7564;7655;8.87;0.54;237.58;8.04;721;61;2602.00;91
6845;61;627473380;6845;230;7567;7656;8.89;0.54;237.64;8.04;722;61;2603.00;89
6847;61;627473392;6847;237;7570;7656;8.87;0.54;237.64;8.05;723;61;2604.00;86
6849;61;627473404;6849;236;7574;7656;8.88;0.54;237.74;8.05;725;61;2605.00;82
6850;61;627473422;6850;228;7576;7656;8.91;0.55;237.75;8.05;726;61;2606.00;80
6852;61;627473438;6852;217;7580;7660;8.91;0.55;237.78;8.05;728;61;2607.00;80
6854;61;627473455;6854;207;7582;7660;9.00;0.55;237.77;8.05;728;61;2608.00;78
6857;61;627473476;6857;204;7582;7660;9.08;0.56;237.78;8.05;725;61;2609.00;78
6858;61;627473504;6858;202;7586;7666;9.19;0.56;237.74;8.05;728;61;2610.00;80
6860;61;627473523;6860;193;7587;7666;9.30;0.57;237.72;8.05;727;61;2611.00;79
6860;61;627473548;6860;194;7588;7666;9.41;0.58;237.72;8.05;728;61;2612.00;78
6862;61;627473560;6862;190;7591;7670;9.51;0.58;237.70;8.05;729;61;2613.00;79
6862;61;627473574;6862;191;7593;7671;9.60;0.59;237.70;8.05;731;61;2614.00;78
6863;61;627473587;6863;192;7593;7671;9.67;0.59;237.68;8.05;730;61;2615.00;78
6866;61;627473600;6866;191;7597;7675;9.74;0.59;237.66;8.04;731;61;2616.00;78
6866;61;627473613;6866;186;7597;7675;9.67;0.59;237.66;8.04;731;61;2617.00;78
6868;61;627473626;6868;184;7598;7675;9.67;0.59;237.67;8.04;730;61;2618.00;77
6869;61;627473638;6869;187;7599;7676;9.76;0.59;237.66;8.04;730;61;2619.00;77
6871;61;627473651;6871;188;7600;7676;9.80;0.60;237.64;8.04;729;61;2620.00;76
6875;61;627473664;6875;186;7603;7682;9.84;0.60;237.70;8.04;728;61;2621.00;79
6875;61;627473678;6875;183;7604;7682;9.87;0.60;237.70;8.04;729;61;2622.00;78
6878;62;627473690;6878;186;7605;7683;9.86;0.60;237.65;8.04;727;62;2623.00;78
6881;62;627473729;6881;180;7605;7683;9.87;0.60;237.63;8.04;724;62;2624.00;78
6884;62;627473742;6884;178;7605;7683;9.83;0.60;237.63;8.04;721;62;2625.00;78
6885;62;627473754;6885;182;7605;7683;9.89;0.60;237.69;8.04;720;62;2626.00;78
6888;62;627473766;6888;186;7605;7683;9.97;0.61;237.65;8.04;717;62;2627.00;78
6891;62;627473777;6891;185;7615;7695;10.04;0.61;237.58;8.03;724;62;2628.00;80
6892;62;627473790;6892;188;7617;7695;10.11;0.61;237.57;8.13;725;62;2629.00;78
6893;62;627473803;6893;192;7617;7695;10.23;0.62;237.57;8.13;724;62;2630.00;78
6894;62;627473820;6894;192;7617;7695;10.28;0.63;237.58;8.13;723;62;2631.00;78
6896;62;627473832;6896;197;7617;7695;10.41;0.63;237.64;8.13;721;62;2632.00;78
6897;62;627473844;6897;198;7617;7695;10.54;0.64;237.63;8.13;720;62;2633.00;78
6900;62;627473856;6900;196;7620;7699;10.46;0.64;237.57;8.13;720;62;2634.00;79
6904;62;627473868;6904;197;7620;7699;10.38;0.63;237.53;8.13;716;62;2635.00;79
6906;62;627473881;6906;199;7623;7703;10.35;0.63;237.52;8.13;717;62;2636.00;80
6908;62;627473901;6908;201;7624;7704;10.35;0.63;237.51;8.13;716;62;2637.00;80
6911;62;627473916;6911;204;7625;7704;10.42;0.63;237.44;8.13;714;62;2638.00;79
6912;62;627473932;6912;202;7625;7704;10.37;0.63;237.41;8.13;713;62;2639.00;79
6915;62;627473960;6915;211;7646;7733;10.27;0.62;237.39;8.10;731;62;2640.00;87
6917;62;627473986;6917;203;7646;7733;10.30;0.63;237.38;8.10;729;62;2641.00;87
6918;62;627474001;6918;202;7649;7733;10.41;0.63;237.36;8.10;731;62;2642.00;84
6919;62;627474019;6919;203;7651;7734;10.47;0.64;237.35;8.10;732;62;2643.00;83
6921;62;627474032;6921;208;7651;7735;10.48;0.64;237.32;8.10;730;62;2644.00;84
6921;62;627474044;6921;213;7651;7735;10.52;0.64;237.32;8.10;730;62;2645.00;84
6925;62;627474055;6925;216;7654;7738;10.48;0.63;237.39;8.10;729;62;2646.00;84
6926;62;627474066;6926;219;7654;7738;10.40;0.63;237.38;8.10;728;62;2647.00;84
6930;62;627474077;6930;221;7654;7738;10.30;0.63;237.35;8.10;724;62;2648.00;84
6932;62;627474087;6932;226;7654;7738;10.30;0.63;237.33;8.10;722;62;2649.00;84
6935;62;627474098;6935;224;7658;7744;10.27;0.62;237.32;8.09;723;62;2650.00;86
6936;62;627474109;6936;212;7658;7744;10.23;0.62;237.33;8.09;722;62;2651.00;86
6938;62;627474120;6938;198;7659;7744;10.21;0.62;237.30;8.09;721;62;2652.00;85
6938;62;627474136;6938;187;7659;7744;10.24;0.62;237.30;8.09;721;62;2653.00;85
6940;62;627474154;6940;173;7663;7748;10.21;0.62;237.26;8.10;723;62;2654.00;85
6943;62;627474166;6943;164;7665;7750;10.25;0.62;237.31;8.10;722;62;2655.00;85
6945;62;627474177;6945;155;7666;7750;10.43;0.63;237.32;8.11;721;62;2656.00;84
6947;62;627474188;6947;155;7667;7751;10.54;0.64;237.30;8.11;720;62;2657.00;84
6950;62;627474204;6950;149;7667;7751;10.65;0.65;237.27;8.11;717;62;2658.00;84
6954;62;627474214;6954;138;7667;7751;10.79;0.66;237.21;8.11;713;62;2659.00;84
6958;62;627474225;6958;139;7667;7751;10.89;0.66;237.19;8.11;709;62;2660.00;84
6960;62;627474235;6960;136;7667;7751;11.05;0.67;237.17;8.11;707;62;2661.00;84
6962;62;627474246;6962;133;7667;7751;11.26;0.68;237.16;8.11;705;62;2662.00;84
6963;62;627474256;6963;129;7667;7751;11.39;0.69;237.16;8.11;704;62;2663.00;84
6964;62;627474267;6964;128;7706;7821;11.45;0.70;237.13;8.07;742;62;2664.00;115
6966;62;627474284;6966;121;7707;7822;11.49;0.70;237.07;8.07;741;62;2665.00;115
6967;62;627474295;6967;117;7713;7822;11.61;0.71;237.06;8.06;746;62;2666.00;109
6968;62;627474305;6968;121;7718;7822;11.69;0.71;237.03;8.06;750;62;2667.00;104
6970;62;627474317;6970;121;7722;7822;11.76;0.71;237.02;8.06;752;62;2668.00;100
6971;63;627474328;6971;123;7723;7822;11.82;0.72;237.03;8.06;752;63;2669.00;99
6974;63;627474353;6974;122;7726;7822;11.84;0.72;236.99;8.05;752;63;2670.00;96
6974;63;627474365;6974;123;7728;7822;11.84;0.72;236.99;8.05;754;63;2671.00;94
6977;63;627474389;6977;123;7729;7823;11.78;0.71;237.01;8.05;752;63;2672.00;94
6979;63;627474401;6979;127;7733;7824;11.83;0.72;236.98;8.05;754;63;2673.00;91
6982;63;627474413;6982;128;7734;7824;11.81;0.72;237.03;8.05;752;63;2674.00;90
6987;63;627474431;6987;131;7738;7828;11.66;0.71;236.96;8.05;751;63;2675.00;90
6990;63;627474454;6990;132;7739;7828;11.52;0.70;236.99;8.06;749;63;2676.00;89
6992;63;627474466;6992;133;7739;7828;11.40;0.69;237.04;8.06;747;63;2677.00;89
6995;63;627474479;6995;142;7739;7828;11.36;0.69;237.02;8.06;744;63;2678.00;89
6999;63;627474493;6999;145;7744;7834;11.32;0.69;237.04;8.07;745;63;2679.00;90
7000;63;627474505;7000;159;7746;7834;11.18;0.68;237.02;8.08;746;63;2680.00;88
7003;63;627474517;7003;162;7746;7834;11.14;0.68;237.11;8.08;743;63;2681.00;88
7005;63;627474528;7005;172;7749;7837;11.05;0.67;237.10;8.09;744;63;2682.00;88
7007;63;627474540;7007;184;7750;7837;11.00;0.67;237.09;8.10;743;63;2683.00;87
7010;63;627474551;7010;191;7751;7837;11.00;0.67;237.12;8.10;741;63;2684.00;86
7013;63;627474562;7013;198;7751;7838;10.85;0.66;237.09;8.10;738;63;2685.00;87
7017;63;627474573;7017;202;7754;7839;10.77;0.65;237.16;8.12;737;63;2686.00;85
7019;63;627474585;7019;201;7754;7839;10.70;0.65;237.13;8.12;735;63;2687.00;85
7022;63;627474597;7022;206;7767;7852;10.55;0.64;237.15;8.12;745;63;2688.00;85
7025;63;627474610;7025;210;7768;7852;10.42;0.63;237.12;8.13;743;63;2689.00;84
7025;63;627474621;7025;218;7769;7852;10.34;0.63;237.12;8.14;744;63;2690.00;83
7029;63;627474631;7029;223;7770;7853;10.26;0.62;237.18;8.14;741;63;2691.00;83
7029;63;627474643;7029;230;7772;7853;10.24;0.62;237.18;8.15;743;63;2692.00;81
7031;63;627474653;7031;238;7775;7857;10.24;0.62;237.16;8.15;744;63;2693.00;82
7036;63;627474666;7036;239;7777;7857;10.09;0.62;237.16;8.16;741;63;2694.00;80
7038;63;627474676;7038;240;7781;7861;9.94;0.61;237.16;8.16;743;63;2695.00;80
7041;63;627474687;7041;241;7783;7861;9.69;0.59;237.14;8.17;742;63;2696.00;78
7042;63;627474697;7042;245;7783;7861;9.53;0.58;237.13;8.17;741;63;2697.00;78
7044;63;627474707;7044;247;7784;7861;9.29;0.57;237.13;8.18;740;63;2698.00;77
7049;63;627474718;7049;245;7784;7861;9.09;0.55;237.10;8.18;735;63;2699.00;77
7053;63;627474730;7053;242;7808;7910;9.01;0.55;237.08;8.16;755;63;2700.00;102
7055;63;627474750;7055;241;7810;7910;8.96;0.55;237.06;8.16;755;63;2701.00;100
7060;63;627474760;7060;239;7813;7910;8.88;0.54;237.12;8.17;753;63;2702.00;97
7062;63;627474770;7062;238;7815;7910;8.85;0.54;237.11;8.17;753;63;2703.00;95
7067;63;627474785;7067;240;7820;7910;8.73;0.54;237.11;8.19;753;63;2704.00;90
7069;63;627474796;7069;241;7822;7910;8.72;0.54;237.09;8.19;753;63;2705.00;88
7073;63;627474806;7073;238;7824;7911;8.74;0.54;237.08;8.20;751;63;2706.00;87
7079;63;627474817;7079;240;7824;7911;8.67;0.53;237.03;8.20;745;63;2707.00;87
7084;63;627474827;7084;239;7829;7917;8.63;0.53;237.02;8.19;745;63;2708.00;88
7086;63;627474838;7086;242;7831;7918;8.65;0.53;237.06;8.20;745;63;2709.00;87
7088;63;627474848;7088;249;7832;7918;8.59;0.53;237.04;8.20;744;63;2710.00;86
7094;63;627474858;7094;253;7833;7918;8.48;0.52;237.09;8.20;739;63;2711.00;85
7095;63;627474868;7095;253;7839;7922;8.43;0.52;237.10;8.21;744;63;2712.00;83
7102;63;627474878;7102;256;7839;7922;8.30;0.51;237.17;8.21;737;63;2713.00;83
7107;63;627474892;7107;261;7840;7922;8.24;0.50;237.20;8.21;733;63;2714.00;82
7111;63;627474905;7111;266;7842;7923;8.18;0.50;237.21;8.21;731;63;2715.00;81
7116;63;627474915;7116;271;7846;7927;8.13;0.50;237.23;8.21;730;63;2716.00;81
7120;63;627474926;7120;270;7849;7927;7.95;0.49;237.30;8.22;729;63;2717.00;78
7124;63;627474943;7124;269;7851;7930;7.81;0.48;237.31;8.22;727;63;2718.00;79
7128;63;627474953;7128;272;7851;7930;7.63;0.47;237.27;8.22;723;63;2719.00;79
7132;63;627474962;7132;269;7853;7930;7.51;0.46;237.40;8.22;721;63;2720.00;77
7135;63;627474973;7135;261;7853;7930;7.47;0.46;237.45;8.22;718;63;2721.00;77
7137;63;627474983;7137;269;7859;7934;7.46;0.46;237.52;8.22;722;63;2722.00;75
7141;63;627474992;7141;265;7859;7934;7.50;0.46;237.58;8.22;718;63;2723.00;75
7145;63;627475001;7145;267;7859;7934;7.54;0.46;237.67;8.22;714;63;2724.00;75
7147;63;627475012;7147;265;7859;7934;7.61;0.46;237.69;8.22;712;63;2725.00;75
7150;63;627475021;7150;259;7861;7935;7.62;0.47;237.70;8.22;711;63;2726.00;74
7155;63;627475031;7155;246;7862;7936;7.68;0.47;237.73;8.22;707;63;2727.00;74
7158;63;627475042;7158;247;7863;7936;7.70;0.47;237.71;8.23;705;63;2728.00;73
7159;63;627475051;7159;240;7864;7937;7.81;0.48;237.69;8.22;705;63;2729.00;73
7163;63;627475062;7163;235;7864;7937;7.88;0.48;237.72;8.22;701;63;2730.00;73
7165;63;627475071;7165;231;7864;7937;7.94;0.49;237.77;8.22;699;63;2731.00;73
7169;63;627475080;7169;232;7865;7937;7.97;0.49;237.86;8.23;696;63;2732.00;72
7173;63;627475090;7173;228;7865;7937;8.04;0.49;237.87;8.23;692;63;2733.00;72
7178;63;627475100;7178;237;7868;7937;8.07;0.49;237.86;8.24;690;63;2734.00;69
7182;63;627475110;7182;233;7868;7937;8.14;0.50;237.85;8.24;686;63;2735.00;69
7184;63;627475118;7184;234;7939;8064;8.43;0.52;237.89;8.16;755;63;2736.00;125
7189;63;627475137;7189;222;7942;8065;8.45;0.53;237.91;8.16;753;63;2737.00;123
7192;63;627475147;7192;223;7948;8065;8.48;0.53;237.91;8.16;756;63;2738.00;117
7198;63;627475156;7198;229;7952;8065;8.50;0.53;238.07;8.16;754;63;2739.00;113
7202;63;627475166;7202;225;7959;8065;8.45;0.52;238.08;8.16;757;63;2740.00;106
7208;63;627475176;7208;229;7962;8065;8.41;0.52;238.05;8.16;754;63;2741.00;103
7213;63;627475186;7213;228;7966;8065;8.39;0.52;238.10;8.16;753;63;2742.00;99
7219;63;627475201;7219;235;7968;8065;8.36;0.52;238.11;8.16;749;63;2743.00;97
7222;63;627475211;7222;234;7971;8066;8.34;0.51;238.14;8.16;749;63;2744.00;95
7223;63;627475221;7223;234;7976;8068;8.40;0.52;238.13;8.16;753;63;2745.00;92
7227;63;627475231;7227;228;7979;8068;8.33;0.51;238.15;8.16;752;63;2746.00;89
7230;63;627475241;7230;230;7981;8069;8.33;0.51;238.19;8.16;751;63;2747.00;88
7235;63;627475251;7235;232;7982;8069;8.31;0.51;238.25;8.16;747;63;2748.00;87
7237;63;627475261;7237;229;7985;8069;8.35;0.52;238.27;8.16;748;63;2749.00;84
7241;63;627475271;7241;228;7987;8069;8.43;0.52;238.27;8.16;746;63;2750.00;82
7246;63;627475281;7246;227;7991;8073;8.42;0.52;238.31;8.16;745;63;2751.00;82
7249;63;627475291;7249;225;7993;8073;8.45;0.52;238.29;8.16;744;63;2752.00;80
7251;63;627475301;7251;232;7994;8073;8.41;0.52;238.34;8.16;743;63;2753.00;79
7258;63;627475311;7258;239;7997;8076;8.38;0.52;238.36;8.16;739;63;2754.00;79
7259;63;627475321;7259;242;7997;8076;8.34;0.51;238.39;8.16;738;63;2755.00;79
7263;63;627475332;7263;249;8001;8076;8.23;0.51;238.38;8.16;738;63;2756.00;75
7266;63;627475342;7266;253;8005;8080;8.27;0.51;238.43;8.16;739;63;2757.00;75
7269;63;627475352;7269;254;8006;8081;8.30;0.51;238.35;8.16;737;63;2758.00;75
7277;63;627475363;7277;262;8006;8081;8.24;0.51;238.35;8.16;729;63;2759.00;75
7282;63;627475375;7282;270;8010;8086;8.18;0.50;238.41;8.16;728;63;2760.00;76
7283;63;627475386;7283;271;8010;8086;8.15;0.50;238.40;8.16;727;63;2761.00;76
7286;63;627475401;7286;278;8010;8086;8.11;0.50;238.36;8.16;724;63;2762.00;76
7287;63;627475416;7287;281;8011;8087;8.02;0.49;238.39;8.15;724;63;2763.00;76
7291;63;627475432;7291;288;8012;8087;8.02;0.49;238.41;8.27;721;63;2764.00;75
7295;63;627475450;7295;289;8016;8093;7.90;0.48;238.45;8.27;721;63;2765.00;77
7299;63;627475464;7299;290;8017;8093;7.82;0.48;238.57;8.27;718;63;2766.00;76
7301;63;627475480;7301;283;8017;8094;7.76;0.48;238.62;8.27;716;63;2767.00;77
7302;63;627475494;7302;279;8017;8094;7.69;0.47;238.60;8.27;715;63;2768.00;77
7305;63;627475509;7305;271;8017;8094;7.66;0.47;238.60;8.27;712;63;2769.00;77
7306;63;627475521;7306;269;8017;8094;7.68;0.47;238.61;8.27;711;63;2770.00;77
7308;63;627475533;7308;268;8017;8094;7.71;0.47;238.68;8.27;709;63;2771.00;77
7309;63;627475544;7309;272;8027;8106;7.82;0.48;238.67;8.26;718;63;2772.00;79
7310;63;627475555;7310;271;8027;8106;7.90;0.48;238.65;8.26;717;63;2773.00;79
7312;63;627475566;7312;273;8028;8106;7.99;0.49;238.65;8.26;716;63;2774.00;78
7315;63;627475577;7315;276;8028;8106;8.06;0.49;238.60;8.26;713;63;2775.00;78
7316;63;627475588;7316;260;8028;8106;8.13;0.50;238.58;8.26;712;63;2776.00;78
7320;63;627475600;7320;250;8028;8106;8.13;0.49;238.55;8.26;708;63;2777.00;78
7320;63;627475612;7320;240;8031;8110;8.23;0.50;238.55;8.26;711;63;2778.00;79
7322;63;627475622;7322;231;8031;8110;8.34;0.51;238.52;8.26;709;63;2779.00;79
7323;63;627475633;7323;225;8034;8114;8.47;0.52;238.52;8.25;711;63;2780.00;80
7325;64;627475644;7325;221;8036;8115;8.53;0.52;238.49;8.25;711;64;2781.00;79
7327;64;627475669;7327;218;8036;8115;8.60;0.52;238.51;8.25;709;64;2782.00;79
7330;64;627475680;7330;215;8036;8115;8.65;0.53;238.46;8.25;706;64;2783.00;79
7332;64;627475692;7332;217;8047;8128;8.75;0.53;238.43;8.24;715;64;2784.00;81
7332;64;627475708;7332;217;8047;8128;8.84;0.54;238.43;8.24;715;64;2785.00;81
7333;64;627475719;7333;220;8047;8128;8.96;0.55;238.40;8.24;714;64;2786.00;81
7335;64;627475729;7335;222;8048;8129;9.03;0.55;238.39;8.24;713;64;2787.00;81
7338;64;627475740;7338;226;8048;8130;9.05;0.55;238.35;8.24;710;64;2788.00;82
7341;64;627475751;7341;221;8048;8130;9.04;0.55;238.34;8.24;707;64;2789.00;82
7344;64;627475763;7344;222;8051;8136;9.04;0.55;238.29;8.24;707;64;2790.00;85
7346;64;627475774;7346;218;8052;8136;9.13;0.56;238.29;8.24;706;64;2791.00;84
7349;64;627475785;7349;216;8052;8136;9.16;0.56;238.24;8.24;703;64;2792.00;84
7351;64;627475795;7351;213;8053;8136;9.18;0.56;238.24;8.23;702;64;2793.00;83
7355;64;627475807;7355;219;8056;8142;9.19;0.56;238.20;8.23;701;64;2794.00;86
7359;64;627475818;7359;220;8057;8142;9.16;0.56;238.12;8.23;698;64;2795.00;85
7361;64;627475828;7361;217;8057;8142;9.18;0.56;238.15;8.23;696;64;2796.00;85
7364;64;627475838;7364;221;8058;8142;9.28;0.56;238.11;8.23;694;64;2797.00;84
7366;64;627475854;7366;226;8061;8146;9.30;0.56;238.18;8.23;695;64;2798.00;85
7368;64;627475864;7368;227;8063;8147;9.33;0.57;238.23;8.23;695;64;2799.00;84
7369;64;627475881;7369;231;8063;8147;9.40;0.57;238.23;8.23;694;64;2800.00;84
7370;64;627475896;7370;233;8064;8148;9.44;0.57;238.20;8.23;694;64;2801.00;84
7370;64;627475906;7370;233;8064;8148;9.50;0.58;238.20;8.23;694;64;2802.00;84
7371;64;627475916;7371;217;8064;8148;9.58;0.58;238.21;8.23;693;64;2803.00;84
7372;64;627475926;7372;204;8064;8148;9.67;0.59;238.20;8.23;692;64;2804.00;84
7373;64;627475942;7373;193;8064;8148;9.82;0.60;238.19;8.23;691;64;2805.00;84
7375;64;627475952;7375;188;8065;8148;9.89;0.60;238.17;8.35;690;64;2806.00;83
7377;64;627475962;7377;179;8065;8148;9.95;0.60;238.17;8.35;688;64;2807.00;83
7377;64;627475978;7377;187;8106;8218;9.90;0.60;238.17;8.31;729;64;2808.00;112
7378;64;627475993;7378;174;8107;8219;10.06;0.61;238.16;8.31;729;64;2809.00;112
7378;64;627476004;7378;164;8112;8219;10.24;0.62;238.16;8.30;734;64;2810.00;107
7380;64;627476013;7380;156;8113;8219;10.36;0.63;238.14;8.30;733;64;2811.00;106
7381;64;627476023;7381;153;8118;8219;10.49;0.64;238.12;8.30;737;64;2812.00;101
7385;64;627476039;7385;146;8120;8219;10.59;0.64;238.09;8.30;735;64;2813.00;99
7388;64;627476049;7388;148;8122;8219;10.73;0.65;238.07;8.30;734;64;2814.00;97
7388;64;627476058;7388;152;8125;8219;10.86;0.66;238.07;8.30;737;64;2815.00;94
7388;64;627476069;7388;150;8126;8220;11.01;0.67;238.07;8.30;738;64;2816.00;94
7392;64;627476078;7392;150;8130;8221;11.15;0.68;238.06;8.30;738;64;2817.00;91
7394;64;627476088;7394;149;8133;8221;11.17;0.68;238.06;8.30;739;64;2818.00;88
7396;64;627476098;7396;151;8136;8225;11.12;0.68;238.05;8.29;740;64;2819.00;89
7399;64;627476111;7399;148;8136;8225;11.12;0.68;238.05;8.29;737;64;2820.00;89
7401;64;627476121;7401;145;8136;8225;11.12;0.68;238.04;8.29;735;64;2821.00;89
7403;64;627476131;7403;139;8137;8225;11.08;0.67;238.00;8.42;734;64;2822.00;88
7408;64;627476148;7408;132;8140;8231;11.07;0.67;237.98;8.42;732;64;2823.00;91
7410;64;627476160;7410;129;8141;8231;11.11;0.68;238.02;8.41;731;64;2824.00;90
7414;64;627476171;7414;128;8143;8231;11.06;0.67;238.00;8.43;729;64;2825.00;88
7417;64;627476184;7417;127;8145;8234;11.09;0.67;238.01;8.43;728;64;2826.00;89
7418;64;627476200;7418;133;8145;8234;11.19;0.68;238.06;8.43;727;64;2827.00;89
7419;64;627476210;7419;132;8146;8234;11.16;0.68;238.04;8.43;727;64;2828.00;88
7423;64;627476221;7423;123;8146;8235;11.18;0.68;237.98;8.43;723;64;2829.00;89
7425;64;627476231;7425;122;8147;8236;11.28;0.69;237.99;8.43;722;64;2830.00;89
7427;64;627476241;7427;128;8147;8236;11.41;0.69;237.99;8.43;720;64;2831.00;89
7429;64;627476252;7429;124;8157;8249;11.39;0.69;238.03;8.42;728;64;2832.00;92
7431;64;627476263;7431;121;8158;8249;11.38;0.69;238.03;8.55;727;64;2833.00;91
7433;64;627476275;7433;121;8158;8249;11.47;0.70;238.14;8.55;725;64;2834.00;91
7441;64;627476285;7441;124;8160;8251;11.43;0.69;238.16;8.55;719;64;2835.00;91
7444;64;627476296;7444;126;8160;8251;11.46;0.69;238.17;8.55;716;64;2836.00;91
7449;64;627476307;7449;125;8163;8255;11.50;0.69;238.19;8.54;714;64;2837.00;92
7451;64;627476318;7451;129;8165;8255;11.54;0.70;238.21;8.54;714;64;2838.00;90
7453;64;627476328;7453;130;8168;8259;11.54;0.70;238.26;8.54;715;64;2839.00;91
7455;64;627476339;7455;125;8169;8259;11.64;0.70;238.30;8.54;714;64;2840.00;90
7458;64;627476349;7458;129;8169;8259;11.76;0.71;238.30;8.54;711;64;2841.00;90
7460;64;627476360;7460;134;8169;8259;11.78;0.71;238.32;8.54;709;64;2842.00;90
7462;64;627476371;7462;135;8169;8259;11.77;0.71;238.32;8.54;707;64;2843.00;90
7463;64;627476381;7463;137;8179;8271;11.72;0.71;238.32;8.53;716;64;2844.00;92
7465;64;627476392;7465;143;8180;8271;11.69;0.71;238.36;8.53;715;64;2845.00;91
7467;64;627476409;7467;142;8180;8271;11.61;0.70;238.40;8.53;713;64;2846.00;91
7469;64;627476419;7469;146;8180;8271;11.51;0.70;238.37;8.53;711;64;2847.00;91
7472;64;627476431;7472;150;8180;8271;11.43;0.69;238.40;8.53;708;64;2848.00;91
7476;64;627476443;7476;154;8181;8271;11.33;0.69;238.43;8.54;705;64;2849.00;90
7478;64;627476455;7478;158;8184;8274;11.22;0.68;238.50;8.55;706;64;2850.00;90
7480;64;627476467;7480;160;8184;8274;11.19;0.68;238.50;8.55;704;64;2851.00;90
7482;64;627476477;7482;166;8189;8280;11.20;0.68;238.47;8.56;707;64;2852.00;91
7484;64;627476493;7484;168;8192;8281;11.11;0.67;238.53;8.57;708;64;2853.00;89
7487;64;627476504;7487;171;8192;8281;11.05;0.67;238.51;8.57;705;64;2854.00;89
7489;64;627476514;7489;174;8194;8281;10.92;0.66;238.48;8.59;705;64;2855.00;87
7491;64;627476524;7491;187;8197;8285;10.86;0.66;238.45;8.59;706;64;2856.00;88
7492;64;627476534;7492;190;8198;8285;10.86;0.66;238.45;8.59;706;64;2857.00;87
7493;64;627476544;7493;195;8199;8285;10.82;0.66;238.46;8.61;706;64;2858.00;86
7495;64;627476553;7495;201;8201;8286;10.76;0.65;238.44;8.61;706;64;2859.00;85
7497;64;627476564;7497;200;8204;8290;10.67;0.65;238.42;8.61;707;64;2860.00;86
7499;64;627476574;7499;202;8205;8290;10.58;0.64;238.41;8.62;706;64;2861.00;85
7500;64;627476584;7500;200;8208;8293;10.51;0.64;238.41;8.62;708;64;2862.00;85
7504;64;627476594;7504;198;8209;8293;10.35;0.63;238.50;8.62;705;64;2863.00;84
7504;64;627476605;7504;202;8213;8295;10.29;0.63;238.50;8.64;709;64;2864.00;82
7507;64;627476614;7507;200;8213;8295;10.17;0.62;238.52;8.64;706;64;2865.00;82
7509;64;627476624;7509;209;8216;8299;10.22;0.63;238.51;8.64;707;64;2866.00;83
7511;64;627476633;7511;209;8219;8299;10.17;0.62;238.50;8.66;708;64;2867.00;80
7514;64;627476643;7514;210;8219;8299;10.17;0.62;238.53;8.66;705;64;2868.00;80
7518;64;627476653;7518;207;8219;8299;10.05;0.61;238.57;8.66;701;64;2869.00;80
7521;64;627476663;7521;203;8221;8300;9.91;0.60;238.54;8.68;700;64;2870.00;79
7528;64;627476672;7528;202;8223;8301;9.77;0.59;238.53;8.68;695;64;2871.00;78
7531;64;627476682;7531;206;8224;8301;9.68;0.59;238.51;8.69;693;64;2872.00;77
7533;64;627476692;7533;202;8225;8302;9.68;0.59;238.50;8.69;692;64;2873.00;77
7536;64;627476702;7536;199;8227;8302;9.53;0.58;238.48;8.70;691;64;2874.00;75
7538;64;627476711;7538;201;8227;8302;9.43;0.57;238.48;8.70;689;64;2875.00;75
7543;64;627476720;7543;203;8229;8302;9.30;0.57;238.56;8.71;686;64;2876.00;73
7544;64;627476729;7544;203;8229;8302;9.17;0.56;238.56;8.71;685;64;2877.00;73
7545;64;627476738;7545;206;8229;8302;9.09;0.55;238.55;8.71;684;64;2878.00;73
7547;64;627476747;7547;209;8231;8302;9.03;0.55;238.58;8.72;684;64;2879.00;71
7551;64;627476757;7551;254;8335;8532;8.91;0.56;238.63;8.62;784;64;2880.00;197
7553;64;627476784;7553;250;8340;8533;8.86;0.55;238.60;8.62;787;64;2881.00;193
7559;64;627476794;7559;241;8348;8533;8.87;0.55;238.64;8.61;789;64;2882.00;185
7562;64;627476804;7562;243;8356;8533;8.78;0.55;238.66;8.61;794;64;2883.00;177
7564;64;627476814;7564;237;8361;8533;8.84;0.55;238.67;8.61;797;64;2884.00;172
7569;64;627476824;7569;234;8369;8533;8.77;0.55;238.72;8.61;800;64;2885.00;164
7571;64;627476833;7571;232;8374;8533;8.69;0.54;238.77;8.61;803;64;2886.00;159
7575;64;627476845;7575;239;8377;8533;8.64;0.54;238.83;8.61;802;64;2887.00;156
7583;64;627476854;7583;243;8385;8534;8.50;0.53;238.84;8.61;802;64;2888.00;149
7585;64;627476871;7585;245;8389;8535;8.45;0.53;238.85;8.61;804;64;2889.00;146
7591;64;627476881;7591;237;8394;8535;8.34;0.52;238.88;8.61;803;64;2890.00;141
7595;64;627476891;7595;236;8400;8536;8.28;0.52;238.87;8.61;805;64;2891.00;136
7597;64;627476902;7597;239;8404;8536;8.21;0.51;238.88;8.62;807;64;2892.00;132
7602;64;627476912;7602;241;8409;8536;8.07;0.50;238.93;8.62;807;64;2893.00;127
7603;64;627476922;7603;247;8412;8536;7.97;0.50;238.96;8.62;809;64;2894.00;124
7608;64;627476938;7608;253;8416;8540;7.83;0.49;239.11;8.62;808;64;2895.00;124
7612;64;627476948;7612;257;8422;8540;7.74;0.48;239.18;8.62;810;64;2896.00;118
7617;64;627476958;7617;249;8425;8540;7.60;0.47;239.20;8.63;808;64;2897.00;115
7622;64;627476969;7622;247;8429;8543;7.66;0.47;239.30;8.63;807;64;2898.00;114
7629;64;627476979;7629;252;8430;8543;7.70;0.47;239.27;8.63;801;64;2899.00;113
7633;64;627476990;7633;245;8433;8543;7.73;0.47;239.33;8.63;800;64;2900.00;110
7638;64;627477010;7638;244;8439;8547;7.79;0.48;239.44;8.76;801;64;2901.00;108
7643;64;627477023;7643;245;8443;8548;7.77;0.48;239.48;8.77;800;64;2902.00;105
7646;64;627477034;7646;250;8445;8548;7.78;0.48;239.45;8.77;799;64;2903.00;103
7651;64;627477044;7651;252;8450;8552;7.81;0.48;239.50;8.77;799;64;2904.00;102
7653;64;627477055;7653;255;8452;8552;7.80;0.48;239.51;8.77;799;64;2905.00;100
7657;64;627477065;7657;255;8453;8552;7.82;0.48;239.52;8.77;796;64;2906.00;99
7663;64;627477075;7663;258;8456;8553;7.78;0.48;239.52;8.78;793;64;2907.00;97
7664;64;627477085;7664;254;8458;8553;7.79;0.48;239.54;8.78;794;64;2908.00;95
7669;64;627477096;7669;261;8463;8559;7.75;0.48;239.58;8.78;794;64;2909.00;96
7674;64;627477113;7674;260;8466;8559;7.67;0.47;239.57;8.79;792;64;2910.00;93
7678;64;627477124;7678;270;8468;8560;7.62;0.47;239.58;8.79;790;64;2911.00;92
7681;64;627477134;7681;275;8471;8560;7.58;0.47;239.57;8.79;790;64;2912.00;89
7684;64;627477147;7684;279;8472;8560;7.52;0.46;239.58;8.80;788;64;2913.00;88
7688;64;627477162;7688;286;8473;8560;7.48;0.46;239.55;8.80;785;64;2914.00;87
7690;64;627477182;7690;290;8473;8560;7.46;0.46;239.57;8.80;783;64;2915.00;87
7696;64;627477200;7696;299;8483;8572;7.47;0.46;239.63;8.79;787;64;2916.00;89
7701;64;627477218;7701;302;8484;8572;7.45;0.46;239.60;8.79;783;64;2917.00;88
7709;64;627477233;7709;306;8486;8572;7.41;0.45;239.62;8.92;777;64;2918.00;86
7711;64;627477249;7711;309;8486;8572;7.37;0.45;239.61;8.92;775;64;2919.00;86
7712;64;627477264;7712;308;8487;8572;7.33;0.45;239.62;8.92;775;64;2920.00;85
7717;64;627477277;7717;314;8487;8572;7.31;0.45;239.64;8.92;770;64;2921.00;85
7720;64;627477288;7720;314;8490;8576;7.35;0.45;239.64;8.92;770;64;2922.00;86
7722;64;627477299;7722;322;8490;8576;7.31;0.45;239.64;8.92;768;64;2923.00;86
7725;64;627477309;7725;325;8493;8580;7.32;0.45;239.63;8.92;768;64;2924.00;87
7727;64;627477324;7727;327;8496;8582;7.38;0.45;239.64;8.91;769;64;2925.00;86
7728;64;627477342;7728;333;8496;8582;7.42;0.45;239.66;8.91;768;64;2926.00;86
7733;64;627477354;7733;335;8496;8582;7.39;0.45;239.69;8.91;763;64;2927.00;86
7735;64;627477365;7735;335;8505;8595;7.57;0.46;239.72;8.90;770;64;2928.00;90
7738;64;627477376;7738;340;8505;8595;7.54;0.46;239.65;8.90;767;64;2929.00;90
7738;64;627477387;7738;349;8506;8595;7.51;0.46;239.65;8.90;768;64;2930.00;89
7742;64;627477396;7742;351;8507;8596;7.44;0.45;239.63;8.90;765;64;2931.00;89
7744;64;627477408;7744;357;8507;8597;7.39;0.45;239.61;8.90;763;64;2932.00;90
7747;64;627477418;7747;362;8507;8597;7.32;0.45;239.57;8.90;760;64;2933.00;90
7750;64;627477428;7750;366;8509;8600;7.32;0.45;239.53;8.90;759;64;2934.00;91
7751;64;627477438;7751;368;8509;8600;7.31;0.45;239.51;8.90;758;64;2935.00;91
7752;64;627477450;7752;375;8510;8600;7.24;0.44;239.50;8.90;758;64;2936.00;90
7756;64;627477465;7756;363;8510;8600;7.12;0.44;239.53;8.90;754;64;2937.00;90
7757;64;627477486;7757;358;8514;8606;7.13;0.44;239.50;8.90;757;64;2938.00;92
7761;64;627477503;7761;356;8514;8606;7.03;0.43;239.52;8.90;753;64;2939.00;92
7765;64;627477522;7765;360;8515;8606;6.99;0.43;239.47;8.90;750;64;2940.00;91
7767;64;627477536;7767;359;8515;8606;6.98;0.43;239.43;8.90;748;64;2941.00;91
7770;64;627477552;7770;360;8518;8610;7.01;0.43;239.44;8.89;748;64;2942.00;92
7771;64;627477568;7771;359;8519;8611;7.02;0.43;239.41;8.89;748;64;2943.00;92
7774;64;627477579;7774;361;8519;8611;6.94;0.42;239.39;8.89;745;64;2944.00;92
7778;64;627477590;7778;365;8520;8612;6.91;0.42;239.39;8.89;742;64;2945.00;92
7779;64;627477601;7779;356;8520;8612;6.94;0.42;239.38;8.89;741;64;2946.00;92
7781;64;627477612;7781;341;8520;8612;7.00;0.43;239.36;8.89;739;64;2947.00;92
7783;64;627477623;7783;325;8520;8612;7.12;0.43;239.37;8.89;737;64;2948.00;92
7786;64;627477641;7786;317;8520;8612;7.20;0.44;239.32;8.89;734;64;2949.00;92
7788;64;627477658;7788;307;8520;8612;7.33;0.45;239.36;8.89;732;64;2950.00;92
7788;64;627477669;7788;296;8520;8612;7.43;0.45;239.36;8.89;732;64;2951.00;92
7790;64;627477680;7790;298;8553;8682;7.73;0.47;239.36;8.86;763;64;2952.00;129
7792;64;627477696;7792;288;8554;8683;7.80;0.48;239.37;8.86;762;64;2953.00;129
7792;64;627477708;7792;281;8562;8683;7.97;0.49;239.37;8.85;770;64;2954.00;121
7794;64;627477719;7794;261;8564;8683;8.10;0.49;239.35;8.85;770;64;2955.00;119
7795;64;627477730;7795;253;8568;8683;8.24;0.50;239.35;8.85;773;64;2956.00;115
7797;64;627477742;7797;245;8570;8683;8.38;0.51;239.32;8.84;773;64;2957.00;113
7798;64;627477753;7798;236;8574;8683;8.51;0.52;239.31;8.84;776;64;2958.00;109
7799;64;627477765;7799;229;8575;8683;8.65;0.53;239.30;8.84;776;64;2959.00;108
7800;64;627477776;7800;224;8578;8684;8.75;0.53;239.29;8.84;778;64;2960.00;106
7801;64;627477789;7801;215;8581;8685;8.89;0.54;239.28;8.84;780;64;2961.00;104
7802;64;627477800;7802;204;8582;8685;9.06;0.55;239.28;8.84;780;64;2962.00;103
7803;64;627477812;7803;207;8585;8689;9.18;0.56;239.26;8.84;782;64;2963.00;104
7805;64;627477831;7805;204;8585;8689;9.34;0.57;239.22;8.84;780;64;2964.00;104
7806;64;627477843;7806;195;8585;8689;9.48;0.58;239.20;8.84;779;64;2965.00;104
7806;65;627477855;7806;188;8585;8689;9.61;0.58;239.20;8.84;779;65;2966.00;104
7807;65;627477887;7807;188;8588;8695;9.69;0.59;239.20;8.84;781;65;2967.00;107
7809;65;627477899;7809;184;8588;8695;9.81;0.60;239.27;8.84;779;65;2968.00;107
7810;65;627477919;7810;176;8589;8695;9.90;0.60;239.26;8.84;779;65;2969.00;106
7811;65;627477940;7811;179;8592;8701;9.95;0.61;239.26;8.83;781;65;2970.00;109
7813;65;627477959;7813;175;8593;8701;10.02;0.61;239.25;8.83;780;65;2971.00;108
7814;65;627477972;7814;175;8593;8701;10.07;0.61;239.26;8.83;779;65;2972.00;108
7814;65;627477983;7814;172;8594;8702;10.17;0.62;239.26;8.83;780;65;2973.00;108
7817;65;627477994;7817;168;8595;8703;10.30;0.62;239.19;8.83;778;65;2974.00;108
7817;65;627478015;7817;168;8596;8703;10.46;0.63;239.19;8.83;779;65;2975.00;107
7821;65;627478026;7821;165;8604;8716;10.55;0.64;239.18;8.82;783;65;2976.00;112
7824;65;627478038;7824;165;8605;8716;10.67;0.65;239.23;8.82;781;65;2977.00;111
7826;65;627478050;7826;165;8606;8716;10.76;0.65;239.21;8.96;780;65;2978.00;110
7829;65;627478063;7829;164;8607;8717;10.81;0.65;239.25;8.95;778;65;2979.00;110
7830;65;627478075;7830;158;8607;8717;10.94;0.66;239.27;8.95;777;65;2980.00;110
7832;65;627478086;7832;161;8609;8721;11.02;0.67;239.25;8.95;777;65;2981.00;112
7835;65;627478099;7835;159;8609;8721;11.06;0.67;239.27;8.95;774;65;2982.00;112
7837;65;627478110;7837;166;8613;8725;11.10;0.67;239.35;8.95;776;65;2983.00;112
7840;65;627478121;7840;164;8613;8725;11.12;0.68;239.36;8.95;773;65;2984.00;112
7843;65;627478133;7843;164;8613;8725;11.15;0.68;239.38;8.95;770;65;2985.00;112
7848;65;627478146;7848;161;8613;8725;11.12;0.68;239.41;8.95;765;65;2986.00;112
7849;65;627478158;7849;159;8613;8725;11.16;0.68;239.43;8.95;764;65;2987.00;112
7853;65;627478169;7853;162;8623;8737;11.12;0.68;239.42;8.94;770;65;2988.00;114
7856;65;627478181;7856;165;8624;8737;11.07;0.67;239.47;8.94;768;65;2989.00;113
7857;65;627478192;7857;166;8625;8737;11.16;0.68;239.48;8.94;768;65;2990.00;112
7863;65;627478202;7863;162;8625;8737;11.16;0.68;239.63;8.94;762;65;2991.00;112
7867;65;627478213;7867;164;8625;8737;11.17;0.68;239.68;8.94;758;65;2992.00;112
7872;65;627478224;7872;154;8625;8737;11.16;0.68;239.62;8.94;753;65;2993.00;112
7880;65;627478235;7880;150;8628;8738;11.14;0.67;239.64;9.09;748;65;2994.00;110
7882;65;627478246;7882;143;8629;8738;11.11;0.67;239.60;9.10;747;65;2995.00;109
7885;65;627478257;7885;142;8633;8744;11.15;0.68;239.56;9.11;748;65;2996.00;111
7886;65;627478268;7886;143;8635;8745;11.18;0.68;239.55;9.10;749;65;2997.00;110
7890;65;627478278;7890;142;8635;8745;11.11;0.67;239.60;9.10;745;65;2998.00;110
7892;65;627478289;7892;141;8635;8745;11.06;0.67;239.58;9.10;743;65;2999.00;110
7894;65;627478302;7894;141;8640;8765;11.12;0.68;239.57;9.10;746;65;3000.00;125
7898;65;627478318;7898;131;8640;8765;11.23;0.68;239.58;9.10;742;65;3001.00;125
7900;65;627478334;7900;126;8640;8765;11.27;0.69;239.64;9.10;740;65;3002.00;125
7901;65;627478345;7901;121;8641;8766;11.41;0.69;239.61;9.10;740;65;3003.00;125
7906;65;627478355;7906;121;8644;8770;11.45;0.70;239.62;9.09;738;65;3004.00;126
7909;65;627478367;7909;121;8644;8770;11.54;0.70;239.65;9.09;735;65;3005.00;126
7914;65;627478378;7914;122;8649;8773;11.65;0.71;239.67;9.23;735;65;3006.00;124
7916;65;627478389;7916;116;8650;8773;11.75;0.71;239.66;9.24;734;65;3007.00;123
7920;65;627478400;7920;116;8651;8773;11.86;0.72;239.68;9.24;731;65;3008.00;122
7925;65;627478411;7925;117;8653;8773;11.94;0.72;239.71;9.25;728;65;3009.00;120
7926;65;627478422;7926;115;8655;8777;12.02;0.73;239.71;9.26;729;65;3010.00;122
7929;65;627478433;7929;117;8655;8777;12.04;0.73;239.69;9.26;726;65;3011.00;122
7933;65;627478444;7933;122;8660;8777;11.95;0.73;239.74;9.26;727;65;3012.00;117
7934;65;627478455;7934;121;8661;8777;11.97;0.73;239.76;9.27;727;65;3013.00;116
7939;65;627478471;7939;123;8663;8778;11.91;0.72;239.75;9.27;724;65;3014.00;115
7943;65;627478483;7943;123;8667;8780;11.82;0.72;239.83;9.27;724;65;3015.00;113
7944;65;627478498;7944;123;8667;8780;11.75;0.72;239.83;9.27;723;65;3016.00;113
7947;65;627478509;7947;131;8669;8781;11.70;0.71;239.80;9.27;722;65;3017.00;112
7948;65;627478525;7948;131;8671;8781;11.63;0.71;239.79;9.27;723;65;3018.00;110
7954;65;627478535;7954;133;8671;8781;11.64;0.71;239.85;9.27;717;65;3019.00;110
7954;65;627478546;7954;141;8673;8781;11.65;0.71;239.85;9.29;719;65;3020.00;108
7958;65;627478556;7958;146;8673;8781;11.69;0.71;239.83;9.29;715;65;3021.00;108
7964;66;627478567;7964;153;8677;8781;11.58;0.71;239.79;9.32;713;66;3022.00;104
7967;66;627478589;7967;152;8677;8781;11.61;0.71;239.77;9.32;710;66;3023.00;104
7970;66;627478600;7970;174;8739;8908;11.26;0.69;239.77;9.26;769;66;3024.00;169
7973;66;627478628;7973;172;8741;8909;11.25;0.69;239.76;9.27;768;66;3025.00;168
7978;66;627478641;7978;171;8749;8909;11.22;0.69;239.75;9.28;771;66;3026.00;160
7981;66;627478652;7981;174;8755;8909;11.18;0.69;239.75;9.28;774;66;3027.00;154
7984;66;627478664;7984;177;8765;8909;11.14;0.68;239.71;9.30;781;66;3028.00;144
7988;66;627478676;7988;183;8768;8909;11.11;0.68;239.75;9.30;780;66;3029.00;141
7990;66;627478689;7990;189;8774;8909;11.04;0.68;239.75;9.31;784;66;3030.00;135
7992;66;627478701;7992;199;8777;8909;10.98;0.67;239.74;9.32;785;66;3031.00;132
7993;66;627478713;7993;209;8783;8910;10.87;0.67;239.71;9.33;790;66;3032.00;127
7993;66;627478729;7993;215;8788;8911;10.78;0.66;239.71;9.33;795;66;3033.00;123
7993;66;627478740;7993;217;8792;8911;10.74;0.66;239.71;9.34;799;66;3034.00;119
7994;66;627478751;7994;223;8798;8912;10.59;0.65;239.69;9.36;804;66;3035.00;114
7998;66;627478763;7998;226;8801;8912;10.42;0.64;239.67;9.36;803;66;3036.00;111
8001;66;627478778;8001;235;8802;8912;10.23;0.63;239.63;9.36;801;66;3037.00;110
8002;66;627478790;8002;241;8807;8912;10.11;0.63;239.62;9.38;805;66;3038.00;105
8007;66;627478803;8007;241;8812;8916;9.97;0.61;239.67;9.38;805;66;3039.00;104
8009;66;627478816;8009;246;8816;8916;9.82;0.61;239.66;9.39;807;66;3040.00;100
8013;66;627478828;8013;253;8816;8916;9.63;0.59;239.63;9.39;803;66;3041.00;100
8016;66;627478841;8016;257;8819;8919;9.50;0.58;239.62;9.38;803;66;3042.00;100
8023;66;627478854;8023;257;8822;8919;9.29;0.57;239.59;9.40;799;66;3043.00;97
8026;66;627478867;8026;257;8823;8919;9.15;0.56;239.57;9.39;797;66;3044.00;96
8028;66;627478880;8028;263;8828;8923;9.01;0.55;239.56;9.40;800;66;3045.00;95
8034;66;627478904;8034;263;8829;8924;8.91;0.55;239.63;9.40;795;66;3046.00;95
8037;66;627478916;8037;267;8829;8924;8.78;0.54;239.67;9.40;792;66;3047.00;95
8042;66;627478928;8042;270;8834;8928;8.73;0.53;239.61;9.41;792;66;3048.00;94
8044;66;627478940;8044;275;8834;8928;8.65;0.53;239.59;9.41;790;66;3049.00;94
8046;66;627478954;8046;273;8834;8928;8.60;0.52;239.57;9.41;788;66;3050.00;94
8048;66;627478965;8048;274;8835;8929;8.49;0.52;239.55;9.40;787;66;3051.00;94
8051;66;627478975;8051;280;8837;8929;8.34;0.51;239.57;9.41;786;66;3052.00;92
8053;66;627478985;8053;278;8842;8935;8.31;0.51;239.58;9.41;789;66;3053.00;93
8059;66;627478996;8059;283;8845;8935;8.11;0.50;239.60;9.42;786;66;3054.00;90
8066;66;627479006;8066;285;8846;8936;7.98;0.49;239.59;9.42;780;66;3055.00;90
8070;66;627479018;8070;288;8848;8936;7.80;0.48;239.65;9.42;778;66;3056.00;88
8072;66;627479028;8072;294;8848;8936;7.68;0.47;239.65;9.42;776;66;3057.00;88
8078;66;627479038;8078;299;8849;8936;7.50;0.46;239.70;9.43;771;66;3058.00;87
8081;66;627479047;8081;312;8851;8936;7.32;0.45;239.77;9.43;770;66;3059.00;85
8084;66;627479058;8084;311;8874;8972;7.25;0.45;239.78;9.41;790;66;3060.00;98
8089;66;627479070;8089;304;8875;8972;7.07;0.44;239.86;9.41;786;66;3061.00;97
8090;66;627479080;8090;303;8879;8972;7.07;0.44;239.88;9.41;789;66;3062.00;93
8094;66;627479088;8094;299;8881;8972;6.95;0.43;239.94;9.41;787;66;3063.00;91
8098;66;627479098;8098;302;8882;8972;6.92;0.43;240.01;9.40;784;66;3064.00;90
8101;66;627479107;8101;298;8884;8972;6.89;0.43;239.97;9.41;783;66;3065.00;88
8104;66;627479116;8104;303;8887;8976;6.88;0.43;239.94;9.40;783;66;3066.00;89
8104;66;627479125;8104;301;8888;8976;6.89;0.43;239.94;9.40;784;66;3067.00;88
8107;66;627479134;8107;295;8891;8980;6.99;0.43;239.97;9.40;784;66;3068.00;89
8112;66;627479144;8112;298;8893;8981;7.04;0.43;240.13;9.40;781;66;3069.00;88
8115;66;627479154;8115;299;8894;8981;6.99;0.43;240.13;9.40;779;66;3070.00;87
8118;66;627479168;8118;295;8895;8981;6.97;0.43;240.14;9.40;777;66;3071.00;86
8120;66;627479178;8120;293;8906;8994;7.06;0.43;240.18;9.39;786;66;3072.00;88
8123;66;627479188;8123;298;8906;8994;7.03;0.43;240.22;9.39;783;66;3073.00;88
8126;66;627479197;8126;288;8906;8994;7.05;0.43;240.24;9.39;780;66;3074.00;88
8130;66;627479206;8130;290;8907;8995;7.07;0.43;240.23;9.39;777;66;3075.00;88
8133;66;627479215;8133;291;8907;8996;7.08;0.44;240.22;9.39;774;66;3076.00;89
8136;66;627479224;8136;284;8907;8996;7.06;0.43;240.21;9.39;771;66;3077.00;89
8140;66;627479234;8140;287;8909;8999;7.09;0.44;240.22;9.39;769;66;3078.00;90
8145;66;627479244;8145;284;8909;8999;7.08;0.43;240.25;9.39;764;66;3079.00;90
8148;66;627479253;8148;281;8910;8999;7.09;0.43;240.29;9.39;762;66;3080.00;89
8154;66;627479262;8154;281;8910;8999;7.02;0.43;240.24;9.39;756;66;3081.00;89
8156;66;627479271;8156;293;8914;9005;6.99;0.43;240.23;9.38;758;66;3082.00;91
8160;66;627479281;8160;296;8914;9005;6.83;0.42;240.23;9.38;754;66;3083.00;91
8164;66;627479295;8164;297;8915;9005;6.84;0.42;240.18;9.38;751;66;3084.00;90
8168;66;627479304;8168;297;8915;9005;6.76;0.41;240.16;9.38;747;66;3085.00;90
8174;66;627479313;8174;301;8918;9009;6.75;0.41;240.27;9.38;744;66;3086.00;91
8175;66;627479323;8175;298;8919;9010;6.73;0.41;240.27;9.38;744;66;3087.00;91
8178;66;627479332;8178;294;8919;9010;6.70;0.41;240.26;9.38;741;66;3088.00;91
8180;66;627479341;8180;295;8920;9011;6.68;0.41;240.24;9.38;740;66;3089.00;91
8184;66;627479351;8184;300;8920;9011;6.57;0.40;240.19;9.38;736;66;3090.00;91
8187;66;627479360;8187;308;8921;9011;6.54;0.40;240.13;9.51;734;66;3091.00;90
8191;66;627479370;8191;310;8921;9011;6.54;0.40;240.14;9.51;730;66;3092.00;90
8195;66;627479379;8195;314;8921;9011;6.49;0.40;240.16;9.51;726;66;3093.00;90
8196;66;627479388;8196;311;8921;9011;6.52;0.40;240.18;9.51;725;66;3094.00;90
8199;66;627479396;8199;312;8921;9011;6.61;0.40;240.14;9.51;722;66;3095.00;90
8203;66;627479405;8203;325;8959;9081;6.89;0.42;240.17;9.47;756;66;3096.00;122
8204;66;627479420;8204;321;8960;9082;6.92;0.42;240.19;9.47;756;66;3097.00;122
8209;66;627479429;8209;325;8966;9082;6.96;0.43;240.16;9.47;757;66;3098.00;116
8211;66;627479438;8211;328;8968;9082;6.98;0.43;240.19;9.46;757;66;3099.00;114
8214;66;627479449;8214;334;8972;9082;7.04;0.43;240.11;9.46;758;66;3100.00;110
8215;66;627479474;8215;339;8974;9082;7.07;0.43;240.13;9.46;759;66;3101.00;108
8216;66;627479490;8216;348;8976;9082;7.05;0.43;240.11;9.46;760;66;3102.00;106
8218;66;627479506;8218;357;8980;9082;6.97;0.43;240.11;9.46;762;66;3103.00;102
8220;66;627479521;8220;366;8981;9083;6.84;0.42;240.07;9.46;761;66;3104.00;102
8220;66;627479536;8220;374;8986;9085;6.78;0.41;240.07;9.46;766;66;3105.00;99
8221;66;627479553;8221;381;8990;9085;6.67;0.41;240.10;9.46;769;66;3106.00;95
8222;66;627479567;8222;360;8994;9089;6.66;0.41;240.09;9.59;772;66;3107.00;95
8223;66;627479579;8223;342;8994;9089;6.69;0.41;240.10;9.59;771;66;3108.00;95
8224;66;627479590;8224;330;8994;9089;6.74;0.41;240.09;9.59;770;66;3109.00;95
8226;66;627479602;8226;318;8994;9089;6.87;0.42;240.17;9.59;768;66;3110.00;95
8228;66;627479614;8228;309;8998;9095;6.94;0.43;240.15;9.59;770;66;3111.00;97
8230;66;627479626;8230;303;8998;9095;7.03;0.43;240.15;9.59;768;66;3112.00;97
8233;66;627479636;8233;295;8999;9095;7.15;0.44;240.16;9.58;766;66;3113.00;96
8234;66;627479648;8234;282;9001;9098;7.33;0.45;240.19;9.58;767;66;3114.00;97
8237;66;627479660;8237;277;9001;9098;7.43;0.46;240.22;9.58;764;66;3115.00;97
8243;66;627479671;8243;252;9002;9098;7.61;0.47;240.29;9.58;759;66;3116.00;96
8243;66;627479683;8243;234;9002;9099;7.82;0.48;240.29;9.58;759;66;3117.00;97
8244;66;627479695;8244;218;9003;9100;8.07;0.49;240.27;9.58;759;66;3118.00;97
8244;66;627479706;8244;200;9003;9100;8.31;0.51;240.27;9.58;759;66;3119.00;97
8247;66;627479720;8247;193;9023;9126;8.54;0.52;240.23;9.56;776;66;3120.00;103
8248;66;627479745;8248;181;9024;9126;8.80;0.54;240.22;9.56;776;66;3121.00;102
8251;66;627479758;8251;172;9025;9126;9.01;0.55;240.18;9.56;774;66;3122.00;101
8253;66;627479770;8253;169;9026;9127;9.25;0.56;240.18;9.56;773;66;3123.00;101
8253;66;627479783;8253;162;9026;9127;9.46;0.58;240.18;9.56;773;66;3124.00;101
8257;66;627479795;8257;154;9029;9131;9.62;0.58;240.13;9.55;772;66;3125.00;102
8259;66;627479808;8259;152;9029;9131;9.72;0.59;240.18;9.55;770;66;3126.00;102
8262;66;627479821;8262;150;9033;9135;9.78;0.59;240.18;9.55;771;66;3127.00;102
8264;66;627479833;8264;143;9033;9135;9.89;0.60;240.18;9.55;769;66;3128.00;102
8267;66;627479845;8267;145;9033;9135;10.02;0.61;240.20;9.55;766;66;3129.00;102
8270;66;627479858;8270;146;9033;9135;10.09;0.61;240.21;9.55;763;66;3130.00;102
8272;66;627479870;8272;145;9033;9135;10.21;0.62;240.24;9.55;761;66;3131.00;102
8274;66;627479882;8274;146;9043;9147;10.36;0.63;240.21;9.54;769;66;3132.00;104
8278;66;627479895;8278;148;9043;9147;10.48;0.64;240.33;9.54;765;66;3133.00;104
8281;66;627479907;8281;148;9044;9147;10.54;0.64;240.33;9.54;763;66;3134.00;103
8282;66;627479920;8282;145;9044;9147;10.64;0.65;240.32;9.54;762;66;3135.00;103
8284;66;627479932;8284;147;9044;9147;10.82;0.66;240.33;9.54;760;66;3136.00;103
8289;66;627479944;8289;142;9044;9147;10.92;0.66;240.42;9.54;755;66;3137.00;103
8291;66;627479956;8291;137;9044;9148;11.02;0.67;240.45;9.54;753;66;3138.00;104
8296;66;627479969;8296;137;9044;9148;11.09;0.67;240.55;9.54;748;66;3139.00;104
8298;66;627479981;8298;133;9048;9154;11.18;0.68;240.58;9.54;750;66;3140.00;106
8302;66;627479994;8302;130;9049;9155;11.22;0.68;240.59;9.53;747;66;3141.00;106
8304;66;627480012;8304;136;9050;9155;11.27;0.68;240.63;9.53;746;66;3142.00;105
8308;66;627480032;8308;136;9050;9155;11.34;0.69;240.64;9.53;742;66;3143.00;105
8311;66;627480048;8311;142;9053;9159;11.39;0.69;240.67;9.53;742;66;3144.00;106
8313;66;627480068;8313;141;9053;9159;11.44;0.69;240.65;9.53;740;66;3145.00;106
8315;66;627480081;8315;147;9053;9159;11.49;0.70;240.67;9.53;738;66;3146.00;106
8320;66;627480093;8320;145;9054;9160;11.49;0.70;240.69;9.53;734;66;3147.00;106
8322;66;627480106;8322;144;9057;9164;11.46;0.70;240.69;9.53;735;66;3148.00;107
8324;66;627480118;8324;145;9057;9164;11.56;0.70;240.71;9.53;733;66;3149.00;107
8326;66;627480132;8326;143;9060;9170;11.58;0.70;240.75;9.52;734;66;3150.00;110
8328;66;627480145;8328;141;9060;9170;11.49;0.70;240.73;9.52;732;66;3151.00;110
8332;66;627480157;8332;141;9061;9170;11.38;0.69;240.81;9.52;729;66;3152.00;109
8334;66;627480169;8334;146;9061;9170;11.42;0.69;240.81;9.52;727;66;3153.00;109
8338;66;627480181;8338;143;9064;9174;11.40;0.69;240.81;9.52;726;66;3154.00;110
8340;66;627480193;8340;148;9064;9174;11.41;0.69;240.81;9.52;724;66;3155.00;110
8344;66;627480205;8344;148;9065;9174;11.45;0.70;240.87;9.52;721;66;3156.00;109
8348;66;627480217;8348;146;9065;9174;11.58;0.70;240.87;9.52;717;66;3157.00;109
8351;66;627480228;8351;145;9066;9175;11.66;0.71;240.90;9.52;715;66;3158.00;109
8354;66;627480238;8354;140;9067;9176;11.71;0.71;240.93;9.52;713;66;3159.00;109
8361;66;627480250;8361;137;9068;9176;11.72;0.71;241.03;9.52;707;66;3160.00;108
8361;66;627480263;8361;133;9070;9177;11.75;0.71;241.03;9.65;709;66;3161.00;107
8365;66;627480275;8365;127;9070;9177;11.76;0.71;241.09;9.65;705;66;3162.00;107
8368;66;627480286;8368;125;9070;9177;11.78;0.71;241.08;9.65;702;66;3163.00;107
8372;66;627480297;8372;122;9071;9177;11.73;0.71;241.06;9.66;699;66;3164.00;106
8374;66;627480309;8374;114;9071;9177;11.74;0.71;241.06;9.66;697;66;3165.00;106
8379;66;627480320;8379;113;9072;9177;11.71;0.71;241.14;9.68;693;66;3166.00;105
8382;66;627480331;8382;114;9072;9177;11.70;0.71;241.20;9.68;690;66;3167.00;105
8385;66;627480343;8385;131;9136;9304;11.38;0.70;241.25;9.61;751;66;3168.00;168
8387;66;627480364;8387;123;9137;9305;11.45;0.70;241.32;9.61;750;66;3169.00;168
8394;66;627480385;8394;113;9147;9305;11.55;0.71;241.27;9.60;753;66;3170.00;158
8396;66;627480398;8396;108;9147;9305;11.58;0.71;241.27;9.60;751;66;3171.00;158
8401;66;627480410;8401;105;9153;9305;11.70;0.72;241.27;9.60;752;66;3172.00;152
8404;66;627480422;8404;104;9156;9305;11.72;0.72;241.33;9.59;752;66;3173.00;149
8406;66;627480433;8406;106;9162;9305;11.81;0.72;241.33;9.59;756;66;3174.00;143
8408;66;627480445;8408;108;9166;9305;11.89;0.73;241.30;9.73;758;66;3175.00;139
8409;66;627480458;8409;110;9171;9306;12.04;0.74;241.30;9.73;762;66;3176.00;135
8412;66;627480471;8412;114;9177;9307;12.10;0.74;241.32;9.72;765;66;3177.00;130
8417;66;627480483;8417;114;9180;9307;12.17;0.74;241.29;9.86;763;66;3178.00;127
8420;66;627480504;8420;114;9182;9308;12.16;0.74;241.31;9.86;762;66;3179.00;126
8423;66;627480518;8423;118;9185;9308;12.07;0.74;241.38;9.86;762;66;3180.00;123
8426;66;627480529;8426;122;9186;9308;12.00;0.73;241.40;9.86;760;66;3181.00;122
8430;66;627480540;8430;124;9188;9308;11.87;0.72;241.46;9.86;758;66;3182.00;120
8433;66;627480552;8433;127;9192;9312;11.68;0.71;241.45;9.87;759;66;3183.00;120
8436;66;627480565;8436;133;9195;9312;11.58;0.71;241.46;9.87;759;66;3184.00;117
8441;66;627480577;8441;136;9195;9312;11.47;0.70;241.43;9.87;754;66;3185.00;117
8443;66;627480588;8443;147;9200;9315;11.47;0.70;241.44;9.88;757;66;3186.00;115
8446;66;627480600;8446;157;9200;9315;11.43;0.69;241.43;9.88;754;66;3187.00;115
8451;66;627480620;8451;166;9201;9315;11.41;0.69;241.43;9.88;750;66;3188.00;114
8454;66;627480632;8454;172;9204;9319;11.31;0.69;241.42;9.88;750;66;3189.00;115
8455;66;627480644;8455;176;9208;9320;11.29;0.69;241.40;9.90;753;66;3190.00;112
8460;66;627480657;8460;180;9209;9322;11.22;0.68;241.37;9.90;749;66;3191.00;113
8460;66;627480669;8460;179;9214;9326;11.22;0.68;241.37;9.90;754;66;3192.00;112
8463;66;627480680;8463;183;9215;9326;11.22;0.68;241.37;9.92;752;66;3193.00;111
8465;66;627480691;8465;190;9215;9326;11.19;0.68;241.39;9.92;750;66;3194.00;111
8467;66;627480702;8467;195;9219;9328;11.18;0.68;241.40;9.94;752;66;3195.00;109
8470;66;627480714;8470;202;9219;9328;11.02;0.67;241.43;9.94;749;66;3196.00;109
8472;66;627480725;8472;205;9223;9334;10.85;0.66;241.42;9.93;751;66;3197.00;111
8475;66;627480736;8475;214;9225;9334;10.67;0.65;241.43;9.95;750;66;3198.00;109
8479;66;627480746;8479;214;9228;9335;10.48;0.64;241.49;9.97;749;66;3199.00;107
8480;66;627480758;8480;217;9229;9335;10.28;0.62;241.48;9.98;749;66;3200.00;106
8483;66;627480773;8483;223;9230;9335;10.11;0.61;241.54;9.99;747;66;3201.00;105
8484;66;627480790;8484;225;9231;9335;9.99;0.61;241.54;10.00;747;66;3202.00;104
8485;66;627480799;8485;228;9232;9335;9.87;0.60;241.52;10.01;747;66;3203.00;103
8487;66;627480809;8487;237;9242;9347;9.82;0.60;241.53;10.00;755;66;3204.00;105
8492;66;627480820;8492;245;9244;9347;9.70;0.59;241.52;10.01;752;66;3205.00;103
8493;66;627480835;8493;248;9247;9347;9.52;0.58;241.51;10.02;754;66;3206.00;100
8495;66;627480845;8495;255;9247;9347;9.41;0.57;241.50;10.02;752;66;3207.00;100
8496;66;627480854;8496;257;9249;9347;9.20;0.56;241.50;10.03;753;66;3208.00;98
8498;66;627480863;8498;265;9250;9347;9.07;0.55;241.48;10.03;752;66;3209.00;97
8500;66;627480874;8500;262;9254;9351;8.93;0.54;241.49;10.04;754;66;3210.00;97
8502;66;627480884;8502;262;9255;9351;8.86;0.54;241.51;10.04;753;66;3211.00;96
8502;66;627480894;8502;265;9259;9355;8.87;0.54;241.51;10.04;757;66;3212.00;96
8502;66;627480904;8502;263;9260;9356;8.81;0.54;241.51;10.04;758;66;3213.00;96
8503;66;627480913;8503;263;9261;9356;8.74;0.54;241.50;10.04;758;66;3214.00;95
8507;66;627480923;8507;262;9263;9356;8.63;0.53;241.43;10.05;756;66;3215.00;93
8508;66;627480933;8508;266;9273;9369;8.58;0.53;241.42;10.04;765;66;3216.00;96
8509;66;627480944;8509;267;9275;9369;8.51;0.52;241.41;10.05;766;66;3217.00;94
8510;66;627480952;8510;273;9278;9369;8.43;0.52;241.41;10.06;768;66;3218.00;91
8513;66;627480961;8513;274;9279;9370;8.37;0.51;241.37;10.06;766;66;3219.00;91
8517;66;627480971;8517;274;9281;9371;8.23;0.50;241.33;10.07;764;66;3220.00;90
8519;66;627480980;8519;278;9281;9371;8.17;0.50;241.31;10.07;762;66;3221.00;90
8520;66;627480989;8520;279;9284;9374;8.04;0.49;241.30;10.06;764;66;3222.00;90
8525;66;627480999;8525;282;9285;9374;7.91;0.48;241.25;10.07;760;66;3223.00;89
8528;66;627481008;8528;286;9286;9374;7.81;0.48;241.25;10.07;758;66;3224.00;88
8535;66;627481016;8535;289;9286;9374;7.61;0.47;241.25;10.07;751;66;3225.00;88
8536;66;627481025;8536;289;9292;9380;7.55;0.46;241.23;10.07;756;66;3226.00;88
8541;66;627481034;8541;295;9292;9380;7.36;0.45;241.22;10.07;751;66;3227.00;88
8546;66;627481042;8546;298;9295;9380;7.21;0.44;241.26;10.07;749;66;3228.00;85
8549;66;627481050;8549;303;9295;9380;6.99;0.43;241.22;10.07;746;66;3229.00;85
8553;66;627481058;8553;302;9299;9384;6.85;0.42;241.21;10.07;746;66;3230.00;85
8554;66;627481067;8554;297;9301;9385;6.77;0.42;241.22;10.07;747;66;3231.00;84
8556;66;627481074;8556;301;9301;9385;6.64;0.41;241.27;10.07;745;66;3232.00;84
8559;66;627481082;8559;297;9303;9386;6.57;0.40;241.28;10.07;744;66;3233.00;83
8562;66;627481091;8562;297;9304;9386;6.47;0.40;241.29;10.07;742;66;3234.00;82
8566;66;627481099;8566;298;9304;9386;6.43;0.39;241.35;10.07;738;66;3235.00;82
8569;66;627481107;8569;308;9305;9386;6.37;0.39;241.36;10.07;736;66;3236.00;81
8571;66;627481115;8571;304;9305;9386;6.38;0.39;241.33;10.07;734;66;3237.00;81
8571;66;627481123;8571;303;9305;9386;6.45;0.40;241.33;10.07;734;66;3238.00;81
8574;66;627481131;8574;302;9305;9386;6.48;0.40;241.34;10.07;731;66;3239.00;81
8576;66;627481140;8576;296;9363;9511;6.89;0.43;241.34;10.01;787;66;3240.00;148
8579;66;627481158;8579;296;9369;9512;6.89;0.43;241.34;10.00;790;66;3241.00;143
8581;66;627481166;8581;297;9382;9512;6.99;0.44;241.35;10.12;801;66;3242.00;130
8584;66;627481176;8584;297;9385;9512;7.01;0.44;241.36;10.12;801;66;3243.00;127
8588;66;627481185;8588;298;9390;9512;7.05;0.44;241.36;10.12;802;66;3244.00;122
8593;66;627481194;8593;309;9394;9512;7.06;0.44;241.31;10.12;801;66;3245.00;118
8597;66;627481203;8597;307;9399;9512;7.08;0.44;241.34;10.11;802;66;3246.00;113
8598;66;627481212;8598;305;9400;9512;7.06;0.44;241.35;10.11;802;66;3247.00;112
8602;66;627481221;8602;306;9404;9513;7.02;0.43;241.35;10.11;802;66;3248.00;109
8605;66;627481230;8605;308;9406;9514;7.00;0.43;241.35;10.11;801;66;3249.00;108
8608;66;627481239;8608;312;9408;9514;6.95;0.43;241.34;10.11;800;66;3250.00;106
8612;66;627481249;8612;314;9413;9518;6.92;0.43;241.31;10.11;801;66;3251.00;105
8614;66;627481259;8614;324;9415;9518;6.80;0.42;241.30;10.11;801;66;3252.00;103
8620;66;627481269;8620;328;9415;9518;6.75;0.42;241.31;10.11;795;66;3253.00;103
8623;66;627481279;8623;332;9417;9518;6.74;0.42;241.34;10.11;794;66;3254.00;101
8623;66;627481288;8623;332;9421;9524;6.75;0.41;241.34;10.11;798;66;3255.00;103
8625;66;627481298;8625;326;9422;9524;6.73;0.41;241.36;10.11;797;66;3256.00;102
8630;66;627481307;8630;334;9422;9524;6.71;0.41;241.40;10.11;792;66;3257.00;102
8633;66;627481317;8633;336;9424;9527;6.71;0.41;241.50;10.10;791;66;3258.00;103
8636;66;627481328;8636;328;9425;9527;6.73;0.41;241.46;10.10;789;66;3259.00;102
8640;66;627481338;8640;322;9426;9527;6.83;0.42;241.48;10.10;786;66;3260.00;101
8642;66;627481348;8642;314;9426;9528;6.89;0.42;241.49;10.10;784;66;3261.00;102
8643;66;627481360;8643;310;9427;9529;7.01;0.43;241.52;10.10;784;66;3262.00;102
8646;66;627481371;8646;296;9427;9529;7.07;0.44;241.49;10.10;781;66;3263.00;102
8651;66;627481381;8651;290;9438;9542;7.27;0.45;241.49;10.09;787;66;3264.00;104
8653;66;627481393;8653;281;9438;9542;7.37;0.45;241.51;10.09;785;66;3265.00;104
8656;66;627481410;8656;279;9438;9542;7.50;0.46;241.56;10.09;782;66;3266.00;104
8660;66;627481422;8660;277;9439;9543;7.59;0.47;241.55;10.09;779;66;3267.00;104
8664;66;627481434;8664;275;9439;9543;7.64;0.47;241.57;10.09;775;66;3268.00;104
8668;66;627481450;8668;282;9442;9547;7.73;0.47;241.54;10.09;774;66;3269.00;105
8674;66;627481469;8674;282;9442;9547;7.75;0.47;241.54;10.09;768;66;3270.00;105
8677;66;627481489;8677;276;9446;9551;7.83;0.48;241.54;10.08;769;66;3271.00;105
8678;66;627481506;8678;275;9446;9551;7.86;0.48;241.57;10.08;768;66;3272.00;105
8681;66;627481533;8681;273;9446;9551;7.93;0.48;241.57;10.08;765;66;3273.00;105
8682;66;627481549;8682;268;9446;9551;8.00;0.49;241.59;10.08;764;66;3274.00;105
8685;66;627481565;8685;274;9446;9551;7.97;0.48;241.58;10.08;761;66;3275.00;105
8685;66;627481577;8685;273;9456;9563;8.12;0.49;241.58;10.07;771;66;3276.00;107
8687;66;627481590;8687;263;9456;9563;8.20;0.50;241.57;10.07;769;66;3277.00;107
8688;66;627481603;8688;264;9457;9563;8.25;0.50;241.54;10.07;769;66;3278.00;106
8688;66;627481615;8688;256;9457;9563;8.40;0.51;241.54;10.07;769;66;3279.00;106
8689;66;627481627;8689;258;9457;9563;8.49;0.52;241.54;10.07;768;66;3280.00;106
8692;66;627481639;8692;254;9457;9563;8.52;0.52;241.51;10.07;765;66;3281.00;106
8694;66;627481651;8694;256;9457;9564;8.60;0.52;241.50;10.07;763;66;3282.00;107
8695;66;627481663;8695;251;9457;9564;8.68;0.53;241.48;10.07;762;66;3283.00;107
8700;66;627481681;8700;252;9461;9570;8.68;0.53;241.44;10.07;761;66;3284.00;109
8701;66;627481693;8701;248;9463;9572;8.75;0.53;241.43;10.06;762;66;3285.00;109
8705;66;627481705;8705;230;9464;9572;8.86;0.54;241.46;10.06;759;66;3286.00;108
8706;66;627481717;8706;214;9464;9572;8.98;0.55;241.48;10.06;758;66;3287.00;108
8708;66;627481729;8708;196;9467;9576;9.19;0.56;241.50;10.06;759;66;3288.00;109
8710;66;627481741;8710;185;9467;9576;9.38;0.57;241.58;10.06;757;66;3289.00;109
8711;66;627481753;8711;176;9467;9576;9.58;0.58;241.60;10.06;756;66;3290.00;109
8714;66;627481765;8714;173;9468;9577;9.79;0.60;241.64;10.06;754;66;3291.00;109
8717;66;627481777;8717;170;9471;9581;9.88;0.60;241.65;10.06;754;66;3292.00;110
8719;66;627481790;8719;161;9471;9581;10.04;0.61;241.67;10.06;752;66;3293.00;110
8722;66;627481802;8722;150;9473;9584;10.23;0.62;241.69;10.06;751;66;3294.00;111
8726;66;627481815;8726;147;9473;9584;10.31;0.63;241.71;10.06;747;66;3295.00;111
8729;66;627481828;8729;143;9474;9584;10.40;0.63;241.72;10.05;745;66;3296.00;110
8733;66;627481841;8733;142;9474;9584;10.48;0.64;241.71;10.05;741;66;3297.00;110
8737;66;627481854;8737;141;9477;9588;10.61;0.65;241.73;10.05;740;66;3298.00;111
8738;66;627481867;8738;143;9477;9588;10.76;0.65;241.72;10.05;739;66;3299.00;111
8740;66;627481883;8740;140;9481;9607;10.82;0.66;241.75;10.05;741;66;3300.00;126
8745;67;627481901;8745;135;9482;9607;10.86;0.66;241.76;10.05;737;67;3301.00;125
8747;67;627481939;8747;135;9482;9608;10.95;0.67;241.79;10.05;735;67;3302.00;126
8749;67;627481952;8749;138;9483;9609;11.05;0.67;241.78;10.05;734;67;3303.00;126
8751;67;627481964;8751;138;9483;9609;11.09;0.68;241.78;10.05;732;67;3304.00;126
8755;67;627481977;8755;131;9484;9610;11.15;0.68;241.80;10.04;729;67;3305.00;126
8756;67;627481990;8756;136;9487;9610;11.14;0.68;241.82;10.18;731;67;3306.00;123
8759;68;627482003;8759;133;9487;9610;11.20;0.68;241.88;10.18;728;68;3307.00;123
8760;68;627482034;8760;130;9487;9610;11.27;0.69;241.87;10.18;727;68;3308.00;123
8762;68;627482046;8762;122;9487;9610;11.40;0.70;241.88;10.18;725;68;3309.00;123
8766;68;627482058;8766;118;9487;9610;11.49;0.70;241.87;10.18;721;68;3310.00;123
8770;68;627482070;8770;119;9487;9610;11.54;0.70;241.97;10.18;717;68;3311.00;123
8772;68;627482088;8772;141;9555;9737;11.28;0.70;241.99;10.11;783;68;3312.00;182
8780;68;627482111;8780;138;9559;9738;11.26;0.69;242.03;10.11;779;68;3313.00;179
8784;68;627482131;8784;122;9563;9738;11.41;0.70;242.04;10.11;779;68;3314.00;175
8786;68;627482142;8786;123;9565;9738;11.51;0.71;242.04;10.10;779;68;3315.00;173
8789;68;627482154;8789;119;9566;9738;11.58;0.71;242.05;10.10;777;68;3316.00;172
8791;68;627482167;8791;121;9569;9738;11.62;0.71;242.09;10.10;778;68;3317.00;169
8794;68;627482179;8794;119;9571;9738;11.58;0.71;242.12;10.10;777;68;3318.00;167
8796;68;627482191;8796;122;9574;9738;11.58;0.71;242.15;10.10;778;68;3319.00;164
8802;68;627482203;8802;127;9578;9739;11.58;0.71;242.16;10.24;776;68;3320.00;161
8804;68;627482222;8804;134;9581;9740;11.58;0.71;242.20;10.24;777;68;3321.00;159
8807;68;627482234;8807;139;9584;9740;11.61;0.71;242.24;10.24;777;68;3322.00;156
8810;68;627482247;8810;144;9588;9741;11.57;0.71;242.21;10.37;778;68;3323.00;153
8813;68;627482260;8813;156;9592;9741;11.51;0.70;242.24;10.38;779;68;3324.00;149
8816;68;627482273;8816;158;9594;9741;11.49;0.70;242.24;10.38;778;68;3325.00;147
8819;68;627482285;8819;164;9597;9741;11.47;0.70;242.24;10.38;778;68;3326.00;144
8825;68;627482297;8825;172;9598;9745;11.40;0.70;242.25;10.38;773;68;3327.00;147
8827;68;627482309;8827;177;9600;9745;11.34;0.69;242.27;10.50;773;68;3328.00;145
8831;68;627482320;8831;177;9602;9745;11.32;0.69;242.29;10.51;771;68;3329.00;143
8837;68;627482334;8837;174;9606;9751;11.25;0.69;242.34;10.51;769;68;3330.00;145
8842;68;627482347;8842;173;9607;9751;11.23;0.68;242.36;10.51;765;68;3331.00;144
8844;68;627482360;8844;166;9609;9751;11.26;0.69;242.37;10.63;765;68;3332.00;142
8851;68;627482373;8851;164;9615;9755;11.22;0.68;242.40;10.63;764;68;3333.00;140
8856;68;627482392;8856;164;9616;9756;11.27;0.68;242.49;10.63;760;68;3334.00;140
8859;68;627482405;8859;163;9619;9756;11.21;0.68;242.49;10.64;760;68;3335.00;137
8865;68;627482417;8865;159;9621;9760;11.23;0.68;242.49;10.64;756;68;3336.00;139
8867;68;627482430;8867;152;9621;9760;11.27;0.68;242.45;10.64;754;68;3337.00;139
8870;68;627482441;8870;142;9623;9760;11.24;0.68;242.49;10.76;753;68;3338.00;137
8873;68;627482453;8873;139;9625;9761;11.26;0.68;242.47;10.76;752;68;3339.00;136
8873;68;627482472;8873;145;9626;9761;11.31;0.69;242.47;10.76;753;68;3340.00;135
8877;68;627482483;8877;145;9631;9767;11.29;0.69;242.47;10.77;754;68;3341.00;136
8878;68;627482496;8878;142;9632;9767;11.36;0.69;242.50;10.77;754;68;3342.00;135
8881;69;627482507;8881;141;9634;9768;11.34;0.69;242.51;10.77;753;69;3343.00;134
8889;69;627482535;8889;143;9636;9768;11.27;0.68;242.51;10.77;747;69;3344.00;132
8890;69;627482546;8890;145;9637;9768;11.21;0.68;242.50;10.77;747;69;3345.00;131
8895;69;627482557;8895;143;9637;9768;11.18;0.67;242.58;10.77;742;69;3346.00;131
8898;69;627482568;8898;144;9638;9768;11.12;0.67;242.58;10.77;740;69;3347.00;130
8899;69;627482579;8899;157;9649;9780;11.09;0.67;242.58;10.76;750;69;3348.00;131
8901;69;627482591;8901;156;9653;9780;11.03;0.67;242.60;10.77;752;69;3349.00;127
8904;69;627482602;8904;156;9653;9780;10.98;0.66;242.63;10.77;749;69;3350.00;127
8906;69;627482613;8906;158;9656;9780;10.89;0.66;242.62;10.77;750;69;3351.00;124
8909;69;627482624;8909;163;9657;9780;10.81;0.65;242.63;10.78;748;69;3352.00;123
8911;69;627482634;8911;166;9657;9780;10.74;0.65;242.61;10.78;746;69;3353.00;123
8915;69;627482645;8915;171;9660;9784;10.70;0.65;242.63;10.77;745;69;3354.00;124
8919;69;627482656;8919;174;9661;9784;10.63;0.64;242.63;10.77;742;69;3355.00;123
8920;69;627482667;8920;177;9665;9788;10.58;0.64;242.63;10.77;745;69;3356.00;123
8921;69;627482678;8921;180;9666;9789;10.62;0.64;242.65;10.77;745;69;3357.00;123
8923;69;627482688;8923;186;9666;9789;10.61;0.64;242.68;10.77;743;69;3358.00;123
8927;69;627482699;8927;192;9666;9789;10.57;0.64;242.74;10.77;739;69;3359.00;123
8932;69;627482710;8932;206;9686;9818;10.34;0.62;242.78;10.77;754;69;3360.00;132
8935;69;627482723;8935;208;9688;9818;10.19;0.62;242.81;10.77;753;69;3361.00;130
8938;69;627482734;8938;217;9691;9818;10.09;0.61;242.85;10.78;753;69;3362.00;127
8941;69;627482749;8941;224;9695;9819;9.95;0.60;242.86;10.79;754;69;3363.00;124
8942;69;627482760;8942;227;9696;9820;9.78;0.59;242.84;10.79;754;69;3364.00;124
8945;69;627482771;8945;238;9698;9820;9.63;0.59;242.90;10.81;753;69;3365.00;122
8946;69;627482781;8946;244;9701;9823;9.58;0.58;242.89;10.80;755;69;3366.00;122
8947;69;627482792;8947;250;9702;9823;9.47;0.58;242.88;10.82;755;69;3367.00;121
8948;69;627482802;8948;260;9704;9823;9.35;0.57;242.89;10.84;756;69;3368.00;119
8950;69;627482814;8950;263;9704;9823;9.28;0.57;242.89;10.84;754;69;3369.00;119
8950;69;627482824;8950;268;9710;9829;9.18;0.56;242.89;10.85;760;69;3370.00;119
8951;69;627482834;8951;279;9711;9829;9.14;0.56;242.88;10.85;760;69;3371.00;118
8952;69;627482844;8952;286;9711;9829;9.04;0.56;242.87;10.85;759;69;3372.00;118
8953;69;627482854;8953;289;9713;9829;8.85;0.54;242.89;10.87;760;69;3373.00;116
8955;69;627482863;8955;296;9717;9833;8.68;0.54;242.92;10.87;762;69;3374.00;116
8958;69;627482873;8958;305;9720;9835;8.51;0.52;242.92;10.88;762;69;3375.00;115
8961;69;627482883;8961;308;9720;9835;8.38;0.52;242.92;10.88;759;69;3376.00;115
8965;69;627482892;8965;319;9722;9836;8.23;0.51;242.92;10.88;757;69;3377.00;114
8967;69;627482901;8967;327;9723;9836;8.13;0.50;242.91;10.89;756;69;3378.00;113
8967;69;627482910;8967;328;9724;9836;8.07;0.50;242.91;10.90;757;69;3379.00;112
8972;69;627482919;8972;327;9724;9836;7.97;0.49;242.94;10.90;752;69;3380.00;112
8974;69;627482929;8974;321;9725;9836;7.98;0.49;242.94;10.90;751;69;3381.00;111
8978;69;627482938;8978;318;9725;9836;7.91;0.49;242.89;10.90;747;69;3382.00;111
8978;69;627482947;8978;321;9725;9836;7.87;0.48;242.89;10.90;747;69;3383.00;111
8980;69;627482956;8980;332;9764;9906;7.90;0.49;242.85;10.90;784;69;3384.00;142
8983;69;627482969;8983;328;9765;9907;7.80;0.48;242.82;10.90;782;69;3385.00;142
8984;69;627482979;8984;325;9775;9907;7.76;0.48;242.80;10.90;791;69;3386.00;132
8986;69;627482988;8986;328;9782;9907;7.66;0.47;242.78;10.89;796;69;3387.00;125
8990;69;627482997;8990;325;9786;9907;7.59;0.47;242.83;10.89;796;69;3388.00;121
8992;69;627483006;8992;324;9792;9907;7.53;0.46;242.80;10.90;800;69;3389.00;115
8995;69;627483016;8995;323;9796;9907;7.44;0.46;242.77;10.90;801;69;3390.00;111
8996;69;627483025;8996;324;9799;9907;7.34;0.45;242.76;10.90;803;69;3391.00;108
8997;69;627483034;8997;329;9803;9908;7.27;0.45;242.74;10.90;806;69;3392.00;105
9002;69;627483043;9002;334;9803;9909;7.14;0.44;242.73;10.90;801;69;3393.00;106
9007;70;627483052;9007;337;9805;9909;7.01;0.43;242.72;10.91;798;70;3394.00;104
9010;70;627483078;9010;339;9808;9913;6.92;0.42;242.67;10.90;798;70;3395.00;105
9017;70;627483088;9017;341;9809;9913;6.70;0.41;242.64;10.90;792;70;3396.00;104
9019;70;627483097;9019;350;9810;9913;6.54;0.40;242.65;10.91;791;70;3397.00;103
9021;70;627483106;9021;356;9810;9913;6.38;0.39;242.62;10.91;789;70;3398.00;103
9024;70;627483114;9024;362;9815;9919;6.20;0.38;242.61;10.91;791;70;3399.00;104
9026;70;627483123;9026;358;9816;9919;6.03;0.37;242.61;10.91;790;70;3400.00;103
9027;70;627483137;9027;357;9816;9919;5.91;0.36;242.60;10.91;789;70;3401.00;103
9030;70;627483146;9030;358;9819;9922;5.80;0.36;242.60;10.91;789;70;3402.00;103
9031;70;627483154;9031;359;9819;9922;5.73;0.35;242.63;10.91;788;70;3403.00;103
9033;70;627483163;9033;357;9820;9922;5.67;0.35;242.63;10.92;787;70;3404.00;102
9037;70;627483171;9037;356;9821;9923;5.62;0.35;242.60;10.92;784;70;3405.00;102
9040;70;627483180;9040;368;9824;9924;5.57;0.34;242.59;10.92;784;70;3406.00;100
9043;70;627483189;9043;359;9824;9924;5.62;0.34;242.59;10.92;781;70;3407.00;100
9046;70;627483197;9046;356;9834;9937;5.75;0.35;242.61;10.91;788;70;3408.00;103
9048;70;627483207;9048;356;9835;9937;5.88;0.36;242.62;10.91;787;70;3409.00;102
9051;70;627483216;9051;350;9835;9937;5.98;0.37;242.60;10.91;784;70;3410.00;102
9056;70;627483225;9056;335;9837;9938;6.09;0.37;242.72;10.91;781;70;3411.00;101
9058;70;627483234;9058;319;9837;9938;6.28;0.38;242.70;10.91;779;70;3412.00;101
9061;70;627483244;9061;312;9839;9942;6.41;0.39;242.71;10.91;778;70;3413.00;103
9063;70;627483254;9063;300;9840;9942;6.52;0.40;242.72;10.91;777;70;3414.00;102
9065;70;627483264;9065;300;9843;9946;6.69;0.41;242.71;10.90;778;70;3415.00;103
9069;70;627483274;9069;294;9844;9946;6.80;0.41;242.72;10.90;775;70;3416.00;102
9071;70;627483283;9071;288;9844;9946;6.93;0.42;242.71;10.90;773;70;3417.00;102
9074;70;627483298;9074;280;9844;9946;7.07;0.43;242.68;10.90;770;70;3418.00;102
9077;70;627483307;9077;276;9844;9946;7.21;0.44;242.68;10.90;767;70;3419.00;102
9078;70;627483318;9078;272;9869;9980;7.44;0.46;242.70;10.88;791;70;3420.00;111
9081;71;627483337;9081;271;9870;9980;7.45;0.46;242.72;10.88;789;71;3421.00;110
9085;71;627483354;9085;265;9873;9980;7.53;0.46;242.70;10.87;788;71;3422.00;107
9088;71;627483365;9088;257;9873;9980;7.62;0.47;242.68;10.87;785;71;3423.00;107
9091;71;627483379;9091;253;9873;9980;7.69;0.47;242.72;10.87;782;71;3424.00;107
9095;72;627483390;9095;250;9873;9980;7.70;0.47;242.69;10.87;778;72;3425.00;107
9098;72;627483420;9098;250;9873;9981;7.72;0.47;242.69;10.87;775;72;3426.00;108
9099;72;627483430;9099;241;9873;9981;7.78;0.47;242.70;10.87;774;72;3427.00;108
9103;72;627483440;9103;246;9877;9987;7.86;0.48;242.70;10.87;774;72;3428.00;110
9105;72;627483451;9105;243;9879;9988;7.87;0.48;242.79;10.87;774;72;3429.00;109
9107;72;627483466;9107;248;9879;9988;7.89;0.48;242.79;10.87;772;72;3430.00;109
9113;73;627483484;9113;253;9880;9988;7.85;0.48;242.79;10.99;767;73;3431.00;108
9117;73;627483513;9117;252;9883;9992;7.90;0.48;242.79;10.99;766;73;3432.00;109
9119;73;627483530;9119;254;9883;9992;7.92;0.48;242.80;10.99;764;73;3433.00;109
9125;73;627483552;9125;253;9883;9992;7.96;0.49;242.78;10.99;758;73;3434.00;109
9128;73;627483568;9128;251;9884;9993;8.05;0.49;242.85;10.99;756;73;3435.00;109
9133;73;627483579;9133;247;9887;9997;8.20;0.50;242.82;10.99;754;73;3436.00;110
9136;73;627483591;9136;241;9887;9997;8.26;0.50;242.80;10.99;751;73;3437.00;110
9136;73;627483603;9136;237;9889;10000;8.40;0.51;242.80;10.98;753;73;3438.00;111
9140;73;627483614;9140;232;9890;10000;8.46;0.52;242.83;10.98;750;73;3439.00;110
9143;73;627483625;9143;233;9890;10000;8.50;0.52;242.91;10.98;747;73;3440.00;110
9145;73;627483636;9145;233;9890;10000;8.54;0.52;242.92;10.98;745;73;3441.00;110
9150;73;627483648;9150;231;9893;10004;8.62;0.52;242.91;10.98;743;73;3442.00;111
9153;73;627483659;9153;232;9893;10004;8.66;0.53;242.90;10.98;740;73;3443.00;111
9156;73;627483671;9156;234;9894;10004;8.70;0.53;242.92;10.98;738;73;3444.00;110
9159;73;627483688;9159;237;9894;10004;8.71;0.53;242.91;10.98;735;73;3445.00;110
9160;73;627483699;9160;245;9894;10005;8.71;0.53;242.89;10.98;734;73;3446.00;111
9165;73;627483709;9165;238;9895;10006;8.65;0.53;242.94;10.98;730;73;3447.00;111
9169;73;627483721;9169;230;9895;10006;8.63;0.52;242.95;10.98;726;73;3448.00;111
9171;73;627483733;9171;223;9896;10007;8.64;0.53;242.97;10.98;725;73;3449.00;111
9174;73;627483746;9174;214;9896;10007;8.75;0.53;242.96;10.98;722;73;3450.00;111
9178;73;627483756;9178;214;9896;10007;8.84;0.54;243.02;10.98;718;73;3451.00;111
9181;73;627483773;9181;212;9896;10007;8.94;0.54;243.03;10.98;715;73;3452.00;111
9186;73;627483784;9186;209;9896;10007;9.04;0.55;243.09;10.98;710;73;3453.00;111
9191;73;627483794;9191;201;9896;10007;9.13;0.55;243.16;10.98;705;73;3454.00;111
9195;74;627483806;9195;201;9896;10007;9.18;0.56;243.21;10.98;701;74;3455.00;111
9197;74;627483828;9197;211;9967;10134;9.23;0.57;243.25;10.90;770;74;3456.00;167
9203;74;627483852;9203;182;9970;10135;9.35;0.57;243.33;11.03;767;74;3457.00;165
9205;74;627483865;9205;161;9977;10135;9.53;0.59;243.36;11.02;772;74;3458.00;158
9209;74;627483884;9209;148;9980;10135;9.70;0.59;243.39;11.02;771;74;3459.00;155
9213;74;627483897;9213;137;9984;10135;9.84;0.60;243.43;11.02;771;74;3460.00;151
9216;74;627483911;9216;124;9988;10135;10.06;0.62;243.47;11.01;772;74;3461.00;147
9216;74;627483924;9216;119;9992;10135;10.24;0.63;243.47;11.01;776;74;3462.00;143
9219;74;627483943;9219;119;9995;10135;10.38;0.64;243.51;11.01;776;74;3463.00;140
9222;74;627483956;9222;117;9998;10136;10.50;0.64;243.48;11.01;776;74;3464.00;138
9225;74;627483971;9225;122;10002;10138;10.56;0.64;243.51;11.01;777;74;3465.00;136
9228;74;627483984;9228;123;10006;10138;10.58;0.65;243.53;11.01;778;74;3466.00;132
9229;74;627483998;9229;124;10009;10139;10.65;0.65;243.52;11.01;780;74;3467.00;130
9230;74;627484012;9230;128;10010;10139;10.67;0.65;243.55;11.01;780;74;3468.00;129
9232;74;627484025;9232;128;10012;10139;10.79;0.66;243.60;11.01;780;74;3469.00;127
9233;74;627484039;9233;125;10013;10139;10.84;0.66;243.62;11.01;780;74;3470.00;126
9239;74;627484052;9239;127;10017;10143;10.90;0.66;243.63;11.00;778;74;3471.00;126
9242;74;627484065;9242;132;10018;10143;10.94;0.67;243.65;11.00;776;74;3472.00;125
9242;74;627484079;9242;138;10018;10143;10.96;0.67;243.65;11.00;776;74;3473.00;125
9245;74;627484091;9245;138;10021;10146;11.08;0.67;243.75;11.00;776;74;3474.00;125
9248;74;627484106;9248;144;10021;10146;11.15;0.68;243.79;11.00;773;74;3475.00;125
9248;74;627484119;9248;143;10022;10146;11.25;0.68;243.79;11.00;774;74;3476.00;124
9251;74;627484132;9251;146;10025;10150;11.33;0.69;243.85;11.00;774;74;3477.00;125
9254;74;627484145;9254;143;10027;10151;11.43;0.70;243.88;11.00;773;74;3478.00;124
9257;74;627484158;9257;148;10028;10151;11.51;0.70;243.88;11.00;771;74;3479.00;123
9260;74;627484172;9260;150;10033;10156;11.62;0.71;243.91;10.99;773;74;3480.00;123
9264;74;627484185;9264;152;10033;10156;11.71;0.71;243.96;10.99;769;74;3481.00;123
9267;74;627484198;9267;154;10033;10156;11.74;0.72;243.99;10.99;766;74;3482.00;123
9270;74;627484210;9270;151;10034;10157;11.72;0.71;244.02;10.99;764;74;3483.00;123
9276;75;627484223;9276;148;10034;10157;11.75;0.72;244.02;10.99;758;75;3484.00;123
9280;75;627484251;9280;146;10038;10163;11.81;0.72;244.14;10.99;758;75;3485.00;125
9282;75;627484264;9282;147;10039;10163;11.81;0.72;244.15;10.99;757;75;3486.00;124
9287;75;627484277;9287;145;10039;10164;11.83;0.72;244.18;10.99;752;75;3487.00;125
9288;76;627484289;9288;143;10039;10164;11.81;0.72;244.21;10.99;751;76;3488.00;125
9289;76;627484315;9289;145;10039;10164;11.79;0.72;244.22;10.99;750;76;3489.00;125
9293;76;627484327;9293;144;10039;10164;11.73;0.71;244.19;10.99;746;76;3490.00;125
9294;76;627484339;9294;146;10039;10164;11.74;0.72;244.19;10.99;745;76;3491.00;125
9298;76;627484352;9298;151;10049;10176;11.71;0.71;244.22;10.98;751;76;3492.00;127
9301;76;627484370;9301;149;10050;10176;11.80;0.72;244.22;10.98;749;76;3493.00;126
9305;76;627484383;9305;150;10051;10176;11.80;0.72;244.21;11.11;746;76;3494.00;125
9307;76;627484396;9307;146;10051;10176;11.79;0.72;244.20;11.11;744;76;3495.00;125
9309;76;627484408;9309;143;10051;10176;11.86;0.72;244.19;11.11;742;76;3496.00;125
9312;76;627484420;9312;143;10051;10176;11.93;0.73;244.23;11.11;739;76;3497.00;125
9313;76;627484440;9313;144;10054;10180;11.94;0.73;244.23;11.11;741;76;3498.00;126
9318;76;627484452;9318;142;10054;10180;11.92;0.72;244.24;11.11;736;76;3499.00;126
9322;76;627484467;9322;139;10057;10184;11.90;0.72;244.24;11.10;735;76;3500.00;127
9328;76;627484487;9328;140;10059;10185;11.94;0.73;244.22;11.10;731;76;3501.00;126
9333;76;627484500;9333;138;10059;10185;11.87;0.72;244.21;11.10;726;76;3502.00;126
9337;76;627484511;9337;140;10059;10185;11.88;0.72;244.26;11.10;722;76;3503.00;126
9342;76;627484522;9342;138;10069;10198;11.78;0.71;244.27;11.10;727;76;3504.00;129
9347;76;627484535;9347;132;10070;10198;11.78;0.71;244.27;11.12;723;76;3505.00;128
9353;76;627484546;9353;124;10071;10198;11.91;0.72;244.23;11.11;718;76;3506.00;127
9354;76;627484556;9354;119;10072;10199;12.02;0.73;244.25;11.11;718;76;3507.00;127
9357;76;627484566;9357;110;10072;10200;12.05;0.73;244.23;11.11;715;76;3508.00;128
9360;76;627484577;9360;105;10072;10200;12.13;0.73;244.41;11.11;712;76;3509.00;128
9362;76;627484589;9362;105;10076;10206;12.13;0.74;244.44;11.24;714;76;3510.00;130
9367;76;627484600;9367;107;10077;10206;12.20;0.74;244.45;11.24;710;76;3511.00;129
9367;76;627484624;9367;108;10078;10206;12.27;0.74;244.45;11.24;711;76;3512.00;128
9372;76;627484633;9372;110;10078;10206;12.23;0.74;244.45;11.24;706;76;3513.00;128
9374;76;627484644;9374;111;10082;10212;12.25;0.74;244.43;11.24;708;76;3514.00;130
9376;76;627484659;9376;118;10082;10212;12.23;0.74;244.41;11.24;706;76;3515.00;130
9380;76;627484672;9380;115;10083;10212;12.15;0.74;244.41;11.24;703;76;3516.00;129
9383;76;627484690;9383;118;10085;10212;12.12;0.73;244.42;11.24;702;76;3517.00;127
9386;76;627484702;9386;125;10088;10216;11.93;0.72;244.39;11.23;702;76;3518.00;128
9389;76;627484721;9389;129;10091;10219;11.69;0.71;244.36;11.23;702;76;3519.00;128
9391;76;627484733;9391;132;10091;10219;11.56;0.70;244.36;11.23;700;76;3520.00;128
9392;76;627484745;9392;139;10092;10220;11.44;0.69;244.37;11.23;700;76;3521.00;128
9393;76;627484757;9393;148;10092;10220;11.34;0.69;244.38;11.23;699;76;3522.00;128
9395;76;627484767;9395;149;10093;10220;11.28;0.69;244.39;11.24;698;76;3523.00;127
9399;76;627484778;9399;156;10093;10220;11.27;0.69;244.38;11.24;694;76;3524.00;127
9401;76;627484789;9401;158;10094;10220;11.17;0.68;244.40;11.25;693;76;3525.00;126
9403;76;627484800;9403;163;10094;10220;11.14;0.68;244.37;11.25;691;76;3526.00;126
9409;76;627484810;9409;165;10094;10220;11.08;0.67;244.38;11.25;685;76;3527.00;126
9410;76;627484821;9410;173;10128;10290;11.11;0.68;244.37;11.22;718;76;3528.00;162
9414;76;627484838;9414;177;10128;10291;11.03;0.67;244.36;11.22;714;76;3529.00;163
9415;76;627484849;9415;184;10136;10291;11.08;0.68;244.35;11.21;721;76;3530.00;155
9415;76;627484859;9415;186;10144;10291;11.04;0.68;244.35;11.23;729;76;3531.00;147
9417;76;627484869;9417;192;10149;10291;11.03;0.67;244.36;11.23;732;76;3532.00;142
9419;76;627484879;9419;196;10152;10291;10.99;0.67;244.35;11.24;733;76;3533.00;139
9422;76;627484890;9422;201;10155;10291;10.85;0.66;244.35;11.25;733;76;3534.00;136
9426;76;627484900;9426;207;10158;10291;10.76;0.66;244.42;11.26;732;76;3535.00;133
9429;76;627484911;9429;211;10162;10292;10.64;0.65;244.39;11.26;733;76;3536.00;130
9429;76;627484921;9429;216;10165;10293;10.55;0.65;244.39;11.26;736;76;3537.00;128
9430;77;627484931;9430;224;10169;10293;10.40;0.64;244.37;11.29;739;77;3538.00;124
9433;77;627484950;9433;231;10174;10297;10.26;0.63;244.31;11.28;741;77;3539.00;123
9435;77;627484970;9435;234;10175;10297;10.15;0.62;244.29;11.29;740;77;3540.00;122
9436;77;627484981;9436;238;10176;10297;10.00;0.62;244.28;11.30;740;77;3541.00;121
9439;77;627484991;9439;244;10176;10297;9.90;0.61;244.26;11.30;737;77;3542.00;121
9439;77;627485002;9439;251;10181;10303;9.84;0.61;244.26;11.30;742;77;3543.00;122
9441;77;627485022;9441;254;10181;10303;9.71;0.60;244.24;11.30;740;77;3544.00;122
9443;77;627485032;9443;258;10185;10303;9.55;0.59;244.22;11.33;742;77;3545.00;118
9444;77;627485042;9444;267;10187;10306;9.37;0.58;244.20;11.33;743;77;3546.00;119
9447;77;627485052;9447;273;10190;10306;9.22;0.57;244.16;11.34;743;77;3547.00;116
9448;77;627485061;9448;277;10190;10306;9.00;0.55;244.17;11.34;742;77;3548.00;116
9452;77;627485070;9452;280;10192;10307;8.73;0.54;244.15;11.35;740;77;3549.00;115
9455;77;627485079;9455;285;10193;10308;8.57;0.53;244.14;11.35;738;77;3550.00;115
9458;77;627485088;9458;291;10195;10308;8.35;0.51;244.13;11.36;737;77;3551.00;113
9459;77;627485098;9459;294;10205;10321;8.17;0.50;244.11;11.35;746;77;3552.00;116
9463;77;627485108;9463;297;10206;10321;8.00;0.49;244.09;11.35;743;77;3553.00;115
9466;77;627485117;9466;296;10208;10321;7.82;0.48;244.02;11.36;742;77;3554.00;113
9470;77;627485126;9470;297;10210;10323;7.68;0.47;243.97;11.35;740;77;3555.00;113
9473;77;627485135;9473;299;10210;10323;7.57;0.46;243.94;11.35;737;77;3556.00;113
9476;77;627485144;9476;307;10214;10327;7.55;0.46;243.91;11.36;738;77;3557.00;113
9476;77;627485153;9476;316;10214;10327;7.49;0.46;243.91;11.36;738;77;3558.00;113
9478;77;627485161;9478;318;10221;10331;7.44;0.46;243.99;11.38;743;77;3559.00;110
9480;77;627485170;9480;317;10221;10331;7.44;0.46;243.97;11.38;741;77;3560.00;110
9483;77;627485179;9483;319;10222;10331;7.35;0.45;243.95;11.39;739;77;3561.00;109
9485;77;627485188;9485;320;10222;10331;7.13;0.44;243.94;11.39;737;77;3562.00;109
9487;77;627485196;9487;310;10222;10331;7.00;0.43;243.94;11.39;735;77;3563.00;109
9490;77;627485204;9490;298;10235;10343;7.05;0.43;243.93;11.40;745;77;3564.00;108
9493;77;627485213;9493;292;10235;10343;7.01;0.43;243.92;11.40;742;77;3565.00;108
9496;77;627485222;9496;285;10237;10343;6.97;0.43;243.91;11.41;741;77;3566.00;106
9499;77;627485230;9499;275;10237;10343;6.95;0.42;243.91;11.41;738;77;3567.00;106
9500;77;627485239;9500;269;10240;10343;6.87;0.42;243.90;11.43;740;77;3568.00;103
9503;77;627485247;9503;272;10240;10343;6.80;0.42;243.93;11.43;737;77;3569.00;103
9506;77;627485259;9506;269;10240;10344;6.72;0.41;243.97;11.43;734;77;3570.00;104
9508;78;627485268;9508;262;10242;10344;6.75;0.41;243.93;11.44;734;78;3571.00;102
9510;78;627485290;9510;256;10247;10350;6.83;0.42;243.98;11.43;737;78;3572.00;103
9513;78;627485300;9513;257;10249;10351;6.92;0.42;243.98;11.43;736;78;3573.00;102
9516;78;627485309;9516;251;10251;10351;6.97;0.42;243.96;11.44;735;78;3574.00;100
9517;78;627485318;9517;247;10251;10351;7.03;0.43;243.98;11.44;734;78;3575.00;100
9518;78;627485326;9518;245;10256;10355;7.13;0.43;243.96;11.44;738;78;3576.00;99
9519;78;627485336;9519;246;10256;10355;7.20;0.44;243.97;11.44;737;78;3577.00;99
9520;78;627485346;9520;242;10256;10355;7.34;0.45;243.98;11.44;736;78;3578.00;99
9522;78;627485355;9522;233;10257;10356;7.49;0.46;244.00;11.44;735;78;3579.00;99
9524;78;627485371;9524;233;10260;10360;7.67;0.47;244.05;11.44;736;78;3580.00;100
9526;78;627485381;9526;238;10260;10360;7.79;0.48;244.08;11.44;734;78;3581.00;100
9528;78;627485392;9528;234;10262;10363;7.93;0.48;244.11;11.43;734;78;3582.00;101
9530;78;627485403;9530;223;10263;10363;8.06;0.49;244.11;11.43;733;78;3583.00;100
9533;78;627485412;9533;222;10263;10363;8.15;0.50;244.13;11.43;730;78;3584.00;100
9537;78;627485423;9537;216;10263;10363;8.20;0.50;244.13;11.43;726;78;3585.00;100
9542;78;627485433;9542;222;10266;10367;8.28;0.51;244.10;11.43;724;78;3586.00;101
9547;78;627485445;9547;214;10266;10367;8.28;0.51;244.11;11.43;719;78;3587.00;101
9548;78;627485458;9548;212;10267;10367;8.34;0.51;244.13;11.43;719;78;3588.00;100
9551;78;627485474;9551;207;10267;10367;8.40;0.51;244.13;11.43;716;78;3589.00;100
9557;78;627485489;9557;205;10267;10368;8.44;0.52;244.18;11.43;710;78;3590.00;101
9562;78;627485503;9562;203;10268;10369;8.50;0.52;244.19;11.43;706;78;3591.00;101
9565;78;627485530;9565;197;10268;10369;8.55;0.53;244.20;11.43;703;78;3592.00;101
9570;78;627485546;9570;187;10269;10370;8.55;0.53;244.17;11.43;699;78;3593.00;101
9575;78;627485565;9575;185;10269;10370;8.55;0.52;244.18;11.43;694;78;3594.00;101
9580;78;627485581;9580;186;10269;10370;8.52;0.52;244.18;11.43;689;78;3595.00;101
9583;78;627485594;9583;186;10269;10370;8.56;0.52;244.19;11.43;686;78;3596.00;101
9590;78;627485605;9590;183;10269;10370;8.54;0.52;244.17;11.43;679;78;3597.00;101
9595;78;627485618;9595;182;10269;10370;8.57;0.52;244.21;11.43;674;78;3598.00;101
9601;78;627485630;9601;182;10269;10370;8.59;0.52;244.19;11.43;668;78;3599.00;101
9605;78;627485646;9605;217;10381;10623;8.81;0.55;244.19;11.44;776;78;3600.00;242
9610;78;627485686;9610;212;10388;10624;8.85;0.55;244.19;11.44;778;78;3601.00;236
9614;78;627485698;9614;200;10401;10624;9.02;0.56;244.20;11.42;787;78;3602.00;223
9619;78;627485710;9619;194;10409;10624;9.05;0.56;244.23;11.42;790;78;3603.00;215
9625;78;627485723;9625;191;10414;10624;9.08;0.56;244.30;11.41;789;78;3604.00;210
9626;78;627485734;9626;197;10421;10624;9.12;0.57;244.30;11.41;795;78;3605.00;203
9627;78;627485746;9627;196;10428;10624;9.13;0.57;244.32;11.41;801;78;3606.00;196
9632;78;627485765;9632;194;10431;10624;9.19;0.57;244.34;11.40;799;78;3607.00;193
9636;78;627485777;9636;206;10439;10625;9.21;0.57;244.32;11.40;803;78;3608.00;186
9638;78;627485790;9638;206;10442;10626;9.18;0.57;244.35;11.40;804;78;3609.00;184
9643;78;627485803;9643;206;10447;10626;9.15;0.57;244.32;11.40;804;78;3610.00;179
9644;78;627485816;9644;213;10452;10627;9.18;0.57;244.30;11.40;808;78;3611.00;175
9645;78;627485828;9645;215;10455;10627;9.23;0.57;244.33;11.40;810;78;3612.00;172
9650;78;627485840;9650;220;10458;10627;9.18;0.57;244.37;11.40;808;78;3613.00;169
9653;78;627485853;9653;223;10464;10627;9.14;0.56;244.44;11.40;811;78;3614.00;163
9654;78;627485865;9654;231;10467;10631;9.17;0.57;244.48;11.40;813;78;3615.00;164
9658;78;627485877;9658;237;10469;10631;9.08;0.56;244.57;11.40;811;78;3616.00;162
9665;78;627485891;9665;235;10472;10631;8.95;0.55;244.58;11.40;807;78;3617.00;159
9667;78;627485903;9667;232;10474;10634;8.97;0.55;244.62;11.40;807;78;3618.00;160
9672;78;627485917;9672;231;10474;10634;8.98;0.55;244.65;11.40;802;78;3619.00;160
9676;78;627485936;9676;230;10476;10634;9.00;0.55;244.71;11.40;800;78;3620.00;158
9680;78;627485949;9680;230;10483;10638;9.01;0.55;244.76;11.40;803;78;3621.00;155
9684;79;627485962;9684;232;10485;10639;9.11;0.56;244.80;11.40;801;79;3622.00;154
9688;79;627485988;9688;230;10485;10639;9.19;0.56;244.91;11.40;797;79;3623.00;154
9693;79;627486008;9693;227;10487;10643;9.30;0.57;244.97;11.40;794;79;3624.00;156
9696;79;627486029;9696;226;10490;10643;9.32;0.57;245.02;11.41;794;79;3625.00;153
9701;79;627486043;9701;207;10491;10643;9.40;0.57;245.09;11.41;790;79;3626.00;152
9704;79;627486055;9704;198;10493;10644;9.54;0.58;245.12;11.41;789;79;3627.00;151
9709;79;627486068;9709;188;10495;10644;9.69;0.59;245.05;11.41;786;79;3628.00;149
9711;80;627486081;9711;185;10498;10650;9.89;0.60;245.06;11.40;787;80;3629.00;152
9715;80;627486111;9715;176;10498;10650;10.11;0.61;245.09;11.40;783;80;3630.00;152
9719;80;627486125;9719;173;10499;10651;10.26;0.62;245.08;11.40;780;80;3631.00;152
9722;80;627486139;9722;175;10500;10651;10.40;0.63;245.10;11.41;778;80;3632.00;151
9727;80;627486152;9727;169;10501;10651;10.53;0.64;245.10;11.41;774;80;3633.00;150
9734;80;627486173;9734;165;10501;10651;10.63;0.65;245.12;11.41;767;80;3634.00;150
9736;80;627486195;9736;156;10501;10651;10.76;0.65;245.10;11.41;765;80;3635.00;150
9738;80;627486208;9738;159;10511;10663;10.88;0.66;245.12;11.40;773;80;3636.00;152
9738;80;627486228;9738;154;10511;10663;11.02;0.67;245.12;11.40;773;80;3637.00;152
9741;80;627486247;9741;158;10513;10663;11.13;0.68;245.15;11.40;772;80;3638.00;150
9741;80;627486268;9741;153;10514;10663;11.23;0.68;245.15;11.40;773;80;3639.00;149
9745;80;627486280;9745;155;10514;10663;11.29;0.69;245.17;11.40;769;80;3640.00;149
9747;80;627486299;9747;157;10514;10663;11.38;0.69;245.18;11.40;767;80;3641.00;149
9748;80;627486312;9748;160;10517;10667;11.44;0.70;245.16;11.40;769;80;3642.00;150
9750;80;627486324;9750;159;10518;10667;11.44;0.70;245.18;11.40;768;80;3643.00;149
9755;80;627486337;9755;165;10523;10671;11.51;0.70;245.21;11.40;768;80;3644.00;148
9757;80;627486349;9757;164;10525;10673;11.56;0.70;245.22;11.39;768;80;3645.00;148
9761;80;627486361;9761;172;10526;10673;11.53;0.70;245.32;11.39;765;80;3646.00;147
9761;80;627486373;9761;174;10526;10673;11.56;0.70;245.32;11.39;765;80;3647.00;147
9767;80;627486384;9767;175;10535;10686;11.66;0.71;245.35;11.38;768;80;3648.00;151
9769;80;627486404;9769;173;10535;10686;11.67;0.71;245.37;11.38;766;80;3649.00;151
9772;81;627486416;9772;173;10535;10686;11.78;0.72;245.33;11.38;763;81;3650.00;151
9777;81;627486436;9777;170;10536;10687;11.82;0.72;245.33;11.38;759;81;3651.00;151
9779;81;627486453;9779;171;10536;10688;11.89;0.72;245.35;11.38;757;81;3652.00;152
9782;81;627486465;9782;171;10536;10688;11.84;0.72;245.37;11.38;754;81;3653.00;152
9785;81;627486479;9785;174;10538;10691;11.80;0.72;245.36;11.38;753;81;3654.00;153
9785;81;627486492;9785;176;10538;10691;11.70;0.71;245.36;11.38;753;81;3655.00;153
9786;81;627486502;9786;177;10539;10691;11.58;0.70;245.34;11.38;753;81;3656.00;152
9787;81;627486513;9787;175;10539;10691;11.48;0.70;245.34;11.38;752;81;3657.00;152
9791;81;627486524;9791;175;10543;10697;11.42;0.69;245.39;11.38;752;81;3658.00;154
9796;81;627486537;9796;177;10543;10697;11.38;0.69;245.43;11.38;747;81;3659.00;154
9798;81;627486551;9798;183;10544;10697;11.36;0.69;245.46;11.38;746;81;3660.00;153
9803;81;627486562;9803;176;10544;10697;11.33;0.69;245.50;11.38;741;81;3661.00;153
9807;81;627486580;9807;177;10547;10701;11.26;0.69;245.52;11.37;740;81;3662.00;154
9812;81;627486592;9812;173;10548;10702;11.29;0.69;245.52;11.37;736;81;3663.00;154
9814;81;627486605;9814;172;10548;10702;11.37;0.69;245.54;11.37;734;81;3664.00;154
9817;81;627486616;9817;176;10549;10703;11.41;0.69;245.57;11.37;732;81;3665.00;154
9821;81;627486627;9821;178;10549;10703;11.46;0.70;245.56;11.37;728;81;3666.00;154
9823;82;627486639;9823;178;10549;10703;11.42;0.69;245.56;11.37;726;82;3667.00;154
9828;82;627486663;9828;183;10550;10703;11.40;0.69;245.53;11.38;722;82;3668.00;153
9831;82;627486675;9831;180;10550;10703;11.31;0.69;245.51;11.38;719;82;3669.00;153
9832;82;627486692;9832;186;10550;10703;11.24;0.68;245.54;11.38;718;82;3670.00;153
9838;82;627486704;9838;182;10550;10703;11.18;0.68;245.55;11.38;712;82;3671.00;153
9841;82;627486715;9841;191;10581;10773;11.12;0.68;245.54;11.34;740;82;3672.00;192
9844;82;627486731;9844;189;10583;10774;11.11;0.68;245.50;11.35;739;82;3673.00;191
9850;82;627486743;9850;185;10589;10774;11.13;0.68;245.59;11.34;739;82;3674.00;185
9857;82;627486754;9857;178;10597;10774;11.13;0.68;245.56;11.50;740;82;3675.00;177
9857;82;627486768;9857;174;10602;10774;11.17;0.68;245.56;11.50;745;82;3676.00;172
9859;82;627486779;9859;171;10604;10774;11.17;0.68;245.55;11.50;745;82;3677.00;170
9860;82;627486790;9860;170;10607;10774;11.18;0.68;245.54;11.49;747;82;3678.00;167
9862;82;627486801;9862;170;10610;10774;11.13;0.68;245.53;11.64;748;82;3679.00;164
9866;82;627486812;9866;164;10611;10775;11.06;0.67;245.48;11.63;745;82;3680.00;164
9867;82;627486829;9867;161;10614;10776;11.00;0.67;245.46;11.77;747;82;3681.00;162
9869;82;627486841;9869;159;10614;10776;10.96;0.67;245.50;11.77;745;82;3682.00;162
9871;82;627486851;9871;157;10617;10780;10.87;0.66;245.50;11.77;746;82;3683.00;163
9873;82;627486863;9873;158;10618;10780;10.74;0.65;245.49;11.91;745;82;3684.00;162
9875;82;627486874;9875;162;10618;10780;10.58;0.64;245.48;11.91;743;82;3685.00;162
9877;82;627486885;9877;169;10618;10780;10.44;0.63;245.47;11.91;741;82;3686.00;162
9879;82;627486902;9879;174;10622;10786;10.37;0.63;245.47;11.92;743;82;3687.00;164
9880;82;627486914;9880;187;10623;10786;10.32;0.63;245.48;11.92;743;82;3688.00;163
9884;82;627486925;9884;196;10623;10786;10.24;0.62;245.44;11.92;739;82;3689.00;163
9885;82;627486937;9885;201;10627;10792;10.21;0.62;245.42;11.92;742;82;3690.00;165
9887;82;627486948;9887;211;10628;10792;10.13;0.61;245.39;11.92;741;82;3691.00;164
9887;82;627486959;9887;221;10630;10792;10.02;0.61;245.39;11.92;743;82;3692.00;162
9890;82;627486970;9890;225;10631;10793;9.93;0.60;245.39;11.93;741;82;3693.00;162
9895;82;627486981;9895;229;10635;10794;9.79;0.59;245.34;11.93;740;82;3694.00;159
9895;82;627486994;9895;232;10637;10794;9.68;0.59;245.34;11.94;742;82;3695.00;157
9896;82;627487008;9896;238;10647;10807;9.57;0.58;245.31;11.93;751;82;3696.00;160
9899;82;627487023;9899;245;10649;10807;9.51;0.58;245.30;11.94;750;82;3697.00;158
9900;82;627487034;9900;253;10650;10807;9.43;0.57;245.29;11.94;750;82;3698.00;157
9903;82;627487044;9903;259;10653;10808;9.29;0.56;245.26;11.95;750;82;3699.00;155
9904;82;627487055;9904;262;10657;10808;9.16;0.56;245.26;11.98;753;82;3700.00;151
9906;82;627487068;9906;267;10660;10812;9.05;0.55;245.24;11.97;754;82;3701.00;152
9909;82;627487080;9909;270;10662;10812;8.91;0.54;245.20;11.99;753;82;3702.00;150
9911;82;627487090;9911;277;10666;10816;8.79;0.54;245.16;11.99;755;82;3703.00;150
9916;82;627487101;9916;276;10666;10816;8.67;0.53;245.08;11.99;750;82;3704.00;150
9921;82;627487111;9921;281;10669;10816;8.54;0.52;245.02;12.02;748;82;3705.00;147
9922;82;627487121;9922;287;10669;10816;8.45;0.51;245.01;12.02;747;82;3706.00;147
9925;82;627487131;9925;295;10670;10816;8.37;0.51;244.98;12.03;745;82;3707.00;146
9925;82;627487140;9925;299;10681;10828;8.33;0.51;244.98;12.03;756;82;3708.00;147
9925;82;627487150;9925;305;10683;10828;8.28;0.51;244.98;12.04;758;82;3709.00;145
9928;82;627487160;9928;312;10683;10828;8.23;0.50;244.96;12.04;755;82;3710.00;145
9928;82;627487170;9928;318;10687;10828;8.17;0.50;244.96;12.07;759;82;3711.00;141
9929;82;627487179;9929;331;10687;10828;8.13;0.50;244.95;12.07;758;82;3712.00;141
9931;82;627487189;9931;338;10690;10828;7.96;0.49;244.93;12.09;759;82;3713.00;138
9931;82;627487199;9931;343;10691;10829;7.81;0.48;244.93;12.10;760;82;3714.00;138
9933;82;627487214;9933;336;10693;10829;7.70;0.47;244.90;12.12;760;82;3715.00;136
9934;82;627487224;9934;333;10698;10835;7.72;0.48;244.90;12.12;764;82;3716.00;137
9934;82;627487235;9934;333;10701;10836;7.66;0.47;244.90;12.12;767;82;3717.00;135
9935;82;627487246;9935;333;10704;10836;7.60;0.47;244.89;12.14;769;82;3718.00;132
9936;82;627487256;9936;322;10706;10836;7.56;0.47;244.91;12.15;770;82;3719.00;130
9939;82;627487268;9939;318;10712;10841;7.51;0.46;244.89;12.16;773;82;3720.00;129
9941;82;627487279;9941;309;10713;10841;7.48;0.46;244.96;12.17;772;82;3721.00;128
9946;82;627487295;9946;306;10713;10841;7.41;0.46;244.90;12.17;767;82;3722.00;128
9948;83;627487306;9948;298;10716;10842;7.43;0.46;244.88;12.18;768;83;3723.00;126
9948;83;627487329;9948;288;10720;10846;7.45;0.46;244.88;12.18;772;83;3724.00;126
9949;83;627487340;9949;283;10720;10846;7.52;0.46;244.88;12.18;771;83;3725.00;126
9949;83;627487350;9949;281;10724;10849;7.60;0.47;244.88;12.19;775;83;3726.00;125
9953;83;627487360;9953;282;10725;10849;7.67;0.47;244.94;12.19;772;83;3727.00;124
9955;83;627487370;9955;285;10726;10849;7.78;0.48;244.94;12.19;771;83;3728.00;123
9955;84;627487380;9955;280;10727;10849;7.86;0.48;244.94;12.19;772;84;3729.00;122
9958;84;627487403;9958;283;10730;10853;7.93;0.48;244.91;12.19;772;84;3730.00;123
9961;84;627487414;9961;287;10731;10853;7.91;0.48;244.88;12.20;770;84;3731.00;122
9962;84;627487423;9962;283;10732;10853;7.91;0.48;244.86;12.20;770;84;3732.00;121
9964;84;627487433;9964;290;10733;10853;7.86;0.48;244.84;12.21;769;84;3733.00;120
9965;84;627487442;9965;287;10733;10854;7.81;0.48;244.85;12.21;768;84;3734.00;121
9968;84;627487451;9968;287;10736;10856;7.79;0.47;244.82;12.21;768;84;3735.00;120
9971;84;627487464;9971;288;10736;10856;7.75;0.47;244.82;12.21;765;84;3736.00;120
9974;84;627487480;9974;287;10737;10857;7.71;0.47;244.82;12.21;763;84;3737.00;120
9977;84;627487495;9977;288;10738;10857;7.63;0.47;244.83;12.22;761;84;3738.00;119
9981;84;627487508;9981;288;10740;10857;7.52;0.46;244.90;12.23;759;84;3739.00;117
9984;84;627487523;9984;282;10740;10857;7.49;0.46;244.91;12.23;756;84;3740.00;117
9990;84;627487536;9990;278;10741;10857;7.40;0.45;244.92;12.24;751;84;3741.00;116
9993;84;627487559;9993;271;10741;10857;7.37;0.45;244.92;12.24;748;84;3742.00;116
9998;84;627487573;9998;264;10742;10857;7.33;0.45;244.95;12.24;744;84;3743.00;115
9999;84;627487585;9999;276;10811;10984;7.64;0.48;244.99;12.17;812;84;3744.00;173
10003;84;627487607;10003;269;10815;10985;7.64;0.48;244.99;12.17;812;84;3745.00;170
10008;84;627487619;10008;255;10825;10985;7.68;0.48;244.99;12.16;817;84;3746.00;160
10014;84;627487630;10014;246;10829;10985;7.74;0.48;244.96;12.16;815;84;3747.00;156
10019;84;627487641;10019;239;10835;10985;7.74;0.48;244.95;12.16;816;84;3748.00;150
10022;84;627487652;10022;235;10837;10985;7.77;0.48;244.96;12.16;815;84;3749.00;148
10026;84;627487665;10026;237;10841;10990;7.83;0.49;245.05;12.16;815;84;3750.00;149
10031;84;627487677;10031;228;10844;10990;7.91;0.49;245.02;12.15;813;84;3751.00;146
10033;84;627487689;10033;229;10847;10991;8.02;0.49;245.01;12.15;814;84;3752.00;144
10036;84;627487699;10036;224;10850;10992;8.09;0.50;245.03;12.15;814;84;3753.00;142
10039;84;627487711;10039;228;10852;10992;8.17;0.50;245.03;12.15;813;84;3754.00;140
10041;84;627487723;10041;232;10854;10993;8.27;0.51;245.05;12.15;813;84;3755.00;139
10047;84;627487735;10047;231;10858;10993;8.30;0.51;245.05;12.15;811;84;3756.00;135
10052;84;627487746;10052;233;10860;10993;8.34;0.51;245.02;12.15;808;84;3757.00;133
10055;84;627487757;10055;232;10862;10993;8.41;0.52;245.02;12.15;807;84;3758.00;131
10060;84;627487769;10060;228;10865;10997;8.41;0.52;245.02;12.15;805;84;3759.00;132
10062;84;627487781;10062;229;10868;10997;8.51;0.52;245.09;12.15;806;84;3760.00;129
10066;84;627487793;10066;231;10871;10997;8.56;0.53;245.08;12.30;805;84;3761.00;126
10069;84;627487806;10069;227;10874;11000;8.62;0.53;245.10;12.30;805;84;3762.00;126
10075;84;627487819;10075;221;10876;11000;8.64;0.53;245.08;12.29;801;84;3763.00;124
10078;84;627487831;10078;222;10876;11000;8.75;0.54;245.09;12.29;798;84;3764.00;124
10085;84;627487843;10085;222;10879;11004;8.74;0.53;245.09;12.29;794;84;3765.00;125
10088;84;627487855;10088;219;10880;11005;8.75;0.53;245.10;12.29;792;84;3766.00;125
10091;84;627487867;10091;216;10880;11005;8.71;0.53;245.09;12.29;789;84;3767.00;125
10095;84;627487879;10095;213;10883;11009;8.77;0.54;245.07;12.29;788;84;3768.00;126
10100;84;627487892;10100;215;10884;11009;8.79;0.54;245.11;12.29;784;84;3769.00;125
10101;84;627487904;10101;214;10884;11009;8.87;0.54;245.14;12.29;783;84;3770.00;125
10108;84;627487916;10108;216;10885;11010;8.79;0.54;245.15;12.29;777;84;3771.00;125
10111;84;627487934;10111;215;10887;11010;8.75;0.53;245.14;12.29;776;84;3772.00;123
10118;84;627487946;10118;208;10891;11016;8.73;0.53;245.17;12.28;773;84;3773.00;125
10123;84;627487959;10123;213;10891;11016;8.72;0.53;245.27;12.28;768;84;3774.00;125
10126;84;627487972;10126;215;10892;11017;8.83;0.54;245.26;12.28;766;84;3775.00;125
10130;84;627487984;10130;215;10892;11017;8.92;0.54;245.29;12.28;762;84;3776.00;125
10136;84;627488003;10136;216;10893;11017;9.00;0.55;245.30;12.28;757;84;3777.00;124
10139;84;627488015;10139;216;10893;11017;9.06;0.55;245.32;12.28;754;84;3778.00;124
10144;84;627488027;10144;213;10893;11017;9.06;0.55;245.35;12.28;749;84;3779.00;124
10145;84;627488042;10145;219;10918;11053;9.19;0.56;245.37;12.25;773;84;3780.00;135
10147;84;627488057;10147;219;10918;11053;9.19;0.56;245.39;12.25;771;84;3781.00;135
10150;84;627488070;10150;219;10920;11053;9.22;0.56;245.39;12.25;770;84;3782.00;133
10150;84;627488081;10150;220;10921;11053;9.28;0.57;245.39;12.25;771;84;3783.00;132
10154;84;627488093;10154;225;10922;11053;9.29;0.57;245.49;12.25;768;84;3784.00;131
10156;84;627488105;10156;233;10922;11053;9.33;0.57;245.53;12.25;766;84;3785.00;131
10159;84;627488118;10159;232;10926;11057;9.32;0.57;245.53;12.25;767;84;3786.00;131
10164;84;627488129;10164;234;10926;11057;9.30;0.57;245.55;12.25;762;84;3787.00;131
10167;84;627488142;10167;233;10929;11061;9.24;0.57;245.58;12.24;762;84;3788.00;132
10170;84;627488154;10170;229;10932;11062;9.22;0.57;245.60;12.39;762;84;3789.00;130
10173;84;627488166;10173;230;10933;11062;9.15;0.56;245.63;12.39;760;84;3790.00;129
10177;84;627488179;10177;230;10933;11062;9.11;0.56;245.61;12.39;756;84;3791.00;129
10181;84;627488191;10181;229;10944;11075;9.13;0.56;245.61;12.38;763;84;3792.00;131
10186;84;627488203;10186;222;10944;11075;9.12;0.56;245.62;12.38;758;84;3793.00;131
10189;84;627488215;10189;217;10944;11075;9.09;0.56;245.63;12.38;755;84;3794.00;131
10191;84;627488227;10191;216;10945;11076;9.13;0.56;245.61;12.38;754;84;3795.00;131
10195;84;627488240;10195;202;10945;11077;9.20;0.56;245.62;12.38;750;84;3796.00;132
10199;84;627488253;10199;190;10945;11077;9.32;0.57;245.71;12.38;746;84;3797.00;132
10202;84;627488266;10202;179;10947;11080;9.42;0.57;245.76;12.37;745;84;3798.00;133
10205;84;627488279;10205;176;10947;11080;9.51;0.58;245.74;12.37;742;84;3799.00;133
10206;84;627488299;10206;173;10948;11080;9.57;0.58;245.74;12.37;742;84;3800.00;132
10210;84;627488315;10210;169;10948;11080;9.64;0.59;245.75;12.37;738;84;3801.00;132
10211;84;627488328;10211;160;10952;11086;9.68;0.59;245.77;12.37;741;84;3802.00;134
10213;84;627488341;10213;157;10952;11086;9.80;0.60;245.75;12.37;739;84;3803.00;134
10215;84;627488353;10215;153;10953;11086;9.98;0.61;245.76;12.37;738;84;3804.00;133
10217;84;627488365;10217;147;10953;11086;10.02;0.61;245.73;12.37;736;84;3805.00;133
10223;84;627488376;10223;151;10956;11090;10.00;0.61;245.81;12.36;733;84;3806.00;134
10225;84;627488391;10225;150;10957;11091;10.10;0.61;245.79;12.36;732;84;3807.00;134
10229;84;627488404;10229;154;10957;11091;10.11;0.61;245.83;12.36;728;84;3808.00;134
10232;84;627488422;10232;149;10958;11092;10.13;0.62;245.86;12.36;726;84;3809.00;134
10235;84;627488436;10235;154;10958;11092;10.21;0.62;245.82;12.36;723;84;3810.00;134
10238;84;627488449;10238;157;10958;11092;10.17;0.62;245.81;12.36;720;84;3811.00;134
10241;84;627488463;10241;159;10958;11092;10.30;0.63;245.82;12.36;717;84;3812.00;134
10243;84;627488475;10243;163;10958;11092;10.39;0.63;245.82;12.36;715;84;3813.00;134
10244;84;627488487;10244;164;10958;11092;10.48;0.64;245.82;12.36;714;84;3814.00;134
10248;84;627488498;10248;162;10958;11092;10.52;0.64;245.82;12.36;710;84;3815.00;134
10254;84;627488510;10254;175;10996;11162;10.33;0.63;245.84;12.32;742;84;3816.00;166
10257;84;627488533;10257;177;10997;11163;10.42;0.63;245.83;12.32;740;84;3817.00;166
10261;84;627488545;10261;172;11003;11163;10.62;0.65;245.81;12.31;742;84;3818.00;160
10264;84;627488557;10264;178;11007;11163;10.74;0.65;245.80;12.31;743;84;3819.00;156
10267;84;627488570;10267;179;11010;11163;10.79;0.66;245.83;12.31;743;84;3820.00;153
10270;84;627488581;10270;178;11014;11163;10.84;0.66;245.81;12.30;744;84;3821.00;149
10274;84;627488598;10274;177;11019;11163;10.86;0.66;245.81;12.30;745;84;3822.00;144
10277;84;627488610;10277;181;11021;11163;10.89;0.66;245.83;12.45;744;84;3823.00;142
10278;84;627488623;10278;188;11023;11164;10.96;0.67;245.81;12.45;745;84;3824.00;141
10280;84;627488634;10280;190;11025;11166;10.85;0.66;245.86;12.45;745;84;3825.00;141
10280;84;627488646;10280;190;11026;11166;10.83;0.66;245.86;12.45;746;84;3826.00;140
10283;84;627488657;10283;194;11029;11170;10.75;0.66;245.84;12.44;746;84;3827.00;141
10285;84;627488668;10285;192;11029;11170;10.67;0.65;245.85;12.44;744;84;3828.00;141
10291;84;627488678;10291;192;11029;11170;10.58;0.64;245.95;12.44;738;84;3829.00;141
10296;84;627488690;10296;197;11029;11170;10.55;0.64;245.97;12.44;733;84;3830.00;141
10299;84;627488702;10299;201;11032;11176;10.52;0.64;246.01;12.44;733;84;3831.00;144
10304;84;627488714;10304;205;11032;11176;10.49;0.64;246.02;12.44;728;84;3832.00;144
10306;84;627488725;10306;203;11033;11176;10.56;0.64;246.02;12.44;727;84;3833.00;143
10306;84;627488736;10306;207;11035;11179;10.55;0.64;246.02;12.44;729;84;3834.00;144
10310;84;627488751;10310;208;11036;11179;10.51;0.64;245.99;12.44;726;84;3835.00;143
10313;84;627488761;10313;207;11036;11179;10.47;0.64;245.99;12.44;723;84;3836.00;143
10317;84;627488770;10317;211;11036;11180;10.44;0.64;245.98;12.44;719;84;3837.00;144
10319;84;627488779;10319;214;11037;11181;10.50;0.64;245.97;12.44;718;84;3838.00;144
10321;84;627488788;10321;207;11038;11181;10.42;0.63;245.95;12.59;717;84;3839.00;143
10327;84;627488799;10327;206;11053;11207;10.27;0.62;245.93;12.57;726;84;3840.00;154
10328;84;627488811;10328;198;11054;11207;10.28;0.63;245.93;12.57;726;84;3841.00;153
10334;84;627488820;10334;198;11056;11207;10.25;0.62;245.88;12.57;722;84;3842.00;151
10336;84;627488830;10336;200;11058;11208;10.25;0.62;245.85;12.57;722;84;3843.00;150
10338;84;627488845;10338;198;11058;11208;10.26;0.62;245.89;12.57;720;84;3844.00;150
10343;84;627488854;10343;204;11061;11212;10.33;0.63;245.83;12.58;718;84;3845.00;151
10344;84;627488864;10344;202;11062;11214;10.29;0.62;245.82;12.58;718;84;3846.00;152
10348;84;627488874;10348;201;11066;11218;10.29;0.62;245.78;12.57;718;84;3847.00;152
10351;84;627488883;10351;200;11067;11218;10.26;0.62;245.77;12.57;716;84;3848.00;151
10355;84;627488893;10355;198;11067;11218;10.24;0.62;245.73;12.57;712;84;3849.00;151
10356;84;627488902;10356;197;11067;11218;10.29;0.62;245.72;12.57;711;84;3850.00;151
10359;84;627488911;10359;194;11067;11218;10.31;0.63;245.68;12.57;708;84;3851.00;151
10362;84;627488919;10362;192;11078;11230;10.34;0.63;245.63;12.56;716;84;3852.00;152
10363;84;627488930;10363;187;11079;11230;10.33;0.63;245.63;12.71;716;84;3853.00;151
10365;84;627488945;10365;188;11079;11230;10.33;0.63;245.62;12.71;714;84;3854.00;151
10367;84;627488954;10367;186;11079;11230;10.40;0.63;245.62;12.71;712;84;3855.00;151
10370;84;627488964;10370;191;11080;11230;10.34;0.63;245.59;12.86;710;84;3856.00;150
10372;84;627488974;10372;195;11081;11230;10.32;0.63;245.60;12.86;709;84;3857.00;149
10373;84;627488984;10373;204;11081;11231;10.29;0.62;245.60;12.86;708;84;3858.00;150
10374;84;627488997;10374;207;11082;11231;10.23;0.62;245.59;13.00;708;84;3859.00;149
10376;84;627489008;10376;210;11087;11237;10.15;0.62;245.59;13.00;711;84;3860.00;150
10378;84;627489018;10378;214;11091;11238;10.08;0.61;245.57;13.00;713;84;3861.00;147
10382;84;627489028;10382;220;11091;11238;9.92;0.60;245.53;13.00;709;84;3862.00;147
10382;84;627489043;10382;222;11092;11238;9.78;0.60;245.53;13.00;710;84;3863.00;146
10383;84;627489057;10383;229;11094;11242;9.65;0.59;245.52;13.00;711;84;3864.00;148
10385;84;627489066;10385;236;11095;11242;9.45;0.58;245.50;13.00;710;84;3865.00;147
10387;84;627489075;10387;244;11096;11242;9.33;0.57;245.49;13.01;709;84;3866.00;146
10389;84;627489084;10389;243;11097;11243;9.27;0.57;245.48;13.01;708;84;3867.00;146
10391;84;627489094;10391;240;11101;11247;9.17;0.56;245.52;13.01;710;84;3868.00;146
10393;84;627489104;10393;237;11102;11247;9.16;0.56;245.52;13.01;709;84;3869.00;145
10395;84;627489115;10395;238;11106;11253;9.17;0.56;245.51;13.02;711;84;3870.00;147
10395;84;627489125;10395;238;11108;11253;9.23;0.56;245.51;13.02;713;84;3871.00;145
10397;85;627489134;10397;233;11111;11253;9.20;0.56;245.50;13.04;714;85;3872.00;142
10397;86;627489155;10397;227;11112;11253;9.23;0.56;245.50;13.04;715;86;3873.00;141
10398;86;627489174;10398;223;11116;11257;9.30;0.57;245.50;13.05;718;86;3874.00;141
10400;86;627489184;10400;219;11117;11257;9.36;0.57;245.47;13.06;717;86;3875.00;140
10403;86;627489194;10403;220;11119;11257;9.39;0.57;245.47;13.06;716;86;3876.00;138
10405;86;627489214;10405;217;11120;11257;9.37;0.57;245.46;13.06;715;86;3877.00;137
10407;87;627489223;10407;215;11121;11258;9.27;0.57;245.48;13.08;714;87;3878.00;137
10408;87;627489244;10408;219;11123;11259;9.15;0.56;245.48;13.08;715;87;3879.00;136
10409;87;627489254;10409;221;11124;11259;9.11;0.56;245.48;13.09;715;87;3880.00;135
10411;87;627489264;10411;225;11126;11260;9.06;0.55;245.47;13.10;715;87;3881.00;134
10412;87;627489274;10412;225;11127;11260;9.02;0.55;245.47;13.11;715;87;3882.00;133
10413;87;627489283;10413;228;11128;11260;8.95;0.55;245.46;13.12;715;87;3883.00;132
10415;87;627489292;10415;233;11129;11260;8.88;0.54;245.46;13.12;714;87;3884.00;131
10415;87;627489301;10415;234;11129;11260;8.78;0.54;245.46;13.12;714;87;3885.00;131
10417;87;627489310;10417;238;11131;11260;8.65;0.53;245.45;13.13;714;87;3886.00;129
10419;87;627489318;10419;247;11131;11260;8.56;0.52;245.50;13.13;712;87;3887.00;129
10422;87;627489327;10422;271;11195;11387;8.53;0.53;245.49;13.06;773;87;3888.00;192
10423;87;627489346;10423;260;11197;11388;8.46;0.52;245.52;13.07;774;87;3889.00;191
10424;87;627489356;10424;252;11208;11388;8.53;0.53;245.51;13.06;784;87;3890.00;180
10428;87;627489365;10428;251;11214;11388;8.48;0.53;245.57;13.05;786;87;3891.00;174
10429;87;627489375;10429;252;11221;11388;8.51;0.53;245.55;13.06;792;87;3892.00;167
10431;87;627489384;10431;244;11227;11388;8.53;0.53;245.53;13.06;796;87;3893.00;161
10434;87;627489395;10434;241;11233;11388;8.49;0.52;245.51;13.07;799;87;3894.00;155
10434;87;627489404;10434;245;11237;11388;8.50;0.52;245.51;13.06;803;87;3895.00;151
10439;87;627489419;10439;243;11241;11389;8.45;0.52;245.49;13.07;802;87;3896.00;148
10442;87;627489430;10442;243;11245;11390;8.42;0.52;245.49;13.07;803;87;3897.00;145
10444;87;627489440;10444;242;11251;11390;8.37;0.51;245.48;13.10;807;87;3898.00;139
10446;87;627489450;10446;239;11253;11391;8.36;0.51;245.51;13.10;807;87;3899.00;138
10446;87;627489464;10446;246;11258;11406;8.28;0.51;245.51;13.10;812;87;3900.00;148
10449;87;627489489;10449;248;11259;11406;8.14;0.50;245.54;13.11;810;87;3901.00;147
10455;87;627489506;10455;253;11263;11406;8.05;0.50;245.55;13.11;808;87;3902.00;143
10459;87;627489523;10459;256;11265;11410;8.07;0.50;245.56;13.10;806;87;3903.00;145
10464;87;627489539;10464;255;11269;11410;8.01;0.49;245.53;13.11;805;87;3904.00;141
10467;87;627489555;10467;261;11269;11410;7.94;0.49;245.60;13.11;802;87;3905.00;141
10470;87;627489571;10470;260;11274;11413;7.78;0.48;245.63;13.12;804;87;3906.00;139
10474;87;627489583;10474;266;11274;11413;7.63;0.47;245.63;13.12;800;87;3907.00;139
10478;87;627489596;10478;266;11275;11413;7.48;0.46;245.62;13.12;797;87;3908.00;138
10483;87;627489608;10483;269;11279;11417;7.35;0.45;245.65;13.12;796;87;3909.00;138
10487;87;627489619;10487;252;11282;11418;7.38;0.45;245.64;13.14;795;87;3910.00;136
10491;87;627489631;10491;251;11283;11418;7.41;0.46;245.68;13.15;792;87;3911.00;135
10494;87;627489643;10494;243;11286;11422;7.48;0.46;245.75;13.14;792;87;3912.00;136
10500;87;627489655;10500;242;11286;11422;7.53;0.46;245.76;13.14;786;87;3913.00;136
10503;87;627489667;10503;239;11289;11422;7.59;0.47;245.74;13.15;786;87;3914.00;133
10507;87;627489686;10507;231;11292;11424;7.64;0.47;245.78;13.15;785;87;3915.00;132
10510;87;627489699;10510;230;11292;11424;7.68;0.47;245.84;13.15;782;87;3916.00;132
10512;87;627489711;10512;218;11297;11430;7.74;0.48;245.84;13.16;785;87;3917.00;133
10516;87;627489723;10516;217;11298;11430;7.86;0.49;245.88;13.16;782;87;3918.00;132
10518;87;627489737;10518;211;11299;11431;8.02;0.49;245.86;13.16;781;87;3919.00;132
10524;87;627489748;10524;209;11300;11431;8.10;0.50;245.89;13.16;776;87;3920.00;131
10528;87;627489759;10528;206;11300;11431;8.23;0.51;245.90;13.16;772;87;3921.00;131
10531;87;627489770;10531;204;11300;11431;8.37;0.52;245.89;13.16;769;87;3922.00;131
10537;87;627489782;10537;199;11301;11431;8.45;0.52;245.92;13.16;764;87;3923.00;130
10538;87;627489793;10538;196;11310;11443;8.68;0.53;245.93;13.15;772;87;3924.00;133
10546;87;627489806;10546;191;11310;11443;8.77;0.54;245.96;13.15;764;87;3925.00;133
10550;87;627489818;10550;190;11310;11443;8.83;0.54;245.97;13.15;760;87;3926.00;133
10553;87;627489829;10553;193;11311;11443;8.93;0.55;246.01;13.15;758;87;3927.00;132
10557;87;627489840;10557;195;11311;11443;9.07;0.56;246.01;13.15;754;87;3928.00;132
10563;88;627489851;10563;189;11313;11443;9.14;0.56;246.02;13.16;750;88;3929.00;130
10568;88;627489886;10568;191;11316;11447;9.25;0.57;246.03;13.15;748;88;3930.00;131
10573;88;627489898;10573;187;11316;11447;9.35;0.57;246.02;13.15;743;88;3931.00;131
10577;88;627489911;10577;186;11318;11451;9.44;0.58;246.02;13.15;741;88;3932.00;133
10580;88;627489923;10580;188;11320;11452;9.53;0.58;246.03;13.15;740;88;3933.00;132
10584;88;627489936;10584;188;11320;11452;9.55;0.58;246.01;13.15;736;88;3934.00;132
10589;88;627489947;10589;185;11320;11452;9.55;0.58;245.99;13.15;731;88;3935.00;132
10592;88;627489958;10592;186;11332;11465;9.52;0.58;245.98;13.14;740;88;3936.00;133
10598;88;627489972;10598;180;11333;11465;9.47;0.58;246.00;13.14;735;88;3937.00;132
10603;88;627489986;10603;182;11333;11465;9.53;0.58;246.09;13.14;730;88;3938.00;132
10605;88;627490002;10605;183;11335;11466;9.61;0.59;246.09;13.14;730;88;3939.00;131
10611;88;627490015;10611;186;11335;11467;9.65;0.59;246.23;13.14;724;88;3940.00;132
10614;88;627490028;10614;187;11336;11467;9.71;0.59;246.23;13.15;722;88;3941.00;131
10617;88;627490039;10617;185;11339;11470;9.81;0.60;246.24;13.14;722;88;3942.00;131
10623;88;627490051;10623;185;11339;11470;9.82;0.60;246.28;13.14;716;88;3943.00;131
10627;88;627490065;10627;189;11340;11470;9.86;0.60;246.27;13.14;713;88;3944.00;130
10629;88;627490076;10629;194;11341;11470;9.87;0.60;246.27;13.14;712;88;3945.00;129
10633;88;627490087;10633;194;11345;11476;9.88;0.60;246.33;13.14;712;88;3946.00;131
10637;88;627490100;10637;201;11346;11476;9.84;0.60;246.34;13.14;709;88;3947.00;130
10640;88;627490111;10640;205;11346;11476;9.80;0.60;246.38;13.14;706;88;3948.00;130
10646;88;627490123;10646;208;11347;11476;9.66;0.59;246.41;13.14;701;88;3949.00;129
10649;88;627490134;10649;207;11351;11480;9.58;0.58;246.45;13.13;702;88;3950.00;129
10653;88;627490145;10653;213;11353;11481;9.48;0.58;246.44;13.28;700;88;3951.00;128
10655;88;627490158;10655;223;11353;11481;9.43;0.58;246.46;13.28;698;88;3952.00;128
10658;88;627490169;10658;221;11354;11482;9.31;0.57;246.46;13.28;696;88;3953.00;128
10661;88;627490180;10661;224;11354;11482;9.20;0.56;246.46;13.28;693;88;3954.00;128
10666;89;627490191;10666;223;11354;11482;9.04;0.55;246.48;13.28;688;89;3955.00;128
10668;89;627490219;10668;232;11354;11482;9.02;0.55;246.48;13.28;686;89;3956.00;128
10671;89;627490229;10671;219;11354;11482;8.90;0.55;246.52;13.28;683;89;3957.00;128
10675;89;627490241;10675;220;11354;11482;8.81;0.54;246.51;13.28;679;89;3958.00;128
10679;89;627490253;10679;219;11354;11482;8.74;0.53;246.53;13.28;675;89;3959.00;128
10683;89;627490266;10683;236;11425;11607;8.59;0.53;246.51;13.19;742;89;3960.00;182
10688;89;627490287;10688;224;11426;11608;8.55;0.53;246.56;13.19;738;89;3961.00;182
10693;89;627490299;10693;218;11432;11608;8.69;0.54;246.66;13.19;739;89;3962.00;176
10698;89;627490310;10698;216;11434;11608;8.77;0.54;246.76;13.18;736;89;3963.00;174
10702;89;627490322;10702;209;11438;11608;8.86;0.54;246.77;13.18;736;89;3964.00;170
10706;89;627490333;10706;218;11441;11608;8.94;0.55;246.85;13.18;735;89;3965.00;167
10709;89;627490354;10709;205;11446;11608;9.00;0.55;246.89;13.18;737;89;3966.00;162
10714;89;627490365;10714;195;11449;11608;9.01;0.55;246.95;13.32;735;89;3967.00;159
10716;89;627490377;10716;184;11455;11609;9.02;0.55;246.98;13.31;739;89;3968.00;154
10718;89;627490388;10718;181;11456;11610;9.03;0.55;246.96;13.31;738;89;3969.00;154
10720;89;627490399;10720;179;11457;11610;8.94;0.55;246.98;13.31;737;89;3970.00;153
10723;89;627490411;10723;179;11461;11614;8.90;0.55;247.01;13.31;738;89;3971.00;153
10725;89;627490422;10725;180;11462;11614;8.92;0.55;247.03;13.31;737;89;3972.00;152
10731;89;627490440;10731;178;11462;11614;8.94;0.55;247.04;13.31;731;89;3973.00;152
10734;89;627490451;10734;180;11463;11614;8.93;0.55;247.05;13.31;729;89;3974.00;151
10735;89;627490472;10735;185;11467;11620;9.00;0.55;247.06;13.30;732;89;3975.00;153
10738;89;627490493;10738;188;11467;11620;9.10;0.56;247.07;13.30;729;89;3976.00;153
10739;89;627490505;10739;189;11469;11620;9.14;0.56;247.07;13.30;730;89;3977.00;151
10742;89;627490517;10742;187;11471;11623;9.25;0.57;247.06;13.30;729;89;3978.00;152
10743;89;627490528;10743;187;11472;11623;9.30;0.57;247.06;13.30;729;89;3979.00;151
10744;89;627490538;10744;185;11473;11623;9.34;0.57;247.06;13.30;729;89;3980.00;150
10746;89;627490549;10746;185;11473;11624;9.43;0.58;247.05;13.30;727;89;3981.00;151
10748;89;627490559;10748;193;11474;11625;9.49;0.58;247.02;13.30;726;89;3982.00;151
10752;90;627490570;10752;198;11474;11625;9.52;0.58;246.98;13.30;722;90;3983.00;151
10755;90;627490592;10755;199;11484;11638;9.58;0.59;246.99;13.29;729;90;3984.00;154
10757;90;627490604;10757;202;11484;11638;9.60;0.59;247.04;13.29;727;90;3985.00;154
10761;90;627490615;10761;197;11484;11638;9.70;0.59;247.00;13.29;723;90;3986.00;154
10763;90;627490625;10763;201;11485;11639;9.77;0.60;246.98;13.29;722;90;3987.00;154
10765;90;627490635;10765;204;11485;11639;9.78;0.60;246.98;13.29;720;90;3988.00;154
10766;90;627490652;10766;211;11488;11643;9.87;0.60;246.97;13.28;722;90;3989.00;155
10766;90;627490664;10766;214;11488;11643;9.87;0.60;246.97;13.28;722;90;3990.00;155
10766;90;627490674;10766;213;11492;11647;9.88;0.60;246.97;13.28;726;90;3991.00;155
10772;90;627490683;10772;220;11492;11647;9.88;0.60;246.98;13.28;720;90;3992.00;155
10772;91;627490693;10772;222;11492;11647;9.91;0.61;246.98;13.28;720;91;3993.00;155
10774;91;627490709;10774;225;11492;11647;9.93;0.61;246.98;13.28;718;91;3994.00;155
10775;91;627490718;10775;223;11493;11647;9.95;0.61;246.97;13.42;718;91;3995.00;154
10777;91;627490728;10777;219;11502;11659;10.03;0.61;246.95;13.41;725;91;3996.00;157
10779;91;627490743;10779;218;11503;11659;10.10;0.62;246.94;13.41;724;91;3997.00;156
10782;91;627490752;10782;222;11504;11659;10.11;0.62;246.94;13.41;722;91;3998.00;155
10784;91;627490762;10784;223;11504;11659;10.13;0.62;246.92;13.41;720;91;3999.00;155
10787;91;627490773;10787;226;11504;11659;10.09;0.62;246.89;13.41;717;91;4000.00;155
10787;91;627490786;10787;229;11504;11659;10.08;0.62;246.89;13.41;717;91;4001.00;155
10794;91;627490796;10794;230;11504;11660;10.02;0.61;246.84;13.41;710;91;4002.00;156
10797;91;627490805;10797;229;11504;11660;10.05;0.62;246.84;13.41;707;91;4003.00;156
10803;91;627490815;10803;225;11508;11666;9.99;0.61;246.76;13.41;705;91;4004.00;158
10804;91;627490825;10804;228;11511;11668;10.02;0.61;246.75;13.40;707;91;4005.00;157
10806;91;627490834;10806;229;11511;11668;10.07;0.62;246.74;13.40;705;91;4006.00;157
10811;91;627490844;10811;231;11511;11668;10.03;0.61;246.70;13.40;700;91;4007.00;157
10812;91;627490854;10812;227;11514;11672;10.01;0.61;246.71;13.40;702;91;4008.00;158
10814;91;627490863;10814;228;11514;11672;10.00;0.61;246.72;13.40;700;91;4009.00;158
10816;91;627490872;10816;228;11515;11672;9.96;0.61;246.69;13.54;699;91;4010.00;157
10817;91;627490880;10817;231;11516;11673;9.95;0.61;246.68;13.54;699;91;4011.00;157
10820;91;627490890;10820;236;11520;11677;9.87;0.60;246.66;13.67;700;91;4012.00;157
10823;91;627490899;10823;229;11520;11677;9.92;0.60;246.70;13.67;697;91;4013.00;157
10828;91;627490908;10828;229;11523;11680;9.96;0.60;246.68;13.68;695;91;4014.00;157
10832;91;627490919;10832;231;11526;11680;10.02;0.61;246.68;13.84;694;91;4015.00;154
10835;91;627490935;10835;231;11526;11680;10.06;0.61;246.65;13.84;691;91;4016.00;154
10836;91;627490944;10836;225;11527;11680;10.07;0.61;246.65;13.97;691;91;4017.00;153
10839;91;627490953;10839;220;11530;11684;10.14;0.61;246.65;13.97;691;91;4018.00;154
10842;91;627490963;10842;205;11530;11684;10.21;0.62;246.61;13.97;688;91;4019.00;154
10847;91;627490974;10847;191;11532;11684;10.30;0.62;246.57;14.10;685;91;4020.00;152
10847;91;627490984;10847;181;11532;11684;10.41;0.63;246.57;14.10;685;91;4021.00;152
10848;91;627490993;10848;172;11532;11685;10.50;0.64;246.55;14.10;684;91;4022.00;153
10850;91;627491003;10850;168;11534;11686;10.55;0.64;246.54;14.23;684;91;4023.00;152
10851;92;627491014;10851;162;11534;11686;10.63;0.64;246.55;14.23;683;92;4024.00;152
10853;92;627491039;10853;152;11535;11687;10.68;0.65;246.55;14.23;682;92;4025.00;152
10854;93;627491060;10854;143;11535;11687;10.72;0.65;246.54;14.23;681;93;4026.00;152
10857;93;627491079;10857;138;11536;11687;10.75;0.65;246.51;14.23;679;93;4027.00;151
10857;93;627491089;10857;134;11536;11687;10.86;0.66;246.51;14.23;679;93;4028.00;151
10857;93;627491103;10857;129;11536;11687;10.94;0.66;246.51;14.23;679;93;4029.00;151
10857;93;627491113;10857;126;11536;11687;10.96;0.66;246.51;14.23;679;93;4030.00;151
10858;93;627491122;10858;125;11536;11687;11.03;0.67;246.51;14.23;678;93;4031.00;151
10860;93;627491131;10860;140;11599;11814;11.04;0.67;246.51;14.15;739;93;4032.00;215
10860;93;627491151;10860;134;11603;11815;11.04;0.67;246.51;14.28;743;93;4033.00;212
10861;94;627491168;10861;130;11612;11815;11.14;0.68;246.50;14.27;751;94;4034.00;203
10862;94;627491188;10862;131;11618;11815;11.17;0.68;246.48;14.26;756;94;4035.00;197
10863;94;627491198;10863;124;11625;11815;11.14;0.68;246.48;14.40;762;94;4036.00;190
10864;94;627491209;10864;125;11631;11815;11.11;0.68;246.53;14.40;767;94;4037.00;184
10864;94;627491219;10864;128;11636;11815;11.17;0.68;246.53;14.39;772;94;4038.00;179
10866;94;627491239;10866;136;11638;11815;11.13;0.68;246.55;14.39;772;94;4039.00;177
10869;94;627491250;10869;142;11644;11816;11.05;0.68;246.53;14.41;775;94;4040.00;172
10872;94;627491266;10872;146;11647;11817;10.96;0.67;246.52;14.41;775;94;4041.00;170
10874;94;627491278;10874;153;11649;11817;10.86;0.66;246.52;14.41;775;94;4042.00;168
10879;94;627491288;10879;159;11655;11818;10.66;0.65;246.52;14.43;776;94;4043.00;163
10881;94;627491299;10881;164;11656;11818;10.52;0.64;246.51;14.43;775;94;4044.00;162
10883;94;627491310;10883;171;11656;11818;10.41;0.64;246.49;14.43;773;94;4045.00;162
10884;94;627491321;10884;177;11661;11818;10.30;0.63;246.52;14.45;777;94;4046.00;157
10888;94;627491331;10888;183;11663;11822;10.23;0.63;246.57;14.45;775;94;4047.00;159
10888;94;627491343;10888;195;11666;11822;10.11;0.62;246.57;14.45;778;94;4048.00;156
10890;94;627491353;10890;204;11668;11822;10.04;0.62;246.57;14.47;778;94;4049.00;154
10893;94;627491366;10893;211;11674;11828;9.93;0.61;246.57;14.48;781;94;4050.00;154
10899;94;627491377;10899;224;11675;11828;9.75;0.60;246.60;14.48;776;94;4051.00;153
10902;94;627491388;10902;229;11678;11828;9.61;0.59;246.62;14.50;776;94;4052.00;150
10903;94;627491399;10903;235;11681;11832;9.44;0.58;246.62;14.49;778;94;4053.00;151
10907;94;627491410;10907;241;11685;11833;9.27;0.57;246.62;14.52;778;94;4054.00;148
10909;94;627491421;10909;243;11686;11833;9.12;0.56;246.62;14.52;777;94;4055.00;147
10915;94;627491431;10915;248;11691;11837;8.99;0.55;246.64;14.54;776;94;4056.00;146
10917;94;627491448;10917;256;11692;11837;8.87;0.54;246.65;14.54;775;94;4057.00;145
10920;94;627491465;10920;256;11694;11837;8.74;0.54;246.67;14.56;774;94;4058.00;143
10923;94;627491481;10923;261;11696;11838;8.68;0.53;246.68;14.56;773;94;4059.00;142
10928;94;627491499;10928;258;11698;11838;8.54;0.52;246.71;14.58;770;94;4060.00;140
10928;94;627491515;10928;258;11702;11844;8.57;0.53;246.71;14.58;774;94;4061.00;142
10929;94;627491532;10929;256;11704;11844;8.53;0.52;246.69;14.60;775;94;4062.00;140
10932;94;627491547;10932;256;11705;11845;8.49;0.52;246.75;14.60;773;94;4063.00;140
10935;94;627491562;10935;251;11707;11845;8.42;0.52;246.76;14.61;772;94;4064.00;138
10937;94;627491578;10937;248;11707;11845;8.37;0.51;246.78;14.61;770;94;4065.00;138
10940;94;627491589;10940;244;11708;11845;8.34;0.51;246.80;14.62;768;94;4066.00;137
10943;94;627491601;10943;245;11709;11845;8.31;0.51;246.77;14.63;766;94;4067.00;136
10946;94;627491611;10946;247;11719;11857;8.39;0.51;246.80;14.61;773;94;4068.00;138
10950;94;627491623;10950;254;11721;11857;8.38;0.51;246.78;14.63;771;94;4069.00;136
10951;95;627491633;10951;254;11722;11857;8.42;0.51;246.77;14.63;771;95;4070.00;135
10954;95;627491661;10954;258;11724;11857;8.35;0.51;246.78;14.64;770;95;4071.00;133
10957;95;627491672;10957;255;11724;11857;8.24;0.50;246.76;14.64;767;95;4072.00;133
10958;95;627491683;10958;253;11725;11857;8.23;0.50;246.75;14.65;767;95;4073.00;132
10965;95;627491692;10965;251;11729;11861;8.07;0.49;246.76;14.65;764;95;4074.00;132
10971;95;627491703;10971;248;11730;11861;7.98;0.49;246.74;14.65;759;95;4075.00;131
10973;95;627491712;10973;249;11733;11865;7.99;0.49;246.73;14.65;760;95;4076.00;132
10976;95;627491722;10976;247;11734;11866;7.96;0.49;246.75;14.65;758;95;4077.00;132
10980;95;627491731;10980;254;11737;11866;7.81;0.48;246.74;14.66;757;95;4078.00;129
10982;95;627491740;10982;253;11737;11866;7.70;0.47;246.76;14.66;755;95;4079.00;129
10987;95;627491751;10987;248;11759;11895;7.53;0.46;246.78;14.64;772;95;4080.00;136
10989;95;627491763;10989;252;11763;11895;7.52;0.46;246.77;14.64;774;95;4081.00;132
10995;95;627491773;10995;253;11764;11895;7.49;0.46;246.76;14.64;769;95;4082.00;131
10999;95;627491784;10999;247;11767;11896;7.49;0.46;246.78;14.64;768;95;4083.00;129
11006;95;627491793;11006;252;11767;11897;7.47;0.46;246.76;14.64;761;95;4084.00;130
11010;95;627491804;11010;248;11768;11897;7.50;0.46;246.77;14.65;758;95;4085.00;129
11014;95;627491814;11014;252;11772;11900;7.61;0.47;246.79;14.64;758;95;4086.00;128
11015;95;627491825;11015;247;11772;11900;7.72;0.47;246.80;14.64;757;95;4087.00;128
11018;95;627491835;11018;244;11773;11900;7.81;0.48;246.84;14.65;755;95;4088.00;127
11020;95;627491845;11020;239;11773;11900;7.93;0.49;246.87;14.65;753;95;4089.00;127
11025;95;627491854;11025;235;11777;11906;8.06;0.49;246.86;14.64;752;95;4090.00;129
11031;95;627491864;11031;233;11778;11906;8.13;0.50;246.88;14.64;747;95;4091.00;128
11034;95;627491875;11034;224;11778;11906;8.19;0.50;246.93;14.64;744;95;4092.00;128
11040;95;627491885;11040;216;11778;11906;8.25;0.50;246.91;14.64;738;95;4093.00;128
11047;95;627491896;11047;214;11781;11910;8.32;0.51;246.92;14.64;734;95;4094.00;129
11049;95;627491906;11049;213;11783;11912;8.43;0.52;246.92;14.63;734;95;4095.00;129
11055;95;627491917;11055;217;11783;11912;8.57;0.52;246.94;14.63;728;95;4096.00;129
11059;95;627491927;11059;213;11784;11913;8.66;0.53;246.94;14.63;725;95;4097.00;129
11062;95;627491937;11062;209;11784;11913;8.74;0.53;246.98;14.63;722;95;4098.00;129
11067;95;627491947;11067;212;11784;11913;8.81;0.54;247.03;14.63;717;95;4099.00;129
11070;95;627491958;11070;209;11784;11913;8.86;0.54;247.04;14.63;714;95;4100.00;129
11077;95;627491974;11077;212;11784;11913;8.85;0.54;247.07;14.63;707;95;4101.00;129
11081;95;627491990;11081;208;11784;11913;8.88;0.54;247.05;14.63;703;95;4102.00;129
11083;95;627492001;11083;206;11784;11913;8.96;0.55;247.06;14.63;701;95;4103.00;129
11087;95;627492011;11087;209;11816;11983;8.96;0.55;247.07;14.59;729;95;4104.00;167
11092;95;627492027;11092;207;11817;11984;9.03;0.55;247.11;14.59;725;95;4105.00;167
11098;95;627492038;11098;208;11824;11984;9.20;0.56;247.11;14.59;726;95;4106.00;160
11103;95;627492049;11103;207;11828;11984;9.28;0.56;247.14;14.58;725;95;4107.00;156
11105;95;627492066;11105;208;11832;11984;9.42;0.57;247.14;14.58;727;95;4108.00;152
11108;95;627492076;11108;209;11835;11984;9.45;0.58;247.16;14.58;727;95;4109.00;149
11112;95;627492088;11112;209;11839;11984;9.51;0.58;247.15;14.57;727;95;4110.00;145
11115;95;627492099;11115;212;11840;11984;9.43;0.57;247.16;14.57;725;95;4111.00;144
11117;95;627492110;11117;217;11844;11985;9.46;0.58;247.15;14.57;727;95;4112.00;141
11121;95;627492120;11121;221;11845;11986;9.33;0.57;247.19;14.57;724;95;4113.00;141
11123;95;627492131;11123;221;11848;11986;9.29;0.57;247.22;14.57;725;95;4114.00;138
11127;95;627492141;11127;225;11851;11990;9.23;0.56;247.22;14.56;724;95;4115.00;139
11129;95;627492153;11129;228;11851;11990;9.18;0.56;247.20;14.56;722;95;4116.00;139
11133;95;627492164;11133;233;11851;11990;9.13;0.56;247.22;14.56;718;95;4117.00;139
11136;95;627492175;11136;238;11851;11990;9.11;0.56;247.20;14.56;715;95;4118.00;139
11141;95;627492185;11141;238;11855;11996;9.10;0.56;247.22;14.56;714;95;4119.00;141
11146;95;627492196;11146;248;11856;11996;9.02;0.55;247.23;14.56;710;95;4120.00;140
11149;95;627492207;11149;250;11858;11996;8.93;0.55;247.21;14.56;709;95;4121.00;138
11154;95;627492216;11154;257;11860;11999;8.86;0.54;247.29;14.56;706;95;4122.00;139
11158;95;627492228;11158;258;11862;11999;8.77;0.54;247.31;14.56;704;95;4123.00;137
11164;95;627492239;11164;270;11863;11999;8.71;0.53;247.31;14.56;699;95;4124.00;136
11169;95;627492250;11169;276;11863;12000;8.52;0.52;247.31;14.56;694;95;4125.00;137
11174;95;627492266;11174;283;11864;12001;8.32;0.50;247.39;14.55;690;95;4126.00;137
11176;95;627492277;11176;276;11864;12001;8.18;0.50;247.39;14.55;688;95;4127.00;137
11178;95;627492286;11178;276;11875;12014;8.21;0.50;247.41;14.54;697;95;4128.00;139
11181;95;627492296;11181;277;11875;12014;8.14;0.49;247.40;14.54;694;95;4129.00;139
11182;95;627492306;11182;275;11875;12014;8.11;0.49;247.39;14.54;693;95;4130.00;139
11183;95;627492322;11183;277;11876;12015;8.06;0.49;247.45;14.54;693;95;4131.00;139
11183;95;627492332;11183;277;11876;12015;8.01;0.49;247.45;14.54;693;95;4132.00;139
11186;95;627492342;11186;283;11879;12019;7.98;0.48;247.46;14.54;693;95;4133.00;140
11188;95;627492353;11188;282;11879;12019;7.88;0.48;247.45;14.54;691;95;4134.00;140
11189;95;627492363;11189;284;11883;12023;7.86;0.48;247.44;14.53;694;95;4135.00;140
11189;95;627492373;11189;272;11883;12023;7.83;0.48;247.44;14.53;694;95;4136.00;140
11191;95;627492383;11191;261;11883;12023;7.83;0.48;247.42;14.53;692;95;4137.00;140
11192;95;627492393;11192;249;11883;12023;7.87;0.48;247.41;14.53;691;95;4138.00;140
11194;95;627492403;11194;241;11883;12023;7.87;0.48;247.38;14.53;689;95;4139.00;140
11195;95;627492415;11195;243;11907;12057;7.98;0.49;247.40;14.50;712;95;4140.00;150
11195;95;627492427;11195;246;11908;12057;8.08;0.50;247.40;14.50;713;95;4141.00;149
11196;95;627492438;11196;244;11909;12057;8.20;0.50;247.39;14.50;713;95;4142.00;148
11199;95;627492448;11199;236;11909;12057;8.26;0.51;247.39;14.50;710;95;4143.00;148
11202;95;627492458;11202;230;11910;12057;8.31;0.51;247.35;14.50;708;95;4144.00;147
11204;95;627492476;11204;231;11910;12057;8.39;0.51;247.35;14.50;706;95;4145.00;147
11205;95;627492486;11205;229;11911;12058;8.48;0.52;247.34;14.50;706;95;4146.00;147
11206;95;627492496;11206;229;11911;12058;8.58;0.53;247.33;14.50;705;95;4147.00;147
11207;95;627492506;11207;224;11915;12064;8.66;0.53;247.32;14.49;708;95;4148.00;149
11208;95;627492517;11208;225;11916;12065;8.71;0.53;247.30;14.49;708;95;4149.00;149
11212;95;627492526;11212;224;11917;12065;8.82;0.54;247.31;14.49;705;95;4150.00;148
11214;95;627492536;11214;224;11917;12065;8.83;0.54;247.29;14.49;703;95;4151.00;148
11217;95;627492545;11217;226;11921;12069;8.83;0.54;247.24;14.49;704;95;4152.00;148
11219;95;627492555;11219;227;11921;12069;8.83;0.54;247.23;14.49;702;95;4153.00;148
11223;95;627492565;11223;230;11921;12069;8.92;0.54;247.19;14.49;698;95;4154.00;148
11226;95;627492574;11226;229;11922;12070;8.97;0.54;247.18;14.49;696;95;4155.00;148
11227;95;627492590;11227;230;11925;12074;9.05;0.55;247.17;14.48;698;95;4156.00;149
11228;95;627492600;11228;233;11925;12074;9.13;0.55;247.15;14.48;697;95;4157.00;149
11229;95;627492615;11229;229;11927;12077;9.26;0.56;247.15;14.48;698;95;4158.00;150
11231;95;627492624;11231;230;11927;12077;9.31;0.56;247.13;14.48;696;95;4159.00;150
11231;95;627492639;11231;228;11928;12077;9.43;0.57;247.13;14.48;697;95;4160.00;149
11234;95;627492653;11234;234;11928;12077;9.54;0.58;247.20;14.48;694;95;4161.00;149
11234;95;627492663;11234;237;11931;12081;9.63;0.59;247.20;14.48;697;95;4162.00;150
11238;95;627492678;11238;240;11931;12081;9.66;0.59;247.16;14.48;693;95;4163.00;150
11239;95;627492687;11239;242;11932;12081;9.73;0.59;247.15;14.48;693;95;4164.00;149
11241;95;627492696;11241;243;11932;12081;9.74;0.59;247.13;14.48;691;95;4165.00;149
11242;95;627492710;11242;248;11932;12082;9.71;0.59;247.12;14.48;690;95;4166.00;150
11243;95;627492719;11243;247;11933;12083;9.67;0.59;247.12;14.47;690;95;4167.00;150
11244;95;627492727;11244;250;11933;12083;9.63;0.58;247.12;14.47;689;95;4168.00;150
11244;95;627492736;11244;251;11934;12084;9.59;0.58;247.12;14.47;690;95;4169.00;150
11245;95;627492752;11245;254;11934;12084;9.51;0.58;247.12;14.47;689;95;4170.00;150
11245;95;627492761;11245;241;11934;12084;9.59;0.58;247.12;14.47;689;95;4171.00;150
11246;95;627492770;11246;226;11934;12084;9.58;0.58;247.12;14.47;688;95;4172.00;150
11248;95;627492779;11248;216;11936;12086;9.63;0.59;247.10;14.47;688;95;4173.00;150
11252;95;627492788;11252;206;11936;12086;9.70;0.59;247.07;14.47;684;95;4174.00;150
11252;95;627492802;11252;196;11936;12086;9.82;0.60;247.07;14.47;684;95;4175.00;150
11253;95;627492811;11253;211;12006;12213;9.66;0.59;247.05;14.39;753;95;4176.00;207
11255;95;627492829;11255;195;12006;12214;9.80;0.60;247.03;14.39;751;95;4177.00;208
11255;95;627492839;11255;178;12013;12214;9.97;0.61;247.03;14.52;758;95;4178.00;201
11259;95;627492850;11259;171;12015;12214;10.05;0.62;247.02;14.52;756;95;4179.00;199
11262;95;627492866;11262;161;12018;12214;10.16;0.62;247.02;14.51;756;95;4180.00;196
11262;95;627492875;11262;159;12024;12214;10.32;0.63;247.02;14.51;762;95;4181.00;190
11267;95;627492890;11267;154;12026;12214;10.37;0.63;246.98;14.51;759;95;4182.00;188
11268;95;627492899;11268;152;12033;12214;10.49;0.64;246.97;14.50;765;95;4183.00;181
11270;95;627492910;11270;147;12036;12215;10.62;0.65;247.01;14.50;766;95;4184.00;179
11275;95;627492925;11275;142;12040;12217;10.60;0.65;247.06;14.52;765;95;4185.00;177
11276;95;627492943;11276;140;12043;12217;10.75;0.66;247.05;14.52;767;95;4186.00;174
11278;95;627492953;11278;144;12045;12218;10.82;0.66;247.04;14.52;767;95;4187.00;173
11279;95;627492963;11279;140;12048;12218;10.87;0.66;247.03;14.52;769;95;4188.00;170
11280;95;627492979;11280;141;12050;12218;10.87;0.66;247.04;14.52;770;95;4189.00;168
11284;95;627492990;11284;139;12051;12218;10.78;0.66;247.03;14.52;767;95;4190.00;167
11287;95;627493001;11287;143;12054;12222;10.83;0.66;247.06;14.52;767;95;4191.00;168
11291;95;627493011;11291;142;12055;12222;10.75;0.66;247.09;14.52;764;95;4192.00;167
11293;95;627493022;11293;140;12057;12222;10.68;0.65;247.07;14.52;764;95;4193.00;165
11295;95;627493033;11295;140;12059;12225;10.75;0.65;247.07;14.52;764;95;4194.00;166
11299;95;627493044;11299;144;12060;12225;10.79;0.66;247.11;14.51;761;95;4195.00;165
11299;95;627493055;11299;147;12060;12225;10.86;0.66;247.11;14.51;761;95;4196.00;165
11302;95;627493066;11302;144;12065;12229;10.82;0.66;247.08;14.51;763;95;4197.00;164
11305;95;627493077;11305;148;12066;12230;10.85;0.66;247.08;14.51;761;95;4198.00;164
11306;95;627493088;11306;151;12067;12230;10.90;0.67;247.07;14.51;761;95;4199.00;163
11313;95;627493101;11313;166;12077;12264;10.80;0.66;247.06;14.50;764;95;4200.00;187
11316;95;627493121;11316;157;12079;12264;10.68;0.65;247.04;14.50;763;95;4201.00;185
11317;95;627493132;11317;158;12081;12264;10.56;0.64;247.04;14.50;764;95;4202.00;183
11319;95;627493142;11319;162;12082;12265;10.49;0.64;247.03;14.50;763;95;4203.00;183
11323;95;627493153;11323;167;12082;12265;10.44;0.63;247.05;14.50;759;95;4204.00;183
11325;95;627493164;11325;172;12086;12271;10.46;0.64;247.05;14.50;761;95;4205.00;185
11327;95;627493175;11327;178;12088;12271;10.35;0.63;247.10;14.49;761;95;4206.00;183
11329;95;627493186;11329;183;12090;12272;10.25;0.62;247.08;14.49;761;95;4207.00;182
11333;95;627493197;11333;181;12090;12272;10.25;0.62;247.12;14.49;757;95;4208.00;182
11335;95;627493208;11335;177;12090;12272;10.20;0.62;247.10;14.49;755;95;4209.00;182
11340;95;627493219;11340;180;12093;12272;10.14;0.62;247.09;14.52;753;95;4210.00;179
11342;95;627493230;11342;184;12093;12272;10.10;0.62;247.12;14.52;751;95;4211.00;179
11343;95;627493241;11343;190;12103;12284;10.15;0.62;247.12;14.51;760;95;4212.00;181
11346;95;627493253;11346;194;12107;12284;10.12;0.62;247.16;14.54;761;95;4213.00;177
11352;95;627493264;11352;198;12108;12284;10.12;0.62;247.17;14.55;756;95;4214.00;176
11353;95;627493275;11353;200;12108;12284;10.15;0.62;247.18;14.55;755;95;4215.00;176
11358;95;627493286;11358;206;12111;12284;10.09;0.61;247.27;14.57;753;95;4216.00;173
11360;95;627493297;11360;207;12111;12284;10.05;0.61;247.26;14.57;751;95;4217.00;173
11364;95;627493308;11364;215;12116;12288;9.91;0.60;247.30;14.57;752;95;4218.00;172
11369;95;627493319;11369;212;12118;12288;9.86;0.60;247.31;14.59;749;95;4219.00;170
11371;95;627493330;11371;214;12120;12292;9.87;0.60;247.29;14.59;749;95;4220.00;172
11374;95;627493341;11374;219;12122;12293;9.95;0.61;247.29;14.60;748;95;4221.00;171
11377;95;627493353;11377;222;12125;12293;9.88;0.60;247.30;14.62;748;95;4222.00;168
11379;95;627493363;11379;225;12125;12293;9.83;0.60;247.30;14.62;746;95;4223.00;168
11382;95;627493374;11382;230;12135;12306;9.68;0.59;247.33;14.62;753;95;4224.00;171
11385;95;627493386;11385;234;12136;12306;9.56;0.58;247.32;14.63;751;95;4225.00;170
11386;95;627493397;11386;244;12136;12306;9.53;0.58;247.32;14.63;750;95;4226.00;170
11388;95;627493407;11388;249;12139;12307;9.51;0.58;247.35;14.65;751;95;4227.00;168
11390;95;627493417;11390;255;12141;12308;9.54;0.58;247.34;14.65;751;95;4228.00;167
11392;95;627493428;11392;256;12143;12308;9.50;0.58;247.37;14.66;751;95;4229.00;165
11394;95;627493440;11394;253;12148;12314;9.42;0.58;247.39;14.66;754;95;4230.00;166
11394;95;627493450;11394;248;12150;12314;9.37;0.57;247.39;14.68;756;95;4231.00;164
11398;95;627493460;11398;248;12150;12314;9.31;0.57;247.40;14.68;752;95;4232.00;164
11400;95;627493475;11400;250;12152;12314;9.25;0.57;247.39;14.69;752;95;4233.00;162
11402;95;627493491;11402;250;12155;12320;9.17;0.56;247.38;14.69;753;95;4234.00;165
11406;95;627493510;11406;246;12157;12320;9.02;0.55;247.34;14.70;751;95;4235.00;163
11406;95;627493527;11406;243;12158;12320;8.92;0.55;247.34;14.70;752;95;4236.00;162
11408;95;627493542;11408;250;12158;12320;8.83;0.54;247.32;14.70;750;95;4237.00;162
11409;95;627493556;11409;247;12163;12324;8.62;0.53;247.32;14.71;754;95;4238.00;161
11410;95;627493573;11410;249;12164;12325;8.54;0.52;247.31;14.71;754;95;4239.00;161
11415;95;627493586;11415;252;12166;12325;8.42;0.52;247.29;14.72;751;95;4240.00;159
11419;95;627493597;11419;252;12168;12326;8.33;0.51;247.29;14.72;749;95;4241.00;158
11423;95;627493608;11423;255;12168;12326;8.21;0.50;247.27;14.72;745;95;4242.00;158
11426;95;627493618;11426;250;12169;12326;8.09;0.50;247.28;14.73;743;95;4243.00;157
11433;95;627493628;11433;250;12169;12326;8.02;0.49;247.34;14.73;736;95;4244.00;157
11435;95;627493640;11435;253;12172;12326;7.97;0.49;247.37;14.76;737;95;4245.00;154
11440;95;627493656;11440;252;12173;12326;7.85;0.48;247.37;14.76;733;95;4246.00;153
11446;95;627493665;11446;262;12174;12326;7.72;0.48;247.38;14.76;728;95;4247.00;152
11451;95;627493675;11451;270;12207;12396;7.68;0.47;247.37;14.72;756;95;4248.00;189
11456;95;627493691;11456;263;12210;12397;7.52;0.46;247.34;14.74;754;95;4249.00;187
11459;95;627493700;11459;250;12217;12397;7.49;0.46;247.35;14.74;758;95;4250.00;180
11463;95;627493710;11463;246;12222;12397;7.47;0.46;247.44;14.74;759;95;4251.00;175
11469;95;627493720;11469;250;12229;12397;7.43;0.46;247.45;14.74;760;95;4252.00;168
11475;95;627493730;11475;257;12233;12397;7.33;0.45;247.45;14.76;758;95;4253.00;164
11478;95;627493740;11478;255;12239;12397;7.27;0.45;247.44;14.76;761;95;4254.00;158
11482;95;627493749;11482;256;12242;12397;7.29;0.45;247.47;14.76;760;95;4255.00;155
11485;95;627493760;11485;255;12247;12398;7.33;0.45;247.52;14.77;762;95;4256.00;151
11485;95;627493771;11485;251;12249;12399;7.39;0.46;247.52;14.77;764;95;4257.00;150
11490;95;627493785;11490;251;12254;12399;7.42;0.46;247.54;14.77;764;95;4258.00;145
11495;95;627493796;11495;253;12256;12403;7.47;0.46;247.56;14.77;761;95;4259.00;147
11499;95;627493808;11499;250;12257;12403;7.58;0.47;247.53;14.77;758;95;4260.00;146
11503;95;627493820;11503;252;12258;12403;7.69;0.47;247.55;14.77;755;95;4261.00;145
11507;95;627493832;11507;252;12258;12403;7.71;0.48;247.56;14.77;751;95;4262.00;145
11511;95;627493847;11511;248;12262;12409;7.74;0.48;247.55;14.77;751;95;4263.00;147
11515;95;627493858;11515;249;12262;12409;7.74;0.48;247.58;14.77;747;95;4264.00;147
11522;95;627493869;11522;249;12262;12409;7.75;0.48;247.54;14.77;740;95;4265.00;147
11528;95;627493879;11528;246;12266;12412;7.78;0.48;247.53;14.77;738;95;4266.00;146
11531;95;627493890;11531;244;12267;12412;7.80;0.48;247.53;14.77;736;95;4267.00;145
11536;95;627493900;11536;248;12267;12412;7.80;0.48;247.54;14.77;731;95;4268.00;145
11541;95;627493910;11541;247;12268;12413;7.81;0.48;247.52;14.77;727;95;4269.00;145
11546;95;627493920;11546;248;12269;12414;7.88;0.48;247.55;14.77;723;95;4270.00;145
11552;95;627493930;11552;244;12270;12414;7.87;0.48;247.54;14.77;718;95;4271.00;144
11556;95;627493941;11556;252;12282;12427;7.95;0.49;247.54;14.76;726;95;4272.00;145
11561;95;627493952;11561;254;12282;12427;7.96;0.49;247.54;14.76;721;95;4273.00;145
11568;95;627493962;11568;250;12283;12427;7.94;0.48;247.60;14.76;715;95;4274.00;144
11571;95;627493974;11571;250;12286;12429;7.92;0.48;247.62;14.76;715;95;4275.00;143
11576;95;627493984;11576;257;12287;12429;7.80;0.48;247.63;14.76;711;95;4276.00;142
11579;95;627493994;11579;264;12290;12433;7.74;0.47;247.62;14.76;711;95;4277.00;143
11585;95;627494005;11585;264;12290;12433;7.68;0.47;247.63;14.76;705;95;4278.00;143
11588;95;627494016;11588;266;12294;12437;7.69;0.47;247.68;14.75;706;95;4279.00;143
11591;95;627494026;11591;268;12295;12437;7.73;0.47;247.69;14.75;704;95;4280.00;142
11596;95;627494036;11596;274;12295;12437;7.70;0.47;247.69;14.75;699;95;4281.00;142
11599;95;627494046;11599;274;12296;12437;7.74;0.47;247.65;14.75;697;95;4282.00;141
11604;95;627494056;11604;281;12297;12437;7.66;0.47;247.66;14.75;693;95;4283.00;140
11606;95;627494075;11606;283;12306;12449;7.77;0.47;247.64;14.74;700;95;4284.00;143
11609;95;627494087;11609;286;12307;12449;7.69;0.47;247.67;14.74;698;95;4285.00;142
11609;95;627494097;11609;286;12309;12449;7.68;0.47;247.67;14.74;700;95;4286.00;140
11613;95;627494107;11613;290;12309;12449;7.66;0.47;247.70;14.74;696;95;4287.00;140
11613;95;627494117;11613;291;12310;12449;7.69;0.47;247.70;14.88;697;95;4288.00;139
11615;95;627494128;11615;296;12310;12449;7.73;0.47;247.70;14.88;695;95;4289.00;139
11616;95;627494140;11616;302;12310;12450;7.74;0.47;247.71;14.88;694;95;4290.00;140
11618;95;627494150;11618;313;12310;12450;7.70;0.47;247.72;14.88;692;95;4291.00;140
11619;95;627494160;11619;317;12314;12456;7.68;0.47;247.70;14.88;695;95;4292.00;142
11620;95;627494170;11620;322;12315;12457;7.59;0.46;247.71;14.87;695;95;4293.00;142
11623;95;627494179;11623;328;12316;12457;7.55;0.46;247.71;14.87;693;95;4294.00;141
11627;95;627494188;11627;334;12316;12457;7.52;0.46;247.70;14.87;689;95;4295.00;141
11630;95;627494198;11630;343;12319;12461;7.48;0.46;247.69;14.87;689;95;4296.00;142
11632;95;627494207;11632;334;12319;12461;7.45;0.45;247.71;14.87;687;95;4297.00;142
11636;95;627494217;11636;330;12319;12461;7.41;0.45;247.71;14.87;683;95;4298.00;142
11638;95;627494227;11638;326;12320;12462;7.40;0.45;247.68;14.87;682;95;4299.00;142
11643;95;627494237;11643;328;12323;12466;7.39;0.45;247.73;14.87;680;95;4300.00;143
11643;95;627494252;11643;329;12323;12466;7.37;0.45;247.73;14.87;680;95;4301.00;143
11647;95;627494262;11647;332;12325;12469;7.40;0.45;247.67;14.86;678;95;4302.00;144
11651;95;627494272;11651;330;12326;12469;7.37;0.45;247.70;14.86;675;95;4303.00;143
11653;95;627494283;11653;333;12326;12469;7.30;0.44;247.68;14.86;673;95;4304.00;143
11655;95;627494292;11655;329;12326;12469;7.25;0.44;247.65;14.86;671;95;4305.00;143
11656;95;627494302;11656;316;12329;12473;7.35;0.45;247.64;14.86;673;95;4306.00;144
11657;95;627494313;11657;299;12330;12473;7.44;0.45;247.62;14.86;673;95;4307.00;143
11661;95;627494323;11661;285;12330;12473;7.49;0.46;247.61;14.86;669;95;4308.00;143
11663;95;627494332;11663;272;12330;12473;7.52;0.46;247.60;14.86;667;95;4309.00;143
11665;95;627494342;11665;261;12330;12474;7.57;0.46;247.59;14.86;665;95;4310.00;144
11667;95;627494352;11667;253;12331;12475;7.64;0.47;247.60;14.86;664;95;4311.00;144
11668;95;627494362;11668;251;12331;12475;7.67;0.47;247.60;14.86;663;95;4312.00;144
11668;95;627494372;11668;249;12332;12476;7.80;0.48;247.60;14.86;664;95;4313.00;144
11669;95;627494382;11669;244;12332;12476;7.93;0.48;247.59;14.86;663;95;4314.00;144
11669;95;627494392;11669;242;12332;12476;8.04;0.49;247.59;14.86;663;95;4315.00;144
11669;95;627494402;11669;245;12332;12476;8.13;0.50;247.59;14.86;663;95;4316.00;144
11672;95;627494411;11672;242;12332;12476;8.24;0.50;247.57;14.86;660;95;4317.00;144
11672;95;627494420;11672;239;12332;12476;8.38;0.51;247.57;14.86;660;95;4318.00;144
11675;95;627494429;11675;229;12332;12476;8.50;0.52;247.55;14.86;657;95;4319.00;144
11677;95;627494440;11677;271;12444;12706;8.61;0.54;247.55;14.72;767;95;4320.00;262
11677;95;627494470;11677;258;12447;12707;8.67;0.54;247.55;14.72;770;95;4321.00;260
11679;95;627494482;11679;247;12456;12707;8.80;0.55;247.54;14.71;777;95;4322.00;251
11681;95;627494492;11681;231;12461;12707;8.90;0.55;247.53;14.70;780;95;4323.00;246
11681;95;627494502;11681;218;12469;12707;8.94;0.56;247.53;14.70;788;95;4324.00;238
11682;95;627494513;11682;205;12472;12707;8.97;0.56;247.59;14.70;790;95;4325.00;235
11685;95;627494524;11685;200;12478;12707;9.02;0.56;247.64;14.69;793;95;4326.00;229
11685;95;627494534;11685;199;12480;12707;9.11;0.57;247.64;14.69;795;95;4327.00;227
11686;95;627494544;11686;196;12485;12708;9.20;0.57;247.63;14.69;799;95;4328.00;223
11686;95;627494554;11686;187;12488;12709;9.32;0.58;247.63;14.69;802;95;4329.00;221
11687;95;627494564;11687;189;12491;12709;9.35;0.58;247.61;14.68;804;95;4330.00;218
11688;95;627494581;11688;182;12497;12710;9.44;0.59;247.61;14.68;809;95;4331.00;213
11690;95;627494593;11690;188;12502;12710;9.47;0.59;247.59;14.68;812;95;4332.00;208
11692;96;627494604;11692;188;12504;12710;9.53;0.59;247.58;14.68;812;96;4333.00;206
11695;96;627494627;11695;183;12507;12710;9.61;0.59;247.56;14.68;812;96;4334.00;203
11695;97;627494646;11695;183;12512;12714;9.68;0.60;247.56;14.68;817;97;4335.00;202
11696;97;627494670;11696;186;12513;12714;9.76;0.60;247.56;14.68;817;97;4336.00;201
11698;97;627494681;11698;183;12516;12714;9.85;0.60;247.55;14.68;818;97;4337.00;198
11700;97;627494697;11700;189;12518;12717;9.88;0.61;247.54;14.68;818;97;4338.00;199
11701;97;627494719;11701;192;12518;12717;9.98;0.61;247.53;14.68;817;97;4339.00;199
11701;97;627494730;11701;193;12518;12717;10.13;0.62;247.53;14.68;817;97;4340.00;199
11702;97;627494741;11702;197;12521;12721;10.21;0.63;247.53;14.68;819;97;4341.00;200
11705;97;627494759;11705;195;12524;12722;10.28;0.63;247.51;14.82;819;97;4342.00;198
11707;97;627494775;11707;197;12526;12722;10.40;0.64;247.51;14.82;819;97;4343.00;196
11708;97;627494786;11708;194;12529;12726;10.48;0.64;247.52;14.82;821;97;4344.00;197
11710;97;627494797;11710;192;12529;12726;10.56;0.65;247.54;14.82;819;97;4345.00;197
11714;97;627494809;11714;194;12530;12726;10.60;0.65;247.56;14.82;816;97;4346.00;196
11717;97;627494821;11717;195;12531;12727;10.63;0.65;247.57;14.82;814;97;4347.00;196
11720;97;627494833;11720;191;12531;12727;10.64;0.65;247.63;14.82;811;97;4348.00;196
11726;97;627494845;11726;187;12534;12733;10.64;0.65;247.61;14.82;808;97;4349.00;199
11728;97;627494858;11728;185;12535;12733;10.63;0.65;247.62;14.96;807;97;4350.00;198
11731;97;627494875;11731;178;12535;12734;10.60;0.65;247.65;14.96;804;97;4351.00;199
11732;97;627494892;11732;171;12536;12734;10.54;0.64;247.65;14.96;804;97;4352.00;198
11734;97;627494903;11734;172;12538;12734;10.55;0.64;247.66;15.11;804;97;4353.00;196
11737;97;627494915;11737;167;12539;12734;10.52;0.64;247.71;15.11;802;97;4354.00;195
11743;97;627494926;11743;166;12542;12734;10.52;0.64;247.69;15.13;799;97;4355.00;192
11745;97;627494939;11745;162;12552;12746;10.67;0.65;247.70;15.12;807;97;4356.00;194
11747;97;627494951;11747;160;12553;12746;10.78;0.66;247.72;15.12;806;97;4357.00;193
11753;97;627494963;11753;157;12555;12746;10.90;0.66;247.70;15.26;802;97;4358.00;191
11755;97;627494975;11755;154;12556;12746;11.03;0.67;247.72;15.26;801;97;4359.00;190
11760;97;627494987;11760;156;12557;12746;11.15;0.68;247.72;15.26;797;97;4360.00;189
11764;97;627494999;11764;149;12558;12746;11.31;0.69;247.71;15.41;794;97;4361.00;188
11766;97;627495011;11766;147;12561;12750;11.35;0.69;247.72;15.40;795;97;4362.00;189
11770;97;627495023;11770;147;12561;12750;11.36;0.69;247.76;15.40;791;97;4363.00;189
11773;97;627495042;11773;149;12564;12754;11.40;0.69;247.79;15.55;791;97;4364.00;190
11775;97;627495054;11775;152;12568;12756;11.36;0.69;247.77;15.54;793;97;4365.00;188
11778;97;627495066;11778;151;12569;12756;11.34;0.69;247.81;15.69;791;97;4366.00;187
11780;97;627495079;11780;149;12570;12756;11.30;0.69;247.83;15.69;790;97;4367.00;186
11783;97;627495091;11783;156;12579;12769;11.24;0.68;247.87;15.82;796;97;4368.00;190
11784;97;627495104;11784;160;12580;12769;11.25;0.68;247.87;15.83;796;97;4369.00;189
11787;97;627495116;11787;161;12581;12769;11.22;0.68;247.90;15.83;794;97;4370.00;188
11789;97;627495128;11789;167;12582;12770;11.26;0.68;247.90;15.83;793;97;4371.00;188
11791;97;627495140;11791;170;12583;12771;11.26;0.68;247.94;15.97;792;97;4372.00;188
11793;97;627495152;11793;171;12584;12771;11.19;0.68;247.98;15.97;791;97;4373.00;187
11795;97;627495164;11795;171;12586;12774;11.22;0.68;247.98;15.97;791;97;4374.00;188
11798;97;627495176;11798;175;12587;12774;11.20;0.68;247.99;15.96;789;97;4375.00;187
11798;98;627495188;11798;176;12588;12774;11.15;0.68;247.99;15.97;790;98;4376.00;186
11802;98;627495221;11802;179;12588;12774;11.05;0.67;248.01;15.97;786;98;4377.00;186
11805;99;627495232;11805;188;12593;12780;10.98;0.66;248.00;15.97;788;99;4378.00;187
11806;100;627495257;11806;197;12594;12780;10.92;0.66;248.01;15.97;788;100;4379.00;186
11809;100;627495277;11809;197;12595;12780;10.80;0.66;248.11;15.97;786;100;4380.00;185
11814;100;627495289;11814;206;12596;12780;10.72;0.65;248.09;15.98;782;100;4381.00;184
11817;100;627495299;11817;214;12601;12784;10.52;0.64;248.12;15.99;784;100;4382.00;183
11822;100;627495315;11822;220;12603;12785;10.42;0.63;248.10;16.00;781;100;4383.00;182
11826;100;627495326;11826;230;12606;12785;10.39;0.63;248.08;16.03;780;100;4384.00;179
11827;100;627495338;11827;233;12609;12786;10.31;0.63;248.11;16.04;782;100;4385.00;177
11830;100;627495350;11830;239;12609;12786;10.24;0.62;248.11;16.04;779;100;4386.00;177
11831;100;627495361;11831;242;12612;12786;10.17;0.62;248.10;16.07;781;100;4387.00;174
11834;100;627495372;11834;251;12614;12786;10.08;0.61;248.08;16.08;780;100;4388.00;172
11836;100;627495387;11836;252;12614;12786;10.01;0.61;248.08;16.08;778;100;4389.00;172
11841;100;627495399;11841;258;12616;12786;9.90;0.60;248.06;16.10;775;100;4390.00;170
11842;100;627495410;11842;262;12618;12786;9.82;0.60;248.06;16.11;776;100;4391.00;168
11845;100;627495421;11845;269;12654;12856;9.81;0.60;248.04;16.07;809;100;4392.00;202
11847;100;627495437;11847;271;12657;12857;9.68;0.59;248.07;16.07;810;100;4393.00;200
11849;100;627495448;11849;273;12668;12857;9.63;0.59;248.05;16.09;819;100;4394.00;189
11852;100;627495459;11852;276;12672;12857;9.55;0.58;248.04;16.10;820;100;4395.00;185
11856;100;627495473;11856;285;12676;12857;9.52;0.58;248.05;16.10;820;100;4396.00;181
11857;100;627495489;11857;284;12680;12857;9.48;0.58;248.04;16.11;823;100;4397.00;177
11861;100;627495507;11861;290;12685;12857;9.44;0.58;248.04;16.11;824;100;4398.00;172
11862;100;627495526;11862;286;12687;12857;9.36;0.57;248.03;16.11;825;100;4399.00;170
11867;100;627495544;11867;279;12691;12858;9.31;0.57;248.00;16.12;824;100;4400.00;167
11870;100;627495569;11870;280;12697;12859;9.21;0.56;247.97;16.14;827;100;4401.00;162
11871;100;627495585;11871;277;12698;12859;9.05;0.55;247.97;16.14;827;100;4402.00;161
11875;100;627495598;11875;274;12702;12863;8.84;0.54;247.94;16.14;827;100;4403.00;161
11880;101;627495612;11880;272;12704;12863;8.71;0.53;247.91;16.16;824;101;4404.00;159
11883;101;627495637;11883;276;12705;12863;8.66;0.53;247.86;16.16;822;101;4405.00;158
11886;101;627495650;11886;279;12707;12863;8.60;0.53;247.84;16.17;821;101;4406.00;156
11888;101;627495662;11888;289;12712;12869;8.65;0.53;247.84;16.16;824;101;4407.00;157
11890;101;627495675;11890;289;12713;12869;8.68;0.53;247.87;16.16;823;101;4408.00;156
11895;101;627495687;11895;290;12714;12869;8.65;0.53;247.87;16.17;819;101;4409.00;155
11897;101;627495701;11897;293;12718;12875;8.57;0.52;247.88;16.17;821;101;4410.00;157
11900;101;627495720;11900;291;12721;12875;8.46;0.52;247.89;16.18;821;101;4411.00;154
11902;101;627495731;11902;290;12721;12875;8.34;0.51;247.93;16.18;819;101;4412.00;154
11908;101;627495742;11908;292;12723;12876;8.14;0.50;247.97;16.18;815;101;4413.00;153
11914;101;627495754;11914;286;12725;12877;8.00;0.49;247.94;16.18;811;101;4414.00;152
11920;101;627495766;11920;289;12726;12877;7.77;0.47;247.98;16.18;806;101;4415.00;151
11924;101;627495776;11924;296;12737;12890;7.62;0.47;247.99;16.17;813;101;4416.00;153
11927;101;627495789;11927;297;12739;12890;7.49;0.46;248.03;16.17;812;101;4417.00;151
11932;101;627495799;11932;307;12739;12890;7.31;0.45;248.03;16.17;807;101;4418.00;151
11937;101;627495810;11937;313;12741;12891;7.16;0.44;248.07;16.18;804;101;4419.00;150
11939;101;627495821;11939;303;12741;12891;7.09;0.43;248.10;16.18;802;101;4420.00;150
11942;101;627495833;11942;297;12744;12895;7.06;0.43;248.11;16.18;802;101;4421.00;151
11947;101;627495843;11947;290;12745;12895;6.98;0.43;248.11;16.18;798;101;4422.00;150
11953;101;627495853;11953;290;12749;12899;6.88;0.42;248.13;16.19;796;101;4423.00;150
11956;101;627495864;11956;291;12750;12899;6.91;0.42;248.13;16.19;794;101;4424.00;149
11958;101;627495874;11958;291;12751;12899;6.94;0.43;248.16;16.20;793;101;4425.00;148
11960;101;627495884;11960;289;12753;12899;6.94;0.43;248.15;16.20;793;101;4426.00;146
11964;101;627495894;11964;286;12753;12899;6.96;0.43;248.17;16.20;789;101;4427.00;146
11969;101;627495905;11969;291;12765;12911;7.09;0.44;248.18;16.20;796;101;4428.00;146
11974;101;627495916;11974;290;12766;12911;7.09;0.43;248.18;16.20;792;101;4429.00;145
11977;101;627495926;11977;286;12768;12911;7.09;0.44;248.21;16.20;791;101;4430.00;143
11981;101;627495936;11981;284;12768;12911;7.08;0.43;248.29;16.20;787;101;4431.00;143
11985;101;627495947;11985;282;12768;12911;7.06;0.43;248.28;16.20;783;101;4432.00;143
11988;101;627495956;11988;284;12768;12911;7.08;0.43;248.30;16.20;780;101;4433.00;143
11990;101;627495967;11990;282;12768;12912;7.15;0.44;248.31;16.20;778;101;4434.00;144
11994;101;627495978;11994;279;12768;12912;7.23;0.44;248.35;16.20;774;101;4435.00;144
11999;101;627495987;11999;272;12773;12918;7.33;0.45;248.34;16.19;774;101;4436.00;145
12005;101;627495998;12005;272;12774;12919;7.41;0.45;248.36;16.19;769;101;4437.00;145
12010;101;627496009;12010;266;12774;12919;7.43;0.46;248.36;16.19;764;101;4438.00;145
12014;101;627496020;12014;268;12774;12919;7.46;0.46;248.36;16.19;760;101;4439.00;145
12016;101;627496032;12016;262;12778;12924;7.52;0.46;248.35;16.19;762;101;4440.00;146
12023;101;627496043;12023;261;12778;12924;7.48;0.46;248.33;16.19;755;101;4441.00;146
12025;101;627496054;12025;262;12778;12924;7.48;0.46;248.34;16.19;753;101;4442.00;146
12026;101;627496065;12026;259;12779;12925;7.51;0.46;248.34;16.19;753;101;4443.00;146
12029;101;627496075;12029;261;12782;12929;7.52;0.46;248.36;16.18;753;101;4444.00;147
12031;101;627496085;12031;262;12782;12929;7.54;0.46;248.37;16.18;751;101;4445.00;147
12033;101;627496095;12033;261;12784;12932;7.64;0.47;248.37;16.18;751;101;4446.00;148
12037;101;627496105;12037;269;12784;12932;7.66;0.47;248.39;16.18;747;101;4447.00;148
12039;101;627496116;12039;272;12785;12932;7.69;0.47;248.40;16.18;746;101;4448.00;147
12043;101;627496126;12043;273;12785;12932;7.76;0.47;248.44;16.18;742;101;4449.00;147
12048;101;627496136;12048;279;12788;12936;7.79;0.48;248.40;16.18;740;101;4450.00;148
12054;101;627496147;12054;282;12788;12936;7.75;0.47;248.38;16.18;734;101;4451.00;148
12058;101;627496157;12058;289;12789;12936;7.78;0.47;248.36;16.17;731;101;4452.00;147
12061;101;627496168;12061;296;12789;12936;7.76;0.47;248.36;16.17;728;101;4453.00;147
12067;101;627496177;12067;298;12789;12937;7.69;0.47;248.39;16.17;722;101;4454.00;148
12070;101;627496187;12070;301;12791;12939;7.70;0.47;248.38;16.17;721;101;4455.00;148
12074;101;627496197;12074;303;12791;12939;7.64;0.47;248.35;16.17;717;101;4456.00;148
12078;101;627496206;12078;309;12792;12940;7.56;0.46;248.35;16.17;714;101;4457.00;148
12084;101;627496215;12084;310;12792;12940;7.45;0.45;248.37;16.17;708;101;4458.00;148
12086;101;627496225;12086;312;12792;12940;7.34;0.45;248.35;16.17;706;101;4459.00;148
12089;101;627496234;12089;321;12792;12940;7.26;0.44;248.36;16.17;703;101;4460.00;148
12093;101;627496243;12093;330;12793;12940;7.17;0.44;248.35;16.32;700;101;4461.00;147
12097;101;627496254;12097;338;12793;12940;7.09;0.43;248.33;16.32;696;101;4462.00;147
12102;101;627496264;12102;338;12793;12940;6.97;0.42;248.33;16.32;691;101;4463.00;147
12104;101;627496274;12104;356;12860;13067;7.38;0.46;248.33;16.23;756;101;4464.00;207
12106;101;627496293;12106;353;12862;13068;7.31;0.45;248.31;16.23;756;101;4465.00;206
12109;101;627496302;12109;352;12871;13068;7.33;0.45;248.28;16.22;762;101;4466.00;197
12110;101;627496312;12110;337;12874;13068;7.33;0.45;248.26;16.21;764;101;4467.00;194
12110;101;627496322;12110;328;12880;13068;7.35;0.45;248.26;16.21;770;101;4468.00;188
12111;101;627496338;12111;328;12884;13068;7.34;0.45;248.24;16.21;773;101;4469.00;184
12111;101;627496349;12111;322;12890;13068;7.40;0.46;248.24;16.20;779;101;4470.00;178
12112;101;627496359;12112;321;12892;13068;7.43;0.46;248.24;16.20;780;101;4471.00;176
12112;101;627496375;12112;321;12896;13069;7.43;0.46;248.24;16.20;784;101;4472.00;173
12115;101;627496394;12115;323;12900;13070;7.35;0.45;248.27;16.19;785;101;4473.00;170
12117;102;627496405;12117;325;12904;13070;7.36;0.45;248.25;16.19;787;102;4474.00;166
12117;102;627496429;12117;316;12905;13071;7.35;0.45;248.25;16.19;788;102;4475.00;166
12117;102;627496440;12117;289;12906;13071;7.47;0.46;248.25;16.19;789;102;4476.00;165
12119;102;627496450;12119;277;12908;13071;7.63;0.47;248.28;16.19;789;102;4477.00;163
12119;102;627496462;12119;257;12909;13071;7.80;0.48;248.28;16.19;790;102;4478.00;162
12119;102;627496477;12119;248;12912;13075;7.97;0.49;248.28;16.19;793;102;4479.00;163
12120;103;627496496;12120;237;12914;13075;8.15;0.50;248.27;16.19;794;103;4480.00;161
12122;103;627496521;12122;224;12914;13075;8.30;0.51;248.25;16.19;792;103;4481.00;161
12122;103;627496533;12122;219;12917;13078;8.60;0.53;248.25;16.19;795;103;4482.00;161
12123;103;627496545;12123;207;12917;13078;8.83;0.54;248.24;16.19;794;103;4483.00;161
12125;103;627496557;12125;196;12918;13078;9.03;0.55;248.24;16.18;793;103;4484.00;160
12127;103;627496579;12127;187;12921;13082;9.12;0.56;248.22;16.18;794;103;4485.00;161
12129;103;627496598;12129;182;12923;13083;9.24;0.57;248.20;16.18;794;103;4486.00;160
12129;103;627496610;12129;179;12923;13083;9.43;0.58;248.20;16.18;794;103;4487.00;160
12130;103;627496621;12130;179;12927;13087;9.57;0.59;248.18;16.17;797;103;4488.00;160
12131;103;627496633;12131;169;12927;13087;9.68;0.59;248.18;16.17;796;103;4489.00;160
12133;103;627496645;12133;168;12927;13087;9.83;0.60;248.17;16.17;794;103;4490.00;160
12134;103;627496657;12134;160;12928;13088;10.02;0.61;248.16;16.17;794;103;4491.00;160
12137;103;627496670;12137;157;12928;13088;10.17;0.62;248.17;16.17;791;103;4492.00;160
12140;103;627496681;12140;154;12932;13094;10.33;0.63;248.18;16.17;792;103;4493.00;162
12142;103;627496694;12142;145;12932;13094;10.54;0.64;248.16;16.17;790;103;4494.00;162
12143;103;627496706;12143;142;12933;13095;10.72;0.65;248.16;16.17;790;103;4495.00;162
12146;103;627496718;12146;140;12933;13095;10.77;0.66;248.17;16.17;787;103;4496.00;162
12148;103;627496729;12148;137;12933;13095;10.89;0.66;248.17;16.17;785;103;4497.00;162
12152;104;627496747;12152;132;12933;13095;10.96;0.67;248.13;16.17;781;104;4498.00;162
12154;104;627496770;12154;132;12933;13095;11.02;0.67;248.14;16.17;779;104;4499.00;162
12156;105;627496790;12156;130;12955;13145;11.04;0.67;248.12;16.14;799;105;4500.00;190
12163;105;627496827;12163;128;12955;13147;11.11;0.68;248.17;16.14;792;105;4501.00;192
12168;106;627496840;12168;136;12958;13147;11.15;0.68;248.17;16.14;790;106;4502.00;189
12172;106;627496863;12172;130;12958;13147;11.26;0.69;248.19;16.14;786;106;4503.00;189
12180;106;627496875;12180;128;12959;13147;11.33;0.69;248.15;16.14;779;106;4504.00;188
12181;106;627496888;12181;128;12960;13147;11.40;0.69;248.16;16.14;779;106;4505.00;187
12181;106;627496899;12181;129;12966;13151;11.50;0.70;248.16;16.13;785;106;4506.00;185
12184;106;627496911;12184;126;12966;13151;11.63;0.71;248.18;16.13;782;106;4507.00;185
12187;106;627496922;12187;129;12970;13155;11.73;0.71;248.20;16.13;783;106;4508.00;185
12188;106;627496937;12188;129;12973;13156;11.81;0.72;248.21;16.12;785;106;4509.00;183
12193;106;627496948;12193;130;12973;13156;11.89;0.72;248.26;16.12;780;106;4510.00;183
12197;106;627496959;12197;130;12973;13156;11.95;0.73;248.30;16.12;776;106;4511.00;183
12200;106;627496972;12200;135;12980;13169;11.96;0.73;248.27;16.11;780;106;4512.00;189
12207;106;627496986;12207;134;12981;13169;11.94;0.72;248.30;16.11;774;106;4513.00;188
12209;106;627496999;12209;133;12981;13169;11.91;0.72;248.29;16.11;772;106;4514.00;188
12212;106;627497011;12212;140;12983;13170;11.91;0.72;248.28;16.11;771;106;4515.00;187
12216;106;627497023;12216;146;12983;13171;11.95;0.72;248.28;16.11;767;106;4516.00;188
12221;106;627497034;12221;149;12983;13171;11.95;0.72;248.34;16.11;762;106;4517.00;188
12223;106;627497046;12223;154;12986;13174;11.97;0.72;248.32;16.11;763;106;4518.00;188
12227;106;627497057;12227;147;12986;13174;11.91;0.72;248.33;16.11;759;106;4519.00;188
12228;106;627497069;12228;145;12987;13174;11.89;0.72;248.35;16.25;759;106;4520.00;187
12231;106;627497080;12231;136;12988;13174;11.91;0.72;248.37;16.25;757;106;4521.00;186
12235;106;627497091;12235;130;12991;13180;11.83;0.72;248.42;16.25;756;106;4522.00;189
12238;106;627497103;12238;127;12991;13180;11.81;0.72;248.41;16.25;753;106;4523.00;189
12243;106;627497114;12243;122;12993;13180;11.77;0.71;248.37;16.27;750;106;4524.00;187
12247;106;627497126;12247;117;12994;13180;11.80;0.72;248.39;16.28;747;106;4525.00;186
12251;106;627497144;12251;117;12997;13184;11.82;0.72;248.42;16.28;746;106;4526.00;187
12258;106;627497157;12258;114;12999;13185;11.83;0.72;248.41;16.27;741;106;4527.00;186
12263;106;627497169;12263;111;12999;13185;11.88;0.72;248.40;16.27;736;106;4528.00;186
12265;106;627497180;12265;110;13000;13186;12.06;0.73;248.46;16.27;735;106;4529.00;186
12270;106;627497192;12270;110;13001;13186;12.16;0.74;248.48;16.27;731;106;4530.00;185
12275;106;627497203;12275;107;13001;13186;12.18;0.74;248.48;16.27;726;106;4531.00;185
12278;106;627497214;12278;109;13001;13186;12.18;0.74;248.50;16.27;723;106;4532.00;185
12278;106;627497226;12278;108;13002;13186;12.13;0.74;248.50;16.28;724;106;4533.00;184
12280;106;627497237;12280;111;13002;13186;12.12;0.74;248.48;16.28;722;106;4534.00;184
12282;106;627497249;12282;115;13003;13186;12.08;0.73;248.50;16.28;721;106;4535.00;183
12282;106;627497260;12282;126;13040;13256;11.89;0.73;248.50;16.23;758;106;4536.00;216
12284;106;627497276;12284;125;13042;13257;11.89;0.73;248.50;16.23;758;106;4537.00;215
12288;106;627497294;12288;124;13046;13257;11.89;0.73;248.49;16.23;758;106;4538.00;211
12291;106;627497306;12291;133;13051;13257;11.80;0.72;248.48;16.23;760;106;4539.00;206
12296;106;627497317;12296;137;13056;13257;11.79;0.72;248.46;16.23;760;106;4540.00;201
12298;106;627497329;12298;138;13058;13257;11.80;0.72;248.45;16.23;760;106;4541.00;199
12300;106;627497341;12300;140;13063;13257;11.77;0.72;248.45;16.23;763;106;4542.00;194
12303;106;627497352;12303;144;13066;13257;11.82;0.72;248.43;16.23;763;106;4543.00;191
12306;106;627497364;12306;149;13069;13258;11.73;0.72;248.39;16.23;763;106;4544.00;189
12309;106;627497375;12309;147;13074;13260;11.64;0.71;248.39;16.22;765;106;4545.00;186
12313;106;627497393;12313;149;13077;13260;11.50;0.70;248.37;16.23;764;106;4546.00;183
12317;106;627497405;12317;154;13081;13264;11.37;0.69;248.34;16.23;764;106;4547.00;183
12321;106;627497416;12321;157;13082;13264;11.29;0.69;248.33;16.23;761;106;4548.00;182
12326;106;627497428;12326;161;13083;13264;11.17;0.68;248.38;16.23;757;106;4549.00;181
12330;106;627497439;12330;167;13085;13264;10.99;0.67;248.38;16.25;755;106;4550.00;179
12333;106;627497456;12333;175;13088;13270;10.93;0.67;248.38;16.24;755;106;4551.00;182
12336;106;627497469;12336;182;13090;13270;10.82;0.66;248.40;16.26;754;106;4552.00;180
12336;106;627497485;12336;196;13091;13270;10.79;0.66;248.40;16.26;755;106;4553.00;179
12340;106;627497505;12340;203;13094;13273;10.74;0.65;248.42;16.26;754;106;4554.00;179
12342;106;627497524;12342;212;13096;13273;10.65;0.65;248.42;16.28;754;106;4555.00;177
12344;106;627497540;12344;211;13098;13273;10.56;0.64;248.44;16.29;754;106;4556.00;175
12346;106;627497558;12346;215;13099;13274;10.49;0.64;248.45;16.29;753;106;4557.00;175
12349;106;627497574;12349;219;13102;13275;10.49;0.64;248.44;16.31;753;106;4558.00;173
12353;106;627497590;12353;223;13103;13275;10.40;0.63;248.48;16.31;750;106;4559.00;172
12359;106;627497604;12359;227;13121;13301;10.32;0.63;248.47;16.31;762;106;4560.00;180
12364;106;627497619;12364;227;13123;13301;10.28;0.62;248.43;16.30;759;106;4561.00;178
12369;106;627497631;12369;239;13128;13301;10.17;0.62;248.40;16.32;759;106;4562.00;173
12371;106;627497643;12371;244;13130;13302;10.05;0.61;248.39;16.32;759;106;4563.00;172
12372;107;627497655;12372;249;13132;13302;9.94;0.60;248.39;16.33;760;107;4564.00;170
12374;107;627497679;12374;257;13135;13306;9.80;0.60;248.38;16.33;761;107;4565.00;171
12376;107;627497691;12376;261;13137;13306;9.55;0.58;248.36;16.34;761;107;4566.00;169
12379;107;627497701;12379;268;13141;13310;9.27;0.56;248.37;16.34;762;107;4567.00;169
12379;107;627497712;12379;270;13143;13310;9.07;0.55;248.37;16.35;764;107;4568.00;167
12381;107;627497721;12381;268;13145;13310;8.94;0.55;248.35;16.35;764;107;4569.00;165
12383;107;627497731;12383;265;13147;13310;8.89;0.54;248.35;16.37;764;107;4570.00;163
12384;107;627497742;12384;267;13147;13310;8.88;0.54;248.35;16.37;763;107;4571.00;163
12386;107;627497751;12386;270;13158;13322;8.80;0.54;248.34;16.36;772;107;4572.00;164
12389;107;627497762;12389;274;13160;13322;8.72;0.53;248.32;16.36;771;107;4573.00;162
12390;107;627497772;12390;270;13160;13322;8.64;0.53;248.31;16.36;770;107;4574.00;162
12391;107;627497782;12391;270;13162;13322;8.61;0.53;248.31;16.37;771;107;4575.00;160
12393;107;627497791;12393;273;13163;13322;8.50;0.52;248.31;16.37;770;107;4576.00;159
12397;107;627497801;12397;271;13164;13322;8.40;0.51;248.29;16.38;767;107;4577.00;158
12399;107;627497812;12399;271;13164;13323;8.38;0.51;248.29;16.38;765;107;4578.00;159
12399;107;627497822;12399;278;13165;13323;8.38;0.51;248.29;16.39;766;107;4579.00;158
12399;107;627497831;12399;281;13170;13329;8.34;0.51;248.29;16.39;771;107;4580.00;159
12402;107;627497842;12402;281;13171;13330;8.28;0.51;248.29;16.39;769;107;4581.00;159
12404;107;627497853;12404;284;13173;13330;8.25;0.51;248.26;16.40;769;107;4582.00;157
12406;107;627497869;12406;289;13173;13330;8.07;0.50;248.25;16.40;767;107;4583.00;157
12412;107;627497881;12412;294;13177;13334;7.91;0.49;248.26;16.40;765;107;4584.00;157
12415;107;627497892;12415;294;13177;13334;7.74;0.48;248.29;16.40;762;107;4585.00;157
12417;107;627497901;12417;304;13177;13334;7.55;0.46;248.27;16.40;760;107;4586.00;157
12422;107;627497911;12422;308;13178;13335;7.34;0.45;248.31;16.40;756;107;4587.00;157
12426;107;627497921;12426;315;13185;13339;7.15;0.44;248.32;16.43;759;107;4588.00;154
12430;107;627497930;12430;319;13186;13339;6.95;0.43;248.32;16.44;756;107;4589.00;153
12433;107;627497943;12433;322;13190;13345;6.77;0.42;248.32;16.45;757;107;4590.00;155
12438;107;627497952;12438;321;13190;13345;6.69;0.41;248.26;16.45;752;107;4591.00;155
12441;107;627497961;12441;318;13192;13345;6.62;0.41;248.26;16.45;751;107;4592.00;153
12443;107;627497970;12443;316;13193;13345;6.62;0.41;248.26;16.46;750;107;4593.00;152
12448;107;627497979;12448;318;13196;13349;6.63;0.41;248.24;16.46;748;107;4594.00;153
12451;107;627497988;12451;316;13197;13349;6.66;0.41;248.26;16.46;746;107;4595.00;152
12454;107;627497997;12454;315;13198;13349;6.68;0.41;248.25;16.46;744;107;4596.00;151
12459;107;627498006;12459;310;13198;13349;6.64;0.41;248.25;16.46;739;107;4597.00;151
12462;107;627498016;12462;304;13199;13350;6.69;0.41;248.30;16.46;737;107;4598.00;151
12467;107;627498025;12467;301;13200;13351;6.77;0.41;248.26;16.46;733;107;4599.00;151
12473;107;627498035;12473;294;13201;13351;6.78;0.41;248.28;16.46;728;107;4600.00;150
12474;107;627498048;12474;291;13202;13352;6.83;0.42;248.29;16.46;728;107;4601.00;150
12477;107;627498057;12477;290;13202;13352;6.80;0.42;248.29;16.46;725;107;4602.00;150
12481;107;627498066;12481;291;13202;13352;6.76;0.41;248.29;16.46;721;107;4603.00;150
12486;107;627498075;12486;288;13202;13352;6.75;0.41;248.27;16.46;716;107;4604.00;150
12487;107;627498083;12487;289;13202;13352;6.77;0.42;248.26;16.46;715;107;4605.00;150
12491;107;627498092;12491;289;13202;13352;6.77;0.41;248.26;16.46;711;107;4606.00;150
12493;107;627498101;12493;292;13202;13352;6.79;0.42;248.32;16.46;709;107;4607.00;150
12496;107;627498110;12496;299;13271;13479;7.24;0.45;248.31;16.37;775;107;4608.00;208
12500;107;627498129;12500;297;13273;13480;7.22;0.45;248.30;16.37;773;107;4609.00;207
12502;107;627498139;12502;296;13284;13480;7.33;0.46;248.30;16.51;782;107;4610.00;196
12505;107;627498149;12505;293;13285;13480;7.29;0.46;248.30;16.51;780;107;4611.00;195
12508;107;627498165;12508;291;13292;13480;7.29;0.45;248.28;16.50;784;107;4612.00;188
12512;107;627498174;12512;298;13296;13480;7.30;0.46;248.27;16.50;784;107;4613.00;184
12515;107;627498183;12515;297;13301;13480;7.34;0.46;248.26;16.49;786;107;4614.00;179
12519;107;627498199;12519;296;13304;13480;7.37;0.46;248.25;16.49;785;107;4615.00;176
12522;107;627498208;12522;296;13308;13481;7.39;0.46;248.25;16.49;786;107;4616.00;173
12525;107;627498218;12525;295;13310;13482;7.33;0.45;248.29;16.49;785;107;4617.00;172
12527;107;627498228;12527;296;13314;13482;7.35;0.45;248.28;16.49;787;107;4618.00;168
12530;107;627498239;12530;303;13315;13483;7.30;0.45;248.27;16.48;785;107;4619.00;168
12533;107;627498252;12533;306;13316;13483;7.26;0.45;248.26;16.48;783;107;4620.00;167
12539;107;627498264;12539;311;13318;13483;7.18;0.45;248.27;16.48;779;107;4621.00;165
12543;107;627498274;12543;314;13318;13483;7.14;0.44;248.26;16.48;775;107;4622.00;165
12548;107;627498284;12548;319;13321;13487;7.09;0.44;248.26;16.48;773;107;4623.00;166
12549;107;627498294;12549;315;13323;13487;7.11;0.44;248.27;16.48;774;107;4624.00;164
12549;107;627498304;12549;320;13324;13487;7.11;0.44;248.27;16.48;775;107;4625.00;163
12550;107;627498314;12550;322;13326;13490;7.10;0.44;248.27;16.48;776;107;4626.00;164
12552;107;627498324;12552;309;13327;13490;7.14;0.44;248.26;16.48;775;107;4627.00;163
12557;107;627498335;12557;302;13328;13490;7.11;0.44;248.23;16.48;771;107;4628.00;162
12558;107;627498346;12558;299;13332;13494;7.23;0.44;248.22;16.47;774;107;4629.00;162
12561;107;627498357;12561;296;13333;13495;7.31;0.45;248.29;16.47;772;107;4630.00;162
12563;107;627498367;12563;291;13334;13495;7.39;0.45;248.29;16.47;771;107;4631.00;161
12568;108;627498377;12568;290;13337;13499;7.43;0.46;248.25;16.47;769;108;4632.00;162
12570;108;627498405;12570;284;13337;13499;7.50;0.46;248.28;16.47;767;108;4633.00;162
12573;108;627498417;12573;285;13337;13499;7.59;0.47;248.27;16.47;764;108;4634.00;162
12577;108;627498428;12577;291;13339;13501;7.67;0.47;248.25;16.47;762;108;4635.00;162
12580;108;627498440;12580;282;13339;13501;7.79;0.48;248.25;16.47;759;108;4636.00;162
12583;108;627498459;12583;272;13343;13507;7.95;0.49;248.21;16.46;760;108;4637.00;164
12584;108;627498473;12584;259;13344;13507;8.15;0.50;248.20;16.46;760;108;4638.00;163
12587;108;627498485;12587;250;13344;13508;8.31;0.51;248.21;16.46;757;108;4639.00;164
12591;108;627498496;12591;244;13344;13508;8.44;0.51;248.23;16.46;753;108;4640.00;164
12593;108;627498515;12593;245;13344;13508;8.54;0.52;248.23;16.46;751;108;4641.00;164
12598;108;627498532;12598;243;13344;13508;8.65;0.53;248.26;16.46;746;108;4642.00;164
12600;108;627498544;12600;237;13344;13508;8.73;0.53;248.25;16.46;744;108;4643.00;164
12601;108;627498554;12601;232;13354;13520;8.90;0.54;248.27;16.45;753;108;4644.00;166
12602;108;627498573;12602;229;13355;13520;9.01;0.55;248.27;16.45;753;108;4645.00;165
12602;108;627498584;12602;214;13355;13520;9.16;0.56;248.27;16.45;753;108;4646.00;165
12606;108;627498596;12606;200;13355;13520;9.29;0.56;248.26;16.45;749;108;4647.00;165
12607;108;627498608;12607;187;13355;13520;9.47;0.58;248.27;16.45;748;108;4648.00;165
12610;108;627498620;12610;172;13355;13520;9.54;0.58;248.24;16.45;745;108;4649.00;165
12611;108;627498634;12611;168;13360;13526;9.62;0.58;248.23;16.44;749;108;4650.00;166
12615;108;627498647;12615;152;13360;13526;9.77;0.59;248.24;16.44;745;108;4651.00;166
12617;108;627498659;12617;150;13363;13530;9.89;0.60;248.25;16.44;746;108;4652.00;167
12619;108;627498671;12619;146;13365;13531;10.05;0.61;248.25;16.43;746;108;4653.00;166
12622;108;627498684;12622;146;13365;13531;10.19;0.62;248.28;16.43;743;108;4654.00;166
12623;108;627498696;12623;141;13365;13531;10.34;0.63;248.31;16.43;742;108;4655.00;166
12626;108;627498708;12626;140;13376;13544;10.49;0.64;248.36;16.42;750;108;4656.00;168
12629;109;627498721;12629;140;13376;13544;10.64;0.65;248.42;16.42;747;109;4657.00;168
12631;110;627498744;12631;140;13376;13544;10.75;0.65;248.41;16.42;745;110;4658.00;168
12635;110;627498767;12635;138;13377;13545;10.86;0.66;248.45;16.42;742;110;4659.00;168
12638;110;627498780;12638;139;13377;13546;10.89;0.66;248.46;16.42;739;110;4660.00;169
12640;110;627498792;12640;136;13377;13546;10.94;0.66;248.47;16.42;737;110;4661.00;169
12643;110;627498803;12643;132;13379;13549;10.96;0.66;248.49;16.42;736;110;4662.00;170
12646;110;627498815;12646;129;13379;13549;11.01;0.67;248.49;16.42;733;110;4663.00;170
12652;110;627498826;12652;130;13380;13549;11.06;0.67;248.47;16.42;728;110;4664.00;169
12655;110;627498839;12655;131;13380;13549;11.12;0.67;248.44;16.42;725;110;4665.00;169
12658;110;627498850;12658;137;13384;13555;11.24;0.68;248.46;16.41;726;110;4666.00;171
12662;110;627498862;12662;139;13384;13555;11.30;0.68;248.44;16.41;722;110;4667.00;171
12663;110;627498874;12663;139;13385;13555;11.32;0.68;248.45;16.41;722;110;4668.00;170
12665;110;627498885;12665;130;13385;13555;11.43;0.69;248.48;16.41;720;110;4669.00;170
12666;110;627498898;12666;129;13388;13559;11.46;0.69;248.48;16.41;722;110;4670.00;171
12669;110;627498909;12669;130;13389;13560;11.52;0.70;248.54;16.41;720;110;4671.00;171
12672;110;627498921;12672;130;13389;13560;11.54;0.70;248.56;16.41;717;110;4672.00;171
12675;110;627498933;12675;132;13390;13561;11.61;0.70;248.56;16.40;715;110;4673.00;171
12678;110;627498946;12678;129;13390;13561;11.68;0.71;248.60;16.40;712;110;4674.00;171
12680;110;627498957;12680;127;13390;13561;11.75;0.71;248.63;16.40;710;110;4675.00;171
12680;110;627498975;12680;124;13390;13561;11.85;0.72;248.63;16.40;710;110;4676.00;171
12682;110;627498986;12682;120;13390;13561;11.92;0.72;248.66;16.40;708;110;4677.00;171
12684;110;627498997;12684;119;13390;13561;11.96;0.73;248.68;16.40;706;110;4678.00;171
12690;110;627499008;12690;116;13390;13561;12.02;0.73;248.73;16.40;700;110;4679.00;171
12692;110;627499021;12692;135;13455;13686;11.67;0.71;248.74;16.33;763;110;4680.00;231
12696;110;627499041;12696;126;13456;13687;11.71;0.72;248.78;16.32;760;110;4681.00;231
12697;110;627499053;12697;113;13463;13687;11.81;0.72;248.78;16.32;766;110;4682.00;224
12701;110;627499064;12701;113;13467;13687;11.94;0.73;248.83;16.31;766;110;4683.00;220
12708;110;627499076;12708;113;13471;13687;11.97;0.73;248.83;16.31;763;110;4684.00;216
12710;110;627499088;12710;120;13474;13687;11.99;0.73;248.86;16.31;764;110;4685.00;213
12714;110;627499100;12714;126;13479;13687;11.94;0.73;248.89;16.30;765;110;4686.00;208
12716;110;627499112;12716;135;13481;13687;11.96;0.73;248.93;16.30;765;110;4687.00;206
12717;110;627499124;12717;136;13484;13688;11.97;0.73;248.93;16.30;767;110;4688.00;204
12722;110;627499135;12722;140;13487;13689;11.96;0.73;248.95;16.30;765;110;4689.00;202
12729;110;627499147;12729;145;13489;13689;11.91;0.73;248.97;16.30;760;110;4690.00;200
12729;110;627499188;12729;145;13492;13693;11.81;0.72;248.97;16.29;763;110;4691.00;201
12735;110;627499201;12735;142;13493;13693;11.73;0.71;248.98;16.29;758;110;4692.00;200
12736;110;627499214;12736;137;13493;13693;11.70;0.71;248.97;16.29;757;110;4693.00;200
12738;110;627499228;12738;135;13495;13693;11.71;0.71;248.99;16.31;757;110;4694.00;198
12745;110;627499242;12745;132;13497;13699;11.69;0.71;249.03;16.30;752;110;4695.00;202
12747;110;627499262;12747;131;13499;13699;11.67;0.71;249.02;16.32;752;110;4696.00;200
12752;110;627499273;12752;130;13500;13699;11.72;0.72;249.00;16.32;748;110;4697.00;199
12754;110;627499285;12754;128;13503;13702;11.82;0.72;249.03;16.31;749;110;4698.00;199
12760;110;627499296;12760;126;13504;13702;11.81;0.72;249.05;16.31;744;110;4699.00;198
12764;110;627499309;12764;119;13505;13702;11.86;0.72;249.02;16.31;741;110;4700.00;197
12767;110;627499324;12767;120;13505;13703;11.89;0.72;249.04;16.31;738;110;4701.00;198
12771;110;627499336;12771;118;13506;13704;11.93;0.73;249.02;16.31;735;110;4702.00;198
12774;110;627499353;12774;119;13506;13704;11.96;0.73;249.00;16.31;732;110;4703.00;198
12778;111;627499365;12778;122;13515;13717;12.04;0.73;249.01;16.30;737;111;4704.00;202
12779;111;627499389;12779;120;13515;13717;12.10;0.74;249.02;16.30;736;111;4705.00;202
12783;111;627499401;12783;119;13515;13717;12.07;0.73;249.04;16.30;732;111;4706.00;202
12785;111;627499413;12785;118;13516;13718;12.13;0.74;249.03;16.30;731;111;4707.00;202
12787;111;627499425;12787;123;13517;13718;12.07;0.73;249.01;16.30;730;111;4708.00;201
12790;111;627499441;12790;123;13519;13722;12.09;0.74;249.01;16.30;729;111;4709.00;203
12794;111;627499454;12794;128;13522;13722;12.11;0.74;249.02;16.30;728;111;4710.00;200
12798;111;627499473;12798;130;13526;13726;12.06;0.73;249.07;16.30;728;111;4711.00;200
12801;111;627499501;12801;135;13526;13726;12.02;0.73;249.05;16.30;725;111;4712.00;200
12805;111;627499518;12805;135;13527;13726;11.91;0.72;249.08;16.30;722;111;4713.00;199
12807;111;627499538;12807;142;13528;13726;11.79;0.72;249.07;16.30;721;111;4714.00;198
12808;111;627499554;12808;148;13528;13726;11.74;0.71;249.07;16.30;720;111;4715.00;198
12808;111;627499569;12808;153;13539;13738;11.65;0.71;249.07;16.30;731;111;4716.00;199
12811;111;627499585;12811;163;13540;13738;11.53;0.70;249.08;16.30;729;111;4717.00;198
12814;111;627499599;12814;173;13541;13738;11.45;0.70;249.09;16.30;727;111;4718.00;197
12815;111;627499622;12815;178;13542;13738;11.38;0.69;249.08;16.30;727;111;4719.00;196
12820;111;627499634;12820;190;13544;13738;11.24;0.69;249.08;16.32;724;111;4720.00;194
12823;111;627499647;12823;197;13544;13738;11.08;0.68;249.09;16.32;721;111;4721.00;194
12824;111;627499661;12824;205;13545;13739;10.94;0.67;249.09;16.32;721;111;4722.00;194
12827;112;627499672;12827;205;13546;13739;10.84;0.66;249.11;16.32;719;112;4723.00;193
12829;112;627499692;12829;214;13551;13745;10.81;0.66;249.10;16.33;722;112;4724.00;194
12830;112;627499709;12830;215;13554;13747;10.69;0.65;249.11;16.33;724;112;4725.00;193
12835;112;627499721;12835;221;13556;13747;10.54;0.64;249.09;16.35;721;112;4726.00;191
12840;112;627499740;12840;225;13556;13747;10.44;0.64;249.08;16.35;716;112;4727.00;191
12842;112;627499751;12842;227;13561;13751;10.37;0.63;249.06;16.36;719;112;4728.00;190
12844;112;627499762;12844;230;13561;13751;10.26;0.63;249.09;16.36;717;112;4729.00;190
12847;112;627499772;12847;233;13562;13751;10.21;0.62;249.10;16.38;715;112;4730.00;189
12849;112;627499788;12849;238;13564;13752;10.17;0.62;249.08;16.39;715;112;4731.00;188
12853;112;627499798;12853;244;13568;13756;10.04;0.61;249.13;16.40;715;112;4732.00;188
12855;112;627499809;12855;244;13569;13756;9.91;0.60;249.13;16.41;714;112;4733.00;187
12857;112;627499819;12857;246;13572;13759;9.86;0.60;249.13;16.41;715;112;4734.00;187
12860;112;627499829;12860;248;13573;13759;9.87;0.60;249.14;16.41;713;112;4735.00;186
12863;112;627499839;12863;252;13575;13759;9.71;0.59;249.15;16.43;712;112;4736.00;184
12866;112;627499849;12866;256;13575;13759;9.60;0.59;249.14;16.43;709;112;4737.00;184
12868;112;627499858;12868;257;13580;13763;9.58;0.59;249.17;16.44;712;112;4738.00;183
12869;112;627499868;12869;257;13580;13763;9.53;0.58;249.16;16.44;711;112;4739.00;183
12871;112;627499879;12871;255;13583;13763;9.53;0.58;249.21;16.45;712;112;4740.00;180
12872;112;627499890;12872;253;13583;13763;9.49;0.58;249.20;16.45;711;112;4741.00;180
12875;112;627499899;12875;249;13584;13764;9.32;0.57;249.20;16.46;709;112;4742.00;180
12876;112;627499910;12876;246;13585;13765;9.26;0.57;249.21;16.46;709;112;4743.00;180
12879;112;627499920;12879;251;13587;13765;9.07;0.56;249.18;16.47;708;112;4744.00;178
12882;112;627499929;12882;249;13588;13766;8.92;0.55;249.18;16.47;706;112;4745.00;178
12886;112;627499938;12886;248;13590;13766;8.78;0.54;249.16;16.48;704;112;4746.00;176
12886;112;627499948;12886;253;13590;13766;8.64;0.53;249.16;16.48;704;112;4747.00;176
12887;112;627499957;12887;259;13590;13766;8.52;0.52;249.16;16.48;703;112;4748.00;176
12894;112;627499967;12894;262;13592;13766;8.39;0.52;249.07;16.49;698;112;4749.00;174
12896;112;627499977;12896;271;13592;13766;8.24;0.51;249.05;16.49;696;112;4750.00;174
12899;112;627499985;12899;278;13592;13766;8.06;0.50;249.01;16.49;693;112;4751.00;174
12902;112;627499995;12902;296;13654;13893;8.10;0.51;248.98;16.43;752;112;4752.00;239
12905;112;627500015;12905;298;13655;13894;7.93;0.50;248.99;16.43;750;112;4753.00;239
12908;112;627500024;12908;298;13664;13894;7.93;0.50;248.99;16.43;756;112;4754.00;230
12912;112;627500034;12912;304;13671;13894;7.88;0.49;248.99;16.43;759;112;4755.00;223
12917;112;627500043;12917;301;13679;13894;7.80;0.49;248.99;16.43;762;112;4756.00;215
12920;112;627500052;12920;302;13683;13894;7.69;0.48;248.98;16.43;763;112;4757.00;211
12921;112;627500060;12921;311;13689;13894;7.57;0.47;248.99;16.42;768;112;4758.00;205
12926;112;627500068;12926;317;13693;13894;7.34;0.46;248.98;16.43;767;112;4759.00;201
12931;112;627500083;12931;305;13696;13895;7.24;0.45;248.95;16.43;765;112;4760.00;199
12935;112;627500098;12935;293;13699;13896;7.11;0.44;248.93;16.43;764;112;4761.00;197
12939;112;627500107;12939;298;13703;13896;7.00;0.43;248.94;16.44;764;112;4762.00;193
12941;112;627500115;12941;298;13705;13897;6.94;0.43;248.95;16.44;764;112;4763.00;192
12943;112;627500124;12943;308;13712;13897;6.84;0.42;248.95;16.46;769;112;4764.00;185
12945;112;627500133;12945;314;13714;13897;6.76;0.42;248.98;16.46;769;112;4765.00;183
12947;112;627500142;12947;321;13719;13897;6.73;0.42;249.02;16.47;772;112;4766.00;178
12949;112;627500151;12949;318;13722;13901;6.69;0.41;249.03;16.47;773;112;4767.00;179
12952;112;627500161;12952;320;13725;13901;6.71;0.41;249.04;16.47;773;112;4768.00;176
12955;112;627500170;12955;314;13728;13901;6.70;0.41;249.02;16.49;773;112;4769.00;173
12956;112;627500181;12956;312;13731;13907;6.73;0.41;249.04;16.48;775;112;4770.00;176
12957;112;627500197;12957;314;13733;13907;6.73;0.41;249.05;16.63;776;112;4771.00;174
12960;112;627500211;12960;307;13736;13907;6.74;0.41;249.05;16.65;776;112;4772.00;171
12964;112;627500221;12964;304;13738;13911;6.77;0.42;249.02;16.65;774;112;4773.00;173
12968;112;627500231;12968;307;13741;13912;6.75;0.41;249.01;16.65;773;112;4774.00;171
12971;112;627500241;12971;315;13741;13912;6.71;0.41;248.99;16.65;770;112;4775.00;171
12973;112;627500251;12973;315;13745;13916;6.69;0.41;248.99;16.64;772;112;4776.00;171
12976;112;627500261;12976;324;13745;13916;6.62;0.41;249.00;16.64;769;112;4777.00;171
12979;112;627500270;12979;323;13746;13916;6.66;0.41;248.99;16.64;767;112;4778.00;170
12981;112;627500280;12981;307;13747;13917;6.72;0.41;249.00;16.64;766;112;4779.00;170
12983;112;627500297;12983;302;13747;13917;6.76;0.41;249.01;16.64;764;112;4780.00;170
12988;112;627500307;12988;293;13751;13923;6.75;0.41;248.97;16.63;763;112;4781.00;172
12991;112;627500318;12991;292;13751;13923;6.83;0.42;248.96;16.63;760;112;4782.00;172
12991;112;627500327;12991;277;13752;13924;6.94;0.43;248.96;16.63;761;112;4783.00;172
12995;112;627500337;12995;271;13752;13924;7.04;0.43;248.97;16.63;757;112;4784.00;172
13000;112;627500348;13000;264;13752;13924;7.17;0.44;248.93;16.63;752;112;4785.00;172
13003;112;627500359;13003;261;13752;13924;7.26;0.44;248.94;16.63;749;112;4786.00;172
13006;112;627500369;13006;252;13752;13924;7.36;0.45;248.96;16.63;746;112;4787.00;172
13009;112;627500379;13009;250;13762;13936;7.54;0.46;248.93;16.62;753;112;4788.00;174
13010;112;627500391;13010;244;13762;13936;7.71;0.47;248.95;16.62;752;112;4789.00;174
13014;112;627500401;13014;249;13763;13936;7.81;0.48;248.98;16.62;749;112;4790.00;173
13017;112;627500412;13017;245;13763;13936;7.91;0.48;249.00;16.62;746;112;4791.00;173
13021;112;627500430;13021;248;13763;13936;7.95;0.49;249.02;16.62;742;112;4792.00;173
13023;112;627500442;13023;249;13763;13936;8.05;0.49;249.01;16.62;740;112;4793.00;173
13026;112;627500453;13026;250;13766;13940;8.15;0.50;249.00;16.62;740;112;4794.00;174
13029;112;627500464;13029;255;13766;13940;8.18;0.50;249.00;16.62;737;112;4795.00;174
13032;112;627500476;13032;245;13769;13944;8.23;0.50;248.99;16.61;737;112;4796.00;175
13032;112;627500488;13032;252;13770;13945;8.29;0.51;248.99;16.61;738;112;4797.00;175
13036;112;627500498;13036;261;13771;13945;8.26;0.50;249.01;16.61;735;112;4798.00;174
13037;112;627500509;13037;257;13771;13945;8.22;0.50;249.00;16.61;734;112;4799.00;174
13041;112;627500523;13041;256;13793;13986;8.23;0.50;249.03;16.58;752;112;4800.00;193
13041;112;627500541;13041;256;13793;13986;8.28;0.51;249.03;16.58;752;112;4801.00;193
13043;112;627500551;13043;253;13796;13986;8.30;0.51;249.03;16.58;753;112;4802.00;190
13047;112;627500562;13047;257;13798;13987;8.36;0.51;249.06;16.58;751;112;4803.00;189
13050;112;627500572;13050;257;13798;13988;8.41;0.51;249.06;16.58;748;112;4804.00;190
13052;112;627500583;13052;263;13799;13988;8.42;0.51;249.04;16.58;747;112;4805.00;189
13053;112;627500593;13053;258;13802;13991;8.49;0.52;249.04;16.58;749;112;4806.00;189
13059;112;627500604;13059;246;13804;13991;8.48;0.52;249.04;16.57;745;112;4807.00;187
13062;112;627500615;13062;238;13805;13991;8.51;0.52;249.06;16.57;743;112;4808.00;186
13068;112;627500626;13068;231;13805;13991;8.46;0.51;249.04;16.57;737;112;4809.00;186
13072;112;627500637;13072;220;13810;13997;8.52;0.52;249.09;16.57;738;112;4810.00;187
13075;112;627500649;13075;218;13811;13997;8.65;0.53;249.07;16.57;736;112;4811.00;186
13079;112;627500660;13079;216;13811;13997;8.75;0.53;249.10;16.57;732;112;4812.00;186
13083;112;627500671;13083;214;13811;13997;8.91;0.54;249.13;16.57;728;112;4813.00;186
13088;112;627500688;13088;212;13815;14001;9.05;0.55;249.19;16.56;727;112;4814.00;186
13094;112;627500699;13094;213;13817;14003;9.14;0.55;249.22;16.56;723;112;4815.00;186
13098;112;627500717;13098;201;13818;14003;9.22;0.56;249.27;16.56;720;112;4816.00;185
13100;112;627500728;13100;185;13819;14004;9.40;0.57;249.28;16.56;719;112;4817.00;185
13105;112;627500739;13105;171;13820;14004;9.55;0.58;249.27;16.71;715;112;4818.00;184
13110;112;627500751;13110;158;13820;14004;9.70;0.59;249.31;16.71;710;112;4819.00;184
13112;112;627500763;13112;145;13820;14004;9.98;0.60;249.30;16.71;708;112;4820.00;184
13115;112;627500786;13115;141;13820;14004;10.19;0.62;249.32;16.71;705;112;4821.00;184
13120;112;627500798;13120;133;13821;14004;10.41;0.63;249.32;16.71;701;112;4822.00;183
13121;112;627500809;13121;129;13821;14004;10.58;0.64;249.33;16.71;700;112;4823.00;183
13124;112;627500822;13124;139;13864;14074;10.53;0.64;249.33;16.66;740;112;4824.00;210
13124;112;627500845;13124;128;13864;14075;10.72;0.65;249.33;16.66;740;112;4825.00;211
13128;112;627500857;13128;123;13867;14075;10.88;0.66;249.39;16.66;739;112;4826.00;208
13131;112;627500870;13131;118;13868;14075;11.04;0.67;249.44;16.66;737;112;4827.00;207
13132;112;627500882;13132;120;13873;14077;11.22;0.68;249.46;16.65;741;112;4828.00;204
13133;112;627500894;13133;118;13874;14077;11.33;0.69;249.47;16.65;741;112;4829.00;203
13137;112;627500907;13137;120;13878;14077;11.40;0.69;249.50;16.65;741;112;4830.00;199
13139;112;627500920;13139;118;13880;14077;11.53;0.70;249.52;16.65;741;112;4831.00;197
13144;112;627500932;13144;121;13883;14078;11.66;0.71;249.49;16.65;739;112;4832.00;195
13147;112;627500944;13147;125;13884;14079;11.70;0.71;249.52;16.65;737;112;4833.00;195
13150;112;627500956;13150;127;13889;14079;11.71;0.71;249.52;16.64;739;112;4834.00;190
13154;112;627500970;13154;131;13894;14083;11.66;0.71;249.52;16.64;740;112;4835.00;189
13158;112;627500983;13158;142;13896;14083;11.66;0.71;249.53;16.79;738;112;4836.00;187
13159;112;627500996;13159;139;13896;14083;11.67;0.71;249.53;16.79;737;112;4837.00;187
13165;112;627501008;13165;145;13896;14083;11.65;0.71;249.54;16.79;731;112;4838.00;187
13166;112;627501020;13166;146;13902;14089;11.63;0.71;249.55;16.79;736;112;4839.00;187
13168;112;627501032;13168;139;13902;14089;11.68;0.71;249.57;16.79;734;112;4840.00;187
13171;112;627501043;13171;142;13902;14089;11.74;0.72;249.57;16.79;731;112;4841.00;187
13175;112;627501055;13175;144;13905;14092;11.72;0.71;249.56;16.78;730;112;4842.00;187
13176;112;627501074;13176;148;13905;14092;11.74;0.72;249.57;16.78;729;112;4843.00;187
13177;112;627501090;13177;142;13905;14092;11.74;0.72;249.57;16.78;728;112;4844.00;187
13181;112;627501102;13181;147;13905;14093;11.73;0.72;249.57;16.78;724;112;4845.00;188
13186;112;627501113;13186;150;13906;14094;11.81;0.72;249.54;16.78;720;112;4846.00;188
13190;112;627501131;13190;150;13906;14094;11.75;0.72;249.55;16.78;716;112;4847.00;188
13194;112;627501143;13194;149;13915;14107;11.68;0.71;249.58;16.77;721;112;4848.00;192
13195;112;627501154;13195;157;13916;14107;11.70;0.71;249.58;16.77;721;112;4849.00;191
13200;112;627501165;13200;157;13916;14107;11.74;0.71;249.60;16.77;716;112;4850.00;191
13201;112;627501176;13201;153;13917;14108;11.76;0.71;249.59;16.77;716;112;4851.00;191
13203;112;627501187;13203;153;13917;14108;11.72;0.71;249.62;16.77;714;112;4852.00;191
13206;112;627501198;13206;151;13920;14112;11.67;0.71;249.61;16.76;714;112;4853.00;192
13209;112;627501209;13209;149;13921;14112;11.61;0.70;249.63;16.92;712;112;4854.00;191
13210;112;627501220;13210;150;13925;14116;11.53;0.70;249.65;16.91;715;112;4855.00;191
13214;112;627501230;13214;148;13925;14116;11.50;0.70;249.66;16.91;711;112;4856.00;191
13219;112;627501241;13219;151;13925;14116;11.54;0.70;249.67;16.91;706;112;4857.00;191
13223;112;627501252;13223;154;13925;14116;11.56;0.70;249.63;16.91;702;112;4858.00;191
13229;112;627501268;13229;150;13925;14116;11.57;0.70;249.61;16.91;696;112;4859.00;191
13230;112;627501280;13230;151;13944;14150;11.51;0.70;249.60;16.89;714;112;4860.00;206
13234;112;627501292;13234;147;13945;14150;11.46;0.70;249.65;16.89;711;112;4861.00;205
13236;112;627501303;13236;139;13947;14150;11.53;0.70;249.66;16.88;711;112;4862.00;203
13240;112;627501313;13240;133;13947;14150;11.61;0.71;249.65;16.88;707;112;4863.00;203
13244;112;627501324;13244;127;13948;14150;11.65;0.71;249.66;16.88;704;112;4864.00;202
13246;112;627501334;13246;120;13950;14150;11.72;0.71;249.66;16.91;704;112;4865.00;200
13252;112;627501351;13252;117;13951;14151;11.79;0.72;249.63;16.91;699;112;4866.00;200
13255;112;627501361;13255;120;13951;14151;11.89;0.72;249.63;16.91;696;112;4867.00;200
13262;112;627501371;13262;116;13955;14157;12.00;0.73;249.67;16.91;693;112;4868.00;202
13265;112;627501382;13265;118;13956;14158;11.98;0.73;249.67;16.91;691;112;4869.00;202
13268;112;627501398;13268;119;13957;14158;11.92;0.72;249.70;16.90;689;112;4870.00;201
13272;112;627501413;13272;125;13957;14158;11.75;0.71;249.71;16.90;685;112;4871.00;201
13277;112;627501425;13277;126;13959;14162;11.68;0.71;249.68;16.90;682;112;4872.00;203
13278;112;627501443;13278;125;13961;14162;11.68;0.71;249.70;16.90;683;112;4873.00;201
13282;112;627501453;13282;126;13961;14162;11.63;0.71;249.74;16.90;679;112;4874.00;201
13283;112;627501463;13283;133;13962;14163;11.68;0.71;249.73;16.90;679;112;4875.00;201
13287;112;627501474;13287;132;13965;14167;11.57;0.70;249.74;16.90;678;112;4876.00;202
13290;112;627501489;13290;139;13966;14167;11.48;0.70;249.71;16.90;676;112;4877.00;201
13294;112;627501506;13294;142;13969;14170;11.37;0.69;249.71;16.90;675;112;4878.00;201
13296;112;627501521;13296;145;13970;14170;11.33;0.69;249.71;16.89;674;112;4879.00;200
13298;112;627501537;13298;143;13971;14170;11.25;0.68;249.71;16.89;673;112;4880.00;199
13299;112;627501553;13299;148;13971;14170;11.27;0.68;249.71;16.89;672;112;4881.00;199
13301;112;627501566;13301;148;13975;14174;11.24;0.68;249.70;16.89;674;112;4882.00;199
13304;112;627501580;13304;148;13975;14174;11.25;0.68;249.73;16.89;671;112;4883.00;199
13304;112;627501594;13304;148;13977;14174;11.34;0.69;249.73;16.89;673;112;4884.00;197
13307;112;627501604;13307;150;13977;14174;11.29;0.69;249.72;16.89;670;112;4885.00;197
13308;112;627501616;13308;151;13977;14175;11.21;0.68;249.70;16.89;669;112;4886.00;198
13311;112;627501627;13311;157;13978;14176;11.18;0.68;249.73;16.89;667;112;4887.00;198
13313;112;627501638;13313;162;13978;14176;11.17;0.68;249.72;16.89;665;112;4888.00;198
13315;112;627501649;13315;166;13980;14177;11.10;0.68;249.74;16.89;665;112;4889.00;197
13319;112;627501662;13319;168;13980;14177;10.98;0.67;249.79;16.89;661;112;4890.00;197
13324;112;627501673;13324;175;13981;14177;10.85;0.66;249.85;16.91;657;112;4891.00;196
13326;112;627501684;13326;176;13982;14177;10.71;0.65;249.82;16.91;656;112;4892.00;195
13330;112;627501694;13330;182;13983;14177;10.59;0.65;249.82;16.93;653;112;4893.00;194
13330;112;627501704;13330;190;13983;14177;10.44;0.64;249.82;16.93;653;112;4894.00;194
13333;112;627501713;13333;200;13983;14177;10.28;0.63;249.84;16.93;650;112;4895.00;194
13336;112;627501725;13336;219;14046;14304;10.09;0.62;249.85;16.87;710;112;4896.00;258
13338;112;627501746;13338;220;14048;14305;9.89;0.61;249.84;16.87;710;112;4897.00;257
13341;112;627501767;13341;214;14058;14305;9.93;0.62;249.86;16.86;717;112;4898.00;247
13344;112;627501777;13344;214;14066;14305;9.82;0.61;249.84;16.88;722;112;4899.00;239
13346;112;627501788;13346;220;14073;14305;9.76;0.60;249.82;16.88;727;112;4900.00;232
13350;112;627501802;13350;218;14079;14305;9.72;0.60;249.80;16.87;729;112;4901.00;226
13351;112;627501813;13351;221;14088;14305;9.68;0.60;249.80;16.89;737;112;4902.00;217
13353;112;627501823;13353;226;14089;14305;9.56;0.59;249.77;16.89;736;112;4903.00;216
13356;112;627501833;13356;232;14093;14306;9.51;0.59;249.75;16.88;737;112;4904.00;213
13357;112;627501843;13357;237;14098;14308;9.41;0.58;249.74;16.89;741;112;4905.00;210
13358;112;627501853;13358;243;14102;14308;9.27;0.57;249.76;16.90;744;112;4906.00;206
13361;112;627501863;13361;253;14105;14309;9.12;0.56;249.72;16.91;744;112;4907.00;204
13362;112;627501872;13362;262;14108;14309;8.92;0.55;249.72;16.91;746;112;4908.00;201
13366;112;627501883;13366;266;14110;14309;8.75;0.54;249.67;16.92;744;112;4909.00;199
13367;112;627501893;13367;271;14113;14309;8.64;0.53;249.66;16.92;746;112;4910.00;196
13370;112;627501902;13370;278;14117;14313;8.54;0.53;249.65;16.93;747;112;4911.00;196
13373;112;627501913;13373;280;14119;14313;8.37;0.51;249.62;16.93;746;112;4912.00;194
13375;112;627501922;13375;285;14121;14313;8.17;0.50;249.61;16.95;746;112;4913.00;192
13375;112;627501932;13375;289;14124;14316;8.07;0.50;249.61;16.94;749;112;4914.00;192
13375;112;627501943;13375;292;14126;14316;7.95;0.49;249.61;16.94;751;112;4915.00;190
13377;112;627501953;13377;297;14128;14316;7.85;0.48;249.59;16.96;751;112;4916.00;188
13378;112;627501963;13378;300;14133;14320;7.79;0.48;249.58;16.95;755;112;4917.00;187
13380;112;627501976;13380;305;14135;14321;7.73;0.48;249.55;16.95;755;112;4918.00;186
13383;112;627501987;13383;315;14136;14321;7.60;0.47;249.53;16.96;753;112;4919.00;185
13385;112;627502000;13385;317;14140;14326;7.58;0.47;249.50;16.96;755;112;4920.00;186
13386;112;627502010;13386;322;14141;14326;7.49;0.46;249.50;16.97;755;112;4921.00;185
13387;112;627502019;13387;321;14141;14326;7.33;0.45;249.50;16.97;754;112;4922.00;185
13389;112;627502044;13389;326;14145;14327;7.24;0.44;249.48;17.00;756;112;4923.00;182
13391;112;627502053;13391;327;14146;14327;7.14;0.44;249.45;17.01;755;112;4924.00;181
13394;112;627502063;13394;325;14151;14333;7.06;0.43;249.45;17.01;757;112;4925.00;182
13394;112;627502079;13394;325;14151;14333;6.96;0.43;249.45;17.01;757;112;4926.00;182
13396;112;627502090;13396;333;14153;14334;6.83;0.42;249.47;17.02;757;112;4927.00;181
13402;112;627502099;13402;338;14153;14334;6.64;0.41;249.42;17.02;751;112;4928.00;181
13404;112;627502107;13404;344;14154;14334;6.46;0.40;249.43;17.03;750;112;4929.00;180
13406;112;627502116;13406;347;14155;14334;6.34;0.39;249.45;17.04;749;112;4930.00;179
13407;113;627502126;13407;326;14155;14334;6.29;0.39;249.47;17.04;748;113;4931.00;179
13411;113;627502144;13411;320;14165;14346;6.33;0.39;249.51;17.04;754;113;4932.00;181
13414;113;627502155;13414;313;14166;14346;6.37;0.39;249.54;17.05;752;113;4933.00;180
13415;113;627502169;13415;305;14168;14346;6.47;0.40;249.55;17.05;753;113;4934.00;178
13417;113;627502178;13417;303;14169;14346;6.57;0.40;249.57;17.06;752;113;4935.00;177
13423;113;627502187;13423;296;14170;14346;6.64;0.41;249.61;17.07;747;113;4936.00;176
13424;113;627502196;13424;282;14171;14346;6.77;0.41;249.63;17.07;747;113;4937.00;175
13427;113;627502219;13427;272;14174;14350;6.88;0.42;249.62;17.07;747;113;4938.00;176
13430;113;627502229;13430;261;14174;14350;6.97;0.43;249.65;17.07;744;113;4939.00;176
13431;113;627502238;13431;251;14177;14354;7.09;0.43;249.65;17.07;746;113;4940.00;177
13434;113;627502249;13434;246;14178;14355;7.11;0.43;249.65;17.07;744;113;4941.00;177
13438;113;627502258;13438;241;14179;14355;7.17;0.44;249.68;17.07;741;113;4942.00;176
13440;113;627502268;13440;245;14179;14355;7.26;0.44;249.66;17.07;739;113;4943.00;176
13445;113;627502278;13445;247;14190;14368;7.44;0.45;249.68;17.05;745;113;4944.00;178
13448;113;627502290;13448;250;14190;14368;7.54;0.46;249.68;17.05;742;113;4945.00;178
13450;113;627502300;13450;249;14190;14368;7.61;0.46;249.68;17.05;740;113;4946.00;178
13455;113;627502309;13455;247;14191;14369;7.69;0.47;249.68;17.05;736;113;4947.00;178
13458;113;627502319;13458;243;14191;14370;7.72;0.47;249.67;17.05;733;113;4948.00;179
13462;113;627502330;13462;240;14191;14370;7.73;0.47;249.67;17.05;729;113;4949.00;179
13465;113;627502342;13465;241;14196;14379;7.78;0.47;249.68;17.20;731;113;4950.00;183
13468;113;627502354;13468;237;14198;14379;7.88;0.48;249.68;17.20;730;113;4951.00;181
13469;113;627502371;13469;239;14199;14379;8.00;0.49;249.66;17.20;730;113;4952.00;180
13477;113;627502382;13477;231;14199;14379;8.05;0.49;249.62;17.20;722;113;4953.00;180
13483;113;627502394;13483;225;14203;14385;8.17;0.50;249.63;17.19;720;113;4954.00;182
13486;113;627502405;13486;216;14203;14385;8.24;0.50;249.61;17.19;717;113;4955.00;182
13491;113;627502415;13491;220;14204;14385;8.25;0.50;249.61;17.19;713;113;4956.00;181
13493;113;627502426;13493;216;14205;14385;8.26;0.50;249.60;17.19;712;113;4957.00;180
13498;113;627502436;13498;217;14209;14389;8.34;0.51;249.60;17.19;711;113;4958.00;180
13503;113;627502452;13503;214;14210;14390;8.35;0.51;249.62;17.19;707;113;4959.00;180
13507;113;627502464;13507;207;14210;14390;8.43;0.51;249.62;17.19;703;113;4960.00;180
13511;113;627502477;13511;206;14211;14391;8.44;0.51;249.61;17.18;700;113;4961.00;180
13516;114;627502495;13516;196;14211;14391;8.39;0.51;249.63;17.18;695;114;4962.00;180
13517;114;627502521;13517;196;14211;14391;8.46;0.51;249.63;17.18;694;114;4963.00;180
13521;114;627502535;13521;198;14211;14391;8.48;0.51;249.60;17.18;690;114;4964.00;180
13524;114;627502545;13524;201;14211;14391;8.56;0.52;249.61;17.18;687;114;4965.00;180
13525;114;627502556;13525;207;14211;14391;8.65;0.52;249.60;17.18;686;114;4966.00;180
13528;114;627502566;13528;206;14211;14391;8.77;0.53;249.62;17.18;683;114;4967.00;180
13530;114;627502577;13530;222;14253;14461;8.91;0.54;249.61;17.13;723;114;4968.00;208
13532;114;627502594;13532;218;14254;14462;8.97;0.55;249.64;17.13;722;114;4969.00;208
13537;114;627502605;13537;210;14258;14462;9.07;0.55;249.65;17.13;721;114;4970.00;204
13540;114;627502616;13540;211;14260;14462;9.23;0.56;249.66;17.13;720;114;4971.00;202
13542;114;627502627;13542;212;14263;14462;9.39;0.57;249.68;17.12;721;114;4972.00;199
13545;114;627502637;13545;211;14266;14462;9.52;0.58;249.72;17.12;721;114;4973.00;196
13546;114;627502648;13546;213;14269;14462;9.60;0.59;249.74;17.12;723;114;4974.00;193
13548;114;627502659;13548;216;14271;14462;9.59;0.59;249.75;17.12;723;114;4975.00;191
13552;114;627502669;13552;218;14273;14463;9.57;0.58;249.79;17.12;721;114;4976.00;190
13555;114;627502680;13555;207;14275;14464;9.57;0.58;249.79;17.11;720;114;4977.00;189
13559;114;627502691;13559;202;14278;14464;9.55;0.58;249.78;17.11;719;114;4978.00;186
13561;114;627502702;13561;195;14281;14468;9.52;0.58;249.79;17.11;720;114;4979.00;187
13563;114;627502716;13563;195;14282;14468;9.62;0.59;249.81;17.11;719;114;4980.00;186
13566;114;627502727;13566;195;14282;14468;9.62;0.58;249.83;17.11;716;114;4981.00;186
13569;114;627502739;13569;196;14282;14468;9.63;0.58;249.84;17.11;713;114;4982.00;186
13571;114;627502755;13571;195;14286;14474;9.69;0.59;249.83;17.10;715;114;4983.00;188
13574;114;627502767;13574;193;14286;14474;9.76;0.59;249.85;17.10;712;114;4984.00;188
13575;114;627502779;13575;192;14287;14474;9.84;0.60;249.85;17.10;712;114;4985.00;187
13578;114;627502790;13578;177;14289;14477;10.02;0.61;249.84;17.10;711;114;4986.00;188
13581;114;627502802;13581;163;14290;14477;10.20;0.62;249.85;17.10;709;114;4987.00;187
13586;114;627502814;13586;153;14290;14477;10.30;0.63;249.84;17.10;704;114;4988.00;187
13589;114;627502826;13589;145;14290;14478;10.46;0.63;249.84;17.10;701;114;4989.00;188
13590;114;627502838;13590;144;14291;14479;10.64;0.65;249.84;17.10;701;114;4990.00;188
13594;114;627502850;13594;139;14291;14479;10.84;0.66;249.83;17.10;697;114;4991.00;188
13596;114;627502862;13596;135;14302;14492;11.15;0.68;249.82;17.09;706;114;4992.00;190
13599;114;627502875;13599;131;14302;14492;11.28;0.68;249.81;17.09;703;114;4993.00;190
13600;114;627502887;13600;125;14302;14492;11.36;0.69;249.82;17.09;702;114;4994.00;190
13607;114;627502899;13607;123;14304;14494;11.45;0.69;249.86;17.08;697;114;4995.00;190
13611;114;627502911;13611;122;14304;14494;11.59;0.70;249.88;17.08;693;114;4996.00;190
13613;114;627502923;13613;120;14307;14498;11.72;0.71;249.91;17.08;694;114;4997.00;191
13615;114;627502935;13615;116;14307;14498;11.78;0.71;249.90;17.08;692;114;4998.00;191
13617;114;627502953;13617;117;14311;14502;11.77;0.71;249.93;17.08;694;114;4999.00;191
13621;114;627502966;13621;117;14311;14502;11.77;0.71;249.92;17.08;690;114;5000.00;191
13624;114;627502986;13624;122;14311;14502;11.78;0.71;249.93;17.08;687;114;5001.00;191
13626;114;627502998;13626;118;14311;14502;11.79;0.71;249.93;17.08;685;114;5002.00;191
13627;114;627503010;13627;122;14311;14502;11.89;0.72;249.92;17.08;684;114;5003.00;191
13629;114;627503021;13629;119;14320;14514;11.87;0.72;249.94;17.06;691;114;5004.00;194
13633;114;627503038;13633;117;14320;14514;11.86;0.72;249.96;17.06;687;114;5005.00;194
13636;114;627503049;13636;122;14322;14514;12.01;0.73;249.95;17.06;686;114;5006.00;192
13638;114;627503060;13638;120;14322;14514;12.05;0.73;249.97;17.06;684;114;5007.00;192
13640;114;627503071;13640;117;14322;14514;12.07;0.73;249.97;17.06;682;114;5008.00;192
13643;114;627503082;13643;120;14322;14514;12.13;0.74;249.98;17.06;679;114;5009.00;192
13648;114;627503094;13648;125;14322;14515;12.18;0.74;250.03;17.06;674;114;5010.00;193
13651;114;627503105;13651;123;14322;14515;12.15;0.74;250.03;17.06;671;114;5011.00;193
13652;114;627503115;13652;126;14326;14521;12.17;0.74;250.05;17.06;674;114;5012.00;195
13654;114;627503126;13654;128;14327;14522;12.15;0.74;250.07;17.06;673;114;5013.00;195
13656;114;627503147;13656;128;14328;14522;12.18;0.74;250.07;17.06;672;114;5014.00;194
13659;114;627503157;13659;125;14328;14522;12.13;0.74;250.06;17.06;669;114;5015.00;194
13659;114;627503173;13659;129;14331;14526;12.13;0.74;250.06;17.05;672;114;5016.00;195
13662;114;627503182;13662;128;14331;14526;12.12;0.74;250.09;17.05;669;114;5017.00;195
13666;114;627503192;13666;125;14332;14526;12.07;0.74;250.13;17.21;666;114;5018.00;194
13667;114;627503204;13667;129;14333;14527;12.06;0.74;250.13;17.20;666;114;5019.00;194
13670;114;627503213;13670;125;14336;14531;11.95;0.73;250.15;17.20;666;114;5020.00;195
13672;115;627503224;13672;128;14336;14531;11.85;0.72;250.14;17.20;664;115;5021.00;195
13673;115;627503241;13673;125;14338;14534;11.76;0.72;250.13;17.20;665;115;5022.00;196
13674;115;627503252;13674;126;14338;14534;11.67;0.72;250.13;17.20;664;115;5023.00;196
13678;115;627503261;13678;127;14339;14534;11.71;0.72;250.11;17.20;661;115;5024.00;195
13682;115;627503271;13682;127;14339;14534;11.80;0.72;250.12;17.20;657;115;5025.00;195
13688;115;627503281;13688;126;14342;14538;11.88;0.73;250.09;17.19;654;115;5026.00;196
13689;115;627503291;13689;125;14342;14538;12.00;0.73;250.08;17.19;653;115;5027.00;196
13695;115;627503300;13695;123;14343;14538;12.13;0.74;250.08;17.19;648;115;5028.00;195
13697;115;627503314;13697;116;14343;14538;12.19;0.75;250.07;17.19;646;115;5029.00;195
13701;115;627503323;13701;115;14343;14539;12.22;0.75;250.05;17.19;642;115;5030.00;196
13705;115;627503332;13705;113;14344;14540;12.23;0.75;250.07;17.19;639;115;5031.00;196
13708;115;627503341;13708;113;14344;14540;12.26;0.75;250.07;17.19;636;115;5032.00;196
13711;116;627503350;13711;113;14346;14541;12.23;0.75;250.06;17.34;635;116;5033.00;195
13722;116;627503376;13722;109;14347;14541;12.21;0.74;250.05;17.35;625;116;5034.00;194
13726;116;627503388;13726;112;14348;14541;12.17;0.74;250.03;17.37;622;116;5035.00;193
13730;116;627503398;13730;113;14349;14541;12.18;0.74;250.02;17.52;619;116;5036.00;192
13735;116;627503406;13735;113;14349;14541;12.21;0.74;250.03;17.52;614;116;5037.00;192
13742;116;627503415;13742;110;14349;14541;12.17;0.74;250.01;17.52;607;116;5038.00;192
13745;116;627503430;13745;107;14349;14541;12.19;0.74;250.02;17.52;604;116;5039.00;192
13749;116;627503441;13749;138;14450;14771;11.68;0.73;250.01;17.55;701;116;5040.00;321
13752;116;627503469;13752;131;14451;14772;11.65;0.73;249.99;17.54;699;116;5041.00;321
13754;116;627503483;13754;127;14462;14772;11.71;0.73;250.01;17.69;708;116;5042.00;310
13758;116;627503497;13758;123;14468;14772;11.73;0.73;250.01;17.68;710;116;5043.00;304
13759;116;627503514;13759;122;14474;14772;11.70;0.73;250.01;17.68;715;116;5044.00;298
13762;116;627503530;13762;118;14485;14772;11.60;0.72;249.99;17.82;723;116;5045.00;287
13764;116;627503545;13764;118;14490;14772;11.55;0.72;250.01;17.81;726;116;5046.00;282
13765;116;627503571;13765;120;14496;14772;11.55;0.71;250.01;17.81;731;116;5047.00;276
13770;116;627503596;13770;120;14504;14773;11.50;0.71;249.96;17.95;734;116;5048.00;269
13774;116;627503617;13774;126;14509;14774;11.50;0.71;249.95;17.95;735;116;5049.00;265
13775;116;627503629;13775;126;14511;14774;11.51;0.71;249.93;17.95;736;116;5050.00;263
13776;116;627503648;13776;125;14517;14775;11.45;0.71;249.93;18.09;741;116;5051.00;258
13779;116;627503660;13779;128;14520;14775;11.38;0.70;249.91;18.09;741;116;5052.00;255
13781;116;627503671;13781;128;14522;14775;11.34;0.70;249.92;18.09;741;116;5053.00;253
13781;116;627503682;13781;133;14524;14775;11.23;0.69;249.92;18.09;743;116;5054.00;251
13783;116;627503698;13783;138;14530;14779;11.09;0.68;249.93;18.09;747;116;5055.00;249
13784;116;627503717;13784;147;14533;14779;10.94;0.67;249.93;18.24;749;116;5056.00;246
13789;116;627503728;13789;158;14538;14779;10.73;0.66;249.94;18.24;749;116;5057.00;241
13794;116;627503745;13794;168;14541;14782;10.63;0.65;249.92;18.24;747;116;5058.00;241
13796;116;627503756;13796;172;14546;14782;10.43;0.64;249.90;18.24;750;116;5059.00;236
13797;116;627503773;13797;184;14549;14782;10.28;0.63;249.89;18.24;752;116;5060.00;233
13800;116;627503796;13800;191;14555;14786;10.13;0.62;249.87;18.26;755;116;5061.00;231
13801;116;627503808;13801;207;14557;14787;9.97;0.61;249.85;18.25;756;116;5062.00;230
13802;116;627503819;13802;222;14559;14787;9.83;0.60;249.85;18.26;757;116;5063.00;228
13806;116;627503829;13806;230;14565;14791;9.69;0.59;249.89;18.27;759;116;5064.00;226
13807;116;627503841;13807;238;14566;14791;9.47;0.58;249.88;18.27;759;116;5065.00;225
13808;116;627503852;13808;240;14570;14791;9.24;0.57;249.87;18.29;762;116;5066.00;221
13810;116;627503862;13810;250;14573;14792;9.11;0.56;249.89;18.29;763;116;5067.00;219
13814;116;627503873;13814;260;14575;14792;8.95;0.55;249.87;18.30;761;116;5068.00;217
13815;116;627503884;13815;267;14581;14798;8.79;0.54;249.87;18.31;766;116;5069.00;217
13818;116;627503896;13818;273;14582;14798;8.63;0.53;249.86;18.31;764;116;5070.00;216
13819;116;627503906;13819;282;14582;14799;8.50;0.52;249.84;18.31;763;116;5071.00;217
13820;116;627503917;13820;296;14586;14799;8.33;0.51;249.83;18.32;766;116;5072.00;213
13823;116;627503927;13823;305;14588;14799;8.27;0.51;249.80;18.34;765;116;5073.00;211
13825;116;627503938;13825;315;14590;14799;8.17;0.50;249.77;18.34;765;116;5074.00;209
13826;116;627503953;13826;326;14591;14799;8.08;0.49;249.77;18.34;765;116;5075.00;208
13827;116;627503963;13827;332;14604;14811;8.05;0.49;249.77;18.34;777;116;5076.00;207
13828;116;627503974;13828;337;14605;14811;7.90;0.48;249.77;18.34;777;116;5077.00;206
13830;116;627503984;13830;344;14608;14811;7.74;0.47;249.79;18.36;778;116;5078.00;203
13831;116;627503994;13831;351;14608;14811;7.60;0.46;249.80;18.36;777;116;5079.00;203
13831;116;627504003;13831;355;14611;14811;7.43;0.45;249.80;18.36;780;116;5080.00;200
13831;116;627504013;13831;358;14612;14811;7.26;0.44;249.80;18.38;781;116;5081.00;199
13833;116;627504023;13833;360;14616;14815;7.05;0.43;249.77;18.38;783;116;5082.00;199
13834;116;627504033;13834;342;14617;14815;6.99;0.43;249.76;18.39;783;116;5083.00;198
13835;116;627504043;13835;332;14620;14819;6.95;0.42;249.75;18.39;785;116;5084.00;199
13835;116;627504053;13835;335;14624;14821;6.86;0.42;249.75;18.40;789;116;5085.00;197
13836;116;627504063;13836;328;14625;14821;6.83;0.42;249.73;18.40;789;116;5086.00;196
13836;116;627504079;13836;330;14625;14821;6.81;0.42;249.73;18.40;789;116;5087.00;196
13836;116;627504088;13836;326;14637;14834;6.87;0.42;249.73;18.40;801;116;5088.00;197
13838;116;627504100;13838;325;14638;14834;6.90;0.42;249.73;18.39;800;116;5089.00;196
13840;116;627504116;13840;323;14639;14834;6.98;0.43;249.72;18.41;799;116;5090.00;195
13843;116;627504126;13843;316;14640;14835;7.02;0.43;249.72;18.41;797;116;5091.00;195
13847;116;627504137;13847;314;14640;14836;7.00;0.43;249.70;18.41;793;116;5092.00;196
13848;116;627504154;13848;315;14641;14836;6.99;0.43;249.71;18.42;793;116;5093.00;195
13850;116;627504163;13850;318;14643;14839;7.03;0.43;249.70;18.42;793;116;5094.00;196
13851;116;627504174;13851;318;14644;14839;7.06;0.43;249.71;18.41;793;116;5095.00;195
13854;116;627504183;13854;317;14647;14839;7.08;0.44;249.71;18.45;793;116;5096.00;192
13856;116;627504192;13856;320;14647;14839;7.16;0.44;249.71;18.45;791;116;5097.00;192
13859;116;627504203;13859;312;14653;14845;7.19;0.44;249.72;18.46;794;116;5098.00;192
13863;116;627504214;13863;311;14653;14845;7.18;0.44;249.69;18.46;790;116;5099.00;192
13865;116;627504226;13865;302;14658;14864;7.12;0.44;249.71;18.45;793;116;5100.00;206
13868;116;627504243;13868;291;14659;14864;7.16;0.44;249.69;18.45;791;116;5101.00;205
13869;116;627504253;13869;292;14665;14868;7.18;0.44;249.70;18.47;796;116;5102.00;203
13871;116;627504264;13871;289;14666;14869;7.25;0.45;249.71;18.47;795;116;5103.00;203
13873;116;627504275;13873;283;14667;14869;7.35;0.45;249.73;18.48;794;116;5104.00;202
13876;116;627504284;13876;277;14669;14870;7.46;0.46;249.75;18.48;793;116;5105.00;201
13880;116;627504294;13880;272;14671;14870;7.51;0.46;249.75;18.49;791;116;5106.00;199
13883;116;627504304;13883;261;14672;14870;7.60;0.47;249.72;18.50;789;116;5107.00;198
13888;116;627504314;13888;256;14673;14870;7.63;0.47;249.73;18.50;785;116;5108.00;197
13895;116;627504324;13895;231;14674;14870;7.67;0.47;249.75;18.51;779;116;5109.00;196
13898;116;627504335;13898;224;14674;14870;7.80;0.48;249.74;18.51;776;116;5110.00;196
13901;116;627504345;13901;218;14675;14870;7.87;0.48;249.76;18.51;774;116;5111.00;195
13904;116;627504354;13904;215;14709;14940;8.02;0.49;249.77;18.46;805;116;5112.00;231
13909;116;627504371;13909;208;14711;14941;8.16;0.50;249.75;18.46;802;116;5113.00;230
13912;116;627504383;13912;206;14720;14941;8.28;0.51;249.75;18.45;808;116;5114.00;221
13915;116;627504399;13915;198;14723;14941;8.42;0.52;249.76;18.45;808;116;5115.00;218
13918;116;627504411;13918;192;14726;14941;8.55;0.53;249.75;18.45;808;116;5116.00;215
13925;116;627504421;13925;187;14729;14941;8.62;0.53;249.71;18.44;804;116;5117.00;212
13930;116;627504432;13930;187;14732;14941;8.62;0.53;249.70;18.44;802;116;5118.00;209
13933;116;627504444;13933;180;14734;14941;8.67;0.53;249.68;18.44;801;116;5119.00;207
13940;116;627504454;13940;182;14737;14942;8.62;0.53;249.65;18.44;797;116;5120.00;205
13943;116;627504468;13943;185;14739;14943;8.64;0.53;249.67;18.44;796;116;5121.00;204
13949;116;627504481;13949;194;14740;14943;8.67;0.53;249.63;18.44;791;116;5122.00;203
13955;116;627504492;13955;196;14743;14947;8.70;0.53;249.64;18.43;788;116;5123.00;204
13959;116;627504505;13959;196;14743;14947;8.76;0.53;249.62;18.43;784;116;5124.00;204
13965;116;627504517;13965;196;14744;14947;8.75;0.53;249.58;18.43;779;116;5125.00;203
13970;116;627504528;13970;199;14744;14947;8.79;0.54;249.56;18.43;774;116;5126.00;203
13974;116;627504540;13974;200;14747;14953;8.82;0.54;249.59;18.43;773;116;5127.00;206
13978;116;627504552;13978;205;14748;14953;8.92;0.55;249.60;18.43;770;116;5128.00;205
13986;116;627504562;13986;207;14748;14953;8.93;0.54;249.58;18.43;762;116;5129.00;205
13991;116;627504575;13991;213;14752;14959;9.03;0.55;249.58;18.43;761;116;5130.00;207
13995;116;627504587;13995;206;14752;14959;9.11;0.55;249.58;18.43;757;116;5131.00;207
13998;116;627504599;13998;204;14752;14959;9.17;0.56;249.60;18.43;754;116;5132.00;207
14002;116;627504610;14002;209;14755;14960;9.20;0.56;249.60;18.43;753;116;5133.00;205
14005;116;627504622;14005;210;14756;14961;9.18;0.56;249.63;18.43;751;116;5134.00;205
14008;116;627504634;14008;212;14757;14961;9.21;0.56;249.65;18.43;749;116;5135.00;204
14011;116;627504645;14011;213;14765;14974;9.30;0.57;249.66;18.42;754;116;5136.00;209
14015;116;627504658;14015;211;14766;14974;9.26;0.56;249.69;18.42;751;116;5137.00;208
14019;116;627504669;14019;211;14767;14974;9.26;0.56;249.71;18.42;748;116;5138.00;207
14025;116;627504681;14025;216;14770;14975;9.24;0.56;249.69;18.42;745;116;5139.00;205
14029;116;627504692;14029;217;14771;14975;9.26;0.56;249.73;18.42;742;116;5140.00;204
14032;116;627504704;14032;221;14775;14979;9.24;0.56;249.74;18.42;743;116;5141.00;204
14033;116;627504716;14033;224;14776;14979;9.27;0.56;249.76;18.42;743;116;5142.00;203
14039;116;627504727;14039;228;14780;14983;9.29;0.56;249.82;18.41;741;116;5143.00;203
14041;116;627504739;14041;230;14782;14983;9.28;0.56;249.83;18.41;741;116;5144.00;201
14045;116;627504750;14045;235;14783;14983;9.25;0.56;249.85;18.41;738;116;5145.00;200
14050;116;627504761;14050;238;14784;14983;9.22;0.56;249.89;18.41;734;116;5146.00;199
14054;116;627504773;14054;234;14784;14983;9.25;0.56;249.88;18.41;730;116;5147.00;199
14056;116;627504785;14056;226;14792;14995;9.36;0.57;249.90;18.40;736;116;5148.00;203
14059;116;627504797;14059;223;14795;14995;9.39;0.57;249.96;18.40;736;116;5149.00;200
14061;116;627504809;14061;220;14797;14995;9.46;0.57;249.98;18.40;736;116;5150.00;198
14066;116;627504820;14066;213;14797;14995;9.44;0.57;250.08;18.40;731;116;5151.00;198
14069;116;627504832;14069;209;14798;14995;9.57;0.58;250.09;18.55;729;116;5152.00;197
14072;116;627504845;14072;212;14798;14995;9.61;0.59;250.11;18.55;726;116;5153.00;197
14078;116;627504862;14078;209;14798;14996;9.62;0.59;250.13;18.55;720;116;5154.00;198
14081;116;627504874;14081;211;14800;14998;9.63;0.59;250.13;18.55;719;116;5155.00;198
14085;116;627504886;14085;192;14805;15004;9.65;0.59;250.12;18.54;720;116;5156.00;199
14088;116;627504899;14088;175;14806;15005;9.72;0.59;250.12;18.54;718;116;5157.00;199
14089;116;627504911;14089;168;14806;15005;9.81;0.60;250.13;18.54;717;116;5158.00;199
14092;116;627504922;14092;160;14806;15005;9.89;0.60;250.17;18.54;714;116;5159.00;199
14095;116;627504936;14095;158;14810;15010;9.96;0.61;250.20;18.53;715;116;5160.00;200
14096;116;627504949;14096;150;14810;15010;10.08;0.61;250.21;18.53;714;116;5161.00;200
14101;116;627504960;14101;146;14810;15010;10.20;0.62;250.22;18.53;709;116;5162.00;200
14103;116;627504973;14103;141;14811;15011;10.41;0.63;250.24;18.53;708;116;5163.00;200
14108;116;627504984;14108;135;14814;15015;10.49;0.64;250.25;18.53;706;116;5164.00;201
14111;116;627504997;14111;129;14814;15015;10.58;0.64;250.27;18.53;703;116;5165.00;201
14113;116;627505009;14113;128;14817;15018;10.73;0.65;250.26;18.53;704;116;5166.00;201
14116;116;627505022;14116;130;14817;15018;10.84;0.66;250.26;18.53;701;116;5167.00;201
14119;116;627505034;14119;131;14817;15018;10.85;0.66;250.24;18.53;698;116;5168.00;201
14121;116;627505045;14121;129;14817;15018;10.86;0.66;250.25;18.53;696;116;5169.00;201
14123;116;627505057;14123;124;14820;15022;10.87;0.66;250.24;18.52;697;116;5170.00;202
14126;116;627505075;14126;124;14821;15022;10.97;0.67;250.25;18.52;695;116;5171.00;201
14129;116;627505086;14129;125;14821;15022;10.99;0.67;250.26;18.52;692;116;5172.00;201
14131;116;627505098;14131;130;14822;15022;11.03;0.67;250.30;18.68;691;116;5173.00;200
14135;116;627505108;14135;131;14822;15023;11.02;0.67;250.28;18.68;687;116;5174.00;201
14137;116;627505119;14137;134;14824;15025;11.07;0.67;250.27;18.67;687;116;5175.00;201
14142;116;627505130;14142;138;14824;15025;11.07;0.67;250.25;18.67;682;116;5176.00;201
14144;116;627505147;14144;137;14825;15026;11.06;0.67;250.24;18.67;681;116;5177.00;201
14148;117;627505158;14148;136;14825;15026;11.06;0.67;250.22;18.67;677;117;5178.00;201
14149;117;627505179;14149;136;14825;15026;11.17;0.68;250.21;18.67;676;117;5179.00;201
14149;117;627505189;14149;135;14825;15026;11.19;0.68;250.21;18.67;676;117;5180.00;201
14150;117;627505199;14150;141;14825;15026;11.25;0.69;250.22;18.67;675;117;5181.00;201
14152;117;627505208;14152;141;14825;15026;11.22;0.68;250.20;18.67;673;117;5182.00;201
14155;118;627505218;14155;143;14825;15026;11.25;0.69;250.22;18.67;670;118;5183.00;201
14157;118;627505240;14157;168;14897;15153;11.01;0.68;250.22;18.58;740;118;5184.00;256
14160;118;627505259;14160;161;14897;15154;11.02;0.68;250.20;18.58;737;118;5185.00;257
14164;118;627505270;14164;156;14905;15154;11.10;0.68;250.19;18.57;741;118;5186.00;249
14167;118;627505281;14167;154;14908;15154;11.12;0.68;250.18;18.57;741;118;5187.00;246
14169;118;627505296;14169;150;14911;15154;11.04;0.68;250.17;18.57;742;118;5188.00;243
14173;118;627505306;14173;150;14915;15154;11.09;0.68;250.17;18.56;742;118;5189.00;239
14177;118;627505323;14177;154;14920;15154;11.10;0.68;250.21;18.56;743;118;5190.00;234
14178;118;627505345;14178;160;14922;15154;11.10;0.68;250.22;18.56;744;118;5191.00;232
14182;118;627505356;14182;162;14925;15155;11.09;0.68;250.23;18.55;743;118;5192.00;230
14184;118;627505367;14184;168;14928;15156;11.16;0.68;250.21;18.55;744;118;5193.00;228
14186;118;627505377;14186;172;14932;15156;11.15;0.68;250.20;18.71;746;118;5194.00;224
14189;118;627505393;14189;176;14934;15157;11.11;0.68;250.20;18.70;745;118;5195.00;223
14193;118;627505403;14193;177;14935;15157;11.04;0.68;250.24;18.70;742;118;5196.00;222
14195;118;627505413;14195;181;14937;15157;10.95;0.67;250.22;18.70;742;118;5197.00;220
14196;118;627505423;14196;180;14938;15157;10.83;0.67;250.22;18.70;742;118;5198.00;219
14200;118;627505433;14200;181;14941;15161;10.75;0.66;250.22;18.70;741;118;5199.00;220
14205;118;627505445;14205;186;14942;15161;10.66;0.65;250.21;18.70;737;118;5200.00;219
14206;118;627505458;14206;182;14943;15161;10.51;0.64;250.20;18.70;737;118;5201.00;218
14209;118;627505468;14209;178;14946;15164;10.52;0.64;250.20;18.70;737;118;5202.00;218
14213;118;627505481;14213;174;14947;15164;10.34;0.63;250.19;18.70;734;118;5203.00;217
14219;118;627505495;14219;180;14950;15164;10.25;0.63;250.16;18.71;731;118;5204.00;214
14224;118;627505516;14224;177;14954;15168;10.15;0.62;250.12;18.72;730;118;5205.00;214
14226;118;627505534;14226;175;14956;15169;10.14;0.62;250.15;18.72;730;118;5206.00;213
14226;118;627505560;14226;178;14956;15169;10.14;0.62;250.15;18.72;730;118;5207.00;213
14230;118;627505575;14230;177;14958;15173;10.10;0.62;250.11;18.72;728;118;5208.00;215
14234;118;627505590;14234;174;14958;15173;10.10;0.61;250.08;18.72;724;118;5209.00;215
14234;118;627505604;14234;165;14958;15173;10.15;0.62;250.08;18.72;724;118;5210.00;215
14235;118;627505614;14235;158;14959;15174;10.18;0.62;250.09;18.72;724;118;5211.00;215
14239;118;627505625;14239;162;14959;15174;10.20;0.62;250.06;18.72;720;118;5212.00;215
14241;118;627505637;14241;160;14964;15180;10.23;0.62;250.05;18.87;723;118;5213.00;216
14243;118;627505649;14243;169;14965;15180;10.29;0.62;250.03;18.87;722;118;5214.00;215
14244;118;627505661;14244;171;14965;15180;10.29;0.62;250.01;18.87;721;118;5215.00;215
14248;118;627505678;14248;175;14966;15181;10.21;0.62;249.98;18.87;718;118;5216.00;215
14250;118;627505689;14250;183;14967;15181;10.13;0.62;249.96;18.87;717;118;5217.00;214
14251;118;627505700;14251;186;14967;15181;10.10;0.61;249.96;18.87;716;118;5218.00;214
14254;118;627505710;14254;192;14968;15181;10.02;0.61;249.99;18.87;714;118;5219.00;213
14254;118;627505723;14254;194;14987;15217;10.01;0.61;249.99;18.84;733;118;5220.00;230
14256;118;627505736;14256;200;14988;15217;9.93;0.61;249.96;18.84;732;118;5221.00;229
14256;118;627505746;14256;207;14991;15217;9.88;0.60;249.96;18.84;735;118;5222.00;226
14259;118;627505756;14259;213;14991;15217;9.87;0.60;249.94;18.84;732;118;5223.00;226
14260;118;627505766;14260;215;14993;15217;9.87;0.60;249.94;18.84;733;118;5224.00;224
14265;118;627505777;14265;216;14995;15217;9.77;0.59;249.94;18.84;730;118;5225.00;222
14265;118;627505788;14265;224;14999;15221;9.72;0.59;249.94;18.84;734;118;5226.00;222
14266;118;627505798;14266;227;15001;15221;9.62;0.59;249.94;18.84;735;118;5227.00;220
14268;118;627505808;14268;239;15005;15225;9.57;0.58;249.92;18.83;737;118;5228.00;220
14269;118;627505819;14269;248;15008;15226;9.49;0.58;249.91;18.84;739;118;5229.00;218
14269;118;627505828;14269;257;15011;15226;9.43;0.57;249.91;18.85;742;118;5230.00;215
14274;118;627505838;14274;259;15012;15226;9.29;0.56;249.89;18.86;738;118;5231.00;214
14275;118;627505848;14275;270;15021;15239;9.12;0.55;249.88;18.85;746;118;5232.00;218
14276;118;627505859;14276;269;15023;15239;9.01;0.55;249.87;18.86;747;118;5233.00;216
14276;118;627505870;14276;274;15024;15239;8.91;0.54;249.87;18.87;748;118;5234.00;215
14277;118;627505879;14277;267;15028;15240;8.89;0.54;249.86;18.88;751;118;5235.00;212
14277;118;627505890;14277;259;15030;15241;8.90;0.54;249.86;18.90;753;118;5236.00;211
14279;118;627505901;14279;262;15031;15241;8.90;0.54;249.84;18.90;752;118;5237.00;210
14279;118;627505910;14279;259;15034;15244;8.90;0.54;249.84;18.90;755;118;5238.00;210
14280;118;627505921;14280;257;15036;15244;8.88;0.54;249.84;18.92;756;118;5239.00;208
14280;118;627505930;14280;261;15036;15244;8.89;0.54;249.84;18.92;756;118;5240.00;208
14282;118;627505941;14282;257;15037;15244;8.89;0.54;249.85;18.93;755;118;5241.00;207
14283;118;627505957;14283;254;15041;15250;8.91;0.55;249.85;18.93;758;118;5242.00;209
14284;118;627505977;14284;250;15045;15250;8.88;0.54;249.88;18.94;761;118;5243.00;205
14285;118;627505987;14285;250;15046;15250;8.78;0.54;249.88;18.96;761;118;5244.00;204
14286;118;627505997;14286;250;15047;15250;8.71;0.53;249.88;18.96;761;118;5245.00;203
14288;118;627506006;14288;252;15050;15254;8.68;0.53;249.86;18.95;762;118;5246.00;204
14291;118;627506018;14291;251;15053;15255;8.56;0.52;249.82;18.97;762;118;5247.00;202
14291;118;627506028;14291;248;15054;15255;8.50;0.52;249.82;18.98;763;118;5248.00;201
14295;118;627506038;14295;244;15055;15256;8.43;0.51;249.81;18.98;760;118;5249.00;201
14295;118;627506050;14295;242;15056;15256;8.32;0.51;249.81;18.99;761;118;5250.00;200
14297;118;627506061;14297;239;15056;15256;8.29;0.51;249.80;18.99;759;118;5251.00;200
14297;118;627506072;14297;236;15056;15256;8.24;0.50;249.80;18.99;759;118;5252.00;200
14301;118;627506085;14301;237;15059;15256;8.24;0.50;249.77;19.03;758;118;5253.00;197
14302;118;627506096;14302;235;15059;15256;8.25;0.50;249.77;19.03;757;118;5254.00;197
14305;118;627506114;14305;234;15059;15256;8.26;0.50;249.73;19.03;754;118;5255.00;197
14307;118;627506125;14307;238;15099;15326;8.36;0.51;249.73;19.00;792;118;5256.00;227
14309;118;627506143;14309;244;15102;15327;8.39;0.51;249.73;18.99;793;118;5257.00;225
14311;118;627506154;14311;240;15110;15327;8.47;0.52;249.73;18.99;799;118;5258.00;217
14315;118;627506164;14315;245;15118;15327;8.47;0.52;249.72;18.99;803;118;5259.00;209
14318;118;627506175;14318;240;15123;15327;8.45;0.52;249.70;18.99;805;118;5260.00;204
14319;118;627506185;14319;241;15129;15327;8.43;0.52;249.70;19.02;810;118;5261.00;198
14320;118;627506195;14320;241;15130;15327;8.33;0.51;249.69;19.02;810;118;5262.00;197
14322;118;627506205;14322;245;15130;15327;8.23;0.50;249.70;19.02;808;118;5263.00;197
14327;118;627506214;14327;245;15133;15328;8.15;0.50;249.67;19.03;806;118;5264.00;195
14330;118;627506225;14330;241;15135;15330;8.02;0.49;249.68;19.03;805;118;5265.00;195
14335;118;627506236;14335;250;15136;15330;7.84;0.48;249.73;19.04;801;118;5266.00;194
14338;118;627506247;14338;254;15140;15334;7.76;0.48;249.72;19.05;802;118;5267.00;194
14344;118;627506258;14344;256;15140;15334;7.64;0.47;249.74;19.05;796;118;5268.00;194
14352;118;627506268;14352;256;15143;15334;7.49;0.46;249.76;19.08;791;118;5269.00;191
14357;118;627506279;14357;250;15143;15334;7.43;0.46;249.78;19.08;786;118;5270.00;191
14360;118;627506289;14360;244;15148;15340;7.43;0.46;249.80;19.08;788;118;5271.00;192
14364;118;627506300;14364;240;15149;15340;7.39;0.45;249.82;19.09;785;118;5272.00;191
14368;118;627506312;14368;236;15149;15340;7.45;0.46;249.82;19.09;781;118;5273.00;191
14370;118;627506321;14370;237;15151;15343;7.53;0.46;249.84;19.09;781;118;5274.00;192
14373;118;627506332;14373;238;15153;15343;7.56;0.46;249.84;19.08;780;118;5275.00;190
14377;118;627506343;14377;242;15154;15343;7.58;0.47;249.84;19.09;777;118;5276.00;189
14379;118;627506353;14379;228;15154;15344;7.69;0.47;249.85;19.09;775;118;5277.00;190
14383;118;627506364;14383;223;15158;15345;7.79;0.48;249.88;19.12;775;118;5278.00;187
14388;118;627506374;14388;216;15158;15345;7.96;0.49;249.87;19.12;770;118;5279.00;187
14391;118;627506387;14391;217;15177;15371;8.10;0.50;249.88;19.10;786;118;5280.00;194
14398;118;627506400;14398;211;15179;15371;8.21;0.50;249.90;19.11;781;118;5281.00;192
14401;118;627506412;14401;209;15180;15371;8.33;0.51;249.90;19.10;779;118;5282.00;191
14406;118;627506423;14406;205;15182;15372;8.38;0.51;249.89;19.10;776;118;5283.00;190
14408;118;627506435;14408;209;15182;15372;8.51;0.52;249.89;19.10;774;118;5284.00;190
14416;118;627506445;14416;203;15186;15376;8.57;0.52;249.88;19.10;770;118;5285.00;190
14418;118;627506459;14418;202;15186;15376;8.69;0.53;249.89;19.10;768;118;5286.00;190
14423;118;627506472;14423;202;15189;15379;8.74;0.53;249.89;19.09;766;118;5287.00;190
14428;118;627506487;14428;194;15189;15380;8.68;0.53;249.91;19.09;761;118;5288.00;191
14431;118;627506501;14431;193;15189;15380;8.72;0.53;249.89;19.09;758;118;5289.00;191
14437;118;627506514;14437;188;15189;15380;8.71;0.53;249.92;19.09;752;118;5290.00;191
14443;119;627506525;14443;188;15189;15380;8.74;0.53;249.89;19.09;746;119;5291.00;191
14447;119;627506547;14447;186;15200;15392;8.94;0.54;249.91;19.08;753;119;5292.00;192
14452;119;627506559;14452;189;15200;15392;8.98;0.55;249.92;19.08;748;119;5293.00;192
14455;119;627506571;14455;191;15200;15392;9.10;0.55;249.91;19.08;745;119;5294.00;192
14456;119;627506581;14456;192;15200;15392;9.25;0.56;249.92;19.08;744;119;5295.00;192
14459;119;627506592;14459;196;15200;15392;9.33;0.57;249.94;19.08;741;119;5296.00;192
14462;119;627506603;14462;191;15200;15392;9.40;0.58;249.96;19.08;738;119;5297.00;192
14468;119;627506615;14468;189;15200;15393;9.46;0.58;249.94;19.08;732;119;5298.00;193
14472;119;627506626;14472;187;15200;15393;9.56;0.58;249.94;19.08;728;119;5299.00;193
14476;119;627506637;14476;186;15204;15399;9.67;0.59;250.03;19.08;728;119;5300.00;195
14481;119;627506654;14481;193;15206;15400;9.74;0.59;250.03;19.23;725;119;5301.00;194
14488;119;627506667;14488;196;15207;15400;9.78;0.60;250.03;19.23;719;119;5302.00;193
14491;119;627506679;14491;197;15207;15400;9.92;0.60;250.03;19.23;716;119;5303.00;193
14496;119;627506690;14496;194;15210;15404;9.90;0.60;250.03;19.23;714;119;5304.00;194
14501;119;627506701;14501;194;15210;15404;9.90;0.60;250.01;19.23;709;119;5305.00;194
14503;119;627506712;14503;193;15210;15404;9.88;0.60;250.02;19.23;707;119;5306.00;194
14508;119;627506723;14508;194;15211;15405;9.84;0.60;250.02;19.23;703;119;5307.00;194
14514;119;627506741;14514;195;15214;15409;9.82;0.60;250.06;19.22;700;119;5308.00;195
14517;119;627506752;14517;194;15214;15409;9.82;0.59;250.05;19.22;697;119;5309.00;195
14520;119;627506765;14520;196;15217;15415;9.94;0.60;250.11;19.22;697;119;5310.00;198
14523;119;627506777;14523;196;15218;15415;9.99;0.61;250.10;19.22;695;119;5311.00;197
14526;119;627506788;14526;199;15218;15415;9.98;0.60;250.11;19.22;692;119;5312.00;197
14530;119;627506798;14530;196;15219;15415;9.99;0.61;250.10;19.22;689;119;5313.00;196
14532;119;627506809;14532;200;15221;15419;9.95;0.60;250.10;19.21;689;119;5314.00;198
14537;119;627506820;14537;204;15222;15419;9.90;0.60;250.13;19.21;685;119;5315.00;197
14541;119;627506831;14541;210;15222;15419;9.89;0.60;250.18;19.21;681;119;5316.00;197
14544;119;627506842;14544;202;15223;15419;9.92;0.60;250.20;19.21;679;119;5317.00;196
14549;119;627506853;14549;201;15223;15420;9.85;0.60;250.22;19.21;674;119;5318.00;197
14553;119;627506864;14553;200;15225;15421;9.89;0.60;250.26;19.21;672;119;5319.00;196
14555;119;627506875;14555;195;15225;15421;9.90;0.60;250.26;19.21;670;119;5320.00;196
14557;119;627506886;14557;196;15226;15422;9.96;0.60;250.26;19.21;669;119;5321.00;196
14563;119;627506897;14563;198;15226;15422;9.99;0.61;250.33;19.21;663;119;5322.00;196
14565;119;627506909;14565;201;15226;15422;10.02;0.61;250.34;19.21;661;119;5323.00;196
14568;119;627506919;14568;193;15226;15422;10.04;0.61;250.34;19.21;658;119;5324.00;196
14570;119;627506935;14570;193;15226;15422;9.95;0.60;250.36;19.21;656;119;5325.00;196
14574;119;627506946;14574;180;15226;15422;9.88;0.60;250.37;19.21;652;119;5326.00;196
14574;119;627506956;14574;168;15226;15422;9.93;0.60;250.37;19.21;652;119;5327.00;196
14577;119;627506966;14577;183;15296;15549;9.76;0.60;250.38;19.12;719;119;5328.00;253
14581;119;627506988;14581;167;15298;15550;9.80;0.61;250.38;19.12;717;119;5329.00;252
14585;119;627506999;14585;153;15304;15550;9.90;0.61;250.38;19.11;719;119;5330.00;246
14588;119;627507010;14588;150;15307;15550;9.99;0.62;250.39;19.11;719;119;5331.00;243
14593;119;627507021;14593;147;15313;15550;10.08;0.62;250.43;19.10;720;119;5332.00;237
14594;119;627507033;14594;143;15314;15550;10.18;0.63;250.42;19.10;720;119;5333.00;236
14596;119;627507055;14596;140;15319;15550;10.25;0.63;250.42;19.10;723;119;5334.00;231
14600;119;627507066;14600;136;15323;15550;10.32;0.64;250.42;19.09;723;119;5335.00;227
14602;119;627507077;14602;139;15328;15551;10.39;0.64;250.41;19.09;726;119;5336.00;223
14606;119;627507089;14606;141;15333;15552;10.35;0.64;250.39;19.09;727;119;5337.00;219
14609;119;627507106;14609;140;15335;15552;10.28;0.63;250.40;19.09;726;119;5338.00;217
14609;119;627507118;14609;143;15335;15553;10.26;0.63;250.40;19.09;726;119;5339.00;218
14612;119;627507130;14612;147;15339;15553;10.22;0.63;250.41;19.08;727;119;5340.00;214
14615;119;627507140;14615;152;15339;15553;10.19;0.63;250.44;19.08;724;119;5341.00;214
14618;119;627507152;14618;159;15343;15553;10.12;0.62;250.45;19.08;725;119;5342.00;210
14620;119;627507163;14620;168;15345;15557;10.12;0.62;250.45;19.08;725;119;5343.00;212
14622;119;627507174;14622;170;15348;15557;10.17;0.62;250.44;19.08;726;119;5344.00;209
14624;119;627507184;14624;171;15348;15557;10.13;0.62;250.42;19.08;724;119;5345.00;209
14627;119;627507195;14627;172;15351;15560;10.18;0.62;250.44;19.08;724;119;5346.00;209
14633;119;627507205;14633;174;15351;15560;10.14;0.62;250.40;19.08;718;119;5347.00;209
14633;119;627507221;14633;180;15352;15560;10.11;0.62;250.40;19.08;719;119;5348.00;208
14634;119;627507232;14634;186;15355;15564;10.09;0.62;250.44;19.07;721;119;5349.00;209
14636;119;627507242;14636;187;15357;15565;10.05;0.61;250.42;19.07;721;119;5350.00;208
14640;119;627507253;14640;189;15357;15565;10.00;0.61;250.41;19.07;717;119;5351.00;208
14641;119;627507263;14641;195;15360;15569;10.05;0.61;250.41;19.07;719;119;5352.00;209
14644;119;627507273;14644;202;15360;15569;10.01;0.61;250.44;19.07;716;119;5353.00;209
14647;119;627507290;14647;206;15360;15569;10.03;0.61;250.43;19.07;713;119;5354.00;209
14649;119;627507300;14649;205;15362;15571;10.09;0.61;250.42;19.06;713;119;5355.00;209
14651;119;627507309;14651;213;15362;15571;10.08;0.61;250.41;19.06;711;119;5356.00;209
14652;119;627507319;14652;217;15366;15577;10.11;0.62;250.41;19.06;714;119;5357.00;211
14653;119;627507329;14653;217;15366;15577;10.15;0.62;250.41;19.06;713;119;5358.00;211
14653;119;627507338;14653;222;15368;15577;10.20;0.62;250.41;19.22;715;119;5359.00;209
14654;119;627507348;14654;223;15368;15578;10.28;0.63;250.40;19.22;714;119;5360.00;210
14656;119;627507357;14656;224;15368;15578;10.29;0.63;250.38;19.22;712;119;5361.00;210
14661;119;627507367;14661;221;15368;15578;10.33;0.63;250.34;19.22;707;119;5362.00;210
14663;119;627507376;14663;220;15368;15578;10.27;0.63;250.34;19.22;705;119;5363.00;210
14665;119;627507385;14665;222;15378;15590;10.27;0.63;250.31;19.21;713;119;5364.00;212
14668;119;627507396;14668;228;15378;15590;10.31;0.63;250.29;19.21;710;119;5365.00;212
14672;119;627507405;14672;225;15379;15590;10.35;0.63;250.28;19.20;707;119;5366.00;211
14674;119;627507414;14674;218;15379;15590;10.37;0.63;250.28;19.20;705;119;5367.00;211
14678;119;627507422;14678;215;15379;15590;10.34;0.63;250.23;19.20;701;119;5368.00;211
14681;119;627507431;14681;212;15379;15590;10.35;0.63;250.22;19.20;698;119;5369.00;211
14682;119;627507442;14682;212;15382;15594;10.38;0.63;250.21;19.20;700;119;5370.00;212
14685;119;627507451;14685;208;15382;15594;10.32;0.63;250.19;19.20;697;119;5371.00;212
14691;119;627507459;14691;207;15385;15598;10.33;0.63;250.18;19.20;694;119;5372.00;213
14694;119;627507469;14694;202;15387;15599;10.41;0.63;250.15;19.19;693;119;5373.00;212
14698;119;627507477;14698;198;15388;15599;10.42;0.63;250.12;19.36;690;119;5374.00;211
14701;119;627507492;14701;196;15390;15599;10.37;0.63;250.10;19.38;689;119;5375.00;209
14702;119;627507508;14702;198;15400;15612;10.26;0.62;250.14;19.37;698;119;5376.00;212
14702;119;627507523;14702;192;15401;15612;10.21;0.62;250.14;19.53;699;119;5377.00;211
14702;119;627507539;14702;189;15402;15612;10.17;0.62;250.14;19.53;700;119;5378.00;210
14703;119;627507551;14703;193;15404;15613;10.13;0.61;250.13;19.69;701;119;5379.00;209
14705;119;627507566;14705;194;15404;15614;10.11;0.61;250.11;19.69;699;119;5380.00;210
14707;119;627507580;14707;196;15404;15614;10.16;0.62;250.10;19.69;697;119;5381.00;210
14708;119;627507594;14708;196;15406;15617;10.25;0.62;250.11;19.68;698;119;5382.00;211
14709;119;627507607;14709;199;15408;15617;10.25;0.62;250.10;19.83;699;119;5383.00;209
14710;119;627507617;14710;205;15408;15617;10.27;0.62;250.09;19.83;698;119;5384.00;209
14712;119;627507627;14712;209;15408;15617;10.29;0.63;250.09;19.83;696;119;5385.00;209
14712;119;627507637;14712;212;15412;15623;10.36;0.63;250.09;19.83;700;119;5386.00;211
14714;119;627507648;14714;203;15412;15623;10.33;0.63;250.08;19.83;698;119;5387.00;211
14716;119;627507658;14716;190;15413;15623;10.31;0.63;250.08;19.83;697;119;5388.00;210
14718;119;627507668;14718;180;15413;15623;10.23;0.62;250.07;19.83;695;119;5389.00;210
14719;119;627507679;14719;174;15416;15627;10.30;0.63;250.06;19.82;697;119;5390.00;211
14720;119;627507690;14720;173;15417;15628;10.36;0.63;250.06;19.82;697;119;5391.00;211
14720;119;627507700;14720;170;15417;15628;10.43;0.63;250.06;19.82;697;119;5392.00;211
14722;119;627507711;14722;163;15418;15629;10.47;0.64;250.06;19.82;696;119;5393.00;211
14723;119;627507721;14723;159;15418;15629;10.44;0.63;250.06;19.82;695;119;5394.00;211
14724;120;627507731;14724;154;15418;15629;10.42;0.63;250.05;19.82;694;120;5395.00;211
14727;120;627507753;14727;151;15418;15629;10.44;0.63;250.05;19.82;691;120;5396.00;211
14729;120;627507764;14729;157;15418;15629;10.43;0.63;250.05;19.82;689;120;5397.00;211
14731;120;627507775;14731;162;15418;15629;10.38;0.63;250.05;19.82;687;120;5398.00;211
14731;120;627507787;14731;164;15418;15629;10.27;0.62;250.05;19.82;687;120;5399.00;211
