step_arrived;step_collisions;step_duration;step_ended;step_halting;step_inserted;step_loaded;step_meanSpeed;step_meanSpeedRelative;step_meanTravelTime;step_meanWaitingTime;step_running;step_teleports;step_time;step_waiting
0;0;628155898;0;2;85;245;16.46;1.16;-1.00;0.00;85;0;0.00;160
0;0;628155928;0;1;99;245;15.45;1.07;-1.00;0.14;99;0;1.00;146
0;0;628155929;0;3;119;245;14.75;1.01;-1.00;0.45;119;0;2.00;126
0;0;628155930;0;3;134;245;13.52;0.92;-1.00;0.74;134;0;3.00;111
0;0;628155931;0;2;145;245;12.72;0.85;-1.00;0.99;145;0;4.00;100
0;0;628155932;0;5;153;245;12.05;0.81;-1.00;1.20;153;0;5.00;92
0;0;628155934;0;7;164;245;11.20;0.75;-1.00;1.52;164;0;6.00;81
0;0;628155936;0;8;170;245;10.79;0.72;-1.00;1.71;170;0;7.00;75
0;0;628155937;0;13;179;246;10.17;0.67;-1.00;2.03;179;0;8.00;67
0;0;628155939;0;17;183;247;9.87;0.65;-1.00;2.18;183;0;9.00;64
0;0;628155942;0;15;188;247;9.65;0.64;-1.00;2.39;188;0;10.00;59
0;0;628155944;0;20;196;248;9.33;0.62;-1.00;2.65;196;0;11.00;52
1;0;628155946;1;24;200;248;9.18;0.60;12.00;2.84;199;0;12.00;48
1;0;628155948;1;30;202;248;9.28;0.60;12.00;2.94;201;0;13.00;46
1;0;628155951;1;35;208;248;9.22;0.60;12.00;3.26;207;0;14.00;40
1;0;628155953;1;37;213;252;9.18;0.59;12.00;3.40;212;0;15.00;39
1;1;628155956;1;42;216;252;9.13;0.59;12.00;3.58;215;1;16.00;36
1;1;628155975;1;45;220;252;9.11;0.58;12.00;3.82;219;1;17.00;32
2;1;628155978;2;49;222;255;9.28;0.59;15.00;3.87;220;1;18.00;33
2;1;628155981;2;51;225;255;9.31;0.59;15.00;4.07;223;1;19.00;30
3;1;628155983;3;55;229;255;9.48;0.60;16.67;4.35;226;1;20.00;26
3;1;628155987;3;59;238;259;9.55;0.60;16.67;4.64;235;1;21.00;21
4;1;628155990;4;63;241;260;9.59;0.60;18.00;4.77;237;1;22.00;19
5;1;628155993;5;68;244;260;9.54;0.59;19.00;4.96;239;1;23.00;16
5;1;628155996;5;69;249;264;9.65;0.60;19.00;4.98;244;1;24.00;15
5;1;628156000;5;74;251;264;9.58;0.60;19.00;5.14;246;1;25.00;13
5;1;628156003;5;80;254;264;9.52;0.59;19.00;5.39;249;1;26.00;10
5;1;628156006;5;84;255;265;9.52;0.59;19.00;5.36;250;1;27.00;10
6;1;628156009;6;86;257;265;9.45;0.59;19.83;5.54;251;1;28.00;8
7;1;628156012;7;88;262;271;9.25;0.57;21.14;5.51;255;1;29.00;9
7;1;628156018;7;92;263;271;9.24;0.57;21.14;5.55;256;1;30.00;8
7;1;628156021;7;92;266;272;9.00;0.56;21.14;5.56;259;1;31.00;6
8;1;628156024;8;97;267;272;8.90;0.55;22.13;5.56;259;1;32.00;5
8;1;628156027;8;103;267;272;8.87;0.55;22.13;5.56;259;1;33.00;5
8;1;628156031;8;107;267;272;8.82;0.55;22.13;5.56;259;1;34.00;5
10;1;628156034;10;109;267;272;8.85;0.55;23.70;5.56;257;1;35.00;5
10;1;628156037;10;112;280;284;9.06;0.56;23.70;5.33;270;1;36.00;4
10;1;628156041;10;116;280;284;9.02;0.56;23.70;5.33;270;1;37.00;4
12;1;628156044;12;114;280;284;8.94;0.55;25.42;5.33;268;1;38.00;4
13;1;628156048;13;117;280;284;8.84;0.55;26.46;5.33;267;1;39.00;4
13;1;628156051;13;121;280;284;8.74;0.54;26.46;5.33;267;1;40.00;4
14;1;628156054;14;122;280;284;8.56;0.53;27.36;5.33;266;1;41.00;4
14;1;628156057;14;127;284;288;8.46;0.52;27.36;5.27;270;1;42.00;4
15;1;628156061;15;132;284;288;8.21;0.51;27.73;5.27;269;1;43.00;4
17;1;628156064;17;135;287;292;8.00;0.49;28.41;5.22;270;1;44.00;5
17;1;628156067;17;138;289;294;7.88;0.49;28.41;5.19;272;1;45.00;5
18;1;628156070;18;139;290;294;7.72;0.48;29.00;5.18;272;1;46.00;4
18;1;628156074;18;141;290;294;7.62;0.47;29.00;5.18;272;1;47.00;4
18;1;628156076;18;143;302;307;7.93;0.49;29.00;4.97;284;1;48.00;5
19;1;628156081;19;144;302;307;7.86;0.49;30.00;4.97;283;1;49.00;5
19;1;628156084;19;145;302;307;7.73;0.48;30.00;4.97;283;1;50.00;5
20;1;628156087;20;147;303;308;7.68;0.47;31.05;4.96;283;1;51.00;5
20;1;628156090;20;147;304;309;7.58;0.47;31.05;4.95;284;1;52.00;5
20;1;628156093;20;150;304;309;7.63;0.47;31.05;4.95;284;1;53.00;5
20;1;628156097;20;152;306;312;7.68;0.47;31.05;4.92;286;1;54.00;6
21;1;628156103;21;153;306;312;7.58;0.47;31.19;4.92;285;1;55.00;6
23;1;628156108;23;143;307;312;7.53;0.46;31.70;4.91;284;1;56.00;5
25;1;628156111;25;135;307;312;7.42;0.45;33.72;4.91;282;1;57.00;5
26;1;628156115;26;137;312;318;7.35;0.45;34.65;4.84;286;1;58.00;6
27;1;628156118;27;137;312;318;7.23;0.44;35.56;4.84;285;1;59.00;6
28;1;628156123;28;137;313;318;7.38;0.45;35.43;4.84;285;1;60.00;5
28;1;628156126;28;142;313;318;7.50;0.46;35.43;4.84;285;1;61.00;5
29;1;628156130;29;145;317;322;7.60;0.47;36.24;4.79;288;1;62.00;5
30;1;628156133;30;149;318;323;7.87;0.48;37.03;4.77;288;1;63.00;5
30;1;628156136;30;149;318;323;8.00;0.49;37.03;4.77;288;1;64.00;5
31;1;628156140;31;149;319;324;8.12;0.50;37.94;4.76;288;1;65.00;5
31;1;628156143;31;149;319;324;8.18;0.50;37.94;4.76;288;1;66.00;5
32;1;628156146;32;140;319;324;8.25;0.51;37.53;4.76;287;1;67.00;5
32;1;628156150;32;136;319;324;8.32;0.51;37.53;4.76;287;1;68.00;5
33;1;628156153;33;132;319;324;8.36;0.51;38.48;4.76;286;1;69.00;5
33;1;628156157;33;129;319;324;8.46;0.52;38.48;4.76;286;1;70.00;5
33;1;628156160;33;126;319;324;8.53;0.52;38.48;4.76;286;1;71.00;5
34;1;628156163;34;133;354;394;8.61;0.53;39.47;4.29;320;1;72.00;40
34;1;628156172;34;124;355;395;8.72;0.54;39.47;4.28;321;1;73.00;40
36;1;628156176;36;117;363;395;9.19;0.56;41.00;4.23;327;1;74.00;32
36;3;628156179;36;115;364;395;9.44;0.58;41.00;4.23;328;3;75.00;31
37;3;628156214;37;110;368;395;9.77;0.60;41.95;4.23;331;3;76.00;27
39;3;628156224;39;108;370;395;9.92;0.60;43.21;4.23;331;3;77.00;25
39;3;628156234;39;109;373;395;10.01;0.61;43.21;4.24;334;3;78.00;22
39;3;628156238;39;107;375;395;10.05;0.61;43.21;4.26;336;3;79.00;20
40;3;628156242;40;107;377;396;10.06;0.61;43.73;4.28;337;3;80.00;19
40;3;628156258;40;108;380;397;10.13;0.61;43.73;4.29;340;3;81.00;17
40;3;628156268;40;113;382;397;10.20;0.62;43.73;4.30;342;3;82.00;15
41;3;628156272;41;116;386;401;10.07;0.61;44.68;4.27;345;3;83.00;15
42;3;628156276;42;119;386;401;10.15;0.62;45.52;4.27;344;3;84.00;15
42;3;628156280;42;120;386;401;10.19;0.62;45.52;4.27;344;3;85.00;15
42;3;628156284;42;119;386;401;10.17;0.62;45.52;4.27;344;3;86.00;15
42;3;628156288;42;120;390;407;10.08;0.61;45.52;4.24;348;3;87.00;17
44;3;628156293;44;122;390;407;9.89;0.60;47.20;4.24;346;3;88.00;17
46;3;628156297;46;123;391;407;9.86;0.60;49.02;4.23;345;3;89.00;16
47;3;628156302;47;125;394;413;9.79;0.60;49.89;4.20;347;3;90.00;19
48;3;628156307;48;129;395;413;9.70;0.59;50.75;4.19;347;3;91.00;18
49;3;628156311;49;130;395;413;9.65;0.59;51.57;4.19;346;3;92.00;18
51;3;628156315;51;133;397;414;9.57;0.58;53.10;4.18;346;3;93.00;17
52;3;628156324;52;132;398;415;9.67;0.59;53.88;4.17;346;3;94.00;17
55;3;628156329;55;135;399;415;9.70;0.59;54.82;4.18;344;3;95.00;16
56;3;628156333;56;137;409;428;9.54;0.58;55.55;4.07;353;3;96.00;19
57;3;628156339;57;135;410;428;9.51;0.58;56.28;4.07;353;3;97.00;18
57;3;628156342;57;136;410;428;9.55;0.58;56.28;4.07;353;3;98.00;18
60;3;628156346;60;132;411;429;9.53;0.58;58.25;4.06;351;3;99.00;18
63;3;628156352;63;130;411;429;9.50;0.58;60.22;4.06;348;3;100.00;18
63;3;628156359;63;127;413;433;9.59;0.58;60.22;4.04;350;3;101.00;20
63;3;628156364;63;124;413;433;9.59;0.58;60.22;4.04;350;3;102.00;20
63;3;628156368;63;121;418;437;9.60;0.59;60.22;4.01;355;3;103.00;19
65;3;628156373;65;115;420;437;9.63;0.59;61.54;4.14;355;3;104.00;17
66;3;628156379;66;109;420;437;9.78;0.59;61.88;4.14;354;3;105.00;17
67;3;628156384;67;105;420;437;9.91;0.60;62.48;4.14;353;3;106.00;17
68;3;628156389;68;99;420;437;10.06;0.61;63.10;4.14;352;3;107.00;17
69;3;628156395;69;94;431;449;10.18;0.62;63.75;4.04;362;3;108.00;18
69;3;628156401;69;88;432;449;10.32;0.63;63.75;4.03;363;3;109.00;17
69;3;628156406;69;84;432;449;10.50;0.64;63.75;4.03;363;3;110.00;17
70;3;628156411;70;79;432;449;10.71;0.65;64.43;4.03;362;3;111.00;17
70;3;628156416;70;77;432;449;10.91;0.67;64.43;4.03;362;3;112.00;17
70;3;628156422;70;75;432;449;11.04;0.68;64.43;4.03;362;3;113.00;17
70;3;628156428;70;73;433;450;11.18;0.68;64.43;4.02;363;3;114.00;17
70;3;628156433;70;71;433;450;11.33;0.70;64.43;4.02;363;3;115.00;17
71;3;628156439;71;73;437;456;11.43;0.70;65.14;4.00;366;3;116.00;19
72;3;628156445;72;73;441;457;11.52;0.71;65.85;4.33;369;3;117.00;16
72;3;628156451;72;72;441;457;11.57;0.71;65.85;4.33;369;3;118.00;16
74;3;628156457;74;75;441;457;11.64;0.72;66.47;4.33;367;3;119.00;16
76;3;628156465;76;78;446;462;11.73;0.72;67.39;4.55;370;3;120.00;16
79;3;628156473;79;78;448;462;11.76;0.72;69.23;4.75;369;3;121.00;14
81;3;628156479;81;79;449;462;11.71;0.71;70.21;5.01;368;3;122.00;13
81;3;628156486;81;80;452;463;11.77;0.72;70.21;5.21;371;3;123.00;11
83;3;628156492;83;82;457;467;11.65;0.71;71.43;5.43;374;3;124.00;10
85;3;628156499;85;81;458;467;11.64;0.71;72.33;5.53;373;3;125.00;9
86;3;628156506;86;83;462;470;11.64;0.71;72.95;5.74;376;3;126.00;8
87;3;628156512;87;90;463;470;11.69;0.71;73.55;5.79;376;3;127.00;7
89;3;628156519;89;90;466;470;11.72;0.71;74.72;5.90;377;3;128.00;4
90;3;628156526;90;94;466;470;11.85;0.72;74.97;5.90;376;3;129.00;4
92;3;628156533;92;96;470;474;11.78;0.72;76.16;5.98;378;3;130.00;4
94;3;628156540;94;95;471;474;11.83;0.72;76.83;5.97;377;3;131.00;3
94;3;628156546;94;97;472;474;11.79;0.72;76.83;6.04;378;3;132.00;2
96;3;628156552;96;97;472;474;11.78;0.72;77.79;6.04;376;3;133.00;2
97;3;628156559;97;99;474;475;11.66;0.71;78.37;6.09;377;3;134.00;1
98;3;628156565;98;101;477;477;11.57;0.71;77.85;6.09;379;3;135.00;0
99;3;628156571;99;102;477;477;11.47;0.70;78.29;6.09;378;3;136.00;0
99;3;628156577;99;105;478;478;11.42;0.70;78.29;6.08;379;3;137.00;0
99;3;628156584;99;108;478;478;11.39;0.70;78.29;6.08;379;3;138.00;0
101;3;628156589;101;111;478;478;11.45;0.70;78.61;6.08;377;3;139.00;0
104;3;628156598;104;112;478;478;11.36;0.70;79.67;6.08;374;3;140.00;0
104;3;628156606;104;113;478;478;11.26;0.69;79.67;6.08;374;3;141.00;0
106;3;628156614;106;117;478;478;11.17;0.69;80.70;6.08;372;3;142.00;0
110;3;628156621;110;118;478;478;11.19;0.69;81.71;6.08;368;3;143.00;0
112;3;628156628;112;139;549;605;10.99;0.70;82.50;5.30;437;3;144.00;56
113;3;628156654;113;135;554;606;10.96;0.69;83.05;5.26;441;3;145.00;52
114;3;628156663;114;130;563;606;11.12;0.70;82.97;5.20;449;3;146.00;43
117;3;628156669;117;131;568;606;10.98;0.69;83.81;5.18;451;3;147.00;38
119;3;628156684;119;131;574;606;11.03;0.69;83.93;5.17;455;3;148.00;32
121;3;628156691;121;128;578;606;10.90;0.69;84.68;5.17;457;3;149.00;28
123;3;628156699;123;124;583;611;10.87;0.68;85.71;5.18;460;3;150.00;28
125;3;628156708;125;124;585;611;10.83;0.68;85.60;5.18;460;3;151.00;26
126;3;628156715;126;123;589;612;10.90;0.68;84.98;5.20;463;3;152.00;23
130;3;628156721;130;126;592;613;10.89;0.68;86.63;5.22;462;3;153.00;21
131;3;628156728;131;127;595;613;10.90;0.68;86.58;5.25;464;3;154.00;18
132;3;628156735;132;130;598;614;10.90;0.68;87.08;5.25;466;3;155.00;16
133;3;628156742;133;132;601;614;10.89;0.68;87.42;5.27;468;3;156.00;13
135;3;628156749;135;131;602;614;10.83;0.67;88.41;5.28;467;3;157.00;12
136;3;628156756;136;135;603;614;10.77;0.67;88.92;5.30;467;3;158.00;11
137;3;628156762;137;142;606;618;10.76;0.67;89.40;5.30;469;3;159.00;12
138;3;628156769;138;148;608;618;10.69;0.66;89.84;5.34;470;3;160.00;10
139;3;628156776;139;150;609;618;10.53;0.65;90.35;5.34;470;3;161.00;9
143;3;628156782;143;151;613;621;10.37;0.64;91.14;5.35;470;3;162.00;8
145;3;628156789;145;149;613;621;10.18;0.62;92.01;5.35;468;3;163.00;8
148;3;628156795;148;149;614;621;10.10;0.62;92.00;5.37;466;3;164.00;7
148;3;628156802;148;148;617;625;10.07;0.62;92.00;5.35;469;3;165.00;8
149;3;628156808;149;144;618;626;10.02;0.62;92.40;5.34;469;3;166.00;8
151;3;628156815;151;142;618;626;9.93;0.61;92.75;5.34;467;3;167.00;8
154;4;628156821;154;144;624;630;9.79;0.61;93.58;5.33;470;4;168.00;6
155;4;628156839;155;148;624;630;9.55;0.59;93.97;5.33;469;4;169.00;6
157;5;628156845;157;143;625;630;9.39;0.58;94.47;5.36;468;5;170.00;5
158;5;628156859;158;145;627;631;9.22;0.57;94.41;5.38;469;5;171.00;4
161;5;628156865;161;137;629;631;9.19;0.57;95.33;5.41;468;5;172.00;2
162;5;628156875;162;133;633;637;9.20;0.57;95.81;5.38;471;5;173.00;4
162;5;628156882;162;135;634;637;9.28;0.57;95.81;5.39;472;5;174.00;3
163;6;628156888;163;136;635;638;9.29;0.57;96.07;5.39;472;6;175.00;3
165;7;628156907;165;137;637;638;9.26;0.57;97.04;5.42;472;7;176.00;1
168;7;628156923;168;132;637;638;9.32;0.57;97.98;5.42;469;7;177.00;1
168;7;628156931;168;127;638;638;9.41;0.58;97.98;5.42;470;7;178.00;0
169;7;628156942;169;124;638;638;9.43;0.58;98.33;5.42;469;7;179.00;0
169;7;628156950;169;124;669;672;9.45;0.58;98.33;5.17;500;7;180.00;3
170;7;628156959;170;122;669;672;9.51;0.59;98.21;5.17;499;7;181.00;3
172;7;628156965;172;124;670;672;9.61;0.59;98.75;5.16;498;7;182.00;2
173;7;628156972;173;133;671;672;9.70;0.60;98.80;5.16;498;7;183.00;1
174;7;628156978;174;133;671;672;9.77;0.60;98.86;5.16;497;7;184.00;1
176;7;628156985;176;143;672;672;9.76;0.60;99.54;5.16;496;7;185.00;0
176;7;628156997;176;147;676;676;9.72;0.60;99.54;5.13;500;7;186.00;0
179;7;628157003;179;147;676;676;9.66;0.59;99.93;5.13;497;7;187.00;0
180;7;628157009;180;154;679;680;9.62;0.59;99.62;5.11;499;7;188.00;1
183;7;628157016;183;160;680;681;9.52;0.59;100.14;5.11;497;7;189.00;1
190;7;628157023;190;163;681;681;9.30;0.57;100.77;5.10;491;7;190.00;0
191;7;628157029;191;173;681;681;9.18;0.56;100.54;5.10;490;7;191.00;0
193;7;628157036;193;177;694;694;9.17;0.56;100.92;5.01;501;7;192.00;0
195;7;628157043;195;180;694;694;9.08;0.56;100.39;5.01;499;7;193.00;0
198;7;628157049;198;183;694;694;8.98;0.55;100.54;5.01;496;7;194.00;0
200;7;628157055;200;182;695;695;8.93;0.55;100.14;5.00;495;7;195.00;0
204;7;628157062;204;185;696;696;8.80;0.54;100.22;5.00;492;7;196.00;0
205;7;628157068;205;189;696;696;8.69;0.54;99.99;5.00;491;7;197.00;0
205;7;628157074;205;194;698;699;8.68;0.54;99.99;4.98;493;7;198.00;1
211;7;628157081;211;193;699;699;8.45;0.52;100.51;4.98;488;7;199.00;0
212;7;628157088;212;194;699;699;8.33;0.51;100.17;4.98;487;7;200.00;0
214;7;628157099;214;200;699;699;8.24;0.51;100.08;4.98;485;7;201.00;0
214;7;628157105;214;205;704;705;8.24;0.51;100.08;4.95;490;7;202.00;1
215;8;628157111;215;210;704;705;8.24;0.51;100.47;4.95;489;8;203.00;1
215;8;628157135;215;217;705;705;8.19;0.50;100.47;4.95;490;8;204.00;0
216;8;628157141;216;219;705;705;8.09;0.50;100.94;4.95;489;8;205.00;0
219;8;628157147;219;221;709;709;7.95;0.49;101.15;4.92;490;8;206.00;0
219;8;628157154;219;225;710;710;7.83;0.48;101.15;4.92;491;8;207.00;0
220;8;628157161;220;229;710;710;7.73;0.48;101.64;4.92;490;8;208.00;0
221;8;628157167;221;231;711;711;7.59;0.47;101.31;4.91;490;8;209.00;0
224;8;628157175;224;236;711;711;7.49;0.46;100.83;4.91;487;8;210.00;0
225;8;628157182;225;241;711;711;7.44;0.46;101.32;4.91;486;8;211.00;0
226;8;628157187;226;249;711;711;7.43;0.46;101.17;4.91;485;8;212.00;0
227;8;628157193;227;250;711;711;7.37;0.46;101.63;4.91;484;8;213.00;0
228;8;628157199;228;253;711;711;7.36;0.46;101.70;4.91;483;8;214.00;0
230;8;628157205;230;259;711;711;7.31;0.45;101.86;4.91;481;8;215.00;0
231;8;628157210;231;271;754;781;7.44;0.46;101.62;4.63;523;8;216.00;27
233;8;628157223;233;257;756;782;7.37;0.46;102.43;4.62;523;8;217.00;26
235;8;628157230;235;248;762;782;7.52;0.47;103.40;4.60;527;8;218.00;20
239;8;628157237;239;231;764;782;7.57;0.47;104.44;4.60;525;8;219.00;18
240;8;628157243;240;214;769;782;7.87;0.48;104.32;4.59;529;8;220.00;13
243;8;628157251;243;205;770;782;8.01;0.49;105.39;4.59;527;8;221.00;12
244;8;628157258;244;200;773;782;8.24;0.51;105.86;4.60;529;8;222.00;9
246;8;628157271;246;193;776;782;8.45;0.52;106.20;4.61;530;8;223.00;6
246;8;628157278;246;191;778;783;8.63;0.53;106.20;4.62;532;8;224.00;5
246;8;628157286;246;187;783;785;8.71;0.53;106.20;4.62;537;8;225.00;2
246;8;628157299;246;168;785;785;8.98;0.55;106.20;4.63;539;8;226.00;0
247;8;628157307;247;150;789;789;9.09;0.56;106.68;4.61;542;8;227.00;0
249;8;628157322;249;132;789;789;9.32;0.57;107.43;4.61;540;8;228.00;0
250;8;628157330;250;122;789;789;9.58;0.59;107.73;4.61;539;8;229.00;0
251;8;628157338;251;114;789;789;9.74;0.60;108.18;4.61;538;8;230.00;0
252;8;628157347;252;109;794;795;9.90;0.61;107.85;4.59;542;8;231.00;1
255;8;628157356;255;104;794;795;10.09;0.62;108.78;4.59;539;8;232.00;1
256;8;628157369;256;100;795;795;10.28;0.63;108.58;4.58;539;8;233.00;0
258;8;628157378;258;93;797;798;10.49;0.64;108.98;4.57;539;8;234.00;1
259;8;628157386;259;93;798;798;10.73;0.65;109.42;4.57;539;8;235.00;0
259;8;628157397;259;91;798;798;10.91;0.67;109.42;4.57;539;8;236.00;0
261;9;628157415;261;91;799;799;11.00;0.67;109.59;4.56;538;9;237.00;0
263;9;628157455;263;87;800;800;11.15;0.68;109.38;4.56;537;9;238.00;0
265;9;628157468;265;81;800;800;11.30;0.69;110.33;4.56;535;9;239.00;0
267;9;628157482;267;87;824;826;11.21;0.69;110.72;4.43;557;9;240.00;2
268;9;628157497;268;84;825;826;11.38;0.69;111.17;4.42;557;9;241.00;1
269;9;628157510;269;81;826;826;11.56;0.71;110.97;4.42;557;9;242.00;0
270;9;628157520;270;81;827;827;11.71;0.72;111.45;4.41;557;9;243.00;0
273;9;628157530;273;86;827;827;11.79;0.72;111.85;4.41;554;9;244.00;0
276;9;628157539;276;87;830;831;11.90;0.72;113.09;4.40;554;9;245.00;1
277;9;628157549;277;87;830;831;12.00;0.73;113.57;4.40;553;9;246.00;1
280;9;628157558;280;89;835;835;11.93;0.73;113.81;4.38;555;9;247.00;0
283;9;628157567;283;92;835;835;12.03;0.73;113.89;4.38;552;9;248.00;0
287;9;628157576;287;91;835;835;12.11;0.74;114.54;4.38;548;9;249.00;0
289;9;628157584;289;95;835;835;12.22;0.74;115.23;4.38;546;9;250.00;0
292;9;628157593;292;97;835;835;12.33;0.75;115.85;4.38;543;9;251.00;0
293;9;628157602;293;94;846;847;12.35;0.75;116.24;4.33;553;9;252.00;1
295;9;628157612;295;97;846;847;12.29;0.75;116.25;4.33;551;9;253.00;1
297;9;628157620;297;96;847;847;12.31;0.75;116.79;4.32;550;9;254.00;0
298;9;628157678;298;99;847;847;12.33;0.75;116.90;4.32;549;9;255.00;0
298;9;628157686;298;102;847;847;12.39;0.75;116.90;4.32;549;9;256.00;0
300;9;628157694;300;103;847;847;12.40;0.75;117.11;4.32;547;9;257.00;0
302;9;628157702;302;107;848;848;12.43;0.75;117.25;4.32;546;9;258.00;0
302;9;628157710;302;106;848;848;12.39;0.75;117.25;4.32;546;9;259.00;0
302;9;628157718;302;106;853;854;12.37;0.75;117.25;4.30;551;9;260.00;1
304;9;628157726;304;109;854;855;12.48;0.76;117.69;4.30;550;9;261.00;1
309;9;628157733;309;107;855;855;12.47;0.76;117.46;4.29;546;9;262.00;0
312;9;628157742;312;107;855;855;12.47;0.76;117.97;4.29;543;9;263.00;0
315;9;628157749;315;110;859;859;12.38;0.75;118.50;4.27;544;9;264.00;0
316;9;628157758;316;110;859;859;12.36;0.75;118.95;4.27;543;9;265.00;0
319;9;628157767;319;114;859;859;12.30;0.74;120.10;4.27;540;9;266.00;0
319;9;628157774;319;117;860;860;12.40;0.75;120.10;4.27;541;9;267.00;0
320;9;628157782;320;119;864;864;12.36;0.75;120.24;4.25;544;9;268.00;0
323;9;628157790;323;117;864;864;12.40;0.75;120.95;4.25;541;9;269.00;0
324;9;628157800;324;115;867;870;12.48;0.76;120.90;4.24;543;9;270.00;3
326;9;628157807;326;114;867;870;12.51;0.76;121.59;4.24;541;9;271.00;3
330;9;628157816;330;106;868;870;12.55;0.76;121.77;4.24;538;9;272.00;2
336;9;628157823;336;103;868;870;12.58;0.76;123.04;4.24;532;9;273.00;2
338;9;628157832;338;96;871;874;12.62;0.77;123.08;4.23;533;9;274.00;3
341;10;628157841;341;91;871;874;12.71;0.77;123.36;4.23;530;10;275.00;3
345;10;628157874;345;85;872;874;12.76;0.77;123.32;4.23;527;10;276.00;2
348;10;628157882;348;81;872;874;12.81;0.78;123.42;4.23;524;10;277.00;2
352;10;628157890;352;75;874;875;12.87;0.78;123.80;4.23;522;10;278.00;1
352;10;628157898;352;72;875;876;12.97;0.79;123.80;4.22;523;10;279.00;1
354;10;628157906;354;71;876;876;12.95;0.79;123.97;4.23;522;10;280.00;0
357;10;628157915;357;65;877;877;12.98;0.79;124.64;4.22;520;10;281.00;0
358;10;628157923;358;68;877;877;12.95;0.78;124.80;4.22;519;10;282.00;0
359;10;628157931;359;70;877;877;12.95;0.79;124.64;4.22;518;10;283.00;0
362;10;628157939;362;71;877;877;12.97;0.78;124.84;4.22;515;10;284.00;0
363;10;628157947;363;72;877;877;12.97;0.79;124.58;4.22;514;10;285.00;0
363;10;628157955;363;75;877;877;12.94;0.79;124.58;4.22;514;10;286.00;0
365;10;628157964;365;77;877;877;12.91;0.78;124.68;4.22;512;10;287.00;0
366;10;628157974;366;99;949;1004;12.27;0.76;124.73;3.91;583;10;288.00;55
367;10;628157994;367;89;951;1005;12.29;0.76;124.77;3.90;584;10;289.00;54
369;10;628158005;369;83;957;1005;12.35;0.76;125.37;3.89;588;10;290.00;48
369;10;628158014;369;88;962;1005;12.38;0.77;125.37;3.88;593;10;291.00;43
370;10;628158025;370;89;966;1005;12.42;0.77;125.67;3.88;596;10;292.00;39
371;10;628158034;371;90;971;1005;12.48;0.77;125.64;3.89;600;10;293.00;34
371;10;628158043;371;90;975;1005;12.49;0.77;125.64;3.90;604;10;294.00;30
376;10;628158052;376;95;978;1005;12.43;0.77;126.40;3.91;602;10;295.00;27
380;10;628158061;380;94;981;1006;12.45;0.77;126.44;3.92;601;10;296.00;25
382;10;628158070;382;96;984;1007;12.44;0.77;126.77;3.94;602;10;297.00;23
386;10;628158079;386;100;988;1007;12.40;0.76;126.72;3.96;602;10;298.00;19
388;10;628158089;388;104;991;1008;12.31;0.76;126.52;3.97;603;10;299.00;17
389;10;628158102;389;110;995;1014;12.16;0.75;126.87;4.01;606;10;300.00;19
390;10;628158116;390;120;997;1014;11.97;0.74;126.84;4.01;607;10;301.00;17
392;11;628158125;392;123;998;1014;11.83;0.73;127.16;4.02;606;11;302.00;16
393;11;628158152;393;135;1002;1018;11.75;0.72;127.28;4.04;609;11;303.00;16
394;11;628158163;394;141;1004;1018;11.67;0.72;127.36;4.06;610;11;304.00;14
397;11;628158178;397;145;1005;1018;11.58;0.71;127.82;4.08;608;11;305.00;13
400;11;628158188;400;156;1009;1021;11.44;0.71;128.40;4.09;609;11;306.00;12
404;11;628158197;404;163;1011;1021;11.30;0.70;129.18;4.09;607;11;307.00;10
406;11;628158206;406;168;1011;1021;11.13;0.69;129.41;4.09;605;11;308.00;10
407;11;628158215;407;172;1014;1025;10.94;0.67;129.74;4.09;607;11;309.00;11
412;11;628158225;412;179;1016;1026;10.77;0.66;129.53;4.09;604;11;310.00;10
417;11;628158233;417;187;1017;1026;10.61;0.65;129.98;4.09;600;11;311.00;9
418;11;628158243;418;190;1021;1030;10.48;0.64;130.06;4.08;603;11;312.00;9
421;11;628158252;421;196;1022;1030;10.27;0.63;130.94;4.09;601;11;313.00;8
421;11;628158266;421;203;1022;1030;10.13;0.63;130.94;4.09;601;11;314.00;8
425;11;628158274;425;202;1024;1032;10.01;0.62;131.64;4.08;599;11;315.00;8
425;11;628158283;425;205;1025;1032;9.91;0.61;131.64;4.09;600;11;316.00;7
430;11;628158291;430;208;1029;1038;9.74;0.60;132.21;4.08;599;11;317.00;9
430;11;628158300;430;213;1030;1038;9.60;0.59;132.21;4.09;600;11;318.00;8
433;11;628158308;433;214;1031;1039;9.43;0.58;132.32;4.09;598;11;319.00;8
435;11;628158322;435;213;1034;1039;9.30;0.58;132.60;4.14;599;11;320.00;5
438;11;628158331;438;212;1036;1039;9.27;0.57;133.17;4.15;598;11;321.00;3
441;11;628158339;441;213;1037;1039;9.16;0.57;133.61;4.15;596;11;322.00;2
444;11;628158348;444;215;1038;1039;9.08;0.56;134.02;4.18;594;11;323.00;1
446;11;628158356;446;219;1050;1051;9.07;0.56;133.79;4.13;604;11;324.00;1
449;11;628158368;449;222;1050;1051;9.02;0.55;134.59;4.13;601;11;325.00;1
452;11;628158377;452;222;1051;1051;9.00;0.55;134.70;4.16;599;11;326.00;0
453;11;628158386;453;216;1051;1051;8.97;0.55;134.93;4.16;598;11;327.00;0
456;11;628158395;456;222;1051;1051;8.95;0.55;134.99;4.16;595;11;328.00;0
459;11;628158405;459;224;1051;1051;8.98;0.55;135.14;4.16;592;11;329.00;0
460;11;628158415;460;223;1055;1055;8.96;0.55;135.09;4.15;595;11;330.00;0
463;11;628158424;463;226;1055;1055;8.91;0.54;135.59;4.15;592;11;331.00;0
464;11;628158432;464;224;1058;1059;8.93;0.55;136.01;4.14;594;11;332.00;1
466;11;628158440;466;223;1060;1060;8.85;0.54;135.97;4.14;594;11;333.00;0
468;11;628158447;468;225;1060;1060;8.75;0.54;136.51;4.14;592;11;334.00;0
472;11;628158454;472;233;1060;1060;8.51;0.52;137.71;4.14;588;11;335.00;0
475;11;628158462;475;234;1072;1073;8.34;0.51;137.85;4.09;597;11;336.00;1
478;11;628158470;478;238;1072;1073;8.20;0.50;139.09;4.09;594;11;337.00;1
483;11;628158478;483;245;1073;1073;8.02;0.49;139.56;4.09;590;11;338.00;0
487;11;628158485;487;245;1074;1074;7.92;0.49;140.32;4.08;587;11;339.00;0
491;11;628158492;491;245;1075;1075;7.78;0.48;140.32;4.08;584;11;340.00;0
493;11;628158498;493;238;1075;1075;7.66;0.47;141.10;4.08;582;11;341.00;0
497;11;628158504;497;234;1077;1078;7.60;0.47;141.69;4.07;580;11;342.00;1
500;11;628158511;500;235;1077;1078;7.56;0.47;142.87;4.07;577;11;343.00;1
504;11;628158518;504;234;1078;1078;7.49;0.46;143.40;4.07;574;11;344.00;0
508;11;628158524;508;238;1078;1078;7.39;0.45;143.49;4.07;570;11;345.00;0
513;11;628158531;513;238;1083;1084;7.33;0.45;144.37;4.06;570;11;346.00;1
516;11;628158538;516;232;1083;1084;7.21;0.44;144.51;4.06;567;11;347.00;1
518;11;628158544;518;236;1084;1084;7.20;0.44;144.68;4.06;566;11;348.00;0
521;11;628158550;521;236;1084;1084;7.17;0.44;145.17;4.06;563;11;349.00;0
524;11;628158557;524;236;1088;1088;7.16;0.44;145.55;4.05;564;11;350.00;0
528;12;628158563;528;232;1089;1089;7.15;0.44;145.71;4.04;561;12;351.00;0
529;12;628158580;529;234;1089;1089;7.16;0.44;145.74;4.04;560;12;352.00;0
533;12;628158586;533;236;1090;1090;7.14;0.44;145.54;4.04;557;12;353.00;0
535;12;628158593;535;239;1090;1090;7.11;0.44;145.17;4.04;555;12;354.00;0
538;12;628158600;538;241;1090;1090;7.03;0.43;144.75;4.04;552;12;355.00;0
543;12;628158606;543;242;1090;1090;6.93;0.42;144.55;4.04;547;12;356.00;0
544;12;628158613;544;252;1090;1090;6.93;0.42;144.50;4.04;546;12;357.00;0
545;12;628158619;545;250;1090;1090;6.98;0.43;144.55;4.04;545;12;358.00;0
547;12;628158626;547;250;1090;1090;7.00;0.43;144.46;4.04;543;12;359.00;0
549;12;628158634;549;259;1158;1215;7.32;0.46;144.36;3.80;609;12;360.00;57
550;12;628158651;550;255;1166;1216;7.31;0.46;144.40;3.78;616;12;361.00;50
551;12;628158659;551;243;1178;1216;7.40;0.46;144.27;3.76;627;12;362.00;38
553;12;628158666;553;245;1186;1216;7.49;0.47;144.22;3.76;633;12;363.00;30
556;12;628158673;556;241;1192;1216;7.47;0.46;144.30;3.76;636;12;364.00;24
556;12;628158680;556;244;1196;1216;7.51;0.47;144.30;3.77;640;12;365.00;20
559;12;628158688;559;242;1201;1216;7.56;0.47;144.34;3.77;642;12;366.00;15
560;12;628158695;560;249;1202;1216;7.63;0.47;144.48;3.78;642;12;367.00;14
563;12;628158708;563;251;1206;1217;7.63;0.47;144.54;3.79;643;12;368.00;11
563;12;628158716;563;254;1207;1218;7.64;0.47;144.54;3.79;644;12;369.00;11
565;12;628158724;565;266;1210;1218;7.58;0.46;144.32;3.80;645;12;370.00;8
566;12;628158732;566;257;1215;1222;7.52;0.46;144.58;3.79;649;12;371.00;7
566;12;628158741;566;257;1216;1222;7.52;0.46;144.58;3.80;650;12;372.00;6
567;12;628158749;567;249;1218;1222;7.56;0.46;144.37;3.82;651;12;373.00;4
567;12;628158757;567;249;1219;1222;7.54;0.46;144.37;3.82;652;12;374.00;3
567;12;628158765;567;248;1224;1228;7.64;0.47;144.37;3.82;657;12;375.00;4
567;12;628158774;567;244;1226;1228;7.74;0.47;144.37;3.82;659;12;376.00;2
567;12;628158783;567;244;1227;1228;7.86;0.48;144.37;3.83;660;12;377.00;1
570;12;628158803;570;241;1230;1231;7.95;0.48;144.85;3.82;660;12;378.00;1
570;12;628158812;570;236;1230;1231;8.07;0.49;144.85;3.82;660;12;379.00;1
571;12;628158820;571;229;1231;1231;8.10;0.49;144.68;3.84;660;12;380.00;0
572;12;628158841;572;233;1232;1232;8.08;0.49;144.46;3.83;660;12;381.00;0
572;12;628158855;572;231;1233;1233;8.12;0.49;144.46;3.83;661;12;382.00;0
572;12;628158870;572;230;1233;1233;8.15;0.50;144.46;3.83;661;12;383.00;0
573;12;628158878;573;229;1246;1246;8.29;0.50;144.25;3.79;673;12;384.00;0
573;12;628158888;573;225;1246;1246;8.33;0.51;144.25;3.79;673;12;385.00;0
574;12;628158903;574;226;1246;1246;8.49;0.52;144.04;3.79;672;12;386.00;0
576;12;628158911;576;215;1247;1247;8.63;0.53;143.63;3.79;671;12;387.00;0
578;12;628158922;578;209;1247;1247;8.75;0.53;143.92;3.79;669;12;388.00;0
582;12;628158931;582;207;1250;1251;8.85;0.54;144.51;3.78;668;12;389.00;1
582;12;628158943;582;207;1251;1251;8.99;0.55;144.51;3.78;669;12;390.00;0
583;12;628158953;583;197;1255;1255;9.12;0.56;144.51;3.77;672;12;391.00;0
584;12;628158963;584;193;1255;1255;9.22;0.56;144.57;3.77;671;12;392.00;0
585;12;628158974;585;191;1255;1255;9.28;0.57;144.50;3.77;670;12;393.00;0
590;12;628158983;590;190;1255;1255;9.38;0.57;144.32;3.77;665;12;394.00;0
591;12;628158993;591;180;1255;1255;9.54;0.58;144.63;3.77;664;12;395.00;0
596;13;628159003;596;163;1265;1267;9.75;0.59;144.93;3.74;669;13;396.00;2
597;13;628159021;597;143;1266;1267;10.01;0.61;144.87;3.74;669;13;397.00;1
600;13;628159031;600;133;1267;1267;10.15;0.62;144.96;3.74;667;13;398.00;0
601;13;628159045;601;121;1267;1267;10.31;0.63;144.79;3.74;666;13;399.00;0
602;13;628159055;602;115;1267;1267;10.48;0.64;144.70;3.74;665;13;400.00;0
605;13;628159070;605;111;1267;1267;10.67;0.65;145.07;3.74;662;13;401.00;0
609;13;628159080;609;103;1268;1268;10.86;0.66;145.57;3.74;659;13;402.00;0
609;13;628159097;609;100;1268;1268;11.09;0.68;145.57;3.74;659;13;403.00;0
613;13;628159108;613;95;1273;1274;11.27;0.69;146.32;3.73;660;13;404.00;1
614;13;628159119;614;98;1275;1276;11.42;0.70;146.51;3.72;661;13;405.00;1
616;14;628159130;616;94;1276;1276;11.60;0.71;147.09;3.72;660;14;406.00;0
619;14;628159150;619;99;1276;1276;11.74;0.72;148.26;3.72;657;14;407.00;0
622;14;628159161;622;99;1280;1280;11.88;0.73;148.79;3.71;658;14;408.00;0
623;14;628159171;623;100;1280;1280;12.05;0.74;149.12;3.71;657;14;409.00;0
629;14;628159181;629;101;1280;1280;12.12;0.74;150.06;3.71;651;14;410.00;0
634;14;628159191;634;107;1281;1281;12.19;0.74;150.74;3.70;647;14;411.00;0
636;14;628159201;636;109;1285;1285;12.16;0.74;151.41;3.70;649;14;412.00;0
637;14;628159212;637;107;1285;1285;12.22;0.74;151.70;3.70;648;14;413.00;0
642;15;628159223;642;104;1287;1288;12.25;0.75;152.45;3.69;645;15;414.00;1
644;15;628159240;644;107;1287;1288;12.27;0.75;152.92;3.69;643;15;415.00;1
647;15;628159254;647;101;1288;1288;12.32;0.75;153.25;3.69;641;15;416.00;0
651;16;628159263;651;99;1288;1288;12.42;0.76;154.16;3.69;637;16;417.00;0
653;16;628159279;653;94;1291;1292;12.49;0.76;154.95;3.68;638;16;418.00;1
657;16;628159294;657;97;1291;1292;12.48;0.76;155.60;3.68;634;16;419.00;1
660;16;628159311;660;92;1292;1292;12.51;0.76;156.29;3.68;632;16;420.00;0
664;16;628159320;664;93;1292;1292;12.50;0.76;157.05;3.68;628;16;421.00;0
667;16;628159330;667;94;1293;1293;12.55;0.77;157.47;3.68;626;16;422.00;0
671;16;628159339;671;90;1294;1294;12.55;0.77;158.09;3.68;623;16;423.00;0
675;16;628159354;675;91;1294;1294;12.60;0.77;158.02;3.68;619;16;424.00;0
678;16;628159364;678;92;1295;1295;12.62;0.77;158.55;3.68;617;16;425.00;0
681;16;628159374;681;94;1295;1295;12.61;0.77;158.77;3.68;614;16;426.00;0
683;16;628159383;683;94;1295;1295;12.60;0.77;159.10;3.68;612;16;427.00;0
686;16;628159392;686;94;1295;1295;12.68;0.77;159.25;3.68;609;16;428.00;0
690;16;628159405;690;94;1295;1295;12.67;0.77;159.68;3.68;605;16;429.00;0
692;16;628159420;692;96;1295;1295;12.79;0.78;159.56;3.68;603;16;430.00;0
696;16;628159435;696;94;1295;1295;12.86;0.78;160.32;3.68;599;16;431.00;0
699;16;628159452;699;128;1375;1422;12.06;0.75;160.68;3.46;676;16;432.00;47
700;16;628159481;700;112;1375;1423;12.15;0.75;160.81;3.46;675;16;433.00;48
704;16;628159494;704;102;1381;1423;12.38;0.76;160.99;3.46;677;16;434.00;42
708;16;628159510;708;96;1382;1423;12.45;0.77;161.43;3.46;674;16;435.00;41
711;16;628159522;711;97;1387;1423;12.53;0.77;162.11;3.46;676;16;436.00;36
714;16;628159533;714;103;1391;1423;12.63;0.78;162.78;3.46;677;16;437.00;32
720;16;628159543;720;105;1396;1423;12.68;0.78;163.42;3.47;676;16;438.00;27
724;16;628159561;724;106;1400;1423;12.71;0.78;163.32;3.48;676;16;439.00;23
729;16;628159572;729;107;1405;1424;12.74;0.78;163.36;3.49;676;16;440.00;19
735;16;628159589;735;107;1407;1425;12.78;0.78;163.71;3.50;672;16;441.00;18
736;16;628159601;736;103;1409;1425;12.80;0.78;163.92;3.51;673;16;442.00;16
738;16;628159612;738;107;1410;1426;12.76;0.78;163.90;3.52;672;16;443.00;16
743;16;628159623;743;100;1413;1426;12.68;0.77;164.23;3.53;670;16;444.00;13
747;16;628159634;747;101;1415;1426;12.56;0.77;164.48;3.55;668;16;445.00;11
749;16;628159646;749;98;1417;1426;12.52;0.76;164.82;3.56;668;16;446.00;9
750;16;628159656;750;100;1419;1430;12.53;0.76;164.81;3.57;669;16;447.00;11
756;16;628159667;756;102;1420;1430;12.51;0.76;164.78;3.58;664;16;448.00;10
760;16;628159678;760;107;1422;1430;12.49;0.76;164.75;3.59;662;16;449.00;8
761;16;628159690;761;105;1425;1436;12.48;0.76;164.84;3.58;664;16;450.00;11
763;16;628159701;763;110;1426;1436;12.51;0.76;165.21;3.58;663;16;451.00;10
766;16;628159712;766;109;1426;1436;12.50;0.76;165.75;3.58;660;16;452.00;10
770;16;628159723;770;108;1430;1440;12.47;0.76;165.42;3.58;660;16;453.00;10
770;16;628159734;770;108;1432;1441;12.53;0.76;165.42;3.58;662;16;454.00;9
771;16;628159751;771;107;1432;1441;12.63;0.77;165.42;3.58;661;16;455.00;9
775;17;628159762;775;113;1435;1445;12.74;0.78;165.24;3.58;660;17;456.00;10
778;17;628159781;778;114;1437;1445;12.73;0.78;165.68;3.59;659;17;457.00;8
781;17;628159797;781;116;1437;1445;12.72;0.77;166.04;3.59;656;17;458.00;8
783;17;628159808;783;119;1438;1446;12.73;0.77;166.14;3.59;655;17;459.00;8
786;17;628159818;786;124;1441;1446;12.60;0.77;166.53;3.63;655;17;460.00;5
789;17;628159829;789;125;1444;1452;12.54;0.76;166.55;3.63;655;17;461.00;8
790;17;628159841;790;126;1444;1452;12.39;0.75;166.56;3.63;654;17;462.00;8
793;17;628159851;793;128;1447;1453;12.31;0.75;166.34;3.64;654;17;463.00;6
794;17;628159862;794;135;1447;1453;12.09;0.74;166.17;3.64;653;17;464.00;6
795;17;628159873;795;133;1447;1453;11.89;0.72;166.25;3.64;652;17;465.00;6
798;17;628159883;798;133;1448;1453;11.64;0.71;166.18;3.65;650;17;466.00;5
800;17;628159893;800;140;1448;1453;11.55;0.70;166.00;3.65;648;17;467.00;5
802;17;628159902;802;142;1457;1465;11.48;0.70;166.05;3.63;655;17;468.00;8
803;17;628159920;803;147;1458;1465;11.44;0.70;166.16;3.64;655;17;469.00;7
805;17;628159929;805;157;1461;1465;11.46;0.70;165.96;3.64;656;17;470.00;4
808;17;628159940;808;163;1461;1465;11.42;0.70;166.19;3.64;653;17;471.00;4
810;17;628159950;810;163;1462;1465;11.31;0.69;166.05;3.66;652;17;472.00;3
813;17;628159961;813;170;1462;1465;11.23;0.69;166.18;3.66;649;17;473.00;3
816;18;628159971;816;175;1467;1469;11.11;0.68;166.13;3.67;651;18;474.00;2
820;18;628159997;820;182;1467;1469;10.96;0.67;166.48;3.67;647;18;475.00;2
823;18;628160007;823;187;1470;1473;10.96;0.67;166.79;3.66;647;18;476.00;3
825;18;628160018;825;195;1473;1474;10.94;0.67;167.03;3.66;648;18;477.00;1
830;18;628160028;830;199;1474;1474;10.77;0.66;166.89;3.66;644;18;478.00;0
831;18;628160037;831;202;1474;1474;10.70;0.65;166.89;3.66;643;18;479.00;0
836;18;628160047;836;210;1495;1500;10.50;0.64;167.26;3.61;659;18;480.00;5
837;18;628160060;837;214;1496;1500;10.32;0.63;167.11;3.61;659;18;481.00;4
838;18;628160069;838;219;1499;1500;10.21;0.62;167.16;3.60;661;18;482.00;1
840;18;628160078;840;217;1501;1501;10.07;0.62;166.94;3.60;661;18;483.00;0
840;18;628160087;840;223;1502;1502;9.95;0.61;166.94;3.60;662;18;484.00;0
843;18;628160097;843;229;1502;1502;9.71;0.59;167.16;3.60;659;18;485.00;0
843;18;628160106;843;236;1504;1505;9.59;0.59;167.16;3.60;661;18;486.00;1
845;18;628160115;845;246;1504;1505;9.34;0.57;167.18;3.60;659;18;487.00;1
848;18;628160124;848;252;1505;1505;9.21;0.57;167.01;3.59;657;18;488.00;0
849;18;628160133;849;249;1505;1505;9.07;0.56;166.98;3.59;656;18;489.00;0
852;18;628160142;852;250;1510;1511;8.98;0.55;166.67;3.59;658;18;490.00;1
855;18;628160151;855;250;1510;1511;8.82;0.54;166.45;3.59;655;18;491.00;1
858;18;628160161;858;249;1511;1511;8.67;0.53;166.48;3.59;653;18;492.00;0
858;18;628160170;858;252;1511;1511;8.58;0.53;166.48;3.59;653;18;493.00;0
860;18;628160178;860;258;1515;1515;8.43;0.52;166.31;3.58;655;18;494.00;0
861;18;628160187;861;258;1517;1517;8.32;0.51;166.31;3.57;656;18;495.00;0
867;18;628160195;867;257;1517;1517;8.14;0.50;165.86;3.57;650;18;496.00;0
868;18;628160204;868;260;1518;1518;8.02;0.49;165.70;3.57;650;18;497.00;0
871;18;628160211;871;262;1518;1518;7.97;0.49;165.75;3.57;647;18;498.00;0
874;18;628160220;874;261;1518;1518;7.91;0.49;165.69;3.57;644;18;499.00;0
877;18;628160229;877;261;1518;1518;7.81;0.48;165.52;3.57;641;18;500.00;0
878;18;628160242;878;264;1518;1518;7.71;0.47;165.52;3.57;640;18;501.00;0
879;18;628160250;879;266;1518;1518;7.70;0.47;165.41;3.57;639;18;502.00;0
883;18;628160258;883;273;1518;1518;7.56;0.46;165.78;3.57;635;18;503.00;0
884;18;628160266;884;279;1557;1588;7.74;0.48;165.73;3.48;673;18;504.00;31
888;18;628160279;888;280;1558;1589;7.61;0.47;165.93;3.48;670;18;505.00;31
890;18;628160287;890;280;1569;1589;7.57;0.47;166.58;3.47;679;18;506.00;20
893;18;628160295;893;281;1576;1589;7.45;0.46;166.61;3.47;683;18;507.00;13
898;18;628160302;898;284;1580;1589;7.32;0.45;166.52;3.47;682;18;508.00;9
902;18;628160310;902;291;1583;1589;7.25;0.44;166.74;3.47;681;18;509.00;6
904;18;628160319;904;288;1586;1589;7.13;0.44;166.88;3.48;682;18;510.00;3
907;18;628160326;907;286;1588;1589;7.17;0.44;167.80;3.48;681;18;511.00;1
909;18;628160334;909;278;1590;1590;7.16;0.44;167.99;3.48;681;18;512.00;0
913;18;628160342;913;279;1591;1591;7.19;0.44;168.67;3.48;678;18;513.00;0
916;18;628160350;916;277;1591;1591;7.19;0.44;169.11;3.48;675;18;514.00;0
916;18;628160358;916;276;1595;1595;7.25;0.45;169.11;3.48;679;18;515.00;0
921;18;628160366;921;276;1595;1595;7.20;0.44;169.69;3.48;674;18;516.00;0
924;18;628160374;924;273;1595;1595;7.22;0.44;170.23;3.48;671;18;517.00;0
928;18;628160384;928;272;1595;1595;7.27;0.45;170.27;3.48;667;18;518.00;0
932;18;628160392;932;263;1600;1601;7.36;0.45;170.85;3.47;668;18;519.00;1
936;18;628160403;936;265;1601;1601;7.46;0.46;171.01;3.47;665;18;520.00;0
939;18;628160411;939;262;1601;1601;7.57;0.46;171.52;3.47;662;18;521.00;0
942;18;628160419;942;259;1603;1604;7.65;0.47;172.26;3.46;661;18;522.00;1
943;18;628160427;943;244;1603;1604;7.78;0.48;172.48;3.46;660;18;523.00;1
946;18;628160436;946;233;1604;1604;7.81;0.48;172.81;3.46;658;18;524.00;0
951;18;628160444;951;223;1605;1605;7.82;0.48;173.25;3.46;654;18;525.00;0
952;18;628160453;952;220;1606;1606;7.95;0.49;173.27;3.46;654;18;526.00;0
957;18;628160461;957;216;1606;1606;7.94;0.48;173.68;3.46;649;18;527.00;0
960;18;628160470;960;220;1618;1619;8.09;0.49;173.62;3.43;658;18;528.00;1
965;18;628160479;965;213;1618;1619;8.09;0.49;174.03;3.43;653;18;529.00;1
971;18;628160493;971;213;1619;1619;8.21;0.50;173.81;3.43;648;18;530.00;0
974;18;628160501;974;210;1620;1620;8.32;0.51;174.16;3.43;646;18;531.00;0
978;18;628160510;978;207;1620;1620;8.39;0.51;174.32;3.43;642;18;532.00;0
981;18;628160519;981;203;1623;1624;8.51;0.52;174.30;3.43;642;18;533.00;1
983;18;628160534;983;196;1623;1624;8.54;0.52;174.30;3.43;640;18;534.00;1
985;18;628160543;985;188;1628;1628;8.67;0.53;174.35;3.42;643;18;535.00;0
990;18;628160552;990;184;1628;1628;8.66;0.53;174.18;3.42;638;18;536.00;0
991;18;628160561;991;184;1628;1628;8.66;0.53;174.32;3.42;637;18;537.00;0
994;18;628160570;994;181;1628;1628;8.70;0.53;174.49;3.42;634;18;538.00;0
999;18;628160578;999;179;1628;1628;8.80;0.54;174.16;3.42;629;18;539.00;0
1001;18;628160589;1001;184;1657;1662;8.96;0.55;174.28;3.36;656;18;540.00;5
1004;18;628160601;1004;178;1657;1662;8.96;0.55;174.20;3.36;653;18;541.00;5
1005;18;628160610;1005;183;1659;1662;9.05;0.56;174.40;3.36;654;18;542.00;3
1007;18;628160618;1007;188;1659;1662;9.12;0.56;174.54;3.36;652;18;543.00;3
1010;18;628160630;1010;184;1660;1662;9.15;0.56;174.40;3.36;650;18;544.00;2
1013;18;628160644;1013;184;1660;1662;9.11;0.56;174.38;3.36;647;18;545.00;2
1016;18;628160654;1016;188;1662;1663;9.10;0.56;174.34;3.36;646;18;546.00;1
1018;18;628160664;1018;188;1662;1663;9.11;0.56;174.48;3.36;644;18;547.00;1
1021;18;628160673;1021;188;1667;1669;9.09;0.56;174.33;3.36;646;18;548.00;2
1024;18;628160682;1024;190;1668;1670;9.16;0.56;174.48;3.35;644;18;549.00;2
1027;18;628160691;1027;190;1669;1670;9.20;0.56;174.75;3.35;642;18;550.00;1
1029;18;628160700;1029;189;1669;1670;9.27;0.57;174.91;3.35;640;18;551.00;1
1032;18;628160709;1032;191;1674;1674;9.33;0.57;175.17;3.35;642;18;552.00;0
1034;18;628160718;1034;192;1674;1674;9.29;0.57;175.49;3.35;640;18;553.00;0
1038;18;628160746;1038;192;1674;1674;9.34;0.57;175.72;3.35;636;18;554.00;0
1040;18;628160755;1040;195;1675;1675;9.35;0.57;176.14;3.34;635;18;555.00;0
1043;18;628160764;1043;192;1679;1679;9.36;0.57;176.25;3.34;636;18;556.00;0
1045;18;628160774;1045;187;1679;1679;9.39;0.57;176.62;3.34;634;18;557.00;0
1047;18;628160783;1047;178;1681;1682;9.47;0.58;176.81;3.33;634;18;558.00;1
1051;18;628160792;1051;172;1681;1682;9.52;0.58;176.98;3.33;630;18;559.00;1
1053;18;628160801;1053;167;1682;1682;9.70;0.59;177.49;3.33;629;18;560.00;0
1054;18;628160811;1054;169;1682;1682;9.87;0.60;177.44;3.33;628;18;561.00;0
1057;18;628160820;1057;162;1685;1686;10.08;0.61;177.77;3.33;628;18;562.00;1
1062;18;628160831;1062;161;1685;1686;10.21;0.62;178.40;3.33;623;18;563.00;1
1062;18;628160841;1062;158;1686;1686;10.34;0.63;178.40;3.33;624;18;564.00;0
1065;18;628160850;1065;158;1686;1686;10.35;0.63;178.80;3.33;621;18;565.00;0
1068;18;628160860;1068;138;1687;1687;10.41;0.63;178.85;3.33;619;18;566.00;0
1070;18;628160870;1070;126;1688;1688;10.59;0.64;178.93;3.33;618;18;567.00;0
1074;18;628160880;1074;115;1688;1688;10.74;0.65;179.42;3.33;614;18;568.00;0
1076;18;628160891;1076;107;1689;1689;10.93;0.66;179.45;3.33;613;18;569.00;0
1081;18;628160903;1081;97;1689;1689;11.07;0.67;179.76;3.33;608;18;570.00;0
1081;18;628160913;1081;93;1689;1689;11.33;0.69;179.76;3.33;608;18;571.00;0
1083;18;628160923;1083;89;1689;1689;11.59;0.70;180.13;3.33;606;18;572.00;0
1084;18;628160934;1084;86;1689;1689;11.77;0.72;180.16;3.33;605;18;573.00;0
1087;18;628160945;1087;84;1689;1689;11.93;0.73;180.40;3.33;602;18;574.00;0
1090;18;628160955;1090;83;1689;1689;12.09;0.74;180.99;3.33;599;18;575.00;0
1091;18;628160965;1091;112;1769;1816;11.80;0.73;181.07;3.18;678;18;576.00;47
1095;18;628160985;1095;101;1772;1817;11.93;0.73;181.18;3.17;677;18;577.00;45
1098;18;628160996;1098;86;1779;1817;12.10;0.75;181.66;3.17;681;18;578.00;38
1100;18;628161012;1100;77;1782;1817;12.25;0.75;181.74;3.17;682;18;579.00;35
1103;18;628161022;1103;73;1787;1817;12.37;0.76;182.29;3.17;684;18;580.00;30
1109;18;628161033;1109;75;1788;1817;12.38;0.76;182.81;3.17;679;18;581.00;29
1110;18;628161044;1110;78;1792;1817;12.48;0.77;182.90;3.18;682;18;582.00;25
1113;18;628161054;1113;84;1794;1817;12.44;0.76;183.24;3.18;681;18;583.00;23
1119;18;628161064;1119;91;1797;1818;12.41;0.76;183.22;3.19;678;18;584.00;21
1121;18;628161075;1121;95;1801;1820;12.31;0.75;183.26;3.20;680;18;585.00;19
1123;19;628161086;1123;101;1802;1820;12.29;0.75;183.71;3.20;679;19;586.00;18
1126;19;628161107;1126;107;1807;1821;12.28;0.75;183.86;3.22;681;19;587.00;14
1129;19;628161117;1129;112;1809;1821;12.32;0.75;184.26;3.23;680;19;588.00;12
1132;19;628161127;1132;120;1813;1821;12.43;0.76;184.67;3.25;681;19;589.00;8
1135;19;628161138;1135;123;1817;1821;12.47;0.76;185.05;3.27;682;19;590.00;4
1137;19;628161148;1137;125;1820;1825;12.48;0.76;185.32;3.27;683;19;591.00;5
1139;19;628161159;1139;125;1821;1825;12.49;0.77;185.62;3.27;682;19;592.00;4
1141;19;628161174;1141;127;1821;1825;12.53;0.77;185.76;3.27;680;19;593.00;4
1144;19;628161190;1144;127;1824;1828;12.56;0.77;185.86;3.28;680;19;594.00;4
1148;19;628161206;1148;130;1824;1828;12.61;0.77;186.40;3.28;676;19;595.00;4
1155;19;628161215;1155;131;1825;1828;12.65;0.77;186.55;3.29;670;19;596.00;3
1158;19;628161226;1158;133;1829;1832;12.67;0.77;186.44;3.28;671;19;597.00;3
1162;19;628161237;1162;130;1831;1833;12.72;0.77;186.59;3.28;669;19;598.00;2
1165;19;628161247;1165;130;1831;1833;12.78;0.78;186.50;3.28;666;19;599.00;2
1169;19;628161260;1169;134;1842;1859;12.64;0.77;186.37;3.27;673;19;600.00;17
1172;19;628161277;1172;133;1843;1859;12.63;0.77;186.42;3.27;671;19;601.00;16
1175;19;628161287;1175;132;1845;1859;12.61;0.77;186.58;3.27;670;19;602.00;14
1176;19;628161297;1176;135;1846;1860;12.63;0.77;186.51;3.27;670;19;603.00;14
1180;19;628161307;1180;136;1848;1860;12.55;0.76;186.45;3.27;668;19;604.00;12
1184;19;628161317;1184;137;1851;1866;12.53;0.76;186.33;3.27;667;19;605.00;15
1185;20;628161328;1185;138;1851;1866;12.61;0.77;186.26;3.27;666;20;606.00;15
1189;20;628161343;1189;136;1853;1867;12.64;0.77;186.43;3.27;664;20;607.00;14
1190;21;628161353;1190;138;1854;1867;12.69;0.77;186.55;3.27;664;21;608.00;13
1193;21;628161377;1193;134;1854;1867;12.69;0.77;186.53;3.27;661;21;609.00;13
1198;21;628161390;1198;131;1855;1867;12.72;0.77;187.06;3.27;657;21;610.00;12
1202;21;628161401;1202;124;1855;1867;12.68;0.77;187.27;3.27;653;21;611.00;12
1207;21;628161416;1207;121;1866;1879;12.66;0.77;187.12;3.27;659;21;612.00;13
1211;21;628161434;1211;115;1866;1879;12.67;0.77;187.69;3.27;655;21;613.00;13
1215;21;628161450;1215;114;1869;1879;12.67;0.77;187.51;3.27;654;21;614.00;10
1220;21;628161464;1220;109;1871;1879;12.68;0.77;187.63;3.28;651;21;615.00;8
1223;21;628161479;1223;108;1871;1879;12.75;0.77;187.69;3.28;648;21;616.00;8
1223;21;628161493;1223;103;1871;1879;12.89;0.78;187.69;3.28;648;21;617.00;8
1225;21;628161508;1225;101;1875;1883;12.96;0.78;187.80;3.28;650;21;618.00;8
1228;22;628161521;1228;94;1875;1883;13.11;0.79;187.88;3.28;647;22;619.00;8
1231;22;628161545;1231;88;1878;1887;13.23;0.80;188.16;3.28;647;22;620.00;9
1234;22;628161557;1234;83;1879;1888;13.21;0.80;188.38;3.28;645;22;621.00;9
1237;22;628161568;1237;84;1880;1888;13.28;0.80;188.23;3.28;643;22;622.00;8
1239;22;628161584;1239;86;1880;1888;13.22;0.80;188.30;3.28;641;22;623.00;8
1242;22;628161595;1242;90;1889;1901;13.06;0.79;188.24;3.27;647;22;624.00;12
1243;22;628161607;1243;95;1889;1901;12.98;0.78;188.30;3.27;646;22;625.00;12
1245;22;628161617;1245;99;1889;1901;12.88;0.78;188.46;3.27;644;22;626.00;12
1245;22;628161638;1245;98;1890;1902;12.85;0.78;188.46;3.27;645;22;627.00;12
1247;22;628161649;1247;100;1890;1903;12.74;0.77;188.80;3.27;643;22;628.00;13
1249;22;628161666;1249;109;1891;1903;12.66;0.77;189.03;3.29;642;22;629.00;12
1249;22;628161678;1249;111;1896;1909;12.54;0.76;189.03;3.30;647;22;630.00;13
1251;22;628161688;1251;115;1897;1909;12.47;0.76;189.16;3.30;646;22;631.00;12
1253;22;628161698;1253;121;1899;1909;12.42;0.75;189.18;3.30;646;22;632.00;10
1256;22;628161708;1256;123;1899;1909;12.33;0.75;188.99;3.30;643;22;633.00;10
1257;22;628161719;1257;130;1903;1915;12.24;0.74;188.98;3.30;646;22;634.00;12
1259;22;628161729;1259;133;1904;1915;12.11;0.74;188.98;3.32;645;22;635.00;11
1260;22;628161739;1260;135;1905;1915;12.04;0.73;188.99;3.32;645;22;636.00;10
1263;22;628161749;1263;139;1905;1915;11.95;0.73;189.03;3.32;642;22;637.00;10
1265;22;628161759;1265;148;1909;1919;11.81;0.72;188.91;3.31;644;22;638.00;10
1267;22;628161769;1267;153;1910;1920;11.64;0.71;188.99;3.31;643;22;639.00;10
1270;22;628161786;1270;161;1912;1920;11.48;0.70;188.78;3.33;642;22;640.00;8
1273;22;628161795;1273;167;1914;1921;11.30;0.69;189.04;3.35;641;22;641.00;7
1278;22;628161805;1278;172;1914;1921;11.15;0.68;189.08;3.35;636;22;642.00;7
1278;22;628161815;1278;182;1916;1921;11.02;0.67;189.08;3.36;638;22;643.00;5
1280;22;628161824;1280;195;1916;1921;10.84;0.66;189.04;3.36;636;22;644.00;5
1280;22;628161833;1280;201;1916;1921;10.72;0.65;189.04;3.36;636;22;645.00;5
1282;22;628161842;1282;205;1919;1921;10.50;0.64;189.03;3.40;637;22;646.00;2
1284;22;628161850;1284;214;1919;1921;10.31;0.63;188.90;3.40;635;22;647.00;2
1284;22;628161859;1284;226;1958;1991;10.29;0.63;188.90;3.35;674;22;648.00;33
1287;22;628161873;1287;227;1960;1992;10.10;0.62;188.72;3.35;673;22;649.00;32
1289;22;628161883;1289;227;1971;1992;10.01;0.61;188.70;3.34;682;22;650.00;21
1291;22;628161892;1291;230;1975;1992;9.82;0.60;188.49;3.34;684;22;651.00;17
1292;22;628161901;1292;233;1981;1992;9.71;0.59;188.40;3.34;689;22;652.00;11
1293;22;628161910;1293;239;1985;1992;9.69;0.59;188.42;3.34;692;22;653.00;7
1295;22;628161919;1295;245;1989;1992;9.62;0.59;188.36;3.35;694;22;654.00;3
1296;22;628161929;1296;249;1990;1992;9.50;0.58;188.28;3.35;694;22;655.00;2
1298;22;628161939;1298;250;1992;1993;9.40;0.58;188.17;3.35;694;22;656.00;1
1299;22;628161947;1299;258;1993;1994;9.31;0.57;188.03;3.35;694;22;657.00;1
1302;22;628161956;1302;264;1994;1994;9.04;0.55;187.79;3.35;692;22;658.00;0
1302;22;628161981;1302;266;1998;1998;8.80;0.54;187.79;3.35;696;22;659.00;0
1304;22;628161993;1304;268;1998;1998;8.58;0.53;187.78;3.35;694;22;660.00;0
1308;22;628162002;1308;267;1998;1998;8.34;0.51;187.60;3.35;690;22;661.00;0
1310;22;628162011;1310;269;1998;1998;8.21;0.51;187.50;3.35;688;22;662.00;0
1311;22;628162020;1311;274;2003;2004;8.16;0.50;187.51;3.34;692;22;663.00;1
1313;22;628162029;1313;278;2004;2004;8.15;0.50;187.41;3.34;691;22;664.00;0
1315;22;628162039;1315;282;2004;2004;8.10;0.50;187.36;3.34;689;22;665.00;0
1316;22;628162047;1316;280;2007;2007;8.06;0.49;187.50;3.34;691;22;666.00;0
1317;22;628162056;1317;287;2007;2007;7.97;0.49;187.45;3.34;690;22;667.00;0
1320;23;628162065;1320;291;2007;2007;7.81;0.48;187.35;3.34;687;23;668.00;0
1321;23;628162094;1321;294;2008;2008;7.71;0.47;187.44;3.34;687;23;669.00;0
1323;23;628162103;1323;301;2009;2009;7.61;0.46;187.34;3.33;686;23;670.00;0
1326;23;628162117;1326;305;2009;2009;7.53;0.46;187.41;3.33;683;23;671.00;0
1328;23;628162125;1328;310;2022;2022;7.51;0.46;187.36;3.31;694;23;672.00;0
1332;23;628162138;1332;312;2022;2022;7.44;0.45;187.64;3.31;690;23;673.00;0
1333;23;628162147;1333;311;2022;2022;7.42;0.45;187.62;3.31;689;23;674.00;0
1338;23;628162155;1338;300;2024;2024;7.33;0.44;187.82;3.31;686;23;675.00;0
1341;23;628162165;1341;290;2024;2024;7.35;0.45;187.84;3.31;683;23;676.00;0
1344;23;628162175;1344;282;2027;2028;7.38;0.45;187.88;3.31;683;23;677.00;1
1345;23;628162184;1345;272;2028;2028;7.40;0.45;187.76;3.31;683;23;678.00;0
1350;23;628162193;1350;263;2032;2032;7.33;0.45;188.00;3.30;682;23;679.00;0
1352;23;628162202;1352;249;2032;2032;7.37;0.45;188.02;3.30;680;23;680.00;0
1355;23;628162210;1355;234;2032;2032;7.40;0.45;188.31;3.30;677;23;681.00;0
1356;23;628162234;1356;221;2032;2032;7.51;0.46;188.46;3.30;676;23;682.00;0
1360;23;628162243;1360;212;2032;2032;7.58;0.46;188.84;3.30;672;23;683.00;0
1364;23;628162251;1364;212;2042;2044;7.70;0.47;188.88;3.29;678;23;684.00;2
1366;23;628162267;1366;208;2043;2044;7.83;0.48;189.14;3.28;677;23;685.00;1
1368;23;628162275;1368;207;2044;2044;7.94;0.49;189.24;3.28;676;23;686.00;0
1370;23;628162285;1370;198;2044;2044;8.04;0.49;189.51;3.28;674;23;687.00;0
1373;23;628162294;1373;191;2044;2044;8.12;0.50;189.86;3.28;671;23;688.00;0
1376;24;628162302;1376;185;2044;2044;8.21;0.50;190.10;3.28;668;24;689.00;0
1376;24;628162325;1376;179;2045;2045;8.28;0.51;190.10;3.28;669;24;690.00;0
1379;24;628162334;1379;184;2045;2045;8.34;0.51;190.44;3.28;666;24;691.00;0
1382;24;628162343;1382;186;2050;2051;8.43;0.52;190.77;3.28;668;24;692.00;1
1383;24;628162353;1383;182;2052;2052;8.52;0.52;190.75;3.27;669;24;693.00;0
1385;24;628162363;1385;180;2052;2052;8.57;0.53;190.75;3.27;667;24;694.00;0
1390;24;628162372;1390;175;2052;2052;8.56;0.53;190.87;3.27;662;24;695.00;0
1393;24;628162381;1393;172;2056;2056;8.61;0.53;190.89;3.27;663;24;696.00;0
1396;24;628162392;1396;167;2056;2056;8.63;0.53;190.87;3.27;660;24;697.00;0
1402;24;628162405;1402;167;2056;2056;8.64;0.53;191.07;3.27;654;24;698.00;0
1405;24;628162417;1405;165;2057;2057;8.75;0.54;191.17;3.27;652;24;699.00;0
1412;24;628162428;1412;165;2061;2061;8.87;0.55;191.34;3.26;649;24;700.00;0
1419;24;628162444;1419;157;2061;2061;9.02;0.55;191.70;3.26;642;24;701.00;0
1427;24;628162455;1427;153;2063;2064;9.11;0.56;191.85;3.26;636;24;702.00;1
1430;24;628162473;1430;147;2063;2064;9.26;0.57;191.86;3.26;633;24;703.00;1
1437;24;628162482;1437;151;2064;2064;9.29;0.57;192.28;3.26;627;24;704.00;0
1441;24;628162492;1441;148;2064;2064;9.32;0.57;192.32;3.26;623;24;705.00;0
1447;24;628162501;1447;146;2067;2068;9.34;0.57;192.41;3.26;620;24;706.00;1
1453;24;628162517;1453;138;2067;2068;9.33;0.57;192.74;3.26;614;24;707.00;1
1457;24;628162528;1457;143;2068;2068;9.37;0.57;192.71;3.26;611;24;708.00;0
1463;24;628162537;1463;138;2068;2068;9.34;0.57;192.86;3.26;605;24;709.00;0
1466;24;628162546;1466;138;2069;2069;9.36;0.57;192.87;3.25;603;24;710.00;0
1472;24;628162555;1472;135;2070;2070;9.39;0.57;193.38;3.25;598;24;711.00;0
1478;24;628162569;1478;132;2070;2070;9.40;0.57;193.64;3.25;592;24;712.00;0
1483;24;628162577;1483;134;2071;2071;9.41;0.57;193.84;3.25;588;24;713.00;0
1484;24;628162587;1484;134;2071;2071;9.56;0.58;193.99;3.25;587;24;714.00;0
1488;24;628162597;1488;133;2071;2071;9.61;0.58;194.10;3.25;583;24;715.00;0
1490;24;628162607;1490;135;2071;2071;9.72;0.59;194.35;3.25;581;24;716.00;0
1491;25;628162616;1491;134;2071;2071;9.88;0.60;194.45;3.25;580;25;717.00;0
1492;25;628162631;1492;137;2071;2071;9.91;0.60;194.42;3.25;579;25;718.00;0
1495;25;628162641;1495;137;2071;2071;9.96;0.60;194.69;3.25;576;25;719.00;0
1500;25;628162651;1500;176;2192;2301;9.93;0.62;194.77;3.07;692;25;720.00;109
1502;26;628162684;1502;173;2201;2302;9.92;0.62;194.83;3.07;699;26;721.00;101
1505;26;628162701;1505;156;2214;2302;10.07;0.63;195.22;3.06;709;26;722.00;88
1508;26;628162712;1508;155;2220;2302;10.08;0.63;195.27;3.06;712;26;723.00;82
1511;26;628162726;1511;153;2226;2302;10.06;0.63;195.38;3.06;715;26;724.00;76
1514;26;628162737;1514;151;2232;2302;10.06;0.63;195.68;3.07;718;26;725.00;70
1515;26;628162747;1515;157;2240;2302;10.08;0.63;195.65;3.08;725;26;726.00;62
1518;26;628162757;1518;156;2245;2302;10.02;0.62;195.78;3.09;727;26;727.00;57
1519;26;628162769;1519;150;2251;2303;10.02;0.62;195.84;3.10;732;26;728.00;52
1525;26;628162786;1525;153;2254;2304;9.98;0.62;196.13;3.11;729;26;729.00;50
1526;26;628162797;1526;148;2259;2304;9.95;0.61;196.13;3.12;733;26;730.00;45
1528;26;628162808;1528;151;2265;2305;9.82;0.61;196.19;3.14;737;26;731.00;40
1530;26;628162820;1530;156;2267;2305;9.85;0.61;196.25;3.14;737;26;732.00;38
1533;26;628162831;1533;157;2270;2305;9.76;0.60;196.40;3.16;737;26;733.00;35
1535;26;628162842;1535;165;2272;2305;9.70;0.60;196.44;3.17;737;26;734.00;33
1539;26;628162853;1539;174;2275;2309;9.57;0.59;196.46;3.17;736;26;735.00;34
1542;26;628162865;1542;164;2279;2309;9.51;0.59;196.75;3.19;737;26;736.00;30
1544;26;628162889;1544;163;2281;2309;9.53;0.59;197.05;3.20;737;26;737.00;28
1544;26;628162911;1544;158;2284;2312;9.65;0.59;197.05;3.22;740;26;738.00;28
1548;26;628162935;1548;158;2287;2312;9.72;0.60;197.37;3.24;739;26;739.00;25
1552;26;628162951;1552;154;2288;2312;9.90;0.61;197.21;3.24;736;26;740.00;24
1554;26;628162963;1554;150;2295;2316;10.05;0.62;197.49;3.26;741;26;741.00;21
1556;26;628162977;1556;147;2299;2317;10.24;0.63;197.71;3.28;743;26;742.00;18
1558;26;628162993;1558;147;2301;2317;10.36;0.64;197.74;3.30;743;26;743.00;16
1563;26;628163005;1563;149;2304;2321;10.52;0.65;198.04;3.30;741;26;744.00;17
1568;26;628163023;1568;147;2305;2321;10.71;0.66;198.31;3.29;737;26;745.00;16
1570;26;628163036;1570;149;2307;2321;10.89;0.67;198.46;3.31;737;26;746.00;14
1573;26;628163047;1573;146;2308;2322;11.03;0.67;198.76;3.30;735;26;747.00;14
1573;26;628163059;1573;146;2308;2322;11.21;0.68;198.76;3.30;735;26;748.00;14
1577;26;628163071;1577;150;2313;2328;11.30;0.69;198.87;3.31;736;26;749.00;15
1580;26;628163085;1580;146;2313;2328;11.43;0.70;198.91;3.31;733;26;750.00;15
1581;26;628163097;1581;143;2315;2329;11.44;0.70;198.98;3.32;734;26;751.00;14
1584;26;628163109;1584;143;2315;2329;11.45;0.70;199.18;3.32;731;26;752.00;14
1588;26;628163126;1588;143;2316;2329;11.50;0.70;199.29;3.32;728;26;753.00;13
1594;26;628163138;1594;146;2317;2329;11.55;0.70;199.45;3.33;723;26;754.00;12
1597;26;628163149;1597;146;2317;2329;11.60;0.71;199.91;3.33;720;26;755.00;12
1599;26;628163161;1599;153;2328;2341;11.72;0.71;199.96;3.31;729;26;756.00;13
1603;26;628163174;1603;151;2328;2341;11.88;0.72;200.08;3.31;725;26;757.00;13
1605;26;628163185;1605;151;2329;2341;11.95;0.73;200.18;3.32;724;26;758.00;12
1607;26;628163196;1607;154;2330;2341;12.01;0.73;200.50;3.32;723;26;759.00;11
1609;26;628163207;1609;154;2330;2341;12.01;0.73;200.45;3.32;721;26;760.00;11
1611;26;628163218;1611;155;2331;2341;11.96;0.73;200.50;3.32;720;26;761.00;10
1615;26;628163229;1615;155;2335;2345;11.94;0.73;200.76;3.32;720;26;762.00;10
1617;26;628163243;1617;155;2335;2345;12.02;0.74;200.75;3.32;718;26;763.00;10
1622;26;628163258;1622;154;2338;2349;12.05;0.74;200.56;3.31;716;26;764.00;11
1625;26;628163270;1625;155;2341;2351;12.12;0.74;200.55;3.31;716;26;765.00;10
1629;26;628163280;1629;156;2341;2351;12.15;0.74;200.76;3.31;712;26;766.00;10
1631;26;628163291;1631;159;2341;2351;12.07;0.74;200.78;3.31;710;26;767.00;10
1634;26;628163300;1634;162;2353;2364;11.97;0.73;200.84;3.31;719;26;768.00;11
1637;26;628163311;1637;165;2353;2364;11.95;0.73;200.69;3.31;716;26;769.00;11
1640;26;628163322;1640;168;2353;2364;11.92;0.73;200.84;3.31;713;26;770.00;11
1646;26;628163332;1646;167;2354;2365;11.97;0.73;200.72;3.31;708;26;771.00;11
1647;26;628163342;1647;170;2354;2366;11.94;0.73;200.69;3.31;707;26;772.00;12
1648;26;628163352;1648;164;2354;2366;11.96;0.73;200.70;3.31;706;26;773.00;12
1652;26;628163362;1652;165;2356;2369;11.97;0.73;200.79;3.31;704;26;774.00;13
1654;26;628163372;1654;170;2356;2369;12.03;0.73;200.82;3.31;702;26;775.00;13
1660;26;628163382;1660;175;2357;2369;11.99;0.73;201.07;3.31;697;26;776.00;12
1661;26;628163398;1661;175;2357;2369;12.00;0.73;201.19;3.31;696;26;777.00;12
1666;26;628163413;1666;175;2361;2375;11.99;0.73;201.11;3.30;695;26;778.00;14
1668;26;628163430;1668;169;2361;2375;11.98;0.73;201.07;3.30;693;26;779.00;14
1671;26;628163447;1671;169;2362;2375;11.93;0.73;201.23;3.30;691;26;780.00;13
1676;26;628163465;1676;162;2362;2375;11.82;0.72;201.11;3.30;686;26;781.00;13
1679;26;628163480;1679;160;2365;2379;11.69;0.71;201.19;3.30;686;26;782.00;14
1685;26;628163494;1685;156;2366;2380;11.64;0.71;201.11;3.30;681;26;783.00;14
1687;26;628163510;1687;154;2366;2380;11.67;0.71;200.99;3.30;679;26;784.00;14
1690;26;628163525;1690;148;2369;2381;11.64;0.71;201.04;3.33;679;26;785.00;12
1692;26;628163536;1692;146;2369;2381;11.65;0.71;201.23;3.33;677;26;786.00;12
1695;26;628163546;1695;142;2370;2381;11.62;0.71;201.33;3.36;675;26;787.00;11
1698;26;628163557;1698;135;2370;2381;11.64;0.71;201.24;3.36;672;26;788.00;11
1702;26;628163568;1702;136;2370;2381;11.71;0.71;201.73;3.36;668;26;789.00;11
1705;26;628163579;1705;134;2370;2381;11.67;0.71;201.87;3.36;665;26;790.00;11
1706;26;628163590;1706;129;2370;2381;11.71;0.72;201.80;3.36;664;26;791.00;11
1707;26;628163600;1707;131;2401;2451;11.68;0.72;201.73;3.31;694;26;792.00;50
1710;26;628163617;1710;128;2401;2452;11.78;0.72;201.62;3.31;691;26;793.00;51
1712;26;628163627;1712;129;2408;2452;11.91;0.73;201.47;3.31;696;26;794.00;44
1716;26;628163638;1716;132;2412;2452;11.95;0.73;201.28;3.31;696;26;795.00;40
1719;26;628163649;1719;136;2418;2452;11.92;0.73;201.26;3.34;699;26;796.00;34
1721;26;628163660;1721;140;2423;2452;11.91;0.73;201.23;3.34;702;26;797.00;29
1725;27;628163670;1725;145;2427;2452;11.80;0.72;201.18;3.38;702;27;798.00;25
1727;27;628163693;1727;145;2432;2452;11.69;0.71;201.16;3.39;705;27;799.00;20
1729;27;628163704;1729;147;2433;2453;11.69;0.71;201.02;3.38;704;27;800.00;20
1731;27;628163719;1731;152;2438;2454;11.68;0.71;200.88;3.42;707;27;801.00;16
1735;27;628163729;1735;159;2438;2454;11.62;0.71;200.83;3.42;703;27;802.00;16
1737;27;628163746;1737;160;2443;2458;11.50;0.70;200.82;3.43;706;27;803.00;15
1741;27;628163757;1741;162;2444;2458;11.36;0.69;200.70;3.46;703;27;804.00;14
1742;27;628163773;1742;164;2444;2458;11.25;0.68;200.63;3.46;702;27;805.00;14
1745;27;628163783;1745;178;2445;2458;11.11;0.67;200.42;3.49;700;27;806.00;13
1747;27;628163798;1747;185;2449;2464;11.03;0.67;200.34;3.49;702;27;807.00;15
1750;28;628163809;1750;190;2449;2464;10.88;0.66;200.14;3.49;699;28;808.00;15
1752;28;628163839;1752;198;2451;2464;10.71;0.65;200.05;3.52;699;28;809.00;13
1753;28;628163856;1753;203;2454;2470;10.50;0.64;200.09;3.52;701;28;810.00;16
1754;28;628163872;1754;213;2459;2470;10.30;0.62;199.99;3.59;705;28;811.00;11
1757;28;628163882;1757;228;2460;2470;10.13;0.62;199.90;3.61;703;28;812.00;10
1757;28;628163892;1757;231;2464;2471;9.91;0.60;199.90;3.63;707;28;813.00;7
1759;28;628163902;1759;235;2465;2472;9.74;0.59;199.74;3.63;706;28;814.00;7
1760;28;628163911;1760;247;2467;2472;9.61;0.58;199.64;3.64;707;28;815.00;5
1760;28;628163920;1760;254;2478;2485;9.47;0.58;199.64;3.64;718;28;816.00;7
1761;28;628163930;1761;260;2479;2485;9.36;0.57;199.59;3.64;718;28;817.00;6
1761;28;628163941;1761;269;2481;2485;9.29;0.57;199.59;3.65;720;28;818.00;4
1765;28;628163950;1765;274;2483;2486;9.20;0.56;199.56;3.65;718;28;819.00;3
1767;28;628163959;1767;284;2484;2486;9.11;0.56;199.55;3.65;717;28;820.00;2
1768;28;628163969;1768;286;2489;2490;9.07;0.55;199.52;3.65;721;28;821.00;1
1772;28;628163978;1772;295;2490;2490;8.98;0.55;199.30;3.64;718;28;822.00;0
1773;28;628163988;1773;302;2494;2494;8.86;0.54;199.24;3.64;721;28;823.00;0
1775;28;628163997;1775;311;2494;2494;8.76;0.53;199.25;3.64;719;28;824.00;0
1776;28;628164006;1776;316;2494;2494;8.61;0.53;199.15;3.64;718;28;825.00;0
1776;28;628164015;1776;320;2494;2494;8.42;0.51;199.15;3.64;718;28;826.00;0
1779;28;628164023;1779;314;2494;2494;8.21;0.50;198.99;3.64;715;28;827.00;0
1780;28;628164032;1780;312;2505;2506;8.12;0.50;199.10;3.62;725;28;828.00;1
1780;28;628164041;1780;307;2505;2506;8.01;0.49;199.10;3.62;725;28;829.00;1
1782;28;628164050;1782;301;2506;2506;7.94;0.49;199.15;3.62;724;28;830.00;0
1782;28;628164058;1782;293;2506;2506;7.88;0.48;199.15;3.62;724;28;831.00;0
1785;28;628164067;1785;287;2506;2506;7.87;0.48;199.13;3.62;721;28;832.00;0
1785;28;628164076;1785;285;2506;2506;7.89;0.49;199.13;3.62;721;28;833.00;0
1786;28;628164084;1786;280;2507;2507;7.92;0.49;199.09;3.62;721;28;834.00;0
1789;28;628164093;1789;275;2507;2507;7.98;0.49;199.06;3.62;718;28;835.00;0
1789;28;628164108;1789;270;2512;2513;8.14;0.50;199.06;3.62;723;28;836.00;1
1791;28;628164118;1791;276;2513;2514;8.25;0.51;198.97;3.62;722;28;837.00;1
1791;29;628164132;1791;269;2514;2514;8.35;0.51;198.97;3.62;723;29;838.00;0
1794;30;628164159;1794;272;2514;2514;8.37;0.51;198.97;3.62;720;30;839.00;0
1795;30;628164181;1795;271;2519;2519;8.43;0.52;198.93;3.61;724;30;840.00;0
1796;30;628164191;1796;268;2519;2519;8.44;0.52;198.88;3.61;723;30;841.00;0
1796;30;628164205;1796;270;2519;2519;8.43;0.52;198.88;3.61;723;30;842.00;0
1799;30;628164213;1799;269;2520;2520;8.36;0.51;198.85;3.61;721;30;843.00;0
1802;30;628164222;1802;272;2524;2524;8.27;0.51;198.87;3.60;722;30;844.00;0
1807;30;628164231;1807;270;2524;2524;8.15;0.50;198.94;3.60;717;30;845.00;0
1808;30;628164241;1808;267;2526;2527;8.02;0.49;199.05;3.60;718;30;846.00;1
1810;30;628164250;1810;265;2526;2527;7.88;0.48;199.19;3.60;716;30;847.00;1
1813;30;628164259;1813;269;2527;2527;7.79;0.48;199.20;3.60;714;30;848.00;0
1816;30;628164268;1816;269;2527;2527;7.68;0.47;199.25;3.60;711;30;849.00;0
1819;30;628164276;1819;261;2530;2531;7.70;0.47;199.34;3.60;711;30;850.00;1
1823;30;628164285;1823;255;2530;2531;7.64;0.47;199.57;3.60;707;30;851.00;1
1829;30;628164300;1829;249;2531;2531;7.65;0.47;199.69;3.60;702;30;852.00;0
1836;30;628164309;1836;241;2531;2531;7.67;0.47;199.67;3.60;695;30;853.00;0
1839;30;628164319;1839;234;2532;2532;7.70;0.47;199.71;3.60;693;30;854.00;0
1842;30;628164327;1842;230;2534;2534;7.78;0.48;199.87;3.59;692;30;855.00;0
1847;30;628164336;1847;226;2534;2534;7.87;0.48;199.82;3.59;687;30;856.00;0
1850;30;628164345;1850;211;2535;2535;8.07;0.50;200.04;3.59;685;30;857.00;0
1853;30;628164354;1853;200;2535;2535;8.20;0.50;200.12;3.59;682;30;858.00;0
1856;30;628164363;1856;192;2535;2535;8.31;0.51;200.21;3.59;679;30;859.00;0
1859;30;628164371;1859;185;2535;2535;8.43;0.52;200.43;3.59;676;30;860.00;0
1862;30;628164380;1862;178;2535;2535;8.50;0.52;200.35;3.59;673;30;861.00;0
1865;30;628164389;1865;166;2535;2535;8.61;0.53;200.60;3.59;670;30;862.00;0
1869;30;628164398;1869;165;2535;2535;8.70;0.53;200.70;3.59;666;30;863.00;0
1872;30;628164411;1872;168;2616;2662;8.97;0.56;200.69;3.48;744;30;864.00;46
1877;30;628164431;1877;166;2620;2663;9.00;0.56;200.87;3.48;743;30;865.00;43
1883;30;628164441;1883;162;2629;2663;9.15;0.57;200.87;3.47;746;30;866.00;34
1888;30;628164451;1888;153;2631;2663;9.14;0.56;200.89;3.47;743;30;867.00;32
1893;30;628164461;1893;153;2635;2663;9.19;0.57;200.89;3.47;742;30;868.00;28
1896;30;628164471;1896;147;2639;2663;9.24;0.57;200.97;3.48;743;30;869.00;24
1901;30;628164482;1901;140;2642;2663;9.22;0.57;200.93;3.48;741;30;870.00;21
1904;30;628164492;1904;150;2644;2663;9.29;0.57;200.89;3.48;740;30;871.00;19
1908;31;628164503;1908;154;2649;2664;9.35;0.57;201.04;3.49;741;31;872.00;15
1913;31;628164528;1913;158;2651;2665;9.36;0.57;201.23;3.49;738;31;873.00;14
1916;31;628164539;1916;159;2654;2665;9.34;0.57;201.29;3.50;738;31;874.00;11
1920;31;628164550;1920;163;2656;2666;9.29;0.57;201.46;3.50;736;31;875.00;10
1925;31;628164566;1925;168;2658;2666;9.30;0.57;201.66;3.51;733;31;876.00;8
1928;32;628164577;1928;168;2659;2666;9.30;0.57;201.65;3.51;731;32;877.00;7
1932;32;628164597;1932;176;2661;2666;9.32;0.57;202.11;3.52;729;32;878.00;5
1938;32;628164608;1938;178;2664;2670;9.32;0.57;202.38;3.52;726;32;879.00;6
1941;32;628164619;1941;180;2665;2670;9.31;0.57;202.49;3.52;724;32;880.00;5
1943;32;628164630;1943;182;2665;2670;9.36;0.57;202.73;3.52;722;32;881.00;5
1947;32;628164646;1947;183;2668;2673;9.42;0.58;202.77;3.52;721;32;882.00;5
1952;32;628164657;1952;180;2668;2673;9.42;0.58;202.93;3.52;716;32;883.00;5
1955;32;628164668;1955;186;2669;2673;9.50;0.58;202.86;3.53;714;32;884.00;4
1959;32;628164679;1959;184;2673;2677;9.56;0.58;202.85;3.53;714;32;885.00;4
1960;32;628164690;1960;182;2676;2678;9.64;0.59;202.97;3.53;716;32;886.00;2
1966;32;628164700;1966;185;2676;2678;9.71;0.59;202.91;3.53;710;32;887.00;2
1970;32;628164717;1970;185;2681;2682;9.83;0.60;203.09;3.53;711;32;888.00;1
1974;32;628164728;1974;189;2681;2682;9.85;0.60;203.20;3.53;707;32;889.00;1
1979;32;628164739;1979;199;2682;2682;9.82;0.60;203.39;3.53;703;32;890.00;0
1983;32;628164750;1983;199;2683;2683;9.77;0.59;203.34;3.53;700;32;891.00;0
1987;32;628164761;1987;202;2683;2683;9.75;0.59;203.47;3.53;696;32;892.00;0
1989;33;628164777;1989;204;2688;2689;9.68;0.59;203.66;3.53;699;33;893.00;1
1991;33;628164800;1991;209;2688;2689;9.65;0.59;203.84;3.53;697;33;894.00;1
1993;33;628164810;1993;214;2690;2690;9.59;0.58;204.09;3.53;697;33;895.00;0
1997;33;628164827;1997;216;2690;2690;9.52;0.58;204.49;3.53;693;33;896.00;0
2002;33;628164837;2002;210;2690;2690;9.50;0.58;204.65;3.53;688;33;897.00;0
2003;33;628164853;2003;198;2690;2690;9.49;0.58;204.74;3.53;687;33;898.00;0
2005;33;628164863;2005;198;2690;2690;9.56;0.58;204.95;3.53;685;33;899.00;0
2008;33;628164876;2008;203;2718;2736;9.53;0.58;205.09;3.49;710;33;900.00;18
2013;33;628164895;2013;195;2718;2736;9.50;0.58;205.65;3.49;705;33;901.00;18
2016;33;628164907;2016;191;2721;2736;9.60;0.59;205.84;3.49;705;33;902.00;15
2019;33;628164917;2019;184;2721;2736;9.71;0.60;205.89;3.49;702;33;903.00;15
2022;33;628164927;2022;185;2722;2736;9.80;0.60;206.08;3.49;700;33;904.00;14
2024;33;628164938;2024;182;2722;2736;9.88;0.60;206.21;3.49;698;33;905.00;14
2029;33;628164949;2029;166;2727;2740;9.88;0.60;206.30;3.49;698;33;906.00;13
2030;33;628164960;2030;155;2729;2740;9.98;0.61;206.36;3.49;699;33;907.00;11
2033;33;628164972;2033;136;2732;2744;10.08;0.62;206.40;3.49;699;33;908.00;12
2034;33;628164983;2034;133;2734;2745;10.20;0.62;206.37;3.49;700;33;909.00;11
2037;33;628164994;2037;130;2734;2745;10.33;0.63;206.65;3.49;697;33;910.00;11
2042;33;628165010;2042;121;2734;2745;10.46;0.64;206.74;3.49;692;33;911.00;11
2042;34;628165021;2042;122;2744;2758;10.56;0.64;206.74;3.48;702;34;912.00;14
2049;34;628165044;2049;123;2744;2758;10.63;0.65;206.78;3.48;695;34;913.00;14
2052;34;628165060;2052;118;2744;2758;10.73;0.65;207.19;3.48;692;34;914.00;14
2055;34;628165076;2055;121;2746;2759;10.74;0.66;207.42;3.48;691;34;915.00;13
2058;34;628165087;2058;122;2747;2760;10.73;0.65;207.54;3.48;689;34;916.00;13
2060;34;628165098;2060;126;2747;2760;10.76;0.66;207.73;3.48;687;34;917.00;13
2063;34;628165114;2063;125;2750;2763;10.82;0.66;207.82;3.49;687;34;918.00;13
2068;34;628165124;2068;124;2750;2763;10.81;0.66;208.10;3.49;682;34;919.00;13
2072;35;628165135;2072;126;2750;2763;10.84;0.66;208.13;3.49;678;35;920.00;13
2076;35;628165157;2076;126;2751;2763;10.85;0.66;208.19;3.49;675;35;921.00;12
2079;35;628165168;2079;125;2755;2769;10.87;0.66;208.26;3.49;676;35;922.00;14
2080;36;628165178;2080;122;2755;2769;10.87;0.66;208.33;3.49;675;36;923.00;14
2084;36;628165199;2084;124;2757;2769;10.87;0.66;208.34;3.50;673;36;924.00;12
2087;36;628165209;2087;128;2757;2769;10.88;0.66;208.53;3.50;670;36;925.00;12
2090;36;628165219;2090;132;2761;2773;10.87;0.66;208.50;3.50;671;36;926.00;12
2094;36;628165229;2094;130;2763;2774;10.92;0.67;208.74;3.50;669;36;927.00;11
2101;37;628165239;2101;136;2763;2774;10.98;0.67;208.66;3.50;662;37;928.00;11
2102;37;628165261;2102;140;2764;2775;11.10;0.68;208.70;3.50;662;37;929.00;11
2107;37;628165272;2107;146;2766;2775;11.15;0.68;208.66;3.52;659;37;930.00;9
2112;37;628165282;2112;145;2766;2775;11.22;0.68;208.73;3.52;654;37;931.00;9
2114;37;628165291;2114;147;2767;2775;11.25;0.69;208.65;3.52;653;37;932.00;8
2115;37;628165300;2115;151;2768;2775;11.29;0.69;208.72;3.53;653;37;933.00;7
2122;37;628165309;2122;157;2768;2775;11.25;0.68;208.82;3.53;646;37;934.00;7
2125;37;628165319;2125;156;2769;2775;11.24;0.68;208.94;3.53;644;37;935.00;6
2128;37;628165328;2128;169;2807;2845;10.96;0.67;208.95;3.49;679;37;936.00;38
2131;37;628165343;2131;165;2812;2846;10.94;0.67;209.10;3.50;681;37;937.00;34
2134;37;628165353;2134;165;2819;2846;11.09;0.67;209.23;3.50;685;37;938.00;27
2136;37;628165362;2136;171;2823;2846;11.17;0.68;209.29;3.50;687;37;939.00;23
2138;37;628165372;2138;174;2829;2846;11.20;0.68;209.38;3.50;691;37;940.00;17
2140;37;628165381;2140;176;2833;2846;11.21;0.68;209.49;3.50;693;37;941.00;13
2142;37;628165390;2142;177;2835;2846;11.23;0.68;209.49;3.50;693;37;942.00;11
2143;37;628165399;2143;177;2835;2846;11.27;0.69;209.50;3.50;692;37;943.00;11
2147;37;628165413;2147;180;2837;2847;11.26;0.69;209.42;3.50;690;37;944.00;10
2150;37;628165427;2150;179;2839;2849;11.24;0.68;209.39;3.50;689;37;945.00;10
2154;37;628165443;2154;182;2840;2849;11.15;0.68;209.44;3.50;686;37;946.00;9
2156;37;628165461;2156;181;2843;2853;11.12;0.68;209.46;3.50;687;37;947.00;10
2161;37;628165475;2161;180;2844;2853;11.03;0.67;209.34;3.50;683;37;948.00;9
2164;37;628165490;2164;178;2844;2853;11.03;0.67;209.31;3.50;680;37;949.00;9
2166;37;628165503;2166;177;2844;2853;11.02;0.67;209.26;3.50;678;37;950.00;9
2169;37;628165516;2169;172;2847;2859;10.98;0.67;209.19;3.50;678;37;951.00;12
2172;37;628165528;2172;167;2847;2859;10.95;0.67;209.12;3.50;675;37;952.00;12
2173;37;628165539;2173;164;2849;2859;10.94;0.67;209.07;3.50;676;37;953.00;10
2175;37;628165548;2175;165;2851;2862;10.95;0.67;209.02;3.50;676;37;954.00;11
2179;37;628165558;2179;166;2853;2862;10.91;0.66;208.86;3.51;674;37;955.00;9
2183;37;628165567;2183;163;2854;2862;10.96;0.67;208.76;3.51;671;37;956.00;8
2185;37;628165577;2185;161;2854;2863;10.95;0.67;208.66;3.51;669;37;957.00;9
2188;37;628165587;2188;164;2855;2864;10.95;0.67;208.51;3.51;667;37;958.00;9
2193;37;628165597;2193;162;2855;2864;10.91;0.67;208.28;3.51;662;37;959.00;9
2198;37;628165610;2198;165;2871;2890;10.87;0.66;208.06;3.51;673;37;960.00;19
2199;37;628165622;2199;162;2871;2890;10.93;0.67;208.05;3.51;672;37;961.00;19
2200;37;628165631;2200;161;2873;2890;11.01;0.67;207.96;3.51;673;37;962.00;17
2200;37;628165641;2200;161;2875;2891;11.07;0.68;207.96;3.51;675;37;963.00;16
2202;37;628165650;2202;163;2875;2891;11.11;0.68;207.87;3.51;673;37;964.00;16
2203;37;628165659;2203;165;2877;2895;11.11;0.68;207.87;3.50;674;37;965.00;18
2207;37;628165676;2207;168;2878;2895;11.08;0.68;207.81;3.50;671;37;966.00;17
2208;37;628165686;2208;171;2881;2899;11.00;0.67;207.83;3.50;673;37;967.00;18
2209;37;628165695;2209;173;2881;2899;10.96;0.67;207.84;3.50;672;37;968.00;18
2211;37;628165703;2211;178;2884;2899;10.76;0.66;207.73;3.54;673;37;969.00;15
2214;37;628165718;2214;182;2885;2899;10.58;0.64;207.60;3.56;671;37;970.00;14
2216;37;628165727;2216;192;2888;2899;10.44;0.64;207.57;3.58;672;37;971.00;11
2220;37;628165736;2220;191;2898;2911;10.25;0.63;207.55;3.56;678;37;972.00;13
2222;37;628165745;2222;200;2899;2911;10.07;0.61;207.77;3.56;677;37;973.00;12
2224;37;628165755;2224;207;2902;2911;9.92;0.61;207.80;3.58;678;37;974.00;9
2228;37;628165765;2228;213;2902;2911;9.84;0.60;207.83;3.58;674;37;975.00;9
2230;37;628165773;2230;218;2902;2911;9.78;0.60;207.87;3.58;672;37;976.00;9
2230;37;628165782;2230;221;2903;2911;9.72;0.59;207.87;3.59;673;37;977.00;8
2230;37;628165791;2230;230;2903;2912;9.71;0.59;207.87;3.59;673;37;978.00;9
2232;37;628165799;2232;221;2904;2912;9.62;0.59;207.85;3.59;672;37;979.00;8
2233;37;628165808;2233;219;2910;2918;9.59;0.59;207.86;3.61;677;37;980.00;8
2235;37;628165824;2235;211;2912;2919;9.63;0.59;207.91;3.60;677;37;981.00;7
2237;37;628165834;2237;211;2913;2919;9.65;0.59;207.89;3.61;676;37;982.00;6
2244;37;628165844;2244;208;2914;2919;9.56;0.58;207.78;3.62;670;37;983.00;5
2245;37;628165853;2245;204;2918;2923;9.54;0.58;207.72;3.61;673;37;984.00;5
2247;37;628165862;2247;206;2918;2923;9.48;0.58;207.62;3.61;671;37;985.00;5
2248;37;628165871;2248;204;2919;2923;9.41;0.57;207.65;3.62;671;37;986.00;4
2251;37;628165880;2251;207;2920;2924;9.35;0.57;207.59;3.62;669;37;987.00;4
2255;37;628165890;2255;203;2923;2928;9.24;0.56;207.46;3.62;668;37;988.00;5
2256;37;628165899;2256;200;2924;2928;9.19;0.56;207.43;3.62;668;37;989.00;4
2256;37;628165910;2256;202;2927;2934;9.22;0.56;207.43;3.62;671;37;990.00;7
2257;38;628165919;2257;205;2927;2934;9.18;0.56;207.45;3.62;670;38;991.00;7
2258;38;628165940;2258;206;2930;2934;9.16;0.56;207.44;3.62;672;38;992.00;4
2258;38;628165950;2258;206;2931;2934;9.19;0.56;207.44;3.62;673;38;993.00;3
2258;38;628165965;2258;208;2934;2938;9.25;0.57;207.44;3.62;676;38;994.00;4
2259;38;628165981;2259;211;2935;2938;9.23;0.56;207.52;3.62;676;38;995.00;3
2259;38;628165990;2259;213;2935;2938;9.16;0.56;207.52;3.62;676;38;996.00;3
2261;38;628165999;2261;214;2936;2938;9.11;0.56;207.44;3.62;675;38;997.00;2
2261;38;628166008;2261;215;2938;2939;9.08;0.56;207.44;3.62;677;38;998.00;1
2264;38;628166018;2264;216;2939;2940;8.96;0.55;207.42;3.62;675;38;999.00;1
2265;38;628166028;2265;215;2939;2940;8.86;0.54;207.41;3.62;674;38;1000.00;1
2269;38;628166041;2269;219;2940;2941;8.75;0.54;207.32;3.62;671;38;1001.00;1
2270;38;628166050;2270;219;2940;2941;8.64;0.53;207.26;3.62;670;38;1002.00;1
2274;38;628166059;2274;213;2940;2941;8.60;0.53;207.36;3.62;666;38;1003.00;1
2278;38;628166068;2278;207;2940;2941;8.56;0.52;207.41;3.62;662;38;1004.00;1
2279;38;628166076;2279;207;2940;2941;8.53;0.52;207.47;3.62;661;38;1005.00;1
2282;38;628166085;2282;205;2940;2941;8.57;0.53;207.78;3.62;658;38;1006.00;1
2282;38;628166094;2282;201;2940;2941;8.60;0.53;207.78;3.62;658;38;1007.00;1
2288;38;628166102;2288;224;3010;3068;8.67;0.54;208.00;3.53;722;38;1008.00;58
2289;38;628166121;2289;215;3013;3069;8.67;0.54;207.97;3.53;724;38;1009.00;56
2292;38;628166131;2292;211;3023;3069;8.82;0.55;208.14;3.53;731;38;1010.00;46
2294;38;628166140;2294;214;3029;3069;8.92;0.55;208.24;3.53;735;38;1011.00;40
2299;38;628166149;2299;217;3036;3069;8.95;0.55;208.22;3.53;737;38;1012.00;33
2300;38;628166158;2300;224;3040;3069;9.00;0.56;208.25;3.53;740;38;1013.00;29
2307;38;628166167;2307;217;3044;3069;8.98;0.56;208.23;3.53;737;38;1014.00;25
2314;38;628166177;2314;213;3046;3069;8.89;0.55;208.08;3.53;732;38;1015.00;23
2318;38;628166195;2318;217;3050;3070;8.84;0.55;207.99;3.54;732;38;1016.00;20
2325;38;628166205;2325;219;3053;3071;8.74;0.54;208.05;3.55;728;38;1017.00;18
2329;38;628166215;2329;220;3057;3071;8.63;0.53;208.19;3.55;728;38;1018.00;14
2332;38;628166225;2332;226;3059;3072;8.51;0.52;208.07;3.55;727;38;1019.00;13
2335;38;628166236;2335;223;3059;3072;8.34;0.51;208.30;3.55;724;38;1020.00;13
2337;38;628166245;2337;220;3062;3072;8.30;0.51;208.37;3.56;725;38;1021.00;10
2341;38;628166255;2341;219;3062;3072;8.29;0.51;208.52;3.56;721;38;1022.00;10
2347;38;628166265;2347;214;3067;3076;8.32;0.51;208.58;3.57;720;38;1023.00;9
2349;38;628166276;2349;217;3068;3076;8.33;0.51;208.61;3.57;719;38;1024.00;8
2354;38;628166286;2354;213;3069;3076;8.35;0.52;208.83;3.58;715;38;1025.00;7
2357;38;628166296;2357;210;3072;3079;8.43;0.52;208.87;3.58;715;38;1026.00;7
2360;38;628166305;2360;204;3074;3079;8.51;0.52;209.00;3.58;714;38;1027.00;5
2363;38;628166315;2363;190;3074;3079;8.61;0.53;209.08;3.58;711;38;1028.00;5
2368;38;628166325;2368;191;3079;3083;8.70;0.53;209.17;3.58;711;38;1029.00;4
2372;38;628166336;2372;181;3081;3084;8.82;0.54;209.36;3.58;709;38;1030.00;3
2373;38;628166346;2373;172;3082;3084;9.03;0.55;209.38;3.60;709;38;1031.00;2
2376;38;628166357;2376;163;3086;3088;9.11;0.56;209.61;3.60;710;38;1032.00;2
2385;38;628166368;2385;160;3086;3088;9.14;0.56;209.54;3.60;701;38;1033.00;2
2386;38;628166379;2386;158;3086;3088;9.25;0.57;209.55;3.60;700;38;1034.00;2
2391;38;628166389;2391;160;3088;3090;9.32;0.57;209.60;3.60;697;38;1035.00;2
2396;38;628166400;2396;162;3088;3090;9.36;0.57;209.92;3.60;692;38;1036.00;2
2399;38;628166413;2399;162;3093;3096;9.49;0.58;209.97;3.59;694;38;1037.00;3
2404;38;628166424;2404;162;3093;3096;9.51;0.58;210.34;3.59;689;38;1038.00;3
2407;38;628166434;2407;162;3095;3097;9.62;0.59;210.48;3.59;688;38;1039.00;2
2413;38;628166444;2413;160;3095;3097;9.65;0.59;210.63;3.59;682;38;1040.00;2
2415;38;628166462;2415;161;3095;3097;9.74;0.59;210.77;3.59;680;38;1041.00;2
2418;38;628166473;2418;165;3095;3097;9.78;0.59;210.98;3.59;677;38;1042.00;2
2424;38;628166483;2424;164;3095;3097;9.83;0.59;211.07;3.59;671;38;1043.00;2
2425;38;628166494;2425;167;3106;3109;9.95;0.60;211.13;3.58;681;38;1044.00;3
2430;38;628166511;2430;167;3106;3109;10.03;0.61;211.35;3.58;676;38;1045.00;3
2433;38;628166521;2433;162;3107;3109;10.14;0.61;211.32;3.58;674;38;1046.00;2
2436;38;628166532;2436;161;3107;3109;10.22;0.62;211.56;3.58;671;38;1047.00;2
2441;38;628166543;2441;161;3107;3109;10.21;0.62;211.89;3.58;666;38;1048.00;2
2444;38;628166554;2444;161;3107;3109;10.25;0.62;212.09;3.58;663;38;1049.00;2
2446;38;628166569;2446;167;3113;3115;10.20;0.62;212.21;3.57;667;38;1050.00;2
2449;38;628166586;2449;170;3113;3115;10.19;0.62;212.24;3.57;664;38;1051.00;2
2453;38;628166597;2453;170;3116;3119;10.27;0.62;212.34;3.57;663;38;1052.00;3
2457;38;628166609;2457;177;3118;3120;10.27;0.62;212.47;3.57;661;38;1053.00;2
2461;38;628166620;2461;176;3118;3120;10.28;0.62;212.62;3.57;657;38;1054.00;2
2468;38;628166631;2468;177;3119;3120;10.31;0.63;212.82;3.58;651;38;1055.00;1
2472;38;628166642;2472;177;3132;3133;10.34;0.63;212.87;3.57;660;38;1056.00;1
2478;38;628166653;2478;175;3132;3133;10.35;0.63;212.99;3.57;654;38;1057.00;1
2483;38;628166663;2483;178;3132;3133;10.35;0.63;213.09;3.57;649;38;1058.00;1
2488;38;628166673;2488;179;3133;3134;10.27;0.62;213.26;3.57;645;38;1059.00;1
2490;38;628166683;2490;181;3134;3135;10.23;0.62;213.41;3.57;644;38;1060.00;1
2494;38;628166693;2494;181;3134;3135;10.18;0.62;213.58;3.57;640;38;1061.00;1
2498;38;628166702;2498;182;3136;3138;10.09;0.61;213.93;3.56;638;38;1062.00;2
2500;38;628166712;2500;189;3136;3138;10.00;0.61;213.95;3.56;636;38;1063.00;2
2503;38;628166722;2503;193;3137;3138;9.87;0.60;214.12;3.56;634;38;1064.00;1
2507;38;628166731;2507;195;3137;3138;9.77;0.60;214.10;3.56;630;38;1065.00;1
2509;38;628166747;2509;203;3142;3144;9.80;0.60;214.26;3.56;633;38;1066.00;2
2512;38;628166758;2512;197;3142;3144;9.72;0.59;214.34;3.56;630;38;1067.00;2
2514;38;628166767;2514;191;3143;3144;9.64;0.59;214.35;3.56;629;38;1068.00;1
2517;38;628166777;2517;190;3143;3144;9.54;0.58;214.66;3.56;626;38;1069.00;1
2519;38;628166786;2519;190;3147;3148;9.52;0.58;214.60;3.56;628;38;1070.00;1
2524;38;628166796;2524;193;3148;3149;9.41;0.58;214.74;3.56;624;38;1071.00;1
2528;38;628166806;2528;194;3148;3149;9.26;0.57;214.86;3.56;620;38;1072.00;1
2532;38;628166815;2532;193;3149;3150;9.20;0.56;214.81;3.55;617;38;1073.00;1
2534;38;628166824;2534;192;3149;3150;9.20;0.56;214.81;3.55;615;38;1074.00;1
2535;38;628166833;2535;191;3149;3150;9.28;0.57;214.89;3.55;614;38;1075.00;1
2540;38;628166841;2540;183;3149;3150;9.40;0.57;214.91;3.55;609;38;1076.00;1
2544;38;628166851;2544;170;3149;3150;9.54;0.58;214.89;3.55;605;38;1077.00;1
2547;38;628166861;2547;159;3149;3150;9.66;0.59;214.97;3.55;602;38;1078.00;1
2552;38;628166875;2552;148;3149;3150;9.66;0.59;215.03;3.55;597;38;1079.00;1
2554;38;628166892;2554;170;3225;3275;9.48;0.58;215.08;3.47;671;38;1080.00;50
2556;38;628166911;2556;158;3230;3276;9.59;0.59;215.12;3.47;674;38;1081.00;46
2559;38;628166921;2559;150;3236;3276;9.74;0.60;215.19;3.46;677;38;1082.00;40
2561;38;628166931;2561;141;3242;3276;9.78;0.60;215.26;3.46;681;38;1083.00;34
2564;38;628166941;2564;131;3245;3276;9.88;0.61;215.42;3.46;681;38;1084.00;31
2566;38;628166951;2566;128;3248;3276;9.92;0.61;215.41;3.47;682;38;1085.00;28
2568;38;628166961;2568;127;3253;3276;10.06;0.62;215.39;3.47;685;38;1086.00;23
2573;38;628166972;2573;133;3253;3276;10.14;0.62;215.70;3.47;680;38;1087.00;23
2575;38;628166983;2575;132;3256;3277;10.15;0.62;215.66;3.47;681;38;1088.00;21
2576;38;628166993;2576;132;3258;3278;10.10;0.62;215.60;3.47;682;38;1089.00;20
2579;38;628167003;2579;136;3260;3278;9.98;0.61;215.67;3.48;681;38;1090.00;18
2580;38;628167013;2580;138;3265;3282;9.93;0.61;215.62;3.48;685;38;1091.00;17
2581;38;628167023;2581;141;3266;3282;9.95;0.61;215.57;3.48;685;38;1092.00;16
2586;38;628167033;2586;143;3266;3282;9.96;0.61;215.56;3.48;680;38;1093.00;16
2586;38;628167043;2586;154;3267;3282;9.97;0.61;215.56;3.48;681;38;1094.00;15
2588;38;628167052;2588;151;3271;3288;9.94;0.61;215.52;3.48;683;38;1095.00;17
2589;38;628167063;2589;150;3273;3288;10.01;0.61;215.57;3.51;684;38;1096.00;15
2589;38;628167073;2589;153;3273;3288;10.10;0.62;215.57;3.51;684;38;1097.00;15
2590;38;628167082;2590;152;3276;3291;10.19;0.62;215.58;3.51;686;38;1098.00;15
2591;38;628167093;2591;156;3277;3291;10.27;0.63;215.57;3.51;686;38;1099.00;14
2592;38;628167103;2592;160;3277;3291;10.33;0.63;215.56;3.51;685;38;1100.00;14
2592;38;628167116;2592;163;3279;3292;10.37;0.64;215.56;3.51;687;38;1101.00;13
2595;38;628167126;2595;160;3280;3293;10.43;0.64;215.53;3.50;685;38;1102.00;13
2598;39;628167136;2598;165;3280;3293;10.43;0.64;215.52;3.50;682;39;1103.00;13
2602;39;628167152;2602;168;3290;3306;10.41;0.64;215.45;3.49;688;39;1104.00;16
2604;39;628167162;2604;174;3290;3306;10.43;0.64;215.36;3.49;686;39;1105.00;16
2605;39;628167182;2605;178;3290;3306;10.51;0.64;215.32;3.49;685;39;1106.00;16
2609;39;628167191;2609;183;3291;3307;10.61;0.65;215.23;3.49;682;39;1107.00;16
2610;39;628167201;2610;187;3291;3307;10.66;0.65;215.19;3.49;681;39;1108.00;16
2614;39;628167209;2614;188;3294;3311;10.58;0.65;215.01;3.49;680;39;1109.00;17
2615;39;628167220;2615;186;3294;3311;10.62;0.65;215.23;3.49;679;39;1110.00;17
2616;39;628167229;2616;191;3299;3315;10.66;0.65;215.19;3.50;683;39;1111.00;16
2618;39;628167238;2618;190;3299;3315;10.77;0.66;215.15;3.50;681;39;1112.00;16
2621;39;628167247;2621;188;3299;3315;10.84;0.66;215.01;3.50;678;39;1113.00;16
2621;39;628167256;2621;190;3299;3315;10.89;0.67;215.01;3.50;678;39;1114.00;16
2627;39;628167264;2627;193;3299;3315;10.92;0.67;214.86;3.50;672;39;1115.00;16
2632;39;628167273;2632;192;3309;3327;10.95;0.67;214.81;3.49;677;39;1116.00;18
2638;39;628167283;2638;195;3309;3327;10.93;0.67;214.90;3.49;671;39;1117.00;18
2640;39;628167292;2640;197;3310;3327;10.90;0.66;214.79;3.49;670;39;1118.00;17
2642;39;628167300;2642;194;3310;3327;10.93;0.67;214.75;3.49;668;39;1119.00;17
2645;39;628167309;2645;197;3310;3327;10.98;0.67;214.85;3.49;665;39;1120.00;17
2649;39;628167317;2649;193;3310;3327;10.96;0.67;214.76;3.49;661;39;1121.00;17
2650;39;628167326;2650;188;3310;3328;10.96;0.67;214.83;3.49;660;39;1122.00;18
2651;39;628167334;2651;180;3310;3328;10.94;0.67;214.80;3.49;659;39;1123.00;18
2654;39;628167343;2654;177;3314;3334;10.91;0.66;214.74;3.48;660;39;1124.00;20
2656;39;628167351;2656;174;3320;3336;10.92;0.66;214.70;3.50;664;39;1125.00;16
2657;39;628167360;2657;177;3320;3336;10.93;0.67;214.68;3.50;663;39;1126.00;16
2660;39;628167369;2660;178;3321;3336;11.00;0.67;214.62;3.52;661;39;1127.00;15
2662;39;628167378;2662;174;3323;3340;11.04;0.67;214.60;3.51;661;39;1128.00;17
2664;39;628167387;2664;174;3323;3340;11.08;0.68;214.54;3.51;659;39;1129.00;17
2668;39;628167395;2668;176;3324;3340;11.10;0.68;214.35;3.53;656;39;1130.00;16
2670;39;628167404;2670;164;3325;3341;11.13;0.68;214.36;3.53;655;39;1131.00;16
2671;39;628167417;2671;154;3328;3345;11.18;0.68;214.30;3.52;657;39;1132.00;17
2672;39;628167431;2672;143;3328;3345;11.29;0.68;214.29;3.52;656;39;1133.00;17
2674;39;628167447;2674;136;3332;3348;11.40;0.69;214.36;3.55;658;39;1134.00;16
2677;39;628167463;2677;133;3333;3348;11.51;0.70;214.27;3.55;656;39;1135.00;15
2678;39;628167477;2678;123;3333;3348;11.59;0.70;214.29;3.55;655;39;1136.00;15
2680;39;628167491;2680;118;3335;3348;11.60;0.70;214.26;3.58;655;39;1137.00;13
2682;39;628167520;2682;114;3338;3352;11.59;0.70;214.15;3.57;656;39;1138.00;14
2684;39;628167533;2684;114;3338;3352;11.62;0.70;214.37;3.57;654;39;1139.00;14
2684;39;628167546;2684;113;3341;3352;11.68;0.71;214.37;3.59;657;39;1140.00;11
2685;39;628167563;2685;110;3341;3352;11.77;0.71;214.37;3.59;656;39;1141.00;11
2685;39;628167581;2685;111;3341;3353;11.81;0.72;214.37;3.59;656;39;1142.00;12
2687;39;628167592;2687;115;3342;3354;11.92;0.72;214.38;3.59;655;39;1143.00;12
2688;39;628167602;2688;116;3342;3354;11.92;0.72;214.37;3.59;654;39;1144.00;12
2690;39;628167612;2690;120;3343;3355;11.80;0.72;214.42;3.59;653;39;1145.00;12
2691;39;628167622;2691;121;3343;3355;11.78;0.72;214.39;3.59;652;39;1146.00;12
2692;39;628167632;2692;125;3343;3355;11.78;0.72;214.39;3.59;651;39;1147.00;12
2695;39;628167641;2695;129;3343;3355;11.65;0.71;214.38;3.59;648;39;1148.00;12
2697;39;628167650;2697;135;3343;3355;11.60;0.70;214.39;3.59;646;39;1149.00;12
2697;39;628167660;2697;140;3345;3355;11.54;0.70;214.39;3.61;648;39;1150.00;10
2698;39;628167669;2698;146;3345;3355;11.49;0.70;214.38;3.61;647;39;1151.00;10
2700;39;628167678;2700;167;3412;3482;11.28;0.70;214.42;3.54;712;39;1152.00;70
2703;39;628167698;2703;164;3418;3483;11.20;0.69;214.44;3.56;715;39;1153.00;65
2705;39;628167708;2705;156;3425;3483;11.20;0.69;214.57;3.55;720;39;1154.00;58
2710;39;628167718;2710;161;3432;3483;11.14;0.69;214.58;3.56;722;39;1155.00;51
2710;39;628167728;2710;157;3441;3483;11.06;0.68;214.58;3.57;731;39;1156.00;42
2713;39;628167743;2713;157;3445;3483;10.96;0.67;214.53;3.57;732;39;1157.00;38
2716;39;628167753;2716;160;3448;3483;10.84;0.67;214.53;3.57;732;39;1158.00;35
2719;39;628167762;2719;167;3453;3483;10.83;0.67;214.49;3.58;734;39;1159.00;30
2726;39;628167772;2726;174;3457;3484;10.78;0.66;214.41;3.58;731;39;1160.00;27
2726;39;628167783;2726;175;3462;3485;10.82;0.67;214.41;3.59;736;39;1161.00;23
2730;39;628167792;2730;180;3465;3485;10.76;0.66;214.51;3.59;735;39;1162.00;20
2733;39;628167802;2733;184;3467;3486;10.59;0.65;214.42;3.60;734;39;1163.00;19
2737;39;628167811;2737;195;3468;3486;10.39;0.64;214.44;3.60;731;39;1164.00;18
2739;39;628167821;2739;193;3470;3486;10.19;0.63;214.37;3.61;731;39;1165.00;16
2742;39;628167831;2742;202;3473;3486;10.02;0.62;214.34;3.61;731;39;1166.00;13
2746;39;628167841;2746;209;3477;3490;9.81;0.60;214.65;3.62;731;39;1167.00;13
2749;39;628167852;2749;217;3479;3490;9.57;0.59;214.55;3.62;730;39;1168.00;11
2752;39;628167862;2752;221;3479;3490;9.37;0.58;214.61;3.62;727;39;1169.00;11
2755;39;628167874;2755;226;3483;3496;9.29;0.57;214.61;3.62;728;39;1170.00;13
2758;39;628167885;2758;228;3483;3496;9.19;0.56;214.56;3.62;725;39;1171.00;13
2762;39;628167901;2762;233;3484;3496;9.14;0.56;214.53;3.63;722;39;1172.00;12
2765;39;628167912;2765;235;3488;3500;9.04;0.55;214.47;3.62;723;39;1173.00;12
2766;39;628167921;2766;235;3490;3501;9.07;0.56;214.50;3.62;724;39;1174.00;11
2768;39;628167931;2768;234;3491;3501;9.08;0.56;214.45;3.63;723;39;1175.00;10
2772;39;628167941;2772;237;3495;3505;9.13;0.56;214.37;3.62;723;39;1176.00;10
2773;39;628167952;2773;240;3496;3505;9.15;0.56;214.39;3.62;723;39;1177.00;9
2776;39;628167961;2776;243;3496;3505;9.18;0.56;214.52;3.62;720;39;1178.00;9
2778;39;628167971;2778;243;3498;3506;9.21;0.56;214.49;3.62;720;39;1179.00;8
2780;39;628167981;2780;239;3498;3506;9.22;0.57;214.47;3.62;718;39;1180.00;8
2783;39;628167990;2783;241;3503;3512;9.26;0.57;214.45;3.62;720;39;1181.00;9
2788;39;628168006;2788;243;3503;3512;9.16;0.56;214.38;3.62;715;39;1182.00;9
2794;39;628168015;2794;250;3505;3513;9.08;0.56;214.39;3.62;711;39;1183.00;8
2799;39;628168025;2799;246;3505;3513;9.11;0.56;214.40;3.62;706;39;1184.00;8
2805;39;628168035;2805;251;3506;3513;9.06;0.56;214.49;3.62;701;39;1185.00;7
2812;39;628168044;2812;242;3506;3513;8.96;0.55;214.63;3.62;694;39;1186.00;7
2815;39;628168053;2815;245;3506;3513;8.98;0.55;214.81;3.62;691;39;1187.00;7
2818;39;628168062;2818;238;3517;3525;8.96;0.55;214.98;3.61;699;39;1188.00;8
2822;39;628168072;2822;237;3518;3525;8.90;0.55;215.17;3.61;696;39;1189.00;7
2828;39;628168081;2828;231;3518;3525;8.84;0.54;215.52;3.61;690;39;1190.00;7
2830;39;628168091;2830;225;3518;3525;8.85;0.54;215.66;3.61;688;39;1191.00;7
2836;39;628168100;2836;214;3518;3525;8.86;0.55;215.83;3.61;682;39;1192.00;7
2840;39;628168109;2840;211;3518;3525;8.95;0.55;216.06;3.61;678;39;1193.00;7
2843;39;628168118;2843;211;3522;3529;8.99;0.56;216.26;3.61;679;39;1194.00;7
2850;39;628168127;2850;204;3522;3529;9.06;0.56;216.21;3.61;672;39;1195.00;7
2853;39;628168137;2853;203;3525;3533;9.16;0.56;216.28;3.60;672;39;1196.00;8
2857;39;628168147;2857;193;3526;3534;9.21;0.57;216.34;3.60;669;39;1197.00;8
2860;39;628168157;2860;188;3527;3534;9.34;0.58;216.49;3.60;667;39;1198.00;7
2865;39;628168166;2865;181;3527;3534;9.40;0.58;216.60;3.60;662;39;1199.00;7
2871;39;628168178;2871;179;3550;3575;9.41;0.58;216.90;3.58;679;39;1200.00;25
2878;39;628168196;2878;168;3551;3575;9.52;0.58;217.09;3.58;673;39;1201.00;24
2879;39;628168206;2879;166;3554;3575;9.63;0.59;217.16;3.58;675;39;1202.00;21
2886;39;628168222;2886;164;3556;3576;9.69;0.59;217.29;3.58;670;39;1203.00;20
2891;39;628168232;2891;165;3559;3577;9.67;0.59;217.40;3.58;668;39;1204.00;18
2894;39;628168242;2894;168;3560;3577;9.73;0.59;217.43;3.58;666;39;1205.00;17
2899;39;628168251;2899;168;3563;3580;9.77;0.60;217.59;3.58;664;39;1206.00;17
2903;39;628168262;2903;167;3563;3580;9.79;0.60;217.63;3.58;660;39;1207.00;17
2906;39;628168272;2906;169;3565;3580;9.78;0.60;217.70;3.58;659;39;1208.00;15
2910;39;628168282;2910;168;3565;3580;9.78;0.60;217.72;3.58;655;39;1209.00;15
2915;39;628168291;2915;170;3569;3586;9.71;0.59;217.82;3.58;654;39;1210.00;17
2920;39;628168301;2920;172;3572;3586;9.57;0.59;217.93;3.58;652;39;1211.00;14
2923;39;628168311;2923;184;3572;3586;9.55;0.58;217.95;3.58;649;39;1212.00;14
2926;39;628168321;2926;176;3573;3586;9.47;0.58;218.06;3.58;647;39;1213.00;13
2932;39;628168330;2932;179;3577;3590;9.45;0.58;218.20;3.57;645;39;1214.00;13
2935;39;628168340;2935;182;3579;3592;9.50;0.58;218.16;3.57;644;39;1215.00;13
2939;39;628168350;2939;189;3580;3592;9.48;0.58;218.26;3.58;641;39;1216.00;12
2941;39;628168367;2941;186;3581;3593;9.51;0.58;218.27;3.58;640;39;1217.00;12
2944;39;628168377;2944;187;3581;3593;9.54;0.58;218.27;3.58;637;39;1218.00;12
2947;39;628168387;2947;191;3581;3593;9.58;0.59;218.31;3.58;634;39;1219.00;12
2950;39;628168397;2950;194;3581;3593;9.62;0.59;218.33;3.58;631;39;1220.00;12
2955;39;628168408;2955;192;3581;3593;9.55;0.58;218.31;3.58;626;39;1221.00;12
2957;39;628168425;2957;198;3582;3593;9.55;0.58;218.25;3.58;625;39;1222.00;11
2961;39;628168435;2961;200;3582;3593;9.51;0.58;218.08;3.58;621;39;1223.00;11
2966;39;628168444;2966;213;3623;3663;9.29;0.57;218.13;3.54;657;39;1224.00;40
2970;39;628168460;2970;210;3624;3664;9.29;0.57;218.14;3.54;654;39;1225.00;40
2974;39;628168470;2974;203;3628;3664;9.34;0.57;218.02;3.54;654;39;1226.00;36
2977;39;628168480;2977;209;3629;3664;9.32;0.57;218.05;3.54;652;39;1227.00;35
2980;39;628168490;2980;215;3634;3666;9.37;0.57;217.99;3.54;654;39;1228.00;32
2983;39;628168499;2983;210;3635;3666;9.36;0.57;217.98;3.55;652;39;1229.00;31
2987;39;628168511;2987;218;3639;3666;9.37;0.57;218.13;3.55;652;39;1230.00;27
2989;39;628168520;2989;221;3641;3666;9.35;0.57;218.18;3.55;652;39;1231.00;25
2992;39;628168529;2992;227;3645;3667;9.27;0.56;218.32;3.55;653;39;1232.00;22
2994;39;628168539;2994;231;3649;3668;9.14;0.56;218.38;3.56;655;39;1233.00;19
2996;39;628168548;2996;240;3654;3668;8.98;0.55;218.36;3.57;658;39;1234.00;14
3000;39;628168557;3000;247;3658;3672;8.80;0.53;218.54;3.57;658;39;1235.00;14
3002;39;628168567;3002;258;3659;3672;8.63;0.52;218.57;3.57;657;39;1236.00;13
3007;39;628168576;3007;253;3660;3672;8.56;0.52;218.72;3.57;653;39;1237.00;12
3008;39;628168585;3008;249;3661;3672;8.51;0.52;218.68;3.58;653;39;1238.00;11
3012;39;628168595;3012;245;3667;3678;8.50;0.52;218.84;3.57;655;39;1239.00;11
3014;39;628168605;3014;239;3668;3678;8.47;0.51;218.77;3.57;654;39;1240.00;10
3016;39;628168615;3016;239;3668;3678;8.53;0.52;218.82;3.57;652;39;1241.00;10
3017;39;628168625;3017;238;3671;3681;8.60;0.52;218.81;3.57;654;39;1242.00;10
3018;39;628168634;3018;241;3671;3681;8.68;0.53;218.81;3.57;653;39;1243.00;10
3021;39;628168644;3021;242;3671;3681;8.67;0.53;218.84;3.57;650;39;1244.00;10
3023;39;628168653;3023;242;3672;3682;8.66;0.52;218.78;3.57;649;39;1245.00;10
3025;39;628168663;3025;228;3673;3683;8.62;0.52;218.82;3.57;648;39;1246.00;10
3026;39;628168678;3026;217;3673;3683;8.68;0.53;218.83;3.57;647;39;1247.00;10
3028;39;628168688;3028;212;3686;3696;8.85;0.54;218.82;3.56;658;39;1248.00;10
3028;39;628168698;3028;197;3686;3696;8.98;0.54;218.82;3.56;658;39;1249.00;10
3032;39;628168708;3032;195;3686;3696;9.04;0.55;218.68;3.56;654;39;1250.00;10
3032;39;628168718;3032;186;3688;3697;9.15;0.56;218.68;3.60;656;39;1251.00;9
3035;39;628168728;3035;181;3688;3697;9.22;0.56;218.63;3.60;653;39;1252.00;9
3035;39;628168738;3035;174;3691;3701;9.35;0.57;218.63;3.60;656;39;1253.00;10
3038;39;628168748;3038;176;3691;3701;9.39;0.57;218.62;3.60;653;39;1254.00;10
3039;39;628168758;3039;175;3696;3705;9.51;0.58;218.60;3.60;657;39;1255.00;9
3043;39;628168769;3043;178;3696;3705;9.55;0.58;218.51;3.60;653;39;1256.00;9
3044;39;628168777;3044;169;3696;3705;9.59;0.58;218.46;3.60;652;39;1257.00;9
3046;39;628168787;3046;171;3696;3705;9.62;0.58;218.41;3.60;650;39;1258.00;9
3048;39;628168796;3048;172;3696;3705;9.68;0.59;218.33;3.60;648;39;1259.00;9
3049;39;628168807;3049;178;3720;3739;9.66;0.59;218.32;3.57;671;39;1260.00;19
3052;39;628168819;3052;178;3720;3739;9.72;0.59;218.30;3.57;668;39;1261.00;19
3053;39;628168829;3053;169;3721;3739;9.74;0.60;218.39;3.57;668;39;1262.00;18
3056;39;628168839;3056;170;3721;3739;9.80;0.60;218.49;3.57;665;39;1263.00;18
3058;39;628168848;3058;172;3722;3739;9.89;0.60;218.39;3.57;664;39;1264.00;17
3060;39;628168858;3060;173;3723;3739;9.93;0.61;218.47;3.57;663;39;1265.00;16
3062;39;628168867;3062;176;3726;3740;9.93;0.61;218.40;3.62;664;39;1266.00;14
3064;39;628168876;3064;178;3726;3740;10.01;0.61;218.35;3.62;662;39;1267.00;14
3065;39;628168896;3065;178;3730;3746;10.09;0.62;218.37;3.62;665;39;1268.00;16
3069;39;628168905;3069;182;3731;3747;10.08;0.61;218.29;3.62;662;39;1269.00;16
3070;39;628168921;3070;179;3732;3747;10.05;0.61;218.29;3.62;662;39;1270.00;15
3070;39;628168930;3070;185;3732;3747;10.05;0.61;218.29;3.62;662;39;1271.00;15
3074;39;628168938;3074;187;3736;3751;10.07;0.61;218.20;3.62;662;39;1272.00;15
3074;39;628168947;3074;191;3736;3751;10.09;0.61;218.20;3.62;662;39;1273.00;15
3075;39;628168961;3075;193;3736;3751;10.12;0.62;218.19;3.62;661;39;1274.00;15
3076;39;628168970;3076;193;3738;3752;10.10;0.61;218.13;3.62;662;39;1275.00;14
3078;39;628168978;3078;194;3741;3756;10.07;0.61;218.06;3.62;663;39;1276.00;15
3082;39;628168987;3082;196;3741;3756;10.10;0.61;218.10;3.62;659;39;1277.00;15
3082;39;628168996;3082;200;3743;3759;10.14;0.62;218.10;3.62;661;39;1278.00;16
3085;39;628169004;3085;203;3743;3759;10.13;0.62;218.06;3.62;658;39;1279.00;16
3086;39;628169013;3086;206;3744;3759;10.17;0.62;218.01;3.62;658;39;1280.00;15
3088;39;628169021;3088;211;3744;3759;10.16;0.62;218.00;3.62;656;39;1281.00;15
3090;39;628169029;3090;209;3747;3763;10.16;0.62;217.95;3.61;657;39;1282.00;16
3094;39;628169038;3094;192;3748;3763;10.24;0.62;217.98;3.61;654;39;1283.00;15
3096;39;628169046;3096;183;3748;3763;10.28;0.62;217.94;3.61;652;39;1284.00;15
3098;39;628169055;3098;179;3748;3763;10.35;0.62;217.89;3.61;650;39;1285.00;15
3098;39;628169063;3098;171;3748;3764;10.45;0.63;217.89;3.61;650;39;1286.00;16
3098;39;628169071;3098;167;3749;3765;10.52;0.64;217.89;3.61;651;39;1287.00;16
3100;39;628169080;3100;159;3749;3765;10.56;0.64;217.88;3.61;649;39;1288.00;16
3101;39;628169088;3101;155;3750;3766;10.59;0.64;217.85;3.61;649;39;1289.00;16
3102;39;628169099;3102;145;3750;3766;10.60;0.64;217.82;3.61;648;39;1290.00;16
3103;39;628169108;3103;138;3751;3766;10.67;0.65;217.80;3.67;648;39;1291.00;15
3107;39;628169116;3107;125;3751;3766;10.76;0.65;217.78;3.67;644;39;1292.00;15
3108;39;628169130;3108;121;3751;3766;10.91;0.66;217.78;3.67;643;39;1293.00;15
3111;39;628169139;3111;116;3752;3766;10.98;0.67;217.73;3.68;641;39;1294.00;14
3112;39;628169148;3112;116;3752;3766;11.17;0.68;217.68;3.68;640;39;1295.00;14
3115;39;628169157;3115;121;3813;3893;11.07;0.68;217.64;3.63;698;39;1296.00;80
3117;39;628169176;3117;108;3814;3894;11.14;0.68;217.66;3.63;697;39;1297.00;80
3118;39;628169186;3118;99;3820;3894;11.28;0.69;217.64;3.62;702;39;1298.00;74
3119;39;628169195;3119;97;3823;3894;11.36;0.70;217.61;3.62;704;39;1299.00;71
3121;39;628169205;3121;95;3827;3894;11.45;0.70;217.55;3.62;706;39;1300.00;67
3121;39;628169218;3121;90;3830;3894;11.51;0.71;217.55;3.62;709;39;1301.00;64
3123;39;628169228;3123;83;3833;3894;11.59;0.71;217.55;3.63;710;39;1302.00;61
3124;39;628169237;3124;85;3835;3894;11.69;0.72;217.67;3.63;711;39;1303.00;59
3127;39;628169247;3127;84;3839;3895;11.86;0.73;217.76;3.63;712;39;1304.00;56
3131;39;628169257;3131;90;3842;3897;11.89;0.73;217.68;3.63;711;39;1305.00;55
3136;39;628169273;3136;92;3848;3897;12.01;0.73;217.65;3.70;712;39;1306.00;49
3139;39;628169283;3139;94;3851;3898;12.09;0.74;217.63;3.71;712;39;1307.00;47
3140;39;628169293;3140;96;3856;3898;12.16;0.74;217.61;3.72;716;39;1308.00;42
3143;39;628169303;3143;94;3860;3898;12.17;0.74;217.63;3.73;717;39;1309.00;38
3146;39;628169313;3146;100;3865;3898;12.10;0.74;217.54;3.74;719;39;1310.00;33
3148;39;628169323;3148;106;3868;3902;12.08;0.74;217.60;3.74;720;39;1311.00;34
3154;39;628169338;3154;103;3872;3902;11.90;0.73;217.58;3.75;718;39;1312.00;30
3157;39;628169355;3157;112;3873;3902;11.72;0.71;217.60;3.76;716;39;1313.00;29
3158;39;628169365;3158;120;3878;3905;11.65;0.71;217.58;3.76;720;39;1314.00;27
3160;39;628169376;3160;120;3881;3905;11.45;0.70;217.60;3.78;721;39;1315.00;24
3165;39;628169386;3165;125;3883;3905;11.31;0.69;217.74;3.78;718;39;1316.00;22
3168;39;628169397;3168;134;3886;3909;11.13;0.68;217.65;3.78;718;39;1317.00;23
3172;39;628169407;3172;141;3888;3910;11.05;0.67;217.79;3.78;716;39;1318.00;22
3174;39;628169423;3174;151;3889;3910;10.98;0.67;217.92;3.78;715;39;1319.00;21
3175;39;628169444;3175;157;3894;3915;10.94;0.67;217.90;3.79;719;39;1320.00;21
3178;39;628169460;3178;165;3894;3915;10.89;0.66;217.91;3.79;716;39;1321.00;21
3179;39;628169478;3179;173;3894;3915;10.85;0.66;217.99;3.79;715;39;1322.00;21
3184;39;628169493;3184;176;3896;3916;10.81;0.66;218.03;3.80;712;39;1323.00;20
3187;39;628169509;3187;180;3897;3916;10.71;0.65;218.12;3.81;710;39;1324.00;19
3189;39;628169525;3189;182;3902;3922;10.67;0.65;218.11;3.80;713;39;1325.00;20
3192;39;628169538;3192;186;3904;3922;10.54;0.64;218.07;3.81;712;39;1326.00;18
3195;39;628169549;3195;191;3904;3923;10.42;0.63;218.13;3.81;709;39;1327.00;19
3196;39;628169560;3196;196;3905;3923;10.29;0.63;218.14;3.82;709;39;1328.00;18
3201;39;628169571;3201;201;3905;3923;10.16;0.62;218.15;3.82;704;39;1329.00;18
3203;39;628169581;3203;201;3907;3923;10.08;0.62;218.10;3.84;704;39;1330.00;16
3208;39;628169592;3208;208;3908;3923;9.98;0.61;218.03;3.84;700;39;1331.00;15
3210;39;628169603;3210;218;3919;3935;9.97;0.61;217.99;3.84;709;39;1332.00;16
3211;39;628169614;3211;218;3920;3935;9.86;0.60;217.99;3.85;709;39;1333.00;15
3213;39;628169624;3213;222;3922;3935;9.78;0.60;217.96;3.85;709;39;1334.00;13
3216;39;628169634;3216;223;3922;3935;9.68;0.59;217.98;3.85;706;39;1335.00;13
3218;39;628169644;3218;230;3925;3935;9.54;0.58;217.96;3.86;707;39;1336.00;10
3221;39;628169654;3221;240;3925;3935;9.37;0.57;217.95;3.86;704;39;1337.00;10
3224;39;628169663;3224;244;3929;3939;9.27;0.57;217.91;3.85;705;39;1338.00;10
3226;39;628169673;3226;234;3929;3939;9.22;0.56;217.86;3.85;703;39;1339.00;10
3229;39;628169683;3229;236;3932;3943;9.14;0.56;218.00;3.85;703;39;1340.00;11
3232;39;628169694;3232;235;3933;3944;9.13;0.56;217.94;3.85;701;39;1341.00;11
3232;39;628169704;3232;236;3934;3944;9.12;0.56;217.94;3.85;702;39;1342.00;10
3238;39;628169713;3238;237;3934;3944;9.08;0.56;217.96;3.85;696;39;1343.00;10
3240;39;628169724;3240;236;3946;3957;9.02;0.55;217.99;3.84;706;39;1344.00;11
3243;39;628169736;3243;233;3946;3957;9.00;0.55;217.86;3.84;703;39;1345.00;11
3245;39;628169746;3245;236;3947;3957;9.01;0.55;217.84;3.84;702;39;1346.00;10
3247;39;628169756;3247;233;3948;3958;9.10;0.56;217.86;3.84;701;39;1347.00;10
3250;39;628169765;3250;230;3949;3959;9.15;0.56;218.00;3.84;699;39;1348.00;10
3253;39;628169775;3253;231;3949;3959;9.21;0.57;217.99;3.84;696;39;1349.00;10
3256;39;628169786;3256;227;3952;3968;9.25;0.57;218.12;3.83;696;39;1350.00;16
3258;39;628169796;3258;227;3953;3968;9.22;0.57;218.16;3.83;695;39;1351.00;15
3263;39;628169805;3263;222;3954;3968;9.18;0.56;218.25;3.83;691;39;1352.00;14
3268;39;628169815;3268;224;3954;3968;9.12;0.56;218.31;3.83;686;39;1353.00;14
3270;39;628169825;3270;222;3959;3974;9.10;0.56;218.43;3.83;689;39;1354.00;15
3274;39;628169834;3274;221;3959;3974;9.09;0.56;218.54;3.83;685;39;1355.00;15
3281;39;628169844;3281;223;3960;3974;8.97;0.55;218.79;3.83;679;39;1356.00;14
3283;39;628169853;3283;226;3962;3974;8.89;0.55;218.71;3.83;679;39;1357.00;12
3290;39;628169862;3290;225;3966;3978;8.70;0.53;218.81;3.83;676;39;1358.00;12
3294;39;628169871;3294;226;3968;3979;8.58;0.53;218.87;3.83;674;39;1359.00;11
3297;39;628169880;3297;222;3968;3979;8.57;0.53;218.95;3.83;671;39;1360.00;11
3305;39;628169889;3305;222;3969;3980;8.51;0.52;219.24;3.83;664;39;1361.00;11
3308;39;628169898;3308;221;3969;3980;8.51;0.52;219.15;3.83;661;39;1362.00;11
3312;39;628169906;3312;224;3969;3980;8.49;0.52;219.30;3.83;657;39;1363.00;11
3319;39;628169914;3319;223;3969;3980;8.49;0.52;219.31;3.83;650;39;1364.00;11
3322;39;628169929;3322;223;3969;3980;8.51;0.52;219.33;3.83;647;39;1365.00;11
3328;39;628169944;3328;221;3969;3980;8.52;0.52;219.47;3.83;641;39;1366.00;11
3331;39;628169953;3331;218;3969;3980;8.51;0.52;219.51;3.83;638;39;1367.00;11
3333;39;628169962;3333;215;4011;4050;8.63;0.53;219.59;3.79;678;39;1368.00;39
3335;39;628169977;3335;215;4016;4051;8.70;0.53;219.58;3.78;681;39;1369.00;35
3339;39;628169986;3339;213;4020;4051;8.81;0.54;219.66;3.78;681;39;1370.00;31
3345;39;628169995;3345;212;4027;4051;8.84;0.54;219.82;3.85;682;39;1371.00;24
3347;39;628170005;3347;212;4031;4051;8.94;0.55;219.84;3.85;684;39;1372.00;20
3350;39;628170018;3350;208;4034;4051;8.93;0.54;219.93;3.85;684;39;1373.00;17
3356;39;628170029;3356;212;4036;4051;8.87;0.54;219.96;3.85;680;39;1374.00;15
3360;39;628170039;3360;209;4036;4051;8.79;0.53;220.00;3.85;676;39;1375.00;15
3366;39;628170048;3366;208;4039;4052;8.69;0.53;220.06;3.86;673;39;1376.00;13
3369;39;628170057;3369;213;4040;4053;8.58;0.52;220.13;3.85;671;39;1377.00;13
3374;39;628170066;3374;214;4041;4053;8.46;0.51;220.10;3.86;667;39;1378.00;12
3378;39;628170075;3378;220;4044;4057;8.36;0.51;220.13;3.85;666;39;1379.00;13
3381;39;628170086;3381;223;4044;4057;8.28;0.50;220.17;3.85;663;39;1380.00;13
3385;39;628170096;3385;221;4044;4057;8.25;0.50;220.11;3.85;659;39;1381.00;13
3388;39;628170106;3388;222;4044;4057;8.29;0.51;220.24;3.85;656;39;1382.00;13
3392;39;628170115;3392;217;4049;4063;8.26;0.50;220.27;3.85;657;39;1383.00;14
3392;39;628170125;3392;213;4050;4063;8.30;0.51;220.27;3.85;658;39;1384.00;13
3396;39;628170135;3396;212;4050;4063;8.29;0.51;220.40;3.85;654;39;1385.00;13
3400;39;628170156;3400;214;4053;4066;8.41;0.51;220.39;3.85;653;39;1386.00;13
3402;39;628170166;3402;214;4053;4066;8.44;0.51;220.31;3.85;651;39;1387.00;13
3406;39;628170175;3406;220;4055;4066;8.39;0.51;220.43;3.86;649;39;1388.00;11
3409;39;628170185;3409;221;4056;4067;8.33;0.51;220.55;3.86;647;39;1389.00;11
3414;39;628170194;3414;224;4058;4068;8.22;0.50;220.67;3.86;644;39;1390.00;10
3418;39;628170203;3418;230;4058;4068;8.17;0.50;220.71;3.86;640;39;1391.00;10
3420;39;628170211;3420;230;4071;4081;8.22;0.50;220.82;3.85;651;39;1392.00;10
3424;39;628170222;3424;232;4071;4081;8.13;0.50;220.94;3.85;647;39;1393.00;10
3426;39;628170231;3426;236;4072;4081;8.11;0.50;220.98;3.91;646;39;1394.00;9
3429;39;628170239;3429;239;4074;4083;8.16;0.50;221.16;3.90;645;39;1395.00;9
3433;39;628170248;3433;246;4074;4083;8.11;0.50;221.16;3.90;641;39;1396.00;9
3434;39;628170264;3434;255;4077;4087;8.12;0.50;221.10;3.90;643;39;1397.00;10
3437;39;628170274;3437;256;4077;4087;8.08;0.49;221.12;3.90;640;39;1398.00;10
3437;39;628170283;3437;264;4082;4091;8.09;0.49;221.12;3.90;645;39;1399.00;9
3440;39;628170293;3440;272;4082;4091;7.99;0.49;221.23;3.90;642;39;1400.00;9
3440;39;628170307;3440;273;4082;4091;7.93;0.49;221.23;3.90;642;39;1401.00;9
3443;39;628170316;3443;273;4082;4091;7.87;0.48;221.21;3.90;639;39;1402.00;9
3448;39;628170325;3448;280;4082;4091;7.75;0.47;221.27;3.90;634;39;1403.00;9
3449;39;628170334;3449;288;4093;4103;7.76;0.47;221.29;3.89;644;39;1404.00;10
3451;39;628170343;3451;294;4093;4103;7.71;0.47;221.24;3.89;642;39;1405.00;10
3452;39;628170351;3452;296;4094;4103;7.73;0.47;221.20;3.89;642;39;1406.00;9
3456;39;628170360;3456;288;4094;4103;7.71;0.47;221.20;3.89;638;39;1407.00;9
3456;39;628170368;3456;283;4094;4103;7.70;0.47;221.20;3.89;638;39;1408.00;9
3459;39;628170377;3459;284;4094;4103;7.70;0.47;221.39;3.89;635;39;1409.00;9
3461;39;628170388;3461;277;4095;4104;7.67;0.47;221.34;3.89;634;39;1410.00;9
3465;39;628170397;3465;272;4095;4104;7.66;0.47;221.19;3.89;630;39;1411.00;9
3469;39;628170405;3469;266;4100;4110;7.70;0.47;221.08;3.88;631;39;1412.00;10
3471;39;628170416;3471;265;4101;4111;7.76;0.47;221.06;3.88;630;39;1413.00;10
3474;39;628170425;3474;268;4102;4111;7.77;0.47;220.99;3.88;628;39;1414.00;9
3475;39;628170434;3475;273;4102;4111;7.74;0.47;220.95;3.88;627;39;1415.00;9
3477;39;628170443;3477;256;4106;4115;7.80;0.48;220.93;3.88;629;39;1416.00;9
3481;39;628170452;3481;244;4106;4115;7.85;0.48;220.87;3.88;625;39;1417.00;9
3482;39;628170462;3482;233;4106;4115;7.86;0.48;220.81;3.88;624;39;1418.00;9
3485;39;628170472;3485;223;4107;4116;7.92;0.48;220.80;3.88;622;39;1419.00;9
3485;39;628170481;3485;213;4111;4120;8.07;0.49;220.80;3.88;626;39;1420.00;9
3488;39;628170491;3488;205;4111;4120;8.20;0.50;220.68;3.88;623;39;1421.00;9
3489;39;628170499;3489;201;4113;4123;8.45;0.52;220.69;3.87;624;39;1422.00;10
3492;39;628170508;3492;199;4113;4123;8.60;0.53;220.67;3.87;621;39;1423.00;10
3492;39;628170517;3492;192;4114;4123;8.76;0.54;220.67;3.87;622;39;1424.00;9
3493;39;628170526;3493;191;4114;4123;8.91;0.54;220.66;3.87;621;39;1425.00;9
3496;39;628170535;3496;189;4117;4127;9.06;0.55;220.66;3.87;621;39;1426.00;10
3499;39;628170544;3499;193;4117;4127;9.08;0.55;220.61;3.87;618;39;1427.00;10
3501;39;628170552;3501;191;4118;4127;9.16;0.56;220.58;3.87;617;39;1428.00;9
3502;39;628170561;3502;189;4118;4127;9.21;0.56;220.52;3.87;616;39;1429.00;9
3505;39;628170569;3505;185;4119;4128;9.25;0.56;220.47;3.87;614;39;1430.00;9
3506;39;628170577;3506;185;4120;4129;9.24;0.56;220.46;3.87;614;39;1431.00;9
3506;39;628170586;3506;183;4120;4129;9.32;0.57;220.46;3.87;614;39;1432.00;9
3506;40;628170594;3506;183;4121;4130;9.44;0.57;220.46;3.87;615;40;1433.00;9
3506;40;628170613;3506;184;4121;4130;9.49;0.58;220.46;3.87;615;40;1434.00;9
3506;40;628170620;3506;166;4121;4130;9.65;0.59;220.46;3.87;615;40;1435.00;9
3507;40;628170629;3507;154;4121;4130;9.83;0.60;220.43;3.87;614;40;1436.00;9
3508;40;628170638;3508;145;4121;4130;10.00;0.61;220.43;3.87;613;40;1437.00;9
3508;41;628170647;3508;135;4121;4130;10.21;0.62;220.43;3.87;613;41;1438.00;9
3510;42;628170670;3510;127;4121;4130;10.42;0.63;220.40;3.87;611;42;1439.00;9
3513;42;628170689;3513;167;4234;4360;10.16;0.63;220.33;3.77;721;42;1440.00;126
3514;42;628170723;3514;153;4236;4361;10.37;0.65;220.31;3.76;722;42;1441.00;125
3516;42;628170738;3516;138;4245;4361;10.62;0.66;220.27;3.76;729;42;1442.00;116
3519;43;628170748;3519;128;4250;4361;10.77;0.67;220.25;3.76;731;43;1443.00;111
3519;43;628170772;3519;122;4258;4361;10.90;0.68;220.25;3.76;739;43;1444.00;103
3521;43;628170781;3521;117;4264;4361;10.91;0.68;220.20;3.83;743;43;1445.00;97
3521;43;628170797;3521;116;4266;4361;11.04;0.68;220.20;3.83;745;43;1446.00;95
3522;43;628170806;3522;118;4273;4361;11.20;0.69;220.18;3.84;751;43;1447.00;88
3523;43;628170816;3523;119;4276;4362;11.29;0.70;220.14;3.84;753;43;1448.00;86
3523;43;628170832;3523;121;4283;4363;11.35;0.70;220.14;3.85;760;43;1449.00;80
3523;43;628170848;3523;126;4287;4363;11.42;0.70;220.14;3.85;764;43;1450.00;76
3528;43;628170860;3528;136;4291;4364;11.41;0.70;220.14;3.86;763;43;1451.00;73
3528;43;628170871;3528;141;4295;4364;11.33;0.70;220.14;3.87;767;43;1452.00;69
3533;43;628170882;3533;145;4298;4364;11.24;0.69;220.10;3.87;765;43;1453.00;66
3536;43;628170894;3536;153;4300;4364;11.21;0.69;220.10;3.88;764;43;1454.00;64
3537;43;628170910;3537;156;4303;4368;11.15;0.68;220.06;3.88;766;43;1455.00;65
3539;43;628170921;3539;158;4304;4368;11.13;0.68;220.06;3.88;765;43;1456.00;64
3540;43;628170932;3540;160;4306;4368;11.09;0.68;220.10;3.89;766;43;1457.00;62
3542;43;628170942;3542;166;4310;4371;11.09;0.68;220.16;3.90;768;43;1458.00;61
3544;43;628170953;3544;166;4312;4371;11.14;0.68;220.13;3.90;768;43;1459.00;59
3548;43;628170963;3548;169;4313;4371;11.18;0.68;220.06;3.96;765;43;1460.00;58
3549;43;628170974;3549;170;4317;4375;11.20;0.68;220.01;3.96;768;43;1461.00;58
3553;43;628170991;3553;164;4321;4376;11.19;0.68;220.24;3.97;768;43;1462.00;55
3555;43;628171001;3555;163;4321;4376;11.19;0.68;220.22;3.97;766;43;1463.00;55
3559;43;628171012;3559;165;4324;4380;11.20;0.68;220.31;3.97;765;43;1464.00;56
3565;43;628171022;3565;157;4326;4380;11.14;0.68;220.38;3.98;761;43;1465.00;54
3568;43;628171034;3568;150;4327;4380;11.13;0.68;220.35;3.98;759;43;1466.00;53
3570;43;628171045;3570;152;4328;4381;11.18;0.68;220.43;3.98;758;43;1467.00;53
3574;43;628171062;3574;147;4329;4381;11.22;0.68;220.54;4.04;755;43;1468.00;52
3575;43;628171072;3575;139;4332;4387;11.35;0.69;220.51;4.05;757;43;1469.00;55
3579;43;628171085;3579;133;4332;4387;11.38;0.69;220.56;4.05;753;43;1470.00;55
3583;43;628171097;3583;133;4333;4388;11.44;0.70;220.62;4.10;750;43;1471.00;55
3584;43;628171108;3584;129;4334;4388;11.50;0.70;220.68;4.10;750;43;1472.00;54
3587;43;628171119;3587;128;4337;4388;11.50;0.70;220.89;4.15;750;43;1473.00;51
3589;43;628171130;3589;131;4337;4388;11.53;0.70;220.97;4.15;748;43;1474.00;51
3594;43;628171141;3594;133;4337;4388;11.56;0.70;220.94;4.15;743;43;1475.00;51
3597;43;628171153;3597;136;4348;4400;11.63;0.71;221.06;4.14;751;43;1476.00;52
3602;43;628171165;3602;138;4350;4400;11.68;0.71;221.00;4.20;748;43;1477.00;50
3605;43;628171176;3605;143;4350;4400;11.71;0.71;221.04;4.20;745;43;1478.00;50
3609;43;628171187;3609;145;4350;4400;11.61;0.70;220.95;4.20;741;43;1479.00;50
3610;43;628171198;3610;150;4352;4400;11.58;0.70;220.92;4.21;742;43;1480.00;48
3612;43;628171208;3612;151;4353;4400;11.51;0.70;220.94;4.22;741;43;1481.00;47
3613;44;628171219;3613;153;4356;4404;11.41;0.69;220.94;4.21;743;44;1482.00;48
3614;44;628171240;3614;156;4356;4404;11.41;0.69;221.05;4.21;742;44;1483.00;48
3618;44;628171251;3618;164;4360;4408;11.37;0.69;221.25;4.22;742;44;1484.00;48
3620;44;628171267;3620;166;4362;4410;11.33;0.69;221.25;4.22;742;44;1485.00;48
3624;45;628171278;3624;170;4364;4410;11.28;0.68;221.43;4.23;740;45;1486.00;46
3628;45;628171306;3628;176;4364;4410;11.21;0.68;221.54;4.23;736;45;1487.00;46
3629;45;628171317;3629;184;4374;4423;11.09;0.67;221.53;4.23;745;45;1488.00;49
3630;45;628171335;3630;191;4374;4423;11.03;0.67;221.58;4.23;744;45;1489.00;49
3632;45;628171345;3632;194;4377;4423;10.93;0.66;221.58;4.26;745;45;1490.00;46
3634;45;628171356;3634;197;4378;4424;10.81;0.66;221.58;4.26;744;45;1491.00;46
3637;45;628171367;3637;202;4379;4425;10.68;0.65;221.56;4.27;742;45;1492.00;46
3640;45;628171377;3640;210;4381;4425;10.57;0.65;221.50;4.29;741;45;1493.00;44
3643;45;628171388;3643;214;4384;4428;10.54;0.64;221.49;4.30;741;45;1494.00;44
3649;45;628171398;3649;222;4386;4428;10.48;0.64;221.56;4.32;737;45;1495.00;42
3652;45;628171410;3652;230;4388;4428;10.38;0.63;221.44;4.34;736;45;1496.00;40
3653;45;628171427;3653;236;4390;4428;10.29;0.63;221.44;4.36;737;45;1497.00;38
3658;45;628171453;3658;240;4395;4434;10.25;0.62;221.37;4.36;737;45;1498.00;39
3661;45;628171471;3661;247;4399;4434;10.06;0.61;221.41;4.41;738;45;1499.00;35
3662;45;628171492;3662;255;4404;4453;9.91;0.60;221.43;4.42;742;45;1500.00;49
3667;45;628171520;3667;258;4407;4453;9.78;0.59;221.47;4.45;740;45;1501.00;46
3667;45;628171535;3667;268;4412;4457;9.68;0.59;221.47;4.45;745;45;1502.00;45
3670;45;628171546;3670;273;4415;4458;9.56;0.58;221.53;4.47;745;45;1503.00;43
3671;45;628171557;3671;279;4417;4458;9.41;0.57;221.49;4.48;746;45;1504.00;41
3673;46;628171568;3673;285;4419;4459;9.34;0.57;221.43;4.48;746;46;1505.00;40
3674;46;628171598;3674;291;4423;4459;9.20;0.56;221.42;4.49;749;46;1506.00;36
3676;46;628171609;3676;294;4424;4459;9.09;0.55;221.42;4.49;748;46;1507.00;35
3678;46;628171621;3678;299;4426;4459;8.94;0.54;221.41;4.50;748;46;1508.00;33
3681;46;628171631;3681;294;4426;4459;8.81;0.54;221.40;4.50;745;46;1509.00;33
3681;46;628171642;3681;297;4428;4459;8.75;0.53;221.40;4.50;747;46;1510.00;31
3684;46;628171653;3684;293;4428;4459;8.65;0.53;221.37;4.50;744;46;1511.00;31
3684;46;628171664;3684;296;4460;4529;8.60;0.53;221.37;4.47;776;46;1512.00;69
3687;46;628171683;3687;298;4462;4530;8.52;0.52;221.32;4.47;775;46;1513.00;68
3690;46;628171693;3690;290;4468;4530;8.57;0.53;221.29;4.47;778;46;1514.00;62
3692;46;628171704;3692;286;4472;4530;8.58;0.53;221.26;4.47;780;46;1515.00;58
3695;46;628171714;3695;290;4483;4530;8.60;0.53;221.34;4.48;788;46;1516.00;47
3699;46;628171725;3699;288;4486;4530;8.72;0.53;221.25;4.48;787;46;1517.00;44
3702;46;628171736;3702;287;4489;4530;8.80;0.54;221.26;4.48;787;46;1518.00;41
3707;46;628171747;3707;282;4490;4530;8.84;0.54;221.31;4.48;783;46;1519.00;40
3710;46;628171758;3710;285;4492;4531;8.86;0.54;221.21;4.48;782;46;1520.00;39
3713;46;628171769;3713;282;4494;4532;8.89;0.54;221.21;4.48;781;46;1521.00;38
3716;46;628171780;3716;278;4496;4532;8.87;0.54;221.27;4.48;780;46;1522.00;36
3721;46;628171790;3721;279;4499;4536;8.79;0.54;221.38;4.48;778;46;1523.00;37
3724;46;628171800;3724;276;4499;4536;8.77;0.54;221.47;4.48;775;46;1524.00;37
3729;46;628171811;3729;278;4499;4536;8.69;0.53;221.60;4.48;770;46;1525.00;37
3735;46;628171822;3735;272;4499;4536;8.59;0.53;221.62;4.48;764;46;1526.00;37
3740;46;628171833;3740;276;4503;4542;8.48;0.52;221.78;4.48;763;46;1527.00;39
3744;46;628171845;3744;281;4504;4542;8.23;0.50;221.87;4.48;760;46;1528.00;38
3748;46;628171855;3748;282;4505;4542;8.00;0.49;221.91;4.49;757;46;1529.00;37
3751;46;628171867;3751;277;4508;4548;7.87;0.48;221.99;4.48;757;46;1530.00;40
3753;46;628171878;3753;279;4508;4548;7.77;0.48;222.11;4.48;755;46;1531.00;40
3757;46;628171888;3757;278;4508;4548;7.72;0.47;222.24;4.48;751;46;1532.00;40
3758;46;628171898;3758;270;4509;4549;7.70;0.47;222.20;4.48;751;46;1533.00;40
3762;46;628171908;3762;266;4511;4550;7.69;0.47;222.23;4.49;749;46;1534.00;39
3766;46;628171918;3766;264;4512;4550;7.66;0.47;222.29;4.50;746;46;1535.00;38
3770;46;628171928;3770;265;4524;4563;7.70;0.47;222.19;4.49;754;46;1536.00;39
3775;46;628171939;3775;263;4525;4563;7.78;0.48;222.27;4.49;750;46;1537.00;38
3779;46;628171950;3779;257;4525;4563;7.86;0.48;222.29;4.49;746;46;1538.00;38
3782;46;628171960;3782;250;4528;4564;7.96;0.49;222.28;4.50;746;46;1539.00;36
3787;46;628171971;3787;246;4530;4564;8.03;0.49;222.38;4.51;743;46;1540.00;34
3791;46;628171981;3791;244;4533;4568;8.09;0.50;222.42;4.52;742;46;1541.00;35
3794;46;628171992;3794;238;4534;4568;8.16;0.50;222.51;4.52;740;46;1542.00;34
3797;46;628172002;3797;233;4538;4572;8.16;0.50;222.55;4.52;741;46;1543.00;34
3799;46;628172012;3799;234;4540;4572;8.13;0.50;222.56;4.53;741;46;1544.00;32
3801;46;628172023;3801;231;4540;4572;8.20;0.51;222.55;4.53;739;46;1545.00;32
3805;46;628172033;3805;230;4541;4572;8.24;0.51;222.57;4.54;736;46;1546.00;31
3809;46;628172043;3809;234;4541;4572;8.20;0.50;222.48;4.54;732;46;1547.00;31
3816;46;628172052;3816;225;4550;4584;8.18;0.50;222.52;4.53;734;46;1548.00;34
3821;46;628172064;3821;225;4552;4584;8.10;0.50;222.50;4.53;731;46;1549.00;32
3823;46;628172074;3823;228;4553;4584;8.06;0.49;222.56;4.53;730;46;1550.00;31
3825;46;628172084;3825;222;4554;4584;8.06;0.49;222.61;4.54;729;46;1551.00;30
3829;46;628172101;3829;222;4555;4584;8.04;0.49;222.62;4.55;726;46;1552.00;29
3832;46;628172111;3832;226;4555;4584;7.97;0.49;222.65;4.55;723;46;1553.00;29
3834;46;628172121;3834;231;4557;4585;7.89;0.48;222.70;4.55;723;46;1554.00;28
3839;46;628172131;3839;233;4558;4587;7.83;0.48;222.57;4.55;719;46;1555.00;29
3843;46;628172142;3843;241;4563;4593;7.83;0.48;222.56;4.55;720;46;1556.00;30
3844;46;628172152;3844;244;4564;4594;7.84;0.48;222.59;4.55;720;46;1557.00;30
3846;46;628172162;3846;249;4565;4594;7.80;0.48;222.59;4.56;719;46;1558.00;29
3849;46;628172172;3849;255;4567;4594;7.75;0.47;222.71;4.57;718;46;1559.00;27
3857;46;628172183;3857;258;4572;4599;7.64;0.47;222.71;4.56;715;46;1560.00;27
3862;46;628172194;3862;264;4573;4599;7.58;0.46;222.59;4.57;711;46;1561.00;26
3865;46;628172204;3865;268;4574;4599;7.55;0.46;222.49;4.57;709;46;1562.00;25
3867;46;628172214;3867;283;4575;4600;7.56;0.46;222.49;4.57;708;46;1563.00;25
3869;46;628172224;3869;279;4580;4604;7.58;0.46;222.47;4.57;711;46;1564.00;24
3872;46;628172233;3872;282;4580;4604;7.53;0.46;222.38;4.57;708;46;1565.00;24
3877;46;628172243;3877;284;4584;4607;7.51;0.46;222.31;4.63;707;46;1566.00;23
3880;46;628172254;3880;288;4584;4607;7.51;0.46;222.46;4.63;704;46;1567.00;23
3882;46;628172264;3882;291;4586;4607;7.51;0.46;222.41;4.64;704;46;1568.00;21
3885;46;628172273;3885;297;4586;4607;7.44;0.46;222.41;4.64;701;46;1569.00;21
3888;46;628172283;3888;304;4590;4611;7.37;0.45;222.36;4.64;702;46;1570.00;21
3891;46;628172292;3891;314;4590;4611;7.27;0.45;222.34;4.64;699;46;1571.00;21
3893;46;628172302;3893;317;4591;4611;7.24;0.44;222.26;4.64;698;46;1572.00;20
3895;46;628172310;3895;325;4592;4611;7.24;0.44;222.30;4.64;697;46;1573.00;19
3900;46;628172320;3900;332;4593;4612;7.16;0.44;222.31;4.63;693;46;1574.00;19
3903;46;628172329;3903;337;4595;4614;7.16;0.44;222.39;4.63;692;46;1575.00;19
3903;46;628172339;3903;341;4595;4614;7.10;0.43;222.39;4.63;692;46;1576.00;19
3905;46;628172348;3905;334;4596;4615;7.19;0.44;222.39;4.63;691;46;1577.00;19
3907;46;628172358;3907;326;4596;4615;7.16;0.44;222.35;4.63;689;46;1578.00;19
3909;46;628172367;3909;323;4596;4615;7.17;0.44;222.43;4.63;687;46;1579.00;19
3910;46;628172377;3910;315;4596;4615;7.23;0.44;222.41;4.63;686;46;1580.00;19
3914;46;628172386;3914;316;4596;4615;7.29;0.44;222.44;4.63;682;46;1581.00;19
3917;46;628172396;3917;317;4596;4615;7.31;0.45;222.72;4.63;679;46;1582.00;19
3919;46;628172406;3919;313;4596;4615;7.36;0.45;222.85;4.63;677;46;1583.00;19
3920;46;628172416;3920;330;4668;4742;7.66;0.47;222.89;4.56;748;46;1584.00;74
3921;46;628172436;3921;319;4670;4743;7.72;0.48;222.95;4.56;749;46;1585.00;73
3922;46;628172446;3922;295;4680;4743;7.88;0.49;222.90;4.55;758;46;1586.00;63
3924;46;628172456;3924;268;4685;4743;8.01;0.49;222.95;4.55;761;46;1587.00;58
3927;46;628172467;3927;242;4690;4743;8.17;0.50;222.91;4.55;763;46;1588.00;53
3928;46;628172478;3928;223;4695;4743;8.32;0.51;222.92;4.55;767;46;1589.00;48
3929;46;628172490;3929;209;4699;4743;8.49;0.52;222.95;4.55;770;46;1590.00;44
3929;46;628172500;3929;201;4703;4743;8.60;0.53;222.95;4.56;774;46;1591.00;40
3929;46;628172518;3929;190;4706;4744;8.77;0.54;222.95;4.56;777;46;1592.00;38
3931;46;628172529;3931;180;4709;4745;8.91;0.55;222.92;4.56;778;46;1593.00;36
3933;46;628172546;3933;178;4711;4745;9.04;0.55;222.89;4.56;778;46;1594.00;34
3936;47;628172558;3936;172;4713;4746;9.15;0.56;222.90;4.56;777;47;1595.00;33
3936;47;628172581;3936;173;4714;4746;9.32;0.57;222.90;4.57;778;47;1596.00;32
3939;47;628172593;3939;166;4714;4746;9.44;0.58;222.96;4.57;775;47;1597.00;32
3940;47;628172605;3940;163;4715;4746;9.52;0.58;222.95;4.57;775;47;1598.00;31
3942;47;628172617;3942;156;4718;4750;9.64;0.59;222.92;4.57;776;47;1599.00;32
3943;47;628172630;3943;151;4719;4750;9.74;0.60;222.91;4.57;776;47;1600.00;31
3945;47;628172645;3945;150;4721;4750;9.86;0.60;222.88;4.57;776;47;1601.00;29
3946;47;628172657;3946;151;4723;4753;9.99;0.61;222.86;4.58;777;47;1602.00;30
3946;47;628172669;3946;148;4725;4753;10.07;0.62;222.86;4.58;779;47;1603.00;28
3948;47;628172679;3948;148;4728;4753;10.14;0.62;222.90;4.64;780;47;1604.00;25
3950;47;628172692;3950;144;4732;4757;10.24;0.63;222.80;4.64;782;47;1605.00;25
3954;47;628172703;3954;142;4733;4758;10.37;0.63;222.79;4.64;779;47;1606.00;25
3955;47;628172715;3955;139;4733;4758;10.46;0.64;222.75;4.64;778;47;1607.00;25
3958;47;628172726;3958;140;4736;4762;10.58;0.64;222.90;4.64;778;47;1608.00;26
3959;47;628172739;3959;138;4736;4762;10.63;0.65;222.89;4.64;777;47;1609.00;26
3961;47;628172749;3961;137;4736;4762;10.72;0.65;222.95;4.64;775;47;1610.00;26
3963;47;628172760;3963;134;4737;4763;10.85;0.66;223.02;4.64;774;47;1611.00;26
3964;47;628172772;3964;137;4737;4763;10.96;0.67;223.01;4.64;773;47;1612.00;26
3967;47;628172784;3967;137;4741;4769;11.01;0.67;223.11;4.63;774;47;1613.00;28
3969;47;628172800;3969;140;4742;4769;11.10;0.68;223.16;4.63;773;47;1614.00;27
3970;47;628172817;3970;143;4742;4770;11.22;0.68;223.19;4.63;772;47;1615.00;28
3975;47;628172828;3975;141;4742;4770;11.24;0.68;223.34;4.63;767;47;1616.00;28
3978;47;628172845;3978;142;4742;4770;11.29;0.69;223.39;4.63;764;47;1617.00;28
3980;47;628172856;3980;145;4742;4770;11.30;0.69;223.44;4.63;762;47;1618.00;28
3988;47;628172868;3988;154;4742;4770;11.30;0.69;223.53;4.63;754;47;1619.00;28
3989;47;628172880;3989;154;4764;4806;11.29;0.69;223.55;4.61;775;47;1620.00;42
3993;47;628172894;3993;151;4765;4806;11.33;0.69;223.64;4.61;772;47;1621.00;41
3998;47;628172905;3998;150;4766;4806;11.30;0.69;223.69;4.61;768;47;1622.00;40
4001;47;628172916;4001;148;4767;4806;11.35;0.69;223.66;4.61;766;47;1623.00;39
4006;47;628172927;4006;146;4768;4806;11.34;0.69;223.77;4.61;762;47;1624.00;38
4010;47;628172938;4010;143;4770;4806;11.38;0.69;223.75;4.61;760;47;1625.00;36
4013;47;628172949;4013;151;4773;4810;11.46;0.70;223.87;4.61;760;47;1626.00;37
4016;47;628172959;4016;149;4774;4810;11.59;0.70;223.87;4.61;758;47;1627.00;36
4018;47;628172970;4018;146;4777;4814;11.72;0.71;223.92;4.61;759;47;1628.00;37
4022;47;628172981;4022;144;4780;4815;11.83;0.72;223.92;4.61;758;47;1629.00;35
4025;48;628172993;4025;141;4780;4815;11.88;0.72;223.97;4.61;755;48;1630.00;35
4026;48;628173015;4026;140;4781;4815;11.90;0.72;223.96;4.61;755;48;1631.00;34
4029;48;628173026;4029;139;4791;4828;11.90;0.72;223.97;4.60;762;48;1632.00;37
4032;48;628173037;4032;136;4791;4828;11.90;0.72;223.97;4.60;759;48;1633.00;37
4036;48;628173047;4036;130;4792;4828;11.89;0.72;224.02;4.65;756;48;1634.00;36
4040;48;628173058;4040;129;4794;4829;11.88;0.72;224.06;4.66;754;48;1635.00;35
4044;48;628173070;4044;128;4794;4830;11.93;0.73;224.08;4.66;750;48;1636.00;36
4051;48;628173081;4051;121;4794;4830;12.02;0.73;224.13;4.66;743;48;1637.00;36
4053;48;628173093;4053;121;4796;4833;12.12;0.74;224.13;4.66;743;48;1638.00;37
4056;48;628173109;4056;116;4796;4833;12.15;0.74;224.10;4.66;740;48;1639.00;37
4060;48;628173120;4060;116;4797;4833;12.25;0.74;224.21;4.66;737;48;1640.00;36
4063;48;628173131;4063;119;4797;4833;12.32;0.75;224.15;4.66;734;48;1641.00;36
4066;48;628173142;4066;121;4801;4839;12.36;0.75;224.11;4.65;735;48;1642.00;38
4068;48;628173154;4068;119;4802;4839;12.33;0.75;224.11;4.65;734;48;1643.00;37
4070;48;628173164;4070;117;4802;4839;12.31;0.75;224.11;4.65;732;48;1644.00;37
4072;48;628173175;4072;120;4802;4839;12.27;0.75;224.10;4.65;730;48;1645.00;37
4075;48;628173186;4075;126;4805;4843;12.22;0.74;224.01;4.65;730;48;1646.00;38
4078;48;628173197;4078;127;4806;4844;12.27;0.75;224.01;4.65;728;48;1647.00;38
4080;48;628173208;4080;130;4807;4844;12.24;0.75;223.99;4.65;727;48;1648.00;37
4082;48;628173219;4082;129;4809;4845;12.18;0.74;223.93;4.69;727;48;1649.00;36
4083;48;628173232;4083;128;4810;4845;12.14;0.74;223.91;4.71;727;48;1650.00;35
4091;48;628173243;4091;133;4810;4845;12.08;0.73;223.88;4.71;719;48;1651.00;35
4092;48;628173255;4092;131;4810;4845;12.05;0.73;223.91;4.71;718;48;1652.00;35
4096;48;628173265;4096;130;4811;4845;12.10;0.74;224.02;4.72;715;48;1653.00;34
4100;48;628173276;4100;131;4811;4845;12.08;0.73;223.98;4.72;711;48;1654.00;34
4104;49;628173287;4104;134;4811;4845;12.07;0.73;224.10;4.72;707;49;1655.00;34
4104;49;628173313;4104;143;4849;4915;11.97;0.73;224.10;4.69;745;49;1656.00;66
4107;49;628173329;4107;143;4849;4916;11.89;0.73;224.18;4.69;742;49;1657.00;67
4108;49;628173340;4108;149;4856;4916;11.94;0.73;224.22;4.68;748;49;1658.00;60
4108;49;628173352;4108;162;4860;4916;11.81;0.72;224.22;4.68;752;49;1659.00;56
4109;49;628173362;4109;162;4868;4916;11.76;0.72;224.27;4.69;759;49;1660.00;48
4112;49;628173372;4112;169;4873;4916;11.68;0.71;224.32;4.70;761;49;1661.00;43
4114;49;628173383;4114;172;4877;4916;11.66;0.71;224.36;4.70;763;49;1662.00;39
4118;50;628173395;4118;179;4878;4916;11.56;0.71;224.40;4.72;760;50;1663.00;38
4120;50;628173427;4120;179;4881;4917;11.48;0.70;224.35;4.72;761;50;1664.00;36
4122;50;628173455;4122;182;4884;4919;11.46;0.70;224.37;4.73;762;50;1665.00;35
4126;50;628173474;4126;188;4886;4919;11.35;0.69;224.33;4.74;760;50;1666.00;33
4131;50;628173490;4131;194;4889;4923;11.12;0.68;224.26;4.75;758;50;1667.00;34
4136;50;628173505;4136;202;4889;4923;10.94;0.67;224.25;4.75;753;50;1668.00;34
4140;50;628173523;4140;207;4891;4923;10.77;0.66;224.28;4.76;751;50;1669.00;32
4140;50;628173538;4140;214;4891;4923;10.64;0.65;224.28;4.76;751;50;1670.00;32
4143;50;628173548;4143;222;4897;4929;10.59;0.65;224.35;4.76;754;50;1671.00;32
4147;50;628173560;4147;227;4898;4929;10.53;0.64;224.31;4.77;751;50;1672.00;31
4147;50;628173572;4147;229;4899;4929;10.43;0.64;224.31;4.77;752;50;1673.00;30
4151;50;628173583;4151;232;4902;4932;10.28;0.63;224.26;4.78;751;50;1674.00;30
4153;50;628173595;4153;236;4903;4932;10.20;0.62;224.23;4.78;750;50;1675.00;29
4156;50;628173606;4156;245;4903;4932;10.02;0.61;224.17;4.78;747;50;1676.00;29
4158;50;628173618;4158;245;4903;4933;9.83;0.60;224.15;4.78;745;50;1677.00;30
4158;50;628173635;4158;252;4905;4934;9.65;0.59;224.15;4.78;747;50;1678.00;29
4161;50;628173645;4161;255;4908;4934;9.51;0.58;224.18;4.80;747;50;1679.00;26
4166;50;628173657;4166;257;4926;4960;9.32;0.57;224.07;4.78;760;50;1680.00;34
4172;50;628173669;4172;255;4928;4960;9.17;0.56;224.00;4.78;756;50;1681.00;32
4178;50;628173679;4178;249;4931;4960;9.04;0.55;223.95;4.78;753;50;1682.00;29
4181;50;628173689;4181;252;4932;4961;8.98;0.55;223.90;4.78;751;50;1683.00;29
4184;50;628173699;4184;253;4932;4961;8.92;0.55;223.88;4.78;748;50;1684.00;29
4185;50;628173709;4185;254;4937;4965;8.94;0.55;223.85;4.78;752;50;1685.00;28
4189;50;628173720;4189;251;4938;4965;8.86;0.54;223.78;4.78;749;50;1686.00;27
4190;50;628173730;4190;260;4941;4969;8.81;0.54;223.76;4.78;751;50;1687.00;28
4192;50;628173740;4192;261;4943;4969;8.71;0.53;223.73;4.79;751;50;1688.00;26
4193;50;628173750;4193;266;4943;4969;8.66;0.53;223.74;4.79;750;50;1689.00;26
4195;50;628173759;4195;273;4943;4969;8.51;0.52;223.72;4.79;748;50;1690.00;26
4196;50;628173768;4196;278;4943;4969;8.38;0.51;223.69;4.79;747;50;1691.00;26
4197;50;628173777;4197;282;4956;4981;8.28;0.51;223.71;4.78;759;50;1692.00;25
4201;50;628173788;4201;288;4956;4981;8.07;0.49;223.76;4.78;755;50;1693.00;25
4203;50;628173797;4203;297;4958;4981;7.94;0.49;223.74;4.78;755;50;1694.00;23
4206;50;628173806;4206;303;4958;4981;7.78;0.48;223.74;4.78;752;50;1695.00;23
4212;50;628173815;4212;307;4958;4981;7.57;0.46;223.75;4.78;746;50;1696.00;23
4215;50;628173825;4215;302;4958;4981;7.33;0.45;223.68;4.78;743;50;1697.00;23
4220;50;628173835;4220;312;4959;4982;7.12;0.44;223.78;4.78;739;50;1698.00;23
4222;50;628173845;4222;314;4959;4982;7.02;0.43;223.82;4.78;737;50;1699.00;23
4226;50;628173855;4226;303;4964;4988;7.02;0.43;223.86;4.78;738;50;1700.00;24
4228;50;628173870;4228;300;4965;4989;6.96;0.43;223.88;4.77;737;50;1701.00;24
4233;50;628173879;4233;295;4966;4989;6.84;0.42;223.91;4.77;733;50;1702.00;23
4235;50;628173888;4235;299;4966;4989;6.83;0.42;223.98;4.77;731;50;1703.00;23
4238;50;628173897;4238;297;4970;4993;6.80;0.42;224.01;4.77;732;50;1704.00;23
4241;50;628173906;4241;293;4970;4993;6.74;0.42;224.11;4.77;729;50;1705.00;23
4246;50;628173915;4246;291;4970;4993;6.66;0.41;224.10;4.77;724;50;1706.00;23
4249;50;628173924;4249;286;4971;4994;6.65;0.41;224.10;4.77;722;50;1707.00;23
4254;50;628173933;4254;284;4975;4998;6.65;0.41;224.13;4.77;721;50;1708.00;23
4256;50;628173942;4256;279;4975;4998;6.72;0.41;224.07;4.77;719;50;1709.00;23
4260;50;628173953;4260;277;4978;5004;6.75;0.41;224.17;4.76;718;50;1710.00;26
4264;50;628173962;4264;277;4979;5004;6.77;0.42;224.22;4.76;715;50;1711.00;25
4268;50;628173973;4268;279;4980;5004;6.87;0.42;224.17;4.76;712;50;1712.00;24
4270;50;628173981;4270;281;4980;5004;6.87;0.42;224.25;4.76;710;50;1713.00;24
4274;50;628173990;4274;280;4983;5008;6.92;0.42;224.29;4.76;709;50;1714.00;25
4277;50;628173999;4277;282;4983;5008;6.84;0.42;224.26;4.76;706;50;1715.00;25
4281;50;628174007;4281;279;4984;5008;6.79;0.42;224.24;4.76;703;50;1716.00;24
4285;50;628174016;4285;276;4984;5008;6.80;0.42;224.17;4.76;699;50;1717.00;24
4288;50;628174024;4288;276;4986;5009;6.78;0.42;224.15;4.76;698;50;1718.00;23
4292;50;628174033;4292;268;4987;5010;6.77;0.42;224.06;4.76;695;50;1719.00;23
4295;50;628174042;4295;268;4987;5010;6.81;0.42;224.04;4.76;692;50;1720.00;23
4300;50;628174051;4300;274;4988;5011;6.83;0.42;224.11;4.76;688;50;1721.00;23
4301;50;628174060;4301;277;4988;5011;6.87;0.42;224.18;4.76;687;50;1722.00;23
4305;50;628174069;4305;270;4988;5011;6.87;0.42;224.15;4.76;683;50;1723.00;23
4308;51;628174078;4308;274;4988;5011;6.87;0.42;224.16;4.76;680;51;1724.00;23
4312;51;628174106;4312;267;4988;5011;6.91;0.42;224.08;4.76;676;51;1725.00;23
4317;51;628174115;4317;270;4988;5011;6.92;0.42;224.15;4.76;671;51;1726.00;23
4322;51;628174124;4322;270;4988;5011;6.89;0.42;224.22;4.76;666;51;1727.00;23
4324;51;628174133;4324;287;5060;5138;7.35;0.46;224.21;4.69;736;51;1728.00;78
4328;51;628174152;4328;277;5063;5139;7.34;0.45;224.20;4.69;735;51;1729.00;76
4330;51;628174163;4330;276;5072;5139;7.45;0.46;224.17;4.68;742;51;1730.00;67
4332;51;628174172;4332;277;5077;5139;7.49;0.46;224.19;4.68;745;51;1731.00;62
4335;51;628174182;4335;275;5081;5139;7.53;0.47;224.22;4.68;746;51;1732.00;58
4338;51;628174191;4338;280;5084;5139;7.52;0.46;224.10;4.68;746;51;1733.00;55
4343;51;628174201;4343;283;5088;5139;7.57;0.47;224.08;4.68;745;51;1734.00;51
4346;51;628174212;4346;289;5090;5139;7.59;0.47;224.10;4.68;744;51;1735.00;49
4346;51;628174223;4346;294;5094;5140;7.65;0.47;224.10;4.69;748;51;1736.00;46
4349;51;628174234;4349;301;5096;5141;7.56;0.46;224.09;4.69;747;51;1737.00;45
4350;51;628174244;4350;311;5100;5141;7.51;0.46;224.13;4.69;750;51;1738.00;41
4355;51;628174254;4355;305;5103;5142;7.47;0.46;224.11;4.69;748;51;1739.00;39
4358;51;628174267;4358;295;5107;5142;7.53;0.46;224.13;4.70;749;51;1740.00;35
4358;51;628174279;4358;296;5109;5142;7.59;0.47;224.13;4.70;751;51;1741.00;33
4359;51;628174290;4359;291;5112;5142;7.75;0.48;224.12;4.71;753;51;1742.00;30
4360;51;628174300;4360;291;5116;5146;7.81;0.48;224.13;4.77;756;51;1743.00;30
4365;51;628174313;4365;284;5118;5146;7.89;0.48;224.20;4.77;753;51;1744.00;28
4367;51;628174330;4367;280;5119;5146;7.98;0.49;224.27;4.77;752;51;1745.00;27
4367;51;628174348;4367;281;5122;5149;8.01;0.49;224.27;4.77;755;51;1746.00;27
4371;51;628174368;4371;263;5122;5149;8.02;0.49;224.36;4.77;751;51;1747.00;27
4373;51;628174380;4373;256;5123;5149;8.07;0.49;224.40;4.77;750;51;1748.00;26
4374;51;628174391;4374;252;5128;5153;8.23;0.50;224.38;4.77;754;51;1749.00;25
4377;51;628174403;4377;238;5129;5154;8.31;0.51;224.42;4.77;752;51;1750.00;25
4379;51;628174423;4379;231;5130;5154;8.43;0.52;224.39;4.77;751;51;1751.00;24
4383;51;628174435;4383;224;5134;5158;8.54;0.52;224.34;4.76;751;51;1752.00;24
4387;51;628174447;4387;230;5134;5158;8.67;0.53;224.52;4.76;747;51;1753.00;24
4388;51;628174458;4388;227;5134;5158;8.80;0.54;224.54;4.76;746;51;1754.00;24
4392;51;628174470;4392;221;5136;5160;8.95;0.55;224.52;4.76;744;51;1755.00;24
4393;51;628174487;4393;198;5136;5160;9.13;0.56;224.50;4.76;743;51;1756.00;24
4396;51;628174499;4396;182;5140;5166;9.29;0.57;224.51;4.76;744;51;1757.00;26
4399;51;628174511;4399;168;5140;5166;9.43;0.57;224.52;4.76;741;51;1758.00;26
4400;51;628174523;4400;156;5142;5167;9.56;0.58;224.51;4.82;742;51;1759.00;25
4406;51;628174535;4406;148;5142;5167;9.69;0.59;224.56;4.82;736;51;1760.00;25
4407;51;628174547;4407;136;5142;5167;9.90;0.60;224.59;4.82;735;51;1761.00;25
4408;51;628174559;4408;138;5142;5167;10.13;0.61;224.54;4.82;734;51;1762.00;25
4411;51;628174571;4411;136;5142;5167;10.26;0.62;224.58;4.82;731;51;1763.00;25
4415;51;628174582;4415;127;5152;5179;10.44;0.63;224.70;4.81;737;51;1764.00;27
4416;51;628174596;4416;120;5152;5179;10.62;0.64;224.67;4.81;736;51;1765.00;27
4419;51;628174607;4419;117;5153;5179;10.80;0.65;224.76;4.81;734;51;1766.00;26
4421;51;628174620;4421;114;5153;5179;10.92;0.66;224.76;4.81;732;51;1767.00;26
4423;51;628174631;4423;117;5153;5179;11.08;0.67;224.91;4.81;730;51;1768.00;26
4425;51;628174643;4425;116;5153;5179;11.32;0.69;225.00;4.81;728;51;1769.00;26
4428;51;628174657;4428;115;5156;5183;11.39;0.69;225.15;4.81;728;51;1770.00;27
4432;51;628174669;4432;114;5157;5183;11.46;0.70;225.25;4.87;725;51;1771.00;26
4433;51;628174681;4433;110;5160;5187;11.61;0.70;225.28;4.87;727;51;1772.00;27
4437;51;628174693;4437;109;5161;5188;11.73;0.71;225.36;4.87;724;51;1773.00;27
4438;51;628174704;4438;108;5162;5188;11.82;0.72;225.36;4.87;724;51;1774.00;26
4443;51;628174716;4443;105;5162;5188;11.76;0.71;225.59;4.87;719;51;1775.00;26
4444;51;628174728;4444;112;5173;5201;11.80;0.72;225.58;4.86;729;51;1776.00;28
4446;51;628174741;4446;114;5173;5201;11.83;0.72;225.50;4.86;727;51;1777.00;28
4449;51;628174753;4449;109;5173;5201;11.85;0.72;225.59;4.86;724;51;1778.00;28
4449;51;628174767;4449;120;5174;5202;11.95;0.73;225.59;4.86;725;51;1779.00;28
4453;51;628174785;4453;123;5174;5203;11.97;0.73;225.71;4.86;721;51;1780.00;29
4457;51;628174797;4457;119;5174;5203;12.00;0.73;225.82;4.86;717;51;1781.00;29
4458;51;628174808;4458;118;5176;5206;12.06;0.73;225.81;4.86;718;51;1782.00;30
4463;51;628174828;4463;116;5176;5206;12.14;0.74;225.88;4.86;713;51;1783.00;30
4466;51;628174840;4466;116;5177;5206;12.20;0.74;225.91;4.85;711;51;1784.00;29
4467;51;628174852;4467;115;5177;5206;12.21;0.74;225.94;4.85;710;51;1785.00;29
4470;51;628174862;4470;114;5181;5212;12.13;0.74;225.99;4.85;711;51;1786.00;31
4471;51;628174874;4471;115;5181;5212;12.12;0.74;225.97;4.85;710;51;1787.00;31
4476;51;628174885;4476;118;5182;5212;12.11;0.74;226.00;4.85;706;51;1788.00;30
4479;51;628174896;4479;115;5182;5212;12.22;0.74;226.00;4.85;703;51;1789.00;30
4484;51;628174907;4484;117;5185;5216;12.21;0.74;226.16;4.85;701;51;1790.00;31
4488;51;628174918;4488;119;5186;5217;12.27;0.75;226.28;4.85;698;51;1791.00;31
4490;51;628174929;4490;121;5186;5217;12.33;0.75;226.36;4.85;696;51;1792.00;31
4495;51;628174940;4495;119;5188;5218;12.39;0.75;226.50;4.91;693;51;1793.00;30
4497;51;628174956;4497;119;5188;5218;12.50;0.76;226.48;4.91;691;51;1794.00;30
4503;51;628174966;4503;119;5188;5218;12.54;0.76;226.54;4.91;685;51;1795.00;30
4506;51;628174978;4506;118;5188;5218;12.57;0.76;226.62;4.91;682;51;1796.00;30
4507;51;628174988;4507;117;5188;5218;12.61;0.77;226.62;4.91;681;51;1797.00;30
4509;51;628174999;4509;120;5188;5218;12.67;0.77;226.65;4.91;679;51;1798.00;30
4515;51;628175009;4515;119;5188;5218;12.63;0.77;226.70;4.91;673;51;1799.00;30
4519;51;628175022;4519;139;5252;5356;12.11;0.74;226.71;4.85;733;51;1800.00;104
4524;51;628175047;4524;126;5252;5357;12.13;0.74;226.66;4.85;728;51;1801.00;105
4529;51;628175058;4529;114;5259;5357;12.08;0.74;226.70;4.85;730;51;1802.00;98
4534;51;628175069;4534;107;5266;5357;12.13;0.74;226.74;4.85;732;51;1803.00;91
4538;51;628175080;4538;105;5271;5357;12.15;0.74;226.80;4.85;733;51;1804.00;86
4542;51;628175091;4542;108;5277;5357;12.13;0.74;226.82;4.86;735;51;1805.00;80
4544;51;628175103;4544;102;5281;5357;12.31;0.75;226.97;4.87;737;51;1806.00;76
4546;51;628175125;4546;107;5284;5357;12.38;0.76;227.04;4.87;738;51;1807.00;73
4550;51;628175136;4550;110;5288;5358;12.43;0.76;226.98;4.94;738;51;1808.00;70
4553;51;628175148;4553;108;5289;5359;12.42;0.76;226.92;4.94;736;51;1809.00;70
4557;51;628175159;4557;109;5291;5359;12.41;0.76;226.88;4.94;734;51;1810.00;68
4559;51;628175170;4559;110;5297;5363;12.34;0.75;226.87;5.01;738;51;1811.00;66
4561;51;628175182;4561;105;5298;5363;12.32;0.75;226.90;5.01;737;51;1812.00;65
4563;51;628175193;4563;102;5299;5363;12.20;0.75;226.89;5.01;736;51;1813.00;64
4570;51;628175204;4570;106;5301;5363;12.08;0.74;226.94;5.08;731;51;1814.00;62
4574;51;628175215;4574;108;5304;5369;12.02;0.73;226.87;5.08;730;51;1815.00;65
4575;51;628175227;4575;111;5305;5369;11.93;0.73;226.88;5.08;730;51;1816.00;64
4578;51;628175255;4578;110;5307;5369;11.97;0.73;226.90;5.15;729;51;1817.00;62
4579;51;628175267;4579;113;5309;5372;12.07;0.74;226.93;5.15;730;51;1818.00;63
4582;51;628175278;4582;118;5309;5372;12.03;0.73;226.96;5.15;727;51;1819.00;63
4584;51;628175288;4584;122;5313;5372;11.97;0.73;227.09;5.23;729;51;1820.00;59
4586;51;628175299;4586;125;5313;5373;11.95;0.73;227.11;5.23;727;51;1821.00;60
4588;51;628175310;4588;129;5315;5374;11.89;0.73;227.09;5.23;727;51;1822.00;59
4594;51;628175321;4594;133;5317;5374;11.77;0.72;227.05;5.31;723;51;1823.00;57
4595;51;628175332;4595;137;5323;5387;11.64;0.71;227.01;5.30;728;51;1824.00;64
4606;51;628175344;4606;142;5327;5387;11.55;0.70;227.01;5.30;721;51;1825.00;60
4610;51;628175356;4610;141;5329;5387;11.50;0.70;227.14;5.31;719;51;1826.00;58
4612;51;628175372;4612;149;5332;5388;11.41;0.69;227.10;5.31;720;51;1827.00;56
4615;51;628175383;4615;148;5332;5388;11.38;0.69;227.22;5.31;717;51;1828.00;56
4617;51;628175395;4617;161;5338;5392;11.27;0.69;227.20;5.34;721;51;1829.00;54
4620;51;628175407;4620;169;5339;5392;11.22;0.68;227.32;5.34;719;51;1830.00;53
4623;51;628175421;4623;177;5342;5396;11.15;0.68;227.33;5.33;719;51;1831.00;54
4624;51;628175438;4624;186;5344;5396;11.12;0.68;227.36;5.34;720;51;1832.00;52
4626;51;628175454;4626;190;5346;5396;11.05;0.67;227.32;5.36;720;51;1833.00;50
4629;51;628175472;4629;194;5346;5396;10.99;0.67;227.30;5.36;717;51;1834.00;50
4631;51;628175487;4631;198;5348;5396;10.96;0.67;227.35;5.37;717;51;1835.00;48
4631;51;628175503;4631;204;5357;5408;10.83;0.66;227.35;5.36;726;51;1836.00;51
4632;51;628175521;4632;210;5362;5408;10.68;0.65;227.42;5.38;730;51;1837.00;46
4635;51;628175536;4635;212;5365;5408;10.55;0.64;227.46;5.39;730;51;1838.00;43
4638;51;628175548;4638;213;5365;5408;10.42;0.64;227.50;5.39;727;51;1839.00;43
4642;51;628175560;4642;217;5367;5408;10.32;0.63;227.51;5.41;725;51;1840.00;41
4644;51;628175570;4644;228;5367;5408;10.26;0.63;227.58;5.41;723;51;1841.00;41
4644;51;628175581;4644;240;5368;5409;10.10;0.62;227.58;5.41;724;51;1842.00;41
4648;51;628175592;4648;244;5370;5409;9.86;0.60;227.63;5.42;722;51;1843.00;39
4651;51;628175603;4651;255;5374;5415;9.73;0.59;227.61;5.42;723;51;1844.00;41
4652;51;628175614;4652;259;5379;5417;9.51;0.58;227.57;5.43;727;51;1845.00;38
4653;51;628175625;4653;264;5380;5417;9.33;0.57;227.56;5.43;727;51;1846.00;37
4658;51;628175635;4658;277;5381;5417;9.10;0.56;227.59;5.44;723;51;1847.00;36
4659;51;628175645;4659;281;5384;5421;9.02;0.55;227.57;5.43;725;51;1848.00;37
4661;51;628175656;4661;279;5386;5421;8.79;0.54;227.57;5.44;725;51;1849.00;35
4663;51;628175666;4663;279;5386;5421;8.59;0.53;227.55;5.44;723;51;1850.00;35
4665;51;628175675;4665;278;5388;5422;8.44;0.52;227.57;5.44;723;51;1851.00;34
4665;51;628175685;4665;285;5391;5426;8.32;0.51;227.57;5.44;726;51;1852.00;35
4665;51;628175694;4665;286;5393;5426;8.16;0.50;227.57;5.45;728;51;1853.00;33
4669;51;628175703;4669;280;5396;5429;8.03;0.49;227.63;5.45;727;51;1854.00;33
4673;51;628175712;4673;278;5397;5429;7.98;0.49;227.74;5.46;724;51;1855.00;32
4674;51;628175722;4674;273;5399;5429;7.94;0.49;227.76;5.46;725;51;1856.00;30
4676;51;628175732;4676;272;5399;5429;7.90;0.48;227.82;5.46;723;51;1857.00;30
4676;51;628175741;4676;281;5403;5433;7.95;0.49;227.82;5.46;727;51;1858.00;30
4679;51;628175751;4679;282;5403;5433;7.86;0.48;227.81;5.46;724;51;1859.00;30
4681;51;628175762;4681;284;5404;5433;7.86;0.48;227.75;5.46;723;51;1860.00;29
4685;51;628175771;4685;287;5404;5433;7.77;0.48;227.68;5.46;719;51;1861.00;29
4688;51;628175780;4688;286;5405;5434;7.67;0.47;227.76;5.45;717;51;1862.00;29
4691;51;628175788;4691;285;5406;5435;7.56;0.46;227.69;5.45;715;51;1863.00;29
4695;51;628175796;4695;284;5406;5435;7.43;0.46;227.77;5.45;711;51;1864.00;29
4700;51;628175804;4700;291;5407;5436;7.27;0.45;227.75;5.45;707;51;1865.00;29
4702;51;628175813;4702;291;5407;5436;7.12;0.44;227.70;5.45;705;51;1866.00;29
4707;51;628175821;4707;297;5407;5436;6.96;0.43;227.65;5.45;700;51;1867.00;29
4709;51;628175829;4709;301;5407;5436;6.79;0.42;227.59;5.45;698;51;1868.00;29
4713;51;628175837;4713;308;5407;5436;6.60;0.41;227.55;5.45;694;51;1869.00;29
4715;51;628175844;4715;309;5407;5436;6.48;0.40;227.73;5.45;692;51;1870.00;29
4717;51;628175852;4717;308;5407;5436;6.39;0.40;227.68;5.45;690;51;1871.00;29
4719;51;628175859;4719;331;5478;5563;6.71;0.42;227.77;5.38;759;51;1872.00;85
4722;51;628175877;4722;326;5484;5564;6.68;0.42;227.77;5.38;762;51;1873.00;80
4725;51;628175885;4725;319;5493;5564;6.77;0.42;227.76;5.37;768;51;1874.00;71
4728;51;628175893;4728;318;5497;5564;6.79;0.42;227.74;5.37;769;51;1875.00;67
4731;51;628175901;4731;321;5503;5564;6.79;0.42;227.72;5.37;772;51;1876.00;61
4733;51;628175910;4733;313;5508;5564;6.90;0.43;227.72;5.37;775;51;1877.00;56
4735;51;628175919;4735;307;5513;5564;6.96;0.43;227.78;5.37;778;51;1878.00;51
4738;51;628175934;4738;305;5517;5564;6.94;0.43;227.83;5.37;779;51;1879.00;47
4738;51;628175942;4738;307;5522;5565;7.07;0.44;227.83;5.37;784;51;1880.00;43
4742;51;628175951;4742;313;5524;5566;7.06;0.44;227.82;5.37;782;51;1881.00;42
4746;51;628175961;4746;312;5526;5568;6.99;0.43;227.82;5.37;780;51;1882.00;42
4747;51;628175972;4747;314;5527;5569;6.94;0.43;227.81;5.37;780;51;1883.00;42
4752;51;628175982;4752;322;5530;5569;6.85;0.42;227.83;5.38;778;51;1884.00;39
4754;51;628175991;4754;322;5531;5569;6.86;0.42;227.85;5.38;777;51;1885.00;38
4758;51;628176000;4758;320;5533;5569;6.86;0.42;227.84;5.38;775;51;1886.00;36
4759;51;628176012;4759;316;5537;5573;6.88;0.43;227.85;5.38;778;51;1887.00;36
4761;51;628176024;4761;313;5538;5573;6.86;0.42;227.91;5.38;777;51;1888.00;35
4764;51;628176040;4764;311;5541;5573;6.81;0.42;227.88;5.38;777;51;1889.00;32
4766;51;628176057;4766;309;5544;5579;6.76;0.42;227.90;5.38;778;51;1890.00;35
4772;51;628176068;4772;300;5546;5579;6.75;0.42;227.87;5.38;774;51;1891.00;33
4773;51;628176083;4773;288;5546;5579;6.90;0.42;227.85;5.38;773;51;1892.00;33
4776;51;628176099;4776;283;5551;5583;7.01;0.43;227.86;5.38;775;51;1893.00;32
4781;51;628176112;4781;276;5552;5584;7.06;0.43;227.99;5.38;771;51;1894.00;32
4783;51;628176124;4783;272;5553;5584;7.13;0.44;227.97;5.38;770;51;1895.00;31
4786;51;628176141;4786;269;5557;5588;7.18;0.44;227.99;5.37;771;51;1896.00;31
4789;51;628176161;4789;263;5557;5588;7.31;0.45;227.98;5.37;768;51;1897.00;31
4790;51;628176178;4790;264;5557;5588;7.46;0.46;227.99;5.37;767;51;1898.00;31
4797;51;628176191;4797;263;5558;5589;7.56;0.46;227.92;5.37;761;51;1899.00;31
4800;51;628176205;4800;261;5558;5589;7.64;0.47;227.93;5.37;758;51;1900.00;31
4802;51;628176220;4802;261;5563;5595;7.72;0.47;227.95;5.37;761;51;1901.00;32
4808;51;628176231;4808;270;5563;5595;7.78;0.47;228.08;5.37;755;51;1902.00;32
4810;51;628176249;4810;273;5565;5596;7.81;0.48;228.06;5.37;755;51;1903.00;31
4812;51;628176260;4812;273;5565;5596;7.88;0.48;228.06;5.37;753;51;1904.00;31
4818;51;628176271;4818;269;5565;5596;7.92;0.48;228.00;5.37;747;51;1905.00;31
4820;51;628176288;4820;272;5565;5596;8.00;0.48;228.03;5.37;745;51;1906.00;31
4823;51;628176299;4823;268;5565;5596;8.03;0.49;228.05;5.37;742;51;1907.00;31
4828;51;628176309;4828;269;5575;5608;8.18;0.50;228.09;5.36;747;51;1908.00;33
4830;51;628176320;4830;267;5576;5608;8.26;0.50;228.12;5.36;746;51;1909.00;32
4832;51;628176331;4832;266;5576;5608;8.28;0.50;228.14;5.36;744;51;1910.00;32
4833;51;628176342;4833;268;5576;5608;8.36;0.51;228.13;5.36;743;51;1911.00;32
4837;51;628176353;4837;266;5576;5608;8.37;0.51;228.18;5.36;739;51;1912.00;32
4841;51;628176363;4841;270;5577;5608;8.39;0.51;228.24;5.44;736;51;1913.00;31
4843;51;628176374;4843;266;5580;5612;8.48;0.51;228.21;5.44;737;51;1914.00;32
4846;51;628176385;4846;269;5580;5612;8.54;0.52;228.21;5.44;734;51;1915.00;32
4849;51;628176396;4849;272;5583;5616;8.56;0.52;228.27;5.43;734;51;1916.00;33
4850;51;628176409;4850;251;5584;5617;8.58;0.52;228.28;5.43;734;51;1917.00;33
4852;51;628176423;4852;243;5585;5617;8.67;0.53;228.28;5.43;733;51;1918.00;32
4858;51;628176434;4858;237;5585;5617;8.71;0.53;228.27;5.43;727;51;1919.00;32
4859;51;628176448;4859;243;5606;5646;8.86;0.54;228.29;5.41;747;51;1920.00;40
4860;51;628176461;4860;231;5607;5646;8.97;0.55;228.31;5.41;747;51;1921.00;39
4863;51;628176473;4863;224;5608;5646;9.12;0.55;228.40;5.41;745;51;1922.00;38
4865;51;628176491;4865;220;5609;5647;9.22;0.56;228.43;5.41;744;51;1923.00;38
4868;51;628176501;4868;220;5610;5648;9.32;0.56;228.45;5.41;742;51;1924.00;38
4871;51;628176512;4871;219;5611;5648;9.39;0.57;228.47;5.41;740;51;1925.00;37
4873;51;628176524;4873;200;5614;5651;9.45;0.57;228.41;5.41;741;51;1926.00;37
4875;51;628176536;4875;186;5614;5651;9.53;0.58;228.43;5.41;739;51;1927.00;37
4877;51;628176554;4877;175;5614;5651;9.62;0.59;228.43;5.41;737;51;1928.00;37
4881;51;628176569;4881;170;5614;5651;9.71;0.59;228.55;5.41;733;51;1929.00;37
4883;51;628176585;4883;166;5618;5657;9.79;0.59;228.55;5.40;735;51;1930.00;39
4888;51;628176598;4888;156;5619;5657;9.88;0.60;228.65;5.40;731;51;1931.00;38
4891;51;628176612;4891;154;5619;5657;9.94;0.60;228.75;5.40;728;51;1932.00;38
4893;51;628176630;4893;150;5619;5657;10.06;0.61;228.80;5.40;726;51;1933.00;38
4900;51;628176645;4900;143;5622;5661;10.10;0.61;228.84;5.40;722;51;1934.00;39
4901;51;628176658;4901;143;5624;5663;10.24;0.62;228.87;5.40;723;51;1935.00;39
4905;51;628176670;4905;139;5624;5663;10.30;0.62;228.98;5.40;719;51;1936.00;39
4908;51;628176683;4908;137;5625;5664;10.35;0.63;229.09;5.40;717;51;1937.00;39
4912;51;628176695;4912;135;5626;5664;10.47;0.63;229.08;5.49;714;51;1938.00;38
4913;51;628176707;4913;131;5626;5664;10.60;0.64;229.10;5.49;713;51;1939.00;38
4914;51;628176718;4914;130;5626;5664;10.71;0.65;229.07;5.49;712;51;1940.00;38
4917;51;628176731;4917;127;5626;5664;10.80;0.66;229.09;5.49;709;51;1941.00;38
4920;51;628176743;4920;123;5626;5664;10.97;0.67;229.09;5.49;706;51;1942.00;38
4922;51;628176756;4922;124;5626;5664;11.12;0.67;229.13;5.49;704;51;1943.00;38
4927;51;628176768;4927;139;5668;5734;10.88;0.66;229.14;5.45;741;51;1944.00;66
4929;51;628176785;4929;129;5668;5735;11.02;0.67;229.23;5.45;739;51;1945.00;67
4930;51;628176797;4930;125;5673;5735;11.27;0.68;229.25;5.44;743;51;1946.00;62
4933;52;628176808;4933;123;5677;5735;11.47;0.70;229.31;5.44;744;52;1947.00;58
4935;52;628176831;4935;121;5682;5735;11.57;0.70;229.36;5.44;747;52;1948.00;53
4936;52;628176843;4936;120;5686;5735;11.68;0.71;229.38;5.44;750;52;1949.00;49
4938;52;628176856;4938;125;5690;5737;11.81;0.72;229.41;5.44;752;52;1950.00;47
4941;52;628176873;4941;125;5690;5737;11.86;0.72;229.56;5.44;749;52;1951.00;47
4943;52;628176884;4943;131;5693;5738;11.99;0.73;229.56;5.44;750;52;1952.00;45
4947;52;628176896;4947;132;5694;5739;12.10;0.74;229.63;5.44;747;52;1953.00;45
4951;52;628176908;4951;135;5695;5739;12.16;0.74;229.61;5.44;744;52;1954.00;44
4957;52;628176920;4957;136;5698;5743;12.06;0.73;229.72;5.44;741;52;1955.00;45
4960;52;628176932;4960;146;5699;5743;12.00;0.73;229.73;5.44;739;52;1956.00;44
4963;52;628176943;4963;143;5699;5743;12.01;0.73;229.72;5.44;736;52;1957.00;44
4964;52;628176955;4964;145;5699;5743;11.94;0.73;229.75;5.44;735;52;1958.00;44
4966;52;628176967;4966;145;5704;5749;11.87;0.72;229.87;5.43;738;52;1959.00;45
4966;52;628176980;4966;145;5704;5749;11.84;0.72;229.87;5.43;738;52;1960.00;45
4969;52;628176992;4969;151;5704;5749;11.80;0.72;229.94;5.43;735;52;1961.00;45
4975;52;628177012;4975;154;5707;5752;11.82;0.72;230.06;5.43;732;52;1962.00;45
4977;52;628177024;4977;157;5707;5752;11.83;0.72;230.04;5.43;730;52;1963.00;45
4981;52;628177035;4981;157;5707;5752;11.85;0.72;230.11;5.43;726;52;1964.00;45
4984;52;628177046;4984;156;5707;5753;11.88;0.72;230.19;5.43;723;52;1965.00;46
4988;52;628177057;4988;156;5708;5754;11.91;0.72;230.14;5.43;720;52;1966.00;46
4993;52;628177069;4993;159;5708;5754;11.89;0.72;230.20;5.43;715;52;1967.00;46
4998;52;628177080;4998;162;5717;5767;11.81;0.72;230.17;5.42;719;52;1968.00;50
5002;52;628177093;5002;157;5717;5767;11.81;0.72;230.10;5.42;715;52;1969.00;50
5005;52;628177104;5005;153;5717;5767;11.80;0.72;230.19;5.42;712;52;1970.00;50
5008;52;628177114;5008;153;5718;5768;11.82;0.72;230.24;5.42;710;52;1971.00;50
5011;52;628177125;5011;144;5718;5768;11.77;0.71;230.22;5.42;707;52;1972.00;50
5013;52;628177136;5013;141;5721;5772;11.77;0.72;230.26;5.42;708;52;1973.00;51
5014;52;628177153;5014;137;5724;5772;11.70;0.71;230.25;5.52;710;52;1974.00;48
5020;52;628177165;5020;133;5727;5776;11.65;0.71;230.17;5.52;707;52;1975.00;49
5026;52;628177176;5026;129;5728;5776;11.67;0.71;230.11;5.53;702;52;1976.00;48
5026;52;628177187;5026;128;5728;5776;11.71;0.71;230.11;5.53;702;52;1977.00;48
5031;52;628177197;5031;127;5728;5776;11.79;0.71;230.17;5.53;697;52;1978.00;48
5034;52;628177207;5034;127;5728;5776;11.87;0.72;230.11;5.53;694;52;1979.00;48
5036;52;628177220;5036;124;5748;5810;11.84;0.72;230.23;5.51;712;52;1980.00;62
5037;52;628177232;5037;121;5749;5810;11.89;0.72;230.29;5.51;712;52;1981.00;61
5041;52;628177242;5041;123;5750;5810;11.89;0.72;230.24;5.51;709;52;1982.00;60
5044;52;628177254;5044;123;5750;5810;11.88;0.72;230.33;5.51;706;52;1983.00;60
5047;52;628177264;5047;124;5751;5810;11.91;0.72;230.30;5.51;704;52;1984.00;59
5048;52;628177275;5048;121;5751;5810;11.97;0.73;230.39;5.51;703;52;1985.00;59
5054;52;628177293;5054;122;5752;5811;12.03;0.73;230.40;5.51;698;52;1986.00;59
5058;52;628177303;5058;123;5753;5811;12.01;0.73;230.53;5.51;695;52;1987.00;58
5062;52;628177314;5062;124;5756;5817;12.07;0.73;230.48;5.51;694;52;1988.00;61
5065;52;628177325;5065;122;5758;5818;12.11;0.74;230.41;5.60;693;52;1989.00;60
5068;52;628177335;5068;126;5761;5818;12.11;0.74;230.37;5.60;693;52;1990.00;57
5072;53;628177347;5072;125;5761;5818;11.97;0.73;230.38;5.60;689;53;1991.00;57
5073;53;628177377;5073;127;5763;5822;11.94;0.73;230.35;5.60;690;53;1992.00;59
5076;53;628177391;5076;137;5764;5822;11.85;0.72;230.34;5.60;688;53;1993.00;58
5079;53;628177402;5079;137;5765;5822;11.79;0.72;230.32;5.61;686;53;1994.00;57
5080;53;628177416;5080;141;5767;5823;11.75;0.71;230.35;5.61;687;53;1995.00;56
5084;53;628177450;5084;147;5771;5827;11.55;0.70;230.32;5.62;687;53;1996.00;56
5086;54;628177467;5086;145;5772;5827;11.47;0.70;230.27;5.62;686;54;1997.00;55
5088;54;628177499;5088;149;5774;5830;11.45;0.70;230.32;5.62;686;54;1998.00;56
5090;54;628177534;5090;157;5777;5830;11.38;0.69;230.37;5.64;687;54;1999.00;53
5093;54;628177552;5093;162;5779;5830;11.15;0.68;230.36;5.65;686;54;2000.00;51
5094;54;628177569;5094;171;5779;5830;11.06;0.67;230.36;5.65;685;54;2001.00;51
5098;54;628177580;5098;178;5784;5834;10.95;0.67;230.37;5.66;686;54;2002.00;50
5099;54;628177593;5099;185;5786;5834;10.81;0.66;230.34;5.66;687;54;2003.00;48
5103;54;628177605;5103;192;5786;5834;10.67;0.65;230.47;5.66;683;54;2004.00;48
5105;54;628177616;5105;197;5788;5834;10.44;0.63;230.59;5.68;683;54;2005.00;46
5108;54;628177627;5108;209;5788;5835;10.24;0.62;230.57;5.68;680;54;2006.00;47
5112;54;628177647;5112;216;5791;5836;10.07;0.61;230.59;5.69;679;54;2007.00;45
5112;54;628177658;5112;226;5791;5836;9.88;0.60;230.59;5.69;679;54;2008.00;45
5114;54;628177668;5114;233;5794;5837;9.67;0.59;230.56;5.71;680;54;2009.00;43
5117;54;628177680;5117;235;5795;5837;9.48;0.58;230.61;5.71;678;54;2010.00;42
5117;54;628177694;5117;244;5796;5837;9.30;0.57;230.61;5.72;679;54;2011.00;41
5117;54;628177707;5117;247;5796;5837;9.13;0.56;230.61;5.72;679;54;2012.00;41
5122;54;628177719;5122;255;5797;5837;8.92;0.55;230.58;5.73;675;54;2013.00;40
5122;54;628177730;5122;263;5797;5837;8.79;0.54;230.58;5.73;675;54;2014.00;40
5127;54;628177739;5127;272;5798;5837;8.59;0.53;230.49;5.74;671;54;2015.00;39
5128;54;628177749;5128;293;5861;5964;8.66;0.54;230.45;5.69;733;54;2016.00;103
5132;54;628177769;5132;291;5862;5965;8.53;0.53;230.36;5.68;730;54;2017.00;103
5134;54;628177779;5134;293;5873;5965;8.55;0.53;230.35;5.68;739;54;2018.00;92
5135;54;628177789;5135;287;5879;5965;8.44;0.52;230.32;5.68;744;54;2019.00;86
5136;54;628177798;5136;287;5886;5965;8.42;0.52;230.29;5.68;750;54;2020.00;79
5138;54;628177807;5138;289;5892;5965;8.32;0.52;230.22;5.69;754;54;2021.00;73
5141;54;628177817;5141;287;5898;5965;8.30;0.51;230.18;5.69;757;54;2022.00;67
5143;54;628177826;5143;284;5902;5965;8.23;0.51;230.13;5.69;759;54;2023.00;63
5145;55;628177836;5145;286;5906;5966;8.17;0.50;230.06;5.69;761;55;2024.00;60
5147;55;628177866;5147;292;5912;5968;8.15;0.50;230.00;5.70;765;55;2025.00;56
5150;55;628177876;5150;292;5917;5968;8.15;0.50;230.03;5.70;767;55;2026.00;51
5151;55;628177889;5151;290;5918;5969;8.06;0.50;230.03;5.70;767;55;2027.00;51
5152;55;628177901;5152;296;5923;5969;7.96;0.49;230.01;5.71;771;55;2028.00;46
5154;55;628177911;5154;302;5924;5969;7.92;0.49;230.05;5.71;770;55;2029.00;45
5156;55;628177921;5156;308;5926;5969;7.81;0.48;230.02;5.72;770;55;2030.00;43
5157;55;628177931;5157;317;5929;5973;7.69;0.47;230.04;5.72;772;55;2031.00;44
5160;55;628177941;5160;326;5932;5973;7.53;0.46;230.01;5.72;772;55;2032.00;41
5162;55;628177950;5162;335;5933;5973;7.36;0.45;229.99;5.72;771;55;2033.00;40
5166;55;628177961;5166;342;5936;5976;7.23;0.44;230.06;5.72;770;55;2034.00;40
5168;55;628177972;5168;345;5938;5976;7.02;0.43;230.08;5.73;770;55;2035.00;38
5171;55;628177982;5171;354;5939;5976;6.84;0.42;230.14;5.73;768;55;2036.00;37
5172;55;628177992;5172;361;5942;5980;6.66;0.41;230.11;5.73;770;55;2037.00;38
5176;55;628178002;5176;368;5945;5981;6.50;0.40;230.13;5.72;769;55;2038.00;36
5178;55;628178013;5178;372;5945;5981;6.29;0.39;230.13;5.72;767;55;2039.00;36
5179;55;628178025;5179;368;5951;5986;6.22;0.38;230.17;5.72;772;55;2040.00;35
5180;55;628178036;5180;364;5951;5986;6.11;0.38;230.18;5.72;771;55;2041.00;35
5182;55;628178052;5182;370;5952;5986;6.00;0.37;230.18;5.72;770;55;2042.00;34
5186;55;628178062;5186;363;5953;5987;5.91;0.36;230.23;5.72;767;55;2043.00;34
5187;55;628178072;5187;355;5953;5987;5.93;0.36;230.19;5.72;766;55;2044.00;34
5192;55;628178082;5192;342;5958;5993;5.97;0.37;230.19;5.72;766;55;2045.00;35
5193;55;628178095;5193;336;5958;5993;6.03;0.37;230.21;5.72;765;55;2046.00;35
5195;55;628178105;5195;321;5960;5994;6.09;0.38;230.18;5.71;765;55;2047.00;34
5197;55;628178115;5197;312;5960;5994;6.19;0.38;230.20;5.71;763;55;2048.00;34
5199;55;628178126;5199;299;5960;5994;6.33;0.39;230.28;5.71;761;55;2049.00;34
5202;55;628178146;5202;288;5960;5994;6.45;0.40;230.24;5.71;758;55;2050.00;34
5204;55;628178159;5204;281;5961;5994;6.56;0.40;230.24;5.82;757;55;2051.00;33
5206;55;628178171;5206;273;5972;6006;6.74;0.41;230.31;5.81;766;55;2052.00;34
5208;55;628178191;5208;265;5972;6006;6.85;0.42;230.25;5.81;764;55;2053.00;34
5209;55;628178201;5209;268;5973;6006;7.03;0.43;230.25;5.81;764;55;2054.00;33
5211;55;628178212;5211;262;5973;6006;7.13;0.44;230.20;5.81;762;55;2055.00;33
5213;55;628178229;5213;260;5973;6006;7.25;0.44;230.16;5.81;760;55;2056.00;33
5214;55;628178241;5214;254;5973;6006;7.32;0.45;230.18;5.81;759;55;2057.00;33
5216;55;628178254;5216;259;5977;6010;7.44;0.45;230.20;5.80;761;55;2058.00;33
5217;55;628178269;5217;256;5977;6010;7.55;0.46;230.23;5.80;760;55;2059.00;33
5218;55;628178281;5218;257;5980;6014;7.69;0.47;230.26;5.80;762;55;2060.00;34
5221;55;628178294;5221;253;5981;6015;7.78;0.47;230.29;5.80;760;55;2061.00;34
5224;55;628178306;5224;250;5982;6015;7.83;0.48;230.28;5.80;758;55;2062.00;33
5226;55;628178318;5226;244;5982;6015;7.96;0.49;230.36;5.80;756;55;2063.00;33
5229;55;628178333;5229;242;5995;6028;8.05;0.49;230.38;5.79;766;55;2064.00;33
5237;55;628178349;5237;243;5995;6028;8.07;0.49;230.45;5.79;758;55;2065.00;33
5241;55;628178361;5241;242;5995;6028;8.17;0.50;230.45;5.79;754;55;2066.00;33
5244;55;628178375;5244;235;5996;6029;8.31;0.51;230.58;5.78;752;55;2067.00;33
5248;55;628178388;5248;234;5997;6030;8.42;0.51;230.64;5.78;749;55;2068.00;33
5252;55;628178401;5252;228;5998;6030;8.45;0.52;230.76;5.88;746;55;2069.00;32
5257;55;628178427;5257;225;6001;6036;8.52;0.52;230.78;5.87;744;55;2070.00;35
5261;55;628178442;5261;221;6001;6036;8.52;0.52;230.85;5.87;740;55;2071.00;35
5266;55;628178455;5266;218;6002;6036;8.49;0.52;230.91;5.87;736;55;2072.00;34
5271;55;628178469;5271;225;6002;6036;8.48;0.52;230.94;5.87;731;55;2073.00;34
5277;55;628178481;5277;218;6006;6042;8.51;0.52;230.92;5.87;729;55;2074.00;36
5281;55;628178493;5281;223;6006;6042;8.55;0.52;230.91;5.87;725;55;2075.00;36
5289;55;628178504;5289;220;6007;6042;8.55;0.52;230.97;5.87;718;55;2076.00;35
5294;55;628178519;5294;220;6007;6042;8.64;0.53;231.00;5.87;713;55;2077.00;35
5297;55;628178530;5297;226;6012;6046;8.72;0.53;230.99;5.87;715;55;2078.00;34
5304;55;628178547;5304;225;6013;6047;8.72;0.53;231.04;5.87;709;55;2079.00;34
5311;55;628178558;5311;227;6014;6047;8.72;0.53;231.16;5.87;703;55;2080.00;33
5315;55;628178569;5315;231;6015;6048;8.72;0.53;231.27;5.86;700;55;2081.00;33
5321;55;628178580;5321;223;6015;6048;8.73;0.53;231.27;5.86;694;55;2082.00;33
5325;55;628178592;5325;228;6015;6048;8.68;0.53;231.31;5.86;690;55;2083.00;33
5329;55;628178604;5329;230;6015;6048;8.70;0.53;231.35;5.86;686;55;2084.00;33
5333;55;628178616;5333;233;6015;6048;8.67;0.53;231.40;5.86;682;55;2085.00;33
5335;55;628178628;5335;235;6015;6048;8.72;0.53;231.40;5.86;680;55;2086.00;33
5337;55;628178641;5337;225;6015;6048;8.79;0.53;231.40;5.86;678;55;2087.00;33
5341;55;628178656;5341;229;6056;6118;8.84;0.54;231.44;5.82;715;55;2088.00;62
5345;56;628178679;5345;210;6057;6119;8.92;0.54;231.46;5.82;712;56;2089.00;62
5347;56;628178711;5347;203;6063;6119;9.10;0.55;231.49;5.82;716;56;2090.00;56
5349;56;628178725;5349;196;6064;6119;9.21;0.56;231.51;5.82;715;56;2091.00;55
5353;56;628178738;5353;188;6069;6119;9.37;0.57;231.55;5.82;716;56;2092.00;50
5354;56;628178752;5354;184;6073;6119;9.52;0.58;231.62;5.82;719;56;2093.00;46
5358;56;628178766;5358;179;6078;6119;9.66;0.59;231.63;5.82;720;56;2094.00;41
5361;56;628178779;5361;183;6079;6119;9.77;0.59;231.70;5.82;718;56;2095.00;40
5367;56;628178793;5367;168;6081;6120;9.84;0.60;231.73;5.82;714;56;2096.00;39
5368;56;628178809;5368;154;6082;6121;9.91;0.60;231.76;5.82;714;56;2097.00;39
5371;56;628178823;5371;145;6083;6121;10.02;0.61;231.81;5.82;712;56;2098.00;38
5375;56;628178851;5375;149;6086;6125;10.09;0.61;231.84;5.81;711;56;2099.00;39
5376;56;628178878;5376;147;6090;6140;10.22;0.62;231.88;5.81;714;56;2100.00;50
5380;56;628178899;5380;137;6090;6140;10.36;0.63;231.88;5.81;710;56;2101.00;50
5383;56;628178915;5383;134;6090;6140;10.58;0.64;231.94;5.81;707;56;2102.00;50
5385;56;628178930;5385;129;6093;6146;10.68;0.65;232.01;5.81;708;56;2103.00;53
5387;56;628178951;5387;125;6093;6146;10.82;0.66;232.08;5.81;706;56;2104.00;53
5390;56;628178970;5390;126;6094;6146;10.99;0.67;232.17;5.81;704;56;2105.00;52
5390;56;628178983;5390;129;6097;6149;11.11;0.68;232.17;5.81;707;56;2106.00;52
5393;56;628178996;5393;126;6097;6149;11.23;0.68;232.20;5.81;704;56;2107.00;52
5395;56;628179009;5395;128;6097;6149;11.44;0.70;232.23;5.81;702;56;2108.00;52
5398;56;628179020;5398;127;6097;6150;11.54;0.70;232.23;5.81;699;56;2109.00;53
5402;56;628179033;5402;127;6099;6151;11.60;0.70;232.24;5.81;697;56;2110.00;52
5403;56;628179045;5403;125;6099;6151;11.69;0.71;232.22;5.81;696;56;2111.00;52
5407;56;628179056;5407;131;6109;6164;11.67;0.71;232.27;5.80;702;56;2112.00;55
5409;56;628179077;5409;130;6109;6164;11.72;0.71;232.27;5.80;700;56;2113.00;55
5411;56;628179094;5411;132;6109;6164;11.77;0.71;232.33;5.80;698;56;2114.00;55
5416;56;628179106;5416;133;6111;6166;11.81;0.72;232.41;5.80;695;56;2115.00;55
5416;56;628179119;5416;135;6112;6166;11.86;0.72;232.41;5.80;696;56;2116.00;54
5420;56;628179130;5420;135;6114;6170;11.89;0.72;232.46;5.80;694;56;2117.00;56
5422;56;628179143;5422;133;6115;6170;11.98;0.73;232.51;5.80;693;56;2118.00;55
5425;57;628179155;5425;134;6118;6174;12.02;0.73;232.52;5.80;693;57;2119.00;56
5429;57;628179186;5429;130;6118;6174;12.10;0.74;232.59;5.80;689;57;2120.00;56
5432;57;628179198;5432;128;6119;6174;12.15;0.74;232.63;5.80;687;57;2121.00;55
5435;57;628179216;5435;130;6119;6174;12.16;0.74;232.62;5.80;684;57;2122.00;55
5438;57;628179227;5438;128;6119;6174;12.12;0.74;232.73;5.80;681;57;2123.00;55
5441;57;628179238;5441;125;6130;6186;11.97;0.73;232.76;5.80;689;57;2124.00;56
5444;57;628179251;5444;126;6130;6186;11.93;0.73;232.76;5.80;686;57;2125.00;56
5446;57;628179262;5446;127;6132;6186;11.94;0.73;232.76;5.80;686;57;2126.00;54
5448;57;628179273;5448;130;6133;6186;11.98;0.73;232.78;5.80;685;57;2127.00;53
5451;57;628179283;5451;129;6133;6186;12.06;0.74;232.79;5.80;682;57;2128.00;53
5455;57;628179294;5455;129;6134;6186;12.10;0.74;232.76;5.80;679;57;2129.00;52
5457;57;628179307;5457;129;6136;6187;12.27;0.75;232.78;5.81;679;57;2130.00;51
5461;57;628179317;5461;129;6137;6187;12.34;0.75;232.82;5.81;676;57;2131.00;50
5464;57;628179328;5464;129;6141;6193;12.26;0.75;232.84;5.81;677;57;2132.00;52
5468;57;628179342;5468;133;6143;6194;12.23;0.74;232.81;5.81;675;57;2133.00;51
5474;57;628179358;5474;131;6144;6194;12.12;0.74;232.92;5.81;670;57;2134.00;50
5477;57;628179373;5477;134;6146;6194;12.03;0.73;232.89;5.90;669;57;2135.00;48
5481;57;628179386;5481;140;6149;6198;11.93;0.73;232.94;5.89;668;57;2136.00;49
5485;57;628179400;5485;140;6149;6198;11.89;0.72;232.89;5.89;664;57;2137.00;49
5485;57;628179414;5485;144;6149;6198;11.80;0.72;232.89;5.89;664;57;2138.00;49
5489;57;628179429;5489;140;6151;6199;11.72;0.71;232.84;5.98;662;57;2139.00;48
5494;57;628179448;5494;135;6154;6203;11.60;0.71;232.81;5.98;660;57;2140.00;49
5497;57;628179463;5497;128;6154;6203;11.61;0.71;232.77;5.98;657;57;2141.00;49
5500;57;628179492;5500;128;6157;6206;11.51;0.70;232.76;6.06;657;57;2142.00;49
5504;57;628179518;5504;127;6157;6206;11.52;0.70;232.76;6.06;653;57;2143.00;49
5508;57;628179531;5508;129;6158;6206;11.56;0.70;232.73;6.06;650;57;2144.00;48
5512;57;628179545;5512;128;6161;6206;11.60;0.71;232.74;6.17;649;57;2145.00;45
5515;57;628179557;5515;129;6164;6210;11.68;0.71;232.69;6.16;649;57;2146.00;46
5519;57;628179574;5519;125;6165;6210;11.70;0.71;232.82;6.24;646;57;2147.00;45
5519;57;628179584;5519;126;6166;6210;11.82;0.72;232.82;6.24;647;57;2148.00;44
5526;57;628179594;5526;124;6167;6210;11.87;0.72;232.87;6.32;641;57;2149.00;43
5530;57;628179607;5530;124;6167;6211;11.91;0.72;232.86;6.32;637;57;2150.00;44
5535;57;628179618;5535;123;6168;6212;11.90;0.72;232.84;6.31;633;57;2151.00;44
5538;57;628179628;5538;125;6169;6212;11.80;0.72;232.84;6.39;631;57;2152.00;43
5540;57;628179639;5540;129;6170;6213;11.76;0.72;232.79;6.39;630;57;2153.00;43
5541;57;628179648;5541;129;6170;6213;11.76;0.72;232.76;6.39;629;57;2154.00;43
5543;57;628179658;5543;128;6170;6213;11.67;0.71;232.75;6.39;627;57;2155.00;43
5544;57;628179667;5544;133;6170;6213;11.59;0.70;232.72;6.39;626;57;2156.00;43
5546;57;628179677;5546;132;6170;6213;11.52;0.70;232.74;6.39;624;57;2157.00;43
5548;57;628179686;5548;138;6170;6213;11.49;0.70;232.72;6.39;622;57;2158.00;43
5553;57;628179696;5553;141;6170;6213;11.47;0.70;232.77;6.39;617;57;2159.00;43
5554;57;628179706;5554;175;6265;6443;11.16;0.70;232.85;6.29;711;57;2160.00;178
5558;57;628179734;5558;174;6267;6444;11.14;0.70;232.81;6.29;709;57;2161.00;177
5559;57;628179744;5559;162;6277;6444;11.14;0.70;232.79;6.28;718;57;2162.00;167
5559;57;628179761;5559;167;6285;6444;11.10;0.69;232.79;6.28;726;57;2163.00;159
5562;57;628179770;5562;171;6294;6444;10.94;0.68;232.89;6.28;732;57;2164.00;150
5563;57;628179780;5563;174;6301;6444;10.92;0.68;232.88;6.28;738;57;2165.00;143
5564;57;628179790;5564;173;6308;6444;10.81;0.67;232.85;6.28;744;57;2166.00;136
5570;57;628179800;5570;171;6314;6444;10.72;0.67;232.77;6.28;744;57;2167.00;130
5573;57;628179819;5573;170;6318;6445;10.67;0.66;232.81;6.28;745;57;2168.00;127
5575;57;628179829;5575;174;6324;6446;10.62;0.66;232.74;6.28;749;57;2169.00;122
5580;57;628179839;5580;180;6328;6446;10.53;0.65;232.78;6.29;748;57;2170.00;118
5582;57;628179850;5582;185;6336;6447;10.33;0.64;232.77;6.31;754;57;2171.00;111
5584;57;628179861;5584;196;6339;6447;10.21;0.63;232.76;6.31;755;57;2172.00;108
5584;57;628179871;5584;202;6341;6447;10.19;0.63;232.76;6.33;757;57;2173.00;106
5587;57;628179881;5587;210;6346;6447;10.13;0.63;232.78;6.33;759;57;2174.00;101
5591;57;628179891;5591;217;6351;6451;9.98;0.62;232.84;6.34;760;57;2175.00;100
5592;57;628179902;5592;229;6355;6451;9.73;0.60;232.81;6.36;763;57;2176.00;96
5593;57;628179912;5593;230;6358;6451;9.50;0.58;232.81;6.36;765;57;2177.00;93
5596;57;628179923;5596;241;6361;6454;9.31;0.57;232.85;6.37;765;57;2178.00;93
5600;57;628179934;5600;243;6366;6454;9.09;0.56;232.85;6.39;766;57;2179.00;88
5601;57;628179944;5601;250;6369;6454;8.91;0.55;232.84;6.39;768;57;2180.00;85
5603;57;628179953;5603;264;6376;6458;8.73;0.54;232.79;6.40;773;57;2181.00;82
5604;57;628179964;5604;274;6382;6459;8.55;0.53;232.79;6.43;778;57;2182.00;77
5607;57;628179975;5607;290;6386;6459;8.33;0.51;232.79;6.45;779;57;2183.00;73
5609;57;628179985;5609;300;6393;6463;8.19;0.50;232.78;6.48;784;57;2184.00;70
5612;57;628179994;5612;307;6396;6463;8.05;0.49;232.76;6.48;784;57;2185.00;67
5614;57;628180004;5614;315;6398;6463;7.86;0.48;232.68;6.49;784;57;2186.00;65
5617;57;628180014;5617;321;6402;6464;7.75;0.47;232.66;6.50;785;57;2187.00;62
5618;57;628180030;5618;332;6403;6464;7.63;0.47;232.63;6.50;785;57;2188.00;61
5619;57;628180040;5619;336;6410;6470;7.56;0.46;232.62;6.52;791;57;2189.00;60
5622;57;628180058;5622;338;6413;6470;7.46;0.46;232.59;6.52;791;57;2190.00;57
5623;57;628180068;5623;346;6415;6471;7.37;0.45;232.57;6.53;792;57;2191.00;56
5625;57;628180078;5625;350;6415;6471;7.27;0.44;232.49;6.53;790;57;2192.00;56
5625;57;628180088;5625;354;6417;6471;7.18;0.44;232.49;6.54;792;57;2193.00;54
5627;57;628180099;5627;361;6417;6471;7.06;0.43;232.43;6.54;790;57;2194.00;54
5629;57;628180108;5629;351;6418;6471;6.99;0.43;232.43;6.54;789;57;2195.00;53
5629;57;628180118;5629;343;6430;6483;6.97;0.43;232.43;6.53;801;57;2196.00;53
5630;57;628180128;5630;330;6430;6483;6.94;0.43;232.46;6.53;800;57;2197.00;53
5632;57;628180139;5632;328;6432;6483;6.96;0.43;232.41;6.54;800;57;2198.00;51
5634;57;628180149;5634;318;6432;6483;6.94;0.43;232.37;6.54;798;57;2199.00;51
5635;57;628180160;5635;313;6434;6483;6.89;0.42;232.37;6.55;799;57;2200.00;49
5638;57;628180174;5638;314;6434;6483;6.84;0.42;232.35;6.55;796;57;2201.00;49
5640;57;628180190;5640;316;6437;6487;6.87;0.42;232.31;6.55;797;57;2202.00;50
5642;58;628180202;5642;318;6439;6487;6.87;0.42;232.30;6.56;797;58;2203.00;48
5644;58;628180229;5644;315;6444;6491;6.83;0.42;232.31;6.56;800;58;2204.00;47
5647;59;628180240;5647;309;6446;6493;6.77;0.41;232.34;6.56;799;59;2205.00;47
5650;60;628180265;5650;302;6446;6493;6.73;0.41;232.34;6.56;796;60;2206.00;47
5653;60;628180291;5653;304;6447;6493;6.61;0.41;232.40;6.56;794;60;2207.00;46
5656;60;628180307;5656;312;6459;6506;6.55;0.40;232.48;6.55;803;60;2208.00;47
5658;60;628180325;5658;316;6461;6506;6.55;0.40;232.41;6.55;803;60;2209.00;45
5661;60;628180335;5661;300;6462;6508;6.55;0.40;232.46;6.55;801;60;2210.00;46
5662;60;628180346;5662;289;6463;6509;6.64;0.41;232.45;6.55;801;60;2211.00;46
5665;60;628180355;5665;278;6464;6510;6.78;0.42;232.45;6.55;799;60;2212.00;46
5667;60;628180366;5667;273;6466;6510;6.90;0.42;232.46;6.55;799;60;2213.00;44
5667;60;628180376;5667;273;6469;6513;7.04;0.43;232.46;6.55;802;60;2214.00;44
5670;60;628180386;5670;274;6469;6513;7.15;0.44;232.48;6.55;799;60;2215.00;44
5673;60;628180397;5673;265;6469;6513;7.25;0.45;232.56;6.55;796;60;2216.00;44
5678;60;628180407;5678;258;6469;6513;7.33;0.45;232.51;6.55;791;60;2217.00;44
5680;60;628180418;5680;252;6473;6519;7.46;0.46;232.57;6.55;793;60;2218.00;46
5683;60;628180442;5683;242;6473;6519;7.55;0.46;232.64;6.55;790;60;2219.00;46
5686;60;628180455;5686;229;6474;6519;7.65;0.47;232.63;6.55;788;60;2220.00;45
5690;60;628180465;5690;223;6474;6519;7.75;0.48;232.68;6.55;784;60;2221.00;45
5694;60;628180477;5694;220;6479;6523;7.83;0.48;232.74;6.55;785;60;2222.00;44
5700;60;628180488;5700;216;6480;6524;7.93;0.49;232.76;6.54;780;60;2223.00;44
5704;60;628180499;5704;214;6481;6524;8.04;0.49;232.82;6.54;777;60;2224.00;43
5710;60;628180510;5710;210;6482;6525;8.07;0.49;232.86;6.54;772;60;2225.00;43
5713;60;628180521;5713;212;6482;6525;8.13;0.50;232.91;6.54;769;60;2226.00;43
5717;60;628180533;5717;215;6482;6525;8.17;0.50;232.94;6.54;765;60;2227.00;43
5720;60;628180543;5720;214;6482;6525;8.20;0.50;232.98;6.54;762;60;2228.00;43
5725;60;628180553;5725;212;6482;6525;8.24;0.50;232.93;6.54;757;60;2229.00;43
5729;60;628180564;5729;209;6482;6525;8.20;0.50;232.88;6.54;753;60;2230.00;43
5735;60;628180574;5735;208;6482;6525;8.21;0.50;232.83;6.54;747;60;2231.00;43
5738;60;628180585;5738;216;6518;6595;8.35;0.51;232.81;6.51;780;60;2232.00;77
5743;60;628180609;5743;211;6519;6596;8.41;0.51;232.83;6.51;776;60;2233.00;77
5748;60;628180621;5748;201;6526;6596;8.63;0.53;232.85;6.50;778;60;2234.00;70
5754;60;628180633;5754;201;6533;6596;8.71;0.53;232.87;6.50;779;60;2235.00;63
5758;60;628180645;5758;196;6536;6596;8.83;0.54;232.98;6.50;778;60;2236.00;60
5762;60;628180657;5762;191;6541;6596;8.92;0.54;232.98;6.50;779;60;2237.00;55
5767;60;628180670;5767;194;6544;6596;8.89;0.54;233.04;6.50;777;60;2238.00;52
5772;60;628180682;5772;198;6546;6596;8.95;0.54;232.98;6.50;774;60;2239.00;50
5777;60;628180695;5777;203;6548;6597;8.92;0.54;233.03;6.50;771;60;2240.00;49
5777;60;628180707;5777;202;6549;6598;8.96;0.54;233.03;6.49;772;60;2241.00;49
5779;60;628180718;5779;207;6550;6598;8.95;0.54;233.09;6.49;771;60;2242.00;48
5783;60;628180728;5783;208;6553;6602;8.96;0.54;233.04;6.49;770;60;2243.00;49
5784;60;628180739;5784;214;6553;6602;9.01;0.55;233.06;6.49;769;60;2244.00;49
5790;60;628180750;5790;221;6553;6602;9.04;0.55;233.12;6.49;763;60;2245.00;49
5795;60;628180761;5795;222;6553;6602;9.13;0.56;233.19;6.49;758;60;2246.00;49
5801;60;628180772;5801;225;6557;6608;9.16;0.56;233.21;6.49;756;60;2247.00;51
5804;60;628180783;5804;223;6557;6608;9.19;0.56;233.23;6.49;753;60;2248.00;51
5808;60;628180794;5808;222;6558;6608;9.21;0.56;233.27;6.49;750;60;2249.00;50
5809;60;628180806;5809;223;6561;6614;9.31;0.57;233.25;6.49;752;60;2250.00;53
5815;60;628180818;5815;221;6562;6614;9.31;0.57;233.34;6.48;747;60;2251.00;52
5817;60;628180829;5817;222;6563;6614;9.33;0.57;233.31;6.56;746;60;2252.00;51
5824;60;628180841;5824;220;6564;6615;9.34;0.57;233.38;6.56;740;60;2253.00;51
5826;60;628180853;5826;215;6565;6616;9.37;0.57;233.41;6.56;739;60;2254.00;51
5828;60;628180864;5828;222;6566;6616;9.39;0.57;233.44;6.56;738;60;2255.00;50
5831;60;628180880;5831;225;6576;6629;9.42;0.57;233.49;6.55;745;60;2256.00;53
5837;60;628180893;5837;221;6577;6629;9.38;0.57;233.53;6.55;740;60;2257.00;52
5842;60;628180904;5842;213;6577;6629;9.36;0.57;233.60;6.55;735;60;2258.00;52
5846;60;628180916;5846;210;6578;6630;9.44;0.57;233.74;6.55;732;60;2259.00;52
5850;60;628180927;5850;208;6578;6630;9.46;0.57;233.74;6.55;728;60;2260.00;52
5855;60;628180939;5855;206;6581;6634;9.54;0.58;233.80;6.55;726;60;2261.00;53
5858;60;628180952;5858;208;6581;6634;9.63;0.59;233.83;6.55;723;60;2262.00;53
5861;60;628180969;5861;207;6585;6638;9.65;0.59;233.86;6.54;724;61;2263.00;53
5865;60;628180989;5865;205;6585;6638;9.67;0.59;233.96;6.54;720;61;2264.00;53
5867;60;628181000;5867;206;6585;6638;9.73;0.59;233.93;6.54;718;61;2265.00;53
5869;60;628181012;5869;190;6585;6638;9.77;0.59;233.93;6.54;716;61;2266.00;53
5871;60;628181023;5871;178;6585;6638;9.83;0.60;233.97;6.54;714;61;2267.00;53
5872;60;628181034;5872;171;6595;6650;9.90;0.60;233.96;6.53;723;61;2268.00;55
5874;60;628181047;5874;163;6595;6650;9.99;0.61;233.99;6.53;721;61;2269.00;55
5879;60;628181058;5879;155;6596;6650;10.06;0.61;234.04;6.53;717;61;2270.00;54
5881;60;628181070;5881;149;6596;6650;10.14;0.62;234.08;6.53;715;61;2271.00;54
5882;60;628181083;5882;140;6596;6650;10.28;0.63;234.09;6.53;714;61;2272.00;54
5885;60;628181095;5885;134;6596;6650;10.36;0.63;234.13;6.53;711;61;2273.00;54
5887;60;628181107;5887;130;6596;6651;10.47;0.64;234.15;6.53;709;61;2274.00;55
5889;60;628181120;5889;135;6596;6651;10.61;0.65;234.16;6.53;707;61;2275.00;55
5890;60;628181132;5890;138;6600;6657;10.73;0.65;234.19;6.53;710;61;2276.00;57
5894;60;628181144;5894;135;6601;6658;10.83;0.66;234.22;6.53;707;61;2277.00;57
5897;61;628181156;5897;126;6602;6658;10.95;0.67;234.23;6.53;705;62;2278.00;56
5899;61;628181178;5899;123;6602;6658;11.05;0.67;234.21;6.53;703;62;2279.00;56
5902;61;628181195;5902;121;6606;6663;11.18;0.68;234.19;6.52;704;62;2280.00;57
5905;61;628181207;5905;122;6606;6663;11.27;0.69;234.24;6.52;701;62;2281.00;57
5908;61;628181218;5908;118;6607;6663;11.30;0.69;234.22;6.61;699;62;2282.00;56
5910;61;628181229;5910;123;6608;6664;11.33;0.69;234.27;6.61;698;62;2283.00;56
5913;61;628181240;5913;119;6611;6668;11.29;0.69;234.27;6.60;698;62;2284.00;57
5914;61;628181252;5914;120;6611;6668;11.29;0.69;234.29;6.60;697;62;2285.00;57
5917;61;628181269;5917;124;6613;6671;11.23;0.68;234.31;6.60;696;62;2286.00;58
5922;61;628181280;5922;119;6613;6671;11.19;0.68;234.29;6.60;691;62;2287.00;58
5925;61;628181290;5925;126;6614;6671;11.13;0.68;234.36;6.60;689;62;2288.00;57
5928;61;628181301;5928;125;6614;6671;11.06;0.67;234.40;6.60;686;62;2289.00;57
5931;61;628181311;5931;125;6617;6675;11.03;0.67;234.42;6.60;686;62;2290.00;58
5934;61;628181321;5934;125;6617;6675;11.04;0.67;234.39;6.60;683;62;2291.00;58
5934;61;628181331;5934;124;6618;6675;11.12;0.68;234.39;6.60;684;62;2292.00;57
5937;62;628181342;5937;127;6618;6675;11.17;0.68;234.39;6.60;681;63;2293.00;57
5940;62;628181359;5940;131;6618;6676;11.20;0.68;234.41;6.60;678;63;2294.00;58
5941;62;628181369;5941;135;6620;6678;11.25;0.69;234.42;6.60;679;63;2295.00;58
5945;62;628181389;5945;135;6620;6678;11.27;0.69;234.39;6.60;675;63;2296.00;58
5948;62;628181399;5948;135;6621;6679;11.33;0.69;234.44;6.60;673;63;2297.00;58
5950;62;628181410;5950;136;6621;6679;11.27;0.69;234.46;6.60;671;63;2298.00;58
5955;62;628181419;5955;137;6621;6679;11.20;0.68;234.59;6.60;666;63;2299.00;58
5959;62;628181445;5959;144;6621;6679;11.12;0.68;234.56;6.60;662;63;2300.00;58
5962;62;628181469;5962;147;6621;6679;11.15;0.68;234.59;6.60;659;63;2301.00;58
5963;62;628181493;5963;151;6621;6679;11.08;0.67;234.57;6.60;658;63;2302.00;58
5968;62;628181506;5968;154;6621;6679;11.10;0.67;234.67;6.60;653;63;2303.00;58
5971;62;628181520;5971;182;6694;6806;10.74;0.66;234.62;6.52;723;63;2304.00;112
5972;62;628181547;5972;173;6694;6807;10.78;0.66;234.62;6.52;722;63;2305.00;113
5977;62;628181558;5977;166;6701;6807;10.95;0.67;234.62;6.52;724;63;2306.00;106
5982;62;628181569;5982;165;6702;6807;11.05;0.68;234.61;6.52;720;63;2307.00;105
5984;62;628181579;5984;163;6708;6807;11.13;0.68;234.60;6.52;724;63;2308.00;99
5985;62;628181590;5985;162;6712;6807;11.22;0.69;234.58;6.52;727;63;2309.00;95
5989;62;628181603;5989;160;6718;6807;11.22;0.69;234.59;6.52;729;63;2310.00;89
5992;62;628181613;5992;157;6722;6807;11.32;0.69;234.65;6.52;730;63;2311.00;85
5994;63;628181625;5994;153;6727;6808;11.32;0.69;234.62;6.52;733;64;2312.00;81
5997;63;628181650;5997;156;6729;6809;11.30;0.69;234.57;6.52;732;64;2313.00;80
6002;63;628181671;6002;154;6732;6809;11.29;0.69;234.54;6.53;730;64;2314.00;77
6004;63;628181683;6004;159;6733;6810;11.27;0.69;234.50;6.53;729;64;2315.00;77
6005;63;628181693;6005;156;6735;6810;11.22;0.69;234.56;6.54;730;64;2316.00;75
6009;63;628181703;6009;146;6736;6810;11.17;0.68;234.50;6.54;727;64;2317.00;74
6011;63;628181713;6011;147;6738;6810;11.12;0.68;234.48;6.55;727;64;2318.00;72
6013;63;628181724;6013;154;6741;6814;11.05;0.68;234.44;6.55;728;64;2319.00;73
6014;63;628181734;6014;154;6743;6814;11.00;0.67;234.44;6.55;729;64;2320.00;71
6018;64;628181744;6018;153;6744;6814;10.95;0.67;234.39;6.55;726;65;2321.00;70
6019;64;628181777;6019;153;6746;6817;10.89;0.67;234.36;6.55;727;65;2322.00;71
6023;64;628181788;6023;160;6747;6817;10.85;0.66;234.35;6.55;724;65;2323.00;70
6026;64;628181805;6026;166;6748;6817;10.78;0.66;234.32;6.55;722;65;2324.00;69
6028;64;628181816;6028;174;6751;6821;10.66;0.65;234.31;6.55;723;65;2325.00;70
6030;64;628181826;6030;178;6753;6822;10.51;0.64;234.30;6.55;723;65;2326.00;69
6035;64;628181837;6035;184;6754;6822;10.47;0.64;234.34;6.55;719;65;2327.00;68
6035;64;628181847;6035;188;6757;6826;10.38;0.63;234.34;6.54;722;65;2328.00;69
6042;64;628181857;6042;190;6757;6826;10.27;0.62;234.27;6.54;715;65;2329.00;69
6046;64;628181868;6046;194;6757;6826;10.21;0.62;234.23;6.54;711;65;2330.00;69
6049;64;628181878;6049;200;6758;6827;10.09;0.61;234.14;6.54;709;65;2331.00;69
6051;64;628181894;6051;205;6758;6827;9.96;0.60;234.09;6.54;707;65;2332.00;69
6052;64;628181904;6052;211;6762;6833;9.91;0.60;234.06;6.54;710;65;2333.00;71
6053;64;628181914;6053;218;6763;6833;9.78;0.59;234.05;6.54;710;65;2334.00;70
6053;64;628181925;6053;223;6763;6834;9.68;0.59;234.05;6.54;710;65;2335.00;71
6053;64;628181934;6053;227;6764;6834;9.54;0.58;234.05;6.55;711;65;2336.00;70
6055;64;628181944;6055;238;6765;6834;9.44;0.57;233.99;6.57;710;65;2337.00;69
6058;64;628181953;6058;238;6765;6834;9.31;0.57;233.96;6.57;707;65;2338.00;69
6058;64;628181964;6058;244;6765;6834;9.18;0.56;233.96;6.57;707;65;2339.00;69
6060;64;628181976;6060;250;6787;6870;9.17;0.56;233.94;6.56;727;65;2340.00;83
6063;64;628181988;6063;257;6788;6870;9.06;0.55;233.94;6.58;725;65;2341.00;82
6064;64;628181998;6064;263;6792;6870;9.01;0.55;233.93;6.59;728;65;2342.00;78
6066;64;628182007;6066;268;6795;6870;8.90;0.54;233.88;6.60;729;65;2343.00;75
6069;64;628182017;6069;270;6798;6870;8.87;0.54;233.86;6.61;729;65;2344.00;72
6070;64;628182026;6070;282;6799;6870;8.78;0.54;233.84;6.62;729;65;2345.00;71
6070;64;628182036;6070;282;6804;6874;8.72;0.53;233.84;6.63;734;65;2346.00;70
6071;64;628182044;6071;280;6805;6874;8.68;0.53;233.84;6.63;734;65;2347.00;69
6074;64;628182054;6074;270;6809;6878;8.70;0.53;233.77;6.64;735;65;2348.00;69
6075;64;628182064;6075;270;6812;6879;8.74;0.54;233.87;6.65;737;65;2349.00;67
6076;64;628182073;6076;260;6813;6879;8.83;0.54;233.85;6.65;737;65;2350.00;66
6076;65;628182084;6076;259;6815;6879;8.78;0.54;233.85;6.67;739;66;2351.00;64
6079;65;628182101;6079;254;6828;6892;8.76;0.54;233.77;6.66;749;66;2352.00;64
6080;65;628182112;6080;253;6829;6892;8.79;0.54;233.77;6.67;749;66;2353.00;63
6080;65;628182132;6080;246;6831;6892;8.78;0.54;233.77;6.68;751;66;2354.00;61
6083;65;628182142;6083;240;6832;6893;8.81;0.54;233.74;6.68;749;66;2355.00;61
6084;65;628182152;6084;246;6833;6894;8.79;0.54;233.79;6.68;749;66;2356.00;61
6085;65;628182162;6085;248;6834;6894;8.74;0.53;233.78;6.69;749;66;2357.00;60
6087;65;628182172;6087;248;6836;6897;8.80;0.54;233.74;6.69;749;66;2358.00;61
6087;65;628182182;6087;249;6837;6897;8.73;0.53;233.74;6.69;750;66;2359.00;60
6088;65;628182192;6088;248;6839;6897;8.72;0.53;233.75;6.69;751;66;2360.00;58
6088;65;628182201;6088;247;6839;6897;8.71;0.53;233.75;6.69;751;66;2361.00;58
6089;65;628182211;6089;247;6845;6903;8.67;0.53;233.74;6.70;756;66;2362.00;58
6090;65;628182221;6090;242;6845;6903;8.58;0.52;233.72;6.70;755;66;2363.00;58
6092;65;628182231;6092;245;6847;6903;8.52;0.52;233.69;6.71;755;66;2364.00;56
6093;65;628182241;6093;243;6847;6903;8.51;0.52;233.68;6.71;754;66;2365.00;56
6094;65;628182251;6094;246;6850;6907;8.47;0.52;233.67;6.70;756;66;2366.00;57
6094;65;628182261;6094;255;6853;6908;8.53;0.52;233.67;6.72;759;66;2367.00;55
6095;65;628182271;6095;254;6854;6908;8.48;0.52;233.66;6.73;759;66;2368.00;54
6097;65;628182281;6097;260;6855;6909;8.47;0.52;233.66;6.73;758;66;2369.00;54
6099;65;628182293;6099;257;6858;6909;8.47;0.52;233.67;6.74;759;66;2370.00;51
6100;65;628182302;6100;253;6858;6909;8.45;0.52;233.66;6.74;758;66;2371.00;51
6105;65;628182312;6105;257;6859;6909;8.37;0.51;233.76;6.75;754;66;2372.00;50
6110;65;628182322;6110;257;6859;6909;8.33;0.51;233.74;6.75;749;66;2373.00;50
6115;65;628182331;6115;253;6859;6909;8.28;0.51;233.83;6.75;744;66;2374.00;50
6118;65;628182340;6118;242;6862;6909;8.21;0.50;233.87;6.76;744;66;2375.00;47
6119;65;628182350;6119;252;6900;6979;8.28;0.51;233.88;6.72;781;66;2376.00;79
6122;65;628182365;6122;244;6904;6980;8.17;0.50;233.91;6.72;782;66;2377.00;76
6127;65;628182375;6127;240;6911;6980;8.12;0.50;233.83;6.72;784;66;2378.00;69
6134;65;628182384;6134;249;6911;6980;7.99;0.49;233.86;6.72;777;66;2379.00;69
6137;65;628182394;6137;239;6917;6980;7.98;0.49;233.92;6.71;780;66;2380.00;63
6143;65;628182404;6143;236;6921;6980;7.92;0.49;233.93;6.71;778;66;2381.00;59
6146;65;628182414;6146;232;6922;6980;7.86;0.48;233.97;6.71;776;66;2382.00;58
6151;65;628182424;6151;230;6926;6980;7.80;0.48;234.04;6.71;775;66;2383.00;54
6157;65;628182435;6157;235;6929;6981;7.81;0.48;234.05;6.71;772;66;2384.00;52
6160;65;628182445;6160;239;6934;6983;7.89;0.48;234.04;6.71;774;66;2385.00;49
6166;65;628182456;6166;245;6937;6983;7.91;0.49;234.11;6.71;771;66;2386.00;46
6172;65;628182468;6172;243;6941;6987;7.90;0.48;234.12;6.71;769;66;2387.00;46
6173;65;628182480;6173;239;6941;6987;8.02;0.49;234.14;6.71;768;66;2388.00;46
6179;65;628182490;6179;235;6941;6987;8.13;0.50;234.18;6.71;762;66;2389.00;46
6182;65;628182500;6182;236;6941;6987;8.21;0.50;234.15;6.71;759;66;2390.00;46
6185;65;628182509;6185;239;6946;6993;8.30;0.51;234.15;6.71;761;66;2391.00;47
6191;65;628182520;6191;234;6947;6993;8.39;0.52;234.15;6.71;756;66;2392.00;46
6193;65;628182530;6193;229;6947;6993;8.52;0.52;234.21;6.71;754;66;2393.00;46
6198;65;628182540;6198;231;6949;6996;8.57;0.53;234.21;6.70;751;66;2394.00;47
6203;65;628182550;6203;235;6950;6996;8.68;0.53;234.23;6.70;747;66;2395.00;46
6211;65;628182561;6211;233;6950;6996;8.76;0.54;234.37;6.70;739;66;2396.00;46
6217;65;628182571;6217;229;6951;6997;8.83;0.54;234.33;6.70;734;66;2397.00;46
6226;65;628182581;6226;227;6952;6998;8.87;0.54;234.31;6.70;726;66;2398.00;46
6230;65;628182592;6230;222;6952;6998;8.85;0.54;234.31;6.70;722;66;2399.00;46
6237;65;628182605;6237;223;6976;7057;8.86;0.54;234.20;6.68;739;66;2400.00;81
6241;65;628182625;6241;204;6978;7057;8.94;0.54;234.20;6.68;737;66;2401.00;79
6245;65;628182635;6245;194;6980;7057;9.01;0.55;234.18;6.68;735;66;2402.00;77
6248;65;628182646;6248;187;6982;7058;9.11;0.56;234.21;6.67;734;66;2403.00;76
6253;65;628182657;6253;187;6983;7058;9.09;0.55;234.25;6.67;730;66;2404.00;75
6254;65;628182667;6254;186;6986;7062;9.13;0.56;234.23;6.67;732;66;2405.00;76
6259;65;628182678;6259;189;6987;7062;9.17;0.56;234.20;6.67;728;66;2406.00;75
6263;65;628182689;6263;189;6992;7066;9.12;0.56;234.27;6.67;729;66;2407.00;74
6263;65;628182700;6263;189;6992;7066;9.18;0.56;234.27;6.67;729;66;2408.00;74
6270;65;628182711;6270;190;6993;7066;9.18;0.56;234.46;6.67;723;66;2409.00;73
6273;65;628182721;6273;189;6993;7066;9.12;0.56;234.49;6.67;720;66;2410.00;73
6278;65;628182732;6278;193;6993;7066;9.10;0.56;234.50;6.67;715;66;2411.00;73
6285;65;628182743;6285;195;7001;7078;9.10;0.56;234.60;6.66;716;66;2412.00;77
6286;65;628182755;6286;199;7003;7078;9.18;0.56;234.59;6.67;717;66;2413.00;75
6288;65;628182765;6288;201;7005;7078;9.30;0.57;234.64;6.67;717;66;2414.00;73
6295;65;628182776;6295;205;7005;7078;9.37;0.57;234.66;6.67;710;66;2415.00;73
6298;65;628182786;6298;206;7005;7078;9.38;0.57;234.68;6.67;707;66;2416.00;73
6299;65;628182797;6299;217;7005;7078;9.51;0.58;234.69;6.67;706;66;2417.00;73
6303;65;628182808;6303;225;7006;7079;9.50;0.58;234.80;6.67;703;66;2418.00;73
6306;65;628182818;6306;226;7008;7079;9.58;0.58;234.73;6.67;702;66;2419.00;71
6312;65;628182829;6312;228;7012;7085;9.57;0.58;234.80;6.67;700;66;2420.00;73
6316;65;628182840;6316;232;7013;7086;9.60;0.58;234.83;6.67;697;66;2421.00;73
6318;65;628182850;6318;235;7013;7086;9.57;0.58;234.84;6.67;695;66;2422.00;73
6322;65;628182861;6322;238;7014;7086;9.58;0.58;234.89;6.67;692;66;2423.00;72
6326;65;628182871;6326;239;7016;7090;9.56;0.58;234.94;6.67;690;66;2424.00;74
6327;65;628182882;6327;238;7016;7090;9.55;0.58;234.96;6.67;689;66;2425.00;74
6331;65;628182892;6331;242;7019;7090;9.39;0.57;235.01;6.68;688;66;2426.00;71
6333;65;628182902;6333;232;7021;7091;9.33;0.57;235.08;6.68;688;66;2427.00;70
6334;65;628182913;6334;220;7024;7095;9.28;0.56;235.11;6.67;690;66;2428.00;71
6338;65;628182924;6338;218;7025;7095;9.22;0.56;235.16;6.67;687;66;2429.00;70
6342;65;628182937;6342;219;7029;7101;9.19;0.56;235.31;6.67;687;66;2430.00;72
6346;65;628182949;6346;222;7031;7101;9.17;0.56;235.34;6.67;685;66;2431.00;70
6349;65;628182963;6349;217;7031;7101;9.20;0.56;235.38;6.67;682;66;2432.00;70
6353;65;628182974;6353;219;7032;7101;9.28;0.56;235.44;6.67;679;66;2433.00;69
6354;65;628182986;6354;217;7035;7105;9.40;0.57;235.45;6.67;681;66;2434.00;70
6356;65;628182998;6356;217;7037;7105;9.41;0.57;235.47;6.67;681;66;2435.00;68
6360;65;628183009;6360;202;7037;7105;9.44;0.57;235.62;6.67;677;66;2436.00;68
6363;65;628183027;6363;188;7038;7105;9.49;0.58;235.64;6.68;675;66;2437.00;67
6366;65;628183038;6366;180;7038;7106;9.54;0.58;235.59;6.68;672;66;2438.00;68
6369;65;628183048;6369;177;7039;7107;9.53;0.58;235.66;6.67;670;66;2439.00;68
6373;65;628183058;6373;168;7039;7107;9.53;0.58;235.64;6.67;666;66;2440.00;68
6376;65;628183069;6376;160;7040;7108;9.60;0.58;235.66;6.67;664;66;2441.00;68
6377;65;628183080;6377;158;7041;7108;9.67;0.59;235.69;6.68;664;66;2442.00;67
6378;65;628183097;6378;148;7041;7108;9.81;0.60;235.70;6.68;663;66;2443.00;67
6383;65;628183107;6383;150;7041;7108;9.93;0.61;235.77;6.68;658;66;2444.00;67
6385;65;628183118;6385;147;7041;7108;10.05;0.61;235.79;6.68;656;66;2445.00;67
6389;65;628183127;6389;144;7041;7108;10.12;0.62;235.84;6.68;652;66;2446.00;67
6392;65;628183137;6392;144;7041;7108;10.18;0.62;235.85;6.68;649;66;2447.00;67
6393;65;628183147;6393;158;7103;7235;10.23;0.63;235.83;6.63;710;66;2448.00;132
6395;65;628183167;6395;154;7107;7236;10.19;0.63;235.87;6.62;712;66;2449.00;129
6398;65;628183178;6398;149;7114;7236;10.32;0.64;235.85;6.62;716;66;2450.00;122
6402;65;628183188;6402;149;7115;7236;10.44;0.64;235.81;6.62;713;66;2451.00;121
6405;65;628183198;6405;149;7120;7236;10.48;0.65;235.81;6.62;715;66;2452.00;116
6406;65;628183209;6406;146;7123;7236;10.57;0.65;235.82;6.62;717;66;2453.00;113
6409;65;628183218;6409;148;7129;7236;10.60;0.65;235.83;6.62;720;66;2454.00;107
6411;65;628183229;6411;153;7134;7236;10.67;0.66;235.85;6.63;723;66;2455.00;102
6414;65;628183238;6414;159;7138;7237;10.65;0.65;235.88;6.63;724;66;2456.00;99
6416;65;628183249;6416;159;7141;7238;10.53;0.65;235.85;6.63;725;66;2457.00;97
6416;66;628183259;6416;161;7144;7238;10.46;0.64;235.85;6.63;728;67;2458.00;94
6421;66;628183280;6421;164;7147;7239;10.38;0.63;235.89;6.72;726;67;2459.00;92
6423;66;628183299;6423;170;7150;7239;10.34;0.63;235.99;6.73;727;67;2460.00;89
6426;66;628183315;6426;173;7152;7239;10.39;0.64;236.13;6.73;726;67;2461.00;87
6426;66;628183325;6426;178;7154;7239;10.44;0.64;236.13;6.73;728;67;2462.00;85
6429;66;628183334;6429;190;7159;7243;10.46;0.64;236.08;6.74;730;67;2463.00;84
6431;66;628183345;6431;194;7161;7243;10.48;0.64;236.07;6.74;730;67;2464.00;82
6431;66;628183355;6431;196;7162;7243;10.48;0.64;236.07;6.74;731;67;2465.00;81
6432;66;628183365;6432;202;7167;7246;10.48;0.64;236.04;6.75;735;67;2466.00;79
6433;66;628183380;6433;208;7168;7246;10.42;0.64;236.03;6.75;735;67;2467.00;78
6434;66;628183397;6434;204;7169;7246;10.35;0.63;236.06;6.75;735;67;2468.00;77
6435;66;628183407;6435;206;7173;7250;10.33;0.63;236.07;6.75;738;67;2469.00;77
6438;66;628183423;6438;204;7175;7251;10.26;0.63;236.05;6.75;737;67;2470.00;76
6441;66;628183438;6441;203;7176;7251;10.26;0.63;236.01;6.75;735;67;2471.00;75
6444;66;628183456;6444;200;7178;7255;10.29;0.63;235.94;6.75;734;67;2472.00;77
6445;66;628183471;6445;203;7178;7255;10.34;0.63;235.93;6.75;733;67;2473.00;77
6446;66;628183487;6446;203;7178;7255;10.28;0.63;235.94;6.75;732;67;2474.00;77
6449;66;628183502;6449;202;7181;7257;10.20;0.62;235.87;6.84;732;67;2475.00;76
6451;66;628183516;6451;203;7181;7257;10.10;0.62;235.83;6.84;730;67;2476.00;76
6453;66;628183532;6453;206;7186;7263;10.11;0.62;235.82;6.93;733;67;2477.00;77
6457;66;628183545;6457;206;7187;7263;10.11;0.62;235.82;6.93;730;67;2478.00;76
6458;66;628183565;6458;203;7187;7264;10.21;0.62;235.79;6.93;729;67;2479.00;77
6462;66;628183576;6462;203;7188;7264;10.17;0.62;235.75;7.03;726;67;2480.00;76
6465;66;628183595;6465;199;7188;7264;10.23;0.62;235.74;7.03;723;67;2481.00;76
6468;66;628183605;6468;195;7188;7264;10.21;0.62;235.74;7.03;720;67;2482.00;76
6471;66;628183615;6471;191;7188;7264;10.27;0.62;235.83;7.03;717;67;2483.00;76
6472;66;628183630;6472;188;7197;7276;10.34;0.63;235.80;7.02;725;67;2484.00;79
6475;66;628183642;6475;189;7201;7276;10.36;0.63;235.88;7.13;726;67;2485.00;75
6479;66;628183653;6479;186;7202;7276;10.42;0.63;235.79;7.13;723;67;2486.00;74
6481;66;628183663;6481;188;7202;7276;10.46;0.64;235.78;7.13;721;67;2487.00;74
6484;66;628183673;6484;195;7202;7276;10.54;0.64;235.75;7.13;718;67;2488.00;74
6488;66;628183682;6488;190;7203;7276;10.52;0.64;235.71;7.23;715;67;2489.00;73
6492;66;628183694;6492;190;7206;7280;10.45;0.63;235.65;7.22;714;67;2490.00;74
6493;66;628183704;6493;199;7207;7280;10.43;0.63;235.65;7.32;714;67;2491.00;73
6495;66;628183714;6495;198;7210;7284;10.43;0.63;235.65;7.32;715;67;2492.00;74
6496;66;628183724;6496;199;7212;7285;10.43;0.63;235.66;7.31;716;67;2493.00;73
6496;66;628183734;6496;200;7212;7285;10.32;0.63;235.66;7.31;716;67;2494.00;73
6497;66;628183744;6497;209;7212;7285;10.30;0.62;235.65;7.31;715;67;2495.00;73
6499;66;628183753;6499;211;7221;7298;10.22;0.62;235.59;7.32;722;67;2496.00;77
6500;66;628183765;6500;213;7221;7298;10.24;0.62;235.58;7.32;721;67;2497.00;77
6502;66;628183775;6502;213;7222;7298;10.18;0.62;235.53;7.32;720;67;2498.00;76
6505;66;628183785;6505;201;7223;7299;10.20;0.62;235.57;7.32;718;67;2499.00;76
6506;66;628183796;6506;192;7223;7300;10.21;0.62;235.54;7.32;717;67;2500.00;77
6508;66;628183810;6508;187;7223;7300;10.20;0.62;235.52;7.32;715;67;2501.00;77
6510;66;628183820;6510;186;7226;7303;10.19;0.62;235.50;7.33;716;67;2502.00;77
6513;66;628183832;6513;180;7227;7303;10.13;0.61;235.46;7.33;714;67;2503.00;76
6514;66;628183844;6514;178;7227;7303;10.09;0.61;235.48;7.33;713;67;2504.00;76
6515;66;628183861;6515;180;7227;7303;10.13;0.62;235.48;7.33;712;67;2505.00;76
6519;66;628183872;6519;176;7231;7309;10.19;0.62;235.43;7.32;712;67;2506.00;78
6521;66;628183884;6521;174;7231;7309;10.16;0.62;235.53;7.32;710;67;2507.00;78
6521;66;628183906;6521;176;7234;7309;10.17;0.62;235.53;7.34;713;67;2508.00;75
6523;66;628183916;6523;171;7234;7309;10.17;0.62;235.53;7.34;711;67;2509.00;75
6524;66;628183927;6524;169;7239;7313;10.09;0.61;235.52;7.36;715;67;2510.00;74
6528;66;628183938;6528;172;7241;7314;10.05;0.61;235.51;7.37;713;67;2511.00;73
6528;66;628183949;6528;174;7242;7314;10.14;0.61;235.51;7.37;714;67;2512.00;72
6528;66;628183960;6528;170;7245;7315;10.15;0.62;235.51;7.40;717;67;2513.00;70
6531;66;628183973;6531;170;7246;7315;10.08;0.61;235.48;7.40;715;67;2514.00;69
6531;66;628183984;6531;173;7248;7315;10.03;0.61;235.48;7.42;717;67;2515.00;67
6533;66;628183994;6533;176;7249;7315;10.01;0.61;235.45;7.42;716;67;2516.00;66
6535;66;628184005;6535;181;7250;7315;9.98;0.60;235.46;7.44;715;67;2517.00;65
6535;66;628184024;6535;180;7250;7315;9.88;0.60;235.46;7.44;715;67;2518.00;65
6536;66;628184040;6536;186;7253;7315;9.78;0.59;235.46;7.47;717;67;2519.00;62
6537;66;628184052;6537;193;7311;7440;9.82;0.60;235.47;7.41;774;67;2520.00;129
6541;66;628184072;6541;195;7316;7441;9.76;0.60;235.58;7.42;775;67;2521.00;125
6542;66;628184083;6542;196;7328;7441;9.79;0.60;235.58;7.41;786;67;2522.00;113
6544;66;628184093;6544;200;7334;7441;9.73;0.60;235.60;7.42;790;67;2523.00;107
6547;66;628184103;6547;200;7339;7441;9.63;0.59;235.59;7.42;792;67;2524.00;102
6550;66;628184121;6550;202;7345;7441;9.57;0.59;235.66;7.43;795;67;2525.00;96
6552;66;628184132;6552;212;7349;7441;9.47;0.58;235.64;7.44;797;67;2526.00;92
6554;66;628184143;6554;220;7352;7441;9.41;0.58;235.70;7.44;798;67;2527.00;89
6556;66;628184154;6556;229;7357;7442;9.34;0.57;235.70;7.45;801;67;2528.00;85
6560;66;628184165;6560;229;7360;7443;9.17;0.56;235.75;7.45;800;67;2529.00;83
6560;66;628184176;6560;224;7363;7443;9.11;0.56;235.75;7.45;803;67;2530.00;80
6562;66;628184187;6562;229;7370;7447;8.97;0.55;235.76;7.46;808;67;2531.00;77
6564;66;628184198;6564;226;7372;7447;8.83;0.54;235.72;7.46;808;67;2532.00;75
6568;66;628184208;6568;223;7376;7447;8.71;0.54;235.69;7.47;808;67;2533.00;71
6569;66;628184226;6569;227;7376;7447;8.64;0.53;235.73;7.47;807;67;2534.00;71
6574;66;628184237;6574;229;7380;7453;8.62;0.53;235.68;7.47;806;67;2535.00;73
6576;66;628184249;6576;232;7382;7453;8.65;0.53;235.64;7.48;806;67;2536.00;71
6578;66;628184260;6578;234;7384;7455;8.62;0.53;235.65;7.48;806;67;2537.00;71
6583;66;628184279;6583;236;7387;7458;8.60;0.53;235.63;7.48;804;67;2538.00;71
6583;66;628184290;6583;237;7389;7458;8.54;0.52;235.63;7.49;806;67;2539.00;69
6588;66;628184302;6588;245;7390;7458;8.46;0.52;235.60;7.49;802;67;2540.00;68
6590;66;628184312;6590;253;7391;7459;8.34;0.51;235.61;7.49;801;67;2541.00;68
6593;66;628184323;6593;253;7393;7460;8.27;0.51;235.62;7.50;800;67;2542.00;67
6601;66;628184334;6601;258;7395;7460;8.11;0.50;235.53;7.51;794;67;2543.00;65
6603;66;628184345;6603;262;7406;7473;8.08;0.49;235.52;7.50;803;67;2544.00;67
6608;66;628184356;6608;264;7408;7473;8.01;0.49;235.55;7.50;800;67;2545.00;65
6611;66;628184367;6611;263;7408;7473;7.99;0.49;235.61;7.50;797;67;2546.00;65
6613;66;628184378;6613;266;7409;7474;8.02;0.49;235.59;7.50;796;67;2547.00;65
6618;66;628184388;6618;267;7410;7474;7.97;0.49;235.66;7.51;792;67;2548.00;64
6621;66;628184399;6621;269;7415;7478;7.90;0.48;235.64;7.51;794;67;2549.00;63
6628;66;628184412;6628;263;7418;7481;7.84;0.48;235.64;7.51;790;67;2550.00;63
6632;66;628184424;6632;262;7422;7485;7.80;0.48;235.70;7.51;790;67;2551.00;63
6639;66;628184436;6639;258;7424;7485;7.73;0.47;235.70;7.51;785;67;2552.00;61
6641;66;628184447;6641;254;7425;7485;7.73;0.47;235.71;7.52;784;67;2553.00;60
6647;66;628184457;6647;251;7425;7485;7.73;0.47;235.72;7.52;778;67;2554.00;60
6650;66;628184468;6650;251;7426;7485;7.72;0.47;235.72;7.52;776;67;2555.00;59
6652;66;628184479;6652;244;7437;7497;7.84;0.48;235.70;7.51;785;67;2556.00;60
6657;66;628184490;6657;240;7437;7497;7.88;0.48;235.70;7.51;780;67;2557.00;60
6660;66;628184500;6660;234;7437;7497;7.94;0.49;235.77;7.51;777;67;2558.00;60
6661;66;628184510;6661;236;7437;7497;8.01;0.49;235.80;7.51;776;67;2559.00;60
6667;66;628184520;6667;240;7437;7497;8.06;0.49;235.84;7.51;770;67;2560.00;60
6670;66;628184531;6670;244;7437;7497;8.11;0.50;235.85;7.51;767;67;2561.00;60
6673;66;628184541;6673;239;7437;7498;8.13;0.50;235.90;7.51;764;67;2562.00;61
6676;66;628184551;6676;239;7437;7498;8.20;0.50;235.94;7.51;761;67;2563.00;61
6679;66;628184561;6679;233;7441;7504;8.38;0.52;235.96;7.50;762;67;2564.00;63
6682;66;628184572;6682;233;7443;7506;8.54;0.53;235.99;7.50;761;67;2565.00;63
6684;66;628184582;6684;229;7444;7506;8.70;0.54;236.03;7.50;760;67;2566.00;62
6689;66;628184592;6689;228;7444;7506;8.76;0.54;236.02;7.50;755;67;2567.00;62
6694;66;628184603;6694;220;7447;7510;8.87;0.55;236.07;7.50;753;67;2568.00;63
6700;66;628184614;6700;220;7447;7510;9.00;0.56;236.04;7.50;747;67;2569.00;63
6703;66;628184630;6703;216;7447;7510;9.16;0.57;236.09;7.50;744;67;2570.00;63
6711;67;628184641;6711;210;7448;7511;9.22;0.57;236.10;7.50;737;68;2571.00;63
6716;67;628184684;6716;206;7451;7515;9.26;0.57;236.21;7.50;735;68;2572.00;64
6722;67;628184697;6722;204;7451;7515;9.28;0.57;236.21;7.50;729;68;2573.00;64
6726;67;628184709;6726;199;7453;7518;9.42;0.58;236.19;7.49;727;68;2574.00;65
6731;67;628184721;6731;196;7454;7518;9.48;0.58;236.20;7.49;723;68;2575.00;64
6739;67;628184733;6739;189;7454;7518;9.49;0.58;236.34;7.49;715;68;2576.00;64
6743;67;628184750;6743;189;7454;7518;9.45;0.58;236.32;7.49;711;68;2577.00;64
6749;67;628184762;6749;189;7457;7522;9.44;0.58;236.34;7.49;708;68;2578.00;65
6751;67;628184774;6751;191;7457;7522;9.46;0.58;236.31;7.49;706;68;2579.00;65
6757;67;628184787;6757;190;7458;7522;9.42;0.57;236.33;7.49;701;68;2580.00;64
6760;67;628184799;6760;193;7458;7522;9.46;0.58;236.34;7.49;698;68;2581.00;64
6763;67;628184810;6763;195;7458;7523;9.48;0.58;236.32;7.49;695;68;2582.00;65
6767;67;628184821;6767;196;7459;7524;9.45;0.58;236.34;7.49;692;68;2583.00;65
6768;67;628184831;6768;202;7459;7524;9.45;0.58;236.34;7.49;691;68;2584.00;65
6772;67;628184843;6772;203;7460;7525;9.45;0.58;236.38;7.49;688;68;2585.00;65
6775;67;628184854;6775;207;7460;7525;9.52;0.58;236.41;7.49;685;68;2586.00;65
6778;67;628184865;6778;211;7460;7525;9.56;0.58;236.41;7.49;682;68;2587.00;65
6782;67;628184876;6782;212;7460;7525;9.55;0.58;236.42;7.49;678;68;2588.00;65
6785;67;628184887;6785;213;7460;7525;9.47;0.58;236.50;7.49;675;68;2589.00;65
6790;67;628184898;6790;215;7460;7525;9.33;0.57;236.47;7.49;670;68;2590.00;65
6793;67;628184909;6793;218;7460;7525;9.29;0.57;236.53;7.49;667;68;2591.00;65
6795;67;628184919;6795;234;7530;7652;9.39;0.58;236.51;7.42;735;68;2592.00;122
6799;67;628184940;6799;231;7533;7653;9.26;0.57;236.59;7.42;734;68;2593.00;120
6801;67;628184951;6801;228;7540;7653;9.26;0.57;236.61;7.41;739;68;2594.00;113
6806;67;628184962;6806;232;7544;7653;9.21;0.57;236.81;7.41;738;68;2595.00;109
6809;67;628184974;6809;241;7549;7653;9.14;0.56;236.84;7.41;740;68;2596.00;104
6813;67;628184985;6813;227;7553;7653;9.08;0.56;236.89;7.41;740;68;2597.00;100
6816;67;628185003;6816;228;7557;7653;9.05;0.56;236.91;7.40;741;68;2598.00;96
6820;67;628185022;6820;224;7561;7653;9.08;0.56;237.02;7.40;741;68;2599.00;92
6822;67;628185041;6822;224;7566;7654;9.14;0.56;237.05;7.40;744;68;2600.00;88
6827;67;628185062;6827;224;7567;7655;9.18;0.56;237.11;7.40;740;68;2601.00;88
6830;67;628185074;6830;220;7569;7655;9.19;0.57;237.16;7.40;739;68;2602.00;86
6834;67;628185086;6834;223;7571;7656;9.13;0.56;237.18;7.41;737;68;2603.00;85
6838;67;628185098;6838;227;7573;7656;9.14;0.56;237.14;7.41;735;68;2604.00;83
6841;67;628185109;6841;235;7574;7656;9.15;0.56;237.17;7.41;733;68;2605.00;82
6846;67;628185120;6846;224;7576;7656;9.12;0.56;237.19;7.41;730;68;2606.00;80
6849;67;628185139;6849;218;7579;7660;9.12;0.56;237.20;7.41;730;68;2607.00;81
6852;67;628185152;6852;215;7581;7660;9.15;0.56;237.25;7.41;729;68;2608.00;79
6855;67;628185164;6855;212;7581;7660;9.18;0.56;237.25;7.41;726;68;2609.00;79
6858;67;628185178;6858;208;7585;7666;9.19;0.56;237.23;7.41;727;68;2610.00;81
6859;67;628185189;6859;210;7586;7666;9.22;0.56;237.24;7.41;727;68;2611.00;80
6860;67;628185201;6860;209;7587;7666;9.21;0.56;237.29;7.41;727;68;2612.00;79
6860;67;628185212;6860;210;7590;7670;9.29;0.57;237.29;7.41;730;68;2613.00;80
6862;67;628185224;6862;204;7592;7671;9.39;0.57;237.32;7.40;730;68;2614.00;79
6863;67;628185235;6863;201;7592;7671;9.39;0.57;237.29;7.40;729;68;2615.00;79
6864;67;628185246;6864;200;7597;7675;9.41;0.57;237.31;7.51;733;68;2616.00;78
6865;67;628185259;6865;199;7597;7675;9.44;0.58;237.32;7.51;732;68;2617.00;78
6869;67;628185270;6869;202;7598;7675;9.46;0.57;237.32;7.51;729;68;2618.00;77
6871;67;628185281;6871;201;7599;7676;9.48;0.57;237.30;7.51;728;68;2619.00;77
6872;67;628185292;6872;196;7599;7676;9.54;0.58;237.30;7.51;727;68;2620.00;77
6873;67;628185303;6873;195;7603;7682;9.56;0.58;237.27;7.50;730;68;2621.00;79
6873;67;628185315;6873;201;7603;7682;9.58;0.58;237.27;7.50;730;68;2622.00;79
6876;67;628185325;6876;204;7604;7683;9.62;0.58;237.25;7.50;728;68;2623.00;79
6877;67;628185336;6877;202;7604;7683;9.69;0.59;237.22;7.50;727;68;2624.00;79
6877;67;628185346;6877;197;7604;7683;9.74;0.59;237.22;7.50;727;68;2625.00;79
6879;67;628185356;6879;197;7604;7683;9.79;0.60;237.28;7.50;725;68;2626.00;79
6881;67;628185367;6881;192;7604;7683;9.80;0.60;237.23;7.50;723;68;2627.00;79
6882;68;628185378;6882;197;7614;7695;9.87;0.60;237.23;7.49;732;69;2628.00;81
6885;68;628185403;6885;197;7615;7695;9.95;0.61;237.19;7.49;730;69;2629.00;80
6887;68;628185414;6887;204;7615;7695;9.98;0.61;237.17;7.49;728;69;2630.00;80
6892;68;628185425;6892;202;7615;7695;9.99;0.61;237.12;7.49;723;69;2631.00;80
6896;68;628185443;6896;206;7615;7695;10.08;0.61;237.09;7.49;719;69;2632.00;80
6897;68;628185457;6897;208;7615;7695;10.10;0.61;237.09;7.49;718;69;2633.00;80
6902;68;628185472;6902;212;7618;7699;10.10;0.61;237.10;7.49;716;69;2634.00;81
6903;68;628185491;6903;216;7618;7699;10.10;0.61;237.12;7.49;715;69;2635.00;81
6906;68;628185505;6906;216;7621;7703;10.12;0.62;237.06;7.49;715;69;2636.00;82
6908;68;628185520;6908;217;7622;7704;10.09;0.61;237.03;7.49;714;69;2637.00;82
6910;68;628185535;6910;217;7623;7704;10.08;0.61;236.98;7.48;713;69;2638.00;81
6912;68;628185546;6912;215;7623;7704;10.08;0.61;236.96;7.48;711;69;2639.00;81
6916;68;628185559;6916;222;7642;7733;10.03;0.61;236.92;7.47;726;69;2640.00;91
6917;68;628185572;6917;224;7644;7733;10.03;0.61;236.91;7.46;727;69;2641.00;89
6920;68;628185582;6920;222;7646;7733;10.12;0.62;236.89;7.46;726;69;2642.00;87
6920;68;628185593;6920;225;7648;7734;10.22;0.62;236.89;7.46;728;69;2643.00;86
6921;68;628185604;6921;228;7649;7735;10.24;0.62;236.87;7.46;728;69;2644.00;86
6924;68;628185614;6924;232;7649;7735;10.26;0.62;236.91;7.46;725;69;2645.00;86
6926;68;628185624;6926;230;7652;7738;10.26;0.62;236.89;7.46;726;69;2646.00;86
6928;68;628185635;6928;231;7652;7738;10.29;0.62;236.87;7.46;724;69;2647.00;86
6930;68;628185645;6930;232;7652;7738;10.30;0.63;236.96;7.46;722;69;2648.00;86
6932;68;628185654;6932;232;7652;7738;10.30;0.63;236.95;7.46;720;69;2649.00;86
6933;68;628185664;6933;234;7656;7744;10.29;0.63;236.96;7.45;723;69;2650.00;88
6936;68;628185675;6936;217;7657;7744;10.32;0.63;236.95;7.45;721;69;2651.00;87
6938;68;628185685;6938;204;7657;7744;10.30;0.63;236.91;7.45;719;69;2652.00;87
6940;68;628185702;6940;191;7657;7744;10.31;0.63;236.88;7.45;717;69;2653.00;87
6941;68;628185712;6941;182;7661;7748;10.35;0.63;236.86;7.47;720;69;2654.00;87
6944;68;628185723;6944;176;7664;7750;10.39;0.63;236.88;7.48;720;69;2655.00;86
6945;68;628185734;6945;162;7664;7750;10.46;0.64;236.96;7.48;719;69;2656.00;86
6948;68;628185745;6948;151;7665;7751;10.52;0.64;236.92;7.48;717;69;2657.00;86
6950;68;628185755;6950;148;7665;7751;10.68;0.65;236.88;7.48;715;69;2658.00;86
6953;68;628185766;6953;136;7665;7751;10.77;0.66;236.84;7.48;712;69;2659.00;86
6956;68;628185776;6956;131;7665;7751;10.86;0.66;236.79;7.48;709;69;2660.00;86
6960;69;628185793;6960;128;7665;7751;11.08;0.67;236.71;7.48;705;70;2661.00;86
6963;69;628185816;6963;122;7665;7751;11.23;0.68;236.66;7.48;702;70;2662.00;86
6964;69;628185827;6964;117;7665;7751;11.31;0.69;236.65;7.48;701;70;2663.00;86
6965;69;628185837;6965;122;7703;7821;11.42;0.70;236.62;7.44;738;70;2664.00;118
6966;69;628185860;6966;114;7705;7822;11.46;0.70;236.59;7.44;739;70;2665.00;117
6968;69;628185872;6968;112;7710;7822;11.53;0.70;236.58;7.43;742;70;2666.00;112
6970;69;628185883;6970;113;7719;7822;11.60;0.71;236.54;7.43;749;70;2667.00;103
6971;69;628185895;6971;116;7722;7822;11.65;0.71;236.53;7.43;751;70;2668.00;100
6973;70;628185907;6973;115;7724;7822;11.66;0.71;236.51;7.43;751;71;2669.00;98
6975;70;628185932;6975;115;7727;7822;11.67;0.71;236.55;7.43;752;71;2670.00;95
6976;70;628185944;6976;114;7729;7822;11.69;0.71;236.53;7.54;753;71;2671.00;93
6977;71;628185955;6977;118;7732;7823;11.76;0.72;236.55;7.54;755;72;2672.00;91
6981;71;628185987;6981;123;7733;7824;11.68;0.71;236.58;7.54;752;72;2673.00;91
6985;71;628185998;6985;125;7734;7824;11.62;0.71;236.65;7.54;749;72;2674.00;90
6987;71;628186010;6987;130;7737;7828;11.43;0.70;236.65;7.53;750;72;2675.00;91
6990;71;628186023;6990;129;7737;7828;11.31;0.69;236.67;7.53;747;72;2676.00;91
6993;71;628186034;6993;129;7738;7828;11.21;0.68;236.63;7.55;745;72;2677.00;90
6998;71;628186044;6998;138;7738;7828;11.09;0.67;236.59;7.55;740;72;2678.00;90
7000;71;628186055;7000;141;7742;7834;11.08;0.67;236.62;7.54;742;72;2679.00;92
7003;71;628186067;7003;148;7745;7834;10.97;0.67;236.68;7.57;742;72;2680.00;89
7005;71;628186078;7005;159;7745;7834;10.81;0.66;236.68;7.57;740;72;2681.00;89
7006;71;628186088;7006;164;7747;7837;10.62;0.65;236.74;7.57;741;72;2682.00;90
7010;71;628186100;7010;165;7749;7837;10.43;0.63;236.79;7.59;739;72;2683.00;88
7012;71;628186110;7012;178;7750;7837;10.36;0.63;236.80;7.59;738;72;2684.00;87
7016;71;628186121;7016;182;7752;7838;10.21;0.62;236.81;7.62;736;72;2685.00;86
7020;71;628186131;7020;182;7753;7839;10.11;0.61;236.78;7.62;733;72;2686.00;86
7023;71;628186142;7023;187;7754;7839;9.97;0.61;236.78;7.63;731;72;2687.00;85
7025;71;628186152;7025;198;7766;7852;9.88;0.60;236.83;7.63;741;72;2688.00;86
7027;71;628186163;7027;211;7767;7852;9.86;0.60;236.80;7.64;740;72;2689.00;85
7028;71;628186174;7028;215;7767;7852;9.84;0.60;236.79;7.64;739;72;2690.00;85
7031;71;628186184;7031;223;7770;7853;9.83;0.60;236.81;7.66;739;72;2691.00;83
7033;71;628186195;7033;230;7770;7853;9.83;0.60;236.84;7.66;737;72;2692.00;83
7033;71;628186206;7033;231;7775;7857;9.85;0.60;236.84;7.68;742;72;2693.00;82
7036;71;628186216;7036;237;7775;7857;9.73;0.59;236.88;7.68;739;72;2694.00;82
7038;71;628186226;7038;239;7780;7861;9.59;0.59;236.87;7.69;742;72;2695.00;81
7042;71;628186236;7042;240;7781;7861;9.41;0.57;236.98;7.69;739;72;2696.00;80
7043;71;628186247;7043;244;7782;7861;9.27;0.57;236.96;7.70;739;72;2697.00;79
7046;71;628186258;7046;245;7782;7861;9.11;0.55;236.97;7.70;736;72;2698.00;79
7048;71;628186268;7048;245;7784;7861;8.92;0.54;236.96;7.72;736;72;2699.00;77
7050;71;628186280;7050;246;7806;7910;8.90;0.55;237.00;7.69;756;72;2700.00;104
7052;71;628186300;7052;240;7808;7910;8.81;0.54;237.00;7.71;756;72;2701.00;102
7054;71;628186311;7054;235;7812;7910;8.77;0.54;236.99;7.70;758;72;2702.00;98
7060;71;628186321;7060;235;7813;7910;8.72;0.53;237.08;7.70;753;72;2703.00;97
7062;71;628186331;7062;237;7818;7910;8.63;0.53;237.05;7.71;756;72;2704.00;92
7064;71;628186340;7064;238;7818;7910;8.58;0.52;237.03;7.71;754;72;2705.00;92
7069;71;628186351;7069;238;7822;7911;8.51;0.52;237.13;7.72;753;72;2706.00;89
7071;71;628186360;7071;241;7824;7911;8.52;0.52;237.12;7.72;753;72;2707.00;87
7075;71;628186370;7075;240;7827;7917;8.51;0.52;237.16;7.72;752;72;2708.00;90
7077;71;628186381;7077;243;7830;7918;8.47;0.52;237.28;7.73;753;72;2709.00;88
7082;71;628186392;7082;248;7830;7918;8.41;0.51;237.27;7.73;748;72;2710.00;88
7086;71;628186402;7086;253;7830;7918;8.40;0.51;237.25;7.73;744;72;2711.00;88
7089;71;628186413;7089;259;7835;7922;8.36;0.51;237.22;7.73;746;72;2712.00;87
7093;71;628186423;7093;261;7837;7922;8.28;0.51;237.24;7.74;744;72;2713.00;85
7098;71;628186433;7098;257;7837;7922;8.22;0.50;237.25;7.74;739;72;2714.00;85
7102;71;628186443;7102;258;7841;7923;8.10;0.50;237.26;7.77;739;72;2715.00;82
7107;71;628186452;7107;263;7844;7927;7.97;0.49;237.29;7.76;737;72;2716.00;83
7112;71;628186469;7112;264;7845;7927;7.85;0.48;237.33;7.77;733;72;2717.00;82
7116;71;628186479;7116;268;7849;7930;7.81;0.48;237.34;7.77;733;72;2718.00;81
7120;71;628186495;7120;271;7851;7930;7.70;0.47;237.33;7.79;731;72;2719.00;79
7123;71;628186504;7123;257;7851;7930;7.65;0.47;237.37;7.79;728;72;2720.00;79
7125;71;628186514;7125;250;7851;7930;7.60;0.47;237.38;7.79;726;72;2721.00;79
7127;71;628186524;7127;247;7855;7934;7.65;0.47;237.37;7.80;728;72;2722.00;79
7132;71;628186534;7132;243;7855;7934;7.68;0.47;237.37;7.80;723;72;2723.00;79
7134;71;628186544;7134;246;7857;7934;7.65;0.47;237.38;7.80;723;72;2724.00;77
7135;71;628186553;7135;247;7859;7934;7.63;0.47;237.40;7.81;724;72;2725.00;75
7138;71;628186563;7138;241;7859;7935;7.61;0.47;237.42;7.81;721;72;2726.00;76
7142;71;628186572;7142;236;7860;7936;7.65;0.47;237.46;7.81;718;72;2727.00;76
7144;71;628186582;7144;231;7862;7936;7.72;0.47;237.50;7.82;718;72;2728.00;74
7149;71;628186592;7149;231;7864;7937;7.78;0.48;237.55;7.82;715;72;2729.00;73
7153;71;628186612;7153;230;7865;7937;7.83;0.48;237.55;7.82;712;72;2730.00;72
7157;71;628186622;7157;224;7867;7937;7.81;0.48;237.59;7.83;710;72;2731.00;70
7162;71;628186632;7162;225;7867;7937;7.83;0.48;237.63;7.83;705;72;2732.00;70
7170;71;628186643;7170;219;7868;7937;7.80;0.48;237.69;7.83;698;72;2733.00;69
7174;71;628186653;7174;225;7871;7937;7.85;0.48;237.69;7.84;697;72;2734.00;66
7179;71;628186663;7179;223;7871;7937;7.92;0.48;237.76;7.84;692;72;2735.00;66
7182;71;628186672;7182;230;7940;8064;8.24;0.51;237.83;7.77;758;72;2736.00;124
7186;71;628186692;7186;220;7943;8065;8.29;0.51;237.86;7.77;757;72;2737.00;122
7188;71;628186702;7188;220;7949;8065;8.37;0.52;237.92;7.77;761;72;2738.00;116
7192;71;628186712;7192;221;7952;8065;8.39;0.52;237.92;7.76;760;72;2739.00;113
7197;71;628186722;7197;221;7957;8065;8.38;0.52;237.97;7.76;760;72;2740.00;108
7200;71;628186731;7200;224;7959;8065;8.39;0.52;238.02;7.76;759;72;2741.00;106
7204;71;628186741;7204;224;7962;8065;8.36;0.52;238.01;7.76;758;72;2742.00;103
7208;71;628186750;7208;230;7964;8065;8.36;0.52;238.03;7.76;756;72;2743.00;101
7210;71;628186760;7210;237;7966;8066;8.32;0.51;238.05;7.76;756;72;2744.00;100
7216;71;628186770;7216;235;7970;8068;8.27;0.51;238.10;7.76;754;72;2745.00;98
7217;71;628186780;7217;239;7971;8068;8.30;0.51;238.11;7.76;754;72;2746.00;97
7222;71;628186789;7222;244;7976;8069;8.26;0.51;238.10;7.76;754;72;2747.00;93
7226;71;628186800;7226;248;7977;8069;8.22;0.51;238.18;7.76;751;72;2748.00;92
7229;71;628186809;7229;251;7982;8069;8.25;0.51;238.17;7.77;753;72;2749.00;87
7234;71;628186825;7234;252;7988;8069;8.20;0.51;238.11;7.77;754;72;2750.00;81
7236;71;628186835;7236;247;7991;8073;8.17;0.51;238.13;7.77;755;72;2751.00;82
7240;71;628186846;7240;238;7994;8073;8.13;0.50;238.18;7.77;754;72;2752.00;79
7242;71;628186855;7242;244;7995;8073;8.13;0.50;238.17;7.77;753;72;2753.00;78
7246;71;628186866;7246;250;7998;8076;8.13;0.50;238.15;7.77;752;72;2754.00;78
7249;71;628186876;7249;256;8000;8076;8.14;0.51;238.17;7.77;751;72;2755.00;76
7254;71;628186886;7254;265;8000;8076;8.09;0.50;238.15;7.77;746;72;2756.00;76
7255;71;628186896;7255;276;8004;8080;8.19;0.51;238.15;7.77;749;72;2757.00;76
7261;71;628186906;7261;275;8005;8081;8.15;0.50;238.13;7.77;744;72;2758.00;76
7262;71;628186917;7262;278;8005;8081;8.11;0.50;238.10;7.77;743;72;2759.00;76
7264;71;628186929;7264;282;8009;8086;8.05;0.50;238.08;7.76;745;72;2760.00;77
7268;71;628186940;7268;288;8009;8086;7.99;0.49;238.01;7.76;741;72;2761.00;77
7270;71;628186949;7270;299;8009;8086;7.97;0.49;238.00;7.76;739;72;2762.00;77
7275;71;628186959;7275;307;8010;8087;7.89;0.49;238.08;7.76;735;72;2763.00;77
7278;71;628186970;7278;315;8010;8087;7.78;0.48;238.07;7.76;732;72;2764.00;77
7282;71;628186980;7282;315;8014;8093;7.69;0.47;238.17;7.76;732;72;2765.00;79
7283;71;628186991;7283;321;8015;8093;7.65;0.47;238.16;7.88;732;72;2766.00;78
7285;71;628187001;7285;312;8016;8094;7.62;0.47;238.20;7.88;731;72;2767.00;78
7291;71;628187011;7291;311;8016;8094;7.55;0.46;238.26;7.88;725;72;2768.00;78
7293;71;628187022;7293;310;8016;8094;7.55;0.46;238.25;7.88;723;72;2769.00;78
7295;71;628187032;7295;312;8016;8094;7.58;0.46;238.27;7.88;721;72;2770.00;78
7299;72;628187043;7299;311;8016;8094;7.59;0.46;238.31;7.88;717;73;2771.00;78
7302;72;628187062;7302;314;8026;8106;7.71;0.47;238.30;7.87;724;73;2772.00;80
7304;72;628187074;7304;309;8026;8106;7.76;0.47;238.28;7.87;722;73;2773.00;80
7309;72;628187083;7309;309;8027;8106;7.73;0.47;238.31;7.87;718;73;2774.00;79
7312;72;628187094;7312;306;8027;8106;7.74;0.47;238.30;7.87;715;73;2775.00;79
7315;72;628187104;7315;294;8027;8106;7.71;0.47;238.30;7.87;712;73;2776.00;79
7316;72;628187128;7316;275;8027;8106;7.82;0.47;238.28;7.87;711;73;2777.00;79
7318;72;628187138;7318;263;8030;8110;7.91;0.48;238.24;7.87;712;73;2778.00;80
7319;72;628187153;7319;256;8030;8110;8.05;0.49;238.25;7.87;711;73;2779.00;80
7322;72;628187163;7322;250;8033;8114;8.18;0.50;238.24;7.86;711;73;2780.00;81
7322;72;628187174;7322;239;8035;8115;8.28;0.50;238.24;7.86;713;73;2781.00;80
7325;72;628187184;7325;235;8035;8115;8.38;0.51;238.16;7.86;710;73;2782.00;80
7325;72;628187194;7325;232;8035;8115;8.53;0.52;238.16;7.86;710;73;2783.00;80
7326;72;628187209;7326;244;8045;8128;8.63;0.53;238.13;7.85;719;73;2784.00;83
7329;72;628187219;7329;247;8045;8128;8.70;0.53;238.11;7.85;716;73;2785.00;83
7331;72;628187229;7331;248;8046;8128;8.78;0.53;238.13;7.85;715;73;2786.00;82
7332;72;628187239;7332;250;8047;8129;8.84;0.54;238.11;7.85;715;73;2787.00;82
7334;72;628187249;7334;249;8047;8130;8.85;0.54;238.11;7.85;713;73;2788.00;83
7336;72;628187265;7336;249;8047;8130;8.93;0.54;238.13;7.85;711;73;2789.00;83
7338;72;628187277;7338;247;8050;8136;8.92;0.54;238.12;7.85;712;73;2790.00;86
7340;72;628187287;7340;248;8051;8136;8.97;0.55;238.10;7.85;711;73;2791.00;85
7342;72;628187296;7342;246;8051;8136;9.04;0.55;238.07;7.85;709;73;2792.00;85
7343;72;628187306;7343;242;8052;8136;9.07;0.55;238.06;7.85;709;73;2793.00;84
7345;72;628187316;7345;240;8055;8142;9.04;0.55;238.03;7.84;710;73;2794.00;87
7350;72;628187325;7350;242;8056;8142;9.04;0.55;238.04;7.84;706;73;2795.00;86
7351;72;628187335;7351;242;8056;8142;9.07;0.55;238.01;7.84;705;73;2796.00;86
7353;73;628187344;7353;245;8057;8142;9.08;0.55;237.98;7.84;704;74;2797.00;85
7354;73;628187365;7354;245;8060;8146;9.06;0.55;237.96;7.84;706;74;2798.00;86
7356;73;628187374;7356;247;8062;8147;9.10;0.55;237.94;7.84;706;74;2799.00;85
7358;73;628187384;7358;246;8062;8147;9.06;0.55;237.90;7.84;704;74;2800.00;85
7359;73;628187397;7359;246;8063;8148;9.14;0.56;237.89;7.84;704;74;2801.00;85
7359;73;628187406;7359;246;8063;8148;9.17;0.56;237.89;7.84;704;74;2802.00;85
7359;73;628187415;7359;234;8063;8148;9.18;0.56;237.89;7.84;704;74;2803.00;85
7360;73;628187423;7360;224;8063;8148;9.27;0.56;237.89;7.84;703;74;2804.00;85
7362;73;628187436;7362;216;8063;8148;9.47;0.58;237.88;7.84;701;74;2805.00;85
7364;73;628187450;7364;211;8063;8148;9.65;0.59;237.93;7.84;699;74;2806.00;85
7367;73;628187478;7367;199;8063;8148;9.83;0.60;237.90;7.84;696;74;2807.00;85
7369;73;628187494;7369;203;8106;8218;9.80;0.60;237.89;7.80;737;74;2808.00;112
7371;73;628187518;7371;188;8106;8219;9.97;0.61;237.87;7.80;735;74;2809.00;113
7372;73;628187533;7372;172;8113;8219;10.19;0.62;237.86;7.79;741;74;2810.00;106
7372;73;628187547;7372;168;8115;8219;10.39;0.63;237.86;7.79;743;74;2811.00;104
7374;73;628187560;7374;164;8120;8219;10.60;0.65;237.84;7.91;746;74;2812.00;99
7374;73;628187572;7374;161;8122;8219;10.72;0.65;237.84;7.91;748;74;2813.00;97
7377;73;628187589;7377;160;8126;8219;10.96;0.67;237.86;7.91;749;74;2814.00;93
7379;73;628187601;7379;161;8127;8219;11.07;0.67;237.86;7.91;748;74;2815.00;92
7380;73;628187619;7380;158;8130;8220;11.17;0.68;237.84;8.03;750;74;2816.00;90
7382;73;628187637;7382;160;8132;8221;11.21;0.68;237.84;8.03;750;74;2817.00;89
7385;73;628187649;7385;161;8133;8221;11.22;0.68;237.80;8.03;748;74;2818.00;88
7390;73;628187660;7390;162;8137;8225;11.15;0.68;237.76;8.15;747;74;2819.00;88
7392;73;628187673;7392;154;8137;8225;11.11;0.67;237.75;8.15;745;74;2820.00;88
7394;73;628187685;7394;155;8137;8225;11.06;0.67;237.73;8.15;743;74;2821.00;88
7395;73;628187696;7395;148;8137;8225;11.10;0.67;237.75;8.15;742;74;2822.00;88
7397;73;628187706;7397;147;8140;8231;11.06;0.67;237.75;8.15;743;74;2823.00;91
7397;73;628187718;7397;139;8141;8231;11.00;0.67;237.75;8.15;744;74;2824.00;90
7398;73;628187729;7398;135;8144;8231;10.97;0.67;237.73;8.30;746;74;2825.00;87
7401;73;628187741;7401;131;8146;8234;10.97;0.67;237.76;8.30;745;74;2826.00;88
7404;73;628187754;7404;131;8147;8234;10.97;0.67;237.80;8.41;743;74;2827.00;87
7406;73;628187765;7406;131;8148;8234;11.08;0.67;237.82;8.41;742;74;2828.00;86
7414;73;628187777;7414;133;8148;8235;11.04;0.67;237.87;8.41;734;74;2829.00;87
7418;73;628187789;7418;132;8149;8236;11.06;0.67;237.95;8.41;731;74;2830.00;87
7420;73;628187800;7420;128;8149;8236;11.16;0.68;237.98;8.41;729;74;2831.00;87
7426;73;628187811;7426;133;8159;8249;11.13;0.67;237.97;8.40;733;74;2832.00;90
7430;73;628187830;7430;130;8159;8249;11.17;0.68;238.06;8.40;729;74;2833.00;90
7433;73;628187842;7433;128;8159;8249;11.20;0.68;238.04;8.40;726;74;2834.00;90
7437;73;628187852;7437;134;8161;8251;11.27;0.68;238.03;8.40;724;74;2835.00;90
7439;73;628187864;7439;130;8162;8251;11.37;0.69;238.10;8.52;723;74;2836.00;89
7441;73;628187874;7441;124;8165;8255;11.43;0.69;238.10;8.51;724;74;2837.00;90
7445;73;628187886;7445;125;8167;8255;11.45;0.69;238.11;8.51;722;74;2838.00;88
7447;73;628187897;7447;127;8170;8259;11.45;0.69;238.15;8.51;723;74;2839.00;89
7450;73;628187909;7450;126;8171;8259;11.45;0.69;238.16;8.51;721;74;2840.00;88
7455;73;628187920;7455;126;8171;8259;11.45;0.69;238.16;8.51;716;74;2841.00;88
7458;73;628187931;7458;128;8171;8259;11.43;0.69;238.20;8.51;713;74;2842.00;88
7459;73;628187943;7459;125;8171;8259;11.36;0.69;238.21;8.51;712;74;2843.00;88
7462;73;628187953;7462;129;8181;8271;11.29;0.68;238.21;8.50;719;74;2844.00;90
7465;73;628187966;7465;135;8182;8271;11.20;0.68;238.25;8.50;717;74;2845.00;89
7467;73;628187979;7467;132;8182;8271;11.16;0.68;238.29;8.50;715;74;2846.00;89
7468;73;628187991;7468;144;8182;8271;11.07;0.67;238.32;8.50;714;74;2847.00;89
7470;73;628188002;7470;146;8182;8271;11.03;0.67;238.37;8.50;712;74;2848.00;89
7471;73;628188012;7471;152;8182;8271;10.98;0.67;238.37;8.50;711;74;2849.00;89
7471;73;628188025;7471;163;8186;8274;10.85;0.66;238.37;8.52;715;74;2850.00;88
7474;74;628188042;7474;165;8186;8274;10.86;0.66;238.43;8.52;712;75;2851.00;88
7475;74;628188067;7475;175;8190;8280;10.90;0.66;238.44;8.52;715;75;2852.00;90
7478;74;628188080;7478;176;8194;8281;10.84;0.66;238.50;8.55;716;75;2853.00;87
7481;74;628188091;7481;178;8195;8281;10.71;0.65;238.48;8.56;714;75;2854.00;86
7484;74;628188102;7484;177;8196;8281;10.69;0.65;238.47;8.57;712;75;2855.00;85
7488;74;628188113;7488;184;8200;8285;10.61;0.65;238.45;8.58;712;75;2856.00;85
7490;74;628188125;7490;189;8201;8285;10.54;0.64;238.48;8.59;711;75;2857.00;84
7492;74;628188136;7492;189;8203;8285;10.46;0.64;238.46;8.62;711;75;2858.00;82
7493;74;628188147;7493;187;8204;8286;10.45;0.64;238.47;8.62;711;75;2859.00;82
7496;74;628188158;7496;195;8208;8290;10.37;0.63;238.51;8.63;712;75;2860.00;82
7497;74;628188169;7497;200;8209;8290;10.37;0.63;238.52;8.64;712;75;2861.00;81
7500;74;628188180;7500;205;8211;8293;10.34;0.63;238.52;8.64;711;75;2862.00;82
7504;74;628188191;7504;205;8213;8293;10.23;0.62;238.50;8.64;709;75;2863.00;80
7507;74;628188201;7507;211;8216;8295;10.11;0.62;238.49;8.65;709;75;2864.00;79
7508;74;628188212;7508;212;8217;8295;9.99;0.61;238.50;8.66;709;75;2865.00;78
7512;74;628188222;7512;214;8222;8299;9.88;0.60;238.48;8.67;710;75;2866.00;77
7513;74;628188233;7513;221;8223;8299;9.80;0.60;238.50;8.67;710;75;2867.00;76
7516;74;628188243;7516;222;8224;8299;9.65;0.59;238.46;8.68;708;75;2868.00;75
7518;74;628188254;7518;221;8225;8299;9.56;0.58;238.48;8.69;707;75;2869.00;74
7521;74;628188264;7521;222;8226;8300;9.43;0.58;238.45;8.70;705;75;2870.00;74
7521;74;628188275;7521;223;8228;8301;9.36;0.57;238.45;8.70;707;75;2871.00;73
7526;74;628188285;7526;222;8228;8301;9.23;0.56;238.43;8.70;702;75;2872.00;73
7527;74;628188295;7527;222;8230;8302;9.21;0.56;238.43;8.71;703;75;2873.00;72
7529;74;628188304;7529;222;8230;8302;9.11;0.56;238.40;8.71;701;75;2874.00;72
7532;74;628188321;7532;218;8231;8302;9.04;0.55;238.39;8.72;699;75;2875.00;71
7533;74;628188331;7533;222;8231;8302;9.06;0.55;238.39;8.72;698;75;2876.00;71
7536;74;628188341;7536;220;8234;8302;9.02;0.55;238.37;8.74;698;75;2877.00;68
7538;74;628188351;7538;219;8234;8302;9.02;0.55;238.40;8.74;696;75;2878.00;68
7540;74;628188361;7540;214;8234;8302;9.04;0.55;238.38;8.74;694;75;2879.00;68
7543;74;628188373;7543;255;8337;8532;8.96;0.56;238.37;8.65;794;75;2880.00;195
7548;74;628188403;7548;248;8341;8533;8.89;0.56;238.42;8.64;793;75;2881.00;192
7550;74;628188415;7550;239;8352;8533;8.96;0.56;238.39;8.64;802;75;2882.00;181
7555;74;628188425;7555;237;8356;8533;8.91;0.56;238.40;8.64;801;75;2883.00;177
7562;75;628188436;7562;238;8362;8533;8.85;0.55;238.47;8.64;800;76;2884.00;171
7565;75;628188469;7565;239;8370;8533;8.86;0.55;238.48;8.64;805;76;2885.00;163
7573;75;628188480;7573;238;8374;8533;8.77;0.55;238.50;8.64;801;76;2886.00;159
7576;75;628188491;7576;237;8383;8533;8.78;0.55;238.62;8.64;807;76;2887.00;150
7581;75;628188500;7581;237;8387;8534;8.69;0.54;238.66;8.64;806;76;2888.00;147
7586;75;628188510;7586;236;8391;8535;8.58;0.53;238.71;8.64;805;76;2889.00;144
7592;75;628188520;7592;230;8396;8535;8.47;0.53;238.75;8.65;804;76;2890.00;139
7595;75;628188531;7595;229;8400;8536;8.35;0.52;238.76;8.65;805;76;2891.00;136
7599;75;628188541;7599;231;8405;8536;8.29;0.51;238.87;8.66;806;76;2892.00;131
7604;75;628188557;7604;230;8413;8536;8.12;0.50;238.90;8.66;809;76;2893.00;123
7607;75;628188567;7607;236;8415;8536;7.99;0.49;238.92;8.67;808;76;2894.00;121
7611;75;628188583;7611;246;8422;8540;7.80;0.48;239.03;8.67;811;76;2895.00;118
7615;75;628188594;7615;250;8422;8540;7.64;0.47;239.11;8.67;807;76;2896.00;118
7618;75;628188604;7618;249;8427;8540;7.48;0.46;239.13;8.68;809;76;2897.00;113
7623;75;628188614;7623;248;8430;8543;7.47;0.46;239.13;8.68;807;76;2898.00;113
7626;75;628188624;7626;248;8433;8543;7.49;0.46;239.17;8.69;807;76;2899.00;110
7630;75;628188636;7630;253;8434;8543;7.52;0.46;239.16;8.68;804;76;2900.00;109
7635;75;628188660;7635;250;8437;8547;7.53;0.46;239.16;8.68;802;76;2901.00;110
7639;75;628188672;7639;260;8441;8548;7.61;0.47;239.18;8.80;802;76;2902.00;107
7642;75;628188687;7642;265;8442;8548;7.66;0.47;239.19;8.80;800;76;2903.00;106
7648;75;628188699;7648;275;8448;8552;7.67;0.47;239.29;8.81;800;76;2904.00;104
7650;75;628188710;7650;266;8449;8552;7.75;0.48;239.33;8.81;799;76;2905.00;103
7654;75;628188721;7654;264;8449;8552;7.74;0.47;239.33;8.81;795;76;2906.00;103
7657;75;628188732;7657;266;8454;8553;7.73;0.47;239.37;8.82;797;76;2907.00;99
7659;75;628188744;7659;263;8455;8553;7.74;0.48;239.37;8.82;796;76;2908.00;98
7664;75;628188754;7664;267;8459;8559;7.76;0.48;239.41;8.82;795;76;2909.00;100
7666;75;628188767;7666;269;8461;8559;7.79;0.48;239.43;8.82;795;76;2910.00;98
7671;75;628188778;7671;269;8462;8560;7.73;0.48;239.44;8.83;791;76;2911.00;98
7677;75;628188790;7677;269;8463;8560;7.71;0.47;239.49;8.83;786;76;2912.00;97
7677;75;628188801;7677;276;8466;8560;7.69;0.47;239.49;8.84;789;76;2913.00;94
7681;75;628188812;7681;283;8467;8560;7.63;0.47;239.51;8.84;786;76;2914.00;93
7686;75;628188822;7686;284;8468;8560;7.52;0.46;239.55;8.84;782;76;2915.00;92
7687;75;628188833;7687;288;8479;8572;7.56;0.47;239.55;8.84;792;76;2916.00;93
7691;75;628188845;7691;297;8480;8572;7.36;0.45;239.58;8.84;789;76;2917.00;92
7695;75;628188856;7695;301;8482;8572;7.25;0.45;239.56;8.84;787;76;2918.00;90
7699;75;628188866;7699;306;8483;8572;7.22;0.44;239.61;8.85;784;76;2919.00;89
7707;75;628188877;7707;314;8484;8572;7.18;0.44;239.60;8.85;777;76;2920.00;88
7711;75;628188887;7711;319;8486;8572;7.17;0.44;239.66;8.85;775;76;2921.00;86
7714;75;628188897;7714;323;8489;8576;7.18;0.44;239.61;8.85;775;76;2922.00;87
7718;75;628188915;7718;324;8490;8576;7.18;0.44;239.62;8.85;772;76;2923.00;86
7720;75;628188926;7720;328;8493;8580;7.21;0.44;239.63;8.84;773;76;2924.00;87
7722;75;628188937;7722;340;8496;8582;7.28;0.45;239.68;8.84;774;76;2925.00;86
7723;75;628188947;7723;345;8497;8582;7.30;0.45;239.66;8.84;774;76;2926.00;85
7727;75;628188957;7727;346;8497;8582;7.26;0.45;239.66;8.84;770;76;2927.00;85
7730;75;628188968;7730;353;8507;8595;7.33;0.45;239.65;8.83;777;76;2928.00;88
7734;75;628188979;7734;355;8507;8595;7.26;0.45;239.63;8.83;773;76;2929.00;88
7737;75;628188990;7737;360;8508;8595;7.20;0.44;239.67;8.83;771;76;2930.00;87
7739;75;628188999;7739;368;8509;8596;7.16;0.44;239.65;8.83;770;76;2931.00;87
7741;75;628189010;7741;369;8509;8597;7.10;0.44;239.61;8.83;768;76;2932.00;88
7743;75;628189021;7743;377;8509;8597;7.07;0.43;239.60;8.83;766;76;2933.00;88
7748;75;628189032;7748;384;8511;8600;7.05;0.43;239.56;8.83;763;76;2934.00;89
7751;75;628189042;7751;387;8512;8600;7.04;0.43;239.54;8.83;761;76;2935.00;88
7753;75;628189052;7753;391;8512;8600;7.01;0.43;239.53;8.83;759;76;2936.00;88
7756;75;628189061;7756;380;8512;8600;6.92;0.42;239.47;8.83;756;76;2937.00;88
7757;75;628189072;7757;375;8516;8606;6.99;0.43;239.45;8.82;759;76;2938.00;90
7760;75;628189082;7760;369;8516;8606;6.92;0.42;239.43;8.82;756;76;2939.00;90
7761;75;628189094;7761;363;8517;8606;6.92;0.42;239.41;8.82;756;76;2940.00;89
7764;75;628189104;7764;362;8517;8606;6.94;0.42;239.41;8.82;753;76;2941.00;89
7769;75;628189114;7769;359;8520;8610;6.99;0.43;239.38;8.82;751;76;2942.00;90
7771;75;628189124;7771;357;8521;8611;7.03;0.43;239.36;8.82;750;76;2943.00;90
7773;75;628189134;7773;354;8521;8611;7.07;0.43;239.37;8.82;748;76;2944.00;90
7775;75;628189151;7775;360;8522;8612;7.09;0.43;239.44;8.82;747;76;2945.00;90
7781;75;628189167;7781;344;8522;8612;7.05;0.43;239.47;8.82;741;76;2946.00;90
7783;75;628189178;7783;328;8522;8612;7.09;0.43;239.43;8.82;739;76;2947.00;90
7785;75;628189188;7785;321;8522;8612;7.10;0.43;239.40;8.82;737;76;2948.00;90
7785;75;628189197;7785;311;8522;8612;7.16;0.44;239.40;8.82;737;76;2949.00;90
7786;75;628189207;7786;305;8522;8612;7.22;0.44;239.43;8.82;736;76;2950.00;90
7786;75;628189217;7786;297;8522;8612;7.32;0.45;239.43;8.82;736;76;2951.00;90
7786;75;628189228;7786;302;8556;8682;7.55;0.46;239.43;8.78;770;76;2952.00;126
7786;75;628189243;7786;293;8556;8683;7.73;0.47;239.43;8.78;770;76;2953.00;127
7789;75;628189254;7789;286;8564;8683;7.92;0.48;239.40;8.78;775;76;2954.00;119
7789;75;628189265;7789;272;8566;8683;8.07;0.49;239.40;8.77;777;76;2955.00;117
7792;75;628189276;7792;259;8570;8683;8.23;0.50;239.43;8.77;778;76;2956.00;113
7795;75;628189288;7795;258;8572;8683;8.35;0.51;239.40;8.77;777;76;2957.00;111
7796;75;628189299;7796;244;8574;8683;8.53;0.52;239.38;8.77;778;76;2958.00;109
7797;75;628189310;7797;242;8577;8683;8.74;0.53;239.38;8.77;780;76;2959.00;106
7800;76;628189321;7800;232;8578;8684;8.89;0.54;239.34;8.77;778;77;2960.00;106
7800;76;628189345;7800;216;8582;8685;9.08;0.55;239.34;8.77;782;77;2961.00;103
7803;76;628189358;7803;206;8585;8685;9.26;0.56;239.33;8.77;782;77;2962.00;100
7804;76;628189370;7804;200;8588;8689;9.34;0.57;239.34;8.77;784;77;2963.00;101
7805;76;628189383;7805;197;8588;8689;9.41;0.57;239.34;8.77;783;77;2964.00;101
7806;76;628189410;7806;194;8588;8689;9.50;0.58;239.35;8.77;782;77;2965.00;101
7809;76;628189428;7809;194;8588;8689;9.62;0.59;239.29;8.77;779;77;2966.00;101
7809;76;628189446;7809;186;8591;8695;9.70;0.59;239.29;8.76;782;77;2967.00;104
7813;76;628189473;7813;185;8591;8695;9.74;0.59;239.37;8.76;778;77;2968.00;104
7814;77;628189488;7814;180;8592;8695;9.85;0.60;239.38;8.76;778;78;2969.00;103
7816;77;628189539;7816;182;8595;8701;9.94;0.60;239.37;8.76;779;78;2970.00;106
7817;77;628189557;7817;180;8596;8701;10.05;0.61;239.35;8.76;779;78;2971.00;105
7820;77;628189577;7820;178;8596;8701;10.15;0.62;239.33;8.76;776;78;2972.00;105
7820;77;628189589;7820;176;8597;8702;10.30;0.62;239.33;8.76;777;78;2973.00;105
7822;77;628189601;7822;170;8598;8703;10.39;0.63;239.30;8.76;776;78;2974.00;105
7822;77;628189613;7822;172;8599;8703;10.51;0.64;239.30;8.76;777;78;2975.00;104
7824;77;628189624;7824;170;8607;8716;10.61;0.64;239.30;8.75;783;78;2976.00;109
7826;77;628189637;7826;169;8609;8716;10.62;0.64;239.30;8.87;783;78;2977.00;107
7833;77;628189650;7833;170;8609;8716;10.63;0.64;239.30;8.87;776;78;2978.00;107
7837;77;628189663;7837;170;8610;8717;10.69;0.65;239.32;8.87;773;78;2979.00;107
7838;78;628189675;7838;170;8610;8717;10.71;0.65;239.33;8.87;772;79;2980.00;107
7840;78;628189696;7840;162;8612;8721;10.72;0.65;239.33;8.87;772;79;2981.00;109
7842;78;628189714;7842;161;8612;8721;10.83;0.66;239.36;8.87;770;79;2982.00;109
7849;78;628189726;7849;162;8616;8725;10.81;0.66;239.36;8.86;767;79;2983.00;109
7851;78;628189738;7851;160;8616;8725;10.85;0.66;239.37;8.86;765;79;2984.00;109
7853;78;628189749;7853;161;8616;8725;10.91;0.66;239.38;8.86;763;79;2985.00;109
7854;78;628189760;7854;157;8616;8725;10.98;0.67;239.39;8.86;762;79;2986.00;109
7854;78;628189771;7854;156;8616;8725;11.04;0.67;239.39;8.86;762;79;2987.00;109
7858;78;628189781;7858;156;8626;8737;11.10;0.67;239.41;8.85;768;79;2988.00;111
7863;78;628189793;7863;154;8627;8737;11.04;0.67;239.46;8.86;764;79;2989.00;110
7864;78;628189805;7864;151;8628;8737;11.11;0.68;239.44;8.86;764;79;2990.00;109
7868;78;628189816;7868;156;8629;8737;11.14;0.68;239.47;8.98;761;79;2991.00;108
7871;78;628189826;7871;150;8629;8737;11.18;0.68;239.46;8.98;758;79;2992.00;108
7872;78;628189838;7872;147;8630;8737;11.21;0.68;239.45;8.98;758;79;2993.00;107
7876;78;628189856;7876;151;8632;8738;11.19;0.68;239.45;8.99;756;79;2994.00;106
7882;78;628189868;7882;144;8634;8738;11.19;0.68;239.46;9.01;752;79;2995.00;104
7886;78;628189881;7886;149;8637;8744;11.30;0.69;239.51;9.01;751;79;2996.00;107
7890;78;628189893;7890;146;8639;8745;11.32;0.69;239.54;9.01;749;79;2997.00;106
7894;78;628189905;7894;138;8639;8745;11.39;0.69;239.56;9.01;745;79;2998.00;106
7896;78;628189916;7896;131;8639;8745;11.46;0.70;239.59;9.01;743;79;2999.00;106
7899;78;628189931;7899;131;8643;8765;11.49;0.70;239.66;9.00;744;79;3000.00;122
7905;78;628189949;7905;128;8643;8765;11.59;0.70;239.64;9.00;738;79;3001.00;122
7908;78;628189959;7908;123;8644;8765;11.59;0.70;239.67;9.00;736;79;3002.00;121
7911;78;628189971;7911;117;8645;8766;11.66;0.71;239.64;9.00;734;79;3003.00;121
7916;79;628189982;7916;115;8648;8770;11.70;0.71;239.66;9.00;732;80;3004.00;122
7918;79;628190001;7918;119;8649;8770;11.79;0.71;239.63;9.00;731;80;3005.00;121
7921;79;628190012;7921;114;8651;8773;11.88;0.72;239.59;9.00;730;80;3006.00;122
7923;79;628190028;7923;118;8652;8773;11.88;0.72;239.65;9.00;729;80;3007.00;121
7926;79;628190039;7926;119;8655;8773;11.90;0.72;239.65;9.01;729;80;3008.00;118
7929;79;628190050;7929;121;8657;8773;11.85;0.72;239.64;9.13;728;80;3009.00;116
7929;79;628190061;7929;115;8659;8777;11.77;0.71;239.64;9.13;730;80;3010.00;118
7929;79;628190073;7929;115;8661;8777;11.73;0.71;239.64;9.13;732;80;3011.00;116
7931;79;628190083;7931;116;8664;8777;11.67;0.71;239.72;9.13;733;80;3012.00;113
7935;79;628190103;7935;115;8664;8777;11.67;0.71;239.71;9.13;729;80;3013.00;113
7937;80;628190114;7937;114;8667;8778;11.67;0.71;239.76;9.13;730;81;3014.00;111
7942;80;628190141;7942;120;8670;8780;11.64;0.71;239.80;9.13;728;81;3015.00;110
7944;80;628190153;7944;122;8670;8780;11.62;0.70;239.79;9.13;726;81;3016.00;110
7950;80;628190165;7950;124;8672;8781;11.63;0.70;239.78;9.13;722;81;3017.00;109
7952;80;628190177;7952;117;8672;8781;11.66;0.71;239.89;9.13;720;81;3018.00;109
7954;80;628190194;7954;126;8673;8781;11.63;0.71;239.92;9.13;719;81;3019.00;108
7956;80;628190211;7956;127;8674;8781;11.62;0.71;239.93;9.14;718;81;3020.00;107
7959;80;628190222;7959;134;8675;8781;11.61;0.71;239.91;9.16;716;81;3021.00;106
7964;80;628190233;7964;140;8676;8781;11.53;0.70;239.92;9.16;712;81;3022.00;105
7967;80;628190251;7967;147;8678;8781;11.45;0.70;239.90;9.18;711;81;3023.00;103
7969;80;628190262;7969;168;8743;8908;11.09;0.68;239.99;9.12;774;81;3024.00;165
7972;80;628190282;7972;165;8749;8909;11.05;0.68;240.00;9.14;777;81;3025.00;160
7975;80;628190294;7975;168;8754;8909;10.96;0.67;240.01;9.14;779;81;3026.00;155
7976;80;628190305;7976;174;8758;8909;10.93;0.67;240.06;9.16;782;81;3027.00;151
7978;80;628190316;7978;181;8762;8909;10.84;0.67;240.05;9.15;784;81;3028.00;147
7980;80;628190327;7980;187;8766;8909;10.85;0.67;240.04;9.17;786;81;3029.00;143
7983;80;628190340;7983;194;8770;8909;10.84;0.67;240.06;9.19;787;81;3030.00;139
7989;80;628190351;7989;202;8773;8909;10.73;0.66;240.02;9.20;784;81;3031.00;136
7992;80;628190362;7992;212;8777;8910;10.73;0.66;240.03;9.21;785;81;3032.00;133
7993;80;628190373;7993;214;8780;8911;10.76;0.66;240.05;9.21;787;81;3033.00;131
7994;80;628190385;7994;218;8783;8911;10.68;0.66;240.04;9.22;789;81;3034.00;128
7997;80;628190396;7997;226;8788;8912;10.55;0.65;240.02;9.23;791;81;3035.00;124
7999;80;628190407;7999;231;8793;8912;10.44;0.64;240.01;9.23;794;81;3036.00;119
8004;80;628190419;8004;233;8798;8912;10.16;0.63;239.95;9.25;794;81;3037.00;114
8006;80;628190430;8006;242;8804;8912;10.02;0.62;239.94;9.25;798;81;3038.00;108
8008;80;628190444;8008;244;8808;8916;9.91;0.61;239.94;9.25;800;81;3039.00;108
8012;80;628190455;8012;243;8812;8916;9.72;0.60;239.92;9.27;800;81;3040.00;104
8015;80;628190468;8015;248;8815;8916;9.58;0.59;239.87;9.27;800;81;3041.00;101
8021;80;628190479;8021;254;8819;8919;9.39;0.58;239.89;9.27;798;81;3042.00;100
8025;80;628190491;8025;258;8820;8919;9.23;0.57;239.85;9.28;795;81;3043.00;99
8027;80;628190502;8027;260;8821;8919;9.07;0.56;239.93;9.28;794;81;3044.00;98
8030;80;628190519;8030;261;8826;8923;8.91;0.55;239.91;9.28;796;81;3045.00;97
8036;80;628190531;8036;262;8829;8924;8.80;0.54;239.87;9.29;793;81;3046.00;95
8038;80;628190542;8038;271;8829;8924;8.69;0.53;239.86;9.29;791;81;3047.00;95
8040;80;628190552;8040;274;8834;8928;8.60;0.53;239.83;9.31;794;81;3048.00;94
8044;80;628190563;8044;275;8835;8928;8.47;0.52;239.79;9.31;791;81;3049.00;93
8046;80;628190574;8046;272;8835;8928;8.42;0.52;239.79;9.31;789;81;3050.00;93
8048;80;628190584;8048;270;8837;8929;8.41;0.52;239.77;9.32;789;81;3051.00;92
8053;80;628190596;8053;273;8839;8929;8.36;0.51;239.75;9.34;786;81;3052.00;90
8057;80;628190607;8057;272;8844;8935;8.31;0.51;239.77;9.34;787;81;3053.00;91
8060;80;628190621;8060;275;8845;8935;8.20;0.50;239.75;9.34;785;81;3054.00;90
8066;80;628190633;8066;272;8846;8936;8.08;0.49;239.85;9.34;780;81;3055.00;90
8068;80;628190644;8068;281;8847;8936;7.98;0.49;239.83;9.35;779;81;3056.00;89
8072;80;628190654;8072;286;8848;8936;7.80;0.48;239.92;9.35;776;81;3057.00;88
8077;80;628190664;8077;291;8849;8936;7.62;0.47;240.02;9.36;772;81;3058.00;87
8081;80;628190674;8081;297;8850;8936;7.44;0.46;239.99;9.37;769;81;3059.00;86
8085;80;628190685;8085;297;8873;8972;7.37;0.45;240.04;9.35;788;81;3060.00;99
8091;80;628190698;8091;295;8875;8972;7.17;0.44;240.06;9.36;784;81;3061.00;97
8095;80;628190707;8095;294;8878;8972;7.09;0.44;240.12;9.35;783;81;3062.00;94
8099;80;628190717;8099;295;8881;8972;7.01;0.43;240.12;9.36;782;81;3063.00;91
8100;80;628190726;8100;297;8883;8972;6.98;0.43;240.10;9.36;783;81;3064.00;89
8104;80;628190735;8104;296;8884;8972;6.90;0.43;240.17;9.36;780;81;3065.00;88
8106;80;628190743;8106;302;8889;8976;6.87;0.42;240.19;9.36;783;81;3066.00;87
8112;80;628190753;8112;305;8890;8976;6.80;0.42;240.31;9.36;778;81;3067.00;86
8113;80;628190762;8113;301;8893;8980;6.90;0.42;240.33;9.36;780;81;3068.00;87
8114;80;628190772;8114;301;8896;8981;6.92;0.43;240.34;9.36;782;81;3069.00;85
8117;80;628190782;8117;303;8896;8981;6.96;0.43;240.35;9.36;779;81;3070.00;85
8122;80;628190791;8122;298;8896;8981;6.99;0.43;240.36;9.36;774;81;3071.00;85
8125;80;628190800;8125;292;8909;8994;7.01;0.43;240.38;9.46;784;81;3072.00;85
8128;80;628190812;8128;289;8909;8994;7.01;0.43;240.37;9.46;781;81;3073.00;85
8130;80;628190822;8130;294;8909;8994;7.05;0.43;240.40;9.46;779;81;3074.00;85
8133;80;628190830;8133;298;8910;8995;7.11;0.43;240.39;9.46;777;81;3075.00;85
8135;80;628190839;8135;300;8910;8996;7.11;0.44;240.40;9.46;775;81;3076.00;86
8140;80;628190849;8140;298;8910;8996;7.05;0.43;240.38;9.46;770;81;3077.00;86
8144;80;628190858;8144;295;8912;8999;7.06;0.43;240.35;9.46;768;81;3078.00;87
8146;80;628190867;8146;302;8912;8999;6.98;0.43;240.35;9.46;766;81;3079.00;87
8149;80;628190875;8149;304;8913;8999;6.88;0.42;240.37;9.46;764;81;3080.00;86
8151;80;628190884;8151;306;8913;8999;6.80;0.42;240.37;9.46;762;81;3081.00;86
8154;80;628190893;8154;303;8917;9005;6.75;0.41;240.37;9.46;763;81;3082.00;88
8158;80;628190903;8158;305;8917;9005;6.62;0.41;240.39;9.46;759;81;3083.00;88
8161;80;628190912;8161;304;8918;9005;6.54;0.40;240.36;9.46;757;81;3084.00;87
8166;80;628190921;8166;313;8918;9005;6.42;0.39;240.31;9.46;752;81;3085.00;87
8171;80;628190931;8171;316;8921;9009;6.43;0.39;240.37;9.45;750;81;3086.00;88
8174;80;628190941;8174;323;8922;9010;6.44;0.39;240.34;9.45;748;81;3087.00;88
8177;80;628190949;8177;326;8922;9010;6.38;0.39;240.32;9.45;745;81;3088.00;88
8178;80;628190958;8178;329;8923;9011;6.41;0.39;240.40;9.45;745;81;3089.00;88
8184;80;628190970;8184;332;8923;9011;6.30;0.38;240.43;9.45;739;81;3090.00;88
8187;80;628190979;8187;338;8923;9011;6.29;0.38;240.41;9.45;736;81;3091.00;88
8193;80;628190989;8193;338;8923;9011;6.17;0.38;240.28;9.45;730;81;3092.00;88
8196;80;628190997;8196;337;8923;9011;6.16;0.38;240.27;9.45;727;81;3093.00;88
8197;80;628191006;8197;334;8923;9011;6.22;0.38;240.27;9.45;726;81;3094.00;88
8200;80;628191015;8200;332;8923;9011;6.19;0.38;240.27;9.45;723;81;3095.00;88
8201;80;628191024;8201;344;8963;9081;6.49;0.40;240.29;9.41;762;81;3096.00;118
8203;80;628191038;8203;337;8966;9082;6.53;0.40;240.31;9.41;763;81;3097.00;116
8204;80;628191047;8204;345;8973;9082;6.69;0.41;240.33;9.52;769;81;3098.00;109
8205;80;628191056;8205;342;8976;9082;6.73;0.41;240.32;9.52;771;81;3099.00;106
8209;80;628191066;8209;345;8980;9082;6.81;0.42;240.32;9.52;771;81;3100.00;102
8210;81;628191080;8210;348;8983;9082;6.84;0.42;240.31;9.52;773;82;3101.00;99
8212;81;628191101;8212;355;8987;9082;6.89;0.42;240.31;9.51;775;82;3102.00;95
8213;81;628191110;8213;359;8988;9082;6.85;0.42;240.33;9.51;775;82;3103.00;94
8216;81;628191120;8216;365;8990;9083;6.81;0.42;240.32;9.51;774;82;3104.00;93
8216;81;628191130;8216;372;8992;9085;6.74;0.42;240.32;9.51;776;82;3105.00;93
8216;81;628191140;8216;378;8993;9085;6.57;0.41;240.32;9.51;777;82;3106.00;92
8220;81;628191149;8220;358;8996;9089;6.51;0.40;240.32;9.51;776;82;3107.00;93
8223;81;628191162;8223;347;8996;9089;6.46;0.40;240.33;9.51;773;82;3108.00;93
8225;81;628191172;8225;335;8996;9089;6.53;0.40;240.31;9.51;771;82;3109.00;93
8227;81;628191183;8227;325;8996;9089;6.62;0.41;240.36;9.51;769;82;3110.00;93
8231;81;628191193;8231;315;9000;9095;6.75;0.42;240.43;9.50;769;82;3111.00;95
8233;81;628191204;8233;310;9000;9095;6.87;0.42;240.42;9.50;767;82;3112.00;95
8239;81;628191215;8239;296;9001;9095;6.96;0.43;240.48;9.50;762;82;3113.00;94
8241;81;628191233;8241;294;9003;9098;7.14;0.44;240.46;9.50;762;82;3114.00;95
8243;81;628191243;8243;290;9003;9098;7.25;0.44;240.46;9.50;760;82;3115.00;95
8245;81;628191259;8245;274;9004;9098;7.42;0.45;240.47;9.50;759;82;3116.00;94
8246;81;628191271;8246;256;9004;9099;7.59;0.46;240.49;9.50;758;82;3117.00;95
8246;81;628191287;8246;239;9005;9100;7.82;0.48;240.49;9.50;759;82;3118.00;95
8248;81;628191298;8248;221;9005;9100;8.06;0.49;240.46;9.50;757;82;3119.00;95
8250;81;628191311;8250;208;9025;9126;8.41;0.51;240.41;9.48;775;82;3120.00;101
8254;81;628191331;8254;199;9026;9126;8.67;0.53;240.39;9.48;772;82;3121.00;100
8255;81;628191343;8255;183;9027;9126;8.90;0.54;240.39;9.48;772;82;3122.00;99
8255;81;628191354;8255;180;9028;9127;9.13;0.55;240.39;9.47;773;82;3123.00;99
8256;81;628191366;8256;170;9029;9127;9.33;0.57;240.36;9.60;773;82;3124.00;98
8259;81;628191378;8259;165;9032;9131;9.48;0.58;240.31;9.59;773;82;3125.00;99
8261;81;628191390;8261;158;9032;9131;9.68;0.59;240.32;9.59;771;82;3126.00;99
8264;81;628191402;8264;158;9036;9135;9.79;0.59;240.36;9.59;772;82;3127.00;99
8267;81;628191414;8267;153;9036;9135;9.91;0.60;240.38;9.59;769;82;3128.00;99
8268;81;628191426;8268;154;9036;9135;10.06;0.61;240.37;9.59;768;82;3129.00;99
8270;81;628191441;8270;152;9036;9135;10.18;0.62;240.39;9.59;766;82;3130.00;99
8272;81;628191457;8272;149;9036;9135;10.27;0.62;240.42;9.59;764;82;3131.00;99
8275;81;628191477;8275;146;9046;9147;10.35;0.63;240.43;9.58;771;82;3132.00;101
8277;81;628191504;8277;144;9046;9147;10.42;0.63;240.43;9.58;769;82;3133.00;101
8280;81;628191522;8280;136;9047;9147;10.50;0.64;240.48;9.58;767;82;3134.00;100
8281;81;628191541;8281;139;9047;9147;10.64;0.65;240.52;9.58;766;82;3135.00;100
8283;81;628191557;8283;138;9047;9147;10.76;0.65;240.52;9.58;764;82;3136.00;100
8288;81;628191576;8288;141;9047;9147;10.89;0.66;240.65;9.58;759;82;3137.00;100
8292;81;628191589;8292;141;9047;9148;11.03;0.67;240.70;9.58;755;82;3138.00;101
8294;81;628191602;8294;143;9047;9148;11.10;0.67;240.71;9.58;753;82;3139.00;101
8299;81;628191618;8299;137;9051;9154;11.16;0.68;240.70;9.57;752;82;3140.00;103
8301;82;628191632;8301;129;9052;9155;11.24;0.68;240.73;9.57;751;83;3141.00;103
8306;82;628191659;8306;128;9053;9155;11.30;0.68;240.74;9.57;747;83;3142.00;102
8309;82;628191678;8309;124;9053;9155;11.38;0.69;240.74;9.57;744;83;3143.00;102
8309;82;628191697;8309;134;9056;9159;11.49;0.70;240.74;9.57;747;83;3144.00;103
8313;82;628191716;8313;132;9056;9159;11.52;0.70;240.75;9.57;743;83;3145.00;103
8317;82;628191728;8317;138;9056;9159;11.54;0.70;240.75;9.57;739;83;3146.00;103
8319;82;628191740;8319;135;9057;9160;11.54;0.70;240.76;9.57;738;83;3147.00;103
8321;82;628191752;8321;139;9060;9164;11.52;0.70;240.80;9.57;739;83;3148.00;104
8324;82;628191764;8324;141;9060;9164;11.56;0.70;240.80;9.57;736;83;3149.00;104
8325;82;628191778;8325;144;9063;9170;11.66;0.71;240.82;9.56;738;83;3150.00;107
8330;82;628191791;8330;143;9063;9170;11.63;0.71;240.83;9.56;733;83;3151.00;107
8332;82;628191803;8332;147;9064;9170;11.64;0.71;240.83;9.56;732;83;3152.00;106
8334;82;628191814;8334;146;9064;9170;11.59;0.70;240.87;9.56;730;83;3153.00;106
8338;82;628191826;8338;140;9068;9174;11.52;0.70;240.93;9.68;730;83;3154.00;106
8341;82;628191839;8341;135;9068;9174;11.54;0.70;240.95;9.68;727;83;3155.00;106
8345;82;628191851;8345;138;9069;9174;11.52;0.70;240.95;9.68;724;83;3156.00;105
8351;82;628191863;8351;140;9069;9174;11.51;0.70;240.95;9.68;718;83;3157.00;105
8356;82;628191875;8356;141;9070;9175;11.51;0.70;240.98;9.68;714;83;3158.00;105
8358;82;628191887;8358;138;9071;9176;11.52;0.70;241.02;9.67;713;83;3159.00;105
8360;82;628191899;8360;137;9072;9176;11.51;0.70;241.04;9.67;712;83;3160.00;104
8362;82;628191911;8362;135;9073;9177;11.52;0.70;241.04;9.67;711;83;3161.00;104
8366;82;628191923;8366;130;9073;9177;11.49;0.70;241.08;9.67;707;83;3162.00;104
8371;82;628191935;8371;128;9073;9177;11.51;0.70;241.11;9.67;702;83;3163.00;104
8375;82;628191946;8375;121;9074;9177;11.42;0.69;241.08;9.69;699;83;3164.00;103
8379;82;628191958;8379;118;9074;9177;11.36;0.69;241.09;9.69;695;83;3165.00;103
8384;82;628191970;8384;114;9075;9177;11.37;0.69;241.14;9.70;691;83;3166.00;102
8386;82;628191982;8386;109;9075;9177;11.38;0.69;241.16;9.70;689;83;3167.00;102
8389;82;628191993;8389;127;9141;9304;11.17;0.69;241.17;9.63;752;83;3168.00;163
8390;82;628192014;8390;113;9144;9305;11.21;0.69;241.18;9.74;754;83;3169.00;161
8394;82;628192031;8394;107;9150;9305;11.32;0.69;241.18;9.73;756;83;3170.00;155
8397;82;628192044;8397;105;9154;9305;11.39;0.70;241.24;9.73;757;83;3171.00;151
8399;82;628192062;8399;98;9159;9305;11.45;0.70;241.20;9.73;760;83;3172.00;146
8401;82;628192074;8401;97;9166;9305;11.50;0.71;241.26;9.83;765;83;3173.00;139
8405;82;628192088;8405;97;9171;9305;11.56;0.71;241.29;9.83;766;83;3174.00;134
8407;82;628192106;8407;97;9174;9305;11.63;0.71;241.31;9.83;767;83;3175.00;131
8408;83;628192124;8408;95;9177;9306;11.69;0.72;241.32;9.83;769;84;3176.00;129
8414;83;628192149;8414;95;9180;9307;11.75;0.72;241.26;9.83;766;84;3177.00;127
8417;83;628192167;8417;101;9184;9307;11.86;0.72;241.25;9.95;767;84;3178.00;123
8423;83;628192178;8423;93;9187;9308;11.96;0.73;241.28;9.95;764;84;3179.00;121
8425;83;628192198;8425;94;9190;9308;12.05;0.73;241.30;9.95;765;84;3180.00;118
8431;83;628192211;8431;91;9191;9308;12.06;0.73;241.28;9.95;760;84;3181.00;117
8433;83;628192223;8433;99;9195;9308;12.01;0.73;241.27;9.95;762;84;3182.00;113
8437;83;628192235;8437;104;9198;9312;11.97;0.73;241.22;9.95;761;84;3183.00;114
8439;83;628192248;8439;109;9199;9312;11.92;0.73;241.30;9.95;760;84;3184.00;113
8440;83;628192266;8440;120;9202;9312;11.82;0.72;241.31;9.96;762;84;3185.00;110
8443;83;628192278;8443;124;9205;9315;11.74;0.71;241.32;9.96;762;84;3186.00;110
8448;83;628192291;8448;142;9205;9315;11.64;0.71;241.33;9.96;757;84;3187.00;110
8448;83;628192303;8448;150;9206;9315;11.60;0.70;241.33;9.96;758;84;3188.00;109
8450;83;628192315;8450;156;9211;9319;11.50;0.70;241.36;9.97;761;84;3189.00;108
8456;83;628192327;8456;159;9213;9320;11.48;0.70;241.34;9.98;757;84;3190.00;107
8458;83;628192339;8458;167;9215;9322;11.36;0.69;241.34;9.98;757;84;3191.00;107
8461;83;628192351;8461;173;9218;9326;11.31;0.69;241.36;9.98;757;84;3192.00;108
8465;83;628192363;8465;178;9220;9326;11.23;0.68;241.39;10.00;755;84;3193.00;106
8466;83;628192381;8466;182;9220;9326;11.21;0.68;241.37;10.00;754;84;3194.00;106
8468;83;628192392;8468;179;9223;9328;11.09;0.67;241.37;10.01;755;84;3195.00;105
8469;83;628192405;8469;192;9224;9328;11.01;0.67;241.38;10.02;755;84;3196.00;104
8471;83;628192416;8471;192;9229;9334;10.95;0.67;241.40;10.02;758;84;3197.00;105
8472;83;628192430;8472;196;9229;9334;10.81;0.66;241.40;10.02;757;84;3198.00;105
8474;83;628192442;8474;203;9232;9335;10.64;0.65;241.41;10.04;758;84;3199.00;103
8475;83;628192455;8475;208;9233;9335;10.51;0.64;241.40;10.04;758;84;3200.00;102
8477;83;628192471;8477;211;9233;9335;10.37;0.63;241.44;10.04;756;84;3201.00;102
8480;83;628192482;8480;218;9235;9335;10.19;0.62;241.48;10.06;755;84;3202.00;100
8481;83;628192494;8481;222;9235;9335;10.07;0.62;241.48;10.06;754;84;3203.00;100
8482;83;628192503;8482;226;9246;9347;10.00;0.61;241.48;10.06;764;84;3204.00;101
8482;83;628192515;8482;233;9246;9347;9.92;0.61;241.48;10.06;764;84;3205.00;101
8484;83;628192525;8484;235;9250;9347;9.83;0.61;241.50;10.09;766;84;3206.00;97
8488;83;628192536;8488;242;9250;9347;9.71;0.60;241.48;10.09;762;84;3207.00;97
8491;83;628192546;8491;247;9252;9347;9.54;0.59;241.48;10.11;761;84;3208.00;95
8496;83;628192556;8496;252;9252;9347;9.35;0.58;241.45;10.11;756;84;3209.00;95
8500;83;628192569;8500;252;9255;9351;9.24;0.57;241.49;10.11;755;84;3210.00;96
8501;83;628192579;8501;256;9257;9351;9.09;0.56;241.48;10.13;756;84;3211.00;94
8506;83;628192601;8506;253;9260;9355;9.02;0.56;241.48;10.13;754;84;3212.00;95
8509;83;628192611;8509;250;9261;9356;8.96;0.55;241.44;10.13;752;84;3213.00;95
8511;83;628192621;8511;253;9262;9356;8.89;0.55;241.43;10.13;751;84;3214.00;94
8519;83;628192631;8519;260;9266;9356;8.66;0.53;241.37;10.17;747;84;3215.00;90
8520;83;628192641;8520;262;9277;9369;8.54;0.52;241.35;10.16;757;84;3216.00;92
8522;83;628192651;8522;260;9279;9369;8.39;0.51;241.34;10.18;757;84;3217.00;90
8523;83;628192661;8523;262;9279;9369;8.34;0.51;241.37;10.18;756;84;3218.00;90
8525;83;628192670;8525;267;9280;9370;8.32;0.51;241.37;10.17;755;84;3219.00;90
8526;83;628192679;8526;277;9282;9371;8.23;0.50;241.36;10.19;756;84;3220.00;89
8527;83;628192689;8527;275;9282;9371;8.20;0.50;241.36;10.19;755;84;3221.00;89
8530;83;628192697;8530;276;9286;9374;8.16;0.50;241.32;10.20;756;84;3222.00;88
8533;83;628192707;8533;285;9287;9374;8.11;0.50;241.34;10.20;754;84;3223.00;87
8537;83;628192715;8537;286;9289;9374;8.00;0.49;241.34;10.21;752;84;3224.00;85
8541;83;628192724;8541;284;9289;9374;7.86;0.48;241.41;10.21;748;84;3225.00;85
8544;83;628192733;8544;288;9293;9380;7.83;0.48;241.37;10.20;749;84;3226.00;87
8548;83;628192743;8548;292;9295;9380;7.66;0.47;241.40;10.22;747;84;3227.00;85
8554;83;628192751;8554;291;9296;9380;7.43;0.45;241.34;10.21;742;84;3228.00;84
8555;83;628192760;8555;299;9298;9380;7.23;0.44;241.32;10.22;743;84;3229.00;82
8558;83;628192768;8558;294;9301;9384;7.07;0.43;241.29;10.22;743;84;3230.00;83
8563;83;628192777;8563;287;9304;9385;6.91;0.42;241.30;10.23;741;84;3231.00;81
8564;83;628192785;8564;296;9304;9385;6.80;0.42;241.30;10.23;740;84;3232.00;81
8565;83;628192793;8565;295;9306;9386;6.76;0.41;241.32;10.23;741;84;3233.00;80
8569;83;628192801;8569;292;9307;9386;6.70;0.41;241.36;10.23;738;84;3234.00;79
8573;83;628192809;8573;299;9307;9386;6.69;0.41;241.43;10.23;734;84;3235.00;79
8575;83;628192818;8575;301;9307;9386;6.72;0.41;241.44;10.23;732;84;3236.00;79
8581;83;628192826;8581;305;9309;9386;6.68;0.41;241.36;10.23;728;84;3237.00;77
8584;83;628192835;8584;294;9309;9386;6.68;0.41;241.40;10.23;725;84;3238.00;77
8587;83;628192843;8587;285;9309;9386;6.72;0.41;241.39;10.23;722;84;3239.00;77
8588;83;628192853;8588;286;9363;9511;7.13;0.44;241.40;10.17;775;84;3240.00;148
8592;83;628192870;8592;288;9369;9512;7.14;0.44;241.43;10.17;777;84;3241.00;143
8595;83;628192879;8595;292;9381;9512;7.22;0.45;241.40;10.27;786;84;3242.00;131
8598;83;628192890;8598;293;9387;9512;7.24;0.45;241.42;10.27;789;84;3243.00;125
8601;83;628192899;8601;294;9391;9512;7.27;0.45;241.46;10.27;790;84;3244.00;121
8605;83;628192908;8605;298;9396;9512;7.21;0.45;241.42;10.26;791;84;3245.00;116
8608;83;628192917;8608;295;9400;9512;7.22;0.45;241.45;10.26;792;84;3246.00;112
8612;83;628192926;8612;298;9402;9512;7.18;0.44;241.45;10.26;790;84;3247.00;110
8616;83;628192935;8616;299;9406;9513;7.12;0.44;241.48;10.26;790;84;3248.00;107
8620;83;628192945;8620;299;9409;9514;7.05;0.43;241.47;10.26;789;84;3249.00;105
8622;83;628192955;8622;303;9411;9514;7.02;0.43;241.47;10.26;789;84;3250.00;103
8624;83;628192964;8624;305;9415;9518;6.97;0.43;241.48;10.26;791;84;3251.00;103
8628;83;628192974;8628;306;9419;9518;6.86;0.42;241.43;10.26;791;84;3252.00;99
8629;83;628192984;8629;313;9419;9518;6.84;0.42;241.44;10.26;790;84;3253.00;99
8632;83;628192993;8632;315;9419;9518;6.75;0.42;241.43;10.26;787;84;3254.00;99
8636;83;628193002;8636;323;9423;9524;6.62;0.41;241.45;10.25;787;84;3255.00;101
8638;83;628193012;8638;322;9423;9524;6.53;0.40;241.46;10.25;785;84;3256.00;101
8641;83;628193028;8641;328;9423;9524;6.50;0.40;241.45;10.25;782;84;3257.00;101
8646;83;628193037;8646;330;9426;9527;6.44;0.39;241.54;10.25;780;84;3258.00;101
8650;83;628193047;8650;320;9427;9527;6.43;0.39;241.51;10.25;777;84;3259.00;100
8654;83;628193057;8654;317;9427;9527;6.43;0.39;241.60;10.25;773;84;3260.00;100
8658;83;628193067;8658;306;9428;9528;6.47;0.40;241.63;10.25;770;84;3261.00;100
8660;83;628193077;8660;304;9429;9529;6.57;0.40;241.59;10.25;769;84;3262.00;100
8663;83;628193086;8663;302;9429;9529;6.68;0.41;241.58;10.25;766;84;3263.00;100
8665;83;628193096;8665;295;9440;9542;6.86;0.42;241.58;10.24;775;84;3264.00;102
8666;83;628193107;8666;291;9440;9542;6.97;0.43;241.57;10.24;774;84;3265.00;102
8670;83;628193130;8670;294;9440;9542;7.02;0.43;241.60;10.24;770;84;3266.00;102
8672;83;628193139;8672;290;9441;9543;7.12;0.43;241.59;10.24;769;84;3267.00;102
8673;83;628193150;8673;287;9441;9543;7.23;0.44;241.58;10.24;768;84;3268.00;102
8675;83;628193160;8675;287;9444;9547;7.27;0.44;241.61;10.23;769;84;3269.00;103
8678;83;628193172;8678;283;9444;9547;7.27;0.44;241.60;10.23;766;84;3270.00;103
8680;83;628193183;8680;287;9448;9551;7.41;0.45;241.60;10.23;768;84;3271.00;103
8683;83;628193193;8683;291;9448;9551;7.48;0.45;241.60;10.23;765;84;3272.00;103
8685;83;628193203;8685;284;9448;9551;7.50;0.46;241.60;10.23;763;84;3273.00;103
8686;83;628193214;8686;287;9448;9551;7.53;0.46;241.58;10.23;762;84;3274.00;103
8686;83;628193224;8686;288;9448;9551;7.58;0.46;241.58;10.23;762;84;3275.00;103
8688;83;628193234;8688;291;9457;9563;7.65;0.47;241.55;10.22;769;84;3276.00;106
8689;83;628193246;8689;285;9457;9563;7.70;0.47;241.54;10.22;768;84;3277.00;106
8689;83;628193256;8689;277;9459;9563;7.84;0.48;241.54;10.22;770;84;3278.00;104
8691;83;628193266;8691;274;9459;9563;7.91;0.48;241.53;10.22;768;84;3279.00;104
8692;83;628193277;8692;272;9459;9563;8.03;0.49;241.53;10.22;767;84;3280.00;104
8697;83;628193288;8697;266;9459;9563;8.11;0.49;241.46;10.22;762;84;3281.00;104
8698;83;628193305;8698;261;9459;9564;8.25;0.50;241.44;10.22;761;84;3282.00;105
8700;83;628193316;8700;256;9459;9564;8.37;0.51;241.45;10.22;759;84;3283.00;105
8702;83;628193327;8702;258;9463;9570;8.55;0.52;241.42;10.21;761;84;3284.00;107
8705;83;628193339;8705;252;9465;9572;8.66;0.53;241.45;10.21;760;84;3285.00;107
8707;83;628193360;8707;233;9466;9572;8.77;0.53;241.47;10.21;759;84;3286.00;106
8708;83;628193379;8708;213;9466;9572;8.88;0.54;241.49;10.21;758;84;3287.00;106
8712;83;628193391;8712;194;9469;9576;9.03;0.55;241.48;10.21;757;84;3288.00;107
8714;83;628193403;8714;181;9469;9576;9.17;0.56;241.52;10.21;755;84;3289.00;107
8715;83;628193415;8715;170;9469;9576;9.31;0.56;241.56;10.21;754;84;3290.00;107
8720;83;628193426;8720;154;9470;9577;9.48;0.57;241.64;10.21;750;84;3291.00;107
8723;83;628193439;8723;148;9473;9581;9.64;0.58;241.69;10.20;750;84;3292.00;108
8725;83;628193471;8725;136;9473;9581;9.83;0.60;241.68;10.20;748;84;3293.00;108
8729;83;628193489;8729;130;9475;9584;10.00;0.61;241.67;10.20;746;84;3294.00;109
8732;83;628193509;8732;133;9475;9584;10.06;0.61;241.69;10.20;743;84;3295.00;109
8735;83;628193526;8735;127;9476;9584;10.18;0.62;241.69;10.20;741;84;3296.00;108
8738;83;628193546;8738;127;9476;9584;10.27;0.62;241.73;10.20;738;84;3297.00;108
8740;83;628193563;8740;132;9479;9588;10.38;0.63;241.73;10.20;739;84;3298.00;109
8743;83;628193576;8743;135;9479;9588;10.45;0.63;241.72;10.20;736;84;3299.00;109
8745;83;628193592;8745;137;9483;9607;10.56;0.64;241.76;10.19;738;84;3300.00;124
8748;83;628193612;8748;135;9484;9607;10.71;0.65;241.76;10.19;736;84;3301.00;123
8751;83;628193626;8751;138;9484;9608;10.78;0.66;241.79;10.19;733;84;3302.00;124
8753;83;628193640;8753;136;9485;9609;10.86;0.66;241.82;10.19;732;84;3303.00;124
8756;83;628193653;8756;133;9485;9609;10.92;0.67;241.81;10.19;729;84;3304.00;124
8759;83;628193666;8759;137;9487;9610;10.97;0.67;241.85;10.19;728;84;3305.00;123
8762;83;628193679;8762;137;9487;9610;11.07;0.68;241.84;10.19;725;84;3306.00;123
8765;83;628193691;8765;132;9488;9610;11.13;0.68;241.87;10.19;723;84;3307.00;122
8771;83;628193703;8771;135;9488;9610;11.13;0.68;241.87;10.19;717;84;3308.00;122
8776;83;628193722;8776;132;9488;9610;11.19;0.68;241.89;10.19;712;84;3309.00;122
8779;83;628193741;8779;133;9489;9610;11.20;0.68;241.90;10.19;710;84;3310.00;121
8780;83;628193753;8780;131;9489;9610;11.27;0.69;241.91;10.19;709;84;3311.00;121
8782;83;628193765;8782;150;9555;9737;11.04;0.68;241.91;10.12;773;84;3312.00;182
8785;83;628193788;8785;144;9560;9738;11.03;0.68;241.90;10.12;775;84;3313.00;178
8788;83;628193801;8788;132;9562;9738;11.14;0.69;241.92;10.11;774;84;3314.00;176
8789;83;628193814;8789;127;9563;9738;11.25;0.69;241.92;10.11;774;84;3315.00;175
8791;83;628193825;8791;125;9569;9738;11.38;0.70;241.95;10.23;778;84;3316.00;169
8793;83;628193839;8793;125;9570;9738;11.39;0.70;241.95;10.23;777;84;3317.00;168
8796;83;628193852;8796;125;9573;9738;11.40;0.70;242.01;10.23;777;84;3318.00;165
8798;83;628193864;8798;131;9577;9738;11.41;0.70;242.05;10.23;779;84;3319.00;161
8799;83;628193877;8799;134;9580;9739;11.48;0.70;242.08;10.23;781;84;3320.00;159
8803;83;628193889;8803;144;9584;9740;11.48;0.70;242.13;10.23;781;84;3321.00;156
8805;83;628193902;8805;141;9587;9740;11.47;0.70;242.22;10.23;782;84;3322.00;153
8810;83;628193915;8810;146;9589;9741;11.44;0.70;242.25;10.23;779;84;3323.00;152
8814;83;628193927;8814;152;9592;9741;11.45;0.70;242.30;10.23;778;84;3324.00;149
8817;83;628193940;8817;156;9595;9741;11.43;0.70;242.33;10.23;778;84;3325.00;146
8821;83;628193952;8821;159;9598;9741;11.41;0.70;242.32;10.23;777;84;3326.00;143
8824;83;628193964;8824;165;9600;9745;11.33;0.69;242.37;10.23;776;84;3327.00;145
8827;83;628193978;8827;169;9601;9745;11.32;0.69;242.36;10.24;774;84;3328.00;144
8831;83;628193990;8831;168;9603;9745;11.35;0.69;242.43;10.23;772;84;3329.00;142
8833;83;628194004;8833;167;9608;9751;11.29;0.69;242.50;10.35;775;84;3330.00;143
8836;83;628194017;8836;169;9608;9751;11.29;0.69;242.51;10.35;772;84;3331.00;143
8841;83;628194029;8841;163;9609;9751;11.25;0.68;242.52;10.36;768;84;3332.00;142
8848;83;628194041;8848;155;9615;9755;11.18;0.68;242.52;10.36;767;84;3333.00;140
8848;83;628194053;8848;154;9617;9756;11.22;0.68;242.52;10.48;769;84;3334.00;139
8856;83;628194066;8856;147;9620;9756;11.12;0.68;242.52;10.50;764;84;3335.00;136
8860;83;628194079;8860;153;9623;9760;11.16;0.68;242.50;10.50;763;84;3336.00;137
8862;83;628194092;8862;152;9623;9760;11.18;0.68;242.52;10.50;761;84;3337.00;137
8865;83;628194110;8865;146;9626;9760;11.22;0.68;242.50;10.51;761;84;3338.00;134
8869;83;628194121;8869;141;9627;9761;11.22;0.68;242.49;10.50;758;84;3339.00;134
8872;83;628194135;8872;136;9629;9761;11.28;0.68;242.46;10.51;757;84;3340.00;132
8875;83;628194147;8875;128;9631;9767;11.35;0.69;242.52;10.51;756;84;3341.00;136
8876;83;628194161;8876;133;9632;9767;11.34;0.69;242.51;10.51;756;84;3342.00;135
8881;83;628194173;8881;133;9633;9768;11.40;0.69;242.51;10.51;752;84;3343.00;135
8882;83;628194186;8882;128;9635;9768;11.41;0.69;242.51;10.51;753;84;3344.00;133
8887;83;628194198;8887;135;9637;9768;11.36;0.69;242.54;10.64;750;84;3345.00;131
8892;83;628194209;8892;138;9637;9768;11.28;0.68;242.65;10.64;745;84;3346.00;131
8894;83;628194221;8894;138;9639;9768;11.23;0.68;242.63;10.65;745;84;3347.00;129
8897;83;628194232;8897;146;9649;9780;11.18;0.68;242.64;10.63;752;84;3348.00;131
8897;83;628194244;8897;155;9649;9780;11.14;0.68;242.64;10.63;752;84;3349.00;131
8898;83;628194255;8898;157;9654;9780;11.02;0.67;242.67;10.77;756;84;3350.00;126
8904;83;628194266;8904;156;9655;9780;10.92;0.66;242.67;10.77;751;84;3351.00;125
8906;83;628194277;8906;158;9659;9780;10.84;0.66;242.66;10.77;753;84;3352.00;121
8910;83;628194289;8910;159;9659;9780;10.78;0.65;242.67;10.77;749;84;3353.00;121
8916;83;628194299;8916;165;9662;9784;10.69;0.65;242.66;10.77;746;84;3354.00;122
8918;84;628194312;8918;169;9664;9784;10.68;0.65;242.69;10.77;746;85;3355.00;120
8921;84;628194336;8921;171;9666;9788;10.66;0.65;242.69;10.77;745;85;3356.00;122
8924;84;628194348;8924;168;9669;9789;10.70;0.65;242.69;10.89;745;85;3357.00;120
8927;84;628194360;8927;171;9670;9789;10.70;0.65;242.66;10.89;743;85;3358.00;119
8930;84;628194371;8930;175;9671;9789;10.72;0.65;242.67;10.90;741;85;3359.00;118
8932;84;628194385;8932;179;9692;9818;10.58;0.64;242.68;10.89;760;85;3360.00;126
8934;84;628194406;8934;182;9693;9818;10.51;0.64;242.69;10.89;759;85;3361.00;125
8934;84;628194418;8934;187;9696;9818;10.46;0.63;242.69;10.90;762;85;3362.00;122
8938;84;628194429;8938;191;9700;9819;10.36;0.63;242.69;10.91;762;85;3363.00;119
8939;84;628194446;8939;196;9700;9820;10.20;0.62;242.68;10.91;761;85;3364.00;120
8942;84;628194465;8942;202;9701;9820;10.13;0.61;242.68;10.92;759;85;3365.00;119
8942;84;628194477;8942;206;9704;9823;10.13;0.61;242.68;10.92;762;85;3366.00;119
8943;84;628194488;8943;216;9706;9823;10.08;0.61;242.68;10.94;763;85;3367.00;117
8947;84;628194499;8947;221;9706;9823;10.01;0.61;242.76;10.94;759;85;3368.00;117
8948;84;628194509;8948;233;9708;9823;9.92;0.60;242.84;10.96;760;85;3369.00;115
8951;84;628194519;8951;242;9712;9829;9.83;0.60;242.87;10.96;761;85;3370.00;117
8953;84;628194530;8953;254;9714;9829;9.70;0.59;242.86;10.98;761;85;3371.00;115
8955;84;628194540;8955;266;9715;9829;9.51;0.58;242.88;10.98;760;85;3372.00;114
8956;84;628194550;8956;276;9717;9829;9.34;0.57;242.90;11.00;761;85;3373.00;112
8957;84;628194560;8957;286;9720;9833;9.22;0.56;242.89;11.00;763;85;3374.00;113
8957;84;628194569;8957;294;9723;9835;9.08;0.56;242.89;11.01;766;85;3375.00;112
8960;84;628194578;8960;298;9724;9835;8.88;0.55;242.92;11.02;764;85;3376.00;111
8962;84;628194588;8962;300;9726;9836;8.68;0.53;242.93;11.02;764;85;3377.00;110
8963;84;628194598;8963;305;9726;9836;8.54;0.53;242.91;11.02;763;85;3378.00;110
8965;84;628194606;8965;307;9728;9836;8.40;0.52;242.94;11.04;763;85;3379.00;108
8965;84;628194616;8965;303;9728;9836;8.31;0.51;242.94;11.04;763;85;3380.00;108
8968;84;628194625;8968;306;9728;9836;8.19;0.50;242.95;11.04;760;85;3381.00;108
8970;84;628194634;8970;307;9730;9836;8.04;0.49;242.91;11.06;760;85;3382.00;106
8973;84;628194643;8973;307;9730;9836;7.94;0.49;242.88;11.06;757;85;3383.00;106
8977;84;628194652;8977;313;9764;9906;8.02;0.50;242.81;11.02;787;85;3384.00;142
8980;84;628194666;8980;310;9768;9907;8.02;0.49;242.79;11.02;788;85;3385.00;139
8981;84;628194675;8981;306;9779;9907;8.04;0.50;242.82;11.03;798;85;3386.00;128
8984;84;628194690;8984;311;9781;9907;7.94;0.49;242.77;11.03;797;85;3387.00;126
8986;84;628194699;8986;310;9788;9907;7.94;0.49;242.75;11.03;802;85;3388.00;119
8989;84;628194707;8989;314;9792;9907;7.92;0.49;242.72;11.03;803;85;3389.00;115
8990;84;628194718;8990;322;9796;9907;7.87;0.48;242.70;11.03;806;85;3390.00;111
8993;84;628194727;8993;326;9798;9907;7.85;0.48;242.77;11.03;805;85;3391.00;109
8999;84;628194736;8999;331;9807;9908;7.66;0.47;242.67;11.06;808;85;3392.00;101
9000;85;628194745;9000;334;9808;9909;7.57;0.47;242.69;11.06;808;86;3393.00;101
9005;85;628194767;9005;333;9810;9909;7.50;0.46;242.67;11.07;805;86;3394.00;99
9009;85;628194782;9009;339;9813;9913;7.35;0.45;242.66;11.07;804;86;3395.00;100
9012;85;628194791;9012;342;9814;9913;7.18;0.44;242.65;11.08;802;86;3396.00;99
9015;85;628194800;9015;346;9815;9913;6.97;0.43;242.64;11.08;800;86;3397.00;98
9020;85;628194809;9020;353;9815;9913;6.74;0.41;242.60;11.08;795;86;3398.00;98
9023;85;628194818;9023;360;9820;9919;6.65;0.41;242.60;11.08;797;86;3399.00;99
9025;85;628194828;9025;356;9820;9919;6.52;0.40;242.63;11.08;795;86;3400.00;99
9027;85;628194842;9027;352;9822;9919;6.46;0.40;242.61;11.08;795;86;3401.00;97
9030;85;628194851;9030;345;9825;9922;6.34;0.39;242.63;11.09;795;86;3402.00;97
9031;85;628194859;9031;346;9825;9922;6.25;0.39;242.65;11.09;794;86;3403.00;97
9036;85;628194868;9036;350;9825;9922;6.19;0.38;242.68;11.09;789;86;3404.00;97
9040;85;628194877;9040;349;9826;9923;6.08;0.37;242.69;11.09;786;86;3405.00;97
9043;85;628194886;9043;351;9827;9924;6.04;0.37;242.71;11.09;784;86;3406.00;97
9045;85;628194895;9045;343;9828;9924;6.06;0.37;242.68;11.09;783;86;3407.00;96
9049;85;628194904;9049;346;9840;9937;6.11;0.37;242.67;11.08;791;86;3408.00;97
9051;85;628194915;9051;339;9840;9937;6.18;0.38;242.69;11.08;789;86;3409.00;97
9054;85;628194924;9054;339;9841;9937;6.20;0.38;242.68;11.08;787;86;3410.00;96
9055;85;628194933;9055;322;9843;9938;6.28;0.38;242.70;11.21;788;86;3411.00;95
9057;85;628194943;9057;314;9843;9938;6.33;0.39;242.70;11.21;786;86;3412.00;95
9063;85;628194953;9063;303;9846;9942;6.35;0.39;242.69;11.20;783;86;3413.00;96
9066;85;628194963;9066;301;9846;9942;6.42;0.39;242.75;11.20;780;86;3414.00;96
9070;85;628194974;9070;296;9850;9946;6.46;0.39;242.77;11.20;780;86;3415.00;96
9074;86;628194983;9074;295;9850;9946;6.51;0.40;242.78;11.20;776;87;3416.00;96
9075;86;628195004;9075;296;9850;9946;6.61;0.40;242.78;11.20;775;87;3417.00;96
9082;86;628195013;9082;287;9850;9946;6.62;0.40;242.72;11.20;768;87;3418.00;96
9085;86;628195023;9085;278;9850;9946;6.69;0.41;242.73;11.20;765;87;3419.00;96
9086;86;628195034;9086;282;9876;9980;6.97;0.43;242.73;11.17;790;87;3420.00;104
9089;86;628195052;9089;275;9877;9980;7.03;0.43;242.75;11.17;788;87;3421.00;103
9091;86;628195067;9091;272;9878;9980;7.14;0.44;242.75;11.17;787;87;3422.00;102
9092;86;628195077;9092;266;9879;9980;7.22;0.44;242.76;11.17;787;87;3423.00;101
9095;86;628195087;9095;268;9879;9980;7.30;0.45;242.78;11.17;784;87;3424.00;101
9098;86;628195098;9098;272;9879;9980;7.35;0.45;242.77;11.17;781;87;3425.00;101
9102;86;628195108;9102;265;9879;9981;7.37;0.45;242.74;11.17;777;87;3426.00;102
9105;86;628195118;9105;268;9879;9981;7.43;0.45;242.82;11.17;774;87;3427.00;102
9105;86;628195129;9105;265;9883;9987;7.56;0.46;242.82;11.16;778;87;3428.00;104
9106;86;628195140;9106;265;9884;9988;7.69;0.47;242.82;11.16;778;87;3429.00;104
9108;87;628195150;9108;267;9885;9988;7.76;0.47;242.81;11.16;777;88;3430.00;103
9114;87;628195175;9114;263;9885;9988;7.86;0.48;242.81;11.16;771;88;3431.00;103
9116;88;628195185;9116;262;9888;9992;8.01;0.49;242.80;11.16;772;89;3432.00;104
9121;88;628195206;9121;263;9888;9992;8.02;0.49;242.83;11.16;767;89;3433.00;104
9121;88;628195216;9121;258;9888;9992;8.13;0.49;242.83;11.16;767;89;3434.00;104
9127;88;628195227;9127;260;9889;9993;8.18;0.50;242.84;11.16;762;89;3435.00;104
9128;88;628195238;9128;257;9892;9997;8.29;0.50;242.87;11.15;764;89;3436.00;105
9131;88;628195249;9131;255;9892;9997;8.32;0.51;242.84;11.15;761;89;3437.00;105
9134;88;628195262;9134;254;9894;10000;8.36;0.51;242.86;11.15;760;89;3438.00;106
9138;88;628195273;9138;251;9895;10000;8.41;0.51;242.88;11.15;757;89;3439.00;105
9142;88;628195285;9142;248;9895;10000;8.47;0.51;242.83;11.15;753;89;3440.00;105
9146;88;628195296;9146;248;9895;10000;8.50;0.52;242.86;11.15;749;89;3441.00;105
9148;88;628195307;9148;246;9898;10004;8.55;0.52;242.87;11.15;750;89;3442.00;106
9151;88;628195320;9151;249;9898;10004;8.61;0.52;242.85;11.15;747;89;3443.00;106
9152;88;628195332;9152;248;9899;10004;8.65;0.53;242.86;11.15;747;89;3444.00;105
9154;88;628195342;9154;246;9899;10004;8.68;0.53;242.87;11.15;745;89;3445.00;105
9159;88;628195352;9159;246;9899;10005;8.64;0.52;242.90;11.15;740;89;3446.00;106
9162;88;628195363;9162;237;9901;10006;8.66;0.53;242.95;11.27;739;89;3447.00;105
9164;88;628195376;9164;223;9901;10006;8.67;0.53;242.92;11.27;737;89;3448.00;105
9168;88;628195386;9168;223;9902;10007;8.71;0.53;243.00;11.27;734;89;3449.00;105
9170;88;628195400;9170;221;9902;10007;8.73;0.53;243.03;11.27;732;89;3450.00;105
9174;88;628195417;9174;217;9902;10007;8.76;0.53;243.13;11.27;728;89;3451.00;105
9178;88;628195428;9178;221;9902;10007;8.83;0.53;243.13;11.27;724;89;3452.00;105
9179;88;628195439;9179;216;9902;10007;8.82;0.53;243.17;11.27;723;89;3453.00;105
9182;88;628195455;9182;215;9902;10007;8.81;0.53;243.22;11.27;720;89;3454.00;105
9184;88;628195474;9184;212;9902;10007;8.88;0.54;243.25;11.27;718;89;3455.00;105
9187;88;628195494;9187;221;9974;10134;9.05;0.56;243.29;11.19;787;89;3456.00;160
9192;88;628195525;9192;196;9976;10135;9.17;0.56;243.32;11.19;784;89;3457.00;159
9194;88;628195543;9194;167;9983;10135;9.34;0.57;243.37;11.18;789;89;3458.00;152
9197;88;628195569;9197;154;9986;10135;9.47;0.58;243.40;11.18;789;89;3459.00;149
9198;88;628195582;9198;140;9991;10135;9.61;0.59;243.41;11.18;793;89;3460.00;144
9199;88;628195596;9199;135;9994;10135;9.77;0.60;243.43;11.18;795;89;3461.00;141
9202;88;628195616;9202;134;9999;10135;9.91;0.61;243.43;11.17;797;89;3462.00;136
9205;88;628195631;9205;135;10001;10135;10.01;0.61;243.43;11.17;796;89;3463.00;134
9208;88;628195645;9208;134;10005;10136;10.09;0.62;243.45;11.17;797;89;3464.00;131
9210;88;628195660;9210;132;10009;10138;10.20;0.62;243.45;11.17;799;89;3465.00;129
9214;88;628195674;9214;129;10013;10138;10.28;0.63;243.44;11.17;799;89;3466.00;125
9216;88;628195693;9216;131;10015;10139;10.33;0.63;243.47;11.17;799;89;3467.00;124
9218;88;628195707;9218;128;10017;10139;10.46;0.64;243.47;11.17;799;89;3468.00;122
9222;88;628195720;9222;131;10018;10139;10.59;0.65;243.48;11.17;796;89;3469.00;121
9225;88;628195734;9225;129;10020;10139;10.72;0.65;243.57;11.17;795;89;3470.00;119
9229;89;628195755;9229;132;10023;10143;10.85;0.66;243.60;11.17;794;90;3471.00;120
9233;89;628195788;9233;134;10024;10143;10.93;0.67;243.61;11.17;791;90;3472.00;119
9234;89;628195810;9234;141;10025;10143;11.01;0.67;243.63;11.17;791;90;3473.00;118
9240;89;628195829;9240;141;10027;10146;11.05;0.67;243.74;11.17;787;90;3474.00;119
9242;89;628195843;9242;143;10028;10146;11.17;0.68;243.73;11.16;786;90;3475.00;118
9245;89;628195856;9245;144;10028;10146;11.13;0.68;243.75;11.16;783;90;3476.00;118
9245;89;628195877;9245;148;10032;10150;11.14;0.68;243.75;11.16;787;90;3477.00;118
9249;89;628195890;9249;149;10033;10151;11.21;0.68;243.76;11.16;784;90;3478.00;118
9251;89;628195903;9251;155;10034;10151;11.29;0.69;243.81;11.16;783;90;3479.00;117
9251;89;628195918;9251;156;10038;10156;11.42;0.69;243.81;11.16;787;90;3480.00;118
9253;89;628195931;9253;160;10038;10156;11.42;0.69;243.82;11.16;785;90;3481.00;118
9253;90;628195952;9253;160;10038;10156;11.49;0.70;243.82;11.16;785;91;3482.00;118
9256;90;628195978;9256;156;10039;10157;11.43;0.70;243.84;11.15;783;91;3483.00;118
9258;90;628195991;9258;157;10039;10157;11.40;0.69;243.85;11.15;781;91;3484.00;118
9261;91;628196003;9261;159;10043;10163;11.41;0.69;243.88;11.15;782;92;3485.00;120
9264;91;628196024;9264;158;10044;10163;11.48;0.70;243.92;11.15;780;92;3486.00;119
9265;91;628196038;9265;157;10044;10164;11.53;0.70;243.94;11.15;779;92;3487.00;120
9268;91;628196050;9268;156;10044;10164;11.52;0.70;243.93;11.15;776;92;3488.00;120
9271;91;628196062;9271;156;10044;10164;11.52;0.70;243.93;11.15;773;92;3489.00;120
9275;92;628196075;9275;156;10044;10164;11.48;0.70;243.92;11.15;769;93;3490.00;120
9277;92;628196099;9277;154;10044;10164;11.48;0.70;243.93;11.15;767;93;3491.00;120
9281;92;628196112;9281;155;10054;10176;11.41;0.70;243.94;11.14;773;93;3492.00;122
9283;92;628196129;9283;154;10055;10176;11.40;0.70;243.94;11.14;772;93;3493.00;121
9288;92;628196141;9288;154;10055;10176;11.36;0.69;243.92;11.14;767;93;3494.00;121
9294;92;628196154;9294;148;10055;10176;11.40;0.69;243.98;11.14;761;93;3495.00;121
9295;92;628196166;9295;149;10055;10176;11.43;0.70;243.97;11.14;760;93;3496.00;121
9300;92;628196178;9300;151;10056;10176;11.44;0.70;244.02;11.27;756;93;3497.00;120
9304;92;628196191;9304;152;10059;10180;11.42;0.69;243.99;11.27;755;93;3498.00;121
9309;92;628196203;9309;148;10059;10180;11.37;0.69;244.00;11.27;750;93;3499.00;121
9313;92;628196221;9313;147;10062;10184;11.41;0.69;244.00;11.26;749;93;3500.00;122
9317;92;628196238;9317;144;10064;10185;11.39;0.69;244.04;11.26;747;93;3501.00;121
9322;92;628196250;9322;141;10064;10185;11.30;0.68;244.08;11.26;742;93;3502.00;121
9323;92;628196267;9323;142;10064;10185;11.29;0.69;244.08;11.26;741;93;3503.00;121
9326;92;628196278;9326;143;10074;10198;11.27;0.68;244.10;11.25;748;93;3504.00;124
9329;92;628196289;9329;141;10075;10198;11.24;0.68;244.15;11.26;746;93;3505.00;123
9335;92;628196301;9335;138;10075;10198;11.25;0.68;244.20;11.26;740;93;3506.00;123
9338;92;628196312;9338;137;10076;10199;11.33;0.69;244.20;11.26;738;93;3507.00;123
9342;92;628196323;9342;134;10076;10200;11.34;0.69;244.22;11.26;734;93;3508.00;124
9346;92;628196334;9346;132;10076;10200;11.44;0.69;244.21;11.26;730;93;3509.00;124
9348;92;628196346;9348;125;10079;10206;11.46;0.70;244.25;11.26;731;93;3510.00;127
9352;92;628196357;9352;126;10080;10206;11.57;0.70;244.23;11.26;728;93;3511.00;126
9355;92;628196368;9355;129;10081;10206;11.67;0.71;244.19;11.26;726;93;3512.00;125
9358;92;628196378;9358;127;10081;10206;11.72;0.71;244.15;11.26;723;93;3513.00;125
9360;92;628196389;9360;131;10085;10212;11.75;0.71;244.17;11.25;725;93;3514.00;127
9365;92;628196400;9365;130;10085;10212;11.70;0.71;244.14;11.25;720;93;3515.00;127
9368;92;628196411;9368;131;10086;10212;11.61;0.70;244.12;11.25;718;93;3516.00;126
9370;92;628196427;9370;134;10088;10212;11.52;0.70;244.13;11.25;718;93;3517.00;124
9372;92;628196437;9372;137;10091;10216;11.48;0.70;244.15;11.25;719;93;3518.00;125
9376;92;628196449;9376;143;10093;10219;11.47;0.70;244.18;11.25;717;93;3519.00;126
9379;92;628196468;9379;144;10093;10219;11.41;0.69;244.17;11.25;714;93;3520.00;126
9381;92;628196478;9381;148;10095;10220;11.40;0.69;244.17;11.25;714;93;3521.00;125
9383;92;628196490;9383;151;10095;10220;11.36;0.69;244.28;11.25;712;93;3522.00;125
9384;92;628196500;9384;155;10095;10220;11.35;0.69;244.31;11.25;711;93;3523.00;125
9388;92;628196517;9388;157;10095;10220;11.34;0.69;244.32;11.25;707;93;3524.00;125
9394;92;628196527;9394;159;10095;10220;11.29;0.68;244.31;11.25;701;93;3525.00;125
9397;92;628196538;9397;163;10097;10220;11.28;0.68;244.29;11.27;700;93;3526.00;123
9400;92;628196548;9400;163;10097;10220;11.18;0.68;244.42;11.27;697;93;3527.00;123
9402;92;628196558;9402;181;10130;10290;11.23;0.69;244.43;11.23;728;93;3528.00;160
9404;92;628196574;9404;182;10131;10291;11.09;0.68;244.43;11.24;727;93;3529.00;160
9405;92;628196584;9405;184;10140;10291;11.06;0.68;244.44;11.25;735;93;3530.00;151
9407;92;628196595;9407;188;10146;10291;10.99;0.67;244.42;11.24;739;93;3531.00;145
9410;92;628196605;9410;191;10151;10291;10.87;0.66;244.39;11.25;741;93;3532.00;140
9411;92;628196615;9411;203;10156;10291;10.75;0.66;244.37;11.26;745;93;3533.00;135
9415;92;628196625;9415;208;10159;10291;10.63;0.65;244.36;11.26;744;93;3534.00;132
9416;92;628196635;9416;211;10163;10291;10.51;0.64;244.36;11.28;747;93;3535.00;128
9419;92;628196645;9419;216;10168;10292;10.43;0.64;244.35;11.28;749;93;3536.00;124
9421;92;628196662;9421;227;10171;10293;10.32;0.63;244.33;11.29;750;93;3537.00;122
9422;92;628196671;9422;232;10173;10293;10.17;0.62;244.32;11.30;751;93;3538.00;120
9424;92;628196681;9424;238;10177;10297;10.04;0.62;244.33;11.31;753;93;3539.00;120
9429;92;628196693;9429;248;10178;10297;9.88;0.61;244.33;11.32;749;93;3540.00;119
9432;92;628196702;9432;250;10178;10297;9.67;0.59;244.31;11.32;746;93;3541.00;119
9435;92;628196712;9435;256;10180;10297;9.57;0.59;244.29;11.34;745;93;3542.00;117
9437;92;628196721;9437;261;10184;10303;9.53;0.59;244.32;11.33;747;93;3543.00;119
9438;92;628196731;9438;269;10186;10303;9.42;0.58;244.33;11.35;748;93;3544.00;117
9440;92;628196741;9440;277;10188;10303;9.29;0.57;244.30;11.35;748;93;3545.00;115
9442;92;628196750;9442;282;10191;10306;9.22;0.57;244.30;11.37;749;93;3546.00;115
9445;92;628196760;9445;287;10192;10306;9.03;0.56;244.27;11.38;747;93;3547.00;114
9446;92;628196769;9446;290;10194;10306;8.84;0.54;244.33;11.38;748;93;3548.00;112
9453;92;628196777;9453;297;10196;10307;8.61;0.53;244.33;11.39;743;93;3549.00;111
9455;92;628196787;9455;294;10197;10308;8.43;0.52;244.31;11.39;742;93;3550.00;111
9458;92;628196796;9458;294;10197;10308;8.22;0.50;244.27;11.39;739;93;3551.00;111
9461;92;628196804;9461;295;10210;10321;8.07;0.49;244.22;11.39;749;93;3552.00;111
9464;92;628196814;9464;295;10211;10321;7.95;0.49;244.18;11.40;747;93;3553.00;110
9467;92;628196823;9467;297;10211;10321;7.89;0.48;244.13;11.40;744;93;3554.00;110
9468;92;628196832;9468;303;10214;10323;7.81;0.48;244.12;11.41;746;93;3555.00;109
9469;92;628196841;9469;303;10214;10323;7.74;0.47;244.10;11.41;745;93;3556.00;109
9469;92;628196850;9469;305;10220;10327;7.69;0.47;244.10;11.44;751;93;3557.00;107
9470;92;628196859;9470;305;10220;10327;7.60;0.46;244.10;11.44;750;93;3558.00;107
9472;92;628196867;9472;309;10225;10331;7.53;0.46;244.07;11.44;753;93;3559.00;106
9473;92;628196876;9473;310;10225;10331;7.47;0.46;244.07;11.44;752;93;3560.00;106
9473;92;628196885;9473;314;10228;10331;7.38;0.45;244.07;11.47;755;93;3561.00;103
9476;92;628196899;9476;318;10228;10331;7.28;0.45;244.06;11.47;752;93;3562.00;103
9478;92;628196907;9478;306;10228;10331;7.23;0.44;244.05;11.47;750;93;3563.00;103
9482;92;628196915;9482;302;10238;10343;7.23;0.44;244.00;11.47;756;93;3564.00;105
9488;92;628196925;9488;289;10238;10343;7.13;0.44;244.03;11.47;750;93;3565.00;105
9490;92;628196934;9490;287;10243;10343;7.13;0.44;244.04;11.49;753;93;3566.00;100
9496;92;628196942;9496;280;10243;10343;7.02;0.43;244.06;11.49;747;93;3567.00;100
9497;92;628196951;9497;285;10243;10343;6.97;0.43;244.06;11.49;746;93;3568.00;100
9502;92;628196959;9502;276;10244;10343;6.83;0.42;244.08;11.50;742;93;3569.00;99
9502;92;628196970;9502;274;10244;10344;6.80;0.42;244.08;11.50;742;93;3570.00;100
9507;92;628196979;9507;268;10247;10344;6.72;0.41;244.12;11.52;740;93;3571.00;97
9509;92;628196987;9509;262;10251;10350;6.79;0.42;244.17;11.51;742;93;3572.00;99
9511;92;628197002;9511;261;10254;10351;6.86;0.42;244.17;11.52;743;93;3573.00;97
9513;92;628197011;9513;261;10255;10351;6.93;0.43;244.19;11.52;742;93;3574.00;96
9516;92;628197020;9516;249;10255;10351;7.07;0.44;244.23;11.52;739;93;3575.00;96
9521;92;628197029;9521;247;10259;10355;7.24;0.44;244.19;11.52;738;93;3576.00;96
9523;92;628197039;9523;244;10259;10355;7.37;0.45;244.19;11.52;736;93;3577.00;96
9526;92;628197053;9526;240;10259;10355;7.48;0.46;244.22;11.52;733;93;3578.00;96
9530;92;628197062;9530;238;10260;10356;7.57;0.46;244.18;11.52;730;93;3579.00;96
9533;92;628197072;9533;229;10263;10360;7.66;0.47;244.19;11.51;730;93;3580.00;97
9536;92;628197081;9536;224;10263;10360;7.75;0.47;244.18;11.51;727;93;3581.00;97
9536;92;628197090;9536;219;10265;10363;7.86;0.48;244.18;11.51;729;93;3582.00;98
9539;92;628197100;9539;222;10266;10363;7.96;0.49;244.19;11.51;727;93;3583.00;97
9542;92;628197109;9542;222;10266;10363;8.01;0.49;244.19;11.51;724;93;3584.00;97
9550;92;628197118;9550;214;10266;10363;8.05;0.49;244.24;11.51;716;93;3585.00;97
9553;92;628197128;9553;206;10269;10367;8.11;0.49;244.25;11.51;716;93;3586.00;98
9557;92;628197138;9557;207;10269;10367;8.16;0.50;244.24;11.51;712;93;3587.00;98
9564;92;628197148;9564;202;10270;10367;8.18;0.50;244.19;11.51;706;93;3588.00;97
9567;92;628197157;9567;193;10270;10367;8.24;0.50;244.24;11.51;703;93;3589.00;97
9570;92;628197167;9570;194;10270;10368;8.39;0.51;244.24;11.51;700;93;3590.00;98
9577;92;628197177;9577;187;10271;10369;8.43;0.51;244.24;11.50;694;93;3591.00;98
9580;92;628197187;9580;183;10271;10369;8.53;0.52;244.33;11.50;691;93;3592.00;98
9582;92;628197197;9582;180;10272;10370;8.67;0.53;244.33;11.50;690;93;3593.00;98
9587;92;628197207;9587;176;10272;10370;8.79;0.54;244.32;11.50;685;93;3594.00;98
9591;92;628197217;9591;172;10273;10370;8.86;0.54;244.36;11.64;682;93;3595.00;97
9593;92;628197227;9593;168;10273;10370;8.91;0.54;244.44;11.64;680;93;3596.00;97
9599;92;628197237;9599;168;10273;10370;8.95;0.55;244.43;11.64;674;93;3597.00;97
9602;92;628197247;9602;166;10273;10370;8.96;0.55;244.45;11.64;671;93;3598.00;97
9605;92;628197257;9605;167;10273;10370;8.98;0.55;244.46;11.64;668;93;3599.00;97
9611;92;628197268;9611;203;10388;10623;9.11;0.57;244.45;11.51;777;93;3600.00;235
9614;92;628197300;9614;200;10395;10624;9.10;0.57;244.44;11.51;781;93;3601.00;229
9620;92;628197312;9620;194;10407;10624;9.15;0.57;244.45;11.49;787;93;3602.00;217
9623;92;628197322;9623;192;10414;10624;9.28;0.58;244.47;11.49;791;93;3603.00;210
9630;92;628197333;9630;192;10420;10624;9.23;0.57;244.48;11.48;790;93;3604.00;204
9632;92;628197344;9632;195;10425;10624;9.23;0.57;244.48;11.48;793;93;3605.00;199
9635;92;628197355;9635;197;10433;10624;9.20;0.57;244.46;11.48;798;93;3606.00;191
9640;92;628197366;9640;198;10436;10624;9.16;0.57;244.53;11.48;796;93;3607.00;188
9642;92;628197378;9642;202;10441;10625;9.18;0.57;244.53;11.47;799;93;3608.00;184
9644;92;628197389;9644;207;10447;10626;9.18;0.57;244.56;11.47;803;93;3609.00;179
9647;92;628197401;9647;208;10452;10626;9.23;0.57;244.58;11.47;805;93;3610.00;174
9648;92;628197412;9648;211;10455;10627;9.33;0.58;244.56;11.47;807;93;3611.00;172
9652;92;628197424;9652;215;10458;10627;9.33;0.58;244.61;11.47;806;93;3612.00;169
9654;92;628197435;9654;217;10461;10627;9.25;0.57;244.62;11.47;807;93;3613.00;166
9658;92;628197459;9658;218;10464;10627;9.16;0.57;244.67;11.47;806;93;3614.00;163
9663;92;628197489;9663;221;10469;10631;9.04;0.56;244.76;11.47;806;93;3615.00;162
9668;92;628197518;9668;229;10469;10631;8.99;0.55;244.78;11.47;801;93;3616.00;162
9672;92;628197555;9672;225;10471;10631;9.05;0.56;244.84;11.47;799;93;3617.00;160
9677;92;628197571;9677;220;10475;10634;9.01;0.56;244.89;11.47;798;93;3618.00;159
9681;92;628197585;9681;213;10477;10634;9.01;0.55;244.97;11.48;796;93;3619.00;157
9685;92;628197599;9685;209;10478;10634;9.06;0.56;245.03;11.48;793;93;3620.00;156
9689;92;628197621;9689;216;10484;10638;9.10;0.56;245.08;11.48;795;93;3621.00;154
9693;92;628197634;9693;216;10486;10639;9.25;0.57;245.07;11.48;793;93;3622.00;153
9699;92;628197648;9699;222;10489;10639;9.31;0.57;245.14;11.48;790;93;3623.00;150
9704;92;628197662;9704;217;10492;10643;9.41;0.58;245.22;11.48;788;93;3624.00;151
9704;92;628197676;9704;219;10494;10643;9.55;0.59;245.22;11.48;790;93;3625.00;149
9708;92;628197689;9708;207;10494;10643;9.69;0.59;245.21;11.48;786;93;3626.00;149
9713;92;628197702;9713;197;10495;10644;9.74;0.59;245.21;11.48;782;93;3627.00;149
9719;92;628197722;9719;189;10497;10644;9.83;0.60;245.26;11.48;778;93;3628.00;147
9722;92;628197741;9722;179;10500;10650;9.97;0.61;245.25;11.48;778;93;3629.00;150
9725;92;628197757;9725;180;10501;10650;10.11;0.62;245.31;11.48;776;93;3630.00;149
9727;92;628197781;9727;176;10502;10651;10.30;0.63;245.33;11.48;775;93;3631.00;149
9731;92;628197796;9731;172;10502;10651;10.39;0.63;245.33;11.48;771;93;3632.00;149
9735;92;628197809;9735;171;10503;10651;10.56;0.64;245.34;11.48;768;93;3633.00;148
9738;92;628197822;9738;170;10504;10651;10.70;0.65;245.38;11.48;766;93;3634.00;147
9741;92;628197835;9741;163;10505;10651;10.82;0.66;245.42;11.48;764;93;3635.00;146
9745;92;628197857;9745;160;10514;10663;10.88;0.66;245.44;11.47;769;93;3636.00;149
9746;92;628197871;9746;161;10515;10663;11.00;0.67;245.45;11.47;769;93;3637.00;148
9749;92;628197884;9749;169;10515;10663;11.11;0.68;245.49;11.47;766;93;3638.00;148
9753;92;628197905;9753;165;10516;10663;11.23;0.68;245.50;11.47;763;93;3639.00;147
9753;92;628197918;9753;165;10517;10663;11.27;0.69;245.50;11.47;764;93;3640.00;146
9757;92;628197931;9757;162;10518;10663;11.25;0.68;245.53;11.47;761;93;3641.00;145
9759;92;628197943;9759;165;10521;10667;11.26;0.69;245.56;11.47;762;93;3642.00;146
9762;92;628197955;9762;162;10521;10667;11.39;0.69;245.56;11.47;759;93;3643.00;146
9767;92;628197968;9767;164;10524;10671;11.44;0.70;245.58;11.47;757;93;3644.00;147
9769;92;628197982;9769;167;10528;10673;11.47;0.70;245.62;11.47;759;93;3645.00;145
9772;92;628197995;9772;170;10529;10673;11.57;0.70;245.60;11.47;757;93;3646.00;144
9778;92;628198008;9778;170;10529;10673;11.63;0.71;245.70;11.47;751;93;3647.00;144
9781;92;628198019;9781;167;10538;10686;11.68;0.71;245.69;11.46;757;93;3648.00;148
9782;92;628198032;9782;163;10538;10686;11.67;0.71;245.69;11.46;756;93;3649.00;148
9789;92;628198043;9789;166;10538;10686;11.74;0.71;245.69;11.46;749;93;3650.00;148
9791;92;628198054;9791;169;10539;10687;11.83;0.72;245.70;11.46;748;93;3651.00;148
9793;92;628198066;9793;165;10539;10688;11.83;0.72;245.76;11.46;746;93;3652.00;149
9794;92;628198087;9794;165;10539;10688;11.86;0.72;245.78;11.46;745;93;3653.00;149
9797;92;628198100;9797;164;10541;10691;11.79;0.72;245.76;11.45;744;93;3654.00;150
9802;92;628198112;9802;165;10541;10691;11.68;0.71;245.78;11.45;739;93;3655.00;150
9804;92;628198124;9804;169;10542;10691;11.62;0.71;245.78;11.45;738;93;3656.00;149
9810;92;628198136;9810;167;10542;10691;11.55;0.70;245.77;11.45;732;93;3657.00;149
9812;92;628198148;9812;171;10546;10697;11.45;0.70;245.75;11.45;734;93;3658.00;151
9814;92;628198159;9814;172;10546;10697;11.34;0.69;245.75;11.45;732;93;3659.00;151
9816;92;628198172;9816;173;10547;10697;11.22;0.68;245.74;11.45;731;93;3660.00;150
9822;92;628198183;9822;176;10547;10697;11.15;0.68;245.74;11.45;725;93;3661.00;150
9825;92;628198193;9825;175;10550;10701;11.09;0.67;245.74;11.45;725;93;3662.00;151
9828;92;628198204;9828;172;10551;10702;11.11;0.68;245.75;11.44;723;93;3663.00;151
9830;92;628198216;9830;177;10551;10702;11.15;0.68;245.73;11.44;721;93;3664.00;151
9837;92;628198228;9837;175;10553;10703;11.10;0.67;245.74;11.58;716;93;3665.00;150
9839;92;628198246;9839;176;10553;10703;11.09;0.67;245.74;11.58;714;93;3666.00;150
9840;92;628198258;9840;179;10554;10703;11.05;0.67;245.73;11.59;714;93;3667.00;149
9842;92;628198269;9842;182;10555;10703;11.01;0.67;245.71;11.73;713;93;3668.00;148
9845;92;628198280;9845;183;10555;10703;11.00;0.67;245.73;11.73;710;93;3669.00;148
9847;92;628198290;9847;190;10555;10703;10.93;0.66;245.70;11.73;708;93;3670.00;148
9850;92;628198300;9850;191;10556;10703;10.87;0.66;245.67;11.87;706;93;3671.00;147
9851;92;628198310;9851;198;10586;10773;10.78;0.66;245.67;11.83;735;93;3672.00;187
9854;92;628198325;9854;189;10589;10774;10.69;0.65;245.67;11.97;735;93;3673.00;185
9857;92;628198336;9857;182;10595;10774;10.67;0.65;245.66;11.96;738;93;3674.00;179
9859;92;628198347;9859;171;10603;10774;10.63;0.65;245.70;12.11;744;93;3675.00;171
9863;92;628198359;9863;170;10608;10774;10.67;0.65;245.74;12.11;745;93;3676.00;166
9867;92;628198369;9867;164;10611;10774;10.66;0.65;245.71;12.10;744;93;3677.00;163
9867;92;628198381;9867;162;10616;10774;10.71;0.65;245.71;12.23;749;93;3678.00;158
9872;92;628198392;9872;159;10616;10774;10.68;0.65;245.64;12.23;744;93;3679.00;158
9876;92;628198403;9876;161;10618;10775;10.65;0.65;245.68;12.23;742;93;3680.00;157
9878;92;628198415;9878;163;10620;10776;10.60;0.64;245.65;12.22;742;93;3681.00;156
9879;92;628198426;9879;159;10620;10776;10.55;0.64;245.68;12.22;741;93;3682.00;156
9880;92;628198437;9880;162;10623;10780;10.45;0.64;245.68;12.22;743;93;3683.00;157
9881;92;628198450;9881;164;10624;10780;10.34;0.63;245.69;12.35;743;93;3684.00;156
9881;92;628198461;9881;164;10624;10780;10.25;0.62;245.69;12.35;743;93;3685.00;156
9883;92;628198472;9883;174;10624;10780;10.19;0.62;245.68;12.35;741;93;3686.00;156
9884;92;628198483;9884;177;10629;10786;10.11;0.62;245.70;12.47;745;93;3687.00;157
9887;92;628198495;9887;182;10630;10786;10.05;0.61;245.69;12.47;743;93;3688.00;156
9890;92;628198505;9890;189;10632;10786;9.95;0.61;245.65;12.48;742;93;3689.00;154
9891;92;628198517;9891;194;10635;10792;9.85;0.60;245.63;12.47;744;93;3690.00;157
9894;92;628198533;9894;196;10636;10792;9.77;0.59;245.59;12.60;742;93;3691.00;156
9895;92;628198543;9895;204;10639;10792;9.67;0.59;245.59;12.60;744;93;3692.00;153
9895;92;628198553;9895;205;10640;10793;9.61;0.59;245.59;12.60;745;93;3693.00;153
9898;92;628198562;9898;204;10644;10794;9.58;0.58;245.56;12.61;746;93;3694.00;150
9900;92;628198572;9900;204;10645;10794;9.54;0.58;245.53;12.61;745;93;3695.00;149
9902;92;628198582;9902;211;10656;10807;9.47;0.58;245.50;12.61;754;93;3696.00;151
9905;92;628198592;9905;218;10657;10807;9.46;0.58;245.45;12.61;752;93;3697.00;150
9909;92;628198602;9909;230;10657;10807;9.40;0.57;245.44;12.61;748;93;3698.00;150
9912;92;628198611;9912;230;10659;10808;9.37;0.57;245.39;12.62;747;93;3699.00;149
9913;92;628198623;9913;238;10663;10808;9.27;0.57;245.39;12.63;750;93;3700.00;145
9915;92;628198636;9915;243;10667;10812;9.20;0.56;245.40;12.65;752;93;3701.00;145
9918;92;628198647;9918;253;10669;10812;9.14;0.56;245.40;12.65;751;93;3702.00;143
9923;92;628198656;9923;261;10673;10816;9.04;0.55;245.38;12.65;750;93;3703.00;143
9925;92;628198667;9925;269;10674;10816;8.89;0.54;245.36;12.67;749;93;3704.00;142
9926;92;628198676;9926;273;10674;10816;8.74;0.54;245.34;12.67;748;93;3705.00;142
9928;92;628198685;9928;277;10675;10816;8.58;0.53;245.34;12.67;747;93;3706.00;141
9930;92;628198694;9930;284;10677;10816;8.43;0.52;245.32;12.70;747;93;3707.00;139
9934;92;628198703;9934;289;10688;10828;8.36;0.51;245.27;12.69;754;93;3708.00;140
9935;92;628198713;9935;297;10691;10828;8.28;0.51;245.25;12.71;756;93;3709.00;137
9937;92;628198722;9937;303;10691;10828;8.22;0.51;245.28;12.71;754;93;3710.00;137
9938;92;628198731;9938;309;10692;10828;8.10;0.50;245.28;12.72;754;93;3711.00;136
9940;92;628198739;9940;317;10694;10828;8.07;0.50;245.26;12.73;754;93;3712.00;134
9942;92;628198748;9942;325;10694;10828;7.95;0.49;245.27;12.73;752;93;3713.00;134
9943;92;628198757;9943;332;10696;10829;7.87;0.48;245.26;12.75;753;93;3714.00;133
9943;92;628198766;9943;322;10698;10829;7.76;0.48;245.26;12.76;755;93;3715.00;131
9945;92;628198774;9945;316;10704;10835;7.74;0.48;245.27;12.78;759;93;3716.00;131
9946;92;628198784;9946;307;10707;10836;7.73;0.48;245.29;12.78;761;93;3717.00;129
9950;92;628198793;9950;306;10710;10836;7.63;0.47;245.23;12.80;760;93;3718.00;126
9950;92;628198802;9950;293;10711;10836;7.68;0.47;245.23;12.80;761;93;3719.00;125
9952;92;628198814;9952;281;10716;10841;7.71;0.47;245.23;12.81;764;93;3720.00;125
9955;92;628198823;9955;280;10717;10841;7.70;0.47;245.31;12.82;762;93;3721.00;124
9957;92;628198833;9957;275;10717;10841;7.71;0.47;245.28;12.82;760;93;3722.00;124
9959;93;628198844;9959;275;10719;10842;7.76;0.48;245.27;12.83;760;94;3723.00;123
9960;93;628198866;9960;263;10723;10846;7.80;0.48;245.27;12.83;763;94;3724.00;123
9961;93;628198876;9961;261;10724;10846;7.89;0.48;245.34;12.84;763;94;3725.00;122
9963;93;628198886;9963;263;10726;10849;8.01;0.49;245.33;12.84;763;94;3726.00;123
9965;93;628198896;9965;266;10727;10849;8.09;0.50;245.30;12.84;762;94;3727.00;122
9967;93;628198916;9967;268;10729;10849;8.15;0.50;245.27;12.85;762;94;3728.00;120
9967;93;628198926;9967;268;10730;10849;8.15;0.50;245.27;12.85;763;94;3729.00;119
9970;93;628198942;9970;269;10734;10853;8.22;0.50;245.23;12.86;764;94;3730.00;119
9971;93;628198953;9971;274;10736;10853;8.25;0.51;245.22;12.86;765;94;3731.00;117
9974;93;628198962;9974;273;10736;10853;8.20;0.50;245.19;12.86;762;94;3732.00;117
9976;93;628198971;9976;275;10737;10853;8.10;0.50;245.19;12.87;761;94;3733.00;116
9978;93;628198981;9978;271;10737;10854;7.99;0.49;245.19;12.87;759;94;3734.00;117
9981;93;628198995;9981;267;10739;10856;7.89;0.48;245.15;12.87;758;94;3735.00;117
9986;93;628199005;9986;269;10740;10856;7.80;0.48;245.15;12.88;754;94;3736.00;116
9989;93;628199015;9989;270;10743;10857;7.76;0.48;245.14;12.90;754;94;3737.00;114
9991;93;628199024;9991;266;10744;10857;7.72;0.47;245.12;12.91;753;94;3738.00;113
9994;93;628199033;9994;269;10744;10857;7.65;0.47;245.11;12.91;750;94;3739.00;113
9999;93;628199042;9999;264;10744;10857;7.53;0.46;245.09;12.91;745;94;3740.00;113
10002;93;628199051;10002;251;10745;10857;7.46;0.46;245.08;12.92;743;94;3741.00;112
10009;93;628199059;10009;243;10747;10857;7.35;0.45;245.10;12.94;738;94;3742.00;110
10011;93;628199068;10011;233;10747;10857;7.35;0.45;245.13;12.94;736;94;3743.00;110
10018;93;628199077;10018;244;10814;10984;7.50;0.47;245.22;12.87;796;94;3744.00;170
10021;93;628199096;10021;237;10818;10985;7.52;0.47;245.23;12.87;797;94;3745.00;167
10026;93;628199106;10026;238;10827;10985;7.57;0.47;245.25;12.86;801;94;3746.00;158
10029;93;628199116;10029;227;10831;10985;7.67;0.47;245.27;12.85;802;94;3747.00;154
10031;93;628199125;10031;224;10838;10985;7.77;0.48;245.34;12.85;807;94;3748.00;147
10036;93;628199135;10036;221;10842;10985;7.80;0.48;245.33;12.85;806;94;3749.00;143
10041;93;628199146;10041;224;10849;10990;7.85;0.48;245.32;12.97;808;94;3750.00;141
10042;93;628199158;10042;225;10852;10990;7.95;0.49;245.32;12.96;810;94;3751.00;138
10047;93;628199168;10047;226;10857;10991;7.97;0.49;245.34;12.96;810;94;3752.00;134
10049;93;628199178;10049;225;10859;10992;8.09;0.50;245.33;12.96;810;94;3753.00;133
10053;93;628199189;10053;231;10861;10992;8.18;0.50;245.35;12.96;808;94;3754.00;131
10056;93;628199199;10056;233;10862;10993;8.26;0.51;245.32;12.96;806;94;3755.00;131
10061;93;628199210;10061;232;10864;10993;8.27;0.51;245.30;12.96;803;94;3756.00;129
10063;93;628199221;10063;236;10865;10993;8.39;0.51;245.30;12.96;802;94;3757.00;128
10067;93;628199231;10067;239;10867;10993;8.46;0.52;245.30;12.96;800;94;3758.00;126
10071;93;628199242;10071;233;10871;10997;8.56;0.52;245.30;12.96;800;94;3759.00;126
10073;93;628199253;10073;219;10872;10997;8.68;0.53;245.32;12.96;799;94;3760.00;125
10079;93;628199264;10079;211;10872;10997;8.70;0.53;245.32;12.96;793;94;3761.00;125
10083;93;628199275;10083;206;10875;11000;8.74;0.53;245.30;12.95;792;94;3762.00;125
10086;93;628199293;10086;200;10876;11000;8.74;0.53;245.29;12.95;790;94;3763.00;124
10090;93;628199304;10090;196;10877;11000;8.69;0.53;245.32;12.95;787;94;3764.00;123
10093;93;628199316;10093;198;10880;11004;8.75;0.54;245.32;12.95;787;94;3765.00;124
10098;93;628199327;10098;191;10881;11005;8.76;0.53;245.30;12.95;783;94;3766.00;124
10099;93;628199339;10099;186;10881;11005;8.73;0.53;245.33;12.95;782;94;3767.00;124
10103;93;628199350;10103;191;10884;11009;8.73;0.53;245.30;12.95;781;94;3768.00;125
10107;93;628199363;10107;195;10885;11009;8.71;0.53;245.29;12.95;778;94;3769.00;124
10112;93;628199373;10112;197;10885;11009;8.70;0.53;245.35;12.95;773;94;3770.00;124
10116;93;628199385;10116;204;10886;11010;8.79;0.54;245.33;12.95;770;94;3771.00;124
10121;94;628199397;10121;209;10887;11010;8.80;0.54;245.31;12.95;766;95;3772.00;123
10126;94;628199429;10126;213;10891;11016;8.84;0.54;245.33;12.94;765;95;3773.00;125
10129;94;628199441;10129;217;10891;11016;8.88;0.54;245.31;12.94;762;95;3774.00;125
10135;95;628199469;10135;219;10892;11017;8.86;0.54;245.43;12.94;757;96;3775.00;125
10138;95;628199506;10138;219;10893;11017;8.92;0.54;245.48;12.94;755;96;3776.00;124
10141;95;628199524;10141;219;10893;11017;8.99;0.55;245.53;12.94;752;96;3777.00;124
10145;95;628199539;10145;218;10894;11017;9.09;0.55;245.59;12.94;749;96;3778.00;123
10149;95;628199560;10149;218;10894;11017;9.16;0.56;245.62;12.94;745;96;3779.00;123
10152;95;628199584;10152;226;10919;11053;9.40;0.58;245.69;12.91;767;96;3780.00;134
10158;95;628199607;10158;224;10921;11053;9.44;0.58;245.72;12.91;763;96;3781.00;132
10159;95;628199620;10159;228;10923;11053;9.50;0.58;245.72;13.03;764;96;3782.00;130
10165;95;628199632;10165;226;10924;11053;9.48;0.58;245.70;13.03;759;96;3783.00;129
10170;95;628199649;10170;230;10925;11053;9.52;0.59;245.73;13.03;755;96;3784.00;128
10176;95;628199663;10176;227;10925;11053;9.47;0.58;245.71;13.03;749;96;3785.00;128
10179;95;628199674;10179;231;10928;11057;9.46;0.58;245.73;13.02;749;96;3786.00;129
10184;95;628199686;10184;225;10929;11057;9.43;0.58;245.76;13.02;745;96;3787.00;128
10185;95;628199697;10185;220;10932;11061;9.45;0.58;245.77;13.02;747;96;3788.00;129
10190;95;628199709;10190;215;10934;11062;9.45;0.58;245.76;13.02;744;96;3789.00;128
10194;95;628199720;10194;216;10934;11062;9.48;0.58;245.74;13.02;740;96;3790.00;128
10198;95;628199731;10198;212;10934;11062;9.49;0.58;245.77;13.02;736;96;3791.00;128
10199;95;628199743;10199;212;10944;11075;9.61;0.59;245.78;13.01;745;96;3792.00;131
10201;95;628199756;10201;213;10944;11075;9.66;0.59;245.80;13.01;743;96;3793.00;131
10204;95;628199767;10204;206;10945;11075;9.66;0.59;245.83;13.00;741;96;3794.00;130
10207;95;628199778;10207;205;10946;11076;9.68;0.59;245.86;13.00;739;96;3795.00;130
10212;95;628199790;10212;192;10946;11077;9.73;0.59;245.86;13.00;734;96;3796.00;131
10214;95;628199802;10214;181;10946;11077;9.81;0.60;245.89;13.00;732;96;3797.00;131
10218;95;628199814;10218;169;10948;11080;9.88;0.60;245.95;13.00;730;96;3798.00;132
10221;95;628199825;10221;161;10949;11080;9.94;0.61;245.97;13.00;728;96;3799.00;131
10226;95;628199846;10226;160;10949;11080;9.95;0.61;245.97;13.00;723;96;3800.00;131
10226;95;628199864;10226;153;10949;11080;10.02;0.61;245.97;13.00;723;96;3801.00;131
10232;95;628199877;10232;145;10953;11086;10.04;0.61;245.98;13.00;721;96;3802.00;133
10237;95;628199891;10237;142;10954;11086;10.14;0.62;245.98;12.99;717;96;3803.00;132
10240;95;628199903;10240;140;10954;11086;10.31;0.63;246.07;12.99;714;96;3804.00;132
10244;95;628199915;10244;139;10954;11086;10.36;0.63;246.09;12.99;710;96;3805.00;132
10246;95;628199927;10246;141;10957;11090;10.32;0.63;246.13;12.99;711;96;3806.00;133
10249;95;628199940;10249;148;10958;11091;10.37;0.63;246.14;12.99;709;96;3807.00;133
10252;95;628199951;10252;145;10958;11091;10.38;0.63;246.17;12.99;706;96;3808.00;133
10257;95;628199962;10257;142;10959;11092;10.44;0.64;246.19;12.99;702;96;3809.00;133
10259;95;628199978;10259;142;10959;11092;10.49;0.64;246.19;12.99;700;96;3810.00;133
10266;95;628199990;10266;144;10959;11092;10.58;0.64;246.24;12.99;693;96;3811.00;133
10269;95;628200002;10269;147;10959;11092;10.66;0.65;246.24;12.99;690;96;3812.00;133
10273;95;628200021;10273;150;10959;11092;10.67;0.65;246.25;12.99;686;96;3813.00;133
10277;95;628200037;10277;153;10959;11092;10.69;0.65;246.32;12.99;682;96;3814.00;133
10278;95;628200052;10278;152;10959;11092;10.75;0.65;246.31;12.99;681;96;3815.00;133
10279;95;628200070;10279;174;10995;11162;10.57;0.64;246.31;12.95;716;96;3816.00;167
10284;95;628200087;10284;170;10996;11163;10.71;0.65;246.28;12.95;712;96;3817.00;167
10287;96;628200100;10287;166;11001;11163;10.86;0.66;246.25;12.94;714;97;3818.00;162
10290;96;628200117;10290;166;11004;11163;10.90;0.66;246.25;12.94;714;97;3819.00;159
10293;96;628200129;10293;165;11009;11163;10.95;0.67;246.25;12.93;716;97;3820.00;154
10296;97;628200151;10296;168;11014;11163;11.08;0.67;246.21;12.93;718;98;3821.00;149
10297;97;628200172;10297;168;11018;11163;11.16;0.68;246.23;12.93;721;98;3822.00;145
10299;97;628200184;10299;175;11021;11163;11.15;0.68;246.25;12.93;722;98;3823.00;142
10299;97;628200196;10299;179;11023;11164;11.17;0.68;246.25;12.92;724;98;3824.00;141
10304;97;628200207;10304;185;11025;11166;11.10;0.68;246.24;12.92;721;98;3825.00;141
10307;97;628200218;10307;182;11026;11166;11.06;0.67;246.21;12.92;719;98;3826.00;140
10310;97;628200229;10310;181;11029;11170;11.03;0.67;246.21;12.92;719;98;3827.00;141
10312;97;628200240;10312;185;11029;11170;10.95;0.67;246.21;12.92;717;98;3828.00;141
10314;97;628200252;10314;188;11029;11170;10.89;0.66;246.20;12.92;715;98;3829.00;141
10318;97;628200263;10318;191;11029;11170;10.82;0.66;246.20;12.92;711;98;3830.00;141
10318;97;628200274;10318;193;11032;11176;10.81;0.66;246.20;12.92;714;98;3831.00;144
10320;97;628200285;10320;195;11032;11176;10.73;0.65;246.22;12.92;712;98;3832.00;144
10322;97;628200307;10322;196;11033;11176;10.73;0.65;246.21;12.91;711;98;3833.00;143
10323;97;628200318;10323;197;11035;11179;10.74;0.65;246.24;12.91;712;98;3834.00;144
10330;97;628200328;10330;200;11036;11179;10.70;0.65;246.29;12.91;706;98;3835.00;143
10333;97;628200345;10333;202;11036;11179;10.57;0.64;246.27;12.91;703;98;3836.00;143
10336;97;628200355;10336;207;11036;11180;10.51;0.64;246.23;12.91;700;98;3837.00;144
10339;97;628200364;10339;214;11037;11181;10.45;0.63;246.22;12.91;698;98;3838.00;144
10343;97;628200374;10343;212;11037;11181;10.35;0.63;246.18;12.91;694;98;3839.00;144
10346;97;628200386;10346;215;11052;11207;10.21;0.62;246.13;12.89;706;98;3840.00;155
10349;97;628200397;10349;214;11053;11207;10.10;0.61;246.11;12.89;704;98;3841.00;154
10351;97;628200415;10351;214;11055;11207;10.08;0.61;246.11;12.89;704;98;3842.00;152
10355;97;628200424;10355;213;11057;11208;10.04;0.61;246.04;12.89;702;98;3843.00;151
10359;97;628200434;10359;212;11057;11208;10.06;0.61;246.02;12.89;698;98;3844.00;151
10360;97;628200444;10360;211;11059;11212;10.18;0.62;246.02;12.89;699;98;3845.00;153
10362;97;628200454;10362;211;11062;11214;10.18;0.62;246.01;12.90;700;98;3846.00;152
10363;97;628200465;10363;205;11066;11218;10.19;0.62;245.99;12.90;703;98;3847.00;152
10367;97;628200482;10367;201;11066;11218;10.20;0.62;245.95;12.90;699;98;3848.00;152
10370;97;628200492;10370;195;11066;11218;10.18;0.62;245.92;12.90;696;98;3849.00;152
10371;97;628200501;10371;193;11066;11218;10.11;0.61;245.91;12.90;695;98;3850.00;152
10372;97;628200510;10372;189;11066;11218;10.09;0.61;245.90;12.90;694;98;3851.00;152
10376;97;628200519;10376;184;11077;11230;10.09;0.61;245.88;12.89;701;98;3852.00;153
10377;97;628200529;10377;182;11077;11230;10.11;0.62;245.86;12.89;700;98;3853.00;153
10380;97;628200538;10380;189;11077;11230;10.12;0.62;245.82;12.89;697;98;3854.00;153
10384;97;628200548;10384;187;11077;11230;10.10;0.61;245.78;12.89;693;98;3855.00;153
10385;97;628200557;10385;190;11078;11230;10.09;0.61;245.78;12.89;693;98;3856.00;152
10387;97;628200567;10387;190;11078;11230;10.08;0.61;245.76;12.89;691;98;3857.00;152
10388;97;628200576;10388;197;11078;11231;10.07;0.61;245.82;12.89;690;98;3858.00;153
10390;97;628200585;10390;200;11080;11231;10.14;0.61;245.82;12.89;690;98;3859.00;151
10391;97;628200594;10391;203;11085;11237;10.11;0.61;245.81;12.90;694;98;3860.00;152
10392;97;628200609;10392;205;11089;11238;10.06;0.61;245.81;12.89;697;98;3861.00;149
10392;97;628200618;10392;206;11089;11238;9.99;0.61;245.81;12.89;697;98;3862.00;149
10393;97;628200628;10393;213;11090;11238;9.89;0.60;245.79;12.90;697;98;3863.00;148
10395;97;628200637;10395;219;11092;11242;9.77;0.59;245.78;12.89;697;98;3864.00;150
10397;97;628200646;10397;223;11093;11242;9.63;0.59;245.76;12.89;696;98;3865.00;149
10397;97;628200655;10397;234;11095;11242;9.54;0.58;245.76;12.90;698;98;3866.00;147
10399;97;628200669;10399;226;11096;11243;9.50;0.58;245.74;12.90;697;98;3867.00;147
10400;97;628200679;10400;222;11099;11247;9.49;0.58;245.73;12.90;699;98;3868.00;148
10400;97;628200689;10400;215;11100;11247;9.46;0.58;245.73;12.91;700;98;3869.00;147
10402;97;628200700;10402;215;11103;11253;9.49;0.58;245.72;12.91;701;98;3870.00;150
10405;97;628200710;10405;208;11105;11253;9.46;0.58;245.70;12.92;700;98;3871.00;148
10407;97;628200720;10407;204;11107;11253;9.44;0.57;245.69;12.93;700;98;3872.00;146
10410;97;628200729;10410;203;11107;11253;9.45;0.58;245.70;12.93;697;98;3873.00;146
10411;97;628200739;10411;199;11112;11257;9.47;0.58;245.68;12.95;701;98;3874.00;145
10412;97;628200749;10412;200;11112;11257;9.52;0.58;245.66;12.95;700;98;3875.00;145
10413;97;628200759;10413;200;11113;11257;9.56;0.58;245.65;12.95;700;98;3876.00;144
10414;97;628200769;10414;200;11116;11257;9.62;0.59;245.65;12.98;702;98;3877.00;141
10414;97;628200779;10414;199;11117;11258;9.60;0.59;245.65;12.98;703;98;3878.00;141
10415;97;628200788;10415;195;11119;11259;9.54;0.58;245.64;12.99;704;98;3879.00;140
10416;97;628200797;10416;198;11120;11259;9.52;0.58;245.64;13.01;704;98;3880.00;139
10417;97;628200807;10417;200;11122;11260;9.47;0.58;245.64;13.01;705;98;3881.00;138
10419;97;628200816;10419;202;11123;11260;9.50;0.58;245.70;13.03;704;98;3882.00;137
10421;97;628200831;10421;203;11123;11260;9.44;0.58;245.71;13.03;702;98;3883.00;137
10423;97;628200840;10423;209;11125;11260;9.31;0.57;245.71;13.05;702;98;3884.00;135
10424;97;628200850;10424;213;11125;11260;9.24;0.57;245.70;13.05;701;98;3885.00;135
10425;97;628200858;10425;216;11127;11260;9.16;0.56;245.71;13.08;702;98;3886.00;133
10426;97;628200868;10426;222;11128;11260;9.11;0.56;245.70;13.10;702;98;3887.00;132
10429;97;628200877;10429;244;11196;11387;9.12;0.57;245.71;13.04;767;98;3888.00;191
10431;97;628200896;10431;229;11197;11388;9.05;0.56;245.73;13.03;766;98;3889.00;191
10433;97;628200906;10433;223;11209;11388;9.08;0.57;245.71;13.05;776;98;3890.00;179
10435;97;628200916;10435;216;11214;11388;9.06;0.57;245.78;13.05;779;98;3891.00;174
10437;97;628200925;10437;210;11223;11388;9.07;0.57;245.79;13.05;786;98;3892.00;165
10439;97;628200936;10439;207;11228;11388;9.11;0.57;245.77;13.06;789;98;3893.00;160
10442;97;628200946;10442;207;11233;11388;9.02;0.56;245.74;13.06;791;98;3894.00;155
10444;97;628200961;10444;213;11235;11388;9.04;0.56;245.72;13.06;791;98;3895.00;153
10451;97;628200971;10451;218;11241;11389;9.04;0.56;245.65;13.07;790;98;3896.00;148
10456;97;628200988;10456;221;11245;11390;9.01;0.56;245.69;13.07;789;98;3897.00;145
10457;97;628200999;10457;223;11247;11390;9.00;0.56;245.69;13.08;790;98;3898.00;143
10461;97;628201009;10461;220;11249;11391;8.94;0.55;245.73;13.08;788;98;3899.00;142
10464;97;628201022;10464;232;11255;11406;8.79;0.54;245.74;13.07;791;98;3900.00;151
10468;97;628201038;10468;233;11257;11406;8.55;0.53;245.72;13.09;789;98;3901.00;149
10472;97;628201048;10472;236;11259;11406;8.36;0.52;245.79;13.09;787;98;3902.00;147
10475;97;628201058;10475;242;11263;11410;8.23;0.51;245.81;13.10;788;98;3903.00;147
10479;97;628201069;10479;247;11265;11410;8.10;0.50;245.77;13.10;786;98;3904.00;145
10484;97;628201079;10484;252;11268;11410;7.96;0.49;245.77;13.12;784;98;3905.00;142
10488;97;628201090;10488;259;11271;11413;7.90;0.49;245.87;13.12;783;98;3906.00;142
10490;97;628201101;10490;263;11271;11413;7.71;0.48;245.86;13.12;781;98;3907.00;142
10495;97;628201110;10495;262;11275;11413;7.51;0.46;245.85;13.15;780;98;3908.00;138
10503;97;628201121;10503;269;11278;11417;7.39;0.45;245.83;13.14;775;98;3909.00;139
10506;97;628201131;10506;261;11279;11418;7.44;0.46;245.83;13.14;773;98;3910.00;139
10513;97;628201141;10513;255;11282;11418;7.36;0.45;245.84;13.17;769;98;3911.00;136
10513;97;628201157;10513;248;11285;11422;7.48;0.46;245.84;13.16;772;98;3912.00;137
10517;97;628201173;10517;238;11285;11422;7.47;0.46;245.85;13.16;768;98;3913.00;137
10520;97;628201183;10520;239;11288;11422;7.44;0.46;245.87;13.19;768;98;3914.00;134
10522;97;628201199;10522;238;11290;11424;7.57;0.46;245.86;13.18;768;98;3915.00;134
10526;97;628201210;10526;236;11292;11424;7.61;0.47;245.89;13.19;766;98;3916.00;132
10530;97;628201220;10530;231;11296;11430;7.65;0.47;245.90;13.20;766;98;3917.00;134
10532;97;628201231;10532;227;11297;11430;7.73;0.47;245.91;13.20;765;98;3918.00;133
10535;97;628201241;10535;224;11298;11431;7.75;0.48;245.89;13.21;763;98;3919.00;133
10539;97;628201251;10539;222;11299;11431;7.80;0.48;245.91;13.21;760;98;3920.00;132
10540;97;628201262;10540;220;11300;11431;7.95;0.49;245.90;13.21;760;98;3921.00;131
10545;97;628201272;10545;216;11300;11431;8.02;0.49;245.91;13.21;755;98;3922.00;131
10547;97;628201283;10547;217;11300;11431;8.12;0.50;245.92;13.21;753;98;3923.00;131
10555;97;628201293;10555;222;11308;11443;8.24;0.50;245.95;13.20;753;98;3924.00;135
10561;97;628201304;10561;217;11308;11443;8.30;0.51;245.98;13.20;747;98;3925.00;135
10563;97;628201315;10563;219;11310;11443;8.43;0.52;245.99;13.20;747;98;3926.00;133
10566;97;628201325;10566;214;11312;11443;8.56;0.52;246.02;13.20;746;98;3927.00;131
10569;97;628201335;10569;212;11312;11443;8.66;0.53;246.02;13.20;743;98;3928.00;131
10576;97;628201346;10576;204;11312;11443;8.72;0.53;246.11;13.20;736;98;3929.00;131
10582;97;628201357;10582;204;11315;11447;8.82;0.54;246.11;13.20;733;98;3930.00;132
10584;97;628201368;10584;201;11315;11447;8.93;0.54;246.11;13.20;731;98;3931.00;132
10589;97;628201378;10589;199;11318;11451;8.98;0.55;246.10;13.20;729;98;3932.00;133
10594;97;628201395;10594;201;11319;11452;9.06;0.55;246.15;13.20;725;98;3933.00;133
10599;97;628201405;10599;200;11321;11452;9.09;0.55;246.14;13.20;722;98;3934.00;131
10602;97;628201416;10602;199;11321;11452;9.07;0.55;246.20;13.20;719;98;3935.00;131
10607;97;628201426;10607;197;11331;11465;9.06;0.55;246.21;13.19;724;98;3936.00;134
10610;97;628201438;10610;196;11333;11465;9.19;0.56;246.24;13.19;723;98;3937.00;132
10613;97;628201448;10613;202;11334;11465;9.25;0.56;246.26;13.19;721;98;3938.00;131
10617;97;628201465;10617;205;11335;11466;9.30;0.57;246.31;13.19;718;98;3939.00;131
10618;97;628201490;10618;212;11335;11467;9.44;0.58;246.38;13.19;717;98;3940.00;132
10624;97;628201509;10624;214;11336;11467;9.44;0.58;246.38;13.19;712;98;3941.00;131
10630;97;628201525;10630;211;11339;11470;9.45;0.58;246.37;13.19;709;98;3942.00;131
10633;97;628201542;10633;211;11339;11470;9.50;0.58;246.39;13.19;706;98;3943.00;131
10638;97;628201558;10638;211;11340;11470;9.43;0.57;246.38;13.19;702;98;3944.00;130
10644;97;628201575;10644;209;11340;11470;9.36;0.57;246.43;13.19;696;98;3945.00;130
10646;97;628201587;10646;213;11344;11476;9.39;0.57;246.43;13.18;698;98;3946.00;132
10650;97;628201600;10650;215;11345;11476;9.38;0.57;246.51;13.18;695;98;3947.00;131
10655;97;628201612;10655;218;11345;11476;9.41;0.57;246.50;13.18;690;98;3948.00;131
10659;97;628201624;10659;219;11345;11476;9.48;0.58;246.50;13.18;686;98;3949.00;131
10663;97;628201636;10663;219;11348;11480;9.48;0.58;246.49;13.18;685;98;3950.00;132
10665;97;628201647;10665;224;11351;11481;9.47;0.58;246.48;13.18;686;98;3951.00;130
10670;97;628201658;10670;222;11351;11481;9.40;0.57;246.47;13.18;681;98;3952.00;130
10675;97;628201670;10675;221;11352;11482;9.33;0.57;246.57;13.18;677;98;3953.00;130
10677;97;628201680;10677;220;11352;11482;9.28;0.57;246.58;13.18;675;98;3954.00;130
10682;97;628201692;10682;227;11352;11482;9.18;0.56;246.61;13.18;670;98;3955.00;130
10686;97;628201702;10686;233;11352;11482;9.12;0.56;246.63;13.18;666;98;3956.00;130
10691;97;628201713;10691;222;11352;11482;8.99;0.55;246.65;13.18;661;98;3957.00;130
10692;97;628201724;10692;216;11352;11482;8.86;0.54;246.66;13.18;660;98;3958.00;130
10697;97;628201734;10697;217;11352;11482;8.81;0.54;246.70;13.18;655;98;3959.00;130
10699;97;628201746;10699;236;11424;11607;8.67;0.54;246.72;13.09;725;98;3960.00;183
10702;97;628201767;10702;235;11427;11608;8.65;0.54;246.74;13.09;725;98;3961.00;181
10706;97;628201778;10706;224;11431;11608;8.65;0.53;246.73;13.09;725;98;3962.00;177
10710;97;628201789;10710;225;11433;11608;8.63;0.53;246.83;13.09;723;98;3963.00;175
10714;97;628201800;10714;227;11437;11608;8.70;0.54;246.87;13.21;723;98;3964.00;171
10717;97;628201812;10717;232;11440;11608;8.81;0.54;246.87;13.21;723;98;3965.00;168
10719;97;628201823;10719;217;11445;11608;8.95;0.55;246.90;13.21;726;98;3966.00;163
10724;97;628201833;10724;206;11447;11608;9.04;0.55;246.88;13.21;723;98;3967.00;161
10726;97;628201845;10726;196;11451;11609;9.07;0.56;246.90;13.21;725;98;3968.00;158
10732;97;628201856;10732;193;11452;11610;9.03;0.55;246.91;13.21;720;98;3969.00;158
10732;97;628201876;10732;192;11454;11610;9.04;0.55;246.91;13.20;722;98;3970.00;156
10735;98;628201894;10735;190;11457;11614;9.00;0.55;246.89;13.20;722;99;3971.00;157
10737;98;628201919;10737;185;11459;11614;9.03;0.55;246.90;13.20;722;99;3972.00;155
10741;98;628201940;10741;188;11460;11614;9.06;0.55;246.90;13.20;719;99;3973.00;154
10742;98;628201957;10742;188;11461;11614;9.11;0.56;246.90;13.20;719;99;3974.00;153
10745;98;628201968;10745;188;11465;11620;9.08;0.55;246.86;13.20;720;99;3975.00;155
10748;98;628201981;10748;192;11466;11620;9.14;0.56;246.88;13.20;718;99;3976.00;154
10748;98;628201991;10748;187;11466;11620;9.25;0.57;246.88;13.20;718;99;3977.00;154
10749;98;628202011;10749;194;11469;11623;9.30;0.57;246.89;13.19;720;99;3978.00;154
10750;99;628202023;10750;189;11469;11623;9.31;0.57;246.89;13.19;719;100;3979.00;154
10754;99;628202047;10754;186;11470;11623;9.40;0.57;246.88;13.19;716;100;3980.00;153
10754;100;628202059;10754;185;11471;11624;9.44;0.57;246.88;13.19;717;101;3981.00;153
10757;100;628202088;10757;185;11472;11625;9.55;0.58;246.87;13.19;715;101;3982.00;153
10758;100;628202105;10758;190;11472;11625;9.63;0.59;246.85;13.19;714;102;3983.00;153
10760;100;628202124;10760;192;11482;11638;9.72;0.59;246.82;13.18;722;102;3984.00;156
10762;100;628202136;10762;193;11482;11638;9.78;0.60;246.83;13.18;720;102;3985.00;156
10765;100;628202147;10765;200;11482;11638;9.80;0.60;246.87;13.18;717;102;3986.00;156
10768;100;628202158;10768;198;11483;11639;9.87;0.60;246.89;13.18;715;102;3987.00;156
10769;101;628202169;10769;201;11483;11639;9.95;0.61;246.96;13.18;714;103;3988.00;156
10771;101;628202192;10771;201;11486;11643;9.98;0.61;246.92;13.18;715;103;3989.00;157
10771;101;628202204;10771;200;11486;11643;10.02;0.61;246.92;13.18;715;103;3990.00;157
10772;101;628202214;10772;203;11490;11647;9.95;0.61;246.91;13.17;718;103;3991.00;157
10773;101;628202236;10773;202;11490;11647;9.92;0.61;246.90;13.17;717;103;3992.00;157
10774;101;628202246;10774;210;11490;11647;9.95;0.61;246.90;13.17;716;103;3993.00;157
10774;101;628202256;10774;212;11490;11647;10.00;0.61;246.90;13.17;716;103;3994.00;157
10779;101;628202267;10779;214;11490;11647;10.00;0.61;246.83;13.17;711;103;3995.00;157
10782;101;628202277;10782;220;11500;11659;10.07;0.62;246.81;13.16;718;103;3996.00;159
10787;101;628202288;10787;219;11500;11659;10.10;0.62;246.78;13.16;713;103;3997.00;159
10788;101;628202299;10788;220;11501;11659;10.13;0.62;246.77;13.16;713;103;3998.00;158
10792;101;628202308;10792;222;11501;11659;10.14;0.62;246.73;13.16;709;103;3999.00;158
10794;101;628202320;10794;224;11501;11659;10.17;0.62;246.72;13.16;707;103;4000.00;158
10800;101;628202334;10800;220;11502;11659;10.04;0.61;246.67;13.29;702;103;4001.00;157
10800;101;628202345;10800;219;11502;11660;10.02;0.61;246.67;13.29;702;103;4002.00;158
10802;101;628202354;10802;221;11502;11660;10.04;0.61;246.65;13.29;700;103;4003.00;158
10805;101;628202370;10805;219;11506;11666;10.03;0.61;246.62;13.28;701;103;4004.00;160
10808;101;628202381;10808;218;11509;11668;10.03;0.61;246.60;13.28;701;103;4005.00;159
10811;101;628202392;10811;217;11509;11668;10.10;0.62;246.58;13.28;698;103;4006.00;159
10813;101;628202402;10813;220;11509;11668;10.10;0.62;246.57;13.28;696;103;4007.00;159
10817;101;628202413;10817;218;11512;11672;10.12;0.62;246.55;13.28;695;103;4008.00;160
10819;101;628202423;10819;219;11512;11672;10.15;0.62;246.53;13.28;693;103;4009.00;160
10821;101;628202432;10821;218;11512;11672;10.15;0.62;246.54;13.28;691;103;4010.00;160
10822;101;628202442;10822;217;11513;11673;10.20;0.62;246.53;13.28;691;103;4011.00;160
10822;101;628202453;10822;212;11516;11677;10.21;0.62;246.53;13.27;694;103;4012.00;161
10824;101;628202463;10824;208;11516;11677;10.25;0.62;246.51;13.27;692;103;4013.00;161
10825;101;628202473;10825;203;11518;11680;10.27;0.62;246.50;13.27;693;103;4014.00;162
10827;101;628202483;10827;203;11521;11680;10.27;0.62;246.54;13.30;694;103;4015.00;159
10829;101;628202494;10829;199;11521;11680;10.34;0.63;246.54;13.30;692;103;4016.00;159
10833;101;628202504;10833;200;11521;11680;10.38;0.63;246.51;13.30;688;103;4017.00;159
10834;101;628202514;10834;197;11525;11684;10.43;0.63;246.50;13.43;691;103;4018.00;159
10837;101;628202524;10837;184;11526;11684;10.51;0.64;246.47;13.43;689;103;4019.00;158
10840;101;628202535;10840;173;11526;11684;10.57;0.64;246.43;13.43;686;103;4020.00;158
10842;101;628202545;10842;162;11526;11684;10.63;0.65;246.40;13.43;684;103;4021.00;158
10842;101;628202554;10842;155;11527;11685;10.72;0.65;246.40;13.56;685;103;4022.00;158
10845;101;628202564;10845;150;11528;11686;10.81;0.66;246.38;13.55;683;103;4023.00;158
10847;101;628202574;10847;145;11528;11686;10.92;0.66;246.37;13.55;681;103;4024.00;158
10848;101;628202584;10848;139;11530;11687;10.93;0.67;246.36;13.68;682;103;4025.00;157
10851;101;628202606;10851;135;11530;11687;10.93;0.66;246.35;13.68;679;103;4026.00;157
10851;101;628202616;10851;133;11531;11687;10.94;0.67;246.35;13.69;680;103;4027.00;156
10851;101;628202625;10851;135;11532;11687;11.01;0.67;246.35;13.81;681;103;4028.00;155
10853;102;628202640;10853;135;11532;11687;11.10;0.68;246.35;13.81;679;104;4029.00;155
10855;102;628202671;10855;130;11532;11687;11.15;0.68;246.36;13.81;677;104;4030.00;155
10856;102;628202681;10856;130;11532;11687;11.18;0.68;246.35;13.81;676;104;4031.00;155
10858;102;628202690;10858;148;11597;11814;11.02;0.68;246.34;13.87;739;104;4032.00;217
10861;102;628202710;10861;141;11600;11815;11.00;0.68;246.34;13.86;739;104;4033.00;215
10861;102;628202721;10861;141;11607;11815;11.07;0.68;246.34;13.86;746;104;4034.00;208
10863;102;628202731;10863;137;11613;11815;11.06;0.68;246.34;13.85;750;104;4035.00;202
10866;102;628202742;10866;132;11616;11815;11.03;0.68;246.33;13.85;750;104;4036.00;199
10870;102;628202753;10870;136;11619;11815;11.00;0.67;246.34;13.85;749;104;4037.00;196
10871;102;628202764;10871;140;11622;11815;11.02;0.67;246.34;13.85;751;104;4038.00;193
10872;102;628202773;10872;145;11625;11815;11.04;0.67;246.32;13.84;753;104;4039.00;190
10873;102;628202784;10873;149;11629;11816;11.10;0.68;246.32;13.86;756;104;4040.00;187
10875;102;628202795;10875;151;11633;11817;11.05;0.68;246.28;13.88;758;104;4041.00;184
10879;102;628202812;10879;158;11635;11817;10.91;0.67;246.28;13.88;756;104;4042.00;182
10879;102;628202823;10879;165;11638;11818;10.75;0.66;246.28;13.89;759;104;4043.00;180
10882;102;628202833;10882;167;11642;11818;10.50;0.64;246.30;13.91;760;104;4044.00;176
10884;102;628202844;10884;177;11644;11818;10.33;0.63;246.27;13.91;760;104;4045.00;174
10886;102;628202855;10886;190;11647;11818;10.20;0.63;246.28;13.94;761;104;4046.00;171
10889;102;628202865;10889;193;11653;11822;10.11;0.62;246.32;13.94;764;104;4047.00;169
10892;102;628202877;10892;201;11656;11822;10.01;0.61;246.31;13.95;764;104;4048.00;166
10895;102;628202888;10895;208;11662;11822;9.92;0.61;246.35;13.98;767;104;4049.00;160
10897;102;628202901;10897;215;11666;11828;9.81;0.60;246.34;13.98;769;104;4050.00;162
10902;102;628202912;10902;225;11668;11828;9.68;0.59;246.35;14.00;766;104;4051.00;160
10905;102;628202924;10905;230;11669;11828;9.60;0.59;246.34;14.00;764;104;4052.00;159
10907;102;628202934;10907;233;11674;11832;9.47;0.58;246.32;14.01;767;104;4053.00;158
10909;102;628202944;10909;238;11676;11833;9.40;0.57;246.31;14.00;767;104;4054.00;157
10910;102;628202960;10910;247;11678;11833;9.27;0.57;246.31;14.03;768;104;4055.00;155
10913;102;628202970;10913;249;11683;11837;9.19;0.56;246.28;14.04;770;104;4056.00;154
10916;102;628202981;10916;258;11685;11837;9.13;0.56;246.30;14.06;769;104;4057.00;152
10920;102;628202992;10920;268;11686;11837;9.03;0.55;246.30;14.06;766;104;4058.00;151
10921;102;628203001;10921;269;11689;11838;8.98;0.55;246.29;14.08;768;104;4059.00;149
10923;102;628203011;10923;270;11690;11838;8.91;0.54;246.28;14.08;767;104;4060.00;148
10925;102;628203022;10925;270;11695;11844;8.83;0.54;246.26;14.09;770;104;4061.00;149
10925;102;628203033;10925;268;11696;11844;8.80;0.54;246.26;14.09;771;104;4062.00;148
10927;102;628203043;10927;265;11698;11845;8.68;0.53;246.29;14.11;771;104;4063.00;147
10929;102;628203054;10929;262;11699;11845;8.61;0.53;246.29;14.11;770;104;4064.00;146
10932;102;628203064;10932;258;11701;11845;8.58;0.53;246.28;14.13;769;104;4065.00;144
10933;102;628203074;10933;259;11702;11845;8.53;0.52;246.28;14.13;769;104;4066.00;143
10936;102;628203085;10936;256;11702;11845;8.52;0.52;246.26;14.13;766;104;4067.00;143
10937;102;628203111;10937;254;11713;11857;8.56;0.52;246.29;14.13;776;104;4068.00;144
10942;102;628203138;10942;252;11714;11857;8.56;0.52;246.29;14.13;772;104;4069.00;143
10944;102;628203164;10944;249;11716;11857;8.57;0.52;246.28;14.15;772;104;4070.00;141
10947;102;628203180;10947;246;11717;11857;8.53;0.52;246.32;14.15;770;104;4071.00;140
10951;102;628203191;10951;243;11718;11857;8.44;0.52;246.31;14.16;767;104;4072.00;139
10955;102;628203203;10955;241;11718;11857;8.42;0.52;246.29;14.16;763;104;4073.00;139
10960;102;628203214;10960;244;11722;11861;8.38;0.51;246.30;14.16;762;104;4074.00;139
10968;102;628203225;10968;237;11723;11861;8.31;0.51;246.29;14.17;755;104;4075.00;138
10970;103;628203236;10970;240;11727;11865;8.27;0.51;246.31;14.17;757;105;4076.00;138
10972;103;628203269;10972;244;11729;11866;8.23;0.50;246.31;14.18;757;105;4077.00;137
10979;103;628203280;10979;247;11730;11866;8.08;0.50;246.32;14.18;751;105;4078.00;136
10985;103;628203292;10985;252;11730;11866;7.91;0.48;246.35;14.18;745;105;4079.00;136
10987;103;628203304;10987;257;11751;11895;7.71;0.47;246.34;14.17;764;105;4080.00;144
10993;103;628203317;10993;257;11751;11895;7.51;0.46;246.35;14.17;758;105;4081.00;144
10995;103;628203328;10995;250;11754;11895;7.48;0.46;246.38;14.16;759;105;4082.00;141
10999;103;628203339;10999;247;11758;11896;7.45;0.46;246.42;14.17;759;105;4083.00;138
11003;103;628203349;11003;253;11760;11897;7.43;0.46;246.41;14.18;757;105;4084.00;137
11008;103;628203360;11008;257;11760;11897;7.44;0.46;246.43;14.18;752;105;4085.00;137
11011;103;628203371;11011;261;11764;11900;7.50;0.46;246.46;14.19;753;105;4086.00;136
11015;103;628203383;11015;260;11764;11900;7.55;0.46;246.49;14.19;749;105;4087.00;136
11019;104;628203394;11019;255;11764;11900;7.61;0.47;246.51;14.19;745;106;4088.00;136
11024;104;628203418;11024;249;11764;11900;7.74;0.47;246.50;14.19;740;106;4089.00;136
11029;104;628203433;11029;235;11769;11906;7.75;0.47;246.50;14.19;740;106;4090.00;137
11035;104;628203445;11035;226;11770;11906;7.79;0.48;246.52;14.32;735;106;4091.00;136
11041;104;628203462;11041;218;11770;11906;7.89;0.48;246.53;14.32;729;106;4092.00;136
11042;104;628203478;11042;218;11770;11906;7.97;0.49;246.55;14.32;728;106;4093.00;136
11044;104;628203496;11044;209;11773;11910;8.05;0.49;246.57;14.31;729;106;4094.00;137
11048;104;628203513;11048;209;11775;11912;8.15;0.50;246.57;14.31;727;106;4095.00;137
11049;104;628203533;11049;203;11775;11912;8.27;0.51;246.57;14.31;726;106;4096.00;137
11052;104;628203548;11052;205;11776;11913;8.41;0.51;246.58;14.31;724;106;4097.00;137
11054;104;628203564;11054;202;11776;11913;8.49;0.52;246.61;14.31;722;106;4098.00;137
11058;104;628203578;11058;205;11776;11913;8.61;0.53;246.62;14.31;718;106;4099.00;137
11065;104;628203594;11065;200;11776;11913;8.72;0.53;246.62;14.31;711;106;4100.00;137
11067;104;628203615;11067;197;11776;11913;8.82;0.54;246.67;14.31;709;106;4101.00;137
11070;104;628203628;11070;197;11776;11913;8.94;0.55;246.70;14.31;706;106;4102.00;137
11075;104;628203643;11075;201;11776;11913;9.06;0.55;246.71;14.31;701;106;4103.00;137
11080;104;628203656;11080;211;11816;11983;9.10;0.55;246.74;14.26;736;106;4104.00;167
11086;104;628203686;11086;210;11816;11984;9.13;0.56;246.77;14.26;730;106;4105.00;168
11089;104;628203700;11089;206;11820;11984;9.32;0.57;246.81;14.26;731;106;4106.00;164
11092;104;628203718;11092;200;11821;11984;9.45;0.57;246.87;14.26;729;106;4107.00;163
11098;104;628203733;11098;198;11823;11984;9.58;0.58;246.89;14.26;725;106;4108.00;161
11103;104;628203746;11103;199;11827;11984;9.68;0.59;246.88;14.25;724;106;4109.00;157
11109;104;628203763;11109;202;11828;11984;9.75;0.59;246.97;14.25;719;106;4110.00;156
11112;104;628203777;11112;207;11832;11984;9.77;0.59;246.97;14.25;720;106;4111.00;152
11118;104;628203790;11118;214;11833;11985;9.72;0.59;247.01;14.25;715;106;4112.00;152
11119;104;628203805;11119;221;11837;11986;9.72;0.59;247.01;14.25;718;106;4113.00;149
11125;104;628203819;11125;226;11841;11986;9.60;0.58;247.01;14.24;716;106;4114.00;145
11130;104;628203833;11130;228;11843;11990;9.53;0.58;247.01;14.24;713;106;4115.00;147
11132;104;628203847;11132;234;11843;11990;9.54;0.58;247.01;14.24;711;106;4116.00;147
11137;104;628203860;11137;242;11843;11990;9.42;0.57;247.02;14.24;706;106;4117.00;147
11144;104;628203873;11144;244;11843;11990;9.33;0.57;247.06;14.24;699;106;4118.00;147
11147;104;628203887;11147;252;11847;11996;9.27;0.56;247.05;14.24;700;106;4119.00;149
11150;104;628203901;11150;256;11848;11996;9.21;0.56;247.10;14.24;698;106;4120.00;148
11154;104;628203914;11154;262;11850;11996;9.11;0.55;247.12;14.24;696;106;4121.00;146
11158;104;628203928;11158;264;11852;11999;9.06;0.55;247.15;14.24;694;106;4122.00;147
11161;104;628203943;11161;266;11853;11999;9.05;0.55;247.19;14.23;692;106;4123.00;146
11165;104;628203956;11165;271;11855;11999;8.89;0.54;247.21;14.23;690;106;4124.00;144
11168;104;628203970;11168;275;11855;12000;8.72;0.53;247.22;14.23;687;106;4125.00;145
11170;104;628203984;11170;281;11856;12001;8.59;0.52;247.24;14.23;686;106;4126.00;145
11173;104;628203996;11173;277;11856;12001;8.49;0.52;247.25;14.23;683;106;4127.00;145
11174;104;628204009;11174;274;11867;12014;8.57;0.52;247.24;14.22;693;106;4128.00;147
11175;104;628204023;11175;270;11867;12014;8.56;0.52;247.24;14.22;692;106;4129.00;147
11179;104;628204035;11179;267;11867;12014;8.48;0.52;247.20;14.22;688;106;4130.00;147
11180;104;628204048;11180;260;11868;12015;8.53;0.52;247.20;14.22;688;106;4131.00;147
11184;104;628204060;11184;260;11868;12015;8.48;0.52;247.18;14.22;684;106;4132.00;147
11185;104;628204073;11185;258;11871;12019;8.48;0.51;247.18;14.22;686;106;4133.00;148
11186;104;628204087;11186;261;11871;12019;8.47;0.51;247.18;14.22;685;106;4134.00;148
11187;104;628204100;11187;267;11875;12023;8.44;0.51;247.17;14.21;688;106;4135.00;148
11188;104;628204115;11188;253;11875;12023;8.42;0.51;247.15;14.21;687;106;4136.00;148
11190;104;628204132;11190;243;11875;12023;8.47;0.52;247.17;14.21;685;106;4137.00;148
11190;104;628204146;11190;226;11875;12023;8.55;0.52;247.17;14.21;685;106;4138.00;148
11193;104;628204163;11193;223;11875;12023;8.65;0.53;247.14;14.21;682;106;4139.00;148
11194;104;628204177;11194;217;11898;12057;8.68;0.53;247.12;14.18;704;106;4140.00;159
11196;104;628204194;11196;216;11899;12057;8.76;0.54;247.12;14.18;703;106;4141.00;158
11197;104;628204209;11197;218;11901;12057;8.92;0.55;247.11;14.18;704;106;4142.00;156
11199;104;628204223;11199;219;11901;12057;9.01;0.55;247.12;14.18;702;106;4143.00;156
11201;104;628204237;11201;212;11902;12057;9.07;0.55;247.13;14.18;701;106;4144.00;155
11202;104;628204252;11202;209;11902;12057;9.21;0.56;247.12;14.18;700;106;4145.00;155
11202;104;628204265;11202;213;11903;12058;9.35;0.57;247.12;14.18;701;106;4146.00;155
11205;104;628204280;11205;213;11903;12058;9.38;0.57;247.11;14.18;698;106;4147.00;155
11207;104;628204294;11207;208;11907;12064;9.41;0.57;247.09;14.17;700;106;4148.00;157
11209;104;628204306;11209;211;11908;12065;9.39;0.57;247.07;14.17;699;106;4149.00;157
11211;104;628204325;11211;214;11909;12065;9.32;0.57;247.07;14.17;698;106;4150.00;156
11213;104;628204338;11213;208;11909;12065;9.28;0.57;247.07;14.17;696;106;4151.00;156
11217;104;628204350;11217;209;11913;12069;9.32;0.57;247.02;14.17;696;106;4152.00;156
11219;104;628204371;11219;207;11913;12069;9.29;0.57;247.00;14.17;694;106;4153.00;156
11221;104;628204385;11221;209;11913;12069;9.24;0.56;247.04;14.17;692;106;4154.00;156
11224;104;628204400;11224;205;11914;12070;9.25;0.56;247.01;14.17;690;106;4155.00;156
11226;104;628204412;11226;207;11917;12074;9.21;0.56;246.98;14.16;691;106;4156.00;157
11230;104;628204433;11230;205;11917;12074;9.21;0.56;246.97;14.16;687;106;4157.00;157
11231;104;628204445;11231;205;11919;12077;9.32;0.57;246.96;14.16;688;106;4158.00;158
11233;104;628204458;11233;203;11919;12077;9.44;0.57;246.94;14.16;686;106;4159.00;158
11234;104;628204470;11234;203;11921;12077;9.45;0.58;246.93;14.30;687;106;4160.00;156
11237;104;628204492;11237;203;11921;12077;9.53;0.58;246.96;14.30;684;106;4161.00;156
11240;104;628204504;11240;206;11924;12081;9.63;0.59;246.96;14.29;684;106;4162.00;157
11241;104;628204516;11241;209;11924;12081;9.66;0.59;246.94;14.29;683;106;4163.00;157
11242;104;628204526;11242;212;11925;12081;9.68;0.59;246.93;14.29;683;106;4164.00;156
11246;104;628204537;11246;216;11925;12081;9.71;0.59;246.90;14.29;679;106;4165.00;156
11246;104;628204549;11246;218;11925;12082;9.72;0.59;246.90;14.29;679;106;4166.00;157
11246;104;628204559;11246;221;11926;12083;9.71;0.59;246.90;14.29;680;106;4167.00;157
11246;104;628204577;11246;222;11926;12083;9.66;0.59;246.90;14.29;680;106;4168.00;157
11246;104;628204586;11246;220;11927;12084;9.66;0.59;246.90;14.29;681;106;4169.00;157
11247;104;628204599;11247;226;11927;12084;9.62;0.59;246.89;14.29;680;106;4170.00;157
11248;104;628204609;11248;213;11927;12084;9.61;0.58;246.90;14.29;679;106;4171.00;157
11250;104;628204619;11250;204;11927;12084;9.71;0.59;246.87;14.29;677;106;4172.00;157
11250;104;628204634;11250;197;11929;12086;9.72;0.59;246.87;14.29;679;106;4173.00;157
11253;104;628204646;11253;187;11929;12086;9.76;0.59;246.88;14.29;676;106;4174.00;157
11254;104;628204656;11254;187;11929;12086;9.88;0.60;246.87;14.29;675;106;4175.00;157
11259;104;628204666;11259;204;11997;12213;9.76;0.60;246.90;14.21;738;106;4176.00;216
11261;104;628204688;11261;183;11998;12214;9.81;0.60;246.89;14.21;737;106;4177.00;216
11262;104;628204706;11262;167;12004;12214;9.95;0.61;246.89;14.20;742;106;4178.00;210
11263;104;628204716;11263;164;12006;12214;10.10;0.62;246.89;14.20;743;106;4179.00;208
11265;104;628204726;11265;156;12010;12214;10.17;0.63;246.88;14.20;745;106;4180.00;204
11266;104;628204742;11266;150;12016;12214;10.18;0.63;246.87;14.19;750;106;4181.00;198
11268;104;628204754;11268;142;12018;12214;10.24;0.63;246.87;14.19;750;106;4182.00;196
11273;104;628204766;11273;140;12024;12214;10.29;0.63;246.83;14.32;751;106;4183.00;190
11275;104;628204784;11275;137;12028;12215;10.39;0.64;246.89;14.34;753;106;4184.00;187
11279;104;628204796;11279;130;12031;12217;10.55;0.64;246.86;14.34;752;106;4185.00;186
11283;104;628204814;11283;127;12034;12217;10.65;0.65;246.83;14.35;751;106;4186.00;183
11284;104;628204826;11284;125;12037;12218;10.70;0.65;246.83;14.35;753;106;4187.00;181
11287;104;628204843;11287;121;12040;12218;10.82;0.66;246.82;14.35;753;106;4188.00;178
11288;104;628204855;11288;117;12042;12218;10.94;0.67;246.82;14.35;754;106;4189.00;176
11288;104;628204866;11288;113;12043;12218;10.98;0.67;246.82;14.35;755;106;4190.00;175
11291;104;628204879;11291;115;12046;12222;11.02;0.67;246.80;14.35;755;106;4191.00;176
11293;104;628204891;11293;117;12048;12222;11.10;0.68;246.83;14.36;755;106;4192.00;174
11297;104;628204904;11297;118;12050;12222;11.10;0.68;246.82;14.36;753;106;4193.00;172
11298;104;628204917;11298;123;12052;12225;11.12;0.68;246.82;14.36;754;106;4194.00;173
11301;104;628204930;11301;128;12054;12225;11.10;0.68;246.82;14.35;753;106;4195.00;171
11303;104;628204944;11303;131;12054;12225;11.09;0.67;246.80;14.35;751;106;4196.00;171
11307;104;628204956;11307;138;12058;12229;10.97;0.67;246.78;14.35;751;106;4197.00;171
11309;104;628204970;11309;143;12059;12230;10.89;0.66;246.77;14.35;750;106;4198.00;171
11312;104;628204982;11312;142;12059;12230;10.85;0.66;246.78;14.35;747;106;4199.00;171
11315;104;628204996;11315;147;12070;12264;10.65;0.65;246.76;14.34;755;106;4200.00;194
11319;104;628205020;11319;143;12072;12264;10.56;0.64;246.75;14.34;753;106;4201.00;192
11323;104;628205034;11323;149;12074;12264;10.61;0.65;246.79;14.34;751;106;4202.00;190
11324;104;628205046;11324;150;12075;12265;10.64;0.65;246.78;14.34;751;106;4203.00;190
11327;104;628205066;11327;158;12076;12265;10.59;0.65;246.82;14.34;749;106;4204.00;189
11329;104;628205078;11329;158;12079;12271;10.55;0.64;246.83;14.34;750;106;4205.00;192
11333;104;628205091;11333;166;12082;12271;10.42;0.63;246.82;14.34;749;106;4206.00;189
11336;104;628205103;11336;168;12085;12272;10.30;0.63;246.82;14.34;749;106;4207.00;187
11339;104;628205115;11339;174;12085;12272;10.28;0.62;246.87;14.34;746;106;4208.00;187
11342;104;628205127;11342;183;12085;12272;10.28;0.63;246.87;14.34;743;106;4209.00;187
11347;104;628205139;11347;186;12087;12272;10.24;0.62;246.90;14.37;740;106;4210.00;185
11351;104;628205151;11351;191;12088;12272;10.22;0.62;246.87;14.37;737;106;4211.00;184
11353;104;628205162;11353;199;12098;12284;10.26;0.62;246.86;14.36;745;106;4212.00;186
11355;104;628205175;11355;197;12101;12284;10.19;0.62;246.84;14.36;746;106;4213.00;183
11359;104;628205193;11359;203;12102;12284;10.14;0.62;246.92;14.38;743;106;4214.00;182
11362;104;628205206;11362;205;12102;12284;10.11;0.61;246.97;14.38;740;106;4215.00;182
11364;104;628205222;11364;206;12105;12284;10.05;0.61;246.95;14.41;741;106;4216.00;179
11367;104;628205235;11367;207;12105;12284;9.99;0.61;246.98;14.41;738;106;4217.00;179
11371;104;628205247;11371;214;12112;12288;9.93;0.60;246.99;14.43;741;106;4218.00;176
11373;104;628205260;11373;216;12113;12288;9.96;0.60;246.99;14.43;740;106;4219.00;175
11377;104;628205281;11377;222;12115;12292;9.94;0.60;247.03;14.43;738;106;4220.00;177
11381;104;628205295;11381;222;12118;12293;9.86;0.60;247.02;14.45;737;106;4221.00;175
11384;104;628205308;11384;226;12120;12293;9.82;0.60;246.98;14.47;736;106;4222.00;173
11387;104;628205320;11387;227;12121;12293;9.80;0.60;246.96;14.47;734;106;4223.00;172
11391;104;628205331;11391;239;12131;12306;9.73;0.59;246.93;14.48;740;106;4224.00;175
11393;104;628205345;11393;237;12132;12306;9.65;0.59;246.90;14.48;739;106;4225.00;174
11395;104;628205356;11395;238;12133;12306;9.58;0.58;246.89;14.50;738;106;4226.00;173
11396;104;628205368;11396;247;12136;12307;9.55;0.58;246.88;14.50;740;106;4227.00;171
11397;104;628205379;11397;252;12137;12308;9.49;0.58;246.88;14.50;740;106;4228.00;171
11399;104;628205391;11399;255;12140;12308;9.45;0.58;246.88;14.52;741;106;4229.00;168
11402;104;628205406;11402;253;12145;12314;9.44;0.58;246.88;14.52;743;106;4230.00;169
11405;104;628205419;11405;250;12146;12314;9.37;0.57;246.87;14.53;741;106;4231.00;168
11407;104;628205430;11407;249;12147;12314;9.31;0.57;246.85;14.55;740;106;4232.00;167
11409;104;628205443;11409;245;12147;12314;9.21;0.56;246.85;14.55;738;106;4233.00;167
11410;104;628205454;11410;242;12152;12320;9.18;0.56;246.85;14.55;742;106;4234.00;168
11413;104;628205474;11413;245;12152;12320;9.12;0.56;246.84;14.55;739;106;4235.00;168
11416;104;628205491;11416;246;12153;12320;9.06;0.56;246.87;14.56;737;106;4236.00;167
11420;104;628205506;11420;247;12153;12320;9.03;0.55;246.88;14.56;733;106;4237.00;167
11423;104;628205526;11423;245;12157;12324;8.95;0.55;246.92;14.57;734;106;4238.00;167
11426;104;628205542;11426;249;12159;12325;8.89;0.55;246.96;14.59;733;106;4239.00;166
11429;104;628205557;11429;251;12160;12325;8.81;0.54;246.97;14.59;731;106;4240.00;165
11431;104;628205572;11431;248;12162;12326;8.73;0.54;247.00;14.61;731;106;4241.00;164
11435;104;628205586;11435;250;12164;12326;8.57;0.53;247.04;14.64;729;106;4242.00;162
11439;104;628205601;11439;254;12165;12326;8.49;0.52;247.05;14.65;726;106;4243.00;161
11442;104;628205614;11442;249;12166;12326;8.46;0.52;247.08;14.65;724;106;4244.00;160
11447;104;628205627;11447;250;12167;12326;8.36;0.52;247.14;14.66;720;106;4245.00;159
11452;104;628205641;11452;255;12169;12326;8.27;0.51;247.15;14.67;717;106;4246.00;157
11457;104;628205653;11457;257;12170;12326;8.16;0.51;247.16;14.69;713;106;4247.00;156
11462;104;628205665;11462;265;12208;12396;7.97;0.50;247.23;14.66;746;106;4248.00;188
11469;104;628205684;11469;260;12209;12397;7.78;0.48;247.26;14.67;740;106;4249.00;188
11475;104;628205698;11475;247;12213;12397;7.71;0.48;247.25;14.67;738;106;4250.00;184
11482;104;628205713;11482;253;12220;12397;7.59;0.47;247.25;14.69;738;106;4251.00;177
11483;104;628205729;11483;250;12224;12397;7.60;0.47;247.26;14.68;741;106;4252.00;173
11486;104;628205742;11486;252;12228;12397;7.70;0.48;247.28;14.68;742;106;4253.00;169
11489;104;628205755;11489;246;12233;12397;7.73;0.48;247.32;14.69;744;106;4254.00;164
11490;104;628205767;11490;244;12236;12397;7.80;0.48;247.33;14.71;746;106;4255.00;161
11495;104;628205780;11495;252;12239;12398;7.79;0.48;247.33;14.70;744;106;4256.00;159
11497;104;628205792;11497;249;12243;12399;7.85;0.48;247.34;14.72;746;106;4257.00;156
11503;104;628205804;11503;250;12245;12399;7.93;0.49;247.35;14.71;742;106;4258.00;154
11505;104;628205819;11505;246;12249;12403;8.04;0.50;247.36;14.71;744;106;4259.00;154
11510;104;628205835;11510;240;12250;12403;8.11;0.50;247.38;14.71;740;106;4260.00;153
11515;104;628205847;11515;236;12252;12403;8.12;0.50;247.37;14.85;737;106;4261.00;151
11519;104;628205862;11519;238;12252;12403;8.17;0.50;247.39;14.85;733;106;4262.00;151
11523;104;628205875;11523;236;12256;12409;8.22;0.50;247.41;14.85;733;106;4263.00;153
11527;104;628205889;11527;241;12256;12409;8.24;0.50;247.41;14.85;729;106;4264.00;153
11534;104;628205901;11534;237;12257;12409;8.14;0.50;247.42;14.85;723;106;4265.00;152
11537;104;628205915;11537;232;12260;12412;8.15;0.50;247.42;14.85;723;106;4266.00;152
11541;104;628205927;11541;226;12260;12412;8.15;0.50;247.43;14.85;719;106;4267.00;152
11544;104;628205947;11544;227;12260;12412;8.19;0.50;247.47;14.85;716;106;4268.00;152
11548;104;628205959;11548;223;12261;12413;8.22;0.50;247.44;14.85;713;106;4269.00;152
11551;104;628205973;11551;224;12262;12414;8.25;0.51;247.45;14.85;711;106;4270.00;152
11555;104;628205985;11555;224;12263;12414;8.24;0.50;247.45;14.85;708;106;4271.00;151
11560;105;628206008;11560;233;12274;12427;8.24;0.50;247.46;14.84;714;107;4272.00;153
11565;105;628206031;11565;236;12277;12427;8.13;0.50;247.48;14.84;712;107;4273.00;150
11566;105;628206042;11566;235;12278;12427;8.09;0.49;247.49;14.84;712;107;4274.00;149
11573;105;628206056;11573;243;12281;12429;7.97;0.49;247.52;14.84;708;107;4275.00;148
11579;105;628206074;11579;244;12281;12429;7.96;0.48;247.49;14.84;702;107;4276.00;148
11584;105;628206086;11584;248;12284;12433;7.90;0.48;247.56;14.83;700;107;4277.00;149
11587;105;628206101;11587;249;12285;12433;7.82;0.48;247.56;14.83;698;107;4278.00;148
11591;105;628206117;11591;259;12289;12437;7.84;0.48;247.54;14.83;698;107;4279.00;148
11596;105;628206130;11596;256;12290;12437;7.83;0.48;247.60;14.83;694;107;4280.00;147
11600;106;628206143;11600;259;12290;12437;7.81;0.48;247.54;14.83;690;108;4281.00;147
11602;106;628206164;11602;263;12290;12437;7.89;0.48;247.52;14.83;688;108;4282.00;147
11606;106;628206178;11606;265;12290;12437;7.91;0.48;247.52;14.83;684;108;4283.00;147
11608;106;628206197;11608;267;12301;12449;8.04;0.49;247.52;14.82;693;108;4284.00;148
11610;106;628206211;11610;275;12301;12449;8.02;0.49;247.53;14.82;691;108;4285.00;148
11612;106;628206225;11612;281;12301;12449;7.99;0.49;247.50;14.82;689;108;4286.00;148
11615;106;628206237;11615;280;12301;12449;7.94;0.48;247.54;14.82;686;108;4287.00;148
11617;106;628206250;11617;287;12301;12449;7.94;0.48;247.53;14.82;684;108;4288.00;148
11618;106;628206261;11618;295;12301;12449;7.94;0.48;247.55;14.82;683;108;4289.00;148
11620;106;628206276;11620;300;12301;12450;7.88;0.48;247.55;14.82;681;108;4290.00;149
11623;106;628206288;11623;302;12301;12450;7.80;0.48;247.53;14.82;678;108;4291.00;149
11626;106;628206300;11626;306;12305;12456;7.68;0.47;247.51;14.81;679;108;4292.00;151
11629;106;628206312;11629;308;12307;12457;7.65;0.47;247.48;14.81;678;108;4293.00;150
11632;106;628206323;11632;309;12307;12457;7.49;0.46;247.45;14.81;675;108;4294.00;150
11637;106;628206335;11637;313;12307;12457;7.43;0.45;247.41;14.81;670;108;4295.00;150
11640;106;628206346;11640;317;12310;12461;7.40;0.45;247.39;14.81;670;108;4296.00;151
11640;106;628206359;11640;311;12310;12461;7.46;0.45;247.39;14.81;670;108;4297.00;151
11642;106;628206371;11642;310;12310;12461;7.49;0.46;247.38;14.81;668;108;4298.00;151
11642;106;628206381;11642;311;12311;12462;7.50;0.46;247.38;14.80;669;108;4299.00;151
11647;106;628206394;11647;311;12314;12466;7.47;0.46;247.32;14.80;667;108;4300.00;152
11650;106;628206414;11650;311;12314;12466;7.40;0.45;247.43;14.80;664;108;4301.00;152
11651;106;628206426;11651;310;12316;12469;7.34;0.45;247.41;14.80;665;108;4302.00;153
11652;106;628206439;11652;307;12316;12469;7.33;0.45;247.40;14.80;664;108;4303.00;153
11653;106;628206450;11653;307;12317;12469;7.30;0.44;247.46;14.80;664;108;4304.00;152
11657;106;628206462;11657;309;12317;12469;7.22;0.44;247.42;14.80;660;108;4305.00;152
11659;106;628206475;11659;299;12320;12473;7.38;0.45;247.41;14.79;661;108;4306.00;153
11661;106;628206488;11661;285;12320;12473;7.49;0.46;247.44;14.79;659;108;4307.00;153
11665;106;628206501;11665;274;12321;12473;7.61;0.46;247.42;14.79;656;108;4308.00;152
11667;106;628206519;11667;266;12321;12473;7.70;0.47;247.41;14.79;654;108;4309.00;152
11667;106;628206530;11667;260;12321;12474;7.86;0.48;247.41;14.79;654;108;4310.00;153
11670;106;628206541;11670;252;12322;12475;7.93;0.48;247.41;14.79;652;108;4311.00;153
11671;106;628206552;11671;250;12322;12475;8.02;0.49;247.41;14.79;651;108;4312.00;153
11671;106;628206564;11671;244;12323;12476;8.12;0.49;247.41;14.79;652;108;4313.00;153
11671;106;628206575;11671;238;12323;12476;8.23;0.50;247.41;14.79;652;108;4314.00;153
11671;106;628206585;11671;237;12323;12476;8.34;0.51;247.41;14.79;652;108;4315.00;153
11673;106;628206597;11673;235;12323;12476;8.45;0.51;247.44;14.79;650;108;4316.00;153
11673;106;628206607;11673;232;12323;12476;8.53;0.52;247.44;14.79;650;108;4317.00;153
11674;106;628206622;11674;229;12323;12476;8.57;0.52;247.43;14.79;649;108;4318.00;153
11674;106;628206634;11674;224;12323;12476;8.69;0.53;247.43;14.79;649;108;4319.00;153
11675;106;628206648;11675;264;12435;12706;8.72;0.54;247.43;14.66;760;108;4320.00;271
11676;106;628206679;11676;247;12438;12707;8.77;0.55;247.41;14.65;762;108;4321.00;269
11678;106;628206691;11678;223;12449;12707;8.84;0.55;247.39;14.79;771;108;4322.00;258
11680;106;628206705;11680;204;12456;12707;8.97;0.56;247.39;14.78;776;108;4323.00;251
11681;106;628206717;11681;188;12464;12707;9.02;0.56;247.40;14.77;783;108;4324.00;243
11681;106;628206729;11681;186;12468;12707;9.06;0.56;247.40;14.77;787;108;4325.00;239
11682;106;628206750;11682;181;12473;12707;9.14;0.57;247.40;14.77;791;108;4326.00;234
11682;106;628206762;11682;174;12477;12707;9.21;0.57;247.40;14.76;795;108;4327.00;230
11683;106;628206777;11683;175;12482;12708;9.27;0.57;247.40;14.76;799;108;4328.00;226
11684;106;628206789;11684;173;12488;12709;9.28;0.58;247.39;14.76;804;108;4329.00;221
11684;107;628206821;11684;173;12490;12709;9.34;0.58;247.39;14.76;806;109;4330.00;219
11687;107;628206845;11687;173;12493;12710;9.39;0.58;247.40;14.76;806;109;4331.00;217
11688;107;628206856;11688;173;12495;12710;9.42;0.58;247.40;14.76;807;109;4332.00;215
11688;107;628206872;11688;176;12497;12710;9.49;0.59;247.40;14.76;809;109;4333.00;213
11690;107;628206883;11690;178;12499;12710;9.55;0.59;247.46;14.76;809;109;4334.00;211
11691;108;628206894;11691;175;12504;12714;9.58;0.59;247.45;14.75;813;110;4335.00;210
11692;108;628206921;11692;175;12505;12714;9.67;0.60;247.44;14.75;813;110;4336.00;209
11694;108;628206933;11694;177;12506;12714;9.72;0.60;247.44;14.75;812;110;4337.00;208
11698;108;628206944;11698;185;12508;12717;9.74;0.60;247.40;14.75;810;110;4338.00;209
11698;108;628206955;11698;181;12511;12717;9.78;0.60;247.40;14.75;813;110;4339.00;206
11699;108;628206966;11699;186;12512;12717;9.88;0.60;247.39;14.76;813;110;4340.00;205
11702;108;628206977;11702;180;12515;12721;9.90;0.61;247.36;14.75;813;110;4341.00;206
11704;108;628206989;11704;194;12516;12722;9.94;0.61;247.34;14.75;812;110;4342.00;206
11707;108;628207003;11707;190;12517;12722;10.03;0.61;247.31;14.75;810;110;4343.00;205
11709;108;628207017;11709;187;12519;12726;10.16;0.62;247.32;14.75;810;110;4344.00;207
11713;108;628207029;11713;189;12522;12726;10.21;0.62;247.32;14.89;809;110;4345.00;204
11715;108;628207040;11715;191;12523;12726;10.32;0.63;247.32;14.89;808;110;4346.00;203
11717;108;628207052;11717;190;12525;12727;10.40;0.63;247.36;14.89;808;110;4347.00;202
11719;108;628207064;11719;190;12525;12727;10.47;0.64;247.39;14.89;806;110;4348.00;202
11720;108;628207094;11720;189;12527;12733;10.60;0.65;247.38;14.89;807;110;4349.00;206
11723;108;628207108;11723;188;12528;12733;10.60;0.65;247.40;14.89;805;110;4350.00;205
11725;108;628207119;11725;185;12529;12734;10.64;0.65;247.39;14.89;804;110;4351.00;205
11730;108;628207130;11730;180;12530;12734;10.61;0.65;247.38;14.89;800;110;4352.00;204
11732;108;628207141;11732;174;12531;12734;10.61;0.64;247.40;14.89;799;110;4353.00;203
11734;108;628207152;11734;164;12534;12734;10.66;0.65;247.40;14.91;800;110;4354.00;200
11739;108;628207170;11739;160;12535;12734;10.64;0.65;247.44;14.91;796;110;4355.00;199
11742;108;628207181;11742;159;12545;12746;10.68;0.65;247.45;14.92;803;110;4356.00;201
11745;108;628207193;11745;150;12546;12746;10.81;0.66;247.53;14.92;801;110;4357.00;200
11749;108;628207204;11749;149;12547;12746;10.87;0.66;247.59;14.92;798;110;4358.00;199
11754;108;628207215;11754;147;12547;12746;10.88;0.66;247.58;14.92;793;110;4359.00;199
11757;108;628207227;11757;143;12547;12746;10.90;0.66;247.60;14.92;790;110;4360.00;199
11764;108;628207238;11764;148;12548;12746;10.92;0.66;247.61;15.06;784;110;4361.00;198
11765;108;628207249;11765;149;12551;12750;10.98;0.67;247.63;15.06;786;110;4362.00;199
11767;108;628207261;11767;151;12551;12750;11.03;0.67;247.61;15.06;784;110;4363.00;199
11773;108;628207271;11773;154;12554;12754;11.05;0.67;247.58;15.20;781;110;4364.00;200
11773;108;628207283;11773;148;12556;12756;11.14;0.68;247.58;15.19;783;110;4365.00;200
11779;108;628207295;11779;152;12559;12756;11.17;0.68;247.58;15.33;780;110;4366.00;197
11782;108;628207312;11782;150;12559;12756;11.13;0.67;247.59;15.33;777;110;4367.00;197
11783;108;628207324;11783;159;12567;12769;11.06;0.67;247.59;15.33;784;110;4368.00;202
11787;108;628207343;11787;156;12570;12769;10.97;0.66;247.64;15.33;783;110;4369.00;199
11788;108;628207354;11788;154;12572;12769;10.90;0.66;247.64;15.47;784;110;4370.00;197
11789;108;628207366;11789;163;12573;12770;10.89;0.66;247.64;15.47;784;110;4371.00;197
11794;108;628207377;11794;166;12574;12771;10.87;0.66;247.64;15.47;780;110;4372.00;197
11794;108;628207389;11794;170;12574;12771;10.86;0.66;247.64;15.47;780;110;4373.00;197
11797;108;628207399;11797;170;12577;12774;10.87;0.66;247.65;15.47;780;110;4374.00;197
11798;108;628207411;11798;178;12578;12774;10.94;0.66;247.65;15.47;780;110;4375.00;196
11802;108;628207423;11802;182;12579;12774;10.92;0.66;247.65;15.47;777;110;4376.00;195
11804;108;628207434;11804;186;12580;12774;10.82;0.65;247.64;15.48;776;110;4377.00;194
11806;108;628207452;11806;189;12585;12780;10.81;0.65;247.62;15.48;779;110;4378.00;195
11810;108;628207470;11810;194;12586;12780;10.70;0.65;247.66;15.50;776;110;4379.00;194
11812;108;628207491;11812;196;12589;12780;10.64;0.65;247.65;15.51;777;110;4380.00;191
11813;108;628207510;11813;199;12589;12780;10.62;0.64;247.66;15.51;776;110;4381.00;191
11817;108;628207528;11817;212;12594;12784;10.46;0.64;247.65;15.53;777;110;4382.00;190
11819;108;628207545;11819;217;12597;12785;10.34;0.63;247.65;15.53;778;110;4383.00;188
11822;108;628207565;11822;220;12598;12785;10.29;0.63;247.71;15.54;776;110;4384.00;187
11824;108;628207583;11824;224;12600;12786;10.24;0.62;247.69;15.56;776;110;4385.00;186
11825;108;628207599;11825;227;12602;12786;10.16;0.62;247.68;15.56;777;110;4386.00;184
11830;108;628207614;11830;236;12605;12786;10.02;0.61;247.68;15.59;775;110;4387.00;181
11833;108;628207629;11833;234;12605;12786;9.95;0.61;247.67;15.59;772;110;4388.00;181
11836;108;628207643;11836;236;12607;12786;9.83;0.60;247.67;15.61;771;110;4389.00;179
11837;108;628207657;11837;237;12609;12786;9.72;0.59;247.68;15.64;772;110;4390.00;177
11838;108;628207670;11838;242;12610;12786;9.66;0.59;247.66;15.64;772;110;4391.00;176
11842;108;628207682;11842;251;12646;12856;9.65;0.59;247.69;15.61;804;110;4392.00;210
11844;108;628207700;11844;256;12650;12857;9.57;0.59;247.69;15.62;806;110;4393.00;207
11848;108;628207712;11848;263;12658;12857;9.51;0.58;247.68;15.62;810;110;4394.00;199
11850;108;628207725;11850;267;12663;12857;9.52;0.58;247.67;15.63;813;110;4395.00;194
11853;108;628207736;11853;272;12669;12857;9.45;0.58;247.67;15.63;816;110;4396.00;188
11854;108;628207754;11854;271;12674;12857;9.30;0.57;247.66;15.65;820;110;4397.00;183
11856;108;628207766;11856;273;12677;12857;9.20;0.56;247.65;15.65;821;110;4398.00;180
11858;108;628207777;11858;269;12680;12857;9.12;0.56;247.69;15.66;822;110;4399.00;177
11862;108;628207790;11862;269;12683;12858;9.09;0.56;247.66;15.66;821;110;4400.00;175
11866;108;628207806;11866;269;12688;12859;9.02;0.55;247.64;15.68;822;110;4401.00;171
11867;108;628207819;11867;276;12688;12859;8.92;0.55;247.64;15.68;821;110;4402.00;171
11871;108;628207830;11871;277;12692;12863;8.74;0.54;247.61;15.70;821;110;4403.00;171
11875;108;628207842;11875;279;12692;12863;8.62;0.53;247.59;15.70;817;110;4404.00;171
11876;108;628207854;11876;278;12692;12863;8.57;0.53;247.58;15.70;816;110;4405.00;171
11881;108;628207866;11881;280;12694;12863;8.51;0.52;247.58;15.72;813;110;4406.00;169
11884;108;628207878;11884;286;12700;12869;8.56;0.53;247.57;15.71;816;110;4407.00;169
11888;108;628207890;11888;281;12700;12869;8.54;0.52;247.56;15.71;812;110;4408.00;169
11889;108;628207901;11889;283;12702;12869;8.56;0.52;247.58;15.73;813;110;4409.00;167
11891;108;628207915;11891;285;12705;12875;8.57;0.52;247.59;15.72;814;110;4410.00;170
11898;108;628207935;11898;288;12708;12875;8.48;0.52;247.63;15.74;810;110;4411.00;167
11901;108;628207947;11901;286;12708;12875;8.40;0.51;247.65;15.74;807;110;4412.00;167
11906;108;628207958;11906;287;12712;12876;8.19;0.50;247.72;15.80;806;110;4413.00;164
11911;108;628207971;11911;288;12714;12877;8.06;0.49;247.71;15.79;803;110;4414.00;163
11916;108;628207983;11916;288;12714;12877;7.90;0.48;247.71;15.79;798;110;4415.00;163
11921;108;628207995;11921;295;12727;12890;7.74;0.47;247.77;15.79;806;110;4416.00;163
11925;108;628208009;11925;293;12727;12890;7.61;0.47;247.75;15.79;802;110;4417.00;163
11928;108;628208020;11928;286;12727;12890;7.52;0.46;247.75;15.79;799;110;4418.00;163
11930;108;628208030;11930;292;12729;12891;7.39;0.46;247.77;15.81;799;110;4419.00;162
11937;108;628208041;11937;285;12729;12891;7.24;0.45;247.78;15.81;792;110;4420.00;162
11938;108;628208051;11938;283;12732;12895;7.24;0.45;247.79;15.80;794;110;4421.00;163
11947;108;628208062;11947;279;12738;12895;7.15;0.44;247.78;15.87;791;110;4422.00;157
11950;108;628208073;11950;275;12740;12899;7.17;0.44;247.82;15.86;790;110;4423.00;159
11952;108;628208083;11952;275;12741;12899;7.22;0.45;247.81;15.87;789;110;4424.00;158
11957;108;628208094;11957;271;12743;12899;7.22;0.45;247.84;15.87;786;110;4425.00;156
11962;108;628208111;11962;269;12744;12899;7.27;0.45;247.86;15.88;782;110;4426.00;155
11963;108;628208122;11963;264;12745;12899;7.37;0.45;247.87;15.88;782;110;4427.00;154
11968;108;628208132;11968;258;12756;12911;7.46;0.46;247.92;15.87;788;110;4428.00;155
11970;108;628208144;11970;249;12756;12911;7.50;0.46;247.93;15.87;786;110;4429.00;155
11975;108;628208154;11975;241;12757;12911;7.56;0.46;247.96;15.87;782;110;4430.00;154
11979;108;628208165;11979;232;12757;12911;7.63;0.47;247.96;15.87;778;110;4431.00;154
11982;108;628208175;11982;224;12757;12911;7.71;0.47;247.96;15.87;775;110;4432.00;154
11986;108;628208186;11986;225;12757;12911;7.79;0.48;247.95;15.87;771;110;4433.00;154
11992;108;628208196;11992;223;12757;12912;7.83;0.48;247.93;15.87;765;110;4434.00;155
11996;108;628208207;11996;224;12757;12912;7.89;0.48;247.92;15.87;761;110;4435.00;155
11999;108;628208219;11999;230;12762;12918;7.97;0.49;247.91;15.86;763;110;4436.00;156
12008;108;628208230;12008;234;12763;12919;7.93;0.48;247.98;15.86;755;110;4437.00;156
12010;108;628208241;12010;242;12763;12919;7.96;0.48;247.96;15.86;753;110;4438.00;156
12012;108;628208253;12012;244;12763;12919;7.98;0.48;247.96;15.86;751;110;4439.00;156
12016;108;628208264;12016;246;12767;12924;8.00;0.49;247.99;15.86;751;110;4440.00;157
12016;108;628208276;12016;248;12767;12924;8.01;0.49;247.99;15.86;751;110;4441.00;157
12018;109;628208287;12018;247;12767;12924;7.98;0.49;247.98;15.86;749;111;4442.00;157
12018;109;628208316;12018;242;12768;12925;8.02;0.49;247.98;15.85;750;111;4443.00;157
12021;109;628208327;12021;239;12771;12929;8.13;0.50;248.00;15.85;750;111;4444.00;158
12026;109;628208338;12026;241;12771;12929;8.14;0.50;247.97;15.85;745;111;4445.00;158
12028;109;628208349;12028;246;12773;12932;8.19;0.50;247.94;15.85;745;111;4446.00;159
12030;109;628208360;12030;247;12773;12932;8.20;0.50;247.94;15.85;743;111;4447.00;159
12033;109;628208370;12033;252;12774;12932;8.23;0.50;247.97;15.85;741;111;4448.00;158
12036;109;628208382;12036;260;12774;12932;8.22;0.50;247.98;15.85;738;111;4449.00;158
12042;109;628208393;12042;263;12777;12936;8.25;0.50;247.97;15.84;735;111;4450.00;159
12049;109;628208404;12049;260;12777;12936;8.20;0.50;247.95;15.84;728;111;4451.00;159
12051;109;628208416;12051;261;12778;12936;8.22;0.50;247.96;15.84;727;111;4452.00;158
12055;109;628208426;12055;257;12778;12936;8.23;0.50;247.96;15.84;723;111;4453.00;158
12061;109;628208436;12061;263;12778;12937;8.25;0.50;247.96;15.84;717;111;4454.00;159
12065;109;628208449;12065;269;12780;12939;8.16;0.50;247.95;15.84;715;111;4455.00;159
12068;109;628208460;12068;277;12780;12939;8.03;0.49;247.95;15.84;712;111;4456.00;159
12074;109;628208471;12074;279;12781;12940;7.87;0.48;247.91;15.84;707;111;4457.00;159
12077;109;628208481;12077;284;12781;12940;7.78;0.47;247.91;15.84;704;111;4458.00;159
12082;109;628208491;12082;287;12781;12940;7.66;0.46;247.90;15.84;699;111;4459.00;159
12086;109;628208500;12086;297;12781;12940;7.57;0.46;247.90;15.84;695;111;4460.00;159
12088;109;628208511;12088;302;12781;12940;7.46;0.45;247.89;15.84;693;111;4461.00;159
12092;109;628208520;12092;308;12781;12940;7.34;0.45;247.89;15.84;689;111;4462.00;159
12097;109;628208529;12097;313;12781;12940;7.24;0.44;247.88;15.84;684;111;4463.00;159
12100;109;628208538;12100;333;12849;13067;7.70;0.48;247.93;15.76;749;111;4464.00;218
12102;109;628208557;12102;334;12851;13068;7.62;0.47;247.92;15.75;749;111;4465.00;217
12104;109;628208568;12104;339;12862;13068;7.66;0.47;247.90;15.74;758;111;4466.00;206
12106;109;628208577;12106;328;12864;13068;7.63;0.47;247.91;15.74;758;111;4467.00;204
12108;109;628208586;12108;322;12868;13068;7.62;0.47;247.91;15.74;760;111;4468.00;200
12108;109;628208596;12108;320;12871;13068;7.65;0.47;247.91;15.73;763;111;4469.00;197
12109;109;628208607;12109;321;12876;13068;7.73;0.48;247.91;15.73;767;111;4470.00;192
12110;109;628208617;12110;324;12878;13068;7.70;0.47;247.89;15.73;768;111;4471.00;190
12110;109;628208627;12110;321;12883;13069;7.73;0.48;247.89;15.87;773;111;4472.00;186
12110;109;628208639;12110;325;12885;13070;7.67;0.47;247.89;15.87;775;111;4473.00;185
12111;109;628208649;12111;325;12889;13070;7.66;0.47;247.91;15.86;778;111;4474.00;181
12112;109;628208663;12112;316;12891;13071;7.62;0.47;247.91;15.86;779;111;4475.00;180
12114;109;628208676;12114;295;12895;13071;7.71;0.48;247.92;15.86;781;111;4476.00;176
12114;109;628208689;12114;277;12897;13071;7.79;0.48;247.92;15.86;783;111;4477.00;174
12115;110;628208713;12115;262;12899;13071;7.88;0.49;247.92;15.86;784;112;4478.00;172
12118;110;628208739;12118;252;12902;13075;7.99;0.49;247.93;15.86;784;112;4479.00;173
12120;111;628208756;12120;242;12904;13075;8.21;0.50;247.94;15.86;784;113;4480.00;171
12121;111;628208780;12121;222;12904;13075;8.41;0.52;247.92;15.86;783;113;4481.00;171
12121;111;628208792;12121;213;12907;13078;8.66;0.53;247.92;15.85;786;113;4482.00;171
12121;111;628208811;12121;208;12907;13078;8.86;0.54;247.92;15.85;786;113;4483.00;171
12122;111;628208827;12122;204;12908;13078;9.04;0.55;247.91;15.85;786;113;4484.00;170
12124;111;628208844;12124;193;12911;13082;9.19;0.56;247.91;15.85;787;113;4485.00;171
12126;111;628208857;12126;188;12913;13083;9.38;0.57;247.90;15.85;787;113;4486.00;170
12130;111;628208869;12130;183;12913;13083;9.51;0.58;247.86;15.85;783;113;4487.00;170
12131;111;628208882;12131;174;12916;13087;9.74;0.60;247.90;15.84;785;113;4488.00;171
12133;111;628208894;12133;167;12916;13087;9.92;0.61;247.89;15.84;783;113;4489.00;171
12133;111;628208906;12133;161;12916;13087;10.05;0.61;247.89;15.84;783;113;4490.00;171
12136;111;628208918;12136;154;12917;13088;10.15;0.62;247.86;15.84;781;113;4491.00;171
12136;111;628208931;12136;147;12917;13088;10.22;0.62;247.86;15.84;781;113;4492.00;171
12139;111;628208943;12139;149;12921;13094;10.36;0.63;247.84;15.84;782;113;4493.00;173
12141;111;628208955;12141;147;12921;13094;10.51;0.64;247.89;15.84;780;113;4494.00;173
12145;111;628208968;12145;145;12922;13095;10.62;0.64;247.86;15.84;777;113;4495.00;173
12148;111;628208980;12148;139;12922;13095;10.72;0.65;247.83;15.84;774;113;4496.00;173
12149;111;628208999;12149;140;12922;13095;10.83;0.66;247.84;15.84;773;113;4497.00;173
12150;111;628209011;12150;135;12922;13095;10.97;0.67;247.85;15.84;772;113;4498.00;173
12155;111;628209024;12155;136;12922;13095;11.08;0.67;247.86;15.84;767;113;4499.00;173
12157;111;628209038;12157;133;12945;13145;11.11;0.68;247.83;15.81;788;113;4500.00;200
12162;111;628209066;12162;131;12946;13147;11.19;0.68;247.86;15.81;784;113;4501.00;201
12165;111;628209080;12165;128;12949;13147;11.22;0.68;247.86;15.80;784;113;4502.00;198
12167;111;628209092;12167;125;12949;13147;11.19;0.68;247.88;15.80;782;113;4503.00;198
12169;111;628209104;12169;124;12950;13147;11.25;0.68;247.89;15.80;781;113;4504.00;197
12170;111;628209116;12170;125;12950;13147;11.25;0.68;247.90;15.80;780;113;4505.00;197
12173;111;628209128;12173;126;12956;13151;11.24;0.68;247.92;15.94;783;113;4506.00;195
12177;111;628209141;12177;134;12958;13151;11.26;0.69;247.92;15.94;781;113;4507.00;193
12181;111;628209154;12181;136;12961;13155;11.32;0.69;247.95;15.94;780;113;4508.00;194
12185;111;628209167;12185;134;12963;13156;11.39;0.69;247.95;15.93;778;113;4509.00;193
12188;111;628209180;12188;133;12963;13156;11.45;0.70;247.92;15.93;775;113;4510.00;193
12191;111;628209191;12191;125;12963;13156;11.51;0.70;247.94;15.93;772;113;4511.00;193
12194;111;628209203;12194;123;12970;13169;11.53;0.70;247.97;15.93;776;113;4512.00;199
12198;111;628209215;12198;124;12971;13169;11.51;0.70;247.96;15.92;773;113;4513.00;198
12203;111;628209227;12203;123;12971;13169;11.52;0.70;247.96;15.92;768;113;4514.00;198
12205;111;628209239;12205;127;12973;13170;11.48;0.70;247.98;15.92;768;113;4515.00;197
12208;111;628209251;12208;131;12973;13171;11.53;0.70;247.96;15.92;765;113;4516.00;198
12212;111;628209263;12212;133;12973;13171;11.55;0.70;247.99;15.92;761;113;4517.00;198
12214;111;628209275;12214;132;12976;13174;11.59;0.71;247.99;15.92;762;113;4518.00;198
12219;111;628209287;12219;131;12976;13174;11.62;0.71;248.05;15.92;757;113;4519.00;198
12221;111;628209299;12221;135;12977;13174;11.69;0.71;248.05;15.92;756;113;4520.00;197
12222;111;628209310;12222;133;12977;13174;11.79;0.72;248.07;15.92;755;113;4521.00;197
12227;111;628209321;12227;128;12980;13180;11.76;0.72;248.08;15.92;753;113;4522.00;200
12232;111;628209334;12232;127;12981;13180;11.69;0.71;248.10;15.92;749;113;4523.00;199
12234;111;628209345;12234;123;12981;13180;11.66;0.71;248.10;15.92;747;113;4524.00;199
12237;111;628209356;12237;123;12984;13180;11.66;0.71;248.14;16.09;747;113;4525.00;196
12244;111;628209369;12244;118;12988;13184;11.58;0.71;248.15;16.09;744;113;4526.00;196
12248;111;628209381;12248;112;12989;13185;11.63;0.71;248.14;16.09;741;113;4527.00;196
12251;111;628209393;12251;109;12989;13185;11.69;0.71;248.13;16.09;738;113;4528.00;196
12255;111;628209405;12255;110;12991;13186;11.76;0.72;248.15;16.09;736;113;4529.00;195
12258;111;628209418;12258;111;12992;13186;11.87;0.72;248.15;16.11;734;113;4530.00;194
12261;111;628209429;12261;109;12993;13186;11.84;0.72;248.14;16.11;732;113;4531.00;193
12265;111;628209447;12265;108;12993;13186;11.79;0.72;248.13;16.11;728;113;4532.00;193
12270;111;628209458;12270;108;12993;13186;11.79;0.72;248.14;16.11;723;113;4533.00;193
12273;111;628209478;12273;112;12994;13186;11.77;0.72;248.14;16.11;721;113;4534.00;192
12274;111;628209498;12274;113;12995;13186;11.80;0.72;248.17;16.11;721;113;4535.00;191
12277;111;628209516;12277;127;13031;13256;11.59;0.71;248.17;16.07;754;113;4536.00;225
12281;111;628209551;12281;124;13034;13257;11.63;0.71;248.16;16.07;753;113;4537.00;223
12285;111;628209572;12285;121;13037;13257;11.64;0.71;248.13;16.07;752;113;4538.00;220
12287;111;628209588;12287;130;13041;13257;11.70;0.71;248.11;16.07;754;113;4539.00;216
12290;111;628209602;12290;131;13046;13257;11.64;0.71;248.09;16.07;756;113;4540.00;211
12297;111;628209613;12297;130;13049;13257;11.60;0.71;248.08;16.07;752;113;4541.00;208
12299;111;628209626;12299;134;13053;13257;11.55;0.70;248.11;16.07;754;113;4542.00;204
12302;111;628209639;12302;136;13056;13257;11.56;0.70;248.09;16.06;754;113;4543.00;201
12306;111;628209651;12306;136;13058;13258;11.53;0.70;248.09;16.06;752;113;4544.00;200
12306;111;628209664;12306;139;13061;13260;11.49;0.70;248.09;16.06;755;113;4545.00;199
12307;111;628209686;12307;140;13063;13260;11.43;0.70;248.08;16.06;756;113;4546.00;197
12309;111;628209698;12309;142;13069;13264;11.34;0.69;248.06;16.06;760;113;4547.00;195
12312;111;628209711;12312;145;13073;13264;11.21;0.68;248.07;16.06;761;113;4548.00;191
12317;111;628209723;12317;153;13074;13264;11.18;0.68;248.05;16.06;757;113;4549.00;190
12320;111;628209734;12320;163;13077;13264;11.06;0.67;248.07;16.09;757;113;4550.00;187
12322;111;628209747;12322;172;13081;13270;10.97;0.67;248.06;16.09;759;113;4551.00;189
12327;111;628209759;12327;177;13082;13270;10.84;0.66;248.07;16.09;755;113;4552.00;188
12330;111;628209771;12330;189;13086;13270;10.76;0.65;248.08;16.12;756;113;4553.00;184
12333;111;628209783;12333;195;13089;13273;10.69;0.65;248.06;16.12;756;113;4554.00;184
12338;111;628209795;12338;203;13090;13273;10.60;0.64;248.09;16.12;752;113;4555.00;183
12340;112;628209807;12340;205;13092;13273;10.55;0.64;248.08;16.15;752;114;4556.00;181
12342;112;628209832;12342;214;13092;13274;10.47;0.64;248.07;16.15;750;114;4557.00;182
12347;112;628209844;12347;217;13094;13275;10.45;0.63;248.06;16.15;747;114;4558.00;181
12350;112;628209856;12350;229;13095;13275;10.33;0.63;248.09;16.17;745;114;4559.00;180
12350;112;628209869;12350;237;13112;13301;10.23;0.62;248.09;16.15;762;114;4560.00;189
12351;112;628209882;12351;236;13113;13301;10.18;0.62;248.08;16.15;762;114;4561.00;188
12354;112;628209894;12354;236;13117;13301;10.08;0.61;248.14;16.17;763;114;4562.00;184
12357;112;628209905;12357;236;13118;13302;9.96;0.61;248.13;16.17;761;114;4563.00;184
12358;112;628209915;12358;244;13120;13302;9.91;0.60;248.13;16.19;762;114;4564.00;182
12360;112;628209925;12360;257;13125;13306;9.78;0.60;248.12;16.20;765;114;4565.00;181
12363;112;628209937;12363;260;13127;13306;9.56;0.58;248.10;16.22;764;114;4566.00;179
12365;112;628209947;12365;267;13131;13310;9.33;0.57;248.10;16.23;766;114;4567.00;179
12367;112;628209957;12367;275;13131;13310;9.09;0.56;248.10;16.23;764;114;4568.00;179
12367;112;628209967;12367;274;13133;13310;8.96;0.55;248.10;16.26;766;114;4569.00;177
12369;112;628209978;12369;266;13133;13310;8.87;0.54;248.08;16.26;764;114;4570.00;177
12373;112;628209987;12373;270;13133;13310;8.76;0.54;248.07;16.26;760;114;4571.00;177
12376;112;628209997;12376;266;13144;13322;8.71;0.54;248.05;16.28;768;114;4572.00;178
12378;112;628210009;12378;265;13145;13322;8.67;0.53;248.04;16.30;767;114;4573.00;177
12381;112;628210019;12381;268;13148;13322;8.63;0.53;248.05;16.31;767;114;4574.00;174
12385;112;628210029;12385;269;13150;13322;8.57;0.53;248.06;16.34;765;114;4575.00;172
12387;112;628210040;12387;272;13151;13322;8.57;0.53;248.07;16.34;764;114;4576.00;171
12390;112;628210050;12390;269;13151;13322;8.55;0.53;248.07;16.34;761;114;4577.00;171
12393;112;628210060;12393;272;13153;13323;8.49;0.52;248.04;16.36;760;114;4578.00;170
12396;112;628210070;12396;278;13153;13323;8.42;0.52;248.03;16.36;757;114;4579.00;170
12397;112;628210080;12397;277;13157;13329;8.44;0.52;248.03;16.36;760;114;4580.00;172
12401;112;628210091;12401;284;13160;13330;8.33;0.51;248.02;16.38;759;114;4581.00;170
12405;112;628210101;12405;288;13162;13330;8.18;0.50;248.00;16.39;757;114;4582.00;168
12406;112;628210110;12406;293;13163;13330;8.02;0.49;248.02;16.41;757;114;4583.00;167
12412;112;628210119;12412;302;13166;13334;7.95;0.49;248.05;16.40;754;114;4584.00;168
12417;112;628210129;12417;306;13166;13334;7.84;0.48;248.07;16.40;749;114;4585.00;168
12422;112;628210139;12422;308;13168;13334;7.64;0.47;248.08;16.42;746;114;4586.00;166
12425;112;628210148;12425;311;13169;13335;7.51;0.46;248.07;16.42;744;114;4587.00;166
12429;112;628210157;12429;316;13172;13339;7.33;0.45;248.08;16.42;743;114;4588.00;167
12430;112;628210166;12430;317;13174;13339;7.14;0.44;248.07;16.44;744;114;4589.00;165
12436;112;628210176;12436;308;13177;13345;6.98;0.43;248.08;16.44;741;114;4590.00;168
12437;112;628210187;12437;304;13177;13345;6.90;0.42;248.09;16.44;740;114;4591.00;168
12440;112;628210195;12440;309;13180;13345;6.81;0.42;248.08;16.45;740;114;4592.00;165
12443;112;628210203;12443;306;13180;13345;6.80;0.42;248.07;16.45;737;114;4593.00;165
12444;112;628210212;12444;304;13183;13349;6.85;0.42;248.06;16.45;739;114;4594.00;166
12446;112;628210221;12446;300;13185;13349;6.85;0.42;248.09;16.47;739;114;4595.00;164
12449;112;628210230;12449;303;13186;13349;6.89;0.42;248.08;16.47;737;114;4596.00;163
12452;112;628210239;12452;296;13187;13349;6.93;0.42;248.05;16.47;735;114;4597.00;162
12455;112;628210249;12455;294;13189;13350;6.98;0.43;248.04;16.48;734;114;4598.00;161
12458;112;628210259;12458;292;13191;13351;7.05;0.43;248.07;16.48;733;114;4599.00;160
12461;112;628210268;12461;293;13191;13351;7.06;0.43;248.08;16.48;730;114;4600.00;160
12466;112;628210281;12466;294;13194;13352;7.04;0.43;248.07;16.50;728;114;4601.00;158
12470;112;628210291;12470;290;13194;13352;7.04;0.43;248.06;16.50;724;114;4602.00;158
12475;112;628210300;12475;286;13196;13352;6.98;0.43;248.00;16.51;721;114;4603.00;156
12479;112;628210310;12479;299;13196;13352;6.93;0.42;248.01;16.51;717;114;4604.00;156
12483;112;628210319;12483;298;13196;13352;6.92;0.42;248.03;16.51;713;114;4605.00;156
12484;112;628210328;12484;295;13196;13352;6.94;0.42;248.08;16.51;712;114;4606.00;156
12486;112;628210337;12486;295;13196;13352;6.90;0.42;248.08;16.51;710;114;4607.00;156
12487;112;628210345;12487;303;13260;13479;7.32;0.45;248.08;16.43;773;114;4608.00;219
12491;112;628210364;12491;301;13264;13480;7.21;0.45;248.08;16.43;773;114;4609.00;216
12495;112;628210374;12495;297;13273;13480;7.27;0.45;248.06;16.42;778;114;4610.00;207
12496;112;628210383;12496;294;13276;13480;7.25;0.45;248.05;16.42;780;114;4611.00;204
12500;113;628210392;12500;291;13281;13480;7.23;0.45;248.05;16.41;781;115;4612.00;199
12503;113;628210420;12503;290;13287;13480;7.21;0.45;248.04;16.41;784;115;4613.00;193
12506;113;628210436;12506;299;13293;13480;7.18;0.44;248.02;16.40;787;115;4614.00;187
12509;113;628210446;12509;299;13297;13480;7.14;0.44;248.00;16.40;788;115;4615.00;183
12512;113;628210458;12512;300;13302;13481;7.09;0.44;248.03;16.54;790;115;4616.00;179
12517;113;628210484;12517;296;13304;13482;7.02;0.43;248.02;16.54;787;115;4617.00;178
12518;113;628210495;12518;300;13307;13482;7.06;0.44;248.06;16.54;789;115;4618.00;175
12523;113;628210506;12523;304;13308;13483;7.02;0.43;248.08;16.54;785;115;4619.00;175
12526;113;628210518;12526;311;13310;13483;7.04;0.43;248.09;16.54;784;115;4620.00;173
12530;113;628210529;12530;309;13311;13483;7.04;0.43;248.06;16.54;781;115;4621.00;172
12535;113;628210540;12535;313;13313;13483;7.05;0.43;248.05;16.54;778;115;4622.00;170
12536;113;628210551;12536;318;13315;13487;7.04;0.43;248.05;16.53;779;115;4623.00;172
12539;113;628210562;12539;318;13317;13487;7.04;0.43;248.06;16.53;778;115;4624.00;170
12540;113;628210574;12540;321;13318;13487;7.00;0.43;248.06;16.53;778;115;4625.00;169
12542;113;628210584;12542;322;13321;13490;7.08;0.44;248.06;16.53;779;115;4626.00;169
12545;113;628210596;12545;310;13322;13490;7.18;0.44;248.06;16.53;777;115;4627.00;168
12548;113;628210608;12548;298;13323;13490;7.25;0.45;248.06;16.53;775;115;4628.00;167
12550;113;628210619;12550;290;13326;13494;7.37;0.45;248.03;16.52;776;115;4629.00;168
12554;113;628210631;12554;284;13328;13495;7.40;0.46;248.05;16.52;774;115;4630.00;167
12556;113;628210644;12556;281;13328;13495;7.44;0.46;248.05;16.52;772;115;4631.00;167
12559;113;628210656;12559;279;13331;13499;7.54;0.46;248.04;16.52;772;115;4632.00;168
12561;113;628210668;12561;279;13331;13499;7.62;0.47;248.03;16.52;770;115;4633.00;168
12563;113;628210679;12563;279;13331;13499;7.71;0.47;248.03;16.52;768;115;4634.00;168
12568;113;628210691;12568;275;13333;13501;7.81;0.48;247.99;16.52;765;115;4635.00;168
12569;113;628210703;12569;275;13333;13501;7.94;0.49;248.01;16.52;764;115;4636.00;168
12573;113;628210713;12573;263;13337;13507;8.02;0.49;248.03;16.51;764;115;4637.00;170
12576;113;628210725;12576;257;13337;13507;8.11;0.50;248.05;16.51;761;115;4638.00;170
12579;113;628210737;12579;251;13338;13508;8.27;0.50;248.04;16.51;759;115;4639.00;170
12580;113;628210748;12580;246;13338;13508;8.42;0.51;248.02;16.51;758;115;4640.00;170
12583;113;628210759;12583;244;13338;13508;8.57;0.52;248.02;16.51;755;115;4641.00;170
12587;113;628210771;12587;235;13338;13508;8.69;0.53;248.00;16.51;751;115;4642.00;170
12589;113;628210782;12589;236;13338;13508;8.86;0.54;248.00;16.51;749;115;4643.00;170
12593;113;628210794;12593;234;13348;13520;9.12;0.55;248.03;16.50;755;115;4644.00;172
12593;113;628210806;12593;239;13349;13520;9.31;0.57;248.03;16.50;756;115;4645.00;171
12595;113;628210817;12595;216;13349;13520;9.47;0.58;248.04;16.50;754;115;4646.00;171
12598;113;628210829;12598;195;13349;13520;9.62;0.58;248.03;16.50;751;115;4647.00;171
12601;113;628210841;12601;178;13349;13520;9.73;0.59;248.03;16.50;748;115;4648.00;171
12603;113;628210853;12603;161;13349;13520;9.93;0.60;248.03;16.50;746;115;4649.00;171
12604;113;628210867;12604;160;13354;13526;10.15;0.62;248.03;16.49;750;115;4650.00;172
12607;113;628210880;12607;153;13354;13526;10.36;0.63;248.08;16.49;747;115;4651.00;172
12610;113;628210893;12610;146;13357;13530;10.51;0.64;248.10;16.49;747;115;4652.00;173
12611;113;628210905;12611;143;13359;13531;10.60;0.64;248.10;16.49;748;115;4653.00;172
12614;113;628210922;12614;140;13359;13531;10.76;0.65;248.10;16.49;745;115;4654.00;172
12617;113;628210936;12617;142;13359;13531;10.89;0.66;248.13;16.49;742;115;4655.00;172
12621;113;628210948;12621;143;13370;13544;10.96;0.66;248.15;16.47;749;115;4656.00;174
12623;113;628210961;12623;138;13370;13544;11.06;0.67;248.17;16.47;747;115;4657.00;174
12625;113;628210974;12625;139;13370;13544;11.19;0.68;248.19;16.47;745;115;4658.00;174
12626;113;628210986;12626;133;13371;13545;11.27;0.68;248.19;16.47;745;115;4659.00;174
12632;114;628210998;12632;135;13371;13546;11.32;0.69;248.21;16.47;739;116;4660.00;175
12637;114;628211022;12637;129;13371;13546;11.41;0.69;248.25;16.47;734;116;4661.00;175
12641;114;628211039;12641;127;13373;13549;11.49;0.69;248.21;16.47;732;116;4662.00;176
12645;114;628211051;12645;128;13373;13549;11.50;0.69;248.26;16.47;728;116;4663.00;176
12649;114;628211063;12649;132;13374;13549;11.52;0.70;248.28;16.47;725;116;4664.00;175
12649;114;628211075;12649;132;13374;13549;11.59;0.70;248.28;16.47;725;116;4665.00;175
12654;114;628211086;12654;130;13378;13555;11.62;0.70;248.28;16.46;724;116;4666.00;177
12656;115;628211098;12656;137;13378;13555;11.74;0.71;248.28;16.46;722;117;4667.00;177
12657;115;628211121;12657;134;13379;13555;11.86;0.72;248.27;16.46;722;117;4668.00;176
12661;115;628211133;12661;134;13379;13555;11.80;0.71;248.29;16.46;718;117;4669.00;176
12666;115;628211145;12666;133;13382;13559;11.79;0.71;248.31;16.46;716;117;4670.00;177
12667;115;628211157;12667;131;13383;13560;11.93;0.72;248.32;16.46;716;117;4671.00;177
12670;115;628211169;12670;128;13383;13560;11.94;0.72;248.35;16.46;713;117;4672.00;177
12673;115;628211180;12673;124;13384;13561;12.03;0.73;248.37;16.46;711;117;4673.00;177
12676;115;628211191;12676;125;13384;13561;12.09;0.73;248.41;16.46;708;117;4674.00;177
12678;115;628211208;12678;125;13384;13561;12.09;0.73;248.45;16.46;706;117;4675.00;177
12680;115;628211220;12680;123;13384;13561;12.09;0.73;248.46;16.46;704;117;4676.00;177
12682;116;628211237;12682;120;13384;13561;12.04;0.73;248.47;16.46;702;118;4677.00;177
12684;116;628211258;12684;122;13384;13561;12.05;0.73;248.50;16.46;700;118;4678.00;177
12684;116;628211269;12684;120;13384;13561;12.13;0.74;248.50;16.46;700;118;4679.00;177
12685;116;628211282;12685;144;13448;13686;11.71;0.72;248.53;16.38;763;118;4680.00;238
12688;116;628211302;12688;134;13448;13687;11.76;0.72;248.57;16.38;760;118;4681.00;239
12692;116;628211314;12692;125;13456;13687;11.77;0.72;248.57;16.37;764;118;4682.00;231
12693;116;628211325;12693;119;13459;13687;11.80;0.72;248.58;16.37;766;118;4683.00;228
12695;116;628211337;12695;121;13464;13687;11.86;0.73;248.59;16.36;769;118;4684.00;223
12699;116;628211348;12699;118;13468;13687;11.90;0.73;248.60;16.36;769;118;4685.00;219
12703;116;628211365;12703;127;13471;13687;11.89;0.73;248.59;16.36;768;118;4686.00;216
12707;116;628211377;12707;135;13475;13687;11.83;0.72;248.61;16.35;768;118;4687.00;212
12711;116;628211388;12711;139;13480;13688;11.78;0.72;248.61;16.49;769;118;4688.00;208
12715;116;628211407;12715;143;13482;13689;11.67;0.71;248.61;16.49;767;118;4689.00;207
12718;116;628211419;12718;150;13483;13689;11.66;0.71;248.62;16.49;765;118;4690.00;206
12722;116;628211430;12722;148;13487;13693;11.56;0.71;248.60;16.49;765;118;4691.00;206
12726;116;628211447;12726;153;13488;13693;11.52;0.70;248.61;16.49;762;118;4692.00;205
12731;116;628211465;12731;146;13488;13693;11.47;0.70;248.61;16.49;757;118;4693.00;205
12734;116;628211484;12734;142;13489;13693;11.42;0.70;248.64;16.49;755;118;4694.00;204
12736;116;628211503;12736;142;13493;13699;11.37;0.69;248.66;16.50;757;118;4695.00;206
12740;116;628211526;12740;135;13494;13699;11.34;0.69;248.66;16.51;754;118;4696.00;205
12743;116;628211543;12743;135;13495;13699;11.39;0.70;248.72;16.51;752;118;4697.00;204
12748;116;628211570;12748;132;13498;13702;11.44;0.70;248.68;16.51;750;118;4698.00;204
12753;116;628211585;12753;126;13498;13702;11.45;0.70;248.70;16.51;745;118;4699.00;204
12754;116;628211599;12754;125;13499;13702;11.55;0.70;248.73;16.51;745;118;4700.00;203
12758;116;628211617;12758;121;13499;13703;11.56;0.71;248.75;16.51;741;118;4701.00;204
12763;116;628211629;12763;120;13500;13704;11.61;0.71;248.75;16.51;737;118;4702.00;204
12766;116;628211642;12766;114;13500;13704;11.58;0.71;248.75;16.51;734;118;4703.00;204
12771;116;628211656;12771;117;13510;13717;11.52;0.70;248.74;16.64;739;118;4704.00;207
12774;116;628211670;12774;114;13510;13717;11.53;0.70;248.74;16.64;736;118;4705.00;207
12776;116;628211683;12776;122;13510;13717;11.57;0.70;248.77;16.64;734;118;4706.00;207
12780;116;628211697;12780;121;13512;13718;11.59;0.71;248.84;16.64;732;118;4707.00;206
12781;116;628211713;12781;128;13513;13718;11.56;0.70;248.84;16.64;732;118;4708.00;205
12789;116;628211727;12789;127;13515;13722;11.54;0.70;248.83;16.64;726;118;4709.00;207
12790;116;628211742;12790;130;13518;13722;11.48;0.70;248.83;16.63;728;118;4710.00;204
12792;116;628211755;12792;129;13521;13726;11.38;0.69;248.84;16.63;729;118;4711.00;205
12793;116;628211779;12793;134;13522;13726;11.27;0.68;248.84;16.63;729;118;4712.00;204
12794;116;628211791;12794;142;13522;13726;11.24;0.68;248.83;16.63;728;118;4713.00;204
12796;116;628211803;12796;145;13522;13726;11.20;0.68;248.84;16.63;726;118;4714.00;204
12799;116;628211815;12799;152;13523;13726;11.18;0.68;248.83;16.63;724;118;4715.00;203
12803;116;628211827;12803;158;13532;13738;11.13;0.68;248.82;16.62;729;118;4716.00;206
12804;116;628211841;12804;169;13534;13738;11.01;0.67;248.81;16.62;730;118;4717.00;204
12805;116;628211852;12805;173;13535;13738;11.00;0.67;248.81;16.62;730;118;4718.00;203
12808;116;628211863;12808;182;13536;13738;10.91;0.67;248.80;16.62;728;118;4719.00;202
12811;116;628211875;12811;191;13539;13738;10.87;0.66;248.81;16.67;728;118;4720.00;199
12813;116;628211886;12813;193;13540;13738;10.80;0.66;248.80;16.67;727;118;4721.00;198
12813;116;628211898;12813;196;13541;13739;10.69;0.65;248.80;16.68;728;118;4722.00;198
12815;116;628211910;12815;199;13542;13739;10.60;0.65;248.80;16.70;727;118;4723.00;197
12818;116;628211921;12818;206;13546;13745;10.59;0.65;248.82;16.69;728;118;4724.00;199
12819;116;628211938;12819;215;13548;13747;10.52;0.64;248.82;16.69;729;118;4725.00;199
12822;116;628211950;12822;218;13549;13747;10.44;0.64;248.81;16.69;727;118;4726.00;198
12823;116;628211960;12823;224;13551;13747;10.36;0.63;248.81;16.72;728;118;4727.00;196
12830;116;628211972;12830;225;13555;13751;10.31;0.63;248.76;16.73;725;118;4728.00;196
12832;116;628211983;12832;227;13558;13751;10.26;0.63;248.76;16.77;726;118;4729.00;193
12836;116;628211994;12836;230;13558;13751;10.25;0.63;248.79;16.77;722;118;4730.00;193
12837;116;628212005;12837;236;13560;13752;10.26;0.63;248.80;16.78;723;118;4731.00;192
12840;116;628212017;12840;242;13565;13756;10.21;0.62;248.79;16.80;725;118;4732.00;191
12842;116;628212028;12842;248;13566;13756;10.16;0.62;248.79;16.82;724;118;4733.00;190
12844;116;628212038;12844;251;13569;13759;10.11;0.62;248.78;16.83;725;118;4734.00;190
12845;116;628212049;12845;253;13572;13759;10.03;0.61;248.77;16.85;727;118;4735.00;187
12846;116;628212059;12846;256;13572;13759;9.98;0.61;248.76;16.85;726;118;4736.00;187
12847;116;628212069;12847;257;13573;13759;9.87;0.61;248.75;16.86;726;118;4737.00;186
12850;116;628212078;12850;255;13577;13763;9.76;0.60;248.73;16.86;727;118;4738.00;186
12855;116;628212089;12855;255;13579;13763;9.66;0.59;248.74;16.88;724;118;4739.00;184
12855;116;628212101;12855;252;13579;13763;9.61;0.59;248.74;16.88;724;118;4740.00;184
12859;116;628212111;12859;252;13581;13763;9.45;0.58;248.75;16.90;722;118;4741.00;182
12861;116;628212120;12861;246;13581;13764;9.34;0.57;248.75;16.90;720;118;4742.00;183
12863;116;628212131;12863;246;13584;13765;9.19;0.56;248.76;16.91;721;118;4743.00;181
12867;116;628212141;12867;247;13584;13765;9.05;0.56;248.73;16.91;717;118;4744.00;181
12869;116;628212151;12869;251;13586;13766;8.91;0.55;248.71;16.92;717;118;4745.00;180
12872;116;628212160;12872;253;13587;13766;8.79;0.54;248.72;16.93;715;118;4746.00;179
12875;116;628212171;12875;256;13587;13766;8.72;0.53;248.69;16.93;712;118;4747.00;179
12879;116;628212180;12879;261;13589;13766;8.58;0.52;248.70;16.95;710;118;4748.00;177
12882;116;628212196;12882;261;13589;13766;8.43;0.51;248.68;16.95;707;118;4749.00;177
12887;116;628212206;12887;261;13591;13766;8.26;0.50;248.65;16.96;704;118;4750.00;175
12890;116;628212214;12890;265;13591;13766;8.10;0.49;248.65;16.96;701;118;4751.00;175
12891;116;628212223;12891;296;13653;13893;8.23;0.51;248.66;16.90;762;118;4752.00;240
12897;116;628212242;12897;295;13656;13894;8.08;0.50;248.70;16.90;759;118;4753.00;238
12901;116;628212252;12901;301;13665;13894;8.06;0.50;248.68;16.89;764;118;4754.00;229
12903;116;628212261;12903;296;13671;13894;7.97;0.49;248.69;16.88;768;118;4755.00;223
12907;116;628212271;12907;294;13681;13894;7.86;0.49;248.66;16.90;774;118;4756.00;213
12909;116;628212280;12909;295;13685;13894;7.78;0.48;248.67;16.90;776;118;4757.00;209
12911;116;628212289;12911;292;13692;13894;7.69;0.48;248.66;16.91;781;118;4758.00;202
12914;116;628212297;12914;291;13695;13894;7.57;0.47;248.65;16.91;781;118;4759.00;199
12917;116;628212312;12917;285;13699;13895;7.51;0.47;248.63;16.90;782;118;4760.00;196
12919;116;628212322;12919;284;13704;13896;7.46;0.47;248.61;16.92;785;118;4761.00;192
12921;116;628212331;12921;286;13706;13896;7.35;0.46;248.60;16.91;785;118;4762.00;190
12925;116;628212340;12925;289;13710;13897;7.24;0.45;248.59;16.91;785;118;4763.00;187
12926;116;628212350;12926;295;13713;13897;7.15;0.45;248.59;16.92;787;118;4764.00;184
12927;116;628212359;12927;298;13715;13897;7.05;0.44;248.61;16.93;788;118;4765.00;182
12930;116;628212368;12930;303;13717;13897;6.98;0.44;248.63;16.93;787;118;4766.00;180
12932;116;628212377;12932;298;13722;13901;6.92;0.43;248.64;16.94;790;118;4767.00;179
12938;116;628212388;12938;293;13724;13901;6.84;0.42;248.62;16.94;786;118;4768.00;177
12940;116;628212404;12940;294;13725;13901;6.86;0.43;248.62;16.94;785;118;4769.00;176
12943;116;628212416;12943;296;13729;13907;6.88;0.42;248.61;16.94;786;118;4770.00;178
12948;116;628212426;12948;300;13729;13907;6.87;0.42;248.60;16.94;781;118;4771.00;178
12951;116;628212436;12951;303;13730;13907;6.88;0.42;248.62;16.94;779;118;4772.00;177
12954;116;628212445;12954;311;13733;13911;6.86;0.42;248.59;16.93;779;118;4773.00;178
12956;116;628212455;12956;318;13735;13912;6.91;0.42;248.59;16.93;779;118;4774.00;177
12960;116;628212465;12960;321;13735;13912;6.87;0.42;248.58;16.93;775;118;4775.00;177
12964;116;628212476;12964;325;13739;13916;6.88;0.42;248.64;16.93;775;118;4776.00;177
12966;116;628212487;12966;331;13739;13916;6.89;0.42;248.65;16.93;773;118;4777.00;177
12971;116;628212497;12971;329;13740;13916;6.88;0.42;248.64;16.92;769;118;4778.00;176
12974;116;628212506;12974;316;13741;13917;6.89;0.42;248.61;16.92;767;118;4779.00;176
12976;116;628212517;12976;305;13742;13917;6.96;0.43;248.60;16.92;766;118;4780.00;175
12981;116;628212526;12981;293;13745;13923;7.00;0.43;248.60;16.92;764;118;4781.00;178
12984;116;628212537;12984;291;13746;13923;7.07;0.43;248.58;16.92;762;118;4782.00;177
12987;116;628212546;12987;284;13746;13924;7.12;0.43;248.57;16.92;759;118;4783.00;178
12989;116;628212557;12989;276;13747;13924;7.16;0.44;248.57;16.92;758;118;4784.00;177
12992;116;628212567;12992;274;13748;13924;7.26;0.44;248.59;17.06;756;118;4785.00;176
12993;116;628212584;12993;268;13748;13924;7.37;0.45;248.59;17.06;755;118;4786.00;176
12998;116;628212594;12998;272;13748;13924;7.44;0.45;248.65;17.06;750;118;4787.00;176
13001;116;628212604;13001;274;13758;13936;7.65;0.47;248.62;17.05;757;118;4788.00;178
13005;116;628212621;13005;273;13758;13936;7.74;0.47;248.63;17.05;753;118;4789.00;178
13008;116;628212631;13008;266;13759;13936;7.84;0.47;248.62;17.05;751;118;4790.00;177
13010;116;628212642;13010;267;13759;13936;7.96;0.48;248.61;17.05;749;118;4791.00;177
13011;116;628212652;13011;265;13759;13936;8.02;0.49;248.63;17.05;748;118;4792.00;177
13013;116;628212663;13013;271;13759;13936;8.04;0.49;248.63;17.05;746;118;4793.00;177
13014;116;628212674;13014;274;13762;13940;8.10;0.49;248.64;17.04;748;118;4794.00;178
13014;116;628212684;13014;273;13762;13940;8.18;0.50;248.64;17.04;748;118;4795.00;178
13016;116;628212694;13016;272;13765;13944;8.25;0.50;248.63;17.04;749;118;4796.00;179
13018;116;628212705;13018;276;13766;13945;8.34;0.51;248.64;17.04;748;118;4797.00;179
13020;116;628212715;13020;271;13767;13945;8.34;0.51;248.62;17.04;747;118;4798.00;178
13021;116;628212725;13021;270;13767;13945;8.41;0.51;248.64;17.04;746;118;4799.00;178
13023;116;628212737;13023;279;13788;13986;8.52;0.52;248.64;17.01;765;118;4800.00;198
13028;116;628212755;13028;275;13788;13986;8.51;0.52;248.66;17.01;760;118;4801.00;198
13029;116;628212766;13029;276;13791;13986;8.50;0.52;248.66;17.01;762;118;4802.00;195
13033;116;628212776;13033;272;13792;13987;8.45;0.51;248.63;17.01;759;118;4803.00;195
13037;116;628212787;13037;276;13793;13988;8.40;0.51;248.64;17.01;756;118;4804.00;195
13039;116;628212797;13039;274;13794;13988;8.44;0.51;248.65;17.01;755;118;4805.00;194
13044;116;628212807;13044;276;13797;13991;8.43;0.51;248.70;17.00;753;118;4806.00;194
13046;116;628212818;13046;262;13798;13991;8.43;0.51;248.72;17.00;752;118;4807.00;193
13050;116;628212828;13050;256;13800;13991;8.42;0.51;248.76;17.00;750;118;4808.00;191
13053;116;628212839;13053;250;13801;13991;8.49;0.51;248.77;17.00;748;118;4809.00;190
13060;116;628212849;13060;248;13806;13997;8.52;0.52;248.85;16.99;746;118;4810.00;191
13065;116;628212861;13065;245;13806;13997;8.52;0.52;248.85;16.99;741;118;4811.00;191
13071;116;628212872;13071;245;13807;13997;8.54;0.52;248.87;16.99;736;118;4812.00;190
13073;116;628212883;13073;242;13808;13997;8.59;0.52;248.89;16.99;735;118;4813.00;189
13075;116;628212899;13075;240;13811;14001;8.63;0.52;248.88;16.99;736;118;4814.00;190
13080;116;628212910;13080;240;13813;14003;8.67;0.52;248.94;16.99;733;118;4815.00;190
13086;116;628212921;13086;222;13813;14003;8.74;0.53;248.94;16.99;727;118;4816.00;190
13087;116;628212933;13087;206;13814;14004;8.92;0.54;248.93;16.99;727;118;4817.00;190
13091;116;628212944;13091;192;13814;14004;9.04;0.55;248.94;16.99;723;118;4818.00;190
13093;116;628212956;13093;187;13815;14004;9.14;0.55;248.92;16.99;722;118;4819.00;189
13094;116;628212967;13094;181;13815;14004;9.26;0.56;248.95;16.99;721;118;4820.00;189
13097;116;628212979;13097;173;13815;14004;9.41;0.57;248.94;16.99;718;118;4821.00;189
13097;116;628212990;13097;167;13815;14004;9.60;0.58;248.94;16.99;718;118;4822.00;189
13101;116;628213002;13101;158;13815;14004;9.76;0.59;248.95;16.99;714;118;4823.00;189
13103;116;628213015;13103;168;13858;14074;9.76;0.59;248.95;16.93;755;118;4824.00;216
13107;116;628213032;13107;155;13859;14075;9.88;0.60;248.94;16.93;752;118;4825.00;216
13110;116;628213043;13110;143;13864;14075;10.11;0.61;248.97;16.93;754;118;4826.00;211
13113;116;628213055;13113;135;13867;14075;10.27;0.62;248.95;16.93;754;118;4827.00;208
13115;116;628213073;13115;134;13871;14077;10.44;0.63;248.95;16.92;756;118;4828.00;206
13118;116;628213085;13118;130;13874;14077;10.65;0.65;248.97;16.92;756;118;4829.00;203
13119;116;628213099;13119;127;13878;14077;10.82;0.66;248.99;16.92;759;118;4830.00;199
13124;116;628213111;13124;128;13880;14077;10.84;0.66;249.02;16.92;756;118;4831.00;197
13125;116;628213128;13125;132;13882;14078;10.93;0.66;249.02;16.91;757;118;4832.00;196
13129;116;628213140;13129;134;13883;14079;10.98;0.67;249.04;16.91;754;118;4833.00;196
13131;116;628213152;13131;131;13884;14079;11.04;0.67;249.09;16.91;753;118;4834.00;195
13133;116;628213164;13133;137;13888;14083;11.04;0.67;249.08;16.91;755;118;4835.00;195
13138;116;628213176;13138;142;13890;14083;11.11;0.67;249.09;16.91;752;118;4836.00;193
13140;116;628213189;13140;145;13890;14083;11.11;0.67;249.09;16.91;750;118;4837.00;193
13143;116;628213206;13143;143;13890;14083;11.20;0.68;249.09;16.91;747;118;4838.00;193
13147;116;628213217;13147;144;13895;14089;11.25;0.68;249.14;16.90;748;118;4839.00;194
13151;116;628213235;13151;144;13895;14089;11.30;0.69;249.14;16.90;744;118;4840.00;194
13154;116;628213247;13154;143;13895;14089;11.35;0.69;249.12;16.90;741;118;4841.00;194
13157;116;628213265;13157;146;13899;14092;11.33;0.69;249.14;16.90;742;118;4842.00;193
13157;116;628213277;13157;144;13899;14092;11.35;0.69;249.14;16.90;742;118;4843.00;193
13162;116;628213288;13162;153;13899;14092;11.42;0.70;249.16;16.90;737;118;4844.00;193
13163;116;628213305;13163;153;13899;14093;11.48;0.70;249.17;16.90;736;118;4845.00;194
13165;116;628213316;13165;152;13900;14094;11.52;0.70;249.18;16.90;735;118;4846.00;194
13169;116;628213327;13169;153;13900;14094;11.48;0.70;249.19;16.90;731;118;4847.00;194
13174;116;628213338;13174;148;13910;14107;11.41;0.69;249.21;16.89;736;118;4848.00;197
13177;116;628213350;13177;143;13911;14107;11.48;0.70;249.23;16.89;734;118;4849.00;196
13180;116;628213361;13180;144;13911;14107;11.57;0.70;249.23;16.89;731;118;4850.00;196
13183;116;628213372;13183;146;13912;14108;11.65;0.71;249.26;16.88;729;118;4851.00;196
13186;116;628213383;13186;148;13912;14108;11.67;0.71;249.27;16.88;726;118;4852.00;196
13190;116;628213394;13190;148;13915;14112;11.65;0.71;249.29;16.88;725;118;4853.00;197
13194;116;628213406;13194;151;13915;14112;11.64;0.71;249.32;16.88;721;118;4854.00;197
13198;116;628213416;13198;152;13919;14116;11.55;0.70;249.30;16.88;721;118;4855.00;197
13201;116;628213427;13201;151;13919;14116;11.52;0.70;249.31;16.88;718;118;4856.00;197
13205;116;628213438;13205;153;13919;14116;11.51;0.70;249.29;16.88;714;118;4857.00;197
13209;116;628213449;13209;152;13919;14116;11.51;0.70;249.35;16.88;710;118;4858.00;197
13214;116;628213458;13214;150;13919;14116;11.42;0.69;249.39;16.88;705;118;4859.00;197
13215;116;628213475;13215;151;13939;14150;11.42;0.70;249.40;16.85;724;118;4860.00;211
13218;116;628213495;13218;145;13940;14150;11.43;0.70;249.40;16.85;722;118;4861.00;210
13225;116;628213509;13225;136;13940;14150;11.37;0.70;249.42;16.85;715;118;4862.00;210
13227;116;628213533;13227;136;13941;14150;11.50;0.70;249.39;16.85;714;118;4863.00;209
13235;116;628213547;13235;136;13942;14150;11.55;0.70;249.41;16.85;707;118;4864.00;208
13237;116;628213563;13237;134;13943;14150;11.63;0.71;249.42;16.86;706;118;4865.00;207
13243;116;628213578;13243;130;13944;14151;11.75;0.71;249.43;16.86;701;118;4866.00;207
13247;116;628213592;13247;134;13944;14151;11.81;0.72;249.43;16.86;697;118;4867.00;207
13250;116;628213603;13250;128;13948;14157;11.88;0.72;249.43;16.86;698;118;4868.00;209
13252;116;628213614;13252;119;13949;14158;11.78;0.71;249.42;16.86;697;118;4869.00;209
13253;116;628213626;13253;118;13951;14158;11.64;0.71;249.44;16.87;698;118;4870.00;207
13255;116;628213637;13255;117;13951;14158;11.55;0.70;249.42;16.87;696;118;4871.00;207
13258;116;628213649;13258;121;13955;14162;11.54;0.70;249.40;16.87;697;118;4872.00;207
13262;116;628213666;13262;124;13955;14162;11.47;0.70;249.40;16.87;693;118;4873.00;207
13265;116;628213677;13265;127;13955;14162;11.47;0.70;249.40;16.87;690;118;4874.00;207
13266;116;628213688;13266;125;13956;14163;11.47;0.70;249.39;16.87;690;118;4875.00;207
13266;116;628213699;13266;125;13960;14167;11.39;0.69;249.39;16.86;694;118;4876.00;207
13269;116;628213715;13269;129;13960;14167;11.45;0.69;249.36;16.86;691;118;4877.00;207
13271;116;628213726;13271;128;13962;14170;11.53;0.70;249.36;16.86;691;118;4878.00;208
13273;116;628213737;13273;134;13964;14170;11.56;0.70;249.33;16.86;691;118;4879.00;206
13276;116;628213747;13276;140;13965;14170;11.51;0.70;249.34;16.86;689;118;4880.00;205
13277;116;628213757;13277;141;13965;14170;11.50;0.70;249.34;16.86;688;118;4881.00;205
13281;116;628213767;13281;146;13969;14174;11.43;0.69;249.38;16.85;688;118;4882.00;205
13285;116;628213780;13285;143;13969;14174;11.36;0.69;249.35;16.85;684;118;4883.00;205
13285;116;628213791;13285;143;13970;14174;11.32;0.69;249.35;16.85;685;118;4884.00;204
13289;116;628213801;13289;147;13970;14174;11.25;0.69;249.34;16.85;681;118;4885.00;204
13292;116;628213811;13292;150;13971;14175;11.11;0.68;249.33;16.87;679;118;4886.00;204
13295;116;628213822;13295;155;13972;14176;10.99;0.67;249.34;16.87;677;118;4887.00;204
13297;116;628213834;13297;160;13972;14176;10.91;0.67;249.34;16.87;675;118;4888.00;204
13299;116;628213845;13299;165;13974;14177;10.86;0.66;249.36;16.88;675;118;4889.00;203
13305;116;628213858;13305;168;13975;14177;10.80;0.66;249.38;16.89;670;118;4890.00;202
13306;116;628213869;13306;175;13975;14177;10.67;0.65;249.37;16.89;669;118;4891.00;202
13308;116;628213879;13308;180;13975;14177;10.59;0.65;249.38;16.89;667;118;4892.00;202
13312;116;628213910;13312;184;13977;14177;10.45;0.64;249.41;16.92;665;118;4893.00;200
13317;116;628213920;13317;192;13977;14177;10.31;0.63;249.38;16.92;660;118;4894.00;200
13317;116;628213930;13317;197;13980;14177;10.25;0.63;249.38;16.96;663;118;4895.00;197
13320;116;628213940;13320;219;14043;14304;10.21;0.63;249.39;16.89;723;118;4896.00;261
13322;116;628213960;13322;218;14048;14305;10.12;0.62;249.37;16.90;726;118;4897.00;257
13325;116;628213972;13325;225;14057;14305;10.07;0.62;249.35;16.90;732;118;4898.00;248
13327;116;628213982;13327;229;14062;14305;9.97;0.62;249.32;16.90;735;118;4899.00;243
13329;116;628213992;13329;229;14071;14305;9.86;0.61;249.32;16.91;742;118;4900.00;234
13329;116;628214006;13329;228;14077;14305;9.69;0.60;249.32;16.92;748;118;4901.00;228
13331;116;628214017;13331;232;14083;14305;9.56;0.59;249.29;16.91;752;118;4902.00;222
13333;116;628214026;13333;239;14088;14305;9.42;0.58;249.27;16.93;755;118;4903.00;217
13335;117;628214036;13335;242;14091;14306;9.35;0.58;249.29;16.93;756;119;4904.00;215
13338;117;628214053;13338;250;14096;14308;9.21;0.57;249.26;16.94;758;119;4905.00;212
13341;117;628214068;13341;256;14098;14308;9.11;0.56;249.22;16.94;757;119;4906.00;210
13345;117;628214078;13345;262;14100;14309;8.96;0.55;249.25;16.94;755;119;4907.00;209
13346;117;628214088;13346;271;14103;14309;8.81;0.54;249.28;16.96;757;119;4908.00;206
13349;117;628214098;13349;274;14105;14309;8.65;0.53;249.25;16.97;756;119;4909.00;204
13350;117;628214108;13350;277;14107;14309;8.54;0.53;249.24;16.97;757;119;4910.00;202
13354;117;628214117;13354;276;14112;14313;8.46;0.52;249.24;16.98;758;119;4911.00;201
13356;117;628214128;13356;283;14115;14313;8.39;0.52;249.23;16.99;759;119;4912.00;198
13357;117;628214143;13357;283;14116;14313;8.24;0.51;249.22;16.99;759;119;4913.00;197
13358;117;628214153;13358;289;14120;14316;8.15;0.50;249.21;17.00;762;119;4914.00;196
13359;117;628214164;13359;293;14122;14316;7.98;0.49;249.21;17.00;763;119;4915.00;194
13362;117;628214174;13362;295;14123;14316;7.80;0.48;249.26;17.00;761;119;4916.00;193
13363;117;628214184;13363;301;14129;14320;7.71;0.48;249.25;17.01;766;119;4917.00;191
13366;117;628214194;13366;308;14131;14321;7.66;0.47;249.22;17.01;765;119;4918.00;190
13369;117;628214204;13369;312;14132;14321;7.60;0.47;249.20;17.01;763;119;4919.00;189
13370;117;628214216;13370;315;14138;14326;7.55;0.47;249.19;17.02;768;119;4920.00;188
13371;117;628214226;13371;319;14138;14326;7.44;0.46;249.23;17.02;767;119;4921.00;188
13374;117;628214235;13374;327;14139;14326;7.36;0.45;249.20;17.02;765;119;4922.00;187
13380;117;628214245;13380;334;14141;14327;7.26;0.45;249.17;17.03;761;119;4923.00;186
13384;117;628214255;13384;334;14142;14327;7.14;0.44;249.17;17.03;758;119;4924.00;185
13387;117;628214264;13387;333;14147;14333;7.02;0.43;249.23;17.04;760;119;4925.00;186
13390;117;628214275;13390;335;14147;14333;6.88;0.42;249.21;17.04;757;119;4926.00;186
13396;117;628214284;13396;342;14149;14334;6.64;0.41;249.19;17.04;753;119;4927.00;185
13398;117;628214293;13398;350;14150;14334;6.49;0.40;249.21;17.05;752;119;4928.00;184
13399;117;628214301;13399;356;14150;14334;6.34;0.39;249.22;17.05;751;119;4929.00;184
13402;117;628214309;13402;359;14150;14334;6.17;0.38;249.24;17.05;748;119;4930.00;184
13406;117;628214318;13406;341;14151;14334;6.06;0.37;249.28;17.07;745;119;4931.00;183
13408;117;628214327;13408;326;14161;14346;6.14;0.38;249.30;17.05;753;119;4932.00;185
13410;117;628214337;13410;316;14161;14346;6.14;0.38;249.31;17.05;751;119;4933.00;185
13412;117;628214346;13412;312;14163;14346;6.21;0.38;249.33;17.06;751;119;4934.00;183
13414;117;628214354;13414;304;14165;14346;6.27;0.39;249.32;17.09;751;119;4935.00;181
13418;117;628214363;13418;298;14166;14346;6.29;0.39;249.32;17.10;748;119;4936.00;180
13420;117;628214372;13420;286;14166;14346;6.43;0.39;249.32;17.10;746;119;4937.00;180
13424;117;628214382;13424;276;14169;14350;6.58;0.40;249.37;17.10;745;119;4938.00;181
13425;117;628214392;13425;269;14169;14350;6.80;0.42;249.37;17.10;744;119;4939.00;181
13430;117;628214401;13430;265;14172;14354;7.05;0.43;249.37;17.09;742;119;4940.00;182
13436;117;628214418;13436;255;14173;14355;7.25;0.44;249.39;17.09;737;119;4941.00;182
13436;117;628214428;13436;254;14174;14355;7.43;0.45;249.39;17.09;738;119;4942.00;181
13438;117;628214437;13438;252;14174;14355;7.53;0.46;249.39;17.09;736;119;4943.00;181
13440;117;628214447;13440;245;14185;14368;7.76;0.47;249.41;17.08;745;119;4944.00;183
13444;117;628214459;13444;237;14185;14368;7.86;0.48;249.38;17.08;741;119;4945.00;183
13449;117;628214470;13449;235;14185;14368;7.90;0.48;249.38;17.08;736;119;4946.00;183
13451;117;628214480;13451;239;14186;14369;7.99;0.49;249.39;17.08;735;119;4947.00;183
13454;117;628214490;13454;237;14186;14370;8.05;0.49;249.39;17.08;732;119;4948.00;184
13459;117;628214500;13459;228;14186;14370;8.13;0.50;249.39;17.08;727;119;4949.00;184
13462;117;628214512;13462;224;14190;14379;8.28;0.50;249.38;17.07;728;119;4950.00;189
13465;117;628214524;13465;226;14191;14379;8.39;0.51;249.38;17.07;726;119;4951.00;188
13470;117;628214534;13470;227;14193;14379;8.37;0.51;249.38;17.21;723;119;4952.00;186
13474;117;628214546;13474;224;14194;14379;8.39;0.51;249.39;17.21;720;119;4953.00;185
13478;117;628214556;13478;214;14197;14385;8.46;0.52;249.36;17.21;719;119;4954.00;188
13480;117;628214567;13480;212;14198;14385;8.53;0.52;249.35;17.21;718;119;4955.00;187
13485;117;628214577;13485;207;14199;14385;8.50;0.52;249.33;17.21;714;119;4956.00;186
13488;117;628214587;13488;203;14199;14385;8.50;0.52;249.35;17.21;711;119;4957.00;186
13496;117;628214597;13496;203;14203;14389;8.53;0.52;249.37;17.20;707;119;4958.00;186
13497;117;628214608;13497;206;14205;14390;8.66;0.53;249.37;17.20;708;119;4959.00;185
13503;117;628214618;13503;205;14205;14390;8.71;0.53;249.37;17.20;702;119;4960.00;185
13508;117;628214627;13508;204;14206;14391;8.78;0.53;249.37;17.20;698;119;4961.00;185
13512;117;628214638;13512;202;14206;14391;8.85;0.54;249.35;17.20;694;119;4962.00;185
13516;117;628214649;13516;201;14206;14391;8.86;0.54;249.33;17.20;690;119;4963.00;185
13520;117;628214659;13520;200;14206;14391;8.88;0.54;249.32;17.20;686;119;4964.00;185
13522;117;628214669;13522;196;14206;14391;8.94;0.54;249.32;17.20;684;119;4965.00;185
13527;117;628214680;13527;195;14206;14391;8.97;0.54;249.36;17.20;679;119;4966.00;185
13529;117;628214691;13529;195;14206;14391;9.03;0.55;249.38;17.20;677;119;4967.00;185
13533;117;628214701;13533;209;14248;14461;9.09;0.55;249.38;17.15;715;119;4968.00;213
13536;117;628214717;13536;204;14249;14462;9.17;0.56;249.40;17.15;713;119;4969.00;213
13538;117;628214727;13538;199;14255;14462;9.35;0.57;249.44;17.14;717;119;4970.00;207
13540;117;628214738;13540;190;14256;14462;9.44;0.57;249.43;17.14;716;119;4971.00;206
13543;117;628214749;13543;188;14261;14462;9.54;0.58;249.47;17.28;718;119;4972.00;201
13546;117;628214760;13546;186;14263;14462;9.54;0.58;249.49;17.28;717;119;4973.00;199
13548;117;628214771;13548;195;14265;14462;9.57;0.58;249.51;17.28;717;119;4974.00;197
13550;117;628214782;13550;198;14268;14462;9.60;0.59;249.52;17.28;718;119;4975.00;194
13551;117;628214793;13551;197;14269;14463;9.58;0.58;249.54;17.28;718;119;4976.00;194
13553;117;628214804;13553;192;14273;14464;9.61;0.59;249.55;17.27;720;119;4977.00;191
13556;117;628214815;13556;189;14275;14464;9.59;0.58;249.57;17.27;719;119;4978.00;189
13557;117;628214827;13557;183;14278;14468;9.61;0.59;249.58;17.27;721;119;4979.00;190
13561;117;628214840;13561;178;14278;14468;9.66;0.59;249.59;17.27;717;119;4980.00;190
13564;117;628214852;13564;177;14278;14468;9.75;0.59;249.61;17.27;714;119;4981.00;190
13567;117;628214863;13567;172;14278;14468;9.79;0.60;249.62;17.27;711;119;4982.00;190
13571;118;628214875;13571;172;14282;14474;9.90;0.60;249.62;17.26;711;120;4983.00;192
13574;118;628214893;13574;177;14283;14474;10.03;0.61;249.62;17.26;709;120;4984.00;191
13577;118;628214905;13577;176;14283;14474;10.11;0.61;249.60;17.26;706;120;4985.00;191
13579;118;628214923;13579;160;14285;14477;10.30;0.62;249.61;17.26;706;120;4986.00;192
13580;118;628214940;13580;153;14285;14477;10.41;0.63;249.62;17.26;705;120;4987.00;192
13585;118;628214953;13585;144;14286;14477;10.53;0.64;249.60;17.26;701;120;4988.00;191
13585;118;628214965;13585;137;14286;14478;10.69;0.65;249.60;17.26;701;120;4989.00;192
13588;118;628214978;13588;133;14287;14479;10.84;0.66;249.59;17.26;699;120;4990.00;192
13592;118;628214990;13592;130;14287;14479;11.01;0.67;249.61;17.26;695;120;4991.00;192
13597;118;628215002;13597;133;14298;14492;11.20;0.68;249.62;17.24;701;120;4992.00;194
13599;118;628215016;13599;129;14298;14492;11.31;0.69;249.65;17.24;699;120;4993.00;194
13602;118;628215027;13602;129;14298;14492;11.46;0.70;249.65;17.24;696;120;4994.00;194
13602;118;628215039;13602;126;14300;14494;11.62;0.71;249.65;17.24;698;120;4995.00;194
13605;118;628215051;13605;125;14300;14494;11.73;0.71;249.66;17.24;695;120;4996.00;194
13611;118;628215073;13611;122;14303;14498;11.80;0.72;249.66;17.24;692;120;4997.00;195
13613;118;628215092;13613;121;14303;14498;11.90;0.72;249.65;17.24;690;120;4998.00;195
13616;118;628215109;13616;121;14307;14502;11.91;0.72;249.68;17.23;691;120;4999.00;195
13619;118;628215122;13619;116;14307;14502;11.88;0.72;249.66;17.23;688;120;5000.00;195
13620;118;628215137;13620;113;14307;14502;11.89;0.72;249.66;17.23;687;120;5001.00;195
13624;119;628215148;13624;116;14307;14502;11.90;0.72;249.67;17.23;683;121;5002.00;195
13629;119;628215170;13629;117;14307;14502;11.94;0.73;249.68;17.23;678;121;5003.00;195
13631;119;628215181;13631;118;14316;14514;12.01;0.73;249.69;17.22;685;121;5004.00;198
13635;120;628215193;13635;121;14316;14514;12.09;0.73;249.69;17.22;681;122;5005.00;198
13638;120;628215211;13638;116;14318;14514;12.15;0.74;249.73;17.22;680;122;5006.00;196
13640;120;628215225;13640;116;14318;14514;12.24;0.74;249.73;17.22;678;122;5007.00;196
13643;120;628215237;13643;118;14318;14514;12.32;0.75;249.73;17.22;675;122;5008.00;196
13646;120;628215248;13646;118;14318;14514;12.37;0.75;249.76;17.22;672;122;5009.00;196
13649;120;628215261;13649;117;14318;14515;12.39;0.75;249.75;17.22;669;122;5010.00;197
13651;120;628215272;13651;116;14318;14515;12.37;0.75;249.75;17.22;667;122;5011.00;197
13655;120;628215283;13655;115;14322;14521;12.34;0.75;249.73;17.22;667;122;5012.00;199
13659;120;628215295;13659;117;14323;14522;12.35;0.75;249.77;17.22;664;122;5013.00;199
13659;120;628215306;13659;119;14324;14522;12.38;0.75;249.77;17.21;665;122;5014.00;198
13661;120;628215316;13661;122;14324;14522;12.38;0.75;249.78;17.21;663;122;5015.00;198
13663;120;628215326;13663;120;14327;14526;12.44;0.76;249.79;17.21;664;122;5016.00;199
13665;120;628215337;13665;124;14328;14526;12.47;0.76;249.81;17.36;663;122;5017.00;198
13667;120;628215349;13667;124;14328;14526;12.47;0.76;249.83;17.36;661;122;5018.00;198
13670;120;628215359;13670;126;14329;14527;12.42;0.76;249.80;17.36;659;122;5019.00;198
13672;120;628215368;13672;131;14332;14531;12.30;0.75;249.81;17.35;660;122;5020.00;199
13676;120;628215378;13676;134;14332;14531;12.26;0.75;249.81;17.35;656;122;5021.00;199
13679;120;628215388;13679;137;14334;14534;12.23;0.75;249.81;17.35;655;122;5022.00;200
13682;120;628215398;13682;141;14334;14534;12.26;0.75;249.81;17.35;652;122;5023.00;200
13683;120;628215407;13683;149;14335;14534;12.23;0.75;249.80;17.35;652;122;5024.00;199
13689;120;628215416;13689;149;14335;14534;12.23;0.74;249.80;17.35;646;122;5025.00;199
13691;120;628215427;13691;147;14338;14538;12.31;0.75;249.81;17.35;647;122;5026.00;200
13698;120;628215436;13698;143;14338;14538;12.33;0.75;249.80;17.35;640;122;5027.00;200
13702;120;628215446;13702;139;14339;14538;12.29;0.75;249.78;17.35;637;122;5028.00;199
13707;120;628215455;13707;130;14339;14538;12.21;0.74;249.76;17.35;632;122;5029.00;199
13711;120;628215464;13711;128;14339;14539;12.04;0.73;249.77;17.35;628;122;5030.00;200
13715;120;628215480;13715;120;14340;14540;11.95;0.73;249.74;17.35;625;122;5031.00;200
13718;120;628215496;13718;116;14340;14540;11.81;0.72;249.73;17.35;622;122;5032.00;200
13719;120;628215510;13719;111;14342;14541;11.68;0.71;249.73;17.49;623;122;5033.00;199
13723;120;628215536;13723;115;14342;14541;11.72;0.71;249.71;17.49;619;122;5034.00;199
13727;120;628215549;13727;114;14343;14541;11.74;0.71;249.69;17.51;616;122;5035.00;198
13728;120;628215564;13728;105;14343;14541;11.76;0.72;249.69;17.51;615;122;5036.00;198
13730;120;628215578;13730;107;14343;14541;11.88;0.72;249.72;17.51;613;122;5037.00;198
13734;120;628215591;13734;100;14343;14541;11.92;0.73;249.73;17.51;609;122;5038.00;198
13736;120;628215602;13736;99;14343;14541;12.07;0.73;249.72;17.51;607;122;5039.00;198
13740;120;628215614;13740;131;14443;14771;11.68;0.73;249.72;17.39;703;122;5040.00;328
13741;120;628215644;13741;127;14447;14772;11.67;0.73;249.71;17.54;706;122;5041.00;325
13745;120;628215656;13745;117;14455;14772;11.79;0.73;249.69;17.53;710;122;5042.00;317
13748;120;628215667;13748;121;14460;14772;11.76;0.73;249.70;17.52;712;122;5043.00;312
13751;120;628215678;13751;117;14467;14772;11.66;0.73;249.69;17.52;716;122;5044.00;305
13756;120;628215689;13756;121;14472;14772;11.61;0.72;249.71;17.51;716;122;5045.00;300
13760;120;628215700;13760;121;14480;14772;11.49;0.71;249.74;17.50;720;122;5046.00;292
13762;120;628215710;13762;125;14486;14772;11.42;0.71;249.73;17.65;724;122;5047.00;286
13765;120;628215721;13765;125;14494;14773;11.38;0.70;249.70;17.64;729;122;5048.00;279
13768;120;628215733;13768;129;14498;14774;11.37;0.70;249.68;17.64;730;122;5049.00;276
13769;120;628215743;13769;130;14505;14774;11.28;0.70;249.67;17.64;736;122;5050.00;269
13771;120;628215754;13771;137;14508;14775;11.23;0.69;249.66;17.64;737;122;5051.00;267
13772;120;628215765;13772;136;14510;14775;11.15;0.69;249.65;17.64;738;122;5052.00;265
13774;120;628215777;13774;139;14514;14775;10.99;0.68;249.63;17.78;740;122;5053.00;261
13776;121;628215788;13776;145;14518;14775;10.74;0.66;249.66;17.78;742;123;5054.00;257
13779;121;628215821;13779;154;14521;14779;10.63;0.65;249.65;17.78;742;123;5055.00;258
13783;121;628215833;13783;170;14525;14779;10.55;0.65;249.63;17.80;742;123;5056.00;254
13783;121;628215845;13783;176;14532;14779;10.34;0.63;249.63;17.95;749;123;5057.00;247
13785;121;628215862;13785;180;14536;14782;10.22;0.63;249.63;17.95;751;123;5058.00;246
13788;121;628215883;13788;191;14540;14782;10.06;0.62;249.59;17.94;752;123;5059.00;242
13791;121;628215894;13791;196;14542;14782;9.91;0.61;249.57;17.96;751;123;5060.00;240
13793;121;628215905;13793;205;14547;14786;9.77;0.60;249.57;17.98;754;123;5061.00;239
13794;121;628215916;13794;214;14553;14787;9.63;0.59;249.57;17.99;759;123;5062.00;234
13796;121;628215926;13796;224;14554;14787;9.57;0.58;249.55;18.00;758;123;5063.00;233
13798;121;628215937;13798;231;14560;14791;9.50;0.58;249.53;18.00;762;123;5064.00;231
13800;121;628215948;13800;245;14562;14791;9.42;0.57;249.57;18.01;762;123;5065.00;229
13803;121;628215959;13803;249;14566;14791;9.23;0.56;249.56;18.03;763;123;5066.00;225
13803;121;628215970;13803;256;14568;14792;9.07;0.55;249.56;18.03;765;123;5067.00;224
13805;121;628215980;13805;268;14572;14792;8.91;0.54;249.53;18.05;767;123;5068.00;220
13805;121;628215991;13805;276;14578;14798;8.83;0.54;249.53;18.05;773;123;5069.00;220
13807;121;628216004;13807;282;14579;14798;8.65;0.53;249.51;18.05;772;123;5070.00;219
13809;121;628216016;13809;298;14581;14799;8.54;0.52;249.48;18.07;772;123;5071.00;218
13809;121;628216027;13809;309;14583;14799;8.44;0.52;249.48;18.07;774;123;5072.00;216
13810;121;628216037;13810;313;14584;14799;8.37;0.51;249.46;18.09;774;123;5073.00;215
13813;121;628216048;13813;322;14585;14799;8.23;0.50;249.44;18.09;772;123;5074.00;214
13816;121;628216058;13816;329;14588;14799;8.07;0.49;249.44;18.11;772;123;5075.00;211
13816;121;628216068;13816;337;14598;14811;7.98;0.49;249.44;18.10;782;123;5076.00;213
13817;121;628216079;13817;349;14600;14811;7.88;0.48;249.43;18.11;783;123;5077.00;211
13820;121;628216089;13820;356;14601;14811;7.75;0.47;249.43;18.11;781;123;5078.00;210
13821;121;628216099;13821;357;14602;14811;7.62;0.47;249.42;18.13;781;123;5079.00;209
13822;121;628216109;13822;353;14603;14811;7.50;0.46;249.42;18.13;781;123;5080.00;208
13822;121;628216119;13822;356;14604;14811;7.43;0.45;249.42;18.15;782;123;5081.00;207
13823;121;628216129;13823;357;14608;14815;7.34;0.45;249.40;18.15;785;123;5082.00;207
13825;121;628216138;13825;343;14608;14815;7.30;0.44;249.40;18.15;783;123;5083.00;207
13825;121;628216155;13825;337;14613;14819;7.32;0.45;249.40;18.16;788;123;5084.00;206
13825;121;628216166;13825;334;14615;14821;7.36;0.45;249.40;18.16;790;123;5085.00;206
13825;121;628216176;13825;327;14616;14821;7.36;0.45;249.40;18.16;791;123;5086.00;205
13828;121;628216186;13828;323;14618;14821;7.33;0.45;249.37;18.19;790;123;5087.00;203
13829;121;628216197;13829;320;14629;14834;7.45;0.46;249.42;18.17;800;123;5088.00;205
13831;121;628216208;13831;308;14631;14834;7.44;0.45;249.39;18.20;800;123;5089.00;203
13831;121;628216232;13831;306;14631;14834;7.43;0.46;249.39;18.20;800;123;5090.00;203
13833;121;628216242;13833;305;14632;14835;7.44;0.46;249.39;18.20;799;123;5091.00;203
13835;121;628216253;13835;299;14634;14836;7.42;0.46;249.37;18.23;799;123;5092.00;202
13840;121;628216263;13840;303;14634;14836;7.39;0.45;249.34;18.23;794;123;5093.00;202
13843;121;628216274;13843;296;14637;14839;7.40;0.46;249.33;18.23;794;123;5094.00;202
13844;121;628216285;13844;291;14638;14839;7.42;0.46;249.34;18.24;794;123;5095.00;201
13847;121;628216296;13847;291;14639;14839;7.39;0.46;249.33;18.24;792;123;5096.00;200
13851;121;628216305;13851;296;14640;14839;7.32;0.45;249.33;18.24;789;123;5097.00;199
13855;121;628216315;13855;301;14646;14845;7.26;0.45;249.33;18.25;791;123;5098.00;199
13857;121;628216325;13857;304;14647;14845;7.23;0.45;249.32;18.25;790;123;5099.00;198
13859;121;628216338;13859;305;14653;14864;7.14;0.44;249.34;18.26;794;123;5100.00;211
13862;121;628216355;13862;296;14654;14864;7.07;0.44;249.36;18.26;792;123;5101.00;210
13863;121;628216365;13863;295;14658;14868;7.08;0.44;249.35;18.25;795;123;5102.00;210
13867;121;628216375;13867;285;14660;14869;7.07;0.44;249.33;18.27;793;123;5103.00;209
13870;121;628216385;13870;280;14660;14869;7.06;0.44;249.29;18.27;790;123;5104.00;209
13872;121;628216395;13872;278;14661;14870;7.10;0.44;249.29;18.27;789;123;5105.00;209
13875;121;628216405;13875;280;14664;14870;7.12;0.44;249.33;18.28;789;123;5106.00;206
13877;121;628216414;13877;273;14665;14870;7.18;0.44;249.33;18.28;788;123;5107.00;205
13881;121;628216424;13881;268;14667;14870;7.22;0.45;249.36;18.30;786;123;5108.00;203
13887;121;628216435;13887;254;14667;14870;7.33;0.45;249.32;18.30;780;123;5109.00;203
13889;121;628216446;13889;244;14667;14870;7.50;0.46;249.32;18.30;778;123;5110.00;203
13895;121;628216456;13895;233;14667;14870;7.55;0.46;249.31;18.30;772;123;5111.00;203
13898;121;628216468;13898;237;14703;14940;7.74;0.48;249.32;18.26;805;123;5112.00;237
13902;121;628216487;13902;237;14706;14941;7.82;0.48;249.32;18.26;804;123;5113.00;235
13906;121;628216498;13906;230;14712;14941;7.95;0.49;249.34;18.25;806;123;5114.00;229
13909;121;628216509;13909;226;14714;14941;8.04;0.49;249.33;18.25;805;123;5115.00;227
13915;121;628216521;13915;226;14717;14941;8.12;0.50;249.34;18.24;802;123;5116.00;224
13923;121;628216531;13923;218;14719;14941;8.20;0.50;249.32;18.24;796;123;5117.00;222
13929;121;628216542;13929;213;14722;14941;8.25;0.50;249.28;18.24;793;123;5118.00;219
13935;121;628216553;13935;211;14724;14941;8.25;0.50;249.28;18.24;789;123;5119.00;217
13938;121;628216563;13938;207;14725;14942;8.28;0.50;249.26;18.24;787;123;5120.00;217
13945;121;628216574;13945;206;14727;14943;8.34;0.51;249.25;18.24;782;123;5121.00;216
13948;121;628216585;13948;204;14728;14943;8.40;0.51;249.25;18.24;780;123;5122.00;215
13952;121;628216596;13952;196;14732;14947;8.42;0.51;249.24;18.23;780;123;5123.00;215
13956;121;628216607;13956;201;14734;14947;8.47;0.52;249.24;18.23;778;123;5124.00;213
13961;121;628216618;13961;201;14736;14947;8.51;0.52;249.26;18.23;775;123;5125.00;211
13964;121;628216630;13964;202;14737;14947;8.65;0.53;249.25;18.23;773;123;5126.00;210
13970;121;628216641;13970;205;14740;14953;8.68;0.53;249.22;18.23;770;123;5127.00;213
13974;121;628216652;13974;213;14740;14953;8.69;0.53;249.19;18.23;766;123;5128.00;213
13977;121;628216670;13977;209;14740;14953;8.73;0.53;249.25;18.23;763;123;5129.00;213
13981;121;628216684;13981;213;14744;14959;8.83;0.54;249.26;18.23;763;123;5130.00;215
13984;121;628216698;13984;214;14745;14959;8.90;0.54;249.28;18.23;761;123;5131.00;214
13987;121;628216710;13987;211;14745;14959;8.96;0.55;249.30;18.23;758;123;5132.00;214
13990;121;628216722;13990;206;14745;14960;9.01;0.55;249.29;18.23;755;123;5133.00;215
13995;121;628216734;13995;210;14748;14961;9.04;0.55;249.28;18.23;753;123;5134.00;213
13997;121;628216748;13997;212;14748;14961;9.15;0.56;249.26;18.23;751;123;5135.00;213
14000;121;628216759;14000;214;14758;14974;9.25;0.56;249.28;18.22;758;123;5136.00;216
14004;121;628216771;14004;212;14760;14974;9.28;0.57;249.27;18.37;756;123;5137.00;214
14007;121;628216784;14007;210;14760;14974;9.29;0.57;249.29;18.37;753;123;5138.00;214
14012;121;628216796;14012;210;14762;14975;9.25;0.56;249.31;18.37;750;123;5139.00;213
14017;121;628216808;14017;209;14763;14975;9.23;0.56;249.36;18.37;746;123;5140.00;212
14022;121;628216820;14022;209;14765;14979;9.20;0.56;249.36;18.37;743;123;5141.00;214
14027;121;628216832;14027;216;14768;14979;9.11;0.55;249.38;18.37;741;123;5142.00;211
14030;121;628216843;14030;223;14772;14983;9.07;0.55;249.41;18.37;742;123;5143.00;211
14032;121;628216854;14032;224;14773;14983;9.04;0.55;249.41;18.36;741;123;5144.00;210
14035;121;628216866;14035;232;14774;14983;9.06;0.55;249.42;18.36;739;123;5145.00;209
14038;121;628216877;14038;236;14775;14983;9.08;0.55;249.42;18.36;737;123;5146.00;208
14042;121;628216889;14042;232;14776;14983;9.10;0.55;249.43;18.36;734;123;5147.00;207
14044;121;628216901;14044;229;14787;14995;9.26;0.56;249.42;18.35;743;123;5148.00;208
14045;121;628216914;14045;229;14787;14995;9.33;0.57;249.43;18.35;742;123;5149.00;208
14047;121;628216927;14047;223;14788;14995;9.39;0.57;249.42;18.35;741;123;5150.00;207
14050;121;628216938;14050;221;14788;14995;9.41;0.57;249.48;18.35;738;123;5151.00;207
14053;121;628216955;14053;217;14789;14995;9.42;0.57;249.49;18.35;736;123;5152.00;206
14054;121;628216967;14054;212;14790;14995;9.43;0.57;249.49;18.35;736;123;5153.00;205
14059;121;628216980;14059;210;14790;14996;9.44;0.58;249.56;18.35;731;123;5154.00;206
14061;121;628216991;14061;213;14792;14998;9.44;0.58;249.56;18.35;731;123;5155.00;206
14068;121;628217003;14068;198;14795;15004;9.40;0.57;249.57;18.35;727;123;5156.00;209
14069;121;628217016;14069;188;14798;15005;9.47;0.58;249.56;18.34;729;123;5157.00;207
14070;121;628217034;14070;174;14799;15005;9.59;0.58;249.57;18.34;729;123;5158.00;206
14072;121;628217046;14072;165;14799;15005;9.71;0.59;249.56;18.34;727;123;5159.00;206
14076;121;628217065;14076;154;14803;15010;9.79;0.59;249.61;18.34;727;123;5160.00;207
14078;121;628217077;14078;147;14803;15010;9.87;0.60;249.61;18.34;725;123;5161.00;207
14079;121;628217089;14079;138;14803;15010;10.02;0.61;249.64;18.34;724;123;5162.00;207
14083;121;628217101;14083;126;14804;15011;10.16;0.62;249.64;18.33;721;123;5163.00;207
14085;121;628217114;14085;129;14807;15015;10.29;0.62;249.64;18.33;722;123;5164.00;208
14088;121;628217126;14088;127;14807;15015;10.49;0.64;249.64;18.33;719;123;5165.00;208
14089;121;628217138;14089;127;14809;15018;10.62;0.64;249.65;18.33;720;123;5166.00;209
14091;121;628217157;14091;131;14810;15018;10.79;0.66;249.67;18.33;719;123;5167.00;208
14092;121;628217169;14092;134;14810;15018;10.93;0.66;249.67;18.33;718;123;5168.00;208
14094;121;628217180;14094;139;14810;15018;11.07;0.67;249.68;18.33;716;123;5169.00;208
14097;121;628217192;14097;138;14813;15022;11.16;0.68;249.69;18.32;716;123;5170.00;209
14100;121;628217204;14100;139;14814;15022;11.18;0.68;249.67;18.32;714;123;5171.00;208
14103;121;628217216;14103;135;14814;15022;11.19;0.68;249.70;18.32;711;123;5172.00;208
14107;121;628217227;14107;141;14814;15022;11.15;0.68;249.69;18.32;707;123;5173.00;208
14109;121;628217239;14109;143;14814;15023;11.13;0.68;249.70;18.32;705;123;5174.00;209
14112;121;628217251;14112;142;14816;15025;11.11;0.68;249.70;18.32;704;123;5175.00;209
14118;121;628217262;14118;148;14816;15025;11.15;0.68;249.72;18.32;698;123;5176.00;209
14119;121;628217274;14119;149;14817;15026;11.20;0.68;249.73;18.32;698;123;5177.00;209
14126;121;628217290;14126;153;14817;15026;11.24;0.68;249.80;18.32;691;123;5178.00;209
14128;121;628217301;14128;151;14817;15026;11.27;0.68;249.84;18.32;689;123;5179.00;209
14133;121;628217312;14133;150;14817;15026;11.27;0.68;249.85;18.32;684;123;5180.00;209
14134;121;628217322;14134;148;14817;15026;11.30;0.69;249.84;18.32;683;123;5181.00;209
14136;121;628217338;14136;146;14817;15026;11.29;0.68;249.83;18.32;681;123;5182.00;209
14139;121;628217348;14139;141;14818;15026;11.29;0.68;249.83;18.47;679;123;5183.00;208
14140;121;628217359;14140;166;14890;15153;10.99;0.67;249.84;18.38;750;123;5184.00;263
14143;121;628217378;14143;157;14891;15154;11.00;0.67;249.83;18.38;748;123;5185.00;263
14145;121;628217390;14145;146;14896;15154;11.06;0.68;249.83;18.38;751;123;5186.00;258
14149;121;628217401;14149;145;14898;15154;11.07;0.68;249.85;18.38;749;123;5187.00;256
14150;121;628217411;14150;146;14903;15154;11.08;0.68;249.84;18.37;753;123;5188.00;251
14154;121;628217421;14154;153;14905;15154;11.07;0.68;249.86;18.37;751;123;5189.00;249
14157;121;628217434;14157;154;14909;15154;11.04;0.68;249.86;18.37;752;123;5190.00;245
14160;121;628217445;14160;160;14911;15154;11.01;0.67;249.87;18.36;751;123;5191.00;243
14162;121;628217461;14162;158;14915;15155;11.00;0.67;249.86;18.36;753;123;5192.00;240
14165;121;628217473;14165;162;14919;15156;11.03;0.68;249.87;18.36;754;123;5193.00;237
14168;121;628217492;14168;165;14923;15156;11.00;0.67;249.87;18.36;755;123;5194.00;233
14171;121;628217512;14171;174;14926;15157;10.94;0.67;249.87;18.35;755;123;5195.00;231
14174;121;628217531;14174;179;14928;15157;10.95;0.67;249.86;18.35;754;123;5196.00;229
14176;121;628217545;14176;184;14929;15157;10.92;0.67;249.85;18.35;753;123;5197.00;228
14178;121;628217577;14178;189;14930;15157;10.87;0.67;249.86;18.35;752;123;5198.00;227
14182;121;628217593;14182;189;14934;15161;10.82;0.66;249.85;18.51;752;123;5199.00;227
14185;121;628217607;14185;187;14935;15161;10.68;0.65;249.85;18.51;750;123;5200.00;226
14187;121;628217623;14187;191;14937;15161;10.55;0.65;249.89;18.50;750;123;5201.00;224
14189;121;628217635;14189;187;14939;15164;10.53;0.64;249.95;18.50;750;123;5202.00;225
14190;121;628217647;14190;186;14940;15164;10.48;0.64;249.94;18.50;750;123;5203.00;224
14193;121;628217664;14193;190;14940;15164;10.48;0.64;249.93;18.50;747;123;5204.00;224
14196;121;628217676;14196;192;14946;15168;10.46;0.64;249.94;18.53;750;123;5205.00;222
14200;121;628217690;14200;188;14947;15169;10.46;0.64;249.94;18.53;747;123;5206.00;222
14203;121;628217708;14203;187;14948;15169;10.52;0.64;249.97;18.53;745;123;5207.00;221
14207;121;628217718;14207;184;14950;15173;10.56;0.65;249.96;18.53;743;123;5208.00;223
14211;121;628217730;14211;179;14952;15173;10.51;0.64;249.93;18.68;741;123;5209.00;221
14216;121;628217740;14216;173;14952;15173;10.50;0.64;249.88;18.68;736;123;5210.00;221
14221;121;628217751;14221;170;14953;15174;10.54;0.64;249.84;18.68;732;123;5211.00;221
14222;121;628217762;14222;175;14954;15174;10.53;0.64;249.85;18.68;732;123;5212.00;220
14224;121;628217773;14224;179;14957;15180;10.54;0.64;249.83;18.68;733;123;5213.00;223
14227;121;628217784;14227;186;14958;15180;10.50;0.64;249.84;18.68;731;123;5214.00;222
14229;121;628217795;14229;194;14959;15180;10.47;0.64;249.82;18.68;730;123;5215.00;221
14234;121;628217805;14234;193;14960;15181;10.32;0.63;249.79;18.68;726;123;5216.00;221
14238;121;628217816;14238;196;14960;15181;10.21;0.62;249.74;18.68;722;123;5217.00;221
14240;121;628217826;14240;196;14960;15181;10.13;0.61;249.72;18.68;720;123;5218.00;221
14243;121;628217837;14243;204;14961;15181;10.01;0.61;249.70;18.68;718;123;5219.00;220
14245;121;628217851;14245;207;14981;15217;9.99;0.61;249.68;18.65;736;123;5220.00;236
14248;121;628217864;14248;213;14982;15217;9.88;0.60;249.65;18.65;734;123;5221.00;235
14248;121;628217874;14248;216;14984;15217;9.78;0.60;249.65;18.65;736;123;5222.00;233
14249;121;628217884;14249;217;14985;15217;9.67;0.59;249.68;18.65;736;123;5223.00;232
14250;121;628217894;14250;229;14985;15217;9.53;0.58;249.68;18.65;735;123;5224.00;232
14254;121;628217904;14254;233;14987;15217;9.38;0.57;249.70;18.65;733;123;5225.00;230
14256;121;628217915;14256;239;14990;15221;9.23;0.56;249.70;18.64;734;123;5226.00;231
14258;121;628217925;14258;248;14992;15221;9.04;0.55;249.67;18.64;734;123;5227.00;229
14258;121;628217936;14258;249;14994;15225;8.98;0.55;249.67;18.64;736;123;5228.00;231
14259;121;628217947;14259;251;14996;15226;8.90;0.54;249.66;18.64;737;123;5229.00;230
14260;121;628217957;14260;252;14998;15226;8.78;0.53;249.71;18.64;738;123;5230.00;228
14261;121;628217968;14261;255;15000;15226;8.68;0.53;249.71;18.66;739;123;5231.00;226
14263;121;628217978;14263;271;15010;15239;8.53;0.52;249.69;18.65;747;123;5232.00;229
14264;121;628217990;14264;271;15011;15239;8.44;0.52;249.68;18.67;747;123;5233.00;228
14264;121;628217999;14264;278;15015;15239;8.34;0.51;249.68;18.68;751;123;5234.00;224
14266;121;628218009;14266;268;15016;15240;8.32;0.51;249.67;18.68;750;123;5235.00;224
14266;121;628218020;14266;266;15017;15241;8.30;0.51;249.67;18.70;751;123;5236.00;224
14267;121;628218031;14267;268;15019;15241;8.27;0.51;249.67;18.71;752;123;5237.00;222
14267;121;628218040;14267;269;15024;15244;8.35;0.51;249.67;18.74;757;123;5238.00;220
14270;121;628218050;14270;268;15025;15244;8.36;0.51;249.66;18.74;755;123;5239.00;219
14271;121;628218067;14271;267;15025;15244;8.40;0.51;249.67;18.74;754;123;5240.00;219
14272;121;628218077;14272;268;15028;15244;8.45;0.52;249.66;18.76;756;123;5241.00;216
14275;121;628218087;14275;266;15032;15250;8.57;0.52;249.65;18.76;757;123;5242.00;218
14275;121;628218098;14275;262;15035;15250;8.59;0.52;249.65;18.78;760;123;5243.00;215
14277;121;628218108;14277;263;15035;15250;8.53;0.52;249.63;18.78;758;123;5244.00;215
14277;121;628218118;14277;265;15037;15250;8.44;0.51;249.63;18.80;760;123;5245.00;213
14277;121;628218128;14277;263;15040;15254;8.41;0.51;249.63;18.80;763;123;5246.00;214
14279;121;628218139;14279;260;15043;15255;8.38;0.51;249.62;18.81;764;123;5247.00;212
14282;121;628218149;14282;263;15044;15255;8.33;0.51;249.58;18.83;762;123;5248.00;211
14282;121;628218160;14282;257;15046;15256;8.31;0.51;249.58;18.83;764;123;5249.00;210
14282;121;628218171;14282;249;15047;15256;8.30;0.51;249.58;18.85;765;123;5250.00;209
14282;121;628218182;14282;248;15048;15256;8.32;0.51;249.58;18.85;766;123;5251.00;208
14285;121;628218192;14285;250;15049;15256;8.27;0.50;249.58;18.86;764;123;5252.00;207
14286;121;628218202;14286;246;15050;15256;8.27;0.50;249.58;18.86;764;123;5253.00;206
14288;121;628218212;14288;242;15050;15256;8.28;0.50;249.57;18.86;762;123;5254.00;206
14288;121;628218223;14288;239;15052;15256;8.29;0.50;249.57;18.88;764;123;5255.00;204
14290;121;628218239;14290;242;15089;15326;8.38;0.51;249.56;18.83;799;123;5256.00;237
14293;121;628218257;14293;242;15089;15327;8.32;0.51;249.59;18.83;796;123;5257.00;238
14295;121;628218269;14295;241;15098;15327;8.38;0.51;249.58;18.84;803;123;5258.00;229
14297;121;628218279;14297;248;15106;15327;8.37;0.51;249.60;18.83;809;123;5259.00;221
14298;121;628218289;14298;238;15110;15327;8.31;0.51;249.60;18.83;812;123;5260.00;217
14299;121;628218299;14299;244;15114;15327;8.23;0.50;249.62;18.84;815;123;5261.00;213
14304;121;628218310;14304;250;15118;15327;8.07;0.50;249.60;18.84;814;123;5262.00;209
14309;121;628218320;14309;253;15120;15327;7.94;0.49;249.62;18.85;811;123;5263.00;207
14312;121;628218331;14312;254;15123;15328;7.87;0.48;249.62;18.85;811;123;5264.00;205
14317;121;628218342;14317;264;15127;15330;7.69;0.47;249.60;18.88;810;123;5265.00;203
14321;121;628218353;14321;261;15128;15330;7.52;0.46;249.60;18.89;807;123;5266.00;202
14324;121;628218364;14324;264;15131;15334;7.39;0.46;249.61;18.89;807;123;5267.00;203
14331;121;628218374;14331;266;15131;15334;7.23;0.45;249.60;18.89;800;123;5268.00;203
14336;121;628218385;14336;262;15132;15334;7.16;0.44;249.59;18.90;796;123;5269.00;202
14340;121;628218397;14340;256;15133;15334;7.14;0.44;249.60;18.92;793;123;5270.00;201
14344;121;628218407;14344;252;15137;15340;7.22;0.45;249.59;18.91;793;123;5271.00;203
14348;121;628218418;14348;253;15139;15340;7.27;0.45;249.59;18.92;791;123;5272.00;201
14355;121;628218428;14355;243;15140;15340;7.29;0.45;249.61;18.92;785;123;5273.00;200
14359;121;628218440;14359;246;15142;15343;7.33;0.45;249.62;18.92;783;123;5274.00;201
14364;121;628218450;14364;245;15143;15343;7.35;0.45;249.61;18.93;779;123;5275.00;200
14368;121;628218461;14368;242;15145;15343;7.42;0.46;249.65;18.95;777;123;5276.00;198
14371;121;628218473;14371;236;15146;15344;7.50;0.46;249.65;18.96;775;123;5277.00;198
14375;121;628218485;14375;227;15148;15345;7.61;0.47;249.65;18.97;773;123;5278.00;197
14378;121;628218496;14378;214;15148;15345;7.70;0.47;249.63;18.97;770;123;5279.00;197
14382;121;628218509;14382;209;15167;15371;7.81;0.48;249.64;18.96;785;123;5280.00;204
14383;121;628218522;14383;205;15168;15371;7.93;0.49;249.65;18.96;785;123;5281.00;203
14385;121;628218533;14385;195;15170;15371;8.08;0.50;249.66;18.96;785;123;5282.00;201
14391;121;628218543;14391;190;15172;15372;8.25;0.50;249.69;18.96;781;123;5283.00;200
14392;121;628218554;14392;194;15172;15372;8.37;0.51;249.68;18.96;780;123;5284.00;200
14398;121;628218571;14398;195;15176;15376;8.42;0.51;249.66;18.95;778;123;5285.00;200
14405;121;628218588;14405;196;15176;15376;8.53;0.52;249.63;18.95;771;123;5286.00;200
14408;121;628218599;14408;195;15179;15379;8.65;0.53;249.67;18.95;771;123;5287.00;200
14415;121;628218610;14415;191;15179;15380;8.68;0.53;249.71;18.95;764;123;5288.00;201
14420;121;628218620;14420;191;15179;15380;8.67;0.53;249.71;18.95;759;123;5289.00;201
14422;121;628218631;14422;192;15179;15380;8.69;0.53;249.70;18.95;757;123;5290.00;201
14426;121;628218642;14426;192;15179;15380;8.80;0.54;249.70;18.95;753;123;5291.00;201
14430;121;628218653;14430;197;15189;15392;8.94;0.55;249.70;18.94;759;123;5292.00;203
14435;121;628218664;14435;199;15189;15392;9.03;0.55;249.68;18.94;754;123;5293.00;203
14438;121;628218675;14438;197;15190;15392;9.14;0.56;249.69;18.94;752;123;5294.00;202
14440;121;628218686;14440;199;15190;15392;9.24;0.57;249.71;18.94;750;123;5295.00;202
14447;121;628218697;14447;198;15190;15392;9.27;0.57;249.74;18.94;743;123;5296.00;202
14450;121;628218708;14450;197;15190;15392;9.36;0.57;249.74;18.94;740;123;5297.00;202
14453;121;628218719;14453;196;15190;15393;9.48;0.58;249.76;18.94;737;123;5298.00;203
14459;121;628218730;14459;200;15190;15393;9.55;0.58;249.77;18.94;731;123;5299.00;203
14463;121;628218742;14463;204;15194;15399;9.62;0.59;249.78;18.93;731;123;5300.00;205
14469;121;628218757;14469;205;15195;15400;9.62;0.59;249.79;18.93;726;123;5301.00;205
14472;121;628218768;14472;209;15196;15400;9.63;0.59;249.78;18.93;724;123;5302.00;204
14476;121;628218779;14476;214;15196;15400;9.70;0.59;249.80;18.93;720;123;5303.00;204
14478;121;628218789;14478;216;15199;15404;9.73;0.59;249.82;18.93;721;123;5304.00;205
14484;121;628218801;14484;214;15199;15404;9.72;0.59;249.80;18.93;715;123;5305.00;205
14486;121;628218812;14486;211;15199;15404;9.74;0.59;249.81;18.93;713;123;5306.00;205
14491;121;628218823;14491;213;15200;15405;9.73;0.59;249.82;18.92;709;123;5307.00;205
14496;121;628218834;14496;208;15203;15409;9.68;0.59;249.82;18.92;707;123;5308.00;206
14500;121;628218845;14500;211;15203;15409;9.69;0.59;249.82;18.92;703;123;5309.00;206
14503;121;628218858;14503;209;15206;15415;9.72;0.59;249.83;18.92;703;123;5310.00;209
14506;121;628218870;14506;207;15207;15415;9.70;0.59;249.83;18.92;701;123;5311.00;208
14507;121;628218881;14507;208;15207;15415;9.68;0.59;249.84;18.92;700;123;5312.00;208
14510;121;628218891;14510;211;15208;15415;9.66;0.59;249.84;18.92;698;123;5313.00;207
14515;121;628218902;14515;216;15210;15419;9.61;0.58;249.82;18.91;695;123;5314.00;209
14520;121;628218913;14520;220;15211;15419;9.59;0.58;249.83;18.91;691;123;5315.00;208
14525;121;628218924;14525;226;15211;15419;9.53;0.58;249.85;18.91;686;123;5316.00;208
14528;121;628218935;14528;217;15212;15419;9.54;0.58;249.88;18.91;684;123;5317.00;207
14532;121;628218946;14532;215;15213;15420;9.49;0.58;249.91;19.07;681;123;5318.00;207
14537;121;628218959;14537;208;15215;15421;9.53;0.58;250.03;19.07;678;123;5319.00;206
14539;121;628218970;14539;210;15215;15421;9.49;0.58;250.04;19.07;676;123;5320.00;206
14543;121;628218981;14543;211;15216;15422;9.46;0.57;250.04;19.07;673;123;5321.00;206
14546;121;628218991;14546;215;15216;15422;9.46;0.57;250.08;19.07;670;123;5322.00;206
14550;121;628219002;14550;214;15216;15422;9.48;0.58;250.12;19.07;666;123;5323.00;206
14551;121;628219012;14551;211;15216;15422;9.49;0.58;250.13;19.07;665;123;5324.00;206
14556;121;628219023;14556;212;15216;15422;9.48;0.58;250.13;19.07;660;123;5325.00;206
14558;121;628219033;14558;196;15216;15422;9.49;0.58;250.15;19.07;658;123;5326.00;206
14561;121;628219043;14561;184;15216;15422;9.48;0.58;250.16;19.07;655;123;5327.00;206
14565;121;628219059;14565;197;15283;15549;9.42;0.58;250.19;18.98;718;123;5328.00;266
14567;121;628219079;14567;177;15285;15550;9.47;0.58;250.22;18.98;718;123;5329.00;265
14570;121;628219090;14570;158;15293;15550;9.58;0.59;250.24;18.97;723;123;5330.00;257
14571;121;628219102;14571;154;15297;15550;9.69;0.60;250.23;18.97;726;123;5331.00;253
14571;121;628219113;14571;144;15302;15550;9.88;0.61;250.23;18.96;731;123;5332.00;248
14574;121;628219123;14574;134;15306;15550;10.00;0.62;250.25;18.96;732;123;5333.00;244
14577;121;628219135;14577;128;15310;15550;10.10;0.62;250.26;18.96;733;123;5334.00;240
14578;121;628219151;14578;134;15314;15550;10.20;0.63;250.27;19.11;736;123;5335.00;236
14582;121;628219163;14582;136;15319;15551;10.23;0.63;250.29;19.11;737;123;5336.00;232
14584;121;628219174;14584;144;15321;15552;10.26;0.63;250.29;19.11;737;123;5337.00;231
14586;121;628219185;14586;139;15323;15552;10.27;0.63;250.27;19.11;737;123;5338.00;229
14590;121;628219197;14590;144;15326;15553;10.21;0.63;250.27;19.10;736;123;5339.00;227
14593;121;628219215;14593;140;15328;15553;10.10;0.62;250.29;19.10;735;123;5340.00;225
14596;121;628219233;14596;144;15329;15553;10.02;0.62;250.27;19.10;733;123;5341.00;224
14599;121;628219244;14599;147;15332;15553;9.94;0.61;250.29;19.10;733;123;5342.00;221
14603;121;628219255;14603;155;15335;15557;9.97;0.61;250.35;19.10;732;123;5343.00;222
14606;121;628219266;14606;160;15337;15557;9.99;0.61;250.36;19.10;731;123;5344.00;220
14606;121;628219277;14606;163;15338;15557;10.10;0.62;250.36;19.10;732;123;5345.00;219
14613;121;628219288;14613;176;15341;15560;10.15;0.62;250.37;19.10;728;123;5346.00;219
14615;121;628219298;14615;177;15342;15560;10.25;0.62;250.41;19.09;727;123;5347.00;218
14616;121;628219315;14616;180;15342;15560;10.30;0.63;250.43;19.09;726;123;5348.00;218
14618;121;628219325;14618;186;15346;15564;10.34;0.63;250.43;19.09;728;123;5349.00;218
14619;121;628219335;14619;185;15347;15565;10.39;0.63;250.43;19.09;728;123;5350.00;218
14620;121;628219351;14620;185;15348;15565;10.43;0.64;250.41;19.09;728;123;5351.00;217
14623;121;628219366;14623;189;15351;15569;10.44;0.64;250.40;19.08;728;123;5352.00;218
14625;121;628219377;14625;191;15351;15569;10.42;0.64;250.40;19.08;726;123;5353.00;218
14628;121;628219386;14628;196;15351;15569;10.37;0.63;250.39;19.08;723;123;5354.00;218
14630;121;628219396;14630;201;15353;15571;10.36;0.63;250.38;19.08;723;123;5355.00;218
14631;121;628219406;14631;202;15353;15571;10.36;0.63;250.37;19.08;722;123;5356.00;218
14633;121;628219416;14633;200;15358;15577;10.35;0.63;250.35;19.24;725;123;5357.00;219
14634;121;628219426;14634;202;15358;15577;10.33;0.63;250.34;19.24;724;123;5358.00;219
14635;121;628219436;14635;207;15359;15577;10.39;0.63;250.34;19.24;724;123;5359.00;218
14638;121;628219445;14638;209;15359;15578;10.37;0.63;250.31;19.24;721;123;5360.00;219
14639;121;628219454;14639;208;15359;15578;10.43;0.64;250.32;19.24;720;123;5361.00;219
14641;121;628219464;14641;210;15359;15578;10.44;0.64;250.30;19.24;718;123;5362.00;219
14642;121;628219473;14642;213;15359;15578;10.48;0.64;250.29;19.24;717;123;5363.00;219
14644;121;628219487;14644;215;15369;15590;10.55;0.65;250.28;19.22;725;123;5364.00;221
14650;121;628219504;14650;211;15369;15590;10.56;0.65;250.25;19.22;719;123;5365.00;221
14655;121;628219520;14655;210;15370;15590;10.58;0.65;250.24;19.22;715;123;5366.00;220
14658;121;628219537;14658;209;15370;15590;10.58;0.65;250.24;19.22;712;123;5367.00;220
14662;121;628219558;14662;210;15370;15590;10.54;0.64;250.22;19.22;708;123;5368.00;220
14665;121;628219572;14665;209;15370;15590;10.49;0.64;250.19;19.22;705;123;5369.00;220
14669;121;628219590;14669;208;15373;15594;10.46;0.64;250.19;19.22;704;123;5370.00;221
14670;121;628219602;14670;207;15373;15594;10.50;0.64;250.19;19.22;703;123;5371.00;221
14674;121;628219611;14674;206;15376;15598;10.55;0.64;250.16;19.22;702;123;5372.00;222
14681;121;628219622;14681;207;15378;15599;10.57;0.64;250.15;19.21;697;123;5373.00;221
14684;121;628219633;14684;200;15379;15599;10.58;0.64;250.15;19.23;695;123;5374.00;220
14685;121;628219645;14685;202;15379;15599;10.55;0.64;250.15;19.23;694;123;5375.00;220
14687;121;628219655;14687;198;15391;15612;10.52;0.64;250.14;19.40;704;123;5376.00;221
14688;121;628219667;14688;197;15391;15612;10.55;0.64;250.14;19.40;703;123;5377.00;221
14690;121;628219677;14690;201;15392;15612;10.50;0.64;250.14;19.40;702;123;5378.00;220
14693;121;628219688;14693;202;15393;15613;10.54;0.64;250.13;19.40;700;123;5379.00;220
14698;121;628219698;14698;204;15393;15614;10.58;0.64;250.10;19.40;695;123;5380.00;221
14699;121;628219708;14699;203;15393;15614;10.61;0.65;250.10;19.40;694;123;5381.00;221
14701;121;628219724;14701;200;15395;15617;10.65;0.65;250.08;19.39;694;123;5382.00;222
14701;121;628219733;14701;197;15396;15617;10.69;0.65;250.08;19.39;695;123;5383.00;221
14702;121;628219742;14702;199;15396;15617;10.65;0.65;250.08;19.39;694;123;5384.00;221
14706;121;628219752;14706;206;15396;15617;10.57;0.64;250.06;19.39;690;123;5385.00;221
14708;121;628219761;14708;204;15400;15623;10.49;0.64;250.04;19.39;692;123;5386.00;223
14712;121;628219771;14712;192;15400;15623;10.39;0.63;250.02;19.39;688;123;5387.00;223
14714;121;628219781;14714;183;15401;15623;10.32;0.62;250.01;19.39;687;123;5388.00;222
14714;121;628219791;14714;174;15401;15623;10.35;0.63;250.01;19.39;687;123;5389.00;222
14715;121;628219801;14715;166;15404;15627;10.30;0.62;250.00;19.38;689;123;5390.00;223
14718;121;628219819;14718;162;15405;15628;10.31;0.62;250.00;19.38;687;123;5391.00;223
14718;121;628219830;14718;162;15405;15628;10.25;0.62;250.00;19.38;687;123;5392.00;223
14721;122;628219839;14721;159;15406;15629;10.27;0.62;249.98;19.38;685;124;5393.00;223
14722;122;628219870;14722;157;15406;15629;10.29;0.62;250.03;19.38;684;124;5394.00;223
14723;122;628219881;14723;151;15406;15629;10.31;0.62;250.02;19.38;683;124;5395.00;223
14725;122;628219893;14725;155;15406;15629;10.31;0.63;250.02;19.38;681;124;5396.00;223
14727;123;628219904;14727;160;15407;15629;10.27;0.62;250.06;19.39;680;125;5397.00;222
14730;123;628219930;14730;160;15407;15629;10.21;0.62;250.04;19.39;677;125;5398.00;222
14731;123;628219941;14731;161;15407;15629;10.23;0.62;250.03;19.39;676;125;5399.00;222
