step_arrived;step_collisions;step_duration;step_ended;step_halting;step_inserted;step_loaded;step_meanSpeed;step_meanSpeedRelative;step_meanTravelTime;step_meanWaitingTime;step_running;step_teleports;step_time;step_waiting
0;0;628936481;0;1;89;245;16.11;1.13;-1.00;0.00;89;0;0.00;156
0;0;628936508;0;0;103;245;15.23;1.05;-1.00;0.14;103;0;1.00;142
0;0;628936509;0;1;123;245;14.34;0.98;-1.00;0.44;123;0;2.00;122
0;0;628936510;0;2;135;245;13.62;0.92;-1.00;0.67;135;0;3.00;110
0;0;628936511;0;3;148;245;12.55;0.84;-1.00;0.96;148;0;4.00;97
0;0;628936512;0;5;159;245;11.46;0.77;-1.00;1.24;159;0;5.00;86
0;0;628936514;0;9;166;245;10.94;0.73;-1.00;1.44;166;0;6.00;79
0;0;628936515;0;12;171;245;10.40;0.69;-1.00;1.60;171;0;7.00;74
0;0;628936517;0;17;179;246;9.84;0.66;-1.00;1.89;179;0;8.00;67
0;0;628936519;0;14;181;247;9.59;0.64;-1.00;1.97;181;0;9.00;66
0;0;628936521;0;19;189;247;9.16;0.61;-1.00;2.31;189;0;10.00;58
1;0;628936522;1;20;195;248;8.94;0.59;11.00;2.49;194;0;11.00;53
1;0;628936525;1;25;198;248;8.87;0.58;11.00;2.63;197;0;12.00;50
1;0;628936527;1;28;203;248;8.84;0.58;11.00;2.89;202;0;13.00;45
1;0;628936529;1;33;203;248;8.87;0.58;11.00;2.89;202;0;14.00;45
1;0;628936531;1;37;211;252;8.83;0.57;11.00;3.21;210;0;15.00;41
1;1;628936534;1;39;213;252;8.82;0.57;11.00;3.33;212;1;16.00;39
1;1;628936547;1;45;215;252;8.84;0.57;11.00;3.46;214;1;17.00;37
1;1;628936550;1;49;220;255;8.71;0.56;11.00;3.71;219;1;18.00;35
2;1;628936558;2;53;225;255;8.66;0.55;15.00;4.05;223;1;19.00;30
2;1;628936560;2;58;225;255;8.74;0.56;15.00;4.05;223;1;20.00;30
3;1;628936563;3;63;232;259;8.82;0.56;17.00;4.22;229;1;21.00;27
3;1;628936566;3;65;235;260;8.92;0.56;17.00;4.35;232;1;22.00;25
4;1;628936569;4;69;238;260;8.84;0.56;18.50;4.59;234;1;23.00;22
5;1;628936572;5;72;244;264;8.89;0.56;19.60;4.71;239;1;24.00;20
5;1;628936575;5;79;247;264;8.92;0.56;19.60;4.86;242;1;25.00;17
6;1;628936578;6;82;249;264;8.82;0.55;20.33;5.03;243;1;26.00;15
6;1;628936581;6;82;249;265;8.91;0.55;20.33;5.03;243;1;27.00;16
6;1;628936584;6;80;252;265;9.00;0.56;20.33;5.21;246;1;28.00;13
7;1;628936587;7;84;259;271;8.98;0.56;21.57;5.36;252;1;29.00;12
7;1;628936592;7;87;260;271;9.04;0.56;21.57;5.35;253;1;30.00;11
7;1;628936595;7;87;263;272;9.04;0.56;21.57;5.46;256;1;31.00;9
8;1;628936598;8;91;263;272;9.04;0.56;22.50;5.46;255;1;32.00;9
9;1;628936601;9;95;264;272;9.05;0.56;23.67;5.56;255;1;33.00;8
10;1;628936604;10;97;266;272;8.92;0.55;24.20;5.67;256;1;34.00;6
11;1;628936607;11;100;267;272;8.87;0.55;24.82;5.67;256;1;35.00;5
11;1;628936611;11;103;279;284;9.19;0.57;24.82;5.43;268;1;36.00;5
11;1;628936614;11;108;279;284;9.10;0.56;24.82;5.43;268;1;37.00;5
11;1;628936617;11;111;279;284;9.03;0.56;24.82;5.43;268;1;38.00;5
12;1;628936620;12;117;279;284;8.87;0.55;25.58;5.43;267;1;39.00;5
13;1;628936623;13;119;279;284;8.74;0.54;26.46;5.43;266;1;40.00;5
13;1;628936626;13;125;280;284;8.61;0.53;26.46;5.56;267;1;41.00;4
13;1;628936629;13;125;284;288;8.52;0.52;26.46;5.49;271;1;42.00;4
15;1;628936633;15;126;284;288;8.25;0.51;27.93;5.49;269;1;43.00;4
16;1;628936636;16;132;287;292;8.12;0.50;27.63;5.45;271;1;44.00;5
16;1;628936639;16;138;289;294;8.06;0.50;27.63;5.41;273;1;45.00;5
16;1;628936642;16;139;290;294;7.93;0.49;27.63;5.40;274;1;46.00;4
17;1;628936645;17;140;290;294;7.79;0.48;28.35;5.40;273;1;47.00;4
18;1;628936648;18;144;302;307;7.96;0.49;29.44;5.19;284;1;48.00;5
18;1;628936652;18;147;302;307;7.87;0.49;29.44;5.19;284;1;49.00;5
19;1;628936655;19;149;302;307;7.74;0.48;30.53;5.19;283;1;50.00;5
19;1;628936657;19;151;303;308;7.73;0.48;30.53;5.17;284;1;51.00;5
21;1;628936660;21;150;304;309;7.59;0.47;30.81;5.16;283;1;52.00;5
21;1;628936663;21;151;304;309;7.57;0.47;30.81;5.16;283;1;53.00;5
21;1;628936666;21;149;306;312;7.58;0.47;30.81;5.12;285;1;54.00;6
21;1;628936669;21;151;306;312;7.48;0.46;30.81;5.12;285;1;55.00;6
21;1;628936672;21;138;307;312;7.50;0.47;30.81;5.11;286;1;56.00;5
24;1;628936675;24;136;307;312;7.33;0.45;32.88;5.11;283;1;57.00;5
24;1;628936678;24;139;312;318;7.27;0.45;32.88;5.05;288;1;58.00;6
24;1;628936682;24;138;312;318;7.25;0.45;32.88;5.05;288;1;59.00;6
24;1;628936687;24;139;313;318;7.32;0.45;32.88;5.04;289;1;60.00;5
25;1;628936690;25;146;313;318;7.39;0.46;34.00;5.04;288;1;61.00;5
26;1;628936695;26;147;317;322;7.44;0.46;33.96;4.99;291;1;62.00;5
26;1;628936698;26;149;318;323;7.60;0.47;33.96;4.97;292;1;63.00;5
28;1;628936701;28;151;318;323;7.56;0.47;36.00;4.97;290;1;64.00;5
30;1;628936704;30;155;319;324;7.64;0.47;36.53;4.96;289;1;65.00;5
30;1;628936707;30;157;319;324;7.70;0.48;36.53;4.96;289;1;66.00;5
31;1;628936711;31;148;319;324;7.74;0.48;36.84;4.96;288;1;67.00;5
33;1;628936714;33;143;319;324;7.84;0.48;38.73;4.96;286;1;68.00;5
34;1;628936718;34;136;319;324;7.97;0.49;39.62;4.96;285;1;69.00;5
35;1;628936721;35;132;319;324;8.13;0.50;40.49;4.96;284;1;70.00;5
36;1;628936724;36;129;319;324;8.31;0.51;41.11;4.96;283;1;71.00;5
38;1;628936727;38;135;355;394;8.43;0.51;42.61;4.46;317;1;72.00;39
38;1;628936742;38;126;356;395;8.63;0.53;42.61;4.45;318;1;73.00;39
38;1;628936751;38;121;362;395;9.05;0.55;42.61;4.41;324;1;74.00;33
38;1;628936754;38;116;367;395;9.42;0.57;42.61;4.39;329;1;75.00;28
38;1;628936758;38;112;371;395;9.65;0.59;42.61;4.39;333;1;76.00;24
38;1;628936773;38;112;376;395;9.83;0.60;42.61;4.39;338;1;77.00;19
38;1;628936785;38;110;377;395;9.82;0.60;42.61;4.40;339;1;78.00;18
38;2;628936796;38;109;378;395;9.84;0.60;42.61;4.40;340;2;79.00;17
38;2;628936811;38;110;380;396;9.93;0.60;42.61;4.41;342;2;80.00;16
39;2;628936816;39;108;381;397;9.90;0.60;43.59;4.39;342;2;81.00;16
39;2;628936825;39;111;382;397;9.94;0.60;43.59;4.41;343;2;82.00;15
40;2;628936829;40;116;386;401;9.83;0.59;44.13;4.37;346;2;83.00;15
40;2;628936833;40;115;386;401;9.85;0.60;44.13;4.37;346;2;84.00;15
41;2;628936837;41;120;386;401;9.86;0.60;45.02;4.37;345;2;85.00;15
41;2;628936840;41;121;386;401;9.80;0.60;45.02;4.37;345;2;86.00;15
41;2;628936844;41;120;390;407;9.84;0.60;45.02;4.34;349;2;87.00;17
41;2;628936848;41;121;390;407;9.77;0.59;45.02;4.34;349;2;88.00;17
43;2;628936852;43;123;391;407;9.75;0.59;47.07;4.34;348;2;89.00;16
45;2;628936857;45;125;394;413;9.72;0.59;48.98;4.30;349;2;90.00;19
48;2;628936862;48;130;395;413;9.74;0.59;51.60;4.29;347;2;91.00;18
49;2;628936865;49;130;395;413;9.74;0.59;52.43;4.29;346;2;92.00;18
53;2;628936870;53;133;397;414;9.67;0.59;55.23;4.28;344;2;93.00;17
56;2;628936874;56;133;398;415;9.62;0.59;57.21;4.27;342;2;94.00;17
57;2;628936878;57;135;399;415;9.59;0.58;57.88;4.28;342;2;95.00;16
58;2;628936882;58;138;409;428;9.41;0.57;58.53;4.17;351;2;96.00;19
59;2;628936886;59;136;410;428;9.38;0.57;59.19;4.16;351;2;97.00;18
62;2;628936890;62;138;410;428;9.35;0.57;59.89;4.16;348;2;98.00;18
63;2;628936894;63;134;411;429;9.41;0.57;60.51;4.15;348;2;99.00;18
63;2;628936899;63;131;411;429;9.47;0.58;60.51;4.15;348;2;100.00;18
65;2;628936906;65;131;413;433;9.50;0.58;61.63;4.14;348;2;101.00;20
66;2;628936911;66;123;413;433;9.54;0.58;62.21;4.14;347;2;102.00;20
66;2;628936915;66;117;418;437;9.58;0.58;62.21;4.11;352;2;103.00;19
67;2;628936920;67;115;418;437;9.66;0.59;62.79;4.11;351;2;104.00;19
67;2;628936924;67;110;418;437;9.82;0.60;62.79;4.11;351;2;105.00;19
68;2;628936930;68;104;418;437;9.92;0.60;63.40;4.11;350;2;106.00;19
68;2;628936935;68;100;418;437;9.96;0.60;63.40;4.11;350;2;107.00;19
69;2;628936939;69;96;429;449;9.97;0.61;64.04;4.00;360;2;108.00;20
69;2;628936945;69;85;430;449;9.99;0.61;64.04;3.99;361;2;109.00;19
70;2;628936949;70;78;430;449;10.06;0.61;64.40;3.99;360;2;110.00;19
70;2;628936954;70;76;430;449;10.18;0.62;64.40;3.99;360;2;111.00;19
70;2;628936959;70;75;430;449;10.35;0.63;64.40;3.99;360;2;112.00;19
70;2;628936963;70;73;430;449;10.58;0.65;64.40;3.99;360;2;113.00;19
72;2;628936968;72;71;431;450;10.78;0.66;65.75;3.99;359;2;114.00;19
72;2;628936974;72;72;431;450;10.92;0.67;65.75;3.99;359;2;115.00;19
72;2;628936978;72;69;435;456;11.10;0.68;65.75;3.96;363;2;116.00;21
72;2;628936984;72;67;438;457;11.23;0.69;65.75;4.20;366;2;117.00;19
75;2;628936990;75;68;438;457;11.31;0.69;67.05;4.20;363;2;118.00;19
75;2;628936996;75;73;441;457;11.41;0.70;67.05;4.66;366;2;119.00;16
77;2;628937003;77;75;445;462;11.51;0.70;68.29;4.62;368;2;120.00;17
78;2;628937010;78;75;445;462;11.55;0.71;68.96;4.62;367;2;121.00;17
78;2;628937015;78;77;446;462;11.48;0.70;68.96;4.88;368;2;122.00;16
79;2;628937021;79;77;449;463;11.53;0.70;69.62;5.08;370;2;123.00;14
81;2;628937027;81;79;454;467;11.53;0.70;70.93;5.30;373;2;124.00;13
82;2;628937033;82;81;455;467;11.55;0.71;71.59;5.41;373;2;125.00;12
83;2;628937039;83;85;459;470;11.65;0.71;71.81;5.65;376;2;126.00;11
84;2;628937046;84;88;461;470;11.73;0.72;72.43;5.74;377;2;127.00;9
86;2;628937052;86;90;463;470;11.73;0.71;73.05;5.96;377;2;128.00;7
86;2;628937058;86;91;464;470;11.69;0.71;73.05;6.04;378;2;129.00;6
88;2;628937064;88;93;468;474;11.68;0.71;74.32;6.18;380;2;130.00;6
90;2;628937071;90;95;468;474;11.63;0.71;75.41;6.18;378;2;131.00;6
91;2;628937076;91;98;469;474;11.74;0.72;76.03;6.17;378;2;132.00;5
92;2;628937082;92;101;472;474;11.64;0.71;75.87;6.26;380;2;133.00;2
95;2;628937089;95;101;473;475;11.67;0.71;76.31;6.25;378;2;134.00;2
95;2;628937096;95;98;475;477;11.56;0.71;76.31;6.22;380;2;135.00;2
95;2;628937101;95;97;476;477;11.46;0.70;76.31;6.29;381;2;136.00;1
96;2;628937107;96;97;477;478;11.48;0.70;76.93;6.28;381;2;137.00;1
99;2;628937113;99;102;477;478;11.47;0.70;78.25;6.28;378;2;138.00;1
102;2;628937119;102;105;478;478;11.38;0.70;79.26;6.31;376;2;139.00;0
105;2;628937125;105;106;478;478;11.35;0.69;80.21;6.31;373;2;140.00;0
107;2;628937131;107;109;478;478;11.29;0.69;81.33;6.31;371;2;141.00;0
109;2;628937137;109;111;478;478;11.29;0.69;81.66;6.31;369;2;142.00;0
110;2;628937143;110;113;478;478;11.37;0.70;81.35;6.31;368;2;143.00;0
111;2;628937149;111;132;549;605;11.18;0.70;81.91;5.50;438;2;144.00;56
112;2;628937165;112;125;556;606;11.23;0.71;82.15;5.44;444;2;145.00;50
115;2;628937171;115;120;566;606;11.29;0.71;83.31;5.38;451;2;146.00;40
115;2;628937178;115;120;570;606;11.35;0.71;83.31;5.36;455;2;147.00;36
115;2;628937184;115;120;573;606;11.34;0.71;83.31;5.36;458;2;148.00;33
115;2;628937192;115;118;578;606;11.27;0.71;83.31;5.35;463;2;149.00;28
118;2;628937200;118;120;583;611;11.16;0.70;84.29;5.36;465;2;150.00;28
120;2;628937210;120;118;585;611;11.09;0.69;85.04;5.37;465;2;151.00;26
121;2;628937217;121;117;589;612;11.18;0.70;85.45;5.38;468;2;152.00;23
126;2;628937229;126;115;592;613;11.22;0.70;85.41;5.40;466;2;153.00;21
128;2;628937239;128;117;596;613;11.23;0.70;86.47;5.42;468;2;154.00;17
129;2;628937247;129;124;599;614;11.16;0.70;86.97;5.42;470;2;155.00;15
130;2;628937261;130;125;601;614;11.19;0.70;87.42;5.44;471;2;156.00;13
131;2;628937267;131;132;602;614;11.06;0.69;87.95;5.46;471;2;157.00;12
133;2;628937274;133;134;603;614;10.98;0.68;88.45;5.47;470;2;158.00;11
136;2;628937280;136;138;606;618;10.83;0.67;89.85;5.47;470;2;159.00;12
137;2;628937288;137;144;608;618;10.72;0.67;90.36;5.49;471;2;160.00;10
137;2;628937297;137;146;609;618;10.56;0.66;90.36;5.50;472;2;161.00;9
137;2;628937304;137;148;612;621;10.48;0.65;90.36;5.50;475;2;162.00;9
142;2;628937311;142;148;612;621;10.30;0.64;91.88;5.50;470;2;163.00;9
144;2;628937318;144;145;613;621;10.20;0.63;92.80;5.53;469;2;164.00;8
146;2;628937324;146;146;617;625;10.08;0.62;93.63;5.52;471;2;165.00;8
150;2;628937331;150;146;618;626;9.98;0.62;93.88;5.51;468;2;166.00;8
150;2;628937337;150;142;618;626;9.90;0.61;93.88;5.51;468;2;167.00;8
151;2;628937343;151;145;623;630;9.72;0.61;94.22;5.51;472;2;168.00;7
153;2;628937349;153;147;624;630;9.56;0.59;95.01;5.51;471;2;169.00;6
157;2;628937355;157;143;625;630;9.34;0.58;96.14;5.53;468;2;170.00;5
159;2;628937367;159;139;626;631;9.28;0.57;96.52;5.52;467;2;171.00;5
159;2;628937373;159;137;628;631;9.20;0.57;96.52;5.57;469;2;172.00;3
161;2;628937378;161;140;633;637;9.23;0.57;96.96;5.56;472;2;173.00;4
163;2;628937385;163;137;633;637;9.30;0.57;97.27;5.56;470;2;174.00;4
164;2;628937391;164;137;635;638;9.33;0.57;97.74;5.56;471;2;175.00;3
167;2;628937397;167;138;636;638;9.30;0.57;98.19;5.56;469;2;176.00;2
167;2;628937403;167;137;637;638;9.36;0.57;98.19;5.59;470;2;177.00;1
168;2;628937409;168;133;637;638;9.49;0.58;97.96;5.59;469;2;178.00;1
168;2;628937415;168;127;638;638;9.60;0.59;97.96;5.59;470;2;179.00;0
169;2;628937423;169;128;668;672;9.68;0.60;98.33;5.34;499;2;180.00;4
171;2;628937431;171;122;669;672;9.77;0.60;99.30;5.34;498;2;181.00;3
173;2;628937438;173;125;669;672;9.77;0.60;99.06;5.34;496;2;182.00;3
173;2;628937444;173;127;670;672;9.83;0.61;99.06;5.33;497;2;183.00;2
173;2;628937450;173;130;670;672;9.88;0.61;99.06;5.33;497;2;184.00;2
175;2;628937455;175;137;671;672;9.91;0.61;99.34;5.33;496;2;185.00;1
176;2;628937461;176;142;675;676;9.87;0.61;99.43;5.31;499;2;186.00;1
177;2;628937468;177;150;676;676;9.83;0.61;99.91;5.31;499;2;187.00;0
179;2;628937474;179;154;678;680;9.70;0.60;99.97;5.30;499;2;188.00;2
181;2;628937487;181;157;680;681;9.54;0.59;100.16;5.28;499;2;189.00;1
182;2;628937493;182;165;680;681;9.37;0.58;99.92;5.28;498;2;190.00;1
183;2;628937499;183;173;681;681;9.25;0.57;100.03;5.28;498;2;191.00;0
184;2;628937504;184;180;692;694;9.11;0.56;100.14;5.20;508;2;192.00;2
187;2;628937511;187;181;693;694;9.00;0.56;100.49;5.19;506;2;193.00;1
194;2;628937517;194;184;694;694;8.82;0.54;100.97;5.19;500;2;194.00;0
197;2;628937529;197;184;695;695;8.65;0.53;100.87;5.18;498;2;195.00;0
199;2;628937536;199;185;696;696;8.60;0.53;100.74;5.18;497;2;196.00;0
204;3;628937542;204;192;696;696;8.49;0.52;100.38;5.18;492;3;197.00;0
205;3;628937559;205;198;698;699;8.44;0.52;100.16;5.16;493;3;198.00;1
206;3;628937566;206;199;699;699;8.38;0.51;100.62;5.15;493;3;199.00;0
209;3;628937572;209;205;699;699;8.21;0.50;101.00;5.15;490;3;200.00;0
210;3;628937582;210;204;699;699;8.15;0.50;100.76;5.15;489;3;201.00;0
210;3;628937588;210;210;704;705;8.02;0.49;100.76;5.13;494;3;202.00;1
210;3;628937601;210;214;704;705;7.89;0.48;100.76;5.13;494;3;203.00;1
212;3;628937606;212;221;705;705;7.80;0.48;100.88;5.12;493;3;204.00;0
215;3;628937612;215;222;705;705;7.68;0.47;100.27;5.12;490;3;205.00;0
217;3;628937618;217;227;709;709;7.67;0.47;100.56;5.10;492;3;206.00;0
217;3;628937625;217;237;710;710;7.66;0.47;100.56;5.09;493;3;207.00;0
219;3;628937631;219;238;710;710;7.50;0.46;100.76;5.09;491;3;208.00;0
220;3;628937636;220;244;711;711;7.40;0.45;100.81;5.09;491;3;209.00;0
221;3;628937644;221;250;711;711;7.33;0.45;100.65;5.09;490;3;210.00;0
221;3;628937650;221;256;711;711;7.28;0.45;100.65;5.09;490;3;211.00;0
221;3;628937655;221;261;711;711;7.22;0.44;100.65;5.09;490;3;212.00;0
225;3;628937661;225;266;711;711;7.13;0.44;100.77;5.09;486;3;213.00;0
225;3;628937667;225;267;711;711;7.08;0.44;100.77;5.09;486;3;214.00;0
226;3;628937672;226;267;711;711;7.04;0.44;100.64;5.09;485;3;215.00;0
227;3;628937678;227;282;753;781;7.20;0.45;100.87;4.80;526;3;216.00;28
228;3;628937695;228;264;755;782;7.19;0.45;101.38;4.79;527;3;217.00;27
229;3;628937707;229;256;762;782;7.30;0.45;101.53;4.77;533;3;218.00;20
230;3;628937713;230;238;765;782;7.38;0.46;102.03;4.76;535;3;219.00;17
231;3;628937720;231;224;769;782;7.59;0.47;102.09;4.76;538;3;220.00;13
232;3;628937726;232;213;772;782;7.80;0.48;102.60;4.76;540;3;221.00;10
232;3;628937733;232;205;776;782;8.06;0.50;102.60;4.76;544;3;222.00;6
234;3;628937739;234;201;778;782;8.23;0.51;102.98;4.77;544;3;223.00;4
237;4;628937746;237;203;782;783;8.44;0.52;103.74;4.78;545;4;224.00;1
239;4;628937766;239;193;784;785;8.47;0.52;103.95;4.76;545;4;225.00;1
240;4;628937774;240;176;785;785;8.63;0.53;104.31;4.77;545;4;226.00;0
241;5;628937782;241;158;789;789;8.84;0.54;103.97;4.75;548;5;227.00;0
244;5;628937800;244;142;789;789;9.07;0.55;105.43;4.75;545;5;228.00;0
245;5;628937813;245;129;789;789;9.30;0.57;105.43;4.75;544;5;229.00;0
245;5;628937826;245;129;789;789;9.52;0.58;105.43;4.75;544;5;230.00;0
247;5;628937833;247;117;794;795;9.73;0.59;106.23;4.73;547;5;231.00;1
248;5;628937842;248;111;794;795;9.94;0.61;106.73;4.73;546;5;232.00;1
252;5;628937850;252;104;795;795;10.13;0.62;107.44;4.73;543;5;233.00;0
252;5;628937858;252;104;797;798;10.38;0.63;107.44;4.71;545;5;234.00;1
253;5;628937866;253;98;798;798;10.58;0.65;107.56;4.71;545;5;235.00;0
255;5;628937874;255;90;798;798;10.73;0.65;107.64;4.71;543;5;236.00;0
257;5;628937881;257;84;799;799;10.89;0.66;108.56;4.70;542;5;237.00;0
257;5;628937889;257;85;800;800;11.07;0.68;108.56;4.70;543;5;238.00;0
258;5;628937897;258;82;800;800;11.24;0.69;108.23;4.70;542;5;239.00;0
259;5;628937906;259;90;824;826;11.22;0.69;108.69;4.56;565;5;240.00;2
261;5;628937916;261;89;825;826;11.32;0.69;108.44;4.56;564;5;241.00;1
264;5;628937923;264;89;826;826;11.45;0.70;109.78;4.56;562;5;242.00;0
267;5;628937931;267;92;827;827;11.59;0.71;110.17;4.55;560;5;243.00;0
271;5;628937938;271;92;827;827;11.68;0.71;111.63;4.55;556;5;244.00;0
274;5;628937946;274;94;830;831;11.75;0.72;112.13;4.54;556;5;245.00;1
275;5;628937954;275;94;830;831;11.83;0.72;112.36;4.54;555;5;246.00;1
278;5;628937962;278;94;835;835;11.84;0.72;113.26;4.52;557;5;247.00;0
282;5;628937975;282;93;835;835;11.97;0.73;114.04;4.52;553;5;248.00;0
285;5;628937983;285;99;835;835;12.12;0.74;114.89;4.52;550;5;249.00;0
286;5;628937991;286;99;835;835;12.21;0.74;114.99;4.52;549;5;250.00;0
288;5;628937998;288;101;835;835;12.29;0.75;115.07;4.52;547;5;251.00;0
289;5;628938005;289;98;846;847;12.22;0.74;115.05;4.46;557;5;252.00;1
290;5;628938014;290;99;846;847;12.22;0.74;115.03;4.46;556;5;253.00;1
291;5;628938022;291;100;847;847;12.27;0.75;115.08;4.46;556;5;254.00;0
293;5;628938030;293;99;847;847;12.30;0.75;115.37;4.46;554;5;255.00;0
295;5;628938037;295;100;847;847;12.28;0.75;115.82;4.46;552;5;256.00;0
296;5;628938045;296;101;847;847;12.28;0.75;116.14;4.46;551;5;257.00;0
299;5;628938054;299;103;848;848;12.27;0.75;116.28;4.45;549;5;258.00;0
302;6;628938062;302;106;848;848;12.34;0.75;116.37;4.45;546;6;259.00;0
303;6;628938087;303;108;853;854;12.38;0.75;116.37;4.43;550;6;260.00;1
305;6;628938096;305;111;854;855;12.43;0.75;116.50;4.43;549;6;261.00;1
306;6;628938105;306;110;855;855;12.42;0.75;116.38;4.43;549;6;262.00;0
309;6;628938114;309;109;855;855;12.40;0.75;116.80;4.43;546;6;263.00;0
311;6;628938122;311;111;859;859;12.40;0.75;117.05;4.41;548;6;264.00;0
314;6;628938130;314;112;859;859;12.48;0.76;117.41;4.41;545;6;265.00;0
317;6;628938139;317;114;859;859;12.53;0.76;118.06;4.41;542;6;266.00;0
322;6;628938147;322;113;860;860;12.51;0.76;118.81;4.40;538;6;267.00;0
324;6;628938156;324;120;864;864;12.48;0.75;119.16;4.39;540;6;268.00;0
325;6;628938164;325;117;864;864;12.50;0.76;119.53;4.39;539;6;269.00;0
325;6;628938172;325;115;867;870;12.57;0.76;119.53;4.37;542;6;270.00;3
325;6;628938180;325;115;867;870;12.62;0.76;119.53;4.37;542;6;271.00;3
327;6;628938188;327;110;868;870;12.63;0.77;119.43;4.37;541;6;272.00;2
330;6;628938195;330;105;868;870;12.70;0.77;120.65;4.37;538;6;273.00;2
330;6;628938203;330;100;871;874;12.73;0.77;120.65;4.36;541;6;274.00;3
335;6;628938212;335;95;871;874;12.77;0.78;121.13;4.36;536;6;275.00;3
340;6;628938221;340;91;872;874;12.87;0.78;121.66;4.36;532;6;276.00;2
344;6;628938229;344;87;872;874;13.00;0.79;122.21;4.36;528;6;277.00;2
345;6;628938238;345;85;874;875;13.10;0.79;122.24;4.36;529;6;278.00;1
346;6;628938246;346;79;876;876;13.21;0.80;122.68;4.36;530;6;279.00;0
349;7;628938254;349;76;876;876;13.18;0.80;122.48;4.36;527;7;280.00;0
350;7;628938269;350;70;877;877;13.19;0.80;122.66;4.35;527;7;281.00;0
351;7;628938280;351;68;877;877;13.15;0.80;122.50;4.35;526;7;282.00;0
354;7;628938289;354;64;877;877;13.13;0.80;123.10;4.35;523;7;283.00;0
357;7;628938301;357;68;877;877;13.17;0.80;123.33;4.35;520;7;284.00;0
357;7;628938312;357;70;877;877;13.13;0.80;123.33;4.35;520;7;285.00;0
359;7;628938323;359;71;877;877;13.06;0.79;123.50;4.35;518;7;286.00;0
362;7;628938333;362;73;877;877;13.00;0.79;124.54;4.35;515;7;287.00;0
363;7;628938345;363;90;948;1004;12.37;0.76;124.96;4.03;585;7;288.00;56
364;7;628938367;364;81;950;1005;12.28;0.76;125.31;4.02;586;7;289.00;55
364;7;628938379;364;83;959;1005;12.19;0.75;125.31;4.00;595;7;290.00;46
365;7;628938390;365;90;961;1005;12.31;0.76;125.41;4.00;596;7;291.00;44
367;7;628938400;367;91;968;1005;12.43;0.77;125.90;4.00;601;7;292.00;37
369;7;628938410;369;94;968;1005;12.42;0.77;126.02;4.00;599;7;293.00;37
372;7;628938419;372;96;974;1005;12.46;0.77;126.25;4.01;602;7;294.00;31
376;7;628938429;376;97;975;1005;12.45;0.76;126.44;4.02;599;7;295.00;30
383;7;628938439;383;96;980;1006;12.48;0.76;128.12;4.04;597;7;296.00;26
383;8;628938449;383;98;984;1007;12.53;0.77;128.12;4.06;601;8;297.00;23
386;8;628938476;386;99;988;1007;12.57;0.77;127.68;4.08;602;8;298.00;19
386;8;628938486;386;102;992;1008;12.45;0.76;127.68;4.10;606;8;299.00;16
387;8;628938503;387;108;995;1014;12.30;0.76;127.84;4.13;608;8;300.00;19
389;8;628938517;389;115;996;1014;12.08;0.74;128.39;4.12;607;8;301.00;18
392;8;628938526;392;121;998;1014;11.88;0.73;128.83;4.14;606;8;302.00;16
394;8;628938535;394;128;1002;1018;11.73;0.72;128.79;4.16;608;8;303.00;16
394;8;628938544;394;138;1003;1018;11.62;0.71;128.79;4.17;609;8;304.00;15
395;8;628938554;395;145;1005;1018;11.47;0.70;129.23;4.19;610;8;305.00;13
397;8;628938562;397;155;1009;1021;11.32;0.70;129.65;4.20;612;8;306.00;12
398;8;628938571;398;163;1010;1021;11.20;0.69;130.01;4.20;612;8;307.00;11
401;8;628938579;401;166;1011;1021;11.11;0.68;130.38;4.21;610;8;308.00;10
403;8;628938589;403;174;1015;1025;10.87;0.67;130.50;4.21;612;8;309.00;10
407;8;628938598;407;182;1016;1026;10.76;0.66;131.17;4.21;609;8;310.00;10
410;8;628938607;410;187;1016;1026;10.59;0.65;131.91;4.21;606;8;311.00;10
412;8;628938615;412;195;1021;1030;10.38;0.64;132.42;4.20;609;8;312.00;9
415;8;628938623;415;196;1021;1030;10.18;0.63;132.54;4.20;606;8;313.00;9
418;8;628938631;418;204;1022;1030;10.03;0.62;133.08;4.21;604;8;314.00;8
419;8;628938640;419;203;1024;1032;9.91;0.61;133.20;4.20;605;8;315.00;8
421;8;628938648;421;209;1024;1032;9.78;0.60;133.25;4.20;603;8;316.00;8
425;8;628938656;425;215;1028;1038;9.64;0.59;133.66;4.19;603;8;317.00;10
427;8;628938665;427;218;1028;1038;9.48;0.58;133.89;4.19;601;8;318.00;10
428;8;628938672;428;219;1030;1039;9.33;0.57;133.98;4.20;602;8;319.00;9
430;8;628938680;430;219;1032;1039;9.17;0.56;134.15;4.25;602;8;320.00;7
431;8;628938689;431;221;1032;1039;9.14;0.56;134.15;4.25;601;8;321.00;7
434;8;628938696;434;221;1033;1039;9.04;0.56;134.34;4.27;599;8;322.00;6
437;8;628938704;437;224;1034;1039;9.01;0.55;134.43;4.28;597;8;323.00;5
443;8;628938712;443;225;1048;1051;8.94;0.55;135.24;4.29;605;8;324.00;3
443;8;628938721;443;221;1048;1051;8.94;0.55;135.24;4.29;605;8;325.00;3
446;8;628938728;446;220;1049;1051;8.97;0.55;135.63;4.30;603;8;326.00;2
450;8;628938736;450;219;1050;1051;9.06;0.56;136.23;4.30;600;8;327.00;1
452;8;628938744;452;217;1051;1051;9.11;0.56;136.27;4.30;599;8;328.00;0
455;8;628938751;455;220;1051;1051;9.15;0.56;136.58;4.30;596;8;329.00;0
457;8;628938760;457;222;1055;1055;9.11;0.56;136.63;4.29;598;8;330.00;0
457;8;628938768;457;224;1055;1055;9.05;0.55;136.63;4.29;598;8;331.00;0
459;8;628938775;459;231;1059;1059;9.02;0.55;136.59;4.28;600;8;332.00;0
462;8;628938782;462;236;1060;1060;8.97;0.55;137.19;4.27;598;8;333.00;0
464;8;628938790;464;236;1060;1060;8.85;0.54;137.26;4.27;596;8;334.00;0
467;8;628938797;467;234;1060;1060;8.74;0.54;137.68;4.27;593;8;335.00;0
471;8;628938804;471;238;1073;1073;8.47;0.52;137.95;4.22;602;8;336.00;0
473;8;628938812;473;234;1073;1073;8.28;0.51;137.93;4.22;600;8;337.00;0
479;8;628938819;479;241;1073;1073;8.04;0.50;139.05;4.22;594;8;338.00;0
482;8;628938825;482;247;1074;1074;7.89;0.49;139.82;4.22;592;8;339.00;0
485;8;628938832;485;242;1075;1075;7.73;0.48;140.73;4.22;590;8;340.00;0
489;8;628938839;489;239;1075;1075;7.57;0.47;140.87;4.22;586;8;341.00;0
495;8;628938845;495;237;1077;1078;7.51;0.46;141.55;4.21;582;8;342.00;1
499;8;628938852;499;236;1078;1078;7.48;0.46;142.36;4.21;579;8;343.00;0
501;8;628938858;501;238;1078;1078;7.46;0.46;142.68;4.21;577;8;344.00;0
505;8;628938865;505;238;1078;1078;7.46;0.46;143.90;4.21;573;8;345.00;0
506;8;628938871;506;236;1083;1084;7.48;0.46;143.87;4.19;577;8;346.00;1
510;8;628938878;510;227;1083;1084;7.39;0.46;144.77;4.19;573;8;347.00;1
513;8;628938884;513;224;1084;1084;7.35;0.45;145.10;4.19;571;8;348.00;0
519;8;628938890;519;223;1084;1084;7.27;0.45;144.72;4.19;565;8;349.00;0
520;8;628938897;520;224;1088;1088;7.30;0.45;144.56;4.18;568;8;350.00;0
523;8;628938903;523;229;1089;1089;7.32;0.45;144.72;4.17;566;8;351.00;0
526;8;628938909;526;236;1089;1089;7.32;0.45;144.59;4.17;563;8;352.00;0
529;8;628938915;529;234;1090;1090;7.35;0.45;144.27;4.17;561;8;353.00;0
534;8;628938928;534;234;1090;1090;7.33;0.45;144.24;4.17;556;8;354.00;0
538;8;628938935;538;233;1090;1090;7.26;0.45;143.76;4.17;552;8;355.00;0
539;8;628938941;539;235;1090;1090;7.30;0.45;143.89;4.17;551;8;356.00;0
540;8;628938947;540;235;1090;1090;7.30;0.45;143.85;4.17;550;8;357.00;0
540;8;628938953;540;235;1090;1090;7.25;0.44;143.85;4.17;550;8;358.00;0
542;8;628938960;542;240;1090;1090;7.22;0.44;143.65;4.17;548;8;359.00;0
545;8;628938968;545;250;1157;1215;7.51;0.47;144.16;3.93;612;8;360.00;58
546;8;628938985;546;250;1165;1216;7.53;0.47;144.03;3.91;619;8;361.00;51
548;8;628938993;548;245;1177;1216;7.61;0.48;144.23;3.89;629;8;362.00;39
548;8;628939000;548;240;1183;1216;7.63;0.48;144.23;3.89;635;8;363.00;33
550;8;628939008;550;242;1189;1216;7.63;0.47;144.07;3.89;639;8;364.00;27
552;9;628939016;552;242;1191;1216;7.70;0.48;144.67;3.89;639;9;365.00;25
553;9;628939039;553;246;1195;1216;7.72;0.48;144.74;3.90;642;9;366.00;21
553;9;628939046;553;248;1198;1216;7.71;0.48;144.74;3.90;645;9;367.00;18
554;9;628939055;554;253;1204;1217;7.68;0.47;144.74;3.92;650;9;368.00;13
556;9;628939063;556;259;1208;1218;7.59;0.47;145.07;3.93;652;9;369.00;10
557;9;628939071;557;265;1209;1218;7.46;0.46;144.96;3.93;652;9;370.00;9
559;9;628939079;559;262;1215;1222;7.39;0.46;144.87;3.93;656;9;371.00;7
559;9;628939091;559;258;1216;1222;7.37;0.45;144.87;3.94;657;9;372.00;6
563;9;628939099;563;256;1217;1222;7.40;0.46;145.17;3.95;654;9;373.00;5
564;9;628939108;564;250;1218;1222;7.44;0.46;145.16;3.96;654;9;374.00;4
565;9;628939117;565;246;1224;1228;7.52;0.46;145.06;3.96;659;9;375.00;4
568;9;628939126;568;246;1224;1228;7.56;0.46;145.34;3.96;656;9;376.00;4
568;10;628939134;568;239;1225;1228;7.71;0.47;145.34;3.96;657;10;377.00;3
568;10;628939153;568;230;1229;1231;7.85;0.48;145.34;3.97;661;10;378.00;2
568;10;628939162;568;222;1229;1231;7.96;0.49;145.34;3.97;661;10;379.00;2
571;10;628939171;571;223;1229;1231;8.06;0.49;145.43;3.97;658;10;380.00;2
571;10;628939185;571;223;1231;1232;8.14;0.50;145.43;3.97;660;10;381.00;1
573;10;628939199;573;225;1233;1233;8.25;0.50;145.19;3.98;660;10;382.00;0
576;10;628939214;576;225;1233;1233;8.27;0.50;145.17;3.98;657;10;383.00;0
576;10;628939225;576;224;1246;1246;8.44;0.51;145.17;3.94;670;10;384.00;0
578;10;628939236;578;221;1246;1246;8.46;0.52;144.75;3.94;668;10;385.00;0
579;10;628939245;579;220;1246;1246;8.54;0.52;144.79;3.94;667;10;386.00;0
580;10;628939256;580;208;1247;1247;8.67;0.53;144.90;3.93;667;10;387.00;0
583;10;628939266;583;201;1247;1247;8.81;0.54;145.32;3.93;664;10;388.00;0
584;10;628939275;584;192;1251;1251;8.99;0.55;145.49;3.92;667;10;389.00;0
586;10;628939287;586;187;1251;1251;9.13;0.56;145.65;3.92;665;10;390.00;0
587;10;628939297;587;184;1255;1255;9.30;0.57;145.82;3.91;668;10;391.00;0
591;10;628939307;591;185;1255;1255;9.40;0.57;146.50;3.91;664;10;392.00;0
592;10;628939317;592;180;1255;1255;9.54;0.58;146.47;3.91;663;10;393.00;0
595;10;628939327;595;179;1255;1255;9.64;0.59;146.35;3.91;660;10;394.00;0
598;10;628939342;598;177;1255;1255;9.74;0.59;147.10;3.91;657;10;395.00;0
598;10;628939352;598;162;1266;1267;9.98;0.61;147.10;3.88;668;10;396.00;1
602;10;628939363;602;151;1266;1267;10.16;0.62;147.64;3.88;664;10;397.00;1
603;10;628939379;603;138;1267;1267;10.39;0.63;148.02;3.88;664;10;398.00;0
606;10;628939390;606;124;1267;1267;10.57;0.64;148.44;3.88;661;10;399.00;0
607;10;628939400;607;120;1267;1267;10.80;0.66;148.38;3.88;660;10;400.00;0
608;10;628939415;608;115;1267;1267;11.01;0.67;148.50;3.88;659;10;401.00;0
610;10;628939426;610;111;1268;1268;11.10;0.68;148.82;3.88;658;10;402.00;0
611;10;628939436;611;106;1268;1268;11.19;0.68;148.69;3.88;657;10;403.00;0
615;10;628939447;615;99;1273;1274;11.29;0.69;149.67;3.87;658;10;404.00;1
617;10;628939458;617;101;1276;1276;11.48;0.70;149.97;3.86;659;10;405.00;0
618;10;628939468;618;97;1276;1276;11.67;0.71;150.29;3.86;658;10;406.00;0
620;10;628939478;620;103;1276;1276;11.80;0.72;150.42;3.86;656;10;407.00;0
623;10;628939489;623;100;1280;1280;11.88;0.73;151.13;3.85;657;10;408.00;0
625;10;628939500;625;101;1280;1280;11.97;0.73;151.66;3.85;655;10;409.00;0
628;10;628939515;628;97;1280;1280;12.07;0.74;151.75;3.85;652;10;410.00;0
631;10;628939532;631;97;1281;1281;12.11;0.74;152.50;3.84;650;10;411.00;0
634;10;628939542;634;101;1285;1285;12.05;0.74;153.14;3.84;651;10;412.00;0
638;10;628939553;638;100;1285;1285;12.08;0.74;153.77;3.84;647;10;413.00;0
646;10;628939564;646;101;1287;1288;12.20;0.74;155.32;3.83;641;10;414.00;1
651;10;628939574;651;98;1287;1288;12.31;0.75;156.09;3.83;636;10;415.00;1
652;10;628939585;652;97;1288;1288;12.40;0.75;156.30;3.83;636;10;416.00;0
657;10;628939595;657;98;1288;1288;12.42;0.76;157.20;3.83;631;10;417.00;0
658;10;628939611;658;100;1291;1292;12.43;0.76;157.22;3.82;633;10;418.00;1
665;10;628939621;665;96;1291;1292;12.43;0.75;157.79;3.82;626;10;419.00;1
667;10;628939638;667;96;1292;1292;12.43;0.76;157.81;3.82;625;10;420.00;0
669;10;628939648;669;95;1292;1292;12.38;0.75;157.97;3.82;623;10;421.00;0
675;10;628939658;675;98;1293;1293;12.32;0.75;158.25;3.82;618;10;422.00;0
678;10;628939668;678;97;1294;1294;12.35;0.75;159.22;3.82;616;10;423.00;0
679;10;628939677;679;97;1294;1294;12.42;0.76;159.14;3.82;615;10;424.00;0
683;10;628939686;683;96;1295;1295;12.44;0.76;159.57;3.81;612;10;425.00;0
687;10;628939696;687;98;1295;1295;12.36;0.75;159.64;3.81;608;10;426.00;0
689;10;628939705;689;98;1295;1295;12.43;0.76;159.65;3.81;606;10;427.00;0
693;10;628939714;693;98;1295;1295;12.47;0.76;160.27;3.81;602;10;428.00;0
700;10;628939724;700;96;1295;1295;12.55;0.76;160.67;3.81;595;10;429.00;0
702;10;628939734;702;100;1295;1295;12.61;0.77;161.09;3.81;593;10;430.00;0
705;10;628939748;705;98;1295;1295;12.61;0.77;161.86;3.81;590;10;431.00;0
709;10;628939757;709;136;1378;1422;11.66;0.72;162.33;3.59;669;10;432.00;44
711;10;628939782;711;121;1380;1423;11.76;0.72;162.33;3.58;669;10;433.00;43
713;10;628939793;713;108;1385;1423;11.87;0.73;162.46;3.58;672;10;434.00;38
717;10;628939802;717;107;1387;1423;12.06;0.74;162.87;3.58;670;10;435.00;36
717;10;628939812;717;107;1390;1423;12.24;0.75;162.87;3.58;673;10;436.00;33
720;10;628939821;720;108;1392;1423;12.27;0.75;162.83;3.58;672;10;437.00;31
721;10;628939831;721;110;1395;1423;12.40;0.76;162.85;3.58;674;10;438.00;28
725;11;628939846;725;113;1397;1423;12.55;0.77;163.22;3.59;672;11;439.00;26
727;11;628939862;727;115;1401;1424;12.66;0.77;163.37;3.60;674;11;440.00;23
730;11;628939871;730;112;1403;1425;12.74;0.78;163.23;3.61;673;11;441.00;22
734;11;628939885;734;111;1407;1425;12.72;0.78;163.66;3.63;673;11;442.00;18
740;11;628939900;740;108;1409;1426;12.66;0.77;164.12;3.64;669;11;443.00;17
743;11;628939910;743;105;1413;1426;12.62;0.77;164.19;3.66;670;11;444.00;13
749;11;628939925;749;102;1416;1426;12.51;0.76;164.72;3.67;667;11;445.00;10
752;11;628939935;752;99;1418;1426;12.49;0.76;164.92;3.68;666;11;446.00;8
754;11;628939945;754;102;1420;1430;12.40;0.76;165.39;3.69;666;11;447.00;10
758;11;628939955;758;105;1422;1430;12.29;0.75;165.37;3.71;664;11;448.00;8
761;11;628939965;761;111;1423;1430;12.24;0.75;165.32;3.71;662;11;449.00;7
765;11;628939977;765;112;1426;1436;12.20;0.74;165.59;3.70;661;11;450.00;10
766;11;628939988;766;115;1427;1436;12.19;0.74;165.70;3.70;661;11;451.00;9
770;11;628939997;770;116;1428;1436;12.20;0.74;165.93;3.70;658;11;452.00;8
772;11;628940007;772;114;1431;1440;12.21;0.74;165.84;3.70;659;11;453.00;9
774;11;628940018;774;114;1433;1441;12.28;0.75;166.02;3.70;659;11;454.00;8
775;11;628940028;775;120;1434;1441;12.32;0.75;166.02;3.70;659;11;455.00;7
777;11;628940043;777;118;1438;1445;12.41;0.76;165.70;3.71;661;11;456.00;7
779;11;628940053;779;120;1438;1445;12.40;0.76;165.63;3.71;659;11;457.00;7
780;11;628940063;780;124;1438;1445;12.43;0.76;165.55;3.71;658;11;458.00;7
782;11;628940074;782;125;1441;1446;12.50;0.76;165.74;3.73;659;11;459.00;5
784;11;628940085;784;125;1441;1446;12.47;0.76;166.11;3.73;657;11;460.00;5
786;11;628940101;786;127;1445;1452;12.42;0.76;166.14;3.72;659;11;461.00;7
789;11;628940112;789;124;1447;1452;12.32;0.75;165.98;3.74;658;11;462.00;5
789;11;628940122;789;126;1447;1453;12.21;0.74;165.98;3.74;658;11;463.00;6
792;11;628940131;792;132;1448;1453;12.07;0.73;165.65;3.76;656;11;464.00;5
793;11;628940141;793;127;1448;1453;12.01;0.73;165.58;3.76;655;11;465.00;5
796;11;628940150;796;130;1449;1453;11.92;0.73;165.29;3.76;653;11;466.00;4
798;11;628940160;798;129;1449;1453;11.86;0.72;165.28;3.76;651;11;467.00;4
800;11;628940169;800;132;1459;1465;11.89;0.72;165.57;3.74;659;11;468.00;6
802;11;628940180;802;134;1461;1465;11.86;0.72;165.55;3.74;659;11;469.00;4
805;11;628940190;805;133;1462;1465;11.86;0.72;165.92;3.75;657;11;470.00;3
810;11;628940199;810;136;1462;1465;11.77;0.72;165.97;3.75;652;11;471.00;3
810;11;628940209;810;143;1462;1465;11.75;0.71;165.97;3.75;652;11;472.00;3
812;11;628940219;812;149;1463;1465;11.70;0.71;165.96;3.76;651;11;473.00;2
816;11;628940234;816;155;1467;1469;11.59;0.70;165.79;3.76;651;11;474.00;2
819;11;628940244;819;159;1468;1469;11.46;0.70;165.86;3.76;649;11;475.00;1
821;11;628940260;821;165;1472;1473;11.41;0.69;165.74;3.75;651;11;476.00;1
823;11;628940276;823;173;1473;1474;11.24;0.68;165.79;3.75;650;11;477.00;1
824;11;628940285;824;177;1474;1474;11.12;0.67;165.73;3.75;650;11;478.00;0
826;11;628940303;826;185;1474;1474;10.86;0.66;165.66;3.75;648;11;479.00;0
827;11;628940318;827;191;1495;1500;10.61;0.65;165.65;3.70;668;11;480.00;5
829;11;628940341;829;194;1496;1500;10.43;0.64;165.86;3.70;667;11;481.00;4
832;11;628940355;832;198;1499;1500;10.37;0.63;165.79;3.69;667;11;482.00;1
832;11;628940368;832;211;1501;1501;10.20;0.62;165.79;3.69;669;11;483.00;0
832;11;628940378;832;213;1502;1502;10.14;0.62;165.79;3.69;670;11;484.00;0
833;11;628940390;833;220;1502;1502;9.97;0.61;165.73;3.69;669;11;485.00;0
836;11;628940401;836;222;1504;1505;9.79;0.60;165.62;3.68;668;11;486.00;1
836;11;628940411;836;231;1504;1505;9.65;0.59;165.62;3.68;668;11;487.00;1
837;11;628940421;837;240;1505;1505;9.56;0.59;165.66;3.68;668;11;488.00;0
839;11;628940431;839;238;1505;1505;9.51;0.58;165.47;3.68;666;11;489.00;0
841;11;628940440;841;240;1510;1511;9.41;0.58;165.34;3.67;669;11;490.00;1
843;11;628940451;843;237;1510;1511;9.25;0.57;165.26;3.67;667;11;491.00;1
845;11;628940460;845;239;1511;1511;9.16;0.56;165.43;3.67;666;11;492.00;0
847;11;628940470;847;234;1511;1511;9.09;0.56;165.40;3.67;664;11;493.00;0
849;11;628940479;849;234;1515;1515;8.99;0.55;165.37;3.67;666;11;494.00;0
852;11;628940488;852;240;1517;1517;8.88;0.55;165.28;3.66;665;11;495.00;0
855;11;628940496;855;242;1517;1517;8.76;0.54;165.04;3.66;662;11;496.00;0
858;11;628940505;858;243;1518;1518;8.64;0.53;164.74;3.66;660;11;497.00;0
861;11;628940513;861;249;1518;1518;8.52;0.52;165.03;3.66;657;11;498.00;0
863;11;628940522;863;250;1518;1518;8.42;0.52;164.97;3.66;655;11;499.00;0
865;11;628940530;865;257;1518;1518;8.30;0.51;165.01;3.66;653;11;500.00;0
868;11;628940542;868;260;1518;1518;8.17;0.50;164.85;3.66;650;11;501.00;0
873;11;628940550;873;257;1518;1518;7.98;0.49;164.41;3.66;645;11;502.00;0
876;11;628940557;876;261;1518;1518;7.85;0.48;164.67;3.66;642;11;503.00;0
880;11;628940564;880;264;1559;1588;8.00;0.49;164.79;3.56;679;11;504.00;29
885;11;628940578;885;262;1563;1589;7.85;0.48;165.45;3.56;678;11;505.00;26
886;11;628940586;886;263;1572;1589;7.92;0.49;165.37;3.55;686;11;506.00;17
890;11;628940594;890;257;1573;1589;7.81;0.48;165.80;3.55;683;11;507.00;16
893;11;628940601;893;261;1579;1589;7.71;0.47;165.72;3.55;686;11;508.00;10
897;11;628940609;897;267;1582;1589;7.64;0.47;166.48;3.55;685;11;509.00;7
899;11;628940618;899;259;1586;1589;7.61;0.47;166.38;3.56;687;11;510.00;3
900;11;628940626;900;257;1587;1589;7.54;0.46;166.70;3.56;687;11;511.00;2
903;11;628940633;903;255;1589;1590;7.51;0.46;167.48;3.56;686;11;512.00;1
905;11;628940641;905;254;1591;1591;7.52;0.46;167.79;3.56;686;11;513.00;0
908;11;628940649;908;253;1591;1591;7.48;0.46;167.92;3.56;683;11;514.00;0
911;11;628940656;911;253;1595;1595;7.44;0.45;167.99;3.56;684;11;515.00;0
915;11;628940665;915;255;1595;1595;7.39;0.45;168.41;3.56;680;11;516.00;0
919;11;628940673;919;248;1595;1595;7.42;0.45;168.98;3.56;676;11;517.00;0
923;11;628940681;923;241;1595;1595;7.47;0.46;169.60;3.56;672;11;518.00;0
926;11;628940690;926;243;1600;1601;7.59;0.46;170.17;3.55;674;11;519.00;1
929;11;628940699;929;243;1601;1601;7.62;0.47;170.54;3.55;672;11;520.00;0
932;11;628940707;932;245;1601;1601;7.68;0.47;170.87;3.55;669;11;521.00;0
934;11;628940715;934;241;1603;1604;7.78;0.48;171.03;3.54;669;11;522.00;1
936;11;628940723;936;231;1603;1604;7.82;0.48;171.59;3.54;667;11;523.00;1
940;11;628940731;940;216;1604;1604;7.86;0.48;172.02;3.54;664;11;524.00;0
945;11;628940740;945;215;1605;1605;7.88;0.48;172.24;3.54;660;11;525.00;0
946;11;628940748;946;202;1606;1606;7.99;0.49;172.45;3.54;660;11;526.00;0
954;11;628940756;954;196;1606;1606;8.02;0.49;172.66;3.54;652;11;527.00;0
957;12;628940765;957;191;1619;1619;8.23;0.50;173.02;3.51;662;12;528.00;0
959;13;628940786;959;189;1619;1619;8.42;0.51;173.06;3.51;660;13;529.00;0
964;13;628940805;964;188;1619;1619;8.51;0.52;173.56;3.51;655;13;530.00;0
966;13;628940814;966;181;1620;1620;8.65;0.53;173.66;3.51;654;13;531.00;0
969;13;628940829;969;181;1620;1620;8.76;0.54;173.93;3.51;651;13;532.00;0
974;13;628940838;974;185;1623;1624;8.77;0.54;174.04;3.50;649;13;533.00;1
974;13;628940849;974;181;1623;1624;8.89;0.55;174.04;3.50;649;13;534.00;1
981;13;628940860;981;185;1628;1628;8.93;0.55;174.22;3.50;647;13;535.00;0
984;13;628940870;984;182;1628;1628;8.99;0.55;174.52;3.50;644;13;536.00;0
989;13;628940884;989;185;1628;1628;8.98;0.55;174.60;3.50;639;13;537.00;0
991;13;628940893;991;190;1628;1628;8.95;0.55;174.86;3.50;637;13;538.00;0
993;13;628940902;993;187;1628;1628;8.99;0.55;175.24;3.50;635;13;539.00;0
998;13;628940913;998;194;1658;1662;8.97;0.55;175.37;3.43;660;13;540.00;4
998;13;628940926;998;192;1658;1662;8.96;0.55;175.37;3.43;660;13;541.00;4
1000;13;628940935;1000;190;1659;1662;9.01;0.55;175.57;3.43;659;13;542.00;3
1003;13;628940944;1003;190;1659;1662;9.05;0.56;175.84;3.43;656;13;543.00;3
1008;13;628940953;1008;191;1660;1662;9.08;0.56;176.01;3.43;652;13;544.00;2
1011;13;628940962;1011;190;1660;1662;9.10;0.56;175.92;3.43;649;13;545.00;2
1013;13;628940972;1013;190;1662;1663;9.16;0.56;175.87;3.43;649;13;546.00;1
1016;13;628940988;1016;193;1662;1663;9.17;0.56;175.75;3.43;646;13;547.00;1
1019;13;628940997;1019;197;1667;1669;9.19;0.56;175.69;3.43;648;13;548.00;2
1019;13;628941006;1019;200;1668;1670;9.21;0.56;175.69;3.43;649;13;549.00;2
1021;13;628941015;1021;202;1669;1670;9.24;0.57;175.69;3.43;648;13;550.00;1
1024;13;628941024;1024;199;1669;1670;9.27;0.57;175.81;3.43;645;13;551.00;1
1029;13;628941034;1029;194;1674;1674;9.32;0.57;176.08;3.42;645;13;552.00;0
1031;13;628941043;1031;194;1674;1674;9.37;0.57;176.18;3.42;643;13;553.00;0
1033;13;628941052;1033;197;1674;1674;9.41;0.58;176.38;3.42;641;13;554.00;0
1036;13;628941061;1036;199;1675;1675;9.40;0.57;176.31;3.42;639;13;555.00;0
1041;13;628941070;1041;199;1679;1679;9.34;0.57;176.20;3.41;638;13;556.00;0
1045;13;628941080;1045;186;1679;1679;9.36;0.57;176.64;3.41;634;13;557.00;0
1047;13;628941090;1047;181;1681;1682;9.41;0.57;176.74;3.41;634;13;558.00;1
1050;13;628941100;1050;172;1681;1682;9.49;0.58;176.93;3.41;631;13;559.00;1
1055;13;628941110;1055;168;1682;1682;9.57;0.58;177.18;3.41;627;13;560.00;0
1058;13;628941120;1058;166;1682;1682;9.71;0.59;177.45;3.41;624;13;561.00;0
1060;13;628941129;1060;164;1685;1686;9.90;0.60;177.46;3.40;625;13;562.00;1
1062;13;628941140;1062;159;1685;1686;10.04;0.61;177.68;3.40;623;13;563.00;1
1067;13;628941149;1067;156;1686;1686;10.12;0.61;178.36;3.40;619;13;564.00;0
1072;13;628941160;1072;158;1686;1686;10.25;0.62;178.61;3.40;614;13;565.00;0
1074;13;628941170;1074;141;1687;1687;10.38;0.63;178.96;3.40;613;13;566.00;0
1077;13;628941181;1077;129;1688;1688;10.55;0.64;179.40;3.40;611;13;567.00;0
1078;13;628941192;1078;118;1688;1688;10.75;0.65;179.68;3.40;610;13;568.00;0
1081;13;628941202;1081;111;1689;1689;10.98;0.67;180.06;3.40;608;13;569.00;0
1084;13;628941214;1084;101;1689;1689;11.21;0.68;180.45;3.40;605;13;570.00;0
1086;13;628941225;1086;93;1689;1689;11.44;0.69;180.64;3.40;603;13;571.00;0
1087;13;628941241;1087;83;1689;1689;11.69;0.71;180.85;3.40;602;13;572.00;0
1092;13;628941252;1092;81;1689;1689;11.79;0.72;181.28;3.40;597;13;573.00;0
1094;13;628941269;1094;78;1689;1689;11.93;0.72;181.33;3.40;595;13;574.00;0
1099;13;628941279;1099;71;1689;1689;12.11;0.73;181.40;3.40;590;13;575.00;0
1101;13;628941290;1101;96;1772;1816;11.84;0.73;181.47;3.24;671;13;576.00;44
1102;13;628941312;1102;84;1775;1817;11.90;0.73;181.65;3.24;673;13;577.00;42
1104;13;628941324;1104;71;1783;1817;12.06;0.74;181.90;3.23;679;13;578.00;34
1106;13;628941334;1106;63;1787;1817;12.20;0.75;182.15;3.23;681;13;579.00;30
1110;13;628941345;1110;67;1792;1817;12.34;0.76;182.74;3.23;682;13;580.00;25
1112;13;628941356;1112;65;1794;1817;12.37;0.76;182.81;3.24;682;13;581.00;23
1116;13;628941367;1116;70;1800;1817;12.44;0.76;182.87;3.24;684;13;582.00;17
1120;13;628941378;1120;73;1802;1817;12.46;0.76;183.38;3.25;682;13;583.00;15
1121;13;628941389;1121;78;1807;1818;12.48;0.77;183.61;3.26;686;13;584.00;11
1124;13;628941401;1124;87;1809;1820;12.50;0.77;183.60;3.26;685;13;585.00;11
1128;13;628941418;1128;95;1811;1820;12.45;0.76;184.12;3.27;683;13;586.00;9
1130;13;628941429;1130;102;1812;1821;12.38;0.76;184.45;3.27;682;13;587.00;9
1135;13;628941440;1135;110;1814;1821;12.38;0.76;184.80;3.28;679;13;588.00;7
1136;13;628941456;1136;114;1815;1821;12.40;0.76;184.83;3.28;679;13;589.00;6
1139;13;628941467;1139;116;1817;1821;12.42;0.76;185.19;3.29;678;13;590.00;4
1141;13;628941477;1141;115;1820;1825;12.45;0.76;185.33;3.30;679;13;591.00;5
1146;13;628941489;1146;115;1822;1825;12.44;0.76;185.78;3.31;676;13;592.00;3
1149;13;628941499;1149;120;1822;1825;12.49;0.76;185.81;3.31;673;13;593.00;3
1152;13;628941509;1152;121;1825;1828;12.52;0.76;186.02;3.31;673;13;594.00;3
1156;13;628941520;1156;125;1825;1828;12.54;0.76;186.14;3.31;669;13;595.00;3
1158;13;628941530;1158;124;1826;1828;12.60;0.77;186.09;3.31;668;13;596.00;2
1162;13;628941541;1162;124;1830;1832;12.53;0.76;186.36;3.31;668;13;597.00;2
1167;13;628941552;1167;122;1832;1833;12.54;0.76;186.52;3.31;665;13;598.00;1
1170;13;628941562;1170;121;1832;1833;12.56;0.77;186.80;3.31;662;13;599.00;1
1173;13;628941574;1173;128;1844;1859;12.49;0.76;186.84;3.29;671;13;600.00;15
1176;13;628941592;1176;121;1844;1859;12.50;0.76;186.90;3.29;668;13;601.00;15
1180;13;628941603;1180;125;1845;1859;12.51;0.76;187.05;3.29;665;13;602.00;14
1183;13;628941613;1183;130;1847;1860;12.61;0.77;186.94;3.29;664;13;603.00;13
1186;13;628941624;1186;131;1848;1860;12.63;0.77;187.12;3.29;662;13;604.00;12
1190;13;628941633;1190;129;1852;1866;12.62;0.77;187.31;3.28;662;13;605.00;14
1196;13;628941644;1196;131;1853;1866;12.62;0.76;187.77;3.28;657;13;606.00;13
1197;13;628941654;1197;128;1854;1867;12.62;0.76;187.82;3.28;657;13;607.00;13
1199;13;628941669;1199;129;1855;1867;12.55;0.76;187.76;3.28;656;13;608.00;12
1202;13;628941679;1202;128;1856;1867;12.50;0.76;187.82;3.29;654;13;609.00;11
1202;13;628941688;1202;124;1858;1867;12.51;0.76;187.82;3.29;656;13;610.00;9
1205;13;628941697;1205;123;1858;1867;12.52;0.76;187.62;3.29;653;13;611.00;9
1211;13;628941706;1211;117;1868;1879;12.47;0.76;188.17;3.28;657;13;612.00;11
1214;13;628941717;1214;115;1868;1879;12.52;0.76;188.33;3.28;654;13;613.00;11
1217;13;628941732;1217;108;1869;1879;12.61;0.76;188.64;3.28;652;13;614.00;10
1222;13;628941741;1222;110;1871;1879;12.63;0.76;189.27;3.28;649;13;615.00;8
1228;13;628941751;1228;105;1871;1879;12.70;0.77;189.77;3.28;643;13;616.00;8
1229;13;628941761;1229;98;1871;1879;12.87;0.78;189.77;3.28;642;13;617.00;8
1233;13;628941770;1233;93;1876;1883;12.84;0.77;190.08;3.29;643;13;618.00;7
1234;13;628941779;1234;88;1876;1883;12.96;0.78;190.02;3.29;642;13;619.00;7
1238;13;628941789;1238;86;1879;1887;13.07;0.79;190.14;3.28;641;13;620.00;8
1240;13;628941805;1240;84;1881;1888;13.07;0.79;190.08;3.28;641;13;621.00;7
1242;13;628941831;1242;80;1881;1888;13.09;0.79;189.99;3.28;639;13;622.00;7
1246;13;628941840;1246;80;1881;1888;13.04;0.79;190.08;3.28;635;13;623.00;7
1249;13;628941851;1249;86;1891;1901;12.85;0.78;190.15;3.28;642;13;624.00;10
1252;13;628941862;1252;81;1891;1901;12.84;0.78;190.18;3.28;639;13;625.00;10
1254;13;628941878;1254;87;1891;1901;12.82;0.78;190.44;3.28;637;13;626.00;10
1255;13;628941887;1255;90;1892;1902;12.83;0.78;190.39;3.28;637;13;627.00;10
1257;13;628941897;1257;100;1892;1903;12.74;0.77;190.31;3.28;635;13;628.00;11
1257;13;628941906;1257;101;1892;1903;12.65;0.77;190.31;3.28;635;13;629.00;11
1259;13;628941918;1259;110;1898;1909;12.56;0.76;190.25;3.31;639;13;630.00;11
1260;13;628941928;1260;114;1899;1909;12.50;0.76;190.12;3.31;639;13;631.00;10
1262;13;628941937;1262;117;1901;1909;12.48;0.76;190.44;3.31;639;13;632.00;8
1265;13;628941947;1265;118;1901;1909;12.42;0.75;190.14;3.31;636;13;633.00;8
1268;13;628941955;1268;124;1905;1915;12.36;0.75;190.05;3.30;637;13;634.00;10
1269;14;628941966;1269;129;1905;1915;12.29;0.75;190.01;3.30;636;14;635.00;10
1269;14;628941982;1269;131;1907;1915;12.22;0.74;190.01;3.32;638;14;636.00;8
1271;14;628941995;1271;132;1907;1915;12.15;0.74;190.35;3.32;636;14;637.00;8
1272;14;628942004;1272;136;1911;1919;12.14;0.74;190.36;3.32;639;14;638.00;8
1274;14;628942014;1274;141;1913;1920;11.97;0.73;190.29;3.32;639;14;639.00;7
1278;14;628942023;1278;148;1914;1920;11.77;0.72;190.18;3.33;636;14;640.00;6
1279;14;628942032;1279;152;1915;1921;11.61;0.71;190.09;3.33;636;14;641.00;6
1279;14;628942041;1279;156;1918;1921;11.43;0.70;190.09;3.35;639;14;642.00;3
1282;14;628942050;1282;161;1918;1921;11.32;0.69;190.05;3.35;636;14;643.00;3
1285;14;628942060;1285;167;1918;1921;11.14;0.68;189.90;3.35;633;14;644.00;3
1288;14;628942068;1288;173;1918;1921;10.96;0.67;189.80;3.35;630;14;645.00;3
1293;14;628942077;1293;178;1918;1921;10.74;0.65;189.76;3.35;625;14;646.00;3
1295;14;628942086;1295;183;1918;1921;10.51;0.64;189.74;3.35;623;14;647.00;3
1296;14;628942095;1296;194;1956;1991;10.49;0.64;189.62;3.32;660;14;648.00;35
1299;14;628942109;1299;200;1960;1992;10.37;0.63;189.67;3.32;661;14;649.00;32
1300;14;628942117;1300;204;1969;1992;10.30;0.63;189.58;3.32;669;14;650.00;23
1303;14;628942125;1303;204;1971;1992;10.20;0.63;189.48;3.32;668;14;651.00;21
1303;14;628942134;1303;206;1979;1992;10.16;0.62;189.48;3.33;676;14;652.00;13
1306;14;628942142;1306;212;1980;1992;9.95;0.61;189.39;3.33;674;14;653.00;12
1308;14;628942153;1308;226;1985;1992;9.93;0.61;189.39;3.33;677;14;654.00;7
1308;14;628942162;1308;231;1985;1992;9.81;0.60;189.39;3.33;677;14;655.00;7
1310;14;628942170;1310;236;1989;1993;9.67;0.59;189.23;3.34;679;14;656.00;4
1311;14;628942179;1311;244;1993;1994;9.55;0.58;189.14;3.35;682;14;657.00;1
1313;14;628942188;1313;251;1994;1994;9.33;0.57;189.30;3.35;681;14;658.00;0
1314;14;628942197;1314;255;1998;1998;9.11;0.56;189.16;3.34;684;14;659.00;0
1319;14;628942215;1319;259;1998;1998;8.95;0.55;188.99;3.34;679;14;660.00;0
1320;14;628942223;1320;264;1998;1998;8.81;0.54;189.07;3.34;678;14;661.00;0
1321;14;628942232;1321;265;1998;1998;8.68;0.53;189.00;3.34;677;14;662.00;0
1323;14;628942240;1323;269;2003;2004;8.60;0.53;188.87;3.34;680;14;663.00;1
1324;14;628942249;1324;276;2003;2004;8.46;0.52;188.96;3.34;679;14;664.00;1
1326;14;628942264;1326;275;2004;2004;8.33;0.51;188.83;3.34;678;14;665.00;0
1328;14;628942273;1328;276;2006;2007;8.21;0.50;188.73;3.34;678;14;666.00;1
1328;14;628942282;1328;281;2006;2007;8.16;0.50;188.73;3.34;678;14;667.00;1
1329;14;628942289;1329;277;2007;2007;8.03;0.49;188.75;3.33;678;14;668.00;0
1330;14;628942306;1330;286;2008;2008;7.89;0.48;188.77;3.33;678;14;669.00;0
1331;14;628942317;1331;287;2009;2009;7.78;0.48;188.64;3.33;678;14;670.00;0
1332;14;628942329;1332;293;2009;2009;7.65;0.47;188.60;3.33;677;14;671.00;0
1335;14;628942338;1335;299;2022;2022;7.54;0.46;188.72;3.31;687;14;672.00;0
1340;14;628942352;1340;303;2022;2022;7.42;0.45;188.61;3.31;682;14;673.00;0
1341;14;628942362;1341;304;2022;2022;7.35;0.45;188.75;3.31;681;14;674.00;0
1344;14;628942373;1344;295;2024;2024;7.32;0.45;189.00;3.31;680;14;675.00;0
1348;14;628942384;1348;284;2024;2024;7.23;0.44;189.47;3.31;676;14;676.00;0
1350;14;628942394;1350;270;2027;2028;7.27;0.45;189.55;3.30;677;14;677.00;1
1356;14;628942404;1356;267;2027;2028;7.24;0.44;189.40;3.30;671;14;678.00;1
1356;14;628942412;1356;265;2032;2032;7.25;0.44;189.40;3.30;676;14;679.00;0
1359;15;628942421;1359;253;2032;2032;7.34;0.45;189.86;3.30;673;15;680.00;0
1362;15;628942441;1362;243;2032;2032;7.40;0.45;189.84;3.30;670;15;681.00;0
1364;15;628942449;1364;232;2032;2032;7.50;0.46;190.14;3.30;668;15;682.00;0
1368;15;628942458;1368;220;2032;2032;7.59;0.47;190.35;3.30;664;15;683.00;0
1372;15;628942466;1372;208;2042;2044;7.73;0.48;190.31;3.28;670;15;684.00;2
1376;15;628942475;1376;206;2043;2044;7.81;0.48;190.58;3.28;667;15;685.00;1
1378;15;628942484;1378;205;2044;2044;7.94;0.49;190.82;3.28;666;15;686.00;0
1381;15;628942498;1381;196;2044;2044;8.01;0.49;190.86;3.28;663;15;687.00;0
1383;15;628942506;1383;188;2044;2044;8.14;0.50;191.19;3.28;661;15;688.00;0
1386;15;628942515;1386;184;2044;2044;8.25;0.51;191.44;3.28;658;15;689.00;0
1390;15;628942525;1390;176;2045;2045;8.34;0.51;191.60;3.28;655;15;690.00;0
1392;15;628942533;1392;174;2045;2045;8.42;0.52;191.67;3.28;653;15;691.00;0
1396;15;628942541;1396;170;2050;2051;8.52;0.52;192.01;3.28;654;15;692.00;1
1400;15;628942551;1400;163;2052;2052;8.61;0.53;192.33;3.27;652;15;693.00;0
1402;15;628942560;1402;169;2052;2052;8.67;0.53;192.34;3.27;650;15;694.00;0
1404;15;628942570;1404;166;2052;2052;8.84;0.54;192.38;3.27;648;15;695.00;0
1408;15;628942579;1408;167;2056;2056;9.01;0.55;192.62;3.27;648;15;696.00;0
1412;15;628942588;1412;167;2056;2056;9.09;0.56;192.69;3.27;644;15;697.00;0
1419;15;628942598;1419;160;2056;2056;9.11;0.56;192.55;3.27;637;15;698.00;0
1423;15;628942609;1423;150;2057;2057;9.26;0.57;192.69;3.27;634;15;699.00;0
1430;15;628942619;1430;145;2061;2061;9.37;0.57;192.80;3.26;631;15;700.00;0
1436;15;628942632;1436;133;2061;2061;9.45;0.58;192.95;3.26;625;15;701.00;0
1440;15;628942642;1440;124;2063;2064;9.53;0.58;192.95;3.26;623;15;702.00;1
1446;15;628942657;1446;122;2063;2064;9.62;0.59;192.99;3.26;617;15;703.00;1
1452;15;628942667;1452;117;2064;2064;9.72;0.59;193.06;3.26;612;15;704.00;0
1456;15;628942676;1456;118;2064;2064;9.72;0.59;193.15;3.26;608;15;705.00;0
1464;15;628942690;1464;117;2067;2068;9.73;0.59;193.17;3.25;603;15;706.00;1
1469;15;628942700;1469;115;2067;2068;9.73;0.59;193.16;3.25;598;15;707.00;1
1474;15;628942710;1474;112;2068;2068;9.81;0.60;193.11;3.25;594;15;708.00;0
1479;15;628942719;1479;116;2068;2068;9.85;0.60;193.12;3.25;589;15;709.00;0
1480;15;628942728;1480;113;2069;2069;9.90;0.60;193.18;3.25;589;15;710.00;0
1486;15;628942737;1486;117;2070;2070;9.99;0.61;193.17;3.25;584;15;711.00;0
1490;15;628942747;1490;115;2070;2070;9.97;0.60;193.30;3.25;580;15;712.00;0
1494;15;628942756;1494;117;2071;2071;10.04;0.61;193.23;3.25;577;15;713.00;0
1495;15;628942765;1495;120;2071;2071;10.11;0.61;193.37;3.25;576;15;714.00;0
1496;15;628942775;1496;121;2071;2071;10.18;0.62;193.48;3.25;575;15;715.00;0
1500;15;628942783;1500;121;2071;2071;10.26;0.62;193.56;3.25;571;15;716.00;0
1503;15;628942793;1503;125;2071;2071;10.31;0.63;193.86;3.25;568;15;717.00;0
1506;15;628942802;1506;126;2071;2071;10.39;0.63;193.93;3.25;565;15;718.00;0
1510;15;628942811;1510;131;2071;2071;10.40;0.63;194.09;3.25;561;15;719.00;0
1513;15;628942822;1513;168;2191;2301;10.32;0.65;194.31;3.07;678;15;720.00;110
1515;15;628942850;1515;167;2201;2302;10.32;0.64;194.34;3.06;686;15;721.00;101
1519;15;628942862;1519;149;2215;2302;10.34;0.65;194.83;3.06;696;15;722.00;87
1520;15;628942872;1520;146;2224;2302;10.27;0.64;195.05;3.06;704;15;723.00;78
1522;15;628942882;1522;143;2230;2302;10.25;0.64;195.14;3.06;708;15;724.00;72
1524;15;628942892;1524;143;2236;2302;10.21;0.64;195.33;3.06;712;15;725.00;66
1527;15;628942902;1527;149;2243;2302;10.15;0.63;195.48;3.07;716;15;726.00;59
1528;15;628942918;1528;145;2248;2302;10.13;0.63;195.61;3.08;720;15;727.00;54
1530;15;628942929;1530;141;2251;2303;10.08;0.63;195.64;3.09;721;15;728.00;52
1532;15;628942940;1532;145;2257;2304;10.05;0.62;195.80;3.11;725;15;729.00;47
1536;15;628942950;1536;147;2259;2304;9.99;0.62;196.05;3.11;723;15;730.00;45
1538;15;628942962;1538;151;2265;2305;10.01;0.62;196.15;3.13;727;15;731.00;40
1542;15;628942973;1542;158;2270;2305;9.96;0.62;196.35;3.15;728;15;732.00;35
1545;15;628942984;1545;160;2273;2305;9.98;0.62;196.21;3.16;728;15;733.00;32
1548;15;628942995;1548;162;2275;2305;9.95;0.62;196.57;3.17;727;15;734.00;30
1550;15;628943006;1550;168;2280;2309;9.93;0.61;196.71;3.18;730;15;735.00;29
1554;16;628943018;1554;160;2282;2309;9.97;0.61;196.89;3.19;728;16;736.00;27
1555;16;628943035;1555;157;2287;2309;9.99;0.61;197.07;3.22;732;16;737.00;22
1558;16;628943047;1558;153;2288;2312;10.17;0.63;197.19;3.22;730;16;738.00;24
1563;16;628943058;1563;154;2290;2312;10.24;0.63;197.36;3.23;727;16;739.00;22
1565;16;628943070;1565;150;2291;2312;10.32;0.63;197.59;3.24;726;16;740.00;21
1569;16;628943082;1569;151;2297;2316;10.34;0.64;198.06;3.25;728;16;741.00;19
1571;16;628943095;1571;149;2298;2317;10.58;0.65;198.16;3.25;727;16;742.00;19
1574;16;628943107;1574;150;2298;2317;10.75;0.66;198.13;3.25;724;16;743.00;19
1578;16;628943119;1578;150;2301;2321;10.82;0.66;198.31;3.25;723;16;744.00;20
1580;16;628943131;1580;149;2305;2321;10.96;0.67;198.42;3.27;725;16;745.00;16
1583;16;628943143;1583;151;2306;2321;11.15;0.68;198.55;3.27;723;16;746.00;15
1588;17;628943160;1588;153;2307;2322;11.24;0.69;198.80;3.27;719;17;747.00;15
1589;17;628943205;1589;151;2308;2322;11.31;0.69;198.92;3.28;719;17;748.00;14
1592;17;628943217;1592;152;2312;2328;11.32;0.69;199.02;3.28;720;17;749.00;16
1595;17;628943234;1595;156;2313;2328;11.41;0.69;199.16;3.28;718;17;750.00;15
1597;17;628943246;1597;154;2314;2329;11.45;0.70;199.39;3.28;717;17;751.00;15
1600;17;628943258;1600;151;2315;2329;11.50;0.70;199.45;3.29;715;17;752.00;14
1603;17;628943269;1603;149;2315;2329;11.60;0.71;199.70;3.29;712;17;753.00;14
1607;17;628943280;1607;148;2316;2329;11.67;0.71;200.05;3.29;709;17;754.00;13
1613;17;628943291;1613;149;2316;2329;11.74;0.71;200.21;3.29;703;17;755.00;13
1616;17;628943304;1616;152;2328;2341;11.80;0.72;200.16;3.28;712;17;756.00;13
1618;17;628943321;1618;154;2328;2341;11.79;0.72;200.19;3.28;710;17;757.00;13
1621;17;628943332;1621;154;2329;2341;11.74;0.71;200.30;3.28;708;17;758.00;12
1625;17;628943354;1625;153;2330;2341;11.76;0.71;200.24;3.28;705;17;759.00;11
1628;17;628943365;1628;150;2330;2341;11.81;0.72;200.42;3.28;702;17;760.00;11
1630;17;628943376;1630;151;2330;2341;11.92;0.72;200.47;3.28;700;17;761.00;11
1633;17;628943392;1633;153;2334;2345;11.89;0.72;200.87;3.28;701;17;762.00;11
1636;17;628943403;1636;156;2334;2345;11.95;0.73;200.92;3.28;698;17;763.00;11
1637;17;628943413;1637;157;2337;2349;12.02;0.73;201.01;3.28;700;17;764.00;12
1639;17;628943424;1639;160;2339;2351;12.01;0.73;201.05;3.27;700;17;765.00;12
1641;17;628943435;1641;161;2340;2351;12.06;0.73;200.98;3.27;699;17;766.00;11
1645;17;628943445;1645;163;2340;2351;12.03;0.73;201.14;3.27;695;17;767.00;11
1646;17;628943460;1646;166;2351;2364;11.95;0.73;201.11;3.26;705;17;768.00;13
1651;17;628943471;1651;167;2351;2364;11.95;0.73;201.16;3.26;700;17;769.00;13
1654;17;628943481;1654;164;2351;2364;11.99;0.73;201.05;3.26;697;17;770.00;13
1656;17;628943491;1656;163;2352;2365;12.01;0.73;201.15;3.26;696;17;771.00;13
1658;17;628943501;1658;161;2353;2366;11.95;0.73;201.04;3.26;695;17;772.00;13
1664;17;628943511;1664;165;2353;2366;11.92;0.73;201.27;3.26;689;17;773.00;13
1664;17;628943521;1664;163;2355;2369;11.95;0.73;201.27;3.25;691;17;774.00;14
1666;17;628943531;1666;164;2355;2369;11.99;0.73;201.43;3.25;689;17;775.00;14
1672;17;628943540;1672;168;2356;2369;11.95;0.73;201.51;3.25;684;17;776.00;13
1675;17;628943550;1675;168;2356;2369;11.97;0.73;201.53;3.25;681;17;777.00;13
1677;17;628943559;1677;169;2360;2375;11.97;0.73;201.59;3.25;683;17;778.00;15
1683;18;628943569;1683;165;2361;2375;11.91;0.72;201.67;3.27;678;18;779.00;14
1684;19;628943591;1684;162;2362;2375;11.89;0.72;201.59;3.27;678;19;780.00;13
1685;19;628943611;1685;158;2362;2375;11.74;0.71;201.56;3.27;677;19;781.00;13
1688;19;628943620;1688;156;2365;2379;11.63;0.71;201.58;3.27;677;19;782.00;14
1691;19;628943629;1691;154;2366;2380;11.63;0.71;201.59;3.27;675;19;783.00;14
1698;19;628943639;1698;148;2366;2380;11.71;0.71;201.61;3.27;668;19;784.00;14
1702;19;628943648;1702;144;2368;2381;11.72;0.71;201.77;3.27;666;19;785.00;13
1706;19;628943658;1706;141;2369;2381;11.67;0.71;201.55;3.27;663;19;786.00;12
1709;19;628943667;1709;138;2369;2381;11.73;0.72;201.68;3.27;660;19;787.00;12
1712;19;628943676;1712;134;2369;2381;11.77;0.72;201.84;3.27;657;19;788.00;12
1713;19;628943686;1713;129;2369;2381;11.86;0.72;201.78;3.27;656;19;789.00;12
1715;19;628943695;1715;121;2369;2381;11.93;0.73;201.75;3.27;654;19;790.00;12
1719;19;628943704;1719;121;2369;2381;12.01;0.73;201.49;3.27;650;19;791.00;12
1722;19;628943714;1722;129;2400;2451;11.99;0.73;201.37;3.23;678;19;792.00;51
1723;19;628943729;1723;125;2400;2452;11.99;0.73;201.56;3.23;677;19;793.00;52
1726;19;628943739;1726;128;2409;2452;12.08;0.74;201.59;3.25;683;19;794.00;43
1728;20;628943748;1728;131;2412;2452;12.03;0.73;201.72;3.25;684;20;795.00;40
1728;20;628943769;1728;133;2416;2452;12.07;0.74;201.72;3.25;688;20;796.00;36
1730;20;628943778;1730;135;2422;2452;12.00;0.73;201.75;3.32;692;20;797.00;30
1733;20;628943789;1733;139;2426;2452;11.92;0.73;201.66;3.32;693;20;798.00;26
1735;21;628943799;1735;141;2428;2452;11.82;0.72;201.56;3.33;693;21;799.00;24
1737;21;628943820;1737;142;2434;2453;11.65;0.71;201.45;3.39;697;21;800.00;19
1740;21;628943834;1740;148;2436;2454;11.45;0.70;201.27;3.39;696;21;801.00;18
1743;21;628943845;1743;153;2438;2454;11.25;0.68;201.15;3.43;695;21;802.00;16
1747;21;628943854;1747;160;2442;2458;11.11;0.68;201.07;3.43;695;21;803.00;16
1749;21;628943865;1749;166;2444;2458;11.01;0.67;201.04;3.47;695;21;804.00;14
1751;21;628943874;1751;177;2445;2458;10.90;0.66;200.98;3.47;694;21;805.00;13
1756;21;628943884;1756;176;2447;2458;10.76;0.65;200.73;3.51;691;21;806.00;11
1756;21;628943894;1756;185;2451;2464;10.71;0.65;200.73;3.50;695;21;807.00;13
1758;21;628943903;1758;197;2453;2464;10.60;0.64;200.56;3.54;695;21;808.00;11
1760;21;628943913;1760;204;2453;2464;10.51;0.64;200.42;3.54;693;21;809.00;11
1761;21;628943924;1761;210;2458;2470;10.43;0.63;200.43;3.55;697;21;810.00;12
1762;21;628943934;1762;217;2459;2470;10.32;0.63;200.33;3.58;697;21;811.00;11
1764;21;628943944;1764;223;2461;2470;10.23;0.62;200.20;3.60;697;21;812.00;9
1766;21;628943952;1766;225;2464;2471;10.02;0.61;200.12;3.61;698;21;813.00;7
1768;21;628943962;1768;229;2466;2472;9.85;0.60;200.08;3.60;698;21;814.00;6
1769;21;628943971;1769;228;2469;2472;9.66;0.59;199.98;3.63;700;21;815.00;3
1771;21;628943980;1771;238;2479;2485;9.49;0.58;199.92;3.62;708;21;816.00;6
1771;21;628943990;1771;244;2480;2485;9.36;0.57;199.92;3.63;709;21;817.00;5
1774;21;628943998;1774;252;2481;2485;9.20;0.56;199.69;3.63;707;21;818.00;4
1775;21;628944007;1775;256;2482;2486;9.08;0.56;199.71;3.63;707;21;819.00;4
1776;21;628944016;1776;269;2484;2486;8.93;0.55;199.71;3.63;708;21;820.00;2
1778;21;628944025;1778;277;2487;2490;8.81;0.54;199.60;3.62;709;21;821.00;3
1782;21;628944034;1782;281;2488;2490;8.71;0.53;199.60;3.63;706;21;822.00;2
1783;21;628944043;1783;289;2493;2494;8.69;0.53;199.56;3.62;710;21;823.00;1
1785;21;628944052;1785;293;2493;2494;8.59;0.53;199.42;3.62;708;21;824.00;1
1786;21;628944060;1786;299;2493;2494;8.44;0.52;199.41;3.62;707;21;825.00;1
1786;21;628944068;1786;303;2493;2494;8.29;0.51;199.41;3.62;707;21;826.00;1
1789;21;628944076;1789;299;2493;2494;8.08;0.49;199.33;3.62;704;21;827.00;1
1790;21;628944085;1790;295;2503;2506;7.99;0.49;199.30;3.61;713;21;828.00;3
1790;21;628944095;1790;292;2504;2506;7.90;0.49;199.30;3.61;714;21;829.00;2
1796;21;628944103;1796;287;2505;2506;7.80;0.48;199.11;3.60;709;21;830.00;1
1796;21;628944112;1796;281;2505;2506;7.74;0.48;199.11;3.60;709;21;831.00;1
1798;21;628944120;1798;271;2505;2506;7.71;0.47;199.06;3.60;707;21;832.00;1
1799;21;628944128;1799;263;2505;2506;7.75;0.48;199.05;3.60;706;21;833.00;1
1799;21;628944142;1799;263;2506;2507;7.75;0.48;199.05;3.60;707;21;834.00;1
1800;21;628944157;1800;261;2506;2507;7.82;0.48;199.04;3.60;706;21;835.00;1
1801;21;628944166;1801;260;2511;2513;7.96;0.49;199.00;3.60;710;21;836.00;2
1803;21;628944175;1803;257;2512;2514;8.08;0.50;198.91;3.60;709;21;837.00;2
1803;21;628944185;1803;258;2513;2514;8.16;0.50;198.91;3.60;710;21;838.00;1
1803;21;628944199;1803;254;2513;2514;8.31;0.51;198.91;3.60;710;21;839.00;1
1804;21;628944209;1804;251;2518;2519;8.45;0.52;198.87;3.59;714;21;840.00;1
1807;21;628944219;1807;252;2518;2519;8.48;0.52;198.88;3.59;711;21;841.00;1
1809;21;628944228;1809;253;2518;2519;8.52;0.52;198.89;3.59;709;21;842.00;1
1811;21;628944240;1811;248;2519;2520;8.59;0.53;198.85;3.59;708;21;843.00;1
1813;21;628944249;1813;248;2523;2524;8.61;0.53;198.92;3.58;710;21;844.00;1
1816;21;628944258;1816;240;2523;2524;8.59;0.52;198.95;3.58;707;21;845.00;1
1818;21;628944267;1818;243;2525;2527;8.59;0.53;198.95;3.58;707;21;846.00;2
1822;21;628944275;1822;237;2526;2527;8.64;0.53;199.12;3.58;704;21;847.00;1
1823;21;628944283;1823;234;2526;2527;8.64;0.53;199.09;3.58;703;21;848.00;1
1825;21;628944292;1825;233;2526;2527;8.52;0.52;199.21;3.58;701;21;849.00;1
1828;21;628944300;1828;222;2529;2531;8.54;0.52;199.19;3.58;701;21;850.00;2
1832;21;628944314;1832;215;2529;2531;8.57;0.53;199.42;3.58;697;21;851.00;2
1836;21;628944326;1836;208;2530;2531;8.63;0.53;199.55;3.58;694;21;852.00;1
1842;21;628944338;1842;197;2530;2531;8.66;0.53;199.80;3.58;688;21;853.00;1
1843;21;628944350;1843;192;2531;2532;8.72;0.53;199.92;3.58;688;21;854.00;1
1848;21;628944363;1848;185;2533;2534;8.84;0.54;200.17;3.57;685;21;855.00;1
1852;21;628944384;1852;182;2533;2534;8.91;0.55;200.23;3.57;681;21;856.00;1
1857;21;628944405;1857;170;2534;2535;9.02;0.55;200.28;3.57;677;21;857.00;1
1862;21;628944416;1862;161;2534;2535;9.11;0.56;200.39;3.57;672;21;858.00;1
1863;21;628944426;1863;151;2534;2535;9.23;0.57;200.47;3.57;671;21;859.00;1
1867;21;628944435;1867;148;2534;2535;9.25;0.57;200.61;3.57;667;21;860.00;1
1870;21;628944445;1870;144;2534;2535;9.34;0.57;200.66;3.57;664;21;861.00;1
1877;21;628944455;1877;139;2534;2535;9.41;0.57;200.75;3.57;657;21;862.00;1
1882;21;628944465;1882;134;2534;2535;9.44;0.58;200.79;3.57;652;21;863.00;1
1886;21;628944475;1886;138;2614;2662;9.56;0.59;200.91;3.46;728;21;864.00;48
1891;21;628944494;1891;139;2618;2663;9.61;0.59;200.73;3.46;727;21;865.00;45
1897;21;628944505;1897;138;2625;2663;9.71;0.60;200.78;3.46;728;21;866.00;38
1897;21;628944516;1897;132;2629;2663;9.80;0.60;200.78;3.46;732;21;867.00;34
1905;21;628944526;1905;127;2634;2663;9.81;0.60;200.90;3.46;729;21;868.00;29
1907;21;628944536;1907;125;2639;2663;9.74;0.60;200.94;3.46;732;21;869.00;24
1911;21;628944555;1911;127;2644;2663;9.65;0.59;201.03;3.46;733;21;870.00;19
1916;21;628944566;1916;132;2645;2663;9.59;0.59;201.07;3.47;729;21;871.00;18
1919;22;628944582;1919;138;2649;2664;9.55;0.59;201.45;3.47;730;22;872.00;15
1923;22;628944609;1923;141;2650;2665;9.54;0.59;201.39;3.47;727;22;873.00;15
1927;22;628944620;1927;154;2652;2665;9.51;0.58;201.61;3.48;725;22;874.00;13
1933;22;628944631;1933;164;2654;2666;9.50;0.58;201.82;3.48;721;22;875.00;12
1936;22;628944642;1936;172;2656;2666;9.57;0.59;201.83;3.49;720;22;876.00;10
1942;22;628944653;1942;178;2656;2666;9.56;0.59;202.14;3.49;714;22;877.00;10
1944;22;628944664;1944;176;2659;2666;9.57;0.59;202.30;3.50;715;22;878.00;7
1946;22;628944674;1946;177;2661;2670;9.63;0.59;202.33;3.50;715;22;879.00;9
1950;22;628944686;1950;181;2663;2670;9.68;0.59;202.46;3.50;713;22;880.00;7
1953;22;628944697;1953;186;2664;2670;9.70;0.60;202.47;3.51;711;22;881.00;6
1959;22;628944707;1959;187;2666;2673;9.80;0.60;202.37;3.51;707;22;882.00;7
1961;22;628944719;1961;185;2667;2673;9.97;0.61;202.47;3.51;706;22;883.00;6
1966;22;628944729;1966;187;2668;2673;10.04;0.62;202.69;3.51;702;22;884.00;5
1968;22;628944740;1968;190;2672;2677;10.10;0.62;202.86;3.51;704;22;885.00;5
1973;22;628944751;1973;186;2674;2678;10.14;0.62;203.04;3.51;701;22;886.00;4
1980;22;628944762;1980;189;2674;2678;10.19;0.62;203.25;3.51;694;22;887.00;4
1983;22;628944773;1983;189;2679;2682;10.30;0.63;203.27;3.50;696;22;888.00;3
1988;22;628944784;1988;189;2679;2682;10.34;0.63;203.25;3.50;691;22;889.00;3
1991;22;628944795;1991;191;2679;2682;10.35;0.63;203.38;3.50;688;22;890.00;3
1996;22;628944805;1996;191;2680;2683;10.29;0.63;203.54;3.50;684;22;891.00;3
2000;22;628944817;2000;190;2680;2683;10.24;0.62;203.69;3.50;680;22;892.00;3
2003;22;628944827;2003;192;2685;2689;10.23;0.62;203.88;3.50;682;22;893.00;4
2005;22;628944838;2005;198;2685;2689;10.20;0.62;204.05;3.50;680;22;894.00;4
2008;22;628944849;2008;201;2687;2690;10.12;0.62;204.08;3.50;679;22;895.00;3
2011;22;628944860;2011;204;2687;2690;10.08;0.61;204.21;3.50;676;22;896.00;3
2014;22;628944876;2014;192;2687;2690;10.11;0.62;204.27;3.50;673;22;897.00;3
2017;22;628944886;2017;188;2687;2690;10.08;0.61;204.57;3.50;670;22;898.00;3
2020;22;628944902;2020;186;2687;2690;10.10;0.62;204.73;3.50;667;22;899.00;3
2023;22;628944920;2023;189;2714;2736;10.09;0.62;204.88;3.46;691;22;900.00;22
2027;22;628944945;2027;187;2714;2736;10.16;0.62;205.39;3.46;687;22;901.00;22
2032;22;628944955;2032;184;2717;2736;10.22;0.63;205.70;3.46;685;22;902.00;19
2037;22;628944966;2037;185;2718;2736;10.27;0.63;206.07;3.46;681;22;903.00;18
2040;22;628944976;2040;180;2719;2736;10.32;0.63;206.17;3.46;679;22;904.00;17
2042;22;628944986;2042;181;2720;2736;10.28;0.63;206.28;3.46;678;22;905.00;16
2046;22;628944997;2046;172;2725;2740;10.26;0.63;206.45;3.46;679;22;906.00;15
2051;22;628945008;2051;157;2725;2740;10.29;0.63;206.44;3.46;674;22;907.00;15
2054;22;628945018;2054;146;2729;2744;10.30;0.63;206.70;3.46;675;22;908.00;15
2056;22;628945034;2056;137;2730;2745;10.42;0.64;206.79;3.46;674;22;909.00;15
2060;22;628945045;2060;125;2731;2745;10.54;0.64;206.74;3.46;671;22;910.00;14
2064;22;628945056;2064;118;2731;2745;10.65;0.65;206.83;3.46;667;22;911.00;14
2068;22;628945067;2068;120;2740;2758;10.84;0.66;206.92;3.45;672;22;912.00;18
2069;22;628945079;2069;115;2740;2758;10.95;0.67;206.91;3.45;671;22;913.00;18
2071;22;628945090;2071;113;2741;2758;11.05;0.67;206.92;3.45;670;22;914.00;17
2072;22;628945101;2072;115;2743;2759;11.16;0.68;207.02;3.46;671;22;915.00;16
2076;22;628945112;2076;113;2744;2760;11.19;0.68;207.12;3.46;668;22;916.00;16
2080;22;628945123;2080;113;2744;2760;11.23;0.68;207.27;3.46;664;22;917.00;16
2082;22;628945133;2082;113;2746;2763;11.17;0.68;207.27;3.45;664;22;918.00;17
2084;22;628945144;2084;115;2747;2763;11.14;0.68;207.49;3.46;663;22;919.00;16
2086;22;628945155;2086;121;2748;2763;11.13;0.68;207.56;3.46;662;22;920.00;15
2088;22;628945166;2088;120;2748;2763;11.20;0.68;207.62;3.46;660;22;921.00;15
2090;23;628945176;2090;125;2752;2769;11.23;0.68;207.64;3.46;662;23;922.00;17
2091;23;628945198;2091;124;2753;2769;11.30;0.69;207.67;3.51;662;23;923.00;16
2093;23;628945208;2093;124;2755;2769;11.36;0.69;207.68;3.52;662;23;924.00;14
2094;23;628945219;2094;126;2755;2769;11.39;0.69;207.61;3.52;661;23;925.00;14
2096;23;628945229;2096;126;2760;2773;11.30;0.69;207.61;3.52;664;23;926.00;13
2099;23;628945239;2099;124;2761;2774;11.40;0.69;207.81;3.52;662;23;927.00;13
2102;23;628945249;2102;124;2761;2774;11.48;0.70;207.95;3.52;659;23;928.00;13
2105;23;628945259;2105;130;2764;2775;11.56;0.70;207.88;3.53;659;23;929.00;11
2110;23;628945271;2110;132;2764;2775;11.64;0.71;208.06;3.53;654;23;930.00;11
2112;23;628945281;2112;133;2764;2775;11.68;0.71;208.20;3.53;652;23;931.00;11
2116;23;628945291;2116;136;2765;2775;11.71;0.71;208.01;3.54;649;23;932.00;10
2118;23;628945307;2118;136;2766;2775;11.60;0.71;208.13;3.54;648;23;933.00;9
2124;23;628945317;2124;141;2767;2775;11.55;0.70;208.11;3.55;643;23;934.00;8
2126;23;628945327;2126;144;2767;2775;11.47;0.70;208.06;3.55;641;23;935.00;8
2130;23;628945342;2130;160;2806;2845;11.06;0.67;208.27;3.50;676;23;936.00;39
2130;23;628945356;2130;156;2810;2846;11.06;0.67;208.27;3.51;680;23;937.00;36
2131;23;628945366;2131;152;2817;2846;11.19;0.68;208.35;3.50;686;23;938.00;29
2135;23;628945375;2135;153;2818;2846;11.22;0.68;208.21;3.50;683;23;939.00;28
2136;23;628945384;2136;157;2823;2846;11.18;0.68;208.22;3.50;687;23;940.00;23
2138;23;628945394;2138;156;2826;2846;11.22;0.68;208.20;3.51;688;23;941.00;20
2142;23;628945402;2142;161;2828;2846;11.26;0.69;208.39;3.51;686;23;942.00;18
2144;23;628945412;2144;167;2831;2846;11.27;0.69;208.37;3.51;687;23;943.00;15
2147;23;628945421;2147;170;2832;2847;11.29;0.69;208.40;3.51;685;23;944.00;15
2151;23;628945431;2151;167;2838;2849;11.35;0.69;208.35;3.52;687;23;945.00;11
2155;23;628945440;2155;174;2840;2849;11.30;0.69;208.26;3.52;685;23;946.00;9
2156;23;628945449;2156;178;2844;2853;11.21;0.68;208.22;3.52;688;23;947.00;9
2157;23;628945459;2157;178;2844;2853;11.22;0.68;208.29;3.52;687;23;948.00;9
2160;23;628945469;2160;177;2845;2853;11.16;0.68;208.27;3.55;685;23;949.00;8
2162;23;628945478;2162;176;2845;2853;11.13;0.68;208.20;3.55;683;23;950.00;8
2165;23;628945487;2165;175;2848;2859;11.09;0.68;208.12;3.54;683;23;951.00;11
2169;23;628945496;2169;169;2848;2859;11.06;0.67;208.05;3.54;679;23;952.00;11
2174;23;628945505;2174;166;2850;2859;11.00;0.67;208.23;3.56;676;23;953.00;9
2179;23;628945514;2179;166;2852;2862;11.01;0.67;208.12;3.55;673;23;954.00;10
2182;23;628945528;2182;166;2854;2862;10.95;0.67;207.96;3.55;672;23;955.00;8
2187;23;628945538;2187;165;2854;2862;10.88;0.66;207.74;3.55;667;23;956.00;8
2191;23;628945547;2191;164;2855;2863;10.82;0.66;207.54;3.55;664;23;957.00;8
2194;23;628945556;2194;163;2856;2864;10.80;0.66;207.43;3.55;662;23;958.00;8
2197;23;628945565;2197;161;2856;2864;10.73;0.65;207.34;3.55;659;23;959.00;8
2200;23;628945575;2200;165;2871;2890;10.69;0.65;207.22;3.53;671;23;960.00;19
2200;23;628945586;2200;162;2871;2890;10.67;0.65;207.22;3.53;671;23;961.00;19
2202;23;628945596;2202;165;2873;2890;10.72;0.65;207.10;3.53;671;23;962.00;17
2202;23;628945604;2202;164;2875;2891;10.81;0.66;207.10;3.53;673;23;963.00;16
2207;23;628945614;2207;164;2876;2891;10.81;0.66;206.83;3.56;669;23;964.00;15
2207;23;628945622;2207;165;2878;2895;10.86;0.66;206.83;3.56;671;23;965.00;17
2211;23;628945631;2211;169;2878;2895;10.79;0.66;206.68;3.56;667;23;966.00;17
2213;23;628945640;2213;173;2883;2899;10.71;0.65;206.72;3.58;670;23;967.00;16
2214;23;628945650;2214;175;2883;2899;10.71;0.65;206.67;3.58;669;23;968.00;16
2214;23;628945658;2214;183;2886;2899;10.62;0.65;206.67;3.61;672;23;969.00;13
2217;23;628945667;2217;186;2886;2899;10.51;0.64;206.76;3.61;669;23;970.00;13
2220;23;628945676;2220;190;2887;2899;10.38;0.63;206.65;3.62;667;23;971.00;12
2221;23;628945684;2221;190;2897;2911;10.30;0.63;206.67;3.62;676;23;972.00;14
2223;23;628945693;2223;194;2898;2911;10.13;0.62;206.67;3.62;675;23;973.00;13
2223;23;628945702;2223;201;2900;2911;9.97;0.61;206.67;3.62;677;23;974.00;11
2224;23;628945710;2224;207;2900;2911;9.83;0.60;206.69;3.62;676;23;975.00;11
2225;23;628945718;2225;208;2900;2911;9.73;0.60;206.70;3.62;675;23;976.00;11
2227;23;628945726;2227;213;2901;2911;9.60;0.59;206.72;3.63;674;23;977.00;10
2229;23;628945740;2229;221;2901;2912;9.47;0.58;206.76;3.63;672;23;978.00;11
2232;23;628945749;2232;215;2903;2912;9.43;0.58;206.72;3.64;671;23;979.00;9
2234;23;628945758;2234;216;2909;2918;9.48;0.58;206.73;3.65;675;23;980.00;9
2238;23;628945768;2238;216;2911;2919;9.53;0.58;206.72;3.64;673;23;981.00;8
2240;23;628945777;2240;216;2912;2919;9.55;0.58;206.73;3.65;672;23;982.00;7
2242;23;628945786;2242;209;2913;2919;9.56;0.58;206.63;3.65;671;23;983.00;6
2242;24;628945795;2242;203;2916;2923;9.58;0.58;206.63;3.64;674;24;984.00;7
2245;24;628945821;2245;202;2917;2923;9.44;0.58;206.58;3.65;672;24;985.00;6
2245;24;628945831;2245;204;2917;2923;9.39;0.57;206.58;3.65;672;24;986.00;6
2248;24;628945839;2248;198;2919;2924;9.32;0.57;206.53;3.65;671;24;987.00;5
2251;24;628945848;2251;202;2923;2928;9.27;0.56;206.42;3.65;672;24;988.00;5
2253;24;628945857;2253;197;2923;2928;9.28;0.56;206.43;3.65;670;24;989.00;5
2255;24;628945873;2255;201;2927;2934;9.25;0.56;206.49;3.64;672;24;990.00;7
2255;24;628945882;2255;202;2928;2934;9.26;0.57;206.49;3.64;673;24;991.00;6
2255;24;628945891;2255;202;2928;2934;9.27;0.57;206.49;3.64;673;24;992.00;6
2257;24;628945900;2257;202;2929;2934;9.22;0.56;206.47;3.64;672;24;993.00;5
2257;24;628945908;2257;207;2931;2938;9.19;0.56;206.47;3.64;674;24;994.00;7
2257;24;628945917;2257;212;2932;2938;9.19;0.56;206.47;3.64;675;24;995.00;6
2257;24;628945925;2257;214;2933;2938;9.15;0.56;206.47;3.64;676;24;996.00;5
2260;24;628945933;2260;216;2933;2938;9.09;0.56;206.58;3.64;673;24;997.00;5
2262;24;628945942;2262;217;2935;2939;9.02;0.55;206.71;3.64;673;24;998.00;4
2263;24;628945950;2263;216;2936;2940;8.96;0.55;206.70;3.64;673;24;999.00;4
2264;24;628945960;2264;219;2936;2940;8.89;0.54;206.67;3.64;672;24;1000.00;4
2265;24;628945972;2265;215;2937;2941;8.84;0.54;206.64;3.64;672;24;1001.00;4
2266;24;628945981;2266;217;2937;2941;8.81;0.54;206.61;3.64;671;24;1002.00;4
2267;24;628945990;2267;218;2937;2941;8.70;0.54;206.58;3.64;670;24;1003.00;4
2273;24;628945998;2273;215;2937;2941;8.57;0.53;206.68;3.64;664;24;1004.00;4
2274;24;628946007;2274;214;2937;2941;8.55;0.53;206.72;3.64;663;24;1005.00;4
2278;24;628946015;2278;213;2937;2941;8.53;0.52;206.63;3.64;659;24;1006.00;4
2280;24;628946024;2280;209;2937;2941;8.59;0.53;206.75;3.64;657;24;1007.00;4
2284;24;628946032;2284;232;3010;3068;8.68;0.54;206.66;3.55;726;24;1008.00;58
2286;24;628946051;2286;217;3018;3069;8.82;0.55;206.67;3.54;732;24;1009.00;51
2287;24;628946060;2287;204;3025;3069;8.89;0.55;206.65;3.54;738;24;1010.00;44
2291;24;628946068;2291;202;3029;3069;8.94;0.55;206.64;3.54;738;24;1011.00;40
2296;24;628946077;2296;202;3037;3069;9.01;0.56;206.84;3.54;741;24;1012.00;32
2297;24;628946087;2297;201;3040;3069;9.00;0.56;206.87;3.54;743;24;1013.00;29
2301;24;628946095;2301;202;3043;3069;8.95;0.56;206.91;3.54;742;24;1014.00;26
2307;24;628946104;2307;202;3045;3069;8.87;0.55;206.92;3.55;738;24;1015.00;24
2313;24;628946113;2313;208;3048;3070;8.76;0.54;206.82;3.55;735;24;1016.00;22
2319;24;628946122;2319;209;3051;3071;8.68;0.54;206.84;3.56;732;24;1017.00;20
2321;24;628946131;2321;210;3055;3071;8.57;0.53;207.04;3.56;734;24;1018.00;16
2325;24;628946140;2325;213;3056;3072;8.36;0.52;207.02;3.56;731;24;1019.00;16
2330;24;628946151;2330;210;3058;3072;8.24;0.51;207.18;3.57;728;24;1020.00;14
2333;24;628946160;2333;204;3059;3072;8.20;0.51;207.34;3.57;726;24;1021.00;13
2338;24;628946169;2338;204;3061;3072;8.17;0.51;207.54;3.58;723;24;1022.00;11
2341;24;628946179;2341;206;3064;3076;8.13;0.51;207.61;3.58;723;24;1023.00;12
2347;24;628946189;2347;206;3066;3076;8.12;0.50;207.60;3.59;719;24;1024.00;10
2351;24;628946199;2351;205;3067;3076;8.14;0.50;207.64;3.59;716;24;1025.00;9
2356;24;628946209;2356;208;3070;3079;8.14;0.50;207.69;3.59;714;24;1026.00;9
2357;24;628946219;2357;199;3072;3079;8.19;0.51;207.79;3.59;715;24;1027.00;7
2363;24;628946228;2363;194;3073;3079;8.32;0.51;207.98;3.59;710;24;1028.00;6
2365;24;628946239;2365;188;3077;3083;8.46;0.52;207.99;3.59;712;24;1029.00;6
2369;24;628946249;2369;179;3078;3084;8.68;0.53;208.28;3.59;709;24;1030.00;6
2372;24;628946261;2372;183;3078;3084;8.90;0.55;208.40;3.59;706;24;1031.00;6
2378;24;628946271;2378;180;3082;3088;9.03;0.55;208.67;3.58;704;24;1032.00;6
2382;24;628946282;2382;172;3082;3088;9.14;0.56;208.71;3.58;700;24;1033.00;6
2387;24;628946293;2387;168;3082;3088;9.30;0.57;209.17;3.58;695;24;1034.00;6
2391;24;628946303;2391;165;3084;3090;9.41;0.57;209.17;3.58;693;24;1035.00;6
2397;24;628946320;2397;164;3084;3090;9.43;0.57;209.58;3.58;687;24;1036.00;6
2402;24;628946341;2402;161;3089;3096;9.59;0.58;209.70;3.58;687;24;1037.00;7
2405;24;628946356;2405;155;3089;3096;9.71;0.59;209.93;3.58;684;24;1038.00;7
2411;24;628946378;2411;154;3091;3097;9.71;0.59;210.05;3.57;680;24;1039.00;6
2415;24;628946391;2415;153;3091;3097;9.75;0.59;210.27;3.57;676;24;1040.00;6
2422;24;628946403;2422;150;3091;3097;9.78;0.59;210.29;3.57;669;24;1041.00;6
2425;24;628946416;2425;151;3091;3097;9.86;0.60;210.48;3.57;666;24;1042.00;6
2426;24;628946428;2426;144;3091;3097;9.95;0.61;210.52;3.57;665;24;1043.00;6
2431;24;628946439;2431;137;3101;3109;10.03;0.61;210.69;3.56;670;24;1044.00;8
2434;25;628946451;2434;132;3102;3109;10.08;0.61;210.81;3.56;668;25;1045.00;7
2436;25;628946479;2436;134;3103;3109;10.11;0.62;210.89;3.56;667;25;1046.00;6
2442;25;628946490;2442;137;3103;3109;10.07;0.61;210.95;3.56;661;25;1047.00;6
2444;25;628946501;2444;139;3104;3109;10.11;0.62;210.95;3.61;660;25;1048.00;5
2450;25;628946511;2450;141;3104;3109;10.18;0.62;211.24;3.61;654;25;1049.00;5
2457;25;628946523;2457;143;3110;3115;10.17;0.62;211.37;3.60;653;25;1050.00;5
2459;25;628946534;2459;145;3110;3115;10.27;0.63;211.46;3.60;651;25;1051.00;5
2463;25;628946545;2463;145;3113;3119;10.39;0.63;211.56;3.60;650;25;1052.00;6
2468;25;628946556;2468;149;3115;3120;10.41;0.63;211.66;3.60;647;25;1053.00;5
2472;25;628946566;2472;152;3115;3120;10.41;0.63;211.77;3.60;643;25;1054.00;5
2477;25;628946577;2477;161;3115;3120;10.40;0.63;211.94;3.60;638;25;1055.00;5
2480;25;628946587;2480;166;3128;3133;10.35;0.63;211.94;3.58;648;25;1056.00;5
2483;25;628946599;2483;167;3128;3133;10.35;0.63;211.98;3.58;645;25;1057.00;5
2486;25;628946609;2486;169;3128;3133;10.39;0.63;212.06;3.58;642;25;1058.00;5
2491;25;628946620;2491;172;3129;3134;10.37;0.63;212.17;3.58;638;25;1059.00;5
2493;25;628946630;2493;175;3130;3135;10.38;0.63;212.16;3.58;637;25;1060.00;5
2497;25;628946640;2497;179;3130;3135;10.40;0.63;212.28;3.58;633;25;1061.00;5
2500;25;628946650;2500;181;3132;3138;10.38;0.63;212.37;3.58;632;25;1062.00;6
2503;25;628946660;2503;185;3132;3138;10.35;0.63;212.39;3.58;629;25;1063.00;6
2506;25;628946670;2506;188;3133;3138;10.22;0.62;212.36;3.58;627;25;1064.00;5
2508;25;628946680;2508;190;3133;3138;10.08;0.61;212.46;3.58;625;25;1065.00;5
2512;25;628946690;2512;193;3138;3144;10.00;0.61;212.33;3.57;626;25;1066.00;6
2515;25;628946699;2515;186;3138;3144;9.91;0.60;212.45;3.57;623;25;1067.00;6
2518;25;628946709;2518;183;3139;3144;9.81;0.59;212.51;3.57;621;25;1068.00;5
2520;25;628946719;2520;183;3139;3144;9.73;0.59;212.60;3.57;619;25;1069.00;5
2523;25;628946729;2523;178;3143;3148;9.61;0.58;212.54;3.57;620;25;1070.00;5
2528;25;628946739;2528;184;3144;3149;9.62;0.58;212.90;3.57;616;25;1071.00;5
2530;25;628946748;2530;183;3144;3149;9.61;0.58;212.87;3.57;614;25;1072.00;5
2533;25;628946757;2533;187;3145;3150;9.55;0.58;212.92;3.57;612;25;1073.00;5
2536;25;628946767;2536;187;3145;3150;9.45;0.57;213.04;3.57;609;25;1074.00;5
2537;25;628946776;2537;186;3145;3150;9.42;0.57;212.97;3.57;608;25;1075.00;5
2541;25;628946785;2541;183;3145;3150;9.43;0.57;213.09;3.57;604;25;1076.00;5
2542;25;628946794;2542;167;3145;3150;9.52;0.58;213.12;3.57;603;25;1077.00;5
2544;25;628946809;2544;154;3145;3150;9.68;0.59;213.25;3.57;601;25;1078.00;5
2546;25;628946819;2546;151;3145;3150;9.86;0.60;213.29;3.57;599;25;1079.00;5
2549;25;628946830;2549;166;3221;3275;9.74;0.60;213.28;3.49;672;25;1080.00;54
2552;25;628946855;2552;152;3225;3276;9.78;0.60;213.40;3.48;673;25;1081.00;51
2557;25;628946866;2557;138;3230;3276;9.90;0.61;213.54;3.48;673;25;1082.00;46
2558;25;628946876;2558;131;3236;3276;10.06;0.62;213.48;3.48;678;25;1083.00;40
2564;25;628946885;2564;123;3240;3276;10.20;0.63;213.46;3.48;676;25;1084.00;36
2566;25;628946896;2566;127;3243;3276;10.34;0.64;213.53;3.48;677;25;1085.00;33
2569;25;628946906;2569;126;3248;3276;10.43;0.64;213.49;3.48;679;25;1086.00;28
2572;25;628946915;2572;125;3249;3276;10.45;0.64;213.61;3.49;677;25;1087.00;27
2573;25;628946926;2573;126;3252;3277;10.53;0.65;213.71;3.49;679;25;1088.00;25
2576;25;628946936;2576;131;3253;3278;10.52;0.65;213.75;3.49;677;25;1089.00;25
2578;25;628946945;2578;135;3255;3278;10.43;0.64;213.73;3.49;677;25;1090.00;23
2580;25;628946955;2580;143;3260;3282;10.30;0.63;213.82;3.49;680;25;1091.00;22
2584;25;628946966;2584;144;3261;3282;10.29;0.63;213.84;3.49;677;25;1092.00;21
2588;25;628946976;2588;153;3262;3282;10.25;0.63;213.89;3.50;674;25;1093.00;20
2588;25;628946986;2588;151;3263;3282;10.23;0.63;213.89;3.50;675;25;1094.00;19
2589;25;628946995;2589;153;3268;3288;10.21;0.63;213.97;3.50;679;25;1095.00;20
2592;25;628947005;2592;159;3269;3288;10.22;0.63;213.99;3.50;677;25;1096.00;19
2592;25;628947015;2592;160;3270;3288;10.22;0.63;213.99;3.50;678;25;1097.00;18
2593;25;628947024;2593;161;3274;3291;10.24;0.63;214.02;3.54;681;25;1098.00;17
2595;25;628947034;2595;161;3274;3291;10.30;0.63;213.99;3.54;679;25;1099.00;17
2597;25;628947044;2597;160;3274;3291;10.42;0.64;213.95;3.54;677;25;1100.00;17
2598;25;628947058;2598;160;3275;3292;10.48;0.64;213.94;3.54;677;25;1101.00;17
2603;25;628947073;2603;161;3276;3293;10.55;0.64;214.05;3.54;673;25;1102.00;17
2607;25;628947083;2607;163;3276;3293;10.56;0.64;213.90;3.54;669;25;1103.00;17
2610;25;628947093;2610;168;3288;3306;10.48;0.64;213.86;3.53;678;25;1104.00;18
2611;25;628947109;2611;168;3288;3306;10.44;0.64;213.79;3.53;677;25;1105.00;18
2612;25;628947118;2612;171;3288;3306;10.42;0.64;213.73;3.53;676;25;1106.00;18
2614;25;628947127;2614;175;3289;3307;10.40;0.63;213.66;3.53;675;25;1107.00;18
2617;25;628947136;2617;178;3289;3307;10.48;0.64;213.61;3.53;672;25;1108.00;18
2619;25;628947144;2619;183;3292;3311;10.59;0.65;213.58;3.53;673;25;1109.00;19
2622;25;628947155;2622;185;3292;3311;10.66;0.65;213.55;3.53;670;25;1110.00;19
2625;25;628947164;2625;185;3297;3315;10.64;0.65;213.44;3.52;672;25;1111.00;18
2627;25;628947174;2627;189;3297;3315;10.70;0.65;213.40;3.52;670;25;1112.00;18
2629;25;628947182;2629;190;3298;3315;10.73;0.65;213.31;3.57;669;25;1113.00;17
2631;25;628947191;2631;191;3298;3315;10.80;0.66;213.47;3.57;667;25;1114.00;17
2632;25;628947200;2632;191;3298;3315;10.84;0.66;213.44;3.57;666;25;1115.00;17
2633;25;628947208;2633;193;3308;3327;10.79;0.66;213.40;3.56;675;25;1116.00;19
2638;25;628947218;2638;192;3308;3327;10.78;0.66;213.27;3.56;670;25;1117.00;19
2639;25;628947226;2639;191;3310;3327;10.80;0.66;213.27;3.60;671;25;1118.00;17
2643;25;628947235;2643;195;3310;3327;10.73;0.66;213.22;3.60;667;25;1119.00;17
2646;25;628947243;2646;192;3311;3327;10.70;0.65;213.19;3.64;665;25;1120.00;16
2648;25;628947251;2648;188;3311;3327;10.68;0.65;213.19;3.64;663;25;1121.00;16
2651;25;628947262;2651;182;3311;3328;10.65;0.65;213.10;3.64;660;25;1122.00;17
2654;25;628947271;2654;180;3313;3328;10.55;0.64;213.01;3.67;659;25;1123.00;15
2657;25;628947280;2657;180;3317;3334;10.58;0.65;213.03;3.67;660;25;1124.00;17
2659;25;628947289;2659;180;3321;3336;10.54;0.64;212.98;3.68;662;25;1125.00;15
2662;25;628947300;2662;178;3323;3336;10.59;0.64;212.90;3.68;661;25;1126.00;13
2663;25;628947312;2663;176;3323;3336;10.57;0.64;212.89;3.68;660;25;1127.00;13
2665;25;628947320;2665;175;3327;3340;10.68;0.65;212.79;3.69;662;25;1128.00;13
2666;25;628947329;2666;176;3327;3340;10.74;0.65;212.74;3.69;661;25;1129.00;13
2670;25;628947339;2670;178;3327;3340;10.79;0.66;212.68;3.69;657;25;1130.00;13
2670;25;628947348;2670;169;3329;3341;10.85;0.66;212.68;3.71;659;25;1131.00;12
2672;25;628947357;2672;159;3332;3345;10.91;0.66;212.59;3.70;660;25;1132.00;13
2672;25;628947366;2672;146;3332;3345;11.00;0.67;212.59;3.70;660;25;1133.00;13
2673;25;628947374;2673;133;3335;3348;11.19;0.68;212.58;3.72;662;25;1134.00;13
2678;25;628947383;2678;128;3336;3348;11.33;0.68;212.55;3.72;658;25;1135.00;12
2679;25;628947393;2679;122;3337;3348;11.37;0.69;212.53;3.73;658;25;1136.00;11
2680;25;628947402;2680;120;3337;3348;11.45;0.69;212.76;3.73;657;25;1137.00;11
2682;25;628947411;2682;116;3340;3352;11.52;0.70;212.71;3.73;658;25;1138.00;12
2685;25;628947422;2685;111;3341;3352;11.56;0.70;212.62;3.75;656;25;1139.00;11
2685;25;628947438;2685;109;3342;3352;11.62;0.70;212.62;3.75;657;25;1140.00;10
2686;25;628947453;2686;109;3342;3352;11.70;0.71;212.65;3.75;656;25;1141.00;10
2688;25;628947463;2688;111;3343;3353;11.70;0.71;212.55;3.76;655;25;1142.00;10
2689;25;628947473;2689;112;3344;3354;11.70;0.71;212.55;3.76;655;25;1143.00;10
2690;25;628947483;2690;116;3344;3354;11.66;0.71;212.56;3.76;654;25;1144.00;10
2691;25;628947492;2691;118;3345;3355;11.69;0.71;212.54;3.76;654;25;1145.00;10
2693;25;628947501;2693;122;3345;3355;11.68;0.71;212.48;3.76;652;25;1146.00;10
2695;25;628947510;2695;124;3345;3355;11.62;0.71;212.46;3.76;650;25;1147.00;10
2696;25;628947519;2696;128;3345;3355;11.61;0.71;212.48;3.76;649;25;1148.00;10
2698;25;628947528;2698;137;3345;3355;11.53;0.70;212.48;3.76;647;25;1149.00;10
2699;25;628947537;2699;146;3347;3355;11.46;0.70;212.44;3.77;648;25;1150.00;8
2701;25;628947547;2701;150;3347;3355;11.41;0.69;212.49;3.77;646;25;1151.00;8
2702;25;628947556;2702;171;3416;3482;11.19;0.69;212.59;3.70;714;25;1152.00;66
2704;25;628947577;2704;169;3421;3483;11.10;0.69;212.68;3.70;717;25;1153.00;62
2706;25;628947587;2706;167;3429;3483;11.05;0.68;212.68;3.70;723;25;1154.00;54
2707;25;628947597;2707;167;3434;3483;10.85;0.67;212.71;3.70;727;25;1155.00;49
2710;25;628947607;2710;169;3442;3483;10.84;0.67;212.85;3.70;732;25;1156.00;41
2714;25;628947617;2714;170;3445;3483;10.77;0.67;212.92;3.70;731;25;1157.00;38
2719;25;628947632;2719;171;3450;3483;10.65;0.66;212.92;3.70;731;25;1158.00;33
2719;26;628947642;2719;176;3453;3483;10.60;0.65;212.92;3.71;734;26;1159.00;30
2724;26;628947662;2724;178;3459;3484;10.54;0.65;213.00;3.71;735;26;1160.00;25
2727;26;628947671;2727;185;3463;3485;10.44;0.64;213.02;3.72;736;26;1161.00;22
2732;26;628947681;2732;186;3466;3485;10.42;0.64;213.09;3.72;734;26;1162.00;19
2732;26;628947691;2732;195;3468;3486;10.30;0.63;213.09;3.73;736;26;1163.00;18
2736;26;628947700;2736;200;3472;3486;10.15;0.62;213.29;3.73;736;26;1164.00;14
2739;26;628947715;2739;202;3473;3486;9.97;0.61;213.24;3.74;734;26;1165.00;13
2742;26;628947725;2742;209;3475;3486;9.84;0.61;213.33;3.74;733;26;1166.00;11
2746;26;628947735;2746;217;3478;3490;9.71;0.60;213.53;3.74;732;26;1167.00;12
2750;26;628947750;2750;228;3480;3490;9.50;0.58;213.55;3.75;730;26;1168.00;10
2753;26;628947760;2753;232;3480;3490;9.29;0.57;213.49;3.75;727;26;1169.00;10
2755;26;628947771;2755;236;3484;3496;9.23;0.57;213.50;3.75;729;26;1170.00;12
2757;26;628947781;2757;236;3484;3496;9.12;0.56;213.53;3.75;727;26;1171.00;12
2759;26;628947791;2759;241;3485;3496;9.06;0.56;213.65;3.75;726;26;1172.00;11
2760;26;628947800;2760;244;3489;3500;9.05;0.56;213.68;3.74;729;26;1173.00;11
2764;26;628947809;2764;246;3491;3501;9.08;0.56;213.73;3.74;727;26;1174.00;10
2767;26;628947824;2767;243;3492;3501;9.13;0.56;213.78;3.74;725;26;1175.00;9
2771;26;628947834;2771;244;3496;3505;9.22;0.57;213.71;3.74;725;26;1176.00;9
2775;26;628947844;2775;246;3497;3505;9.21;0.56;213.80;3.74;722;26;1177.00;8
2778;26;628947854;2778;241;3497;3505;9.23;0.56;213.72;3.74;719;26;1178.00;8
2781;26;628947864;2781;240;3498;3506;9.23;0.56;213.67;3.74;717;26;1179.00;8
2784;26;628947873;2784;239;3498;3506;9.24;0.56;213.65;3.74;714;26;1180.00;8
2788;26;628947888;2788;238;3503;3512;9.22;0.56;213.60;3.74;715;26;1181.00;9
2792;27;628947898;2792;232;3503;3512;9.16;0.56;213.69;3.74;711;27;1182.00;9
2799;27;628947914;2799;230;3505;3513;9.18;0.56;213.59;3.73;706;27;1183.00;8
2801;28;628947928;2801;233;3505;3513;9.21;0.56;213.62;3.73;704;28;1184.00;8
2806;28;628947948;2806;231;3505;3513;9.14;0.56;213.67;3.73;699;28;1185.00;8
2810;28;628947958;2810;232;3505;3513;9.11;0.55;213.62;3.73;695;28;1186.00;8
2814;28;628947973;2814;230;3505;3513;9.07;0.55;213.77;3.73;691;28;1187.00;8
2818;28;628947981;2818;227;3515;3525;9.08;0.55;213.94;3.72;697;28;1188.00;10
2822;28;628947991;2822;229;3516;3525;9.02;0.55;214.14;3.72;694;28;1189.00;9
2826;28;628948000;2826;219;3517;3525;9.06;0.55;214.28;3.72;691;28;1190.00;8
2830;28;628948009;2830;217;3517;3525;9.10;0.56;214.45;3.72;687;28;1191.00;8
2836;29;628948018;2836;214;3517;3525;9.12;0.56;214.75;3.72;681;29;1192.00;8
2840;29;628948034;2840;206;3517;3525;9.15;0.56;214.85;3.72;677;29;1193.00;8
2846;29;628948043;2846;202;3521;3529;9.18;0.56;215.16;3.72;675;29;1194.00;8
2849;29;628948057;2849;201;3521;3529;9.25;0.57;215.32;3.72;672;29;1195.00;8
2854;29;628948066;2854;198;3524;3533;9.39;0.58;215.48;3.72;670;29;1196.00;9
2858;29;628948075;2858;191;3525;3534;9.58;0.59;215.48;3.72;667;29;1197.00;9
2862;29;628948085;2862;187;3526;3534;9.77;0.60;215.60;3.72;664;29;1198.00;8
2866;29;628948094;2866;185;3526;3534;9.87;0.60;215.73;3.72;660;29;1199.00;8
2869;29;628948106;2869;185;3548;3575;9.91;0.61;215.85;3.69;679;29;1200.00;27
2873;29;628948123;2873;178;3550;3575;10.02;0.61;215.86;3.69;677;29;1201.00;25
2878;29;628948133;2878;173;3553;3575;10.11;0.62;215.90;3.69;675;29;1202.00;22
2883;29;628948143;2883;169;3556;3576;10.16;0.62;216.03;3.69;673;29;1203.00;20
2889;29;628948152;2889;170;3558;3577;10.19;0.62;216.01;3.69;669;29;1204.00;19
2894;29;628948162;2894;167;3559;3577;10.24;0.63;216.09;3.69;665;29;1205.00;18
2898;29;628948172;2898;166;3562;3580;10.35;0.63;216.17;3.69;664;29;1206.00;18
2904;29;628948182;2904;165;3562;3580;10.34;0.63;216.38;3.69;658;29;1207.00;18
2908;29;628948192;2908;162;3564;3580;10.30;0.63;216.41;3.69;656;29;1208.00;16
2913;29;628948201;2913;162;3564;3580;10.28;0.63;216.36;3.69;651;29;1209.00;16
2917;29;628948211;2917;158;3568;3586;10.21;0.63;216.46;3.69;651;29;1210.00;18
2924;29;628948226;2924;160;3571;3586;10.05;0.62;216.58;3.69;647;29;1211.00;15
2928;29;628948235;2928;161;3572;3586;9.96;0.61;216.65;3.69;644;29;1212.00;14
2934;29;628948251;2934;157;3572;3586;9.88;0.60;216.73;3.69;638;29;1213.00;14
2939;29;628948261;2939;155;3576;3590;9.78;0.60;216.79;3.68;637;29;1214.00;14
2945;29;628948271;2945;153;3578;3592;9.79;0.60;216.78;3.68;633;29;1215.00;14
2947;29;628948281;2947;154;3578;3592;9.82;0.60;216.81;3.68;631;29;1216.00;14
2953;29;628948290;2953;164;3580;3593;9.75;0.60;217.00;3.69;627;29;1217.00;13
2955;29;628948306;2955;163;3580;3593;9.75;0.60;217.03;3.69;625;29;1218.00;13
2958;29;628948322;2958;170;3580;3593;9.69;0.59;216.90;3.69;622;29;1219.00;13
2962;29;628948334;2962;177;3580;3593;9.66;0.59;216.94;3.69;618;29;1220.00;13
2966;29;628948347;2966;184;3580;3593;9.63;0.59;216.84;3.69;614;29;1221.00;13
2968;29;628948360;2968;193;3580;3593;9.65;0.59;216.81;3.69;612;29;1222.00;13
2971;29;628948372;2971;198;3581;3593;9.57;0.58;216.89;3.69;610;29;1223.00;12
2976;29;628948385;2976;208;3623;3663;9.22;0.56;216.87;3.65;647;29;1224.00;40
2978;29;628948406;2978;202;3624;3664;9.19;0.56;216.92;3.65;646;29;1225.00;40
2982;29;628948417;2982;204;3628;3664;9.23;0.56;216.89;3.65;646;29;1226.00;36
2982;30;628948428;2982;207;3631;3664;9.31;0.57;216.89;3.65;649;30;1227.00;33
2987;30;628948453;2987;209;3634;3666;9.31;0.57;216.89;3.65;647;30;1228.00;32
2988;30;628948464;2988;216;3637;3666;9.27;0.56;216.87;3.65;649;30;1229.00;29
2993;30;628948476;2993;217;3640;3666;9.22;0.56;216.90;3.66;647;30;1230.00;26
2994;30;628948484;2994;221;3642;3666;9.19;0.56;216.97;3.66;648;30;1231.00;24
2997;30;628948494;2997;224;3645;3667;9.12;0.55;216.93;3.66;648;30;1232.00;22
2999;30;628948503;2999;235;3648;3668;9.01;0.55;217.03;3.66;649;30;1233.00;20
3000;30;628948513;3000;242;3653;3668;8.86;0.54;216.98;3.68;653;30;1234.00;15
3002;30;628948522;3002;244;3656;3672;8.67;0.53;217.02;3.67;654;30;1235.00;16
3003;30;628948532;3003;254;3658;3672;8.56;0.52;217.06;3.68;655;30;1236.00;14
3005;30;628948542;3005;244;3659;3672;8.54;0.52;217.12;3.68;654;30;1237.00;13
3008;30;628948552;3008;245;3660;3672;8.51;0.52;217.20;3.68;652;30;1238.00;12
3010;30;628948562;3010;238;3666;3678;8.51;0.52;217.16;3.68;656;30;1239.00;12
3012;30;628948572;3012;238;3667;3678;8.49;0.52;217.20;3.68;655;30;1240.00;11
3014;30;628948582;3014;236;3667;3678;8.52;0.52;217.26;3.68;653;30;1241.00;11
3015;30;628948592;3015;233;3670;3681;8.59;0.52;217.34;3.68;655;30;1242.00;11
3017;30;628948602;3017;233;3670;3681;8.72;0.53;217.30;3.68;653;30;1243.00;11
3019;30;628948611;3019;235;3670;3681;8.78;0.53;217.32;3.68;651;30;1244.00;11
3021;30;628948621;3021;235;3671;3682;8.72;0.53;217.25;3.67;650;30;1245.00;11
3023;30;628948631;3023;219;3672;3683;8.67;0.53;217.32;3.67;649;30;1246.00;11
3027;30;628948641;3027;209;3672;3683;8.64;0.53;217.35;3.67;645;30;1247.00;11
3027;30;628948662;3027;199;3685;3696;8.72;0.53;217.35;3.66;658;30;1248.00;11
3030;30;628948673;3030;190;3685;3696;8.86;0.54;217.33;3.66;655;30;1249.00;11
3031;30;628948682;3031;189;3685;3696;9.01;0.55;217.43;3.66;654;30;1250.00;11
3033;30;628948692;3033;185;3686;3697;9.15;0.56;217.51;3.66;653;30;1251.00;11
3037;30;628948702;3037;185;3686;3697;9.22;0.56;217.59;3.66;649;30;1252.00;11
3041;31;628948712;3041;181;3689;3701;9.30;0.56;217.69;3.66;648;31;1253.00;12
3045;31;628948734;3045;177;3689;3701;9.36;0.57;217.72;3.66;644;31;1254.00;12
3047;31;628948743;3047;177;3694;3705;9.41;0.57;217.64;3.65;647;31;1255.00;11
3049;31;628948753;3049;177;3694;3705;9.47;0.57;217.56;3.65;645;31;1256.00;11
3052;31;628948768;3052;176;3694;3705;9.50;0.58;217.61;3.65;642;31;1257.00;11
3054;31;628948778;3054;173;3694;3705;9.50;0.58;217.56;3.65;640;31;1258.00;11
3055;31;628948787;3055;172;3694;3705;9.57;0.58;217.52;3.65;639;31;1259.00;11
3057;31;628948798;3057;176;3719;3739;9.60;0.59;217.53;3.63;662;31;1260.00;20
3059;31;628948809;3059;169;3720;3739;9.61;0.59;217.48;3.68;661;31;1261.00;19
3061;31;628948819;3061;165;3721;3739;9.67;0.59;217.38;3.68;660;31;1262.00;18
3061;31;628948828;3061;168;3721;3739;9.68;0.59;217.38;3.68;660;31;1263.00;18
3061;31;628948837;3061;165;3722;3739;9.75;0.60;217.38;3.68;661;31;1264.00;17
3061;31;628948846;3061;167;3722;3739;9.79;0.60;217.38;3.68;661;31;1265.00;17
3063;31;628948855;3063;170;3724;3740;9.86;0.60;217.28;3.68;661;31;1266.00;16
3066;31;628948864;3066;170;3724;3740;9.90;0.61;217.16;3.68;658;31;1267.00;16
3070;32;628948872;3070;176;3729;3746;9.95;0.61;217.04;3.68;659;32;1268.00;17
3072;32;628948893;3072;177;3730;3747;9.98;0.61;217.05;3.67;658;32;1269.00;17
3072;32;628948902;3072;179;3731;3747;10.06;0.62;217.05;3.67;659;32;1270.00;16
3073;32;628948910;3073;187;3731;3747;10.07;0.62;216.99;3.67;658;32;1271.00;16
3075;32;628948919;3075;191;3735;3751;10.08;0.62;216.94;3.67;660;32;1272.00;16
3078;32;628948933;3078;191;3735;3751;10.05;0.61;216.88;3.67;657;32;1273.00;16
3078;32;628948942;3078;191;3735;3751;10.04;0.61;216.88;3.67;657;32;1274.00;16
3083;32;628948950;3083;193;3736;3752;10.10;0.61;216.80;3.67;653;32;1275.00;16
3083;32;628948959;3083;196;3740;3756;10.14;0.62;216.80;3.72;657;32;1276.00;16
3084;32;628948967;3084;196;3740;3756;10.16;0.62;216.74;3.72;656;32;1277.00;16
3085;32;628948975;3085;198;3742;3759;10.22;0.62;216.71;3.72;657;32;1278.00;17
3086;32;628948984;3086;197;3743;3759;10.18;0.62;216.71;3.72;657;32;1279.00;16
3086;32;628948992;3086;196;3743;3759;10.23;0.62;216.71;3.72;657;32;1280.00;16
3088;32;628949000;3088;197;3743;3759;10.21;0.62;216.72;3.72;655;32;1281.00;16
3091;32;628949008;3091;198;3746;3763;10.18;0.62;216.63;3.72;655;32;1282.00;17
3093;32;628949016;3093;182;3746;3763;10.21;0.62;216.64;3.72;653;32;1283.00;17
3096;32;628949025;3096;169;3747;3763;10.31;0.63;216.71;3.72;651;32;1284.00;16
3097;32;628949033;3097;161;3747;3763;10.41;0.63;216.69;3.72;650;32;1285.00;16
3100;32;628949047;3100;156;3747;3764;10.55;0.64;216.72;3.72;647;32;1286.00;17
3100;32;628949056;3100;147;3748;3765;10.67;0.65;216.72;3.71;648;32;1287.00;17
3103;33;628949064;3103;141;3748;3765;10.77;0.65;216.67;3.71;645;33;1288.00;17
3105;33;628949085;3105;135;3749;3766;10.92;0.66;216.70;3.71;644;33;1289.00;17
3106;33;628949097;3106;129;3749;3766;11.05;0.67;216.70;3.71;643;33;1290.00;17
3109;33;628949106;3109;120;3749;3766;11.13;0.67;216.71;3.71;640;33;1291.00;17
3110;33;628949116;3110;107;3750;3766;11.23;0.68;216.70;3.77;640;33;1292.00;16
3112;33;628949128;3112;103;3750;3766;11.33;0.69;216.65;3.77;638;33;1293.00;16
3114;33;628949139;3114;98;3751;3766;11.42;0.69;216.61;3.77;637;33;1294.00;15
3116;33;628949148;3116;95;3752;3766;11.55;0.70;216.55;3.77;636;33;1295.00;14
3117;33;628949158;3117;111;3815;3893;11.41;0.70;216.51;3.71;698;33;1296.00;78
3118;33;628949177;3118;95;3816;3894;11.49;0.71;216.50;3.77;698;33;1297.00;78
3120;33;628949187;3120;88;3824;3894;11.72;0.72;216.40;3.77;704;33;1298.00;70
3123;33;628949197;3123;88;3828;3894;11.81;0.73;216.34;3.83;705;33;1299.00;66
3126;33;628949208;3126;87;3833;3894;11.94;0.73;216.35;3.83;707;33;1300.00;61
3127;33;628949221;3127;92;3839;3894;11.99;0.73;216.36;3.89;712;33;1301.00;55
3130;33;628949231;3130;90;3844;3894;12.06;0.74;216.30;3.89;714;33;1302.00;50
3131;34;628949241;3131;93;3846;3894;12.12;0.74;216.30;3.90;715;34;1303.00;48
3134;34;628949262;3134;94;3849;3895;12.23;0.75;216.33;3.91;715;34;1304.00;46
3137;34;628949273;3137;93;3856;3897;12.31;0.75;216.29;3.95;719;34;1305.00;41
3141;34;628949284;3141;93;3859;3897;12.33;0.75;216.34;3.96;718;34;1306.00;38
3144;34;628949294;3144;101;3862;3898;12.29;0.75;216.35;3.97;718;34;1307.00;36
3148;34;628949305;3148;101;3865;3898;12.28;0.75;216.32;3.98;717;34;1308.00;33
3149;34;628949317;3149;106;3866;3898;12.15;0.74;216.26;3.98;717;34;1309.00;32
3153;34;628949327;3153;111;3871;3898;12.02;0.73;216.26;4.00;718;34;1310.00;27
3155;34;628949337;3155;116;3873;3902;11.95;0.73;216.28;4.00;718;34;1311.00;29
3161;34;628949348;3161;126;3875;3902;11.85;0.72;216.21;4.00;714;34;1312.00;27
3161;35;628949359;3161;133;3879;3902;11.66;0.71;216.21;4.02;718;35;1313.00;23
3167;35;628949375;3167;133;3881;3905;11.60;0.71;216.22;4.02;714;35;1314.00;24
3170;35;628949390;3170;131;3884;3905;11.53;0.70;216.37;4.03;714;35;1315.00;21
3172;35;628949400;3172;135;3887;3905;11.46;0.70;216.47;4.03;715;35;1316.00;18
3176;35;628949410;3176;143;3890;3909;11.33;0.69;216.53;4.03;714;35;1317.00;19
3179;35;628949421;3179;147;3893;3910;11.27;0.69;216.59;4.03;714;35;1318.00;17
3182;35;628949432;3182;155;3894;3910;11.21;0.68;216.56;4.03;712;35;1319.00;16
3183;35;628949454;3183;162;3900;3915;11.21;0.68;216.65;4.04;717;35;1320.00;15
3186;35;628949471;3186;162;3900;3915;11.19;0.68;216.67;4.04;714;35;1321.00;15
3189;35;628949481;3189;162;3901;3915;11.06;0.67;216.72;4.04;712;35;1322.00;14
3193;35;628949492;3193;166;3902;3916;10.95;0.66;216.81;4.04;709;35;1323.00;14
3195;35;628949509;3195;170;3903;3916;10.89;0.66;216.82;4.05;708;35;1324.00;13
3196;35;628949519;3196;178;3908;3922;10.89;0.66;216.83;4.05;712;35;1325.00;14
3199;35;628949529;3199;182;3908;3922;10.86;0.66;216.89;4.05;709;35;1326.00;14
3202;35;628949540;3202;186;3910;3923;10.78;0.66;216.87;4.05;708;35;1327.00;13
3206;35;628949550;3206;188;3911;3923;10.68;0.65;216.94;4.06;705;35;1328.00;12
3211;35;628949560;3211;190;3913;3923;10.52;0.64;216.89;4.07;702;35;1329.00;10
3213;35;628949575;3213;193;3914;3923;10.38;0.63;216.85;4.07;701;35;1330.00;9
3216;35;628949586;3216;199;3914;3923;10.28;0.62;216.76;4.07;698;35;1331.00;9
3217;35;628949602;3217;207;3923;3935;10.21;0.62;216.77;4.06;706;35;1332.00;12
3220;35;628949614;3220;207;3926;3935;10.17;0.62;216.76;4.06;706;35;1333.00;9
3222;35;628949623;3222;209;3927;3935;10.17;0.62;216.77;4.06;705;35;1334.00;8
3225;35;628949633;3225;212;3927;3935;10.10;0.61;216.79;4.06;702;35;1335.00;8
3227;35;628949644;3227;218;3927;3935;9.98;0.61;216.79;4.06;700;35;1336.00;8
3227;35;628949654;3227;226;3927;3935;9.81;0.60;216.79;4.06;700;35;1337.00;8
3229;35;628949663;3229;233;3931;3939;9.58;0.58;216.79;4.05;702;35;1338.00;8
3230;35;628949679;3230;231;3931;3939;9.43;0.57;216.78;4.05;701;35;1339.00;8
3233;35;628949694;3233;228;3934;3943;9.34;0.57;216.70;4.05;701;35;1340.00;9
3235;35;628949705;3235;222;3935;3944;9.27;0.56;216.82;4.05;700;35;1341.00;9
3239;35;628949714;3239;224;3936;3944;9.16;0.56;216.80;4.05;697;35;1342.00;8
3240;35;628949725;3240;225;3936;3944;9.10;0.55;216.76;4.05;696;35;1343.00;8
3241;35;628949735;3241;222;3948;3957;9.02;0.55;216.83;4.04;707;35;1344.00;9
3244;35;628949745;3244;224;3948;3957;9.01;0.55;216.84;4.04;704;35;1345.00;9
3246;35;628949754;3246;220;3949;3957;9.01;0.55;216.83;4.04;703;35;1346.00;8
3249;35;628949764;3249;221;3950;3958;9.00;0.55;216.79;4.04;701;35;1347.00;8
3252;35;628949773;3252;225;3951;3959;8.99;0.55;216.85;4.04;699;35;1348.00;8
3252;35;628949783;3252;229;3951;3959;9.08;0.56;216.85;4.04;699;35;1349.00;8
3258;35;628949799;3258;228;3954;3968;9.09;0.56;216.90;4.03;696;35;1350.00;14
3259;35;628949810;3259;229;3954;3968;9.12;0.56;216.87;4.03;695;35;1351.00;14
3262;35;628949819;3262;232;3956;3968;9.07;0.56;216.93;4.03;694;35;1352.00;12
3268;35;628949828;3268;229;3956;3968;9.01;0.55;217.38;4.03;688;35;1353.00;12
3273;35;628949837;3273;231;3961;3974;9.06;0.56;217.31;4.03;688;35;1354.00;13
3276;35;628949847;3276;227;3961;3974;8.97;0.55;217.48;4.03;685;35;1355.00;13
3282;35;628949856;3282;232;3962;3974;8.81;0.54;217.52;4.03;680;35;1356.00;12
3286;35;628949865;3286;229;3962;3974;8.66;0.53;217.66;4.03;676;35;1357.00;12
3292;35;628949873;3292;233;3967;3978;8.45;0.52;217.63;4.03;675;35;1358.00;11
3298;35;628949882;3298;242;3969;3979;8.33;0.51;217.93;4.03;671;35;1359.00;10
3301;35;628949890;3301;233;3969;3979;8.22;0.51;217.91;4.03;668;35;1360.00;10
3305;35;628949898;3305;233;3971;3980;8.14;0.50;218.04;4.03;666;35;1361.00;9
3308;35;628949906;3308;227;3971;3980;8.13;0.50;218.06;4.03;663;35;1362.00;9
3311;35;628949914;3311;220;3971;3980;8.11;0.50;218.20;4.03;660;35;1363.00;9
3316;35;628949923;3316;228;3971;3980;8.09;0.50;218.30;4.03;655;35;1364.00;9
3318;35;628949931;3318;224;3971;3980;8.17;0.50;218.34;4.03;653;35;1365.00;9
3323;35;628949940;3323;228;3971;3980;8.23;0.51;218.37;4.03;648;35;1366.00;9
3327;35;628949948;3327;214;3971;3980;8.30;0.51;218.40;4.03;644;35;1367.00;9
3331;35;628949957;3331;220;4010;4050;8.41;0.52;218.59;3.99;679;35;1368.00;40
3335;35;628949971;3335;212;4015;4051;8.51;0.52;218.69;3.98;680;35;1369.00;36
3339;35;628949980;3339;209;4022;4051;8.72;0.54;218.66;3.98;683;35;1370.00;29
3342;35;628950011;3342;206;4023;4051;8.86;0.54;218.69;3.98;681;35;1371.00;28
3348;35;628950020;3348;208;4028;4051;8.96;0.55;218.84;3.98;680;35;1372.00;23
3350;35;628950031;3350;210;4032;4051;9.07;0.56;218.85;3.98;682;35;1373.00;19
3356;35;628950040;3356;211;4037;4051;9.02;0.55;218.81;3.98;681;35;1374.00;14
3362;35;628950050;3362;219;4038;4051;8.92;0.54;218.78;3.98;676;35;1375.00;13
3365;35;628950064;3365;218;4040;4052;8.85;0.54;218.83;3.98;675;35;1376.00;12
3368;35;628950073;3368;219;4041;4053;8.78;0.54;218.86;3.98;673;35;1377.00;12
3372;35;628950083;3372;215;4042;4053;8.72;0.53;218.94;3.99;670;35;1378.00;11
3376;35;628950092;3376;216;4045;4057;8.67;0.53;218.86;3.98;669;35;1379.00;12
3380;35;628950103;3380;208;4045;4057;8.69;0.53;218.99;3.98;665;35;1380.00;12
3383;35;628950112;3383;205;4045;4057;8.71;0.53;219.09;3.98;662;35;1381.00;12
3386;35;628950121;3386;203;4045;4057;8.71;0.53;219.24;3.98;659;35;1382.00;12
3390;35;628950135;3390;206;4050;4063;8.75;0.54;219.20;3.98;660;35;1383.00;13
3394;35;628950145;3394;203;4052;4063;8.81;0.54;219.24;3.98;658;35;1384.00;11
3401;35;628950154;3401;210;4052;4063;8.86;0.54;219.11;3.98;651;35;1385.00;11
3405;35;628950170;3405;212;4054;4066;8.92;0.55;219.15;3.98;649;35;1386.00;12
3410;35;628950180;3410;212;4054;4066;8.94;0.55;219.12;3.98;644;35;1387.00;12
3413;35;628950191;3413;215;4056;4066;8.92;0.55;219.24;3.99;643;35;1388.00;10
3420;35;628950200;3420;211;4057;4067;8.87;0.54;219.28;3.98;637;35;1389.00;10
3424;35;628950209;3424;212;4058;4068;8.81;0.54;219.25;3.98;634;35;1390.00;10
3429;35;628950218;3429;213;4059;4068;8.71;0.53;219.34;3.99;630;35;1391.00;9
3433;35;628950227;3433;220;4072;4081;8.78;0.53;219.42;3.98;639;35;1392.00;9
3434;35;628950237;3434;221;4072;4081;8.73;0.53;219.38;3.98;638;35;1393.00;9
3441;35;628950252;3441;224;4072;4081;8.56;0.52;219.53;3.98;631;35;1394.00;9
3444;35;628950261;3444;230;4074;4083;8.56;0.52;219.69;3.97;630;35;1395.00;9
3447;35;628950270;3447;233;4074;4083;8.56;0.52;219.83;3.97;627;35;1396.00;9
3451;35;628950278;3451;242;4077;4087;8.47;0.52;219.99;3.97;626;35;1397.00;10
3455;35;628950288;3455;250;4077;4087;8.37;0.51;219.96;3.97;622;35;1398.00;10
3459;35;628950297;3459;254;4082;4091;8.31;0.51;219.97;3.97;623;35;1399.00;9
3462;35;628950307;3462;252;4082;4091;8.28;0.50;220.00;3.97;620;35;1400.00;9
3463;35;628950326;3463;259;4082;4091;8.20;0.50;220.03;3.97;619;35;1401.00;9
3465;35;628950336;3465;264;4082;4091;8.16;0.50;220.00;3.97;617;35;1402.00;9
3468;35;628950349;3468;264;4082;4091;8.07;0.49;220.03;3.97;614;35;1403.00;9
3472;35;628950359;3472;272;4093;4103;8.11;0.49;219.99;3.96;621;35;1404.00;10
3475;35;628950374;3475;277;4093;4103;8.06;0.49;219.95;3.96;618;35;1405.00;10
3475;35;628950385;3475;282;4094;4103;8.05;0.49;219.95;3.96;619;35;1406.00;9
3478;35;628950397;3478;275;4094;4103;8.00;0.49;219.85;3.96;616;35;1407.00;9
3480;35;628950409;3480;270;4094;4103;8.05;0.49;220.03;3.96;614;35;1408.00;9
3484;35;628950420;3484;274;4094;4103;7.99;0.48;219.94;3.96;610;35;1409.00;9
3484;35;628950433;3484;271;4095;4104;8.01;0.49;219.94;3.96;611;35;1410.00;9
3484;36;628950443;3484;266;4095;4104;8.04;0.49;219.94;3.96;611;36;1411.00;9
3487;36;628950468;3487;264;4100;4110;8.02;0.49;219.78;3.95;613;36;1412.00;10
3487;36;628950477;3487;261;4101;4111;8.03;0.49;219.78;3.95;614;36;1413.00;10
3490;36;628950486;3490;263;4102;4111;8.04;0.49;219.75;3.95;612;36;1414.00;9
3493;36;628950494;3493;260;4102;4111;7.94;0.48;219.72;3.95;609;36;1415.00;9
3494;36;628950502;3494;248;4106;4115;8.00;0.49;219.69;3.95;612;36;1416.00;9
3495;36;628950512;3495;237;4106;4115;8.09;0.49;219.64;3.95;611;36;1417.00;9
3496;36;628950521;3496;230;4106;4115;8.25;0.50;219.62;3.95;610;36;1418.00;9
3496;36;628950530;3496;219;4107;4116;8.30;0.51;219.62;3.95;611;36;1419.00;9
3498;36;628950539;3498;211;4111;4120;8.36;0.51;219.55;3.94;613;36;1420.00;9
3500;36;628950549;3500;204;4111;4120;8.45;0.51;219.47;3.94;611;36;1421.00;9
3500;36;628950558;3500;200;4113;4123;8.55;0.52;219.47;3.94;613;36;1422.00;10
3500;36;628950567;3500;191;4113;4123;8.73;0.53;219.47;3.94;613;36;1423.00;10
3502;36;628950576;3502;186;4114;4123;8.84;0.54;219.43;3.94;612;36;1424.00;9
3504;36;628950585;3504;183;4114;4123;8.96;0.54;219.41;3.94;610;36;1425.00;9
3506;36;628950594;3506;184;4117;4127;9.10;0.55;219.38;3.94;611;36;1426.00;10
3507;36;628950604;3507;184;4117;4127;9.25;0.56;219.33;3.94;610;36;1427.00;10
3507;36;628950613;3507;186;4118;4127;9.33;0.57;219.33;3.94;611;36;1428.00;9
3509;36;628950621;3509;185;4118;4127;9.42;0.57;219.34;3.94;609;36;1429.00;9
3511;36;628950629;3511;184;4119;4128;9.45;0.57;219.35;3.94;608;36;1430.00;9
3512;36;628950639;3512;183;4120;4129;9.54;0.58;219.33;3.94;608;36;1431.00;9
3515;36;628950647;3515;180;4120;4129;9.57;0.58;219.34;3.94;605;36;1432.00;9
3516;36;628950655;3516;174;4121;4130;9.58;0.58;219.29;3.94;605;36;1433.00;9
3516;36;628950664;3516;171;4121;4130;9.63;0.58;219.29;3.94;605;36;1434.00;9
3517;36;628950672;3517;159;4121;4130;9.68;0.59;219.25;3.94;604;36;1435.00;9
3518;36;628950680;3518;154;4121;4130;9.79;0.59;219.27;3.94;603;36;1436.00;9
3519;36;628950689;3519;144;4121;4130;9.98;0.60;219.29;3.94;602;36;1437.00;9
3520;36;628950697;3520;135;4121;4130;10.12;0.61;219.29;3.94;601;36;1438.00;9
3520;36;628950706;3520;128;4121;4130;10.37;0.63;219.29;3.94;601;36;1439.00;9
3520;37;628950716;3520;175;4245;4360;9.91;0.62;219.29;3.82;725;37;1440.00;115
3524;37;628950758;3524;159;4247;4361;10.03;0.62;219.19;3.82;723;37;1441.00;114
3525;37;628950768;3525;134;4255;4361;10.17;0.63;219.21;3.89;730;37;1442.00;106
3527;38;628950785;3527;125;4259;4361;10.34;0.64;219.23;3.88;732;38;1443.00;102
3528;38;628950802;3528;124;4267;4361;10.56;0.66;219.25;3.89;739;38;1444.00;94
3530;38;628950817;3530;116;4269;4361;10.71;0.66;219.18;3.89;739;38;1445.00;92
3532;38;628950831;3532;111;4274;4361;10.84;0.67;219.18;3.89;742;38;1446.00;87
3532;38;628950847;3532;118;4277;4361;10.99;0.68;219.18;3.89;745;38;1447.00;84
3535;38;628950856;3535;123;4283;4362;11.12;0.69;219.20;3.90;748;38;1448.00;79
3536;38;628950866;3536;125;4285;4363;11.21;0.69;219.19;3.90;749;38;1449.00;78
3538;38;628950876;3538;126;4289;4363;11.25;0.69;219.19;3.90;751;38;1450.00;74
3538;38;628950886;3538;129;4295;4364;11.24;0.69;219.19;3.91;757;38;1451.00;69
3541;38;628950897;3541;135;4299;4364;11.19;0.69;219.21;3.92;758;38;1452.00;65
3542;38;628950913;3542;138;4303;4364;11.24;0.69;219.23;3.93;761;38;1453.00;61
3546;38;628950924;3546;143;4305;4364;11.19;0.69;219.18;3.93;759;38;1454.00;59
3547;38;628950934;3547;151;4308;4368;11.21;0.69;219.30;3.93;761;38;1455.00;60
3550;38;628950945;3550;152;4309;4368;11.14;0.68;219.33;3.94;759;38;1456.00;59
3556;38;628950961;3556;159;4313;4368;11.04;0.67;219.44;4.00;757;38;1457.00;55
3558;38;628950972;3558;154;4315;4371;11.05;0.67;219.36;4.01;757;38;1458.00;56
3562;38;628950983;3562;155;4315;4371;11.14;0.68;219.41;4.01;753;38;1459.00;56
3566;38;628950998;3566;153;4316;4371;11.11;0.68;219.30;4.07;750;38;1460.00;55
3568;38;628951009;3568;154;4320;4375;11.10;0.68;219.27;4.07;752;38;1461.00;55
3571;38;628951019;3571;151;4324;4376;11.09;0.68;219.41;4.13;753;38;1462.00;52
3573;38;628951035;3573;151;4324;4376;11.08;0.68;219.50;4.13;751;38;1463.00;52
3574;38;628951046;3574;148;4325;4380;11.15;0.68;219.44;4.13;751;38;1464.00;55
3577;38;628951056;3577;150;4330;4380;11.14;0.68;219.47;4.18;753;38;1465.00;50
3579;38;628951078;3579;147;4330;4380;11.23;0.68;219.52;4.18;751;38;1466.00;50
3583;38;628951089;3583;147;4332;4381;11.27;0.69;219.71;4.18;749;38;1467.00;49
3584;38;628951100;3584;143;4333;4381;11.32;0.69;219.69;4.23;749;38;1468.00;48
3587;38;628951111;3587;140;4337;4387;11.37;0.69;219.73;4.24;750;38;1469.00;50
3589;38;628951124;3589;135;4337;4387;11.42;0.70;219.76;4.24;748;38;1470.00;50
3591;38;628951135;3591;137;4337;4388;11.46;0.70;219.83;4.24;746;38;1471.00;51
3596;38;628951151;3596;132;4339;4388;11.48;0.70;219.89;4.28;743;38;1472.00;49
3600;38;628951163;3600;133;4339;4388;11.51;0.70;220.00;4.28;739;38;1473.00;49
3602;38;628951174;3602;134;4340;4388;11.49;0.70;219.98;4.32;738;38;1474.00;48
3606;38;628951185;3606;134;4341;4388;11.42;0.69;219.92;4.33;735;38;1475.00;47
3609;38;628951202;3609;140;4351;4400;11.39;0.69;220.04;4.32;742;38;1476.00;49
3612;38;628951214;3612;142;4352;4400;11.37;0.69;220.05;4.34;740;38;1477.00;48
3617;38;628951226;3617;148;4355;4400;11.41;0.69;220.02;4.36;738;38;1478.00;45
3618;38;628951237;3618;148;4356;4400;11.43;0.69;220.01;4.36;738;38;1479.00;44
3621;38;628951248;3621;150;4358;4400;11.38;0.69;220.01;4.37;737;38;1480.00;42
3624;38;628951259;3624;149;4360;4400;11.29;0.69;220.12;4.38;736;38;1481.00;40
3625;38;628951270;3625;153;4363;4404;11.17;0.68;220.08;4.37;738;38;1482.00;41
3629;38;628951282;3629;155;4365;4404;11.13;0.68;220.17;4.39;736;38;1483.00;39
3630;38;628951292;3630;159;4367;4408;11.16;0.68;220.23;4.39;737;38;1484.00;41
3633;38;628951304;3633;164;4372;4410;11.13;0.68;220.19;4.40;739;38;1485.00;38
3635;38;628951317;3635;168;4373;4410;11.09;0.68;220.17;4.40;738;38;1486.00;37
3637;38;628951328;3637;176;4374;4410;11.07;0.68;220.18;4.41;737;38;1487.00;36
3637;38;628951339;3637;182;4383;4423;11.00;0.67;220.18;4.41;746;38;1488.00;40
3639;38;628951351;3639;186;4384;4423;11.01;0.67;220.25;4.42;745;38;1489.00;39
3639;38;628951362;3639;194;4386;4423;10.99;0.67;220.25;4.43;747;38;1490.00;37
3641;38;628951372;3641;200;4388;4424;10.96;0.67;220.21;4.44;747;38;1491.00;36
3646;38;628951383;3646;207;4391;4425;10.82;0.66;220.32;4.47;745;38;1492.00;34
3646;38;628951394;3646;210;4391;4425;10.83;0.66;220.32;4.47;745;38;1493.00;34
3648;38;628951405;3648;217;4393;4428;10.84;0.66;220.26;4.47;745;38;1494.00;35
3651;38;628951415;3651;222;4395;4428;10.80;0.66;220.28;4.48;744;38;1495.00;33
3653;39;628951426;3653;227;4397;4428;10.71;0.65;220.24;4.49;744;39;1496.00;31
3656;39;628951452;3656;232;4399;4428;10.56;0.64;220.17;4.51;743;39;1497.00;29
3657;40;628951477;3657;238;4404;4434;10.52;0.64;220.21;4.52;747;40;1498.00;30
3661;40;628951529;3661;243;4405;4434;10.41;0.63;220.13;4.53;744;40;1499.00;29
3664;40;628951549;3664;250;4412;4453;10.24;0.62;220.26;4.55;748;40;1500.00;41
3669;40;628951573;3669;256;4414;4453;10.03;0.61;220.20;4.56;745;40;1501.00;39
3670;40;628951587;3670;261;4420;4457;9.83;0.60;220.21;4.58;750;40;1502.00;37
3673;40;628951601;3673;264;4421;4458;9.74;0.59;220.18;4.58;748;40;1503.00;37
3676;40;628951613;3676;267;4424;4458;9.56;0.58;220.15;4.59;748;40;1504.00;34
3679;40;628951626;3679;274;4427;4459;9.41;0.57;220.13;4.60;748;40;1505.00;32
3682;40;628951645;3682;283;4428;4459;9.28;0.56;220.05;4.60;746;40;1506.00;31
3683;40;628951664;3683;290;4431;4459;9.18;0.56;220.06;4.62;748;40;1507.00;28
3685;40;628951682;3685;294;4432;4459;9.08;0.55;220.00;4.63;747;40;1508.00;27
3687;40;628951700;3687;293;4432;4459;9.07;0.55;219.97;4.63;745;40;1509.00;27
3689;40;628951711;3689;285;4433;4459;9.04;0.55;219.94;4.63;744;40;1510.00;26
3691;40;628951723;3691;290;4435;4459;9.03;0.55;219.88;4.64;744;40;1511.00;24
3693;40;628951735;3693;293;4467;4529;9.02;0.55;219.88;4.60;774;40;1512.00;62
3696;40;628951752;3696;288;4470;4530;8.99;0.55;219.95;4.60;774;40;1513.00;60
3697;40;628951764;3697;283;4477;4530;9.07;0.56;219.96;4.60;780;40;1514.00;53
3700;40;628951775;3700;282;4482;4530;9.05;0.55;219.94;4.60;782;40;1515.00;48
3703;40;628951786;3703;282;4488;4530;9.02;0.55;219.93;4.60;785;40;1516.00;42
3707;40;628951798;3707;277;4489;4530;9.03;0.55;219.93;4.60;782;40;1517.00;41
3708;40;628951811;3708;274;4491;4530;9.02;0.55;219.96;4.60;783;40;1518.00;39
3712;40;628951823;3712;278;4492;4530;8.93;0.55;219.99;4.60;780;40;1519.00;38
3715;40;628951835;3715;278;4494;4531;8.86;0.54;219.97;4.61;779;40;1520.00;37
3716;40;628951848;3716;279;4498;4532;8.79;0.54;219.92;4.61;782;40;1521.00;34
3718;40;628951858;3718;277;4500;4532;8.68;0.53;220.01;4.62;782;40;1522.00;32
3723;40;628951869;3723;284;4505;4536;8.55;0.52;220.00;4.61;782;40;1523.00;31
3727;40;628951882;3727;283;4505;4536;8.44;0.52;219.97;4.61;778;40;1524.00;31
3733;40;628951893;3733;283;4505;4536;8.37;0.51;220.16;4.61;772;40;1525.00;31
3736;40;628951904;3736;284;4505;4536;8.32;0.51;220.09;4.61;769;40;1526.00;31
3742;40;628951914;3742;282;4510;4542;8.19;0.50;220.32;4.62;768;40;1527.00;32
3747;40;628951933;3747;284;4510;4542;8.01;0.49;220.40;4.62;763;40;1528.00;32
3750;40;628951945;3750;284;4510;4542;7.84;0.48;220.49;4.62;760;40;1529.00;32
3757;40;628951965;3757;273;4513;4548;7.65;0.47;220.67;4.61;756;40;1530.00;35
3762;40;628951977;3762;264;4513;4548;7.58;0.47;220.83;4.61;751;40;1531.00;35
3766;40;628951989;3766;261;4513;4548;7.57;0.46;220.78;4.61;747;40;1532.00;35
3771;40;628952000;3771;260;4516;4549;7.45;0.46;220.71;4.63;745;40;1533.00;33
3773;40;628952011;3773;258;4517;4550;7.45;0.46;220.79;4.62;744;40;1534.00;33
3776;40;628952021;3776;259;4517;4550;7.43;0.46;220.88;4.62;741;40;1535.00;33
3781;40;628952035;3781;256;4530;4563;7.43;0.46;220.85;4.62;749;40;1536.00;33
3781;40;628952047;3781;252;4530;4563;7.57;0.47;220.85;4.62;749;40;1537.00;33
3783;40;628952058;3783;243;4530;4563;7.66;0.47;220.82;4.62;747;40;1538.00;33
3785;40;628952068;3785;238;4534;4564;7.82;0.48;220.92;4.64;749;40;1539.00;30
3788;40;628952079;3788;233;4536;4564;7.94;0.49;220.87;4.65;748;40;1540.00;28
3792;40;628952090;3792;223;4539;4568;8.02;0.49;220.93;4.65;747;40;1541.00;29
3794;40;628952102;3794;215;4539;4568;8.11;0.50;221.01;4.65;745;40;1542.00;29
3798;40;628952115;3798;211;4543;4572;8.13;0.50;221.04;4.64;745;40;1543.00;29
3801;40;628952126;3801;212;4543;4572;8.10;0.50;221.01;4.64;742;40;1544.00;29
3809;40;628952137;3809;217;4544;4572;8.12;0.50;221.00;4.65;735;40;1545.00;28
3813;40;628952148;3813;212;4544;4572;8.14;0.50;221.05;4.65;731;40;1546.00;28
3817;40;628952159;3817;220;4546;4572;8.12;0.50;220.99;4.67;729;40;1547.00;26
3821;40;628952170;3821;221;4557;4584;8.19;0.50;221.11;4.66;736;40;1548.00;27
3823;40;628952182;3823;225;4557;4584;8.23;0.50;221.09;4.66;734;40;1549.00;27
3825;40;628952193;3825;228;4559;4584;8.22;0.50;221.24;4.67;734;40;1550.00;25
3827;40;628952205;3827;225;4559;4584;8.20;0.50;221.28;4.67;732;40;1551.00;25
3831;40;628952217;3831;223;4560;4584;8.16;0.50;221.34;4.68;729;40;1552.00;24
3836;40;628952229;3836;223;4560;4584;8.11;0.50;221.42;4.68;724;40;1553.00;24
3840;41;628952241;3840;229;4562;4585;8.03;0.49;221.50;4.69;722;41;1554.00;23
3843;41;628952269;3843;226;4565;4587;7.94;0.48;221.56;4.69;722;41;1555.00;22
3846;41;628952288;3846;234;4569;4593;7.87;0.48;221.61;4.69;723;41;1556.00;24
3850;41;628952300;3850;233;4571;4594;7.86;0.48;221.63;4.70;721;41;1557.00;23
3853;41;628952311;3853;236;4571;4594;7.85;0.48;221.68;4.70;718;41;1558.00;23
3854;41;628952326;3854;239;4572;4594;7.80;0.48;221.64;4.70;718;41;1559.00;22
3859;41;628952341;3859;249;4577;4599;7.72;0.47;221.67;4.70;718;41;1560.00;22
3866;41;628952357;3866;256;4578;4599;7.68;0.47;221.64;4.70;712;41;1561.00;21
3870;41;628952373;3870;260;4580;4599;7.62;0.46;221.65;4.71;710;41;1562.00;19
3875;41;628952386;3875;266;4582;4600;7.52;0.46;221.64;4.71;707;41;1563.00;18
3880;41;628952400;3880;275;4586;4604;7.48;0.45;221.62;4.71;706;41;1564.00;18
3884;41;628952414;3884;283;4587;4604;7.41;0.45;221.65;4.71;703;41;1565.00;17
3888;41;628952427;3888;283;4589;4607;7.40;0.45;221.55;4.71;701;41;1566.00;18
3892;41;628952439;3892;286;4589;4607;7.37;0.45;221.60;4.71;697;41;1567.00;18
3892;41;628952450;3892;292;4589;4607;7.35;0.45;221.60;4.71;697;41;1568.00;18
3896;41;628952460;3896;301;4591;4607;7.26;0.44;221.49;4.74;695;41;1569.00;16
3901;41;628952470;3901;304;4594;4611;7.17;0.44;221.43;4.74;693;41;1570.00;17
3904;41;628952483;3904;313;4595;4611;7.12;0.43;221.34;4.74;691;41;1571.00;16
3909;41;628952493;3909;315;4595;4611;7.06;0.43;221.42;4.74;686;41;1572.00;16
3913;41;628952502;3913;323;4596;4611;6.95;0.42;221.39;4.74;683;41;1573.00;15
3913;41;628952513;3913;319;4598;4612;6.83;0.42;221.39;4.74;685;41;1574.00;14
3914;41;628952527;3914;324;4601;4614;6.78;0.41;221.34;4.74;687;41;1575.00;13
3916;41;628952538;3916;326;4601;4614;6.70;0.41;221.37;4.74;685;41;1576.00;13
3917;42;628952549;3917;324;4602;4615;6.70;0.41;221.38;4.74;685;42;1577.00;13
3920;42;628952572;3920;318;4602;4615;6.74;0.41;221.42;4.74;682;42;1578.00;13
3920;42;628952583;3920;323;4602;4615;6.80;0.41;221.42;4.74;682;42;1579.00;13
3921;42;628952593;3921;321;4602;4615;6.85;0.41;221.48;4.74;681;42;1580.00;13
3923;42;628952604;3923;315;4602;4615;6.91;0.42;221.49;4.74;679;42;1581.00;13
3925;42;628952615;3925;306;4602;4615;6.98;0.42;221.58;4.74;677;42;1582.00;13
3926;42;628952626;3926;305;4602;4615;7.04;0.43;221.62;4.74;676;42;1583.00;13
3926;42;628952636;3926;319;4676;4742;7.41;0.46;221.62;4.67;750;42;1584.00;66
3926;42;628952663;3926;312;4679;4743;7.44;0.46;221.62;4.66;753;42;1585.00;64
3927;42;628952674;3927;284;4688;4743;7.51;0.46;221.68;4.66;761;42;1586.00;55
3928;42;628952685;3928;261;4695;4743;7.63;0.47;221.71;4.66;767;42;1587.00;48
3930;42;628952697;3930;237;4700;4743;7.72;0.48;221.64;4.65;770;42;1588.00;43
3931;42;628952708;3931;223;4706;4743;7.87;0.49;221.68;4.66;775;42;1589.00;37
3931;42;628952723;3931;216;4709;4743;8.06;0.50;221.68;4.66;778;42;1590.00;34
3931;42;628952736;3931;203;4712;4743;8.20;0.51;221.68;4.66;781;42;1591.00;31
3933;42;628952749;3933;193;4718;4744;8.36;0.51;221.82;4.66;785;42;1592.00;26
3934;42;628952766;3934;187;4719;4745;8.54;0.53;221.80;4.66;785;42;1593.00;26
3935;42;628952790;3935;183;4720;4745;8.74;0.54;221.79;4.66;785;42;1594.00;25
3937;42;628952809;3937;186;4722;4746;8.86;0.54;221.79;4.67;785;42;1595.00;24
3939;42;628952823;3939;182;4723;4746;9.06;0.56;221.76;4.67;784;42;1596.00;23
3940;43;628952836;3940;180;4724;4746;9.28;0.57;221.74;4.67;784;43;1597.00;22
3942;43;628952862;3942;174;4725;4746;9.45;0.58;221.73;4.67;783;43;1598.00;21
3943;43;628952876;3943;176;4730;4750;9.59;0.59;221.75;4.67;787;43;1599.00;20
3946;43;628952891;3946;171;4731;4750;9.71;0.59;221.68;4.67;785;43;1600.00;19
3948;43;628952908;3948;167;4732;4750;9.88;0.60;221.64;4.67;784;43;1601.00;18
3950;43;628952922;3950;163;4734;4753;10.01;0.61;221.62;4.67;784;43;1602.00;19
3950;43;628952936;3950;163;4735;4753;10.15;0.62;221.62;4.68;785;43;1603.00;18
3950;43;628952955;3950;168;4738;4753;10.26;0.62;221.62;4.71;788;43;1604.00;15
3954;43;628952967;3954;163;4741;4757;10.28;0.62;221.58;4.71;787;43;1605.00;16
3957;43;628952979;3957;155;4742;4758;10.37;0.63;221.52;4.71;785;43;1606.00;16
3958;43;628952993;3958;150;4742;4758;10.50;0.64;221.48;4.71;784;43;1607.00;16
3962;43;628953006;3962;150;4745;4762;10.64;0.65;221.50;4.70;783;43;1608.00;17
3967;43;628953022;3967;151;4745;4762;10.71;0.65;221.58;4.70;778;43;1609.00;17
3967;43;628953044;3967;146;4745;4762;10.75;0.65;221.58;4.70;778;43;1610.00;17
3968;43;628953057;3968;144;4746;4763;10.84;0.66;221.56;4.70;778;43;1611.00;17
3969;43;628953070;3969;143;4746;4763;10.96;0.67;221.61;4.70;777;43;1612.00;17
3972;43;628953084;3972;143;4750;4769;11.07;0.67;221.62;4.70;778;43;1613.00;19
3974;43;628953098;3974;143;4750;4769;11.18;0.68;221.68;4.70;776;43;1614.00;19
3980;43;628953110;3980;143;4751;4770;11.26;0.68;221.77;4.70;771;43;1615.00;19
3982;43;628953122;3982;145;4751;4770;11.41;0.69;221.86;4.70;769;43;1616.00;19
3985;43;628953134;3985;146;4751;4770;11.42;0.69;221.95;4.70;766;43;1617.00;19
3987;43;628953147;3987;154;4751;4770;11.42;0.69;222.01;4.70;764;43;1618.00;19
3991;43;628953160;3991;155;4751;4770;11.38;0.69;222.11;4.70;760;43;1619.00;19
3995;43;628953182;3995;153;4771;4806;11.29;0.69;222.10;4.68;776;43;1620.00;35
3997;43;628953199;3997;148;4771;4806;11.25;0.68;222.13;4.68;774;43;1621.00;35
4002;43;628953212;4002;148;4773;4806;11.30;0.69;222.18;4.68;771;43;1622.00;33
4003;43;628953226;4003;148;4774;4806;11.38;0.69;222.24;4.68;771;43;1623.00;32
4006;43;628953238;4006;150;4776;4806;11.40;0.69;222.26;4.68;770;43;1624.00;30
4010;43;628953251;4010;156;4776;4806;11.41;0.69;222.36;4.68;766;43;1625.00;30
4016;43;628953264;4016;154;4780;4810;11.39;0.69;222.35;4.68;764;43;1626.00;30
4017;43;628953276;4017;151;4780;4810;11.52;0.70;222.34;4.68;763;43;1627.00;30
4019;43;628953287;4019;150;4783;4814;11.58;0.70;222.44;4.68;764;43;1628.00;31
4020;43;628953300;4020;148;4785;4815;11.62;0.71;222.49;4.68;765;43;1629.00;30
4022;43;628953312;4022;142;4785;4815;11.62;0.71;222.60;4.68;763;43;1630.00;30
4027;43;628953325;4027;140;4787;4815;11.59;0.71;222.81;4.67;760;43;1631.00;28
4032;43;628953338;4032;136;4795;4828;11.46;0.70;222.79;4.67;763;43;1632.00;33
4034;43;628953365;4034;135;4796;4828;11.50;0.70;222.82;4.67;762;43;1633.00;32
4041;43;628953377;4041;135;4796;4828;11.60;0.70;222.82;4.67;755;43;1634.00;32
4046;43;628953390;4046;131;4798;4829;11.61;0.70;222.97;4.67;752;43;1635.00;31
4049;43;628953403;4049;130;4798;4830;11.61;0.71;222.98;4.67;749;43;1636.00;32
4053;43;628953416;4053;131;4798;4830;11.69;0.71;222.93;4.67;745;43;1637.00;32
4054;43;628953428;4054;126;4800;4833;11.82;0.72;222.95;4.67;746;43;1638.00;33
4059;43;628953440;4059;126;4800;4833;11.88;0.72;222.87;4.67;741;43;1639.00;33
4062;43;628953459;4062;124;4801;4833;11.90;0.73;222.89;4.67;739;43;1640.00;32
4065;43;628953471;4065;123;4801;4833;11.97;0.73;222.85;4.67;736;43;1641.00;32
4068;44;628953484;4068;128;4805;4839;11.97;0.73;222.81;4.67;737;44;1642.00;34
4072;44;628953515;4072;125;4806;4839;11.92;0.73;222.83;4.67;734;44;1643.00;33
4072;44;628953528;4072;126;4806;4839;11.92;0.73;222.83;4.67;734;44;1644.00;33
4076;44;628953541;4076;130;4806;4839;11.85;0.72;222.81;4.67;730;44;1645.00;33
4080;44;628953553;4080;133;4810;4843;11.75;0.71;222.79;4.67;730;44;1646.00;33
4082;44;628953565;4082;135;4812;4844;11.73;0.71;222.76;4.68;730;44;1647.00;32
4084;44;628953580;4084;137;4813;4844;11.74;0.71;222.73;4.68;729;44;1648.00;31
4087;44;628953594;4087;142;4814;4845;11.75;0.72;222.81;4.68;727;44;1649.00;31
4089;44;628953608;4089;143;4815;4845;11.76;0.72;222.80;4.69;726;44;1650.00;30
4093;44;628953620;4093;141;4815;4845;11.76;0.72;222.86;4.69;722;44;1651.00;30
4097;44;628953631;4097;143;4816;4845;11.69;0.71;222.80;4.69;719;44;1652.00;29
4098;44;628953643;4098;146;4816;4845;11.61;0.71;222.89;4.69;718;44;1653.00;29
4099;44;628953656;4099;151;4816;4845;11.60;0.71;222.89;4.69;717;44;1654.00;29
4100;44;628953668;4100;157;4817;4845;11.61;0.71;222.88;4.70;717;44;1655.00;28
4103;44;628953682;4103;168;4855;4915;11.49;0.70;222.84;4.67;752;44;1656.00;60
4106;44;628953703;4106;165;4857;4916;11.43;0.70;222.81;4.67;751;44;1657.00;59
4107;44;628953714;4107;169;4864;4916;11.40;0.70;222.82;4.67;757;44;1658.00;52
4111;44;628953729;4111;172;4867;4916;11.30;0.69;222.85;4.67;756;44;1659.00;49
4113;44;628953746;4113;173;4871;4916;11.19;0.68;222.87;4.68;758;44;1660.00;45
4114;44;628953762;4114;175;4875;4916;11.14;0.68;222.88;4.68;761;44;1661.00;41
4115;44;628953776;4115;177;4879;4916;11.05;0.67;222.84;4.69;764;44;1662.00;37
4118;44;628953789;4118;180;4883;4916;10.96;0.67;222.79;4.70;765;44;1663.00;33
4120;44;628953802;4120;185;4887;4917;10.97;0.67;222.74;4.71;767;44;1664.00;30
4123;44;628953816;4123;190;4890;4919;10.87;0.66;222.85;4.71;767;44;1665.00;29
4126;44;628953831;4126;195;4894;4919;10.82;0.66;222.96;4.72;768;44;1666.00;25
4129;44;628953852;4129;200;4896;4923;10.66;0.65;222.91;4.72;767;44;1667.00;27
4131;44;628953865;4131;202;4898;4923;10.52;0.64;222.95;4.73;767;44;1668.00;25
4131;44;628953878;4131;203;4898;4923;10.46;0.64;222.95;4.73;767;44;1669.00;25
4134;44;628953890;4134;210;4900;4923;10.36;0.63;222.95;4.74;766;44;1670.00;23
4136;44;628953903;4136;216;4906;4929;10.35;0.63;223.00;4.74;770;44;1671.00;23
4139;44;628953916;4139;225;4906;4929;10.19;0.62;222.98;4.74;767;44;1672.00;23
4140;44;628953928;4140;228;4908;4929;10.07;0.62;222.98;4.74;768;44;1673.00;21
4142;44;628953940;4142;235;4910;4932;9.96;0.61;223.01;4.74;768;44;1674.00;22
4144;44;628953954;4144;239;4911;4932;9.86;0.60;222.96;4.73;767;44;1675.00;21
4148;44;628953966;4148;244;4912;4932;9.71;0.59;223.02;4.74;764;44;1676.00;20
4149;44;628953977;4149;252;4912;4933;9.49;0.58;222.99;4.74;763;44;1677.00;21
4152;44;628953989;4152;258;4913;4934;9.32;0.57;223.05;4.74;761;44;1678.00;21
4156;44;628954016;4156;256;4914;4934;9.07;0.56;223.11;4.74;758;44;1679.00;20
4160;44;628954036;4160;258;4931;4960;8.82;0.54;223.04;4.72;771;44;1680.00;29
4165;44;628954049;4165;258;4933;4960;8.67;0.53;223.03;4.72;768;44;1681.00;27
4168;44;628954067;4168;254;4935;4960;8.64;0.53;223.01;4.72;767;44;1682.00;25
4171;44;628954079;4171;255;4938;4961;8.58;0.52;223.06;4.72;767;44;1683.00;23
4173;44;628954092;4173;260;4938;4961;8.49;0.52;223.05;4.72;765;44;1684.00;23
4177;44;628954103;4177;256;4941;4965;8.49;0.52;222.99;4.72;764;44;1685.00;24
4181;44;628954114;4181;258;4941;4965;8.43;0.51;223.01;4.72;760;44;1686.00;24
4183;44;628954124;4183;265;4945;4969;8.39;0.51;223.01;4.71;762;44;1687.00;24
4186;44;628954143;4186;267;4947;4969;8.33;0.51;223.00;4.72;761;44;1688.00;22
4189;44;628954154;4189;269;4947;4969;8.30;0.51;223.06;4.72;758;44;1689.00;22
4192;44;628954165;4192;276;4947;4969;8.19;0.50;223.01;4.72;755;44;1690.00;22
4195;44;628954176;4195;276;4947;4969;8.15;0.50;223.03;4.72;752;44;1691.00;22
4198;44;628954185;4198;283;4960;4981;8.12;0.50;223.00;4.71;762;44;1692.00;21
4203;44;628954197;4203;286;4960;4981;8.02;0.49;223.14;4.71;757;44;1693.00;21
4206;44;628954207;4206;284;4961;4981;7.89;0.48;223.15;4.71;755;44;1694.00;20
4207;44;628954219;4207;288;4962;4981;7.76;0.48;223.21;4.72;755;44;1695.00;19
4211;44;628954229;4211;297;4962;4981;7.59;0.47;223.24;4.72;751;44;1696.00;19
4212;44;628954240;4212;300;4962;4981;7.39;0.46;223.28;4.72;750;44;1697.00;19
4213;44;628954254;4213;307;4963;4982;7.18;0.44;223.29;4.72;750;44;1698.00;19
4217;44;628954264;4217;307;4963;4982;6.93;0.43;223.38;4.72;746;44;1699.00;19
4223;44;628954275;4223;300;4968;4988;6.82;0.42;223.39;4.71;745;44;1700.00;20
4226;44;628954291;4226;301;4969;4989;6.76;0.42;223.32;4.71;743;44;1701.00;20
4232;44;628954302;4232;298;4970;4989;6.67;0.41;223.40;4.71;738;44;1702.00;19
4233;44;628954312;4233;295;4970;4989;6.64;0.41;223.44;4.71;737;44;1703.00;19
4237;44;628954328;4237;293;4974;4993;6.61;0.41;223.55;4.71;737;44;1704.00;19
4240;44;628954341;4240;291;4974;4993;6.61;0.41;223.54;4.71;734;44;1705.00;19
4240;44;628954354;4240;288;4974;4993;6.66;0.41;223.54;4.71;734;44;1706.00;19
4243;44;628954367;4243;283;4975;4994;6.71;0.41;223.52;4.71;732;44;1707.00;19
4248;44;628954379;4248;282;4979;4998;6.72;0.41;223.53;4.70;731;44;1708.00;19
4249;44;628954392;4249;276;4979;4998;6.86;0.42;223.55;4.70;730;44;1709.00;19
4252;44;628954406;4252;279;4982;5004;6.99;0.43;223.62;4.70;730;44;1710.00;22
4256;44;628954419;4256;283;4983;5004;7.06;0.43;223.56;4.70;727;44;1711.00;21
4259;44;628954434;4259;285;4983;5004;7.14;0.44;223.70;4.70;724;44;1712.00;21
4262;44;628954445;4262;284;4984;5004;7.14;0.44;223.79;4.70;722;44;1713.00;20
4266;44;628954455;4266;282;4986;5008;7.20;0.44;223.77;4.70;720;44;1714.00;22
4272;44;628954468;4272;284;4987;5008;7.17;0.44;223.61;4.70;715;44;1715.00;21
4277;44;628954479;4277;282;4987;5008;7.10;0.43;223.67;4.70;710;44;1716.00;21
4279;44;628954491;4279;284;4988;5008;7.07;0.43;223.77;4.70;709;44;1717.00;20
4283;44;628954501;4283;283;4990;5009;7.03;0.43;223.69;4.70;707;44;1718.00;19
4289;44;628954512;4289;285;4991;5010;7.01;0.43;223.59;4.70;702;44;1719.00;19
4293;44;628954525;4293;284;4991;5010;7.02;0.43;223.59;4.70;698;44;1720.00;19
4295;44;628954540;4295;286;4992;5011;7.02;0.43;223.60;4.69;697;44;1721.00;19
4300;44;628954551;4300;285;4992;5011;7.03;0.43;223.52;4.69;692;44;1722.00;19
4301;44;628954564;4301;279;4992;5011;7.09;0.43;223.54;4.69;691;44;1723.00;19
4307;44;628954575;4307;277;4992;5011;7.04;0.43;223.53;4.69;685;44;1724.00;19
4309;44;628954586;4309;270;4992;5011;7.00;0.43;223.53;4.69;683;44;1725.00;19
4313;44;628954597;4313;261;4992;5011;7.05;0.43;223.58;4.69;679;44;1726.00;19
4316;44;628954608;4316;264;4992;5011;7.08;0.43;223.58;4.69;676;44;1727.00;19
4320;44;628954618;4320;277;5067;5138;7.45;0.46;223.55;4.63;747;44;1728.00;71
4323;44;628954641;4323;273;5070;5139;7.39;0.46;223.60;4.62;747;44;1729.00;69
4325;44;628954659;4325;277;5079;5139;7.52;0.47;223.60;4.62;754;44;1730.00;60
4325;44;628954671;4325;272;5084;5139;7.66;0.47;223.60;4.62;759;44;1731.00;55
4330;44;628954682;4330;273;5090;5139;7.75;0.48;223.53;4.62;760;44;1732.00;49
4331;44;628954693;4331;274;5094;5139;7.86;0.49;223.56;4.62;763;44;1733.00;45
4335;44;628954705;4335;278;5099;5139;7.85;0.49;223.46;4.62;764;44;1734.00;40
4337;44;628954716;4337;279;5101;5139;7.87;0.49;223.40;4.62;764;44;1735.00;38
4340;45;628954728;4340;282;5104;5140;7.84;0.48;223.35;4.62;764;45;1736.00;36
4341;45;628954755;4341;287;5106;5141;7.83;0.48;223.36;4.62;765;45;1737.00;35
4345;45;628954769;4345;298;5110;5141;7.80;0.48;223.30;4.63;765;45;1738.00;31
4347;45;628954781;4347;291;5112;5142;7.80;0.48;223.37;4.63;765;45;1739.00;30
4348;45;628954793;4348;289;5113;5142;7.83;0.48;223.43;4.63;765;45;1740.00;29
4348;45;628954803;4348;291;5114;5142;7.89;0.49;223.43;4.63;766;45;1741.00;28
4350;45;628954813;4350;290;5116;5142;7.89;0.48;223.45;4.63;766;45;1742.00;26
4353;45;628954824;4353;287;5119;5146;7.89;0.48;223.51;4.63;766;45;1743.00;27
4357;45;628954840;4357;286;5121;5146;7.86;0.48;223.56;4.64;764;45;1744.00;25
4359;45;628954851;4359;288;5122;5146;7.82;0.48;223.51;4.64;763;45;1745.00;24
4363;45;628954862;4363;290;5125;5149;7.84;0.48;223.55;4.64;762;45;1746.00;24
4364;45;628954873;4364;280;5125;5149;7.91;0.48;223.61;4.64;761;45;1747.00;24
4366;45;628954884;4366;273;5126;5149;8.01;0.49;223.60;4.64;760;45;1748.00;23
4369;46;628954900;4369;267;5130;5153;8.13;0.50;223.80;4.64;761;46;1749.00;23
4374;46;628954922;4374;261;5132;5154;8.29;0.51;223.73;4.64;758;46;1750.00;22
4376;46;628954933;4376;253;5132;5154;8.51;0.52;223.76;4.64;756;46;1751.00;22
4378;46;628954949;4378;247;5137;5158;8.70;0.53;223.73;4.63;759;46;1752.00;21
4380;46;628954960;4380;238;5137;5158;8.87;0.54;223.71;4.63;757;46;1753.00;21
4384;46;628954977;4384;237;5137;5158;8.97;0.55;223.77;4.63;753;46;1754.00;21
4385;46;628954988;4385;232;5139;5160;9.10;0.56;223.78;4.63;754;46;1755.00;21
4389;46;628955010;4389;213;5139;5160;9.22;0.56;223.92;4.63;750;46;1756.00;21
4391;46;628955022;4391;202;5144;5166;9.31;0.57;223.93;4.63;753;46;1757.00;22
4395;46;628955034;4395;184;5144;5166;9.44;0.57;223.90;4.63;749;46;1758.00;22
4397;46;628955045;4397;175;5146;5167;9.60;0.58;223.91;4.63;749;46;1759.00;21
4401;46;628955056;4401;165;5146;5167;9.74;0.59;223.91;4.63;745;46;1760.00;21
4401;46;628955068;4401;152;5146;5167;9.91;0.60;223.91;4.63;745;46;1761.00;21
4403;46;628955080;4403;149;5146;5167;10.05;0.61;223.90;4.63;743;46;1762.00;21
4405;46;628955098;4405;141;5146;5167;10.26;0.62;223.91;4.63;741;46;1763.00;21
4406;46;628955110;4406;134;5157;5179;10.52;0.64;223.88;4.62;751;46;1764.00;22
4408;46;628955122;4408;128;5158;5179;10.72;0.65;223.91;4.62;750;46;1765.00;21
4411;46;628955134;4411;126;5158;5179;10.81;0.66;223.97;4.62;747;46;1766.00;21
4413;47;628955146;4413;127;5158;5179;10.88;0.66;224.02;4.62;745;47;1767.00;21
4415;47;628955174;4415;126;5158;5179;10.96;0.67;224.06;4.62;743;47;1768.00;21
4416;47;628955187;4416;130;5158;5179;11.04;0.67;224.11;4.62;742;47;1769.00;21
4419;47;628955200;4419;129;5162;5183;11.06;0.67;224.21;4.61;743;47;1770.00;21
4421;47;628955212;4421;129;5162;5183;11.22;0.68;224.28;4.61;741;47;1771.00;21
4422;47;628955223;4422;126;5165;5187;11.37;0.69;224.34;4.61;743;47;1772.00;22
4424;47;628955235;4424;124;5166;5188;11.51;0.70;224.50;4.61;742;47;1773.00;22
4431;47;628955247;4431;118;5167;5188;11.60;0.71;224.66;4.61;736;47;1774.00;21
4433;47;628955259;4433;122;5167;5188;11.75;0.71;224.70;4.61;734;47;1775.00;21
4437;47;628955271;4437;124;5180;5201;11.87;0.72;224.70;4.60;743;47;1776.00;21
4442;47;628955284;4442;120;5180;5201;11.92;0.72;224.79;4.60;738;47;1777.00;21
4447;47;628955295;4447;121;5180;5201;12.00;0.73;224.78;4.60;733;47;1778.00;21
4450;47;628955307;4450;123;5181;5202;12.08;0.73;224.85;4.60;731;47;1779.00;21
4453;47;628955320;4453;126;5181;5203;12.09;0.74;224.89;4.60;728;47;1780.00;22
4457;47;628955332;4457;127;5181;5203;12.16;0.74;224.94;4.60;724;47;1781.00;22
4459;47;628955343;4459;126;5183;5206;12.26;0.75;224.93;4.60;724;47;1782.00;23
4464;47;628955354;4464;124;5183;5206;12.26;0.75;224.98;4.60;719;47;1783.00;23
4467;47;628955365;4467;122;5184;5206;12.28;0.75;225.00;4.60;717;47;1784.00;22
4468;47;628955377;4468;123;5185;5206;12.28;0.75;225.04;4.66;717;47;1785.00;21
4470;47;628955388;4470;120;5189;5212;12.28;0.75;225.08;4.66;719;47;1786.00;23
4475;47;628955399;4475;115;5189;5212;12.31;0.75;225.20;4.66;714;47;1787.00;23
4476;47;628955411;4476;109;5190;5212;12.40;0.75;225.18;4.66;714;47;1788.00;22
4479;47;628955423;4479;107;5190;5212;12.46;0.76;225.27;4.66;711;47;1789.00;22
4483;47;628955434;4483;106;5193;5216;12.43;0.76;225.21;4.66;710;47;1790.00;23
4485;47;628955445;4485;106;5194;5217;12.46;0.76;225.30;4.66;709;47;1791.00;23
4487;47;628955457;4487;107;5194;5217;12.50;0.76;225.25;4.66;707;47;1792.00;23
4490;47;628955468;4490;105;5195;5218;12.56;0.76;225.28;4.66;705;47;1793.00;23
4492;47;628955479;4492;104;5195;5218;12.60;0.77;225.25;4.66;703;47;1794.00;23
4498;47;628955491;4498;104;5195;5218;12.57;0.76;225.34;4.66;697;47;1795.00;23
4502;47;628955502;4502;102;5195;5218;12.53;0.76;225.39;4.66;693;47;1796.00;23
4506;47;628955513;4506;106;5195;5218;12.52;0.76;225.39;4.66;689;47;1797.00;23
4512;47;628955524;4512;107;5195;5218;12.44;0.76;225.41;4.66;683;47;1798.00;23
4516;47;628955535;4516;107;5195;5218;12.38;0.75;225.47;4.66;679;47;1799.00;23
4521;47;628955548;4521;130;5256;5356;11.89;0.73;225.51;4.60;735;47;1800.00;100
4523;47;628955574;4523;123;5257;5357;11.85;0.73;225.68;4.67;734;47;1801.00;100
4526;47;628955585;4526;112;5266;5357;11.91;0.73;225.70;4.66;740;47;1802.00;91
4529;47;628955597;4529;105;5272;5357;11.95;0.73;225.72;4.66;743;47;1803.00;85
4532;47;628955607;4532;102;5276;5357;12.03;0.74;225.82;4.66;744;47;1804.00;81
4536;47;628955619;4536;105;5284;5357;12.09;0.74;226.02;4.73;748;47;1805.00;73
4537;47;628955631;4537;103;5288;5357;12.11;0.74;226.02;4.74;751;47;1806.00;69
4541;47;628955642;4541;105;5291;5357;12.10;0.74;226.10;4.80;750;47;1807.00;66
4544;47;628955652;4544;105;5294;5358;12.16;0.74;226.08;4.81;750;47;1808.00;64
4549;47;628955671;4549;103;5297;5359;12.21;0.75;226.08;4.88;748;47;1809.00;62
4552;47;628955687;4552;100;5299;5359;12.16;0.74;226.03;4.88;747;47;1810.00;60
4552;47;628955699;4552;102;5305;5363;12.13;0.74;226.03;4.94;753;47;1811.00;58
4556;47;628955716;4556;91;5306;5363;12.18;0.75;226.09;4.95;750;47;1812.00;57
4560;47;628955728;4560;93;5307;5363;12.11;0.74;226.28;4.95;747;47;1813.00;56
4562;47;628955745;4562;97;5308;5363;12.03;0.74;226.23;4.95;746;47;1814.00;55
4564;47;628955756;4564;97;5310;5369;11.98;0.73;226.22;4.95;746;47;1815.00;59
4569;47;628955773;4569;104;5311;5369;11.98;0.73;226.18;4.95;742;47;1816.00;58
4572;47;628955784;4572;106;5313;5369;11.94;0.73;226.07;5.02;741;47;1817.00;56
4577;47;628955795;4577;111;5316;5372;11.85;0.73;226.19;5.02;739;47;1818.00;56
4578;47;628955807;4578;113;5316;5372;11.83;0.73;226.24;5.02;738;47;1819.00;56
4580;47;628955818;4580;114;5317;5372;11.78;0.72;226.27;5.03;737;47;1820.00;55
4585;47;628955829;4585;118;5319;5373;11.76;0.72;226.26;5.03;734;47;1821.00;54
4588;47;628955841;4588;121;5321;5374;11.74;0.72;226.26;5.03;733;47;1822.00;53
4593;47;628955852;4593;127;5322;5374;11.67;0.71;226.34;5.03;729;47;1823.00;52
4598;47;628955863;4598;127;5329;5387;11.58;0.71;226.50;5.03;731;47;1824.00;58
4601;47;628955876;4601;130;5331;5387;11.53;0.70;226.51;5.10;730;47;1825.00;56
4606;47;628955887;4606;130;5332;5387;11.47;0.70;226.54;5.11;726;47;1826.00;55
4609;47;628955898;4609;137;5334;5388;11.42;0.70;226.54;5.11;725;47;1827.00;54
4609;47;628955908;4609;142;5337;5388;11.40;0.69;226.54;5.12;728;47;1828.00;51
4611;47;628955919;4611;148;5339;5392;11.33;0.69;226.55;5.12;728;47;1829.00;53
4616;47;628955932;4616;157;5344;5392;11.18;0.68;226.51;5.14;728;47;1830.00;48
4617;47;628955942;4617;169;5347;5396;11.08;0.67;226.51;5.14;730;47;1831.00;49
4621;47;628955959;4621;174;5350;5396;11.00;0.67;226.54;5.15;729;47;1832.00;46
4624;47;628955970;4624;183;5352;5396;10.86;0.66;226.52;5.22;728;47;1833.00;44
4627;47;628955980;4627;189;5354;5396;10.78;0.66;226.52;5.23;727;47;1834.00;42
4630;47;628955990;4630;193;5355;5396;10.69;0.65;226.61;5.23;725;47;1835.00;41
4635;47;628956000;4635;197;5369;5408;10.62;0.65;226.60;5.24;734;47;1836.00;39
4637;47;628956017;4637;198;5370;5408;10.59;0.65;226.55;5.24;733;47;1837.00;38
4639;47;628956027;4639;198;5373;5408;10.45;0.64;226.61;5.25;734;47;1838.00;35
4641;47;628956037;4641;203;5373;5408;10.41;0.63;226.60;5.25;732;47;1839.00;35
4642;47;628956047;4642;207;5375;5408;10.32;0.63;226.67;5.26;733;47;1840.00;33
4643;47;628956057;4643;215;5375;5408;10.28;0.63;226.66;5.26;732;47;1841.00;33
4645;47;628956066;4645;216;5376;5409;10.12;0.62;226.67;5.26;731;47;1842.00;33
4649;47;628956076;4649;221;5377;5409;9.91;0.60;226.69;5.27;728;47;1843.00;32
4650;47;628956086;4650;230;5381;5415;9.81;0.60;226.66;5.26;731;47;1844.00;34
4651;47;628956096;4651;244;5384;5417;9.71;0.59;226.65;5.27;733;47;1845.00;33
4653;47;628956105;4653;251;5386;5417;9.61;0.58;226.72;5.27;733;47;1846.00;31
4655;47;628956115;4655;266;5388;5417;9.44;0.58;226.65;5.28;733;47;1847.00;29
4657;47;628956124;4657;270;5392;5421;9.31;0.57;226.70;5.28;735;47;1848.00;29
4659;47;628956133;4659;271;5392;5421;9.20;0.56;226.76;5.28;733;47;1849.00;29
4660;47;628956143;4660;271;5394;5421;9.09;0.56;226.74;5.28;734;47;1850.00;27
4662;47;628956152;4662;271;5395;5422;9.04;0.55;226.73;5.28;733;47;1851.00;27
4664;47;628956162;4664;274;5399;5426;8.86;0.54;226.79;5.28;735;47;1852.00;27
4670;47;628956176;4670;271;5399;5426;8.75;0.54;226.81;5.28;729;47;1853.00;27
4670;47;628956188;4670;271;5402;5429;8.70;0.53;226.81;5.27;732;47;1854.00;27
4675;47;628956198;4675;274;5402;5429;8.65;0.53;226.94;5.27;727;47;1855.00;27
4678;47;628956209;4678;271;5403;5429;8.64;0.53;226.94;5.27;725;47;1856.00;26
4682;47;628956218;4682;273;5403;5429;8.60;0.53;226.95;5.27;721;47;1857.00;26
4684;47;628956227;4684;273;5406;5433;8.55;0.53;226.92;5.27;722;47;1858.00;27
4686;47;628956237;4686;275;5407;5433;8.51;0.52;226.98;5.27;721;47;1859.00;26
4686;47;628956247;4686;273;5407;5433;8.50;0.52;226.98;5.27;721;47;1860.00;26
4688;47;628956256;4688;272;5407;5433;8.39;0.52;226.95;5.27;719;47;1861.00;26
4690;47;628956265;4690;268;5408;5434;8.28;0.51;226.92;5.27;718;47;1862.00;26
4696;47;628956274;4696;272;5409;5435;8.18;0.50;226.99;5.27;713;47;1863.00;26
4700;47;628956282;4700;272;5409;5435;8.02;0.50;226.95;5.27;709;47;1864.00;26
4703;47;628956290;4703;278;5410;5436;7.88;0.49;226.95;5.27;707;47;1865.00;26
4705;47;628956298;4705;283;5410;5436;7.75;0.48;226.97;5.27;705;47;1866.00;26
4710;47;628956306;4710;283;5410;5436;7.50;0.46;226.95;5.27;700;47;1867.00;26
4714;47;628956314;4714;290;5410;5436;7.30;0.45;226.92;5.27;696;47;1868.00;26
4718;47;628956326;4718;301;5410;5436;7.04;0.44;226.99;5.27;692;47;1869.00;26
4722;47;628956335;4722;298;5410;5436;6.85;0.43;227.08;5.27;688;47;1870.00;26
4724;47;628956346;4724;304;5410;5436;6.73;0.42;227.04;5.27;686;47;1871.00;26
4729;47;628956355;4729;322;5481;5563;6.97;0.44;227.06;5.20;752;47;1872.00;82
4734;47;628956380;4734;307;5484;5564;6.84;0.43;227.09;5.20;750;47;1873.00;80
4734;47;628956391;4734;300;5495;5564;6.96;0.44;227.09;5.19;761;47;1874.00;69
4735;47;628956401;4735;305;5500;5564;6.97;0.44;227.14;5.19;765;47;1875.00;64
4736;47;628956411;4736;303;5506;5564;6.94;0.44;227.17;5.19;770;47;1876.00;58
4740;47;628956420;4740;297;5513;5564;6.95;0.44;227.19;5.19;773;47;1877.00;51
4742;47;628956430;4742;293;5516;5564;6.95;0.44;227.21;5.19;774;47;1878.00;48
4746;47;628956439;4746;299;5520;5564;6.91;0.43;227.17;5.19;774;47;1879.00;44
4749;47;628956448;4749;303;5523;5565;6.89;0.43;227.14;5.19;774;47;1880.00;42
4752;47;628956457;4752;309;5526;5566;6.84;0.43;227.22;5.19;774;47;1881.00;40
4756;47;628956466;4756;315;5528;5568;6.81;0.42;227.26;5.19;772;47;1882.00;40
4759;47;628956476;4759;324;5531;5569;6.76;0.42;227.17;5.19;772;47;1883.00;38
4763;47;628956491;4763;333;5533;5569;6.65;0.41;227.17;5.19;770;47;1884.00;36
4767;47;628956500;4767;332;5535;5569;6.62;0.41;227.13;5.20;768;47;1885.00;34
4768;47;628956509;4768;331;5536;5569;6.61;0.41;227.17;5.20;768;47;1886.00;33
4771;47;628956518;4771;326;5540;5573;6.63;0.41;227.16;5.20;769;47;1887.00;33
4774;47;628956528;4774;325;5541;5573;6.60;0.41;227.22;5.20;767;47;1888.00;32
4775;47;628956537;4775;326;5541;5573;6.61;0.41;227.18;5.20;766;47;1889.00;32
4778;47;628956548;4778;330;5545;5579;6.63;0.41;227.22;5.20;767;47;1890.00;34
4781;47;628956557;4781;317;5545;5579;6.64;0.41;227.21;5.20;764;47;1891.00;34
4785;47;628956567;4785;308;5547;5579;6.66;0.41;227.21;5.20;762;47;1892.00;32
4788;47;628956576;4788;295;5551;5583;6.79;0.42;227.21;5.20;763;47;1893.00;32
4791;47;628956586;4791;283;5554;5584;6.88;0.42;227.21;5.20;763;47;1894.00;30
4793;47;628956603;4793;285;5554;5584;6.96;0.43;227.20;5.20;761;47;1895.00;30
4796;47;628956614;4796;282;5559;5588;7.06;0.43;227.23;5.20;763;47;1896.00;29
4797;47;628956624;4797;284;5560;5588;7.15;0.44;227.19;5.20;763;47;1897.00;28
4804;47;628956633;4804;283;5560;5588;7.23;0.44;227.23;5.20;756;47;1898.00;28
4805;47;628956643;4805;283;5561;5589;7.40;0.45;227.25;5.19;756;47;1899.00;28
4809;47;628956654;4809;287;5561;5589;7.47;0.45;227.30;5.19;752;47;1900.00;28
4815;47;628956668;4815;284;5566;5595;7.57;0.46;227.21;5.19;751;47;1901.00;29
4818;47;628956679;4818;282;5566;5595;7.71;0.47;227.20;5.19;748;47;1902.00;29
4821;47;628956690;4821;281;5568;5596;7.83;0.48;227.25;5.19;747;47;1903.00;28
4823;47;628956701;4823;284;5568;5596;7.88;0.48;227.40;5.19;745;47;1904.00;28
4826;47;628956711;4826;276;5568;5596;7.92;0.48;227.47;5.19;742;47;1905.00;28
4828;47;628956721;4828;278;5568;5596;7.96;0.48;227.45;5.19;740;47;1906.00;28
4830;47;628956732;4830;275;5568;5596;8.02;0.49;227.46;5.19;738;47;1907.00;28
4834;48;628956742;4834;272;5578;5608;8.14;0.49;227.44;5.18;744;48;1908.00;30
4834;48;628956770;4834;274;5579;5608;8.21;0.50;227.44;5.18;745;48;1909.00;29
4837;48;628956780;4837;272;5580;5608;8.33;0.51;227.49;5.18;743;48;1910.00;28
4840;48;628956790;4840;269;5580;5608;8.35;0.51;227.50;5.18;740;48;1911.00;28
4845;48;628956801;4845;268;5580;5608;8.35;0.51;227.53;5.18;735;48;1912.00;28
4847;48;628956812;4847;266;5580;5608;8.39;0.51;227.51;5.18;733;48;1913.00;28
4851;48;628956822;4851;269;5584;5612;8.45;0.51;227.50;5.18;733;48;1914.00;28
4854;48;628956833;4854;268;5584;5612;8.52;0.52;227.50;5.18;730;48;1915.00;28
4855;48;628956844;4855;273;5587;5616;8.58;0.52;227.51;5.17;732;48;1916.00;29
4858;48;628956854;4858;258;5588;5617;8.64;0.52;227.63;5.17;730;48;1917.00;29
4859;48;628956865;4859;249;5589;5617;8.73;0.53;227.65;5.17;730;48;1918.00;28
4861;48;628956876;4861;243;5589;5617;8.88;0.54;227.62;5.17;728;48;1919.00;28
4863;48;628956888;4863;241;5613;5646;9.00;0.55;227.69;5.15;750;48;1920.00;33
4866;48;628956901;4866;235;5614;5646;9.16;0.56;227.67;5.15;748;48;1921.00;32
4867;48;628956913;4867;229;5615;5646;9.35;0.57;227.74;5.15;748;48;1922.00;31
4872;48;628956924;4872;224;5617;5647;9.50;0.58;227.84;5.15;745;48;1923.00;30
4874;48;628956935;4874;222;5618;5648;9.63;0.58;227.86;5.15;744;48;1924.00;30
4877;48;628956946;4877;224;5618;5648;9.71;0.59;227.87;5.15;741;48;1925.00;30
4880;48;628956957;4880;205;5621;5651;9.79;0.59;227.91;5.14;741;48;1926.00;30
4885;49;628956969;4885;188;5621;5651;9.88;0.60;228.08;5.14;736;49;1927.00;30
4887;49;628956991;4887;173;5621;5651;9.99;0.60;228.13;5.14;734;49;1928.00;30
4891;49;628957003;4891;159;5621;5651;10.04;0.61;228.12;5.14;730;49;1929.00;30
4895;49;628957015;4895;157;5625;5657;10.10;0.61;228.05;5.14;730;49;1930.00;32
4895;49;628957027;4895;149;5625;5657;10.19;0.62;228.05;5.14;730;49;1931.00;32
4897;49;628957040;4897;149;5626;5657;10.34;0.63;228.15;5.14;729;49;1932.00;31
4901;49;628957051;4901;146;5626;5657;10.45;0.63;228.19;5.14;725;49;1933.00;31
4903;49;628957063;4903;149;5629;5661;10.47;0.64;228.27;5.14;726;49;1934.00;32
4908;49;628957080;4908;147;5631;5663;10.57;0.64;228.35;5.14;723;49;1935.00;32
4909;49;628957093;4909;142;5631;5663;10.72;0.65;228.40;5.14;722;49;1936.00;32
4914;49;628957105;4914;142;5632;5664;10.90;0.66;228.47;5.14;718;49;1937.00;32
4916;49;628957117;4916;142;5632;5664;11.03;0.67;228.57;5.14;716;49;1938.00;32
4922;49;628957129;4922;142;5632;5664;11.12;0.68;228.56;5.14;710;49;1939.00;32
4923;49;628957141;4923;134;5632;5664;11.22;0.68;228.60;5.14;709;49;1940.00;32
4926;49;628957152;4926;132;5632;5664;11.30;0.69;228.69;5.14;706;49;1941.00;32
4928;49;628957164;4928;132;5632;5664;11.48;0.70;228.64;5.14;704;49;1942.00;32
4930;49;628957175;4930;128;5632;5664;11.62;0.71;228.73;5.14;702;49;1943.00;32
4934;49;628957186;4934;144;5677;5734;11.40;0.69;228.75;5.10;743;49;1944.00;57
4937;49;628957203;4937;137;5677;5735;11.45;0.70;228.77;5.10;740;49;1945.00;58
4942;49;628957214;4942;127;5682;5735;11.58;0.70;228.86;5.09;740;49;1946.00;53
4943;49;628957226;4943;121;5686;5735;11.70;0.71;228.86;5.09;743;49;1947.00;49
4945;49;628957243;4945;121;5690;5735;11.81;0.72;228.90;5.09;745;49;1948.00;45
4949;49;628957254;4949;122;5693;5735;11.83;0.72;228.99;5.09;744;49;1949.00;42
4951;49;628957269;4951;121;5695;5737;11.90;0.72;229.02;5.09;744;49;1950.00;42
4953;49;628957286;4953;129;5697;5737;12.00;0.73;229.09;5.09;744;49;1951.00;40
4957;50;628957297;4957;127;5699;5738;12.12;0.74;229.16;5.09;742;50;1952.00;39
4960;50;628957324;4960;131;5700;5739;12.19;0.74;229.17;5.09;740;50;1953.00;39
4964;50;628957336;4964;134;5701;5739;12.20;0.74;229.21;5.09;737;50;1954.00;38
4967;50;628957353;4967;139;5704;5743;12.18;0.74;229.24;5.09;737;50;1955.00;39
4971;50;628957365;4971;140;5705;5743;12.22;0.75;229.28;5.09;734;50;1956.00;38
4973;50;628957375;4973;143;5705;5743;12.24;0.75;229.34;5.09;732;50;1957.00;38
4976;50;628957386;4976;142;5705;5743;12.22;0.75;229.43;5.09;729;50;1958.00;38
4977;50;628957397;4977;146;5710;5749;12.20;0.75;229.43;5.08;733;50;1959.00;39
4980;50;628957408;4980;152;5710;5749;12.17;0.75;229.47;5.08;730;50;1960.00;39
4984;50;628957418;4984;154;5710;5749;12.23;0.75;229.55;5.08;726;50;1961.00;39
4988;50;628957429;4988;154;5713;5752;12.25;0.75;229.58;5.08;725;50;1962.00;39
4993;50;628957440;4993;152;5713;5752;12.27;0.75;229.68;5.08;720;50;1963.00;39
4995;50;628957451;4995;152;5713;5752;12.32;0.75;229.68;5.08;718;50;1964.00;39
4998;50;628957468;4998;153;5713;5753;12.39;0.76;229.72;5.08;715;50;1965.00;40
5005;50;628957478;5005;154;5714;5754;12.36;0.75;229.71;5.08;709;50;1966.00;40
5008;50;628957489;5008;153;5714;5754;12.37;0.75;229.70;5.08;706;50;1967.00;40
5013;50;628957500;5013;153;5723;5767;12.29;0.75;229.68;5.07;710;50;1968.00;44
5017;50;628957510;5017;145;5723;5767;12.22;0.74;229.68;5.07;706;50;1969.00;44
5022;50;628957521;5022;138;5723;5767;12.21;0.74;229.73;5.07;701;50;1970.00;44
5027;50;628957530;5027;136;5724;5768;12.20;0.74;229.74;5.07;697;50;1971.00;44
5032;50;628957541;5032;131;5724;5768;12.16;0.74;229.68;5.07;692;50;1972.00;44
5035;50;628957551;5035;129;5727;5772;12.18;0.74;229.66;5.07;692;50;1973.00;45
5037;50;628957562;5037;125;5729;5772;12.18;0.74;229.72;5.08;692;50;1974.00;43
5038;50;628957572;5038;124;5732;5776;12.19;0.74;229.71;5.08;694;50;1975.00;44
5043;50;628957583;5043;117;5733;5776;12.21;0.74;229.66;5.08;690;50;1976.00;43
5045;50;628957594;5045;118;5733;5776;12.26;0.74;229.66;5.08;688;50;1977.00;43
5049;50;628957604;5049;116;5733;5776;12.21;0.74;229.69;5.08;684;50;1978.00;43
5057;50;628957614;5057;116;5733;5776;12.21;0.74;229.68;5.08;676;50;1979.00;43
5057;50;628957626;5057;121;5752;5810;12.16;0.74;229.68;5.07;695;50;1980.00;58
5060;50;628957637;5060;118;5753;5810;12.19;0.74;229.69;5.06;693;50;1981.00;57
5063;50;628957647;5063;120;5755;5810;12.15;0.74;229.68;5.06;692;50;1982.00;55
5065;50;628957657;5065;121;5755;5810;12.12;0.74;229.63;5.06;690;50;1983.00;55
5067;50;628957666;5067;124;5756;5810;12.14;0.74;229.61;5.06;689;50;1984.00;54
5070;50;628957676;5070;125;5757;5810;12.12;0.74;229.56;5.16;687;50;1985.00;53
5073;50;628957693;5073;129;5760;5811;12.17;0.74;229.54;5.17;687;50;1986.00;51
5076;50;628957703;5076;129;5760;5811;12.15;0.74;229.52;5.17;684;50;1987.00;51
5081;50;628957718;5081;130;5763;5817;12.19;0.74;229.48;5.16;682;50;1988.00;54
5083;50;628957734;5083;133;5766;5818;12.21;0.74;229.44;5.16;683;50;1989.00;52
5089;50;628957744;5089;130;5767;5818;12.15;0.74;229.43;5.16;678;50;1990.00;51
5090;50;628957754;5090;130;5767;5818;12.07;0.73;229.40;5.16;677;50;1991.00;51
5094;50;628957764;5094;136;5770;5822;11.97;0.73;229.35;5.16;676;50;1992.00;52
5097;50;628957774;5097;137;5770;5822;11.80;0.72;229.39;5.16;673;50;1993.00;52
5098;50;628957784;5098;142;5771;5822;11.62;0.71;229.38;5.16;673;50;1994.00;51
5100;50;628957794;5100;141;5772;5823;11.53;0.70;229.47;5.16;672;50;1995.00;51
5103;50;628957804;5103;145;5775;5827;11.33;0.69;229.50;5.16;672;50;1996.00;52
5103;50;628957814;5103;149;5777;5827;11.16;0.68;229.50;5.17;674;50;1997.00;50
5107;50;628957829;5107;154;5779;5830;11.10;0.68;229.46;5.17;672;50;1998.00;51
5109;50;628957839;5109;161;5780;5830;11.06;0.68;229.47;5.17;671;50;1999.00;50
5113;50;628957850;5113;173;5782;5830;10.96;0.67;229.51;5.17;669;50;2000.00;48
5113;51;628957863;5113;181;5783;5830;10.93;0.67;229.51;5.18;670;51;2001.00;47
5117;51;628957889;5117;187;5787;5834;10.87;0.66;229.47;5.18;670;51;2002.00;47
5118;51;628957899;5118;192;5789;5834;10.79;0.66;229.48;5.20;671;51;2003.00;45
5120;51;628957908;5120;196;5791;5834;10.64;0.65;229.53;5.20;671;51;2004.00;43
5122;51;628957917;5122;203;5793;5834;10.50;0.64;229.55;5.21;671;51;2005.00;41
5122;51;628957926;5122;209;5793;5835;10.42;0.64;229.55;5.21;671;51;2006.00;42
5127;51;628957935;5127;212;5796;5836;10.27;0.63;229.61;5.22;669;51;2007.00;40
5131;51;628957944;5131;220;5796;5836;10.10;0.61;229.57;5.22;665;51;2008.00;40
5133;51;628957953;5133;229;5798;5837;9.94;0.61;229.55;5.23;665;51;2009.00;39
5137;51;628957963;5137;234;5798;5837;9.76;0.60;229.62;5.23;661;51;2010.00;39
5139;51;628957972;5139;242;5799;5837;9.57;0.58;229.64;5.23;660;51;2011.00;38
5142;51;628957981;5142;246;5800;5837;9.32;0.57;229.55;5.24;658;51;2012.00;37
5143;51;628957989;5143;255;5801;5837;9.15;0.56;229.53;5.24;658;51;2013.00;36
5145;51;628957997;5145;259;5801;5837;9.02;0.55;229.48;5.24;656;51;2014.00;36
5148;51;628958005;5148;266;5802;5837;8.89;0.54;229.41;5.25;654;51;2015.00;35
5149;51;628958014;5149;289;5867;5964;8.97;0.56;229.48;5.19;718;51;2016.00;97
5149;51;628958031;5149;289;5869;5965;8.86;0.55;229.48;5.20;720;51;2017.00;96
5153;51;628958040;5153;289;5880;5965;8.88;0.55;229.51;5.19;727;51;2018.00;85
5153;51;628958049;5153;288;5887;5965;8.89;0.55;229.51;5.19;734;51;2019.00;78
5158;51;628958057;5158;284;5896;5965;8.77;0.54;229.49;5.19;738;51;2020.00;69
5163;51;628958065;5163;283;5902;5965;8.67;0.54;229.45;5.19;739;51;2021.00;63
5165;51;628958074;5165;278;5908;5965;8.55;0.53;229.40;5.19;743;51;2022.00;57
5166;51;628958089;5166;281;5912;5965;8.50;0.52;229.39;5.19;746;51;2023.00;53
5169;51;628958103;5169;285;5916;5966;8.40;0.52;229.28;5.19;747;51;2024.00;50
5171;51;628958113;5171;287;5919;5968;8.36;0.51;229.26;5.19;748;51;2025.00;49
5172;51;628958122;5172;287;5923;5968;8.31;0.51;229.24;5.19;751;51;2026.00;45
5173;51;628958131;5173;287;5926;5969;8.18;0.50;229.23;5.20;753;51;2027.00;43
5173;51;628958141;5173;295;5928;5969;8.09;0.50;229.23;5.20;755;51;2028.00;41
5175;51;628958150;5175;299;5929;5969;7.97;0.49;229.20;5.20;754;51;2029.00;40
5175;51;628958158;5175;304;5931;5969;7.79;0.48;229.20;5.20;756;51;2030.00;38
5175;51;628958167;5175;317;5933;5973;7.63;0.47;229.20;5.20;758;51;2031.00;40
5177;51;628958176;5177;328;5935;5973;7.44;0.46;229.24;5.20;758;51;2032.00;38
5180;51;628958186;5180;337;5936;5973;7.26;0.45;229.19;5.20;756;51;2033.00;37
5182;51;628958197;5182;337;5938;5976;7.11;0.44;229.18;5.21;756;51;2034.00;38
5186;51;628958210;5186;347;5939;5976;6.88;0.42;229.22;5.21;753;51;2035.00;37
5188;51;628958220;5188;348;5940;5976;6.69;0.41;229.17;5.21;752;51;2036.00;36
5190;51;628958231;5190;355;5944;5980;6.54;0.40;229.23;5.20;754;51;2037.00;36
5191;51;628958245;5191;363;5946;5981;6.38;0.39;229.27;5.20;755;51;2038.00;35
5195;51;628958256;5195;365;5946;5981;6.20;0.38;229.24;5.20;751;51;2039.00;35
5200;51;628958270;5200;357;5952;5986;6.17;0.38;229.25;5.20;752;51;2040.00;34
5202;51;628958284;5202;357;5952;5986;6.14;0.38;229.28;5.20;750;51;2041.00;34
5204;51;628958298;5204;356;5952;5986;6.09;0.38;229.27;5.20;748;51;2042.00;34
5205;51;628958310;5205;344;5953;5987;6.19;0.38;229.31;5.20;748;51;2043.00;34
5208;51;628958330;5208;333;5953;5987;6.25;0.39;229.27;5.20;745;51;2044.00;34
5210;51;628958340;5210;320;5958;5993;6.36;0.39;229.27;5.19;748;51;2045.00;35
5213;51;628958353;5213;311;5958;5993;6.41;0.40;229.27;5.19;745;51;2046.00;35
5216;51;628958364;5216;298;5960;5994;6.40;0.40;229.26;5.19;744;51;2047.00;34
5219;51;628958376;5219;291;5960;5994;6.46;0.40;229.29;5.19;741;51;2048.00;34
5220;51;628958387;5220;279;5960;5994;6.61;0.41;229.25;5.19;740;51;2049.00;34
5225;51;628958399;5225;272;5960;5994;6.70;0.41;229.25;5.19;735;51;2050.00;34
5229;51;628958411;5229;267;5960;5994;6.78;0.42;229.29;5.19;731;51;2051.00;34
5230;51;628958421;5230;263;5971;6006;6.96;0.43;229.28;5.18;741;51;2052.00;35
5234;51;628958443;5234;258;5971;6006;7.01;0.43;229.30;5.18;737;51;2053.00;35
5236;51;628958453;5236;253;5972;6006;7.16;0.44;229.32;5.18;736;51;2054.00;34
5240;51;628958464;5240;250;5972;6006;7.23;0.44;229.30;5.18;732;51;2055.00;34
5242;51;628958473;5242;249;5972;6006;7.38;0.45;229.29;5.18;730;51;2056.00;34
5242;51;628958483;5242;245;5972;6006;7.52;0.46;229.29;5.18;730;51;2057.00;34
5245;51;628958493;5245;240;5976;6010;7.61;0.46;229.28;5.18;731;51;2058.00;34
5246;51;628958503;5246;238;5976;6010;7.66;0.47;229.34;5.18;730;51;2059.00;34
5247;51;628958513;5247;242;5979;6014;7.77;0.47;229.36;5.18;732;51;2060.00;35
5249;51;628958523;5249;242;5980;6015;7.84;0.48;229.38;5.18;731;51;2061.00;35
5250;51;628958534;5250;241;5981;6015;7.93;0.49;229.40;5.18;731;51;2062.00;34
5251;51;628958544;5251;240;5981;6015;7.99;0.49;229.37;5.18;730;51;2063.00;34
5253;51;628958555;5253;238;5993;6028;8.03;0.49;229.34;5.17;740;51;2064.00;35
5256;51;628958567;5256;236;5993;6028;8.12;0.50;229.29;5.17;737;51;2065.00;35
5261;51;628958579;5261;228;5994;6028;8.17;0.50;229.29;5.17;733;51;2066.00;34
5265;51;628958590;5265;224;5995;6029;8.25;0.50;229.30;5.16;730;51;2067.00;34
5271;51;628958601;5271;223;5996;6030;8.28;0.50;229.24;5.16;725;51;2068.00;34
5276;51;628958612;5276;219;5996;6030;8.38;0.51;229.28;5.16;720;51;2069.00;34
5278;51;628958626;5278;220;5999;6036;8.56;0.52;229.27;5.16;721;51;2070.00;37
5285;51;628958638;5285;220;5999;6036;8.62;0.52;229.46;5.16;714;51;2071.00;37
5289;51;628958650;5289;219;6000;6036;8.72;0.53;229.52;5.16;711;51;2072.00;36
5295;51;628958662;5295;219;6000;6036;8.79;0.53;229.59;5.16;705;51;2073.00;36
5300;51;628958678;5300;215;6005;6042;8.86;0.54;229.69;5.16;705;51;2074.00;37
5305;51;628958691;5305;213;6005;6042;8.85;0.54;229.65;5.16;700;51;2075.00;37
5307;51;628958702;5307;214;6006;6042;8.86;0.54;229.69;5.16;699;51;2076.00;36
5313;51;628958713;5313;213;6006;6042;8.82;0.54;229.80;5.16;693;51;2077.00;36
5317;51;628958729;5317;214;6011;6046;8.85;0.54;229.85;5.16;694;51;2078.00;35
5320;51;628958746;5320;219;6012;6047;8.89;0.54;229.88;5.15;692;51;2079.00;35
5326;51;628958757;5326;220;6013;6047;8.92;0.54;230.03;5.15;687;51;2080.00;34
5331;51;628958767;5331;216;6014;6048;8.92;0.54;230.13;5.15;683;51;2081.00;34
5337;51;628958777;5337;213;6014;6048;8.87;0.54;230.26;5.15;677;51;2082.00;34
5342;51;628958788;5342;220;6014;6048;8.88;0.54;230.29;5.15;672;51;2083.00;34
5348;51;628958798;5348;224;6014;6048;8.88;0.54;230.33;5.15;666;51;2084.00;34
5352;51;628958808;5352;222;6014;6048;8.84;0.54;230.28;5.15;662;51;2085.00;34
5356;51;628958819;5356;226;6014;6048;8.86;0.54;230.34;5.15;658;51;2086.00;34
5357;51;628958829;5357;214;6014;6048;8.90;0.54;230.38;5.15;657;51;2087.00;34
5360;51;628958840;5360;222;6059;6118;8.88;0.54;230.37;5.12;699;51;2088.00;59
5361;51;628958857;5361;206;6061;6119;8.97;0.55;230.43;5.11;700;51;2089.00;58
5363;51;628958867;5363;193;6068;6119;9.12;0.56;230.43;5.11;705;51;2090.00;51
5366;51;628958877;5366;188;6068;6119;9.23;0.56;230.46;5.11;702;51;2091.00;51
5367;51;628958888;5367;179;6073;6119;9.44;0.57;230.46;5.11;706;51;2092.00;46
5370;51;628958899;5370;174;6077;6119;9.59;0.59;230.52;5.11;707;51;2093.00;42
5376;51;628958909;5376;173;6082;6119;9.69;0.59;230.60;5.11;706;51;2094.00;37
5379;51;628958920;5379;172;6082;6119;9.70;0.59;230.65;5.11;703;51;2095.00;37
5382;51;628958931;5382;162;6084;6120;9.79;0.59;230.64;5.11;702;51;2096.00;36
5386;51;628958942;5386;148;6085;6121;9.86;0.60;230.72;5.11;699;51;2097.00;36
5389;51;628958953;5389;141;6086;6121;9.98;0.61;230.77;5.11;697;51;2098.00;35
5393;51;628958964;5393;139;6090;6125;10.09;0.61;230.79;5.11;697;51;2099.00;35
5395;51;628958980;5395;136;6094;6140;10.18;0.62;230.84;5.10;699;51;2100.00;46
5398;51;628958999;5398;129;6094;6140;10.43;0.64;230.81;5.10;696;51;2101.00;46
5400;51;628959011;5400;132;6094;6140;10.64;0.65;230.84;5.10;694;51;2102.00;46
5403;51;628959023;5403;133;6097;6146;10.81;0.66;230.86;5.10;694;51;2103.00;49
5404;51;628959035;5404;134;6097;6146;10.91;0.66;230.88;5.10;693;51;2104.00;49
5407;51;628959047;5407;132;6098;6146;11.05;0.67;230.93;5.10;691;51;2105.00;48
5408;51;628959059;5408;132;6101;6149;11.21;0.68;230.95;5.10;693;51;2106.00;48
5412;51;628959070;5412;135;6101;6149;11.35;0.69;231.00;5.10;689;51;2107.00;48
5415;52;628959083;5415;136;6101;6149;11.41;0.69;230.98;5.10;686;52;2108.00;48
5419;52;628959106;5419;131;6101;6150;11.50;0.70;231.06;5.10;682;52;2109.00;49
5423;52;628959119;5423;131;6102;6151;11.64;0.71;231.04;5.10;679;52;2110.00;49
5425;52;628959141;5425;134;6104;6151;11.72;0.71;231.07;5.10;679;52;2111.00;47
5427;52;628959153;5427;132;6113;6164;11.77;0.72;231.05;5.09;686;52;2112.00;51
5429;52;628959165;5429;128;6113;6164;11.78;0.72;231.05;5.09;684;52;2113.00;51
5432;52;628959177;5432;125;6113;6164;11.76;0.72;231.21;5.09;681;52;2114.00;51
5434;52;628959189;5434;126;6115;6166;11.76;0.72;231.22;5.09;681;52;2115.00;51
5435;52;628959200;5435;131;6117;6166;11.72;0.72;231.28;5.10;682;52;2116.00;49
5439;52;628959211;5439;132;6119;6170;11.79;0.72;231.31;5.09;680;52;2117.00;51
5443;53;628959223;5443;134;6119;6170;11.81;0.72;231.35;5.09;676;53;2118.00;51
5448;54;628959253;5448;135;6122;6174;11.80;0.72;231.36;5.09;674;54;2119.00;52
5450;54;628959282;5450;141;6122;6174;11.86;0.72;231.40;5.09;672;54;2120.00;52
5452;54;628959292;5452;141;6122;6174;11.87;0.72;231.44;5.09;670;54;2121.00;52
5454;54;628959303;5454;140;6124;6174;11.79;0.72;231.41;5.10;670;54;2122.00;50
5455;55;628959314;5455;137;6124;6174;11.80;0.72;231.44;5.10;669;55;2123.00;50
5459;55;628959331;5459;133;6132;6186;11.83;0.72;231.51;5.09;673;55;2124.00;54
5461;55;628959342;5461;133;6134;6186;11.85;0.72;231.48;5.10;673;55;2125.00;52
5464;55;628959353;5464;131;6135;6186;11.89;0.72;231.51;5.10;671;55;2126.00;51
5465;55;628959363;5465;130;6136;6186;11.94;0.73;231.54;5.10;671;55;2127.00;50
5467;56;628959373;5467;130;6139;6186;11.90;0.73;231.56;5.11;672;56;2128.00;47
5471;56;628959395;5471;129;6139;6186;11.91;0.73;231.59;5.11;668;56;2129.00;47
5473;56;628959407;5473;128;6141;6187;11.90;0.72;231.56;5.11;668;56;2130.00;46
5479;56;628959417;5479;134;6141;6187;11.92;0.72;231.71;5.11;662;56;2131.00;46
5483;56;628959436;5483;131;6145;6193;11.79;0.72;231.74;5.11;662;56;2132.00;48
5486;56;628959447;5486;132;6147;6194;11.67;0.71;231.80;5.11;661;56;2133.00;47
5490;56;628959458;5490;131;6147;6194;11.65;0.71;231.77;5.11;657;56;2134.00;47
5493;56;628959469;5493;132;6148;6194;11.58;0.70;231.77;5.11;655;56;2135.00;46
5495;56;628959479;5495;141;6151;6198;11.59;0.71;231.73;5.11;656;56;2136.00;47
5500;56;628959492;5500;137;6152;6198;11.60;0.71;231.75;5.11;652;56;2137.00;46
5504;56;628959504;5504;136;6152;6198;11.56;0.70;231.69;5.11;648;56;2138.00;46
5507;56;628959524;5507;129;6153;6199;11.72;0.71;231.73;5.10;646;56;2139.00;46
5511;56;628959535;5511;125;6156;6203;11.73;0.71;231.75;5.10;645;56;2140.00;47
5515;56;628959545;5515;120;6157;6203;11.72;0.71;231.80;5.22;642;56;2141.00;46
5518;56;628959554;5518;120;6159;6206;11.75;0.71;231.76;5.21;641;56;2142.00;47
5522;56;628959564;5522;121;6159;6206;11.78;0.71;231.70;5.21;637;56;2143.00;47
5525;56;628959575;5525;122;6160;6206;11.85;0.72;231.73;5.21;635;56;2144.00;46
5529;56;628959585;5529;122;6162;6206;11.83;0.72;231.67;5.23;633;56;2145.00;44
5531;56;628959594;5531;118;6165;6210;11.90;0.72;231.65;5.22;634;56;2146.00;45
5534;56;628959610;5534;118;6166;6210;11.92;0.72;231.66;5.22;632;56;2147.00;44
5536;56;628959620;5536;115;6167;6210;11.94;0.72;231.62;5.32;631;56;2148.00;43
5539;56;628959629;5539;111;6167;6210;12.00;0.73;231.65;5.32;628;56;2149.00;43
5542;56;628959639;5542;106;6167;6211;12.04;0.73;231.73;5.32;625;56;2150.00;44
5544;56;628959648;5544;106;6169;6212;12.05;0.73;231.72;5.41;625;56;2151.00;43
5548;56;628959658;5548;105;6169;6212;12.02;0.73;231.65;5.41;621;56;2152.00;43
5550;56;628959667;5550;110;6170;6213;12.07;0.73;231.75;5.41;620;56;2153.00;43
5552;56;628959676;5552;110;6170;6213;12.00;0.73;231.71;5.41;618;56;2154.00;43
5555;56;628959685;5555;119;6171;6213;11.92;0.72;231.71;5.51;616;56;2155.00;42
5558;56;628959695;5558;125;6171;6213;11.85;0.72;231.73;5.51;613;56;2156.00;42
5560;56;628959712;5560;127;6171;6213;11.81;0.72;231.73;5.51;611;56;2157.00;42
5561;56;628959730;5561;134;6171;6213;11.83;0.72;231.70;5.51;610;56;2158.00;42
5565;56;628959740;5565;138;6171;6213;11.76;0.71;231.71;5.51;606;56;2159.00;42
5566;56;628959751;5566;166;6267;6443;11.33;0.71;231.76;5.42;701;56;2160.00;176
5567;56;628959784;5567;165;6268;6444;11.21;0.70;231.81;5.42;701;56;2161.00;176
5568;56;628959794;5568;157;6277;6444;11.10;0.69;231.79;5.42;709;56;2162.00;167
5568;56;628959803;5568;157;6285;6444;10.94;0.68;231.79;5.41;717;56;2163.00;159
5568;56;628959812;5568;162;6294;6444;10.81;0.68;231.79;5.41;726;56;2164.00;150
5571;56;628959821;5571;161;6302;6444;10.73;0.67;231.74;5.50;731;56;2165.00;142
5575;56;628959831;5575;160;6310;6444;10.64;0.66;231.78;5.50;735;56;2166.00;134
5576;56;628959840;5576;168;6317;6444;10.58;0.66;231.75;5.58;741;56;2167.00;127
5581;57;628959849;5581;166;6323;6445;10.47;0.65;231.69;5.59;742;57;2168.00;122
5584;57;628959889;5584;174;6326;6446;10.44;0.65;231.64;5.60;742;57;2169.00;120
5586;57;628959900;5586;182;6331;6446;10.35;0.64;231.67;5.60;745;57;2170.00;115
5587;57;628959909;5587;192;6335;6447;10.29;0.64;231.75;5.68;748;57;2171.00;112
5588;57;628959919;5588;197;6340;6447;10.17;0.63;231.72;5.69;752;57;2172.00;107
5590;57;628959928;5590;203;6343;6447;10.08;0.62;231.69;5.71;753;57;2173.00;104
5594;57;628959938;5594;211;6348;6447;9.93;0.61;231.73;5.71;754;57;2174.00;99
5597;57;628959947;5597;221;6353;6451;9.74;0.60;231.69;5.72;756;57;2175.00;98
5601;57;628959958;5601;231;6357;6451;9.52;0.59;231.86;5.73;756;57;2176.00;94
5602;57;628959968;5602;236;6361;6451;9.30;0.57;231.85;5.74;759;57;2177.00;90
5604;57;628959978;5604;244;6367;6454;9.08;0.56;231.91;5.77;763;57;2178.00;87
5605;57;628959988;5605;256;6368;6454;8.92;0.55;231.89;5.77;763;57;2179.00;86
5611;57;628959997;5611;268;6372;6454;8.64;0.53;231.98;5.78;761;57;2180.00;82
5612;57;628960007;5612;274;6380;6458;8.45;0.52;231.95;5.80;768;57;2181.00;78
5615;57;628960017;5615;282;6387;6459;8.31;0.51;231.89;5.81;772;57;2182.00;72
5616;57;628960026;5616;298;6391;6459;8.21;0.51;231.89;5.82;775;57;2183.00;68
5618;57;628960035;5618;302;6395;6463;8.10;0.50;231.85;5.83;777;57;2184.00;68
5619;57;628960045;5619;304;6399;6463;8.00;0.49;231.81;5.83;780;57;2185.00;64
5622;57;628960055;5622;309;6400;6463;7.91;0.49;231.80;5.84;778;57;2186.00;63
5622;57;628960066;5622;319;6404;6464;7.74;0.48;231.80;5.84;782;57;2187.00;60
5625;57;628960076;5625;332;6406;6464;7.57;0.47;231.73;5.85;781;57;2188.00;58
5625;57;628960086;5625;333;6410;6470;7.51;0.46;231.73;5.85;785;57;2189.00;60
5627;57;628960099;5627;338;6415;6470;7.40;0.45;231.72;5.86;788;57;2190.00;55
5633;57;628960109;5633;340;6416;6471;7.24;0.44;231.70;5.87;783;57;2191.00;55
5633;57;628960120;5633;345;6417;6471;7.11;0.43;231.70;5.87;784;57;2192.00;54
5633;57;628960130;5633;351;6421;6471;7.01;0.43;231.70;5.88;788;57;2193.00;50
5634;57;628960140;5634;352;6422;6471;6.91;0.42;231.72;5.88;788;57;2194.00;49
5635;57;628960149;5635;339;6424;6471;6.88;0.42;231.69;5.89;789;57;2195.00;47
5637;57;628960159;5637;331;6435;6483;6.91;0.42;231.67;5.88;798;57;2196.00;48
5639;57;628960170;5639;329;6436;6483;6.91;0.42;231.61;5.88;797;57;2197.00;47
5639;57;628960180;5639;326;6436;6483;6.99;0.43;231.61;5.88;797;57;2198.00;47
5640;58;628960190;5640;324;6436;6483;7.07;0.43;231.62;5.88;796;58;2199.00;47
5642;58;628960221;5642;329;6437;6483;7.10;0.43;231.56;5.88;795;58;2200.00;46
5642;58;628960242;5642;327;6438;6483;7.08;0.43;231.56;5.88;796;58;2201.00;45
5646;58;628960257;5646;322;6442;6487;7.01;0.43;231.56;5.88;796;58;2202.00;45
5649;58;628960268;5649;317;6442;6487;6.99;0.43;231.50;5.88;793;58;2203.00;45
5651;58;628960280;5651;312;6447;6491;7.03;0.43;231.52;5.88;796;58;2204.00;44
5652;58;628960294;5652;309;6449;6493;7.03;0.43;231.53;5.87;797;58;2205.00;44
5656;58;628960305;5656;307;6449;6493;6.99;0.43;231.61;5.87;793;58;2206.00;44
5659;58;628960316;5659;309;6449;6493;6.93;0.42;231.58;5.87;790;58;2207.00;44
5661;58;628960328;5661;316;6461;6506;6.90;0.42;231.60;5.86;800;58;2208.00;45
5665;58;628960344;5665;310;6461;6506;6.86;0.42;231.54;5.86;796;58;2209.00;45
5668;58;628960358;5668;301;6463;6508;6.82;0.42;231.57;5.86;795;58;2210.00;45
5671;58;628960374;5671;294;6464;6509;6.81;0.42;231.63;5.86;793;58;2211.00;45
5673;58;628960388;5673;290;6465;6510;6.84;0.42;231.64;5.86;792;58;2212.00;45
5674;58;628960403;5674;283;6465;6510;6.93;0.43;231.69;5.86;791;58;2213.00;45
5677;58;628960420;5677;273;6467;6513;7.02;0.43;231.70;5.86;790;58;2214.00;46
5679;58;628960443;5679;268;6467;6513;7.09;0.44;231.73;5.86;788;58;2215.00;46
5685;58;628960455;5685;264;6467;6513;7.13;0.44;231.70;5.86;782;58;2216.00;46
5688;58;628960468;5688;253;6467;6513;7.26;0.45;231.71;5.86;779;58;2217.00;46
5690;58;628960480;5690;244;6472;6519;7.45;0.46;231.72;5.86;782;58;2218.00;47
5696;58;628960493;5696;235;6472;6519;7.47;0.46;231.77;5.86;776;58;2219.00;47
5697;58;628960507;5697;235;6473;6519;7.58;0.47;231.76;5.86;776;58;2220.00;46
5701;58;628960518;5701;232;6474;6519;7.60;0.47;231.79;5.86;773;58;2221.00;45
5705;58;628960529;5705;224;6479;6523;7.60;0.47;231.83;5.85;774;58;2222.00;44
5707;58;628960542;5707;218;6480;6524;7.70;0.47;231.86;5.85;773;58;2223.00;44
5712;58;628960554;5712;216;6480;6524;7.78;0.48;231.80;5.85;768;58;2224.00;44
5716;58;628960565;5716;214;6481;6525;7.90;0.48;231.80;5.85;765;58;2225.00;44
5723;58;628960577;5723;211;6481;6525;7.94;0.49;231.74;5.85;758;58;2226.00;44
5727;58;628960591;5727;211;6481;6525;8.01;0.49;231.75;5.85;754;58;2227.00;44
5730;58;628960603;5730;212;6481;6525;8.14;0.50;231.77;5.85;751;58;2228.00;44
5734;58;628960617;5734;211;6481;6525;8.22;0.50;231.79;5.85;747;58;2229.00;44
5739;58;628960630;5739;210;6481;6525;8.31;0.51;231.75;5.85;742;58;2230.00;44
5742;58;628960642;5742;203;6481;6525;8.41;0.51;231.80;5.85;739;58;2231.00;44
5747;58;628960653;5747;208;6522;6595;8.56;0.52;231.77;5.81;775;58;2232.00;73
5754;58;628960671;5754;195;6525;6596;8.60;0.53;231.75;5.81;771;58;2233.00;71
5756;58;628960684;5756;193;6532;6596;8.72;0.53;231.74;5.81;776;58;2234.00;64
5759;58;628960696;5759;184;6533;6596;8.81;0.54;231.77;5.81;774;58;2235.00;63
5762;58;628960711;5762;185;6536;6596;8.93;0.55;231.81;5.81;774;58;2236.00;60
5765;58;628960724;5765;193;6539;6596;9.04;0.55;231.77;5.81;774;58;2237.00;57
5770;58;628960736;5770;193;6540;6596;9.10;0.56;231.87;5.81;770;58;2238.00;56
5777;58;628960748;5777;191;6543;6596;9.09;0.56;231.90;5.89;766;58;2239.00;53
5782;58;628960759;5782;191;6546;6597;9.07;0.55;231.83;5.89;764;58;2240.00;51
5788;58;628960770;5788;200;6547;6598;8.96;0.55;231.89;5.89;759;58;2241.00;51
5794;58;628960782;5794;203;6549;6598;8.94;0.54;231.94;5.89;755;58;2242.00;49
5798;58;628960793;5798;206;6555;6602;8.94;0.55;231.91;5.89;757;58;2243.00;47
5799;58;628960805;5799;207;6555;6602;8.95;0.55;231.96;5.89;756;58;2244.00;47
5807;58;628960816;5807;200;6557;6602;8.96;0.55;232.03;5.89;750;58;2245.00;45
5810;58;628960828;5810;204;6557;6602;8.97;0.55;232.06;5.89;747;58;2246.00;45
5811;58;628960842;5811;203;6561;6608;9.00;0.55;232.10;5.89;750;58;2247.00;47
5816;58;628960860;5816;199;6561;6608;9.07;0.55;232.14;5.89;745;58;2248.00;47
5817;58;628960873;5817;202;6562;6608;9.21;0.56;232.18;5.89;745;58;2249.00;46
5821;58;628960885;5821;205;6565;6614;9.32;0.57;232.17;5.89;744;58;2250.00;49
5827;58;628960903;5827;212;6566;6614;9.39;0.57;232.15;5.89;739;58;2251.00;48
5830;58;628960920;5830;219;6566;6614;9.46;0.58;232.19;5.89;736;58;2252.00;48
5832;58;628960932;5832;216;6567;6615;9.47;0.58;232.23;5.89;735;58;2253.00;48
5838;58;628960944;5838;222;6569;6616;9.51;0.58;232.35;5.89;731;58;2254.00;47
5841;58;628960954;5841;222;6569;6616;9.54;0.58;232.32;5.89;728;58;2255.00;47
5843;58;628960965;5843;226;6580;6629;9.69;0.59;232.35;5.88;737;58;2256.00;49
5845;58;628960977;5845;217;6580;6629;9.74;0.59;232.37;5.88;735;58;2257.00;49
5847;58;628960988;5847;211;6580;6629;9.81;0.60;232.37;5.88;733;58;2258.00;49
5852;58;628960999;5852;207;6581;6630;9.82;0.60;232.46;5.87;729;58;2259.00;49
5854;58;628961012;5854;203;6581;6630;9.85;0.60;232.49;5.87;727;58;2260.00;49
5856;58;628961023;5856;199;6584;6634;9.89;0.60;232.52;5.87;728;58;2261.00;50
5859;58;628961035;5859;199;6585;6634;9.97;0.61;232.65;5.87;726;58;2262.00;49
5864;58;628961046;5864;197;6588;6638;9.96;0.61;232.69;5.87;724;58;2263.00;50
5865;58;628961057;5865;197;6588;6638;9.97;0.61;232.73;5.87;723;58;2264.00;50
5872;58;628961074;5872;204;6588;6638;9.94;0.61;232.81;5.87;716;58;2265.00;50
5875;58;628961086;5875;186;6588;6638;9.98;0.61;232.92;5.87;713;58;2266.00;50
5880;58;628961098;5880;171;6588;6638;10.05;0.61;232.95;5.87;708;58;2267.00;50
5882;58;628961110;5882;161;6597;6650;10.11;0.61;232.99;5.86;715;58;2268.00;53
5885;58;628961122;5885;155;6597;6650;10.24;0.62;233.02;5.86;712;58;2269.00;53
5888;58;628961133;5888;153;6599;6650;10.45;0.63;233.00;5.86;711;58;2270.00;51
5889;58;628961145;5889;145;6599;6650;10.57;0.64;233.03;5.86;710;58;2271.00;51
5892;58;628961156;5892;146;6599;6650;10.72;0.65;233.11;5.86;707;58;2272.00;51
5892;58;628961168;5892;136;6600;6650;10.87;0.66;233.11;5.95;708;58;2273.00;50
5897;58;628961180;5897;131;6600;6651;10.96;0.67;233.16;5.95;703;58;2274.00;51
5899;58;628961192;5899;126;6600;6651;11.11;0.68;233.17;5.95;701;58;2275.00;51
5903;58;628961204;5903;122;6604;6657;11.15;0.68;233.15;5.95;701;58;2276.00;53
5906;58;628961216;5906;113;6605;6658;11.18;0.68;233.22;5.95;699;58;2277.00;53
5909;58;628961228;5909;109;6606;6658;11.21;0.68;233.23;5.95;697;58;2278.00;52
5910;58;628961247;5910;106;6606;6658;11.31;0.69;233.28;5.95;696;58;2279.00;52
5912;58;628961259;5912;108;6610;6663;11.34;0.69;233.36;5.94;698;58;2280.00;53
5914;58;628961271;5914;111;6610;6663;11.41;0.70;233.37;5.94;696;58;2281.00;53
5919;58;628961282;5919;108;6610;6663;11.52;0.70;233.49;5.94;691;58;2282.00;53
5921;58;628961294;5921;107;6611;6664;11.57;0.71;233.45;5.94;690;58;2283.00;53
5926;58;628961305;5926;103;6614;6668;11.56;0.71;233.50;5.94;688;58;2284.00;54
5928;58;628961318;5928;103;6614;6668;11.64;0.71;233.55;5.94;686;58;2285.00;54
5931;58;628961330;5931;106;6616;6671;11.70;0.71;233.55;5.94;685;58;2286.00;55
5935;58;628961341;5935;110;6616;6671;11.70;0.71;233.54;5.94;681;58;2287.00;55
5937;58;628961352;5937;113;6617;6671;11.66;0.71;233.53;5.94;680;58;2288.00;54
5940;58;628961367;5940;116;6617;6671;11.65;0.71;233.52;5.94;677;58;2289.00;54
5943;58;628961383;5943;120;6620;6675;11.69;0.71;233.47;5.93;677;58;2290.00;55
5945;58;628961394;5945;121;6620;6675;11.69;0.71;233.48;5.93;675;58;2291.00;55
5952;58;628961405;5952;123;6621;6675;11.79;0.72;233.46;5.93;669;58;2292.00;54
5953;58;628961416;5953;122;6621;6675;11.81;0.72;233.47;5.93;668;58;2293.00;54
5956;58;628961425;5956;127;6621;6676;11.83;0.72;233.43;5.93;665;58;2294.00;55
5960;58;628961436;5960;131;6623;6678;11.78;0.72;233.39;5.93;663;58;2295.00;55
5961;58;628961446;5961;133;6623;6678;11.78;0.72;233.48;5.93;662;58;2296.00;55
5964;58;628961455;5964;133;6624;6679;11.74;0.71;233.52;5.93;660;58;2297.00;55
5966;58;628961465;5966;135;6624;6679;11.74;0.72;233.50;5.93;658;58;2298.00;55
5969;58;628961474;5969;135;6624;6679;11.72;0.71;233.48;5.93;655;58;2299.00;55
5973;58;628961485;5973;134;6624;6679;11.67;0.71;233.51;5.93;651;58;2300.00;55
5977;58;628961498;5977;132;6624;6679;11.63;0.71;233.58;5.93;647;58;2301.00;55
5979;58;628961507;5979;129;6624;6679;11.62;0.71;233.56;5.93;645;58;2302.00;55
5982;58;628961516;5982;129;6624;6679;11.72;0.71;233.59;5.93;642;58;2303.00;55
5984;58;628961525;5984;157;6697;6806;11.30;0.70;233.63;5.87;713;58;2304.00;109
5990;58;628961544;5990;145;6697;6807;11.31;0.69;233.59;5.87;707;58;2305.00;110
5996;58;628961554;5996;137;6704;6807;11.40;0.70;233.58;5.86;708;58;2306.00;103
5999;58;628961564;5999;136;6708;6807;11.62;0.71;233.64;5.86;709;58;2307.00;99
6002;58;628961573;6002;135;6713;6807;11.69;0.71;233.62;5.86;711;58;2308.00;94
6009;58;628961582;6009;133;6717;6807;11.75;0.72;233.65;5.86;708;58;2309.00;90
6011;58;628961594;6011;131;6721;6807;11.80;0.72;233.61;5.86;710;58;2310.00;86
6015;58;628961604;6015;129;6723;6807;11.86;0.72;233.63;5.86;708;58;2311.00;84
6018;58;628961614;6018;124;6729;6808;11.92;0.73;233.64;5.95;711;58;2312.00;79
6022;58;628961635;6022;121;6732;6809;11.87;0.72;233.61;5.95;710;58;2313.00;77
6025;58;628961645;6025;122;6736;6809;11.83;0.72;233.57;5.95;711;58;2314.00;73
6029;58;628961654;6029;128;6738;6810;11.74;0.72;233.49;5.96;709;58;2315.00;72
6030;58;628961665;6030;128;6741;6810;11.59;0.71;233.49;5.97;711;58;2316.00;69
6033;58;628961675;6033;127;6742;6810;11.52;0.70;233.42;5.97;709;58;2317.00;68
6035;58;628961685;6035;130;6744;6810;11.51;0.70;233.44;5.97;709;58;2318.00;66
6039;58;628961694;6039;130;6746;6814;11.42;0.70;233.36;5.97;707;58;2319.00;68
6041;58;628961704;6041;126;6748;6814;11.33;0.69;233.35;5.98;707;58;2320.00;66
6043;59;628961713;6043;135;6748;6814;11.26;0.69;233.30;5.98;705;59;2321.00;66
6046;59;628961740;6046;134;6751;6817;11.23;0.68;233.25;5.97;705;59;2322.00;66
6047;59;628961751;6047;138;6751;6817;11.17;0.68;233.23;5.97;704;59;2323.00;66
6048;59;628961767;6048;141;6752;6817;11.08;0.67;233.21;5.97;704;59;2324.00;65
6052;59;628961776;6052;148;6755;6821;10.98;0.67;233.24;5.97;703;59;2325.00;66
6053;59;628961786;6053;151;6757;6822;10.91;0.66;233.21;5.97;704;59;2326.00;65
6054;59;628961796;6054;157;6758;6822;10.89;0.66;233.21;5.97;704;59;2327.00;64
6056;59;628961805;6056;160;6761;6826;10.82;0.66;233.17;6.06;705;59;2328.00;65
6060;59;628961815;6060;165;6761;6826;10.68;0.65;233.09;6.06;701;59;2329.00;65
6063;59;628961830;6063;168;6762;6826;10.49;0.64;233.06;6.06;699;59;2330.00;64
6064;59;628961839;6064;176;6763;6827;10.45;0.64;233.05;6.06;699;59;2331.00;64
6066;59;628961849;6066;182;6763;6827;10.39;0.63;232.98;6.06;697;59;2332.00;64
6068;59;628961858;6068;188;6767;6833;10.29;0.63;232.96;6.05;699;59;2333.00;66
6070;59;628961868;6070;192;6767;6833;10.22;0.62;232.92;6.05;697;59;2334.00;66
6070;59;628961877;6070;197;6768;6834;10.24;0.63;232.92;6.05;698;59;2335.00;66
6072;59;628961886;6072;205;6769;6834;10.20;0.62;232.88;6.07;697;59;2336.00;65
6074;59;628961895;6074;212;6769;6834;10.10;0.61;232.86;6.07;695;59;2337.00;65
6075;59;628961904;6075;220;6769;6834;9.95;0.61;232.85;6.07;694;59;2338.00;65
6077;59;628961913;6077;229;6770;6834;9.77;0.59;232.85;6.08;693;59;2339.00;64
6078;59;628961923;6078;240;6792;6870;9.68;0.59;232.84;6.07;714;59;2340.00;78
6079;59;628961934;6079;246;6794;6870;9.55;0.58;232.83;6.08;715;59;2341.00;76
6081;59;628961943;6081;256;6797;6870;9.49;0.58;232.81;6.09;716;59;2342.00;73
6082;59;628961952;6082;261;6801;6870;9.37;0.57;232.81;6.10;719;59;2343.00;69
6082;59;628961961;6082;267;6802;6870;9.25;0.57;232.81;6.10;720;59;2344.00;68
6088;59;628961970;6088;276;6805;6870;9.08;0.55;232.77;6.11;717;59;2345.00;65
6089;59;628961979;6089;276;6809;6874;9.02;0.55;232.76;6.11;720;59;2346.00;65
6089;59;628961988;6089;266;6810;6874;8.97;0.55;232.76;6.11;721;59;2347.00;64
6090;59;628961996;6090;261;6814;6878;8.94;0.55;232.75;6.12;724;59;2348.00;64
6091;59;628962005;6091;258;6817;6879;8.93;0.55;232.71;6.12;726;59;2349.00;62
6093;59;628962014;6093;257;6818;6879;8.92;0.54;232.71;6.12;725;59;2350.00;61
6094;59;628962023;6094;254;6819;6879;8.85;0.54;232.69;6.13;725;59;2351.00;60
6096;59;628962032;6096;252;6831;6892;8.71;0.53;232.66;6.13;735;59;2352.00;61
6096;59;628962042;6096;252;6832;6892;8.66;0.53;232.66;6.13;736;59;2353.00;60
6098;59;628962057;6098;250;6833;6892;8.62;0.53;232.64;6.14;735;59;2354.00;59
6099;59;628962065;6099;246;6834;6893;8.60;0.53;232.63;6.13;735;59;2355.00;59
6100;59;628962079;6100;248;6836;6894;8.59;0.53;232.64;6.14;736;59;2356.00;58
6101;59;628962101;6101;253;6836;6894;8.51;0.52;232.63;6.14;735;59;2357.00;58
6103;59;628962116;6103;260;6841;6897;8.38;0.51;232.59;6.15;738;59;2358.00;56
6105;59;628962125;6105;255;6841;6897;8.34;0.51;232.54;6.15;736;59;2359.00;56
6106;59;628962134;6106;260;6844;6897;8.28;0.51;232.53;6.17;738;59;2360.00;53
6108;59;628962142;6108;263;6844;6897;8.27;0.50;232.52;6.17;736;59;2361.00;53
6109;59;628962151;6109;259;6850;6903;8.28;0.51;232.50;6.17;741;59;2362.00;53
6109;59;628962161;6109;260;6850;6903;8.22;0.50;232.50;6.17;741;59;2363.00;53
6109;59;628962170;6109;257;6852;6903;8.14;0.50;232.50;6.18;743;59;2364.00;51
6111;59;628962178;6111;256;6852;6903;8.11;0.49;232.48;6.18;741;59;2365.00;51
6112;59;628962187;6112;256;6855;6907;8.05;0.49;232.46;6.17;743;59;2366.00;52
6116;59;628962197;6116;254;6859;6908;8.01;0.49;232.40;6.18;743;59;2367.00;49
6120;59;628962206;6120;257;6859;6908;7.95;0.48;232.37;6.18;739;59;2368.00;49
6122;59;628962220;6122;261;6861;6909;7.92;0.48;232.35;6.19;739;59;2369.00;48
6124;59;628962231;6124;261;6861;6909;8.01;0.49;232.32;6.19;737;59;2370.00;48
6125;59;628962241;6125;261;6864;6909;8.04;0.49;232.30;6.19;739;59;2371.00;45
6126;59;628962250;6126;258;6864;6909;8.11;0.50;232.29;6.19;738;59;2372.00;45
6131;59;628962259;6131;256;6864;6909;8.06;0.49;232.28;6.19;733;59;2373.00;45
6134;59;628962269;6134;254;6864;6909;8.10;0.50;232.34;6.19;730;59;2374.00;45
6136;59;628962277;6136;251;6864;6909;8.10;0.50;232.39;6.19;728;59;2375.00;45
6140;59;628962286;6140;254;6908;6979;8.25;0.51;232.38;6.15;768;59;2376.00;71
6143;59;628962301;6143;246;6909;6980;8.24;0.51;232.38;6.15;766;59;2377.00;71
6149;59;628962312;6149;240;6917;6980;8.20;0.50;232.52;6.14;768;59;2378.00;63
6153;59;628962321;6153;238;6920;6980;8.07;0.50;232.56;6.14;767;59;2379.00;60
6156;59;628962333;6156;229;6925;6980;8.02;0.49;232.61;6.14;769;59;2380.00;55
6161;59;628962347;6161;224;6927;6980;7.94;0.49;232.64;6.14;766;59;2381.00;53
6165;59;628962360;6165;228;6931;6980;7.95;0.49;232.64;6.14;766;59;2382.00;49
6169;59;628962375;6169;229;6932;6980;7.93;0.49;232.65;6.14;763;59;2383.00;48
6171;59;628962389;6171;233;6935;6981;8.01;0.49;232.64;6.14;764;59;2384.00;46
6176;59;628962402;6176;233;6937;6983;7.97;0.49;232.67;6.14;761;59;2385.00;46
6180;59;628962419;6180;238;6937;6983;8.01;0.49;232.68;6.14;757;59;2386.00;46
6181;59;628962431;6181;230;6941;6987;8.04;0.49;232.71;6.14;760;59;2387.00;46
6185;59;628962443;6185;224;6941;6987;8.08;0.50;232.76;6.14;756;59;2388.00;46
6188;59;628962454;6188;225;6941;6987;8.18;0.50;232.73;6.14;753;59;2389.00;46
6191;59;628962465;6191;223;6941;6987;8.24;0.51;232.77;6.14;750;59;2390.00;46
6195;59;628962475;6195;225;6946;6993;8.38;0.52;232.77;6.13;751;59;2391.00;47
6200;59;628962486;6200;225;6947;6993;8.41;0.52;232.76;6.13;747;59;2392.00;46
6206;59;628962497;6206;222;6947;6993;8.43;0.52;232.76;6.13;741;59;2393.00;46
6210;59;628962509;6210;225;6949;6996;8.53;0.52;232.72;6.13;739;59;2394.00;47
6213;59;628962520;6213;225;6949;6996;8.56;0.53;232.74;6.13;736;59;2395.00;47
6216;59;628962530;6216;224;6950;6996;8.64;0.53;232.80;6.13;734;59;2396.00;46
6223;59;628962540;6223;219;6951;6997;8.61;0.53;232.86;6.13;728;59;2397.00;46
6225;59;628962551;6225;215;6952;6998;8.71;0.53;232.79;6.13;727;59;2398.00;46
6230;59;628962561;6230;206;6952;6998;8.66;0.53;232.83;6.13;722;59;2399.00;46
6236;59;628962573;6236;205;6978;7057;8.60;0.53;232.87;6.11;742;59;2400.00;79
6241;59;628962594;6241;196;6980;7057;8.60;0.53;232.90;6.10;739;59;2401.00;77
6248;60;628962606;6248;193;6982;7057;8.55;0.53;232.94;6.10;734;60;2402.00;75
6255;60;628962633;6255;186;6983;7058;8.64;0.53;232.96;6.10;728;60;2403.00;75
6259;60;628962645;6259;187;6985;7058;8.75;0.54;232.97;6.10;726;60;2404.00;73
6263;60;628962656;6263;186;6987;7062;8.89;0.54;232.96;6.10;724;60;2405.00;75
6269;60;628962668;6269;183;6989;7062;8.86;0.54;232.98;6.10;720;60;2406.00;73
6274;60;628962680;6274;186;6995;7066;8.91;0.55;232.98;6.18;721;60;2407.00;71
6277;60;628962692;6277;188;6996;7066;9.00;0.55;233.01;6.18;719;60;2408.00;70
6281;60;628962703;6281;186;6996;7066;9.01;0.55;233.01;6.18;715;60;2409.00;70
6284;60;628962714;6284;191;6997;7066;9.09;0.56;233.04;6.18;713;60;2410.00;69
6287;60;628962727;6287;189;6998;7066;9.12;0.56;233.15;6.18;711;60;2411.00;68
6291;60;628962738;6291;187;7007;7078;9.19;0.56;233.17;6.18;716;60;2412.00;71
6295;60;628962750;6295;186;7008;7078;9.24;0.56;233.23;6.18;713;60;2413.00;70
6300;60;628962761;6300;191;7009;7078;9.30;0.57;233.26;6.18;709;60;2414.00;69
6301;60;628962772;6301;194;7009;7078;9.42;0.58;233.25;6.18;708;60;2415.00;69
6305;60;628962782;6305;200;7010;7078;9.46;0.58;233.24;6.18;705;60;2416.00;68
6310;60;628962793;6310;206;7010;7078;9.47;0.58;233.27;6.18;700;60;2417.00;68
6311;60;628962804;6311;213;7010;7079;9.52;0.58;233.27;6.18;699;60;2418.00;69
6316;60;628962815;6316;219;7011;7079;9.50;0.58;233.26;6.18;695;60;2419.00;68
6319;60;628962826;6319;226;7016;7085;9.47;0.58;233.33;6.18;697;60;2420.00;69
6323;60;628962838;6323;229;7017;7086;9.49;0.58;233.35;6.18;694;60;2421.00;69
6329;60;628962848;6329;234;7018;7086;9.49;0.58;233.34;6.18;689;60;2422.00;68
6330;60;628962860;6330;233;7018;7086;9.48;0.58;233.37;6.18;688;60;2423.00;68
6333;60;628962870;6333;235;7020;7090;9.50;0.58;233.40;6.18;687;60;2424.00;70
6337;60;628962881;6337;242;7021;7090;9.48;0.58;233.45;6.18;684;60;2425.00;69
6342;60;628962893;6342;237;7021;7090;9.43;0.57;233.50;6.18;679;60;2426.00;69
6346;60;628962903;6346;232;7024;7091;9.31;0.57;233.54;6.19;678;60;2427.00;67
6347;60;628962913;6347;227;7028;7095;9.23;0.56;233.57;6.19;681;60;2428.00;67
6351;60;628962924;6351;221;7029;7095;9.18;0.56;233.59;6.19;678;60;2429.00;66
6352;60;628962936;6352;222;7033;7101;9.17;0.56;233.60;6.19;681;60;2430.00;68
6355;60;628962946;6355;224;7034;7101;9.16;0.56;233.64;6.19;679;60;2431.00;67
6357;60;628962957;6357;226;7035;7101;9.18;0.56;233.65;6.28;678;60;2432.00;66
6361;60;628962968;6361;224;7036;7101;9.19;0.56;233.67;6.28;675;60;2433.00;65
6363;60;628962978;6363;223;7040;7105;9.20;0.56;233.70;6.28;677;60;2434.00;65
6367;60;628962989;6367;224;7040;7105;9.21;0.56;233.85;6.28;673;60;2435.00;65
6371;60;628962999;6371;204;7041;7105;9.23;0.56;233.85;6.28;670;60;2436.00;64
6375;60;628963010;6375;188;7041;7105;9.27;0.56;233.89;6.28;666;60;2437.00;64
6378;60;628963020;6378;174;7042;7106;9.33;0.57;233.90;6.28;664;60;2438.00;64
6382;60;628963030;6382;165;7043;7107;9.36;0.57;233.93;6.28;661;60;2439.00;64
6383;60;628963046;6383;164;7045;7107;9.44;0.57;233.96;6.28;662;60;2440.00;62
6385;60;628963062;6385;154;7046;7108;9.50;0.58;234.00;6.28;661;60;2441.00;62
6385;60;628963073;6385;151;7046;7108;9.54;0.58;234.00;6.28;661;60;2442.00;62
6390;60;628963084;6390;149;7046;7108;9.60;0.58;234.03;6.28;656;60;2443.00;62
6392;60;628963095;6392;147;7046;7108;9.78;0.59;234.07;6.28;654;60;2444.00;62
6396;60;628963105;6396;148;7046;7108;9.92;0.60;234.02;6.28;650;60;2445.00;62
6398;60;628963115;6398;137;7047;7108;10.02;0.61;234.07;6.29;649;60;2446.00;61
6402;60;628963125;6402;134;7047;7108;10.14;0.62;234.09;6.29;645;60;2447.00;61
6404;60;628963136;6404;151;7109;7235;10.33;0.64;234.06;6.23;705;60;2448.00;126
6410;60;628963155;6410;140;7114;7236;10.36;0.64;234.10;6.32;704;60;2449.00;122
6413;60;628963166;6413;136;7121;7236;10.52;0.65;234.10;6.32;708;60;2450.00;115
6414;60;628963177;6414;131;7124;7236;10.64;0.65;234.10;6.32;710;60;2451.00;112
6418;60;628963187;6418;128;7128;7236;10.69;0.66;234.11;6.32;710;60;2452.00;108
6422;60;628963202;6422;131;7130;7236;10.76;0.66;234.21;6.32;708;60;2453.00;106
6425;60;628963213;6425;128;7133;7236;10.73;0.66;234.22;6.32;708;60;2454.00;103
6428;60;628963223;6428;135;7135;7236;10.66;0.65;234.23;6.32;707;60;2455.00;101
6430;60;628963233;6430;136;7140;7237;10.63;0.65;234.21;6.32;710;60;2456.00;97
6432;60;628963243;6432;137;7142;7238;10.60;0.65;234.26;6.32;710;60;2457.00;96
6434;60;628963254;6434;143;7146;7238;10.56;0.64;234.38;6.33;712;60;2458.00;92
6435;60;628963264;6435;152;7149;7239;10.51;0.64;234.41;6.33;714;60;2459.00;90
6435;60;628963276;6435;155;7151;7239;10.51;0.64;234.41;6.34;716;60;2460.00;88
6437;60;628963287;6437;162;7153;7239;10.52;0.64;234.45;6.34;716;60;2461.00;86
6438;60;628963296;6438;165;7156;7239;10.55;0.65;234.47;6.34;718;60;2462.00;83
6438;60;628963306;6438;177;7159;7243;10.56;0.65;234.47;6.34;721;60;2463.00;84
6439;60;628963316;6439;185;7164;7243;10.45;0.64;234.45;6.35;725;60;2464.00;79
6441;60;628963338;6441;193;7168;7243;10.45;0.64;234.44;6.36;727;60;2465.00;75
6443;60;628963355;6443;192;7171;7246;10.46;0.64;234.41;6.36;728;60;2466.00;75
6444;60;628963364;6444;200;7172;7246;10.44;0.64;234.40;6.36;728;60;2467.00;74
6446;60;628963374;6446;198;7172;7246;10.41;0.64;234.37;6.36;726;60;2468.00;74
6448;60;628963383;6448;199;7179;7250;10.35;0.63;234.34;6.47;731;60;2469.00;71
6452;60;628963397;6452;198;7180;7251;10.24;0.63;234.27;6.47;728;60;2470.00;71
6454;60;628963407;6454;193;7182;7251;10.24;0.63;234.23;6.47;728;60;2471.00;69
6454;60;628963416;6454;189;7184;7255;10.21;0.62;234.23;6.47;730;60;2472.00;71
6458;60;628963431;6458;195;7185;7255;10.18;0.62;234.16;6.47;727;60;2473.00;70
6462;60;628963440;6462;199;7185;7255;10.17;0.62;234.14;6.47;723;60;2474.00;70
6464;60;628963450;6464;199;7187;7257;10.21;0.62;234.22;6.47;723;60;2475.00;70
6469;60;628963459;6469;195;7187;7257;10.23;0.62;234.17;6.47;718;60;2476.00;70
6470;60;628963469;6470;198;7191;7263;10.29;0.63;234.16;6.46;721;60;2477.00;72
6472;60;628963484;6472;196;7192;7263;10.34;0.63;234.15;6.46;720;60;2478.00;71
6474;60;628963493;6474;194;7192;7264;10.43;0.64;234.13;6.46;718;60;2479.00;72
6477;60;628963502;6477;195;7192;7264;10.41;0.64;234.11;6.46;715;60;2480.00;72
6481;60;628963511;6481;195;7192;7264;10.42;0.63;234.04;6.46;711;60;2481.00;72
6484;60;628963525;6484;186;7192;7264;10.44;0.64;233.99;6.46;708;60;2482.00;72
6486;60;628963534;6486;181;7192;7264;10.37;0.63;233.95;6.46;706;60;2483.00;72
6487;60;628963542;6487;183;7203;7276;10.39;0.63;233.93;6.55;716;60;2484.00;73
6491;60;628963552;6491;180;7205;7276;10.34;0.63;233.90;6.56;714;60;2485.00;71
6494;60;628963562;6494;171;7206;7276;10.31;0.63;233.92;6.56;712;60;2486.00;70
6497;60;628963571;6497;175;7207;7276;10.30;0.63;233.84;6.66;710;60;2487.00;69
6497;60;628963580;6497;184;7207;7276;10.41;0.63;233.84;6.66;710;60;2488.00;69
6499;60;628963589;6499;184;7207;7276;10.47;0.64;233.92;6.66;708;60;2489.00;69
6502;60;628963600;6502;187;7211;7280;10.48;0.64;233.92;6.75;709;60;2490.00;69
6505;60;628963610;6505;182;7211;7280;10.47;0.63;233.88;6.75;706;60;2491.00;69
6505;60;628963620;6505;182;7214;7284;10.53;0.64;233.88;6.75;709;60;2492.00;70
6505;60;628963630;6505;181;7216;7285;10.59;0.64;233.88;6.75;711;60;2493.00;69
6507;60;628963639;6507;184;7217;7285;10.59;0.64;233.88;6.84;710;60;2494.00;68
6508;60;628963648;6508;192;7217;7285;10.58;0.64;233.89;6.84;709;60;2495.00;68
6511;60;628963657;6511;192;7227;7298;10.51;0.64;233.83;6.85;716;60;2496.00;71
6512;60;628963668;6512;193;7227;7298;10.48;0.64;233.85;6.85;715;60;2497.00;71
6514;60;628963677;6514;197;7227;7298;10.44;0.63;233.80;6.85;713;60;2498.00;71
6516;60;628963686;6516;188;7228;7299;10.39;0.63;233.93;6.84;712;60;2499.00;71
6519;60;628963697;6519;181;7228;7300;10.33;0.63;233.87;6.84;709;60;2500.00;72
6522;60;628963710;6522;179;7228;7300;10.27;0.62;233.80;6.84;706;60;2501.00;72
6522;60;628963720;6522;175;7231;7303;10.26;0.62;233.80;6.86;709;60;2502.00;72
6526;60;628963729;6526;169;7232;7303;10.22;0.62;233.76;6.85;706;60;2503.00;71
6526;60;628963744;6526;167;7232;7303;10.26;0.62;233.76;6.85;706;60;2504.00;71
6526;60;628963753;6526;162;7232;7303;10.28;0.62;233.76;6.85;706;60;2505.00;71
6527;60;628963764;6527;163;7236;7309;10.33;0.62;233.75;6.85;709;60;2506.00;73
6529;60;628963774;6529;162;7237;7309;10.29;0.62;233.75;6.85;708;60;2507.00;72
6529;60;628963789;6529;159;7239;7309;10.28;0.62;233.75;6.87;710;60;2508.00;70
6530;60;628963804;6530;161;7239;7309;10.15;0.61;233.74;6.87;709;60;2509.00;70
6534;60;628963814;6534;167;7243;7313;9.97;0.60;233.85;6.88;709;60;2510.00;70
6535;60;628963829;6535;166;7245;7314;9.89;0.60;233.82;6.88;710;60;2511.00;69
6535;60;628963840;6535;171;7248;7314;9.96;0.60;233.82;6.91;713;60;2512.00;66
6536;60;628963849;6536;173;7250;7315;9.96;0.60;233.83;6.92;714;60;2513.00;65
6536;60;628963859;6536;175;7254;7315;9.91;0.60;233.83;6.95;718;60;2514.00;61
6537;60;628963868;6537;180;7254;7315;9.92;0.60;233.84;6.95;717;60;2515.00;61
6537;60;628963878;6537;186;7256;7315;9.90;0.60;233.84;6.96;719;60;2516.00;59
6537;60;628963888;6537;193;7258;7315;9.85;0.60;233.84;6.98;721;60;2517.00;57
6538;60;628963902;6538;200;7258;7315;9.81;0.60;233.86;6.98;720;60;2518.00;57
6540;60;628963912;6540;199;7258;7315;9.79;0.60;233.88;6.98;718;60;2519.00;57
6542;60;628963923;6542;214;7317;7440;9.84;0.61;233.97;6.94;775;60;2520.00;123
6546;60;628963942;6546;205;7322;7441;9.76;0.60;233.98;6.94;776;60;2521.00;119
6549;60;628963952;6549;207;7333;7441;9.67;0.59;234.11;6.94;784;60;2522.00;108
6550;60;628963962;6550;210;7342;7441;9.68;0.60;234.14;6.94;792;60;2523.00;99
6554;60;628963972;6554;208;7348;7441;9.60;0.59;234.16;6.94;794;60;2524.00;93
6557;60;628963982;6557;208;7354;7441;9.50;0.58;234.15;6.94;797;60;2525.00;87
6560;60;628963992;6560;210;7358;7441;9.36;0.57;234.24;6.94;798;60;2526.00;83
6562;60;628964001;6562;217;7360;7441;9.30;0.57;234.30;6.95;798;60;2527.00;81
6566;60;628964011;6566;220;7364;7442;9.28;0.57;234.29;6.96;798;60;2528.00;78
6569;60;628964021;6569;221;7368;7443;9.23;0.57;234.25;6.96;799;60;2529.00;75
6573;60;628964031;6573;219;7371;7443;9.12;0.56;234.20;6.97;798;60;2530.00;72
6577;60;628964041;6577;220;7378;7447;8.99;0.55;234.14;6.97;801;60;2531.00;69
6581;60;628964052;6581;221;7379;7447;8.89;0.54;234.13;6.97;798;60;2532.00;68
6582;60;628964062;6582;224;7382;7447;8.84;0.54;234.13;6.98;800;60;2533.00;65
6584;60;628964077;6584;220;7383;7447;8.78;0.54;234.13;6.98;799;60;2534.00;64
6586;60;628964088;6586;216;7388;7453;8.85;0.54;234.10;6.98;802;60;2535.00;65
6587;60;628964099;6587;220;7389;7453;8.85;0.54;234.11;6.98;802;60;2536.00;64
6589;60;628964116;6589;231;7391;7455;8.85;0.54;234.11;6.98;802;60;2537.00;64
6593;61;628964127;6593;234;7393;7458;8.85;0.54;234.07;6.98;800;61;2538.00;65
6595;61;628964144;6595;239;7394;7458;8.87;0.54;234.09;6.98;799;61;2539.00;64
6597;61;628964159;6597;240;7395;7458;8.82;0.54;234.15;6.99;798;61;2540.00;63
6601;61;628964169;6601;245;7396;7459;8.72;0.53;234.11;6.99;795;61;2541.00;63
6605;61;628964180;6605;254;7399;7460;8.56;0.52;234.11;7.00;794;61;2542.00;61
6609;61;628964190;6609;262;7401;7460;8.42;0.51;234.08;7.00;792;61;2543.00;59
6616;61;628964200;6616;264;7411;7473;8.30;0.51;234.10;6.99;795;61;2544.00;62
6619;61;628964212;6619;274;7413;7473;8.31;0.51;234.11;6.99;794;61;2545.00;60
6624;61;628964222;6624;274;7414;7473;8.23;0.50;234.19;6.99;790;61;2546.00;59
6629;61;628964233;6629;280;7416;7474;8.17;0.50;234.21;6.99;787;61;2547.00;58
6633;61;628964243;6633;280;7417;7474;8.11;0.50;234.22;6.99;784;61;2548.00;57
6636;61;628964254;6636;278;7421;7478;8.06;0.49;234.28;6.99;785;61;2549.00;57
6641;61;628964266;6641;273;7423;7481;7.93;0.49;234.30;6.99;782;61;2550.00;58
6644;61;628964277;6644;268;7428;7485;7.75;0.48;234.32;6.98;784;61;2551.00;57
6646;61;628964287;6646;258;7429;7485;7.74;0.48;234.33;6.98;783;61;2552.00;56
6651;61;628964297;6651;257;7429;7485;7.77;0.48;234.35;6.98;778;61;2553.00;56
6656;61;628964307;6656;250;7430;7485;7.79;0.48;234.37;6.98;774;61;2554.00;55
6658;61;628964317;6658;244;7430;7485;7.88;0.48;234.41;6.98;772;61;2555.00;55
6664;61;628964327;6664;247;7441;7497;7.94;0.49;234.48;6.97;777;61;2556.00;56
6665;61;628964345;6665;248;7441;7497;8.04;0.50;234.50;6.97;776;61;2557.00;56
6669;61;628964359;6669;242;7442;7497;8.15;0.50;234.54;6.97;773;61;2558.00;55
6673;61;628964372;6673;233;7442;7497;8.23;0.51;234.62;6.97;769;61;2559.00;55
6675;61;628964388;6675;231;7442;7497;8.33;0.51;234.58;6.97;767;61;2560.00;55
6682;61;628964402;6682;222;7442;7497;8.34;0.52;234.72;6.97;760;61;2561.00;55
6686;61;628964416;6686;226;7443;7498;8.41;0.52;234.77;6.97;757;61;2562.00;55
6689;61;628964429;6689;226;7443;7498;8.51;0.53;234.81;6.97;754;61;2563.00;55
6694;61;628964440;6694;224;7447;7504;8.64;0.53;234.91;6.97;753;61;2564.00;57
6696;61;628964458;6696;215;7450;7506;8.77;0.54;234.90;6.96;754;61;2565.00;56
6700;61;628964469;6700;211;7450;7506;8.85;0.55;234.89;6.96;750;61;2566.00;56
6707;61;628964481;6707;210;7450;7506;8.84;0.55;234.95;6.96;743;61;2567.00;56
6710;61;628964492;6710;211;7454;7510;8.90;0.55;234.93;6.96;744;61;2568.00;56
6715;61;628964503;6715;208;7454;7510;8.97;0.56;234.89;6.96;739;61;2569.00;56
6719;61;628964513;6719;210;7454;7510;9.08;0.56;234.88;6.96;735;61;2570.00;56
6725;61;628964524;6725;206;7455;7511;9.12;0.56;234.98;6.96;730;61;2571.00;56
6729;61;628964535;6729;199;7458;7515;9.15;0.56;234.96;6.96;729;61;2572.00;57
6733;61;628964546;6733;189;7458;7515;9.24;0.57;235.04;6.96;725;61;2573.00;57
6738;61;628964557;6738;185;7460;7518;9.33;0.57;235.03;6.96;722;61;2574.00;58
6742;61;628964569;6742;185;7461;7518;9.41;0.58;235.06;6.95;719;61;2575.00;57
6746;61;628964580;6746;180;7461;7518;9.54;0.59;235.05;6.95;715;61;2576.00;57
6751;61;628964591;6751;178;7461;7518;9.65;0.59;235.09;6.95;710;61;2577.00;57
6756;61;628964602;6756;177;7464;7522;9.76;0.60;235.21;6.95;708;61;2578.00;58
6763;61;628964613;6763;178;7465;7522;9.83;0.60;235.22;6.95;702;61;2579.00;57
6769;61;628964625;6769;177;7465;7522;9.87;0.60;235.30;6.95;696;61;2580.00;57
6775;61;628964636;6775;178;7465;7522;9.84;0.60;235.30;6.95;690;61;2581.00;57
6779;61;628964647;6779;178;7466;7523;9.91;0.60;235.33;7.06;687;61;2582.00;57
6784;61;628964658;6784;179;7467;7524;9.88;0.60;235.37;7.05;683;61;2583.00;57
6789;61;628964669;6789;180;7467;7524;9.80;0.60;235.40;7.05;678;61;2584.00;57
6795;61;628964679;6795;184;7468;7525;9.73;0.59;235.41;7.05;673;61;2585.00;57
6801;61;628964690;6801;188;7468;7525;9.70;0.59;235.44;7.05;667;61;2586.00;57
6805;61;628964700;6805;197;7468;7525;9.63;0.59;235.48;7.05;663;61;2587.00;57
6811;61;628964710;6811;201;7468;7525;9.58;0.58;235.51;7.05;657;61;2588.00;57
6812;61;628964720;6812;205;7468;7525;9.50;0.58;235.48;7.05;656;61;2589.00;57
6820;61;628964730;6820;217;7468;7525;9.39;0.57;235.47;7.05;648;61;2590.00;57
6825;61;628964740;6825;221;7468;7525;9.27;0.56;235.53;7.05;643;61;2591.00;57
6827;61;628964749;6827;238;7535;7652;9.29;0.57;235.49;6.99;708;61;2592.00;117
6830;61;628964769;6830;236;7538;7653;9.16;0.57;235.55;6.99;708;61;2593.00;115
6832;61;628964779;6832;241;7545;7653;9.14;0.56;235.59;6.98;713;61;2594.00;108
6835;61;628964789;6835;242;7550;7653;9.10;0.56;235.52;6.98;715;61;2595.00;103
6837;61;628964799;6837;248;7554;7653;9.06;0.56;235.54;6.98;717;61;2596.00;99
6840;61;628964809;6840;238;7557;7653;9.07;0.56;235.56;6.98;717;61;2597.00;96
6842;61;628964819;6842;236;7560;7653;9.06;0.56;235.61;6.98;718;61;2598.00;93
6844;61;628964830;6844;238;7566;7653;9.09;0.56;235.61;6.98;722;61;2599.00;87
6846;62;628964841;6846;231;7572;7654;9.10;0.56;235.65;6.98;726;62;2600.00;82
6848;62;628964866;6848;231;7576;7655;9.17;0.56;235.62;6.98;728;62;2601.00;79
6850;62;628964877;6850;232;7577;7655;9.14;0.56;235.63;6.98;727;62;2602.00;78
6853;62;628964889;6853;233;7579;7656;9.04;0.55;235.64;6.98;726;62;2603.00;77
6856;62;628964905;6856;235;7581;7656;8.97;0.55;235.69;6.98;725;62;2604.00;75
6858;62;628964916;6858;237;7582;7656;8.92;0.55;235.66;6.98;724;62;2605.00;74
6862;62;628964934;6862;222;7583;7656;8.92;0.55;235.80;6.98;721;62;2606.00;73
6867;62;628964945;6867;213;7586;7660;8.92;0.54;235.80;6.98;719;62;2607.00;74
6868;62;628964956;6868;208;7587;7660;9.01;0.55;235.83;6.98;719;62;2608.00;73
6870;62;628964967;6870;205;7589;7660;9.09;0.55;235.79;6.99;719;62;2609.00;71
6871;62;628964979;6871;196;7592;7666;9.20;0.56;235.79;6.99;721;62;2610.00;74
6873;62;628964997;6873;194;7593;7666;9.29;0.57;235.77;6.99;720;62;2611.00;73
6876;62;628965008;6876;184;7594;7666;9.36;0.57;235.74;6.98;718;62;2612.00;72
6877;62;628965019;6877;174;7597;7670;9.39;0.57;235.73;6.98;720;62;2613.00;73
6878;62;628965031;6878;168;7599;7671;9.52;0.58;235.81;6.98;721;62;2614.00;72
6878;62;628965041;6878;170;7600;7671;9.54;0.58;235.81;6.98;722;62;2615.00;71
6880;62;628965051;6880;167;7603;7675;9.57;0.58;235.77;6.98;723;62;2616.00;72
6881;62;628965063;6881;168;7604;7675;9.60;0.58;235.77;6.98;723;62;2617.00;71
6884;62;628965073;6884;167;7604;7675;9.62;0.58;235.74;6.98;720;62;2618.00;71
6884;62;628965085;6884;170;7606;7676;9.74;0.59;235.74;6.98;722;62;2619.00;70
6885;62;628965095;6885;172;7606;7676;9.84;0.60;235.72;6.98;721;62;2620.00;70
6887;62;628965105;6887;176;7610;7682;9.87;0.60;235.69;6.98;723;62;2621.00;72
6887;62;628965116;6887;179;7610;7682;9.96;0.61;235.69;6.98;723;62;2622.00;72
6890;62;628965126;6890;184;7611;7683;9.97;0.61;235.74;6.97;721;62;2623.00;72
6893;62;628965137;6893;184;7611;7683;10.02;0.61;235.81;6.97;718;62;2624.00;72
6895;62;628965148;6895;188;7611;7683;9.98;0.61;235.78;6.97;716;62;2625.00;72
6896;62;628965157;6896;183;7611;7683;9.98;0.61;235.75;6.97;715;62;2626.00;72
6897;62;628965167;6897;183;7611;7683;9.96;0.61;235.74;6.97;714;62;2627.00;72
6901;62;628965177;6901;186;7621;7695;10.08;0.61;235.70;6.97;720;62;2628.00;74
6903;62;628965195;6903;191;7621;7695;10.18;0.62;235.67;6.97;718;62;2629.00;74
6905;62;628965205;6905;196;7622;7695;10.25;0.62;235.64;6.96;717;62;2630.00;73
6907;62;628965214;6907;200;7622;7695;10.32;0.63;235.61;6.96;715;62;2631.00;73
6908;62;628965224;6908;202;7622;7695;10.37;0.63;235.69;6.96;714;62;2632.00;73
6911;62;628965234;6911;203;7622;7695;10.33;0.63;235.65;6.96;711;62;2633.00;73
6914;62;628965250;6914;200;7625;7699;10.32;0.63;235.63;6.96;711;62;2634.00;74
6916;62;628965260;6916;200;7625;7699;10.36;0.63;235.58;6.96;709;62;2635.00;74
6918;62;628965271;6918;201;7628;7703;10.47;0.64;235.52;6.96;710;62;2636.00;75
6922;62;628965281;6922;203;7629;7704;10.46;0.64;235.51;6.96;707;62;2637.00;75
6925;62;628965291;6925;204;7630;7704;10.51;0.64;235.50;6.96;705;62;2638.00;74
6929;62;628965301;6929;205;7630;7704;10.52;0.64;235.46;6.96;701;62;2639.00;74
6931;62;628965312;6931;209;7650;7733;10.46;0.64;235.46;6.94;719;62;2640.00;83
6934;62;628965323;6934;208;7651;7733;10.43;0.63;235.43;6.94;717;62;2641.00;82
6934;62;628965335;6934;208;7654;7733;10.49;0.64;235.43;6.94;720;62;2642.00;79
6934;62;628965344;6934;211;7656;7734;10.49;0.64;235.43;6.94;722;62;2643.00;78
6936;62;628965353;6936;213;7656;7735;10.47;0.64;235.44;6.94;720;62;2644.00;79
6937;62;628965363;6937;216;7656;7735;10.47;0.64;235.46;6.94;719;62;2645.00;79
6938;62;628965372;6938;220;7659;7738;10.52;0.64;235.45;6.93;721;62;2646.00;79
6940;62;628965381;6940;224;7659;7738;10.49;0.64;235.54;6.93;719;62;2647.00;79
6942;62;628965390;6942;221;7659;7738;10.43;0.64;235.52;6.93;717;62;2648.00;79
6945;62;628965399;6945;219;7659;7738;10.28;0.63;235.51;6.93;714;62;2649.00;79
6946;62;628965408;6946;217;7663;7744;10.19;0.62;235.50;6.93;717;62;2650.00;81
6949;62;628965417;6949;205;7663;7744;10.12;0.62;235.49;6.93;714;62;2651.00;81
6951;62;628965427;6951;189;7664;7744;10.10;0.61;235.46;6.93;713;62;2652.00;80
6953;62;628965437;6953;180;7664;7744;10.14;0.62;235.43;6.93;711;62;2653.00;80
6956;62;628965446;6956;167;7668;7748;10.15;0.62;235.40;6.94;712;62;2654.00;80
6958;62;628965463;6958;159;7670;7750;10.28;0.62;235.46;6.94;712;62;2655.00;80
6961;62;628965473;6961;149;7671;7750;10.32;0.63;235.45;6.95;710;62;2656.00;79
6961;62;628965483;6961;143;7672;7751;10.45;0.64;235.45;6.95;711;62;2657.00;79
6965;62;628965493;6965;133;7672;7751;10.60;0.65;235.38;6.95;707;62;2658.00;79
6966;62;628965503;6966;129;7672;7751;10.72;0.65;235.37;6.95;706;62;2659.00;79
6967;62;628965519;6967;126;7672;7751;10.87;0.66;235.34;6.95;705;62;2660.00;79
6969;62;628965529;6969;121;7672;7751;11.03;0.67;235.33;6.95;703;62;2661.00;79
6970;62;628965545;6970;119;7672;7751;11.16;0.68;235.33;6.95;702;62;2662.00;79
6973;62;628965555;6973;116;7672;7751;11.24;0.68;235.29;6.95;699;62;2663.00;79
6976;62;628965565;6976;116;7708;7821;11.38;0.69;235.25;6.91;732;62;2664.00;113
6979;62;628965580;6979;115;7711;7822;11.42;0.70;235.23;6.91;732;62;2665.00;111
6981;62;628965591;6981;116;7717;7822;11.51;0.70;235.17;6.91;736;62;2666.00;105
6984;62;628965601;6984;112;7722;7822;11.52;0.70;235.16;6.91;738;62;2667.00;100
6984;62;628965612;6984;114;7726;7822;11.54;0.70;235.16;6.90;742;62;2668.00;96
6985;62;628965622;6985;112;7731;7822;11.53;0.70;235.13;6.90;746;62;2669.00;91
6988;62;628965639;6988;119;7734;7822;11.47;0.70;235.16;6.90;746;62;2670.00;88
6989;62;628965655;6989;125;7736;7822;11.41;0.69;235.15;6.90;747;62;2671.00;86
6993;62;628965666;6993;128;7738;7823;11.40;0.69;235.20;6.90;745;62;2672.00;85
6997;62;628965682;6997;127;7740;7824;11.32;0.69;235.22;6.90;743;62;2673.00;84
7002;62;628965693;7002;132;7740;7824;11.26;0.69;235.20;6.90;738;62;2674.00;84
7003;62;628965704;7003;137;7743;7828;11.19;0.68;235.20;6.90;740;62;2675.00;85
7006;62;628965715;7006;142;7743;7828;11.11;0.68;235.14;6.90;737;62;2676.00;85
7008;62;628965725;7008;142;7744;7828;11.08;0.68;235.13;6.91;736;62;2677.00;84
7012;62;628965742;7012;148;7744;7828;11.03;0.67;235.19;6.91;732;62;2678.00;84
7017;62;628965757;7017;154;7748;7834;11.04;0.67;235.31;6.91;731;62;2679.00;86
7020;62;628965768;7020;156;7750;7834;10.99;0.67;235.29;6.92;730;62;2680.00;84
7021;62;628965784;7021;158;7751;7834;10.91;0.66;235.29;6.93;730;62;2681.00;83
7022;63;628965794;7022;165;7754;7837;10.86;0.66;235.33;6.94;732;63;2682.00;83
7025;63;628965818;7025;177;7755;7837;10.78;0.65;235.31;6.95;730;63;2683.00;82
7031;63;628965828;7031;183;7757;7837;10.72;0.65;235.37;6.96;726;63;2684.00;80
7033;63;628965838;7033;194;7757;7838;10.63;0.64;235.41;6.96;724;63;2685.00;81
7036;63;628965848;7036;196;7758;7839;10.52;0.64;235.38;6.96;722;63;2686.00;81
7039;63;628965858;7039;198;7760;7839;10.38;0.63;235.46;6.98;721;63;2687.00;79
7041;63;628965868;7041;211;7771;7852;10.29;0.62;235.46;6.97;730;63;2688.00;81
7044;63;628965879;7044;213;7773;7852;10.21;0.62;235.45;6.98;729;63;2689.00;79
7047;63;628965889;7047;216;7773;7852;10.17;0.62;235.50;6.98;726;63;2690.00;79
7049;63;628965900;7049;218;7775;7853;10.20;0.62;235.48;6.99;726;63;2691.00;78
7050;63;628965909;7050;223;7776;7853;10.17;0.62;235.48;7.00;726;63;2692.00;77
7051;63;628965919;7051;226;7780;7857;10.13;0.61;235.47;7.00;729;63;2693.00;77
7053;63;628965929;7053;228;7781;7857;9.97;0.60;235.47;7.00;728;63;2694.00;76
7054;63;628965944;7054;233;7786;7861;9.74;0.59;235.47;7.01;732;63;2695.00;75
7055;63;628965954;7055;233;7786;7861;9.56;0.58;235.45;7.01;731;63;2696.00;75
7059;63;628965964;7059;239;7788;7861;9.37;0.57;235.43;7.02;729;63;2697.00;73
7059;63;628965973;7059;241;7788;7861;9.15;0.56;235.43;7.02;729;63;2698.00;73
7060;63;628965983;7060;240;7789;7861;8.96;0.54;235.42;7.03;729;63;2699.00;72
7061;63;628965995;7061;239;7812;7910;8.96;0.55;235.42;7.01;751;63;2700.00;98
7063;63;628966012;7063;239;7814;7910;8.81;0.54;235.44;7.02;751;63;2701.00;96
7067;63;628966022;7067;238;7817;7910;8.82;0.54;235.39;7.01;750;63;2702.00;93
7068;63;628966031;7068;238;7820;7910;8.77;0.54;235.39;7.02;752;63;2703.00;90
7071;63;628966041;7071;240;7822;7910;8.77;0.54;235.50;7.02;751;63;2704.00;88
7075;63;628966050;7075;237;7825;7910;8.78;0.54;235.55;7.04;750;63;2705.00;85
7081;63;628966059;7081;243;7827;7911;8.78;0.54;235.62;7.04;746;63;2706.00;84
7082;63;628966070;7082;242;7829;7911;8.82;0.54;235.62;7.04;747;63;2707.00;82
7086;63;628966079;7086;243;7834;7917;8.86;0.54;235.63;7.05;748;63;2708.00;83
7090;63;628966089;7090;248;7835;7918;8.87;0.54;235.62;7.05;745;63;2709.00;83
7091;63;628966103;7091;249;7837;7918;8.84;0.54;235.61;7.06;746;63;2710.00;81
7095;63;628966114;7095;255;7838;7918;8.80;0.54;235.64;7.06;743;63;2711.00;80
7102;63;628966125;7102;266;7841;7922;8.75;0.54;235.65;7.05;739;63;2712.00;81
7104;63;628966136;7104;267;7844;7922;8.70;0.53;235.65;7.06;740;63;2713.00;78
7109;63;628966145;7109;264;7845;7922;8.62;0.53;235.69;7.07;736;63;2714.00;77
7113;63;628966154;7113;261;7848;7923;8.58;0.53;235.75;7.07;735;63;2715.00;75
7118;63;628966163;7118;257;7851;7927;8.55;0.52;235.78;7.07;733;63;2716.00;76
7124;63;628966173;7124;260;7851;7927;8.47;0.52;235.86;7.07;727;63;2717.00;76
7127;63;628966183;7127;253;7855;7930;8.40;0.52;235.95;7.07;728;63;2718.00;75
7133;63;628966192;7133;256;7857;7930;8.35;0.51;235.95;7.07;724;63;2719.00;73
7138;63;628966201;7138;251;7857;7930;8.24;0.51;235.96;7.07;719;63;2720.00;73
7148;63;628966210;7148;243;7859;7930;8.15;0.50;235.97;7.07;711;63;2721.00;71
7150;64;628966220;7150;245;7861;7934;8.19;0.50;235.98;7.07;711;64;2722.00;73
7154;64;628966246;7154;242;7863;7934;8.18;0.50;236.05;7.07;709;64;2723.00;71
7156;64;628966256;7156;248;7864;7934;8.17;0.50;236.08;7.08;708;64;2724.00;70
7160;64;628966265;7160;250;7865;7934;8.11;0.50;236.12;7.08;705;64;2725.00;69
7166;64;628966274;7166;241;7866;7935;7.97;0.49;236.18;7.08;700;64;2726.00;69
7167;64;628966283;7167;232;7867;7936;7.98;0.49;236.21;7.08;700;64;2727.00;69
7171;64;628966291;7171;228;7867;7936;7.94;0.49;236.23;7.08;696;64;2728.00;69
7173;64;628966300;7173;230;7868;7937;8.06;0.49;236.26;7.08;695;64;2729.00;69
7176;64;628966311;7176;231;7869;7937;8.16;0.50;236.26;7.08;693;64;2730.00;68
7182;64;628966320;7182;232;7870;7937;8.15;0.50;236.32;7.08;688;64;2731.00;67
7185;64;628966329;7185;231;7870;7937;8.18;0.50;236.31;7.08;685;64;2732.00;67
7187;64;628966343;7187;233;7871;7937;8.19;0.50;236.35;7.08;684;64;2733.00;66
7193;64;628966355;7193;231;7872;7937;8.23;0.50;236.36;7.09;679;64;2734.00;65
7198;64;628966368;7198;227;7873;7937;8.34;0.51;236.41;7.09;675;64;2735.00;64
7201;64;628966380;7201;233;7944;8064;8.66;0.54;236.42;7.03;743;64;2736.00;120
7202;64;628966406;7202;223;7949;8065;8.76;0.54;236.44;7.03;747;64;2737.00;116
7208;64;628966419;7208;225;7955;8065;8.71;0.54;236.41;7.03;747;64;2738.00;110
7212;64;628966431;7212;224;7959;8065;8.70;0.54;236.42;7.02;747;64;2739.00;106
7215;64;628966443;7215;226;7963;8065;8.80;0.55;236.40;7.02;748;64;2740.00;102
7220;64;628966453;7220;226;7967;8065;8.82;0.55;236.41;7.14;747;64;2741.00;98
7223;64;628966466;7223;227;7969;8065;8.88;0.55;236.47;7.14;746;64;2742.00;96
7225;64;628966483;7225;224;7975;8065;8.86;0.55;236.50;7.14;750;64;2743.00;90
7231;64;628966492;7231;231;7976;8066;8.79;0.54;236.50;7.14;745;64;2744.00;90
7235;64;628966504;7235;231;7980;8068;8.80;0.54;236.50;7.14;745;64;2745.00;88
7240;64;628966515;7240;236;7984;8068;8.78;0.54;236.57;7.14;744;64;2746.00;84
7242;64;628966526;7242;236;7987;8069;8.67;0.53;236.54;7.14;745;64;2747.00;82
7247;64;628966536;7247;238;7990;8069;8.58;0.53;236.55;7.14;743;64;2748.00;79
7253;64;628966547;7253;240;7992;8069;8.48;0.52;236.60;7.14;739;64;2749.00;77
7255;64;628966557;7255;235;7993;8069;8.46;0.52;236.61;7.14;738;64;2750.00;76
7260;64;628966568;7260;233;7997;8073;8.41;0.52;236.64;7.14;737;64;2751.00;76
7260;64;628966578;7260;232;7999;8073;8.47;0.52;236.64;7.15;739;64;2752.00;74
7266;64;628966595;7266;229;8001;8073;8.42;0.52;236.81;7.15;735;64;2753.00;72
7270;64;628966612;7270;238;8004;8076;8.47;0.52;236.76;7.15;734;64;2754.00;72
7272;64;628966623;7272;242;8005;8076;8.47;0.52;236.75;7.15;733;64;2755.00;71
7276;64;628966633;7276;245;8008;8076;8.40;0.52;236.79;7.15;732;64;2756.00;68
7278;64;628966643;7278;250;8011;8080;8.36;0.51;236.79;7.15;733;64;2757.00;69
7283;64;628966653;7283;257;8012;8081;8.33;0.51;236.89;7.15;729;64;2758.00;69
7287;64;628966664;7287;264;8012;8081;8.30;0.51;236.92;7.15;725;64;2759.00;69
7291;64;628966676;7291;273;8016;8086;8.26;0.51;236.82;7.14;725;64;2760.00;70
7293;65;628966686;7293;277;8016;8086;8.21;0.50;236.82;7.14;723;65;2761.00;70
7296;65;628966707;7296;285;8016;8086;8.20;0.50;236.78;7.14;720;65;2762.00;70
7299;65;628966717;7299;288;8017;8087;8.13;0.50;236.82;7.14;718;65;2763.00;70
7300;65;628966727;7300;289;8017;8087;8.08;0.50;236.80;7.14;717;65;2764.00;70
7302;65;628966737;7302;291;8021;8093;8.02;0.49;236.77;7.14;719;65;2765.00;72
7306;65;628966748;7306;300;8022;8093;7.96;0.49;236.76;7.14;716;65;2766.00;71
7310;65;628966759;7310;293;8022;8094;7.89;0.48;236.78;7.14;712;65;2767.00;72
7312;65;628966771;7312;287;8022;8094;7.86;0.48;236.83;7.14;710;65;2768.00;72
7314;65;628966780;7314;287;8022;8094;7.87;0.48;236.83;7.14;708;65;2769.00;72
7316;65;628966791;7316;280;8022;8094;7.82;0.48;236.85;7.14;706;65;2770.00;72
7316;65;628966801;7316;279;8022;8094;7.86;0.48;236.85;7.14;706;65;2771.00;72
7319;65;628966811;7319;278;8032;8106;8.03;0.49;236.89;7.13;713;65;2772.00;74
7321;65;628966823;7321;279;8032;8106;8.05;0.49;236.86;7.13;711;65;2773.00;74
7323;65;628966834;7323;280;8033;8106;8.08;0.49;236.82;7.13;710;65;2774.00;73
7326;65;628966849;7326;279;8033;8106;8.12;0.49;236.83;7.13;707;65;2775.00;73
7327;65;628966859;7327;259;8033;8106;8.20;0.50;236.82;7.13;706;65;2776.00;73
7330;65;628966868;7330;247;8033;8106;8.29;0.51;236.77;7.13;703;65;2777.00;73
7333;65;628966878;7333;238;8036;8110;8.41;0.51;236.75;7.13;703;65;2778.00;74
7336;65;628966889;7336;228;8036;8110;8.46;0.51;236.72;7.13;700;65;2779.00;74
7339;65;628966904;7339;223;8039;8114;8.49;0.52;236.66;7.12;700;65;2780.00;75
7341;65;628966915;7341;211;8041;8115;8.53;0.52;236.64;7.12;700;65;2781.00;74
7343;65;628966925;7343;205;8041;8115;8.61;0.52;236.64;7.12;698;65;2782.00;74
7346;65;628966935;7346;204;8041;8115;8.60;0.52;236.60;7.12;695;65;2783.00;74
7346;65;628966945;7346;214;8052;8128;8.70;0.53;236.60;7.11;706;65;2784.00;76
7349;65;628966955;7349;214;8052;8128;8.70;0.53;236.58;7.11;703;65;2785.00;76
7352;65;628966965;7352;216;8052;8128;8.70;0.53;236.55;7.11;700;65;2786.00;76
7354;65;628966975;7354;218;8053;8129;8.75;0.53;236.57;7.11;699;65;2787.00;76
7355;65;628966987;7355;220;8053;8130;8.80;0.54;236.55;7.11;698;65;2788.00;77
7357;65;628966997;7357;223;8053;8130;8.92;0.55;236.51;7.11;696;65;2789.00;77
7358;65;628967008;7358;224;8056;8136;9.00;0.55;236.49;7.11;698;65;2790.00;80
7360;65;628967023;7360;222;8057;8136;9.09;0.56;236.46;7.11;697;65;2791.00;79
7361;65;628967039;7361;225;8057;8136;9.16;0.56;236.47;7.11;696;65;2792.00;79
7363;65;628967048;7363;219;8058;8136;9.18;0.56;236.51;7.11;695;65;2793.00;78
7366;65;628967058;7366;221;8062;8142;9.27;0.57;236.47;7.10;696;65;2794.00;80
7366;65;628967068;7366;221;8062;8142;9.26;0.57;236.47;7.10;696;65;2795.00;80
7369;65;628967077;7369;221;8063;8142;9.26;0.57;236.44;7.10;694;65;2796.00;79
7373;65;628967087;7373;222;8063;8142;9.22;0.56;236.43;7.10;690;65;2797.00;79
7374;65;628967103;7374;221;8067;8146;9.30;0.57;236.41;7.10;693;65;2798.00;79
7377;65;628967113;7377;224;8068;8147;9.37;0.57;236.36;7.10;691;65;2799.00;79
7377;65;628967123;7377;226;8068;8147;9.39;0.57;236.36;7.10;691;65;2800.00;79
7380;65;628967136;7380;230;8069;8148;9.42;0.57;236.31;7.10;689;65;2801.00;79
7381;65;628967145;7381;226;8069;8148;9.35;0.57;236.28;7.10;688;65;2802.00;79
7382;65;628967154;7382;218;8069;8148;9.40;0.57;236.27;7.10;687;65;2803.00;79
7383;65;628967163;7383;207;8069;8148;9.47;0.58;236.27;7.10;686;65;2804.00;79
7386;65;628967173;7386;201;8069;8148;9.57;0.58;236.24;7.10;683;65;2805.00;79
7387;65;628967183;7387;192;8069;8148;9.72;0.59;236.22;7.10;682;65;2806.00;79
7388;65;628967193;7388;186;8069;8148;9.84;0.60;236.22;7.10;681;65;2807.00;79
7389;65;628967202;7389;191;8112;8218;9.76;0.59;236.20;7.06;723;65;2808.00;106
7392;65;628967218;7392;178;8112;8219;9.92;0.60;236.19;7.06;720;65;2809.00;107
7392;65;628967234;7392;163;8117;8219;10.13;0.62;236.19;7.06;725;65;2810.00;102
7394;66;628967243;7394;153;8119;8219;10.29;0.62;236.17;7.06;725;66;2811.00;100
7394;66;628967265;7394;144;8124;8219;10.58;0.64;236.17;7.06;730;66;2812.00;95
7395;66;628967275;7395;138;8126;8219;10.80;0.66;236.18;7.06;731;66;2813.00;93
7397;66;628967291;7397;140;8130;8219;10.96;0.67;236.18;7.06;733;66;2814.00;89
7397;66;628967301;7397;139;8132;8219;11.11;0.68;236.18;7.06;735;66;2815.00;87
7399;66;628967317;7399;141;8134;8220;11.30;0.69;236.18;7.06;735;66;2816.00;86
7399;66;628967334;7399;141;8137;8221;11.51;0.70;236.18;7.05;738;66;2817.00;84
7401;66;628967345;7401;144;8137;8221;11.57;0.70;236.14;7.05;736;66;2818.00;84
7404;66;628967355;7404;149;8141;8225;11.49;0.70;236.13;7.18;737;66;2819.00;84
7406;66;628967368;7406;144;8141;8225;11.39;0.69;236.14;7.18;735;66;2820.00;84
7409;66;628967384;7409;142;8141;8225;11.41;0.69;236.12;7.18;732;66;2821.00;84
7411;66;628967394;7411;137;8142;8225;11.37;0.69;236.11;7.30;731;66;2822.00;83
7414;66;628967404;7414;135;8145;8231;11.43;0.70;236.09;7.30;731;66;2823.00;86
7417;66;628967415;7417;131;8146;8231;11.46;0.70;236.09;7.30;729;66;2824.00;85
7420;66;628967426;7420;134;8148;8231;11.44;0.70;236.09;7.32;728;66;2825.00;83
7424;66;628967444;7424;128;8150;8234;11.52;0.70;236.08;7.32;726;66;2826.00;84
7425;66;628967455;7425;121;8151;8234;11.53;0.70;236.06;7.44;726;66;2827.00;83
7429;66;628967465;7429;122;8152;8234;11.59;0.70;236.10;7.44;723;66;2828.00;82
7432;66;628967476;7432;121;8152;8235;11.59;0.70;236.13;7.44;720;66;2829.00;83
7435;66;628967486;7435;118;8153;8236;11.61;0.71;236.20;7.44;718;66;2830.00;83
7437;66;628967497;7437;111;8153;8236;11.67;0.71;236.17;7.44;716;66;2831.00;83
7443;66;628967507;7443;110;8163;8249;11.64;0.71;236.18;7.43;720;66;2832.00;86
7447;66;628967518;7447;106;8163;8249;11.68;0.71;236.15;7.43;716;66;2833.00;86
7452;66;628967529;7452;108;8163;8249;11.78;0.71;236.17;7.43;711;66;2834.00;86
7453;66;628967540;7453;109;8166;8251;11.88;0.72;236.15;7.56;713;66;2835.00;85
7456;66;628967550;7456;106;8166;8251;11.91;0.72;236.24;7.56;710;66;2836.00;85
7457;66;628967561;7457;106;8170;8255;11.92;0.72;236.30;7.67;713;66;2837.00;85
7461;66;628967572;7461;110;8172;8255;11.93;0.72;236.34;7.67;711;66;2838.00;83
7462;66;628967584;7462;115;8175;8259;11.89;0.72;236.35;7.67;713;66;2839.00;84
7464;66;628967595;7464;114;8176;8259;11.83;0.72;236.40;7.67;712;66;2840.00;83
7466;66;628967606;7466;115;8176;8259;11.81;0.72;236.45;7.67;710;66;2841.00;83
7466;67;628967616;7466;122;8176;8259;11.80;0.72;236.45;7.67;710;67;2842.00;83
7470;67;628967641;7470;121;8176;8259;11.73;0.71;236.41;7.67;706;67;2843.00;83
7474;67;628967652;7474;126;8186;8271;11.59;0.70;236.41;7.66;712;67;2844.00;85
7477;67;628967664;7477;132;8187;8271;11.50;0.70;236.41;7.66;710;67;2845.00;84
7479;67;628967675;7479;136;8187;8271;11.37;0.69;236.43;7.66;708;67;2846.00;84
7481;67;628967685;7481;143;8187;8271;11.30;0.68;236.44;7.66;706;67;2847.00;84
7481;67;628967702;7481;152;8187;8271;11.28;0.68;236.44;7.66;706;67;2848.00;84
7482;67;628967713;7482;155;8187;8271;11.26;0.68;236.44;7.66;705;67;2849.00;84
7484;67;628967725;7484;164;8191;8274;11.17;0.68;236.45;7.68;707;67;2850.00;83
7487;67;628967742;7487;165;8191;8274;11.12;0.67;236.49;7.68;704;67;2851.00;83
7490;67;628967753;7490;166;8196;8280;11.13;0.67;236.49;7.69;706;67;2852.00;84
7491;67;628967764;7491;167;8198;8281;11.05;0.67;236.48;7.69;707;67;2853.00;83
7494;67;628967774;7494;172;8199;8281;10.99;0.67;236.55;7.70;705;67;2854.00;82
7497;67;628967785;7497;178;8200;8281;10.87;0.66;236.53;7.71;703;67;2855.00;81
7498;67;628967795;7498;184;8205;8285;10.90;0.66;236.51;7.73;707;67;2856.00;80
7502;67;628967807;7502;186;8205;8285;10.91;0.66;236.45;7.73;703;67;2857.00;80
7504;67;628967817;7504;189;8206;8285;10.89;0.66;236.45;7.74;702;67;2858.00;79
7505;67;628967826;7505;189;8210;8286;10.81;0.66;236.46;7.77;705;67;2859.00;76
7507;67;628967836;7507;191;8213;8290;10.72;0.65;236.45;7.77;706;67;2860.00;77
7507;67;628967847;7507;198;8215;8290;10.69;0.65;236.45;7.78;708;67;2861.00;75
7509;67;628967856;7509;196;8217;8293;10.61;0.65;236.42;7.78;708;67;2862.00;76
7512;67;628967867;7512;203;8220;8293;10.59;0.64;236.44;7.79;708;67;2863.00;73
7514;67;628967877;7514;204;8222;8295;10.50;0.64;236.50;7.79;708;67;2864.00;73
7516;67;628967887;7516;207;8224;8295;10.38;0.63;236.47;7.80;708;67;2865.00;71
7518;67;628967897;7518;212;8228;8299;10.28;0.63;236.54;7.80;710;67;2866.00;71
7520;67;628967908;7520;213;8230;8299;10.09;0.62;236.58;7.81;710;67;2867.00;69
7523;67;628967918;7523;216;8230;8299;9.94;0.61;236.58;7.81;707;67;2868.00;69
7528;67;628967928;7528;213;8231;8299;9.80;0.60;236.60;7.82;703;67;2869.00;68
7530;67;628967938;7530;208;8232;8300;9.64;0.59;236.65;7.82;702;67;2870.00;68
7533;67;628967948;7533;209;8235;8301;9.50;0.58;236.65;7.83;702;67;2871.00;66
7537;68;628967958;7537;207;8235;8301;9.40;0.57;236.67;7.83;698;68;2872.00;66
7541;68;628967989;7541;205;8236;8302;9.39;0.57;236.71;7.83;695;68;2873.00;66
7542;68;628967998;7542;206;8238;8302;9.29;0.57;236.74;7.84;696;68;2874.00;64
7544;68;628968007;7544;208;8238;8302;9.20;0.56;236.73;7.84;694;68;2875.00;64
7547;68;628968017;7547;211;8240;8302;9.12;0.56;236.74;7.84;693;68;2876.00;62
7551;68;628968026;7551;214;8240;8302;9.14;0.56;236.75;7.84;689;68;2877.00;62
7554;68;628968036;7554;217;8240;8302;9.12;0.56;236.72;7.84;686;68;2878.00;62
7558;68;628968045;7558;218;8242;8302;9.11;0.56;236.72;7.85;684;68;2879.00;60
7560;68;628968056;7560;253;8340;8532;8.99;0.56;236.72;7.75;780;68;2880.00;192
7564;68;628968084;7564;244;8342;8533;8.91;0.56;236.70;7.75;778;68;2881.00;191
7567;68;628968095;7567;235;8354;8533;8.94;0.56;236.71;7.75;787;68;2882.00;179
7573;68;628968104;7573;229;8360;8533;8.88;0.55;236.75;7.75;787;68;2883.00;173
7575;68;628968115;7575;229;8370;8533;8.89;0.55;236.73;7.74;795;68;2884.00;163
7581;68;628968125;7581;230;8376;8533;8.85;0.55;236.72;7.74;795;68;2885.00;157
7585;68;628968140;7585;231;8382;8533;8.77;0.54;236.71;7.74;797;68;2886.00;151
7592;68;628968150;7592;231;8389;8533;8.62;0.54;236.69;7.74;797;68;2887.00;144
7597;68;628968159;7597;238;8393;8534;8.52;0.53;236.71;7.74;796;68;2888.00;141
7598;68;628968169;7598;246;8397;8535;8.45;0.52;236.71;7.74;799;68;2889.00;138
7601;68;628968179;7601;244;8403;8535;8.30;0.52;236.75;7.74;802;68;2890.00;132
7603;68;628968189;7603;241;8409;8536;8.21;0.51;236.80;7.74;806;68;2891.00;127
7608;68;628968199;7608;240;8416;8536;8.10;0.50;236.93;7.74;808;68;2892.00;120
7610;68;628968209;7610;236;8419;8536;7.99;0.50;236.97;7.75;809;68;2893.00;117
7615;68;628968219;7615;245;8422;8536;7.87;0.49;237.01;7.75;807;68;2894.00;114
7617;68;628968236;7617;248;8429;8540;7.72;0.48;237.05;7.75;812;68;2895.00;111
7620;68;628968247;7620;250;8432;8540;7.66;0.48;237.10;7.75;812;68;2896.00;108
7626;68;628968257;7626;247;8434;8540;7.58;0.47;237.12;7.76;808;68;2897.00;106
7630;68;628968268;7630;252;8436;8543;7.58;0.47;237.14;7.76;806;68;2898.00;107
7636;68;628968279;7636;243;8438;8543;7.57;0.47;237.19;7.76;802;68;2899.00;105
7639;68;628968290;7639;245;8439;8543;7.60;0.47;237.18;7.76;800;68;2900.00;104
7644;68;628968304;7644;246;8445;8547;7.55;0.46;237.16;7.76;801;68;2901.00;102
7648;68;628968315;7648;245;8447;8548;7.57;0.47;237.18;7.88;799;68;2902.00;101
7651;68;628968327;7651;247;8449;8548;7.55;0.47;237.18;7.89;798;68;2903.00;99
7658;68;628968342;7658;253;8455;8552;7.52;0.46;237.21;7.89;797;68;2904.00;97
7661;68;628968357;7661;250;8456;8552;7.59;0.47;237.25;7.89;795;68;2905.00;96
7665;68;628968371;7665;253;8458;8552;7.59;0.47;237.25;7.89;793;68;2906.00;94
7670;68;628968386;7670;251;8459;8553;7.60;0.47;237.28;7.90;789;68;2907.00;94
7675;68;628968400;7675;255;8462;8553;7.56;0.46;237.31;7.90;787;68;2908.00;91
7677;68;628968414;7677;254;8467;8559;7.63;0.47;237.32;7.90;790;68;2909.00;92
7683;68;628968430;7683;257;8470;8559;7.65;0.47;237.41;7.91;787;68;2910.00;89
7688;68;628968443;7688;264;8471;8560;7.68;0.47;237.48;7.91;783;68;2911.00;89
7692;68;628968454;7692;269;8474;8560;7.68;0.47;237.51;7.92;782;68;2912.00;86
7696;68;628968465;7696;268;8475;8560;7.70;0.47;237.52;7.92;779;68;2913.00;85
7701;68;628968476;7701;269;8477;8560;7.65;0.47;237.54;7.92;776;68;2914.00;83
7705;68;628968487;7705;274;8478;8560;7.54;0.46;237.53;7.92;773;68;2915.00;82
7708;68;628968497;7708;287;8490;8572;7.47;0.46;237.55;7.92;782;68;2916.00;82
7711;68;628968508;7711;284;8492;8572;7.42;0.46;237.59;7.92;781;68;2917.00;80
7717;68;628968518;7717;287;8493;8572;7.39;0.45;237.54;7.92;776;68;2918.00;79
7719;68;628968529;7719;297;8493;8572;7.42;0.45;237.57;7.92;774;68;2919.00;79
7722;68;628968538;7722;307;8493;8572;7.34;0.45;237.59;7.92;771;68;2920.00;79
7726;68;628968549;7726;314;8493;8572;7.26;0.45;237.69;7.92;767;68;2921.00;79
7731;68;628968559;7731;320;8496;8576;7.25;0.44;237.65;7.92;765;68;2922.00;80
7731;68;628968569;7731;325;8496;8576;7.24;0.44;237.65;7.92;765;68;2923.00;80
7734;68;628968579;7734;329;8499;8580;7.22;0.44;237.68;7.92;765;68;2924.00;81
7736;68;628968595;7736;332;8502;8582;7.24;0.45;237.64;7.91;766;68;2925.00;80
7738;68;628968605;7738;334;8502;8582;7.24;0.45;237.67;7.91;764;68;2926.00;80
7742;68;628968615;7742;337;8502;8582;7.17;0.44;237.63;7.91;760;68;2927.00;80
7745;68;628968624;7745;337;8511;8595;7.22;0.44;237.64;7.91;766;68;2928.00;84
7748;68;628968635;7748;335;8511;8595;7.20;0.44;237.65;7.91;763;68;2929.00;84
7750;68;628968645;7750;342;8512;8595;7.25;0.45;237.63;7.90;762;68;2930.00;83
7755;68;628968654;7755;342;8513;8596;7.22;0.44;237.61;7.90;758;68;2931.00;83
7757;68;628968664;7757;350;8513;8597;7.25;0.44;237.59;7.90;756;68;2932.00;84
7759;68;628968674;7759;354;8513;8597;7.29;0.45;237.57;7.90;754;68;2933.00;84
7763;68;628968684;7763;363;8515;8600;7.28;0.45;237.55;7.90;752;68;2934.00;85
7764;68;628968694;7764;367;8516;8600;7.27;0.45;237.52;7.90;752;68;2935.00;84
7767;68;628968703;7767;371;8516;8600;7.21;0.44;237.50;7.90;749;68;2936.00;84
7769;68;628968713;7769;366;8516;8600;7.19;0.44;237.50;7.90;747;68;2937.00;84
7772;68;628968723;7772;361;8520;8606;7.18;0.44;237.50;7.90;748;68;2938.00;86
7774;68;628968734;7774;361;8520;8606;7.18;0.44;237.46;7.90;746;68;2939.00;86
7775;68;628968745;7775;356;8521;8606;7.14;0.44;237.50;7.90;746;68;2940.00;85
7777;68;628968754;7777;354;8521;8606;7.11;0.43;237.47;7.90;744;68;2941.00;85
7779;68;628968764;7779;357;8524;8610;7.11;0.43;237.43;7.89;745;68;2942.00;86
7780;68;628968773;7780;361;8525;8611;7.10;0.43;237.46;7.89;745;68;2943.00;86
7783;68;628968783;7783;361;8525;8611;7.04;0.43;237.55;7.89;742;68;2944.00;86
7785;68;628968792;7785;359;8526;8612;7.03;0.43;237.56;7.89;741;68;2945.00;86
7789;68;628968801;7789;343;8526;8612;7.03;0.43;237.49;7.89;737;68;2946.00;86
7791;68;628968817;7791;334;8526;8612;7.06;0.43;237.49;7.89;735;68;2947.00;86
7793;68;628968826;7793;323;8526;8612;7.13;0.44;237.48;7.89;733;68;2948.00;86
7798;68;628968837;7798;310;8526;8612;7.15;0.43;237.45;7.89;728;68;2949.00;86
7800;68;628968853;7800;304;8526;8612;7.33;0.45;237.50;7.89;726;68;2950.00;86
7803;68;628968862;7803;292;8526;8612;7.46;0.45;237.48;7.89;723;68;2951.00;86
7803;68;628968872;7803;296;8563;8682;7.71;0.47;237.48;7.86;760;68;2952.00;119
7804;68;628968887;7804;286;8565;8683;7.88;0.48;237.47;7.86;761;68;2953.00;118
7805;68;628968897;7805;276;8573;8683;8.08;0.49;237.48;7.85;768;68;2954.00;110
7805;68;628968907;7805;262;8577;8683;8.22;0.50;237.48;7.85;772;68;2955.00;106
7807;68;628968918;7807;248;8582;8683;8.38;0.51;237.52;7.85;775;68;2956.00;101
7809;68;628968928;7809;233;8583;8683;8.54;0.52;237.49;7.85;774;68;2957.00;100
7811;68;628968939;7811;225;8585;8683;8.69;0.53;237.50;7.85;774;68;2958.00;98
7812;68;628968950;7812;222;8585;8683;8.81;0.53;237.47;7.85;773;68;2959.00;98
7814;68;628968961;7814;209;8587;8684;8.92;0.54;237.47;7.85;773;68;2960.00;97
7814;68;628968972;7814;204;8588;8685;9.02;0.55;237.47;7.84;774;68;2961.00;97
7815;68;628968989;7815;197;8589;8685;9.12;0.55;237.45;7.85;774;68;2962.00;96
7815;68;628968999;7815;195;8592;8689;9.21;0.56;237.45;7.84;777;68;2963.00;97
7815;68;628969010;7815;188;8592;8689;9.24;0.56;237.45;7.84;777;68;2964.00;97
7819;68;628969021;7819;185;8592;8689;9.29;0.57;237.45;7.84;773;68;2965.00;97
7820;68;628969038;7820;186;8592;8689;9.39;0.57;237.53;7.84;772;68;2966.00;97
7821;68;628969049;7821;184;8595;8695;9.54;0.58;237.54;7.84;774;68;2967.00;100
7824;68;628969060;7824;175;8595;8695;9.61;0.59;237.50;7.84;771;68;2968.00;100
7825;68;628969094;7825;175;8596;8695;9.78;0.60;237.51;7.84;771;68;2969.00;99
7826;68;628969113;7826;174;8599;8701;9.89;0.60;237.50;7.84;773;68;2970.00;102
7827;68;628969124;7827;167;8600;8701;10.06;0.61;237.49;7.84;773;68;2971.00;101
7828;68;628969134;7828;163;8600;8701;10.16;0.62;237.51;7.84;772;68;2972.00;101
7830;68;628969145;7830;163;8601;8702;10.31;0.63;237.48;7.84;771;68;2973.00;101
7833;68;628969156;7833;164;8602;8703;10.46;0.64;237.46;7.83;769;68;2974.00;101
7834;68;628969166;7834;167;8603;8703;10.60;0.65;237.45;7.83;769;68;2975.00;100
7835;68;628969184;7835;164;8612;8716;10.72;0.65;237.46;7.95;777;68;2976.00;104
7838;68;628969196;7838;162;8613;8716;10.84;0.66;237.45;7.95;775;68;2977.00;103
7839;68;628969207;7839;163;8613;8716;10.85;0.66;237.47;7.95;774;68;2978.00;103
7843;68;628969218;7843;160;8614;8717;10.83;0.66;237.48;7.95;771;68;2979.00;103
7845;68;628969229;7845;163;8614;8717;10.85;0.66;237.51;7.95;769;68;2980.00;103
7850;68;628969240;7850;161;8616;8721;10.85;0.66;237.52;7.95;766;68;2981.00;105
7851;68;628969252;7851;161;8616;8721;10.91;0.66;237.53;7.95;765;68;2982.00;105
7859;68;628969263;7859;163;8620;8725;10.93;0.66;237.56;7.94;761;68;2983.00;105
7862;68;628969274;7862;162;8620;8725;11.00;0.67;237.58;7.94;758;68;2984.00;105
7867;68;628969291;7867;165;8620;8725;11.07;0.67;237.53;7.94;753;68;2985.00;105
7869;68;628969302;7869;165;8620;8725;11.11;0.67;237.57;7.94;751;68;2986.00;105
7873;68;628969313;7873;159;8620;8725;11.13;0.67;237.56;7.94;747;68;2987.00;105
7874;68;628969323;7874;162;8630;8737;11.26;0.68;237.56;7.93;756;68;2988.00;107
7877;68;628969334;7877;159;8631;8737;11.27;0.68;237.59;7.94;754;68;2989.00;106
7878;68;628969345;7878;162;8633;8737;11.30;0.69;237.60;8.06;755;68;2990.00;104
7884;68;628969355;7884;165;8633;8737;11.25;0.68;237.61;8.06;749;68;2991.00;104
7886;68;628969365;7886;159;8633;8737;11.34;0.69;237.64;8.06;747;68;2992.00;104
7889;68;628969376;7889;155;8634;8737;11.35;0.69;237.66;8.18;745;68;2993.00;103
7893;68;628969386;7893;148;8636;8738;11.34;0.69;237.63;8.19;743;68;2994.00;102
7897;68;628969398;7897;146;8638;8738;11.32;0.69;237.65;8.21;741;68;2995.00;100
7903;68;628969409;7903;142;8641;8744;11.36;0.69;237.70;8.21;738;68;2996.00;103
7904;68;628969421;7904;138;8642;8745;11.51;0.70;237.70;8.21;738;68;2997.00;103
7907;68;628969431;7907;129;8644;8745;11.53;0.70;237.72;8.32;737;68;2998.00;101
7910;68;628969442;7910;126;8644;8745;11.59;0.70;237.76;8.32;734;68;2999.00;101
7913;68;628969456;7913;125;8648;8765;11.68;0.71;237.83;8.32;735;68;3000.00;117
7917;68;628969473;7917;121;8649;8765;11.72;0.71;237.78;8.32;732;68;3001.00;116
7921;68;628969483;7921;119;8649;8765;11.76;0.71;237.80;8.32;728;68;3002.00;116
7924;68;628969494;7924;115;8651;8766;11.80;0.72;237.85;8.43;727;68;3003.00;115
7930;68;628969505;7930;114;8654;8770;11.79;0.71;237.90;8.43;724;68;3004.00;116
7933;68;628969516;7933;113;8654;8770;11.78;0.71;237.87;8.43;721;68;3005.00;116
7936;68;628969527;7936;112;8658;8773;11.81;0.72;237.89;8.43;722;68;3006.00;115
7936;68;628969538;7936;112;8658;8773;11.82;0.72;237.89;8.43;722;68;3007.00;115
7939;68;628969549;7939;113;8660;8773;11.79;0.72;237.91;8.44;721;68;3008.00;113
7939;68;628969560;7939;117;8660;8773;11.79;0.72;237.91;8.44;721;68;3009.00;113
7942;68;628969576;7942;119;8664;8777;11.81;0.72;237.90;8.45;722;68;3010.00;113
7943;68;628969594;7943;118;8666;8777;11.78;0.72;237.89;8.45;723;68;3011.00;111
7946;68;628969606;7946;120;8669;8777;11.71;0.71;237.87;8.46;723;68;3012.00;108
7947;68;628969616;7947;117;8670;8777;11.69;0.71;237.86;8.46;723;68;3013.00;107
7951;68;628969627;7951;117;8672;8778;11.66;0.71;237.92;8.46;721;68;3014.00;106
7953;68;628969639;7953;118;8674;8780;11.62;0.71;237.92;8.46;721;68;3015.00;106
7956;68;628969649;7956;120;8676;8780;11.55;0.70;237.97;8.46;720;68;3016.00;104
7957;68;628969661;7957;125;8678;8781;11.56;0.71;237.99;8.46;721;68;3017.00;103
7961;68;628969671;7961;128;8679;8781;11.48;0.70;238.03;8.46;718;68;3018.00;102
7967;68;628969682;7967;128;8680;8781;11.44;0.70;238.07;8.47;713;68;3019.00;101
7968;68;628969693;7968;135;8680;8781;11.42;0.69;238.05;8.47;712;68;3020.00;101
7973;68;628969703;7973;133;8681;8781;11.37;0.69;238.04;8.49;708;68;3021.00;100
7976;68;628969714;7976;143;8683;8781;11.32;0.69;238.06;8.50;707;68;3022.00;98
7980;68;628969725;7980;149;8684;8781;11.24;0.68;238.04;8.50;704;68;3023.00;97
7981;68;628969736;7981;171;8748;8908;10.90;0.67;238.03;8.44;767;68;3024.00;160
7982;68;628969756;7982;168;8753;8909;10.78;0.66;238.02;8.46;771;68;3025.00;156
7984;68;628969768;7984;166;8759;8909;10.78;0.66;238.01;8.46;775;68;3026.00;150
7986;68;628969784;7986;170;8761;8909;10.73;0.66;238.05;8.47;775;68;3027.00;148
7987;68;628969795;7987;176;8767;8909;10.81;0.67;238.04;8.47;780;68;3028.00;142
7988;68;628969806;7988;185;8770;8909;10.78;0.67;238.03;8.49;782;68;3029.00;139
7991;68;628969819;7991;184;8777;8909;10.79;0.67;238.05;8.50;786;68;3030.00;132
7993;68;628969830;7993;191;8779;8909;10.77;0.66;238.09;8.50;786;68;3031.00;130
7999;68;628969847;7999;194;8786;8910;10.75;0.66;238.09;8.51;787;68;3032.00;124
8001;68;628969859;8001;200;8790;8911;10.78;0.66;238.07;8.52;789;68;3033.00;121
8003;68;628969870;8003;206;8796;8911;10.78;0.66;238.07;8.53;793;68;3034.00;115
8005;68;628969881;8005;210;8801;8912;10.62;0.65;238.06;8.54;796;68;3035.00;111
8007;68;628969893;8007;219;8806;8912;10.41;0.64;238.05;8.55;799;68;3036.00;106
8011;68;628969904;8011;223;8809;8912;10.18;0.63;238.03;8.55;798;68;3037.00;103
8014;68;628969915;8014;227;8813;8912;9.96;0.61;238.01;8.57;799;68;3038.00;99
8016;68;628969927;8016;229;8816;8916;9.85;0.61;238.00;8.57;800;68;3039.00;100
8017;68;628969944;8017;231;8820;8916;9.76;0.60;238.08;8.58;803;68;3040.00;96
8020;68;628969962;8020;231;8822;8916;9.63;0.59;238.06;8.59;802;68;3041.00;94
8025;68;628969973;8025;235;8826;8919;9.56;0.59;238.01;8.59;801;68;3042.00;93
8027;68;628969985;8027;238;8826;8919;9.45;0.58;238.02;8.59;799;68;3043.00;93
8030;68;628969996;8030;241;8830;8919;9.36;0.57;238.01;8.60;800;68;3044.00;89
8036;68;628970007;8036;241;8834;8923;9.24;0.57;237.94;8.60;798;68;3045.00;89
8039;68;628970019;8039;245;8837;8924;9.12;0.56;237.95;8.61;798;68;3046.00;87
8043;68;628970031;8043;245;8838;8924;9.00;0.55;237.90;8.61;795;68;3047.00;86
8045;68;628970041;8045;252;8841;8928;8.99;0.55;237.90;8.60;796;68;3048.00;87
8051;68;628970052;8051;254;8841;8928;8.88;0.54;237.90;8.60;790;68;3049.00;87
8052;68;628970063;8052;262;8841;8928;8.84;0.54;237.88;8.60;789;68;3050.00;87
8056;68;628970073;8056;263;8845;8929;8.68;0.53;237.89;8.61;789;68;3051.00;84
8058;68;628970084;8058;268;8846;8929;8.52;0.52;237.86;8.61;788;68;3052.00;83
8062;68;628970094;8062;271;8853;8935;8.41;0.52;237.90;8.62;791;68;3053.00;82
8066;68;628970104;8066;272;8853;8935;8.25;0.51;237.92;8.62;787;68;3054.00;82
8072;68;628970115;8072;276;8856;8936;8.05;0.49;237.96;8.62;784;68;3055.00;80
8080;68;628970124;8080;278;8857;8936;7.85;0.48;237.97;8.63;777;68;3056.00;79
8085;68;628970135;8085;286;8859;8936;7.64;0.47;238.03;8.63;774;68;3057.00;77
8088;68;628970149;8088;291;8859;8936;7.44;0.46;238.05;8.63;771;68;3058.00;77
8092;68;628970159;8092;304;8860;8936;7.20;0.44;238.16;8.63;768;68;3059.00;76
8097;68;628970169;8097;302;8883;8972;7.13;0.44;238.18;8.61;786;68;3060.00;89
8100;68;628970182;8100;301;8884;8972;6.92;0.43;238.19;8.61;784;68;3061.00;88
8105;68;628970191;8105;301;8888;8972;6.78;0.42;238.27;8.61;783;68;3062.00;84
8106;68;628970200;8106;299;8889;8972;6.73;0.42;238.36;8.61;783;68;3063.00;83
8110;68;628970209;8110;296;8892;8972;6.68;0.42;238.39;8.61;782;68;3064.00;80
8112;68;628970218;8112;303;8892;8972;6.74;0.42;238.40;8.61;780;68;3065.00;80
8114;68;628970226;8114;299;8896;8976;6.80;0.42;238.41;8.60;782;68;3066.00;80
8117;68;628970235;8117;293;8898;8976;6.79;0.42;238.43;8.61;781;68;3067.00;78
8119;68;628970244;8119;293;8900;8980;6.86;0.43;238.44;8.60;781;68;3068.00;80
8123;68;628970254;8123;295;8902;8981;6.83;0.42;238.44;8.60;779;68;3069.00;79
8128;68;628970264;8128;293;8903;8981;6.78;0.42;238.47;8.60;775;68;3070.00;78
8129;68;628970273;8129;291;8904;8981;6.80;0.42;238.47;8.60;775;68;3071.00;77
8131;68;628970282;8131;295;8915;8994;6.91;0.43;238.47;8.59;784;68;3072.00;79
8134;68;628970298;8134;298;8915;8994;6.95;0.43;238.50;8.59;781;68;3073.00;79
8139;68;628970307;8139;299;8915;8994;6.96;0.43;238.49;8.59;776;68;3074.00;79
8145;68;628970316;8145;304;8916;8995;6.96;0.43;238.45;8.59;771;68;3075.00;79
8149;68;628970325;8149;309;8916;8996;6.98;0.43;238.46;8.59;767;68;3076.00;80
8154;68;628970334;8154;314;8916;8996;6.93;0.43;238.41;8.59;762;68;3077.00;80
8156;68;628970348;8156;303;8918;8999;6.96;0.43;238.37;8.59;762;68;3078.00;81
8160;68;628970362;8160;298;8918;8999;6.94;0.43;238.43;8.59;758;68;3079.00;81
8163;68;628970375;8163;303;8919;8999;6.94;0.43;238.40;8.59;756;68;3080.00;80
8165;68;628970389;8165;301;8919;8999;6.91;0.42;238.43;8.59;754;68;3081.00;80
8166;68;628970401;8166;306;8923;9005;6.90;0.42;238.45;8.58;757;68;3082.00;82
8172;68;628970412;8172;311;8923;9005;6.70;0.41;238.42;8.58;751;68;3083.00;82
8173;68;628970432;8173;307;8924;9005;6.59;0.40;238.47;8.58;751;68;3084.00;81
8178;68;628970443;8178;308;8924;9005;6.43;0.39;238.43;8.58;746;68;3085.00;81
8184;68;628970453;8184;313;8927;9009;6.42;0.39;238.53;8.58;743;68;3086.00;82
8186;68;628970463;8186;310;8928;9010;6.41;0.39;238.51;8.58;742;68;3087.00;82
8190;68;628970474;8190;313;8928;9010;6.39;0.39;238.50;8.58;738;68;3088.00;82
8195;68;628970485;8195;312;8929;9011;6.35;0.39;238.59;8.58;734;68;3089.00;82
8199;68;628970496;8199;312;8929;9011;6.30;0.38;238.55;8.58;730;68;3090.00;82
8204;68;628970505;8204;316;8929;9011;6.26;0.38;238.54;8.58;725;68;3091.00;82
8207;68;628970515;8207;316;8929;9011;6.24;0.38;238.54;8.58;722;68;3092.00;82
8211;68;628970524;8211;321;8929;9011;6.24;0.38;238.46;8.58;718;68;3093.00;82
8211;68;628970534;8211;325;8929;9011;6.26;0.38;238.46;8.58;718;68;3094.00;82
8214;68;628970546;8214;326;8929;9011;6.21;0.38;238.40;8.58;715;68;3095.00;82
8215;68;628970558;8215;340;8970;9081;6.53;0.40;238.40;8.54;755;68;3096.00;111
8217;68;628970574;8217;335;8972;9082;6.53;0.40;238.40;8.54;755;68;3097.00;110
8219;68;628970584;8219;339;8978;9082;6.61;0.40;238.42;8.65;759;68;3098.00;104
8221;68;628970594;8221;340;8981;9082;6.67;0.41;238.43;8.65;760;68;3099.00;101
8224;68;628970605;8224;337;8984;9082;6.75;0.41;238.44;8.65;760;68;3100.00;98
8226;68;628970620;8226;340;8986;9082;6.84;0.42;238.44;8.65;760;68;3101.00;96
8226;68;628970636;8226;344;8991;9082;6.91;0.42;238.44;8.65;765;68;3102.00;91
8228;68;628970648;8228;350;8993;9082;6.89;0.42;238.44;8.65;765;68;3103.00;89
8230;68;628970661;8230;357;8996;9083;6.91;0.42;238.41;8.65;766;68;3104.00;87
8232;68;628970674;8232;366;8998;9085;6.82;0.42;238.42;8.64;766;68;3105.00;87
8233;68;628970685;8233;368;8999;9085;6.67;0.41;238.42;8.65;766;68;3106.00;86
8234;68;628970695;8234;354;9002;9089;6.61;0.40;238.41;8.64;768;68;3107.00;87
8234;68;628970705;8234;343;9002;9089;6.61;0.40;238.41;8.64;768;68;3108.00;87
8236;68;628970715;8236;334;9002;9089;6.59;0.40;238.50;8.64;766;68;3109.00;87
8236;68;628970726;8236;325;9002;9089;6.68;0.41;238.50;8.64;766;68;3110.00;87
8240;68;628970736;8240;324;9006;9095;6.77;0.41;238.50;8.64;766;68;3111.00;89
8241;68;628970748;8241;319;9006;9095;6.90;0.42;238.59;8.64;765;68;3112.00;89
8243;68;628970759;8243;311;9007;9095;7.03;0.43;238.55;8.64;764;68;3113.00;88
8244;68;628970775;8244;300;9009;9098;7.14;0.44;238.52;8.64;765;68;3114.00;89
8246;68;628970785;8246;296;9010;9098;7.18;0.44;238.55;8.64;764;68;3115.00;88
8249;68;628970801;8249;273;9010;9098;7.34;0.45;238.55;8.64;761;68;3116.00;88
8249;68;628970812;8249;256;9010;9099;7.53;0.46;238.55;8.64;761;68;3117.00;89
8251;68;628970823;8251;238;9011;9100;7.75;0.47;238.56;8.63;760;68;3118.00;89
8252;68;628970834;8252;225;9011;9100;7.96;0.49;238.54;8.63;759;68;3119.00;89
8255;68;628970847;8255;219;9031;9126;8.27;0.51;238.49;8.62;776;68;3120.00;95
8257;68;628970863;8257;203;9032;9126;8.51;0.52;238.46;8.61;775;68;3121.00;94
8260;68;628970878;8260;190;9033;9126;8.75;0.53;238.41;8.61;773;68;3122.00;93
8263;68;628970891;8263;185;9034;9127;8.96;0.55;238.41;8.61;771;68;3123.00;93
8265;68;628970903;8265;176;9034;9127;9.15;0.56;238.40;8.61;769;68;3124.00;93
8266;68;628970915;8266;170;9037;9131;9.26;0.56;238.40;8.61;771;68;3125.00;94
8266;68;628970930;8266;161;9037;9131;9.44;0.57;238.40;8.61;771;68;3126.00;94
8267;69;628970942;8267;155;9041;9135;9.60;0.58;238.38;8.61;774;69;3127.00;94
8271;69;628970964;8271;146;9041;9135;9.75;0.59;238.39;8.61;770;69;3128.00;94
8273;69;628970976;8273;144;9041;9135;9.90;0.60;238.34;8.61;768;69;3129.00;94
8275;69;628970994;8275;142;9041;9135;10.02;0.61;238.39;8.61;766;69;3130.00;94
8278;69;628971005;8278;147;9041;9135;10.07;0.61;238.44;8.61;763;69;3131.00;94
8283;69;628971017;8283;136;9050;9147;10.19;0.62;238.48;8.60;767;69;3132.00;97
8284;69;628971031;8284;138;9050;9147;10.31;0.63;238.49;8.60;766;69;3133.00;97
8287;69;628971043;8287;138;9052;9147;10.54;0.64;238.49;8.60;765;69;3134.00;95
8290;69;628971054;8290;130;9052;9147;10.63;0.65;238.60;8.60;762;69;3135.00;95
8291;69;628971066;8291;131;9052;9147;10.71;0.65;238.59;8.60;761;69;3136.00;95
8297;69;628971077;8297;131;9052;9147;10.82;0.66;238.64;8.60;755;69;3137.00;95
8299;70;628971089;8299;133;9052;9148;10.89;0.66;238.66;8.60;753;70;3138.00;96
8301;70;628971108;8301;135;9052;9148;11.00;0.67;238.68;8.60;751;70;3139.00;96
8302;70;628971123;8302;135;9056;9154;11.09;0.67;238.68;8.59;754;70;3140.00;98
8304;70;628971135;8304;132;9057;9155;11.17;0.68;238.72;8.59;753;70;3141.00;98
8308;70;628971147;8308;131;9058;9155;11.22;0.68;238.73;8.59;750;70;3142.00;97
8309;70;628971164;8309;136;9058;9155;11.26;0.68;238.74;8.59;749;70;3143.00;97
8314;70;628971182;8314;143;9061;9159;11.25;0.68;238.77;8.59;747;70;3144.00;98
8316;70;628971193;8316;143;9061;9159;11.26;0.68;238.75;8.59;745;70;3145.00;98
8320;70;628971204;8320;140;9061;9159;11.29;0.68;238.75;8.59;741;70;3146.00;98
8322;70;628971216;8322;144;9062;9160;11.34;0.69;238.77;8.59;740;70;3147.00;98
8324;70;628971227;8324;146;9065;9164;11.27;0.68;238.82;8.59;741;70;3148.00;99
8327;70;628971239;8327;145;9065;9164;11.29;0.68;238.83;8.59;738;70;3149.00;99
8329;70;628971252;8329;147;9068;9170;11.29;0.68;238.86;8.58;739;70;3150.00;102
8335;70;628971265;8335;147;9068;9170;11.24;0.68;238.86;8.58;733;70;3151.00;102
8339;70;628971276;8339;148;9069;9170;11.28;0.68;238.90;8.58;730;70;3152.00;101
8342;70;628971288;8342;147;9069;9170;11.40;0.69;238.88;8.58;727;70;3153.00;101
8344;70;628971299;8344;145;9072;9174;11.46;0.69;238.92;8.58;728;70;3154.00;102
8347;70;628971311;8347;148;9072;9174;11.51;0.69;239.00;8.58;725;70;3155.00;102
8349;70;628971322;8349;146;9073;9174;11.54;0.70;239.01;8.58;724;70;3156.00;101
8353;70;628971333;8353;144;9073;9174;11.55;0.70;239.07;8.58;720;70;3157.00;101
8355;70;628971345;8355;141;9074;9175;11.54;0.70;239.12;8.58;719;70;3158.00;101
8358;70;628971356;8358;135;9075;9176;11.58;0.70;239.15;8.58;717;70;3159.00;101
8359;70;628971367;8359;137;9076;9176;11.66;0.71;239.17;8.58;717;70;3160.00;100
8362;70;628971378;8362;135;9077;9177;11.66;0.71;239.19;8.58;715;70;3161.00;100
8367;70;628971389;8367;127;9077;9177;11.63;0.70;239.21;8.58;710;70;3162.00;100
8371;70;628971399;8371;123;9077;9177;11.60;0.70;239.22;8.58;706;70;3163.00;100
8374;70;628971409;8374;118;9078;9177;11.64;0.70;239.28;8.59;704;70;3164.00;99
8376;70;628971421;8376;116;9079;9177;11.70;0.71;239.31;8.60;703;70;3165.00;98
8379;70;628971431;8379;113;9079;9177;11.74;0.71;239.32;8.60;700;70;3166.00;98
8381;70;628971441;8381;113;9079;9177;11.79;0.71;239.32;8.60;698;70;3167.00;98
8387;70;628971452;8387;134;9144;9304;11.53;0.71;239.35;8.54;757;70;3168.00;160
8388;70;628971473;8388;125;9146;9305;11.60;0.71;239.38;8.54;758;70;3169.00;159
8392;70;628971484;8392;114;9154;9305;11.73;0.72;239.40;8.53;762;70;3170.00;151
8396;70;628971495;8396;113;9155;9305;11.79;0.72;239.37;8.53;759;70;3171.00;150
8399;70;628971506;8399;116;9160;9305;11.89;0.73;239.37;8.53;761;70;3172.00;145
8402;71;628971517;8402;112;9163;9305;11.95;0.73;239.39;8.53;761;71;3173.00;142
8404;71;628971544;8404;108;9168;9305;11.98;0.73;239.42;8.53;764;71;3174.00;137
8407;71;628971555;8407;109;9170;9305;12.00;0.73;239.47;8.53;763;71;3175.00;135
8410;71;628971572;8410;113;9174;9306;12.03;0.73;239.49;8.53;764;71;3176.00;132
8414;71;628971583;8414;107;9178;9307;12.00;0.73;239.47;8.53;764;71;3177.00;129
8417;71;628971595;8417;111;9181;9307;12.03;0.73;239.47;8.53;764;71;3178.00;126
8419;71;628971606;8419;110;9185;9308;12.08;0.74;239.48;8.53;766;71;3179.00;123
8422;71;628971619;8422;114;9189;9308;12.02;0.73;239.48;8.53;767;71;3180.00;119
8427;71;628971630;8427;113;9192;9308;11.94;0.73;239.40;8.53;765;71;3181.00;116
8428;71;628971641;8428;116;9195;9308;11.82;0.72;239.39;8.53;767;71;3182.00;113
8429;71;628971653;8429;121;9198;9312;11.73;0.71;239.42;8.53;769;71;3183.00;114
8432;71;628971670;8432;128;9201;9312;11.64;0.71;239.50;8.53;769;71;3184.00;111
8435;71;628971681;8435;131;9202;9312;11.51;0.70;239.51;8.54;767;71;3185.00;110
8438;71;628971697;8438;137;9206;9315;11.40;0.69;239.54;8.55;768;71;3186.00;109
8440;71;628971709;8440;138;9206;9315;11.34;0.69;239.61;8.55;766;71;3187.00;109
8445;71;628971720;8445;146;9207;9315;11.31;0.69;239.65;8.55;762;71;3188.00;108
8447;71;628971732;8447;157;9211;9319;11.21;0.68;239.62;8.56;764;71;3189.00;108
8450;71;628971743;8450;158;9214;9320;11.14;0.68;239.60;8.57;764;71;3190.00;106
8453;71;628971755;8453;165;9214;9322;11.10;0.68;239.63;8.57;761;71;3191.00;108
8455;71;628971767;8455;173;9220;9326;11.12;0.68;239.63;8.57;765;71;3192.00;106
8457;71;628971779;8457;177;9221;9326;11.08;0.68;239.62;8.58;764;71;3193.00;105
8459;71;628971790;8459;180;9221;9326;11.09;0.68;239.64;8.58;762;71;3194.00;105
8460;71;628971802;8460;183;9224;9328;11.07;0.68;239.63;8.59;764;71;3195.00;104
8461;71;628971814;8461;183;9225;9328;10.96;0.67;239.62;8.60;764;71;3196.00;103
8465;71;628971825;8465;190;9230;9334;10.90;0.67;239.62;8.60;765;71;3197.00;104
8469;71;628971836;8469;197;9234;9334;10.74;0.66;239.63;8.63;765;71;3198.00;100
8471;71;628971847;8471;203;9234;9335;10.65;0.65;239.61;8.63;763;71;3199.00;101
8472;71;628971859;8472;214;9234;9335;10.52;0.65;239.65;8.63;762;71;3200.00;101
8475;71;628971884;8475;217;9236;9335;10.32;0.63;239.63;8.64;761;71;3201.00;99
8478;71;628971895;8478;224;9236;9335;10.21;0.63;239.65;8.64;758;71;3202.00;99
8480;71;628971905;8480;230;9236;9335;10.09;0.62;239.66;8.64;756;71;3203.00;99
8483;72;628971921;8483;235;9249;9347;10.02;0.61;239.65;8.64;766;72;3204.00;98
8485;72;628971948;8485;242;9249;9347;9.97;0.61;239.67;8.64;764;72;3205.00;98
8488;72;628971958;8488;245;9251;9347;9.91;0.61;239.68;8.65;763;72;3206.00;96
8492;72;628971968;8492;246;9251;9347;9.82;0.60;239.71;8.65;759;72;3207.00;96
8495;72;628971978;8495;251;9252;9347;9.63;0.59;239.69;8.66;757;72;3208.00;95
8498;72;628971993;8498;253;9252;9347;9.47;0.58;239.69;8.66;754;72;3209.00;95
8501;72;628972004;8501;257;9258;9351;9.24;0.56;239.71;8.69;757;72;3210.00;93
8502;72;628972015;8502;252;9258;9351;9.16;0.56;239.72;8.69;756;72;3211.00;93
8506;72;628972024;8506;253;9262;9355;9.05;0.55;239.72;8.69;756;72;3212.00;93
8509;72;628972034;8509;250;9263;9356;8.92;0.55;239.72;8.69;754;72;3213.00;93
8511;72;628972045;8511;253;9264;9356;8.80;0.54;239.69;8.69;753;72;3214.00;92
8514;72;628972054;8514;254;9267;9356;8.61;0.53;239.65;8.71;753;72;3215.00;89
8515;72;628972070;8515;258;9276;9369;8.52;0.52;239.64;8.70;761;72;3216.00;93
8518;72;628972080;8518;262;9278;9369;8.41;0.51;239.64;8.70;760;72;3217.00;91
8518;72;628972090;8518;265;9281;9369;8.37;0.51;239.64;8.70;763;72;3218.00;88
8522;72;628972099;8522;272;9282;9370;8.28;0.51;239.62;8.70;760;72;3219.00;88
8523;72;628972108;8523;278;9282;9371;8.24;0.51;239.61;8.70;759;72;3220.00;89
8527;72;628972117;8527;282;9285;9371;8.07;0.50;239.66;8.72;758;72;3221.00;86
8527;72;628972127;8527;283;9287;9374;8.00;0.49;239.66;8.72;760;72;3222.00;87
8530;72;628972141;8530;284;9289;9374;7.85;0.48;239.66;8.72;759;72;3223.00;85
8535;72;628972150;8535;292;9289;9374;7.70;0.47;239.65;8.72;754;72;3224.00;85
8541;72;628972158;8541;296;9290;9374;7.54;0.46;239.66;8.72;749;72;3225.00;84
8544;72;628972167;8544;294;9296;9380;7.48;0.46;239.66;8.72;752;72;3226.00;84
8549;72;628972176;8549;295;9297;9380;7.30;0.45;239.71;8.72;748;72;3227.00;83
8553;72;628972185;8553;301;9298;9380;7.05;0.43;239.66;8.72;745;72;3228.00;82
8557;72;628972193;8557;310;9298;9380;6.85;0.42;239.64;8.72;741;72;3229.00;82
8562;72;628972201;8562;308;9304;9384;6.71;0.41;239.59;8.72;742;72;3230.00;80
8562;72;628972209;8562;305;9305;9385;6.67;0.41;239.59;8.72;743;72;3231.00;80
8567;72;628972217;8567;312;9305;9385;6.57;0.40;239.59;8.72;738;72;3232.00;80
8570;72;628972225;8570;308;9306;9386;6.56;0.40;239.53;8.72;736;72;3233.00;80
8571;72;628972233;8571;307;9307;9386;6.52;0.40;239.55;8.72;736;72;3234.00;79
8574;72;628972241;8574;308;9307;9386;6.50;0.40;239.58;8.72;733;72;3235.00;79
8578;72;628972248;8578;310;9308;9386;6.47;0.40;239.57;8.72;730;72;3236.00;78
8582;72;628972257;8582;302;9308;9386;6.49;0.40;239.58;8.72;726;72;3237.00;78
8585;72;628972265;8585;300;9308;9386;6.55;0.40;239.59;8.72;723;72;3238.00;78
8588;72;628972273;8588;300;9308;9386;6.56;0.40;239.56;8.72;720;72;3239.00;78
8592;72;628972282;8592;298;9361;9511;6.88;0.43;239.57;8.67;769;72;3240.00;150
8593;72;628972300;8593;300;9365;9512;6.93;0.43;239.57;8.67;772;72;3241.00;147
8596;72;628972308;8596;303;9376;9512;7.06;0.44;239.67;8.66;780;72;3242.00;136
8602;72;628972317;8602;310;9386;9512;7.09;0.44;239.66;8.66;784;72;3243.00;126
8603;72;628972325;8603;315;9392;9512;7.12;0.44;239.64;8.65;789;72;3244.00;120
8607;72;628972334;8607;316;9396;9512;7.00;0.43;239.66;8.65;789;72;3245.00;116
8610;72;628972348;8610;315;9400;9512;6.94;0.43;239.64;8.65;790;72;3246.00;112
8613;72;628972360;8613;316;9402;9512;6.90;0.43;239.64;8.65;789;72;3247.00;110
8618;72;628972372;8618;313;9407;9513;6.88;0.42;239.64;8.65;789;72;3248.00;106
8619;72;628972384;8619;314;9409;9514;6.87;0.42;239.62;8.65;790;72;3249.00;105
8623;72;628972397;8623;313;9411;9514;6.85;0.42;239.62;8.65;788;72;3250.00;103
8626;72;628972411;8626;318;9415;9518;6.88;0.42;239.59;8.65;789;72;3251.00;103
8628;72;628972423;8628;326;9416;9518;6.81;0.42;239.60;8.65;788;72;3252.00;102
8630;72;628972435;8630;329;9418;9518;6.70;0.41;239.61;8.65;788;72;3253.00;100
8633;72;628972446;8633;334;9419;9518;6.68;0.41;239.62;8.65;786;72;3254.00;99
8634;72;628972456;8634;335;9424;9524;6.70;0.41;239.63;8.65;790;72;3255.00;100
8637;72;628972468;8637;332;9424;9524;6.72;0.41;239.62;8.65;787;72;3256.00;100
8641;72;628972478;8641;340;9425;9524;6.75;0.41;239.60;8.64;784;72;3257.00;99
8645;72;628972489;8645;342;9428;9527;6.73;0.41;239.57;8.64;783;72;3258.00;99
8647;72;628972499;8647;327;9428;9527;6.71;0.41;239.55;8.64;781;72;3259.00;99
8651;72;628972509;8651;318;9428;9527;6.72;0.41;239.60;8.64;777;72;3260.00;99
8654;72;628972519;8654;317;9428;9528;6.70;0.41;239.61;8.64;774;72;3261.00;100
8656;72;628972529;8656;309;9429;9529;6.80;0.42;239.62;8.64;773;72;3262.00;100
8659;72;628972540;8659;308;9429;9529;6.89;0.42;239.62;8.64;770;72;3263.00;100
8662;72;628972551;8662;305;9440;9542;7.08;0.43;239.64;8.63;778;72;3264.00;102
8665;72;628972562;8665;303;9440;9542;7.13;0.44;239.75;8.63;775;72;3265.00;102
8667;72;628972579;8667;297;9440;9542;7.24;0.44;239.76;8.63;773;72;3266.00;102
8673;72;628972589;8673;297;9441;9543;7.26;0.44;239.78;8.63;768;72;3267.00;102
8676;72;628972605;8676;297;9441;9543;7.32;0.45;239.78;8.63;765;72;3268.00;102
8679;72;628972615;8679;299;9444;9547;7.47;0.46;239.76;8.63;765;72;3269.00;103
8681;72;628972628;8681;300;9444;9547;7.53;0.46;239.81;8.63;763;72;3270.00;103
8683;72;628972639;8683;298;9448;9551;7.66;0.47;239.81;8.62;765;72;3271.00;103
8686;72;628972650;8686;293;9448;9551;7.67;0.47;239.86;8.62;762;72;3272.00;103
8689;72;628972660;8689;301;9448;9551;7.68;0.47;239.90;8.62;759;72;3273.00;103
8690;72;628972671;8690;300;9448;9551;7.73;0.47;239.88;8.62;758;72;3274.00;103
8693;72;628972682;8693;296;9448;9551;7.81;0.48;239.85;8.62;755;72;3275.00;103
8694;72;628972693;8694;298;9457;9563;7.98;0.49;239.83;8.62;763;72;3276.00;106
8695;72;628972704;8695;284;9457;9563;8.04;0.49;239.82;8.62;762;72;3277.00;106
8696;72;628972715;8696;277;9459;9563;8.14;0.49;239.82;8.62;763;72;3278.00;104
8697;72;628972725;8697;275;9459;9563;8.21;0.50;239.81;8.62;762;72;3279.00;104
8699;72;628972736;8699;267;9459;9563;8.34;0.51;239.79;8.62;760;72;3280.00;104
8700;72;628972747;8700;264;9459;9563;8.50;0.52;239.79;8.62;759;72;3281.00;104
8703;72;628972757;8703;257;9459;9564;8.60;0.52;239.78;8.62;756;72;3282.00;105
8708;72;628972768;8708;253;9459;9564;8.65;0.52;239.76;8.62;751;72;3283.00;105
8711;72;628972779;8711;251;9463;9570;8.68;0.53;239.74;8.61;752;72;3284.00;107
8714;72;628972791;8714;248;9465;9572;8.76;0.53;239.72;8.61;751;72;3285.00;107
8716;72;628972810;8716;225;9466;9572;8.91;0.54;239.73;8.61;750;72;3286.00;106
8719;72;628972821;8719;218;9466;9572;9.07;0.55;239.74;8.61;747;72;3287.00;106
8720;72;628972833;8720;202;9469;9576;9.30;0.56;239.78;8.61;749;72;3288.00;107
8724;72;628972844;8724;191;9469;9576;9.42;0.57;239.85;8.61;745;72;3289.00;107
8725;72;628972856;8725;182;9469;9576;9.57;0.58;239.86;8.61;744;72;3290.00;107
8727;72;628972872;8727;176;9470;9577;9.74;0.59;239.92;8.61;743;72;3291.00;107
8731;72;628972884;8731;164;9473;9581;9.93;0.60;239.95;8.60;742;72;3292.00;108
8733;72;628972896;8733;156;9473;9581;10.15;0.62;239.96;8.60;740;72;3293.00;108
8735;72;628972907;8735;149;9475;9584;10.34;0.63;239.96;8.60;740;72;3294.00;109
8737;72;628972920;8737;146;9475;9584;10.44;0.63;239.99;8.60;738;72;3295.00;109
8739;72;628972931;8739;143;9476;9584;10.62;0.64;240.02;8.60;737;72;3296.00;108
8743;72;628972943;8743;150;9476;9584;10.72;0.65;240.00;8.60;733;72;3297.00;108
8747;72;628972955;8747;147;9479;9588;10.85;0.66;240.00;8.60;732;72;3298.00;109
8748;72;628972967;8748;141;9479;9588;11.00;0.67;239.99;8.60;731;72;3299.00;109
8751;72;628972989;8751;142;9483;9607;11.10;0.67;240.01;8.60;732;72;3300.00;124
8754;72;628973007;8754;136;9483;9607;11.17;0.68;240.06;8.60;729;72;3301.00;124
8755;72;628973020;8755;138;9484;9608;11.23;0.68;240.07;8.59;729;72;3302.00;124
8757;72;628973031;8757;131;9485;9609;11.25;0.68;240.14;8.59;728;72;3303.00;124
8758;72;628973043;8758;131;9485;9609;11.33;0.69;240.16;8.59;727;72;3304.00;124
8759;72;628973054;8759;131;9486;9610;11.38;0.69;240.19;8.59;727;72;3305.00;124
8761;72;628973065;8761;132;9487;9610;11.47;0.70;240.20;8.59;726;72;3306.00;123
8763;72;628973076;8763;132;9488;9610;11.47;0.70;240.24;8.59;725;72;3307.00;122
8768;72;628973088;8768;129;9488;9610;11.54;0.70;240.25;8.59;720;72;3308.00;122
8770;72;628973100;8770;128;9488;9610;11.63;0.71;240.25;8.59;718;72;3309.00;122
8772;72;628973119;8772;132;9489;9610;11.70;0.71;240.27;8.73;717;72;3310.00;121
8775;72;628973131;8775;130;9489;9610;11.85;0.72;240.26;8.73;714;72;3311.00;121
8779;72;628973143;8779;153;9558;9737;11.58;0.71;240.26;8.67;779;72;3312.00;179
8783;72;628973164;8783;141;9562;9738;11.63;0.72;240.30;8.66;779;72;3313.00;176
8785;72;628973176;8785;129;9565;9738;11.75;0.72;240.31;8.66;780;72;3314.00;173
8791;72;628973187;8791;123;9566;9738;11.87;0.73;240.30;8.66;775;72;3315.00;172
8794;72;628973199;8794;119;9569;9738;11.99;0.74;240.34;8.66;775;72;3316.00;169
8798;72;628973210;8798;125;9571;9738;11.97;0.74;240.36;8.66;773;72;3317.00;167
8801;72;628973228;8801;128;9575;9738;11.93;0.73;240.36;8.66;774;72;3318.00;163
8805;72;628973247;8805;126;9578;9738;11.85;0.73;240.40;8.66;773;72;3319.00;160
8808;72;628973259;8808;132;9581;9739;11.81;0.72;240.45;8.66;773;72;3320.00;158
8811;72;628973277;8811;141;9584;9740;11.77;0.72;240.45;8.66;773;72;3321.00;156
8814;72;628973288;8814;145;9588;9740;11.71;0.72;240.46;8.66;774;72;3322.00;152
8818;72;628973299;8818;146;9592;9741;11.68;0.71;240.50;8.66;774;72;3323.00;149
8825;72;628973310;8825;151;9595;9741;11.60;0.71;240.55;8.67;770;72;3324.00;146
8826;72;628973321;8826;158;9597;9741;11.57;0.71;240.54;8.79;771;72;3325.00;144
8832;72;628973332;8832;158;9599;9741;11.54;0.70;240.60;8.79;767;72;3326.00;142
8835;72;628973345;8835;160;9601;9745;11.46;0.70;240.66;8.80;766;72;3327.00;144
8838;72;628973358;8838;168;9604;9745;11.44;0.70;240.67;8.92;766;72;3328.00;141
8842;72;628973369;8842;169;9605;9745;11.45;0.70;240.72;8.92;763;72;3329.00;140
8846;72;628973382;8846;169;9610;9751;11.37;0.69;240.73;9.04;764;72;3330.00;141
8847;72;628973394;8847;162;9612;9751;11.31;0.69;240.73;9.04;765;72;3331.00;139
8852;72;628973405;8852;160;9613;9751;11.29;0.69;240.76;9.04;761;72;3332.00;138
8858;72;628973423;8858;154;9617;9755;11.22;0.68;240.72;9.04;759;72;3333.00;138
8860;72;628973435;8860;148;9620;9756;11.20;0.68;240.72;9.16;760;72;3334.00;136
8865;72;628973451;8865;150;9621;9756;11.14;0.68;240.79;9.17;756;72;3335.00;135
8867;72;628973463;8867;146;9624;9760;11.18;0.68;240.76;9.17;757;72;3336.00;136
8871;72;628973475;8871;145;9624;9760;11.20;0.68;240.76;9.17;753;72;3337.00;136
8874;72;628973486;8874;135;9626;9760;11.21;0.68;240.77;9.17;752;72;3338.00;134
8876;72;628973497;8876;129;9628;9761;11.32;0.69;240.73;9.18;752;72;3339.00;133
8878;72;628973508;8878;125;9631;9761;11.36;0.69;240.75;9.18;753;72;3340.00;130
8881;72;628973518;8881;122;9634;9767;11.39;0.69;240.74;9.18;753;72;3341.00;133
8884;72;628973529;8884;127;9635;9767;11.42;0.69;240.73;9.18;751;72;3342.00;132
8887;72;628973540;8887;132;9637;9768;11.41;0.69;240.72;9.18;750;72;3343.00;131
8892;72;628973551;8892;126;9637;9768;11.45;0.69;240.85;9.18;745;72;3344.00;131
8897;72;628973562;8897;128;9638;9768;11.41;0.69;240.84;9.19;741;72;3345.00;130
8900;72;628973573;8900;130;9639;9768;11.42;0.69;240.84;9.19;739;72;3346.00;129
8905;72;628973584;8905;138;9639;9768;11.40;0.69;240.82;9.19;734;72;3347.00;129
8907;72;628973595;8907;142;9651;9780;11.33;0.69;240.82;9.18;744;72;3348.00;129
8910;72;628973606;8910;146;9651;9780;11.31;0.68;240.90;9.18;741;72;3349.00;129
8914;72;628973617;8914;147;9654;9780;11.16;0.67;240.87;9.18;740;72;3350.00;126
8915;72;628973628;8915;150;9655;9780;11.16;0.68;240.87;9.18;740;72;3351.00;125
8917;72;628973638;8917;154;9658;9780;11.09;0.67;240.86;9.19;741;72;3352.00;122
8920;72;628973649;8920;151;9658;9780;11.02;0.67;240.88;9.19;738;72;3353.00;122
8925;72;628973659;8925;157;9661;9784;10.92;0.66;240.87;9.19;736;72;3354.00;123
8929;72;628973670;8929;154;9662;9784;10.88;0.66;240.88;9.19;733;72;3355.00;122
8930;72;628973681;8930;160;9666;9788;10.91;0.66;240.88;9.19;736;72;3356.00;122
8932;72;628973692;8932;163;9667;9789;10.89;0.66;240.87;9.19;735;72;3357.00;122
8935;72;628973701;8935;164;9667;9789;10.94;0.66;240.85;9.19;732;72;3358.00;122
8938;72;628973712;8938;169;9667;9789;10.97;0.66;240.86;9.19;729;72;3359.00;122
8939;72;628973724;8939;181;9687;9818;10.80;0.65;240.86;9.19;748;72;3360.00;131
8940;72;628973737;8940;180;9689;9818;10.70;0.65;240.85;9.19;749;72;3361.00;129
8940;72;628973747;8940;186;9692;9818;10.67;0.65;240.85;9.19;752;72;3362.00;126
8941;72;628973757;8941;192;9697;9819;10.60;0.64;240.85;9.21;756;72;3363.00;122
8944;72;628973772;8944;198;9697;9820;10.51;0.64;240.80;9.21;753;72;3364.00;123
8947;72;628973782;8947;206;9697;9820;10.41;0.63;240.79;9.21;750;72;3365.00;123
8951;72;628973793;8951;213;9702;9823;10.35;0.63;240.87;9.23;751;72;3366.00;121
8953;72;628973804;8953;216;9702;9823;10.28;0.62;240.89;9.23;749;72;3367.00;121
8956;72;628973814;8956;224;9704;9823;10.16;0.62;240.87;9.25;748;72;3368.00;119
8960;72;628973823;8960;236;9704;9823;10.01;0.61;240.84;9.25;744;72;3369.00;119
8961;72;628973834;8961;241;9709;9829;9.86;0.60;240.84;9.25;748;72;3370.00;120
8961;72;628973844;8961;251;9711;9829;9.76;0.60;240.84;9.27;750;72;3371.00;118
8962;72;628973854;8962;263;9712;9829;9.67;0.59;240.86;9.27;750;72;3372.00;117
8965;72;628973863;8965;269;9713;9829;9.51;0.58;240.86;9.28;748;72;3373.00;116
8966;72;628973873;8966;277;9717;9833;9.36;0.57;240.87;9.29;751;72;3374.00;116
8971;72;628973883;8971;285;9720;9835;9.24;0.56;240.88;9.30;749;72;3375.00;115
8972;72;628973893;8972;291;9721;9835;9.09;0.56;240.86;9.31;749;72;3376.00;114
8972;72;628973902;8972;299;9722;9836;9.02;0.56;240.86;9.30;750;72;3377.00;114
8972;72;628973911;8972;306;9723;9836;8.91;0.55;240.86;9.31;751;72;3378.00;113
8973;72;628973920;8973;304;9724;9836;8.83;0.54;240.85;9.32;751;72;3379.00;112
8974;72;628973929;8974;296;9724;9836;8.75;0.54;240.83;9.32;750;72;3380.00;112
8979;72;628973938;8979;297;9725;9836;8.60;0.53;240.79;9.33;746;72;3381.00;111
8981;72;628973948;8981;297;9725;9836;8.55;0.53;240.76;9.33;744;72;3382.00;111
8982;72;628973956;8982;299;9725;9836;8.45;0.52;240.74;9.33;743;72;3383.00;111
8983;72;628973965;8983;305;9769;9906;8.48;0.52;240.75;9.33;786;72;3384.00;137
8983;72;628973979;8983;302;9772;9907;8.33;0.52;240.75;9.32;789;72;3385.00;135
8986;72;628973988;8986;305;9783;9907;8.24;0.51;240.75;9.33;797;72;3386.00;124
8993;72;628973997;8993;306;9788;9907;8.15;0.50;240.74;9.32;795;72;3387.00;119
8994;72;628974007;8994;308;9792;9907;8.12;0.50;240.73;9.32;798;72;3388.00;115
8998;72;628974016;8998;311;9798;9907;8.11;0.50;240.80;9.33;800;72;3389.00;109
8999;72;628974028;8999;314;9800;9907;8.02;0.49;240.78;9.33;801;72;3390.00;107
9000;72;628974037;9000;311;9801;9907;7.90;0.49;240.76;9.33;801;72;3391.00;106
9005;72;628974046;9005;316;9804;9908;7.75;0.48;240.67;9.33;799;72;3392.00;104
9008;72;628974055;9008;324;9806;9909;7.63;0.47;240.67;9.34;798;72;3393.00;103
9012;72;628974065;9012;330;9806;9909;7.49;0.46;240.70;9.34;794;72;3394.00;103
9017;72;628974074;9017;335;9809;9913;7.33;0.45;240.75;9.34;792;72;3395.00;104
9020;72;628974083;9020;344;9810;9913;7.16;0.44;240.73;9.34;790;72;3396.00;103
9024;72;628974092;9024;347;9810;9913;6.99;0.43;240.72;9.34;786;72;3397.00;103
9026;72;628974101;9026;351;9810;9913;6.84;0.42;240.73;9.34;784;72;3398.00;103
9030;72;628974110;9030;359;9816;9919;6.74;0.42;240.73;9.34;786;72;3399.00;103
9036;72;628974119;9036;352;9816;9919;6.56;0.40;240.71;9.34;780;72;3400.00;103
9038;72;628974138;9038;352;9817;9919;6.40;0.39;240.71;9.34;779;72;3401.00;102
9040;72;628974147;9040;347;9819;9922;6.31;0.39;240.73;9.34;779;72;3402.00;103
9045;72;628974156;9045;346;9820;9922;6.19;0.38;240.76;9.35;775;72;3403.00;102
9047;72;628974164;9047;347;9820;9922;6.09;0.37;240.76;9.35;773;72;3404.00;102
9050;72;628974173;9050;346;9821;9923;6.01;0.37;240.73;9.35;771;72;3405.00;102
9051;72;628974182;9051;357;9822;9924;5.97;0.37;240.75;9.35;771;72;3406.00;102
9053;72;628974190;9053;354;9825;9924;5.99;0.37;240.74;9.36;772;72;3407.00;99
9056;72;628974198;9056;345;9836;9937;6.07;0.37;240.75;9.36;780;72;3408.00;101
9061;72;628974208;9061;341;9836;9937;6.07;0.37;240.72;9.36;775;72;3409.00;101
9065;72;628974217;9065;333;9837;9937;6.08;0.37;240.68;9.36;772;72;3410.00;100
9067;72;628974225;9067;322;9838;9938;6.13;0.38;240.69;9.35;771;72;3411.00;100
9071;72;628974235;9071;308;9838;9938;6.14;0.38;240.80;9.35;767;72;3412.00;100
9075;72;628974244;9075;303;9842;9942;6.19;0.38;240.78;9.35;767;72;3413.00;100
9077;72;628974254;9077;299;9842;9942;6.36;0.39;240.79;9.35;765;72;3414.00;100
9079;72;628974263;9079;299;9845;9946;6.56;0.40;240.79;9.35;766;72;3415.00;101
9084;72;628974273;9084;292;9845;9946;6.63;0.40;240.79;9.35;761;72;3416.00;101
9086;72;628974282;9086;286;9845;9946;6.76;0.41;240.75;9.35;759;72;3417.00;101
9090;72;628974298;9090;277;9845;9946;6.87;0.42;240.72;9.35;755;72;3418.00;101
9092;72;628974318;9092;276;9845;9946;7.07;0.43;240.71;9.35;753;72;3419.00;101
9094;72;628974334;9094;272;9871;9980;7.40;0.45;240.74;9.32;777;72;3420.00;109
9096;72;628974354;9096;269;9872;9980;7.53;0.46;240.74;9.32;776;72;3421.00;108
9098;72;628974369;9098;262;9874;9980;7.70;0.47;240.75;9.32;776;72;3422.00;106
9101;72;628974381;9101;258;9874;9980;7.81;0.48;240.73;9.32;773;72;3423.00;106
9103;72;628974396;9103;253;9874;9980;7.92;0.48;240.74;9.32;771;72;3424.00;106
9107;72;628974410;9107;246;9874;9980;7.98;0.49;240.71;9.32;767;72;3425.00;106
9109;72;628974424;9109;245;9874;9981;8.14;0.49;240.69;9.32;765;72;3426.00;107
9114;72;628974437;9114;251;9874;9981;8.12;0.49;240.80;9.32;760;72;3427.00;107
9115;72;628974450;9115;252;9878;9987;8.21;0.50;240.81;9.32;763;72;3428.00;109
9116;72;628974462;9116;251;9879;9988;8.25;0.50;240.81;9.32;763;72;3429.00;109
9118;72;628974474;9118;252;9880;9988;8.31;0.51;240.82;9.32;762;72;3430.00;108
9121;72;628974486;9121;252;9880;9988;8.31;0.51;240.88;9.32;759;72;3431.00;108
9127;72;628974498;9127;253;9883;9992;8.31;0.50;240.85;9.31;756;72;3432.00;109
9130;72;628974509;9130;252;9883;9992;8.40;0.51;240.84;9.31;753;72;3433.00;109
9132;72;628974521;9132;250;9883;9992;8.53;0.52;240.80;9.31;751;72;3434.00;109
9135;72;628974532;9135;250;9884;9993;8.66;0.53;240.86;9.31;749;72;3435.00;109
9139;72;628974544;9139;247;9887;9997;8.77;0.54;240.86;9.31;748;72;3436.00;110
9144;72;628974555;9144;246;9887;9997;8.75;0.53;240.96;9.31;743;72;3437.00;110
9146;72;628974566;9146;246;9889;10000;8.85;0.54;240.99;9.31;743;72;3438.00;111
9154;72;628974577;9154;247;9890;10000;8.84;0.54;241.00;9.31;736;72;3439.00;110
9157;72;628974595;9157;246;9890;10000;8.82;0.54;241.05;9.31;733;72;3440.00;110
9161;72;628974605;9161;246;9890;10000;8.75;0.53;241.05;9.31;729;72;3441.00;110
9169;72;628974617;9169;241;9893;10004;8.69;0.53;240.99;9.30;724;72;3442.00;111
9171;72;628974627;9171;244;9894;10004;8.69;0.53;241.01;9.30;723;72;3443.00;110
9173;72;628974638;9173;246;9894;10004;8.73;0.53;241.03;9.30;721;72;3444.00;110
9175;72;628974649;9175;249;9894;10004;8.70;0.53;241.08;9.30;719;72;3445.00;110
9179;72;628974660;9179;252;9894;10005;8.64;0.52;241.09;9.30;715;72;3446.00;111
9181;72;628974670;9181;238;9895;10006;8.73;0.53;241.10;9.30;714;72;3447.00;111
9183;72;628974681;9183;231;9895;10006;8.80;0.54;241.13;9.30;712;72;3448.00;111
9188;72;628974692;9188;227;9896;10007;8.79;0.53;241.15;9.30;708;72;3449.00;111
9194;72;628974705;9194;221;9896;10007;8.80;0.53;241.27;9.30;702;72;3450.00;111
9197;72;628974716;9197;213;9896;10007;8.90;0.54;241.33;9.30;699;72;3451.00;111
9200;72;628974728;9200;215;9896;10007;8.99;0.55;241.41;9.30;696;72;3452.00;111
9204;72;628974739;9204;210;9896;10007;9.10;0.55;241.39;9.30;692;72;3453.00;111
9206;72;628974749;9206;203;9896;10007;9.22;0.56;241.42;9.30;690;72;3454.00;111
9209;72;628974760;9209;206;9896;10007;9.33;0.57;241.46;9.30;687;72;3455.00;111
9212;72;628974771;9212;210;9967;10134;9.41;0.58;241.47;9.24;755;72;3456.00;167
9216;73;628974792;9216;184;9969;10135;9.54;0.59;241.51;9.23;753;73;3457.00;166
9219;73;628974815;9219;161;9976;10135;9.72;0.60;241.53;9.23;757;73;3458.00;159
9221;73;628974832;9221;144;9978;10135;9.85;0.60;241.58;9.23;757;73;3459.00;157
9223;73;628974844;9223;130;9983;10135;10.03;0.62;241.60;9.23;760;73;3460.00;152
9228;73;628974862;9228;126;9984;10135;10.15;0.62;241.66;9.23;756;73;3461.00;151
9228;73;628974880;9228;127;9988;10135;10.25;0.63;241.66;9.22;760;73;3462.00;147
9232;73;628974893;9232;121;9990;10135;10.28;0.63;241.68;9.22;758;73;3463.00;145
9236;73;628974905;9236;125;9993;10136;10.35;0.63;241.67;9.22;757;73;3464.00;143
9240;73;628974917;9240;123;9996;10138;10.42;0.64;241.75;9.22;756;73;3465.00;142
9240;73;628974930;9240;128;10001;10138;10.59;0.65;241.75;9.22;761;73;3466.00;137
9242;73;628974942;9242;132;10005;10139;10.72;0.66;241.81;9.22;763;73;3467.00;134
9246;73;628974955;9246;131;10008;10139;10.82;0.66;241.81;9.22;762;73;3468.00;131
9248;73;628974976;9248;130;10010;10139;10.88;0.67;241.81;9.22;762;73;3469.00;129
9249;73;628974995;9249;133;10011;10139;10.96;0.67;241.82;9.22;762;73;3470.00;128
9252;74;628975008;9252;133;10015;10143;10.95;0.67;241.85;9.22;763;74;3471.00;128
9254;74;628975031;9254;136;10016;10143;10.99;0.67;241.87;9.22;762;74;3472.00;127
9257;74;628975044;9257;141;10018;10143;11.04;0.67;241.95;9.23;761;74;3473.00;125
9258;74;628975056;9258;146;10020;10146;11.16;0.68;241.97;9.23;762;74;3474.00;126
9261;74;628975069;9261;141;10021;10146;11.21;0.68;241.99;9.22;760;74;3475.00;125
9266;74;628975081;9266;146;10022;10146;11.23;0.68;242.04;9.22;756;74;3476.00;124
9268;74;628975094;9268;149;10025;10150;11.20;0.68;242.05;9.22;757;74;3477.00;125
9271;74;628975110;9271;150;10027;10151;11.33;0.69;242.06;9.22;756;74;3478.00;124
9275;74;628975122;9275;152;10027;10151;11.39;0.69;242.05;9.22;752;74;3479.00;124
9276;74;628975136;9276;155;10032;10156;11.53;0.70;242.07;9.22;756;74;3480.00;124
9277;74;628975148;9277;158;10032;10156;11.61;0.71;242.10;9.22;755;74;3481.00;124
9280;74;628975159;9280;157;10032;10156;11.64;0.71;242.13;9.22;752;74;3482.00;124
9281;74;628975171;9281;159;10033;10157;11.70;0.71;242.13;9.22;752;74;3483.00;124
9285;74;628975183;9285;156;10033;10157;11.75;0.71;242.13;9.22;748;74;3484.00;124
9287;74;628975195;9287;155;10037;10163;11.73;0.71;242.17;9.21;750;74;3485.00;126
9288;74;628975207;9288;153;10037;10163;11.75;0.72;242.17;9.21;749;74;3486.00;126
9290;74;628975218;9290;151;10039;10164;11.75;0.72;242.18;9.34;749;74;3487.00;125
9296;74;628975231;9296;153;10039;10164;11.78;0.72;242.20;9.34;743;74;3488.00;125
9299;74;628975242;9299;149;10039;10164;11.75;0.72;242.20;9.34;740;74;3489.00;125
9303;74;628975254;9303;150;10039;10164;11.80;0.72;242.22;9.34;736;74;3490.00;125
9309;74;628975265;9309;147;10039;10164;11.78;0.72;242.23;9.34;730;74;3491.00;125
9311;74;628975277;9311;142;10049;10176;11.77;0.72;242.27;9.33;738;74;3492.00;127
9313;74;628975289;9313;138;10050;10176;11.74;0.72;242.24;9.33;737;74;3493.00;126
9317;74;628975300;9317;133;10050;10176;11.77;0.72;242.25;9.33;733;74;3494.00;126
9321;74;628975312;9321;142;10050;10176;11.81;0.72;242.23;9.33;729;74;3495.00;126
9324;74;628975329;9324;139;10050;10176;11.83;0.72;242.21;9.33;726;74;3496.00;126
9327;74;628975347;9327;140;10050;10176;11.86;0.72;242.30;9.33;723;74;3497.00;126
9331;74;628975362;9331;142;10053;10180;11.80;0.72;242.40;9.33;722;74;3498.00;127
9333;74;628975377;9333;141;10053;10180;11.84;0.72;242.40;9.33;720;74;3499.00;127
9336;74;628975391;9336;137;10056;10184;11.88;0.72;242.46;9.33;720;74;3500.00;128
9341;74;628975409;9341;133;10058;10185;11.94;0.73;242.47;9.33;717;74;3501.00;127
9342;74;628975421;9342;131;10059;10185;11.97;0.73;242.46;9.46;717;74;3502.00;126
9347;74;628975431;9347;135;10059;10185;12.00;0.73;242.43;9.46;712;74;3503.00;126
9350;74;628975441;9350;137;10069;10198;11.96;0.73;242.42;9.58;719;74;3504.00;129
9354;74;628975457;9354;134;10070;10198;11.98;0.73;242.49;9.60;716;74;3505.00;128
9358;74;628975468;9358;129;10071;10198;12.01;0.73;242.48;9.60;713;74;3506.00;127
9362;74;628975478;9362;127;10073;10199;12.06;0.73;242.48;9.73;711;74;3507.00;126
9364;74;628975489;9364;123;10073;10200;12.15;0.74;242.47;9.73;709;74;3508.00;127
9368;74;628975499;9368;116;10073;10200;12.22;0.74;242.50;9.73;705;74;3509.00;127
9374;74;628975517;9374;111;10076;10206;12.20;0.74;242.49;9.72;702;74;3510.00;130
9374;74;628975528;9374;110;10079;10206;12.19;0.74;242.49;9.87;705;74;3511.00;127
9378;74;628975538;9378;116;10080;10206;12.18;0.74;242.43;9.87;702;74;3512.00;126
9379;74;628975548;9379;121;10080;10206;12.18;0.74;242.43;9.87;701;74;3513.00;126
9382;74;628975558;9382;119;10084;10212;12.21;0.74;242.45;9.87;702;74;3514.00;128
9386;74;628975569;9386;119;10085;10212;12.16;0.74;242.41;9.86;699;74;3515.00;127
9389;74;628975580;9389;119;10085;10212;12.02;0.73;242.42;9.86;696;74;3516.00;127
9393;75;628975590;9393;125;10088;10212;11.92;0.72;242.42;10.00;695;75;3517.00;124
9394;75;628975611;9394;127;10091;10216;11.78;0.71;242.41;10.00;697;75;3518.00;125
9396;75;628975621;9396;132;10093;10219;11.71;0.71;242.44;9.99;697;75;3519.00;126
9397;75;628975633;9397;143;10094;10219;11.62;0.70;242.45;9.99;697;75;3520.00;125
9399;75;628975643;9399;144;10095;10220;11.55;0.70;242.49;9.99;696;75;3521.00;125
9404;75;628975657;9404;147;10095;10220;11.44;0.69;242.50;9.99;691;75;3522.00;125
9408;75;628975667;9408;152;10095;10220;11.31;0.69;242.47;9.99;687;75;3523.00;125
9409;75;628975678;9409;160;10095;10220;11.16;0.68;242.48;9.99;686;75;3524.00;125
9410;75;628975688;9410;168;10096;10220;11.03;0.67;242.53;10.13;686;75;3525.00;124
9411;75;628975697;9411;174;10097;10220;10.94;0.67;242.54;10.14;686;75;3526.00;123
9416;75;628975707;9416;173;10097;10220;10.83;0.66;242.47;10.14;681;75;3527.00;123
9421;75;628975723;9421;179;10132;10290;10.86;0.66;242.58;10.10;711;75;3528.00;158
9422;75;628975738;9422;183;10134;10291;10.81;0.66;242.59;10.11;712;75;3529.00;157
9426;75;628975748;9426;191;10143;10291;10.78;0.66;242.62;10.12;717;75;3530.00;148
9426;75;628975758;9426;198;10149;10291;10.73;0.66;242.62;10.11;723;75;3531.00;142
9431;75;628975768;9431;199;10153;10291;10.60;0.65;242.65;10.13;722;75;3532.00;138
9433;75;628975778;9433;204;10156;10291;10.54;0.64;242.65;10.26;723;75;3533.00;135
9437;75;628975787;9437;212;10163;10291;10.45;0.64;242.63;10.28;726;75;3534.00;128
9438;75;628975797;9438;217;10164;10291;10.30;0.63;242.61;10.28;726;75;3535.00;127
9441;75;628975807;9441;219;10169;10292;10.12;0.62;242.58;10.30;728;75;3536.00;123
9444;75;628975816;9444;223;10173;10293;10.03;0.61;242.58;10.31;729;75;3537.00;120
9446;75;628975826;9446;228;10175;10293;9.86;0.60;242.56;10.32;729;75;3538.00;118
9447;75;628975836;9447;231;10179;10297;9.70;0.59;242.53;10.33;732;75;3539.00;118
9448;75;628975847;9448;237;10180;10297;9.51;0.58;242.53;10.34;732;75;3540.00;117
9449;75;628975856;9449;246;10180;10297;9.36;0.57;242.50;10.34;731;75;3541.00;117
9449;75;628975865;9449;249;10181;10297;9.20;0.56;242.50;10.34;732;75;3542.00;116
9451;76;628975874;9451;257;10186;10303;9.11;0.56;242.48;10.35;735;76;3543.00;117
9454;76;628975901;9454;267;10189;10303;8.94;0.55;242.52;10.37;735;76;3544.00;114
9454;76;628975911;9454;277;10191;10303;8.77;0.54;242.52;10.38;737;76;3545.00;112
9456;76;628975924;9456;282;10195;10306;8.65;0.53;242.55;10.39;739;76;3546.00;111
9458;76;628975934;9458;294;10196;10306;8.50;0.52;242.52;10.39;738;76;3547.00;110
9461;76;628975947;9461;302;10196;10306;8.32;0.51;242.50;10.39;735;76;3548.00;110
9461;76;628975955;9461;304;10197;10307;8.10;0.50;242.50;10.40;736;76;3549.00;110
9465;76;628975963;9465;306;10199;10308;7.92;0.49;242.45;10.40;734;76;3550.00;109
9468;76;628975972;9468;308;10200;10308;7.77;0.48;242.46;10.41;732;76;3551.00;108
9472;76;628975981;9472;314;10212;10321;7.66;0.47;242.40;10.40;740;76;3552.00;109
9473;76;628975990;9473;318;10213;10321;7.58;0.46;242.37;10.41;740;76;3553.00;108
9476;76;628975999;9476;322;10213;10321;7.49;0.46;242.33;10.41;737;76;3554.00;108
9477;76;628976007;9477;324;10216;10323;7.42;0.45;242.32;10.40;739;76;3555.00;107
9478;76;628976027;9478;326;10217;10323;7.32;0.45;242.31;10.41;739;76;3556.00;106
9479;76;628976035;9479;325;10220;10327;7.33;0.45;242.29;10.41;741;76;3557.00;107
9480;76;628976043;9480;329;10221;10327;7.33;0.45;242.28;10.42;741;76;3558.00;106
9481;76;628976051;9481;329;10225;10331;7.34;0.45;242.27;10.41;744;76;3559.00;106
9482;76;628976059;9482;330;10226;10331;7.30;0.45;242.26;10.42;744;76;3560.00;105
9485;76;628976067;9485;334;10227;10331;7.18;0.44;242.21;10.43;742;76;3561.00;104
9487;76;628976075;9487;333;10227;10331;7.12;0.44;242.20;10.43;740;76;3562.00;104
9491;76;628976084;9491;328;10230;10331;7.05;0.43;242.20;10.46;739;76;3563.00;101
9492;76;628976092;9492;312;10239;10343;7.13;0.44;242.19;10.45;747;76;3564.00;104
9496;76;628976101;9496;304;10239;10343;7.01;0.43;242.15;10.45;743;76;3565.00;104
9496;76;628976110;9496;301;10242;10343;6.92;0.42;242.15;10.45;746;76;3566.00;101
9501;76;628976118;9501;297;10242;10343;6.74;0.41;242.18;10.45;741;76;3567.00;101
9505;77;628976126;9505;301;10245;10343;6.62;0.41;242.27;10.47;740;77;3568.00;98
9505;77;628976146;9505;300;10245;10343;6.60;0.41;242.27;10.47;740;77;3569.00;98
9507;78;628976156;9507;294;10245;10344;6.65;0.41;242.30;10.47;738;78;3570.00;99
9512;78;628976176;9512;288;10246;10344;6.63;0.41;242.29;10.48;734;78;3571.00;98
9516;79;628976185;9516;276;10251;10350;6.72;0.41;242.27;10.47;735;79;3572.00;99
9517;79;628976207;9517;273;10253;10351;6.80;0.42;242.29;10.47;736;79;3573.00;98
9520;79;628976216;9520;272;10254;10351;6.81;0.42;242.29;10.47;734;79;3574.00;97
9524;79;628976230;9524;269;10254;10351;6.79;0.42;242.29;10.47;730;79;3575.00;97
9525;79;628976238;9525;272;10259;10355;6.87;0.42;242.29;10.48;734;79;3576.00;96
9527;79;628976247;9527;264;10259;10355;6.88;0.42;242.31;10.48;732;79;3577.00;96
9527;79;628976256;9527;260;10259;10355;7.01;0.43;242.31;10.48;732;79;3578.00;96
9531;79;628976269;9531;252;10260;10356;7.10;0.43;242.31;10.48;729;79;3579.00;96
9533;79;628976278;9533;248;10263;10360;7.20;0.44;242.33;10.47;730;79;3580.00;97
9538;79;628976287;9538;245;10263;10360;7.27;0.44;242.35;10.47;725;79;3581.00;97
9540;79;628976296;9540;247;10265;10363;7.40;0.45;242.38;10.47;725;79;3582.00;98
9544;79;628976305;9544;238;10266;10363;7.45;0.45;242.37;10.47;722;79;3583.00;97
9546;79;628976315;9546;235;10266;10363;7.53;0.46;242.35;10.47;720;79;3584.00;97
9550;79;628976325;9550;223;10266;10363;7.60;0.46;242.41;10.47;716;79;3585.00;97
9554;79;628976334;9554;220;10269;10367;7.68;0.47;242.42;10.47;715;79;3586.00;98
9555;79;628976345;9555;222;10269;10367;7.74;0.47;242.44;10.47;714;79;3587.00;98
9559;79;628976361;9559;224;10270;10367;7.81;0.48;242.51;10.47;711;79;3588.00;97
9564;79;628976374;9564;223;10270;10367;7.82;0.48;242.56;10.47;706;79;3589.00;97
9567;79;628976386;9567;223;10270;10368;7.83;0.48;242.67;10.47;703;79;3590.00;98
9571;79;628976401;9571;219;10271;10369;7.84;0.48;242.69;10.47;700;79;3591.00;98
9572;79;628976415;9572;212;10271;10369;7.92;0.49;242.68;10.47;699;79;3592.00;98
9577;79;628976435;9577;212;10272;10370;7.91;0.48;242.73;10.47;695;79;3593.00;98
9583;79;628976447;9583;209;10272;10370;7.92;0.48;242.73;10.47;689;79;3594.00;98
9588;79;628976458;9588;214;10272;10370;7.96;0.49;242.74;10.47;684;79;3595.00;98
9592;79;628976469;9592;220;10272;10370;7.98;0.49;242.73;10.47;680;79;3596.00;98
9596;79;628976479;9596;218;10272;10370;7.99;0.49;242.80;10.47;676;79;3597.00;98
9600;79;628976490;9600;219;10272;10370;8.11;0.50;242.80;10.47;672;79;3598.00;98
9604;79;628976500;9604;216;10272;10370;8.20;0.50;242.79;10.47;668;79;3599.00;98
9608;79;628976513;9608;250;10384;10623;8.40;0.53;242.79;10.35;776;79;3600.00;239
9614;79;628976547;9614;250;10390;10624;8.50;0.53;242.78;10.35;776;79;3601.00;234
9616;79;628976559;9616;234;10402;10624;8.66;0.54;242.75;10.34;786;79;3602.00;222
9619;79;628976571;9619;232;10412;10624;8.76;0.55;242.77;10.33;793;79;3603.00;212
9623;79;628976582;9623;229;10418;10624;8.86;0.55;242.79;10.33;795;79;3604.00;206
9628;79;628976593;9628;221;10424;10624;8.97;0.56;242.79;10.32;796;79;3605.00;200
9629;79;628976605;9629;218;10433;10624;9.00;0.56;242.79;10.32;804;79;3606.00;191
9634;79;628976616;9634;218;10438;10624;8.98;0.56;242.81;10.32;804;79;3607.00;186
9639;79;628976627;9639;220;10443;10625;9.06;0.56;242.84;10.32;804;79;3608.00;182
9644;79;628976645;9644;220;10446;10626;9.13;0.57;242.82;10.32;802;79;3609.00;180
9650;79;628976657;9650;219;10450;10626;9.14;0.57;242.82;10.32;800;79;3610.00;176
9652;79;628976669;9652;220;10457;10627;9.12;0.57;242.81;10.32;805;79;3611.00;170
9656;79;628976680;9656;223;10460;10627;9.04;0.56;242.80;10.32;804;79;3612.00;167
9664;79;628976697;9664;230;10461;10627;8.98;0.56;242.78;10.32;797;79;3613.00;166
9667;79;628976709;9667;230;10465;10627;8.95;0.55;242.77;10.32;798;79;3614.00;162
9670;79;628976721;9670;235;10472;10631;8.93;0.55;242.83;10.46;802;79;3615.00;159
9676;79;628976736;9676;232;10472;10631;8.97;0.55;242.86;10.46;796;79;3616.00;159
9678;79;628976748;9678;225;10474;10631;9.04;0.56;242.88;10.46;796;79;3617.00;157
9683;79;628976761;9683;228;10477;10634;9.08;0.56;242.89;10.46;794;79;3618.00;157
9685;79;628976779;9685;219;10479;10634;9.15;0.56;242.91;10.46;794;79;3619.00;155
9690;79;628976791;9690;217;10482;10634;9.17;0.56;242.95;10.46;792;79;3620.00;152
9694;79;628976804;9694;222;10486;10638;9.28;0.57;242.99;10.46;792;79;3621.00;152
9699;79;628976817;9699;224;10487;10639;9.41;0.58;243.09;10.46;788;79;3622.00;152
9701;79;628976829;9701;228;10489;10639;9.59;0.59;243.15;10.46;788;79;3623.00;150
9704;79;628976841;9704;227;10491;10643;9.75;0.60;243.15;10.46;787;79;3624.00;152
9708;79;628976854;9708;230;10494;10643;9.80;0.60;243.17;10.46;786;79;3625.00;149
9713;79;628976867;9713;215;10494;10643;9.90;0.60;243.15;10.46;781;79;3626.00;149
9716;79;628976879;9716;199;10498;10644;9.99;0.61;243.19;10.46;782;79;3627.00;146
9719;79;628976898;9719;187;10499;10644;10.10;0.61;243.23;10.46;780;79;3628.00;145
9720;79;628976911;9720;180;10503;10650;10.19;0.62;243.22;10.46;783;79;3629.00;147
9722;79;628976926;9722;176;10505;10650;10.30;0.63;243.27;10.46;783;79;3630.00;145
9724;80;628976939;9724;176;10506;10651;10.40;0.63;243.26;10.46;782;80;3631.00;145
9726;80;628976965;9726;163;10506;10651;10.57;0.64;243.28;10.46;780;80;3632.00;145
9730;80;628976982;9730;156;10506;10651;10.69;0.65;243.30;10.46;776;80;3633.00;145
9731;80;628976995;9731;156;10506;10651;10.83;0.66;243.31;10.46;775;80;3634.00;145
9736;80;628977009;9736;155;10506;10651;10.89;0.66;243.29;10.46;770;80;3635.00;145
9736;80;628977021;9736;154;10516;10663;10.89;0.66;243.29;10.45;780;80;3636.00;147
9739;81;628977034;9739;152;10516;10663;10.91;0.66;243.32;10.45;777;81;3637.00;147
9742;81;628977063;9742;152;10517;10663;10.97;0.67;243.33;10.45;775;81;3638.00;146
9744;81;628977075;9744;152;10517;10663;11.05;0.67;243.33;10.45;773;81;3639.00;146
9746;81;628977089;9746;157;10517;10663;11.20;0.68;243.34;10.45;771;81;3640.00;146
9752;81;628977101;9752;154;10517;10663;11.22;0.68;243.45;10.45;765;81;3641.00;146
9754;81;628977120;9754;159;10521;10667;11.26;0.69;243.45;10.45;767;81;3642.00;146
9760;81;628977132;9760;158;10521;10667;11.28;0.68;243.50;10.45;761;81;3643.00;146
9762;81;628977144;9762;157;10524;10671;11.40;0.69;243.59;10.45;762;81;3644.00;147
9765;81;628977156;9765;155;10526;10673;11.38;0.69;243.61;10.45;761;81;3645.00;147
9768;81;628977169;9768;161;10527;10673;11.42;0.69;243.60;10.45;759;81;3646.00;146
9770;81;628977180;9770;166;10529;10673;11.36;0.69;243.62;10.45;759;81;3647.00;144
9775;81;628977197;9775;169;10537;10686;11.34;0.69;243.66;10.44;762;81;3648.00;149
9776;82;628977210;9776;166;10538;10686;11.37;0.69;243.68;10.44;762;82;3649.00;148
9780;82;628977231;9780;172;10538;10686;11.42;0.69;243.66;10.44;758;82;3650.00;148
9785;82;628977243;9785;172;10539;10687;11.46;0.70;243.64;10.44;754;82;3651.00;148
9789;82;628977272;9789;177;10539;10688;11.47;0.70;243.64;10.44;750;82;3652.00;149
9791;82;628977283;9791;179;10539;10688;11.51;0.70;243.65;10.44;748;82;3653.00;149
9794;82;628977294;9794;174;10541;10691;11.47;0.70;243.67;10.44;747;82;3654.00;150
9798;82;628977306;9798;173;10541;10691;11.37;0.69;243.70;10.44;743;82;3655.00;150
9799;82;628977316;9799;175;10543;10691;11.33;0.69;243.71;10.58;744;82;3656.00;148
9801;82;628977326;9801;169;10543;10691;11.29;0.69;243.74;10.58;742;82;3657.00;148
9802;82;628977337;9802;167;10547;10697;11.29;0.69;243.75;10.58;745;82;3658.00;150
9804;82;628977349;9804;163;10547;10697;11.24;0.69;243.77;10.58;743;82;3659.00;150
9806;82;628977362;9806;163;10548;10697;11.31;0.69;243.84;10.58;742;82;3660.00;149
9807;82;628977372;9807;158;10548;10697;11.28;0.69;243.88;10.58;741;82;3661.00;149
9811;82;628977389;9811;163;10551;10701;11.28;0.69;243.91;10.57;740;82;3662.00;150
9812;82;628977400;9812;160;10552;10702;11.31;0.69;243.90;10.57;740;82;3663.00;150
9817;82;628977411;9817;161;10552;10702;11.26;0.69;243.86;10.57;735;82;3664.00;150
9820;82;628977421;9820;166;10553;10703;11.28;0.69;243.85;10.57;733;82;3665.00;150
9825;82;628977432;9825;167;10553;10703;11.28;0.69;243.84;10.57;728;82;3666.00;150
9833;82;628977443;9833;165;10554;10703;11.19;0.68;243.85;10.58;721;82;3667.00;149
9835;82;628977454;9835;167;10554;10703;11.17;0.68;243.85;10.58;719;82;3668.00;149
9839;82;628977464;9839;168;10554;10703;11.07;0.68;243.85;10.58;715;82;3669.00;149
9840;82;628977474;9840;172;10554;10703;11.03;0.67;243.85;10.58;714;82;3670.00;149
9844;82;628977484;9844;174;10554;10703;11.04;0.67;243.82;10.58;710;82;3671.00;149
9844;82;628977493;9844;176;10588;10773;10.90;0.67;243.82;10.69;744;82;3672.00;185
9848;82;628977507;9848;177;10588;10774;10.91;0.67;243.82;10.69;740;82;3673.00;186
9849;82;628977518;9849;174;10596;10774;10.99;0.67;243.81;10.69;747;82;3674.00;178
9856;82;628977528;9856;173;10600;10774;10.98;0.67;243.80;10.85;744;82;3675.00;174
9859;82;628977542;9859;175;10604;10774;11.05;0.67;243.80;10.85;745;82;3676.00;170
9861;82;628977553;9861;170;10607;10774;11.11;0.68;243.82;10.85;746;82;3677.00;167
9865;83;628977563;9865;171;10611;10774;11.18;0.68;243.79;10.85;746;83;3678.00;163
9868;83;628977584;9868;169;10613;10774;11.21;0.68;243.78;10.99;745;83;3679.00;161
9871;84;628977596;9871;161;10616;10775;11.28;0.69;243.76;10.99;745;84;3680.00;159
9873;84;628977613;9873;148;10617;10776;11.33;0.69;243.74;10.98;744;84;3681.00;159
9876;84;628977628;9876;143;10619;10776;11.35;0.69;243.72;11.12;743;84;3682.00;157
9877;84;628977644;9877;133;10622;10780;11.26;0.69;243.70;11.12;745;84;3683.00;158
9878;84;628977665;9878;132;10622;10780;11.25;0.69;243.69;11.12;744;84;3684.00;158
9878;84;628977681;9878;139;10622;10780;11.13;0.68;243.69;11.12;744;84;3685.00;158
9881;84;628977692;9881;140;10622;10780;11.07;0.67;243.69;11.12;741;84;3686.00;158
9884;84;628977702;9884;143;10626;10786;11.02;0.67;243.69;11.12;742;84;3687.00;160
9886;84;628977714;9886;150;10627;10786;11.01;0.67;243.67;11.12;741;84;3688.00;159
9889;84;628977724;9889;162;10630;10786;10.91;0.66;243.77;11.13;741;84;3689.00;156
9890;84;628977736;9890;165;10634;10792;10.82;0.66;243.75;11.12;744;84;3690.00;158
9893;84;628977747;9893;175;10635;10792;10.70;0.65;243.76;11.13;742;84;3691.00;157
9896;84;628977758;9896;183;10638;10792;10.57;0.64;243.72;11.13;742;84;3692.00;154
9896;84;628977768;9896;191;10638;10793;10.46;0.64;243.72;11.13;742;84;3693.00;155
9899;84;628977777;9899;198;10641;10794;10.34;0.63;243.67;11.14;742;84;3694.00;153
9902;84;628977787;9902;204;10642;10794;10.25;0.62;243.62;11.14;740;84;3695.00;152
9906;84;628977798;9906;214;10652;10807;10.15;0.62;243.59;11.13;746;84;3696.00;155
9910;84;628977809;9910;222;10652;10807;10.02;0.61;243.54;11.13;742;84;3697.00;155
9913;84;628977819;9913;228;10653;10807;9.91;0.60;243.51;11.14;740;84;3698.00;154
9914;84;628977829;9914;228;10655;10808;9.83;0.60;243.48;11.14;741;84;3699.00;153
9914;84;628977839;9914;241;10660;10808;9.72;0.59;243.48;11.17;746;84;3700.00;148
9916;84;628977853;9916;242;10663;10812;9.68;0.59;243.46;11.17;747;84;3701.00;149
9921;84;628977863;9921;250;10665;10812;9.57;0.58;243.40;11.19;744;84;3702.00;147
9925;84;628977874;9925;253;10670;10816;9.47;0.58;243.36;11.20;745;84;3703.00;146
9925;84;628977884;9925;259;10670;10816;9.38;0.57;243.36;11.20;745;84;3704.00;146
9929;84;628977894;9929;265;10673;10816;9.16;0.56;243.33;11.23;744;84;3705.00;143
9932;84;628977904;9932;268;10673;10816;9.07;0.55;243.31;11.23;741;84;3706.00;143
9934;84;628977913;9934;273;10674;10816;8.96;0.54;243.29;11.24;740;84;3707.00;142
9934;84;628977923;9934;280;10687;10828;8.90;0.54;243.29;11.26;753;84;3708.00;141
9936;84;628977933;9936;286;10690;10828;8.80;0.54;243.31;11.27;754;84;3709.00;138
9937;84;628977942;9937;289;10694;10828;8.69;0.53;243.30;11.29;757;84;3710.00;134
9938;84;628977953;9938;295;10695;10828;8.56;0.52;243.28;11.29;757;84;3711.00;133
9938;84;628977962;9938;307;10697;10828;8.51;0.52;243.28;11.31;759;84;3712.00;131
9941;84;628977970;9941;314;10697;10828;8.42;0.52;243.34;11.31;756;84;3713.00;131
9942;84;628977979;9942;322;10699;10829;8.32;0.51;243.36;11.32;757;84;3714.00;130
9944;84;628977988;9944;314;10700;10829;8.17;0.50;243.34;11.33;756;84;3715.00;129
9944;84;628977997;9944;308;10704;10835;8.15;0.50;243.34;11.33;760;84;3716.00;131
9946;84;628978006;9946;309;10709;10836;8.05;0.49;243.41;11.36;763;84;3717.00;127
9946;84;628978015;9946;309;10709;10836;7.99;0.49;243.41;11.36;763;84;3718.00;127
9949;84;628978024;9949;307;10711;10836;7.86;0.48;243.44;11.38;762;84;3719.00;125
9952;84;628978035;9952;300;10715;10841;7.80;0.48;243.41;11.37;763;84;3720.00;126
9952;85;628978045;9952;291;10715;10841;7.72;0.47;243.41;11.37;763;85;3721.00;126
9954;85;628978061;9954;285;10715;10841;7.72;0.47;243.39;11.37;761;85;3722.00;126
9954;86;628978070;9954;280;10718;10842;7.75;0.48;243.39;11.39;764;86;3723.00;124
9954;86;628978090;9954;279;10721;10846;7.80;0.48;243.39;11.39;767;86;3724.00;125
9955;86;628978100;9955;275;10724;10846;7.85;0.48;243.39;11.41;769;86;3725.00;122
9958;86;628978119;9958;278;10726;10849;7.89;0.48;243.36;11.41;768;86;3726.00;123
9958;86;628978129;9958;277;10728;10849;7.93;0.49;243.36;11.42;770;86;3727.00;121
9959;86;628978139;9959;274;10730;10849;7.98;0.49;243.35;11.43;771;86;3728.00;119
9961;86;628978148;9961;279;10730;10849;8.02;0.49;243.33;11.43;769;86;3729.00;119
9965;86;628978163;9965;277;10734;10853;8.04;0.49;243.28;11.43;769;86;3730.00;119
9967;86;628978174;9967;278;10735;10853;8.06;0.49;243.26;11.43;768;86;3731.00;118
9969;86;628978183;9969;281;10737;10853;7.97;0.49;243.24;11.44;768;86;3732.00;116
9971;86;628978192;9971;280;10737;10853;7.85;0.48;243.24;11.44;766;86;3733.00;116
9975;86;628978201;9975;283;10739;10854;7.70;0.47;243.30;11.45;764;86;3734.00;115
9977;86;628978211;9977;280;10741;10856;7.56;0.46;243.29;11.45;764;86;3735.00;115
9981;86;628978220;9981;279;10741;10856;7.42;0.45;243.28;11.45;760;86;3736.00;115
9983;86;628978229;9983;282;10744;10857;7.33;0.45;243.26;11.46;761;86;3737.00;113
9986;86;628978239;9986;283;10744;10857;7.29;0.45;243.25;11.46;758;86;3738.00;113
9990;86;628978248;9990;287;10744;10857;7.23;0.44;243.27;11.46;754;86;3739.00;113
9994;86;628978258;9994;275;10745;10857;7.14;0.44;243.27;11.47;751;86;3740.00;112
9996;86;628978268;9996;272;10745;10857;7.08;0.43;243.24;11.47;749;86;3741.00;112
9998;86;628978276;9998;266;10746;10857;7.06;0.43;243.27;11.47;748;86;3742.00;111
10003;86;628978285;10003;258;10746;10857;7.05;0.43;243.25;11.47;743;86;3743.00;111
10006;86;628978295;10006;269;10814;10984;7.33;0.46;243.28;11.41;808;86;3744.00;170
10009;86;628978314;10009;261;10818;10985;7.32;0.46;243.27;11.40;809;86;3745.00;167
10014;86;628978324;10014;255;10828;10985;7.43;0.46;243.27;11.39;814;86;3746.00;157
10019;86;628978333;10019;250;10831;10985;7.40;0.46;243.29;11.40;812;86;3747.00;154
10021;86;628978343;10021;251;10837;10985;7.48;0.46;243.29;11.39;816;86;3748.00;148
10024;86;628978358;10024;249;10841;10985;7.54;0.47;243.30;11.39;817;86;3749.00;144
10029;86;628978372;10029;248;10847;10990;7.56;0.47;243.31;11.39;818;86;3750.00;143
10030;86;628978387;10030;246;10850;10990;7.62;0.47;243.31;11.52;820;86;3751.00;140
10033;86;628978404;10033;244;10854;10991;7.68;0.47;243.33;11.52;821;86;3752.00;137
10037;86;628978418;10037;246;10858;10992;7.74;0.48;243.43;11.52;821;86;3753.00;134
10037;86;628978432;10037;247;10862;10992;7.88;0.48;243.43;11.52;825;86;3754.00;130
10041;86;628978445;10041;243;10863;10993;7.93;0.49;243.44;11.52;822;86;3755.00;130
10049;86;628978457;10049;247;10866;10993;7.93;0.49;243.48;11.52;817;86;3756.00;127
10050;86;628978469;10050;242;10867;10993;8.06;0.50;243.46;11.52;817;86;3757.00;126
10056;86;628978481;10056;238;10869;10993;8.10;0.50;243.46;11.52;813;86;3758.00;124
10059;86;628978493;10059;232;10872;10997;8.14;0.50;243.48;11.52;813;86;3759.00;125
10063;86;628978504;10063;231;10874;10997;8.22;0.50;243.44;11.52;811;86;3760.00;123
10068;86;628978516;10068;224;10876;10997;8.22;0.50;243.53;11.52;808;86;3761.00;121
10072;86;628978539;10072;225;10879;11000;8.28;0.51;243.53;11.51;807;86;3762.00;121
10078;86;628978551;10078;221;10879;11000;8.33;0.51;243.55;11.51;801;86;3763.00;121
10083;86;628978563;10083;216;10879;11000;8.38;0.51;243.58;11.51;796;86;3764.00;121
10088;86;628978581;10088;210;10882;11004;8.39;0.51;243.60;11.51;794;86;3765.00;122
10090;86;628978599;10090;205;10884;11005;8.42;0.52;243.61;11.51;794;86;3766.00;121
10096;86;628978610;10096;208;10884;11005;8.47;0.52;243.66;11.51;788;86;3767.00;121
10097;86;628978637;10097;210;10887;11009;8.54;0.52;243.64;11.51;790;86;3768.00;122
10104;86;628978648;10104;211;10888;11009;8.50;0.52;243.64;11.51;784;86;3769.00;121
10111;86;628978660;10111;212;10889;11009;8.51;0.52;243.65;11.51;778;86;3770.00;120
10114;86;628978670;10114;208;10891;11010;8.59;0.52;243.66;11.51;777;86;3771.00;119
10119;86;628978682;10119;208;10891;11010;8.67;0.53;243.72;11.51;772;86;3772.00;119
10124;86;628978694;10124;209;10895;11016;8.74;0.53;243.74;11.50;771;86;3773.00;121
10127;86;628978706;10127;210;10896;11016;8.81;0.54;243.76;11.50;769;86;3774.00;120
10129;86;628978717;10129;215;10896;11017;8.88;0.54;243.78;11.50;767;86;3775.00;121
10131;86;628978729;10131;216;10896;11017;9.00;0.55;243.82;11.50;765;86;3776.00;121
10135;86;628978740;10135;217;10896;11017;9.03;0.55;243.86;11.50;761;86;3777.00;121
10138;86;628978757;10138;222;10896;11017;9.11;0.56;243.86;11.50;758;86;3778.00;121
10143;86;628978768;10143;221;10897;11017;9.18;0.56;243.88;11.64;754;86;3779.00;120
10149;86;628978781;10149;229;10921;11053;9.31;0.57;243.85;11.61;772;86;3780.00;132
10155;86;628978795;10155;229;10922;11053;9.31;0.57;243.82;11.61;767;86;3781.00;131
10160;86;628978808;10160;224;10924;11053;9.30;0.57;243.87;11.61;764;86;3782.00;129
10163;86;628978820;10163;226;10924;11053;9.34;0.57;243.88;11.61;761;86;3783.00;129
10168;86;628978832;10168;226;10925;11053;9.39;0.57;243.90;11.61;757;86;3784.00;128
10170;86;628978844;10170;232;10925;11053;9.38;0.58;243.98;11.61;755;86;3785.00;128
10173;86;628978855;10173;234;10929;11057;9.38;0.58;243.98;11.60;756;86;3786.00;128
10178;86;628978867;10178;231;10929;11057;9.39;0.58;244.00;11.60;751;86;3787.00;128
10183;86;628978878;10183;226;10932;11061;9.45;0.58;243.98;11.60;749;86;3788.00;129
10187;86;628978891;10187;223;10933;11062;9.50;0.58;243.98;11.60;746;86;3789.00;129
10191;86;628978902;10191;221;10934;11062;9.53;0.58;244.06;11.60;743;86;3790.00;128
10191;86;628978914;10191;219;10935;11062;9.64;0.59;244.06;11.60;744;86;3791.00;127
10195;86;628978925;10195;216;10944;11075;9.73;0.59;244.08;11.59;749;86;3792.00;131
10196;86;628978938;10196;215;10946;11075;9.72;0.59;244.09;11.59;750;86;3793.00;129
10200;86;628978949;10200;215;10947;11075;9.69;0.59;244.12;11.59;747;86;3794.00;128
10201;86;628978961;10201;215;10948;11076;9.66;0.59;244.10;11.59;747;86;3795.00;128
10205;86;628978972;10205;205;10948;11077;9.69;0.59;244.12;11.59;743;86;3796.00;129
10210;86;628978984;10210;187;10948;11077;9.74;0.60;244.13;11.59;738;86;3797.00;129
10214;86;628978996;10214;178;10951;11080;9.83;0.60;244.15;11.58;737;86;3798.00;129
10216;86;628979014;10216;170;10951;11080;9.91;0.61;244.15;11.58;735;86;3799.00;129
10219;86;628979026;10219;166;10951;11080;10.00;0.61;244.14;11.58;732;86;3800.00;129
10224;86;628979041;10224;163;10951;11080;10.08;0.62;244.11;11.58;727;86;3801.00;129
10227;86;628979060;10227;159;10955;11086;10.12;0.62;244.19;11.58;728;86;3802.00;131
10231;86;628979074;10231;155;10955;11086;10.18;0.62;244.19;11.58;724;86;3803.00;131
10234;86;628979087;10234;147;10956;11086;10.28;0.63;244.20;11.58;722;86;3804.00;130
10237;86;628979105;10237;146;10956;11086;10.29;0.63;244.23;11.58;719;86;3805.00;130
10241;86;628979117;10241;145;10959;11090;10.29;0.63;244.26;11.58;718;86;3806.00;131
10244;86;628979130;10244;145;10960;11091;10.33;0.63;244.26;11.57;716;86;3807.00;131
10251;86;628979142;10251;144;10960;11091;10.32;0.63;244.41;11.57;709;86;3808.00;131
10253;86;628979154;10253;145;10961;11092;10.36;0.63;244.43;11.57;708;86;3809.00;131
10258;86;628979166;10258;148;10961;11092;10.42;0.64;244.48;11.57;703;86;3810.00;131
10263;86;628979178;10263;151;10961;11092;10.50;0.64;244.49;11.57;698;86;3811.00;131
10267;86;628979188;10267;153;10961;11092;10.51;0.64;244.51;11.57;694;86;3812.00;131
10272;86;628979199;10272;149;10961;11092;10.59;0.64;244.49;11.57;689;86;3813.00;131
10275;86;628979210;10275;159;10961;11092;10.67;0.65;244.50;11.57;686;86;3814.00;131
10277;86;628979220;10277;161;10961;11092;10.74;0.65;244.49;11.57;684;86;3815.00;131
10277;86;628979230;10277;175;10998;11162;10.60;0.65;244.49;11.53;721;86;3816.00;164
10282;86;628979246;10282;170;11000;11163;10.60;0.64;244.47;11.53;718;86;3817.00;163
10284;86;628979257;10284;171;11006;11163;10.68;0.65;244.46;11.53;722;86;3818.00;157
10286;86;628979274;10286;171;11010;11163;10.73;0.65;244.44;11.52;724;86;3819.00;153
10289;86;628979284;10289;171;11015;11163;10.77;0.66;244.44;11.52;726;86;3820.00;148
10291;86;628979294;10291;174;11017;11163;10.72;0.65;244.41;11.52;726;86;3821.00;146
10297;86;628979304;10297;175;11020;11163;10.73;0.65;244.42;11.52;723;86;3822.00;143
10299;86;628979314;10299;180;11022;11163;10.77;0.65;244.45;11.52;723;86;3823.00;141
10301;86;628979325;10301;182;11025;11164;10.79;0.66;244.44;11.52;724;86;3824.00;139
10303;86;628979335;10303;188;11027;11166;10.75;0.65;244.43;11.51;724;86;3825.00;139
10306;86;628979347;10306;193;11028;11166;10.71;0.65;244.42;11.51;722;86;3826.00;138
10310;86;628979362;10310;194;11031;11170;10.64;0.65;244.43;11.51;721;86;3827.00;139
10311;86;628979379;10311;203;11031;11170;10.65;0.65;244.43;11.51;720;86;3828.00;139
10311;86;628979389;10311;199;11031;11170;10.58;0.64;244.43;11.51;720;86;3829.00;139
10313;86;628979398;10313;195;11031;11170;10.49;0.64;244.44;11.51;718;86;3830.00;139
10316;86;628979408;10316;197;11034;11176;10.46;0.64;244.47;11.51;718;86;3831.00;142
10317;86;628979419;10317;198;11035;11176;10.48;0.64;244.46;11.51;718;86;3832.00;141
10320;86;628979428;10320;199;11035;11176;10.46;0.64;244.45;11.51;715;86;3833.00;141
10323;86;628979438;10323;203;11038;11179;10.51;0.64;244.45;11.50;715;86;3834.00;141
10325;86;628979448;10325;204;11038;11179;10.54;0.64;244.45;11.50;713;86;3835.00;141
10328;86;628979458;10328;206;11038;11179;10.55;0.64;244.57;11.50;710;86;3836.00;141
10333;86;628979468;10333;210;11038;11180;10.55;0.64;244.53;11.50;705;86;3837.00;142
10337;86;628979477;10337;211;11039;11181;10.53;0.64;244.50;11.50;702;86;3838.00;142
10341;86;628979486;10341;203;11039;11181;10.46;0.64;244.46;11.50;698;86;3839.00;142
10343;86;628979497;10343;207;11054;11207;10.37;0.63;244.47;11.49;711;86;3840.00;153
10345;86;628979508;10345;206;11055;11207;10.33;0.63;244.46;11.49;710;86;3841.00;152
10347;86;628979517;10347;202;11057;11207;10.31;0.63;244.44;11.48;710;86;3842.00;150
10353;86;628979526;10353;199;11059;11208;10.22;0.62;244.41;11.49;706;86;3843.00;149
10358;86;628979536;10358;193;11059;11208;10.23;0.62;244.36;11.49;701;86;3844.00;149
10359;86;628979546;10359;199;11062;11212;10.31;0.63;244.34;11.50;703;86;3845.00;150
10363;86;628979556;10363;194;11064;11214;10.41;0.63;244.29;11.50;701;86;3846.00;150
10367;86;628979566;10367;192;11068;11218;10.41;0.63;244.24;11.49;701;86;3847.00;150
10372;86;628979582;10372;191;11068;11218;10.48;0.64;244.20;11.49;696;86;3848.00;150
10376;86;628979591;10376;184;11068;11218;10.56;0.64;244.18;11.49;692;86;3849.00;150
10377;86;628979600;10377;182;11068;11218;10.58;0.64;244.18;11.49;691;86;3850.00;150
10379;86;628979609;10379;179;11068;11218;10.62;0.65;244.16;11.49;689;86;3851.00;150
10382;86;628979618;10382;176;11079;11230;10.50;0.64;244.15;11.48;697;86;3852.00;151
10384;86;628979634;10384;173;11079;11230;10.49;0.64;244.16;11.48;695;86;3853.00;151
10387;86;628979649;10387;172;11080;11230;10.51;0.64;244.13;11.48;693;86;3854.00;150
10389;86;628979658;10389;179;11080;11230;10.49;0.64;244.13;11.48;691;86;3855.00;150
10393;86;628979667;10393;180;11080;11230;10.52;0.64;244.09;11.48;687;86;3856.00;150
10395;86;628979677;10395;182;11080;11230;10.58;0.64;244.08;11.48;685;86;3857.00;150
10396;86;628979686;10396;185;11083;11231;10.59;0.64;244.07;11.49;687;86;3858.00;148
10398;86;628979695;10398;191;11083;11231;10.65;0.65;244.13;11.49;685;86;3859.00;148
10399;86;628979704;10399;194;11086;11237;10.72;0.65;244.12;11.48;687;86;3860.00;151
10403;86;628979714;10403;195;11090;11238;10.67;0.65;244.10;11.48;687;86;3861.00;148
10404;86;628979723;10404;197;11091;11238;10.56;0.64;244.10;11.50;687;86;3862.00;147
10405;86;628979733;10405;201;11092;11238;10.48;0.64;244.08;11.50;687;86;3863.00;146
10407;86;628979741;10407;204;11094;11242;10.38;0.63;244.06;11.49;687;86;3864.00;148
10409;86;628979750;10409;214;11095;11242;10.29;0.62;244.05;11.50;686;86;3865.00;147
10410;86;628979759;10410;221;11097;11242;10.17;0.62;244.02;11.51;687;86;3866.00;145
10411;86;628979768;10411;215;11098;11243;10.17;0.62;244.03;11.51;687;86;3867.00;145
10412;86;628979777;10412;207;11102;11247;10.10;0.61;244.03;11.51;690;86;3868.00;145
10412;86;628979787;10412;201;11103;11247;10.08;0.61;244.03;11.52;691;86;3869.00;144
10413;86;628979799;10413;196;11107;11253;10.08;0.61;244.01;11.53;694;86;3870.00;146
10413;86;628979809;10413;193;11108;11253;10.14;0.61;244.01;11.53;695;86;3871.00;145
10413;86;628979819;10413;187;11110;11253;10.16;0.62;244.01;11.53;697;86;3872.00;143
10414;86;628979828;10414;182;11111;11253;10.15;0.62;243.99;11.55;697;86;3873.00;142
10415;86;628979838;10415;178;11114;11257;10.12;0.62;243.99;11.55;699;86;3874.00;143
10416;86;628979848;10416;178;11116;11257;10.05;0.61;243.99;11.57;700;86;3875.00;141
10418;86;628979857;10418;180;11117;11257;10.03;0.61;244.00;11.57;699;86;3876.00;140
10419;86;628979866;10419;182;11119;11257;10.00;0.61;243.99;11.59;700;86;3877.00;138
10422;86;628979876;10422;186;11121;11258;9.96;0.61;243.97;11.60;699;86;3878.00;137
10422;86;628979885;10422;187;11123;11259;9.93;0.60;243.97;11.60;701;86;3879.00;136
10424;86;628979901;10424;190;11124;11259;9.89;0.60;243.96;11.62;700;86;3880.00;135
10425;86;628979911;10425;189;11126;11260;9.84;0.60;244.02;11.62;701;86;3881.00;134
10427;86;628979921;10427;194;11126;11260;9.71;0.59;244.02;11.62;699;86;3882.00;134
10429;86;628979936;10429;195;11128;11260;9.63;0.59;244.01;11.63;699;86;3883.00;132
10429;86;628979946;10429;201;11128;11260;9.57;0.59;244.01;11.63;699;86;3884.00;132
10430;86;628979955;10430;204;11130;11260;9.48;0.58;244.00;11.65;700;86;3885.00;130
10430;86;628979970;10430;209;11130;11260;9.43;0.58;244.00;11.65;700;86;3886.00;130
10432;86;628979979;10432;211;11131;11260;9.28;0.57;243.99;11.66;699;86;3887.00;129
10434;86;628979988;10434;233;11197;11387;9.21;0.57;244.02;11.59;763;86;3888.00;190
10437;86;628980013;10437;226;11198;11388;9.07;0.56;244.01;11.59;761;86;3889.00;190
10439;86;628980029;10439;221;11210;11388;9.06;0.56;244.00;11.59;771;86;3890.00;178
10443;86;628980043;10443;217;11218;11388;9.00;0.56;244.02;11.59;775;86;3891.00;170
10444;86;628980053;10444;216;11226;11388;8.93;0.56;244.01;11.59;782;86;3892.00;162
10447;86;628980063;10447;214;11231;11388;8.87;0.55;244.05;11.59;784;86;3893.00;157
10448;86;628980072;10448;220;11238;11388;8.84;0.55;244.05;11.60;790;86;3894.00;150
10451;86;628980083;10451;225;11241;11388;8.84;0.55;244.08;11.60;790;86;3895.00;147
10453;86;628980093;10453;228;11246;11389;8.87;0.55;244.06;11.61;793;86;3896.00;143
10458;86;628980104;10458;232;11248;11390;8.92;0.55;244.01;11.62;790;86;3897.00;142
10460;86;628980115;10460;236;11250;11390;9.03;0.56;244.00;11.62;790;86;3898.00;140
10462;86;628980125;10462;239;11254;11391;9.00;0.56;243.98;11.65;792;86;3899.00;137
10465;86;628980138;10465;246;11259;11406;8.90;0.55;244.02;11.65;794;86;3900.00;147
10469;86;628980154;10469;241;11261;11406;8.82;0.54;244.05;11.66;792;86;3901.00;145
10471;86;628980165;10471;245;11263;11406;8.77;0.54;244.03;11.66;792;86;3902.00;143
10475;86;628980176;10475;253;11266;11410;8.71;0.54;244.02;11.66;791;86;3903.00;144
10480;86;628980186;10480;251;11269;11410;8.63;0.53;244.08;11.67;789;86;3904.00;141
10486;86;628980197;10486;253;11270;11410;8.49;0.52;244.09;11.67;784;86;3905.00;140
10490;86;628980207;10490;261;11274;11413;8.36;0.51;244.14;11.67;784;86;3906.00;139
10496;86;628980218;10496;261;11275;11413;8.23;0.51;244.15;11.67;779;86;3907.00;138
10501;86;628980228;10501;268;11276;11413;8.04;0.49;244.17;11.67;775;86;3908.00;137
10505;86;628980238;10505;266;11280;11417;7.90;0.49;244.16;11.68;775;86;3909.00;137
10508;86;628980247;10508;260;11281;11418;7.85;0.48;244.17;11.68;773;86;3910.00;137
10513;86;628980258;10513;259;11283;11418;7.74;0.48;244.23;11.69;770;86;3911.00;135
10517;86;628980274;10517;257;11287;11422;7.73;0.48;244.22;11.70;770;86;3912.00;135
10523;86;628980284;10523;249;11287;11422;7.72;0.47;244.19;11.70;764;86;3913.00;135
10525;86;628980294;10525;251;11289;11422;7.75;0.48;244.22;11.70;764;86;3914.00;133
10528;86;628980309;10528;248;11292;11424;7.75;0.48;244.23;11.71;764;86;3915.00;132
10533;86;628980320;10533;242;11293;11424;7.82;0.48;244.23;11.71;760;86;3916.00;131
10535;86;628980330;10535;233;11296;11430;7.97;0.49;244.25;11.71;761;86;3917.00;134
10541;86;628980347;10541;237;11298;11430;8.01;0.49;244.21;11.72;757;86;3918.00;132
10544;86;628980363;10544;232;11298;11431;8.08;0.50;244.24;11.72;754;86;3919.00;133
10546;86;628980385;10546;226;11299;11431;8.16;0.50;244.25;11.72;753;86;3920.00;132
10550;86;628980398;10550;219;11299;11431;8.29;0.51;244.27;11.72;749;86;3921.00;132
10555;86;628980413;10555;216;11299;11431;8.34;0.51;244.30;11.72;744;86;3922.00;132
10560;86;628980426;10560;218;11299;11431;8.38;0.51;244.34;11.72;739;86;3923.00;132
10562;86;628980439;10562;216;11308;11443;8.54;0.52;244.36;11.71;746;86;3924.00;135
10568;86;628980461;10568;212;11309;11443;8.67;0.53;244.41;11.71;741;86;3925.00;134
10569;86;628980472;10569;201;11310;11443;8.94;0.55;244.44;11.71;741;86;3926.00;133
10573;86;628980483;10573;199;11310;11443;9.14;0.56;244.46;11.71;737;86;3927.00;133
10578;86;628980494;10578;202;11310;11443;9.20;0.56;244.51;11.71;732;86;3928.00;133
10580;86;628980505;10580;198;11310;11443;9.32;0.57;244.56;11.71;730;86;3929.00;133
10586;86;628980517;10586;200;11315;11447;9.38;0.57;244.56;11.71;729;86;3930.00;132
10591;86;628980528;10591;196;11316;11447;9.42;0.58;244.59;11.71;725;86;3931.00;131
10594;86;628980539;10594;194;11318;11451;9.47;0.58;244.61;11.71;724;86;3932.00;133
10599;86;628980556;10599;197;11319;11452;9.41;0.58;244.65;11.71;720;86;3933.00;133
10601;86;628980568;10601;195;11320;11452;9.42;0.58;244.69;11.71;719;86;3934.00;132
10606;86;628980579;10606;201;11321;11452;9.48;0.58;244.73;11.71;715;86;3935.00;131
10611;86;628980590;10611;203;11332;11465;9.54;0.58;244.73;11.70;721;86;3936.00;133
10617;86;628980602;10617;202;11333;11465;9.50;0.58;244.76;11.70;716;86;3937.00;132
10623;86;628980613;10623;195;11333;11465;9.57;0.58;244.77;11.70;710;86;3938.00;132
10628;86;628980624;10628;194;11334;11466;9.61;0.58;244.83;11.70;706;86;3939.00;132
10633;86;628980635;10633;193;11335;11467;9.57;0.58;244.82;11.70;702;86;3940.00;132
10638;86;628980647;10638;192;11337;11467;9.51;0.58;244.79;11.70;699;86;3941.00;130
10641;86;628980664;10641;204;11340;11470;9.52;0.58;244.81;11.70;699;86;3942.00;130
10645;86;628980675;10645;203;11341;11470;9.51;0.58;244.78;11.70;696;86;3943.00;129
10648;86;628980686;10648;204;11342;11470;9.54;0.58;244.79;11.70;694;86;3944.00;128
10650;86;628980696;10650;205;11342;11470;9.56;0.58;244.76;11.70;692;86;3945.00;128
10655;86;628980707;10655;207;11346;11476;9.56;0.58;244.77;11.70;691;86;3946.00;130
10658;86;628980718;10658;207;11348;11476;9.55;0.58;244.79;11.84;690;86;3947.00;128
10661;86;628980730;10661;211;11348;11476;9.56;0.58;244.79;11.84;687;86;3948.00;128
10665;86;628980741;10665;210;11348;11476;9.49;0.58;244.82;11.84;683;86;3949.00;128
10667;86;628980751;10667;213;11351;11480;9.48;0.58;244.81;11.83;684;86;3950.00;129
10670;86;628980763;10670;207;11352;11481;9.38;0.57;244.82;11.83;682;86;3951.00;129
10673;86;628980774;10673;208;11352;11481;9.31;0.57;244.86;11.83;679;86;3952.00;129
10675;86;628980784;10675;209;11353;11482;9.32;0.57;244.90;11.83;678;86;3953.00;129
10679;86;628980795;10679;217;11353;11482;9.09;0.56;244.91;11.83;674;86;3954.00;129
10684;86;628980805;10684;219;11353;11482;8.93;0.55;244.95;11.83;669;86;3955.00;129
10687;86;628980815;10687;228;11353;11482;8.87;0.54;244.96;11.83;666;86;3956.00;129
10691;86;628980825;10691;219;11353;11482;8.80;0.54;244.99;11.83;662;86;3957.00;129
10695;86;628980835;10695;220;11353;11482;8.75;0.54;245.02;11.83;658;86;3958.00;129
10699;86;628980845;10699;218;11353;11482;8.66;0.53;245.04;11.83;654;86;3959.00;129
10704;86;628980856;10704;235;11422;11607;8.58;0.53;245.04;11.76;718;86;3960.00;185
10709;86;628980875;10709;230;11424;11608;8.57;0.53;245.04;11.76;715;86;3961.00;184
10712;86;628980891;10712;220;11429;11608;8.68;0.54;245.10;11.75;717;86;3962.00;179
10716;86;628980901;10716;221;11431;11608;8.75;0.54;245.16;11.75;715;86;3963.00;177
10720;86;628980911;10720;227;11435;11608;8.84;0.54;245.17;11.75;715;86;3964.00;173
10725;86;628980923;10725;226;11436;11608;8.86;0.54;245.17;11.75;711;86;3965.00;172
10728;86;628980933;10728;213;11440;11608;8.93;0.55;245.21;11.75;712;86;3966.00;168
10731;86;628980944;10731;201;11441;11608;8.98;0.55;245.24;11.75;710;86;3967.00;167
10732;86;628980954;10732;191;11447;11609;9.08;0.56;245.23;11.74;715;86;3968.00;162
10737;86;628980964;10737;185;11449;11610;9.10;0.56;245.27;11.74;712;86;3969.00;161
10741;86;628980975;10741;185;11453;11610;9.12;0.56;245.25;11.74;712;86;3970.00;157
10744;86;628980986;10744;179;11459;11614;9.08;0.55;245.27;11.74;715;86;3971.00;155
10747;86;628980997;10747;178;11461;11614;9.08;0.56;245.29;11.74;714;86;3972.00;153
10748;86;628981016;10748;180;11461;11614;9.01;0.55;245.29;11.74;713;86;3973.00;153
10752;86;628981027;10752;180;11462;11614;9.00;0.55;245.35;11.74;710;86;3974.00;152
10754;86;628981044;10754;183;11465;11620;9.04;0.55;245.35;11.74;711;86;3975.00;155
10756;86;628981061;10756;183;11466;11620;9.09;0.55;245.35;11.74;710;86;3976.00;154
10758;86;628981072;10758;179;11466;11620;9.15;0.56;245.37;11.74;708;86;3977.00;154
10761;86;628981088;10761;178;11469;11623;9.23;0.56;245.39;11.73;708;86;3978.00;154
10763;86;628981099;10763;178;11469;11623;9.40;0.57;245.38;11.73;706;86;3979.00;154
10767;86;628981110;10767;176;11470;11623;9.52;0.58;245.37;11.73;703;86;3980.00;153
10769;86;628981120;10769;179;11470;11624;9.57;0.58;245.36;11.73;701;86;3981.00;154
10772;86;628981130;10772;181;11472;11625;9.57;0.58;245.32;11.73;700;86;3982.00;153
10776;86;628981140;10776;179;11472;11625;9.47;0.58;245.32;11.73;696;86;3983.00;153
10776;86;628981156;10776;188;11482;11638;9.45;0.57;245.32;11.72;706;86;3984.00;156
10778;86;628981167;10778;183;11482;11638;9.45;0.58;245.39;11.72;704;86;3985.00;156
10779;86;628981177;10779;184;11482;11638;9.52;0.58;245.38;11.72;703;86;3986.00;156
10780;86;628981186;10780;180;11483;11639;9.59;0.58;245.37;11.72;703;86;3987.00;156
10784;86;628981196;10784;182;11483;11639;9.63;0.59;245.33;11.72;699;86;3988.00;156
10784;86;628981205;10784;194;11486;11643;9.79;0.60;245.33;11.72;702;86;3989.00;157
10785;86;628981217;10785;194;11486;11643;9.90;0.60;245.32;11.72;701;86;3990.00;157
10785;86;628981226;10785;194;11490;11647;10.03;0.61;245.32;11.71;705;86;3991.00;157
10787;86;628981236;10787;197;11490;11647;10.10;0.62;245.33;11.71;703;86;3992.00;157
10790;86;628981245;10790;195;11490;11647;10.17;0.62;245.32;11.71;700;86;3993.00;157
10793;86;628981255;10793;199;11490;11647;10.16;0.62;245.32;11.71;697;86;3994.00;157
10795;86;628981270;10795;202;11490;11647;10.22;0.62;245.31;11.71;695;86;3995.00;157
10797;86;628981279;10797;206;11500;11659;10.19;0.62;245.31;11.70;703;86;3996.00;159
10802;86;628981289;10802;209;11501;11659;10.26;0.63;245.27;11.70;699;86;3997.00;158
10804;86;628981299;10804;204;11501;11659;10.27;0.63;245.27;11.70;697;86;3998.00;158
10807;86;628981308;10807;199;11501;11659;10.28;0.63;245.24;11.70;694;86;3999.00;158
10811;86;628981318;10811;197;11501;11659;10.34;0.63;245.22;11.70;690;86;4000.00;158
10817;86;628981331;10817;200;11501;11659;10.34;0.63;245.15;11.70;684;86;4001.00;158
10820;86;628981342;10820;199;11501;11660;10.33;0.63;245.14;11.70;681;86;4002.00;159
10823;86;628981351;10823;201;11501;11660;10.32;0.63;245.11;11.70;678;86;4003.00;159
10823;86;628981360;10823;202;11505;11666;10.35;0.63;245.11;11.70;682;86;4004.00;161
10826;86;628981369;10826;203;11508;11668;10.34;0.63;245.10;11.70;682;86;4005.00;160
10829;86;628981378;10829;205;11509;11668;10.30;0.63;245.09;11.84;680;86;4006.00;159
10830;86;628981386;10830;212;11509;11668;10.32;0.63;245.08;11.84;679;86;4007.00;159
10831;86;628981396;10831;211;11512;11672;10.38;0.63;245.07;11.84;681;86;4008.00;160
10832;86;628981405;10832;208;11512;11672;10.41;0.63;245.06;11.84;680;86;4009.00;160
10834;86;628981414;10834;205;11512;11672;10.38;0.63;245.05;11.84;678;86;4010.00;160
10836;86;628981422;10836;205;11513;11673;10.41;0.63;245.03;11.84;677;86;4011.00;160
10837;86;628981431;10837;203;11516;11677;10.41;0.63;245.02;11.83;679;86;4012.00;161
10840;86;628981439;10840;201;11516;11677;10.34;0.63;244.99;11.83;676;86;4013.00;161
10844;86;628981447;10844;197;11520;11680;10.38;0.63;245.00;11.99;676;86;4014.00;160
10847;86;628981458;10847;196;11522;11680;10.42;0.63;244.98;12.00;675;86;4015.00;158
10850;86;628981472;10850;194;11522;11680;10.43;0.63;244.97;12.00;672;86;4016.00;158
10853;86;628981481;10853;197;11522;11680;10.48;0.64;244.95;12.00;669;86;4017.00;158
10858;86;628981490;10858;196;11526;11684;10.46;0.64;244.96;12.14;668;86;4018.00;158
10860;86;628981499;10860;182;11526;11684;10.50;0.64;244.95;12.14;666;86;4019.00;158
10861;86;628981510;10861;162;11527;11684;10.63;0.65;244.96;12.13;666;86;4020.00;157
10862;86;628981520;10862;149;11527;11684;10.73;0.65;244.94;12.13;665;86;4021.00;157
10863;86;628981528;10863;144;11528;11685;10.74;0.65;244.93;12.27;665;86;4022.00;157
10865;86;628981538;10865;136;11529;11686;10.83;0.66;244.91;12.27;664;86;4023.00;157
10868;87;628981548;10868;134;11529;11686;10.85;0.66;244.91;12.27;661;87;4024.00;157
10870;87;628981569;10870;130;11531;11687;10.98;0.67;244.91;12.41;661;87;4025.00;156
10870;87;628981578;10870;127;11531;11687;11.13;0.68;244.91;12.41;661;87;4026.00;156
10870;87;628981588;10870;118;11532;11687;11.16;0.68;244.91;12.41;662;87;4027.00;155
10871;87;628981604;10871;114;11533;11687;11.23;0.68;244.89;12.55;662;87;4028.00;154
10872;87;628981614;10872;111;11533;11687;11.31;0.69;244.89;12.55;661;87;4029.00;154
10873;87;628981628;10873;107;11533;11687;11.31;0.69;244.88;12.55;660;87;4030.00;154
10873;87;628981638;10873;104;11534;11687;11.33;0.69;244.88;12.68;661;87;4031.00;153
10876;87;628981647;10876;118;11600;11814;11.18;0.69;244.86;12.60;724;87;4032.00;214
10876;87;628981667;10876;116;11603;11815;11.22;0.69;244.86;12.60;727;87;4033.00;212
10879;87;628981677;10879;116;11611;11815;11.22;0.69;244.85;12.59;732;87;4034.00;204
10879;87;628981692;10879;117;11616;11815;11.20;0.69;244.85;12.60;737;87;4035.00;199
10883;87;628981702;10883;124;11623;11815;11.24;0.69;244.84;12.59;740;87;4036.00;192
10884;87;628981712;10884;128;11626;11815;11.21;0.69;244.85;12.60;742;87;4037.00;189
10884;87;628981722;10884;133;11630;11815;11.19;0.68;244.85;12.60;746;87;4038.00;185
10885;87;628981732;10885;139;11633;11815;11.24;0.69;244.85;12.60;748;87;4039.00;182
10890;87;628981742;10890;145;11636;11816;11.16;0.68;244.84;12.62;746;87;4040.00;180
10891;87;628981752;10891;152;11640;11817;11.23;0.69;244.84;12.62;749;87;4041.00;177
10893;87;628981763;10893;158;11644;11817;11.23;0.69;244.84;12.62;751;87;4042.00;173
10894;87;628981774;10894;163;11649;11818;11.06;0.68;244.84;12.64;755;87;4043.00;169
10897;87;628981785;10897;171;11654;11818;10.94;0.67;244.86;12.64;757;87;4044.00;164
10899;87;628981796;10899;182;11656;11818;10.79;0.66;244.85;12.66;757;87;4045.00;162
10903;87;628981806;10903;199;11659;11818;10.60;0.65;244.84;12.66;756;87;4046.00;159
10904;87;628981817;10904;206;11664;11822;10.43;0.64;244.83;12.70;760;87;4047.00;158
10907;87;628981828;10907;213;11668;11822;10.30;0.63;244.85;12.71;761;87;4048.00;154
10910;87;628981839;10910;217;11669;11822;10.12;0.62;244.87;12.72;759;87;4049.00;153
10915;87;628981851;10915;228;11674;11828;9.98;0.61;244.86;12.72;759;87;4050.00;154
10917;87;628981862;10917;235;11675;11828;9.84;0.60;244.90;12.73;758;87;4051.00;153
10921;87;628981872;10921;245;11676;11828;9.73;0.60;244.91;12.73;755;87;4052.00;152
10924;87;628981882;10924;244;11681;11832;9.56;0.59;244.89;12.75;757;87;4053.00;151
10926;87;628981892;10926;247;11683;11833;9.48;0.58;244.90;12.75;757;87;4054.00;150
10928;87;628981902;10928;254;11686;11833;9.40;0.58;244.89;12.76;758;87;4055.00;147
10931;87;628981911;10931;262;11689;11837;9.28;0.57;244.87;12.76;758;87;4056.00;148
10934;87;628981922;10934;260;11692;11837;9.12;0.56;244.85;12.78;758;87;4057.00;145
10937;87;628981931;10937;264;11693;11837;9.02;0.55;244.85;12.79;756;87;4058.00;144
10939;87;628981941;10939;260;11695;11838;8.97;0.55;244.83;12.79;756;87;4059.00;143
10942;87;628981956;10942;261;11696;11838;8.87;0.54;244.82;12.80;754;87;4060.00;142
10945;87;628981966;10945;260;11700;11844;8.83;0.54;244.85;12.80;755;87;4061.00;144
10947;87;628981982;10947;260;11703;11844;8.81;0.54;244.85;12.81;756;87;4062.00;141
10948;87;628981991;10948;260;11704;11845;8.78;0.54;244.84;12.81;756;87;4063.00;141
10951;87;628982001;10951;260;11704;11845;8.70;0.53;244.81;12.81;753;87;4064.00;141
10953;87;628982011;10953;257;11706;11845;8.61;0.53;244.82;12.83;753;87;4065.00;139
10959;87;628982026;10959;255;11707;11845;8.45;0.52;244.78;12.84;748;87;4066.00;138
10961;87;628982036;10961;255;11707;11845;8.34;0.51;244.78;12.84;746;87;4067.00;138
10965;87;628982046;10965;255;11719;11857;8.30;0.51;244.76;12.83;754;87;4068.00;138
10968;87;628982056;10968;256;11719;11857;8.31;0.51;244.76;12.83;751;87;4069.00;138
10969;87;628982066;10969;256;11720;11857;8.30;0.51;244.75;12.83;751;87;4070.00;137
10973;87;628982075;10973;260;11721;11857;8.24;0.50;244.76;12.84;748;87;4071.00;136
10976;87;628982086;10976;261;11721;11857;8.19;0.50;244.76;12.84;745;87;4072.00;136
10981;87;628982095;10981;259;11724;11857;8.07;0.49;244.76;12.87;743;87;4073.00;133
10982;87;628982104;10982;262;11727;11861;7.98;0.49;244.75;12.87;745;87;4074.00;134
10989;88;628982113;10989;251;11727;11861;7.94;0.49;244.75;12.87;738;88;4075.00;134
10991;88;628982132;10991;251;11733;11865;7.97;0.49;244.75;12.89;742;88;4076.00;132
10996;88;628982142;10996;257;11734;11866;7.97;0.49;244.75;12.89;738;88;4077.00;132
11001;88;628982152;11001;262;11735;11866;7.87;0.48;244.81;12.89;734;88;4078.00;131
11004;88;628982160;11004;271;11737;11866;7.85;0.48;244.81;12.90;733;88;4079.00;129
11008;88;628982171;11008;269;11756;11895;7.75;0.48;244.81;12.88;748;88;4080.00;139
11012;88;628982183;11012;261;11759;11895;7.65;0.47;244.82;12.89;747;88;4081.00;136
11016;88;628982192;11016;258;11761;11895;7.62;0.47;244.83;12.89;745;88;4082.00;134
11022;88;628982201;11022;255;11765;11896;7.65;0.47;244.81;12.88;743;88;4083.00;131
11024;88;628982210;11024;257;11767;11897;7.65;0.47;244.86;12.89;743;88;4084.00;130
11027;88;628982220;11027;259;11767;11897;7.76;0.48;244.88;12.89;740;88;4085.00;130
11031;88;628982229;11031;253;11770;11900;7.82;0.48;244.94;12.89;739;88;4086.00;130
11038;88;628982238;11038;245;11770;11900;7.85;0.48;244.97;12.89;732;88;4087.00;130
11042;88;628982248;11042;243;11770;11900;8.01;0.49;244.99;12.89;728;88;4088.00;130
11045;88;628982258;11045;239;11770;11900;8.09;0.50;245.01;12.89;725;88;4089.00;130
11052;88;628982267;11052;231;11775;11906;8.21;0.50;245.03;12.88;723;88;4090.00;131
11054;88;628982277;11054;227;11775;11906;8.31;0.51;245.03;12.88;721;88;4091.00;131
11063;88;628982288;11063;211;11775;11906;8.36;0.51;245.11;12.88;712;88;4092.00;131
11067;88;628982298;11067;204;11775;11906;8.41;0.51;245.13;12.88;708;88;4093.00;131
11071;88;628982308;11071;197;11778;11910;8.44;0.52;245.14;12.88;707;88;4094.00;132
11076;88;628982318;11076;196;11780;11912;8.54;0.52;245.17;12.88;704;88;4095.00;132
11081;88;628982328;11081;200;11780;11912;8.67;0.53;245.19;12.88;699;88;4096.00;132
11083;88;628982338;11083;203;11781;11913;8.87;0.54;245.18;12.87;698;88;4097.00;132
11086;88;628982347;11086;203;11781;11913;8.97;0.55;245.19;12.87;695;88;4098.00;132
11091;88;628982360;11091;200;11781;11913;9.09;0.56;245.18;12.87;690;88;4099.00;132
11094;88;628982375;11094;198;11781;11913;9.18;0.56;245.19;12.87;687;88;4100.00;132
11098;88;628982393;11098;199;11781;11913;9.22;0.56;245.17;12.87;683;88;4101.00;132
11104;88;628982409;11104;201;11781;11913;9.27;0.57;245.13;12.87;677;88;4102.00;132
11106;88;628982422;11106;204;11781;11913;9.40;0.57;245.15;12.87;675;88;4103.00;132
11111;88;628982434;11111;219;11821;11983;9.37;0.57;245.16;12.83;710;88;4104.00;162
11116;88;628982453;11116;214;11821;11984;9.43;0.58;245.14;12.83;705;88;4105.00;163
11121;88;628982464;11121;215;11827;11984;9.61;0.59;245.16;12.83;706;88;4106.00;157
11125;88;628982476;11125;215;11828;11984;9.77;0.59;245.16;12.82;703;88;4107.00;156
11130;88;628982487;11130;219;11833;11984;9.89;0.60;245.23;12.82;703;88;4108.00;151
11135;88;628982498;11135;217;11837;11984;9.96;0.61;245.18;12.82;702;88;4109.00;147
11139;88;628982512;11139;216;11842;11984;10.06;0.61;245.16;12.82;703;88;4110.00;142
11145;88;628982523;11145;217;11842;11984;10.01;0.61;245.19;12.82;697;88;4111.00;142
11146;88;628982539;11146;219;11844;11985;9.92;0.60;245.20;12.81;698;88;4112.00;141
11150;88;628982550;11150;223;11845;11986;9.74;0.59;245.23;12.81;695;88;4113.00;141
11153;88;628982561;11153;219;11846;11986;9.57;0.58;245.24;12.81;693;88;4114.00;140
11157;88;628982571;11157;218;11848;11990;9.43;0.57;245.27;12.81;691;88;4115.00;142
11159;88;628982583;11159;225;11848;11990;9.34;0.57;245.29;12.81;689;88;4116.00;142
11161;88;628982593;11161;233;11848;11990;9.27;0.56;245.30;12.81;687;88;4117.00;142
11163;88;628982609;11163;235;11848;11990;9.30;0.57;245.32;12.81;685;88;4118.00;142
11167;88;628982619;11167;239;11852;11996;9.34;0.57;245.36;12.81;685;88;4119.00;144
11172;88;628982630;11172;246;11854;11996;9.32;0.57;245.35;12.81;682;88;4120.00;142
11174;88;628982641;11174;252;11855;11996;9.30;0.57;245.37;12.81;681;88;4121.00;141
11177;88;628982650;11177;253;11858;11999;9.29;0.56;245.38;12.80;681;88;4122.00;141
11178;88;628982661;11178;255;11858;11999;9.24;0.56;245.39;12.80;680;88;4123.00;141
11181;88;628982671;11181;257;11860;11999;9.16;0.56;245.39;12.80;679;88;4124.00;139
11183;88;628982681;11183;262;11860;12000;9.05;0.55;245.39;12.80;677;88;4125.00;140
11187;88;628982691;11187;262;11861;12001;8.90;0.54;245.33;12.80;674;88;4126.00;140
11188;88;628982701;11188;253;11861;12001;8.82;0.53;245.33;12.80;673;88;4127.00;140
11188;88;628982712;11188;249;11872;12014;8.86;0.54;245.33;12.79;684;88;4128.00;142
11192;88;628982729;11192;250;11872;12014;8.67;0.52;245.38;12.79;680;88;4129.00;142
11193;88;628982744;11193;246;11872;12014;8.54;0.52;245.37;12.79;679;88;4130.00;142
11193;88;628982755;11193;247;11873;12015;8.56;0.52;245.37;12.79;680;88;4131.00;142
11195;88;628982764;11195;251;11873;12015;8.54;0.52;245.37;12.79;678;88;4132.00;142
11196;88;628982775;11196;254;11876;12019;8.56;0.52;245.36;12.79;680;88;4133.00;143
11198;88;628982785;11198;259;11876;12019;8.57;0.52;245.34;12.79;678;88;4134.00;143
11200;88;628982794;11200;257;11880;12023;8.59;0.52;245.33;12.78;680;88;4135.00;143
11201;88;628982805;11201;244;11880;12023;8.58;0.52;245.33;12.78;679;88;4136.00;143
11203;88;628982815;11203;236;11880;12023;8.60;0.52;245.33;12.78;677;88;4137.00;143
11203;88;628982825;11203;228;11880;12023;8.67;0.53;245.33;12.78;677;88;4138.00;143
11205;88;628982835;11205;218;11880;12023;8.67;0.53;245.31;12.78;675;88;4139.00;143
11207;88;628982853;11207;219;11904;12057;8.75;0.53;245.28;12.76;697;88;4140.00;153
11207;88;628982865;11207;214;11905;12057;8.81;0.54;245.28;12.76;698;88;4141.00;152
11210;88;628982875;11210;208;11906;12057;8.87;0.54;245.25;12.76;696;88;4142.00;151
11211;88;628982886;11211;207;11906;12057;8.89;0.54;245.23;12.76;695;88;4143.00;151
11215;88;628982896;11215;209;11907;12057;8.94;0.55;245.21;12.75;692;88;4144.00;150
11218;88;628982906;11218;206;11907;12057;8.98;0.55;245.18;12.75;689;88;4145.00;150
11219;88;628982916;11219;205;11908;12058;9.01;0.55;245.19;12.75;689;88;4146.00;150
11220;88;628982926;11220;201;11908;12058;9.00;0.55;245.17;12.75;688;88;4147.00;150
11220;88;628982935;11220;202;11912;12064;9.01;0.55;245.17;12.75;692;88;4148.00;152
11222;88;628982946;11222;200;11913;12065;9.01;0.55;245.14;12.75;691;88;4149.00;152
11225;88;628982955;11225;194;11914;12065;8.97;0.55;245.13;12.75;689;88;4150.00;151
11226;88;628982965;11226;194;11914;12065;8.95;0.55;245.11;12.75;688;88;4151.00;151
11227;88;628982974;11227;191;11918;12069;8.99;0.55;245.10;12.74;691;88;4152.00;151
11230;88;628982984;11230;194;11918;12069;8.92;0.54;245.06;12.74;688;88;4153.00;151
11232;88;628982994;11232;196;11918;12069;8.89;0.54;245.05;12.74;686;88;4154.00;151
11236;89;628983004;11236;199;11919;12070;8.90;0.54;245.01;12.74;683;89;4155.00;151
11237;89;628983026;11237;203;11922;12074;9.02;0.55;245.00;12.74;685;89;4156.00;152
11238;89;628983036;11238;205;11922;12074;9.09;0.55;245.00;12.74;684;89;4157.00;152
11239;89;628983046;11239;210;11924;12077;9.18;0.56;244.99;12.74;685;89;4158.00;153
11240;89;628983055;11240;211;11924;12077;9.21;0.56;245.00;12.74;684;89;4159.00;153
11241;89;628983063;11241;214;11925;12077;9.37;0.57;245.00;12.74;684;89;4160.00;152
11244;89;628983072;11244;215;11925;12077;9.46;0.57;245.05;12.74;681;89;4161.00;152
11245;89;628983081;11245;218;11928;12081;9.62;0.58;245.04;12.73;683;89;4162.00;153
11245;89;628983090;11245;220;11928;12081;9.73;0.59;245.04;12.73;683;89;4163.00;153
11246;89;628983099;11246;218;11929;12081;9.77;0.59;245.03;12.73;683;89;4164.00;152
11246;89;628983114;11246;217;11929;12081;9.80;0.60;245.03;12.73;683;89;4165.00;152
11248;89;628983122;11248;218;11929;12082;9.78;0.59;245.07;12.73;681;89;4166.00;153
11249;89;628983131;11249;220;11930;12083;9.81;0.60;245.05;12.73;681;89;4167.00;153
11249;89;628983139;11249;221;11930;12083;9.75;0.59;245.05;12.73;681;89;4168.00;153
11250;89;628983154;11250;223;11931;12084;9.80;0.60;245.04;12.73;681;89;4169.00;153
11253;89;628983166;11253;226;11931;12084;9.77;0.59;245.03;12.73;678;89;4170.00;153
11253;89;628983176;11253;213;11931;12084;9.82;0.60;245.03;12.73;678;89;4171.00;153
11254;89;628983186;11254;203;11931;12084;9.84;0.60;245.02;12.73;677;89;4172.00;153
11257;89;628983195;11257;197;11933;12086;9.84;0.60;245.02;12.73;676;89;4173.00;153
11258;89;628983204;11258;189;11933;12086;9.96;0.60;245.02;12.73;675;89;4174.00;153
11260;89;628983214;11260;185;11933;12086;10.10;0.61;245.01;12.73;673;89;4175.00;153
11262;89;628983224;11262;204;12003;12213;9.95;0.61;245.01;12.66;741;89;4176.00;210
11263;89;628983252;11263;187;12005;12214;9.99;0.61;245.00;12.79;742;89;4177.00;209
11266;89;628983264;11266;169;12011;12214;10.08;0.62;244.98;12.79;745;89;4178.00;203
11266;89;628983274;11266;161;12014;12214;10.23;0.63;244.98;12.78;748;89;4179.00;200
11270;89;628983289;11270;158;12019;12214;10.35;0.63;244.95;12.78;749;89;4180.00;195
11274;89;628983299;11274;154;12025;12214;10.44;0.64;244.94;12.78;751;89;4181.00;189
11276;89;628983309;11276;146;12027;12214;10.54;0.64;244.94;12.78;751;89;4182.00;187
11280;89;628983324;11280;148;12030;12214;10.62;0.65;244.91;12.77;750;89;4183.00;184
11282;89;628983340;11282;144;12033;12215;10.69;0.65;244.96;12.77;751;89;4184.00;182
11283;89;628983357;11283;140;12039;12217;10.71;0.65;244.94;12.80;756;89;4185.00;178
11287;89;628983369;11287;128;12041;12217;10.80;0.66;244.93;12.80;754;89;4186.00;176
11287;89;628983380;11287;125;12044;12218;10.93;0.67;244.93;12.80;757;89;4187.00;174
11289;89;628983390;11289;122;12046;12218;11.05;0.67;244.93;12.80;757;89;4188.00;172
11293;89;628983406;11293;124;12047;12218;11.09;0.68;244.97;12.80;754;89;4189.00;171
11296;89;628983417;11296;122;12048;12218;11.04;0.67;244.96;12.80;752;89;4190.00;170
11297;89;628983428;11297;124;12051;12222;11.09;0.67;244.96;12.79;754;89;4191.00;171
11298;89;628983438;11298;123;12053;12222;11.10;0.67;244.94;12.79;755;89;4192.00;169
11298;89;628983449;11298;122;12054;12222;11.13;0.68;244.94;12.79;756;89;4193.00;168
11302;89;628983459;11302;124;12057;12225;11.15;0.68;244.95;12.79;755;89;4194.00;168
11303;89;628983470;11303;128;12058;12225;11.16;0.68;244.96;12.79;755;89;4195.00;167
11307;89;628983481;11307;130;12058;12225;11.15;0.68;244.94;12.79;751;89;4196.00;167
11310;89;628983492;11310;131;12062;12229;11.05;0.67;244.92;12.79;752;89;4197.00;167
11311;89;628983503;11311;130;12063;12230;11.03;0.67;244.93;12.79;752;89;4198.00;167
11315;89;628983514;11315;139;12063;12230;11.00;0.67;244.91;12.79;748;89;4199.00;167
11320;89;628983526;11320;148;12073;12264;10.89;0.66;244.89;12.78;753;89;4200.00;191
11321;89;628983544;11321;152;12075;12264;10.82;0.66;244.91;12.78;754;89;4201.00;189
11322;89;628983555;11322;155;12078;12264;10.76;0.66;244.92;12.78;756;89;4202.00;186
11324;89;628983565;11324;153;12079;12265;10.75;0.66;244.92;12.78;755;89;4203.00;186
11326;89;628983576;11326;158;12080;12265;10.82;0.66;244.93;12.78;754;89;4204.00;185
11331;89;628983587;11331;160;12083;12271;10.82;0.66;244.94;12.78;752;89;4205.00;188
11334;89;628983599;11334;166;12086;12271;10.75;0.65;244.95;12.77;752;89;4206.00;185
11337;89;628983610;11337;166;12087;12272;10.77;0.65;244.96;12.77;750;89;4207.00;185
11338;89;628983621;11338;172;12087;12272;10.78;0.65;244.96;12.77;749;89;4208.00;185
11340;89;628983631;11340;175;12088;12272;10.74;0.65;245.00;12.77;748;89;4209.00;184
11344;89;628983642;11344;178;12089;12272;10.64;0.65;245.02;12.78;745;89;4210.00;183
11346;89;628983658;11346;180;12091;12272;10.54;0.64;245.04;12.80;745;89;4211.00;181
11351;89;628983669;11351;186;12101;12284;10.48;0.64;245.04;12.79;750;89;4212.00;183
11354;89;628983680;11354;191;12104;12284;10.38;0.63;245.09;12.81;750;89;4213.00;180
11356;89;628983690;11356;195;12105;12284;10.31;0.63;245.08;12.81;749;89;4214.00;179
11359;89;628983701;11359;197;12108;12284;10.24;0.62;245.12;12.84;749;89;4215.00;176
11360;89;628983711;11360;201;12108;12284;10.20;0.62;245.12;12.84;748;89;4216.00;176
11363;89;628983722;11363;207;12109;12284;10.17;0.62;245.14;12.84;746;89;4217.00;175
11365;89;628983733;11365;211;12115;12288;10.04;0.61;245.13;12.85;750;89;4218.00;173
11367;89;628983744;11367;212;12115;12288;9.96;0.61;245.10;12.85;748;89;4219.00;173
11369;89;628983755;11369;217;12119;12292;9.89;0.60;245.11;12.87;750;89;4220.00;173
11371;89;628983766;11371;222;12121;12293;9.85;0.60;245.10;12.87;750;89;4221.00;172
11374;89;628983776;11374;230;12121;12293;9.82;0.60;245.06;12.87;747;89;4222.00;172
11376;89;628983787;11376;233;12124;12293;9.74;0.59;245.03;12.89;748;89;4223.00;169
11380;89;628983797;11380;242;12131;12306;9.66;0.59;245.02;12.88;751;89;4224.00;175
11384;89;628983808;11384;240;12133;12306;9.61;0.59;244.99;12.90;749;89;4225.00;173
11387;89;628983819;11387;241;12135;12306;9.49;0.58;244.99;12.90;748;89;4226.00;171
11389;89;628983828;11389;244;12137;12307;9.40;0.58;244.98;12.90;748;89;4227.00;170
11393;89;628983839;11393;254;12139;12308;9.31;0.57;244.95;12.91;746;89;4228.00;169
11396;89;628983850;11396;253;12142;12308;9.21;0.56;244.96;12.93;746;89;4229.00;166
11399;89;628983861;11399;253;12145;12314;9.21;0.56;244.95;12.93;746;89;4230.00;169
11402;89;628983872;11402;254;12145;12314;9.26;0.57;244.99;12.93;743;89;4231.00;169
11406;89;628983882;11406;256;12146;12314;9.24;0.57;244.97;12.94;740;89;4232.00;168
11411;89;628983892;11411;256;12148;12314;9.22;0.57;244.99;12.95;737;89;4233.00;166
11414;89;628983902;11414;256;12153;12320;9.21;0.56;245.01;12.96;739;89;4234.00;167
11416;89;628983912;11416;259;12155;12320;9.09;0.56;245.03;12.97;739;89;4235.00;165
11420;89;628983922;11420;252;12156;12320;9.01;0.55;245.02;12.98;736;89;4236.00;164
11422;89;628983932;11422;254;12156;12320;8.99;0.55;245.04;12.98;734;89;4237.00;164
11425;89;628983942;11425;255;12160;12324;8.92;0.55;245.05;12.97;735;89;4238.00;164
11428;89;628983953;11428;249;12162;12325;8.90;0.55;245.05;12.98;734;89;4239.00;163
11429;89;628983962;11429;251;12163;12325;8.89;0.55;245.04;12.99;734;89;4240.00;162
11432;89;628983972;11432;246;12164;12326;8.87;0.55;245.04;12.98;732;89;4241.00;162
11438;89;628983981;11438;244;12166;12326;8.78;0.54;245.10;13.01;728;89;4242.00;160
11440;89;628983990;11440;244;12166;12326;8.67;0.54;245.10;13.01;726;89;4243.00;160
11442;89;628984000;11442;243;12167;12326;8.61;0.53;245.11;13.01;725;89;4244.00;159
11447;89;628984009;11447;247;12169;12326;8.47;0.52;245.10;13.02;722;89;4245.00;157
11451;89;628984019;11451;241;12171;12326;8.33;0.52;245.14;13.04;720;89;4246.00;155
11459;89;628984027;11459;241;12172;12326;8.12;0.50;245.11;13.05;713;89;4247.00;154
11466;89;628984036;11466;250;12208;12396;8.05;0.50;245.18;13.01;742;89;4248.00;188
11468;89;628984051;11468;249;12212;12397;7.92;0.49;245.19;13.02;744;89;4249.00;185
11473;89;628984066;11473;244;12219;12397;7.78;0.48;245.23;13.02;746;89;4250.00;178
11478;89;628984092;11478;240;12220;12397;7.68;0.47;245.23;13.03;742;89;4251.00;177
11485;89;628984102;11485;242;12225;12397;7.62;0.47;245.23;13.04;740;89;4252.00;172
11487;89;628984111;11487;238;12228;12397;7.61;0.47;245.25;13.04;741;89;4253.00;169
11492;89;628984120;11492;244;12229;12397;7.57;0.47;245.27;13.04;737;89;4254.00;168
11495;89;628984129;11495;243;12231;12397;7.63;0.47;245.26;13.05;736;89;4255.00;166
11499;89;628984139;11499;241;12235;12398;7.70;0.47;245.35;13.05;736;89;4256.00;163
11502;89;628984148;11502;238;12238;12399;7.84;0.48;245.37;13.05;736;89;4257.00;161
11507;89;628984158;11507;236;12242;12399;7.99;0.49;245.38;13.05;735;89;4258.00;157
11511;89;628984167;11511;238;12246;12403;8.05;0.50;245.41;13.05;735;89;4259.00;157
11517;89;628984179;11517;239;12249;12403;8.12;0.50;245.41;13.05;732;89;4260.00;154
11519;89;628984188;11519;234;12249;12403;8.22;0.51;245.45;13.05;730;89;4261.00;154
11522;89;628984198;11522;235;12250;12403;8.33;0.51;245.45;13.06;728;89;4262.00;153
11525;89;628984207;11525;231;12253;12409;8.30;0.51;245.45;13.05;728;89;4263.00;156
11527;89;628984217;11527;228;12255;12409;8.33;0.51;245.47;13.20;728;89;4264.00;154
11535;89;628984228;11535;226;12255;12409;8.34;0.51;245.47;13.20;720;89;4265.00;154
11541;89;628984238;11541;220;12258;12412;8.28;0.51;245.47;13.20;717;89;4266.00;154
11543;89;628984248;11543;217;12258;12412;8.26;0.51;245.46;13.20;715;89;4267.00;154
11551;89;628984258;11551;221;12260;12412;8.21;0.50;245.46;13.20;709;89;4268.00;152
11554;89;628984267;11554;224;12261;12413;8.18;0.50;245.46;13.20;707;89;4269.00;152
11558;89;628984276;11558;227;12263;12414;8.21;0.50;245.45;13.20;705;89;4270.00;151
11563;90;628984286;11563;233;12265;12414;8.12;0.49;245.44;13.21;702;90;4271.00;149
11567;90;628984306;11567;238;12277;12427;8.18;0.50;245.45;13.20;710;90;4272.00;150
11570;90;628984317;11570;243;12278;12427;8.15;0.49;245.44;13.20;708;90;4273.00;149
11574;90;628984326;11574;246;12279;12427;8.09;0.49;245.43;13.20;705;90;4274.00;148
11577;90;628984335;11577;247;12283;12429;8.07;0.49;245.45;13.20;706;90;4275.00;146
11582;90;628984345;11582;252;12284;12429;7.95;0.48;245.42;13.20;702;90;4276.00;145
11587;90;628984354;11587;254;12286;12433;7.92;0.48;245.49;13.20;699;90;4277.00;147
11594;90;628984371;11594;260;12287;12433;7.83;0.47;245.51;13.20;693;90;4278.00;146
11597;90;628984385;11597;254;12291;12437;7.84;0.48;245.50;13.19;694;90;4279.00;146
11601;90;628984397;11601;255;12291;12437;7.82;0.47;245.50;13.19;690;90;4280.00;146
11603;90;628984412;11603;262;12293;12437;7.85;0.48;245.51;13.19;690;90;4281.00;144
11606;90;628984425;11606;266;12294;12437;7.86;0.48;245.49;13.19;688;90;4282.00;143
11610;90;628984436;11610;271;12294;12437;7.91;0.48;245.58;13.19;684;90;4283.00;143
11611;90;628984449;11611;271;12303;12449;8.10;0.49;245.57;13.18;692;90;4284.00;146
11613;90;628984461;11613;275;12304;12449;8.06;0.49;245.56;13.18;691;90;4285.00;145
11615;90;628984472;11615;274;12305;12449;8.08;0.49;245.57;13.18;690;90;4286.00;144
11616;90;628984483;11616;273;12305;12449;8.09;0.49;245.57;13.18;689;90;4287.00;144
11619;90;628984494;11619;272;12305;12449;8.09;0.49;245.57;13.18;686;90;4288.00;144
11622;90;628984503;11622;277;12305;12449;8.11;0.49;245.55;13.18;683;90;4289.00;144
11623;90;628984516;11623;285;12305;12450;8.07;0.49;245.53;13.18;682;90;4290.00;145
11625;90;628984525;11625;289;12305;12450;8.03;0.49;245.52;13.18;680;90;4291.00;145
11628;90;628984534;11628;293;12309;12456;7.95;0.49;245.55;13.18;681;90;4292.00;147
11630;90;628984544;11630;298;12310;12457;7.94;0.48;245.55;13.17;680;90;4293.00;147
11632;90;628984553;11632;304;12311;12457;7.88;0.48;245.53;13.17;679;90;4294.00;146
11636;90;628984562;11636;311;12311;12457;7.74;0.47;245.51;13.17;675;90;4295.00;146
11636;90;628984571;11636;321;12314;12461;7.68;0.47;245.51;13.17;678;90;4296.00;147
11639;90;628984581;11639;317;12314;12461;7.65;0.47;245.49;13.17;675;90;4297.00;147
11642;90;628984590;11642;310;12314;12461;7.61;0.46;245.53;13.17;672;90;4298.00;147
11643;90;628984599;11643;312;12315;12462;7.67;0.47;245.51;13.17;672;90;4299.00;147
11646;90;628984610;11646;310;12318;12466;7.72;0.47;245.58;13.17;672;90;4300.00;148
11647;90;628984622;11647;308;12318;12466;7.69;0.47;245.57;13.17;671;90;4301.00;148
11649;90;628984631;11649;306;12320;12469;7.66;0.47;245.55;13.16;671;90;4302.00;149
11652;90;628984640;11652;302;12321;12469;7.70;0.47;245.52;13.16;669;90;4303.00;148
11656;90;628984649;11656;304;12321;12469;7.68;0.47;245.46;13.16;665;90;4304.00;148
11657;90;628984658;11657;301;12321;12469;7.66;0.47;245.45;13.16;664;90;4305.00;148
11660;90;628984678;11660;284;12324;12473;7.70;0.47;245.44;13.16;664;90;4306.00;149
11662;90;628984688;11662;271;12324;12473;7.77;0.47;245.49;13.16;662;90;4307.00;149
11662;90;628984697;11662;259;12325;12473;7.89;0.48;245.49;13.16;663;90;4308.00;148
11664;90;628984706;11664;243;12325;12473;7.98;0.49;245.47;13.16;661;90;4309.00;148
11667;90;628984721;11667;238;12325;12474;8.06;0.49;245.48;13.16;658;90;4310.00;149
11670;90;628984730;11670;235;12326;12475;8.17;0.50;245.47;13.16;656;90;4311.00;149
11672;90;628984740;11672;225;12326;12475;8.29;0.51;245.49;13.16;654;90;4312.00;149
11674;90;628984749;11674;219;12327;12476;8.40;0.51;245.48;13.16;653;90;4313.00;149
11675;90;628984759;11675;213;12327;12476;8.48;0.52;245.49;13.16;652;90;4314.00;149
11677;90;628984768;11677;211;12327;12476;8.62;0.53;245.52;13.16;650;90;4315.00;149
11677;90;628984777;11677;215;12327;12476;8.77;0.54;245.52;13.16;650;90;4316.00;149
11678;90;628984786;11678;214;12327;12476;8.91;0.54;245.51;13.16;649;90;4317.00;149
11680;90;628984795;11680;210;12327;12476;8.92;0.54;245.51;13.16;647;90;4318.00;149
11682;90;628984804;11682;207;12327;12476;8.97;0.55;245.49;13.16;645;90;4319.00;149
11684;90;628984815;11684;251;12437;12706;8.93;0.56;245.48;13.04;753;90;4320.00;269
11684;90;628984842;11684;246;12440;12707;8.95;0.56;245.48;13.04;756;90;4321.00;267
11685;90;628984851;11685;237;12450;12707;9.07;0.57;245.54;13.03;765;90;4322.00;257
11687;90;628984861;11687;219;12457;12707;9.17;0.57;245.51;13.02;770;90;4323.00;250
11688;90;628984871;11688;201;12464;12707;9.21;0.57;245.52;13.02;776;90;4324.00;243
11689;90;628984886;11689;191;12468;12707;9.26;0.58;245.51;13.02;779;90;4325.00;239
11690;90;628984896;11690;183;12473;12707;9.32;0.58;245.53;13.01;783;90;4326.00;234
11695;90;628984906;11695;179;12475;12707;9.39;0.58;245.54;13.01;780;90;4327.00;232
11695;90;628984917;11695;175;12483;12708;9.49;0.59;245.54;13.01;788;90;4328.00;225
11698;90;628984928;11698;173;12485;12709;9.55;0.59;245.53;13.01;787;90;4329.00;224
11699;90;628984944;11699;171;12488;12709;9.60;0.59;245.53;13.01;789;90;4330.00;221
11701;90;628984954;11701;177;12492;12710;9.62;0.59;245.52;13.01;791;90;4331.00;218
11702;90;628984965;11702;170;12498;12710;9.68;0.60;245.52;13.01;796;90;4332.00;212
11702;90;628984981;11702;168;12501;12710;9.75;0.60;245.52;13.01;799;90;4333.00;209
11704;90;628984991;11704;165;12504;12710;9.77;0.60;245.57;13.01;800;90;4334.00;206
11705;90;628985008;11705;176;12508;12714;9.81;0.60;245.57;13.01;803;90;4335.00;206
11705;90;628985019;11705;169;12510;12714;9.89;0.61;245.57;13.01;805;90;4336.00;204
11706;90;628985029;11706;170;12511;12714;9.94;0.61;245.56;13.01;805;90;4337.00;203
11707;90;628985049;11707;170;12513;12717;10.01;0.61;245.56;13.01;806;90;4338.00;204
11710;90;628985060;11710;180;12514;12717;10.11;0.62;245.52;13.01;804;90;4339.00;203
11711;90;628985071;11711;186;12514;12717;10.14;0.62;245.51;13.01;803;90;4340.00;203
11713;90;628985083;11713;190;12518;12721;10.18;0.62;245.49;13.00;805;90;4341.00;203
11713;90;628985095;11713;186;12519;12722;10.27;0.63;245.49;13.00;806;90;4342.00;203
11714;90;628985106;11714;183;12519;12722;10.41;0.63;245.49;13.00;805;90;4343.00;203
11717;90;628985117;11717;180;12522;12726;10.44;0.64;245.50;13.00;805;90;4344.00;204
11721;90;628985134;11721;180;12525;12726;10.49;0.64;245.52;13.15;804;90;4345.00;201
11722;90;628985145;11722;183;12525;12726;10.57;0.64;245.54;13.15;803;90;4346.00;201
11727;90;628985156;11727;184;12525;12727;10.57;0.64;245.50;13.15;798;90;4347.00;202
11729;90;628985174;11729;185;12526;12727;10.59;0.65;245.51;13.15;797;90;4348.00;201
11734;90;628985185;11734;177;12530;12733;10.61;0.64;245.58;13.15;796;90;4349.00;203
11737;90;628985198;11737;183;12531;12733;10.64;0.65;245.61;13.15;794;90;4350.00;202
11742;90;628985210;11742;178;12531;12734;10.68;0.65;245.59;13.15;789;90;4351.00;203
11745;90;628985221;11745;174;12533;12734;10.66;0.65;245.59;13.29;788;90;4352.00;201
11750;90;628985232;11750;172;12534;12734;10.59;0.64;245.58;13.29;784;90;4353.00;200
11753;90;628985244;11753;171;12536;12734;10.62;0.64;245.60;13.31;783;90;4354.00;198
11755;90;628985257;11755;166;12537;12734;10.67;0.65;245.61;13.31;782;90;4355.00;197
11757;90;628985269;11757;164;12550;12746;10.69;0.65;245.61;13.31;793;90;4356.00;196
11760;90;628985280;11760;160;12552;12746;10.70;0.65;245.61;13.45;792;90;4357.00;194
11764;90;628985291;11764;154;12552;12746;10.72;0.65;245.64;13.45;788;90;4358.00;194
11768;90;628985303;11768;146;12552;12746;10.72;0.65;245.66;13.45;784;90;4359.00;194
11770;90;628985314;11770;146;12554;12746;10.73;0.65;245.70;13.47;784;90;4360.00;192
11773;90;628985325;11773;149;12555;12746;10.76;0.65;245.73;13.61;782;90;4361.00;191
11777;90;628985336;11777;148;12558;12750;10.78;0.65;245.74;13.61;781;90;4362.00;192
11781;90;628985348;11781;144;12559;12750;10.80;0.66;245.75;13.76;778;90;4363.00;191
11783;90;628985368;11783;149;12561;12754;10.91;0.66;245.74;13.75;778;90;4364.00;193
11787;90;628985380;11787;149;12564;12756;10.89;0.66;245.77;13.90;777;90;4365.00;192
11789;90;628985392;11789;152;12566;12756;10.85;0.66;245.77;13.90;777;90;4366.00;190
11791;90;628985403;11791;151;12567;12756;10.77;0.65;245.77;14.04;776;90;4367.00;189
11792;90;628985414;11792;155;12576;12769;10.75;0.65;245.80;14.03;784;90;4368.00;193
11796;90;628985427;11796;156;12578;12769;10.74;0.65;245.79;14.04;782;90;4369.00;191
11799;90;628985438;11799;160;12579;12769;10.69;0.65;245.79;14.18;780;90;4370.00;190
11802;90;628985449;11802;162;12581;12770;10.70;0.65;245.82;14.20;779;90;4371.00;189
11805;90;628985461;11805;163;12582;12771;10.65;0.65;245.81;14.20;777;90;4372.00;189
11808;90;628985473;11808;169;12583;12771;10.68;0.65;245.87;14.35;775;90;4373.00;188
11809;90;628985484;11809;172;12585;12774;10.75;0.65;245.87;14.34;776;90;4374.00;189
11812;90;628985496;11812;177;12587;12774;10.73;0.65;245.86;14.35;775;90;4375.00;187
11813;90;628985507;11813;175;12590;12774;10.76;0.65;245.86;14.36;777;90;4376.00;184
11814;90;628985518;11814;181;12590;12774;10.70;0.65;245.86;14.36;776;90;4377.00;184
11819;90;628985528;11819;180;12594;12780;10.65;0.65;245.86;14.36;775;90;4378.00;186
11822;90;628985541;11822;185;12596;12780;10.56;0.64;245.87;14.37;774;90;4379.00;184
11824;90;628985554;11824;188;12598;12780;10.45;0.64;245.90;14.38;774;90;4380.00;182
11825;90;628985571;11825;198;12599;12780;10.39;0.63;245.89;14.39;774;90;4381.00;181
11827;90;628985582;11827;208;12603;12784;10.19;0.62;245.90;14.39;776;90;4382.00;181
11830;90;628985593;11830;215;12607;12785;10.04;0.61;245.85;14.41;777;90;4383.00;178
11832;90;628985605;11832;221;12607;12785;9.95;0.60;245.84;14.41;775;90;4384.00;178
11834;90;628985616;11834;230;12611;12786;9.85;0.60;245.88;14.42;777;90;4385.00;175
11835;90;628985626;11835;235;12612;12786;9.85;0.60;245.86;14.43;777;90;4386.00;174
11838;90;628985637;11838;236;12613;12786;9.82;0.60;245.88;14.44;775;90;4387.00;173
11839;90;628985648;11839;237;12614;12786;9.77;0.59;245.88;14.44;775;90;4388.00;172
11841;90;628985658;11841;239;12616;12786;9.75;0.59;245.90;14.46;775;90;4389.00;170
11845;91;628985669;11845;239;12618;12786;9.63;0.59;245.89;14.47;773;91;4390.00;168
11846;91;628985686;11846;246;12620;12786;9.63;0.59;245.88;14.48;774;91;4391.00;166
11848;91;628985697;11848;259;12656;12856;9.63;0.59;245.89;14.45;808;91;4392.00;200
11850;91;628985717;11850;262;12660;12857;9.58;0.59;245.88;14.45;810;91;4393.00;197
11851;91;628985728;11851;262;12670;12857;9.55;0.58;245.88;14.46;819;91;4394.00;187
11854;91;628985744;11854;262;12675;12857;9.51;0.58;245.85;14.45;821;91;4395.00;182
11857;91;628985756;11857;261;12683;12857;9.46;0.58;245.84;14.46;826;91;4396.00;174
11859;91;628985766;11859;267;12686;12857;9.37;0.57;245.83;14.46;827;91;4397.00;171
11862;91;628985777;11862;270;12689;12857;9.28;0.57;245.89;14.48;827;91;4398.00;168
11864;91;628985788;11864;268;12691;12857;9.22;0.57;245.93;14.48;827;91;4399.00;166
11868;91;628985799;11868;265;12694;12858;9.13;0.56;245.91;14.49;826;91;4400.00;164
11871;91;628985815;11871;262;12695;12859;9.12;0.56;245.90;14.49;824;91;4401.00;164
11875;91;628985826;11875;266;12697;12859;9.00;0.55;245.90;14.50;822;91;4402.00;162
11879;91;628985837;11879;268;12699;12863;8.83;0.54;245.90;14.50;820;91;4403.00;164
11880;91;628985849;11880;275;12700;12863;8.71;0.54;245.90;14.51;820;91;4404.00;163
11884;91;628985859;11884;277;12701;12863;8.59;0.53;245.92;14.51;817;91;4405.00;162
11886;91;628985870;11886;281;12701;12863;8.62;0.53;245.89;14.51;815;91;4406.00;162
11889;91;628985880;11889;294;12707;12869;8.70;0.53;245.89;14.52;818;91;4407.00;162
11890;91;628985891;11890;293;12708;12869;8.75;0.54;245.87;14.52;818;91;4408.00;161
11894;91;628985902;11894;296;12709;12869;8.71;0.54;245.89;14.53;815;91;4409.00;160
11898;91;628985914;11898;295;12714;12875;8.63;0.53;245.84;14.52;816;91;4410.00;161
11903;91;628985926;11903;294;12717;12875;8.60;0.53;245.84;14.53;814;91;4411.00;158
11909;91;628985937;11909;289;12717;12875;8.49;0.52;245.79;14.53;808;91;4412.00;158
11914;91;628985947;11914;294;12717;12876;8.43;0.52;245.80;14.53;803;91;4413.00;159
11918;91;628985958;11918;289;12719;12877;8.30;0.51;245.81;14.54;801;91;4414.00;158
11924;91;628985969;11924;288;12719;12877;8.12;0.50;245.85;14.54;795;91;4415.00;158
11927;91;628985979;11927;290;12733;12890;7.94;0.49;245.90;14.56;806;91;4416.00;157
11930;91;628985990;11930;283;12733;12890;7.76;0.48;245.88;14.56;803;91;4417.00;157
11936;91;628986000;11936;283;12734;12890;7.59;0.47;245.91;14.56;798;91;4418.00;156
11940;91;628986010;11940;285;12736;12891;7.40;0.46;245.89;14.57;796;91;4419.00;155
11949;91;628986020;11949;276;12736;12891;7.22;0.44;245.87;14.57;787;91;4420.00;155
11953;91;628986030;11953;275;12740;12895;7.11;0.44;245.91;14.57;787;91;4421.00;155
11958;91;628986040;11958;276;12740;12895;7.07;0.43;245.89;14.57;782;91;4422.00;155
11962;91;628986050;11962;271;12746;12899;6.99;0.43;245.94;14.59;784;91;4423.00;153
11967;91;628986060;11967;274;12747;12899;6.96;0.43;245.96;14.59;780;91;4424.00;152
11968;91;628986070;11968;283;12748;12899;7.01;0.43;245.97;14.59;780;91;4425.00;151
11971;91;628986079;11971;280;12749;12899;7.03;0.43;246.00;14.60;778;91;4426.00;150
11975;91;628986089;11975;280;12750;12899;7.05;0.43;246.02;14.60;775;91;4427.00;149
11977;91;628986099;11977;278;12762;12911;7.23;0.45;246.03;14.61;785;91;4428.00;149
11983;91;628986110;11983;278;12764;12911;7.21;0.44;246.06;14.61;781;91;4429.00;147
11987;91;628986119;11987;282;12765;12911;7.25;0.45;246.09;14.61;778;91;4430.00;146
11991;91;628986128;11991;269;12765;12911;7.32;0.45;246.10;14.61;774;91;4431.00;146
11993;91;628986138;11993;263;12765;12911;7.38;0.45;246.09;14.61;772;91;4432.00;146
11997;91;628986148;11997;258;12765;12911;7.40;0.46;246.11;14.61;768;91;4433.00;146
12002;91;628986158;12002;256;12765;12912;7.48;0.46;246.08;14.61;763;91;4434.00;147
12004;91;628986168;12004;258;12765;12912;7.55;0.46;246.06;14.61;761;91;4435.00;147
12009;91;628986178;12009;253;12770;12918;7.64;0.47;246.05;14.60;761;91;4436.00;148
12012;91;628986189;12012;250;12771;12919;7.70;0.47;246.02;14.60;759;91;4437.00;148
12016;91;628986199;12016;247;12771;12919;7.75;0.47;246.04;14.60;755;91;4438.00;148
12019;91;628986209;12019;248;12771;12919;7.73;0.47;246.03;14.60;752;91;4439.00;148
12021;91;628986225;12021;246;12775;12924;7.77;0.47;246.03;14.59;754;91;4440.00;149
12024;91;628986236;12024;245;12775;12924;7.72;0.47;246.04;14.59;751;91;4441.00;149
12027;91;628986246;12027;242;12775;12924;7.67;0.47;246.03;14.59;748;91;4442.00;149
12031;91;628986257;12031;249;12776;12925;7.68;0.47;246.01;14.59;745;91;4443.00;149
12033;91;628986267;12033;249;12779;12929;7.78;0.47;246.00;14.59;746;91;4444.00;150
12038;91;628986276;12038;253;12779;12929;7.83;0.48;245.99;14.59;741;91;4445.00;150
12039;91;628986287;12039;257;12781;12932;7.91;0.48;245.98;14.59;742;91;4446.00;151
12042;91;628986297;12042;257;12782;12932;7.96;0.48;246.02;14.59;740;91;4447.00;150
12045;91;628986307;12045;262;12782;12932;7.97;0.49;246.01;14.59;737;91;4448.00;150
12049;91;628986316;12049;264;12782;12932;7.94;0.48;246.01;14.59;733;91;4449.00;150
12053;91;628986325;12053;270;12785;12936;7.91;0.48;245.98;14.58;732;91;4450.00;151
12058;91;628986335;12058;273;12785;12936;7.76;0.47;245.97;14.58;727;91;4451.00;151
12062;91;628986345;12062;276;12786;12936;7.71;0.47;245.95;14.58;724;91;4452.00;150
12066;91;628986355;12066;280;12786;12936;7.62;0.46;245.98;14.58;720;91;4453.00;150
12070;91;628986370;12070;284;12786;12937;7.58;0.46;245.95;14.58;716;91;4454.00;151
12073;91;628986384;12073;289;12788;12939;7.63;0.46;245.92;14.58;715;91;4455.00;151
12076;91;628986396;12076;295;12788;12939;7.59;0.46;245.91;14.58;712;91;4456.00;151
12078;91;628986409;12078;298;12789;12940;7.58;0.46;245.89;14.58;711;91;4457.00;151
12080;92;628986420;12080;298;12789;12940;7.47;0.45;245.93;14.58;709;92;4458.00;151
12085;92;628986448;12085;300;12789;12940;7.39;0.45;246.00;14.58;704;92;4459.00;151
12089;92;628986460;12089;304;12790;12940;7.27;0.44;245.99;14.73;701;92;4460.00;150
12091;92;628986473;12091;310;12790;12940;7.20;0.44;245.99;14.73;699;92;4461.00;150
12094;92;628986484;12094;312;12790;12940;7.08;0.43;246.00;14.73;696;92;4462.00;150
12096;92;628986493;12096;316;12790;12940;7.04;0.43;245.98;14.73;694;92;4463.00;150
12098;92;628986502;12098;331;12859;13067;7.44;0.46;245.96;14.65;761;92;4464.00;208
12099;92;628986522;12099;331;12863;13068;7.38;0.46;245.96;14.65;764;92;4465.00;205
12099;92;628986531;12099;332;12872;13068;7.46;0.46;245.96;14.64;773;92;4466.00;196
12103;92;628986541;12103;327;12877;13068;7.46;0.46;245.93;14.63;774;92;4467.00;191
12103;92;628986551;12103;322;12883;13068;7.49;0.46;245.93;14.63;780;92;4468.00;185
12105;92;628986561;12105;325;12887;13068;7.51;0.47;245.90;14.63;782;92;4469.00;181
12106;92;628986573;12106;321;12892;13068;7.50;0.46;245.90;14.62;786;92;4470.00;176
12106;92;628986584;12106;321;12894;13068;7.43;0.46;245.90;14.62;788;92;4471.00;174
12106;92;628986594;12106;326;12897;13069;7.38;0.46;245.90;14.62;791;92;4472.00;172
12106;92;628986610;12106;333;12898;13070;7.25;0.45;245.90;14.62;792;92;4473.00;172
12107;92;628986625;12107;336;12900;13070;7.13;0.44;245.89;14.62;793;92;4474.00;170
12108;92;628986636;12108;323;12901;13071;7.05;0.44;245.88;14.62;793;92;4475.00;170
12109;92;628986647;12109;306;12903;13071;7.07;0.44;245.87;14.62;794;92;4476.00;168
12110;92;628986658;12110;286;12904;13071;7.20;0.45;245.87;14.62;794;92;4477.00;167
12111;92;628986669;12111;272;12906;13071;7.30;0.45;245.87;14.62;795;92;4478.00;165
12113;92;628986680;12113;261;12909;13075;7.54;0.47;245.88;14.61;796;92;4479.00;166
12114;92;628986697;12114;249;12911;13075;7.76;0.48;245.89;14.61;797;92;4480.00;164
12116;92;628986708;12116;235;12912;13075;7.95;0.49;245.90;14.61;796;92;4481.00;163
12116;92;628986720;12116;226;12915;13078;8.19;0.50;245.90;14.61;799;92;4482.00;163
12117;92;628986732;12117;216;12915;13078;8.40;0.52;245.95;14.61;798;92;4483.00;163
12119;92;628986744;12119;209;12916;13078;8.60;0.53;245.95;14.61;797;92;4484.00;162
12121;92;628986756;12121;202;12919;13082;8.80;0.54;245.94;14.61;798;92;4485.00;163
12123;92;628986768;12123;195;12921;13083;9.03;0.55;245.92;14.61;798;92;4486.00;162
12125;92;628986787;12125;189;12921;13083;9.20;0.56;245.90;14.61;796;92;4487.00;162
12127;92;628986799;12127;184;12924;13087;9.36;0.57;245.87;14.60;797;92;4488.00;163
12131;92;628986812;12131;176;12925;13087;9.55;0.58;245.83;14.75;794;92;4489.00;162
12133;92;628986824;12133;166;12925;13087;9.70;0.59;245.82;14.75;792;92;4490.00;162
12135;92;628986836;12135;159;12926;13088;9.87;0.60;245.82;14.75;791;92;4491.00;162
12139;92;628986848;12139;153;12926;13088;10.06;0.61;245.80;14.75;787;92;4492.00;162
12140;92;628986860;12140;152;12930;13094;10.23;0.62;245.84;14.74;790;92;4493.00;164
12141;92;628986873;12141;146;12930;13094;10.36;0.63;245.83;14.74;789;92;4494.00;164
12143;92;628986884;12143;148;12931;13095;10.47;0.64;245.82;14.74;788;92;4495.00;164
12146;92;628986897;12146;136;12931;13095;10.57;0.64;245.83;14.74;785;92;4496.00;164
12147;92;628986909;12147;138;12931;13095;10.65;0.65;245.83;14.74;784;92;4497.00;164
12153;92;628986921;12153;136;12931;13095;10.73;0.65;245.85;14.74;778;92;4498.00;164
12156;92;628986933;12156;130;12931;13095;10.85;0.66;245.85;14.74;775;92;4499.00;164
12157;92;628986947;12157;128;12954;13145;10.77;0.65;245.87;14.72;797;92;4500.00;191
12159;92;628986967;12159;129;12956;13147;10.79;0.65;245.87;14.71;797;92;4501.00;191
12161;92;628986980;12161;129;12958;13147;10.84;0.66;245.89;14.71;797;92;4502.00;189
12163;92;628986998;12163;130;12958;13147;10.94;0.67;245.91;14.71;795;92;4503.00;189
12169;92;628987009;12169;124;12959;13147;10.99;0.67;245.89;14.71;790;92;4504.00;188
12173;92;628987021;12173;124;12959;13147;11.10;0.67;245.90;14.71;786;92;4505.00;188
12176;92;628987033;12176;125;12963;13151;11.13;0.68;245.91;14.71;787;92;4506.00;188
12179;92;628987045;12179;126;12966;13151;11.17;0.68;245.90;14.70;787;92;4507.00;185
12183;92;628987057;12183;120;12969;13155;11.26;0.68;245.92;14.70;786;92;4508.00;186
12185;92;628987068;12185;124;12970;13156;11.37;0.69;245.95;14.70;785;92;4509.00;186
12187;92;628987080;12187;126;12971;13156;11.41;0.69;245.95;14.70;784;92;4510.00;185
12191;92;628987092;12191;128;12971;13156;11.42;0.69;245.98;14.70;780;92;4511.00;185
12193;92;628987103;12193;130;12978;13169;11.43;0.69;245.99;14.69;785;92;4512.00;191
12194;92;628987116;12194;136;12979;13169;11.41;0.69;246.00;14.69;785;92;4513.00;190
12197;92;628987128;12197;136;12979;13169;11.41;0.69;246.04;14.69;782;92;4514.00;190
12200;92;628987139;12200;137;12981;13170;11.45;0.70;246.03;14.69;781;92;4515.00;189
12204;92;628987151;12204;141;12981;13171;11.56;0.70;246.03;14.69;777;92;4516.00;190
12207;92;628987163;12207;146;12981;13171;11.61;0.70;246.09;14.69;774;92;4517.00;190
12211;92;628987175;12211;147;12983;13174;11.66;0.71;246.10;14.69;772;92;4518.00;191
12214;92;628987187;12214;144;12984;13174;11.77;0.72;246.08;14.69;770;92;4519.00;190
12219;92;628987198;12219;141;12984;13174;11.82;0.72;246.06;14.69;765;92;4520.00;190
12224;92;628987210;12224;144;12985;13174;11.80;0.72;246.09;14.69;761;92;4521.00;189
12225;92;628987221;12225;145;12988;13180;11.77;0.72;246.09;14.69;763;92;4522.00;192
12231;92;628987234;12231;140;12988;13180;11.74;0.71;246.15;14.69;757;92;4523.00;192
12237;92;628987246;12237;138;12989;13180;11.68;0.71;246.14;14.69;752;92;4524.00;191
12241;92;628987258;12241;129;12990;13180;11.65;0.71;246.10;14.70;749;92;4525.00;190
12244;92;628987274;12244;135;12994;13184;11.62;0.71;246.14;14.71;750;92;4526.00;190
12251;92;628987286;12251;130;12996;13185;11.61;0.71;246.14;14.71;745;92;4527.00;189
12252;92;628987298;12252;131;12996;13185;11.61;0.71;246.12;14.71;744;92;4528.00;189
12257;92;628987309;12257;130;12999;13186;11.60;0.70;246.15;14.86;742;92;4529.00;187
12261;92;628987325;12261;134;12999;13186;11.73;0.71;246.15;14.86;738;92;4530.00;187
12262;92;628987337;12262;129;12999;13186;11.79;0.72;246.15;14.86;737;92;4531.00;187
12266;92;628987348;12266;125;12999;13186;11.81;0.72;246.13;14.86;733;92;4532.00;187
12267;92;628987359;12267;123;13000;13186;11.78;0.72;246.13;14.86;733;92;4533.00;186
12270;92;628987372;12270;126;13001;13186;11.81;0.72;246.12;14.86;731;92;4534.00;185
12274;92;628987383;12274;126;13002;13186;11.76;0.71;246.19;14.87;728;92;4535.00;184
12275;92;628987393;12275;133;13039;13256;11.58;0.71;246.18;14.82;764;92;4536.00;217
12278;92;628987410;12278;129;13040;13257;11.60;0.71;246.19;14.83;762;92;4537.00;217
12279;92;628987422;12279;128;13044;13257;11.67;0.71;246.19;14.82;765;92;4538.00;213
12282;92;628987433;12282;133;13046;13257;11.68;0.71;246.19;14.82;764;92;4539.00;211
12285;92;628987444;12285;135;13052;13257;11.63;0.71;246.23;14.82;767;92;4540.00;205
12289;92;628987456;12289;134;13054;13257;11.61;0.71;246.24;14.82;765;92;4541.00;203
12293;92;628987474;12293;133;13059;13257;11.57;0.70;246.23;14.82;766;92;4542.00;198
12298;92;628987486;12298;136;13060;13257;11.57;0.70;246.22;14.82;762;92;4543.00;197
12301;92;628987498;12301;138;13061;13258;11.53;0.70;246.21;14.82;760;92;4544.00;197
12301;92;628987509;12301;137;13065;13260;11.48;0.70;246.21;14.82;764;92;4545.00;195
12303;92;628987521;12303;141;13065;13260;11.51;0.70;246.22;14.82;762;92;4546.00;195
12306;92;628987532;12306;139;13070;13264;11.46;0.70;246.19;14.82;764;92;4547.00;194
12309;92;628987543;12309;145;13074;13264;11.39;0.69;246.25;14.82;765;92;4548.00;190
12312;92;628987554;12312;153;13076;13264;11.31;0.69;246.25;14.82;764;92;4549.00;188
12316;92;628987566;12316;159;13079;13264;11.24;0.69;246.26;14.84;763;92;4550.00;185
12318;92;628987577;12318;165;13082;13270;11.16;0.68;246.29;14.84;764;92;4551.00;188
12324;92;628987589;12324;174;13083;13270;11.06;0.68;246.28;14.84;759;92;4552.00;187
12327;92;628987601;12327;177;13089;13270;11.06;0.67;246.25;14.86;762;92;4553.00;181
12330;92;628987612;12330;183;13091;13273;11.03;0.67;246.26;14.86;761;92;4554.00;182
12337;92;628987623;12337;184;13095;13273;11.04;0.67;246.23;14.88;758;92;4555.00;178
12338;92;628987635;12338;185;13096;13273;11.00;0.67;246.23;14.89;758;92;4556.00;177
12342;92;628987646;12342;189;13098;13274;10.91;0.66;246.26;14.91;756;92;4557.00;176
12345;92;628987657;12345;197;13101;13275;10.82;0.66;246.21;14.92;756;92;4558.00;174
12350;92;628987668;12350;202;13102;13275;10.79;0.65;246.18;14.92;752;92;4559.00;173
12352;92;628987681;12352;211;13119;13301;10.66;0.65;246.20;14.90;767;92;4560.00;182
12355;92;628987693;12355;213;13125;13301;10.58;0.64;246.22;14.92;770;92;4561.00;176
12357;92;628987704;12357;220;13127;13301;10.55;0.64;246.23;14.92;770;92;4562.00;174
12359;92;628987715;12359;229;13130;13302;10.49;0.64;246.22;14.93;771;92;4563.00;172
12361;92;628987725;12361;234;13130;13302;10.38;0.63;246.21;14.93;769;92;4564.00;172
12363;92;628987736;12363;240;13135;13306;10.24;0.62;246.21;14.94;772;92;4565.00;171
12364;92;628987746;12364;245;13136;13306;10.03;0.61;246.25;14.94;772;92;4566.00;170
12365;92;628987756;12365;254;13140;13310;9.78;0.60;246.25;14.95;775;92;4567.00;170
12367;92;628987766;12367;264;13141;13310;9.52;0.58;246.23;14.96;774;92;4568.00;169
12370;92;628987776;12370;266;13142;13310;9.27;0.57;246.26;14.98;772;92;4569.00;168
12374;92;628987786;12374;266;13142;13310;9.08;0.55;246.23;14.98;768;92;4570.00;168
12375;92;628987796;12375;267;13145;13310;8.91;0.54;246.25;15.01;770;92;4571.00;165
12378;92;628987805;12378;266;13155;13322;8.78;0.54;246.24;15.00;777;92;4572.00;167
12379;92;628987815;12379;268;13155;13322;8.63;0.53;246.24;15.00;776;92;4573.00;167
12382;92;628987825;12382;272;13160;13322;8.55;0.53;246.26;15.03;778;92;4574.00;162
12384;92;628987834;12384;275;13160;13322;8.55;0.53;246.27;15.03;776;92;4575.00;162
12387;92;628987844;12387;272;13161;13322;8.46;0.52;246.26;15.04;774;92;4576.00;161
12391;92;628987854;12391;280;13162;13322;8.37;0.51;246.26;15.04;771;92;4577.00;160
12393;92;628987863;12393;272;13165;13323;8.27;0.51;246.24;15.06;772;92;4578.00;158
12393;92;628987873;12393;276;13165;13323;8.21;0.50;246.24;15.06;772;92;4579.00;158
12397;92;628987882;12397;276;13170;13329;8.16;0.50;246.20;15.07;773;92;4580.00;159
12399;92;628987892;12399;279;13171;13330;8.04;0.49;246.22;15.07;772;92;4581.00;159
12405;92;628987901;12405;280;13173;13330;7.84;0.48;246.22;15.07;768;92;4582.00;157
12411;92;628987915;12411;283;13173;13330;7.64;0.47;246.26;15.07;762;92;4583.00;157
12411;92;628987924;12411;288;13180;13334;7.55;0.46;246.26;15.09;769;92;4584.00;154
12415;92;628987933;12415;289;13180;13334;7.36;0.45;246.27;15.09;765;92;4585.00;154
12415;92;628987942;12415;290;13181;13334;7.25;0.45;246.27;15.10;766;92;4586.00;153
12421;92;628987950;12421;305;13183;13335;7.07;0.43;246.30;15.10;762;92;4587.00;152
12423;92;628987959;12423;316;13187;13339;6.91;0.42;246.29;15.10;764;92;4588.00;152
12426;92;628987968;12426;323;13187;13339;6.73;0.41;246.30;15.10;761;92;4589.00;152
12427;92;628987978;12427;320;13190;13345;6.64;0.41;246.30;15.10;763;92;4590.00;155
12432;92;628987987;12432;317;13192;13345;6.52;0.40;246.31;15.11;760;92;4591.00;153
12434;92;628987995;12434;321;13193;13345;6.47;0.40;246.31;15.10;759;92;4592.00;152
12436;92;628988003;12436;325;13194;13345;6.47;0.40;246.34;15.11;758;92;4593.00;151
12442;92;628988012;12442;324;13197;13349;6.56;0.40;246.32;15.11;755;92;4594.00;152
12445;92;628988021;12445;327;13197;13349;6.59;0.41;246.30;15.11;752;92;4595.00;152
12447;92;628988029;12447;324;13198;13349;6.63;0.41;246.31;15.11;751;92;4596.00;151
12449;92;628988037;12449;321;13198;13349;6.67;0.41;246.31;15.11;749;92;4597.00;151
12455;92;628988045;12455;315;13199;13350;6.58;0.40;246.29;15.11;744;92;4598.00;151
12456;92;628988053;12456;311;13200;13351;6.63;0.41;246.30;15.10;744;92;4599.00;151
12458;92;628988063;12458;304;13201;13351;6.61;0.41;246.31;15.10;743;92;4600.00;150
12462;92;628988074;12462;303;13202;13352;6.59;0.40;246.28;15.10;740;92;4601.00;150
12465;92;628988084;12465;304;13202;13352;6.53;0.40;246.29;15.10;737;92;4602.00;150
12470;92;628988093;12470;301;13202;13352;6.46;0.40;246.26;15.10;732;92;4603.00;150
12473;92;628988101;12473;296;13202;13352;6.44;0.39;246.27;15.10;729;92;4604.00;150
12477;92;628988109;12477;303;13202;13352;6.46;0.40;246.30;15.10;725;92;4605.00;150
12479;92;628988117;12479;305;13202;13352;6.49;0.40;246.29;15.10;723;92;4606.00;150
12482;92;628988125;12482;306;13202;13352;6.55;0.40;246.31;15.10;720;92;4607.00;150
12488;92;628988133;12488;310;13269;13479;7.05;0.44;246.30;15.03;781;92;4608.00;210
12491;92;628988151;12491;309;13273;13480;7.06;0.44;246.31;15.02;782;92;4609.00;207
12494;92;628988180;12494;308;13281;13480;7.17;0.45;246.34;15.02;787;92;4610.00;199
12496;92;628988189;12496;304;13284;13480;7.22;0.45;246.30;15.01;788;92;4611.00;196
12500;92;628988198;12500;308;13290;13480;7.30;0.45;246.28;15.01;790;92;4612.00;190
12502;92;628988207;12502;308;13292;13480;7.29;0.45;246.29;15.01;790;92;4613.00;188
12505;92;628988217;12505;311;13296;13480;7.28;0.45;246.27;15.00;791;92;4614.00;184
12508;92;628988227;12508;311;13298;13480;7.28;0.45;246.27;15.00;790;92;4615.00;182
12510;92;628988236;12510;317;13303;13481;7.30;0.45;246.24;15.00;793;92;4616.00;178
12515;92;628988246;12515;317;13305;13482;7.30;0.45;246.29;15.00;790;92;4617.00;177
12517;93;628988257;12517;322;13308;13482;7.32;0.45;246.30;15.00;791;93;4618.00;174
12521;93;628988278;12521;323;13312;13483;7.33;0.45;246.30;15.00;791;93;4619.00;171
12525;93;628988290;12525;324;13314;13483;7.32;0.45;246.29;15.00;789;93;4620.00;169
12529;93;628988301;12529;325;13315;13483;7.27;0.45;246.29;14.99;786;93;4621.00;168
12532;93;628988311;12532;334;13316;13483;7.23;0.45;246.28;14.99;784;93;4622.00;167
12534;93;628988321;12534;344;13319;13487;7.20;0.45;246.26;14.99;785;93;4623.00;168
12538;93;628988331;12538;346;13320;13487;7.17;0.44;246.28;14.99;782;93;4624.00;167
12538;93;628988341;12538;351;13322;13487;7.17;0.44;246.28;14.99;784;93;4625.00;165
12543;93;628988351;12543;350;13324;13490;7.12;0.44;246.29;14.99;781;93;4626.00;166
12545;93;628988362;12545;340;13326;13490;7.16;0.44;246.30;14.99;781;93;4627.00;164
12547;93;628988379;12547;325;13327;13490;7.19;0.44;246.30;14.99;780;93;4628.00;163
12551;93;628988402;12551;320;13330;13494;7.28;0.45;246.35;14.99;779;93;4629.00;164
12553;93;628988425;12553;316;13332;13495;7.37;0.45;246.36;14.99;779;93;4630.00;163
12560;93;628988441;12560;311;13332;13495;7.37;0.45;246.30;14.99;772;93;4631.00;163
12562;93;628988455;12562;308;13336;13499;7.47;0.46;246.28;14.98;774;93;4632.00;163
12564;93;628988478;12564;301;13336;13499;7.50;0.46;246.26;14.98;772;93;4633.00;163
12564;93;628988490;12564;293;13336;13499;7.66;0.47;246.26;14.98;772;93;4634.00;163
12568;93;628988502;12568;288;13338;13501;7.81;0.48;246.22;14.98;770;93;4635.00;163
12569;93;628988514;12569;287;13338;13501;7.89;0.48;246.22;14.98;769;93;4636.00;163
12574;93;628988531;12574;273;13342;13507;7.99;0.49;246.19;14.97;768;93;4637.00;165
12575;93;628988544;12575;260;13342;13507;8.05;0.49;246.20;14.97;767;93;4638.00;165
12579;93;628988566;12579;250;13343;13508;8.22;0.50;246.22;14.97;764;93;4639.00;165
12582;93;628988578;12582;245;13343;13508;8.41;0.51;246.25;14.97;761;93;4640.00;165
12585;93;628988591;12585;246;13343;13508;8.52;0.52;246.23;14.97;758;93;4641.00;165
12589;93;628988602;12589;241;13343;13508;8.67;0.53;246.26;14.97;754;93;4642.00;165
12591;93;628988613;12591;237;13343;13508;8.84;0.54;246.29;14.97;752;93;4643.00;165
12594;93;628988624;12594;236;13353;13520;9.05;0.55;246.27;14.96;759;93;4644.00;167
12597;93;628988637;12597;228;13354;13520;9.12;0.56;246.27;14.96;757;93;4645.00;166
12598;93;628988649;12598;212;13354;13520;9.29;0.56;246.26;14.96;756;93;4646.00;166
12600;93;628988661;12600;197;13354;13520;9.44;0.57;246.26;14.96;754;93;4647.00;166
12602;93;628988673;12602;182;13354;13520;9.60;0.58;246.26;14.96;752;93;4648.00;166
12607;93;628988691;12607;172;13354;13520;9.81;0.59;246.28;14.96;747;93;4649.00;166
12609;93;628988705;12609;166;13359;13526;9.94;0.60;246.28;14.96;750;93;4650.00;167
12611;93;628988719;12611;160;13359;13526;10.06;0.61;246.26;14.96;748;93;4651.00;167
12611;93;628988731;12611;153;13362;13530;10.21;0.62;246.26;14.95;751;93;4652.00;168
12614;93;628988743;12614;148;13364;13531;10.30;0.62;246.28;14.95;750;93;4653.00;167
12614;93;628988756;12614;150;13364;13531;10.38;0.63;246.28;14.95;750;93;4654.00;167
12616;93;628988768;12616;141;13364;13531;10.55;0.64;246.28;14.95;748;93;4655.00;167
12618;93;628988780;12618;144;13375;13544;10.72;0.65;246.27;14.94;757;93;4656.00;169
12619;93;628988792;12619;145;13375;13544;10.84;0.66;246.27;14.94;756;93;4657.00;169
12623;93;628988805;12623;140;13375;13544;10.90;0.66;246.28;14.94;752;93;4658.00;169
12627;93;628988818;12627;132;13376;13545;11.02;0.67;246.30;14.94;749;93;4659.00;169
12632;93;628988832;12632;128;13376;13546;11.18;0.68;246.32;14.94;744;93;4660.00;170
12634;93;628988848;12634;129;13376;13546;11.31;0.69;246.33;14.94;742;93;4661.00;170
12637;94;628988861;12637;130;13378;13549;11.38;0.69;246.38;14.94;741;94;4662.00;171
12638;94;628988885;12638;128;13379;13549;11.45;0.70;246.38;14.93;741;94;4663.00;170
12643;94;628988897;12643;131;13379;13549;11.39;0.69;246.41;14.93;736;94;4664.00;170
12648;94;628988909;12648;138;13379;13549;11.46;0.69;246.47;14.93;731;94;4665.00;170
12650;94;628988921;12650;135;13383;13555;11.51;0.70;246.45;14.93;733;94;4666.00;172
12654;95;628988933;12654;135;13383;13555;11.54;0.70;246.50;14.93;729;95;4667.00;172
12658;95;628988956;12658;130;13384;13555;11.60;0.70;246.51;14.93;726;95;4668.00;171
12661;95;628988968;12661;134;13384;13555;11.59;0.70;246.50;14.93;723;95;4669.00;171
12663;95;628988980;12663;132;13387;13559;11.64;0.70;246.53;14.93;724;95;4670.00;172
12665;95;628988991;12665;133;13388;13560;11.71;0.71;246.55;14.93;723;95;4671.00;172
12668;95;628989003;12668;130;13388;13560;11.82;0.71;246.58;14.93;720;95;4672.00;172
12672;95;628989016;12672;130;13389;13561;11.87;0.72;246.58;14.92;717;95;4673.00;172
12673;96;628989027;12673;130;13389;13561;11.97;0.72;246.60;14.92;716;96;4674.00;172
12674;96;628989049;12674;128;13389;13561;12.01;0.73;246.61;14.92;715;96;4675.00;172
12677;96;628989061;12677;126;13389;13561;12.01;0.73;246.63;14.92;712;96;4676.00;172
12679;96;628989072;12679;128;13389;13561;12.05;0.73;246.64;14.92;710;96;4677.00;172
12681;96;628989083;12681;128;13389;13561;12.06;0.73;246.66;14.92;708;96;4678.00;172
12684;96;628989098;12684;127;13389;13561;12.10;0.73;246.67;14.92;705;96;4679.00;172
12686;96;628989114;12686;147;13453;13686;11.63;0.71;246.69;14.85;767;96;4680.00;233
12690;96;628989134;12690;134;13453;13687;11.63;0.71;246.73;14.85;763;96;4681.00;234
12693;96;628989146;12693;125;13462;13687;11.68;0.72;246.78;14.84;769;96;4682.00;225
12695;96;628989158;12695;119;13464;13687;11.72;0.72;246.81;14.84;769;96;4683.00;223
12697;96;628989169;12697;118;13466;13687;11.77;0.72;246.79;14.84;769;96;4684.00;221
12700;96;628989181;12700;117;13469;13687;11.90;0.73;246.82;14.84;769;96;4685.00;218
12703;96;628989193;12703;123;13474;13687;11.92;0.73;246.84;14.84;771;96;4686.00;213
12705;96;628989204;12705;126;13476;13687;11.93;0.73;246.84;14.83;771;96;4687.00;211
12711;96;628989215;12711;134;13481;13688;11.91;0.73;246.87;14.83;770;96;4688.00;207
12715;96;628989227;12715;139;13484;13689;11.89;0.73;246.89;14.83;769;96;4689.00;205
12721;96;628989239;12721;143;13487;13689;11.93;0.73;246.88;14.83;766;96;4690.00;202
12725;96;628989250;12725;140;13490;13693;11.87;0.73;246.87;14.83;765;96;4691.00;203
12730;96;628989262;12730;139;13491;13693;11.83;0.73;246.89;14.83;761;96;4692.00;202
12734;96;628989273;12734;133;13492;13693;11.82;0.72;246.88;14.83;758;96;4693.00;201
12738;96;628989283;12738;132;13493;13693;11.76;0.72;246.95;14.98;755;96;4694.00;200
12743;96;628989303;12743;124;13498;13699;11.74;0.72;246.96;14.99;755;96;4695.00;201
12743;96;628989316;12743;116;13498;13699;11.86;0.73;246.96;14.99;755;96;4696.00;201
12746;96;628989327;12746;116;13499;13699;11.93;0.73;247.00;14.99;753;96;4697.00;200
12752;96;628989344;12752;114;13501;13702;11.98;0.73;247.02;14.98;749;96;4698.00;201
12756;96;628989362;12756;117;13502;13702;11.99;0.73;247.00;14.98;746;96;4699.00;200
12760;96;628989376;12760;112;13502;13702;12.10;0.74;247.05;14.98;742;96;4700.00;200
12764;97;628989391;12764;114;13503;13703;12.07;0.74;247.08;14.98;739;97;4701.00;200
12767;97;628989414;12767;112;13504;13704;12.06;0.74;247.08;14.98;737;97;4702.00;200
12770;97;628989426;12770;110;13504;13704;12.04;0.73;247.06;14.98;734;97;4703.00;200
12771;97;628989443;12771;109;13513;13717;11.97;0.73;247.06;14.97;742;97;4704.00;204
12773;97;628989455;12773;108;13513;13717;11.98;0.73;247.07;14.97;740;97;4705.00;204
12775;97;628989467;12775;113;13513;13717;12.05;0.74;247.10;14.97;738;97;4706.00;204
12780;97;628989478;12780;116;13515;13718;12.02;0.73;247.13;14.97;735;97;4707.00;203
12783;97;628989495;12783;114;13516;13718;12.03;0.73;247.15;14.97;733;97;4708.00;202
12786;97;628989513;12786;112;13518;13722;11.98;0.73;247.12;14.97;732;97;4709.00;204
12789;97;628989526;12789;120;13520;13722;11.97;0.73;247.14;14.97;731;97;4710.00;202
12793;97;628989543;12793;124;13524;13726;11.92;0.73;247.11;14.97;731;97;4711.00;202
12795;97;628989555;12795;125;13525;13726;11.90;0.72;247.10;14.97;730;97;4712.00;201
12798;97;628989567;12798;132;13525;13726;11.89;0.72;247.13;14.97;727;97;4713.00;201
12803;97;628989578;12803;135;13525;13726;11.83;0.72;247.13;14.97;722;97;4714.00;201
12804;97;628989590;12804;142;13526;13726;11.70;0.71;247.13;14.97;722;97;4715.00;200
12807;97;628989601;12807;149;13537;13738;11.64;0.71;247.13;14.97;730;97;4716.00;201
12807;97;628989614;12807;153;13538;13738;11.61;0.71;247.13;14.97;731;97;4717.00;200
12811;97;628989625;12811;160;13539;13738;11.53;0.70;247.09;14.97;728;97;4718.00;199
12815;97;628989636;12815;168;13540;13738;11.46;0.70;247.09;14.99;725;97;4719.00;198
12820;97;628989647;12820;174;13541;13738;11.39;0.69;247.08;15.00;721;97;4720.00;197
12822;97;628989658;12822;179;13543;13738;11.25;0.68;247.08;15.01;721;97;4721.00;195
12824;97;628989669;12824;189;13544;13739;11.21;0.68;247.12;15.02;720;97;4722.00;195
12825;97;628989680;12825;198;13545;13739;11.16;0.68;247.13;15.03;720;97;4723.00;194
12825;97;628989690;12825;204;13551;13745;11.08;0.67;247.13;15.04;726;97;4724.00;194
12828;97;628989701;12828;206;13554;13747;10.98;0.67;247.11;15.03;726;97;4725.00;193
12829;97;628989712;12829;217;13556;13747;10.89;0.66;247.10;15.05;727;97;4726.00;191
12835;97;628989722;12835;222;13556;13747;10.76;0.65;247.08;15.05;721;97;4727.00;191
12838;97;628989733;12838;224;13560;13751;10.71;0.65;247.05;15.06;722;97;4728.00;191
12844;97;628989744;12844;233;13561;13751;10.58;0.64;247.05;15.07;717;97;4729.00;190
12845;97;628989754;12845;240;13562;13751;10.44;0.64;247.05;15.08;717;97;4730.00;189
12848;97;628989765;12848;243;13564;13752;10.29;0.63;247.02;15.09;716;97;4731.00;188
12850;97;628989774;12850;247;13567;13756;10.18;0.62;247.02;15.09;717;97;4732.00;189
12851;97;628989784;12851;253;13569;13756;10.07;0.61;247.04;15.11;718;97;4733.00;187
12854;97;628989794;12854;255;13572;13759;9.94;0.61;247.04;15.12;718;97;4734.00;187
12855;97;628989804;12855;258;13575;13759;9.84;0.60;247.04;15.14;720;97;4735.00;184
12857;97;628989814;12857;261;13575;13759;9.69;0.59;247.07;15.14;718;97;4736.00;184
12860;97;628989824;12860;261;13577;13759;9.55;0.58;247.11;15.16;717;97;4737.00;182
12863;97;628989833;12863;263;13580;13763;9.41;0.57;247.13;15.16;717;97;4738.00;183
12864;97;628989849;12864;263;13582;13763;9.27;0.56;247.13;15.17;718;97;4739.00;181
12866;97;628989860;12866;265;13583;13763;9.10;0.55;247.14;15.17;717;97;4740.00;180
12867;97;628989869;12867;261;13584;13763;9.02;0.55;247.14;15.18;717;97;4741.00;179
12872;97;628989884;12872;258;13585;13764;8.83;0.54;247.14;15.19;713;97;4742.00;179
12873;97;628989894;12873;258;13587;13765;8.71;0.53;247.16;15.19;714;97;4743.00;178
12875;97;628989903;12875;261;13588;13765;8.56;0.52;247.14;15.20;713;97;4744.00;177
12878;97;628989912;12878;260;13589;13766;8.43;0.52;247.18;15.20;711;97;4745.00;177
12883;97;628989921;12883;261;13589;13766;8.27;0.50;247.13;15.20;706;97;4746.00;177
12887;97;628989930;12887;265;13592;13766;8.16;0.50;247.12;15.22;705;97;4747.00;174
12888;97;628989939;12888;273;13592;13766;8.08;0.49;247.11;15.22;704;97;4748.00;174
12889;97;628989948;12889;278;13593;13766;8.02;0.49;247.10;15.23;704;97;4749.00;173
12891;97;628989956;12891;278;13594;13766;7.93;0.48;247.07;15.24;703;97;4750.00;172
12896;97;628989964;12896;283;13594;13766;7.82;0.48;247.03;15.24;698;97;4751.00;172
12898;97;628989973;12898;304;13663;13893;8.01;0.50;247.04;15.18;765;97;4752.00;230
12899;97;628989991;12899;304;13667;13894;7.92;0.49;247.04;15.17;768;97;4753.00;227
12902;97;628989999;12902;302;13676;13894;7.94;0.49;247.02;15.17;774;97;4754.00;218
12907;97;628990008;12907;304;13679;13894;7.82;0.49;246.99;15.18;772;97;4755.00;215
12908;97;628990017;12908;300;13685;13894;7.75;0.48;246.98;15.17;777;97;4756.00;209
12912;97;628990025;12912;304;13691;13894;7.60;0.47;246.95;15.18;779;97;4757.00;203
12915;97;628990034;12915;304;13698;13894;7.49;0.47;246.94;15.18;783;97;4758.00;196
12918;97;628990042;12918;308;13699;13894;7.29;0.46;246.96;15.18;781;97;4759.00;195
12921;97;628990051;12921;307;13704;13895;7.21;0.45;246.97;15.18;783;97;4760.00;191
12925;97;628990059;12925;302;13707;13896;7.09;0.44;246.94;15.18;782;97;4761.00;189
12928;97;628990068;12928;302;13712;13896;7.02;0.44;246.93;15.18;784;97;4762.00;184
12928;97;628990077;12928;310;13714;13897;6.91;0.43;246.93;15.19;786;97;4763.00;183
12930;97;628990086;12930;313;13717;13897;6.82;0.42;246.94;15.19;787;97;4764.00;180
12932;97;628990095;12932;317;13719;13897;6.74;0.42;246.94;15.20;787;97;4765.00;178
12932;97;628990104;12932;321;13721;13897;6.77;0.42;246.94;15.20;789;97;4766.00;176
12935;97;628990113;12935;316;13725;13901;6.74;0.42;246.97;15.20;790;97;4767.00;176
12936;97;628990123;12936;313;13727;13901;6.78;0.42;246.98;15.20;791;97;4768.00;174
12940;97;628990133;12940;312;13728;13901;6.79;0.42;246.96;15.20;788;97;4769.00;173
12944;97;628990144;12944;311;13731;13907;6.77;0.42;246.93;15.20;787;97;4770.00;176
12947;97;628990154;12947;311;13732;13907;6.72;0.41;246.92;15.20;785;97;4771.00;175
12951;97;628990163;12951;315;13734;13907;6.69;0.41;246.94;15.35;783;97;4772.00;173
12956;97;628990174;12956;320;13736;13911;6.68;0.41;246.97;15.35;780;97;4773.00;175
12958;97;628990184;12958;329;13739;13912;6.77;0.42;246.96;15.35;781;97;4774.00;173
12964;97;628990193;12964;330;13739;13912;6.70;0.41;246.95;15.35;775;97;4775.00;173
12966;97;628990203;12966;331;13743;13916;6.76;0.42;246.97;15.34;777;97;4776.00;173
12968;97;628990212;12968;330;13743;13916;6.77;0.42;246.96;15.34;775;97;4777.00;173
12972;97;628990221;12972;325;13744;13916;6.73;0.41;246.98;15.34;772;97;4778.00;172
12973;97;628990230;12973;309;13745;13917;6.84;0.42;246.99;15.34;772;97;4779.00;172
12974;97;628990240;12974;302;13746;13917;6.91;0.42;247.00;15.34;772;97;4780.00;171
12979;97;628990249;12979;292;13749;13923;6.94;0.43;246.98;15.34;770;97;4781.00;174
12985;97;628990260;12985;285;13750;13923;7.03;0.43;246.93;15.34;765;97;4782.00;173
12987;97;628990270;12987;284;13750;13924;7.18;0.44;246.92;15.34;763;97;4783.00;174
12990;97;628990279;12990;276;13751;13924;7.34;0.45;246.91;15.33;761;97;4784.00;173
12992;97;628990289;12992;265;13751;13924;7.46;0.46;246.93;15.33;759;97;4785.00;173
12992;97;628990300;12992;261;13751;13924;7.64;0.47;246.93;15.33;759;97;4786.00;173
12998;97;628990309;12998;264;13751;13924;7.67;0.47;246.92;15.33;753;97;4787.00;173
13001;97;628990320;13001;259;13760;13936;7.88;0.48;246.93;15.32;759;97;4788.00;176
13003;97;628990331;13003;257;13761;13936;7.95;0.49;246.91;15.48;758;97;4789.00;175
13008;97;628990342;13008;257;13763;13936;8.02;0.49;246.94;15.48;755;97;4790.00;173
13010;97;628990353;13010;254;13763;13936;8.09;0.49;246.93;15.48;753;97;4791.00;173
13013;97;628990364;13013;254;13763;13936;8.08;0.49;246.94;15.48;750;97;4792.00;173
13014;97;628990380;13014;255;13763;13936;8.19;0.50;246.95;15.48;749;97;4793.00;173
13018;97;628990394;13018;252;13766;13940;8.26;0.50;246.95;15.47;748;97;4794.00;174
13020;97;628990410;13020;253;13766;13940;8.31;0.51;246.95;15.47;746;97;4795.00;174
13023;97;628990423;13023;254;13769;13944;8.32;0.51;246.94;15.47;746;97;4796.00;175
13027;97;628990438;13027;253;13770;13945;8.30;0.50;246.92;15.47;743;97;4797.00;175
13027;97;628990452;13027;250;13771;13945;8.29;0.50;246.92;15.47;744;97;4798.00;174
13028;97;628990465;13028;255;13771;13945;8.26;0.50;246.91;15.47;743;97;4799.00;174
13030;97;628990479;13030;267;13792;13986;8.33;0.51;246.92;15.44;762;97;4800.00;194
13032;97;628990498;13032;264;13792;13986;8.30;0.50;246.92;15.44;760;97;4801.00;194
13035;97;628990510;13035;267;13795;13986;8.26;0.50;246.94;15.44;760;97;4802.00;191
13041;97;628990522;13041;259;13797;13987;8.23;0.50;246.96;15.44;756;97;4803.00;190
13042;97;628990533;13042;259;13798;13988;8.22;0.50;246.98;15.44;756;97;4804.00;190
13044;97;628990543;13044;264;13798;13988;8.30;0.51;247.01;15.44;754;97;4805.00;190
13051;97;628990554;13051;268;13802;13991;8.31;0.51;247.03;15.43;751;97;4806.00;189
13053;97;628990566;13053;255;13803;13991;8.38;0.51;247.04;15.43;750;97;4807.00;188
13055;97;628990584;13055;254;13805;13991;8.42;0.51;247.07;15.43;750;97;4808.00;186
13059;97;628990595;13059;248;13805;13991;8.45;0.51;247.09;15.43;746;97;4809.00;186
13061;97;628990606;13061;243;13808;13997;8.53;0.52;247.08;15.43;747;97;4810.00;189
13065;97;628990618;13065;239;13810;13997;8.56;0.52;247.07;15.43;745;97;4811.00;187
13070;97;628990629;13070;239;13812;13997;8.66;0.53;247.10;15.43;742;97;4812.00;185
13074;97;628990641;13074;232;13812;13997;8.74;0.53;247.17;15.43;738;97;4813.00;185
13079;97;628990658;13079;229;13815;14001;8.78;0.53;247.23;15.42;736;97;4814.00;186
13082;97;628990670;13082;222;13817;14003;8.88;0.54;247.27;15.42;735;97;4815.00;186
13087;97;628990682;13087;206;13817;14003;9.04;0.55;247.29;15.42;730;97;4816.00;186
13089;97;628990693;13089;195;13819;14004;9.16;0.56;247.31;15.42;730;97;4817.00;185
13093;97;628990705;13093;176;13819;14004;9.31;0.56;247.32;15.42;726;97;4818.00;185
13097;97;628990716;13097;164;13819;14004;9.43;0.57;247.34;15.42;722;97;4819.00;185
13099;97;628990729;13099;155;13819;14004;9.63;0.58;247.37;15.42;720;97;4820.00;185
13103;97;628990741;13103;147;13819;14004;9.77;0.59;247.36;15.42;716;97;4821.00;185
13106;97;628990752;13106;140;13819;14004;9.99;0.61;247.41;15.42;713;97;4822.00;185
13107;97;628990764;13107;132;13820;14004;10.15;0.62;247.41;15.42;713;97;4823.00;184
13110;97;628990776;13110;145;13861;14074;10.06;0.61;247.43;15.38;751;97;4824.00;213
13112;97;628990794;13112;136;13861;14075;10.25;0.63;247.45;15.38;749;97;4825.00;214
13115;97;628990806;13115;131;13865;14075;10.49;0.64;247.43;15.37;750;97;4826.00;210
13119;97;628990818;13119;129;13865;14075;10.65;0.65;247.46;15.37;746;97;4827.00;210
13123;97;628990831;13123;121;13869;14077;10.90;0.66;247.49;15.37;746;97;4828.00;208
13124;97;628990845;13124;122;13871;14077;11.04;0.67;247.48;15.37;747;97;4829.00;206
13129;97;628990858;13129;117;13874;14077;11.20;0.68;247.49;15.37;745;97;4830.00;203
13132;97;628990871;13132;122;13875;14077;11.29;0.69;247.51;15.37;743;97;4831.00;202
13135;97;628990884;13135;119;13877;14078;11.38;0.69;247.51;15.36;742;97;4832.00;201
13137;97;628990896;13137;126;13879;14079;11.49;0.70;247.58;15.36;742;97;4833.00;200
13140;97;628990907;13140;128;13881;14079;11.50;0.70;247.59;15.36;741;97;4834.00;198
13143;97;628990926;13143;131;13888;14083;11.46;0.70;247.62;15.36;745;97;4835.00;195
13147;97;628990938;13147;128;13890;14083;11.53;0.70;247.62;15.51;743;97;4836.00;193
13150;97;628990952;13150;133;13891;14083;11.61;0.71;247.65;15.51;741;97;4837.00;192
13151;97;628990964;13151;131;13892;14083;11.66;0.71;247.67;15.51;741;97;4838.00;191
13155;97;628990981;13155;132;13897;14089;11.71;0.71;247.68;15.51;742;97;4839.00;192
13158;97;628990994;13158;133;13898;14089;11.82;0.72;247.73;15.51;740;97;4840.00;191
13162;97;628991006;13162;135;13900;14089;11.92;0.72;247.75;15.51;738;97;4841.00;189
13166;97;628991024;13166;131;13903;14092;11.97;0.73;247.76;15.50;737;97;4842.00;189
13167;97;628991035;13167;133;13904;14092;12.07;0.73;247.77;15.50;737;97;4843.00;188
13169;97;628991052;13169;138;13904;14092;12.06;0.73;247.79;15.50;735;97;4844.00;188
13173;97;628991064;13173;144;13904;14093;12.09;0.74;247.79;15.50;731;97;4845.00;189
13174;97;628991075;13174;146;13905;14094;12.14;0.74;247.80;15.50;731;97;4846.00;189
13178;97;628991087;13178;147;13905;14094;12.10;0.74;247.83;15.50;727;97;4847.00;189
13180;97;628991099;13180;146;13916;14107;11.98;0.73;247.85;15.49;736;97;4848.00;191
13183;97;628991111;13183;149;13916;14107;11.94;0.73;247.82;15.49;733;97;4849.00;191
13185;97;628991122;13185;152;13916;14107;11.89;0.72;247.82;15.49;731;97;4850.00;191
13191;97;628991133;13191;158;13917;14108;11.82;0.72;247.90;15.49;726;97;4851.00;191
13194;97;628991144;13194;159;13917;14108;11.76;0.72;247.92;15.49;723;97;4852.00;191
13196;97;628991155;13196;164;13920;14112;11.80;0.72;247.93;15.49;724;97;4853.00;192
13201;97;628991166;13201;163;13920;14112;11.75;0.72;247.94;15.49;719;97;4854.00;192
13204;97;628991177;13204;163;13924;14116;11.68;0.71;247.95;15.48;720;97;4855.00;192
13209;97;628991189;13209;164;13924;14116;11.70;0.71;247.93;15.48;715;97;4856.00;192
13216;97;628991199;13216;166;13924;14116;11.71;0.71;247.93;15.48;708;97;4857.00;192
13222;97;628991210;13222;168;13924;14116;11.75;0.71;247.89;15.48;702;97;4858.00;192
13228;97;628991220;13228;167;13924;14116;11.70;0.71;247.94;15.48;696;97;4859.00;192
13236;97;628991232;13236;162;13944;14150;11.57;0.70;247.91;15.46;708;97;4860.00;206
13240;97;628991245;13240;153;13944;14150;11.54;0.70;247.95;15.46;704;97;4861.00;206
13242;97;628991256;13242;139;13945;14150;11.63;0.71;247.95;15.46;703;97;4862.00;205
13246;97;628991266;13246;132;13946;14150;11.74;0.71;247.92;15.46;700;97;4863.00;204
13251;97;628991277;13251;130;13946;14150;11.81;0.72;247.92;15.46;695;97;4864.00;204
13253;97;628991287;13253;124;13949;14150;11.86;0.72;247.94;15.48;696;97;4865.00;201
13256;97;628991299;13256;124;13949;14151;11.95;0.73;247.93;15.48;693;97;4866.00;202
13259;97;628991309;13259;124;13950;14151;12.08;0.73;247.92;15.48;691;97;4867.00;201
13261;97;628991319;13261;122;13953;14157;12.08;0.73;247.91;15.48;692;97;4868.00;204
13263;97;628991331;13263;117;13955;14158;12.17;0.74;247.97;15.48;692;97;4869.00;203
13264;97;628991342;13264;116;13956;14158;12.10;0.73;247.96;15.47;692;97;4870.00;202
13266;97;628991353;13266;117;13956;14158;12.08;0.73;247.99;15.47;690;97;4871.00;202
13271;97;628991365;13271;121;13959;14162;12.04;0.73;247.98;15.47;688;97;4872.00;203
13276;97;628991378;13276;127;13960;14162;11.97;0.73;248.06;15.47;684;97;4873.00;202
13280;97;628991396;13280;131;13960;14162;11.94;0.72;248.06;15.47;680;97;4874.00;202
13281;97;628991406;13281;130;13961;14163;11.93;0.72;248.06;15.47;680;97;4875.00;202
13284;97;628991417;13284;130;13964;14167;11.88;0.72;248.05;15.47;680;97;4876.00;203
13285;97;628991428;13285;130;13965;14167;11.79;0.72;248.03;15.47;680;97;4877.00;202
13286;97;628991438;13286;132;13968;14170;11.78;0.71;248.03;15.62;682;97;4878.00;202
13289;97;628991448;13289;139;13969;14170;11.63;0.71;247.99;15.62;680;97;4879.00;201
13291;97;628991458;13291;147;13970;14170;11.52;0.70;247.97;15.62;679;97;4880.00;200
13291;97;628991473;13291;151;13971;14170;11.38;0.69;247.97;15.62;680;97;4881.00;199
13293;97;628991489;13293;157;13975;14174;11.28;0.69;247.96;15.62;682;97;4882.00;199
13297;97;628991499;13297;161;13975;14174;11.22;0.68;247.94;15.62;678;97;4883.00;199
13300;97;628991509;13300;161;13976;14174;11.09;0.68;247.93;15.62;676;97;4884.00;198
13303;97;628991519;13303;159;13976;14174;11.04;0.67;247.93;15.62;673;97;4885.00;198
13307;98;628991528;13307;160;13976;14175;11.04;0.67;247.90;15.62;669;98;4886.00;199
13311;98;628991550;13311;161;13977;14176;11.04;0.67;247.88;15.61;666;98;4887.00;199
13315;98;628991561;13315;167;13977;14176;10.96;0.67;247.90;15.61;662;98;4888.00;199
13316;98;628991575;13316;173;13978;14177;10.88;0.66;247.92;15.61;662;98;4889.00;199
13318;98;628991592;13318;179;13980;14177;10.74;0.65;247.94;15.64;662;98;4890.00;197
13321;98;628991602;13321;182;13980;14177;10.62;0.65;247.93;15.64;659;98;4891.00;197
13323;98;628991611;13323;185;13981;14177;10.44;0.64;247.94;15.65;658;98;4892.00;196
13327;98;628991621;13327;191;13982;14177;10.33;0.63;247.93;15.66;655;98;4893.00;195
13329;98;628991630;13329;197;13982;14177;10.26;0.62;247.96;15.66;653;98;4894.00;195
13333;98;628991639;13333;200;13984;14177;10.02;0.61;247.97;15.68;651;98;4895.00;193
13334;98;628991648;13334;220;14047;14304;9.99;0.62;247.97;15.61;713;98;4896.00;257
13337;98;628991667;13337;218;14048;14305;9.85;0.61;247.99;15.62;711;98;4897.00;257
13338;98;628991676;13338;220;14056;14305;9.80;0.61;247.98;15.63;718;98;4898.00;249
13339;98;628991685;13339;226;14063;14305;9.79;0.61;247.99;15.63;724;98;4899.00;242
13340;98;628991695;13340;225;14071;14305;9.78;0.61;247.98;15.64;731;98;4900.00;234
13343;98;628991708;13343;227;14076;14305;9.75;0.60;247.96;15.64;733;98;4901.00;229
13346;98;628991718;13346;230;14082;14305;9.71;0.60;247.93;15.65;736;98;4902.00;223
13346;98;628991727;13346;236;14087;14305;9.71;0.60;247.93;15.66;741;98;4903.00;218
13350;98;628991736;13350;242;14094;14306;9.68;0.59;247.91;15.68;744;98;4904.00;212
13352;98;628991745;13352;249;14099;14308;9.57;0.59;247.88;15.67;747;98;4905.00;209
13355;98;628991754;13355;255;14104;14308;9.42;0.58;247.90;15.67;749;98;4906.00;204
13358;98;628991763;13358;265;14107;14309;9.22;0.57;247.86;15.69;749;98;4907.00;202
13361;98;628991773;13361;274;14109;14309;9.01;0.55;247.84;15.69;748;98;4908.00;200
13364;98;628991782;13364;276;14112;14309;8.76;0.54;247.81;15.71;748;98;4909.00;197
13366;98;628991797;13366;279;14113;14309;8.58;0.53;247.79;15.71;747;98;4910.00;196
13367;98;628991806;13367;284;14118;14313;8.37;0.51;247.78;15.73;751;98;4911.00;195
13368;98;628991815;13368;286;14120;14313;8.21;0.50;247.79;15.73;752;98;4912.00;193
13369;98;628991825;13369;293;14121;14313;8.03;0.49;247.78;15.74;752;98;4913.00;192
13369;98;628991834;13369;303;14125;14316;7.90;0.48;247.78;15.75;756;98;4914.00;191
13369;98;628991844;13369;299;14126;14316;7.77;0.48;247.78;15.74;757;98;4915.00;190
13369;98;628991853;13369;306;14129;14316;7.65;0.47;247.78;15.76;760;98;4916.00;187
13369;98;628991861;13369;309;14132;14320;7.52;0.46;247.78;15.76;763;98;4917.00;188
13369;98;628991871;13369;311;14136;14321;7.47;0.46;247.78;15.77;767;98;4918.00;185
13371;98;628991880;13371;311;14137;14321;7.43;0.46;247.77;15.77;766;98;4919.00;184
13373;98;628991891;13373;312;14141;14326;7.39;0.45;247.76;15.77;768;98;4920.00;185
13374;98;628991900;13374;316;14143;14326;7.30;0.45;247.75;15.78;769;98;4921.00;183
13377;98;628991909;13377;324;14143;14326;7.13;0.44;247.72;15.78;766;98;4922.00;183
13380;98;628991918;13380;327;14144;14327;6.97;0.43;247.73;15.78;764;98;4923.00;183
13384;98;628991926;13384;331;14144;14327;6.79;0.42;247.71;15.78;760;98;4924.00;183
13386;98;628991935;13386;336;14148;14333;6.75;0.41;247.72;15.78;762;98;4925.00;185
13388;98;628991943;13388;345;14151;14333;6.61;0.41;247.75;15.80;763;98;4926.00;182
13391;98;628991952;13391;350;14153;14334;6.54;0.40;247.70;15.80;762;98;4927.00;181
13394;98;628991960;13394;353;14155;14334;6.36;0.39;247.71;15.82;761;98;4928.00;179
13398;98;628991968;13398;360;14155;14334;6.21;0.38;247.75;15.82;757;98;4929.00;179
13399;98;628991981;13399;355;14156;14334;6.12;0.38;247.74;15.82;757;98;4930.00;178
13406;98;628991989;13406;340;14157;14334;5.99;0.37;247.72;15.83;751;98;4931.00;177
13408;98;628991997;13408;333;14169;14346;6.05;0.37;247.74;15.82;761;98;4932.00;177
13412;98;628992007;13412;318;14170;14346;6.03;0.37;247.73;15.83;758;98;4933.00;176
13416;98;628992014;13416;315;14170;14346;6.05;0.37;247.74;15.83;754;98;4934.00;176
13419;98;628992023;13419;315;14171;14346;6.09;0.37;247.75;15.83;752;98;4935.00;175
13424;98;628992032;13424;303;14171;14346;6.14;0.38;247.75;15.83;747;98;4936.00;175
13428;98;628992042;13428;297;14172;14346;6.19;0.38;247.74;15.83;744;98;4937.00;174
13431;98;628992056;13431;286;14175;14350;6.39;0.39;247.73;15.83;744;98;4938.00;175
13432;99;628992066;13432;281;14176;14350;6.58;0.40;247.74;15.84;744;99;4939.00;174
13436;99;628992086;13436;275;14179;14354;6.81;0.42;247.71;15.83;743;99;4940.00;175
13440;99;628992097;13440;261;14180;14355;7.01;0.43;247.73;15.83;740;99;4941.00;175
13444;99;628992106;13444;260;14181;14355;7.13;0.43;247.74;15.83;737;99;4942.00;174
13445;99;628992115;13445;256;14181;14355;7.27;0.44;247.75;15.83;736;99;4943.00;174
13448;99;628992124;13448;258;14192;14368;7.49;0.46;247.76;15.82;744;99;4944.00;176
13450;99;628992134;13450;257;14192;14368;7.64;0.47;247.76;15.82;742;99;4945.00;176
13454;99;628992144;13454;255;14192;14368;7.76;0.47;247.76;15.82;738;99;4946.00;176
13458;99;628992153;13458;254;14193;14369;7.89;0.48;247.75;15.82;735;99;4947.00;176
13461;99;628992162;13461;251;14193;14370;8.01;0.49;247.76;15.82;732;99;4948.00;177
13465;99;628992172;13465;245;14193;14370;8.11;0.49;247.76;15.82;728;99;4949.00;177
13466;99;628992183;13466;242;14197;14379;8.28;0.50;247.76;15.81;731;99;4950.00;182
13471;99;628992199;13471;233;14198;14379;8.32;0.51;247.78;15.81;727;99;4951.00;181
13473;99;628992209;13473;236;14199;14379;8.33;0.51;247.77;15.81;726;99;4952.00;180
13476;99;628992219;13476;228;14200;14379;8.37;0.51;247.77;15.81;724;99;4953.00;179
13481;99;628992228;13481;227;14203;14385;8.39;0.51;247.76;15.81;722;99;4954.00;182
13486;99;628992239;13486;216;14204;14385;8.35;0.51;247.78;15.81;718;99;4955.00;181
13490;99;628992261;13490;217;14204;14385;8.34;0.51;247.77;15.81;714;99;4956.00;181
13492;99;628992271;13492;212;14205;14385;8.37;0.51;247.76;15.81;713;99;4957.00;180
13497;99;628992281;13497;212;14209;14389;8.39;0.51;247.78;15.80;712;99;4958.00;180
13500;99;628992297;13500;209;14211;14390;8.43;0.51;247.80;15.80;711;99;4959.00;179
13501;99;628992307;13501;209;14211;14390;8.44;0.51;247.80;15.80;710;99;4960.00;179
13505;99;628992317;13505;206;14212;14391;8.48;0.52;247.78;15.80;707;99;4961.00;179
13509;99;628992327;13509;210;14212;14391;8.57;0.52;247.79;15.80;703;99;4962.00;179
13511;99;628992337;13511;212;14212;14391;8.58;0.52;247.75;15.80;701;99;4963.00;179
13517;99;628992347;13517;214;14212;14391;8.65;0.52;247.74;15.80;695;99;4964.00;179
13519;99;628992358;13519;209;14212;14391;8.74;0.53;247.74;15.80;693;99;4965.00;179
13521;100;628992369;13521;211;14212;14391;8.81;0.53;247.74;15.80;691;100;4966.00;179
13522;100;628992400;13522;214;14212;14391;8.87;0.54;247.75;15.80;690;100;4967.00;179
13524;100;628992413;13524;223;14253;14461;8.89;0.54;247.76;15.75;729;100;4968.00;208
13525;100;628992436;13525;217;14254;14462;8.96;0.55;247.75;15.75;729;100;4969.00;208
13527;100;628992449;13527;214;14259;14462;9.14;0.56;247.77;15.75;732;100;4970.00;203
13531;100;628992470;13531;215;14261;14462;9.18;0.56;247.82;15.75;730;100;4971.00;201
13532;100;628992482;13532;216;14264;14462;9.30;0.57;247.82;15.74;732;100;4972.00;198
13535;100;628992494;13535;216;14266;14462;9.37;0.57;247.82;15.74;731;100;4973.00;196
13537;100;628992506;13537;220;14270;14462;9.47;0.58;247.84;15.74;733;100;4974.00;192
13538;100;628992518;13538;222;14275;14462;9.54;0.58;247.84;15.74;737;100;4975.00;187
13540;100;628992529;13540;223;14278;14463;9.49;0.58;247.85;15.73;738;100;4976.00;185
13543;100;628992541;13543;214;14279;14464;9.40;0.57;247.87;15.73;736;100;4977.00;185
13548;100;628992554;13548;205;14280;14464;9.38;0.57;247.88;15.73;732;100;4978.00;184
13551;100;628992566;13551;196;14283;14468;9.35;0.57;247.89;15.73;732;100;4979.00;185
13554;100;628992580;13554;193;14283;14468;9.40;0.57;247.90;15.73;729;100;4980.00;185
13557;100;628992593;13557;191;14283;14468;9.47;0.58;247.90;15.73;726;100;4981.00;185
13558;100;628992605;13558;186;14283;14468;9.57;0.59;247.91;15.73;725;100;4982.00;185
13562;100;628992616;13562;184;14287;14474;9.64;0.59;247.92;15.72;725;100;4983.00;187
13564;100;628992629;13564;185;14288;14474;9.82;0.60;247.93;15.72;724;100;4984.00;186
13569;100;628992640;13569;176;14288;14474;9.85;0.60;247.98;15.72;719;100;4985.00;186
13571;100;628992652;13571;158;14291;14477;9.99;0.61;247.96;15.72;720;100;4986.00;186
13577;100;628992664;13577;141;14291;14477;10.16;0.62;247.94;15.72;714;100;4987.00;186
13579;100;628992677;13579;135;14291;14477;10.37;0.63;247.97;15.72;712;100;4988.00;186
13582;100;628992689;13582;130;14291;14478;10.55;0.64;247.96;15.72;709;100;4989.00;187
13586;100;628992707;13586;121;14292;14479;10.78;0.66;247.98;15.72;706;100;4990.00;187
13590;100;628992719;13590;120;14292;14479;11.01;0.67;247.96;15.72;702;100;4991.00;187
13595;100;628992731;13595;117;14303;14492;11.22;0.68;247.98;15.71;708;100;4992.00;189
13598;100;628992744;13598;112;14303;14492;11.34;0.69;248.01;15.71;705;100;4993.00;189
13600;100;628992756;13600;116;14303;14492;11.49;0.70;248.01;15.71;703;100;4994.00;189
13603;100;628992768;13603;116;14305;14494;11.61;0.71;248.01;15.71;702;100;4995.00;189
13607;100;628992780;13607;117;14305;14494;11.68;0.71;248.03;15.71;698;100;4996.00;189
13613;100;628992793;13613;120;14308;14498;11.74;0.71;248.07;15.70;695;100;4997.00;190
13615;100;628992806;13615;114;14308;14498;11.83;0.72;248.08;15.70;693;100;4998.00;190
13620;100;628992819;13620;112;14312;14502;11.84;0.72;248.11;15.70;692;100;4999.00;190
13623;101;628992832;13623;113;14312;14502;11.94;0.72;248.13;15.70;689;101;5000.00;190
13626;101;628992859;13626;117;14312;14502;11.98;0.73;248.14;15.70;686;101;5001.00;190
13627;101;628992877;13627;114;14312;14502;11.96;0.73;248.15;15.70;685;101;5002.00;190
13628;101;628992888;13628;116;14312;14502;11.97;0.73;248.14;15.70;684;101;5003.00;190
13630;102;628992899;13630;119;14322;14514;11.89;0.72;248.19;15.69;692;102;5004.00;192
13632;102;628992929;13632;118;14322;14514;11.98;0.73;248.19;15.69;690;102;5005.00;192
13635;102;628992940;13635;117;14323;14514;12.04;0.73;248.19;15.69;688;102;5006.00;191
13640;102;628992951;13640;116;14323;14514;12.10;0.73;248.18;15.69;683;102;5007.00;191
13641;102;628992962;13641;121;14323;14514;12.15;0.74;248.17;15.69;682;102;5008.00;191
13645;102;628992973;13645;123;14323;14514;12.18;0.74;248.18;15.69;678;102;5009.00;191
13647;102;628992986;13647;123;14323;14515;12.23;0.74;248.20;15.69;676;102;5010.00;192
13651;102;628992997;13651;126;14323;14515;12.26;0.75;248.21;15.69;672;102;5011.00;192
13653;102;628993008;13653;122;14327;14521;12.27;0.75;248.22;15.68;674;102;5012.00;194
13656;103;628993025;13656;122;14328;14522;12.30;0.75;248.26;15.68;672;103;5013.00;194
13657;103;628993047;13657;123;14329;14522;12.36;0.75;248.26;15.68;672;103;5014.00;193
13663;103;628993057;13663;125;14329;14522;12.33;0.75;248.27;15.68;666;103;5015.00;193
13665;103;628993068;13665;124;14332;14526;12.17;0.74;248.26;15.68;667;103;5016.00;194
13668;103;628993079;13668;124;14332;14526;12.08;0.74;248.28;15.68;664;103;5017.00;194
13670;103;628993089;13670;122;14332;14526;11.97;0.73;248.32;15.68;662;103;5018.00;194
13672;103;628993099;13672;124;14333;14527;11.98;0.73;248.33;15.68;661;103;5019.00;194
13674;103;628993109;13674;121;14337;14531;11.94;0.73;248.34;15.83;663;103;5020.00;194
13676;103;628993120;13676;124;14337;14531;11.96;0.73;248.35;15.83;661;103;5021.00;194
13682;103;628993130;13682;126;14339;14534;11.96;0.73;248.33;15.83;657;103;5022.00;195
13684;103;628993140;13684;130;14339;14534;11.89;0.73;248.35;15.83;655;103;5023.00;195
13688;103;628993149;13688;128;14340;14534;11.97;0.73;248.36;15.83;652;103;5024.00;194
13694;103;628993158;13694;129;14340;14534;12.00;0.73;248.38;15.83;646;103;5025.00;194
13700;103;628993167;13700;130;14343;14538;12.01;0.73;248.39;15.82;643;103;5026.00;195
13704;103;628993184;13704;129;14343;14538;12.06;0.73;248.39;15.82;639;103;5027.00;195
13708;103;628993193;13708;130;14344;14538;12.05;0.73;248.40;15.82;636;103;5028.00;194
13714;103;628993202;13714;125;14344;14538;12.03;0.73;248.38;15.82;630;103;5029.00;194
13717;103;628993211;13717;122;14344;14539;11.98;0.73;248.37;15.82;627;103;5030.00;195
13723;103;628993221;13723;119;14345;14540;11.98;0.73;248.33;15.82;622;103;5031.00;195
13725;103;628993230;13725;116;14345;14540;11.93;0.73;248.31;15.82;620;103;5032.00;195
13731;103;628993239;13731;116;14346;14541;11.89;0.72;248.28;15.82;615;103;5033.00;195
13737;103;628993249;13737;117;14346;14541;11.78;0.72;248.24;15.82;609;103;5034.00;195
13740;103;628993265;13740;113;14347;14541;11.79;0.72;248.21;15.83;607;103;5035.00;194
13742;103;628993275;13742;112;14348;14541;11.84;0.72;248.21;15.99;606;103;5036.00;193
13745;103;628993284;13745;108;14348;14541;11.89;0.72;248.20;15.99;603;103;5037.00;193
13748;103;628993293;13748;112;14348;14541;11.96;0.73;248.19;15.99;600;103;5038.00;193
13751;103;628993302;13751;112;14348;14541;12.00;0.73;248.18;15.99;597;103;5039.00;193
13754;103;628993312;13754;147;14446;14771;11.57;0.72;248.14;15.88;692;103;5040.00;325
13756;103;628993340;13756;142;14449;14772;11.57;0.72;248.13;16.04;693;103;5041.00;323
13759;103;628993350;13759;133;14459;14772;11.56;0.72;248.12;16.03;700;103;5042.00;313
13760;103;628993361;13760;128;14462;14772;11.53;0.72;248.11;16.02;702;103;5043.00;310
13763;103;628993372;13763;129;14469;14772;11.44;0.71;248.14;16.02;706;103;5044.00;303
13765;103;628993382;13765;124;14474;14772;11.46;0.71;248.14;16.16;709;103;5045.00;298
13767;103;628993392;13767;119;14478;14772;11.44;0.71;248.16;16.16;711;103;5046.00;294
13770;103;628993402;13770;120;14483;14772;11.47;0.71;248.14;16.16;713;103;5047.00;289
13772;103;628993412;13772;124;14492;14773;11.48;0.71;248.14;16.30;720;103;5048.00;281
13775;103;628993422;13775;125;14496;14774;11.49;0.71;248.10;16.30;721;103;5049.00;278
13778;103;628993432;13778;129;14501;14774;11.48;0.71;248.11;16.45;723;103;5050.00;273
13779;103;628993443;13779;132;14505;14775;11.56;0.71;248.11;16.44;726;103;5051.00;270
13782;103;628993453;13782;131;14509;14775;11.47;0.71;248.16;16.44;727;103;5052.00;266
13786;103;628993463;13786;133;14515;14775;11.38;0.70;248.14;16.44;729;103;5053.00;260
13787;103;628993474;13787;142;14516;14775;11.24;0.69;248.16;16.44;729;103;5054.00;259
13789;103;628993484;13789;152;14523;14779;11.06;0.68;248.13;16.59;734;103;5055.00;256
13789;103;628993500;13789;159;14528;14779;10.85;0.67;248.13;16.61;739;103;5056.00;251
13791;103;628993516;13791;167;14534;14779;10.67;0.66;248.12;16.61;743;103;5057.00;245
13792;103;628993526;13792;176;14537;14782;10.48;0.64;248.13;16.61;745;103;5058.00;245
13796;103;628993541;13796;189;14541;14782;10.24;0.63;248.10;16.62;745;103;5059.00;241
13796;103;628993552;13796;195;14544;14782;10.09;0.62;248.10;16.64;748;103;5060.00;238
13796;103;628993562;13796;211;14549;14786;9.97;0.61;248.10;16.63;753;103;5061.00;237
13800;103;628993573;13800;220;14553;14787;9.88;0.60;248.07;16.65;753;103;5062.00;234
13803;103;628993590;13803;220;14556;14787;9.78;0.60;248.08;16.66;753;103;5063.00;231
13805;103;628993601;13805;226;14558;14791;9.63;0.59;248.06;16.66;753;103;5064.00;233
13807;103;628993618;13807;236;14562;14791;9.41;0.57;248.05;16.67;755;103;5065.00;229
13808;103;628993633;13808;244;14564;14791;9.24;0.57;248.04;16.69;756;103;5066.00;227
13809;103;628993643;13809;253;14567;14792;9.17;0.56;248.03;16.69;758;103;5067.00;225
13814;103;628993653;13814;259;14570;14792;8.98;0.55;247.98;16.71;756;103;5068.00;222
13815;103;628993663;13815;269;14573;14798;8.82;0.54;247.97;16.70;758;103;5069.00;225
13815;103;628993675;13815;280;14577;14798;8.64;0.53;247.97;16.72;762;103;5070.00;221
13815;103;628993685;13815;291;14578;14799;8.45;0.52;247.97;16.72;763;103;5071.00;221
13815;103;628993694;13815;302;14581;14799;8.23;0.50;247.97;16.74;766;103;5072.00;218
13816;104;628993703;13816;313;14581;14799;8.06;0.49;247.96;16.74;765;104;5073.00;218
13818;104;628993719;13818;318;14586;14799;7.85;0.48;247.94;16.76;768;104;5074.00;213
13819;104;628993728;13819;321;14590;14799;7.67;0.47;247.95;16.76;771;104;5075.00;209
13822;104;628993738;13822;334;14603;14811;7.56;0.46;247.98;16.77;781;104;5076.00;208
13826;104;628993748;13826;342;14605;14811;7.33;0.45;247.94;16.77;779;104;5077.00;206
13827;104;628993761;13827;349;14607;14811;7.24;0.44;247.93;16.78;780;104;5078.00;204
13828;104;628993769;13828;354;14607;14811;7.12;0.44;247.93;16.78;779;104;5079.00;204
13829;104;628993778;13829;358;14610;14811;7.03;0.43;247.91;16.79;781;104;5080.00;201
13829;104;628993787;13829;360;14612;14811;6.95;0.43;247.91;16.80;783;104;5081.00;199
13830;104;628993796;13830;369;14615;14815;6.92;0.42;247.90;16.79;785;104;5082.00;200
13831;104;628993805;13831;356;14617;14815;6.86;0.42;247.94;16.81;786;104;5083.00;198
13831;104;628993814;13831;350;14620;14819;6.91;0.42;247.94;16.80;789;104;5084.00;199
13831;104;628993824;13831;343;14624;14821;6.88;0.42;247.94;16.81;793;104;5085.00;197
13833;104;628993834;13833;338;14625;14821;6.84;0.42;247.92;16.81;792;104;5086.00;196
13833;104;628993844;13833;332;14625;14821;6.88;0.42;247.92;16.81;792;104;5087.00;196
13837;104;628993854;13837;325;14637;14834;6.99;0.43;247.88;16.81;800;104;5088.00;197
13839;104;628993865;13839;324;14639;14834;7.08;0.43;247.86;16.81;800;104;5089.00;195
13841;105;628993885;13841;317;14639;14834;7.18;0.44;247.87;16.81;798;105;5090.00;195
13841;105;628993906;13841;313;14642;14835;7.24;0.44;247.87;16.83;801;105;5091.00;193
13843;105;628993916;13843;311;14643;14836;7.28;0.45;247.87;16.83;800;105;5092.00;193
13847;105;628993927;13847;312;14645;14836;7.22;0.44;247.85;16.84;798;105;5093.00;191
13850;105;628993936;13850;311;14647;14839;7.25;0.44;247.84;16.84;797;105;5094.00;192
13853;105;628993947;13853;304;14647;14839;7.21;0.44;247.86;16.84;794;105;5095.00;192
13857;105;628993962;13857;304;14650;14839;7.17;0.44;247.84;16.84;793;105;5096.00;189
13860;105;628993972;13860;308;14650;14839;7.21;0.44;247.86;16.84;790;105;5097.00;189
13865;105;628993982;13865;316;14655;14845;7.20;0.44;247.85;16.84;790;105;5098.00;190
13867;105;628993992;13867;308;14655;14845;7.15;0.44;247.85;16.84;788;105;5099.00;190
13870;105;628994004;13870;306;14661;14864;7.09;0.43;247.84;16.84;791;105;5100.00;203
13872;105;628994020;13872;293;14661;14864;7.07;0.43;247.86;16.84;789;105;5101.00;203
13875;105;628994029;13875;291;14667;14868;7.10;0.44;247.88;16.86;792;105;5102.00;201
13877;105;628994039;13877;294;14668;14869;7.20;0.44;247.89;16.86;791;105;5103.00;201
13881;105;628994049;13881;286;14668;14869;7.23;0.45;247.92;16.86;787;105;5104.00;201
13882;105;628994059;13882;291;14671;14870;7.33;0.45;247.93;16.87;789;105;5105.00;199
13886;105;628994068;13886;287;14673;14870;7.38;0.46;247.91;16.87;787;105;5106.00;197
13889;105;628994078;13889;270;14673;14870;7.46;0.46;247.91;16.87;784;105;5107.00;197
13890;105;628994088;13890;265;14674;14870;7.51;0.46;247.92;16.87;784;105;5108.00;196
13893;105;628994098;13893;262;14674;14870;7.60;0.47;247.97;16.87;781;105;5109.00;196
13897;105;628994108;13897;251;14674;14870;7.72;0.48;247.93;16.87;777;105;5110.00;196
13901;105;628994118;13901;241;14674;14870;7.80;0.48;247.98;16.87;773;105;5111.00;196
13904;105;628994128;13904;237;14707;14940;8.01;0.50;247.96;16.83;803;105;5112.00;233
13913;105;628994143;13913;228;14709;14941;8.12;0.50;247.93;16.83;796;105;5113.00;232
13916;105;628994154;13916;226;14716;14941;8.27;0.51;247.95;16.82;800;105;5114.00;225
13917;105;628994165;13917;223;14717;14941;8.40;0.52;247.94;16.82;800;105;5115.00;224
13925;105;628994175;13925;228;14720;14941;8.42;0.52;247.91;16.82;795;105;5116.00;221
13930;105;628994186;13930;225;14723;14941;8.49;0.52;247.89;16.82;793;105;5117.00;218
13935;105;628994197;13935;224;14726;14941;8.47;0.52;247.87;16.82;791;105;5118.00;215
13937;105;628994208;13937;213;14728;14941;8.52;0.52;247.89;16.82;791;105;5119.00;213
13942;105;628994218;13942;202;14729;14942;8.53;0.52;247.89;16.81;787;105;5120.00;213
13948;105;628994230;13948;201;14731;14943;8.53;0.52;247.86;16.81;783;105;5121.00;212
13953;105;628994241;13953;204;14732;14943;8.58;0.52;247.86;16.81;779;105;5122.00;211
13956;105;628994252;13956;201;14736;14947;8.68;0.53;247.86;16.81;780;105;5123.00;211
13960;105;628994264;13960;201;14738;14947;8.73;0.53;247.85;16.81;778;105;5124.00;209
13967;105;628994274;13967;201;14740;14947;8.76;0.53;247.86;16.81;773;105;5125.00;207
13972;105;628994286;13972;200;14741;14947;8.81;0.54;247.85;16.81;769;105;5126.00;206
13978;105;628994297;13978;206;14744;14953;8.86;0.54;247.81;16.81;766;105;5127.00;209
13982;105;628994310;13982;210;14745;14953;8.86;0.54;247.80;16.81;763;105;5128.00;208
13985;105;628994321;13985;217;14746;14953;8.90;0.54;247.80;16.81;761;105;5129.00;207
13989;105;628994334;13989;215;14750;14959;8.92;0.54;247.88;16.80;761;105;5130.00;209
13994;105;628994347;13994;216;14752;14959;8.92;0.54;247.88;16.80;758;105;5131.00;207
13997;105;628994358;13997;218;14752;14959;8.97;0.55;247.86;16.80;755;105;5132.00;207
14001;105;628994370;14001;217;14754;14960;8.89;0.54;247.87;16.80;753;105;5133.00;206
14004;105;628994389;14004;220;14755;14961;8.96;0.55;247.88;16.80;751;105;5134.00;206
14004;105;628994404;14004;220;14756;14961;9.01;0.55;247.88;16.80;752;105;5135.00;205
14008;105;628994422;14008;231;14766;14974;9.10;0.55;247.88;16.80;758;105;5136.00;208
14010;105;628994440;14010;227;14767;14974;9.11;0.55;247.86;16.80;757;105;5137.00;207
14013;105;628994454;14013;223;14767;14974;9.14;0.56;247.88;16.80;754;105;5138.00;207
14019;105;628994468;14019;225;14768;14975;9.14;0.56;247.89;16.79;749;105;5139.00;207
14022;105;628994481;14022;227;14769;14975;9.21;0.56;247.93;16.80;747;105;5140.00;206
14023;105;628994494;14023;224;14771;14979;9.18;0.56;247.94;16.79;748;105;5141.00;208
14027;105;628994507;14027;225;14774;14979;9.10;0.55;247.99;16.80;747;105;5142.00;205
14031;105;628994520;14031;227;14777;14983;9.03;0.55;248.00;16.79;746;105;5143.00;206
14032;105;628994532;14032;231;14780;14983;9.10;0.55;248.01;16.79;748;105;5144.00;203
14034;105;628994545;14034;230;14781;14983;9.10;0.55;248.04;16.79;747;105;5145.00;202
14037;105;628994557;14037;236;14782;14983;9.15;0.56;248.06;16.79;745;105;5146.00;201
14041;105;628994570;14041;225;14782;14983;9.20;0.56;248.09;16.79;741;105;5147.00;201
14046;105;628994581;14046;217;14793;14995;9.34;0.57;248.09;16.78;747;105;5148.00;202
14049;105;628994595;14049;215;14794;14995;9.34;0.57;248.11;16.78;745;105;5149.00;201
14052;105;628994608;14052;214;14796;14995;9.41;0.57;248.12;16.78;744;105;5150.00;199
14054;105;628994619;14054;212;14797;14995;9.47;0.58;248.13;16.78;743;105;5151.00;198
14059;105;628994631;14059;211;14797;14995;9.45;0.58;248.14;16.78;738;105;5152.00;198
14061;105;628994643;14061;208;14797;14995;9.44;0.58;248.13;16.78;736;105;5153.00;198
14065;105;628994654;14065;211;14797;14996;9.39;0.57;248.20;16.78;732;105;5154.00;199
14068;105;628994672;14068;211;14799;14998;9.38;0.57;248.21;16.78;731;105;5155.00;199
14074;105;628994684;14074;191;14803;15004;9.38;0.57;248.19;16.77;729;105;5156.00;201
14075;105;628994697;14075;182;14805;15005;9.48;0.58;248.19;16.77;730;105;5157.00;200
14078;105;628994708;14078;174;14805;15005;9.57;0.58;248.22;16.77;727;105;5158.00;200
14081;105;628994720;14081;165;14805;15005;9.70;0.59;248.21;16.77;724;105;5159.00;200
14085;105;628994733;14085;160;14809;15010;9.86;0.60;248.27;16.77;724;105;5160.00;201
14088;105;628994746;14088;156;14809;15010;10.05;0.61;248.28;16.77;721;105;5161.00;201
14091;105;628994758;14091;151;14809;15010;10.17;0.62;248.34;16.77;718;105;5162.00;201
14093;105;628994770;14093;140;14810;15011;10.34;0.63;248.36;16.77;717;105;5163.00;201
14097;105;628994781;14097;141;14813;15015;10.37;0.63;248.37;16.76;716;105;5164.00;202
14099;105;628994794;14099;135;14813;15015;10.49;0.64;248.40;16.76;714;105;5165.00;202
14104;105;628994806;14104;126;14815;15018;10.67;0.65;248.40;16.76;711;105;5166.00;203
14107;105;628994818;14107;127;14816;15018;10.81;0.66;248.42;16.76;709;105;5167.00;202
14109;105;628994830;14109;125;14816;15018;10.94;0.67;248.44;16.76;707;105;5168.00;202
14112;106;628994848;14112;123;14816;15018;11.07;0.68;248.47;16.76;704;106;5169.00;202
14117;106;628994870;14117;121;14819;15022;11.18;0.68;248.45;16.76;702;106;5170.00;203
14117;106;628994883;14117;119;14820;15022;11.29;0.69;248.45;16.75;703;106;5171.00;202
14124;106;628994895;14124;122;14820;15022;11.32;0.69;248.45;16.75;696;106;5172.00;202
14127;106;628994906;14127;122;14820;15022;11.37;0.69;248.44;16.75;693;106;5173.00;202
14129;106;628994917;14129;128;14820;15023;11.37;0.69;248.44;16.75;691;106;5174.00;203
14131;106;628994929;14131;129;14822;15025;11.33;0.69;248.44;16.75;691;106;5175.00;203
14135;106;628994940;14135;131;14823;15025;11.28;0.69;248.46;16.91;688;106;5176.00;202
14138;106;628994952;14138;130;14824;15026;11.24;0.68;248.45;16.91;686;106;5177.00;202
14139;106;628994963;14139;132;14824;15026;11.20;0.68;248.44;16.91;685;106;5178.00;202
14141;106;628994974;14141;133;14824;15026;11.18;0.68;248.46;16.91;683;106;5179.00;202
14144;106;628994984;14144;132;14824;15026;11.21;0.68;248.46;16.91;680;106;5180.00;202
14148;106;628994994;14148;131;14824;15026;11.12;0.68;248.47;16.91;676;106;5181.00;202
14150;106;628995004;14150;133;14824;15026;11.11;0.68;248.45;16.91;674;106;5182.00;202
14152;106;628995020;14152;137;14824;15026;11.14;0.68;248.46;16.91;672;106;5183.00;202
14155;106;628995030;14155;157;14895;15153;10.87;0.67;248.45;16.82;740;106;5184.00;258
14157;106;628995050;14157;145;14896;15154;10.86;0.67;248.45;16.82;739;106;5185.00;258
14162;106;628995060;14162;144;14901;15154;10.96;0.67;248.47;16.82;739;106;5186.00;253
14168;106;628995076;14168;146;14904;15154;11.00;0.68;248.51;16.82;736;106;5187.00;250
14169;106;628995094;14169;145;14910;15154;11.03;0.68;248.50;16.81;741;106;5188.00;244
14173;106;628995104;14173;146;14913;15154;10.95;0.67;248.49;16.81;740;106;5189.00;241
14176;106;628995117;14176;147;14918;15154;10.94;0.67;248.49;16.80;742;106;5190.00;236
14178;106;628995133;14178;149;14922;15154;10.96;0.67;248.52;16.80;744;106;5191.00;232
14181;106;628995143;14181;161;14926;15155;11.00;0.67;248.57;16.80;745;106;5192.00;229
14182;106;628995159;14182;165;14930;15156;11.04;0.67;248.56;16.80;748;106;5193.00;226
14183;106;628995170;14183;169;14932;15156;11.11;0.68;248.56;16.80;749;106;5194.00;224
14186;106;628995181;14186;173;14933;15157;11.05;0.67;248.57;16.80;747;106;5195.00;224
14187;106;628995192;14187;177;14934;15157;11.12;0.68;248.56;16.80;747;106;5196.00;223
14190;106;628995202;14190;181;14936;15157;11.11;0.68;248.55;16.80;746;106;5197.00;221
14194;106;628995212;14194;182;14937;15157;11.06;0.68;248.53;16.79;743;106;5198.00;220
14197;106;628995223;14197;179;14939;15161;11.05;0.67;248.52;16.79;742;106;5199.00;222
14201;106;628995234;14201;176;14940;15161;10.96;0.67;248.49;16.79;739;106;5200.00;221
14204;106;628995247;14204;174;14942;15161;10.86;0.66;248.46;16.79;738;106;5201.00;219
14208;106;628995258;14208;170;14944;15164;10.76;0.66;248.44;16.79;736;106;5202.00;220
14212;106;628995268;14212;165;14945;15164;10.65;0.65;248.42;16.79;733;106;5203.00;219
14215;106;628995278;14215;161;14946;15164;10.52;0.64;248.40;16.79;731;106;5204.00;218
14218;106;628995289;14218;161;14952;15168;10.42;0.64;248.37;16.82;734;106;5205.00;216
14223;106;628995300;14223;166;14953;15169;10.37;0.63;248.37;16.81;730;106;5206.00;216
14224;106;628995312;14224;166;14954;15169;10.36;0.63;248.35;16.81;730;106;5207.00;215
14231;106;628995322;14231;164;14956;15173;10.38;0.63;248.37;16.81;725;106;5208.00;217
14234;106;628995333;14234;158;14956;15173;10.35;0.63;248.34;16.81;722;106;5209.00;217
14237;106;628995343;14237;159;14956;15173;10.36;0.63;248.34;16.81;719;106;5210.00;217
14238;106;628995353;14238;155;14957;15174;10.43;0.64;248.33;16.81;719;106;5211.00;217
14240;106;628995363;14240;160;14958;15174;10.41;0.63;248.31;16.81;718;106;5212.00;216
14242;106;628995377;14242;159;14962;15180;10.45;0.64;248.29;16.81;720;106;5213.00;218
14244;106;628995388;14244;159;14963;15180;10.42;0.63;248.27;16.96;719;106;5214.00;217
14246;106;628995398;14246;162;14964;15180;10.39;0.63;248.26;16.96;718;106;5215.00;216
14248;106;628995408;14248;168;14964;15181;10.39;0.63;248.31;16.96;716;106;5216.00;217
14251;106;628995418;14251;174;14965;15181;10.29;0.63;248.26;16.96;714;106;5217.00;216
14253;106;628995429;14253;180;14965;15181;10.24;0.62;248.24;16.96;712;106;5218.00;216
14254;106;628995438;14254;188;14965;15181;10.17;0.62;248.24;16.96;711;106;5219.00;216
14259;106;628995450;14259;193;14986;15217;10.10;0.62;248.21;16.94;727;106;5220.00;231
14263;106;628995463;14263;194;14987;15217;9.99;0.61;248.18;16.94;724;106;5221.00;230
14264;106;628995476;14264;199;14989;15217;9.91;0.60;248.17;16.94;725;106;5222.00;228
14266;106;628995487;14266;206;14990;15217;9.81;0.60;248.17;16.94;724;106;5223.00;227
14267;106;628995497;14267;213;14991;15217;9.75;0.59;248.17;16.94;724;106;5224.00;226
14268;106;628995506;14268;217;14993;15217;9.67;0.59;248.16;16.93;725;106;5225.00;224
14270;106;628995516;14270;223;14996;15221;9.61;0.58;248.16;16.93;726;106;5226.00;225
14272;106;628995525;14272;228;14998;15221;9.52;0.58;248.15;16.93;726;106;5227.00;223
14273;106;628995537;14273;229;15002;15225;9.46;0.58;248.13;16.93;729;106;5228.00;223
14273;106;628995553;14273;238;15004;15226;9.42;0.57;248.13;16.92;731;106;5229.00;222
14276;106;628995562;14276;239;15006;15226;9.30;0.57;248.12;16.92;730;106;5230.00;220
14277;106;628995572;14277;242;15007;15226;9.19;0.56;248.12;16.94;730;106;5231.00;219
14280;106;628995582;14280;250;15017;15239;9.09;0.55;248.10;16.93;737;106;5232.00;222
14280;106;628995593;14280;256;15019;15239;9.07;0.55;248.10;16.94;739;106;5233.00;220
14281;106;628995603;14281;264;15020;15239;9.00;0.55;248.09;16.95;739;106;5234.00;219
14281;106;628995612;14281;257;15022;15240;8.99;0.55;248.09;16.95;741;106;5235.00;218
14283;106;628995623;14283;253;15024;15241;8.96;0.54;248.08;16.97;741;106;5236.00;217
14283;106;628995632;14283;252;15024;15241;8.94;0.54;248.08;16.97;741;106;5237.00;217
14285;106;628995642;14285;251;15026;15244;8.97;0.55;248.07;16.97;741;106;5238.00;218
14286;106;628995652;14286;248;15029;15244;8.91;0.54;248.10;17.00;743;106;5239.00;215
14287;106;628995668;14287;248;15030;15244;8.90;0.54;248.10;17.00;743;106;5240.00;214
14289;106;628995684;14289;245;15030;15244;8.94;0.54;248.10;17.00;741;106;5241.00;214
14289;106;628995694;14289;246;15036;15250;8.97;0.55;248.10;17.01;747;106;5242.00;214
14290;106;628995704;14290;245;15038;15250;8.96;0.55;248.09;17.01;748;106;5243.00;212
14292;106;628995713;14292;247;15040;15250;8.93;0.54;248.08;17.03;748;106;5244.00;210
14292;106;628995722;14292;244;15040;15250;8.85;0.54;248.08;17.03;748;106;5245.00;210
14295;106;628995732;14295;241;15045;15254;8.70;0.53;248.05;17.04;750;106;5246.00;209
14295;106;628995742;14295;242;15046;15255;8.68;0.53;248.05;17.04;751;106;5247.00;209
14296;106;628995752;14296;242;15047;15255;8.62;0.52;248.03;17.05;751;106;5248.00;208
14296;106;628995761;14296;241;15048;15256;8.60;0.52;248.03;17.05;752;106;5249.00;208
14298;106;628995772;14298;237;15051;15256;8.51;0.52;248.02;17.07;753;106;5250.00;205
14301;106;628995787;14301;235;15051;15256;8.46;0.51;248.03;17.07;750;106;5251.00;205
14301;106;628995796;14301;235;15052;15256;8.35;0.51;248.03;17.07;751;106;5252.00;204
14302;106;628995806;14302;232;15053;15256;8.30;0.51;248.02;17.08;751;106;5253.00;203
14302;106;628995815;14302;236;15053;15256;8.32;0.51;248.02;17.08;751;106;5254.00;203
14305;106;628995824;14305;236;15055;15256;8.30;0.51;248.01;17.09;750;106;5255.00;201
14307;106;628995833;14307;242;15091;15326;8.45;0.52;247.99;17.05;784;106;5256.00;235
14309;106;628995849;14309;238;15094;15327;8.41;0.52;247.99;17.05;785;106;5257.00;233
14311;106;628995860;14311;233;15104;15327;8.39;0.51;247.98;17.05;793;106;5258.00;223
14313;106;628995870;14313;234;15107;15327;8.38;0.51;247.96;17.05;794;106;5259.00;220
14314;106;628995880;14314;235;15112;15327;8.36;0.51;247.98;17.06;798;106;5260.00;215
14317;106;628995889;14317;240;15116;15327;8.31;0.51;247.97;17.06;799;106;5261.00;211
14318;106;628995899;14318;242;15122;15327;8.25;0.51;247.98;17.06;804;106;5262.00;205
14323;106;628995908;14323;250;15124;15327;8.17;0.50;247.99;17.06;801;106;5263.00;203
14330;106;628995918;14330;248;15128;15328;8.02;0.49;247.93;17.09;798;106;5264.00;200
14335;106;628995929;14335;256;15131;15330;7.97;0.49;247.97;17.10;796;106;5265.00;199
14337;106;628995939;14337;260;15132;15330;7.92;0.49;247.96;17.11;795;106;5266.00;198
14343;106;628995949;14343;261;15136;15334;7.86;0.48;247.96;17.12;793;106;5267.00;198
14345;106;628995959;14345;259;15137;15334;7.81;0.48;247.98;17.13;792;106;5268.00;197
14351;106;628995970;14351;258;15138;15334;7.73;0.48;247.96;17.14;787;106;5269.00;196
14353;106;628995980;14353;250;15138;15334;7.70;0.47;247.96;17.14;785;106;5270.00;196
14359;106;628995992;14359;251;15144;15340;7.62;0.47;247.97;17.14;785;106;5271.00;196
14362;106;628996004;14362;248;15144;15340;7.63;0.47;247.98;17.14;782;106;5272.00;196
14363;106;628996014;14363;236;15146;15340;7.62;0.47;248.00;17.15;783;106;5273.00;194
14366;106;628996024;14366;229;15149;15343;7.68;0.47;248.00;17.16;783;106;5274.00;194
14371;106;628996034;14371;236;15149;15343;7.69;0.47;248.01;17.16;778;106;5275.00;194
14376;106;628996045;14376;236;15151;15343;7.67;0.47;248.00;17.17;775;106;5276.00;192
14382;106;628996060;14382;232;15151;15344;7.70;0.47;248.00;17.17;769;106;5277.00;193
14384;106;628996071;14384;227;15152;15345;7.87;0.48;248.00;17.16;768;106;5278.00;193
14387;106;628996082;14387;217;15152;15345;7.99;0.49;248.01;17.16;765;106;5279.00;193
14389;106;628996094;14389;218;15172;15371;8.11;0.50;248.01;17.14;783;106;5280.00;199
14393;106;628996107;14393;210;15173;15371;8.31;0.51;248.00;17.14;780;106;5281.00;198
14399;106;628996118;14399;206;15174;15371;8.45;0.52;248.00;17.14;775;106;5282.00;197
14403;106;628996128;14403;202;15175;15372;8.57;0.52;247.97;17.14;772;106;5283.00;197
14410;106;628996139;14410;207;15175;15372;8.62;0.52;247.94;17.14;765;106;5284.00;197
14413;106;628996150;14413;203;15179;15376;8.83;0.54;247.93;17.13;766;106;5285.00;197
14418;106;628996162;14418;201;15179;15376;8.91;0.54;247.93;17.13;761;106;5286.00;197
14425;106;628996173;14425;201;15182;15379;8.92;0.54;247.93;17.13;757;106;5287.00;197
14428;106;628996184;14428;193;15182;15380;8.99;0.54;247.92;17.13;754;106;5288.00;198
14434;106;628996195;14434;191;15182;15380;8.99;0.54;247.94;17.13;748;106;5289.00;198
14437;106;628996205;14437;191;15182;15380;9.01;0.55;247.93;17.13;745;106;5290.00;198
14440;106;628996217;14440;177;15182;15380;9.08;0.55;247.97;17.13;742;106;5291.00;198
14443;106;628996227;14443;175;15192;15392;9.21;0.56;247.99;17.12;749;106;5292.00;200
14446;106;628996245;14446;173;15192;15392;9.21;0.56;247.98;17.12;746;106;5293.00;200
14451;106;628996256;14451;174;15193;15392;9.36;0.57;248.01;17.12;742;106;5294.00;199
14455;106;628996267;14455;175;15193;15392;9.41;0.57;248.04;17.12;738;106;5295.00;199
14460;106;628996278;14460;173;15193;15392;9.46;0.58;248.03;17.12;733;106;5296.00;199
14462;106;628996289;14462;178;15193;15392;9.53;0.58;248.05;17.12;731;106;5297.00;199
14467;106;628996301;14467;174;15194;15393;9.59;0.59;248.13;17.28;727;106;5298.00;199
14471;106;628996314;14471;180;15194;15393;9.61;0.59;248.13;17.28;723;106;5299.00;199
14478;106;628996326;14478;180;15198;15399;9.71;0.59;248.16;17.27;720;106;5300.00;201
14482;106;628996342;14482;183;15200;15400;9.81;0.60;248.16;17.27;718;106;5301.00;200
14485;106;628996354;14485;181;15200;15400;9.85;0.60;248.17;17.27;715;106;5302.00;200
14491;106;628996365;14491;189;15200;15400;9.88;0.60;248.19;17.27;709;106;5303.00;200
14495;106;628996381;14495;189;15203;15404;9.86;0.60;248.18;17.27;708;106;5304.00;201
14498;106;628996396;14498;192;15203;15404;9.87;0.60;248.18;17.27;705;106;5305.00;201
14502;106;628996413;14502;186;15203;15404;9.87;0.60;248.20;17.27;701;106;5306.00;201
14505;106;628996429;14505;190;15204;15405;9.91;0.61;248.19;17.27;699;106;5307.00;201
14508;106;628996444;14508;193;15207;15409;9.95;0.61;248.19;17.26;699;106;5308.00;202
14512;106;628996458;14512;190;15207;15409;9.92;0.60;248.21;17.26;695;106;5309.00;202
14516;106;628996476;14516;190;15210;15415;10.03;0.61;248.24;17.26;694;106;5310.00;205
14523;106;628996490;14523;194;15211;15415;10.02;0.61;248.24;17.26;688;106;5311.00;204
14526;106;628996502;14526;191;15211;15415;10.01;0.61;248.25;17.26;685;106;5312.00;204
14529;106;628996515;14529;192;15212;15415;10.04;0.61;248.26;17.26;683;106;5313.00;203
14533;106;628996526;14533;198;15215;15419;10.03;0.61;248.26;17.41;682;106;5314.00;204
14535;106;628996538;14535;202;15216;15419;9.99;0.61;248.29;17.41;681;106;5315.00;203
14539;106;628996556;14539;207;15216;15419;9.94;0.60;248.31;17.41;677;106;5316.00;203
14540;106;628996567;14540;201;15217;15419;9.92;0.60;248.29;17.41;677;106;5317.00;202
14544;106;628996579;14544;199;15217;15420;9.92;0.60;248.32;17.41;673;106;5318.00;203
14548;106;628996592;14548;196;15219;15421;9.99;0.61;248.38;17.41;671;106;5319.00;202
14552;106;628996602;14552;190;15219;15421;10.05;0.61;248.38;17.41;667;106;5320.00;202
14556;106;628996613;14556;189;15220;15422;10.00;0.61;248.42;17.41;664;106;5321.00;202
14562;106;628996624;14562;187;15220;15422;9.97;0.60;248.46;17.41;658;106;5322.00;202
14563;106;628996635;14563;187;15220;15422;10.02;0.61;248.48;17.41;657;106;5323.00;202
14569;106;628996645;14569;186;15220;15422;9.96;0.60;248.49;17.41;651;106;5324.00;202
14572;106;628996656;14572;184;15220;15422;9.89;0.60;248.52;17.41;648;106;5325.00;202
14577;106;628996666;14577;170;15220;15422;9.77;0.59;248.53;17.41;643;106;5326.00;202
14579;106;628996676;14579;158;15220;15422;9.71;0.59;248.57;17.41;641;106;5327.00;202
14583;106;628996687;14583;175;15290;15549;9.59;0.59;248.60;17.33;707;106;5328.00;259
14583;106;628996707;14583;167;15292;15550;9.68;0.60;248.60;17.33;709;106;5329.00;258
14587;106;628996718;14587;158;15297;15550;9.76;0.60;248.68;17.32;710;106;5330.00;253
14589;106;628996728;14589;150;15301;15550;9.86;0.61;248.68;17.32;712;106;5331.00;249
14591;106;628996740;14591;148;15305;15550;10.06;0.62;248.66;17.32;714;106;5332.00;245
14592;106;628996750;14592;149;15306;15550;10.23;0.63;248.66;17.32;714;106;5333.00;244
14594;106;628996761;14594;140;15310;15550;10.33;0.64;248.67;17.31;716;106;5334.00;240
14598;106;628996772;14598;133;15312;15550;10.38;0.64;248.70;17.31;714;106;5335.00;238
14600;106;628996783;14600;130;15314;15551;10.45;0.64;248.70;17.31;714;106;5336.00;237
14603;106;628996795;14603;135;15320;15552;10.50;0.65;248.69;17.31;717;106;5337.00;232
14606;106;628996806;14606;133;15321;15552;10.43;0.64;248.71;17.31;715;106;5338.00;231
14609;106;628996818;14609;138;15326;15553;10.42;0.64;248.71;17.30;717;106;5339.00;227
14613;106;628996836;14613;141;15331;15553;10.35;0.64;248.70;17.30;718;106;5340.00;222
14614;106;628996848;14614;152;15332;15553;10.33;0.64;248.70;17.30;718;106;5341.00;221
14617;106;628996859;14617;157;15334;15553;10.29;0.63;248.76;17.30;717;106;5342.00;219
14621;106;628996869;14621;165;15338;15557;10.25;0.63;248.73;17.30;717;106;5343.00;219
14622;106;628996881;14622;167;15340;15557;10.27;0.63;248.72;17.30;718;106;5344.00;217
14627;106;628996892;14627;176;15341;15557;10.30;0.63;248.71;17.30;714;106;5345.00;216
14627;106;628996908;14627;175;15343;15560;10.33;0.63;248.71;17.30;716;106;5346.00;217
14630;106;628996918;14630;179;15344;15560;10.33;0.63;248.72;17.30;714;106;5347.00;216
14633;106;628996928;14633;179;15345;15560;10.31;0.63;248.71;17.29;712;106;5348.00;215
14634;106;628996938;14634;180;15348;15564;10.33;0.63;248.71;17.29;714;106;5349.00;216
14639;106;628996948;14639;182;15350;15565;10.32;0.63;248.69;17.29;711;106;5350.00;215
14640;106;628996959;14640;185;15350;15565;10.36;0.63;248.68;17.29;710;106;5351.00;215
14640;106;628996968;14640;187;15354;15569;10.35;0.63;248.68;17.29;714;106;5352.00;215
14643;106;628996978;14643;189;15354;15569;10.31;0.63;248.69;17.29;711;106;5353.00;215
14644;106;628996988;14644;194;15354;15569;10.35;0.63;248.68;17.29;710;106;5354.00;215
14645;106;628996998;14645;195;15356;15571;10.34;0.63;248.69;17.28;711;106;5355.00;215
14648;106;628997007;14648;206;15356;15571;10.31;0.63;248.68;17.28;708;106;5356.00;215
14650;106;628997016;14650;207;15360;15577;10.33;0.63;248.71;17.28;710;106;5357.00;217
14650;107;628997026;14650;209;15360;15577;10.36;0.63;248.71;17.28;710;107;5358.00;217
14652;107;628997050;14652;206;15361;15577;10.43;0.64;248.69;17.28;709;107;5359.00;216
14655;107;628997060;14655;210;15361;15578;10.46;0.64;248.67;17.28;706;107;5360.00;217
14657;107;628997069;14657;209;15361;15578;10.44;0.64;248.65;17.28;704;107;5361.00;217
14660;107;628997079;14660;206;15361;15578;10.46;0.64;248.63;17.28;701;107;5362.00;217
14661;107;628997089;14661;208;15361;15578;10.46;0.64;248.62;17.28;700;107;5363.00;217
14663;107;628997098;14663;206;15370;15590;10.44;0.64;248.60;17.27;707;107;5364.00;220
14667;107;628997108;14667;212;15370;15590;10.47;0.64;248.59;17.27;703;107;5365.00;220
14669;107;628997117;14669;211;15372;15590;10.48;0.64;248.59;17.27;703;107;5366.00;218
14674;107;628997127;14674;209;15372;15590;10.42;0.63;248.54;17.27;698;107;5367.00;218
14676;107;628997142;14676;209;15372;15590;10.39;0.63;248.55;17.27;696;107;5368.00;218
14678;107;628997151;14678;211;15372;15590;10.43;0.64;248.55;17.27;694;107;5369.00;218
14681;107;628997162;14681;212;15375;15594;10.45;0.64;248.52;17.26;694;107;5370.00;219
14686;107;628997172;14686;210;15375;15594;10.45;0.64;248.50;17.26;689;107;5371.00;219
14689;107;628997187;14689;205;15378;15598;10.51;0.64;248.49;17.26;689;107;5372.00;220
14692;107;628997196;14692;197;15380;15599;10.57;0.64;248.48;17.26;688;107;5373.00;219
14693;107;628997204;14693;183;15381;15599;10.53;0.64;248.48;17.27;688;107;5374.00;218
14695;107;628997215;14695;181;15382;15599;10.51;0.64;248.47;17.29;687;107;5375.00;217
14699;107;628997223;14699;176;15391;15612;10.46;0.64;248.44;17.28;692;107;5376.00;221
14702;107;628997234;14702;173;15392;15612;10.45;0.64;248.43;17.44;690;107;5377.00;220
14702;107;628997243;14702;175;15393;15612;10.48;0.64;248.43;17.44;691;107;5378.00;219
14705;107;628997253;14705;178;15395;15613;10.50;0.64;248.42;17.44;690;107;5379.00;218
14708;107;628997262;14708;179;15395;15614;10.48;0.64;248.44;17.44;687;107;5380.00;219
14712;107;628997271;14712;176;15396;15614;10.43;0.64;248.42;17.60;684;107;5381.00;218
14718;107;628997280;14718;176;15398;15617;10.43;0.64;248.38;17.59;680;107;5382.00;219
14718;107;628997291;14718;178;15399;15617;10.41;0.63;248.38;17.59;681;107;5383.00;218
14719;107;628997300;14719;183;15400;15617;10.34;0.63;248.37;17.76;681;107;5384.00;217
14721;107;628997309;14721;188;15400;15617;10.30;0.63;248.36;17.76;679;107;5385.00;217
14724;107;628997318;14724;189;15405;15623;10.28;0.63;248.33;17.91;681;107;5386.00;218
14725;107;628997327;14725;182;15405;15623;10.21;0.62;248.32;17.91;680;107;5387.00;218
14726;107;628997336;14726;176;15406;15623;10.14;0.62;248.34;17.91;680;107;5388.00;217
14728;107;628997345;14728;171;15406;15623;10.07;0.61;248.34;17.91;678;107;5389.00;217
14730;107;628997354;14730;165;15410;15627;9.98;0.61;248.35;18.07;680;107;5390.00;217
14731;107;628997364;14731;164;15411;15628;10.05;0.61;248.35;18.07;680;107;5391.00;217
14732;107;628997374;14732;160;15411;15628;10.10;0.61;248.35;18.07;679;107;5392.00;217
14733;107;628997384;14733;154;15412;15629;10.15;0.62;248.33;18.07;679;107;5393.00;217
14735;107;628997394;14735;148;15412;15629;10.22;0.62;248.33;18.07;677;107;5394.00;217
14737;107;628997403;14737;149;15412;15629;10.26;0.62;248.32;18.07;675;107;5395.00;217
14738;107;628997418;14738;148;15414;15629;10.28;0.62;248.32;18.24;676;107;5396.00;215
14740;107;628997433;14740;155;15414;15629;10.39;0.63;248.31;18.24;674;107;5397.00;215
14740;107;628997443;14740;150;15414;15629;10.43;0.63;248.31;18.24;674;107;5398.00;215
14742;107;628997458;14742;153;15414;15629;10.45;0.63;248.31;18.24;672;107;5399.00;215
