step_arrived;step_collisions;step_duration;step_ended;step_halting;step_inserted;step_loaded;step_meanSpeed;step_meanSpeedRelative;step_meanTravelTime;step_meanWaitingTime;step_running;step_teleports;step_time;step_waiting
0;0;627314195;0;1;89;245;16.09;1.13;-1.00;0.00;89;0;0.00;156
0;0;627314225;0;1;99;245;15.20;1.06;-1.00;0.10;99;0;1.00;146
0;0;627314226;0;2;118;245;14.55;1.00;-1.00;0.41;118;0;2.00;127
0;0;627314228;0;2;135;245;13.54;0.92;-1.00;0.73;135;0;3.00;110
0;0;627314229;0;1;146;245;12.76;0.86;-1.00;0.98;146;0;4.00;99
0;0;627314230;0;4;155;245;11.87;0.80;-1.00;1.21;155;0;5.00;90
0;0;627314232;0;6;167;245;11.01;0.74;-1.00;1.56;167;0;6.00;78
0;0;627314233;0;8;172;245;10.32;0.69;-1.00;1.72;172;0;7.00;73
0;0;627314235;0;12;180;246;9.80;0.65;-1.00;1.99;180;0;8.00;66
0;0;627314237;0;14;187;247;9.54;0.63;-1.00;2.26;187;0;9.00;60
0;0;627314240;0;15;191;247;9.52;0.63;-1.00;2.38;191;0;10.00;56
0;0;627314242;0;21;197;248;9.31;0.61;-1.00;2.59;197;0;11.00;51
1;0;627314244;1;23;201;248;9.14;0.60;12.00;2.78;200;0;12.00;47
1;0;627314246;1;25;202;248;9.12;0.59;12.00;2.83;201;0;13.00;46
1;0;627314249;1;30;207;248;9.01;0.59;12.00;3.10;206;0;14.00;41
1;0;627314252;1;35;210;252;8.98;0.58;12.00;3.14;209;0;15.00;42
1;0;627314255;1;38;214;252;8.85;0.57;12.00;3.38;213;0;16.00;38
1;0;627314265;1;45;215;252;8.83;0.57;12.00;3.44;214;0;17.00;37
1;0;627314267;1;48;220;255;8.90;0.57;12.00;3.69;219;0;18.00;35
2;0;627314270;2;52;221;255;9.07;0.58;15.50;3.76;219;0;19.00;34
2;0;627314273;2;58;226;255;9.10;0.58;15.50;4.12;224;0;20.00;29
4;0;627314276;4;59;232;259;9.28;0.58;18.25;4.21;228;0;21.00;27
4;0;627314279;4;63;236;260;9.39;0.59;18.25;4.42;232;0;22.00;24
4;0;627314282;4;68;239;260;9.36;0.59;18.25;4.66;235;0;23.00;21
4;0;627314285;4;71;245;264;9.32;0.59;18.25;4.84;241;0;24.00;19
6;0;627314288;6;75;247;264;9.12;0.57;20.17;5.00;241;0;25.00;17
6;0;627314291;6;75;249;264;9.06;0.56;20.17;5.13;243;0;26.00;15
6;0;627314294;6;81;253;265;9.02;0.56;20.17;5.42;247;0;27.00;12
6;0;627314297;6;85;254;265;9.00;0.56;20.17;5.44;248;0;28.00;11
6;0;627314300;6;88;259;271;8.96;0.55;20.17;5.36;253;0;29.00;12
6;0;627314311;6;91;262;271;8.89;0.55;20.17;5.59;256;0;30.00;9
7;0;627314314;7;92;263;272;8.88;0.55;21.29;5.57;256;0;31.00;9
7;0;627314317;7;95;265;272;8.85;0.55;21.29;5.61;258;0;32.00;7
7;0;627314320;7;100;265;272;8.81;0.54;21.29;5.61;258;0;33.00;7
7;0;627314324;7;103;265;272;8.90;0.55;21.29;5.61;258;0;34.00;7
8;0;627314327;8;108;266;272;8.84;0.55;22.50;5.62;258;0;35.00;6
10;0;627314330;10;111;276;284;8.95;0.55;24.60;5.41;266;0;36.00;8
10;0;627314334;10;114;277;284;8.93;0.55;24.60;5.43;267;0;37.00;7
11;0;627314338;11;118;278;284;8.97;0.55;25.82;5.41;267;0;38.00;6
12;0;627314341;12;120;279;284;8.83;0.55;26.67;5.41;267;0;39.00;5
13;0;627314344;13;121;279;284;8.71;0.54;27.54;5.41;266;0;40.00;5
13;0;627314347;13;124;279;284;8.56;0.53;27.54;5.41;266;0;41.00;5
13;0;627314351;13;127;283;288;8.51;0.52;27.54;5.34;270;0;42.00;5
14;0;627314354;14;128;283;288;8.36;0.52;28.29;5.34;269;0;43.00;5
14;0;627314357;14;132;286;292;8.37;0.52;28.29;5.30;272;0;44.00;6
15;0;627314360;15;132;288;294;8.35;0.52;28.00;5.26;273;0;45.00;6
16;0;627314364;16;136;289;294;8.22;0.51;28.69;5.25;273;0;46.00;5
18;0;627314367;18;135;289;294;8.10;0.50;30.39;5.25;271;0;47.00;5
18;0;627314370;18;137;301;307;8.29;0.51;30.39;5.04;283;0;48.00;6
18;0;627314374;18;137;301;307;8.12;0.50;30.39;5.04;283;0;49.00;6
18;0;627314377;18;138;301;307;8.02;0.49;30.39;5.04;283;0;50.00;6
18;0;627314380;18;144;302;308;8.03;0.50;30.39;5.03;284;0;51.00;6
18;0;627314383;18;147;303;309;7.95;0.49;30.39;5.02;285;0;52.00;6
19;0;627314386;19;148;303;309;7.77;0.48;29.68;5.02;284;0;53.00;6
19;0;627314390;19;151;305;312;7.71;0.48;29.68;4.98;286;0;54.00;7
20;0;627314393;20;154;305;312;7.48;0.46;30.90;4.98;285;0;55.00;7
22;0;627314401;22;141;306;312;7.39;0.46;32.14;4.97;284;0;56.00;6
22;0;627314405;22;138;306;312;7.43;0.46;32.14;4.97;284;0;57.00;6
22;0;627314408;22;138;311;318;7.38;0.46;32.14;4.91;289;0;58.00;7
24;0;627314412;24;136;311;318;7.32;0.45;34.38;4.91;287;0;59.00;7
24;0;627314417;24;138;312;318;7.43;0.46;34.38;4.90;288;0;60.00;6
25;0;627314420;25;140;312;318;7.56;0.47;35.36;4.90;287;0;61.00;6
26;0;627314424;26;143;316;322;7.64;0.47;36.27;4.85;290;0;62.00;6
28;0;627314427;28;145;317;323;7.81;0.48;37.00;4.84;289;0;63.00;6
29;0;627314431;29;147;317;323;7.87;0.48;37.93;4.84;288;0;64.00;6
30;0;627314435;30;148;318;324;8.00;0.49;37.43;4.83;288;0;65.00;6
30;0;627314439;30;148;318;324;7.99;0.49;37.43;4.83;288;0;66.00;6
30;0;627314443;30;141;318;324;8.03;0.49;37.43;4.83;288;0;67.00;6
30;0;627314446;30;137;318;324;8.07;0.50;37.43;4.83;288;0;68.00;6
33;0;627314450;33;132;318;324;8.09;0.49;40.30;4.83;285;0;69.00;6
33;0;627314454;33;130;318;324;8.23;0.50;40.30;4.83;285;0;70.00;6
33;0;627314457;33;128;318;324;8.40;0.51;40.30;4.83;285;0;71.00;6
35;0;627314460;35;133;353;394;8.43;0.52;41.34;4.35;318;0;72.00;41
36;0;627314477;36;123;354;395;8.55;0.52;42.00;4.34;318;0;73.00;41
37;0;627314481;37;115;361;395;8.97;0.55;42.86;4.29;324;0;74.00;34
37;0;627314485;37;112;362;395;9.24;0.56;42.86;4.29;325;0;75.00;33
37;0;627314488;37;109;367;395;9.56;0.58;42.86;4.29;330;0;76.00;28
37;2;627314498;37;109;371;395;9.75;0.60;42.86;4.29;334;2;77.00;24
37;2;627314520;37;109;376;395;9.91;0.60;42.86;4.32;339;2;78.00;19
37;2;627314530;37;106;378;395;9.88;0.60;42.86;4.33;341;2;79.00;17
38;2;627314539;38;109;380;396;9.89;0.60;43.39;4.33;342;2;80.00;16
38;2;627314543;38;107;381;397;9.87;0.60;43.39;4.32;343;2;81.00;16
39;2;627314555;39;112;382;397;9.84;0.60;44.28;4.34;343;2;82.00;15
39;2;627314559;39;115;386;401;9.72;0.59;44.28;4.30;347;2;83.00;15
41;2;627314568;41;120;386;401;9.73;0.59;46.22;4.30;345;2;84.00;15
41;2;627314571;41;119;386;401;9.70;0.59;46.22;4.30;345;2;85.00;15
42;2;627314583;42;120;386;401;9.66;0.59;47.17;4.30;344;2;86.00;15
43;2;627314587;43;121;390;407;9.56;0.58;48.09;4.27;347;2;87.00;17
46;2;627314592;46;122;390;407;9.41;0.57;50.50;4.27;344;2;88.00;17
46;2;627314596;46;122;391;407;9.36;0.57;50.50;4.26;345;2;89.00;16
49;2;627314602;49;126;394;413;9.21;0.56;52.92;4.23;345;2;90.00;19
52;2;627314607;52;125;395;413;9.15;0.56;55.02;4.22;343;2;91.00;18
52;2;627314611;52;129;395;413;9.18;0.56;55.02;4.22;343;2;92.00;18
57;2;627314615;57;129;397;414;9.10;0.55;56.72;4.21;340;2;93.00;17
58;2;627314619;58;129;398;415;9.21;0.56;57.34;4.20;340;2;94.00;17
60;2;627314623;60;132;399;415;9.26;0.56;58.58;4.21;339;2;95.00;16
61;2;627314627;61;135;409;428;9.25;0.56;59.10;4.10;348;2;96.00;19
62;2;627314632;62;136;410;428;9.37;0.57;59.65;4.10;348;2;97.00;18
64;2;627314636;64;134;410;428;9.46;0.57;60.84;4.10;346;2;98.00;18
65;2;627314640;65;132;411;429;9.53;0.58;61.43;4.09;346;2;99.00;18
65;2;627314645;65;129;411;429;9.59;0.58;61.43;4.09;346;2;100.00;18
67;2;627314655;67;128;413;433;9.71;0.59;62.57;4.07;346;2;101.00;20
68;2;627314660;68;121;413;433;9.68;0.59;63.15;4.07;345;2;102.00;20
68;2;627314665;68;116;418;437;9.57;0.58;63.15;4.04;350;2;103.00;19
68;3;627314671;68;110;420;437;9.55;0.58;63.15;4.17;352;3;104.00;17
68;3;627314693;68;104;420;437;9.71;0.59;63.15;4.17;352;3;105.00;17
70;3;627314698;70;99;420;437;9.77;0.59;64.31;4.17;350;3;106.00;17
70;3;627314703;70;94;420;437;9.81;0.60;64.31;4.17;350;3;107.00;17
70;3;627314707;70;88;430;449;9.95;0.61;64.31;4.07;360;3;108.00;19
72;4;627314713;72;85;431;449;10.07;0.62;65.06;4.07;359;4;109.00;18
72;4;627314726;72;82;432;449;10.31;0.63;65.06;4.06;360;4;110.00;17
73;4;627314731;73;79;432;449;10.48;0.64;65.68;4.06;359;4;111.00;17
74;4;627314746;74;77;432;449;10.64;0.65;65.99;4.06;358;4;112.00;17
74;4;627314752;74;76;432;449;10.80;0.66;65.99;4.06;358;4;113.00;17
75;4;627314757;75;74;433;450;10.90;0.67;66.63;4.06;358;4;114.00;17
75;4;627314763;75;71;433;450;10.96;0.67;66.63;4.06;358;4;115.00;17
77;4;627314768;77;72;437;456;11.19;0.68;67.26;4.03;360;4;116.00;19
78;4;627314774;78;73;440;457;11.27;0.69;67.90;4.27;362;4;117.00;17
78;4;627314781;78;75;441;457;11.25;0.69;67.90;4.37;363;4;118.00;16
79;4;627314793;79;74;442;457;11.33;0.69;68.52;4.46;363;4;119.00;15
79;4;627314806;79;75;448;462;11.45;0.70;68.52;4.78;369;4;120.00;14
80;4;627314813;80;76;449;462;11.50;0.70;69.16;4.88;369;4;121.00;13
81;4;627314819;81;77;449;462;11.60;0.71;69.80;4.88;368;4;122.00;13
81;4;627314824;81;78;452;463;11.56;0.71;69.80;5.23;371;4;123.00;11
81;4;627314831;81;78;458;467;11.53;0.70;69.80;5.31;377;4;124.00;9
82;4;627314838;82;80;458;467;11.61;0.71;70.48;5.31;376;4;125.00;9
84;4;627314844;84;82;462;470;11.65;0.71;71.40;5.56;378;4;126.00;8
84;4;627314851;84;86;463;470;11.76;0.72;71.40;5.55;379;4;127.00;7
84;4;627314858;84;87;464;470;11.89;0.72;71.40;5.81;380;4;128.00;6
85;4;627314865;85;90;464;470;11.92;0.73;71.67;5.81;379;4;129.00;6
87;4;627314871;87;92;468;474;11.96;0.73;72.80;5.94;381;4;130.00;6
87;4;627314879;87;91;469;474;11.97;0.73;72.80;6.06;382;4;131.00;5
89;4;627314885;89;94;470;474;12.00;0.73;74.07;6.05;381;4;132.00;4
91;4;627314892;91;96;471;474;11.87;0.73;74.18;6.17;380;4;133.00;3
93;4;627314899;93;94;472;475;11.80;0.72;75.31;6.15;379;4;134.00;3
95;4;627314905;95;94;475;477;11.77;0.72;76.54;6.20;380;4;135.00;2
96;4;627314913;96;99;475;477;11.71;0.72;76.88;6.20;379;4;136.00;2
98;4;627314919;98;99;476;478;11.64;0.71;78.08;6.19;378;4;137.00;2
99;4;627314925;99;102;477;478;11.57;0.71;77.96;6.26;378;4;138.00;1
102;4;627314932;102;102;478;478;11.41;0.70;78.62;6.29;376;4;139.00;0
102;4;627314939;102;105;478;478;11.41;0.70;78.62;6.29;376;4;140.00;0
106;4;627314947;106;107;478;478;11.37;0.70;79.63;6.29;372;4;141.00;0
107;4;627314955;107;108;478;478;11.36;0.70;79.54;6.29;371;4;142.00;0
108;4;627314962;108;109;478;478;11.35;0.70;80.11;6.29;370;4;143.00;0
108;4;627314970;108;129;545;605;11.17;0.71;80.11;5.52;437;4;144.00;60
109;4;627314993;109;123;551;606;11.19;0.71;80.60;5.47;442;4;145.00;55
111;4;627315002;111;121;560;606;11.24;0.71;81.11;5.42;449;4;146.00;46
116;4;627315009;116;124;565;606;11.07;0.70;82.79;5.39;449;4;147.00;41
117;4;627315016;117;123;571;606;11.07;0.70;83.30;5.38;454;4;148.00;35
118;4;627315023;118;120;576;606;11.02;0.69;83.66;5.38;458;4;149.00;30
119;4;627315031;119;117;581;611;11.03;0.69;84.22;5.38;462;4;150.00;30
121;4;627315039;121;115;585;611;10.97;0.68;85.26;5.39;464;4;151.00;26
122;4;627315046;122;117;590;612;10.96;0.68;85.55;5.42;468;4;152.00;22
123;4;627315052;123;116;593;613;11.01;0.69;84.93;5.42;470;4;153.00;20
125;4;627315060;125;120;596;613;10.95;0.68;85.60;5.44;471;4;154.00;17
127;4;627315067;127;120;598;614;10.88;0.68;86.69;5.45;471;4;155.00;16
131;4;627315073;131;122;600;614;10.78;0.67;88.11;5.47;469;4;156.00;14
132;4;627315080;132;128;601;614;10.72;0.67;88.48;5.47;469;4;157.00;13
134;4;627315094;134;134;603;614;10.77;0.67;89.37;5.50;469;4;158.00;11
135;4;627315100;135;136;606;618;10.80;0.67;89.82;5.50;471;4;159.00;12
136;4;627315107;136;139;608;618;10.76;0.67;89.28;5.53;472;4;160.00;10
136;4;627315114;136;143;609;618;10.64;0.66;89.28;5.54;473;4;161.00;9
138;4;627315120;138;143;611;621;10.55;0.66;90.23;5.55;473;4;162.00;10
140;4;627315127;140;145;613;621;10.52;0.65;91.24;5.55;473;4;163.00;8
142;4;627315134;142;143;614;621;10.46;0.65;92.12;5.57;472;4;164.00;7
147;4;627315141;147;143;617;625;10.34;0.64;93.44;5.55;470;4;165.00;8
149;4;627315148;149;139;618;626;10.33;0.64;93.79;5.54;469;4;166.00;8
152;4;627315154;152;139;618;626;10.22;0.63;94.13;5.54;466;4;167.00;8
156;4;627315160;156;139;624;630;10.06;0.62;95.46;5.53;468;4;168.00;6
160;4;627315166;160;138;624;630;9.87;0.61;96.64;5.53;464;4;169.00;6
162;4;627315177;162;135;625;630;9.75;0.60;97.26;5.55;463;4;170.00;5
164;4;627315189;164;131;627;631;9.68;0.60;97.99;5.58;463;4;171.00;4
166;4;627315196;166;128;627;631;9.62;0.59;98.13;5.58;461;4;172.00;4
169;4;627315202;169;126;633;637;9.65;0.59;98.83;5.58;464;4;173.00;4
170;4;627315210;170;125;634;637;9.63;0.59;98.66;5.59;464;4;174.00;3
171;4;627315216;171;124;635;638;9.69;0.59;98.60;5.58;464;4;175.00;3
171;4;627315223;171;122;637;638;9.64;0.59;98.60;5.61;466;4;176.00;1
171;4;627315236;171;119;638;638;9.67;0.59;98.60;5.61;467;4;177.00;0
171;4;627315242;171;118;638;638;9.75;0.60;98.60;5.61;467;4;178.00;0
171;4;627315248;171;114;638;638;9.85;0.60;98.60;5.61;467;4;179.00;0
171;4;627315256;171;114;669;672;9.87;0.61;98.60;5.35;498;4;180.00;3
171;4;627315266;171;110;669;672;9.95;0.61;98.60;5.35;498;4;181.00;3
172;4;627315272;172;112;670;672;10.00;0.62;99.08;5.35;498;4;182.00;2
172;4;627315278;172;117;670;672;10.01;0.62;99.08;5.35;498;4;183.00;2
174;4;627315284;174;121;671;672;10.02;0.62;99.36;5.34;497;4;184.00;1
175;4;627315290;175;126;671;672;10.00;0.62;99.85;5.34;496;4;185.00;1
175;4;627315296;175;129;676;676;10.04;0.62;99.85;5.32;501;4;186.00;0
176;4;627315303;176;140;676;676;9.98;0.62;99.88;5.32;500;4;187.00;0
178;4;627315309;178;145;679;680;9.92;0.62;99.98;5.30;501;4;188.00;1
181;4;627315317;181;156;680;681;9.77;0.61;100.59;5.29;499;4;189.00;1
182;4;627315323;182;160;681;681;9.65;0.60;100.52;5.29;499;4;190.00;0
185;4;627315329;185;163;681;681;9.48;0.59;101.57;5.29;496;4;191.00;0
188;4;627315335;188;169;693;694;9.42;0.58;101.47;5.20;505;4;192.00;1
191;4;627315343;191;175;693;694;9.32;0.58;101.16;5.20;502;4;193.00;1
196;4;627315350;196;177;694;694;9.20;0.57;101.18;5.19;498;4;194.00;0
198;4;627315356;198;187;695;695;9.18;0.57;100.67;5.19;497;4;195.00;0
203;4;627315368;203;192;696;696;9.06;0.55;101.19;5.18;493;4;196.00;0
206;4;627315375;206;192;696;696;8.98;0.55;101.17;5.18;490;4;197.00;0
208;4;627315381;208;193;698;699;8.89;0.54;100.72;5.17;490;4;198.00;1
209;4;627315388;209;195;699;699;8.74;0.53;100.73;5.16;490;4;199.00;0
210;4;627315395;210;200;699;699;8.52;0.52;100.50;5.16;489;4;200.00;0
211;4;627315406;211;204;699;699;8.40;0.51;100.55;5.16;488;4;201.00;0
213;4;627315412;213;207;704;705;8.36;0.51;100.03;5.13;491;4;202.00;1
215;4;627315419;215;214;705;705;8.32;0.51;99.53;5.13;490;4;203.00;0
217;4;627315426;217;217;705;705;8.24;0.51;99.74;5.13;488;4;204.00;0
218;4;627315432;218;221;705;705;8.17;0.50;100.22;5.13;487;4;205.00;0
221;4;627315439;221;227;709;709;8.09;0.50;100.03;5.10;488;4;206.00;0
223;4;627315446;223;228;710;710;7.93;0.49;100.22;5.10;487;4;207.00;0
223;4;627315454;223;233;710;710;7.81;0.48;100.22;5.10;487;4;208.00;0
225;4;627315461;225;238;711;711;7.71;0.47;100.71;5.09;486;4;209.00;0
226;4;627315471;226;243;711;711;7.57;0.46;100.34;5.09;485;4;210.00;0
226;4;627315477;226;247;711;711;7.51;0.46;100.34;5.09;485;4;211.00;0
227;4;627315483;227;251;711;711;7.43;0.46;100.83;5.09;484;4;212.00;0
229;4;627315489;229;254;711;711;7.30;0.45;100.82;5.09;482;4;213.00;0
229;4;627315495;229;255;711;711;7.22;0.45;100.82;5.09;482;4;214.00;0
231;4;627315501;231;261;711;711;7.20;0.44;101.53;5.09;480;4;215.00;0
232;4;627315507;232;273;755;781;7.41;0.46;102.00;4.79;523;4;216.00;26
234;4;627315525;234;261;757;782;7.37;0.46;102.97;4.78;523;4;217.00;25
234;4;627315533;234;254;765;782;7.47;0.46;102.97;4.75;531;4;218.00;17
235;4;627315539;235;235;769;782;7.63;0.47;103.46;4.75;534;4;219.00;13
235;4;627315546;235;223;774;782;7.84;0.48;103.46;4.74;539;4;220.00;8
236;4;627315554;236;212;777;782;8.03;0.50;103.61;4.74;541;4;221.00;5
238;4;627315562;238;206;780;782;8.22;0.51;104.58;4.75;542;4;222.00;2
239;4;627315569;239;199;780;782;8.39;0.52;105.07;4.75;541;4;223.00;2
240;4;627315578;240;192;782;783;8.54;0.52;104.95;4.75;542;4;224.00;1
242;4;627315586;242;187;784;785;8.66;0.53;105.51;4.73;542;4;225.00;1
245;4;627315603;245;168;785;785;8.81;0.54;106.34;4.74;540;4;226.00;0
247;4;627315610;247;155;789;789;8.88;0.54;106.80;4.72;542;4;227.00;0
248;4;627315618;248;147;789;789;9.14;0.56;107.23;4.72;541;4;228.00;0
250;4;627315627;250;136;789;789;9.41;0.58;106.81;4.72;539;4;229.00;0
250;4;627315635;250;130;789;789;9.66;0.59;106.81;4.72;539;4;230.00;0
253;4;627315651;253;119;794;795;9.87;0.60;107.49;4.70;541;4;231.00;1
254;4;627315660;254;112;794;795;10.02;0.61;107.29;4.70;540;4;232.00;1
255;4;627315669;255;104;795;795;10.15;0.62;107.78;4.70;540;4;233.00;0
258;4;627315681;258;103;797;798;10.31;0.63;108.84;4.68;539;4;234.00;1
258;4;627315693;258;97;798;798;10.53;0.64;108.84;4.68;540;4;235.00;0
259;4;627315705;259;90;798;798;10.76;0.66;108.70;4.68;539;4;236.00;0
260;4;627315716;260;88;799;799;10.96;0.67;109.17;4.67;539;4;237.00;0
262;4;627315729;262;87;800;800;11.11;0.67;109.30;4.67;538;4;238.00;0
266;4;627315739;266;85;800;800;11.22;0.68;110.19;4.67;534;4;239.00;0
268;4;627315759;268;88;824;826;11.11;0.67;110.84;4.53;556;4;240.00;2
269;4;627315775;269;82;824;826;11.28;0.69;110.97;4.53;555;4;241.00;2
270;4;627315791;270;83;825;826;11.38;0.69;111.45;4.53;555;4;242.00;1
272;4;627315799;272;86;827;827;11.54;0.70;112.19;4.52;555;4;243.00;0
275;4;627315808;275;88;827;827;11.59;0.71;112.17;4.52;552;4;244.00;0
277;4;627315816;277;88;830;831;11.66;0.71;112.35;4.51;553;4;245.00;1
281;4;627315825;281;92;830;831;11.75;0.72;113.16;4.51;549;4;246.00;1
284;4;627315834;284;94;835;835;11.72;0.71;114.18;4.49;551;4;247.00;0
284;4;627315842;284;99;835;835;11.77;0.72;114.18;4.49;551;4;248.00;0
285;4;627315858;285;99;835;835;11.86;0.72;114.27;4.49;550;4;249.00;0
287;4;627315867;287;99;835;835;11.92;0.73;114.70;4.49;548;4;250.00;0
292;4;627315876;292;100;835;835;11.95;0.73;115.62;4.49;543;4;251.00;0
293;4;627315885;293;103;845;847;11.98;0.73;115.84;4.44;552;4;252.00;2
295;4;627315894;295;100;845;847;12.11;0.74;115.86;4.44;550;4;253.00;2
295;4;627315902;295;99;847;847;12.19;0.74;115.86;4.43;552;4;254.00;0
297;4;627315910;297;98;847;847;12.18;0.74;116.29;4.43;550;4;255.00;0
298;4;627315919;298;100;847;847;12.16;0.74;116.73;4.43;549;4;256.00;0
298;4;627315928;298;100;847;847;12.25;0.75;116.73;4.43;549;4;257.00;0
301;4;627315938;301;104;848;848;12.28;0.75;117.10;4.43;547;4;258.00;0
302;4;627315946;302;107;848;848;12.36;0.75;117.56;4.43;546;4;259.00;0
305;4;627315959;305;108;853;854;12.35;0.75;117.66;4.41;548;4;260.00;1
306;4;627315967;306;109;854;855;12.35;0.75;117.82;4.40;548;4;261.00;1
308;4;627315977;308;109;855;855;12.34;0.75;117.74;4.40;547;4;262.00;0
311;4;627315986;311;109;855;855;12.28;0.74;118.10;4.40;544;4;263.00;0
313;4;627315994;313;110;859;859;12.20;0.74;118.22;4.38;546;4;264.00;0
316;4;627316002;316;110;859;859;12.23;0.74;118.30;4.38;543;4;265.00;0
317;4;627316010;317;111;859;859;12.23;0.74;118.18;4.38;542;4;266.00;0
321;4;627316018;321;115;860;860;12.22;0.74;119.22;4.38;539;4;267.00;0
326;4;627316025;326;119;864;864;12.15;0.74;120.32;4.36;538;4;268.00;0
327;4;627316034;327;113;864;864;12.17;0.74;120.42;4.36;537;4;269.00;0
330;4;627316043;330;114;867;870;12.20;0.74;120.98;4.35;537;4;270.00;3
331;4;627316051;331;110;867;870;12.27;0.74;120.99;4.35;536;4;271.00;3
335;4;627316058;335;106;868;870;12.33;0.75;121.72;4.34;533;4;272.00;2
338;4;627316066;338;102;868;870;12.35;0.75;122.18;4.34;530;4;273.00;2
341;4;627316073;341;99;871;874;12.44;0.75;123.44;4.34;530;4;274.00;3
345;4;627316081;345;92;871;874;12.52;0.76;123.52;4.34;526;4;275.00;3
347;4;627316088;347;90;872;874;12.58;0.76;123.82;4.34;525;4;276.00;2
350;4;627316097;350;85;872;874;12.66;0.77;123.89;4.34;522;4;277.00;2
352;4;627316104;352;82;874;875;12.75;0.77;124.48;4.34;522;4;278.00;1
353;4;627316111;353;81;875;876;12.79;0.77;124.70;4.33;522;4;279.00;1
355;4;627316120;355;75;876;876;12.82;0.78;124.46;4.33;521;4;280.00;0
356;4;627316127;356;71;877;877;12.81;0.78;124.88;4.33;521;4;281.00;0
358;4;627316135;358;72;877;877;12.76;0.77;124.96;4.33;519;4;282.00;0
360;4;627316143;360;74;877;877;12.73;0.77;124.60;4.33;517;4;283.00;0
361;4;627316151;361;74;877;877;12.70;0.77;124.64;4.33;516;4;284.00;0
362;4;627316159;362;77;877;877;12.72;0.77;124.68;4.33;515;4;285.00;0
363;4;627316166;363;77;877;877;12.71;0.77;124.92;4.33;514;4;286.00;0
364;4;627316174;364;78;877;877;12.74;0.78;125.09;4.33;513;4;287.00;0
365;4;627316190;365;101;948;1004;12.22;0.76;125.34;4.01;583;4;288.00;56
367;4;627316209;367;89;950;1005;12.20;0.75;125.89;4.00;583;4;289.00;55
368;4;627316218;368;93;954;1005;12.25;0.76;126.25;3.99;586;4;290.00;51
369;4;627316227;369;91;959;1005;12.14;0.75;126.60;3.99;590;4;291.00;46
372;4;627316236;372;96;965;1005;12.19;0.75;126.69;3.99;593;4;292.00;40
373;4;627316245;373;99;966;1005;12.15;0.75;126.81;3.99;593;4;293.00;39
375;4;627316255;375;98;971;1005;12.19;0.75;126.93;4.00;596;4;294.00;34
376;4;627316264;376;99;975;1005;12.23;0.75;127.31;4.01;599;4;295.00;30
379;4;627316273;379;99;981;1006;12.32;0.76;126.56;4.04;602;4;296.00;25
383;4;627316282;383;102;985;1007;12.44;0.77;126.83;4.06;602;4;297.00;22
384;4;627316291;384;106;990;1007;12.39;0.76;126.71;4.08;606;4;298.00;17
385;4;627316301;385;107;991;1008;12.28;0.76;126.92;4.09;606;4;299.00;17
389;4;627316313;389;114;995;1014;12.08;0.74;127.45;4.11;606;4;300.00;19
392;4;627316334;392;119;997;1014;11.84;0.73;127.92;4.12;605;4;301.00;17
393;4;627316344;393;125;998;1014;11.72;0.72;127.81;4.13;605;4;302.00;16
395;4;627316353;395;131;1002;1018;11.55;0.71;128.14;4.15;607;4;303.00;16
397;4;627316363;397;138;1004;1018;11.42;0.70;128.42;4.16;607;4;304.00;14
398;4;627316373;398;151;1004;1018;11.22;0.69;128.43;4.16;606;4;305.00;14
402;4;627316382;402;162;1009;1021;11.09;0.68;128.74;4.19;607;4;306.00;12
403;4;627316391;403;169;1010;1021;10.95;0.67;128.87;4.19;607;4;307.00;11
405;4;627316400;405;174;1011;1021;10.84;0.67;129.36;4.21;606;4;308.00;10
408;4;627316409;408;178;1014;1025;10.71;0.66;129.48;4.20;606;4;309.00;11
410;4;627316419;410;186;1016;1026;10.53;0.65;129.40;4.20;606;4;310.00;10
411;4;627316428;411;187;1017;1026;10.36;0.64;129.38;4.21;606;4;311.00;9
413;4;627316437;413;191;1020;1030;10.24;0.63;129.80;4.19;607;4;312.00;10
413;4;627316452;413;197;1021;1030;10.08;0.62;129.80;4.19;608;4;313.00;9
415;4;627316460;415;204;1021;1030;9.93;0.61;130.35;4.19;606;4;314.00;9
416;4;627316469;416;208;1024;1032;9.88;0.61;130.79;4.19;608;4;315.00;8
420;4;627316477;420;209;1024;1032;9.75;0.60;131.03;4.19;604;4;316.00;8
423;4;627316485;423;215;1028;1038;9.62;0.59;131.29;4.18;605;4;317.00;10
425;4;627316494;425;216;1028;1038;9.46;0.58;131.47;4.18;603;4;318.00;10
427;4;627316510;427;216;1029;1039;9.29;0.57;131.55;4.18;602;4;319.00;10
427;4;627316519;427;216;1031;1039;9.24;0.57;131.55;4.23;604;4;320.00;8
432;4;627316527;432;216;1032;1039;9.12;0.56;132.22;4.25;600;4;321.00;7
437;4;627316535;437;219;1032;1039;9.05;0.55;132.86;4.25;595;4;322.00;7
437;4;627316543;437;222;1032;1039;9.04;0.55;132.86;4.25;595;4;323.00;7
441;4;627316551;441;225;1047;1051;9.02;0.55;133.25;4.28;606;4;324.00;4
444;4;627316560;444;219;1047;1051;8.97;0.55;133.93;4.28;603;4;325.00;4
446;4;627316568;446;218;1047;1051;9.02;0.55;133.67;4.28;601;4;326.00;4
448;4;627316575;448;218;1048;1051;9.04;0.55;134.13;4.29;600;4;327.00;3
452;4;627316584;452;222;1049;1051;9.04;0.55;134.80;4.30;597;4;328.00;2
452;4;627316593;452;223;1049;1051;9.11;0.56;134.80;4.30;597;4;329.00;2
453;4;627316603;453;222;1055;1055;9.04;0.55;134.75;4.30;602;4;330.00;0
454;4;627316610;454;225;1055;1055;9.05;0.55;134.65;4.30;601;4;331.00;0
458;4;627316618;458;229;1057;1059;9.05;0.55;134.98;4.29;599;4;332.00;2
461;4;627316626;461;234;1060;1060;8.96;0.55;135.62;4.28;599;4;333.00;0
465;4;627316634;465;237;1060;1060;8.78;0.54;136.57;4.28;595;4;334.00;0
467;4;627316643;467;237;1060;1060;8.69;0.53;136.88;4.28;593;4;335.00;0
472;4;627316650;472;236;1073;1073;8.47;0.52;137.15;4.23;601;4;336.00;0
475;4;627316659;475;241;1073;1073;8.27;0.51;137.95;4.23;598;4;337.00;0
478;4;627316666;478;246;1073;1073;8.05;0.49;138.74;4.23;595;4;338.00;0
482;4;627316673;482;250;1074;1074;7.86;0.48;139.65;4.23;592;4;339.00;0
486;4;627316681;486;247;1075;1075;7.70;0.47;140.31;4.23;589;4;340.00;0
491;4;627316688;491;246;1075;1075;7.54;0.46;140.56;4.23;584;4;341.00;0
494;4;627316695;494;241;1078;1078;7.49;0.46;140.75;4.22;584;4;342.00;0
496;4;627316703;496;242;1078;1078;7.47;0.46;141.56;4.22;582;4;343.00;0
498;4;627316710;498;237;1078;1078;7.50;0.46;141.84;4.22;580;4;344.00;0
501;4;627316716;501;239;1078;1078;7.55;0.47;142.50;4.22;577;4;345.00;0
503;4;627316723;503;237;1083;1084;7.61;0.47;143.01;4.20;580;4;346.00;1
506;4;627316730;506;226;1083;1084;7.58;0.47;143.28;4.20;577;4;347.00;1
510;4;627316738;510;227;1084;1084;7.53;0.47;144.01;4.20;574;4;348.00;0
512;4;627316744;512;220;1084;1084;7.53;0.47;144.47;4.20;572;4;349.00;0
517;4;627316751;517;219;1088;1088;7.53;0.47;144.23;4.19;571;4;350.00;0
520;4;627316757;520;215;1089;1089;7.55;0.47;143.95;4.18;569;4;351.00;0
522;4;627316765;522;214;1089;1089;7.59;0.47;143.89;4.18;567;4;352.00;0
524;4;627316771;524;211;1090;1090;7.63;0.47;143.60;4.18;566;4;353.00;0
526;4;627316777;526;220;1090;1090;7.63;0.47;143.38;4.18;564;4;354.00;0
529;4;627316784;529;219;1090;1090;7.62;0.47;143.17;4.18;561;4;355.00;0
532;4;627316792;532;224;1090;1090;7.61;0.47;143.30;4.18;558;4;356.00;0
536;4;627316799;536;232;1090;1090;7.65;0.47;143.27;4.18;554;4;357.00;0
538;4;627316806;538;234;1090;1090;7.63;0.47;143.08;4.18;552;4;358.00;0
541;4;627316813;541;233;1090;1090;7.54;0.46;143.05;4.18;549;4;359.00;0
544;4;627316821;544;248;1157;1215;7.83;0.49;142.98;3.94;613;4;360.00;58
545;4;627316840;545;249;1165;1216;7.85;0.49;143.11;3.92;620;4;361.00;51
547;4;627316848;547;243;1176;1216;7.94;0.49;142.99;3.90;629;4;362.00;40
550;4;627316862;550;245;1180;1216;7.91;0.49;143.13;3.90;630;4;363.00;36
550;4;627316869;550;242;1188;1216;7.92;0.49;143.13;3.90;638;4;364.00;28
551;4;627316877;551;242;1188;1216;7.91;0.49;143.10;3.90;637;4;365.00;28
551;4;627316884;551;247;1194;1216;7.98;0.50;143.10;3.91;643;4;366.00;22
551;4;627316892;551;246;1195;1216;8.02;0.50;143.10;3.91;644;4;367.00;21
554;4;627316899;554;249;1200;1217;7.94;0.49;142.67;3.93;646;4;368.00;17
555;4;627316911;555;255;1203;1218;7.92;0.49;143.06;3.94;648;4;369.00;15
556;4;627316919;556;259;1208;1218;7.88;0.49;143.16;3.96;652;4;370.00;10
560;4;627316927;560;253;1213;1222;7.83;0.48;143.12;3.95;653;4;371.00;9
561;4;627316937;561;252;1214;1222;7.82;0.48;143.23;3.96;653;4;372.00;8
564;4;627316945;564;250;1215;1222;7.83;0.48;143.45;3.96;651;4;373.00;7
566;4;627316954;566;247;1216;1222;7.85;0.48;143.62;3.97;650;4;374.00;6
567;4;627316968;567;245;1220;1228;7.91;0.48;143.78;3.96;653;4;375.00;8
569;4;627316976;569;237;1222;1228;7.97;0.49;143.83;3.98;653;4;376.00;6
570;4;627316990;570;241;1222;1228;7.93;0.49;144.18;3.98;652;4;377.00;6
572;4;627317008;572;237;1226;1231;7.99;0.49;144.09;4.00;654;4;378.00;5
573;4;627317017;573;235;1226;1231;8.07;0.49;144.08;4.00;653;4;379.00;5
573;4;627317026;573;235;1227;1231;8.16;0.50;144.08;4.01;654;4;380.00;4
573;5;627317035;573;235;1228;1232;8.25;0.50;144.08;4.01;655;5;381.00;4
576;5;627317055;576;235;1230;1233;8.32;0.51;144.15;4.01;654;5;382.00;3
577;5;627317064;577;234;1231;1233;8.37;0.51;144.31;4.01;654;5;383.00;2
577;5;627317073;577;228;1244;1246;8.55;0.52;144.31;3.98;667;5;384.00;2
577;5;627317083;577;227;1245;1246;8.64;0.53;144.31;3.97;668;5;385.00;1
578;5;627317091;578;228;1245;1246;8.74;0.53;144.10;3.97;667;5;386.00;1
580;5;627317100;580;217;1246;1247;8.86;0.54;143.82;3.97;666;5;387.00;1
581;5;627317110;581;213;1246;1247;8.95;0.54;143.85;3.97;665;5;388.00;1
584;5;627317119;584;210;1250;1251;9.03;0.55;143.81;3.96;666;5;389.00;1
585;5;627317132;585;198;1250;1251;9.07;0.55;143.81;3.96;665;5;390.00;1
586;5;627317141;586;196;1254;1255;9.22;0.56;144.21;3.95;668;5;391.00;1
587;5;627317153;587;195;1254;1255;9.32;0.57;144.33;3.95;667;5;392.00;1
591;5;627317163;591;195;1254;1255;9.45;0.57;144.34;3.95;663;5;393.00;1
592;5;627317173;592;188;1254;1255;9.66;0.59;144.64;3.95;662;5;394.00;1
592;5;627317190;592;182;1254;1255;9.88;0.60;144.64;3.95;662;5;395.00;1
598;5;627317206;598;167;1264;1267;10.07;0.61;145.95;3.92;666;5;396.00;3
598;5;627317218;598;146;1265;1267;10.33;0.63;145.95;3.92;667;5;397.00;2
602;5;627317228;602;129;1266;1267;10.54;0.64;146.50;3.92;664;5;398.00;1
604;5;627317238;604;111;1266;1267;10.77;0.65;146.91;3.92;662;5;399.00;1
608;5;627317251;608;103;1266;1267;10.93;0.67;147.54;3.92;658;5;400.00;1
609;5;627317265;609;96;1266;1267;11.16;0.68;147.45;3.92;657;5;401.00;1
612;5;627317276;612;92;1267;1268;11.28;0.69;148.38;3.91;655;5;402.00;1
614;5;627317286;614;93;1267;1268;11.49;0.70;148.58;3.91;653;5;403.00;1
615;5;627317297;615;93;1273;1274;11.65;0.71;148.63;3.93;658;5;404.00;1
618;6;627317307;618;93;1275;1276;11.74;0.72;148.85;3.93;657;6;405.00;1
623;6;627317328;623;95;1276;1276;11.88;0.72;149.78;3.93;653;6;406.00;0
625;6;627317338;625;93;1276;1276;11.96;0.73;150.44;3.93;651;6;407.00;0
628;6;627317349;628;94;1280;1280;12.02;0.73;151.11;3.91;652;6;408.00;0
630;6;627317365;630;92;1280;1280;12.08;0.73;151.68;3.91;650;6;409.00;0
632;6;627317375;632;97;1280;1280;12.12;0.74;152.25;3.91;648;6;410.00;0
635;6;627317386;635;99;1281;1281;12.15;0.74;152.99;3.91;646;6;411.00;0
636;6;627317396;636;102;1285;1285;12.17;0.74;153.32;3.90;649;6;412.00;0
641;6;627317406;641;104;1285;1285;12.17;0.74;154.17;3.90;644;6;413.00;0
643;6;627317416;643;100;1287;1288;12.27;0.75;154.35;3.90;644;6;414.00;1
647;6;627317427;647;100;1287;1288;12.32;0.75;154.96;3.90;640;6;415.00;1
653;7;627317437;653;99;1288;1288;12.40;0.75;155.17;3.90;635;7;416.00;0
655;7;627317454;655;98;1288;1288;12.46;0.76;155.60;3.90;633;7;417.00;0
657;7;627317474;657;98;1291;1292;12.50;0.76;156.14;3.89;634;7;418.00;1
660;7;627317491;660;93;1291;1292;12.55;0.76;156.39;3.89;631;7;419.00;1
663;8;627317503;663;98;1292;1292;12.60;0.77;157.04;3.89;629;8;420.00;0
665;8;627317529;665;97;1292;1292;12.67;0.77;157.40;3.89;627;8;421.00;0
667;8;627317539;667;97;1293;1293;12.73;0.78;157.83;3.89;626;8;422.00;0
672;8;627317554;672;95;1294;1294;12.78;0.78;158.48;3.88;622;8;423.00;0
676;8;627317563;676;93;1294;1294;12.79;0.78;158.75;3.88;618;8;424.00;0
681;8;627317572;681;91;1295;1295;12.78;0.78;159.64;3.88;614;8;425.00;0
682;8;627317582;682;92;1295;1295;12.81;0.78;159.87;3.88;613;8;426.00;0
684;8;627317591;684;94;1295;1295;12.80;0.78;159.74;3.88;611;8;427.00;0
689;8;627317601;689;92;1295;1295;12.88;0.78;159.55;3.88;606;8;428.00;0
692;8;627317615;692;96;1295;1295;12.89;0.78;159.82;3.88;603;8;429.00;0
693;8;627317625;693;96;1295;1295;12.88;0.78;159.84;3.88;602;8;430.00;0
695;8;627317634;695;95;1295;1295;12.90;0.78;160.18;3.88;600;8;431.00;0
699;8;627317643;699;127;1375;1422;12.17;0.75;160.80;3.66;676;8;432.00;47
701;8;627317662;701;114;1375;1423;12.17;0.75;160.91;3.66;674;8;433.00;48
708;8;627317672;708;103;1381;1423;12.26;0.75;161.67;3.65;673;8;434.00;42
711;8;627317685;711;102;1383;1423;12.31;0.75;161.57;3.65;672;8;435.00;40
713;8;627317699;713;103;1387;1423;12.36;0.76;161.70;3.65;674;8;436.00;36
720;8;627317723;720;105;1391;1423;12.37;0.76;162.20;3.65;671;8;437.00;32
720;8;627317740;720;108;1396;1423;12.41;0.76;162.20;3.66;676;8;438.00;27
724;8;627317754;724;106;1398;1423;12.49;0.77;162.88;3.67;674;8;439.00;25
726;8;627317768;726;110;1402;1424;12.52;0.77;163.05;3.68;676;8;440.00;22
729;8;627317794;729;109;1405;1425;12.53;0.77;163.46;3.69;676;8;441.00;20
731;8;627317805;731;108;1407;1425;12.51;0.77;163.57;3.70;676;8;442.00;18
737;8;627317816;737;111;1409;1426;12.49;0.77;163.40;3.71;672;8;443.00;17
739;8;627317827;739;113;1411;1426;12.48;0.77;163.28;3.72;672;8;444.00;15
740;8;627317841;740;109;1413;1426;12.47;0.77;163.63;3.73;673;8;445.00;13
741;8;627317852;741;109;1415;1426;12.46;0.77;163.72;3.74;674;8;446.00;11
745;8;627317863;745;105;1417;1430;12.47;0.77;163.67;3.75;672;8;447.00;13
749;8;627317875;749;110;1419;1430;12.42;0.76;164.08;3.76;670;8;448.00;11
754;8;627317885;754;106;1419;1430;12.39;0.76;163.99;3.76;665;8;449.00;11
756;8;627317906;756;111;1423;1436;12.37;0.76;164.11;3.76;667;8;450.00;13
759;8;627317917;759;116;1423;1436;12.36;0.76;164.27;3.76;664;8;451.00;13
764;8;627317926;764;116;1424;1436;12.33;0.75;163.78;3.78;660;8;452.00;12
765;8;627317946;765;113;1427;1440;12.37;0.75;163.97;3.77;662;8;453.00;13
768;8;627317957;768;117;1429;1441;12.45;0.76;164.41;3.77;661;8;454.00;12
770;8;627317969;770;119;1430;1441;12.50;0.76;164.32;3.77;660;8;455.00;11
773;8;627317979;773;120;1432;1445;12.57;0.76;164.33;3.77;659;8;456.00;13
776;8;627317990;776;123;1434;1445;12.52;0.76;164.30;3.79;658;8;457.00;11
777;8;627318000;777;127;1435;1445;12.47;0.76;164.59;3.79;658;8;458.00;10
780;8;627318010;780;129;1436;1446;12.48;0.76;164.53;3.79;656;8;459.00;10
781;8;627318021;781;136;1438;1446;12.35;0.75;164.63;3.81;657;8;460.00;8
786;9;627318031;786;136;1443;1452;12.22;0.74;165.02;3.81;657;9;461.00;9
787;9;627318058;787;139;1444;1452;12.06;0.73;165.03;3.83;657;9;462.00;8
790;9;627318070;790;143;1445;1453;11.88;0.72;165.06;3.82;655;9;463.00;8
793;9;627318081;793;143;1445;1453;11.65;0.71;165.20;3.82;652;9;464.00;8
795;9;627318094;795;146;1446;1453;11.54;0.70;165.37;3.85;651;9;465.00;7
795;10;627318105;795;143;1446;1453;11.48;0.70;165.37;3.85;651;10;466.00;7
798;10;627318131;798;150;1446;1453;11.42;0.69;165.46;3.85;648;10;467.00;7
800;10;627318154;800;158;1456;1465;11.44;0.70;165.35;3.83;656;10;468.00;9
801;10;627318167;801;159;1456;1465;11.37;0.69;165.28;3.83;655;10;469.00;9
803;10;627318191;803;164;1460;1465;11.32;0.69;165.22;3.86;657;10;470.00;5
805;10;627318202;805;169;1460;1465;11.23;0.68;165.35;3.86;655;10;471.00;5
806;10;627318213;806;170;1460;1465;11.18;0.68;165.20;3.86;654;10;472.00;5
809;10;627318225;809;177;1462;1465;11.03;0.67;165.26;3.88;653;10;473.00;3
811;10;627318235;811;183;1465;1469;10.89;0.66;165.13;3.88;654;10;474.00;4
814;10;627318247;814;190;1466;1469;10.80;0.66;165.21;3.89;652;10;475.00;3
818;10;627318259;818;197;1470;1473;10.77;0.65;165.56;3.89;652;10;476.00;3
819;10;627318281;819;205;1472;1474;10.74;0.65;165.61;3.89;653;10;477.00;2
821;10;627318291;821;208;1474;1474;10.67;0.65;165.62;3.89;653;10;478.00;0
823;10;627318302;823;213;1474;1474;10.52;0.64;165.37;3.89;651;10;479.00;0
824;10;627318313;824;219;1494;1500;10.27;0.63;165.32;3.84;670;10;480.00;6
825;10;627318323;825;219;1495;1500;10.14;0.62;165.51;3.83;670;10;481.00;5
828;10;627318333;828;223;1498;1500;10.02;0.61;165.72;3.83;670;10;482.00;2
830;10;627318342;830;228;1499;1501;9.91;0.61;165.81;3.83;669;10;483.00;2
833;10;627318351;833;237;1501;1502;9.82;0.60;165.91;3.83;668;10;484.00;1
835;10;627318360;835;240;1502;1502;9.64;0.59;165.94;3.83;667;10;485.00;0
836;10;627318369;836;246;1504;1505;9.40;0.57;166.14;3.82;668;10;486.00;1
837;10;627318388;837;248;1505;1505;9.18;0.56;166.01;3.82;668;10;487.00;0
840;10;627318397;840;257;1505;1505;8.91;0.55;166.01;3.82;665;10;488.00;0
841;10;627318405;841;258;1505;1505;8.74;0.54;165.88;3.82;664;10;489.00;0
844;10;627318415;844;260;1510;1511;8.66;0.53;165.73;3.81;666;10;490.00;1
845;10;627318424;845;263;1510;1511;8.60;0.53;165.63;3.81;665;10;491.00;1
846;10;627318433;846;264;1511;1511;8.50;0.52;165.50;3.81;665;10;492.00;0
846;10;627318442;846;263;1511;1511;8.46;0.52;165.50;3.81;665;10;493.00;0
848;10;627318450;848;268;1515;1515;8.37;0.52;165.47;3.80;667;10;494.00;0
851;10;627318459;851;270;1517;1517;8.31;0.51;165.28;3.80;666;10;495.00;0
854;10;627318469;854;269;1517;1517;8.24;0.51;165.12;3.80;663;10;496.00;0
855;10;627318478;855;273;1518;1518;8.18;0.51;164.98;3.80;663;10;497.00;0
859;10;627318487;859;271;1518;1518;8.07;0.50;164.70;3.80;659;10;498.00;0
862;10;627318495;862;271;1518;1518;8.05;0.50;164.55;3.80;656;10;499.00;0
863;10;627318505;863;275;1518;1518;8.02;0.50;164.50;3.80;655;10;500.00;0
867;10;627318519;867;277;1518;1518;7.91;0.49;164.61;3.80;651;10;501.00;0
875;10;627318527;875;276;1518;1518;7.70;0.47;164.43;3.80;643;10;502.00;0
877;10;627318536;877;281;1518;1518;7.61;0.47;164.45;3.80;641;10;503.00;0
884;10;627318543;884;287;1557;1588;7.68;0.47;165.01;3.70;673;10;504.00;31
885;10;627318558;885;280;1558;1589;7.55;0.46;164.91;3.70;673;10;505.00;31
890;10;627318566;890;277;1570;1589;7.49;0.46;165.88;3.69;680;10;506.00;19
894;10;627318575;894;280;1574;1589;7.36;0.45;166.03;3.69;680;10;507.00;15
897;10;627318582;897;285;1580;1589;7.24;0.45;166.55;3.69;683;10;508.00;9
900;10;627318590;900;286;1581;1589;7.03;0.43;166.98;3.69;681;10;509.00;8
902;10;627318600;902;286;1585;1589;6.93;0.43;167.05;3.69;683;10;510.00;4
907;10;627318608;907;282;1586;1589;6.78;0.42;167.82;3.70;679;10;511.00;3
911;10;627318616;911;283;1589;1590;6.71;0.41;167.89;3.70;678;10;512.00;1
914;10;627318623;914;278;1590;1591;6.68;0.41;168.38;3.70;676;10;513.00;1
916;10;627318631;916;278;1591;1591;6.66;0.41;168.87;3.70;675;10;514.00;0
920;10;627318639;920;282;1595;1595;6.64;0.41;169.09;3.69;675;10;515.00;0
922;10;627318647;922;289;1595;1595;6.68;0.41;169.31;3.69;673;10;516.00;0
925;10;627318655;925;281;1595;1595;6.69;0.41;170.17;3.69;670;10;517.00;0
929;10;627318663;929;274;1595;1595;6.73;0.41;170.22;3.69;666;10;518.00;0
931;10;627318671;931;274;1600;1601;6.86;0.42;170.76;3.69;669;10;519.00;1
933;10;627318679;933;274;1601;1601;7.00;0.43;170.88;3.68;668;10;520.00;0
935;10;627318688;935;273;1601;1601;7.08;0.44;171.25;3.68;666;10;521.00;0
938;10;627318696;938;269;1604;1604;7.21;0.44;171.62;3.68;666;10;522.00;0
940;10;627318705;940;252;1604;1604;7.29;0.45;171.91;3.68;664;10;523.00;0
945;10;627318713;945;246;1604;1604;7.34;0.45;172.52;3.68;659;10;524.00;0
949;10;627318722;949;242;1605;1605;7.44;0.46;172.57;3.68;656;10;525.00;0
954;10;627318731;954;235;1606;1606;7.59;0.46;172.81;3.67;652;10;526.00;0
957;10;627318739;957;223;1606;1606;7.72;0.47;172.85;3.67;649;10;527.00;0
961;11;627318747;961;219;1619;1619;7.94;0.48;173.06;3.64;658;11;528.00;0
962;11;627318768;962;211;1619;1619;8.12;0.50;173.35;3.64;657;11;529.00;0
964;11;627318783;964;204;1619;1619;8.28;0.50;173.49;3.64;655;11;530.00;0
969;11;627318792;969;198;1620;1620;8.36;0.51;174.00;3.64;651;11;531.00;0
971;11;627318800;971;197;1620;1620;8.46;0.52;173.77;3.64;649;11;532.00;0
976;11;627318809;976;197;1623;1624;8.55;0.52;173.91;3.64;647;11;533.00;1
981;11;627318820;981;198;1623;1624;8.58;0.52;174.24;3.64;642;11;534.00;1
984;11;627318829;984;197;1628;1628;8.59;0.52;174.07;3.63;644;11;535.00;0
989;11;627318838;989;193;1628;1628;8.53;0.52;174.64;3.63;639;11;536.00;0
995;11;627318848;995;193;1628;1628;8.49;0.52;174.78;3.63;633;11;537.00;0
997;11;627318857;997;192;1628;1628;8.52;0.52;174.86;3.63;631;11;538.00;0
999;11;627318865;999;199;1628;1628;8.57;0.52;174.96;3.63;629;11;539.00;0
1001;11;627318876;1001;206;1657;1662;8.65;0.53;175.11;3.57;656;11;540.00;5
1003;11;627318887;1003;199;1657;1662;8.69;0.53;175.08;3.57;654;11;541.00;5
1005;11;627318896;1005;193;1659;1662;8.86;0.54;174.96;3.57;654;11;542.00;3
1005;11;627318905;1005;191;1659;1662;8.92;0.55;174.96;3.57;654;11;543.00;3
1007;11;627318913;1007;186;1660;1662;8.98;0.55;175.21;3.57;653;11;544.00;2
1011;11;627318922;1011;188;1660;1662;8.94;0.55;175.17;3.57;649;11;545.00;2
1016;11;627318931;1016;188;1662;1663;8.97;0.55;175.14;3.57;646;11;546.00;1
1019;11;627318940;1019;189;1662;1663;8.98;0.55;175.16;3.57;643;11;547.00;1
1020;11;627318950;1020;191;1667;1669;9.05;0.55;175.10;3.56;647;11;548.00;2
1024;11;627318959;1024;196;1668;1670;9.06;0.55;175.26;3.56;644;11;549.00;2
1025;11;627318968;1025;201;1669;1670;9.12;0.56;175.30;3.56;644;11;550.00;1
1026;11;627318977;1026;195;1669;1670;9.16;0.56;175.29;3.56;643;11;551.00;1
1028;11;627318986;1028;197;1674;1674;9.27;0.57;175.18;3.55;646;11;552.00;0
1031;11;627318995;1031;200;1674;1674;9.28;0.57;175.44;3.55;643;11;553.00;0
1033;12;627319005;1033;198;1674;1674;9.29;0.57;175.76;3.55;641;12;554.00;0
1036;12;627319029;1036;201;1675;1675;9.33;0.57;176.14;3.55;639;12;555.00;0
1040;12;627319044;1040;200;1679;1679;9.35;0.57;176.37;3.54;639;12;556.00;0
1043;12;627319060;1043;188;1679;1679;9.33;0.57;176.69;3.54;636;12;557.00;0
1045;12;627319069;1045;180;1681;1682;9.52;0.58;176.89;3.54;636;12;558.00;1
1046;12;627319079;1046;179;1681;1682;9.63;0.59;177.16;3.54;635;12;559.00;1
1048;12;627319089;1048;176;1682;1682;9.80;0.60;177.30;3.54;634;12;560.00;0
1052;12;627319098;1052;171;1682;1682;9.95;0.61;177.35;3.54;630;12;561.00;0
1056;12;627319108;1056;175;1685;1686;10.10;0.61;178.05;3.53;629;12;562.00;1
1059;12;627319118;1059;176;1685;1686;10.15;0.62;178.60;3.53;626;12;563.00;1
1060;12;627319128;1060;174;1686;1686;10.30;0.63;178.55;3.53;626;12;564.00;0
1061;12;627319138;1061;171;1686;1686;10.36;0.63;178.81;3.53;625;12;565.00;0
1064;12;627319148;1064;156;1687;1687;10.45;0.64;179.36;3.53;623;12;566.00;0
1065;12;627319158;1065;142;1688;1688;10.60;0.64;179.36;3.53;623;12;567.00;0
1070;12;627319168;1070;131;1688;1688;10.71;0.65;179.92;3.53;618;12;568.00;0
1073;12;627319178;1073;126;1689;1689;10.86;0.66;180.24;3.53;616;12;569.00;0
1074;12;627319191;1074;119;1689;1689;11.09;0.68;180.27;3.53;615;12;570.00;0
1078;12;627319201;1078;117;1689;1689;11.23;0.68;180.77;3.53;611;12;571.00;0
1083;12;627319213;1083;109;1689;1689;11.32;0.69;181.05;3.53;606;12;572.00;0
1086;12;627319225;1086;101;1689;1689;11.48;0.70;181.34;3.53;603;12;573.00;0
1088;12;627319236;1088;96;1689;1689;11.70;0.71;181.31;3.53;601;12;574.00;0
1091;12;627319247;1091;90;1689;1689;11.87;0.72;181.64;3.53;598;12;575.00;0
1094;12;627319258;1094;118;1770;1816;11.51;0.71;182.00;3.37;676;12;576.00;46
1096;13;627319282;1096;106;1773;1817;11.61;0.71;182.17;3.37;677;13;577.00;44
1101;13;627319305;1101;94;1780;1817;11.79;0.72;182.63;3.36;679;13;578.00;37
1105;13;627319316;1105;91;1782;1817;11.87;0.73;182.82;3.36;677;13;579.00;35
1108;13;627319327;1108;89;1787;1817;11.96;0.73;183.04;3.36;679;13;580.00;30
1110;13;627319337;1110;83;1790;1817;11.95;0.73;183.42;3.36;680;13;581.00;27
1112;13;627319348;1112;87;1795;1817;11.93;0.73;183.62;3.37;683;13;582.00;22
1113;13;627319364;1113;87;1796;1817;11.92;0.73;183.78;3.37;683;13;583.00;21
1117;13;627319375;1117;94;1800;1818;11.89;0.73;184.04;3.38;683;13;584.00;18
1121;13;627319385;1121;102;1805;1820;11.91;0.73;183.96;3.39;684;13;585.00;15
1125;13;627319395;1125;101;1808;1820;11.92;0.73;184.19;3.41;683;13;586.00;12
1128;13;627319406;1128;106;1811;1821;11.95;0.73;184.50;3.41;683;13;587.00;10
1131;13;627319417;1131;113;1813;1821;12.04;0.74;184.45;3.42;682;13;588.00;8
1135;13;627319427;1135;114;1814;1821;12.08;0.74;184.85;3.42;679;13;589.00;7
1137;13;627319437;1137;116;1816;1821;12.14;0.74;185.29;3.44;679;13;590.00;5
1138;13;627319447;1138;120;1818;1825;12.21;0.75;185.38;3.43;680;13;591.00;7
1140;13;627319470;1140;124;1821;1825;12.27;0.75;185.63;3.45;681;13;592.00;4
1144;13;627319480;1144;125;1821;1825;12.35;0.76;185.84;3.45;677;13;593.00;4
1145;14;627319491;1145;126;1824;1828;12.46;0.76;185.94;3.45;679;14;594.00;4
1150;14;627319509;1150;122;1824;1828;12.45;0.76;186.23;3.45;674;14;595.00;4
1154;14;627319524;1154;128;1825;1828;12.47;0.76;185.96;3.45;671;14;596.00;3
1155;14;627319534;1155;130;1829;1832;12.41;0.76;186.19;3.45;674;14;597.00;3
1158;14;627319545;1158;129;1831;1833;12.38;0.76;186.37;3.45;673;14;598.00;2
1161;14;627319555;1161;130;1831;1833;12.42;0.76;186.57;3.45;670;14;599.00;2
1162;14;627319568;1162;137;1842;1859;12.41;0.76;186.61;3.43;680;14;600.00;17
1169;14;627319586;1169;136;1844;1859;12.43;0.76;186.60;3.43;675;14;601.00;15
1172;14;627319597;1172;138;1845;1859;12.48;0.76;186.50;3.43;673;14;602.00;14
1173;14;627319607;1173;134;1846;1860;12.51;0.76;186.54;3.43;673;14;603.00;14
1178;14;627319623;1178;136;1847;1860;12.49;0.76;187.08;3.43;669;14;604.00;13
1182;14;627319639;1182;134;1850;1866;12.49;0.76;187.63;3.42;668;14;605.00;16
1185;14;627319650;1185;135;1850;1866;12.51;0.76;187.96;3.42;665;14;606.00;16
1189;14;627319659;1189;138;1853;1867;12.54;0.76;188.14;3.43;664;14;607.00;14
1192;15;627319669;1192;135;1853;1867;12.47;0.76;188.20;3.43;661;15;608.00;14
1196;15;627319704;1196;135;1854;1867;12.45;0.75;188.29;3.43;658;15;609.00;13
1199;15;627319720;1199;132;1855;1867;12.40;0.75;188.37;3.43;656;15;610.00;12
1204;15;627319752;1204;131;1855;1867;12.28;0.74;188.51;3.43;651;15;611.00;12
1205;15;627319779;1205;127;1867;1879;12.25;0.74;188.75;3.42;662;15;612.00;12
1210;15;627319794;1210;121;1867;1879;12.30;0.74;188.72;3.42;657;15;613.00;12
1214;15;627319817;1214;118;1867;1879;12.32;0.74;188.88;3.42;653;15;614.00;12
1215;15;627319828;1215;114;1869;1879;12.35;0.75;188.82;3.43;654;15;615.00;10
1216;15;627319838;1216;111;1869;1879;12.43;0.75;188.98;3.43;653;15;616.00;10
1221;15;627319849;1221;108;1870;1879;12.46;0.75;189.09;3.44;649;15;617.00;9
1224;15;627319859;1224;97;1873;1883;12.56;0.76;189.13;3.43;649;15;618.00;10
1225;15;627319870;1225;93;1873;1883;12.64;0.76;189.17;3.43;648;15;619.00;10
1229;15;627319880;1229;91;1876;1887;12.78;0.77;189.40;3.43;647;15;620.00;11
1229;15;627319891;1229;89;1878;1888;12.94;0.78;189.40;3.43;649;15;621.00;10
1231;15;627319902;1231;86;1878;1888;12.95;0.78;189.25;3.43;647;15;622.00;10
1233;15;627319920;1233;91;1879;1888;12.99;0.78;189.44;3.44;646;15;623.00;9
1234;15;627319931;1234;92;1887;1901;12.92;0.78;189.33;3.42;653;15;624.00;14
1238;15;627319942;1238;93;1887;1901;12.84;0.78;189.36;3.42;649;15;625.00;14
1238;15;627319952;1238;93;1887;1901;12.81;0.78;189.36;3.42;649;15;626.00;14
1239;16;627319961;1239;97;1889;1902;12.77;0.77;189.25;3.45;650;16;627.00;13
1242;16;627319984;1242;100;1889;1903;12.68;0.77;189.30;3.45;647;16;628.00;14
1243;16;627320000;1243;106;1891;1903;12.61;0.76;189.49;3.47;648;16;629.00;12
1246;16;627320012;1246;114;1894;1909;12.54;0.76;189.49;3.46;648;16;630.00;15
1248;16;627320022;1248;115;1897;1909;12.41;0.75;189.33;3.48;649;16;631.00;12
1250;16;627320032;1250;119;1898;1909;12.36;0.75;189.15;3.48;648;16;632.00;11
1251;16;627320043;1251;121;1898;1909;12.29;0.75;189.16;3.48;647;16;633.00;11
1252;16;627320052;1252;121;1902;1915;12.30;0.75;189.20;3.47;650;16;634.00;13
1254;16;627320063;1254;126;1902;1915;12.19;0.74;189.02;3.47;648;16;635.00;13
1257;16;627320074;1257;128;1903;1915;12.10;0.74;189.05;3.47;646;16;636.00;12
1258;16;627320084;1258;133;1904;1915;11.97;0.73;188.95;3.49;646;16;637.00;11
1260;16;627320094;1260;135;1908;1919;11.82;0.72;189.03;3.49;648;16;638.00;11
1264;16;627320104;1264;141;1909;1920;11.65;0.71;189.18;3.48;645;16;639.00;11
1264;16;627320121;1264;145;1911;1920;11.50;0.70;189.18;3.50;647;16;640.00;9
1265;16;627320131;1265;155;1912;1921;11.39;0.69;189.16;3.50;647;16;641.00;9
1267;16;627320140;1267;162;1913;1921;11.31;0.69;189.10;3.51;646;16;642.00;8
1268;16;627320149;1268;173;1915;1921;11.17;0.68;189.10;3.54;647;16;643.00;6
1269;16;627320158;1269;179;1915;1921;11.04;0.67;189.17;3.54;646;16;644.00;6
1272;16;627320167;1272;183;1916;1921;10.82;0.66;189.00;3.55;644;16;645.00;5
1275;16;627320176;1275;185;1917;1921;10.65;0.65;189.04;3.55;642;16;646.00;4
1277;16;627320185;1277;195;1918;1921;10.49;0.64;189.08;3.56;641;16;647.00;3
1280;16;627320193;1280;208;1955;1991;10.35;0.63;189.16;3.49;675;16;648.00;36
1284;16;627320208;1284;208;1959;1992;10.07;0.62;188.85;3.52;675;16;649.00;33
1284;16;627320218;1284;212;1967;1992;10.01;0.61;188.85;3.52;683;16;650.00;25
1285;16;627320226;1285;214;1974;1992;9.87;0.61;188.79;3.53;689;16;651.00;18
1288;16;627320235;1288;219;1978;1992;9.75;0.60;188.85;3.53;690;16;652.00;14
1288;16;627320244;1288;224;1982;1992;9.70;0.60;188.85;3.53;694;16;653.00;10
1290;16;627320252;1290;231;1988;1992;9.58;0.59;188.74;3.54;698;16;654.00;4
1292;16;627320260;1292;241;1990;1992;9.44;0.58;188.57;3.54;698;16;655.00;2
1294;16;627320269;1294;245;1992;1993;9.26;0.57;188.42;3.54;698;16;656.00;1
1295;16;627320277;1295;247;1993;1994;9.02;0.55;188.34;3.54;698;16;657.00;1
1298;16;627320286;1298;258;1994;1994;8.82;0.54;188.27;3.54;696;16;658.00;0
1299;16;627320294;1299;261;1998;1998;8.58;0.53;188.14;3.54;699;16;659.00;0
1300;16;627320304;1300;260;1998;1998;8.46;0.52;188.22;3.54;698;16;660.00;0
1301;16;627320313;1301;263;1998;1998;8.36;0.52;188.31;3.54;697;16;661.00;0
1303;16;627320329;1303;271;1998;1998;8.26;0.51;188.31;3.54;695;16;662.00;0
1304;16;627320338;1304;270;2003;2004;8.25;0.51;188.23;3.53;699;16;663.00;1
1308;16;627320348;1308;272;2004;2004;8.19;0.50;188.05;3.53;696;16;664.00;0
1308;16;627320357;1308;275;2004;2004;8.13;0.50;188.05;3.53;696;16;665.00;0
1310;16;627320367;1310;281;2007;2007;8.16;0.50;187.96;3.53;697;16;666.00;0
1311;16;627320379;1311;283;2007;2007;8.10;0.50;187.89;3.53;696;16;667.00;0
1311;16;627320390;1311;280;2007;2007;8.03;0.49;187.89;3.53;696;16;668.00;0
1313;16;627320398;1313;279;2008;2008;7.96;0.49;187.85;3.52;695;16;669.00;0
1318;16;627320408;1318;281;2009;2009;7.86;0.48;187.80;3.52;691;16;670.00;0
1321;16;627320416;1321;282;2009;2009;7.73;0.47;187.97;3.52;688;16;671.00;0
1322;16;627320424;1322;285;2022;2022;7.67;0.47;187.99;3.50;700;16;672.00;0
1325;16;627320433;1325;292;2022;2022;7.58;0.47;187.94;3.50;697;16;673.00;0
1329;17;627320441;1329;291;2022;2022;7.42;0.45;187.67;3.50;693;17;674.00;0
1333;17;627320466;1333;282;2024;2024;7.38;0.45;188.08;3.50;691;17;675.00;0
1338;17;627320481;1338;274;2024;2024;7.37;0.45;188.21;3.50;686;17;676.00;0
1341;17;627320491;1341;263;2027;2028;7.39;0.45;188.54;3.49;686;17;677.00;1
1343;17;627320500;1343;257;2028;2028;7.38;0.45;188.85;3.49;685;17;678.00;0
1345;17;627320508;1345;252;2032;2032;7.40;0.45;188.96;3.49;687;17;679.00;0
1348;18;627320517;1348;236;2032;2032;7.45;0.46;189.33;3.49;684;18;680.00;0
1351;18;627320538;1351;224;2032;2032;7.53;0.46;189.32;3.49;681;18;681.00;0
1355;18;627320549;1355;215;2032;2032;7.65;0.47;189.52;3.49;677;18;682.00;0
1356;18;627320558;1356;206;2032;2032;7.79;0.48;189.62;3.49;676;18;683.00;0
1360;18;627320567;1360;203;2043;2044;7.95;0.49;189.97;3.47;683;18;684.00;1
1365;18;627320584;1365;199;2044;2044;8.09;0.50;189.69;3.47;679;18;685.00;0
1368;18;627320593;1368;194;2044;2044;8.14;0.50;189.98;3.47;676;18;686.00;0
1371;18;627320602;1371;184;2044;2044;8.24;0.51;190.39;3.47;673;18;687.00;0
1374;18;627320611;1374;179;2044;2044;8.37;0.51;190.57;3.47;670;18;688.00;0
1377;18;627320620;1377;173;2044;2044;8.54;0.52;190.82;3.47;667;18;689.00;0
1378;18;627320631;1378;161;2045;2045;8.74;0.54;190.98;3.47;667;18;690.00;0
1381;18;627320640;1381;155;2045;2045;8.94;0.55;191.25;3.47;664;18;691.00;0
1382;18;627320658;1382;152;2050;2051;9.14;0.56;191.40;3.46;668;18;692.00;1
1386;18;627320668;1386;152;2052;2052;9.23;0.56;191.50;3.46;666;18;693.00;0
1389;18;627320678;1389;152;2052;2052;9.31;0.57;191.76;3.46;663;18;694.00;0
1391;18;627320690;1391;148;2052;2052;9.34;0.57;191.91;3.46;661;18;695.00;0
1395;18;627320700;1395;144;2056;2056;9.37;0.57;192.18;3.45;661;18;696.00;0
1399;18;627320711;1399;144;2056;2056;9.40;0.58;192.14;3.45;657;18;697.00;0
1403;18;627320721;1403;144;2056;2056;9.51;0.58;192.34;3.45;653;18;698.00;0
1410;18;627320731;1410;149;2057;2057;9.53;0.58;192.14;3.45;647;18;699.00;0
1416;18;627320742;1416;144;2061;2061;9.58;0.58;192.12;3.45;645;18;700.00;0
1422;18;627320754;1422;144;2061;2061;9.65;0.59;192.20;3.45;639;18;701.00;0
1430;18;627320764;1430;138;2063;2064;9.61;0.59;192.36;3.44;633;18;702.00;1
1436;18;627320774;1436;132;2063;2064;9.58;0.58;192.45;3.44;627;18;703.00;1
1443;18;627320784;1443;128;2064;2064;9.62;0.58;192.45;3.44;621;18;704.00;0
1450;18;627320793;1450;126;2064;2064;9.53;0.58;192.65;3.44;614;18;705.00;0
1453;18;627320807;1453;127;2067;2068;9.56;0.58;192.90;3.44;614;18;706.00;1
1458;18;627320818;1458;123;2067;2068;9.56;0.58;193.00;3.44;609;18;707.00;1
1461;18;627320828;1461;124;2068;2068;9.58;0.58;193.25;3.44;607;18;708.00;0
1467;18;627320838;1467;122;2068;2068;9.58;0.58;193.25;3.44;601;18;709.00;0
1473;18;627320848;1473;128;2069;2069;9.46;0.57;193.55;3.44;596;18;710.00;0
1478;18;627320859;1478;132;2070;2070;9.44;0.57;193.62;3.44;592;18;711.00;0
1482;18;627320869;1482;131;2070;2070;9.40;0.57;193.75;3.44;588;18;712.00;0
1484;18;627320879;1484;139;2071;2071;9.45;0.57;194.07;3.43;587;18;713.00;0
1487;18;627320889;1487;138;2071;2071;9.52;0.58;194.37;3.43;584;18;714.00;0
1492;18;627320899;1492;137;2071;2071;9.55;0.58;194.80;3.43;579;18;715.00;0
1492;18;627320909;1492;137;2071;2071;9.66;0.59;194.80;3.43;579;18;716.00;0
1496;18;627320918;1496;138;2071;2071;9.73;0.59;195.07;3.43;575;18;717.00;0
1498;18;627320929;1498;141;2071;2071;9.78;0.59;195.41;3.43;573;18;718.00;0
1500;18;627320939;1500;139;2071;2071;9.88;0.60;195.55;3.43;571;18;719.00;0
1504;18;627320954;1504;183;2199;2301;9.75;0.61;195.86;3.24;695;18;720.00;102
1507;18;627320990;1507;180;2209;2302;9.78;0.61;196.10;3.23;702;18;721.00;93
1511;18;627321000;1511;162;2221;2302;9.92;0.62;196.16;3.22;710;18;722.00;81
1512;18;627321011;1512;165;2228;2302;9.95;0.62;196.31;3.22;716;18;723.00;74
1516;18;627321021;1516;162;2233;2302;9.96;0.62;196.54;3.22;717;18;724.00;69
1519;18;627321032;1519;161;2241;2302;9.94;0.62;196.80;3.23;722;18;725.00;61
1523;18;627321043;1523;164;2246;2302;9.88;0.61;196.81;3.23;723;18;726.00;56
1524;19;627321053;1524;160;2253;2302;9.76;0.61;196.92;3.24;729;19;727.00;49
1527;19;627321081;1527;155;2260;2303;9.76;0.60;197.18;3.26;733;19;728.00;43
1528;19;627321101;1528;154;2263;2304;9.80;0.61;197.31;3.27;735;19;729.00;41
1530;19;627321112;1530;151;2268;2304;9.84;0.61;197.44;3.28;738;19;730.00;36
1533;19;627321123;1533;156;2272;2305;9.76;0.60;197.65;3.29;739;19;731.00;33
1533;19;627321134;1533;156;2275;2305;9.81;0.61;197.65;3.30;742;19;732.00;30
1539;19;627321145;1539;159;2278;2305;9.76;0.60;197.84;3.31;739;19;733.00;27
1541;19;627321157;1541;165;2278;2305;9.78;0.60;198.08;3.31;737;19;734.00;27
1545;19;627321167;1545;173;2283;2309;9.74;0.60;198.03;3.33;738;19;735.00;26
1547;19;627321190;1547;162;2285;2309;9.79;0.60;198.37;3.34;738;19;736.00;24
1551;19;627321201;1551;161;2285;2309;9.89;0.61;198.44;3.34;734;19;737.00;24
1553;19;627321213;1553;161;2286;2312;10.05;0.62;198.30;3.33;733;19;738.00;26
1558;19;627321226;1558;156;2289;2312;10.16;0.63;198.35;3.36;731;19;739.00;23
1558;19;627321238;1558;152;2289;2312;10.41;0.64;198.35;3.36;731;19;740.00;23
1565;19;627321252;1565;153;2293;2316;10.47;0.64;198.46;3.35;728;19;741.00;23
1567;19;627321266;1567;153;2297;2317;10.67;0.66;198.38;3.37;730;19;742.00;20
1572;19;627321277;1572;152;2298;2317;10.86;0.67;198.71;3.38;726;19;743.00;19
1576;19;627321290;1576;151;2301;2321;11.07;0.68;198.84;3.37;725;19;744.00;20
1577;19;627321303;1577;150;2303;2321;11.21;0.69;199.00;3.39;726;19;745.00;18
1577;19;627321315;1577;151;2305;2321;11.32;0.69;199.00;3.39;728;19;746.00;16
1581;20;627321327;1581;152;2307;2322;11.32;0.69;199.52;3.40;726;20;747.00;15
1585;20;627321349;1585;144;2307;2322;11.41;0.70;199.64;3.40;722;20;748.00;15
1586;20;627321361;1586;145;2311;2328;11.41;0.70;199.64;3.40;725;20;749.00;17
1591;20;627321383;1591;143;2312;2328;11.39;0.70;199.90;3.40;721;20;750.00;16
1595;20;627321395;1595;145;2313;2329;11.41;0.70;200.21;3.40;718;20;751.00;16
1596;20;627321407;1596;146;2314;2329;11.49;0.70;200.34;3.41;718;20;752.00;15
1600;20;627321418;1600;150;2314;2329;11.53;0.70;200.64;3.41;714;20;753.00;15
1603;20;627321429;1603;150;2315;2329;11.56;0.70;200.79;3.42;712;20;754.00;14
1606;20;627321446;1606;153;2315;2329;11.56;0.70;200.98;3.42;709;20;755.00;14
1609;20;627321457;1609;154;2327;2341;11.61;0.71;201.21;3.40;718;20;756.00;14
1609;20;627321470;1609;156;2327;2341;11.72;0.71;201.21;3.40;718;20;757.00;14
1614;20;627321480;1614;157;2328;2341;11.78;0.72;201.34;3.40;714;20;758.00;13
1616;20;627321492;1616;159;2329;2341;11.78;0.72;201.50;3.40;713;20;759.00;12
1621;20;627321502;1621;157;2329;2341;11.84;0.72;201.60;3.40;708;20;760.00;12
1625;22;627321514;1625;157;2329;2341;11.88;0.72;201.76;3.40;704;22;761.00;12
1626;22;627321542;1626;157;2333;2345;11.84;0.72;201.90;3.40;707;22;762.00;12
1628;22;627321554;1628;156;2333;2345;11.85;0.72;202.14;3.40;705;22;763.00;12
1629;22;627321565;1629;158;2336;2349;11.84;0.72;202.12;3.40;707;22;764.00;13
1632;22;627321580;1632;157;2338;2351;11.87;0.72;202.28;3.39;706;22;765.00;13
1637;22;627321596;1637;162;2339;2351;11.91;0.72;202.12;3.39;702;22;766.00;12
1642;22;627321606;1642;163;2339;2351;11.93;0.73;202.28;3.39;697;22;767.00;12
1645;22;627321617;1645;168;2350;2364;11.94;0.73;202.30;3.38;705;22;768.00;14
1647;22;627321628;1647;165;2350;2364;11.91;0.72;202.41;3.38;703;22;769.00;14
1649;22;627321640;1649;161;2352;2364;11.93;0.73;202.39;3.40;703;22;770.00;12
1652;22;627321652;1652;161;2353;2365;11.94;0.73;202.57;3.40;701;22;771.00;12
1653;22;627321664;1653;162;2353;2366;11.94;0.73;202.52;3.40;700;22;772.00;13
1657;22;627321683;1657;157;2353;2366;11.91;0.73;202.40;3.40;696;22;773.00;13
1661;22;627321701;1661;160;2355;2369;11.94;0.73;202.29;3.39;694;22;774.00;14
1662;23;627321717;1662;156;2355;2369;11.96;0.73;202.27;3.39;693;23;775.00;14
1667;23;627321759;1667;154;2356;2369;11.92;0.73;202.52;3.39;689;23;776.00;13
1673;23;627321774;1673;158;2356;2369;11.88;0.72;202.80;3.39;683;23;777.00;13
1677;23;627321789;1677;158;2360;2375;11.83;0.72;202.96;3.39;683;23;778.00;15
1679;23;627321803;1679;156;2360;2375;11.82;0.72;202.84;3.39;681;23;779.00;15
1681;23;627321816;1681;155;2361;2375;11.83;0.72;202.86;3.39;680;23;780.00;14
1683;23;627321827;1683;150;2361;2375;11.79;0.71;202.86;3.39;678;23;781.00;14
1686;23;627321838;1686;144;2364;2379;11.69;0.71;202.91;3.39;678;23;782.00;15
1689;23;627321849;1689;139;2365;2380;11.76;0.71;202.79;3.38;676;23;783.00;15
1693;23;627321860;1693;134;2365;2380;11.77;0.71;202.76;3.38;672;23;784.00;15
1694;23;627321877;1694;134;2368;2381;11.82;0.72;202.91;3.39;674;23;785.00;13
1697;23;627321888;1697;130;2369;2381;11.81;0.72;202.75;3.42;672;23;786.00;12
1700;23;627321899;1700;125;2369;2381;11.82;0.72;203.09;3.42;669;23;787.00;12
1702;23;627321910;1702;123;2369;2381;11.83;0.72;203.08;3.42;667;23;788.00;12
1705;23;627321920;1705;120;2369;2381;11.85;0.72;202.95;3.42;664;23;789.00;12
1706;23;627321931;1706;116;2369;2381;11.89;0.72;202.87;3.42;663;23;790.00;12
1708;23;627321941;1708;118;2369;2381;11.94;0.73;202.72;3.42;661;23;791.00;12
1710;23;627321952;1710;124;2400;2451;11.99;0.73;202.63;3.37;690;23;792.00;51
1712;23;627321970;1712;120;2400;2452;12.06;0.73;202.62;3.37;688;23;793.00;52
1717;23;627321980;1717;119;2409;2452;12.06;0.73;202.45;3.40;692;23;794.00;43
1717;23;627321992;1717;119;2411;2452;12.02;0.73;202.45;3.40;694;23;795.00;41
1720;23;627322002;1720;120;2416;2452;12.00;0.73;202.44;3.40;696;23;796.00;36
1721;23;627322013;1721;125;2422;2452;11.94;0.73;202.38;3.46;701;23;797.00;30
1722;23;627322023;1722;128;2426;2452;11.90;0.72;202.35;3.46;704;23;798.00;26
1723;23;627322040;1723;137;2429;2452;11.84;0.72;202.28;3.50;706;23;799.00;23
1724;23;627322057;1724;141;2432;2453;11.76;0.72;202.31;3.50;708;23;800.00;21
1725;23;627322072;1725;143;2435;2454;11.67;0.71;202.23;3.50;710;23;801.00;19
1727;23;627322083;1727;149;2437;2454;11.54;0.70;202.37;3.54;710;23;802.00;17
1732;23;627322099;1732;151;2440;2458;11.38;0.69;202.12;3.54;708;23;803.00;18
1733;23;627322111;1733;158;2442;2458;11.23;0.68;202.04;3.54;709;23;804.00;16
1735;23;627322120;1735;163;2443;2458;11.06;0.67;201.90;3.58;708;23;805.00;15
1736;23;627322132;1736;168;2444;2458;10.86;0.66;201.80;3.58;708;23;806.00;14
1737;23;627322155;1737;175;2447;2464;10.79;0.66;201.82;3.58;710;23;807.00;17
1741;23;627322167;1741;185;2451;2464;10.69;0.65;201.63;3.62;710;23;808.00;13
1742;23;627322179;1742;195;2451;2464;10.61;0.65;201.61;3.62;709;23;809.00;13
1744;23;627322192;1744;204;2457;2470;10.48;0.64;201.46;3.63;713;23;810.00;13
1749;23;627322203;1749;212;2458;2470;10.30;0.63;201.23;3.66;709;23;811.00;12
1751;23;627322214;1751;216;2460;2470;10.23;0.62;201.26;3.67;709;23;812.00;10
1754;23;627322224;1754;231;2462;2471;10.05;0.61;201.03;3.67;708;23;813.00;9
1756;23;627322234;1756;234;2464;2472;9.84;0.60;201.04;3.70;708;23;814.00;8
1757;23;627322244;1757;236;2465;2472;9.67;0.59;201.08;3.71;708;23;815.00;7
1757;23;627322253;1757;244;2477;2485;9.53;0.59;201.08;3.75;720;23;816.00;8
1760;23;627322264;1760;254;2478;2485;9.40;0.58;201.00;3.76;718;23;817.00;7
1763;23;627322273;1763;260;2479;2485;9.21;0.57;200.74;3.77;716;23;818.00;6
1765;23;627322283;1765;267;2480;2486;9.15;0.56;200.68;3.77;715;23;819.00;6
1767;23;627322292;1767;274;2482;2486;9.01;0.56;200.52;3.78;715;23;820.00;4
1768;23;627322301;1768;282;2487;2490;8.96;0.55;200.51;3.78;719;23;821.00;3
1771;23;627322310;1771;288;2489;2490;8.85;0.55;200.68;3.79;718;23;822.00;1
1775;23;627322320;1775;295;2494;2494;8.71;0.54;200.54;3.78;719;23;823.00;0
1778;23;627322329;1778;299;2494;2494;8.55;0.53;200.60;3.78;716;23;824.00;0
1778;23;627322338;1778;304;2494;2494;8.42;0.52;200.60;3.78;716;23;825.00;0
1780;23;627322347;1780;310;2494;2494;8.25;0.51;200.60;3.78;714;23;826.00;0
1782;23;627322355;1782;306;2494;2494;8.07;0.50;200.68;3.78;712;23;827.00;0
1786;23;627322364;1786;301;2505;2506;7.97;0.49;200.51;3.76;719;23;828.00;1
1790;23;627322374;1790;293;2506;2506;7.90;0.49;200.63;3.76;716;23;829.00;0
1793;23;627322384;1793;289;2506;2506;7.83;0.48;200.51;3.76;713;23;830.00;0
1793;23;627322396;1793;280;2506;2506;7.81;0.48;200.51;3.76;713;23;831.00;0
1796;23;627322411;1796;276;2506;2506;7.85;0.48;200.51;3.76;710;23;832.00;0
1800;23;627322421;1800;269;2506;2506;7.98;0.49;200.44;3.76;706;23;833.00;0
1801;23;627322430;1801;258;2507;2507;8.10;0.50;200.42;3.76;706;23;834.00;0
1801;23;627322439;1801;252;2507;2507;8.20;0.50;200.42;3.76;706;23;835.00;0
1803;23;627322449;1803;244;2512;2513;8.35;0.51;200.36;3.76;709;23;836.00;1
1803;23;627322459;1803;237;2514;2514;8.49;0.52;200.36;3.75;711;23;837.00;0
1804;23;627322475;1804;238;2514;2514;8.52;0.52;200.30;3.75;710;23;838.00;0
1805;23;627322491;1805;234;2514;2514;8.52;0.52;200.20;3.75;709;23;839.00;0
1807;23;627322502;1807;238;2519;2519;8.59;0.52;200.10;3.75;712;23;840.00;0
1808;23;627322512;1808;239;2519;2519;8.61;0.52;200.07;3.75;711;23;841.00;0
1809;23;627322521;1809;242;2519;2519;8.61;0.52;200.02;3.75;710;23;842.00;0
1811;23;627322530;1811;245;2520;2520;8.56;0.52;200.14;3.75;709;23;843.00;0
1812;23;627322539;1812;242;2524;2524;8.54;0.52;200.13;3.74;712;23;844.00;0
1818;23;627322548;1818;245;2524;2524;8.50;0.52;200.29;3.74;706;23;845.00;0
1819;23;627322558;1819;244;2526;2527;8.45;0.52;200.41;3.74;707;23;846.00;1
1824;23;627322567;1824;239;2527;2527;8.37;0.51;200.20;3.74;703;23;847.00;0
1831;23;627322576;1831;239;2527;2527;8.20;0.50;200.23;3.74;696;23;848.00;0
1831;23;627322586;1831;241;2527;2527;8.07;0.50;200.23;3.74;696;23;849.00;0
1834;23;627322595;1834;232;2530;2531;8.07;0.49;200.09;3.73;696;23;850.00;1
1836;23;627322605;1836;223;2530;2531;8.14;0.50;200.09;3.73;694;23;851.00;1
1837;23;627322614;1837;220;2531;2531;8.27;0.51;200.07;3.73;694;23;852.00;0
1841;23;627322623;1841;217;2531;2531;8.30;0.51;200.05;3.73;690;23;853.00;0
1846;23;627322632;1846;213;2532;2532;8.30;0.51;200.20;3.73;686;23;854.00;0
1847;23;627322642;1847;207;2534;2534;8.44;0.52;200.21;3.73;687;23;855.00;0
1851;23;627322652;1851;203;2534;2534;8.53;0.53;200.42;3.73;683;23;856.00;0
1855;23;627322668;1855;191;2535;2535;8.65;0.53;200.49;3.73;680;23;857.00;0
1861;23;627322678;1861;185;2535;2535;8.75;0.54;200.45;3.73;674;23;858.00;0
1866;23;627322690;1866;177;2535;2535;8.85;0.54;200.74;3.73;669;23;859.00;0
1870;23;627322699;1870;164;2535;2535;9.00;0.55;200.64;3.73;665;23;860.00;0
1874;23;627322709;1874;158;2535;2535;9.12;0.56;200.91;3.73;661;23;861.00;0
1880;23;627322719;1880;152;2535;2535;9.22;0.56;201.08;3.73;655;23;862.00;0
1882;23;627322728;1882;150;2535;2535;9.31;0.57;201.17;3.73;653;23;863.00;0
1884;23;627322737;1884;152;2614;2662;9.50;0.59;201.20;3.62;730;23;864.00;48
1892;23;627322757;1892;152;2616;2663;9.49;0.59;201.29;3.61;724;23;865.00;47
1896;23;627322767;1896;145;2625;2663;9.63;0.59;201.40;3.61;729;23;866.00;38
1900;23;627322777;1900;142;2628;2663;9.68;0.60;201.44;3.61;728;23;867.00;35
1903;23;627322787;1903;139;2634;2663;9.71;0.60;201.42;3.61;731;23;868.00;29
1907;23;627322797;1907;135;2639;2663;9.71;0.60;201.34;3.61;732;23;869.00;24
1911;23;627322808;1911;138;2643;2663;9.65;0.59;201.57;3.62;732;23;870.00;20
1914;23;627322819;1914;137;2645;2663;9.54;0.59;201.83;3.62;731;23;871.00;18
1918;23;627322835;1918;143;2650;2664;9.44;0.58;201.90;3.63;732;23;872.00;14
1925;23;627322846;1925;147;2653;2665;9.37;0.58;202.00;3.63;728;23;873.00;12
1928;23;627322856;1928;155;2654;2665;9.31;0.57;202.14;3.63;726;23;874.00;11
1931;23;627322874;1931;163;2657;2666;9.32;0.57;202.41;3.64;726;23;875.00;9
1935;23;627322885;1935;171;2658;2666;9.33;0.57;202.90;3.64;723;23;876.00;8
1938;23;627322895;1938;176;2659;2666;9.39;0.58;202.96;3.64;721;23;877.00;7
1942;23;627322906;1942;174;2661;2666;9.44;0.58;203.03;3.65;719;23;878.00;5
1947;23;627322916;1947;177;2664;2670;9.41;0.58;203.09;3.65;717;23;879.00;6
1950;23;627322928;1950;181;2666;2670;9.47;0.58;203.37;3.66;716;23;880.00;4
1956;23;627322938;1956;183;2666;2670;9.48;0.58;203.50;3.66;710;23;881.00;4
1963;23;627322949;1963;189;2669;2673;9.52;0.58;203.42;3.66;706;23;882.00;4
1966;23;627322960;1966;187;2669;2673;9.60;0.59;203.38;3.66;703;23;883.00;4
1969;23;627322971;1969;192;2670;2673;9.69;0.59;203.40;3.66;701;23;884.00;3
1971;23;627322981;1971;188;2674;2677;9.78;0.60;203.28;3.66;703;23;885.00;3
1976;23;627322991;1976;187;2676;2678;9.79;0.60;203.68;3.66;700;23;886.00;2
1979;23;627323002;1979;194;2676;2678;9.82;0.60;203.73;3.66;697;23;887.00;2
1981;23;627323012;1981;193;2681;2682;9.88;0.60;203.91;3.65;700;23;888.00;1
1985;23;627323022;1985;199;2681;2682;9.92;0.61;204.09;3.65;696;23;889.00;1
1987;23;627323033;1987;200;2681;2682;10.00;0.61;204.17;3.65;694;23;890.00;1
1990;23;627323043;1990;206;2682;2683;10.04;0.61;204.42;3.65;692;23;891.00;1
1995;23;627323054;1995;209;2682;2683;10.08;0.61;204.75;3.65;687;23;892.00;1
1997;23;627323065;1997;209;2687;2689;10.11;0.62;204.89;3.65;690;23;893.00;2
2000;23;627323075;2000;210;2687;2689;10.16;0.62;204.97;3.65;687;23;894.00;2
2003;23;627323086;2003;206;2690;2690;10.11;0.62;205.17;3.66;687;23;895.00;0
2008;23;627323097;2008;206;2690;2690;10.04;0.61;205.33;3.66;682;23;896.00;0
2010;23;627323113;2010;200;2690;2690;10.03;0.61;205.30;3.66;680;23;897.00;0
2017;23;627323123;2017;191;2690;2690;10.00;0.61;205.57;3.66;673;23;898.00;0
2020;23;627323134;2020;184;2690;2690;10.04;0.61;205.67;3.66;670;23;899.00;0
2024;23;627323146;2024;189;2717;2736;9.90;0.61;206.12;3.62;693;23;900.00;19
2024;23;627323166;2024;180;2717;2736;9.99;0.61;206.12;3.62;693;23;901.00;19
2030;23;627323176;2030;181;2720;2736;10.03;0.62;206.16;3.62;690;23;902.00;16
2033;23;627323187;2033;179;2720;2736;10.04;0.62;206.35;3.62;687;23;903.00;16
2036;23;627323197;2036;175;2722;2736;10.11;0.62;206.35;3.62;686;23;904.00;14
2041;23;627323208;2041;170;2722;2736;10.11;0.62;206.76;3.62;681;23;905.00;14
2045;23;627323219;2045;155;2727;2740;10.11;0.62;206.71;3.62;682;23;906.00;13
2046;23;627323230;2046;143;2728;2740;10.22;0.62;206.67;3.62;682;23;907.00;12
2050;23;627323240;2050;135;2731;2744;10.33;0.63;206.80;3.62;681;23;908.00;13
2053;23;627323251;2053;126;2733;2745;10.40;0.63;206.71;3.62;680;23;909.00;12
2056;23;627323268;2056;123;2734;2745;10.47;0.64;206.92;3.62;678;23;910.00;11
2060;23;627323278;2060;119;2734;2745;10.51;0.64;207.16;3.62;674;23;911.00;11
2065;23;627323289;2065;118;2743;2758;10.61;0.65;207.14;3.61;678;23;912.00;15
2068;23;627323302;2068;121;2744;2758;10.60;0.65;207.43;3.61;676;23;913.00;14
2069;23;627323315;2069;116;2744;2758;10.63;0.65;207.43;3.61;675;23;914.00;14
2075;23;627323330;2075;120;2747;2759;10.66;0.65;207.84;3.62;672;23;915.00;12
2079;23;627323343;2079;120;2748;2760;10.68;0.65;207.86;3.62;669;23;916.00;12
2079;23;627323354;2079;121;2748;2760;10.77;0.66;207.86;3.62;669;23;917.00;12
2082;23;627323364;2082;119;2750;2763;10.86;0.66;207.96;3.62;668;23;918.00;13
2085;23;627323375;2085;123;2750;2763;10.90;0.67;208.12;3.62;665;23;919.00;13
2087;23;627323386;2087;121;2750;2763;10.88;0.66;208.04;3.62;663;23;920.00;13
2089;23;627323396;2089;121;2752;2763;10.93;0.67;208.16;3.63;663;23;921.00;11
2094;23;627323407;2094;120;2756;2769;10.94;0.67;208.32;3.62;662;23;922.00;13
2096;23;627323418;2096;118;2756;2769;11.05;0.67;208.38;3.62;660;23;923.00;13
2101;23;627323428;2101;115;2756;2769;11.10;0.68;208.32;3.62;655;23;924.00;13
2104;23;627323437;2104;117;2756;2769;11.20;0.68;208.49;3.62;652;23;925.00;13
2107;23;627323447;2107;117;2760;2773;11.17;0.68;208.43;3.62;653;23;926.00;13
2113;23;627323465;2113;126;2764;2774;11.20;0.68;208.70;3.64;651;23;927.00;10
2114;23;627323476;2114;128;2764;2774;11.27;0.69;208.70;3.64;650;23;928.00;10
2120;23;627323485;2120;132;2765;2775;11.28;0.69;208.70;3.64;645;23;929.00;10
2122;24;627323497;2122;132;2767;2775;11.32;0.69;208.66;3.65;645;24;930.00;8
2124;24;627323513;2124;139;2768;2775;11.28;0.69;208.62;3.66;644;24;931.00;7
2128;24;627323522;2128;142;2768;2775;11.22;0.68;208.76;3.66;640;24;932.00;7
2130;24;627323536;2130;146;2769;2775;11.26;0.68;208.83;3.66;639;24;933.00;6
2132;24;627323545;2132;149;2769;2775;11.28;0.69;208.96;3.66;637;24;934.00;6
2135;24;627323554;2135;149;2770;2775;11.32;0.69;209.07;3.67;635;24;935.00;5
2138;24;627323563;2138;165;2809;2845;11.02;0.67;208.96;3.62;671;24;936.00;36
2139;24;627323583;2139;155;2812;2846;10.98;0.67;209.09;3.63;673;24;937.00;34
2143;24;627323592;2143;153;2816;2846;11.02;0.67;209.30;3.63;673;24;938.00;30
2144;24;627323602;2144;154;2818;2846;11.09;0.68;209.24;3.62;674;24;939.00;28
2145;24;627323611;2145;157;2822;2846;11.18;0.68;209.24;3.63;677;24;940.00;24
2149;24;627323620;2149;158;2824;2846;11.24;0.68;209.39;3.63;675;24;941.00;22
2152;24;627323629;2152;162;2828;2846;11.30;0.69;209.32;3.63;676;24;942.00;18
2156;24;627323639;2156;165;2831;2846;11.27;0.69;209.32;3.63;675;24;943.00;15
2158;24;627323648;2158;167;2833;2847;11.26;0.68;209.27;3.64;675;24;944.00;14
2160;24;627323656;2160;166;2837;2849;11.19;0.68;209.22;3.64;677;24;945.00;12
2161;24;627323665;2161;169;2839;2849;11.21;0.68;209.22;3.64;678;24;946.00;10
2164;24;627323674;2164;170;2844;2853;11.15;0.68;209.17;3.64;680;24;947.00;9
2167;24;627323684;2167;173;2845;2853;11.10;0.67;209.08;3.64;678;24;948.00;8
2170;24;627323697;2170;173;2845;2853;11.00;0.67;209.05;3.64;675;24;949.00;8
2174;24;627323711;2174;171;2845;2853;10.94;0.66;208.92;3.64;671;24;950.00;8
2178;24;627323725;2178;168;2848;2859;10.80;0.66;208.82;3.64;670;24;951.00;11
2182;24;627323739;2182;165;2849;2859;10.78;0.65;208.61;3.64;667;24;952.00;10
2186;24;627323754;2186;160;2850;2859;10.74;0.65;208.61;3.65;664;24;953.00;9
2190;24;627323767;2190;159;2852;2862;10.69;0.65;208.42;3.65;662;24;954.00;10
2192;24;627323780;2192;160;2855;2862;10.65;0.65;208.39;3.66;663;24;955.00;7
2195;24;627323793;2195;158;2855;2862;10.71;0.65;208.21;3.66;660;24;956.00;7
2199;24;627323805;2199;162;2855;2863;10.69;0.65;208.24;3.66;656;24;957.00;8
2204;24;627323816;2204;160;2856;2864;10.69;0.65;207.96;3.66;652;24;958.00;8
2205;24;627323827;2205;158;2856;2864;10.76;0.65;207.91;3.66;651;24;959.00;8
2206;24;627323839;2206;157;2870;2890;10.69;0.65;207.86;3.64;664;24;960.00;20
2206;24;627323852;2206;156;2870;2890;10.69;0.65;207.86;3.64;664;24;961.00;20
2207;24;627323861;2207;154;2872;2890;10.67;0.65;207.79;3.64;665;24;962.00;18
2208;24;627323870;2208;154;2874;2891;10.74;0.65;207.81;3.64;666;24;963.00;17
2213;24;627323879;2213;159;2876;2891;10.75;0.65;207.62;3.66;663;24;964.00;15
2216;24;627323888;2216;161;2878;2895;10.73;0.65;207.48;3.66;662;24;965.00;17
2217;24;627323899;2217;165;2878;2895;10.72;0.65;207.44;3.66;661;24;966.00;17
2220;24;627323908;2220;168;2882;2899;10.71;0.65;207.30;3.65;662;24;967.00;17
2224;24;627323918;2224;171;2882;2899;10.68;0.65;207.27;3.65;658;24;968.00;17
2224;24;627323927;2224;176;2885;2899;10.60;0.64;207.27;3.69;661;24;969.00;14
2225;24;627323936;2225;176;2886;2899;10.51;0.64;207.29;3.69;661;24;970.00;13
2225;24;627323944;2225;175;2887;2899;10.42;0.63;207.29;3.70;662;24;971.00;12
2227;24;627323952;2227;176;2898;2911;10.40;0.63;207.22;3.70;671;24;972.00;13
2229;24;627323962;2229;180;2899;2911;10.37;0.63;207.44;3.70;670;24;973.00;12
2229;24;627323972;2229;184;2900;2911;10.28;0.63;207.44;3.70;671;24;974.00;11
2230;24;627323981;2230;183;2900;2911;10.25;0.62;207.49;3.70;670;24;975.00;11
2231;24;627323990;2231;191;2900;2911;10.18;0.62;207.53;3.70;669;24;976.00;11
2232;24;627323999;2232;199;2901;2911;10.18;0.62;207.55;3.71;669;24;977.00;10
2234;24;627324007;2234;205;2901;2912;10.15;0.62;207.51;3.71;667;24;978.00;11
2235;24;627324016;2235;195;2902;2912;10.13;0.62;207.54;3.72;667;24;979.00;10
2239;24;627324026;2239;187;2908;2918;10.11;0.61;207.63;3.73;669;24;980.00;10
2240;24;627324042;2240;186;2909;2919;10.14;0.62;207.65;3.72;669;24;981.00;10
2243;24;627324051;2243;182;2912;2919;10.07;0.61;207.52;3.74;669;24;982.00;7
2243;24;627324061;2243;179;2913;2919;9.99;0.61;207.52;3.74;670;24;983.00;6
2246;24;627324071;2246;180;2916;2923;9.90;0.60;207.41;3.74;670;24;984.00;7
2246;24;627324081;2246;178;2918;2923;9.82;0.60;207.41;3.75;672;24;985.00;5
2247;24;627324106;2247;175;2918;2923;9.82;0.60;207.36;3.75;671;24;986.00;5
2247;24;627324115;2247;182;2919;2924;9.87;0.60;207.36;3.75;672;24;987.00;5
2250;24;627324125;2250;182;2924;2928;9.76;0.60;207.18;3.75;674;24;988.00;4
2251;24;627324143;2251;183;2925;2928;9.80;0.60;207.21;3.75;674;24;989.00;3
2251;24;627324155;2251;188;2928;2934;9.82;0.60;207.21;3.75;677;24;990.00;6
2252;25;627324164;2252;188;2928;2934;9.84;0.60;207.20;3.75;676;25;991.00;6
2253;25;627324182;2253;192;2930;2934;9.81;0.60;207.23;3.75;677;25;992.00;4
2254;25;627324192;2254;195;2931;2934;9.78;0.60;207.26;3.74;677;25;993.00;3
2256;25;627324205;2256;199;2933;2938;9.75;0.60;207.36;3.74;677;25;994.00;5
2258;25;627324217;2258;200;2934;2938;9.69;0.59;207.40;3.74;676;25;995.00;4
2258;25;627324227;2258;206;2934;2938;9.59;0.59;207.40;3.74;676;25;996.00;4
2259;25;627324235;2259;209;2935;2938;9.42;0.58;207.35;3.74;676;25;997.00;3
2262;25;627324244;2262;218;2937;2939;9.27;0.57;207.44;3.74;675;25;998.00;2
2264;25;627324253;2264;216;2938;2940;9.22;0.57;207.60;3.74;674;25;999.00;2
2266;25;627324265;2266;211;2938;2940;9.15;0.56;207.53;3.74;672;25;1000.00;2
2268;25;627324278;2268;208;2939;2941;9.09;0.56;207.57;3.74;671;25;1001.00;2
2271;25;627324288;2271;206;2939;2941;9.04;0.56;207.59;3.74;668;25;1002.00;2
2274;25;627324298;2274;208;2939;2941;8.99;0.55;207.62;3.74;665;25;1003.00;2
2278;25;627324308;2278;205;2939;2941;8.90;0.55;207.58;3.74;661;25;1004.00;2
2284;25;627324318;2284;205;2939;2941;8.78;0.54;207.78;3.74;655;25;1005.00;2
2287;25;627324335;2287;201;2939;2941;8.78;0.54;207.84;3.74;652;25;1006.00;2
2288;25;627324344;2288;201;2939;2941;8.82;0.54;207.81;3.74;651;25;1007.00;2
2290;25;627324353;2290;225;3008;3068;8.90;0.55;207.88;3.66;718;25;1008.00;60
2296;25;627324372;2296;216;3010;3069;8.92;0.55;207.88;3.65;714;25;1009.00;59
2297;25;627324381;2297;202;3018;3069;9.01;0.56;207.87;3.65;721;25;1010.00;51
2301;25;627324391;2301;204;3027;3069;9.02;0.56;207.82;3.65;726;25;1011.00;42
2306;25;627324400;2306;204;3033;3069;8.94;0.55;207.75;3.65;727;25;1012.00;36
2311;25;627324410;2311;204;3037;3069;8.85;0.55;207.81;3.65;726;25;1013.00;32
2314;25;627324419;2314;202;3044;3069;8.84;0.55;207.73;3.66;730;25;1014.00;25
2319;25;627324428;2319;203;3047;3069;8.72;0.54;207.92;3.66;728;25;1015.00;22
2324;25;627324437;2324;206;3051;3070;8.69;0.54;207.98;3.66;727;25;1016.00;19
2330;25;627324447;2330;208;3054;3071;8.62;0.53;207.97;3.67;724;25;1017.00;17
2335;25;627324457;2335;207;3057;3071;8.52;0.53;208.14;3.67;722;25;1018.00;14
2338;25;627324466;2338;214;3058;3072;8.35;0.52;208.13;3.67;720;25;1019.00;14
2342;25;627324484;2342;208;3061;3072;8.27;0.51;208.28;3.68;719;25;1020.00;11
2346;25;627324494;2346;208;3061;3072;8.16;0.51;208.32;3.68;715;25;1021.00;11
2351;25;627324504;2351;202;3064;3072;8.10;0.50;208.46;3.69;713;25;1022.00;8
2355;25;627324514;2355;208;3067;3076;8.06;0.50;208.61;3.69;712;25;1023.00;9
2361;25;627324525;2361;204;3069;3076;8.05;0.50;208.77;3.70;708;25;1024.00;7
2367;25;627324535;2367;205;3070;3076;8.07;0.50;208.96;3.70;703;25;1025.00;6
2372;25;627324552;2372;201;3072;3079;8.15;0.50;209.19;3.70;700;25;1026.00;7
2374;25;627324562;2374;199;3073;3079;8.25;0.51;209.29;3.70;699;25;1027.00;6
2378;25;627324572;2378;197;3073;3079;8.31;0.51;209.51;3.70;695;25;1028.00;6
2382;25;627324581;2382;187;3078;3083;8.40;0.52;209.58;3.70;696;25;1029.00;5
2384;25;627324592;2384;178;3080;3084;8.62;0.53;209.69;3.70;696;25;1030.00;4
2389;25;627324602;2389;181;3080;3084;8.85;0.54;209.77;3.70;691;25;1031.00;4
2392;25;627324612;2392;170;3084;3088;9.12;0.56;209.91;3.69;692;25;1032.00;4
2395;25;627324622;2395;165;3084;3088;9.26;0.57;210.18;3.69;689;25;1033.00;4
2400;25;627324633;2400;164;3084;3088;9.37;0.57;210.28;3.69;684;25;1034.00;4
2407;25;627324643;2407;160;3086;3090;9.49;0.58;210.49;3.69;679;25;1035.00;4
2412;25;627324654;2412;158;3086;3090;9.64;0.59;210.72;3.69;674;25;1036.00;4
2416;25;627324664;2416;158;3091;3096;9.82;0.60;210.85;3.69;675;25;1037.00;5
2417;25;627324675;2417;155;3091;3096;9.92;0.60;210.92;3.69;674;25;1038.00;5
2422;25;627324685;2422;155;3093;3097;9.95;0.60;211.07;3.68;671;25;1039.00;4
2427;25;627324696;2427;153;3093;3097;10.01;0.61;211.17;3.68;666;25;1040.00;4
2429;25;627324707;2429;154;3093;3097;9.99;0.61;211.21;3.68;664;25;1041.00;4
2431;25;627324725;2431;149;3093;3097;10.04;0.61;211.25;3.68;662;25;1042.00;4
2436;25;627324736;2436;143;3093;3097;10.11;0.61;211.35;3.68;657;25;1043.00;4
2438;25;627324746;2438;143;3104;3109;10.15;0.62;211.38;3.67;666;25;1044.00;5
2441;25;627324757;2441;142;3105;3109;10.15;0.62;211.42;3.67;664;25;1045.00;4
2446;25;627324768;2446;141;3105;3109;10.17;0.62;211.56;3.67;659;25;1046.00;4
2449;25;627324778;2449;136;3105;3109;10.20;0.62;211.56;3.67;656;25;1047.00;4
2453;25;627324788;2453;135;3105;3109;10.24;0.63;211.65;3.67;652;25;1048.00;4
2458;25;627324804;2458;132;3106;3109;10.26;0.63;211.97;3.70;648;25;1049.00;3
2461;25;627324816;2461;140;3112;3115;10.32;0.63;212.02;3.69;651;25;1050.00;3
2465;25;627324826;2465;142;3112;3115;10.37;0.63;212.24;3.69;647;25;1051.00;3
2465;25;627324836;2465;145;3115;3119;10.44;0.64;212.24;3.69;650;25;1052.00;4
2469;25;627324846;2469;150;3117;3120;10.41;0.64;212.48;3.69;648;25;1053.00;3
2474;25;627324856;2474;159;3117;3120;10.39;0.63;212.56;3.69;643;25;1054.00;3
2480;25;627324866;2480;157;3117;3120;10.42;0.64;212.63;3.69;637;25;1055.00;3
2485;25;627324876;2485;157;3130;3133;10.41;0.64;212.79;3.67;645;25;1056.00;3
2488;25;627324887;2488;162;3130;3133;10.44;0.64;212.76;3.67;642;25;1057.00;3
2493;25;627324897;2493;164;3130;3133;10.47;0.64;212.78;3.67;637;25;1058.00;3
2497;25;627324907;2497;164;3131;3134;10.49;0.64;212.92;3.67;634;25;1059.00;3
2499;25;627324918;2499;170;3132;3135;10.56;0.64;212.83;3.67;633;25;1060.00;3
2501;25;627324927;2501;173;3132;3135;10.55;0.64;212.76;3.67;631;25;1061.00;3
2504;25;627324938;2504;177;3134;3138;10.53;0.64;212.86;3.67;630;25;1062.00;4
2504;25;627324947;2504;178;3134;3138;10.45;0.64;212.86;3.67;630;25;1063.00;4
2506;25;627324956;2506;183;3135;3138;10.29;0.63;212.86;3.67;629;25;1064.00;3
2513;25;627324965;2513;188;3135;3138;10.10;0.61;213.08;3.67;622;25;1065.00;3
2514;25;627324975;2514;193;3140;3144;9.90;0.60;213.08;3.66;626;25;1066.00;4
2519;25;627324985;2519;190;3140;3144;9.76;0.59;213.20;3.66;621;25;1067.00;4
2521;25;627324995;2521;186;3141;3144;9.74;0.59;213.33;3.66;620;25;1068.00;3
2523;25;627325004;2523;181;3141;3144;9.74;0.59;213.39;3.66;618;25;1069.00;3
2527;25;627325013;2527;183;3145;3148;9.73;0.59;213.44;3.66;618;25;1070.00;3
2530;25;627325023;2530;184;3146;3149;9.71;0.59;213.50;3.66;616;25;1071.00;3
2534;25;627325032;2534;189;3146;3149;9.65;0.59;213.85;3.66;612;25;1072.00;3
2536;25;627325041;2536;184;3147;3150;9.61;0.59;213.82;3.66;611;25;1073.00;3
2539;25;627325050;2539;189;3147;3150;9.55;0.58;213.88;3.66;608;25;1074.00;3
2541;25;627325060;2541;189;3147;3150;9.56;0.58;213.98;3.66;606;25;1075.00;3
2544;25;627325069;2544;175;3147;3150;9.61;0.59;214.01;3.66;603;25;1076.00;3
2548;25;627325083;2548;160;3147;3150;9.67;0.59;214.04;3.66;599;25;1077.00;3
2551;25;627325092;2551;148;3147;3150;9.90;0.60;214.10;3.66;596;25;1078.00;3
2555;25;627325101;2555;144;3147;3150;9.99;0.61;214.23;3.66;592;25;1079.00;3
2557;25;627325125;2557;157;3222;3275;9.94;0.61;214.20;3.57;665;25;1080.00;53
2559;25;627325144;2559;148;3225;3276;10.16;0.62;214.17;3.57;666;25;1081.00;51
2562;25;627325154;2562;141;3231;3276;10.28;0.63;214.10;3.57;669;25;1082.00;45
2565;25;627325164;2565;132;3233;3276;10.40;0.64;214.04;3.57;668;25;1083.00;43
2569;25;627325174;2569;129;3238;3276;10.47;0.64;214.02;3.57;669;25;1084.00;38
2572;25;627325184;2572;124;3241;3276;10.47;0.64;214.15;3.57;669;25;1085.00;35
2575;25;627325195;2575;130;3246;3276;10.42;0.64;214.21;3.57;671;25;1086.00;30
2577;25;627325205;2577;130;3247;3276;10.34;0.63;214.31;3.57;670;25;1087.00;29
2577;25;627325220;2577;133;3251;3277;10.29;0.63;214.31;3.58;674;25;1088.00;26
2580;25;627325230;2580;137;3255;3278;10.19;0.63;214.42;3.58;675;25;1089.00;23
2580;25;627325240;2580;145;3257;3278;10.10;0.62;214.42;3.59;677;25;1090.00;21
2581;25;627325249;2581;146;3263;3282;10.05;0.62;214.37;3.59;682;25;1091.00;19
2582;25;627325259;2582;155;3264;3282;10.00;0.62;214.32;3.59;682;25;1092.00;18
2583;25;627325274;2583;156;3265;3282;9.96;0.61;214.26;3.59;682;25;1093.00;17
2584;25;627325284;2584;156;3265;3282;10.03;0.62;214.27;3.59;681;25;1094.00;17
2584;25;627325293;2584;162;3270;3288;10.00;0.61;214.27;3.59;686;25;1095.00;18
2586;25;627325304;2586;170;3271;3288;10.05;0.62;214.18;3.59;685;25;1096.00;17
2591;25;627325313;2591;170;3271;3288;10.12;0.62;214.15;3.59;680;25;1097.00;17
2592;25;627325328;2592;167;3273;3291;10.20;0.62;214.12;3.59;681;25;1098.00;18
2594;25;627325340;2594;165;3273;3291;10.24;0.63;214.15;3.59;679;25;1099.00;18
2596;25;627325354;2596;164;3274;3291;10.28;0.63;214.08;3.59;678;25;1100.00;17
2600;25;627325368;2600;164;3276;3292;10.26;0.63;214.25;3.63;676;25;1101.00;16
2603;25;627325378;2603;167;3277;3293;10.29;0.63;214.24;3.63;674;25;1102.00;16
2604;25;627325388;2604;168;3277;3293;10.28;0.63;214.21;3.63;673;25;1103.00;16
2607;25;627325409;2607;172;3287;3306;10.24;0.63;214.04;3.61;680;25;1104.00;19
2609;25;627325419;2609;170;3287;3306;10.26;0.63;213.96;3.61;678;25;1105.00;19
2611;25;627325428;2611;175;3287;3306;10.27;0.63;213.94;3.61;676;25;1106.00;19
2615;25;627325436;2615;177;3288;3307;10.28;0.63;213.83;3.61;673;25;1107.00;19
2620;25;627325451;2620;183;3288;3307;10.29;0.63;213.74;3.61;668;25;1108.00;19
2621;25;627325460;2621;182;3292;3311;10.37;0.63;213.67;3.61;671;25;1109.00;19
2622;25;627325472;2622;183;3292;3311;10.42;0.64;213.63;3.61;670;25;1110.00;19
2622;25;627325481;2622;184;3295;3315;10.51;0.64;213.63;3.61;673;25;1111.00;20
2624;25;627325492;2624;183;3295;3315;10.61;0.65;213.53;3.61;671;25;1112.00;20
2625;25;627325501;2625;183;3295;3315;10.72;0.65;213.52;3.61;670;25;1113.00;20
2627;25;627325510;2627;187;3295;3315;10.80;0.66;213.46;3.61;668;25;1114.00;20
2630;25;627325519;2630;188;3295;3315;10.81;0.66;213.35;3.61;665;25;1115.00;20
2633;25;627325528;2633;191;3306;3327;10.73;0.65;213.26;3.63;673;25;1116.00;21
2634;25;627325537;2634;193;3306;3327;10.69;0.65;213.22;3.63;672;25;1117.00;21
2634;25;627325545;2634;194;3307;3327;10.69;0.65;213.22;3.63;673;25;1118.00;20
2639;25;627325554;2639;192;3308;3327;10.71;0.65;213.32;3.66;669;25;1119.00;19
2641;25;627325563;2641;192;3308;3327;10.69;0.65;213.30;3.66;667;25;1120.00;19
2644;25;627325572;2644;190;3309;3327;10.62;0.65;213.20;3.67;665;25;1121.00;18
2648;25;627325580;2648;184;3309;3328;10.56;0.64;213.26;3.67;661;25;1122.00;19
2650;25;627325589;2650;182;3309;3328;10.49;0.64;213.16;3.67;659;25;1123.00;19
2652;25;627325598;2652;184;3313;3334;10.50;0.64;213.08;3.67;661;25;1124.00;21
2653;25;627325607;2653;184;3318;3336;10.46;0.64;213.05;3.69;665;25;1125.00;18
2656;25;627325615;2656;182;3319;3336;10.49;0.64;213.04;3.69;663;25;1126.00;17
2657;25;627325624;2657;188;3320;3336;10.53;0.64;213.06;3.70;663;25;1127.00;16
2660;25;627325632;2660;188;3322;3340;10.59;0.64;213.04;3.70;662;25;1128.00;18
2660;25;627325641;2660;184;3323;3340;10.60;0.65;213.04;3.71;663;25;1129.00;17
2663;25;627325650;2663;183;3323;3340;10.59;0.64;212.97;3.71;660;25;1130.00;17
2663;25;627325659;2663;170;3325;3341;10.68;0.65;212.97;3.73;662;25;1131.00;16
2665;26;627325667;2665;160;3328;3345;10.72;0.65;212.92;3.72;663;26;1132.00;17
2668;26;627325688;2668;154;3329;3345;10.79;0.65;212.85;3.74;661;26;1133.00;16
2668;26;627325701;2668;149;3331;3348;10.97;0.66;212.85;3.74;663;26;1134.00;17
2669;26;627325716;2669;141;3332;3348;11.06;0.67;212.87;3.74;663;26;1135.00;16
2671;26;627325730;2671;134;3333;3348;11.10;0.67;212.82;3.75;662;26;1136.00;15
2672;26;627325747;2672;128;3334;3348;11.15;0.68;212.77;3.77;662;26;1137.00;14
2673;26;627325769;2673;124;3337;3352;11.24;0.68;212.71;3.77;664;26;1138.00;15
2675;26;627325793;2675;123;3339;3352;11.28;0.68;212.67;3.79;664;26;1139.00;13
2677;26;627325810;2677;116;3340;3352;11.33;0.69;212.65;3.79;663;26;1140.00;12
2677;26;627325828;2677;125;3341;3352;11.43;0.69;212.65;3.81;664;26;1141.00;11
2678;26;627325839;2678;121;3342;3353;11.48;0.70;212.62;3.81;664;26;1142.00;11
2680;26;627325850;2680;122;3343;3354;11.51;0.70;212.87;3.81;663;26;1143.00;11
2680;26;627325861;2680;126;3343;3354;11.55;0.70;212.87;3.81;663;26;1144.00;11
2682;26;627325872;2682;125;3344;3355;11.55;0.70;212.83;3.81;662;26;1145.00;11
2682;26;627325882;2682;130;3344;3355;11.55;0.70;212.83;3.81;662;26;1146.00;11
2686;26;627325892;2686;135;3344;3355;11.56;0.70;212.81;3.81;658;26;1147.00;11
2688;26;627325910;2688;145;3344;3355;11.56;0.70;212.79;3.81;656;26;1148.00;11
2688;26;627325920;2688;149;3345;3355;11.50;0.70;212.79;3.82;657;26;1149.00;10
2689;26;627325930;2689;151;3346;3355;11.46;0.70;212.78;3.83;657;26;1150.00;9
2692;26;627325940;2692;160;3346;3355;11.38;0.69;212.80;3.83;654;26;1151.00;9
2693;26;627325951;2693;182;3411;3482;11.20;0.69;212.81;3.75;718;26;1152.00;71
2695;26;627325972;2695;176;3414;3483;11.12;0.68;212.96;3.76;719;26;1153.00;69
2695;26;627325983;2695;179;3424;3483;11.13;0.69;212.96;3.76;729;26;1154.00;59
2698;26;627325993;2698;177;3432;3483;11.07;0.68;213.17;3.76;734;26;1155.00;51
2701;26;627326003;2701;178;3439;3483;10.96;0.68;213.29;3.77;738;26;1156.00;44
2705;26;627326015;2705;182;3444;3483;10.79;0.67;213.32;3.77;739;26;1157.00;39
2710;26;627326026;2710;184;3449;3483;10.60;0.65;213.33;3.78;739;26;1158.00;34
2714;26;627326042;2714;192;3452;3483;10.52;0.65;213.44;3.78;738;26;1159.00;31
2718;26;627326053;2718;200;3456;3484;10.43;0.64;213.48;3.79;738;26;1160.00;28
2723;26;627326074;2723;201;3461;3485;10.30;0.63;213.50;3.80;738;26;1161.00;24
2726;26;627326084;2726;209;3466;3485;10.20;0.63;213.41;3.81;740;26;1162.00;19
2727;26;627326101;2727;212;3466;3486;10.05;0.62;213.42;3.81;739;26;1163.00;20
2732;26;627326111;2732;214;3470;3486;9.91;0.61;213.30;3.82;738;26;1164.00;16
2734;26;627326122;2734;225;3473;3486;9.70;0.60;213.26;3.82;739;26;1165.00;13
2736;26;627326131;2736;234;3475;3486;9.48;0.58;213.21;3.83;739;26;1166.00;11
2737;26;627326141;2737;238;3478;3490;9.34;0.58;213.23;3.83;741;26;1167.00;12
2739;26;627326152;2739;249;3480;3490;9.17;0.57;213.20;3.84;741;26;1168.00;10
2741;26;627326161;2741;249;3481;3490;9.01;0.55;213.14;3.84;740;26;1169.00;9
2745;26;627326172;2745;256;3484;3496;8.87;0.54;213.14;3.84;739;26;1170.00;12
2749;26;627326183;2749;261;3485;3496;8.79;0.54;213.16;3.84;736;26;1171.00;11
2751;26;627326193;2751;261;3486;3496;8.71;0.53;213.15;3.84;735;26;1172.00;10
2754;26;627326202;2754;262;3490;3500;8.64;0.53;213.16;3.84;736;26;1173.00;10
2758;26;627326213;2758;263;3492;3501;8.64;0.53;213.11;3.84;734;26;1174.00;9
2761;26;627326223;2761;261;3492;3501;8.63;0.53;213.10;3.84;731;26;1175.00;9
2764;26;627326234;2764;260;3497;3505;8.67;0.53;213.08;3.83;733;26;1176.00;8
2765;26;627326244;2765;261;3498;3505;8.76;0.54;213.05;3.83;733;26;1177.00;7
2766;26;627326255;2766;262;3498;3505;8.76;0.54;213.04;3.83;732;26;1178.00;7
2767;26;627326272;2767;262;3500;3506;8.79;0.54;213.02;3.84;733;26;1179.00;6
2769;26;627326282;2769;264;3500;3506;8.78;0.54;213.01;3.84;731;26;1180.00;6
2771;26;627326292;2771;265;3505;3512;8.82;0.54;212.99;3.83;734;26;1181.00;7
2775;26;627326309;2775;261;3506;3512;8.75;0.54;213.15;3.83;731;26;1182.00;6
2780;26;627326319;2780;255;3507;3513;8.69;0.53;213.16;3.83;727;26;1183.00;6
2785;26;627326332;2785;252;3507;3513;8.63;0.53;213.19;3.83;722;26;1184.00;6
2790;26;627326342;2790;255;3507;3513;8.60;0.53;213.26;3.83;717;26;1185.00;6
2795;26;627326351;2795;259;3507;3513;8.56;0.52;213.29;3.83;712;26;1186.00;6
2802;26;627326361;2802;258;3507;3513;8.46;0.52;213.46;3.83;705;26;1187.00;6
2809;26;627326371;2809;256;3518;3525;8.47;0.52;213.70;3.82;709;26;1188.00;7
2812;26;627326381;2812;254;3518;3525;8.50;0.52;213.85;3.82;706;26;1189.00;7
2818;26;627326391;2818;248;3519;3525;8.48;0.52;214.12;3.82;701;26;1190.00;6
2823;26;627326401;2823;241;3519;3525;8.49;0.52;214.26;3.82;696;26;1191.00;6
2826;26;627326410;2826;238;3519;3525;8.58;0.53;214.47;3.82;693;26;1192.00;6
2831;26;627326419;2831;235;3519;3525;8.67;0.53;214.72;3.82;688;26;1193.00;6
2833;26;627326428;2833;228;3523;3529;8.76;0.54;214.83;3.81;690;26;1194.00;6
2837;26;627326438;2837;219;3523;3529;8.90;0.55;214.96;3.81;686;26;1195.00;6
2842;26;627326448;2842;210;3526;3533;9.08;0.56;215.30;3.81;684;26;1196.00;7
2846;26;627326458;2846;197;3528;3534;9.23;0.57;215.34;3.81;682;26;1197.00;6
2854;26;627326470;2854;188;3528;3534;9.24;0.57;215.62;3.81;674;26;1198.00;6
2859;26;627326480;2859;179;3528;3534;9.32;0.57;215.64;3.81;669;26;1199.00;6
2862;26;627326493;2862;180;3551;3575;9.29;0.57;215.80;3.79;689;26;1200.00;24
2866;26;627326511;2866;176;3552;3575;9.42;0.58;215.82;3.78;686;26;1201.00;23
2869;26;627326522;2869;174;3555;3575;9.54;0.59;215.98;3.78;686;26;1202.00;20
2873;26;627326532;2873;164;3557;3576;9.70;0.59;215.97;3.78;684;26;1203.00;19
2878;26;627326542;2878;173;3560;3577;9.69;0.59;216.19;3.78;682;26;1204.00;17
2882;26;627326551;2882;173;3562;3577;9.72;0.60;216.32;3.78;680;26;1205.00;15
2886;26;627326561;2886;171;3564;3580;9.76;0.60;216.36;3.78;678;26;1206.00;16
2891;26;627326571;2891;176;3564;3580;9.72;0.59;216.33;3.78;673;26;1207.00;16
2898;26;627326580;2898;178;3566;3580;9.65;0.59;216.51;3.78;668;26;1208.00;14
2902;26;627326591;2902;173;3566;3580;9.65;0.59;216.48;3.78;664;26;1209.00;14
2906;26;627326601;2906;176;3571;3586;9.65;0.59;216.66;3.78;665;26;1210.00;15
2914;26;627326611;2914;178;3572;3586;9.63;0.59;216.81;3.78;658;26;1211.00;14
2914;26;627326622;2914;179;3573;3586;9.65;0.59;216.81;3.78;659;26;1212.00;13
2920;26;627326638;2920;175;3574;3586;9.60;0.59;216.85;3.78;654;26;1213.00;12
2924;26;627326648;2924;174;3578;3590;9.62;0.59;216.96;3.78;654;26;1214.00;12
2926;26;627326659;2926;173;3580;3592;9.63;0.59;216.98;3.78;654;26;1215.00;12
2934;26;627326669;2934;178;3581;3592;9.59;0.59;217.10;3.78;647;26;1216.00;11
2936;26;627326679;2936;174;3582;3593;9.69;0.59;217.20;3.78;646;26;1217.00;11
2940;26;627326690;2940;182;3582;3593;9.73;0.60;217.10;3.78;642;26;1218.00;11
2949;26;627326701;2949;185;3582;3593;9.74;0.60;217.28;3.78;633;26;1219.00;11
2950;26;627326711;2950;186;3582;3593;9.79;0.60;217.33;3.78;632;26;1220.00;11
2956;26;627326722;2956;193;3583;3593;9.75;0.59;217.28;3.78;627;26;1221.00;10
2962;26;627326732;2962;195;3583;3593;9.64;0.59;217.18;3.78;621;26;1222.00;10
2963;26;627326743;2963;200;3583;3593;9.55;0.58;217.14;3.78;620;26;1223.00;10
2965;26;627326752;2965;218;3622;3663;9.38;0.57;217.23;3.74;657;26;1224.00;41
2968;26;627326766;2968;213;3624;3664;9.34;0.57;217.19;3.74;656;26;1225.00;40
2970;26;627326781;2970;209;3628;3664;9.34;0.57;217.11;3.74;658;26;1226.00;36
2975;26;627326791;2975;211;3630;3664;9.27;0.56;217.24;3.75;655;26;1227.00;34
2977;26;627326801;2977;216;3633;3666;9.26;0.56;217.28;3.75;656;26;1228.00;33
2979;26;627326811;2979;218;3635;3666;9.28;0.57;217.26;3.75;656;26;1229.00;31
2984;26;627326822;2984;220;3637;3666;9.18;0.56;217.10;3.75;653;26;1230.00;29
2985;26;627326831;2985;222;3639;3666;9.09;0.55;217.17;3.75;654;26;1231.00;27
2986;26;627326840;2986;233;3645;3667;8.93;0.54;217.17;3.76;659;26;1232.00;22
2989;26;627326849;2989;235;3649;3668;8.83;0.54;217.16;3.77;660;26;1233.00;19
2989;26;627326859;2989;243;3652;3668;8.69;0.53;217.16;3.77;663;26;1234.00;16
2991;26;627326868;2991;255;3656;3672;8.59;0.52;217.20;3.77;665;26;1235.00;16
2991;26;627326877;2991;260;3660;3672;8.59;0.52;217.20;3.78;669;26;1236.00;12
2993;26;627326886;2993;255;3662;3672;8.64;0.53;217.16;3.78;669;26;1237.00;10
2995;26;627326896;2995;245;3663;3672;8.62;0.53;217.19;3.78;668;26;1238.00;9
2995;26;627326905;2995;236;3669;3678;8.66;0.53;217.19;3.78;674;26;1239.00;9
2997;26;627326921;2997;232;3669;3678;8.76;0.53;217.33;3.78;672;26;1240.00;9
3000;26;627326931;3000;230;3669;3678;8.80;0.54;217.22;3.78;669;26;1241.00;9
3002;27;627326941;3002;231;3672;3681;8.80;0.54;217.27;3.77;670;27;1242.00;9
3003;27;627326963;3003;233;3672;3681;8.84;0.54;217.31;3.77;669;27;1243.00;9
3005;27;627326977;3005;234;3672;3681;8.78;0.53;217.28;3.77;667;27;1244.00;9
3008;27;627326992;3008;236;3673;3682;8.69;0.53;217.18;3.77;665;27;1245.00;9
3011;27;627327002;3011;225;3674;3683;8.71;0.53;217.30;3.77;663;27;1246.00;9
3013;27;627327012;3013;211;3674;3683;8.76;0.53;217.31;3.77;661;27;1247.00;9
3018;27;627327022;3018;204;3687;3696;8.92;0.54;217.31;3.76;669;27;1248.00;9
3018;27;627327033;3018;196;3687;3696;8.91;0.54;217.31;3.76;669;27;1249.00;9
3018;27;627327042;3018;191;3687;3696;8.90;0.54;217.31;3.76;669;27;1250.00;9
3019;27;627327052;3019;186;3688;3697;8.98;0.55;217.27;3.76;669;27;1251.00;9
3019;27;627327061;3019;183;3689;3697;8.99;0.55;217.27;3.80;670;27;1252.00;8
3022;27;627327071;3022;177;3692;3701;9.09;0.55;217.25;3.80;670;27;1253.00;9
3024;27;627327081;3024;175;3692;3701;9.16;0.56;217.36;3.80;668;27;1254.00;9
3028;27;627327091;3028;181;3697;3705;9.18;0.56;217.32;3.80;669;27;1255.00;8
3030;27;627327101;3030;181;3697;3705;9.15;0.56;217.39;3.80;667;27;1256.00;8
3031;27;627327110;3031;178;3697;3705;9.17;0.56;217.42;3.80;666;27;1257.00;8
3033;27;627327120;3033;172;3697;3705;9.17;0.56;217.33;3.80;664;27;1258.00;8
3034;27;627327129;3034;177;3697;3705;9.24;0.56;217.29;3.80;663;27;1259.00;8
3037;27;627327140;3037;178;3721;3739;9.25;0.57;217.39;3.77;684;27;1260.00;18
3039;27;627327152;3039;173;3721;3739;9.33;0.57;217.41;3.77;682;27;1261.00;18
3041;27;627327162;3041;173;3722;3739;9.46;0.58;217.38;3.77;681;27;1262.00;17
3042;27;627327171;3042;172;3722;3739;9.54;0.58;217.31;3.77;680;27;1263.00;17
3044;27;627327180;3044;171;3724;3739;9.69;0.59;217.23;3.77;680;27;1264.00;15
3048;27;627327189;3048;174;3725;3739;9.68;0.59;217.17;3.77;677;27;1265.00;14
3051;27;627327198;3051;177;3726;3740;9.77;0.60;217.18;3.77;675;27;1266.00;14
3055;27;627327207;3055;181;3726;3740;9.82;0.60;217.04;3.77;671;27;1267.00;14
3056;27;627327216;3056;181;3731;3746;9.90;0.61;217.00;3.77;675;27;1268.00;15
3058;27;627327225;3058;187;3732;3747;9.95;0.61;216.94;3.77;674;27;1269.00;15
3060;27;627327240;3060;190;3733;3747;9.96;0.61;216.85;3.77;673;27;1270.00;14
3061;27;627327249;3061;194;3733;3747;9.97;0.61;216.84;3.77;672;27;1271.00;14
3063;27;627327257;3063;200;3737;3751;9.94;0.61;216.87;3.77;674;27;1272.00;14
3065;27;627327267;3065;198;3737;3751;9.87;0.60;216.85;3.77;672;27;1273.00;14
3067;27;627327275;3067;203;3737;3751;9.83;0.60;216.77;3.77;670;27;1274.00;14
3070;27;627327284;3070;207;3738;3752;9.78;0.60;216.87;3.77;668;27;1275.00;14
3072;27;627327293;3072;208;3741;3756;9.77;0.60;216.84;3.77;669;27;1276.00;15
3072;27;627327301;3072;211;3741;3756;9.82;0.60;216.84;3.77;669;27;1277.00;15
3076;27;627327309;3076;209;3743;3759;9.81;0.60;216.83;3.77;667;27;1278.00;16
3079;27;627327318;3079;211;3744;3759;9.86;0.60;216.75;3.76;665;27;1279.00;15
3080;27;627327326;3080;213;3744;3759;9.90;0.60;216.68;3.76;664;27;1280.00;15
3081;27;627327334;3081;214;3744;3759;9.87;0.60;216.66;3.76;663;27;1281.00;15
3085;27;627327343;3085;212;3747;3763;9.87;0.60;216.69;3.76;662;27;1282.00;16
3087;27;627327352;3087;200;3747;3763;9.95;0.60;216.62;3.76;660;27;1283.00;16
3087;27;627327360;3087;192;3748;3763;10.12;0.61;216.62;3.76;661;27;1284.00;15
3087;27;627327369;3087;180;3748;3763;10.24;0.62;216.62;3.76;661;27;1285.00;15
3090;27;627327377;3090;174;3748;3764;10.36;0.63;216.59;3.76;658;27;1286.00;16
3091;27;627327385;3091;171;3749;3765;10.49;0.63;216.59;3.76;658;27;1287.00;16
3091;27;627327394;3091;158;3750;3765;10.59;0.64;216.59;3.82;659;27;1288.00;15
3092;27;627327402;3092;149;3751;3766;10.69;0.65;216.56;3.81;659;27;1289.00;15
3093;27;627327424;3093;138;3751;3766;10.78;0.65;216.52;3.81;658;27;1290.00;15
3094;27;627327433;3094;131;3751;3766;10.88;0.66;216.52;3.81;657;27;1291.00;15
3097;27;627327441;3097;123;3751;3766;10.93;0.66;216.47;3.81;654;27;1292.00;15
3101;27;627327450;3101;122;3751;3766;11.02;0.67;216.36;3.81;650;27;1293.00;15
3104;27;627327459;3104;111;3752;3766;11.09;0.67;216.36;3.82;648;27;1294.00;14
3104;27;627327469;3104;99;3753;3766;11.17;0.68;216.36;3.83;649;27;1295.00;13
3108;27;627327478;3108;113;3812;3893;11.12;0.68;216.29;3.77;704;27;1296.00;81
3110;27;627327497;3110;104;3813;3894;11.25;0.69;216.26;3.77;703;27;1297.00;81
3113;27;627327507;3113;95;3820;3894;11.44;0.70;216.27;3.77;707;27;1298.00;74
3114;27;627327516;3114;95;3825;3894;11.55;0.71;216.23;3.77;711;27;1299.00;69
3116;27;627327527;3116;91;3831;3894;11.70;0.72;216.18;3.77;715;27;1300.00;63
3116;27;627327540;3116;87;3836;3894;11.77;0.72;216.18;3.77;720;27;1301.00;58
3117;27;627327552;3117;89;3840;3894;11.87;0.73;216.18;3.77;723;27;1302.00;54
3117;27;627327566;3117;92;3844;3894;11.92;0.73;216.18;3.77;727;27;1303.00;50
3119;27;627327584;3119;93;3847;3895;11.97;0.73;216.11;3.83;728;27;1304.00;48
3123;27;627327595;3123;91;3854;3897;12.00;0.73;216.28;3.84;731;27;1305.00;43
3124;27;627327606;3124;93;3855;3897;12.08;0.74;216.26;3.84;731;27;1306.00;42
3128;27;627327620;3128;92;3860;3898;12.03;0.73;216.16;3.91;732;27;1307.00;38
3129;27;627327631;3129;95;3861;3898;11.97;0.73;216.21;3.91;732;27;1308.00;37
3133;27;627327642;3133;96;3862;3898;11.89;0.73;216.18;3.91;729;27;1309.00;36
3137;27;627327652;3137;102;3866;3898;11.82;0.72;216.23;3.96;729;27;1310.00;32
3141;27;627327663;3141;101;3870;3902;11.75;0.72;216.44;3.97;729;27;1311.00;32
3144;27;627327673;3144;114;3873;3902;11.65;0.71;216.45;4.01;729;27;1312.00;29
3146;27;627327685;3146;117;3876;3902;11.59;0.71;216.56;4.02;730;27;1313.00;26
3150;27;627327697;3150;120;3880;3905;11.48;0.70;216.72;4.03;730;27;1314.00;25
3154;27;627327714;3154;129;3882;3905;11.31;0.69;216.74;4.04;728;27;1315.00;23
3154;27;627327731;3154;130;3884;3905;11.21;0.68;216.74;4.04;730;27;1316.00;21
3157;27;627327748;3157;139;3888;3909;11.07;0.67;216.82;4.04;731;27;1317.00;21
3163;27;627327765;3163;147;3890;3910;11.03;0.67;216.79;4.04;727;27;1318.00;20
3166;27;627327782;3166;154;3891;3910;11.03;0.67;216.81;4.04;725;27;1319.00;19
3168;27;627327798;3168;157;3897;3915;11.05;0.67;216.83;4.06;729;27;1320.00;18
3169;27;627327813;3169;162;3897;3915;10.97;0.67;216.91;4.06;728;27;1321.00;18
3172;27;627327824;3172;168;3897;3915;10.88;0.66;217.10;4.06;725;27;1322.00;18
3173;27;627327835;3173;172;3900;3916;10.84;0.66;217.20;4.07;727;27;1323.00;16
3173;27;627327847;3173;183;3900;3916;10.77;0.65;217.20;4.07;727;27;1324.00;16
3176;27;627327857;3176;186;3905;3922;10.73;0.65;217.33;4.08;729;27;1325.00;17
3178;27;627327877;3178;189;3907;3922;10.66;0.65;217.44;4.08;729;27;1326.00;15
3180;27;627327890;3180;193;3907;3923;10.59;0.64;217.55;4.08;727;27;1327.00;16
3180;27;627327902;3180;195;3907;3923;10.56;0.64;217.55;4.08;727;27;1328.00;16
3183;27;627327913;3183;197;3909;3923;10.46;0.64;217.53;4.09;726;27;1329.00;14
3188;27;627327930;3188;205;3910;3923;10.31;0.63;217.53;4.10;722;27;1330.00;13
3193;27;627327941;3193;211;3911;3923;10.13;0.62;217.59;4.11;718;27;1331.00;12
3197;27;627327952;3197;216;3921;3935;10.09;0.61;217.59;4.10;724;27;1332.00;14
3199;27;627327963;3199;223;3923;3935;10.02;0.61;217.56;4.11;724;27;1333.00;12
3203;27;627327974;3203;227;3924;3935;9.95;0.61;217.48;4.11;721;27;1334.00;11
3205;27;627327985;3205;228;3925;3935;9.87;0.60;217.51;4.11;720;27;1335.00;10
3207;27;627327995;3207;229;3926;3935;9.81;0.60;217.48;4.12;719;27;1336.00;9
3209;27;627328006;3209;233;3926;3935;9.67;0.59;217.44;4.12;717;27;1337.00;9
3210;27;627328016;3210;239;3932;3939;9.48;0.58;217.44;4.12;722;27;1338.00;7
3213;27;627328026;3213;237;3932;3939;9.42;0.57;217.44;4.12;719;27;1339.00;7
3216;27;627328036;3216;240;3935;3943;9.47;0.58;217.44;4.11;719;27;1340.00;8
3217;27;627328047;3217;240;3937;3944;9.51;0.58;217.42;4.11;720;27;1341.00;7
3221;27;627328057;3221;236;3937;3944;9.40;0.57;217.42;4.11;716;27;1342.00;7
3224;27;627328067;3224;236;3937;3944;9.32;0.57;217.41;4.11;713;27;1343.00;7
3225;27;627328078;3225;237;3949;3957;9.24;0.56;217.42;4.10;724;27;1344.00;8
3228;27;627328088;3228;235;3950;3957;9.17;0.56;217.47;4.10;722;27;1345.00;7
3231;27;627328098;3231;234;3950;3957;9.14;0.56;217.47;4.10;719;27;1346.00;7
3233;27;627328109;3233;233;3951;3958;9.13;0.56;217.50;4.10;718;27;1347.00;7
3236;27;627328119;3236;235;3952;3959;9.11;0.56;217.49;4.10;716;27;1348.00;7
3239;27;627328129;3239;237;3952;3959;9.09;0.56;217.50;4.10;713;27;1349.00;7
3241;27;627328141;3241;240;3955;3968;9.10;0.56;217.74;4.09;714;27;1350.00;13
3246;27;627328154;3246;240;3955;3968;9.03;0.55;217.98;4.09;709;27;1351.00;13
3251;27;627328165;3251;243;3957;3968;9.05;0.56;218.22;4.09;706;27;1352.00;11
3255;27;627328176;3255;244;3957;3968;9.02;0.55;218.35;4.09;702;27;1353.00;11
3261;27;627328187;3261;241;3962;3974;9.06;0.56;218.28;4.09;701;27;1354.00;12
3267;27;627328199;3267;239;3962;3974;9.00;0.55;218.50;4.09;695;27;1355.00;12
3271;27;627328211;3271;243;3963;3974;8.96;0.55;218.57;4.09;692;27;1356.00;11
3278;27;627328222;3278;242;3963;3974;8.82;0.54;218.94;4.09;685;27;1357.00;11
3285;27;627328233;3285;245;3968;3978;8.70;0.53;219.07;4.09;683;27;1358.00;10
3288;27;627328244;3288;247;3970;3979;8.64;0.53;219.15;4.09;682;27;1359.00;9
3294;27;627328255;3294;245;3970;3979;8.66;0.53;219.28;4.09;676;27;1360.00;9
3300;27;627328264;3300;240;3972;3980;8.68;0.53;219.49;4.09;672;27;1361.00;8
3303;27;627328274;3303;233;3972;3980;8.71;0.54;219.63;4.09;669;27;1362.00;8
3310;27;627328283;3310;229;3972;3980;8.68;0.53;219.65;4.09;662;27;1363.00;8
3316;27;627328292;3316;227;3972;3980;8.65;0.53;219.82;4.09;656;27;1364.00;8
3320;27;627328302;3320;217;3972;3980;8.63;0.53;219.97;4.09;652;27;1365.00;8
3324;27;627328310;3324;214;3972;3980;8.70;0.53;220.02;4.09;648;27;1366.00;8
3330;27;627328319;3330;205;3972;3980;8.74;0.54;220.22;4.09;642;27;1367.00;8
3335;27;627328328;3335;209;4011;4050;8.94;0.55;220.28;4.05;676;27;1368.00;39
3337;27;627328343;3337;204;4013;4051;9.10;0.56;220.28;4.05;676;27;1369.00;38
3344;27;627328352;3344;197;4022;4051;9.22;0.56;220.53;4.04;678;27;1370.00;29
3349;27;627328361;3349;199;4026;4051;9.28;0.57;220.46;4.04;677;27;1371.00;25
3349;27;627328371;3349;198;4031;4051;9.41;0.58;220.46;4.04;682;27;1372.00;20
3353;27;627328380;3353;194;4033;4051;9.43;0.58;220.48;4.04;680;27;1373.00;18
3360;27;627328391;3360;193;4036;4051;9.46;0.58;220.57;4.04;676;27;1374.00;15
3362;27;627328400;3362;187;4038;4051;9.39;0.57;220.52;4.05;676;27;1375.00;13
3370;27;627328409;3370;189;4040;4052;9.16;0.56;220.73;4.05;670;27;1376.00;12
3374;27;627328419;3374;191;4042;4053;9.11;0.56;220.76;4.05;668;27;1377.00;11
3377;27;627328427;3377;193;4043;4053;9.02;0.55;220.74;4.05;666;27;1378.00;10
3382;27;627328437;3382;201;4046;4057;8.86;0.54;220.75;4.04;664;27;1379.00;11
3386;27;627328449;3386;207;4046;4057;8.81;0.54;220.83;4.04;660;27;1380.00;11
3389;27;627328459;3389;202;4046;4057;8.78;0.54;220.77;4.04;657;27;1381.00;11
3396;27;627328477;3396;205;4046;4057;8.68;0.53;220.84;4.04;650;27;1382.00;11
3398;27;627328487;3398;208;4051;4063;8.68;0.53;221.01;4.04;653;27;1383.00;12
3403;27;627328504;3403;207;4052;4063;8.63;0.53;221.06;4.04;649;27;1384.00;11
3409;27;627328513;3409;206;4053;4063;8.70;0.53;221.16;4.04;644;27;1385.00;10
3414;27;627328524;3414;210;4055;4066;8.75;0.54;221.16;4.04;641;27;1386.00;11
3416;27;627328534;3416;214;4056;4066;8.77;0.54;221.16;4.04;640;27;1387.00;10
3420;27;627328544;3420;210;4057;4066;8.77;0.54;221.23;4.05;637;27;1388.00;9
3424;27;627328562;3424;215;4058;4067;8.66;0.53;221.22;4.05;634;27;1389.00;9
3426;27;627328572;3426;214;4061;4068;8.64;0.53;221.29;4.10;635;27;1390.00;7
3429;27;627328581;3429;219;4061;4068;8.62;0.53;221.28;4.10;632;27;1391.00;7
3434;27;627328591;3434;219;4073;4081;8.57;0.52;221.33;4.08;639;27;1392.00;8
3435;27;627328602;3435;222;4073;4081;8.53;0.52;221.29;4.08;638;27;1393.00;8
3439;27;627328611;3439;232;4074;4081;8.50;0.52;221.19;4.08;635;27;1394.00;7
3441;27;627328622;3441;233;4076;4083;8.54;0.52;221.13;4.08;635;27;1395.00;7
3442;27;627328632;3442;242;4076;4083;8.48;0.52;221.07;4.08;634;27;1396.00;7
3442;27;627328642;3442;246;4079;4087;8.44;0.51;221.07;4.08;637;27;1397.00;8
3445;27;627328652;3445;252;4079;4087;8.37;0.51;221.06;4.08;634;27;1398.00;8
3446;27;627328662;3446;260;4084;4091;8.31;0.51;221.07;4.08;638;27;1399.00;7
3449;27;627328674;3449;269;4084;4091;8.25;0.50;221.06;4.08;635;27;1400.00;7
3451;27;627328691;3451;267;4084;4091;8.19;0.50;221.01;4.08;633;27;1401.00;7
3452;27;627328702;3452;265;4084;4091;8.19;0.50;221.02;4.08;632;27;1402.00;7
3453;27;627328710;3453;272;4084;4091;8.12;0.50;220.98;4.08;631;27;1403.00;7
3455;27;627328719;3455;276;4095;4103;8.18;0.50;220.98;4.06;640;27;1404.00;8
3456;27;627328729;3456;284;4095;4103;8.12;0.50;220.98;4.06;639;27;1405.00;8
3460;27;627328738;3460;288;4096;4103;8.00;0.49;220.91;4.06;636;27;1406.00;7
3461;27;627328748;3461;279;4096;4103;7.98;0.49;220.89;4.06;635;27;1407.00;7
3462;27;627328756;3462;276;4096;4103;7.97;0.49;220.94;4.06;634;27;1408.00;7
3465;27;627328764;3465;275;4096;4103;7.95;0.48;220.84;4.06;631;27;1409.00;7
3470;27;627328780;3470;272;4097;4104;7.88;0.48;220.72;4.06;627;27;1410.00;7
3471;27;627328789;3471;270;4097;4104;7.88;0.48;220.71;4.06;626;27;1411.00;7
3475;27;627328797;3475;273;4102;4110;7.86;0.48;220.65;4.06;627;27;1412.00;8
3477;27;627328806;3477;273;4103;4111;7.88;0.48;220.63;4.06;626;27;1413.00;8
3481;27;627328815;3481;272;4104;4111;7.87;0.48;220.59;4.06;623;27;1414.00;7
3481;27;627328823;3481;266;4105;4111;7.87;0.48;220.59;4.11;624;27;1415.00;6
3482;27;627328832;3482;251;4109;4115;7.88;0.48;220.56;4.11;627;27;1416.00;6
3483;27;627328841;3483;243;4109;4115;7.94;0.48;220.59;4.11;626;27;1417.00;6
3485;27;627328850;3485;234;4109;4115;7.94;0.48;220.49;4.11;624;27;1418.00;6
3485;27;627328859;3485;225;4110;4116;8.00;0.49;220.49;4.10;625;27;1419.00;6
3487;27;627328867;3487;212;4114;4120;8.06;0.49;220.45;4.10;627;27;1420.00;6
3489;27;627328876;3489;204;4114;4120;8.16;0.50;220.36;4.10;625;27;1421.00;6
3491;27;627328885;3491;203;4116;4123;8.27;0.51;220.35;4.10;625;27;1422.00;7
3491;27;627328894;3491;202;4116;4123;8.43;0.52;220.35;4.10;625;27;1423.00;7
3493;27;627328903;3493;196;4117;4123;8.58;0.52;220.26;4.10;624;27;1424.00;6
3494;27;627328912;3494;194;4117;4123;8.68;0.53;220.24;4.10;623;27;1425.00;6
3496;27;627328920;3496;194;4120;4127;8.74;0.53;220.24;4.10;624;27;1426.00;7
3498;27;627328930;3498;188;4120;4127;8.78;0.53;220.22;4.10;622;27;1427.00;7
3499;27;627328939;3499;185;4121;4127;8.85;0.54;220.18;4.10;622;27;1428.00;6
3500;27;627328952;3500;183;4121;4127;8.94;0.54;220.17;4.10;621;27;1429.00;6
3500;27;627328962;3500;183;4122;4128;9.01;0.55;220.17;4.10;622;27;1430.00;6
3501;27;627328972;3501;184;4123;4129;9.06;0.55;220.15;4.10;622;27;1431.00;6
3501;27;627328981;3501;188;4123;4129;9.10;0.56;220.15;4.10;622;27;1432.00;6
3502;27;627328990;3502;191;4124;4130;9.19;0.56;220.13;4.09;622;27;1433.00;6
3503;27;627328998;3503;188;4124;4130;9.27;0.57;220.08;4.09;621;27;1434.00;6
3505;27;627329007;3505;179;4124;4130;9.35;0.57;220.26;4.09;619;27;1435.00;6
3507;27;627329017;3507;166;4124;4130;9.42;0.57;220.28;4.09;617;27;1436.00;6
3509;27;627329026;3509;159;4124;4130;9.54;0.58;220.29;4.09;615;27;1437.00;6
3509;27;627329036;3509;150;4124;4130;9.68;0.59;220.29;4.09;615;27;1438.00;6
3510;27;627329050;3510;141;4124;4130;9.90;0.60;220.30;4.09;614;27;1439.00;6
3512;27;627329060;3512;178;4237;4360;9.76;0.61;220.26;3.99;725;27;1440.00;123
3515;27;627329086;3515;165;4242;4361;9.87;0.62;220.17;3.98;727;27;1441.00;119
3519;27;627329101;3519;141;4253;4361;10.10;0.63;220.08;3.98;734;27;1442.00;108
3520;28;627329110;3520;133;4260;4361;10.30;0.64;220.10;3.98;740;28;1443.00;101
3520;28;627329130;3520;129;4267;4361;10.39;0.65;220.10;3.98;747;28;1444.00;94
3520;29;627329139;3520;123;4271;4361;10.48;0.65;220.10;3.98;751;29;1445.00;90
3522;29;627329164;3522;122;4275;4361;10.52;0.65;220.14;3.98;753;29;1446.00;86
3523;29;627329174;3523;126;4279;4361;10.55;0.65;220.12;3.98;756;29;1447.00;82
3527;29;627329189;3527;125;4284;4362;10.64;0.66;220.04;3.99;757;29;1448.00;78
3529;29;627329199;3529;126;4288;4363;10.72;0.66;220.03;3.99;759;29;1449.00;75
3530;29;627329217;3530;132;4292;4363;10.87;0.67;220.03;3.99;762;29;1450.00;71
3531;29;627329227;3531;138;4295;4364;10.97;0.68;220.00;4.00;764;29;1451.00;69
3534;29;627329237;3534;141;4298;4364;11.03;0.68;219.98;4.01;764;29;1452.00;66
3536;29;627329247;3536;145;4300;4364;10.98;0.67;219.96;4.01;764;29;1453.00;64
3537;29;627329257;3537;150;4302;4364;10.95;0.67;219.99;4.01;765;29;1454.00;62
3539;29;627329267;3539;151;4305;4368;10.91;0.67;219.99;4.02;766;29;1455.00;63
3541;29;627329278;3541;155;4307;4368;10.81;0.66;220.06;4.02;766;29;1456.00;61
3542;29;627329293;3542;159;4309;4368;10.79;0.66;220.06;4.03;767;29;1457.00;59
3546;29;627329303;3546;167;4312;4371;10.75;0.66;220.12;4.03;766;29;1458.00;59
3549;29;627329314;3549;168;4314;4371;10.70;0.65;220.08;4.09;765;29;1459.00;57
3554;29;627329324;3554;165;4314;4371;10.71;0.65;220.16;4.09;760;29;1460.00;57
3560;29;627329335;3560;167;4319;4375;10.72;0.65;220.23;4.09;759;29;1461.00;56
3563;29;627329346;3563;161;4321;4376;10.76;0.66;220.22;4.10;758;29;1462.00;55
3565;29;627329356;3565;151;4322;4376;10.81;0.66;220.16;4.10;757;29;1463.00;54
3568;29;627329366;3568;148;4324;4380;10.89;0.66;220.27;4.15;756;29;1464.00;56
3571;29;627329377;3571;141;4327;4380;10.89;0.66;220.36;4.16;756;29;1465.00;53
3574;29;627329393;3574;140;4329;4380;10.99;0.67;220.35;4.16;755;29;1466.00;51
3576;29;627329403;3576;138;4331;4381;11.03;0.67;220.41;4.21;755;29;1467.00;50
3578;29;627329414;3578;135;4331;4381;11.03;0.67;220.42;4.21;753;29;1468.00;50
3582;29;627329431;3582;133;4335;4387;11.13;0.68;220.40;4.21;753;29;1469.00;52
3585;29;627329446;3585;123;4336;4387;11.20;0.68;220.53;4.22;751;29;1470.00;51
3587;29;627329463;3587;122;4336;4388;11.25;0.68;220.68;4.22;749;29;1471.00;52
3590;29;627329480;3590;126;4337;4388;11.29;0.69;220.77;4.26;747;29;1472.00;51
3592;29;627329491;3592;130;4338;4388;11.36;0.69;220.78;4.26;746;29;1473.00;50
3594;29;627329503;3594;129;4339;4388;11.42;0.69;220.86;4.26;745;29;1474.00;49
3596;29;627329514;3596;132;4341;4388;11.44;0.70;220.92;4.30;745;29;1475.00;47
3600;29;627329524;3600;135;4352;4400;11.52;0.70;220.97;4.29;752;29;1476.00;48
3603;29;627329537;3603;140;4353;4400;11.57;0.70;220.97;4.30;750;29;1477.00;47
3606;29;627329548;3606;143;4354;4400;11.64;0.71;220.99;4.32;748;29;1478.00;46
3609;29;627329558;3609;146;4354;4400;11.69;0.71;220.97;4.32;745;29;1479.00;46
3612;29;627329570;3612;151;4357;4400;11.66;0.71;220.94;4.34;745;29;1480.00;43
3612;29;627329581;3612;154;4357;4400;11.72;0.71;220.94;4.34;745;29;1481.00;43
3616;29;627329593;3616;157;4361;4404;11.62;0.71;220.92;4.34;745;29;1482.00;43
3619;29;627329610;3619;158;4362;4404;11.57;0.70;220.99;4.35;743;29;1483.00;42
3622;29;627329622;3622;157;4365;4408;11.52;0.70;221.00;4.35;743;29;1484.00;43
3622;29;627329633;3622;167;4368;4410;11.48;0.70;221.00;4.36;746;29;1485.00;42
3624;30;627329644;3624;169;4370;4410;11.35;0.69;221.07;4.37;746;30;1486.00;40
3626;30;627329666;3626;173;4371;4410;11.27;0.69;221.10;4.38;745;30;1487.00;39
3628;30;627329677;3628;179;4380;4423;11.11;0.68;221.17;4.37;752;30;1488.00;43
3629;30;627329690;3629;179;4382;4423;11.04;0.67;221.22;4.39;753;30;1489.00;41
3629;30;627329705;3629;188;4384;4423;10.92;0.67;221.22;4.41;755;30;1490.00;39
3632;30;627329722;3632;193;4385;4424;10.90;0.66;221.25;4.41;753;30;1491.00;39
3633;30;627329738;3633;199;4388;4425;10.76;0.66;221.23;4.44;755;30;1492.00;37
3636;30;627329757;3636;202;4388;4425;10.64;0.65;221.28;4.44;752;30;1493.00;37
3640;30;627329775;3640;203;4391;4428;10.56;0.64;221.26;4.45;751;30;1494.00;37
3644;30;627329792;3644;215;4394;4428;10.45;0.64;221.21;4.48;750;30;1495.00;34
3650;30;627329808;3650;221;4395;4428;10.36;0.63;221.16;4.48;745;30;1496.00;33
3653;30;627329821;3653;234;4396;4428;10.24;0.62;221.25;4.49;743;30;1497.00;32
3654;30;627329833;3654;239;4403;4434;10.20;0.62;221.21;4.52;749;30;1498.00;31
3656;30;627329845;3656;241;4404;4434;10.09;0.61;221.23;4.52;748;30;1499.00;30
3660;30;627329860;3660;250;4410;4453;9.95;0.60;221.23;4.54;750;30;1500.00;43
3661;30;627329880;3661;255;4412;4453;9.87;0.60;221.23;4.54;751;30;1501.00;41
3662;30;627329892;3662;257;4417;4457;9.80;0.60;221.18;4.56;755;30;1502.00;40
3663;30;627329904;3663;263;4419;4458;9.74;0.59;221.18;4.56;756;30;1503.00;39
3663;31;627329917;3663;269;4420;4458;9.63;0.59;221.18;4.56;757;31;1504.00;38
3665;31;627329936;3665;274;4425;4459;9.50;0.58;221.19;4.59;760;31;1505.00;34
3666;31;627329952;3666;280;4425;4459;9.41;0.57;221.22;4.59;759;31;1506.00;34
3669;31;627329963;3669;286;4429;4459;9.27;0.56;221.24;4.61;760;31;1507.00;30
3673;31;627329975;3673;292;4429;4459;9.19;0.56;221.28;4.61;756;31;1508.00;30
3678;31;627329986;3678;287;4430;4459;9.05;0.55;221.21;4.62;752;31;1509.00;29
3681;31;627330025;3681;289;4432;4459;9.05;0.55;221.12;4.64;751;31;1510.00;27
3684;31;627330053;3684;285;4434;4459;8.97;0.55;221.12;4.65;750;31;1511.00;25
3687;31;627330078;3687;279;4464;4529;8.86;0.54;221.12;4.62;777;31;1512.00;65
3690;31;627330103;3690;279;4470;4530;8.83;0.54;221.08;4.62;780;31;1513.00;60
3692;31;627330117;3692;280;4477;4530;8.82;0.54;221.04;4.62;785;31;1514.00;53
3694;31;627330130;3694;284;4480;4530;8.84;0.54;221.00;4.62;786;31;1515.00;50
3698;31;627330143;3698;284;4482;4530;8.81;0.54;220.93;4.62;784;31;1516.00;48
3699;31;627330156;3699;281;4486;4530;8.80;0.54;220.92;4.62;787;31;1517.00;44
3701;31;627330169;3701;275;4488;4530;8.79;0.54;220.89;4.63;787;31;1518.00;42
3706;31;627330182;3706;277;4490;4530;8.86;0.54;220.78;4.63;784;31;1519.00;40
3707;31;627330196;3707;275;4492;4531;8.82;0.54;220.83;4.63;785;31;1520.00;39
3711;31;627330209;3711;274;4495;4532;8.77;0.54;220.79;4.63;784;31;1521.00;37
3713;31;627330223;3713;283;4498;4532;8.65;0.53;220.79;4.64;785;31;1522.00;34
3718;31;627330236;3718;283;4502;4536;8.51;0.52;220.89;4.63;784;31;1523.00;34
3720;31;627330250;3720;281;4506;4536;8.46;0.52;220.93;4.64;786;31;1524.00;30
3726;31;627330263;3726;281;4506;4536;8.36;0.51;221.15;4.64;780;31;1525.00;30
3729;31;627330276;3729;281;4506;4536;8.26;0.51;221.13;4.64;777;31;1526.00;30
3735;31;627330288;3735;285;4510;4542;8.12;0.50;221.14;4.64;775;31;1527.00;32
3741;31;627330303;3741;284;4511;4542;7.95;0.49;221.25;4.64;770;31;1528.00;31
3746;31;627330316;3746;281;4511;4542;7.68;0.47;221.33;4.64;765;31;1529.00;31
3752;31;627330330;3752;277;4514;4548;7.56;0.46;221.54;4.64;762;31;1530.00;34
3756;31;627330343;3756;270;4514;4548;7.58;0.47;221.56;4.64;758;31;1531.00;34
3761;31;627330361;3761;269;4515;4548;7.52;0.46;221.65;4.65;754;31;1532.00;33
3766;31;627330373;3766;264;4516;4549;7.43;0.46;221.66;4.65;750;31;1533.00;33
3769;31;627330392;3769;261;4518;4550;7.52;0.46;221.73;4.65;749;31;1534.00;32
3772;31;627330404;3772;256;4518;4550;7.54;0.46;221.86;4.65;746;31;1535.00;32
3775;31;627330415;3775;250;4531;4563;7.54;0.46;221.93;4.65;756;31;1536.00;32
3779;31;627330427;3779;248;4531;4563;7.60;0.47;221.95;4.65;752;31;1537.00;32
3783;31;627330448;3783;250;4532;4563;7.67;0.47;222.07;4.66;749;31;1538.00;31
3786;31;627330459;3786;244;4537;4564;7.72;0.47;222.13;4.68;751;31;1539.00;27
3790;31;627330471;3790;233;4537;4564;7.78;0.48;222.28;4.68;747;31;1540.00;27
3792;31;627330482;3792;227;4540;4568;7.78;0.48;222.37;4.67;748;31;1541.00;28
3796;31;627330495;3796;223;4540;4568;7.82;0.48;222.42;4.67;744;31;1542.00;28
3798;31;627330507;3798;213;4544;4572;7.90;0.48;222.52;4.67;746;31;1543.00;28
3800;31;627330521;3800;212;4545;4572;7.98;0.49;222.47;4.68;745;31;1544.00;27
3802;31;627330533;3802;215;4545;4572;8.05;0.49;222.40;4.68;743;31;1545.00;27
3807;31;627330547;3807;226;4545;4572;8.02;0.49;222.39;4.68;738;31;1546.00;27
3812;31;627330560;3812;230;4547;4572;8.03;0.49;222.32;4.69;735;31;1547.00;25
3815;32;627330574;3815;234;4556;4584;8.10;0.50;222.36;4.68;741;32;1548.00;28
3820;32;627330608;3820;231;4558;4584;8.05;0.49;222.33;4.69;738;32;1549.00;26
3824;32;627330620;3824;226;4558;4584;8.06;0.49;222.43;4.69;734;32;1550.00;26
3825;32;627330633;3825;225;4559;4584;8.12;0.50;222.43;4.69;734;32;1551.00;25
3828;32;627330653;3828;233;4560;4584;8.10;0.50;222.51;4.70;732;32;1552.00;24
3830;32;627330664;3830;230;4560;4584;8.10;0.50;222.60;4.70;730;32;1553.00;24
3833;32;627330676;3833;230;4561;4585;8.12;0.50;222.50;4.70;728;32;1554.00;24
3838;32;627330689;3838;233;4563;4587;8.10;0.50;222.52;4.70;725;32;1555.00;24
3842;32;627330704;3842;242;4568;4593;8.14;0.50;222.57;4.71;726;32;1556.00;25
3844;32;627330725;3844;245;4569;4594;8.10;0.50;222.53;4.71;725;32;1557.00;25
3850;32;627330739;3850;249;4570;4594;8.00;0.49;222.51;4.71;720;32;1558.00;24
3854;32;627330750;3854;257;4570;4594;7.90;0.48;222.61;4.71;716;32;1559.00;24
3860;32;627330763;3860;260;4576;4599;7.79;0.47;222.69;4.72;716;32;1560.00;23
3866;32;627330775;3866;270;4576;4599;7.69;0.47;222.64;4.72;710;32;1561.00;23
3869;32;627330785;3869;276;4577;4599;7.60;0.46;222.58;4.72;708;32;1562.00;22
3873;32;627330796;3873;273;4578;4600;7.52;0.46;222.52;4.72;705;32;1563.00;22
3875;32;627330806;3875;276;4583;4604;7.42;0.45;222.53;4.72;708;32;1564.00;21
3878;32;627330816;3878;279;4584;4604;7.39;0.45;222.48;4.73;706;32;1565.00;20
3880;32;627330826;3880;285;4586;4607;7.40;0.45;222.40;4.73;706;32;1566.00;21
3880;32;627330840;3880;296;4587;4607;7.38;0.45;222.40;4.73;707;32;1567.00;20
3882;32;627330851;3882;301;4588;4607;7.30;0.44;222.35;4.74;706;32;1568.00;19
3886;32;627330862;3886;304;4589;4607;7.21;0.44;222.23;4.74;703;32;1569.00;18
3889;32;627330871;3889;310;4592;4611;7.18;0.44;222.31;4.75;703;32;1570.00;19
3890;32;627330882;3890;316;4592;4611;7.15;0.43;222.28;4.75;702;32;1571.00;19
3893;32;627330893;3893;323;4593;4611;7.06;0.43;222.37;4.75;700;32;1572.00;18
3896;32;627330902;3896;331;4594;4611;6.99;0.42;222.40;4.75;698;32;1573.00;17
3899;32;627330912;3899;334;4596;4612;6.86;0.42;222.34;4.75;697;32;1574.00;16
3902;32;627330922;3902;341;4599;4614;6.82;0.41;222.32;4.75;697;32;1575.00;15
3903;32;627330933;3903;345;4599;4614;6.79;0.41;222.27;4.75;696;32;1576.00;15
3905;32;627330943;3905;337;4602;4615;6.73;0.41;222.27;4.78;697;32;1577.00;13
3906;32;627330953;3906;335;4603;4615;6.75;0.41;222.25;4.78;697;32;1578.00;12
3908;32;627330964;3908;332;4603;4615;6.77;0.41;222.25;4.78;695;32;1579.00;12
3910;32;627330974;3910;328;4603;4615;6.81;0.41;222.31;4.78;693;32;1580.00;12
3911;32;627330984;3911;325;4603;4615;6.85;0.41;222.32;4.78;692;32;1581.00;12
3912;32;627330994;3912;319;4603;4615;6.91;0.42;222.39;4.78;691;32;1582.00;12
3913;32;627331005;3913;318;4603;4615;6.99;0.42;222.44;4.78;690;32;1583.00;12
3914;32;627331016;3914;337;4675;4742;7.25;0.45;222.55;4.71;761;32;1584.00;67
3916;32;627331037;3916;328;4678;4743;7.32;0.45;222.53;4.71;762;32;1585.00;65
3919;32;627331048;3919;306;4685;4743;7.41;0.46;222.60;4.70;766;32;1586.00;58
3921;32;627331058;3921;281;4690;4743;7.53;0.47;222.56;4.70;769;32;1587.00;53
3921;32;627331071;3921;254;4696;4743;7.65;0.47;222.56;4.70;775;32;1588.00;47
3922;32;627331091;3922;238;4700;4743;7.77;0.48;222.60;4.70;778;32;1589.00;43
3923;32;627331109;3923;223;4706;4743;8.00;0.49;222.63;4.70;783;32;1590.00;37
3923;32;627331129;3923;211;4706;4743;8.26;0.51;222.63;4.70;783;32;1591.00;37
3925;32;627331142;3925;202;4710;4744;8.48;0.52;222.62;4.71;785;32;1592.00;34
3925;32;627331162;3925;197;4715;4745;8.68;0.54;222.62;4.71;790;32;1593.00;30
3927;32;627331185;3927;194;4718;4745;8.86;0.55;222.59;4.71;791;32;1594.00;27
3928;32;627331199;3928;192;4721;4746;8.99;0.55;222.60;4.72;793;32;1595.00;25
3929;32;627331212;3929;187;4721;4746;9.15;0.56;222.61;4.72;792;32;1596.00;25
3929;32;627331226;3929;182;4725;4746;9.20;0.57;222.61;4.72;796;32;1597.00;21
3933;32;627331238;3933;181;4727;4746;9.30;0.57;222.56;4.73;794;32;1598.00;19
3934;32;627331257;3934;177;4730;4750;9.38;0.57;222.54;4.73;796;32;1599.00;20
3940;32;627331272;3940;178;4732;4750;9.44;0.58;222.47;4.73;792;32;1600.00;18
3941;32;627331296;3941;175;4732;4750;9.56;0.58;222.46;4.73;791;32;1601.00;18
3942;32;627331317;3942;169;4735;4753;9.66;0.59;222.45;4.73;793;32;1602.00;18
3942;32;627331330;3942;169;4735;4753;9.74;0.59;222.45;4.73;793;32;1603.00;18
3943;32;627331343;3943;166;4736;4753;9.85;0.60;222.45;4.72;793;32;1604.00;17
3945;32;627331356;3945;168;4740;4757;9.93;0.60;222.38;4.76;795;32;1605.00;17
3945;32;627331368;3945;165;4741;4758;10.08;0.61;222.38;4.76;796;32;1606.00;17
3947;32;627331382;3947;161;4741;4758;10.18;0.62;222.43;4.76;794;32;1607.00;17
3952;32;627331395;3952;156;4744;4762;10.27;0.62;222.35;4.75;792;32;1608.00;18
3954;32;627331409;3954;149;4744;4762;10.38;0.63;222.43;4.75;790;32;1609.00;18
3957;33;627331431;3957;147;4744;4762;10.40;0.63;222.36;4.75;787;33;1610.00;18
3960;33;627331458;3960;149;4745;4763;10.45;0.63;222.45;4.75;785;33;1611.00;18
3964;33;627331473;3964;149;4745;4763;10.54;0.64;222.52;4.75;781;33;1612.00;18
3965;33;627331492;3965;147;4749;4769;10.67;0.65;222.55;4.75;784;33;1613.00;20
3970;33;627331506;3970;144;4749;4769;10.82;0.66;222.59;4.75;779;33;1614.00;20
3972;33;627331519;3972;146;4750;4770;10.97;0.66;222.69;4.75;778;33;1615.00;20
3974;33;627331532;3974;149;4750;4770;11.02;0.67;222.76;4.75;776;33;1616.00;20
3976;33;627331547;3976;144;4750;4770;10.98;0.67;222.80;4.75;774;33;1617.00;20
3979;33;627331560;3979;144;4750;4770;10.96;0.66;222.85;4.75;771;33;1618.00;20
3982;33;627331572;3982;144;4750;4770;11.02;0.67;222.85;4.75;768;33;1619.00;20
3987;33;627331586;3987;141;4770;4806;11.03;0.67;222.88;4.73;783;33;1620.00;36
3989;33;627331601;3989;142;4771;4806;11.14;0.68;222.93;4.73;782;33;1621.00;35
3990;33;627331613;3990;144;4772;4806;11.21;0.68;222.99;4.73;782;33;1622.00;34
3993;33;627331624;3993;146;4774;4806;11.24;0.69;223.09;4.73;781;33;1623.00;32
3994;33;627331637;3994;145;4774;4806;11.31;0.69;223.15;4.73;780;33;1624.00;32
3999;33;627331651;3999;145;4775;4806;11.33;0.69;223.27;4.73;776;33;1625.00;31
4003;33;627331664;4003;147;4778;4810;11.36;0.69;223.30;4.72;775;33;1626.00;32
4010;33;627331677;4010;147;4779;4810;11.39;0.69;223.49;4.72;769;33;1627.00;31
4012;33;627331690;4012;149;4782;4814;11.47;0.70;223.48;4.72;770;33;1628.00;32
4016;33;627331706;4016;145;4785;4815;11.49;0.70;223.53;4.76;769;33;1629.00;30
4021;33;627331724;4021;142;4786;4815;11.54;0.70;223.54;4.76;765;33;1630.00;29
4024;33;627331741;4024;136;4786;4815;11.56;0.70;223.57;4.76;762;33;1631.00;29
4029;33;627331761;4029;134;4795;4828;11.43;0.70;223.55;4.75;766;33;1632.00;33
4033;33;627331777;4033;137;4795;4828;11.37;0.69;223.65;4.75;762;33;1633.00;33
4035;33;627331801;4035;134;4795;4828;11.32;0.69;223.72;4.75;760;33;1634.00;33
4037;33;627331821;4037;128;4796;4829;11.30;0.69;223.73;4.75;759;33;1635.00;33
4038;33;627331836;4038;122;4797;4830;11.36;0.69;223.82;4.76;759;33;1636.00;33
4042;33;627331851;4042;114;4797;4830;11.47;0.70;223.85;4.76;755;33;1637.00;33
4049;33;627331874;4049;119;4799;4833;11.62;0.71;223.94;4.76;750;33;1638.00;34
4051;33;627331889;4051;116;4799;4833;11.71;0.71;223.96;4.76;748;33;1639.00;34
4055;33;627331902;4055;115;4801;4833;11.81;0.72;223.91;4.77;746;33;1640.00;32
4057;33;627331917;4057;113;4801;4833;11.93;0.73;223.88;4.77;744;33;1641.00;32
4063;33;627331930;4063;114;4806;4839;11.88;0.72;223.88;4.77;743;33;1642.00;33
4066;33;627331946;4066;113;4807;4839;11.81;0.72;223.92;4.77;741;33;1643.00;32
4067;33;627331959;4067;117;4807;4839;11.79;0.72;223.98;4.77;740;33;1644.00;32
4069;33;627331972;4069;121;4807;4839;11.75;0.72;224.00;4.77;738;33;1645.00;32
4072;33;627331984;4072;120;4810;4843;11.69;0.71;224.06;4.76;738;33;1646.00;33
4074;33;627331999;4074;124;4812;4844;11.66;0.71;224.05;4.77;738;33;1647.00;32
4075;33;627332015;4075;125;4813;4844;11.69;0.71;224.05;4.77;738;33;1648.00;31
4079;33;627332030;4079;134;4814;4845;11.68;0.71;224.07;4.77;735;33;1649.00;31
4082;33;627332046;4082;137;4816;4845;11.75;0.71;224.21;4.79;734;33;1650.00;29
4085;33;627332060;4085;137;4816;4845;11.77;0.71;224.18;4.79;731;33;1651.00;29
4088;33;627332074;4088;139;4817;4845;11.72;0.71;224.21;4.79;729;33;1652.00;28
4090;33;627332088;4090;139;4817;4845;11.67;0.71;224.17;4.79;727;33;1653.00;28
4091;33;627332103;4091;147;4817;4845;11.59;0.70;224.25;4.79;726;33;1654.00;28
4092;33;627332116;4092;155;4818;4845;11.59;0.70;224.24;4.80;726;33;1655.00;27
4096;33;627332130;4096;167;4853;4915;11.45;0.70;224.21;4.76;757;33;1656.00;62
4098;34;627332152;4098;166;4855;4916;11.34;0.69;224.21;4.77;757;34;1657.00;61
4100;34;627332197;4100;167;4863;4916;11.32;0.69;224.26;4.76;763;34;1658.00;53
4103;34;627332209;4103;172;4864;4916;11.30;0.69;224.24;4.76;761;34;1659.00;52
4106;34;627332228;4106;176;4868;4916;11.27;0.69;224.23;4.77;762;34;1660.00;48
4106;34;627332241;4106;180;4873;4916;11.23;0.69;224.23;4.78;767;34;1661.00;43
4109;34;627332260;4109;181;4876;4916;11.14;0.68;224.28;4.79;767;34;1662.00;40
4112;34;627332275;4112;187;4877;4916;11.07;0.68;224.21;4.79;765;34;1663.00;39
4115;34;627332289;4115;193;4881;4917;10.98;0.67;224.23;4.80;766;34;1664.00;36
4121;34;627332310;4121;198;4883;4919;10.80;0.66;224.25;4.80;762;34;1665.00;36
4129;34;627332335;4129;198;4889;4919;10.61;0.64;224.30;4.82;760;34;1666.00;30
4132;34;627332349;4132;208;4891;4923;10.41;0.63;224.32;4.82;759;34;1667.00;32
4134;34;627332362;4134;212;4896;4923;10.25;0.62;224.25;4.84;762;34;1668.00;27
4136;34;627332376;4136;220;4897;4923;10.16;0.62;224.32;4.84;761;34;1669.00;26
4137;34;627332388;4137;226;4899;4923;10.06;0.61;224.30;4.85;762;34;1670.00;24
4139;34;627332400;4139;233;4904;4929;9.96;0.61;224.29;4.85;765;34;1671.00;25
4141;34;627332413;4141;240;4905;4929;9.93;0.60;224.30;4.85;764;34;1672.00;24
4144;34;627332427;4144;248;4906;4929;9.90;0.60;224.23;4.85;762;34;1673.00;23
4144;34;627332446;4144;250;4909;4932;9.83;0.60;224.23;4.85;765;34;1674.00;23
4148;34;627332459;4148;255;4910;4932;9.66;0.59;224.25;4.85;762;34;1675.00;22
4150;34;627332474;4150;257;4911;4932;9.53;0.58;224.21;4.86;761;34;1676.00;21
4153;34;627332487;4153;256;4911;4933;9.38;0.57;224.16;4.86;758;34;1677.00;22
4155;34;627332500;4155;261;4913;4934;9.20;0.56;224.15;4.86;758;34;1678.00;21
4160;34;627332514;4160;261;4913;4934;8.99;0.55;224.23;4.86;753;34;1679.00;21
4163;34;627332529;4163;261;4933;4960;8.80;0.54;224.16;4.85;770;34;1680.00;27
4170;34;627332548;4170;255;4935;4960;8.65;0.53;224.13;4.85;765;34;1681.00;25
4170;34;627332564;4170;255;4938;4960;8.55;0.52;224.13;4.85;768;34;1682.00;22
4172;34;627332591;4172;250;4939;4961;8.45;0.52;224.11;4.85;767;34;1683.00;22
4174;34;627332603;4174;251;4939;4961;8.44;0.52;224.11;4.85;765;34;1684.00;22
4176;34;627332616;4176;252;4943;4965;8.45;0.52;224.06;4.85;767;34;1685.00;22
4178;34;627332630;4178;255;4943;4965;8.47;0.52;224.06;4.85;765;34;1686.00;22
4179;34;627332642;4179;259;4947;4969;8.40;0.52;224.05;4.85;768;34;1687.00;22
4183;34;627332656;4183;259;4949;4969;8.30;0.51;223.96;4.86;766;34;1688.00;20
4184;34;627332667;4184;263;4949;4969;8.27;0.51;223.96;4.86;765;34;1689.00;20
4185;34;627332680;4185;264;4949;4969;8.23;0.51;223.96;4.86;764;34;1690.00;20
4189;34;627332696;4189;269;4949;4969;8.19;0.50;223.89;4.86;760;34;1691.00;20
4192;34;627332716;4192;275;4961;4981;8.20;0.50;223.86;4.85;769;34;1692.00;20
4196;34;627332729;4196;276;4961;4981;8.04;0.49;223.88;4.85;765;34;1693.00;20
4198;34;627332741;4198;277;4964;4981;8.00;0.49;223.87;4.85;766;34;1694.00;17
4203;34;627332752;4203;284;4964;4981;7.84;0.48;223.87;4.85;761;34;1695.00;17
4205;34;627332763;4205;288;4964;4981;7.72;0.47;223.84;4.85;759;34;1696.00;17
4208;34;627332773;4208;297;4964;4981;7.50;0.46;223.93;4.85;756;34;1697.00;17
4210;34;627332783;4210;303;4965;4982;7.33;0.45;223.88;4.85;755;34;1698.00;17
4215;34;627332792;4215;310;4965;4982;7.12;0.44;223.95;4.85;750;34;1699.00;17
4220;34;627332809;4220;306;4970;4988;7.00;0.43;223.99;4.84;750;34;1700.00;18
4221;34;627332824;4221;307;4971;4989;6.89;0.43;224.03;4.84;750;34;1701.00;18
4223;34;627332835;4223;301;4972;4989;6.78;0.42;224.15;4.84;749;34;1702.00;17
4226;34;627332846;4226;300;4972;4989;6.72;0.42;224.23;4.84;746;34;1703.00;17
4229;34;627332857;4229;299;4976;4993;6.69;0.42;224.47;4.84;747;34;1704.00;17
4234;34;627332867;4234;296;4976;4993;6.65;0.41;224.54;4.84;742;34;1705.00;17
4234;34;627332878;4234;296;4976;4993;6.69;0.41;224.54;4.84;742;34;1706.00;17
4240;34;627332888;4240;287;4977;4994;6.71;0.42;224.56;4.84;737;34;1707.00;17
4243;34;627332900;4243;281;4981;4998;6.78;0.42;224.53;4.83;738;34;1708.00;17
4243;34;627332911;4243;278;4981;4998;6.91;0.43;224.53;4.83;738;34;1709.00;17
4248;34;627332924;4248;276;4984;5004;6.99;0.43;224.41;4.83;736;34;1710.00;20
4251;34;627332937;4251;274;4985;5004;7.04;0.44;224.45;4.83;734;34;1711.00;19
4254;34;627332948;4254;276;4985;5004;7.03;0.44;224.44;4.83;731;34;1712.00;19
4259;34;627332957;4259;275;4986;5004;7.05;0.43;224.45;4.83;727;34;1713.00;18
4260;34;627332969;4260;278;4989;5008;7.07;0.44;224.41;4.83;729;34;1714.00;19
4264;34;627332979;4264;268;4989;5008;7.04;0.44;224.49;4.83;725;34;1715.00;19
4267;34;627332989;4267;270;4990;5008;7.04;0.44;224.58;4.83;723;34;1716.00;18
4272;34;627332998;4272;272;4990;5008;7.03;0.43;224.46;4.83;718;34;1717.00;18
4276;34;627333008;4276;280;4992;5009;6.98;0.43;224.42;4.83;716;34;1718.00;17
4279;35;627333019;4279;285;4993;5010;6.97;0.43;224.46;4.83;714;35;1719.00;17
4286;35;627333048;4286;291;4993;5010;6.89;0.42;224.37;4.83;707;35;1720.00;17
4289;35;627333059;4289;292;4994;5011;6.85;0.42;224.35;4.83;705;35;1721.00;17
4294;35;627333068;4294;293;4994;5011;6.81;0.42;224.30;4.83;700;35;1722.00;17
4298;35;627333078;4298;292;4994;5011;6.83;0.42;224.30;4.83;696;35;1723.00;17
4300;35;627333088;4300;288;4994;5011;6.85;0.42;224.27;4.83;694;35;1724.00;17
4303;35;627333098;4303;285;4994;5011;6.85;0.42;224.31;4.83;691;35;1725.00;17
4308;35;627333108;4308;282;4994;5011;6.88;0.42;224.33;4.83;686;35;1726.00;17
4312;35;627333118;4312;280;4994;5011;6.88;0.42;224.29;4.83;682;35;1727.00;17
4317;35;627333127;4317;290;5064;5138;7.33;0.46;224.29;4.76;747;35;1728.00;74
4317;35;627333150;4317;287;5067;5139;7.33;0.46;224.29;4.76;750;35;1729.00;72
4324;35;627333160;4324;288;5078;5139;7.42;0.46;224.31;4.75;754;35;1730.00;61
4327;35;627333172;4327;289;5082;5139;7.39;0.46;224.33;4.75;755;35;1731.00;57
4330;35;627333182;4330;290;5086;5139;7.38;0.46;224.34;4.75;756;35;1732.00;53
4332;35;627333194;4332;292;5092;5139;7.46;0.46;224.31;4.75;760;35;1733.00;47
4335;35;627333204;4335;291;5097;5139;7.53;0.46;224.37;4.81;762;35;1734.00;42
4338;35;627333217;4338;294;5099;5139;7.59;0.47;224.33;4.81;761;35;1735.00;40
4338;35;627333228;4338;300;5103;5140;7.68;0.47;224.33;4.81;765;35;1736.00;37
4340;35;627333239;4340;300;5104;5141;7.65;0.47;224.34;4.81;764;35;1737.00;37
4343;35;627333258;4343;303;5108;5141;7.60;0.47;224.30;4.82;765;35;1738.00;33
4346;35;627333270;4346;299;5111;5142;7.56;0.46;224.42;4.82;765;35;1739.00;31
4348;35;627333284;4348;292;5113;5142;7.62;0.47;224.43;4.82;765;35;1740.00;29
4348;35;627333298;4348;294;5116;5142;7.73;0.48;224.43;4.82;768;35;1741.00;26
4352;35;627333312;4352;298;5118;5142;7.78;0.48;224.48;4.83;766;35;1742.00;24
4354;35;627333324;4354;298;5121;5146;7.84;0.48;224.44;4.83;767;35;1743.00;25
4356;35;627333337;4356;301;5123;5146;7.90;0.48;224.41;4.83;767;35;1744.00;23
4360;35;627333349;4360;298;5124;5146;7.88;0.48;224.50;4.83;764;35;1745.00;22
4361;35;627333362;4361;296;5127;5149;7.95;0.49;224.49;4.84;766;35;1746.00;22
4363;35;627333376;4363;281;5128;5149;7.99;0.49;224.50;4.84;765;35;1747.00;21
4365;36;627333391;4365;274;5130;5149;8.09;0.49;224.50;4.84;765;36;1748.00;19
4367;36;627333429;4367;264;5134;5153;8.16;0.50;224.53;4.83;767;36;1749.00;19
4370;36;627333443;4370;254;5136;5154;8.27;0.50;224.64;4.83;766;36;1750.00;18
4374;36;627333462;4374;247;5136;5154;8.37;0.51;224.63;4.83;762;36;1751.00;18
4374;36;627333484;4374;245;5140;5158;8.53;0.52;224.63;4.83;766;36;1752.00;18
4376;36;627333509;4376;243;5140;5158;8.62;0.53;224.54;4.83;764;36;1753.00;18
4378;36;627333522;4378;242;5140;5158;8.71;0.53;224.53;4.83;762;36;1754.00;18
4381;37;627333551;4381;242;5142;5160;8.72;0.53;224.63;4.83;761;37;1755.00;18
4384;37;627333580;4384;222;5142;5160;8.81;0.54;224.63;4.83;758;37;1756.00;18
4386;37;627333594;4386;204;5146;5166;8.93;0.54;224.64;4.82;760;37;1757.00;20
4388;37;627333609;4388;191;5146;5166;9.03;0.55;224.72;4.82;758;37;1758.00;20
4390;37;627333625;4390;182;5147;5167;9.19;0.56;224.81;4.82;757;37;1759.00;20
4392;37;627333638;4392;169;5147;5167;9.40;0.57;224.72;4.82;755;37;1760.00;20
4394;37;627333649;4394;162;5147;5167;9.61;0.58;224.75;4.82;753;37;1761.00;20
4398;37;627333661;4398;155;5147;5167;9.76;0.59;224.76;4.82;749;37;1762.00;20
4401;37;627333673;4401;157;5147;5167;9.87;0.60;224.94;4.82;746;37;1763.00;20
4403;37;627333684;4403;145;5157;5179;10.05;0.61;224.98;4.81;754;37;1764.00;22
4407;37;627333697;4407;141;5157;5179;10.21;0.62;225.02;4.81;750;37;1765.00;22
4411;37;627333713;4411;139;5158;5179;10.37;0.63;225.13;4.81;747;37;1766.00;21
4413;37;627333734;4413;134;5158;5179;10.48;0.63;225.22;4.81;745;37;1767.00;21
4414;37;627333753;4414;131;5158;5179;10.63;0.64;225.18;4.81;744;37;1768.00;21
4416;37;627333779;4416;128;5158;5179;10.74;0.65;225.29;4.81;742;37;1769.00;21
4417;37;627333798;4417;124;5161;5183;10.80;0.66;225.32;4.81;744;37;1770.00;22
4418;37;627333816;4418;125;5161;5183;10.88;0.66;225.37;4.81;743;37;1771.00;22
4420;37;627333828;4420;127;5164;5187;10.94;0.66;225.49;4.81;744;37;1772.00;23
4423;37;627333843;4423;125;5166;5188;10.99;0.67;225.62;4.81;743;37;1773.00;22
4424;37;627333863;4424;126;5166;5188;11.09;0.67;225.65;4.81;742;37;1774.00;22
4425;37;627333883;4425;128;5166;5188;11.16;0.68;225.67;4.81;741;37;1775.00;22
4426;37;627333896;4426;129;5176;5201;11.24;0.68;225.72;4.80;750;37;1776.00;25
4430;37;627333909;4430;126;5176;5201;11.33;0.69;225.82;4.80;746;37;1777.00;25
4433;37;627333921;4433;123;5177;5201;11.40;0.69;225.85;4.80;744;37;1778.00;24
4437;38;627333933;4437;122;5178;5202;11.43;0.69;225.95;4.80;741;38;1779.00;24
4439;38;627333957;4439;115;5178;5203;11.49;0.70;225.91;4.80;739;38;1780.00;25
4443;38;627333971;4443;116;5178;5203;11.54;0.70;225.94;4.80;735;38;1781.00;25
4446;38;627333983;4446;116;5180;5206;11.69;0.71;226.00;4.80;734;38;1782.00;26
4447;38;627333995;4447;119;5180;5206;11.73;0.71;226.05;4.80;733;38;1783.00;26
4452;39;627334007;4452;113;5181;5206;11.84;0.72;226.05;4.79;729;39;1784.00;25
4455;39;627334034;4455;113;5181;5206;11.89;0.72;226.09;4.79;726;39;1785.00;25
4457;39;627334047;4457;113;5185;5212;11.92;0.72;226.13;4.79;728;39;1786.00;27
4460;39;627334066;4460;115;5185;5212;11.95;0.72;226.20;4.79;725;39;1787.00;27
4461;39;627334085;4461;119;5186;5212;12.02;0.73;226.20;4.79;725;39;1788.00;26
4466;39;627334097;4466;122;5186;5212;11.99;0.73;226.24;4.79;720;39;1789.00;26
4471;39;627334109;4471;121;5189;5216;11.99;0.73;226.26;4.79;718;39;1790.00;27
4472;39;627334122;4472;125;5190;5217;12.06;0.73;226.25;4.79;718;39;1791.00;27
4473;39;627334133;4473;123;5190;5217;12.19;0.74;226.29;4.79;717;39;1792.00;27
4475;39;627334145;4475;124;5191;5218;12.28;0.74;226.31;4.79;716;39;1793.00;27
4478;39;627334157;4478;123;5191;5218;12.34;0.75;226.31;4.79;713;39;1794.00;27
4481;39;627334168;4481;120;5191;5218;12.36;0.75;226.30;4.79;710;39;1795.00;27
4487;39;627334179;4487;120;5191;5218;12.42;0.75;226.52;4.79;704;39;1796.00;27
4490;39;627334192;4490;123;5191;5218;12.47;0.76;226.51;4.79;701;39;1797.00;27
4493;39;627334203;4493;130;5191;5218;12.49;0.76;226.56;4.79;698;39;1798.00;27
4498;39;627334214;4498;126;5191;5218;12.47;0.76;226.63;4.79;693;39;1799.00;27
4499;39;627334227;4499;147;5255;5356;11.97;0.73;226.61;4.73;756;39;1800.00;101
4505;39;627334255;4505;135;5255;5357;11.96;0.73;226.63;4.73;750;39;1801.00;102
4508;39;627334268;4508;124;5265;5357;11.97;0.73;226.69;4.72;757;39;1802.00;92
4513;39;627334280;4513;118;5269;5357;12.01;0.73;226.74;4.72;756;39;1803.00;88
4517;40;627334292;4517;115;5275;5357;12.05;0.74;226.91;4.72;758;40;1804.00;82
4519;40;627334312;4519;113;5280;5357;12.11;0.74;226.92;4.74;761;40;1805.00;77
4523;40;627334329;4523;108;5284;5357;12.15;0.74;226.95;4.74;761;40;1806.00;73
4527;40;627334341;4527;113;5286;5357;12.20;0.75;227.07;4.74;759;40;1807.00;71
4532;40;627334353;4532;118;5290;5358;12.27;0.75;226.99;4.74;758;40;1808.00;68
4536;40;627334364;4536;113;5290;5359;12.25;0.75;227.06;4.74;754;40;1809.00;69
4538;40;627334376;4538;110;5292;5359;12.25;0.75;227.17;4.74;754;40;1810.00;67
4541;40;627334387;4541;111;5298;5363;12.13;0.74;227.18;4.74;757;40;1811.00;65
4546;40;627334399;4546;106;5299;5363;12.09;0.74;227.17;4.74;753;40;1812.00;64
4549;40;627334410;4549;112;5301;5363;11.94;0.73;227.16;4.75;752;40;1813.00;62
4552;40;627334422;4552;108;5302;5363;11.86;0.72;227.21;4.75;750;40;1814.00;61
4556;40;627334434;4556;110;5304;5369;11.82;0.72;227.23;4.75;748;40;1815.00;65
4559;40;627334446;4559;112;5304;5369;11.82;0.72;227.34;4.75;745;40;1816.00;65
4561;40;627334458;4561;111;5305;5369;11.83;0.72;227.31;4.75;744;40;1817.00;64
4563;40;627334470;4563;118;5308;5372;11.85;0.72;227.31;4.75;745;40;1818.00;64
4568;40;627334482;4568;123;5309;5372;11.82;0.72;227.35;4.75;741;40;1819.00;63
4570;40;627334494;4570;126;5310;5372;11.83;0.72;227.39;4.76;740;40;1820.00;62
4574;40;627334506;4574;128;5310;5373;11.84;0.72;227.53;4.76;736;40;1821.00;63
4576;40;627334517;4576;131;5311;5374;11.86;0.73;227.59;4.76;735;40;1822.00;63
4578;40;627334529;4578;134;5313;5374;11.89;0.73;227.59;4.76;735;40;1823.00;61
4581;40;627334541;4581;139;5322;5387;11.83;0.72;227.59;4.76;741;40;1824.00;65
4585;40;627334553;4585;141;5323;5387;11.80;0.72;227.56;4.76;738;40;1825.00;64
4587;40;627334565;4587;149;5324;5387;11.78;0.72;227.63;4.76;737;40;1826.00;63
4592;40;627334576;4592;149;5325;5388;11.77;0.72;227.57;4.76;733;40;1827.00;63
4594;40;627334596;4594;152;5326;5388;11.79;0.72;227.62;4.77;732;40;1828.00;62
4598;40;627334608;4598;153;5330;5392;11.68;0.71;227.61;4.78;732;40;1829.00;62
4601;40;627334622;4601;158;5332;5392;11.58;0.71;227.74;4.78;731;40;1830.00;60
4604;41;627334634;4604;167;5336;5396;11.49;0.70;227.74;4.79;732;41;1831.00;60
4606;41;627334681;4606;174;5338;5396;11.35;0.69;227.69;4.80;732;41;1832.00;58
4608;41;627334692;4608;175;5340;5396;11.26;0.69;227.69;4.82;732;41;1833.00;56
4610;41;627334705;4610;184;5341;5396;11.13;0.68;227.72;4.82;731;41;1834.00;55
4612;41;627334717;4612;184;5344;5396;10.93;0.67;227.69;4.84;732;41;1835.00;52
4612;41;627334727;4612;194;5353;5408;10.82;0.66;227.69;4.83;741;41;1836.00;55
4616;41;627334747;4616;199;5355;5408;10.65;0.65;227.70;4.85;739;41;1837.00;53
4616;41;627334758;4616;203;5358;5408;10.53;0.64;227.70;4.85;742;41;1838.00;50
4620;41;627334768;4620;211;5358;5408;10.38;0.63;227.68;4.85;738;41;1839.00;50
4625;41;627334778;4625;222;5361;5408;10.21;0.62;227.65;4.86;736;41;1840.00;47
4627;41;627334789;4627;225;5362;5408;9.93;0.61;227.66;4.87;735;41;1841.00;46
4635;41;627334799;4635;235;5363;5409;9.76;0.60;227.74;4.87;728;41;1842.00;46
4636;41;627334809;4636;243;5365;5409;9.66;0.59;227.73;4.89;729;41;1843.00;44
4637;41;627334819;4637;249;5370;5415;9.63;0.59;227.74;4.89;733;41;1844.00;45
4640;41;627334828;4640;265;5375;5417;9.50;0.58;227.80;4.90;735;41;1845.00;42
4642;41;627334837;4642;270;5375;5417;9.27;0.57;227.75;4.90;733;41;1846.00;42
4643;41;627334846;4643;275;5376;5417;9.05;0.55;227.81;4.91;733;41;1847.00;41
4645;41;627334855;4645;283;5381;5421;8.87;0.54;227.81;4.92;736;41;1848.00;40
4648;41;627334864;4648;287;5381;5421;8.71;0.53;227.83;4.92;733;41;1849.00;40
4651;41;627334873;4651;280;5384;5421;8.57;0.53;227.75;4.93;733;41;1850.00;37
4655;41;627334881;4655;279;5385;5422;8.47;0.52;227.85;4.93;730;41;1851.00;37
4658;41;627334890;4658;284;5389;5426;8.35;0.51;227.87;4.93;731;41;1852.00;37
4662;41;627334899;4662;280;5390;5426;8.33;0.51;227.88;4.93;728;41;1853.00;36
4663;41;627334908;4663;272;5393;5429;8.34;0.51;227.89;4.93;730;41;1854.00;36
4663;41;627334918;4663;267;5393;5429;8.33;0.51;227.89;4.93;730;41;1855.00;36
4664;41;627334926;4664;268;5395;5429;8.34;0.51;227.94;4.93;731;41;1856.00;34
4666;41;627334935;4666;266;5395;5429;8.35;0.51;227.92;4.93;729;41;1857.00;34
4670;41;627334944;4670;268;5398;5433;8.38;0.51;228.04;4.93;728;41;1858.00;35
4673;41;627334953;4673;266;5400;5433;8.36;0.51;227.96;4.93;727;41;1859.00;33
4676;41;627334964;4676;268;5401;5433;8.30;0.51;228.00;4.93;725;41;1860.00;32
4680;41;627334973;4680;271;5401;5433;8.12;0.50;227.92;4.93;721;41;1861.00;32
4683;41;627334982;4683;270;5402;5434;7.92;0.49;227.89;4.93;719;41;1862.00;32
4687;41;627334990;4687;273;5403;5435;7.75;0.48;227.81;4.93;716;41;1863.00;32
4694;41;627334998;4694;274;5403;5435;7.62;0.47;227.70;4.93;709;41;1864.00;32
4697;41;627335006;4697;279;5404;5436;7.49;0.46;227.68;4.93;707;41;1865.00;32
4701;41;627335014;4701;289;5404;5436;7.36;0.45;227.86;4.93;703;41;1866.00;32
4705;41;627335022;4705;295;5404;5436;7.15;0.44;227.81;4.93;699;41;1867.00;32
4705;41;627335030;4705;303;5404;5436;7.04;0.43;227.81;4.93;699;41;1868.00;32
4710;41;627335037;4710;309;5404;5436;6.85;0.42;227.86;4.93;694;41;1869.00;32
4714;41;627335044;4714;314;5404;5436;6.68;0.41;227.88;4.93;690;41;1870.00;32
4715;41;627335051;4715;315;5404;5436;6.59;0.41;227.88;4.93;689;41;1871.00;32
4717;41;627335058;4717;336;5473;5563;6.85;0.43;227.97;4.87;756;41;1872.00;90
4720;41;627335076;4720;324;5476;5564;6.82;0.43;227.89;4.87;756;41;1873.00;88
4723;41;627335084;4723;320;5486;5564;6.91;0.43;227.94;4.86;763;41;1874.00;78
4725;41;627335092;4725;321;5492;5564;6.91;0.44;227.95;4.86;767;41;1875.00;72
4727;41;627335100;4727;317;5498;5564;6.97;0.44;227.99;4.86;771;41;1876.00;66
4727;41;627335108;4727;313;5503;5564;6.98;0.44;227.99;4.86;776;41;1877.00;61
4731;41;627335116;4731;315;5507;5564;6.88;0.43;227.88;4.86;776;41;1878.00;57
4733;41;627335124;4733;316;5511;5564;6.86;0.43;227.96;4.86;778;41;1879.00;53
4736;41;627335138;4736;316;5513;5565;6.83;0.43;227.91;4.86;777;41;1880.00;52
4740;41;627335153;4740;321;5516;5566;6.78;0.42;227.94;4.87;776;41;1881.00;50
4743;41;627335162;4743;323;5519;5568;6.76;0.42;227.94;4.87;776;41;1882.00;49
4748;41;627335170;4748;323;5524;5569;6.71;0.42;227.88;4.87;776;41;1883.00;45
4750;41;627335179;4750;326;5526;5569;6.74;0.42;227.89;4.87;776;41;1884.00;43
4754;41;627335188;4754;330;5528;5569;6.67;0.41;227.90;4.87;774;41;1885.00;41
4756;41;627335196;4756;330;5530;5569;6.67;0.41;227.85;4.88;774;41;1886.00;39
4759;41;627335205;4759;333;5532;5573;6.62;0.41;227.93;4.88;773;41;1887.00;41
4762;41;627335215;4762;327;5535;5573;6.68;0.41;228.06;4.88;773;41;1888.00;38
4764;41;627335224;4764;326;5535;5573;6.69;0.41;228.06;4.88;771;41;1889.00;38
4767;41;627335235;4767;324;5538;5579;6.68;0.41;228.01;4.88;771;41;1890.00;41
4770;41;627335245;4770;309;5539;5579;6.68;0.41;228.04;4.88;769;41;1891.00;40
4773;41;627335254;4773;303;5540;5579;6.71;0.41;228.06;4.88;767;41;1892.00;39
4775;41;627335264;4775;293;5545;5583;6.83;0.42;228.03;4.88;770;41;1893.00;38
4780;41;627335274;4780;290;5547;5584;6.89;0.42;227.99;4.88;767;41;1894.00;37
4781;41;627335284;4781;286;5548;5584;6.96;0.43;227.95;4.88;767;41;1895.00;36
4784;41;627335293;4784;279;5553;5588;7.05;0.43;227.96;4.88;769;41;1896.00;35
4788;41;627335304;4788;277;5554;5588;7.08;0.43;227.91;4.88;766;41;1897.00;34
4791;41;627335323;4791;280;5554;5588;7.13;0.44;228.02;4.88;763;41;1898.00;34
4794;41;627335334;4794;279;5555;5589;7.26;0.44;228.04;4.88;761;41;1899.00;34
4799;41;627335346;4799;280;5555;5589;7.29;0.44;228.05;4.88;756;41;1900.00;34
4803;41;627335365;4803;279;5559;5595;7.32;0.44;228.08;4.87;756;41;1901.00;36
4804;41;627335375;4804;277;5559;5595;7.41;0.45;228.12;4.87;755;41;1902.00;36
4807;41;627335385;4807;275;5561;5596;7.51;0.46;228.05;4.87;754;41;1903.00;35
4812;41;627335396;4812;277;5561;5596;7.58;0.46;228.02;4.87;749;41;1904.00;35
4813;41;627335406;4813;272;5561;5596;7.70;0.47;228.05;4.87;748;41;1905.00;35
4817;41;627335416;4817;276;5561;5596;7.79;0.47;228.18;4.87;744;41;1906.00;35
4819;41;627335425;4819;272;5561;5596;7.81;0.47;228.22;4.87;742;41;1907.00;35
4821;41;627335434;4821;276;5570;5608;8.00;0.48;228.27;4.86;749;41;1908.00;38
4823;41;627335446;4823;275;5570;5608;7.98;0.48;228.34;4.86;747;41;1909.00;38
4827;41;627335455;4827;273;5572;5608;7.98;0.48;228.37;4.86;745;41;1910.00;36
4829;41;627335467;4829;276;5572;5608;8.02;0.49;228.29;4.86;743;41;1911.00;36
4833;41;627335477;4833;273;5572;5608;8.07;0.49;228.50;4.86;739;41;1912.00;36
4836;41;627335487;4836;270;5572;5608;8.17;0.50;228.54;4.86;736;41;1913.00;36
4837;41;627335504;4837;272;5575;5612;8.23;0.50;228.54;4.86;738;41;1914.00;37
4840;41;627335514;4840;273;5575;5612;8.25;0.50;228.54;4.86;735;41;1915.00;37
4844;41;627335524;4844;273;5578;5616;8.31;0.50;228.51;4.86;734;41;1916.00;38
4845;41;627335535;4845;260;5579;5617;8.38;0.51;228.52;4.86;734;41;1917.00;38
4846;41;627335545;4846;256;5580;5617;8.47;0.51;228.52;4.86;734;41;1918.00;37
4848;41;627335556;4848;247;5580;5617;8.52;0.52;228.51;4.86;732;41;1919.00;37
4851;41;627335568;4851;246;5602;5646;8.68;0.52;228.56;4.84;751;41;1920.00;44
4852;41;627335580;4852;240;5602;5646;8.82;0.53;228.56;4.84;750;41;1921.00;44
4856;41;627335591;4856;235;5604;5646;8.92;0.54;228.62;4.84;748;41;1922.00;42
4857;41;627335601;4857;231;5606;5647;9.04;0.55;228.68;4.84;749;41;1923.00;41
4861;41;627335612;4861;230;5606;5648;9.11;0.55;228.73;4.84;745;41;1924.00;42
4864;41;627335622;4864;227;5606;5648;9.10;0.55;228.81;4.84;742;41;1925.00;42
4869;41;627335639;4869;210;5609;5651;9.19;0.56;228.80;4.83;740;41;1926.00;42
4873;41;627335650;4873;199;5609;5651;9.28;0.56;228.89;4.83;736;41;1927.00;42
4877;41;627335662;4877;185;5609;5651;9.33;0.56;228.84;4.83;732;41;1928.00;42
4880;41;627335673;4880;179;5609;5651;9.39;0.57;228.97;4.83;729;41;1929.00;42
4881;41;627335684;4881;172;5613;5657;9.54;0.58;229.01;4.83;732;41;1930.00;44
4884;41;627335696;4884;168;5613;5657;9.63;0.58;229.04;4.83;729;41;1931.00;44
4884;41;627335712;4884;160;5614;5657;9.84;0.60;229.04;4.83;730;41;1932.00;43
4886;41;627335731;4886;153;5614;5657;10.02;0.61;229.10;4.83;728;41;1933.00;43
4888;41;627335749;4888;152;5617;5661;10.19;0.62;229.10;4.83;729;41;1934.00;44
4891;41;627335769;4891;147;5619;5663;10.38;0.63;229.21;4.83;728;41;1935.00;44
4893;41;627335787;4893;144;5619;5663;10.53;0.64;229.22;4.83;726;41;1936.00;44
4895;41;627335805;4895;138;5620;5664;10.69;0.65;229.21;4.83;725;41;1937.00;44
4896;41;627335827;4896;141;5620;5664;10.85;0.66;229.24;4.83;724;41;1938.00;44
4897;41;627335848;4897;141;5620;5664;10.98;0.67;229.28;4.83;723;41;1939.00;44
4899;41;627335860;4899;141;5620;5664;11.16;0.68;229.31;4.83;721;41;1940.00;44
4901;41;627335873;4901;138;5620;5664;11.31;0.69;229.31;4.83;719;41;1941.00;44
4905;41;627335885;4905;133;5620;5664;11.41;0.69;229.38;4.83;715;41;1942.00;44
4906;41;627335904;4906;126;5620;5664;11.56;0.70;229.37;4.83;714;41;1943.00;44
4910;41;627335917;4910;139;5664;5734;11.27;0.69;229.40;4.79;754;41;1944.00;70
4912;41;627335935;4912;128;5665;5735;11.34;0.69;229.49;4.79;753;41;1945.00;70
4915;41;627335946;4915;123;5670;5735;11.46;0.70;229.42;4.79;755;41;1946.00;65
4922;41;627335957;4922;126;5672;5735;11.54;0.70;229.50;4.78;750;41;1947.00;63
4925;41;627335971;4925;126;5676;5735;11.62;0.71;229.63;4.87;751;41;1948.00;59
4926;41;627335990;4926;128;5678;5735;11.72;0.71;229.66;4.87;752;41;1949.00;57
4931;41;627336003;4931;127;5682;5737;11.80;0.72;229.80;4.87;751;41;1950.00;55
4934;41;627336015;4934;135;5683;5737;11.89;0.72;229.81;4.87;749;41;1951.00;54
4938;41;627336028;4938;142;5685;5738;12.05;0.73;229.87;4.87;747;41;1952.00;53
4941;41;627336040;4941;144;5687;5739;12.06;0.73;229.97;4.87;746;41;1953.00;52
4945;41;627336058;4945;144;5689;5739;11.98;0.73;229.98;4.88;744;41;1954.00;50
4947;41;627336069;4947;146;5693;5743;11.92;0.73;230.02;4.87;746;41;1955.00;50
4948;41;627336081;4948;145;5694;5743;11.88;0.72;230.05;4.87;746;41;1956.00;49
4952;41;627336094;4952;146;5694;5743;11.86;0.72;230.01;4.87;742;41;1957.00;49
4955;41;627336106;4955;146;5694;5743;11.77;0.72;230.04;4.87;739;41;1958.00;49
4960;41;627336117;4960;145;5699;5749;11.74;0.72;230.14;4.87;739;41;1959.00;50
4964;41;627336129;4964;147;5699;5749;11.78;0.72;230.15;4.87;735;41;1960.00;50
4965;41;627336140;4965;150;5699;5749;11.86;0.72;230.22;4.87;734;41;1961.00;50
4968;41;627336151;4968;153;5702;5752;11.95;0.73;230.20;4.87;734;41;1962.00;50
4972;41;627336162;4972;152;5702;5752;11.91;0.72;230.26;4.87;730;41;1963.00;50
4973;41;627336173;4973;156;5702;5752;11.86;0.72;230.31;4.87;729;41;1964.00;50
4977;41;627336184;4977;156;5702;5753;11.86;0.72;230.31;4.87;725;41;1965.00;51
4980;41;627336195;4980;158;5703;5754;11.88;0.72;230.35;4.87;723;41;1966.00;51
4981;41;627336206;4981;158;5703;5754;11.86;0.72;230.39;4.87;722;41;1967.00;51
4985;41;627336216;4985;159;5712;5767;11.76;0.71;230.37;4.86;727;41;1968.00;55
4989;41;627336228;4989;157;5712;5767;11.75;0.71;230.40;4.86;723;41;1969.00;55
4994;41;627336239;4994;152;5712;5767;11.76;0.71;230.44;4.86;718;41;1970.00;55
4998;41;627336250;4998;149;5713;5768;11.82;0.72;230.46;4.86;715;41;1971.00;55
5003;41;627336261;5003;142;5713;5768;11.83;0.72;230.48;4.86;710;41;1972.00;55
5006;41;627336272;5006;139;5716;5772;11.94;0.72;230.53;4.86;710;41;1973.00;56
5010;41;627336288;5010;135;5718;5772;11.95;0.72;230.46;4.87;708;41;1974.00;54
5014;41;627336299;5014;133;5722;5776;11.90;0.72;230.43;4.88;708;41;1975.00;54
5015;41;627336311;5015;124;5722;5776;11.94;0.72;230.40;4.88;707;41;1976.00;54
5020;42;627336322;5020;120;5722;5776;11.95;0.72;230.45;4.88;702;42;1977.00;54
5027;42;627336347;5027;119;5722;5776;12.01;0.73;230.53;4.88;695;42;1978.00;54
5033;42;627336358;5033;117;5722;5776;12.05;0.73;230.66;4.88;689;42;1979.00;54
5035;42;627336370;5035;118;5742;5810;12.00;0.73;230.65;4.86;707;42;1980.00;68
5038;42;627336388;5038;120;5743;5810;12.01;0.73;230.65;4.86;705;42;1981.00;67
5040;42;627336399;5040;116;5744;5810;12.03;0.73;230.63;4.86;704;42;1982.00;66
5043;42;627336409;5043;119;5744;5810;12.01;0.73;230.60;4.86;701;42;1983.00;66
5046;42;627336419;5046;122;5745;5810;12.08;0.74;230.69;4.86;699;42;1984.00;65
5047;42;627336429;5047;121;5746;5810;12.11;0.74;230.68;4.95;699;42;1985.00;64
5050;42;627336439;5050;127;5747;5811;12.12;0.74;230.67;4.95;697;42;1986.00;64
5053;42;627336449;5053;123;5748;5811;12.07;0.73;230.65;4.96;695;42;1987.00;63
5057;42;627336459;5057;123;5751;5817;12.01;0.73;230.59;4.95;694;42;1988.00;66
5060;42;627336472;5060;127;5753;5818;11.89;0.72;230.51;4.96;693;42;1989.00;65
5064;42;627336483;5064;130;5755;5818;11.88;0.72;230.42;4.95;691;42;1990.00;63
5067;42;627336493;5067;135;5756;5818;11.79;0.72;230.43;4.97;689;42;1991.00;62
5070;42;627336504;5070;141;5759;5822;11.67;0.71;230.43;4.97;689;42;1992.00;63
5072;42;627336515;5072;142;5759;5822;11.53;0.70;230.43;4.97;687;42;1993.00;63
5075;42;627336525;5075;143;5760;5822;11.39;0.69;230.52;4.97;685;42;1994.00;62
5076;42;627336536;5076;149;5762;5823;11.30;0.69;230.50;4.98;686;42;1995.00;61
5077;42;627336547;5077;154;5765;5827;11.10;0.68;230.49;4.98;688;42;1996.00;62
5082;42;627336564;5082;159;5766;5827;11.00;0.67;230.46;4.98;684;42;1997.00;61
5084;42;627336574;5084;165;5769;5830;10.94;0.67;230.44;4.98;685;42;1998.00;61
5087;42;627336585;5087;165;5770;5830;10.80;0.66;230.40;4.98;683;42;1999.00;60
5090;42;627336597;5090;173;5773;5830;10.74;0.65;230.48;5.00;683;42;2000.00;57
5095;42;627336612;5095;175;5773;5830;10.64;0.65;230.50;5.00;678;42;2001.00;57
5097;42;627336630;5097;179;5778;5834;10.57;0.64;230.58;5.02;681;42;2002.00;56
5100;42;627336648;5100;187;5779;5834;10.48;0.64;230.65;5.02;679;42;2003.00;55
5104;42;627336659;5104;194;5781;5834;10.49;0.64;230.82;5.03;677;42;2004.00;53
5106;42;627336674;5106;200;5782;5834;10.42;0.63;230.84;5.04;676;42;2005.00;52
5108;42;627336685;5108;206;5782;5835;10.36;0.63;230.92;5.04;674;42;2006.00;53
5111;42;627336695;5111;213;5785;5836;10.24;0.62;231.03;5.05;674;42;2007.00;51
5112;42;627336705;5112;217;5785;5836;10.11;0.62;231.04;5.05;673;42;2008.00;51
5116;42;627336722;5116;224;5788;5837;9.99;0.61;231.07;5.07;672;42;2009.00;49
5117;42;627336734;5117;233;5788;5837;9.86;0.60;231.08;5.07;671;42;2010.00;49
5119;42;627336744;5119;243;5788;5837;9.70;0.59;231.06;5.07;669;42;2011.00;49
5121;42;627336754;5121;249;5790;5837;9.58;0.58;231.02;5.09;669;42;2012.00;47
5124;42;627336762;5124;251;5790;5837;9.42;0.57;230.96;5.09;666;42;2013.00;47
5126;42;627336771;5126;260;5790;5837;9.26;0.57;230.92;5.09;664;42;2014.00;47
5126;42;627336780;5126;266;5792;5837;9.11;0.56;230.92;5.11;666;42;2015.00;45
5127;42;627336788;5127;288;5857;5964;9.17;0.57;230.88;5.07;730;42;2016.00;107
5129;42;627336806;5129;289;5858;5965;8.98;0.56;230.82;5.07;729;42;2017.00;107
5134;42;627336815;5134;290;5872;5965;8.90;0.55;230.72;5.07;738;42;2018.00;93
5134;42;627336824;5134;282;5876;5965;8.78;0.54;230.72;5.07;742;42;2019.00;89
5137;42;627336832;5137;277;5885;5965;8.71;0.54;230.68;5.08;748;42;2020.00;80
5138;42;627336841;5138;273;5890;5965;8.57;0.53;230.65;5.08;752;42;2021.00;75
5138;42;627336850;5138;270;5896;5965;8.51;0.53;230.65;5.08;758;42;2022.00;69
5139;42;627336858;5139;273;5901;5965;8.36;0.52;230.63;5.08;762;42;2023.00;64
5142;42;627336867;5142;272;5906;5966;8.36;0.52;230.55;5.09;764;42;2024.00;60
5145;42;627336881;5145;272;5911;5968;8.34;0.51;230.46;5.09;766;42;2025.00;57
5147;42;627336891;5147;275;5914;5968;8.33;0.51;230.46;5.09;767;42;2026.00;54
5149;42;627336900;5149;276;5917;5969;8.30;0.51;230.42;5.09;768;42;2027.00;52
5151;42;627336910;5151;281;5919;5969;8.23;0.51;230.39;5.10;768;42;2028.00;50
5152;42;627336919;5152;295;5920;5969;8.11;0.50;230.35;5.10;768;42;2029.00;49
5153;42;627336928;5153;303;5923;5969;8.04;0.49;230.33;5.10;770;42;2030.00;46
5156;42;627336937;5156;309;5926;5973;7.87;0.48;230.30;5.10;770;42;2031.00;47
5158;42;627336947;5158;310;5928;5973;7.68;0.47;230.32;5.10;770;42;2032.00;45
5159;42;627336956;5159;317;5930;5973;7.48;0.46;230.36;5.11;771;42;2033.00;43
5162;42;627336964;5162;325;5933;5976;7.34;0.45;230.50;5.11;771;42;2034.00;43
5165;42;627336975;5165;330;5934;5976;7.18;0.44;230.48;5.11;769;42;2035.00;42
5170;42;627336984;5170;338;5935;5976;7.08;0.44;230.51;5.11;765;42;2036.00;41
5170;42;627336993;5170;339;5939;5980;7.01;0.43;230.51;5.11;769;42;2037.00;41
5176;42;627337001;5176;346;5941;5981;6.78;0.42;230.57;5.11;765;42;2038.00;40
5178;42;627337010;5178;358;5942;5981;6.56;0.40;230.57;5.11;764;42;2039.00;39
5180;42;627337020;5180;352;5947;5986;6.46;0.40;230.60;5.10;767;42;2040.00;39
5184;42;627337029;5184;351;5947;5986;6.31;0.39;230.61;5.10;763;42;2041.00;39
5187;42;627337037;5187;355;5947;5986;6.22;0.38;230.58;5.10;760;42;2042.00;39
5188;42;627337052;5188;340;5948;5987;6.20;0.38;230.61;5.10;760;42;2043.00;39
5191;42;627337061;5191;325;5948;5987;6.18;0.38;230.58;5.10;757;42;2044.00;39
5193;42;627337069;5193;319;5953;5993;6.22;0.38;230.50;5.10;760;42;2045.00;40
5195;42;627337079;5195;310;5954;5993;6.30;0.39;230.54;5.10;759;42;2046.00;39
5196;42;627337087;5196;305;5955;5994;6.41;0.39;230.57;5.10;759;42;2047.00;39
5198;43;627337097;5198;291;5955;5994;6.56;0.40;230.59;5.10;757;43;2048.00;39
5200;43;627337117;5200;280;5955;5994;6.68;0.41;230.60;5.10;755;43;2049.00;39
5202;43;627337127;5202;272;5955;5994;6.78;0.42;230.62;5.10;753;43;2050.00;39
5204;43;627337136;5204;263;5955;5994;6.84;0.42;230.63;5.10;751;43;2051.00;39
5208;43;627337151;5208;261;5966;6006;6.99;0.43;230.63;5.09;758;43;2052.00;40
5210;43;627337161;5210;263;5966;6006;7.05;0.43;230.63;5.09;756;43;2053.00;40
5211;43;627337175;5211;262;5967;6006;7.15;0.44;230.65;5.09;756;43;2054.00;39
5214;43;627337184;5214;262;5967;6006;7.19;0.44;230.67;5.09;753;43;2055.00;39
5216;43;627337199;5216;263;5967;6006;7.30;0.45;230.67;5.09;751;43;2056.00;39
5218;43;627337209;5218;258;5967;6006;7.35;0.45;230.71;5.09;749;43;2057.00;39
5222;43;627337218;5222;262;5971;6010;7.46;0.46;230.84;5.08;749;43;2058.00;39
5224;43;627337229;5224;257;5971;6010;7.59;0.46;230.88;5.08;747;43;2059.00;39
5228;43;627337240;5228;244;5974;6014;7.74;0.47;231.00;5.08;746;43;2060.00;40
5231;43;627337251;5231;242;5975;6015;7.82;0.48;231.00;5.08;744;43;2061.00;40
5234;43;627337262;5234;242;5976;6015;7.87;0.48;230.96;5.08;742;43;2062.00;39
5236;43;627337273;5236;240;5976;6015;7.92;0.48;231.03;5.08;740;43;2063.00;39
5240;43;627337283;5240;245;5988;6028;7.97;0.49;230.98;5.07;748;43;2064.00;40
5245;43;627337300;5245;241;5988;6028;8.03;0.49;230.97;5.07;743;43;2065.00;40
5252;43;627337310;5252;240;5990;6028;8.06;0.49;231.03;5.17;738;43;2066.00;38
5255;43;627337320;5255;239;5991;6029;8.11;0.49;231.13;5.17;736;43;2067.00;38
5260;43;627337330;5260;225;5992;6030;8.16;0.50;231.24;5.17;732;43;2068.00;38
5264;43;627337340;5264;216;5992;6030;8.20;0.50;231.35;5.17;728;43;2069.00;38
5268;43;627337352;5268;217;5995;6036;8.34;0.51;231.37;5.17;727;43;2070.00;41
5272;43;627337363;5272;215;5995;6036;8.37;0.51;231.45;5.17;723;43;2071.00;41
5274;43;627337373;5274;214;5996;6036;8.47;0.52;231.48;5.17;722;43;2072.00;40
5277;43;627337383;5277;205;5997;6036;8.53;0.52;231.44;5.27;720;43;2073.00;39
5280;43;627337393;5280;207;6002;6042;8.63;0.53;231.45;5.27;722;43;2074.00;40
5287;43;627337409;5287;204;6002;6042;8.63;0.53;231.55;5.27;715;43;2075.00;40
5292;43;627337420;5292;210;6003;6042;8.65;0.53;231.57;5.27;711;43;2076.00;39
5296;43;627337431;5296;214;6003;6042;8.66;0.53;231.61;5.27;707;43;2077.00;39
5300;43;627337445;5300;214;6008;6046;8.71;0.53;231.56;5.27;708;43;2078.00;38
5302;43;627337462;5302;219;6009;6047;8.77;0.53;231.56;5.27;707;43;2079.00;38
5306;43;627337473;5306;216;6010;6047;8.87;0.54;231.60;5.27;704;43;2080.00;37
5313;43;627337484;5313;221;6011;6048;8.89;0.54;231.58;5.27;698;43;2081.00;37
5317;43;627337494;5317;220;6011;6048;8.94;0.54;231.55;5.27;694;43;2082.00;37
5321;43;627337505;5321;222;6011;6048;8.91;0.54;231.67;5.27;690;43;2083.00;37
5325;43;627337516;5325;221;6011;6048;8.93;0.54;231.76;5.27;686;43;2084.00;37
5329;43;627337526;5329;221;6011;6048;8.93;0.54;231.82;5.27;682;43;2085.00;37
5333;43;627337536;5333;219;6011;6048;8.94;0.54;231.95;5.27;678;43;2086.00;37
5338;43;627337546;5338;210;6011;6048;8.91;0.54;231.96;5.27;673;43;2087.00;37
5339;43;627337556;5339;217;6055;6118;9.03;0.55;232.00;5.23;716;43;2088.00;63
5344;43;627337572;5344;204;6056;6119;9.07;0.55;232.09;5.23;712;43;2089.00;63
5345;43;627337589;5345;191;6061;6119;9.22;0.56;232.13;5.22;716;43;2090.00;58
5347;43;627337601;5347;192;6065;6119;9.31;0.56;232.17;5.22;718;43;2091.00;54
5351;43;627337612;5351;193;6069;6119;9.39;0.57;232.26;5.22;718;43;2092.00;50
5354;43;627337624;5354;189;6071;6119;9.53;0.58;232.37;5.22;717;43;2093.00;48
5357;43;627337637;5357;189;6074;6119;9.65;0.59;232.47;5.22;717;43;2094.00;45
5361;43;627337649;5361;187;6075;6119;9.79;0.60;232.53;5.22;714;43;2095.00;44
5363;43;627337661;5363;176;6077;6120;9.92;0.60;232.59;5.22;714;43;2096.00;43
5366;43;627337673;5366;159;6078;6121;10.02;0.61;232.61;5.22;712;43;2097.00;43
5367;43;627337685;5367;148;6079;6121;10.16;0.62;232.65;5.22;712;43;2098.00;42
5373;43;627337698;5373;140;6082;6125;10.16;0.62;232.67;5.22;709;43;2099.00;43
5374;43;627337718;5374;145;6086;6140;10.25;0.62;232.67;5.22;712;43;2100.00;54
5378;43;627337749;5378;147;6086;6140;10.33;0.63;232.69;5.22;708;43;2101.00;54
5381;43;627337781;5381;144;6086;6140;10.47;0.64;232.75;5.22;705;43;2102.00;54
5383;43;627337808;5383;144;6089;6146;10.58;0.64;232.78;5.22;706;43;2103.00;57
5387;43;627337826;5387;136;6089;6146;10.81;0.66;232.88;5.22;702;43;2104.00;57
5390;43;627337839;5390;134;6090;6146;10.96;0.67;232.92;5.22;700;43;2105.00;56
5392;43;627337852;5392;131;6093;6149;11.12;0.68;232.96;5.21;701;43;2106.00;56
5399;43;627337866;5399;129;6093;6149;11.21;0.68;232.98;5.21;694;43;2107.00;56
5402;43;627337878;5402;126;6093;6149;11.32;0.69;233.00;5.21;691;43;2108.00;56
5402;43;627337891;5402;123;6093;6150;11.45;0.70;233.00;5.21;691;43;2109.00;57
5406;43;627337903;5406;123;6094;6151;11.53;0.70;233.08;5.21;688;43;2110.00;57
5411;43;627337916;5411;130;6095;6151;11.58;0.70;233.10;5.21;684;43;2111.00;56
5412;43;627337936;5412;132;6104;6164;11.51;0.70;233.07;5.21;692;43;2112.00;60
5416;43;627337949;5416;128;6105;6164;11.51;0.70;233.10;5.21;689;43;2113.00;59
5420;43;627337961;5420;129;6105;6164;11.57;0.70;233.18;5.21;685;43;2114.00;59
5420;43;627337974;5420;131;6107;6166;11.64;0.71;233.18;5.21;687;43;2115.00;59
5424;43;627337985;5424;133;6107;6166;11.72;0.71;233.20;5.21;683;43;2116.00;59
5427;43;627337996;5427;128;6110;6170;11.66;0.71;233.25;5.21;683;43;2117.00;60
5427;43;627338009;5427;125;6111;6170;11.68;0.71;233.25;5.21;684;43;2118.00;59
5432;44;627338020;5432;127;6114;6174;11.67;0.71;233.27;5.21;682;44;2119.00;60
5435;44;627338050;5435;128;6114;6174;11.74;0.71;233.32;5.21;679;44;2120.00;60
5438;44;627338062;5438;132;6114;6174;11.79;0.72;233.28;5.21;676;44;2121.00;60
5440;44;627338073;5440;134;6115;6174;11.80;0.72;233.32;5.21;675;44;2122.00;59
5442;44;627338084;5442;133;6115;6174;11.76;0.71;233.33;5.21;673;44;2123.00;59
5445;44;627338095;5445;140;6124;6186;11.75;0.71;233.33;5.21;679;44;2124.00;62
5448;44;627338107;5448;136;6124;6186;11.80;0.72;233.32;5.21;676;44;2125.00;62
5450;44;627338117;5450;135;6125;6186;11.80;0.72;233.34;5.20;675;44;2126.00;61
5451;44;627338127;5451;134;6128;6186;11.79;0.72;233.33;5.32;677;44;2127.00;58
5453;44;627338138;5453;130;6131;6186;11.80;0.72;233.33;5.33;678;44;2128.00;55
5453;44;627338149;5453;129;6131;6186;11.74;0.71;233.33;5.33;678;44;2129.00;55
5460;44;627338161;5460;130;6133;6187;11.64;0.71;233.35;5.33;673;44;2130.00;54
5464;44;627338172;5464;128;6133;6187;11.60;0.71;233.33;5.33;669;44;2131.00;54
5466;44;627338182;5466;130;6137;6193;11.59;0.71;233.30;5.33;671;44;2132.00;56
5468;44;627338193;5468;129;6139;6194;11.52;0.70;233.31;5.33;671;44;2133.00;55
5473;44;627338203;5473;131;6139;6194;11.56;0.70;233.33;5.33;666;44;2134.00;55
5476;44;627338212;5476;135;6140;6194;11.57;0.71;233.29;5.33;664;44;2135.00;54
5479;44;627338223;5479;137;6142;6198;11.57;0.71;233.35;5.33;663;44;2136.00;56
5479;44;627338232;5479;137;6144;6198;11.58;0.71;233.35;5.33;665;44;2137.00;54
5483;44;627338242;5483;139;6145;6198;11.55;0.71;233.34;5.33;662;44;2138.00;53
5487;44;627338259;5487;134;6146;6199;11.59;0.71;233.34;5.33;659;44;2139.00;53
5492;44;627338268;5492;129;6149;6203;11.57;0.71;233.39;5.33;657;44;2140.00;54
5496;44;627338278;5496;129;6149;6203;11.60;0.71;233.40;5.33;653;44;2141.00;54
5499;44;627338288;5499;125;6152;6206;11.68;0.71;233.48;5.33;653;44;2142.00;54
5506;44;627338297;5506;123;6153;6206;11.66;0.71;233.49;5.44;647;44;2143.00;53
5509;44;627338308;5509;124;6153;6206;11.60;0.71;233.52;5.44;644;44;2144.00;53
5512;44;627338330;5512;122;6155;6206;11.57;0.71;233.57;5.46;643;44;2145.00;51
5518;44;627338340;5518;120;6159;6210;11.63;0.71;233.49;5.57;641;44;2146.00;51
5523;44;627338351;5523;117;6160;6210;11.72;0.71;233.49;5.57;637;44;2147.00;50
5524;44;627338361;5524;117;6161;6210;11.80;0.72;233.47;5.68;637;44;2148.00;49
5530;44;627338370;5530;116;6161;6210;11.82;0.72;233.39;5.68;631;44;2149.00;49
5532;44;627338381;5532;109;6162;6211;11.76;0.71;233.33;5.78;630;44;2150.00;49
5535;44;627338392;5535;107;6163;6212;11.80;0.71;233.29;5.78;628;44;2151.00;49
5536;44;627338401;5536;109;6163;6212;11.78;0.71;233.26;5.78;627;44;2152.00;49
5538;44;627338417;5538;108;6164;6213;11.78;0.71;233.29;5.78;626;44;2153.00;49
5539;44;627338426;5539;109;6164;6213;11.77;0.71;233.32;5.78;625;44;2154.00;49
5541;44;627338436;5541;112;6164;6213;11.79;0.72;233.33;5.78;623;44;2155.00;49
5541;44;627338446;5541;117;6164;6213;11.80;0.72;233.33;5.78;623;44;2156.00;49
5543;44;627338455;5543;117;6164;6213;11.79;0.72;233.35;5.78;621;44;2157.00;49
5545;44;627338463;5545;115;6164;6213;11.72;0.71;233.38;5.78;619;44;2158.00;49
5548;44;627338474;5548;118;6164;6213;11.78;0.72;233.39;5.78;616;44;2159.00;49
5550;44;627338485;5550;156;6262;6443;11.44;0.71;233.35;5.69;712;44;2160.00;181
5552;45;627338513;5552;157;6263;6444;11.41;0.71;233.39;5.69;711;45;2161.00;181
5555;45;627338538;5555;146;6272;6444;11.43;0.71;233.35;5.69;717;45;2162.00;172
5562;45;627338548;5562;144;6278;6444;11.39;0.71;233.27;5.68;716;45;2163.00;166
5565;45;627338558;5565;146;6287;6444;11.45;0.71;233.34;5.68;722;45;2164.00;157
5566;45;627338568;5566;151;6292;6444;11.35;0.70;233.31;5.68;726;45;2165.00;152
5569;45;627338577;5569;151;6300;6444;11.26;0.70;233.31;5.68;731;45;2166.00;144
5570;45;627338596;5570;155;6303;6444;11.11;0.69;233.28;5.68;733;45;2167.00;141
5574;45;627338606;5574;159;6309;6445;10.99;0.68;233.21;5.68;735;45;2168.00;136
5576;45;627338617;5576;164;6313;6446;10.83;0.67;233.21;5.69;737;45;2169.00;133
5578;46;627338634;5578;180;6322;6446;10.75;0.66;233.25;5.70;744;46;2170.00;124
5580;46;627338658;5580;187;6329;6447;10.54;0.65;233.20;5.71;749;46;2171.00;118
5584;46;627338667;5584;193;6335;6447;10.37;0.64;233.27;5.73;751;46;2172.00;112
5585;47;627338684;5585;202;6342;6447;10.13;0.63;233.26;5.75;757;47;2173.00;105
5588;47;627338715;5588;204;6344;6447;9.93;0.61;233.26;5.76;756;47;2174.00;103
5589;47;627338726;5589;208;6350;6451;9.65;0.60;233.23;5.76;761;47;2175.00;101
5589;47;627338737;5589;218;6353;6451;9.45;0.58;233.23;5.77;764;47;2176.00;98
5591;47;627338749;5591;231;6355;6451;9.33;0.58;233.30;5.78;764;47;2177.00;96
5593;47;627338760;5593;239;6358;6454;9.22;0.57;233.30;5.78;765;47;2178.00;96
5595;47;627338770;5595;245;6361;6454;9.02;0.56;233.29;5.79;766;47;2179.00;93
5597;47;627338780;5597;255;6365;6454;8.93;0.55;233.27;5.83;768;47;2180.00;89
5599;47;627338791;5599;257;6372;6458;8.68;0.53;233.22;5.85;773;47;2181.00;86
5602;47;627338807;5602;262;6375;6459;8.52;0.52;233.14;5.85;773;47;2182.00;84
5603;47;627338817;5603;266;6378;6459;8.40;0.52;233.13;5.86;775;47;2183.00;81
5605;47;627338826;5605;279;6383;6463;8.33;0.51;233.14;5.87;778;47;2184.00;80
5606;47;627338836;5606;285;6387;6463;8.22;0.51;233.14;5.88;781;47;2185.00;76
5607;47;627338846;5607;293;6389;6463;8.14;0.50;233.13;5.89;782;47;2186.00;74
5610;47;627338855;5610;301;6391;6464;8.05;0.50;233.05;5.89;781;47;2187.00;73
5612;47;627338864;5612;309;6394;6464;7.92;0.49;233.01;5.91;782;47;2188.00;70
5615;47;627338874;5615;312;6398;6470;7.85;0.48;232.93;5.91;783;47;2189.00;72
5617;47;627338885;5617;311;6402;6470;7.79;0.48;232.89;5.93;785;47;2190.00;68
5618;47;627338900;5618;315;6403;6471;7.67;0.47;232.88;5.93;785;47;2191.00;68
5622;47;627338910;5622;319;6405;6471;7.51;0.46;232.80;5.94;783;47;2192.00;66
5624;47;627338924;5624;324;6408;6471;7.38;0.45;232.84;5.95;784;47;2193.00;63
5624;47;627338933;5624;328;6409;6471;7.34;0.45;232.84;5.95;785;47;2194.00;62
5625;47;627338942;5625;316;6411;6471;7.29;0.44;232.86;5.96;786;47;2195.00;60
5625;47;627338957;5625;316;6420;6483;7.26;0.44;232.86;5.95;795;47;2196.00;63
5629;47;627338968;5629;317;6422;6483;7.18;0.44;232.82;5.95;793;47;2197.00;61
5630;47;627338978;5630;311;6424;6483;7.22;0.44;232.78;5.95;794;47;2198.00;59
5631;47;627338987;5631;313;6427;6483;7.19;0.44;232.76;5.96;796;47;2199.00;56
5633;47;627338997;5633;312;6427;6483;7.13;0.43;232.73;5.96;794;47;2200.00;56
5634;47;627339011;5634;312;6427;6483;7.18;0.44;232.70;5.96;793;47;2201.00;56
5635;47;627339020;5635;313;6431;6487;7.20;0.44;232.68;5.96;796;47;2202.00;56
5636;48;627339030;5636;314;6432;6487;7.19;0.44;232.70;5.97;796;48;2203.00;55
5640;48;627339052;5640;314;6437;6491;7.15;0.44;232.66;5.97;797;48;2204.00;54
5642;48;627339063;5642;311;6440;6493;7.10;0.43;232.70;5.97;798;48;2205.00;53
5644;48;627339073;5644;308;6440;6493;7.06;0.43;232.67;5.97;796;48;2206.00;53
5646;49;627339083;5646;302;6442;6493;6.94;0.43;232.66;5.97;796;49;2207.00;51
5649;49;627339100;5649;307;6454;6506;6.88;0.42;232.68;5.96;805;49;2208.00;52
5650;49;627339110;5650;302;6455;6506;6.79;0.42;232.70;5.96;805;49;2209.00;51
5652;49;627339119;5652;294;6457;6508;6.74;0.41;232.71;5.96;805;49;2210.00;51
5654;49;627339129;5654;289;6458;6509;6.77;0.42;232.76;5.96;804;49;2211.00;51
5655;49;627339143;5655;283;6458;6510;6.83;0.42;232.81;5.96;803;49;2212.00;52
5656;49;627339152;5656;279;6458;6510;6.89;0.42;232.84;5.96;802;49;2213.00;52
5659;49;627339162;5659;274;6461;6513;6.95;0.43;232.81;5.96;802;49;2214.00;52
5663;49;627339172;5663;272;6462;6513;7.04;0.43;232.83;5.96;799;49;2215.00;51
5667;49;627339182;5667;266;6462;6513;7.11;0.44;232.87;5.96;795;49;2216.00;51
5672;49;627339197;5672;255;6462;6513;7.13;0.44;232.87;5.96;790;49;2217.00;51
5673;49;627339207;5673;246;6465;6519;7.32;0.45;232.90;5.96;792;49;2218.00;54
5676;49;627339217;5676;241;6466;6519;7.40;0.46;232.98;5.96;790;49;2219.00;53
5678;49;627339229;5678;238;6466;6519;7.45;0.46;232.96;5.96;788;49;2220.00;53
5682;49;627339238;5682;231;6468;6519;7.51;0.46;233.01;5.96;786;49;2221.00;51
5685;49;627339249;5685;223;6472;6523;7.58;0.47;232.95;5.96;787;49;2222.00;51
5691;49;627339259;5691;220;6474;6524;7.59;0.47;233.05;5.96;783;49;2223.00;50
5693;49;627339270;5693;217;6474;6524;7.75;0.48;233.10;5.96;781;49;2224.00;50
5698;49;627339279;5698;217;6475;6525;7.85;0.48;233.13;5.95;777;49;2225.00;50
5698;49;627339289;5698;221;6475;6525;8.01;0.49;233.13;5.95;777;49;2226.00;50
5704;49;627339299;5704;223;6475;6525;8.08;0.50;233.15;5.95;771;49;2227.00;50
5708;49;627339308;5708;224;6475;6525;8.19;0.50;233.19;5.95;767;49;2228.00;50
5712;49;627339319;5712;224;6475;6525;8.25;0.51;233.19;5.95;763;49;2229.00;50
5720;49;627339328;5720;218;6475;6525;8.32;0.51;233.13;5.95;755;49;2230.00;50
5723;49;627339339;5723;211;6475;6525;8.43;0.52;233.14;5.95;752;49;2231.00;50
5730;49;627339349;5730;211;6513;6595;8.58;0.53;233.10;5.92;783;49;2232.00;82
5734;49;627339371;5734;204;6515;6596;8.61;0.53;233.10;5.92;781;49;2233.00;81
5737;49;627339382;5737;201;6522;6596;8.76;0.54;233.11;5.91;785;49;2234.00;74
5743;49;627339393;5743;192;6523;6596;8.83;0.54;233.10;5.91;780;49;2235.00;73
5749;49;627339404;5749;189;6527;6596;8.93;0.55;233.18;6.01;778;49;2236.00;69
5750;49;627339416;5750;188;6530;6596;9.02;0.55;233.18;6.01;780;49;2237.00;66
5755;49;627339427;5755;185;6531;6596;9.12;0.56;233.33;6.01;776;49;2238.00;65
5758;49;627339438;5758;183;6535;6596;9.23;0.56;233.31;6.01;777;49;2239.00;61
5765;49;627339449;5765;186;6536;6597;9.20;0.56;233.28;6.01;771;49;2240.00;61
5771;49;627339461;5771;192;6541;6598;9.29;0.57;233.33;6.01;770;49;2241.00;57
5774;49;627339473;5774;197;6541;6598;9.29;0.57;233.30;6.01;767;49;2242.00;57
5777;49;627339485;5777;200;6547;6602;9.36;0.57;233.30;6.01;770;49;2243.00;55
5781;49;627339497;5781;205;6547;6602;9.34;0.57;233.31;6.01;766;49;2244.00;55
5782;49;627339508;5782;208;6547;6602;9.36;0.57;233.32;6.01;765;49;2245.00;55
5784;49;627339519;5784;209;6547;6602;9.42;0.58;233.36;6.01;763;49;2246.00;55
5786;49;627339531;5786;209;6551;6608;9.43;0.58;233.42;6.01;765;49;2247.00;57
5792;50;627339543;5792;204;6551;6608;9.43;0.58;233.43;6.01;759;50;2248.00;57
5798;50;627339566;5798;202;6552;6608;9.45;0.58;233.49;6.01;754;50;2249.00;56
5801;50;627339579;5801;207;6555;6614;9.54;0.58;233.51;6.01;754;50;2250.00;59
5805;50;627339591;5805;205;6556;6614;9.59;0.59;233.54;6.00;751;50;2251.00;58
5808;50;627339603;5808;211;6557;6614;9.63;0.59;233.57;6.00;749;50;2252.00;57
5813;50;627339615;5813;217;6557;6615;9.66;0.59;233.65;6.00;744;50;2253.00;58
5815;50;627339626;5815;214;6559;6616;9.73;0.59;233.64;6.00;744;50;2254.00;57
5820;50;627339637;5820;217;6559;6616;9.74;0.59;233.65;6.00;739;50;2255.00;57
5824;50;627339648;5824;222;6570;6629;9.79;0.60;233.81;5.99;746;50;2256.00;59
5828;50;627339660;5828;215;6570;6629;9.85;0.60;233.89;5.99;742;50;2257.00;59
5832;50;627339671;5832;211;6570;6629;9.87;0.60;233.96;5.99;738;50;2258.00;59
5838;50;627339683;5838;209;6571;6630;9.86;0.60;234.11;5.99;733;50;2259.00;59
5841;50;627339695;5841;206;6571;6630;9.90;0.60;234.14;5.99;730;50;2260.00;59
5842;50;627339707;5842;206;6574;6634;9.96;0.61;234.16;5.99;732;50;2261.00;60
5848;50;627339722;5848;207;6574;6634;9.93;0.60;234.20;5.99;726;50;2262.00;60
5851;50;627339741;5851;204;6578;6638;9.93;0.60;234.36;5.99;727;50;2263.00;60
5852;50;627339761;5852;203;6578;6638;9.87;0.60;234.40;5.99;726;50;2264.00;60
5856;50;627339789;5856;210;6578;6638;9.92;0.60;234.44;5.99;722;50;2265.00;60
5861;50;627339807;5861;196;6578;6638;9.95;0.61;234.49;5.99;717;50;2266.00;60
5863;50;627339824;5863;188;6578;6638;9.98;0.61;234.60;5.99;715;50;2267.00;60
5867;50;627339840;5867;174;6587;6650;10.06;0.61;234.59;5.98;720;50;2268.00;63
5868;50;627339854;5868;165;6587;6650;10.15;0.62;234.60;5.98;719;50;2269.00;63
5873;50;627339866;5873;160;6589;6650;10.31;0.63;234.62;5.98;716;50;2270.00;61
5875;50;627339878;5875;155;6589;6650;10.41;0.63;234.61;5.98;714;50;2271.00;61
5876;50;627339892;5876;150;6589;6650;10.47;0.64;234.59;5.98;713;50;2272.00;61
5879;50;627339905;5879;145;6589;6650;10.59;0.65;234.64;5.98;710;50;2273.00;61
5881;50;627339919;5881;137;6589;6651;10.71;0.65;234.63;5.98;708;50;2274.00;62
5884;50;627339931;5884;130;6589;6651;10.81;0.66;234.68;5.98;705;50;2275.00;62
5887;50;627339943;5887;130;6593;6657;10.94;0.67;234.72;5.97;706;50;2276.00;64
5890;50;627339956;5890;126;6594;6658;11.04;0.67;234.72;5.97;704;50;2277.00;64
5893;50;627339970;5893;130;6595;6658;11.10;0.67;234.79;5.97;702;50;2278.00;63
5894;50;627339982;5894;124;6595;6658;11.18;0.68;234.77;5.97;701;50;2279.00;63
5897;50;627339995;5897;122;6599;6663;11.18;0.68;234.82;5.97;702;50;2280.00;64
5901;50;627340007;5901;120;6599;6663;11.16;0.68;234.77;5.97;698;50;2281.00;64
5904;50;627340018;5904;123;6599;6663;11.19;0.68;234.74;5.97;695;50;2282.00;64
5907;50;627340029;5907;122;6600;6664;11.26;0.68;234.84;5.97;693;50;2283.00;64
5909;50;627340042;5909;120;6603;6668;11.22;0.68;234.81;5.97;694;50;2284.00;65
5914;50;627340053;5914;117;6603;6668;11.17;0.68;234.82;5.97;689;50;2285.00;65
5917;50;627340065;5917;122;6605;6671;11.25;0.68;234.77;5.96;688;50;2286.00;66
5918;51;627340076;5918;123;6605;6671;11.35;0.69;234.77;5.96;687;51;2287.00;66
5920;51;627340100;5920;128;6606;6671;11.44;0.69;234.78;5.96;686;51;2288.00;65
5922;51;627340112;5922;130;6606;6671;11.55;0.70;234.79;5.96;684;51;2289.00;65
5924;51;627340123;5924;131;6609;6675;11.62;0.71;234.78;5.96;685;51;2290.00;66
5926;51;627340134;5926;128;6609;6675;11.62;0.71;234.79;5.96;683;51;2291.00;66
5929;51;627340145;5929;125;6610;6675;11.70;0.71;234.91;5.96;681;51;2292.00;65
5931;51;627340156;5931;126;6610;6675;11.76;0.72;234.90;5.96;679;51;2293.00;65
5937;51;627340173;5937;125;6610;6676;11.84;0.72;234.87;5.96;673;51;2294.00;66
5943;51;627340183;5943;129;6612;6678;11.81;0.72;234.99;5.96;669;51;2295.00;66
5946;51;627340201;5946;129;6612;6678;11.77;0.71;234.97;5.96;666;51;2296.00;66
5947;51;627340211;5947;130;6613;6679;11.76;0.71;234.96;5.96;666;51;2297.00;66
5949;51;627340222;5949;134;6613;6679;11.73;0.71;235.00;5.96;664;51;2298.00;66
5954;51;627340232;5954;138;6613;6679;11.60;0.70;235.00;5.96;659;51;2299.00;66
5955;51;627340244;5955;143;6613;6679;11.52;0.70;235.02;5.96;658;51;2300.00;66
5957;51;627340259;5957;145;6613;6679;11.42;0.69;235.00;5.96;656;51;2301.00;66
5960;51;627340270;5960;150;6613;6679;11.34;0.69;235.09;5.96;653;51;2302.00;66
5962;51;627340279;5962;144;6613;6679;11.30;0.69;235.09;5.96;651;51;2303.00;66
5968;51;627340288;5968;173;6686;6806;10.85;0.67;235.01;5.89;718;51;2304.00;120
5971;51;627340307;5971;161;6686;6807;10.90;0.67;234.98;5.89;715;51;2305.00;121
5975;51;627340316;5975;154;6693;6807;11.00;0.68;234.89;5.89;718;51;2306.00;114
5980;51;627340326;5980;149;6696;6807;11.06;0.68;234.87;5.89;716;51;2307.00;111
5982;51;627340335;5982;144;6702;6807;11.21;0.69;234.96;5.89;720;51;2308.00;105
5986;51;627340345;5986;141;6706;6807;11.18;0.69;234.94;5.89;720;51;2309.00;101
5988;51;627340356;5988;142;6709;6807;11.19;0.69;235.01;5.89;721;51;2310.00;98
5993;51;627340372;5993;139;6711;6807;11.23;0.69;234.96;5.89;718;51;2311.00;96
5995;51;627340381;5995;140;6716;6808;11.27;0.69;234.93;5.89;721;51;2312.00;92
5997;51;627340391;5997;136;6721;6809;11.33;0.69;234.91;5.89;724;51;2313.00;88
6000;51;627340400;6000;135;6722;6809;11.29;0.69;234.91;5.89;722;51;2314.00;87
6004;51;627340411;6004;141;6724;6810;11.23;0.69;234.90;5.91;720;51;2315.00;86
6006;51;627340421;6006;136;6727;6810;11.19;0.68;234.85;5.92;721;51;2316.00;83
6012;51;627340431;6012;136;6728;6810;11.18;0.68;235.02;5.92;716;51;2317.00;82
6012;51;627340441;6012;138;6731;6810;11.10;0.68;235.02;6.03;719;51;2318.00;79
6014;51;627340451;6014;140;6733;6814;10.98;0.67;235.00;6.03;719;51;2319.00;81
6018;51;627340461;6018;145;6735;6814;10.87;0.66;235.03;6.04;717;51;2320.00;79
6020;51;627340472;6020;144;6737;6814;10.76;0.66;234.98;6.05;717;51;2321.00;77
6022;51;627340482;6022;144;6739;6817;10.69;0.65;234.95;6.05;717;51;2322.00;78
6024;51;627340491;6024;149;6740;6817;10.70;0.65;234.91;6.05;716;51;2323.00;77
6026;51;627340501;6026;158;6741;6817;10.73;0.65;234.88;6.05;715;51;2324.00;76
6027;51;627340510;6027;159;6744;6821;10.68;0.65;234.89;6.04;717;51;2325.00;77
6028;51;627340520;6028;161;6746;6822;10.62;0.65;234.89;6.04;718;51;2326.00;76
6031;51;627340529;6031;170;6748;6822;10.48;0.64;234.87;6.04;717;51;2327.00;74
6034;51;627340539;6034;177;6750;6826;10.46;0.64;234.86;6.04;716;51;2328.00;76
6037;51;627340549;6037;182;6751;6826;10.38;0.63;234.81;6.04;714;51;2329.00;75
6040;51;627340559;6040;186;6751;6826;10.26;0.63;234.76;6.04;711;51;2330.00;75
6043;51;627340569;6043;194;6752;6827;10.19;0.62;234.71;6.04;709;51;2331.00;75
6046;51;627340578;6046;191;6752;6827;10.11;0.62;234.66;6.04;706;51;2332.00;75
6049;51;627340588;6049;197;6756;6833;10.11;0.61;234.60;6.04;707;51;2333.00;77
6051;51;627340598;6051;205;6756;6833;10.03;0.61;234.55;6.04;705;51;2334.00;77
6052;51;627340608;6052;210;6757;6834;9.98;0.61;234.52;6.04;705;51;2335.00;77
6054;51;627340617;6054;214;6758;6834;9.85;0.60;234.52;6.05;704;51;2336.00;76
6057;51;627340626;6057;218;6758;6834;9.77;0.59;234.44;6.05;701;51;2337.00;76
6057;51;627340638;6057;223;6758;6834;9.70;0.59;234.44;6.05;701;51;2338.00;76
6057;51;627340648;6057;230;6758;6834;9.59;0.59;234.44;6.05;701;51;2339.00;76
6063;51;627340659;6063;231;6781;6870;9.55;0.58;234.47;6.04;718;51;2340.00;89
6064;51;627340671;6064;242;6782;6870;9.43;0.58;234.46;6.06;718;51;2341.00;88
6065;51;627340681;6065;245;6785;6870;9.43;0.58;234.46;6.05;720;51;2342.00;85
6067;51;627340690;6067;251;6789;6870;9.34;0.57;234.44;6.08;722;51;2343.00;81
6067;51;627340699;6067;256;6790;6870;9.26;0.57;234.44;6.08;723;51;2344.00;80
6068;51;627340709;6068;261;6793;6870;9.18;0.56;234.45;6.10;725;51;2345.00;77
6069;51;627340720;6069;266;6796;6874;9.07;0.56;234.44;6.10;727;51;2346.00;78
6071;51;627340736;6071;259;6797;6874;9.02;0.55;234.40;6.10;726;51;2347.00;77
6073;51;627340746;6073;252;6801;6878;8.96;0.55;234.37;6.11;728;51;2348.00;77
6073;51;627340755;6073;250;6803;6879;8.96;0.55;234.37;6.11;730;51;2349.00;76
6073;51;627340765;6073;250;6804;6879;8.94;0.55;234.37;6.11;731;51;2350.00;75
6075;51;627340774;6075;250;6807;6879;8.92;0.55;234.34;6.13;732;51;2351.00;72
6079;51;627340784;6079;251;6818;6892;8.80;0.54;234.28;6.12;739;51;2352.00;74
6082;51;627340793;6082;243;6818;6892;8.79;0.54;234.27;6.12;736;51;2353.00;74
6083;51;627340803;6083;241;6820;6892;8.78;0.54;234.27;6.14;737;51;2354.00;72
6084;51;627340812;6084;240;6822;6893;8.75;0.54;234.26;6.15;738;51;2355.00;71
6085;51;627340821;6085;243;6823;6894;8.72;0.53;234.24;6.16;738;51;2356.00;71
6086;51;627340830;6086;247;6824;6894;8.69;0.53;234.24;6.17;738;51;2357.00;70
6088;51;627340839;6088;247;6828;6897;8.64;0.53;234.22;6.19;740;51;2358.00;69
6090;51;627340849;6090;245;6828;6897;8.62;0.53;234.17;6.19;738;51;2359.00;69
6091;51;627340864;6091;246;6829;6897;8.57;0.52;234.18;6.18;738;51;2360.00;68
6092;51;627340873;6092;248;6831;6897;8.51;0.52;234.16;6.20;739;51;2361.00;66
6093;51;627340883;6093;252;6835;6903;8.50;0.52;234.16;6.20;742;51;2362.00;68
6093;51;627340892;6093;255;6837;6903;8.40;0.51;234.16;6.21;744;51;2363.00;66
6094;51;627340901;6094;252;6838;6903;8.37;0.51;234.14;6.21;744;51;2364.00;65
6094;51;627340911;6094;248;6838;6903;8.32;0.51;234.14;6.21;744;51;2365.00;65
6096;51;627340920;6096;243;6843;6907;8.19;0.50;234.11;6.22;747;51;2366.00;64
6097;51;627340930;6097;253;6845;6908;8.18;0.50;234.10;6.23;748;51;2367.00;63
6099;51;627340939;6099;248;6845;6908;8.20;0.50;234.08;6.23;746;51;2368.00;63
6102;51;627340948;6102;248;6847;6909;8.26;0.50;234.20;6.23;745;51;2369.00;62
6105;51;627340959;6105;251;6847;6909;8.27;0.51;234.27;6.23;742;51;2370.00;62
6106;51;627340968;6106;253;6849;6909;8.30;0.51;234.26;6.24;743;51;2371.00;60
6111;51;627340977;6111;255;6849;6909;8.20;0.50;234.33;6.24;738;51;2372.00;60
6117;51;627340986;6117;253;6851;6909;8.08;0.49;234.53;6.25;734;51;2373.00;58
6119;51;627340994;6119;246;6852;6909;8.06;0.49;234.52;6.25;733;51;2374.00;57
6124;51;627341003;6124;241;6852;6909;7.99;0.49;234.49;6.25;728;51;2375.00;57
6129;51;627341012;6129;246;6891;6979;7.99;0.49;234.52;6.22;762;51;2376.00;88
6132;51;627341027;6132;243;6891;6980;7.88;0.48;234.52;6.22;759;51;2377.00;89
6136;51;627341036;6136;240;6901;6980;7.77;0.48;234.58;6.22;765;51;2378.00;79
6141;51;627341045;6141;244;6904;6980;7.59;0.47;234.57;6.22;763;51;2379.00;76
6145;51;627341054;6145;239;6909;6980;7.54;0.46;234.53;6.22;764;51;2380.00;71
6149;51;627341063;6149;241;6914;6980;7.47;0.46;234.55;6.22;765;51;2381.00;66
6153;51;627341072;6153;238;6917;6980;7.43;0.46;234.56;6.22;764;51;2382.00;63
6157;51;627341081;6157;236;6921;6980;7.40;0.45;234.60;6.22;764;51;2383.00;59
6161;51;627341089;6161;234;6923;6981;7.44;0.46;234.61;6.22;762;51;2384.00;58
6163;51;627341099;6163;240;6926;6983;7.57;0.46;234.62;6.22;763;51;2385.00;57
6168;51;627341108;6168;240;6930;6983;7.67;0.47;234.64;6.22;762;51;2386.00;53
6172;51;627341118;6172;236;6933;6987;7.72;0.47;234.65;6.22;761;51;2387.00;54
6173;51;627341128;6173;236;6934;6987;7.88;0.48;234.64;6.22;761;51;2388.00;53
6176;51;627341137;6176;239;6934;6987;8.05;0.49;234.64;6.22;758;51;2389.00;53
6178;51;627341147;6178;238;6934;6987;8.22;0.50;234.66;6.22;756;51;2390.00;53
6180;51;627341157;6180;238;6938;6993;8.40;0.51;234.63;6.22;758;51;2391.00;55
6186;51;627341167;6186;235;6939;6993;8.52;0.52;234.65;6.21;753;51;2392.00;54
6190;51;627341177;6190;237;6939;6993;8.62;0.53;234.68;6.21;749;51;2393.00;54
6194;51;627341187;6194;233;6942;6996;8.75;0.53;234.66;6.21;748;51;2394.00;54
6197;51;627341197;6197;231;6942;6996;8.88;0.54;234.70;6.21;745;51;2395.00;54
6202;51;627341207;6202;228;6942;6996;8.94;0.54;234.74;6.21;740;51;2396.00;54
6205;51;627341217;6205;222;6943;6997;8.98;0.55;234.72;6.21;738;51;2397.00;54
6210;51;627341227;6210;218;6944;6998;9.00;0.55;234.80;6.21;734;51;2398.00;54
6215;51;627341237;6215;210;6944;6998;9.00;0.55;234.82;6.21;729;51;2399.00;54
6218;51;627341251;6218;208;6968;7057;9.06;0.55;234.84;6.19;750;51;2400.00;89
6224;51;627341270;6224;207;6970;7057;9.15;0.56;234.86;6.19;746;51;2401.00;87
6227;51;627341282;6227;204;6972;7057;9.23;0.56;234.87;6.19;745;51;2402.00;85
6234;51;627341293;6234;203;6973;7058;9.27;0.57;234.85;6.19;739;51;2403.00;85
6239;51;627341304;6239;202;6975;7058;9.32;0.57;234.94;6.18;736;51;2404.00;83
6243;51;627341315;6243;196;6978;7062;9.41;0.57;235.00;6.18;735;51;2405.00;84
6247;51;627341326;6247;194;6979;7062;9.43;0.58;235.02;6.18;732;51;2406.00;83
6253;51;627341337;6253;196;6983;7066;9.45;0.58;235.03;6.18;730;51;2407.00;83
6257;51;627341349;6257;194;6984;7066;9.44;0.58;235.24;6.18;727;51;2408.00;82
6261;51;627341359;6261;192;6984;7066;9.43;0.58;235.29;6.18;723;51;2409.00;82
6266;51;627341370;6266;199;6986;7066;9.42;0.57;235.32;6.18;720;51;2410.00;80
6269;51;627341380;6269;200;6986;7066;9.43;0.58;235.34;6.18;717;51;2411.00;80
6276;51;627341391;6276;202;6993;7078;9.48;0.58;235.38;6.18;717;51;2412.00;85
6277;51;627341403;6277;207;6994;7078;9.47;0.58;235.41;6.18;717;51;2413.00;84
6281;51;627341413;6281;215;6996;7078;9.47;0.58;235.50;6.18;715;51;2414.00;82
6283;51;627341424;6283;218;6997;7078;9.48;0.58;235.48;6.18;714;51;2415.00;81
6287;51;627341434;6287;219;6997;7078;9.47;0.58;235.54;6.18;710;51;2416.00;81
6290;51;627341445;6290;223;6997;7078;9.46;0.58;235.54;6.18;707;51;2417.00;81
6296;51;627341456;6296;228;6998;7079;9.42;0.57;235.48;6.18;702;51;2418.00;81
6298;51;627341467;6298;228;6998;7079;9.41;0.57;235.47;6.18;700;51;2419.00;81
6300;51;627341478;6300;236;7001;7085;9.37;0.57;235.47;6.18;701;51;2420.00;84
6305;51;627341489;6305;239;7005;7086;9.31;0.57;235.53;6.18;700;51;2421.00;81
6306;51;627341499;6306;242;7005;7086;9.35;0.57;235.55;6.18;699;51;2422.00;81
6309;51;627341509;6309;241;7005;7086;9.37;0.57;235.58;6.18;696;51;2423.00;81
6311;51;627341520;6311;251;7008;7090;9.44;0.58;235.63;6.18;697;51;2424.00;82
6315;52;627341530;6315;247;7008;7090;9.38;0.57;235.66;6.18;693;52;2425.00;82
6317;52;627341550;6317;246;7009;7090;9.33;0.57;235.67;6.19;692;52;2426.00;81
6320;52;627341560;6320;236;7012;7091;9.30;0.57;235.75;6.19;692;52;2427.00;79
6324;52;627341570;6324;229;7015;7095;9.24;0.56;235.76;6.19;691;52;2428.00;80
6327;52;627341581;6327;222;7016;7095;9.18;0.56;235.75;6.19;689;52;2429.00;79
6335;52;627341593;6335;226;7020;7101;9.22;0.56;235.92;6.19;685;52;2430.00;81
6341;52;627341605;6341;226;7020;7101;9.24;0.56;236.01;6.19;679;52;2431.00;81
6344;52;627341615;6344;225;7021;7101;9.26;0.57;236.04;6.19;677;52;2432.00;80
6347;52;627341625;6347;222;7022;7101;9.29;0.57;236.08;6.19;675;52;2433.00;79
6353;52;627341635;6353;222;7025;7105;9.28;0.57;236.19;6.19;672;52;2434.00;80
6356;52;627341651;6356;222;7025;7105;9.23;0.56;236.22;6.19;669;52;2435.00;80
6360;53;627341662;6360;208;7026;7105;9.19;0.56;236.25;6.19;666;53;2436.00;79
6366;53;627341683;6366;196;7026;7105;9.13;0.56;236.29;6.19;660;53;2437.00;79
6366;53;627341694;6366;186;7027;7106;9.19;0.56;236.29;6.19;661;53;2438.00;79
6371;53;627341704;6371;182;7029;7107;9.12;0.55;236.33;6.19;658;53;2439.00;78
6375;53;627341717;6375;178;7030;7107;9.13;0.56;236.34;6.19;655;53;2440.00;77
6377;53;627341733;6377;174;7031;7108;9.23;0.56;236.32;6.19;654;53;2441.00;77
6379;53;627341750;6379;169;7032;7108;9.37;0.57;236.31;6.19;653;53;2442.00;76
6382;53;627341767;6382;162;7032;7108;9.52;0.58;236.34;6.19;650;53;2443.00;76
6383;53;627341785;6383;158;7032;7108;9.66;0.59;236.35;6.19;649;53;2444.00;76
6385;53;627341799;6385;150;7033;7108;9.72;0.59;236.38;6.20;648;53;2445.00;75
6387;53;627341813;6387;142;7033;7108;9.85;0.60;236.33;6.20;646;53;2446.00;75
6391;53;627341829;6391;145;7033;7108;9.93;0.61;236.36;6.20;642;53;2447.00;75
6395;53;627341843;6395;161;7094;7235;10.00;0.62;236.38;6.15;699;53;2448.00;141
6395;53;627341865;6395;157;7097;7236;10.17;0.63;236.38;6.14;702;53;2449.00;139
6398;53;627341876;6398;146;7105;7236;10.36;0.64;236.42;6.14;707;53;2450.00;131
6403;53;627341894;6403;145;7110;7236;10.43;0.64;236.44;6.14;707;53;2451.00;126
6408;54;627341906;6408;142;7113;7236;10.51;0.64;236.45;6.14;705;54;2452.00;123
6412;54;627341930;6412;142;7116;7236;10.53;0.65;236.56;6.14;704;54;2453.00;120
6412;54;627341941;6412;146;7120;7236;10.58;0.65;236.56;6.14;708;54;2454.00;116
6415;54;627341951;6415;150;7123;7236;10.54;0.64;236.62;6.14;708;54;2455.00;113
6417;54;627341962;6417;151;7125;7237;10.49;0.64;236.62;6.14;708;54;2456.00;112
6421;54;627341972;6421;158;7129;7238;10.52;0.64;236.66;6.15;708;54;2457.00;109
6424;54;627341989;6424;160;7131;7238;10.52;0.64;236.64;6.15;707;54;2458.00;107
6427;54;627342000;6427;167;7134;7239;10.55;0.64;236.63;6.16;707;54;2459.00;105
6427;54;627342012;6427;171;7136;7239;10.55;0.64;236.63;6.16;709;54;2460.00;103
6429;54;627342022;6429;177;7139;7239;10.55;0.64;236.74;6.16;710;54;2461.00;100
6431;54;627342039;6431;175;7141;7239;10.50;0.64;236.73;6.16;710;54;2462.00;98
6433;54;627342049;6433;184;7145;7243;10.42;0.64;236.69;6.17;712;54;2463.00;98
6434;54;627342060;6434;186;7148;7243;10.50;0.64;236.67;6.17;714;54;2464.00;95
6435;54;627342069;6435;187;7152;7243;10.52;0.64;236.66;6.18;717;54;2465.00;91
6436;54;627342079;6436;188;7154;7246;10.58;0.65;236.67;6.18;718;54;2466.00;92
6437;54;627342098;6437;191;7156;7246;10.63;0.65;236.66;6.18;719;54;2467.00;90
6438;54;627342108;6438;195;7158;7246;10.60;0.65;236.63;6.20;720;54;2468.00;88
6440;54;627342119;6440;195;7162;7250;10.56;0.64;236.59;6.20;722;54;2469.00;88
6442;54;627342129;6442;196;7165;7251;10.51;0.64;236.54;6.32;723;54;2470.00;86
6445;54;627342139;6445;191;7167;7251;10.47;0.64;236.48;6.32;722;54;2471.00;84
6448;54;627342149;6448;196;7168;7255;10.47;0.64;236.47;6.32;720;54;2472.00;87
6450;54;627342160;6450;192;7170;7255;10.44;0.64;236.44;6.44;720;54;2473.00;85
6452;54;627342169;6452;192;7171;7255;10.40;0.63;236.41;6.43;719;54;2474.00;84
6455;54;627342180;6455;193;7173;7257;10.32;0.63;236.35;6.43;718;54;2475.00;84
6456;54;627342190;6456;196;7174;7257;10.32;0.63;236.33;6.55;718;54;2476.00;83
6458;54;627342199;6458;202;7178;7263;10.32;0.63;236.32;6.54;720;54;2477.00;85
6461;54;627342209;6461;202;7178;7263;10.25;0.62;236.25;6.54;717;54;2478.00;85
6464;54;627342219;6464;203;7179;7264;10.23;0.62;236.25;6.54;715;54;2479.00;85
6469;54;627342228;6469;202;7180;7264;10.23;0.62;236.33;6.65;711;54;2480.00;84
6475;54;627342238;6475;202;7180;7264;10.18;0.62;236.25;6.65;705;54;2481.00;84
6477;54;627342248;6477;193;7180;7264;10.20;0.62;236.25;6.65;703;54;2482.00;84
6478;54;627342258;6478;185;7181;7264;10.20;0.62;236.23;6.76;703;54;2483.00;83
6480;54;627342267;6480;179;7191;7276;10.20;0.62;236.21;6.75;711;54;2484.00;85
6482;54;627342278;6482;180;7194;7276;10.24;0.62;236.15;6.78;712;54;2485.00;82
6482;54;627342288;6482;174;7194;7276;10.26;0.62;236.15;6.78;712;54;2486.00;82
6484;54;627342297;6484;184;7194;7276;10.29;0.63;236.10;6.78;710;54;2487.00;82
6485;54;627342307;6485;186;7195;7276;10.36;0.63;236.12;6.88;710;54;2488.00;81
6486;54;627342318;6486;180;7195;7276;10.40;0.63;236.10;6.88;709;54;2489.00;81
6488;54;627342329;6488;185;7198;7280;10.38;0.63;236.05;6.88;710;54;2490.00;82
6490;54;627342340;6490;185;7198;7280;10.32;0.63;236.04;6.88;708;54;2491.00;82
6490;54;627342356;6490;186;7201;7284;10.41;0.63;236.04;6.88;711;54;2492.00;83
6492;54;627342366;6492;187;7203;7285;10.46;0.64;236.01;6.88;711;54;2493.00;82
6494;54;627342375;6494;193;7203;7285;10.45;0.63;235.99;6.88;709;54;2494.00;82
6494;54;627342385;6494;199;7203;7285;10.45;0.64;235.99;6.88;709;54;2495.00;82
6496;54;627342395;6496;202;7213;7298;10.44;0.63;235.98;6.88;717;54;2496.00;85
6497;54;627342406;6497;200;7213;7298;10.38;0.63;235.96;6.88;716;54;2497.00;85
6501;54;627342422;6501;210;7213;7298;10.32;0.63;235.95;6.88;712;54;2498.00;85
6505;54;627342431;6505;198;7214;7299;10.26;0.62;235.90;6.88;709;54;2499.00;85
6507;54;627342442;6507;194;7214;7300;10.20;0.62;235.86;6.88;707;54;2500.00;86
6511;54;627342456;6511;190;7214;7300;10.20;0.62;235.90;6.88;703;54;2501.00;86
6512;54;627342467;6512;191;7217;7303;10.19;0.62;236.01;6.89;705;54;2502.00;86
6514;54;627342479;6514;180;7218;7303;10.22;0.62;235.99;6.89;704;54;2503.00;85
6514;54;627342489;6514;181;7218;7303;10.21;0.62;235.99;6.89;704;54;2504.00;85
6515;54;627342499;6515;175;7218;7303;10.23;0.62;236.00;6.89;703;54;2505.00;85
6515;54;627342509;6515;176;7222;7309;10.32;0.63;236.00;6.89;707;54;2506.00;87
6517;54;627342520;6517;172;7223;7309;10.36;0.63;235.99;6.88;706;54;2507.00;86
6518;54;627342531;6518;170;7225;7309;10.27;0.62;235.99;6.91;707;54;2508.00;84
6521;54;627342554;6521;169;7225;7309;10.20;0.62;235.96;6.91;704;54;2509.00;84
6523;54;627342564;6523;170;7230;7313;10.19;0.62;235.95;6.92;707;54;2510.00;83
6525;54;627342575;6525;173;7234;7314;10.20;0.62;236.02;6.95;709;54;2511.00;80
6525;54;627342585;6525;177;7234;7314;10.25;0.62;236.02;6.95;709;54;2512.00;80
6525;54;627342596;6525;170;7236;7315;10.31;0.63;236.02;6.95;711;54;2513.00;79
6525;54;627342607;6525;172;7238;7315;10.32;0.63;236.02;6.97;713;54;2514.00;77
6527;54;627342617;6527;172;7240;7315;10.30;0.62;236.13;6.99;713;54;2515.00;75
6530;54;627342627;6530;175;7240;7315;10.23;0.62;236.14;6.99;710;54;2516.00;75
6532;54;627342638;6532;178;7243;7315;10.17;0.62;236.17;7.03;711;54;2517.00;72
6532;54;627342655;6532;178;7244;7315;10.05;0.61;236.17;7.04;712;54;2518.00;71
6534;54;627342672;6534;187;7244;7315;9.95;0.60;236.15;7.04;710;54;2519.00;71
6535;54;627342683;6535;197;7305;7440;9.87;0.60;236.15;7.01;770;54;2520.00;135
6535;54;627342703;6535;199;7307;7441;9.86;0.60;236.15;7.01;772;54;2521.00;134
6536;54;627342714;6536;199;7316;7441;9.84;0.60;236.19;7.00;780;54;2522.00;125
6538;54;627342726;6538;202;7322;7441;9.83;0.60;236.25;7.01;784;54;2523.00;119
6540;54;627342736;6540;206;7330;7441;9.73;0.60;236.30;7.01;790;54;2524.00;111
6542;54;627342747;6542;212;7336;7441;9.64;0.59;236.30;7.02;794;54;2525.00;105
6546;54;627342757;6546;217;7341;7441;9.52;0.58;236.32;7.02;795;54;2526.00;100
6547;54;627342768;6547;223;7344;7441;9.40;0.58;236.30;7.02;797;54;2527.00;97
6549;54;627342778;6549;229;7350;7442;9.27;0.57;236.29;7.03;801;54;2528.00;92
6552;54;627342788;6552;231;7354;7443;9.22;0.57;236.41;7.03;802;54;2529.00;89
6554;54;627342798;6554;233;7358;7443;9.16;0.56;236.44;7.05;804;54;2530.00;85
6557;54;627342808;6557;235;7361;7447;8.98;0.55;236.42;7.04;804;54;2531.00;86
6560;54;627342824;6560;234;7365;7447;8.85;0.54;236.36;7.06;805;54;2532.00;82
6563;54;627342835;6563;234;7366;7447;8.79;0.54;236.30;7.06;803;54;2533.00;81
6567;54;627342846;6567;230;7368;7447;8.75;0.54;236.33;7.06;801;54;2534.00;79
6569;54;627342856;6569;228;7372;7453;8.78;0.54;236.34;7.06;803;54;2535.00;81
6571;54;627342867;6571;232;7375;7453;8.76;0.54;236.33;7.07;804;54;2536.00;78
6574;54;627342878;6574;233;7376;7455;8.75;0.54;236.30;7.07;802;54;2537.00;79
6575;54;627342894;6575;242;7380;7458;8.82;0.54;236.30;7.07;805;54;2538.00;78
6578;54;627342912;6578;248;7382;7458;8.81;0.54;236.30;7.07;804;54;2539.00;76
6580;54;627342922;6580;255;7384;7458;8.80;0.54;236.29;7.09;804;54;2540.00;74
6582;54;627342932;6582;250;7385;7459;8.74;0.53;236.25;7.09;803;54;2541.00;74
6585;54;627342942;6585;251;7386;7460;8.61;0.53;236.25;7.09;801;54;2542.00;74
6594;54;627342952;6594;258;7387;7460;8.48;0.52;236.24;7.09;793;54;2543.00;73
6596;54;627342963;6596;258;7400;7473;8.37;0.51;236.20;7.09;804;54;2544.00;73
6602;54;627342975;6602;265;7401;7473;8.27;0.51;236.26;7.10;799;54;2545.00;72
6606;54;627342985;6606;268;7402;7473;8.19;0.50;236.24;7.10;796;54;2546.00;71
6609;54;627342996;6609;272;7404;7474;8.20;0.50;236.25;7.10;795;54;2547.00;70
6614;54;627343006;6614;273;7404;7474;8.09;0.50;236.29;7.10;790;54;2548.00;70
6618;54;627343016;6618;279;7407;7478;8.04;0.50;236.30;7.10;789;54;2549.00;71
6622;54;627343028;6622;269;7409;7481;8.00;0.49;236.26;7.10;787;54;2550.00;72
6625;54;627343039;6625;268;7416;7485;7.98;0.49;236.23;7.10;791;54;2551.00;69
6629;54;627343050;6629;259;7418;7485;7.93;0.49;236.32;7.11;789;54;2552.00;67
6632;54;627343060;6632;250;7418;7485;7.96;0.49;236.33;7.11;786;54;2553.00;67
6637;54;627343069;6637;245;7419;7485;7.92;0.49;236.38;7.11;782;54;2554.00;66
6642;54;627343080;6642;244;7419;7485;7.87;0.48;236.40;7.11;777;54;2555.00;66
6644;54;627343090;6644;245;7430;7497;7.96;0.49;236.41;7.10;786;54;2556.00;67
6650;54;627343101;6650;243;7430;7497;7.91;0.49;236.51;7.10;780;54;2557.00;67
6652;54;627343111;6652;245;7430;7497;7.93;0.49;236.50;7.10;778;54;2558.00;67
6655;54;627343121;6655;245;7430;7497;7.98;0.49;236.48;7.10;775;54;2559.00;67
6660;54;627343132;6660;243;7430;7497;8.01;0.49;236.56;7.10;770;54;2560.00;67
6665;54;627343142;6665;235;7430;7497;8.10;0.50;236.69;7.10;765;54;2561.00;67
6668;54;627343152;6668;232;7430;7498;8.20;0.51;236.69;7.10;762;54;2562.00;68
6671;54;627343162;6671;231;7430;7498;8.33;0.51;236.75;7.10;759;54;2563.00;68
6675;54;627343172;6675;228;7434;7504;8.52;0.52;236.79;7.09;759;54;2564.00;70
6680;54;627343183;6680;225;7437;7506;8.65;0.53;236.90;7.09;757;54;2565.00;69
6683;54;627343194;6683;224;7437;7506;8.76;0.54;236.94;7.09;754;54;2566.00;69
6690;54;627343204;6690;223;7437;7506;8.85;0.54;236.94;7.09;747;54;2567.00;69
6694;54;627343215;6694;215;7440;7510;8.99;0.55;236.95;7.09;746;54;2568.00;70
6701;54;627343225;6701;214;7440;7510;9.03;0.56;236.99;7.09;739;54;2569.00;70
6705;54;627343235;6705;210;7440;7510;9.12;0.56;236.98;7.09;735;54;2570.00;70
6709;54;627343246;6709;212;7441;7511;9.11;0.56;237.02;7.09;732;54;2571.00;70
6715;54;627343262;6715;210;7444;7515;9.10;0.56;237.07;7.08;729;54;2572.00;71
6721;54;627343273;6721;207;7444;7515;9.11;0.56;237.02;7.08;723;54;2573.00;71
6725;54;627343284;6725;199;7446;7518;9.16;0.56;237.03;7.08;721;54;2574.00;72
6731;54;627343294;6731;194;7447;7518;9.20;0.57;237.08;7.08;716;54;2575.00;71
6736;54;627343304;6736;191;7447;7518;9.25;0.57;237.08;7.08;711;54;2576.00;71
6743;54;627343314;6743;186;7447;7518;9.15;0.56;237.18;7.08;704;54;2577.00;71
6749;54;627343325;6749;188;7450;7522;9.16;0.56;237.20;7.08;701;54;2578.00;72
6751;54;627343335;6751;188;7452;7522;9.19;0.56;237.23;7.19;701;54;2579.00;70
6757;54;627343348;6757;194;7452;7522;9.22;0.56;237.22;7.19;695;54;2580.00;70
6761;54;627343358;6761;191;7452;7522;9.23;0.56;237.22;7.19;691;54;2581.00;70
6766;54;627343368;6766;193;7452;7523;9.26;0.57;237.20;7.19;686;54;2582.00;71
6772;54;627343378;6772;191;7453;7524;9.25;0.56;237.31;7.19;681;54;2583.00;71
6778;54;627343389;6778;198;7453;7524;9.22;0.56;237.27;7.19;675;54;2584.00;71
6780;54;627343399;6780;194;7454;7525;9.24;0.56;237.27;7.19;674;54;2585.00;71
6784;54;627343409;6784;203;7454;7525;9.25;0.56;237.31;7.19;670;54;2586.00;71
6784;54;627343419;6784;205;7454;7525;9.23;0.56;237.31;7.19;670;54;2587.00;71
6787;54;627343429;6787;210;7454;7525;9.24;0.56;237.36;7.19;667;54;2588.00;71
6791;54;627343439;6791;220;7454;7525;9.10;0.56;237.35;7.19;663;54;2589.00;71
6794;54;627343448;6794;221;7454;7525;9.01;0.55;237.37;7.19;660;54;2590.00;71
6800;54;627343458;6800;226;7454;7525;8.86;0.54;237.41;7.19;654;54;2591.00;71
6801;54;627343469;6801;243;7520;7652;9.01;0.56;237.41;7.13;719;54;2592.00;132
6804;54;627343491;6804;234;7523;7653;8.94;0.55;237.45;7.12;719;54;2593.00;130
6808;54;627343507;6808;232;7529;7653;8.95;0.55;237.45;7.12;721;54;2594.00;124
6810;54;627343518;6810;235;7532;7653;8.99;0.56;237.51;7.12;722;54;2595.00;121
6813;54;627343528;6813;239;7537;7653;9.12;0.56;237.49;7.12;724;54;2596.00;116
6818;54;627343539;6818;237;7538;7653;9.14;0.56;237.52;7.12;720;54;2597.00;115
6822;54;627343551;6822;235;7543;7653;9.20;0.57;237.53;7.12;721;54;2598.00;110
6824;54;627343562;6824;230;7544;7653;9.20;0.57;237.64;7.12;720;54;2599.00;109
6828;54;627343574;6828;230;7551;7654;9.22;0.57;237.67;7.12;723;54;2600.00;103
6831;54;627343591;6831;232;7555;7655;9.26;0.57;237.77;7.12;724;54;2601.00;100
6836;54;627343603;6836;233;7560;7655;9.25;0.57;237.83;7.12;724;54;2602.00;95
6839;54;627343614;6839;229;7565;7656;9.20;0.56;237.82;7.12;726;54;2603.00;91
6842;54;627343625;6842;234;7566;7656;9.12;0.56;237.84;7.12;724;54;2604.00;90
6846;54;627343636;6846;232;7569;7656;9.06;0.56;237.89;7.12;723;54;2605.00;87
6847;54;627343647;6847;224;7570;7656;9.17;0.56;237.89;7.12;723;54;2606.00;86
6851;54;627343663;6851;210;7573;7660;9.21;0.57;237.91;7.12;722;54;2607.00;87
6853;54;627343679;6853;200;7575;7660;9.30;0.57;237.94;7.13;722;54;2608.00;85
6856;54;627343690;6856;195;7575;7660;9.37;0.57;237.88;7.13;719;54;2609.00;85
6857;54;627343702;6857;198;7579;7666;9.40;0.57;237.86;7.12;722;54;2610.00;87
6858;54;627343714;6858;185;7579;7666;9.44;0.58;237.84;7.12;721;54;2611.00;87
6861;54;627343730;6861;184;7580;7666;9.44;0.57;237.83;7.12;719;54;2612.00;86
6863;54;627343747;6863;192;7583;7670;9.44;0.58;237.95;7.12;720;54;2613.00;87
6864;54;627343763;6864;191;7585;7671;9.48;0.58;237.94;7.12;721;54;2614.00;86
6867;54;627343783;6867;185;7585;7671;9.55;0.58;237.96;7.12;718;54;2615.00;86
6868;54;627343799;6868;184;7589;7675;9.62;0.59;237.92;7.12;721;54;2616.00;86
6868;54;627343816;6868;180;7589;7675;9.66;0.59;237.92;7.12;721;54;2617.00;86
6870;54;627343832;6870;178;7590;7675;9.62;0.59;237.92;7.12;720;54;2618.00;85
6871;54;627343846;6871;179;7591;7676;9.66;0.59;237.93;7.12;720;54;2619.00;85
6873;55;627343858;6873;183;7592;7676;9.64;0.59;237.91;7.12;719;55;2620.00;84
6875;55;627343889;6875;185;7595;7682;9.60;0.59;237.90;7.11;720;55;2621.00;87
6876;55;627343901;6876;190;7596;7682;9.61;0.59;237.88;7.11;720;55;2622.00;86
6878;55;627343912;6878;193;7597;7683;9.68;0.59;237.86;7.11;719;55;2623.00;86
6882;55;627343923;6882;194;7597;7683;9.78;0.60;237.88;7.11;715;55;2624.00;86
6884;55;627343935;6884;195;7597;7683;9.88;0.60;237.86;7.11;713;55;2625.00;86
6885;55;627343946;6885;187;7597;7683;9.95;0.61;237.85;7.11;712;55;2626.00;86
6887;55;627343957;6887;195;7597;7683;10.04;0.61;237.85;7.11;710;55;2627.00;86
6889;55;627343969;6889;193;7607;7695;10.17;0.62;237.87;7.10;718;55;2628.00;88
6890;55;627343982;6890;194;7607;7695;10.20;0.62;237.85;7.10;717;55;2629.00;88
6892;55;627343993;6892;196;7608;7695;10.22;0.62;237.90;7.10;716;55;2630.00;87
6895;55;627344003;6895;196;7608;7695;10.20;0.62;237.87;7.10;713;55;2631.00;87
6896;55;627344014;6896;198;7608;7695;10.24;0.62;237.84;7.10;712;55;2632.00;87
6897;55;627344024;6897;205;7608;7695;10.35;0.63;237.83;7.10;711;55;2633.00;87
6903;56;627344034;6903;205;7611;7699;10.40;0.63;237.78;7.10;708;56;2634.00;88
6904;56;627344054;6904;200;7611;7699;10.47;0.64;237.78;7.10;707;56;2635.00;88
6908;56;627344071;6908;204;7614;7703;10.55;0.64;237.69;7.10;706;56;2636.00;89
6908;56;627344082;6908;197;7615;7704;10.62;0.64;237.69;7.10;707;56;2637.00;89
6912;56;627344093;6912;194;7616;7704;10.60;0.64;237.66;7.10;704;56;2638.00;88
6917;56;627344104;6917;197;7616;7704;10.56;0.64;237.61;7.10;699;56;2639.00;88
6918;56;627344115;6918;204;7636;7733;10.45;0.63;237.69;7.08;718;56;2640.00;97
6920;56;627344128;6920;207;7637;7733;10.41;0.63;237.67;7.08;717;56;2641.00;96
6924;56;627344138;6924;208;7640;7733;10.43;0.63;237.59;7.08;716;56;2642.00;93
6925;56;627344148;6925;211;7642;7734;10.54;0.64;237.59;7.07;717;56;2643.00;92
6925;56;627344158;6925;215;7642;7735;10.64;0.64;237.59;7.07;717;56;2644.00;93
6926;56;627344168;6926;216;7642;7735;10.74;0.65;237.59;7.07;716;56;2645.00;93
6927;56;627344177;6927;221;7645;7738;10.81;0.65;237.59;7.07;718;56;2646.00;93
6929;56;627344188;6929;222;7645;7738;10.74;0.65;237.57;7.07;716;56;2647.00;93
6932;56;627344197;6932;224;7645;7738;10.63;0.64;237.56;7.07;713;56;2648.00;93
6932;56;627344208;6932;227;7645;7738;10.55;0.64;237.56;7.07;713;56;2649.00;93
6932;56;627344218;6932;223;7649;7744;10.55;0.64;237.56;7.07;717;56;2650.00;95
6934;56;627344228;6934;211;7649;7744;10.55;0.64;237.54;7.07;715;56;2651.00;95
6938;56;627344238;6938;192;7650;7744;10.51;0.64;237.52;7.07;712;56;2652.00;94
6939;56;627344258;6939;175;7650;7744;10.52;0.64;237.50;7.07;711;56;2653.00;94
6940;56;627344268;6940;171;7654;7748;10.51;0.64;237.48;7.08;714;56;2654.00;94
6943;56;627344280;6943;159;7656;7750;10.60;0.65;237.45;7.08;713;56;2655.00;94
6947;57;627344291;6947;151;7657;7750;10.64;0.65;237.39;7.09;710;57;2656.00;93
6948;57;627344315;6948;142;7658;7751;10.83;0.66;237.41;7.09;710;57;2657.00;93
6949;57;627344337;6949;135;7658;7751;10.99;0.67;237.38;7.09;709;57;2658.00;93
6950;57;627344349;6950;127;7658;7751;11.10;0.68;237.36;7.09;708;57;2659.00;93
6952;57;627344360;6952;116;7658;7751;11.22;0.68;237.33;7.09;706;57;2660.00;93
6956;58;627344372;6956;114;7658;7751;11.27;0.69;237.26;7.09;702;58;2661.00;93
6958;58;627344400;6958;106;7658;7751;11.37;0.69;237.28;7.09;700;58;2662.00;93
6960;58;627344411;6960;105;7658;7751;11.55;0.70;237.34;7.09;698;58;2663.00;93
6965;58;627344423;6965;109;7694;7821;11.63;0.71;237.24;7.06;729;58;2664.00;127
6967;59;627344440;6967;105;7696;7822;11.65;0.71;237.23;7.05;729;59;2665.00;126
6969;59;627344465;6969;105;7703;7822;11.69;0.71;237.20;7.05;734;59;2666.00;119
6971;59;627344477;6971;108;7708;7822;11.67;0.71;237.21;7.05;737;59;2667.00;114
6974;59;627344499;6974;109;7712;7822;11.72;0.71;237.17;7.05;738;59;2668.00;110
6975;59;627344511;6975;115;7714;7822;11.74;0.71;237.16;7.05;739;59;2669.00;108
6975;59;627344525;6975;116;7717;7822;11.65;0.71;237.16;7.04;742;59;2670.00;105
6976;59;627344537;6976;114;7719;7822;11.61;0.71;237.17;7.04;743;59;2671.00;103
6979;59;627344556;6979;114;7722;7823;11.54;0.70;237.15;7.05;743;59;2672.00;101
6980;59;627344575;6980;117;7724;7824;11.54;0.70;237.12;7.05;744;59;2673.00;100
6984;60;627344587;6984;124;7726;7824;11.48;0.70;237.19;7.04;742;60;2674.00;98
6984;60;627344610;6984;129;7729;7828;11.39;0.69;237.19;7.04;745;60;2675.00;99
6990;60;627344622;6990;136;7730;7828;11.24;0.68;237.16;7.06;740;60;2676.00;98
6992;60;627344633;6992;147;7730;7828;11.11;0.68;237.12;7.06;738;60;2677.00;98
6994;60;627344644;6994;150;7730;7828;11.03;0.67;237.08;7.06;736;60;2678.00;98
6998;60;627344656;6998;155;7734;7834;10.97;0.67;237.07;7.05;736;60;2679.00;100
7000;60;627344668;7000;159;7737;7834;10.86;0.66;237.13;7.08;737;60;2680.00;97
7001;60;627344679;7001;166;7737;7834;10.86;0.66;237.14;7.08;736;60;2681.00;97
7006;60;627344691;7006;171;7740;7837;10.81;0.66;237.20;7.09;734;60;2682.00;97
7010;60;627344703;7010;173;7740;7837;10.78;0.66;237.19;7.09;730;60;2683.00;97
7011;60;627344715;7011;178;7743;7837;10.70;0.65;237.19;7.11;732;60;2684.00;94
7015;60;627344727;7015;183;7743;7838;10.62;0.64;237.15;7.11;728;60;2685.00;95
7020;60;627344743;7020;191;7745;7839;10.51;0.64;237.26;7.13;725;60;2686.00;94
7021;61;627344754;7021;191;7746;7839;10.39;0.63;237.28;7.13;725;61;2687.00;93
7023;61;627344786;7023;197;7758;7852;10.27;0.62;237.26;7.14;735;61;2688.00;94
7025;61;627344798;7025;200;7759;7852;10.22;0.62;237.28;7.15;734;61;2689.00;93
7027;61;627344808;7027;207;7760;7852;10.15;0.62;237.28;7.16;733;61;2690.00;92
7030;61;627344818;7030;212;7761;7853;10.19;0.62;237.30;7.15;731;61;2691.00;92
7034;61;627344828;7034;218;7763;7853;10.17;0.62;237.28;7.17;729;61;2692.00;90
7035;61;627344839;7035;226;7766;7857;10.09;0.61;237.31;7.17;731;61;2693.00;91
7039;61;627344850;7039;233;7768;7857;9.98;0.61;237.27;7.18;729;61;2694.00;89
7040;61;627344859;7040;237;7772;7861;9.87;0.60;237.26;7.18;732;61;2695.00;89
7043;61;627344870;7043;242;7772;7861;9.72;0.59;237.24;7.18;729;61;2696.00;89
7047;61;627344881;7047;247;7774;7861;9.53;0.58;237.19;7.21;727;61;2697.00;87
7048;61;627344896;7048;248;7774;7861;9.44;0.58;237.19;7.21;726;61;2698.00;87
7050;61;627344906;7050;248;7774;7861;9.36;0.57;237.16;7.21;724;61;2699.00;87
7053;61;627344919;7053;250;7798;7910;9.32;0.57;237.15;7.21;745;61;2700.00;112
7057;61;627344938;7057;249;7800;7910;9.23;0.57;237.12;7.22;743;61;2701.00;110
7058;61;627344948;7058;251;7804;7910;9.13;0.56;237.12;7.23;746;61;2702.00;106
7060;61;627344958;7060;248;7806;7910;9.06;0.56;237.11;7.23;746;61;2703.00;104
7063;61;627344969;7063;249;7809;7910;8.95;0.55;237.08;7.25;746;61;2704.00;101
7065;61;627344979;7065;243;7810;7910;8.91;0.55;237.09;7.24;745;61;2705.00;100
7067;61;627344988;7067;239;7811;7911;8.86;0.54;237.08;7.24;744;61;2706.00;100
7070;61;627344998;7070;234;7815;7911;8.83;0.54;237.06;7.26;745;61;2707.00;96
7073;61;627345007;7073;232;7820;7917;8.88;0.54;237.08;7.27;747;61;2708.00;97
7077;61;627345018;7077;229;7824;7918;8.85;0.54;237.09;7.28;747;61;2709.00;94
7082;61;627345027;7082;233;7824;7918;8.75;0.54;237.02;7.28;742;61;2710.00;94
7088;61;627345037;7088;232;7825;7918;8.65;0.53;236.98;7.28;737;61;2711.00;93
7091;61;627345047;7091;235;7828;7922;8.57;0.52;237.07;7.29;737;61;2712.00;94
7098;61;627345062;7098;244;7832;7922;8.44;0.51;237.15;7.29;734;61;2713.00;90
7102;61;627345072;7102;241;7834;7922;8.33;0.51;237.19;7.30;732;61;2714.00;88
7108;61;627345082;7108;247;7835;7923;8.29;0.51;237.20;7.29;727;61;2715.00;88
7113;61;627345091;7113;252;7840;7927;8.22;0.50;237.22;7.30;727;61;2716.00;87
7118;61;627345102;7118;251;7840;7927;8.20;0.50;237.22;7.30;722;61;2717.00;87
7122;61;627345110;7122;252;7843;7930;8.14;0.50;237.21;7.30;721;61;2718.00;87
7126;61;627345120;7126;257;7844;7930;8.05;0.49;237.36;7.30;718;61;2719.00;86
7130;61;627345128;7130;257;7846;7930;7.97;0.49;237.41;7.30;716;61;2720.00;84
7134;61;627345137;7134;250;7847;7930;7.92;0.48;237.42;7.30;713;61;2721.00;83
7137;61;627345145;7137;250;7850;7934;7.91;0.48;237.45;7.30;713;61;2722.00;84
7139;61;627345155;7139;248;7850;7934;7.94;0.49;237.45;7.30;711;61;2723.00;84
7141;61;627345163;7141;246;7852;7934;8.02;0.49;237.50;7.31;711;61;2724.00;82
7144;61;627345172;7144;253;7854;7934;8.05;0.49;237.56;7.31;710;61;2725.00;80
7149;61;627345181;7149;257;7855;7935;8.08;0.49;237.61;7.31;706;61;2726.00;80
7153;61;627345190;7153;252;7857;7936;8.09;0.49;237.61;7.31;704;61;2727.00;79
7158;61;627345199;7158;247;7857;7936;8.13;0.50;237.69;7.31;699;61;2728.00;79
7160;61;627345208;7160;242;7858;7937;8.18;0.50;237.70;7.31;698;61;2729.00;79
7163;61;627345219;7163;236;7858;7937;8.21;0.50;237.69;7.31;695;61;2730.00;79
7165;61;627345227;7165;237;7860;7937;8.24;0.51;237.71;7.32;695;61;2731.00;77
7170;61;627345236;7170;235;7860;7937;8.26;0.51;237.79;7.32;690;61;2732.00;77
7174;61;627345245;7174;235;7860;7937;8.31;0.51;237.85;7.32;686;61;2733.00;77
7180;61;627345254;7180;234;7862;7937;8.26;0.51;237.85;7.32;682;61;2734.00;75
7187;61;627345263;7187;234;7863;7937;8.23;0.50;237.86;7.32;676;61;2735.00;74
7190;61;627345272;7190;244;7928;8064;8.43;0.52;237.84;7.26;738;61;2736.00;136
7195;61;627345291;7195;231;7934;8065;8.43;0.52;237.88;7.27;739;61;2737.00;131
7198;61;627345301;7198;224;7939;8065;8.47;0.53;237.89;7.26;741;61;2738.00;126
7201;61;627345310;7201;220;7942;8065;8.44;0.52;237.93;7.26;741;61;2739.00;123
7207;61;627345319;7207;222;7946;8065;8.40;0.52;237.94;7.26;739;61;2740.00;119
7208;61;627345329;7208;223;7948;8065;8.40;0.52;237.95;7.26;740;61;2741.00;117
7213;61;627345343;7213;227;7951;8065;8.33;0.52;237.94;7.38;738;61;2742.00;114
7218;61;627345354;7218;223;7953;8065;8.30;0.51;238.04;7.38;735;61;2743.00;112
7220;61;627345363;7220;227;7958;8066;8.35;0.52;238.01;7.38;738;61;2744.00;108
7224;61;627345373;7224;226;7961;8068;8.35;0.52;238.07;7.38;737;61;2745.00;107
7229;61;627345382;7229;231;7968;8068;8.35;0.52;238.10;7.38;739;61;2746.00;100
7233;61;627345392;7233;232;7971;8069;8.27;0.51;238.16;7.38;738;61;2747.00;98
7236;61;627345402;7236;230;7974;8069;8.27;0.51;238.30;7.38;738;61;2748.00;95
7240;61;627345412;7240;232;7977;8069;8.24;0.51;238.33;7.39;737;61;2749.00;92
7244;61;627345421;7244;234;7980;8069;8.28;0.51;238.39;7.39;736;61;2750.00;89
7248;61;627345431;7248;242;7984;8073;8.29;0.51;238.36;7.39;736;61;2751.00;89
7255;62;627345441;7255;247;7986;8073;8.21;0.51;238.38;7.39;731;62;2752.00;87
7257;62;627345457;7257;250;7987;8073;8.20;0.51;238.37;7.39;730;62;2753.00;86
7263;63;627345474;7263;251;7990;8076;8.18;0.50;238.33;7.39;727;63;2754.00;86
7269;63;627345491;7269;258;7992;8076;8.13;0.50;238.32;7.39;723;63;2755.00;84
7270;63;627345509;7270;262;7994;8076;8.15;0.50;238.31;7.39;724;63;2756.00;82
7274;63;627345518;7274;262;7998;8080;8.11;0.50;238.36;7.39;724;63;2757.00;82
7277;63;627345528;7277;272;7999;8081;8.09;0.50;238.33;7.39;722;63;2758.00;82
7279;63;627345538;7279;280;8000;8081;8.06;0.49;238.33;7.51;721;63;2759.00;81
7283;64;627345551;7283;286;8004;8086;8.01;0.49;238.44;7.50;721;64;2760.00;82
7287;64;627345572;7287;289;8004;8086;7.93;0.48;238.41;7.50;717;64;2761.00;82
7289;64;627345582;7289;290;8004;8086;7.89;0.48;238.40;7.50;715;64;2762.00;82
7292;64;627345602;7292;296;8005;8087;7.84;0.48;238.40;7.50;713;64;2763.00;82
7294;64;627345611;7294;295;8005;8087;7.79;0.48;238.38;7.50;711;64;2764.00;82
7297;64;627345622;7297;298;8009;8093;7.76;0.47;238.40;7.50;712;64;2765.00;84
7299;64;627345632;7299;303;8010;8093;7.70;0.47;238.39;7.50;711;64;2766.00;83
7301;64;627345642;7301;295;8010;8094;7.65;0.47;238.41;7.50;709;64;2767.00;84
7304;64;627345652;7304;293;8010;8094;7.63;0.47;238.46;7.50;706;64;2768.00;84
7307;64;627345662;7307;293;8010;8094;7.62;0.47;238.48;7.50;703;64;2769.00;84
7311;64;627345671;7311;281;8010;8094;7.64;0.47;238.44;7.50;699;64;2770.00;84
7313;64;627345680;7313;282;8010;8094;7.57;0.46;238.55;7.50;697;64;2771.00;84
7315;64;627345690;7315;283;8020;8106;7.71;0.47;238.56;7.49;705;65;2772.00;86
7320;64;627345709;7320;280;8020;8106;7.72;0.47;238.59;7.49;700;65;2773.00;86
7321;64;627345720;7321;284;8021;8106;7.71;0.47;238.57;7.49;700;65;2774.00;85
7324;64;627345733;7324;291;8021;8106;7.73;0.47;238.54;7.49;697;65;2775.00;85
7326;64;627345759;7326;281;8021;8106;7.74;0.47;238.51;7.49;695;65;2776.00;85
7329;64;627345784;7329;266;8021;8106;7.81;0.47;238.45;7.49;692;65;2777.00;85
7332;64;627345800;7332;251;8024;8110;7.88;0.48;238.39;7.49;692;65;2778.00;86
7335;64;627345817;7335;239;8024;8110;7.96;0.48;238.37;7.49;689;65;2779.00;86
7335;64;627345832;7335;239;8027;8114;8.10;0.49;238.37;7.48;692;65;2780.00;87
7337;64;627345846;7337;229;8029;8115;8.24;0.50;238.32;7.48;692;65;2781.00;86
7337;64;627345858;7337;226;8029;8115;8.38;0.51;238.32;7.48;692;65;2782.00;86
7338;64;627345870;7338;217;8029;8115;8.50;0.52;238.30;7.48;691;65;2783.00;86
7340;64;627345882;7340;222;8040;8128;8.67;0.53;238.25;7.47;700;65;2784.00;88
7343;64;627345897;7343;223;8040;8128;8.78;0.53;238.19;7.47;697;65;2785.00;88
7343;64;627345908;7343;221;8040;8128;8.86;0.54;238.19;7.47;697;65;2786.00;88
7344;64;627345919;7344;226;8041;8129;8.86;0.54;238.22;7.47;697;65;2787.00;88
7344;64;627345931;7344;226;8041;8130;8.83;0.54;238.22;7.47;697;65;2788.00;89
7345;64;627345950;7345;228;8041;8130;8.86;0.54;238.23;7.47;696;65;2789.00;89
7346;64;627345963;7346;224;8044;8136;8.98;0.55;238.24;7.47;698;65;2790.00;92
7350;64;627345975;7350;224;8045;8136;9.00;0.55;238.19;7.47;695;65;2791.00;91
7351;64;627345986;7351;221;8045;8136;9.02;0.55;238.20;7.47;694;65;2792.00;91
7354;64;627345997;7354;226;8046;8136;9.12;0.55;238.24;7.47;692;65;2793.00;90
7355;64;627346008;7355;224;8049;8142;9.18;0.56;238.22;7.46;694;65;2794.00;93
7356;64;627346018;7356;229;8050;8142;9.22;0.56;238.23;7.46;694;65;2795.00;92
7357;64;627346028;7357;235;8050;8142;9.23;0.56;238.21;7.46;693;65;2796.00;92
7359;64;627346039;7359;236;8051;8142;9.24;0.56;238.17;7.46;692;65;2797.00;91
7360;64;627346048;7360;233;8054;8146;9.25;0.56;238.16;7.46;694;65;2798.00;92
7360;64;627346064;7360;235;8056;8147;9.28;0.56;238.16;7.46;696;65;2799.00;91
7360;64;627346082;7360;238;8056;8147;9.31;0.56;238.16;7.46;696;65;2800.00;91
7362;64;627346097;7362;242;8057;8148;9.34;0.57;238.11;7.46;695;65;2801.00;91
7364;64;627346113;7364;240;8057;8148;9.33;0.57;238.10;7.46;693;65;2802.00;91
7366;64;627346122;7366;227;8058;8148;9.36;0.57;238.08;7.58;692;65;2803.00;90
7369;64;627346133;7369;214;8058;8148;9.45;0.57;238.05;7.58;689;65;2804.00;90
7369;64;627346143;7369;204;8058;8148;9.59;0.58;238.05;7.58;689;65;2805.00;90
7369;64;627346153;7369;202;8058;8148;9.75;0.59;238.05;7.58;689;65;2806.00;90
7369;64;627346163;7369;191;8058;8148;9.89;0.60;238.05;7.58;689;65;2807.00;90
7370;64;627346179;7370;201;8101;8218;9.91;0.60;238.03;7.54;731;65;2808.00;117
7371;64;627346195;7371;185;8101;8219;10.05;0.61;238.03;7.54;730;65;2809.00;118
7372;64;627346212;7372;170;8106;8219;10.27;0.63;238.03;7.54;734;65;2810.00;113
7374;64;627346223;7374;160;8108;8219;10.43;0.63;238.03;7.54;734;65;2811.00;111
7378;64;627346233;7378;149;8111;8219;10.52;0.64;238.02;7.54;733;65;2812.00;108
7379;64;627346251;7379;147;8113;8219;10.60;0.64;238.00;7.54;734;65;2813.00;106
7381;64;627346262;7381;145;8115;8219;10.67;0.65;238.00;7.54;734;65;2814.00;104
7382;64;627346280;7382;141;8119;8219;10.76;0.66;237.99;7.54;737;65;2815.00;100
7384;64;627346291;7384;140;8120;8220;10.84;0.66;237.97;7.54;736;65;2816.00;100
7385;64;627346301;7385;141;8124;8221;10.97;0.67;237.97;7.53;739;65;2817.00;97
7387;64;627346312;7387;144;8127;8221;11.14;0.68;237.96;7.66;740;65;2818.00;94
7390;64;627346322;7390;143;8130;8225;11.14;0.68;237.95;7.66;740;65;2819.00;95
7394;64;627346335;7394;141;8131;8225;11.17;0.68;237.95;7.78;737;65;2820.00;94
7397;64;627346346;7397;137;8131;8225;11.17;0.68;237.96;7.78;734;65;2821.00;94
7399;64;627346356;7399;132;8131;8225;11.25;0.68;237.92;7.78;732;65;2822.00;94
7401;64;627346367;7401;125;8135;8231;11.27;0.68;237.93;7.90;734;65;2823.00;96
7403;65;627346379;7403;124;8136;8231;11.32;0.69;237.99;7.90;733;66;2824.00;95
7408;65;627346408;7408;124;8138;8231;11.27;0.68;238.06;7.92;730;66;2825.00;93
7410;65;627346420;7410;122;8141;8234;11.32;0.69;238.08;8.05;731;66;2826.00;93
7411;65;627346431;7411;121;8141;8234;11.33;0.69;238.08;8.05;730;66;2827.00;93
7418;65;627346442;7418;123;8142;8234;11.30;0.68;238.07;8.05;724;66;2828.00;92
7423;65;627346453;7423;117;8142;8235;11.25;0.68;238.01;8.05;719;66;2829.00;93
7425;65;627346464;7425;115;8143;8236;11.27;0.68;238.00;8.05;718;66;2830.00;93
7427;65;627346476;7427;115;8144;8236;11.28;0.68;238.06;8.17;717;66;2831.00;92
7431;65;627346486;7431;114;8154;8249;11.30;0.68;238.03;8.16;723;66;2832.00;95
7434;65;627346498;7434;114;8154;8249;11.35;0.69;238.03;8.16;720;66;2833.00;95
7439;65;627346509;7439;116;8154;8249;11.41;0.69;238.05;8.16;715;66;2834.00;95
7442;65;627346520;7442;116;8156;8251;11.40;0.69;238.03;8.16;714;66;2835.00;95
7444;65;627346532;7444;117;8156;8251;11.42;0.69;238.02;8.16;712;66;2836.00;95
7448;65;627346543;7448;120;8159;8255;11.41;0.69;238.07;8.16;711;66;2837.00;96
7450;65;627346554;7450;124;8161;8255;11.38;0.69;238.11;8.16;711;66;2838.00;94
7452;65;627346566;7452;134;8165;8259;11.27;0.68;238.10;8.15;713;66;2839.00;94
7454;65;627346576;7454;132;8165;8259;11.29;0.68;238.16;8.15;711;66;2840.00;94
7455;65;627346587;7455;136;8165;8259;11.29;0.68;238.13;8.15;710;66;2841.00;94
7457;65;627346599;7457;139;8165;8259;11.24;0.68;238.14;8.15;708;66;2842.00;94
7458;65;627346610;7458;146;8165;8259;11.19;0.68;238.11;8.15;707;66;2843.00;94
7461;65;627346620;7461;155;8175;8271;11.24;0.68;238.22;8.14;714;66;2844.00;96
7464;65;627346631;7464;162;8176;8271;11.24;0.68;238.21;8.14;712;66;2845.00;95
7465;65;627346642;7465;162;8176;8271;11.24;0.68;238.24;8.14;711;66;2846.00;95
7466;65;627346653;7466;166;8176;8271;11.23;0.68;238.26;8.14;710;66;2847.00;95
7470;65;627346664;7470;167;8176;8271;11.22;0.68;238.27;8.14;706;66;2848.00;95
7471;65;627346675;7471;177;8176;8271;11.19;0.68;238.26;8.14;705;66;2849.00;95
7472;65;627346688;7472;176;8179;8274;11.08;0.67;238.30;8.15;707;66;2850.00;95
7475;65;627346701;7475;176;8180;8274;10.96;0.67;238.29;8.17;705;66;2851.00;94
7476;65;627346720;7476;176;8184;8280;10.97;0.67;238.28;8.16;708;66;2852.00;96
7478;65;627346740;7478;175;8188;8281;10.85;0.66;238.30;8.19;710;66;2853.00;93
7482;65;627346756;7482;184;8188;8281;10.80;0.66;238.34;8.19;706;66;2854.00;93
7485;65;627346772;7485;187;8189;8281;10.75;0.66;238.33;8.20;704;66;2855.00;92
7488;65;627346785;7488;193;8194;8285;10.62;0.65;238.34;8.22;706;66;2856.00;91
7491;65;627346798;7491;195;8194;8285;10.58;0.64;238.32;8.22;703;66;2857.00;91
7494;65;627346810;7494;195;8194;8285;10.52;0.64;238.31;8.22;700;66;2858.00;91
7497;65;627346821;7497;192;8197;8286;10.41;0.63;238.30;8.24;700;66;2859.00;89
7500;65;627346831;7500;195;8200;8290;10.43;0.64;238.33;8.24;700;66;2860.00;90
7503;65;627346842;7503;198;8202;8290;10.44;0.64;238.36;8.26;699;66;2861.00;88
7505;65;627346852;7505;202;8204;8293;10.48;0.64;238.36;8.26;699;66;2862.00;89
7506;65;627346862;7506;205;8207;8293;10.48;0.64;238.35;8.28;701;66;2863.00;86
7510;65;627346872;7510;206;8209;8295;10.45;0.64;238.33;8.29;699;66;2864.00;86
7515;65;627346882;7515;209;8211;8295;10.31;0.63;238.30;8.30;696;66;2865.00;84
7515;65;627346897;7515;212;8215;8299;10.24;0.62;238.30;8.31;700;66;2866.00;84
7518;65;627346907;7518;214;8217;8299;10.05;0.61;238.34;8.31;699;66;2867.00;82
7519;65;627346917;7519;217;8218;8299;9.90;0.61;238.38;8.32;699;66;2868.00;81
7520;65;627346926;7520;213;8219;8299;9.71;0.59;238.36;8.32;699;66;2869.00;80
7522;65;627346936;7522;209;8220;8300;9.58;0.59;238.36;8.33;698;66;2870.00;80
7524;65;627346945;7524;206;8222;8301;9.50;0.58;238.35;8.33;698;66;2871.00;79
7526;65;627346955;7526;206;8223;8301;9.42;0.58;238.40;8.34;697;66;2872.00;78
7528;65;627346964;7528;206;8224;8302;9.32;0.57;238.38;8.34;696;66;2873.00;78
7536;65;627346974;7536;211;8224;8302;9.24;0.56;238.38;8.34;688;66;2874.00;78
7537;65;627346983;7537;213;8226;8302;9.22;0.56;238.36;8.36;689;66;2875.00;76
7539;65;627346992;7539;212;8227;8302;9.20;0.56;238.38;8.36;688;66;2876.00;75
7540;65;627347001;7540;206;8229;8302;9.17;0.56;238.38;8.38;689;66;2877.00;73
7543;65;627347009;7543;210;8230;8302;9.16;0.56;238.43;8.38;687;66;2878.00;72
7546;65;627347018;7546;206;8230;8302;9.11;0.55;238.43;8.38;684;66;2879.00;72
7550;65;627347029;7550;245;8330;8532;8.98;0.56;238.42;8.28;780;66;2880.00;202
7553;65;627347055;7553;238;8335;8533;8.95;0.56;238.44;8.28;782;66;2881.00;198
7556;65;627347065;7556;224;8343;8533;8.95;0.56;238.46;8.28;787;66;2882.00;190
7562;65;627347075;7562;227;8350;8533;8.87;0.55;238.46;8.27;788;66;2883.00;183
7567;65;627347084;7567;228;8358;8533;8.85;0.55;238.57;8.27;791;66;2884.00;175
7571;65;627347094;7571;228;8362;8533;8.83;0.55;238.57;8.27;791;66;2885.00;171
7574;65;627347103;7574;224;8369;8533;8.84;0.55;238.60;8.27;795;66;2886.00;164
7578;65;627347113;7578;232;8373;8533;8.80;0.55;238.59;8.27;795;66;2887.00;160
7583;65;627347122;7583;238;8379;8534;8.67;0.54;238.70;8.28;796;66;2888.00;155
7588;65;627347137;7588;251;8383;8535;8.46;0.53;238.67;8.28;795;66;2889.00;152
7594;65;627347147;7594;247;8389;8535;8.35;0.52;238.71;8.28;795;66;2890.00;146
7598;65;627347157;7598;243;8393;8536;8.20;0.51;238.76;8.28;795;66;2891.00;143
7601;65;627347167;7601;249;8399;8536;8.07;0.50;238.74;8.29;798;66;2892.00;137
7605;65;627347176;7605;252;8402;8536;7.90;0.49;238.76;8.29;797;66;2893.00;134
7607;65;627347186;7607;259;8406;8536;7.74;0.48;238.76;8.29;799;66;2894.00;130
7611;65;627347200;7611;265;8412;8540;7.54;0.47;238.83;8.30;801;66;2895.00;128
7615;65;627347217;7615;270;8416;8540;7.41;0.46;238.85;8.30;801;66;2896.00;124
7618;65;627347232;7618;270;8419;8540;7.42;0.46;238.84;8.30;801;66;2897.00;121
7624;65;627347242;7624;262;8422;8543;7.39;0.45;239.03;8.31;798;66;2898.00;121
7626;65;627347252;7626;257;8427;8543;7.44;0.46;239.02;8.31;801;66;2899.00;116
7631;65;627347263;7631;260;8429;8543;7.43;0.46;239.08;8.32;798;66;2900.00;114
7634;65;627347282;7634;258;8433;8547;7.48;0.46;239.10;8.32;799;66;2901.00;114
7635;65;627347293;7635;260;8438;8548;7.53;0.46;239.08;8.32;803;66;2902.00;110
7639;65;627347309;7639;256;8440;8548;7.58;0.46;239.05;8.32;801;66;2903.00;108
7642;65;627347319;7642;253;8446;8552;7.65;0.47;239.08;8.33;804;66;2904.00;106
7647;65;627347335;7647;261;8448;8552;7.74;0.47;239.14;8.33;801;66;2905.00;104
7650;65;627347346;7650;262;8452;8552;7.76;0.47;239.17;8.34;802;66;2906.00;100
7652;65;627347356;7652;272;8455;8553;7.76;0.47;239.19;8.34;803;66;2907.00;98
7657;65;627347372;7657;269;8456;8553;7.73;0.47;239.21;8.34;799;66;2908.00;97
7662;65;627347383;7662;269;8464;8559;7.75;0.47;239.28;8.48;802;66;2909.00;95
7663;65;627347397;7663;264;8465;8559;7.84;0.48;239.29;8.48;802;66;2910.00;94
7667;65;627347408;7667;267;8468;8560;7.81;0.48;239.33;8.48;801;66;2911.00;92
7672;65;627347418;7672;273;8471;8560;7.75;0.47;239.33;8.48;799;66;2912.00;89
7674;65;627347434;7674;277;8471;8560;7.76;0.47;239.34;8.48;797;66;2913.00;89
7678;65;627347445;7678;282;8472;8560;7.72;0.47;239.35;8.48;794;66;2914.00;88
7682;65;627347455;7682;290;8472;8560;7.64;0.47;239.32;8.48;790;66;2915.00;88
7685;65;627347466;7685;300;8482;8572;7.66;0.47;239.33;8.47;797;66;2916.00;90
7688;65;627347477;7688;304;8482;8572;7.54;0.46;239.39;8.47;794;66;2917.00;90
7692;65;627347488;7692;312;8483;8572;7.48;0.46;239.38;8.47;791;66;2918.00;89
7697;65;627347498;7697;316;8483;8572;7.37;0.45;239.44;8.47;786;66;2919.00;89
7701;65;627347509;7701;318;8483;8572;7.26;0.45;239.49;8.47;782;66;2920.00;89
7701;65;627347519;7701;325;8483;8572;7.20;0.44;239.49;8.47;782;66;2921.00;89
7704;65;627347529;7704;333;8486;8576;7.20;0.44;239.45;8.47;782;66;2922.00;90
7705;65;627347539;7705;341;8486;8576;7.21;0.44;239.43;8.47;781;66;2923.00;90
7707;65;627347549;7707;344;8489;8580;7.26;0.44;239.40;8.47;782;66;2924.00;91
7708;65;627347559;7708;346;8491;8582;7.27;0.45;239.42;8.47;783;66;2925.00;91
7713;65;627347569;7713;351;8492;8582;7.23;0.44;239.42;8.47;779;66;2926.00;90
7714;65;627347579;7714;356;8492;8582;7.19;0.44;239.44;8.47;778;66;2927.00;90
7716;65;627347589;7716;360;8502;8595;7.29;0.45;239.48;8.46;786;66;2928.00;93
7718;65;627347600;7718;359;8502;8595;7.26;0.44;239.50;8.46;784;66;2929.00;93
7722;65;627347610;7722;364;8502;8595;7.26;0.44;239.46;8.46;780;66;2930.00;93
7726;65;627347620;7726;365;8503;8596;7.21;0.44;239.39;8.46;777;66;2931.00;93
7728;65;627347629;7728;365;8503;8597;7.22;0.44;239.35;8.46;775;66;2932.00;94
7729;65;627347639;7729;369;8503;8597;7.21;0.44;239.33;8.46;774;66;2933.00;94
7734;65;627347648;7734;371;8505;8600;7.14;0.44;239.35;8.45;771;66;2934.00;95
7736;65;627347658;7736;377;8506;8600;7.09;0.43;239.33;8.45;770;66;2935.00;94
7738;65;627347668;7738;383;8506;8600;7.01;0.43;239.28;8.45;768;66;2936.00;94
7741;65;627347677;7741;373;8506;8600;6.95;0.42;239.23;8.45;765;66;2937.00;94
7742;65;627347687;7742;369;8510;8606;6.93;0.42;239.20;8.45;768;66;2938.00;96
7745;65;627347697;7745;369;8510;8606;6.87;0.42;239.16;8.45;765;66;2939.00;96
7749;65;627347708;7749;369;8511;8606;6.87;0.42;239.15;8.45;762;66;2940.00;95
7751;65;627347718;7751;370;8511;8606;6.91;0.42;239.25;8.45;760;66;2941.00;95
7753;65;627347734;7753;363;8514;8610;6.92;0.42;239.22;8.45;761;66;2942.00;96
7755;65;627347751;7755;363;8515;8611;6.91;0.42;239.20;8.44;760;66;2943.00;96
7759;65;627347767;7759;360;8515;8611;6.88;0.42;239.25;8.44;756;66;2944.00;96
7759;65;627347784;7759;368;8516;8612;6.91;0.42;239.25;8.44;757;66;2945.00;96
7761;65;627347807;7761;363;8516;8612;6.91;0.42;239.22;8.44;755;66;2946.00;96
7761;65;627347823;7761;347;8516;8612;6.98;0.43;239.22;8.44;755;66;2947.00;96
7763;65;627347844;7763;335;8516;8612;7.08;0.43;239.18;8.44;753;66;2948.00;96
7766;65;627347855;7766;327;8516;8612;7.11;0.43;239.10;8.44;750;66;2949.00;96
7768;65;627347866;7768;319;8516;8612;7.16;0.44;239.08;8.44;748;66;2950.00;96
7771;65;627347877;7771;316;8516;8612;7.24;0.44;239.02;8.44;745;66;2951.00;96
7772;65;627347888;7772;318;8552;8682;7.53;0.46;239.05;8.41;780;66;2952.00;130
7773;65;627347906;7773;317;8553;8683;7.67;0.47;239.06;8.41;780;66;2953.00;130
7773;65;627347917;7773;309;8561;8683;7.83;0.48;239.06;8.40;788;66;2954.00;122
7776;65;627347928;7776;287;8564;8683;7.93;0.48;239.07;8.40;788;66;2955.00;119
7777;65;627347940;7777;268;8568;8683;8.07;0.49;239.07;8.40;791;66;2956.00;115
7777;65;627347951;7777;259;8572;8683;8.19;0.50;239.07;8.40;795;66;2957.00;111
7778;65;627347962;7778;259;8575;8683;8.35;0.51;239.08;8.39;797;66;2958.00;108
7779;65;627347973;7779;252;8575;8683;8.46;0.51;239.06;8.39;796;66;2959.00;108
7781;65;627347985;7781;243;8577;8684;8.53;0.52;239.07;8.39;796;66;2960.00;107
7783;65;627347996;7783;233;8578;8685;8.62;0.52;239.06;8.39;795;66;2961.00;107
7785;65;627348007;7785;221;8579;8685;8.73;0.53;239.11;8.39;794;66;2962.00;106
7785;65;627348019;7785;214;8582;8689;8.82;0.54;239.11;8.39;797;66;2963.00;107
7786;65;627348031;7786;214;8582;8689;8.97;0.55;239.09;8.39;796;66;2964.00;107
7787;65;627348041;7787;214;8582;8689;9.08;0.55;239.09;8.39;795;66;2965.00;107
7790;65;627348052;7790;211;8582;8689;9.20;0.56;239.06;8.39;792;66;2966.00;107
7791;65;627348070;7791;207;8585;8695;9.30;0.56;239.05;8.39;794;66;2967.00;110
7792;65;627348082;7792;202;8585;8695;9.35;0.57;239.10;8.39;793;66;2968.00;110
7794;65;627348095;7794;202;8586;8695;9.47;0.58;239.08;8.39;792;66;2969.00;109
7796;65;627348107;7796;198;8589;8701;9.64;0.59;239.06;8.38;793;66;2970.00;112
7796;66;627348119;7796;196;8590;8701;9.80;0.60;239.06;8.38;794;67;2971.00;111
7799;66;627348146;7799;194;8590;8701;9.90;0.60;239.04;8.38;791;67;2972.00;111
7799;66;627348172;7799;190;8592;8702;10.03;0.61;239.04;8.52;793;67;2973.00;110
7801;66;627348184;7801;192;8593;8703;10.18;0.62;239.03;8.52;792;67;2974.00;110
7801;66;627348196;7801;185;8594;8703;10.35;0.63;239.03;8.52;793;67;2975.00;109
7804;66;627348206;7804;186;8602;8716;10.42;0.63;238.97;8.51;798;67;2976.00;114
7808;66;627348219;7808;180;8603;8716;10.48;0.64;238.98;8.51;795;67;2977.00;113
7812;66;627348230;7812;174;8603;8716;10.50;0.64;239.00;8.51;791;67;2978.00;113
7818;66;627348242;7818;163;8604;8717;10.57;0.64;238.97;8.51;786;67;2979.00;113
7819;66;627348255;7819;161;8604;8717;10.62;0.65;238.98;8.51;785;67;2980.00;113
7819;66;627348267;7819;162;8606;8721;10.74;0.65;238.98;8.51;787;67;2981.00;115
7824;66;627348279;7824;156;8606;8721;10.79;0.66;239.02;8.51;782;67;2982.00;115
7826;66;627348313;7826;150;8610;8725;10.77;0.66;239.03;8.50;784;67;2983.00;115
7829;66;627348332;7829;150;8610;8725;10.88;0.66;239.08;8.50;781;67;2984.00;115
7834;66;627348344;7834;155;8610;8725;10.95;0.67;239.15;8.50;776;67;2985.00;115
7834;66;627348356;7834;151;8610;8725;11.05;0.67;239.15;8.50;776;67;2986.00;115
7838;66;627348368;7838;152;8610;8725;11.11;0.68;239.18;8.50;772;67;2987.00;115
7840;66;627348380;7840;158;8620;8737;11.18;0.68;239.23;8.63;780;67;2988.00;117
7845;66;627348393;7845;155;8621;8737;11.19;0.68;239.26;8.63;776;67;2989.00;116
7850;66;627348405;7850;158;8623;8737;11.21;0.68;239.27;8.63;773;67;2990.00;114
7854;66;627348417;7854;157;8623;8737;11.26;0.69;239.37;8.63;769;67;2991.00;114
7858;66;627348429;7858;152;8624;8737;11.23;0.68;239.36;8.77;766;67;2992.00;113
7861;66;627348440;7861;145;8624;8737;11.21;0.68;239.37;8.77;763;67;2993.00;113
7866;66;627348452;7866;149;8627;8738;11.15;0.68;239.37;8.91;761;67;2994.00;111
7869;66;627348465;7869;148;8629;8738;11.14;0.68;239.37;8.94;760;67;2995.00;109
7876;66;627348487;7876;144;8632;8744;11.20;0.68;239.35;8.94;756;67;2996.00;112
7879;66;627348500;7879;149;8635;8745;11.23;0.68;239.40;9.06;756;67;2997.00;110
7883;66;627348512;7883;147;8635;8745;11.21;0.68;239.35;9.06;752;67;2998.00;110
7888;66;627348531;7888;148;8635;8745;11.15;0.68;239.37;9.06;747;67;2999.00;110
7890;66;627348545;7890;147;8639;8765;11.22;0.68;239.38;9.06;749;67;3000.00;126
7893;66;627348564;7893;138;8639;8765;11.30;0.68;239.40;9.06;746;67;3001.00;126
7897;66;627348576;7897;135;8640;8765;11.34;0.69;239.42;9.06;743;67;3002.00;125
7901;66;627348588;7901;127;8641;8766;11.34;0.69;239.48;9.06;740;67;3003.00;125
7902;66;627348601;7902;129;8644;8770;11.38;0.69;239.46;9.05;742;67;3004.00;126
7904;66;627348612;7904;126;8645;8770;11.40;0.69;239.51;9.05;741;67;3005.00;125
7906;66;627348624;7906;120;8648;8773;11.39;0.69;239.54;9.06;742;67;3006.00;125
7908;66;627348636;7908;121;8649;8773;11.38;0.69;239.57;9.06;741;67;3007.00;124
7911;66;627348650;7911;127;8652;8773;11.43;0.69;239.55;9.07;741;67;3008.00;121
7912;66;627348662;7912;134;8652;8773;11.46;0.70;239.59;9.07;740;67;3009.00;121
7917;66;627348673;7917;134;8657;8777;11.48;0.70;239.58;9.08;740;67;3010.00;120
7920;66;627348686;7920;134;8658;8777;11.50;0.70;239.57;9.08;738;67;3011.00;119
7921;66;627348698;7921;132;8658;8777;11.51;0.70;239.58;9.08;737;67;3012.00;119
7925;66;627348710;7925;134;8663;8777;11.46;0.69;239.57;9.08;738;67;3013.00;114
7927;66;627348721;7927;134;8663;8778;11.44;0.69;239.56;9.08;736;67;3014.00;115
7930;66;627348733;7930;139;8666;8780;11.32;0.69;239.64;9.08;736;67;3015.00;114
7931;66;627348746;7931;136;8666;8780;11.31;0.69;239.63;9.08;735;67;3016.00;114
7935;66;627348757;7935;137;8668;8781;11.27;0.68;239.60;9.08;733;67;3017.00;113
7936;66;627348771;7936;145;8668;8781;11.30;0.69;239.62;9.08;732;67;3018.00;113
7939;66;627348782;7939;150;8669;8781;11.20;0.68;239.71;9.08;730;67;3019.00;112
7940;66;627348793;7940;158;8670;8781;11.15;0.68;239.71;9.08;730;67;3020.00;111
7942;66;627348804;7942;163;8672;8781;11.10;0.67;239.71;9.11;730;67;3021.00;109
7945;66;627348815;7945;171;8672;8781;11.09;0.67;239.70;9.11;727;67;3022.00;109
7945;66;627348826;7945;174;8673;8781;11.02;0.67;239.70;9.12;728;67;3023.00;108
7948;66;627348838;7948;194;8737;8908;10.73;0.66;239.67;9.07;789;67;3024.00;171
7950;66;627348859;7950;190;8742;8909;10.71;0.66;239.66;9.07;792;67;3025.00;167
7954;66;627348871;7954;188;8752;8909;10.73;0.66;239.63;9.09;798;67;3026.00;157
7957;66;627348883;7957;189;8756;8909;10.68;0.66;239.59;9.10;799;67;3027.00;153
7962;66;627348894;7962;188;8760;8909;10.63;0.65;239.67;9.10;798;67;3028.00;149
7965;66;627348911;7965;191;8762;8909;10.60;0.65;239.70;9.11;797;67;3029.00;147
7967;66;627348924;7967;197;8769;8909;10.56;0.65;239.71;9.12;802;67;3030.00;140
7969;66;627348935;7969;193;8774;8909;10.50;0.65;239.70;9.14;805;67;3031.00;135
7973;66;627348946;7973;203;8779;8910;10.48;0.64;239.70;9.15;806;67;3032.00;131
7974;66;627348958;7974;197;8782;8911;10.49;0.64;239.69;9.15;808;67;3033.00;129
7976;66;627348971;7976;203;8788;8911;10.44;0.64;239.73;9.16;812;67;3034.00;123
7978;66;627348982;7978;212;8791;8912;10.32;0.63;239.72;9.16;813;67;3035.00;121
7980;66;627348994;7980;219;8796;8912;10.15;0.62;239.78;9.18;816;67;3036.00;116
7983;66;627349005;7983;226;8801;8912;9.99;0.61;239.86;9.18;818;67;3037.00;111
7987;66;627349017;7987;231;8805;8912;9.77;0.60;239.86;9.20;818;67;3038.00;107
7987;66;627349028;7987;237;8810;8916;9.62;0.59;239.86;9.20;823;67;3039.00;106
7989;66;627349039;7989;239;8814;8916;9.54;0.59;239.84;9.21;825;67;3040.00;102
7992;66;627349050;7992;249;8815;8916;9.45;0.58;239.81;9.21;823;67;3041.00;101
7995;66;627349062;7995;251;8819;8919;9.33;0.57;239.85;9.21;824;67;3042.00;100
7999;66;627349073;7999;258;8820;8919;9.27;0.57;239.81;9.21;821;67;3043.00;99
8000;66;627349084;8000;259;8821;8919;9.28;0.57;239.80;9.21;821;67;3044.00;98
8002;66;627349095;8002;261;8825;8923;9.14;0.56;239.80;9.22;823;67;3045.00;98
8009;66;627349107;8009;263;8827;8924;9.03;0.55;239.77;9.22;818;67;3046.00;97
8012;66;627349119;8012;263;8828;8924;8.92;0.55;239.74;9.23;816;67;3047.00;96
8016;66;627349130;8016;269;8831;8928;8.86;0.54;239.77;9.22;815;67;3048.00;97
8017;66;627349141;8017;272;8831;8928;8.80;0.54;239.76;9.22;814;67;3049.00;97
8021;66;627349151;8021;272;8832;8928;8.72;0.54;239.73;9.23;811;67;3050.00;96
8026;66;627349161;8026;271;8835;8929;8.64;0.53;239.78;9.24;809;67;3051.00;94
8029;66;627349171;8029;275;8835;8929;8.56;0.53;239.79;9.24;806;67;3052.00;94
8033;66;627349181;8033;276;8841;8935;8.50;0.52;239.80;9.25;808;67;3053.00;94
8036;66;627349198;8036;282;8841;8935;8.36;0.51;239.78;9.25;805;67;3054.00;94
8043;66;627349207;8043;285;8842;8936;8.19;0.50;239.77;9.25;799;67;3055.00;94
8049;66;627349217;8049;284;8844;8936;7.96;0.49;239.83;9.25;795;67;3056.00;92
8051;66;627349227;8051;287;8845;8936;7.83;0.48;239.87;9.26;794;67;3057.00;91
8060;66;627349236;8060;296;8846;8936;7.65;0.47;239.89;9.26;786;67;3058.00;90
8061;66;627349246;8061;305;8848;8936;7.53;0.46;239.88;9.27;787;67;3059.00;88
8067;66;627349256;8067;307;8870;8972;7.51;0.46;239.98;9.25;803;67;3060.00;102
8069;66;627349268;8069;308;8871;8972;7.35;0.45;240.00;9.25;802;67;3061.00;101
8072;66;627349278;8072;309;8875;8972;7.29;0.45;240.06;9.25;803;67;3062.00;97
8078;66;627349288;8078;316;8878;8972;7.17;0.44;240.04;9.25;800;67;3063.00;94
8080;66;627349299;8080;309;8880;8972;7.14;0.44;240.10;9.25;800;67;3064.00;92
8085;66;627349310;8085;309;8880;8972;7.12;0.44;240.06;9.25;795;67;3065.00;92
8088;66;627349321;8088;305;8885;8976;7.14;0.44;240.16;9.25;797;67;3066.00;91
8091;66;627349330;8091;307;8885;8976;7.13;0.44;240.16;9.25;794;67;3067.00;91
8093;66;627349340;8093;307;8888;8980;7.16;0.44;240.18;9.25;795;67;3068.00;92
8094;66;627349350;8094;308;8889;8981;7.16;0.44;240.21;9.25;795;67;3069.00;92
8096;66;627349359;8096;309;8890;8981;7.08;0.44;240.26;9.25;794;67;3070.00;91
8096;66;627349368;8096;303;8891;8981;7.01;0.43;240.26;9.25;795;67;3071.00;90
8101;66;627349376;8101;309;8902;8994;6.98;0.43;240.27;9.24;801;67;3072.00;92
8102;66;627349387;8102;308;8903;8994;6.92;0.43;240.30;9.23;801;67;3073.00;91
8107;66;627349396;8107;312;8903;8994;6.90;0.43;240.27;9.23;796;67;3074.00;91
8113;66;627349405;8113;313;8904;8995;6.84;0.42;240.27;9.23;791;67;3075.00;91
8115;66;627349414;8115;310;8904;8996;6.79;0.42;240.29;9.23;789;67;3076.00;92
8117;66;627349422;8117;303;8904;8996;6.76;0.42;240.33;9.23;787;67;3077.00;92
8125;66;627349431;8125;300;8907;8999;6.68;0.41;240.27;9.23;782;67;3078.00;92
8132;66;627349441;8132;297;8907;8999;6.55;0.40;240.27;9.23;775;67;3079.00;92
8134;66;627349450;8134;292;8907;8999;6.52;0.40;240.37;9.23;773;67;3080.00;92
8137;66;627349458;8137;297;8907;8999;6.51;0.40;240.35;9.23;770;67;3081.00;92
8139;66;627349468;8139;304;8911;9005;6.51;0.40;240.36;9.23;772;67;3082.00;94
8146;66;627349477;8146;307;8912;9005;6.45;0.40;240.31;9.23;766;67;3083.00;93
8149;66;627349486;8149;311;8913;9005;6.41;0.40;240.30;9.36;764;67;3084.00;92
8155;66;627349496;8155;312;8913;9005;6.38;0.39;240.25;9.36;758;67;3085.00;92
8157;66;627349505;8157;313;8916;9009;6.41;0.40;240.28;9.36;759;67;3086.00;93
8162;66;627349514;8162;316;8917;9010;6.35;0.39;240.23;9.36;755;67;3087.00;93
8166;66;627349523;8166;314;8917;9010;6.29;0.39;240.23;9.36;751;67;3088.00;93
8170;66;627349532;8170;314;8918;9011;6.24;0.38;240.28;9.36;748;67;3089.00;93
8175;66;627349543;8175;313;8918;9011;6.20;0.38;240.25;9.36;743;67;3090.00;93
8179;66;627349552;8179;324;8918;9011;6.22;0.38;240.23;9.36;739;67;3091.00;93
8181;66;627349561;8181;327;8918;9011;6.25;0.38;240.20;9.36;737;67;3092.00;93
8185;66;627349570;8185;327;8918;9011;6.25;0.38;240.22;9.36;733;67;3093.00;93
8188;66;627349579;8188;333;8918;9011;6.22;0.38;240.25;9.36;730;67;3094.00;93
8191;66;627349588;8191;337;8918;9011;6.25;0.38;240.25;9.36;727;67;3095.00;93
8195;66;627349597;8195;352;8957;9081;6.49;0.40;240.25;9.32;762;67;3096.00;124
8196;66;627349611;8196;347;8958;9082;6.50;0.40;240.26;9.31;762;67;3097.00;124
8196;66;627349621;8196;348;8966;9082;6.65;0.41;240.26;9.31;770;67;3098.00;116
8201;66;627349630;8201;345;8968;9082;6.65;0.41;240.21;9.31;767;67;3099.00;114
8201;66;627349640;8201;347;8973;9082;6.74;0.41;240.21;9.30;772;67;3100.00;109
8203;66;627349653;8203;348;8976;9082;6.82;0.42;240.27;9.30;773;67;3101.00;106
8208;66;627349663;8208;351;8980;9082;6.86;0.42;240.33;9.30;772;67;3102.00;102
8212;66;627349674;8212;350;8982;9082;6.79;0.42;240.30;9.30;770;67;3103.00;100
8214;66;627349684;8214;354;8984;9083;6.74;0.41;240.31;9.30;770;67;3104.00;99
8217;66;627349693;8217;363;8986;9085;6.68;0.41;240.31;9.30;769;67;3105.00;99
8218;66;627349703;8218;371;8987;9085;6.61;0.40;240.31;9.30;769;67;3106.00;98
8222;66;627349712;8222;351;8990;9089;6.59;0.40;240.33;9.29;768;67;3107.00;99
8224;66;627349723;8224;337;8990;9089;6.55;0.40;240.30;9.29;766;67;3108.00;99
8227;66;627349738;8227;324;8990;9089;6.53;0.40;240.31;9.29;763;67;3109.00;99
8227;66;627349752;8227;312;8990;9089;6.65;0.41;240.31;9.29;763;67;3110.00;99
8230;66;627349768;8230;305;8994;9095;6.72;0.41;240.25;9.29;764;67;3111.00;101
8232;66;627349787;8232;303;8995;9095;6.83;0.42;240.33;9.29;763;67;3112.00;100
8233;66;627349801;8233;301;8995;9095;6.90;0.42;240.33;9.29;762;67;3113.00;100
8234;66;627349826;8234;292;8997;9098;7.07;0.43;240.32;9.29;763;67;3114.00;101
8235;66;627349844;8235;293;8997;9098;7.16;0.44;240.36;9.29;762;67;3115.00;101
8235;66;627349858;8235;276;8998;9098;7.35;0.45;240.36;9.29;763;67;3116.00;100
8238;66;627349870;8238;254;8998;9099;7.56;0.46;240.35;9.29;760;67;3117.00;101
8238;66;627349882;8238;236;8999;9100;7.83;0.48;240.35;9.29;761;67;3118.00;101
8242;66;627349895;8242;221;8999;9100;8.02;0.49;240.28;9.29;757;67;3119.00;101
8242;66;627349909;8242;210;9019;9126;8.31;0.51;240.28;9.27;777;67;3120.00;107
8243;66;627349924;8243;199;9020;9126;8.53;0.52;240.26;9.26;777;67;3121.00;106
8243;66;627349943;8243;193;9021;9126;8.74;0.53;240.26;9.26;778;67;3122.00;105
8244;66;627349958;8244;190;9022;9127;8.97;0.55;240.28;9.26;778;67;3123.00;105
8244;66;627349972;8244;180;9022;9127;9.18;0.56;240.28;9.26;778;67;3124.00;105
8247;66;627349986;8247;170;9025;9131;9.39;0.57;240.24;9.26;778;67;3125.00;106
8252;66;627350001;8252;160;9025;9131;9.51;0.58;240.23;9.26;773;67;3126.00;106
8253;66;627350014;8253;159;9029;9135;9.62;0.58;240.21;9.26;776;67;3127.00;106
8255;66;627350028;8255;152;9029;9135;9.67;0.59;240.23;9.26;774;67;3128.00;106
8259;66;627350040;8259;146;9029;9135;9.73;0.59;240.21;9.26;770;67;3129.00;106
8261;66;627350056;8261;144;9029;9135;9.82;0.60;240.20;9.26;768;67;3130.00;106
8262;66;627350069;8262;148;9029;9135;9.87;0.60;240.19;9.26;767;67;3131.00;106
8266;66;627350082;8266;149;9038;9147;9.97;0.61;240.20;9.25;772;67;3132.00;109
8270;66;627350096;8270;151;9038;9147;10.05;0.61;240.19;9.25;768;67;3133.00;109
8271;66;627350108;8271;150;9040;9147;10.20;0.62;240.23;9.25;769;67;3134.00;107
8275;66;627350120;8275;147;9040;9147;10.32;0.63;240.37;9.25;765;67;3135.00;107
8278;66;627350132;8278;141;9040;9147;10.42;0.63;240.38;9.25;762;67;3136.00;107
8280;66;627350151;8280;144;9040;9147;10.60;0.64;240.38;9.25;760;67;3137.00;107
8282;66;627350164;8282;138;9040;9148;10.77;0.65;240.40;9.25;758;67;3138.00;108
8284;66;627350176;8284;137;9040;9148;10.84;0.66;240.40;9.25;756;67;3139.00;108
8287;66;627350188;8287;135;9044;9154;10.93;0.66;240.41;9.24;757;67;3140.00;110
8290;66;627350200;8290;137;9045;9155;11.06;0.67;240.40;9.24;755;67;3141.00;110
8291;66;627350213;8291;134;9046;9155;11.14;0.68;240.40;9.24;755;67;3142.00;109
8296;66;627350226;8296;138;9046;9155;11.14;0.67;240.43;9.24;750;67;3143.00;109
8298;66;627350238;8298;140;9049;9159;11.25;0.68;240.41;9.24;751;67;3144.00;110
8299;66;627350251;8299;136;9049;9159;11.28;0.68;240.44;9.24;750;67;3145.00;110
8301;66;627350263;8301;132;9049;9159;11.35;0.69;240.47;9.24;748;67;3146.00;110
8302;66;627350275;8302;133;9050;9160;11.51;0.70;240.48;9.24;748;67;3147.00;110
8307;66;627350291;8307;139;9053;9164;11.57;0.70;240.53;9.23;746;67;3148.00;111
8309;66;627350305;8309;145;9053;9164;11.61;0.70;240.52;9.23;744;67;3149.00;111
8313;66;627350319;8313;144;9056;9170;11.62;0.70;240.56;9.23;743;67;3150.00;114
8318;66;627350332;8318;148;9056;9170;11.65;0.70;240.58;9.23;738;67;3151.00;114
8318;66;627350344;8318;142;9057;9170;11.66;0.71;240.58;9.23;739;67;3152.00;113
8321;66;627350356;8321;145;9057;9170;11.63;0.70;240.63;9.23;736;67;3153.00;113
8325;66;627350368;8325;138;9060;9174;11.73;0.71;240.62;9.23;735;67;3154.00;114
8326;66;627350382;8326;141;9060;9174;11.78;0.71;240.64;9.23;734;67;3155.00;114
8330;66;627350394;8330;135;9061;9174;11.81;0.72;240.66;9.23;731;67;3156.00;113
8332;66;627350406;8332;132;9061;9174;11.84;0.72;240.66;9.23;729;67;3157.00;113
8335;66;627350418;8335;129;9062;9175;11.85;0.72;240.68;9.23;727;67;3158.00;113
8341;66;627350429;8341;124;9064;9176;11.84;0.72;240.84;9.36;723;67;3159.00;112
8342;66;627350443;8342;122;9065;9176;11.84;0.72;240.83;9.36;723;67;3160.00;111
8347;66;627350454;8347;119;9066;9177;11.87;0.72;240.87;9.36;719;67;3161.00;111
8352;66;627350466;8352;115;9066;9177;11.83;0.72;240.92;9.36;714;67;3162.00;111
8355;66;627350478;8355;118;9066;9177;11.83;0.72;240.91;9.36;711;67;3163.00;111
8361;66;627350489;8361;117;9067;9177;11.89;0.72;240.91;9.37;706;67;3164.00;110
8367;66;627350501;8367;114;9068;9177;11.95;0.72;240.98;9.39;701;67;3165.00;109
8369;66;627350513;8369;114;9068;9177;12.00;0.73;241.01;9.39;699;67;3166.00;109
8371;66;627350524;8371;112;9068;9177;12.09;0.73;241.02;9.39;697;67;3167.00;109
8374;66;627350535;8374;135;9134;9304;11.72;0.72;241.11;9.32;760;67;3168.00;170
8378;66;627350557;8378;125;9135;9305;11.68;0.72;241.10;9.32;757;67;3169.00;170
8383;67;627350568;8383;114;9145;9305;11.72;0.72;241.13;9.31;762;68;3170.00;160
8387;67;627350603;8387;115;9146;9305;11.74;0.72;241.16;9.31;759;68;3171.00;159
8390;67;627350615;8390;116;9152;9305;11.76;0.72;241.18;9.31;762;68;3172.00;153
8393;67;627350626;8393;116;9155;9305;11.71;0.71;241.20;9.31;762;68;3173.00;150
8395;67;627350646;8395;116;9160;9305;11.69;0.71;241.18;9.31;765;68;3174.00;145
8397;67;627350659;8397;121;9161;9305;11.70;0.71;241.21;9.30;764;68;3175.00;144
8398;67;627350671;8398;122;9166;9306;11.77;0.72;241.22;9.30;768;68;3176.00;140
8402;67;627350688;8402;123;9170;9307;11.77;0.72;241.23;9.30;768;68;3177.00;137
8403;67;627350700;8403;131;9174;9307;11.83;0.72;241.23;9.30;771;68;3178.00;133
8405;67;627350712;8405;126;9178;9308;11.75;0.72;241.23;9.30;773;68;3179.00;130
8408;67;627350727;8408;127;9181;9308;11.69;0.71;241.27;9.32;773;68;3180.00;127
8414;67;627350739;8414;129;9182;9308;11.59;0.71;241.24;9.32;768;68;3181.00;126
8414;67;627350752;8414;128;9185;9308;11.49;0.70;241.24;9.32;771;68;3182.00;123
8418;67;627350763;8418;129;9187;9312;11.44;0.70;241.21;9.32;769;68;3183.00;125
8420;67;627350776;8420;127;9189;9312;11.38;0.69;241.21;9.32;769;68;3184.00;123
8422;67;627350788;8422;135;9191;9312;11.35;0.69;241.25;9.32;769;68;3185.00;121
8425;67;627350799;8425;136;9193;9315;11.34;0.69;241.30;9.32;768;68;3186.00;122
8427;67;627350811;8427;144;9195;9315;11.29;0.69;241.29;9.33;768;68;3187.00;120
8429;67;627350823;8429;151;9196;9315;11.31;0.69;241.37;9.33;767;68;3188.00;119
8433;67;627350834;8433;160;9200;9319;11.21;0.68;241.40;9.32;767;68;3189.00;119
8436;67;627350852;8436;164;9203;9320;11.17;0.68;241.37;9.35;767;68;3190.00;117
8440;67;627350864;8440;171;9205;9322;11.11;0.67;241.43;9.34;765;68;3191.00;117
8443;67;627350882;8443;174;9208;9326;11.12;0.68;241.40;9.34;765;68;3192.00;118
8446;67;627350894;8446;182;9210;9326;11.01;0.67;241.40;9.36;764;68;3193.00;116
8449;67;627350905;8449;185;9210;9326;10.95;0.67;241.37;9.36;761;68;3194.00;116
8451;67;627350917;8451;191;9212;9328;10.90;0.66;241.35;9.36;761;68;3195.00;116
8453;68;627350928;8453;192;9214;9328;10.75;0.65;241.36;9.39;761;69;3196.00;114
8454;68;627350957;8454;203;9218;9334;10.74;0.65;241.35;9.38;764;69;3197.00;116
8456;68;627350970;8456;208;9220;9334;10.65;0.65;241.35;9.40;764;69;3198.00;114
8458;68;627350987;8458;211;9221;9335;10.49;0.64;241.33;9.40;763;69;3199.00;114
8460;68;627350998;8460;220;9222;9335;10.35;0.63;241.38;9.41;762;69;3200.00;113
8462;68;627351018;8462;222;9223;9335;10.26;0.63;241.37;9.42;761;69;3201.00;112
8465;68;627351029;8465;230;9224;9335;10.14;0.62;241.35;9.43;759;69;3202.00;111
8468;68;627351039;8468;236;9225;9335;9.97;0.61;241.37;9.44;757;69;3203.00;110
8470;68;627351049;8470;238;9235;9347;9.89;0.60;241.35;9.45;765;69;3204.00;112
8477;68;627351060;8477;244;9236;9347;9.75;0.60;241.35;9.45;759;69;3205.00;111
8479;68;627351071;8479;253;9239;9347;9.63;0.59;241.33;9.46;760;69;3206.00;108
8482;68;627351080;8482;254;9241;9347;9.43;0.58;241.35;9.48;759;69;3207.00;106
8483;68;627351090;8483;257;9241;9347;9.28;0.57;241.36;9.48;758;69;3208.00;106
8483;68;627351106;8483;255;9242;9347;9.16;0.56;241.36;9.48;759;69;3209.00;105
8486;68;627351117;8486;261;9246;9351;8.98;0.55;241.41;9.48;760;69;3210.00;105
8487;68;627351128;8487;264;9246;9351;8.92;0.55;241.42;9.48;759;69;3211.00;105
8488;68;627351137;8488;261;9250;9355;8.88;0.54;241.41;9.49;762;69;3212.00;105
8492;68;627351147;8492;257;9251;9356;8.85;0.54;241.42;9.49;759;69;3213.00;105
8494;68;627351157;8494;257;9252;9356;8.81;0.54;241.54;9.49;758;69;3214.00;104
8497;68;627351167;8497;255;9255;9356;8.68;0.53;241.50;9.52;758;69;3215.00;101
8501;68;627351176;8501;256;9264;9369;8.65;0.53;241.51;9.51;763;69;3216.00;105
8503;68;627351187;8503;260;9266;9369;8.61;0.53;241.49;9.52;763;69;3217.00;103
8506;68;627351197;8506;259;9268;9369;8.65;0.53;241.50;9.52;762;69;3218.00;101
8506;68;627351206;8506;265;9269;9370;8.68;0.53;241.50;9.52;763;69;3219.00;101
8511;68;627351215;8511;263;9270;9371;8.62;0.53;241.51;9.53;759;69;3220.00;101
8514;68;627351225;8514;263;9270;9371;8.60;0.53;241.49;9.53;756;69;3221.00;101
8520;68;627351234;8520;266;9275;9374;8.43;0.52;241.48;9.55;755;69;3222.00;99
8523;68;627351243;8523;271;9275;9374;8.33;0.51;241.46;9.55;752;69;3223.00;99
8525;68;627351253;8525;277;9276;9374;8.24;0.50;241.50;9.55;751;69;3224.00;98
8530;68;627351261;8530;284;9277;9374;8.07;0.49;241.49;9.55;747;69;3225.00;97
8534;68;627351270;8534;285;9282;9380;7.94;0.49;241.49;9.55;748;69;3226.00;98
8536;68;627351280;8536;291;9283;9380;7.74;0.47;241.51;9.55;747;69;3227.00;97
8540;68;627351288;8540;296;9284;9380;7.54;0.46;241.48;9.55;744;69;3228.00;96
8544;68;627351299;8544;305;9284;9380;7.36;0.45;241.48;9.55;740;69;3229.00;96
8545;68;627351307;8545;294;9290;9384;7.20;0.44;241.46;9.57;745;69;3230.00;94
8545;68;627351316;8545;294;9291;9385;7.13;0.44;241.46;9.57;746;69;3231.00;94
8545;68;627351324;8545;294;9291;9385;7.02;0.43;241.46;9.57;746;69;3232.00;94
8547;68;627351331;8547;301;9293;9386;6.91;0.43;241.45;9.57;746;69;3233.00;93
8552;68;627351339;8552;300;9293;9386;6.87;0.42;241.45;9.57;741;69;3234.00;93
8554;68;627351348;8554;297;9296;9386;6.87;0.42;241.42;9.58;742;69;3235.00;90
8561;68;627351355;8561;307;9296;9386;6.79;0.42;241.46;9.58;735;69;3236.00;90
8566;68;627351370;8566;305;9296;9386;6.77;0.42;241.44;9.58;730;69;3237.00;90
8568;68;627351378;8568;304;9297;9386;6.74;0.41;241.41;9.59;729;69;3238.00;89
8571;68;627351386;8571;305;9297;9386;6.75;0.41;241.42;9.59;726;69;3239.00;89
8577;68;627351396;8577;305;9353;9511;6.98;0.43;241.40;9.54;776;69;3240.00;158
8579;68;627351414;8579;309;9358;9512;6.98;0.43;241.40;9.53;779;69;3241.00;154
8584;68;627351422;8584;303;9368;9512;6.99;0.43;241.39;9.52;784;69;3242.00;144
8588;68;627351431;8588;302;9373;9512;6.95;0.43;241.40;9.52;785;69;3243.00;139
8591;68;627351440;8591;308;9379;9512;7.00;0.43;241.47;9.52;788;69;3244.00;133
8592;68;627351448;8592;313;9382;9512;7.00;0.43;241.49;9.51;790;69;3245.00;130
8597;68;627351457;8597;314;9387;9512;6.95;0.43;241.48;9.51;790;69;3246.00;125
8600;68;627351466;8600;317;9390;9512;6.85;0.42;241.44;9.51;790;69;3247.00;122
8604;68;627351475;8604;312;9394;9513;6.76;0.42;241.51;9.51;790;69;3248.00;119
8606;68;627351489;8606;316;9398;9514;6.75;0.42;241.53;9.51;792;69;3249.00;116
8608;68;627351498;8608;314;9399;9514;6.73;0.41;241.52;9.51;791;69;3250.00;115
8613;68;627351507;8613;316;9403;9518;6.73;0.41;241.50;9.51;790;69;3251.00;115
8615;68;627351517;8615;320;9405;9518;6.69;0.41;241.53;9.51;790;69;3252.00;113
8617;68;627351526;8617;320;9406;9518;6.68;0.41;241.50;9.51;789;69;3253.00;112
8619;68;627351536;8619;323;9407;9518;6.56;0.40;241.53;9.51;788;69;3254.00;111
8623;68;627351545;8623;321;9412;9524;6.50;0.40;241.55;9.65;789;69;3255.00;112
8623;68;627351556;8623;339;9413;9524;6.51;0.40;241.55;9.65;790;69;3256.00;111
8626;68;627351565;8626;344;9413;9524;6.47;0.40;241.56;9.65;787;69;3257.00;111
8628;68;627351580;8628;348;9416;9527;6.48;0.40;241.57;9.65;788;69;3258.00;111
8631;68;627351590;8631;335;9417;9527;6.51;0.40;241.61;9.64;786;69;3259.00;110
8634;68;627351600;8634;332;9417;9527;6.54;0.40;241.64;9.64;783;69;3260.00;110
8635;68;627351609;8635;324;9417;9528;6.62;0.41;241.67;9.64;782;69;3261.00;111
8640;68;627351618;8640;319;9419;9529;6.69;0.41;241.65;9.64;779;69;3262.00;110
8642;68;627351628;8642;320;9419;9529;6.79;0.42;241.62;9.64;777;69;3263.00;110
8645;68;627351638;8645;318;9429;9542;7.01;0.43;241.60;9.63;784;69;3264.00;113
8648;68;627351650;8648;318;9430;9542;7.05;0.43;241.65;9.63;782;69;3265.00;112
8650;69;627351669;8650;317;9430;9542;7.13;0.44;241.63;9.63;780;70;3266.00;112
8653;69;627351689;8653;317;9431;9543;7.23;0.44;241.72;9.63;778;70;3267.00;112
8655;69;627351699;8655;316;9431;9543;7.29;0.45;241.69;9.63;776;70;3268.00;112
8657;69;627351709;8657;317;9434;9547;7.34;0.45;241.70;9.63;777;70;3269.00;113
8662;69;627351722;8662;316;9435;9547;7.36;0.45;241.68;9.63;773;70;3270.00;112
8664;69;627351737;8664;315;9438;9551;7.47;0.46;241.63;9.62;774;70;3271.00;113
8667;69;627351752;8667;317;9438;9551;7.58;0.46;241.65;9.62;771;70;3272.00;113
8671;69;627351770;8671;318;9438;9551;7.54;0.46;241.64;9.62;767;70;3273.00;113
8673;69;627351797;8673;314;9438;9551;7.63;0.46;241.60;9.62;765;70;3274.00;113
8675;69;627351814;8675;314;9438;9551;7.65;0.46;241.58;9.62;763;70;3275.00;113
8676;69;627351828;8676;316;9448;9563;7.76;0.47;241.59;9.61;772;70;3276.00;115
8677;69;627351846;8677;310;9448;9563;7.76;0.47;241.57;9.61;771;70;3277.00;115
8678;69;627351859;8678;309;9449;9563;7.86;0.48;241.57;9.61;771;70;3278.00;114
8679;69;627351871;8679;305;9449;9563;7.94;0.48;241.59;9.61;770;70;3279.00;114
8682;69;627351883;8682;304;9449;9563;7.97;0.48;241.59;9.61;767;70;3280.00;114
8683;69;627351895;8683;302;9449;9563;8.02;0.49;241.62;9.61;766;70;3281.00;114
8683;69;627351906;8683;302;9449;9564;8.11;0.49;241.62;9.61;766;70;3282.00;115
8684;69;627351925;8684;293;9449;9564;8.20;0.50;241.60;9.61;765;70;3283.00;115
8685;69;627351937;8685;296;9453;9570;8.32;0.50;241.59;9.61;768;70;3284.00;117
8688;69;627351950;8688;282;9455;9572;8.38;0.51;241.60;9.61;767;70;3285.00;117
8690;69;627351962;8690;265;9456;9572;8.55;0.52;241.62;9.61;766;70;3286.00;116
8694;69;627351975;8694;246;9456;9572;8.65;0.53;241.61;9.61;762;70;3287.00;116
8696;69;627351987;8696;232;9459;9576;8.79;0.53;241.61;9.60;763;70;3288.00;117
8699;69;627352006;8699;219;9459;9576;8.91;0.54;241.63;9.60;760;70;3289.00;117
8700;69;627352018;8700;208;9459;9576;9.08;0.55;241.63;9.60;759;70;3290.00;117
8703;69;627352030;8703;199;9460;9577;9.23;0.56;241.63;9.60;757;70;3291.00;117
8706;69;627352043;8706;196;9463;9581;9.38;0.57;241.63;9.60;757;70;3292.00;118
8707;69;627352055;8707;181;9463;9581;9.51;0.58;241.66;9.60;756;70;3293.00;118
8709;69;627352067;8709;175;9465;9584;9.75;0.59;241.67;9.60;756;70;3294.00;119
8712;69;627352080;8712;167;9465;9584;9.99;0.61;241.69;9.60;753;70;3295.00;119
8718;69;627352093;8718;162;9466;9584;10.15;0.62;241.77;9.60;748;70;3296.00;118
8722;69;627352105;8722;164;9466;9584;10.32;0.63;241.74;9.60;744;70;3297.00;118
8726;69;627352118;8726;162;9469;9588;10.48;0.64;241.73;9.60;743;70;3298.00;119
8728;69;627352130;8728;162;9469;9588;10.60;0.65;241.78;9.60;741;70;3299.00;119
8733;69;627352145;8733;166;9473;9607;10.70;0.65;241.83;9.59;740;70;3300.00;134
8733;69;627352164;8733;164;9473;9607;10.78;0.66;241.83;9.59;740;70;3301.00;134
8735;69;627352176;8735;161;9474;9608;10.82;0.66;241.80;9.59;739;70;3302.00;134
8737;70;627352189;8737;156;9475;9609;10.91;0.66;241.82;9.59;738;71;3303.00;134
8739;70;627352219;8739;152;9475;9609;10.95;0.67;241.84;9.59;736;71;3304.00;134
8742;70;627352231;8742;154;9476;9610;10.97;0.67;241.89;9.59;734;71;3305.00;134
8746;70;627352243;8746;153;9477;9610;11.03;0.67;241.96;9.59;731;71;3306.00;133
8748;70;627352257;8748;145;9477;9610;11.09;0.68;242.00;9.59;729;71;3307.00;133
8752;70;627352270;8752;145;9478;9610;11.22;0.68;242.04;9.59;726;71;3308.00;132
8756;70;627352283;8756;144;9478;9610;11.33;0.69;242.00;9.59;722;71;3309.00;132
8758;70;627352296;8758;136;9478;9610;11.44;0.70;242.04;9.59;720;71;3310.00;132
8759;70;627352311;8759;135;9478;9610;11.57;0.71;242.06;9.59;719;71;3311.00;132
8763;70;627352323;8763;155;9547;9737;11.31;0.70;242.09;9.52;784;71;3312.00;190
8766;70;627352346;8766;150;9551;9738;11.34;0.70;242.12;9.52;785;71;3313.00;187
8770;70;627352357;8770;139;9556;9738;11.45;0.70;242.24;9.51;786;71;3314.00;182
8774;70;627352371;8774;137;9556;9738;11.53;0.71;242.26;9.51;782;71;3315.00;182
8776;70;627352384;8776;136;9561;9738;11.62;0.71;242.27;9.51;785;71;3316.00;177
8779;70;627352404;8779;134;9563;9738;11.74;0.72;242.28;9.51;784;71;3317.00;175
8783;70;627352416;8783;140;9567;9738;11.82;0.72;242.27;9.51;784;71;3318.00;171
8784;70;627352428;8784;143;9568;9738;11.88;0.73;242.28;9.51;784;71;3319.00;170
8787;70;627352440;8787;146;9572;9739;11.85;0.72;242.30;9.51;785;71;3320.00;167
8791;70;627352452;8791;148;9573;9740;11.83;0.72;242.37;9.51;782;71;3321.00;167
8794;70;627352465;8794;151;9576;9740;11.81;0.72;242.42;9.51;782;71;3322.00;164
8795;70;627352485;8795;151;9578;9741;11.82;0.72;242.43;9.51;783;71;3323.00;163
8797;70;627352504;8797;157;9580;9741;11.76;0.72;242.43;9.51;783;71;3324.00;161
8800;70;627352516;8800;160;9582;9741;11.70;0.71;242.44;9.51;782;71;3325.00;159
8801;70;627352528;8801;164;9585;9741;11.74;0.72;242.44;9.52;784;71;3326.00;156
8806;70;627352540;8806;165;9587;9745;11.73;0.72;242.47;9.52;781;71;3327.00;158
8810;70;627352553;8810;166;9590;9745;11.69;0.71;242.51;9.66;780;71;3328.00;155
8815;70;627352566;8815;164;9591;9745;11.69;0.71;242.53;9.66;776;71;3329.00;154
8818;70;627352580;8818;164;9595;9751;11.69;0.71;242.56;9.66;777;71;3330.00;156
8821;70;627352593;8821;161;9596;9751;11.66;0.71;242.56;9.66;775;71;3331.00;155
8827;70;627352606;8827;157;9597;9751;11.53;0.70;242.62;9.66;770;71;3332.00;154
8831;70;627352624;8831;146;9601;9755;11.41;0.69;242.61;9.66;770;71;3333.00;154
8835;70;627352637;8835;136;9602;9756;11.42;0.69;242.62;9.66;767;71;3334.00;154
8838;70;627352651;8838;135;9606;9756;11.39;0.69;242.65;9.68;768;71;3335.00;150
8843;70;627352665;8843;134;9608;9760;11.34;0.69;242.64;9.69;765;71;3336.00;152
8845;70;627352677;8845;131;9610;9760;11.37;0.69;242.66;9.69;765;71;3337.00;150
8850;70;627352689;8850;124;9611;9760;11.33;0.69;242.68;9.69;761;71;3338.00;149
8854;70;627352701;8854;122;9612;9761;11.42;0.69;242.77;9.69;758;71;3339.00;149
8859;70;627352713;8859;122;9613;9761;11.43;0.69;242.76;9.69;754;71;3340.00;148
8862;70;627352727;8862;125;9615;9767;11.52;0.70;242.75;9.69;753;71;3341.00;152
8866;70;627352747;8866;124;9618;9767;11.59;0.70;242.76;9.70;752;71;3342.00;149
8868;70;627352760;8868;123;9619;9768;11.59;0.70;242.76;9.70;751;71;3343.00;149
8871;70;627352772;8871;122;9622;9768;11.62;0.70;242.76;9.84;751;71;3344.00;146
8875;70;627352785;8875;129;9622;9768;11.65;0.71;242.83;9.84;747;71;3345.00;146
8878;70;627352796;8878;128;9625;9768;11.66;0.71;242.82;9.85;747;71;3346.00;143
8882;70;627352807;8882;129;9626;9768;11.64;0.71;242.85;9.85;744;71;3347.00;142
8886;70;627352825;8886;139;9637;9780;11.62;0.70;242.93;9.84;751;71;3348.00;143
8890;70;627352837;8890;146;9640;9780;11.52;0.70;242.92;9.85;750;71;3349.00;140
8893;70;627352849;8893;147;9641;9780;11.41;0.69;242.90;9.85;748;71;3350.00;139
8898;70;627352860;8898;147;9646;9780;11.20;0.68;242.86;9.99;748;71;3351.00;134
8899;70;627352870;8899;147;9646;9780;11.05;0.67;242.90;9.99;747;71;3352.00;134
8901;70;627352880;8901;154;9647;9780;10.87;0.66;242.91;9.99;746;71;3353.00;133
8902;70;627352891;8902;158;9651;9784;10.70;0.65;242.94;9.99;749;71;3354.00;133
8903;70;627352901;8903;160;9651;9784;10.63;0.64;242.94;9.99;748;71;3355.00;133
8904;70;627352911;8904;161;9655;9788;10.52;0.64;242.94;9.99;751;71;3356.00;133
8906;70;627352921;8906;167;9656;9789;10.44;0.63;242.91;9.99;750;71;3357.00;133
8908;70;627352932;8908;171;9656;9789;10.40;0.63;242.92;9.99;748;71;3358.00;133
8911;70;627352943;8911;174;9656;9789;10.34;0.63;242.90;9.99;745;71;3359.00;133
8916;70;627352955;8916;182;9676;9818;10.14;0.62;242.91;9.99;760;71;3360.00;142
8922;70;627352968;8922;191;9678;9818;10.08;0.61;242.92;9.99;756;71;3361.00;140
8924;70;627352979;8924;192;9680;9818;10.06;0.61;242.93;9.99;756;71;3362.00;138
8929;70;627352995;8929;197;9684;9819;10.04;0.61;242.98;10.01;755;71;3363.00;135
8930;70;627353005;8930;201;9686;9820;9.94;0.60;243.00;10.01;756;71;3364.00;134
8931;70;627353016;8931;203;9687;9820;9.81;0.59;242.99;10.02;756;71;3365.00;133
8934;70;627353025;8934;211;9691;9823;9.78;0.59;243.05;10.03;757;71;3366.00;132
8934;70;627353036;8934;215;9693;9823;9.65;0.59;243.05;10.05;759;71;3367.00;130
8936;70;627353046;8936;225;9693;9823;9.55;0.58;243.10;10.05;757;71;3368.00;130
8938;70;627353056;8938;234;9695;9823;9.38;0.57;243.11;10.07;757;71;3369.00;128
8942;70;627353066;8942;239;9699;9829;9.23;0.56;243.12;10.07;757;71;3370.00;130
8944;70;627353076;8944;245;9702;9829;9.06;0.55;243.10;10.09;758;71;3371.00;127
8946;70;627353086;8946;256;9702;9829;8.96;0.55;243.13;10.09;756;71;3372.00;127
8947;70;627353095;8947;268;9703;9829;8.86;0.54;243.15;10.10;756;71;3373.00;126
8949;70;627353104;8949;281;9708;9833;8.75;0.54;243.15;10.12;759;71;3374.00;125
8949;70;627353114;8949;284;9710;9835;8.66;0.53;243.15;10.12;761;71;3375.00;125
8951;70;627353123;8951;294;9712;9835;8.59;0.53;243.14;10.14;761;71;3376.00;123
8955;70;627353132;8955;302;9713;9836;8.49;0.52;243.13;10.14;758;71;3377.00;123
8957;70;627353141;8957;312;9715;9836;8.34;0.51;243.11;10.15;758;71;3378.00;121
8959;70;627353149;8959;308;9715;9836;8.23;0.51;243.07;10.15;756;71;3379.00;121
8960;70;627353159;8960;307;9717;9836;8.12;0.50;243.06;10.17;757;71;3380.00;119
8964;70;627353168;8964;307;9717;9836;7.96;0.49;242.98;10.17;753;71;3381.00;119
8965;70;627353177;8965;303;9717;9836;7.87;0.49;242.96;10.17;752;71;3382.00;119
8967;70;627353186;8967;306;9717;9836;7.81;0.48;242.94;10.17;750;71;3383.00;119
8971;70;627353194;8971;311;9756;9906;7.93;0.49;242.86;10.15;785;71;3384.00;150
8972;70;627353209;8972;309;9760;9907;7.85;0.49;242.86;10.15;788;71;3385.00;147
8975;70;627353219;8975;309;9769;9907;7.91;0.49;242.83;10.15;794;71;3386.00;138
8976;70;627353228;8976;313;9775;9907;7.90;0.49;242.81;10.14;799;71;3387.00;132
8980;70;627353237;8980;318;9780;9907;7.88;0.49;242.88;10.14;800;71;3388.00;127
8984;70;627353246;8984;318;9788;9907;7.76;0.48;242.83;10.17;804;71;3389.00;119
8985;70;627353257;8985;319;9789;9907;7.71;0.48;242.88;10.16;804;71;3390.00;118
8988;70;627353266;8988;322;9791;9907;7.68;0.47;242.88;10.17;803;71;3391.00;116
8994;70;627353275;8994;322;9793;9908;7.59;0.47;242.80;10.18;799;71;3392.00;115
8997;70;627353284;8997;330;9794;9909;7.50;0.46;242.79;10.18;797;71;3393.00;115
8999;70;627353293;8999;331;9796;9909;7.42;0.46;242.79;10.19;797;71;3394.00;113
9006;70;627353302;9006;336;9800;9913;7.28;0.45;242.75;10.19;794;71;3395.00;113
9008;70;627353311;9008;337;9801;9913;7.22;0.45;242.78;10.19;793;71;3396.00;112
9012;70;627353320;9012;343;9802;9913;7.17;0.44;242.78;10.19;790;71;3397.00;111
9014;70;627353329;9014;344;9803;9913;7.11;0.44;242.74;10.20;789;71;3398.00;110
9018;70;627353337;9018;351;9808;9919;6.97;0.43;242.73;10.20;790;71;3399.00;111
9021;70;627353348;9021;344;9809;9919;6.83;0.42;242.73;10.20;788;71;3400.00;110
9024;70;627353360;9024;337;9810;9919;6.68;0.41;242.74;10.20;786;71;3401.00;109
9026;70;627353369;9026;344;9813;9922;6.52;0.40;242.75;10.20;787;71;3402.00;109
9030;70;627353378;9030;340;9814;9922;6.31;0.39;242.73;10.20;784;71;3403.00;108
9034;70;627353387;9034;333;9814;9922;6.16;0.38;242.71;10.20;780;71;3404.00;108
9037;70;627353396;9037;338;9815;9923;6.06;0.37;242.75;10.21;778;71;3405.00;108
9039;70;627353405;9039;343;9816;9924;6.05;0.37;242.75;10.21;777;71;3406.00;108
9042;70;627353413;9042;345;9816;9924;6.02;0.37;242.77;10.21;774;71;3407.00;108
9044;70;627353422;9044;347;9827;9937;6.06;0.37;242.75;10.20;783;71;3408.00;110
9048;70;627353432;9048;336;9827;9937;6.08;0.37;242.77;10.20;779;71;3409.00;110
9052;70;627353440;9052;340;9827;9937;6.07;0.37;242.78;10.20;775;71;3410.00;110
9053;70;627353449;9053;330;9829;9938;6.22;0.38;242.83;10.19;776;71;3411.00;109
9057;70;627353458;9057;320;9829;9938;6.28;0.38;242.82;10.19;772;71;3412.00;109
9061;70;627353468;9061;309;9832;9942;6.44;0.39;242.87;10.19;771;71;3413.00;110
9061;70;627353478;9061;297;9832;9942;6.62;0.40;242.87;10.19;771;71;3414.00;110
9067;70;627353487;9067;292;9836;9946;6.68;0.41;242.86;10.19;769;71;3415.00;110
9067;70;627353497;9067;282;9836;9946;6.79;0.41;242.86;10.19;769;71;3416.00;110
9071;70;627353506;9071;272;9836;9946;6.83;0.42;242.86;10.19;765;71;3417.00;110
9075;70;627353516;9075;270;9836;9946;6.86;0.42;242.89;10.19;761;71;3418.00;110
9077;70;627353525;9077;262;9836;9946;6.93;0.42;242.85;10.19;759;71;3419.00;110
9080;70;627353537;9080;266;9862;9980;7.19;0.44;242.88;10.16;782;71;3420.00;118
9084;70;627353554;9084;262;9863;9980;7.24;0.44;242.88;10.16;779;71;3421.00;117
9086;70;627353564;9086;256;9864;9980;7.32;0.45;242.87;10.16;778;71;3422.00;116
9087;70;627353574;9087;254;9865;9980;7.34;0.45;242.89;10.16;778;71;3423.00;115
9090;70;627353584;9090;253;9865;9980;7.37;0.45;242.89;10.16;775;71;3424.00;115
9094;70;627353594;9094;253;9865;9980;7.44;0.46;242.86;10.16;771;71;3425.00;115
9095;70;627353604;9095;248;9865;9981;7.53;0.46;242.85;10.16;770;71;3426.00;116
9098;70;627353615;9098;244;9865;9981;7.70;0.47;242.92;10.16;767;71;3427.00;116
9101;70;627353625;9101;244;9869;9987;7.81;0.48;242.95;10.16;768;71;3428.00;118
9102;70;627353636;9102;246;9870;9988;7.89;0.48;242.97;10.15;768;71;3429.00;118
9104;70;627353647;9104;246;9871;9988;8.01;0.49;242.98;10.15;767;71;3430.00;117
9106;70;627353657;9106;245;9871;9988;8.10;0.50;243.01;10.15;765;71;3431.00;117
9113;70;627353668;9113;245;9874;9992;8.18;0.50;243.02;10.15;761;71;3432.00;118
9118;70;627353679;9118;247;9874;9992;8.24;0.50;243.01;10.15;756;71;3433.00;118
9122;70;627353690;9122;253;9874;9992;8.22;0.50;243.02;10.15;752;71;3434.00;118
9127;70;627353701;9127;255;9875;9993;8.29;0.51;243.03;10.15;748;71;3435.00;118
9130;70;627353712;9130;258;9878;9997;8.30;0.51;243.02;10.15;748;71;3436.00;119
9133;70;627353723;9133;252;9878;9997;8.38;0.51;243.02;10.15;745;71;3437.00;119
9136;70;627353735;9136;250;9880;10000;8.44;0.51;243.00;10.14;744;71;3438.00;120
9138;70;627353754;9138;245;9881;10000;8.58;0.52;243.01;10.14;743;71;3439.00;119
9143;70;627353772;9143;241;9881;10000;8.62;0.53;243.01;10.14;738;71;3440.00;119
9146;70;627353795;9146;237;9881;10000;8.61;0.53;243.00;10.14;735;71;3441.00;119
9150;70;627353810;9150;237;9884;10004;8.57;0.52;242.97;10.14;734;71;3442.00;120
9154;70;627353827;9154;236;9884;10004;8.56;0.52;242.96;10.14;730;71;3443.00;120
9156;70;627353845;9156;238;9885;10004;8.56;0.52;242.97;10.14;729;71;3444.00;119
9158;70;627353859;9158;244;9885;10004;8.57;0.52;243.01;10.14;727;71;3445.00;119
9161;70;627353871;9161;244;9885;10005;8.57;0.52;243.02;10.14;724;71;3446.00;120
9164;70;627353889;9164;232;9886;10006;8.59;0.52;243.00;10.14;722;71;3447.00;120
9169;70;627353908;9169;224;9886;10006;8.63;0.52;242.99;10.14;717;71;3448.00;120
9172;70;627353921;9172;219;9887;10007;8.75;0.53;243.04;10.14;715;71;3449.00;120
9177;70;627353934;9177;211;9887;10007;8.82;0.54;243.12;10.14;710;71;3450.00;120
9180;70;627353946;9180;204;9887;10007;8.96;0.54;243.26;10.14;707;71;3451.00;120
9183;70;627353958;9183;197;9887;10007;9.02;0.55;243.30;10.14;704;71;3452.00;120
9185;70;627353977;9185;193;9887;10007;9.12;0.56;243.31;10.14;702;71;3453.00;120
9187;70;627353989;9187;189;9887;10007;9.23;0.56;243.35;10.14;700;71;3454.00;120
9192;70;627354001;9192;190;9887;10007;9.37;0.57;243.35;10.14;695;71;3455.00;120
9195;70;627354018;9195;195;9959;10134;9.52;0.59;243.39;10.07;764;71;3456.00;175
9197;70;627354040;9197;177;9961;10135;9.70;0.60;243.43;10.06;764;71;3457.00;174
9199;70;627354053;9199;158;9970;10135;9.94;0.61;243.47;10.06;771;71;3458.00;165
9203;70;627354066;9203;141;9972;10135;10.09;0.62;243.50;10.05;769;71;3459.00;163
9207;70;627354079;9207;136;9977;10135;10.28;0.63;243.55;10.05;770;71;3460.00;158
9208;70;627354102;9208;126;9980;10135;10.50;0.65;243.57;10.05;772;71;3461.00;155
9213;70;627354125;9213;131;9985;10135;10.63;0.65;243.65;10.05;772;71;3462.00;150
9217;70;627354138;9217;125;9987;10135;10.67;0.65;243.69;10.05;770;71;3463.00;148
9218;70;627354159;9218;131;9990;10136;10.73;0.66;243.71;10.05;772;71;3464.00;146
9223;70;627354173;9223;122;9993;10138;10.81;0.66;243.77;10.05;770;71;3465.00;145
9227;70;627354188;9227;128;9997;10138;10.91;0.67;243.79;10.05;770;71;3466.00;141
9230;70;627354201;9230;126;9999;10139;10.93;0.67;243.82;10.05;769;71;3467.00;140
9233;70;627354214;9233;128;10001;10139;11.03;0.67;243.89;10.05;768;71;3468.00;138
9234;70;627354228;9234;133;10002;10139;11.08;0.68;243.90;10.05;768;71;3469.00;137
9237;70;627354240;9237;132;10004;10139;11.07;0.68;243.93;10.05;767;71;3470.00;135
9240;70;627354254;9240;132;10007;10143;11.13;0.68;243.94;10.05;767;71;3471.00;136
9244;70;627354269;9244;135;10009;10143;11.20;0.68;243.94;10.05;765;71;3472.00;134
9247;70;627354283;9247;137;10009;10143;11.20;0.68;244.01;10.05;762;71;3473.00;134
9249;70;627354295;9249;139;10011;10146;11.31;0.69;244.11;10.05;762;71;3474.00;135
9253;71;627354315;9253;139;10013;10146;11.37;0.69;244.11;10.04;760;72;3475.00;133
9257;71;627354341;9257;142;10014;10146;11.37;0.69;244.12;10.04;757;72;3476.00;132
9260;71;627354354;9260;148;10018;10150;11.46;0.70;244.14;10.04;758;72;3477.00;132
9264;71;627354369;9264;151;10019;10151;11.54;0.70;244.22;10.04;755;72;3478.00;132
9267;71;627354381;9267;154;10019;10151;11.57;0.70;244.26;10.04;752;72;3479.00;132
9268;72;627354401;9268;158;10023;10156;11.60;0.71;244.26;10.04;755;73;3480.00;133
9270;72;627354438;9270;158;10023;10156;11.72;0.72;244.29;10.04;753;73;3481.00;133
9272;72;627354450;9272;162;10023;10156;11.80;0.72;244.33;10.04;751;73;3482.00;133
9273;72;627354463;9273;163;10024;10157;11.90;0.73;244.34;10.03;751;73;3483.00;133
9275;72;627354476;9275;167;10024;10157;11.96;0.73;244.37;10.03;749;73;3484.00;133
9278;72;627354489;9278;165;10028;10163;12.02;0.73;244.40;10.03;750;73;3485.00;135
9282;72;627354502;9282;164;10029;10163;12.04;0.74;244.40;10.18;747;73;3486.00;134
9285;72;627354515;9285;159;10030;10164;12.02;0.73;244.40;10.18;745;73;3487.00;134
9288;72;627354526;9288;156;10030;10164;12.03;0.73;244.47;10.18;742;73;3488.00;134
9293;72;627354545;9293;150;10030;10164;11.96;0.73;244.46;10.18;737;73;3489.00;134
9296;72;627354564;9296;150;10030;10164;11.97;0.73;244.47;10.18;734;73;3490.00;134
9298;72;627354576;9298;150;10030;10164;11.95;0.73;244.48;10.18;732;73;3491.00;134
9303;72;627354587;9303;150;10039;10176;11.92;0.73;244.47;10.17;736;73;3492.00;137
9308;72;627354600;9308;144;10040;10176;11.97;0.73;244.49;10.17;732;73;3493.00;136
9312;72;627354612;9312;142;10041;10176;11.99;0.73;244.50;10.16;729;73;3494.00;135
9315;72;627354623;9315;138;10041;10176;11.99;0.73;244.49;10.16;726;73;3495.00;135
9319;72;627354634;9319;138;10041;10176;11.97;0.73;244.47;10.16;722;73;3496.00;135
9323;72;627354646;9323;139;10041;10176;12.04;0.73;244.49;10.16;718;73;3497.00;135
9326;72;627354657;9326;143;10044;10180;12.05;0.73;244.46;10.16;718;73;3498.00;136
9328;72;627354668;9328;138;10044;10180;12.09;0.74;244.50;10.16;716;73;3499.00;136
9329;72;627354679;9329;138;10047;10184;12.09;0.74;244.52;10.16;718;73;3500.00;137
9334;72;627354703;9334;134;10049;10185;12.11;0.74;244.58;10.16;715;73;3501.00;136
9338;72;627354715;9338;133;10049;10185;12.03;0.73;244.56;10.16;711;73;3502.00;136
9343;72;627354726;9343;132;10049;10185;11.99;0.73;244.51;10.16;706;73;3503.00;136
9346;72;627354739;9346;135;10059;10198;11.91;0.72;244.57;10.15;713;73;3504.00;139
9351;72;627354751;9351;130;10060;10198;11.92;0.72;244.56;10.16;709;73;3505.00;138
9355;72;627354764;9355;129;10060;10198;11.91;0.72;244.55;10.16;705;73;3506.00;138
9355;72;627354774;9355;132;10062;10199;11.99;0.73;244.55;10.33;707;73;3507.00;137
9359;72;627354786;9359;123;10062;10200;12.08;0.73;244.58;10.33;703;73;3508.00;138
9362;72;627354797;9362;118;10063;10200;12.07;0.73;244.57;10.48;701;73;3509.00;137
9365;72;627354808;9365;114;10067;10206;12.09;0.73;244.58;10.61;702;73;3510.00;139
9372;72;627354819;9372;113;10068;10206;12.19;0.74;244.53;10.61;696;73;3511.00;138
9374;72;627354830;9374;114;10069;10206;12.25;0.74;244.52;10.61;695;73;3512.00;137
9380;72;627354840;9380;116;10070;10206;12.30;0.74;244.55;10.74;690;73;3513.00;136
9382;72;627354851;9382;117;10074;10212;12.39;0.75;244.56;10.74;692;73;3514.00;138
9385;72;627354862;9385;117;10075;10212;12.30;0.75;244.59;10.87;690;73;3515.00;137
9387;72;627354883;9387;117;10076;10212;12.33;0.75;244.58;10.87;689;73;3516.00;136
9389;72;627354893;9389;120;10078;10212;12.32;0.75;244.61;10.87;689;73;3517.00;134
9389;72;627354904;9389;123;10082;10216;12.25;0.74;244.61;11.00;693;73;3518.00;134
9391;72;627354914;9391;126;10085;10219;12.17;0.74;244.59;11.00;694;73;3519.00;134
9392;72;627354926;9392;128;10086;10219;12.10;0.74;244.59;11.13;694;73;3520.00;133
9394;72;627354936;9394;140;10087;10220;12.02;0.73;244.60;11.13;693;73;3521.00;133
9399;73;627354946;9399;145;10087;10220;11.94;0.73;244.57;11.13;688;74;3522.00;133
9401;73;627354975;9401;151;10087;10220;11.89;0.72;244.58;11.13;686;74;3523.00;133
9405;73;627354985;9405;156;10088;10220;11.72;0.71;244.61;11.14;683;74;3524.00;132
9407;73;627354996;9407;162;10089;10220;11.54;0.70;244.61;11.16;682;74;3525.00;131
9410;73;627355006;9410;166;10089;10220;11.36;0.69;244.59;11.16;679;74;3526.00;131
9415;74;627355016;9415;166;10089;10220;11.28;0.69;244.66;11.16;674;75;3527.00;131
9415;74;627355045;9415;183;10124;10290;11.31;0.69;244.66;11.12;709;75;3528.00;166
9419;74;627355066;9419;187;10126;10291;11.14;0.68;244.66;11.13;707;75;3529.00;165
9422;74;627355082;9422;192;10136;10291;11.04;0.67;244.61;11.13;714;75;3530.00;155
9424;74;627355092;9424;200;10140;10291;10.91;0.66;244.58;11.13;716;75;3531.00;151
9426;74;627355107;9426;208;10146;10291;10.80;0.66;244.56;11.14;720;75;3532.00;145
9430;74;627355117;9430;213;10148;10291;10.56;0.64;244.55;11.15;718;75;3533.00;143
9431;74;627355133;9431;217;10154;10291;10.40;0.63;244.54;11.15;723;75;3534.00;137
9433;74;627355142;9433;221;10158;10291;10.18;0.62;244.54;11.16;725;75;3535.00;133
9435;74;627355152;9435;223;10161;10292;10.02;0.61;244.51;11.17;726;75;3536.00;131
9436;74;627355161;9436;227;10163;10293;9.86;0.60;244.49;11.17;727;75;3537.00;130
9439;74;627355171;9439;237;10167;10293;9.71;0.59;244.45;11.21;728;75;3538.00;126
9442;74;627355180;9442;246;10170;10297;9.58;0.59;244.49;11.21;728;75;3539.00;127
9444;74;627355196;9444;256;10170;10297;9.45;0.58;244.45;11.21;726;75;3540.00;127
9444;74;627355205;9444;262;10172;10297;9.34;0.57;244.45;11.23;728;75;3541.00;125
9444;74;627355214;9444;273;10172;10297;9.16;0.56;244.45;11.23;728;75;3542.00;125
9446;74;627355223;9446;280;10177;10303;9.07;0.56;244.44;11.23;731;75;3543.00;126
9448;74;627355232;9448;284;10178;10303;8.89;0.54;244.42;11.25;730;75;3544.00;125
9449;74;627355242;9449;292;10180;10303;8.83;0.54;244.42;11.25;731;75;3545.00;123
9451;74;627355251;9451;302;10182;10306;8.80;0.54;244.41;11.25;731;75;3546.00;124
9454;74;627355260;9454;309;10184;10306;8.63;0.53;244.40;11.26;730;75;3547.00;122
9456;74;627355269;9456;312;10185;10306;8.46;0.52;244.38;11.26;729;75;3548.00;121
9457;74;627355278;9457;306;10187;10307;8.23;0.51;244.41;11.28;730;75;3549.00;120
9458;74;627355286;9458;304;10188;10308;8.09;0.50;244.39;11.28;730;75;3550.00;120
9460;74;627355295;9460;309;10189;10308;7.88;0.49;244.39;11.28;729;75;3551.00;119
9463;74;627355303;9463;315;10201;10321;7.79;0.48;244.35;11.28;738;75;3552.00;120
9467;74;627355312;9467;315;10202;10321;7.61;0.47;244.28;11.28;735;75;3553.00;119
9470;74;627355321;9470;313;10203;10321;7.45;0.46;244.27;11.29;733;75;3554.00;118
9473;74;627355330;9473;309;10205;10323;7.34;0.45;244.23;11.28;732;75;3555.00;118
9474;74;627355338;9474;308;10207;10323;7.28;0.45;244.24;11.29;733;75;3556.00;116
9474;74;627355347;9474;316;10210;10327;7.29;0.45;244.24;11.29;736;75;3557.00;117
9477;74;627355356;9477;315;10210;10327;7.25;0.44;244.19;11.29;733;75;3558.00;117
9478;74;627355364;9478;317;10215;10331;7.23;0.44;244.20;11.30;737;75;3559.00;116
9479;74;627355372;9479;318;10215;10331;7.22;0.44;244.18;11.30;736;75;3560.00;116
9484;74;627355380;9484;321;10218;10331;7.12;0.43;244.17;11.33;734;75;3561.00;113
9486;74;627355394;9486;326;10218;10331;7.08;0.43;244.20;11.33;732;75;3562.00;113
9493;74;627355402;9493;315;10218;10331;6.99;0.42;244.12;11.33;725;75;3563.00;113
9497;74;627355410;9497;304;10228;10343;7.06;0.43;244.09;11.33;731;75;3564.00;115
9499;74;627355420;9499;303;10228;10343;7.04;0.43;244.12;11.33;729;75;3565.00;115
9500;74;627355429;9500;298;10233;10343;7.04;0.43;244.13;11.35;733;75;3566.00;110
9501;74;627355437;9501;294;10233;10343;6.98;0.43;244.15;11.35;732;75;3567.00;110
9503;74;627355445;9503;294;10233;10343;6.84;0.42;244.15;11.35;730;75;3568.00;110
9504;74;627355454;9504;299;10234;10343;6.70;0.41;244.16;11.36;730;75;3569.00;109
9506;74;627355463;9506;285;10237;10344;6.59;0.40;244.17;11.38;731;75;3570.00;107
9507;74;627355472;9507;274;10237;10344;6.63;0.41;244.17;11.38;730;75;3571.00;107
9509;74;627355480;9509;274;10241;10350;6.71;0.41;244.19;11.37;732;75;3572.00;109
9509;74;627355490;9509;273;10244;10351;6.79;0.42;244.19;11.38;735;75;3573.00;107
9512;74;627355498;9512;275;10245;10351;6.90;0.42;244.17;11.38;733;75;3574.00;106
9514;74;627355506;9514;274;10246;10351;6.94;0.43;244.21;11.38;732;75;3575.00;105
9516;74;627355516;9516;266;10249;10355;7.03;0.43;244.21;11.38;733;75;3576.00;106
9519;74;627355530;9519;261;10249;10355;7.13;0.44;244.23;11.38;730;75;3577.00;106
9522;74;627355539;9522;255;10251;10355;7.24;0.44;244.20;11.39;729;75;3578.00;104
9526;74;627355548;9526;247;10252;10356;7.30;0.44;244.19;11.39;726;75;3579.00;104
9527;74;627355557;9527;244;10255;10360;7.44;0.45;244.21;11.38;728;75;3580.00;105
9530;74;627355570;9530;233;10255;10360;7.55;0.46;244.23;11.38;725;75;3581.00;105
9531;74;627355579;9531;226;10258;10363;7.68;0.47;244.22;11.52;727;75;3582.00;105
9535;74;627355590;9535;221;10259;10363;7.86;0.48;244.29;11.52;724;75;3583.00;104
9540;74;627355599;9540;213;10259;10363;7.97;0.48;244.37;11.52;719;75;3584.00;104
9546;74;627355609;9546;210;10259;10363;8.04;0.49;244.31;11.52;713;75;3585.00;104
9550;74;627355619;9550;204;10262;10367;8.11;0.49;244.36;11.51;712;75;3586.00;105
9551;74;627355628;9551;203;10262;10367;8.20;0.50;244.34;11.51;711;75;3587.00;105
9556;74;627355638;9556;201;10263;10367;8.25;0.50;244.36;11.51;707;75;3588.00;104
9559;74;627355647;9559;197;10263;10367;8.26;0.50;244.39;11.51;704;75;3589.00;104
9561;74;627355657;9561;190;10263;10368;8.27;0.50;244.38;11.51;702;75;3590.00;105
9563;74;627355667;9563;181;10264;10369;8.27;0.51;244.40;11.51;701;75;3591.00;105
9568;74;627355676;9568;173;10264;10369;8.26;0.50;244.46;11.51;696;75;3592.00;105
9571;74;627355686;9571;179;10265;10370;8.33;0.51;244.47;11.51;694;75;3593.00;105
9575;74;627355696;9575;180;10265;10370;8.34;0.51;244.44;11.51;690;75;3594.00;105
9580;74;627355705;9580;184;10265;10370;8.36;0.51;244.46;11.51;685;75;3595.00;105
9585;74;627355715;9585;183;10265;10370;8.43;0.52;244.49;11.51;680;75;3596.00;105
9587;74;627355725;9587;185;10265;10370;8.51;0.52;244.51;11.51;678;75;3597.00;105
9594;74;627355735;9594;189;10266;10370;8.49;0.52;244.54;11.65;672;75;3598.00;104
9596;74;627355750;9596;194;10266;10370;8.57;0.52;244.54;11.65;670;75;3599.00;104
9601;74;627355773;9601;230;10378;10623;8.67;0.55;244.54;11.52;777;75;3600.00;245
9604;74;627355832;9604;219;10383;10624;8.73;0.55;244.54;11.52;779;75;3601.00;241
9607;74;627355850;9607;215;10393;10624;8.80;0.55;244.51;11.51;786;75;3602.00;231
9612;74;627355864;9612;211;10401;10624;8.83;0.55;244.51;11.50;789;75;3603.00;223
9613;74;627355876;9613;202;10407;10624;8.94;0.56;244.53;11.50;794;75;3604.00;217
9618;74;627355895;9618;206;10413;10624;8.93;0.56;244.52;11.49;795;75;3605.00;211
9626;74;627355909;9626;208;10422;10624;8.91;0.55;244.52;11.63;796;75;3606.00;202
9628;74;627355922;9628;207;10426;10624;8.92;0.56;244.51;11.63;798;75;3607.00;198
9633;74;627355934;9633;208;10432;10625;8.93;0.56;244.55;11.62;799;75;3608.00;193
9636;74;627355947;9636;204;10437;10626;8.99;0.56;244.58;11.62;801;75;3609.00;189
9639;74;627355961;9639;205;10444;10626;9.03;0.56;244.62;11.62;805;75;3610.00;182
9646;74;627355974;9646;208;10445;10627;9.00;0.56;244.71;11.62;799;75;3611.00;182
9649;74;627355986;9649;205;10449;10627;9.02;0.56;244.77;11.62;800;75;3612.00;178
9651;74;627355998;9651;212;10452;10627;9.01;0.56;244.75;11.62;801;75;3613.00;175
9656;74;627356010;9656;218;10457;10627;8.98;0.56;244.79;11.62;801;75;3614.00;170
9658;74;627356030;9658;223;10461;10631;8.91;0.55;244.85;11.62;803;75;3615.00;170
9659;74;627356049;9659;226;10465;10631;8.91;0.55;244.84;11.62;806;75;3616.00;166
9664;74;627356061;9664;224;10465;10631;8.88;0.55;244.89;11.62;801;75;3617.00;166
9667;74;627356074;9667;227;10468;10634;8.92;0.55;244.97;11.62;801;75;3618.00;166
9669;74;627356094;9669;225;10471;10634;8.99;0.55;244.97;11.63;802;75;3619.00;163
9674;74;627356107;9674;229;10474;10634;9.11;0.56;245.00;11.63;800;75;3620.00;160
9677;74;627356121;9677;225;10478;10638;9.19;0.57;245.03;11.63;801;75;3621.00;160
9681;74;627356134;9681;224;10482;10639;9.32;0.57;245.02;11.63;801;75;3622.00;157
9685;74;627356148;9685;230;10483;10639;9.38;0.57;245.09;11.63;798;75;3623.00;156
9689;74;627356167;9689;234;10485;10643;9.44;0.58;245.12;11.63;796;75;3624.00;158
9691;74;627356181;9691;232;10487;10643;9.47;0.58;245.17;11.63;796;75;3625.00;156
9696;74;627356194;9696;217;10489;10643;9.59;0.59;245.18;11.63;793;75;3626.00;154
9700;74;627356207;9700;203;10491;10644;9.67;0.59;245.23;11.63;791;75;3627.00;153
9705;74;627356221;9705;194;10492;10644;9.69;0.59;245.29;11.63;787;75;3628.00;152
9707;74;627356236;9707;188;10496;10650;9.81;0.60;245.30;11.63;789;75;3629.00;154
9711;74;627356258;9711;186;10496;10650;9.89;0.60;245.33;11.63;785;75;3630.00;154
9715;74;627356273;9715;178;10497;10651;10.00;0.61;245.37;11.63;782;75;3631.00;154
9717;74;627356287;9717;169;10498;10651;10.16;0.62;245.37;11.63;781;75;3632.00;153
9719;74;627356300;9719;165;10498;10651;10.32;0.63;245.36;11.63;779;75;3633.00;153
9723;74;627356314;9723;163;10498;10651;10.46;0.64;245.41;11.63;775;75;3634.00;153
9725;74;627356327;9725;159;10499;10651;10.67;0.65;245.41;11.63;774;75;3635.00;152
9730;74;627356340;9730;153;10509;10663;10.71;0.65;245.39;11.76;779;75;3636.00;154
9732;74;627356355;9732;152;10510;10663;10.82;0.66;245.40;11.76;778;75;3637.00;153
9738;74;627356375;9738;149;10512;10663;10.91;0.66;245.42;11.76;774;75;3638.00;151
9742;74;627356390;9742;148;10512;10663;10.97;0.67;245.42;11.76;770;75;3639.00;151
9744;74;627356402;9744;144;10512;10663;11.04;0.67;245.41;11.76;768;75;3640.00;151
9748;74;627356415;9748;149;10513;10663;11.09;0.67;245.42;11.76;765;75;3641.00;150
9750;74;627356428;9750;152;10516;10667;11.13;0.67;245.43;11.76;766;75;3642.00;151
9753;74;627356440;9753;156;10518;10667;11.20;0.68;245.42;11.76;765;75;3643.00;149
9756;74;627356459;9756;156;10521;10671;11.20;0.68;245.42;11.76;765;75;3644.00;150
9758;74;627356473;9758;158;10524;10673;11.26;0.68;245.43;11.75;766;75;3645.00;149
9761;74;627356486;9761;157;10524;10673;11.34;0.69;245.52;11.75;763;75;3646.00;149
9762;74;627356498;9762;162;10524;10673;11.38;0.69;245.53;11.75;762;75;3647.00;149
9764;74;627356511;9764;161;10533;10686;11.40;0.69;245.55;11.74;769;75;3648.00;153
9766;74;627356537;9766;167;10533;10686;11.51;0.70;245.58;11.74;767;75;3649.00;153
9768;74;627356550;9768;166;10533;10686;11.54;0.70;245.58;11.74;765;75;3650.00;153
9769;74;627356568;9769;171;10534;10687;11.60;0.70;245.56;11.74;765;75;3651.00;153
9771;74;627356580;9771;170;10534;10688;11.65;0.71;245.58;11.74;763;75;3652.00;154
9774;74;627356591;9774;172;10534;10688;11.67;0.71;245.57;11.74;760;75;3653.00;154
9778;74;627356604;9778;173;10536;10691;11.65;0.71;245.56;11.74;758;75;3654.00;155
9781;74;627356616;9781;175;10536;10691;11.59;0.70;245.60;11.74;755;75;3655.00;155
9787;74;627356627;9787;175;10537;10691;11.44;0.69;245.58;11.74;750;75;3656.00;154
9788;74;627356639;9788;172;10537;10691;11.31;0.69;245.57;11.74;749;75;3657.00;154
9794;74;627356650;9794;170;10541;10697;11.26;0.68;245.56;11.74;747;75;3658.00;156
9797;74;627356662;9797;171;10541;10697;11.23;0.68;245.55;11.74;744;75;3659.00;156
9800;74;627356674;9800;171;10542;10697;11.27;0.68;245.52;11.73;742;75;3660.00;155
9802;74;627356685;9802;168;10543;10697;11.24;0.68;245.54;11.88;741;75;3661.00;154
9804;74;627356697;9804;159;10546;10701;11.16;0.68;245.55;11.87;742;75;3662.00;155
9806;74;627356708;9806;164;10547;10702;11.19;0.68;245.54;11.87;741;75;3663.00;155
9808;74;627356719;9808;167;10547;10702;11.18;0.68;245.55;11.87;739;75;3664.00;155
9811;74;627356730;9811;169;10548;10703;11.19;0.68;245.53;11.87;737;75;3665.00;155
9814;74;627356745;9814;174;10548;10703;11.15;0.68;245.54;11.87;734;75;3666.00;155
9816;74;627356756;9816;180;10549;10703;11.06;0.67;245.56;11.88;733;75;3667.00;154
9820;74;627356767;9820;183;10549;10703;10.99;0.67;245.54;11.88;729;75;3668.00;154
9822;74;627356777;9822;185;10549;10703;10.93;0.67;245.56;11.88;727;75;3669.00;154
9826;74;627356788;9826;185;10549;10703;10.88;0.66;245.62;11.88;723;75;3670.00;154
9829;74;627356798;9829;185;10549;10703;10.87;0.66;245.61;11.88;720;75;3671.00;154
9833;74;627356808;9833;186;10577;10773;10.82;0.66;245.57;11.84;744;75;3672.00;196
9839;74;627356823;9839;178;10579;10774;10.77;0.66;245.60;11.85;740;75;3673.00;195
9841;74;627356833;9841;167;10585;10774;10.84;0.66;245.62;11.84;744;75;3674.00;189
9844;74;627356844;9844;159;10593;10774;10.87;0.66;245.59;12.01;749;75;3675.00;181
9846;74;627356856;9846;158;10598;10774;10.91;0.66;245.56;12.00;752;75;3676.00;176
9849;74;627356872;9849;156;10602;10774;10.96;0.67;245.51;12.00;753;75;3677.00;172
9851;74;627356883;9851;151;10607;10774;10.98;0.67;245.48;12.14;756;75;3678.00;167
9852;74;627356893;9852;147;10608;10774;11.04;0.67;245.47;12.14;756;75;3679.00;166
9854;74;627356904;9854;147;10611;10775;11.15;0.68;245.47;12.28;757;75;3680.00;164
9857;74;627356914;9857;141;10612;10776;11.22;0.68;245.54;12.28;755;75;3681.00;164
9860;74;627356925;9860;141;10613;10776;11.34;0.69;245.54;12.28;753;75;3682.00;163
9863;74;627356936;9863;141;10617;10780;11.35;0.69;245.52;12.42;754;75;3683.00;163
9864;74;627356947;9864;136;10617;10780;11.31;0.69;245.51;12.42;753;75;3684.00;163
9867;74;627356957;9867;140;10618;10780;11.21;0.68;245.48;12.56;751;75;3685.00;162
9871;74;627356969;9871;144;10618;10780;11.10;0.68;245.45;12.56;747;75;3686.00;162
9875;74;627356979;9875;155;10622;10786;11.10;0.68;245.44;12.56;747;75;3687.00;164
9875;74;627356991;9875;161;10624;10786;11.09;0.68;245.44;12.71;749;75;3688.00;162
9877;74;627357001;9877;164;10627;10786;10.98;0.67;245.45;12.71;750;75;3689.00;159
9878;74;627357013;9878;172;10630;10792;10.87;0.66;245.45;12.71;752;75;3690.00;162
9880;74;627357024;9880;179;10630;10792;10.73;0.66;245.42;12.71;750;75;3691.00;162
9881;74;627357034;9881;186;10632;10792;10.64;0.65;245.49;12.72;751;75;3692.00;160
9885;74;627357045;9885;187;10635;10793;10.49;0.64;245.49;12.72;750;75;3693.00;158
9888;74;627357055;9888;197;10637;10794;10.40;0.63;245.44;12.72;749;75;3694.00;157
9892;74;627357065;9892;201;10640;10794;10.25;0.63;245.46;12.72;748;75;3695.00;154
9898;74;627357075;9898;209;10649;10807;10.09;0.61;245.40;12.71;751;75;3696.00;158
9900;74;627357087;9900;214;10652;10807;9.92;0.60;245.39;12.72;752;75;3697.00;155
9904;74;627357097;9904;226;10652;10807;9.76;0.60;245.36;12.72;748;75;3698.00;155
9905;74;627357107;9905;232;10655;10808;9.67;0.59;245.36;12.73;750;75;3699.00;153
9907;74;627357117;9907;238;10655;10808;9.53;0.58;245.33;12.73;748;75;3700.00;153
9911;74;627357131;9911;247;10661;10812;9.42;0.57;245.27;12.76;750;75;3701.00;151
9912;74;627357141;9912;249;10661;10812;9.26;0.57;245.25;12.76;749;75;3702.00;151
9917;74;627357150;9917;257;10666;10816;9.13;0.56;245.20;12.77;749;75;3703.00;150
9919;74;627357161;9919;267;10668;10816;8.96;0.55;245.17;12.78;749;75;3704.00;148
9922;74;627357170;9922;277;10668;10816;8.83;0.54;245.23;12.78;746;75;3705.00;148
9925;74;627357179;9925;287;10669;10816;8.68;0.53;245.20;12.80;744;75;3706.00;147
9927;74;627357189;9927;291;10673;10816;8.53;0.52;245.19;12.82;746;75;3707.00;143
9927;74;627357199;9927;296;10683;10828;8.54;0.52;245.19;12.82;756;75;3708.00;145
9930;74;627357208;9930;299;10686;10828;8.43;0.51;245.15;12.84;756;75;3709.00;142
9931;74;627357218;9931;304;10688;10828;8.34;0.51;245.15;12.84;757;75;3710.00;140
9931;74;627357227;9931;310;10688;10828;8.28;0.51;245.15;12.84;757;75;3711.00;140
9933;74;627357236;9933;314;10691;10828;8.15;0.50;245.11;12.86;758;75;3712.00;137
9936;74;627357245;9936;326;10692;10828;8.00;0.49;245.09;12.87;756;75;3713.00;136
9937;74;627357254;9937;329;10693;10829;7.86;0.48;245.10;12.88;756;75;3714.00;136
9939;74;627357263;9939;321;10695;10829;7.76;0.47;245.10;12.89;756;75;3715.00;134
9940;74;627357272;9940;316;10699;10835;7.79;0.48;245.11;12.89;759;75;3716.00;136
9942;74;627357281;9942;314;10702;10836;7.73;0.47;245.11;12.90;760;75;3717.00;134
9946;74;627357291;9946;314;10702;10836;7.65;0.47;245.06;12.90;756;75;3718.00;134
9950;74;627357307;9950;306;10703;10836;7.61;0.47;245.03;12.91;753;75;3719.00;133
9950;75;627357318;9950;302;10708;10841;7.68;0.47;245.03;12.91;758;76;3720.00;133
9951;75;627357343;9951;292;10709;10841;7.66;0.47;245.01;12.93;758;76;3721.00;132
9951;75;627357353;9951;282;10711;10841;7.67;0.47;245.01;12.94;760;76;3722.00;130
9951;75;627357362;9951;276;10712;10842;7.72;0.47;245.01;12.94;761;76;3723.00;130
9953;75;627357377;9953;276;10716;10846;7.69;0.47;244.99;12.94;763;76;3724.00;130
9954;75;627357387;9954;270;10719;10846;7.74;0.47;244.98;12.96;765;76;3725.00;127
9955;75;627357396;9955;267;10721;10849;7.82;0.48;244.97;12.96;766;76;3726.00;128
9955;75;627357405;9955;268;10723;10849;7.84;0.48;244.97;12.97;768;76;3727.00;126
9957;75;627357419;9957;266;10724;10849;7.88;0.48;245.02;12.97;767;76;3728.00;125
9958;75;627357428;9958;270;10724;10849;7.90;0.48;245.02;12.97;766;76;3729.00;125
9961;75;627357438;9961;268;10729;10853;7.91;0.48;244.99;12.98;768;76;3730.00;124
9963;75;627357453;9963;273;10729;10853;7.87;0.48;244.97;12.98;766;76;3731.00;124
9965;75;627357468;9965;279;10731;10853;7.80;0.48;244.96;12.98;766;76;3732.00;122
9968;75;627357477;9968;282;10732;10853;7.67;0.47;244.93;12.99;764;76;3733.00;121
9969;75;627357486;9969;280;10732;10854;7.59;0.46;244.93;12.99;763;76;3734.00;122
9976;75;627357495;9976;286;10734;10856;7.51;0.46;244.89;12.99;758;76;3735.00;122
9976;75;627357506;9976;285;10735;10856;7.42;0.45;244.89;13.00;759;76;3736.00;121
9979;75;627357514;9979;280;10736;10857;7.38;0.45;244.89;13.00;757;76;3737.00;121
9983;75;627357523;9983;283;10737;10857;7.29;0.45;244.85;13.01;754;76;3738.00;120
9984;75;627357533;9984;282;10739;10857;7.24;0.44;244.86;13.03;755;76;3739.00;118
9988;75;627357541;9988;271;10740;10857;7.22;0.44;244.84;13.04;752;76;3740.00;117
9990;75;627357550;9990;268;10740;10857;7.23;0.44;244.82;13.04;750;76;3741.00;117
9995;75;627357559;9995;262;10741;10857;7.26;0.45;244.88;13.05;746;76;3742.00;116
9999;75;627357567;9999;253;10741;10857;7.32;0.45;244.90;13.05;742;76;3743.00;116
10003;75;627357576;10003;268;10808;10984;7.57;0.47;244.96;12.98;805;76;3744.00;176
10004;75;627357595;10004;259;10813;10985;7.60;0.47;244.95;12.98;809;76;3745.00;172
10009;75;627357605;10009;248;10822;10985;7.70;0.48;244.97;12.98;813;76;3746.00;163
10014;75;627357614;10014;245;10827;10985;7.78;0.48;244.95;12.97;813;76;3747.00;158
10015;75;627357625;10015;233;10835;10985;7.86;0.49;244.95;12.97;820;76;3748.00;150
10018;75;627357634;10018;233;10839;10985;7.93;0.49;244.94;12.97;821;76;3749.00;146
10022;75;627357646;10022;231;10844;10990;7.94;0.49;244.95;12.96;822;76;3750.00;146
10026;75;627357658;10026;230;10850;10990;7.94;0.49;244.93;13.11;824;76;3751.00;140
10032;75;627357669;10032;228;10854;10991;7.96;0.49;245.02;13.11;822;76;3752.00;137
10034;75;627357680;10034;228;10856;10992;8.05;0.50;245.02;13.11;822;76;3753.00;136
10037;75;627357691;10037;226;10859;10992;8.18;0.50;245.04;13.11;822;76;3754.00;133
10041;75;627357701;10041;230;10862;10993;8.30;0.51;245.05;13.11;821;76;3755.00;131
10048;75;627357712;10048;233;10864;10993;8.36;0.51;245.07;13.11;816;76;3756.00;129
10052;75;627357724;10052;225;10865;10993;8.53;0.52;245.07;13.11;813;76;3757.00;128
10055;75;627357734;10055;223;10868;10993;8.60;0.53;245.06;13.11;813;76;3758.00;125
10060;75;627357749;10060;220;10871;10997;8.68;0.53;245.16;13.11;811;76;3759.00;126
10064;75;627357769;10064;215;10873;10997;8.71;0.53;245.18;13.11;809;76;3760.00;124
10068;75;627357786;10068;211;10873;10997;8.71;0.53;245.20;13.11;805;76;3761.00;124
10072;75;627357815;10072;210;10876;11000;8.79;0.54;245.27;13.10;804;76;3762.00;124
10078;76;627357833;10078;206;10876;11000;8.77;0.54;245.27;13.10;798;77;3763.00;124
10083;76;627357878;10083;204;10877;11000;8.77;0.54;245.30;13.10;794;77;3764.00;123
10085;76;627357891;10085;209;10880;11004;8.82;0.54;245.29;13.10;795;77;3765.00;124
10093;76;627357903;10093;203;10881;11005;8.82;0.54;245.31;13.10;788;77;3766.00;124
10096;76;627357917;10096;206;10881;11005;8.91;0.54;245.35;13.10;785;77;3767.00;124
10099;76;627357929;10099;200;10884;11009;8.90;0.54;245.38;13.10;785;77;3768.00;125
10104;76;627357942;10104;206;10884;11009;8.95;0.55;245.35;13.10;780;77;3769.00;125
10107;76;627357954;10107;209;10886;11009;8.96;0.55;245.35;13.24;779;77;3770.00;123
10108;76;627357968;10108;203;10887;11010;9.01;0.55;245.38;13.23;779;77;3771.00;123
10114;76;627357980;10114;204;10887;11010;9.05;0.55;245.43;13.23;773;77;3772.00;123
10117;76;627357992;10117;205;10892;11016;9.15;0.56;245.41;13.23;775;77;3773.00;124
10121;76;627358004;10121;208;10892;11016;9.18;0.56;245.42;13.23;771;77;3774.00;124
10125;76;627358016;10125;211;10893;11017;9.23;0.56;245.47;13.23;768;77;3775.00;124
10130;76;627358027;10130;206;10894;11017;9.31;0.57;245.52;13.23;764;77;3776.00;123
10134;76;627358046;10134;208;10894;11017;9.34;0.57;245.53;13.23;760;77;3777.00;123
10140;76;627358057;10140;210;10895;11017;9.25;0.56;245.57;13.23;755;77;3778.00;122
10144;76;627358069;10144;214;10895;11017;9.29;0.57;245.61;13.23;751;77;3779.00;122
10147;76;627358082;10147;219;10920;11053;9.38;0.58;245.62;13.20;773;77;3780.00;133
10151;76;627358097;10151;225;10922;11053;9.37;0.58;245.64;13.20;771;77;3781.00;131
10158;76;627358109;10158;221;10924;11053;9.42;0.58;245.62;13.20;766;77;3782.00;129
10160;76;627358121;10160;222;10925;11053;9.49;0.58;245.63;13.19;765;77;3783.00;128
10162;76;627358138;10162;226;10925;11053;9.50;0.58;245.64;13.19;763;77;3784.00;128
10165;76;627358150;10165;230;10926;11053;9.45;0.58;245.69;13.19;761;77;3785.00;127
10166;76;627358161;10166;231;10929;11057;9.48;0.58;245.68;13.19;763;77;3786.00;128
10172;76;627358174;10172;226;10929;11057;9.47;0.58;245.74;13.19;757;77;3787.00;128
10178;76;627358187;10178;221;10933;11061;9.45;0.58;245.81;13.19;755;77;3788.00;128
10181;76;627358202;10181;219;10934;11062;9.47;0.58;245.82;13.19;753;77;3789.00;128
10184;76;627358216;10184;213;10934;11062;9.43;0.58;245.84;13.19;750;77;3790.00;128
10189;76;627358230;10189;210;10934;11062;9.40;0.58;245.82;13.19;745;78;3791.00;128
10190;76;627358262;10190;211;10944;11075;9.56;0.58;245.83;13.17;754;78;3792.00;131
10194;76;627358287;10194;212;10944;11075;9.59;0.59;245.86;13.17;750;78;3793.00;131
10199;76;627358300;10199;215;10945;11075;9.57;0.58;245.88;13.17;746;78;3794.00;130
10199;76;627358312;10199;217;10946;11076;9.60;0.59;245.88;13.17;747;78;3795.00;130
10203;76;627358324;10203;208;10946;11077;9.63;0.59;245.89;13.17;743;78;3796.00;131
10206;76;627358349;10206;190;10946;11077;9.71;0.59;245.90;13.17;740;78;3797.00;131
10208;76;627358361;10208;179;10948;11080;9.77;0.60;245.88;13.17;740;78;3798.00;132
10210;76;627358374;10210;172;10949;11080;9.80;0.60;245.91;13.17;739;78;3799.00;131
10216;76;627358387;10216;165;10949;11080;9.90;0.60;245.96;13.17;733;78;3800.00;131
10218;76;627358406;10218;163;10949;11080;10.01;0.61;246.00;13.17;731;78;3801.00;131
10220;76;627358419;10220;161;10953;11086;10.15;0.62;246.00;13.16;733;78;3802.00;133
10223;76;627358438;10223;160;10953;11086;10.25;0.63;246.01;13.16;730;78;3803.00;133
10224;76;627358451;10224;160;10954;11086;10.41;0.64;245.99;13.16;730;78;3804.00;132
10227;76;627358463;10227;162;10954;11086;10.50;0.64;245.99;13.16;727;78;3805.00;132
10229;76;627358476;10229;161;10957;11090;10.48;0.64;245.99;13.16;728;78;3806.00;133
10233;76;627358489;10233;158;10958;11091;10.54;0.64;246.00;13.16;725;78;3807.00;133
10237;76;627358501;10237;155;10958;11091;10.48;0.64;245.99;13.16;721;78;3808.00;133
10239;76;627358513;10239;158;10959;11092;10.49;0.64;245.98;13.16;720;78;3809.00;133
10243;76;627358527;10243;155;10959;11092;10.58;0.64;246.01;13.16;716;78;3810.00;133
10249;76;627358539;10249;154;10959;11092;10.56;0.64;246.02;13.16;710;78;3811.00;133
10253;76;627358557;10253;155;10959;11092;10.63;0.65;246.08;13.16;706;78;3812.00;133
10256;76;627358568;10256;156;10959;11092;10.68;0.65;246.07;13.16;703;78;3813.00;133
10261;76;627358579;10261;151;10959;11092;10.68;0.65;246.09;13.16;698;78;3814.00;133
10264;76;627358590;10264;159;10959;11092;10.65;0.65;246.06;13.16;695;78;3815.00;133
10265;76;627358601;10265;176;10998;11162;10.50;0.64;246.06;13.11;733;78;3816.00;164
10268;76;627358617;10268;166;10999;11163;10.52;0.64;246.06;13.11;731;78;3817.00;164
10269;76;627358629;10269;161;11007;11163;10.68;0.65;246.04;13.10;738;78;3818.00;156
10274;76;627358641;10274;158;11010;11163;10.79;0.66;246.09;13.10;736;78;3819.00;153
10278;76;627358653;10278;158;11013;11163;10.86;0.66;246.10;13.10;735;78;3820.00;150
10279;76;627358677;10279;162;11018;11163;11.01;0.67;246.12;13.09;739;78;3821.00;145
10284;76;627358689;10284;162;11020;11163;11.01;0.67;246.12;13.09;736;78;3822.00;143
10287;76;627358700;10287;162;11021;11163;11.04;0.67;246.21;13.09;734;78;3823.00;142
10289;76;627358711;10289;166;11023;11164;11.04;0.67;246.19;13.09;734;78;3824.00;141
10292;76;627358723;10292;171;11025;11166;11.07;0.67;246.27;13.09;733;78;3825.00;141
10294;76;627358735;10294;176;11026;11166;11.13;0.68;246.26;13.09;732;78;3826.00;140
10297;76;627358748;10297;181;11029;11170;11.08;0.67;246.26;13.08;732;78;3827.00;141
10298;76;627358761;10298;182;11029;11170;11.06;0.67;246.26;13.08;731;78;3828.00;141
10299;76;627358772;10299;185;11029;11170;11.04;0.67;246.26;13.08;730;78;3829.00;141
10303;76;627358784;10303;188;11029;11170;10.95;0.67;246.23;13.08;726;78;3830.00;141
10306;76;627358796;10306;192;11032;11176;10.95;0.67;246.24;13.08;726;78;3831.00;144
10310;76;627358807;10310;197;11032;11176;10.84;0.66;246.26;13.08;722;78;3832.00;144
10311;76;627358818;10311;202;11033;11176;10.84;0.66;246.25;13.08;722;78;3833.00;143
10312;76;627358828;10312;206;11035;11179;10.79;0.66;246.26;13.08;723;78;3834.00;144
10315;76;627358839;10315;207;11036;11179;10.76;0.65;246.30;13.07;721;78;3835.00;143
10318;76;627358850;10318;210;11036;11179;10.70;0.65;246.36;13.07;718;78;3836.00;143
10320;76;627358859;10320;214;11036;11180;10.68;0.65;246.33;13.07;716;78;3837.00;144
10320;76;627358868;10320;217;11037;11181;10.72;0.65;246.33;13.07;717;78;3838.00;144
10324;76;627358877;10324;215;11037;11181;10.66;0.65;246.28;13.07;713;78;3839.00;144
10329;76;627358888;10329;220;11051;11207;10.52;0.64;246.23;13.06;722;78;3840.00;156
10333;76;627358900;10333;218;11051;11207;10.44;0.64;246.23;13.06;718;78;3841.00;156
10338;76;627358909;10338;214;11053;11207;10.48;0.64;246.19;13.06;715;78;3842.00;154
10340;76;627358918;10340;210;11056;11208;10.51;0.64;246.18;13.05;716;78;3843.00;152
10344;76;627358928;10344;204;11057;11208;10.54;0.64;246.14;13.05;713;78;3844.00;151
10347;76;627358938;10347;199;11060;11212;10.59;0.64;246.12;13.07;713;78;3845.00;152
10348;76;627358948;10348;197;11061;11214;10.54;0.64;246.12;13.06;713;78;3846.00;153
10353;76;627358958;10353;195;11065;11218;10.54;0.64;246.06;13.06;712;78;3847.00;153
10356;76;627358968;10356;191;11065;11218;10.53;0.64;246.04;13.06;709;78;3848.00;153
10361;76;627358983;10361;192;11066;11218;10.58;0.64;245.98;13.06;705;78;3849.00;152
10363;76;627358992;10363;187;11066;11218;10.63;0.65;245.97;13.06;703;78;3850.00;152
10367;76;627359002;10367;188;11066;11218;10.67;0.65;245.96;13.06;699;78;3851.00;152
10371;76;627359010;10371;187;11077;11230;10.63;0.64;245.96;13.05;706;78;3852.00;153
10373;76;627359020;10373;183;11077;11230;10.55;0.64;245.98;13.05;704;78;3853.00;153
10376;76;627359030;10376;177;11077;11230;10.51;0.64;245.96;13.05;701;78;3854.00;153
10379;76;627359039;10379;180;11077;11230;10.49;0.64;245.98;13.05;698;78;3855.00;153
10381;76;627359048;10381;184;11077;11230;10.49;0.64;245.95;13.05;696;78;3856.00;153
10382;76;627359057;10382;188;11078;11230;10.45;0.63;245.94;13.05;696;78;3857.00;152
10383;76;627359071;10383;198;11078;11231;10.35;0.63;245.94;13.05;695;78;3858.00;153
10385;76;627359086;10385;201;11079;11231;10.32;0.62;245.94;13.06;694;78;3859.00;152
10386;76;627359094;10386;207;11085;11237;10.28;0.62;245.94;13.06;699;78;3860.00;152
10387;76;627359109;10387;207;11087;11238;10.26;0.62;245.94;13.06;700;78;3861.00;151
10389;76;627359118;10389;202;11088;11238;10.19;0.62;245.92;13.05;699;78;3862.00;150
10393;76;627359128;10393;203;11089;11238;10.07;0.61;245.89;13.06;696;78;3863.00;149
10393;76;627359137;10393;206;11091;11242;9.97;0.60;245.89;13.05;698;78;3864.00;151
10394;76;627359146;10394;212;11091;11242;9.82;0.59;245.88;13.05;697;78;3865.00;151
10395;76;627359156;10395;216;11093;11242;9.67;0.59;245.86;13.06;698;78;3866.00;149
10396;76;627359165;10396;208;11094;11243;9.65;0.59;245.85;13.06;698;78;3867.00;149
10398;76;627359174;10398;205;11098;11247;9.66;0.59;245.84;13.06;700;78;3868.00;149
10401;76;627359184;10401;197;11098;11247;9.63;0.58;245.83;13.06;697;78;3869.00;149
10402;76;627359198;10402;193;11104;11253;9.69;0.59;245.83;13.08;702;78;3870.00;149
10403;76;627359209;10403;190;11104;11253;9.79;0.59;245.83;13.08;701;78;3871.00;149
10403;76;627359219;10403;189;11106;11253;9.84;0.60;245.83;13.09;703;78;3872.00;147
10403;76;627359228;10403;192;11106;11253;9.90;0.60;245.83;13.09;703;78;3873.00;147
10403;76;627359238;10403;191;11111;11257;9.99;0.61;245.83;13.11;708;78;3874.00;146
10406;76;627359248;10406;191;11112;11257;10.00;0.61;245.81;13.11;706;78;3875.00;145
10407;76;627359258;10407;188;11114;11257;9.97;0.61;245.79;13.13;707;78;3876.00;143
10409;76;627359273;10409;188;11115;11257;9.98;0.61;245.78;13.13;706;78;3877.00;142
10411;76;627359283;10411;187;11117;11258;9.87;0.60;245.84;13.15;706;78;3878.00;141
10412;76;627359293;10412;192;11119;11259;9.78;0.59;245.83;13.15;707;78;3879.00;140
10413;76;627359303;10413;190;11120;11259;9.70;0.59;245.84;13.16;707;78;3880.00;139
10413;76;627359312;10413;193;11122;11260;9.71;0.59;245.84;13.16;709;78;3881.00;138
10413;76;627359321;10413;200;11124;11260;9.64;0.59;245.84;13.18;711;78;3882.00;136
10414;76;627359337;10414;204;11124;11260;9.60;0.59;245.84;13.18;710;78;3883.00;136
10415;76;627359346;10415;203;11126;11260;9.56;0.59;245.83;13.20;711;78;3884.00;134
10415;76;627359355;10415;212;11126;11260;9.50;0.59;245.83;13.20;711;78;3885.00;134
10417;76;627359364;10417;214;11128;11260;9.37;0.58;245.82;13.21;711;78;3886.00;132
10418;76;627359374;10418;217;11128;11260;9.24;0.57;245.81;13.21;710;78;3887.00;132
10422;76;627359382;10422;242;11194;11387;9.09;0.57;245.83;13.13;772;78;3888.00;193
10426;76;627359401;10426;240;11199;11388;8.93;0.56;245.84;13.14;773;78;3889.00;189
10428;76;627359418;10428;225;11207;11388;8.87;0.55;245.83;13.13;779;78;3890.00;181
10432;76;627359427;10432;229;11213;11388;8.77;0.55;245.85;13.14;781;78;3891.00;175
10432;76;627359437;10432;228;11218;11388;8.74;0.54;245.85;13.14;786;78;3892.00;170
10436;76;627359446;10436;224;11223;11388;8.68;0.54;245.82;13.13;787;78;3893.00;165
10437;76;627359455;10437;220;11229;11388;8.64;0.54;245.86;13.14;792;78;3894.00;159
10438;76;627359465;10438;224;11232;11388;8.67;0.54;245.85;13.14;794;78;3895.00;156
10442;76;627359481;10442;224;11237;11389;8.69;0.54;245.81;13.18;795;78;3896.00;152
10446;76;627359491;10446;226;11241;11390;8.72;0.54;245.79;13.17;795;78;3897.00;149
10449;76;627359501;10449;224;11244;11390;8.76;0.54;245.82;13.17;795;78;3898.00;146
10452;76;627359511;10452;223;11247;11391;8.71;0.54;245.79;13.18;795;78;3899.00;144
10452;76;627359523;10452;238;11253;11406;8.62;0.53;245.79;13.18;801;78;3900.00;153
10455;76;627359539;10455;237;11256;11406;8.50;0.53;245.77;13.19;801;78;3901.00;150
10461;76;627359549;10461;243;11258;11406;8.39;0.52;245.80;13.19;797;78;3902.00;148
10467;76;627359559;10467;253;11261;11410;8.26;0.51;245.85;13.20;794;78;3903.00;149
10473;76;627359570;10473;253;11263;11410;8.14;0.50;245.85;13.20;790;78;3904.00;147
10476;76;627359580;10476;259;11264;11410;8.05;0.50;245.84;13.20;788;78;3905.00;146
10481;76;627359591;10481;268;11267;11413;7.98;0.49;245.80;13.21;786;78;3906.00;146
10487;76;627359607;10487;273;11271;11413;7.87;0.48;245.83;13.22;784;78;3907.00;142
10492;76;627359617;10492;281;11273;11413;7.81;0.48;245.84;13.23;781;78;3908.00;140
10494;76;627359628;10494;286;11277;11417;7.72;0.47;245.81;13.23;783;78;3909.00;140
10497;76;627359638;10497;282;11279;11418;7.63;0.47;245.85;13.23;782;78;3910.00;139
10501;76;627359648;10501;276;11280;11418;7.53;0.46;245.85;13.24;779;78;3911.00;138
10506;76;627359658;10506;274;11286;11422;7.52;0.46;245.84;13.25;780;78;3912.00;136
10512;76;627359668;10512;268;11287;11422;7.49;0.46;245.85;13.25;775;78;3913.00;135
10515;76;627359678;10515;265;11287;11422;7.54;0.46;245.85;13.25;772;78;3914.00;135
10518;76;627359688;10518;260;11290;11424;7.59;0.46;245.89;13.25;772;78;3915.00;134
10522;76;627359704;10522;254;11291;11424;7.56;0.46;245.92;13.26;769;78;3916.00;133
10525;76;627359715;10525;240;11294;11430;7.62;0.47;245.92;13.26;769;78;3917.00;136
10528;76;627359726;10528;234;11295;11430;7.76;0.48;245.90;13.26;767;78;3918.00;135
10532;76;627359736;10532;231;11295;11431;7.88;0.48;245.92;13.26;763;78;3919.00;136
10535;76;627359751;10535;222;11296;11431;7.99;0.49;245.95;13.26;761;78;3920.00;135
10538;76;627359768;10538;216;11296;11431;8.08;0.49;245.95;13.26;758;78;3921.00;135
10543;76;627359786;10543;213;11296;11431;8.21;0.50;245.98;13.26;753;78;3922.00;135
10544;76;627359807;10544;209;11297;11431;8.37;0.51;246.01;13.26;753;78;3923.00;134
10549;76;627359826;10549;205;11305;11443;8.54;0.52;246.01;13.25;756;78;3924.00;138
10553;76;627359845;10553;204;11305;11443;8.61;0.53;246.06;13.25;752;78;3925.00;138
10557;76;627359860;10557;206;11307;11443;8.72;0.53;246.10;13.25;750;78;3926.00;136
10560;76;627359879;10560;208;11307;11443;8.87;0.54;246.14;13.25;747;78;3927.00;136
10564;76;627359890;10564;202;11307;11443;9.00;0.55;246.16;13.25;743;78;3928.00;136
10570;76;627359902;10570;203;11309;11443;8.98;0.55;246.20;13.25;739;78;3929.00;134
10574;76;627359915;10574;199;11312;11447;9.03;0.55;246.20;13.25;738;78;3930.00;135
10578;76;627359926;10578;200;11312;11447;9.06;0.55;246.20;13.25;734;78;3931.00;135
10582;76;627359938;10582;196;11315;11451;9.11;0.55;246.25;13.25;733;78;3932.00;136
10585;76;627359957;10585;200;11316;11452;9.19;0.56;246.25;13.24;731;78;3933.00;136
10589;76;627359969;10589;202;11317;11452;9.21;0.56;246.30;13.25;728;78;3934.00;135
10596;76;627359981;10596;196;11318;11452;9.22;0.56;246.29;13.25;722;78;3935.00;134
10601;76;627359993;10601;191;11328;11465;9.27;0.56;246.38;13.24;727;78;3936.00;137
10605;76;627360009;10605;192;11329;11465;9.29;0.56;246.42;13.24;724;78;3937.00;136
10609;76;627360024;10609;190;11330;11465;9.30;0.57;246.43;13.24;721;78;3938.00;135
10613;76;627360042;10613;195;11331;11466;9.39;0.57;246.45;13.24;718;78;3939.00;135
10617;76;627360058;10617;202;11332;11467;9.44;0.57;246.47;13.24;715;78;3940.00;135
10623;76;627360070;10623;199;11333;11467;9.45;0.57;246.46;13.24;710;78;3941.00;134
10629;76;627360082;10629;195;11336;11470;9.45;0.58;246.48;13.24;707;78;3942.00;134
10631;76;627360094;10631;200;11337;11470;9.43;0.57;246.48;13.24;706;78;3943.00;133
10637;76;627360107;10637;201;11338;11470;9.40;0.57;246.46;13.24;701;78;3944.00;132
10641;76;627360118;10641;203;11339;11470;9.35;0.57;246.49;13.23;698;78;3945.00;131
10643;76;627360129;10643;207;11343;11476;9.32;0.57;246.51;13.23;700;78;3946.00;133
10645;76;627360141;10645;209;11343;11476;9.32;0.57;246.52;13.23;698;78;3947.00;133
10650;76;627360152;10650;213;11344;11476;9.29;0.57;246.57;13.23;694;78;3948.00;132
10654;76;627360163;10654;221;11344;11476;9.27;0.56;246.61;13.23;690;78;3949.00;132
10658;76;627360174;10658;223;11347;11480;9.24;0.56;246.66;13.23;689;78;3950.00;133
10661;76;627360185;10661;226;11348;11481;9.24;0.56;246.72;13.23;687;78;3951.00;133
10670;76;627360196;10670;222;11348;11481;9.19;0.56;246.78;13.23;678;78;3952.00;133
10671;76;627360207;10671;224;11349;11482;9.21;0.56;246.77;13.22;678;78;3953.00;133
10674;76;627360218;10674;224;11349;11482;9.15;0.56;246.81;13.22;675;78;3954.00;133
10676;76;627360228;10676;234;11349;11482;9.13;0.56;246.78;13.22;673;78;3955.00;133
10682;76;627360238;10682;239;11349;11482;9.06;0.55;246.76;13.22;667;78;3956.00;133
10684;76;627360249;10684;230;11349;11482;9.00;0.55;246.76;13.22;665;78;3957.00;133
10691;76;627360259;10691;225;11349;11482;8.86;0.54;246.84;13.22;658;78;3958.00;133
10693;76;627360269;10693;224;11350;11482;8.84;0.54;246.86;13.37;657;78;3959.00;132
10695;76;627360283;10695;244;11419;11607;8.74;0.54;246.87;13.29;724;78;3960.00;188
10698;76;627360302;10698;236;11421;11608;8.76;0.54;246.88;13.29;723;78;3961.00;187
10702;76;627360312;10702;232;11425;11608;8.77;0.54;246.86;13.28;723;78;3962.00;183
10706;76;627360322;10706;225;11427;11608;8.78;0.54;246.84;13.28;721;78;3963.00;181
10708;76;627360333;10708;229;11431;11608;8.84;0.54;246.88;13.28;723;78;3964.00;177
10713;76;627360344;10713;228;11432;11608;8.80;0.54;246.90;13.28;719;78;3965.00;176
10715;76;627360354;10715;214;11437;11608;8.89;0.55;246.93;13.27;722;78;3966.00;171
10715;76;627360364;10715;206;11438;11608;8.96;0.55;246.93;13.27;723;78;3967.00;170
10720;76;627360387;10720;199;11444;11609;8.90;0.55;246.96;13.27;724;78;3968.00;165
10723;76;627360404;10723;199;11449;11610;8.86;0.55;246.99;13.27;726;78;3969.00;161
10727;76;627360422;10727;191;11452;11610;8.87;0.55;246.99;13.27;725;78;3970.00;158
10728;76;627360433;10728;188;11457;11614;8.88;0.55;247.00;13.26;729;78;3971.00;157
10729;76;627360444;10729;184;11458;11614;8.94;0.55;247.00;13.26;729;78;3972.00;156
10732;76;627360454;10732;184;11458;11614;9.02;0.55;247.00;13.26;726;78;3973.00;156
10736;76;627360466;10736;184;11459;11614;9.01;0.55;247.00;13.26;723;78;3974.00;155
10737;76;627360477;10737;189;11463;11620;9.11;0.56;246.99;13.26;726;78;3975.00;157
10743;76;627360489;10743;186;11464;11620;9.16;0.56;247.08;13.26;721;78;3976.00;156
10744;76;627360500;10744;186;11465;11620;9.31;0.57;247.08;13.26;721;78;3977.00;155
10746;76;627360511;10746;188;11467;11623;9.43;0.58;247.08;13.25;721;78;3978.00;156
10749;76;627360522;10749;189;11468;11623;9.51;0.58;247.08;13.25;719;78;3979.00;155
10754;76;627360533;10754;186;11468;11623;9.55;0.58;247.05;13.25;714;78;3980.00;155
10754;76;627360543;10754;181;11468;11624;9.61;0.59;247.05;13.25;714;78;3981.00;156
10756;76;627360555;10756;186;11469;11625;9.74;0.59;247.12;13.25;713;78;3982.00;156
10757;76;627360566;10757;185;11469;11625;9.81;0.60;247.10;13.25;712;78;3983.00;156
10759;76;627360577;10759;187;11479;11638;9.88;0.60;247.07;13.24;720;78;3984.00;159
10760;76;627360588;10760;188;11479;11638;9.92;0.61;247.08;13.24;719;78;3985.00;159
10764;76;627360599;10764;186;11479;11638;9.89;0.60;247.07;13.24;715;78;3986.00;159
10766;76;627360609;10766;191;11480;11639;9.94;0.61;247.06;13.24;714;78;3987.00;159
10768;76;627360619;10768;191;11480;11639;9.95;0.61;247.06;13.24;712;78;3988.00;159
10771;76;627360635;10771;199;11483;11643;10.04;0.61;247.03;13.24;712;78;3989.00;160
10771;76;627360648;10771;198;11484;11643;10.13;0.62;247.03;13.24;713;78;3990.00;159
10774;76;627360657;10774;207;11487;11647;10.09;0.62;247.01;13.23;713;78;3991.00;160
10778;76;627360667;10778;202;11487;11647;10.10;0.62;246.98;13.23;709;78;3992.00;160
10779;76;627360677;10779;203;11487;11647;10.13;0.62;246.96;13.23;708;78;3993.00;160
10782;76;627360686;10782;202;11487;11647;10.07;0.61;246.91;13.23;705;78;3994.00;160
10783;76;627360696;10783;205;11487;11647;10.09;0.62;246.91;13.23;704;78;3995.00;160
10783;76;627360705;10783;212;11497;11659;10.14;0.62;246.91;13.22;714;78;3996.00;162
10786;76;627360716;10786;213;11498;11659;10.21;0.62;246.90;13.22;712;78;3997.00;161
10791;76;627360727;10791;214;11498;11659;10.24;0.63;246.86;13.22;707;78;3998.00;161
10797;76;627360737;10797;215;11498;11659;10.30;0.63;246.84;13.22;701;78;3999.00;161
10798;76;627360749;10798;218;11498;11659;10.30;0.63;246.82;13.22;700;78;4000.00;161
10801;76;627360764;10801;218;11498;11659;10.27;0.63;246.77;13.22;697;78;4001.00;161
10802;76;627360774;10802;216;11498;11660;10.24;0.63;246.76;13.22;696;78;4002.00;162
10805;76;627360784;10805;218;11498;11660;10.21;0.62;246.75;13.22;693;78;4003.00;162
10809;76;627360798;10809;218;11502;11666;10.16;0.62;246.73;13.22;693;78;4004.00;164
10810;76;627360808;10810;219;11505;11668;10.19;0.62;246.73;13.21;695;78;4005.00;163
10815;76;627360818;10815;224;11505;11668;10.16;0.62;246.69;13.21;690;78;4006.00;163
10818;76;627360828;10818;228;11505;11668;10.10;0.61;246.67;13.21;687;78;4007.00;163
10821;76;627360837;10821;228;11508;11672;10.07;0.61;246.66;13.21;687;78;4008.00;164
10825;76;627360846;10825;225;11508;11672;10.02;0.61;246.64;13.21;683;78;4009.00;164
10828;76;627360855;10828;225;11508;11672;9.93;0.60;246.62;13.21;680;78;4010.00;164
10831;76;627360863;10831;224;11509;11673;9.86;0.60;246.58;13.21;678;78;4011.00;164
10832;76;627360872;10832;221;11513;11677;9.83;0.60;246.62;13.35;681;78;4012.00;164
10835;76;627360881;10835;221;11513;11677;9.87;0.60;246.61;13.35;678;78;4013.00;164
10837;76;627360890;10837;212;11516;11680;9.90;0.60;246.60;13.36;679;78;4014.00;164
10839;76;627360900;10839;211;11517;11680;9.88;0.60;246.58;13.38;678;78;4015.00;163
10839;76;627360909;10839;208;11518;11680;9.95;0.60;246.58;13.38;679;78;4016.00;162
10840;76;627360917;10840;207;11519;11680;9.94;0.60;246.58;13.52;679;78;4017.00;161
10841;76;627360926;10841;207;11522;11684;9.89;0.60;246.58;13.52;681;78;4018.00;162
10842;76;627360935;10842;194;11523;11684;9.97;0.60;246.57;13.52;681;78;4019.00;161
10843;76;627360947;10843;181;11524;11684;9.95;0.60;246.55;13.66;681;78;4020.00;160
10844;76;627360956;10844;170;11524;11684;10.03;0.61;246.54;13.66;680;78;4021.00;160
10848;76;627360964;10848;167;11524;11685;10.14;0.61;246.51;13.66;676;78;4022.00;161
10848;76;627360974;10848;158;11526;11686;10.31;0.62;246.51;13.80;678;78;4023.00;160
10848;76;627360984;10848;153;11526;11686;10.48;0.63;246.51;13.80;678;78;4024.00;160
10850;76;627360993;10850;141;11527;11687;10.58;0.64;246.51;13.80;677;78;4025.00;160
10853;76;627361012;10853;136;11528;11687;10.60;0.64;246.46;13.94;675;78;4026.00;159
10856;76;627361022;10856;135;11529;11687;10.62;0.64;246.46;13.94;673;78;4027.00;158
10857;76;627361032;10857;130;11530;11687;10.60;0.64;246.45;14.08;673;78;4028.00;157
10857;76;627361041;10857;127;11530;11687;10.62;0.64;246.45;14.08;673;78;4029.00;157
10858;76;627361050;10858;128;11531;11687;10.65;0.64;246.46;14.22;673;78;4030.00;156
10858;76;627361060;10858;122;11531;11687;10.71;0.65;246.46;14.22;673;78;4031.00;156
10858;76;627361069;10858;137;11595;11814;10.74;0.66;246.46;14.14;737;78;4032.00;219
10860;76;627361088;10860;135;11598;11815;10.84;0.66;246.45;14.14;738;78;4033.00;217
10862;76;627361099;10862;138;11607;11815;10.93;0.67;246.43;14.13;745;78;4034.00;208
10862;76;627361109;10862;137;11610;11815;10.93;0.67;246.43;14.13;748;78;4035.00;205
10865;76;627361119;10865;136;11619;11815;10.93;0.67;246.48;14.13;754;78;4036.00;196
10865;76;627361129;10865;138;11621;11815;10.79;0.66;246.48;14.13;756;78;4037.00;194
10866;76;627361140;10866;147;11626;11815;10.78;0.66;246.47;14.12;760;78;4038.00;189
10868;76;627361150;10868;151;11627;11815;10.78;0.66;246.49;14.12;759;78;4039.00;188
10870;76;627361160;10870;155;11632;11816;10.86;0.66;246.49;14.12;762;78;4040.00;184
10873;76;627361176;10873;158;11638;11817;10.82;0.66;246.46;14.14;765;78;4041.00;179
10874;76;627361187;10874;158;11643;11817;10.77;0.66;246.47;14.14;769;78;4042.00;174
10879;76;627361198;10879;167;11648;11818;10.62;0.65;246.48;14.16;769;78;4043.00;170
10881;76;627361209;10881;172;11650;11818;10.51;0.64;246.51;14.16;769;78;4044.00;168
10882;76;627361219;10882;173;11652;11818;10.40;0.64;246.50;14.18;770;78;4045.00;166
10885;76;627361229;10885;177;11654;11818;10.36;0.63;246.48;14.18;769;78;4046.00;164
10886;76;627361240;10886;183;11657;11822;10.30;0.63;246.50;14.18;771;78;4047.00;165
10891;76;627361251;10891;192;11661;11822;10.19;0.62;246.55;14.20;770;78;4048.00;161
10893;76;627361267;10893;203;11662;11822;10.12;0.62;246.56;14.20;769;78;4049.00;160
10897;76;627361278;10897;211;11666;11828;10.03;0.61;246.58;14.19;769;78;4050.00;162
10901;76;627361290;10901;216;11668;11828;9.89;0.60;246.58;14.22;767;78;4051.00;160
10903;76;627361305;10903;220;11671;11828;9.80;0.60;246.61;14.23;768;78;4052.00;157
10905;76;627361315;10905;227;11675;11832;9.68;0.59;246.63;14.24;770;78;4053.00;157
10906;76;627361326;10906;231;11677;11833;9.59;0.59;246.67;14.24;771;78;4054.00;156
10910;76;627361335;10910;236;11679;11833;9.45;0.58;246.67;14.26;769;78;4055.00;154
10912;76;627361346;10912;242;11685;11837;9.39;0.57;246.69;14.27;773;78;4056.00;152
10914;76;627361356;10914;248;11685;11837;9.29;0.57;246.69;14.27;771;78;4057.00;152
10917;76;627361366;10917;252;11687;11837;9.18;0.56;246.70;14.29;770;78;4058.00;150
10919;76;627361381;10919;255;11688;11838;9.14;0.56;246.74;14.29;769;78;4059.00;150
10922;76;627361391;10922;252;11690;11838;9.04;0.56;246.73;14.31;768;78;4060.00;148
10923;76;627361402;10923;252;11694;11844;9.05;0.56;246.72;14.30;771;78;4061.00;150
10926;76;627361412;10926;250;11697;11844;8.97;0.55;246.70;14.32;771;78;4062.00;147
10928;76;627361422;10928;249;11697;11845;8.88;0.55;246.69;14.32;769;78;4063.00;148
10933;76;627361432;10933;251;11697;11845;8.80;0.54;246.66;14.32;764;78;4064.00;148
10936;76;627361442;10936;255;11699;11845;8.73;0.54;246.63;14.33;763;78;4065.00;146
10939;76;627361451;10939;252;11699;11845;8.71;0.53;246.62;14.33;760;78;4066.00;146
10943;76;627361461;10943;247;11701;11845;8.67;0.53;246.60;14.35;758;78;4067.00;144
10945;76;627361474;10945;248;11711;11857;8.71;0.53;246.60;14.33;766;78;4068.00;146
10948;76;627361489;10948;252;11711;11857;8.75;0.54;246.60;14.33;763;78;4069.00;146
10951;76;627361505;10951;253;11714;11857;8.76;0.54;246.57;14.35;763;78;4070.00;143
10952;76;627361515;10952;252;11714;11857;8.78;0.54;246.57;14.35;762;78;4071.00;143
10957;76;627361525;10957;247;11715;11857;8.69;0.53;246.56;14.35;758;78;4072.00;142
10965;76;627361534;10965;246;11716;11857;8.64;0.53;246.56;14.36;751;78;4073.00;141
10967;76;627361543;10967;241;11719;11861;8.51;0.52;246.58;14.35;752;78;4074.00;142
10972;76;627361553;10972;242;11720;11861;8.45;0.52;246.58;14.37;748;78;4075.00;141
10976;76;627361564;10976;240;11723;11865;8.45;0.52;246.58;14.36;747;78;4076.00;142
10982;76;627361574;10982;242;11727;11866;8.31;0.51;246.61;14.39;745;78;4077.00;139
10987;76;627361583;10987;249;11728;11866;8.16;0.50;246.62;14.39;741;78;4078.00;138
10994;76;627361592;10994;251;11728;11866;7.99;0.49;246.61;14.39;734;78;4079.00;138
10999;76;627361603;10999;254;11749;11895;7.83;0.48;246.62;14.38;750;78;4080.00;146
11004;76;627361615;11004;257;11751;11895;7.78;0.48;246.67;14.37;747;78;4081.00;144
11007;76;627361624;11007;253;11754;11895;7.74;0.48;246.69;14.38;747;78;4082.00;141
11013;76;627361633;11013;257;11756;11896;7.68;0.47;246.75;14.38;743;78;4083.00;140
11017;76;627361642;11017;254;11757;11897;7.72;0.47;246.78;14.38;740;78;4084.00;140
11020;76;627361652;11020;256;11760;11897;7.77;0.48;246.78;14.40;740;78;4085.00;137
11029;76;627361661;11029;252;11763;11900;7.78;0.48;246.77;14.40;734;78;4086.00;137
11032;76;627361671;11032;245;11764;11900;7.93;0.49;246.75;14.41;732;78;4087.00;136
11035;76;627361680;11035;233;11764;11900;8.01;0.49;246.79;14.41;729;78;4088.00;136
11039;76;627361690;11039;227;11766;11900;8.08;0.50;246.79;14.42;727;78;4089.00;134
11043;76;627361700;11043;217;11770;11906;8.24;0.50;246.81;14.42;727;78;4090.00;136
11048;76;627361710;11048;214;11770;11906;8.40;0.51;246.84;14.42;722;78;4091.00;136
11050;76;627361720;11050;207;11771;11906;8.46;0.52;246.84;14.42;721;78;4092.00;135
11053;76;627361730;11053;201;11771;11906;8.53;0.52;246.86;14.42;718;78;4093.00;135
11057;76;627361740;11057;193;11774;11910;8.59;0.52;246.84;14.41;717;78;4094.00;136
11060;76;627361755;11060;193;11776;11912;8.69;0.53;246.88;14.41;716;78;4095.00;136
11065;76;627361771;11065;191;11776;11912;8.74;0.53;246.88;14.41;711;78;4096.00;136
11066;76;627361787;11066;193;11777;11913;8.86;0.54;246.89;14.41;711;78;4097.00;136
11071;76;627361803;11071;192;11777;11913;8.98;0.55;246.90;14.41;706;78;4098.00;136
11075;76;627361818;11075;193;11777;11913;9.17;0.56;246.93;14.41;702;78;4099.00;136
11078;76;627361835;11078;199;11777;11913;9.28;0.57;246.93;14.41;699;78;4100.00;136
11086;76;627361860;11086;197;11777;11913;9.32;0.57;246.89;14.41;691;78;4101.00;136
11087;76;627361871;11087;197;11777;11913;9.39;0.57;246.89;14.41;690;78;4102.00;136
11092;76;627361882;11092;197;11777;11913;9.43;0.57;246.90;14.41;685;78;4103.00;136
11096;76;627361893;11096;204;11813;11983;9.46;0.58;246.93;14.36;717;78;4104.00;170
11099;76;627361911;11099;200;11814;11984;9.53;0.58;246.92;14.36;715;78;4105.00;170
11101;76;627361923;11101;199;11822;11984;9.72;0.59;246.92;14.36;721;78;4106.00;162
11103;76;627361936;11103;198;11824;11984;9.79;0.60;246.93;14.35;721;78;4107.00;160
11106;76;627361947;11106;194;11828;11984;9.92;0.60;246.94;14.35;722;78;4108.00;156
11110;76;627361959;11110;197;11829;11984;9.93;0.61;246.91;14.35;719;78;4109.00;155
11113;76;627361972;11113;201;11831;11984;9.93;0.60;246.92;14.35;718;78;4110.00;153
11116;76;627361983;11116;206;11835;11984;9.88;0.60;246.99;14.34;719;78;4111.00;149
11121;76;627361993;11121;213;11836;11985;9.72;0.59;247.00;14.34;715;78;4112.00;149
11125;76;627362004;11125;216;11840;11986;9.68;0.59;247.03;14.34;715;78;4113.00;146
11129;76;627362015;11129;214;11842;11986;9.60;0.58;247.01;14.34;713;78;4114.00;144
11130;76;627362026;11130;215;11844;11990;9.58;0.59;247.02;14.34;714;78;4115.00;146
11135;76;627362037;11135;227;11844;11990;9.48;0.58;247.02;14.34;709;78;4116.00;146
11138;76;627362047;11138;232;11845;11990;9.46;0.58;247.00;14.48;707;78;4117.00;145
11144;76;627362060;11144;229;11845;11990;9.40;0.57;246.99;14.48;701;78;4118.00;145
11149;76;627362070;11149;228;11849;11996;9.39;0.57;246.97;14.47;700;78;4119.00;147
11151;76;627362082;11151;232;11851;11996;9.33;0.57;246.97;14.47;700;78;4120.00;145
11153;76;627362093;11153;235;11852;11996;9.28;0.56;246.98;14.47;699;78;4121.00;144
11157;76;627362103;11157;241;11854;11999;9.23;0.56;247.01;14.47;697;78;4122.00;145
11160;76;627362114;11160;247;11854;11999;9.16;0.56;247.00;14.47;694;78;4123.00;145
11164;76;627362125;11164;253;11857;11999;9.03;0.55;247.02;14.47;693;78;4124.00;142
11173;76;627362135;11173;257;11857;12000;8.84;0.54;247.05;14.47;684;78;4125.00;143
11175;76;627362145;11175;261;11858;12001;8.69;0.53;247.05;14.47;683;78;4126.00;143
11176;76;627362156;11176;255;11858;12001;8.52;0.52;247.06;14.47;682;78;4127.00;143
11176;76;627362166;11176;256;11869;12014;8.59;0.52;247.06;14.45;693;78;4128.00;145
11180;76;627362176;11180;254;11869;12014;8.46;0.51;247.06;14.45;689;78;4129.00;145
11181;76;627362187;11181;255;11869;12014;8.38;0.51;247.04;14.45;688;78;4130.00;145
11183;76;627362196;11183;257;11870;12015;8.40;0.51;247.02;14.45;687;78;4131.00;145
11183;76;627362207;11183;262;11870;12015;8.41;0.51;247.02;14.45;687;78;4132.00;145
11185;77;627362217;11185;267;11873;12019;8.46;0.51;247.04;14.45;688;79;4133.00;146
11188;77;627362240;11188;270;11873;12019;8.47;0.51;247.07;14.45;685;79;4134.00;146
11190;77;627362258;11190;273;11877;12023;8.50;0.51;247.08;14.45;687;79;4135.00;146
11190;77;627362268;11190;260;11877;12023;8.50;0.52;247.08;14.45;687;79;4136.00;146
11193;77;627362279;11193;245;11877;12023;8.50;0.52;247.07;14.45;684;79;4137.00;146
11194;77;627362290;11194;237;11877;12023;8.55;0.52;247.09;14.45;683;79;4138.00;146
11196;77;627362302;11196;232;11877;12023;8.59;0.52;247.07;14.45;681;79;4139.00;146
11196;77;627362315;11196;237;11901;12057;8.63;0.53;247.07;14.42;705;79;4140.00;156
11200;77;627362330;11200;228;11902;12057;8.71;0.53;247.03;14.42;702;79;4141.00;155
11200;77;627362342;11200;221;11903;12057;8.85;0.54;247.03;14.41;703;79;4142.00;154
11201;77;627362353;11201;214;11903;12057;8.99;0.55;247.01;14.41;702;79;4143.00;154
11202;77;627362363;11202;208;11904;12057;9.15;0.56;247.01;14.41;702;79;4144.00;153
11202;77;627362376;11202;206;11904;12057;9.23;0.57;247.01;14.41;702;79;4145.00;153
11205;77;627362386;11205;212;11905;12058;9.30;0.57;247.03;14.41;700;79;4146.00;153
11206;77;627362397;11206;211;11905;12058;9.34;0.57;247.01;14.41;699;79;4147.00;153
11210;77;627362407;11210;211;11909;12064;9.36;0.57;247.02;14.41;699;79;4148.00;155
11213;77;627362418;11213;204;11910;12065;9.37;0.57;246.98;14.41;697;79;4149.00;155
11215;77;627362428;11215;202;11911;12065;9.41;0.57;246.98;14.41;696;79;4150.00;154
11220;77;627362439;11220;208;11911;12065;9.35;0.57;246.95;14.41;691;79;4151.00;154
11221;77;627362449;11221;207;11915;12069;9.39;0.57;246.95;14.40;694;79;4152.00;154
11223;77;627362460;11223;207;11915;12069;9.30;0.57;246.94;14.40;692;79;4153.00;154
11225;77;627362471;11225;202;11915;12069;9.25;0.56;246.91;14.40;690;79;4154.00;154
11227;77;627362480;11227;205;11916;12070;9.27;0.56;246.90;14.40;689;79;4155.00;154
11228;77;627362490;11228;208;11919;12074;9.24;0.56;246.88;14.40;691;79;4156.00;155
11228;77;627362500;11228;211;11920;12074;9.30;0.57;246.88;14.53;692;79;4157.00;154
11228;77;627362517;11228;209;11922;12077;9.37;0.57;246.88;14.53;694;79;4158.00;155
11231;77;627362527;11231;209;11922;12077;9.42;0.57;246.86;14.53;691;79;4159.00;155
11236;77;627362544;11236;210;11923;12077;9.51;0.58;246.86;14.53;687;79;4160.00;154
11239;77;627362554;11239;209;11923;12077;9.64;0.59;246.84;14.53;684;79;4161.00;154
11242;77;627362564;11242;213;11926;12081;9.68;0.59;246.88;14.53;684;79;4162.00;155
11244;77;627362574;11244;211;11926;12081;9.74;0.59;246.86;14.53;682;79;4163.00;155
11244;77;627362583;11244;213;11927;12081;9.84;0.60;246.86;14.53;683;79;4164.00;154
11245;77;627362593;11245;211;11927;12081;9.88;0.60;246.86;14.53;682;79;4165.00;154
11248;77;627362602;11248;211;11927;12082;9.89;0.60;246.83;14.53;679;79;4166.00;155
11248;77;627362612;11248;217;11928;12083;9.82;0.60;246.83;14.52;680;79;4167.00;155
11248;77;627362621;11248;215;11928;12083;9.82;0.60;246.83;14.52;680;79;4168.00;155
11249;77;627362631;11249;219;11929;12084;9.81;0.60;246.82;14.52;680;79;4169.00;155
11251;77;627362642;11251;222;11929;12084;9.74;0.59;246.84;14.52;678;79;4170.00;155
11254;77;627362660;11254;216;11929;12084;9.67;0.59;246.80;14.52;675;79;4171.00;155
11255;77;627362670;11255;202;11929;12084;9.67;0.59;246.80;14.52;674;79;4172.00;155
11258;77;627362679;11258;197;11931;12086;9.69;0.59;246.80;14.52;673;79;4173.00;155
11259;77;627362690;11259;190;11931;12086;9.80;0.59;246.80;14.52;672;79;4174.00;155
11260;77;627362699;11260;185;11931;12086;9.91;0.60;246.81;14.52;671;79;4175.00;155
11262;77;627362708;11262;204;12000;12213;9.79;0.60;246.81;14.44;738;79;4176.00;213
11264;77;627362727;11264;183;12001;12214;9.86;0.61;246.80;14.44;737;79;4177.00;213
11266;77;627362740;11266;175;12007;12214;9.98;0.61;246.78;14.43;741;79;4178.00;207
11267;77;627362755;11267;165;12009;12214;10.15;0.62;246.78;14.43;742;79;4179.00;205
11269;77;627362765;11269;162;12013;12214;10.25;0.63;246.77;14.43;744;79;4180.00;201
11270;77;627362786;11270;157;12018;12214;10.30;0.63;246.77;14.42;748;79;4181.00;196
11270;77;627362803;11270;146;12021;12214;10.40;0.64;246.77;14.42;751;79;4182.00;193
11272;77;627362820;11272;139;12022;12214;10.60;0.65;246.75;14.42;750;79;4183.00;192
11274;77;627362831;11274;139;12025;12215;10.83;0.66;246.75;14.42;751;79;4184.00;190
11275;77;627362847;11275;136;12029;12217;10.95;0.67;246.74;14.44;754;79;4185.00;188
11277;77;627362859;11277;130;12034;12217;11.08;0.68;246.73;14.43;757;79;4186.00;183
11278;77;627362869;11278;130;12035;12218;11.17;0.68;246.78;14.43;757;79;4187.00;183
11280;77;627362880;11280;131;12039;12218;11.28;0.69;246.77;14.43;759;79;4188.00;179
11283;77;627362891;11283;123;12043;12218;11.27;0.69;246.76;14.43;760;79;4189.00;175
11284;77;627362901;11284;124;12045;12218;11.21;0.68;246.76;14.43;761;79;4190.00;173
11286;77;627362911;11286;126;12047;12222;11.12;0.68;246.74;14.43;761;79;4191.00;175
11288;77;627362922;11288;126;12048;12222;11.11;0.68;246.75;14.43;760;79;4192.00;174
11289;77;627362932;11289;130;12050;12222;11.11;0.68;246.75;14.43;761;79;4193.00;172
11291;77;627362943;11291;132;12051;12225;11.11;0.68;246.75;14.43;760;79;4194.00;174
11294;77;627362953;11294;140;12053;12225;11.18;0.68;246.77;14.43;759;79;4195.00;172
11296;77;627362964;11296;141;12055;12225;11.20;0.68;246.76;14.43;759;79;4196.00;170
11300;77;627362975;11300;142;12059;12229;11.14;0.68;246.80;14.42;759;79;4197.00;170
11307;77;627362986;11307;146;12060;12230;11.11;0.68;246.78;14.42;753;79;4198.00;170
11312;77;627362997;11312;154;12061;12230;11.05;0.67;246.76;14.42;749;79;4199.00;169
11315;77;627363010;11315;166;12070;12264;10.95;0.67;246.80;14.41;755;79;4200.00;194
11321;77;627363027;11321;163;12074;12264;10.84;0.66;246.83;14.41;753;79;4201.00;190
11322;77;627363039;11322;165;12075;12264;10.78;0.66;246.83;14.41;753;79;4202.00;189
11326;77;627363050;11326;165;12076;12265;10.74;0.65;246.84;14.41;750;79;4203.00;189
11332;77;627363060;11332;165;12077;12265;10.63;0.65;246.86;14.41;745;79;4204.00;188
11333;77;627363071;11333;171;12081;12271;10.62;0.64;246.86;14.41;748;79;4205.00;190
11336;77;627363082;11336;174;12083;12271;10.47;0.64;246.90;14.41;747;79;4206.00;188
11340;77;627363092;11340;178;12084;12272;10.37;0.63;246.91;14.40;744;79;4207.00;188
11342;77;627363103;11342;184;12084;12272;10.30;0.62;246.92;14.40;742;79;4208.00;188
11344;77;627363113;11344;186;12084;12272;10.23;0.62;246.91;14.40;740;79;4209.00;188
11346;77;627363124;11346;188;12086;12272;10.08;0.61;246.90;14.44;740;79;4210.00;186
11349;77;627363134;11349;195;12088;12272;9.99;0.61;246.93;14.43;739;79;4211.00;184
11352;77;627363144;11352;203;12097;12284;9.98;0.61;246.93;14.42;745;79;4212.00;187
11354;77;627363156;11354;204;12101;12284;9.96;0.61;246.96;14.45;747;79;4213.00;183
11355;77;627363166;11355;208;12101;12284;9.97;0.61;246.94;14.45;746;79;4214.00;183
11357;77;627363177;11357;212;12103;12284;9.97;0.61;246.96;14.48;746;79;4215.00;181
11361;77;627363187;11361;215;12104;12284;9.93;0.60;246.97;14.48;743;79;4216.00;180
11364;77;627363198;11364;220;12106;12284;9.85;0.60;246.95;14.49;742;79;4217.00;178
11366;77;627363208;11366;219;12111;12288;9.78;0.59;246.98;14.50;745;79;4218.00;177
11369;77;627363219;11369;221;12112;12288;9.74;0.59;247.00;14.51;743;79;4219.00;176
11371;77;627363229;11371;226;12115;12292;9.74;0.59;246.99;14.52;744;79;4220.00;177
11371;77;627363246;11371;225;12116;12293;9.74;0.59;246.99;14.52;745;79;4221.00;177
11375;77;627363256;11375;229;12119;12293;9.67;0.59;246.94;14.54;744;79;4222.00;174
11377;77;627363267;11377;233;12122;12293;9.64;0.59;246.97;14.56;745;79;4223.00;171
11379;77;627363277;11379;238;12130;12306;9.54;0.58;246.94;14.55;751;79;4224.00;176
11382;77;627363289;11382;238;12131;12306;9.49;0.58;247.00;14.56;749;79;4225.00;175
11384;77;627363299;11384;245;12132;12306;9.41;0.57;247.00;14.57;748;79;4226.00;174
11385;77;627363309;11385;247;12134;12307;9.30;0.57;247.00;14.57;749;79;4227.00;173
11389;77;627363319;11389;252;12137;12308;9.22;0.56;246.97;14.59;748;79;4228.00;171
11391;77;627363329;11391;251;12139;12308;9.17;0.56;246.99;14.60;748;79;4229.00;169
11395;77;627363341;11395;254;12143;12314;9.17;0.56;246.95;14.60;748;79;4230.00;171
11398;77;627363351;11398;253;12144;12314;9.09;0.56;246.97;14.61;746;79;4231.00;170
11402;77;627363361;11402;253;12145;12314;9.02;0.55;246.98;14.62;743;79;4232.00;169
11407;77;627363370;11407;252;12146;12314;8.87;0.54;246.98;14.62;739;79;4233.00;168
11411;77;627363380;11411;248;12151;12320;8.87;0.54;246.99;14.64;740;79;4234.00;169
11412;77;627363391;11412;246;12153;12320;8.78;0.54;247.00;14.65;741;79;4235.00;167
11414;77;627363401;11414;243;12153;12320;8.75;0.54;246.99;14.65;739;79;4236.00;167
11416;77;627363411;11416;253;12155;12320;8.68;0.53;246.98;14.67;739;79;4237.00;165
11418;77;627363420;11418;252;12158;12324;8.61;0.53;246.97;14.67;740;79;4238.00;166
11426;77;627363429;11426;251;12159;12325;8.51;0.52;246.96;14.67;733;79;4239.00;166
11428;77;627363439;11428;250;12162;12325;8.47;0.52;246.95;14.69;734;79;4240.00;163
11433;77;627363448;11433;252;12164;12326;8.42;0.52;246.94;14.69;731;79;4241.00;162
11438;77;627363458;11438;259;12166;12326;8.38;0.52;246.95;14.71;728;79;4242.00;160
11443;77;627363468;11443;255;12167;12326;8.32;0.51;246.95;14.71;724;79;4243.00;159
11448;77;627363477;11448;256;12167;12326;8.25;0.51;246.98;14.71;719;79;4244.00;159
11453;77;627363491;11453;253;12171;12326;8.14;0.50;246.99;14.73;718;79;4245.00;155
11458;77;627363500;11458;254;12172;12326;8.03;0.49;247.01;14.73;714;79;4246.00;154
11460;77;627363510;11460;250;12172;12326;7.88;0.49;247.04;14.73;712;79;4247.00;154
11463;77;627363518;11463;258;12207;12396;7.73;0.48;247.03;14.71;744;79;4248.00;189
11469;77;627363533;11469;258;12207;12397;7.55;0.47;247.05;14.71;738;79;4249.00;190
11471;77;627363544;11471;255;12217;12397;7.55;0.47;247.04;14.71;746;79;4250.00;180
11478;77;627363557;11478;253;12222;12397;7.43;0.46;247.06;14.72;744;79;4251.00;175
11482;77;627363568;11482;253;12226;12397;7.40;0.46;247.06;14.71;744;79;4252.00;171
11485;77;627363586;11485;253;12227;12397;7.41;0.46;247.07;14.72;742;79;4253.00;170
11490;77;627363605;11490;252;12234;12397;7.35;0.45;247.10;14.72;744;79;4254.00;163
11493;77;627363623;11493;251;12236;12397;7.36;0.45;247.10;14.72;743;79;4255.00;161
11500;77;627363636;11500;251;12240;12398;7.37;0.45;247.09;14.73;740;79;4256.00;158
11501;77;627363651;11501;251;12243;12399;7.42;0.46;247.11;14.73;742;79;4257.00;156
11507;77;627363664;11507;252;12247;12399;7.44;0.46;247.13;14.73;740;79;4258.00;152
11513;77;627363676;11513;251;12254;12403;7.48;0.46;247.26;14.73;741;79;4259.00;149
11515;77;627363691;11515;248;12254;12403;7.53;0.46;247.23;14.73;739;79;4260.00;149
11518;77;627363702;11518;253;12255;12403;7.50;0.46;247.27;14.73;737;79;4261.00;148
11521;77;627363712;11521;259;12255;12403;7.51;0.46;247.27;14.73;734;79;4262.00;148
11524;77;627363724;11524;259;12258;12409;7.48;0.46;247.26;14.73;734;79;4263.00;151
11528;77;627363737;11528;264;12259;12409;7.47;0.46;247.27;14.73;731;79;4264.00;150
11532;77;627363749;11532;256;12259;12409;7.48;0.46;247.25;14.73;727;79;4265.00;150
11538;77;627363763;11538;255;12262;12412;7.50;0.46;247.24;14.72;724;79;4266.00;150
11541;77;627363780;11541;255;12262;12412;7.56;0.46;247.25;14.72;721;79;4267.00;150
11543;77;627363793;11543;254;12263;12412;7.63;0.47;247.24;14.72;720;79;4268.00;149
11549;77;627363810;11549;253;12264;12413;7.71;0.47;247.19;14.73;715;79;4269.00;149
11553;77;627363823;11553;254;12265;12414;7.79;0.48;247.19;14.72;712;79;4270.00;149
11555;77;627363848;11555;249;12268;12414;7.87;0.48;247.18;14.72;713;79;4271.00;146
11557;77;627363870;11557;237;12282;12427;8.02;0.49;247.18;14.85;725;79;4272.00;145
11565;77;627363883;11565;232;12282;12427;7.97;0.49;247.16;14.85;717;79;4273.00;145
11570;77;627363895;11570;233;12282;12427;7.99;0.49;247.15;14.85;712;79;4274.00;145
11573;77;627363906;11573;235;12284;12429;8.12;0.50;247.18;14.85;711;79;4275.00;145
11581;77;627363917;11581;234;12285;12429;8.12;0.50;247.13;14.85;704;79;4276.00;144
11586;77;627363928;11586;236;12288;12433;8.18;0.50;247.13;14.85;702;79;4277.00;145
11589;77;627363940;11589;236;12288;12433;8.23;0.50;247.12;14.85;699;79;4278.00;145
11593;77;627363950;11593;240;12291;12437;8.34;0.51;247.16;14.85;698;79;4279.00;146
11598;77;627363961;11598;241;12293;12437;8.26;0.50;247.24;14.84;695;79;4280.00;144
11602;77;627363972;11602;240;12293;12437;8.23;0.50;247.27;14.84;691;79;4281.00;144
11603;77;627363983;11603;244;12293;12437;8.32;0.51;247.25;14.84;690;79;4282.00;144
11608;77;627363993;11608;243;12293;12437;8.30;0.50;247.23;14.84;685;79;4283.00;144
11610;77;627364003;11610;254;12304;12449;8.43;0.51;247.25;14.83;694;79;4284.00;145
11613;77;627364014;11613;261;12304;12449;8.43;0.51;247.27;14.83;691;79;4285.00;145
11616;77;627364024;11616;264;12304;12449;8.46;0.52;247.28;14.83;688;79;4286.00;145
11618;77;627364035;11618;273;12304;12449;8.41;0.51;247.28;14.83;686;79;4287.00;145
11619;77;627364045;11619;281;12304;12449;8.35;0.51;247.29;14.83;685;79;4288.00;145
11621;77;627364055;11621;287;12304;12449;8.25;0.50;247.29;14.83;683;79;4289.00;145
11624;77;627364067;11624;293;12304;12450;8.12;0.50;247.30;14.83;680;79;4290.00;146
11627;77;627364077;11627;301;12304;12450;8.02;0.49;247.29;14.83;677;79;4291.00;146
11631;77;627364086;11631;306;12308;12456;7.98;0.49;247.26;14.83;677;79;4292.00;148
11633;77;627364096;11633;312;12310;12457;7.91;0.48;247.26;14.82;677;79;4293.00;147
11635;77;627364105;11635;313;12310;12457;7.85;0.48;247.25;14.82;675;79;4294.00;147
11637;77;627364115;11637;322;12310;12457;7.76;0.47;247.30;14.82;673;79;4295.00;147
11639;77;627364124;11639;322;12313;12461;7.65;0.47;247.29;14.82;674;79;4296.00;148
11641;77;627364134;11641;313;12313;12461;7.63;0.46;247.30;14.82;672;79;4297.00;148
11643;77;627364143;11643;308;12313;12461;7.55;0.46;247.29;14.82;670;79;4298.00;148
11645;77;627364152;11645;303;12314;12462;7.53;0.46;247.28;14.82;669;79;4299.00;148
11647;77;627364163;11647;305;12317;12466;7.57;0.46;247.26;14.82;670;79;4300.00;149
11650;77;627364178;11650;304;12317;12466;7.56;0.46;247.22;14.82;667;79;4301.00;149
11653;77;627364188;11653;301;12319;12469;7.62;0.46;247.24;14.81;666;79;4302.00;150
11656;77;627364198;11656;303;12319;12469;7.57;0.46;247.22;14.81;663;79;4303.00;150
11658;77;627364208;11658;303;12320;12469;7.53;0.46;247.20;14.81;662;79;4304.00;149
11660;77;627364223;11660;305;12320;12469;7.53;0.46;247.20;14.81;660;79;4305.00;149
11662;77;627364233;11662;291;12323;12473;7.55;0.46;247.24;14.81;661;79;4306.00;150
11663;77;627364243;11663;282;12323;12473;7.56;0.46;247.23;14.81;660;79;4307.00;150
11664;77;627364253;11664;264;12324;12473;7.64;0.46;247.23;14.81;660;79;4308.00;149
11664;77;627364262;11664;253;12324;12473;7.64;0.47;247.23;14.81;660;79;4309.00;149
11665;77;627364272;11665;246;12324;12474;7.76;0.47;247.26;14.81;659;79;4310.00;150
11666;77;627364282;11666;235;12325;12475;7.89;0.48;247.25;14.81;659;79;4311.00;150
11668;77;627364292;11668;231;12325;12475;7.92;0.48;247.25;14.81;657;79;4312.00;150
11672;77;627364301;11672;225;12326;12476;7.99;0.49;247.24;14.81;654;79;4313.00;150
11673;77;627364312;11673;218;12326;12476;8.13;0.50;247.23;14.81;653;79;4314.00;150
11673;77;627364321;11673;217;12326;12476;8.27;0.50;247.23;14.81;653;79;4315.00;150
11674;77;627364331;11674;212;12326;12476;8.38;0.51;247.21;14.81;652;79;4316.00;150
11675;77;627364341;11675;215;12326;12476;8.45;0.52;247.21;14.81;651;79;4317.00;150
11676;77;627364350;11676;211;12326;12476;8.51;0.52;247.27;14.81;650;79;4318.00;150
11679;77;627364360;11679;209;12326;12476;8.63;0.53;247.27;14.81;647;79;4319.00;150
11681;77;627364371;11681;254;12436;12706;8.69;0.55;247.26;14.67;755;79;4320.00;270
11683;77;627364398;11683;241;12439;12707;8.85;0.55;247.26;14.67;756;79;4321.00;268
11686;77;627364409;11686;232;12449;12707;8.96;0.56;247.22;14.66;763;79;4322.00;258
11688;77;627364419;11688;212;12456;12707;9.09;0.57;247.22;14.65;768;79;4323.00;251
11688;77;627364429;11688;199;12463;12707;9.14;0.57;247.22;14.65;775;79;4324.00;244
11689;77;627364440;11689;195;12468;12707;9.22;0.57;247.21;14.64;779;79;4325.00;239
11689;77;627364450;11689;183;12474;12707;9.29;0.58;247.21;14.64;785;79;4326.00;233
11690;77;627364460;11690;182;12478;12707;9.38;0.58;247.20;14.64;788;79;4327.00;229
11692;77;627364472;11692;174;12481;12708;9.52;0.59;247.25;14.64;789;79;4328.00;227
11695;77;627364483;11695;172;12485;12709;9.62;0.60;247.24;14.63;790;79;4329.00;224
11695;77;627364512;11695;172;12489;12709;9.78;0.61;247.24;14.63;794;79;4330.00;220
11697;78;627364523;11697;173;12491;12710;9.91;0.61;247.24;14.63;794;80;4331.00;219
11699;78;627364547;11699;172;12495;12710;9.95;0.61;247.22;14.78;796;80;4332.00;215
11700;78;627364564;11700;176;12497;12710;10.05;0.62;247.22;14.78;797;80;4333.00;213
11700;78;627364576;11700;175;12500;12710;10.04;0.62;247.22;14.77;800;80;4334.00;210
11701;78;627364588;11701;176;12502;12714;10.06;0.62;247.22;14.77;801;80;4335.00;212
11704;78;627364600;11704;183;12505;12714;9.96;0.61;247.19;14.77;801;80;4336.00;209
11705;78;627364612;11705;188;12505;12714;9.99;0.61;247.18;14.77;800;80;4337.00;209
11705;78;627364624;11705;185;12509;12717;10.04;0.62;247.18;14.77;804;80;4338.00;208
11705;78;627364636;11705;178;12509;12717;10.10;0.62;247.18;14.77;804;80;4339.00;208
11706;78;627364650;11706;178;12512;12717;10.09;0.62;247.18;14.77;806;80;4340.00;205
11707;78;627364663;11707;174;12517;12721;10.12;0.62;247.17;14.77;810;80;4341.00;204
11710;78;627364675;11710;174;12520;12722;10.21;0.63;247.17;14.77;810;80;4342.00;202
11714;78;627364686;11714;175;12522;12722;10.27;0.63;247.14;14.77;808;80;4343.00;200
11717;78;627364698;11717;180;12523;12726;10.34;0.63;247.16;14.77;806;80;4344.00;203
11720;78;627364710;11720;181;12526;12726;10.41;0.64;247.16;14.77;806;80;4345.00;200
11722;78;627364722;11722;184;12527;12726;10.49;0.64;247.16;14.77;805;80;4346.00;199
11726;78;627364734;11726;187;12529;12727;10.50;0.64;247.16;14.91;803;80;4347.00;198
11727;78;627364748;11727;185;12529;12727;10.57;0.64;247.17;14.91;802;80;4348.00;198
11735;78;627364759;11735;185;12532;12733;10.59;0.64;247.17;14.91;797;80;4349.00;201
11737;78;627364773;11737;186;12533;12733;10.61;0.65;247.16;15.06;796;80;4350.00;200
11741;78;627364793;11741;184;12533;12734;10.58;0.64;247.21;15.06;792;80;4351.00;201
11748;78;627364811;11748;176;12535;12734;10.52;0.64;247.31;15.20;787;80;4352.00;199
11750;78;627364823;11750;176;12535;12734;10.45;0.64;247.34;15.20;785;80;4353.00;199
11754;78;627364834;11754;169;12537;12734;10.44;0.63;247.33;15.35;783;80;4354.00;197
11759;78;627364845;11759;168;12540;12734;10.52;0.64;247.37;15.37;781;80;4355.00;194
11761;78;627364859;11761;166;12551;12746;10.61;0.64;247.38;15.36;790;80;4356.00;195
11763;78;627364871;11763;160;12553;12746;10.66;0.65;247.37;15.50;790;80;4357.00;193
11766;78;627364883;11766;156;12553;12746;10.79;0.65;247.41;15.50;787;80;4358.00;193
11769;78;627364894;11769;153;12553;12746;10.86;0.66;247.43;15.50;784;80;4359.00;193
11770;78;627364906;11770;153;12554;12746;10.88;0.66;247.42;15.64;784;80;4360.00;192
11772;78;627364917;11772;150;12554;12746;11.00;0.67;247.42;15.64;782;80;4361.00;192
11777;78;627364929;11777;149;12557;12750;11.01;0.67;247.44;15.64;780;80;4362.00;193
11778;78;627364941;11778;148;12558;12750;11.11;0.67;247.45;15.79;780;80;4363.00;192
11781;78;627364952;11781;144;12560;12754;11.19;0.68;247.43;15.78;779;80;4364.00;194
11784;78;627364964;11784;139;12564;12756;11.23;0.68;247.43;15.78;780;80;4365.00;192
11785;78;627364982;11785;143;12565;12756;11.30;0.68;247.47;15.93;780;80;4366.00;191
11787;78;627364993;11787;143;12566;12756;11.28;0.68;247.47;15.93;779;80;4367.00;190
11788;78;627365006;11788;148;12574;12769;11.25;0.68;247.49;15.92;786;80;4368.00;195
11793;78;627365018;11793;149;12574;12769;11.24;0.68;247.53;15.92;781;80;4369.00;195
11794;78;627365030;11794;154;12576;12769;11.21;0.68;247.57;15.92;782;80;4370.00;193
11799;78;627365041;11799;155;12577;12770;11.16;0.68;247.59;15.92;778;80;4371.00;193
11801;78;627365053;11801;154;12578;12771;11.11;0.67;247.61;15.92;777;80;4372.00;193
11804;78;627365065;11804;158;12578;12771;11.11;0.67;247.63;15.92;774;80;4373.00;193
11807;78;627365076;11807;166;12581;12774;11.18;0.68;247.63;15.92;774;80;4374.00;193
11809;78;627365088;11809;162;12582;12774;11.22;0.68;247.63;15.92;773;80;4375.00;192
11810;78;627365105;11810;170;12583;12774;11.19;0.68;247.66;15.92;773;80;4376.00;191
11812;78;627365117;11812;174;12584;12774;11.17;0.68;247.66;15.93;772;80;4377.00;190
11816;78;627365128;11816;179;12588;12780;11.12;0.68;247.67;15.92;772;80;4378.00;192
11821;78;627365141;11821;185;12589;12780;11.06;0.67;247.69;15.93;768;80;4379.00;191
11823;78;627365154;11823;187;12592;12780;10.96;0.67;247.67;15.95;769;80;4380.00;188
11823;78;627365166;11823;187;12592;12780;10.85;0.66;247.67;15.95;769;80;4381.00;188
11827;78;627365177;11827;193;12596;12784;10.75;0.65;247.68;15.95;769;80;4382.00;188
11828;78;627365189;11828;201;12597;12785;10.70;0.65;247.67;15.95;769;80;4383.00;188
11830;78;627365200;11830;209;12599;12785;10.55;0.64;247.65;15.97;769;80;4384.00;186
11830;78;627365212;11830;211;12602;12786;10.44;0.64;247.65;15.99;772;80;4385.00;184
11833;78;627365223;11833;221;12605;12786;10.33;0.63;247.65;16.02;772;80;4386.00;181
11835;78;627365234;11835;222;12607;12786;10.29;0.63;247.65;16.03;772;80;4387.00;179
11841;78;627365245;11841;223;12607;12786;10.24;0.62;247.62;16.03;766;80;4388.00;179
11842;78;627365256;11842;230;12611;12786;10.14;0.62;247.61;16.07;769;80;4389.00;175
11847;78;627365267;11847;236;12612;12786;9.99;0.61;247.64;16.07;765;80;4390.00;174
11849;78;627365278;11849;244;12614;12786;9.86;0.60;247.62;16.09;765;80;4391.00;172
11851;78;627365288;11851;257;12648;12856;9.77;0.60;247.62;16.07;797;80;4392.00;208
11853;78;627365305;11853;259;12651;12857;9.70;0.59;247.64;16.08;798;80;4393.00;206
11856;78;627365316;11856;267;12662;12857;9.68;0.59;247.65;16.09;806;80;4394.00;195
11857;78;627365327;11857;270;12668;12857;9.55;0.58;247.64;16.10;811;80;4395.00;189
11859;78;627365338;11859;275;12676;12857;9.48;0.58;247.64;16.10;817;80;4396.00;181
11861;78;627365349;11861;276;12681;12857;9.32;0.57;247.63;16.11;820;80;4397.00;176
11864;78;627365359;11864;282;12687;12857;9.16;0.56;247.62;16.11;823;80;4398.00;170
11865;78;627365370;11865;283;12687;12857;9.12;0.56;247.61;16.11;822;80;4399.00;170
11866;78;627365381;11866;282;12691;12858;9.02;0.55;247.59;16.13;825;80;4400.00;167
11870;78;627365397;11870;281;12694;12859;8.90;0.54;247.57;16.12;824;80;4401.00;165
11873;78;627365413;11873;277;12696;12859;8.86;0.54;247.55;16.14;823;80;4402.00;163
11877;78;627365424;11877;274;12699;12863;8.74;0.53;247.51;16.14;822;80;4403.00;164
11879;78;627365436;11879;275;12700;12863;8.71;0.53;247.51;16.14;821;80;4404.00;163
11881;78;627365447;11881;273;12701;12863;8.73;0.53;247.50;16.15;820;80;4405.00;162
11883;78;627365458;11883;277;12702;12863;8.79;0.54;247.49;16.15;819;80;4406.00;161
11886;78;627365469;11886;273;12708;12869;8.84;0.54;247.47;16.16;822;80;4407.00;161
11889;78;627365481;11889;281;12708;12869;8.86;0.54;247.49;16.16;819;80;4408.00;161
11894;78;627365493;11894;281;12710;12869;8.79;0.54;247.48;16.17;816;80;4409.00;159
11896;78;627365506;11896;285;12716;12875;8.76;0.53;247.50;16.16;820;80;4410.00;159
11900;78;627365518;11900;285;12716;12875;8.77;0.53;247.56;16.16;816;80;4411.00;159
11903;78;627365530;11903;284;12718;12875;8.70;0.53;247.61;16.18;815;80;4412.00;157
11908;78;627365541;11908;287;12718;12876;8.53;0.52;247.62;16.18;810;80;4413.00;158
11911;78;627365552;11911;289;12720;12877;8.36;0.51;247.64;16.18;809;80;4414.00;157
11918;78;627365570;11918;290;12721;12877;8.18;0.50;247.70;16.19;803;80;4415.00;156
11922;78;627365581;11922;292;12731;12890;8.03;0.49;247.68;16.17;809;80;4416.00;159
11927;78;627365592;11927;288;12733;12890;7.90;0.48;247.65;16.18;806;80;4417.00;157
11931;78;627365603;11931;287;12734;12890;7.74;0.47;247.68;16.18;803;80;4418.00;156
11933;78;627365613;11933;287;12735;12891;7.58;0.46;247.68;16.18;802;80;4419.00;156
11939;78;627365622;11939;280;12737;12891;7.42;0.45;247.72;16.19;798;80;4420.00;154
11941;78;627365632;11941;276;12741;12895;7.32;0.45;247.72;16.18;800;80;4421.00;154
11947;78;627365643;11947;278;12741;12895;7.30;0.45;247.71;16.18;794;80;4422.00;154
11951;78;627365652;11951;280;12745;12899;7.30;0.45;247.73;16.19;794;80;4423.00;154
11956;78;627365662;11956;287;12747;12899;7.31;0.45;247.70;16.19;791;80;4424.00;152
11960;78;627365672;11960;285;12747;12899;7.36;0.45;247.72;16.19;787;80;4425.00;152
11961;78;627365682;11961;289;12749;12899;7.42;0.46;247.72;16.20;788;80;4426.00;150
11966;78;627365691;11966;281;12749;12899;7.43;0.46;247.75;16.20;783;80;4427.00;150
11971;78;627365702;11971;278;12761;12911;7.52;0.46;247.74;16.19;790;80;4428.00;150
11974;78;627365713;11974;269;12762;12911;7.53;0.46;247.75;16.19;788;80;4429.00;149
11977;78;627365722;11977;267;12763;12911;7.55;0.47;247.76;16.19;786;80;4430.00;148
11980;78;627365732;11980;262;12763;12911;7.61;0.47;247.78;16.19;783;80;4431.00;148
11982;78;627365741;11982;260;12763;12911;7.65;0.47;247.77;16.19;781;80;4432.00;148
11984;78;627365755;11984;258;12763;12911;7.69;0.47;247.76;16.19;779;80;4433.00;148
11987;78;627365771;11987;262;12763;12912;7.76;0.48;247.79;16.19;776;80;4434.00;149
11993;78;627365798;11993;257;12763;12912;7.83;0.48;247.83;16.19;770;80;4435.00;149
11997;78;627365813;11997;257;12767;12918;7.94;0.49;247.82;16.18;770;80;4436.00;151
12002;78;627365831;12002;257;12768;12919;7.90;0.48;247.82;16.18;766;80;4437.00;151
12006;78;627365855;12006;257;12769;12919;7.96;0.49;247.82;16.18;763;80;4438.00;150
12010;78;627365869;12010;260;12769;12919;7.91;0.48;247.77;16.18;759;80;4439.00;150
12012;78;627365881;12012;258;12773;12924;7.89;0.48;247.80;16.17;761;80;4440.00;151
12015;78;627365892;12015;259;12773;12924;7.88;0.48;247.78;16.17;758;80;4441.00;151
12017;78;627365903;12017;259;12773;12924;7.76;0.47;247.80;16.17;756;80;4442.00;151
12020;78;627365920;12020;266;12774;12925;7.75;0.47;247.79;16.17;754;80;4443.00;151
12021;78;627365931;12021;271;12777;12929;7.74;0.47;247.78;16.17;756;80;4444.00;152
12024;78;627365942;12024;271;12777;12929;7.70;0.47;247.76;16.17;753;80;4445.00;152
12028;78;627365954;12028;270;12779;12932;7.69;0.47;247.79;16.17;751;80;4446.00;153
12029;78;627365964;12029;274;12779;12932;7.64;0.47;247.81;16.17;750;80;4447.00;153
12033;78;627365975;12033;272;12780;12932;7.63;0.47;247.83;16.17;747;80;4448.00;152
12034;78;627365985;12034;275;12780;12932;7.61;0.47;247.86;16.17;746;80;4449.00;152
12037;78;627365994;12037;277;12783;12936;7.61;0.47;247.85;16.16;746;80;4450.00;153
12044;78;627366005;12044;271;12783;12936;7.58;0.46;247.84;16.16;739;80;4451.00;153
12050;78;627366023;12050;279;12784;12936;7.53;0.46;247.82;16.16;734;80;4452.00;152
12054;78;627366033;12054;282;12784;12936;7.44;0.46;247.80;16.16;730;80;4453.00;152
12061;78;627366041;12061;287;12784;12937;7.35;0.45;247.81;16.16;723;80;4454.00;153
12067;78;627366052;12067;292;12786;12939;7.32;0.45;247.76;16.16;719;80;4455.00;153
12072;78;627366062;12072;292;12786;12939;7.25;0.44;247.73;16.16;714;80;4456.00;153
12075;78;627366070;12075;294;12787;12940;7.24;0.44;247.75;16.16;712;80;4457.00;153
12081;78;627366080;12081;302;12787;12940;7.15;0.44;247.71;16.16;706;80;4458.00;153
12085;78;627366089;12085;309;12787;12940;7.01;0.43;247.71;16.16;702;80;4459.00;153
12092;78;627366098;12092;315;12787;12940;6.87;0.42;247.78;16.16;695;80;4460.00;153
12093;78;627366107;12093;320;12787;12940;6.85;0.42;247.78;16.16;694;80;4461.00;153
12095;78;627366116;12095;329;12787;12940;6.76;0.41;247.77;16.16;692;80;4462.00;153
12097;78;627366125;12097;333;12787;12940;6.72;0.41;247.77;16.16;690;80;4463.00;153
12100;78;627366133;12100;349;12853;13067;7.20;0.45;247.75;16.07;753;80;4464.00;214
12101;78;627366152;12101;351;12856;13068;7.16;0.45;247.75;16.07;755;80;4465.00;212
12105;78;627366161;12105;353;12867;13068;7.18;0.45;247.71;16.06;762;80;4466.00;201
12105;78;627366171;12105;342;12870;13068;7.23;0.45;247.71;16.06;765;80;4467.00;198
12106;78;627366181;12106;338;12874;13068;7.26;0.45;247.70;16.05;768;80;4468.00;194
12107;78;627366191;12107;332;12879;13068;7.34;0.45;247.70;16.05;772;80;4469.00;189
12107;78;627366203;12107;325;12884;13068;7.35;0.45;247.70;16.04;777;80;4470.00;184
12108;78;627366213;12108;330;12886;13068;7.35;0.45;247.70;16.04;778;80;4471.00;182
12109;78;627366223;12109;335;12891;13069;7.40;0.46;247.72;16.04;782;80;4472.00;178
12111;78;627366233;12111;340;12893;13070;7.35;0.45;247.70;16.04;782;80;4473.00;177
12111;78;627366243;12111;346;12896;13070;7.32;0.45;247.70;16.04;785;80;4474.00;174
12112;78;627366254;12112;331;12897;13071;7.33;0.45;247.70;16.04;785;80;4475.00;174
12112;79;627366264;12112;312;12899;13071;7.38;0.46;247.70;16.04;787;81;4476.00;172
12113;79;627366283;12113;289;12900;13071;7.53;0.46;247.69;16.03;787;81;4477.00;171
12114;79;627366295;12114;268;12901;13071;7.73;0.48;247.68;16.03;787;81;4478.00;170
12114;79;627366307;12114;249;12905;13075;7.99;0.49;247.68;16.03;791;81;4479.00;170
12115;79;627366319;12115;235;12906;13075;8.18;0.50;247.69;16.03;791;81;4480.00;169
12116;79;627366330;12116;226;12907;13075;8.42;0.52;247.69;16.03;791;81;4481.00;168
12117;79;627366343;12117;211;12910;13078;8.67;0.53;247.68;16.03;793;81;4482.00;168
12117;79;627366355;12117;203;12911;13078;8.90;0.54;247.68;16.03;794;81;4483.00;167
12118;80;627366367;12118;196;12912;13078;9.09;0.56;247.73;16.03;794;82;4484.00;166
12121;80;627366405;12121;191;12915;13082;9.24;0.57;247.71;16.03;794;82;4485.00;167
12122;80;627366421;12122;180;12917;13083;9.43;0.58;247.69;16.02;795;82;4486.00;166
12125;80;627366446;12125;169;12917;13083;9.62;0.59;247.67;16.02;792;82;4487.00;166
12126;80;627366459;12126;161;12921;13087;9.79;0.60;247.65;16.02;795;82;4488.00;166
12129;81;627366472;12129;156;12921;13087;9.95;0.61;247.68;16.02;792;83;4489.00;166
12133;81;627366502;12133;153;12921;13087;10.09;0.61;247.69;16.02;788;83;4490.00;166
12135;81;627366516;12135;147;12922;13088;10.27;0.63;247.66;16.02;787;83;4491.00;166
12135;81;627366528;12135;145;12922;13088;10.43;0.63;247.66;16.02;787;83;4492.00;166
12137;81;627366540;12137;138;12926;13094;10.50;0.64;247.65;16.01;789;83;4493.00;168
12138;81;627366553;12138;135;12926;13094;10.62;0.65;247.65;16.01;788;83;4494.00;168
12142;81;627366566;12142;134;12927;13095;10.75;0.65;247.64;16.01;785;83;4495.00;168
12146;81;627366577;12146;132;12927;13095;10.85;0.66;247.63;16.01;781;83;4496.00;168
12148;81;627366589;12148;134;12927;13095;10.96;0.67;247.67;16.01;779;83;4497.00;168
12153;81;627366601;12153;130;12927;13095;11.05;0.67;247.63;16.01;774;83;4498.00;168
12155;81;627366614;12155;126;12927;13095;11.07;0.67;247.63;16.01;772;83;4499.00;168
12158;81;627366628;12158;128;12949;13145;10.99;0.67;247.64;15.98;791;83;4500.00;196
12161;81;627366650;12161;122;12950;13147;11.02;0.67;247.62;15.98;789;83;4501.00;197
12165;81;627366668;12165;125;12953;13147;11.10;0.68;247.62;15.98;788;83;4502.00;194
12168;81;627366680;12168;129;12955;13147;11.12;0.68;247.64;15.98;787;83;4503.00;192
12171;81;627366692;12171;130;12956;13147;11.21;0.68;247.68;15.98;785;83;4504.00;191
12172;81;627366711;12172;130;12956;13147;11.28;0.69;247.67;15.98;784;83;4505.00;191
12175;81;627366724;12175;132;12960;13151;11.36;0.69;247.70;15.97;785;83;4506.00;191
12178;81;627366736;12178;130;12961;13151;11.44;0.70;247.74;15.97;783;83;4507.00;190
12182;81;627366749;12182;133;12964;13155;11.50;0.70;247.74;15.97;782;83;4508.00;191
12186;81;627366762;12186;134;12966;13156;11.64;0.71;247.77;15.97;780;83;4509.00;190
12189;81;627366775;12189;136;12967;13156;11.72;0.71;247.79;15.97;778;83;4510.00;189
12194;81;627366794;12194;131;12967;13156;11.76;0.72;247.75;15.97;773;83;4511.00;189
12198;81;627366806;12198;132;12974;13169;11.67;0.71;247.74;15.96;776;83;4512.00;195
12202;81;627366818;12202;135;12974;13169;11.63;0.71;247.79;15.96;772;83;4513.00;195
12205;81;627366829;12205;137;12974;13169;11.63;0.71;247.79;15.96;769;83;4514.00;195
12207;81;627366840;12207;143;12976;13170;11.64;0.71;247.82;15.96;769;83;4515.00;194
12210;81;627366851;12210;145;12977;13171;11.64;0.71;247.83;15.96;767;83;4516.00;194
12214;81;627366863;12214;143;12977;13171;11.67;0.71;247.83;15.96;763;83;4517.00;194
12220;81;627366874;12220;146;12979;13174;11.67;0.71;247.84;15.96;759;83;4518.00;195
12222;81;627366886;12222;146;12979;13174;11.70;0.71;247.85;15.96;757;83;4519.00;195
12228;81;627366897;12228;144;12979;13174;11.70;0.71;247.87;15.96;751;83;4520.00;195
12232;81;627366908;12232;145;12980;13174;11.67;0.71;247.89;15.96;748;83;4521.00;194
12236;81;627366919;12236;145;12984;13180;11.64;0.71;247.91;15.95;748;83;4522.00;196
12236;81;627366930;12236;138;12984;13180;11.70;0.71;247.91;15.95;748;83;4523.00;196
12239;81;627366941;12239;136;12984;13180;11.65;0.71;247.97;15.95;745;83;4524.00;196
12245;81;627366952;12245;133;12985;13180;11.64;0.71;247.95;15.97;740;83;4525.00;195
12247;81;627366964;12247;127;12988;13184;11.59;0.71;247.94;15.96;741;83;4526.00;196
12252;81;627366975;12252;126;12991;13185;11.56;0.70;247.95;15.96;739;83;4527.00;194
12256;81;627366987;12256;118;12991;13185;11.59;0.70;247.93;15.96;735;83;4528.00;194
12261;81;627367003;12261;116;12993;13186;11.61;0.70;247.97;16.12;732;83;4529.00;193
12264;81;627367018;12264;111;12993;13186;11.58;0.70;247.98;16.12;729;83;4530.00;193
12266;81;627367029;12266;112;12993;13186;11.67;0.71;247.96;16.12;727;83;4531.00;193
12269;81;627367040;12269;112;12993;13186;11.76;0.71;247.98;16.12;724;83;4532.00;193
12270;81;627367050;12270;114;12995;13186;11.81;0.72;247.96;16.12;725;83;4533.00;191
12274;82;627367061;12274;116;12995;13186;11.83;0.72;247.95;16.12;721;84;4534.00;191
12277;82;627367090;12277;118;12996;13186;11.83;0.72;247.95;16.12;719;84;4535.00;190
12280;82;627367101;12280;126;13033;13256;11.69;0.71;247.94;16.07;753;84;4536.00;223
12280;82;627367118;12280;125;13035;13257;11.66;0.71;247.94;16.07;755;84;4537.00;222
12283;82;627367130;12283;128;13040;13257;11.63;0.71;247.94;16.07;757;84;4538.00;217
12285;82;627367141;12285;133;13045;13257;11.63;0.71;247.96;16.07;760;84;4539.00;212
12290;82;627367153;12290;131;13049;13257;11.63;0.71;247.93;16.07;759;84;4540.00;208
12292;82;627367164;12292;137;13051;13257;11.67;0.71;247.94;16.07;759;84;4541.00;206
12295;82;627367176;12295;139;13056;13257;11.71;0.71;247.97;16.07;761;84;4542.00;201
12297;82;627367187;12297;142;13059;13257;11.69;0.71;247.97;16.06;762;84;4543.00;198
12301;82;627367204;12301;144;13062;13258;11.60;0.71;247.97;16.06;761;84;4544.00;196
12302;82;627367216;12302;150;13067;13260;11.55;0.71;247.95;16.07;765;84;4545.00;193
12304;82;627367227;12304;152;13069;13260;11.50;0.70;247.94;16.07;765;84;4546.00;191
12306;82;627367242;12306;155;13074;13264;11.32;0.69;247.92;16.07;768;84;4547.00;190
12311;82;627367254;12311;160;13074;13264;11.26;0.69;247.90;16.07;763;84;4548.00;190
12316;82;627367265;12316;166;13074;13264;11.10;0.68;247.91;16.07;758;84;4549.00;190
12318;82;627367277;12318;171;13076;13264;10.96;0.67;247.91;16.08;758;84;4550.00;188
12322;82;627367289;12322;176;13081;13270;10.81;0.66;247.91;16.09;759;84;4551.00;189
12325;82;627367301;12325;185;13081;13270;10.73;0.65;247.89;16.09;756;84;4552.00;189
12325;82;627367312;12325;191;13083;13270;10.57;0.64;247.89;16.10;758;84;4553.00;187
12328;82;627367323;12328;191;13086;13273;10.48;0.64;247.89;16.11;758;84;4554.00;187
12332;82;627367334;12332;198;13088;13273;10.40;0.63;247.90;16.12;756;84;4555.00;185
12335;82;627367345;12335;205;13089;13273;10.34;0.63;247.91;16.13;754;84;4556.00;184
12337;82;627367356;12337;208;13091;13274;10.23;0.62;247.91;16.14;754;84;4557.00;183
12340;82;627367366;12340;214;13093;13275;10.14;0.62;247.94;16.15;753;84;4558.00;182
12343;82;627367378;12343;221;13095;13275;10.04;0.61;247.90;16.16;752;84;4559.00;180
12346;82;627367390;12346;225;13112;13301;9.90;0.60;247.90;16.15;766;84;4560.00;189
12353;82;627367402;12353;230;13115;13301;9.88;0.60;247.86;16.15;762;84;4561.00;186
12355;82;627367412;12355;239;13120;13301;9.86;0.60;247.90;16.17;765;84;4562.00;181
12360;82;627367422;12360;251;13121;13302;9.75;0.59;247.89;16.17;761;84;4563.00;181
12361;82;627367432;12361;252;13123;13302;9.74;0.59;247.91;16.18;762;84;4564.00;179
12364;82;627367442;12364;256;13126;13306;9.63;0.59;247.91;16.19;762;84;4565.00;180
12367;82;627367452;12367;259;13127;13306;9.46;0.58;247.91;16.19;760;84;4566.00;179
12371;82;627367463;12371;267;13131;13310;9.24;0.56;247.92;16.19;760;84;4567.00;179
12377;82;627367473;12377;268;13133;13310;8.97;0.55;247.89;16.20;756;84;4568.00;177
12379;82;627367483;12379;264;13136;13310;8.82;0.54;247.88;16.22;757;84;4569.00;174
12381;82;627367493;12381;262;13137;13310;8.72;0.53;247.88;16.22;756;84;4570.00;173
12383;82;627367501;12383;258;13139;13310;8.59;0.53;247.88;16.24;756;84;4571.00;171
12384;82;627367511;12384;256;13151;13322;8.56;0.53;247.87;16.22;767;84;4572.00;171
12386;82;627367521;12386;257;13151;13322;8.45;0.52;247.87;16.22;765;84;4573.00;171
12389;82;627367530;12389;258;13153;13322;8.35;0.51;247.88;16.23;764;84;4574.00;169
12391;82;627367545;12391;260;13154;13322;8.28;0.51;247.87;16.23;763;84;4575.00;168
12393;82;627367554;12393;262;13156;13322;8.18;0.50;247.86;16.25;763;84;4576.00;166
12394;82;627367563;12394;265;13156;13322;8.15;0.50;247.86;16.25;762;84;4577.00;166
12397;82;627367572;12397;264;13157;13323;8.03;0.49;247.86;16.26;760;84;4578.00;166
12398;82;627367581;12398;270;13158;13323;7.90;0.48;247.85;16.26;760;84;4579.00;165
12401;82;627367596;12401;274;13163;13329;7.84;0.48;247.87;16.25;762;84;4580.00;166
12402;82;627367606;12402;283;13165;13330;7.69;0.47;247.86;16.26;763;84;4581.00;165
12407;82;627367615;12407;284;13166;13330;7.62;0.47;247.83;16.26;759;84;4582.00;164
12411;82;627367624;12411;292;13167;13330;7.54;0.46;247.81;16.27;756;84;4583.00;163
12415;82;627367633;12415;291;13170;13334;7.51;0.46;247.76;16.27;755;84;4584.00;164
12418;82;627367642;12418;297;13171;13334;7.42;0.46;247.76;16.28;753;84;4585.00;163
12419;82;627367651;12419;304;13171;13334;7.35;0.45;247.75;16.28;752;84;4586.00;163
12421;82;627367660;12421;312;13172;13335;7.18;0.44;247.76;16.28;751;84;4587.00;163
12421;82;627367668;12421;317;13176;13339;7.00;0.43;247.76;16.28;755;84;4588.00;163
12423;82;627367676;12423;321;13178;13339;6.84;0.42;247.77;16.30;755;84;4589.00;161
12426;82;627367685;12426;316;13182;13345;6.83;0.42;247.76;16.31;756;84;4590.00;163
12428;82;627367695;12428;312;13182;13345;6.76;0.41;247.76;16.31;754;84;4591.00;163
12431;82;627367703;12431;311;13184;13345;6.68;0.41;247.77;16.32;753;84;4592.00;161
12435;82;627367711;12435;306;13185;13345;6.66;0.41;247.80;16.33;750;84;4593.00;160
12438;82;627367720;12438;307;13188;13349;6.70;0.41;247.76;16.32;750;84;4594.00;161
12440;82;627367729;12440;303;13189;13349;6.76;0.41;247.79;16.33;749;84;4595.00;160
12443;82;627367737;12443;298;13191;13349;6.75;0.41;247.81;16.34;748;84;4596.00;158
12446;82;627367746;12446;291;13191;13349;6.80;0.42;247.88;16.34;745;84;4597.00;158
12447;82;627367758;12447;283;13193;13350;6.85;0.42;247.87;16.35;746;84;4598.00;157
12450;82;627367772;12450;283;13194;13351;6.91;0.42;247.86;16.35;744;84;4599.00;157
12452;82;627367788;12452;282;13195;13351;6.95;0.43;247.83;16.35;743;84;4600.00;156
12455;82;627367812;12455;277;13196;13352;6.97;0.43;247.83;16.34;741;84;4601.00;156
12459;82;627367825;12459;281;13196;13352;7.02;0.43;247.79;16.34;737;84;4602.00;156
12462;82;627367838;12462;285;13196;13352;7.09;0.43;247.76;16.34;734;84;4603.00;156
12466;82;627367851;12466;290;13196;13352;7.04;0.43;247.74;16.34;730;84;4604.00;156
12470;82;627367864;12470;289;13196;13352;7.01;0.43;247.76;16.34;726;84;4605.00;156
12472;82;627367876;12472;289;13196;13352;6.95;0.42;247.74;16.34;724;84;4606.00;156
12476;82;627367885;12476;288;13196;13352;6.87;0.42;247.72;16.34;720;84;4607.00;156
12480;82;627367901;12480;286;13258;13479;7.33;0.46;247.71;16.27;778;84;4608.00;221
12483;82;627367922;12483;290;13260;13480;7.29;0.45;247.69;16.27;777;84;4609.00;220
12488;82;627367933;12488;289;13268;13480;7.30;0.45;247.70;16.26;780;84;4610.00;212
12490;82;627367942;12490;289;13273;13480;7.25;0.45;247.69;16.25;783;84;4611.00;207
12491;82;627367952;12491;292;13279;13480;7.27;0.45;247.67;16.25;788;84;4612.00;201
12496;82;627367961;12496;293;13285;13480;7.23;0.45;247.68;16.24;789;84;4613.00;195
12498;82;627367973;12498;296;13291;13480;7.23;0.45;247.65;16.24;793;84;4614.00;189
12500;82;627367982;12500;298;13295;13480;7.19;0.44;247.66;16.23;795;84;4615.00;185
12503;82;627367992;12503;295;13299;13481;7.13;0.44;247.65;16.23;796;84;4616.00;182
12504;82;627368002;12504;301;13303;13482;7.07;0.44;247.66;16.23;799;84;4617.00;179
12506;82;627368012;12506;310;13306;13482;7.03;0.43;247.69;16.23;800;84;4618.00;176
12512;82;627368022;12512;313;13307;13483;6.99;0.43;247.75;16.23;795;84;4619.00;176
12516;82;627368035;12516;315;13309;13483;6.97;0.43;247.80;16.23;793;84;4620.00;174
12522;82;627368045;12522;324;13310;13483;6.98;0.43;247.78;16.23;788;84;4621.00;173
12525;82;627368055;12525;329;13311;13483;6.99;0.43;247.76;16.23;786;84;4622.00;172
12530;82;627368065;12530;333;13314;13487;6.96;0.43;247.77;16.22;784;84;4623.00;173
12533;82;627368075;12533;336;13316;13487;6.98;0.43;247.77;16.22;783;84;4624.00;171
12535;82;627368085;12535;342;13317;13487;6.99;0.43;247.79;16.22;782;84;4625.00;170
12540;82;627368102;12540;347;13320;13490;7.02;0.43;247.81;16.22;780;84;4626.00;170
12541;82;627368112;12541;337;13322;13490;7.06;0.43;247.82;16.22;781;84;4627.00;168
12545;82;627368122;12545;321;13323;13490;7.08;0.43;247.82;16.22;778;84;4628.00;167
12547;82;627368133;12547;313;13326;13494;7.16;0.44;247.85;16.21;779;84;4629.00;168
12550;82;627368143;12550;309;13327;13495;7.21;0.44;247.83;16.21;777;84;4630.00;168
12554;82;627368154;12554;306;13327;13495;7.26;0.45;247.83;16.21;773;84;4631.00;168
12556;83;627368165;12556;302;13330;13499;7.38;0.45;247.82;16.21;774;85;4632.00;169
12560;83;627368188;12560;301;13330;13499;7.40;0.45;247.82;16.21;770;85;4633.00;169
12564;83;627368199;12564;299;13330;13499;7.44;0.46;247.82;16.21;766;85;4634.00;169
12567;83;627368217;12567;294;13332;13501;7.58;0.46;247.80;16.21;765;85;4635.00;169
12568;83;627368235;12568;291;13332;13501;7.65;0.47;247.81;16.21;764;86;4636.00;169
12571;83;627368258;12571;276;13336;13507;7.77;0.47;247.82;16.20;765;86;4637.00;171
12573;83;627368270;12573;264;13336;13507;7.83;0.48;247.78;16.20;763;86;4638.00;171
12574;83;627368282;12574;259;13337;13508;7.98;0.49;247.78;16.20;763;86;4639.00;171
12576;83;627368294;12576;252;13337;13508;8.07;0.49;247.74;16.20;761;86;4640.00;171
12579;83;627368306;12579;248;13337;13508;8.16;0.50;247.73;16.20;758;86;4641.00;171
12580;83;627368318;12580;244;13337;13508;8.25;0.50;247.74;16.20;757;86;4642.00;171
12585;83;627368335;12585;237;13337;13508;8.30;0.50;247.76;16.20;752;86;4643.00;171
12585;83;627368347;12585;236;13347;13520;8.52;0.52;247.76;16.19;762;86;4644.00;173
12586;83;627368360;12586;233;13348;13520;8.70;0.53;247.75;16.19;762;86;4645.00;172
12588;83;627368371;12588;216;13348;13520;8.87;0.54;247.73;16.19;760;86;4646.00;172
12591;83;627368391;12591;194;13348;13520;9.05;0.55;247.72;16.19;757;86;4647.00;172
12592;83;627368403;12592;181;13348;13520;9.19;0.56;247.71;16.19;756;86;4648.00;172
12594;83;627368414;12594;168;13348;13520;9.38;0.57;247.74;16.19;754;86;4649.00;172
12596;83;627368434;12596;163;13353;13526;9.53;0.58;247.75;16.18;757;86;4650.00;173
12600;83;627368446;12600;152;13353;13526;9.62;0.58;247.78;16.18;753;86;4651.00;173
12600;83;627368459;12600;152;13356;13530;9.81;0.59;247.78;16.18;756;86;4652.00;174
12604;83;627368474;12604;143;13358;13531;9.90;0.60;247.79;16.18;754;86;4653.00;173
12605;83;627368486;12605;144;13358;13531;10.07;0.61;247.79;16.18;753;86;4654.00;173
12607;83;627368498;12607;139;13358;13531;10.17;0.62;247.81;16.18;751;86;4655.00;173
12611;83;627368511;12611;134;13369;13544;10.25;0.62;247.86;16.16;758;86;4656.00;175
12613;83;627368524;12613;133;13369;13544;10.40;0.63;247.85;16.16;756;86;4657.00;175
12619;83;627368537;12619;127;13369;13544;10.48;0.64;247.89;16.16;750;86;4658.00;175
12622;83;627368552;12622;128;13370;13545;10.61;0.64;247.92;16.16;748;86;4659.00;175
12625;83;627368566;12625;129;13370;13546;10.71;0.65;247.91;16.16;745;86;4660.00;176
12626;83;627368579;12626;134;13370;13546;10.77;0.65;247.93;16.16;744;86;4661.00;176
12632;83;627368592;12632;132;13372;13549;10.90;0.66;247.94;16.16;740;86;4662.00;177
12637;83;627368604;12637;132;13372;13549;11.02;0.67;247.98;16.16;735;86;4663.00;177
12640;83;627368616;12640;131;13373;13549;11.12;0.67;248.03;16.16;733;86;4664.00;176
12645;83;627368628;12645;130;13373;13549;11.20;0.68;248.04;16.16;728;86;4665.00;176
12649;83;627368641;12649;128;13377;13555;11.23;0.68;248.04;16.15;728;86;4666.00;178
12651;83;627368654;12651;131;13377;13555;11.24;0.68;248.05;16.15;726;86;4667.00;178
12654;83;627368665;12654;126;13378;13555;11.29;0.68;248.08;16.15;724;86;4668.00;177
12656;83;627368683;12656;125;13378;13555;11.38;0.69;248.08;16.15;722;86;4669.00;177
12657;83;627368695;12657;123;13381;13559;11.46;0.69;248.09;16.15;724;86;4670.00;178
12657;83;627368707;12657;123;13382;13560;11.52;0.70;248.09;16.15;725;86;4671.00;178
12659;83;627368726;12659;123;13382;13560;11.63;0.70;248.14;16.15;723;86;4672.00;178
12661;83;627368737;12661;127;13383;13561;11.72;0.71;248.12;16.15;722;86;4673.00;178
12663;83;627368749;12663;127;13383;13561;11.78;0.71;248.15;16.15;720;86;4674.00;178
12663;83;627368765;12663;128;13383;13561;11.79;0.72;248.15;16.15;720;86;4675.00;178
12668;83;627368782;12668;126;13383;13561;11.75;0.71;248.16;16.15;715;86;4676.00;178
12672;83;627368801;12672;120;13383;13561;11.82;0.72;248.21;16.15;711;86;4677.00;178
12673;83;627368813;12673;121;13383;13561;11.89;0.72;248.23;16.15;710;86;4678.00;178
12676;83;627368827;12676;117;13383;13561;11.92;0.72;248.24;16.15;707;86;4679.00;178
12678;83;627368844;12678;137;13448;13686;11.54;0.71;248.26;16.07;770;86;4680.00;238
12681;83;627368868;12681;129;13448;13687;11.58;0.71;248.23;16.07;767;86;4681.00;239
12683;83;627368882;12683;124;13456;13687;11.68;0.72;248.25;16.06;773;86;4682.00;231
12685;83;627368895;12685;125;13460;13687;11.83;0.72;248.27;16.06;775;86;4683.00;227
12688;83;627368908;12688;126;13467;13687;11.82;0.72;248.29;16.21;779;86;4684.00;220
12691;83;627368922;12691;131;13471;13687;11.89;0.73;248.33;16.21;780;86;4685.00;216
12694;83;627368938;12694;137;13474;13687;11.90;0.73;248.36;16.21;780;86;4686.00;213
12698;83;627368950;12698;137;13476;13687;11.93;0.73;248.37;16.20;778;86;4687.00;211
12704;83;627368961;12704;145;13478;13688;11.91;0.73;248.41;16.20;774;86;4688.00;210
12706;83;627368974;12706;147;13478;13689;11.96;0.73;248.42;16.20;772;86;4689.00;211
12709;83;627368986;12709;146;13480;13689;11.98;0.73;248.44;16.20;771;86;4690.00;209
12714;83;627368997;12714;148;13484;13693;11.89;0.73;248.46;16.20;770;86;4691.00;209
12720;83;627369009;12720;148;13485;13693;11.79;0.72;248.47;16.20;765;86;4692.00;208
12725;83;627369021;12725;138;13485;13693;11.69;0.71;248.47;16.20;760;86;4693.00;208
12729;83;627369037;12729;134;13487;13693;11.56;0.70;248.51;16.21;758;86;4694.00;206
12734;83;627369050;12734;134;13490;13699;11.44;0.70;248.50;16.22;756;86;4695.00;209
12737;83;627369062;12737;131;13491;13699;11.45;0.70;248.51;16.22;754;86;4696.00;208
12741;83;627369073;12741;131;13491;13699;11.45;0.70;248.52;16.22;750;86;4697.00;208
12744;83;627369085;12744;134;13494;13702;11.42;0.69;248.53;16.22;750;86;4698.00;208
12750;83;627369096;12750;127;13495;13702;11.44;0.69;248.55;16.38;745;86;4699.00;207
12755;83;627369109;12755;125;13496;13702;11.46;0.70;248.55;16.38;741;86;4700.00;206
12758;83;627369123;12758;124;13497;13703;11.53;0.70;248.59;16.38;739;86;4701.00;206
12761;83;627369136;12761;123;13499;13704;11.63;0.71;248.57;16.37;738;86;4702.00;205
12763;83;627369148;12763;127;13500;13704;11.66;0.71;248.58;16.37;737;86;4703.00;204
12764;83;627369159;12764;129;13509;13717;11.67;0.71;248.58;16.36;745;86;4704.00;208
12771;83;627369173;12771;128;13509;13717;11.75;0.72;248.60;16.36;738;86;4705.00;208
12773;83;627369184;12773;132;13510;13717;11.84;0.72;248.60;16.36;737;86;4706.00;207
12778;83;627369196;12778;140;13512;13718;11.83;0.72;248.63;16.52;734;86;4707.00;206
12785;83;627369213;12785;139;13512;13718;11.78;0.71;248.64;16.52;727;86;4708.00;206
12785;83;627369225;12785;142;13514;13722;11.80;0.72;248.64;16.52;729;86;4709.00;208
12789;83;627369244;12789;144;13517;13722;11.76;0.71;248.69;16.52;728;86;4710.00;205
12791;83;627369255;12791;147;13522;13726;11.75;0.71;248.70;16.52;731;86;4711.00;204
12791;83;627369267;12791;151;13523;13726;11.76;0.71;248.70;16.52;732;86;4712.00;203
12792;84;627369277;12792;152;13523;13726;11.67;0.71;248.69;16.52;731;87;4713.00;203
12796;84;627369304;12796;152;13523;13726;11.63;0.71;248.69;16.52;727;87;4714.00;203
12798;84;627369315;12798;159;13524;13726;11.53;0.70;248.72;16.52;726;87;4715.00;202
12801;84;627369325;12801;166;13535;13738;11.45;0.70;248.70;16.51;734;87;4716.00;203
12805;84;627369338;12805;167;13537;13738;11.32;0.69;248.68;16.51;732;87;4717.00;201
12807;84;627369350;12807;172;13537;13738;11.29;0.69;248.69;16.51;730;87;4718.00;201
12809;84;627369361;12809;181;13538;13738;11.20;0.68;248.68;16.53;729;87;4719.00;200
12812;84;627369372;12812;189;13539;13738;11.12;0.68;248.68;16.54;727;87;4720.00;199
12814;84;627369383;12814;193;13540;13738;11.02;0.67;248.70;16.54;726;87;4721.00;198
12816;84;627369394;12816;194;13541;13739;10.90;0.66;248.70;16.55;725;87;4722.00;198
12819;84;627369404;12819;194;13543;13739;10.80;0.66;248.70;16.56;724;87;4723.00;196
12822;84;627369416;12822;193;13548;13745;10.79;0.66;248.71;16.57;726;87;4724.00;197
12824;84;627369428;12824;196;13551;13747;10.64;0.65;248.73;16.57;727;87;4725.00;196
12827;84;627369438;12827;204;13553;13747;10.63;0.65;248.70;16.59;726;87;4726.00;194
12828;84;627369449;12828;210;13554;13747;10.54;0.64;248.69;16.59;726;87;4727.00;193
12832;84;627369459;12832;215;13558;13751;10.42;0.64;248.68;16.60;726;87;4728.00;193
12833;84;627369470;12833;222;13558;13751;10.31;0.63;248.68;16.60;725;87;4729.00;193
12834;84;627369479;12834;227;13559;13751;10.25;0.63;248.68;16.60;725;87;4730.00;192
12835;84;627369489;12835;225;13561;13752;10.10;0.62;248.67;16.62;726;87;4731.00;191
12836;84;627369505;12836;231;13564;13756;10.01;0.61;248.67;16.61;728;87;4732.00;192
12836;84;627369516;12836;236;13565;13756;9.94;0.61;248.67;16.61;729;87;4733.00;191
12838;84;627369526;12838;243;13569;13759;9.90;0.61;248.65;16.63;731;87;4734.00;190
12839;84;627369536;12839;248;13570;13759;9.86;0.61;248.64;16.63;731;87;4735.00;189
12840;84;627369545;12840;254;13572;13759;9.77;0.60;248.64;16.66;732;87;4736.00;187
12846;84;627369555;12846;262;13572;13759;9.69;0.59;248.59;16.66;726;87;4737.00;187
12850;84;627369565;12850;264;13575;13763;9.61;0.59;248.65;16.65;725;87;4738.00;188
12853;84;627369575;12853;263;13577;13763;9.50;0.58;248.63;16.68;724;87;4739.00;186
12853;84;627369586;12853;262;13578;13763;9.41;0.58;248.63;16.68;725;87;4740.00;185
12856;84;627369596;12856;256;13580;13763;9.28;0.57;248.64;16.70;724;87;4741.00;183
12857;84;627369605;12857;255;13581;13764;9.16;0.56;248.64;16.71;724;87;4742.00;183
12859;84;627369614;12859;259;13583;13765;9.02;0.55;248.61;16.72;724;87;4743.00;182
12862;84;627369624;12862;260;13583;13765;8.86;0.54;248.60;16.72;721;87;4744.00;182
12865;84;627369633;12865;262;13584;13766;8.75;0.54;248.60;16.72;719;87;4745.00;182
12867;84;627369642;12867;261;13586;13766;8.63;0.53;248.58;16.74;719;87;4746.00;180
12869;84;627369650;12869;265;13587;13766;8.54;0.52;248.56;16.75;718;87;4747.00;179
12872;84;627369659;12872;265;13588;13766;8.45;0.52;248.52;16.76;716;87;4748.00;178
12878;84;627369667;12878;266;13588;13766;8.29;0.51;248.49;16.76;710;87;4749.00;178
12880;84;627369676;12880;273;13588;13766;8.20;0.50;248.47;16.76;708;87;4750.00;178
12884;84;627369690;12884;278;13590;13766;8.05;0.49;248.46;16.78;706;87;4751.00;176
12886;84;627369698;12886;300;13652;13893;8.22;0.51;248.46;16.71;766;87;4752.00;241
12890;84;627369717;12890;299;13652;13894;8.06;0.50;248.45;16.71;762;87;4753.00;242
12893;84;627369726;12893;295;13666;13894;8.09;0.50;248.46;16.71;773;87;4754.00;228
12896;84;627369735;12896;298;13671;13894;8.00;0.50;248.46;16.71;775;87;4755.00;223
12900;84;627369744;12900;297;13677;13894;7.88;0.49;248.43;16.70;777;87;4756.00;217
12905;84;627369756;12905;305;13685;13894;7.64;0.48;248.46;16.72;780;87;4757.00;209
12909;84;627369769;12909;304;13691;13894;7.40;0.46;248.44;16.71;782;87;4758.00;203
12912;84;627369785;12912;311;13695;13894;7.22;0.45;248.40;16.73;783;87;4759.00;199
12915;84;627369798;12915;303;13699;13895;7.03;0.44;248.42;16.72;784;87;4760.00;196
12918;84;627369813;12918;304;13702;13896;6.88;0.43;248.40;16.72;784;87;4761.00;194
12921;84;627369827;12921;309;13707;13896;6.74;0.42;248.43;16.74;786;87;4762.00;189
12923;84;627369842;12923;305;13708;13897;6.66;0.42;248.43;16.74;785;87;4763.00;189
12925;84;627369856;12925;312;13711;13897;6.54;0.41;248.42;16.75;786;87;4764.00;186
12929;84;627369869;12929;319;13713;13897;6.45;0.40;248.41;16.75;784;87;4765.00;184
12932;84;627369879;12932;323;13717;13897;6.38;0.40;248.46;16.76;785;87;4766.00;180
12935;84;627369890;12935;327;13721;13901;6.31;0.39;248.47;16.76;786;87;4767.00;180
12936;84;627369901;12936;325;13722;13901;6.26;0.39;248.48;16.76;786;87;4768.00;179
12938;84;627369911;12938;325;13725;13901;6.19;0.38;248.48;16.77;787;87;4769.00;176
12940;84;627369923;12940;328;13728;13907;6.19;0.38;248.49;16.76;788;87;4770.00;179
12944;84;627369933;12944;331;13733;13907;6.18;0.38;248.46;16.92;789;87;4771.00;174
12945;84;627369945;12945;330;13733;13907;6.18;0.38;248.47;16.92;788;87;4772.00;174
12947;84;627369955;12947;338;13736;13911;6.17;0.38;248.48;16.91;789;87;4773.00;175
12952;84;627369966;12952;342;13738;13912;6.15;0.38;248.46;16.91;786;87;4774.00;174
12956;84;627369976;12956;344;13739;13912;6.13;0.38;248.44;16.91;783;87;4775.00;173
12959;84;627369987;12959;345;13742;13916;6.18;0.38;248.42;16.90;783;87;4776.00;174
12961;84;627369997;12961;350;13742;13916;6.23;0.38;248.45;16.90;781;87;4777.00;174
12964;84;627370007;12964;353;13742;13916;6.29;0.39;248.43;16.90;778;87;4778.00;174
12965;84;627370017;12965;339;13743;13917;6.37;0.39;248.44;16.90;778;87;4779.00;174
12968;84;627370026;12968;325;13743;13917;6.41;0.39;248.44;16.90;775;87;4780.00;174
12973;84;627370037;12973;309;13748;13923;6.45;0.40;248.40;16.90;775;87;4781.00;175
12973;84;627370047;12973;303;13748;13923;6.58;0.41;248.40;16.90;775;87;4782.00;175
12977;84;627370057;12977;302;13748;13924;6.68;0.41;248.38;16.90;771;87;4783.00;176
12979;84;627370069;12979;293;13748;13924;6.83;0.42;248.35;16.90;769;87;4784.00;176
12983;84;627370079;12983;287;13748;13924;6.98;0.43;248.34;16.90;765;87;4785.00;176
12986;84;627370100;12986;288;13748;13924;7.14;0.44;248.32;16.90;762;87;4786.00;176
12988;84;627370111;12988;287;13748;13924;7.28;0.45;248.30;16.90;760;87;4787.00;176
12993;84;627370121;12993;285;13757;13936;7.53;0.46;248.39;16.89;764;87;4788.00;179
12997;84;627370134;12997;282;13757;13936;7.61;0.46;248.38;16.89;760;87;4789.00;179
12998;84;627370145;12998;284;13759;13936;7.79;0.48;248.39;16.88;761;87;4790.00;177
13001;84;627370163;13001;278;13759;13936;7.89;0.48;248.36;16.88;758;87;4791.00;177
13003;84;627370174;13003;283;13759;13936;7.99;0.49;248.36;16.88;756;87;4792.00;177
13005;84;627370186;13005;278;13759;13936;8.10;0.49;248.37;16.88;754;87;4793.00;177
13008;84;627370196;13008;277;13762;13940;8.27;0.50;248.38;16.88;754;87;4794.00;178
13010;84;627370207;13010;277;13762;13940;8.35;0.51;248.40;16.88;752;87;4795.00;178
13011;84;627370226;13011;280;13765;13944;8.52;0.52;248.39;16.88;754;87;4796.00;179
13013;84;627370237;13013;277;13767;13945;8.53;0.52;248.42;17.03;754;87;4797.00;178
13015;84;627370249;13015;277;13768;13945;8.58;0.52;248.45;17.03;753;87;4798.00;177
13017;84;627370260;13017;274;13768;13945;8.60;0.52;248.44;17.03;751;87;4799.00;177
13021;84;627370274;13021;277;13790;13986;8.65;0.53;248.46;17.00;769;87;4800.00;196
13022;84;627370293;13022;270;13790;13986;8.72;0.53;248.46;17.00;768;87;4801.00;196
13028;84;627370304;13028;266;13793;13986;8.74;0.53;248.46;17.00;765;87;4802.00;193
13030;84;627370315;13030;266;13795;13987;8.77;0.53;248.43;17.00;765;87;4803.00;192
13033;84;627370326;13033;268;13795;13988;8.83;0.54;248.45;17.00;762;87;4804.00;193
13035;84;627370338;13035;269;13796;13988;8.78;0.53;248.46;17.00;761;87;4805.00;192
13038;84;627370349;13038;270;13799;13991;8.77;0.53;248.51;16.99;761;87;4806.00;192
13042;84;627370360;13042;255;13799;13991;8.80;0.54;248.56;16.99;757;87;4807.00;192
13044;84;627370372;13044;253;13801;13991;8.83;0.54;248.55;16.99;757;87;4808.00;190
13051;84;627370382;13051;242;13801;13991;8.80;0.54;248.59;16.99;750;87;4809.00;190
13052;84;627370394;13052;241;13807;13997;8.85;0.54;248.59;16.99;755;87;4810.00;190
13057;84;627370406;13057;239;13808;13997;8.87;0.54;248.64;16.99;751;87;4811.00;189
13062;84;627370417;13062;236;13808;13997;8.93;0.55;248.71;16.99;746;87;4812.00;189
13066;84;627370428;13066;234;13809;13997;8.94;0.55;248.73;16.99;743;87;4813.00;188
13071;84;627370452;13071;232;13812;14001;9.03;0.55;248.74;16.98;741;87;4814.00;189
13078;84;627370471;13078;231;13814;14003;9.08;0.55;248.76;16.98;736;87;4815.00;189
13083;84;627370484;13083;212;13814;14003;9.21;0.56;248.78;16.98;731;87;4816.00;189
13089;84;627370496;13089;204;13816;14004;9.35;0.57;248.76;16.98;727;87;4817.00;188
13091;84;627370509;13091;188;13816;14004;9.46;0.58;248.79;16.98;725;87;4818.00;188
13095;84;627370524;13095;172;13816;14004;9.60;0.58;248.78;16.98;721;87;4819.00;188
13097;84;627370538;13097;165;13816;14004;9.78;0.59;248.79;16.98;719;87;4820.00;188
13099;84;627370550;13099;160;13816;14004;9.94;0.60;248.82;16.98;717;87;4821.00;188
13101;84;627370564;13101;160;13816;14004;10.12;0.61;248.85;16.98;715;87;4822.00;188
13104;84;627370578;13104;156;13817;14004;10.21;0.62;248.87;16.98;713;87;4823.00;187
13108;84;627370593;13108;161;13858;14074;10.09;0.61;248.90;16.93;750;87;4824.00;216
13109;84;627370611;13109;147;13858;14075;10.25;0.62;248.89;16.93;749;87;4825.00;217
13113;84;627370623;13113;136;13863;14075;10.46;0.64;248.92;16.92;750;87;4826.00;212
13117;84;627370637;13117;134;13863;14075;10.61;0.64;248.96;16.92;746;87;4827.00;212
13119;84;627370650;13119;132;13866;14077;10.83;0.66;248.93;16.92;747;87;4828.00;211
13122;84;627370671;13122;127;13868;14077;10.96;0.66;248.96;16.92;746;87;4829.00;209
13126;84;627370686;13126;125;13871;14077;11.09;0.67;248.95;16.92;745;87;4830.00;206
13127;84;627370698;13127;124;13872;14077;11.19;0.68;248.97;16.92;745;87;4831.00;205
13128;84;627370710;13128;124;13873;14078;11.25;0.68;248.96;16.92;745;87;4832.00;205
13130;84;627370723;13130;127;13876;14079;11.31;0.69;248.96;16.91;746;87;4833.00;203
13131;84;627370736;13131;133;13877;14079;11.40;0.69;248.96;16.91;746;87;4834.00;202
13134;84;627370749;13134;135;13885;14083;11.42;0.69;248.96;16.91;751;87;4835.00;198
13136;84;627370764;13136;133;13887;14083;11.45;0.70;248.99;16.91;751;87;4836.00;196
13139;84;627370777;13139;138;13889;14083;11.52;0.70;248.98;16.91;750;87;4837.00;194
13143;84;627370790;13143;137;13891;14083;11.62;0.71;249.00;16.91;748;87;4838.00;192
13145;84;627370803;13145;139;13896;14089;11.62;0.71;249.00;16.90;751;87;4839.00;193
13148;84;627370816;13148;142;13897;14089;11.64;0.71;249.04;16.90;749;87;4840.00;192
13153;84;627370827;13153;142;13897;14089;11.65;0.71;249.08;16.90;744;87;4841.00;192
13156;84;627370839;13156;146;13900;14092;11.70;0.71;249.08;16.90;744;87;4842.00;192
13157;84;627370851;13157;147;13900;14092;11.75;0.71;249.09;16.90;743;87;4843.00;192
13160;84;627370862;13160;151;13900;14092;11.84;0.72;249.11;16.90;740;87;4844.00;192
13164;84;627370873;13164;152;13900;14093;11.96;0.73;249.09;16.90;736;87;4845.00;193
13167;84;627370885;13167;152;13901;14094;12.04;0.73;249.13;16.90;734;87;4846.00;193
13171;84;627370896;13171;154;13902;14094;12.04;0.73;249.15;17.05;731;87;4847.00;192
13173;84;627370909;13173;154;13912;14107;11.95;0.72;249.17;17.04;739;87;4848.00;195
13177;84;627370921;13177;152;13913;14107;11.96;0.72;249.23;17.04;736;87;4849.00;194
13178;84;627370933;13178;150;13913;14107;11.97;0.73;249.24;17.04;735;87;4850.00;194
13180;84;627370950;13180;149;13914;14108;11.98;0.73;249.28;17.04;734;87;4851.00;194
13182;84;627370962;13182;144;13914;14108;11.96;0.73;249.28;17.04;732;87;4852.00;194
13189;84;627370973;13189;144;13917;14112;11.94;0.72;249.28;17.03;728;87;4853.00;195
13192;84;627370985;13192;141;13917;14112;11.97;0.73;249.28;17.03;725;87;4854.00;195
13194;84;627370996;13194;140;13921;14116;11.98;0.73;249.30;17.03;727;87;4855.00;195
13196;84;627371007;13196;137;13921;14116;12.04;0.73;249.31;17.03;725;87;4856.00;195
13200;84;627371018;13200;138;13921;14116;12.10;0.73;249.37;17.03;721;87;4857.00;195
13206;84;627371028;13206;136;13921;14116;12.08;0.73;249.35;17.03;715;87;4858.00;195
13209;84;627371039;13209;137;13921;14116;12.07;0.73;249.36;17.03;712;87;4859.00;195
13213;84;627371051;13213;138;13941;14150;11.99;0.73;249.36;17.01;728;87;4860.00;209
13217;84;627371064;13217;139;13942;14150;12.03;0.73;249.37;17.00;725;87;4861.00;208
13223;84;627371074;13223;130;13943;14150;12.04;0.73;249.36;17.00;720;87;4862.00;207
13226;84;627371085;13226;128;13944;14150;12.01;0.73;249.35;17.16;718;87;4863.00;206
13230;85;627371095;13230;129;13945;14150;12.03;0.73;249.34;17.16;715;88;4864.00;205
13234;85;627371116;13234;122;13948;14150;11.97;0.73;249.41;17.33;714;88;4865.00;202
13238;85;627371128;13238;125;13949;14151;12.03;0.73;249.43;17.33;711;88;4866.00;202
13241;85;627371139;13241;128;13949;14151;12.04;0.73;249.45;17.33;708;88;4867.00;202
13242;85;627371150;13242;126;13953;14157;12.07;0.73;249.46;17.33;711;88;4868.00;204
13245;85;627371165;13245;122;13954;14158;12.03;0.73;249.45;17.33;709;88;4869.00;204
13251;85;627371175;13251;124;13955;14158;12.01;0.73;249.43;17.33;704;88;4870.00;203
13252;85;627371186;13252;128;13955;14158;11.95;0.73;249.42;17.33;703;88;4871.00;203
13256;85;627371196;13256;128;13957;14162;11.82;0.72;249.38;17.32;701;88;4872.00;205
13258;85;627371207;13258;131;13959;14162;11.70;0.71;249.38;17.32;701;88;4873.00;203
13260;85;627371218;13260;132;13959;14162;11.68;0.71;249.40;17.32;699;88;4874.00;203
13262;85;627371228;13262;137;13960;14163;11.70;0.71;249.39;17.32;698;88;4875.00;203
13265;85;627371239;13265;136;13963;14167;11.62;0.71;249.37;17.32;698;88;4876.00;204
13267;85;627371250;13267;138;13964;14167;11.59;0.71;249.35;17.32;697;88;4877.00;203
13270;85;627371260;13270;143;13966;14170;11.61;0.71;249.35;17.32;696;88;4878.00;204
13274;85;627371270;13274;141;13967;14170;11.57;0.71;249.33;17.32;693;88;4879.00;203
13277;85;627371279;13277;145;13968;14170;11.52;0.70;249.37;17.32;691;88;4880.00;202
13278;85;627371288;13278;151;13968;14170;11.37;0.70;249.40;17.32;690;88;4881.00;202
13282;85;627371298;13282;151;13972;14174;11.31;0.69;249.40;17.31;690;88;4882.00;202
13285;85;627371308;13285;156;13972;14174;11.19;0.68;249.38;17.31;687;88;4883.00;202
13285;86;627371318;13285;159;13973;14174;11.11;0.68;249.38;17.31;688;89;4884.00;201
13289;86;627371337;13289;162;13974;14174;11.03;0.67;249.37;17.31;685;89;4885.00;200
13291;86;627371347;13291;170;13974;14175;10.96;0.67;249.35;17.31;683;89;4886.00;201
13292;86;627371357;13292;173;13975;14176;10.88;0.67;249.35;17.31;683;89;4887.00;201
13297;86;627371366;13297;177;13975;14176;10.77;0.66;249.33;17.31;678;89;4888.00;201
13297;86;627371381;13297;177;13976;14177;10.73;0.66;249.33;17.31;679;89;4889.00;201
13300;86;627371392;13300;176;13976;14177;10.61;0.65;249.35;17.31;676;89;4890.00;201
13302;86;627371402;13302;185;13978;14177;10.49;0.64;249.35;17.34;676;89;4891.00;199
13305;86;627371411;13305;191;13978;14177;10.36;0.63;249.33;17.34;673;89;4892.00;199
13305;86;627371420;13305;197;13979;14177;10.20;0.62;249.33;17.35;674;89;4893.00;198
13311;86;627371429;13311;201;13980;14177;9.98;0.61;249.40;17.36;669;89;4894.00;197
13312;86;627371439;13312;205;13980;14177;9.81;0.60;249.41;17.36;668;89;4895.00;197
13317;86;627371447;13317;224;14042;14304;9.72;0.60;249.43;17.31;725;89;4896.00;262
13318;86;627371467;13318;228;14044;14305;9.51;0.59;249.42;17.32;726;89;4897.00;261
13322;86;627371477;13322;227;14056;14305;9.53;0.59;249.42;17.32;734;89;4898.00;249
13325;86;627371487;13325;230;14063;14305;9.48;0.59;249.42;17.32;738;89;4899.00;242
13328;86;627371497;13328;235;14071;14305;9.37;0.58;249.41;17.32;743;89;4900.00;234
13331;86;627371509;13331;236;14075;14305;9.23;0.57;249.39;17.31;744;89;4901.00;230
13336;86;627371519;13336;239;14080;14305;9.07;0.56;249.41;17.32;744;89;4902.00;225
13339;86;627371528;13339;243;14086;14305;8.99;0.56;249.41;17.33;747;89;4903.00;219
13344;86;627371546;13344;251;14092;14306;8.92;0.55;249.37;17.34;748;89;4904.00;214
13347;86;627371556;13347;255;14097;14308;8.84;0.54;249.37;17.36;750;89;4905.00;211
13351;86;627371566;13351;263;14101;14308;8.76;0.54;249.34;17.36;750;89;4906.00;207
13352;86;627371575;13352;269;14104;14309;8.67;0.53;249.37;17.36;752;89;4907.00;205
13353;86;627371584;13353;275;14107;14309;8.52;0.53;249.35;17.37;754;89;4908.00;202
13356;86;627371593;13356;276;14109;14309;8.34;0.51;249.33;17.38;753;89;4909.00;200
13358;86;627371603;13358;277;14111;14309;8.26;0.51;249.32;17.39;753;89;4910.00;198
13360;86;627371612;13360;279;14115;14313;8.16;0.50;249.34;17.40;755;89;4911.00;198
13362;86;627371627;13362;284;14118;14313;8.03;0.49;249.35;17.41;756;89;4912.00;195
13365;86;627371636;13365;285;14119;14313;7.91;0.48;249.37;17.41;754;89;4913.00;194
13365;86;627371646;13365;289;14122;14316;7.84;0.48;249.37;17.41;757;89;4914.00;194
13365;86;627371655;13365;295;14123;14316;7.76;0.48;249.37;17.42;758;89;4915.00;193
13366;86;627371664;13366;295;14124;14316;7.70;0.47;249.36;17.42;758;89;4916.00;192
13366;86;627371673;13366;299;14130;14320;7.70;0.47;249.36;17.44;764;89;4917.00;190
13368;86;627371683;13368;308;14132;14321;7.66;0.47;249.34;17.45;764;89;4918.00;189
13370;86;627371692;13370;312;14134;14321;7.62;0.47;249.31;17.45;764;89;4919.00;187
13370;86;627371703;13370;320;14138;14326;7.59;0.46;249.31;17.45;768;89;4920.00;188
13373;86;627371712;13373;321;14140;14326;7.47;0.46;249.27;17.47;767;89;4921.00;186
13373;86;627371721;13373;325;14140;14326;7.36;0.45;249.27;17.47;767;89;4922.00;186
13376;86;627371735;13376;329;14141;14327;7.18;0.44;249.26;17.46;765;89;4923.00;186
13379;86;627371744;13379;330;14143;14327;7.03;0.43;249.23;17.48;764;89;4924.00;184
13384;86;627371753;13384;337;14147;14333;6.87;0.42;249.24;17.47;763;89;4925.00;186
13387;86;627371767;13387;336;14147;14333;6.70;0.41;249.24;17.47;760;89;4926.00;186
13392;86;627371779;13392;341;14148;14334;6.47;0.40;249.21;17.47;756;89;4927.00;186
13394;86;627371793;13394;352;14150;14334;6.33;0.39;249.24;17.49;756;89;4928.00;184
13396;86;627371806;13396;357;14150;14334;6.16;0.38;249.26;17.49;754;89;4929.00;184
13399;86;627371820;13399;355;14154;14334;6.02;0.37;249.29;17.52;755;89;4930.00;180
13402;86;627371833;13402;340;14154;14334;6.00;0.37;249.30;17.52;752;89;4931.00;180
13403;86;627371844;13403;331;14164;14346;6.11;0.38;249.30;17.50;761;89;4932.00;182
13405;86;627371858;13405;324;14166;14346;6.14;0.38;249.30;17.52;761;89;4933.00;180
13408;86;627371872;13408;321;14167;14346;6.19;0.38;249.31;17.51;759;89;4934.00;179
13411;86;627371882;13411;318;14167;14346;6.24;0.38;249.32;17.51;756;89;4935.00;179
13413;86;627371892;13413;313;14169;14346;6.29;0.39;249.32;17.53;756;89;4936.00;177
13418;86;627371902;13418;294;14169;14346;6.36;0.39;249.33;17.53;751;89;4937.00;177
13421;86;627371912;13421;285;14173;14350;6.50;0.40;249.34;17.53;752;89;4938.00;177
13424;86;627371922;13424;274;14174;14350;6.67;0.41;249.32;17.53;750;89;4939.00;176
13425;87;627371932;13425;270;14178;14354;6.84;0.42;249.33;17.53;753;90;4940.00;176
13426;87;627371955;13426;265;14179;14355;6.95;0.43;249.34;17.53;753;90;4941.00;176
13429;87;627371965;13429;258;14180;14355;7.03;0.43;249.35;17.53;751;90;4942.00;175
13431;87;627371983;13431;253;14180;14355;7.14;0.44;249.35;17.53;749;90;4943.00;175
13434;87;627371993;13434;253;14191;14368;7.44;0.46;249.34;17.52;757;90;4944.00;177
13436;87;627372004;13436;250;14191;14368;7.55;0.46;249.31;17.52;755;90;4945.00;177
13439;87;627372014;13439;250;14191;14368;7.60;0.46;249.33;17.52;752;90;4946.00;177
13443;87;627372024;13443;247;14192;14369;7.63;0.46;249.31;17.52;749;90;4947.00;177
13447;87;627372035;13447;245;14192;14370;7.68;0.47;249.29;17.52;745;90;4948.00;178
13449;87;627372045;13449;240;14192;14370;7.74;0.47;249.31;17.52;743;90;4949.00;178
13453;87;627372056;13453;242;14196;14379;7.85;0.48;249.32;17.51;743;90;4950.00;183
13455;87;627372067;13455;238;14196;14379;7.96;0.48;249.30;17.51;741;90;4951.00;183
13458;87;627372077;13458;233;14198;14379;8.11;0.49;249.31;17.51;740;90;4952.00;181
13460;87;627372087;13460;228;14198;14379;8.21;0.50;249.31;17.51;738;90;4953.00;181
13465;87;627372097;13465;224;14202;14385;8.24;0.50;249.28;17.50;737;90;4954.00;183
13468;87;627372108;13468;219;14202;14385;8.27;0.50;249.29;17.50;734;90;4955.00;183
13473;87;627372120;13473;215;14203;14385;8.30;0.50;249.28;17.50;730;90;4956.00;182
13478;87;627372130;13478;218;14204;14385;8.38;0.51;249.30;17.50;726;90;4957.00;181
13483;87;627372141;13483;217;14207;14389;8.48;0.51;249.31;17.50;724;90;4958.00;182
13487;87;627372151;13487;216;14209;14390;8.51;0.52;249.33;17.50;722;90;4959.00;181
13489;87;627372162;13489;217;14210;14390;8.58;0.52;249.33;17.50;721;90;4960.00;180
13495;87;627372172;13495;218;14211;14391;8.62;0.52;249.36;17.49;716;90;4961.00;180
13500;87;627372183;13500;214;14211;14391;8.70;0.53;249.34;17.49;711;90;4962.00;180
13507;87;627372194;13507;215;14211;14391;8.77;0.53;249.31;17.49;704;90;4963.00;180
13513;87;627372204;13513;212;14211;14391;8.86;0.54;249.33;17.49;698;90;4964.00;180
13515;87;627372215;13515;214;14211;14391;8.98;0.54;249.32;17.49;696;90;4965.00;180
13519;87;627372226;13519;212;14212;14391;8.99;0.55;249.35;17.65;693;90;4966.00;179
13525;87;627372238;13525;218;14212;14391;8.98;0.55;249.37;17.65;687;90;4967.00;179
13527;87;627372249;13527;229;14253;14461;9.04;0.55;249.42;17.60;726;90;4968.00;208
13532;87;627372266;13532;227;14254;14462;9.12;0.55;249.43;17.60;722;90;4969.00;208
13537;87;627372278;13537;219;14261;14462;9.25;0.56;249.47;17.59;724;90;4970.00;201
13541;87;627372289;13541;215;14261;14462;9.32;0.57;249.49;17.59;720;90;4971.00;201
13543;87;627372301;13543;214;14265;14462;9.41;0.57;249.52;17.59;722;90;4972.00;197
13547;87;627372313;13547;216;14267;14462;9.46;0.58;249.58;17.59;720;90;4973.00;195
13548;87;627372324;13548;216;14269;14462;9.55;0.58;249.60;17.58;721;90;4974.00;193
13552;87;627372335;13552;224;14272;14462;9.61;0.58;249.62;17.58;720;90;4975.00;190
13554;87;627372347;13554;225;14273;14463;9.58;0.58;249.62;17.58;719;90;4976.00;190
13557;87;627372358;13557;217;14277;14464;9.55;0.58;249.65;17.58;720;90;4977.00;187
13559;87;627372370;13559;208;14280;14464;9.53;0.58;249.65;17.58;721;90;4978.00;184
13561;88;627372382;13561;199;14283;14468;9.45;0.57;249.66;17.57;722;91;4979.00;185
13564;88;627372409;13564;197;14283;14468;9.50;0.58;249.67;17.57;719;91;4980.00;185
13566;88;627372422;13566;197;14283;14468;9.53;0.58;249.70;17.57;717;91;4981.00;185
13567;88;627372434;13567;199;14283;14468;9.62;0.59;249.71;17.57;716;91;4982.00;185
13571;88;627372445;13571;201;14287;14474;9.65;0.59;249.72;17.57;716;91;4983.00;187
13574;88;627372464;13574;204;14287;14474;9.70;0.59;249.72;17.57;713;91;4984.00;187
13576;88;627372477;13576;199;14288;14474;9.75;0.59;249.74;17.57;712;91;4985.00;186
13579;88;627372488;13579;185;14290;14477;9.86;0.60;249.75;17.56;711;91;4986.00;187
13579;88;627372501;13579;169;14290;14477;10.03;0.61;249.75;17.56;711;91;4987.00;187
13582;88;627372513;13582;160;14291;14477;10.21;0.62;249.77;17.56;709;91;4988.00;186
13586;88;627372525;13586;153;14291;14478;10.33;0.63;249.75;17.56;705;91;4989.00;187
13586;88;627372537;13586;151;14292;14479;10.53;0.64;249.75;17.56;706;91;4990.00;187
13589;88;627372549;13589;149;14292;14479;10.64;0.65;249.76;17.56;703;91;4991.00;187
13591;88;627372561;13591;150;14303;14492;10.85;0.66;249.78;17.55;712;91;4992.00;189
13594;88;627372574;13594;149;14303;14492;10.92;0.66;249.76;17.55;709;91;4993.00;189
13598;88;627372587;13598;146;14303;14492;10.97;0.67;249.78;17.55;705;91;4994.00;189
13599;88;627372600;13599;137;14305;14494;11.02;0.67;249.79;17.55;706;91;4995.00;189
13602;88;627372612;13602;138;14305;14494;11.07;0.67;249.78;17.55;703;91;4996.00;189
13603;88;627372624;13603;137;14308;14498;11.13;0.68;249.78;17.54;705;91;4997.00;190
13608;88;627372637;13608;137;14308;14498;11.11;0.67;249.77;17.54;700;91;4998.00;190
13609;88;627372656;13609;138;14312;14502;11.09;0.67;249.78;17.54;703;91;4999.00;190
13610;88;627372669;13610;136;14312;14502;11.13;0.68;249.80;17.54;702;91;5000.00;190
13615;88;627372685;13615;134;14312;14502;11.11;0.68;249.80;17.54;697;91;5001.00;190
13618;88;627372697;13618;127;14312;14502;11.10;0.68;249.80;17.54;694;91;5002.00;190
13620;88;627372710;13620;126;14312;14502;11.13;0.68;249.80;17.54;692;91;5003.00;190
13625;88;627372721;13625;126;14322;14514;11.13;0.68;249.81;17.53;697;91;5004.00;192
13627;88;627372734;13627;122;14322;14514;11.22;0.68;249.83;17.53;695;91;5005.00;192
13630;88;627372747;13630;122;14323;14514;11.34;0.69;249.82;17.52;693;91;5006.00;191
13633;88;627372760;13633;118;14323;14514;11.50;0.70;249.83;17.52;690;91;5007.00;191
13635;88;627372772;13635;117;14323;14514;11.61;0.71;249.81;17.52;688;91;5008.00;191
13637;88;627372783;13637;118;14323;14514;11.71;0.71;249.80;17.52;686;91;5009.00;191
13639;88;627372803;13639;117;14323;14515;11.86;0.72;249.81;17.52;684;91;5010.00;192
13641;88;627372815;13641;113;14323;14515;11.99;0.73;249.81;17.52;682;91;5011.00;192
13645;88;627372827;13645;115;14327;14521;12.05;0.73;249.88;17.52;682;91;5012.00;194
13648;88;627372843;13648;117;14328;14522;12.13;0.73;249.89;17.52;680;91;5013.00;194
13651;88;627372854;13651;116;14329;14522;12.18;0.74;249.88;17.52;678;91;5014.00;193
13652;88;627372864;13652;120;14329;14522;12.22;0.74;249.89;17.52;677;91;5015.00;193
13657;88;627372874;13657;122;14332;14526;12.17;0.74;249.89;17.51;675;91;5016.00;194
13657;88;627372890;13657;124;14332;14526;12.21;0.74;249.89;17.51;675;91;5017.00;194
13661;88;627372900;13661;121;14332;14526;12.18;0.74;249.90;17.51;671;91;5018.00;194
13662;88;627372910;13662;124;14333;14527;12.20;0.74;249.91;17.51;671;91;5019.00;194
13665;88;627372920;13665;131;14336;14531;12.14;0.74;249.93;17.51;671;91;5020.00;195
13667;88;627372930;13667;132;14336;14531;12.12;0.74;249.93;17.51;669;91;5021.00;195
13671;88;627372940;13671;132;14338;14534;12.09;0.74;249.93;17.51;667;91;5022.00;196
13673;88;627372949;13673;134;14338;14534;12.01;0.73;249.92;17.51;665;91;5023.00;196
13678;88;627372959;13678;138;14339;14534;11.98;0.73;249.90;17.51;661;91;5024.00;195
13682;88;627372968;13682;142;14339;14534;11.92;0.72;249.87;17.51;657;91;5025.00;195
13687;88;627372978;13687;142;14342;14538;11.95;0.73;249.89;17.50;655;91;5026.00;196
13691;88;627372987;13691;140;14342;14538;11.89;0.72;249.89;17.50;651;91;5027.00;196
13694;88;627372997;13694;139;14343;14538;11.95;0.73;249.88;17.50;649;91;5028.00;195
13699;88;627373006;13699;135;14344;14538;11.96;0.73;249.89;17.66;645;91;5029.00;194
13704;88;627373016;13704;131;14344;14539;12.03;0.73;249.87;17.66;640;91;5030.00;195
13704;88;627373025;13704;125;14345;14540;12.03;0.73;249.87;17.66;641;91;5031.00;195
13709;88;627373034;13709;122;14345;14540;11.96;0.73;249.84;17.66;636;91;5032.00;195
13712;88;627373043;13712;115;14346;14541;11.94;0.73;249.84;17.66;634;91;5033.00;195
13715;88;627373052;13715;110;14346;14541;11.99;0.73;249.83;17.66;631;91;5034.00;195
13720;88;627373061;13720;110;14347;14541;11.91;0.72;249.88;17.67;627;91;5035.00;194
13723;88;627373072;13723;105;14347;14541;11.80;0.72;249.89;17.67;624;91;5036.00;194
13725;88;627373081;13725;108;14347;14541;11.81;0.72;249.87;17.67;622;91;5037.00;194
13732;88;627373090;13732;107;14347;14541;11.82;0.72;249.84;17.67;615;91;5038.00;194
13734;88;627373104;13734;110;14347;14541;11.89;0.73;249.84;17.67;613;91;5039.00;194
13738;88;627373115;13738;143;14444;14771;11.45;0.71;249.83;17.55;706;91;5040.00;327
13740;88;627373142;13740;140;14447;14772;11.41;0.71;249.83;17.55;707;91;5041.00;325
13742;88;627373152;13742;126;14456;14772;11.57;0.72;249.82;17.54;714;91;5042.00;316
13746;88;627373161;13746;122;14462;14772;11.65;0.72;249.79;17.53;716;91;5043.00;310
13747;88;627373171;13747;118;14470;14772;11.72;0.73;249.80;17.52;723;91;5044.00;302
13749;89;627373181;13749;118;14478;14772;11.68;0.72;249.81;17.52;729;92;5045.00;294
13752;89;627373213;13752;116;14485;14772;11.63;0.72;249.79;17.67;733;92;5046.00;287
13752;89;627373223;13752;120;14489;14772;11.63;0.72;249.79;17.66;737;92;5047.00;283
13755;89;627373232;13755;120;14493;14773;11.67;0.72;249.79;17.66;738;92;5048.00;280
13758;89;627373243;13758;124;14500;14774;11.60;0.72;249.76;17.80;742;92;5049.00;274
13760;89;627373254;13760;122;14503;14774;11.55;0.71;249.79;17.80;743;92;5050.00;271
13761;89;627373264;13761;129;14504;14775;11.49;0.71;249.79;17.80;743;92;5051.00;271
13763;89;627373280;13763;130;14509;14775;11.32;0.70;249.81;17.80;746;92;5052.00;266
13764;89;627373296;13764;134;14512;14775;11.24;0.69;249.81;17.95;748;92;5053.00;263
13768;89;627373306;13768;137;14516;14775;11.13;0.69;249.79;17.95;748;92;5054.00;259
13770;89;627373316;13770;142;14519;14779;11.03;0.68;249.81;17.95;749;92;5055.00;260
13773;89;627373333;13773;151;14524;14779;10.88;0.67;249.79;17.96;751;92;5056.00;255
13777;89;627373344;13777;155;14525;14779;10.76;0.66;249.77;17.96;748;92;5057.00;254
13778;89;627373355;13778;168;14531;14782;10.64;0.65;249.76;17.95;753;92;5058.00;251
13779;89;627373366;13779;173;14535;14782;10.47;0.64;249.75;18.10;756;92;5059.00;247
13780;89;627373377;13780;183;14538;14782;10.31;0.63;249.75;18.13;758;92;5060.00;244
13782;89;627373393;13782;195;14545;14786;10.12;0.62;249.74;18.12;763;92;5061.00;241
13785;89;627373404;13785;207;14548;14787;10.01;0.61;249.77;18.12;763;92;5062.00;239
13786;89;627373414;13786;217;14553;14787;9.86;0.60;249.76;18.15;767;93;5063.00;234
13789;89;627373434;13789;220;14555;14791;9.72;0.60;249.74;18.15;766;93;5064.00;236
13790;89;627373445;13790;232;14558;14791;9.58;0.59;249.73;18.16;768;93;5065.00;233
13793;89;627373455;13793;241;14562;14791;9.38;0.58;249.71;18.16;769;93;5066.00;229
13795;89;627373466;13795;246;14565;14792;9.23;0.57;249.70;18.18;770;93;5067.00;227
13795;89;627373476;13795;259;14567;14792;9.10;0.56;249.70;18.18;772;93;5068.00;225
13796;89;627373486;13796;266;14575;14798;8.95;0.55;249.69;18.20;779;93;5069.00;223
13801;89;627373499;13801;275;14576;14798;8.72;0.54;249.64;18.20;775;93;5070.00;222
13804;89;627373510;13804;284;14579;14799;8.55;0.52;249.64;18.22;775;93;5071.00;220
13806;89;627373521;13806;295;14579;14799;8.44;0.52;249.62;18.22;773;93;5072.00;220
13810;89;627373530;13810;304;14581;14799;8.30;0.51;249.60;18.24;771;93;5073.00;218
13810;89;627373540;13810;313;14582;14799;8.16;0.50;249.60;18.24;772;93;5074.00;217
13811;89;627373549;13811;329;14585;14799;7.99;0.49;249.60;18.26;774;93;5075.00;214
13813;89;627373558;13813;334;14595;14811;7.90;0.48;249.59;18.25;782;93;5076.00;216
13814;89;627373569;13814;336;14598;14811;7.72;0.47;249.60;18.27;784;93;5077.00;213
13816;89;627373577;13816;344;14601;14811;7.56;0.46;249.59;18.28;785;93;5078.00;210
13819;89;627373587;13819;347;14602;14811;7.38;0.45;249.57;18.29;783;93;5079.00;209
13820;89;627373596;13820;348;14603;14811;7.21;0.44;249.55;18.29;783;93;5080.00;208
13820;89;627373606;13820;354;14606;14811;7.04;0.43;249.55;18.31;786;93;5081.00;205
13821;89;627373615;13821;362;14610;14815;6.88;0.42;249.54;18.32;789;93;5082.00;205
13821;89;627373624;13821;350;14611;14815;6.80;0.42;249.54;18.32;790;93;5083.00;204
13822;89;627373633;13822;334;14616;14819;6.83;0.42;249.59;18.33;794;93;5084.00;203
13823;89;627373643;13823;325;14619;14821;6.87;0.42;249.58;18.34;796;93;5085.00;202
13823;89;627373652;13823;322;14623;14821;6.87;0.42;249.58;18.34;800;93;5086.00;198
13826;89;627373662;13826;319;14623;14821;6.85;0.42;249.54;18.34;797;93;5087.00;198
13827;89;627373677;13827;310;14632;14834;6.86;0.42;249.53;18.34;805;93;5088.00;202
13828;89;627373688;13828;305;14634;14834;6.89;0.42;249.52;18.34;806;93;5089.00;200
13828;89;627373702;13828;303;14637;14834;6.93;0.43;249.52;18.35;809;93;5090.00;197
13830;89;627373712;13830;300;14639;14835;6.97;0.43;249.50;18.35;809;93;5091.00;196
13833;89;627373722;13833;306;14639;14836;7.01;0.43;249.52;18.35;806;93;5092.00;197
13835;89;627373732;13835;306;14641;14836;7.05;0.43;249.52;18.36;806;93;5093.00;195
13840;89;627373742;13840;303;14643;14839;7.13;0.44;249.50;18.36;803;93;5094.00;196
13841;89;627373752;13841;300;14644;14839;7.20;0.44;249.51;18.36;803;93;5095.00;195
13842;89;627373765;13842;304;14646;14839;7.25;0.44;249.50;18.37;804;93;5096.00;193
13845;89;627373779;13845;306;14646;14839;7.22;0.44;249.50;18.37;801;93;5097.00;193
13846;89;627373796;13846;314;14651;14845;7.27;0.45;249.52;18.37;805;93;5098.00;194
13848;89;627373813;13848;312;14653;14845;7.19;0.44;249.52;18.37;805;93;5099.00;192
13849;89;627373832;13849;307;14657;14864;7.11;0.44;249.53;18.37;808;93;5100.00;207
13853;89;627373857;13853;300;14660;14864;6.99;0.43;249.52;18.38;807;93;5101.00;204
13855;89;627373871;13855;304;14663;14868;7.02;0.43;249.51;18.38;808;93;5102.00;205
13856;89;627373884;13856;304;14664;14869;7.13;0.44;249.52;18.37;808;93;5103.00;205
13860;89;627373895;13860;299;14666;14869;7.17;0.44;249.53;18.39;806;93;5104.00;203
13864;89;627373906;13864;293;14667;14870;7.24;0.45;249.54;18.38;803;93;5105.00;203
13866;89;627373917;13866;289;14671;14870;7.26;0.45;249.54;18.39;805;93;5106.00;199
13870;89;627373929;13870;279;14672;14870;7.29;0.45;249.58;18.39;802;93;5107.00;198
13875;89;627373940;13875;267;14673;14870;7.32;0.45;249.58;18.40;798;93;5108.00;197
13879;89;627373951;13879;267;14673;14870;7.43;0.46;249.59;18.40;794;93;5109.00;197
13882;89;627373963;13882;259;14673;14870;7.53;0.46;249.59;18.40;791;93;5110.00;197
13887;89;627373974;13887;253;14674;14870;7.57;0.47;249.59;18.55;787;93;5111.00;196
13892;89;627373986;13892;256;14708;14940;7.64;0.47;249.58;18.51;816;93;5112.00;232
13896;89;627374003;13896;245;14710;14941;7.75;0.48;249.60;18.51;814;93;5113.00;231
13901;89;627374014;13901;238;14716;14941;7.86;0.48;249.58;18.50;815;93;5114.00;225
13905;89;627374026;13905;232;14718;14941;7.97;0.49;249.58;18.50;813;93;5115.00;223
13911;89;627374037;13911;227;14722;14941;8.12;0.50;249.56;18.49;811;93;5116.00;219
13913;89;627374048;13913;217;14723;14941;8.25;0.51;249.55;18.49;810;93;5117.00;218
13920;89;627374059;13920;216;14728;14941;8.23;0.51;249.58;18.49;808;93;5118.00;213
13923;89;627374071;13923;210;14731;14941;8.28;0.51;249.58;18.49;808;93;5119.00;210
13927;89;627374082;13927;209;14733;14942;8.30;0.51;249.57;18.49;806;93;5120.00;209
13933;89;627374094;13933;210;14736;14943;8.31;0.51;249.55;18.48;803;93;5121.00;207
13937;89;627374106;13937;212;14737;14943;8.36;0.51;249.58;18.48;800;93;5122.00;206
13941;89;627374117;13941;218;14742;14947;8.43;0.52;249.58;18.48;801;93;5123.00;205
13948;89;627374129;13948;213;14744;14947;8.47;0.52;249.57;18.48;796;93;5124.00;203
13951;89;627374140;13951;216;14744;14947;8.51;0.52;249.55;18.48;793;93;5125.00;203
13957;89;627374152;13957;222;14744;14947;8.56;0.52;249.52;18.48;787;93;5126.00;203
13964;89;627374165;13964;227;14747;14953;8.56;0.52;249.56;18.47;783;93;5127.00;206
13970;89;627374177;13970;231;14747;14953;8.59;0.52;249.55;18.47;777;93;5128.00;206
13974;89;627374211;13974;229;14749;14953;8.61;0.52;249.54;18.48;775;93;5129.00;204
13978;89;627374225;13978;226;14752;14959;8.69;0.53;249.57;18.47;774;93;5130.00;207
13981;89;627374238;13981;228;14754;14959;8.74;0.53;249.58;18.47;773;93;5131.00;205
13984;89;627374250;13984;233;14754;14959;8.71;0.53;249.56;18.47;770;93;5132.00;205
13987;89;627374261;13987;233;14755;14960;8.69;0.53;249.54;18.47;768;93;5133.00;205
13991;89;627374274;13991;235;14756;14961;8.72;0.53;249.56;18.47;765;93;5134.00;205
13994;89;627374286;13994;238;14758;14961;8.73;0.53;249.58;18.47;764;93;5135.00;203
13997;89;627374297;13997;243;14766;14974;8.80;0.54;249.57;18.46;769;93;5136.00;208
14002;89;627374311;14002;241;14768;14974;8.74;0.53;249.60;18.46;766;93;5137.00;206
14005;89;627374322;14005;239;14769;14974;8.69;0.53;249.60;18.46;764;93;5138.00;205
14006;89;627374334;14006;240;14772;14975;8.75;0.53;249.61;18.46;766;93;5139.00;203
14009;89;627374345;14009;242;14772;14975;8.75;0.53;249.62;18.46;763;93;5140.00;203
14013;89;627374357;14013;244;14776;14979;8.75;0.53;249.63;18.46;763;93;5141.00;203
14016;89;627374369;14016;246;14777;14979;8.76;0.53;249.63;18.46;761;93;5142.00;202
14022;89;627374380;14022;250;14782;14983;8.75;0.53;249.64;18.46;760;93;5143.00;201
14024;89;627374394;14024;252;14783;14983;8.82;0.54;249.65;18.46;759;93;5144.00;200
14029;89;627374408;14029;262;14783;14983;8.86;0.54;249.65;18.46;754;93;5145.00;200
14033;89;627374420;14033;267;14784;14983;8.93;0.54;249.63;18.45;751;93;5146.00;199
14036;89;627374432;14036;264;14784;14983;8.98;0.55;249.63;18.45;748;93;5147.00;199
14038;89;627374444;14038;254;14792;14995;9.07;0.55;249.67;18.44;754;93;5148.00;203
14040;89;627374457;14040;248;14794;14995;9.08;0.55;249.67;18.44;754;93;5149.00;201
14043;89;627374471;14043;240;14796;14995;9.11;0.56;249.74;18.44;753;93;5150.00;199
14047;89;627374484;14047;236;14796;14995;9.12;0.56;249.76;18.44;749;93;5151.00;199
14049;89;627374496;14049;237;14797;14995;9.17;0.56;249.76;18.44;748;93;5152.00;198
14055;89;627374507;14055;236;14797;14995;9.22;0.56;249.78;18.44;742;93;5153.00;198
14057;89;627374520;14057;235;14797;14996;9.20;0.56;249.78;18.44;740;93;5154.00;199
14062;89;627374531;14062;237;14798;14998;9.18;0.56;249.79;18.44;736;93;5155.00;200
14065;89;627374544;14065;222;14802;15004;9.18;0.56;249.80;18.43;737;93;5156.00;202
14069;89;627374556;14069;202;14803;15005;9.25;0.56;249.78;18.43;734;93;5157.00;202
14071;89;627374568;14071;190;14806;15005;9.40;0.57;249.80;18.58;735;93;5158.00;199
14071;89;627374580;14071;174;14806;15005;9.50;0.58;249.80;18.58;735;93;5159.00;199
14075;89;627374596;14075;164;14810;15010;9.56;0.58;249.83;18.58;735;93;5160.00;200
14079;89;627374609;14079;161;14810;15010;9.71;0.59;249.84;18.58;731;93;5161.00;200
14081;89;627374626;14081;152;14810;15010;9.89;0.60;249.84;18.58;729;93;5162.00;200
14087;89;627374638;14087;148;14811;15011;10.09;0.61;249.89;18.58;724;93;5163.00;200
14091;89;627374651;14091;145;14814;15015;10.26;0.62;249.89;18.57;723;93;5164.00;201
14094;90;627374674;14094;139;14814;15015;10.45;0.64;249.88;18.57;720;94;5165.00;201
14097;90;627374697;14097;136;14816;15018;10.70;0.65;249.89;18.57;719;94;5166.00;202
14098;90;627374710;14098;132;14816;15018;10.86;0.66;249.88;18.57;718;94;5167.00;202
14100;90;627374727;14100;128;14817;15018;10.98;0.67;249.86;18.57;717;94;5168.00;201
14104;90;627374739;14104;121;14817;15018;11.11;0.67;249.87;18.57;713;94;5169.00;201
14107;90;627374752;14107;123;14820;15022;11.14;0.68;249.88;18.57;713;94;5170.00;202
14111;90;627374766;14111;124;14821;15022;11.22;0.68;249.89;18.57;710;94;5171.00;201
14113;90;627374778;14113;130;14821;15022;11.27;0.68;249.89;18.57;708;94;5172.00;201
14115;90;627374790;14115;129;14821;15022;11.36;0.69;249.89;18.57;706;94;5173.00;201
14117;90;627374801;14117;132;14821;15023;11.34;0.69;249.92;18.57;704;94;5174.00;202
14118;90;627374814;14118;139;14823;15025;11.33;0.69;249.97;18.56;705;94;5175.00;202
14121;90;627374825;14121;143;14823;15025;11.32;0.69;249.97;18.56;702;94;5176.00;202
14124;90;627374836;14124;144;14824;15026;11.26;0.68;249.98;18.56;700;94;5177.00;202
14127;90;627374847;14127;143;14824;15026;11.20;0.68;249.96;18.56;697;94;5178.00;202
14132;90;627374863;14132;142;14824;15026;11.15;0.68;249.95;18.56;692;94;5179.00;202
14134;90;627374874;14134;144;14824;15026;11.10;0.68;249.95;18.56;690;94;5180.00;202
14139;90;627374884;14139;139;14824;15026;11.10;0.67;249.91;18.56;685;94;5181.00;202
14141;90;627374900;14141;139;14824;15026;11.22;0.68;249.90;18.56;683;94;5182.00;202
14145;90;627374910;14145;137;14824;15026;11.19;0.68;249.91;18.56;679;94;5183.00;202
14146;90;627374926;14146;156;14898;15153;10.82;0.66;249.91;18.47;752;94;5184.00;255
14149;90;627374945;14149;147;14898;15154;10.83;0.66;249.91;18.47;749;94;5185.00;256
14153;90;627374956;14153;133;14904;15154;10.92;0.67;249.96;18.46;751;94;5186.00;250
14155;90;627374973;14155;134;14908;15154;10.97;0.67;249.95;18.46;753;94;5187.00;246
14157;90;627374984;14157;136;14914;15154;10.95;0.67;249.95;18.45;757;94;5188.00;240
14159;90;627374994;14159;140;14919;15154;10.95;0.67;249.94;18.45;760;94;5189.00;235
14161;90;627375007;14161;144;14924;15154;10.97;0.67;249.94;18.44;763;94;5190.00;230
14164;90;627375019;14164;143;14926;15154;10.98;0.67;249.92;18.44;762;94;5191.00;228
14166;90;627375039;14166;151;14929;15155;11.05;0.68;249.93;18.44;763;94;5192.00;226
14172;90;627375051;14172;154;14931;15156;11.07;0.68;249.92;18.44;759;94;5193.00;225
14174;90;627375064;14174;161;14932;15156;11.08;0.68;249.92;18.44;758;94;5194.00;224
14177;90;627375075;14177;162;14933;15157;11.14;0.68;249.93;18.44;756;94;5195.00;224
14181;90;627375086;14181;167;14935;15157;11.10;0.68;249.95;18.59;754;94;5196.00;222
14181;90;627375098;14181;170;14936;15157;11.08;0.68;249.95;18.59;755;94;5197.00;221
14184;90;627375108;14184;175;14938;15157;11.00;0.67;249.95;18.59;754;94;5198.00;219
14186;90;627375119;14186;174;14940;15161;10.92;0.67;249.95;18.59;754;94;5199.00;221
14188;90;627375141;14188;177;14942;15161;10.91;0.67;249.96;18.59;754;94;5200.00;219
14191;90;627375155;14191;184;14943;15161;10.79;0.66;249.96;18.59;752;94;5201.00;218
14195;90;627375165;14195;181;14946;15164;10.66;0.65;249.96;18.59;751;94;5202.00;218
14197;90;627375182;14197;181;14947;15164;10.54;0.64;249.98;18.58;750;94;5203.00;217
14200;90;627375192;14200;178;14948;15164;10.42;0.64;249.98;18.58;748;94;5204.00;216
14204;90;627375202;14204;176;14953;15168;10.35;0.63;249.98;18.61;749;94;5205.00;215
14210;90;627375214;14210;178;14955;15169;10.30;0.63;249.93;18.60;745;94;5206.00;214
14212;90;627375225;14212;169;14955;15169;10.34;0.63;249.92;18.60;743;94;5207.00;214
14214;90;627375234;14214;168;14957;15173;10.34;0.63;249.91;18.60;743;94;5208.00;216
14219;90;627375245;14219;165;14957;15173;10.28;0.63;249.90;18.60;738;94;5209.00;216
14222;90;627375256;14222;164;14957;15173;10.25;0.62;249.87;18.60;735;94;5210.00;216
14227;90;627375266;14227;157;14958;15174;10.26;0.62;249.84;18.60;731;94;5211.00;216
14227;90;627375276;14227;162;14958;15174;10.30;0.63;249.84;18.60;731;94;5212.00;216
14229;90;627375286;14229;165;14961;15180;10.34;0.63;249.82;18.60;732;94;5213.00;219
14235;90;627375297;14235;170;14962;15180;10.38;0.63;249.81;18.60;727;94;5214.00;218
14237;90;627375306;14237;173;14963;15180;10.38;0.63;249.79;18.60;726;94;5215.00;217
14239;90;627375317;14239;176;14963;15181;10.36;0.63;249.78;18.60;724;94;5216.00;218
14243;90;627375326;14243;180;14964;15181;10.32;0.63;249.77;18.60;721;94;5217.00;217
14246;90;627375336;14246;181;14964;15181;10.25;0.62;249.75;18.60;718;94;5218.00;217
14247;90;627375346;14247;189;14964;15181;10.23;0.62;249.74;18.60;717;94;5219.00;217
14250;90;627375357;14250;202;14986;15217;10.21;0.62;249.72;18.57;736;94;5220.00;231
14252;90;627375370;14252;206;14986;15217;10.13;0.62;249.69;18.57;734;94;5221.00;231
14258;90;627375379;14258;206;14988;15217;10.10;0.61;249.67;18.57;730;94;5222.00;229
14259;90;627375396;14259;209;14989;15217;10.02;0.61;249.66;18.57;730;94;5223.00;228
14259;90;627375406;14259;217;14990;15217;9.95;0.60;249.66;18.57;731;94;5224.00;227
14259;90;627375414;14259;219;14991;15217;9.89;0.60;249.66;18.57;732;94;5225.00;226
14261;90;627375424;14261;219;14995;15221;9.81;0.59;249.66;18.56;734;94;5226.00;226
14262;90;627375434;14262;228;14996;15221;9.69;0.59;249.72;18.56;734;94;5227.00;225
14262;90;627375443;14262;235;14999;15225;9.63;0.58;249.72;18.56;737;94;5228.00;226
14264;90;627375453;14264;241;15001;15226;9.56;0.58;249.71;18.56;737;94;5229.00;225
14265;90;627375463;14265;246;15004;15226;9.46;0.57;249.69;18.58;739;94;5230.00;222
14266;90;627375473;14266;252;15005;15226;9.40;0.57;249.68;18.58;739;94;5231.00;221
14269;90;627375483;14269;257;15015;15239;9.18;0.56;249.66;18.58;746;94;5232.00;224
14270;90;627375493;14270;262;15019;15239;9.01;0.55;249.66;18.60;749;94;5233.00;220
14271;90;627375503;14271;266;15019;15239;8.92;0.54;249.65;18.60;748;94;5234.00;220
14271;90;627375512;14271;258;15021;15240;8.85;0.54;249.65;18.60;750;94;5235.00;219
14271;90;627375522;14271;252;15023;15241;8.81;0.54;249.65;18.61;752;94;5236.00;218
14272;90;627375532;14272;258;15023;15241;8.88;0.54;249.65;18.61;751;94;5237.00;218
14274;90;627375541;14274;260;15029;15244;8.92;0.54;249.68;18.63;755;94;5238.00;215
14275;90;627375551;14275;259;15029;15244;8.93;0.54;249.68;18.63;754;94;5239.00;215
14276;90;627375561;14276;256;15032;15244;8.96;0.54;249.72;18.66;756;94;5240.00;212
14276;90;627375571;14276;255;15032;15244;8.91;0.54;249.72;18.66;756;94;5241.00;212
14276;90;627375591;14276;255;15037;15250;8.84;0.54;249.72;18.66;761;94;5242.00;213
14278;90;627375607;14278;259;15040;15250;8.79;0.53;249.71;18.69;762;94;5243.00;210
14279;90;627375618;14279;257;15041;15250;8.73;0.53;249.71;18.69;762;94;5244.00;209
14279;90;627375632;14279;258;15042;15250;8.67;0.53;249.71;18.70;763;94;5245.00;208
14280;90;627375642;14280;262;15046;15254;8.60;0.52;249.70;18.70;766;94;5246.00;208
14281;90;627375651;14281;260;15048;15255;8.52;0.52;249.69;18.71;767;94;5247.00;207
14282;91;627375661;14282;262;15049;15255;8.46;0.51;249.67;18.71;767;95;5248.00;206
14282;91;627375681;14282;257;15051;15256;8.46;0.51;249.67;18.72;769;95;5249.00;205
14283;91;627375692;14283;258;15051;15256;8.46;0.52;249.65;18.72;768;95;5250.00;205
14284;91;627375702;14284;252;15052;15256;8.49;0.52;249.65;18.73;768;95;5251.00;204
14285;91;627375712;14285;237;15053;15256;8.53;0.52;249.64;18.74;768;95;5252.00;203
14288;91;627375722;14288;236;15053;15256;8.57;0.52;249.62;18.74;765;95;5253.00;203
14288;91;627375732;14288;235;15055;15256;8.58;0.52;249.62;18.75;767;95;5254.00;201
14289;91;627375741;14289;235;15055;15256;8.64;0.53;249.61;18.75;766;95;5255.00;201
14292;91;627375751;14292;239;15094;15326;8.69;0.53;249.60;18.72;802;95;5256.00;232
14295;91;627375771;14295;240;15094;15327;8.66;0.53;249.61;18.72;799;95;5257.00;233
14297;91;627375788;14297;234;15101;15327;8.65;0.53;249.59;18.71;804;95;5258.00;226
14299;91;627375803;14299;235;15108;15327;8.53;0.52;249.58;18.72;809;95;5259.00;219
14300;91;627375820;14300;238;15111;15327;8.44;0.52;249.60;18.71;811;95;5260.00;216
14301;91;627375836;14301;235;15118;15327;8.39;0.52;249.61;18.71;817;95;5261.00;209
14304;91;627375850;14304;236;15120;15327;8.29;0.51;249.62;18.72;816;95;5262.00;207
14310;91;627375865;14310;239;15123;15327;8.20;0.50;249.66;18.72;813;95;5263.00;204
14316;91;627375895;14316;239;15125;15328;8.10;0.50;249.64;18.73;809;95;5264.00;203
14321;91;627375907;14321;244;15130;15330;8.08;0.50;249.64;18.72;809;95;5265.00;200
14328;91;627375919;14328;245;15132;15330;8.01;0.49;249.63;18.72;804;95;5266.00;198
14332;91;627375932;14332;243;15136;15334;7.91;0.48;249.67;18.72;804;95;5267.00;198
14334;91;627375943;14334;246;15137;15334;7.79;0.48;249.66;18.73;803;95;5268.00;197
14339;91;627375953;14339;246;15137;15334;7.70;0.47;249.65;18.73;798;95;5269.00;197
14342;91;627375964;14342;244;15138;15334;7.61;0.47;249.65;18.74;796;95;5270.00;196
14348;91;627375976;14348;240;15144;15340;7.58;0.47;249.64;18.73;796;95;5271.00;196
14351;91;627375988;14351;237;15145;15340;7.56;0.47;249.65;18.74;794;95;5272.00;195
14356;91;627375998;14356;240;15145;15340;7.52;0.46;249.65;18.74;789;95;5273.00;195
14360;91;627376008;14360;237;15148;15343;7.58;0.47;249.66;18.74;788;95;5274.00;195
14363;91;627376020;14363;240;15148;15343;7.68;0.47;249.67;18.74;785;95;5275.00;195
14367;91;627376031;14367;236;15149;15343;7.79;0.48;249.67;18.75;782;95;5276.00;194
14372;91;627376041;14372;235;15151;15344;7.88;0.49;249.67;18.77;779;95;5277.00;193
14377;91;627376052;14377;236;15153;15345;8.00;0.49;249.67;18.78;776;95;5278.00;192
14379;91;627376063;14379;231;15153;15345;8.16;0.50;249.68;18.78;774;95;5279.00;192
14384;91;627376075;14384;218;15170;15371;8.23;0.51;249.74;18.76;786;95;5280.00;201
14387;91;627376088;14387;216;15171;15371;8.34;0.51;249.77;18.75;784;95;5281.00;200
14391;91;627376099;14391;210;15173;15371;8.50;0.52;249.74;18.75;782;95;5282.00;198
14395;91;627376111;14395;210;15174;15372;8.60;0.53;249.75;18.75;779;95;5283.00;198
14401;91;627376123;14401;211;15175;15372;8.67;0.53;249.75;18.75;774;95;5284.00;197
14406;91;627376135;14406;212;15180;15376;8.74;0.53;249.79;18.74;774;95;5285.00;196
14412;91;627376147;14412;211;15180;15376;8.77;0.53;249.72;18.74;768;95;5286.00;196
14418;91;627376158;14418;213;15183;15379;8.73;0.53;249.73;18.74;765;95;5287.00;196
14424;91;627376170;14424;211;15183;15380;8.72;0.53;249.78;18.74;759;95;5288.00;197
14428;91;627376181;14428;209;15183;15380;8.79;0.53;249.74;18.74;755;95;5289.00;197
14433;91;627376192;14433;212;15183;15380;8.83;0.54;249.77;18.74;750;95;5290.00;197
14434;91;627376203;14434;217;15183;15380;8.87;0.54;249.77;18.74;749;95;5291.00;197
14437;92;627376213;14437;208;15193;15392;8.94;0.54;249.79;18.73;756;96;5292.00;199
14442;92;627376245;14442;202;15193;15392;8.91;0.54;249.84;18.73;751;96;5293.00;199
14445;92;627376258;14445;196;15194;15392;8.99;0.55;249.86;18.73;749;96;5294.00;198
14450;92;627376270;14450;195;15194;15392;9.03;0.55;249.87;18.73;744;96;5295.00;198
14454;92;627376282;14454;194;15194;15392;9.08;0.55;249.85;18.73;740;96;5296.00;198
14458;92;627376293;14458;193;15194;15392;9.15;0.56;249.87;18.73;736;96;5297.00;198
14462;92;627376304;14462;199;15194;15393;9.17;0.56;249.91;18.73;732;96;5298.00;199
14464;92;627376317;14464;201;15194;15393;9.22;0.56;249.90;18.73;730;96;5299.00;199
14470;92;627376328;14470;198;15198;15399;9.28;0.57;249.88;18.72;728;96;5300.00;201
14476;92;627376346;14476;196;15199;15400;9.30;0.57;249.87;18.72;723;96;5301.00;201
14481;92;627376358;14481;198;15200;15400;9.30;0.57;249.87;18.72;719;96;5302.00;200
14484;92;627376369;14484;199;15200;15400;9.35;0.57;249.87;18.72;716;96;5303.00;200
14487;92;627376381;14487;202;15204;15404;9.43;0.58;249.85;18.87;717;96;5304.00;200
14492;92;627376394;14492;204;15204;15404;9.48;0.58;249.87;18.87;712;96;5305.00;200
14493;92;627376405;14493;201;15204;15404;9.59;0.58;249.86;18.87;711;96;5306.00;200
14496;92;627376417;14496;200;15205;15405;9.68;0.59;249.87;18.87;709;96;5307.00;200
14498;92;627376428;14498;201;15208;15409;9.75;0.59;249.85;18.87;710;96;5308.00;201
14503;92;627376440;14503;205;15208;15409;9.79;0.60;249.87;18.87;705;96;5309.00;201
14506;92;627376454;14506;209;15211;15415;9.82;0.60;249.91;18.87;705;96;5310.00;204
14509;92;627376466;14509;210;15212;15415;9.80;0.60;249.96;18.87;703;96;5311.00;203
14514;92;627376478;14514;214;15213;15415;9.75;0.59;250.01;18.86;699;96;5312.00;202
14517;92;627376490;14517;213;15213;15415;9.73;0.59;250.05;18.86;696;96;5313.00;202
14519;92;627376501;14519;221;15216;15419;9.75;0.59;250.06;18.86;697;96;5314.00;203
14525;92;627376512;14525;224;15216;15419;9.66;0.59;250.07;18.86;691;96;5315.00;203
14530;92;627376524;14530;226;15217;15419;9.54;0.58;250.04;18.86;687;96;5316.00;202
14533;92;627376535;14533;218;15217;15419;9.49;0.58;250.04;18.86;684;96;5317.00;202
14535;93;627376546;14535;215;15218;15420;9.48;0.58;250.05;18.86;683;97;5318.00;202
14538;93;627376571;14538;209;15219;15421;9.46;0.58;250.05;18.86;681;97;5319.00;202
14541;93;627376583;14541;206;15219;15421;9.45;0.58;250.11;18.86;678;97;5320.00;202
14544;93;627376595;14544;205;15220;15422;9.47;0.58;250.10;18.86;676;97;5321.00;202
14549;93;627376608;14549;208;15220;15422;9.41;0.57;250.11;18.86;671;97;5322.00;202
14556;93;627376620;14556;207;15220;15422;9.31;0.57;250.12;18.86;664;97;5323.00;202
14560;93;627376634;14560;210;15220;15422;9.31;0.57;250.14;18.86;660;97;5324.00;202
14562;93;627376646;14562;210;15220;15422;9.30;0.57;250.13;18.86;658;97;5325.00;202
14566;93;627376659;14566;197;15220;15422;9.32;0.57;250.15;18.86;654;97;5326.00;202
14569;93;627376677;14569;182;15220;15422;9.28;0.57;250.17;18.86;651;97;5327.00;202
14572;93;627376688;14572;197;15287;15549;9.23;0.57;250.17;18.77;715;97;5328.00;262
14575;93;627376710;14575;175;15289;15550;9.31;0.58;250.20;18.77;714;97;5329.00;261
14577;93;627376721;14577;159;15296;15550;9.52;0.59;250.18;18.76;719;97;5330.00;254
14579;93;627376732;14579;146;15301;15550;9.67;0.60;250.18;18.76;722;97;5331.00;249
14583;93;627376744;14583;143;15306;15550;9.82;0.61;250.17;18.75;723;97;5332.00;244
14585;93;627376757;14585;140;15310;15550;9.96;0.61;250.19;18.75;725;97;5333.00;240
14589;93;627376772;14589;140;15315;15550;10.09;0.62;250.25;18.75;726;97;5334.00;235
14592;93;627376791;14592;138;15319;15550;10.18;0.63;250.25;18.74;727;97;5335.00;231
14595;93;627376810;14595;140;15322;15551;10.21;0.63;250.25;18.74;727;97;5336.00;229
14595;93;627376822;14595;139;15324;15552;10.16;0.63;250.25;18.74;729;97;5337.00;228
14597;93;627376834;14597;144;15327;15552;10.12;0.62;250.26;18.74;730;97;5338.00;225
14601;93;627376846;14601;144;15329;15553;10.10;0.62;250.29;18.74;728;97;5339.00;224
14607;93;627376859;14607;144;15331;15553;10.05;0.62;250.29;18.74;724;97;5340.00;222
14610;93;627376876;14610;147;15333;15553;10.11;0.62;250.30;18.74;723;97;5341.00;220
14611;93;627376895;14611;148;15335;15553;10.22;0.63;250.30;18.73;724;97;5342.00;218
14612;93;627376906;14612;153;15337;15557;10.28;0.63;250.29;18.73;725;97;5343.00;220
14614;93;627376924;14614;159;15340;15557;10.34;0.64;250.29;18.73;726;97;5344.00;217
14618;93;627376934;14618;161;15340;15557;10.33;0.64;250.34;18.73;722;97;5345.00;217
14619;93;627376945;14619;161;15343;15560;10.38;0.64;250.35;18.73;724;97;5346.00;217
14621;93;627376962;14621;165;15343;15560;10.36;0.64;250.34;18.73;722;97;5347.00;217
14625;93;627376978;14625;166;15344;15560;10.31;0.63;250.34;18.73;719;97;5348.00;216
14627;93;627376989;14627;171;15347;15564;10.38;0.64;250.33;18.73;720;97;5349.00;217
14629;93;627376999;14629;172;15349;15565;10.43;0.64;250.33;18.72;720;97;5350.00;216
14632;93;627377010;14632;173;15349;15565;10.42;0.64;250.35;18.72;717;97;5351.00;216
14632;93;627377020;14632;171;15353;15569;10.49;0.64;250.35;18.72;721;97;5352.00;216
14635;93;627377030;14635;179;15353;15569;10.55;0.64;250.33;18.72;718;97;5353.00;216
14635;93;627377040;14635;183;15354;15569;10.66;0.65;250.33;18.72;719;97;5354.00;215
14638;93;627377050;14638;187;15356;15571;10.66;0.65;250.33;18.72;718;97;5355.00;215
14640;93;627377061;14640;190;15357;15571;10.66;0.65;250.31;18.88;717;97;5356.00;214
14644;94;627377072;14644;196;15361;15577;10.65;0.65;250.31;18.87;717;98;5357.00;216
14646;94;627377095;14646;197;15361;15577;10.67;0.65;250.29;18.87;715;98;5358.00;216
14648;94;627377110;14648;202;15362;15577;10.83;0.66;250.29;18.87;714;98;5359.00;215
14648;94;627377120;14648;205;15362;15578;10.92;0.66;250.29;18.87;714;98;5360.00;216
14651;94;627377135;14651;201;15362;15578;11.00;0.67;250.28;18.87;711;98;5361.00;216
14656;94;627377145;14656;202;15362;15578;11.05;0.67;250.28;18.87;706;98;5362.00;216
14657;94;627377155;14657;206;15362;15578;11.03;0.67;250.27;18.87;705;98;5363.00;216
14661;94;627377164;14661;206;15372;15590;11.07;0.67;250.27;18.86;711;98;5364.00;218
14664;94;627377174;14664;203;15372;15590;10.97;0.67;250.27;18.86;708;98;5365.00;218
14666;94;627377184;14666;205;15373;15590;10.94;0.66;250.25;18.86;707;98;5366.00;217
14668;94;627377194;14668;206;15373;15590;10.87;0.66;250.23;18.86;705;98;5367.00;217
14670;94;627377203;14670;211;15373;15590;10.80;0.65;250.22;18.86;703;98;5368.00;217
14674;94;627377212;14674;208;15373;15590;10.78;0.65;250.17;18.86;699;98;5369.00;217
14678;94;627377223;14678;208;15376;15594;10.77;0.65;250.15;18.85;698;98;5370.00;218
14680;94;627377232;14680;207;15376;15594;10.78;0.65;250.14;18.85;696;98;5371.00;218
14684;94;627377241;14684;202;15379;15598;10.73;0.65;250.12;18.85;695;98;5372.00;219
14686;94;627377250;14686;198;15381;15599;10.80;0.66;250.16;18.85;695;98;5373.00;218
14689;94;627377259;14689;194;15381;15599;10.81;0.66;250.13;18.85;692;98;5374.00;218
14691;94;627377274;14691;190;15383;15599;10.78;0.66;250.11;19.02;692;98;5375.00;216
14694;94;627377286;14694;188;15392;15612;10.78;0.66;250.10;19.01;698;98;5376.00;220
14697;94;627377297;14697;181;15392;15612;10.77;0.66;250.09;19.01;695;98;5377.00;220
14701;94;627377306;14701;183;15394;15612;10.74;0.66;250.08;19.01;693;98;5378.00;218
14701;94;627377316;14701;181;15395;15613;10.82;0.66;250.08;19.01;694;98;5379.00;218
14703;94;627377324;14703;183;15395;15614;10.84;0.66;250.08;19.01;692;98;5380.00;219
14707;94;627377334;14707;184;15395;15614;10.92;0.67;250.05;19.01;688;98;5381.00;219
14711;94;627377344;14711;182;15398;15617;10.97;0.67;250.08;19.01;687;98;5382.00;219
14713;94;627377353;14713;183;15399;15617;11.04;0.67;250.07;19.01;686;98;5383.00;218
14714;94;627377363;14714;182;15399;15617;11.06;0.67;250.07;19.01;685;98;5384.00;218
14716;94;627377372;14716;184;15399;15617;11.05;0.67;250.06;19.01;683;98;5385.00;218
14718;94;627377381;14718;188;15403;15623;11.01;0.67;250.04;19.01;685;98;5386.00;220
14719;94;627377391;14719;181;15403;15623;10.93;0.66;250.05;19.01;684;98;5387.00;220
14721;94;627377400;14721;173;15404;15623;10.84;0.66;250.03;19.00;683;98;5388.00;219
14722;94;627377410;14722;166;15404;15623;10.76;0.65;250.03;19.00;682;98;5389.00;219
14723;94;627377419;14723;162;15408;15627;10.67;0.65;250.02;19.16;685;98;5390.00;219
14725;94;627377430;14725;157;15409;15628;10.63;0.64;250.00;19.16;684;98;5391.00;219
14725;94;627377440;14725;152;15409;15628;10.67;0.65;250.00;19.16;684;98;5392.00;219
14726;94;627377450;14726;148;15410;15629;10.72;0.65;250.01;19.16;684;98;5393.00;219
14726;94;627377465;14726;142;15410;15629;10.68;0.65;250.01;19.16;684;98;5394.00;219
14727;95;627377476;14727;140;15410;15629;10.74;0.65;250.01;19.16;683;99;5395.00;219
14729;95;627377499;14729;144;15411;15629;10.77;0.65;250.00;19.17;682;99;5396.00;218
14733;96;627377515;14733;144;15411;15629;10.75;0.65;250.02;19.17;678;100;5397.00;218
14735;96;627377538;14735;144;15411;15629;10.72;0.65;250.02;19.17;676;100;5398.00;218
14736;96;627377553;14736;149;15413;15629;10.74;0.65;250.02;19.18;677;100;5399.00;216
