step_arrived;step_collisions;step_duration;step_ended;step_halting;step_inserted;step_loaded;step_meanSpeed;step_meanSpeedRelative;step_meanTravelTime;step_meanWaitingTime;step_running;step_teleports;step_time;step_waiting
0;0;627248416;0;1;89;245;15.98;1.13;-1.00;0.00;89;0;0.00;156
0;0;627248443;0;0;102;245;14.88;1.03;-1.00;0.13;102;0;1.00;143
0;0;627248445;0;2;122;245;14.20;0.97;-1.00;0.43;122;0;2.00;123
0;0;627248446;0;3;138;245;12.95;0.88;-1.00;0.73;138;0;3.00;107
0;0;627248447;0;2;149;245;12.31;0.83;-1.00;0.97;149;0;4.00;96
0;0;627248448;0;6;155;245;11.45;0.77;-1.00;1.13;155;0;5.00;90
0;0;627248450;0;10;166;245;10.47;0.70;-1.00;1.45;166;0;6.00;79
0;0;627248452;0;12;172;245;10.17;0.68;-1.00;1.65;172;0;7.00;73
0;0;627248453;0;15;181;246;9.66;0.64;-1.00;1.96;181;0;8.00;65
0;0;627248455;0;15;186;247;9.49;0.63;-1.00;2.15;186;0;9.00;61
0;0;627248458;0;18;193;247;9.33;0.62;-1.00;2.40;193;0;10.00;54
0;0;627248460;0;25;195;248;9.22;0.61;-1.00;2.44;195;0;11.00;53
0;0;627248462;0;26;200;248;9.30;0.61;-1.00;2.67;200;0;12.00;48
1;0;627248464;1;32;204;248;9.33;0.61;13.00;2.88;203;0;13.00;44
1;0;627248468;1;33;208;248;9.49;0.62;13.00;3.09;207;0;14.00;40
1;0;627248471;1;35;214;252;9.55;0.62;13.00;3.29;213;0;15.00;38
1;0;627248474;1;38;216;252;9.63;0.62;13.00;3.41;215;0;16.00;36
1;0;627248477;1;45;220;252;9.50;0.61;13.00;3.66;219;0;17.00;32
1;0;627248480;1;47;225;255;9.61;0.61;13.00;3.90;224;0;18.00;30
2;0;627248484;2;48;229;255;9.59;0.61;16.00;4.16;227;0;19.00;26
2;0;627248487;2;52;232;255;9.63;0.61;16.00;4.33;230;0;20.00;23
3;0;627248490;3;60;236;259;9.77;0.61;17.67;4.27;233;0;21.00;23
4;0;627248494;4;63;243;260;9.74;0.61;18.75;4.62;239;0;22.00;17
5;0;627248497;5;65;245;260;9.66;0.60;19.60;4.77;240;0;23.00;15
5;0;627248500;5;71;249;264;9.68;0.60;19.60;4.79;244;0;24.00;15
6;0;627248503;6;78;252;264;9.56;0.59;20.17;4.98;246;0;25.00;12
6;0;627248506;6;79;255;264;9.50;0.59;20.17;5.17;249;0;26.00;9
6;0;627248509;6;83;256;265;9.60;0.60;20.17;5.15;250;0;27.00;9
6;0;627248512;6;87;258;265;9.57;0.59;20.17;5.26;252;0;28.00;7
6;0;627248516;6;91;263;271;9.42;0.58;20.17;5.28;257;0;29.00;8
6;0;627248521;6;92;264;271;9.30;0.58;20.17;5.27;258;0;30.00;7
8;0;627248524;8;94;266;272;9.12;0.56;22.50;5.35;258;0;31.00;6
8;0;627248528;8;99;267;272;9.07;0.56;22.50;5.34;259;0;32.00;5
8;0;627248541;8;102;267;272;8.98;0.55;22.50;5.34;259;0;33.00;5
8;0;627248545;8;106;268;272;8.99;0.55;22.50;5.36;260;0;34.00;4
10;0;627248548;10;108;268;272;8.94;0.55;24.00;5.36;258;0;35.00;4
10;0;627248551;10;112;280;284;9.18;0.57;24.00;5.13;270;0;36.00;4
10;0;627248555;10;117;280;284;9.16;0.57;24.00;5.13;270;0;37.00;4
11;0;627248558;11;119;280;284;9.07;0.56;25.00;5.13;269;0;38.00;4
12;0;627248562;12;121;280;284;8.90;0.55;26.17;5.13;268;0;39.00;4
12;0;627248566;12;121;280;284;8.86;0.55;26.17;5.13;268;0;40.00;4
14;0;627248569;14;126;280;284;8.65;0.53;27.79;5.13;266;0;41.00;4
14;0;627248573;14;129;284;288;8.58;0.53;27.79;5.07;270;0;42.00;4
15;0;627248576;15;133;284;288;8.30;0.51;28.27;5.07;269;0;43.00;4
16;0;627248579;16;134;287;292;8.07;0.50;27.94;5.03;271;0;44.00;5
16;0;627248589;16;139;289;294;7.96;0.49;27.94;5.00;273;0;45.00;5
18;0;627248593;18;140;290;294;7.85;0.48;29.61;4.99;272;0;46.00;4
18;0;627248597;18;138;290;294;7.78;0.48;29.61;4.99;272;0;47.00;4
18;0;627248600;18;139;301;307;8.09;0.50;29.61;4.81;283;0;48.00;6
18;0;627248604;18;140;301;307;7.91;0.49;29.61;4.81;283;0;49.00;6
18;0;627248607;18;143;301;307;7.80;0.48;29.61;4.81;283;0;50.00;6
18;0;627248609;18;147;302;308;7.78;0.48;29.61;4.79;284;0;51.00;6
19;0;627248612;19;148;303;309;7.66;0.48;28.89;4.78;284;0;52.00;6
20;0;627248616;20;151;303;309;7.60;0.47;30.10;4.78;283;0;53.00;6
21;0;627248619;21;154;305;312;7.59;0.47;31.19;4.75;284;0;54.00;7
23;0;627248622;23;155;305;312;7.45;0.46;32.30;4.75;282;0;55.00;7
23;0;627248626;23;145;306;312;7.44;0.46;32.30;4.74;283;0;56.00;6
25;0;627248629;25;138;306;312;7.45;0.46;34.20;4.74;281;0;57.00;6
25;0;627248632;25;135;311;318;7.52;0.47;34.20;4.68;286;0;58.00;7
25;0;627248636;25;136;311;318;7.61;0.47;34.20;4.68;286;0;59.00;7
26;0;627248641;26;138;312;318;7.72;0.48;35.08;4.68;286;0;60.00;6
27;0;627248643;27;142;312;318;7.79;0.48;34.96;4.68;285;0;61.00;6
29;0;627248647;29;141;316;322;7.88;0.49;36.72;4.63;287;0;62.00;6
30;0;627248650;30;145;317;323;8.03;0.49;37.60;4.62;287;0;63.00;6
30;0;627248653;30;146;317;323;8.11;0.50;37.60;4.62;287;0;64.00;6
30;0;627248656;30;146;318;324;8.18;0.50;37.60;4.60;288;0;65.00;6
30;0;627248661;30;149;318;324;8.18;0.50;37.60;4.60;288;0;66.00;6
31;0;627248664;31;140;318;324;8.15;0.50;38.55;4.60;287;0;67.00;6
31;0;627248668;31;139;318;324;8.19;0.50;38.55;4.60;287;0;68.00;6
32;0;627248671;32;135;318;324;8.27;0.51;38.19;4.60;286;0;69.00;6
32;0;627248675;32;132;318;324;8.32;0.51;38.19;4.60;286;0;70.00;6
35;0;627248679;35;129;318;324;8.39;0.51;40.29;4.60;283;0;71.00;6
35;0;627248683;35;134;354;394;8.43;0.52;40.29;4.14;319;0;72.00;40
36;0;627248694;36;126;355;395;8.57;0.53;41.06;4.13;319;0;73.00;40
37;0;627248698;37;118;361;395;9.00;0.55;41.95;4.09;324;0;74.00;34
39;0;627248702;39;114;364;395;9.26;0.57;43.46;4.08;325;0;75.00;31
39;0;627248713;39;110;368;395;9.60;0.59;43.46;4.08;329;0;76.00;27
40;1;627248717;40;109;372;395;9.87;0.60;44.30;4.09;332;1;77.00;23
41;2;627248732;41;106;376;395;10.00;0.61;45.12;4.11;335;2;78.00;19
42;2;627248743;42;107;378;395;10.05;0.61;45.52;4.13;336;2;79.00;17
42;2;627248747;42;110;380;396;10.11;0.61;45.52;4.13;338;2;80.00;16
42;2;627248773;42;110;381;397;10.09;0.61;45.52;4.12;339;2;81.00;16
42;2;627248779;42;112;382;397;10.05;0.61;45.52;4.13;340;2;82.00;15
43;2;627248783;43;115;386;401;9.93;0.60;46.40;4.10;343;2;83.00;15
43;2;627248788;43;115;386;401;9.98;0.61;46.40;4.10;343;2;84.00;15
44;2;627248791;44;118;386;401;9.99;0.61;47.18;4.10;342;2;85.00;15
44;2;627248796;44;117;386;401;9.87;0.60;47.18;4.10;342;2;86.00;15
44;2;627248799;44;123;390;407;9.82;0.60;47.18;4.07;346;2;87.00;17
45;2;627248803;45;125;391;407;9.72;0.59;48.09;4.06;346;2;88.00;16
46;2;627248808;46;124;391;407;9.59;0.58;48.98;4.06;345;2;89.00;16
48;2;627248815;48;126;395;413;9.54;0.58;50.69;4.02;347;2;90.00;18
49;2;627248821;49;128;395;413;9.49;0.58;51.49;4.02;346;2;91.00;18
52;2;627248827;52;131;396;413;9.50;0.58;53.73;4.02;344;2;92.00;17
55;2;627248833;55;135;397;414;9.43;0.57;54.56;4.01;342;2;93.00;17
56;2;627248838;56;136;399;415;9.49;0.58;55.27;4.00;343;2;94.00;16
58;2;627248843;58;134;399;415;9.45;0.57;56.59;4.00;341;2;95.00;16
59;2;627248847;59;137;410;428;9.37;0.57;56.90;3.90;351;2;96.00;18
60;2;627248852;60;135;410;428;9.39;0.57;57.57;3.90;350;2;97.00;18
61;2;627248856;61;133;410;428;9.35;0.57;58.23;3.90;349;2;98.00;18
63;2;627248860;63;132;411;429;9.38;0.57;59.51;3.89;348;2;99.00;18
64;2;627248865;64;129;411;429;9.43;0.57;60.14;3.89;347;2;100.00;18
64;2;627248874;64;128;413;433;9.53;0.58;60.14;3.87;349;2;101.00;20
66;2;627248879;66;120;413;433;9.58;0.58;61.35;3.87;347;2;102.00;20
67;2;627248883;67;115;418;437;9.57;0.58;61.82;3.84;351;2;103.00;19
68;2;627248889;68;111;418;437;9.68;0.59;62.44;3.84;350;2;104.00;19
68;2;627248894;68;108;418;437;9.81;0.60;62.44;3.84;350;2;105.00;19
68;2;627248899;68;101;418;437;10.00;0.61;62.44;3.84;350;2;106.00;19
68;2;627248905;68;97;418;437;10.14;0.62;62.44;3.84;350;2;107.00;19
69;2;627248910;69;91;429;449;10.34;0.63;63.07;3.74;360;2;108.00;20
70;2;627248916;70;87;430;449;10.36;0.63;63.73;3.74;360;2;109.00;19
70;2;627248921;70;81;430;449;10.58;0.65;63.73;3.74;360;2;110.00;19
71;2;627248926;71;76;430;449;10.68;0.65;64.37;3.74;359;2;111.00;19
71;2;627248932;71;72;430;449;10.80;0.66;64.37;3.74;359;2;112.00;19
72;2;627248937;72;71;430;449;10.86;0.66;64.90;3.74;358;2;113.00;19
72;2;627248943;72;67;431;450;10.99;0.67;64.90;3.73;359;2;114.00;19
73;2;627248949;73;67;431;450;11.18;0.68;65.59;3.73;358;2;115.00;19
73;2;627248955;73;65;435;456;11.38;0.69;65.59;3.71;362;2;116.00;21
75;2;627248961;75;65;438;457;11.51;0.70;66.79;3.95;363;2;117.00;19
75;2;627248968;75;67;438;457;11.59;0.71;66.79;3.95;363;2;118.00;19
78;2;627248974;78;71;438;457;11.52;0.70;68.31;3.95;360;2;119.00;19
80;2;627248982;80;71;444;462;11.44;0.70;68.99;4.28;364;2;120.00;18
81;2;627248989;81;74;445;462;11.36;0.69;69.63;4.38;364;2;121.00;17
83;2;627248995;83;75;445;462;11.24;0.68;70.57;4.38;362;2;122.00;17
83;2;627249002;83;79;446;463;11.21;0.68;70.57;4.37;363;2;123.00;17
84;2;627249007;84;83;452;467;11.19;0.68;71.19;4.71;368;2;124.00;15
84;2;627249014;84;84;454;467;11.23;0.69;71.19;4.92;370;2;125.00;13
85;2;627249020;85;85;457;470;11.38;0.70;71.48;5.17;372;2;126.00;13
85;2;627249026;85;90;460;470;11.42;0.70;71.48;5.37;375;2;127.00;10
86;2;627249033;86;92;462;470;11.44;0.70;72.13;5.61;376;2;128.00;8
86;2;627249040;86;95;462;470;11.41;0.70;72.13;5.61;376;2;129.00;8
87;2;627249046;87;98;467;474;11.47;0.70;72.52;5.83;380;2;130.00;7
88;2;627249052;88;97;467;474;11.51;0.70;73.17;5.83;379;2;131.00;7
92;2;627249058;92;98;470;474;11.54;0.70;74.61;5.93;378;2;132.00;4
95;2;627249065;95;99;470;474;11.59;0.71;75.97;5.93;375;2;133.00;4
96;2;627249071;96;103;471;475;11.61;0.71;76.57;5.92;375;2;134.00;4
98;2;627249077;98;105;474;477;11.58;0.71;76.66;6.02;376;2;135.00;3
98;2;627249084;98;107;475;477;11.56;0.71;76.66;6.09;377;2;136.00;2
99;3;627249090;99;109;476;478;11.52;0.70;77.27;6.08;377;3;137.00;2
100;3;627249108;100;110;476;478;11.45;0.70;77.16;6.08;376;3;138.00;2
100;3;627249114;100;111;477;478;11.45;0.70;77.16;6.16;377;3;139.00;1
104;3;627249120;104;114;477;478;11.41;0.70;79.31;6.16;373;3;140.00;1
105;3;627249127;105;114;478;478;11.33;0.70;79.90;6.19;373;3;141.00;0
108;3;627249132;108;117;478;478;11.22;0.69;81.14;6.19;370;3;142.00;0
111;3;627249139;111;119;478;478;11.09;0.68;81.97;6.19;367;3;143.00;0
114;3;627249145;114;141;553;605;10.70;0.67;82.97;5.35;439;3;144.00;52
117;3;627249164;117;133;559;606;10.63;0.67;84.46;5.31;442;3;145.00;47
117;3;627249172;117;128;569;606;10.74;0.68;84.46;5.25;452;3;146.00;37
118;3;627249180;118;129;572;606;10.70;0.67;84.18;5.24;454;3;147.00;34
120;3;627249188;120;128;576;606;10.78;0.68;85.22;5.23;456;3;148.00;30
121;3;627249197;121;127;580;606;10.83;0.68;85.51;5.23;459;3;149.00;26
121;3;627249209;121;128;584;611;10.83;0.68;85.51;5.23;463;3;150.00;27
123;3;627249220;123;125;586;611;10.92;0.68;86.24;5.24;463;3;151.00;25
125;3;627249228;125;125;591;612;10.97;0.68;86.10;5.26;466;3;152.00;21
127;3;627249243;127;124;594;613;10.98;0.69;85.57;5.28;467;3;153.00;19
129;3;627249251;129;126;597;613;11.09;0.69;86.60;5.29;468;3;154.00;16
133;3;627249259;133;126;600;614;11.07;0.69;88.56;5.29;467;3;155.00;14
134;3;627249266;134;125;602;614;11.01;0.69;88.80;5.32;468;3;156.00;12
137;3;627249273;137;130;603;614;10.87;0.68;89.47;5.33;466;3;157.00;11
138;3;627249280;138;133;605;614;10.78;0.67;89.97;5.36;467;3;158.00;9
138;3;627249292;138;135;608;618;10.78;0.67;89.97;5.35;470;3;159.00;10
140;3;627249300;140;140;609;618;10.65;0.66;89.60;5.36;469;3;160.00;9
141;3;627249306;141;142;610;618;10.51;0.65;90.02;5.37;469;3;161.00;8
142;3;627249313;142;148;613;621;10.42;0.64;90.41;5.38;471;3;162.00;8
143;3;627249320;143;146;613;621;10.35;0.64;90.92;5.38;470;3;163.00;8
145;3;627249326;145;145;614;621;10.27;0.64;91.47;5.39;469;3;164.00;7
149;3;627249333;149;142;617;625;10.05;0.62;92.93;5.37;468;3;165.00;8
151;3;627249340;151;141;618;626;9.98;0.62;93.26;5.36;467;3;166.00;8
153;3;627249347;153;139;618;626;9.83;0.61;93.24;5.36;465;3;167.00;8
154;3;627249353;154;142;624;630;9.63;0.60;93.60;5.35;470;3;168.00;6
156;3;627249360;156;145;625;630;9.42;0.58;94.37;5.38;469;3;169.00;5
156;3;627249366;156;143;625;630;9.34;0.58;94.37;5.38;469;3;170.00;5
156;3;627249372;156;140;626;631;9.31;0.58;94.37;5.37;470;3;171.00;5
158;3;627249378;158;140;629;631;9.21;0.57;95.20;5.43;471;3;172.00;2
160;3;627249384;160;136;633;637;9.26;0.57;95.61;5.40;473;3;173.00;4
161;3;627249391;161;142;634;637;9.27;0.57;95.94;5.41;473;3;174.00;3
162;3;627249397;162;136;636;638;9.40;0.58;96.22;5.40;474;3;175.00;2
164;4;627249403;164;138;636;638;9.42;0.58;95.93;5.40;472;4;176.00;2
164;4;627249421;164;136;638;638;9.44;0.58;95.93;5.44;474;4;177.00;0
165;4;627249427;165;132;638;638;9.53;0.59;96.38;5.44;473;4;178.00;0
165;4;627249434;165;128;638;638;9.61;0.59;96.38;5.44;473;4;179.00;0
165;4;627249442;165;128;669;672;9.63;0.60;96.38;5.18;504;4;180.00;3
166;4;627249450;166;123;670;672;9.74;0.60;96.12;5.18;504;4;181.00;2
168;4;627249457;168;122;672;672;9.76;0.60;97.01;5.17;504;4;182.00;0
168;4;627249463;168;131;672;672;9.89;0.61;97.01;5.17;504;4;183.00;0
170;4;627249470;170;134;672;672;9.93;0.61;97.16;5.17;502;4;184.00;0
171;4;627249477;171;137;672;672;9.93;0.61;97.40;5.17;501;4;185.00;0
174;4;627249484;174;139;676;676;9.95;0.62;98.41;5.14;502;4;186.00;0
174;4;627249492;174;143;676;676;9.98;0.62;98.41;5.14;502;4;187.00;0
176;4;627249498;176;153;679;680;9.92;0.61;98.65;5.13;503;4;188.00;1
179;4;627249505;179;162;680;681;9.78;0.60;99.04;5.12;501;4;189.00;1
182;4;627249511;182;171;681;681;9.63;0.59;99.14;5.11;499;4;190.00;0
184;4;627249518;184;176;681;681;9.47;0.58;99.01;5.11;497;4;191.00;0
187;4;627249525;187;180;694;694;9.29;0.57;99.31;5.02;507;4;192.00;0
191;4;627249533;191;180;694;694;9.10;0.56;98.99;5.02;503;4;193.00;0
194;4;627249539;194;184;694;694;8.96;0.55;99.09;5.02;500;4;194.00;0
199;4;627249545;199;182;695;695;8.79;0.54;99.10;5.01;496;4;195.00;0
202;4;627249559;202;191;696;696;8.61;0.53;99.10;5.01;494;4;196.00;0
205;4;627249566;205;195;696;696;8.50;0.52;99.35;5.01;491;4;197.00;0
208;4;627249572;208;196;698;699;8.41;0.51;99.02;4.99;490;4;198.00;1
209;4;627249578;209;199;699;699;8.31;0.51;99.27;4.99;490;4;199.00;0
210;4;627249588;210;204;699;699;8.22;0.50;98.95;4.99;489;4;200.00;0
210;4;627249603;210;209;699;699;8.08;0.49;98.95;4.99;489;4;201.00;0
213;4;627249611;213;213;704;705;7.98;0.49;98.83;4.96;491;4;202.00;1
213;4;627249621;213;214;704;705;7.88;0.48;98.83;4.96;491;4;203.00;1
214;4;627249630;214;222;705;705;7.82;0.48;99.30;4.96;491;4;204.00;0
215;4;627249642;215;227;705;705;7.74;0.48;98.95;4.96;490;4;205.00;0
215;4;627249650;215;233;709;709;7.72;0.47;98.95;4.93;494;4;206.00;0
217;4;627249661;217;237;710;710;7.64;0.47;98.84;4.93;493;4;207.00;0
218;4;627249670;218;244;710;710;7.61;0.47;98.93;4.93;492;4;208.00;0
220;4;627249679;220;247;711;711;7.55;0.46;99.07;4.92;491;4;209.00;0
220;4;627249691;220;253;711;711;7.50;0.46;99.07;4.92;491;4;210.00;0
221;4;627249700;221;252;711;711;7.45;0.46;98.71;4.92;490;4;211.00;0
223;4;627249706;223;254;711;711;7.41;0.46;99.52;4.92;488;4;212.00;0
224;4;627249713;224;257;711;711;7.40;0.46;99.28;4.92;487;4;213.00;0
225;4;627249719;225;259;711;711;7.36;0.45;99.51;4.92;486;4;214.00;0
225;4;627249726;225;262;711;711;7.29;0.45;99.51;4.92;486;4;215.00;0
226;4;627249732;226;274;756;781;7.48;0.46;99.39;4.63;530;4;216.00;25
227;4;627249745;227;260;758;782;7.50;0.46;99.91;4.62;531;4;217.00;24
229;4;627249753;229;251;767;782;7.65;0.47;100.58;4.59;538;4;218.00;15
230;4;627249761;230;232;768;782;7.73;0.47;101.08;4.59;538;4;219.00;14
230;4;627249768;230;216;773;782;7.88;0.48;101.08;4.58;543;4;220.00;9
231;4;627249775;231;209;774;782;8.03;0.49;101.56;4.58;543;4;221.00;8
232;4;627249782;232;201;778;782;8.27;0.51;102.08;4.59;546;4;222.00;4
233;4;627249791;233;195;779;782;8.41;0.52;102.16;4.59;546;4;223.00;3
234;4;627249798;234;192;782;783;8.56;0.53;102.67;4.60;548;4;224.00;1
235;4;627249807;235;189;784;785;8.65;0.53;102.66;4.59;549;4;225.00;1
235;4;627249821;235;176;785;785;8.84;0.54;102.66;4.59;550;4;226.00;0
238;4;627249829;238;162;789;789;8.96;0.55;103.58;4.57;551;4;227.00;0
239;4;627249838;239;145;789;789;9.19;0.57;103.23;4.57;550;4;228.00;0
242;4;627249846;242;137;789;789;9.41;0.58;103.60;4.57;547;4;229.00;0
244;4;627249861;244;131;789;789;9.57;0.59;104.39;4.57;545;4;230.00;0
246;4;627249869;246;122;794;795;9.71;0.59;104.80;4.55;548;4;231.00;1
248;4;627249878;248;116;794;795;9.87;0.60;105.66;4.55;546;4;232.00;1
251;4;627249886;251;104;795;795;10.09;0.62;105.63;4.55;544;4;233.00;0
252;4;627249895;252;99;797;798;10.37;0.63;106.11;4.54;545;4;234.00;1
254;4;627249903;254;93;798;798;10.67;0.65;107.07;4.53;544;4;235.00;0
255;4;627249912;255;91;798;798;10.92;0.66;107.58;4.53;543;4;236.00;0
256;4;627249927;256;88;799;799;11.11;0.68;107.91;4.53;543;4;237.00;0
258;4;627249935;258;84;800;800;11.27;0.68;108.57;4.53;542;4;238.00;0
259;4;627249944;259;84;800;800;11.43;0.69;108.70;4.53;541;4;239.00;0
262;5;627249953;262;90;824;826;11.28;0.69;109.88;4.39;562;5;240.00;2
263;5;627249976;263;88;825;826;11.38;0.69;109.83;4.39;562;5;241.00;1
263;5;627249985;263;84;826;826;11.56;0.71;109.83;4.39;563;5;242.00;0
265;5;627249993;265;87;827;827;11.73;0.72;110.01;4.38;562;5;243.00;0
268;5;627250001;268;88;827;827;11.72;0.71;110.51;4.38;559;5;244.00;0
270;5;627250009;270;90;830;831;11.80;0.72;110.44;4.37;560;5;245.00;1
274;5;627250018;274;97;830;831;11.88;0.72;111.32;4.37;556;5;246.00;1
277;5;627250027;277;100;835;835;11.93;0.73;112.27;4.35;558;5;247.00;0
282;5;627250035;282;98;835;835;11.91;0.72;113.85;4.35;553;5;248.00;0
286;5;627250049;286;100;835;835;11.96;0.73;115.62;4.35;549;5;249.00;0
289;5;627250057;289;102;835;835;11.93;0.73;115.74;4.35;546;5;250.00;0
290;5;627250066;290;105;835;835;11.94;0.73;116.15;4.35;545;5;251.00;0
290;5;627250080;290;105;846;847;11.98;0.73;116.15;4.29;556;5;252.00;1
294;5;627250088;294;103;846;847;12.01;0.73;117.34;4.29;552;5;253.00;1
297;5;627250097;297;100;847;847;12.07;0.73;117.49;4.29;550;5;254.00;0
298;5;627250105;298;101;847;847;12.20;0.74;117.47;4.29;549;5;255.00;0
300;5;627250112;300;104;847;847;12.30;0.75;117.79;4.29;547;5;256.00;0
301;5;627250120;301;106;847;847;12.34;0.75;117.77;4.29;546;5;257.00;0
302;5;627250128;302;107;848;848;12.26;0.74;118.18;4.29;546;5;258.00;0
304;5;627250135;304;106;848;848;12.36;0.75;118.24;4.29;544;5;259.00;0
308;5;627250144;308;109;853;854;12.35;0.75;118.83;4.27;545;5;260.00;1
309;6;627250153;309;109;854;855;12.42;0.75;118.83;4.26;545;6;261.00;1
313;6;627250174;313;112;855;855;12.49;0.76;119.35;4.26;542;6;262.00;0
315;6;627250182;315;113;855;855;12.47;0.75;119.28;4.26;540;6;263.00;0
315;6;627250191;315;115;859;859;12.39;0.75;119.28;4.24;544;6;264.00;0
321;6;627250198;321;114;859;859;12.33;0.74;120.03;4.24;538;6;265.00;0
322;6;627250207;322;119;859;859;12.35;0.75;120.21;4.24;537;6;266.00;0
324;6;627250214;324;121;860;860;12.38;0.75;120.23;4.24;536;6;267.00;0
326;6;627250223;326;125;864;864;12.33;0.74;120.14;4.22;538;6;268.00;0
326;6;627250231;326;120;864;864;12.31;0.74;120.14;4.22;538;6;269.00;0
327;6;627250241;327;118;867;870;12.34;0.75;120.42;4.21;540;6;270.00;3
329;6;627250249;329;113;867;870;12.35;0.75;120.46;4.21;538;6;271.00;3
331;6;627250257;331;105;868;870;12.44;0.75;120.73;4.21;537;6;272.00;2
333;6;627250265;333;100;868;870;12.52;0.76;120.77;4.21;535;6;273.00;2
337;6;627250272;337;96;871;874;12.58;0.76;121.70;4.20;534;6;274.00;3
340;6;627250281;340;93;871;874;12.65;0.76;122.16;4.20;531;6;275.00;3
342;6;627250289;342;89;872;874;12.74;0.77;122.69;4.20;530;6;276.00;2
343;6;627250297;343;83;872;874;12.80;0.78;122.62;4.20;529;6;277.00;2
345;6;627250305;345;82;874;875;12.95;0.79;123.24;4.20;529;6;278.00;1
348;6;627250313;348;80;875;876;13.06;0.80;123.65;4.19;527;6;279.00;1
354;6;627250322;354;77;876;876;13.14;0.80;123.77;4.20;522;6;280.00;0
356;6;627250330;356;71;877;877;13.17;0.80;124.03;4.19;521;6;281.00;0
357;6;627250338;357;74;877;877;13.18;0.80;124.19;4.19;520;6;282.00;0
360;6;627250347;360;74;877;877;13.20;0.80;124.35;4.19;517;6;283.00;0
362;6;627250361;362;75;877;877;13.21;0.81;124.83;4.19;515;6;284.00;0
363;6;627250375;363;74;877;877;13.22;0.81;125.06;4.19;514;6;285.00;0
364;6;627250384;364;73;877;877;13.19;0.80;124.98;4.19;513;6;286.00;0
367;6;627250393;367;73;877;877;13.17;0.80;125.81;4.19;510;6;287.00;0
369;6;627250401;369;91;948;1004;12.65;0.78;126.30;3.88;579;6;288.00;56
369;6;627250420;369;85;952;1005;12.62;0.78;126.30;3.87;583;6;289.00;53
371;6;627250429;371;82;959;1005;12.68;0.78;126.29;3.86;588;6;290.00;46
372;6;627250439;372;85;963;1005;12.72;0.79;126.44;3.85;591;6;291.00;42
373;6;627250448;373;89;969;1005;12.75;0.79;126.24;3.85;596;6;292.00;36
374;6;627250458;374;87;974;1005;12.70;0.79;126.55;3.86;600;6;293.00;31
376;6;627250467;376;88;978;1005;12.67;0.78;126.71;3.87;602;6;294.00;27
378;6;627250477;378;89;981;1005;12.59;0.78;127.01;3.88;603;6;295.00;24
387;6;627250486;387;91;986;1006;12.56;0.77;127.46;3.89;599;6;296.00;20
387;6;627250496;387;91;987;1007;12.65;0.78;127.46;3.90;600;6;297.00;20
389;6;627250506;389;97;990;1007;12.71;0.78;127.78;3.92;601;6;298.00;17
391;6;627250516;391;102;991;1008;12.55;0.77;127.73;3.92;600;6;299.00;17
392;6;627250528;392;104;996;1014;12.33;0.76;127.98;3.95;604;6;300.00;18
393;6;627250543;393;112;997;1014;12.08;0.74;128.35;3.96;604;6;301.00;17
394;6;627250553;394;116;999;1014;11.86;0.73;128.78;3.98;605;6;302.00;15
394;7;627250562;394;127;1002;1018;11.58;0.72;128.78;3.99;608;7;303.00;16
398;7;627250605;398;136;1004;1018;11.38;0.70;129.25;4.00;606;7;304.00;14
401;7;627250617;401;145;1004;1018;11.20;0.69;129.96;4.00;603;7;305.00;14
401;7;627250626;401;155;1009;1021;11.06;0.68;129.96;4.02;608;7;306.00;12
403;7;627250635;403;163;1010;1021;10.98;0.68;130.37;4.03;607;7;307.00;11
405;7;627250646;405;170;1011;1021;10.90;0.67;130.60;4.04;606;7;308.00;10
408;7;627250657;408;177;1015;1025;10.76;0.66;131.25;4.04;607;7;309.00;10
412;7;627250665;412;181;1016;1026;10.62;0.65;132.03;4.04;604;7;310.00;10
413;7;627250675;413;189;1016;1026;10.42;0.64;132.00;4.04;603;7;311.00;10
414;7;627250684;414;193;1021;1030;10.30;0.63;132.08;4.03;607;7;312.00;9
416;7;627250693;416;195;1021;1030;10.18;0.62;131.96;4.03;605;7;313.00;9
419;7;627250702;419;196;1021;1030;10.02;0.61;132.46;4.03;602;7;314.00;9
421;7;627250717;421;204;1024;1032;9.83;0.60;132.60;4.03;603;7;315.00;8
422;7;627250726;422;209;1024;1032;9.66;0.59;132.77;4.03;602;7;316.00;8
425;7;627250734;425;212;1028;1038;9.56;0.59;133.33;4.02;603;7;317.00;10
425;7;627250743;425;215;1028;1038;9.45;0.58;133.33;4.02;603;7;318.00;10
426;7;627250751;426;217;1029;1039;9.31;0.57;133.74;4.02;603;7;319.00;10
431;7;627250758;431;213;1031;1039;9.21;0.57;134.30;4.05;600;7;320.00;8
432;7;627250767;432;218;1032;1039;9.12;0.56;134.32;4.07;600;7;321.00;7
435;7;627250774;435;218;1032;1039;9.06;0.56;134.54;4.07;597;7;322.00;7
438;7;627250782;438;221;1032;1039;9.02;0.56;134.73;4.07;594;7;323.00;7
442;7;627250790;442;219;1046;1051;9.01;0.55;134.80;4.09;604;7;324.00;5
444;7;627250804;444;219;1047;1051;8.99;0.55;135.25;4.10;603;7;325.00;4
447;7;627250812;447;217;1048;1051;8.96;0.55;135.32;4.14;601;7;326.00;3
449;7;627250819;449;219;1050;1051;8.98;0.55;135.92;4.15;601;7;327.00;1
452;7;627250827;452;217;1051;1051;9.03;0.55;136.16;4.15;599;7;328.00;0
453;7;627250835;453;222;1051;1051;9.12;0.56;136.32;4.15;598;7;329.00;0
454;7;627250844;454;225;1055;1055;9.14;0.56;136.37;4.14;601;7;330.00;0
458;7;627250852;458;221;1055;1055;9.08;0.56;136.61;4.14;597;7;331.00;0
458;7;627250859;458;222;1058;1059;9.15;0.56;136.61;4.13;600;7;332.00;1
461;7;627250866;461;225;1060;1060;9.02;0.55;137.55;4.12;599;7;333.00;0
464;7;627250874;464;229;1060;1060;8.86;0.54;137.74;4.12;596;7;334.00;0
470;7;627250881;470;232;1060;1060;8.64;0.53;138.29;4.12;590;7;335.00;0
475;7;627250887;475;236;1073;1073;8.39;0.52;138.99;4.07;598;7;336.00;0
477;7;627250897;477;232;1073;1073;8.33;0.51;138.97;4.07;596;7;337.00;0
480;7;627250903;480;235;1073;1073;8.13;0.50;139.91;4.07;593;7;338.00;0
481;7;627250910;481;237;1074;1074;7.98;0.49;140.33;4.07;593;7;339.00;0
483;7;627250916;483;236;1075;1075;7.78;0.48;140.70;4.07;592;7;340.00;0
487;7;627250922;487;234;1075;1075;7.62;0.47;141.57;4.07;588;7;341.00;0
491;7;627250928;491;230;1077;1078;7.53;0.47;141.91;4.06;586;7;342.00;1
495;7;627250936;495;227;1077;1078;7.49;0.46;142.54;4.06;582;7;343.00;1
498;7;627250942;498;226;1078;1078;7.46;0.46;142.62;4.06;580;7;344.00;0
503;7;627250953;503;226;1078;1078;7.40;0.46;143.19;4.06;575;7;345.00;0
507;7;627250959;507;224;1083;1084;7.45;0.46;143.23;4.04;576;7;346.00;1
511;7;627250967;511;221;1083;1084;7.41;0.46;143.75;4.04;572;7;347.00;1
514;7;627250974;514;217;1084;1084;7.41;0.46;144.77;4.04;570;7;348.00;0
518;7;627250980;518;219;1084;1084;7.44;0.46;144.54;4.04;566;7;349.00;0
523;7;627250986;523;225;1088;1088;7.47;0.46;144.87;4.03;565;7;350.00;0
527;7;627250992;527;219;1089;1089;7.54;0.47;144.66;4.03;562;7;351.00;0
527;7;627250998;527;220;1089;1089;7.65;0.47;144.66;4.03;562;7;352.00;0
531;7;627251004;531;218;1090;1090;7.65;0.47;144.43;4.02;559;7;353.00;0
533;7;627251011;533;215;1090;1090;7.68;0.47;144.32;4.02;557;7;354.00;0
536;7;627251017;536;220;1090;1090;7.67;0.48;144.05;4.02;554;7;355.00;0
540;7;627251023;540;222;1090;1090;7.65;0.47;144.04;4.02;550;7;356.00;0
542;7;627251029;542;228;1090;1090;7.64;0.47;143.98;4.02;548;7;357.00;0
543;7;627251035;543;227;1090;1090;7.63;0.47;144.35;4.02;547;7;358.00;0
547;7;627251042;547;226;1090;1090;7.57;0.46;144.16;4.02;543;7;359.00;0
547;7;627251050;547;240;1158;1215;7.87;0.49;144.16;3.79;611;7;360.00;57
549;7;627251067;549;238;1166;1216;7.82;0.49;144.22;3.77;617;7;361.00;50
551;7;627251074;551;241;1179;1216;7.91;0.49;144.66;3.75;628;7;362.00;37
553;7;627251081;553;237;1183;1216;7.90;0.49;144.53;3.75;630;7;363.00;33
556;7;627251088;556;240;1190;1216;7.89;0.49;144.42;3.75;634;7;364.00;26
558;7;627251095;558;241;1192;1216;7.89;0.49;144.18;3.75;634;7;365.00;24
561;7;627251108;561;245;1198;1216;7.83;0.48;144.78;3.76;637;7;366.00;18
562;7;627251116;562;247;1200;1216;7.78;0.48;144.74;3.77;638;7;367.00;16
563;7;627251124;563;249;1205;1217;7.65;0.47;145.13;3.78;642;7;368.00;12
564;7;627251131;564;257;1207;1218;7.51;0.46;145.01;3.78;643;7;369.00;11
564;7;627251138;564;266;1208;1218;7.43;0.46;145.01;3.78;644;7;370.00;10
564;7;627251147;564;252;1214;1222;7.47;0.46;145.01;3.79;650;7;371.00;8
567;7;627251155;567;247;1215;1222;7.39;0.46;145.03;3.79;648;7;372.00;7
569;7;627251163;569;246;1216;1222;7.39;0.45;144.71;3.80;647;7;373.00;6
569;7;627251171;569;247;1217;1222;7.49;0.46;144.71;3.81;648;7;374.00;5
570;7;627251179;570;245;1223;1228;7.59;0.47;144.80;3.82;653;7;375.00;5
573;8;627251188;573;243;1223;1228;7.71;0.47;145.06;3.82;650;8;376.00;5
573;8;627251207;573;239;1225;1228;7.87;0.48;145.06;3.83;652;8;377.00;3
575;8;627251220;575;231;1228;1231;7.92;0.49;145.28;3.82;653;8;378.00;3
576;8;627251229;576;227;1230;1231;7.95;0.49;145.10;3.83;654;8;379.00;1
578;8;627251238;578;222;1230;1231;8.02;0.49;144.87;3.83;652;8;380.00;1
579;8;627251251;579;225;1232;1232;8.08;0.50;144.87;3.84;653;8;381.00;0
581;8;627251265;581;228;1233;1233;8.19;0.50;144.82;3.84;652;8;382.00;0
583;8;627251274;583;224;1233;1233;8.24;0.50;144.89;3.84;650;8;383.00;0
585;8;627251282;585;225;1246;1246;8.39;0.51;145.11;3.80;661;8;384.00;0
585;8;627251292;585;221;1246;1246;8.45;0.51;145.11;3.80;661;8;385.00;0
587;8;627251300;587;222;1246;1246;8.51;0.52;145.30;3.80;659;8;386.00;0
590;8;627251309;590;210;1247;1247;8.62;0.52;145.83;3.80;657;8;387.00;0
592;8;627251318;592;204;1247;1247;8.72;0.53;145.63;3.80;655;8;388.00;0
593;8;627251328;593;199;1250;1251;8.88;0.54;145.85;3.79;657;8;389.00;1
593;9;627251339;593;190;1250;1251;9.01;0.55;145.85;3.79;657;9;390.00;1
593;9;627251364;593;185;1255;1255;9.14;0.55;145.85;3.78;662;9;391.00;0
595;9;627251374;595;178;1255;1255;9.23;0.56;146.55;3.78;660;9;392.00;0
597;9;627251383;597;179;1255;1255;9.36;0.57;146.87;3.78;658;9;393.00;0
599;9;627251393;599;174;1255;1255;9.56;0.58;146.97;3.78;656;9;394.00;0
601;9;627251403;601;170;1255;1255;9.70;0.59;147.05;3.78;654;9;395.00;0
603;9;627251418;603;155;1266;1267;9.91;0.60;147.74;3.75;663;9;396.00;1
605;9;627251430;605;146;1267;1267;10.11;0.62;148.04;3.75;662;9;397.00;0
608;9;627251440;608;135;1267;1267;10.29;0.63;148.64;3.75;659;9;398.00;0
611;9;627251451;611;124;1267;1267;10.42;0.63;148.90;3.75;656;9;399.00;0
614;9;627251462;614;116;1267;1267;10.60;0.65;149.35;3.75;653;9;400.00;0
617;9;627251476;617;107;1267;1267;10.79;0.66;149.37;3.75;650;9;401.00;0
618;9;627251490;618;106;1268;1268;11.02;0.67;149.39;3.75;650;9;402.00;0
619;9;627251501;619;104;1268;1268;11.20;0.68;149.33;3.75;649;9;403.00;0
621;9;627251512;621;106;1273;1274;11.31;0.69;149.41;3.74;652;9;404.00;1
623;9;627251524;623;104;1276;1276;11.39;0.69;150.17;3.73;653;9;405.00;0
625;9;627251535;625;102;1276;1276;11.49;0.70;150.88;3.73;651;9;406.00;0
625;9;627251547;625;100;1276;1276;11.71;0.71;150.88;3.73;651;9;407.00;0
630;9;627251557;630;104;1280;1280;11.81;0.72;151.66;3.72;650;9;408.00;0
633;9;627251567;633;99;1280;1280;11.85;0.72;152.16;3.72;647;9;409.00;0
636;9;627251578;636;102;1280;1280;11.85;0.72;152.43;3.72;644;9;410.00;0
641;9;627251591;641;100;1281;1281;11.96;0.73;153.25;3.71;640;9;411.00;0
642;9;627251607;642;98;1285;1285;12.03;0.73;153.52;3.71;643;9;412.00;0
643;9;627251623;643;98;1285;1285;12.14;0.74;153.81;3.71;642;9;413.00;0
645;9;627251639;645;98;1287;1288;12.21;0.74;154.12;3.70;642;9;414.00;1
650;9;627251655;650;97;1287;1288;12.18;0.74;154.76;3.70;637;9;415.00;1
655;9;627251671;655;95;1288;1288;12.21;0.74;155.60;3.70;633;9;416.00;0
656;9;627251687;656;95;1288;1288;12.23;0.75;156.00;3.70;632;9;417.00;0
659;9;627251706;659;97;1291;1292;12.27;0.75;156.27;3.69;632;9;418.00;1
662;9;627251718;662;99;1291;1292;12.32;0.75;156.50;3.69;629;9;419.00;1
666;9;627251730;666;97;1292;1292;12.41;0.76;156.78;3.69;626;9;420.00;0
668;9;627251747;668;97;1292;1292;12.49;0.76;157.36;3.69;624;9;421.00;0
671;9;627251757;671;92;1293;1293;12.57;0.77;157.66;3.69;622;9;422.00;0
677;9;627251767;677;94;1294;1294;12.61;0.77;158.03;3.69;617;9;423.00;0
679;9;627251777;679;94;1294;1294;12.61;0.77;158.49;3.69;615;9;424.00;0
682;9;627251787;682;97;1295;1295;12.60;0.77;158.98;3.68;613;9;425.00;0
684;9;627251804;684;96;1295;1295;12.56;0.76;159.64;3.68;611;9;426.00;0
688;10;627251814;688;95;1295;1295;12.56;0.76;160.25;3.68;607;10;427.00;0
691;10;627251831;691;95;1295;1295;12.54;0.76;160.47;3.68;604;10;428.00;0
696;10;627251844;696;96;1295;1295;12.49;0.76;160.70;3.68;599;10;429.00;0
700;10;627251854;700;94;1295;1295;12.55;0.76;161.05;3.68;595;10;430.00;0
704;10;627251863;704;97;1295;1295;12.60;0.77;161.93;3.68;591;10;431.00;0
709;10;627251872;709;131;1375;1422;11.80;0.73;162.65;3.47;666;10;432.00;47
711;10;627251893;711;114;1375;1423;11.89;0.73;162.65;3.47;664;10;433.00;48
713;10;627251903;713;105;1379;1423;12.04;0.74;162.96;3.47;666;10;434.00;44
716;10;627251913;716;101;1381;1423;12.10;0.74;163.23;3.47;665;10;435.00;42
718;10;627251922;718;103;1386;1423;12.16;0.75;163.49;3.47;668;10;436.00;37
721;10;627251931;721;105;1387;1423;12.11;0.75;163.57;3.47;666;10;437.00;36
724;10;627251940;724;110;1391;1423;12.20;0.75;163.33;3.48;667;10;438.00;32
728;10;627251950;728;112;1393;1423;12.30;0.75;163.43;3.48;665;10;439.00;30
731;10;627251961;731;119;1396;1424;12.31;0.75;163.69;3.49;665;10;440.00;28
734;10;627251972;734;115;1398;1425;12.34;0.75;163.80;3.50;664;10;441.00;27
737;10;627251982;737;115;1402;1425;12.35;0.76;164.13;3.52;665;10;442.00;23
741;10;627251991;741;114;1404;1426;12.28;0.75;164.71;3.53;663;10;443.00;22
747;10;627252001;747;112;1407;1426;12.21;0.75;165.22;3.55;660;10;444.00;19
749;10;627252011;749;110;1411;1426;12.18;0.75;165.19;3.57;662;10;445.00;15
753;10;627252022;753;107;1415;1426;12.12;0.74;165.21;3.60;662;10;446.00;11
755;10;627252032;755;108;1417;1430;12.08;0.74;165.34;3.62;662;10;447.00;13
757;10;627252043;757;111;1420;1430;12.02;0.73;165.33;3.63;663;10;448.00;10
759;10;627252052;759;107;1420;1430;11.98;0.73;165.28;3.63;661;10;449.00;10
762;10;627252064;762;115;1424;1436;11.97;0.73;165.71;3.63;662;10;450.00;12
764;10;627252080;764;113;1424;1436;12.03;0.73;165.54;3.63;660;10;451.00;12
766;10;627252091;766;114;1425;1436;12.10;0.74;165.44;3.64;659;10;452.00;11
770;10;627252102;770;117;1429;1440;12.11;0.74;165.77;3.64;659;10;453.00;11
773;10;627252113;773;114;1430;1441;12.23;0.74;165.86;3.63;657;10;454.00;11
776;10;627252123;776;117;1431;1441;12.30;0.75;165.73;3.64;655;10;455.00;10
776;10;627252134;776;118;1433;1445;12.38;0.75;165.73;3.63;657;10;456.00;12
777;10;627252144;777;118;1435;1445;12.41;0.75;165.82;3.65;658;10;457.00;10
782;10;627252154;782;121;1435;1445;12.46;0.76;165.59;3.65;653;10;458.00;10
782;10;627252165;782;124;1439;1446;12.51;0.76;165.59;3.67;657;10;459.00;7
782;12;627252175;782;129;1439;1446;12.45;0.76;165.59;3.67;657;12;460.00;7
783;12;627252214;783;130;1443;1452;12.33;0.75;165.51;3.67;660;12;461.00;9
786;12;627252225;786;130;1444;1452;12.18;0.74;165.81;3.69;658;12;462.00;8
787;12;627252240;787;132;1445;1453;12.01;0.73;165.73;3.69;658;12;463.00;8
790;12;627252250;790;135;1446;1453;11.83;0.72;165.49;3.71;656;12;464.00;7
791;12;627252260;791;141;1447;1453;11.73;0.71;165.60;3.71;656;12;465.00;6
793;12;627252270;793;138;1448;1453;11.55;0.70;165.78;3.72;655;12;466.00;5
795;12;627252280;795;139;1448;1453;11.39;0.69;166.07;3.72;653;12;467.00;5
795;12;627252290;795;146;1458;1465;11.30;0.69;166.07;3.69;663;12;468.00;7
797;12;627252306;797;151;1458;1465;11.24;0.69;166.20;3.69;661;12;469.00;7
798;12;627252316;798;159;1460;1465;11.17;0.68;166.13;3.69;662;12;470.00;5
798;12;627252325;798;162;1461;1465;11.16;0.68;166.13;3.71;663;12;471.00;4
804;12;627252335;804;168;1461;1465;11.04;0.67;166.02;3.71;657;12;472.00;4
808;12;627252345;808;179;1461;1465;11.03;0.67;165.94;3.71;653;12;473.00;4
810;12;627252354;810;182;1465;1469;10.88;0.66;165.69;3.72;655;12;474.00;4
814;12;627252364;814;186;1465;1469;10.83;0.66;165.81;3.72;651;12;475.00;4
816;12;627252374;816;195;1470;1473;10.72;0.65;165.82;3.73;654;12;476.00;3
820;12;627252384;820;199;1471;1474;10.66;0.65;166.16;3.73;651;12;477.00;3
823;12;627252393;823;201;1474;1474;10.55;0.64;166.66;3.73;651;12;478.00;0
826;12;627252402;826;202;1474;1474;10.40;0.63;166.61;3.73;648;12;479.00;0
827;12;627252413;827;211;1495;1500;10.16;0.62;166.55;3.68;668;12;480.00;5
828;12;627252430;828;210;1496;1500;9.98;0.61;166.67;3.68;668;12;481.00;4
829;12;627252446;829;218;1499;1500;9.84;0.60;166.62;3.68;670;12;482.00;1
831;12;627252455;831;223;1501;1501;9.70;0.59;166.49;3.67;670;12;483.00;0
832;12;627252464;832;233;1502;1502;9.57;0.59;166.61;3.67;670;12;484.00;0
835;12;627252474;835;239;1502;1502;9.47;0.58;166.70;3.67;667;12;485.00;0
835;12;627252482;835;243;1504;1505;9.33;0.57;166.70;3.67;669;12;486.00;1
839;12;627252492;839;250;1504;1505;9.17;0.56;166.71;3.67;665;12;487.00;1
840;12;627252501;840;252;1505;1505;9.04;0.55;166.74;3.67;665;12;488.00;0
846;12;627252509;846;252;1505;1505;8.90;0.55;166.32;3.67;659;12;489.00;0
846;12;627252518;846;252;1510;1511;8.80;0.54;166.32;3.66;664;12;490.00;1
848;12;627252527;848;249;1511;1511;8.71;0.53;166.14;3.66;663;12;491.00;0
848;12;627252536;848;256;1511;1511;8.64;0.53;166.14;3.66;663;12;492.00;0
849;12;627252544;849;259;1511;1511;8.55;0.53;166.04;3.66;662;12;493.00;0
851;12;627252552;851;263;1515;1515;8.44;0.52;166.00;3.65;664;12;494.00;0
852;12;627252561;852;267;1517;1517;8.40;0.52;165.96;3.64;665;12;495.00;0
856;12;627252569;856;268;1517;1517;8.33;0.51;165.72;3.64;661;12;496.00;0
858;12;627252578;858;268;1518;1518;8.27;0.51;165.68;3.64;660;12;497.00;0
862;12;627252586;862;269;1518;1518;8.16;0.50;165.46;3.64;656;12;498.00;0
864;12;627252597;864;273;1518;1518;8.16;0.50;165.50;3.64;654;12;499.00;0
866;12;627252606;866;272;1518;1518;8.11;0.50;165.33;3.64;652;12;500.00;0
871;12;627252618;871;272;1518;1518;7.97;0.49;165.31;3.64;647;12;501.00;0
872;12;627252626;872;271;1518;1518;7.91;0.49;165.28;3.64;646;12;502.00;0
875;12;627252633;875;276;1518;1518;7.85;0.48;165.67;3.64;643;12;503.00;0
878;12;627252646;878;282;1558;1588;7.95;0.49;165.73;3.55;680;12;504.00;30
880;12;627252660;880;279;1560;1589;7.81;0.48;166.23;3.54;680;12;505.00;29
883;12;627252667;883;279;1570;1589;7.81;0.48;166.72;3.54;687;12;506.00;19
886;12;627252675;886;278;1577;1589;7.72;0.48;167.04;3.53;691;12;507.00;12
893;12;627252682;893;289;1583;1589;7.54;0.46;167.43;3.53;690;12;508.00;6
895;12;627252690;895;294;1585;1589;7.43;0.46;167.95;3.54;690;12;509.00;4
899;12;627252699;899;283;1587;1589;7.34;0.45;167.96;3.54;688;12;510.00;2
902;12;627252706;902;279;1588;1589;7.31;0.45;168.23;3.54;686;12;511.00;1
905;12;627252713;905;277;1590;1590;7.35;0.45;168.38;3.54;685;12;512.00;0
907;12;627252720;907;275;1591;1591;7.32;0.45;168.87;3.54;684;12;513.00;0
911;12;627252727;911;270;1591;1591;7.27;0.45;169.19;3.54;680;12;514.00;0
914;12;627252736;914;272;1595;1595;7.25;0.45;169.60;3.53;681;12;515.00;0
916;12;627252744;916;276;1595;1595;7.20;0.44;169.79;3.53;679;12;516.00;0
920;12;627252751;920;275;1595;1595;7.13;0.44;170.06;3.53;675;12;517.00;0
923;12;627252759;923;271;1595;1595;7.14;0.44;170.64;3.53;672;12;518.00;0
928;12;627252766;928;269;1600;1601;7.22;0.44;171.22;3.53;672;12;519.00;1
931;12;627252774;931;260;1601;1601;7.26;0.45;171.67;3.53;670;12;520.00;0
936;12;627252782;936;259;1601;1601;7.29;0.45;171.84;3.53;665;12;521.00;0
939;12;627252789;939;253;1604;1604;7.35;0.45;172.26;3.52;665;12;522.00;0
943;12;627252797;943;242;1604;1604;7.38;0.45;172.64;3.52;661;12;523.00;0
946;12;627252806;946;225;1604;1604;7.47;0.46;172.80;3.52;658;12;524.00;0
948;12;627252814;948;217;1605;1605;7.55;0.46;173.28;3.52;657;12;525.00;0
952;12;627252822;952;210;1606;1606;7.69;0.47;173.55;3.52;654;12;526.00;0
956;12;627252830;956;208;1606;1606;7.78;0.47;173.37;3.52;650;12;527.00;0
959;12;627252838;959;202;1619;1619;7.93;0.48;173.69;3.49;660;12;528.00;0
963;12;627252848;963;197;1619;1619;8.01;0.49;173.96;3.49;656;12;529.00;0
967;12;627252868;967;197;1619;1619;8.13;0.50;173.85;3.49;652;12;530.00;0
973;12;627252878;973;189;1620;1620;8.16;0.50;174.15;3.49;647;12;531.00;0
974;12;627252893;974;186;1620;1620;8.30;0.51;174.14;3.49;646;12;532.00;0
977;12;627252901;977;187;1623;1624;8.40;0.51;174.67;3.48;646;12;533.00;1
980;12;627252911;980;184;1623;1624;8.47;0.52;174.98;3.48;643;12;534.00;1
981;12;627252920;981;172;1628;1628;8.64;0.53;175.12;3.47;647;12;535.00;0
985;12;627252929;985;178;1628;1628;8.70;0.53;175.41;3.47;643;12;536.00;0
990;12;627252939;990;176;1628;1628;8.85;0.54;175.53;3.47;638;12;537.00;0
991;12;627252947;991;179;1628;1628;9.00;0.55;175.67;3.47;637;12;538.00;0
998;12;627252956;998;178;1628;1628;9.05;0.55;175.34;3.47;630;12;539.00;0
1002;12;627252967;1002;183;1658;1662;9.13;0.56;175.23;3.41;656;12;540.00;4
1003;12;627252980;1003;177;1658;1662;9.17;0.56;175.26;3.41;655;12;541.00;4
1006;12;627252989;1006;175;1659;1662;9.24;0.57;175.46;3.41;653;12;542.00;3
1008;12;627252998;1008;176;1659;1662;9.29;0.57;175.58;3.41;651;12;543.00;3
1010;12;627253007;1010;175;1660;1662;9.39;0.58;175.52;3.41;650;12;544.00;2
1013;12;627253017;1013;175;1660;1662;9.49;0.58;175.28;3.41;647;12;545.00;2
1015;12;627253026;1015;174;1662;1663;9.53;0.58;175.25;3.41;647;12;546.00;1
1015;12;627253041;1015;176;1662;1663;9.58;0.59;175.25;3.41;647;12;547.00;1
1017;12;627253050;1017;179;1667;1669;9.51;0.58;175.43;3.41;650;12;548.00;2
1021;12;627253060;1021;177;1668;1670;9.46;0.58;175.69;3.41;647;12;549.00;2
1026;12;627253069;1026;182;1669;1670;9.44;0.58;175.57;3.41;643;12;550.00;1
1028;12;627253078;1028;191;1669;1670;9.41;0.57;175.53;3.41;641;12;551.00;1
1030;12;627253087;1030;187;1674;1674;9.41;0.57;175.54;3.40;644;12;552.00;0
1032;12;627253097;1032;193;1674;1674;9.42;0.57;175.44;3.40;642;12;553.00;0
1036;12;627253106;1036;192;1674;1674;9.46;0.58;175.52;3.40;638;12;554.00;0
1039;12;627253115;1039;196;1675;1675;9.53;0.58;175.73;3.40;636;12;555.00;0
1044;12;627253124;1044;193;1679;1679;9.56;0.58;176.12;3.39;635;12;556.00;0
1046;12;627253133;1046;179;1679;1679;9.63;0.58;176.36;3.39;633;12;557.00;0
1048;12;627253143;1048;173;1681;1682;9.76;0.59;176.59;3.39;633;12;558.00;1
1052;12;627253152;1052;171;1681;1682;9.85;0.60;176.96;3.39;629;12;559.00;1
1054;12;627253162;1054;166;1682;1682;9.92;0.60;177.22;3.39;628;12;560.00;0
1055;12;627253171;1055;162;1682;1682;10.06;0.61;177.48;3.39;627;12;561.00;0
1058;12;627253181;1058;159;1685;1686;10.19;0.62;177.95;3.38;627;12;562.00;1
1062;12;627253192;1062;154;1685;1686;10.32;0.63;177.87;3.38;623;12;563.00;1
1064;12;627253203;1064;150;1686;1686;10.44;0.64;178.36;3.38;622;12;564.00;0
1066;12;627253219;1066;150;1686;1686;10.51;0.64;178.94;3.38;620;12;565.00;0
1070;12;627253229;1070;133;1687;1687;10.58;0.64;178.97;3.38;617;12;566.00;0
1073;12;627253239;1073;118;1688;1688;10.77;0.66;178.91;3.38;615;12;567.00;0
1075;12;627253250;1075;108;1688;1688;10.93;0.67;179.13;3.38;613;12;568.00;0
1076;12;627253260;1076;108;1689;1689;11.11;0.68;179.05;3.38;613;12;569.00;0
1080;12;627253272;1080;97;1689;1689;11.30;0.69;179.72;3.38;609;12;570.00;0
1083;12;627253283;1083;91;1689;1689;11.41;0.69;179.78;3.38;606;12;571.00;0
1085;12;627253294;1085;84;1689;1689;11.60;0.71;179.93;3.38;604;12;572.00;0
1088;12;627253304;1088;86;1689;1689;11.74;0.72;180.13;3.38;601;12;573.00;0
1091;12;627253314;1091;86;1689;1689;11.88;0.72;180.17;3.38;598;12;574.00;0
1095;12;627253324;1095;81;1689;1689;12.02;0.73;180.61;3.38;594;12;575.00;0
1098;12;627253335;1098;107;1769;1816;11.72;0.72;180.82;3.23;671;12;576.00;47
1102;12;627253355;1102;93;1772;1817;11.83;0.73;180.91;3.22;670;12;577.00;45
1105;12;627253366;1105;85;1779;1817;11.99;0.74;181.19;3.22;674;12;578.00;38
1105;12;627253377;1105;85;1782;1817;12.13;0.75;181.19;3.22;677;12;579.00;35
1106;12;627253393;1106;79;1786;1817;12.21;0.75;181.35;3.22;680;12;580.00;31
1107;12;627253403;1107;76;1788;1817;12.22;0.75;181.47;3.22;681;12;581.00;29
1110;12;627253414;1110;83;1791;1817;12.19;0.75;181.72;3.23;681;12;582.00;26
1115;12;627253424;1115;87;1794;1817;12.16;0.75;182.54;3.23;679;12;583.00;23
1118;12;627253435;1118;94;1796;1818;12.13;0.74;182.91;3.24;678;12;584.00;22
1121;12;627253446;1121;98;1800;1820;12.09;0.74;183.34;3.25;679;12;585.00;20
1124;12;627253456;1124;103;1803;1820;12.04;0.74;183.39;3.26;679;12;586.00;17
1126;12;627253467;1126;112;1806;1821;12.01;0.74;183.58;3.26;680;12;587.00;15
1130;12;627253477;1130;115;1810;1821;12.08;0.74;184.21;3.28;680;12;588.00;11
1132;12;627253488;1132;117;1811;1821;12.18;0.75;184.44;3.29;679;12;589.00;10
1135;12;627253498;1135;120;1816;1821;12.26;0.75;184.38;3.31;681;12;590.00;5
1140;12;627253509;1140;118;1818;1825;12.31;0.75;185.12;3.32;678;12;591.00;7
1144;12;627253520;1144;119;1820;1825;12.35;0.76;185.38;3.33;676;12;592.00;5
1145;12;627253531;1145;122;1821;1825;12.40;0.76;185.43;3.33;676;12;593.00;4
1147;12;627253546;1147;123;1824;1828;12.46;0.76;185.70;3.33;677;12;594.00;4
1151;12;627253562;1151;126;1824;1828;12.54;0.76;185.92;3.33;673;12;595.00;4
1155;12;627253572;1155;126;1825;1828;12.58;0.77;186.28;3.33;670;12;596.00;3
1160;12;627253583;1160;127;1829;1832;12.55;0.76;186.31;3.33;669;12;597.00;3
1161;12;627253606;1161;127;1831;1833;12.56;0.76;186.32;3.33;670;12;598.00;2
1165;12;627253636;1165;129;1831;1833;12.63;0.77;186.46;3.33;666;12;599.00;2
1169;12;627253658;1169;133;1843;1859;12.57;0.76;186.40;3.31;674;12;600.00;16
1172;12;627253686;1172;131;1844;1859;12.58;0.76;186.72;3.31;672;12;601.00;15
1179;12;627253702;1179;133;1845;1859;12.63;0.76;186.69;3.31;666;12;602.00;14
1184;12;627253716;1184;134;1846;1860;12.66;0.77;186.50;3.31;662;12;603.00;14
1186;12;627253727;1186;139;1847;1860;12.65;0.77;186.46;3.31;661;12;604.00;13
1189;12;627253745;1189;136;1851;1866;12.56;0.76;186.77;3.31;662;12;605.00;15
1193;12;627253757;1193;135;1851;1866;12.56;0.76;186.63;3.31;658;12;606.00;15
1196;12;627253768;1196;139;1854;1867;12.47;0.76;186.59;3.31;658;12;607.00;13
1198;12;627253785;1198;135;1854;1867;12.50;0.76;186.78;3.31;656;12;608.00;13
1200;12;627253795;1200;133;1854;1867;12.46;0.75;186.95;3.31;654;12;609.00;13
1203;12;627253805;1203;130;1856;1867;12.37;0.75;186.93;3.31;653;12;610.00;11
1206;13;627253823;1206;129;1857;1867;12.41;0.75;187.01;3.32;651;13;611.00;10
1207;13;627253845;1207;124;1866;1879;12.42;0.75;187.28;3.30;659;13;612.00;13
1210;13;627253861;1210;124;1868;1879;12.40;0.75;187.73;3.30;658;13;613.00;11
1210;13;627253871;1210;119;1868;1879;12.41;0.75;187.73;3.30;658;13;614.00;11
1215;13;627253881;1215;116;1870;1879;12.41;0.75;187.97;3.31;655;13;615.00;9
1216;13;627253890;1216;111;1870;1879;12.55;0.76;187.88;3.31;654;13;616.00;9
1219;13;627253905;1219;106;1871;1879;12.60;0.76;187.91;3.31;652;13;617.00;8
1223;13;627253914;1223;94;1874;1883;12.63;0.76;188.10;3.31;651;13;618.00;9
1226;13;627253924;1226;90;1874;1883;12.81;0.77;187.92;3.31;648;13;619.00;9
1228;13;627253933;1228;89;1877;1887;13.00;0.78;188.15;3.31;649;13;620.00;10
1232;13;627253943;1232;80;1878;1888;13.15;0.79;188.30;3.31;646;13;621.00;10
1235;13;627253953;1235;80;1879;1888;13.18;0.79;188.49;3.30;644;13;622.00;9
1237;13;627253962;1237;86;1880;1888;13.20;0.80;188.81;3.32;643;13;623.00;8
1239;13;627253973;1239;87;1888;1901;13.21;0.80;188.70;3.30;649;13;624.00;13
1241;13;627253984;1241;87;1888;1901;13.32;0.81;188.71;3.30;647;13;625.00;13
1244;13;627253993;1244;91;1888;1901;13.39;0.81;188.60;3.30;644;13;626.00;13
1244;13;627254009;1244;96;1890;1902;13.37;0.81;188.60;3.33;646;13;627.00;12
1246;13;627254018;1246;97;1890;1903;13.29;0.80;188.59;3.33;644;13;628.00;13
1247;13;627254028;1247;102;1892;1903;13.17;0.80;188.48;3.35;645;13;629.00;11
1248;13;627254040;1248;100;1895;1909;13.11;0.79;188.35;3.34;647;13;630.00;14
1249;13;627254055;1249;105;1897;1909;12.99;0.79;188.57;3.36;648;13;631.00;12
1251;13;627254065;1251;107;1898;1909;12.93;0.79;188.50;3.36;647;13;632.00;11
1253;13;627254075;1253;110;1899;1909;12.95;0.79;188.39;3.36;646;13;633.00;10
1254;13;627254084;1254;113;1903;1915;12.96;0.79;188.36;3.35;649;13;634.00;12
1255;13;627254095;1255;114;1903;1915;12.84;0.78;188.31;3.35;648;13;635.00;12
1257;13;627254104;1257;120;1904;1915;12.74;0.77;188.22;3.35;647;13;636.00;11
1260;13;627254114;1260;125;1905;1915;12.54;0.76;188.37;3.37;645;13;637.00;10
1260;13;627254124;1260;132;1909;1919;12.34;0.75;188.37;3.37;649;13;638.00;10
1261;13;627254134;1261;136;1910;1920;12.20;0.74;188.34;3.37;649;13;639.00;10
1263;13;627254145;1263;139;1911;1920;11.91;0.72;188.35;3.37;648;13;640.00;9
1264;14;627254160;1264;151;1913;1921;11.70;0.71;188.34;3.38;649;14;641.00;8
1270;14;627254181;1270;162;1913;1921;11.46;0.70;188.42;3.38;643;14;642.00;8
1273;14;627254191;1273;168;1916;1921;11.15;0.68;188.42;3.41;643;14;643.00;5
1273;14;627254200;1273;176;1916;1921;10.96;0.66;188.42;3.41;643;14;644.00;5
1276;14;627254209;1276;183;1916;1921;10.72;0.65;188.19;3.41;640;14;645.00;5
1278;14;627254217;1278;188;1916;1921;10.54;0.64;188.33;3.41;638;14;646.00;5
1279;14;627254226;1279;196;1917;1921;10.35;0.63;188.24;3.42;638;14;647.00;4
1282;14;627254235;1282;206;1952;1991;10.30;0.63;188.37;3.37;670;14;648.00;39
1282;14;627254249;1282;212;1955;1992;10.15;0.62;188.37;3.40;673;14;649.00;37
1282;14;627254258;1282;217;1966;1992;10.13;0.62;188.37;3.39;684;14;650.00;26
1283;14;627254267;1283;218;1976;1992;10.03;0.61;188.28;3.40;693;14;651.00;16
1284;14;627254275;1284;225;1980;1992;9.91;0.61;188.17;3.40;696;14;652.00;12
1285;14;627254284;1285;228;1984;1992;9.84;0.60;188.09;3.41;699;14;653.00;8
1289;14;627254292;1289;235;1989;1992;9.68;0.59;188.05;3.41;700;14;654.00;3
1291;14;627254301;1291;238;1990;1992;9.51;0.58;187.92;3.42;699;14;655.00;2
1294;14;627254310;1294;240;1992;1993;9.32;0.57;187.75;3.42;698;14;656.00;1
1295;14;627254318;1295;247;1993;1994;9.09;0.56;187.72;3.41;698;14;657.00;1
1296;14;627254326;1296;255;1994;1994;8.93;0.55;187.73;3.42;698;14;658.00;0
1299;14;627254334;1299;250;1998;1998;8.71;0.53;187.38;3.41;699;14;659.00;0
1300;14;627254345;1300;253;1998;1998;8.53;0.52;187.34;3.41;698;14;660.00;0
1301;14;627254353;1301;252;1998;1998;8.35;0.51;187.29;3.41;697;14;661.00;0
1301;14;627254361;1301;256;1998;1998;8.21;0.51;187.29;3.41;697;14;662.00;0
1302;14;627254369;1302;268;2003;2004;8.14;0.50;187.30;3.41;701;14;663.00;1
1303;14;627254377;1303;277;2004;2004;8.06;0.50;187.33;3.41;701;14;664.00;0
1303;14;627254385;1303;279;2004;2004;8.01;0.49;187.33;3.41;701;14;665.00;0
1305;14;627254394;1305;289;2007;2007;7.99;0.49;187.42;3.40;702;14;666.00;0
1306;14;627254402;1306;290;2007;2007;7.94;0.49;187.34;3.40;701;14;667.00;0
1309;14;627254410;1309;293;2007;2007;7.82;0.48;187.32;3.40;698;14;668.00;0
1311;14;627254418;1311;301;2008;2008;7.69;0.47;187.44;3.40;697;14;669.00;0
1315;14;627254427;1315;301;2009;2009;7.58;0.47;187.18;3.40;694;14;670.00;0
1316;14;627254435;1316;302;2009;2009;7.41;0.46;187.13;3.40;693;14;671.00;0
1323;14;627254448;1323;308;2022;2022;7.25;0.44;187.08;3.38;699;14;672.00;0
1325;14;627254458;1325;307;2022;2022;7.18;0.44;187.07;3.38;697;14;673.00;0
1329;14;627254466;1329;308;2022;2022;7.09;0.43;187.11;3.38;693;14;674.00;0
1331;14;627254474;1331;295;2024;2024;7.09;0.44;187.16;3.37;693;14;675.00;0
1335;14;627254483;1335;278;2024;2024;7.01;0.43;187.26;3.37;689;14;676.00;0
1337;14;627254490;1337;270;2027;2028;7.02;0.43;187.41;3.37;690;14;677.00;1
1342;14;627254499;1342;264;2027;2028;6.94;0.43;187.63;3.37;685;14;678.00;1
1345;14;627254507;1345;260;2032;2032;6.84;0.42;187.87;3.37;687;14;679.00;0
1349;14;627254515;1349;244;2032;2032;6.82;0.42;187.91;3.37;683;14;680.00;0
1352;14;627254523;1352;236;2032;2032;6.91;0.42;188.14;3.37;680;14;681.00;0
1355;14;627254538;1355;231;2032;2032;7.01;0.43;188.48;3.37;677;14;682.00;0
1357;14;627254546;1357;219;2032;2032;7.12;0.44;188.46;3.37;675;14;683.00;0
1361;14;627254554;1361;214;2042;2044;7.30;0.45;188.65;3.35;681;14;684.00;2
1366;14;627254570;1366;213;2043;2044;7.47;0.46;189.04;3.35;677;14;685.00;1
1367;14;627254578;1367;207;2044;2044;7.68;0.47;189.25;3.35;677;14;686.00;0
1370;15;627254593;1370;199;2044;2044;7.82;0.48;189.51;3.35;674;15;687.00;0
1373;15;627254614;1373;196;2044;2044;7.93;0.49;189.84;3.35;671;15;688.00;0
1375;15;627254623;1375;188;2044;2044;8.05;0.49;190.12;3.35;669;15;689.00;0
1378;15;627254633;1378;184;2045;2045;8.15;0.50;190.36;3.35;667;15;690.00;0
1380;15;627254642;1380;182;2045;2045;8.27;0.51;190.66;3.35;665;15;691.00;0
1382;15;627254651;1382;177;2050;2051;8.48;0.52;190.70;3.34;668;15;692.00;1
1386;15;627254660;1386;175;2052;2052;8.65;0.53;190.75;3.34;666;15;693.00;0
1389;15;627254670;1389;168;2052;2052;8.79;0.54;191.06;3.34;663;15;694.00;0
1392;15;627254678;1392;169;2052;2052;8.96;0.55;191.10;3.34;660;15;695.00;0
1395;15;627254686;1395;167;2056;2056;9.08;0.55;191.20;3.33;661;15;696.00;0
1400;15;627254696;1400;167;2056;2056;9.14;0.56;191.05;3.33;656;15;697.00;0
1405;15;627254704;1405;166;2056;2056;9.19;0.56;191.09;3.33;651;15;698.00;0
1408;15;627254713;1408;155;2057;2057;9.32;0.57;191.22;3.33;649;15;699.00;0
1413;15;627254723;1413;146;2061;2061;9.41;0.58;191.25;3.33;648;15;700.00;0
1419;15;627254736;1419;145;2061;2061;9.46;0.58;191.63;3.33;642;15;701.00;0
1423;15;627254746;1423;136;2063;2064;9.53;0.58;191.87;3.32;640;15;702.00;1
1430;15;627254759;1430;130;2063;2064;9.57;0.59;191.97;3.32;633;15;703.00;1
1438;15;627254769;1438;136;2064;2064;9.64;0.59;192.06;3.32;626;15;704.00;0
1442;15;627254778;1442;133;2064;2064;9.70;0.59;192.02;3.32;622;15;705.00;0
1448;15;627254787;1448;124;2067;2068;9.75;0.59;192.22;3.32;619;15;706.00;1
1454;15;627254797;1454;129;2067;2068;9.77;0.59;192.26;3.32;613;15;707.00;1
1458;15;627254806;1458;125;2068;2068;9.77;0.59;192.39;3.32;610;15;708.00;0
1461;15;627254815;1461;124;2068;2068;9.69;0.59;192.54;3.32;607;15;709.00;0
1467;15;627254824;1467;126;2069;2069;9.60;0.58;192.47;3.32;602;15;710.00;0
1474;15;627254833;1474;126;2070;2070;9.54;0.58;192.89;3.32;596;15;711.00;0
1476;15;627254849;1476;129;2070;2070;9.60;0.58;193.00;3.32;594;15;712.00;0
1481;15;627254857;1481;129;2071;2071;9.62;0.58;193.24;3.31;590;15;713.00;0
1484;15;627254866;1484;131;2071;2071;9.71;0.59;193.46;3.31;587;15;714.00;0
1487;15;627254876;1487;133;2071;2071;9.83;0.60;193.55;3.31;584;15;715.00;0
1490;15;627254884;1490;134;2071;2071;9.95;0.60;193.90;3.31;581;15;716.00;0
1493;15;627254894;1493;140;2071;2071;10.00;0.61;193.95;3.31;578;15;717.00;0
1495;15;627254903;1495;140;2071;2071;10.02;0.61;194.41;3.31;576;15;718.00;0
1498;15;627254912;1498;139;2071;2071;10.03;0.61;194.50;3.31;573;15;719.00;0
1499;15;627254923;1499;181;2192;2301;10.05;0.63;194.63;3.13;693;15;720.00;109
1503;15;627254950;1503;178;2202;2302;10.03;0.63;194.87;3.12;699;15;721.00;100
1504;15;627254961;1504;167;2214;2302;10.08;0.63;195.03;3.12;710;15;722.00;88
1507;15;627254972;1507;162;2224;2302;10.05;0.63;195.19;3.12;717;15;723.00;78
1509;15;627254982;1509;162;2230;2302;10.01;0.63;195.49;3.12;721;15;724.00;72
1512;15;627254997;1512;161;2235;2302;10.02;0.63;195.74;3.12;723;15;725.00;67
1516;15;627255007;1516;162;2242;2302;9.95;0.62;195.94;3.13;726;15;726.00;60
1518;15;627255018;1518;158;2248;2302;9.91;0.62;196.19;3.14;730;15;727.00;54
1522;16;627255028;1522;154;2251;2303;9.84;0.61;196.24;3.15;729;16;728.00;52
1523;16;627255051;1523;151;2257;2304;9.76;0.61;196.31;3.16;734;16;729.00;47
1525;16;627255062;1525;152;2260;2304;9.73;0.61;196.42;3.17;735;16;730.00;44
1526;16;627255072;1526;156;2267;2305;9.77;0.61;196.57;3.19;741;16;731.00;38
1528;16;627255084;1528;162;2272;2305;9.81;0.61;196.70;3.21;744;16;732.00;33
1532;16;627255095;1532;170;2273;2305;9.83;0.61;196.87;3.22;741;16;733.00;32
1534;16;627255106;1534;172;2278;2305;9.89;0.61;197.03;3.24;744;16;734.00;27
1539;16;627255126;1539;178;2282;2309;9.91;0.61;197.06;3.25;743;16;735.00;27
1541;16;627255138;1541;169;2283;2309;9.99;0.62;197.19;3.25;742;16;736.00;26
1544;16;627255150;1544;163;2287;2309;10.08;0.62;197.27;3.28;743;16;737.00;22
1546;16;627255162;1546;159;2290;2312;10.18;0.63;197.39;3.28;744;16;738.00;22
1547;16;627255173;1547;151;2292;2312;10.33;0.63;197.50;3.29;745;16;739.00;20
1554;16;627255185;1554;152;2295;2312;10.45;0.64;197.75;3.31;741;16;740.00;17
1556;16;627255207;1556;154;2299;2316;10.53;0.64;197.91;3.31;743;16;741.00;17
1559;16;627255230;1559;152;2302;2317;10.67;0.65;198.06;3.31;743;16;742.00;15
1565;16;627255242;1565;153;2303;2317;10.72;0.65;198.33;3.32;738;16;743.00;14
1567;16;627255254;1567;149;2309;2321;10.88;0.66;198.49;3.33;742;16;744.00;12
1569;16;627255266;1569;145;2309;2321;10.98;0.67;198.60;3.33;740;16;745.00;12
1570;16;627255278;1570;146;2310;2321;11.10;0.68;198.67;3.33;740;16;746.00;11
1574;16;627255295;1574;147;2311;2322;11.24;0.69;199.29;3.33;737;16;747.00;11
1575;16;627255308;1575;150;2311;2322;11.33;0.69;199.23;3.33;736;16;748.00;11
1576;16;627255319;1576;154;2316;2328;11.43;0.70;199.35;3.33;740;16;749.00;12
1579;16;627255332;1579;153;2316;2328;11.52;0.70;199.75;3.33;737;16;750.00;12
1582;16;627255350;1582;153;2318;2329;11.61;0.71;199.99;3.33;736;16;751.00;11
1584;16;627255362;1584;150;2318;2329;11.64;0.71;200.09;3.33;734;16;752.00;11
1586;16;627255373;1586;153;2318;2329;11.64;0.71;200.13;3.33;732;16;753.00;11
1591;16;627255385;1591;152;2318;2329;11.71;0.71;200.50;3.33;727;16;754.00;11
1593;16;627255401;1593;153;2318;2329;11.76;0.72;200.53;3.33;725;16;755.00;11
1598;16;627255412;1598;158;2328;2341;11.78;0.72;200.86;3.31;730;16;756.00;13
1602;16;627255423;1602;161;2328;2341;11.83;0.72;200.77;3.31;726;16;757.00;13
1606;16;627255434;1606;160;2330;2341;11.88;0.72;200.87;3.31;724;16;758.00;11
1608;16;627255445;1608;162;2330;2341;11.92;0.72;200.91;3.31;722;16;759.00;11
1612;16;627255461;1612;166;2330;2341;11.93;0.73;201.13;3.31;718;16;760.00;11
1614;16;627255472;1614;165;2330;2341;11.94;0.73;201.18;3.31;716;16;761.00;11
1619;16;627255482;1619;165;2334;2345;11.85;0.72;201.40;3.31;715;16;762.00;11
1623;16;627255493;1623;163;2334;2345;11.88;0.72;201.63;3.31;711;16;763.00;11
1626;16;627255504;1626;168;2337;2349;11.91;0.72;201.75;3.30;711;16;764.00;12
1626;16;627255515;1626;167;2339;2351;11.98;0.73;201.75;3.30;713;16;765.00;12
1630;17;627255525;1630;165;2340;2351;11.99;0.73;201.64;3.30;710;17;766.00;11
1630;17;627255551;1630;166;2340;2351;12.06;0.73;201.64;3.30;710;17;767.00;11
1636;17;627255561;1636;167;2351;2364;12.04;0.73;201.88;3.28;715;17;768.00;13
1639;17;627255573;1639;166;2351;2364;12.00;0.73;201.83;3.28;712;17;769.00;13
1641;17;627255584;1641;166;2352;2364;11.95;0.73;201.92;3.30;711;17;770.00;12
1645;17;627255598;1645;163;2353;2365;11.90;0.72;201.97;3.30;708;17;771.00;12
1647;17;627255613;1647;167;2353;2366;11.86;0.72;202.08;3.30;706;17;772.00;13
1650;17;627255632;1650;167;2353;2366;11.87;0.72;202.34;3.30;703;17;773.00;13
1653;17;627255650;1653;168;2355;2369;11.85;0.72;202.27;3.30;702;17;774.00;14
1658;17;627255665;1658;168;2355;2369;11.81;0.72;202.22;3.30;697;17;775.00;14
1660;17;627255692;1660;170;2356;2369;11.82;0.72;202.17;3.30;696;17;776.00;13
1663;17;627255706;1663;172;2356;2369;11.79;0.72;202.18;3.30;693;17;777.00;13
1670;17;627255727;1670;173;2360;2375;11.79;0.72;202.24;3.30;690;17;778.00;15
1672;17;627255739;1672;172;2360;2375;11.77;0.72;202.27;3.30;688;17;779.00;15
1675;17;627255751;1675;171;2361;2375;11.76;0.72;202.22;3.30;686;17;780.00;14
1680;18;627255761;1680;165;2361;2375;11.74;0.72;202.11;3.30;681;18;781.00;14
1681;18;627255792;1681;162;2364;2379;11.77;0.72;202.11;3.29;683;18;782.00;15
1684;18;627255803;1684;157;2365;2380;11.73;0.72;202.27;3.29;681;18;783.00;15
1687;18;627255822;1687;154;2365;2380;11.76;0.72;202.15;3.29;678;18;784.00;15
1690;18;627255832;1690;154;2368;2381;11.77;0.72;202.07;3.32;678;18;785.00;13
1694;18;627255847;1694;150;2368;2381;11.76;0.72;202.19;3.32;674;18;786.00;13
1696;18;627255857;1696;145;2368;2381;11.75;0.72;202.13;3.32;672;18;787.00;13
1701;18;627255868;1701;141;2369;2381;11.72;0.72;201.96;3.35;668;18;788.00;12
1704;18;627255879;1704;136;2369;2381;11.68;0.71;202.05;3.35;665;18;789.00;12
1708;18;627255890;1708;129;2369;2381;11.65;0.71;201.94;3.35;661;18;790.00;12
1709;18;627255900;1709;128;2370;2381;11.76;0.72;201.96;3.38;661;18;791.00;11
1710;18;627255910;1710;131;2400;2451;11.80;0.72;201.94;3.34;690;18;792.00;51
1712;18;627255926;1712;129;2401;2452;11.78;0.72;201.90;3.33;689;18;793.00;51
1716;18;627255936;1716;127;2409;2452;11.90;0.73;202.03;3.33;693;18;794.00;43
1720;18;627255947;1720;134;2411;2452;11.84;0.72;201.90;3.33;691;18;795.00;41
1722;18;627255956;1722;138;2415;2452;11.85;0.72;201.80;3.33;693;18;796.00;37
1726;18;627255967;1726;141;2418;2452;11.87;0.72;201.71;3.36;692;18;797.00;34
1728;18;627255979;1728;138;2421;2452;11.93;0.73;201.66;3.37;693;18;798.00;31
1730;18;627255989;1730;143;2421;2452;11.90;0.73;201.56;3.37;691;18;799.00;31
1733;18;627256001;1733;147;2426;2453;11.91;0.73;201.50;3.40;693;18;800.00;27
1735;18;627256024;1735;146;2429;2454;11.81;0.72;201.39;3.41;694;18;801.00;25
1737;18;627256035;1737;154;2436;2454;11.74;0.71;201.24;3.45;699;18;802.00;18
1739;18;627256046;1739;161;2439;2458;11.60;0.71;201.27;3.45;700;18;803.00;19
1742;19;627256057;1742;166;2442;2458;11.39;0.69;201.12;3.49;700;19;804.00;16
1745;19;627256085;1745;169;2442;2458;11.24;0.68;200.92;3.49;697;19;805.00;16
1750;19;627256096;1750;177;2443;2458;11.05;0.67;200.55;3.52;693;19;806.00;15
1750;19;627256114;1750;186;2447;2464;10.89;0.66;200.55;3.53;697;19;807.00;17
1754;19;627256131;1754;198;2450;2464;10.69;0.65;200.58;3.56;696;19;808.00;14
1756;19;627256142;1756;209;2451;2464;10.48;0.63;200.53;3.56;695;19;809.00;13
1759;19;627256154;1759;214;2457;2470;10.33;0.62;200.47;3.62;698;19;810.00;13
1759;19;627256169;1759;222;2457;2470;10.17;0.62;200.47;3.62;698;19;811.00;13
1759;19;627256180;1759;224;2461;2470;9.96;0.60;200.47;3.65;702;19;812.00;9
1760;19;627256190;1760;231;2462;2471;9.80;0.60;200.56;3.65;702;19;813.00;9
1761;19;627256199;1761;243;2466;2472;9.64;0.59;200.46;3.66;705;19;814.00;6
1763;19;627256209;1763;250;2468;2472;9.45;0.58;200.26;3.68;705;19;815.00;4
1764;19;627256218;1764;257;2478;2485;9.33;0.57;200.26;3.67;714;19;816.00;7
1768;19;627256228;1768;262;2481;2485;9.15;0.56;200.02;3.68;713;19;817.00;4
1768;19;627256237;1768;264;2481;2485;9.01;0.55;200.02;3.68;713;19;818.00;4
1771;19;627256247;1771;275;2482;2486;8.89;0.55;200.15;3.68;711;19;819.00;4
1774;19;627256257;1774;279;2484;2486;8.80;0.54;200.14;3.69;710;19;820.00;2
1776;19;627256266;1776;286;2488;2490;8.75;0.54;200.03;3.68;712;19;821.00;2
1778;19;627256275;1778;297;2489;2490;8.69;0.53;200.01;3.69;711;19;822.00;1
1780;19;627256285;1780;306;2494;2494;8.61;0.53;199.98;3.68;714;19;823.00;0
1782;19;627256294;1782;312;2494;2494;8.54;0.52;200.03;3.68;712;19;824.00;0
1783;19;627256303;1783;315;2494;2494;8.38;0.51;199.99;3.68;711;19;825.00;0
1784;19;627256312;1784;323;2494;2494;8.19;0.50;199.98;3.68;710;19;826.00;0
1788;19;627256321;1788;316;2494;2494;7.99;0.49;199.73;3.68;706;19;827.00;0
1790;19;627256330;1790;309;2505;2506;7.90;0.49;199.82;3.67;715;19;828.00;1
1792;19;627256339;1792;306;2506;2506;7.86;0.48;199.77;3.66;714;19;829.00;0
1792;19;627256348;1792;301;2506;2506;7.82;0.48;199.77;3.66;714;19;830.00;0
1793;19;627256357;1793;294;2506;2506;7.80;0.48;199.77;3.66;713;19;831.00;0
1794;19;627256373;1794;291;2506;2506;7.79;0.48;199.72;3.66;712;19;832.00;0
1794;19;627256382;1794;286;2506;2506;7.81;0.48;199.72;3.66;712;19;833.00;0
1795;19;627256398;1795;284;2507;2507;7.81;0.48;199.75;3.66;712;19;834.00;0
1797;19;627256408;1797;280;2507;2507;7.84;0.48;199.65;3.66;710;19;835.00;0
1799;19;627256417;1799;276;2512;2513;7.95;0.49;199.55;3.66;713;19;836.00;1
1801;19;627256435;1801;274;2514;2514;8.00;0.49;199.61;3.66;713;19;837.00;0
1803;19;627256445;1803;272;2514;2514;8.01;0.49;199.54;3.66;711;19;838.00;0
1804;19;627256455;1804;267;2514;2514;8.03;0.49;199.50;3.66;710;19;839.00;0
1805;19;627256466;1805;269;2519;2519;8.08;0.49;199.44;3.65;714;19;840.00;0
1807;19;627256476;1807;272;2519;2519;8.02;0.49;199.45;3.65;712;19;841.00;0
1808;19;627256485;1808;268;2519;2519;7.98;0.49;199.41;3.65;711;19;842.00;0
1810;19;627256494;1810;268;2520;2520;7.92;0.48;199.45;3.65;710;19;843.00;0
1812;19;627256503;1812;267;2524;2524;7.87;0.48;199.48;3.64;712;19;844.00;0
1814;19;627256512;1814;267;2524;2524;7.88;0.48;199.56;3.64;710;19;845.00;0
1817;19;627256522;1817;271;2526;2527;7.90;0.48;199.71;3.64;709;19;846.00;1
1820;19;627256532;1820;271;2527;2527;7.88;0.48;199.74;3.64;707;19;847.00;0
1824;19;627256541;1824;272;2527;2527;7.75;0.48;200.01;3.64;703;19;848.00;0
1827;19;627256549;1827;271;2527;2527;7.70;0.47;200.22;3.64;700;19;849.00;0
1830;19;627256558;1830;258;2530;2531;7.82;0.48;200.27;3.64;700;19;850.00;1
1833;19;627256568;1833;247;2530;2531;7.86;0.48;200.26;3.64;697;19;851.00;1
1837;19;627256577;1837;242;2531;2531;7.93;0.49;200.35;3.64;694;19;852.00;0
1839;19;627256586;1839;234;2531;2531;8.01;0.49;200.27;3.64;692;19;853.00;0
1844;19;627256599;1844;230;2532;2532;7.98;0.49;200.70;3.63;688;19;854.00;0
1849;19;627256608;1849;223;2534;2534;8.03;0.50;200.94;3.63;685;19;855.00;0
1854;19;627256617;1854;222;2534;2534;8.07;0.50;200.80;3.63;680;19;856.00;0
1860;19;627256626;1860;215;2535;2535;8.14;0.50;201.02;3.63;675;19;857.00;0
1864;19;627256635;1864;201;2535;2535;8.22;0.51;200.89;3.63;671;19;858.00;0
1867;19;627256644;1867;190;2535;2535;8.30;0.51;200.96;3.63;668;19;859.00;0
1873;19;627256659;1873;181;2535;2535;8.38;0.51;201.37;3.63;662;19;860.00;0
1880;19;627256667;1880;172;2535;2535;8.44;0.52;201.40;3.63;655;19;861.00;0
1885;19;627256676;1885;164;2535;2535;8.56;0.52;201.29;3.63;650;19;862.00;0
1890;19;627256685;1890;160;2535;2535;8.63;0.53;201.53;3.63;645;19;863.00;0
1892;19;627256693;1892;166;2613;2662;8.97;0.55;201.49;3.52;721;19;864.00;49
1898;19;627256712;1898;163;2615;2663;9.00;0.56;201.62;3.52;717;19;865.00;48
1900;19;627256722;1900;153;2620;2663;9.16;0.57;201.69;3.52;720;19;866.00;43
1903;19;627256731;1903;148;2625;2663;9.26;0.57;201.75;3.52;722;19;867.00;38
1909;19;627256742;1909;145;2631;2663;9.36;0.58;201.78;3.52;722;19;868.00;32
1911;19;627256752;1911;141;2633;2663;9.46;0.58;201.73;3.52;722;19;869.00;30
1917;19;627256763;1917;144;2638;2663;9.51;0.59;202.00;3.52;721;19;870.00;25
1924;19;627256774;1924;135;2639;2663;9.47;0.58;202.41;3.53;715;19;871.00;24
1925;19;627256785;1925;138;2644;2664;9.56;0.59;202.42;3.53;719;19;872.00;20
1930;19;627256796;1930;140;2648;2665;9.56;0.59;202.61;3.54;718;19;873.00;17
1937;19;627256807;1937;143;2652;2665;9.54;0.59;202.83;3.55;715;19;874.00;13
1938;19;627256818;1938;148;2654;2666;9.58;0.59;202.80;3.55;716;19;875.00;12
1942;19;627256828;1942;155;2659;2666;9.64;0.59;203.21;3.57;717;19;876.00;7
1946;19;627256845;1946;162;2660;2666;9.70;0.60;203.41;3.57;714;19;877.00;6
1949;19;627256855;1949;163;2661;2666;9.78;0.60;203.47;3.57;712;19;878.00;5
1954;19;627256866;1954;167;2665;2670;9.81;0.60;203.70;3.58;711;19;879.00;5
1958;19;627256883;1958;167;2666;2670;9.80;0.60;203.75;3.59;708;19;880.00;4
1961;19;627256899;1961;167;2667;2670;9.78;0.60;203.91;3.59;706;19;881.00;3
1966;19;627256911;1966;172;2670;2673;9.80;0.60;204.04;3.59;704;19;882.00;3
1972;19;627256922;1972;174;2670;2673;9.82;0.60;204.20;3.59;698;19;883.00;3
1975;19;627256932;1975;174;2671;2673;9.89;0.60;204.13;3.59;696;19;884.00;2
1981;19;627256943;1981;179;2675;2677;9.94;0.61;204.18;3.59;694;19;885.00;2
1984;19;627256954;1984;179;2677;2678;10.03;0.61;204.11;3.59;693;19;886.00;1
1988;19;627256979;1988;182;2677;2678;10.10;0.61;204.53;3.59;689;19;887.00;1
1989;19;627256990;1989;184;2682;2682;10.18;0.62;204.62;3.58;693;19;888.00;0
1991;19;627257000;1991;185;2682;2682;10.14;0.62;204.75;3.58;691;19;889.00;0
1994;19;627257010;1994;185;2682;2682;10.17;0.62;204.73;3.58;688;19;890.00;0
1998;19;627257021;1998;194;2683;2683;10.22;0.62;204.77;3.58;685;19;891.00;0
2001;19;627257032;2001;193;2683;2683;10.24;0.62;204.99;3.58;682;19;892.00;0
2005;19;627257042;2005;198;2688;2689;10.20;0.62;205.18;3.58;683;19;893.00;1
2009;19;627257059;2009;199;2688;2689;10.12;0.62;205.42;3.58;679;19;894.00;1
2010;19;627257070;2010;202;2690;2690;10.11;0.61;205.49;3.58;680;19;895.00;0
2013;19;627257081;2013;203;2690;2690;10.10;0.61;205.52;3.58;677;19;896.00;0
2017;19;627257091;2017;194;2690;2690;10.10;0.61;205.95;3.58;673;19;897.00;0
2021;19;627257102;2021;189;2690;2690;10.13;0.62;206.55;3.58;669;19;898.00;0
2022;19;627257118;2022;184;2690;2690;10.22;0.62;206.62;3.58;668;19;899.00;0
2026;19;627257132;2026;190;2718;2736;10.15;0.62;206.81;3.54;692;19;900.00;18
2029;19;627257151;2029;185;2718;2736;10.25;0.63;206.95;3.54;689;19;901.00;18
2031;19;627257162;2031;178;2721;2736;10.42;0.64;206.99;3.54;690;19;902.00;15
2034;19;627257173;2034;178;2721;2736;10.50;0.64;207.01;3.54;687;19;903.00;15
2035;19;627257184;2035;178;2723;2736;10.57;0.65;207.14;3.54;688;19;904.00;13
2038;19;627257194;2038;179;2723;2736;10.53;0.64;207.12;3.54;685;19;905.00;13
2042;19;627257210;2042;162;2728;2740;10.49;0.64;207.25;3.54;686;19;906.00;12
2044;19;627257221;2044;150;2729;2740;10.54;0.64;207.19;3.54;685;19;907.00;11
2050;19;627257231;2050;142;2732;2744;10.58;0.65;207.38;3.54;682;19;908.00;12
2053;19;627257249;2053;131;2733;2745;10.61;0.65;207.53;3.54;680;19;909.00;12
2055;19;627257259;2055;129;2735;2745;10.65;0.65;207.51;3.54;680;19;910.00;10
2058;19;627257270;2058;125;2735;2745;10.69;0.65;207.73;3.54;677;19;911.00;10
2061;19;627257285;2061;124;2744;2758;10.79;0.66;207.75;3.53;683;19;912.00;14
2063;19;627257297;2063;120;2744;2758;10.88;0.66;207.83;3.53;681;19;913.00;14
2066;19;627257307;2066;119;2744;2758;10.98;0.67;207.96;3.53;678;19;914.00;14
2068;19;627257318;2068;115;2745;2759;11.09;0.68;208.04;3.53;677;19;915.00;14
2070;19;627257329;2070;121;2748;2760;11.06;0.67;208.18;3.54;678;19;916.00;12
2076;19;627257340;2076;120;2748;2760;11.03;0.67;208.29;3.54;672;19;917.00;12
2078;19;627257351;2078;125;2750;2763;11.04;0.67;208.42;3.53;672;19;918.00;13
2084;19;627257361;2084;122;2750;2763;11.04;0.67;208.69;3.53;666;19;919.00;13
2085;19;627257372;2085;122;2750;2763;11.05;0.67;208.80;3.53;665;19;920.00;13
2090;19;627257381;2090;123;2752;2763;11.07;0.67;208.94;3.55;662;19;921.00;11
2094;19;627257391;2094;118;2756;2769;11.06;0.67;209.00;3.54;662;19;922.00;13
2097;19;627257401;2097;119;2756;2769;11.15;0.68;209.20;3.54;659;19;923.00;13
2099;19;627257411;2099;124;2756;2769;11.25;0.68;209.23;3.54;657;19;924.00;13
2101;19;627257421;2101;124;2756;2769;11.27;0.69;209.24;3.54;655;19;925.00;13
2106;19;627257431;2106;125;2760;2773;11.20;0.68;209.27;3.54;654;19;926.00;13
2107;19;627257441;2107;128;2764;2774;11.27;0.69;209.30;3.56;657;19;927.00;10
2110;20;627257451;2110;131;2764;2774;11.32;0.69;209.33;3.56;654;20;928.00;10
2112;20;627257468;2112;132;2765;2775;11.44;0.70;209.45;3.56;653;20;929.00;10
2116;20;627257483;2116;136;2767;2775;11.52;0.70;209.38;3.57;651;20;930.00;8
2120;21;627257500;2120;137;2768;2775;11.53;0.70;209.22;3.58;648;21;931.00;7
2123;21;627257519;2123;141;2768;2775;11.63;0.71;209.17;3.58;645;21;932.00;7
2127;21;627257529;2127;141;2769;2775;11.64;0.71;209.08;3.58;642;21;933.00;6
2131;21;627257543;2131;143;2769;2775;11.72;0.71;209.07;3.58;638;21;934.00;6
2131;21;627257553;2131;145;2769;2775;11.71;0.71;209.07;3.58;638;21;935.00;6
2134;21;627257568;2134;161;2809;2845;11.34;0.69;209.08;3.54;675;21;936.00;36
2135;21;627257583;2135;154;2812;2846;11.28;0.69;209.08;3.55;677;21;937.00;34
2135;21;627257592;2135;153;2818;2846;11.29;0.69;209.08;3.54;683;21;938.00;28
2137;21;627257606;2137;155;2821;2846;11.25;0.69;209.18;3.54;684;21;939.00;25
2139;21;627257620;2139;160;2824;2846;11.29;0.69;209.21;3.54;685;21;940.00;22
2140;21;627257635;2140;162;2826;2846;11.32;0.69;209.21;3.54;686;21;941.00;20
2143;21;627257650;2143;169;2830;2846;11.36;0.70;209.06;3.55;687;21;942.00;16
2147;21;627257665;2147;174;2832;2846;11.40;0.70;208.98;3.55;685;21;943.00;14
2151;21;627257679;2151;174;2834;2847;11.41;0.70;208.90;3.55;683;21;944.00;13
2155;21;627257694;2155;174;2838;2849;11.34;0.69;208.93;3.55;683;21;945.00;11
2159;21;627257717;2159;174;2840;2849;11.34;0.69;209.15;3.56;681;21;946.00;9
2163;21;627257728;2163;176;2845;2853;11.30;0.69;209.05;3.56;682;21;947.00;8
2165;21;627257738;2165;174;2846;2853;11.28;0.69;208.96;3.56;681;21;948.00;7
2167;21;627257748;2167;171;2847;2853;11.24;0.68;208.88;3.58;680;21;949.00;6
2171;21;627257758;2171;168;2847;2853;11.17;0.68;208.72;3.58;676;21;950.00;6
2176;21;627257768;2176;164;2850;2859;11.04;0.67;208.76;3.58;674;21;951.00;9
2177;21;627257777;2177;160;2850;2859;11.00;0.67;208.72;3.58;673;21;952.00;9
2181;21;627257787;2181;161;2852;2859;10.96;0.67;208.58;3.59;671;21;953.00;7
2184;21;627257797;2184;158;2854;2862;10.99;0.67;208.54;3.59;670;21;954.00;8
2190;21;627257807;2190;154;2856;2862;10.93;0.66;208.47;3.59;666;21;955.00;6
2193;21;627257817;2193;155;2856;2862;10.88;0.66;208.31;3.59;663;21;956.00;6
2196;21;627257826;2196;153;2857;2863;10.88;0.66;208.31;3.59;661;21;957.00;6
2197;21;627257835;2197;153;2858;2864;10.94;0.66;208.26;3.59;661;21;958.00;6
2201;21;627257844;2201;152;2858;2864;10.96;0.67;208.12;3.59;657;21;959.00;6
2203;21;627257855;2203;160;2873;2890;10.99;0.67;207.95;3.57;670;21;960.00;17
2204;21;627257867;2204;157;2873;2890;11.03;0.67;207.97;3.57;669;21;961.00;17
2208;21;627257877;2208;159;2875;2890;10.99;0.67;207.93;3.57;667;21;962.00;15
2212;21;627257896;2212;156;2878;2891;10.95;0.66;207.80;3.57;666;21;963.00;13
2214;21;627257906;2214;162;2878;2891;10.93;0.66;207.85;3.57;664;21;964.00;13
2214;21;627257915;2214;166;2880;2895;10.93;0.66;207.85;3.57;666;21;965.00;15
2215;21;627257933;2215;169;2880;2895;10.93;0.66;207.77;3.57;665;21;966.00;15
2215;21;627257943;2215;175;2884;2899;10.94;0.66;207.77;3.57;669;21;967.00;15
2220;21;627257952;2220;178;2884;2899;10.83;0.66;207.73;3.57;664;21;968.00;15
2220;21;627257961;2220;182;2884;2899;10.80;0.66;207.73;3.57;664;21;969.00;15
2220;21;627257970;2220;186;2886;2899;10.77;0.65;207.73;3.60;666;21;970.00;13
2221;21;627257979;2221;187;2887;2899;10.67;0.65;207.73;3.60;666;21;971.00;12
2223;21;627257987;2223;191;2899;2911;10.55;0.64;207.74;3.61;676;21;972.00;12
2225;21;627257998;2225;192;2900;2911;10.37;0.63;207.68;3.61;675;21;973.00;11
2228;21;627258008;2228;197;2900;2911;10.25;0.62;207.70;3.61;672;21;974.00;11
2229;21;627258017;2229;204;2901;2911;10.07;0.61;207.65;3.61;672;21;975.00;10
2229;21;627258026;2229;213;2901;2911;9.97;0.61;207.65;3.61;672;21;976.00;10
2231;21;627258034;2231;222;2901;2911;9.98;0.61;207.66;3.61;670;21;977.00;10
2234;21;627258042;2234;228;2902;2912;9.92;0.61;207.69;3.62;668;21;978.00;10
2235;21;627258052;2235;224;2903;2912;9.86;0.60;207.71;3.62;668;21;979.00;9
2237;21;627258061;2237;216;2909;2918;9.90;0.60;207.71;3.63;672;21;980.00;9
2238;21;627258078;2238;211;2912;2919;9.96;0.61;207.67;3.64;674;21;981.00;7
2241;21;627258088;2241;211;2912;2919;9.94;0.60;207.67;3.64;671;21;982.00;7
2242;21;627258104;2242;211;2913;2919;9.95;0.60;207.69;3.64;671;21;983.00;6
2245;22;627258114;2245;208;2917;2923;9.86;0.60;207.61;3.64;672;22;984.00;6
2246;22;627258140;2246;208;2917;2923;9.82;0.60;207.60;3.64;671;22;985.00;6
2248;22;627258149;2248;211;2919;2923;9.71;0.59;207.51;3.65;671;22;986.00;4
2249;22;627258158;2249;207;2920;2924;9.65;0.59;207.45;3.65;671;22;987.00;4
2253;22;627258168;2253;205;2923;2928;9.53;0.58;207.25;3.64;670;22;988.00;5
2253;22;627258177;2253;209;2923;2928;9.45;0.57;207.25;3.64;670;22;989.00;5
2253;22;627258187;2253;203;2927;2934;9.42;0.57;207.25;3.64;674;22;990.00;7
2253;22;627258205;2253;204;2927;2934;9.37;0.57;207.25;3.64;674;22;991.00;7
2254;22;627258215;2254;208;2930;2934;9.31;0.57;207.33;3.65;676;22;992.00;4
2255;22;627258224;2255;209;2931;2934;9.32;0.57;207.32;3.65;676;22;993.00;3
2255;22;627258233;2255;215;2933;2938;9.36;0.57;207.32;3.64;678;22;994.00;5
2257;22;627258242;2257;215;2934;2938;9.35;0.57;207.30;3.64;677;22;995.00;4
2258;22;627258252;2258;213;2935;2938;9.37;0.57;207.33;3.64;677;22;996.00;3
2260;22;627258261;2260;219;2935;2938;9.37;0.57;207.32;3.64;675;22;997.00;3
2260;22;627258295;2260;220;2937;2939;9.30;0.57;207.32;3.64;677;22;998.00;2
2264;22;627258304;2264;216;2938;2940;9.16;0.56;207.15;3.64;674;22;999.00;2
2265;22;627258315;2265;214;2938;2940;9.04;0.55;207.15;3.64;673;22;1000.00;2
2268;22;627258329;2268;210;2939;2941;8.90;0.55;207.20;3.64;671;22;1001.00;2
2271;22;627258338;2271;211;2939;2941;8.81;0.54;207.25;3.64;668;22;1002.00;2
2275;22;627258347;2275;214;2939;2941;8.72;0.53;207.48;3.64;664;22;1003.00;2
2279;22;627258356;2279;212;2939;2941;8.68;0.53;207.44;3.64;660;22;1004.00;2
2282;22;627258365;2282;208;2939;2941;8.69;0.53;207.47;3.64;657;22;1005.00;2
2283;22;627258374;2283;204;2939;2941;8.74;0.54;207.53;3.64;656;22;1006.00;2
2285;22;627258382;2285;206;2939;2941;8.71;0.53;207.52;3.64;654;22;1007.00;2
2286;22;627258392;2286;226;3008;3068;8.71;0.54;207.49;3.56;722;22;1008.00;60
2291;22;627258411;2291;222;3010;3069;8.73;0.54;207.38;3.56;719;22;1009.00;59
2294;22;627258420;2294;216;3018;3069;8.85;0.55;207.56;3.55;724;22;1010.00;51
2298;22;627258430;2298;214;3024;3069;8.87;0.55;207.56;3.55;726;22;1011.00;45
2301;22;627258439;2301;213;3030;3069;8.87;0.55;207.58;3.55;729;22;1012.00;39
2304;22;627258448;2304;218;3035;3069;8.86;0.55;207.64;3.55;731;22;1013.00;34
2308;22;627258456;2308;219;3040;3069;8.84;0.55;207.66;3.56;732;22;1014.00;29
2314;22;627258465;2314;221;3042;3069;8.79;0.54;207.88;3.56;728;22;1015.00;27
2321;22;627258475;2321;228;3047;3070;8.71;0.54;207.79;3.57;726;22;1016.00;23
2325;22;627258485;2325;225;3050;3071;8.67;0.53;207.85;3.57;725;22;1017.00;21
2331;22;627258494;2331;222;3052;3071;8.55;0.53;207.74;3.58;721;22;1018.00;19
2335;22;627258504;2335;221;3056;3072;8.44;0.52;207.75;3.58;721;22;1019.00;16
2340;22;627258515;2340;217;3059;3072;8.36;0.52;207.81;3.59;719;22;1020.00;13
2343;22;627258525;2343;217;3059;3072;8.28;0.51;207.94;3.59;716;22;1021.00;13
2346;22;627258534;2346;211;3061;3072;8.23;0.51;208.09;3.60;715;22;1022.00;11
2349;22;627258543;2349;211;3064;3076;8.26;0.51;208.11;3.60;715;22;1023.00;12
2351;22;627258553;2351;213;3066;3076;8.32;0.51;208.17;3.61;715;22;1024.00;10
2356;22;627258563;2356;215;3067;3076;8.37;0.52;208.32;3.61;711;22;1025.00;9
2360;22;627258572;2360;217;3070;3079;8.48;0.52;208.41;3.62;710;22;1026.00;9
2361;22;627258582;2361;209;3072;3079;8.60;0.53;208.49;3.62;711;22;1027.00;7
2366;22;627258593;2366;204;3074;3079;8.70;0.54;208.63;3.62;708;22;1028.00;5
2370;22;627258606;2370;198;3079;3083;8.80;0.54;208.79;3.62;709;22;1029.00;4
2374;22;627258617;2374;198;3080;3084;8.90;0.55;208.77;3.62;706;22;1030.00;4
2378;22;627258628;2378;195;3080;3084;9.01;0.55;209.04;3.62;702;22;1031.00;4
2381;22;627258638;2381;190;3084;3088;9.15;0.56;209.00;3.61;703;22;1032.00;4
2384;22;627258650;2384;185;3084;3088;9.28;0.57;209.07;3.61;700;22;1033.00;4
2391;22;627258660;2391;183;3084;3088;9.39;0.58;209.14;3.61;693;22;1034.00;4
2396;22;627258671;2396;178;3086;3090;9.50;0.58;209.24;3.61;690;22;1035.00;4
2400;22;627258681;2400;173;3086;3090;9.65;0.59;209.40;3.61;686;22;1036.00;4
2405;22;627258691;2405;178;3091;3096;9.83;0.60;209.65;3.61;686;22;1037.00;5
2407;22;627258703;2407;181;3091;3096;9.98;0.61;209.69;3.61;684;22;1038.00;5
2412;22;627258712;2412;175;3093;3097;10.02;0.61;209.99;3.61;681;22;1039.00;4
2415;22;627258723;2415;168;3093;3097;10.14;0.62;210.03;3.61;678;22;1040.00;4
2418;23;627258733;2418;163;3093;3097;10.16;0.62;210.18;3.61;675;23;1041.00;4
2422;23;627258755;2422;161;3093;3097;10.22;0.62;210.32;3.61;671;23;1042.00;4
2424;23;627258766;2424;156;3093;3097;10.29;0.63;210.32;3.61;669;23;1043.00;4
2428;23;627258782;2428;157;3103;3109;10.36;0.63;210.51;3.59;675;23;1044.00;6
2434;23;627258793;2434;156;3104;3109;10.43;0.64;210.70;3.59;670;23;1045.00;5
2435;23;627258803;2435;151;3105;3109;10.48;0.64;210.64;3.59;670;23;1046.00;4
2444;23;627258813;2444;150;3105;3109;10.38;0.63;211.15;3.59;661;23;1047.00;4
2447;23;627258824;2447;158;3105;3109;10.25;0.63;211.17;3.59;658;23;1048.00;4
2452;23;627258835;2452;163;3105;3109;10.29;0.63;211.37;3.59;653;23;1049.00;4
2458;23;627258846;2458;171;3111;3115;10.23;0.62;211.48;3.59;653;23;1050.00;4
2464;23;627258857;2464;171;3111;3115;10.26;0.62;211.74;3.59;647;23;1051.00;4
2469;23;627258868;2469;175;3114;3119;10.29;0.63;211.83;3.58;645;23;1052.00;5
2472;23;627258878;2472;174;3116;3120;10.24;0.62;211.89;3.58;644;23;1053.00;4
2476;23;627258888;2476;171;3116;3120;10.21;0.62;211.98;3.58;640;23;1054.00;4
2480;23;627258897;2480;172;3116;3120;10.17;0.62;211.94;3.58;636;23;1055.00;4
2482;23;627258908;2482;174;3129;3133;10.21;0.62;212.07;3.57;647;23;1056.00;4
2485;23;627258918;2485;178;3129;3133;10.28;0.63;212.08;3.57;644;23;1057.00;4
2489;23;627258928;2489;181;3129;3133;10.27;0.63;212.13;3.57;640;23;1058.00;4
2492;23;627258945;2492;184;3130;3134;10.21;0.62;212.19;3.57;638;23;1059.00;4
2496;23;627258954;2496;186;3131;3135;10.21;0.62;212.29;3.57;635;23;1060.00;4
2500;23;627258964;2500;184;3131;3135;10.25;0.62;212.33;3.57;631;23;1061.00;4
2502;23;627258974;2502;191;3133;3138;10.21;0.62;212.41;3.56;631;23;1062.00;5
2504;23;627258983;2504;196;3133;3138;10.17;0.62;212.48;3.56;629;23;1063.00;5
2507;23;627258992;2507;198;3134;3138;10.07;0.61;212.61;3.56;627;23;1064.00;4
2508;23;627259002;2508;202;3134;3138;9.98;0.61;212.63;3.56;626;23;1065.00;4
2514;23;627259010;2514;208;3139;3144;9.87;0.60;212.67;3.56;625;23;1066.00;5
2517;23;627259020;2517;199;3139;3144;9.80;0.60;212.66;3.56;622;23;1067.00;5
2522;24;627259029;2522;195;3140;3144;9.82;0.60;212.80;3.56;618;24;1068.00;4
2524;24;627259051;2524;192;3140;3144;9.78;0.59;212.94;3.56;616;24;1069.00;4
2528;24;627259060;2528;193;3144;3148;9.72;0.59;213.14;3.56;616;24;1070.00;4
2531;24;627259070;2531;192;3145;3149;9.67;0.59;213.29;3.56;614;24;1071.00;4
2535;24;627259079;2535;192;3145;3149;9.64;0.58;213.47;3.56;610;24;1072.00;4
2539;24;627259093;2539;189;3146;3150;9.58;0.58;213.53;3.55;607;24;1073.00;4
2542;24;627259103;2542;187;3146;3150;9.49;0.58;213.65;3.55;604;24;1074.00;4
2546;25;627259111;2546;190;3146;3150;9.49;0.58;213.83;3.55;600;25;1075.00;4
2546;25;627259135;2546;172;3146;3150;9.62;0.58;213.83;3.55;600;25;1076.00;4
2550;25;627259144;2550;164;3146;3150;9.78;0.59;213.92;3.55;596;25;1077.00;4
2553;25;627259158;2553;154;3146;3150;9.88;0.60;214.03;3.55;593;25;1078.00;4
2554;25;627259167;2554;147;3146;3150;9.98;0.60;214.03;3.55;592;25;1079.00;4
2558;25;627259179;2558;165;3222;3275;9.78;0.60;214.04;3.47;664;25;1080.00;53
2561;25;627259197;2561;152;3227;3276;9.83;0.60;214.14;3.47;666;25;1081.00;49
2563;25;627259207;2563;139;3232;3276;9.97;0.61;214.07;3.46;669;25;1082.00;44
2565;25;627259225;2565;135;3234;3276;10.10;0.62;214.39;3.46;669;25;1083.00;42
2567;25;627259235;2567;132;3239;3276;10.23;0.63;214.53;3.46;672;25;1084.00;37
2569;25;627259245;2569;121;3241;3276;10.35;0.64;214.50;3.47;672;25;1085.00;35
2572;25;627259255;2572;119;3246;3276;10.44;0.64;214.67;3.47;674;25;1086.00;30
2577;25;627259271;2577;120;3248;3276;10.47;0.64;214.56;3.47;671;25;1087.00;28
2577;25;627259287;2577;126;3251;3277;10.46;0.64;214.56;3.48;674;25;1088.00;26
2578;25;627259296;2578;129;3252;3278;10.37;0.64;214.57;3.48;674;25;1089.00;26
2580;25;627259306;2580;137;3254;3278;10.33;0.64;214.73;3.48;674;25;1090.00;24
2582;25;627259316;2582;138;3260;3282;10.27;0.63;214.71;3.48;678;25;1091.00;22
2585;25;627259326;2585;140;3262;3282;10.25;0.63;214.76;3.48;677;25;1092.00;20
2589;25;627259336;2589;144;3262;3282;10.26;0.63;214.85;3.48;673;25;1093.00;20
2590;25;627259345;2590;142;3263;3282;10.26;0.63;214.88;3.49;673;25;1094.00;19
2591;25;627259361;2591;149;3267;3288;10.21;0.63;214.89;3.48;676;25;1095.00;21
2593;25;627259370;2593;153;3268;3288;10.27;0.63;214.85;3.49;675;25;1096.00;20
2595;25;627259380;2595;161;3269;3288;10.29;0.63;214.94;3.49;674;25;1097.00;19
2596;25;627259389;2596;162;3271;3291;10.32;0.63;214.92;3.49;675;25;1098.00;20
2597;26;627259398;2597;160;3272;3291;10.41;0.64;214.93;3.49;675;26;1099.00;19
2599;26;627259430;2599;158;3273;3291;10.46;0.64;214.82;3.49;674;26;1100.00;18
2604;26;627259443;2604;160;3274;3292;10.44;0.64;214.62;3.48;670;26;1101.00;18
2605;26;627259458;2605;158;3275;3293;10.45;0.64;214.71;3.48;670;26;1102.00;18
2608;27;627259467;2608;157;3275;3293;10.55;0.65;214.74;3.48;667;27;1103.00;18
2611;27;627259493;2611;163;3285;3306;10.49;0.64;214.65;3.47;674;27;1104.00;21
2612;27;627259502;2612;165;3285;3306;10.54;0.64;214.60;3.47;673;27;1105.00;21
2613;27;627259511;2613;166;3285;3306;10.58;0.65;214.59;3.47;672;27;1106.00;21
2615;27;627259520;2615;171;3286;3307;10.74;0.66;214.79;3.47;671;27;1107.00;21
2619;27;627259529;2619;175;3286;3307;10.85;0.66;214.69;3.47;667;27;1108.00;21
2623;27;627259538;2623;177;3289;3311;10.94;0.67;214.57;3.47;666;27;1109.00;22
2626;27;627259549;2626;175;3289;3311;11.01;0.67;214.76;3.47;663;27;1110.00;22
2627;27;627259557;2627;172;3293;3315;11.08;0.68;214.71;3.47;666;27;1111.00;22
2629;27;627259566;2629;172;3293;3315;11.12;0.68;214.58;3.47;664;27;1112.00;22
2631;27;627259575;2631;174;3294;3315;11.16;0.68;214.51;3.51;663;27;1113.00;21
2633;27;627259584;2633;179;3294;3315;11.16;0.68;214.38;3.51;661;27;1114.00;21
2638;27;627259593;2638;179;3294;3315;11.10;0.68;214.30;3.51;656;27;1115.00;21
2640;27;627259606;2640;182;3305;3327;11.09;0.68;214.22;3.55;665;27;1116.00;22
2642;27;627259621;2642;182;3305;3327;11.09;0.68;214.13;3.55;663;27;1117.00;22
2644;27;627259636;2644;184;3307;3327;11.05;0.67;214.14;3.58;663;27;1118.00;20
2648;27;627259649;2648;182;3307;3327;11.03;0.67;214.14;3.58;659;27;1119.00;20
2649;27;627259664;2649;184;3308;3327;11.05;0.67;214.15;3.61;659;27;1120.00;19
2652;27;627259677;2652;186;3308;3327;11.00;0.67;214.08;3.61;656;27;1121.00;19
2654;27;627259690;2654;178;3308;3328;11.00;0.67;214.03;3.61;654;27;1122.00;20
2655;27;627259704;2655;177;3308;3328;10.94;0.67;214.00;3.61;653;27;1123.00;20
2658;27;627259718;2658;174;3313;3334;10.97;0.67;213.91;3.62;655;27;1124.00;21
2662;27;627259731;2662;172;3318;3336;10.90;0.66;213.77;3.63;656;27;1125.00;18
2662;27;627259743;2662;171;3319;3336;10.97;0.67;213.77;3.64;657;27;1126.00;17
2665;27;627259753;2665;170;3319;3336;10.90;0.66;213.71;3.64;654;27;1127.00;17
2666;27;627259762;2666;172;3322;3340;10.91;0.66;213.73;3.65;656;27;1128.00;18
2667;27;627259773;2667;172;3322;3340;10.95;0.67;213.72;3.65;655;27;1129.00;18
2672;27;627259782;2672;176;3322;3340;10.99;0.67;213.60;3.65;650;27;1130.00;18
2672;27;627259794;2672;163;3324;3341;11.09;0.67;213.60;3.67;652;27;1131.00;17
2675;27;627259804;2675;152;3327;3345;11.15;0.67;213.54;3.66;652;27;1132.00;18
2675;27;627259814;2675;141;3327;3345;11.23;0.68;213.54;3.66;652;27;1133.00;18
2677;27;627259824;2677;131;3330;3348;11.36;0.69;213.56;3.68;653;27;1134.00;18
2679;27;627259834;2679;125;3331;3348;11.52;0.70;213.58;3.68;652;27;1135.00;17
2683;27;627259844;2683;119;3332;3348;11.56;0.70;213.36;3.69;649;27;1136.00;16
2683;27;627259860;2683;113;3333;3348;11.63;0.70;213.36;3.71;650;27;1137.00;15
2685;27;627259876;2685;110;3336;3352;11.74;0.71;213.32;3.71;651;27;1138.00;16
2685;27;627259887;2685;105;3338;3352;11.69;0.71;213.32;3.73;653;27;1139.00;14
2685;27;627259905;2685;108;3339;3352;11.72;0.71;213.32;3.73;654;27;1140.00;13
2688;27;627259914;2688;104;3339;3352;11.63;0.71;213.29;3.73;651;27;1141.00;13
2690;27;627259924;2690;103;3341;3353;11.54;0.70;213.30;3.75;651;27;1142.00;12
2692;27;627259934;2692;100;3342;3354;11.54;0.70;213.32;3.75;650;27;1143.00;12
2692;27;627259951;2692;107;3342;3354;11.54;0.70;213.32;3.75;650;27;1144.00;12
2692;27;627259961;2692;112;3343;3355;11.46;0.70;213.32;3.75;651;27;1145.00;12
2694;27;627259973;2694;120;3343;3355;11.40;0.69;213.33;3.75;649;27;1146.00;12
2694;27;627259984;2694;124;3343;3355;11.35;0.69;213.33;3.75;649;27;1147.00;12
2695;27;627259993;2695;131;3343;3355;11.31;0.69;213.30;3.75;648;27;1148.00;12
2695;27;627260002;2695;140;3343;3355;11.29;0.69;213.30;3.75;648;27;1149.00;12
2700;27;627260012;2700;141;3343;3355;11.25;0.68;213.29;3.75;643;27;1150.00;12
2701;27;627260022;2701;146;3345;3355;11.18;0.68;213.37;3.77;644;27;1151.00;10
2703;27;627260031;2703;169;3410;3482;11.03;0.68;213.39;3.70;707;27;1152.00;72
2704;27;627260051;2704;170;3416;3483;10.98;0.68;213.36;3.71;712;27;1153.00;67
2706;27;627260061;2706;170;3422;3483;10.97;0.68;213.47;3.71;716;27;1154.00;61
2707;27;627260070;2707;166;3426;3483;10.92;0.67;213.45;3.71;719;27;1155.00;57
2710;27;627260080;2710;162;3435;3483;10.87;0.67;213.60;3.72;725;27;1156.00;48
2713;27;627260090;2713;165;3437;3483;10.76;0.66;213.64;3.72;724;27;1157.00;46
2715;27;627260101;2715;167;3444;3483;10.61;0.65;213.59;3.73;729;27;1158.00;39
2717;27;627260111;2717;169;3446;3483;10.45;0.64;213.67;3.73;729;27;1159.00;37
2720;27;627260120;2720;180;3453;3484;10.37;0.64;213.57;3.74;733;27;1160.00;31
2725;27;627260130;2725;184;3458;3485;10.28;0.63;213.60;3.75;733;27;1161.00;27
2727;27;627260142;2727;192;3464;3485;10.26;0.63;213.58;3.76;737;27;1162.00;21
2731;27;627260151;2731;196;3468;3486;10.13;0.62;213.58;3.77;737;27;1163.00;18
2736;27;627260161;2736;205;3471;3486;9.90;0.61;213.63;3.77;735;27;1164.00;15
2740;27;627260171;2740;215;3471;3486;9.72;0.60;213.60;3.77;731;27;1165.00;15
2742;27;627260182;2742;224;3475;3486;9.59;0.59;213.57;3.78;733;27;1166.00;11
2745;27;627260192;2745;233;3478;3490;9.50;0.59;213.57;3.78;733;27;1167.00;12
2748;27;627260202;2748;239;3480;3490;9.34;0.58;213.49;3.79;732;27;1168.00;10
2750;27;627260212;2750;244;3481;3490;9.25;0.57;213.45;3.79;731;27;1169.00;9
2752;27;627260224;2752;245;3484;3496;9.06;0.56;213.45;3.79;732;27;1170.00;12
2756;27;627260234;2756;248;3485;3496;8.88;0.54;213.45;3.79;729;27;1171.00;11
2759;27;627260243;2759;249;3486;3496;8.80;0.54;213.42;3.79;727;27;1172.00;10
2762;27;627260254;2762;253;3490;3500;8.67;0.53;213.33;3.79;728;27;1173.00;10
2764;27;627260264;2764;250;3492;3501;8.65;0.53;213.31;3.79;728;27;1174.00;9
2767;27;627260274;2767;249;3492;3501;8.64;0.53;213.20;3.79;725;27;1175.00;9
2769;27;627260284;2769;244;3497;3505;8.72;0.53;213.16;3.78;728;27;1176.00;8
2771;27;627260293;2771;242;3498;3505;8.72;0.54;213.18;3.78;727;27;1177.00;7
2774;27;627260303;2774;246;3498;3505;8.77;0.54;213.14;3.78;724;27;1178.00;7
2776;27;627260314;2776;251;3499;3506;8.81;0.54;213.19;3.78;723;27;1179.00;7
2778;27;627260324;2778;249;3499;3506;8.87;0.54;213.16;3.78;721;27;1180.00;7
2783;27;627260334;2783;245;3504;3512;8.88;0.54;213.07;3.78;721;27;1181.00;8
2785;27;627260350;2785;241;3504;3512;8.81;0.54;213.07;3.78;719;27;1182.00;8
2787;27;627260360;2787;246;3506;3513;8.81;0.54;213.10;3.78;719;27;1183.00;7
2794;27;627260370;2794;250;3506;3513;8.77;0.54;213.45;3.78;712;27;1184.00;7
2799;27;627260383;2799;250;3506;3513;8.78;0.54;213.52;3.78;707;27;1185.00;7
2803;27;627260393;2803;245;3506;3513;8.74;0.53;213.64;3.78;703;27;1186.00;7
2809;27;627260403;2809;246;3506;3513;8.67;0.53;213.83;3.78;697;27;1187.00;7
2814;27;627260413;2814;243;3517;3525;8.72;0.53;214.03;3.77;703;27;1188.00;8
2818;27;627260423;2818;241;3517;3525;8.67;0.53;214.28;3.77;699;27;1189.00;8
2824;27;627260432;2824;225;3518;3525;8.60;0.53;214.36;3.77;694;27;1190.00;7
2830;27;627260442;2830;223;3518;3525;8.61;0.53;214.51;3.77;688;27;1191.00;7
2832;27;627260451;2832;216;3518;3525;8.66;0.53;214.65;3.77;686;27;1192.00;7
2838;27;627260460;2838;220;3518;3525;8.71;0.54;214.86;3.77;680;27;1193.00;7
2841;27;627260471;2841;215;3522;3529;8.77;0.54;215.07;3.76;681;27;1194.00;7
2845;27;627260481;2845;211;3522;3529;8.86;0.55;215.24;3.76;677;27;1195.00;7
2849;27;627260491;2849;212;3525;3533;8.97;0.55;215.45;3.76;676;27;1196.00;8
2855;27;627260501;2855;200;3526;3534;9.04;0.56;215.50;3.76;671;27;1197.00;8
2860;27;627260511;2860;188;3527;3534;9.20;0.56;215.62;3.76;667;27;1198.00;7
2862;27;627260521;2862;183;3527;3534;9.34;0.57;215.72;3.76;665;27;1199.00;7
2867;27;627260534;2867;181;3548;3575;9.38;0.58;215.76;3.74;681;27;1200.00;27
2876;27;627260552;2876;173;3550;3575;9.49;0.58;215.92;3.73;674;27;1201.00;25
2881;27;627260563;2881;169;3553;3575;9.65;0.59;216.03;3.73;672;27;1202.00;22
2885;27;627260573;2885;164;3556;3576;9.76;0.60;216.18;3.73;671;27;1203.00;20
2886;27;627260583;2886;167;3559;3577;9.89;0.60;216.23;3.73;673;27;1204.00;18
2892;27;627260593;2892;166;3560;3577;9.96;0.61;216.37;3.73;668;27;1205.00;17
2895;27;627260605;2895;164;3563;3580;10.09;0.62;216.45;3.73;668;27;1206.00;17
2902;27;627260616;2902;165;3563;3580;10.22;0.62;216.51;3.73;661;27;1207.00;17
2907;27;627260627;2907;166;3565;3580;10.26;0.63;216.59;3.73;658;27;1208.00;15
2913;27;627260637;2913;163;3565;3580;10.33;0.63;216.58;3.73;652;27;1209.00;15
2919;27;627260648;2919;165;3569;3586;10.35;0.63;216.68;3.73;650;27;1210.00;17
2921;27;627260658;2921;166;3571;3586;10.36;0.63;216.72;3.73;650;27;1211.00;15
2924;27;627260668;2924;166;3572;3586;10.30;0.63;216.72;3.73;648;27;1212.00;14
2929;27;627260677;2929;157;3573;3586;10.13;0.62;216.80;3.73;644;27;1213.00;13
2933;27;627260693;2933;158;3577;3590;10.03;0.61;216.86;3.73;644;27;1214.00;13
2934;27;627260703;2934;155;3579;3592;9.94;0.61;216.89;3.73;645;27;1215.00;13
2939;27;627260712;2939;164;3579;3592;9.88;0.60;216.85;3.73;640;27;1216.00;13
2941;27;627260722;2941;170;3580;3593;9.85;0.60;216.86;3.73;639;27;1217.00;13
2945;27;627260732;2945;170;3581;3593;9.76;0.60;216.85;3.73;636;27;1218.00;12
2948;27;627260742;2948;180;3581;3593;9.73;0.59;216.84;3.73;633;27;1219.00;12
2952;27;627260751;2952;188;3581;3593;9.68;0.59;216.87;3.73;629;27;1220.00;12
2954;27;627260761;2954;193;3581;3593;9.60;0.59;216.76;3.73;627;27;1221.00;12
2957;27;627260770;2957;200;3581;3593;9.49;0.58;216.61;3.73;624;27;1222.00;12
2958;27;627260779;2958;201;3582;3593;9.34;0.57;216.63;3.74;624;27;1223.00;11
2961;27;627260788;2961;215;3624;3663;9.10;0.56;216.54;3.69;663;27;1224.00;39
2964;27;627260809;2964;213;3625;3664;9.04;0.55;216.61;3.69;661;27;1225.00;39
2965;27;627260819;2965;209;3629;3664;9.13;0.56;216.66;3.69;664;27;1226.00;35
2969;27;627260828;2969;208;3632;3664;9.24;0.56;216.61;3.69;663;27;1227.00;32
2972;27;627260838;2972;209;3633;3666;9.26;0.57;216.69;3.69;661;27;1228.00;33
2975;27;627260848;2975;211;3637;3666;9.28;0.57;216.70;3.70;662;27;1229.00;29
2976;27;627260860;2976;214;3640;3666;9.31;0.57;216.68;3.70;664;27;1230.00;26
2979;27;627260869;2979;215;3642;3666;9.26;0.57;216.61;3.70;663;27;1231.00;24
2981;27;627260879;2981;216;3646;3667;9.27;0.57;216.61;3.71;665;27;1232.00;21
2983;27;627260888;2983;225;3649;3668;9.26;0.57;216.62;3.71;666;27;1233.00;19
2986;27;627260898;2986;232;3652;3668;9.14;0.56;216.66;3.72;666;27;1234.00;16
2991;28;627260915;2991;236;3658;3672;8.95;0.55;216.69;3.72;667;28;1235.00;14
2992;28;627260932;2992;244;3661;3672;8.89;0.55;216.76;3.72;669;28;1236.00;11
2996;28;627260941;2996;237;3661;3672;8.87;0.54;216.82;3.72;665;28;1237.00;11
2997;28;627260955;2997;234;3661;3672;8.84;0.54;216.81;3.72;664;28;1238.00;11
3001;28;627260965;3001;232;3668;3678;8.77;0.54;216.88;3.72;667;28;1239.00;10
3003;28;627260976;3003;228;3668;3678;8.76;0.54;216.91;3.72;665;28;1240.00;10
3004;28;627260985;3004;229;3668;3678;8.76;0.54;216.89;3.72;664;28;1241.00;10
3007;28;627260995;3007;231;3671;3681;8.82;0.54;216.90;3.72;664;28;1242.00;10
3010;28;627261005;3010;230;3671;3681;8.82;0.54;217.04;3.72;661;28;1243.00;10
3015;28;627261015;3015;235;3671;3681;8.84;0.54;217.26;3.72;656;28;1244.00;10
3018;28;627261024;3018;238;3672;3682;8.86;0.54;217.25;3.72;654;28;1245.00;10
3019;29;627261034;3019;226;3673;3683;8.90;0.54;217.26;3.72;654;29;1246.00;10
3023;29;627261056;3023;213;3673;3683;8.91;0.54;217.29;3.72;650;29;1247.00;10
3023;29;627261070;3023;202;3685;3696;9.04;0.55;217.29;3.71;662;29;1248.00;11
3025;29;627261080;3025;195;3685;3696;9.15;0.56;217.18;3.71;660;29;1249.00;11
3026;29;627261090;3026;190;3686;3696;9.19;0.56;217.15;3.70;660;29;1250.00;10
3028;29;627261099;3028;186;3687;3697;9.30;0.57;217.07;3.70;659;29;1251.00;10
3029;29;627261109;3029;185;3687;3697;9.39;0.57;217.03;3.70;658;29;1252.00;10
3030;29;627261119;3030;177;3690;3701;9.45;0.58;217.00;3.70;660;29;1253.00;11
3033;29;627261129;3033;176;3690;3701;9.51;0.58;216.96;3.70;657;29;1254.00;11
3037;29;627261139;3037;176;3695;3705;9.52;0.58;216.82;3.70;658;29;1255.00;10
3042;29;627261149;3042;175;3695;3705;9.52;0.58;217.07;3.70;653;29;1256.00;10
3044;29;627261159;3044;175;3695;3705;9.61;0.58;217.13;3.70;651;29;1257.00;10
3047;29;627261168;3047;170;3695;3705;9.66;0.59;217.09;3.70;648;29;1258.00;10
3050;29;627261178;3050;172;3696;3705;9.64;0.59;217.05;3.75;646;29;1259.00;9
3052;29;627261189;3052;180;3719;3739;9.60;0.59;217.00;3.72;667;29;1260.00;20
3053;29;627261203;3053;172;3719;3739;9.70;0.59;216.96;3.72;666;29;1261.00;20
3057;29;627261218;3057;168;3721;3739;9.77;0.60;216.81;3.72;664;29;1262.00;18
3058;29;627261229;3058;169;3721;3739;9.83;0.60;216.76;3.72;663;29;1263.00;18
3058;29;627261238;3058;169;3722;3739;9.85;0.60;216.76;3.72;664;29;1264.00;17
3062;29;627261247;3062;179;3722;3739;9.91;0.60;216.60;3.72;660;29;1265.00;17
3064;29;627261256;3064;174;3723;3740;10.01;0.61;216.55;3.72;659;29;1266.00;17
3066;29;627261271;3066;177;3723;3740;10.03;0.61;216.45;3.72;657;29;1267.00;17
3066;29;627261281;3066;173;3727;3746;10.02;0.61;216.45;3.72;661;29;1268.00;19
3068;29;627261290;3068;179;3728;3747;10.05;0.61;216.46;3.72;660;29;1269.00;19
3070;30;627261298;3070;184;3729;3747;10.08;0.61;216.41;3.72;659;30;1270.00;18
3070;30;627261318;3070;183;3729;3747;10.17;0.62;216.41;3.72;659;30;1271.00;18
3072;30;627261327;3072;188;3732;3751;10.18;0.62;216.36;3.72;660;30;1272.00;19
3072;30;627261336;3072;190;3732;3751;10.15;0.62;216.36;3.72;660;30;1273.00;19
3072;30;627261345;3072;189;3732;3751;10.18;0.62;216.36;3.72;660;30;1274.00;19
3074;30;627261353;3074;189;3733;3752;10.23;0.62;216.39;3.72;659;30;1275.00;19
3077;30;627261367;3077;193;3736;3756;10.15;0.62;216.31;3.72;659;30;1276.00;20
3079;30;627261376;3079;196;3736;3756;10.13;0.62;216.25;3.72;657;30;1277.00;20
3080;30;627261384;3080;200;3738;3759;10.21;0.62;216.39;3.71;658;30;1278.00;21
3081;30;627261393;3081;205;3739;3759;10.22;0.62;216.40;3.71;658;30;1279.00;20
3084;30;627261407;3084;205;3739;3759;10.23;0.62;216.33;3.71;655;30;1280.00;20
3084;30;627261415;3084;209;3739;3759;10.29;0.62;216.33;3.71;655;30;1281.00;20
3086;30;627261423;3086;211;3742;3763;10.30;0.62;216.36;3.71;656;30;1282.00;21
3086;30;627261432;3086;192;3743;3763;10.34;0.63;216.36;3.76;657;30;1283.00;20
3088;30;627261440;3088;183;3744;3763;10.45;0.63;216.39;3.76;656;30;1284.00;19
3091;30;627261449;3091;172;3744;3763;10.55;0.64;216.34;3.76;653;30;1285.00;19
3093;30;627261457;3093;166;3744;3764;10.54;0.64;216.29;3.76;651;30;1286.00;20
3093;30;627261466;3093;156;3745;3765;10.70;0.65;216.29;3.76;652;30;1287.00;20
3093;30;627261475;3093;150;3745;3765;10.77;0.65;216.29;3.76;652;30;1288.00;20
3097;30;627261484;3097;140;3746;3766;10.85;0.66;216.25;3.76;649;30;1289.00;20
3098;30;627261495;3098;130;3746;3766;10.92;0.66;216.24;3.76;648;30;1290.00;20
3100;30;627261504;3100;126;3746;3766;11.01;0.67;216.20;3.76;646;30;1291.00;20
3103;30;627261513;3103;118;3746;3766;11.06;0.67;216.19;3.76;643;30;1292.00;20
3104;30;627261522;3104;107;3746;3766;11.14;0.67;216.16;3.76;642;30;1293.00;20
3105;30;627261531;3105;99;3747;3766;11.22;0.68;216.14;3.77;642;30;1294.00;19
3108;30;627261546;3108;91;3747;3766;11.32;0.69;216.07;3.77;639;30;1295.00;19
3109;30;627261555;3109;110;3812;3893;11.20;0.69;216.08;3.71;703;30;1296.00;81
3111;30;627261574;3111;97;3812;3894;11.25;0.69;216.02;3.71;701;30;1297.00;82
3114;30;627261584;3114;88;3822;3894;11.30;0.69;215.93;3.72;708;30;1298.00;72
3114;30;627261595;3114;87;3826;3894;11.43;0.70;215.93;3.72;712;30;1299.00;68
3117;30;627261610;3117;82;3831;3894;11.49;0.71;215.82;3.72;714;30;1300.00;63
3118;30;627261632;3118;86;3836;3894;11.65;0.72;215.82;3.72;718;30;1301.00;58
3120;30;627261648;3120;85;3839;3894;11.72;0.72;215.77;3.73;719;30;1302.00;55
3124;31;627261667;3124;87;3841;3894;11.76;0.72;215.74;3.73;717;31;1303.00;53
3129;31;627261693;3129;89;3847;3895;11.83;0.72;215.92;3.75;718;31;1304.00;48
3131;31;627261717;3131;89;3851;3897;11.89;0.73;215.83;3.75;720;31;1305.00;46
3131;31;627261731;3131;89;3854;3897;11.98;0.73;215.83;3.75;723;31;1306.00;43
3133;31;627261743;3133;90;3857;3898;12.00;0.73;215.90;3.77;724;31;1307.00;41
3135;31;627261754;3135;96;3859;3898;12.02;0.74;215.83;3.77;724;31;1308.00;39
3138;31;627261766;3138;97;3860;3898;11.96;0.73;215.89;3.77;722;31;1309.00;38
3139;31;627261777;3139;99;3865;3898;11.89;0.73;215.84;3.79;726;31;1310.00;33
3144;31;627261790;3144;103;3867;3902;11.74;0.72;215.99;3.80;723;31;1311.00;35
3148;31;627261802;3148;104;3870;3902;11.64;0.71;216.07;3.81;722;31;1312.00;32
3152;31;627261813;3152;113;3873;3902;11.42;0.70;215.96;3.81;721;31;1313.00;29
3156;31;627261825;3156;124;3876;3905;11.34;0.69;216.06;3.81;720;31;1314.00;29
3158;31;627261837;3158;130;3877;3905;11.23;0.68;216.13;3.81;719;31;1315.00;28
3161;31;627261849;3161;132;3879;3905;11.20;0.68;216.26;3.82;718;31;1316.00;26
3163;31;627261860;3163;141;3883;3909;11.18;0.68;216.27;3.82;720;31;1317.00;26
3166;31;627261870;3166;142;3885;3910;11.04;0.67;216.23;3.83;719;31;1318.00;25
3168;31;627261882;3168;146;3886;3910;10.96;0.67;216.32;3.83;718;31;1319.00;24
3172;31;627261895;3172;155;3890;3915;10.92;0.66;216.34;3.83;718;31;1320.00;25
3175;31;627261906;3175;165;3891;3915;10.86;0.66;216.49;3.84;716;31;1321.00;24
3176;31;627261923;3176;164;3893;3915;10.76;0.65;216.52;3.85;717;31;1322.00;22
3179;31;627261935;3179;165;3895;3916;10.68;0.65;216.65;3.86;716;31;1323.00;21
3182;31;627261946;3182;173;3895;3916;10.60;0.64;216.71;3.86;713;31;1324.00;21
3183;31;627261957;3183;179;3901;3922;10.58;0.64;216.72;3.87;718;31;1325.00;21
3186;31;627261969;3186;188;3901;3922;10.55;0.64;216.83;3.87;715;31;1326.00;21
3187;31;627261980;3187;195;3902;3923;10.50;0.64;216.84;3.87;715;31;1327.00;21
3190;31;627261990;3190;197;3904;3923;10.42;0.63;216.91;3.87;714;31;1328.00;19
3193;31;627262001;3193;201;3904;3923;10.33;0.63;217.04;3.87;711;31;1329.00;19
3196;31;627262013;3196;204;3904;3923;10.25;0.62;217.08;3.87;708;31;1330.00;19
3199;31;627262024;3199;211;3905;3923;10.21;0.62;217.10;3.88;706;31;1331.00;18
3203;31;627262034;3203;213;3915;3935;10.19;0.62;216.99;3.87;712;31;1332.00;20
3206;31;627262046;3206;212;3917;3935;10.11;0.61;216.95;3.89;711;31;1333.00;18
3208;31;627262056;3208;215;3919;3935;10.02;0.61;216.94;3.89;711;31;1334.00;16
3211;31;627262067;3211;221;3920;3935;9.90;0.60;216.96;3.90;709;31;1335.00;15
3211;31;627262077;3211;224;3920;3935;9.77;0.60;216.96;3.90;709;31;1336.00;15
3214;31;627262088;3214;235;3921;3935;9.56;0.58;216.98;3.90;707;31;1337.00;14
3219;31;627262098;3219;235;3924;3939;9.40;0.57;217.07;3.90;705;31;1338.00;15
3220;31;627262108;3220;232;3927;3939;9.24;0.56;217.06;3.90;707;31;1339.00;12
3221;31;627262118;3221;232;3930;3943;9.20;0.56;217.06;3.90;709;31;1340.00;13
3223;31;627262128;3223;226;3931;3944;9.13;0.56;217.02;3.90;708;31;1341.00;13
3225;31;627262140;3225;234;3932;3944;9.11;0.56;217.01;3.90;707;31;1342.00;12
3227;31;627262150;3227;227;3932;3944;9.06;0.55;216.96;3.90;705;31;1343.00;12
3231;31;627262160;3231;233;3944;3957;9.01;0.55;216.94;3.89;713;31;1344.00;13
3235;31;627262172;3235;228;3944;3957;8.95;0.55;217.08;3.89;709;31;1345.00;13
3235;31;627262182;3235;229;3945;3957;8.99;0.55;217.08;3.89;710;31;1346.00;12
3238;31;627262192;3238;229;3946;3958;9.00;0.55;217.13;3.89;708;31;1347.00;12
3238;31;627262202;3238;226;3947;3959;9.10;0.56;217.13;3.88;709;31;1348.00;12
3242;31;627262212;3242;229;3947;3959;9.14;0.56;217.15;3.88;705;31;1349.00;12
3244;31;627262225;3244;234;3950;3968;9.18;0.56;217.23;3.88;706;31;1350.00;18
3245;31;627262235;3245;235;3951;3968;9.25;0.57;217.25;3.88;706;31;1351.00;17
3252;31;627262245;3252;235;3952;3968;9.29;0.57;217.54;3.88;700;31;1352.00;16
3259;31;627262255;3259;234;3952;3968;9.32;0.57;217.57;3.88;693;31;1353.00;16
3263;31;627262265;3263;232;3957;3974;9.32;0.57;217.68;3.88;694;31;1354.00;17
3269;31;627262275;3269;230;3958;3974;9.34;0.57;218.04;3.88;689;31;1355.00;16
3273;31;627262284;3273;234;3958;3974;9.27;0.57;218.19;3.88;685;31;1356.00;16
3277;31;627262295;3277;234;3960;3974;9.20;0.56;218.35;3.88;683;31;1357.00;14
3283;31;627262304;3283;237;3964;3978;9.12;0.56;218.54;3.88;681;31;1358.00;14
3288;31;627262313;3288;236;3966;3979;9.04;0.55;218.78;3.88;678;31;1359.00;13
3293;31;627262322;3293;221;3966;3979;8.92;0.55;219.04;3.88;673;31;1360.00;13
3299;31;627262330;3299;218;3967;3980;8.77;0.54;219.22;3.87;668;31;1361.00;13
3301;31;627262339;3301;219;3967;3980;8.74;0.53;219.26;3.87;666;31;1362.00;13
3304;31;627262348;3304;215;3967;3980;8.75;0.54;219.39;3.87;663;31;1363.00;13
3309;31;627262356;3309;212;3967;3980;8.69;0.53;219.51;3.87;658;31;1364.00;13
3312;31;627262366;3312;211;3967;3980;8.67;0.53;219.58;3.87;655;31;1365.00;13
3315;31;627262375;3315;215;3967;3980;8.62;0.53;219.61;3.87;652;31;1366.00;13
3322;31;627262383;3322;211;3967;3980;8.53;0.52;219.61;3.87;645;31;1367.00;13
3326;31;627262393;3326;210;4005;4050;8.58;0.52;219.66;3.84;679;31;1368.00;45
3328;31;627262408;3328;204;4008;4051;8.62;0.53;219.67;3.84;680;31;1369.00;43
3333;31;627262417;3333;195;4014;4051;8.74;0.54;219.87;3.83;681;31;1370.00;37
3337;31;627262425;3337;193;4019;4051;8.84;0.54;219.75;3.83;682;31;1371.00;32
3340;31;627262435;3340;198;4023;4051;8.96;0.55;219.75;3.83;683;31;1372.00;28
3344;31;627262444;3344;202;4027;4051;8.94;0.55;219.90;3.83;683;31;1373.00;24
3347;31;627262453;3347;209;4032;4051;8.94;0.55;219.88;3.84;685;31;1374.00;19
3351;31;627262462;3351;210;4033;4051;8.80;0.54;219.93;3.84;682;31;1375.00;18
3354;31;627262472;3354;213;4036;4052;8.77;0.54;219.99;3.84;682;31;1376.00;16
3358;31;627262481;3358;220;4037;4053;8.71;0.53;220.03;3.84;679;31;1377.00;16
3363;31;627262490;3363;224;4038;4053;8.65;0.53;220.09;3.84;675;31;1378.00;15
3366;31;627262499;3366;224;4041;4057;8.60;0.53;220.09;3.84;675;31;1379.00;16
3371;31;627262511;3371;222;4041;4057;8.55;0.52;220.15;3.84;670;31;1380.00;16
3376;31;627262521;3376;221;4041;4057;8.55;0.52;220.22;3.84;665;31;1381.00;16
3381;31;627262530;3381;212;4042;4057;8.59;0.52;220.08;3.91;661;31;1382.00;15
3387;31;627262541;3387;209;4047;4063;8.54;0.52;220.19;3.91;660;31;1383.00;16
3389;31;627262550;3389;208;4047;4063;8.57;0.52;220.11;3.91;658;31;1384.00;16
3391;31;627262560;3391;207;4048;4063;8.61;0.52;220.13;3.91;657;31;1385.00;15
3395;31;627262576;3395;201;4050;4066;8.63;0.52;220.04;3.90;655;31;1386.00;16
3396;31;627262587;3396;209;4053;4066;8.64;0.53;220.14;3.91;657;31;1387.00;13
3401;31;627262598;3401;210;4053;4066;8.58;0.52;220.18;3.91;652;31;1388.00;13
3402;31;627262610;3402;207;4055;4067;8.50;0.52;220.17;3.92;653;31;1389.00;12
3407;31;627262619;3407;211;4056;4068;8.43;0.51;220.30;3.92;649;31;1390.00;12
3410;31;627262629;3410;210;4056;4068;8.44;0.51;220.28;3.92;646;31;1391.00;12
3414;31;627262639;3414;215;4069;4081;8.53;0.52;220.30;3.90;655;31;1392.00;12
3416;31;627262650;3416;217;4069;4081;8.53;0.52;220.31;3.90;653;31;1393.00;12
3418;31;627262660;3418;217;4069;4081;8.53;0.52;220.38;3.90;651;31;1394.00;12
3423;31;627262668;3423;219;4071;4083;8.59;0.52;220.54;3.90;648;31;1395.00;12
3427;31;627262678;3427;224;4071;4083;8.50;0.52;220.61;3.90;644;31;1396.00;12
3430;31;627262686;3430;232;4074;4087;8.41;0.51;220.77;3.90;644;31;1397.00;13
3436;31;627262696;3436;237;4074;4087;8.27;0.51;220.72;3.90;638;31;1398.00;13
3444;31;627262705;3444;246;4079;4091;8.17;0.50;220.95;3.90;635;31;1399.00;12
3448;31;627262715;3448;256;4079;4091;8.07;0.49;220.98;3.90;631;31;1400.00;12
3452;31;627262728;3452;261;4079;4091;7.95;0.48;221.04;3.90;627;31;1401.00;12
3453;31;627262736;3453;271;4079;4091;7.84;0.48;221.03;3.90;626;31;1402.00;12
3454;31;627262744;3454;276;4079;4091;7.78;0.47;221.00;3.90;625;31;1403.00;12
3455;31;627262753;3455;280;4090;4103;7.84;0.48;220.98;3.89;635;31;1404.00;13
3458;31;627262761;3458;286;4090;4103;7.74;0.47;220.94;3.89;632;31;1405.00;13
3459;31;627262770;3459;292;4091;4103;7.70;0.47;220.94;3.89;632;31;1406.00;12
3462;31;627262777;3462;288;4091;4103;7.67;0.47;220.88;3.89;629;31;1407.00;12
3465;31;627262786;3465;285;4091;4103;7.63;0.46;220.83;3.89;626;31;1408.00;12
3466;31;627262794;3466;282;4091;4103;7.62;0.46;220.78;3.89;625;31;1409.00;12
3469;31;627262803;3469;276;4092;4104;7.61;0.46;220.71;3.88;623;31;1410.00;12
3471;31;627262812;3471;275;4092;4104;7.64;0.47;220.63;3.88;621;31;1411.00;12
3474;31;627262820;3474;276;4097;4110;7.58;0.46;220.58;3.88;623;31;1412.00;13
3474;31;627262829;3474;274;4098;4111;7.62;0.46;220.58;3.88;624;31;1413.00;13
3477;31;627262837;3477;276;4099;4111;7.61;0.46;220.50;3.88;622;31;1414.00;12
3477;31;627262845;3477;274;4099;4111;7.59;0.46;220.50;3.88;622;31;1415.00;12
3479;31;627262853;3479;259;4103;4115;7.58;0.46;220.42;3.88;624;31;1416.00;12
3480;31;627262862;3480;245;4103;4115;7.68;0.47;220.38;3.88;623;31;1417.00;12
3482;31;627262871;3482;239;4103;4115;7.80;0.48;220.36;3.88;621;31;1418.00;12
3483;31;627262879;3483;229;4104;4116;7.94;0.48;220.34;3.88;621;31;1419.00;12
3486;31;627262888;3486;221;4108;4120;8.08;0.49;220.24;3.87;622;31;1420.00;12
3488;31;627262897;3488;209;4108;4120;8.24;0.50;220.23;3.87;620;31;1421.00;12
3488;31;627262906;3488;204;4110;4123;8.43;0.51;220.23;3.87;622;31;1422.00;13
3492;31;627262915;3492;203;4110;4123;8.59;0.52;220.13;3.87;618;31;1423.00;13
3493;31;627262924;3493;198;4111;4123;8.75;0.53;220.09;3.87;618;31;1424.00;12
3494;31;627262932;3494;193;4111;4123;8.88;0.54;220.03;3.87;617;31;1425.00;12
3498;31;627262941;3498;187;4114;4127;8.95;0.54;220.08;3.87;616;31;1426.00;13
3499;31;627262951;3499;185;4114;4127;9.01;0.55;220.03;3.87;615;31;1427.00;13
3499;31;627262959;3499;180;4115;4127;9.12;0.56;220.03;3.87;616;31;1428.00;12
3500;31;627262968;3500;178;4115;4127;9.21;0.56;220.05;3.87;615;31;1429.00;12
3502;31;627262976;3502;181;4116;4128;9.36;0.57;220.07;3.87;614;31;1430.00;12
3504;31;627262984;3504;185;4117;4129;9.42;0.57;219.98;3.87;613;31;1431.00;12
3504;31;627262993;3504;188;4117;4129;9.43;0.58;219.98;3.87;613;31;1432.00;12
3504;31;627263001;3504;189;4118;4130;9.53;0.58;219.98;3.87;614;31;1433.00;12
3504;31;627263009;3504;191;4118;4130;9.59;0.59;219.98;3.87;614;31;1434.00;12
3506;31;627263017;3506;177;4118;4130;9.69;0.59;220.03;3.87;612;31;1435.00;12
3508;31;627263025;3508;165;4118;4130;9.83;0.60;220.05;3.87;610;31;1436.00;12
3510;31;627263034;3510;157;4118;4130;9.98;0.61;220.04;3.87;608;31;1437.00;12
3512;31;627263042;3512;151;4118;4130;10.15;0.62;220.05;3.87;606;31;1438.00;12
3514;31;627263051;3514;148;4118;4130;10.36;0.63;219.99;3.87;604;31;1439.00;12
3516;31;627263060;3516;182;4233;4360;10.21;0.64;219.94;3.76;717;31;1440.00;127
3517;31;627263087;3517;163;4236;4361;10.38;0.65;219.96;3.76;719;31;1441.00;125
3518;31;627263102;3518;142;4245;4361;10.56;0.66;219.98;3.76;727;31;1442.00;116
3521;32;627263112;3521;131;4250;4361;10.64;0.66;219.99;3.76;729;32;1443.00;111
3522;32;627263132;3522;119;4258;4361;10.71;0.66;219.97;3.76;736;32;1444.00;103
3523;32;627263147;3523;113;4262;4361;10.76;0.67;219.92;3.76;739;32;1445.00;99
3524;32;627263157;3524;114;4264;4361;10.83;0.67;219.93;3.76;740;32;1446.00;97
3527;32;627263177;3527;117;4271;4361;10.84;0.67;219.94;3.76;744;32;1447.00;90
3528;32;627263187;3528;118;4276;4362;10.89;0.67;219.92;3.77;748;32;1448.00;86
3529;32;627263197;3529;123;4281;4363;10.98;0.68;219.91;3.77;752;32;1449.00;82
3530;32;627263207;3530;124;4285;4363;11.02;0.68;219.93;3.78;755;32;1450.00;78
3532;32;627263216;3532;128;4289;4364;11.03;0.68;219.90;3.79;757;32;1451.00;75
3534;32;627263227;3534;135;4291;4364;11.04;0.68;219.87;3.79;757;32;1452.00;73
3535;32;627263238;3535;141;4296;4364;11.02;0.68;219.84;3.80;761;32;1453.00;68
3538;32;627263248;3538;142;4300;4364;11.03;0.68;219.78;3.81;762;32;1454.00;64
3542;32;627263258;3542;152;4303;4368;11.04;0.68;219.80;3.81;761;32;1455.00;65
3544;32;627263270;3544;162;4305;4368;11.04;0.68;219.80;3.90;761;32;1456.00;63
3545;32;627263280;3545;161;4307;4368;11.12;0.68;219.86;3.91;762;32;1457.00;61
3549;32;627263290;3549;166;4308;4371;11.15;0.68;219.97;3.90;759;32;1458.00;63
3551;32;627263301;3551;170;4309;4371;11.17;0.68;219.98;3.91;758;32;1459.00;62
3554;32;627263317;3554;167;4311;4371;11.18;0.68;219.94;4.00;757;32;1460.00;60
3559;32;627263332;3559;170;4315;4375;11.11;0.68;219.95;4.00;756;32;1461.00;60
3565;32;627263343;3565;166;4318;4376;11.16;0.68;220.04;4.07;753;32;1462.00;58
3567;32;627263354;3567;159;4318;4376;11.17;0.68;220.20;4.07;751;32;1463.00;58
3570;32;627263369;3570;154;4322;4380;11.22;0.68;220.11;4.15;752;32;1464.00;58
3573;32;627263386;3573;150;4328;4380;11.26;0.68;220.09;4.17;755;32;1465.00;52
3574;32;627263398;3574;145;4329;4380;11.29;0.69;220.11;4.23;755;32;1466.00;51
3578;32;627263408;3578;145;4331;4381;11.33;0.69;220.18;4.23;753;32;1467.00;50
3579;32;627263419;3579;145;4332;4381;11.38;0.69;220.22;4.29;753;32;1468.00;49
3582;32;627263430;3582;138;4334;4387;11.45;0.70;220.23;4.29;752;32;1469.00;53
3584;32;627263443;3584;137;4335;4387;11.47;0.70;220.20;4.34;751;32;1470.00;52
3585;32;627263460;3585;133;4337;4388;11.51;0.70;220.24;4.34;752;32;1471.00;51
3587;32;627263477;3587;132;4337;4388;11.53;0.70;220.24;4.34;750;32;1472.00;51
3590;32;627263493;3590;130;4338;4388;11.56;0.70;220.30;4.39;748;32;1473.00;50
3591;32;627263504;3591;130;4338;4388;11.59;0.70;220.35;4.39;747;32;1474.00;50
3594;32;627263515;3594;135;4338;4388;11.64;0.71;220.34;4.39;744;32;1475.00;50
3597;32;627263526;3597;139;4347;4400;11.68;0.71;220.52;4.38;750;32;1476.00;53
3599;32;627263538;3599;142;4349;4400;11.68;0.71;220.51;4.39;750;32;1477.00;51
3601;32;627263549;3601;145;4350;4400;11.68;0.71;220.50;4.39;749;32;1478.00;50
3605;32;627263560;3605;149;4350;4400;11.69;0.71;220.58;4.39;745;32;1479.00;50
3607;32;627263571;3607;155;4352;4400;11.58;0.70;220.65;4.40;745;32;1480.00;48
3610;32;627263588;3610;158;4352;4400;11.49;0.70;220.56;4.40;742;32;1481.00;48
3613;32;627263599;3613;165;4355;4404;11.39;0.69;220.50;4.39;742;32;1482.00;49
3616;32;627263616;3616;165;4356;4404;11.38;0.69;220.48;4.40;740;32;1483.00;48
3619;32;627263634;3619;171;4359;4408;11.36;0.69;220.60;4.40;740;32;1484.00;49
3620;32;627263654;3620;172;4361;4410;11.32;0.69;220.71;4.40;741;32;1485.00;49
3623;32;627263671;3623;171;4363;4410;11.27;0.69;220.78;4.41;740;32;1486.00;47
3624;32;627263686;3624;177;4363;4410;11.23;0.68;220.87;4.41;739;32;1487.00;47
3625;32;627263702;3625;180;4373;4423;11.15;0.68;220.88;4.41;748;32;1488.00;50
3629;32;627263717;3629;183;4373;4423;11.05;0.67;220.84;4.41;744;32;1489.00;50
3632;32;627263736;3632;185;4375;4423;10.90;0.66;220.93;4.43;743;32;1490.00;48
3635;32;627263748;3635;191;4377;4424;10.84;0.66;221.06;4.44;742;32;1491.00;47
3637;32;627263761;3637;194;4378;4425;10.78;0.66;221.02;4.45;741;32;1492.00;47
3640;32;627263774;3640;201;4381;4425;10.73;0.65;221.00;4.48;741;32;1493.00;44
3641;32;627263787;3641;202;4383;4428;10.69;0.65;221.00;4.48;742;32;1494.00;45
3644;32;627263799;3644;213;4386;4428;10.62;0.65;221.04;4.51;742;32;1495.00;42
3648;32;627263813;3648;219;4387;4428;10.52;0.64;220.90;4.51;739;32;1496.00;41
3651;32;627263825;3651;228;4390;4428;10.45;0.64;221.07;4.54;739;32;1497.00;38
3656;32;627263845;3656;238;4394;4434;10.43;0.63;221.18;4.54;738;32;1498.00;40
3657;32;627263858;3657;244;4396;4434;10.31;0.63;221.26;4.55;739;32;1499.00;38
3661;32;627263874;3661;250;4401;4453;10.11;0.62;221.18;4.56;740;32;1500.00;52
3665;32;627263895;3665;251;4404;4453;9.93;0.60;221.14;4.59;739;32;1501.00;49
3667;32;627263908;3667;260;4409;4457;9.76;0.60;221.16;4.60;742;32;1502.00;48
3669;32;627263918;3669;262;4412;4458;9.69;0.59;221.14;4.61;743;32;1503.00;46
3673;32;627263929;3673;269;4413;4458;9.60;0.58;221.09;4.63;740;32;1504.00;45
3674;32;627263940;3674;273;4418;4459;9.49;0.58;221.09;4.64;744;32;1505.00;41
3678;32;627263951;3678;280;4418;4459;9.35;0.57;221.08;4.64;740;32;1506.00;41
3679;32;627263960;3679;282;4421;4459;9.28;0.57;221.04;4.66;742;32;1507.00;38
3681;32;627263979;3681;290;4423;4459;9.17;0.56;221.00;4.67;742;32;1508.00;36
3683;32;627263990;3683;286;4425;4459;9.08;0.55;220.99;4.68;742;32;1509.00;34
3684;32;627264000;3684;280;4425;4459;9.02;0.55;220.95;4.68;741;32;1510.00;34
3687;32;627264011;3687;284;4427;4459;8.98;0.55;220.92;4.68;740;32;1511.00;32
3690;32;627264022;3690;280;4457;4529;8.95;0.55;220.86;4.65;767;32;1512.00;72
3691;32;627264040;3691;276;4461;4530;8.93;0.55;220.88;4.65;770;32;1513.00;69
3694;32;627264050;3694;276;4468;4530;8.88;0.54;220.91;4.65;774;32;1514.00;62
3695;32;627264060;3695;273;4471;4530;8.83;0.54;220.88;4.65;776;32;1515.00;59
3699;32;627264071;3699;276;4478;4530;8.84;0.54;220.87;4.65;779;32;1516.00;52
3699;32;627264081;3699;276;4479;4530;8.91;0.55;220.87;4.65;780;32;1517.00;51
3703;32;627264092;3703;278;4482;4530;8.97;0.55;220.96;4.65;779;32;1518.00;48
3708;32;627264103;3708;280;4484;4530;9.01;0.55;220.94;4.65;776;32;1519.00;46
3711;32;627264121;3711;281;4486;4531;8.99;0.55;220.88;4.66;775;32;1520.00;45
3713;32;627264131;3713;286;4489;4532;8.86;0.54;220.99;4.66;776;32;1521.00;43
3717;32;627264143;3717;287;4494;4532;8.74;0.53;221.09;4.67;777;32;1522.00;38
3721;32;627264153;3721;286;4497;4536;8.63;0.53;221.20;4.66;776;32;1523.00;39
3725;32;627264164;3725;288;4498;4536;8.51;0.52;221.24;4.66;773;32;1524.00;38
3730;32;627264175;3730;288;4498;4536;8.40;0.51;221.38;4.66;768;32;1525.00;38
3733;32;627264185;3733;290;4498;4536;8.25;0.50;221.36;4.66;765;32;1526.00;38
3736;32;627264196;3736;291;4503;4542;8.14;0.50;221.47;4.67;767;32;1527.00;39
3740;32;627264206;3740;303;4503;4542;7.90;0.48;221.64;4.67;763;32;1528.00;39
3745;32;627264216;3745;300;4503;4542;7.67;0.47;221.59;4.67;758;32;1529.00;39
3748;32;627264228;3748;286;4506;4548;7.58;0.46;221.69;4.66;758;32;1530.00;42
3754;32;627264238;3754;281;4506;4548;7.44;0.46;221.70;4.66;752;32;1531.00;42
3759;32;627264248;3759;283;4507;4548;7.36;0.45;221.74;4.67;748;32;1532.00;41
3763;32;627264258;3763;276;4508;4549;7.29;0.45;221.68;4.67;745;32;1533.00;41
3769;32;627264267;3769;275;4510;4550;7.25;0.44;221.73;4.67;741;32;1534.00;40
3772;32;627264277;3772;271;4510;4550;7.25;0.44;221.78;4.67;738;32;1535.00;40
3775;32;627264286;3775;276;4522;4563;7.23;0.44;221.87;4.67;747;32;1536.00;41
3779;32;627264297;3779;272;4523;4563;7.24;0.44;222.04;4.67;744;32;1537.00;40
3782;32;627264306;3782;268;4525;4563;7.35;0.45;222.07;4.68;743;32;1538.00;38
3784;32;627264316;3784;258;4526;4564;7.49;0.46;222.17;4.68;742;32;1539.00;38
3788;32;627264325;3788;256;4530;4564;7.56;0.46;222.15;4.70;742;32;1540.00;34
3791;32;627264335;3791;259;4532;4568;7.65;0.47;222.25;4.70;741;32;1541.00;36
3794;32;627264345;3794;253;4532;4568;7.76;0.47;222.32;4.70;738;32;1542.00;36
3796;32;627264355;3796;249;4536;4572;7.87;0.48;222.39;4.69;740;32;1543.00;36
3798;32;627264365;3798;245;4536;4572;7.93;0.48;222.39;4.69;738;32;1544.00;36
3801;32;627264374;3801;242;4536;4572;7.97;0.49;222.37;4.69;735;32;1545.00;36
3803;32;627264383;3803;249;4537;4572;8.01;0.49;222.44;4.70;734;32;1546.00;35
3804;32;627264393;3804;251;4537;4572;8.03;0.49;222.44;4.70;733;32;1547.00;35
3808;32;627264401;3808;254;4548;4584;8.10;0.50;222.43;4.69;740;32;1548.00;36
3812;33;627264412;3812;250;4550;4584;8.08;0.49;222.36;4.71;738;33;1549.00;34
3814;33;627264439;3814;251;4550;4584;8.05;0.49;222.38;4.71;736;33;1550.00;34
3819;33;627264449;3819;251;4551;4584;8.06;0.49;222.39;4.71;732;33;1551.00;33
3821;33;627264459;3821;252;4552;4584;8.05;0.49;222.43;4.72;731;33;1552.00;32
3825;33;627264482;3825;249;4552;4584;7.97;0.49;222.40;4.72;727;33;1553.00;32
3826;33;627264492;3826;248;4554;4585;7.92;0.49;222.38;4.73;728;33;1554.00;31
3829;33;627264502;3829;251;4555;4587;7.79;0.48;222.48;4.73;726;33;1555.00;32
3835;33;627264511;3835;247;4560;4593;7.71;0.47;222.47;4.73;725;33;1556.00;33
3835;33;627264521;3835;249;4562;4594;7.73;0.48;222.47;4.74;727;33;1557.00;32
3841;33;627264530;3841;252;4563;4594;7.59;0.47;222.47;4.80;722;33;1558.00;31
3843;33;627264540;3843;255;4564;4594;7.52;0.46;222.49;4.81;721;33;1559.00;30
3848;33;627264550;3848;259;4569;4599;7.46;0.46;222.49;4.80;721;33;1560.00;30
3856;33;627264560;3856;265;4570;4599;7.35;0.45;222.37;4.81;714;33;1561.00;29
3862;33;627264569;3862;261;4571;4599;7.26;0.45;222.28;4.81;709;33;1562.00;28
3864;33;627264579;3864;266;4574;4600;7.28;0.45;222.20;4.82;710;33;1563.00;26
3870;33;627264588;3870;272;4579;4604;7.24;0.45;222.25;4.83;709;33;1564.00;25
3874;33;627264599;3874;280;4581;4604;7.25;0.45;222.14;4.83;707;33;1565.00;23
3878;33;627264610;3878;287;4583;4607;7.24;0.44;222.07;4.83;705;33;1566.00;24
3881;33;627264627;3881;291;4583;4607;7.15;0.44;222.03;4.83;702;33;1567.00;24
3883;33;627264636;3883;293;4584;4607;7.08;0.43;222.03;4.83;701;33;1568.00;23
3886;33;627264645;3886;297;4584;4607;7.07;0.43;222.09;4.83;698;33;1569.00;23
3890;33;627264655;3890;303;4587;4611;7.11;0.44;222.14;4.83;697;33;1570.00;24
3891;33;627264664;3891;304;4587;4611;7.15;0.44;222.13;4.83;696;33;1571.00;24
3894;33;627264672;3894;312;4587;4611;7.12;0.44;222.19;4.83;693;33;1572.00;24
3899;33;627264680;3899;316;4588;4611;7.04;0.43;222.15;4.84;689;33;1573.00;23
3902;33;627264689;3902;324;4590;4612;6.92;0.42;222.07;4.84;688;33;1574.00;22
3905;33;627264697;3905;329;4592;4614;6.89;0.42;222.14;4.83;687;33;1575.00;22
3907;33;627264705;3907;334;4593;4614;6.79;0.41;222.22;4.83;686;33;1576.00;21
3909;33;627264714;3909;327;4595;4615;6.79;0.41;222.24;4.83;686;33;1577.00;20
3913;33;627264723;3913;326;4595;4615;6.84;0.42;222.30;4.83;682;33;1578.00;20
3916;33;627264731;3916;321;4595;4615;6.89;0.42;222.42;4.83;679;33;1579.00;20
3917;33;627264740;3917;319;4595;4615;6.98;0.43;222.47;4.83;678;33;1580.00;20
3919;33;627264748;3919;319;4595;4615;7.05;0.43;222.50;4.83;676;33;1581.00;20
3920;33;627264756;3920;318;4595;4615;7.12;0.43;222.48;4.83;675;33;1582.00;20
3921;33;627264764;3921;317;4595;4615;7.20;0.44;222.46;4.83;674;33;1583.00;20
3921;33;627264773;3921;330;4665;4742;7.47;0.46;222.46;4.76;744;33;1584.00;77
3923;33;627264791;3923;320;4668;4743;7.52;0.47;222.59;4.76;745;33;1585.00;75
3924;33;627264801;3924;296;4675;4743;7.64;0.48;222.62;4.76;751;33;1586.00;68
3926;33;627264810;3926;265;4682;4743;7.80;0.48;222.60;4.75;756;33;1587.00;61
3929;33;627264826;3929;243;4684;4743;7.86;0.49;222.76;4.75;755;33;1588.00;59
3933;33;627264836;3933;226;4689;4743;8.03;0.50;222.81;4.75;756;33;1589.00;54
3935;33;627264848;3935;212;4691;4743;8.19;0.51;222.76;4.75;756;33;1590.00;52
3937;33;627264858;3937;204;4693;4743;8.35;0.52;222.72;4.75;756;33;1591.00;50
3938;33;627264869;3938;197;4695;4744;8.57;0.53;222.74;4.76;757;33;1592.00;49
3938;33;627264880;3938;194;4699;4745;8.75;0.54;222.74;4.76;761;33;1593.00;46
3939;33;627264891;3939;182;4699;4745;8.90;0.55;222.73;4.76;760;33;1594.00;46
3944;33;627264903;3944;173;4703;4746;9.02;0.55;222.70;4.76;759;33;1595.00;43
3945;33;627264914;3945;169;4703;4746;9.17;0.56;222.68;4.76;758;33;1596.00;43
3945;33;627264925;3945;160;4707;4746;9.37;0.58;222.68;4.77;762;33;1597.00;39
3947;33;627264937;3947;162;4712;4746;9.51;0.58;222.64;4.78;765;33;1598.00;34
3948;33;627264953;3948;158;4717;4750;9.66;0.59;222.63;4.78;769;33;1599.00;33
3949;33;627264966;3949;156;4718;4750;9.81;0.60;222.60;4.78;769;33;1600.00;32
3950;33;627264983;3950;150;4720;4750;9.97;0.61;222.58;4.79;770;33;1601.00;30
3952;33;627264994;3952;153;4722;4753;10.15;0.62;222.54;4.78;770;33;1602.00;31
3953;33;627265013;3953;152;4723;4753;10.27;0.63;222.53;4.79;770;33;1603.00;30
3953;33;627265029;3953;148;4723;4753;10.43;0.64;222.53;4.79;770;33;1604.00;30
3958;33;627265040;3958;145;4727;4757;10.50;0.64;222.55;4.79;769;33;1605.00;30
3958;33;627265052;3958;153;4729;4758;10.61;0.65;222.55;4.79;771;33;1606.00;29
3960;33;627265063;3960;152;4730;4758;10.72;0.65;222.50;4.79;770;33;1607.00;28
3962;33;627265075;3962;156;4733;4762;10.85;0.66;222.51;4.79;771;33;1608.00;29
3964;33;627265087;3964;153;4734;4762;10.94;0.67;222.49;4.79;770;33;1609.00;28
3967;33;627265097;3967;151;4734;4762;10.96;0.67;222.58;4.79;767;33;1610.00;28
3972;33;627265115;3972;151;4735;4763;11.02;0.67;222.77;4.79;763;33;1611.00;28
3974;33;627265126;3974;150;4735;4763;11.13;0.68;222.82;4.79;761;33;1612.00;28
3977;33;627265137;3977;152;4739;4769;11.18;0.68;222.95;4.79;762;33;1613.00;30
3977;33;627265149;3977;152;4740;4769;11.27;0.69;222.95;4.79;763;33;1614.00;29
3978;33;627265161;3978;157;4740;4770;11.40;0.69;223.00;4.79;762;33;1615.00;30
3984;33;627265171;3984;154;4740;4770;11.47;0.70;222.97;4.79;756;33;1616.00;30
3987;33;627265183;3987;153;4740;4770;11.49;0.70;223.11;4.79;753;33;1617.00;30
3992;33;627265194;3992;152;4740;4770;11.51;0.70;223.07;4.79;748;33;1618.00;30
3994;33;627265205;3994;149;4740;4770;11.52;0.70;223.07;4.79;746;33;1619.00;30
3998;33;627265218;3998;149;4761;4806;11.52;0.70;223.12;4.76;763;33;1620.00;45
3999;33;627265232;3999;143;4761;4806;11.60;0.71;223.10;4.76;762;33;1621.00;45
4002;33;627265242;4002;145;4763;4806;11.60;0.71;223.15;4.76;761;33;1622.00;43
4005;33;627265253;4005;142;4763;4806;11.65;0.71;223.17;4.76;758;33;1623.00;43
4007;33;627265264;4007;141;4764;4806;11.73;0.71;223.18;4.76;757;33;1624.00;42
4011;33;627265274;4011;149;4764;4806;11.80;0.72;223.30;4.76;753;33;1625.00;42
4013;33;627265291;4013;141;4768;4810;11.86;0.72;223.35;4.76;755;33;1626.00;42
4015;33;627265302;4015;144;4768;4810;11.90;0.72;223.38;4.76;753;33;1627.00;42
4020;33;627265313;4020;142;4771;4814;11.86;0.72;223.46;4.76;751;33;1628.00;43
4023;33;627265324;4023;137;4773;4815;11.81;0.72;223.45;4.83;750;33;1629.00;42
4026;33;627265335;4026;135;4774;4815;11.88;0.72;223.42;4.83;748;33;1630.00;41
4032;33;627265345;4032;132;4775;4815;11.80;0.72;223.43;4.83;743;33;1631.00;40
4035;33;627265356;4035;134;4785;4828;11.73;0.71;223.46;4.82;750;33;1632.00;43
4038;33;627265367;4038;131;4785;4828;11.72;0.71;223.50;4.82;747;33;1633.00;43
4044;33;627265378;4044;129;4785;4828;11.67;0.71;223.55;4.82;741;33;1634.00;43
4049;33;627265389;4049;129;4787;4829;11.73;0.71;223.62;4.83;738;33;1635.00;42
4051;33;627265400;4051;121;4787;4830;11.75;0.71;223.62;4.83;736;33;1636.00;43
4053;33;627265417;4053;125;4787;4830;11.81;0.72;223.69;4.83;734;33;1637.00;43
4062;33;627265427;4062;122;4790;4833;11.88;0.72;223.66;4.83;728;33;1638.00;43
4065;33;627265444;4065;121;4790;4833;11.93;0.72;223.76;4.83;725;33;1639.00;43
4070;33;627265455;4070;116;4790;4833;12.02;0.73;223.73;4.83;720;33;1640.00;43
4070;33;627265466;4070;120;4790;4833;12.13;0.74;223.73;4.83;720;33;1641.00;43
4073;33;627265476;4073;122;4795;4839;12.22;0.74;223.72;4.83;722;33;1642.00;44
4075;33;627265487;4075;127;4795;4839;12.27;0.75;223.70;4.83;720;33;1643.00;44
4078;33;627265498;4078;131;4796;4839;12.31;0.75;223.67;4.83;718;33;1644.00;43
4082;33;627265514;4082;135;4796;4839;12.30;0.75;223.66;4.83;714;33;1645.00;43
4086;33;627265526;4086;133;4799;4843;12.14;0.74;223.56;4.82;713;33;1646.00;44
4089;33;627265536;4089;129;4801;4844;12.01;0.73;223.52;4.83;712;33;1647.00;43
4092;33;627265547;4092;133;4801;4844;11.93;0.72;223.65;4.83;709;33;1648.00;43
4094;33;627265558;4094;138;4802;4845;11.84;0.72;223.63;4.83;708;33;1649.00;43
4095;33;627265569;4095;141;4804;4845;11.70;0.71;223.59;4.84;709;33;1650.00;41
4096;33;627265580;4096;143;4804;4845;11.65;0.71;223.57;4.84;708;33;1651.00;41
4097;33;627265597;4097;146;4804;4845;11.62;0.70;223.54;4.84;707;33;1652.00;41
4100;33;627265610;4100;153;4805;4845;11.60;0.70;223.57;4.85;705;33;1653.00;40
4101;33;627265627;4101;160;4805;4845;11.53;0.70;223.53;4.85;704;33;1654.00;40
4104;33;627265644;4104;161;4806;4845;11.56;0.70;223.54;4.85;702;33;1655.00;39
4108;33;627265663;4108;170;4845;4915;11.42;0.69;223.56;4.82;737;33;1656.00;70
4109;33;627265689;4109;169;4848;4916;11.31;0.69;223.66;4.83;739;33;1657.00;68
4110;33;627265706;4110;171;4853;4916;11.31;0.69;223.71;4.82;743;33;1658.00;63
4110;33;627265732;4110;178;4857;4916;11.22;0.68;223.71;4.82;747;33;1659.00;59
4112;33;627265744;4112;179;4864;4916;11.17;0.68;223.69;4.84;752;33;1660.00;52
4116;33;627265756;4116;183;4869;4916;11.21;0.68;223.66;4.84;753;33;1661.00;47
4117;33;627265768;4117;187;4874;4916;11.22;0.68;223.66;4.85;757;33;1662.00;42
4119;33;627265780;4119;190;4875;4916;11.20;0.68;223.66;4.87;756;33;1663.00;41
4123;33;627265792;4123;193;4877;4917;11.11;0.67;223.69;4.86;754;33;1664.00;40
4127;33;627265811;4127;199;4882;4919;11.02;0.67;223.74;4.88;755;33;1665.00;37
4127;33;627265824;4127;199;4882;4919;10.96;0.67;223.74;4.88;755;33;1666.00;37
4129;33;627265836;4129;204;4886;4923;10.79;0.65;223.76;4.89;757;33;1667.00;37
4132;33;627265849;4132;205;4887;4923;10.68;0.65;223.69;4.90;755;33;1668.00;36
4134;33;627265860;4134;209;4888;4923;10.58;0.64;223.67;4.91;754;33;1669.00;35
4138;33;627265872;4138;210;4889;4923;10.45;0.63;223.67;4.92;751;33;1670.00;34
4139;33;627265885;4139;213;4894;4929;10.45;0.63;223.69;4.93;755;33;1671.00;35
4141;33;627265896;4141;217;4896;4929;10.38;0.63;223.65;4.94;755;33;1672.00;33
4142;33;627265908;4142;222;4897;4929;10.27;0.62;223.68;4.94;755;33;1673.00;32
4142;33;627265918;4142;226;4900;4932;10.21;0.62;223.68;4.94;758;33;1674.00;32
4145;33;627265929;4145;235;4902;4932;10.09;0.61;223.64;4.94;757;33;1675.00;30
4146;33;627265940;4146;234;4903;4932;9.94;0.61;223.70;4.94;757;33;1676.00;29
4148;33;627265950;4148;243;4904;4933;9.77;0.60;223.69;4.94;756;33;1677.00;29
4150;33;627265961;4150;248;4905;4934;9.59;0.59;223.69;4.94;755;33;1678.00;29
4154;33;627265972;4154;253;4907;4934;9.33;0.57;223.69;4.95;753;33;1679.00;27
4155;33;627265984;4155;256;4923;4960;9.13;0.56;223.68;4.93;768;33;1680.00;37
4161;33;627265996;4161;256;4927;4960;8.97;0.55;223.56;4.93;766;33;1681.00;33
4163;33;627266006;4163;255;4929;4960;8.90;0.55;223.53;4.93;766;33;1682.00;31
4166;33;627266016;4166;253;4930;4961;8.77;0.54;223.45;4.93;764;33;1683.00;31
4168;33;627266026;4168;256;4931;4961;8.72;0.54;223.41;4.93;763;33;1684.00;30
4171;33;627266036;4171;258;4934;4965;8.74;0.54;223.38;4.92;763;33;1685.00;31
4173;33;627266046;4173;256;4935;4965;8.72;0.53;223.35;4.92;762;33;1686.00;30
4175;33;627266056;4175;258;4938;4969;8.71;0.53;223.30;4.92;763;33;1687.00;31
4177;33;627266065;4177;259;4938;4969;8.74;0.54;223.34;4.92;761;33;1688.00;31
4179;33;627266075;4179;265;4940;4969;8.61;0.53;223.37;4.93;761;33;1689.00;29
4181;33;627266092;4181;266;4940;4969;8.51;0.52;223.38;4.93;759;33;1690.00;29
4183;33;627266101;4183;270;4940;4969;8.43;0.52;223.35;4.93;757;33;1691.00;29
4186;33;627266111;4186;269;4953;4981;8.30;0.51;223.36;4.92;767;33;1692.00;28
4187;33;627266120;4187;282;4953;4981;8.25;0.51;223.33;4.92;766;33;1693.00;28
4194;33;627266129;4194;284;4955;4981;8.18;0.50;223.37;4.92;761;33;1694.00;26
4196;33;627266139;4196;286;4955;4981;8.08;0.50;223.40;4.92;759;33;1695.00;26
4200;33;627266148;4200;292;4955;4981;7.86;0.48;223.41;4.92;755;33;1696.00;26
4202;33;627266158;4202;295;4955;4981;7.74;0.48;223.44;4.92;753;33;1697.00;26
4204;33;627266167;4204;298;4956;4982;7.53;0.47;223.41;4.92;752;33;1698.00;26
4206;33;627266181;4206;303;4956;4982;7.33;0.46;223.48;4.92;750;33;1699.00;26
4211;33;627266191;4211;292;4961;4988;7.22;0.45;223.59;4.92;750;33;1700.00;27
4213;33;627266204;4213;300;4962;4989;7.20;0.45;223.61;4.92;749;33;1701.00;27
4219;33;627266213;4219;297;4963;4989;7.08;0.44;223.73;4.92;744;33;1702.00;26
4222;33;627266222;4222;295;4963;4989;7.05;0.44;223.81;4.92;741;33;1703.00;26
4225;33;627266231;4225;289;4967;4993;6.98;0.43;223.87;4.91;742;33;1704.00;26
4227;33;627266240;4227;290;4967;4993;6.91;0.43;223.98;4.91;740;33;1705.00;26
4230;33;627266250;4230;288;4967;4993;6.85;0.42;224.04;4.91;737;33;1706.00;26
4235;33;627266258;4235;280;4968;4994;6.81;0.42;224.01;4.91;733;33;1707.00;26
4238;33;627266267;4238;285;4972;4998;6.82;0.42;224.09;4.91;734;33;1708.00;26
4240;33;627266277;4240;284;4972;4998;6.93;0.43;224.15;4.91;732;33;1709.00;26
4243;33;627266287;4243;288;4975;5004;7.01;0.43;224.08;4.91;732;33;1710.00;29
4247;33;627266297;4247;285;4975;5004;7.01;0.43;224.08;4.91;728;33;1711.00;29
4248;33;627266305;4248;289;4976;5004;7.06;0.44;224.11;4.90;728;33;1712.00;28
4250;33;627266314;4250;286;4976;5004;7.13;0.44;224.04;4.90;726;33;1713.00;28
4256;33;627266323;4256;289;4979;5008;7.12;0.44;224.05;4.90;723;33;1714.00;29
4259;33;627266334;4259;294;4979;5008;7.07;0.44;224.03;4.90;720;33;1715.00;29
4262;33;627266343;4262;292;4980;5008;7.05;0.44;224.00;4.90;718;33;1716.00;28
4268;33;627266352;4268;288;4980;5008;6.97;0.43;223.91;4.90;712;33;1717.00;28
4274;33;627266361;4274;295;4982;5009;6.96;0.43;223.92;4.90;708;33;1718.00;27
4278;33;627266371;4278;292;4983;5010;6.93;0.43;223.81;4.90;705;33;1719.00;27
4283;33;627266380;4283;292;4985;5010;6.93;0.43;223.91;4.99;702;33;1720.00;25
4287;33;627266390;4287;286;4986;5011;6.88;0.42;223.82;4.99;699;33;1721.00;25
4291;33;627266399;4291;291;4986;5011;6.80;0.42;223.78;4.99;695;33;1722.00;25
4293;33;627266409;4293;285;4986;5011;6.76;0.41;223.83;4.99;693;33;1723.00;25
4297;33;627266417;4297;287;4986;5011;6.76;0.41;223.86;4.99;689;33;1724.00;25
4300;33;627266426;4300;286;4986;5011;6.75;0.41;223.94;4.99;686;33;1725.00;25
4304;33;627266436;4304;277;4986;5011;6.75;0.41;223.98;4.99;682;33;1726.00;25
4308;33;627266445;4308;282;4986;5011;6.80;0.42;224.06;4.99;678;33;1727.00;25
4309;33;627266453;4309;294;5060;5138;7.26;0.45;224.05;4.91;751;33;1728.00;78
4314;33;627266473;4314;291;5063;5139;7.24;0.45;224.02;4.91;749;33;1729.00;76
4316;33;627266484;4316;285;5073;5139;7.37;0.46;223.99;4.90;757;33;1730.00;66
4317;33;627266493;4317;285;5076;5139;7.42;0.46;224.04;4.90;759;33;1731.00;63
4323;33;627266503;4323;287;5080;5139;7.44;0.46;223.98;4.90;757;33;1732.00;59
4325;33;627266520;4325;294;5083;5139;7.51;0.46;223.95;4.90;758;33;1733.00;56
4328;33;627266530;4328;295;5086;5139;7.57;0.47;224.02;4.90;758;33;1734.00;53
4331;33;627266540;4331;300;5088;5139;7.58;0.47;224.04;4.90;757;33;1735.00;51
4333;33;627266550;4333;302;5093;5140;7.67;0.47;223.97;4.91;760;33;1736.00;47
4335;33;627266561;4335;309;5094;5141;7.70;0.47;223.94;4.91;759;33;1737.00;47
4338;33;627266571;4338;315;5098;5141;7.67;0.47;224.01;4.91;760;33;1738.00;43
4338;33;627266582;4338;306;5100;5142;7.66;0.47;224.01;4.91;762;33;1739.00;42
4339;33;627266596;4339;304;5105;5142;7.74;0.47;224.02;4.92;766;33;1740.00;37
4342;33;627266610;4342;305;5109;5142;7.82;0.48;224.09;4.92;767;33;1741.00;33
4342;33;627266623;4342;311;5111;5142;7.90;0.48;224.09;4.93;769;33;1742.00;31
4344;33;627266635;4344;306;5114;5146;7.92;0.49;224.13;4.93;770;33;1743.00;32
4347;34;627266647;4347;302;5116;5146;8.01;0.49;224.13;4.93;769;34;1744.00;30
4349;34;627266669;4349;295;5117;5146;8.08;0.50;224.06;4.93;768;34;1745.00;29
4352;35;627266680;4352;291;5120;5149;8.19;0.50;224.05;4.93;768;35;1746.00;29
4357;35;627266701;4357;278;5120;5149;8.24;0.50;224.13;4.93;763;35;1747.00;29
4360;37;627266717;4360;271;5121;5149;8.34;0.51;224.12;4.93;761;37;1748.00;28
4363;37;627266752;4363;263;5125;5153;8.43;0.51;224.12;4.93;762;37;1749.00;28
4367;37;627266767;4367;256;5127;5154;8.59;0.52;224.23;4.93;760;37;1750.00;27
4369;37;627266779;4369;253;5127;5154;8.71;0.53;224.28;4.93;758;37;1751.00;27
4371;37;627266796;4371;252;5131;5158;8.87;0.54;224.25;4.92;760;37;1752.00;27
4373;37;627266807;4373;248;5131;5158;8.96;0.55;224.35;4.92;758;37;1753.00;27
4378;37;627266819;4378;247;5131;5158;8.98;0.55;224.28;4.92;753;37;1754.00;27
4381;37;627266829;4381;242;5133;5160;9.06;0.55;224.24;4.92;752;37;1755.00;27
4382;37;627266840;4382;224;5133;5160;9.11;0.56;224.23;4.92;751;37;1756.00;27
4383;37;627266857;4383;209;5137;5166;9.23;0.56;224.22;4.92;754;37;1757.00;29
4385;37;627266869;4385;190;5137;5166;9.34;0.57;224.22;4.92;752;37;1758.00;29
4388;37;627266880;4388;178;5139;5167;9.49;0.58;224.17;4.92;751;37;1759.00;28
4389;37;627266892;4389;168;5139;5167;9.62;0.59;224.16;4.92;750;37;1760.00;28
4393;37;627266903;4393;163;5139;5167;9.74;0.59;224.25;4.92;746;37;1761.00;28
4397;37;627266915;4397;161;5139;5167;9.84;0.60;224.23;4.92;742;37;1762.00;28
4400;37;627266931;4400;159;5139;5167;9.97;0.61;224.31;4.92;739;37;1763.00;28
4402;37;627266943;4402;152;5148;5179;10.18;0.62;224.24;4.91;746;37;1764.00;31
4407;37;627266956;4407;144;5149;5179;10.37;0.63;224.30;4.91;742;37;1765.00;30
4410;37;627266968;4410;142;5150;5179;10.59;0.64;224.40;4.91;740;37;1766.00;29
4415;37;627266981;4415;136;5150;5179;10.76;0.65;224.48;4.91;735;37;1767.00;29
4416;37;627266992;4416;132;5150;5179;10.92;0.66;224.50;4.91;734;37;1768.00;29
4418;37;627267004;4418;131;5150;5179;11.02;0.67;224.60;4.91;732;37;1769.00;29
4421;37;627267018;4421;123;5153;5183;11.07;0.67;224.65;4.91;732;37;1770.00;30
4424;37;627267030;4424;124;5153;5183;11.19;0.68;224.73;4.91;729;37;1771.00;30
4428;37;627267041;4428;124;5156;5187;11.38;0.69;224.92;4.90;728;37;1772.00;31
4430;37;627267053;4430;123;5157;5188;11.51;0.70;225.01;4.90;727;37;1773.00;31
4431;38;627267064;4431;121;5158;5188;11.57;0.70;225.15;4.90;727;38;1774.00;30
4434;38;627267086;4434;119;5158;5188;11.64;0.71;225.18;4.90;724;38;1775.00;30
4435;38;627267098;4435;119;5169;5201;11.75;0.71;225.23;4.89;734;38;1776.00;32
4437;38;627267121;4437;120;5169;5201;11.81;0.72;225.27;4.89;732;38;1777.00;32
4440;38;627267132;4440;121;5169;5201;11.92;0.72;225.32;4.89;729;38;1778.00;32
4444;38;627267144;4444;120;5170;5202;12.07;0.73;225.44;4.89;726;38;1779.00;32
4447;38;627267161;4447;121;5170;5203;12.15;0.74;225.49;4.89;723;38;1780.00;33
4449;38;627267172;4449;121;5170;5203;12.18;0.74;225.47;4.89;721;38;1781.00;33
4452;38;627267183;4452;118;5172;5206;12.26;0.74;225.60;4.89;720;38;1782.00;34
4457;38;627267195;4457;119;5172;5206;12.26;0.74;225.76;4.89;715;38;1783.00;34
4460;38;627267211;4460;121;5173;5206;12.28;0.75;225.79;4.89;713;38;1784.00;33
4462;38;627267222;4462;121;5173;5206;12.25;0.75;225.87;4.89;711;38;1785.00;33
4466;38;627267233;4466;121;5177;5212;12.20;0.74;225.81;4.89;711;38;1786.00;35
4471;38;627267244;4471;118;5178;5212;12.14;0.74;225.82;4.97;707;38;1787.00;34
4474;38;627267256;4474;120;5179;5212;12.13;0.74;225.87;4.96;705;38;1788.00;33
4477;38;627267267;4477;114;5179;5212;12.23;0.74;225.85;4.96;702;38;1789.00;33
4481;38;627267277;4481;113;5182;5216;12.25;0.74;225.94;4.96;701;38;1790.00;34
4486;38;627267289;4486;110;5183;5217;12.29;0.75;225.95;4.96;697;38;1791.00;34
4489;38;627267300;4489;110;5183;5217;12.37;0.75;225.99;4.96;694;38;1792.00;34
4492;38;627267311;4492;110;5184;5218;12.50;0.76;226.09;4.96;692;38;1793.00;34
4494;38;627267322;4494;111;5184;5218;12.59;0.77;226.16;4.96;690;38;1794.00;34
4496;38;627267333;4496;112;5184;5218;12.67;0.77;226.28;4.96;688;38;1795.00;34
4499;38;627267344;4499;112;5184;5218;12.72;0.78;226.38;4.96;685;38;1796.00;34
4503;38;627267354;4503;116;5184;5218;12.73;0.78;226.47;4.96;681;38;1797.00;34
4507;38;627267365;4507;114;5184;5218;12.68;0.77;226.62;4.96;677;38;1798.00;34
4511;38;627267375;4511;112;5184;5218;12.71;0.77;226.63;4.96;673;38;1799.00;34
4515;38;627267387;4515;131;5245;5356;12.16;0.75;226.62;4.90;730;38;1800.00;111
4520;38;627267413;4520;124;5245;5357;12.17;0.75;226.74;4.90;725;38;1801.00;112
4522;38;627267424;4522;112;5255;5357;12.23;0.75;226.76;4.97;733;38;1802.00;102
4525;38;627267435;4525;104;5258;5357;12.28;0.76;226.73;4.97;733;38;1803.00;99
4528;38;627267446;4528;103;5262;5357;12.39;0.76;226.65;4.96;734;38;1804.00;95
4532;38;627267457;4532;108;5269;5357;12.36;0.76;226.94;5.03;737;38;1805.00;88
4535;38;627267474;4535;109;5276;5357;12.34;0.76;226.94;5.05;741;38;1806.00;81
4541;38;627267485;4541;107;5279;5357;12.39;0.76;226.97;5.05;738;38;1807.00;78
4544;38;627267497;4544;112;5284;5358;12.42;0.76;227.07;5.12;740;38;1808.00;74
4548;38;627267508;4548;112;5287;5359;12.49;0.76;227.00;5.12;739;38;1809.00;72
4552;38;627267520;4552;113;5291;5359;12.40;0.76;227.03;5.19;739;38;1810.00;68
4555;38;627267531;4555;116;5296;5363;12.37;0.76;227.02;5.19;741;38;1811.00;67
4557;38;627267542;4557;109;5298;5363;12.26;0.75;226.99;5.26;741;38;1812.00;65
4560;38;627267553;4560;102;5299;5363;12.16;0.74;227.02;5.26;739;38;1813.00;64
4562;38;627267565;4562;98;5299;5363;12.06;0.74;226.98;5.26;737;38;1814.00;64
4565;38;627267576;4565;102;5302;5369;12.00;0.73;226.99;5.33;737;38;1815.00;67
4571;38;627267588;4571;103;5303;5369;11.89;0.73;226.93;5.33;732;38;1816.00;66
4572;38;627267600;4572;106;5306;5369;11.86;0.72;226.89;5.41;734;38;1817.00;63
4574;38;627267614;4574;111;5308;5372;11.86;0.72;226.88;5.41;734;38;1818.00;64
4576;38;627267634;4576;116;5308;5372;11.88;0.73;226.97;5.41;732;38;1819.00;64
4577;38;627267666;4577;121;5309;5372;11.84;0.72;227.06;5.41;732;38;1820.00;63
4580;38;627267697;4580;129;5310;5373;11.80;0.72;227.23;5.41;730;38;1821.00;63
4584;38;627267725;4584;139;5313;5374;11.76;0.72;227.15;5.41;729;38;1822.00;61
4590;38;627267742;4590;142;5314;5374;11.71;0.71;227.14;5.42;724;38;1823.00;60
4594;38;627267772;4594;147;5320;5387;11.57;0.71;227.19;5.41;726;38;1824.00;67
4598;38;627267789;4598;144;5323;5387;11.53;0.70;227.24;5.42;725;38;1825.00;64
4602;38;627267803;4602;155;5325;5387;11.48;0.70;227.20;5.42;723;38;1826.00;62
4605;38;627267817;4605;162;5329;5388;11.44;0.70;227.29;5.42;724;38;1827.00;59
4609;38;627267832;4609;166;5330;5388;11.39;0.69;227.30;5.42;721;38;1828.00;58
4612;38;627267846;4612;175;5335;5392;11.29;0.69;227.31;5.44;723;38;1829.00;57
4613;38;627267864;4613;178;5337;5392;11.19;0.68;227.32;5.44;724;38;1830.00;55
4616;38;627267881;4616;183;5340;5396;11.09;0.67;227.33;5.44;724;38;1831.00;56
4617;39;627267896;4617;187;5341;5396;11.04;0.67;227.39;5.45;724;39;1832.00;55
4619;39;627267933;4619;187;5343;5396;11.00;0.67;227.41;5.47;724;39;1833.00;53
4622;40;627267948;4622;194;5343;5396;10.89;0.66;227.36;5.47;721;40;1834.00;53
4623;40;627267989;4623;201;5345;5396;10.79;0.66;227.34;5.48;722;40;1835.00;51
4626;40;627268003;4626;203;5354;5408;10.67;0.65;227.35;5.47;728;40;1836.00;54
4628;40;627268025;4628;205;5356;5408;10.49;0.64;227.38;5.48;728;40;1837.00;52
4630;40;627268039;4630;213;5360;5408;10.39;0.64;227.35;5.49;730;40;1838.00;48
4631;40;627268051;4631;213;5362;5408;10.29;0.63;227.32;5.50;731;40;1839.00;46
4633;40;627268064;4633;220;5363;5408;10.18;0.62;227.30;5.51;730;40;1840.00;45
4633;40;627268077;4633;230;5365;5408;10.05;0.62;227.30;5.52;732;40;1841.00;43
4638;40;627268097;4638;237;5365;5409;9.91;0.61;227.23;5.52;727;40;1842.00;44
4640;40;627268109;4640;248;5366;5409;9.80;0.60;227.20;5.52;726;40;1843.00;43
4643;40;627268120;4643;249;5372;5415;9.74;0.60;227.21;5.53;729;40;1844.00;43
4644;40;627268133;4644;252;5375;5417;9.68;0.59;227.22;5.53;731;40;1845.00;42
4646;40;627268145;4646;261;5377;5417;9.52;0.58;227.16;5.54;731;40;1846.00;40
4651;40;627268157;4651;266;5377;5417;9.36;0.57;227.17;5.54;726;40;1847.00;40
4653;40;627268167;4653;272;5381;5421;9.27;0.57;227.15;5.54;728;40;1848.00;40
4655;40;627268180;4655;273;5381;5421;9.23;0.57;227.27;5.54;726;40;1849.00;40
4659;40;627268192;4659;274;5383;5421;9.07;0.56;227.26;5.55;724;40;1850.00;38
4663;40;627268203;4663;275;5384;5422;9.04;0.55;227.28;5.55;721;40;1851.00;38
4667;40;627268221;4667;277;5390;5426;8.91;0.55;227.49;5.56;723;40;1852.00;36
4671;40;627268234;4671;272;5390;5426;8.70;0.53;227.54;5.56;719;40;1853.00;36
4673;40;627268247;4673;265;5393;5429;8.61;0.53;227.54;5.55;720;40;1854.00;36
4675;40;627268261;4675;263;5394;5429;8.51;0.52;227.58;5.55;719;40;1855.00;35
4679;40;627268274;4679;266;5395;5429;8.44;0.52;227.63;5.55;716;40;1856.00;34
4681;40;627268286;4681;269;5396;5429;8.38;0.51;227.61;5.55;715;40;1857.00;33
4682;40;627268300;4682;270;5399;5433;8.42;0.52;227.59;5.55;717;40;1858.00;34
4685;40;627268315;4685;273;5399;5433;8.36;0.51;227.54;5.55;714;40;1859.00;34
4687;40;627268327;4687;273;5400;5433;8.25;0.51;227.49;5.55;713;40;1860.00;33
4690;40;627268337;4690;273;5400;5433;8.04;0.49;227.40;5.55;710;40;1861.00;33
4691;40;627268346;4691;276;5401;5434;7.81;0.48;227.38;5.55;710;40;1862.00;33
4695;40;627268357;4695;283;5402;5435;7.59;0.46;227.35;5.55;707;40;1863.00;33
4700;40;627268368;4700;283;5402;5435;7.36;0.45;227.35;5.55;702;40;1864.00;33
4705;40;627268386;4705;289;5403;5436;7.17;0.44;227.42;5.55;698;40;1865.00;33
4709;40;627268397;4709;292;5403;5436;6.96;0.43;227.39;5.55;694;40;1866.00;33
4711;40;627268413;4711;291;5403;5436;6.81;0.42;227.42;5.55;692;40;1867.00;33
4715;40;627268424;4715;295;5403;5436;6.66;0.41;227.37;5.55;688;40;1868.00;33
4718;40;627268434;4718;298;5403;5436;6.49;0.40;227.40;5.55;685;40;1869.00;33
4720;40;627268444;4720;298;5403;5436;6.38;0.40;227.43;5.55;683;40;1870.00;33
4723;40;627268454;4723;301;5403;5436;6.21;0.39;227.44;5.55;680;40;1871.00;33
4723;40;627268463;4723;324;5476;5563;6.59;0.42;227.44;5.47;753;40;1872.00;87
4728;40;627268487;4728;310;5481;5564;6.50;0.41;227.40;5.47;753;40;1873.00;83
4730;40;627268497;4730;302;5491;5564;6.62;0.42;227.38;5.46;761;40;1874.00;73
4731;40;627268509;4731;301;5493;5564;6.66;0.42;227.48;5.46;762;40;1875.00;71
4736;40;627268520;4736;303;5497;5564;6.67;0.42;227.54;5.46;761;40;1876.00;67
4738;40;627268537;4738;300;5501;5564;6.66;0.42;227.55;5.46;763;40;1877.00;63
4739;40;627268548;4739;304;5507;5564;6.70;0.42;227.58;5.46;768;40;1878.00;57
4742;40;627268559;4742;305;5509;5564;6.73;0.42;227.63;5.46;767;40;1879.00;55
4743;40;627268569;4743;306;5512;5565;6.73;0.42;227.67;5.46;769;40;1880.00;53
4746;40;627268580;4746;310;5514;5566;6.73;0.42;227.67;5.47;768;40;1881.00;52
4750;40;627268591;4750;316;5517;5568;6.74;0.42;227.66;5.47;767;40;1882.00;51
4751;40;627268602;4751;322;5521;5569;6.74;0.42;227.69;5.47;770;40;1883.00;48
4759;40;627268615;4759;323;5524;5569;6.71;0.42;227.57;5.47;765;40;1884.00;45
4764;40;627268626;4764;332;5527;5569;6.65;0.41;227.57;5.48;763;40;1885.00;42
4767;40;627268639;4767;329;5529;5569;6.58;0.41;227.57;5.48;762;40;1886.00;40
4769;40;627268650;4769;323;5532;5573;6.57;0.41;227.58;5.48;763;40;1887.00;41
4772;40;627268661;4772;325;5533;5573;6.58;0.41;227.64;5.48;761;40;1888.00;40
4772;40;627268671;4772;323;5534;5573;6.67;0.41;227.64;5.48;762;40;1889.00;39
4774;40;627268684;4774;327;5538;5579;6.74;0.42;227.70;5.48;764;40;1890.00;41
4779;40;627268697;4779;315;5538;5579;6.77;0.42;227.66;5.48;759;40;1891.00;41
4782;40;627268709;4782;305;5539;5579;6.85;0.42;227.71;5.48;757;40;1892.00;40
4786;40;627268723;4786;294;5544;5583;6.98;0.43;227.64;5.48;758;40;1893.00;39
4788;40;627268735;4788;286;5545;5584;7.15;0.44;227.59;5.48;757;40;1894.00;39
4792;40;627268747;4792;278;5547;5584;7.24;0.44;227.56;5.48;755;40;1895.00;37
4794;40;627268767;4794;274;5552;5588;7.39;0.45;227.57;5.47;758;40;1896.00;36
4795;40;627268779;4795;270;5553;5588;7.51;0.46;227.53;5.47;758;40;1897.00;35
4797;40;627268790;4797;268;5554;5588;7.63;0.46;227.52;5.56;757;40;1898.00;34
4801;40;627268803;4801;261;5555;5589;7.72;0.47;227.59;5.55;754;40;1899.00;34
4806;40;627268829;4806;258;5555;5589;7.70;0.47;227.60;5.55;749;40;1900.00;34
4808;40;627268847;4808;254;5560;5595;7.78;0.47;227.73;5.55;752;40;1901.00;35
4813;40;627268859;4813;256;5560;5595;7.83;0.47;227.70;5.55;747;40;1902.00;35
4818;40;627268870;4818;255;5562;5596;7.90;0.48;227.70;5.55;744;40;1903.00;34
4822;40;627268883;4822;252;5562;5596;7.89;0.48;227.71;5.55;740;40;1904.00;34
4824;40;627268903;4824;250;5562;5596;7.96;0.48;227.73;5.55;738;40;1905.00;34
4825;40;627268914;4825;249;5562;5596;8.03;0.49;227.78;5.55;737;40;1906.00;34
4826;40;627268926;4826;249;5562;5596;8.11;0.49;227.82;5.55;736;40;1907.00;34
4828;40;627268938;4828;250;5571;5608;8.26;0.50;227.81;5.54;743;40;1908.00;37
4830;40;627268950;4830;250;5571;5608;8.27;0.50;227.81;5.54;741;40;1909.00;37
4832;40;627268966;4832;249;5573;5608;8.28;0.50;227.87;5.54;741;40;1910.00;35
4836;40;627268978;4836;250;5573;5608;8.29;0.50;227.90;5.54;737;40;1911.00;35
4842;40;627268990;4842;252;5573;5608;8.28;0.50;227.85;5.54;731;40;1912.00;35
4844;40;627269001;4844;254;5573;5608;8.35;0.51;227.89;5.54;729;40;1913.00;35
4848;40;627269014;4848;258;5576;5612;8.41;0.51;227.92;5.54;728;40;1914.00;36
4851;40;627269027;4851;260;5576;5612;8.43;0.51;227.97;5.54;725;40;1915.00;36
4852;40;627269038;4852;258;5579;5616;8.52;0.52;227.96;5.53;727;40;1916.00;37
4853;40;627269050;4853;250;5580;5617;8.64;0.52;227.98;5.53;727;40;1917.00;37
4856;40;627269063;4856;235;5582;5617;8.71;0.53;228.01;5.62;726;40;1918.00;35
4859;40;627269075;4859;230;5582;5617;8.73;0.53;228.01;5.62;723;40;1919.00;35
4862;40;627269087;4862;226;5603;5646;8.82;0.54;228.05;5.60;741;40;1920.00;43
4864;40;627269103;4864;221;5604;5646;8.94;0.54;228.12;5.60;740;40;1921.00;42
4868;40;627269115;4868;216;5605;5646;9.06;0.55;228.18;5.60;737;40;1922.00;41
4871;40;627269128;4871;212;5606;5647;9.18;0.56;228.20;5.59;735;40;1923.00;41
4873;40;627269141;4873;215;5607;5648;9.34;0.57;228.27;5.59;734;40;1924.00;41
4878;40;627269153;4878;209;5608;5648;9.43;0.57;228.35;5.59;730;40;1925.00;40
4879;40;627269166;4879;190;5611;5651;9.53;0.58;228.41;5.59;732;40;1926.00;40
4881;40;627269189;4881;178;5611;5651;9.58;0.58;228.47;5.59;730;40;1927.00;40
4885;40;627269202;4885;156;5611;5651;9.64;0.59;228.54;5.59;726;40;1928.00;40
4892;40;627269215;4892;150;5611;5651;9.70;0.59;228.61;5.59;719;40;1929.00;40
4894;40;627269235;4894;143;5615;5657;9.77;0.60;228.68;5.59;721;40;1930.00;42
4897;40;627269248;4897;141;5615;5657;9.85;0.60;228.69;5.59;718;40;1931.00;42
4902;40;627269268;4902;131;5616;5657;9.96;0.61;228.71;5.59;714;40;1932.00;41
4906;40;627269281;4906;132;5616;5657;10.02;0.61;228.74;5.59;710;40;1933.00;41
4910;40;627269293;4910;135;5619;5661;10.10;0.61;228.72;5.58;709;40;1934.00;42
4913;40;627269309;4913;130;5621;5663;10.15;0.62;228.80;5.58;708;40;1935.00;42
4915;40;627269322;4915;132;5621;5663;10.31;0.63;228.81;5.58;706;40;1936.00;42
4916;41;627269333;4916;132;5622;5664;10.47;0.63;228.81;5.58;706;41;1937.00;42
4918;41;627269358;4918;130;5622;5664;10.61;0.64;228.81;5.58;704;41;1938.00;42
4921;41;627269370;4921;125;5622;5664;10.77;0.65;228.82;5.58;701;41;1939.00;42
4923;41;627269383;4923;124;5622;5664;10.86;0.66;228.85;5.58;699;41;1940.00;42
4926;41;627269397;4926;120;5622;5664;10.95;0.66;228.83;5.58;696;41;1941.00;42
4929;41;627269410;4929;118;5622;5664;11.05;0.67;228.82;5.58;693;41;1942.00;42
4931;41;627269423;4931;119;5622;5664;11.18;0.68;228.85;5.58;691;41;1943.00;42
4933;42;627269436;4933;137;5664;5734;10.98;0.67;228.91;5.54;731;42;1944.00;70
4935;42;627269476;4935;124;5664;5735;11.13;0.68;228.96;5.54;729;42;1945.00;71
4939;42;627269489;4939;119;5670;5735;11.35;0.69;228.97;5.54;731;42;1946.00;65
4941;42;627269502;4941;117;5670;5735;11.42;0.69;228.98;5.54;729;42;1947.00;65
4944;42;627269519;4944;115;5676;5735;11.60;0.70;229.00;5.54;732;42;1948.00;59
4946;42;627269539;4946;119;5679;5735;11.68;0.71;229.08;5.53;733;42;1949.00;56
4948;42;627269556;4948;122;5684;5737;11.71;0.71;229.16;5.54;736;42;1950.00;53
4949;42;627269570;4949;127;5686;5737;11.79;0.72;229.16;5.54;737;42;1951.00;51
4952;42;627269583;4952;131;5688;5738;11.88;0.72;229.22;5.54;736;42;1952.00;50
4956;42;627269596;4956;139;5691;5739;11.91;0.72;229.30;5.53;735;42;1953.00;48
4958;43;627269609;4958;139;5691;5739;11.96;0.73;229.39;5.53;733;43;1954.00;48
4960;43;627269655;4960;143;5695;5743;11.96;0.73;229.35;5.53;735;43;1955.00;48
4964;44;627269675;4964;143;5695;5743;12.02;0.73;229.46;5.53;731;44;1956.00;48
4968;44;627269718;4968;144;5695;5743;12.00;0.73;229.54;5.53;727;44;1957.00;48
4968;44;627269735;4968;145;5695;5743;11.99;0.73;229.54;5.53;727;44;1958.00;48
4971;44;627269750;4971;147;5699;5749;11.92;0.73;229.61;5.53;728;44;1959.00;50
4973;44;627269765;4973;157;5699;5749;11.93;0.73;229.63;5.53;726;44;1960.00;50
4977;44;627269778;4977;153;5700;5749;11.89;0.72;229.65;5.53;723;44;1961.00;49
4978;44;627269793;4978;155;5702;5752;11.87;0.72;229.67;5.53;724;44;1962.00;50
4980;44;627269807;4980;154;5703;5752;11.83;0.72;229.66;5.53;723;44;1963.00;49
4984;44;627269824;4984;154;5703;5752;11.90;0.72;229.66;5.53;719;44;1964.00;49
4986;44;627269839;4986;153;5703;5753;11.89;0.72;229.69;5.53;717;44;1965.00;50
4993;44;627269852;4993;156;5704;5754;11.90;0.72;229.64;5.53;711;44;1966.00;50
4995;44;627269873;4995;154;5704;5754;11.89;0.72;229.60;5.53;709;44;1967.00;50
4998;44;627269895;4998;155;5713;5767;11.84;0.72;229.65;5.52;715;44;1968.00;54
5003;44;627269918;5003;154;5713;5767;11.82;0.72;229.70;5.52;710;44;1969.00;54
5006;44;627269930;5006;150;5713;5767;11.82;0.72;229.71;5.52;707;44;1970.00;54
5012;44;627269943;5012;152;5714;5768;11.86;0.72;229.73;5.52;702;44;1971.00;54
5020;44;627269956;5020;149;5714;5768;11.87;0.72;229.90;5.52;694;44;1972.00;54
5021;44;627269979;5021;145;5717;5772;11.93;0.72;229.88;5.51;696;44;1973.00;55
5028;44;627269994;5028;136;5719;5772;11.89;0.72;229.80;5.52;691;44;1974.00;53
5032;44;627270024;5032;139;5722;5776;11.89;0.72;229.86;5.52;690;44;1975.00;54
5034;44;627270038;5034;128;5723;5776;11.95;0.73;229.84;5.53;689;44;1976.00;53
5037;44;627270050;5037;124;5723;5776;12.02;0.73;229.84;5.53;686;44;1977.00;53
5038;44;627270073;5038;120;5723;5776;12.09;0.73;229.81;5.53;685;44;1978.00;53
5044;44;627270086;5044;117;5723;5776;12.11;0.73;229.81;5.53;679;44;1979.00;53
5047;44;627270101;5047;118;5742;5810;12.11;0.74;229.78;5.51;695;44;1980.00;68
5052;44;627270118;5052;114;5742;5810;12.10;0.74;229.75;5.51;690;44;1981.00;68
5055;44;627270129;5055;115;5745;5810;12.16;0.74;229.71;5.61;690;44;1982.00;65
5058;44;627270142;5058;116;5746;5810;12.11;0.74;229.83;5.60;688;44;1983.00;64
5060;45;627270156;5060;121;5746;5810;12.04;0.73;229.81;5.60;686;45;1984.00;64
5061;45;627270192;5061;119;5747;5810;12.01;0.73;229.87;5.60;686;45;1985.00;63
5063;45;627270207;5063;118;5747;5811;12.03;0.73;229.87;5.60;684;45;1986.00;64
5064;45;627270228;5064;122;5749;5811;12.05;0.73;229.86;5.61;685;45;1987.00;62
5066;45;627270242;5066;120;5752;5817;12.06;0.73;229.89;5.60;686;45;1988.00;65
5066;45;627270257;5066;118;5756;5818;12.03;0.73;229.89;5.60;690;45;1989.00;62
5069;45;627270276;5069;122;5756;5818;12.00;0.73;229.80;5.60;687;45;1990.00;62
5073;45;627270295;5073;126;5756;5818;11.98;0.73;229.79;5.60;683;45;1991.00;62
5073;45;627270308;5073;131;5759;5822;11.91;0.72;229.79;5.60;686;45;1992.00;63
5080;45;627270324;5080;130;5759;5822;11.82;0.72;229.72;5.60;679;45;1993.00;63
5082;45;627270338;5082;142;5760;5822;11.72;0.71;229.77;5.61;678;45;1994.00;62
5083;45;627270351;5083;146;5762;5823;11.68;0.71;229.76;5.62;679;45;1995.00;61
5085;45;627270370;5085;152;5766;5827;11.62;0.71;229.85;5.62;681;45;1996.00;61
5088;45;627270386;5088;156;5766;5827;11.53;0.70;229.80;5.62;678;45;1997.00;61
5093;45;627270408;5093;160;5768;5830;11.44;0.69;229.82;5.61;675;45;1998.00;62
5096;45;627270421;5096;161;5771;5830;11.30;0.69;229.80;5.63;675;45;1999.00;59
5097;45;627270442;5097;169;5771;5830;11.14;0.68;229.85;5.63;674;45;2000.00;59
5100;45;627270462;5100;177;5773;5830;11.02;0.67;229.91;5.64;673;45;2001.00;57
5101;45;627270478;5101;187;5777;5834;11.00;0.67;229.90;5.65;676;45;2002.00;57
5104;45;627270490;5104;190;5779;5834;10.87;0.66;229.88;5.66;675;45;2003.00;55
5105;45;627270502;5105;195;5780;5834;10.75;0.65;229.96;5.66;675;45;2004.00;54
5108;45;627270515;5108;202;5782;5834;10.57;0.64;229.97;5.68;674;45;2005.00;52
5109;45;627270530;5109;208;5782;5835;10.39;0.63;229.99;5.68;673;45;2006.00;53
5110;45;627270552;5110;212;5785;5836;10.24;0.62;229.98;5.70;675;45;2007.00;51
5111;45;627270565;5111;217;5786;5836;10.03;0.61;229.99;5.71;675;45;2008.00;50
5113;45;627270577;5113;228;5788;5837;9.83;0.60;230.02;5.71;675;45;2009.00;49
5115;45;627270593;5115;233;5788;5837;9.68;0.59;230.03;5.71;673;45;2010.00;49
5115;45;627270604;5115;236;5790;5837;9.56;0.59;230.03;5.72;675;45;2011.00;47
5118;45;627270617;5118;241;5792;5837;9.38;0.57;229.99;5.74;674;45;2012.00;45
5120;45;627270632;5120;243;5792;5837;9.24;0.57;229.94;5.74;672;45;2013.00;45
5127;45;627270644;5127;245;5793;5837;9.10;0.56;229.94;5.74;666;45;2014.00;44
5130;45;627270659;5130;253;5793;5837;8.97;0.55;229.86;5.74;663;45;2015.00;44
5132;45;627270675;5132;271;5862;5964;9.06;0.56;229.80;5.68;730;45;2016.00;102
5135;45;627270705;5135;275;5863;5965;8.88;0.55;229.75;5.68;728;45;2017.00;102
5137;45;627270714;5137;279;5874;5965;8.85;0.55;229.73;5.68;737;45;2018.00;91
5137;45;627270725;5137;276;5879;5965;8.78;0.54;229.73;5.68;742;45;2019.00;86
5140;45;627270735;5140;274;5886;5965;8.71;0.54;229.74;5.69;746;45;2020.00;79
5142;45;627270745;5142;278;5893;5965;8.69;0.54;229.71;5.69;751;45;2021.00;72
5145;45;627270757;5145;277;5898;5965;8.63;0.53;229.67;5.69;753;45;2022.00;67
5147;46;627270767;5147;281;5901;5965;8.60;0.53;229.66;5.69;754;46;2023.00;64
5152;47;627270791;5152;283;5907;5966;8.58;0.53;229.63;5.70;755;47;2024.00;59
5154;47;627270823;5154;282;5912;5968;8.48;0.52;229.59;5.70;758;47;2025.00;56
5154;47;627270835;5154;278;5914;5968;8.42;0.52;229.59;5.70;760;47;2026.00;54
5158;47;627270845;5158;279;5916;5969;8.19;0.50;229.50;5.71;758;47;2027.00;53
5158;47;627270856;5158;286;5918;5969;8.04;0.50;229.50;5.71;760;47;2028.00;51
5160;47;627270869;5160;290;5919;5969;7.84;0.48;229.49;5.71;759;47;2029.00;50
5161;47;627270880;5161;300;5923;5969;7.66;0.47;229.47;5.72;762;47;2030.00;46
5164;47;627270889;5164;311;5926;5973;7.55;0.46;229.40;5.72;762;47;2031.00;47
5166;47;627270900;5166;324;5930;5973;7.44;0.46;229.39;5.72;764;47;2032.00;43
5169;47;627270912;5169;334;5930;5973;7.26;0.45;229.42;5.72;761;47;2033.00;43
5170;47;627270922;5170;343;5933;5976;7.17;0.44;229.44;5.72;763;47;2034.00;43
5174;47;627270936;5174;350;5934;5976;6.96;0.43;229.39;5.72;760;47;2035.00;42
5176;47;627270947;5176;355;5935;5976;6.77;0.42;229.44;5.72;759;47;2036.00;41
5178;47;627270956;5178;365;5939;5980;6.60;0.41;229.52;5.72;761;47;2037.00;41
5180;47;627270968;5180;371;5941;5981;6.45;0.40;229.46;5.72;761;47;2038.00;40
5184;47;627270978;5184;378;5942;5981;6.27;0.39;229.46;5.72;758;47;2039.00;39
5185;47;627270989;5185;375;5947;5986;6.18;0.38;229.51;5.71;762;47;2040.00;39
5187;47;627270999;5187;377;5947;5986;6.04;0.37;229.57;5.71;760;47;2041.00;39
5190;47;627271009;5190;371;5947;5986;5.96;0.37;229.60;5.71;757;47;2042.00;39
5191;47;627271021;5191;365;5948;5987;5.99;0.37;229.62;5.71;757;47;2043.00;39
5196;47;627271031;5196;356;5948;5987;6.02;0.37;229.57;5.71;752;47;2044.00;39
5200;47;627271041;5200;349;5953;5993;6.12;0.38;229.59;5.71;753;47;2045.00;40
5204;47;627271062;5204;344;5953;5993;6.14;0.38;229.68;5.71;749;47;2046.00;40
5205;47;627271073;5205;327;5955;5994;6.23;0.38;229.71;5.71;750;47;2047.00;39
5209;47;627271085;5209;317;5955;5994;6.30;0.39;229.68;5.71;746;47;2048.00;39
5211;47;627271095;5211;315;5955;5994;6.37;0.39;229.70;5.71;744;47;2049.00;39
5213;47;627271105;5213;301;5955;5994;6.48;0.40;229.75;5.71;742;47;2050.00;39
5215;47;627271118;5215;295;5955;5994;6.62;0.40;229.76;5.71;740;47;2051.00;39
5217;47;627271129;5217;287;5965;6006;6.77;0.41;229.76;5.70;748;47;2052.00;41
5220;47;627271156;5220;280;5965;6006;6.83;0.42;229.73;5.70;745;47;2053.00;41
5222;47;627271169;5222;273;5967;6006;7.00;0.43;229.77;5.70;745;47;2054.00;39
5224;47;627271180;5224;272;5967;6006;7.13;0.44;229.79;5.70;743;47;2055.00;39
5225;47;627271192;5225;274;5967;6006;7.26;0.44;229.82;5.70;742;47;2056.00;39
5227;47;627271203;5227;274;5967;6006;7.38;0.45;229.85;5.70;740;47;2057.00;39
5230;47;627271214;5230;274;5971;6010;7.50;0.46;229.77;5.69;741;47;2058.00;39
5232;47;627271226;5232;263;5971;6010;7.63;0.47;229.78;5.69;739;47;2059.00;39
5235;47;627271238;5235;260;5974;6014;7.77;0.47;229.76;5.69;739;47;2060.00;40
5237;47;627271256;5237;251;5975;6015;7.84;0.48;229.79;5.69;738;47;2061.00;40
5239;47;627271269;5239;248;5976;6015;7.87;0.48;229.76;5.69;737;47;2062.00;39
5245;47;627271281;5245;244;5976;6015;7.86;0.48;229.84;5.69;731;47;2063.00;39
5247;47;627271293;5247;252;5989;6028;7.91;0.48;229.85;5.68;742;47;2064.00;39
5250;47;627271307;5250;249;5989;6028;7.99;0.49;229.89;5.68;739;47;2065.00;39
5254;47;627271319;5254;241;5989;6028;8.09;0.49;230.01;5.68;735;47;2066.00;39
5258;47;627271336;5258;238;5990;6029;8.19;0.50;229.97;5.68;732;47;2067.00;39
5260;47;627271350;5260;237;5991;6030;8.26;0.50;229.96;5.68;731;47;2068.00;39
5265;47;627271361;5265;240;5991;6030;8.30;0.51;230.10;5.68;726;47;2069.00;39
5272;47;627271378;5272;233;5994;6036;8.38;0.51;230.05;5.67;722;47;2070.00;42
5276;47;627271389;5276;235;5994;6036;8.45;0.51;230.05;5.67;718;47;2071.00;42
5281;47;627271400;5281;230;5995;6036;8.50;0.52;230.14;5.67;714;47;2072.00;41
5285;47;627271410;5285;230;5995;6036;8.49;0.52;230.19;5.67;710;47;2073.00;41
5290;47;627271420;5290;227;5999;6042;8.57;0.52;230.22;5.67;709;47;2074.00;43
5294;47;627271431;5294;230;5999;6042;8.56;0.52;230.27;5.67;705;47;2075.00;43
5296;47;627271442;5296;231;6000;6042;8.59;0.52;230.29;5.67;704;47;2076.00;42
5300;47;627271452;5300;237;6000;6042;8.64;0.53;230.31;5.67;700;47;2077.00;42
5304;47;627271463;5304;234;6005;6046;8.63;0.53;230.44;5.67;701;47;2078.00;41
5306;47;627271474;5306;230;6006;6047;8.70;0.53;230.46;5.67;700;47;2079.00;41
5310;47;627271484;5310;239;6007;6047;8.68;0.53;230.63;5.67;697;47;2080.00;40
5312;47;627271494;5312;239;6008;6048;8.73;0.53;230.71;5.66;696;47;2081.00;40
5316;47;627271504;5316;236;6008;6048;8.78;0.54;230.78;5.66;692;47;2082.00;40
5317;47;627271514;5317;240;6008;6048;8.85;0.54;230.78;5.66;691;47;2083.00;40
5323;47;627271524;5323;245;6008;6048;8.86;0.54;230.92;5.66;685;47;2084.00;40
5328;47;627271534;5328;241;6008;6048;8.87;0.54;230.98;5.66;680;47;2085.00;40
5328;47;627271544;5328;242;6008;6048;8.89;0.54;230.98;5.66;680;47;2086.00;40
5332;47;627271554;5332;230;6008;6048;8.80;0.54;231.08;5.66;676;47;2087.00;40
5334;47;627271570;5334;238;6049;6118;8.84;0.54;231.12;5.63;715;47;2088.00;69
5337;47;627271586;5337;231;6050;6119;8.94;0.55;231.05;5.63;713;47;2089.00;69
5339;47;627271597;5339;218;6055;6119;9.14;0.56;231.15;5.62;716;47;2090.00;64
5344;47;627271608;5344;211;6055;6119;9.23;0.56;231.16;5.62;711;47;2091.00;64
5345;47;627271625;5345;209;6058;6119;9.37;0.57;231.12;5.62;713;47;2092.00;61
5348;47;627271643;5348;202;6061;6119;9.49;0.58;231.24;5.62;713;47;2093.00;58
5353;47;627271659;5353;202;6065;6119;9.59;0.58;231.25;5.62;712;47;2094.00;54
5355;47;627271677;5355;199;6067;6119;9.72;0.59;231.26;5.62;712;47;2095.00;52
5357;47;627271694;5357;179;6068;6120;9.82;0.60;231.31;5.62;711;47;2096.00;52
5361;47;627271710;5361;170;6072;6121;9.92;0.60;231.41;5.62;711;47;2097.00;49
5362;47;627271728;5362;158;6073;6121;10.04;0.61;231.44;5.62;711;47;2098.00;48
5364;47;627271741;5364;150;6077;6125;10.10;0.61;231.48;5.62;713;47;2099.00;48
5364;47;627271756;5364;146;6082;6140;10.20;0.62;231.48;5.62;718;47;2100.00;58
5367;47;627271776;5367;144;6083;6140;10.27;0.62;231.56;5.62;716;47;2101.00;57
5370;47;627271790;5370;137;6083;6140;10.46;0.64;231.69;5.62;713;47;2102.00;57
5374;47;627271801;5374;136;6086;6146;10.60;0.65;231.80;5.62;712;47;2103.00;60
5379;47;627271815;5379;134;6086;6146;10.76;0.66;231.78;5.62;707;47;2104.00;60
5382;47;627271828;5382;130;6087;6146;10.97;0.67;231.89;5.62;705;47;2105.00;59
5385;47;627271842;5385;129;6090;6149;11.12;0.68;231.86;5.62;705;47;2106.00;59
5388;47;627271854;5388;132;6090;6149;11.26;0.69;231.93;5.62;702;47;2107.00;59
5393;47;627271872;5393;128;6090;6149;11.36;0.69;231.89;5.62;697;47;2108.00;59
5396;47;627271884;5396;126;6090;6150;11.51;0.70;231.92;5.62;694;47;2109.00;60
5397;47;627271896;5397;124;6091;6151;11.65;0.71;231.93;5.62;694;47;2110.00;60
5400;47;627271907;5400;124;6092;6151;11.72;0.71;231.97;5.62;692;47;2111.00;59
5406;47;627271919;5406;130;6102;6164;11.78;0.72;232.01;5.61;696;47;2112.00;62
5409;47;627271931;5409;132;6102;6164;11.87;0.72;232.05;5.61;693;47;2113.00;62
5413;47;627271943;5413;131;6102;6164;11.96;0.73;232.08;5.61;689;47;2114.00;62
5415;48;627271954;5415;131;6104;6166;12.04;0.73;232.15;5.61;689;48;2115.00;62
5418;48;627271975;5418;135;6105;6166;12.03;0.73;232.16;5.61;687;48;2116.00;61
5421;48;627271997;5421;138;6107;6170;12.03;0.73;232.15;5.61;686;48;2117.00;63
5425;48;627272010;5425;133;6108;6170;12.06;0.73;232.07;5.61;683;48;2118.00;62
5427;48;627272022;5427;133;6111;6174;12.05;0.73;232.07;5.61;684;48;2119.00;63
5430;48;627272036;5430;133;6111;6174;12.03;0.73;232.08;5.61;681;48;2120.00;63
5432;48;627272054;5432;134;6112;6174;12.04;0.73;232.14;5.61;680;48;2121.00;62
5435;48;627272065;5435;134;6112;6174;12.09;0.73;232.14;5.61;677;48;2122.00;62
5438;48;627272076;5438;139;6113;6174;12.01;0.73;232.17;5.61;675;48;2123.00;61
5439;48;627272089;5439;141;6123;6186;11.97;0.73;232.17;5.61;684;48;2124.00;63
5442;48;627272101;5442;141;6124;6186;11.95;0.73;232.27;5.61;682;48;2125.00;62
5445;48;627272119;5445;141;6125;6186;11.92;0.73;232.28;5.61;680;48;2126.00;61
5448;48;627272130;5448;139;6126;6186;11.85;0.72;232.29;5.61;678;48;2127.00;60
5451;48;627272141;5451;139;6126;6186;11.84;0.72;232.34;5.61;675;48;2128.00;60
5455;48;627272152;5455;138;6129;6186;11.76;0.72;232.31;5.62;674;48;2129.00;57
5457;48;627272165;5457;134;6131;6187;11.81;0.72;232.35;5.62;674;48;2130.00;56
5464;48;627272176;5464;132;6131;6187;11.73;0.71;232.29;5.62;667;48;2131.00;56
5465;48;627272187;5465;129;6135;6193;11.76;0.71;232.29;5.62;670;48;2132.00;58
5467;48;627272198;5467;129;6136;6194;11.79;0.72;232.26;5.62;669;48;2133.00;58
5472;48;627272208;5472;131;6137;6194;11.71;0.71;232.22;5.62;665;48;2134.00;57
5476;48;627272219;5476;133;6138;6194;11.64;0.71;232.19;5.62;662;48;2135.00;56
5478;48;627272229;5478;139;6141;6198;11.63;0.71;232.18;5.62;663;48;2136.00;57
5480;48;627272240;5480;140;6141;6198;11.66;0.71;232.25;5.62;661;48;2137.00;57
5484;48;627272250;5484;142;6141;6198;11.60;0.71;232.23;5.62;657;48;2138.00;57
5487;48;627272260;5487;141;6142;6199;11.58;0.70;232.22;5.61;655;48;2139.00;57
5491;48;627272269;5491;136;6145;6203;11.58;0.70;232.24;5.61;654;48;2140.00;58
5493;49;627272279;5493;133;6145;6203;11.68;0.71;232.25;5.61;652;49;2141.00;58
5498;49;627272300;5498;129;6147;6206;11.77;0.72;232.23;5.61;649;49;2142.00;59
5501;49;627272311;5501;127;6148;6206;11.88;0.72;232.34;5.72;647;49;2143.00;58
5507;49;627272321;5507;123;6149;6206;11.98;0.73;232.35;5.72;642;49;2144.00;57
5510;49;627272331;5510;122;6151;6206;11.97;0.73;232.42;5.74;641;49;2145.00;55
5512;49;627272342;5512;123;6154;6210;12.09;0.73;232.38;5.74;642;49;2146.00;56
5517;49;627272358;5517;119;6154;6210;12.10;0.73;232.38;5.74;637;49;2147.00;56
5519;49;627272368;5519;118;6156;6210;12.13;0.74;232.35;5.85;637;49;2148.00;54
5525;49;627272378;5525;115;6156;6210;12.14;0.74;232.29;5.85;631;49;2149.00;54
5529;49;627272388;5529;115;6157;6211;12.17;0.74;232.27;5.97;628;49;2150.00;54
5532;49;627272398;5532;114;6158;6212;12.20;0.74;232.22;5.97;626;49;2151.00;54
5534;49;627272408;5534;114;6158;6212;12.16;0.74;232.16;5.97;624;49;2152.00;54
5538;49;627272417;5538;115;6159;6213;12.17;0.74;232.21;5.97;621;49;2153.00;54
5541;49;627272427;5541;119;6159;6213;12.15;0.74;232.20;5.97;618;49;2154.00;54
5542;49;627272438;5542;123;6159;6213;12.11;0.74;232.17;5.97;617;49;2155.00;54
5544;49;627272453;5544;126;6159;6213;11.98;0.73;232.28;5.97;615;49;2156.00;54
5547;49;627272463;5547;129;6159;6213;11.86;0.72;232.32;5.97;612;49;2157.00;54
5548;49;627272473;5548;128;6159;6213;11.75;0.71;232.32;5.97;611;49;2158.00;54
5552;49;627272482;5552;134;6159;6213;11.70;0.71;232.38;5.97;607;49;2159.00;54
5554;49;627272493;5554;173;6257;6443;11.35;0.71;232.44;5.87;703;49;2160.00;186
5555;49;627272525;5555;169;6258;6444;11.18;0.70;232.42;5.87;703;49;2161.00;186
5557;49;627272536;5557;157;6267;6444;11.05;0.69;232.44;5.87;710;49;2162.00;177
5558;49;627272547;5558;163;6275;6444;10.93;0.68;232.46;5.86;717;49;2163.00;169
5558;49;627272557;5558;165;6285;6444;10.84;0.68;232.46;5.86;727;49;2164.00;159
5561;49;627272572;5561;165;6292;6444;10.78;0.67;232.39;5.86;731;49;2165.00;152
5564;49;627272583;5564;174;6300;6444;10.67;0.66;232.38;5.86;736;49;2166.00;144
5565;49;627272593;5565;173;6305;6444;10.64;0.66;232.36;5.86;740;49;2167.00;139
5567;49;627272610;5567;174;6308;6445;10.67;0.66;232.33;5.86;741;49;2168.00;137
5569;49;627272622;5569;178;6314;6446;10.59;0.66;232.26;5.88;745;49;2169.00;132
5575;49;627272633;5575;184;6317;6446;10.51;0.65;232.21;5.89;742;49;2170.00;129
5578;49;627272644;5578;192;6323;6447;10.33;0.64;232.16;5.89;745;49;2171.00;124
5579;49;627272654;5579;198;6327;6447;10.16;0.63;232.14;5.91;748;49;2172.00;120
5582;49;627272664;5582;202;6332;6447;10.00;0.62;232.14;5.91;750;49;2173.00;115
5583;49;627272674;5583;200;6335;6447;9.83;0.61;232.13;5.92;752;49;2174.00;112
5585;49;627272684;5585;204;6341;6451;9.64;0.59;232.15;5.94;756;49;2175.00;110
5585;49;627272694;5585;220;6343;6451;9.39;0.58;232.15;5.94;758;49;2176.00;108
5586;49;627272703;5586;225;6348;6451;9.15;0.56;232.13;5.97;762;49;2177.00;103
5586;49;627272712;5586;235;6350;6454;8.94;0.55;232.13;5.97;764;49;2178.00;104
5586;49;627272722;5586;242;6353;6454;8.76;0.54;232.13;5.98;767;49;2179.00;101
5588;49;627272731;5588;246;6354;6454;8.60;0.53;232.14;5.98;766;49;2180.00;100
5590;49;627272740;5590;257;6361;6458;8.41;0.52;232.07;5.99;771;49;2181.00;97
5592;49;627272750;5592;268;6364;6459;8.32;0.51;232.06;6.00;772;49;2182.00;95
5592;50;627272765;5592;277;6369;6459;8.24;0.51;232.06;6.04;777;50;2183.00;90
5593;50;627272785;5593;287;6372;6463;8.20;0.51;232.02;6.04;779;50;2184.00;91
5594;50;627272794;5594;294;6376;6463;8.07;0.50;231.99;6.07;782;50;2185.00;87
5598;50;627272809;5598;301;6378;6463;7.98;0.49;231.96;6.07;780;50;2186.00;85
5601;50;627272818;5601;308;6385;6464;7.83;0.48;231.88;6.10;784;50;2187.00;79
5601;50;627272828;5601;320;6387;6464;7.70;0.47;231.88;6.10;786;50;2188.00;77
5602;50;627272842;5602;325;6393;6470;7.59;0.47;231.86;6.11;791;50;2189.00;77
5603;50;627272854;5603;330;6394;6470;7.45;0.46;231.85;6.11;791;50;2190.00;76
5606;50;627272863;5606;330;6399;6471;7.27;0.44;231.77;6.13;793;50;2191.00;72
5606;50;627272872;5606;332;6400;6471;7.17;0.44;231.77;6.13;794;50;2192.00;71
5607;50;627272881;5607;339;6401;6471;7.13;0.44;231.79;6.14;794;50;2193.00;70
5608;50;627272890;5608;342;6405;6471;7.09;0.43;231.77;6.15;797;50;2194.00;66
5608;50;627272899;5608;341;6405;6471;7.10;0.43;231.77;6.15;797;50;2195.00;66
5610;50;627272909;5610;332;6417;6483;7.12;0.44;231.71;6.15;807;50;2196.00;66
5612;50;627272920;5612;326;6417;6483;7.12;0.44;231.70;6.15;805;50;2197.00;66
5614;50;627272929;5614;318;6421;6483;7.20;0.44;231.69;6.16;807;50;2198.00;62
5616;50;627272939;5616;319;6421;6483;7.22;0.44;231.64;6.16;805;50;2199.00;62
5620;50;627272949;5620;316;6422;6483;7.24;0.44;231.60;6.16;802;50;2200.00;61
5620;50;627272962;5620;317;6424;6483;7.28;0.45;231.60;6.17;804;50;2201.00;59
5622;50;627272978;5622;313;6428;6487;7.30;0.45;231.58;6.17;806;50;2202.00;59
5626;50;627272988;5626;312;6429;6487;7.27;0.44;231.58;6.17;803;50;2203.00;58
5629;50;627272998;5629;305;6432;6491;7.30;0.45;231.55;6.17;803;50;2204.00;59
5630;50;627273014;5630;305;6435;6493;7.24;0.44;231.57;6.17;805;50;2205.00;58
5633;50;627273024;5633;300;6436;6493;7.21;0.44;231.61;6.17;803;50;2206.00;57
5638;50;627273034;5638;294;6436;6493;7.12;0.44;231.65;6.17;798;50;2207.00;57
5638;50;627273044;5638;298;6448;6506;7.05;0.43;231.65;6.16;810;50;2208.00;58
5643;50;627273054;5643;301;6448;6506;7.00;0.43;231.67;6.16;805;50;2209.00;58
5644;50;627273064;5644;295;6450;6508;7.00;0.43;231.67;6.16;806;50;2210.00;58
5647;50;627273073;5647;284;6451;6509;7.00;0.43;231.68;6.16;804;50;2211.00;58
5650;50;627273082;5650;273;6453;6510;6.97;0.43;231.73;6.16;803;50;2212.00;57
5650;51;627273092;5650;270;6454;6510;7.02;0.43;231.73;6.16;804;51;2213.00;56
5655;51;627273112;5655;262;6456;6513;7.12;0.44;231.72;6.16;801;51;2214.00;57
5658;51;627273122;5658;262;6457;6513;7.14;0.44;231.81;6.16;799;51;2215.00;56
5661;51;627273131;5661;262;6458;6513;7.27;0.45;231.75;6.16;797;51;2216.00;55
5664;51;627273141;5664;260;6458;6513;7.36;0.45;231.79;6.16;794;51;2217.00;55
5667;52;627273161;5667;247;6462;6519;7.52;0.46;231.80;6.16;795;52;2218.00;57
5669;52;627273183;5669;244;6462;6519;7.63;0.47;231.83;6.16;793;52;2219.00;57
5673;52;627273195;5673;231;6463;6519;7.67;0.47;231.90;6.16;790;52;2220.00;56
5674;52;627273205;5674;223;6463;6519;7.87;0.48;231.93;6.16;789;52;2221.00;56
5680;52;627273215;5680;218;6467;6523;7.91;0.49;232.05;6.16;787;52;2222.00;56
5683;52;627273225;5683;217;6468;6524;8.09;0.50;232.10;6.16;785;52;2223.00;56
5687;52;627273235;5687;212;6469;6524;8.12;0.50;232.09;6.16;782;52;2224.00;55
5695;52;627273246;5695;214;6470;6525;8.15;0.50;232.04;6.16;775;52;2225.00;55
5700;52;627273256;5700;217;6470;6525;8.20;0.50;231.99;6.16;770;52;2226.00;55
5707;52;627273267;5707;216;6470;6525;8.21;0.50;232.06;6.16;763;52;2227.00;55
5711;52;627273276;5711;225;6470;6525;8.30;0.51;232.05;6.16;759;52;2228.00;55
5716;52;627273287;5716;223;6470;6525;8.31;0.51;232.06;6.16;754;52;2229.00;55
5724;52;627273297;5724;217;6470;6525;8.37;0.51;231.97;6.16;746;52;2230.00;55
5726;52;627273308;5726;210;6470;6525;8.45;0.52;231.94;6.16;744;52;2231.00;55
5730;52;627273324;5730;208;6509;6595;8.60;0.53;232.00;6.12;779;52;2232.00;86
5735;52;627273347;5735;195;6510;6596;8.69;0.53;232.00;6.12;775;52;2233.00;86
5742;52;627273358;5742;188;6516;6596;8.79;0.54;231.99;6.11;774;52;2234.00;80
5745;52;627273369;5745;181;6523;6596;8.95;0.55;231.98;6.11;778;52;2235.00;73
5747;52;627273380;5747;183;6530;6596;9.08;0.55;231.95;6.23;783;52;2236.00;66
5750;52;627273393;5750;182;6533;6596;9.16;0.56;231.94;6.23;783;52;2237.00;63
5755;52;627273404;5755;180;6534;6596;9.15;0.56;231.91;6.23;779;52;2238.00;62
5759;52;627273416;5759;188;6535;6596;9.27;0.57;231.99;6.23;776;52;2239.00;61
5763;52;627273427;5763;190;6537;6597;9.32;0.57;232.09;6.23;774;52;2240.00;60
5772;52;627273439;5772;193;6538;6598;9.28;0.57;232.11;6.23;766;52;2241.00;60
5776;52;627273451;5776;197;6539;6598;9.31;0.57;232.25;6.23;763;52;2242.00;59
5782;52;627273462;5782;199;6542;6602;9.31;0.57;232.27;6.23;760;52;2243.00;60
5783;52;627273474;5783;204;6542;6602;9.37;0.57;232.31;6.23;759;52;2244.00;60
5786;52;627273485;5786;209;6542;6602;9.47;0.58;232.42;6.23;756;52;2245.00;60
5790;52;627273497;5790;207;6542;6602;9.50;0.58;232.45;6.23;752;52;2246.00;60
5793;52;627273508;5793;210;6546;6608;9.54;0.58;232.46;6.22;753;52;2247.00;62
5798;52;627273520;5798;209;6547;6608;9.61;0.58;232.49;6.22;749;52;2248.00;61
5803;52;627273532;5803;208;6547;6608;9.52;0.58;232.60;6.22;744;52;2249.00;61
5808;52;627273545;5808;209;6551;6614;9.56;0.58;232.72;6.22;743;52;2250.00;63
5811;52;627273557;5811;208;6551;6614;9.52;0.58;232.66;6.22;740;52;2251.00;63
5818;52;627273574;5818;209;6552;6614;9.45;0.57;232.75;6.22;734;52;2252.00;62
5818;52;627273585;5818;216;6552;6615;9.44;0.57;232.75;6.22;734;52;2253.00;63
5820;52;627273596;5820;221;6554;6616;9.39;0.57;232.77;6.22;734;52;2254.00;62
5823;52;627273607;5823;224;6554;6616;9.31;0.57;232.81;6.22;731;52;2255.00;62
5825;52;627273629;5825;223;6565;6629;9.49;0.58;232.85;6.21;740;52;2256.00;64
5828;52;627273650;5828;216;6565;6629;9.52;0.58;232.87;6.21;737;52;2257.00;64
5832;52;627273666;5832;214;6565;6629;9.52;0.58;232.95;6.21;733;52;2258.00;64
5832;52;627273688;5832;210;6566;6630;9.62;0.58;232.95;6.20;734;52;2259.00;64
5834;52;627273704;5834;201;6566;6630;9.64;0.59;233.03;6.20;732;53;2260.00;64
5839;52;627273739;5839;198;6569;6634;9.66;0.59;233.05;6.20;730;53;2261.00;65
5841;52;627273755;5841;199;6569;6634;9.70;0.59;233.10;6.20;728;53;2262.00;65
5846;53;627273768;5846;201;6573;6638;9.67;0.59;233.07;6.20;727;54;2263.00;65
5850;53;627273788;5850;203;6573;6638;9.67;0.59;233.10;6.20;723;54;2264.00;65
5854;53;627273801;5854;206;6573;6638;9.75;0.59;233.16;6.20;719;54;2265.00;65
5859;53;627273814;5859;193;6573;6638;9.81;0.60;233.28;6.20;714;54;2266.00;65
5864;53;627273834;5864;181;6573;6638;9.86;0.60;233.31;6.20;709;54;2267.00;65
5865;53;627273848;5865;163;6583;6650;9.93;0.60;233.32;6.19;718;54;2268.00;67
5868;53;627273861;5868;157;6583;6650;10.03;0.61;233.35;6.19;715;54;2269.00;67
5871;53;627273873;5871;153;6584;6650;10.21;0.62;233.32;6.19;713;54;2270.00;66
5874;53;627273886;5874;148;6584;6650;10.32;0.63;233.37;6.19;710;54;2271.00;66
5877;53;627273900;5877;145;6584;6650;10.49;0.64;233.36;6.19;707;54;2272.00;66
5880;53;627273913;5880;147;6584;6650;10.63;0.64;233.35;6.19;704;54;2273.00;66
5881;53;627273934;5881;145;6584;6651;10.68;0.65;233.38;6.19;703;54;2274.00;67
5884;53;627273946;5884;135;6584;6651;10.78;0.65;233.40;6.19;700;54;2275.00;67
5886;53;627273958;5886;130;6588;6657;10.90;0.66;233.40;6.19;702;54;2276.00;69
5888;54;627273972;5888;126;6589;6658;10.99;0.67;233.41;6.19;701;55;2277.00;69
5892;54;627274004;5892;123;6590;6658;11.17;0.68;233.42;6.19;698;55;2278.00;68
5894;54;627274016;5894;122;6590;6658;11.30;0.69;233.44;6.19;696;55;2279.00;68
5897;54;627274031;5897;127;6594;6663;11.42;0.69;233.48;6.18;697;55;2280.00;69
5899;54;627274044;5899;122;6594;6663;11.50;0.70;233.50;6.18;695;55;2281.00;69
5901;54;627274059;5901;122;6594;6663;11.61;0.71;233.51;6.18;693;55;2282.00;69
5905;54;627274071;5905;117;6595;6664;11.66;0.71;233.50;6.18;690;55;2283.00;69
5907;54;627274083;5907;120;6598;6668;11.75;0.71;233.52;6.18;691;55;2284.00;70
5912;55;627274096;5912;119;6598;6668;11.75;0.71;233.49;6.18;686;56;2285.00;70
5914;55;627274115;5914;118;6600;6671;11.78;0.71;233.53;6.18;686;56;2286.00;71
5916;55;627274131;5916;121;6600;6671;11.78;0.71;233.52;6.18;684;56;2287.00;71
5917;55;627274142;5917;128;6601;6671;11.68;0.71;233.49;6.18;684;56;2288.00;70
5919;55;627274159;5919;125;6601;6671;11.70;0.71;233.55;6.18;682;56;2289.00;70
5921;55;627274170;5921;125;6604;6675;11.80;0.72;233.62;6.17;683;56;2290.00;71
5922;55;627274181;5922;126;6604;6675;11.90;0.72;233.60;6.17;682;56;2291.00;71
5925;55;627274192;5925;128;6605;6675;11.94;0.73;233.64;6.17;680;56;2292.00;70
5927;55;627274203;5927;128;6605;6675;11.98;0.73;233.70;6.17;678;56;2293.00;70
5931;55;627274214;5931;128;6605;6676;12.01;0.73;233.67;6.17;674;56;2294.00;71
5934;55;627274231;5934;129;6607;6678;11.99;0.73;233.70;6.17;673;56;2295.00;71
5935;55;627274242;5935;131;6607;6678;11.98;0.73;233.73;6.17;672;56;2296.00;71
5938;55;627274252;5938;134;6608;6679;11.95;0.73;233.71;6.17;670;56;2297.00;71
5943;55;627274263;5943;138;6608;6679;11.82;0.72;233.84;6.17;665;56;2298.00;71
5944;55;627274274;5944;141;6608;6679;11.83;0.72;233.86;6.17;664;56;2299.00;71
5946;55;627274285;5946;141;6608;6679;11.80;0.72;233.94;6.17;662;56;2300.00;71
5948;55;627274299;5948;144;6608;6679;11.78;0.72;233.99;6.17;660;56;2301.00;71
5953;55;627274309;5953;139;6608;6679;11.73;0.71;233.98;6.17;655;56;2302.00;71
5958;55;627274319;5958;138;6608;6679;11.66;0.71;234.08;6.17;650;56;2303.00;71
5963;55;627274329;5963;165;6679;6806;11.21;0.69;234.00;6.11;716;56;2304.00;127
5965;55;627274350;5965;159;6679;6807;11.23;0.69;233.99;6.11;714;56;2305.00;128
5971;55;627274360;5971;153;6687;6807;11.32;0.70;233.92;6.10;716;56;2306.00;120
5974;55;627274371;5974;148;6688;6807;11.34;0.70;233.91;6.10;714;56;2307.00;119
5975;55;627274380;5975;151;6694;6807;11.39;0.70;233.89;6.10;719;56;2308.00;113
5978;55;627274391;5978;149;6698;6807;11.47;0.71;233.91;6.10;720;56;2309.00;109
5981;55;627274402;5981;144;6705;6807;11.50;0.71;233.88;6.23;724;56;2310.00;102
5988;56;627274413;5988;145;6707;6807;11.53;0.71;233.84;6.23;719;57;2311.00;100
5992;57;627274435;5992;144;6711;6808;11.57;0.71;233.83;6.23;719;58;2312.00;97
5995;57;627274459;5995;142;6716;6809;11.58;0.71;233.79;6.23;721;58;2313.00;93
5998;57;627274474;5998;143;6719;6809;11.52;0.70;233.77;6.23;721;58;2314.00;90
6000;57;627274484;6000;142;6721;6810;11.48;0.70;233.82;6.24;721;58;2315.00;89
6000;57;627274495;6000;142;6724;6810;11.40;0.70;233.82;6.26;724;58;2316.00;86
6001;57;627274506;6001;139;6725;6810;11.34;0.70;233.80;6.26;724;58;2317.00;85
6004;57;627274516;6004;138;6726;6810;11.26;0.69;233.76;6.26;722;58;2318.00;84
6009;57;627274527;6009;138;6729;6814;11.21;0.69;233.66;6.26;720;58;2319.00;85
6012;57;627274537;6012;136;6731;6814;11.16;0.68;233.58;6.26;719;58;2320.00;83
6015;57;627274547;6015;140;6731;6814;11.12;0.68;233.55;6.26;716;58;2321.00;83
6019;57;627274557;6019;139;6735;6817;11.06;0.68;233.44;6.27;716;58;2322.00;82
6021;57;627274569;6021;142;6735;6817;11.04;0.67;233.51;6.27;714;58;2323.00;82
6022;57;627274579;6022;148;6736;6817;11.02;0.67;233.50;6.28;714;58;2324.00;81
6026;57;627274590;6026;151;6740;6821;11.02;0.67;233.45;6.27;714;58;2325.00;81
6027;57;627274601;6027;155;6742;6822;11.00;0.67;233.46;6.40;715;58;2326.00;80
6027;57;627274610;6027;163;6743;6822;11.01;0.67;233.46;6.40;716;58;2327.00;79
6031;57;627274624;6031;171;6746;6826;10.96;0.67;233.41;6.40;715;58;2328.00;80
6032;57;627274635;6032;172;6747;6826;10.87;0.66;233.43;6.40;715;58;2329.00;79
6036;57;627274646;6036;179;6747;6826;10.70;0.65;233.35;6.40;711;58;2330.00;79
6039;57;627274656;6039;183;6748;6827;10.65;0.65;233.31;6.40;709;58;2331.00;79
6044;57;627274666;6044;191;6748;6827;10.54;0.64;233.19;6.40;704;58;2332.00;79
6045;57;627274676;6045;194;6752;6833;10.51;0.64;233.16;6.40;707;58;2333.00;81
6048;57;627274686;6048;200;6753;6833;10.38;0.63;233.15;6.41;705;58;2334.00;80
6052;57;627274696;6052;203;6755;6834;10.19;0.62;233.09;6.43;703;58;2335.00;79
6052;57;627274705;6052;215;6755;6834;10.06;0.61;233.09;6.43;703;58;2336.00;79
6054;57;627274714;6054;219;6755;6834;9.89;0.60;233.10;6.43;701;58;2337.00;79
6055;57;627274724;6055;229;6756;6834;9.72;0.59;233.09;6.44;701;58;2338.00;78
6056;57;627274733;6056;232;6756;6834;9.57;0.58;233.08;6.44;700;58;2339.00;78
6056;57;627274743;6056;250;6778;6870;9.49;0.58;233.08;6.43;722;58;2340.00;92
6058;57;627274755;6058;253;6779;6870;9.35;0.57;233.08;6.45;721;58;2341.00;91
6059;57;627274764;6059;264;6782;6870;9.24;0.56;233.07;6.44;723;58;2342.00;88
6059;57;627274779;6059;265;6784;6870;9.07;0.55;233.07;6.46;725;58;2343.00;86
6060;57;627274789;6060;271;6786;6870;8.96;0.55;233.07;6.46;726;58;2344.00;84
6061;57;627274797;6061;282;6789;6870;8.87;0.54;233.06;6.46;728;58;2345.00;81
6064;57;627274806;6064;286;6793;6874;8.76;0.53;233.02;6.48;729;58;2346.00;81
6065;57;627274816;6065;275;6795;6874;8.63;0.53;233.12;6.48;730;58;2347.00;79
6066;57;627274825;6066;269;6798;6878;8.57;0.52;233.11;6.48;732;58;2348.00;80
6068;57;627274834;6068;268;6803;6879;8.47;0.52;233.08;6.50;735;58;2349.00;76
6069;57;627274843;6069;268;6804;6879;8.39;0.51;233.08;6.51;735;58;2350.00;75
6071;57;627274852;6071;269;6805;6879;8.34;0.51;233.06;6.51;734;58;2351.00;74
6073;57;627274862;6073;270;6817;6892;8.24;0.50;233.04;6.50;744;58;2352.00;75
6075;57;627274872;6075;262;6818;6892;8.19;0.50;233.00;6.52;743;58;2353.00;74
6077;57;627274881;6077;264;6818;6892;8.12;0.50;232.99;6.52;741;58;2354.00;74
6077;58;627274890;6077;264;6821;6893;8.16;0.50;232.99;6.53;744;59;2355.00;72
6078;58;627274909;6078;270;6821;6894;8.18;0.50;232.97;6.53;743;59;2356.00;73
6080;58;627274918;6080;267;6822;6894;8.16;0.50;232.93;6.54;742;59;2357.00;72
6082;58;627274931;6082;274;6826;6897;8.12;0.50;232.91;6.54;744;59;2358.00;71
6083;58;627274941;6083;266;6827;6897;8.02;0.49;232.89;6.55;744;59;2359.00;70
6083;58;627274950;6083;262;6828;6897;7.99;0.49;232.89;6.55;745;59;2360.00;69
6083;58;627274964;6083;262;6829;6897;7.97;0.49;232.89;6.56;746;59;2361.00;68
6085;58;627274978;6085;261;6834;6903;8.02;0.49;232.87;6.55;749;59;2362.00;69
6085;58;627274988;6085;261;6834;6903;8.05;0.49;232.87;6.55;749;59;2363.00;69
6089;58;627274997;6089;258;6836;6903;8.00;0.49;232.80;6.56;747;59;2364.00;67
6089;58;627275006;6089;259;6836;6903;8.02;0.49;232.80;6.56;747;59;2365.00;67
6089;58;627275016;6089;260;6840;6907;8.03;0.49;232.80;6.57;751;59;2366.00;67
6089;58;627275025;6089;254;6841;6908;8.09;0.49;232.80;6.56;752;59;2367.00;67
6091;58;627275040;6091;257;6844;6908;8.04;0.49;232.78;6.59;753;59;2368.00;64
6093;58;627275049;6093;252;6845;6909;7.99;0.49;232.84;6.59;752;59;2369.00;64
6094;58;627275060;6094;251;6845;6909;7.92;0.48;232.91;6.59;751;59;2370.00;64
6095;58;627275068;6095;253;6846;6909;7.92;0.48;232.89;6.60;751;59;2371.00;63
6100;58;627275077;6100;250;6846;6909;7.83;0.48;233.00;6.60;746;59;2372.00;63
6105;58;627275086;6105;254;6849;6909;7.79;0.47;233.00;6.61;744;59;2373.00;60
6108;58;627275095;6108;251;6849;6909;7.78;0.48;232.97;6.61;741;59;2374.00;60
6111;58;627275103;6111;248;6849;6909;7.75;0.47;233.03;6.61;738;59;2375.00;60
6115;58;627275112;6115;258;6890;6979;7.84;0.48;233.07;6.58;775;59;2376.00;89
6121;58;627275126;6121;258;6893;6980;7.79;0.48;233.08;6.58;772;59;2377.00;87
6123;58;627275136;6123;260;6902;6980;7.81;0.48;233.10;6.57;779;59;2378.00;78
6127;58;627275145;6127;260;6902;6980;7.72;0.47;233.11;6.57;775;59;2379.00;78
6130;58;627275153;6130;250;6911;6980;7.71;0.47;233.09;6.58;781;59;2380.00;69
6136;58;627275163;6136;247;6911;6980;7.68;0.47;233.07;6.58;775;59;2381.00;69
6140;58;627275173;6140;237;6915;6980;7.74;0.47;233.13;6.58;775;59;2382.00;65
6143;58;627275182;6143;231;6918;6980;7.81;0.48;233.12;6.58;775;59;2383.00;62
6148;58;627275192;6148;227;6920;6981;7.82;0.48;233.16;6.58;772;59;2384.00;61
6151;58;627275207;6151;233;6926;6983;7.85;0.48;233.18;6.58;775;59;2385.00;57
6158;58;627275217;6158;232;6927;6983;7.79;0.48;233.11;6.58;769;59;2386.00;56
6163;58;627275226;6163;231;6931;6987;7.81;0.48;233.15;6.58;768;59;2387.00;56
6168;58;627275237;6168;227;6931;6987;7.86;0.48;233.23;6.58;763;59;2388.00;56
6170;58;627275247;6170;221;6931;6987;8.03;0.49;233.21;6.58;761;59;2389.00;56
6173;58;627275257;6173;215;6931;6987;8.13;0.50;233.23;6.58;758;59;2390.00;56
6176;58;627275266;6176;211;6935;6993;8.20;0.51;233.27;6.57;759;59;2391.00;58
6180;58;627275277;6180;215;6936;6993;8.30;0.51;233.28;6.57;756;59;2392.00;57
6184;58;627275286;6184;212;6936;6993;8.37;0.52;233.27;6.57;752;59;2393.00;57
6191;58;627275296;6191;211;6938;6996;8.43;0.52;233.24;6.57;747;59;2394.00;58
6194;58;627275307;6194;211;6938;6996;8.54;0.53;233.35;6.57;744;59;2395.00;58
6198;58;627275318;6198;208;6939;6996;8.67;0.53;233.33;6.57;741;59;2396.00;57
6201;58;627275328;6201;204;6940;6997;8.79;0.54;233.29;6.57;739;59;2397.00;57
6209;58;627275338;6209;205;6941;6998;8.85;0.54;233.24;6.57;732;59;2398.00;57
6215;58;627275349;6215;198;6941;6998;8.89;0.54;233.27;6.57;726;59;2399.00;57
6219;58;627275362;6219;197;6965;7057;8.96;0.55;233.25;6.54;746;59;2400.00;92
6223;58;627275382;6223;182;6966;7057;9.09;0.56;233.35;6.54;743;59;2401.00;91
6229;58;627275394;6229;174;6968;7057;9.20;0.56;233.45;6.54;739;59;2402.00;89
6232;58;627275405;6232;178;6970;7058;9.36;0.57;233.46;6.54;738;59;2403.00;88
6238;58;627275416;6238;180;6971;7058;9.42;0.58;233.49;6.54;733;59;2404.00;87
6239;58;627275426;6239;187;6976;7062;9.47;0.58;233.50;6.54;737;59;2405.00;86
6244;58;627275438;6244;185;6976;7062;9.51;0.58;233.43;6.54;732;59;2406.00;86
6248;58;627275454;6248;191;6981;7066;9.55;0.58;233.48;6.54;733;59;2407.00;85
6256;58;627275465;6256;192;6981;7066;9.54;0.58;233.68;6.54;725;59;2408.00;85
6260;58;627275477;6260;194;6981;7066;9.59;0.59;233.75;6.54;721;59;2409.00;85
6264;58;627275488;6264;196;6981;7066;9.57;0.59;233.77;6.54;717;59;2410.00;85
6269;58;627275498;6269;198;6983;7066;9.55;0.58;233.70;6.54;714;59;2411.00;83
6274;58;627275509;6274;192;6991;7078;9.64;0.59;233.75;6.53;717;59;2412.00;87
6275;58;627275521;6275;194;6993;7078;9.67;0.59;233.75;6.53;718;59;2413.00;85
6279;58;627275532;6279;190;6994;7078;9.69;0.59;233.78;6.66;715;59;2414.00;84
6282;58;627275544;6282;193;6994;7078;9.66;0.59;233.74;6.66;712;59;2415.00;84
6286;58;627275554;6286;197;6995;7078;9.61;0.59;233.77;6.66;709;59;2416.00;83
6289;58;627275566;6289;197;6995;7078;9.57;0.58;233.79;6.66;706;59;2417.00;83
6291;58;627275576;6291;197;6995;7079;9.51;0.58;233.83;6.66;704;59;2418.00;84
6293;58;627275587;6293;204;6998;7079;9.46;0.58;233.88;6.66;705;59;2419.00;81
6298;58;627275598;6298;208;7001;7085;9.46;0.58;233.88;6.66;703;59;2420.00;84
6304;58;627275615;6304;214;7002;7086;9.46;0.58;233.97;6.66;698;59;2421.00;84
6307;58;627275632;6307;219;7003;7086;9.44;0.57;234.05;6.66;696;59;2422.00;83
6310;58;627275647;6310;217;7003;7086;9.45;0.57;234.05;6.66;693;59;2423.00;83
6313;58;627275663;6313;218;7004;7090;9.40;0.57;234.10;6.66;691;59;2424.00;86
6318;58;627275680;6318;220;7006;7090;9.37;0.57;234.15;6.66;688;59;2425.00;84
6320;59;627275695;6320;219;7006;7090;9.34;0.57;234.18;6.66;686;60;2426.00;84
6321;59;627275728;6321;210;7009;7091;9.35;0.57;234.21;6.67;688;60;2427.00;82
6326;59;627275744;6326;207;7013;7095;9.19;0.56;234.27;6.67;687;60;2428.00;82
6330;59;627275756;6330;203;7014;7095;9.16;0.56;234.34;6.67;684;60;2429.00;81
6331;59;627275770;6331;204;7018;7101;9.20;0.56;234.36;6.67;687;60;2430.00;83
6335;59;627275782;6335;209;7019;7101;9.24;0.56;234.42;6.67;684;60;2431.00;82
6338;59;627275794;6338;210;7019;7101;9.28;0.57;234.55;6.67;681;60;2432.00;82
6341;59;627275805;6341;215;7020;7101;9.36;0.57;234.56;6.67;679;60;2433.00;81
6347;59;627275818;6347;218;7024;7105;9.32;0.57;234.64;6.67;677;60;2434.00;81
6348;59;627275830;6348;220;7024;7105;9.40;0.57;234.62;6.67;676;60;2435.00;81
6353;59;627275848;6353;202;7024;7105;9.40;0.57;234.67;6.67;671;60;2436.00;81
6357;59;627275865;6357;190;7025;7105;9.34;0.57;234.70;6.67;668;60;2437.00;80
6360;59;627275876;6360;183;7026;7106;9.34;0.57;234.82;6.67;666;60;2438.00;80
6362;59;627275887;6362;171;7029;7107;9.38;0.57;234.81;6.67;667;60;2439.00;78
6366;59;627275899;6366;168;7029;7107;9.35;0.57;234.85;6.67;663;60;2440.00;78
6370;59;627275909;6370;163;7030;7108;9.46;0.57;234.84;6.67;660;60;2441.00;78
6372;59;627275928;6372;164;7030;7108;9.61;0.58;234.91;6.67;658;60;2442.00;78
6374;59;627275940;6374;165;7030;7108;9.71;0.59;234.95;6.67;656;60;2443.00;78
6376;59;627275950;6376;167;7030;7108;9.84;0.60;234.99;6.67;654;60;2444.00;78
6378;59;627275961;6378;162;7031;7108;9.89;0.60;235.00;6.68;653;60;2445.00;77
6380;59;627275972;6380;155;7031;7108;9.93;0.60;235.02;6.68;651;60;2446.00;77
6384;59;627275983;6384;155;7031;7108;10.01;0.61;235.04;6.68;647;60;2447.00;77
6387;59;627275994;6387;170;7092;7235;10.17;0.63;235.03;6.62;705;60;2448.00;143
6392;59;627276016;6392;154;7095;7236;10.14;0.62;235.05;6.62;703;60;2449.00;141
6393;59;627276026;6393;146;7100;7236;10.27;0.63;235.03;6.62;707;60;2450.00;136
6398;59;627276037;6398;145;7104;7236;10.26;0.63;235.04;6.62;706;60;2451.00;132
6400;59;627276065;6400;142;7110;7236;10.29;0.63;235.09;6.62;710;60;2452.00;126
6403;59;627276076;6403;144;7114;7236;10.33;0.63;235.05;6.74;711;60;2453.00;122
6406;59;627276087;6406;142;7118;7236;10.38;0.64;235.07;6.74;712;60;2454.00;118
6407;59;627276098;6407;143;7123;7236;10.34;0.63;235.10;6.74;716;60;2455.00;113
6411;59;627276109;6411;149;7127;7237;10.26;0.63;235.06;6.74;716;60;2456.00;110
6411;59;627276120;6411;155;7129;7238;10.22;0.63;235.06;6.75;718;60;2457.00;109
6415;59;627276133;6415;160;7133;7238;10.10;0.62;235.05;6.75;718;60;2458.00;105
6415;59;627276159;6415;162;7135;7239;10.05;0.61;235.05;6.75;720;60;2459.00;104
6415;59;627276178;6415;164;7137;7239;10.04;0.61;235.05;6.75;722;60;2460.00;102
6416;59;627276197;6416;174;7138;7239;10.09;0.62;235.12;6.75;722;60;2461.00;101
6417;59;627276208;6417;173;7141;7239;10.08;0.62;235.11;6.76;724;60;2462.00;98
6419;59;627276225;6419;178;7145;7243;10.06;0.62;235.11;6.76;726;60;2463.00;98
6424;59;627276236;6424;182;7148;7243;10.08;0.62;235.13;6.77;724;60;2464.00;95
6424;59;627276246;6424;184;7152;7243;10.14;0.62;235.13;6.77;728;60;2465.00;91
6425;59;627276257;6425;184;7154;7246;10.19;0.62;235.12;6.77;729;60;2466.00;92
6426;59;627276267;6426;184;7156;7246;10.23;0.62;235.11;6.77;730;60;2467.00;90
6427;59;627276278;6427;187;7158;7246;10.16;0.62;235.10;6.90;731;60;2468.00;88
6428;59;627276288;6428;197;7163;7250;10.10;0.62;235.11;6.91;735;60;2469.00;87
6431;59;627276298;6431;195;7165;7251;10.13;0.62;235.07;6.91;734;60;2470.00;86
6433;59;627276309;6433;200;7167;7251;10.18;0.62;235.03;6.91;734;60;2471.00;84
6435;59;627276319;6435;199;7168;7255;10.15;0.62;235.03;6.91;733;60;2472.00;87
6438;59;627276330;6438;196;7168;7255;10.12;0.62;235.02;6.91;730;60;2473.00;87
6442;59;627276341;6442;192;7170;7255;10.16;0.62;235.01;7.03;728;60;2474.00;85
6444;59;627276352;6444;198;7172;7257;10.18;0.62;234.96;7.03;728;60;2475.00;85
6447;59;627276363;6447;201;7173;7257;10.16;0.62;234.94;7.14;726;60;2476.00;84
6450;59;627276372;6450;202;7177;7263;10.13;0.62;234.90;7.14;727;60;2477.00;86
6454;59;627276384;6454;203;7177;7263;10.16;0.62;234.86;7.14;723;60;2478.00;86
6457;59;627276394;6457;204;7178;7264;10.19;0.62;234.94;7.14;721;60;2479.00;86
6458;59;627276403;6458;204;7178;7264;10.25;0.62;234.95;7.14;720;60;2480.00;86
6459;59;627276413;6459;205;7178;7264;10.24;0.63;234.96;7.14;719;60;2481.00;86
6464;59;627276422;6464;199;7179;7264;10.19;0.62;234.92;7.25;715;60;2482.00;85
6464;59;627276431;6464;197;7179;7264;10.13;0.62;234.92;7.25;715;60;2483.00;85
6465;59;627276440;6465;195;7189;7276;10.13;0.62;234.90;7.24;724;60;2484.00;87
6468;59;627276458;6468;194;7192;7276;10.11;0.62;234.88;7.38;724;60;2485.00;84
6471;59;627276470;6471;194;7193;7276;10.13;0.62;234.86;7.38;722;60;2486.00;83
6472;59;627276479;6472;194;7193;7276;10.17;0.62;234.95;7.38;721;60;2487.00;83
6476;59;627276489;6476;193;7194;7276;10.17;0.62;234.87;7.49;718;60;2488.00;82
6483;59;627276499;6483;199;7194;7276;10.20;0.62;234.78;7.49;711;60;2489.00;82
6484;59;627276511;6484;197;7197;7280;10.25;0.62;234.76;7.49;713;60;2490.00;83
6487;59;627276521;6487;193;7197;7280;10.27;0.62;234.77;7.49;710;60;2491.00;83
6488;59;627276531;6488;189;7201;7284;10.35;0.63;234.75;7.59;713;60;2492.00;83
6488;59;627276541;6488;195;7203;7285;10.35;0.63;234.75;7.59;715;60;2493.00;82
6490;59;627276551;6490;192;7203;7285;10.38;0.63;234.74;7.59;713;60;2494.00;82
6491;59;627276561;6491;194;7204;7285;10.41;0.63;234.73;7.69;713;60;2495.00;81
6495;59;627276570;6495;198;7214;7298;10.36;0.63;234.68;7.69;719;60;2496.00;84
6497;59;627276582;6497;194;7214;7298;10.33;0.63;234.68;7.69;717;60;2497.00;84
6499;59;627276592;6499;197;7214;7298;10.29;0.62;234.64;7.69;715;60;2498.00;84
6500;59;627276602;6500;189;7215;7299;10.21;0.62;234.71;7.69;715;60;2499.00;84
6503;59;627276613;6503;185;7215;7300;10.15;0.62;234.68;7.69;712;60;2500.00;85
6506;59;627276629;6506;179;7215;7300;10.16;0.62;234.62;7.69;709;60;2501.00;85
6507;59;627276639;6507;178;7218;7303;10.22;0.62;234.61;7.70;711;60;2502.00;85
6510;59;627276659;6510;175;7219;7303;10.26;0.62;234.68;7.70;709;60;2503.00;84
6510;59;627276670;6510;174;7219;7303;10.31;0.62;234.68;7.70;709;60;2504.00;84
6512;59;627276680;6512;174;7219;7303;10.38;0.63;234.65;7.70;707;60;2505.00;84
6513;59;627276690;6513;170;7223;7309;10.53;0.64;234.63;7.70;710;60;2506.00;86
6514;59;627276701;6514;167;7224;7309;10.54;0.64;234.61;7.70;710;60;2507.00;85
6516;59;627276711;6516;167;7226;7309;10.49;0.64;234.57;7.72;710;60;2508.00;83
6516;59;627276728;6516;167;7226;7309;10.49;0.64;234.57;7.72;710;60;2509.00;83
6516;59;627276739;6516;173;7231;7313;10.38;0.63;234.57;7.74;715;60;2510.00;82
6518;59;627276749;6518;180;7233;7314;10.28;0.62;234.60;7.75;715;60;2511.00;81
6518;59;627276759;6518;179;7234;7314;10.25;0.62;234.60;7.76;716;60;2512.00;80
6519;59;627276774;6519;180;7236;7315;10.15;0.62;234.58;7.76;717;60;2513.00;79
6520;59;627276784;6520;185;7237;7315;10.09;0.61;234.59;7.76;717;60;2514.00;78
6521;60;627276793;6521;186;7239;7315;10.03;0.61;234.66;7.79;718;61;2515.00;76
6521;60;627276815;6521;195;7242;7315;9.91;0.60;234.66;7.82;721;61;2516.00;73
6523;60;627276824;6523;195;7243;7315;9.79;0.60;234.68;7.83;720;61;2517.00;72
6524;60;627276833;6524;203;7244;7315;9.74;0.59;234.67;7.84;720;61;2518.00;71
6526;60;627276842;6526;204;7245;7315;9.72;0.59;234.70;7.85;719;61;2519.00;70
6527;60;627276852;6527;213;7300;7440;9.77;0.60;234.70;7.81;773;61;2520.00;140
6530;60;627276871;6530;211;7305;7441;9.68;0.60;234.72;7.81;775;61;2521.00;136
6533;60;627276881;6533;212;7317;7441;9.64;0.59;234.72;7.81;784;61;2522.00;124
6534;60;627276891;6534;214;7323;7441;9.57;0.59;234.71;7.81;789;61;2523.00;118
6536;60;627276900;6536;211;7331;7441;9.52;0.58;234.76;7.82;795;61;2524.00;110
6540;60;627276922;6540;217;7334;7441;9.40;0.58;234.96;7.82;794;61;2525.00;107
6542;60;627276932;6542;213;7341;7441;9.33;0.57;235.02;7.83;799;61;2526.00;100
6545;60;627276942;6545;217;7342;7441;9.33;0.57;235.04;7.83;797;61;2527.00;99
6547;60;627276952;6547;220;7351;7442;9.31;0.57;235.00;7.84;804;61;2528.00;91
6549;60;627276962;6549;218;7354;7443;9.26;0.57;235.07;7.84;805;61;2529.00;89
6551;60;627276973;6551;215;7359;7443;9.12;0.56;235.02;7.85;808;61;2530.00;84
6554;60;627276983;6554;215;7363;7447;9.04;0.55;235.10;7.85;809;61;2531.00;84
6557;60;627276994;6557;219;7367;7447;8.99;0.55;235.06;7.86;810;61;2532.00;80
6561;60;627277005;6561;220;7368;7447;8.92;0.55;235.14;7.86;807;61;2533.00;79
6565;60;627277015;6565;223;7368;7447;8.91;0.55;235.21;7.86;803;61;2534.00;79
6567;60;627277026;6567;222;7374;7453;8.96;0.55;235.27;7.87;807;61;2535.00;79
6571;60;627277037;6571;223;7376;7453;8.97;0.55;235.27;7.87;805;61;2536.00;77
6574;60;627277048;6574;229;7377;7455;8.96;0.55;235.30;7.87;803;61;2537.00;78
6579;60;627277058;6579;231;7382;7458;8.93;0.54;235.26;7.87;803;61;2538.00;76
6583;60;627277075;6583;235;7383;7458;8.91;0.54;235.29;7.88;800;61;2539.00;75
6585;60;627277087;6585;239;7383;7458;8.86;0.54;235.27;7.88;798;61;2540.00;75
6588;60;627277097;6588;247;7384;7459;8.78;0.53;235.26;7.89;796;61;2541.00;75
6596;60;627277108;6596;252;7386;7460;8.73;0.53;235.18;7.89;790;61;2542.00;74
6598;60;627277118;6598;261;7387;7460;8.66;0.53;235.22;7.89;789;61;2543.00;73
6604;60;627277128;6604;265;7399;7473;8.51;0.52;235.25;7.89;795;61;2544.00;74
6606;60;627277140;6606;266;7399;7473;8.47;0.52;235.23;7.89;793;61;2545.00;74
6609;60;627277151;6609;267;7402;7473;8.36;0.51;235.32;7.89;793;61;2546.00;71
6615;60;627277161;6615;270;7404;7474;8.19;0.50;235.33;7.90;789;61;2547.00;70
6616;60;627277172;6616;272;7404;7474;8.12;0.50;235.35;7.90;788;61;2548.00;70
6621;60;627277182;6621;281;7408;7478;7.97;0.49;235.35;7.90;787;61;2549.00;70
6624;60;627277194;6624;267;7410;7481;7.88;0.48;235.35;7.90;786;61;2550.00;71
6628;60;627277205;6628;261;7415;7485;7.83;0.48;235.34;7.90;787;61;2551.00;70
6633;60;627277216;6633;253;7416;7485;7.80;0.48;235.32;7.90;783;61;2552.00;69
6638;60;627277226;6638;252;7418;7485;7.76;0.48;235.26;7.90;780;61;2553.00;67
6642;60;627277237;6642;242;7419;7485;7.77;0.48;235.31;7.90;777;61;2554.00;66
6645;60;627277247;6645;234;7419;7485;7.80;0.48;235.37;7.90;774;61;2555.00;66
6648;60;627277257;6648;241;7430;7497;7.93;0.49;235.40;7.89;782;61;2556.00;67
6650;60;627277269;6650;233;7430;7497;8.02;0.49;235.45;7.89;780;61;2557.00;67
6654;60;627277279;6654;225;7430;7497;8.18;0.50;235.55;7.89;776;61;2558.00;67
6658;60;627277289;6658;227;7430;7497;8.26;0.51;235.59;7.89;772;61;2559.00;67
6662;60;627277299;6662;220;7430;7497;8.38;0.52;235.66;7.89;768;61;2560.00;67
6666;60;627277309;6666;218;7430;7497;8.49;0.52;235.77;7.89;764;61;2561.00;67
6670;60;627277319;6670;217;7430;7498;8.53;0.53;235.83;7.89;760;61;2562.00;68
6673;60;627277330;6673;219;7430;7498;8.59;0.53;235.89;7.89;757;61;2563.00;68
6678;60;627277340;6678;225;7434;7504;8.73;0.54;235.87;7.89;756;61;2564.00;70
6682;60;627277351;6682;220;7436;7506;8.84;0.54;235.87;7.89;754;61;2565.00;70
6687;60;627277362;6687;219;7437;7506;8.96;0.55;235.91;7.89;750;61;2566.00;69
6690;60;627277373;6690;219;7437;7506;9.12;0.56;235.93;7.89;747;61;2567.00;69
6695;60;627277383;6695;219;7440;7510;9.18;0.57;235.97;7.88;745;61;2568.00;70
6699;60;627277394;6699;211;7440;7510;9.24;0.57;235.91;7.88;741;61;2569.00;70
6702;60;627277404;6702;209;7440;7510;9.31;0.57;235.95;7.88;738;61;2570.00;70
6705;60;627277415;6705;200;7441;7511;9.29;0.57;235.93;7.88;736;61;2571.00;70
6710;60;627277425;6710;202;7444;7515;9.30;0.57;235.98;7.88;734;61;2572.00;71
6715;60;627277437;6715;198;7444;7515;9.28;0.57;236.03;7.88;729;61;2573.00;71
6723;60;627277447;6723;191;7446;7518;9.36;0.57;235.98;7.88;723;61;2574.00;72
6729;60;627277459;6729;191;7447;7518;9.43;0.58;236.02;7.88;718;61;2575.00;71
6734;60;627277470;6734;192;7447;7518;9.44;0.58;236.07;7.88;713;61;2576.00;71
6738;60;627277481;6738;188;7447;7518;9.43;0.58;236.17;7.88;709;61;2577.00;71
6743;60;627277492;6743;192;7450;7522;9.45;0.58;236.33;7.87;707;61;2578.00;72
6749;60;627277503;6749;189;7450;7522;9.37;0.57;236.34;7.87;701;61;2579.00;72
6751;60;627277515;6751;186;7451;7522;9.34;0.57;236.33;7.87;700;61;2580.00;71
6755;60;627277525;6755;190;7451;7522;9.32;0.57;236.39;7.87;696;61;2581.00;71
6762;60;627277536;6762;194;7451;7523;9.31;0.57;236.36;7.87;689;61;2582.00;72
6766;60;627277547;6766;196;7452;7524;9.32;0.57;236.37;7.87;686;61;2583.00;72
6770;60;627277557;6770;199;7452;7524;9.35;0.57;236.38;7.87;682;61;2584.00;72
6777;60;627277567;6777;197;7453;7525;9.37;0.57;236.46;7.87;676;61;2585.00;72
6781;60;627277578;6781;197;7453;7525;9.43;0.58;236.35;7.87;672;61;2586.00;72
6785;60;627277588;6785;201;7453;7525;9.46;0.58;236.34;7.87;668;61;2587.00;72
6788;60;627277599;6788;210;7453;7525;9.43;0.58;236.37;7.87;665;61;2588.00;72
6792;60;627277609;6792;214;7453;7525;9.41;0.57;236.37;7.87;661;61;2589.00;72
6794;60;627277619;6794;215;7453;7525;9.33;0.57;236.41;7.87;659;61;2590.00;72
6799;60;627277634;6799;221;7453;7525;9.22;0.56;236.45;7.87;654;61;2591.00;72
6802;60;627277650;6802;243;7518;7652;9.25;0.57;236.52;7.80;716;61;2592.00;134
6806;60;627277684;6806;234;7521;7653;9.13;0.56;236.46;7.80;715;61;2593.00;132
6810;60;627277699;6810;238;7530;7653;9.10;0.56;236.50;7.79;720;61;2594.00;123
6815;60;627277714;6815;241;7533;7653;8.97;0.55;236.52;7.79;718;61;2595.00;120
6818;60;627277730;6818;249;7537;7653;8.93;0.55;236.57;7.79;719;61;2596.00;116
6822;60;627277745;6822;238;7541;7653;8.89;0.55;236.58;7.79;719;61;2597.00;112
6823;60;627277757;6823;235;7545;7653;8.82;0.54;236.61;7.79;722;61;2598.00;108
6828;60;627277769;6828;233;7549;7653;8.77;0.54;236.75;7.79;721;61;2599.00;104
6831;60;627277781;6831;241;7554;7654;8.78;0.54;236.74;7.79;723;61;2600.00;100
6833;60;627277808;6833;243;7556;7655;8.79;0.54;236.80;7.79;723;61;2601.00;99
6835;60;627277828;6835;238;7561;7655;8.81;0.54;236.77;7.79;726;61;2602.00;94
6836;60;627277840;6836;237;7564;7656;8.74;0.54;236.76;7.79;728;61;2603.00;92
6838;60;627277851;6838;235;7566;7656;8.70;0.54;236.84;7.79;728;61;2604.00;90
6843;60;627277862;6843;239;7567;7656;8.68;0.53;236.98;7.79;724;61;2605.00;89
6846;60;627277873;6846;228;7569;7656;8.73;0.54;237.01;7.79;723;61;2606.00;87
6848;60;627277885;6848;219;7572;7660;8.82;0.54;237.04;7.79;724;61;2607.00;88
6853;60;627277896;6853;210;7574;7660;8.95;0.55;237.05;7.79;721;61;2608.00;86
6856;60;627277907;6856;201;7574;7660;9.00;0.55;237.10;7.79;718;61;2609.00;86
6860;60;627277921;6860;197;7578;7666;9.10;0.56;237.06;7.79;718;61;2610.00;88
6862;60;627277933;6862;194;7579;7666;9.20;0.56;237.03;7.79;717;61;2611.00;87
6865;60;627277946;6865;183;7579;7666;9.21;0.56;237.01;7.79;714;61;2612.00;87
6867;60;627277956;6867;182;7583;7670;9.28;0.57;237.02;7.79;716;61;2613.00;87
6867;60;627277968;6867;185;7584;7671;9.34;0.57;237.02;7.79;717;61;2614.00;87
6867;60;627277986;6867;183;7585;7671;9.35;0.57;237.02;7.79;718;61;2615.00;86
6868;60;627277997;6868;177;7589;7675;9.38;0.57;237.01;7.78;721;61;2616.00;86
6868;60;627278009;6868;180;7589;7675;9.39;0.57;237.01;7.78;721;61;2617.00;86
6870;60;627278020;6870;177;7590;7675;9.44;0.58;237.00;7.78;720;61;2618.00;85
6872;60;627278030;6872;178;7592;7676;9.50;0.58;236.97;7.89;720;61;2619.00;84
6873;60;627278042;6873;174;7592;7676;9.55;0.58;236.95;7.89;719;61;2620.00;84
6875;60;627278053;6875;179;7596;7682;9.57;0.58;236.95;7.89;721;61;2621.00;86
6876;60;627278064;6876;178;7597;7682;9.69;0.59;236.93;7.88;721;61;2622.00;85
6878;60;627278074;6878;179;7597;7683;9.72;0.59;236.89;7.88;719;61;2623.00;86
6881;60;627278085;6881;177;7597;7683;9.74;0.59;236.89;7.88;716;61;2624.00;86
6882;60;627278096;6882;184;7597;7683;9.76;0.59;236.88;7.88;715;61;2625.00;86
6885;60;627278106;6885;180;7597;7683;9.83;0.60;236.86;7.88;712;61;2626.00;86
6888;60;627278116;6888;185;7597;7683;9.86;0.60;236.88;7.88;709;61;2627.00;86
6888;60;627278134;6888;184;7607;7695;9.94;0.61;236.88;7.87;719;61;2628.00;88
6890;60;627278152;6890;186;7608;7695;10.04;0.61;236.85;7.87;718;61;2629.00;87
6890;60;627278164;6890;192;7608;7695;10.15;0.62;236.85;7.87;718;61;2630.00;87
6893;60;627278182;6893;197;7608;7695;10.22;0.63;236.80;7.87;715;61;2631.00;87
6895;61;627278200;6895;197;7608;7695;10.26;0.63;236.77;7.87;713;62;2632.00;87
6899;61;627278223;6899;195;7608;7695;10.21;0.62;236.73;7.87;709;62;2633.00;87
6904;61;627278234;6904;196;7611;7699;10.14;0.62;236.75;7.87;707;62;2634.00;88
6907;61;627278245;6907;197;7611;7699;10.15;0.62;236.79;7.87;704;62;2635.00;88
6909;61;627278256;6909;201;7614;7703;10.17;0.62;236.80;7.87;705;62;2636.00;89
6911;61;627278266;6911;203;7615;7704;10.19;0.62;236.77;7.87;704;62;2637.00;89
6914;61;627278276;6914;207;7616;7704;10.24;0.62;236.75;7.87;702;62;2638.00;88
6915;61;627278286;6915;207;7616;7704;10.32;0.63;236.74;7.87;701;62;2639.00;88
6916;61;627278298;6916;214;7635;7733;10.31;0.63;236.72;7.85;719;62;2640.00;98
6919;61;627278310;6919;211;7636;7733;10.33;0.63;236.70;7.85;717;62;2641.00;97
6921;61;627278320;6921;211;7639;7733;10.34;0.63;236.71;7.84;718;62;2642.00;94
6924;61;627278329;6924;207;7641;7734;10.37;0.63;236.70;7.84;717;62;2643.00;93
6925;61;627278339;6925;208;7642;7735;10.44;0.63;236.71;7.84;717;62;2644.00;93
6930;61;627278349;6930;212;7642;7735;10.49;0.64;236.68;7.84;712;62;2645.00;93
6930;61;627278358;6930;212;7645;7738;10.51;0.64;236.68;7.84;715;62;2646.00;93
6931;61;627278368;6931;214;7645;7738;10.42;0.63;236.67;7.84;714;62;2647.00;93
6934;61;627278377;6934;217;7645;7738;10.35;0.63;236.66;7.84;711;62;2648.00;93
6937;61;627278387;6937;215;7645;7738;10.27;0.62;236.64;7.84;708;62;2649.00;93
6937;61;627278398;6937;214;7649;7744;10.24;0.62;236.64;7.83;712;62;2650.00;95
6939;61;627278408;6939;198;7649;7744;10.21;0.62;236.62;7.83;710;62;2651.00;95
6940;61;627278417;6940;182;7650;7744;10.32;0.63;236.62;7.83;710;62;2652.00;94
6943;61;627278427;6943;176;7650;7744;10.36;0.63;236.59;7.83;707;62;2653.00;94
6946;61;627278436;6946;161;7654;7748;10.45;0.63;236.58;7.85;708;62;2654.00;94
6949;61;627278448;6949;152;7657;7750;10.56;0.64;236.57;7.86;708;62;2655.00;93
6949;61;627278458;6949;142;7657;7750;10.67;0.65;236.57;7.86;708;62;2656.00;93
6951;61;627278467;6951;137;7658;7751;10.82;0.66;236.59;7.86;707;62;2657.00;93
6953;61;627278484;6953;130;7658;7751;10.90;0.66;236.67;7.86;705;62;2658.00;93
6954;61;627278502;6954;129;7658;7751;11.02;0.67;236.65;7.86;704;62;2659.00;93
6956;61;627278512;6956;126;7660;7751;11.13;0.68;236.61;7.98;704;62;2660.00;91
6959;61;627278522;6959;123;7660;7751;11.21;0.68;236.55;7.98;701;62;2661.00;91
6960;61;627278545;6960;123;7660;7751;11.35;0.69;236.55;7.98;700;62;2662.00;91
6961;61;627278573;6961;121;7660;7751;11.47;0.70;236.52;7.98;699;62;2663.00;91
6966;61;627278583;6966;120;7695;7821;11.51;0.70;236.49;7.94;729;62;2664.00;126
6967;61;627278600;6967;121;7697;7822;11.52;0.70;236.46;7.94;730;62;2665.00;125
6971;61;627278612;6971;122;7705;7822;11.56;0.70;236.37;7.94;734;62;2666.00;117
6971;61;627278623;6971;123;7708;7822;11.58;0.71;236.37;7.93;737;62;2667.00;114
6971;61;627278636;6971;123;7712;7822;11.62;0.71;236.37;7.93;741;62;2668.00;110
6974;61;627278647;6974;128;7714;7822;11.66;0.71;236.32;7.93;740;62;2669.00;108
6975;61;627278661;6975;126;7719;7822;11.63;0.71;236.31;7.93;744;62;2670.00;103
6977;61;627278671;6977;129;7720;7822;11.61;0.71;236.31;7.93;743;62;2671.00;102
6978;61;627278683;6978;129;7723;7823;11.63;0.71;236.30;7.93;745;62;2672.00;100
6982;61;627278694;6982;127;7725;7824;11.55;0.70;236.27;7.93;743;62;2673.00;99
6986;61;627278705;6986;128;7728;7824;11.41;0.69;236.34;7.93;742;62;2674.00;96
6987;61;627278716;6987;131;7731;7828;11.28;0.69;236.32;7.93;744;62;2675.00;97
6991;61;627278726;6991;137;7732;7828;11.19;0.68;236.33;7.94;741;62;2676.00;96
6996;61;627278737;6996;133;7732;7828;11.02;0.67;236.33;7.94;736;62;2677.00;96
6998;61;627278748;6998;145;7732;7828;10.91;0.66;236.34;7.94;734;62;2678.00;96
7001;61;627278759;7001;150;7736;7834;10.89;0.66;236.31;7.94;735;62;2679.00;98
7003;61;627278771;7003;156;7739;7834;10.76;0.65;236.34;7.96;736;62;2680.00;95
7006;61;627278781;7006;164;7739;7834;10.59;0.64;236.33;7.96;733;62;2681.00;95
7009;61;627278796;7009;178;7742;7837;10.56;0.64;236.33;7.96;733;62;2682.00;95
7012;61;627278807;7012;187;7744;7837;10.45;0.64;236.32;7.98;732;62;2683.00;93
7017;61;627278817;7017;193;7744;7837;10.40;0.63;236.39;7.98;727;62;2684.00;93
7020;61;627278828;7020;196;7745;7838;10.32;0.63;236.43;7.99;725;62;2685.00;93
7023;61;627278839;7023;200;7747;7839;10.22;0.62;236.49;8.01;724;62;2686.00;92
7025;61;627278849;7025;205;7748;7839;10.11;0.62;236.60;8.02;723;62;2687.00;91
7028;61;627278858;7028;212;7759;7852;10.00;0.61;236.65;8.02;731;62;2688.00;93
7032;61;627278869;7032;214;7760;7852;9.90;0.60;236.61;8.02;728;62;2689.00;92
7036;61;627278878;7036;214;7762;7852;9.84;0.60;236.59;8.04;726;62;2690.00;90
7040;61;627278888;7040;225;7764;7853;9.85;0.60;236.58;8.04;724;62;2691.00;89
7041;61;627278898;7041;228;7765;7853;9.86;0.60;236.59;8.05;724;62;2692.00;88
7044;61;627278908;7044;231;7769;7857;9.88;0.60;236.58;8.05;725;62;2693.00;88
7048;61;627278918;7048;238;7770;7857;9.86;0.60;236.58;8.06;722;62;2694.00;87
7049;61;627278928;7049;240;7776;7861;9.81;0.60;236.57;8.07;727;62;2695.00;85
7054;61;627278938;7054;243;7776;7861;9.70;0.59;236.58;8.07;722;62;2696.00;85
7057;61;627278947;7057;249;7777;7861;9.57;0.58;236.58;8.09;720;62;2697.00;84
7060;61;627278957;7060;248;7778;7861;9.38;0.57;236.60;8.09;718;62;2698.00;83
7064;61;627278967;7064;243;7778;7861;9.22;0.56;236.55;8.09;714;62;2699.00;83
7065;61;627278979;7065;241;7801;7910;9.15;0.56;236.55;8.08;736;62;2700.00;109
7067;61;627278996;7067;240;7803;7910;9.01;0.55;236.54;8.07;736;62;2701.00;107
7070;61;627279006;7070;239;7807;7910;8.91;0.55;236.56;8.08;737;62;2702.00;103
7073;61;627279016;7073;238;7809;7910;8.86;0.54;236.55;8.08;736;62;2703.00;101
7075;61;627279025;7075;241;7812;7910;8.79;0.54;236.52;8.09;737;62;2704.00;98
7078;61;627279035;7078;237;7813;7910;8.82;0.54;236.49;8.09;735;62;2705.00;97
7079;61;627279045;7079;237;7816;7911;8.82;0.54;236.49;8.11;737;62;2706.00;95
7082;61;627279055;7082;236;7817;7911;8.77;0.54;236.46;8.11;735;62;2707.00;94
7084;61;627279065;7084;237;7822;7917;8.77;0.54;236.46;8.11;738;62;2708.00;95
7085;61;627279075;7085;239;7824;7918;8.77;0.54;236.50;8.12;739;62;2709.00;94
7086;61;627279085;7086;242;7825;7918;8.75;0.53;236.51;8.12;739;62;2710.00;93
7088;61;627279095;7088;247;7827;7918;8.65;0.53;236.55;8.13;739;62;2711.00;91
7094;61;627279104;7094;254;7831;7922;8.53;0.52;236.50;8.13;737;62;2712.00;91
7096;61;627279114;7096;260;7833;7922;8.44;0.52;236.50;8.14;737;62;2713.00;89
7101;61;627279123;7101;260;7834;7922;8.40;0.51;236.49;8.15;733;62;2714.00;88
7106;61;627279133;7106;263;7835;7923;8.38;0.51;236.51;8.15;729;62;2715.00;88
7111;61;627279143;7111;264;7841;7927;8.24;0.50;236.51;8.15;730;62;2716.00;86
7115;61;627279152;7115;267;7841;7927;8.16;0.50;236.51;8.15;726;62;2717.00;86
7118;61;627279162;7118;263;7843;7930;8.14;0.50;236.55;8.15;725;62;2718.00;87
7125;61;627279171;7125;275;7846;7930;8.00;0.49;236.61;8.16;721;62;2719.00;84
7128;61;627279180;7128;266;7846;7930;7.94;0.48;236.68;8.16;718;62;2720.00;84
7131;61;627279190;7131;254;7846;7930;7.88;0.48;236.70;8.16;715;62;2721.00;84
7134;61;627279199;7134;249;7851;7934;7.86;0.48;236.70;8.17;717;62;2722.00;83
7137;61;627279208;7137;251;7851;7934;7.89;0.48;236.73;8.17;714;62;2723.00;83
7140;61;627279216;7140;252;7851;7934;7.87;0.48;236.78;8.17;711;62;2724.00;83
7144;61;627279225;7144;255;7854;7934;7.84;0.48;236.84;8.18;710;62;2725.00;80
7147;61;627279239;7147;252;7854;7935;7.82;0.48;236.86;8.18;707;62;2726.00;81
7153;61;627279255;7153;242;7857;7936;7.79;0.47;236.89;8.18;704;62;2727.00;79
7159;61;627279265;7159;238;7858;7936;7.77;0.47;236.87;8.18;699;62;2728.00;78
7161;61;627279274;7161;227;7861;7937;7.85;0.48;236.92;8.18;700;62;2729.00;76
7163;61;627279285;7163;227;7861;7937;7.92;0.48;236.96;8.18;698;62;2730.00;76
7166;61;627279293;7166;226;7862;7937;8.01;0.49;236.99;8.19;696;62;2731.00;75
7167;61;627279302;7167;225;7862;7937;8.12;0.49;237.00;8.19;695;62;2732.00;75
7172;61;627279311;7172;225;7864;7937;8.09;0.49;237.09;8.19;692;62;2733.00;73
7177;61;627279320;7177;221;7865;7937;8.08;0.49;237.10;8.19;688;62;2734.00;72
7181;61;627279330;7181;215;7867;7937;8.14;0.50;237.07;8.19;686;62;2735.00;70
7185;61;627279339;7185;225;7934;8064;8.41;0.52;237.12;8.13;749;62;2736.00;130
7188;61;627279358;7188;222;7938;8065;8.42;0.52;237.13;8.12;750;62;2737.00;127
7192;61;627279368;7192;225;7943;8065;8.45;0.52;237.17;8.12;751;62;2738.00;122
7194;61;627279377;7194;226;7946;8065;8.45;0.52;237.20;8.12;752;62;2739.00;119
7197;61;627279387;7197;226;7953;8065;8.50;0.53;237.24;8.12;756;62;2740.00;112
7199;61;627279396;7199;233;7957;8065;8.56;0.53;237.25;8.12;758;62;2741.00;108
7203;61;627279405;7203;234;7960;8065;8.53;0.53;237.32;8.12;757;62;2742.00;105
7205;61;627279421;7205;237;7962;8065;8.48;0.53;237.34;8.12;757;62;2743.00;103
7212;61;627279431;7212;238;7966;8066;8.36;0.52;237.36;8.12;754;62;2744.00;100
7216;61;627279441;7216;231;7969;8068;8.29;0.51;237.37;8.12;753;62;2745.00;99
7221;61;627279451;7221;230;7971;8068;8.23;0.51;237.39;8.12;750;62;2746.00;97
7229;61;627279461;7229;237;7977;8069;8.18;0.51;237.37;8.12;748;62;2747.00;92
7232;61;627279472;7232;238;7978;8069;8.20;0.51;237.36;8.12;746;62;2748.00;91
7237;61;627279482;7237;235;7981;8069;8.24;0.51;237.41;8.12;744;62;2749.00;88
7242;61;627279493;7242;232;7981;8069;8.24;0.51;237.48;8.12;739;62;2750.00;88
7246;61;627279503;7246;233;7985;8073;8.25;0.51;237.46;8.12;739;62;2751.00;88
7251;61;627279514;7251;242;7987;8073;8.20;0.50;237.49;8.12;736;62;2752.00;86
7256;61;627279524;7256;249;7988;8073;8.16;0.50;237.52;8.12;732;62;2753.00;85
7259;61;627279534;7259;241;7992;8076;8.14;0.50;237.55;8.12;733;62;2754.00;84
7262;61;627279544;7262;248;7995;8076;8.08;0.50;237.53;8.12;733;62;2755.00;81
7265;61;627279554;7265;248;7997;8076;8.08;0.49;237.50;8.12;732;62;2756.00;79
7270;61;627279565;7270;258;8000;8080;8.10;0.50;237.64;8.12;730;62;2757.00;80
7273;61;627279575;7273;260;8001;8081;8.09;0.49;237.63;8.12;728;62;2758.00;80
7277;61;627279585;7277;275;8001;8081;8.01;0.49;237.65;8.12;724;62;2759.00;80
7279;61;627279596;7279;285;8005;8086;7.98;0.49;237.60;8.12;726;62;2760.00;81
7281;61;627279606;7281;288;8005;8086;7.97;0.49;237.58;8.12;724;62;2761.00;81
7283;61;627279616;7283;298;8005;8086;7.93;0.48;237.55;8.12;722;62;2762.00;81
7284;61;627279625;7284;304;8006;8087;7.88;0.48;237.53;8.12;722;62;2763.00;81
7287;61;627279641;7287;310;8006;8087;7.80;0.48;237.57;8.12;719;62;2764.00;81
7288;61;627279657;7288;310;8010;8093;7.71;0.47;237.59;8.11;722;62;2765.00;83
7289;61;627279673;7289;316;8010;8093;7.69;0.47;237.60;8.11;721;62;2766.00;83
7289;61;627279693;7289;307;8011;8094;7.62;0.47;237.60;8.11;722;62;2767.00;83
7294;61;627279708;7294;302;8011;8094;7.52;0.46;237.59;8.11;717;62;2768.00;83
7298;61;627279722;7298;298;8011;8094;7.49;0.46;237.63;8.11;713;62;2769.00;83
7301;61;627279737;7301;294;8011;8094;7.52;0.46;237.62;8.11;710;62;2770.00;83
7303;61;627279749;7303;293;8011;8094;7.58;0.46;237.59;8.11;708;62;2771.00;83
7304;61;627279760;7304;294;8021;8106;7.75;0.47;237.67;8.10;717;62;2772.00;85
7306;61;627279772;7306;292;8021;8106;7.81;0.47;237.67;8.10;715;62;2773.00;85
7307;61;627279782;7307;292;8022;8106;7.88;0.48;237.65;8.10;715;62;2774.00;84
7309;61;627279792;7309;289;8022;8106;7.95;0.48;237.64;8.10;713;62;2775.00;84
7310;61;627279802;7310;269;8022;8106;8.02;0.49;237.68;8.10;712;62;2776.00;84
7313;61;627279819;7313;255;8022;8106;8.08;0.49;237.65;8.10;709;62;2777.00;84
7314;61;627279830;7314;246;8025;8110;8.13;0.50;237.62;8.10;711;62;2778.00;85
7316;62;627279841;7316;238;8025;8110;8.27;0.51;237.69;8.10;709;63;2779.00;85
7318;62;627279870;7318;236;8028;8114;8.37;0.51;237.72;8.09;710;63;2780.00;86
7323;62;627279882;7323;227;8029;8115;8.44;0.51;237.63;8.09;706;63;2781.00;86
7324;62;627279893;7324;225;8030;8115;8.51;0.52;237.66;8.09;706;63;2782.00;85
7328;62;627279904;7328;227;8030;8115;8.52;0.52;237.61;8.09;702;63;2783.00;85
7330;62;627279914;7330;230;8041;8128;8.57;0.52;237.60;8.08;711;63;2784.00;87
7332;62;627279926;7332;233;8041;8128;8.63;0.52;237.56;8.08;709;63;2785.00;87
7334;62;627279937;7334;237;8041;8128;8.66;0.53;237.55;8.08;707;63;2786.00;87
7335;62;627279947;7335;237;8042;8129;8.71;0.53;237.53;8.08;707;63;2787.00;87
7335;62;627279957;7335;239;8042;8130;8.82;0.54;237.53;8.08;707;63;2788.00;88
7336;62;627279967;7336;236;8042;8130;8.94;0.54;237.51;8.08;706;63;2789.00;88
7337;62;627279981;7337;235;8045;8136;9.06;0.55;237.50;8.08;708;63;2790.00;91
7338;62;627279991;7338;231;8046;8136;9.17;0.56;237.48;8.08;708;63;2791.00;90
7338;62;627280000;7338;226;8046;8136;9.15;0.56;237.48;8.08;708;63;2792.00;90
7339;62;627280010;7339;225;8047;8136;9.13;0.56;237.46;8.08;708;63;2793.00;89
7341;62;627280020;7341;226;8050;8142;9.02;0.55;237.43;8.07;709;63;2794.00;92
7342;62;627280030;7342;232;8051;8142;9.03;0.55;237.42;8.07;709;63;2795.00;91
7345;62;627280039;7345;236;8051;8142;8.99;0.55;237.44;8.07;706;63;2796.00;91
7349;62;627280049;7349;239;8052;8142;9.06;0.55;237.45;8.07;703;63;2797.00;90
7353;62;627280058;7353;237;8055;8146;9.10;0.55;237.40;8.07;702;63;2798.00;91
7356;62;627280069;7356;233;8057;8147;9.16;0.56;237.39;8.07;701;63;2799.00;90
7357;62;627280079;7357;230;8057;8147;9.19;0.56;237.41;8.07;700;63;2800.00;90
7358;62;627280093;7358;233;8058;8148;9.18;0.56;237.38;8.07;700;63;2801.00;90
7359;62;627280102;7359;236;8058;8148;9.18;0.56;237.36;8.07;699;63;2802.00;90
7360;62;627280112;7360;221;8058;8148;9.22;0.56;237.37;8.07;698;63;2803.00;90
7360;62;627280121;7360;215;8058;8148;9.31;0.57;237.37;8.07;698;63;2804.00;90
7362;63;627280131;7362;207;8058;8148;9.41;0.57;237.36;8.07;696;64;2805.00;90
7363;63;627280155;7363;203;8058;8148;9.62;0.58;237.33;8.07;695;64;2806.00;90
7364;63;627280171;7364;197;8058;8148;9.80;0.59;237.32;8.07;694;64;2807.00;90
7366;63;627280182;7366;206;8099;8218;9.72;0.59;237.33;8.03;733;64;2808.00;119
7367;63;627280218;7367;189;8099;8219;9.88;0.60;237.33;8.03;732;64;2809.00;120
7367;63;627280232;7367;176;8105;8219;10.08;0.61;237.33;8.02;738;64;2810.00;114
7368;63;627280243;7368;171;8108;8219;10.24;0.62;237.32;8.02;740;64;2811.00;111
7370;63;627280255;7370;166;8111;8219;10.43;0.63;237.31;8.02;741;64;2812.00;108
7371;63;627280273;7371;161;8116;8219;10.67;0.65;237.32;8.02;745;64;2813.00;103
7371;63;627280284;7371;154;8121;8219;10.78;0.66;237.32;8.14;750;64;2814.00;98
7375;63;627280302;7375;151;8123;8219;10.91;0.66;237.32;8.14;748;64;2815.00;96
7376;63;627280313;7376;151;8125;8220;11.04;0.67;237.31;8.14;749;64;2816.00;95
7378;63;627280324;7378;154;8126;8221;11.14;0.68;237.31;8.14;748;64;2817.00;95
7380;63;627280335;7380;157;8127;8221;11.15;0.68;237.30;8.14;747;64;2818.00;94
7382;63;627280346;7382;156;8130;8225;11.11;0.68;237.28;8.14;748;64;2819.00;95
7385;63;627280358;7385;145;8130;8225;11.08;0.67;237.26;8.14;745;64;2820.00;95
7386;63;627280369;7386;139;8130;8225;11.12;0.68;237.27;8.14;744;64;2821.00;95
7387;63;627280379;7387;136;8130;8225;11.09;0.67;237.26;8.14;743;64;2822.00;95
7388;63;627280390;7388;134;8133;8231;11.12;0.68;237.28;8.13;745;64;2823.00;98
7391;63;627280401;7391;128;8133;8231;11.14;0.68;237.30;8.13;742;64;2824.00;98
7396;63;627280411;7396;127;8136;8231;11.11;0.67;237.39;8.15;740;64;2825.00;95
7397;63;627280424;7397;127;8138;8234;11.19;0.68;237.41;8.15;741;64;2826.00;96
7403;63;627280435;7403;126;8138;8234;11.26;0.68;237.39;8.15;735;64;2827.00;96
7409;63;627280447;7409;130;8139;8234;11.32;0.69;237.35;8.15;730;64;2828.00;95
7416;63;627280458;7416;128;8140;8235;11.40;0.69;237.31;8.28;724;64;2829.00;95
7417;63;627280470;7417;128;8141;8236;11.43;0.69;237.29;8.27;724;64;2830.00;95
7419;63;627280481;7419;123;8141;8236;11.45;0.69;237.37;8.27;722;64;2831.00;95
7424;63;627280492;7424;125;8151;8249;11.45;0.69;237.41;8.27;727;64;2832.00;98
7428;63;627280504;7428;126;8151;8249;11.49;0.70;237.41;8.27;723;64;2833.00;98
7432;63;627280515;7432;128;8151;8249;11.50;0.70;237.41;8.27;719;64;2834.00;98
7433;63;627280526;7433;132;8153;8251;11.55;0.70;237.43;8.26;720;64;2835.00;98
7435;63;627280537;7435;138;8153;8251;11.51;0.70;237.43;8.26;718;64;2836.00;98
7439;63;627280548;7439;139;8156;8255;11.55;0.70;237.46;8.26;717;64;2837.00;99
7441;63;627280560;7441;142;8158;8255;11.60;0.70;237.50;8.26;717;64;2838.00;97
7444;63;627280571;7444;143;8161;8259;11.65;0.70;237.53;8.26;717;64;2839.00;98
7447;63;627280582;7447;147;8162;8259;11.69;0.71;237.59;8.26;715;64;2840.00;97
7448;63;627280594;7448;144;8162;8259;11.63;0.70;237.59;8.26;714;64;2841.00;97
7450;63;627280612;7450;146;8162;8259;11.59;0.70;237.61;8.26;712;64;2842.00;97
7452;63;627280623;7452;149;8162;8259;11.50;0.70;237.66;8.26;710;64;2843.00;97
7455;63;627280635;7455;150;8171;8271;11.34;0.69;237.64;8.25;716;64;2844.00;100
7458;63;627280648;7458;148;8172;8271;11.26;0.68;237.66;8.25;714;64;2845.00;99
7462;63;627280659;7462;154;8173;8271;11.18;0.68;237.68;8.25;711;64;2846.00;98
7465;63;627280670;7465;156;8173;8271;11.15;0.67;237.70;8.25;708;64;2847.00;98
7467;63;627280681;7467;162;8173;8271;11.16;0.67;237.68;8.25;706;64;2848.00;98
7469;63;627280692;7469;163;8174;8271;11.14;0.67;237.66;8.26;705;64;2849.00;97
7471;63;627280704;7471;167;8176;8274;11.08;0.67;237.74;8.26;705;64;2850.00;98
7474;63;627280715;7474;171;8177;8274;11.01;0.67;237.71;8.27;703;64;2851.00;97
7479;63;627280725;7479;169;8182;8280;10.99;0.67;237.70;8.28;703;64;2852.00;98
7480;63;627280736;7480;163;8184;8281;10.97;0.67;237.71;8.28;704;64;2853.00;97
7482;63;627280747;7482;166;8185;8281;10.96;0.67;237.69;8.29;703;64;2854.00;96
7485;63;627280758;7485;166;8186;8281;10.94;0.66;237.70;8.30;701;64;2855.00;95
7486;63;627280768;7486;170;8190;8285;10.91;0.66;237.68;8.32;704;64;2856.00;95
7490;63;627280779;7490;173;8190;8285;10.84;0.66;237.65;8.32;700;64;2857.00;95
7493;63;627280789;7493;175;8192;8285;10.81;0.66;237.65;8.34;699;64;2858.00;93
7495;63;627280799;7495;183;8194;8286;10.76;0.65;237.64;8.35;699;64;2859.00;92
7496;63;627280809;7496;192;8198;8290;10.70;0.65;237.66;8.35;702;64;2860.00;92
7498;63;627280819;7498;192;8198;8290;10.66;0.65;237.67;8.35;700;64;2861.00;92
7499;63;627280829;7499;203;8203;8293;10.68;0.65;237.66;8.38;704;64;2862.00;90
7503;63;627280839;7503;209;8204;8293;10.60;0.64;237.65;8.38;701;64;2863.00;89
7506;63;627280849;7506;216;8208;8295;10.49;0.64;237.65;8.40;702;64;2864.00;87
7509;63;627280859;7509;218;8209;8295;10.38;0.63;237.65;8.41;700;64;2865.00;86
7510;63;627280869;7510;222;8213;8299;10.25;0.62;237.65;8.41;703;64;2866.00;86
7511;63;627280879;7511;223;8214;8299;10.10;0.61;237.65;8.41;703;64;2867.00;85
7511;63;627280888;7511;229;8216;8299;10.01;0.61;237.65;8.42;705;64;2868.00;83
7514;63;627280898;7514;221;8216;8299;9.91;0.60;237.68;8.42;702;64;2869.00;83
7517;63;627280907;7517;221;8218;8300;9.77;0.60;237.67;8.43;701;64;2870.00;82
7518;63;627280922;7518;219;8219;8301;9.72;0.59;237.66;8.43;701;64;2871.00;82
7523;63;627280933;7523;224;8219;8301;9.56;0.58;237.67;8.43;696;64;2872.00;82
7526;63;627280942;7526;222;8221;8302;9.47;0.58;237.62;8.44;695;64;2873.00;81
7528;63;627280952;7528;223;8222;8302;9.38;0.57;237.61;8.44;694;64;2874.00;80
7530;63;627280961;7530;223;8222;8302;9.30;0.57;237.62;8.44;692;64;2875.00;80
7532;63;627280971;7532;218;8225;8302;9.23;0.56;237.60;8.46;693;64;2876.00;77
7534;63;627280980;7534;216;8225;8302;9.13;0.56;237.57;8.46;691;64;2877.00;77
7534;63;627280989;7534;217;8226;8302;9.07;0.55;237.57;8.47;692;64;2878.00;76
7536;63;627280999;7536;212;8226;8302;9.02;0.55;237.56;8.47;690;64;2879.00;76
7539;63;627281009;7539;252;8329;8532;8.86;0.56;237.58;8.36;790;64;2880.00;203
7544;63;627281035;7544;246;8331;8533;8.76;0.55;237.59;8.37;787;64;2881.00;202
7547;63;627281045;7547;238;8342;8533;8.78;0.55;237.60;8.36;795;64;2882.00;191
7549;63;627281055;7549;240;8348;8533;8.77;0.55;237.62;8.36;799;64;2883.00;185
7555;63;627281064;7555;248;8357;8533;8.79;0.55;237.67;8.36;802;64;2884.00;176
7561;63;627281073;7561;246;8365;8533;8.75;0.54;237.68;8.36;804;64;2885.00;168
7565;63;627281083;7565;244;8372;8533;8.69;0.54;237.73;8.36;807;64;2886.00;161
7571;63;627281092;7571;248;8376;8533;8.60;0.53;237.75;8.36;805;64;2887.00;157
7576;63;627281102;7576;249;8383;8534;8.54;0.53;237.70;8.36;807;64;2888.00;151
7580;63;627281112;7580;254;8388;8535;8.45;0.53;237.77;8.36;808;64;2889.00;147
7584;63;627281122;7584;247;8395;8535;8.28;0.52;237.80;8.37;811;64;2890.00;140
7586;63;627281132;7586;246;8398;8536;8.17;0.51;237.87;8.37;812;64;2891.00;138
7591;63;627281142;7591;243;8407;8536;7.97;0.50;237.96;8.37;816;64;2892.00;129
7592;63;627281157;7592;245;8408;8536;7.85;0.49;237.99;8.37;816;64;2893.00;128
7598;63;627281167;7598;249;8413;8536;7.72;0.48;238.03;8.37;815;64;2894.00;123
7602;63;627281177;7602;258;8420;8540;7.56;0.47;238.06;8.38;818;64;2895.00;120
7605;63;627281188;7605;266;8422;8540;7.40;0.46;238.14;8.38;817;64;2896.00;118
7608;63;627281198;7608;264;8422;8540;7.34;0.46;238.13;8.38;814;64;2897.00;118
7611;63;627281208;7611;261;8423;8543;7.35;0.46;238.15;8.38;812;64;2898.00;120
7617;63;627281218;7617;267;8425;8543;7.34;0.45;238.20;8.38;808;64;2899.00;118
7621;63;627281229;7621;266;8426;8543;7.46;0.46;238.22;8.38;805;64;2900.00;117
7625;63;627281242;7625;266;8429;8547;7.48;0.46;238.22;8.38;804;64;2901.00;118
7628;63;627281253;7628;272;8434;8548;7.54;0.46;238.28;8.38;806;64;2902.00;114
7631;63;627281263;7631;275;8434;8548;7.53;0.46;238.34;8.38;803;64;2903.00;114
7636;63;627281274;7636;274;8440;8552;7.59;0.47;238.33;8.39;804;64;2904.00;112
7644;63;627281285;7644;271;8443;8552;7.63;0.47;238.41;8.39;799;64;2905.00;109
7648;63;627281295;7648;274;8445;8552;7.68;0.47;238.35;8.40;797;64;2906.00;107
7652;63;627281306;7652;279;8446;8553;7.66;0.47;238.38;8.39;794;64;2907.00;107
7656;63;627281316;7656;283;8451;8553;7.63;0.46;238.42;8.41;795;64;2908.00;102
7658;63;627281327;7658;287;8457;8559;7.63;0.47;238.41;8.41;799;64;2909.00;102
7661;63;627281341;7661;289;8460;8559;7.57;0.46;238.45;8.42;799;64;2910.00;99
7665;63;627281352;7665;290;8461;8560;7.58;0.46;238.47;8.42;796;64;2911.00;99
7668;63;627281362;7668;296;8462;8560;7.53;0.46;238.49;8.42;794;64;2912.00;98
7671;63;627281373;7671;307;8463;8560;7.41;0.45;238.57;8.42;792;64;2913.00;97
7675;63;627281383;7675;308;8464;8560;7.31;0.45;238.55;8.42;789;64;2914.00;96
7678;63;627281393;7678;308;8464;8560;7.26;0.44;238.55;8.42;786;64;2915.00;96
7683;63;627281403;7683;316;8475;8572;7.25;0.44;238.56;8.41;792;64;2916.00;97
7685;63;627281414;7685;315;8477;8572;7.14;0.44;238.61;8.42;792;64;2917.00;95
7689;63;627281435;7689;318;8477;8572;7.09;0.43;238.58;8.42;788;64;2918.00;95
7692;64;627281445;7692;321;8478;8572;7.09;0.43;238.57;8.41;786;65;2919.00;94
7693;64;627281467;7693;321;8478;8572;7.17;0.44;238.57;8.41;785;65;2920.00;94
7695;64;627281481;7695;322;8478;8572;7.22;0.44;238.60;8.41;783;65;2921.00;94
7697;64;627281491;7697;332;8481;8576;7.26;0.44;238.59;8.41;784;65;2922.00;95
7698;64;627281501;7698;331;8481;8576;7.31;0.45;238.59;8.41;783;65;2923.00;95
7701;64;627281512;7701;338;8484;8580;7.30;0.45;238.59;8.41;783;65;2924.00;96
7704;64;627281523;7704;342;8487;8582;7.33;0.45;238.58;8.41;783;65;2925.00;95
7707;64;627281533;7707;340;8487;8582;7.31;0.45;238.61;8.41;780;65;2926.00;95
7709;64;627281542;7709;338;8487;8582;7.31;0.45;238.58;8.41;778;65;2927.00;95
7711;64;627281552;7711;342;8497;8595;7.33;0.45;238.62;8.53;786;65;2928.00;98
7714;64;627281564;7714;354;8497;8595;7.24;0.44;238.72;8.53;783;65;2929.00;98
7717;64;627281575;7717;357;8498;8595;7.18;0.44;238.65;8.53;781;65;2930.00;97
7719;64;627281584;7719;359;8499;8596;7.21;0.44;238.66;8.53;780;65;2931.00;97
7720;64;627281594;7720;364;8499;8597;7.20;0.44;238.65;8.53;779;65;2932.00;98
7722;64;627281603;7722;372;8499;8597;7.17;0.44;238.62;8.53;777;65;2933.00;98
7724;64;627281613;7724;378;8501;8600;7.12;0.44;238.59;8.53;777;65;2934.00;99
7728;64;627281623;7728;386;8502;8600;7.09;0.44;238.53;8.53;774;65;2935.00;98
7736;64;627281636;7736;387;8502;8600;6.94;0.43;238.45;8.53;766;65;2936.00;98
7736;64;627281652;7736;382;8502;8600;6.93;0.43;238.45;8.53;766;65;2937.00;98
7739;64;627281669;7739;376;8506;8606;6.97;0.43;238.45;8.52;767;65;2938.00;100
7742;64;627281687;7742;369;8506;8606;7.02;0.43;238.48;8.52;764;65;2939.00;100
7744;64;627281705;7744;356;8507;8606;7.05;0.43;238.55;8.52;763;65;2940.00;99
7748;64;627281719;7748;354;8507;8606;7.04;0.43;238.55;8.52;759;65;2941.00;99
7751;64;627281735;7751;354;8510;8610;7.06;0.43;238.55;8.52;759;65;2942.00;100
7754;64;627281751;7754;353;8511;8611;7.09;0.43;238.50;8.52;757;65;2943.00;100
7755;64;627281763;7755;356;8511;8611;7.08;0.43;238.49;8.52;756;65;2944.00;100
7759;64;627281774;7759;360;8512;8612;7.06;0.43;238.43;8.52;753;65;2945.00;100
7760;65;627281784;7760;345;8512;8612;7.06;0.43;238.40;8.52;752;66;2946.00;100
7764;65;627281819;7764;331;8512;8612;7.06;0.43;238.36;8.52;748;66;2947.00;100
7764;65;627281835;7764;320;8512;8612;7.18;0.44;238.36;8.52;748;66;2948.00;100
7765;65;627281846;7765;311;8512;8612;7.27;0.44;238.33;8.52;747;66;2949.00;100
7766;65;627281857;7766;298;8512;8612;7.40;0.45;238.30;8.52;746;66;2950.00;100
7769;65;627281869;7769;293;8512;8612;7.55;0.46;238.30;8.52;743;66;2951.00;100
7772;65;627281879;7772;299;8546;8682;7.83;0.48;238.28;8.48;774;66;2952.00;136
7774;65;627281896;7774;289;8547;8683;7.92;0.48;238.26;8.48;773;66;2953.00;136
7775;65;627281907;7775;283;8554;8683;8.09;0.49;238.26;8.48;779;66;2954.00;129
7776;65;627281918;7776;266;8557;8683;8.22;0.50;238.25;8.47;781;66;2955.00;126
7777;65;627281929;7777;254;8561;8683;8.35;0.51;238.25;8.47;784;66;2956.00;122
7777;65;627281940;7777;242;8565;8683;8.50;0.52;238.25;8.47;788;66;2957.00;118
7779;65;627281952;7779;241;8569;8683;8.59;0.52;238.26;8.47;790;66;2958.00;114
7781;65;627281963;7781;237;8571;8683;8.69;0.53;238.28;8.47;790;66;2959.00;112
7782;65;627281975;7782;226;8573;8684;8.82;0.54;238.29;8.47;791;66;2960.00;111
7784;65;627281987;7784;218;8574;8685;8.89;0.54;238.28;8.47;790;66;2961.00;111
7784;66;627282013;7784;215;8575;8685;8.95;0.54;238.28;8.47;791;67;2962.00;110
7785;66;627282040;7785;209;8578;8689;9.02;0.55;238.27;8.46;793;67;2963.00;111
7786;66;627282053;7786;204;8578;8689;9.11;0.55;238.25;8.46;792;67;2964.00;111
7790;67;627282071;7790;204;8578;8689;9.20;0.56;238.21;8.46;788;68;2965.00;111
7791;67;627282096;7791;201;8578;8689;9.35;0.57;238.22;8.46;787;68;2966.00;111
7794;67;627282114;7794;197;8581;8695;9.49;0.58;238.21;8.46;787;68;2967.00;114
7795;67;627282135;7795;193;8581;8695;9.60;0.58;238.21;8.46;786;68;2968.00;114
7798;67;627282147;7798;191;8582;8695;9.67;0.59;238.28;8.46;784;68;2969.00;113
7799;67;627282168;7799;185;8585;8701;9.79;0.60;238.29;8.46;786;68;2970.00;116
7799;67;627282181;7799;185;8586;8701;9.86;0.60;238.29;8.46;787;68;2971.00;115
7801;67;627282192;7801;177;8586;8701;9.91;0.60;238.25;8.46;785;68;2972.00;115
7802;67;627282203;7802;175;8587;8702;10.07;0.61;238.25;8.46;785;68;2973.00;115
7804;68;627282214;7804;170;8588;8703;10.15;0.62;238.30;8.46;784;69;2974.00;115
7806;68;627282233;7806;169;8590;8703;10.31;0.63;238.28;8.59;784;69;2975.00;113
7809;68;627282244;7809;167;8598;8716;10.49;0.64;238.26;8.58;789;69;2976.00;118
7812;68;627282256;7812;163;8599;8716;10.58;0.65;238.27;8.58;787;69;2977.00;117
7813;68;627282267;7813;161;8599;8716;10.67;0.65;238.29;8.58;786;69;2978.00;117
7815;68;627282279;7815;154;8600;8717;10.79;0.66;238.30;8.58;785;69;2979.00;117
7819;68;627282297;7819;150;8600;8717;10.84;0.66;238.37;8.58;781;69;2980.00;117
7823;68;627282309;7823;151;8602;8721;10.96;0.67;238.40;8.58;779;69;2981.00;119
7824;68;627282322;7824;153;8602;8721;11.04;0.67;238.43;8.58;778;69;2982.00;119
7829;68;627282334;7829;152;8606;8725;11.02;0.67;238.43;8.58;777;69;2983.00;119
7829;68;627282347;7829;154;8606;8725;11.14;0.68;238.43;8.58;777;69;2984.00;119
7833;68;627282358;7833;158;8606;8725;11.10;0.68;238.45;8.58;773;69;2985.00;119
7838;68;627282370;7838;163;8606;8725;11.13;0.68;238.43;8.58;768;69;2986.00;119
7841;68;627282382;7841;161;8606;8725;11.12;0.68;238.48;8.58;765;69;2987.00;119
7846;68;627282402;7846;160;8616;8737;11.17;0.68;238.45;8.57;770;69;2988.00;121
7850;68;627282416;7850;158;8617;8737;11.21;0.68;238.49;8.57;767;69;2989.00;120
7854;68;627282427;7854;157;8619;8737;11.18;0.68;238.50;8.71;765;69;2990.00;118
7855;68;627282439;7855;155;8619;8737;11.23;0.68;238.48;8.71;764;69;2991.00;118
7860;68;627282450;7860;150;8620;8737;11.18;0.68;238.50;8.84;760;69;2992.00;117
7865;68;627282462;7865;145;8620;8737;11.20;0.68;238.61;8.84;755;69;2993.00;117
7866;68;627282474;7866;140;8622;8738;11.28;0.69;238.61;8.85;756;69;2994.00;116
7871;68;627282485;7871;138;8625;8738;11.32;0.69;238.63;9.01;754;69;2995.00;113
7875;68;627282498;7875;132;8628;8744;11.37;0.69;238.58;9.01;753;69;2996.00;116
7879;68;627282518;7879;133;8631;8745;11.45;0.69;238.55;9.15;752;69;2997.00;114
7884;68;627282529;7884;135;8631;8745;11.53;0.70;238.61;9.15;747;69;2998.00;114
7887;68;627282542;7887;135;8631;8745;11.58;0.70;238.63;9.15;744;69;2999.00;114
7892;68;627282558;7892;134;8636;8765;11.70;0.71;238.62;9.28;744;69;3000.00;129
7895;68;627282577;7895;127;8636;8765;11.74;0.71;238.60;9.28;741;69;3001.00;129
7898;69;627282589;7898;121;8638;8765;11.74;0.71;238.60;9.42;740;70;3002.00;127
7902;69;627282614;7902;118;8639;8766;11.86;0.72;238.69;9.42;737;70;3003.00;127
7903;69;627282629;7903;116;8642;8770;11.81;0.72;238.66;9.41;739;70;3004.00;128
7909;69;627282651;7909;115;8642;8770;11.83;0.72;238.69;9.41;733;70;3005.00;128
7912;69;627282671;7912;120;8645;8773;11.82;0.72;238.72;9.41;733;70;3006.00;128
7914;69;627282683;7914;119;8647;8773;11.83;0.72;238.75;9.42;733;70;3007.00;126
7916;69;627282695;7916;124;8649;8773;11.85;0.72;238.81;9.43;733;70;3008.00;124
7918;69;627282706;7918;127;8650;8773;11.83;0.72;238.85;9.43;732;70;3009.00;123
7919;69;627282716;7919;130;8653;8777;11.86;0.72;238.86;9.44;734;70;3010.00;124
7923;69;627282728;7923;132;8654;8777;11.79;0.71;238.89;9.43;731;70;3011.00;123
7926;69;627282739;7926;133;8657;8777;11.77;0.71;238.91;9.44;731;70;3012.00;120
7929;69;627282751;7929;135;8657;8777;11.75;0.71;238.87;9.44;728;70;3013.00;120
7931;69;627282762;7931;134;8659;8778;11.79;0.71;238.89;9.44;728;70;3014.00;119
7933;69;627282776;7933;129;8663;8780;11.72;0.71;238.88;9.44;730;70;3015.00;117
7934;69;627282787;7934;130;8664;8780;11.73;0.71;238.86;9.44;730;70;3016.00;116
7936;69;627282798;7936;131;8666;8781;11.74;0.71;238.84;9.44;730;70;3017.00;115
7938;69;627282809;7938;131;8666;8781;11.72;0.71;238.82;9.44;728;70;3018.00;115
7941;69;627282820;7941;135;8667;8781;11.70;0.71;238.82;9.44;726;70;3019.00;114
7942;69;627282836;7942;139;8669;8781;11.69;0.71;238.80;9.47;727;70;3020.00;112
7944;69;627282848;7944;143;8670;8781;11.67;0.71;238.80;9.47;726;70;3021.00;111
7948;69;627282859;7948;142;8670;8781;11.59;0.71;238.77;9.47;722;70;3022.00;111
7949;69;627282870;7949;145;8672;8781;11.56;0.71;238.78;9.50;723;70;3023.00;109
7954;69;627282881;7954;168;8735;8908;11.30;0.70;238.78;9.43;781;70;3024.00;173
7958;69;627282902;7958;164;8738;8909;11.18;0.69;238.80;9.43;780;70;3025.00;171
7958;69;627282913;7958;163;8745;8909;11.22;0.69;238.80;9.45;787;70;3026.00;164
7963;69;627282924;7963;170;8753;8909;11.17;0.69;238.77;9.45;790;70;3027.00;156
7967;69;627282936;7967;177;8759;8909;11.19;0.69;238.78;9.45;792;70;3028.00;150
7971;69;627282947;7971;186;8763;8909;11.13;0.68;238.80;9.46;792;70;3029.00;146
7976;69;627282960;7976;193;8770;8909;11.02;0.68;238.79;9.47;794;70;3030.00;139
7977;69;627282971;7977;199;8772;8909;11.01;0.67;238.78;9.47;795;70;3031.00;137
7981;70;627282983;7981;198;8777;8910;10.97;0.67;238.85;9.49;796;71;3032.00;133
7983;70;627283012;7983;205;8780;8911;10.97;0.67;238.80;9.49;797;71;3033.00;131
7986;70;627283024;7986;211;8783;8911;10.86;0.67;238.77;9.50;797;71;3034.00;128
7988;70;627283041;7988;218;8788;8912;10.73;0.66;238.77;9.50;800;71;3035.00;124
7990;70;627283052;7990;228;8792;8912;10.58;0.65;238.78;9.51;802;71;3036.00;120
7991;70;627283063;7991;232;8795;8912;10.41;0.64;238.78;9.52;804;71;3037.00;117
7995;71;627283074;7995;242;8799;8912;10.20;0.63;238.74;9.53;804;72;3038.00;113
7997;72;627283105;7997;249;8802;8916;10.03;0.62;238.78;9.52;805;73;3039.00;114
8002;72;627283132;8002;254;8806;8916;9.81;0.60;238.77;9.54;804;73;3040.00;110
8004;72;627283144;8004;254;8806;8916;9.58;0.59;238.74;9.54;802;73;3041.00;110
8009;72;627283154;8009;252;8811;8919;9.42;0.58;238.75;9.55;802;73;3042.00;108
8011;72;627283166;8011;261;8811;8919;9.32;0.57;238.72;9.55;800;73;3043.00;108
8014;72;627283176;8014;260;8812;8919;9.25;0.57;238.74;9.56;798;73;3044.00;107
8020;72;627283187;8020;263;8819;8923;9.07;0.56;238.74;9.58;799;73;3045.00;104
8021;72;627283198;8021;268;8821;8924;8.99;0.55;238.73;9.59;800;73;3046.00;103
8023;72;627283214;8023;266;8822;8924;8.90;0.55;238.72;9.59;799;73;3047.00;102
8027;72;627283224;8027;267;8826;8928;8.80;0.54;238.71;9.59;799;73;3048.00;102
8030;72;627283241;8030;272;8829;8928;8.68;0.53;238.67;9.60;799;73;3049.00;99
8035;72;627283258;8035;272;8830;8928;8.64;0.53;238.64;9.61;795;73;3050.00;98
8037;72;627283268;8037;267;8831;8929;8.55;0.52;238.64;9.61;794;73;3051.00;98
8040;72;627283278;8040;273;8831;8929;8.40;0.52;238.63;9.61;791;73;3052.00;98
8044;72;627283288;8044;281;8837;8935;8.26;0.51;238.62;9.61;793;73;3053.00;98
8048;72;627283298;8048;281;8837;8935;8.14;0.50;238.61;9.61;789;73;3054.00;98
8051;72;627283308;8051;283;8838;8936;8.03;0.49;238.71;9.61;787;73;3055.00;98
8056;72;627283318;8056;293;8839;8936;7.94;0.49;238.75;9.61;783;73;3056.00;97
8063;72;627283327;8063;293;8842;8936;7.75;0.48;238.78;9.62;779;73;3057.00;94
8068;72;627283339;8068;294;8842;8936;7.62;0.47;238.80;9.62;774;73;3058.00;94
8072;72;627283348;8072;299;8846;8936;7.37;0.45;238.90;9.64;774;73;3059.00;90
8073;72;627283364;8073;300;8868;8972;7.31;0.45;238.93;9.61;795;73;3060.00;104
8077;72;627283376;8077;298;8869;8972;7.15;0.44;239.01;9.62;792;73;3061.00;103
8080;72;627283385;8080;301;8873;8972;7.06;0.44;239.09;9.62;793;73;3062.00;99
8083;72;627283394;8083;297;8874;8972;6.99;0.43;239.08;9.62;791;73;3063.00;98
8086;72;627283403;8086;295;8877;8972;6.97;0.43;239.17;9.62;791;73;3064.00;95
8089;73;627283417;8089;299;8878;8972;6.93;0.43;239.13;9.62;789;74;3065.00;94
8092;73;627283435;8092;304;8883;8976;6.90;0.43;239.17;9.62;791;74;3066.00;93
8095;73;627283445;8095;302;8884;8976;6.90;0.43;239.15;9.62;789;74;3067.00;92
8099;73;627283454;8099;297;8886;8980;6.93;0.43;239.20;9.62;787;74;3068.00;94
8103;73;627283464;8103;295;8889;8981;6.91;0.43;239.20;9.62;786;74;3069.00;92
8106;73;627283474;8106;296;8889;8981;6.80;0.42;239.29;9.62;783;74;3070.00;92
8108;73;627283482;8108;288;8891;8981;6.77;0.42;239.32;9.62;783;74;3071.00;90
8109;73;627283491;8109;294;8901;8994;6.85;0.42;239.34;9.61;792;74;3072.00;93
8115;73;627283502;8115;293;8902;8994;6.76;0.42;239.33;9.60;787;74;3073.00;92
8119;73;627283511;8119;294;8902;8994;6.75;0.42;239.30;9.60;783;74;3074.00;92
8121;73;627283520;8121;295;8903;8995;6.73;0.41;239.30;9.60;782;74;3075.00;92
8127;73;627283529;8127;304;8903;8996;6.70;0.41;239.30;9.60;776;74;3076.00;93
8132;73;627283538;8132;306;8903;8996;6.71;0.41;239.39;9.60;771;74;3077.00;93
8138;73;627283547;8138;310;8905;8999;6.75;0.41;239.38;9.60;767;74;3078.00;94
8142;73;627283556;8142;309;8905;8999;6.77;0.41;239.38;9.60;763;74;3079.00;94
8145;73;627283565;8145;303;8906;8999;6.75;0.41;239.36;9.60;761;74;3080.00;93
8150;73;627283574;8150;304;8906;8999;6.67;0.41;239.31;9.60;756;74;3081.00;93
8152;73;627283583;8152;307;8910;9005;6.68;0.41;239.36;9.60;758;74;3082.00;95
8153;73;627283593;8153;303;8911;9005;6.67;0.41;239.34;9.60;758;74;3083.00;94
8157;73;627283602;8157;305;8911;9005;6.60;0.40;239.36;9.60;754;74;3084.00;94
8163;73;627283611;8163;307;8911;9005;6.48;0.40;239.44;9.60;748;74;3085.00;94
8164;73;627283620;8164;318;8914;9009;6.49;0.40;239.41;9.59;750;74;3086.00;95
8171;73;627283629;8171;320;8915;9010;6.44;0.39;239.34;9.59;744;74;3087.00;95
8174;73;627283644;8174;321;8915;9010;6.39;0.39;239.33;9.59;741;74;3088.00;95
8177;73;627283667;8177;328;8916;9011;6.43;0.39;239.35;9.59;739;74;3089.00;95
8177;73;627283685;8177;337;8916;9011;6.36;0.39;239.35;9.59;739;74;3090.00;95
8183;73;627283698;8183;340;8916;9011;6.25;0.38;239.29;9.59;733;74;3091.00;95
8186;73;627283711;8186;350;8916;9011;6.19;0.38;239.26;9.59;730;74;3092.00;95
8186;73;627283725;8186;347;8916;9011;6.15;0.38;239.26;9.59;730;74;3093.00;95
8189;73;627283739;8189;344;8916;9011;6.10;0.37;239.20;9.59;727;74;3094.00;95
8190;73;627283750;8190;344;8916;9011;6.13;0.38;239.19;9.59;726;74;3095.00;95
8190;73;627283760;8190;352;8956;9081;6.42;0.40;239.19;9.55;766;74;3096.00;125
8191;73;627283775;8191;351;8957;9082;6.43;0.40;239.19;9.55;766;74;3097.00;125
8193;73;627283784;8193;354;8966;9082;6.63;0.41;239.19;9.54;773;74;3098.00;116
8200;73;627283794;8200;357;8967;9082;6.66;0.41;239.29;9.54;767;74;3099.00;115
8202;73;627283805;8202;363;8972;9082;6.80;0.42;239.31;9.54;770;74;3100.00;110
8204;73;627283820;8204;363;8974;9082;6.85;0.42;239.30;9.53;770;74;3101.00;108
8207;73;627283830;8207;365;8977;9082;6.91;0.42;239.30;9.53;770;74;3102.00;105
8208;73;627283841;8208;367;8979;9082;6.86;0.42;239.30;9.53;771;74;3103.00;103
8211;73;627283852;8211;369;8981;9083;6.76;0.41;239.30;9.53;770;74;3104.00;102
8214;73;627283861;8214;371;8984;9085;6.64;0.41;239.26;9.53;770;74;3105.00;101
8215;73;627283871;8215;380;8985;9085;6.52;0.40;239.31;9.53;770;74;3106.00;100
8215;73;627283881;8215;362;8988;9089;6.50;0.40;239.31;9.53;773;74;3107.00;101
8220;73;627283892;8220;341;8988;9089;6.48;0.40;239.42;9.53;768;74;3108.00;101
8220;73;627283903;8220;332;8988;9089;6.59;0.40;239.42;9.53;768;74;3109.00;101
8222;73;627283914;8222;320;8988;9089;6.69;0.41;239.45;9.53;766;74;3110.00;101
8224;73;627283924;8224;316;8992;9095;6.83;0.42;239.49;9.52;768;74;3111.00;103
8225;73;627283937;8225;306;8992;9095;7.00;0.43;239.50;9.52;767;74;3112.00;103
8230;73;627283955;8230;297;8993;9095;7.15;0.44;239.47;9.52;763;74;3113.00;102
8231;73;627283970;8231;290;8995;9098;7.27;0.45;239.50;9.52;764;74;3114.00;103
8233;73;627283994;8233;285;8996;9098;7.38;0.45;239.47;9.52;763;74;3115.00;102
8233;73;627284007;8233;265;8996;9098;7.49;0.46;239.47;9.52;763;74;3116.00;102
8233;73;627284020;8233;252;8996;9099;7.62;0.47;239.47;9.52;763;74;3117.00;103
8234;73;627284034;8234;245;8997;9100;7.80;0.48;239.49;9.52;763;74;3118.00;103
8237;73;627284057;8237;233;8997;9100;8.00;0.49;239.47;9.52;760;74;3119.00;103
8238;73;627284073;8238;226;9017;9126;8.28;0.51;239.44;9.50;779;74;3120.00;109
8242;73;627284089;8242;219;9018;9126;8.52;0.52;239.40;9.50;776;74;3121.00;108
8244;73;627284104;8244;207;9019;9126;8.77;0.54;239.44;9.50;775;74;3122.00;107
8248;73;627284125;8248;203;9020;9127;9.00;0.55;239.43;9.49;772;74;3123.00;107
8251;73;627284142;8251;190;9020;9127;9.17;0.56;239.41;9.49;769;74;3124.00;107
8253;73;627284156;8253;186;9023;9131;9.33;0.57;239.40;9.49;770;74;3125.00;108
8254;73;627284172;8254;179;9024;9131;9.51;0.58;239.39;9.49;770;74;3126.00;107
8256;73;627284187;8256;175;9027;9135;9.62;0.58;239.42;9.49;771;74;3127.00;108
8260;73;627284205;8260;169;9027;9135;9.71;0.59;239.39;9.49;767;74;3128.00;108
8264;73;627284221;8264;159;9027;9135;9.82;0.59;239.39;9.49;763;74;3129.00;108
8268;73;627284236;8268;149;9027;9135;9.93;0.60;239.48;9.49;759;74;3130.00;108
8270;74;627284254;8270;147;9027;9135;10.03;0.61;239.50;9.49;757;75;3131.00;108
8272;74;627284283;8272;142;9037;9147;10.18;0.62;239.50;9.48;765;75;3132.00;110
8274;74;627284300;8274;140;9037;9147;10.33;0.63;239.48;9.48;763;75;3133.00;110
8276;74;627284316;8276;142;9038;9147;10.42;0.63;239.51;9.48;762;75;3134.00;109
8276;74;627284333;8276;142;9038;9147;10.52;0.64;239.51;9.48;762;75;3135.00;109
8279;74;627284348;8279;142;9038;9147;10.61;0.64;239.52;9.48;759;75;3136.00;109
8283;74;627284363;8283;139;9038;9147;10.72;0.65;239.56;9.48;755;75;3137.00;109
8289;74;627284378;8289;134;9038;9148;10.84;0.66;239.53;9.48;749;75;3138.00;110
8290;74;627284395;8290;130;9038;9148;10.96;0.66;239.54;9.48;748;75;3139.00;110
8292;74;627284409;8292;130;9042;9154;11.04;0.67;239.56;9.47;750;75;3140.00;112
8293;74;627284424;8293;129;9043;9155;11.17;0.68;239.57;9.47;750;75;3141.00;112
8294;74;627284441;8294;129;9044;9155;11.25;0.68;239.59;9.47;750;75;3142.00;111
8295;74;627284457;8295;121;9044;9155;11.34;0.69;239.62;9.47;749;75;3143.00;111
8297;74;627284472;8297;127;9047;9159;11.37;0.69;239.66;9.47;750;75;3144.00;112
8299;74;627284487;8299;133;9047;9159;11.38;0.69;239.66;9.47;748;75;3145.00;112
8302;74;627284501;8302;135;9047;9159;11.39;0.69;239.64;9.47;745;75;3146.00;112
8305;74;627284515;8305;135;9048;9160;11.43;0.69;239.66;9.47;743;75;3147.00;112
8307;74;627284529;8307;135;9051;9164;11.40;0.69;239.68;9.46;744;75;3148.00;113
8310;74;627284544;8310;138;9051;9164;11.44;0.69;239.68;9.46;741;75;3149.00;113
8314;74;627284560;8314;146;9054;9170;11.42;0.69;239.69;9.46;740;75;3150.00;116
8316;74;627284576;8316;147;9054;9170;11.46;0.69;239.70;9.46;738;75;3151.00;116
8317;74;627284591;8317;152;9055;9170;11.53;0.70;239.73;9.46;738;75;3152.00;115
8322;74;627284606;8322;150;9055;9170;11.60;0.70;239.80;9.46;733;75;3153.00;115
8324;74;627284621;8324;146;9058;9174;11.71;0.71;239.78;9.46;734;75;3154.00;116
8327;74;627284638;8327;147;9058;9174;11.80;0.71;239.82;9.46;731;75;3155.00;116
8333;74;627284654;8333;148;9059;9174;11.80;0.71;239.84;9.46;726;75;3156.00;115
8337;74;627284672;8337;147;9059;9174;11.82;0.72;239.85;9.46;722;75;3157.00;115
8340;74;627284689;8340;146;9060;9175;11.80;0.71;239.83;9.46;720;75;3158.00;115
8342;74;627284706;8342;142;9061;9176;11.84;0.72;239.88;9.46;719;75;3159.00;115
8347;74;627284721;8347;139;9063;9176;11.80;0.72;239.89;9.60;716;75;3160.00;113
8350;74;627284736;8350;134;9064;9177;11.84;0.72;239.89;9.60;714;75;3161.00;113
8353;74;627284752;8353;126;9064;9177;11.77;0.72;239.94;9.60;711;75;3162.00;113
8358;74;627284767;8358;123;9064;9177;11.81;0.72;240.06;9.60;706;75;3163.00;113
8361;74;627284782;8361;119;9065;9177;11.67;0.71;240.07;9.62;704;75;3164.00;112
8363;74;627284798;8363;116;9065;9177;11.69;0.71;240.15;9.62;702;75;3165.00;112
8364;74;627284812;8364;115;9066;9177;11.69;0.71;240.17;9.63;702;75;3166.00;111
8368;74;627284833;8368;112;9066;9177;11.67;0.71;240.16;9.63;698;75;3167.00;111
8371;74;627284847;8371;132;9131;9304;11.25;0.69;240.18;9.56;760;75;3168.00;173
8371;74;627284876;8371;120;9135;9305;11.31;0.69;240.18;9.56;764;75;3169.00;170
8376;74;627284891;8376;110;9144;9305;11.39;0.70;240.21;9.55;768;75;3170.00;161
8380;74;627284907;8380;108;9144;9305;11.42;0.70;240.30;9.55;764;75;3171.00;161
8380;74;627284922;8380;111;9148;9305;11.58;0.71;240.30;9.55;768;75;3172.00;157
8384;74;627284938;8384;111;9151;9305;11.63;0.71;240.33;9.56;767;75;3173.00;154
8387;74;627284962;8387;112;9155;9305;11.68;0.71;240.33;9.56;768;75;3174.00;150
8389;74;627284977;8389;115;9157;9305;11.72;0.71;240.31;9.55;768;75;3175.00;148
8391;74;627284992;8391;113;9161;9306;11.77;0.72;240.41;9.55;770;75;3176.00;145
8394;74;627285009;8394;119;9166;9307;11.77;0.72;240.41;9.55;772;75;3177.00;141
8397;74;627285024;8397;116;9170;9307;11.77;0.72;240.41;9.55;773;75;3178.00;137
8399;74;627285040;8399;122;9173;9308;11.67;0.71;240.44;9.55;774;75;3179.00;135
8403;74;627285058;8403;124;9178;9308;11.67;0.71;240.41;9.56;775;75;3180.00;130
8406;74;627285074;8406;124;9179;9308;11.57;0.71;240.40;9.56;773;75;3181.00;129
8407;74;627285089;8407;132;9182;9308;11.50;0.70;240.39;9.56;775;75;3182.00;126
8410;74;627285104;8410;135;9185;9312;11.39;0.69;240.41;9.56;775;75;3183.00;127
8415;74;627285121;8415;139;9187;9312;11.33;0.69;240.40;9.56;772;75;3184.00;125
8418;74;627285136;8418;141;9188;9312;11.26;0.68;240.39;9.56;770;75;3185.00;124
8420;74;627285152;8420;147;9192;9315;11.26;0.68;240.41;9.57;772;75;3186.00;123
8424;74;627285168;8424;151;9192;9315;11.19;0.68;240.41;9.57;768;75;3187.00;123
8425;74;627285184;8425;158;9193;9315;11.18;0.68;240.40;9.57;768;75;3188.00;122
8426;74;627285200;8426;166;9198;9319;11.10;0.67;240.40;9.58;772;75;3189.00;121
8429;74;627285219;8429;173;9201;9320;11.07;0.67;240.36;9.60;772;75;3190.00;119
8430;74;627285235;8430;178;9203;9322;11.02;0.67;240.36;9.60;773;75;3191.00;119
8432;74;627285250;8432;188;9207;9326;11.05;0.67;240.38;9.60;775;75;3192.00;119
8436;74;627285269;8436;193;9209;9326;11.04;0.67;240.37;9.62;773;75;3193.00;117
8439;74;627285286;8439;197;9209;9326;11.00;0.67;240.48;9.62;770;75;3194.00;117
8441;74;627285302;8441;201;9213;9328;10.98;0.67;240.47;9.64;772;75;3195.00;115
8442;74;627285321;8442;202;9213;9328;10.96;0.67;240.52;9.64;771;75;3196.00;115
8445;74;627285338;8445;202;9220;9334;10.93;0.67;240.53;9.66;775;75;3197.00;114
8449;74;627285354;8449;208;9220;9334;10.83;0.66;240.52;9.66;771;75;3198.00;114
8450;74;627285369;8450;211;9222;9335;10.74;0.66;240.52;9.68;772;75;3199.00;113
8454;74;627285385;8454;212;9223;9335;10.58;0.65;240.61;9.68;769;75;3200.00;112
8457;74;627285403;8457;218;9223;9335;10.36;0.63;240.62;9.68;766;75;3201.00;112
8462;74;627285417;8462;223;9225;9335;10.16;0.62;240.60;9.69;763;75;3202.00;110
8464;74;627285432;8464;231;9225;9335;9.97;0.61;240.66;9.69;761;75;3203.00;110
8466;74;627285446;8466;236;9236;9347;9.89;0.60;240.67;9.69;770;75;3204.00;111
8472;74;627285462;8472;242;9238;9347;9.71;0.59;240.60;9.70;766;75;3205.00;109
8474;74;627285475;8474;250;9239;9347;9.66;0.59;240.61;9.71;765;75;3206.00;108
8476;74;627285491;8476;255;9240;9347;9.54;0.58;240.61;9.72;764;75;3207.00;107
8478;74;627285504;8478;266;9241;9347;9.36;0.57;240.61;9.72;763;75;3208.00;106
8478;74;627285517;8478;266;9242;9347;9.22;0.56;240.61;9.73;764;75;3209.00;105
8480;74;627285533;8480;267;9245;9351;9.08;0.56;240.59;9.73;765;75;3210.00;106
8481;74;627285547;8481;264;9247;9351;8.94;0.55;240.58;9.74;766;75;3211.00;104
8481;74;627285559;8481;264;9250;9355;8.95;0.55;240.58;9.73;769;75;3212.00;105
8484;74;627285580;8484;264;9252;9356;8.89;0.54;240.55;9.74;768;75;3213.00;104
8488;74;627285595;8488;264;9253;9356;8.74;0.54;240.52;9.74;765;75;3214.00;103
8490;74;627285609;8490;264;9253;9356;8.67;0.53;240.50;9.74;763;75;3215.00;103
8490;74;627285622;8490;263;9264;9369;8.62;0.53;240.50;9.74;774;75;3216.00;105
8495;74;627285636;8495;261;9264;9369;8.55;0.52;240.53;9.74;769;75;3217.00;105
8497;74;627285653;8497;267;9267;9369;8.57;0.52;240.50;9.74;770;75;3218.00;102
8497;74;627285676;8497;268;9268;9370;8.54;0.52;240.50;9.74;771;75;3219.00;102
8498;74;627285694;8498;268;9269;9371;8.46;0.52;240.50;9.75;771;75;3220.00;102
8502;74;627285708;8502;266;9270;9371;8.36;0.51;240.47;9.76;768;75;3221.00;101
8505;74;627285723;8505;266;9272;9374;8.31;0.51;240.43;9.75;767;75;3222.00;102
8508;74;627285742;8508;270;9275;9374;8.19;0.50;240.41;9.77;767;75;3223.00;99
8514;74;627285759;8514;279;9276;9374;8.11;0.50;240.41;9.77;762;75;3224.00;98
8517;74;627285774;8517;286;9276;9374;8.01;0.49;240.39;9.77;759;75;3225.00;98
8522;74;627285789;8522;290;9282;9380;7.91;0.49;240.42;9.77;760;75;3226.00;98
8526;74;627285803;8526;287;9283;9380;7.73;0.47;240.43;9.77;757;75;3227.00;97
8531;74;627285817;8531;293;9284;9380;7.54;0.46;240.51;9.77;753;75;3228.00;96
8535;74;627285830;8535;300;9284;9380;7.37;0.45;240.53;9.77;749;75;3229.00;96
8539;74;627285851;8539;299;9290;9384;7.19;0.44;240.56;9.78;751;75;3230.00;94
8543;74;627285863;8543;297;9291;9385;7.05;0.43;240.54;9.78;748;75;3231.00;94
8546;74;627285875;8546;304;9291;9385;6.88;0.42;240.57;9.78;745;75;3232.00;94
8549;74;627285886;8549;305;9293;9386;6.75;0.42;240.57;9.79;744;75;3233.00;93
8552;74;627285898;8552;302;9293;9386;6.71;0.41;240.57;9.79;741;75;3234.00;93
8555;74;627285910;8555;302;9294;9386;6.69;0.41;240.51;9.79;739;75;3235.00;92
8556;74;627285922;8556;307;9295;9386;6.66;0.41;240.53;9.79;739;75;3236.00;91
8563;74;627285935;8563;304;9295;9386;6.59;0.40;240.45;9.79;732;75;3237.00;91
8565;74;627285948;8565;303;9297;9386;6.63;0.41;240.40;9.79;732;75;3238.00;89
8570;74;627285961;8570;292;9297;9386;6.61;0.41;240.41;9.79;727;75;3239.00;89
8572;74;627285976;8572;291;9352;9511;7.03;0.44;240.46;9.74;780;75;3240.00;159
8574;74;627286002;8574;287;9357;9512;7.02;0.44;240.49;9.73;783;75;3241.00;155
8576;74;627286018;8576;286;9368;9512;7.16;0.45;240.51;9.72;792;75;3242.00;144
8580;74;627286031;8580;287;9371;9512;7.17;0.44;240.49;9.72;791;75;3243.00;141
8582;74;627286045;8582;289;9376;9512;7.20;0.45;240.51;9.72;794;75;3244.00;136
8588;74;627286059;8588;294;9380;9512;7.20;0.44;240.51;9.72;792;75;3245.00;132
8591;74;627286077;8591;294;9386;9512;7.21;0.44;240.49;9.71;795;75;3246.00;126
8594;74;627286091;8594;305;9388;9512;7.19;0.44;240.51;9.71;794;75;3247.00;124
8596;74;627286104;8596;308;9393;9513;7.25;0.45;240.51;9.71;797;75;3248.00;120
8601;74;627286119;8601;310;9395;9514;7.31;0.45;240.49;9.71;794;75;3249.00;119
8605;74;627286133;8605;309;9398;9514;7.34;0.45;240.46;9.71;793;75;3250.00;116
8608;74;627286148;8608;313;9402;9518;7.37;0.46;240.46;9.71;794;75;3251.00;116
8615;74;627286165;8615;314;9403;9518;7.29;0.45;240.54;9.71;788;75;3252.00;115
8616;74;627286182;8616;313;9404;9518;7.25;0.45;240.57;9.71;788;75;3253.00;114
8619;74;627286197;8619;326;9405;9518;7.19;0.44;240.59;9.71;786;75;3254.00;113
8621;74;627286213;8621;324;9410;9524;7.18;0.44;240.60;9.71;789;75;3255.00;114
8624;74;627286232;8624;331;9411;9524;7.13;0.44;240.61;9.71;787;75;3256.00;113
8627;74;627286248;8627;328;9412;9524;7.13;0.44;240.59;9.71;785;75;3257.00;112
8631;74;627286263;8631;333;9415;9527;7.11;0.43;240.57;9.70;784;75;3258.00;112
8632;74;627286279;8632;322;9415;9527;7.16;0.44;240.64;9.70;783;75;3259.00;112
8634;74;627286296;8634;312;9415;9527;7.18;0.44;240.68;9.70;781;75;3260.00;112
8639;74;627286310;8639;305;9415;9528;7.20;0.44;240.67;9.70;776;75;3261.00;113
8640;74;627286326;8640;299;9416;9529;7.29;0.44;240.70;9.70;776;75;3262.00;113
8642;74;627286344;8642;293;9416;9529;7.36;0.45;240.70;9.70;774;75;3263.00;113
8646;74;627286361;8646;293;9427;9542;7.51;0.46;240.69;9.69;781;75;3264.00;115
8648;74;627286378;8648;288;9427;9542;7.64;0.46;240.70;9.69;779;75;3265.00;115
8649;74;627286403;8649;282;9427;9542;7.74;0.47;240.71;9.69;778;75;3266.00;115
8653;74;627286418;8653;280;9428;9543;7.79;0.47;240.70;9.69;775;75;3267.00;115
8656;74;627286441;8656;279;9429;9543;7.78;0.47;240.70;9.84;773;75;3268.00;114
8657;74;627286459;8657;282;9432;9547;7.84;0.48;240.67;9.83;775;75;3269.00;115
8659;74;627286476;8659;284;9432;9547;7.82;0.48;240.69;9.83;773;75;3270.00;115
8661;74;627286492;8661;288;9436;9551;7.86;0.48;240.70;9.83;775;75;3271.00;115
8662;74;627286507;8662;285;9436;9551;7.87;0.48;240.71;9.83;774;75;3272.00;115
8668;74;627286531;8668;288;9436;9551;7.86;0.48;240.73;9.83;768;75;3273.00;115
8670;74;627286548;8670;288;9436;9551;7.87;0.48;240.71;9.83;766;75;3274.00;115
8673;74;627286564;8673;288;9436;9551;7.85;0.48;240.76;9.83;763;75;3275.00;115
8677;74;627286579;8677;295;9446;9563;8.04;0.49;240.81;9.82;769;75;3276.00;117
8679;74;627286598;8679;288;9446;9563;8.12;0.49;240.81;9.82;767;75;3277.00;117
8683;74;627286615;8683;278;9447;9563;8.22;0.50;240.81;9.82;764;75;3278.00;116
8683;74;627286631;8683;278;9447;9563;8.33;0.51;240.81;9.82;764;75;3279.00;116
8687;74;627286647;8687;273;9447;9563;8.35;0.51;240.81;9.82;760;75;3280.00;116
8687;74;627286665;8687;266;9447;9563;8.45;0.51;240.81;9.82;760;75;3281.00;116
8692;74;627286683;8692;263;9447;9564;8.46;0.52;240.82;9.82;755;75;3282.00;117
8695;74;627286704;8695;259;9447;9564;8.47;0.52;240.82;9.82;752;75;3283.00;117
8698;74;627286720;8698;249;9451;9570;8.52;0.52;240.84;9.82;753;75;3284.00;119
8702;74;627286738;8702;249;9453;9572;8.51;0.52;240.87;9.81;751;75;3285.00;119
8704;74;627286756;8704;231;9454;9572;8.58;0.52;240.87;9.81;750;75;3286.00;118
8708;74;627286776;8708;213;9454;9572;8.67;0.52;240.89;9.81;746;75;3287.00;118
8709;74;627286797;8709;202;9457;9576;8.83;0.54;240.90;9.81;748;75;3288.00;119
8711;74;627286814;8711;189;9457;9576;8.98;0.54;240.95;9.81;746;75;3289.00;119
8711;74;627286839;8711;177;9457;9576;9.17;0.56;240.95;9.81;746;75;3290.00;119
8713;74;627286861;8713;171;9458;9577;9.36;0.57;241.00;9.81;745;75;3291.00;119
8717;74;627286883;8717;165;9461;9581;9.49;0.58;240.93;9.81;744;75;3292.00;120
8717;74;627286900;8717;155;9461;9581;9.70;0.59;240.93;9.81;744;75;3293.00;120
8720;74;627286917;8720;152;9463;9584;9.91;0.60;241.02;9.80;743;75;3294.00;121
8722;74;627286933;8722;152;9463;9584;10.03;0.61;241.00;9.80;741;75;3295.00;121
8725;74;627286948;8725;150;9464;9584;10.17;0.62;241.04;9.80;739;75;3296.00;120
8729;75;627286965;8729;153;9464;9584;10.26;0.62;241.06;9.80;735;76;3297.00;120
8730;75;627286993;8730;155;9467;9588;10.43;0.63;241.07;9.80;737;76;3298.00;121
8732;75;627287009;8732;152;9467;9588;10.55;0.64;241.17;9.80;735;76;3299.00;121
8736;75;627287029;8736;152;9471;9607;10.62;0.64;241.16;9.80;735;76;3300.00;136
8738;75;627287060;8738;143;9471;9607;10.75;0.65;241.17;9.80;733;76;3301.00;136
8743;75;627287077;8743;136;9472;9608;10.86;0.66;241.17;9.80;729;76;3302.00;136
8746;75;627287093;8746;136;9473;9609;10.98;0.67;241.23;9.79;727;76;3303.00;136
8746;75;627287109;8746;137;9473;9609;11.07;0.67;241.23;9.79;727;76;3304.00;136
8749;76;627287125;8749;141;9474;9610;11.14;0.68;241.27;9.79;725;77;3305.00;136
8750;76;627287158;8750;143;9475;9610;11.18;0.68;241.25;9.79;725;77;3306.00;135
8755;76;627287175;8755;141;9475;9610;11.25;0.68;241.28;9.79;720;77;3307.00;135
8759;76;627287190;8759;137;9476;9610;11.31;0.69;241.32;9.79;717;77;3308.00;134
8760;76;627287210;8760;136;9476;9610;11.39;0.69;241.35;9.79;716;77;3309.00;134
8761;76;627287229;8761;138;9476;9610;11.46;0.70;241.37;9.79;715;77;3310.00;134
8763;76;627287250;8763;134;9476;9610;11.51;0.70;241.38;9.79;713;77;3311.00;134
8767;76;627287268;8767;150;9537;9737;11.40;0.70;241.39;9.73;770;77;3312.00;200
8770;76;627287302;8770;140;9543;9738;11.39;0.70;241.42;9.73;773;77;3313.00;195
8772;76;627287318;8772;130;9548;9738;11.49;0.71;241.46;9.72;776;77;3314.00;190
8776;76;627287335;8776;128;9550;9738;11.60;0.71;241.48;9.72;774;77;3315.00;188
8780;76;627287351;8780;127;9555;9738;11.53;0.71;241.52;9.72;775;77;3316.00;183
8784;76;627287375;8784;130;9557;9738;11.53;0.71;241.49;9.72;773;77;3317.00;181
8787;76;627287391;8787;138;9561;9738;11.53;0.71;241.51;9.72;774;77;3318.00;177
8791;76;627287408;8791;144;9564;9738;11.48;0.70;241.55;9.72;773;77;3319.00;174
8793;76;627287424;8793;152;9567;9739;11.38;0.69;241.57;9.72;774;77;3320.00;172
8796;76;627287442;8796;156;9570;9740;11.27;0.69;241.57;9.72;774;77;3321.00;170
8797;76;627287459;8797;159;9573;9740;11.22;0.68;241.59;9.72;776;77;3322.00;167
8798;76;627287482;8798;157;9575;9741;11.25;0.69;241.59;9.72;777;77;3323.00;166
8802;76;627287499;8802;164;9578;9741;11.18;0.68;241.62;9.72;776;77;3324.00;163
8803;76;627287515;8803;164;9581;9741;11.14;0.68;241.61;9.72;778;77;3325.00;160
8809;76;627287532;8809;163;9584;9741;11.07;0.68;241.65;9.72;775;77;3326.00;157
8814;76;627287549;8814;161;9586;9745;11.02;0.67;241.69;9.72;772;77;3327.00;159
8814;76;627287567;8814;168;9587;9745;11.12;0.68;241.69;9.72;773;77;3328.00;158
8819;76;627287583;8819;165;9589;9745;11.15;0.68;241.76;9.73;770;77;3329.00;156
8824;76;627287602;8824;164;9592;9751;11.17;0.68;241.78;9.72;768;77;3330.00;159
8827;76;627287618;8827;166;9593;9751;11.22;0.68;241.81;9.72;766;77;3331.00;158
8829;76;627287633;8829;156;9594;9751;11.17;0.68;241.86;9.72;765;77;3332.00;157
8834;76;627287649;8834;157;9598;9755;11.08;0.68;241.91;9.72;764;77;3333.00;157
8838;76;627287669;8838;151;9599;9756;11.13;0.68;241.87;9.72;761;77;3334.00;157
8842;76;627287691;8842;148;9603;9756;11.19;0.68;241.92;9.74;761;77;3335.00;153
8847;76;627287724;8847;144;9606;9760;11.21;0.68;241.91;9.75;759;77;3336.00;154
8850;76;627287742;8850;138;9607;9760;11.29;0.69;241.88;9.75;757;77;3337.00;153
8852;76;627287758;8852;135;9607;9760;11.41;0.70;241.91;9.75;755;77;3338.00;153
8858;76;627287774;8858;134;9608;9761;11.51;0.70;241.94;9.75;750;77;3339.00;153
8862;76;627287791;8862;136;9611;9761;11.53;0.70;241.89;9.75;749;77;3340.00;150
8865;76;627287807;8865;137;9614;9767;11.61;0.70;241.91;9.91;749;77;3341.00;153
8867;76;627287824;8867;136;9615;9767;11.65;0.71;241.92;9.91;748;77;3342.00;152
8870;76;627287840;8870;128;9618;9768;11.59;0.70;241.92;10.07;748;77;3343.00;150
8873;76;627287857;8873;132;9618;9768;11.55;0.70;241.93;10.07;745;77;3344.00;150
8878;76;627287875;8878;135;9618;9768;11.57;0.70;241.93;10.07;740;77;3345.00;150
8881;76;627287891;8881;137;9619;9768;11.50;0.70;241.93;10.07;738;77;3346.00;149
8885;76;627287905;8885;140;9619;9768;11.44;0.69;241.92;10.07;734;77;3347.00;149
8890;76;627287926;8890;140;9631;9780;11.30;0.68;241.96;10.07;741;77;3348.00;149
8891;76;627287942;8891;148;9635;9780;11.13;0.67;241.97;10.08;744;77;3349.00;145
8892;76;627287957;8892;146;9636;9780;11.04;0.67;241.95;10.08;744;77;3350.00;144
8894;76;627287971;8894;151;9640;9780;10.91;0.66;241.99;10.08;746;77;3351.00;140
8896;76;627287985;8896;156;9641;9780;10.82;0.66;242.02;10.09;745;77;3352.00;139
8899;76;627288001;8899;159;9642;9780;10.71;0.65;241.99;10.09;743;77;3353.00;138
8904;76;627288017;8904;162;9647;9784;10.57;0.64;241.97;10.08;743;77;3354.00;137
8908;76;627288035;8908;164;9648;9784;10.54;0.64;241.99;10.08;740;77;3355.00;136
8911;76;627288049;8911;173;9651;9788;10.56;0.64;242.03;10.08;740;77;3356.00;137
8914;76;627288065;8914;175;9653;9789;10.52;0.64;242.13;10.08;739;77;3357.00;136
8918;76;627288080;8918;176;9653;9789;10.48;0.63;242.16;10.08;735;77;3358.00;136
8921;76;627288098;8921;181;9653;9789;10.44;0.63;242.16;10.08;732;77;3359.00;136
8924;76;627288115;8924;187;9672;9818;10.25;0.62;242.18;10.08;748;77;3360.00;146
8929;76;627288134;8929;185;9674;9818;10.22;0.62;242.12;10.08;745;77;3361.00;144
8930;76;627288149;8930;198;9677;9818;10.22;0.62;242.13;10.09;747;77;3362.00;141
8932;76;627288164;8932;215;9682;9819;10.12;0.61;242.12;10.10;750;77;3363.00;137
8934;76;627288182;8934;216;9683;9820;9.98;0.60;242.10;10.10;749;77;3364.00;137
8934;76;627288198;8934;222;9685;9820;9.93;0.60;242.10;10.12;751;77;3365.00;135
8936;76;627288213;8936;226;9688;9823;9.86;0.60;242.10;10.12;752;77;3366.00;135
8940;76;627288230;8940;233;9690;9823;9.78;0.59;242.10;10.14;750;77;3367.00;133
8942;76;627288246;8942;239;9690;9823;9.72;0.59;242.08;10.14;748;77;3368.00;133
8946;76;627288259;8946;248;9691;9823;9.63;0.58;242.08;10.15;745;77;3369.00;132
8948;76;627288274;8948;252;9696;9829;9.58;0.58;242.14;10.15;748;77;3370.00;133
8949;76;627288287;8949;260;9699;9829;9.50;0.58;242.13;10.18;750;77;3371.00;130
8951;76;627288302;8951;261;9700;9829;9.31;0.57;242.14;10.19;749;77;3372.00;129
8951;76;627288317;8951;271;9701;9829;9.24;0.56;242.14;10.20;750;77;3373.00;128
8953;76;627288332;8953;277;9704;9833;9.10;0.56;242.21;10.20;751;77;3374.00;129
8953;76;627288347;8953;282;9707;9835;8.96;0.55;242.21;10.21;754;77;3375.00;128
8954;76;627288360;8954;293;9708;9835;8.84;0.54;242.20;10.22;754;77;3376.00;127
8954;76;627288372;8954;302;9710;9836;8.73;0.54;242.20;10.22;756;77;3377.00;126
8956;76;627288384;8956;305;9711;9836;8.61;0.53;242.21;10.23;755;77;3378.00;125
8957;76;627288405;8957;305;9712;9836;8.53;0.52;242.20;10.24;755;77;3379.00;124
8958;76;627288418;8958;301;9712;9836;8.50;0.52;242.19;10.24;754;77;3380.00;124
8960;76;627288431;8960;301;9712;9836;8.45;0.52;242.20;10.24;752;77;3381.00;124
8966;76;627288446;8966;302;9714;9836;8.36;0.51;242.24;10.25;748;77;3382.00;122
8968;76;627288460;8968;297;9714;9836;8.28;0.51;242.21;10.25;746;77;3383.00;122
8970;76;627288483;8970;304;9749;9906;8.39;0.52;242.18;10.22;779;77;3384.00;157
8972;76;627288506;8972;305;9754;9907;8.23;0.51;242.15;10.22;782;77;3385.00;153
8975;76;627288522;8975;301;9764;9907;8.19;0.51;242.09;10.22;789;77;3386.00;143
8976;76;627288535;8976;303;9767;9907;8.11;0.50;242.08;10.22;791;77;3387.00;140
8977;76;627288549;8977;309;9776;9907;7.97;0.49;242.10;10.25;799;77;3388.00;131
8978;76;627288562;8978;313;9777;9907;7.89;0.49;242.09;10.25;799;77;3389.00;130
8980;76;627288577;8980;314;9782;9907;7.84;0.49;242.09;10.25;802;77;3390.00;125
8984;76;627288590;8984;318;9785;9907;7.79;0.48;242.03;10.25;801;77;3391.00;122
8987;76;627288602;8987;322;9790;9908;7.71;0.48;241.99;10.26;803;77;3392.00;118
8991;76;627288615;8991;327;9791;9909;7.56;0.47;241.98;10.26;800;77;3393.00;118
8996;76;627288629;8996;330;9793;9909;7.47;0.46;241.97;10.26;797;77;3394.00;116
9003;76;627288642;9003;336;9797;9913;7.33;0.45;241.90;10.26;794;77;3395.00;116
9008;76;627288655;9008;341;9798;9913;7.15;0.44;241.87;10.26;790;77;3396.00;115
9009;76;627288667;9009;347;9799;9913;6.97;0.43;241.89;10.27;790;77;3397.00;114
9011;76;627288681;9011;353;9799;9913;6.87;0.42;241.90;10.27;788;77;3398.00;114
9018;76;627288693;9018;360;9804;9919;6.76;0.42;241.89;10.27;786;77;3399.00;115
9020;76;627288714;9020;356;9805;9919;6.62;0.41;241.94;10.27;785;77;3400.00;114
9023;76;627288732;9023;354;9806;9919;6.47;0.40;241.92;10.28;783;77;3401.00;113
9025;76;627288744;9025;352;9809;9922;6.33;0.39;241.88;10.28;784;77;3402.00;113
9030;76;627288755;9030;353;9809;9922;6.17;0.38;241.85;10.28;779;77;3403.00;113
9034;76;627288767;9034;349;9810;9922;6.05;0.37;241.93;10.28;776;77;3404.00;112
9036;76;627288778;9036;356;9810;9923;5.94;0.37;241.92;10.28;774;77;3405.00;113
9040;76;627288791;9040;356;9812;9924;5.85;0.36;241.93;10.28;772;77;3406.00;112
9042;76;627288802;9042;354;9812;9924;5.82;0.36;241.94;10.28;770;77;3407.00;112
9046;76;627288813;9046;349;9822;9937;5.87;0.36;241.92;10.27;776;77;3408.00;115
9049;76;627288825;9049;346;9823;9937;5.87;0.36;241.96;10.27;774;77;3409.00;114
9052;76;627288837;9052;344;9823;9937;5.90;0.36;241.95;10.27;771;77;3410.00;114
9056;76;627288848;9056;327;9824;9938;5.97;0.37;241.95;10.27;768;77;3411.00;114
9061;76;627288860;9061;304;9826;9938;6.06;0.37;241.95;10.42;765;77;3412.00;112
9061;76;627288872;9061;293;9828;9942;6.33;0.39;241.95;10.42;767;77;3413.00;114
9062;76;627288885;9062;281;9829;9942;6.54;0.40;241.97;10.42;767;77;3414.00;113
9066;76;627288896;9066;273;9833;9946;6.77;0.41;241.92;10.41;767;77;3415.00;113
9070;76;627288909;9070;274;9833;9946;6.92;0.42;241.93;10.41;763;77;3416.00;113
9072;76;627288922;9072;268;9833;9946;7.04;0.43;241.93;10.41;761;77;3417.00;113
9076;76;627288942;9076;268;9833;9946;7.11;0.43;241.91;10.41;757;77;3418.00;113
9079;76;627288954;9079;264;9833;9946;7.18;0.44;241.92;10.41;754;77;3419.00;113
9083;76;627288975;9083;257;9860;9980;7.45;0.45;241.91;10.39;777;77;3420.00;120
9083;76;627288991;9083;248;9860;9980;7.64;0.47;241.91;10.39;777;77;3421.00;120
9085;76;627289005;9085;242;9861;9980;7.73;0.47;241.93;10.38;776;77;3422.00;119
9088;76;627289028;9088;237;9862;9980;7.80;0.48;241.95;10.38;774;77;3423.00;118
9091;76;627289041;9091;238;9862;9980;7.83;0.48;241.92;10.38;771;77;3424.00;118
9093;76;627289053;9093;240;9862;9980;7.92;0.48;241.92;10.38;769;77;3425.00;118
9096;76;627289066;9096;236;9862;9981;8.03;0.49;241.92;10.38;766;77;3426.00;119
9101;76;627289081;9101;236;9862;9981;8.06;0.49;242.09;10.38;761;77;3427.00;119
9104;76;627289094;9104;231;9867;9987;8.13;0.50;242.09;10.53;763;77;3428.00;120
9108;76;627289107;9108;233;9868;9988;8.18;0.50;242.06;10.53;760;77;3429.00;120
9109;76;627289122;9109;236;9869;9988;8.25;0.50;242.07;10.53;760;77;3430.00;119
9112;76;627289136;9112;243;9869;9988;8.29;0.51;242.02;10.53;757;77;3431.00;119
9116;76;627289149;9116;250;9872;9992;8.33;0.51;242.05;10.53;756;77;3432.00;120
9119;76;627289163;9119;245;9872;9992;8.33;0.51;242.02;10.53;753;77;3433.00;120
9122;76;627289177;9122;244;9872;9992;8.39;0.51;242.05;10.53;750;77;3434.00;120
9128;76;627289190;9128;245;9873;9993;8.44;0.52;242.07;10.53;745;77;3435.00;120
9129;76;627289202;9129;241;9876;9997;8.50;0.52;242.09;10.52;747;77;3436.00;121
9132;76;627289219;9132;239;9876;9997;8.52;0.52;242.13;10.52;744;77;3437.00;121
9133;76;627289230;9133;239;9878;10000;8.61;0.53;242.13;10.52;745;77;3438.00;122
9138;76;627289242;9138;239;9879;10000;8.61;0.53;242.27;10.52;741;77;3439.00;121
9142;76;627289253;9142;238;9879;10000;8.57;0.52;242.27;10.52;737;77;3440.00;121
9149;76;627289265;9149;237;9879;10000;8.45;0.52;242.28;10.52;730;77;3441.00;121
9150;76;627289276;9150;238;9882;10004;8.45;0.52;242.32;10.52;732;77;3442.00;122
9157;76;627289287;9157;239;9883;10004;8.42;0.51;242.34;10.52;726;77;3443.00;121
9161;76;627289299;9161;240;9883;10004;8.45;0.52;242.30;10.52;722;77;3444.00;121
9162;76;627289310;9162;240;9883;10004;8.45;0.52;242.31;10.52;721;77;3445.00;121
9165;76;627289321;9165;238;9883;10005;8.40;0.51;242.29;10.52;718;77;3446.00;122
9169;76;627289332;9169;230;9884;10006;8.41;0.51;242.34;10.52;715;77;3447.00;122
9170;76;627289343;9170;219;9884;10006;8.49;0.52;242.33;10.52;714;77;3448.00;122
9173;76;627289354;9173;215;9885;10007;8.61;0.53;242.40;10.51;712;77;3449.00;122
9177;76;627289367;9177;213;9885;10007;8.73;0.53;242.53;10.51;708;77;3450.00;122
9180;76;627289379;9180;209;9885;10007;8.81;0.54;242.52;10.51;705;77;3451.00;122
9184;76;627289397;9184;201;9885;10007;8.92;0.54;242.59;10.51;701;77;3452.00;122
9187;76;627289408;9187;199;9885;10007;9.04;0.55;242.61;10.51;698;77;3453.00;122
9190;76;627289425;9190;195;9885;10007;9.11;0.55;242.65;10.51;695;77;3454.00;122
9197;76;627289437;9197;192;9885;10007;9.14;0.55;242.73;10.51;688;77;3455.00;122
9199;76;627289448;9199;196;9959;10134;9.26;0.57;242.78;10.44;760;77;3456.00;175
9202;76;627289471;9202;171;9961;10135;9.44;0.58;242.85;10.43;759;77;3457.00;174
9205;76;627289484;9205;157;9968;10135;9.66;0.60;242.90;10.43;763;77;3458.00;167
9208;76;627289496;9208;138;9973;10135;9.81;0.60;242.92;10.42;765;77;3459.00;162
9211;76;627289509;9211;126;9978;10135;10.04;0.62;242.95;10.42;767;77;3460.00;157
9213;76;627289522;9213;120;9982;10135;10.20;0.63;242.99;10.42;769;77;3461.00;153
9216;76;627289535;9216;114;9986;10135;10.30;0.63;243.04;10.42;770;77;3462.00;149
9218;76;627289548;9218;118;9989;10135;10.40;0.64;243.01;10.42;771;77;3463.00;146
9220;76;627289561;9220;115;9992;10136;10.47;0.64;243.04;10.42;772;77;3464.00;144
9224;76;627289574;9224;125;9995;10138;10.54;0.65;243.07;10.41;771;77;3465.00;143
9225;76;627289587;9225;124;9996;10138;10.65;0.65;243.07;10.41;771;77;3466.00;142
9230;76;627289601;9230;127;9997;10139;10.77;0.66;243.13;10.41;767;77;3467.00;142
9233;76;627289615;9233;133;9999;10139;10.87;0.67;243.11;10.41;766;77;3468.00;140
9236;76;627289628;9236;134;10000;10139;10.94;0.67;243.13;10.41;764;77;3469.00;139
9238;76;627289642;9238;139;10002;10139;11.06;0.68;243.14;10.42;764;77;3470.00;137
9240;76;627289662;9240;146;10005;10143;11.08;0.68;243.17;10.41;765;77;3471.00;138
9243;76;627289691;9243;147;10007;10143;11.12;0.68;243.20;10.42;764;77;3472.00;136
9244;76;627289712;9244;147;10008;10143;11.14;0.68;243.19;10.41;764;77;3473.00;135
9248;76;627289730;9248;150;10011;10146;11.18;0.68;243.26;10.41;763;77;3474.00;135
9251;77;627289756;9251;154;10012;10146;11.22;0.69;243.28;10.41;761;78;3475.00;134
9251;77;627289790;9251;154;10012;10146;11.27;0.69;243.28;10.41;761;78;3476.00;134
9256;77;627289803;9256;151;10016;10150;11.28;0.69;243.34;10.41;760;78;3477.00;134
9258;77;627289818;9258;153;10017;10151;11.34;0.69;243.38;10.41;759;78;3478.00;134
9261;77;627289838;9261;152;10017;10151;11.45;0.70;243.40;10.41;756;78;3479.00;134
9266;77;627289854;9266;152;10021;10156;11.54;0.70;243.43;10.40;755;78;3480.00;135
9268;77;627289868;9268;154;10021;10156;11.56;0.71;243.46;10.40;753;78;3481.00;135
9272;77;627289880;9272;151;10022;10156;11.58;0.71;243.44;10.56;750;78;3482.00;134
9275;77;627289896;9275;153;10023;10157;11.64;0.71;243.47;10.55;748;78;3483.00;134
9279;77;627289909;9279;153;10023;10157;11.67;0.71;243.45;10.55;744;78;3484.00;134
9279;77;627289930;9279;149;10027;10163;11.71;0.71;243.45;10.55;748;78;3485.00;136
9283;77;627289950;9283;149;10028;10163;11.77;0.71;243.50;10.55;745;78;3486.00;135
9285;77;627289964;9285;154;10028;10164;11.72;0.71;243.52;10.55;743;78;3487.00;136
9289;77;627289985;9289;153;10028;10164;11.71;0.71;243.50;10.55;739;78;3488.00;136
9291;77;627289999;9291;150;10028;10164;11.69;0.71;243.56;10.55;737;78;3489.00;136
9295;77;627290020;9295;147;10028;10164;11.72;0.71;243.57;10.55;733;78;3490.00;136
9299;78;627290033;9299;141;10028;10164;11.77;0.71;243.65;10.55;729;79;3491.00;136
9302;78;627290067;9302;146;10038;10176;11.79;0.71;243.68;10.54;736;79;3492.00;138
9305;78;627290081;9305;141;10039;10176;11.87;0.72;243.70;10.54;734;79;3493.00;137
9308;78;627290101;9308;136;10039;10176;11.89;0.72;243.72;10.54;731;79;3494.00;137
9311;78;627290115;9311;136;10039;10176;11.93;0.72;243.71;10.54;728;79;3495.00;137
9315;78;627290128;9315;139;10039;10176;11.97;0.73;243.73;10.54;724;79;3496.00;137
9318;78;627290147;9318;143;10039;10176;12.02;0.73;243.70;10.54;721;79;3497.00;137
9323;78;627290160;9323;145;10042;10180;12.01;0.73;243.71;10.54;719;79;3498.00;138
9326;78;627290174;9326;143;10043;10180;12.00;0.73;243.77;10.69;717;79;3499.00;137
9330;78;627290187;9330;137;10046;10184;11.98;0.73;243.76;10.68;716;79;3500.00;138
9331;78;627290205;9331;135;10048;10185;12.03;0.73;243.76;10.68;717;79;3501.00;137
9334;78;627290220;9334;135;10048;10185;12.05;0.73;243.82;10.68;714;79;3502.00;137
9340;78;627290232;9340;134;10048;10185;12.09;0.73;243.82;10.68;708;79;3503.00;137
9344;78;627290244;9344;134;10058;10198;12.04;0.73;243.86;10.67;714;79;3504.00;140
9348;78;627290258;9348;128;10059;10198;12.11;0.74;243.90;10.68;711;79;3505.00;139
9350;78;627290278;9350;124;10060;10198;12.10;0.74;243.89;10.70;710;79;3506.00;138
9355;78;627290290;9355;126;10061;10199;12.16;0.74;243.90;10.70;706;79;3507.00;138
9359;78;627290302;9359;126;10061;10200;12.19;0.74;243.91;10.70;702;79;3508.00;139
9362;78;627290314;9362;123;10061;10200;12.15;0.74;243.90;10.70;699;79;3509.00;139
9365;78;627290334;9365;122;10065;10206;12.14;0.74;243.92;10.84;700;79;3510.00;141
9369;78;627290348;9369;124;10066;10206;12.15;0.74;243.95;10.84;697;79;3511.00;140
9371;78;627290363;9371;124;10067;10206;12.15;0.74;243.96;10.84;696;79;3512.00;139
9374;78;627290376;9374;128;10067;10206;12.14;0.74;243.95;10.84;693;79;3513.00;139
9378;78;627290388;9378;120;10071;10212;12.14;0.74;243.98;10.84;693;79;3514.00;141
9379;78;627290401;9379;123;10072;10212;12.08;0.74;243.97;10.84;693;79;3515.00;140
9382;78;627290412;9382;128;10074;10212;11.96;0.73;243.94;10.99;692;79;3516.00;138
9383;78;627290432;9383;124;10075;10212;11.90;0.73;243.94;10.99;692;79;3517.00;137
9385;78;627290442;9385;125;10079;10216;11.77;0.72;243.92;11.13;694;79;3518.00;137
9387;78;627290454;9387;128;10081;10219;11.65;0.71;243.92;11.13;694;79;3519.00;138
9392;78;627290466;9392;135;10082;10219;11.52;0.70;243.95;11.13;690;79;3520.00;137
9393;79;627290477;9393;140;10084;10220;11.38;0.69;243.97;11.27;691;80;3521.00;136
9395;79;627290512;9395;145;10084;10220;11.27;0.69;243.95;11.27;689;80;3522.00;136
9396;79;627290525;9396;151;10084;10220;11.17;0.68;243.94;11.27;688;80;3523.00;136
9400;79;627290539;9400;157;10086;10220;11.06;0.67;243.98;11.41;686;80;3524.00;134
9402;79;627290550;9402;168;10086;10220;10.92;0.66;243.97;11.41;684;80;3525.00;134
9405;79;627290561;9405;178;10087;10220;10.82;0.66;244.01;11.42;682;80;3526.00;133
9410;79;627290578;9410;180;10087;10220;10.66;0.65;244.02;11.42;677;80;3527.00;133
9410;79;627290592;9410;196;10122;10290;10.73;0.66;244.02;11.38;712;80;3528.00;168
9412;79;627290610;9412;196;10126;10291;10.57;0.65;244.00;11.39;714;80;3529.00;165
9414;79;627290623;9414;198;10135;10291;10.53;0.64;243.99;11.40;721;80;3530.00;156
9416;79;627290639;9416;204;10137;10291;10.47;0.64;244.00;11.41;721;80;3531.00;154
9417;79;627290656;9417;209;10142;10291;10.50;0.64;243.98;11.42;725;80;3532.00;149
9420;79;627290674;9420;218;10143;10291;10.51;0.64;243.96;11.42;723;80;3533.00;148
9421;79;627290688;9421;219;10147;10291;10.46;0.64;243.94;11.43;726;80;3534.00;144
9423;79;627290708;9423;226;10150;10291;10.32;0.63;243.91;11.43;727;80;3535.00;141
9426;79;627290721;9426;225;10154;10292;10.22;0.62;243.85;11.45;728;80;3536.00;138
9428;79;627290733;9428;228;10160;10293;10.09;0.62;243.84;11.46;732;80;3537.00;133
9432;79;627290745;9432;237;10161;10293;9.92;0.61;243.78;11.46;729;80;3538.00;132
9436;79;627290764;9436;244;10167;10297;9.72;0.59;243.74;11.46;731;80;3539.00;130
9437;79;627290779;9437;249;10169;10297;9.46;0.58;243.74;11.48;732;80;3540.00;128
9438;79;627290789;9438;261;10169;10297;9.31;0.57;243.73;11.48;731;80;3541.00;128
9438;79;627290801;9438;267;10171;10297;9.15;0.56;243.73;11.50;733;80;3542.00;126
9439;79;627290812;9439;270;10176;10303;9.00;0.55;243.76;11.50;737;80;3543.00;127
9441;79;627290824;9441;276;10177;10303;8.91;0.54;243.74;11.50;736;80;3544.00;126
9441;79;627290836;9441;286;10178;10303;8.87;0.54;243.74;11.51;737;80;3545.00;125
9443;79;627290847;9443;297;10183;10306;8.85;0.54;243.73;11.53;740;80;3546.00;123
9447;79;627290858;9447;307;10183;10306;8.69;0.53;243.70;11.53;736;80;3547.00;123
9449;79;627290869;9449;310;10185;10306;8.53;0.52;243.68;11.55;736;80;3548.00;121
9452;79;627290881;9452;308;10185;10307;8.34;0.51;243.73;11.55;733;80;3549.00;122
9453;79;627290893;9453;309;10188;10308;8.19;0.50;243.70;11.57;735;80;3550.00;120
9454;79;627290904;9454;310;10189;10308;8.08;0.50;243.70;11.58;735;80;3551.00;119
9455;79;627290914;9455;315;10200;10321;7.98;0.49;243.68;11.56;745;80;3552.00;121
9456;79;627290928;9456;311;10201;10321;7.80;0.48;243.71;11.57;745;80;3553.00;120
9458;79;627290939;9458;312;10201;10321;7.69;0.47;243.67;11.57;743;80;3554.00;120
9459;79;627290951;9459;324;10205;10323;7.61;0.47;243.67;11.59;746;80;3555.00;118
9459;79;627290962;9459;325;10205;10323;7.53;0.46;243.67;11.59;746;80;3556.00;118
9461;79;627290972;9461;321;10210;10327;7.49;0.46;243.63;11.60;749;80;3557.00;117
9463;79;627290982;9463;326;10210;10327;7.44;0.46;243.63;11.60;747;80;3558.00;117
9466;79;627290991;9466;324;10214;10331;7.42;0.45;243.60;11.60;748;80;3559.00;117
9469;79;627291001;9469;328;10216;10331;7.36;0.45;243.56;11.61;747;80;3560.00;115
9470;79;627291011;9470;331;10216;10331;7.31;0.45;243.55;11.61;746;80;3561.00;115
9475;79;627291028;9475;335;10216;10331;7.22;0.44;243.51;11.61;741;80;3562.00;115
9477;79;627291039;9477;320;10218;10331;7.14;0.43;243.54;11.62;741;80;3563.00;113
9480;79;627291048;9480;311;10227;10343;7.17;0.44;243.52;11.61;747;80;3564.00;116
9483;79;627291058;9483;302;10228;10343;7.12;0.44;243.50;11.61;745;80;3565.00;115
9486;79;627291068;9486;298;10231;10343;7.08;0.43;243.50;11.62;745;80;3566.00;112
9488;79;627291078;9488;292;10231;10343;7.03;0.43;243.58;11.62;743;80;3567.00;112
9490;79;627291087;9490;289;10233;10343;6.86;0.42;243.61;11.63;743;80;3568.00;110
9492;79;627291104;9492;286;10233;10343;6.73;0.41;243.62;11.63;741;80;3569.00;110
9496;79;627291115;9496;284;10234;10344;6.66;0.41;243.59;11.63;738;80;3570.00;110
9501;80;627291125;9501;282;10235;10344;6.59;0.41;243.62;11.64;734;81;3571.00;109
9505;80;627291147;9505;280;10239;10350;6.73;0.41;243.60;11.63;734;81;3572.00;111
9507;80;627291158;9507;267;10243;10351;6.88;0.42;243.62;11.64;736;81;3573.00;108
9510;80;627291168;9510;262;10243;10351;6.96;0.43;243.59;11.64;733;81;3574.00;108
9511;81;627291179;9511;260;10244;10351;7.12;0.44;243.61;11.64;733;82;3575.00;107
9514;81;627291201;9514;256;10248;10355;7.31;0.45;243.59;11.64;734;82;3576.00;107
9516;82;627291212;9516;251;10249;10355;7.54;0.46;243.61;11.64;733;83;3577.00;106
9519;82;627291241;9519;242;10250;10355;7.74;0.47;243.63;11.64;731;83;3578.00;105
9519;82;627291252;9519;229;10251;10356;7.90;0.48;243.63;11.64;732;83;3579.00;105
9522;82;627291262;9522;221;10254;10360;7.96;0.49;243.65;11.64;732;83;3580.00;106
9524;82;627291273;9524;218;10254;10360;8.05;0.49;243.66;11.64;730;83;3581.00;106
9529;82;627291290;9529;216;10257;10363;8.10;0.49;243.65;11.77;728;83;3582.00;106
9530;82;627291302;9530;211;10258;10363;8.17;0.50;243.67;11.77;728;83;3583.00;105
9534;82;627291313;9534;206;10258;10363;8.19;0.50;243.69;11.77;724;83;3584.00;105
9537;82;627291324;9537;206;10258;10363;8.27;0.50;243.70;11.77;721;83;3585.00;105
9541;82;627291334;9541;206;10261;10367;8.33;0.51;243.73;11.77;720;83;3586.00;106
9545;82;627291346;9545;198;10261;10367;8.41;0.51;243.70;11.77;716;83;3587.00;106
9549;82;627291357;9549;190;10262;10367;8.45;0.52;243.69;11.77;713;83;3588.00;105
9553;82;627291369;9553;189;10262;10367;8.45;0.52;243.76;11.77;709;83;3589.00;105
9557;82;627291381;9557;187;10262;10368;8.47;0.52;243.81;11.77;705;83;3590.00;106
9561;82;627291393;9561;188;10263;10369;8.51;0.52;243.86;11.77;702;83;3591.00;106
9563;82;627291405;9563;184;10263;10369;8.65;0.53;243.86;11.77;700;83;3592.00;106
9566;82;627291415;9566;183;10264;10370;8.69;0.53;243.88;11.77;698;83;3593.00;106
9573;82;627291427;9573;183;10264;10370;8.71;0.53;243.84;11.77;691;83;3594.00;106
9577;82;627291449;9577;184;10264;10370;8.74;0.53;243.86;11.77;687;83;3595.00;106
9583;82;627291460;9583;186;10265;10370;8.76;0.53;243.86;11.91;682;83;3596.00;105
9591;82;627291471;9591;188;10265;10370;8.77;0.53;243.83;11.91;674;83;3597.00;105
9596;82;627291482;9596;186;10265;10370;8.88;0.54;243.77;11.91;669;83;3598.00;105
9601;82;627291493;9601;191;10265;10370;8.93;0.54;243.79;11.91;664;83;3599.00;105
9606;82;627291508;9606;224;10374;10623;8.99;0.56;243.77;11.78;768;83;3600.00;249
9608;82;627291547;9608;220;10381;10624;8.96;0.56;243.79;11.77;773;83;3601.00;243
9614;82;627291559;9614;213;10395;10624;9.03;0.56;243.79;11.76;781;83;3602.00;229
9618;82;627291572;9618;206;10401;10624;9.06;0.56;243.75;11.76;783;83;3603.00;223
9621;82;627291585;9621;210;10407;10624;9.09;0.57;243.77;11.75;786;83;3604.00;217
9625;82;627291598;9625;207;10416;10624;9.03;0.56;243.80;11.74;791;83;3605.00;208
9628;82;627291610;9628;208;10424;10624;9.11;0.57;243.82;11.74;796;83;3606.00;200
9631;82;627291624;9631;208;10428;10624;9.15;0.57;243.84;11.74;797;83;3607.00;196
9634;82;627291641;9634;206;10433;10625;9.22;0.57;243.88;11.74;799;83;3608.00;192
9634;82;627291659;9634;205;10436;10626;9.26;0.58;243.88;11.74;802;83;3609.00;190
9637;82;627291685;9637;214;10441;10626;9.24;0.57;243.96;11.74;804;83;3610.00;185
9642;82;627291704;9642;219;10446;10627;9.24;0.57;244.01;11.73;804;83;3611.00;181
9648;82;627291721;9648;221;10450;10627;9.19;0.57;244.06;11.74;802;83;3612.00;177
9650;82;627291740;9650;224;10452;10627;9.20;0.57;244.10;11.73;802;83;3613.00;175
9655;82;627291758;9655;229;10457;10627;9.16;0.57;244.12;11.87;802;83;3614.00;170
9659;82;627291781;9659;227;10460;10631;9.16;0.57;244.13;11.87;801;83;3615.00;171
9663;82;627291794;9663;233;10462;10631;9.15;0.57;244.19;11.87;799;83;3616.00;169
9669;82;627291807;9669;223;10465;10631;9.11;0.56;244.30;11.87;796;83;3617.00;166
9674;82;627291821;9674;217;10467;10634;9.07;0.56;244.31;11.87;793;83;3618.00;167
9679;82;627291841;9679;220;10468;10634;9.07;0.56;244.33;11.87;789;83;3619.00;166
9682;82;627291860;9682;217;10469;10634;9.16;0.56;244.34;11.87;787;83;3620.00;165
9684;82;627291874;9684;216;10476;10638;9.21;0.57;244.36;11.88;792;83;3621.00;162
9686;82;627291887;9686;222;10477;10639;9.38;0.58;244.39;11.87;791;83;3622.00;162
9689;82;627291900;9689;223;10480;10639;9.46;0.58;244.47;11.88;791;83;3623.00;159
9697;82;627291912;9697;223;10483;10643;9.50;0.58;244.42;11.88;786;83;3624.00;160
9698;82;627291925;9698;224;10484;10643;9.57;0.59;244.44;11.88;786;83;3625.00;159
9704;82;627291938;9704;214;10487;10643;9.67;0.59;244.51;11.88;783;83;3626.00;156
9705;82;627291951;9705;199;10489;10644;9.76;0.60;244.51;11.88;784;83;3627.00;155
9710;82;627291972;9710;186;10489;10644;9.85;0.60;244.51;11.88;779;83;3628.00;155
9713;82;627291991;9713;175;10494;10650;9.91;0.60;244.57;11.88;781;83;3629.00;156
9714;82;627292007;9714;172;10494;10650;10.06;0.61;244.55;11.88;780;83;3630.00;156
9719;82;627292020;9719;175;10496;10651;10.18;0.62;244.60;11.88;777;83;3631.00;155
9723;82;627292033;9723;170;10496;10651;10.29;0.63;244.61;11.88;773;83;3632.00;155
9725;82;627292046;9725;167;10497;10651;10.43;0.63;244.61;11.88;772;83;3633.00;154
9728;82;627292059;9728;166;10497;10651;10.55;0.64;244.61;11.88;769;83;3634.00;154
9732;82;627292071;9732;167;10498;10651;10.62;0.64;244.61;11.88;766;83;3635.00;153
9735;82;627292084;9735;168;10507;10663;10.65;0.65;244.65;11.87;772;83;3636.00;156
9738;82;627292111;9738;171;10509;10663;10.66;0.65;244.65;11.87;771;83;3637.00;154
9741;82;627292124;9741;170;10509;10663;10.79;0.65;244.68;11.87;768;83;3638.00;154
9742;82;627292136;9742;171;10510;10663;10.87;0.66;244.70;11.87;768;83;3639.00;153
9745;82;627292149;9745;168;10510;10663;10.97;0.67;244.71;11.87;765;83;3640.00;153
9749;82;627292163;9749;167;10510;10663;11.05;0.67;244.70;11.87;761;83;3641.00;153
9755;82;627292176;9755;173;10513;10667;11.02;0.67;244.70;11.87;758;83;3642.00;154
9756;82;627292190;9756;170;10514;10667;11.13;0.67;244.72;11.87;758;83;3643.00;153
9758;82;627292202;9758;165;10517;10671;11.24;0.68;244.70;11.87;759;83;3644.00;154
9761;82;627292216;9761;170;10519;10673;11.33;0.69;244.71;11.86;758;83;3645.00;154
9765;82;627292228;9765;165;10520;10673;11.45;0.70;244.87;11.86;755;83;3646.00;153
9767;83;627292241;9767;165;10520;10673;11.52;0.70;244.90;11.86;753;84;3647.00;153
9769;83;627292274;9769;166;10528;10686;11.59;0.71;244.90;11.85;759;84;3648.00;158
9775;83;627292287;9775;171;10530;10686;11.64;0.71;244.91;11.86;755;84;3649.00;156
9776;83;627292299;9776;174;10531;10686;11.72;0.71;244.91;12.00;755;84;3650.00;155
9777;83;627292311;9777;175;10533;10687;11.84;0.72;244.92;12.00;756;84;3651.00;154
9782;83;627292322;9782;169;10533;10688;11.92;0.73;244.95;12.00;751;84;3652.00;155
9785;83;627292339;9785;167;10533;10688;11.93;0.73;244.95;12.00;748;84;3653.00;155
9788;83;627292352;9788;171;10535;10691;11.92;0.73;244.92;11.99;747;84;3654.00;156
9790;83;627292363;9790;171;10535;10691;11.90;0.72;244.97;11.99;745;84;3655.00;156
9794;83;627292373;9794;173;10536;10691;11.81;0.72;244.93;11.99;742;84;3656.00;155
9796;83;627292385;9796;169;10536;10691;11.70;0.71;244.96;11.99;740;84;3657.00;155
9800;83;627292396;9800;171;10540;10697;11.55;0.70;244.99;11.99;740;84;3658.00;157
9800;83;627292408;9800;170;10540;10697;11.51;0.70;244.99;11.99;740;84;3659.00;157
9803;83;627292420;9803;168;10541;10697;11.43;0.70;245.01;11.99;738;84;3660.00;156
9807;83;627292431;9807;164;10541;10697;11.40;0.70;245.00;11.99;734;84;3661.00;156
9810;83;627292446;9810;163;10544;10701;11.30;0.69;244.99;11.98;734;84;3662.00;157
9813;83;627292457;9813;161;10545;10702;11.34;0.69;244.97;11.98;732;84;3663.00;157
9816;83;627292470;9816;165;10545;10702;11.31;0.69;244.95;11.98;729;84;3664.00;157
9818;83;627292480;9818;166;10546;10703;11.36;0.69;244.93;11.98;728;84;3665.00;157
9821;83;627292490;9821;165;10546;10703;11.29;0.69;244.94;11.98;725;84;3666.00;157
9821;83;627292501;9821;167;10547;10703;11.34;0.69;244.94;11.99;726;84;3667.00;156
9823;83;627292511;9823;169;10548;10703;11.36;0.69;244.92;12.13;725;84;3668.00;155
9828;83;627292522;9828;166;10548;10703;11.33;0.69;244.87;12.13;720;84;3669.00;155
9833;83;627292535;9833;169;10548;10703;11.42;0.70;244.86;12.13;715;84;3670.00;155
9833;83;627292546;9833;166;10548;10703;11.46;0.70;244.86;12.13;715;84;3671.00;155
9839;83;627292557;9839;170;10576;10773;11.40;0.70;244.81;12.10;737;84;3672.00;197
9843;83;627292576;9843;167;10578;10774;11.36;0.69;244.76;12.10;735;84;3673.00;196
9843;83;627292588;9843;161;10583;10774;11.36;0.69;244.76;12.10;740;84;3674.00;191
9849;83;627292601;9849;161;10591;10774;11.35;0.69;244.71;12.11;742;84;3675.00;183
9851;83;627292614;9851;160;10597;10774;11.40;0.70;244.72;12.25;746;84;3676.00;177
9853;83;627292627;9853;165;10601;10774;11.38;0.69;244.71;12.25;748;84;3677.00;173
9858;83;627292637;9858;164;10605;10774;11.36;0.69;244.69;12.25;747;84;3678.00;169
9865;83;627292650;9865;161;10605;10774;11.29;0.69;244.62;12.25;740;84;3679.00;169
9868;83;627292662;9868;162;10608;10775;11.22;0.68;244.61;12.24;740;84;3680.00;167
9870;83;627292673;9870;154;10609;10776;11.19;0.68;244.59;12.24;739;84;3681.00;167
9871;83;627292690;9871;151;10610;10776;11.17;0.68;244.58;12.24;739;84;3682.00;166
9874;83;627292702;9874;146;10614;10780;11.04;0.67;244.57;12.38;740;84;3683.00;166
9875;83;627292718;9875;147;10614;10780;10.92;0.67;244.58;12.38;739;84;3684.00;166
9877;83;627292729;9877;144;10614;10780;10.71;0.65;244.56;12.38;737;84;3685.00;166
9877;83;627292739;9877;151;10616;10780;10.56;0.64;244.56;12.53;739;84;3686.00;164
9878;83;627292749;9878;155;10619;10786;10.48;0.64;244.58;12.53;741;84;3687.00;167
9881;83;627292760;9881;161;10620;10786;10.34;0.63;244.54;12.53;739;84;3688.00;166
9881;83;627292769;9881;170;10623;10786;10.23;0.62;244.54;12.68;742;84;3689.00;163
9884;83;627292782;9884;172;10626;10792;10.15;0.62;244.51;12.67;742;84;3690.00;166
9887;83;627292792;9887;178;10626;10792;10.04;0.61;244.46;12.67;739;84;3691.00;166
9888;83;627292802;9888;187;10630;10792;9.94;0.61;244.44;12.82;742;84;3692.00;162
9891;83;627292812;9891;194;10632;10793;9.85;0.60;244.40;12.82;741;84;3693.00;161
9892;83;627292822;9892;204;10634;10794;9.90;0.60;244.40;12.82;742;84;3694.00;160
9896;83;627292832;9896;211;10638;10794;9.90;0.60;244.43;12.97;742;84;3695.00;156
9900;83;627292842;9900;215;10647;10807;9.89;0.60;244.40;12.96;747;84;3696.00;160
9906;83;627292853;9906;223;10649;10807;9.79;0.59;244.38;12.97;743;84;3697.00;158
9907;83;627292863;9907;226;10649;10807;9.75;0.59;244.37;12.97;742;84;3698.00;158
9908;83;627292872;9908;236;10651;10808;9.71;0.59;244.36;13.12;743;84;3699.00;157
9910;83;627292883;9910;244;10652;10808;9.62;0.58;244.47;13.13;742;84;3700.00;156
9911;83;627292896;9911;247;10661;10812;9.53;0.58;244.45;13.15;750;84;3701.00;151
9912;83;627292907;9912;254;10663;10812;9.42;0.57;244.45;13.17;751;84;3702.00;149
9918;83;627292916;9918;257;10666;10816;9.21;0.56;244.42;13.16;748;84;3703.00;150
9924;83;627292926;9924;263;10667;10816;9.00;0.55;244.34;13.17;743;84;3704.00;149
9927;83;627292936;9927;273;10669;10816;8.83;0.54;244.32;13.19;742;84;3705.00;147
9928;83;627292946;9928;274;10670;10816;8.69;0.53;244.31;13.20;742;84;3706.00;146
9929;83;627292954;9929;280;10671;10816;8.58;0.52;244.29;13.21;742;84;3707.00;145
9931;83;627292964;9931;283;10682;10828;8.52;0.52;244.26;13.22;751;84;3708.00;146
9931;83;627292974;9931;286;10684;10828;8.47;0.52;244.26;13.23;753;84;3709.00;144
9932;83;627292984;9932;294;10687;10828;8.42;0.52;244.26;13.24;755;84;3710.00;141
9933;83;627292993;9933;305;10689;10828;8.34;0.51;244.25;13.26;756;84;3711.00;139
9933;83;627293002;9933;308;10690;10828;8.23;0.50;244.25;13.26;757;84;3712.00;138
9934;83;627293010;9934;313;10692;10828;8.10;0.50;244.25;13.27;758;84;3713.00;136
9936;83;627293019;9936;318;10694;10829;7.95;0.49;244.26;13.29;758;84;3714.00;135
9938;83;627293028;9938;312;10696;10829;7.83;0.48;244.24;13.30;758;84;3715.00;133
9939;83;627293037;9939;303;10702;10835;7.85;0.48;244.24;13.30;763;84;3716.00;133
9939;83;627293047;9939;301;10705;10836;7.90;0.49;244.24;13.31;766;84;3717.00;131
9942;83;627293056;9942;302;10706;10836;7.90;0.48;244.21;13.32;764;84;3718.00;130
9944;83;627293065;9944;294;10707;10836;7.87;0.48;244.26;13.33;763;84;3719.00;129
9946;83;627293076;9946;291;10712;10841;7.88;0.48;244.25;13.33;766;84;3720.00;129
9947;83;627293086;9947;284;10712;10841;7.83;0.48;244.24;13.33;765;84;3721.00;129
9949;83;627293100;9949;285;10714;10841;7.78;0.48;244.21;13.35;765;84;3722.00;127
9949;83;627293110;9949;281;10715;10842;7.83;0.48;244.21;13.35;766;84;3723.00;127
9951;83;627293119;9951;279;10718;10846;7.83;0.48;244.30;13.35;767;84;3724.00;128
9951;83;627293129;9951;274;10719;10846;7.86;0.48;244.30;13.35;768;84;3725.00;127
9953;83;627293144;9953;276;10722;10849;7.93;0.48;244.31;13.36;769;84;3726.00;127
9953;83;627293154;9953;269;10723;10849;7.98;0.49;244.31;13.36;770;84;3727.00;126
9953;83;627293163;9953;266;10726;10849;8.04;0.49;244.31;13.38;773;84;3728.00;123
9953;83;627293173;9953;267;10726;10849;8.17;0.50;244.31;13.38;773;84;3729.00;123
9955;83;627293182;9955;269;10729;10853;8.20;0.50;244.29;13.38;774;84;3730.00;124
9958;83;627293197;9958;272;10733;10853;8.19;0.50;244.24;13.39;775;84;3731.00;120
9963;83;627293207;9963;271;10733;10853;8.10;0.49;244.24;13.39;770;84;3732.00;120
9966;83;627293217;9966;267;10734;10853;8.08;0.49;244.21;13.40;768;84;3733.00;119
9969;83;627293227;9969;263;10735;10854;8.04;0.49;244.19;13.40;766;84;3734.00;119
9973;83;627293236;9973;262;10737;10856;8.01;0.49;244.20;13.40;764;84;3735.00;119
9979;83;627293246;9979;257;10739;10856;7.91;0.48;244.24;13.41;760;84;3736.00;117
9983;83;627293256;9983;258;10741;10857;7.83;0.48;244.24;13.41;758;84;3737.00;116
9985;83;627293266;9985;260;10741;10857;7.74;0.47;244.28;13.41;756;84;3738.00;116
9990;83;627293275;9990;265;10742;10857;7.70;0.47;244.32;13.42;752;84;3739.00;115
9992;83;627293284;9992;249;10742;10857;7.69;0.47;244.32;13.42;750;84;3740.00;115
9996;83;627293293;9996;248;10743;10857;7.66;0.47;244.38;13.42;747;84;3741.00;114
10001;83;627293302;10001;244;10743;10857;7.67;0.47;244.40;13.42;742;84;3742.00;114
10003;83;627293311;10003;242;10744;10857;7.67;0.47;244.39;13.43;741;84;3743.00;113
10005;83;627293319;10005;255;10811;10984;7.90;0.49;244.41;13.34;806;84;3744.00;173
10010;83;627293337;10010;253;10813;10985;7.85;0.49;244.44;13.35;803;84;3745.00;172
10017;83;627293348;10017;251;10822;10985;7.88;0.49;244.40;13.34;805;84;3746.00;163
10021;83;627293358;10021;251;10830;10985;7.88;0.49;244.40;13.33;809;84;3747.00;155
10024;83;627293368;10024;249;10838;10985;7.86;0.49;244.43;13.33;814;84;3748.00;147
10028;83;627293377;10028;248;10842;10985;7.81;0.48;244.46;13.33;814;84;3749.00;143
10031;83;627293389;10031;251;10848;10990;7.82;0.48;244.46;13.32;817;84;3750.00;142
10036;83;627293400;10036;253;10852;10990;7.80;0.48;244.46;13.47;816;84;3751.00;138
10040;83;627293410;10040;255;10856;10991;7.83;0.48;244.44;13.46;816;84;3752.00;135
10044;83;627293421;10044;250;10859;10992;7.91;0.49;244.44;13.46;815;84;3753.00;133
10049;83;627293431;10049;250;10862;10992;7.98;0.49;244.43;13.46;813;84;3754.00;130
10052;83;627293442;10052;252;10863;10993;8.06;0.50;244.42;13.46;811;84;3755.00;130
10056;83;627293452;10056;252;10865;10993;8.19;0.50;244.45;13.46;809;84;3756.00;128
10059;83;627293462;10059;252;10866;10993;8.25;0.51;244.47;13.46;807;84;3757.00;127
10062;83;627293473;10062;248;10868;10993;8.23;0.51;244.47;13.46;806;84;3758.00;125
10067;83;627293483;10067;240;10871;10997;8.26;0.51;244.50;13.46;804;84;3759.00;126
10069;83;627293495;10069;234;10873;10997;8.33;0.51;244.50;13.46;804;84;3760.00;124
10074;84;627293506;10074;225;10873;10997;8.31;0.51;244.53;13.46;799;85;3761.00;124
10080;84;627293533;10080;226;10876;11000;8.39;0.52;244.55;13.45;796;85;3762.00;124
10084;84;627293544;10084;223;10877;11000;8.45;0.52;244.53;13.45;793;85;3763.00;123
10089;84;627293555;10089;220;10877;11000;8.51;0.52;244.62;13.45;788;85;3764.00;123
10091;84;627293568;10091;218;10880;11004;8.55;0.52;244.61;13.45;789;85;3765.00;124
10096;84;627293579;10096;218;10881;11005;8.52;0.52;244.62;13.45;785;85;3766.00;124
10099;84;627293591;10099;222;10881;11005;8.50;0.52;244.57;13.45;782;85;3767.00;124
10104;84;627293601;10104;223;10885;11009;8.52;0.52;244.57;13.45;781;85;3768.00;124
10110;84;627293613;10110;226;10885;11009;8.56;0.52;244.59;13.45;775;85;3769.00;124
10114;84;627293624;10114;230;10885;11009;8.59;0.52;244.60;13.45;771;85;3770.00;124
10119;84;627293636;10119;226;10887;11010;8.67;0.53;244.62;13.45;768;85;3771.00;123
10123;84;627293650;10123;226;10888;11010;8.69;0.53;244.64;13.45;765;85;3772.00;122
10126;84;627293680;10126;229;10892;11016;8.77;0.53;244.65;13.44;766;85;3773.00;124
10128;84;627293700;10128;228;10893;11016;8.90;0.54;244.66;13.44;765;85;3774.00;123
10133;84;627293718;10133;231;10893;11017;8.89;0.54;244.68;13.44;760;85;3775.00;124
10134;84;627293735;10134;234;10894;11017;8.94;0.54;244.67;13.44;760;85;3776.00;123
10138;84;627293751;10138;227;10894;11017;8.97;0.54;244.67;13.44;756;85;3777.00;123
10139;84;627293768;10139;222;10894;11017;9.06;0.55;244.67;13.44;755;85;3778.00;123
10141;84;627293780;10141;218;10894;11017;9.10;0.55;244.66;13.44;753;85;3779.00;123
10147;84;627293795;10147;229;10920;11053;9.25;0.56;244.70;13.41;773;85;3780.00;133
10149;84;627293810;10149;229;10921;11053;9.28;0.56;244.71;13.41;772;85;3781.00;132
10152;84;627293823;10152;230;10923;11053;9.26;0.56;244.71;13.40;771;85;3782.00;130
10153;84;627293837;10153;227;10924;11053;9.24;0.56;244.71;13.40;771;85;3783.00;129
10157;84;627293849;10157;231;10924;11053;9.24;0.56;244.70;13.40;767;85;3784.00;129
10157;84;627293861;10157;235;10924;11053;9.24;0.56;244.70;13.40;767;85;3785.00;129
10160;84;627293874;10160;241;10927;11057;9.25;0.56;244.69;13.40;767;85;3786.00;130
10167;84;627293885;10167;236;10928;11057;9.25;0.56;244.73;13.40;761;85;3787.00;129
10169;84;627293897;10169;224;10931;11061;9.29;0.57;244.76;13.40;762;85;3788.00;130
10176;84;627293916;10176;218;10934;11062;9.27;0.57;244.75;13.54;758;85;3789.00;128
10177;84;627293929;10177;210;10934;11062;9.32;0.57;244.78;13.54;757;85;3790.00;128
10182;84;627293941;10182;208;10934;11062;9.36;0.57;244.80;13.54;752;85;3791.00;128
10185;84;627293952;10185;204;10945;11075;9.48;0.58;244.91;13.53;760;85;3792.00;130
10186;84;627293965;10186;204;10945;11075;9.48;0.58;244.92;13.53;759;85;3793.00;130
10189;84;627293978;10189;207;10945;11075;9.51;0.58;244.98;13.53;756;85;3794.00;130
10191;84;627293990;10191;207;10946;11076;9.53;0.58;244.98;13.53;755;85;3795.00;130
10193;84;627294003;10193;191;10946;11077;9.63;0.59;244.99;13.53;753;85;3796.00;131
10193;84;627294014;10193;178;10946;11077;9.72;0.59;244.99;13.53;753;85;3797.00;131
10196;84;627294026;10196;165;10948;11080;9.81;0.60;245.01;13.52;752;85;3798.00;132
10201;84;627294038;10201;162;10948;11080;9.83;0.60;245.05;13.52;747;85;3799.00;132
10206;84;627294051;10206;153;10949;11080;9.87;0.60;245.05;13.52;743;85;3800.00;131
10208;84;627294068;10208;144;10949;11080;9.98;0.61;245.08;13.52;741;85;3801.00;131
10210;84;627294081;10210;139;10953;11086;10.07;0.62;245.06;13.52;743;85;3802.00;133
10216;84;627294095;10216;134;10953;11086;10.13;0.62;245.10;13.52;737;85;3803.00;133
10220;84;627294107;10220;141;10954;11086;10.26;0.63;245.07;13.52;734;85;3804.00;132
10222;84;627294119;10222;145;10954;11086;10.28;0.63;245.10;13.52;732;85;3805.00;132
10224;84;627294131;10224;145;10957;11090;10.26;0.63;245.09;13.51;733;85;3806.00;133
10224;84;627294144;10224;144;10958;11091;10.33;0.63;245.09;13.51;734;85;3807.00;133
10230;84;627294156;10230;143;10958;11091;10.30;0.63;245.09;13.51;728;85;3808.00;133
10232;84;627294174;10232;146;10959;11092;10.33;0.63;245.11;13.51;727;85;3809.00;133
10234;84;627294188;10234;143;10959;11092;10.34;0.63;245.11;13.51;725;85;3810.00;133
10238;84;627294200;10238;142;10959;11092;10.38;0.64;245.13;13.51;721;85;3811.00;133
10239;84;627294212;10239;145;10959;11092;10.45;0.64;245.16;13.51;720;85;3812.00;133
10243;84;627294224;10243;151;10959;11092;10.44;0.64;245.15;13.51;716;85;3813.00;133
10248;84;627294234;10248;152;10959;11092;10.49;0.64;245.21;13.51;711;85;3814.00;133
10252;84;627294246;10252;155;10959;11092;10.57;0.65;245.26;13.51;707;85;3815.00;133
10257;84;627294257;10257;173;10999;11162;10.49;0.64;245.27;13.46;742;85;3816.00;163
10260;84;627294282;10260;172;10999;11163;10.56;0.65;245.34;13.46;739;85;3817.00;164
10267;84;627294294;10267;166;11004;11163;10.66;0.65;245.34;13.46;737;85;3818.00;159
10270;84;627294305;10270;164;11006;11163;10.68;0.65;245.36;13.46;736;85;3819.00;157
10272;84;627294316;10272;166;11008;11163;10.77;0.66;245.39;13.45;736;85;3820.00;155
10275;84;627294327;10275;169;11012;11163;10.93;0.66;245.39;13.45;737;85;3821.00;151
10278;84;627294338;10278;174;11014;11163;10.97;0.67;245.41;13.45;736;85;3822.00;149
10279;85;627294349;10279;180;11019;11163;11.08;0.67;245.40;13.45;740;86;3823.00;144
10283;86;627294373;10283;186;11019;11164;11.05;0.67;245.42;13.45;736;87;3824.00;145
10285;86;627294393;10285;185;11025;11166;11.07;0.67;245.49;13.44;740;87;3825.00;141
10287;86;627294404;10287;187;11026;11166;11.05;0.67;245.47;13.44;739;87;3826.00;140
10290;86;627294415;10290;189;11029;11170;10.96;0.67;245.46;13.44;739;87;3827.00;141
10292;86;627294426;10292;191;11029;11170;10.94;0.67;245.47;13.44;737;87;3828.00;141
10294;86;627294437;10294;192;11029;11170;10.87;0.66;245.49;13.44;735;87;3829.00;141
10298;86;627294448;10298;195;11030;11170;10.76;0.66;245.48;13.59;732;87;3830.00;140
10301;86;627294460;10301;195;11033;11176;10.76;0.66;245.47;13.59;732;87;3831.00;143
10303;86;627294472;10303;197;11033;11176;10.70;0.65;245.46;13.59;730;87;3832.00;143
10305;86;627294483;10305;197;11034;11176;10.65;0.65;245.44;13.58;729;87;3833.00;142
10311;86;627294494;10311;192;11036;11179;10.63;0.65;245.41;13.58;725;87;3834.00;143
10313;86;627294505;10313;194;11037;11179;10.61;0.65;245.39;13.58;724;87;3835.00;142
10318;86;627294515;10318;198;11037;11179;10.65;0.65;245.35;13.58;719;87;3836.00;142
10319;86;627294526;10319;199;11037;11180;10.63;0.65;245.34;13.58;718;87;3837.00;143
10323;86;627294537;10323;207;11038;11181;10.55;0.64;245.36;13.58;715;87;3838.00;143
10325;86;627294547;10325;205;11038;11181;10.52;0.64;245.38;13.58;713;87;3839.00;143
10326;86;627294563;10326;212;11053;11207;10.39;0.63;245.39;13.56;727;87;3840.00;154
10328;86;627294585;10328;206;11054;11207;10.38;0.63;245.37;13.56;726;87;3841.00;153
10331;86;627294601;10331;198;11056;11207;10.34;0.63;245.33;13.56;725;87;3842.00;151
10335;86;627294615;10335;198;11058;11208;10.22;0.62;245.29;13.56;723;87;3843.00;150
10340;86;627294638;10340;197;11058;11208;10.20;0.62;245.25;13.56;718;87;3844.00;150
10342;86;627294655;10342;198;11061;11212;10.29;0.63;245.22;13.57;719;87;3845.00;151
10346;86;627294669;10346;193;11063;11214;10.29;0.62;245.18;13.71;717;87;3846.00;151
10349;86;627294685;10349;193;11067;11218;10.29;0.62;245.16;13.71;718;87;3847.00;151
10353;86;627294712;10353;195;11067;11218;10.30;0.63;245.14;13.71;714;87;3848.00;151
10356;86;627294724;10356;190;11068;11218;10.30;0.62;245.13;13.71;712;87;3849.00;150
10359;86;627294740;10359;183;11068;11218;10.35;0.63;245.14;13.71;709;87;3850.00;150
10361;86;627294749;10361;184;11068;11218;10.27;0.62;245.14;13.71;707;87;3851.00;150
10363;86;627294759;10363;180;11079;11230;10.28;0.62;245.11;13.69;716;87;3852.00;151
10363;86;627294773;10363;182;11079;11230;10.19;0.62;245.11;13.69;716;87;3853.00;151
10366;86;627294782;10366;188;11079;11230;10.15;0.62;245.07;13.69;713;87;3854.00;151
10366;86;627294792;10366;191;11079;11230;10.12;0.62;245.07;13.69;713;87;3855.00;151
10369;86;627294801;10369;193;11079;11230;10.12;0.61;245.08;13.69;710;87;3856.00;151
10370;86;627294810;10370;194;11080;11230;10.17;0.62;245.06;13.70;710;87;3857.00;150
10371;86;627294819;10371;200;11080;11231;10.14;0.62;245.07;13.70;709;87;3858.00;151
10373;86;627294828;10373;205;11080;11231;10.20;0.62;245.05;13.70;707;87;3859.00;151
10375;86;627294838;10375;211;11086;11237;10.19;0.62;245.01;13.69;711;87;3860.00;151
10376;86;627294847;10376;216;11087;11238;10.19;0.62;245.01;13.69;711;87;3861.00;151
10380;86;627294857;10380;220;11088;11238;10.11;0.61;245.03;13.69;708;87;3862.00;150
10381;86;627294868;10381;222;11089;11238;10.02;0.61;245.02;13.69;708;87;3863.00;149
10381;86;627294877;10381;223;11091;11242;10.01;0.61;245.02;13.69;710;87;3864.00;151
10383;86;627294888;10383;228;11092;11242;9.89;0.60;244.98;13.69;709;87;3865.00;150
10384;86;627294901;10384;239;11093;11242;9.75;0.59;244.98;13.70;709;87;3866.00;149
10385;86;627294914;10385;232;11095;11243;9.70;0.59;244.96;13.70;710;87;3867.00;148
10386;86;627294925;10386;226;11098;11247;9.62;0.59;244.96;13.70;712;87;3868.00;149
10389;86;627294935;10389;216;11100;11247;9.59;0.58;244.94;13.71;711;87;3869.00;147
10390;86;627294951;10390;210;11104;11253;9.61;0.58;244.95;13.72;714;87;3870.00;149
10393;86;627294965;10393;206;11104;11253;9.65;0.59;244.94;13.72;711;87;3871.00;149
10395;86;627294979;10395;202;11107;11253;9.61;0.58;244.94;13.72;712;87;3872.00;146
10395;86;627294994;10395;204;11108;11253;9.62;0.58;244.94;13.74;713;87;3873.00;145
10396;86;627295009;10396;206;11112;11257;9.65;0.59;244.92;13.74;716;87;3874.00;145
10399;86;627295019;10399;209;11113;11257;9.61;0.58;244.91;13.74;714;87;3875.00;144
10402;86;627295029;10402;206;11114;11257;9.62;0.58;244.90;13.75;712;87;3876.00;143
10404;86;627295039;10404;206;11116;11257;9.57;0.58;244.89;13.76;712;87;3877.00;141
10405;86;627295049;10405;208;11117;11258;9.47;0.58;244.89;13.76;712;87;3878.00;141
10406;86;627295059;10406;203;11120;11259;9.41;0.57;244.89;13.78;714;87;3879.00;139
10406;86;627295070;10406;212;11121;11259;9.36;0.57;244.89;13.78;715;87;3880.00;138
10406;86;627295079;10406;211;11123;11260;9.34;0.57;244.89;13.79;717;87;3881.00;137
10406;86;627295091;10406;211;11124;11260;9.31;0.57;244.89;13.81;718;87;3882.00;136
10407;86;627295100;10407;216;11125;11260;9.26;0.57;244.89;13.81;718;87;3883.00;135
10411;86;627295110;10411;221;11125;11260;9.22;0.57;244.88;13.81;714;87;3884.00;135
10412;86;627295119;10412;222;11127;11260;9.19;0.56;244.87;13.82;715;87;3885.00;133
10414;86;627295129;10414;228;11128;11260;9.17;0.56;244.92;13.84;714;87;3886.00;132
10415;86;627295139;10415;236;11128;11260;9.11;0.56;244.91;13.84;713;87;3887.00;132
10418;86;627295148;10418;256;11196;11387;9.20;0.57;244.92;13.75;778;87;3888.00;191
10419;86;627295167;10419;249;11203;11388;9.18;0.57;244.93;13.80;784;87;3889.00;185
10421;86;627295177;10421;242;11212;11388;9.27;0.58;244.95;13.79;791;87;3890.00;176
10422;86;627295187;10422;237;11220;11388;9.23;0.57;244.94;13.80;798;87;3891.00;168
10424;86;627295197;10424;228;11227;11388;9.20;0.57;244.94;13.79;803;87;3892.00;161
10429;86;627295207;10429;224;11232;11388;9.10;0.57;244.99;13.79;803;87;3893.00;156
10431;86;627295218;10431;222;11238;11388;9.04;0.56;244.98;13.81;807;87;3894.00;150
10435;86;627295228;10435;218;11241;11388;8.98;0.56;244.96;13.81;806;87;3895.00;147
10438;86;627295238;10438;224;11245;11389;8.98;0.56;244.94;13.82;807;87;3896.00;144
10441;86;627295250;10441;223;11246;11390;8.96;0.55;244.92;13.82;805;87;3897.00;144
10444;86;627295261;10444;230;11248;11390;8.93;0.55;244.95;13.82;804;87;3898.00;142
10449;86;627295271;10449;231;11251;11391;8.80;0.54;244.95;13.84;802;87;3899.00;140
10451;86;627295285;10451;244;11257;11406;8.62;0.53;244.94;13.83;806;87;3900.00;149
10455;86;627295301;10455;249;11257;11406;8.43;0.52;244.95;13.83;802;87;3901.00;149
10459;86;627295313;10459;249;11261;11406;8.21;0.51;244.94;13.85;802;87;3902.00;145
10462;86;627295326;10462;253;11264;11410;8.11;0.50;244.92;13.84;802;87;3903.00;146
10465;86;627295337;10465;250;11268;11410;8.01;0.50;244.96;13.86;803;87;3904.00;142
10469;86;627295348;10469;256;11269;11410;7.92;0.49;244.99;13.86;800;87;3905.00;141
10472;86;627295359;10472;259;11273;11413;7.80;0.48;245.00;13.86;801;87;3906.00;140
10477;86;627295371;10477;262;11275;11413;7.65;0.47;245.04;13.86;798;87;3907.00;138
10481;86;627295382;10481;272;11275;11413;7.48;0.46;245.02;13.86;794;87;3908.00;138
10485;86;627295392;10485;277;11281;11417;7.40;0.46;245.03;13.87;796;87;3909.00;136
10491;86;627295402;10491;268;11283;11418;7.40;0.46;245.05;13.87;792;87;3910.00;135
10494;86;627295414;10494;260;11284;11418;7.50;0.46;245.13;13.87;790;87;3911.00;134
10498;86;627295423;10498;256;11289;11422;7.55;0.47;245.13;13.87;791;87;3912.00;133
10505;86;627295434;10505;251;11289;11422;7.66;0.47;245.09;13.87;784;87;3913.00;133
10512;86;627295445;10512;245;11289;11422;7.68;0.47;245.13;13.87;777;87;3914.00;133
10515;86;627295456;10515;243;11294;11424;7.71;0.47;245.11;13.88;779;87;3915.00;130
10518;86;627295475;10518;235;11294;11424;7.75;0.48;245.10;13.88;776;87;3916.00;130
10520;86;627295487;10520;231;11300;11430;7.87;0.49;245.11;13.88;780;87;3917.00;130
10526;86;627295498;10526;228;11300;11430;7.97;0.49;245.08;13.88;774;87;3918.00;130
10527;86;627295509;10527;221;11300;11431;8.15;0.50;245.10;13.88;773;87;3919.00;131
10533;86;627295525;10533;220;11300;11431;8.25;0.51;245.09;13.88;767;87;3920.00;131
10537;86;627295536;10537;214;11301;11431;8.33;0.51;245.11;13.88;764;87;3921.00;130
10537;86;627295548;10537;211;11301;11431;8.47;0.52;245.11;13.88;764;87;3922.00;130
10542;86;627295559;10542;215;11302;11431;8.59;0.53;245.10;13.88;760;87;3923.00;129
10548;86;627295570;10548;207;11311;11443;8.68;0.53;245.13;13.87;763;87;3924.00;132
10550;86;627295583;10550;203;11311;11443;8.78;0.54;245.12;13.87;761;87;3925.00;132
10555;86;627295594;10555;204;11313;11443;8.86;0.54;245.15;13.87;758;87;3926.00;130
10563;86;627295605;10563;201;11313;11443;8.91;0.54;245.21;13.87;750;87;3927.00;130
10564;86;627295618;10564;203;11313;11443;9.03;0.55;245.20;13.87;749;87;3928.00;130
10569;86;627295630;10569;202;11314;11443;9.05;0.55;245.23;13.87;745;87;3929.00;129
10573;86;627295642;10573;199;11317;11447;9.11;0.56;245.30;13.87;744;87;3930.00;130
10576;86;627295659;10576;193;11317;11447;9.18;0.56;245.34;13.87;741;87;3931.00;130
10581;86;627295680;10581;195;11321;11451;9.27;0.57;245.40;13.87;740;87;3932.00;130
10585;86;627295699;10585;194;11324;11452;9.32;0.57;245.42;14.01;739;87;3933.00;128
10588;86;627295718;10588;196;11324;11452;9.35;0.57;245.44;14.01;736;87;3934.00;128
10593;86;627295737;10593;197;11325;11452;9.37;0.57;245.44;14.01;732;87;3935.00;127
10598;86;627295755;10598;200;11335;11465;9.43;0.58;245.45;14.00;737;87;3936.00;130
10603;86;627295775;10603;192;11336;11465;9.48;0.58;245.50;14.00;733;87;3937.00;129
10610;86;627295792;10610;192;11337;11465;9.48;0.58;245.50;14.00;727;87;3938.00;128
10616;86;627295808;10616;195;11338;11466;9.52;0.58;245.58;14.00;722;87;3939.00;128
10620;86;627295823;10620;190;11339;11467;9.60;0.59;245.60;14.00;719;87;3940.00;128
10627;86;627295837;10627;187;11340;11467;9.61;0.59;245.64;14.00;713;87;3941.00;127
10632;86;627295851;10632;185;11343;11470;9.70;0.59;245.62;13.99;711;87;3942.00;127
10637;86;627295865;10637;188;11344;11470;9.70;0.59;245.62;13.99;707;87;3943.00;126
10641;86;627295877;10641;191;11344;11470;9.65;0.59;245.61;13.99;703;87;3944.00;126
10647;86;627295889;10647;193;11344;11470;9.56;0.58;245.66;13.99;697;87;3945.00;126
10650;86;627295901;10650;197;11348;11476;9.56;0.58;245.71;13.99;698;87;3946.00;128
10651;86;627295914;10651;195;11348;11476;9.59;0.58;245.69;13.99;697;87;3947.00;128
10654;86;627295926;10654;201;11349;11476;9.55;0.58;245.75;13.99;695;87;3948.00;127
10658;86;627295938;10658;200;11349;11476;9.54;0.58;245.72;13.99;691;87;3949.00;127
10662;86;627295950;10662;208;11352;11480;9.56;0.58;245.76;13.98;690;87;3950.00;128
10666;86;627295962;10666;212;11353;11481;9.53;0.58;245.79;13.98;687;87;3951.00;128
10669;86;627295974;10669;212;11353;11481;9.46;0.58;245.81;13.98;684;87;3952.00;128
10671;86;627295986;10671;211;11354;11482;9.40;0.57;245.83;13.98;683;87;3953.00;128
10673;86;627295998;10673;215;11354;11482;9.37;0.57;245.83;13.98;681;87;3954.00;128
10681;86;627296012;10681;225;11354;11482;9.21;0.56;245.86;13.98;673;87;3955.00;128
10683;86;627296028;10683;236;11354;11482;9.14;0.56;245.86;13.98;671;87;3956.00;128
10688;86;627296043;10688;224;11355;11482;9.04;0.55;245.89;14.13;667;87;3957.00;127
10691;86;627296055;10691;217;11355;11482;8.86;0.54;245.89;14.13;664;87;3958.00;127
10692;86;627296074;10692;216;11355;11482;8.72;0.53;245.90;14.13;663;87;3959.00;127
10697;86;627296086;10697;229;11426;11607;8.59;0.53;245.91;14.04;729;87;3960.00;181
10702;86;627296108;10702;221;11428;11608;8.53;0.53;245.93;14.04;726;87;3961.00;180
10706;86;627296120;10706;214;11433;11608;8.61;0.53;245.98;14.03;727;87;3962.00;175
10709;86;627296132;10709;212;11437;11608;8.70;0.54;245.99;14.03;728;87;3963.00;171
10714;86;627296144;10714;214;11441;11608;8.78;0.54;245.99;14.02;727;87;3964.00;167
10716;86;627296156;10716;216;11443;11608;8.91;0.55;246.00;14.02;727;87;3965.00;165
10719;87;627296174;10719;207;11446;11608;9.02;0.55;246.03;14.02;727;88;3966.00;162
10721;87;627296202;10721;196;11447;11608;9.08;0.56;246.10;14.02;726;88;3967.00;161
10725;87;627296215;10725;190;11453;11609;9.10;0.56;246.09;14.02;728;88;3968.00;156
10726;87;627296229;10726;188;11454;11610;9.12;0.56;246.10;14.02;728;88;3969.00;156
10729;87;627296241;10729;189;11456;11610;9.10;0.56;246.13;14.01;727;88;3970.00;154
10733;88;627296254;10733;190;11460;11614;9.01;0.55;246.13;14.01;727;89;3971.00;154
10735;88;627296286;10735;185;11463;11614;9.08;0.56;246.17;14.01;728;89;3972.00;151
10740;88;627296302;10740;191;11463;11614;9.18;0.56;246.11;14.01;723;89;3973.00;151
10745;88;627296321;10745;187;11464;11614;9.18;0.56;246.14;14.01;719;89;3974.00;150
10746;88;627296340;10746;188;11467;11620;9.26;0.57;246.12;14.01;721;89;3975.00;153
10750;88;627296352;10750;183;11468;11620;9.29;0.57;246.13;14.01;718;89;3976.00;152
10750;88;627296364;10750;183;11469;11620;9.36;0.57;246.13;14.15;719;89;3977.00;151
10751;88;627296383;10751;189;11473;11623;9.41;0.58;246.13;14.14;722;89;3978.00;150
10753;88;627296396;10753;183;11473;11623;9.46;0.58;246.12;14.14;720;89;3979.00;150
10756;88;627296408;10756;182;11474;11623;9.47;0.58;246.09;14.14;718;89;3980.00;149
10760;88;627296429;10760;181;11474;11624;9.58;0.59;246.12;14.14;714;89;3981.00;150
10763;88;627296441;10763;180;11475;11625;9.72;0.59;246.09;14.14;712;89;3982.00;150
10764;88;627296454;10764;181;11475;11625;9.80;0.60;246.10;14.14;711;89;3983.00;150
10767;88;627296467;10767;184;11485;11638;9.78;0.60;246.07;14.13;718;89;3984.00;153
10768;88;627296484;10768;184;11485;11638;9.85;0.60;246.06;14.13;717;89;3985.00;153
10771;88;627296497;10771;187;11485;11638;9.87;0.60;246.09;14.13;714;89;3986.00;153
10771;88;627296509;10771;191;11486;11639;9.97;0.61;246.09;14.13;715;89;3987.00;153
10772;88;627296521;10772;191;11486;11639;10.07;0.61;246.07;14.13;714;89;3988.00;153
10773;88;627296533;10773;196;11489;11643;10.15;0.62;246.06;14.12;716;89;3989.00;154
10774;88;627296547;10774;199;11490;11643;10.22;0.62;246.05;14.12;716;89;3990.00;153
10775;88;627296559;10775;203;11493;11647;10.26;0.63;246.03;14.12;718;89;3991.00;154
10777;88;627296570;10777;207;11493;11647;10.29;0.63;246.01;14.12;716;89;3992.00;154
10779;88;627296582;10779;210;11493;11647;10.28;0.62;246.00;14.12;714;89;3993.00;154
10780;88;627296594;10780;208;11493;11647;10.28;0.62;246.00;14.12;713;89;3994.00;154
10781;88;627296606;10781;215;11493;11647;10.27;0.62;245.98;14.12;712;89;3995.00;154
10781;88;627296620;10781;219;11503;11659;10.31;0.63;245.98;14.11;722;89;3996.00;156
10783;88;627296635;10783;221;11505;11659;10.26;0.63;245.96;14.25;722;89;3997.00;154
10786;88;627296649;10786;222;11505;11659;10.31;0.63;245.93;14.25;719;89;3998.00;154
10788;88;627296664;10788;226;11505;11659;10.30;0.63;245.90;14.25;717;89;3999.00;154
10790;88;627296678;10790;225;11505;11659;10.28;0.63;245.89;14.25;715;89;4000.00;154
10792;88;627296698;10792;231;11505;11659;10.27;0.63;245.87;14.25;713;89;4001.00;154
10795;88;627296712;10795;232;11505;11660;10.15;0.62;245.83;14.25;710;89;4002.00;155
10798;88;627296724;10798;235;11505;11660;10.12;0.62;245.81;14.25;707;89;4003.00;155
10800;88;627296734;10800;231;11509;11666;10.05;0.61;245.82;14.24;709;89;4004.00;157
10804;88;627296745;10804;236;11512;11668;10.01;0.61;245.80;14.24;708;89;4005.00;156
10807;88;627296757;10807;234;11512;11668;9.99;0.61;245.79;14.24;705;89;4006.00;156
10809;88;627296767;10809;226;11512;11668;9.96;0.61;245.77;14.24;703;89;4007.00;156
10811;88;627296777;10811;230;11515;11672;9.94;0.61;245.76;14.24;704;89;4008.00;157
10814;88;627296787;10814;228;11515;11672;9.89;0.60;245.73;14.24;701;89;4009.00;157
10815;88;627296797;10815;229;11515;11672;9.88;0.60;245.72;14.24;700;89;4010.00;157
10817;88;627296806;10817;231;11516;11673;9.87;0.60;245.71;14.24;699;89;4011.00;157
10817;88;627296815;10817;227;11519;11677;9.89;0.60;245.71;14.23;702;89;4012.00;158
10821;88;627296825;10821;223;11520;11677;9.89;0.60;245.71;14.37;699;89;4013.00;157
10824;88;627296835;10824;218;11522;11680;9.93;0.60;245.73;14.37;698;89;4014.00;158
10829;88;627296851;10829;216;11525;11680;9.96;0.60;245.69;14.39;696;89;4015.00;155
10833;88;627296863;10833;212;11526;11680;9.93;0.60;245.65;14.53;693;89;4016.00;154
10834;88;627296873;10834;212;11526;11680;9.99;0.61;245.63;14.53;692;89;4017.00;154
10837;88;627296882;10837;216;11529;11684;10.04;0.61;245.62;14.52;692;89;4018.00;155
10840;88;627296892;10840;199;11530;11684;10.08;0.61;245.59;14.66;690;89;4019.00;154
10844;88;627296903;10844;188;11531;11684;10.18;0.62;245.58;14.66;687;89;4020.00;153
10845;88;627296914;10845;178;11531;11684;10.31;0.62;245.57;14.66;686;89;4021.00;153
10847;88;627296929;10847;170;11532;11685;10.39;0.63;245.55;14.80;685;89;4022.00;153
10848;88;627296940;10848;160;11533;11686;10.45;0.63;245.55;14.80;685;89;4023.00;153
10848;88;627296952;10848;155;11533;11686;10.55;0.64;245.55;14.80;685;89;4024.00;153
10850;88;627296962;10850;151;11534;11687;10.63;0.64;245.54;14.80;684;89;4025.00;153
10853;88;627296986;10853;148;11534;11687;10.68;0.65;245.52;14.80;681;89;4026.00;153
10855;89;627296998;10855;149;11535;11687;10.73;0.65;245.56;14.80;680;90;4027.00;152
10855;89;627297022;10855;144;11535;11687;10.86;0.66;245.56;14.80;680;90;4028.00;152
10857;89;627297033;10857;141;11535;11687;10.97;0.67;245.55;14.80;678;90;4029.00;152
10858;89;627297044;10858;139;11535;11687;11.05;0.67;245.54;14.80;677;90;4030.00;152
10860;90;627297054;10860;136;11535;11687;11.15;0.68;245.54;14.80;675;91;4031.00;152
10862;90;627297077;10862;150;11596;11814;11.03;0.68;245.51;14.72;734;91;4032.00;218
10865;90;627297098;10865;148;11598;11815;11.14;0.68;245.51;14.72;733;91;4033.00;217
10866;90;627297115;10866;141;11606;11815;11.23;0.69;245.50;14.71;740;91;4034.00;209
10867;90;627297126;10867;140;11614;11815;11.33;0.70;245.50;14.70;747;91;4035.00;201
10868;90;627297138;10868;136;11621;11815;11.37;0.70;245.51;14.69;753;91;4036.00;194
10869;90;627297149;10869;135;11628;11815;11.31;0.69;245.51;14.69;759;91;4037.00;187
10869;90;627297164;10869;138;11633;11815;11.30;0.69;245.51;14.69;764;91;4038.00;182
10873;90;627297177;10873;138;11637;11815;11.21;0.69;245.51;14.70;764;91;4039.00;178
10874;90;627297189;10874;146;11641;11816;11.15;0.68;245.51;14.71;767;91;4040.00;175
10878;90;627297200;10878;148;11645;11817;11.03;0.67;245.48;14.70;767;91;4041.00;172
10881;90;627297212;10881;152;11648;11817;10.89;0.66;245.51;14.71;767;91;4042.00;169
10882;90;627297223;10882;156;11650;11818;10.76;0.66;245.53;14.73;768;91;4043.00;168
10884;90;627297233;10884;164;11653;11818;10.63;0.65;245.53;14.74;769;91;4044.00;165
10886;90;627297244;10886;175;11654;11818;10.46;0.64;245.55;14.74;768;91;4045.00;164
10889;90;627297255;10889;179;11656;11818;10.28;0.63;245.54;14.74;767;91;4046.00;162
10891;90;627297266;10891;186;11661;11822;10.18;0.62;245.56;14.76;770;91;4047.00;161
10893;90;627297277;10893;194;11663;11822;10.02;0.61;245.58;14.76;770;91;4048.00;159
10895;90;627297288;10895;203;11664;11822;9.91;0.61;245.57;14.76;769;91;4049.00;158
10898;90;627297305;10898;213;11670;11828;9.78;0.60;245.57;14.78;772;91;4050.00;158
10901;90;627297322;10901;223;11671;11828;9.60;0.59;245.56;14.79;770;91;4051.00;157
10903;90;627297333;10903;223;11675;11828;9.49;0.58;245.58;14.80;772;91;4052.00;153
10907;90;627297343;10907;229;11679;11832;9.46;0.58;245.56;14.81;772;91;4053.00;153
10909;90;627297353;10909;238;11681;11833;9.41;0.58;245.56;14.81;772;91;4054.00;152
10910;90;627297364;10910;245;11684;11833;9.32;0.57;245.56;14.83;774;91;4055.00;149
10913;90;627297374;10913;252;11689;11837;9.27;0.57;245.58;14.84;776;91;4056.00;148
10914;90;627297385;10914;260;11689;11837;9.16;0.56;245.60;14.84;775;91;4057.00;148
10915;90;627297395;10915;260;11692;11837;9.03;0.55;245.60;14.86;777;91;4058.00;145
10915;90;627297405;10915;262;11693;11838;9.01;0.55;245.60;14.86;778;91;4059.00;145
10919;90;627297415;10919;264;11695;11838;8.88;0.55;245.61;14.88;776;91;4060.00;143
10923;90;627297425;10923;264;11699;11844;8.81;0.54;245.62;14.87;776;91;4061.00;145
10927;90;627297436;10927;262;11700;11844;8.72;0.54;245.58;14.88;773;91;4062.00;144
10930;90;627297448;10930;262;11702;11845;8.67;0.53;245.60;14.89;772;91;4063.00;143
10932;90;627297459;10932;261;11702;11845;8.62;0.53;245.61;14.89;770;91;4064.00;143
10933;90;627297470;10933;261;11704;11845;8.52;0.52;245.61;14.90;771;91;4065.00;141
10937;90;627297492;10937;266;11704;11845;8.47;0.52;245.61;14.90;767;91;4066.00;141
10939;90;627297512;10939;263;11707;11845;8.47;0.52;245.62;14.92;768;91;4067.00;138
10941;90;627297524;10941;261;11718;11857;8.46;0.52;245.62;14.91;777;91;4068.00;139
10945;90;627297540;10945;256;11718;11857;8.42;0.52;245.64;14.91;773;91;4069.00;139
10948;90;627297551;10948;252;11720;11857;8.37;0.51;245.66;14.92;772;91;4070.00;137
10951;90;627297560;10951;252;11720;11857;8.35;0.51;245.65;14.92;769;91;4071.00;137
10955;90;627297570;10955;247;11722;11857;8.30;0.51;245.66;14.93;767;91;4072.00;135
10957;90;627297579;10957;250;11722;11857;8.26;0.51;245.67;14.93;765;91;4073.00;135
10960;90;627297588;10960;240;11727;11861;8.15;0.50;245.66;14.93;767;91;4074.00;134
10966;90;627297599;10966;240;11727;11861;8.07;0.49;245.67;14.93;761;91;4075.00;134
10970;90;627297609;10970;237;11731;11865;8.00;0.49;245.71;14.94;761;91;4076.00;134
10978;90;627297619;10978;240;11733;11866;7.79;0.48;245.78;14.94;755;91;4077.00;133
10981;90;627297629;10981;244;11735;11866;7.67;0.47;245.77;14.94;754;91;4078.00;131
10987;90;627297639;10987;245;11735;11866;7.46;0.46;245.81;14.94;748;91;4079.00;131
10991;90;627297650;10991;249;11755;11895;7.35;0.45;245.86;14.92;764;91;4080.00;140
10995;90;627297666;10995;244;11756;11895;7.31;0.45;245.86;14.92;761;91;4081.00;139
11000;90;627297683;11000;248;11760;11895;7.28;0.45;245.87;14.92;760;91;4082.00;135
11005;90;627297698;11005;248;11764;11896;7.33;0.45;245.86;14.92;759;91;4083.00;132
11008;90;627297715;11008;252;11765;11897;7.35;0.45;245.90;14.92;757;91;4084.00;132
11017;90;627297730;11017;254;11765;11897;7.42;0.45;245.94;14.92;748;91;4085.00;132
11017;90;627297744;11017;251;11768;11900;7.54;0.46;245.94;14.92;751;91;4086.00;132
11024;90;627297759;11024;251;11768;11900;7.56;0.46;245.97;14.92;744;91;4087.00;132
11028;90;627297772;11028;235;11768;11900;7.72;0.47;245.98;14.92;740;91;4088.00;132
11031;90;627297785;11031;229;11768;11900;7.89;0.48;246.00;14.92;737;91;4089.00;132
11035;90;627297795;11035;221;11772;11906;8.06;0.49;246.02;14.91;737;91;4090.00;134
11039;90;627297806;11039;218;11773;11906;8.20;0.50;246.01;14.91;734;91;4091.00;133
11042;90;627297818;11042;215;11773;11906;8.36;0.51;246.03;14.91;731;91;4092.00;133
11046;90;627297829;11046;215;11773;11906;8.44;0.51;246.06;14.91;727;91;4093.00;133
11048;90;627297846;11048;216;11776;11910;8.55;0.52;246.05;14.91;728;91;4094.00;134
11052;90;627297860;11052;211;11778;11912;8.66;0.53;246.06;14.91;726;91;4095.00;134
11054;90;627297871;11054;204;11778;11912;8.76;0.53;246.06;14.91;724;91;4096.00;134
11058;90;627297882;11058;207;11779;11913;8.88;0.54;246.08;14.90;721;91;4097.00;134
11060;90;627297892;11060;208;11779;11913;8.96;0.55;246.07;14.90;719;91;4098.00;134
11064;90;627297903;11064;212;11779;11913;9.00;0.55;246.09;14.90;715;91;4099.00;134
11070;90;627297916;11070;211;11779;11913;9.01;0.55;246.07;14.90;709;91;4100.00;134
11074;90;627297931;11074;209;11780;11913;9.00;0.55;246.08;15.04;706;91;4101.00;133
11081;90;627297944;11081;207;11780;11913;8.97;0.54;246.11;15.04;699;91;4102.00;133
11085;90;627297955;11085;206;11780;11913;8.99;0.54;246.14;15.04;695;91;4103.00;133
11085;90;627297965;11085;220;11819;11983;8.98;0.55;246.14;14.99;734;91;4104.00;164
11091;90;627297982;11091;218;11819;11984;9.10;0.55;246.15;14.99;728;91;4105.00;165
11093;90;627297993;11093;215;11824;11984;9.25;0.56;246.19;14.99;731;91;4106.00;160
11095;90;627298004;11095;211;11825;11984;9.34;0.57;246.19;14.99;730;91;4107.00;159
11101;90;627298016;11101;211;11830;11984;9.41;0.57;246.21;14.98;729;91;4108.00;154
11103;90;627298027;11103;215;11834;11984;9.53;0.58;246.21;14.98;731;91;4109.00;150
11108;90;627298046;11108;217;11839;11984;9.61;0.58;246.21;14.98;731;91;4110.00;145
11115;90;627298056;11115;221;11842;11984;9.57;0.58;246.27;14.97;727;91;4111.00;142
11116;90;627298067;11116;222;11843;11985;9.49;0.58;246.27;14.97;727;91;4112.00;142
11121;90;627298078;11121;221;11845;11986;9.30;0.57;246.32;14.97;724;91;4113.00;141
11123;90;627298089;11123;223;11845;11986;9.27;0.56;246.38;14.97;722;91;4114.00;141
11126;90;627298099;11126;232;11847;11990;9.25;0.56;246.39;14.97;721;91;4115.00;143
11131;90;627298110;11131;237;11847;11990;9.16;0.56;246.39;14.97;716;91;4116.00;143
11134;90;627298121;11134;245;11847;11990;9.14;0.56;246.41;14.97;713;91;4117.00;143
11139;90;627298138;11139;247;11847;11990;9.08;0.56;246.47;14.97;708;91;4118.00;143
11145;90;627298149;11145;251;11851;11996;9.04;0.55;246.45;14.96;706;91;4119.00;145
11149;90;627298160;11149;256;11851;11996;9.01;0.55;246.46;14.96;702;91;4120.00;145
11153;90;627298171;11153;262;11854;11996;8.93;0.55;246.47;14.96;701;91;4121.00;142
11157;90;627298181;11157;265;11856;11999;8.92;0.54;246.50;14.96;699;91;4122.00;143
11160;90;627298193;11160;271;11857;11999;8.92;0.54;246.48;14.96;697;91;4123.00;142
11163;90;627298203;11163;274;11859;11999;8.77;0.53;246.47;14.96;696;91;4124.00;140
11171;90;627298213;11171;281;11859;12000;8.56;0.52;246.44;14.96;688;91;4125.00;141
11173;90;627298224;11173;284;11860;12001;8.45;0.51;246.43;14.96;687;91;4126.00;141
11175;90;627298234;11175;279;11860;12001;8.30;0.50;246.43;14.96;685;91;4127.00;141
11177;90;627298244;11177;279;11871;12014;8.34;0.51;246.41;14.94;694;91;4128.00;143
11179;90;627298256;11179;280;11871;12014;8.25;0.50;246.41;14.94;692;91;4129.00;143
11179;90;627298266;11179;277;11871;12014;8.21;0.50;246.41;14.94;692;91;4130.00;143
11181;90;627298275;11181;283;11872;12015;8.20;0.50;246.44;14.94;691;91;4131.00;143
11184;90;627298286;11184;280;11872;12015;8.18;0.50;246.48;14.94;688;91;4132.00;143
11188;90;627298295;11188;279;11875;12019;8.18;0.50;246.46;14.94;687;91;4133.00;144
11190;90;627298306;11190;278;11875;12019;8.10;0.49;246.46;14.94;685;91;4134.00;144
11190;90;627298316;11190;281;11879;12023;8.03;0.49;246.46;14.93;689;91;4135.00;144
11193;90;627298325;11193;272;11879;12023;7.96;0.48;246.44;14.93;686;91;4136.00;144
11195;90;627298335;11195;261;11879;12023;7.92;0.48;246.43;14.93;684;91;4137.00;144
11197;90;627298345;11197;248;11879;12023;7.91;0.48;246.42;14.93;682;91;4138.00;144
11200;90;627298354;11200;241;11879;12023;7.90;0.48;246.42;14.93;679;91;4139.00;144
11200;90;627298366;11200;242;11903;12057;8.02;0.49;246.42;14.90;703;91;4140.00;154
11203;90;627298378;11203;237;11904;12057;8.09;0.50;246.42;14.90;701;91;4141.00;153
11205;90;627298389;11205;233;11905;12057;8.21;0.50;246.40;14.90;700;91;4142.00;152
11208;90;627298400;11208;229;11905;12057;8.31;0.51;246.37;14.90;697;91;4143.00;152
11209;90;627298410;11209;227;11906;12057;8.47;0.52;246.38;14.90;697;91;4144.00;151
11210;90;627298419;11210;219;11906;12057;8.55;0.52;246.39;14.90;696;91;4145.00;151
11210;90;627298435;11210;219;11907;12058;8.66;0.53;246.39;14.90;697;91;4146.00;151
11211;90;627298445;11211;213;11907;12058;8.71;0.53;246.38;14.90;696;91;4147.00;151
11212;90;627298455;11212;212;11911;12064;8.77;0.54;246.37;14.90;699;91;4148.00;153
11212;90;627298465;11212;208;11912;12065;8.85;0.54;246.37;14.90;700;91;4149.00;153
11214;90;627298476;11214;207;11913;12065;8.90;0.55;246.33;14.89;699;91;4150.00;152
11218;90;627298485;11218;200;11913;12065;8.92;0.55;246.31;14.89;695;91;4151.00;152
11219;90;627298497;11219;200;11917;12069;9.01;0.55;246.29;14.89;698;91;4152.00;152
11224;90;627298507;11224;198;11917;12069;8.98;0.55;246.23;14.89;693;91;4153.00;152
11224;90;627298523;11224;200;11917;12069;8.93;0.55;246.23;14.89;693;91;4154.00;152
11225;90;627298532;11225;204;11918;12070;8.97;0.55;246.24;14.89;693;91;4155.00;152
11228;90;627298541;11228;206;11921;12074;8.97;0.55;246.22;14.88;693;91;4156.00;153
11231;90;627298550;11231;212;11921;12074;9.02;0.55;246.19;14.88;690;91;4157.00;153
11231;90;627298560;11231;211;11923;12077;9.11;0.56;246.19;14.88;692;91;4158.00;154
11234;90;627298568;11234;216;11923;12077;9.14;0.56;246.18;14.88;689;91;4159.00;154
11236;90;627298577;11236;218;11924;12077;9.19;0.56;246.15;14.88;688;91;4160.00;153
11237;90;627298586;11237;223;11924;12077;9.32;0.57;246.16;14.88;687;91;4161.00;153
11239;90;627298595;11239;225;11927;12081;9.36;0.57;246.13;14.88;688;91;4162.00;154
11241;90;627298606;11241;228;11927;12081;9.42;0.58;246.13;14.88;686;91;4163.00;154
11242;90;627298615;11242;227;11928;12081;9.44;0.58;246.12;14.88;686;91;4164.00;153
11244;90;627298624;11244;223;11928;12081;9.44;0.58;246.16;14.88;684;91;4165.00;153
11245;90;627298633;11245;226;11928;12082;9.38;0.57;246.17;14.88;683;91;4166.00;154
11247;90;627298643;11247;226;11929;12083;9.35;0.57;246.16;14.88;682;91;4167.00;154
11250;90;627298655;11250;232;11929;12083;9.37;0.57;246.20;14.88;679;91;4168.00;154
11252;90;627298667;11252;234;11930;12084;9.40;0.57;246.17;14.87;678;91;4169.00;154
11255;90;627298678;11255;236;11930;12084;9.37;0.57;246.14;14.87;675;91;4170.00;154
11257;90;627298687;11257;226;11930;12084;9.43;0.57;246.13;14.87;673;91;4171.00;154
11260;90;627298696;11260;214;11930;12084;9.43;0.57;246.14;14.87;670;91;4172.00;154
11262;90;627298705;11262;205;11932;12086;9.47;0.57;246.12;14.87;670;91;4173.00;154
11263;90;627298714;11263;194;11932;12086;9.60;0.58;246.11;14.87;669;91;4174.00;154
11265;90;627298724;11265;188;11932;12086;9.73;0.59;246.11;14.87;667;91;4175.00;154
11268;90;627298732;11268;201;11999;12213;9.57;0.59;246.11;14.79;731;91;4176.00;214
11268;90;627298752;11268;185;12000;12214;9.69;0.60;246.11;14.79;732;91;4177.00;214
11270;90;627298763;11270;171;12005;12214;9.84;0.61;246.10;14.78;735;91;4178.00;209
11274;90;627298773;11274;161;12007;12214;9.98;0.61;246.07;14.78;733;91;4179.00;207
11278;90;627298783;11278;159;12011;12214;10.11;0.62;246.04;14.78;733;91;4180.00;203
11278;90;627298793;11278;153;12016;12214;10.21;0.62;246.04;14.77;738;91;4181.00;198
11280;90;627298802;11280;150;12018;12214;10.33;0.63;246.02;14.77;738;91;4182.00;196
11281;90;627298812;11281;148;12020;12214;10.45;0.64;246.02;14.77;739;91;4183.00;194
11283;90;627298822;11283;139;12023;12215;10.56;0.64;246.01;14.77;740;91;4184.00;192
11288;90;627298832;11288;140;12028;12217;10.67;0.65;246.01;14.78;740;91;4185.00;189
11289;90;627298845;11289;130;12029;12217;10.82;0.66;246.07;14.78;740;91;4186.00;188
11289;90;627298855;11289;130;12033;12218;10.97;0.67;246.07;14.92;744;91;4187.00;185
11292;90;627298865;11292;123;12036;12218;11.06;0.68;246.05;14.91;744;91;4188.00;182
11293;90;627298881;11293;125;12038;12218;11.14;0.68;246.06;14.91;745;91;4189.00;180
11294;90;627298892;11294;125;12040;12218;11.26;0.69;246.05;14.91;746;91;4190.00;178
11295;90;627298902;11295;122;12045;12222;11.26;0.69;246.06;15.05;750;91;4191.00;177
11299;90;627298912;11299;125;12047;12222;11.24;0.69;246.10;15.05;748;91;4192.00;175
11301;90;627298923;11301;126;12050;12222;11.17;0.68;246.08;15.05;749;91;4193.00;172
11303;90;627298933;11303;125;12053;12225;11.20;0.68;246.08;15.18;750;91;4194.00;172
11304;90;627298944;11304;126;12055;12225;11.12;0.68;246.06;15.18;751;91;4195.00;170
11309;90;627298954;11309;128;12057;12225;11.06;0.67;246.08;15.32;748;91;4196.00;168
11313;90;627298965;11313;133;12062;12229;10.93;0.66;246.08;15.32;749;91;4197.00;167
11317;90;627298976;11317;141;12063;12230;10.87;0.66;246.04;15.32;746;91;4198.00;167
11319;90;627298987;11319;145;12064;12230;10.85;0.66;246.08;15.45;745;91;4199.00;166
11324;90;627298999;11324;151;12074;12264;10.73;0.65;246.05;15.45;750;91;4200.00;190
11326;90;627299017;11326;151;12076;12264;10.61;0.64;246.04;15.44;750;91;4201.00;188
11329;90;627299028;11329;151;12077;12264;10.55;0.64;246.06;15.44;748;91;4202.00;187
11331;90;627299039;11331;155;12079;12265;10.51;0.64;246.06;15.44;748;91;4203.00;186
11335;90;627299049;11335;157;12080;12265;10.44;0.63;246.09;15.44;745;91;4204.00;185
11337;90;627299059;11337;159;12083;12271;10.44;0.63;246.08;15.44;746;91;4205.00;188
11340;90;627299071;11340;161;12086;12271;10.40;0.63;246.08;15.45;746;91;4206.00;185
11341;90;627299081;11341;169;12089;12272;10.25;0.62;246.12;15.45;748;91;4207.00;183
11342;90;627299091;11342;174;12089;12272;10.19;0.62;246.14;15.45;747;91;4208.00;183
11343;90;627299102;11343;177;12091;12272;10.14;0.62;246.17;15.45;748;91;4209.00;181
11348;90;627299113;11348;178;12092;12272;10.11;0.61;246.21;15.47;744;91;4210.00;180
11350;90;627299124;11350;183;12093;12272;10.08;0.61;246.26;15.47;743;91;4211.00;179
11352;90;627299134;11352;189;12103;12284;10.05;0.61;246.26;15.46;751;91;4212.00;181
11355;90;627299146;11355;193;12107;12284;10.05;0.61;246.35;15.48;752;91;4213.00;177
11357;90;627299157;11357;196;12108;12284;10.04;0.61;246.39;15.48;751;91;4214.00;176
11361;90;627299168;11361;201;12109;12284;10.03;0.61;246.40;15.50;748;91;4215.00;175
11364;90;627299179;11364;205;12109;12284;9.96;0.60;246.42;15.50;745;91;4216.00;175
11366;90;627299190;11366;207;12112;12284;9.85;0.60;246.41;15.50;746;91;4217.00;172
11369;90;627299201;11369;207;12116;12288;9.73;0.59;246.43;15.51;747;91;4218.00;172
11371;90;627299213;11371;212;12118;12288;9.71;0.59;246.46;15.52;747;91;4219.00;170
11374;90;627299224;11374;211;12121;12292;9.77;0.59;246.51;15.53;747;91;4220.00;171
11375;90;627299235;11375;219;12124;12293;9.85;0.60;246.49;15.53;749;91;4221.00;169
11376;90;627299246;11376;222;12125;12293;9.90;0.60;246.49;15.54;749;91;4222.00;168
11379;90;627299256;11379;227;12127;12293;9.93;0.61;246.46;15.55;748;91;4223.00;166
11383;90;627299266;11383;233;12136;12306;9.87;0.60;246.48;15.55;753;91;4224.00;170
11386;90;627299277;11386;233;12137;12306;9.77;0.60;246.47;15.56;751;91;4225.00;169
11389;90;627299287;11389;242;12137;12306;9.74;0.59;246.44;15.56;748;91;4226.00;169
11393;90;627299298;11393;244;12140;12307;9.62;0.59;246.46;15.57;747;91;4227.00;167
11397;90;627299308;11397;247;12140;12308;9.57;0.58;246.48;15.57;743;91;4228.00;168
11397;90;627299319;11397;250;12144;12308;9.49;0.58;246.48;15.59;747;91;4229.00;164
11401;90;627299330;11401;248;12149;12314;9.47;0.58;246.50;15.58;748;91;4230.00;165
11405;90;627299341;11405;244;12151;12314;9.38;0.57;246.52;15.60;746;91;4231.00;163
11408;90;627299352;11408;244;12151;12314;9.33;0.57;246.51;15.60;743;91;4232.00;163
11412;90;627299361;11412;244;12151;12314;9.27;0.57;246.54;15.60;739;91;4233.00;163
11415;90;627299377;11415;245;12156;12320;9.23;0.56;246.57;15.60;741;91;4234.00;164
11418;90;627299388;11418;246;12158;12320;9.14;0.56;246.57;15.62;740;91;4235.00;162
11421;90;627299397;11421;244;12158;12320;9.03;0.55;246.56;15.62;737;91;4236.00;162
11425;90;627299407;11425;246;12159;12320;8.95;0.55;246.60;15.63;734;91;4237.00;161
11425;90;627299416;11425;247;12162;12324;8.88;0.54;246.60;15.62;737;91;4238.00;162
11427;90;627299427;11427;248;12164;12325;8.84;0.54;246.59;15.63;737;91;4239.00;161
11431;90;627299436;11431;251;12166;12325;8.79;0.54;246.57;15.66;735;91;4240.00;159
11433;90;627299446;11433;256;12169;12326;8.75;0.54;246.57;15.67;736;91;4241.00;157
11439;90;627299455;11439;258;12169;12326;8.63;0.53;246.57;15.67;730;91;4242.00;157
11442;90;627299465;11442;265;12169;12326;8.55;0.52;246.57;15.67;727;91;4243.00;157
11447;90;627299475;11447;261;12171;12326;8.42;0.52;246.61;15.68;724;91;4244.00;155
11455;90;627299483;11455;264;12173;12326;8.30;0.51;246.59;15.70;718;91;4245.00;153
11461;90;627299493;11461;267;12174;12326;8.20;0.50;246.64;15.71;713;91;4246.00;152
11466;90;627299502;11466;269;12175;12326;8.13;0.50;246.66;15.71;709;91;4247.00;151
11469;90;627299511;11469;277;12212;12396;8.03;0.49;246.66;15.66;743;91;4248.00;184
11474;90;627299525;11474;269;12213;12397;7.85;0.48;246.70;15.67;739;91;4249.00;184
11476;90;627299535;11476;265;12217;12397;7.80;0.48;246.72;15.66;741;91;4250.00;180
11481;90;627299543;11481;264;12222;12397;7.66;0.47;246.73;15.66;741;91;4251.00;175
11485;90;627299552;11485;261;12229;12397;7.63;0.47;246.79;15.68;744;91;4252.00;168
11489;90;627299562;11489;260;12231;12397;7.60;0.47;246.79;15.69;742;91;4253.00;166
11493;90;627299571;11493;265;12237;12397;7.62;0.47;246.79;15.70;744;91;4254.00;160
11497;90;627299579;11497;263;12238;12397;7.65;0.47;246.81;15.70;741;91;4255.00;159
11500;90;627299588;11500;261;12242;12398;7.76;0.48;246.80;15.70;742;91;4256.00;156
11507;90;627299598;11507;257;12242;12399;7.76;0.48;246.83;15.70;735;91;4257.00;157
11510;90;627299607;11510;252;12245;12399;7.81;0.48;246.85;15.70;735;91;4258.00;154
11512;90;627299617;11512;249;12250;12403;7.85;0.48;246.87;15.70;738;91;4259.00;153
11515;90;627299628;11515;248;12251;12403;7.86;0.48;246.91;15.69;736;91;4260.00;152
11517;90;627299637;11517;252;12253;12403;7.90;0.49;246.90;15.70;736;91;4261.00;150
11519;90;627299648;11519;249;12254;12403;7.96;0.49;246.92;15.70;735;91;4262.00;149
11526;90;627299660;11526;246;12258;12409;7.89;0.49;246.92;15.69;732;91;4263.00;151
11529;90;627299680;11529;250;12259;12409;7.89;0.49;246.92;15.69;730;91;4264.00;150
11535;90;627299697;11535;250;12260;12409;7.86;0.48;246.91;15.70;725;91;4265.00;149
11539;90;627299712;11539;246;12263;12412;7.92;0.49;246.89;15.69;724;91;4266.00;149
11542;90;627299728;11542;243;12263;12412;7.99;0.49;246.88;15.69;721;91;4267.00;149
11549;90;627299742;11549;242;12264;12412;7.97;0.49;246.88;15.69;715;91;4268.00;148
11551;90;627299757;11551;238;12264;12413;7.98;0.49;246.87;15.69;713;91;4269.00;149
11555;90;627299773;11555;242;12265;12414;7.96;0.49;246.88;15.69;710;91;4270.00;149
11561;90;627299785;11561;247;12266;12414;7.86;0.48;246.87;15.69;705;91;4271.00;148
11566;90;627299795;11566;248;12278;12427;7.91;0.48;246.83;15.68;712;91;4272.00;149
11570;90;627299806;11570;248;12279;12427;7.84;0.48;246.82;15.68;709;91;4273.00;148
11576;90;627299824;11576;251;12279;12427;7.77;0.48;246.81;15.68;703;91;4274.00;148
11577;90;627299835;11577;255;12283;12429;7.80;0.48;246.81;15.68;706;91;4275.00;146
11580;90;627299852;11580;261;12283;12429;7.77;0.48;246.80;15.68;703;91;4276.00;146
11585;90;627299862;11585;261;12286;12433;7.75;0.48;246.77;15.68;701;91;4277.00;147
11591;90;627299873;11591;259;12286;12433;7.71;0.47;246.84;15.68;695;91;4278.00;147
11593;90;627299884;11593;260;12289;12437;7.68;0.47;246.84;15.68;696;91;4279.00;148
11598;90;627299894;11598;263;12291;12437;7.65;0.47;246.80;15.68;693;91;4280.00;146
11602;90;627299904;11602;266;12292;12437;7.61;0.46;246.78;15.68;690;91;4281.00;145
11605;90;627299914;11605;274;12292;12437;7.62;0.46;246.79;15.68;687;91;4282.00;145
11607;90;627299924;11607;273;12293;12437;7.63;0.46;246.79;15.68;686;91;4283.00;144
11608;90;627299933;11608;273;12302;12449;7.83;0.48;246.80;15.67;694;91;4284.00;147
11610;90;627299944;11610;276;12303;12449;7.88;0.48;246.83;15.67;693;91;4285.00;146
11612;90;627299953;11612;278;12304;12449;7.86;0.48;246.84;15.66;692;91;4286.00;145
11614;90;627299963;11614;284;12305;12449;7.87;0.48;246.83;15.66;691;91;4287.00;144
11616;90;627299975;11616;286;12306;12449;7.85;0.48;246.83;15.66;690;91;4288.00;143
11619;90;627299984;11619;288;12306;12449;7.87;0.48;246.87;15.66;687;91;4289.00;143
11623;90;627299996;11623;292;12306;12450;7.80;0.48;246.85;15.66;683;91;4290.00;144
11628;90;627300012;11628;294;12306;12450;7.74;0.47;246.84;15.66;678;91;4291.00;144
11628;90;627300026;11628;302;12310;12456;7.79;0.47;246.84;15.66;682;91;4292.00;146
11629;90;627300039;11629;308;12312;12457;7.78;0.47;246.84;15.66;683;91;4293.00;145
11630;90;627300052;11630;320;12312;12457;7.74;0.47;246.85;15.66;682;91;4294.00;145
11634;90;627300062;11634;323;12312;12457;7.66;0.47;246.85;15.66;678;91;4295.00;145
11636;90;627300072;11636;328;12315;12461;7.67;0.47;246.84;15.65;679;91;4296.00;146
11639;90;627300082;11639;326;12315;12461;7.71;0.47;246.82;15.65;676;91;4297.00;146
11642;90;627300092;11642;323;12315;12461;7.65;0.47;246.80;15.65;673;91;4298.00;146
11645;90;627300102;11645;322;12316;12462;7.64;0.46;246.78;15.65;671;91;4299.00;146
11647;90;627300113;11647;319;12319;12466;7.70;0.47;246.75;15.65;672;91;4300.00;147
11651;90;627300127;11651;319;12320;12466;7.65;0.46;246.70;15.79;669;91;4301.00;146
11655;90;627300139;11655;318;12322;12469;7.68;0.47;246.74;15.79;667;91;4302.00;147
11657;90;627300149;11657;318;12322;12469;7.60;0.46;246.75;15.79;665;91;4303.00;147
11658;90;627300160;11658;312;12323;12469;7.63;0.46;246.74;15.79;665;91;4304.00;146
11661;90;627300170;11661;307;12323;12469;7.58;0.46;246.71;15.79;662;91;4305.00;146
11663;90;627300188;11663;291;12326;12473;7.65;0.46;246.70;15.78;663;91;4306.00;147
11664;90;627300200;11664;269;12326;12473;7.71;0.47;246.71;15.78;662;91;4307.00;147
11667;90;627300210;11667;253;12327;12473;7.81;0.47;246.68;15.78;660;91;4308.00;146
11668;90;627300220;11668;231;12327;12473;7.94;0.48;246.67;15.78;659;91;4309.00;146
11668;90;627300229;11668;221;12327;12474;8.10;0.49;246.67;15.78;659;91;4310.00;147
11672;90;627300239;11672;214;12328;12475;8.23;0.50;246.71;15.78;656;91;4311.00;147
11672;90;627300258;11672;213;12328;12475;8.44;0.51;246.71;15.78;656;91;4312.00;147
11672;90;627300268;11672;213;12329;12476;8.60;0.52;246.71;15.78;657;91;4313.00;147
11672;90;627300279;11672;209;12329;12476;8.70;0.53;246.71;15.78;657;91;4314.00;147
11674;90;627300288;11674;207;12329;12476;8.78;0.53;246.72;15.78;655;91;4315.00;147
11674;90;627300298;11674;210;12329;12476;8.84;0.54;246.72;15.78;655;91;4316.00;147
11677;91;627300307;11677;204;12329;12476;8.87;0.54;246.69;15.78;652;92;4317.00;147
11679;91;627300338;11679;202;12329;12476;8.97;0.54;246.69;15.78;650;92;4318.00;147
11679;91;627300349;11679;205;12330;12476;9.04;0.55;246.69;15.92;651;92;4319.00;146
11681;91;627300360;11681;245;12440;12706;8.99;0.56;246.68;15.78;759;92;4320.00;266
11684;91;627300388;11684;237;12443;12707;8.96;0.56;246.67;15.78;759;92;4321.00;264
11685;91;627300399;11685;221;12452;12707;9.07;0.56;246.67;15.77;767;92;4322.00;255
11686;91;627300409;11686;207;12457;12707;9.14;0.57;246.67;15.76;771;92;4323.00;250
11688;91;627300419;11688;191;12464;12707;9.14;0.57;246.72;15.76;776;92;4324.00;243
11688;91;627300430;11688;182;12469;12707;9.24;0.57;246.72;15.75;781;92;4325.00;238
11690;91;627300440;11690;181;12474;12707;9.34;0.58;246.72;15.75;784;92;4326.00;233
11692;91;627300451;11692;171;12477;12707;9.41;0.58;246.71;15.75;785;92;4327.00;230
11692;91;627300462;11692;172;12484;12708;9.54;0.59;246.71;15.74;792;92;4328.00;224
11693;91;627300482;11693;169;12488;12709;9.57;0.59;246.70;15.74;795;92;4329.00;221
11694;91;627300500;11694;162;12493;12709;9.61;0.60;246.70;15.74;799;92;4330.00;216
11696;91;627300511;11696;156;12495;12710;9.70;0.60;246.68;15.74;799;92;4331.00;215
11698;91;627300531;11698;165;12498;12710;9.74;0.60;246.67;15.74;800;92;4332.00;212
11699;91;627300543;11699;160;12500;12710;9.83;0.61;246.67;15.74;801;92;4333.00;210
11700;91;627300563;11700;156;12504;12710;9.86;0.61;246.65;15.74;804;92;4334.00;206
11702;91;627300575;11702;158;12507;12714;9.96;0.61;246.63;15.73;805;92;4335.00;207
11703;91;627300598;11703;155;12512;12714;9.97;0.61;246.62;15.73;809;92;4336.00;202
11703;91;627300618;11703;161;12513;12714;10.04;0.61;246.62;15.73;810;92;4337.00;201
11705;91;627300631;11705;159;12516;12717;10.10;0.62;246.61;15.73;811;92;4338.00;201
11707;91;627300643;11707;168;12520;12717;10.16;0.62;246.60;15.73;813;92;4339.00;197
11709;91;627300655;11709;171;12520;12717;10.25;0.63;246.59;15.73;811;92;4340.00;197
11709;91;627300668;11709;175;12526;12721;10.28;0.63;246.59;15.73;817;92;4341.00;195
11711;91;627300680;11711;180;12527;12722;10.32;0.63;246.59;15.73;816;92;4342.00;195
11712;91;627300693;11712;184;12527;12722;10.46;0.64;246.57;15.73;815;92;4343.00;195
11713;91;627300706;11713;186;12529;12726;10.55;0.64;246.56;15.73;816;92;4344.00;197
11715;91;627300718;11715;185;12531;12726;10.61;0.65;246.57;15.73;816;92;4345.00;195
11717;91;627300729;11717;187;12532;12726;10.65;0.65;246.59;15.87;815;92;4346.00;194
11719;91;627300741;11719;193;12534;12727;10.68;0.65;246.60;15.87;815;92;4347.00;193
11723;91;627300753;11723;195;12534;12727;10.71;0.66;246.56;15.87;811;92;4348.00;193
11726;91;627300767;11726;197;12536;12733;10.74;0.66;246.55;15.87;810;92;4349.00;197
11727;91;627300781;11727;196;12537;12733;10.75;0.66;246.57;15.86;810;92;4350.00;196
11731;91;627300799;11731;194;12538;12734;10.75;0.66;246.58;15.86;807;92;4351.00;196
11735;91;627300812;11735;190;12539;12734;10.68;0.65;246.65;16.01;804;92;4352.00;195
11735;91;627300824;11735;186;12540;12734;10.66;0.65;246.65;16.01;805;92;4353.00;194
11740;91;627300835;11740;181;12541;12734;10.67;0.65;246.67;16.01;801;92;4354.00;193
11743;91;627300847;11743;175;12541;12734;10.72;0.65;246.70;16.01;798;92;4355.00;193
11747;91;627300858;11747;174;12552;12746;10.78;0.66;246.71;16.01;805;92;4356.00;194
11750;91;627300871;11750;167;12553;12746;10.77;0.66;246.74;16.01;803;92;4357.00;193
11754;91;627300883;11754;161;12554;12746;10.69;0.65;246.76;16.15;800;92;4358.00;192
11757;91;627300895;11757;158;12554;12746;10.71;0.65;246.78;16.15;797;92;4359.00;192
11762;91;627300907;11762;152;12554;12746;10.70;0.65;246.78;16.15;792;92;4360.00;192
11764;91;627300918;11764;153;12555;12746;10.76;0.65;246.78;16.30;791;92;4361.00;191
11766;91;627300931;11766;149;12558;12750;10.80;0.66;246.77;16.30;792;92;4362.00;192
11768;91;627300942;11768;142;12559;12750;10.86;0.66;246.78;16.44;791;92;4363.00;191
11770;91;627300953;11770;149;12561;12754;10.96;0.67;246.80;16.44;791;92;4364.00;193
11773;91;627300972;11773;149;12564;12756;10.99;0.67;246.83;16.43;791;92;4365.00;192
11774;91;627300984;11774;155;12565;12756;11.02;0.67;246.85;16.58;791;92;4366.00;191
11778;91;627300995;11778;155;12566;12756;11.02;0.67;246.87;16.58;788;92;4367.00;190
11781;91;627301007;11781;157;12576;12769;10.95;0.67;246.88;16.71;795;92;4368.00;193
11781;91;627301020;11781;161;12579;12769;10.94;0.66;246.88;16.72;798;92;4369.00;190
11785;91;627301031;11785;166;12579;12769;10.94;0.67;246.89;16.72;794;92;4370.00;190
11790;91;627301043;11790;166;12582;12770;10.93;0.66;246.87;16.86;792;92;4371.00;188
11790;91;627301055;11790;161;12582;12771;10.97;0.67;246.87;16.86;792;92;4372.00;189
11793;91;627301066;11793;164;12583;12771;10.91;0.66;246.89;16.86;790;92;4373.00;188
11796;91;627301078;11796;164;12585;12774;10.93;0.66;246.88;16.86;789;92;4374.00;189
11800;91;627301089;11800;172;12588;12774;10.84;0.66;246.88;16.87;788;92;4375.00;186
11803;91;627301101;11803;182;12588;12774;10.80;0.65;246.86;16.87;785;92;4376.00;186
11805;91;627301113;11805;191;12589;12774;10.79;0.66;246.87;16.87;784;92;4377.00;185
11808;91;627301124;11808;192;12593;12780;10.72;0.65;246.85;16.87;785;92;4378.00;187
11812;91;627301136;11812;193;12593;12780;10.62;0.64;246.83;16.87;781;92;4379.00;187
11816;91;627301150;11816;194;12596;12780;10.57;0.64;246.81;16.88;780;92;4380.00;184
11818;91;627301161;11818;196;12597;12780;10.44;0.63;246.79;16.89;779;92;4381.00;183
11820;91;627301172;11820;200;12601;12784;10.37;0.63;246.80;16.89;781;92;4382.00;183
11822;91;627301184;11822;206;12604;12785;10.36;0.63;246.84;16.91;782;92;4383.00;181
11824;91;627301195;11824;213;12604;12785;10.30;0.62;246.83;16.91;780;92;4384.00;181
11824;91;627301206;11824;214;12607;12786;10.23;0.62;246.83;16.91;783;92;4385.00;179
11828;91;627301218;11828;220;12609;12786;10.17;0.62;246.85;16.93;781;92;4386.00;177
11828;91;627301229;11828;223;12610;12786;10.14;0.62;246.85;16.94;782;92;4387.00;176
11831;91;627301240;11831;225;12612;12786;10.10;0.61;246.87;16.96;781;92;4388.00;174
11834;91;627301252;11834;227;12614;12786;10.06;0.61;246.84;16.97;780;92;4389.00;172
11837;91;627301263;11837;230;12615;12786;10.00;0.61;246.86;16.97;778;92;4390.00;171
11839;91;627301274;11839;236;12616;12786;9.95;0.61;246.85;16.99;777;92;4391.00;170
11843;91;627301284;11843;244;12650;12856;9.90;0.60;246.85;16.96;807;92;4392.00;206
11843;91;627301301;11843;246;12654;12857;9.85;0.60;246.85;16.96;811;92;4393.00;203
11845;91;627301313;11845;252;12660;12857;9.84;0.60;246.85;16.97;815;92;4394.00;197
11846;91;627301324;11846;254;12662;12857;9.80;0.60;246.84;16.97;816;92;4395.00;195
11847;91;627301335;11847;256;12668;12857;9.77;0.60;246.84;16.97;821;92;4396.00;189
11851;91;627301346;11851;263;12671;12857;9.65;0.59;246.81;16.97;820;92;4397.00;186
11852;91;627301357;11852;268;12678;12857;9.51;0.58;246.81;17.00;826;92;4398.00;179
11856;91;627301367;11856;272;12683;12857;9.45;0.58;246.79;16.99;827;92;4399.00;174
11856;91;627301379;11856;271;12685;12858;9.34;0.57;246.79;16.99;829;92;4400.00;173
11861;91;627301393;11861;273;12690;12859;9.28;0.57;246.81;17.01;829;92;4401.00;169
11864;91;627301404;11864;268;12695;12859;9.25;0.56;246.79;17.00;831;92;4402.00;164
11865;91;627301421;11865;264;12700;12863;9.13;0.56;246.79;17.01;835;92;4403.00;163
11868;91;627301432;11868;267;12700;12863;9.01;0.55;246.74;17.01;832;92;4404.00;163
11869;91;627301443;11869;269;12701;12863;8.90;0.54;246.74;17.03;832;92;4405.00;162
11872;91;627301455;11872;269;12701;12863;8.87;0.54;246.72;17.03;829;92;4406.00;162
11873;91;627301466;11873;276;12706;12869;8.93;0.55;246.70;17.02;833;92;4407.00;163
11874;91;627301477;11874;285;12707;12869;8.97;0.55;246.71;17.03;833;92;4408.00;162
11875;91;627301489;11875;287;12709;12869;8.95;0.55;246.72;17.04;834;92;4409.00;160
11881;91;627301501;11881;294;12713;12875;9.00;0.55;246.71;17.04;832;92;4410.00;162
11883;91;627301514;11883;290;12713;12875;9.00;0.55;246.72;17.04;830;92;4411.00;162
11891;91;627301525;11891;291;12717;12875;8.85;0.54;246.72;17.07;826;92;4412.00;158
11896;91;627301536;11896;294;12717;12876;8.73;0.53;246.74;17.07;821;92;4413.00;159
11900;91;627301547;11900;286;12720;12877;8.59;0.53;246.79;17.08;820;92;4414.00;157
11905;91;627301558;11905;290;12720;12877;8.39;0.51;246.81;17.08;815;92;4415.00;157
11913;91;627301571;11913;295;12734;12890;8.17;0.50;246.93;17.10;821;92;4416.00;156
11918;91;627301583;11918;292;12734;12890;8.00;0.49;246.92;17.10;816;92;4417.00;156
11924;91;627301594;11924;289;12736;12890;7.85;0.48;246.95;17.11;812;92;4418.00;154
11928;91;627301604;11928;298;12737;12891;7.65;0.47;246.96;17.11;809;92;4419.00;154
11931;91;627301615;11931;294;12738;12891;7.48;0.46;246.98;17.12;807;92;4420.00;153
11936;91;627301624;11936;290;12742;12895;7.31;0.45;247.02;17.11;806;92;4421.00;153
11939;91;627301635;11939;290;12742;12895;7.22;0.44;247.02;17.11;803;92;4422.00;153
11946;91;627301645;11946;283;12747;12899;7.09;0.43;247.03;17.13;801;92;4423.00;152
11949;91;627301656;11949;280;12747;12899;7.04;0.43;247.06;17.13;798;92;4424.00;152
11952;91;627301671;11952;280;12750;12899;6.98;0.43;247.08;17.14;798;92;4425.00;149
11956;91;627301689;11956;277;12750;12899;7.00;0.43;247.07;17.14;794;92;4426.00;149
11960;91;627301712;11960;272;12750;12899;7.02;0.43;247.11;17.14;790;92;4427.00;149
11963;91;627301728;11963;268;12762;12911;7.14;0.44;247.11;17.13;799;92;4428.00;149
11967;91;627301748;11967;274;12763;12911;7.16;0.44;247.16;17.13;796;92;4429.00;148
11971;91;627301770;11971;274;12764;12911;7.21;0.44;247.16;17.13;793;92;4430.00;147
11973;91;627301784;11973;263;12764;12911;7.22;0.44;247.17;17.13;791;92;4431.00;147
11979;91;627301796;11979;256;12764;12911;7.22;0.44;247.20;17.13;785;92;4432.00;147
11983;91;627301807;11983;261;12764;12911;7.16;0.44;247.19;17.13;781;92;4433.00;147
11985;91;627301818;11985;258;12764;12912;7.20;0.44;247.16;17.13;779;92;4434.00;148
11991;91;627301828;11991;265;12764;12912;7.22;0.44;247.15;17.13;773;92;4435.00;148
11995;91;627301839;11995;263;12768;12918;7.41;0.45;247.14;17.13;773;92;4436.00;150
11998;91;627301851;11998;264;12769;12919;7.50;0.46;247.15;17.13;771;92;4437.00;150
12003;91;627301862;12003;264;12770;12919;7.53;0.46;247.22;17.12;767;92;4438.00;149
12004;91;627301874;12004;265;12770;12919;7.58;0.46;247.22;17.12;766;92;4439.00;149
12007;91;627301886;12007;262;12774;12924;7.64;0.47;247.28;17.12;767;92;4440.00;150
12011;91;627301897;12011;261;12774;12924;7.64;0.47;247.28;17.12;763;92;4441.00;150
12014;91;627301908;12014;257;12774;12924;7.65;0.47;247.27;17.12;760;92;4442.00;150
12017;91;627301918;12017;262;12775;12925;7.70;0.47;247.27;17.12;758;92;4443.00;150
12021;91;627301929;12021;262;12778;12929;7.75;0.48;247.28;17.11;757;92;4444.00;151
12025;91;627301941;12025;261;12778;12929;7.70;0.47;247.26;17.11;753;92;4445.00;151
12030;91;627301951;12030;264;12780;12932;7.76;0.48;247.24;17.11;750;92;4446.00;152
12035;91;627301962;12035;264;12780;12932;7.72;0.47;247.26;17.11;745;92;4447.00;152
12038;91;627301974;12038;267;12781;12932;7.77;0.48;247.27;17.11;743;92;4448.00;151
12043;91;627301984;12043;267;12781;12932;7.77;0.48;247.27;17.11;738;92;4449.00;151
12046;91;627301995;12046;267;12784;12936;7.86;0.48;247.28;17.11;738;92;4450.00;152
12049;91;627302007;12049;271;12784;12936;7.93;0.49;247.26;17.11;735;92;4451.00;152
12050;91;627302018;12050;267;12785;12936;7.98;0.49;247.28;17.10;735;92;4452.00;151
12057;91;627302027;12057;272;12785;12936;7.91;0.49;247.26;17.10;728;92;4453.00;151
12063;91;627302038;12063;278;12785;12937;7.89;0.48;247.20;17.10;722;92;4454.00;152
12069;91;627302048;12069;281;12787;12939;7.83;0.48;247.17;17.10;718;92;4455.00;152
12074;91;627302059;12074;278;12787;12939;7.72;0.47;247.14;17.10;713;92;4456.00;152
12078;91;627302068;12078;286;12788;12940;7.70;0.47;247.11;17.10;710;92;4457.00;152
12080;91;627302078;12080;289;12789;12940;7.63;0.47;247.11;17.24;709;92;4458.00;151
12081;91;627302090;12081;301;12789;12940;7.61;0.47;247.12;17.24;708;92;4459.00;151
12083;91;627302100;12083;307;12789;12940;7.55;0.46;247.09;17.24;706;92;4460.00;151
12088;91;627302110;12088;313;12789;12940;7.49;0.46;247.11;17.24;701;92;4461.00;151
12092;91;627302120;12092;315;12789;12940;7.47;0.46;247.22;17.24;697;92;4462.00;151
12093;91;627302129;12093;324;12789;12940;7.47;0.46;247.23;17.24;696;92;4463.00;151
12098;91;627302139;12098;342;12855;13067;7.91;0.49;247.21;17.15;757;92;4464.00;212
12100;91;627302159;12100;338;12857;13068;7.85;0.49;247.19;17.15;757;92;4465.00;211
12103;91;627302170;12103;330;12867;13068;7.89;0.49;247.18;17.14;764;92;4466.00;201
12104;91;627302180;12104;321;12872;13068;7.91;0.49;247.17;17.13;768;92;4467.00;196
12105;92;627302190;12105;313;12878;13068;7.88;0.49;247.16;17.13;773;93;4468.00;190
12110;92;627302214;12110;313;12883;13068;7.82;0.48;247.12;17.12;773;93;4469.00;185
12110;92;627302234;12110;321;12888;13068;7.77;0.48;247.12;17.12;778;93;4470.00;180
12110;92;627302245;12110;318;12891;13068;7.78;0.48;247.12;17.12;781;93;4471.00;177
12112;92;627302256;12112;318;12894;13069;7.75;0.48;247.12;17.11;782;93;4472.00;175
12114;92;627302267;12114;323;12895;13070;7.63;0.47;247.12;17.11;781;93;4473.00;175
12116;92;627302285;12116;326;12899;13070;7.50;0.46;247.12;17.11;783;93;4474.00;171
12116;92;627302295;12116;314;12900;13071;7.42;0.46;247.12;17.11;784;93;4475.00;171
12117;92;627302307;12117;292;12902;13071;7.53;0.46;247.11;17.11;785;93;4476.00;169
12118;93;627302319;12118;281;12903;13071;7.66;0.47;247.11;17.11;785;94;4477.00;168
12119;93;627302343;12119;261;12904;13071;7.85;0.48;247.12;17.11;785;94;4478.00;167
12120;93;627302355;12120;242;12908;13075;8.02;0.49;247.12;17.11;788;94;4479.00;167
12122;93;627302368;12122;231;12909;13075;8.17;0.50;247.12;17.11;787;94;4480.00;166
12123;93;627302380;12123;222;12910;13075;8.32;0.51;247.10;17.11;787;94;4481.00;165
12126;93;627302399;12126;210;12914;13078;8.49;0.52;247.08;17.24;788;94;4482.00;164
12126;93;627302412;12126;207;12914;13078;8.66;0.53;247.08;17.24;788;94;4483.00;164
12127;93;627302424;12127;193;12915;13078;8.83;0.54;247.13;17.24;788;94;4484.00;163
12129;93;627302442;12129;191;12918;13082;8.92;0.55;247.12;17.24;789;94;4485.00;164
12131;93;627302460;12131;185;12920;13083;9.11;0.56;247.09;17.24;789;94;4486.00;163
12134;93;627302473;12134;180;12920;13083;9.29;0.57;247.09;17.24;786;94;4487.00;163
12134;93;627302486;12134;178;12924;13087;9.55;0.58;247.09;17.23;790;94;4488.00;163
12138;93;627302498;12138;172;12924;13087;9.70;0.59;247.04;17.23;786;94;4489.00;163
12138;93;627302510;12138;167;12924;13087;9.80;0.60;247.04;17.23;786;94;4490.00;163
12139;93;627302523;12139;159;12925;13088;9.96;0.61;247.03;17.23;786;94;4491.00;163
12140;93;627302536;12140;158;12925;13088;10.06;0.61;247.02;17.23;785;94;4492.00;163
12142;93;627302547;12142;156;12929;13094;10.17;0.62;247.01;17.23;787;94;4493.00;165
12144;93;627302560;12144;154;12929;13094;10.34;0.63;247.04;17.23;785;94;4494.00;165
12147;93;627302573;12147;149;12930;13095;10.43;0.64;247.04;17.22;783;94;4495.00;165
12149;93;627302585;12149;150;12930;13095;10.50;0.64;247.05;17.22;781;94;4496.00;165
12153;93;627302598;12153;147;12930;13095;10.54;0.64;247.06;17.22;777;94;4497.00;165
12155;93;627302617;12155;143;12930;13095;10.61;0.65;247.04;17.22;775;94;4498.00;165
12157;93;627302629;12157;142;12930;13095;10.69;0.65;247.07;17.22;773;94;4499.00;165
12161;93;627302644;12161;142;12953;13145;10.63;0.65;247.07;17.19;792;94;4500.00;192
12161;93;627302666;12161;139;12953;13147;10.68;0.65;247.07;17.19;792;94;4501.00;194
12164;93;627302680;12164;138;12956;13147;10.76;0.66;247.07;17.19;792;94;4502.00;191
12167;93;627302696;12167;132;12956;13147;10.85;0.66;247.08;17.19;789;94;4503.00;191
12169;93;627302708;12169;129;12957;13147;11.03;0.67;247.09;17.19;788;94;4504.00;190
12171;93;627302721;12171;129;12957;13147;11.10;0.68;247.09;17.19;786;94;4505.00;190
12173;93;627302732;12173;126;12962;13151;11.23;0.68;247.08;17.18;789;94;4506.00;189
12177;93;627302744;12177;126;12964;13151;11.36;0.69;247.11;17.18;787;94;4507.00;187
12180;93;627302756;12180;125;12967;13155;11.48;0.70;247.11;17.18;787;94;4508.00;188
12181;93;627302768;12181;125;12968;13156;11.61;0.71;247.15;17.18;787;94;4509.00;188
12185;93;627302781;12185;131;12970;13156;11.68;0.71;247.14;17.18;785;94;4510.00;186
12189;93;627302793;12189;127;12970;13156;11.75;0.71;247.17;17.18;781;94;4511.00;186
12193;93;627302804;12193;131;12978;13169;11.75;0.71;247.17;17.17;785;94;4512.00;191
12196;93;627302818;12196;131;12978;13169;11.77;0.72;247.21;17.17;782;94;4513.00;191
12199;93;627302830;12199;130;12978;13169;11.80;0.72;247.20;17.17;779;94;4514.00;191
12200;93;627302842;12200;130;12979;13170;11.80;0.72;247.22;17.17;779;94;4515.00;191
12204;93;627302854;12204;135;12980;13171;11.81;0.72;247.27;17.17;776;94;4516.00;191
12209;93;627302866;12209;138;12980;13171;11.92;0.73;247.29;17.17;771;94;4517.00;191
12212;93;627302878;12212;140;12983;13174;11.98;0.73;247.31;17.16;771;94;4518.00;191
12217;93;627302889;12217;140;12983;13174;12.01;0.73;247.33;17.16;766;94;4519.00;191
12218;93;627302901;12218;140;12983;13174;12.03;0.73;247.34;17.16;765;94;4520.00;191
12221;93;627302911;12221;136;12983;13174;12.05;0.73;247.33;17.16;762;94;4521.00;191
12225;93;627302922;12225;129;12987;13180;12.07;0.73;247.33;17.16;762;94;4522.00;193
12229;93;627302934;12229;126;12988;13180;12.05;0.73;247.33;17.16;759;94;4523.00;192
12233;93;627302945;12233;119;12988;13180;12.02;0.73;247.32;17.16;755;94;4524.00;192
12236;93;627302957;12236;114;12990;13180;11.99;0.73;247.38;17.19;754;94;4525.00;190
12242;93;627302969;12242;112;12993;13184;11.94;0.73;247.39;17.19;751;94;4526.00;191
12248;93;627302987;12248;118;12994;13185;11.99;0.73;247.34;17.18;746;94;4527.00;191
12254;93;627302998;12254;120;12995;13185;11.99;0.73;247.35;17.19;741;94;4528.00;190
12257;93;627303009;12257;115;12997;13186;12.00;0.73;247.37;17.19;740;94;4529.00;189
12262;93;627303028;12262;109;12997;13186;12.12;0.73;247.34;17.19;735;94;4530.00;189
12264;93;627303039;12264;108;12997;13186;12.15;0.74;247.34;17.19;733;94;4531.00;189
12267;93;627303055;12267;108;12997;13186;12.13;0.74;247.34;17.19;730;94;4532.00;189
12270;93;627303067;12270;111;12998;13186;12.13;0.74;247.34;17.19;728;94;4533.00;188
12272;93;627303078;12272;113;12999;13186;12.17;0.74;247.34;17.19;727;94;4534.00;187
12274;93;627303089;12274;114;13000;13186;12.21;0.74;247.38;17.19;726;94;4535.00;186
12275;93;627303101;12275;126;13038;13256;12.06;0.74;247.37;17.14;763;94;4536.00;218
12277;93;627303117;12277;127;13040;13257;11.98;0.73;247.39;17.14;763;94;4537.00;217
12281;93;627303129;12281;127;13046;13257;11.94;0.73;247.38;17.13;765;94;4538.00;211
12287;93;627303140;12287;129;13049;13257;11.79;0.72;247.41;17.13;762;94;4539.00;208
12290;93;627303152;12290;131;13054;13257;11.71;0.71;247.41;17.13;764;94;4540.00;203
12291;93;627303164;12291;138;13057;13257;11.68;0.71;247.39;17.13;766;94;4541.00;200
12296;93;627303175;12296;138;13062;13257;11.66;0.71;247.37;17.13;766;94;4542.00;195
12298;93;627303187;12298;138;13065;13257;11.61;0.71;247.40;17.13;767;94;4543.00;192
12299;93;627303204;12299;141;13068;13258;11.57;0.71;247.39;17.13;769;94;4544.00;190
12303;93;627303216;12303;141;13072;13260;11.52;0.70;247.39;17.12;769;94;4545.00;188
12304;93;627303228;12304;145;13072;13260;11.46;0.70;247.41;17.12;768;94;4546.00;188
12306;93;627303239;12306;151;13076;13264;11.34;0.69;247.41;17.12;770;94;4547.00;188
12309;93;627303251;12309;157;13077;13264;11.26;0.69;247.42;17.12;768;94;4548.00;187
12313;93;627303262;12313;158;13078;13264;11.18;0.68;247.45;17.13;765;94;4549.00;186
12316;93;627303274;12316;168;13080;13264;11.10;0.68;247.50;17.15;764;94;4550.00;184
12321;93;627303285;12321;170;13084;13270;11.12;0.68;247.51;17.14;763;94;4551.00;186
12325;93;627303297;12325;171;13084;13270;11.06;0.68;247.51;17.14;759;94;4552.00;186
12327;93;627303328;12327;175;13087;13270;10.95;0.67;247.50;17.17;760;94;4553.00;183
12331;93;627303339;12331;178;13090;13273;10.83;0.66;247.52;17.17;759;94;4554.00;183
12336;93;627303350;12336;185;13093;13273;10.68;0.65;247.49;17.19;757;94;4555.00;180
12340;93;627303361;12340;191;13095;13273;10.56;0.64;247.48;17.19;755;94;4556.00;178
12347;93;627303372;12347;199;13097;13274;10.42;0.63;247.52;17.21;750;94;4557.00;177
12352;93;627303383;12352;208;13099;13275;10.35;0.63;247.50;17.21;747;94;4558.00;176
12357;93;627303395;12357;220;13100;13275;10.24;0.62;247.51;17.23;743;94;4559.00;175
12359;93;627303407;12359;228;13118;13301;10.13;0.62;247.52;17.21;759;94;4560.00;183
12364;93;627303419;12364;228;13119;13301;10.13;0.62;247.49;17.21;755;94;4561.00;182
12365;93;627303429;12365;234;13122;13301;10.17;0.62;247.48;17.21;757;94;4562.00;179
12366;93;627303439;12366;242;13125;13302;10.18;0.62;247.48;17.22;759;94;4563.00;177
12368;93;627303449;12368;247;13127;13302;10.10;0.61;247.48;17.23;759;94;4564.00;175
12369;93;627303459;12369;259;13132;13306;9.96;0.61;247.50;17.24;763;94;4565.00;174
12373;93;627303470;12373;266;13133;13306;9.71;0.59;247.48;17.24;760;94;4566.00;173
12377;93;627303485;12377;274;13137;13310;9.47;0.58;247.47;17.25;760;94;4567.00;173
12380;93;627303496;12380;272;13137;13310;9.24;0.56;247.45;17.25;757;94;4568.00;173
12382;93;627303505;12382;273;13138;13310;9.01;0.55;247.44;17.26;756;94;4569.00;172
12384;93;627303514;12384;270;13139;13310;8.82;0.54;247.45;17.28;755;94;4570.00;171
12389;93;627303524;12389;270;13139;13310;8.70;0.53;247.44;17.28;750;94;4571.00;171
12393;93;627303534;12393;276;13151;13322;8.53;0.52;247.41;17.30;758;94;4572.00;171
12394;93;627303545;12394;275;13151;13322;8.43;0.51;247.40;17.30;757;94;4573.00;171
12395;93;627303554;12395;272;13153;13322;8.41;0.51;247.39;17.30;758;94;4574.00;169
12399;93;627303564;12399;268;13154;13322;8.33;0.51;247.42;17.31;755;94;4575.00;168
12400;93;627303573;12400;269;13156;13322;8.33;0.51;247.41;17.32;756;94;4576.00;166
12402;93;627303581;12402;270;13157;13322;8.26;0.51;247.41;17.32;755;94;4577.00;165
12405;93;627303590;12405;275;13160;13323;8.15;0.50;247.40;17.34;755;94;4578.00;163
12408;93;627303600;12408;280;13160;13323;8.07;0.49;247.39;17.34;752;94;4579.00;163
12411;93;627303609;12411;293;13164;13329;8.02;0.49;247.39;17.33;753;94;4580.00;165
12414;93;627303618;12414;296;13167;13330;7.84;0.48;247.40;17.35;753;94;4581.00;163
12415;93;627303628;12415;302;13169;13330;7.77;0.48;247.40;17.35;754;94;4582.00;161
12419;93;627303636;12419;298;13170;13330;7.66;0.47;247.45;17.36;751;94;4583.00;160
12420;93;627303645;12420;293;13173;13334;7.61;0.47;247.45;17.35;753;94;4584.00;161
12424;93;627303654;12424;298;13174;13334;7.44;0.46;247.43;17.35;750;94;4585.00;160
12427;93;627303667;12427;305;13175;13334;7.28;0.45;247.46;17.36;748;94;4586.00;159
12431;93;627303679;12431;305;13176;13335;7.20;0.44;247.47;17.36;745;94;4587.00;159
12434;93;627303702;12434;316;13179;13339;7.08;0.43;247.49;17.36;745;94;4588.00;160
12437;93;627303717;12437;319;13180;13339;6.95;0.43;247.47;17.37;743;94;4589.00;159
12439;93;627303739;12439;311;13184;13345;6.89;0.42;247.47;17.38;745;94;4590.00;161
12447;93;627303752;12447;315;13184;13345;6.77;0.41;247.44;17.38;737;94;4591.00;161
12447;93;627303765;12447;314;13186;13345;6.84;0.42;247.44;17.38;739;94;4592.00;159
12450;93;627303776;12450;311;13187;13345;6.84;0.42;247.48;17.39;737;94;4593.00;158
12450;93;627303785;12450;306;13190;13349;6.98;0.43;247.48;17.39;740;94;4594.00;159
12453;93;627303794;12453;306;13191;13349;6.97;0.43;247.48;17.40;738;94;4595.00;158
12456;93;627303803;12456;303;13193;13349;7.04;0.43;247.45;17.41;737;94;4596.00;156
12461;93;627303812;12461;296;13193;13349;7.04;0.43;247.42;17.41;732;94;4597.00;156
12465;93;627303821;12465;292;13195;13350;7.09;0.43;247.41;17.42;730;94;4598.00;155
12467;93;627303830;12467;284;13198;13351;7.13;0.43;247.41;17.42;731;94;4599.00;153
12467;93;627303843;12467;285;13199;13351;7.18;0.44;247.41;17.43;732;94;4600.00;152
12472;93;627303859;12472;286;13200;13352;7.19;0.44;247.41;17.43;728;94;4601.00;152
12476;93;627303869;12476;286;13200;13352;7.13;0.44;247.39;17.43;724;94;4602.00;152
12480;93;627303878;12480;287;13200;13352;7.13;0.44;247.39;17.43;720;94;4603.00;152
12485;93;627303887;12485;289;13200;13352;7.11;0.43;247.35;17.43;715;94;4604.00;152
12489;93;627303896;12489;297;13200;13352;7.08;0.43;247.36;17.43;711;94;4605.00;152
12491;93;627303905;12491;293;13200;13352;7.10;0.43;247.35;17.43;709;94;4606.00;152
12494;93;627303914;12494;297;13200;13352;7.08;0.43;247.36;17.43;706;94;4607.00;152
12496;93;627303923;12496;297;13263;13479;7.54;0.47;247.36;17.35;767;94;4608.00;216
12499;93;627303941;12499;297;13264;13480;7.45;0.46;247.39;17.35;765;94;4609.00;216
12502;94;627303950;12502;297;13274;13480;7.52;0.47;247.36;17.34;772;95;4610.00;206
12505;94;627303977;12505;295;13277;13480;7.45;0.46;247.36;17.33;772;95;4611.00;203
12508;94;627303988;12508;293;13286;13480;7.40;0.46;247.35;17.32;778;95;4612.00;194
12512;94;627303998;12512;297;13290;13480;7.31;0.46;247.39;17.32;778;95;4613.00;190
12514;94;627304007;12514;302;13295;13480;7.26;0.45;247.40;17.32;781;95;4614.00;185
12517;94;627304017;12517;306;13297;13480;7.17;0.45;247.40;17.31;780;95;4615.00;183
12520;94;627304035;12520;311;13301;13481;7.18;0.45;247.38;17.31;781;95;4616.00;180
12523;94;627304044;12523;315;13305;13482;7.19;0.45;247.39;17.31;782;95;4617.00;177
12526;94;627304055;12526;314;13307;13482;7.19;0.45;247.38;17.31;781;95;4618.00;175
12531;94;627304065;12531;318;13311;13483;7.18;0.45;247.44;17.31;780;95;4619.00;172
12533;94;627304077;12533;317;13313;13483;7.19;0.45;247.45;17.30;780;95;4620.00;170
12539;94;627304086;12539;319;13314;13483;7.08;0.44;247.44;17.30;775;95;4621.00;169
12542;94;627304096;12542;318;13315;13483;6.97;0.43;247.44;17.30;773;95;4622.00;168
12546;94;627304106;12546;320;13318;13487;6.91;0.43;247.42;17.30;772;95;4623.00;169
12547;94;627304122;12547;324;13319;13487;6.89;0.43;247.41;17.30;772;95;4624.00;168
12551;94;627304132;12551;325;13321;13487;6.94;0.43;247.42;17.30;770;95;4625.00;166
12552;94;627304143;12552;332;13323;13490;7.00;0.43;247.41;17.30;771;95;4626.00;167
12555;94;627304153;12555;318;13324;13490;7.03;0.43;247.42;17.30;769;95;4627.00;166
12558;94;627304164;12558;314;13325;13490;7.06;0.44;247.42;17.30;767;95;4628.00;165
12563;94;627304175;12563;308;13328;13494;7.11;0.44;247.44;17.29;765;95;4629.00;166
12565;94;627304186;12565;300;13330;13495;7.14;0.44;247.44;17.29;765;95;4630.00;165
12567;94;627304197;12567;298;13330;13495;7.22;0.44;247.44;17.29;763;95;4631.00;165
12569;94;627304208;12569;294;13334;13499;7.40;0.45;247.44;17.29;765;95;4632.00;165
12571;94;627304220;12571;290;13334;13499;7.49;0.46;247.44;17.29;763;95;4633.00;165
12573;94;627304238;12573;289;13334;13499;7.61;0.47;247.43;17.29;761;95;4634.00;165
12576;94;627304250;12576;287;13336;13501;7.86;0.48;247.42;17.28;760;95;4635.00;165
12577;94;627304262;12577;286;13336;13501;7.97;0.49;247.43;17.28;759;95;4636.00;165
12581;94;627304282;12581;271;13340;13507;8.10;0.50;247.43;17.28;759;95;4637.00;167
12584;94;627304295;12584;261;13341;13507;8.17;0.50;247.41;17.28;757;95;4638.00;166
12587;94;627304315;12587;253;13341;13508;8.27;0.51;247.42;17.28;754;95;4639.00;167
12589;94;627304327;12589;244;13341;13508;8.34;0.51;247.42;17.28;752;95;4640.00;167
12591;94;627304339;12591;243;13341;13508;8.48;0.52;247.39;17.28;750;95;4641.00;167
12594;94;627304351;12594;239;13341;13508;8.54;0.52;247.37;17.28;747;95;4642.00;167
12597;94;627304371;12597;230;13341;13508;8.59;0.52;247.40;17.28;744;95;4643.00;167
12599;94;627304384;12599;228;13350;13520;8.76;0.53;247.39;17.27;751;95;4644.00;170
12603;94;627304398;12603;229;13351;13520;8.86;0.54;247.40;17.26;748;95;4645.00;169
12604;94;627304418;12604;213;13352;13520;9.06;0.55;247.39;17.26;748;95;4646.00;168
12605;94;627304431;12605;196;13352;13520;9.22;0.56;247.38;17.26;747;95;4647.00;168
12607;94;627304442;12607;184;13352;13520;9.34;0.57;247.39;17.26;745;95;4648.00;168
12608;94;627304454;12608;169;13352;13520;9.55;0.58;247.39;17.26;744;95;4649.00;168
12611;94;627304468;12611;167;13357;13526;9.71;0.59;247.41;17.26;746;95;4650.00;169
12613;94;627304481;12613;153;13357;13526;9.87;0.60;247.40;17.26;744;95;4651.00;169
12616;94;627304500;12616;146;13360;13530;10.07;0.61;247.42;17.25;744;95;4652.00;170
12620;94;627304514;12620;139;13362;13531;10.31;0.62;247.44;17.25;742;95;4653.00;169
12624;94;627304527;12624;133;13362;13531;10.52;0.64;247.44;17.25;738;95;4654.00;169
12626;94;627304541;12626;128;13362;13531;10.67;0.65;247.48;17.25;736;95;4655.00;169
12630;94;627304553;12630;126;13373;13544;10.74;0.65;247.49;17.24;743;95;4656.00;171
12635;94;627304570;12635;127;13373;13544;10.86;0.66;247.51;17.24;738;95;4657.00;171
12638;94;627304582;12638;132;13373;13544;10.97;0.66;247.55;17.24;735;95;4658.00;171
12643;94;627304605;12643;128;13374;13545;11.04;0.67;247.56;17.24;731;95;4659.00;171
12645;94;627304618;12645;124;13374;13546;11.17;0.68;247.58;17.24;729;95;4660.00;172
12649;94;627304631;12649;125;13374;13546;11.28;0.68;247.61;17.24;725;95;4661.00;172
12651;94;627304644;12651;124;13376;13549;11.36;0.69;247.60;17.23;725;95;4662.00;173
12652;94;627304657;12652;125;13376;13549;11.46;0.69;247.62;17.23;724;95;4663.00;173
12656;94;627304678;12656;129;13377;13549;11.61;0.70;247.63;17.23;721;95;4664.00;172
12659;94;627304691;12659;125;13377;13549;11.63;0.70;247.62;17.23;718;95;4665.00;172
12660;94;627304703;12660;124;13381;13555;11.73;0.71;247.62;17.23;721;95;4666.00;174
12664;94;627304716;12664;120;13381;13555;11.84;0.72;247.63;17.23;717;95;4667.00;174
12665;94;627304727;12665;121;13382;13555;11.87;0.72;247.62;17.23;717;95;4668.00;173
12669;94;627304743;12669;126;13382;13555;11.87;0.72;247.66;17.23;713;95;4669.00;173
12673;94;627304755;12673;130;13385;13559;11.77;0.71;247.70;17.22;712;95;4670.00;174
12675;94;627304772;12675;128;13386;13560;11.91;0.72;247.69;17.22;711;95;4671.00;174
12680;94;627304784;12680;131;13386;13560;11.93;0.72;247.69;17.22;706;95;4672.00;174
12681;94;627304795;12681;135;13387;13561;12.03;0.73;247.72;17.22;706;95;4673.00;174
12686;94;627304806;12686;133;13387;13561;12.11;0.73;247.73;17.22;701;95;4674.00;174
12687;94;627304817;12687;134;13387;13561;12.12;0.74;247.74;17.22;700;95;4675.00;174
12689;94;627304828;12689;127;13387;13561;12.15;0.74;247.75;17.22;698;95;4676.00;174
12693;94;627304839;12693;130;13387;13561;12.24;0.74;247.79;17.22;694;95;4677.00;174
12696;94;627304851;12696;131;13387;13561;12.29;0.75;247.83;17.22;691;95;4678.00;174
12699;94;627304863;12699;126;13387;13561;12.29;0.75;247.84;17.22;688;95;4679.00;174
12700;94;627304881;12700;147;13450;13686;11.94;0.73;247.86;17.14;750;95;4680.00;236
12704;95;627304910;12704;135;13450;13687;11.95;0.73;247.89;17.14;746;96;4681.00;237
12706;95;627304934;12706;127;13455;13687;12.00;0.73;247.92;17.13;749;96;4682.00;232
12708;95;627304950;12708;121;13460;13687;12.10;0.74;247.91;17.13;752;96;4683.00;227
12713;95;627304961;12713;124;13463;13687;12.11;0.74;247.94;17.13;750;96;4684.00;224
12715;95;627304972;12715;125;13465;13687;12.15;0.74;247.94;17.12;750;96;4685.00;222
12720;95;627304982;12720;129;13469;13687;12.13;0.74;247.97;17.12;749;96;4686.00;218
12722;95;627304993;12722;131;13471;13687;12.14;0.74;247.98;17.12;749;96;4687.00;216
12725;95;627305004;12725;133;13474;13688;12.13;0.74;247.96;17.12;749;96;4688.00;214
12731;95;627305016;12731;136;13477;13689;12.05;0.74;248.00;17.11;746;96;4689.00;212
12735;95;627305027;12735;134;13481;13689;12.05;0.74;248.04;17.11;746;96;4690.00;208
12740;95;627305038;12740;133;13484;13693;12.04;0.74;248.04;17.11;744;96;4691.00;209
12743;95;627305052;12743;129;13488;13693;12.04;0.74;248.05;17.11;745;96;4692.00;205
12746;95;627305063;12746;129;13490;13693;11.98;0.73;248.05;17.11;744;96;4693.00;203
12753;95;627305073;12753;129;13493;13693;11.87;0.72;248.09;17.12;740;96;4694.00;200
12757;95;627305086;12757;128;13495;13699;11.88;0.73;248.09;17.12;738;96;4695.00;204
12761;95;627305098;12761;123;13498;13699;11.82;0.72;248.07;17.13;737;96;4696.00;201
12768;95;627305109;12768;122;13498;13699;11.85;0.72;248.11;17.13;730;96;4697.00;201
12773;95;627305120;12773;122;13501;13702;11.86;0.72;248.10;17.13;728;96;4698.00;201
12776;95;627305137;12776;121;13502;13702;11.91;0.73;248.09;17.13;726;96;4699.00;200
12778;95;627305149;12778;124;13503;13702;11.93;0.73;248.11;17.28;725;96;4700.00;199
12783;95;627305164;12783;120;13503;13703;12.00;0.73;248.08;17.28;720;96;4701.00;200
12787;95;627305175;12787;118;13504;13704;12.11;0.74;248.06;17.28;717;96;4702.00;200
12788;95;627305186;12788;116;13504;13704;12.18;0.74;248.06;17.28;716;96;4703.00;200
12789;95;627305198;12789;117;13513;13717;12.20;0.75;248.09;17.26;724;96;4704.00;204
12789;95;627305209;12789;117;13513;13717;12.30;0.75;248.09;17.26;724;96;4705.00;204
12793;95;627305221;12793;116;13513;13717;12.34;0.76;248.13;17.26;720;96;4706.00;204
12798;95;627305232;12798;120;13515;13718;12.39;0.76;248.12;17.26;717;96;4707.00;203
12802;95;627305243;12802;125;13515;13718;12.50;0.76;248.13;17.26;713;96;4708.00;203
12810;96;627305255;12810;128;13517;13722;12.49;0.76;248.10;17.26;707;97;4709.00;205
12812;96;627305275;12812;133;13520;13722;12.51;0.76;248.07;17.26;708;97;4710.00;202
12813;96;627305290;12813;138;13524;13726;12.42;0.76;248.07;17.26;711;97;4711.00;202
12814;96;627305306;12814;134;13525;13726;12.34;0.75;248.06;17.26;711;97;4712.00;201
12818;96;627305317;12818;136;13525;13726;12.26;0.75;248.07;17.26;707;97;4713.00;201
12823;96;627305328;12823;139;13526;13726;12.12;0.74;248.05;17.27;703;97;4714.00;200
12825;96;627305339;12825;151;13526;13726;11.95;0.73;248.03;17.27;701;97;4715.00;200
12827;96;627305355;12827;155;13538;13738;11.86;0.72;248.02;17.26;711;97;4716.00;200
12830;96;627305366;12830;164;13539;13738;11.77;0.72;247.99;17.26;709;97;4717.00;199
12833;96;627305377;12833;171;13540;13738;11.67;0.71;248.02;17.26;707;97;4718.00;198
12836;96;627305388;12836;179;13541;13738;11.57;0.70;248.01;17.28;705;97;4719.00;197
12839;96;627305398;12839;183;13542;13738;11.43;0.69;248.02;17.28;703;97;4720.00;196
12842;96;627305408;12842;185;13543;13738;11.36;0.69;248.06;17.28;701;97;4721.00;195
12845;96;627305419;12845;184;13544;13739;11.21;0.68;248.09;17.30;699;97;4722.00;195
12848;96;627305429;12848;188;13545;13739;11.15;0.68;248.08;17.30;697;97;4723.00;194
12851;96;627305445;12851;192;13550;13745;11.10;0.67;248.09;17.31;699;97;4724.00;195
12853;96;627305456;12853;196;13554;13747;11.08;0.67;248.09;17.31;701;97;4725.00;193
12857;96;627305466;12857;198;13554;13747;10.98;0.67;248.08;17.31;697;97;4726.00;193
12860;96;627305477;12860;204;13555;13747;10.83;0.66;248.07;17.32;695;97;4727.00;192
12860;96;627305487;12860;216;13559;13751;10.69;0.65;248.07;17.33;699;97;4728.00;192
12861;96;627305497;12861;218;13559;13751;10.54;0.64;248.09;17.33;698;97;4729.00;192
12861;96;627305506;12861;217;13561;13751;10.42;0.63;248.09;17.35;700;97;4730.00;190
12864;96;627305516;12864;222;13563;13752;10.22;0.62;248.07;17.36;699;97;4731.00;189
12866;96;627305526;12866;228;13567;13756;10.13;0.62;248.09;17.36;701;97;4732.00;189
12867;96;627305535;12867;232;13567;13756;10.06;0.61;248.07;17.36;700;97;4733.00;189
12868;96;627305545;12868;238;13571;13759;10.01;0.61;248.06;17.39;703;97;4734.00;188
12869;96;627305554;12869;246;13572;13759;9.92;0.60;248.06;17.38;703;97;4735.00;187
12872;96;627305563;12872;251;13574;13759;9.76;0.60;248.05;17.41;702;97;4736.00;185
12872;96;627305572;12872;260;13574;13759;9.58;0.58;248.05;17.41;702;97;4737.00;185
12877;96;627305581;12877;261;13579;13763;9.35;0.57;248.05;17.43;702;97;4738.00;184
12880;96;627305590;12880;259;13580;13763;9.22;0.56;248.03;17.43;700;97;4739.00;183
12880;96;627305601;12880;255;13582;13763;9.06;0.56;248.03;17.46;702;97;4740.00;181
12882;96;627305610;12882;258;13582;13763;8.97;0.55;248.02;17.46;700;97;4741.00;181
12885;96;627305618;12885;257;13582;13764;8.86;0.54;248.01;17.46;697;97;4742.00;182
12888;96;627305628;12888;258;13585;13765;8.70;0.53;247.97;17.48;697;97;4743.00;180
12891;96;627305637;12891;261;13585;13765;8.54;0.52;248.01;17.48;694;97;4744.00;180
12891;96;627305646;12891;264;13588;13766;8.48;0.52;248.01;17.50;697;97;4745.00;178
12892;96;627305654;12892;265;13588;13766;8.42;0.52;248.00;17.50;696;97;4746.00;178
12894;96;627305664;12894;263;13590;13766;8.23;0.51;247.98;17.52;696;97;4747.00;176
12895;96;627305677;12895;268;13590;13766;8.10;0.50;247.97;17.52;695;97;4748.00;176
12899;96;627305691;12899;268;13590;13766;7.89;0.49;247.94;17.52;691;97;4749.00;176
12904;96;627305703;12904;269;13592;13766;7.69;0.47;247.91;17.54;688;97;4750.00;174
12908;96;627305719;12908;271;13593;13766;7.53;0.46;247.88;17.55;685;97;4751.00;173
12912;96;627305730;12912;297;13660;13893;7.65;0.48;247.84;17.47;748;97;4752.00;233
12916;96;627305756;12916;298;13666;13894;7.45;0.47;247.83;17.49;750;97;4753.00;228
12917;96;627305770;12917;295;13674;13894;7.41;0.46;247.82;17.48;757;97;4754.00;220
12921;96;627305782;12921;294;13679;13894;7.30;0.46;247.81;17.47;758;97;4755.00;215
12922;96;627305792;12922;298;13688;13894;7.18;0.45;247.80;17.48;766;97;4756.00;206
12925;96;627305801;12925;299;13692;13894;7.04;0.44;247.84;17.48;767;97;4757.00;202
12931;96;627305810;12931;302;13697;13894;6.90;0.43;247.84;17.47;766;97;4758.00;197
12935;96;627305820;12935;307;13703;13894;6.74;0.42;247.81;17.48;768;97;4759.00;191
12939;96;627305829;12939;307;13707;13895;6.65;0.41;247.80;17.48;768;97;4760.00;188
12942;96;627305840;12942;300;13707;13896;6.57;0.41;247.82;17.48;765;97;4761.00;189
12943;96;627305849;12943;302;13711;13896;6.57;0.41;247.81;17.49;768;97;4762.00;185
12947;96;627305861;12947;302;13712;13897;6.50;0.40;247.79;17.49;765;97;4763.00;185
12948;96;627305871;12948;303;13713;13897;6.40;0.40;247.81;17.49;765;97;4764.00;184
12949;96;627305882;12949;302;13716;13897;6.25;0.39;247.82;17.50;767;97;4765.00;181
12950;96;627305891;12950;311;13718;13897;6.19;0.38;247.81;17.50;768;97;4766.00;179
12955;96;627305910;12955;311;13723;13901;6.14;0.38;247.82;17.51;768;97;4767.00;178
12957;96;627305919;12957;316;13725;13901;6.14;0.38;247.86;17.51;768;97;4768.00;176
12960;96;627305928;12960;314;13726;13901;6.15;0.38;247.90;17.51;766;97;4769.00;175
12962;96;627305939;12962;315;13730;13907;6.20;0.38;247.90;17.50;768;97;4770.00;177
12964;96;627305948;12964;311;13732;13907;6.21;0.38;247.92;17.65;768;97;4771.00;175
12965;96;627305958;12965;312;13735;13907;6.25;0.39;247.94;17.65;770;97;4772.00;172
12968;96;627305968;12968;313;13738;13911;6.31;0.39;247.93;17.65;770;97;4773.00;173
12970;96;627305978;12970;313;13740;13912;6.32;0.39;247.92;17.65;770;97;4774.00;172
12977;96;627305987;12977;321;13741;13912;6.30;0.39;247.91;17.65;764;97;4775.00;171
12980;96;627305996;12980;326;13744;13916;6.38;0.39;247.90;17.64;764;97;4776.00;172
12982;96;627306005;12982;328;13744;13916;6.43;0.39;247.89;17.64;762;97;4777.00;172
12986;96;627306015;12986;328;13744;13916;6.51;0.40;247.89;17.64;758;97;4778.00;172
12987;96;627306024;12987;320;13745;13917;6.59;0.40;247.87;17.64;758;97;4779.00;172
12991;96;627306034;12991;307;13745;13917;6.61;0.40;247.87;17.64;754;97;4780.00;172
12993;96;627306051;12993;307;13750;13923;6.68;0.41;247.87;17.63;757;97;4781.00;173
12995;96;627306061;12995;299;13750;13923;6.82;0.42;247.84;17.63;755;97;4782.00;173
12999;96;627306072;12999;284;13750;13924;6.93;0.42;247.83;17.63;751;97;4783.00;174
13002;96;627306082;13002;275;13750;13924;7.08;0.43;247.84;17.63;748;97;4784.00;174
13003;96;627306093;13003;269;13750;13924;7.21;0.44;247.84;17.63;747;97;4785.00;174
13008;96;627306103;13008;269;13750;13924;7.37;0.45;247.81;17.63;742;97;4786.00;174
13011;96;627306114;13011;271;13750;13924;7.53;0.46;247.81;17.63;739;97;4787.00;174
13015;96;627306124;13015;266;13760;13936;7.75;0.47;247.85;17.62;745;97;4788.00;176
13017;96;627306143;13017;263;13760;13936;7.87;0.48;247.85;17.62;743;97;4789.00;176
13019;96;627306154;13019;261;13761;13936;8.00;0.49;247.85;17.62;742;97;4790.00;175
13024;96;627306165;13024;259;13761;13936;8.05;0.49;247.82;17.62;737;97;4791.00;175
13026;96;627306176;13026;255;13761;13936;8.16;0.49;247.85;17.62;735;97;4792.00;175
13029;96;627306187;13029;250;13761;13936;8.25;0.50;247.83;17.62;732;97;4793.00;175
13031;96;627306199;13031;252;13764;13940;8.34;0.50;247.82;17.62;733;97;4794.00;176
13032;96;627306211;13032;254;13764;13940;8.47;0.51;247.83;17.62;732;97;4795.00;176
13033;96;627306221;13033;253;13767;13944;8.56;0.52;247.83;17.61;734;97;4796.00;177
13033;96;627306233;13033;246;13768;13945;8.67;0.52;247.83;17.61;735;97;4797.00;177
13034;96;627306244;13034;249;13769;13945;8.73;0.53;247.84;17.61;735;97;4798.00;176
13035;96;627306256;13035;255;13769;13945;8.71;0.53;247.86;17.61;734;97;4799.00;176
13038;96;627306277;13038;266;13790;13986;8.70;0.53;247.85;17.58;752;97;4800.00;196
13043;96;627306295;13043;263;13791;13986;8.74;0.53;247.83;17.58;748;97;4801.00;195
13043;96;627306307;13043;256;13793;13986;8.94;0.54;247.83;17.58;750;97;4802.00;193
13047;96;627306318;13047;251;13795;13987;8.98;0.55;247.88;17.58;748;97;4803.00;192
13050;96;627306330;13050;249;13796;13988;9.00;0.55;247.85;17.58;746;97;4804.00;192
13053;96;627306340;13053;248;13796;13988;9.04;0.55;247.87;17.58;743;97;4805.00;192
13056;96;627306352;13056;245;13800;13991;9.08;0.55;247.88;17.57;744;97;4806.00;191
13059;96;627306363;13059;236;13801;13991;9.10;0.55;247.91;17.57;742;97;4807.00;190
13064;96;627306374;13064;226;13803;13991;9.10;0.56;247.93;17.57;739;97;4808.00;188
13067;96;627306386;13067;219;13803;13991;9.17;0.56;247.93;17.57;736;97;4809.00;188
13073;96;627306397;13073;212;13806;13997;9.19;0.56;248.00;17.57;733;97;4810.00;191
13078;96;627306410;13078;214;13808;13997;9.25;0.56;248.03;17.57;730;97;4811.00;189
13084;96;627306422;13084;214;13809;13997;9.28;0.57;248.03;17.57;725;97;4812.00;188
13088;96;627306434;13088;210;13810;13997;9.34;0.57;248.05;17.56;722;97;4813.00;187
13092;96;627306451;13092;206;13813;14001;9.26;0.56;248.09;17.56;721;97;4814.00;188
13097;96;627306463;13097;199;13815;14003;9.19;0.56;248.10;17.56;718;97;4815.00;188
13099;96;627306477;13099;188;13815;14003;9.27;0.56;248.11;17.56;716;97;4816.00;188
13101;96;627306488;13101;171;13816;14004;9.43;0.58;248.15;17.56;715;97;4817.00;188
13104;96;627306500;13104;160;13817;14004;9.62;0.59;248.13;17.56;713;97;4818.00;187
13107;96;627306512;13107;148;13817;14004;9.82;0.60;248.13;17.56;710;97;4819.00;187
13109;96;627306525;13109;137;13817;14004;9.96;0.61;248.16;17.56;708;97;4820.00;187
13112;96;627306537;13112;130;13817;14004;10.15;0.62;248.19;17.56;705;97;4821.00;187
13116;96;627306550;13116;128;13817;14004;10.32;0.63;248.19;17.56;701;97;4822.00;187
13119;96;627306570;13119;126;13817;14004;10.46;0.64;248.21;17.56;698;97;4823.00;187
13122;96;627306582;13122;139;13861;14074;10.31;0.63;248.19;17.50;739;97;4824.00;213
13126;96;627306609;13126;132;13861;14075;10.38;0.63;248.20;17.50;735;97;4825.00;214
13127;96;627306623;13127;123;13866;14075;10.57;0.64;248.22;17.50;739;97;4826.00;209
13129;96;627306637;13129;124;13869;14075;10.69;0.65;248.24;17.49;740;97;4827.00;206
13129;96;627306651;13129;121;13871;14077;10.90;0.66;248.24;17.49;742;97;4828.00;206
13132;96;627306664;13132;116;13874;14077;11.01;0.67;248.26;17.49;742;97;4829.00;203
13136;96;627306678;13136;123;13877;14077;11.11;0.68;248.30;17.49;741;97;4830.00;200
13137;96;627306692;13137;124;13880;14077;11.20;0.68;248.29;17.49;743;97;4831.00;197
13141;96;627306704;13141;121;13883;14078;11.20;0.68;248.31;17.48;742;97;4832.00;195
13141;96;627306717;13141;123;13885;14079;11.23;0.68;248.31;17.48;744;97;4833.00;194
13146;96;627306729;13146;128;13887;14079;11.30;0.69;248.32;17.63;741;97;4834.00;192
13149;96;627306742;13149;126;13890;14083;11.34;0.69;248.33;17.63;741;97;4835.00;193
13152;96;627306754;13152;140;13893;14083;11.38;0.69;248.35;17.63;741;97;4836.00;190
13155;96;627306766;13155;134;13893;14083;11.38;0.69;248.34;17.63;738;97;4837.00;190
13158;96;627306777;13158;133;13893;14083;11.43;0.70;248.35;17.63;735;97;4838.00;190
13162;96;627306788;13162;133;13898;14089;11.47;0.70;248.35;17.62;736;97;4839.00;191
13165;96;627306800;13165;135;13898;14089;11.42;0.70;248.37;17.62;733;97;4840.00;191
13168;96;627306812;13168;135;13899;14089;11.36;0.69;248.38;17.62;731;97;4841.00;190
13171;96;627306822;13171;136;13902;14092;11.37;0.69;248.38;17.62;731;97;4842.00;190
13177;96;627306834;13177;140;13902;14092;11.34;0.69;248.36;17.62;725;97;4843.00;190
13178;96;627306845;13178;144;13902;14092;11.36;0.69;248.37;17.62;724;97;4844.00;190
13182;96;627306856;13182;146;13902;14093;11.30;0.69;248.36;17.62;720;97;4845.00;191
13184;96;627306866;13184;149;13903;14094;11.33;0.69;248.36;17.62;719;97;4846.00;191
13186;96;627306877;13186;153;13903;14094;11.43;0.69;248.43;17.62;717;97;4847.00;191
13190;96;627306888;13190;152;13914;14107;11.47;0.70;248.44;17.61;724;97;4848.00;193
13193;96;627306899;13193;146;13914;14107;11.53;0.70;248.47;17.61;721;97;4849.00;193
13194;96;627306909;13194;147;13914;14107;11.58;0.70;248.46;17.61;720;97;4850.00;193
13196;96;627306920;13196;145;13915;14108;11.58;0.70;248.48;17.60;719;97;4851.00;193
13198;96;627306931;13198;147;13915;14108;11.63;0.71;248.51;17.60;717;97;4852.00;193
13200;96;627306941;13200;149;13918;14112;11.67;0.71;248.56;17.60;718;97;4853.00;194
13203;96;627306952;13203;145;13918;14112;11.66;0.71;248.53;17.60;715;97;4854.00;194
13207;96;627306963;13207;145;13922;14116;11.62;0.70;248.56;17.60;715;97;4855.00;194
13214;96;627306973;13214;146;13922;14116;11.63;0.70;248.54;17.60;708;97;4856.00;194
13217;96;627306984;13217;148;13922;14116;11.64;0.70;248.55;17.60;705;97;4857.00;194
13221;96;627306994;13221;149;13922;14116;11.64;0.70;248.55;17.60;701;97;4858.00;194
13224;96;627307005;13224;152;13922;14116;11.59;0.70;248.54;17.60;698;97;4859.00;194
13226;96;627307016;13226;153;13943;14150;11.52;0.70;248.55;17.57;717;97;4860.00;207
13230;96;627307028;13230;147;13943;14150;11.49;0.70;248.54;17.57;713;97;4861.00;207
13230;96;627307038;13230;143;13944;14150;11.50;0.70;248.54;17.57;714;97;4862.00;206
13235;96;627307048;13235;141;13946;14150;11.46;0.70;248.56;17.72;711;97;4863.00;204
13238;97;627307058;13238;139;13946;14150;11.50;0.70;248.56;17.72;708;98;4864.00;204
13244;97;627307077;13244;139;13949;14150;11.49;0.70;248.55;17.74;705;98;4865.00;201
13248;97;627307089;13248;137;13950;14151;11.51;0.70;248.53;17.74;702;98;4866.00;201
13250;97;627307099;13250;138;13950;14151;11.58;0.70;248.55;17.74;700;98;4867.00;201
13253;97;627307109;13253;136;13954;14157;11.65;0.71;248.57;17.74;701;98;4868.00;203
13256;97;627307120;13256;135;13955;14158;11.69;0.71;248.56;17.74;699;98;4869.00;203
13258;97;627307130;13258;127;13956;14158;11.67;0.71;248.56;17.73;698;98;4870.00;202
13258;97;627307140;13258;126;13956;14158;11.64;0.71;248.56;17.73;698;98;4871.00;202
13262;97;627307155;13262;129;13958;14162;11.64;0.71;248.55;17.73;696;98;4872.00;204
13264;97;627307165;13264;127;13958;14162;11.55;0.70;248.56;17.73;694;98;4873.00;204
13266;97;627307174;13266;127;13958;14162;11.60;0.70;248.55;17.73;692;98;4874.00;204
13266;97;627307184;13266;130;13959;14163;11.64;0.71;248.55;17.73;693;98;4875.00;204
13268;97;627307199;13268;127;13962;14167;11.60;0.70;248.53;17.73;694;98;4876.00;205
13270;97;627307210;13270;126;13963;14167;11.59;0.70;248.55;17.73;693;98;4877.00;204
13273;97;627307220;13273;127;13965;14170;11.61;0.70;248.52;17.72;692;98;4878.00;205
13279;97;627307230;13279;131;13967;14170;11.64;0.71;248.56;17.72;688;98;4879.00;203
13280;97;627307241;13280;134;13967;14170;11.63;0.71;248.56;17.72;687;98;4880.00;203
13284;97;627307250;13284;136;13967;14170;11.56;0.70;248.58;17.72;683;98;4881.00;203
13287;97;627307260;13287;140;13971;14174;11.53;0.70;248.58;17.72;684;98;4882.00;203
13292;97;627307270;13292;142;13972;14174;11.52;0.70;248.56;17.72;680;98;4883.00;202
13296;97;627307280;13296;145;13973;14174;11.41;0.69;248.54;17.72;677;98;4884.00;201
13298;97;627307290;13298;146;13973;14174;11.28;0.68;248.56;17.72;675;98;4885.00;201
13298;97;627307300;13298;148;13974;14175;11.19;0.68;248.56;17.72;676;98;4886.00;201
13300;97;627307310;13300;156;13975;14176;11.12;0.68;248.56;17.72;675;98;4887.00;201
13301;97;627307320;13301;159;13975;14176;11.03;0.67;248.58;17.72;674;98;4888.00;201
13304;97;627307330;13304;162;13976;14177;10.91;0.67;248.61;17.72;672;98;4889.00;201
13309;97;627307341;13309;175;13977;14177;10.75;0.66;248.68;17.73;668;98;4890.00;200
13310;97;627307351;13310;180;13978;14177;10.67;0.65;248.69;17.74;668;98;4891.00;199
13311;97;627307359;13311;187;13978;14177;10.61;0.65;248.69;17.74;667;98;4892.00;199
13314;97;627307368;13314;191;13979;14177;10.50;0.64;248.70;17.76;665;98;4893.00;198
13318;97;627307377;13318;196;13980;14177;10.39;0.63;248.72;17.77;662;98;4894.00;197
13318;97;627307386;13318;197;13980;14177;10.32;0.63;248.72;17.77;662;98;4895.00;197
13321;97;627307395;13321;218;14048;14304;10.34;0.64;248.78;17.71;727;98;4896.00;256
13325;97;627307413;13325;219;14053;14305;10.22;0.63;248.77;17.72;728;98;4897.00;252
13326;97;627307430;13326;218;14061;14305;10.23;0.63;248.76;17.72;735;98;4898.00;244
13330;97;627307439;13330;224;14064;14305;10.13;0.63;248.73;17.72;734;98;4899.00;241
13332;97;627307450;13332;226;14073;14305;10.05;0.62;248.71;17.74;741;98;4900.00;232
13334;97;627307463;13334;224;14075;14305;9.94;0.61;248.72;17.74;741;98;4901.00;230
13337;97;627307479;13337;224;14082;14305;9.82;0.60;248.69;17.75;745;98;4902.00;223
13339;97;627307488;13339;231;14086;14305;9.74;0.60;248.68;17.77;747;98;4903.00;219
13343;97;627307497;13343;238;14088;14306;9.65;0.59;248.65;17.77;745;98;4904.00;218
13346;97;627307513;13346;240;14094;14308;9.52;0.59;248.61;17.78;748;98;4905.00;214
13346;97;627307523;13346;246;14097;14308;9.42;0.58;248.61;17.79;751;98;4906.00;211
13349;97;627307533;13349;250;14101;14309;9.26;0.57;248.59;17.78;752;98;4907.00;208
13354;97;627307542;13354;253;14108;14309;9.15;0.56;248.58;17.80;754;98;4908.00;201
13355;97;627307551;13355;254;14109;14309;9.04;0.55;248.57;17.80;754;98;4909.00;200
13358;97;627307561;13358;255;14112;14309;8.87;0.54;248.53;17.81;754;98;4910.00;197
13358;97;627307570;13358;256;14115;14313;8.71;0.53;248.53;17.81;757;98;4911.00;198
13359;97;627307580;13359;262;14117;14313;8.57;0.52;248.52;17.81;758;98;4912.00;196
13362;97;627307589;13362;266;14119;14313;8.42;0.51;248.52;17.82;757;98;4913.00;194
13362;97;627307599;13362;273;14124;14316;8.39;0.51;248.52;17.84;762;98;4914.00;192
13364;97;627307609;13364;279;14125;14316;8.28;0.51;248.50;17.85;761;98;4915.00;191
13365;97;627307618;13365;288;14127;14316;8.11;0.49;248.50;17.86;762;98;4916.00;189
13366;97;627307627;13366;297;14130;14320;7.99;0.49;248.49;17.86;764;98;4917.00;190
13367;97;627307637;13367;299;14135;14321;7.92;0.48;248.48;17.88;768;98;4918.00;186
13372;97;627307647;13372;298;14136;14321;7.83;0.48;248.44;17.88;764;98;4919.00;185
13373;97;627307663;13373;303;14141;14326;7.80;0.48;248.42;17.88;768;98;4920.00;185
13375;97;627307678;13375;307;14141;14326;7.65;0.47;248.42;17.88;766;98;4921.00;185
13376;97;627307694;13376;315;14143;14326;7.54;0.46;248.40;17.90;767;98;4922.00;183
13380;97;627307706;13380;323;14144;14327;7.38;0.45;248.40;17.90;764;98;4923.00;183
13383;97;627307723;13383;323;14144;14327;7.22;0.44;248.40;17.90;761;98;4924.00;183
13387;97;627307737;13387;330;14148;14333;7.10;0.43;248.37;17.89;761;98;4925.00;185
13390;97;627307752;13390;334;14150;14333;6.89;0.42;248.37;17.91;760;98;4926.00;183
13391;97;627307765;13391;334;14151;14334;6.76;0.41;248.36;17.91;760;98;4927.00;183
13394;97;627307777;13394;344;14155;14334;6.55;0.40;248.41;17.93;761;98;4928.00;179
13394;97;627307789;13394;345;14155;14334;6.37;0.39;248.41;17.93;761;98;4929.00;179
13397;97;627307798;13397;339;14155;14334;6.19;0.38;248.42;17.93;758;98;4930.00;179
13399;97;627307808;13399;319;14157;14334;6.06;0.37;248.44;17.94;758;98;4931.00;177
13400;97;627307817;13400;311;14168;14346;6.18;0.38;248.43;17.93;768;98;4932.00;178
13403;97;627307828;13403;302;14169;14346;6.22;0.38;248.44;17.94;766;98;4933.00;177
13405;97;627307845;13405;297;14170;14346;6.24;0.38;248.45;17.94;765;98;4934.00;176
13408;97;627307855;13408;295;14170;14346;6.34;0.39;248.48;17.94;762;98;4935.00;176
13411;97;627307864;13411;290;14172;14346;6.37;0.39;248.50;17.95;761;98;4936.00;174
13411;97;627307874;13411;278;14172;14346;6.52;0.40;248.50;17.95;761;98;4937.00;174
13415;97;627307884;13415;268;14175;14350;6.66;0.41;248.51;17.94;760;98;4938.00;175
13417;97;627307902;13417;258;14176;14350;6.79;0.42;248.55;17.95;759;98;4939.00;174
13421;97;627307911;13421;253;14179;14354;6.95;0.43;248.52;17.95;758;98;4940.00;175
13423;97;627307922;13423;239;14180;14355;7.10;0.44;248.52;17.94;757;98;4941.00;175
13426;97;627307931;13426;241;14181;14355;7.23;0.44;248.50;17.94;755;98;4942.00;174
13430;97;627307941;13430;236;14181;14355;7.35;0.45;248.49;17.94;751;98;4943.00;174
13432;97;627307951;13432;234;14192;14368;7.61;0.47;248.51;17.93;760;98;4944.00;176
13437;97;627307962;13437;234;14192;14368;7.75;0.47;248.49;17.93;755;98;4945.00;176
13441;97;627307973;13441;234;14192;14368;7.80;0.48;248.50;17.93;751;98;4946.00;176
13442;97;627307996;13442;231;14193;14369;7.96;0.49;248.49;17.93;751;98;4947.00;176
13446;97;627308006;13446;222;14193;14370;8.03;0.49;248.48;17.93;747;98;4948.00;177
13448;97;627308016;13448;222;14193;14370;8.09;0.49;248.48;17.93;745;98;4949.00;177
13451;97;627308028;13451;220;14197;14379;8.19;0.50;248.47;17.92;746;98;4950.00;182
13454;97;627308040;13454;215;14198;14379;8.27;0.50;248.47;17.92;744;98;4951.00;181
13460;98;627308050;13460;218;14199;14379;8.32;0.51;248.44;17.92;739;99;4952.00;180
13463;98;627308079;13463;210;14200;14379;8.41;0.51;248.44;17.92;737;99;4953.00;179
13467;98;627308090;13467;207;14203;14385;8.45;0.51;248.44;17.92;736;99;4954.00;182
13471;98;627308102;13471;203;14204;14385;8.54;0.52;248.44;17.92;733;99;4955.00;181
13474;98;627308113;13474;198;14204;14385;8.61;0.52;248.44;17.92;730;99;4956.00;181
13479;98;627308123;13479;193;14205;14385;8.63;0.52;248.44;17.91;726;99;4957.00;180
13481;98;627308134;13481;187;14209;14389;8.72;0.53;248.49;17.91;728;99;4958.00;180
13487;98;627308145;13487;188;14211;14390;8.72;0.53;248.47;17.91;724;99;4959.00;179
13491;98;627308157;13491;187;14211;14390;8.72;0.53;248.51;17.91;720;99;4960.00;179
13494;98;627308167;13494;187;14212;14391;8.75;0.53;248.53;17.91;718;99;4961.00;179
13499;98;627308178;13499;185;14212;14391;8.74;0.53;248.52;17.91;713;99;4962.00;179
13505;98;627308189;13505;185;14212;14391;8.76;0.53;248.51;17.91;707;99;4963.00;179
13509;98;627308202;13509;194;14212;14391;8.81;0.54;248.49;17.91;703;99;4964.00;179
13515;98;627308212;13515;189;14212;14391;8.82;0.54;248.50;17.91;697;99;4965.00;179
13517;98;627308224;13517;190;14212;14391;8.94;0.55;248.51;17.91;695;99;4966.00;179
13519;98;627308234;13519;191;14212;14391;9.07;0.55;248.52;17.91;693;99;4967.00;179
13525;98;627308244;13525;203;14253;14461;9.13;0.56;248.53;17.86;728;99;4968.00;208
13528;98;627308262;13528;199;14254;14462;9.21;0.56;248.52;17.85;726;99;4969.00;208
13533;98;627308273;13533;194;14260;14462;9.39;0.57;248.54;17.85;727;99;4970.00;202
13538;98;627308284;13538;195;14264;14462;9.46;0.58;248.56;17.84;726;99;4971.00;198
13540;98;627308296;13540;200;14269;14462;9.52;0.58;248.57;18.00;729;99;4972.00;193
13544;98;627308308;13544;197;14274;14462;9.50;0.58;248.61;17.99;730;99;4973.00;188
13548;98;627308320;13548;202;14276;14462;9.48;0.58;248.63;17.99;728;99;4974.00;186
13552;98;627308331;13552;203;14277;14462;9.43;0.57;248.66;17.99;725;99;4975.00;185
13555;98;627308342;13555;209;14279;14463;9.35;0.57;248.70;17.99;724;99;4976.00;184
13558;98;627308354;13558;203;14280;14464;9.36;0.57;248.74;17.98;722;99;4977.00;184
13561;98;627308366;13561;197;14281;14464;9.34;0.57;248.74;17.98;720;99;4978.00;183
13564;98;627308377;13564;195;14284;14468;9.36;0.57;248.74;17.98;720;99;4979.00;184
13566;98;627308392;13566;189;14284;14468;9.38;0.57;248.78;17.98;718;99;4980.00;184
13567;98;627308404;13567;191;14284;14468;9.51;0.58;248.79;17.98;717;99;4981.00;184
13571;98;627308417;13571;191;14284;14468;9.61;0.58;248.77;17.98;713;99;4982.00;184
13573;98;627308429;13573;184;14288;14474;9.69;0.59;248.78;17.98;715;99;4983.00;186
13576;98;627308442;13576;177;14288;14474;9.73;0.59;248.80;17.98;712;99;4984.00;186
13579;98;627308454;13579;180;14289;14474;9.81;0.60;248.80;17.98;710;99;4985.00;185
13581;98;627308467;13581;163;14291;14477;10.00;0.61;248.81;17.97;710;99;4986.00;186
13581;98;627308480;13581;156;14292;14477;10.17;0.62;248.81;17.97;711;99;4987.00;185
13584;98;627308491;13584;147;14292;14477;10.30;0.63;248.82;17.97;708;99;4988.00;185
13584;98;627308503;13584;139;14292;14478;10.49;0.64;248.82;17.97;708;99;4989.00;186
13591;98;627308515;13591;137;14293;14479;10.65;0.65;248.82;17.97;702;99;4990.00;186
13595;98;627308528;13595;141;14293;14479;10.79;0.65;248.86;17.97;698;99;4991.00;186
13599;98;627308543;13599;138;14304;14492;10.99;0.66;248.83;17.96;705;99;4992.00;188
13602;98;627308556;13602;136;14304;14492;11.06;0.67;248.87;17.96;702;99;4993.00;188
13603;98;627308569;13603;129;14304;14492;11.14;0.67;248.90;17.96;701;99;4994.00;188
13605;98;627308581;13605;132;14306;14494;11.18;0.68;248.91;17.95;701;99;4995.00;188
13608;98;627308594;13608;133;14306;14494;11.30;0.69;248.90;17.95;698;99;4996.00;188
13610;98;627308606;13610;129;14309;14498;11.45;0.69;248.88;17.95;699;99;4997.00;189
13614;98;627308620;13614;125;14309;14498;11.57;0.70;248.89;17.95;695;99;4998.00;189
13616;98;627308632;13616;122;14313;14502;11.58;0.70;248.89;17.95;697;99;4999.00;189
13619;98;627308646;13619;122;14313;14502;11.67;0.71;248.88;17.95;694;99;5000.00;189
13623;98;627308662;13623;117;14313;14502;11.76;0.71;248.89;17.95;690;99;5001.00;189
13626;98;627308682;13626;119;14313;14502;11.81;0.72;248.90;17.95;687;99;5002.00;189
13627;98;627308694;13627;123;14313;14502;11.85;0.72;248.91;17.95;686;99;5003.00;189
13629;98;627308705;13629;123;14322;14514;11.85;0.72;248.93;17.93;693;99;5004.00;192
13630;98;627308718;13630;122;14322;14514;11.92;0.73;248.93;17.93;692;99;5005.00;192
13635;98;627308729;13635;120;14324;14514;11.93;0.72;248.94;17.93;689;99;5006.00;190
13639;98;627308746;13639;118;14324;14514;11.96;0.73;248.95;17.93;685;99;5007.00;190
13641;98;627308757;13641;116;14324;14514;12.01;0.73;248.95;17.93;683;99;5008.00;190
13646;98;627308777;13646;117;14324;14514;12.04;0.73;249.00;17.93;678;99;5009.00;190
13647;98;627308790;13647;116;14324;14515;12.11;0.74;249.01;17.93;677;99;5010.00;191
13650;98;627308801;13650;116;14324;14515;12.13;0.74;249.02;17.93;674;99;5011.00;191
13654;98;627308812;13654;120;14328;14521;12.06;0.73;249.02;17.93;674;99;5012.00;193
13657;98;627308827;13657;123;14329;14522;12.05;0.73;249.00;17.93;672;99;5013.00;193
13658;98;627308839;13658;129;14330;14522;12.11;0.74;249.03;17.93;672;99;5014.00;192
13658;98;627308849;13658;127;14330;14522;12.12;0.74;249.03;17.93;672;99;5015.00;192
13660;98;627308859;13660;129;14333;14526;12.15;0.74;249.03;17.92;673;99;5016.00;193
13662;98;627308870;13662;131;14333;14526;12.13;0.74;249.00;17.92;671;99;5017.00;193
13665;98;627308881;13665;132;14333;14526;12.09;0.74;249.00;17.92;668;99;5018.00;193
13669;98;627308891;13669;132;14334;14527;11.99;0.73;249.00;17.92;665;99;5019.00;193
13671;98;627308900;13671;135;14337;14531;11.90;0.73;249.00;17.92;666;99;5020.00;194
13673;98;627308911;13673;136;14337;14531;11.82;0.72;249.01;17.92;664;99;5021.00;194
13677;98;627308921;13677;140;14339;14534;11.78;0.72;248.99;17.91;662;99;5022.00;195
13682;98;627308938;13682;149;14339;14534;11.75;0.72;249.04;17.91;657;99;5023.00;195
13685;98;627308949;13685;148;14340;14534;11.75;0.72;249.02;17.91;655;99;5024.00;194
13687;98;627308959;13687;149;14340;14534;11.73;0.71;249.01;17.91;653;99;5025.00;194
13691;98;627308969;13691;150;14343;14538;11.75;0.72;249.05;17.91;652;99;5026.00;195
13694;98;627308985;13694;155;14343;14538;11.77;0.72;249.05;17.91;649;99;5027.00;195
13699;98;627309000;13699;156;14344;14538;11.73;0.71;249.03;17.91;645;99;5028.00;194
13699;98;627309011;13699;146;14344;14538;11.77;0.72;249.03;17.91;645;99;5029.00;194
13705;98;627309020;13705;139;14344;14539;11.77;0.72;249.01;17.91;639;99;5030.00;195
13711;98;627309030;13711;138;14345;14540;11.80;0.72;249.00;17.91;634;99;5031.00;195
13713;98;627309039;13713;131;14345;14540;11.81;0.72;249.01;17.91;632;99;5032.00;195
13720;98;627309047;13720;127;14346;14541;11.84;0.72;249.05;17.91;626;99;5033.00;195
13724;98;627309056;13724;124;14346;14541;11.81;0.72;249.03;17.91;622;99;5034.00;195
13728;98;627309065;13728;124;14347;14541;11.81;0.72;249.04;17.92;619;99;5035.00;194
13735;98;627309075;13735;122;14347;14541;11.78;0.72;249.00;17.92;612;99;5036.00;194
13737;98;627309084;13737;120;14347;14541;11.81;0.72;249.00;17.92;610;99;5037.00;194
13745;98;627309093;13745;116;14347;14541;11.77;0.72;249.00;17.92;602;99;5038.00;194
13750;98;627309108;13750;115;14347;14541;11.71;0.71;248.97;17.92;597;99;5039.00;194
13754;98;627309118;13754;148;14447;14771;11.36;0.71;248.97;17.79;693;99;5040.00;324
13757;98;627309144;13757;142;14449;14772;11.37;0.71;248.97;17.79;692;99;5041.00;323
13759;98;627309154;13759;130;14459;14772;11.48;0.71;248.96;17.78;700;99;5042.00;313
13760;98;627309164;13760;126;14461;14772;11.57;0.72;248.96;17.78;701;99;5043.00;311
13763;98;627309173;13763;123;14470;14772;11.55;0.72;248.93;17.77;707;99;5044.00;302
13764;98;627309189;13764;122;14478;14772;11.61;0.72;248.95;17.76;714;99;5045.00;294
13766;98;627309199;13766;126;14485;14772;11.63;0.72;248.96;17.91;719;99;5046.00;287
13768;98;627309211;13768;121;14495;14772;11.67;0.72;248.97;17.90;727;99;5047.00;277
13770;99;627309222;13770;118;14500;14773;11.76;0.73;248.98;17.90;730;100;5048.00;273
13774;99;627309245;13774;122;14503;14774;11.79;0.73;248.98;17.90;729;100;5049.00;271
13778;100;627309258;13778;124;14508;14774;11.67;0.72;248.96;17.90;730;101;5050.00;266
13779;100;627309292;13779;128;14511;14775;11.60;0.71;248.94;17.89;732;101;5051.00;264
13782;100;627309303;13782;137;14515;14775;11.43;0.70;248.91;17.89;733;101;5052.00;260
13786;100;627309314;13786;138;14517;14775;11.23;0.69;248.93;17.89;731;101;5053.00;258
13788;100;627309325;13788;149;14520;14775;11.04;0.68;248.91;17.89;732;101;5054.00;255
13790;100;627309335;13790;156;14523;14779;10.87;0.67;248.91;17.89;733;101;5055.00;256
13793;100;627309346;13793;166;14527;14779;10.70;0.65;248.90;17.89;734;101;5056.00;252
13795;100;627309356;13795;171;14531;14779;10.54;0.64;248.88;17.90;736;101;5057.00;248
13795;100;627309366;13795;183;14536;14782;10.44;0.64;248.88;17.90;741;101;5058.00;246
13796;100;627309376;13796;191;14539;14782;10.29;0.63;248.88;17.90;743;101;5059.00;243
13798;100;627309386;13798;207;14542;14782;10.11;0.62;248.91;17.91;744;101;5060.00;240
13800;101;627309397;13800;222;14546;14786;9.91;0.61;248.89;17.92;746;102;5061.00;240
13801;101;627309418;13801;228;14551;14787;9.72;0.59;248.89;17.92;750;102;5062.00;236
13803;101;627309428;13803;233;14554;14787;9.54;0.58;248.87;17.94;751;102;5063.00;233
13804;101;627309438;13804;244;14558;14791;9.36;0.57;248.86;17.94;754;102;5064.00;233
13808;101;627309448;13808;249;14560;14791;9.18;0.56;248.82;17.94;752;102;5065.00;231
13809;101;627309459;13809;251;14562;14791;9.09;0.56;248.82;17.97;753;102;5066.00;229
13810;101;627309469;13810;257;14564;14792;8.97;0.55;248.82;17.96;754;102;5067.00;228
13812;101;627309479;13812;264;14566;14792;8.81;0.54;248.80;17.96;754;102;5068.00;226
13814;101;627309488;13814;271;14572;14798;8.70;0.53;248.78;17.98;758;102;5069.00;226
13814;101;627309505;13814;278;14575;14798;8.58;0.53;248.78;18.00;761;102;5070.00;223
13816;101;627309515;13816;288;14577;14799;8.44;0.52;248.77;18.01;761;102;5071.00;222
13819;101;627309524;13819;302;14580;14799;8.28;0.51;248.75;18.02;761;102;5072.00;219
13821;101;627309534;13821;311;14580;14799;8.19;0.50;248.74;18.02;759;102;5073.00;219
13823;101;627309543;13823;323;14583;14799;8.05;0.49;248.72;18.03;760;102;5074.00;216
13824;101;627309552;13824;329;14585;14799;7.88;0.48;248.71;18.05;761;102;5075.00;214
13826;101;627309561;13826;339;14595;14811;7.77;0.48;248.69;18.04;769;102;5076.00;216
13826;101;627309571;13826;345;14597;14811;7.69;0.47;248.69;18.05;771;102;5077.00;214
13828;101;627309579;13828;356;14602;14811;7.56;0.47;248.67;18.06;774;102;5078.00;209
13829;102;627309588;13829;359;14602;14811;7.43;0.46;248.66;18.06;773;103;5079.00;209
13829;102;627309614;13829;364;14604;14811;7.32;0.45;248.66;18.07;775;103;5080.00;207
13831;102;627309623;13831;370;14604;14811;7.21;0.44;248.65;18.07;773;103;5081.00;207
13833;102;627309638;13833;371;14609;14815;7.07;0.43;248.65;18.09;776;103;5082.00;206
13833;102;627309648;13833;356;14609;14815;7.07;0.43;248.65;18.09;776;103;5083.00;206
13835;102;627309657;13835;349;14612;14819;7.13;0.44;248.69;18.08;777;103;5084.00;207
13837;102;627309675;13837;342;14616;14821;7.11;0.44;248.67;18.09;779;103;5085.00;205
13840;102;627309689;13840;333;14617;14821;7.16;0.44;248.64;18.09;777;103;5086.00;204
13842;102;627309705;13842;327;14618;14821;7.15;0.44;248.63;18.10;776;103;5087.00;203
13843;102;627309720;13843;327;14629;14834;7.18;0.44;248.62;18.09;786;103;5088.00;205
13846;102;627309746;13846;317;14630;14834;7.23;0.44;248.62;18.10;784;103;5089.00;204
13848;102;627309767;13848;311;14631;14834;7.36;0.45;248.60;18.10;783;103;5090.00;203
13849;102;627309783;13849;310;14633;14835;7.50;0.46;248.59;18.10;784;103;5091.00;202
13853;102;627309794;13853;306;14633;14836;7.56;0.46;248.58;18.10;780;103;5092.00;203
13855;102;627309805;13855;301;14636;14836;7.59;0.46;248.59;18.13;781;103;5093.00;200
13857;102;627309816;13857;298;14638;14839;7.66;0.47;248.58;18.12;781;103;5094.00;201
13859;102;627309829;13859;296;14641;14839;7.62;0.47;248.60;18.14;782;103;5095.00;198
13862;102;627309841;13862;292;14641;14839;7.53;0.46;248.57;18.14;779;103;5096.00;198
13862;102;627309851;13862;292;14641;14839;7.46;0.46;248.57;18.14;779;103;5097.00;198
13864;102;627309861;13864;297;14648;14845;7.39;0.45;248.59;18.14;784;103;5098.00;197
13865;102;627309871;13865;295;14648;14845;7.35;0.45;248.60;18.14;783;103;5099.00;197
13868;102;627309884;13868;286;14654;14864;7.31;0.45;248.59;18.15;786;103;5100.00;210
13869;102;627309900;13869;286;14655;14864;7.33;0.45;248.60;18.15;786;103;5101.00;209
13872;102;627309910;13872;285;14658;14868;7.32;0.45;248.59;18.14;786;103;5102.00;210
13874;102;627309920;13874;281;14661;14869;7.32;0.45;248.60;18.15;787;103;5103.00;208
13879;102;627309931;13879;279;14661;14869;7.29;0.45;248.62;18.15;782;103;5104.00;208
13879;102;627309942;13879;274;14664;14870;7.43;0.46;248.62;18.16;785;103;5105.00;206
13884;102;627309951;13884;273;14667;14870;7.43;0.46;248.64;18.16;783;103;5106.00;203
13887;102;627309961;13887;263;14667;14870;7.53;0.46;248.65;18.16;780;103;5107.00;203
13889;102;627309973;13889;255;14668;14870;7.67;0.47;248.63;18.17;779;103;5108.00;202
13893;102;627309982;13893;248;14668;14870;7.77;0.48;248.68;18.17;775;103;5109.00;202
13897;102;627309992;13897;248;14669;14870;7.80;0.48;248.69;18.32;772;103;5110.00;201
13899;102;627310003;13899;241;14669;14870;7.85;0.48;248.71;18.32;770;103;5111.00;201
13902;102;627310013;13902;240;14703;14940;7.85;0.49;248.72;18.28;801;103;5112.00;237
13908;102;627310028;13908;230;14706;14941;7.88;0.49;248.78;18.27;798;103;5113.00;235
13911;102;627310039;13911;223;14712;14941;8.00;0.49;248.76;18.27;801;103;5114.00;229
13915;102;627310049;13915;221;14713;14941;8.08;0.50;248.75;18.27;798;103;5115.00;228
13920;102;627310059;13920;214;14716;14941;8.16;0.50;248.73;18.26;796;103;5116.00;225
13926;102;627310069;13926;213;14721;14941;8.24;0.51;248.69;18.26;795;103;5117.00;220
13929;102;627310080;13929;206;14725;14941;8.27;0.51;248.69;18.26;796;103;5118.00;216
13934;102;627310090;13934;205;14728;14941;8.29;0.51;248.68;18.25;794;103;5119.00;213
13941;102;627310101;13941;204;14730;14942;8.35;0.51;248.65;18.25;789;103;5120.00;212
13945;102;627310112;13945;203;14733;14943;8.29;0.51;248.63;18.25;788;103;5121.00;210
13951;102;627310123;13951;201;14733;14943;8.28;0.50;248.61;18.25;782;103;5122.00;210
13956;102;627310134;13956;210;14738;14947;8.34;0.51;248.62;18.25;782;103;5123.00;209
13958;102;627310146;13958;211;14739;14947;8.39;0.51;248.63;18.25;781;103;5124.00;208
13961;102;627310157;13961;213;14739;14947;8.46;0.52;248.61;18.25;778;103;5125.00;208
13968;102;627310168;13968;212;14739;14947;8.42;0.51;248.63;18.25;771;103;5126.00;208
13973;102;627310179;13973;217;14742;14953;8.45;0.52;248.72;18.24;769;103;5127.00;211
13978;102;627310191;13978;218;14742;14953;8.48;0.52;248.70;18.24;764;103;5128.00;211
13987;102;627310202;13987;219;14743;14953;8.49;0.52;248.71;18.24;756;103;5129.00;210
13988;102;627310216;13988;217;14747;14959;8.60;0.52;248.72;18.24;759;103;5130.00;212
13993;102;627310227;13993;217;14747;14959;8.64;0.52;248.71;18.24;754;103;5131.00;212
13997;102;627310238;13997;223;14747;14959;8.71;0.53;248.73;18.24;750;103;5132.00;212
14000;102;627310250;14000;222;14749;14960;8.79;0.53;248.70;18.24;749;103;5133.00;211
14006;102;627310261;14006;224;14751;14961;8.74;0.53;248.68;18.24;745;103;5134.00;210
14011;102;627310273;14011;215;14752;14961;8.74;0.53;248.70;18.24;741;103;5135.00;209
14012;102;627310286;14012;215;14761;14974;8.81;0.53;248.71;18.23;749;103;5136.00;213
14015;102;627310298;14015;218;14761;14974;8.79;0.53;248.74;18.23;746;103;5137.00;213
14018;102;627310309;14018;218;14761;14974;8.84;0.54;248.75;18.23;743;103;5138.00;213
14021;102;627310321;14021;218;14763;14975;8.86;0.54;248.75;18.23;742;103;5139.00;212
14023;102;627310332;14023;222;14765;14975;8.95;0.54;248.78;18.23;742;103;5140.00;210
14026;102;627310344;14026;221;14769;14979;9.01;0.55;248.78;18.23;743;103;5141.00;210
14028;102;627310356;14028;225;14770;14979;9.04;0.55;248.79;18.23;742;103;5142.00;209
14028;102;627310368;14028;232;14774;14983;9.13;0.56;248.79;18.23;746;103;5143.00;209
14033;102;627310379;14033;234;14775;14983;9.18;0.56;248.80;18.23;742;103;5144.00;208
14037;102;627310392;14037;237;14777;14983;9.11;0.55;248.83;18.38;740;103;5145.00;206
14039;102;627310404;14039;241;14778;14983;9.11;0.55;248.84;18.38;739;103;5146.00;205
14041;102;627310416;14041;232;14780;14983;9.11;0.55;248.85;18.38;739;103;5147.00;203
14043;102;627310427;14043;231;14789;14995;9.21;0.56;248.87;18.37;746;103;5148.00;206
14047;102;627310440;14047;225;14792;14995;9.21;0.56;248.91;18.36;745;103;5149.00;203
14051;102;627310452;14051;220;14793;14995;9.30;0.57;248.96;18.36;742;103;5150.00;202
14055;102;627310464;14055;218;14793;14995;9.42;0.57;248.97;18.36;738;103;5151.00;202
14059;102;627310477;14059;215;14793;14995;9.47;0.57;248.97;18.36;734;103;5152.00;202
14061;102;627310494;14061;214;14793;14995;9.51;0.58;248.97;18.36;732;103;5153.00;202
14064;102;627310506;14064;211;14793;14996;9.47;0.58;248.98;18.36;729;103;5154.00;203
14067;102;627310518;14067;213;14795;14998;9.42;0.57;248.96;18.36;728;103;5155.00;203
14069;102;627310530;14069;196;14799;15004;9.49;0.58;248.95;18.36;730;103;5156.00;205
14071;102;627310543;14071;183;14801;15005;9.55;0.58;248.95;18.35;730;103;5157.00;204
14074;102;627310555;14074;174;14801;15005;9.73;0.59;248.94;18.35;727;103;5158.00;204
14079;102;627310567;14079;160;14801;15005;9.81;0.59;248.97;18.35;722;103;5159.00;204
14082;102;627310581;14082;152;14805;15010;9.93;0.60;248.98;18.35;723;103;5160.00;205
14083;102;627310594;14083;145;14805;15010;10.03;0.61;248.99;18.35;722;103;5161.00;205
14085;102;627310612;14085;139;14805;15010;10.09;0.61;249.01;18.35;720;103;5162.00;205
14085;102;627310631;14085;132;14806;15011;10.24;0.62;249.01;18.35;721;103;5163.00;205
14089;102;627310645;14089;128;14809;15015;10.35;0.63;249.00;18.34;720;103;5164.00;206
14092;102;627310658;14092;124;14809;15015;10.55;0.64;249.01;18.34;717;103;5165.00;206
14093;102;627310672;14093;125;14811;15018;10.73;0.65;249.01;18.34;718;103;5166.00;207
14098;102;627310691;14098;124;14811;15018;10.86;0.66;249.03;18.34;713;103;5167.00;207
14101;102;627310704;14101;117;14812;15018;11.04;0.67;249.05;18.34;711;103;5168.00;206
14105;102;627310718;14105;119;14812;15018;11.18;0.68;249.05;18.34;707;103;5169.00;206
14106;102;627310730;14106;123;14815;15022;11.34;0.69;249.06;18.34;709;103;5170.00;207
14110;102;627310742;14110;125;14815;15022;11.43;0.69;249.11;18.34;705;103;5171.00;207
14112;102;627310754;14112;129;14816;15022;11.50;0.70;249.12;18.34;704;103;5172.00;206
14114;102;627310765;14114;129;14816;15022;11.59;0.71;249.10;18.34;702;103;5173.00;206
14118;102;627310776;14118;134;14816;15023;11.59;0.70;249.08;18.34;698;103;5174.00;207
14121;102;627310793;14121;134;14818;15025;11.53;0.70;249.07;18.33;697;103;5175.00;207
14124;102;627310809;14124;133;14818;15025;11.49;0.70;249.07;18.33;694;103;5176.00;207
14127;102;627310821;14127;133;14819;15026;11.49;0.70;249.05;18.33;692;103;5177.00;207
14129;102;627310832;14129;135;14819;15026;11.52;0.70;249.08;18.33;690;103;5178.00;207
14132;102;627310842;14132;132;14820;15026;11.55;0.70;249.07;18.49;688;103;5179.00;206
14135;103;627310855;14135;130;14820;15026;11.54;0.70;249.12;18.49;685;104;5180.00;206
14138;103;627310871;14138;133;14820;15026;11.55;0.70;249.13;18.49;682;104;5181.00;206
14139;103;627310886;14139;131;14820;15026;11.62;0.71;249.12;18.49;681;104;5182.00;206
14140;103;627310901;14140;136;14820;15026;11.61;0.71;249.12;18.49;680;104;5183.00;206
14142;103;627310911;14142;163;14895;15153;11.22;0.69;249.13;18.39;753;104;5184.00;258
14146;103;627310932;14146;152;14895;15154;11.15;0.69;249.13;18.39;749;104;5185.00;259
14150;103;627310944;14150;141;14902;15154;11.19;0.69;249.14;18.39;752;104;5186.00;252
14153;103;627310954;14153;139;14906;15154;11.25;0.69;249.14;18.38;753;104;5187.00;248
14159;103;627310964;14159;138;14912;15154;11.32;0.70;249.13;18.38;753;104;5188.00;242
14161;103;627310976;14161;139;14915;15154;11.29;0.69;249.15;18.37;754;104;5189.00;239
14165;103;627310988;14165;144;14920;15154;11.22;0.69;249.16;18.37;755;104;5190.00;234
14166;103;627310999;14166;148;14922;15154;11.23;0.69;249.15;18.37;756;104;5191.00;232
14170;103;627311009;14170;153;14926;15155;11.27;0.69;249.14;18.36;756;104;5192.00;229
14173;103;627311020;14173;156;14927;15156;11.30;0.69;249.18;18.36;754;104;5193.00;229
14175;103;627311031;14175;161;14928;15156;11.38;0.70;249.18;18.36;753;104;5194.00;228
14180;103;627311042;14180;166;14929;15157;11.38;0.70;249.18;18.36;749;104;5195.00;228
14186;103;627311053;14186;174;14931;15157;11.38;0.70;249.19;18.36;745;104;5196.00;226
14189;103;627311064;14189;176;14932;15157;11.36;0.69;249.18;18.36;743;104;5197.00;225
14192;103;627311074;14192;178;14934;15157;11.30;0.69;249.18;18.36;742;104;5198.00;223
14194;103;627311084;14194;178;14936;15161;11.23;0.69;249.17;18.36;742;104;5199.00;225
14195;103;627311096;14195;178;14937;15161;11.22;0.69;249.18;18.36;742;104;5200.00;224
14196;103;627311109;14196;174;14939;15161;11.12;0.68;249.16;18.36;743;104;5201.00;222
14201;103;627311119;14201;175;14941;15164;10.91;0.66;249.15;18.51;740;104;5202.00;223
14203;103;627311129;14203;169;14942;15164;10.83;0.66;249.13;18.51;739;104;5203.00;222
14209;103;627311139;14209;173;14943;15164;10.80;0.66;249.13;18.51;734;104;5204.00;221
14213;103;627311149;14213;175;14949;15168;10.72;0.65;249.11;18.53;736;104;5205.00;219
14219;103;627311161;14219;173;14951;15169;10.72;0.65;249.07;18.53;732;104;5206.00;218
14220;103;627311171;14220;176;14951;15169;10.72;0.65;249.07;18.53;731;104;5207.00;218
14225;103;627311181;14225;169;14953;15173;10.76;0.66;249.03;18.53;728;104;5208.00;220
14229;103;627311191;14229;169;14953;15173;10.70;0.65;249.00;18.53;724;104;5209.00;220
14231;103;627311217;14231;170;14953;15173;10.64;0.65;248.98;18.53;722;104;5210.00;220
14233;103;627311227;14233;169;14954;15174;10.69;0.65;248.96;18.53;721;104;5211.00;220
14235;103;627311236;14235;171;14955;15174;10.71;0.65;248.95;18.53;720;104;5212.00;219
14237;103;627311246;14237;171;14959;15180;10.78;0.66;248.94;18.53;722;104;5213.00;221
14238;103;627311256;14238;177;14960;15180;10.84;0.66;248.94;18.53;722;104;5214.00;220
14239;103;627311266;14239;182;14960;15180;10.84;0.66;248.94;18.53;721;104;5215.00;220
14243;103;627311275;14243;185;14960;15181;10.83;0.66;248.90;18.53;717;104;5216.00;221
14246;103;627311285;14246;192;14961;15181;10.74;0.65;248.88;18.53;715;104;5217.00;220
14247;103;627311295;14247;197;14962;15181;10.66;0.65;248.87;18.68;715;104;5218.00;219
14253;103;627311304;14253;195;14962;15181;10.55;0.64;248.81;18.68;709;104;5219.00;219
14256;103;627311315;14256;200;14983;15217;10.44;0.64;248.81;18.66;727;104;5220.00;234
14256;103;627311327;14256;201;14984;15217;10.31;0.63;248.81;18.65;728;104;5221.00;233
14257;103;627311337;14257;208;14985;15217;10.20;0.62;248.80;18.65;728;104;5222.00;232
14260;103;627311346;14260;218;14988;15217;10.08;0.61;248.84;18.65;728;104;5223.00;229
14260;103;627311356;14260;221;14989;15217;10.01;0.61;248.84;18.65;729;104;5224.00;228
14262;103;627311365;14262;225;14990;15217;9.92;0.60;248.83;18.65;728;104;5225.00;227
14262;103;627311381;14262;227;14994;15221;9.87;0.60;248.83;18.64;732;104;5226.00;227
14263;103;627311391;14263;228;14995;15221;9.80;0.60;248.82;18.64;732;104;5227.00;226
14263;103;627311400;14263;234;14998;15225;9.76;0.60;248.82;18.64;735;104;5228.00;227
14263;103;627311410;14263;236;15000;15226;9.71;0.59;248.82;18.64;737;104;5229.00;226
14264;103;627311420;14264;244;15003;15226;9.56;0.58;248.82;18.66;739;104;5230.00;223
14265;103;627311430;14265;253;15004;15226;9.43;0.58;248.81;18.66;739;104;5231.00;222
14267;103;627311439;14267;256;15015;15239;9.27;0.56;248.79;18.66;748;104;5232.00;224
14268;103;627311451;14268;259;15015;15239;9.16;0.56;248.79;18.66;747;104;5233.00;224
14269;103;627311460;14269;272;15018;15239;9.01;0.55;248.79;18.68;749;104;5234.00;221
14272;103;627311469;14272;264;15019;15240;8.87;0.54;248.77;18.68;747;104;5235.00;221
14274;103;627311479;14274;267;15023;15241;8.74;0.53;248.78;18.71;749;104;5236.00;218
14276;103;627311489;14276;259;15023;15241;8.62;0.52;248.77;18.71;747;104;5237.00;218
14277;103;627311499;14277;256;15027;15244;8.54;0.52;248.76;18.72;750;104;5238.00;217
14280;103;627311515;14280;261;15028;15244;8.41;0.51;248.75;18.73;748;104;5239.00;216
14281;103;627311525;14281;262;15030;15244;8.36;0.51;248.74;18.74;749;104;5240.00;214
14283;103;627311541;14283;261;15031;15244;8.27;0.50;248.73;18.76;748;104;5241.00;213
14283;103;627311556;14283;263;15036;15250;8.29;0.50;248.73;18.76;753;104;5242.00;214
14283;103;627311566;14283;263;15036;15250;8.23;0.50;248.73;18.76;753;104;5243.00;214
14284;103;627311575;14284;263;15038;15250;8.12;0.50;248.77;18.77;754;104;5244.00;212
14284;103;627311589;14284;269;15040;15250;8.06;0.49;248.77;18.78;756;104;5245.00;210
14285;103;627311598;14285;267;15043;15254;7.92;0.48;248.76;18.78;758;104;5246.00;211
14286;103;627311608;14286;265;15045;15255;7.83;0.48;248.76;18.79;759;104;5247.00;210
14288;103;627311617;14288;269;15046;15255;7.75;0.47;248.74;18.80;758;104;5248.00;209
14289;103;627311626;14289;261;15048;15256;7.77;0.47;248.73;18.81;759;104;5249.00;208
14294;103;627311637;14294;255;15049;15256;7.75;0.47;248.70;18.81;755;104;5250.00;207
14295;103;627311647;14295;255;15049;15256;7.78;0.47;248.69;18.81;754;104;5251.00;207
14295;103;627311656;14295;249;15051;15256;7.88;0.48;248.69;18.83;756;104;5252.00;205
14295;103;627311665;14295;248;15052;15256;7.94;0.48;248.69;18.83;757;104;5253.00;204
14296;103;627311690;14296;244;15053;15256;8.01;0.49;248.68;18.84;757;104;5254.00;203
14297;103;627311705;14297;239;15054;15256;8.01;0.49;248.67;18.85;757;104;5255.00;202
14297;103;627311719;14297;243;15091;15326;8.26;0.51;248.67;18.80;794;104;5256.00;235
14299;103;627311743;14299;243;15095;15327;8.31;0.51;248.67;18.80;796;104;5257.00;232
14304;103;627311758;14304;239;15105;15327;8.39;0.51;248.66;18.80;801;104;5258.00;222
14307;103;627311773;14307;243;15107;15327;8.40;0.51;248.65;18.80;800;104;5259.00;220
14309;103;627311788;14309;240;15112;15327;8.46;0.52;248.64;18.81;803;104;5260.00;215
14313;103;627311799;14313;241;15115;15327;8.42;0.52;248.64;18.81;802;104;5261.00;212
14317;103;627311810;14317;243;15118;15327;8.37;0.51;248.66;18.80;801;104;5262.00;209
14319;103;627311822;14319;248;15122;15327;8.34;0.51;248.67;18.81;803;104;5263.00;205
14322;103;627311833;14322;248;15123;15328;8.22;0.50;248.68;18.81;801;104;5264.00;205
14328;103;627311844;14328;249;15129;15330;8.03;0.49;248.72;18.82;801;104;5265.00;201
14330;103;627311856;14330;255;15131;15330;7.88;0.48;248.71;18.83;801;104;5266.00;199
14333;103;627311867;14333;258;15134;15334;7.75;0.47;248.70;18.83;801;104;5267.00;200
14338;103;627311878;14338;265;15135;15334;7.59;0.47;248.72;18.84;797;104;5268.00;199
14344;103;627311889;14344;268;15136;15334;7.49;0.46;248.74;18.85;792;104;5269.00;198
14348;103;627311900;14348;273;15137;15334;7.47;0.46;248.72;18.86;789;104;5270.00;197
14351;103;627311910;14351;271;15143;15340;7.46;0.46;248.69;18.86;792;104;5271.00;197
14356;103;627311921;14356;261;15143;15340;7.40;0.45;248.72;18.86;787;104;5272.00;197
14360;103;627311932;14360;260;15145;15340;7.39;0.45;248.73;18.87;785;104;5273.00;195
14363;103;627311942;14363;260;15147;15343;7.46;0.46;248.73;18.87;784;104;5274.00;196
14367;103;627311953;14367;261;15149;15343;7.47;0.46;248.74;18.88;782;104;5275.00;194
14369;103;627311965;14369;259;15149;15343;7.55;0.46;248.74;18.88;780;104;5276.00;194
14374;103;627311977;14374;243;15149;15344;7.60;0.47;248.75;18.88;775;104;5277.00;195
14376;103;627311988;14376;232;15150;15345;7.74;0.47;248.77;18.88;774;104;5278.00;195
14380;103;627312000;14380;225;15150;15345;7.90;0.48;248.78;18.88;770;104;5279.00;195
14384;103;627312012;14384;218;15170;15371;7.92;0.49;248.77;18.85;786;104;5280.00;201
14387;103;627312025;14387;210;15171;15371;8.06;0.49;248.78;18.85;784;104;5281.00;200
14393;103;627312037;14393;202;15172;15371;8.19;0.50;248.78;18.85;779;104;5282.00;199
14395;103;627312049;14395;196;15173;15372;8.38;0.51;248.78;18.85;778;104;5283.00;199
14398;103;627312060;14398;192;15173;15372;8.50;0.52;248.78;18.85;775;104;5284.00;199
14404;103;627312072;14404;185;15177;15376;8.65;0.53;248.80;18.84;773;104;5285.00;199
14411;103;627312083;14411;187;15177;15376;8.77;0.54;248.85;18.84;766;104;5286.00;199
14413;103;627312097;14413;183;15180;15379;8.87;0.54;248.84;18.84;767;104;5287.00;199
14419;103;627312108;14419;181;15180;15380;9.00;0.55;248.85;18.84;761;104;5288.00;200
14424;103;627312120;14424;181;15180;15380;9.06;0.55;248.82;18.84;756;104;5289.00;200
14427;103;627312131;14427;177;15180;15380;9.18;0.56;248.82;18.84;753;104;5290.00;200
14433;103;627312143;14433;174;15180;15380;9.20;0.56;248.85;18.84;747;104;5291.00;200
14437;103;627312154;14437;174;15190;15392;9.31;0.57;248.89;18.83;753;104;5292.00;202
14438;103;627312167;14438;185;15190;15392;9.35;0.57;248.90;18.83;752;104;5293.00;202
14442;103;627312178;14442;187;15191;15392;9.44;0.58;248.88;18.83;749;104;5294.00;201
14448;103;627312190;14448;187;15191;15392;9.46;0.58;248.89;18.83;743;104;5295.00;201
14452;103;627312201;14452;188;15191;15392;9.48;0.58;248.91;18.83;739;104;5296.00;201
14460;103;627312214;14460;190;15191;15392;9.52;0.58;248.91;18.83;731;104;5297.00;201
14464;103;627312225;14464;192;15191;15393;9.54;0.58;248.92;18.83;727;104;5298.00;202
14470;103;627312237;14470;194;15191;15393;9.54;0.58;248.96;18.83;721;104;5299.00;202
14472;103;627312257;14472;197;15195;15399;9.66;0.59;248.96;18.82;723;104;5300.00;204
14477;103;627312274;14477;194;15197;15400;9.74;0.59;248.96;18.82;720;104;5301.00;203
14482;103;627312286;14482;196;15197;15400;9.76;0.60;248.95;18.82;715;104;5302.00;203
14487;103;627312297;14487;197;15197;15400;9.68;0.59;248.92;18.82;710;104;5303.00;203
14493;103;627312308;14493;199;15200;15404;9.71;0.59;248.92;18.82;707;104;5304.00;204
14497;103;627312321;14497;198;15200;15404;9.71;0.59;248.89;18.82;703;104;5305.00;204
14501;103;627312332;14501;199;15200;15404;9.67;0.59;248.89;18.82;699;104;5306.00;204
14507;103;627312343;14507;201;15201;15405;9.64;0.59;248.89;18.81;694;104;5307.00;204
14509;103;627312355;14509;204;15204;15409;9.70;0.59;248.90;18.81;695;104;5308.00;205
14515;103;627312367;14515;206;15204;15409;9.70;0.59;248.92;18.81;689;104;5309.00;205
14519;103;627312380;14519;206;15207;15415;9.76;0.59;248.93;18.81;688;104;5310.00;208
14522;103;627312392;14522;210;15208;15415;9.79;0.60;248.94;18.81;686;104;5311.00;207
14526;103;627312403;14526;218;15208;15415;9.80;0.60;248.95;18.81;682;104;5312.00;207
14528;103;627312414;14528;223;15209;15415;9.81;0.60;248.96;18.80;681;104;5313.00;206
14530;103;627312431;14530;221;15211;15419;9.81;0.60;248.97;18.80;681;104;5314.00;208
14535;103;627312443;14535;221;15212;15419;9.75;0.59;248.96;18.80;677;104;5315.00;207
14540;103;627312453;14540;216;15212;15419;9.59;0.58;248.97;18.80;672;104;5316.00;207
14543;103;627312464;14543;205;15213;15419;9.57;0.58;249.02;18.80;670;104;5317.00;206
14548;103;627312477;14548;197;15213;15420;9.59;0.58;249.06;18.80;665;104;5318.00;207
14549;103;627312488;14549;194;15215;15421;9.69;0.59;249.06;18.80;666;104;5319.00;206
14551;103;627312499;14551;189;15216;15421;9.65;0.59;249.09;18.96;665;104;5320.00;205
14558;103;627312512;14558;187;15217;15422;9.73;0.59;249.13;18.96;659;104;5321.00;205
14560;103;627312523;14560;181;15217;15422;9.73;0.59;249.12;18.96;657;104;5322.00;205
14566;103;627312536;14566;187;15217;15422;9.68;0.59;249.12;18.96;651;104;5323.00;205
14568;103;627312548;14568;184;15217;15422;9.72;0.59;249.14;18.96;649;104;5324.00;205
14572;103;627312558;14572;187;15217;15422;9.66;0.59;249.14;18.96;645;104;5325.00;205
14573;103;627312569;14573;172;15217;15422;9.66;0.59;249.15;18.96;644;104;5326.00;205
14575;103;627312580;14575;161;15217;15422;9.70;0.59;249.18;18.96;642;104;5327.00;205
14580;103;627312591;14580;165;15285;15549;9.64;0.60;249.19;18.87;705;104;5328.00;264
14582;103;627312613;14582;148;15287;15550;9.73;0.60;249.21;18.87;705;104;5329.00;263
14585;103;627312624;14585;140;15295;15550;9.90;0.61;249.26;18.86;710;104;5330.00;255
14588;103;627312636;14588;132;15298;15550;10.07;0.62;249.27;18.86;710;104;5331.00;252
14593;103;627312648;14593;126;15301;15550;10.20;0.63;249.27;18.85;708;104;5332.00;249
14597;103;627312660;14597;122;15305;15550;10.36;0.64;249.29;18.85;708;104;5333.00;245
14600;103;627312673;14600;125;15310;15550;10.53;0.65;249.31;18.85;710;104;5334.00;240
14603;103;627312685;14603;129;15312;15550;10.59;0.65;249.34;18.85;709;104;5335.00;238
14605;103;627312703;14605;129;15316;15551;10.61;0.65;249.35;18.84;711;104;5336.00;235
14606;103;627312721;14606;126;15320;15552;10.59;0.65;249.37;18.84;714;104;5337.00;232
14608;103;627312732;14608;128;15324;15552;10.52;0.65;249.35;18.84;716;104;5338.00;228
14611;103;627312743;14611;127;15327;15553;10.44;0.64;249.37;18.84;716;104;5339.00;226
14614;103;627312756;14614;136;15328;15553;10.42;0.64;249.36;18.84;714;104;5340.00;225
14619;103;627312767;14619;137;15329;15553;10.42;0.64;249.42;18.83;710;104;5341.00;224
14622;103;627312778;14622;146;15331;15553;10.45;0.64;249.45;18.83;709;104;5342.00;222
14625;103;627312789;14625;151;15334;15557;10.53;0.65;249.44;18.83;709;104;5343.00;223
14626;103;627312801;14626;158;15337;15557;10.50;0.64;249.45;18.83;711;104;5344.00;220
14626;103;627312812;14626;163;15338;15557;10.52;0.65;249.45;18.83;712;104;5345.00;219
14630;104;627312823;14630;168;15341;15560;10.56;0.65;249.43;18.83;711;105;5346.00;219
14630;104;627312844;14630;174;15341;15560;10.66;0.65;249.43;18.83;711;105;5347.00;219
14631;104;627312854;14631;176;15342;15560;10.68;0.66;249.43;18.83;711;105;5348.00;218
14634;105;627312864;14634;179;15345;15564;10.63;0.65;249.42;18.82;711;106;5349.00;219
14640;105;627312886;14640;181;15347;15565;10.64;0.65;249.40;18.82;707;106;5350.00;218
14645;105;627312897;14645;184;15347;15565;10.67;0.65;249.42;18.82;702;106;5351.00;218
14646;105;627312911;14646;187;15351;15569;10.66;0.65;249.41;18.82;705;106;5352.00;218
14649;105;627312921;14649;189;15351;15569;10.61;0.65;249.41;18.82;702;106;5353.00;218
14651;105;627312931;14651;191;15351;15569;10.61;0.65;249.41;18.82;700;106;5354.00;218
14653;105;627312941;14653;194;15353;15571;10.60;0.65;249.40;18.81;700;106;5355.00;218
14654;105;627312951;14654;196;15353;15571;10.57;0.64;249.38;18.81;699;106;5356.00;218
14656;105;627312960;14656;199;15357;15577;10.62;0.65;249.36;18.81;701;106;5357.00;220
14658;105;627312971;14658;200;15357;15577;10.62;0.65;249.35;18.81;699;106;5358.00;220
14660;105;627312980;14660;203;15358;15577;10.68;0.65;249.39;18.81;698;106;5359.00;219
14662;105;627312990;14662;198;15358;15578;10.70;0.65;249.36;18.81;696;106;5360.00;220
14664;105;627312999;14664;200;15358;15578;10.78;0.66;249.34;18.81;694;106;5361.00;220
14665;105;627313009;14665;200;15358;15578;10.82;0.66;249.34;18.81;693;106;5362.00;220
14666;105;627313019;14666;197;15359;15578;10.79;0.66;249.34;18.97;693;106;5363.00;219
14670;105;627313029;14670;200;15369;15590;10.76;0.66;249.32;18.96;699;106;5364.00;221
14672;105;627313039;14672;201;15369;15590;10.72;0.65;249.30;18.96;697;106;5365.00;221
14677;105;627313051;14677;205;15370;15590;10.64;0.65;249.27;18.96;693;106;5366.00;220
14677;105;627313061;14677;206;15370;15590;10.68;0.65;249.27;18.96;693;106;5367.00;220
14681;105;627313070;14681;205;15370;15590;10.70;0.65;249.27;18.96;689;106;5368.00;220
14686;105;627313078;14686;204;15370;15590;10.70;0.65;249.22;18.96;684;106;5369.00;220
14689;105;627313089;14689;202;15373;15594;10.75;0.66;249.21;18.95;684;106;5370.00;221
14691;105;627313098;14691;199;15373;15594;10.77;0.66;249.19;18.95;682;106;5371.00;221
14693;105;627313114;14693;190;15376;15598;10.80;0.66;249.18;18.95;683;106;5372.00;222
14696;105;627313123;14696;188;15377;15599;10.79;0.66;249.22;18.95;681;106;5373.00;222
14701;105;627313133;14701;183;15379;15599;10.80;0.66;249.16;18.96;678;106;5374.00;220
14704;105;627313144;14704;177;15379;15599;10.85;0.66;249.16;18.96;675;106;5375.00;220
14709;105;627313152;14709;176;15390;15612;10.85;0.66;249.19;18.97;681;106;5376.00;222
14711;105;627313163;14711;172;15390;15612;10.86;0.66;249.18;18.97;679;106;5377.00;222
14714;105;627313171;14714;172;15391;15612;10.84;0.66;249.18;18.96;677;106;5378.00;221
14715;105;627313181;14715;174;15392;15613;10.92;0.66;249.17;18.96;677;106;5379.00;221
14718;106;627313190;14718;174;15393;15614;10.96;0.67;249.15;18.97;675;107;5380.00;221
14719;106;627313211;14719;179;15393;15614;11.03;0.67;249.15;18.97;674;107;5381.00;221
14721;106;627313220;14721;180;15396;15617;11.05;0.67;249.14;19.13;675;107;5382.00;221
14723;106;627313235;14723;181;15397;15617;11.02;0.67;249.14;19.13;674;107;5383.00;220
14726;106;627313244;14726;184;15397;15617;10.99;0.67;249.13;19.13;671;107;5384.00;220
14728;106;627313254;14728;185;15397;15617;10.91;0.66;249.11;19.13;669;107;5385.00;220
14729;106;627313263;14729;188;15402;15623;10.86;0.66;249.11;19.28;673;107;5386.00;221
14730;106;627313274;14730;178;15402;15623;10.79;0.66;249.11;19.28;672;107;5387.00;221
14732;106;627313283;14732;176;15403;15623;10.72;0.65;249.11;19.28;671;107;5388.00;220
14732;106;627313292;14732;172;15403;15623;10.65;0.65;249.11;19.28;671;107;5389.00;220
14734;106;627313305;14734;169;15406;15627;10.53;0.64;249.10;19.28;672;107;5390.00;221
14735;106;627313314;14735;162;15407;15628;10.45;0.64;249.08;19.28;672;107;5391.00;221
14738;106;627313323;14738;156;15407;15628;10.39;0.63;249.06;19.28;669;107;5392.00;221
14739;106;627313333;14739;156;15408;15629;10.47;0.64;249.06;19.28;669;107;5393.00;221
14742;106;627313342;14742;153;15408;15629;10.50;0.64;249.05;19.28;666;107;5394.00;221
14743;106;627313353;14743;148;15408;15629;10.59;0.64;249.09;19.28;665;107;5395.00;221
14745;106;627313363;14745;143;15409;15629;10.63;0.65;249.08;19.28;664;107;5396.00;220
14746;106;627313372;14746;141;15409;15629;10.66;0.65;249.08;19.28;663;107;5397.00;220
14746;106;627313382;14746;143;15409;15629;10.66;0.65;249.08;19.28;663;107;5398.00;220
14749;106;627313392;14749;140;15409;15629;10.63;0.65;249.14;19.28;660;107;5399.00;220
