step_arrived;step_collisions;step_duration;step_ended;step_halting;step_inserted;step_loaded;step_meanSpeed;step_meanSpeedRelative;step_meanTravelTime;step_meanWaitingTime;step_running;step_teleports;step_time;step_waiting
0;0;628285714;0;1;85;245;16.38;1.16;-1.00;0.00;85;0;0.00;160
0;0;628285743;0;0;95;245;15.58;1.09;-1.00;0.11;95;0;1.00;150
0;0;628285744;0;1;115;245;14.82;1.01;-1.00;0.43;115;0;2.00;130
0;0;628285745;0;2;129;245;13.77;0.93;-1.00;0.71;129;0;3.00;116
0;0;628285747;0;2;142;245;12.92;0.87;-1.00;1.01;142;0;4.00;103
0;0;628285748;0;5;153;245;12.03;0.81;-1.00;1.30;153;0;5.00;92
0;0;628285750;0;6;161;245;11.48;0.77;-1.00;1.53;161;0;6.00;84
0;0;628285751;0;12;167;245;10.65;0.71;-1.00;1.73;167;0;7.00;78
0;0;628285753;0;16;176;246;10.09;0.67;-1.00;2.05;176;0;8.00;70
0;0;628285755;0;18;181;247;9.76;0.65;-1.00;2.24;181;0;9.00;66
0;0;628285757;0;20;186;247;9.53;0.63;-1.00;2.45;186;0;10.00;61
1;0;628285759;1;26;192;248;9.17;0.61;11.00;2.67;191;0;11.00;56
1;0;628285761;1;23;199;248;9.07;0.59;11.00;2.96;198;0;12.00;49
1;0;628285764;1;27;203;248;9.02;0.59;11.00;3.16;202;0;13.00;45
1;0;628285766;1;34;208;248;8.90;0.58;11.00;3.42;207;0;14.00;40
1;0;628285769;1;39;211;252;8.86;0.57;11.00;3.45;210;0;15.00;41
1;0;628285772;1;43;214;252;8.72;0.56;11.00;3.63;213;0;16.00;38
1;0;628285774;1;48;217;252;8.62;0.55;11.00;3.81;216;0;17.00;35
2;0;628285784;2;53;221;255;8.66;0.55;14.50;3.99;219;0;18.00;34
2;0;628285787;2;55;223;255;8.70;0.55;14.50;4.12;221;0;19.00;32
2;0;628285789;2;62;224;255;8.69;0.55;14.50;4.19;222;0;20.00;31
3;0;628285799;3;64;231;259;8.76;0.55;16.67;4.35;228;0;21.00;28
4;0;628285802;4;66;236;260;8.72;0.55;18.00;4.64;232;0;22.00;24
4;0;628285805;4;69;240;260;8.73;0.55;18.00;4.95;236;0;23.00;20
5;0;628285808;5;73;245;264;8.66;0.54;19.20;5.04;240;0;24.00;19
5;0;628285811;5;78;249;264;8.57;0.54;19.20;5.36;244;0;25.00;15
5;0;628285814;5;78;250;264;8.55;0.53;19.20;5.41;245;0;26.00;14
6;0;628285817;6;86;251;265;8.52;0.53;19.83;5.49;245;0;27.00;14
6;0;628285820;6;90;254;265;8.50;0.53;19.83;5.69;248;0;28.00;11
6;0;628285823;6;90;259;271;8.44;0.52;19.83;5.60;253;0;29.00;12
6;0;628285829;6;92;261;271;8.34;0.52;19.83;5.70;255;0;30.00;10
7;0;628285832;7;97;262;272;8.23;0.51;21.00;5.68;255;0;31.00;10
7;0;628285835;7;102;263;272;8.25;0.51;21.00;5.73;256;0;32.00;9
8;0;628285838;8;106;263;272;8.26;0.51;22.50;5.73;255;0;33.00;9
8;0;628285841;8;109;264;272;8.38;0.52;22.50;5.78;256;0;34.00;8
9;0;628285844;9;113;264;272;8.40;0.52;23.44;5.78;255;0;35.00;8
10;0;628285847;10;116;275;284;8.63;0.54;24.00;5.61;265;0;36.00;9
10;0;628285852;10;117;275;284;8.61;0.53;24.00;5.61;265;0;37.00;9
10;0;628285854;10;118;277;284;8.64;0.54;24.00;5.62;267;0;38.00;7
11;0;628285857;11;122;278;284;8.63;0.54;25.36;5.64;267;0;39.00;6
12;0;628285860;12;123;279;284;8.55;0.53;26.33;5.63;267;0;40.00;5
13;0;628285863;13;124;279;284;8.39;0.52;27.08;5.63;266;0;41.00;5
13;0;628285866;13;127;283;288;8.32;0.52;27.08;5.57;270;0;42.00;5
13;0;628285870;13;128;283;288;8.17;0.51;27.08;5.57;270;0;43.00;5
15;0;628285872;15;130;286;292;8.06;0.50;29.20;5.52;271;0;44.00;6
16;0;628285876;16;136;288;294;7.96;0.49;28.88;5.48;272;0;45.00;6
17;0;628285879;17;138;289;294;7.87;0.49;29.88;5.47;272;0;46.00;5
18;0;628285882;18;139;289;294;7.79;0.48;30.33;5.47;271;0;47.00;5
18;0;628285885;18;140;300;307;8.00;0.49;30.33;5.27;282;0;48.00;7
19;0;628285888;19;142;300;307;7.82;0.48;30.95;5.27;281;0;49.00;7
19;0;628285891;19;144;300;307;7.66;0.47;30.95;5.27;281;0;50.00;7
19;0;628285895;19;140;301;308;7.58;0.47;30.95;5.26;282;0;51.00;7
20;0;628285898;20;144;302;309;7.47;0.46;31.95;5.24;282;0;52.00;7
20;0;628285901;20;145;302;309;7.36;0.46;31.95;5.24;282;0;53.00;7
20;0;628285904;20;150;304;312;7.39;0.46;31.95;5.21;284;0;54.00;8
20;0;628285908;20;156;304;312;7.30;0.45;31.95;5.21;284;0;55.00;8
21;0;628285912;21;145;305;312;7.37;0.46;32.00;5.20;284;0;56.00;7
21;0;628285917;21;140;305;312;7.40;0.46;32.00;5.20;284;0;57.00;7
24;0;628285921;24;139;310;318;7.36;0.46;33.67;5.13;286;0;58.00;8
24;0;628285925;24;140;310;318;7.38;0.46;33.67;5.13;286;0;59.00;8
26;0;628285930;26;141;311;318;7.45;0.46;34.62;5.12;285;0;60.00;7
26;0;628285933;26;143;311;318;7.47;0.46;34.62;5.12;285;0;61.00;7
26;0;628285937;26;143;315;322;7.46;0.46;34.62;5.07;289;0;62.00;7
26;0;628285941;26;145;316;323;7.63;0.47;34.62;5.05;290;0;63.00;7
27;0;628285943;27;148;316;323;7.70;0.48;35.56;5.05;289;0;64.00;7
27;0;628285947;27;150;317;324;7.81;0.48;35.56;5.04;290;0;65.00;7
29;0;628285950;29;151;317;324;7.84;0.48;36.21;5.04;288;0;66.00;7
30;0;628285953;30;139;317;324;7.88;0.48;37.13;5.04;287;0;67.00;7
31;0;628285957;31;136;317;324;7.98;0.49;38.13;5.04;286;0;68.00;7
33;0;628285960;33;132;317;324;7.98;0.49;40.00;5.04;284;0;69.00;7
34;0;628285963;34;129;317;324;8.03;0.49;40.26;5.04;283;0;70.00;7
35;0;628285967;35;126;317;324;8.08;0.49;41.14;5.04;282;0;71.00;7
35;1;628285971;35;132;355;394;8.26;0.51;41.14;4.50;320;1;72.00;39
36;1;628285992;36;123;356;395;8.47;0.52;41.89;4.49;320;1;73.00;39
36;1;628285996;36;117;361;395;8.84;0.54;41.89;4.46;325;1;74.00;34
36;1;628286000;36;113;367;395;9.26;0.57;41.89;4.43;331;1;75.00;28
37;1;628286003;37;111;371;395;9.58;0.59;42.81;4.43;334;1;76.00;24
38;1;628286007;38;107;374;395;9.81;0.60;43.50;4.43;336;1;77.00;21
39;1;628286011;39;105;376;395;9.96;0.61;44.38;4.44;337;1;78.00;19
40;1;628286022;40;107;377;395;10.00;0.61;44.83;4.45;337;1;79.00;18
40;1;628286026;40;108;379;396;10.03;0.61;44.83;4.45;339;1;80.00;17
40;1;628286030;40;110;380;397;10.08;0.61;44.83;4.44;340;1;81.00;17
41;1;628286035;41;113;381;397;10.04;0.61;45.73;4.45;340;1;82.00;16
41;1;628286044;41;114;385;401;9.88;0.60;45.73;4.42;344;1;83.00;16
42;1;628286049;42;116;385;401;9.78;0.59;46.64;4.42;343;1;84.00;16
44;1;628286053;44;119;385;401;9.66;0.59;48.27;4.42;341;1;85.00;16
44;1;628286057;44;119;385;401;9.52;0.58;48.27;4.42;341;1;86.00;16
44;1;628286061;44;121;389;407;9.45;0.57;48.27;4.38;345;1;87.00;18
46;1;628286065;46;124;389;407;9.39;0.57;50.00;4.38;343;1;88.00;18
48;1;628286069;48;124;390;407;9.35;0.57;51.63;4.38;342;1;89.00;17
48;1;628286074;48;125;393;413;9.45;0.57;51.63;4.34;345;1;90.00;20
48;1;628286079;48;131;394;413;9.46;0.58;51.63;4.34;346;1;91.00;19
51;1;628286083;51;133;394;413;9.39;0.57;53.92;4.34;343;1;92.00;19
53;1;628286087;53;136;396;414;9.37;0.57;55.30;4.32;343;1;93.00;18
53;1;628286091;53;135;397;415;9.44;0.58;55.30;4.31;344;1;94.00;18
54;1;628286095;54;136;398;415;9.41;0.58;56.04;4.32;344;1;95.00;17
55;1;628286099;55;136;408;428;9.31;0.57;56.69;4.21;353;1;96.00;20
59;1;628286104;59;135;409;428;9.39;0.57;57.83;4.20;350;1;97.00;19
60;1;628286108;60;132;409;428;9.37;0.57;58.50;4.20;349;1;98.00;19
61;1;628286112;61;133;410;429;9.50;0.58;59.16;4.19;349;1;99.00;19
61;1;628286117;61;131;410;429;9.59;0.58;59.16;4.19;349;1;100.00;19
62;1;628286125;62;129;412;433;9.61;0.58;59.74;4.18;350;1;101.00;21
62;1;628286130;62;121;412;433;9.68;0.59;59.74;4.18;350;1;102.00;21
64;2;628286136;64;113;417;437;9.61;0.59;61.09;4.14;353;2;103.00;20
64;2;628286151;64;114;417;437;9.77;0.60;61.09;4.14;353;2;104.00;20
65;2;628286157;65;108;417;437;9.81;0.60;61.74;4.14;352;2;105.00;20
66;2;628286161;66;103;417;437;9.91;0.60;62.38;4.14;351;2;106.00;20
67;2;628286166;67;94;417;437;10.00;0.61;63.04;4.14;350;2;107.00;20
67;2;628286171;67;89;427;449;10.14;0.62;63.04;4.05;360;2;108.00;22
68;2;628286176;68;85;428;449;10.33;0.63;63.72;4.04;360;2;109.00;21
68;2;628286181;68;82;429;449;10.49;0.64;63.72;4.03;361;2;110.00;20
68;2;628286185;68;78;429;449;10.56;0.65;63.72;4.03;361;2;111.00;20
70;2;628286190;70;78;429;449;10.70;0.65;64.61;4.03;359;2;112.00;20
71;2;628286195;71;77;429;449;10.85;0.66;64.79;4.03;358;2;113.00;20
72;2;628286200;72;73;430;450;10.99;0.67;65.47;4.03;358;2;114.00;20
73;2;628286205;73;71;430;450;11.07;0.67;66.11;4.03;357;2;115.00;20
74;2;628286210;74;73;434;456;11.33;0.69;66.78;4.00;360;2;116.00;22
75;2;628286217;75;72;437;457;11.36;0.69;67.45;4.24;362;2;117.00;20
75;2;628286222;75;71;437;457;11.43;0.69;67.45;4.24;362;2;118.00;20
75;2;628286228;75;73;437;457;11.58;0.70;67.45;4.24;362;2;119.00;20
75;2;628286235;75;74;443;462;11.67;0.71;67.45;4.57;368;2;120.00;19
76;2;628286242;76;79;444;462;11.73;0.71;68.12;4.67;368;2;121.00;18
79;2;628286249;79;78;444;462;11.75;0.71;69.90;4.67;365;2;122.00;18
81;2;628286255;81;79;446;463;11.78;0.71;71.17;4.92;365;2;123.00;17
81;2;628286267;81;80;452;467;11.67;0.71;71.17;5.10;371;2;124.00;15
81;2;628286274;81;84;453;467;11.66;0.71;71.17;5.36;372;2;125.00;14
82;2;628286280;82;86;456;470;11.75;0.72;71.84;5.45;374;2;126.00;14
82;2;628286288;82;88;461;470;11.71;0.71;71.84;5.99;379;2;127.00;9
83;2;628286295;83;89;461;470;11.73;0.72;72.06;5.99;378;2;128.00;9
84;2;628286301;84;91;463;470;11.74;0.72;72.73;6.20;379;2;129.00;7
85;2;628286308;85;92;466;474;11.72;0.72;73.38;6.20;381;2;130.00;8
87;2;628286314;87;94;468;474;11.72;0.72;74.14;6.35;381;2;131.00;6
87;2;628286321;87;94;470;474;11.76;0.72;74.14;6.46;383;2;132.00;4
88;2;628286327;88;94;470;474;11.78;0.72;74.56;6.46;382;2;133.00;4
90;2;628286336;90;95;472;475;11.77;0.72;73.88;6.57;382;2;134.00;3
92;2;628286344;92;96;474;477;11.73;0.72;75.18;6.54;382;2;135.00;3
94;2;628286352;94;99;475;477;11.67;0.71;75.93;6.61;381;2;136.00;2
95;2;628286358;95;101;476;478;11.63;0.71;76.06;6.60;381;2;137.00;2
96;2;628286364;96;103;476;478;11.57;0.71;76.69;6.60;380;2;138.00;2
98;2;628286370;98;107;477;478;11.50;0.70;77.22;6.68;379;2;139.00;1
99;2;628286377;99;108;477;478;11.51;0.71;77.86;6.68;378;2;140.00;1
102;2;628286383;102;108;477;478;11.48;0.70;78.88;6.68;375;2;141.00;1
104;2;628286389;104;111;478;478;11.37;0.70;80.10;6.71;374;2;142.00;0
105;2;628286395;105;113;478;478;11.28;0.69;80.01;6.71;373;2;143.00;0
106;2;628286401;106;134;551;605;11.01;0.69;80.59;5.82;445;2;144.00;54
108;2;628286422;108;128;556;606;11.01;0.69;81.10;5.78;448;2;145.00;50
110;2;628286430;110;126;566;606;11.08;0.70;82.06;5.71;456;2;146.00;40
112;2;628286438;112;128;568;606;10.98;0.69;82.58;5.70;456;2;147.00;38
115;2;628286445;115;126;573;606;11.02;0.69;82.95;5.69;458;2;148.00;33
116;2;628286455;116;123;577;606;11.01;0.69;83.52;5.68;461;2;149.00;29
118;2;628286466;118;122;581;611;10.97;0.69;84.58;5.69;463;2;150.00;30
120;2;628286477;120;118;584;611;10.87;0.68;85.55;5.69;464;2;151.00;27
121;2;628286485;121;119;589;612;10.92;0.68;86.10;5.71;468;2;152.00;23
122;2;628286492;122;118;592;613;10.96;0.68;85.47;5.73;470;2;153.00;21
122;2;628286499;122;120;595;613;11.06;0.69;85.47;5.75;473;2;154.00;18
122;2;628286506;122;125;599;614;11.06;0.69;85.47;5.75;477;2;155.00;15
125;2;628286513;125;126;601;614;11.08;0.69;86.70;5.77;476;2;156.00;13
126;2;628286520;126;129;602;614;11.07;0.69;87.23;5.78;476;2;157.00;12
129;2;628286527;129;131;604;614;10.98;0.68;88.84;5.81;475;2;158.00;10
131;2;628286534;131;137;607;618;10.83;0.67;89.87;5.81;476;2;159.00;11
131;2;628286542;131;142;610;618;10.67;0.66;89.87;5.83;479;2;160.00;8
134;2;628286549;134;142;610;618;10.47;0.65;88.96;5.83;476;2;161.00;8
136;2;628286562;136;148;613;621;10.46;0.65;89.46;5.83;477;2;162.00;8
138;2;628286575;138;150;613;621;10.34;0.64;90.42;5.83;475;2;163.00;8
140;2;628286582;140;145;614;621;10.28;0.64;90.96;5.85;474;2;164.00;7
143;2;628286588;143;148;617;625;10.14;0.63;91.82;5.82;474;2;165.00;8
144;2;628286596;144;143;618;626;10.07;0.62;92.28;5.82;474;2;166.00;8
148;2;628286607;148;140;618;626;9.95;0.61;92.78;5.82;470;2;167.00;8
151;2;628286613;151;139;623;630;9.72;0.60;94.06;5.81;472;2;168.00;7
154;2;628286619;154;142;624;630;9.52;0.59;95.48;5.81;470;2;169.00;6
157;2;628286626;157;139;625;630;9.39;0.58;96.56;5.83;468;2;170.00;5
157;2;628286632;157;137;626;631;9.36;0.58;96.56;5.82;469;2;171.00;5
159;2;628286638;159;136;629;631;9.30;0.57;97.38;5.88;470;2;172.00;2
161;2;628286645;161;133;633;637;9.36;0.58;98.01;5.85;472;2;173.00;4
162;2;628286652;162;135;633;637;9.35;0.57;98.19;5.85;471;2;174.00;4
163;2;628286660;163;132;635;638;9.35;0.57;98.31;5.85;472;2;175.00;3
164;2;628286672;164;133;637;638;9.35;0.57;98.34;5.88;473;2;176.00;1
165;2;628286678;165;125;637;638;9.46;0.58;98.36;5.88;472;2;177.00;1
165;2;628286685;165;125;638;638;9.64;0.59;98.36;5.88;473;2;178.00;0
166;2;628286692;166;122;638;638;9.79;0.60;98.33;5.88;472;2;179.00;0
166;2;628286700;166;129;669;672;9.84;0.61;98.33;5.61;503;2;180.00;3
166;2;628286709;166;122;669;672;9.95;0.62;98.33;5.61;503;2;181.00;3
167;2;628286715;167;120;672;672;10.07;0.62;98.81;5.59;505;2;182.00;0
168;2;628286722;168;121;672;672;10.18;0.63;99.03;5.59;504;2;183.00;0
170;2;628286729;170;127;672;672;10.34;0.64;98.90;5.59;502;2;184.00;0
171;2;628286735;171;132;672;672;10.38;0.64;99.40;5.59;501;2;185.00;0
171;2;628286742;171;139;676;676;10.43;0.64;99.40;5.57;505;2;186.00;0
172;3;628286748;172;144;676;676;10.34;0.64;99.55;5.57;504;3;187.00;0
174;3;628286767;174;149;679;680;10.19;0.63;99.41;5.55;505;3;188.00;1
176;3;628286775;176;154;680;681;10.01;0.62;99.45;5.54;504;3;189.00;1
179;3;628286781;179;156;681;681;9.82;0.61;99.88;5.53;502;3;190.00;0
180;3;628286788;180;164;681;681;9.71;0.60;99.99;5.53;501;3;191.00;0
184;3;628286794;184;172;694;694;9.56;0.59;99.79;5.43;510;3;192.00;0
189;3;628286802;189;174;694;694;9.28;0.57;100.31;5.43;505;3;193.00;0
191;3;628286815;191;178;694;694;9.12;0.56;100.73;5.43;503;3;194.00;0
194;3;628286822;194;181;695;695;9.04;0.56;100.24;5.42;501;3;195.00;0
195;3;628286829;195;186;696;696;9.00;0.55;100.03;5.42;501;3;196.00;0
201;3;628286835;201;187;696;696;8.85;0.54;100.85;5.42;495;3;197.00;0
203;3;628286842;203;191;698;699;8.81;0.54;100.39;5.40;495;3;198.00;1
203;3;628286855;203;192;699;699;8.75;0.54;100.39;5.40;496;3;199.00;0
205;3;628286862;205;195;699;699;8.62;0.53;100.42;5.40;494;3;200.00;0
206;3;628286873;206;197;699;699;8.56;0.52;100.80;5.40;493;3;201.00;0
208;3;628286880;208;207;704;705;8.46;0.52;100.28;5.37;496;3;202.00;1
211;3;628286887;211;210;704;705;8.33;0.51;100.63;5.37;493;3;203.00;1
213;3;628286894;213;213;705;705;8.25;0.50;100.75;5.36;492;3;204.00;0
213;3;628286900;213;214;705;705;8.09;0.50;100.75;5.36;492;3;205.00;0
215;3;628286907;215;223;709;709;7.95;0.49;100.22;5.34;494;3;206.00;0
215;3;628286913;215;233;710;710;7.83;0.48;100.22;5.33;495;3;207.00;0
216;3;628286920;216;232;710;710;7.70;0.47;100.05;5.33;494;3;208.00;0
216;3;628286925;216;240;711;711;7.62;0.47;100.05;5.32;495;3;209.00;0
218;3;628286934;218;244;711;711;7.54;0.46;100.86;5.32;493;3;210.00;0
219;3;628286941;219;246;711;711;7.55;0.47;100.48;5.32;492;3;211.00;0
220;3;628286947;220;254;711;711;7.49;0.46;100.58;5.32;491;3;212.00;0
222;3;628286953;222;259;711;711;7.46;0.46;101.31;5.32;489;3;213.00;0
225;3;628286959;225;261;711;711;7.38;0.45;100.81;5.32;486;3;214.00;0
226;3;628286965;226;266;711;711;7.32;0.45;100.68;5.32;485;3;215.00;0
228;4;628286972;228;277;755;781;7.55;0.47;100.69;5.01;527;4;216.00;26
229;4;628286996;229;258;757;782;7.52;0.46;101.18;5.00;528;4;217.00;25
230;4;628287003;230;249;764;782;7.63;0.47;101.24;4.98;534;4;218.00;18
230;4;628287010;230;231;767;782;7.73;0.48;101.24;4.97;537;4;219.00;15
232;4;628287016;232;214;770;782;7.91;0.49;101.63;4.96;538;4;220.00;12
233;4;628287024;233;202;772;782;8.15;0.50;102.11;4.96;539;4;221.00;10
235;4;628287031;235;195;776;782;8.39;0.52;103.10;4.97;541;4;222.00;6
236;4;628287039;236;189;778;782;8.61;0.53;103.08;4.97;542;4;223.00;4
237;4;628287047;237;183;781;783;8.73;0.54;103.28;4.99;544;4;224.00;2
238;4;628287054;238;183;784;785;8.85;0.54;103.78;4.97;546;4;225.00;1
240;4;628287069;240;169;785;785;8.93;0.55;103.93;4.98;545;4;226.00;0
243;4;628287077;243;159;789;789;8.97;0.55;104.85;4.96;546;4;227.00;0
243;4;628287086;243;147;789;789;9.19;0.56;104.85;4.96;546;4;228.00;0
244;5;628287094;244;136;789;789;9.41;0.58;105.33;4.96;545;5;229.00;0
245;5;628287113;245;128;789;789;9.66;0.59;105.25;4.96;544;5;230.00;0
247;6;628287122;247;121;794;795;9.91;0.61;106.21;4.93;547;6;231.00;1
248;6;628287144;248;113;794;795;10.16;0.62;106.52;4.93;546;6;232.00;1
249;6;628287151;249;106;795;795;10.43;0.64;106.86;4.93;546;6;233.00;0
251;6;628287160;251;101;797;798;10.72;0.66;107.15;4.92;546;6;234.00;1
253;7;628287168;253;92;798;798;10.92;0.67;107.33;4.91;545;7;235.00;0
256;7;628287190;256;92;798;798;11.04;0.67;108.40;4.91;542;7;236.00;0
256;8;628287199;256;88;799;799;11.21;0.68;108.40;4.91;543;8;237.00;0
259;8;628287217;259;87;800;800;11.35;0.69;109.82;4.90;541;8;238.00;0
260;8;628287226;260;86;800;800;11.42;0.70;109.48;4.90;540;8;239.00;0
260;8;628287235;260;91;824;826;11.33;0.69;109.48;4.76;564;8;240.00;2
262;8;628287252;262;86;825;826;11.46;0.70;109.68;4.75;563;8;241.00;1
262;8;628287260;262;86;826;826;11.62;0.71;109.68;4.75;564;8;242.00;0
262;8;628287268;262;86;827;827;11.79;0.72;109.68;4.74;565;8;243.00;0
267;8;628287281;267;92;827;827;11.94;0.73;111.74;4.74;560;8;244.00;0
270;8;628287290;270;92;830;831;12.03;0.73;113.16;4.73;560;8;245.00;1
272;8;628287298;272;92;830;831;12.17;0.74;113.83;4.73;558;8;246.00;1
277;8;628287307;277;92;835;835;12.16;0.74;114.83;4.71;558;8;247.00;0
280;8;628287315;280;97;835;835;12.27;0.75;115.20;4.71;555;8;248.00;0
283;8;628287328;283;101;835;835;12.34;0.75;115.71;4.71;552;8;249.00;0
285;8;628287336;285;101;835;835;12.38;0.75;115.65;4.71;550;8;250.00;0
286;9;628287345;286;99;835;835;12.39;0.75;115.78;4.71;549;9;251.00;0
292;9;628287363;292;100;846;847;12.29;0.75;116.70;4.65;554;9;252.00;1
292;9;628287372;292;99;846;847;12.26;0.74;116.70;4.65;554;9;253.00;1
294;9;628287379;294;100;847;847;12.32;0.75;116.97;4.65;553;9;254.00;0
296;9;628287386;296;101;847;847;12.30;0.75;117.50;4.65;551;9;255.00;0
297;9;628287398;297;105;847;847;12.34;0.75;117.36;4.65;550;9;256.00;0
298;9;628287405;298;107;847;847;12.36;0.75;117.59;4.65;549;9;257.00;0
301;9;628287418;301;111;848;848;12.33;0.75;118.13;4.64;547;9;258.00;0
301;9;628287426;301;115;848;848;12.32;0.75;118.13;4.64;547;9;259.00;0
303;9;628287433;303;114;853;854;12.31;0.75;118.03;4.62;550;9;260.00;1
304;9;628287440;304;112;854;855;12.36;0.75;118.03;4.62;550;9;261.00;1
306;9;628287448;306;109;855;855;12.35;0.75;118.32;4.61;549;9;262.00;0
308;9;628287456;308;113;855;855;12.29;0.74;118.14;4.61;547;9;263.00;0
312;9;628287464;312;114;859;859;12.22;0.74;118.70;4.59;547;9;264.00;0
313;9;628287474;313;116;859;859;12.23;0.74;118.98;4.59;546;9;265.00;0
319;9;628287483;319;118;859;859;12.23;0.74;119.93;4.59;540;9;266.00;0
320;9;628287492;320;118;860;860;12.26;0.74;120.12;4.59;540;9;267.00;0
326;9;628287502;326;124;864;864;12.15;0.74;122.32;4.57;538;9;268.00;0
328;9;628287511;328;120;864;864;12.25;0.74;122.77;4.57;536;9;269.00;0
331;9;628287521;331;119;867;870;12.27;0.74;123.03;4.56;536;9;270.00;3
332;9;628287529;332;118;868;870;12.36;0.75;123.05;4.55;536;9;271.00;2
335;9;628287537;335;110;868;870;12.41;0.75;123.50;4.55;533;9;272.00;2
341;9;628287544;341;107;869;870;12.44;0.75;124.12;4.55;528;9;273.00;1
343;9;628287552;343;103;871;874;12.53;0.76;124.19;4.54;528;9;274.00;3
344;9;628287559;344;96;872;874;12.71;0.77;124.20;4.54;528;9;275.00;2
346;9;628287567;346;90;872;874;12.85;0.78;124.32;4.54;526;9;276.00;2
348;9;628287583;348;84;873;874;12.89;0.78;124.26;4.54;525;9;277.00;1
348;9;628287596;348;77;874;875;12.93;0.79;124.26;4.54;526;9;278.00;1
350;9;628287606;350;74;876;876;12.91;0.78;124.76;4.53;526;9;279.00;0
352;9;628287620;352;72;876;876;12.93;0.79;124.52;4.53;524;9;280.00;0
353;9;628287631;353;71;877;877;12.97;0.79;124.45;4.53;524;9;281.00;0
356;9;628287644;356;71;877;877;12.97;0.79;124.77;4.53;521;9;282.00;0
357;9;628287656;357;68;877;877;12.99;0.79;125.00;4.53;520;9;283.00;0
360;9;628287668;360;71;877;877;13.01;0.79;125.03;4.53;517;9;284.00;0
363;10;628287678;363;73;877;877;13.04;0.79;125.78;4.53;514;10;285.00;0
363;10;628287695;363;75;877;877;13.12;0.80;125.78;4.53;514;10;286.00;0
364;10;628287705;364;75;877;877;13.17;0.80;125.83;4.53;513;10;287.00;0
366;10;628287720;366;95;950;1004;12.59;0.78;126.26;4.19;584;10;288.00;54
369;10;628287740;369;90;954;1005;12.59;0.78;126.39;4.17;585;10;289.00;51
369;10;628287750;369;87;962;1005;12.58;0.78;126.39;4.15;593;10;290.00;43
371;10;628287769;371;87;963;1005;12.55;0.78;127.06;4.15;592;10;291.00;42
372;10;628287780;372;89;967;1005;12.54;0.78;127.30;4.15;595;10;292.00;38
373;10;628287789;373;90;972;1005;12.47;0.77;127.49;4.16;599;10;293.00;33
376;10;628287799;376;91;975;1005;12.41;0.77;127.38;4.16;599;10;294.00;30
378;10;628287809;378;92;979;1005;12.38;0.76;127.12;4.17;601;10;295.00;26
381;10;628287820;381;92;981;1006;12.40;0.77;126.50;4.18;600;10;296.00;25
385;10;628287830;385;96;985;1007;12.42;0.77;127.02;4.20;600;10;297.00;22
387;10;628287840;387;100;988;1007;12.44;0.77;127.02;4.22;601;10;298.00;19
391;10;628287851;391;105;992;1008;12.29;0.76;127.56;4.24;601;10;299.00;16
391;10;628287870;391;114;994;1014;12.13;0.75;127.56;4.25;603;10;300.00;20
393;10;628287886;393;119;996;1014;11.91;0.73;128.11;4.26;603;10;301.00;18
394;10;628287896;394;123;998;1014;11.78;0.73;128.28;4.28;604;10;302.00;16
396;10;628287905;396;135;1002;1018;11.67;0.72;128.88;4.29;606;10;303.00;16
397;10;628287916;397;142;1005;1018;11.60;0.71;128.95;4.33;608;10;304.00;13
399;10;628287925;399;148;1006;1018;11.46;0.71;128.96;4.34;607;10;305.00;12
403;10;628287935;403;156;1010;1021;11.30;0.70;130.02;4.35;607;10;306.00;11
404;10;628287944;404;161;1012;1021;11.17;0.69;130.43;4.35;608;10;307.00;9
409;10;628287954;409;164;1012;1021;10.97;0.68;131.21;4.35;603;10;308.00;9
410;10;628287962;410;172;1015;1025;10.73;0.66;131.12;4.34;605;10;309.00;10
414;10;628287972;414;175;1016;1026;10.62;0.65;131.37;4.33;602;10;310.00;10
420;10;628287981;420;181;1016;1026;10.43;0.64;132.18;4.33;596;10;311.00;10
420;10;628287991;420;189;1020;1030;10.27;0.63;132.18;4.33;600;10;312.00;10
421;10;628287999;421;194;1022;1030;10.15;0.62;132.13;4.33;601;10;313.00;8
422;10;628288007;422;194;1022;1030;10.06;0.62;132.39;4.33;600;10;314.00;8
423;10;628288015;423;193;1024;1032;10.01;0.62;132.52;4.33;601;10;315.00;8
427;10;628288023;427;198;1024;1032;9.90;0.61;133.24;4.33;597;10;316.00;8
427;10;628288031;427;206;1029;1038;9.82;0.61;133.24;4.32;602;10;317.00;9
430;10;628288040;430;208;1029;1038;9.65;0.59;134.15;4.32;599;10;318.00;9
432;10;628288070;432;209;1030;1039;9.51;0.59;134.34;4.32;598;10;319.00;9
435;10;628288080;435;207;1034;1039;9.34;0.58;134.87;4.40;599;10;320.00;5
438;10;628288089;438;209;1035;1039;9.29;0.57;135.12;4.41;597;10;321.00;4
441;10;628288098;441;212;1035;1039;9.26;0.57;135.04;4.41;594;10;322.00;4
445;10;628288108;445;213;1038;1039;9.19;0.56;135.27;4.45;593;10;323.00;1
450;10;628288117;450;218;1049;1051;9.19;0.56;135.87;4.41;599;10;324.00;2
453;10;628288127;453;215;1050;1051;9.17;0.56;136.23;4.41;597;10;325.00;1
455;10;628288136;455;211;1051;1051;9.19;0.56;136.17;4.41;596;10;326.00;0
457;10;628288145;457;212;1051;1051;9.18;0.56;136.29;4.41;594;10;327.00;0
459;10;628288154;459;214;1051;1051;9.16;0.56;136.34;4.41;592;10;328.00;0
459;10;628288168;459;212;1051;1051;9.27;0.57;136.34;4.41;592;10;329.00;0
459;10;628288178;459;215;1055;1055;9.31;0.57;136.34;4.40;596;10;330.00;0
464;10;628288193;464;216;1055;1055;9.27;0.57;136.85;4.40;591;10;331.00;0
466;10;628288213;466;218;1058;1059;9.29;0.57;136.61;4.39;592;10;332.00;1
470;10;628288229;470;221;1059;1060;9.16;0.56;137.80;4.38;589;10;333.00;1
472;10;628288238;472;223;1060;1060;9.06;0.55;138.14;4.38;588;10;334.00;0
475;10;628288245;475;221;1060;1060;8.90;0.55;139.07;4.38;585;10;335.00;0
480;10;628288252;480;229;1073;1073;8.69;0.53;139.60;4.33;593;10;336.00;0
482;10;628288261;482;231;1073;1073;8.54;0.52;139.93;4.33;591;10;337.00;0
490;10;628288268;490;234;1073;1073;8.26;0.51;140.53;4.33;583;10;338.00;0
491;10;628288275;491;238;1074;1074;8.13;0.50;140.39;4.32;583;10;339.00;0
495;10;628288282;495;233;1075;1075;7.89;0.49;141.48;4.32;580;10;340.00;0
498;10;628288288;498;231;1075;1075;7.75;0.48;141.51;4.32;577;10;341.00;0
502;10;628288295;502;228;1077;1078;7.69;0.48;142.14;4.31;575;10;342.00;1
505;10;628288301;505;229;1078;1078;7.71;0.48;142.92;4.31;573;10;343.00;0
508;10;628288308;508;225;1078;1078;7.62;0.47;143.64;4.31;570;10;344.00;0
511;10;628288315;511;229;1078;1078;7.54;0.47;144.25;4.31;567;10;345.00;0
516;10;628288321;516;225;1083;1084;7.51;0.47;144.51;4.30;567;10;346.00;1
518;10;628288329;518;224;1084;1084;7.51;0.47;144.71;4.29;566;10;347.00;0
523;10;628288335;523;219;1084;1084;7.45;0.46;144.99;4.29;561;10;348.00;0
524;10;628288342;524;223;1084;1084;7.46;0.46;145.23;4.29;560;10;349.00;0
528;10;628288348;528;223;1088;1088;7.44;0.46;145.91;4.28;560;10;350.00;0
533;10;628288355;533;224;1089;1089;7.39;0.46;145.26;4.28;556;10;351.00;0
535;10;628288362;535;226;1089;1089;7.37;0.45;145.00;4.28;554;10;352.00;0
535;10;628288375;535;225;1090;1090;7.41;0.46;145.00;4.27;555;10;353.00;0
540;10;628288381;540;224;1090;1090;7.40;0.46;144.95;4.27;550;10;354.00;0
543;10;628288388;543;220;1090;1090;7.47;0.46;144.93;4.27;547;10;355.00;0
546;10;628288395;546;222;1090;1090;7.44;0.46;144.57;4.27;544;10;356.00;0
549;10;628288402;549;225;1090;1090;7.45;0.46;144.37;4.27;541;10;357.00;0
550;10;628288409;550;233;1090;1090;7.47;0.46;144.24;4.27;540;10;358.00;0
553;10;628288415;553;239;1090;1090;7.43;0.46;144.32;4.27;537;10;359.00;0
555;10;628288423;555;249;1158;1215;7.81;0.49;144.14;4.02;603;10;360.00;57
557;10;628288441;557;245;1166;1216;7.80;0.49;144.14;4.00;609;10;361.00;50
557;10;628288449;557;235;1177;1216;7.87;0.49;144.14;3.98;620;10;362.00;39
560;10;628288456;560;231;1183;1216;7.86;0.49;144.29;3.98;623;10;363.00;33
561;10;628288466;561;234;1189;1216;7.75;0.48;144.36;3.98;628;10;364.00;27
563;10;628288475;563;238;1192;1216;7.74;0.48;144.45;3.98;629;10;365.00;24
563;10;628288482;563;241;1197;1216;7.74;0.48;144.45;3.99;634;10;366.00;19
564;10;628288490;564;242;1198;1216;7.71;0.48;144.33;3.99;634;10;367.00;18
565;10;628288506;565;243;1204;1217;7.72;0.48;144.22;4.01;639;10;368.00;13
568;10;628288514;568;248;1207;1218;7.60;0.47;143.90;4.02;639;10;369.00;11
570;10;628288521;570;250;1210;1218;7.49;0.46;144.20;4.03;640;10;370.00;8
572;10;628288529;572;243;1214;1222;7.36;0.45;143.92;4.02;642;10;371.00;8
573;10;628288539;573;238;1216;1222;7.24;0.45;143.71;4.03;643;10;372.00;6
573;10;628288547;573;231;1217;1222;7.32;0.45;143.71;4.04;644;10;373.00;5
576;10;628288556;576;236;1217;1222;7.44;0.46;143.53;4.04;641;10;374.00;5
577;10;628288566;577;237;1223;1228;7.53;0.46;143.64;4.04;646;10;375.00;5
577;10;628288577;577;231;1223;1228;7.71;0.47;143.64;4.04;646;10;376.00;5
577;10;628288586;577;231;1225;1228;7.77;0.48;143.64;4.05;648;10;377.00;3
581;10;628288613;581;228;1228;1231;7.89;0.48;143.57;4.06;647;10;378.00;3
582;10;628288629;582;230;1229;1231;7.98;0.49;143.67;4.06;647;10;379.00;2
584;10;628288639;584;231;1229;1231;8.04;0.49;144.27;4.06;645;10;380.00;2
585;10;628288654;585;231;1231;1232;8.13;0.49;144.43;4.06;646;10;381.00;1
585;10;628288662;585;231;1232;1233;8.32;0.51;144.43;4.05;647;10;382.00;1
586;10;628288671;586;231;1232;1233;8.40;0.51;144.22;4.05;646;10;383.00;1
587;10;628288685;587;231;1245;1246;8.59;0.52;144.02;4.01;658;10;384.00;1
588;10;628288695;588;227;1245;1246;8.61;0.52;143.81;4.01;657;10;385.00;1
589;10;628288704;589;224;1245;1246;8.68;0.53;143.80;4.01;656;10;386.00;1
591;10;628288713;591;208;1246;1247;8.77;0.53;143.96;4.01;655;10;387.00;1
591;10;628288723;591;203;1246;1247;8.86;0.54;143.96;4.01;655;10;388.00;1
592;10;628288732;592;198;1249;1251;9.02;0.54;143.88;4.00;657;10;389.00;2
594;10;628288743;594;194;1250;1251;9.13;0.55;143.50;4.00;656;10;390.00;1
594;10;628288759;594;191;1254;1255;9.27;0.56;143.50;3.99;660;10;391.00;1
595;10;628288770;595;189;1254;1255;9.47;0.57;143.53;3.99;659;10;392.00;1
597;10;628288781;597;186;1254;1255;9.52;0.58;144.10;3.99;657;10;393.00;1
599;10;628288792;599;180;1254;1255;9.68;0.59;144.37;3.99;655;10;394.00;1
601;10;628288803;601;179;1254;1255;9.79;0.59;144.94;3.99;653;10;395.00;1
602;10;628288820;602;161;1264;1267;9.93;0.60;145.34;3.96;662;10;396.00;3
605;10;628288830;605;144;1265;1267;10.10;0.61;145.34;3.96;660;10;397.00;2
607;10;628288841;607;129;1266;1267;10.28;0.63;145.65;3.95;659;10;398.00;1
611;10;628288852;611;117;1266;1267;10.53;0.64;146.42;3.95;655;10;399.00;1
614;10;628288863;614;110;1266;1267;10.74;0.65;146.97;3.95;652;10;400.00;1
615;10;628288877;615;104;1266;1267;11.00;0.67;146.88;3.95;651;10;401.00;1
617;10;628288887;617;97;1267;1268;11.16;0.68;147.28;3.95;650;10;402.00;1
620;10;628288898;620;95;1267;1268;11.35;0.69;148.01;3.95;647;10;403.00;1
624;10;628288909;624;94;1272;1274;11.48;0.70;148.84;3.94;648;10;404.00;2
625;10;628288920;625;96;1275;1276;11.70;0.71;149.22;3.93;650;10;405.00;1
629;10;628288931;629;93;1275;1276;11.85;0.72;150.10;3.93;646;10;406.00;1
631;10;628288942;631;92;1275;1276;11.97;0.73;150.53;3.93;644;10;407.00;1
632;10;628288952;632;98;1279;1280;12.17;0.74;150.38;3.92;647;10;408.00;1
634;10;628288962;634;101;1279;1280;12.28;0.75;150.93;3.92;645;10;409.00;1
637;10;628288973;637;95;1280;1280;12.36;0.75;151.43;3.96;643;10;410.00;0
642;10;628288984;642;95;1281;1281;12.48;0.76;151.98;3.95;639;10;411.00;0
646;10;628288995;646;98;1285;1285;12.44;0.76;152.66;3.95;639;10;412.00;0
647;10;628289006;647;99;1285;1285;12.53;0.76;152.71;3.95;638;10;413.00;0
649;10;628289016;649;100;1287;1288;12.60;0.77;153.41;3.94;638;10;414.00;1
652;10;628289026;652;102;1287;1288;12.68;0.77;154.19;3.94;635;10;415.00;1
655;10;628289036;655;101;1288;1288;12.69;0.77;154.76;3.94;633;10;416.00;0
659;10;628289045;659;103;1288;1288;12.65;0.77;155.20;3.94;629;10;417.00;0
661;10;628289055;661;99;1291;1292;12.69;0.78;155.70;3.93;630;10;418.00;1
668;10;628289068;668;98;1291;1292;12.70;0.77;156.48;3.93;623;10;419.00;1
671;10;628289089;671;99;1292;1292;12.71;0.77;156.87;3.93;621;10;420.00;0
675;10;628289099;675;100;1292;1292;12.72;0.78;156.98;3.93;617;10;421.00;0
679;10;628289109;679;98;1293;1293;12.72;0.77;157.25;3.93;614;10;422.00;0
682;10;628289118;682;98;1294;1294;12.66;0.77;158.17;3.93;612;10;423.00;0
685;10;628289128;685;93;1294;1294;12.74;0.78;158.50;3.93;609;10;424.00;0
689;10;628289143;689;90;1295;1295;12.89;0.79;158.54;3.92;606;10;425.00;0
694;10;628289159;694;90;1295;1295;13.01;0.79;159.26;3.92;601;10;426.00;0
696;10;628289168;696;91;1295;1295;12.99;0.79;159.41;3.92;599;10;427.00;0
700;10;628289177;700;94;1295;1295;12.99;0.79;159.74;3.92;595;10;428.00;0
703;10;628289186;703;95;1295;1295;12.99;0.79;160.08;3.92;592;10;429.00;0
705;10;628289195;705;95;1295;1295;12.98;0.79;160.24;3.92;590;10;430.00;0
707;10;628289203;707;98;1295;1295;13.00;0.79;160.82;3.92;588;10;431.00;0
709;10;628289212;709;132;1375;1422;12.21;0.75;160.58;3.70;666;10;432.00;47
712;10;628289232;712;116;1375;1423;12.27;0.75;160.97;3.70;663;10;433.00;48
716;10;628289242;716;105;1381;1423;12.37;0.76;161.57;3.69;665;10;434.00;42
720;10;628289252;720;102;1384;1423;12.43;0.76;161.88;3.69;664;10;435.00;39
721;10;628289260;721;103;1389;1423;12.54;0.77;161.81;3.69;668;10;436.00;34
722;10;628289269;722;104;1393;1423;12.61;0.77;161.89;3.69;671;10;437.00;30
726;10;628289278;726;110;1398;1423;12.63;0.77;162.39;3.70;672;10;438.00;25
729;10;628289288;729;111;1400;1423;12.61;0.77;162.94;3.71;671;10;439.00;23
731;10;628289296;731;110;1404;1424;12.66;0.78;162.90;3.72;673;10;440.00;20
734;10;628289306;734;109;1406;1425;12.70;0.78;162.96;3.72;672;10;441.00;19
737;10;628289315;737;111;1408;1425;12.74;0.78;163.25;3.73;671;10;442.00;17
740;10;628289325;740;109;1410;1426;12.73;0.78;163.66;3.74;670;10;443.00;16
746;10;628289335;746;105;1412;1426;12.73;0.78;164.56;3.75;666;10;444.00;14
748;10;628289345;748;106;1414;1426;12.56;0.77;164.66;3.76;666;10;445.00;12
755;10;628289354;755;100;1417;1426;12.41;0.76;165.81;3.79;662;10;446.00;9
758;10;628289364;758;99;1418;1430;12.32;0.75;165.69;3.78;660;10;447.00;12
761;10;628289374;761;102;1421;1430;12.27;0.75;165.60;3.80;660;10;448.00;9
764;10;628289389;764;106;1421;1430;12.20;0.75;166.08;3.80;657;10;449.00;9
767;10;628289401;767;103;1426;1436;12.11;0.74;165.77;3.80;659;10;450.00;10
770;10;628289411;770;107;1426;1436;12.08;0.74;165.66;3.80;656;10;451.00;10
772;10;628289420;772;108;1427;1436;12.11;0.74;165.85;3.79;655;10;452.00;9
773;10;628289429;773;110;1430;1440;12.09;0.74;166.04;3.79;657;10;453.00;10
774;10;628289439;774;116;1432;1441;12.25;0.75;165.95;3.79;658;10;454.00;9
777;10;628289449;777;112;1433;1441;12.32;0.75;165.85;3.79;656;10;455.00;8
780;10;628289464;780;117;1435;1445;12.39;0.76;166.09;3.78;655;10;456.00;10
781;10;628289474;781;118;1437;1445;12.31;0.75;166.00;3.81;656;10;457.00;8
783;10;628289483;783;119;1437;1445;12.26;0.75;165.96;3.81;654;10;458.00;8
787;10;628289492;787;123;1438;1446;12.25;0.75;165.62;3.81;651;10;459.00;8
788;10;628289502;788;126;1440;1446;12.18;0.74;165.65;3.83;652;10;460.00;6
788;10;628289511;788;133;1443;1452;12.07;0.74;165.65;3.83;655;10;461.00;9
789;10;628289532;789;132;1443;1452;11.91;0.73;165.67;3.83;654;10;462.00;9
793;10;628289541;793;135;1446;1453;11.80;0.72;165.52;3.85;653;10;463.00;7
798;10;628289551;798;136;1446;1453;11.58;0.71;165.37;3.85;648;10;464.00;7
798;10;628289560;798;144;1447;1453;11.50;0.70;165.37;3.85;649;10;465.00;6
799;10;628289568;799;149;1447;1453;11.45;0.70;165.23;3.85;648;10;466.00;6
805;10;628289582;805;153;1447;1453;11.33;0.69;165.52;3.85;642;10;467.00;6
805;10;628289599;805;154;1457;1465;11.31;0.69;165.52;3.82;652;10;468.00;8
806;10;628289626;806;154;1457;1465;11.30;0.69;165.63;3.82;651;10;469.00;8
809;10;628289641;809;155;1459;1465;11.32;0.69;165.54;3.84;650;10;470.00;6
810;11;628289655;810;157;1460;1465;11.34;0.69;165.60;3.86;650;11;471.00;5
813;11;628289681;813;162;1460;1465;11.32;0.69;165.60;3.86;647;11;472.00;5
817;11;628289702;817;170;1462;1465;11.22;0.69;165.77;3.88;645;11;473.00;3
819;11;628289714;819;169;1465;1469;11.13;0.68;166.06;3.87;646;11;474.00;4
820;11;628289724;820;173;1465;1469;11.12;0.68;166.07;3.87;645;11;475.00;4
820;11;628289734;820;179;1469;1473;11.16;0.68;166.07;3.88;649;11;476.00;4
824;11;628289751;824;182;1470;1474;11.11;0.68;165.92;3.88;646;11;477.00;4
827;11;628289761;827;185;1472;1474;11.07;0.68;165.85;3.88;645;11;478.00;2
831;11;628289771;831;195;1474;1474;10.90;0.66;165.68;3.89;643;11;479.00;0
835;11;628289783;835;202;1495;1500;10.67;0.65;165.96;3.84;660;11;480.00;5
839;11;628289795;839;202;1496;1500;10.48;0.64;165.80;3.83;657;11;481.00;4
839;11;628289804;839;206;1499;1500;10.37;0.63;165.80;3.83;660;11;482.00;1
839;11;628289813;839;215;1501;1501;10.24;0.63;165.80;3.83;662;11;483.00;0
839;11;628289822;839;223;1502;1502;10.11;0.62;165.80;3.83;663;11;484.00;0
842;11;628289832;842;230;1502;1502;9.87;0.61;165.81;3.83;660;11;485.00;0
843;11;628289840;843;233;1504;1505;9.70;0.60;165.85;3.82;661;11;486.00;1
845;11;628289855;845;238;1504;1505;9.50;0.58;165.76;3.82;659;11;487.00;1
848;11;628289863;848;245;1505;1505;9.31;0.57;165.61;3.82;657;11;488.00;0
850;11;628289872;850;250;1505;1505;9.13;0.56;165.46;3.82;655;11;489.00;0
851;11;628289882;851;246;1510;1511;9.03;0.56;165.33;3.81;659;11;490.00;1
854;11;628289892;854;248;1511;1511;8.91;0.55;165.68;3.81;657;11;491.00;0
857;11;628289901;857;249;1511;1511;8.74;0.54;165.46;3.81;654;11;492.00;0
857;11;628289909;857;250;1511;1511;8.57;0.53;165.46;3.81;654;11;493.00;0
860;11;628289923;860;253;1515;1515;8.39;0.52;165.24;3.80;655;11;494.00;0
861;11;628289931;861;258;1517;1517;8.25;0.51;165.20;3.80;656;11;495.00;0
865;11;628289940;865;258;1517;1517;8.15;0.50;164.89;3.80;652;11;496.00;0
868;11;628289948;868;266;1518;1518;8.03;0.49;165.24;3.79;650;11;497.00;0
872;11;628289956;872;269;1518;1518;7.90;0.48;164.97;3.79;646;11;498.00;0
873;11;628289964;873;265;1518;1518;7.78;0.48;164.81;3.79;645;11;499.00;0
875;11;628289973;875;271;1518;1518;7.68;0.47;164.73;3.79;643;11;500.00;0
879;11;628289985;879;271;1518;1518;7.53;0.46;164.43;3.79;639;11;501.00;0
881;11;628289993;881;270;1518;1518;7.42;0.46;164.37;3.79;637;11;502.00;0
886;11;628290001;886;275;1518;1518;7.24;0.44;165.00;3.79;632;11;503.00;0
888;11;628290010;888;284;1557;1588;7.48;0.46;164.99;3.70;669;11;504.00;31
893;11;628290029;893;279;1561;1589;7.38;0.45;165.96;3.69;668;11;505.00;28
895;11;628290039;895;275;1568;1589;7.40;0.45;166.17;3.68;673;11;506.00;21
898;11;628290047;898;278;1570;1589;7.34;0.45;166.57;3.68;672;11;507.00;19
900;11;628290055;900;281;1576;1589;7.33;0.45;166.63;3.69;676;11;508.00;13
901;11;628290062;901;281;1576;1589;7.23;0.44;166.53;3.69;675;11;509.00;13
904;11;628290071;904;273;1581;1589;7.26;0.45;166.95;3.69;677;11;510.00;8
908;11;628290078;908;269;1581;1589;7.19;0.44;166.99;3.69;673;11;511.00;8
912;11;628290086;912;261;1586;1590;7.21;0.44;166.96;3.71;674;11;512.00;4
915;11;628290094;915;257;1590;1591;7.22;0.44;167.74;3.71;675;11;513.00;1
916;11;628290102;916;255;1591;1591;7.22;0.44;167.98;3.71;675;11;514.00;0
920;11;628290111;920;254;1595;1595;7.14;0.44;168.04;3.71;675;11;515.00;0
922;11;628290119;922;262;1595;1595;7.16;0.44;168.52;3.71;673;11;516.00;0
926;11;628290127;926;260;1595;1595;7.17;0.44;168.98;3.71;669;11;517.00;0
928;11;628290135;928;259;1595;1595;7.25;0.45;169.11;3.71;667;11;518.00;0
930;11;628290143;930;263;1600;1601;7.35;0.45;169.32;3.70;670;11;519.00;1
934;11;628290151;934;264;1600;1601;7.39;0.45;169.79;3.70;666;11;520.00;1
934;11;628290159;934;266;1601;1601;7.43;0.46;169.79;3.70;667;11;521.00;0
939;11;628290167;939;262;1603;1604;7.44;0.46;170.58;3.69;664;11;522.00;1
944;11;628290175;944;247;1604;1604;7.42;0.45;170.85;3.69;660;11;523.00;0
944;11;628290184;944;235;1604;1604;7.53;0.46;170.85;3.69;660;11;524.00;0
947;11;628290193;947;226;1605;1605;7.63;0.47;171.39;3.69;658;11;525.00;0
951;11;628290201;951;221;1606;1606;7.68;0.47;172.02;3.69;655;11;526.00;0
956;11;628290210;956;217;1606;1606;7.83;0.48;171.91;3.69;650;11;527.00;0
960;11;628290219;960;217;1618;1619;7.98;0.49;172.16;3.66;658;11;528.00;1
964;11;628290230;964;210;1618;1619;8.06;0.49;172.54;3.66;654;11;529.00;1
969;11;628290251;969;208;1619;1619;8.15;0.50;172.75;3.66;650;11;530.00;0
974;11;628290261;974;202;1620;1620;8.23;0.50;172.78;3.66;646;11;531.00;0
977;11;628290270;977;198;1620;1620;8.26;0.50;173.07;3.66;643;11;532.00;0
979;11;628290285;979;192;1623;1624;8.32;0.51;173.51;3.65;644;11;533.00;1
982;11;628290295;982;187;1623;1624;8.30;0.51;173.94;3.65;641;11;534.00;1
984;11;628290304;984;183;1628;1628;8.33;0.51;173.99;3.65;644;11;535.00;0
988;11;628290314;988;175;1628;1628;8.37;0.51;173.83;3.65;640;11;536.00;0
993;11;628290323;993;176;1628;1628;8.34;0.51;173.95;3.65;635;11;537.00;0
995;11;628290333;995;176;1628;1628;8.36;0.51;174.24;3.65;633;11;538.00;0
999;11;628290342;999;180;1628;1628;8.45;0.52;174.62;3.65;629;11;539.00;0
1004;11;628290359;1004;193;1657;1662;8.55;0.52;174.87;3.58;653;11;540.00;5
1007;11;628290371;1007;188;1657;1662;8.59;0.52;174.73;3.58;650;11;541.00;5
1010;11;628290380;1010;187;1659;1662;8.66;0.53;174.67;3.58;649;11;542.00;3
1011;11;628290390;1011;187;1659;1662;8.77;0.54;174.61;3.58;648;11;543.00;3
1012;11;628290399;1012;189;1660;1662;8.86;0.54;174.54;3.58;648;11;544.00;2
1014;11;628290409;1014;188;1660;1662;8.89;0.54;174.37;3.58;646;11;545.00;2
1016;11;628290418;1016;191;1662;1663;8.87;0.54;174.15;3.58;646;11;546.00;1
1018;11;628290427;1018;188;1662;1663;8.90;0.54;174.38;3.58;644;11;547.00;1
1021;11;628290437;1021;194;1667;1669;8.90;0.54;174.54;3.58;646;11;548.00;2
1023;11;628290447;1023;200;1668;1670;8.90;0.54;174.68;3.57;645;11;549.00;2
1024;11;628290457;1024;196;1669;1670;8.98;0.55;174.67;3.57;645;11;550.00;1
1026;11;628290465;1026;197;1669;1670;9.05;0.55;174.56;3.57;643;11;551.00;1
1028;11;628290476;1028;194;1674;1674;9.18;0.56;174.78;3.57;646;11;552.00;0
1030;11;628290486;1030;198;1674;1674;9.24;0.56;174.72;3.57;644;11;553.00;0
1032;11;628290495;1032;200;1674;1674;9.26;0.57;175.02;3.57;642;11;554.00;0
1035;11;628290504;1035;201;1675;1675;9.34;0.57;175.32;3.56;640;11;555.00;0
1038;11;628290514;1038;201;1679;1679;9.46;0.58;175.49;3.56;641;11;556.00;0
1041;11;628290524;1041;185;1679;1679;9.56;0.58;175.66;3.56;638;11;557.00;0
1045;11;628290535;1045;180;1681;1682;9.63;0.59;176.00;3.55;636;11;558.00;1
1046;11;628290546;1046;176;1681;1682;9.74;0.59;176.26;3.55;635;11;559.00;1
1048;11;628290556;1048;171;1682;1682;9.83;0.60;176.33;3.55;634;11;560.00;0
1052;11;628290569;1052;173;1682;1682;9.90;0.60;176.93;3.55;630;11;561.00;0
1055;11;628290584;1055;173;1685;1686;10.07;0.61;177.46;3.55;630;11;562.00;1
1058;11;628290596;1058;164;1685;1686;10.24;0.62;177.60;3.55;627;11;563.00;1
1060;11;628290607;1060;162;1686;1686;10.32;0.63;177.70;3.55;626;11;564.00;0
1065;11;628290619;1065;159;1686;1686;10.44;0.63;177.97;3.55;621;11;565.00;0
1068;11;628290630;1068;141;1687;1687;10.56;0.64;178.26;3.55;619;11;566.00;0
1069;11;628290641;1069;127;1688;1688;10.71;0.65;178.39;3.55;619;11;567.00;0
1071;11;628290651;1071;118;1688;1688;10.87;0.66;178.36;3.55;617;11;568.00;0
1072;11;628290661;1072;114;1689;1689;11.01;0.67;178.58;3.54;617;11;569.00;0
1074;11;628290674;1074;106;1689;1689;11.16;0.68;178.96;3.54;615;11;570.00;0
1076;11;628290684;1076;103;1689;1689;11.33;0.69;179.27;3.54;613;11;571.00;0
1077;11;628290695;1077;98;1689;1689;11.52;0.70;179.36;3.54;612;11;572.00;0
1081;11;628290705;1081;94;1689;1689;11.63;0.71;179.53;3.54;608;11;573.00;0
1085;11;628290715;1085;95;1689;1689;11.73;0.71;179.62;3.54;604;11;574.00;0
1088;11;628290726;1088;92;1689;1689;11.90;0.72;179.51;3.54;601;11;575.00;0
1092;11;628290735;1092;120;1771;1816;11.61;0.71;179.90;3.38;679;11;576.00;45
1096;11;628290755;1096;104;1774;1817;11.64;0.71;180.24;3.38;678;11;577.00;43
1097;11;628290772;1097;95;1780;1817;11.79;0.72;180.27;3.37;683;11;578.00;37
1100;11;628290783;1100;85;1785;1817;11.90;0.73;181.00;3.37;685;11;579.00;32
1104;11;628290793;1104;85;1789;1817;12.02;0.74;181.35;3.37;685;11;580.00;28
1108;11;628290804;1108;90;1792;1817;12.07;0.74;181.67;3.38;684;11;581.00;25
1111;11;628290814;1111;85;1795;1817;12.03;0.74;181.97;3.38;684;11;582.00;22
1113;11;628290825;1113;93;1797;1817;11.99;0.73;182.11;3.38;684;11;583.00;20
1114;11;628290836;1114;95;1801;1818;12.01;0.73;182.26;3.39;687;11;584.00;17
1117;11;628290846;1117;97;1806;1820;11.99;0.73;182.47;3.40;689;11;585.00;14
1119;11;628290856;1119;108;1808;1820;11.98;0.73;182.70;3.41;689;11;586.00;12
1121;11;628290867;1121;107;1810;1821;11.98;0.73;182.94;3.41;689;11;587.00;11
1124;11;628290877;1124;114;1812;1821;12.09;0.74;183.53;3.42;688;11;588.00;9
1127;11;628290888;1127;116;1813;1821;12.17;0.75;183.73;3.43;686;11;589.00;8
1130;11;628290898;1130;118;1815;1821;12.27;0.75;184.11;3.44;685;11;590.00;6
1132;11;628290915;1132;121;1818;1825;12.30;0.75;184.25;3.44;686;11;591.00;7
1135;11;628290931;1135;124;1820;1825;12.28;0.75;184.21;3.45;685;11;592.00;5
1136;12;628290942;1136;122;1821;1825;12.32;0.75;184.19;3.46;685;12;593.00;4
1138;13;628290958;1138;126;1824;1828;12.44;0.76;184.15;3.46;686;13;594.00;4
1140;13;628290982;1140;125;1824;1828;12.46;0.76;184.36;3.46;684;13;595.00;4
1144;13;628290993;1144;125;1825;1828;12.55;0.77;184.26;3.46;681;13;596.00;3
1148;13;628291003;1148;125;1830;1832;12.55;0.77;184.61;3.46;682;13;597.00;2
1152;13;628291019;1152;126;1831;1833;12.65;0.77;184.71;3.46;679;13;598.00;2
1157;13;628291030;1157;127;1832;1833;12.75;0.78;185.03;3.46;675;13;599.00;1
1159;13;628291043;1159;136;1843;1859;12.68;0.77;185.00;3.44;684;13;600.00;16
1164;13;628291061;1164;131;1843;1859;12.76;0.78;185.04;3.44;679;13;601.00;16
1167;13;628291072;1167;132;1844;1859;12.78;0.78;185.19;3.44;677;13;602.00;15
1170;13;628291087;1170;133;1845;1860;12.83;0.78;185.12;3.44;675;13;603.00;15
1172;13;628291097;1172;133;1846;1860;12.81;0.78;185.22;3.44;674;13;604.00;14
1174;13;628291107;1174;132;1849;1866;12.76;0.78;185.24;3.43;675;13;605.00;17
1178;13;628291118;1178;133;1851;1866;12.75;0.77;185.38;3.43;673;13;606.00;15
1180;13;628291128;1180;132;1852;1867;12.73;0.77;185.72;3.44;672;13;607.00;15
1184;13;628291138;1184;135;1852;1867;12.71;0.77;185.99;3.44;668;13;608.00;15
1189;13;628291147;1189;133;1854;1867;12.62;0.77;186.43;3.44;665;13;609.00;13
1193;13;628291156;1193;131;1854;1867;12.65;0.77;186.54;3.44;661;13;610.00;13
1201;13;628291166;1201;129;1854;1867;12.60;0.76;186.67;3.44;653;13;611.00;13
1206;13;628291175;1206;125;1865;1879;12.58;0.76;186.72;3.43;659;13;612.00;14
1208;13;628291185;1208;119;1865;1879;12.59;0.76;186.96;3.43;657;13;613.00;14
1211;13;628291199;1211;116;1866;1879;12.66;0.77;187.10;3.43;655;13;614.00;13
1213;13;628291214;1213;111;1867;1879;12.66;0.76;186.91;3.44;654;13;615.00;12
1214;13;628291223;1214;109;1868;1879;12.72;0.77;186.91;3.44;654;13;616.00;11
1216;13;628291232;1216;104;1868;1879;12.82;0.78;187.11;3.44;652;13;617.00;11
1221;13;628291241;1221;100;1872;1883;12.84;0.78;187.52;3.44;651;13;618.00;11
1222;13;628291251;1222;97;1872;1883;12.93;0.78;187.46;3.44;650;13;619.00;11
1225;13;628291265;1225;95;1875;1887;13.11;0.79;187.58;3.44;650;13;620.00;12
1226;13;628291275;1226;89;1877;1888;13.19;0.80;187.76;3.44;651;13;621.00;11
1228;13;628291285;1228;87;1877;1888;13.25;0.80;187.79;3.44;649;13;622.00;11
1232;13;628291300;1232;90;1877;1888;13.28;0.80;187.77;3.44;645;13;623.00;11
1235;13;628291309;1235;92;1886;1901;13.24;0.80;187.95;3.43;651;13;624.00;15
1237;13;628291319;1237;94;1886;1901;13.27;0.80;187.84;3.43;649;13;625.00;15
1239;13;628291329;1239;95;1886;1901;13.23;0.80;188.08;3.43;647;13;626.00;15
1240;13;628291338;1240;97;1888;1902;13.19;0.80;188.10;3.46;648;13;627.00;14
1242;13;628291348;1242;99;1888;1903;13.10;0.79;188.40;3.46;646;13;628.00;15
1244;13;628291357;1244;104;1888;1903;12.97;0.79;188.41;3.46;644;13;629.00;15
1245;13;628291373;1245;111;1893;1909;12.79;0.78;188.67;3.47;648;13;630.00;16
1248;13;628291382;1248;115;1895;1909;12.63;0.77;188.37;3.49;647;13;631.00;14
1250;13;628291392;1250;116;1897;1909;12.50;0.76;188.67;3.49;647;13;632.00;12
1253;13;628291400;1253;120;1897;1909;12.42;0.76;188.48;3.49;644;13;633.00;12
1258;13;628291410;1258;126;1901;1915;12.36;0.75;188.47;3.49;643;13;634.00;14
1260;13;628291420;1260;132;1901;1915;12.30;0.75;188.49;3.49;641;13;635.00;14
1261;13;628291429;1261;132;1902;1915;12.26;0.75;188.46;3.49;641;13;636.00;13
1264;13;628291440;1264;133;1903;1915;12.19;0.74;188.59;3.50;639;13;637.00;12
1265;13;628291449;1265;137;1907;1919;12.11;0.74;188.54;3.50;642;13;638.00;12
1266;13;628291459;1266;143;1909;1920;11.95;0.73;188.67;3.51;643;13;639.00;11
1268;13;628291470;1268;147;1910;1920;11.79;0.72;188.51;3.53;642;13;640.00;10
1270;13;628291479;1270;158;1911;1921;11.63;0.71;188.71;3.53;641;13;641.00;10
1272;13;628291489;1272;163;1912;1921;11.42;0.69;188.73;3.54;640;13;642.00;9
1275;13;628291499;1275;169;1914;1921;11.21;0.68;188.52;3.57;639;13;643.00;7
1277;13;628291509;1277;177;1915;1921;11.04;0.67;188.61;3.57;638;13;644.00;6
1279;13;628291520;1279;187;1916;1921;10.82;0.66;188.54;3.58;637;13;645.00;5
1279;13;628291530;1279;195;1916;1921;10.58;0.65;188.54;3.58;637;13;646.00;5
1280;13;628291539;1280;204;1917;1921;10.33;0.63;188.52;3.58;637;13;647.00;4
1281;13;628291547;1281;218;1952;1991;10.27;0.63;188.54;3.53;671;13;648.00;39
1284;13;628291561;1284;222;1955;1992;10.01;0.62;188.42;3.56;671;13;649.00;37
1285;13;628291569;1285;220;1964;1992;9.94;0.61;188.55;3.55;679;13;650.00;28
1288;13;628291582;1288;224;1974;1992;9.77;0.60;188.32;3.56;686;13;651.00;18
1291;13;628291597;1291;225;1979;1992;9.56;0.59;188.11;3.56;688;13;652.00;13
1294;13;628291610;1294;229;1981;1992;9.44;0.58;188.06;3.57;687;13;653.00;11
1295;13;628291622;1295;235;1986;1992;9.36;0.58;187.98;3.57;691;13;654.00;6
1296;13;628291637;1296;241;1989;1992;9.25;0.57;187.98;3.58;693;13;655.00;3
1298;13;628291647;1298;243;1992;1993;9.13;0.56;187.76;3.58;694;13;656.00;1
1300;13;628291661;1300;251;1993;1994;9.00;0.55;187.81;3.58;693;13;657.00;1
1303;13;628291672;1303;260;1994;1994;8.80;0.54;187.78;3.58;691;13;658.00;0
1304;13;628291686;1304;265;1998;1998;8.60;0.53;187.64;3.58;694;13;659.00;0
1308;13;628291700;1308;270;1998;1998;8.38;0.51;187.72;3.58;690;13;660.00;0
1309;13;628291710;1309;268;1998;1998;8.23;0.50;187.64;3.58;689;13;661.00;0
1311;13;628291720;1311;271;1998;1998;8.08;0.49;187.61;3.58;687;13;662.00;0
1312;13;628291728;1312;271;2003;2004;8.05;0.49;187.56;3.57;691;13;663.00;1
1314;13;628291739;1314;268;2004;2004;7.94;0.49;187.57;3.57;690;13;664.00;0
1314;13;628291749;1314;274;2004;2004;7.91;0.49;187.57;3.57;690;13;665.00;0
1315;13;628291757;1315;281;2007;2007;7.92;0.49;187.55;3.56;692;13;666.00;0
1317;13;628291766;1317;282;2007;2007;7.86;0.48;187.47;3.56;690;13;667.00;0
1318;14;628291782;1318;283;2007;2007;7.77;0.48;187.41;3.56;689;14;668.00;0
1318;14;628291803;1318;283;2008;2008;7.64;0.47;187.41;3.56;690;14;669.00;0
1322;14;628291818;1322;288;2009;2009;7.58;0.46;187.21;3.56;687;14;670.00;0
1325;14;628291826;1325;291;2009;2009;7.52;0.46;187.12;3.56;684;14;671.00;0
1326;14;628291834;1326;299;2022;2022;7.47;0.46;186.99;3.54;696;14;672.00;0
1329;14;628291844;1329;299;2022;2022;7.39;0.45;186.90;3.54;693;14;673.00;0
1333;14;628291852;1333;301;2022;2022;7.33;0.45;186.88;3.54;689;14;674.00;0
1338;14;628291860;1338;291;2024;2024;7.22;0.44;186.94;3.54;686;14;675.00;0
1342;14;628291868;1342;281;2024;2024;7.17;0.44;186.92;3.54;682;14;676.00;0
1345;14;628291876;1345;274;2027;2028;7.15;0.44;187.24;3.53;682;14;677.00;1
1348;14;628291885;1348;266;2028;2028;7.09;0.43;187.26;3.53;680;14;678.00;0
1352;14;628291893;1352;265;2032;2032;7.05;0.43;187.50;3.53;680;14;679.00;0
1356;14;628291901;1356;254;2032;2032;7.09;0.43;187.33;3.53;676;14;680.00;0
1359;14;628291914;1359;244;2032;2032;7.14;0.44;187.66;3.53;673;14;681.00;0
1360;14;628291922;1360;233;2032;2032;7.30;0.45;187.81;3.53;672;14;682.00;0
1364;14;628291930;1364;223;2032;2032;7.38;0.45;188.27;3.53;668;14;683.00;0
1366;14;628291944;1366;214;2043;2044;7.59;0.47;188.47;3.51;677;14;684.00;1
1369;14;628291959;1369;208;2044;2044;7.64;0.47;188.73;3.51;675;14;685.00;0
1373;14;628291969;1373;200;2044;2044;7.70;0.47;189.02;3.51;671;14;686.00;0
1373;14;628291978;1373;196;2044;2044;7.88;0.48;189.02;3.51;671;14;687.00;0
1376;14;628291986;1376;185;2044;2044;7.99;0.49;189.42;3.51;668;14;688.00;0
1378;14;628292002;1378;181;2044;2044;8.11;0.50;189.72;3.51;666;14;689.00;0
1379;14;628292013;1379;175;2045;2045;8.24;0.51;189.73;3.50;666;14;690.00;0
1382;14;628292021;1382;170;2045;2045;8.40;0.52;190.14;3.50;663;14;691.00;0
1386;14;628292031;1386;166;2050;2051;8.61;0.53;190.34;3.50;664;14;692.00;1
1388;14;628292041;1388;159;2051;2052;8.74;0.54;190.47;3.50;663;14;693.00;1
1392;14;628292050;1392;156;2052;2052;8.86;0.55;190.68;3.50;660;14;694.00;0
1394;14;628292059;1394;158;2052;2052;8.96;0.55;190.76;3.50;658;14;695.00;0
1402;14;628292069;1402;158;2056;2056;9.04;0.55;190.83;3.49;654;14;696.00;0
1404;14;628292079;1404;158;2056;2056;9.19;0.56;190.68;3.49;652;14;697.00;0
1412;14;628292089;1412;156;2056;2056;9.26;0.57;190.96;3.49;644;14;698.00;0
1417;14;628292098;1417;153;2057;2057;9.32;0.57;191.01;3.49;640;14;699.00;0
1422;14;628292109;1422;155;2061;2061;9.33;0.57;191.29;3.48;639;14;700.00;0
1426;14;628292123;1426;150;2061;2061;9.36;0.57;191.42;3.48;635;14;701.00;0
1431;14;628292139;1431;143;2063;2064;9.38;0.57;191.51;3.48;632;14;702.00;1
1437;14;628292150;1437;142;2063;2064;9.41;0.57;191.61;3.48;626;14;703.00;1
1444;14;628292160;1444;141;2064;2064;9.47;0.58;191.74;3.48;620;14;704.00;0
1446;14;628292170;1446;141;2064;2064;9.53;0.58;191.70;3.48;618;14;705.00;0
1451;14;628292179;1451;136;2067;2068;9.60;0.58;192.01;3.48;616;14;706.00;1
1456;14;628292189;1456;133;2067;2068;9.62;0.58;192.39;3.48;611;14;707.00;1
1465;14;628292199;1465;133;2068;2068;9.56;0.58;192.71;3.48;603;14;708.00;0
1468;14;628292209;1468;137;2068;2068;9.65;0.59;192.69;3.48;600;14;709.00;0
1473;14;628292219;1473;130;2069;2069;9.68;0.59;192.78;3.47;596;14;710.00;0
1478;14;628292229;1478;131;2070;2070;9.76;0.59;192.99;3.47;592;14;711.00;0
1485;14;628292239;1485;137;2070;2070;9.74;0.59;193.30;3.47;585;14;712.00;0
1489;14;628292255;1489;135;2071;2071;9.88;0.60;193.38;3.47;582;14;713.00;0
1493;14;628292265;1493;139;2071;2071;9.96;0.60;193.76;3.47;578;14;714.00;0
1498;14;628292275;1498;137;2071;2071;9.96;0.60;193.91;3.47;573;14;715.00;0
1501;14;628292285;1501;140;2071;2071;10.06;0.61;193.90;3.47;570;14;716.00;0
1503;14;628292296;1503;141;2071;2071;10.11;0.61;194.31;3.47;568;14;717.00;0
1505;14;628292305;1505;143;2071;2071;10.16;0.61;194.38;3.47;566;14;718.00;0
1507;14;628292315;1507;142;2071;2071;10.18;0.61;194.69;3.47;564;14;719.00;0
1509;14;628292326;1509;183;2195;2301;9.89;0.62;194.93;3.28;686;14;720.00;106
1511;14;628292355;1511;177;2202;2302;9.92;0.62;195.28;3.27;691;14;721.00;100
1512;14;628292367;1512;155;2213;2302;10.10;0.63;195.32;3.26;701;14;722.00;89
1514;14;628292377;1514;156;2222;2302;10.15;0.63;195.45;3.26;708;14;723.00;80
1517;14;628292388;1517;159;2227;2302;10.17;0.63;195.55;3.26;710;14;724.00;75
1520;14;628292398;1520;160;2235;2302;10.10;0.63;195.90;3.27;715;14;725.00;67
1522;14;628292410;1522;162;2241;2302;9.99;0.62;195.99;3.28;719;14;726.00;61
1523;14;628292420;1523;155;2245;2302;9.93;0.61;196.09;3.28;722;14;727.00;57
1523;14;628292431;1523;161;2250;2303;9.95;0.62;196.09;3.29;727;14;728.00;53
1525;14;628292442;1525;160;2253;2304;9.92;0.61;196.20;3.30;728;14;729.00;51
1528;14;628292454;1528;162;2258;2304;9.85;0.61;196.51;3.32;730;14;730.00;46
1533;14;628292465;1533;169;2264;2305;9.80;0.60;196.54;3.33;731;14;731.00;41
1536;14;628292478;1536;170;2268;2305;9.70;0.60;196.59;3.34;732;14;732.00;37
1538;14;628292489;1538;178;2270;2305;9.66;0.59;196.82;3.35;732;14;733.00;35
1540;14;628292501;1540;183;2273;2305;9.61;0.59;196.84;3.37;733;14;734.00;32
1541;14;628292512;1541;189;2277;2309;9.60;0.59;196.95;3.38;736;14;735.00;32
1545;14;628292530;1545;182;2279;2309;9.59;0.59;197.28;3.39;734;14;736.00;30
1548;14;628292541;1548;173;2280;2309;9.66;0.59;197.45;3.39;732;14;737.00;29
1548;14;628292553;1548;172;2281;2312;9.74;0.60;197.45;3.39;733;14;738.00;31
1552;14;628292565;1552;163;2283;2312;9.79;0.60;197.54;3.40;731;14;739.00;29
1554;14;628292578;1554;158;2283;2312;9.92;0.61;197.82;3.40;729;14;740.00;29
1556;14;628292591;1556;158;2287;2316;10.04;0.62;197.68;3.40;731;14;741.00;29
1558;14;628292603;1558;157;2291;2317;10.19;0.63;198.00;3.42;733;14;742.00;26
1561;14;628292622;1561;158;2291;2317;10.39;0.64;198.19;3.42;730;14;743.00;26
1565;14;628292634;1565;160;2296;2321;10.54;0.65;198.32;3.42;731;14;744.00;25
1571;14;628292646;1571;161;2297;2321;10.67;0.65;198.69;3.43;726;14;745.00;24
1574;14;628292657;1574;157;2298;2321;10.87;0.67;198.96;3.44;724;14;746.00;23
1575;15;628292668;1575;154;2299;2322;11.05;0.68;199.11;3.44;724;15;747.00;23
1582;15;628292694;1582;153;2299;2322;11.10;0.68;199.09;3.44;717;15;748.00;23
1584;15;628292711;1584;152;2305;2328;11.10;0.68;199.32;3.45;721;15;749.00;23
1585;15;628292724;1585;150;2305;2328;11.24;0.69;199.32;3.45;720;15;750.00;23
1589;15;628292735;1589;153;2306;2329;11.30;0.69;199.74;3.45;717;15;751.00;23
1591;15;628292746;1591;150;2307;2329;11.36;0.70;199.97;3.46;716;15;752.00;22
1596;15;628292757;1596;150;2307;2329;11.49;0.70;200.14;3.46;711;15;753.00;22
1599;15;628292773;1599;153;2307;2329;11.53;0.70;200.08;3.46;708;15;754.00;22
1605;15;628292785;1605;153;2308;2329;11.56;0.71;200.38;3.47;703;15;755.00;21
1609;15;628292795;1609;153;2319;2341;11.61;0.71;200.53;3.46;710;15;756.00;22
1610;15;628292812;1610;154;2320;2341;11.62;0.71;200.69;3.47;710;15;757.00;21
1614;15;628292822;1614;151;2322;2341;11.66;0.71;200.63;3.47;708;15;758.00;19
1616;15;628292840;1616;156;2323;2341;11.62;0.71;200.87;3.47;707;15;759.00;18
1620;15;628292850;1620;155;2323;2341;11.68;0.71;200.82;3.47;703;15;760.00;18
1623;15;628292866;1623;154;2324;2341;11.76;0.71;201.08;3.48;701;15;761.00;17
1626;15;628292877;1626;155;2327;2345;11.82;0.72;201.19;3.47;701;15;762.00;18
1628;15;628292887;1628;155;2327;2345;11.85;0.72;201.34;3.47;699;15;763.00;18
1630;15;628292897;1630;158;2330;2349;11.92;0.72;201.34;3.47;700;15;764.00;19
1631;15;628292908;1631;163;2333;2351;11.91;0.72;201.38;3.47;702;15;765.00;18
1633;15;628292923;1633;164;2333;2351;11.85;0.72;201.44;3.47;700;15;766.00;18
1640;15;628292939;1640;168;2333;2351;11.81;0.72;201.39;3.47;693;15;767.00;18
1641;15;628292949;1641;168;2343;2364;11.78;0.72;201.38;3.45;702;15;768.00;21
1645;15;628292960;1645;170;2343;2364;11.75;0.71;201.49;3.45;698;15;769.00;21
1647;15;628292970;1647;170;2343;2364;11.80;0.72;201.51;3.45;696;15;770.00;21
1647;15;628292980;1647;171;2344;2365;11.85;0.72;201.51;3.45;697;15;771.00;21
1648;15;628292989;1648;168;2345;2366;11.89;0.73;201.48;3.47;697;15;772.00;21
1649;15;628292999;1649;164;2345;2366;11.95;0.73;201.43;3.47;696;15;773.00;21
1654;15;628293008;1654;161;2347;2369;12.02;0.73;201.66;3.47;693;15;774.00;22
1656;15;628293018;1656;157;2347;2369;12.00;0.73;201.64;3.47;691;15;775.00;22
1660;15;628293028;1660;157;2348;2369;12.06;0.74;201.77;3.47;688;15;776.00;21
1665;15;628293037;1665;159;2348;2369;12.01;0.73;201.63;3.47;683;15;777.00;21
1670;15;628293046;1670;161;2352;2375;11.95;0.73;201.46;3.46;682;15;778.00;23
1671;15;628293056;1671;162;2352;2375;11.92;0.73;201.46;3.46;681;15;779.00;23
1675;15;628293066;1675;161;2353;2375;11.81;0.72;201.78;3.46;678;15;780.00;22
1678;15;628293076;1678;151;2353;2375;11.73;0.71;201.82;3.46;675;15;781.00;22
1682;15;628293086;1682;146;2356;2379;11.68;0.71;201.99;3.46;674;15;782.00;23
1687;15;628293096;1687;143;2357;2380;11.65;0.71;202.23;3.46;670;15;783.00;23
1692;15;628293105;1692;139;2357;2380;11.67;0.71;202.22;3.46;665;15;784.00;23
1695;15;628293115;1695;136;2360;2381;11.63;0.71;202.22;3.47;665;15;785.00;21
1698;15;628293125;1698;134;2361;2381;11.66;0.71;202.03;3.50;663;15;786.00;20
1702;15;628293134;1702;133;2361;2381;11.71;0.71;201.98;3.50;659;15;787.00;20
1704;15;628293144;1704;135;2361;2381;11.75;0.71;201.92;3.50;657;15;788.00;20
1707;15;628293153;1707;131;2362;2381;11.81;0.72;202.04;3.53;655;15;789.00;19
1709;15;628293163;1709;126;2362;2381;11.85;0.72;202.24;3.53;653;15;790.00;19
1712;15;628293172;1712;127;2362;2381;11.94;0.72;202.11;3.53;650;15;791.00;19
1714;15;628293181;1714;130;2393;2451;11.93;0.73;202.09;3.51;679;15;792.00;58
1716;15;628293196;1716;130;2393;2452;11.93;0.73;201.98;3.51;677;15;793.00;59
1717;15;628293205;1717;130;2400;2452;11.94;0.73;201.91;3.51;683;15;794.00;52
1718;15;628293215;1718;133;2402;2452;11.88;0.72;201.83;3.53;684;15;795.00;50
1721;15;628293224;1721;135;2404;2452;11.91;0.72;201.74;3.54;683;15;796.00;48
1722;15;628293233;1722;135;2410;2452;11.94;0.73;201.75;3.57;688;15;797.00;42
1722;15;628293243;1722;140;2411;2452;11.98;0.73;201.75;3.57;689;15;798.00;41
1723;15;628293258;1723;146;2415;2452;11.97;0.73;201.76;3.58;692;15;799.00;37
1726;15;628293268;1726;148;2419;2453;11.86;0.72;201.63;3.61;693;15;800.00;34
1730;15;628293282;1730;149;2425;2454;11.72;0.71;201.48;3.62;695;15;801.00;29
1732;15;628293292;1732;156;2428;2454;11.62;0.71;201.37;3.63;696;15;802.00;26
1734;15;628293302;1734;162;2433;2458;11.46;0.70;201.26;3.66;699;15;803.00;25
1736;15;628293318;1736;164;2434;2458;11.18;0.68;201.13;3.66;698;15;804.00;24
1740;15;628293328;1740;168;2436;2458;10.93;0.66;200.97;3.70;696;15;805.00;22
1741;15;628293338;1741;180;2437;2458;10.71;0.65;200.90;3.70;696;15;806.00;21
1743;15;628293347;1743;189;2440;2464;10.57;0.64;200.81;3.70;697;15;807.00;24
1744;15;628293357;1744;196;2443;2464;10.44;0.64;200.73;3.73;699;15;808.00;21
1748;15;628293367;1748;208;2443;2464;10.31;0.63;200.56;3.73;695;15;809.00;21
1749;15;628293378;1749;212;2448;2470;10.23;0.62;200.55;3.74;699;15;810.00;22
1752;15;628293389;1752;219;2449;2470;10.10;0.61;200.40;3.78;697;15;811.00;21
1755;15;628293398;1755;222;2450;2470;9.92;0.60;200.33;3.78;695;15;812.00;20
1755;15;628293407;1755;227;2455;2471;9.70;0.59;200.33;3.88;700;15;813.00;16
1757;15;628293416;1757;234;2457;2472;9.51;0.58;200.23;3.89;700;15;814.00;15
1758;15;628293425;1758;238;2460;2472;9.33;0.57;200.27;3.92;702;15;815.00;12
1760;15;628293433;1760;246;2469;2485;9.18;0.56;200.14;3.91;709;15;816.00;16
1760;15;628293443;1760;255;2471;2485;9.05;0.55;200.14;3.93;711;15;817.00;14
1760;15;628293451;1760;261;2474;2485;8.89;0.54;200.14;3.95;714;15;818.00;11
1762;15;628293459;1762;267;2475;2486;8.72;0.53;199.94;3.95;713;15;819.00;11
1762;15;628293468;1762;276;2478;2486;8.56;0.53;199.94;3.95;716;15;820.00;8
1765;15;628293476;1765;286;2481;2490;8.45;0.52;200.22;3.95;716;15;821.00;9
1767;15;628293486;1767;294;2482;2490;8.31;0.51;200.11;3.95;715;15;822.00;8
1771;15;628293494;1771;303;2487;2494;8.21;0.50;200.06;3.95;716;15;823.00;7
1772;15;628293503;1772;308;2487;2494;8.12;0.50;200.08;3.95;715;15;824.00;7
1774;15;628293511;1774;315;2488;2494;7.98;0.49;199.98;3.95;714;15;825.00;6
1779;15;628293520;1779;323;2488;2494;7.77;0.48;199.77;3.95;709;15;826.00;6
1779;15;628293528;1779;317;2489;2494;7.63;0.47;199.77;3.95;710;15;827.00;5
1780;15;628293537;1780;310;2499;2506;7.59;0.47;199.80;3.93;719;15;828.00;7
1784;15;628293546;1784;302;2500;2506;7.47;0.46;199.71;3.93;716;15;829.00;6
1784;15;628293554;1784;295;2501;2506;7.51;0.46;199.71;3.93;717;15;830.00;5
1784;15;628293563;1784;288;2501;2506;7.52;0.46;199.71;3.93;717;15;831.00;5
1787;15;628293571;1787;280;2501;2506;7.50;0.46;199.66;3.93;714;15;832.00;5
1788;15;628293585;1788;274;2501;2506;7.49;0.46;199.63;3.93;713;15;833.00;5
1789;15;628293598;1789;273;2502;2507;7.55;0.46;199.59;3.93;713;15;834.00;5
1789;15;628293613;1789;269;2502;2507;7.68;0.47;199.59;3.93;713;15;835.00;5
1791;15;628293639;1791;268;2507;2513;7.85;0.48;199.49;3.93;716;15;836.00;6
1791;15;628293664;1791;269;2509;2514;8.00;0.49;199.49;3.92;718;15;837.00;5
1793;15;628293676;1793;263;2509;2514;8.10;0.50;199.39;3.92;716;15;838.00;5
1795;15;628293690;1795;258;2509;2514;8.19;0.50;199.27;3.92;714;15;839.00;5
1795;15;628293705;1795;258;2514;2519;8.31;0.51;199.27;3.92;719;15;840.00;5
1797;15;628293718;1797;256;2514;2519;8.36;0.51;199.42;3.92;717;15;841.00;5
1800;15;628293729;1800;256;2514;2519;8.40;0.51;199.46;3.92;714;15;842.00;5
1801;15;628293739;1801;253;2515;2520;8.45;0.52;199.53;3.91;714;15;843.00;5
1803;15;628293750;1803;247;2519;2524;8.48;0.52;199.77;3.91;716;15;844.00;5
1805;15;628293763;1805;244;2519;2524;8.50;0.52;199.72;3.91;714;15;845.00;5
1809;15;628293773;1809;244;2521;2527;8.48;0.52;199.76;3.91;712;15;846.00;6
1810;15;628293783;1810;241;2522;2527;8.53;0.52;199.72;3.91;712;15;847.00;5
1815;15;628293793;1815;239;2522;2527;8.49;0.52;199.83;3.91;707;15;848.00;5
1818;15;628293802;1818;240;2522;2527;8.41;0.52;200.04;3.91;704;15;849.00;5
1821;15;628293813;1821;227;2525;2531;8.47;0.52;200.12;3.90;704;15;850.00;6
1829;15;628293824;1829;220;2525;2531;8.39;0.51;200.29;3.90;696;15;851.00;6
1830;15;628293835;1830;219;2526;2531;8.45;0.52;200.38;3.90;696;15;852.00;5
1836;15;628293844;1836;220;2526;2531;8.39;0.52;200.47;3.90;690;15;853.00;5
1840;15;628293854;1840;217;2527;2532;8.40;0.51;200.48;3.90;687;15;854.00;5
1843;15;628293863;1843;212;2529;2534;8.52;0.52;200.35;3.90;686;15;855.00;5
1846;15;628293872;1846;210;2529;2534;8.61;0.53;200.45;3.90;683;15;856.00;5
1849;15;628293881;1849;206;2530;2535;8.77;0.54;200.42;3.90;681;15;857.00;5
1853;15;628293891;1853;198;2530;2535;8.89;0.54;200.53;3.90;677;15;858.00;5
1857;15;628293901;1857;188;2530;2535;9.02;0.55;200.50;3.90;673;15;859.00;5
1859;15;628293910;1859;175;2530;2535;9.11;0.56;200.59;3.90;671;15;860.00;5
1864;15;628293919;1864;166;2530;2535;9.16;0.56;200.77;3.90;666;15;861.00;5
1869;15;628293929;1869;159;2531;2535;9.17;0.56;200.93;3.95;662;15;862.00;4
1877;15;628293939;1877;153;2531;2535;9.20;0.56;201.09;3.95;654;15;863.00;4
1880;15;628293949;1880;163;2610;2662;9.31;0.58;201.21;3.83;730;15;864.00;52
1883;15;628293969;1883;149;2614;2663;9.39;0.58;201.21;3.83;731;15;865.00;49
1889;15;628293979;1889;139;2621;2663;9.48;0.59;201.28;3.82;732;15;866.00;42
1891;15;628293990;1891;137;2625;2663;9.63;0.59;201.25;3.82;734;15;867.00;38
1896;15;628294000;1896;131;2631;2663;9.73;0.60;201.45;3.82;735;15;868.00;32
1901;15;628294010;1901;125;2635;2663;9.79;0.60;201.46;3.82;734;15;869.00;28
1904;15;628294022;1904;124;2640;2663;9.80;0.60;201.66;3.83;736;15;870.00;23
1907;15;628294032;1907;119;2641;2663;9.81;0.60;201.73;3.83;734;15;871.00;22
1910;15;628294043;1910;122;2645;2664;9.89;0.61;201.94;3.84;735;15;872.00;19
1914;15;628294054;1914;127;2647;2665;9.94;0.61;201.89;3.84;733;15;873.00;18
1920;15;628294066;1920;130;2649;2665;9.98;0.61;201.87;3.84;729;15;874.00;16
1925;15;628294077;1925;140;2651;2666;9.93;0.61;202.10;3.84;726;15;875.00;15
1928;15;628294088;1928;142;2653;2666;9.91;0.61;202.21;3.85;725;15;876.00;13
1934;15;628294099;1934;149;2655;2666;9.83;0.60;202.70;3.91;721;15;877.00;11
1940;15;628294111;1940;159;2656;2666;9.80;0.60;203.13;3.91;716;15;878.00;10
1945;15;628294122;1945;162;2660;2670;9.84;0.60;203.34;3.92;715;15;879.00;10
1949;15;628294134;1949;169;2661;2670;9.84;0.60;203.61;3.92;712;15;880.00;9
1953;15;628294152;1953;171;2663;2670;9.85;0.60;203.68;3.93;710;15;881.00;7
1957;15;628294164;1957;176;2665;2673;9.87;0.60;203.82;3.93;708;15;882.00;8
1960;15;628294180;1960;183;2666;2673;9.86;0.60;204.13;3.93;706;15;883.00;7
1966;15;628294192;1966;187;2667;2673;9.85;0.60;204.48;3.93;701;15;884.00;6
1968;15;628294203;1968;184;2671;2677;9.89;0.60;204.67;3.93;703;15;885.00;6
1974;15;628294215;1974;185;2673;2678;9.94;0.61;204.58;3.92;699;15;886.00;5
1979;15;628294227;1979;185;2673;2678;9.96;0.61;204.66;3.92;694;15;887.00;5
1982;15;628294238;1982;183;2677;2682;10.02;0.61;204.55;3.92;695;15;888.00;5
1986;15;628294250;1986;185;2677;2682;10.09;0.61;204.71;3.92;691;15;889.00;5
1988;15;628294261;1988;189;2678;2682;10.09;0.61;204.72;3.98;690;15;890.00;4
1991;15;628294272;1991;191;2679;2683;10.11;0.61;205.00;3.98;688;15;891.00;4
1994;15;628294284;1994;197;2679;2683;10.11;0.61;205.12;3.98;685;15;892.00;4
1998;16;628294308;1998;199;2684;2689;10.01;0.61;205.29;3.97;686;16;893.00;5
2000;16;628294334;2000;201;2684;2689;9.92;0.60;205.38;3.97;684;16;894.00;5
2005;16;628294346;2005;203;2686;2690;9.84;0.60;205.44;3.97;681;16;895.00;4
2009;16;628294358;2009;205;2686;2690;9.80;0.59;205.47;3.97;677;16;896.00;4
2011;16;628294369;2011;193;2686;2690;9.75;0.59;205.66;3.97;675;16;897.00;4
2014;17;628294381;2014;186;2686;2690;9.68;0.59;205.99;3.97;672;17;898.00;4
2015;17;628294402;2015;185;2686;2690;9.74;0.59;206.09;3.97;671;17;899.00;4
2018;17;628294417;2018;193;2714;2736;9.69;0.59;206.22;3.93;696;17;900.00;22
2022;17;628294438;2022;195;2714;2736;9.73;0.59;206.41;3.93;692;17;901.00;22
2024;17;628294455;2024;187;2717;2736;9.82;0.60;206.76;3.93;693;17;902.00;19
2026;17;628294466;2026;182;2717;2736;9.93;0.61;207.01;3.93;691;17;903.00;19
2029;17;628294478;2029;181;2718;2736;10.03;0.61;207.17;3.93;689;17;904.00;18
2032;17;628294489;2032;180;2718;2736;10.06;0.62;207.24;3.93;686;17;905.00;18
2034;17;628294500;2034;163;2724;2740;10.07;0.62;207.34;3.99;690;17;906.00;16
2036;17;628294512;2036;154;2726;2740;10.14;0.62;207.43;3.99;690;17;907.00;14
2039;17;628294524;2039;142;2729;2744;10.30;0.63;207.58;3.99;690;17;908.00;15
2043;17;628294543;2043;131;2731;2745;10.37;0.64;207.78;3.99;688;17;909.00;14
2045;17;628294563;2045;127;2731;2745;10.50;0.64;207.84;3.99;686;17;910.00;14
2047;17;628294576;2047;119;2731;2745;10.64;0.65;207.82;3.99;684;17;911.00;14
2050;17;628294588;2050;113;2742;2758;10.79;0.66;207.98;4.03;692;17;912.00;16
2052;17;628294600;2052;114;2742;2758;10.90;0.67;208.04;4.03;690;17;913.00;16
2054;17;628294613;2054;112;2742;2758;11.03;0.67;208.19;4.03;688;17;914.00;16
2056;17;628294625;2056;114;2744;2759;11.16;0.68;208.30;4.03;688;17;915.00;15
2059;17;628294635;2059;114;2745;2760;11.22;0.69;208.38;4.03;686;17;916.00;15
2062;17;628294647;2062;111;2745;2760;11.22;0.69;208.41;4.03;683;17;917.00;15
2066;17;628294658;2066;111;2748;2763;11.23;0.69;208.39;4.03;682;17;918.00;15
2071;17;628294670;2071;112;2748;2763;11.21;0.68;208.33;4.03;677;17;919.00;15
2074;17;628294681;2074;118;2748;2763;11.24;0.69;208.42;4.03;674;17;920.00;15
2079;17;628294691;2079;116;2749;2763;11.20;0.68;208.54;4.04;670;17;921.00;14
2083;17;628294702;2083;117;2752;2769;11.26;0.69;208.49;4.03;669;17;922.00;17
2084;17;628294712;2084;119;2752;2769;11.27;0.69;208.61;4.03;668;17;923.00;17
2088;17;628294723;2088;116;2754;2769;11.19;0.68;208.65;4.04;666;17;924.00;15
2091;17;628294734;2091;122;2754;2769;11.27;0.69;208.67;4.04;663;17;925.00;15
2098;17;628294744;2098;122;2758;2773;11.21;0.68;208.58;4.04;660;17;926.00;15
2100;17;628294759;2100;124;2760;2774;11.30;0.69;208.71;4.05;660;17;927.00;14
2103;17;628294769;2103;132;2760;2774;11.38;0.69;208.95;4.05;657;17;928.00;14
2106;17;628294779;2106;137;2763;2775;11.48;0.70;209.09;4.06;657;17;929.00;12
2109;17;628294791;2109;139;2763;2775;11.51;0.70;209.09;4.06;654;17;930.00;12
2111;17;628294800;2111;138;2764;2775;11.51;0.70;209.02;4.06;653;17;931.00;11
2114;17;628294815;2114;141;2765;2775;11.50;0.70;209.14;4.07;651;17;932.00;10
2114;17;628294825;2114;145;2766;2775;11.55;0.70;209.14;4.07;652;17;933.00;9
2119;17;628294839;2119;145;2767;2775;11.53;0.70;208.98;4.09;648;17;934.00;8
2119;17;628294849;2119;146;2767;2775;11.54;0.70;208.98;4.09;648;17;935.00;8
2119;17;628294859;2119;162;2806;2845;11.28;0.69;208.98;4.04;687;17;936.00;39
2121;18;628294873;2121;153;2807;2846;11.29;0.69;208.95;4.05;686;18;937.00;39
2126;18;628294889;2126;153;2814;2846;11.32;0.69;209.13;4.04;688;18;938.00;32
2126;19;628294899;2126;153;2818;2846;11.37;0.69;209.13;4.04;692;19;939.00;28
2130;19;628294919;2130;153;2821;2846;11.29;0.69;209.26;4.04;691;19;940.00;25
2134;19;628294928;2134;156;2823;2846;11.31;0.69;209.48;4.04;689;19;941.00;23
2136;19;628294938;2136;156;2825;2846;11.38;0.69;209.40;4.04;689;19;942.00;21
2138;19;628294947;2138;155;2829;2846;11.50;0.70;209.61;4.05;691;19;943.00;17
2143;19;628294956;2143;157;2830;2847;11.51;0.70;209.71;4.05;687;19;944.00;17
2148;19;628294966;2148;158;2836;2849;11.52;0.70;209.73;4.05;688;19;945.00;13
2151;19;628294976;2151;165;2836;2849;11.46;0.70;209.61;4.05;685;19;946.00;13
2152;19;628294990;2152;168;2839;2853;11.48;0.70;209.61;4.05;687;19;947.00;14
2154;19;628294999;2154;168;2839;2853;11.46;0.70;209.60;4.05;685;19;948.00;14
2158;19;628295008;2158;167;2839;2853;11.43;0.70;209.53;4.05;681;19;949.00;14
2162;19;628295018;2162;166;2839;2853;11.40;0.69;209.36;4.05;677;19;950.00;14
2163;19;628295030;2163;166;2842;2859;11.39;0.69;209.37;4.05;679;19;951.00;17
2167;19;628295038;2167;167;2843;2859;11.37;0.69;209.31;4.04;676;19;952.00;16
2171;19;628295047;2171;164;2844;2859;11.29;0.69;209.14;4.06;673;19;953.00;15
2174;19;628295056;2174;163;2846;2862;11.32;0.69;208.99;4.05;672;19;954.00;16
2174;19;628295066;2174;165;2848;2862;11.28;0.69;208.99;4.07;674;19;955.00;14
2180;19;628295075;2180;160;2850;2862;11.21;0.68;208.80;4.10;670;19;956.00;12
2185;19;628295089;2185;162;2850;2863;11.11;0.68;208.61;4.10;665;19;957.00;13
2185;19;628295099;2185;163;2851;2864;11.04;0.67;208.61;4.10;666;19;958.00;13
2190;19;628295107;2190;163;2851;2864;10.99;0.67;208.44;4.10;661;19;959.00;13
2193;19;628295117;2193;165;2866;2890;10.90;0.66;208.31;4.08;673;19;960.00;24
2195;19;628295133;2195;162;2867;2890;10.95;0.67;208.24;4.08;672;19;961.00;23
2197;19;628295142;2197;164;2869;2890;10.98;0.67;208.17;4.08;672;19;962.00;21
2201;19;628295150;2201;161;2870;2891;10.95;0.67;208.01;4.07;669;19;963.00;21
2204;19;628295159;2204;164;2870;2891;10.99;0.67;207.97;4.07;666;19;964.00;21
2204;19;628295168;2204;169;2872;2895;11.06;0.67;207.97;4.07;668;19;965.00;23
2205;19;628295177;2205;169;2873;2895;11.13;0.68;207.89;4.07;668;19;966.00;22
2206;19;628295185;2206;168;2876;2899;11.11;0.68;207.81;4.07;670;19;967.00;23
2207;19;628295194;2207;174;2876;2899;11.07;0.68;207.85;4.07;669;19;968.00;23
2212;19;628295202;2212;179;2879;2899;10.96;0.67;207.67;4.10;667;19;969.00;20
2214;19;628295211;2214;180;2879;2899;10.84;0.66;207.67;4.10;665;19;970.00;20
2216;19;628295220;2216;180;2880;2899;10.68;0.65;207.66;4.11;664;19;971.00;19
2218;19;628295228;2218;181;2891;2911;10.56;0.65;207.70;4.12;673;19;972.00;20
2220;19;628295238;2220;184;2893;2911;10.47;0.64;207.67;4.13;673;19;973.00;18
2220;19;628295246;2220;192;2894;2911;10.30;0.63;207.67;4.13;674;19;974.00;17
2222;19;628295260;2222;197;2894;2911;10.20;0.62;207.69;4.13;672;19;975.00;17
2223;19;628295269;2223;204;2894;2911;10.14;0.62;207.71;4.13;671;19;976.00;17
2226;19;628295277;2226;209;2895;2911;10.00;0.61;207.73;4.13;669;19;977.00;16
2229;19;628295286;2229;222;2895;2912;9.90;0.60;207.78;4.13;666;19;978.00;17
2231;19;628295294;2231;213;2896;2912;9.78;0.60;207.82;4.15;665;19;979.00;16
2231;19;628295303;2231;210;2902;2918;9.76;0.59;207.82;4.16;671;19;980.00;16
2233;19;628295311;2233;212;2905;2919;9.76;0.59;207.82;4.17;672;19;981.00;14
2234;19;628295320;2234;217;2906;2919;9.76;0.59;207.84;4.18;672;19;982.00;13
2236;19;628295329;2236;214;2907;2919;9.73;0.59;207.81;4.19;671;19;983.00;12
2238;19;628295338;2238;214;2911;2923;9.74;0.59;207.64;4.20;673;19;984.00;12
2239;19;628295347;2239;209;2912;2923;9.71;0.59;207.67;4.20;673;19;985.00;11
2240;19;628295361;2240;207;2913;2923;9.63;0.59;207.66;4.21;673;19;986.00;10
2241;19;628295370;2241;210;2915;2924;9.58;0.58;207.68;4.22;674;19;987.00;9
2244;19;628295379;2244;206;2919;2928;9.50;0.58;207.52;4.22;675;19;988.00;9
2247;19;628295393;2247;204;2921;2928;9.43;0.57;207.53;4.23;674;19;989.00;7
2247;19;628295404;2247;209;2924;2934;9.44;0.58;207.53;4.23;677;19;990.00;10
2248;19;628295413;2248;209;2927;2934;9.49;0.58;207.50;4.23;679;19;991.00;7
2249;19;628295422;2249;208;2927;2934;9.50;0.58;207.50;4.23;678;19;992.00;7
2249;19;628295430;2249;211;2929;2934;9.44;0.58;207.50;4.23;680;19;993.00;5
2252;19;628295439;2252;212;2932;2938;9.40;0.58;207.43;4.23;680;19;994.00;6
2253;19;628295453;2253;215;2932;2938;9.36;0.57;207.43;4.23;679;19;995.00;6
2254;20;628295461;2254;218;2933;2938;9.29;0.57;207.46;4.23;679;20;996.00;5
2256;20;628295485;2256;222;2933;2938;9.22;0.56;207.54;4.23;677;20;997.00;5
2259;20;628295497;2259;226;2935;2939;9.09;0.56;207.45;4.22;676;20;998.00;4
2262;20;628295506;2262;227;2936;2940;8.96;0.55;207.38;4.22;674;20;999.00;4
2263;20;628295515;2263;223;2936;2940;8.82;0.54;207.41;4.22;673;20;1000.00;4
2264;20;628295527;2264;222;2937;2941;8.67;0.53;207.38;4.22;673;20;1001.00;4
2264;20;628295536;2264;225;2937;2941;8.60;0.53;207.38;4.22;673;20;1002.00;4
2267;20;628295544;2267;219;2937;2941;8.57;0.53;207.48;4.22;670;20;1003.00;4
2271;20;628295552;2271;218;2937;2941;8.60;0.53;207.30;4.22;666;20;1004.00;4
2275;20;628295561;2275;216;2937;2941;8.53;0.52;207.32;4.22;662;20;1005.00;4
2278;20;628295570;2278;217;2937;2941;8.55;0.52;207.28;4.22;659;20;1006.00;4
2279;20;628295579;2279;213;2937;2941;8.54;0.52;207.26;4.22;658;20;1007.00;4
2280;20;628295591;2280;233;3013;3068;8.65;0.54;207.26;4.12;733;20;1008.00;55
2282;20;628295621;2282;229;3017;3069;8.60;0.54;207.17;4.11;735;20;1009.00;52
2285;20;628295637;2285;221;3025;3069;8.63;0.54;207.15;4.11;740;20;1010.00;44
2286;20;628295651;2286;223;3029;3069;8.65;0.54;207.25;4.11;743;20;1011.00;40
2290;20;628295666;2290;226;3035;3069;8.63;0.54;207.18;4.11;745;20;1012.00;34
2293;20;628295680;2293;221;3039;3069;8.52;0.53;207.19;4.11;746;20;1013.00;30
2297;20;628295695;2297;216;3044;3069;8.52;0.53;207.31;4.11;747;20;1014.00;25
2301;20;628295705;2301;218;3048;3069;8.49;0.53;207.34;4.11;747;20;1015.00;21
2307;20;628295715;2307;217;3052;3070;8.48;0.52;207.31;4.12;745;20;1016.00;18
2312;20;628295725;2312;216;3053;3071;8.47;0.52;207.48;4.12;741;20;1017.00;18
2321;20;628295735;2321;224;3055;3071;8.38;0.52;207.84;4.12;734;20;1018.00;16
2326;20;628295745;2326;226;3057;3072;8.23;0.51;207.71;4.12;731;20;1019.00;15
2330;20;628295757;2330;223;3059;3072;8.10;0.50;207.83;4.13;729;20;1020.00;13
2338;20;628295767;2338;219;3059;3072;7.92;0.49;207.88;4.13;721;20;1021.00;13
2340;20;628295778;2340;227;3061;3072;7.90;0.49;207.96;4.13;721;20;1022.00;11
2344;20;628295789;2344;226;3064;3076;7.88;0.49;208.11;4.14;720;20;1023.00;12
2347;20;628295801;2347;223;3065;3076;7.93;0.49;208.20;4.14;718;20;1024.00;11
2350;20;628295812;2350;224;3066;3076;8.01;0.49;208.30;4.14;716;20;1025.00;10
2356;20;628295822;2356;216;3068;3079;8.07;0.50;208.21;4.14;712;20;1026.00;11
2360;20;628295832;2360;207;3070;3079;8.21;0.51;208.35;4.15;710;20;1027.00;9
2364;20;628295842;2364;195;3071;3079;8.34;0.51;208.52;4.15;707;20;1028.00;8
2366;20;628295858;2366;189;3075;3083;8.51;0.52;208.59;4.14;709;20;1029.00;8
2370;20;628295875;2370;182;3077;3084;8.69;0.53;208.75;4.14;707;20;1030.00;7
2374;20;628295885;2374;179;3077;3084;8.79;0.54;208.88;4.14;703;20;1031.00;7
2377;20;628295902;2377;179;3082;3088;8.95;0.55;208.90;4.14;705;20;1032.00;6
2381;20;628295913;2381;178;3082;3088;9.07;0.56;209.01;4.14;701;20;1033.00;6
2390;20;628295923;2390;176;3082;3088;9.11;0.56;209.21;4.14;692;20;1034.00;6
2395;20;628295934;2395;173;3084;3090;9.22;0.56;209.18;4.14;689;20;1035.00;6
2399;20;628295945;2399;174;3084;3090;9.32;0.57;209.36;4.14;685;20;1036.00;6
2403;20;628295955;2403;168;3089;3096;9.46;0.58;209.62;4.13;686;20;1037.00;7
2405;20;628295966;2405;168;3089;3096;9.61;0.59;209.84;4.13;684;20;1038.00;7
2411;20;628295978;2411;161;3091;3097;9.62;0.59;209.90;4.13;680;20;1039.00;6
2414;20;628295989;2414;161;3091;3097;9.66;0.59;210.09;4.13;677;20;1040.00;6
2419;20;628295999;2419;154;3091;3097;9.68;0.59;210.10;4.13;672;20;1041.00;6
2425;20;628296017;2425;154;3091;3097;9.72;0.59;210.43;4.13;666;20;1042.00;6
2426;20;628296028;2426;155;3091;3097;9.81;0.60;210.49;4.13;665;20;1043.00;6
2430;20;628296047;2430;150;3101;3109;9.96;0.61;210.67;4.12;671;20;1044.00;8
2433;20;628296059;2433;147;3102;3109;9.95;0.61;210.85;4.12;669;20;1045.00;7
2440;20;628296070;2440;149;3103;3109;10.01;0.61;211.11;4.12;663;20;1046.00;6
2443;20;628296080;2443;144;3104;3109;10.02;0.61;211.14;4.16;661;20;1047.00;5
2447;20;628296090;2447;145;3104;3109;10.01;0.61;211.27;4.16;657;20;1048.00;5
2451;20;628296101;2451;145;3104;3109;9.97;0.61;211.36;4.16;653;20;1049.00;5
2454;20;628296115;2454;148;3110;3115;9.99;0.61;211.64;4.16;656;20;1050.00;5
2458;20;628296126;2458;149;3110;3115;9.99;0.61;211.82;4.16;652;20;1051.00;5
2462;20;628296136;2462;153;3113;3119;10.00;0.61;211.97;4.15;651;20;1052.00;6
2465;20;628296147;2465;154;3115;3120;10.05;0.61;211.99;4.15;650;20;1053.00;5
2471;20;628296157;2471;158;3115;3120;10.09;0.61;212.07;4.15;644;20;1054.00;5
2475;20;628296168;2475;164;3115;3120;10.10;0.61;212.01;4.15;640;20;1055.00;5
2476;20;628296179;2476;168;3128;3133;10.16;0.62;212.05;4.13;652;20;1056.00;5
2480;20;628296191;2480;172;3128;3133;10.18;0.62;212.22;4.13;648;20;1057.00;5
2481;20;628296201;2481;173;3128;3133;10.24;0.62;212.43;4.13;647;20;1058.00;5
2484;20;628296212;2484;170;3129;3134;10.24;0.62;212.61;4.13;645;20;1059.00;5
2491;20;628296223;2491;174;3130;3135;10.24;0.62;212.83;4.13;639;20;1060.00;5
2494;20;628296234;2494;175;3130;3135;10.26;0.62;212.81;4.13;636;20;1061.00;5
2498;20;628296244;2498;182;3132;3138;10.23;0.62;213.13;4.13;634;20;1062.00;6
2506;20;628296261;2506;188;3132;3138;10.11;0.61;213.30;4.13;626;20;1063.00;6
2507;20;628296272;2507;194;3133;3138;10.07;0.61;213.37;4.13;626;20;1064.00;5
2511;20;628296282;2511;198;3133;3138;9.94;0.60;213.48;4.13;622;20;1065.00;5
2514;20;628296291;2514;202;3138;3144;9.81;0.60;213.63;4.12;624;20;1066.00;6
2517;20;628296302;2517;194;3138;3144;9.69;0.59;213.74;4.12;621;20;1067.00;6
2519;20;628296318;2519;196;3139;3144;9.61;0.58;213.87;4.12;620;20;1068.00;5
2522;20;628296328;2522;194;3139;3144;9.58;0.58;213.93;4.12;617;20;1069.00;5
2524;20;628296338;2524;195;3143;3148;9.58;0.58;214.02;4.12;619;20;1070.00;5
2527;20;628296347;2527;199;3144;3149;9.52;0.58;213.99;4.12;617;20;1071.00;5
2531;20;628296357;2531;199;3144;3149;9.45;0.57;214.29;4.12;613;20;1072.00;5
2533;20;628296366;2533;196;3145;3150;9.41;0.57;214.34;4.12;612;20;1073.00;5
2534;20;628296376;2534;195;3145;3150;9.43;0.57;214.39;4.12;611;20;1074.00;5
2539;20;628296385;2539;194;3145;3150;9.38;0.57;214.26;4.12;606;20;1075.00;5
2541;20;628296406;2541;178;3145;3150;9.45;0.57;214.33;4.12;604;20;1076.00;5
2544;20;628296416;2544;166;3145;3150;9.57;0.58;214.32;4.12;601;20;1077.00;5
2546;20;628296425;2546;159;3145;3150;9.74;0.59;214.42;4.12;599;20;1078.00;5
2547;20;628296435;2547;153;3145;3150;9.87;0.60;214.47;4.12;598;20;1079.00;5
2549;20;628296446;2549;163;3220;3275;9.77;0.60;214.45;4.02;671;20;1080.00;55
2551;20;628296465;2551;159;3225;3276;9.81;0.60;214.47;4.02;674;20;1081.00;51
2553;20;628296477;2553;145;3231;3276;9.97;0.61;214.63;4.01;678;20;1082.00;45
2556;20;628296488;2556;138;3234;3276;10.03;0.62;214.74;4.01;678;20;1083.00;42
2557;20;628296499;2557;130;3237;3276;10.19;0.63;214.71;4.01;680;20;1084.00;39
2561;20;628296509;2561;136;3241;3276;10.32;0.63;214.74;4.01;680;20;1085.00;35
2563;20;628296525;2563;128;3245;3276;10.51;0.65;214.79;4.01;682;20;1086.00;31
2568;20;628296536;2568;124;3246;3276;10.57;0.65;214.96;4.02;678;20;1087.00;30
2570;20;628296547;2570;126;3251;3277;10.57;0.65;214.98;4.02;681;20;1088.00;26
2573;20;628296558;2573;131;3252;3278;10.54;0.65;215.01;4.02;679;20;1089.00;26
2573;20;628296569;2573;136;3254;3278;10.45;0.64;215.01;4.02;681;20;1090.00;24
2576;20;628296579;2576;143;3260;3282;10.37;0.64;214.93;4.02;684;20;1091.00;22
2579;20;628296592;2579;146;3261;3282;10.34;0.63;214.88;4.02;682;20;1092.00;21
2581;20;628296602;2581;149;3261;3282;10.30;0.63;214.78;4.02;680;20;1093.00;21
2585;20;628296612;2585;155;3262;3282;10.22;0.62;215.05;4.03;677;20;1094.00;20
2587;20;628296622;2587;157;3265;3288;10.18;0.62;214.95;4.03;678;20;1095.00;23
2590;20;628296633;2590;158;3266;3288;10.18;0.62;214.87;4.03;676;20;1096.00;22
2590;20;628296643;2590;156;3266;3288;10.28;0.63;214.87;4.03;676;20;1097.00;22
2591;21;628296652;2591;157;3269;3291;10.32;0.63;214.85;4.03;678;21;1098.00;22
2592;21;628296672;2592;159;3271;3291;10.39;0.64;214.83;4.08;679;21;1099.00;20
2593;21;628296682;2593;163;3272;3291;10.45;0.64;215.06;4.07;679;21;1100.00;19
2594;21;628296695;2594;163;3272;3292;10.49;0.64;215.09;4.07;678;21;1101.00;20
2595;21;628296703;2595;162;3273;3293;10.54;0.65;215.04;4.07;678;21;1102.00;20
2599;21;628296713;2599;165;3273;3293;10.55;0.65;214.81;4.07;674;21;1103.00;20
2601;21;628296723;2601;169;3282;3306;10.53;0.65;214.75;4.06;681;21;1104.00;24
2604;21;628296732;2604;169;3282;3306;10.61;0.65;214.66;4.06;678;21;1105.00;24
2607;21;628296746;2607;172;3283;3306;10.69;0.66;214.59;4.06;676;21;1106.00;23
2609;21;628296756;2609;172;3284;3307;10.78;0.66;214.51;4.06;675;21;1107.00;23
2611;21;628296765;2611;176;3284;3307;10.78;0.66;214.43;4.06;673;21;1108.00;23
2616;21;628296774;2616;173;3288;3311;10.74;0.66;214.39;4.06;672;21;1109.00;23
2620;21;628296785;2620;176;3288;3311;10.74;0.65;214.27;4.06;668;21;1110.00;23
2620;21;628296794;2620;179;3291;3315;10.80;0.66;214.27;4.05;671;21;1111.00;24
2625;21;628296809;2625;183;3291;3315;10.80;0.66;214.11;4.05;666;21;1112.00;24
2627;21;628296818;2627;184;3291;3315;10.90;0.66;214.13;4.05;664;21;1113.00;24
2628;21;628296826;2628;183;3292;3315;10.93;0.67;214.13;4.10;664;21;1114.00;23
2630;21;628296835;2630;184;3292;3315;10.94;0.67;213.99;4.10;662;21;1115.00;23
2635;21;628296843;2635;183;3301;3327;10.90;0.66;213.90;4.09;666;21;1116.00;26
2637;21;628296853;2637;183;3302;3327;10.95;0.67;213.90;4.13;665;21;1117.00;25
2639;21;628296861;2639;184;3304;3327;11.01;0.67;213.90;4.13;665;21;1118.00;23
2640;21;628296870;2640;186;3304;3327;11.00;0.67;213.89;4.13;664;21;1119.00;23
2642;21;628296878;2642;189;3304;3327;10.98;0.67;213.81;4.13;662;21;1120.00;23
2644;21;628296886;2644;190;3305;3327;10.95;0.67;213.80;4.17;661;21;1121.00;22
2647;21;628296894;2647;184;3305;3328;10.93;0.67;213.98;4.17;658;21;1122.00;23
2648;21;628296903;2648;178;3305;3328;10.89;0.67;213.94;4.17;657;21;1123.00;23
2651;21;628296917;2651;177;3310;3334;10.93;0.67;213.86;4.20;659;21;1124.00;24
2655;21;628296926;2655;178;3314;3336;10.86;0.66;213.74;4.21;659;21;1125.00;22
2660;21;628296936;2660;176;3315;3336;10.86;0.66;213.59;4.21;655;21;1126.00;21
2663;21;628296944;2663;177;3316;3336;10.87;0.66;213.51;4.22;653;21;1127.00;20
2665;21;628296952;2665;173;3318;3340;10.88;0.66;213.47;4.22;653;21;1128.00;22
2666;21;628296961;2666;172;3318;3340;10.88;0.66;213.42;4.22;652;21;1129.00;22
2666;21;628296970;2666;174;3319;3340;10.92;0.66;213.42;4.23;653;21;1130.00;21
2670;21;628296978;2670;160;3320;3341;10.99;0.67;213.32;4.23;650;21;1131.00;21
2672;21;628296987;2672;152;3324;3345;11.07;0.67;213.28;4.24;652;21;1132.00;21
2676;21;628296996;2676;143;3324;3345;11.19;0.68;213.31;4.24;648;21;1133.00;21
2678;21;628297005;2678;136;3326;3348;11.31;0.68;213.20;4.24;648;21;1134.00;22
2679;21;628297014;2679;130;3328;3348;11.45;0.69;213.20;4.25;649;21;1135.00;20
2682;21;628297023;2682;125;3328;3348;11.51;0.69;213.18;4.25;646;21;1136.00;20
2682;21;628297032;2682;120;3329;3348;11.56;0.70;213.18;4.27;647;21;1137.00;19
2683;21;628297041;2683;115;3332;3352;11.63;0.70;213.11;4.27;649;21;1138.00;20
2684;21;628297050;2684;114;3334;3352;11.65;0.70;213.13;4.29;650;21;1139.00;18
2685;22;628297061;2685;110;3335;3352;11.74;0.71;213.12;4.29;650;22;1140.00;17
2685;22;628297081;2685;113;3336;3352;11.82;0.72;213.12;4.29;651;22;1141.00;16
2685;23;628297090;2685;113;3336;3353;11.84;0.72;213.12;4.29;651;23;1142.00;17
2685;24;628297106;2685;116;3337;3354;11.92;0.72;213.12;4.29;652;24;1143.00;17
2688;24;628297126;2688;119;3337;3354;11.89;0.72;213.08;4.29;649;24;1144.00;17
2688;24;628297135;2688;120;3338;3355;11.86;0.72;213.08;4.29;650;24;1145.00;17
2689;24;628297159;2689;125;3338;3355;11.79;0.72;213.02;4.29;649;24;1146.00;17
2691;24;628297168;2691;125;3338;3355;11.77;0.71;213.16;4.29;647;24;1147.00;17
2692;24;628297176;2692;126;3338;3355;11.70;0.71;213.12;4.29;646;24;1148.00;17
2693;24;628297185;2693;134;3338;3355;11.68;0.71;213.12;4.29;645;24;1149.00;17
2696;24;628297194;2696;139;3340;3355;11.69;0.71;213.11;4.32;644;24;1150.00;15
2697;24;628297203;2697;146;3340;3355;11.63;0.71;213.10;4.32;643;24;1151.00;15
2698;24;628297212;2698;165;3406;3482;11.46;0.70;213.09;4.25;708;24;1152.00;76
2698;24;628297230;2698;161;3408;3483;11.40;0.70;213.09;4.25;710;24;1153.00;75
2699;24;628297240;2699;164;3417;3483;11.41;0.70;213.13;4.25;718;24;1154.00;66
2700;24;628297250;2700;163;3425;3483;11.31;0.70;213.18;4.26;725;24;1155.00;58
2706;24;628297259;2706;165;3433;3483;11.26;0.69;213.24;4.25;727;24;1156.00;50
2709;24;628297275;2709;167;3439;3483;11.18;0.69;213.35;4.27;730;24;1157.00;44
2712;24;628297285;2712;165;3444;3483;11.09;0.68;213.41;4.27;732;24;1158.00;39
2713;24;628297294;2713;169;3449;3483;10.97;0.68;213.41;4.27;736;24;1159.00;34
2718;24;628297304;2718;176;3454;3484;10.89;0.67;213.41;4.28;736;24;1160.00;30
2724;24;628297314;2724;178;3457;3485;10.75;0.66;213.42;4.29;733;24;1161.00;28
2726;24;628297324;2726;185;3460;3485;10.68;0.66;213.41;4.30;734;24;1162.00;25
2729;24;628297334;2729;188;3461;3486;10.55;0.65;213.42;4.30;732;24;1163.00;25
2731;24;628297343;2731;192;3464;3486;10.38;0.64;213.39;4.31;733;24;1164.00;22
2734;24;628297353;2734;200;3465;3486;10.21;0.63;213.34;4.31;731;24;1165.00;21
2740;24;628297362;2740;212;3470;3486;10.05;0.62;213.33;4.33;730;24;1166.00;16
2743;24;628297372;2743;217;3473;3490;9.91;0.61;213.27;4.33;730;24;1167.00;17
2745;24;628297382;2745;229;3475;3490;9.73;0.60;213.24;4.33;730;24;1168.00;15
2748;24;628297391;2748;224;3478;3490;9.50;0.58;213.20;4.34;730;24;1169.00;12
2753;24;628297403;2753;228;3481;3496;9.39;0.58;213.15;4.34;728;24;1170.00;15
2757;24;628297414;2757;233;3482;3496;9.31;0.57;213.18;4.34;725;24;1171.00;14
2758;24;628297423;2758;236;3483;3496;9.23;0.56;213.19;4.34;725;24;1172.00;13
2761;24;628297432;2761;242;3487;3500;9.14;0.56;213.29;4.33;726;24;1173.00;13
2763;24;628297442;2763;244;3489;3501;9.11;0.56;213.27;4.33;726;24;1174.00;12
2765;24;628297451;2765;245;3489;3501;9.06;0.56;213.22;4.33;724;24;1175.00;12
2768;24;628297460;2768;250;3494;3505;9.14;0.56;213.13;4.33;726;24;1176.00;11
2769;24;628297471;2769;252;3494;3505;9.13;0.56;213.16;4.33;725;24;1177.00;11
2772;24;628297480;2772;252;3495;3505;9.13;0.56;213.11;4.33;723;24;1178.00;10
2773;24;628297493;2773;254;3496;3506;9.18;0.56;213.11;4.33;723;24;1179.00;10
2775;24;628297504;2775;253;3496;3506;9.21;0.56;213.22;4.33;721;24;1180.00;10
2776;24;628297513;2776;250;3501;3512;9.22;0.57;213.26;4.32;725;24;1181.00;11
2777;24;628297522;2777;253;3502;3512;9.17;0.56;213.27;4.32;725;24;1182.00;10
2786;24;628297531;2786;252;3503;3513;9.06;0.56;213.57;4.32;717;24;1183.00;10
2794;24;628297541;2794;249;3503;3513;8.95;0.55;213.63;4.32;709;24;1184.00;10
2795;24;628297551;2795;248;3503;3513;8.97;0.55;213.70;4.32;708;24;1185.00;10
2796;24;628297565;2796;246;3503;3513;8.97;0.55;213.79;4.32;707;24;1186.00;10
2805;24;628297574;2805;245;3503;3513;8.90;0.55;213.93;4.32;698;24;1187.00;10
2809;24;628297587;2809;241;3513;3525;8.89;0.55;214.04;4.31;704;24;1188.00;12
2812;24;628297601;2812;240;3514;3525;8.88;0.55;214.15;4.31;702;24;1189.00;11
2818;24;628297616;2818;237;3515;3525;8.86;0.54;214.43;4.31;697;24;1190.00;10
2823;24;628297628;2823;224;3515;3525;8.81;0.54;214.62;4.31;692;24;1191.00;10
2829;24;628297644;2829;216;3515;3525;8.81;0.54;214.61;4.31;686;24;1192.00;10
2835;24;628297658;2835;213;3515;3525;8.81;0.54;214.99;4.31;680;24;1193.00;10
2840;24;628297671;2840;215;3519;3529;8.85;0.54;215.11;4.30;679;24;1194.00;10
2844;24;628297684;2844;212;3519;3529;8.91;0.55;215.25;4.30;675;24;1195.00;10
2850;24;628297699;2850;211;3522;3533;9.05;0.55;215.54;4.30;672;24;1196.00;11
2853;24;628297712;2853;199;3524;3534;9.18;0.56;215.62;4.30;671;24;1197.00;10
2857;24;628297723;2857;194;3524;3534;9.27;0.57;215.78;4.30;667;24;1198.00;10
2859;24;628297733;2859;189;3524;3534;9.38;0.58;215.87;4.30;665;24;1199.00;10
2863;24;628297753;2863;190;3547;3575;9.39;0.58;216.02;4.27;684;24;1200.00;28
2871;24;628297771;2871;185;3548;3575;9.43;0.58;216.16;4.27;677;24;1201.00;27
2874;24;628297783;2874;181;3551;3575;9.47;0.58;216.26;4.27;677;24;1202.00;24
2876;24;628297793;2876;176;3553;3576;9.48;0.58;216.37;4.27;677;24;1203.00;23
2883;24;628297804;2883;178;3556;3577;9.47;0.58;216.43;4.26;673;24;1204.00;21
2889;24;628297815;2889;179;3558;3577;9.54;0.59;216.52;4.26;669;24;1205.00;19
2893;24;628297825;2893;175;3560;3580;9.62;0.59;216.70;4.26;667;24;1206.00;20
2896;24;628297836;2896;176;3562;3580;9.65;0.59;216.74;4.26;666;24;1207.00;18
2903;24;628297855;2903;171;3562;3580;9.64;0.59;216.75;4.26;659;24;1208.00;18
2907;24;628297865;2907;167;3562;3580;9.68;0.60;216.87;4.26;655;24;1209.00;18
2912;24;628297876;2912;170;3568;3586;9.67;0.59;216.98;4.26;656;24;1210.00;18
2917;24;628297888;2917;164;3570;3586;9.63;0.59;217.01;4.26;653;24;1211.00;16
2921;24;628297899;2921;162;3570;3586;9.67;0.59;217.11;4.26;649;24;1212.00;16
2924;24;628297912;2924;165;3570;3586;9.70;0.60;217.20;4.26;646;24;1213.00;16
2932;24;628297923;2932;165;3574;3590;9.62;0.59;217.29;4.26;642;24;1214.00;16
2941;24;628297934;2941;169;3576;3592;9.56;0.58;217.39;4.25;635;24;1215.00;16
2944;24;628297945;2944;166;3577;3592;9.44;0.58;217.31;4.29;633;24;1216.00;15
2947;24;628297955;2947;173;3579;3593;9.43;0.58;217.38;4.29;632;24;1217.00;14
2952;24;628297965;2952;172;3579;3593;9.35;0.57;217.60;4.29;627;24;1218.00;14
2956;24;628297976;2956;170;3579;3593;9.32;0.57;217.45;4.29;623;24;1219.00;14
2959;24;628297986;2959;176;3579;3593;9.27;0.56;217.46;4.29;620;24;1220.00;14
2961;24;628297995;2961;177;3579;3593;9.22;0.56;217.41;4.29;618;24;1221.00;14
2962;24;628298005;2962;184;3580;3593;9.12;0.56;217.41;4.30;618;24;1222.00;13
2966;24;628298021;2966;188;3580;3593;9.08;0.55;217.55;4.30;614;24;1223.00;13
2969;24;628298031;2969;210;3621;3663;8.85;0.54;217.53;4.25;652;24;1224.00;42
2971;24;628298048;2971;208;3622;3664;8.90;0.54;217.53;4.25;651;24;1225.00;42
2976;24;628298058;2976;205;3627;3664;8.88;0.54;217.65;4.25;651;24;1226.00;37
2978;24;628298074;2978;209;3628;3664;8.81;0.54;217.61;4.25;650;24;1227.00;36
2980;24;628298084;2980;211;3632;3666;8.86;0.54;217.64;4.25;652;24;1228.00;34
2982;24;628298094;2982;217;3632;3666;8.85;0.54;217.71;4.25;650;24;1229.00;34
2984;24;628298106;2984;223;3637;3666;8.85;0.54;217.67;4.25;653;24;1230.00;29
2987;24;628298116;2987;229;3637;3666;8.76;0.53;217.73;4.25;650;24;1231.00;29
2990;24;628298126;2990;239;3641;3667;8.61;0.52;217.85;4.26;651;24;1232.00;26
2992;24;628298136;2992;252;3645;3668;8.57;0.52;217.81;4.27;653;24;1233.00;23
2994;24;628298145;2994;261;3647;3668;8.59;0.52;217.89;4.27;653;24;1234.00;21
2996;24;628298155;2996;273;3652;3672;8.48;0.52;217.87;4.27;656;24;1235.00;20
2999;24;628298175;2999;275;3656;3672;8.39;0.51;217.84;4.28;657;24;1236.00;16
3002;24;628298191;3002;270;3658;3672;8.32;0.51;218.00;4.32;656;24;1237.00;14
3004;24;628298200;3004;266;3659;3672;8.30;0.51;218.06;4.32;655;24;1238.00;13
3006;24;628298210;3006;258;3666;3678;8.28;0.50;218.06;4.32;660;24;1239.00;12
3006;24;628298221;3006;248;3667;3678;8.32;0.51;218.06;4.32;661;24;1240.00;11
3006;24;628298230;3006;248;3667;3678;8.40;0.51;218.06;4.32;661;24;1241.00;11
3009;24;628298239;3009;249;3670;3681;8.47;0.51;218.01;4.32;661;24;1242.00;11
3011;24;628298250;3011;246;3670;3681;8.47;0.51;217.99;4.32;659;24;1243.00;11
3013;24;628298260;3013;245;3670;3681;8.46;0.51;218.03;4.32;657;24;1244.00;11
3015;24;628298270;3015;241;3671;3682;8.36;0.51;217.97;4.32;656;24;1245.00;11
3017;24;628298298;3017;225;3672;3683;8.42;0.51;218.00;4.32;655;24;1246.00;11
3018;24;628298308;3018;212;3672;3683;8.54;0.52;218.01;4.32;654;24;1247.00;11
3022;24;628298324;3022;202;3685;3696;8.66;0.53;217.98;4.30;663;24;1248.00;11
3022;24;628298336;3022;193;3685;3696;8.74;0.53;217.98;4.30;663;24;1249.00;11
3023;24;628298353;3023;189;3685;3696;8.87;0.54;217.94;4.30;662;24;1250.00;11
3024;24;628298362;3024;183;3686;3697;8.99;0.55;217.97;4.30;662;24;1251.00;11
3026;24;628298373;3026;181;3686;3697;9.05;0.55;217.93;4.30;660;24;1252.00;11
3028;24;628298383;3028;180;3689;3701;9.19;0.56;218.06;4.30;661;24;1253.00;12
3031;24;628298394;3031;179;3689;3701;9.23;0.56;218.01;4.30;658;24;1254.00;12
3033;24;628298406;3033;172;3693;3705;9.28;0.56;217.99;4.29;660;24;1255.00;12
3035;24;628298416;3035;174;3693;3705;9.36;0.57;217.98;4.29;658;24;1256.00;12
3039;24;628298425;3039;175;3693;3705;9.34;0.57;217.88;4.29;654;24;1257.00;12
3041;24;628298436;3041;176;3693;3705;9.34;0.57;217.81;4.29;652;24;1258.00;12
3043;24;628298445;3043;178;3693;3705;9.32;0.57;217.71;4.29;650;24;1259.00;12
3045;24;628298456;3045;183;3714;3739;9.34;0.57;217.65;4.27;669;24;1260.00;25
3046;24;628298469;3046;181;3715;3739;9.45;0.58;217.61;4.27;669;24;1261.00;24
3051;24;628298478;3051;182;3716;3739;9.56;0.58;217.63;4.27;665;24;1262.00;23
3052;24;628298487;3052;180;3718;3739;9.59;0.58;217.62;4.32;666;24;1263.00;21
3056;24;628298496;3056;182;3719;3739;9.58;0.58;217.56;4.32;663;24;1264.00;20
3058;24;628298505;3058;182;3721;3739;9.56;0.58;217.46;4.32;663;24;1265.00;18
3059;24;628298515;3059;181;3721;3740;9.58;0.58;217.47;4.32;662;24;1266.00;19
3062;24;628298529;3062;184;3722;3740;9.61;0.58;217.41;4.32;660;24;1267.00;18
3062;24;628298539;3062;184;3726;3746;9.62;0.58;217.41;4.32;664;24;1268.00;20
3062;24;628298548;3062;187;3728;3747;9.70;0.59;217.41;4.31;666;24;1269.00;19
3063;24;628298557;3063;189;3728;3747;9.75;0.59;217.38;4.31;665;24;1270.00;19
3064;24;628298567;3064;192;3729;3747;9.81;0.60;217.40;4.31;665;24;1271.00;18
3065;24;628298576;3065;192;3732;3751;9.86;0.60;217.39;4.31;667;24;1272.00;19
3065;24;628298587;3065;195;3732;3751;9.84;0.60;217.39;4.31;667;24;1273.00;19
3065;24;628298602;3065;201;3732;3751;9.84;0.60;217.39;4.31;667;24;1274.00;19
3068;24;628298612;3068;203;3733;3752;9.91;0.61;217.43;4.31;665;24;1275.00;19
3070;24;628298621;3070;202;3736;3756;9.93;0.61;217.52;4.31;666;24;1276.00;20
3072;24;628298631;3072;205;3736;3756;10.00;0.61;217.53;4.31;664;24;1277.00;20
3076;24;628298645;3076;203;3738;3759;10.04;0.61;217.44;4.30;662;24;1278.00;21
3077;24;628298654;3077;209;3738;3759;10.01;0.61;217.46;4.30;661;24;1279.00;21
3078;24;628298663;3078;210;3739;3759;10.05;0.61;217.43;4.30;661;24;1280.00;20
3080;24;628298671;3080;211;3739;3759;10.10;0.61;217.36;4.30;659;24;1281.00;20
3081;24;628298679;3081;214;3742;3763;10.10;0.61;217.40;4.30;661;24;1282.00;21
3084;24;628298688;3084;196;3742;3763;10.18;0.62;217.28;4.30;658;24;1283.00;21
3086;24;628298702;3086;184;3743;3763;10.25;0.62;217.29;4.30;657;24;1284.00;20
3088;24;628298710;3088;176;3743;3763;10.31;0.62;217.25;4.30;655;24;1285.00;20
3088;24;628298719;3088;169;3743;3764;10.35;0.63;217.25;4.30;655;24;1286.00;21
3091;24;628298728;3091;160;3744;3765;10.45;0.63;217.23;4.30;653;24;1287.00;21
3094;24;628298737;3094;151;3745;3765;10.53;0.64;217.19;4.35;651;24;1288.00;20
3099;24;628298746;3099;142;3746;3766;10.68;0.65;217.13;4.35;647;24;1289.00;20
3103;24;628298757;3103;135;3746;3766;10.79;0.65;217.11;4.35;643;24;1290.00;20
3104;24;628298766;3104;127;3746;3766;10.96;0.66;217.11;4.35;642;24;1291.00;20
3105;25;628298774;3105;116;3746;3766;11.07;0.67;217.09;4.35;641;25;1292.00;20
3108;25;628298803;3108;110;3746;3766;11.27;0.68;216.99;4.35;638;25;1293.00;20
3108;25;628298817;3108;104;3747;3766;11.42;0.69;216.99;4.36;639;25;1294.00;19
3108;25;628298833;3108;99;3748;3766;11.58;0.70;216.99;4.37;640;25;1295.00;18
3110;25;628298850;3110;110;3807;3893;11.41;0.70;216.94;4.30;697;25;1296.00;86
3112;25;628298872;3112;96;3807;3894;11.46;0.70;216.94;4.30;695;25;1297.00;87
3112;25;628298898;3112;93;3815;3894;11.63;0.71;216.94;4.30;703;25;1298.00;79
3113;25;628298910;3113;89;3818;3894;11.71;0.72;216.90;4.30;705;25;1299.00;76
3115;25;628298927;3115;84;3822;3894;11.74;0.72;216.85;4.30;707;25;1300.00;72
3115;25;628298950;3115;81;3827;3894;11.84;0.73;216.85;4.30;712;25;1301.00;67
3115;25;628298974;3115;78;3832;3894;11.91;0.73;216.85;4.30;717;25;1302.00;62
3117;25;628298992;3117;78;3837;3894;11.98;0.73;216.86;4.36;720;25;1303.00;57
3120;25;628299010;3120;83;3842;3895;12.11;0.74;216.82;4.37;722;25;1304.00;53
3123;25;628299031;3123;89;3846;3897;12.18;0.74;216.76;4.37;723;25;1305.00;51
3126;25;628299053;3126;88;3848;3897;12.24;0.75;216.81;4.37;722;25;1306.00;49
3128;25;628299067;3128;89;3851;3898;12.27;0.75;216.85;4.43;723;25;1307.00;47
3132;25;628299079;3132;90;3853;3898;12.29;0.75;216.94;4.43;721;25;1308.00;45
3135;25;628299093;3135;96;3855;3898;12.26;0.75;217.02;4.49;720;25;1309.00;43
3138;25;628299111;3138;98;3859;3898;12.16;0.75;217.10;4.50;721;25;1310.00;39
3145;25;628299125;3145;101;3863;3902;12.04;0.74;217.01;4.51;718;25;1311.00;39
3146;25;628299138;3146;105;3867;3902;12.01;0.73;216.99;4.58;721;25;1312.00;35
3150;25;628299150;3150;109;3869;3902;11.89;0.72;217.11;4.58;719;25;1313.00;33
3152;25;628299170;3152;115;3875;3905;11.78;0.72;217.09;4.59;723;25;1314.00;30
3154;25;628299183;3154;128;3876;3905;11.59;0.70;217.13;4.59;722;25;1315.00;29
3157;25;628299196;3157;128;3878;3905;11.41;0.69;217.08;4.59;721;25;1316.00;27
3159;25;628299208;3159;134;3885;3909;11.13;0.68;217.10;4.62;726;25;1317.00;24
3162;25;628299220;3162;141;3886;3910;11.08;0.67;217.05;4.62;724;25;1318.00;24
3163;25;628299231;3163;144;3886;3910;10.98;0.67;217.04;4.62;723;25;1319.00;24
3165;25;628299244;3165;149;3892;3915;10.90;0.66;217.09;4.64;727;25;1320.00;23
3169;25;628299256;3169;156;3892;3915;10.78;0.65;217.07;4.64;723;25;1321.00;23
3170;25;628299267;3170;164;3892;3915;10.70;0.65;217.05;4.64;722;25;1322.00;23
3173;25;628299278;3173;170;3895;3916;10.61;0.64;217.04;4.66;722;25;1323.00;21
3174;25;628299295;3174;184;3895;3916;10.49;0.64;217.01;4.66;721;25;1324.00;21
3179;25;628299306;3179;184;3900;3922;10.35;0.63;217.16;4.66;721;25;1325.00;22
3181;25;628299318;3181;190;3901;3922;10.18;0.62;217.23;4.67;720;25;1326.00;21
3181;25;628299329;3181;197;3902;3923;10.05;0.61;217.23;4.67;721;25;1327.00;21
3183;25;628299339;3183;199;3903;3923;9.92;0.60;217.27;4.68;720;25;1328.00;20
3184;25;628299355;3184;205;3904;3923;9.81;0.60;217.28;4.69;720;25;1329.00;19
3184;25;628299369;3184;207;3905;3923;9.78;0.60;217.28;4.70;721;25;1330.00;18
3188;25;628299380;3188;213;3905;3923;9.73;0.59;217.38;4.70;717;25;1331.00;18
3190;25;628299393;3190;216;3917;3935;9.74;0.60;217.32;4.71;727;25;1332.00;18
3192;25;628299408;3192;218;3917;3935;9.69;0.59;217.41;4.71;725;25;1333.00;18
3195;25;628299422;3195;223;3920;3935;9.64;0.59;217.43;4.71;725;25;1334.00;15
3198;25;628299433;3198;225;3921;3935;9.58;0.58;217.44;4.72;723;25;1335.00;14
3202;25;628299443;3202;227;3921;3935;9.53;0.58;217.38;4.72;719;25;1336.00;14
3203;25;628299454;3203;235;3921;3935;9.42;0.57;217.37;4.72;718;25;1337.00;14
3203;25;628299464;3203;240;3925;3939;9.28;0.57;217.37;4.72;722;25;1338.00;14
3205;25;628299476;3205;235;3925;3939;9.15;0.56;217.34;4.72;720;25;1339.00;14
3207;25;628299486;3207;230;3931;3943;9.15;0.56;217.33;4.73;724;25;1340.00;12
3210;25;628299497;3210;225;3932;3944;9.19;0.56;217.45;4.73;722;25;1341.00;12
3212;25;628299508;3212;223;3934;3944;9.19;0.56;217.47;4.73;722;25;1342.00;10
3215;25;628299519;3215;219;3934;3944;9.20;0.56;217.43;4.73;719;25;1343.00;10
3219;25;628299530;3219;219;3945;3957;9.20;0.56;217.45;4.72;726;25;1344.00;12
3223;25;628299541;3223;216;3945;3957;9.17;0.56;217.61;4.72;722;25;1345.00;12
3226;25;628299553;3226;217;3947;3957;9.21;0.56;217.53;4.72;721;25;1346.00;10
3231;25;628299564;3231;219;3948;3958;9.24;0.56;217.60;4.72;717;25;1347.00;10
3234;25;628299574;3234;222;3950;3959;9.27;0.57;217.76;4.72;716;25;1348.00;9
3236;25;628299586;3236;225;3950;3959;9.28;0.57;217.82;4.72;714;25;1349.00;9
3240;25;628299603;3240;227;3953;3968;9.28;0.57;217.85;4.71;713;25;1350.00;15
3244;25;628299619;3244;232;3954;3968;9.22;0.56;217.85;4.71;710;25;1351.00;14
3247;25;628299634;3247;234;3955;3968;9.20;0.56;217.84;4.71;708;25;1352.00;13
3252;25;628299650;3252;236;3955;3968;9.19;0.56;217.88;4.71;703;25;1353.00;13
3255;25;628299665;3255;237;3960;3974;9.20;0.56;217.96;4.71;705;25;1354.00;14
3260;25;628299680;3260;234;3960;3974;9.09;0.56;218.15;4.71;700;25;1355.00;14
3264;25;628299694;3264;232;3961;3974;9.01;0.55;218.33;4.71;697;25;1356.00;13
3269;25;628299706;3269;234;3961;3974;8.87;0.55;218.46;4.71;692;25;1357.00;13
3274;25;628299717;3274;241;3966;3978;8.67;0.53;218.57;4.71;692;25;1358.00;12
3277;25;628299727;3277;239;3968;3979;8.53;0.53;218.67;4.71;691;25;1359.00;11
3283;25;628299737;3283;234;3969;3979;8.44;0.52;218.74;4.71;686;25;1360.00;10
3287;25;628299747;3287;236;3970;3980;8.45;0.52;218.86;4.70;683;25;1361.00;10
3292;25;628299756;3292;232;3970;3980;8.38;0.52;219.00;4.70;678;25;1362.00;10
3297;25;628299789;3297;230;3970;3980;8.40;0.52;219.02;4.70;673;25;1363.00;10
3304;25;628299800;3304;231;3970;3980;8.37;0.52;219.04;4.70;666;25;1364.00;10
3309;25;628299810;3309;228;3970;3980;8.38;0.52;219.08;4.70;661;25;1365.00;10
3312;25;628299819;3312;224;3970;3980;8.45;0.52;219.22;4.70;658;25;1366.00;10
3318;25;628299828;3318;219;3970;3980;8.48;0.52;219.31;4.70;652;25;1367.00;10
3323;25;628299837;3323;221;4009;4050;8.57;0.53;219.49;4.66;686;25;1368.00;41
3326;25;628299852;3326;209;4014;4051;8.69;0.54;219.51;4.65;688;25;1369.00;37
3330;25;628299863;3330;204;4021;4051;8.87;0.55;219.59;4.65;691;25;1370.00;30
3332;25;628299874;3332;202;4024;4051;9.01;0.56;219.71;4.65;692;25;1371.00;27
3337;25;628299884;3337;203;4027;4051;9.11;0.56;219.63;4.65;690;25;1372.00;24
3342;25;628299896;3342;198;4031;4051;9.13;0.56;219.70;4.65;689;25;1373.00;20
3349;25;628299908;3349;197;4035;4051;9.08;0.56;219.68;4.65;686;25;1374.00;16
3352;25;628299920;3352;196;4037;4051;8.98;0.55;219.63;4.65;685;25;1375.00;14
3359;25;628299932;3359;202;4039;4052;8.87;0.54;219.75;4.65;680;25;1376.00;13
3364;25;628299942;3364;205;4040;4053;8.84;0.54;219.85;4.65;676;25;1377.00;13
3367;25;628299951;3367;209;4041;4053;8.81;0.54;219.75;4.65;674;25;1378.00;12
3373;25;628299961;3373;213;4044;4057;8.72;0.53;219.96;4.65;671;25;1379.00;13
3377;25;628299973;3377;213;4044;4057;8.69;0.53;219.97;4.65;667;25;1380.00;13
3382;25;628299982;3382;215;4044;4057;8.70;0.53;220.01;4.65;662;25;1381.00;13
3387;25;628299992;3387;216;4044;4057;8.67;0.53;220.23;4.65;657;25;1382.00;13
3391;25;628300000;3391;215;4049;4063;8.60;0.53;220.14;4.64;658;25;1383.00;14
3394;25;628300016;3394;214;4050;4063;8.51;0.52;220.11;4.64;656;25;1384.00;13
3398;25;628300025;3398;216;4051;4063;8.49;0.52;220.17;4.64;653;25;1385.00;12
3403;25;628300040;3403;220;4053;4066;8.46;0.52;220.23;4.64;650;25;1386.00;13
3406;25;628300051;3406;221;4054;4066;8.49;0.52;220.40;4.65;648;25;1387.00;12
3408;25;628300063;3408;224;4056;4066;8.43;0.52;220.33;4.65;648;25;1388.00;10
3410;25;628300075;3410;223;4057;4067;8.39;0.51;220.48;4.65;647;25;1389.00;10
3415;25;628300092;3415;221;4058;4068;8.36;0.51;220.56;4.65;643;25;1390.00;10
3422;25;628300108;3422;227;4058;4068;8.26;0.50;220.54;4.65;636;25;1391.00;10
3426;25;628300118;3426;233;4071;4081;8.33;0.51;220.65;4.64;645;25;1392.00;10
3429;25;628300128;3429;239;4071;4081;8.31;0.50;220.51;4.64;642;25;1393.00;10
3430;25;628300138;3430;239;4071;4081;8.26;0.50;220.52;4.64;641;25;1394.00;10
3432;25;628300147;3432;239;4073;4083;8.26;0.50;220.64;4.63;641;25;1395.00;10
3434;25;628300157;3434;245;4073;4083;8.17;0.50;220.57;4.63;639;25;1396.00;10
3438;25;628300167;3438;249;4076;4087;8.07;0.49;220.66;4.63;638;25;1397.00;11
3442;25;628300177;3442;261;4076;4087;7.95;0.48;220.68;4.63;634;25;1398.00;11
3442;25;628300186;3442;267;4081;4091;8.06;0.49;220.68;4.63;639;25;1399.00;10
3445;25;628300195;3445;274;4081;4091;7.99;0.48;220.70;4.63;636;25;1400.00;10
3447;25;628300208;3447;281;4081;4091;7.93;0.48;220.74;4.63;634;25;1401.00;10
3449;25;628300218;3449;290;4081;4091;7.85;0.48;220.75;4.63;632;25;1402.00;10
3450;25;628300227;3450;291;4081;4091;7.75;0.47;220.72;4.63;631;25;1403.00;10
3450;25;628300235;3450;294;4092;4103;7.82;0.48;220.72;4.61;642;25;1404.00;11
3452;25;628300245;3452;296;4092;4103;7.72;0.47;220.68;4.61;640;25;1405.00;11
3454;25;628300254;3454;301;4093;4103;7.65;0.47;220.65;4.61;639;25;1406.00;10
3454;25;628300263;3454;293;4093;4103;7.55;0.46;220.65;4.61;639;25;1407.00;10
3456;25;628300273;3456;286;4093;4103;7.46;0.45;220.63;4.61;637;25;1408.00;10
3458;25;628300282;3458;286;4093;4103;7.44;0.45;220.62;4.61;635;25;1409.00;10
3460;25;628300293;3460;285;4094;4104;7.46;0.45;220.61;4.61;634;25;1410.00;10
3460;25;628300301;3460;286;4094;4104;7.50;0.46;220.61;4.61;634;25;1411.00;10
3467;26;628300311;3467;290;4099;4110;7.48;0.45;220.54;4.61;632;26;1412.00;11
3470;26;628300331;3470;290;4100;4111;7.55;0.46;220.63;4.61;630;26;1413.00;11
3470;26;628300341;3470;289;4101;4111;7.56;0.46;220.63;4.61;631;26;1414.00;10
3473;26;628300349;3473;285;4101;4111;7.60;0.46;220.63;4.61;628;26;1415.00;10
3474;26;628300358;3474;268;4105;4115;7.64;0.46;220.60;4.60;631;26;1416.00;10
3477;26;628300367;3477;254;4105;4115;7.71;0.47;220.53;4.60;628;26;1417.00;10
3481;26;628300376;3481;245;4105;4115;7.79;0.47;220.36;4.60;624;26;1418.00;10
3482;26;628300386;3482;235;4106;4116;7.88;0.48;220.31;4.60;624;26;1419.00;10
3483;26;628300397;3483;229;4110;4120;7.94;0.48;220.28;4.60;627;26;1420.00;10
3483;26;628300412;3483;226;4110;4120;8.07;0.49;220.28;4.60;627;26;1421.00;10
3483;26;628300425;3483;219;4112;4123;8.28;0.50;220.28;4.60;629;26;1422.00;11
3483;26;628300440;3483;215;4113;4123;8.44;0.51;220.28;4.66;630;26;1423.00;10
3486;26;628300465;3486;207;4114;4123;8.60;0.52;220.24;4.66;628;26;1424.00;9
3489;26;628300478;3489;201;4114;4123;8.72;0.53;220.14;4.66;625;26;1425.00;9
3490;26;628300487;3490;194;4117;4127;8.89;0.54;220.10;4.66;627;26;1426.00;10
3490;26;628300497;3490;190;4117;4127;9.04;0.55;220.10;4.66;627;26;1427.00;10
3491;26;628300505;3491;190;4118;4127;9.04;0.55;220.13;4.66;627;26;1428.00;9
3492;26;628300519;3492;193;4118;4127;9.09;0.55;220.14;4.66;626;26;1429.00;9
3494;26;628300528;3494;187;4119;4128;9.15;0.56;220.07;4.66;625;26;1430.00;9
3495;26;628300537;3495;187;4120;4129;9.28;0.56;220.07;4.66;625;26;1431.00;9
3495;26;628300546;3495;183;4120;4129;9.37;0.57;220.07;4.66;625;26;1432.00;9
3496;26;628300555;3496;180;4121;4130;9.47;0.58;220.05;4.65;625;26;1433.00;9
3496;26;628300564;3496;182;4121;4130;9.50;0.58;220.05;4.65;625;26;1434.00;9
3497;26;628300572;3497;173;4121;4130;9.60;0.59;220.07;4.65;624;26;1435.00;9
3498;26;628300582;3498;163;4121;4130;9.69;0.59;220.09;4.65;623;26;1436.00;9
3499;26;628300592;3499;151;4121;4130;9.80;0.60;220.09;4.65;622;26;1437.00;9
3500;26;628300603;3500;145;4121;4130;10.01;0.61;220.06;4.65;621;26;1438.00;9
3503;26;628300612;3503;139;4121;4130;10.22;0.62;220.03;4.65;618;26;1439.00;9
3505;26;628300622;3505;174;4229;4360;10.01;0.63;220.04;4.54;724;26;1440.00;131
3506;26;628300657;3506;159;4232;4361;10.16;0.63;220.06;4.53;726;26;1441.00;129
3507;26;628300668;3507;140;4243;4361;10.37;0.65;220.05;4.53;736;26;1442.00;118
3509;26;628300686;3509;129;4249;4361;10.53;0.65;220.05;4.52;740;26;1443.00;112
3511;26;628300704;3511;120;4257;4361;10.67;0.66;220.02;4.59;746;26;1444.00;104
3513;26;628300721;3513;119;4262;4361;10.77;0.67;219.93;4.59;749;26;1445.00;99
3516;26;628300731;3516;119;4268;4361;10.79;0.67;219.95;4.59;752;26;1446.00;93
3521;26;628300754;3521;125;4272;4361;10.78;0.66;219.89;4.60;751;26;1447.00;89
3522;26;628300764;3522;124;4279;4362;10.83;0.67;219.87;4.60;757;26;1448.00;83
3522;26;628300781;3522;125;4280;4363;10.87;0.67;219.87;4.60;758;26;1449.00;83
3524;26;628300793;3524;124;4283;4363;10.94;0.67;219.79;4.61;759;26;1450.00;80
3524;26;628300804;3524;137;4290;4364;10.91;0.67;219.79;4.62;766;26;1451.00;74
3525;26;628300815;3525;139;4293;4364;10.90;0.67;219.81;4.62;768;26;1452.00;71
3525;26;628300824;3525;140;4296;4364;10.93;0.67;219.81;4.63;771;26;1453.00;68
3527;26;628300835;3527;153;4299;4364;10.92;0.67;219.77;4.63;772;26;1454.00;65
3529;26;628300845;3529;153;4303;4368;10.89;0.67;219.84;4.64;774;26;1455.00;65
3530;26;628300862;3530;163;4304;4368;10.87;0.67;219.84;4.64;774;26;1456.00;64
3531;26;628300872;3531;159;4306;4368;10.83;0.66;219.88;4.64;775;26;1457.00;62
3536;26;628300883;3536;166;4308;4371;10.83;0.66;219.96;4.70;772;26;1458.00;63
3540;26;628300894;3540;171;4308;4371;10.84;0.66;219.92;4.70;768;26;1459.00;63
3544;26;628300905;3544;166;4309;4371;10.90;0.67;219.89;4.70;765;26;1460.00;62
3546;26;628300915;3546;168;4314;4375;10.92;0.67;219.85;4.76;768;26;1461.00;61
3548;26;628300926;3548;164;4315;4376;11.10;0.68;219.97;4.76;767;26;1462.00;61
3554;26;628300938;3554;159;4317;4376;11.25;0.69;220.02;4.82;763;26;1463.00;59
3559;26;628300949;3559;158;4319;4380;11.32;0.69;220.03;4.82;760;26;1464.00;61
3562;26;628300960;3562;152;4323;4380;11.29;0.69;220.02;4.88;761;26;1465.00;57
3566;27;628300973;3566;148;4323;4380;11.33;0.69;220.09;4.88;757;27;1466.00;57
3568;27;628300996;3568;147;4324;4381;11.46;0.70;220.14;4.87;756;27;1467.00;57
3572;27;628301007;3572;141;4325;4381;11.53;0.70;220.18;4.88;753;27;1468.00;56
3576;27;628301019;3576;138;4328;4387;11.51;0.70;220.28;4.93;752;27;1469.00;59
3578;27;628301037;3578;135;4328;4387;11.57;0.70;220.38;4.93;750;27;1470.00;59
3580;27;628301052;3580;130;4329;4388;11.57;0.70;220.54;4.93;749;27;1471.00;59
3583;27;628301063;3583;127;4331;4388;11.57;0.70;220.51;4.98;748;27;1472.00;57
3583;27;628301075;3583;128;4332;4388;11.52;0.70;220.51;4.98;749;27;1473.00;56
3587;27;628301093;3587;125;4332;4388;11.52;0.70;220.75;4.98;745;27;1474.00;56
3591;27;628301104;3591;135;4333;4388;11.48;0.70;220.86;5.02;742;27;1475.00;55
3594;27;628301117;3594;137;4344;4400;11.44;0.70;220.79;5.01;750;27;1476.00;56
3595;27;628301129;3595;138;4348;4400;11.36;0.69;220.80;5.05;753;27;1477.00;52
3597;27;628301141;3597;140;4348;4400;11.31;0.69;220.81;5.05;751;27;1478.00;52
3600;27;628301153;3600;141;4350;4400;11.29;0.69;220.76;5.06;750;27;1479.00;50
3603;27;628301164;3603;148;4351;4400;11.20;0.68;220.67;5.07;748;27;1480.00;49
3606;27;628301180;3606;151;4352;4400;11.13;0.68;220.70;5.07;746;27;1481.00;48
3607;27;628301192;3607;162;4356;4404;11.01;0.67;220.69;5.07;749;27;1482.00;48
3609;27;628301204;3609;161;4358;4404;10.97;0.67;220.67;5.08;749;27;1483.00;46
3612;27;628301215;3612;164;4361;4408;10.95;0.67;220.64;5.09;749;27;1484.00;47
3614;27;628301227;3614;170;4365;4410;10.91;0.67;220.63;5.10;751;27;1485.00;45
3614;27;628301238;3614;177;4367;4410;10.88;0.66;220.63;5.10;753;27;1486.00;43
3616;27;628301251;3616;177;4368;4410;10.89;0.67;220.75;5.11;752;27;1487.00;42
3618;27;628301262;3618;185;4377;4423;10.82;0.66;220.81;5.10;759;27;1488.00;46
3620;27;628301274;3620;187;4377;4423;10.77;0.66;220.89;5.10;757;27;1489.00;46
3622;27;628301285;3622;194;4380;4423;10.70;0.65;220.93;5.13;758;27;1490.00;43
3626;27;628301296;3626;199;4381;4424;10.63;0.65;220.90;5.13;755;27;1491.00;43
3630;28;628301307;3630;206;4383;4425;10.59;0.65;220.95;5.15;753;28;1492.00;42
3633;28;628301334;3633;211;4384;4425;10.54;0.64;221.00;5.17;751;28;1493.00;41
3634;28;628301345;3634;216;4387;4428;10.47;0.64;221.00;5.17;753;28;1494.00;41
3638;28;628301357;3638;219;4388;4428;10.39;0.63;221.08;5.19;750;28;1495.00;40
3643;28;628301367;3643;224;4390;4428;10.34;0.63;221.14;5.20;747;28;1496.00;38
3646;28;628301378;3646;234;4392;4428;10.26;0.62;221.24;5.22;746;28;1497.00;36
3650;28;628301389;3650;243;4398;4434;10.25;0.62;221.16;5.24;748;28;1498.00;36
3655;28;628301400;3655;249;4399;4434;10.11;0.61;221.21;5.25;744;28;1499.00;35
3658;28;628301415;3658;255;4405;4453;9.95;0.60;221.23;5.27;747;28;1500.00;48
3659;28;628301434;3659;258;4409;4453;9.77;0.59;221.28;5.30;750;28;1501.00;44
3661;28;628301445;3661;263;4412;4457;9.65;0.59;221.27;5.30;751;28;1502.00;45
3663;28;628301456;3663;264;4417;4458;9.59;0.58;221.22;5.35;754;28;1503.00;41
3664;28;628301468;3664;268;4418;4458;9.49;0.58;221.22;5.36;754;28;1504.00;40
3666;28;628301479;3666;275;4420;4459;9.39;0.57;221.24;5.37;754;28;1505.00;39
3669;28;628301488;3669;283;4422;4459;9.30;0.57;221.30;5.37;753;28;1506.00;37
3671;28;628301498;3671;287;4424;4459;9.20;0.56;221.29;5.38;753;28;1507.00;35
3673;28;628301508;3673;290;4426;4459;9.09;0.56;221.29;5.39;753;28;1508.00;33
3675;28;628301518;3675;292;4427;4459;9.03;0.55;221.24;5.40;752;28;1509.00;32
3678;28;628301527;3678;286;4428;4459;8.92;0.55;221.19;5.40;750;28;1510.00;31
3681;28;628301538;3681;283;4429;4459;8.87;0.54;221.16;5.40;748;28;1511.00;30
3683;28;628301547;3683;285;4462;4529;8.91;0.55;221.12;5.38;779;28;1512.00;67
3684;28;628301563;3684;283;4466;4530;8.93;0.55;221.13;5.38;782;28;1513.00;64
3685;28;628301574;3685;278;4474;4530;9.02;0.55;221.12;5.38;789;28;1514.00;56
3686;28;628301584;3686;274;4476;4530;9.03;0.56;221.09;5.38;790;28;1515.00;54
3688;28;628301601;3688;272;4480;4530;9.09;0.56;221.08;5.38;792;28;1516.00;50
3690;28;628301617;3690;271;4483;4530;9.15;0.56;221.06;5.38;793;28;1517.00;47
3695;28;628301633;3695;270;4488;4530;9.12;0.56;221.00;5.38;793;28;1518.00;42
3700;28;628301649;3700;271;4489;4530;9.07;0.56;220.97;5.38;789;28;1519.00;41
3704;28;628301667;3704;276;4493;4531;9.04;0.55;220.93;5.39;789;28;1520.00;38
3708;28;628301693;3708;274;4496;4532;9.00;0.55;220.98;5.39;788;28;1521.00;36
3712;28;628301707;3712;272;4499;4532;8.92;0.54;221.03;5.39;787;28;1522.00;33
3716;28;628301719;3716;275;4503;4536;8.74;0.53;221.07;5.39;787;28;1523.00;33
3718;28;628301731;3718;271;4505;4536;8.64;0.53;221.14;5.39;787;28;1524.00;31
3723;28;628301746;3723;275;4505;4536;8.48;0.52;221.36;5.39;782;28;1525.00;31
3729;28;628301765;3729;272;4505;4536;8.33;0.51;221.35;5.39;776;28;1526.00;31
3734;28;628301780;3734;279;4509;4542;8.22;0.50;221.43;5.39;775;28;1527.00;33
3740;28;628301802;3740;285;4510;4542;8.10;0.50;221.54;5.39;770;28;1528.00;32
3740;28;628301818;3740;288;4510;4542;8.00;0.49;221.54;5.39;770;28;1529.00;32
3745;28;628301837;3745;283;4513;4548;7.83;0.48;221.74;5.39;768;28;1530.00;35
3747;28;628301854;3747;274;4513;4548;7.73;0.47;221.82;5.39;766;28;1531.00;35
3749;28;628301869;3749;277;4513;4548;7.73;0.48;221.85;5.39;764;28;1532.00;35
3756;28;628301882;3756;279;4516;4549;7.62;0.47;221.87;5.40;760;28;1533.00;33
3758;28;628301895;3758;275;4517;4550;7.63;0.47;221.96;5.40;759;28;1534.00;33
3765;28;628301910;3765;272;4517;4550;7.51;0.46;221.93;5.40;752;28;1535.00;33
3766;28;628301923;3766;274;4530;4563;7.50;0.46;221.98;5.40;764;28;1536.00;33
3771;28;628301938;3771;270;4530;4563;7.49;0.46;222.08;5.40;759;28;1537.00;33
3773;28;628301952;3773;267;4530;4563;7.53;0.46;222.08;5.40;757;28;1538.00;33
3778;28;628301965;3778;267;4534;4564;7.57;0.46;222.17;5.41;756;28;1539.00;30
3780;28;628301978;3780;262;4535;4564;7.59;0.47;222.25;5.42;755;28;1540.00;29
3782;28;628301988;3782;258;4539;4568;7.61;0.47;222.28;5.42;757;28;1541.00;29
3787;28;628302003;3787;249;4539;4568;7.58;0.46;222.32;5.42;752;28;1542.00;29
3789;28;628302019;3789;246;4543;4572;7.62;0.47;222.39;5.42;754;28;1543.00;29
3793;28;628302030;3793;246;4543;4572;7.61;0.47;222.46;5.42;750;28;1544.00;29
3796;28;628302042;3796;252;4544;4572;7.63;0.47;222.43;5.42;748;28;1545.00;28
3801;28;628302058;3801;244;4544;4572;7.56;0.46;222.44;5.42;743;28;1546.00;28
3804;28;628302073;3804;248;4544;4572;7.55;0.46;222.48;5.42;740;28;1547.00;28
3811;28;628302086;3811;245;4555;4584;7.54;0.46;222.40;5.43;744;28;1548.00;29
3814;28;628302099;3814;249;4556;4584;7.56;0.46;222.42;5.43;742;28;1549.00;28
3818;28;628302108;3818;247;4558;4584;7.62;0.46;222.32;5.43;740;28;1550.00;26
3821;28;628302128;3821;250;4559;4584;7.62;0.46;222.39;5.44;738;28;1551.00;25
3825;28;628302138;3825;250;4559;4584;7.56;0.46;222.43;5.44;734;28;1552.00;25
3826;28;628302149;3826;252;4560;4584;7.51;0.46;222.46;5.45;734;28;1553.00;24
3829;28;628302159;3829;250;4561;4585;7.49;0.46;222.45;5.45;732;28;1554.00;24
3831;28;628302170;3831;261;4563;4587;7.47;0.46;222.41;5.45;732;28;1555.00;24
3834;28;628302181;3834;267;4567;4593;7.46;0.46;222.56;5.45;733;28;1556.00;26
3836;28;628302194;3836;269;4568;4594;7.50;0.46;222.61;5.45;732;28;1557.00;26
3839;28;628302206;3839;272;4569;4594;7.54;0.46;222.52;5.45;730;28;1558.00;25
3841;28;628302216;3841;277;4570;4594;7.52;0.46;222.51;5.46;729;28;1559.00;24
3845;28;628302228;3845;282;4575;4599;7.49;0.46;222.62;5.45;730;28;1560.00;24
3848;28;628302239;3848;286;4576;4599;7.44;0.46;222.63;5.46;728;28;1561.00;23
3852;28;628302249;3852;287;4576;4599;7.31;0.45;222.48;5.46;724;28;1562.00;23
3858;28;628302258;3858;288;4578;4600;7.24;0.45;222.46;5.47;720;28;1563.00;22
3859;28;628302269;3859;287;4582;4604;7.22;0.45;222.52;5.46;723;28;1564.00;22
3864;28;628302279;3864;291;4583;4604;7.16;0.44;222.49;5.47;719;28;1565.00;21
3868;28;628302288;3868;297;4585;4607;7.23;0.44;222.55;5.47;717;28;1566.00;22
3872;28;628302298;3872;299;4586;4607;7.27;0.45;222.57;5.47;714;28;1567.00;21
3878;28;628302308;3878;301;4586;4607;7.18;0.44;222.46;5.47;708;28;1568.00;21
3880;28;628302318;3880;307;4587;4607;7.13;0.44;222.47;5.48;707;28;1569.00;20
3886;28;628302327;3886;309;4590;4611;7.12;0.43;222.36;5.48;704;28;1570.00;21
3889;28;628302337;3889;319;4590;4611;7.04;0.43;222.34;5.48;701;28;1571.00;21
3893;28;628302347;3893;325;4591;4611;6.95;0.42;222.31;5.48;698;28;1572.00;20
3897;28;628302357;3897;330;4591;4611;6.82;0.41;222.26;5.48;694;28;1573.00;20
3898;28;628302375;3898;330;4594;4612;6.74;0.41;222.31;5.49;696;28;1574.00;18
3899;28;628302385;3899;335;4597;4614;6.74;0.41;222.29;5.49;698;28;1575.00;17
3903;28;628302395;3903;339;4598;4614;6.61;0.40;222.23;5.49;695;28;1576.00;16
3904;28;628302404;3904;335;4600;4615;6.66;0.40;222.21;5.49;696;28;1577.00;15
3905;28;628302414;3905;333;4600;4615;6.71;0.41;222.27;5.49;695;28;1578.00;15
3908;28;628302424;3908;327;4601;4615;6.70;0.41;222.37;5.49;693;28;1579.00;14
3909;28;628302434;3909;332;4601;4615;6.70;0.41;222.42;5.49;692;28;1580.00;14
3911;28;628302445;3911;326;4601;4615;6.71;0.41;222.43;5.49;690;28;1581.00;14
3912;28;628302457;3912;326;4601;4615;6.78;0.41;222.49;5.49;689;28;1582.00;14
3913;28;628302469;3913;325;4601;4615;6.88;0.42;222.47;5.49;688;28;1583.00;14
3916;28;628302479;3916;346;4671;4742;7.13;0.44;222.69;5.41;755;28;1584.00;71
3916;28;628302515;3916;339;4673;4743;7.20;0.44;222.69;5.41;757;28;1585.00;70
3916;28;628302527;3916;317;4683;4743;7.32;0.45;222.69;5.40;767;28;1586.00;60
3919;28;628302538;3919;283;4687;4743;7.47;0.46;222.70;5.40;768;28;1587.00;56
3921;28;628302549;3921;254;4693;4743;7.67;0.47;222.66;5.40;772;28;1588.00;50
3922;28;628302562;3922;231;4696;4743;7.83;0.48;222.70;5.40;774;28;1589.00;47
3924;28;628302583;3924;224;4700;4743;8.08;0.50;222.68;5.40;776;28;1590.00;43
3924;28;628302596;3924;211;4701;4743;8.29;0.51;222.68;5.40;777;28;1591.00;42
3924;28;628302609;3924;202;4706;4744;8.48;0.52;222.68;5.40;782;28;1592.00;38
3928;28;628302622;3928;195;4707;4745;8.64;0.53;222.65;5.40;779;28;1593.00;38
3929;28;628302635;3929;186;4711;4745;8.83;0.54;222.70;5.40;782;28;1594.00;34
3929;28;628302648;3929;181;4712;4746;9.04;0.55;222.70;5.41;783;28;1595.00;34
3930;28;628302661;3930;180;4714;4746;9.20;0.56;222.72;5.41;784;28;1596.00;32
3930;28;628302681;3930;178;4716;4746;9.37;0.58;222.72;5.41;786;28;1597.00;30
3933;28;628302695;3933;175;4718;4746;9.49;0.58;222.67;5.41;785;28;1598.00;28
3934;28;628302708;3934;172;4721;4750;9.59;0.59;222.65;5.41;787;28;1599.00;29
3934;28;628302728;3934;166;4722;4750;9.72;0.59;222.65;5.42;788;28;1600.00;28
3936;28;628302744;3936;163;4724;4750;9.84;0.60;222.67;5.42;788;28;1601.00;26
3937;28;628302757;3937;155;4727;4753;9.94;0.61;222.67;5.42;790;28;1602.00;26
3938;28;628302769;3938;155;4729;4753;10.09;0.62;222.69;5.42;791;28;1603.00;24
3941;29;628302781;3941;153;4729;4753;10.19;0.62;222.68;5.42;788;29;1604.00;24
3945;29;628302804;3945;158;4733;4757;10.28;0.63;222.64;5.42;788;29;1605.00;24
3948;29;628302818;3948;154;4735;4758;10.41;0.63;222.61;5.42;787;29;1606.00;23
3950;29;628302830;3950;150;4735;4758;10.54;0.64;222.63;5.42;785;29;1607.00;23
3952;29;628302843;3952;145;4738;4762;10.67;0.65;222.65;5.42;786;29;1608.00;24
3953;29;628302855;3953;145;4738;4762;10.74;0.65;222.68;5.42;785;29;1609.00;24
3957;30;628302869;3957;143;4738;4762;10.73;0.65;222.70;5.42;781;30;1610.00;24
3958;30;628302894;3958;140;4739;4763;10.83;0.66;222.68;5.41;781;30;1611.00;24
3962;30;628302908;3962;138;4739;4763;10.92;0.66;222.62;5.41;777;30;1612.00;24
3965;30;628302930;3965;142;4743;4769;10.97;0.67;222.69;5.41;778;30;1613.00;26
3966;30;628302942;3966;144;4743;4769;11.08;0.67;222.77;5.41;777;30;1614.00;26
3967;30;628302954;3967;141;4745;4770;11.16;0.68;222.84;5.45;778;30;1615.00;25
3970;30;628302965;3970;143;4745;4770;11.24;0.68;222.96;5.45;775;30;1616.00;25
3976;31;628302977;3976;145;4745;4770;11.27;0.69;223.16;5.45;769;31;1617.00;25
3978;31;628302999;3978;143;4745;4770;11.37;0.69;223.14;5.45;767;31;1618.00;25
3983;31;628303011;3983;142;4745;4770;11.42;0.69;223.25;5.45;762;31;1619.00;25
3988;31;628303024;3988;139;4766;4806;11.40;0.69;223.29;5.42;778;31;1620.00;40
3992;32;628303039;3992;140;4766;4806;11.41;0.69;223.23;5.42;774;32;1621.00;40
3995;32;628303062;3995;142;4768;4806;11.46;0.70;223.34;5.42;773;32;1622.00;38
3999;32;628303073;3999;144;4770;4806;11.52;0.70;223.47;5.42;771;32;1623.00;36
4002;32;628303085;4002;143;4770;4806;11.56;0.70;223.44;5.42;768;32;1624.00;36
4004;32;628303099;4004;143;4771;4806;11.68;0.71;223.45;5.42;767;32;1625.00;35
4010;32;628303114;4010;147;4774;4810;11.69;0.71;223.51;5.42;764;32;1626.00;36
4013;32;628303129;4013;151;4775;4810;11.79;0.71;223.47;5.42;762;32;1627.00;35
4017;32;628303140;4017;152;4777;4814;11.82;0.72;223.55;5.41;760;32;1628.00;37
4021;32;628303152;4021;152;4780;4815;11.77;0.71;223.67;5.41;759;32;1629.00;35
4022;32;628303163;4022;148;4780;4815;11.75;0.71;223.72;5.41;758;32;1630.00;35
4026;32;628303174;4026;146;4781;4815;11.70;0.71;223.73;5.41;755;32;1631.00;34
4029;32;628303185;4029;148;4790;4828;11.61;0.70;223.80;5.40;761;32;1632.00;38
4030;32;628303197;4030;149;4791;4828;11.64;0.71;223.76;5.44;761;32;1633.00;37
4033;32;628303208;4033;147;4791;4828;11.63;0.71;223.88;5.44;758;32;1634.00;37
4039;32;628303219;4039;144;4793;4829;11.64;0.71;224.00;5.45;754;32;1635.00;36
4042;32;628303237;4042;141;4793;4830;11.67;0.71;223.98;5.45;751;32;1636.00;37
4047;32;628303248;4047;141;4793;4830;11.76;0.71;224.01;5.45;746;32;1637.00;37
4050;32;628303259;4050;135;4795;4833;11.78;0.72;223.96;5.45;745;32;1638.00;38
4054;32;628303270;4054;133;4795;4833;11.82;0.72;224.02;5.45;741;32;1639.00;38
4056;32;628303283;4056;132;4796;4833;11.82;0.72;224.01;5.45;740;32;1640.00;37
4059;32;628303294;4059;127;4796;4833;11.79;0.72;224.00;5.45;737;32;1641.00;37
4061;32;628303305;4061;128;4800;4839;11.91;0.73;223.95;5.44;739;32;1642.00;39
4065;32;628303316;4065;123;4800;4839;11.97;0.73;223.97;5.44;735;32;1643.00;39
4069;32;628303327;4069;125;4801;4839;12.01;0.73;224.01;5.44;732;32;1644.00;38
4070;32;628303337;4070;125;4801;4839;12.02;0.73;223.96;5.44;731;32;1645.00;38
4074;32;628303349;4074;125;4805;4843;11.98;0.73;224.03;5.45;731;32;1646.00;38
4076;32;628303360;4076;131;4806;4844;11.96;0.73;224.03;5.44;730;32;1647.00;38
4080;32;628303372;4080;129;4806;4844;11.89;0.72;223.99;5.44;726;32;1648.00;38
4082;32;628303383;4082;131;4807;4845;11.92;0.72;223.94;5.44;725;32;1649.00;38
4085;32;628303396;4085;134;4808;4845;11.91;0.72;223.93;5.45;723;32;1650.00;37
4088;32;628303407;4088;133;4809;4845;11.90;0.72;223.87;5.46;721;32;1651.00;36
4091;32;628303418;4091;136;4810;4845;11.84;0.72;223.92;5.47;719;32;1652.00;35
4091;32;628303429;4091;141;4810;4845;11.84;0.72;223.92;5.47;719;32;1653.00;35
4091;32;628303440;4091;147;4812;4845;11.79;0.72;223.92;5.48;721;32;1654.00;33
4094;32;628303451;4094;150;4814;4845;11.72;0.71;223.91;5.49;720;32;1655.00;31
4096;32;628303463;4096;162;4849;4915;11.53;0.70;223.95;5.45;753;32;1656.00;66
4097;32;628303486;4097;160;4849;4916;11.44;0.70;223.99;5.45;752;32;1657.00;67
4098;32;628303498;4098;163;4859;4916;11.43;0.70;223.98;5.44;761;32;1658.00;57
4099;32;628303510;4099;165;4863;4916;11.42;0.70;223.99;5.46;764;32;1659.00;53
4102;32;628303522;4102;172;4868;4916;11.37;0.69;224.06;5.46;766;32;1660.00;48
4103;32;628303536;4103;179;4870;4916;11.35;0.69;224.06;5.46;767;32;1661.00;46
4104;32;628303548;4104;180;4874;4916;11.25;0.69;224.11;5.48;770;32;1662.00;42
4107;32;628303560;4107;187;4878;4916;11.24;0.69;224.15;5.48;771;32;1663.00;38
4109;32;628303572;4109;186;4878;4917;11.16;0.68;224.14;5.48;769;32;1664.00;39
4110;32;628303584;4110;191;4887;4919;11.13;0.68;224.15;5.51;777;32;1665.00;32
4112;32;628303601;4112;194;4889;4919;11.03;0.67;224.11;5.51;777;32;1666.00;30
4116;32;628303618;4116;202;4891;4923;10.91;0.67;224.20;5.51;775;32;1667.00;32
4121;32;628303641;4121;202;4893;4923;10.75;0.66;224.20;5.53;772;32;1668.00;30
4125;32;628303662;4125;206;4893;4923;10.61;0.65;224.24;5.53;768;32;1669.00;30
4129;32;628303680;4129;207;4893;4923;10.54;0.64;224.22;5.53;764;32;1670.00;30
4131;32;628303698;4131;217;4899;4929;10.56;0.64;224.17;5.53;768;32;1671.00;30
4132;32;628303720;4132;223;4899;4929;10.56;0.64;224.17;5.53;767;32;1672.00;30
4135;32;628303734;4135;233;4900;4929;10.48;0.64;224.12;5.53;765;32;1673.00;29
4139;32;628303747;4139;234;4903;4932;10.37;0.63;224.09;5.54;764;32;1674.00;29
4141;32;628303760;4141;240;4904;4932;10.28;0.63;224.09;5.54;763;32;1675.00;28
4143;32;628303774;4143;242;4907;4932;10.14;0.62;224.08;5.57;764;32;1676.00;25
4145;32;628303787;4145;250;4907;4933;10.01;0.61;224.10;5.57;762;32;1677.00;26
4148;32;628303800;4148;256;4909;4934;9.87;0.60;224.07;5.57;761;32;1678.00;25
4151;32;628303813;4151;257;4909;4934;9.67;0.59;224.04;5.57;758;32;1679.00;25
4154;32;628303827;4154;258;4926;4960;9.47;0.58;223.96;5.56;772;32;1680.00;34
4158;32;628303842;4158;259;4929;4960;9.30;0.57;223.96;5.56;771;32;1681.00;31
4163;32;628303855;4163;255;4931;4960;9.15;0.56;223.85;5.56;768;32;1682.00;29
4163;32;628303867;4163;247;4932;4961;9.13;0.56;223.85;5.56;769;32;1683.00;29
4166;32;628303878;4166;250;4935;4961;8.98;0.55;223.94;5.57;769;32;1684.00;26
4171;32;628303890;4171;252;4938;4965;8.88;0.54;223.96;5.57;767;32;1685.00;27
4175;32;628303902;4175;254;4938;4965;8.85;0.54;223.88;5.57;763;32;1686.00;27
4176;32;628303914;4176;255;4942;4969;8.78;0.54;223.86;5.57;766;32;1687.00;27
4179;32;628303926;4179;262;4944;4969;8.76;0.54;223.80;5.58;765;32;1688.00;25
4181;32;628303938;4181;266;4947;4969;8.70;0.53;223.77;5.58;766;32;1689.00;22
4183;32;628303949;4183;272;4947;4969;8.58;0.53;223.91;5.58;764;32;1690.00;22
4187;32;628303959;4187;279;4947;4969;8.48;0.52;223.98;5.58;760;32;1691.00;22
4189;32;628303973;4189;280;4960;4981;8.41;0.52;224.00;5.57;771;32;1692.00;21
4192;32;628303988;4192;284;4960;4981;8.24;0.51;223.98;5.57;768;32;1693.00;21
4196;32;628304001;4196;286;4961;4981;8.19;0.50;224.01;5.57;765;32;1694.00;20
4200;32;628304014;4200;290;4962;4981;8.06;0.50;223.98;5.57;762;32;1695.00;19
4204;32;628304026;4204;289;4962;4981;7.95;0.49;224.02;5.57;758;32;1696.00;19
4207;32;628304037;4207;294;4962;4981;7.79;0.48;224.03;5.57;755;32;1697.00;19
4208;32;628304048;4208;299;4963;4982;7.55;0.47;224.02;5.57;755;32;1698.00;19
4210;32;628304060;4210;304;4963;4982;7.27;0.45;224.09;5.57;753;32;1699.00;19
4212;32;628304085;4212;303;4968;4988;7.14;0.44;224.14;5.56;756;32;1700.00;20
4216;32;628304104;4216;308;4970;4989;7.03;0.44;224.11;5.56;754;32;1701.00;19
4220;32;628304115;4220;310;4970;4989;6.97;0.43;224.20;5.56;750;32;1702.00;19
4224;32;628304126;4224;300;4970;4989;6.92;0.43;224.18;5.56;746;32;1703.00;19
4227;32;628304136;4227;298;4974;4993;6.98;0.43;224.10;5.56;747;32;1704.00;19
4230;32;628304148;4230;293;4974;4993;6.93;0.43;224.24;5.56;744;32;1705.00;19
4236;32;628304159;4236;293;4974;4993;6.88;0.43;224.27;5.56;738;32;1706.00;19
4239;32;628304172;4239;281;4975;4994;6.87;0.43;224.29;5.56;736;32;1707.00;19
4243;32;628304184;4243;275;4979;4998;6.84;0.42;224.30;5.55;736;32;1708.00;19
4245;32;628304198;4245;272;4979;4998;6.90;0.43;224.32;5.55;734;32;1709.00;19
4249;32;628304214;4249;277;4982;5004;7.00;0.43;224.26;5.55;733;32;1710.00;22
4251;32;628304237;4251;278;4983;5004;7.01;0.43;224.24;5.55;732;32;1711.00;21
4256;32;628304254;4256;281;4983;5004;7.03;0.43;224.20;5.55;727;32;1712.00;21
4261;32;628304278;4261;281;4984;5004;7.06;0.43;224.26;5.55;723;32;1713.00;20
4264;32;628304293;4264;282;4987;5008;7.12;0.44;224.18;5.55;723;32;1714.00;21
4270;32;628304310;4270;289;4987;5008;7.08;0.43;224.09;5.55;717;32;1715.00;21
4273;32;628304325;4273;288;4988;5008;7.08;0.43;224.17;5.55;715;32;1716.00;20
4277;32;628304340;4277;283;4988;5008;7.02;0.43;224.13;5.55;711;32;1717.00;20
4279;32;628304353;4279;289;4990;5009;7.06;0.43;224.13;5.54;711;32;1718.00;19
4281;32;628304367;4281;291;4991;5010;7.13;0.44;224.09;5.54;710;32;1719.00;19
4286;32;628304382;4286;292;4991;5010;7.12;0.43;224.20;5.54;705;32;1720.00;19
4287;32;628304394;4287;295;4992;5011;7.15;0.44;224.22;5.54;705;32;1721.00;19
4289;32;628304405;4289;295;4992;5011;7.13;0.44;224.25;5.54;703;32;1722.00;19
4293;32;628304418;4293;290;4992;5011;7.10;0.44;224.24;5.54;699;32;1723.00;19
4297;32;628304430;4297;285;4992;5011;7.08;0.43;224.29;5.54;695;32;1724.00;19
4300;32;628304441;4300;276;4992;5011;7.08;0.43;224.31;5.54;692;32;1725.00;19
4302;32;628304452;4302;274;4992;5011;7.15;0.44;224.32;5.54;690;32;1726.00;19
4306;32;628304462;4306;282;4992;5011;7.14;0.44;224.32;5.54;686;32;1727.00;19
4310;32;628304473;4310;291;5063;5138;7.51;0.47;224.24;5.46;753;32;1728.00;75
4317;32;628304494;4317;293;5066;5139;7.44;0.46;224.21;5.46;749;32;1729.00;73
4320;32;628304506;4320;291;5076;5139;7.58;0.47;224.24;5.46;756;32;1730.00;63
4323;32;628304518;4323;290;5082;5139;7.54;0.47;224.28;5.51;759;32;1731.00;57
4325;32;628304531;4325;288;5086;5139;7.57;0.47;224.32;5.51;761;32;1732.00;53
4327;32;628304542;4327;292;5091;5139;7.62;0.47;224.28;5.51;764;32;1733.00;48
4329;32;628304553;4329;297;5096;5139;7.72;0.48;224.27;5.51;767;32;1734.00;43
4336;32;628304564;4336;299;5098;5139;7.75;0.48;224.20;5.51;762;32;1735.00;41
4338;32;628304577;4338;300;5102;5140;7.74;0.48;224.20;5.51;764;32;1736.00;38
4341;32;628304590;4341;304;5104;5141;7.68;0.47;224.23;5.51;763;32;1737.00;37
4342;32;628304604;4342;310;5108;5141;7.70;0.47;224.25;5.52;766;32;1738.00;33
4347;32;628304617;4347;307;5111;5142;7.59;0.47;224.24;5.52;764;32;1739.00;31
4350;32;628304632;4350;299;5115;5142;7.62;0.47;224.29;5.52;765;32;1740.00;27
4351;32;628304645;4351;296;5116;5142;7.74;0.48;224.32;5.52;765;32;1741.00;26
4353;32;628304658;4353;297;5117;5142;7.83;0.48;224.33;5.52;764;32;1742.00;25
4355;32;628304671;4355;295;5120;5146;7.92;0.49;224.29;5.52;765;32;1743.00;26
4357;32;628304684;4357;297;5122;5146;8.02;0.49;224.31;5.53;765;32;1744.00;24
4359;32;628304708;4359;292;5122;5146;8.02;0.49;224.32;5.53;763;32;1745.00;24
4363;32;628304723;4363;295;5125;5149;8.07;0.49;224.23;5.53;762;32;1746.00;24
4363;32;628304739;4363;279;5126;5149;8.16;0.50;224.23;5.53;763;32;1747.00;23
4366;32;628304750;4366;268;5128;5149;8.15;0.50;224.36;5.59;762;32;1748.00;21
4369;32;628304763;4369;261;5132;5153;8.20;0.50;224.35;5.58;763;32;1749.00;21
4371;32;628304776;4371;256;5134;5154;8.29;0.50;224.33;5.58;763;32;1750.00;20
4374;32;628304799;4374;252;5134;5154;8.40;0.51;224.52;5.58;760;32;1751.00;20
4376;32;628304810;4376;248;5139;5158;8.58;0.52;224.53;5.58;763;32;1752.00;19
4378;32;628304822;4378;240;5139;5158;8.66;0.53;224.54;5.58;761;32;1753.00;19
4380;32;628304834;4380;241;5140;5158;8.71;0.53;224.56;5.64;760;32;1754.00;18
4380;32;628304845;4380;236;5142;5160;8.79;0.54;224.56;5.64;762;32;1755.00;18
4384;32;628304856;4384;219;5142;5160;8.81;0.54;224.62;5.64;758;32;1756.00;18
4386;32;628304868;4386;201;5146;5166;8.89;0.54;224.55;5.63;760;32;1757.00;20
4388;32;628304882;4388;188;5146;5166;9.03;0.55;224.59;5.63;758;32;1758.00;20
4391;32;628304893;4391;178;5147;5167;9.17;0.56;224.68;5.63;756;32;1759.00;20
4392;32;628304905;4392;168;5147;5167;9.37;0.57;224.71;5.63;755;32;1760.00;20
4393;32;628304918;4393;157;5147;5167;9.59;0.58;224.72;5.63;754;32;1761.00;20
4397;32;628304931;4397;149;5147;5167;9.74;0.59;224.85;5.63;750;32;1762.00;20
4402;32;628304943;4402;143;5147;5167;9.82;0.60;224.98;5.63;745;32;1763.00;20
4403;32;628304955;4403;134;5156;5179;10.05;0.61;224.96;5.62;753;32;1764.00;23
4405;32;628304970;4405;133;5157;5179;10.20;0.62;224.99;5.62;752;32;1765.00;22
4407;32;628304982;4407;130;5158;5179;10.41;0.63;225.02;5.62;751;32;1766.00;21
4414;32;628304995;4414;133;5158;5179;10.54;0.64;225.21;5.62;744;32;1767.00;21
4415;32;628305007;4415;129;5158;5179;10.78;0.65;225.29;5.62;743;32;1768.00;21
4416;32;628305026;4416;134;5159;5179;10.92;0.66;225.28;5.68;743;32;1769.00;20
4421;32;628305040;4421;134;5162;5183;10.98;0.67;225.37;5.68;741;32;1770.00;21
4425;32;628305053;4425;130;5162;5183;11.17;0.68;225.49;5.68;737;32;1771.00;21
4428;32;628305066;4428;128;5165;5187;11.28;0.68;225.47;5.68;737;32;1772.00;22
4430;32;628305078;4430;128;5167;5188;11.37;0.69;225.53;5.68;737;32;1773.00;21
4433;32;628305091;4433;124;5167;5188;11.41;0.69;225.62;5.68;734;32;1774.00;21
4434;32;628305104;4434;126;5167;5188;11.52;0.70;225.76;5.68;733;32;1775.00;21
4438;32;628305116;4438;131;5177;5201;11.60;0.70;225.83;5.67;739;32;1776.00;24
4440;32;628305129;4440;127;5177;5201;11.67;0.71;225.89;5.67;737;32;1777.00;24
4441;32;628305142;4441;126;5178;5201;11.76;0.71;225.88;5.67;737;32;1778.00;23
4443;33;628305156;4443;128;5179;5202;11.82;0.72;225.92;5.66;736;33;1779.00;23
4448;33;628305175;4448;129;5179;5203;11.87;0.72;226.01;5.66;731;33;1780.00;24
4450;33;628305187;4450;131;5179;5203;11.90;0.72;226.09;5.66;729;33;1781.00;24
4450;33;628305200;4450;127;5181;5206;11.93;0.73;226.09;5.66;731;33;1782.00;25
4454;33;628305212;4454;128;5181;5206;11.91;0.73;226.12;5.66;727;33;1783.00;25
4458;33;628305244;4458;128;5182;5206;11.97;0.73;226.22;5.66;724;33;1784.00;24
4460;33;628305261;4460;129;5182;5206;12.03;0.73;226.26;5.66;722;33;1785.00;24
4463;33;628305273;4463;126;5186;5212;12.10;0.74;226.32;5.66;723;33;1786.00;26
4468;33;628305286;4468;124;5186;5212;12.12;0.74;226.43;5.66;718;33;1787.00;26
4470;33;628305299;4470;122;5187;5212;12.16;0.74;226.46;5.66;717;33;1788.00;25
4473;33;628305311;4473;120;5187;5212;12.22;0.74;226.58;5.66;714;33;1789.00;25
4477;33;628305323;4477;119;5190;5216;12.19;0.74;226.62;5.66;713;33;1790.00;26
4478;33;628305335;4478;116;5191;5217;12.30;0.75;226.63;5.65;713;33;1791.00;26
4482;33;628305347;4482;117;5191;5217;12.37;0.75;226.79;5.65;709;33;1792.00;26
4489;33;628305364;4489;118;5192;5218;12.50;0.76;226.86;5.65;703;33;1793.00;26
4490;33;628305381;4490;120;5192;5218;12.62;0.77;226.89;5.65;702;33;1794.00;26
4492;33;628305395;4492;120;5192;5218;12.68;0.77;226.97;5.65;700;33;1795.00;26
4495;33;628305407;4495;118;5192;5218;12.76;0.78;227.01;5.65;697;33;1796.00;26
4500;33;628305418;4500;117;5192;5218;12.83;0.78;227.12;5.65;692;33;1797.00;26
4506;33;628305430;4506;123;5192;5218;12.77;0.78;227.23;5.65;686;33;1798.00;26
4510;33;628305441;4510;121;5193;5218;12.72;0.78;227.26;5.72;683;33;1799.00;25
4513;33;628305454;4513;136;5255;5356;12.23;0.75;227.28;5.65;742;33;1800.00;101
4518;33;628305482;4518;123;5255;5357;12.24;0.75;227.33;5.65;737;33;1801.00;102
4521;33;628305494;4521;115;5265;5357;12.27;0.76;227.40;5.65;744;33;1802.00;92
4524;33;628305506;4524;108;5270;5357;12.37;0.76;227.32;5.64;746;33;1803.00;87
4529;33;628305518;4529;107;5276;5357;12.44;0.76;227.30;5.64;747;33;1804.00;81
4533;33;628305531;4533;112;5282;5357;12.42;0.76;227.33;5.66;749;33;1805.00;75
4541;33;628305544;4541;110;5288;5357;12.41;0.76;227.29;5.66;747;33;1806.00;69
4546;33;628305556;4546;107;5288;5357;12.48;0.76;227.49;5.66;742;33;1807.00;69
4550;33;628305568;4550;109;5293;5358;12.49;0.77;227.46;5.66;743;33;1808.00;65
4555;33;628305580;4555;106;5295;5359;12.56;0.77;227.45;5.66;740;33;1809.00;64
4558;33;628305594;4558;100;5296;5359;12.57;0.77;227.44;5.66;738;33;1810.00;63
4560;33;628305614;4560;99;5299;5363;12.52;0.77;227.42;5.66;739;33;1811.00;64
4565;33;628305632;4565;99;5300;5363;12.49;0.77;227.46;5.66;735;33;1812.00;63
4568;33;628305650;4568;103;5303;5363;12.47;0.76;227.39;5.73;735;33;1813.00;60
4571;33;628305668;4571;102;5304;5363;12.39;0.76;227.40;5.73;733;33;1814.00;59
4575;33;628305695;4575;103;5306;5369;12.43;0.76;227.44;5.73;731;33;1815.00;63
4578;33;628305713;4578;102;5307;5369;12.42;0.76;227.39;5.73;729;33;1816.00;62
4581;33;628305726;4581;105;5308;5369;12.30;0.75;227.41;5.80;727;33;1817.00;61
4582;34;628305739;4582;110;5311;5372;12.28;0.75;227.42;5.80;729;34;1818.00;61
4583;34;628305780;4583;116;5312;5372;12.25;0.75;227.49;5.80;729;34;1819.00;60
4588;34;628305798;4588;114;5316;5372;12.21;0.74;227.57;5.88;728;34;1820.00;56
4592;34;628305811;4592;117;5316;5373;12.19;0.74;227.61;5.88;724;34;1821.00;57
4595;34;628305829;4595;121;5318;5374;12.16;0.74;227.57;5.88;723;34;1822.00;56
4600;34;628305841;4600;126;5318;5374;12.13;0.74;227.67;5.88;718;34;1823.00;56
4600;34;628305853;4600;128;5325;5387;12.06;0.74;227.67;5.87;725;34;1824.00;62
4602;34;628305866;4602;131;5328;5387;11.97;0.73;227.66;5.88;726;34;1825.00;59
4604;34;628305878;4604;134;5328;5387;11.92;0.73;227.81;5.88;724;34;1826.00;59
4608;34;628305890;4608;140;5330;5388;11.84;0.72;227.76;5.88;722;34;1827.00;58
4612;34;628305910;4612;145;5331;5388;11.73;0.71;227.69;5.89;719;34;1828.00;57
4614;34;628305922;4614;154;5333;5392;11.62;0.71;227.67;5.88;719;34;1829.00;59
4618;34;628305943;4618;165;5338;5392;11.41;0.69;227.73;5.92;720;34;1830.00;54
4622;34;628305954;4622;171;5341;5396;11.21;0.68;227.68;5.91;719;34;1831.00;55
4624;34;628305968;4624;180;5342;5396;11.11;0.68;227.64;5.91;718;34;1832.00;54
4627;34;628305980;4627;189;5346;5396;10.99;0.67;227.64;5.94;719;34;1833.00;50
4629;34;628305990;4629;193;5346;5396;10.82;0.66;227.63;5.94;717;34;1834.00;50
4630;34;628306001;4630;201;5347;5396;10.69;0.65;227.61;5.95;717;34;1835.00;49
4633;34;628306012;4633;206;5359;5408;10.56;0.64;227.54;5.95;726;34;1836.00;49
4637;34;628306024;4637;213;5361;5408;10.39;0.63;227.51;5.95;724;34;1837.00;47
4638;34;628306036;4638;217;5363;5408;10.33;0.63;227.53;5.96;725;34;1838.00;45
4642;34;628306046;4642;223;5366;5408;10.21;0.62;227.49;5.97;724;34;1839.00;42
4644;34;628306062;4644;231;5368;5408;10.11;0.62;227.49;5.99;724;34;1840.00;40
4646;34;628306072;4646;237;5369;5408;9.95;0.61;227.50;5.99;723;34;1841.00;39
4646;34;628306083;4646;244;5371;5409;9.82;0.60;227.50;6.00;725;34;1842.00;38
4647;34;628306093;4647;246;5372;5409;9.69;0.59;227.50;6.01;725;34;1843.00;37
4647;34;628306114;4647;254;5377;5415;9.67;0.59;227.50;6.01;730;34;1844.00;38
4650;34;628306124;4650;261;5380;5417;9.55;0.59;227.56;6.01;730;34;1845.00;37
4652;34;628306134;4652;263;5382;5417;9.44;0.58;227.59;6.02;730;34;1846.00;35
4653;34;628306144;4653;266;5382;5417;9.33;0.57;227.69;6.02;729;34;1847.00;35
4658;34;628306153;4658;269;5385;5421;9.18;0.56;227.65;6.02;727;34;1848.00;36
4660;34;628306174;4660;270;5385;5421;9.05;0.55;227.67;6.02;725;34;1849.00;36
4666;34;628306185;4666;266;5388;5421;8.96;0.55;227.69;6.03;722;34;1850.00;33
4667;34;628306196;4667;267;5389;5422;8.94;0.55;227.67;6.03;722;34;1851.00;33
4669;34;628306206;4669;267;5395;5426;8.92;0.55;227.70;6.04;726;34;1852.00;31
4672;34;628306217;4672;265;5396;5426;8.88;0.54;227.75;6.04;724;34;1853.00;30
4675;34;628306227;4675;268;5399;5429;8.80;0.54;227.77;6.04;724;34;1854.00;30
4679;34;628306238;4679;272;5400;5429;8.63;0.53;227.72;6.04;721;34;1855.00;29
4680;34;628306248;4680;276;5401;5429;8.56;0.52;227.70;6.04;721;34;1856.00;28
4683;34;628306258;4683;278;5401;5429;8.52;0.52;227.76;6.04;718;34;1857.00;28
4689;34;628306269;4689;275;5405;5433;8.49;0.52;227.77;6.03;716;34;1858.00;28
4690;34;628306280;4690;271;5405;5433;8.37;0.51;227.74;6.03;715;34;1859.00;28
4693;34;628306291;4693;276;5406;5433;8.35;0.51;227.68;6.03;713;34;1860.00;27
4696;34;628306301;4696;279;5406;5433;8.19;0.50;227.69;6.03;710;34;1861.00;27
4699;34;628306310;4699;285;5407;5434;8.00;0.49;227.65;6.03;708;34;1862.00;27
4701;34;628306320;4701;290;5408;5435;7.82;0.48;227.61;6.03;707;34;1863.00;27
4706;34;628306328;4706;290;5408;5435;7.60;0.46;227.62;6.03;702;34;1864.00;27
4709;34;628306337;4709;293;5409;5436;7.36;0.45;227.56;6.03;700;34;1865.00;27
4711;34;628306346;4711;292;5409;5436;7.16;0.44;227.58;6.03;698;34;1866.00;27
4715;34;628306355;4715;298;5409;5436;6.90;0.43;227.65;6.03;694;34;1867.00;27
4720;34;628306365;4720;301;5409;5436;6.76;0.42;227.72;6.03;689;34;1868.00;27
4721;34;628306374;4721;305;5409;5436;6.63;0.41;227.81;6.03;688;34;1869.00;27
4725;34;628306381;4725;306;5409;5436;6.50;0.40;227.96;6.03;684;34;1870.00;27
4726;34;628306390;4726;307;5409;5436;6.44;0.40;228.00;6.03;683;34;1871.00;27
4730;34;628306397;4730;328;5483;5563;6.76;0.43;227.96;5.95;753;34;1872.00;80
4734;34;628306419;4734;319;5487;5564;6.62;0.42;228.10;5.95;753;34;1873.00;77
4736;34;628306427;4736;311;5497;5564;6.64;0.42;228.12;5.94;761;34;1874.00;67
4741;34;628306442;4741;307;5501;5564;6.61;0.42;228.15;5.94;760;34;1875.00;63
4743;34;628306450;4743;305;5507;5564;6.59;0.41;228.15;5.94;764;34;1876.00;57
4744;34;628306458;4744;300;5511;5564;6.62;0.42;228.13;5.93;767;34;1877.00;53
4745;34;628306466;4745;293;5515;5564;6.64;0.42;228.18;5.93;770;34;1878.00;49
4749;34;628306476;4749;300;5519;5564;6.61;0.41;228.12;5.94;770;34;1879.00;45
4752;34;628306492;4752;297;5522;5565;6.62;0.41;228.10;5.94;770;34;1880.00;43
4755;34;628306501;4755;296;5524;5566;6.67;0.42;228.10;5.94;769;34;1881.00;42
4759;34;628306510;4759;298;5527;5568;6.74;0.42;228.11;5.94;768;34;1882.00;41
4760;34;628306520;4760;301;5529;5569;6.71;0.42;228.10;5.94;769;34;1883.00;40
4764;34;628306530;4764;301;5532;5569;6.67;0.41;228.05;5.94;768;34;1884.00;37
4769;34;628306538;4769;295;5533;5569;6.64;0.41;228.05;5.94;764;34;1885.00;36
4770;34;628306548;4770;304;5535;5569;6.73;0.42;228.02;5.94;765;34;1886.00;34
4772;34;628306558;4772;302;5538;5573;6.76;0.42;228.11;5.94;766;34;1887.00;35
4774;34;628306568;4774;300;5540;5573;6.75;0.42;228.13;5.95;766;34;1888.00;33
4777;34;628306576;4777;301;5540;5573;6.72;0.41;228.12;5.95;763;34;1889.00;33
4777;34;628306589;4777;304;5544;5579;6.82;0.42;228.12;5.95;767;34;1890.00;35
4780;34;628306606;4780;292;5544;5579;6.89;0.42;228.15;5.95;764;34;1891.00;35
4783;34;628306617;4783;282;5545;5579;7.00;0.43;228.12;5.95;762;34;1892.00;34
4785;34;628306635;4785;272;5550;5583;7.14;0.44;228.15;5.94;765;34;1893.00;33
4788;34;628306646;4788;263;5553;5584;7.22;0.44;228.13;5.94;765;34;1894.00;31
4793;34;628306658;4793;262;5553;5584;7.23;0.45;228.09;5.94;760;34;1895.00;31
4794;35;628306668;4794;254;5558;5588;7.35;0.45;228.06;5.94;764;35;1896.00;30
4800;35;628306693;4800;249;5559;5588;7.33;0.45;228.08;5.94;759;35;1897.00;29
4805;35;628306710;4805;248;5559;5588;7.42;0.46;228.00;5.94;754;35;1898.00;29
4806;35;628306722;4806;249;5560;5589;7.59;0.47;227.99;5.94;754;35;1899.00;29
4810;35;628306734;4810;253;5560;5589;7.74;0.47;228.16;5.94;750;35;1900.00;29
4811;35;628306749;4811;254;5566;5595;7.88;0.48;228.16;5.93;755;35;1901.00;29
4818;35;628306766;4818;253;5566;5595;7.98;0.49;228.21;5.93;748;35;1902.00;29
4821;35;628306782;4821;255;5567;5596;8.11;0.49;228.25;5.93;746;35;1903.00;29
4824;35;628306793;4824;253;5567;5596;8.20;0.50;228.29;5.93;743;35;1904.00;29
4829;35;628306803;4829;256;5567;5596;8.28;0.50;228.24;5.93;738;35;1905.00;29
4831;35;628306814;4831;256;5567;5596;8.34;0.51;228.24;5.93;736;35;1906.00;29
4834;35;628306825;4834;256;5567;5596;8.35;0.51;228.27;5.93;733;35;1907.00;29
4837;35;628306835;4837;249;5576;5608;8.47;0.51;228.29;5.92;739;35;1908.00;32
4842;35;628306846;4842;250;5577;5608;8.51;0.52;228.30;5.92;735;35;1909.00;31
4844;35;628306856;4844;247;5578;5608;8.54;0.52;228.30;5.92;734;35;1910.00;30
4846;35;628306866;4846;251;5578;5608;8.55;0.52;228.30;5.92;732;35;1911.00;30
4850;35;628306877;4850;252;5578;5608;8.52;0.52;228.30;5.92;728;35;1912.00;30
4852;35;628306887;4852;252;5578;5608;8.51;0.52;228.33;5.92;726;35;1913.00;30
4853;35;628306897;4853;253;5581;5612;8.60;0.52;228.33;5.92;728;35;1914.00;31
4856;35;628306907;4856;255;5581;5612;8.61;0.52;228.30;5.92;725;35;1915.00;31
4857;35;628306918;4857;256;5584;5616;8.64;0.52;228.26;5.91;727;35;1916.00;32
4859;35;628306929;4859;248;5585;5617;8.74;0.53;228.27;5.91;726;35;1917.00;32
4861;35;628306940;4861;240;5586;5617;8.77;0.53;228.28;5.91;725;35;1918.00;31
4863;35;628306951;4863;231;5586;5617;8.80;0.53;228.29;5.91;723;35;1919.00;31
4867;35;628306963;4867;233;5608;5646;8.94;0.54;228.34;5.89;741;35;1920.00;38
4871;35;628306976;4871;226;5609;5646;9.00;0.55;228.35;5.89;738;35;1921.00;37
4874;35;628306987;4874;220;5610;5646;9.16;0.56;228.38;5.89;736;35;1922.00;36
4878;35;628306998;4878;217;5612;5647;9.26;0.56;228.42;5.89;734;35;1923.00;35
4881;35;628307009;4881;220;5612;5648;9.37;0.57;228.46;5.89;731;35;1924.00;36
4884;36;628307020;4884;215;5612;5648;9.43;0.57;228.48;5.89;728;36;1925.00;36
4886;36;628307037;4886;191;5615;5651;9.59;0.58;228.47;5.88;729;36;1926.00;36
4888;36;628307049;4888;172;5615;5651;9.72;0.59;228.42;5.88;727;36;1927.00;36
4890;36;628307061;4890;161;5615;5651;9.84;0.60;228.49;5.88;725;36;1928.00;36
4893;36;628307073;4893;152;5615;5651;9.99;0.60;228.54;5.88;722;36;1929.00;36
4895;36;628307085;4895;142;5619;5657;10.11;0.61;228.65;5.88;724;36;1930.00;38
4898;36;628307101;4898;135;5619;5657;10.18;0.62;228.67;5.88;721;36;1931.00;38
4900;36;628307113;4900;128;5621;5657;10.30;0.63;228.66;5.97;721;36;1932.00;36
4903;36;628307130;4903;128;5621;5657;10.45;0.63;228.65;5.97;718;36;1933.00;36
4903;36;628307141;4903;126;5624;5661;10.57;0.64;228.65;5.96;721;36;1934.00;37
4905;36;628307153;4905;122;5626;5663;10.66;0.65;228.75;5.96;721;36;1935.00;37
4906;36;628307164;4906;119;5626;5663;10.77;0.65;228.80;5.96;720;36;1936.00;37
4910;36;628307176;4910;116;5627;5664;10.80;0.66;228.85;5.96;717;36;1937.00;37
4913;36;628307188;4913;123;5627;5664;10.86;0.66;228.95;5.96;714;36;1938.00;37
4914;36;628307200;4914;123;5627;5664;10.92;0.66;228.99;5.96;713;36;1939.00;37
4916;36;628307211;4916;123;5627;5664;11.03;0.67;229.05;5.96;711;36;1940.00;37
4917;36;628307232;4917;124;5627;5664;11.10;0.67;229.08;5.96;710;36;1941.00;37
4922;36;628307250;4922;123;5627;5664;11.21;0.68;229.20;5.96;705;36;1942.00;37
4925;36;628307261;4925;122;5627;5664;11.35;0.69;229.21;5.96;702;36;1943.00;37
4927;36;628307273;4927;137;5672;5734;11.14;0.68;229.21;5.91;745;36;1944.00;62
4931;36;628307290;4931;127;5672;5735;11.23;0.69;229.27;5.91;741;36;1945.00;63
4934;36;628307302;4934;122;5676;5735;11.39;0.69;229.39;5.91;742;36;1946.00;59
4935;36;628307314;4935;122;5681;5735;11.58;0.71;229.38;5.91;746;36;1947.00;54
4941;36;628307324;4941;118;5685;5735;11.67;0.71;229.43;5.91;744;36;1948.00;50
4945;37;628307335;4945;123;5688;5735;11.71;0.71;229.50;5.91;743;37;1949.00;47
4947;37;628307365;4947;120;5691;5737;11.75;0.72;229.53;5.99;744;37;1950.00;46
4950;37;628307376;4950;125;5692;5737;11.75;0.72;229.56;5.99;742;37;1951.00;45
4955;37;628307387;4955;128;5695;5738;11.81;0.72;229.59;5.99;740;37;1952.00;43
4957;37;628307397;4957;126;5696;5739;11.90;0.73;229.66;5.99;739;37;1953.00;43
4961;37;628307408;4961;128;5697;5739;11.92;0.73;229.69;5.99;736;37;1954.00;42
4965;37;628307419;4965;130;5700;5743;11.88;0.72;229.71;5.99;735;37;1955.00;43
4968;37;628307436;4968;129;5701;5743;11.91;0.73;229.75;5.99;733;37;1956.00;42
4973;37;628307447;4973;128;5701;5743;11.91;0.73;229.86;5.99;728;37;1957.00;42
4975;37;628307458;4975;123;5701;5743;11.87;0.72;229.87;5.99;726;37;1958.00;42
4977;37;628307474;4977;128;5706;5749;11.84;0.72;230.02;5.99;729;37;1959.00;43
4981;37;628307486;4981;129;5706;5749;11.89;0.73;230.05;5.99;725;37;1960.00;43
4984;37;628307496;4984;131;5706;5749;12.02;0.73;230.08;5.99;722;37;1961.00;43
4985;37;628307506;4985;137;5709;5752;12.07;0.74;230.11;5.98;724;37;1962.00;43
4991;37;628307517;4991;141;5709;5752;12.05;0.73;230.21;5.98;718;37;1963.00;43
4993;37;628307527;4993;142;5709;5752;12.08;0.74;230.26;5.98;716;37;1964.00;43
4997;37;628307538;4997;146;5709;5753;12.11;0.74;230.39;5.98;712;37;1965.00;44
5000;37;628307548;5000;146;5711;5754;12.10;0.74;230.36;6.07;711;37;1966.00;43
5002;37;628307558;5002;148;5711;5754;12.13;0.74;230.40;6.07;709;37;1967.00;43
5008;37;628307569;5008;145;5720;5767;11.99;0.73;230.29;6.06;712;37;1968.00;47
5011;37;628307581;5011;144;5720;5767;11.99;0.73;230.35;6.06;709;37;1969.00;47
5017;37;628307591;5017;143;5720;5767;12.03;0.73;230.43;6.06;703;37;1970.00;47
5021;37;628307604;5021;142;5721;5768;12.02;0.73;230.43;6.06;700;37;1971.00;47
5025;37;628307618;5025;137;5721;5768;12.08;0.73;230.38;6.06;696;37;1972.00;47
5025;37;628307636;5025;131;5724;5772;12.10;0.73;230.38;6.06;699;37;1973.00;48
5031;37;628307656;5031;124;5726;5772;12.12;0.73;230.45;6.07;695;37;1974.00;46
5034;38;628307683;5034;123;5730;5776;12.11;0.73;230.42;6.08;696;38;1975.00;46
5037;38;628307724;5037;118;5730;5776;12.14;0.74;230.47;6.08;693;38;1976.00;46
5041;38;628307737;5041;118;5730;5776;12.24;0.74;230.51;6.08;689;38;1977.00;46
5045;38;628307748;5045;114;5731;5776;12.22;0.74;230.50;6.16;686;38;1978.00;45
5052;38;628307759;5052;111;5731;5776;12.22;0.74;230.52;6.16;679;38;1979.00;45
5056;38;628307772;5056;107;5751;5810;12.17;0.74;230.43;6.14;695;38;1980.00;59
5058;38;628307787;5058;106;5753;5810;12.13;0.74;230.49;6.20;695;38;1981.00;57
5063;38;628307797;5063;104;5754;5810;12.12;0.74;230.55;6.20;691;38;1982.00;56
5066;38;628307809;5066;109;5755;5810;12.10;0.74;230.59;6.27;689;38;1983.00;55
5067;38;628307820;5067;108;5756;5810;12.07;0.74;230.60;6.27;689;38;1984.00;54
5070;38;628307830;5070;113;5756;5810;12.03;0.73;230.65;6.27;686;38;1985.00;54
5071;38;628307840;5071;111;5758;5811;12.02;0.73;230.66;6.27;687;38;1986.00;53
5072;38;628307851;5072;117;5758;5811;12.00;0.73;230.69;6.27;686;38;1987.00;53
5076;38;628307861;5076;117;5761;5817;12.05;0.73;230.62;6.27;685;38;1988.00;56
5083;38;628307871;5083;122;5764;5818;12.01;0.73;230.57;6.28;681;38;1989.00;54
5087;38;628307882;5087;122;5766;5818;11.97;0.73;230.65;6.28;679;38;1990.00;52
5089;38;628307892;5089;131;5767;5818;11.89;0.72;230.64;6.28;678;38;1991.00;51
5091;38;628307902;5091;130;5770;5822;11.84;0.72;230.67;6.29;679;38;1992.00;52
5092;38;628307913;5092;133;5771;5822;11.83;0.72;230.64;6.29;679;38;1993.00;51
5098;38;628307935;5098;139;5771;5822;11.74;0.71;230.76;6.29;673;38;1994.00;51
5099;38;628307948;5099;143;5773;5823;11.71;0.71;230.73;6.29;674;38;1995.00;50
5102;38;628307959;5102;149;5777;5827;11.64;0.71;230.71;6.30;675;38;1996.00;50
5104;38;628307971;5104;153;5778;5827;11.59;0.70;230.74;6.30;674;38;1997.00;49
5106;38;628307981;5106;159;5780;5830;11.58;0.70;230.72;6.30;674;38;1998.00;50
5106;38;628307992;5106;163;5782;5830;11.59;0.70;230.72;6.30;676;38;1999.00;48
5110;38;628308003;5110;164;5785;5830;11.51;0.70;230.80;6.32;675;38;2000.00;45
5112;38;628308018;5112;170;5785;5830;11.38;0.69;230.83;6.32;673;38;2001.00;45
5114;38;628308029;5114;177;5788;5834;11.25;0.68;230.85;6.32;674;38;2002.00;46
5116;38;628308041;5116;180;5790;5834;11.12;0.68;230.84;6.34;674;38;2003.00;44
5116;38;628308051;5116;179;5791;5834;10.91;0.67;230.84;6.34;675;38;2004.00;43
5118;38;628308061;5118;184;5792;5834;10.73;0.65;230.87;6.34;674;38;2005.00;42
5118;38;628308071;5118;188;5793;5835;10.50;0.64;230.87;6.35;675;38;2006.00;42
5121;38;628308080;5121;193;5795;5836;10.25;0.63;230.80;6.35;674;38;2007.00;41
5123;38;628308091;5123;196;5796;5836;10.08;0.62;230.82;6.36;673;38;2008.00;40
5123;38;628308109;5123;205;5798;5837;9.93;0.61;230.82;6.37;675;38;2009.00;39
5125;38;628308120;5125;217;5799;5837;9.76;0.60;230.85;6.37;674;38;2010.00;38
5130;38;628308136;5130;225;5800;5837;9.64;0.59;230.76;6.38;670;38;2011.00;37
5131;38;628308146;5131;228;5800;5837;9.60;0.59;230.73;6.38;669;38;2012.00;37
5135;38;628308155;5135;236;5801;5837;9.52;0.58;230.75;6.39;666;38;2013.00;36
5136;38;628308164;5136;241;5801;5837;9.43;0.57;230.74;6.39;665;38;2014.00;36
5138;38;628308173;5138;250;5803;5837;9.29;0.57;230.68;6.40;665;38;2015.00;34
5141;38;628308181;5141;271;5867;5964;9.29;0.58;230.64;6.35;726;38;2016.00;97
5142;38;628308201;5142;269;5869;5965;9.09;0.56;230.61;6.35;727;38;2017.00;96
5145;38;628308210;5145;266;5880;5965;9.07;0.56;230.58;6.34;735;38;2018.00;85
5148;38;628308219;5148;264;5888;5965;8.95;0.55;230.58;6.34;740;38;2019.00;77
5150;38;628308228;5150;267;5895;5965;8.86;0.55;230.52;6.34;745;38;2020.00;70
5151;38;628308237;5151;269;5903;5965;8.69;0.54;230.51;6.34;752;38;2021.00;62
5155;38;628308247;5155;268;5911;5965;8.49;0.53;230.45;6.34;756;38;2022.00;54
5157;38;628308257;5157;272;5914;5965;8.35;0.52;230.42;6.34;757;38;2023.00;51
5161;38;628308266;5161;270;5921;5966;8.24;0.51;230.25;6.34;760;38;2024.00;45
5164;38;628308284;5164;271;5922;5968;8.22;0.51;230.20;6.34;758;38;2025.00;46
5164;38;628308299;5164;276;5927;5968;8.18;0.51;230.20;6.35;763;38;2026.00;41
5164;38;628308308;5164;276;5927;5969;8.14;0.50;230.20;6.35;763;38;2027.00;42
5166;38;628308318;5166;283;5931;5969;8.01;0.50;230.16;6.35;765;38;2028.00;38
5169;38;628308327;5169;291;5932;5969;7.90;0.49;230.10;6.35;763;38;2029.00;37
5170;38;628308337;5170;297;5934;5969;7.77;0.48;230.09;6.35;764;38;2030.00;35
5174;38;628308346;5174;310;5937;5973;7.63;0.47;230.02;6.35;763;38;2031.00;36
5175;38;628308361;5175;318;5939;5973;7.47;0.46;230.01;6.35;764;38;2032.00;34
5179;38;628308371;5179;322;5940;5973;7.27;0.45;230.09;6.35;761;38;2033.00;33
5181;38;628308381;5181;326;5942;5976;7.16;0.44;230.10;6.36;761;38;2034.00;34
5185;38;628308393;5185;334;5943;5976;6.96;0.43;230.27;6.35;758;38;2035.00;33
5188;38;628308402;5188;340;5944;5976;6.79;0.42;230.33;6.35;756;38;2036.00;32
5190;38;628308411;5190;346;5949;5980;6.62;0.41;230.34;6.35;759;38;2037.00;31
5194;38;628308420;5194;351;5950;5981;6.42;0.40;230.35;6.35;756;38;2038.00;31
5196;38;628308428;5196;355;5951;5981;6.23;0.39;230.34;6.35;755;38;2039.00;30
5199;38;628308438;5199;352;5956;5986;6.16;0.38;230.29;6.34;757;38;2040.00;30
5202;38;628308447;5202;354;5956;5986;6.03;0.37;230.30;6.34;754;38;2041.00;30
5204;38;628308456;5204;354;5956;5986;5.98;0.37;230.37;6.34;752;38;2042.00;30
5206;38;628308464;5206;344;5957;5987;6.01;0.37;230.29;6.34;751;38;2043.00;30
5208;38;628308475;5208;332;5957;5987;6.04;0.38;230.34;6.34;749;38;2044.00;30
5211;38;628308484;5211;324;5962;5993;6.19;0.38;230.41;6.34;751;38;2045.00;31
5212;38;628308493;5212;311;5962;5993;6.30;0.39;230.44;6.34;750;38;2046.00;31
5216;38;628308502;5216;297;5964;5994;6.43;0.40;230.40;6.34;748;38;2047.00;30
5218;38;628308512;5218;287;5964;5994;6.54;0.40;230.38;6.34;746;38;2048.00;30
5220;38;628308522;5220;282;5964;5994;6.65;0.41;230.39;6.34;744;38;2049.00;30
5225;38;628308532;5225;275;5964;5994;6.73;0.41;230.43;6.34;739;38;2050.00;30
5226;38;628308547;5226;264;5964;5994;6.82;0.42;230.43;6.34;738;38;2051.00;30
5227;38;628308557;5227;259;5974;6006;7.00;0.43;230.47;6.33;747;38;2052.00;32
5230;38;628308567;5230;256;5974;6006;7.13;0.44;230.48;6.33;744;38;2053.00;32
5236;38;628308577;5236;249;5976;6006;7.29;0.45;230.39;6.33;740;38;2054.00;30
5237;38;628308587;5237;247;5976;6006;7.46;0.46;230.37;6.33;739;38;2055.00;30
5241;38;628308598;5241;250;5976;6006;7.65;0.47;230.31;6.33;735;38;2056.00;30
5243;38;628308608;5243;248;5976;6006;7.74;0.47;230.37;6.33;733;38;2057.00;30
5244;38;628308618;5244;245;5980;6010;7.82;0.48;230.36;6.32;736;38;2058.00;30
5246;38;628308628;5246;246;5980;6010;7.91;0.48;230.38;6.32;734;38;2059.00;30
5247;38;628308638;5247;237;5983;6014;8.01;0.49;230.41;6.32;736;38;2060.00;31
5249;38;628308648;5249;230;5984;6015;8.11;0.49;230.42;6.32;735;38;2061.00;31
5252;38;628308659;5252;225;5986;6015;8.18;0.50;230.43;6.39;734;38;2062.00;29
5254;38;628308669;5254;222;5986;6015;8.26;0.50;230.45;6.39;732;38;2063.00;29
5258;38;628308679;5258;222;5998;6028;8.31;0.51;230.44;6.38;740;38;2064.00;30
5260;38;628308691;5260;226;5998;6028;8.36;0.51;230.44;6.38;738;38;2065.00;30
5267;38;628308700;5267;217;5999;6028;8.45;0.51;230.43;6.38;732;38;2066.00;29
5270;38;628308711;5270;212;6000;6029;8.57;0.52;230.39;6.38;730;38;2067.00;29
5276;38;628308721;5276;211;6001;6030;8.63;0.52;230.52;6.38;725;38;2068.00;29
5280;38;628308731;5280;203;6001;6030;8.59;0.52;230.56;6.38;721;38;2069.00;29
5282;38;628308742;5282;202;6004;6036;8.70;0.53;230.61;6.37;722;38;2070.00;32
5289;38;628308753;5289;200;6004;6036;8.70;0.53;230.71;6.37;715;38;2071.00;32
5293;38;628308764;5293;194;6005;6036;8.76;0.53;230.72;6.37;712;38;2072.00;31
5299;38;628308773;5299;195;6005;6036;8.76;0.53;230.67;6.37;706;38;2073.00;31
5303;38;628308784;5303;194;6010;6042;8.81;0.54;230.74;6.37;707;38;2074.00;32
5308;38;628308795;5308;195;6010;6042;8.80;0.53;230.77;6.37;702;38;2075.00;32
5312;38;628308805;5312;197;6011;6042;8.81;0.54;230.72;6.37;699;38;2076.00;31
5315;38;628308815;5315;202;6011;6042;8.84;0.54;230.77;6.37;696;38;2077.00;31
5319;38;628308825;5319;208;6016;6046;8.84;0.54;230.85;6.36;697;38;2078.00;30
5323;38;628308835;5323;212;6017;6047;8.82;0.54;230.83;6.36;694;38;2079.00;30
5328;38;628308845;5328;218;6018;6047;8.79;0.54;230.97;6.36;690;38;2080.00;29
5332;38;628308855;5332;223;6019;6048;8.79;0.54;230.98;6.36;687;38;2081.00;29
5338;38;628308864;5338;227;6019;6048;8.74;0.53;231.05;6.36;681;38;2082.00;29
5342;38;628308875;5342;225;6019;6048;8.74;0.53;231.15;6.36;677;38;2083.00;29
5344;38;628308886;5344;225;6019;6048;8.79;0.54;231.21;6.36;675;38;2084.00;29
5349;38;628308896;5349;225;6019;6048;8.80;0.54;231.23;6.36;670;38;2085.00;29
5354;38;628308907;5354;226;6019;6048;8.76;0.53;231.39;6.36;665;38;2086.00;29
5354;38;628308917;5354;212;6019;6048;8.85;0.54;231.39;6.36;665;38;2087.00;29
5355;38;628308927;5355;214;6063;6118;8.97;0.55;231.43;6.32;708;38;2088.00;55
5360;38;628308943;5360;200;6064;6119;9.06;0.55;231.49;6.31;704;38;2089.00;55
5363;38;628308954;5363;188;6070;6119;9.26;0.57;231.53;6.31;707;38;2090.00;49
5367;38;628308965;5367;185;6071;6119;9.38;0.57;231.52;6.31;704;38;2091.00;48
5368;38;628308977;5368;180;6074;6119;9.55;0.58;231.55;6.31;706;38;2092.00;45
5371;38;628308988;5371;179;6077;6119;9.75;0.60;231.51;6.31;706;38;2093.00;42
5376;38;628308999;5376;179;6078;6119;9.88;0.60;231.60;6.31;702;38;2094.00;41
5381;38;628309010;5381;182;6082;6119;9.95;0.61;231.61;6.31;701;38;2095.00;37
5384;38;628309021;5384;166;6083;6120;10.05;0.61;231.65;6.31;699;38;2096.00;37
5387;38;628309033;5387;155;6087;6121;10.15;0.62;231.71;6.31;700;38;2097.00;34
5392;38;628309045;5392;144;6088;6121;10.18;0.62;231.71;6.31;696;38;2098.00;33
5392;38;628309056;5392;136;6092;6125;10.24;0.62;231.71;6.31;700;38;2099.00;33
5397;38;628309070;5397;140;6096;6140;10.35;0.63;231.76;6.30;699;38;2100.00;44
5399;38;628309088;5399;134;6096;6140;10.57;0.64;231.84;6.30;697;38;2101.00;44
5401;38;628309100;5401;133;6096;6140;10.75;0.65;231.85;6.30;695;38;2102.00;44
5402;38;628309113;5402;134;6099;6146;10.93;0.67;231.86;6.30;697;38;2103.00;47
5405;38;628309125;5405;131;6099;6146;11.11;0.68;231.91;6.30;694;38;2104.00;47
5408;38;628309136;5408;129;6101;6146;11.23;0.68;232.00;6.30;693;38;2105.00;45
5410;38;628309148;5410;120;6103;6149;11.34;0.69;232.03;6.30;693;38;2106.00;46
5414;38;628309159;5414;119;6103;6149;11.42;0.69;232.00;6.30;689;38;2107.00;46
5416;38;628309172;5416;118;6103;6149;11.52;0.70;232.03;6.30;687;38;2108.00;46
5420;38;628309183;5420;119;6103;6150;11.65;0.71;232.06;6.30;683;38;2109.00;47
5422;38;628309195;5422;116;6104;6151;11.74;0.71;232.01;6.30;682;38;2110.00;47
5426;38;628309206;5426;120;6106;6151;11.69;0.71;232.05;6.30;680;38;2111.00;45
5429;38;628309222;5429;123;6115;6164;11.65;0.71;232.18;6.29;686;38;2112.00;49
5431;38;628309234;5431;120;6115;6164;11.68;0.71;232.23;6.29;684;38;2113.00;49
5433;38;628309245;5433;125;6115;6164;11.73;0.71;232.27;6.29;682;38;2114.00;49
5437;39;628309256;5437;128;6117;6166;11.75;0.72;232.31;6.29;680;39;2115.00;49
5441;39;628309277;5441;130;6117;6166;11.78;0.72;232.34;6.29;676;39;2116.00;49
5443;39;628309288;5443;133;6121;6170;11.81;0.72;232.39;6.29;678;39;2117.00;49
5446;39;628309299;5446;137;6121;6170;11.83;0.72;232.45;6.29;675;39;2118.00;49
5450;39;628309310;5450;141;6124;6174;11.89;0.72;232.43;6.29;674;39;2119.00;50
5454;39;628309320;5454;139;6124;6174;11.81;0.72;232.48;6.29;670;39;2120.00;50
5456;39;628309331;5456;144;6124;6174;11.77;0.71;232.46;6.29;668;39;2121.00;50
5459;39;628309341;5459;147;6124;6174;11.72;0.71;232.47;6.29;665;39;2122.00;50
5461;39;628309351;5461;151;6126;6174;11.64;0.71;232.46;6.29;665;39;2123.00;48
5462;39;628309361;5462;144;6135;6186;11.66;0.71;232.50;6.28;673;39;2124.00;51
5466;39;628309372;5466;142;6137;6186;11.71;0.71;232.48;6.29;671;39;2125.00;49
5469;39;628309382;5469;141;6137;6186;11.72;0.71;232.49;6.29;668;39;2126.00;49
5471;39;628309392;5471;134;6137;6186;11.75;0.71;232.48;6.29;666;39;2127.00;49
5475;39;628309401;5475;135;6138;6186;11.74;0.71;232.56;6.29;663;39;2128.00;48
5480;39;628309412;5480;134;6141;6186;11.76;0.71;232.50;6.30;661;39;2129.00;45
5483;39;628309424;5483;132;6141;6187;11.71;0.71;232.60;6.30;658;39;2130.00;46
5484;39;628309434;5484;130;6142;6187;11.73;0.71;232.62;6.30;658;39;2131.00;45
5490;39;628309443;5490;131;6146;6193;11.72;0.71;232.57;6.30;656;39;2132.00;47
5495;39;628309453;5495;131;6148;6194;11.80;0.72;232.60;6.30;653;39;2133.00;46
5497;39;628309463;5497;128;6149;6194;11.76;0.71;232.60;6.38;652;39;2134.00;45
5501;39;628309474;5501;128;6150;6194;11.69;0.71;232.60;6.38;649;39;2135.00;44
5503;39;628309483;5503;130;6152;6198;11.66;0.71;232.61;6.38;649;39;2136.00;46
5505;39;628309493;5505;130;6154;6198;11.64;0.71;232.59;6.38;649;39;2137.00;44
5508;39;628309502;5508;132;6154;6198;11.71;0.71;232.55;6.38;646;39;2138.00;44
5511;39;628309511;5511;129;6156;6199;11.75;0.71;232.55;6.38;645;39;2139.00;43
5512;39;628309520;5512;129;6159;6203;11.75;0.71;232.56;6.37;647;39;2140.00;44
5517;39;628309529;5517;126;6159;6203;11.77;0.71;232.55;6.37;642;39;2141.00;44
5519;39;628309538;5519;123;6162;6206;11.91;0.72;232.52;6.37;643;39;2142.00;44
5523;39;628309552;5523;125;6162;6206;12.00;0.73;232.44;6.37;639;39;2143.00;44
5527;39;628309562;5527;121;6162;6206;12.06;0.73;232.42;6.37;635;39;2144.00;44
5529;39;628309571;5529;119;6164;6206;12.15;0.74;232.44;6.39;635;39;2145.00;42
5533;39;628309586;5533;116;6167;6210;12.23;0.74;232.39;6.38;634;39;2146.00;43
5536;39;628309596;5536;119;6168;6210;12.24;0.74;232.42;6.38;632;39;2147.00;42
5539;39;628309608;5539;117;6168;6210;12.17;0.74;232.35;6.38;629;39;2148.00;42
5544;39;628309622;5544;113;6169;6210;12.10;0.73;232.34;6.46;625;39;2149.00;41
5547;39;628309650;5547;112;6169;6211;12.04;0.73;232.36;6.46;622;39;2150.00;42
5548;39;628309675;5548;115;6170;6212;12.08;0.73;232.41;6.46;622;39;2151.00;42
5551;39;628309689;5551;115;6171;6212;12.02;0.73;232.39;6.54;620;39;2152.00;41
5555;39;628309711;5555;113;6172;6213;11.98;0.73;232.44;6.54;617;39;2153.00;41
5559;39;628309723;5559;120;6173;6213;11.81;0.72;232.42;6.61;614;39;2154.00;40
5562;39;628309733;5562;125;6173;6213;11.67;0.71;232.44;6.61;611;39;2155.00;40
5563;39;628309743;5563;126;6173;6213;11.53;0.70;232.41;6.61;610;39;2156.00;40
5563;39;628309753;5563;125;6173;6213;11.46;0.70;232.41;6.61;610;39;2157.00;40
5566;39;628309763;5566;131;6173;6213;11.37;0.69;232.44;6.61;607;39;2158.00;40
5566;39;628309772;5566;133;6173;6213;11.34;0.69;232.44;6.61;607;39;2159.00;40
5571;39;628309784;5571;166;6271;6443;11.06;0.69;232.49;6.51;700;39;2160.00;172
5573;39;628309813;5573;160;6275;6444;10.89;0.68;232.47;6.51;702;39;2161.00;169
5573;39;628309823;5573;155;6284;6444;10.91;0.68;232.47;6.50;711;39;2162.00;160
5575;39;628309832;5575;155;6287;6444;10.83;0.68;232.57;6.50;712;39;2163.00;157
5576;40;628309842;5576;155;6296;6444;10.79;0.67;232.56;6.49;720;40;2164.00;148
5577;40;628309858;5577;158;6302;6444;10.75;0.67;232.63;6.49;725;40;2165.00;142
5578;40;628309872;5578;156;6309;6444;10.71;0.67;232.65;6.49;731;40;2166.00;135
5583;40;628309881;5583;157;6314;6444;10.71;0.66;232.58;6.49;731;40;2167.00;130
5589;40;628309892;5589;167;6320;6445;10.61;0.66;232.51;6.49;731;40;2168.00;125
5592;40;628309902;5592;172;6324;6446;10.60;0.66;232.47;6.50;732;40;2169.00;122
5594;40;628309913;5594;175;6331;6446;10.58;0.65;232.45;6.51;737;40;2170.00;115
5597;40;628309923;5597;183;6336;6447;10.55;0.65;232.42;6.51;739;40;2171.00;111
5598;40;628309933;5598;187;6342;6447;10.47;0.65;232.40;6.53;744;40;2172.00;105
5598;40;628309944;5598;199;6345;6447;10.38;0.64;232.40;6.54;747;40;2173.00;102
5599;40;628309954;5599;206;6347;6447;10.22;0.63;232.38;6.55;748;40;2174.00;100
5600;41;628309966;5600;208;6354;6451;10.05;0.62;232.37;6.55;754;41;2175.00;97
5600;41;628309998;5600;212;6356;6451;9.86;0.61;232.37;6.56;756;41;2176.00;95
5602;41;628310009;5602;212;6358;6451;9.68;0.60;232.35;6.57;756;41;2177.00;93
5603;41;628310025;5603;224;6368;6454;9.44;0.58;232.35;6.60;765;41;2178.00;86
5604;41;628310036;5604;232;6368;6454;9.30;0.57;232.32;6.60;764;41;2179.00;86
5607;41;628310045;5607;243;6374;6454;9.08;0.56;232.31;6.63;767;41;2180.00;80
5608;41;628310061;5608;251;6380;6458;8.90;0.55;232.30;6.63;772;41;2181.00;78
5611;41;628310072;5611;263;6385;6459;8.78;0.54;232.43;6.65;774;41;2182.00;74
5614;41;628310082;5614;274;6386;6459;8.59;0.53;232.37;6.65;772;41;2183.00;73
5619;41;628310091;5619;282;6390;6463;8.41;0.52;232.31;6.66;771;41;2184.00;73
5620;41;628310102;5620;290;6395;6463;8.22;0.51;232.28;6.67;775;41;2185.00;68
5620;41;628310112;5620;302;6399;6463;8.03;0.49;232.28;6.68;779;41;2186.00;64
5622;41;628310122;5622;311;6401;6464;7.88;0.48;232.23;6.69;779;41;2187.00;63
5624;41;628310132;5624;325;6403;6464;7.74;0.48;232.18;6.69;779;41;2188.00;61
5625;41;628310143;5625;329;6409;6470;7.62;0.47;232.17;6.69;784;41;2189.00;61
5627;41;628310158;5627;334;6411;6470;7.53;0.46;232.17;6.70;784;41;2190.00;59
5628;41;628310168;5628;331;6413;6471;7.48;0.46;232.14;6.70;785;41;2191.00;58
5629;41;628310178;5629;335;6415;6471;7.40;0.46;232.10;6.71;786;41;2192.00;56
5631;41;628310188;5631;334;6417;6471;7.31;0.45;232.06;6.72;786;41;2193.00;54
5632;41;628310199;5632;335;6418;6471;7.29;0.45;232.02;6.72;786;41;2194.00;53
5635;41;628310210;5635;329;6419;6471;7.26;0.44;231.98;6.72;784;41;2195.00;52
5639;41;628310222;5639;315;6432;6483;7.29;0.45;231.92;6.72;793;41;2196.00;51
5639;41;628310233;5639;310;6434;6483;7.33;0.45;231.92;6.73;795;41;2197.00;49
5640;41;628310243;5640;306;6434;6483;7.39;0.45;231.88;6.73;794;41;2198.00;49
5643;41;628310255;5643;308;6436;6483;7.41;0.45;231.87;6.73;793;41;2199.00;47
5645;41;628310268;5645;306;6436;6483;7.39;0.45;231.89;6.73;791;41;2200.00;47
5648;41;628310289;5648;304;6437;6483;7.37;0.45;231.84;6.74;789;41;2201.00;46
5649;41;628310300;5649;298;6440;6487;7.38;0.45;231.84;6.73;791;41;2202.00;47
5652;41;628310311;5652;293;6440;6487;7.34;0.45;231.86;6.73;788;41;2203.00;47
5655;41;628310321;5655;295;6445;6491;7.34;0.45;231.88;6.73;790;41;2204.00;46
5658;41;628310332;5658;288;6447;6493;7.28;0.44;231.96;6.73;789;41;2205.00;46
5659;41;628310344;5659;285;6449;6493;7.22;0.44;231.99;6.73;790;41;2206.00;44
5662;41;628310360;5662;290;6450;6493;7.15;0.44;232.00;6.74;788;41;2207.00;43
5662;41;628310371;5662;290;6461;6506;7.16;0.44;232.00;6.72;799;41;2208.00;45
5667;41;628310382;5667;292;6462;6506;7.12;0.44;231.95;6.72;795;41;2209.00;44
5669;41;628310393;5669;284;6464;6508;7.14;0.44;231.94;6.72;795;41;2210.00;44
5670;41;628310403;5670;280;6465;6509;7.15;0.44;231.93;6.72;795;41;2211.00;44
5672;41;628310415;5672;274;6466;6510;7.23;0.44;232.01;6.72;794;41;2212.00;44
5673;41;628310426;5673;269;6466;6510;7.33;0.45;232.03;6.72;793;41;2213.00;44
5675;41;628310439;5675;267;6469;6513;7.41;0.45;232.09;6.72;794;41;2214.00;44
5677;42;628310461;5677;269;6469;6513;7.48;0.46;232.11;6.72;792;42;2215.00;44
5683;42;628310478;5683;264;6469;6513;7.54;0.46;232.14;6.72;786;42;2216.00;44
5686;42;628310490;5686;256;6470;6513;7.65;0.47;232.15;6.72;784;42;2217.00;43
5690;42;628310504;5690;249;6474;6519;7.77;0.47;232.19;6.72;784;42;2218.00;45
5694;42;628310521;5694;246;6476;6519;7.84;0.48;232.30;6.71;782;42;2219.00;43
5697;42;628310533;5697;239;6476;6519;7.91;0.48;232.36;6.71;779;42;2220.00;43
5699;42;628310543;5699;225;6477;6519;7.98;0.49;232.43;6.71;778;42;2221.00;42
5705;42;628310556;5705;221;6481;6523;8.03;0.49;232.42;6.71;776;42;2222.00;42
5709;42;628310570;5709;204;6482;6524;8.08;0.50;232.47;6.71;773;42;2223.00;42
5712;42;628310581;5712;202;6482;6524;8.18;0.50;232.50;6.71;770;42;2224.00;42
5716;42;628310591;5716;207;6483;6525;8.26;0.51;232.50;6.71;767;42;2225.00;42
5721;42;628310602;5721;202;6483;6525;8.30;0.51;232.52;6.71;762;42;2226.00;42
5722;42;628310613;5722;197;6483;6525;8.31;0.51;232.51;6.71;761;42;2227.00;42
5728;42;628310623;5728;196;6484;6525;8.29;0.51;232.51;6.78;756;42;2228.00;41
5731;42;628310636;5731;195;6484;6525;8.30;0.51;232.46;6.78;753;42;2229.00;41
5736;42;628310647;5736;192;6484;6525;8.39;0.52;232.50;6.78;748;42;2230.00;41
5740;42;628310662;5740;189;6484;6525;8.49;0.52;232.49;6.78;744;42;2231.00;41
5744;42;628310675;5744;193;6521;6595;8.72;0.54;232.49;6.75;777;42;2232.00;74
5755;42;628310691;5755;189;6522;6596;8.79;0.54;232.49;6.75;767;42;2233.00;74
5759;42;628310702;5759;185;6529;6596;8.99;0.55;232.44;6.74;770;42;2234.00;67
5764;42;628310713;5764;185;6533;6596;9.11;0.56;232.46;6.74;769;42;2235.00;63
5768;42;628310724;5768;182;6539;6596;9.21;0.56;232.50;6.74;771;42;2236.00;57
5772;42;628310734;5772;175;6543;6596;9.34;0.57;232.57;6.73;771;42;2237.00;53
5775;42;628310745;5775;174;6547;6596;9.30;0.57;232.59;6.73;772;42;2238.00;49
5783;42;628310756;5783;170;6550;6596;9.28;0.57;232.67;6.73;767;42;2239.00;46
5785;42;628310773;5785;177;6552;6597;9.34;0.57;232.64;6.73;767;42;2240.00;45
5789;42;628310786;5789;181;6554;6598;9.32;0.57;232.76;6.73;765;42;2241.00;44
5793;42;628310798;5793;183;6554;6598;9.28;0.57;232.83;6.73;761;42;2242.00;44
5798;42;628310809;5798;190;6557;6602;9.34;0.57;232.73;6.73;759;42;2243.00;45
5802;42;628310821;5802;190;6557;6602;9.37;0.57;232.83;6.73;755;42;2244.00;45
5806;42;628310833;5806;193;6557;6602;9.41;0.57;232.84;6.73;751;42;2245.00;45
5807;42;628310845;5807;196;6557;6602;9.45;0.58;232.82;6.73;750;42;2246.00;45
5810;42;628310856;5810;196;6561;6608;9.42;0.57;232.81;6.73;751;42;2247.00;47
5816;42;628310874;5816;206;6561;6608;9.36;0.57;232.87;6.73;745;42;2248.00;47
5820;42;628310886;5820;205;6562;6608;9.42;0.57;232.87;6.73;742;42;2249.00;46
5824;42;628310899;5824;207;6565;6614;9.53;0.58;232.86;6.72;741;42;2250.00;49
5827;42;628310912;5827;208;6566;6614;9.60;0.58;232.84;6.72;739;42;2251.00;48
5828;42;628310923;5828;213;6566;6614;9.69;0.59;232.89;6.72;738;42;2252.00;48
5832;42;628310936;5832;216;6567;6615;9.76;0.59;232.85;6.72;735;42;2253.00;48
5835;42;628310947;5835;225;6569;6616;9.81;0.60;232.86;6.72;734;42;2254.00;47
5839;42;628310960;5839;228;6569;6616;9.74;0.59;232.89;6.72;730;42;2255.00;47
5845;42;628310979;5845;235;6579;6629;9.68;0.59;232.88;6.71;734;42;2256.00;50
5849;42;628310992;5849;223;6579;6629;9.61;0.58;232.90;6.71;730;42;2257.00;50
5854;42;628311004;5854;221;6580;6629;9.57;0.58;233.00;6.71;726;42;2258.00;49
5855;42;628311016;5855;213;6581;6630;9.64;0.59;233.05;6.71;726;42;2259.00;49
5858;42;628311027;5858;209;6581;6630;9.69;0.59;233.07;6.71;723;42;2260.00;49
5862;42;628311038;5862;207;6584;6634;9.77;0.59;233.10;6.71;722;42;2261.00;50
5867;42;628311051;5867;203;6584;6634;9.78;0.59;233.24;6.71;717;42;2262.00;50
5868;42;628311062;5868;204;6588;6638;9.88;0.60;233.27;6.70;720;42;2263.00;50
5870;42;628311074;5870;202;6588;6638;9.91;0.60;233.31;6.70;718;42;2264.00;50
5875;42;628311091;5875;198;6588;6638;9.92;0.60;233.36;6.70;713;42;2265.00;50
5876;42;628311103;5876;180;6588;6638;9.97;0.61;233.37;6.70;712;42;2266.00;50
5878;42;628311115;5878;168;6588;6638;9.96;0.61;233.44;6.70;710;42;2267.00;50
5881;42;628311132;5881;162;6597;6650;10.07;0.61;233.44;6.69;716;42;2268.00;53
5882;42;628311144;5882;155;6597;6650;10.19;0.62;233.47;6.69;715;42;2269.00;53
5887;42;628311156;5887;152;6599;6650;10.31;0.63;233.43;6.69;712;42;2270.00;51
5889;42;628311168;5889;145;6599;6650;10.43;0.64;233.44;6.69;710;42;2271.00;51
5893;42;628311180;5893;140;6599;6650;10.51;0.64;233.49;6.69;706;42;2272.00;51
5893;42;628311193;5893;134;6599;6650;10.69;0.65;233.49;6.69;706;42;2273.00;51
5896;42;628311204;5896;134;6599;6651;10.83;0.66;233.54;6.69;703;42;2274.00;52
5899;42;628311215;5899;134;6599;6651;10.93;0.67;233.54;6.69;700;42;2275.00;52
5902;42;628311229;5902;128;6603;6657;11.01;0.67;233.53;6.69;701;42;2276.00;54
5904;42;628311243;5904;120;6605;6658;11.16;0.68;233.60;6.69;701;42;2277.00;53
5905;42;628311255;5905;115;6605;6658;11.28;0.69;233.61;6.69;700;42;2278.00;53
5907;43;628311266;5907;117;6605;6658;11.33;0.69;233.66;6.69;698;43;2279.00;53
5913;43;628311286;5913;116;6609;6663;11.35;0.69;233.62;6.68;696;43;2280.00;54
5917;43;628311300;5917;113;6609;6663;11.46;0.70;233.64;6.68;692;43;2281.00;54
5917;43;628311312;5917;116;6609;6663;11.47;0.70;233.64;6.68;692;43;2282.00;54
5924;43;628311325;5924;109;6610;6664;11.45;0.69;233.75;6.68;686;43;2283.00;54
5926;43;628311343;5926;110;6613;6668;11.44;0.69;233.80;6.68;687;43;2284.00;55
5930;44;628311356;5930;114;6613;6668;11.53;0.70;233.77;6.68;683;44;2285.00;55
5932;44;628311380;5932;118;6615;6671;11.62;0.70;233.79;6.68;683;44;2286.00;56
5933;44;628311392;5933;122;6615;6671;11.66;0.71;233.82;6.68;682;44;2287.00;56
5936;44;628311408;5936;122;6616;6671;11.67;0.71;233.84;6.68;680;44;2288.00;55
5940;45;628311419;5940;124;6616;6671;11.71;0.71;233.80;6.68;676;45;2289.00;55
5943;46;628311442;5943;121;6619;6675;11.81;0.71;233.83;6.67;676;46;2290.00;56
5947;46;628311460;5947;123;6619;6675;11.85;0.72;233.95;6.67;672;46;2291.00;56
5948;46;628311477;5948;124;6620;6675;11.90;0.72;233.94;6.67;672;46;2292.00;55
5951;46;628311487;5951;121;6620;6675;11.93;0.72;233.92;6.67;669;46;2293.00;55
5955;46;628311498;5955;121;6620;6676;11.96;0.73;233.86;6.67;665;46;2294.00;56
5959;46;628311515;5959;120;6622;6678;12.02;0.73;233.94;6.67;663;46;2295.00;56
5961;46;628311526;5961;124;6622;6678;12.01;0.73;233.93;6.67;661;46;2296.00;56
5963;46;628311537;5963;126;6623;6679;11.94;0.72;233.94;6.67;660;46;2297.00;56
5963;46;628311547;5963;129;6623;6679;11.88;0.72;233.94;6.67;660;46;2298.00;56
5967;46;628311557;5967;128;6623;6679;11.89;0.72;233.93;6.67;656;46;2299.00;56
5971;46;628311568;5971;130;6623;6679;11.87;0.72;233.91;6.67;652;46;2300.00;56
5973;46;628311588;5973;137;6623;6679;11.86;0.72;233.87;6.67;650;46;2301.00;56
5975;46;628311598;5975;141;6623;6679;11.85;0.72;233.90;6.67;648;46;2302.00;56
5977;46;628311610;5977;136;6623;6679;11.85;0.72;233.89;6.67;646;46;2303.00;56
5978;46;628311627;5978;163;6693;6806;11.40;0.70;233.90;6.60;715;46;2304.00;113
5982;46;628311657;5982;157;6693;6807;11.41;0.70;233.95;6.60;711;46;2305.00;114
5987;46;628311676;5987;149;6700;6807;11.50;0.71;233.96;6.60;713;46;2306.00;107
5993;46;628311694;5993;145;6704;6807;11.49;0.71;234.02;6.59;711;46;2307.00;103
5994;46;628311710;5994;143;6710;6807;11.46;0.71;234.02;6.59;716;46;2308.00;97
5996;46;628311725;5996;144;6715;6807;11.45;0.71;234.05;6.59;719;46;2309.00;92
6001;46;628311739;6001;141;6720;6807;11.44;0.70;234.06;6.59;719;46;2310.00;87
6006;46;628311751;6006;141;6724;6807;11.36;0.70;234.01;6.68;718;46;2311.00;83
6011;46;628311773;6011;136;6728;6808;11.30;0.69;233.92;6.68;717;46;2312.00;80
6015;46;628311786;6015;136;6732;6809;11.25;0.69;233.92;6.68;717;46;2313.00;77
6016;46;628311798;6016;140;6735;6809;11.29;0.69;233.92;6.68;719;46;2314.00;74
6019;46;628311811;6019;137;6736;6810;11.32;0.69;233.90;6.69;717;46;2315.00;74
6022;46;628311829;6022;131;6738;6810;11.37;0.70;233.86;6.69;716;46;2316.00;72
6025;46;628311841;6025;124;6739;6810;11.37;0.70;233.84;6.69;714;46;2317.00;71
6028;46;628311853;6028;121;6741;6810;11.27;0.69;233.78;6.69;713;46;2318.00;69
6030;46;628311865;6030;117;6744;6814;11.16;0.68;233.72;6.69;714;46;2319.00;70
6033;46;628311878;6033;117;6745;6814;11.10;0.68;233.74;6.70;712;46;2320.00;69
6033;46;628311891;6033;121;6747;6814;11.01;0.68;233.74;6.70;714;46;2321.00;67
6037;46;628311903;6037;127;6749;6817;10.99;0.67;233.70;6.70;712;46;2322.00;68
6038;46;628311916;6038;132;6750;6817;10.90;0.67;233.71;6.70;712;46;2323.00;67
6040;46;628311928;6040;135;6751;6817;10.85;0.66;233.72;6.70;711;46;2324.00;66
6041;46;628311940;6041;141;6755;6821;10.77;0.66;233.70;6.77;714;46;2325.00;66
6044;46;628311952;6044;142;6757;6822;10.69;0.65;233.65;6.77;713;46;2326.00;65
6048;46;628311964;6048;149;6757;6822;10.57;0.64;233.58;6.77;709;46;2327.00;65
6049;46;628311977;6049;155;6760;6826;10.59;0.65;233.58;6.77;711;46;2328.00;66
6051;46;628311990;6051;161;6761;6826;10.56;0.64;233.54;6.84;710;46;2329.00;65
6052;46;628312001;6052;165;6761;6826;10.49;0.64;233.50;6.84;709;46;2330.00;65
6057;46;628312012;6057;168;6762;6827;10.40;0.63;233.40;6.84;705;46;2331.00;65
6060;46;628312023;6060;177;6762;6827;10.39;0.63;233.46;6.84;702;46;2332.00;65
6061;46;628312036;6061;183;6766;6833;10.43;0.64;233.43;6.84;705;46;2333.00;67
6064;46;628312062;6064;194;6766;6833;10.36;0.63;233.40;6.84;702;46;2334.00;67
6066;46;628312074;6066;202;6767;6834;10.29;0.63;233.36;6.84;701;46;2335.00;67
6067;46;628312091;6067;208;6768;6834;10.18;0.62;233.33;6.85;701;46;2336.00;66
6069;46;628312103;6069;215;6768;6834;10.05;0.61;233.31;6.85;699;46;2337.00;66
6070;46;628312116;6070;221;6768;6834;9.89;0.60;233.28;6.85;698;46;2338.00;66
6070;46;628312126;6070;224;6769;6834;9.74;0.59;233.28;6.86;699;46;2339.00;65
6072;46;628312139;6072;234;6792;6870;9.70;0.60;233.29;6.86;720;46;2340.00;78
6074;46;628312159;6074;240;6794;6870;9.65;0.59;233.28;6.85;720;46;2341.00;76
6076;46;628312170;6076;241;6797;6870;9.69;0.59;233.24;6.86;721;46;2342.00;73
6077;46;628312181;6077;248;6799;6870;9.67;0.59;233.23;6.88;722;46;2343.00;71
6079;46;628312193;6079;251;6800;6870;9.58;0.59;233.23;6.88;721;46;2344.00;70
6081;46;628312203;6081;258;6802;6870;9.49;0.58;233.23;6.88;721;46;2345.00;68
6083;46;628312215;6083;263;6806;6874;9.41;0.58;233.22;6.89;723;46;2346.00;68
6086;46;628312226;6086;252;6808;6874;9.36;0.57;233.19;6.91;722;46;2347.00;66
6090;46;628312239;6090;242;6812;6878;9.29;0.56;233.14;6.90;722;46;2348.00;66
6092;46;628312260;6092;236;6815;6879;9.35;0.57;233.13;6.92;723;46;2349.00;64
6092;46;628312272;6092;232;6817;6879;9.35;0.57;233.13;6.92;725;46;2350.00;62
6093;46;628312284;6093;224;6817;6879;9.36;0.57;233.12;6.92;724;46;2351.00;62
6095;46;628312299;6095;228;6829;6892;9.22;0.56;233.08;6.92;734;46;2352.00;63
6095;46;628312320;6095;223;6830;6892;9.17;0.56;233.08;6.93;735;46;2353.00;62
6097;46;628312332;6097;226;6831;6892;9.10;0.55;233.15;6.94;734;46;2354.00;61
6098;46;628312344;6098;228;6833;6893;9.05;0.55;233.14;6.94;735;46;2355.00;60
6100;46;628312356;6100;230;6834;6894;9.01;0.55;233.13;6.95;734;46;2356.00;60
6100;46;628312382;6100;232;6835;6894;8.94;0.55;233.13;6.95;735;46;2357.00;59
6101;46;628312393;6101;237;6838;6897;8.92;0.55;233.12;6.96;737;46;2358.00;59
6103;46;628312413;6103;234;6839;6897;8.90;0.55;233.08;6.96;736;46;2359.00;58
6104;46;628312425;6104;235;6840;6897;8.84;0.54;233.07;6.96;736;46;2360.00;57
6106;46;628312437;6106;237;6841;6897;8.80;0.54;233.05;6.97;735;46;2361.00;56
6108;46;628312448;6108;238;6847;6903;8.77;0.54;233.02;6.96;739;46;2362.00;56
6109;46;628312460;6109;236;6848;6903;8.66;0.53;233.07;6.97;739;46;2363.00;55
6112;46;628312471;6112;240;6849;6903;8.61;0.53;233.02;6.97;737;46;2364.00;54
6112;46;628312482;6112;237;6850;6903;8.53;0.52;233.02;6.98;738;46;2365.00;53
6116;46;628312493;6116;240;6853;6907;8.47;0.52;232.96;6.97;737;46;2366.00;54
6118;46;628312505;6118;243;6857;6908;8.42;0.51;232.95;7.00;739;46;2367.00;51
6121;46;628312517;6121;247;6857;6908;8.36;0.51;232.95;7.00;736;46;2368.00;51
6124;46;628312528;6124;246;6858;6909;8.35;0.51;233.02;7.00;734;46;2369.00;51
6125;46;628312542;6125;252;6859;6909;8.31;0.51;233.00;7.00;734;46;2370.00;50
6126;46;628312554;6126;251;6859;6909;8.25;0.50;233.01;7.00;733;46;2371.00;50
6129;46;628312565;6129;251;6862;6909;8.20;0.50;232.97;7.02;733;46;2372.00;47
6133;46;628312577;6133;244;6862;6909;8.16;0.50;233.15;7.02;729;46;2373.00;47
6135;46;628312589;6135;243;6862;6909;8.14;0.50;233.13;7.02;727;46;2374.00;47
6140;46;628312600;6140;235;6863;6909;8.05;0.49;233.12;7.02;723;46;2375.00;46
6144;46;628312612;6144;242;6903;6979;8.15;0.50;233.18;6.98;759;46;2376.00;76
6148;46;628312631;6148;238;6907;6980;8.07;0.50;233.23;6.98;759;46;2377.00;73
6153;46;628312645;6153;232;6913;6980;8.01;0.49;233.24;6.97;760;46;2378.00;67
6155;46;628312656;6155;234;6916;6980;7.86;0.48;233.24;6.98;761;46;2379.00;64
6157;46;628312666;6157;229;6922;6980;7.94;0.49;233.25;6.97;765;46;2380.00;58
6162;46;628312675;6162;225;6926;6980;7.89;0.49;233.23;6.97;764;46;2381.00;54
6166;46;628312686;6166;224;6929;6980;7.85;0.48;233.27;6.97;763;46;2382.00;51
6169;46;628312696;6169;228;6932;6980;7.89;0.49;233.35;6.97;763;46;2383.00;48
6173;46;628312706;6173;223;6934;6981;7.96;0.49;233.39;6.97;761;46;2384.00;47
6179;46;628312722;6179;232;6937;6983;7.98;0.49;233.41;6.97;758;46;2385.00;46
6182;46;628312733;6182;236;6939;6983;8.06;0.50;233.41;6.97;757;46;2386.00;44
6185;46;628312744;6185;229;6943;6987;8.11;0.50;233.44;6.97;758;46;2387.00;44
6189;46;628312755;6189;234;6943;6987;8.18;0.50;233.45;6.97;754;46;2388.00;44
6196;46;628312767;6196;234;6943;6987;8.30;0.51;233.41;6.97;747;46;2389.00;44
6198;46;628312777;6198;229;6943;6987;8.40;0.52;233.43;6.97;745;46;2390.00;44
6203;46;628312787;6203;225;6948;6993;8.48;0.52;233.45;6.96;745;46;2391.00;45
6206;46;628312798;6206;217;6948;6993;8.60;0.53;233.52;6.96;742;46;2392.00;45
6209;46;628312808;6209;216;6949;6993;8.75;0.54;233.52;6.96;740;46;2393.00;44
6216;46;628312818;6216;217;6951;6996;8.86;0.54;233.58;6.96;735;46;2394.00;45
6219;46;628312829;6219;215;6952;6996;9.02;0.55;233.60;6.96;733;46;2395.00;44
6223;46;628312840;6223;214;6952;6996;9.07;0.55;233.60;6.96;729;46;2396.00;44
6226;46;628312851;6226;207;6953;6997;9.17;0.56;233.60;6.96;727;46;2397.00;44
6233;46;628312862;6233;212;6954;6998;9.30;0.57;233.73;6.96;721;46;2398.00;44
6241;46;628312874;6241;210;6954;6998;9.38;0.57;233.69;6.96;713;46;2399.00;44
6246;46;628312888;6246;214;6978;7057;9.43;0.57;233.67;6.93;732;46;2400.00;79
6250;46;628312910;6250;193;6979;7057;9.55;0.58;233.66;6.93;729;46;2401.00;78
6255;46;628312923;6255;187;6982;7057;9.62;0.59;233.71;6.93;727;46;2402.00;75
6259;46;628312934;6259;182;6983;7058;9.75;0.59;233.69;6.93;724;46;2403.00;75
6263;46;628312946;6263;186;6985;7058;9.77;0.60;233.74;6.93;722;46;2404.00;73
6269;46;628312957;6269;186;6989;7062;9.70;0.59;233.76;6.93;720;46;2405.00;73
6270;46;628312970;6270;185;6989;7062;9.69;0.59;233.76;6.93;719;46;2406.00;73
6277;46;628312980;6277;185;6992;7066;9.71;0.59;233.78;6.92;715;46;2407.00;74
6283;46;628312992;6283;188;6994;7066;9.66;0.59;233.77;6.92;711;46;2408.00;72
6287;46;628313004;6287;186;6994;7066;9.66;0.59;233.77;6.92;707;46;2409.00;72
6292;46;628313021;6292;188;6996;7066;9.74;0.59;233.96;6.93;704;46;2410.00;70
6296;46;628313033;6296;189;6996;7066;9.77;0.59;233.97;6.93;700;46;2411.00;70
6300;46;628313044;6300;190;7005;7078;9.77;0.60;233.97;7.00;705;46;2412.00;73
6302;46;628313058;6302;193;7006;7078;9.78;0.60;234.02;7.00;704;46;2413.00;72
6307;46;628313070;6307;198;7007;7078;9.82;0.60;234.04;7.01;700;46;2414.00;71
6310;46;628313081;6310;199;7008;7078;9.86;0.60;234.04;7.01;698;46;2415.00;70
6314;46;628313093;6314;200;7008;7078;9.87;0.60;234.06;7.01;694;46;2416.00;70
6316;46;628313104;6316;203;7008;7078;9.95;0.61;234.09;7.01;692;46;2417.00;70
6318;46;628313117;6318;204;7008;7079;9.91;0.60;234.11;7.01;690;46;2418.00;71
6324;46;628313128;6324;207;7010;7079;9.83;0.60;234.16;7.01;686;46;2419.00;69
6328;46;628313140;6328;211;7014;7085;9.76;0.59;234.15;7.01;686;46;2420.00;71
6334;46;628313152;6334;215;7016;7086;9.71;0.59;234.21;7.01;682;46;2421.00;70
6336;46;628313163;6336;218;7016;7086;9.67;0.59;234.27;7.01;680;46;2422.00;70
6339;46;628313174;6339;221;7016;7086;9.64;0.59;234.28;7.01;677;46;2423.00;70
6344;46;628313185;6344;227;7017;7090;9.59;0.58;234.29;7.01;673;46;2424.00;73
6345;46;628313196;6345;229;7018;7090;9.60;0.58;234.27;7.01;673;46;2425.00;72
6348;46;628313207;6348;235;7019;7090;9.53;0.58;234.33;7.01;671;46;2426.00;71
6351;46;628313217;6351;230;7021;7091;9.46;0.57;234.38;7.01;670;46;2427.00;70
6354;46;628313228;6354;225;7026;7095;9.39;0.57;234.34;7.01;672;46;2428.00;69
6358;46;628313239;6358;222;7026;7095;9.30;0.56;234.41;7.01;668;46;2429.00;69
6360;46;628313252;6360;214;7029;7101;9.32;0.56;234.46;7.01;669;46;2430.00;72
6366;46;628313263;6366;215;7029;7101;9.28;0.56;234.53;7.01;663;46;2431.00;72
6369;46;628313275;6369;218;7030;7101;9.26;0.56;234.57;7.01;661;46;2432.00;71
6372;46;628313286;6372;223;7031;7101;9.17;0.55;234.62;7.02;659;46;2433.00;70
6375;46;628313296;6375;224;7034;7105;9.14;0.55;234.65;7.02;659;46;2434.00;71
6379;46;628313307;6379;222;7035;7105;9.13;0.55;234.67;7.02;656;46;2435.00;70
6381;46;628313318;6381;208;7035;7105;9.22;0.56;234.69;7.02;654;46;2436.00;70
6384;46;628313329;6384;193;7037;7105;9.29;0.56;234.74;7.02;653;46;2437.00;68
6389;46;628313340;6389;180;7037;7106;9.36;0.57;234.77;7.02;648;46;2438.00;69
6390;46;628313351;6390;172;7040;7107;9.41;0.57;234.75;7.02;650;46;2439.00;67
6393;46;628313362;6393;169;7040;7107;9.40;0.57;234.79;7.02;647;46;2440.00;67
6394;46;628313372;6394;158;7043;7108;9.50;0.58;234.80;7.02;649;46;2441.00;65
6397;46;628313384;6397;152;7043;7108;9.62;0.59;234.79;7.02;646;46;2442.00;65
6399;46;628313396;6399;151;7043;7108;9.82;0.60;234.83;7.02;644;46;2443.00;65
6404;46;628313408;6404;147;7043;7108;9.91;0.60;234.79;7.02;639;46;2444.00;65
6404;46;628313427;6404;145;7044;7108;9.99;0.61;234.79;7.03;640;46;2445.00;64
6408;47;628313438;6408;140;7044;7108;10.05;0.61;234.81;7.03;636;47;2446.00;64
6413;47;628313463;6413;140;7044;7108;10.20;0.62;234.74;7.03;631;47;2447.00;64
6416;47;628313475;6416;158;7106;7235;10.35;0.64;234.82;6.97;690;47;2448.00;129
6418;47;628313497;6418;148;7110;7236;10.41;0.64;234.84;6.96;692;47;2449.00;126
6423;47;628313510;6423;142;7117;7236;10.46;0.64;234.89;6.96;694;47;2450.00;119
6424;47;628313522;6424;141;7122;7236;10.52;0.65;234.93;6.96;698;47;2451.00;114
6427;47;628313533;6427;138;7127;7236;10.56;0.65;234.92;7.05;700;47;2452.00;109
6430;47;628313545;6430;141;7129;7236;10.54;0.65;234.95;7.05;699;47;2453.00;107
6430;47;628313557;6430;141;7132;7236;10.52;0.64;234.95;7.05;702;47;2454.00;104
6432;47;628313569;6432;146;7137;7236;10.52;0.64;234.97;7.05;705;47;2455.00;99
6433;47;628313582;6433;149;7141;7237;10.56;0.65;234.97;7.05;708;47;2456.00;96
6433;47;628313594;6433;158;7145;7238;10.51;0.64;234.97;7.06;712;47;2457.00;93
6434;47;628313606;6434;157;7148;7238;10.50;0.64;235.01;7.06;714;47;2458.00;90
6438;47;628313625;6438;161;7150;7239;10.41;0.64;235.00;7.06;712;47;2459.00;89
6439;47;628313648;6439;164;7152;7239;10.35;0.63;235.11;7.06;713;47;2460.00;87
6443;47;628313670;6443;171;7155;7239;10.31;0.63;235.16;7.07;712;47;2461.00;84
6443;47;628313685;6443;175;7158;7239;10.36;0.63;235.16;7.07;715;47;2462.00;81
6443;47;628313700;6443;175;7162;7243;10.39;0.64;235.16;7.08;719;47;2463.00;81
6446;47;628313728;6446;174;7165;7243;10.47;0.64;235.16;7.08;719;47;2464.00;78
6447;47;628313741;6447;183;7166;7243;10.45;0.64;235.14;7.08;719;47;2465.00;77
6448;47;628313752;6448;184;7168;7246;10.52;0.64;235.13;7.08;720;47;2466.00;78
6450;47;628313764;6450;183;7169;7246;10.51;0.64;235.13;7.08;719;47;2467.00;77
6452;47;628313775;6452;189;7170;7246;10.49;0.64;235.14;7.17;718;47;2468.00;76
6456;47;628313786;6456;195;7176;7250;10.40;0.64;235.10;7.18;720;47;2469.00;74
6458;47;628313798;6458;192;7177;7251;10.41;0.64;235.07;7.18;719;47;2470.00;74
6460;47;628313809;6460;193;7179;7251;10.42;0.64;235.06;7.18;719;47;2471.00;72
6463;47;628313828;6463;196;7180;7255;10.39;0.64;235.03;7.18;717;47;2472.00;75
6467;47;628313841;6467;195;7182;7255;10.33;0.63;235.00;7.18;715;47;2473.00;73
6470;47;628313852;6470;198;7182;7255;10.29;0.63;235.00;7.18;712;47;2474.00;73
6472;47;628313862;6472;196;7185;7257;10.30;0.63;234.94;7.28;713;47;2475.00;72
6477;47;628313873;6477;198;7185;7257;10.25;0.63;234.89;7.28;708;47;2476.00;72
6479;47;628313884;6479;201;7189;7263;10.23;0.63;234.86;7.27;710;47;2477.00;74
6483;47;628313895;6483;203;7189;7263;10.23;0.62;234.83;7.27;706;47;2478.00;74
6485;47;628313905;6485;199;7190;7264;10.22;0.62;234.82;7.27;705;47;2479.00;74
6489;47;628313916;6489;197;7190;7264;10.19;0.62;234.76;7.27;701;47;2480.00;74
6490;47;628313926;6490;195;7190;7264;10.15;0.62;234.73;7.27;700;47;2481.00;74
6493;47;628313937;6493;193;7190;7264;10.16;0.62;234.82;7.27;697;47;2482.00;74
6497;47;628313947;6497;190;7190;7264;10.18;0.62;234.79;7.27;693;47;2483.00;74
6497;47;628313963;6497;183;7199;7276;10.26;0.63;234.79;7.26;702;47;2484.00;77
6500;47;628313975;6500;182;7202;7276;10.24;0.62;234.89;7.38;702;47;2485.00;74
6501;47;628313993;6501;180;7204;7276;10.33;0.63;234.86;7.38;703;47;2486.00;72
6506;47;628314003;6506;179;7204;7276;10.39;0.63;234.76;7.38;698;47;2487.00;72
6510;47;628314015;6510;176;7204;7276;10.44;0.63;234.71;7.38;694;47;2488.00;72
6511;47;628314025;6511;175;7204;7276;10.46;0.63;234.70;7.38;693;47;2489.00;72
6513;47;628314038;6513;178;7207;7280;10.47;0.64;234.67;7.37;694;47;2490.00;73
6515;47;628314050;6515;175;7208;7280;10.40;0.63;234.62;7.47;693;47;2491.00;72
6516;47;628314061;6516;176;7211;7284;10.51;0.64;234.59;7.47;695;47;2492.00;73
6518;47;628314079;6518;182;7213;7285;10.57;0.64;234.59;7.46;695;47;2493.00;72
6519;47;628314091;6519;187;7214;7285;10.60;0.64;234.57;7.56;695;47;2494.00;71
6519;47;628314101;6519;187;7214;7285;10.57;0.64;234.57;7.56;695;47;2495.00;71
6520;47;628314111;6520;187;7222;7298;10.49;0.64;234.58;7.55;702;47;2496.00;76
6521;47;628314122;6521;191;7224;7298;10.37;0.63;234.56;7.66;703;47;2497.00;74
6521;47;628314138;6521;188;7225;7298;10.32;0.63;234.56;7.66;704;47;2498.00;73
6525;47;628314149;6525;178;7226;7299;10.34;0.63;234.51;7.66;701;47;2499.00;73
6527;47;628314160;6527;168;7227;7300;10.39;0.63;234.46;7.75;700;47;2500.00;73
6527;47;628314173;6527;161;7227;7300;10.52;0.64;234.46;7.75;700;47;2501.00;73
6528;47;628314183;6528;157;7230;7303;10.55;0.64;234.43;7.85;702;47;2502.00;73
6531;47;628314194;6531;155;7232;7303;10.57;0.64;234.38;7.86;701;47;2503.00;71
6531;47;628314205;6531;155;7233;7303;10.59;0.64;234.38;7.95;702;47;2504.00;70
6534;47;628314217;6534;149;7233;7303;10.60;0.64;234.48;7.95;699;47;2505.00;70
6537;47;628314229;6537;145;7237;7309;10.72;0.65;234.49;7.95;700;47;2506.00;72
6538;47;628314242;6538;145;7238;7309;10.68;0.65;234.50;7.95;700;47;2507.00;71
6540;47;628314266;6540;147;7239;7309;10.60;0.64;234.47;8.04;699;47;2508.00;70
6541;47;628314285;6541;149;7241;7309;10.52;0.64;234.48;8.06;700;47;2509.00;68
6541;47;628314297;6541;148;7244;7313;10.42;0.63;234.48;8.06;703;47;2510.00;69
6542;47;628314309;6542;146;7247;7314;10.33;0.63;234.50;8.08;705;47;2511.00;67
6544;47;628314322;6544;154;7249;7314;10.24;0.62;234.52;8.10;705;47;2512.00;65
6546;47;628314334;6546;158;7252;7315;10.19;0.62;234.50;8.11;706;47;2513.00;63
6548;47;628314347;6548;160;7254;7315;10.09;0.61;234.47;8.13;706;47;2514.00;61
6548;47;628314360;6548;171;7256;7315;9.98;0.61;234.47;8.15;708;47;2515.00;59
6548;47;628314372;6548;175;7257;7315;9.88;0.60;234.47;8.15;709;47;2516.00;58
6548;47;628314385;6548;177;7259;7315;9.82;0.60;234.47;8.17;711;47;2517.00;56
6549;47;628314404;6549;185;7261;7315;9.74;0.59;234.46;8.19;712;47;2518.00;54
6553;47;628314421;6553;188;7261;7315;9.66;0.59;234.47;8.19;708;47;2519.00;54
6553;47;628314433;6553;209;7320;7440;9.71;0.60;234.47;8.13;767;47;2520.00;120
6554;47;628314454;6554;210;7325;7441;9.63;0.59;234.48;8.14;771;47;2521.00;116
6555;47;628314465;6555;211;7334;7441;9.66;0.59;234.47;8.13;779;47;2522.00;107
6557;47;628314477;6557;215;7343;7441;9.62;0.59;234.48;8.13;786;47;2523.00;98
6560;47;628314488;6560;214;7350;7441;9.51;0.58;234.55;8.13;790;47;2524.00;91
6562;47;628314499;6562;218;7355;7441;9.40;0.58;234.58;8.13;793;47;2525.00;86
6565;47;628314510;6565;224;7360;7441;9.30;0.57;234.64;8.14;795;47;2526.00;81
6569;47;628314521;6569;230;7363;7441;9.13;0.56;234.73;8.15;794;47;2527.00;78
6571;47;628314532;6571;230;7367;7442;9.00;0.55;234.71;8.15;796;47;2528.00;75
6575;47;628314543;6575;227;7370;7443;8.91;0.55;234.76;8.15;795;47;2529.00;73
6579;47;628314554;6579;229;7372;7443;8.85;0.54;234.76;8.16;793;47;2530.00;71
6580;47;628314565;6580;232;7377;7447;8.76;0.54;234.73;8.15;797;47;2531.00;70
6584;47;628314576;6584;228;7380;7447;8.66;0.53;234.68;8.17;796;47;2532.00;67
6586;47;628314588;6586;225;7381;7447;8.62;0.53;234.64;8.17;795;47;2533.00;66
6588;47;628314601;6588;225;7383;7447;8.62;0.53;234.62;8.17;795;47;2534.00;64
6590;47;628314613;6590;222;7388;7453;8.64;0.53;234.58;8.18;798;47;2535.00;65
6591;47;628314626;6591;224;7388;7453;8.70;0.53;234.56;8.18;797;47;2536.00;65
6593;47;628314638;6593;224;7392;7455;8.71;0.53;234.58;8.18;799;47;2537.00;63
6598;47;628314651;6598;230;7395;7458;8.68;0.53;234.62;8.18;797;47;2538.00;63
6601;47;628314666;6601;238;7395;7458;8.67;0.53;234.67;8.18;794;47;2539.00;63
6606;47;628314677;6606;242;7397;7458;8.62;0.53;234.65;8.19;791;47;2540.00;61
6609;47;628314688;6609;246;7397;7459;8.62;0.53;234.65;8.19;788;47;2541.00;62
6612;47;628314704;6612;252;7399;7460;8.60;0.53;234.67;8.19;787;47;2542.00;61
6615;47;628314715;6615;254;7400;7460;8.54;0.52;234.67;8.19;785;47;2543.00;60
6622;47;628314726;6622;261;7411;7473;8.45;0.52;234.74;8.18;789;47;2544.00;62
6625;47;628314739;6625;262;7412;7473;8.38;0.51;234.76;8.19;787;47;2545.00;61
6629;47;628314749;6629;261;7414;7473;8.32;0.51;234.74;8.19;785;47;2546.00;59
6634;47;628314762;6634;262;7416;7474;8.18;0.50;234.76;8.19;782;47;2547.00;58
6634;47;628314774;6634;264;7417;7474;8.11;0.50;234.76;8.20;783;47;2548.00;57
6639;47;628314785;6639;269;7421;7478;8.02;0.49;234.80;8.20;782;47;2549.00;57
6642;47;628314797;6642;267;7423;7481;8.00;0.49;234.79;8.20;781;47;2550.00;58
6650;47;628314809;6650;262;7428;7485;7.87;0.48;234.76;8.20;778;47;2551.00;57
6655;47;628314821;6655;257;7429;7485;7.79;0.48;234.85;8.20;774;47;2552.00;56
6658;47;628314831;6658;251;7430;7485;7.80;0.48;234.91;8.20;772;47;2553.00;55
6661;47;628314841;6661;249;7431;7485;7.84;0.48;234.95;8.21;770;47;2554.00;54
6667;47;628314852;6667;241;7432;7485;7.86;0.48;235.04;8.21;765;47;2555.00;53
6669;47;628314863;6669;236;7444;7497;7.86;0.48;235.05;8.20;775;47;2556.00;53
6673;47;628314874;6673;222;7444;7497;7.92;0.49;235.08;8.20;771;47;2557.00;53
6678;47;628314886;6678;221;7445;7497;7.94;0.49;235.14;8.20;767;47;2558.00;52
6683;47;628314896;6683;214;7445;7497;8.02;0.49;235.16;8.20;762;47;2559.00;52
6687;47;628314907;6687;218;7445;7497;8.06;0.50;235.22;8.20;758;47;2560.00;52
6691;47;628314918;6691;218;7445;7497;8.12;0.50;235.21;8.20;754;47;2561.00;52
6695;47;628314929;6695;213;7445;7498;8.20;0.50;235.26;8.20;750;47;2562.00;53
6699;47;628314940;6699;213;7445;7498;8.30;0.51;235.26;8.20;746;47;2563.00;53
6702;47;628314951;6702;210;7449;7504;8.44;0.52;235.28;8.20;747;47;2564.00;55
6707;47;628314962;6707;211;7452;7506;8.56;0.53;235.33;8.20;745;47;2565.00;54
6708;47;628314975;6708;210;7452;7506;8.63;0.53;235.34;8.20;744;47;2566.00;54
6711;47;628314986;6711;215;7452;7506;8.75;0.54;235.33;8.20;741;47;2567.00;54
6714;47;628314996;6714;210;7455;7510;8.89;0.55;235.45;8.19;741;47;2568.00;55
6719;47;628315007;6719;208;7455;7510;8.93;0.55;235.43;8.19;736;47;2569.00;55
6723;47;628315019;6723;204;7455;7510;9.01;0.56;235.43;8.19;732;47;2570.00;55
6725;47;628315030;6725;205;7456;7511;9.10;0.56;235.44;8.19;731;47;2571.00;55
6730;47;628315041;6730;203;7459;7515;9.09;0.56;235.44;8.19;729;47;2572.00;56
6736;47;628315053;6736;199;7459;7515;9.12;0.56;235.45;8.19;723;47;2573.00;56
6740;47;628315064;6740;191;7461;7518;9.25;0.57;235.44;8.19;721;47;2574.00;57
6743;47;628315076;6743;185;7462;7518;9.35;0.58;235.42;8.19;719;47;2575.00;56
6747;47;628315086;6747;181;7462;7518;9.34;0.58;235.43;8.19;715;47;2576.00;56
6750;47;628315098;6750;180;7462;7518;9.35;0.58;235.45;8.19;712;47;2577.00;56
6758;47;628315109;6758;181;7465;7522;9.40;0.58;235.48;8.18;707;47;2578.00;57
6765;47;628315121;6765;183;7465;7522;9.37;0.57;235.59;8.18;700;47;2579.00;57
6771;47;628315133;6771;183;7466;7522;9.37;0.57;235.68;8.18;695;47;2580.00;56
6775;47;628315145;6775;189;7466;7522;9.39;0.57;235.76;8.18;691;47;2581.00;56
6780;47;628315155;6780;197;7466;7523;9.38;0.57;235.77;8.18;686;47;2582.00;57
6781;47;628315166;6781;199;7467;7524;9.41;0.57;235.77;8.18;686;47;2583.00;57
6785;47;628315177;6785;201;7467;7524;9.43;0.58;235.82;8.18;682;47;2584.00;57
6789;47;628315187;6789;207;7468;7525;9.47;0.58;235.89;8.18;679;47;2585.00;57
6793;47;628315198;6793;209;7468;7525;9.40;0.57;235.78;8.18;675;47;2586.00;57
6796;47;628315209;6796;209;7468;7525;9.34;0.57;235.80;8.18;672;47;2587.00;57
6799;47;628315219;6799;212;7469;7525;9.38;0.57;235.79;8.27;670;47;2588.00;56
6804;47;628315231;6804;215;7469;7525;9.34;0.57;235.88;8.27;665;47;2589.00;56
6810;47;628315242;6810;212;7469;7525;9.23;0.56;235.88;8.27;659;47;2590.00;56
6810;47;628315253;6810;210;7469;7525;9.23;0.56;235.88;8.27;659;47;2591.00;56
6818;47;628315262;6818;233;7535;7652;9.32;0.58;235.91;8.20;717;47;2592.00;117
6821;47;628315283;6821;222;7539;7653;9.30;0.57;235.93;8.20;718;47;2593.00;114
6824;47;628315293;6824;221;7547;7653;9.29;0.57;235.88;8.19;723;47;2594.00;106
6830;47;628315304;6830;219;7552;7653;9.23;0.57;235.86;8.19;722;47;2595.00;101
6832;47;628315315;6832;222;7556;7653;9.16;0.56;235.92;8.19;724;47;2596.00;97
6836;47;628315326;6836;210;7560;7653;9.17;0.56;235.91;8.19;724;47;2597.00;93
6838;47;628315337;6838;207;7565;7653;9.17;0.56;235.98;8.18;727;47;2598.00;88
6842;47;628315349;6842;204;7568;7653;9.11;0.56;236.03;8.18;726;47;2599.00;85
6843;47;628315362;6843;202;7573;7654;9.14;0.56;236.05;8.18;730;47;2600.00;81
6846;47;628315377;6846;205;7576;7655;9.13;0.56;236.06;8.18;730;47;2601.00;79
6851;47;628315390;6851;211;7578;7655;9.10;0.56;236.08;8.18;727;47;2602.00;77
6852;47;628315402;6852;213;7579;7656;9.08;0.56;236.16;8.18;727;47;2603.00;77
6854;47;628315414;6854;216;7581;7656;9.00;0.55;236.17;8.18;727;47;2604.00;75
6857;47;628315425;6857;217;7582;7656;8.94;0.55;236.28;8.18;725;47;2605.00;74
6858;47;628315437;6858;206;7583;7656;8.83;0.54;236.28;8.19;725;47;2606.00;73
6861;47;628315448;6861;204;7586;7660;8.81;0.54;236.31;8.18;725;47;2607.00;74
6862;47;628315465;6862;198;7588;7660;8.81;0.54;236.30;8.19;726;47;2608.00;72
6862;47;628315483;6862;197;7589;7660;8.91;0.55;236.30;8.19;727;47;2609.00;71
6864;47;628315496;6864;191;7593;7666;9.07;0.56;236.28;8.18;729;47;2610.00;73
6867;47;628315507;6867;186;7593;7666;9.16;0.56;236.35;8.18;726;47;2611.00;73
6870;47;628315519;6870;194;7594;7666;9.25;0.57;236.35;8.19;724;47;2612.00;72
6872;47;628315530;6872;192;7598;7670;9.38;0.57;236.39;8.18;726;47;2613.00;72
6875;47;628315541;6875;187;7599;7671;9.46;0.58;236.42;8.18;724;47;2614.00;72
6878;47;628315553;6878;188;7600;7671;9.49;0.58;236.43;8.18;722;47;2615.00;71
6880;47;628315564;6880;189;7603;7675;9.55;0.58;236.47;8.18;723;47;2616.00;72
6883;48;628315575;6883;191;7604;7675;9.53;0.58;236.43;8.18;721;48;2617.00;71
6886;48;628315596;6886;186;7604;7675;9.59;0.58;236.46;8.18;718;48;2618.00;71
6887;48;628315607;6887;175;7606;7676;9.68;0.59;236.45;8.18;719;48;2619.00;70
6889;48;628315623;6889;174;7606;7676;9.77;0.59;236.42;8.18;717;48;2620.00;70
6890;48;628315639;6890;171;7610;7682;9.85;0.60;236.42;8.18;720;48;2621.00;72
6893;48;628315673;6893;168;7610;7682;9.93;0.60;236.42;8.18;717;48;2622.00;72
6893;48;628315689;6893;168;7611;7683;10.04;0.61;236.42;8.18;718;48;2623.00;72
6895;48;628315704;6895;171;7612;7683;10.06;0.61;236.38;8.17;717;48;2624.00;71
6899;48;628315722;6899;175;7612;7683;9.99;0.61;236.44;8.17;713;48;2625.00;71
6901;48;628315736;6901;173;7612;7683;9.95;0.60;236.39;8.17;711;48;2626.00;71
6904;49;628315749;6904;176;7612;7683;9.95;0.60;236.36;8.17;708;49;2627.00;71
6905;49;628315785;6905;181;7622;7695;9.99;0.61;236.33;8.16;717;49;2628.00;73
6907;49;628315799;6907;182;7623;7695;10.10;0.61;236.33;8.16;716;49;2629.00;72
6911;49;628315811;6911;183;7623;7695;10.16;0.62;236.29;8.16;712;49;2630.00;72
6913;49;628315822;6913;181;7623;7695;10.31;0.63;236.32;8.16;710;49;2631.00;72
6916;49;628315833;6916;183;7623;7695;10.35;0.63;236.27;8.16;707;49;2632.00;72
6918;49;628315854;6918;183;7623;7695;10.39;0.63;236.23;8.16;705;49;2633.00;72
6920;49;628315867;6920;191;7626;7699;10.49;0.64;236.30;8.16;706;49;2634.00;73
6923;49;628315885;6923;196;7626;7699;10.55;0.64;236.24;8.16;703;49;2635.00;73
6924;49;628315897;6924;193;7629;7703;10.54;0.64;236.23;8.16;705;49;2636.00;74
6925;49;628315910;6925;198;7631;7704;10.60;0.65;236.22;8.16;706;49;2637.00;73
6926;49;628315922;6926;200;7631;7704;10.65;0.65;236.23;8.16;705;49;2638.00;73
6928;49;628315934;6928;200;7631;7704;10.66;0.65;236.20;8.16;703;49;2639.00;73
6930;49;628315947;6930;209;7651;7733;10.63;0.65;236.17;8.13;721;49;2640.00;82
6932;49;628315962;6932;203;7652;7733;10.62;0.65;236.14;8.13;720;49;2641.00;81
6932;49;628315973;6932;203;7655;7733;10.60;0.65;236.14;8.13;723;49;2642.00;78
6935;49;628315985;6935;204;7657;7734;10.66;0.65;236.09;8.13;722;49;2643.00;77
6937;49;628315996;6937;210;7657;7735;10.75;0.65;236.07;8.13;720;49;2644.00;78
6937;49;628316008;6937;212;7657;7735;10.79;0.66;236.07;8.13;720;49;2645.00;78
6941;49;628316020;6941;213;7660;7738;10.80;0.66;236.08;8.13;719;49;2646.00;78
6942;49;628316031;6942;218;7660;7738;10.79;0.66;236.07;8.13;718;49;2647.00;78
6945;49;628316043;6945;219;7660;7738;10.72;0.65;236.14;8.13;715;49;2648.00;78
6947;49;628316054;6947;217;7660;7738;10.64;0.65;236.12;8.13;713;49;2649.00;78
6949;49;628316065;6949;216;7664;7744;10.50;0.64;236.10;8.12;715;49;2650.00;80
6949;49;628316077;6949;206;7665;7744;10.42;0.64;236.10;8.22;716;49;2651.00;79
6952;49;628316090;6952;194;7666;7744;10.31;0.63;236.07;8.22;714;49;2652.00;78
6954;49;628316102;6954;188;7666;7744;10.26;0.63;236.03;8.22;712;49;2653.00;78
6956;49;628316120;6956;174;7670;7748;10.27;0.63;236.01;8.23;714;49;2654.00;78
6957;49;628316156;6957;164;7672;7750;10.28;0.63;236.01;8.22;715;49;2655.00;78
6961;49;628316168;6961;153;7673;7750;10.35;0.63;236.02;8.24;712;49;2656.00;77
6966;49;628316180;6966;148;7674;7751;10.47;0.64;236.02;8.24;708;49;2657.00;77
6970;49;628316192;6970;141;7674;7751;10.64;0.65;236.00;8.24;704;49;2658.00;77
6972;49;628316203;6972;134;7674;7751;10.84;0.66;235.95;8.24;702;49;2659.00;77
6975;50;628316215;6975;131;7674;7751;10.98;0.67;235.91;8.24;699;50;2660.00;77
6975;50;628316234;6975;129;7674;7751;11.08;0.67;235.91;8.24;699;50;2661.00;77
6978;50;628316245;6978;125;7674;7751;11.21;0.68;235.88;8.24;696;50;2662.00;77
6980;50;628316262;6980;117;7674;7751;11.28;0.68;235.88;8.24;694;50;2663.00;77
6982;50;628316273;6982;119;7712;7821;11.36;0.69;235.85;8.20;730;50;2664.00;109
6984;51;628316292;6984;114;7714;7822;11.40;0.69;235.81;8.19;730;51;2665.00;108
6987;51;628316311;6987;111;7722;7822;11.43;0.69;235.75;8.19;735;51;2666.00;100
6988;51;628316323;6988;106;7727;7822;11.46;0.70;235.76;8.18;739;51;2667.00;95
6990;51;628316343;6990;104;7731;7822;11.54;0.70;235.76;8.18;741;51;2668.00;91
6992;51;628316363;6992;107;7734;7822;11.57;0.70;235.72;8.18;742;51;2669.00;88
6994;51;628316383;6994;112;7737;7822;11.57;0.70;235.73;8.18;743;51;2670.00;85
6995;51;628316395;6995;113;7738;7822;11.54;0.70;235.73;8.18;743;51;2671.00;84
6996;51;628316412;6996;115;7740;7823;11.58;0.70;235.71;8.18;744;51;2672.00;83
6999;51;628316425;6999;117;7741;7824;11.55;0.70;235.69;8.18;742;51;2673.00;83
7002;51;628316437;7002;118;7742;7824;11.50;0.70;235.77;8.18;740;51;2674.00;82
7004;51;628316450;7004;120;7745;7828;11.38;0.69;235.77;8.17;741;51;2675.00;83
7006;51;628316462;7006;123;7745;7828;11.30;0.69;235.82;8.17;739;51;2676.00;83
7008;51;628316475;7008;130;7746;7828;11.18;0.68;235.87;8.19;738;51;2677.00;82
7010;51;628316487;7010;135;7746;7828;11.17;0.68;235.87;8.19;736;51;2678.00;82
7015;51;628316504;7015;142;7750;7834;11.14;0.68;235.85;8.18;735;51;2679.00;84
7018;51;628316517;7018;149;7752;7834;11.06;0.68;235.85;8.21;734;51;2680.00;82
7023;51;628316529;7023;150;7753;7834;10.99;0.67;235.87;8.21;730;51;2681.00;81
7027;51;628316548;7027;157;7755;7837;10.99;0.67;235.89;8.21;728;51;2682.00;82
7034;51;628316561;7034;166;7758;7837;10.91;0.66;235.90;8.23;724;51;2683.00;79
7036;51;628316573;7036;174;7758;7837;10.84;0.66;235.89;8.23;722;51;2684.00;79
7039;51;628316585;7039;180;7759;7838;10.74;0.65;235.93;8.25;720;51;2685.00;79
7040;51;628316599;7040;186;7761;7839;10.69;0.65;235.94;8.26;721;51;2686.00;78
7045;51;628316611;7045;192;7761;7839;10.64;0.65;235.91;8.26;716;51;2687.00;78
7050;51;628316623;7050;193;7772;7852;10.54;0.64;236.08;8.26;722;51;2688.00;80
7053;51;628316636;7053;197;7773;7852;10.43;0.63;236.09;8.27;720;51;2689.00;79
7054;51;628316647;7054;201;7775;7852;10.34;0.63;236.15;8.28;721;51;2690.00;77
7058;51;628316658;7058;208;7777;7853;10.28;0.62;236.14;8.28;719;51;2691.00;76
7061;51;628316668;7061;215;7778;7853;10.19;0.62;236.13;8.29;717;51;2692.00;75
7062;51;628316678;7062;221;7782;7857;10.12;0.62;236.11;8.30;720;51;2693.00;75
7064;51;628316689;7064;224;7783;7857;10.04;0.61;236.09;8.30;719;51;2694.00;74
7066;51;628316699;7066;225;7788;7861;9.87;0.60;236.06;8.31;722;51;2695.00;73
7070;51;628316709;7070;232;7788;7861;9.82;0.60;236.04;8.31;718;51;2696.00;73
7074;51;628316720;7074;232;7789;7861;9.72;0.59;236.05;8.31;715;51;2697.00;72
7076;51;628316730;7076;240;7790;7861;9.60;0.58;236.03;8.32;714;51;2698.00;71
7078;51;628316740;7078;231;7791;7861;9.51;0.58;236.03;8.32;713;51;2699.00;70
7081;51;628316753;7081;230;7814;7910;9.40;0.57;236.01;8.31;733;51;2700.00;96
7084;51;628316773;7084;226;7816;7910;9.24;0.57;236.02;8.31;732;51;2701.00;94
7088;51;628316784;7088;233;7819;7910;9.06;0.55;236.01;8.32;731;51;2702.00;91
7089;51;628316795;7089;233;7822;7910;9.02;0.55;236.00;8.32;733;51;2703.00;88
7090;51;628316805;7090;233;7825;7910;8.97;0.55;235.99;8.33;735;51;2704.00;85
7094;51;628316815;7094;235;7826;7910;8.94;0.55;235.96;8.33;732;51;2705.00;84
7094;51;628316825;7094;231;7829;7911;8.95;0.55;235.96;8.34;735;51;2706.00;82
7098;51;628316835;7098;228;7831;7911;8.87;0.54;235.99;8.34;733;51;2707.00;80
7099;51;628316845;7099;229;7835;7917;8.88;0.54;235.99;8.34;736;51;2708.00;82
7102;51;628316856;7102;234;7837;7918;8.91;0.55;236.01;8.35;735;51;2709.00;81
7105;51;628316866;7105;240;7837;7918;8.88;0.54;236.00;8.35;732;51;2710.00;81
7108;51;628316875;7108;244;7841;7918;8.79;0.54;236.00;8.37;733;51;2711.00;77
7113;51;628316886;7113;244;7845;7922;8.68;0.53;235.99;8.37;732;51;2712.00;77
7119;51;628316902;7119;249;7846;7922;8.58;0.53;235.97;8.37;727;51;2713.00;76
7124;51;628316912;7124;251;7847;7922;8.42;0.52;235.95;8.38;723;51;2714.00;75
7126;51;628316922;7126;251;7851;7923;8.38;0.51;235.97;8.40;725;51;2715.00;72
7132;51;628316932;7132;254;7854;7927;8.28;0.51;235.97;8.40;722;51;2716.00;73
7139;51;628316943;7139;256;7855;7927;8.24;0.50;235.94;8.40;716;51;2717.00;72
7143;51;628316953;7143;259;7858;7930;8.26;0.51;236.00;8.40;715;51;2718.00;72
7145;51;628316963;7145;262;7859;7930;8.18;0.50;235.99;8.40;714;51;2719.00;71
7151;51;628316973;7151;255;7862;7930;8.10;0.50;236.03;8.42;711;51;2720.00;68
7155;51;628316983;7155;245;7862;7930;8.05;0.49;236.02;8.42;707;51;2721.00;68
7160;51;628316992;7160;248;7864;7934;8.00;0.49;236.15;8.42;704;51;2722.00;70
7165;51;628317002;7165;247;7865;7934;7.93;0.49;236.19;8.42;700;51;2723.00;69
7169;51;628317012;7169;246;7866;7934;7.86;0.48;236.20;8.42;697;51;2724.00;68
7173;51;628317021;7173;246;7870;7934;7.76;0.48;236.32;8.43;697;51;2725.00;64
7176;51;628317031;7176;249;7870;7935;7.78;0.48;236.33;8.43;694;51;2726.00;65
7180;51;628317040;7180;244;7872;7936;7.81;0.48;236.34;8.43;692;51;2727.00;64
7184;51;628317050;7184;243;7872;7936;7.86;0.48;236.34;8.43;688;51;2728.00;64
7187;51;628317060;7187;241;7873;7937;7.87;0.48;236.40;8.43;686;51;2729.00;64
7189;51;628317071;7189;237;7877;7937;7.88;0.48;236.44;8.43;688;51;2730.00;60
7193;51;628317080;7193;235;7877;7937;7.94;0.49;236.42;8.43;684;51;2731.00;60
7198;51;628317089;7198;230;7877;7937;7.98;0.49;236.45;8.43;679;51;2732.00;60
7201;51;628317099;7201;224;7879;7937;7.99;0.49;236.48;8.44;678;51;2733.00;58
7205;51;628317115;7205;221;7879;7937;7.99;0.49;236.49;8.44;674;51;2734.00;58
7211;51;628317126;7211;220;7880;7937;8.03;0.49;236.52;8.44;669;51;2735.00;57
7216;51;628317137;7216;228;7947;8064;8.23;0.51;236.53;8.38;731;51;2736.00;117
7218;51;628317161;7218;219;7951;8065;8.34;0.52;236.56;8.37;733;51;2737.00;114
7222;51;628317172;7222;218;7958;8065;8.42;0.52;236.57;8.37;736;51;2738.00;107
7227;51;628317183;7227;220;7961;8065;8.40;0.52;236.58;8.37;734;51;2739.00;104
7228;51;628317194;7228;221;7965;8065;8.50;0.53;236.59;8.36;737;51;2740.00;100
7234;51;628317204;7234;225;7966;8065;8.50;0.53;236.57;8.36;732;51;2741.00;99
7238;51;628317215;7238;222;7969;8065;8.40;0.52;236.62;8.36;731;51;2742.00;96
7240;51;628317226;7240;223;7972;8065;8.30;0.51;236.65;8.36;732;51;2743.00;93
7247;51;628317236;7247;229;7977;8066;8.20;0.51;236.70;8.36;730;51;2744.00;89
7250;51;628317247;7250;227;7984;8068;8.19;0.51;236.69;8.36;734;51;2745.00;84
7252;51;628317257;7252;226;7986;8068;8.10;0.50;236.70;8.36;734;51;2746.00;82
7259;51;628317268;7259;233;7988;8069;8.07;0.50;236.78;8.36;729;51;2747.00;81
7259;51;628317279;7259;231;7993;8069;8.10;0.50;236.78;8.37;734;51;2748.00;76
7264;51;628317289;7264;234;7997;8069;8.01;0.50;236.76;8.37;733;51;2749.00;72
7266;51;628317300;7266;236;7998;8069;8.09;0.50;236.78;8.37;732;51;2750.00;71
7271;51;628317310;7271;237;8002;8073;8.10;0.50;236.78;8.36;731;51;2751.00;71
7273;51;628317321;7273;236;8004;8073;8.17;0.51;236.79;8.37;731;51;2752.00;69
7276;51;628317332;7276;236;8004;8073;8.16;0.50;236.81;8.37;728;51;2753.00;69
7282;51;628317342;7282;240;8007;8076;8.13;0.50;236.84;8.36;725;51;2754.00;69
7284;51;628317354;7284;243;8007;8076;8.10;0.50;236.81;8.36;723;51;2755.00;69
7287;51;628317364;7287;251;8009;8076;8.12;0.50;236.82;8.37;722;51;2756.00;67
7293;51;628317374;7293;255;8013;8080;8.13;0.50;236.80;8.37;720;51;2757.00;67
7297;51;628317386;7297;262;8015;8081;8.13;0.50;236.89;8.36;718;51;2758.00;66
7300;51;628317397;7300;266;8015;8081;8.11;0.50;236.97;8.36;715;51;2759.00;66
7302;51;628317410;7302;275;8019;8086;8.08;0.50;237.00;8.36;717;51;2760.00;67
7306;51;628317420;7306;282;8019;8086;8.02;0.49;237.00;8.36;713;51;2761.00;67
7309;51;628317430;7309;286;8019;8086;7.94;0.49;236.98;8.36;710;51;2762.00;67
7310;51;628317441;7310;290;8020;8087;7.93;0.49;236.95;8.36;710;51;2763.00;67
7315;51;628317451;7315;293;8020;8087;7.85;0.48;237.01;8.36;705;51;2764.00;67
7315;51;628317461;7315;299;8024;8093;7.81;0.48;237.01;8.35;709;51;2765.00;69
7318;51;628317473;7318;297;8024;8093;7.71;0.47;237.03;8.35;706;51;2766.00;69
7319;51;628317487;7319;288;8025;8094;7.66;0.47;237.05;8.35;706;51;2767.00;69
7321;51;628317499;7321;282;8025;8094;7.61;0.46;237.07;8.35;704;51;2768.00;69
7324;51;628317510;7324;282;8025;8094;7.58;0.46;237.08;8.35;701;51;2769.00;69
7325;51;628317522;7325;278;8025;8094;7.65;0.47;237.09;8.35;700;51;2770.00;69
7327;51;628317533;7327;278;8025;8094;7.77;0.47;237.18;8.35;698;51;2771.00;69
7330;51;628317543;7330;277;8035;8106;8.01;0.49;237.14;8.34;705;51;2772.00;71
7331;51;628317560;7331;283;8036;8106;8.12;0.49;237.14;8.34;705;51;2773.00;70
7333;51;628317570;7333;282;8036;8106;8.17;0.50;237.10;8.34;703;51;2774.00;70
7333;51;628317580;7333;282;8036;8106;8.19;0.50;237.10;8.34;703;51;2775.00;70
7334;51;628317590;7334;270;8036;8106;8.29;0.50;237.16;8.34;702;51;2776.00;70
7336;51;628317601;7336;255;8036;8106;8.31;0.50;237.17;8.34;700;51;2777.00;70
7337;51;628317610;7337;241;8039;8110;8.36;0.51;237.19;8.34;702;51;2778.00;71
7339;51;628317626;7339;238;8039;8110;8.31;0.50;237.17;8.34;700;51;2779.00;71
7339;51;628317662;7339;236;8042;8114;8.40;0.51;237.17;8.34;703;51;2780.00;72
7340;51;628317678;7340;223;8044;8115;8.52;0.52;237.16;8.34;704;51;2781.00;71
7341;51;628317696;7341;220;8044;8115;8.57;0.52;237.15;8.34;703;51;2782.00;71
7345;51;628317722;7345;222;8044;8115;8.59;0.52;237.08;8.34;699;51;2783.00;71
7347;51;628317736;7347;229;8055;8128;8.71;0.53;237.04;8.32;708;51;2784.00;73
7349;51;628317749;7349;224;8055;8128;8.75;0.53;237.02;8.32;706;51;2785.00;73
7351;51;628317761;7351;225;8055;8128;8.82;0.54;237.01;8.32;704;51;2786.00;73
7353;51;628317774;7353;225;8056;8129;8.80;0.54;236.97;8.32;703;51;2787.00;73
7354;51;628317787;7354;224;8056;8130;8.86;0.54;236.95;8.32;702;51;2788.00;74
7356;51;628317800;7356;227;8056;8130;8.88;0.54;236.91;8.32;700;51;2789.00;74
7358;51;628317814;7358;227;8059;8136;8.91;0.54;236.90;8.32;701;51;2790.00;77
7359;51;628317826;7359;222;8059;8136;8.98;0.55;236.87;8.32;700;51;2791.00;77
7362;51;628317845;7362;223;8060;8136;8.99;0.55;236.83;8.32;698;51;2792.00;76
7365;51;628317856;7365;219;8060;8136;9.01;0.55;236.79;8.32;695;51;2793.00;76
7366;51;628317867;7366;219;8064;8142;8.98;0.55;236.81;8.32;698;51;2794.00;78
7369;51;628317880;7369;217;8064;8142;9.00;0.55;236.77;8.32;695;51;2795.00;78
7371;51;628317891;7371;214;8066;8142;9.04;0.55;236.78;8.42;695;51;2796.00;76
7371;51;628317903;7371;212;8066;8142;9.14;0.56;236.78;8.42;695;51;2797.00;76
7375;51;628317915;7375;216;8070;8146;9.12;0.55;236.73;8.42;695;51;2798.00;76
7381;51;628317928;7381;212;8071;8147;9.19;0.56;236.78;8.42;690;51;2799.00;76
7381;51;628317941;7381;213;8072;8147;9.31;0.57;236.78;8.42;691;51;2800.00;75
7381;51;628317955;7381;216;8073;8148;9.36;0.57;236.78;8.42;692;51;2801.00;75
7384;51;628317967;7384;216;8073;8148;9.42;0.57;236.79;8.42;689;51;2802.00;75
7386;51;628317978;7386;205;8073;8148;9.49;0.58;236.77;8.42;687;51;2803.00;75
7387;52;628317990;7387;193;8073;8148;9.54;0.58;236.76;8.42;686;52;2804.00;75
7388;52;628318014;7388;186;8073;8148;9.64;0.59;236.75;8.42;685;52;2805.00;75
7389;52;628318024;7389;179;8073;8148;9.76;0.59;236.74;8.42;684;52;2806.00;75
7391;52;628318042;7391;178;8073;8148;9.83;0.60;236.74;8.42;682;52;2807.00;75
7391;52;628318052;7391;188;8115;8218;9.76;0.59;236.74;8.37;724;52;2808.00;103
7393;52;628318070;7393;178;8115;8219;9.88;0.60;236.73;8.37;722;52;2809.00;104
7394;52;628318081;7394;167;8122;8219;10.04;0.61;236.71;8.37;728;52;2810.00;97
7394;52;628318093;7394;162;8124;8219;10.22;0.62;236.71;8.37;730;52;2811.00;95
7395;52;628318103;7395;160;8128;8219;10.42;0.63;236.70;8.37;733;52;2812.00;91
7396;52;628318122;7396;159;8132;8219;10.57;0.64;236.68;8.36;736;52;2813.00;87
7397;52;628318134;7397;157;8137;8219;10.68;0.65;236.69;8.36;740;52;2814.00;82
7401;52;628318147;7401;162;8137;8219;10.73;0.65;236.70;8.36;736;52;2815.00;82
7403;52;628318160;7403;159;8139;8220;10.82;0.66;236.71;8.36;736;52;2816.00;81
7405;52;628318172;7405;159;8140;8221;10.91;0.66;236.68;8.36;735;52;2817.00;81
7408;52;628318185;7408;158;8141;8221;10.93;0.66;236.66;8.36;733;52;2818.00;80
7410;52;628318197;7410;157;8144;8225;10.90;0.66;236.66;8.36;734;52;2819.00;81
7412;52;628318210;7412;155;8144;8225;10.88;0.66;236.63;8.36;732;52;2820.00;81
7415;52;628318222;7415;155;8144;8225;10.89;0.66;236.60;8.36;729;52;2821.00;81
7416;52;628318233;7416;149;8144;8225;10.90;0.66;236.60;8.36;728;52;2822.00;81
7417;52;628318245;7417;142;8147;8231;10.92;0.66;236.58;8.36;730;52;2823.00;84
7419;52;628318258;7419;135;8148;8231;10.94;0.67;236.64;8.35;729;52;2824.00;83
7426;52;628318270;7426;134;8150;8231;10.98;0.67;236.69;8.37;724;52;2825.00;81
7428;52;628318284;7428;134;8152;8234;11.00;0.67;236.67;8.37;724;52;2826.00;82
7430;52;628318295;7430;134;8152;8234;11.07;0.67;236.66;8.37;722;52;2827.00;82
7433;52;628318307;7433;134;8153;8234;11.16;0.68;236.68;8.37;720;52;2828.00;81
7440;52;628318320;7440;138;8153;8235;11.25;0.68;236.67;8.37;713;52;2829.00;82
7440;52;628318332;7440;131;8154;8236;11.35;0.69;236.67;8.37;714;52;2830.00;82
7447;53;628318345;7447;124;8154;8236;11.39;0.69;236.72;8.37;707;53;2831.00;82
7450;53;628318373;7450;126;8164;8249;11.42;0.69;236.77;8.36;714;53;2832.00;85
7451;53;628318388;7451;120;8164;8249;11.53;0.70;236.79;8.36;713;53;2833.00;85
7452;53;628318401;7452;115;8164;8249;11.72;0.71;236.82;8.36;712;53;2834.00;85
7458;53;628318413;7458;116;8166;8251;11.83;0.72;236.88;8.36;708;53;2835.00;85
7460;53;628318427;7460;114;8166;8251;11.87;0.72;236.91;8.36;706;53;2836.00;85
7463;53;628318439;7463;118;8169;8255;11.88;0.72;236.94;8.36;706;53;2837.00;86
7466;53;628318452;7466;120;8170;8255;11.94;0.72;236.93;8.36;704;53;2838.00;85
7469;53;628318464;7469;120;8173;8259;11.90;0.72;236.93;8.35;704;53;2839.00;86
7472;53;628318478;7472;119;8175;8259;11.86;0.72;236.97;8.35;703;53;2840.00;84
7476;53;628318489;7476;117;8175;8259;11.86;0.72;237.00;8.35;699;53;2841.00;84
7476;53;628318500;7476;124;8175;8259;11.85;0.72;237.00;8.35;699;53;2842.00;84
7480;53;628318511;7480;125;8175;8259;11.80;0.72;237.07;8.35;695;53;2843.00;84
7486;53;628318522;7486;124;8185;8271;11.77;0.71;237.16;8.34;699;53;2844.00;86
7488;53;628318535;7488;122;8186;8271;11.69;0.71;237.13;8.34;698;53;2845.00;85
7490;53;628318546;7490;125;8186;8271;11.68;0.71;237.10;8.34;696;53;2846.00;85
7491;53;628318557;7491;131;8186;8271;11.59;0.70;237.16;8.34;695;53;2847.00;85
7494;53;628318568;7494;132;8186;8271;11.51;0.70;237.14;8.34;692;53;2848.00;85
7496;53;628318579;7496;139;8187;8271;11.45;0.70;237.15;8.35;691;53;2849.00;84
7498;53;628318592;7498;145;8190;8274;11.38;0.69;237.19;8.37;692;53;2850.00;84
7501;53;628318603;7501;147;8190;8274;11.31;0.69;237.18;8.37;689;53;2851.00;84
7504;53;628318615;7504;156;8196;8280;11.31;0.69;237.19;8.39;692;53;2852.00;84
7506;53;628318628;7506;162;8198;8281;11.21;0.68;237.17;8.39;692;53;2853.00;83
7508;53;628318640;7508;167;8199;8281;11.06;0.67;237.14;8.40;691;53;2854.00;82
7510;53;628318650;7510;168;8200;8281;10.87;0.66;237.10;8.41;690;53;2855.00;81
7513;53;628318661;7513;170;8203;8285;10.81;0.66;237.09;8.41;690;53;2856.00;82
7516;53;628318672;7516;171;8204;8285;10.78;0.66;237.11;8.41;688;53;2857.00;81
7519;53;628318682;7519;182;8205;8285;10.78;0.66;237.10;8.43;686;53;2858.00;80
7522;53;628318692;7522;184;8208;8286;10.74;0.66;237.09;8.45;686;53;2859.00;78
7523;53;628318702;7523;190;8211;8290;10.64;0.65;237.10;8.44;688;53;2860.00;79
7524;53;628318712;7524;194;8213;8290;10.60;0.65;237.10;8.46;689;53;2861.00;77
7526;53;628318722;7526;193;8215;8293;10.59;0.65;237.09;8.46;689;53;2862.00;78
7527;53;628318732;7527;196;8218;8293;10.54;0.65;237.09;8.47;691;53;2863.00;75
7528;53;628318742;7528;201;8221;8295;10.37;0.64;237.08;8.48;693;53;2864.00;74
7531;53;628318752;7531;204;8222;8295;10.28;0.63;237.09;8.49;691;53;2865.00;73
7534;53;628318761;7534;212;8227;8299;10.19;0.62;237.06;8.49;693;53;2866.00;72
7536;53;628318771;7536;209;8227;8299;10.06;0.61;237.06;8.49;691;53;2867.00;72
7539;53;628318781;7539;210;8227;8299;10.00;0.61;237.07;8.49;688;53;2868.00;72
7541;53;628318790;7541;204;8230;8299;9.93;0.61;237.07;8.52;689;53;2869.00;69
7545;53;628318799;7545;205;8231;8300;9.89;0.60;237.10;8.53;686;53;2870.00;69
7547;53;628318809;7547;200;8233;8301;9.84;0.60;237.15;8.53;686;53;2871.00;68
7550;53;628318819;7550;199;8234;8301;9.75;0.60;237.15;8.54;684;53;2872.00;67
7553;53;628318829;7553;197;8235;8302;9.61;0.59;237.18;8.54;682;53;2873.00;67
7556;53;628318846;7556;198;8235;8302;9.56;0.58;237.15;8.54;679;53;2874.00;67
7560;53;628318875;7560;197;8238;8302;9.53;0.58;237.16;8.56;678;53;2875.00;64
7564;53;628318885;7564;201;8238;8302;9.51;0.58;237.18;8.56;674;53;2876.00;64
7566;53;628318895;7566;200;8238;8302;9.55;0.58;237.15;8.56;672;53;2877.00;64
7569;53;628318904;7569;201;8239;8302;9.54;0.58;237.12;8.56;670;53;2878.00;63
7571;53;628318913;7571;203;8239;8302;9.56;0.58;237.14;8.56;668;53;2879.00;63
7573;53;628318924;7573;242;8345;8532;9.30;0.58;237.15;8.47;772;53;2880.00;187
7574;53;628318951;7574;237;8350;8533;9.19;0.57;237.14;8.47;776;53;2881.00;183
7578;53;628318960;7578;222;8356;8533;9.14;0.57;237.10;8.46;778;53;2882.00;177
7580;53;628318970;7580;225;8363;8533;9.05;0.56;237.09;8.46;783;53;2883.00;170
7582;53;628318980;7582;221;8371;8533;9.07;0.57;237.06;8.46;789;53;2884.00;162
7590;53;628318989;7590;218;8375;8533;9.05;0.56;237.13;8.45;785;53;2885.00;158
7592;53;628319000;7592;222;8381;8533;9.07;0.57;237.17;8.45;789;53;2886.00;152
7596;53;628319009;7596;223;8389;8533;9.06;0.56;237.22;8.45;793;53;2887.00;144
7601;53;628319019;7601;231;8392;8534;8.98;0.56;237.28;8.45;791;53;2888.00;142
7607;53;628319029;7607;237;8399;8535;8.75;0.54;237.31;8.45;792;53;2889.00;136
7610;53;628319039;7610;230;8402;8535;8.60;0.54;237.32;8.46;792;53;2890.00;133
7616;53;628319049;7616;227;8408;8536;8.41;0.52;237.40;8.46;792;53;2891.00;128
7619;53;628319058;7619;228;8414;8536;8.23;0.51;237.40;8.46;795;53;2892.00;122
7621;53;628319073;7621;239;8417;8536;8.04;0.50;237.39;8.46;796;53;2893.00;119
7625;53;628319083;7625;246;8419;8536;7.85;0.49;237.43;8.46;794;53;2894.00;117
7629;53;628319094;7629;255;8425;8540;7.69;0.48;237.39;8.46;796;53;2895.00;115
7632;53;628319104;7632;258;8427;8540;7.55;0.47;237.43;8.47;795;53;2896.00;113
7636;53;628319114;7636;260;8433;8540;7.43;0.46;237.43;8.47;797;53;2897.00;107
7640;53;628319124;7640;258;8437;8543;7.32;0.45;237.46;8.47;797;53;2898.00;106
7642;53;628319135;7642;268;8440;8543;7.31;0.45;237.44;8.48;798;53;2899.00;103
7644;53;628319145;7644;274;8441;8543;7.25;0.45;237.46;8.48;797;53;2900.00;102
7649;53;628319158;7649;271;8446;8547;7.25;0.45;237.45;8.48;797;53;2901.00;101
7653;53;628319169;7653;275;8449;8548;7.28;0.45;237.43;8.48;796;53;2902.00;99
7654;53;628319179;7654;276;8450;8548;7.37;0.45;237.42;8.48;796;53;2903.00;98
7659;53;628319189;7659;281;8454;8552;7.39;0.46;237.48;8.48;795;53;2904.00;98
7662;53;628319200;7662;287;8457;8552;7.38;0.45;237.47;8.49;795;53;2905.00;95
7666;53;628319215;7666;281;8458;8552;7.41;0.46;237.51;8.49;792;53;2906.00;94
7669;53;628319231;7669;281;8462;8553;7.42;0.46;237.55;8.49;793;53;2907.00;91
7673;53;628319241;7673;287;8464;8553;7.42;0.46;237.58;8.50;791;53;2908.00;89
7677;53;628319251;7677;290;8467;8559;7.45;0.46;237.56;8.50;790;53;2909.00;92
7682;53;628319263;7682;293;8471;8559;7.43;0.46;237.63;8.50;789;53;2910.00;88
7684;53;628319274;7684;295;8471;8560;7.49;0.46;237.63;8.50;787;53;2911.00;89
7687;53;628319284;7687;293;8474;8560;7.45;0.46;237.63;8.51;787;53;2912.00;86
7689;53;628319294;7689;296;8476;8560;7.44;0.46;237.65;8.52;787;53;2913.00;84
7695;53;628319304;7695;301;8476;8560;7.36;0.45;237.69;8.52;781;53;2914.00;84
7699;53;628319314;7699;305;8478;8560;7.33;0.45;237.74;8.52;779;53;2915.00;82
7703;53;628319324;7703;310;8488;8572;7.35;0.45;237.76;8.51;785;53;2916.00;84
7706;53;628319336;7706;319;8489;8572;7.29;0.44;237.78;8.51;783;53;2917.00;83
7708;53;628319345;7708;324;8490;8572;7.27;0.44;237.76;8.51;782;53;2918.00;82
7712;53;628319361;7712;325;8490;8572;7.16;0.44;237.79;8.51;778;53;2919.00;82
7715;53;628319370;7715;329;8491;8572;7.15;0.44;237.89;8.51;776;53;2920.00;81
7716;53;628319380;7716;328;8491;8572;7.13;0.43;237.91;8.51;775;53;2921.00;81
7721;53;628319390;7721;331;8494;8576;7.18;0.44;237.88;8.51;773;53;2922.00;82
7721;53;628319400;7721;333;8494;8576;7.19;0.44;237.88;8.51;773;53;2923.00;82
7722;53;628319410;7722;335;8497;8580;7.23;0.44;237.87;8.50;775;53;2924.00;83
7722;53;628319420;7722;338;8499;8582;7.28;0.44;237.87;8.50;777;53;2925.00;83
7724;53;628319430;7724;340;8500;8582;7.25;0.44;237.86;8.50;776;53;2926.00;82
7726;53;628319440;7726;348;8500;8582;7.26;0.44;237.86;8.50;774;53;2927.00;82
7730;53;628319449;7730;348;8510;8595;7.32;0.45;237.85;8.49;780;53;2928.00;85
7732;53;628319460;7732;355;8510;8595;7.25;0.44;237.82;8.49;778;53;2929.00;85
7735;53;628319471;7735;356;8510;8595;7.25;0.45;237.80;8.49;775;53;2930.00;85
7738;53;628319481;7738;355;8511;8596;7.22;0.44;237.77;8.49;773;53;2931.00;85
7741;53;628319490;7741;356;8511;8597;7.22;0.44;237.74;8.49;770;53;2932.00;86
7743;53;628319499;7743;366;8511;8597;7.18;0.44;237.71;8.49;768;53;2933.00;86
7745;53;628319509;7745;373;8513;8600;7.18;0.44;237.75;8.49;768;53;2934.00;87
7746;53;628319519;7746;379;8514;8600;7.15;0.44;237.75;8.49;768;53;2935.00;86
7750;53;628319528;7750;383;8514;8600;7.08;0.43;237.75;8.49;764;53;2936.00;86
7752;53;628319538;7752;375;8514;8600;7.04;0.43;237.71;8.49;762;53;2937.00;86
7756;53;628319547;7756;376;8518;8606;7.04;0.43;237.74;8.48;762;53;2938.00;88
7757;53;628319558;7757;376;8518;8606;7.04;0.43;237.73;8.48;761;53;2939.00;88
7760;53;628319569;7760;371;8519;8606;7.07;0.43;237.72;8.48;759;53;2940.00;87
7766;53;628319579;7766;373;8519;8606;7.03;0.43;237.67;8.48;753;53;2941.00;87
7766;54;628319588;7766;372;8522;8610;7.04;0.43;237.67;8.48;756;54;2942.00;88
7768;54;628319608;7768;369;8523;8611;7.06;0.43;237.62;8.48;755;54;2943.00;88
7770;54;628319622;7770;366;8523;8611;7.04;0.43;237.60;8.48;753;54;2944.00;88
7771;54;628319634;7771;366;8524;8612;7.01;0.43;237.62;8.48;753;54;2945.00;88
7773;54;628319651;7773;347;8524;8612;7.10;0.44;237.58;8.48;751;54;2946.00;88
7780;54;628319666;7780;335;8524;8612;7.12;0.44;237.54;8.48;744;54;2947.00;88
7783;54;628319683;7783;319;8524;8612;7.18;0.44;237.49;8.48;741;54;2948.00;88
7788;54;628319707;7788;313;8524;8612;7.23;0.44;237.50;8.48;736;54;2949.00;88
7788;54;628319724;7788;305;8525;8612;7.40;0.45;237.50;8.60;737;54;2950.00;87
7792;54;628319740;7792;295;8525;8612;7.46;0.45;237.54;8.60;733;54;2951.00;87
7792;54;628319751;7792;293;8562;8682;7.70;0.47;237.54;8.56;770;54;2952.00;120
7793;54;628319769;7793;283;8562;8683;7.76;0.47;237.56;8.56;769;54;2953.00;121
7795;54;628319781;7795;276;8571;8683;7.93;0.48;237.53;8.55;776;54;2954.00;112
7795;54;628319792;7795;255;8572;8683;8.06;0.49;237.53;8.55;777;54;2955.00;111
7797;54;628319803;7797;240;8576;8683;8.21;0.50;237.53;8.55;779;54;2956.00;107
7800;54;628319815;7800;238;8578;8683;8.31;0.50;237.51;8.55;778;54;2957.00;105
7800;54;628319827;7800;232;8581;8683;8.50;0.52;237.51;8.55;781;54;2958.00;102
7801;54;628319838;7801;226;8583;8683;8.62;0.52;237.48;8.55;782;54;2959.00;100
7804;55;628319849;7804;218;8585;8684;8.75;0.53;237.49;8.55;781;55;2960.00;99
7805;55;628319871;7805;211;8587;8685;8.89;0.54;237.50;8.55;782;55;2961.00;98
7807;55;628319883;7807;194;8588;8685;9.04;0.55;237.48;8.55;781;55;2962.00;97
7808;55;628319902;7808;192;8591;8689;9.15;0.56;237.45;8.54;783;55;2963.00;98
7808;55;628319913;7808;186;8591;8689;9.32;0.57;237.45;8.54;783;55;2964.00;98
7809;55;628319932;7809;182;8591;8689;9.42;0.57;237.48;8.54;782;55;2965.00;98
7809;55;628319944;7809;180;8592;8689;9.57;0.58;237.48;8.66;783;55;2966.00;97
7810;55;628319955;7810;175;8595;8695;9.67;0.59;237.48;8.65;785;55;2967.00;100
7812;55;628319969;7812;169;8595;8695;9.77;0.59;237.56;8.65;783;55;2968.00;100
7814;55;628319981;7814;167;8596;8695;9.87;0.60;237.56;8.65;782;55;2969.00;99
7815;55;628319995;7815;164;8599;8701;10.01;0.61;237.56;8.65;784;55;2970.00;102
7820;55;628320020;7820;159;8600;8701;10.08;0.61;237.54;8.65;780;55;2971.00;101
7821;55;628320037;7821;158;8600;8701;10.16;0.62;237.52;8.65;779;55;2972.00;101
7823;55;628320053;7823;153;8601;8702;10.26;0.62;237.49;8.65;778;55;2973.00;101
7823;55;628320065;7823;151;8602;8703;10.39;0.63;237.49;8.65;779;55;2974.00;101
7827;55;628320083;7827;151;8603;8703;10.40;0.63;237.49;8.65;776;55;2975.00;100
7830;55;628320095;7830;151;8611;8716;10.50;0.63;237.50;8.64;781;55;2976.00;105
7831;55;628320107;7831;151;8612;8716;10.51;0.64;237.52;8.64;781;55;2977.00;104
7833;55;628320120;7833;154;8612;8716;10.52;0.64;237.49;8.64;779;55;2978.00;104
7833;55;628320131;7833;151;8613;8717;10.59;0.64;237.49;8.64;780;55;2979.00;104
7835;55;628320143;7835;159;8613;8717;10.59;0.64;237.48;8.64;778;55;2980.00;104
7838;55;628320155;7838;162;8615;8721;10.59;0.64;237.52;8.64;777;55;2981.00;106
7839;55;628320168;7839;163;8616;8721;10.61;0.64;237.53;8.75;777;55;2982.00;105
7841;55;628320179;7841;166;8620;8725;10.57;0.64;237.55;8.75;779;55;2983.00;105
7844;55;628320191;7844;170;8620;8725;10.61;0.64;237.55;8.75;776;55;2984.00;105
7845;55;628320202;7845;173;8620;8725;10.61;0.64;237.58;8.75;775;55;2985.00;105
7848;55;628320214;7848;174;8620;8725;10.64;0.64;237.60;8.75;772;55;2986.00;105
7850;55;628320225;7850;173;8620;8725;10.62;0.64;237.61;8.75;770;55;2987.00;105
7856;55;628320235;7856;173;8630;8737;10.62;0.64;237.58;8.74;774;55;2988.00;107
7860;55;628320247;7860;165;8631;8737;10.56;0.64;237.61;8.74;771;55;2989.00;106
7865;55;628320259;7865;163;8632;8737;10.61;0.64;237.62;8.74;767;55;2990.00;105
7868;55;628320278;7868;162;8632;8737;10.62;0.65;237.64;8.74;764;55;2991.00;105
7871;55;628320290;7871;156;8632;8737;10.64;0.65;237.68;8.74;761;55;2992.00;105
7874;55;628320302;7874;151;8632;8737;10.70;0.65;237.73;8.74;758;55;2993.00;105
7877;55;628320312;7877;149;8634;8738;10.76;0.65;237.75;8.75;757;55;2994.00;104
7881;55;628320323;7881;145;8636;8738;10.64;0.65;237.76;8.77;755;55;2995.00;102
7885;55;628320336;7885;139;8639;8744;10.64;0.65;237.80;8.77;754;55;2996.00;105
7887;55;628320353;7887;137;8641;8745;10.67;0.65;237.86;8.77;754;55;2997.00;104
7892;55;628320364;7892;135;8641;8745;10.66;0.65;237.90;8.77;749;55;2998.00;104
7894;55;628320375;7894;133;8641;8745;10.73;0.65;237.90;8.77;747;55;2999.00;104
7899;55;628320388;7899;127;8646;8765;10.79;0.65;237.90;8.90;747;55;3000.00;119
7901;55;628320405;7901;123;8647;8765;10.76;0.65;237.92;8.90;746;55;3001.00;118
7904;55;628320416;7904;125;8648;8765;10.78;0.65;237.88;9.01;744;55;3002.00;117
7905;55;628320426;7905;117;8649;8766;10.76;0.65;237.87;9.01;744;55;3003.00;117
7909;55;628320437;7909;119;8652;8770;10.73;0.65;237.90;9.01;743;55;3004.00;118
7914;55;628320448;7914;115;8652;8770;10.77;0.65;237.87;9.01;738;55;3005.00;118
7916;55;628320459;7916;118;8655;8773;10.93;0.66;237.96;9.01;739;55;3006.00;118
7921;55;628320472;7921;126;8659;8773;10.88;0.66;237.92;9.02;738;55;3007.00;114
7923;55;628320483;7923;126;8659;8773;10.93;0.66;237.97;9.02;736;55;3008.00;114
7924;55;628320494;7924;132;8661;8773;10.96;0.67;237.97;9.03;737;55;3009.00;112
7926;55;628320505;7926;135;8662;8777;11.06;0.67;237.95;9.03;736;55;3010.00;115
7927;55;628320518;7927;137;8664;8777;11.11;0.68;237.94;9.03;737;55;3011.00;113
7932;56;628320531;7932;137;8667;8777;11.09;0.67;237.97;9.03;735;56;3012.00;110
7935;56;628320560;7935;139;8668;8777;11.18;0.68;237.95;9.04;733;56;3013.00;109
7936;56;628320573;7936;132;8669;8778;11.21;0.68;237.94;9.04;733;56;3014.00;109
7938;56;628320587;7938;129;8673;8780;11.23;0.68;237.96;9.04;735;56;3015.00;107
7939;56;628320601;7939;129;8675;8780;11.19;0.68;237.95;9.04;736;56;3016.00;105
7941;56;628320624;7941;131;8676;8781;11.22;0.68;237.95;9.04;735;56;3017.00;105
7944;56;628320644;7944;135;8677;8781;11.21;0.68;237.93;9.04;733;56;3018.00;104
7949;56;628320657;7949;134;8677;8781;11.26;0.68;237.99;9.04;728;56;3019.00;104
7952;56;628320670;7952;140;8678;8781;11.32;0.69;238.00;9.05;726;56;3020.00;103
7952;56;628320682;7952;141;8679;8781;11.48;0.70;238.00;9.06;727;56;3021.00;102
7957;56;628320693;7957;147;8680;8781;11.57;0.70;238.16;9.07;723;56;3022.00;101
7958;56;628320704;7958;151;8682;8781;11.59;0.70;238.16;9.09;724;56;3023.00;99
7958;56;628320714;7958;175;8748;8908;11.32;0.70;238.16;9.02;790;56;3024.00;160
7962;56;628320734;7962;168;8751;8909;11.24;0.69;238.12;9.03;789;56;3025.00;158
7967;56;628320746;7967;170;8755;8909;11.18;0.68;238.07;9.04;788;56;3026.00;154
7970;56;628320757;7970;173;8756;8909;11.13;0.68;238.07;9.04;786;56;3027.00;153
7971;56;628320768;7971;174;8765;8909;11.04;0.68;238.09;9.05;794;56;3028.00;144
7973;56;628320779;7973;175;8769;8909;10.96;0.67;238.09;9.06;796;56;3029.00;140
7975;56;628320791;7975;184;8775;8909;10.90;0.67;238.11;9.07;800;56;3030.00;134
7979;56;628320802;7979;185;8781;8909;10.86;0.67;238.09;9.07;802;56;3031.00;128
7981;56;628320813;7981;192;8786;8910;10.80;0.66;238.09;9.08;805;56;3032.00;124
7983;56;628320823;7983;197;8789;8911;10.76;0.66;238.10;9.08;806;56;3033.00;122
7987;56;628320835;7987;207;8795;8911;10.66;0.66;238.13;9.10;808;56;3034.00;116
7988;56;628320846;7988;214;8797;8912;10.52;0.65;238.12;9.10;809;56;3035.00;115
7990;56;628320857;7990;218;8802;8912;10.37;0.64;238.17;9.12;812;56;3036.00;110
7993;56;628320868;7993;217;8807;8912;10.24;0.63;238.21;9.15;814;56;3037.00;105
7999;56;628320878;7999;226;8810;8912;10.07;0.62;238.22;9.15;811;56;3038.00;102
8001;56;628320901;8001;221;8814;8916;10.05;0.62;238.21;9.15;813;56;3039.00;102
8004;56;628320912;8004;216;8817;8916;9.94;0.61;238.19;9.16;813;56;3040.00;99
8009;56;628320929;8009;221;8820;8916;9.83;0.61;238.14;9.16;811;56;3041.00;96
8010;56;628320941;8010;231;8823;8919;9.78;0.60;238.15;9.17;813;56;3042.00;96
8013;56;628320952;8013;231;8827;8919;9.72;0.60;238.11;9.17;814;56;3043.00;92
8016;56;628320964;8016;237;8827;8919;9.69;0.60;238.09;9.17;811;56;3044.00;92
8019;56;628320975;8019;240;8833;8923;9.51;0.58;238.12;9.18;814;56;3045.00;90
8020;56;628320986;8020;242;8834;8924;9.49;0.58;238.21;9.18;814;56;3046.00;90
8026;56;628320997;8026;245;8836;8924;9.38;0.58;238.21;9.19;810;56;3047.00;88
8032;56;628321013;8032;248;8838;8928;9.24;0.57;238.13;9.19;806;56;3048.00;90
8037;56;628321025;8037;248;8839;8928;9.13;0.56;238.13;9.19;802;56;3049.00;89
8041;56;628321035;8041;255;8840;8928;9.01;0.55;238.14;9.19;799;56;3050.00;88
8044;56;628321045;8044;256;8841;8929;8.91;0.55;238.15;9.19;797;56;3051.00;88
8049;56;628321056;8049;264;8842;8929;8.70;0.53;238.17;9.20;793;56;3052.00;87
8051;56;628321065;8051;261;8847;8935;8.61;0.53;238.19;9.20;796;56;3053.00;88
8056;56;628321076;8056;258;8847;8935;8.45;0.52;238.17;9.20;791;56;3054.00;88
8061;56;628321086;8061;262;8849;8936;8.27;0.51;238.20;9.20;788;56;3055.00;87
8067;56;628321096;8067;269;8850;8936;8.06;0.50;238.27;9.20;783;56;3056.00;86
8072;56;628321107;8072;272;8851;8936;7.96;0.49;238.25;9.21;779;56;3057.00;85
8077;57;628321122;8077;273;8853;8936;7.86;0.48;238.29;9.22;776;57;3058.00;83
8077;57;628321142;8077;278;8855;8936;7.74;0.48;238.29;9.23;778;57;3059.00;81
8079;57;628321153;8079;288;8877;8972;7.73;0.48;238.29;9.21;798;57;3060.00;95
8081;57;628321165;8081;284;8878;8972;7.63;0.47;238.31;9.21;797;57;3061.00;94
8086;57;628321174;8086;292;8882;8972;7.48;0.46;238.37;9.20;796;57;3062.00;90
8090;58;628321184;8090;291;8885;8972;7.37;0.46;238.36;9.21;795;58;3063.00;87
8094;59;628321202;8094;291;8886;8972;7.32;0.45;238.37;9.21;792;59;3064.00;86
8096;59;628321221;8096;296;8887;8972;7.34;0.45;238.39;9.21;791;59;3065.00;85
8097;59;628321230;8097;299;8891;8976;7.36;0.46;238.38;9.21;794;59;3066.00;85
8101;59;628321239;8101;299;8891;8976;7.35;0.45;238.38;9.21;790;59;3067.00;85
8103;59;628321249;8103;293;8895;8980;7.38;0.46;238.41;9.21;792;59;3068.00;85
8104;59;628321260;8104;286;8897;8981;7.38;0.46;238.41;9.21;793;59;3069.00;84
8110;59;628321269;8110;285;8898;8981;7.30;0.45;238.43;9.21;788;59;3070.00;83
8115;59;628321279;8115;279;8900;8981;7.20;0.44;238.46;9.22;785;59;3071.00;81
8116;59;628321289;8116;278;8911;8994;7.21;0.44;238.53;9.21;795;59;3072.00;83
8121;59;628321299;8121;287;8912;8994;7.15;0.44;238.58;9.20;791;59;3073.00;82
8124;59;628321309;8124;288;8912;8994;7.09;0.44;238.62;9.20;788;59;3074.00;82
8125;59;628321319;8125;286;8913;8995;7.07;0.44;238.60;9.20;788;59;3075.00;82
8130;59;628321327;8130;287;8913;8996;7.02;0.43;238.59;9.20;783;59;3076.00;83
8134;59;628321337;8134;291;8913;8996;6.97;0.43;238.60;9.20;779;59;3077.00;83
8139;59;628321347;8139;289;8916;8999;6.95;0.43;238.58;9.20;777;59;3078.00;83
8143;59;628321357;8143;287;8916;8999;6.92;0.43;238.58;9.20;773;59;3079.00;83
8147;59;628321366;8147;288;8916;8999;6.85;0.42;238.56;9.20;769;59;3080.00;83
8148;59;628321375;8148;295;8916;8999;6.79;0.42;238.56;9.20;768;59;3081.00;83
8154;59;628321384;8154;298;8920;9005;6.73;0.41;238.57;9.20;766;59;3082.00;85
8156;59;628321394;8156;300;8921;9005;6.68;0.41;238.56;9.20;765;59;3083.00;84
8159;59;628321403;8159;297;8921;9005;6.61;0.41;238.55;9.20;762;59;3084.00;84
8164;59;628321413;8164;300;8921;9005;6.52;0.40;238.50;9.20;757;59;3085.00;84
8169;59;628321422;8169;305;8924;9009;6.45;0.39;238.49;9.19;755;59;3086.00;85
8171;59;628321437;8171;308;8925;9010;6.34;0.39;238.47;9.19;754;59;3087.00;85
8178;59;628321446;8178;311;8925;9010;6.21;0.38;238.49;9.19;747;59;3088.00;85
8183;59;628321455;8183;313;8926;9011;6.12;0.37;238.42;9.19;743;59;3089.00;85
8183;59;628321467;8183;320;8926;9011;6.07;0.37;238.42;9.19;743;59;3090.00;85
8186;59;628321475;8186;318;8926;9011;6.00;0.36;238.41;9.19;740;59;3091.00;85
8190;59;628321489;8190;325;8926;9011;5.93;0.36;238.39;9.19;736;59;3092.00;85
8192;59;628321498;8192;331;8926;9011;5.98;0.36;238.37;9.19;734;59;3093.00;85
8196;59;628321506;8196;335;8926;9011;5.94;0.36;238.32;9.19;730;59;3094.00;85
8198;59;628321515;8198;345;8926;9011;5.93;0.36;238.36;9.19;728;59;3095.00;85
8201;59;628321524;8201;356;8963;9081;6.15;0.37;238.33;9.15;762;59;3096.00;118
8201;59;628321538;8201;354;8964;9082;6.22;0.38;238.33;9.15;763;59;3097.00;118
8204;59;628321547;8204;354;8973;9082;6.36;0.39;238.33;9.15;769;59;3098.00;109
8205;59;628321556;8205;356;8975;9082;6.40;0.39;238.36;9.14;770;59;3099.00;107
8205;59;628321566;8205;358;8980;9082;6.58;0.40;238.36;9.14;775;59;3100.00;102
8207;59;628321579;8207;365;8983;9082;6.61;0.40;238.33;9.14;776;59;3101.00;99
8208;59;628321587;8208;368;8988;9082;6.67;0.41;238.35;9.14;780;59;3102.00;94
8210;59;628321597;8210;364;8990;9082;6.69;0.41;238.36;9.14;780;59;3103.00;92
8210;59;628321606;8210;369;8992;9083;6.67;0.41;238.36;9.14;782;59;3104.00;91
8212;59;628321616;8212;375;8994;9085;6.59;0.40;238.37;9.13;782;59;3105.00;91
8213;59;628321632;8213;380;8995;9085;6.49;0.40;238.40;9.13;782;59;3106.00;90
8215;59;628321648;8215;360;8998;9089;6.43;0.39;238.43;9.13;783;59;3107.00;91
8217;59;628321666;8217;349;8998;9089;6.43;0.39;238.44;9.13;781;59;3108.00;91
8219;59;628321692;8219;338;8998;9089;6.47;0.40;238.45;9.13;779;59;3109.00;91
8220;59;628321708;8220;331;8998;9089;6.58;0.40;238.44;9.13;778;59;3110.00;91
8221;59;628321725;8221;326;9002;9095;6.71;0.41;238.48;9.13;781;59;3111.00;93
8224;59;628321743;8224;320;9002;9095;6.77;0.41;238.53;9.13;778;59;3112.00;93
8227;59;628321763;8227;311;9003;9095;6.90;0.42;238.55;9.13;776;59;3113.00;92
8228;59;628321782;8228;305;9005;9098;7.05;0.43;238.55;9.13;777;59;3114.00;93
8231;59;628321795;8231;298;9006;9098;7.14;0.44;238.57;9.12;775;59;3115.00;92
8234;59;628321807;8234;275;9006;9098;7.32;0.45;238.59;9.12;772;59;3116.00;92
8236;59;628321819;8236;260;9006;9099;7.54;0.46;238.68;9.12;770;59;3117.00;93
8239;59;628321838;8239;245;9007;9100;7.77;0.47;238.69;9.12;768;59;3118.00;93
8242;59;628321850;8242;235;9007;9100;8.02;0.49;238.63;9.12;765;59;3119.00;93
8243;59;628321863;8243;225;9027;9126;8.29;0.50;238.63;9.10;784;59;3120.00;99
8246;59;628321877;8246;212;9028;9126;8.51;0.52;238.60;9.10;782;59;3121.00;98
8246;59;628321890;8246;198;9029;9126;8.75;0.53;238.60;9.10;783;59;3122.00;97
8248;59;628321902;8248;189;9030;9127;8.97;0.54;238.59;9.10;782;59;3123.00;97
8248;59;628321915;8248;187;9030;9127;9.22;0.56;238.59;9.10;782;59;3124.00;97
8248;59;628321928;8248;179;9033;9131;9.43;0.57;238.59;9.10;785;59;3125.00;98
8250;59;628321941;8250;168;9033;9131;9.60;0.58;238.57;9.10;783;59;3126.00;98
8250;59;628321953;8250;160;9037;9135;9.81;0.60;238.57;9.09;787;59;3127.00;98
8252;59;628321966;8252;154;9037;9135;9.94;0.60;238.59;9.09;785;59;3128.00;98
8257;59;628321980;8257;155;9037;9135;10.02;0.61;238.56;9.09;780;59;3129.00;98
8260;59;628321993;8260;152;9037;9135;10.10;0.61;238.59;9.09;777;59;3130.00;98
8264;59;628322007;8264;156;9037;9135;10.15;0.62;238.62;9.09;773;59;3131.00;98
8266;59;628322020;8266;156;9047;9147;10.29;0.63;238.61;9.08;781;59;3132.00;100
8268;60;628322034;8268;158;9048;9147;10.42;0.64;238.64;9.08;780;60;3133.00;99
8271;60;628322060;8271;160;9048;9147;10.48;0.64;238.71;9.08;777;60;3134.00;99
8272;60;628322072;8272;156;9048;9147;10.54;0.64;238.77;9.08;776;60;3135.00;99
8274;60;628322085;8274;159;9048;9147;10.58;0.65;238.83;9.08;774;60;3136.00;99
8278;60;628322098;8278;162;9048;9147;10.61;0.65;238.86;9.08;770;60;3137.00;99
8280;60;628322110;8280;161;9048;9148;10.68;0.65;238.88;9.08;768;60;3138.00;100
8285;60;628322122;8285;151;9048;9148;10.76;0.66;238.91;9.08;763;60;3139.00;100
8289;60;628322134;8289;146;9052;9154;10.86;0.66;238.90;9.08;763;60;3140.00;102
8291;60;628322148;8291;147;9053;9155;10.92;0.67;238.89;9.08;762;60;3141.00;102
8292;60;628322161;8292;141;9054;9155;10.99;0.67;238.91;9.08;762;60;3142.00;101
8294;60;628322179;8294;146;9054;9155;11.07;0.67;238.95;9.08;760;60;3143.00;101
8296;60;628322192;8296;146;9057;9159;11.21;0.68;238.94;9.08;761;60;3144.00;102
8298;60;628322204;8298;146;9057;9159;11.27;0.69;238.98;9.08;759;60;3145.00;102
8300;60;628322218;8300;143;9057;9159;11.34;0.69;238.99;9.08;757;60;3146.00;102
8301;60;628322237;8301;141;9058;9160;11.37;0.69;238.98;9.07;757;60;3147.00;102
8307;60;628322250;8307;141;9061;9164;11.32;0.69;239.01;9.07;754;60;3148.00;103
8310;60;628322263;8310;144;9061;9164;11.40;0.69;239.02;9.07;751;60;3149.00;103
8313;60;628322277;8313;143;9064;9170;11.46;0.70;239.06;9.07;751;60;3150.00;106
8315;60;628322291;8315;144;9064;9170;11.47;0.70;239.09;9.07;749;60;3151.00;106
8316;60;628322303;8316;143;9065;9170;11.55;0.70;239.11;9.07;749;60;3152.00;105
8321;60;628322315;8321;142;9065;9170;11.62;0.70;239.17;9.07;744;60;3153.00;105
8324;60;628322327;8324;142;9068;9174;11.69;0.71;239.18;9.07;744;60;3154.00;106
8327;60;628322340;8327;143;9068;9174;11.69;0.71;239.19;9.07;741;60;3155.00;106
8333;60;628322352;8333;142;9069;9174;11.76;0.71;239.22;9.07;736;60;3156.00;105
8335;60;628322366;8335;144;9069;9174;11.78;0.71;239.23;9.07;734;60;3157.00;105
8340;60;628322377;8340;143;9070;9175;11.77;0.71;239.21;9.06;730;60;3158.00;105
8345;60;628322390;8345;141;9071;9176;11.72;0.71;239.32;9.06;726;60;3159.00;105
8349;60;628322401;8349;139;9072;9176;11.68;0.70;239.28;9.06;723;60;3160.00;104
8352;60;628322413;8352;141;9073;9177;11.70;0.70;239.32;9.06;721;60;3161.00;104
8355;60;628322425;8355;136;9073;9177;11.66;0.70;239.39;9.06;718;60;3162.00;104
8360;60;628322437;8360;126;9074;9177;11.66;0.70;239.45;9.19;714;60;3163.00;103
8363;60;628322451;8363;120;9075;9177;11.63;0.70;239.51;9.20;712;60;3164.00;102
8369;60;628322466;8369;115;9076;9177;11.71;0.71;239.56;9.22;707;60;3165.00;101
8372;60;628322480;8372;118;9076;9177;11.72;0.71;239.56;9.22;704;60;3166.00;101
8376;60;628322491;8376;113;9076;9177;11.77;0.71;239.56;9.22;700;60;3167.00;101
8378;60;628322503;8378;126;9142;9304;11.51;0.70;239.62;9.15;764;60;3168.00;162
8381;60;628322527;8381;114;9143;9305;11.54;0.71;239.64;9.15;762;60;3169.00;162
8386;60;628322539;8386;110;9146;9305;11.59;0.71;239.66;9.15;760;60;3170.00;159
8387;60;628322551;8387;104;9150;9305;11.63;0.71;239.67;9.14;763;60;3171.00;155
8391;60;628322562;8391;105;9152;9305;11.68;0.71;239.64;9.14;761;60;3172.00;153
8393;60;628322575;8393;106;9155;9305;11.71;0.72;239.62;9.14;762;60;3173.00;150
8395;60;628322587;8395;110;9157;9305;11.80;0.72;239.69;9.14;762;60;3174.00;148
8398;60;628322599;8398;104;9160;9305;11.85;0.72;239.70;9.14;762;60;3175.00;145
8400;60;628322612;8400;107;9165;9306;11.88;0.72;239.70;9.14;765;60;3176.00;141
8404;61;628322638;8404;112;9167;9307;11.98;0.73;239.71;9.14;763;61;3177.00;140
8405;61;628322669;8405;115;9171;9307;12.03;0.73;239.74;9.14;766;61;3178.00;136
8409;61;628322680;8409;117;9172;9308;12.05;0.73;239.77;9.14;763;61;3179.00;136
8412;61;628322694;8412;118;9180;9308;11.99;0.73;239.79;9.14;768;61;3180.00;128
8415;61;628322706;8415;125;9185;9308;11.93;0.73;239.79;9.14;770;61;3181.00;123
8417;61;628322718;8417;121;9189;9308;11.85;0.72;239.80;9.16;772;61;3182.00;119
8417;61;628322734;8417;122;9192;9312;11.81;0.72;239.80;9.16;775;61;3183.00;120
8419;61;628322746;8419;125;9195;9312;11.73;0.71;239.82;9.16;776;61;3184.00;117
8421;61;628322758;8421;129;9197;9312;11.69;0.71;239.87;9.16;776;61;3185.00;115
8424;61;628322770;8424;136;9200;9315;11.58;0.70;239.85;9.16;776;61;3186.00;115
8429;61;628322783;8429;141;9202;9315;11.50;0.70;239.84;9.17;773;61;3187.00;113
8433;61;628322794;8433;144;9203;9315;11.40;0.69;239.81;9.17;770;61;3188.00;112
8433;61;628322806;8433;151;9207;9319;11.30;0.69;239.81;9.17;774;61;3189.00;112
8434;61;628322818;8434;159;9210;9320;11.24;0.69;239.80;9.19;776;61;3190.00;110
8436;61;628322829;8436;165;9212;9322;11.16;0.68;239.77;9.19;776;61;3191.00;110
8438;61;628322841;8438;168;9216;9326;11.04;0.67;239.83;9.18;778;61;3192.00;110
8442;61;628322852;8442;174;9217;9326;10.90;0.67;239.90;9.20;775;61;3193.00;109
8445;61;628322869;8445;187;9218;9326;10.80;0.66;239.85;9.21;773;61;3194.00;108
8449;61;628322881;8449;190;9221;9328;10.68;0.65;239.86;9.22;772;61;3195.00;107
8453;61;628322898;8453;196;9222;9328;10.56;0.65;239.94;9.23;769;61;3196.00;106
8454;61;628322910;8454;197;9226;9334;10.47;0.64;239.94;9.22;772;61;3197.00;108
8457;61;628322928;8457;203;9228;9334;10.43;0.64;239.96;9.24;771;61;3198.00;106
8458;62;628322941;8458;212;9229;9335;10.31;0.63;239.97;9.24;771;62;3199.00;106
8463;62;628322960;8463;219;9230;9335;10.19;0.62;239.96;9.25;767;62;3200.00;105
8467;62;628322974;8467;225;9231;9335;10.06;0.62;239.94;9.26;764;62;3201.00;104
8470;62;628322985;8470;227;9233;9335;9.84;0.60;239.98;9.28;763;62;3202.00;102
8473;62;628323001;8473;230;9233;9335;9.72;0.60;239.98;9.28;760;62;3203.00;102
8477;62;628323011;8477;235;9245;9347;9.65;0.59;239.95;9.30;768;62;3204.00;102
8478;62;628323027;8478;239;9245;9347;9.52;0.58;239.99;9.30;767;62;3205.00;102
8484;62;628323036;8484;243;9248;9347;9.32;0.57;240.00;9.32;764;62;3206.00;99
8488;62;628323046;8488;247;9248;9347;9.19;0.56;239.99;9.32;760;62;3207.00;99
8491;62;628323056;8491;254;9248;9347;9.07;0.56;239.99;9.32;757;62;3208.00;99
8492;62;628323066;8492;253;9250;9347;8.96;0.55;239.98;9.34;758;62;3209.00;97
8494;62;628323077;8494;257;9253;9351;8.83;0.54;239.96;9.33;759;62;3210.00;98
8496;62;628323093;8496;258;9253;9351;8.71;0.53;240.00;9.33;757;62;3211.00;98
8500;62;628323102;8500;262;9258;9355;8.63;0.53;240.01;9.35;758;62;3212.00;97
8501;62;628323112;8501;261;9260;9356;8.62;0.53;240.00;9.35;759;62;3213.00;96
8504;62;628323121;8504;264;9262;9356;8.56;0.53;240.05;9.36;758;62;3214.00;94
8507;62;628323130;8507;262;9262;9356;8.44;0.52;240.03;9.36;755;62;3215.00;94
8512;62;628323139;8512;268;9274;9369;8.29;0.51;240.04;9.36;762;62;3216.00;95
8513;62;628323149;8513;266;9274;9369;8.28;0.51;240.03;9.36;761;62;3217.00;95
8514;62;628323158;8514;267;9275;9369;8.29;0.51;240.01;9.36;761;62;3218.00;94
8519;62;628323167;8519;273;9278;9370;8.27;0.51;240.06;9.37;759;62;3219.00;92
8521;62;628323176;8521;270;9278;9371;8.25;0.51;240.04;9.37;757;62;3220.00;93
8525;62;628323185;8525;275;9278;9371;8.16;0.50;240.01;9.37;753;62;3221.00;93
8533;62;628323193;8533;273;9282;9374;8.01;0.49;239.98;9.38;749;62;3222.00;92
8534;62;628323203;8534;276;9283;9374;7.93;0.49;239.96;9.38;749;62;3223.00;91
8541;62;628323211;8541;275;9285;9374;7.84;0.48;239.95;9.39;744;62;3224.00;89
8545;62;628323220;8545;275;9285;9374;7.79;0.48;239.98;9.39;740;62;3225.00;89
8550;62;628323229;8550;277;9291;9380;7.69;0.47;239.96;9.40;741;62;3226.00;89
8554;62;628323237;8554;280;9291;9380;7.48;0.46;239.98;9.40;737;62;3227.00;89
8555;62;628323246;8555;285;9292;9380;7.31;0.45;240.00;9.40;737;62;3228.00;88
8558;62;628323253;8558;293;9294;9380;7.05;0.43;239.98;9.40;736;62;3229.00;86
8560;62;628323261;8560;284;9297;9384;6.92;0.43;239.95;9.40;737;62;3230.00;87
8561;62;628323269;8561;283;9300;9385;6.83;0.42;239.96;9.41;739;62;3231.00;85
8564;62;628323277;8564;281;9300;9385;6.67;0.41;239.95;9.41;736;62;3232.00;85
8569;62;628323284;8569;287;9301;9386;6.61;0.41;239.95;9.40;732;62;3233.00;85
8572;62;628323292;8572;290;9303;9386;6.45;0.40;239.93;9.41;731;62;3234.00;83
8577;62;628323300;8577;284;9303;9386;6.36;0.39;239.93;9.41;726;62;3235.00;83
8579;62;628323308;8579;281;9303;9386;6.35;0.39;239.94;9.41;724;62;3236.00;83
8582;62;628323315;8582;279;9305;9386;6.31;0.39;239.92;9.41;723;62;3237.00;81
8584;62;628323323;8584;278;9305;9386;6.25;0.38;239.91;9.41;721;62;3238.00;81
8587;62;628323331;8587;277;9307;9386;6.22;0.38;239.95;9.42;720;62;3239.00;79
8590;62;628323340;8590;277;9366;9511;6.70;0.42;239.91;9.36;776;62;3240.00;145
8593;62;628323357;8593;285;9372;9512;6.71;0.42;239.93;9.35;779;62;3241.00;140
8594;62;628323365;8594;290;9380;9512;6.85;0.43;239.93;9.34;786;62;3242.00;132
8597;62;628323373;8597;293;9382;9512;6.87;0.43;239.92;9.34;785;62;3243.00;130
8599;62;628323382;8599;302;9387;9512;6.90;0.43;239.92;9.34;788;62;3244.00;125
8601;62;628323391;8601;310;9388;9512;6.93;0.43;239.93;9.34;787;62;3245.00;124
8605;62;628323399;8605;312;9391;9512;6.91;0.43;239.93;9.34;786;62;3246.00;121
8606;62;628323408;8606;316;9395;9512;7.03;0.44;239.91;9.34;789;62;3247.00;117
8609;62;628323417;8609;315;9396;9513;7.02;0.43;239.94;9.34;787;62;3248.00;117
8613;62;628323426;8613;318;9400;9514;7.02;0.43;239.93;9.34;787;62;3249.00;114
8614;62;628323435;8614;312;9405;9514;7.11;0.44;239.94;9.34;791;62;3250.00;109
8618;62;628323445;8618;316;9409;9518;7.12;0.44;239.94;9.33;791;62;3251.00;109
8621;62;628323454;8621;319;9411;9518;7.01;0.43;239.93;9.33;790;62;3252.00;107
8625;62;628323463;8625;322;9411;9518;6.90;0.42;239.98;9.33;786;62;3253.00;107
8627;62;628323473;8627;322;9414;9518;6.82;0.42;239.99;9.34;787;62;3254.00;104
8630;62;628323483;8630;322;9417;9524;6.76;0.41;240.00;9.33;787;62;3255.00;107
8633;62;628323493;8633;326;9418;9524;6.69;0.41;240.03;9.33;785;62;3256.00;106
8633;62;628323502;8633;334;9419;9524;6.69;0.41;240.03;9.33;786;62;3257.00;105
8636;62;628323511;8636;326;9422;9527;6.61;0.40;240.01;9.33;786;62;3258.00;105
8638;62;628323521;8638;314;9422;9527;6.62;0.40;240.11;9.33;784;62;3259.00;105
8639;62;628323536;8639;307;9423;9527;6.68;0.41;240.10;9.33;784;62;3260.00;104
8643;62;628323546;8643;299;9424;9528;6.76;0.41;240.16;9.33;781;62;3261.00;104
8647;62;628323555;8647;299;9426;9529;6.91;0.42;240.08;9.33;779;62;3262.00;103
8651;62;628323566;8651;291;9426;9529;7.05;0.43;240.08;9.33;775;62;3263.00;103
8654;62;628323577;8654;290;9437;9542;7.24;0.44;240.10;9.32;783;62;3264.00;105
8655;63;628323588;8655;285;9437;9542;7.39;0.45;240.08;9.32;782;63;3265.00;105
8659;63;628323609;8659;280;9437;9542;7.49;0.46;240.11;9.32;778;63;3266.00;105
8663;63;628323620;8663;283;9438;9543;7.58;0.46;240.14;9.32;775;63;3267.00;105
8665;63;628323641;8665;281;9438;9543;7.68;0.47;240.13;9.32;773;63;3268.00;105
8668;63;628323682;8668;277;9441;9547;7.70;0.47;240.17;9.32;773;63;3269.00;106
8673;63;628323700;8673;271;9441;9547;7.68;0.47;240.15;9.32;768;63;3270.00;106
8673;63;628323716;8673;270;9445;9551;7.73;0.47;240.15;9.31;772;63;3271.00;106
8676;63;628323733;8676;273;9445;9551;7.75;0.47;240.16;9.31;769;63;3272.00;106
8677;63;628323748;8677;276;9445;9551;7.76;0.47;240.19;9.31;768;63;3273.00;106
8679;63;628323760;8679;280;9445;9551;7.76;0.47;240.18;9.31;766;63;3274.00;106
8681;63;628323771;8681;282;9445;9551;7.82;0.48;240.17;9.31;764;63;3275.00;106
8682;63;628323784;8682;284;9455;9563;8.02;0.49;240.18;9.30;773;63;3276.00;108
8683;63;628323805;8683;271;9455;9563;8.05;0.49;240.15;9.30;772;63;3277.00;108
8685;63;628323817;8685;263;9456;9563;8.09;0.49;240.14;9.30;771;63;3278.00;107
8686;63;628323828;8686;261;9456;9563;8.13;0.50;240.14;9.30;770;63;3279.00;107
8690;63;628323841;8690;255;9456;9563;8.21;0.50;240.12;9.30;766;63;3280.00;107
8691;63;628323852;8691;255;9456;9563;8.33;0.51;240.12;9.30;765;63;3281.00;107
8694;63;628323863;8694;251;9456;9564;8.43;0.51;240.12;9.30;762;63;3282.00;108
8698;63;628323874;8698;251;9456;9564;8.46;0.51;240.06;9.30;758;63;3283.00;108
8704;63;628323886;8704;243;9460;9570;8.50;0.51;240.05;9.30;756;63;3284.00;110
8706;63;628323898;8706;243;9462;9572;8.61;0.52;240.04;9.30;756;63;3285.00;110
8709;63;628323919;8709;223;9463;9572;8.70;0.53;240.08;9.30;754;63;3286.00;109
8712;63;628323933;8712;209;9463;9572;8.81;0.53;240.13;9.30;751;63;3287.00;109
8713;63;628323945;8713;196;9466;9576;8.98;0.54;240.13;9.29;753;63;3288.00;110
8715;63;628323958;8715;185;9466;9576;9.13;0.55;240.17;9.29;751;63;3289.00;110
8717;63;628323978;8717;171;9466;9576;9.33;0.57;240.21;9.29;749;63;3290.00;110
8718;63;628323990;8718;158;9467;9577;9.59;0.58;240.21;9.29;749;63;3291.00;110
8722;63;628324003;8722;154;9470;9581;9.74;0.59;240.25;9.29;748;63;3292.00;111
8725;63;628324017;8725;152;9470;9581;10.01;0.61;240.31;9.29;745;63;3293.00;111
8727;63;628324030;8727;149;9472;9584;10.24;0.62;240.36;9.29;745;63;3294.00;112
8731;63;628324043;8731;145;9472;9584;10.36;0.63;240.44;9.29;741;63;3295.00;112
8733;63;628324078;8733;140;9473;9584;10.46;0.63;240.51;9.29;740;63;3296.00;111
8736;63;628324092;8736;138;9473;9584;10.60;0.64;240.53;9.29;737;63;3297.00;111
8739;63;628324105;8739;137;9476;9588;10.70;0.65;240.54;9.29;737;63;3298.00;112
8740;63;628324127;8740;135;9476;9588;10.83;0.66;240.54;9.29;736;63;3299.00;112
8741;63;628324143;8741;141;9480;9607;10.88;0.66;240.56;9.28;739;63;3300.00;127
8744;63;628324164;8744;136;9481;9607;10.97;0.67;240.59;9.28;737;63;3301.00;126
8745;63;628324178;8745;130;9481;9608;11.13;0.68;240.63;9.28;736;63;3302.00;127
8748;63;628324190;8748;125;9482;9609;11.23;0.68;240.60;9.28;734;63;3303.00;127
8750;63;628324202;8750;122;9482;9609;11.32;0.69;240.62;9.28;732;63;3304.00;127
8753;63;628324214;8753;127;9483;9610;11.39;0.69;240.64;9.28;730;63;3305.00;127
8757;63;628324227;8757;133;9485;9610;11.39;0.69;240.68;9.28;728;63;3306.00;125
8759;63;628324239;8759;131;9485;9610;11.48;0.70;240.67;9.28;726;63;3307.00;125
8763;63;628324251;8763;132;9485;9610;11.54;0.70;240.69;9.28;722;63;3308.00;125
8768;63;628324264;8768;135;9485;9610;11.60;0.70;240.72;9.28;717;63;3309.00;125
8773;63;628324275;8773;134;9485;9610;11.59;0.71;240.76;9.28;712;63;3310.00;125
8778;63;628324287;8778;133;9487;9610;11.56;0.70;240.82;9.41;709;63;3311.00;123
8780;63;628324301;8780;151;9554;9737;11.24;0.69;240.79;9.34;774;63;3312.00;183
8784;63;628324324;8784;141;9558;9738;11.21;0.69;240.80;9.34;774;63;3313.00;180
8786;63;628324337;8786;128;9562;9738;11.34;0.70;240.86;9.34;776;63;3314.00;176
8788;63;628324349;8788;123;9562;9738;11.45;0.71;240.87;9.34;774;63;3315.00;176
8794;63;628324361;8794;122;9564;9738;11.54;0.71;240.94;9.33;770;63;3316.00;174
8797;63;628324372;8797;119;9566;9738;11.52;0.71;240.97;9.33;769;63;3317.00;172
8800;63;628324384;8800;118;9571;9738;11.59;0.71;240.96;9.33;771;63;3318.00;167
8804;63;628324396;8804;122;9572;9738;11.60;0.71;240.99;9.33;768;63;3319.00;166
8809;63;628324408;8809;127;9575;9739;11.58;0.71;241.08;9.33;766;63;3320.00;164
8810;63;628324425;8810;129;9578;9740;11.65;0.71;241.07;9.33;768;63;3321.00;162
8815;63;628324438;8815;134;9581;9740;11.64;0.71;241.08;9.33;766;63;3322.00;159
8821;63;628324451;8821;138;9585;9741;11.71;0.72;241.05;9.34;764;63;3323.00;156
8823;63;628324463;8823;145;9589;9741;11.74;0.72;241.03;9.34;766;63;3324.00;152
8826;63;628324477;8826;151;9592;9741;11.73;0.72;241.07;9.46;766;63;3325.00;149
8829;63;628324488;8829;156;9594;9741;11.73;0.72;241.08;9.46;765;63;3326.00;147
8831;63;628324501;8831;155;9596;9745;11.76;0.72;241.07;9.46;765;63;3327.00;149
8837;63;628324513;8837;163;9598;9745;11.68;0.71;241.09;9.58;761;63;3328.00;147
8843;63;628324525;8843;165;9601;9745;11.57;0.70;241.08;9.58;758;63;3329.00;144
8844;63;628324548;8844;165;9605;9751;11.48;0.70;241.09;9.58;761;63;3330.00;146
8847;63;628324561;8847;165;9606;9751;11.49;0.70;241.10;9.58;759;63;3331.00;145
8851;63;628324573;8851;157;9608;9751;11.46;0.70;241.17;9.71;757;63;3332.00;143
8852;63;628324585;8852;154;9613;9755;11.43;0.70;241.16;9.70;761;63;3333.00;142
8861;63;628324598;8861;153;9614;9756;11.45;0.70;241.15;9.70;753;63;3334.00;142
8863;63;628324612;8863;152;9618;9756;11.46;0.70;241.18;9.73;755;63;3335.00;138
8868;63;628324628;8868;151;9621;9760;11.47;0.70;241.17;9.73;753;63;3336.00;139
8872;63;628324641;8872;145;9622;9760;11.49;0.70;241.15;9.85;750;63;3337.00;138
8874;63;628324654;8874;143;9623;9760;11.53;0.70;241.14;9.85;749;63;3338.00;137
8878;63;628324667;8878;137;9624;9761;11.54;0.70;241.14;9.85;746;63;3339.00;137
8879;63;628324680;8879;138;9625;9761;11.53;0.70;241.16;9.85;746;63;3340.00;136
8882;63;628324691;8882;136;9629;9767;11.49;0.70;241.16;9.85;747;63;3341.00;138
8884;63;628324703;8884;136;9632;9767;11.47;0.69;241.19;9.98;748;63;3342.00;135
8886;63;628324715;8886;132;9633;9768;11.45;0.69;241.23;9.98;747;63;3343.00;135
8890;63;628324726;8890;134;9635;9768;11.50;0.70;241.28;9.98;745;63;3344.00;133
8890;63;628324738;8890;134;9638;9768;11.44;0.69;241.28;10.11;748;63;3345.00;130
8893;63;628324755;8893;132;9639;9768;11.44;0.69;241.30;10.11;746;63;3346.00;129
8895;63;628324766;8895;132;9639;9768;11.42;0.69;241.31;10.11;744;63;3347.00;129
8901;63;628324777;8901;133;9651;9780;11.40;0.69;241.33;10.10;750;63;3348.00;129
8903;63;628324791;8903;137;9652;9780;11.37;0.69;241.35;10.22;749;63;3349.00;128
8909;63;628324802;8909;144;9655;9780;11.22;0.68;241.38;10.22;746;63;3350.00;125
8910;63;628324814;8910;144;9656;9780;11.12;0.67;241.37;10.23;746;63;3351.00;124
8913;63;628324824;8913;151;9659;9780;11.05;0.67;241.36;10.23;746;63;3352.00;121
8914;63;628324835;8914;157;9659;9780;10.99;0.66;241.35;10.23;745;63;3353.00;121
8917;63;628324846;8917;161;9662;9784;10.85;0.66;241.37;10.23;745;63;3354.00;122
8918;63;628324857;8918;172;9664;9784;10.75;0.65;241.37;10.35;746;63;3355.00;120
8922;63;628324874;8922;173;9667;9788;10.67;0.64;241.38;10.35;745;63;3356.00;121
8922;63;628324885;8922;175;9668;9789;10.60;0.64;241.38;10.35;746;63;3357.00;121
8925;63;628324895;8925;181;9669;9789;10.54;0.64;241.41;10.35;744;63;3358.00;120
8927;63;628324905;8927;188;9669;9789;10.46;0.63;241.36;10.35;742;63;3359.00;120
8929;63;628324917;8929;201;9691;9818;10.29;0.62;241.36;10.35;762;63;3360.00;127
8931;63;628324930;8931;199;9692;9818;10.19;0.62;241.34;10.35;761;63;3361.00;126
8934;63;628324941;8934;206;9696;9818;10.14;0.61;241.38;10.36;762;63;3362.00;122
8935;64;628324952;8935;211;9699;9819;10.10;0.61;241.38;10.37;764;64;3363.00;120
8938;64;628324980;8938;216;9699;9820;10.00;0.61;241.42;10.37;761;64;3364.00;121
8939;64;628324992;8939;226;9700;9820;9.88;0.60;241.44;10.38;761;64;3365.00;120
8941;64;628325002;8941;234;9704;9823;9.80;0.59;241.43;10.39;763;64;3366.00;119
8945;64;628325013;8945;243;9705;9823;9.67;0.59;241.46;10.40;760;64;3367.00;118
8948;64;628325023;8948;252;9706;9823;9.55;0.58;241.47;10.41;758;64;3368.00;117
8949;64;628325034;8949;260;9706;9823;9.46;0.58;241.47;10.41;757;64;3369.00;117
8952;64;628325044;8952;259;9711;9829;9.31;0.57;241.50;10.42;759;64;3370.00;118
8953;64;628325058;8953;268;9713;9829;9.21;0.56;241.52;10.43;760;64;3371.00;116
8955;64;628325068;8955;276;9714;9829;9.04;0.55;241.54;10.44;759;64;3372.00;115
8956;64;628325082;8956;286;9714;9829;8.91;0.55;241.57;10.44;758;64;3373.00;115
8960;64;628325092;8960;298;9718;9833;8.77;0.54;241.68;10.45;758;64;3374.00;115
8961;64;628325102;8961;302;9721;9835;8.61;0.53;241.66;10.46;760;64;3375.00;114
8962;64;628325112;8962;308;9722;9835;8.51;0.52;241.64;10.47;760;64;3376.00;113
8964;64;628325121;8964;310;9724;9836;8.38;0.52;241.70;10.47;760;64;3377.00;112
8966;64;628325130;8966;316;9725;9836;8.26;0.51;241.69;10.48;759;64;3378.00;111
8966;64;628325139;8966;317;9725;9836;8.21;0.51;241.69;10.48;759;64;3379.00;111
8969;64;628325148;8969;319;9727;9836;8.11;0.50;241.72;10.50;758;64;3380.00;109
8971;64;628325157;8971;317;9727;9836;7.99;0.49;241.68;10.50;756;64;3381.00;109
8974;64;628325166;8974;314;9728;9836;7.86;0.48;241.64;10.51;754;64;3382.00;108
8977;64;628325175;8977;313;9729;9836;7.73;0.48;241.58;10.52;752;64;3383.00;107
8979;64;628325184;8979;315;9765;9906;7.89;0.49;241.55;10.48;786;64;3384.00;141
8982;64;628325199;8982;309;9765;9907;7.83;0.48;241.60;10.48;783;64;3385.00;142
8982;64;628325208;8982;305;9775;9907;7.81;0.48;241.60;10.49;793;64;3386.00;132
8985;64;628325218;8985;308;9782;9907;7.79;0.48;241.55;10.48;797;64;3387.00;125
8987;64;628325226;8987;312;9786;9907;7.77;0.48;241.55;10.48;799;64;3388.00;121
8990;64;628325235;8990;317;9788;9907;7.69;0.47;241.50;10.48;798;64;3389.00;119
8993;64;628325246;8993;319;9790;9907;7.66;0.47;241.48;10.49;797;64;3390.00;117
8996;64;628325255;8996;320;9794;9907;7.58;0.47;241.44;10.49;798;64;3391.00;113
8999;64;628325270;8999;320;9800;9908;7.44;0.46;241.39;10.52;801;64;3392.00;108
9003;64;628325279;9003;324;9804;9909;7.33;0.45;241.41;10.52;801;64;3393.00;105
9005;64;628325293;9005;327;9808;9909;7.15;0.44;241.39;10.53;803;64;3394.00;101
9011;64;628325303;9011;327;9811;9913;7.05;0.43;241.34;10.53;800;64;3395.00;102
9012;64;628325313;9012;329;9811;9913;6.96;0.43;241.33;10.53;799;64;3396.00;102
9015;64;628325322;9015;339;9813;9913;6.83;0.42;241.33;10.54;798;64;3397.00;100
9018;64;628325331;9018;346;9813;9913;6.71;0.41;241.40;10.54;795;64;3398.00;100
9021;64;628325339;9021;357;9817;9919;6.67;0.41;241.39;10.54;796;64;3399.00;102
9025;64;628325349;9025;347;9818;9919;6.56;0.40;241.37;10.54;793;64;3400.00;101
9029;64;628325362;9029;346;9820;9919;6.43;0.40;241.39;10.54;791;64;3401.00;99
9031;64;628325371;9031;346;9823;9922;6.33;0.39;241.37;10.55;792;64;3402.00;99
9037;64;628325379;9037;344;9824;9922;6.23;0.38;241.32;10.55;787;64;3403.00;98
9040;64;628325389;9040;353;9824;9922;6.14;0.38;241.38;10.55;784;64;3404.00;98
9043;64;628325397;9043;351;9824;9923;6.10;0.38;241.37;10.55;781;64;3405.00;99
9047;64;628325406;9047;354;9826;9924;6.07;0.37;241.32;10.55;779;64;3406.00;98
9050;64;628325415;9050;351;9827;9924;6.09;0.37;241.33;10.55;777;64;3407.00;97
9055;64;628325424;9055;343;9839;9937;6.19;0.38;241.33;10.55;784;64;3408.00;98
9056;64;628325434;9056;339;9839;9937;6.32;0.39;241.35;10.55;783;64;3409.00;98
9058;64;628325442;9058;338;9840;9937;6.41;0.39;241.35;10.54;782;64;3410.00;97
9060;64;628325451;9060;319;9842;9938;6.47;0.39;241.38;10.67;782;64;3411.00;96
9061;64;628325462;9061;306;9842;9938;6.57;0.40;241.39;10.67;781;64;3412.00;96
9062;64;628325472;9062;298;9845;9942;6.73;0.41;241.41;10.67;783;64;3413.00;97
9067;64;628325482;9067;291;9845;9942;6.75;0.41;241.41;10.67;778;64;3414.00;97
9071;64;628325493;9071;281;9848;9946;6.85;0.42;241.40;10.66;777;64;3415.00;98
9073;64;628325503;9073;276;9849;9946;6.97;0.42;241.41;10.66;776;64;3416.00;97
9078;64;628325512;9078;268;9849;9946;7.12;0.43;241.39;10.66;771;64;3417.00;97
9079;64;628325528;9079;261;9849;9946;7.26;0.44;241.37;10.66;770;64;3418.00;97
9082;64;628325538;9082;249;9849;9946;7.33;0.45;241.41;10.66;767;64;3419.00;97
9086;64;628325549;9086;246;9876;9980;7.62;0.47;241.40;10.63;790;64;3420.00;104
9087;64;628325562;9087;238;9878;9980;7.77;0.48;241.49;10.63;791;64;3421.00;102
9090;64;628325573;9090;237;9878;9980;7.84;0.48;241.50;10.63;788;64;3422.00;102
9092;64;628325583;9092;231;9878;9980;7.96;0.49;241.47;10.63;786;64;3423.00;102
9094;65;628325595;9094;231;9878;9980;8.04;0.49;241.51;10.63;784;65;3424.00;102
9097;65;628325622;9097;225;9878;9980;8.09;0.50;241.59;10.63;781;65;3425.00;102
9101;65;628325638;9101;227;9878;9981;8.18;0.50;241.56;10.63;777;65;3426.00;103
9104;65;628325669;9104;230;9878;9981;8.25;0.50;241.57;10.63;774;65;3427.00;103
9107;65;628325687;9107;230;9882;9987;8.30;0.51;241.57;10.63;775;65;3428.00;105
9108;65;628325703;9108;233;9883;9988;8.32;0.51;241.57;10.63;775;65;3429.00;105
9111;65;628325720;9111;234;9884;9988;8.28;0.50;241.60;10.63;773;65;3430.00;104
9114;65;628325736;9114;238;9884;9988;8.31;0.51;241.60;10.63;770;65;3431.00;104
9120;65;628325750;9120;239;9887;9992;8.36;0.51;241.57;10.62;767;65;3432.00;105
9123;65;628325763;9123;240;9887;9992;8.43;0.51;241.61;10.62;764;65;3433.00;105
9128;65;628325775;9128;237;9887;9992;8.43;0.51;241.58;10.62;759;65;3434.00;105
9130;65;628325788;9130;232;9888;9993;8.47;0.52;241.59;10.62;758;65;3435.00;105
9134;65;628325800;9134;230;9891;9997;8.51;0.52;241.56;10.62;757;65;3436.00;106
9140;65;628325813;9140;232;9891;9997;8.53;0.52;241.56;10.62;751;65;3437.00;106
9143;65;628325825;9143;235;9893;10000;8.56;0.52;241.55;10.62;750;65;3438.00;107
9145;65;628325837;9145;229;9894;10000;8.66;0.53;241.56;10.62;749;65;3439.00;106
9147;65;628325849;9147;231;9894;10000;8.72;0.53;241.56;10.62;747;65;3440.00;106
9149;65;628325860;9149;234;9894;10000;8.75;0.53;241.58;10.62;745;65;3441.00;106
9154;65;628325871;9154;233;9897;10004;8.75;0.53;241.61;10.61;743;65;3442.00;107
9157;65;628325883;9157;236;9897;10004;8.71;0.53;241.57;10.61;740;65;3443.00;107
9165;65;628325894;9165;237;9898;10004;8.66;0.52;241.57;10.61;733;65;3444.00;106
9169;65;628325906;9169;241;9898;10004;8.63;0.52;241.64;10.61;729;65;3445.00;106
9172;65;628325918;9172;242;9898;10005;8.65;0.52;241.68;10.61;726;65;3446.00;107
9177;65;628325930;9177;233;9899;10006;8.70;0.53;241.81;10.61;722;65;3447.00;107
9179;65;628325941;9179;223;9899;10006;8.74;0.53;241.80;10.61;720;65;3448.00;107
9182;65;628325952;9182;219;9900;10007;8.80;0.53;241.84;10.61;718;65;3449.00;107
9186;65;628325965;9186;212;9900;10007;8.80;0.53;241.87;10.61;714;65;3450.00;107
9188;65;628325978;9188;213;9900;10007;8.90;0.54;241.91;10.61;712;65;3451.00;107
9192;65;628325990;9192;214;9900;10007;8.97;0.54;241.99;10.61;708;65;3452.00;107
9195;65;628326001;9195;204;9900;10007;9.07;0.55;242.05;10.61;705;65;3453.00;107
9196;65;628326012;9196;200;9900;10007;9.18;0.56;242.07;10.61;704;65;3454.00;107
9199;65;628326023;9199;202;9900;10007;9.32;0.57;242.10;10.61;701;65;3455.00;107
9200;65;628326035;9200;207;9973;10134;9.40;0.58;242.11;10.53;773;65;3456.00;161
9200;65;628326057;9200;182;9975;10135;9.55;0.59;242.11;10.53;775;65;3457.00;160
9206;65;628326069;9206;160;9984;10135;9.75;0.60;242.14;10.52;778;65;3458.00;151
9213;65;628326082;9213;144;9986;10135;9.92;0.61;242.20;10.52;773;65;3459.00;149
9214;65;628326095;9214;137;9991;10135;10.12;0.62;242.20;10.52;777;65;3460.00;144
9217;65;628326108;9217;131;9994;10135;10.25;0.63;242.21;10.52;777;65;3461.00;141
9220;65;628326121;9220;133;9999;10135;10.34;0.63;242.25;10.51;779;65;3462.00;136
9221;65;628326134;9221;125;10000;10135;10.39;0.64;242.26;10.51;779;65;3463.00;135
9225;65;628326147;9225;121;10005;10136;10.54;0.64;242.33;10.51;780;65;3464.00;131
9227;65;628326160;9227;119;10009;10138;10.70;0.65;242.37;10.51;782;65;3465.00;129
9230;65;628326174;9230;125;10012;10138;10.81;0.66;242.37;10.51;782;65;3466.00;126
9232;65;628326188;9232;125;10013;10139;10.79;0.66;242.38;10.51;781;65;3467.00;126
9236;65;628326201;9236;129;10015;10139;10.86;0.66;242.47;10.51;779;65;3468.00;124
9237;65;628326214;9237;136;10016;10139;10.89;0.67;242.47;10.51;779;65;3469.00;123
9241;65;628326227;9241;136;10017;10139;10.87;0.66;242.48;10.51;776;65;3470.00;122
9245;65;628326240;9245;136;10020;10143;10.90;0.67;242.49;10.51;775;65;3471.00;123
9249;65;628326254;9249;140;10021;10143;11.01;0.67;242.52;10.51;772;65;3472.00;122
9250;65;628326267;9250;140;10022;10143;11.13;0.68;242.51;10.51;772;65;3473.00;121
9254;65;628326280;9254;139;10024;10146;11.23;0.68;242.53;10.51;770;65;3474.00;122
9259;65;628326293;9259;143;10026;10146;11.33;0.69;242.56;10.51;767;65;3475.00;120
9262;65;628326306;9262;146;10026;10146;11.37;0.69;242.57;10.51;764;65;3476.00;120
9265;66;628326326;9265;149;10030;10150;11.41;0.69;242.61;10.51;765;66;3477.00;120
9269;66;628326351;9269;153;10031;10151;11.47;0.70;242.72;10.50;762;66;3478.00;120
9271;66;628326365;9271;156;10032;10151;11.51;0.70;242.75;10.50;761;66;3479.00;119
9272;66;628326380;9272;153;10036;10156;11.57;0.71;242.76;10.50;764;66;3480.00;120
9275;67;628326393;9275;159;10036;10156;11.65;0.71;242.80;10.50;761;67;3481.00;120
9276;67;628326418;9276;157;10036;10156;11.70;0.71;242.81;10.50;760;67;3482.00;120
9278;67;628326430;9278;163;10037;10157;11.73;0.72;242.84;10.50;759;67;3483.00;120
9282;67;628326443;9282;163;10037;10157;11.71;0.71;242.83;10.50;755;67;3484.00;120
9285;67;628326454;9285;159;10041;10163;11.69;0.71;242.81;10.49;756;67;3485.00;122
9288;67;628326468;9288;159;10041;10163;11.70;0.71;242.80;10.49;753;67;3486.00;122
9291;67;628326480;9291;158;10042;10164;11.72;0.71;242.79;10.49;751;67;3487.00;122
9295;67;628326498;9295;158;10042;10164;11.74;0.72;242.88;10.49;747;67;3488.00;122
9297;67;628326510;9297;157;10042;10164;11.77;0.72;242.89;10.49;745;67;3489.00;122
9301;67;628326523;9301;157;10042;10164;11.72;0.72;242.92;10.49;741;67;3490.00;122
9303;67;628326535;9303;157;10042;10164;11.77;0.72;242.92;10.49;739;67;3491.00;122
9308;67;628326547;9308;156;10051;10176;11.78;0.72;242.94;10.48;743;67;3492.00;125
9310;67;628326560;9310;153;10051;10176;11.85;0.72;242.95;10.48;741;67;3493.00;125
9318;67;628326574;9318;146;10054;10176;11.83;0.72;242.90;10.61;736;67;3494.00;122
9321;67;628326594;9321;142;10054;10176;11.87;0.72;243.01;10.61;733;67;3495.00;122
9324;67;628326613;9324;144;10054;10176;11.82;0.72;242.99;10.61;730;67;3496.00;122
9328;67;628326630;9328;144;10054;10176;11.86;0.72;243.05;10.61;726;67;3497.00;122
9337;67;628326642;9337;138;10057;10180;11.80;0.72;243.15;10.61;720;67;3498.00;123
9341;67;628326654;9341;135;10057;10180;11.88;0.72;243.13;10.61;716;67;3499.00;123
9344;67;628326668;9344;134;10060;10184;11.88;0.72;243.13;10.61;716;67;3500.00;124
9345;67;628326683;9345;135;10062;10185;11.91;0.72;243.14;10.61;717;67;3501.00;123
9349;67;628326694;9349;136;10062;10185;11.89;0.72;243.15;10.61;713;67;3502.00;123
9350;67;628326703;9350;137;10062;10185;11.82;0.72;243.15;10.61;712;67;3503.00;123
9352;67;628326713;9352;136;10072;10198;11.69;0.71;243.16;10.60;720;67;3504.00;126
9353;67;628326724;9353;129;10073;10198;11.75;0.71;243.14;10.61;720;67;3505.00;125
9357;67;628326735;9357;125;10073;10198;11.79;0.72;243.14;10.61;716;67;3506.00;125
9361;67;628326745;9361;132;10074;10199;11.87;0.72;243.19;10.61;713;67;3507.00;125
9368;67;628326755;9368;131;10075;10200;11.95;0.73;243.19;10.74;707;67;3508.00;125
9370;67;628326767;9370;124;10075;10200;11.96;0.73;243.18;10.74;705;67;3509.00;125
9371;67;628326778;9371;121;10078;10206;11.91;0.72;243.19;10.74;707;67;3510.00;128
9376;67;628326788;9376;122;10079;10206;11.90;0.72;243.12;10.74;703;67;3511.00;127
9381;67;628326798;9381;123;10081;10206;11.90;0.72;243.07;10.87;700;67;3512.00;125
9383;67;628326808;9383;127;10081;10206;11.93;0.73;243.10;10.87;698;67;3513.00;125
9384;67;628326818;9384;129;10085;10212;11.93;0.73;243.09;10.87;701;67;3514.00;127
9385;67;628326829;9385;132;10085;10212;11.92;0.72;243.09;10.87;700;67;3515.00;127
9388;67;628326840;9388;131;10086;10212;11.89;0.72;243.05;10.87;698;67;3516.00;126
9390;67;628326851;9390;127;10088;10212;11.80;0.72;243.04;10.87;698;67;3517.00;124
9393;67;628326861;9393;130;10091;10216;11.63;0.71;243.02;10.86;698;67;3518.00;125
9398;67;628326871;9398;135;10094;10219;11.56;0.70;243.06;10.86;696;67;3519.00;125
9400;67;628326882;9400;138;10094;10219;11.46;0.70;243.08;10.86;694;67;3520.00;125
9401;67;628326891;9401;148;10095;10220;11.38;0.69;243.06;10.86;694;67;3521.00;125
9405;67;628326901;9405;149;10095;10220;11.22;0.68;243.12;10.86;690;67;3522.00;125
9407;67;628326911;9407;157;10095;10220;11.12;0.68;243.10;10.86;688;67;3523.00;125
9409;67;628326921;9409;162;10096;10220;11.03;0.67;243.11;10.87;687;67;3524.00;124
9411;67;628326932;9411;170;10096;10220;10.96;0.67;243.10;10.87;685;67;3525.00;124
9412;67;628326947;9412;178;10097;10220;10.85;0.66;243.11;10.88;685;67;3526.00;123
9415;67;628326957;9415;181;10097;10220;10.68;0.65;243.09;10.88;682;67;3527.00;123
9417;67;628326967;9417;194;10130;10290;10.68;0.65;243.07;10.84;713;67;3528.00;160
9419;67;628326982;9419;193;10131;10291;10.57;0.65;243.06;10.85;712;67;3529.00;160
9422;67;628326992;9422;197;10141;10291;10.45;0.64;243.17;10.86;719;67;3530.00;150
9427;67;628327002;9427;206;10146;10291;10.39;0.64;243.28;10.86;719;67;3531.00;145
9430;67;628327012;9430;207;10151;10291;10.29;0.63;243.27;10.86;721;67;3532.00;140
9430;67;628327021;9430;214;10153;10291;10.20;0.62;243.27;10.88;723;67;3533.00;138
9434;67;628327032;9434;225;10156;10291;10.09;0.62;243.25;10.88;722;67;3534.00;135
9439;67;628327041;9439;225;10160;10291;9.93;0.61;243.25;10.88;721;67;3535.00;131
9441;67;628327050;9441;231;10162;10292;9.74;0.60;243.21;10.90;721;67;3536.00;130
9443;67;628327060;9443;234;10165;10293;9.64;0.59;243.21;10.90;722;67;3537.00;128
9447;67;628327070;9447;238;10170;10293;9.48;0.58;243.16;10.93;723;67;3538.00;123
9449;67;628327079;9449;242;10174;10297;9.39;0.57;243.13;10.94;725;67;3539.00;123
9449;67;628327090;9449;252;10178;10297;9.28;0.57;243.13;10.95;729;67;3540.00;119
9450;67;628327100;9450;258;10178;10297;9.09;0.56;243.13;10.95;728;67;3541.00;119
9451;67;628327109;9451;264;10181;10297;9.00;0.55;243.11;10.97;730;67;3542.00;116
9452;67;628327118;9452;269;10186;10303;9.05;0.56;243.10;10.98;734;67;3543.00;117
9453;67;628327128;9453;277;10187;10303;8.95;0.55;243.13;10.98;734;67;3544.00;116
9453;67;628327137;9453;283;10188;10303;8.85;0.55;243.13;10.98;735;67;3545.00;115
9456;67;628327146;9456;291;10192;10306;8.69;0.54;243.10;10.99;736;67;3546.00;114
9458;67;628327162;9458;293;10192;10306;8.53;0.53;243.06;10.99;734;67;3547.00;114
9461;67;628327170;9461;301;10194;10306;8.34;0.52;243.04;11.00;733;67;3548.00;112
9463;67;628327179;9463;299;10196;10307;8.15;0.50;243.02;11.02;733;67;3549.00;111
9466;67;628327188;9466;303;10198;10308;8.01;0.49;242.99;11.03;732;67;3550.00;110
9469;67;628327196;9469;311;10199;10308;7.82;0.48;242.95;11.04;730;67;3551.00;109
9471;67;628327210;9471;314;10210;10321;7.79;0.48;242.92;11.02;739;67;3552.00;111
9472;67;628327219;9472;315;10211;10321;7.69;0.47;242.91;11.03;739;67;3553.00;110
9474;67;628327228;9474;310;10212;10321;7.60;0.47;242.91;11.03;738;67;3554.00;109
9478;67;628327236;9478;309;10214;10323;7.47;0.46;242.88;11.03;736;67;3555.00;109
9481;67;628327245;9481;315;10216;10323;7.46;0.46;242.84;11.04;735;67;3556.00;107
9485;67;628327254;9485;316;10219;10327;7.40;0.45;242.90;11.04;734;67;3557.00;108
9489;67;628327262;9489;324;10219;10327;7.35;0.45;242.85;11.04;730;67;3558.00;108
9490;67;628327271;9490;326;10224;10331;7.29;0.44;242.83;11.04;734;67;3559.00;107
9490;67;628327280;9490;324;10224;10331;7.25;0.44;242.83;11.04;734;67;3560.00;107
9490;67;628327288;9490;325;10227;10331;7.16;0.44;242.83;11.07;737;67;3561.00;104
9493;67;628327296;9493;333;10227;10331;7.04;0.43;242.82;11.07;734;67;3562.00;104
9494;67;628327303;9494;327;10227;10331;6.95;0.42;242.79;11.07;733;67;3563.00;104
9499;67;628327311;9499;314;10238;10343;6.91;0.42;242.80;11.07;739;67;3564.00;105
9501;67;628327320;9501;309;10241;10343;6.85;0.42;242.87;11.09;740;67;3565.00;102
9506;67;628327328;9506;299;10242;10343;6.75;0.41;242.83;11.09;736;67;3566.00;101
9510;67;628327336;9510;297;10243;10343;6.67;0.41;242.83;11.10;733;67;3567.00;100
9512;67;628327345;9512;300;10243;10343;6.63;0.40;242.83;11.10;731;67;3568.00;100
9513;67;628327353;9513;295;10245;10343;6.57;0.40;242.85;11.11;732;67;3569.00;98
9514;68;628327369;9514;287;10245;10344;6.59;0.40;242.87;11.11;731;68;3570.00;99
9517;68;628327388;9517;276;10247;10344;6.59;0.40;242.86;11.12;730;68;3571.00;97
9520;68;628327396;9520;273;10251;10350;6.65;0.41;242.88;11.12;731;68;3572.00;99
9520;68;628327406;9520;267;10255;10351;6.71;0.41;242.88;11.12;735;68;3573.00;96
9523;68;628327414;9523;265;10255;10351;6.75;0.41;242.92;11.12;732;68;3574.00;96
9523;68;628327430;9523;261;10255;10351;6.81;0.42;242.92;11.12;732;68;3575.00;96
9526;68;628327438;9526;259;10258;10355;6.89;0.42;242.95;11.12;732;68;3576.00;97
9528;68;628327447;9528;259;10258;10355;6.97;0.43;242.98;11.12;730;68;3577.00;97
9530;68;628327456;9530;254;10258;10355;7.04;0.43;242.95;11.12;728;68;3578.00;97
9532;68;628327464;9532;243;10259;10356;7.13;0.44;242.97;11.12;727;68;3579.00;97
9535;68;628327473;9535;247;10262;10360;7.30;0.45;242.97;11.12;727;68;3580.00;98
9537;68;628327482;9537;243;10262;10360;7.51;0.46;243.04;11.12;725;68;3581.00;98
9540;68;628327491;9540;233;10264;10363;7.68;0.47;243.08;11.11;724;68;3582.00;99
9542;68;628327500;9542;222;10265;10363;7.81;0.48;243.12;11.11;723;68;3583.00;98
9546;68;628327510;9546;215;10265;10363;7.98;0.49;243.15;11.11;719;68;3584.00;98
9550;68;628327519;9550;213;10265;10363;8.13;0.50;243.16;11.11;715;68;3585.00;98
9552;68;628327529;9552;206;10268;10367;8.38;0.51;243.20;11.11;716;68;3586.00;99
9557;68;628327539;9557;206;10268;10367;8.53;0.52;243.29;11.11;711;68;3587.00;99
9561;68;628327548;9561;200;10269;10367;8.67;0.53;243.26;11.11;708;68;3588.00;98
9566;68;628327558;9566;194;10269;10367;8.75;0.54;243.29;11.11;703;68;3589.00;98
9572;68;628327567;9572;189;10269;10368;8.83;0.54;243.32;11.11;697;68;3590.00;99
9577;68;628327578;9577;184;10270;10369;8.85;0.54;243.29;11.11;693;68;3591.00;99
9581;68;628327588;9581;180;10270;10369;8.83;0.54;243.30;11.11;689;68;3592.00;99
9586;68;628327598;9586;177;10272;10370;8.90;0.54;243.31;11.25;686;68;3593.00;98
9590;68;628327609;9590;172;10272;10370;8.98;0.55;243.30;11.25;682;68;3594.00;98
9595;68;628327619;9595;173;10272;10370;9.05;0.55;243.38;11.25;677;68;3595.00;98
9597;68;628327631;9597;177;10272;10370;9.12;0.56;243.39;11.25;675;68;3596.00;98
9604;68;628327645;9604;174;10272;10370;9.14;0.56;243.42;11.25;668;68;3597.00;98
9608;68;628327661;9608;172;10272;10370;9.16;0.56;243.42;11.25;664;68;3598.00;98
9610;68;628327675;9610;174;10272;10370;9.23;0.56;243.41;11.25;662;68;3599.00;98
9615;68;628327694;9615;212;10388;10623;9.32;0.58;243.45;11.12;773;68;3600.00;235
9619;68;628327745;9619;204;10396;10624;9.31;0.58;243.40;11.11;777;68;3601.00;228
9622;68;628327757;9622;202;10409;10624;9.35;0.58;243.40;11.10;787;68;3602.00;215
9625;68;628327769;9625;192;10418;10624;9.34;0.58;243.41;11.09;793;68;3603.00;206
9630;68;628327782;9630;192;10424;10624;9.34;0.58;243.37;11.09;794;68;3604.00;200
9635;68;628327794;9635;188;10428;10624;9.31;0.58;243.37;11.09;793;68;3605.00;196
9639;69;628327807;9639;189;10433;10624;9.27;0.58;243.40;11.09;794;69;3606.00;191
9642;69;628327869;9642;192;10439;10624;9.25;0.58;243.39;11.08;797;69;3607.00;185
9645;69;628327907;9645;189;10442;10625;9.28;0.58;243.40;11.08;797;69;3608.00;183
9647;69;628327924;9647;201;10446;10626;9.29;0.58;243.44;11.08;799;69;3609.00;180
9648;69;628327940;9648;210;10450;10626;9.32;0.58;243.44;11.08;802;69;3610.00;176
9651;69;628327955;9651;209;10454;10627;9.35;0.58;243.47;11.08;803;69;3611.00;173
9655;69;628327970;9655;218;10459;10627;9.31;0.58;243.51;11.08;804;69;3612.00;168
9660;69;628327985;9660;220;10462;10627;9.30;0.57;243.51;11.08;802;69;3613.00;165
9666;69;628328001;9666;227;10464;10627;9.19;0.57;243.54;11.08;798;69;3614.00;163
9668;69;628328017;9668;231;10468;10631;9.17;0.57;243.56;11.08;800;69;3615.00;163
9674;69;628328031;9674;240;10472;10631;9.12;0.56;243.60;11.08;798;69;3616.00;159
9680;69;628328047;9680;235;10472;10631;9.10;0.56;243.68;11.08;792;69;3617.00;159
9682;69;628328064;9682;233;10475;10634;9.10;0.56;243.67;11.08;793;69;3618.00;159
9685;69;628328087;9685;229;10476;10634;9.12;0.56;243.73;11.08;791;69;3619.00;158
9691;69;628328104;9691;228;10477;10634;9.14;0.56;243.85;11.08;786;69;3620.00;157
9697;69;628328127;9697;226;10480;10638;9.16;0.56;243.90;11.08;783;69;3621.00;158
9701;69;628328144;9701;232;10483;10639;9.27;0.57;243.93;11.08;782;69;3622.00;156
9706;69;628328161;9706;233;10484;10639;9.33;0.57;243.93;11.08;778;69;3623.00;155
9709;69;628328178;9709;235;10485;10643;9.43;0.58;243.92;11.08;776;69;3624.00;158
9711;69;628328195;9711;232;10490;10643;9.53;0.58;243.97;11.08;779;69;3625.00;153
9714;69;628328212;9714;219;10491;10643;9.64;0.59;243.96;11.09;777;69;3626.00;152
9719;69;628328228;9719;205;10494;10644;9.71;0.59;243.98;11.09;775;69;3627.00;150
9724;69;628328253;9724;189;10494;10644;9.87;0.60;244.00;11.09;770;69;3628.00;150
9725;69;628328270;9725;186;10498;10650;10.04;0.61;243.99;11.08;773;69;3629.00;152
9729;70;628328289;9729;186;10499;10650;10.13;0.62;244.00;11.09;770;70;3630.00;151
9732;70;628328323;9732;178;10500;10651;10.27;0.62;244.02;11.09;768;70;3631.00;151
9734;70;628328339;9734;178;10501;10651;10.39;0.63;243.99;11.09;767;70;3632.00;150
9738;70;628328353;9738;173;10503;10651;10.48;0.64;244.02;11.09;765;70;3633.00;148
9740;70;628328369;9740;175;10504;10651;10.58;0.64;244.04;11.09;764;70;3634.00;147
9742;70;628328389;9742;170;10505;10651;10.75;0.65;244.02;11.09;763;70;3635.00;146
9745;70;628328411;9745;168;10514;10663;10.84;0.66;244.03;11.08;769;70;3636.00;149
9746;71;628328439;9746;168;10515;10663;10.97;0.66;244.08;11.08;769;71;3637.00;148
9751;71;628328472;9751;169;10516;10663;11.13;0.67;244.11;11.08;765;71;3638.00;147
9752;72;628328489;9752;171;10516;10663;11.19;0.68;244.13;11.08;764;72;3639.00;147
9754;72;628328536;9754;172;10516;10663;11.21;0.68;244.13;11.08;762;72;3640.00;147
9757;72;628328551;9757;174;10516;10663;11.22;0.68;244.13;11.08;759;72;3641.00;147
9759;73;628328576;9759;175;10520;10667;11.17;0.68;244.12;11.08;761;73;3642.00;147
9761;73;628328610;9761;174;10520;10667;11.26;0.68;244.21;11.08;759;73;3643.00;147
9764;73;628328627;9764;175;10523;10671;11.25;0.68;244.26;11.08;759;73;3644.00;148
9765;73;628328646;9765;171;10525;10673;11.27;0.69;244.25;11.08;760;73;3645.00;148
9766;73;628328661;9766;169;10526;10673;11.36;0.69;244.26;11.08;760;73;3646.00;147
9770;73;628328681;9770;174;10528;10673;11.40;0.70;244.28;11.08;758;73;3647.00;145
9770;73;628328693;9770;171;10536;10686;11.53;0.70;244.28;11.07;766;73;3648.00;150
9771;73;628328709;9771;169;10537;10686;11.57;0.71;244.29;11.07;766;73;3649.00;149
9775;73;628328721;9775;169;10537;10686;11.56;0.71;244.26;11.07;762;73;3650.00;149
9777;73;628328734;9777;171;10538;10687;11.52;0.70;244.26;11.07;761;73;3651.00;149
9780;73;628328746;9780;169;10538;10688;11.50;0.70;244.27;11.07;758;73;3652.00;150
9782;73;628328759;9782;171;10538;10688;11.46;0.70;244.27;11.07;756;73;3653.00;150
9787;74;628328771;9787;172;10540;10691;11.46;0.70;244.28;11.07;753;74;3654.00;151
9790;74;628328803;9790;169;10540;10691;11.36;0.69;244.30;11.07;750;74;3655.00;151
9793;74;628328824;9793;171;10541;10691;11.33;0.69;244.30;11.07;748;74;3656.00;150
9797;75;628328841;9797;173;10541;10691;11.38;0.69;244.29;11.07;744;75;3657.00;150
9803;75;628328873;9803;173;10545;10697;11.34;0.69;244.26;11.06;742;75;3658.00;152
9807;75;628328888;9807;166;10545;10697;11.28;0.69;244.25;11.06;738;75;3659.00;152
9810;75;628328905;9810;161;10546;10697;11.30;0.69;244.26;11.06;736;75;3660.00;151
9814;75;628328917;9814;164;10546;10697;11.24;0.68;244.29;11.06;732;75;3661.00;151
9816;75;628328930;9816;166;10550;10701;11.18;0.68;244.28;11.20;734;75;3662.00;151
9818;75;628328950;9818;168;10551;10702;11.19;0.68;244.30;11.20;733;75;3663.00;151
9822;75;628328963;9822;170;10551;10702;11.14;0.68;244.31;11.20;729;75;3664.00;151
9824;75;628328975;9824;175;10552;10703;11.12;0.68;244.32;11.20;728;75;3665.00;151
9828;75;628328988;9828;180;10552;10703;11.05;0.68;244.33;11.20;724;75;3666.00;151
9833;75;628329000;9833;180;10552;10703;10.94;0.67;244.31;11.20;719;75;3667.00;151
9837;75;628329012;9837;185;10553;10703;10.83;0.66;244.30;11.20;716;75;3668.00;150
9840;75;628329023;9840;185;10553;10703;10.70;0.65;244.29;11.20;713;75;3669.00;150
9846;75;628329034;9846;186;10554;10703;10.57;0.65;244.26;11.35;708;75;3670.00;149
9850;75;628329046;9850;189;10554;10703;10.46;0.64;244.27;11.35;704;75;3671.00;149
9853;75;628329055;9853;184;10583;10773;10.34;0.63;244.27;11.31;730;75;3672.00;190
9860;75;628329073;9860;178;10584;10774;10.28;0.63;244.32;11.31;724;75;3673.00;190
9861;75;628329084;9861;180;10590;10774;10.35;0.63;244.33;11.31;729;75;3674.00;184
9864;75;628329096;9864;175;10596;10774;10.30;0.63;244.31;11.48;732;75;3675.00;178
9864;75;628329110;9864;169;10600;10774;10.43;0.64;244.31;11.48;736;75;3676.00;174
9867;75;628329122;9867;163;10603;10774;10.50;0.64;244.30;11.48;736;75;3677.00;171
9869;75;628329136;9869;157;10606;10774;10.59;0.64;244.29;11.61;737;75;3678.00;168
9873;75;628329149;9873;151;10609;10774;10.60;0.64;244.31;11.61;736;75;3679.00;165
9875;75;628329161;9875;150;10610;10775;10.56;0.64;244.28;11.61;735;75;3680.00;165
9877;75;628329182;9877;148;10615;10776;10.53;0.64;244.25;11.73;738;75;3681.00;161
9878;75;628329196;9878;146;10616;10776;10.43;0.63;244.23;11.73;738;75;3682.00;160
9879;75;628329208;9879;147;10621;10780;10.38;0.63;244.22;11.73;742;75;3683.00;159
9880;75;628329220;9880;139;10622;10780;10.39;0.63;244.22;11.86;742;75;3684.00;158
9881;75;628329232;9881;143;10623;10780;10.38;0.63;244.23;11.87;742;75;3685.00;157
9882;75;628329245;9882;146;10623;10780;10.38;0.63;244.25;11.87;741;75;3686.00;157
9884;75;628329257;9884;143;10628;10786;10.37;0.63;244.23;12.00;744;75;3687.00;158
9887;75;628329271;9887;149;10629;10786;10.34;0.63;244.21;12.00;742;75;3688.00;157
9889;75;628329283;9889;155;10631;10786;10.31;0.63;244.24;12.13;742;75;3689.00;155
9892;75;628329297;9892;161;10636;10792;10.28;0.62;244.20;12.13;744;75;3690.00;156
9895;75;628329314;9895;173;10636;10792;10.31;0.63;244.18;12.13;741;75;3691.00;156
9897;75;628329327;9897;180;10638;10792;10.28;0.62;244.15;12.25;741;75;3692.00;154
9899;75;628329339;9899;183;10641;10793;10.19;0.62;244.15;12.26;742;75;3693.00;152
9901;75;628329351;9901;189;10644;10794;10.22;0.62;244.13;12.26;743;75;3694.00;150
9905;75;628329364;9905;191;10647;10794;10.14;0.61;244.12;12.39;742;75;3695.00;147
9907;75;628329375;9907;198;10657;10807;10.10;0.61;244.11;12.38;750;75;3696.00;150
9912;75;628329388;9912;202;10658;10807;10.02;0.61;244.08;12.39;746;75;3697.00;149
9915;75;628329400;9915;207;10660;10807;9.92;0.60;244.02;12.39;745;75;3698.00;147
9916;75;628329411;9916;214;10662;10808;9.82;0.60;244.03;12.40;746;75;3699.00;146
9918;75;628329424;9918;222;10665;10808;9.70;0.59;243.99;12.42;747;75;3700.00;143
9919;75;628329440;9919;226;10669;10812;9.64;0.58;243.99;12.43;750;75;3701.00;143
9922;75;628329451;9922;237;10671;10812;9.50;0.58;243.93;12.44;749;75;3702.00;141
9926;75;628329464;9926;239;10675;10816;9.32;0.57;243.90;12.44;749;75;3703.00;141
9927;75;628329476;9927;248;10675;10816;9.20;0.56;243.97;12.44;748;75;3704.00;141
9928;75;628329486;9928;250;10677;10816;9.02;0.55;243.96;12.46;749;75;3705.00;139
9930;75;628329496;9930;253;10677;10816;8.94;0.55;243.93;12.46;747;75;3706.00;139
9933;75;628329506;9933;258;10678;10816;8.88;0.54;243.90;12.47;745;75;3707.00;138
9934;75;628329516;9934;264;10688;10828;8.88;0.54;243.87;12.48;754;75;3708.00;140
9936;75;628329527;9936;275;10690;10828;8.79;0.54;243.85;12.48;754;75;3709.00;138
9937;75;628329539;9937;283;10691;10828;8.75;0.53;243.85;12.48;754;75;3710.00;137
9937;75;628329549;9937;293;10693;10828;8.64;0.53;243.85;12.50;756;75;3711.00;135
9938;75;628329560;9938;299;10694;10828;8.51;0.52;243.85;12.51;756;75;3712.00;134
9939;75;628329572;9939;306;10695;10828;8.42;0.51;243.84;12.51;756;75;3713.00;133
9941;75;628329581;9941;314;10697;10829;8.24;0.50;243.85;12.53;756;75;3714.00;132
9942;75;628329593;9942;312;10699;10829;8.10;0.50;243.84;12.54;757;75;3715.00;130
9943;75;628329604;9943;309;10704;10835;8.05;0.49;243.83;12.53;761;75;3716.00;131
9945;75;628329615;9945;303;10707;10836;7.99;0.49;243.83;12.54;762;75;3717.00;129
9946;75;628329628;9946;305;10707;10836;7.95;0.49;243.83;12.54;761;75;3718.00;129
9947;75;628329643;9947;299;10710;10836;7.88;0.49;243.80;12.57;763;75;3719.00;126
9948;75;628329662;9948;291;10713;10841;7.90;0.49;243.79;12.56;765;75;3720.00;128
9950;75;628329680;9950;285;10715;10841;7.85;0.48;243.87;12.57;765;75;3721.00;126
9951;75;628329697;9951;279;10716;10841;7.84;0.48;243.86;12.58;765;75;3722.00;125
9952;75;628329713;9952;275;10717;10842;7.85;0.48;243.85;12.58;765;75;3723.00;125
9952;75;628329729;9952;273;10721;10846;7.86;0.49;243.85;12.59;769;75;3724.00;125
9955;75;628329753;9955;265;10722;10846;7.85;0.48;243.83;12.60;767;75;3725.00;124
9957;75;628329769;9957;254;10725;10849;7.88;0.48;243.81;12.61;768;75;3726.00;124
9959;75;628329792;9959;258;10728;10849;7.89;0.48;243.87;12.62;769;75;3727.00;121
9962;75;628329805;9962;258;10729;10849;7.89;0.48;243.86;12.63;767;75;3728.00;120
9964;75;628329820;9964;258;10729;10849;7.94;0.49;243.83;12.63;765;75;3729.00;120
9965;75;628329841;9965;261;10733;10853;8.00;0.49;243.82;12.63;768;75;3730.00;120
9967;75;628329860;9967;260;10734;10853;8.00;0.49;243.79;12.63;767;75;3731.00;119
9971;75;628329872;9971;254;10736;10853;7.96;0.49;243.75;12.66;765;75;3732.00;117
9975;75;628329885;9975;258;10737;10853;7.89;0.48;243.72;12.66;762;75;3733.00;116
9976;75;628329898;9976;253;10738;10854;7.85;0.48;243.72;12.67;762;75;3734.00;116
9979;75;628329909;9979;251;10740;10856;7.81;0.48;243.70;12.67;761;75;3735.00;116
9981;75;628329921;9981;254;10741;10856;7.75;0.47;243.67;12.67;760;75;3736.00;115
9987;75;628329933;9987;249;10743;10857;7.67;0.47;243.66;12.68;756;75;3737.00;114
9988;75;628329946;9988;254;10743;10857;7.57;0.46;243.66;12.68;755;75;3738.00;114
9993;75;628329960;9993;258;10744;10857;7.47;0.46;243.63;12.68;751;75;3739.00;113
9996;75;628329972;9996;251;10745;10857;7.39;0.45;243.66;12.69;749;75;3740.00;112
10000;75;628329985;10000;242;10745;10857;7.38;0.45;243.66;12.69;745;75;3741.00;112
10004;75;628329999;10004;235;10745;10857;7.42;0.45;243.68;12.69;741;75;3742.00;112
10009;75;628330012;10009;233;10746;10857;7.43;0.46;243.77;12.70;737;75;3743.00;111
10012;75;628330026;10012;239;10811;10984;7.70;0.48;243.75;12.63;799;75;3744.00;173
10015;75;628330066;10015;231;10816;10985;7.76;0.48;243.75;12.63;801;75;3745.00;169
10020;75;628330082;10020;224;10824;10985;7.81;0.48;243.75;12.62;804;75;3746.00;161
10020;75;628330101;10020;216;10829;10985;7.93;0.49;243.75;12.62;809;75;3747.00;156
10023;75;628330116;10023;213;10836;10985;8.03;0.50;243.77;12.61;813;75;3748.00;149
10028;75;628330129;10028;214;10840;10985;8.02;0.50;243.81;12.61;812;75;3749.00;145
10029;75;628330142;10029;206;10845;10990;8.09;0.50;243.86;12.61;816;75;3750.00;145
10034;75;628330155;10034;203;10848;10990;8.12;0.50;243.94;12.61;814;75;3751.00;142
10038;75;628330171;10038;208;10853;10991;8.16;0.50;243.95;12.60;815;75;3752.00;138
10040;75;628330184;10040;212;10856;10992;8.26;0.51;243.98;12.60;816;75;3753.00;136
10045;75;628330200;10045;217;10859;10992;8.38;0.52;243.98;12.60;814;75;3754.00;133
10050;75;628330214;10050;215;10860;10993;8.41;0.52;243.96;12.60;810;75;3755.00;133
10054;75;628330228;10054;216;10863;10993;8.54;0.52;244.00;12.60;809;75;3756.00;130
10058;75;628330241;10058;215;10863;10993;8.56;0.53;244.03;12.60;805;75;3757.00;130
10060;75;628330257;10060;214;10865;10993;8.61;0.53;244.04;12.60;805;75;3758.00;128
10062;75;628330271;10062;215;10868;10997;8.66;0.53;244.08;12.60;806;75;3759.00;129
10066;75;628330286;10066;211;10870;10997;8.63;0.53;244.08;12.60;804;75;3760.00;127
10073;75;628330301;10073;209;10870;10997;8.55;0.52;244.13;12.60;797;75;3761.00;127
10074;76;628330314;10074;212;10874;11000;8.56;0.53;244.14;12.60;800;76;3762.00;126
10079;76;628330348;10079;211;10874;11000;8.56;0.53;244.17;12.60;795;76;3763.00;126
10081;76;628330365;10081;209;10875;11000;8.57;0.53;244.19;12.60;794;76;3764.00;125
10086;76;628330383;10086;209;10878;11004;8.57;0.53;244.17;12.59;792;76;3765.00;126
10088;76;628330402;10088;212;10879;11005;8.65;0.53;244.20;12.59;791;76;3766.00;126
10092;76;628330417;10092;213;10879;11005;8.69;0.53;244.22;12.59;787;76;3767.00;126
10095;76;628330437;10095;213;10882;11009;8.78;0.54;244.18;12.59;787;76;3768.00;127
10100;76;628330455;10100;213;10883;11009;8.84;0.54;244.20;12.59;783;76;3769.00;126
10103;76;628330471;10103;215;10883;11009;8.91;0.55;244.25;12.59;780;76;3770.00;126
10106;76;628330486;10106;219;10884;11010;8.96;0.55;244.27;12.59;778;76;3771.00;126
10110;76;628330503;10110;219;10885;11010;9.01;0.55;244.31;12.59;775;76;3772.00;125
10116;76;628330520;10116;221;10889;11016;8.99;0.55;244.32;12.59;773;76;3773.00;127
10121;76;628330541;10121;223;10890;11016;9.08;0.55;244.33;12.59;769;76;3774.00;126
10127;76;628330555;10127;218;10891;11017;9.10;0.56;244.28;12.58;764;76;3775.00;126
10134;76;628330572;10134;225;10891;11017;9.10;0.55;244.33;12.58;757;76;3776.00;126
10136;76;628330587;10136;225;10892;11017;9.13;0.56;244.33;12.58;756;76;3777.00;125
10140;76;628330610;10140;224;10892;11017;9.21;0.56;244.35;12.58;752;76;3778.00;125
10146;76;628330628;10146;224;10892;11017;9.20;0.56;244.36;12.58;746;76;3779.00;125
10152;76;628330650;10152;229;10917;11053;9.30;0.57;244.34;12.55;765;76;3780.00;136
10155;76;628330675;10155;231;10919;11053;9.26;0.57;244.38;12.55;764;76;3781.00;134
10160;76;628330692;10160;237;10920;11053;9.27;0.57;244.35;12.55;760;76;3782.00;133
10162;76;628330705;10162;234;10921;11053;9.30;0.57;244.34;12.55;759;76;3783.00;132
10165;76;628330718;10165;237;10921;11053;9.34;0.57;244.37;12.55;756;76;3784.00;132
10170;76;628330733;10170;236;10922;11053;9.39;0.57;244.44;12.55;752;76;3785.00;131
10173;76;628330747;10173;237;10925;11057;9.40;0.57;244.46;12.55;752;76;3786.00;132
10178;76;628330760;10178;229;10926;11057;9.37;0.57;244.49;12.55;748;76;3787.00;131
10179;76;628330774;10179;226;10929;11061;9.43;0.58;244.52;12.54;750;76;3788.00;132
10184;76;628330790;10184;218;10931;11062;9.36;0.57;244.55;12.54;747;76;3789.00;131
10185;76;628330804;10185;218;10931;11062;9.38;0.57;244.55;12.54;746;76;3790.00;131
10187;76;628330817;10187;221;10931;11062;9.39;0.57;244.60;12.54;744;76;3791.00;131
10190;76;628330831;10190;216;10941;11075;9.51;0.58;244.62;12.53;751;76;3792.00;134
10194;76;628330854;10194;214;10941;11075;9.56;0.58;244.64;12.53;747;76;3793.00;134
10197;76;628330868;10197;212;10942;11075;9.57;0.58;244.64;12.53;745;76;3794.00;133
10202;76;628330881;10202;214;10943;11076;9.57;0.58;244.69;12.53;741;76;3795.00;133
10206;76;628330901;10206;201;10943;11077;9.63;0.59;244.72;12.53;737;76;3796.00;134
10210;76;628330916;10210;189;10943;11077;9.70;0.59;244.69;12.53;733;76;3797.00;134
10214;76;628330929;10214;178;10945;11080;9.78;0.60;244.75;12.53;731;76;3798.00;135
10219;77;628330943;10219;171;10945;11080;9.84;0.60;244.83;12.53;726;77;3799.00;135
10220;77;628330969;10220;159;10946;11080;9.83;0.60;244.84;12.52;726;77;3800.00;134
10225;77;628330985;10225;150;10946;11080;9.87;0.60;244.84;12.52;721;77;3801.00;134
10228;77;628331004;10228;146;10950;11086;9.94;0.61;244.90;12.52;722;77;3802.00;136
10232;77;628331019;10232;143;10951;11086;10.13;0.62;244.91;12.52;719;77;3803.00;135
10234;77;628331033;10234;141;10951;11086;10.23;0.62;244.91;12.52;717;77;3804.00;135
10239;77;628331046;10239;141;10951;11086;10.29;0.63;244.99;12.52;712;77;3805.00;135
10243;77;628331060;10243;145;10954;11090;10.28;0.63;245.01;12.52;711;77;3806.00;136
10245;77;628331073;10245;142;10956;11091;10.33;0.63;245.00;12.64;711;77;3807.00;135
10248;77;628331093;10248;139;10956;11091;10.40;0.64;244.96;12.64;708;77;3808.00;135
10253;77;628331105;10253;138;10957;11092;10.47;0.64;244.95;12.64;704;77;3809.00;135
10256;77;628331125;10256;141;10957;11092;10.54;0.65;244.98;12.64;701;77;3810.00;135
10257;77;628331138;10257;138;10957;11092;10.60;0.65;245.00;12.64;700;77;3811.00;135
10260;77;628331150;10260;139;10957;11092;10.64;0.65;244.98;12.64;697;77;3812.00;135
10262;77;628331164;10262;142;10957;11092;10.71;0.66;244.99;12.64;695;77;3813.00;135
10265;77;628331176;10265;140;10957;11092;10.75;0.66;244.99;12.64;692;77;3814.00;135
10271;77;628331194;10271;144;10957;11092;10.81;0.66;245.00;12.64;686;77;3815.00;135
10274;78;628331207;10274;158;10993;11162;10.55;0.65;245.03;12.60;719;78;3816.00;169
10276;78;628331243;10276;153;10995;11163;10.60;0.65;245.06;12.60;719;78;3817.00;168
10278;78;628331262;10278;152;11000;11163;10.69;0.66;245.07;12.59;722;78;3818.00;163
10281;78;628331282;10281;156;11006;11163;10.75;0.66;245.04;12.59;725;78;3819.00;157
10286;78;628331294;10286;155;11010;11163;10.81;0.66;245.07;12.58;724;78;3820.00;153
10288;78;628331306;10288;156;11014;11163;10.87;0.66;245.06;12.58;726;78;3821.00;149
10292;78;628331318;10292;159;11018;11163;10.95;0.67;245.12;12.58;726;78;3822.00;145
10297;78;628331332;10297;160;11019;11163;11.08;0.67;245.10;12.58;722;78;3823.00;144
10300;78;628331348;10300;162;11021;11164;11.15;0.68;245.13;12.58;721;78;3824.00;143
10302;79;628331361;10302;168;11023;11166;11.19;0.68;245.14;12.58;721;79;3825.00;143
10306;79;628331394;10306;170;11024;11166;11.26;0.69;245.12;12.57;718;79;3826.00;142
10311;79;628331411;10311;177;11027;11170;11.19;0.68;245.15;12.57;716;79;3827.00;143
10314;79;628331432;10314;183;11027;11170;11.15;0.68;245.12;12.57;713;79;3828.00;143
10317;79;628331446;10317;183;11027;11170;11.07;0.67;245.14;12.57;710;79;3829.00;143
10318;79;628331460;10318;192;11027;11170;11.01;0.67;245.13;12.57;709;79;3830.00;143
10322;79;628331474;10322;190;11030;11176;10.92;0.67;245.13;12.57;708;79;3831.00;146
10324;79;628331490;10324;195;11030;11176;10.88;0.66;245.11;12.57;706;79;3832.00;146
10326;79;628331504;10326;196;11031;11176;10.91;0.67;245.14;12.57;705;79;3833.00;145
10328;79;628331518;10328;194;11033;11179;10.92;0.67;245.12;12.57;705;79;3834.00;146
10333;79;628331535;10333;199;11033;11179;10.93;0.67;245.10;12.57;700;79;3835.00;146
10335;79;628331545;10335;201;11034;11179;10.94;0.67;245.08;12.56;699;79;3836.00;145
10336;79;628331554;10336;206;11034;11180;10.92;0.67;245.08;12.56;698;79;3837.00;146
10346;79;628331563;10346;210;11035;11181;10.82;0.66;245.00;12.56;689;79;3838.00;146
10349;79;628331573;10349;207;11035;11181;10.69;0.65;244.96;12.56;686;79;3839.00;146
10352;79;628331584;10352;210;11051;11207;10.60;0.64;244.93;12.67;699;79;3840.00;156
10357;79;628331596;10357;202;11052;11207;10.56;0.64;244.90;12.67;695;79;3841.00;155
10359;79;628331605;10359;197;11054;11207;10.61;0.64;244.89;12.67;695;79;3842.00;153
10363;79;628331614;10363;191;11056;11208;10.63;0.64;244.86;12.67;693;79;3843.00;152
10366;79;628331624;10366;195;11056;11208;10.63;0.64;244.84;12.67;690;79;3844.00;152
10368;79;628331636;10368;191;11059;11212;10.65;0.65;244.82;12.68;691;79;3845.00;153
10370;79;628331651;10370;186;11060;11214;10.63;0.64;244.80;12.68;690;79;3846.00;154
10371;79;628331667;10371;184;11064;11218;10.67;0.65;244.78;12.68;693;79;3847.00;154
10378;79;628331700;10378;176;11064;11218;10.67;0.64;244.76;12.68;686;79;3848.00;154
10379;79;628331716;10379;179;11065;11218;10.68;0.65;244.75;12.68;686;79;3849.00;153
10383;79;628331735;10383;173;11065;11218;10.68;0.65;244.76;12.68;682;79;3850.00;153
10384;79;628331760;10384;168;11065;11218;10.71;0.65;244.74;12.68;681;79;3851.00;153
10387;79;628331775;10387;171;11076;11230;10.68;0.65;244.70;12.67;689;79;3852.00;154
10387;79;628331792;10387;167;11076;11230;10.68;0.65;244.70;12.67;689;79;3853.00;154
10388;79;628331805;10388;169;11076;11230;10.70;0.65;244.68;12.67;688;79;3854.00;154
10391;79;628331822;10391;174;11076;11230;10.73;0.65;244.64;12.67;685;79;3855.00;154
10392;79;628331838;10392;174;11077;11230;10.74;0.65;244.65;12.79;685;79;3856.00;153
10392;79;628331852;10392;180;11077;11230;10.70;0.65;244.65;12.79;685;79;3857.00;153
10392;80;628331861;10392;183;11078;11231;10.67;0.65;244.65;12.79;686;80;3858.00;153
10392;80;628331889;10392;190;11079;11231;10.63;0.65;244.65;12.91;687;80;3859.00;152
10395;80;628331898;10395;189;11084;11237;10.69;0.65;244.67;12.91;689;80;3860.00;153
10397;80;628331908;10397;191;11087;11238;10.65;0.65;244.65;12.91;690;80;3861.00;151
10399;80;628331917;10399;197;11088;11238;10.51;0.64;244.63;12.91;689;80;3862.00;150
10400;80;628331929;10400;199;11088;11238;10.42;0.63;244.61;12.91;688;80;3863.00;150
10402;80;628331938;10402;205;11092;11242;10.35;0.63;244.60;12.92;690;80;3864.00;150
10402;80;628331947;10402;208;11093;11242;10.18;0.62;244.60;12.92;691;80;3865.00;149
10406;81;628331958;10406;214;11095;11242;10.02;0.61;244.58;12.93;689;81;3866.00;147
10407;81;628331988;10407;209;11096;11243;10.02;0.61;244.57;12.93;689;81;3867.00;147
10409;81;628332003;10409;203;11100;11247;9.92;0.60;244.59;12.93;691;81;3868.00;147
10412;81;628332014;10412;199;11100;11247;9.86;0.60;244.56;12.93;688;81;3869.00;147
10414;81;628332025;10414;198;11105;11253;9.86;0.60;244.54;12.95;691;81;3870.00;148
10414;81;628332041;10414;196;11107;11253;9.79;0.59;244.54;12.96;693;81;3871.00;146
10414;81;628332057;10414;194;11109;11253;9.77;0.59;244.54;12.99;695;81;3872.00;144
10417;81;628332067;10417;194;11110;11253;9.74;0.59;244.52;12.99;693;81;3873.00;143
10417;81;628332077;10417;188;11112;11257;9.76;0.60;244.52;12.99;695;81;3874.00;145
10419;81;628332087;10419;191;11115;11257;9.81;0.60;244.58;13.01;696;81;3875.00;142
10422;81;628332098;10422;193;11115;11257;9.88;0.60;244.57;13.01;693;81;3876.00;142
10423;81;628332108;10423;192;11116;11257;9.93;0.61;244.58;13.01;693;81;3877.00;141
10425;81;628332118;10425;194;11118;11258;9.86;0.60;244.56;13.03;693;81;3878.00;140
10427;81;628332134;10427;191;11122;11259;9.72;0.59;244.55;13.06;695;81;3879.00;137
10429;81;628332144;10429;192;11122;11259;9.57;0.58;244.55;13.06;693;81;3880.00;137
10431;81;628332154;10431;195;11123;11260;9.43;0.58;244.54;13.06;692;81;3881.00;137
10433;81;628332163;10433;202;11126;11260;9.35;0.57;244.52;13.10;693;81;3882.00;134
10434;81;628332173;10434;208;11126;11260;9.31;0.57;244.52;13.10;692;81;3883.00;134
10435;81;628332182;10435;211;11128;11260;9.32;0.57;244.51;13.12;693;81;3884.00;132
10436;81;628332191;10436;215;11128;11260;9.33;0.57;244.50;13.12;692;81;3885.00;132
10436;82;628332201;10436;217;11130;11260;9.34;0.57;244.50;13.14;694;82;3886.00;130
10436;82;628332217;10436;225;11131;11260;9.25;0.57;244.50;13.15;695;82;3887.00;129
10437;82;628332234;10437;244;11199;11387;9.28;0.58;244.49;13.09;762;82;3888.00;188
10440;82;628332265;10440;236;11203;11388;9.23;0.57;244.48;13.09;763;82;3889.00;185
10441;82;628332283;10441;220;11211;11388;9.21;0.57;244.49;13.10;770;82;3890.00;177
10441;82;628332295;10441;217;11215;11388;9.16;0.57;244.49;13.10;774;82;3891.00;173
10443;82;628332306;10443;212;11223;11388;9.10;0.57;244.51;13.10;780;82;3892.00;165
10445;82;628332317;10445;209;11224;11388;9.01;0.56;244.55;13.10;779;82;3893.00;164
10448;82;628332330;10448;206;11231;11388;9.04;0.56;244.54;13.11;783;82;3894.00;157
10451;82;628332341;10451;205;11233;11388;9.07;0.56;244.54;13.11;782;82;3895.00;155
10453;82;628332361;10453;211;11238;11389;9.17;0.57;244.54;13.11;785;82;3896.00;151
10458;82;628332375;10458;213;11243;11390;9.20;0.57;244.52;13.12;785;82;3897.00;147
10467;82;628332388;10467;219;11248;11390;9.21;0.57;244.57;13.12;781;82;3898.00;142
10469;82;628332401;10469;230;11251;11391;9.23;0.57;244.57;13.12;782;82;3899.00;140
10472;82;628332416;10472;241;11257;11406;9.16;0.56;244.58;13.13;785;82;3900.00;149
10473;82;628332434;10473;239;11259;11406;9.14;0.56;244.58;13.13;786;82;3901.00;147
10477;82;628332447;10477;246;11264;11406;8.96;0.55;244.58;13.17;787;82;3902.00;142
10479;82;628332458;10479;245;11267;11410;8.91;0.55;244.60;13.16;788;82;3903.00;143
10483;82;628332471;10483;252;11269;11410;8.75;0.54;244.60;13.17;786;82;3904.00;141
10489;82;628332483;10489;252;11271;11410;8.63;0.53;244.63;13.18;782;82;3905.00;139
10491;82;628332505;10491;260;11274;11413;8.54;0.53;244.62;13.18;783;82;3906.00;139
10498;82;628332517;10498;265;11276;11413;8.44;0.52;244.61;13.17;778;82;3907.00;137
10503;82;628332529;10503;269;11278;11413;8.34;0.51;244.62;13.19;775;82;3908.00;135
10504;82;628332541;10504;270;11281;11417;8.28;0.51;244.62;13.18;777;82;3909.00;136
10511;82;628332553;10511;257;11282;11418;8.24;0.51;244.60;13.18;771;82;3910.00;136
10514;82;628332565;10514;251;11283;11418;8.16;0.50;244.60;13.19;769;82;3911.00;135
10518;82;628332577;10518;251;11286;11422;8.20;0.50;244.63;13.19;768;82;3912.00;136
10522;82;628332589;10522;243;11287;11422;8.17;0.50;244.64;13.19;765;82;3913.00;135
10525;82;628332601;10525;239;11289;11422;8.16;0.50;244.66;13.20;764;82;3914.00;133
10528;82;628332613;10528;231;11291;11424;8.22;0.50;244.64;13.20;763;82;3915.00;133
10531;82;628332626;10531;223;11292;11424;8.23;0.51;244.65;13.21;761;82;3916.00;132
10534;82;628332640;10534;215;11295;11430;8.35;0.51;244.64;13.21;761;82;3917.00;135
10538;82;628332654;10538;211;11296;11430;8.37;0.51;244.65;13.22;758;82;3918.00;134
10540;82;628332666;10540;208;11297;11431;8.48;0.52;244.69;13.22;757;82;3919.00;134
10544;82;628332678;10544;203;11298;11431;8.60;0.53;244.70;13.22;754;82;3920.00;133
10549;82;628332689;10549;195;11298;11431;8.64;0.53;244.69;13.22;749;82;3921.00;133
10555;82;628332700;10555;191;11298;11431;8.67;0.53;244.73;13.22;743;82;3922.00;133
10559;82;628332711;10559;191;11298;11431;8.73;0.53;244.78;13.22;739;82;3923.00;133
10564;82;628332722;10564;189;11307;11443;8.85;0.54;244.84;13.21;743;82;3924.00;136
10570;82;628332740;10570;192;11308;11443;8.82;0.54;244.85;13.21;738;82;3925.00;135
10577;82;628332751;10577;187;11309;11443;8.79;0.53;244.89;13.21;732;82;3926.00;134
10579;82;628332762;10579;197;11309;11443;8.91;0.54;244.89;13.21;730;82;3927.00;134
10584;82;628332774;10584;193;11309;11443;8.96;0.54;244.89;13.21;725;82;3928.00;134
10587;82;628332786;10587;188;11309;11443;9.08;0.55;244.90;13.21;722;82;3929.00;134
10592;82;628332801;10592;193;11312;11447;9.09;0.55;244.97;13.21;720;82;3930.00;135
10596;82;628332814;10596;193;11315;11447;9.15;0.56;245.02;13.21;719;82;3931.00;132
10597;82;628332826;10597;194;11317;11451;9.24;0.56;245.04;13.21;720;82;3932.00;134
10601;82;628332839;10601;195;11318;11452;9.29;0.57;245.09;13.21;717;82;3933.00;134
10606;82;628332851;10606;194;11320;11452;9.28;0.57;245.10;13.21;714;82;3934.00;132
10609;82;628332863;10609;185;11321;11452;9.29;0.57;245.11;13.21;712;82;3935.00;131
10613;82;628332874;10613;185;11331;11465;9.36;0.57;245.10;13.20;718;82;3936.00;134
10620;82;628332886;10620;177;11333;11465;9.38;0.57;245.19;13.33;713;82;3937.00;132
10624;82;628332897;10624;184;11333;11465;9.41;0.58;245.23;13.33;709;82;3938.00;132
10629;82;628332908;10629;180;11335;11466;9.42;0.58;245.25;13.33;706;82;3939.00;131
10634;82;628332919;10634;182;11336;11467;9.45;0.58;245.24;13.33;702;82;3940.00;131
10635;82;628332930;10635;185;11337;11467;9.50;0.58;245.26;13.33;702;82;3941.00;130
10640;82;628332940;10640;189;11340;11470;9.50;0.58;245.30;13.32;700;82;3942.00;130
10647;82;628332952;10647;187;11341;11470;9.47;0.58;245.26;13.32;694;82;3943.00;129
10649;82;628332963;10649;189;11341;11470;9.48;0.58;245.26;13.32;692;82;3944.00;129
10654;82;628332974;10654;192;11342;11470;9.45;0.58;245.29;13.32;688;82;3945.00;128
10655;82;628332985;10655;193;11345;11476;9.43;0.58;245.27;13.32;690;82;3946.00;131
10661;82;628332996;10661;199;11346;11476;9.38;0.57;245.30;13.32;685;82;3947.00;130
10665;82;628333007;10665;203;11347;11476;9.35;0.57;245.33;13.32;682;82;3948.00;129
10668;82;628333019;10668;206;11348;11476;9.30;0.57;245.39;13.44;680;82;3949.00;128
10675;82;628333033;10675;207;11351;11480;9.22;0.56;245.40;13.44;676;82;3950.00;129
10676;82;628333046;10676;209;11352;11481;9.26;0.56;245.42;13.44;676;82;3951.00;129
10682;82;628333057;10682;207;11352;11481;9.16;0.56;245.45;13.44;670;82;3952.00;129
10685;82;628333068;10685;218;11353;11482;9.14;0.56;245.49;13.44;668;82;3953.00;129
10687;82;628333078;10687;219;11353;11482;9.14;0.56;245.49;13.44;666;82;3954.00;129
10692;82;628333088;10692;223;11353;11482;9.04;0.55;245.49;13.44;661;82;3955.00;129
10695;82;628333099;10695;228;11353;11482;8.95;0.54;245.46;13.44;658;82;3956.00;129
10696;82;628333109;10696;220;11353;11482;8.90;0.54;245.48;13.44;657;82;3957.00;129
10700;82;628333118;10700;216;11353;11482;8.75;0.53;245.52;13.44;653;82;3958.00;129
10701;82;628333129;10701;213;11353;11482;8.73;0.53;245.53;13.44;652;82;3959.00;129
10707;82;628333140;10707;234;11420;11607;8.55;0.53;245.53;13.36;713;82;3960.00;187
10712;82;628333159;10712;221;11423;11608;8.52;0.52;245.63;13.35;711;82;3961.00;185
10716;82;628333170;10716;214;11430;11608;8.61;0.53;245.66;13.35;714;82;3962.00;178
10718;82;628333185;10718;212;11432;11608;8.70;0.54;245.66;13.34;714;82;3963.00;176
10721;82;628333197;10721;211;11435;11608;8.77;0.54;245.68;13.34;714;82;3964.00;173
10724;82;628333208;10724;213;11439;11608;8.91;0.55;245.69;13.34;715;82;3965.00;169
10724;82;628333219;10724;199;11444;11608;9.09;0.56;245.69;13.34;720;82;3966.00;164
10728;82;628333229;10728;194;11445;11608;9.15;0.56;245.71;13.34;717;82;3967.00;163
10730;82;628333239;10730;191;11450;11609;9.25;0.57;245.71;13.33;720;82;3968.00;159
10732;82;628333251;10732;189;11454;11610;9.23;0.57;245.74;13.33;722;82;3969.00;156
10736;83;628333262;10736;179;11456;11610;9.25;0.57;245.75;13.33;720;83;3970.00;154
10741;83;628333286;10741;172;11459;11614;9.34;0.57;245.71;13.33;718;83;3971.00;155
10746;83;628333302;10746;179;11461;11614;9.34;0.57;245.74;13.33;715;83;3972.00;153
10749;83;628333319;10749;180;11462;11614;9.38;0.57;245.75;13.33;713;83;3973.00;152
10750;83;628333330;10750;181;11462;11614;9.43;0.58;245.77;13.33;712;83;3974.00;152
10751;83;628333346;10751;181;11466;11620;9.48;0.58;245.77;13.32;715;83;3975.00;154
10752;83;628333358;10752;181;11467;11620;9.56;0.58;245.76;13.32;715;83;3976.00;153
10755;84;628333370;10755;180;11468;11620;9.61;0.59;245.82;13.32;713;84;3977.00;152
10758;84;628333393;10758;174;11470;11623;9.63;0.59;245.81;13.32;712;84;3978.00;153
10760;84;628333406;10760;176;11470;11623;9.67;0.59;245.79;13.32;710;84;3979.00;153
10763;84;628333417;10763;172;11471;11623;9.78;0.60;245.76;13.32;708;84;3980.00;152
10765;84;628333430;10765;170;11471;11624;9.87;0.60;245.74;13.32;706;84;3981.00;153
10765;84;628333442;10765;172;11472;11625;9.97;0.61;245.74;13.32;707;84;3982.00;153
10770;84;628333452;10770;174;11472;11625;10.00;0.61;245.70;13.32;702;84;3983.00;153
10772;84;628333464;10772;174;11482;11638;10.08;0.62;245.75;13.31;710;84;3984.00;156
10774;84;628333476;10774;178;11482;11638;10.04;0.61;245.74;13.31;708;84;3985.00;156
10778;84;628333485;10778;181;11482;11638;10.09;0.62;245.72;13.31;704;84;3986.00;156
10782;84;628333495;10782;182;11483;11639;10.14;0.62;245.72;13.30;701;84;3987.00;156
10784;84;628333506;10784;184;11483;11639;10.20;0.62;245.71;13.30;699;84;3988.00;156
10787;84;628333517;10787;190;11486;11643;10.19;0.62;245.67;13.30;699;84;3989.00;157
10791;84;628333531;10791;193;11486;11643;10.16;0.62;245.66;13.30;695;84;3990.00;157
10791;84;628333543;10791;196;11490;11647;10.15;0.62;245.66;13.30;699;84;3991.00;157
10792;84;628333554;10792;197;11491;11647;10.12;0.62;245.64;13.42;699;84;3992.00;156
10793;84;628333565;10793;201;11491;11647;10.14;0.62;245.66;13.42;698;84;3993.00;156
10794;84;628333575;10794;206;11491;11647;10.16;0.62;245.66;13.42;697;84;3994.00;156
10796;84;628333588;10796;207;11491;11647;10.12;0.62;245.64;13.42;695;84;3995.00;156
10799;84;628333598;10799;204;11500;11659;10.13;0.62;245.62;13.41;701;84;3996.00;159
10800;84;628333610;10800;201;11501;11659;10.16;0.62;245.61;13.41;701;84;3997.00;158
10806;84;628333623;10806;200;11502;11659;10.24;0.63;245.56;13.41;696;84;3998.00;157
10808;84;628333636;10808;203;11502;11659;10.31;0.63;245.55;13.41;694;84;3999.00;157
10812;85;628333653;10812;201;11502;11659;10.35;0.63;245.53;13.41;690;85;4000.00;157
10814;85;628333687;10814;200;11502;11659;10.37;0.63;245.49;13.41;688;85;4001.00;157
10815;85;628333708;10815;201;11502;11660;10.34;0.63;245.50;13.41;687;85;4002.00;158
10819;85;628333724;10819;193;11502;11660;10.31;0.63;245.44;13.41;683;85;4003.00;158
10821;85;628333748;10821;195;11506;11666;10.34;0.63;245.42;13.41;685;85;4004.00;160
10822;85;628333762;10822;197;11509;11668;10.40;0.63;245.42;13.40;687;85;4005.00;159
10824;85;628333774;10824;202;11509;11668;10.38;0.63;245.42;13.40;685;85;4006.00;159
10824;85;628333786;10824;205;11510;11668;10.44;0.64;245.42;13.53;686;85;4007.00;158
10827;85;628333801;10827;205;11513;11672;10.43;0.64;245.39;13.53;686;85;4008.00;159
10832;85;628333813;10832;203;11513;11672;10.31;0.63;245.36;13.53;681;85;4009.00;159
10835;85;628333824;10835;200;11514;11672;10.26;0.62;245.36;13.66;679;85;4010.00;158
10839;85;628333837;10839;204;11515;11673;10.28;0.62;245.34;13.66;676;85;4011.00;158
10841;85;628333851;10841;204;11518;11677;10.30;0.63;245.33;13.65;677;85;4012.00;159
10843;85;628333862;10843;204;11519;11677;10.35;0.63;245.33;13.78;676;85;4013.00;158
10844;85;628333872;10844;201;11522;11680;10.40;0.63;245.32;13.80;678;85;4014.00;158
10849;85;628333891;10849;196;11524;11680;10.32;0.63;245.27;13.81;675;85;4015.00;156
10851;85;628333901;10851;194;11525;11680;10.34;0.63;245.25;13.94;674;85;4016.00;155
10853;85;628333911;10853;196;11525;11680;10.44;0.63;245.29;13.94;672;85;4017.00;155
10855;85;628333922;10855;199;11529;11684;10.48;0.63;245.27;14.07;674;85;4018.00;155
10858;85;628333937;10858;181;11529;11684;10.57;0.64;245.25;14.07;671;85;4019.00;155
10859;85;628333952;10859;171;11531;11684;10.65;0.65;245.24;14.20;672;85;4020.00;153
10860;85;628333973;10860;157;11531;11684;10.79;0.66;245.29;14.20;671;85;4021.00;153
10863;85;628333983;10863;150;11531;11685;10.96;0.67;245.27;14.20;668;85;4022.00;154
10864;85;628333996;10864;137;11532;11686;11.09;0.67;245.27;14.19;668;85;4023.00;154
10865;85;628334009;10865;132;11532;11686;11.25;0.68;245.27;14.19;667;85;4024.00;154
10866;85;628334021;10866;124;11533;11687;11.28;0.68;245.26;14.19;667;85;4025.00;154
10867;85;628334047;10867;119;11533;11687;11.32;0.69;245.25;14.19;666;85;4026.00;154
10869;85;628334059;10869;118;11534;11687;11.39;0.69;245.22;14.20;665;85;4027.00;153
10874;85;628334072;10874;115;11534;11687;11.38;0.69;245.21;14.20;660;85;4028.00;153
10874;85;628334085;10874;116;11534;11687;11.36;0.69;245.21;14.20;660;85;4029.00;153
10875;85;628334097;10875;117;11534;11687;11.35;0.69;245.21;14.20;659;85;4030.00;153
10878;85;628334108;10878;114;11534;11687;11.31;0.68;245.23;14.20;656;85;4031.00;153
10878;85;628334120;10878;130;11597;11814;11.14;0.68;245.23;14.12;719;85;4032.00;217
10879;85;628334145;10879;126;11600;11815;11.07;0.68;245.23;14.12;721;85;4033.00;215
10879;85;628334157;10879;122;11608;11815;11.03;0.67;245.23;14.11;729;85;4034.00;207
10881;85;628334169;10881;121;11616;11815;11.00;0.67;245.23;14.10;735;85;4035.00;199
10882;85;628334182;10882;120;11622;11815;10.94;0.67;245.21;14.09;740;85;4036.00;193
10882;85;628334194;10882;132;11628;11815;10.94;0.67;245.21;14.10;746;85;4037.00;187
10882;85;628334206;10882;135;11633;11815;10.91;0.67;245.21;14.10;751;85;4038.00;182
10884;85;628334221;10884;141;11636;11815;10.82;0.66;245.18;14.09;752;85;4039.00;179
10888;85;628334236;10888;144;11639;11816;10.74;0.66;245.17;14.10;751;85;4040.00;177
10893;85;628334252;10893;145;11644;11817;10.66;0.65;245.15;14.12;751;85;4041.00;173
10895;85;628334265;10895;154;11645;11817;10.55;0.65;245.13;14.12;750;85;4042.00;172
10895;85;628334276;10895;163;11650;11818;10.50;0.64;245.13;14.14;755;85;4043.00;168
10897;85;628334288;10897;175;11651;11818;10.42;0.64;245.11;14.14;754;85;4044.00;167
10900;85;628334300;10900;181;11654;11818;10.33;0.63;245.11;14.15;754;85;4045.00;164
10900;85;628334312;10900;190;11655;11818;10.18;0.62;245.11;14.15;755;85;4046.00;163
10904;86;628334323;10904;194;11661;11822;10.07;0.62;245.17;14.18;757;86;4047.00;161
10907;86;628334350;10907;198;11663;11822;9.93;0.61;245.16;14.19;756;86;4048.00;159
10910;86;628334362;10910;210;11664;11822;9.77;0.60;245.16;14.21;754;86;4049.00;158
10913;86;628334380;10913;220;11669;11828;9.66;0.59;245.19;14.22;756;86;4050.00;159
10914;86;628334392;10914;228;11670;11828;9.60;0.59;245.21;14.24;756;86;4051.00;158
10916;86;628334403;10916;234;11671;11828;9.50;0.58;245.24;14.24;755;86;4052.00;157
10918;86;628334413;10918;242;11676;11832;9.39;0.57;245.24;14.27;758;86;4053.00;156
10920;86;628334424;10920;248;11678;11833;9.36;0.57;245.25;14.27;758;86;4054.00;155
10924;86;628334438;10924;260;11678;11833;9.29;0.57;245.21;14.27;754;86;4055.00;155
10927;86;628334456;10927;263;11684;11837;9.29;0.57;245.18;14.30;757;86;4056.00;153
10928;86;628334468;10928;270;11684;11837;9.26;0.57;245.17;14.30;756;86;4057.00;153
10933;86;628334479;10933;274;11687;11837;9.10;0.56;245.14;14.33;754;86;4058.00;150
10934;86;628334490;10934;268;11688;11838;8.98;0.55;245.13;14.33;754;86;4059.00;150
10937;86;628334502;10937;262;11691;11838;8.88;0.54;245.12;14.35;754;86;4060.00;147
10941;86;628334512;10941;261;11694;11844;8.83;0.54;245.11;14.35;753;86;4061.00;150
10944;86;628334523;10944;258;11697;11844;8.76;0.54;245.10;14.38;753;86;4062.00;147
10946;86;628334534;10946;258;11698;11845;8.74;0.53;245.08;14.38;752;86;4063.00;147
10949;86;628334544;10949;255;11699;11845;8.67;0.53;245.06;14.38;750;86;4064.00;146
10952;86;628334553;10952;252;11701;11845;8.64;0.53;245.07;14.40;749;86;4065.00;144
10955;86;628334564;10955;251;11701;11845;8.63;0.53;245.04;14.40;746;86;4066.00;144
10959;86;628334574;10959;251;11701;11845;8.60;0.53;245.06;14.40;742;86;4067.00;144
10961;86;628334583;10961;252;11714;11857;8.67;0.53;245.09;14.43;753;86;4068.00;143
10963;86;628334595;10963;250;11714;11857;8.74;0.53;245.09;14.43;751;86;4069.00;143
10964;86;628334606;10964;255;11717;11857;8.72;0.53;245.09;14.45;753;86;4070.00;140
10967;86;628334616;10967;255;11717;11857;8.69;0.53;245.07;14.45;750;86;4071.00;140
10969;86;628334625;10969;252;11719;11857;8.60;0.53;245.09;14.47;750;86;4072.00;138
10972;86;628334635;10972;244;11719;11857;8.52;0.52;245.12;14.47;747;86;4073.00;138
10978;86;628334646;10978;248;11722;11861;8.44;0.52;245.13;14.46;744;86;4074.00;139
10980;86;628334657;10980;251;11724;11861;8.42;0.52;245.12;14.48;744;86;4075.00;137
10984;86;628334666;10984;249;11727;11865;8.41;0.52;245.12;14.48;743;86;4076.00;138
10986;86;628334682;10986;254;11729;11866;8.31;0.51;245.16;14.49;743;86;4077.00;137
10990;86;628334692;10990;251;11731;11866;8.20;0.50;245.14;14.50;741;86;4078.00;135
10996;86;628334701;10996;255;11733;11866;8.05;0.50;245.14;14.52;737;86;4079.00;133
10999;86;628334711;10999;259;11751;11895;7.95;0.49;245.17;14.50;752;86;4080.00;144
11005;86;628334723;11005;256;11752;11895;7.91;0.49;245.17;14.50;747;86;4081.00;143
11010;86;628334733;11010;255;11756;11895;7.88;0.49;245.20;14.51;746;86;4082.00;139
11016;86;628334743;11016;254;11760;11896;7.89;0.48;245.23;14.51;744;86;4083.00;136
11020;86;628334753;11020;246;11763;11897;7.99;0.49;245.25;14.52;743;86;4084.00;134
11025;86;628334762;11025;240;11764;11897;8.09;0.50;245.28;14.53;739;86;4085.00;133
11029;86;628334775;11029;238;11768;11900;8.15;0.50;245.31;14.53;739;86;4086.00;132
11032;86;628334784;11032;232;11768;11900;8.27;0.51;245.33;14.53;736;86;4087.00;132
11037;86;628334794;11037;220;11769;11900;8.34;0.51;245.34;14.54;732;86;4088.00;131
11041;86;628334809;11041;214;11769;11900;8.40;0.51;245.36;14.54;728;86;4089.00;131
11045;86;628334820;11045;214;11773;11906;8.57;0.52;245.38;14.53;728;86;4090.00;133
11050;86;628334832;11050;208;11773;11906;8.65;0.53;245.42;14.53;723;86;4091.00;133
11051;86;628334842;11051;209;11774;11906;8.76;0.54;245.43;14.53;723;86;4092.00;132
11055;86;628334852;11055;211;11774;11906;8.92;0.54;245.42;14.53;719;86;4093.00;132
11060;86;628334861;11060;207;11777;11910;8.98;0.55;245.45;14.53;717;86;4094.00;133
11065;86;628334872;11065;200;11779;11912;9.07;0.55;245.45;14.52;714;86;4095.00;133
11068;86;628334882;11068;194;11779;11912;9.17;0.56;245.46;14.52;711;86;4096.00;133
11071;86;628334893;11071;196;11780;11913;9.27;0.57;245.48;14.52;709;86;4097.00;133
11076;86;628334902;11076;203;11780;11913;9.32;0.57;245.49;14.52;704;86;4098.00;133
11081;86;628334913;11081;202;11780;11913;9.39;0.57;245.48;14.52;699;86;4099.00;133
11085;86;628334924;11085;204;11780;11913;9.39;0.57;245.50;14.52;695;86;4100.00;133
11088;86;628334942;11088;203;11780;11913;9.47;0.58;245.46;14.52;692;86;4101.00;133
11092;86;628334955;11092;203;11780;11913;9.57;0.58;245.52;14.52;688;86;4102.00;133
11096;86;628334967;11096;199;11781;11913;9.58;0.58;245.48;14.66;685;86;4103.00;132
11099;86;628334983;11099;211;11820;11983;9.42;0.58;245.49;14.61;721;86;4104.00;163
11103;86;628335001;11103;209;11820;11984;9.37;0.57;245.48;14.61;717;86;4105.00;164
11107;86;628335011;11107;204;11826;11984;9.49;0.58;245.46;14.60;719;86;4106.00;158
11109;86;628335022;11109;201;11829;11984;9.57;0.58;245.48;14.60;720;86;4107.00;155
11115;86;628335032;11115;208;11832;11984;9.63;0.59;245.53;14.60;717;86;4108.00;152
11118;86;628335043;11118;207;11836;11984;9.72;0.59;245.61;14.59;718;86;4109.00;148
11123;86;628335055;11123;208;11841;11984;9.70;0.59;245.59;14.59;718;86;4110.00;143
11129;86;628335065;11129;211;11842;11984;9.53;0.58;245.59;14.59;713;86;4111.00;142
11132;86;628335076;11132;214;11844;11985;9.44;0.58;245.61;14.59;712;86;4112.00;141
11136;86;628335085;11136;215;11846;11986;9.44;0.58;245.63;14.59;710;86;4113.00;140
11137;86;628335096;11137;217;11846;11986;9.37;0.57;245.63;14.59;709;86;4114.00;140
11140;86;628335106;11140;221;11848;11990;9.33;0.57;245.60;14.58;708;86;4115.00;142
11142;86;628335116;11142;228;11848;11990;9.24;0.56;245.63;14.58;706;86;4116.00;142
11147;86;628335126;11147;231;11848;11990;9.14;0.56;245.67;14.58;701;86;4117.00;142
11149;86;628335137;11149;230;11848;11990;9.23;0.56;245.68;14.58;699;86;4118.00;142
11150;86;628335146;11150;241;11852;11996;9.27;0.57;245.68;14.58;702;86;4119.00;144
11155;86;628335157;11155;241;11853;11996;9.24;0.56;245.71;14.58;698;86;4120.00;143
11159;86;628335167;11159;244;11855;11996;9.23;0.56;245.71;14.58;696;86;4121.00;141
11163;86;628335185;11163;243;11857;11999;9.22;0.56;245.72;14.58;694;86;4122.00;142
11167;86;628335196;11167;245;11859;11999;9.19;0.56;245.76;14.57;692;86;4123.00;140
11171;86;628335206;11171;250;11859;11999;9.17;0.56;245.76;14.57;688;86;4124.00;140
11175;86;628335218;11175;254;11860;12000;9.08;0.55;245.85;14.57;685;86;4125.00;140
11180;86;628335228;11180;257;11861;12001;8.96;0.54;245.83;14.57;681;86;4126.00;140
11182;86;628335237;11182;252;11861;12001;8.86;0.54;245.86;14.57;679;86;4127.00;140
11184;86;628335248;11184;247;11872;12014;8.80;0.54;245.87;14.56;688;86;4128.00;142
11185;87;628335259;11185;248;11872;12014;8.72;0.53;245.87;14.56;687;87;4129.00;142
11187;87;628335280;11187;248;11872;12014;8.60;0.52;245.87;14.56;685;87;4130.00;142
11187;88;628335290;11187;254;11873;12015;8.53;0.52;245.87;14.56;686;88;4131.00;142
11188;88;628335315;11188;253;11873;12015;8.49;0.52;245.92;14.56;685;88;4132.00;142
11192;89;628335324;11192;257;11876;12019;8.53;0.52;245.89;14.55;684;89;4133.00;143
11196;89;628335349;11196;264;11876;12019;8.52;0.52;245.89;14.55;680;89;4134.00;143
11196;89;628335359;11196;265;11880;12023;8.50;0.52;245.89;14.55;684;89;4135.00;143
11196;89;628335369;11196;261;11880;12023;8.49;0.52;245.89;14.55;684;89;4136.00;143
11198;89;628335378;11198;251;11880;12023;8.50;0.52;245.90;14.55;682;89;4137.00;143
11199;89;628335389;11199;247;11880;12023;8.52;0.52;245.90;14.55;681;89;4138.00;143
11203;89;628335398;11203;235;11880;12023;8.55;0.52;245.91;14.55;677;89;4139.00;143
11203;89;628335410;11203;234;11904;12057;8.61;0.53;245.91;14.52;701;89;4140.00;153
11205;89;628335421;11205;226;11905;12057;8.65;0.53;245.88;14.52;700;89;4141.00;152
11207;89;628335432;11207;221;11906;12057;8.71;0.53;245.88;14.52;699;89;4142.00;151
11207;89;628335442;11207;214;11906;12057;8.85;0.54;245.88;14.52;699;89;4143.00;151
11208;89;628335451;11208;212;11907;12057;8.96;0.55;245.89;14.52;699;89;4144.00;150
11213;89;628335461;11213;212;11907;12057;9.02;0.55;245.90;14.52;694;89;4145.00;150
11217;89;628335472;11217;207;11908;12058;9.07;0.56;245.85;14.52;691;89;4146.00;150
11219;90;628335483;11219;202;11908;12058;9.10;0.56;245.86;14.52;689;90;4147.00;150
11219;90;628335503;11219;202;11912;12064;9.08;0.56;245.86;14.51;693;90;4148.00;152
11224;90;628335513;11224;199;11913;12065;9.05;0.55;245.82;14.51;689;90;4149.00;152
11226;90;628335522;11226;200;11914;12065;9.03;0.55;245.81;14.51;688;90;4150.00;151
11228;90;628335532;11228;203;11914;12065;8.96;0.55;245.77;14.51;686;90;4151.00;151
11231;90;628335541;11231;201;11918;12069;8.95;0.55;245.73;14.51;687;90;4152.00;151
11231;90;628335551;11231;204;11918;12069;8.98;0.55;245.73;14.51;687;90;4153.00;151
11232;90;628335560;11232;208;11918;12069;8.94;0.55;245.72;14.51;686;90;4154.00;151
11234;90;628335575;11234;207;11919;12070;8.87;0.54;245.71;14.51;685;90;4155.00;151
11237;90;628335584;11237;215;11922;12074;8.92;0.55;245.68;14.50;685;90;4156.00;152
11240;91;628335599;11240;218;11922;12074;8.99;0.55;245.65;14.50;682;91;4157.00;152
11241;91;628335618;11241;220;11924;12077;9.11;0.56;245.64;14.50;683;91;4158.00;153
11242;91;628335627;11242;224;11924;12077;9.17;0.56;245.63;14.50;682;91;4159.00;153
11244;91;628335647;11244;225;11925;12077;9.28;0.57;245.62;14.50;681;91;4160.00;152
11246;91;628335661;11246;227;11925;12077;9.32;0.57;245.60;14.50;679;91;4161.00;152
11249;91;628335675;11249;229;11928;12081;9.43;0.57;245.58;14.50;679;91;4162.00;153
11253;91;628335690;11253;229;11928;12081;9.48;0.58;245.56;14.50;675;91;4163.00;153
11254;92;628335704;11254;230;11929;12081;9.57;0.58;245.61;14.49;675;92;4164.00;152
11254;92;628335744;11254;232;11929;12081;9.63;0.59;245.61;14.49;675;92;4165.00;152
11255;93;628335756;11255;233;11929;12082;9.68;0.59;245.62;14.49;674;93;4166.00;153
11257;93;628335788;11257;229;11930;12083;9.65;0.59;245.60;14.49;673;93;4167.00;153
11257;93;628335798;11257;234;11930;12083;9.61;0.58;245.60;14.49;673;93;4168.00;153
11261;93;628335806;11261;231;11931;12084;9.52;0.58;245.57;14.49;670;93;4169.00;153
11263;93;628335819;11263;229;11931;12084;9.52;0.58;245.56;14.49;668;93;4170.00;153
11266;93;628335830;11266;215;11931;12084;9.52;0.58;245.58;14.49;665;93;4171.00;153
11267;93;628335840;11267;202;11931;12084;9.58;0.58;245.58;14.49;664;93;4172.00;153
11268;93;628335850;11268;191;11934;12086;9.67;0.58;245.58;14.63;666;93;4173.00;152
11269;93;628335860;11269;179;11934;12086;9.74;0.59;245.58;14.63;665;93;4174.00;152
11269;93;628335870;11269;173;11934;12086;9.86;0.60;245.58;14.63;665;93;4175.00;152
11270;93;628335879;11270;193;12001;12213;9.78;0.60;245.57;14.55;731;93;4176.00;212
11270;93;628335898;11270;171;12002;12214;9.86;0.61;245.57;14.54;732;93;4177.00;212
11274;93;628335909;11274;162;12007;12214;9.97;0.61;245.55;14.54;733;93;4178.00;207
11276;94;628335919;11276;155;12009;12214;10.08;0.62;245.52;14.54;733;94;4179.00;205
11277;94;628335946;11277;151;12014;12214;10.22;0.63;245.51;14.53;737;94;4180.00;200
11279;94;628335956;11279;149;12018;12214;10.26;0.63;245.50;14.53;739;94;4181.00;196
11280;94;628335972;11280;147;12020;12214;10.30;0.63;245.49;14.53;740;94;4182.00;194
11281;95;628335994;11281;146;12026;12214;10.45;0.64;245.49;14.52;745;95;4183.00;188
11283;95;628336021;11283;138;12031;12215;10.56;0.64;245.49;14.52;748;95;4184.00;184
11285;95;628336032;11285;140;12037;12217;10.64;0.65;245.48;14.55;752;95;4185.00;180
11287;95;628336046;11287;139;12039;12217;10.73;0.65;245.47;14.55;752;95;4186.00;178
11289;95;628336056;11289;138;12043;12218;10.76;0.66;245.51;14.55;754;95;4187.00;175
11290;95;628336073;11290;135;12046;12218;10.77;0.66;245.50;14.68;756;95;4188.00;172
11292;95;628336090;11292;136;12046;12218;10.79;0.66;245.49;14.68;754;95;4189.00;172
11293;95;628336100;11293;133;12047;12218;10.77;0.66;245.49;14.68;754;95;4190.00;171
11296;95;628336111;11296;132;12052;12222;10.66;0.65;245.48;14.81;756;95;4191.00;170
11298;95;628336122;11298;132;12053;12222;10.66;0.65;245.45;14.81;755;95;4192.00;169
11304;95;628336134;11304;135;12054;12222;10.61;0.65;245.52;14.81;750;95;4193.00;168
11305;95;628336146;11305;139;12058;12225;10.63;0.65;245.51;14.94;753;95;4194.00;167
11309;95;628336158;11309;141;12059;12225;10.64;0.65;245.50;14.94;750;95;4195.00;166
11312;95;628336170;11312;142;12062;12225;10.61;0.65;245.48;15.07;750;95;4196.00;163
11315;95;628336188;11315;146;12065;12229;10.55;0.64;245.46;15.07;750;95;4197.00;164
11316;95;628336202;11316;145;12066;12230;10.59;0.65;245.44;15.06;750;95;4198.00;164
11321;95;628336214;11321;147;12067;12230;10.62;0.65;245.43;15.07;746;95;4199.00;163
11323;95;628336231;11323;155;12076;12264;10.63;0.65;245.43;15.06;753;95;4200.00;188
11327;95;628336254;11327;155;12078;12264;10.60;0.64;245.45;15.05;751;95;4201.00;186
11331;95;628336266;11331;150;12081;12264;10.53;0.64;245.47;15.05;750;95;4202.00;183
11331;95;628336277;11331;154;12082;12265;10.58;0.64;245.47;15.05;751;95;4203.00;183
11334;95;628336288;11334;156;12083;12265;10.61;0.64;245.47;15.05;749;95;4204.00;182
11338;95;628336299;11338;162;12086;12271;10.62;0.65;245.47;15.05;748;95;4205.00;185
11340;95;628336312;11340;171;12089;12271;10.56;0.64;245.45;15.05;749;95;4206.00;182
11341;95;628336324;11341;171;12090;12272;10.49;0.64;245.48;15.05;749;95;4207.00;182
11344;95;628336335;11344;176;12091;12272;10.42;0.63;245.51;15.05;747;95;4208.00;181
11345;95;628336347;11345;183;12091;12272;10.37;0.63;245.52;15.05;746;95;4209.00;181
11348;95;628336358;11348;184;12092;12272;10.34;0.63;245.50;15.07;744;95;4210.00;180
11350;95;628336369;11350;191;12093;12272;10.33;0.63;245.52;15.06;743;95;4211.00;179
11354;95;628336381;11354;197;12103;12284;10.27;0.63;245.52;15.05;749;95;4212.00;181
11356;95;628336400;11356;204;12107;12284;10.22;0.62;245.51;15.09;751;95;4213.00;177
11358;95;628336412;11358;203;12107;12284;10.17;0.62;245.55;15.09;749;95;4214.00;177
11360;95;628336424;11360;204;12108;12284;10.07;0.61;245.56;15.10;748;95;4215.00;176
11365;95;628336435;11365;203;12109;12284;9.90;0.60;245.60;15.12;744;95;4216.00;175
11367;95;628336447;11367;209;12111;12284;9.87;0.60;245.57;15.13;744;95;4217.00;173
11369;95;628336458;11369;218;12117;12288;9.72;0.59;245.60;15.14;748;95;4218.00;171
11373;95;628336472;11373;219;12119;12288;9.64;0.59;245.64;15.17;746;95;4219.00;169
11373;95;628336483;11373;221;12122;12292;9.65;0.59;245.64;15.18;749;95;4220.00;170
11375;95;628336494;11375;222;12124;12293;9.56;0.58;245.62;15.20;749;95;4221.00;169
11377;95;628336505;11377;229;12124;12293;9.54;0.58;245.65;15.20;747;95;4222.00;169
11381;95;628336516;11381;232;12127;12293;9.47;0.58;245.67;15.21;746;95;4223.00;166
11384;95;628336527;11384;238;12137;12306;9.34;0.57;245.65;15.23;753;95;4224.00;169
11390;95;628336539;11390;235;12137;12306;9.30;0.56;245.60;15.23;747;95;4225.00;169
11391;95;628336549;11391;241;12139;12306;9.19;0.56;245.60;15.26;748;95;4226.00;167
11394;95;628336559;11394;246;12140;12307;9.10;0.55;245.63;15.26;746;95;4227.00;167
11396;95;628336570;11396;252;12143;12308;9.03;0.55;245.61;15.28;747;95;4228.00;165
11400;95;628336581;11400;253;12146;12308;8.99;0.55;245.68;15.30;746;95;4229.00;162
11403;95;628336600;11403;253;12150;12314;8.93;0.54;245.70;15.30;747;95;4230.00;164
11404;95;628336611;11404;250;12151;12314;8.87;0.54;245.70;15.30;747;95;4231.00;163
11405;95;628336622;11405;248;12153;12314;8.82;0.54;245.69;15.33;748;95;4232.00;161
11409;95;628336634;11409;246;12155;12314;8.79;0.54;245.73;15.34;746;95;4233.00;159
11410;95;628336649;11410;248;12159;12320;8.85;0.54;245.72;15.35;749;95;4234.00;161
11414;95;628336660;11414;248;12159;12320;8.87;0.54;245.74;15.35;745;95;4235.00;161
11416;95;628336671;11416;245;12161;12320;8.87;0.54;245.75;15.37;745;95;4236.00;159
11417;95;628336681;11417;246;12161;12320;8.92;0.55;245.74;15.37;744;95;4237.00;159
11421;95;628336691;11421;242;12165;12324;8.87;0.54;245.75;15.36;744;95;4238.00;159
11423;95;628336701;11423;238;12168;12325;8.92;0.55;245.75;15.38;745;95;4239.00;157
11426;95;628336711;11426;236;12168;12325;8.90;0.54;245.72;15.38;742;95;4240.00;157
11430;95;628336721;11430;233;12169;12326;8.80;0.54;245.72;15.38;739;95;4241.00;157
11433;95;628336730;11433;239;12171;12326;8.70;0.53;245.72;15.40;738;95;4242.00;155
11437;95;628336739;11437;244;12171;12326;8.66;0.53;245.71;15.40;734;95;4243.00;155
11441;95;628336749;11441;248;12174;12326;8.55;0.52;245.71;15.42;733;95;4244.00;152
11447;95;628336758;11447;247;12175;12326;8.43;0.52;245.68;15.43;728;95;4245.00;151
11454;95;628336768;11454;250;12175;12326;8.26;0.51;245.67;15.43;721;95;4246.00;151
11458;95;628336778;11458;251;12176;12326;8.07;0.50;245.65;15.44;718;95;4247.00;150
11461;95;628336787;11461;263;12213;12396;8.05;0.50;245.66;15.39;752;95;4248.00;183
11467;95;628336801;11467;262;12213;12397;7.91;0.49;245.65;15.39;746;95;4249.00;184
11470;95;628336811;11470;247;12223;12397;7.82;0.48;245.68;15.41;753;95;4250.00;174
11473;95;628336821;11473;243;12228;12397;7.75;0.48;245.68;15.40;755;95;4251.00;169
11479;95;628336829;11479;249;12235;12397;7.65;0.47;245.72;15.42;756;95;4252.00;162
11483;95;628336839;11483;254;12237;12397;7.66;0.47;245.72;15.42;754;95;4253.00;160
11489;95;628336848;11489;256;12239;12397;7.67;0.47;245.71;15.42;750;95;4254.00;158
11493;95;628336858;11493;258;12243;12397;7.60;0.47;245.77;15.43;750;95;4255.00;154
11496;95;628336866;11496;260;12245;12398;7.65;0.47;245.78;15.43;749;95;4256.00;153
11500;95;628336876;11500;252;12250;12399;7.68;0.47;245.77;15.45;750;95;4257.00;149
11504;95;628336885;11504;248;12252;12399;7.63;0.47;245.79;15.45;748;95;4258.00;147
11509;95;628336894;11509;246;12254;12403;7.62;0.47;245.82;15.44;745;95;4259.00;149
11512;95;628336906;11512;243;12254;12403;7.69;0.47;245.82;15.44;742;95;4260.00;149
11515;95;628336916;11515;244;12258;12403;7.73;0.48;245.84;15.46;743;95;4261.00;145
11519;95;628336925;11519;245;12258;12403;7.79;0.48;245.85;15.46;739;95;4262.00;145
11524;95;628336934;11524;251;12263;12409;7.76;0.48;245.92;15.46;739;95;4263.00;146
11529;95;628336945;11529;255;12264;12409;7.84;0.48;245.95;15.46;735;95;4264.00;145
11534;95;628336954;11534;246;12266;12409;7.89;0.48;245.98;15.46;732;95;4265.00;143
11538;95;628336964;11538;244;12268;12412;8.00;0.49;245.98;15.46;730;95;4266.00;144
11544;95;628336974;11544;249;12269;12412;8.03;0.49;245.97;15.46;725;95;4267.00;143
11547;95;628336984;11547;250;12271;12412;8.14;0.50;245.93;15.46;724;95;4268.00;141
11551;95;628336993;11551;250;12271;12413;8.10;0.50;245.96;15.46;720;95;4269.00;142
11555;95;628337008;11555;237;12273;12414;8.09;0.49;245.99;15.46;718;95;4270.00;141
11560;95;628337018;11560;235;12273;12414;8.03;0.49;246.00;15.46;713;95;4271.00;141
11566;95;628337027;11566;233;12286;12427;7.95;0.48;246.01;15.45;720;95;4272.00;141
11569;95;628337044;11569;237;12287;12427;7.95;0.48;246.01;15.45;718;95;4273.00;140
11574;95;628337053;11574;232;12287;12427;7.94;0.48;245.97;15.45;713;95;4274.00;140
11577;95;628337063;11577;237;12291;12429;7.99;0.49;245.97;15.45;714;95;4275.00;138
11580;95;628337073;11580;240;12292;12429;8.14;0.50;245.98;15.45;712;95;4276.00;137
11582;95;628337082;11582;241;12295;12433;8.19;0.50;246.01;15.44;713;95;4277.00;138
11585;95;628337099;11585;241;12295;12433;8.24;0.50;245.99;15.44;710;95;4278.00;138
11591;95;628337108;11591;244;12299;12437;8.25;0.50;246.00;15.44;708;95;4279.00;138
11596;95;628337119;11596;249;12300;12437;8.28;0.50;246.08;15.44;704;95;4280.00;137
11600;95;628337129;11600;246;12300;12437;8.28;0.50;246.10;15.44;700;95;4281.00;137
11603;95;628337139;11603;244;12300;12437;8.30;0.51;246.07;15.44;697;95;4282.00;137
11608;95;628337149;11608;244;12300;12437;8.20;0.50;246.10;15.44;692;95;4283.00;137
11610;95;628337159;11610;247;12311;12449;8.22;0.50;246.08;15.42;701;95;4284.00;138
11612;95;628337169;11612;251;12311;12449;8.26;0.50;246.06;15.42;699;95;4285.00;138
11616;95;628337178;11616;254;12311;12449;8.29;0.51;246.08;15.42;695;95;4286.00;138
11616;95;628337188;11616;259;12311;12449;8.28;0.51;246.08;15.42;695;95;4287.00;138
11620;95;628337197;11620;262;12311;12449;8.16;0.50;246.09;15.42;691;95;4288.00;138
11621;95;628337205;11621;273;12311;12449;8.06;0.49;246.11;15.42;690;95;4289.00;138
11624;95;628337217;11624;278;12311;12450;7.95;0.49;246.15;15.42;687;95;4290.00;139
11628;95;628337226;11628;283;12311;12450;7.90;0.48;246.21;15.42;683;95;4291.00;139
11632;95;628337234;11632;288;12315;12456;7.86;0.48;246.21;15.42;683;95;4292.00;141
11633;95;628337244;11633;292;12317;12457;7.87;0.48;246.20;15.42;684;95;4293.00;140
11635;95;628337254;11635;301;12317;12457;7.73;0.47;246.20;15.42;682;95;4294.00;140
11638;95;628337262;11638;311;12317;12457;7.60;0.47;246.16;15.42;679;95;4295.00;140
11640;95;628337271;11640;314;12321;12461;7.54;0.46;246.16;15.55;681;95;4296.00;140
11642;95;628337281;11642;307;12321;12461;7.54;0.46;246.16;15.55;679;95;4297.00;140
11643;95;628337290;11643;302;12321;12461;7.56;0.46;246.15;15.55;678;95;4298.00;140
11648;95;628337299;11648;296;12322;12462;7.53;0.46;246.11;15.55;674;95;4299.00;140
11649;95;628337310;11649;292;12325;12466;7.58;0.46;246.10;15.54;676;95;4300.00;141
11652;95;628337322;11652;287;12325;12466;7.53;0.46;246.10;15.54;673;95;4301.00;141
11656;95;628337332;11656;290;12327;12469;7.62;0.46;246.10;15.54;671;95;4302.00;142
11662;95;628337340;11662;292;12328;12469;7.58;0.46;246.10;15.54;666;95;4303.00;141
11666;95;628337350;11666;292;12328;12469;7.62;0.46;246.08;15.54;662;95;4304.00;141
11667;95;628337358;11667;287;12328;12469;7.66;0.47;246.08;15.54;661;95;4305.00;141
11668;95;628337367;11668;274;12331;12473;7.78;0.47;246.11;15.53;663;95;4306.00;142
11670;95;628337376;11670;256;12331;12473;7.80;0.47;246.08;15.53;661;95;4307.00;142
11674;95;628337386;11674;248;12332;12473;7.81;0.47;246.08;15.53;658;95;4308.00;141
11675;95;628337395;11675;236;12332;12473;7.84;0.48;246.08;15.53;657;95;4309.00;141
11675;95;628337405;11675;231;12332;12474;7.86;0.48;246.08;15.53;657;95;4310.00;142
11675;95;628337414;11675;229;12333;12475;7.93;0.48;246.08;15.53;658;95;4311.00;142
11675;95;628337423;11675;226;12333;12475;8.02;0.49;246.08;15.53;658;95;4312.00;142
11675;95;628337432;11675;225;12334;12476;8.14;0.50;246.08;15.53;659;95;4313.00;142
11678;95;628337441;11678;214;12334;12476;8.26;0.50;246.07;15.53;656;95;4314.00;142
11682;95;628337450;11682;215;12334;12476;8.42;0.51;246.11;15.53;652;95;4315.00;142
11682;95;628337465;11682;211;12335;12476;8.58;0.52;246.11;15.66;653;95;4316.00;141
11683;95;628337475;11683;207;12335;12476;8.66;0.53;246.09;15.66;652;95;4317.00;141
11684;95;628337484;11684;206;12335;12476;8.74;0.53;246.09;15.66;651;95;4318.00;141
11688;95;628337493;11688;205;12335;12476;8.77;0.53;246.10;15.66;647;95;4319.00;141
11688;95;628337504;11688;246;12446;12706;8.82;0.55;246.10;15.52;758;95;4320.00;260
11688;95;628337531;11688;236;12449;12707;8.90;0.56;246.10;15.52;761;95;4321.00;258
11690;95;628337541;11690;224;12458;12707;9.00;0.56;246.08;15.51;768;95;4322.00;249
11690;95;628337551;11690;204;12463;12707;9.08;0.57;246.08;15.51;773;95;4323.00;244
11690;95;628337560;11690;195;12470;12707;9.17;0.57;246.08;15.50;780;95;4324.00;237
11692;95;628337570;11692;189;12473;12707;9.21;0.57;246.13;15.50;781;95;4325.00;234
11694;95;628337580;11694;179;12477;12707;9.23;0.57;246.13;15.49;783;95;4326.00;230
11694;95;628337590;11694;177;12482;12707;9.32;0.58;246.13;15.49;788;95;4327.00;225
11694;95;628337601;11694;172;12483;12708;9.43;0.58;246.13;15.49;789;95;4328.00;225
11696;95;628337611;11696;171;12489;12709;9.45;0.59;246.12;15.49;793;95;4329.00;220
11696;95;628337622;11696;169;12492;12709;9.54;0.59;246.12;15.62;796;95;4330.00;217
11697;95;628337632;11697;168;12498;12710;9.72;0.60;246.11;15.61;801;95;4331.00;212
11699;95;628337647;11699;169;12503;12710;9.74;0.60;246.12;15.61;804;95;4332.00;207
11701;95;628337674;11701;178;12508;12710;9.86;0.61;246.12;15.61;807;95;4333.00;202
11701;95;628337691;11701;168;12509;12710;9.91;0.61;246.12;15.61;808;95;4334.00;201
11705;95;628337719;11705;174;12515;12714;9.88;0.61;246.11;15.61;810;95;4335.00;199
11705;95;628337737;11705;171;12518;12714;9.93;0.61;246.11;15.61;813;95;4336.00;196
11706;95;628337754;11706;174;12521;12714;9.98;0.61;246.11;15.61;815;95;4337.00;193
11707;95;628337770;11707;173;12523;12717;10.01;0.61;246.10;15.61;816;95;4338.00;194
11709;95;628337784;11709;177;12523;12717;9.99;0.61;246.08;15.61;814;95;4339.00;194
11711;95;628337802;11711;181;12525;12717;10.01;0.61;246.06;15.74;814;95;4340.00;192
11715;95;628337816;11715;183;12528;12721;10.05;0.61;246.03;15.73;813;95;4341.00;193
11715;95;628337829;11715;180;12531;12722;10.14;0.62;246.03;15.73;816;95;4342.00;191
11719;95;628337841;11719;181;12532;12722;10.18;0.62;246.01;15.73;813;95;4343.00;190
11720;95;628337853;11720;182;12535;12726;10.30;0.63;246.03;15.73;815;95;4344.00;191
11724;95;628337872;11724;182;12536;12726;10.34;0.63;246.04;15.73;812;95;4345.00;190
11725;95;628337884;11725;183;12536;12726;10.38;0.63;246.05;15.73;811;95;4346.00;190
11728;95;628337896;11728;184;12537;12727;10.42;0.63;246.04;15.73;809;95;4347.00;190
11732;95;628337908;11732;190;12537;12727;10.41;0.63;246.04;15.73;805;95;4348.00;190
11736;95;628337922;11736;187;12541;12733;10.35;0.63;246.07;15.73;805;95;4349.00;192
11739;95;628337938;11739;185;12542;12733;10.32;0.63;246.08;15.85;803;95;4350.00;191
11741;95;628337950;11741;184;12543;12734;10.25;0.62;246.08;15.85;802;95;4351.00;191
11744;95;628337963;11744;181;12543;12734;10.24;0.62;246.08;15.85;799;95;4352.00;191
11746;95;628337976;11746;180;12545;12734;10.27;0.62;246.09;15.85;799;95;4353.00;189
11749;95;628337988;11749;176;12546;12734;10.31;0.63;246.13;15.85;797;95;4354.00;188
11751;95;628338001;11751;171;12550;12734;10.34;0.63;246.12;16.01;799;95;4355.00;184
11755;95;628338014;11755;173;12560;12746;10.43;0.63;246.14;15.99;805;95;4356.00;186
11760;95;628338028;11760;171;12561;12746;10.50;0.64;246.12;15.99;801;95;4357.00;185
11762;95;628338040;11762;167;12561;12746;10.57;0.64;246.13;15.99;799;95;4358.00;185
11765;95;628338052;11765;166;12562;12746;10.58;0.64;246.16;16.11;797;95;4359.00;184
11767;95;628338064;11767;161;12562;12746;10.68;0.65;246.17;16.11;795;95;4360.00;184
11771;95;628338076;11771;152;12562;12746;10.77;0.66;246.17;16.11;791;95;4361.00;184
11774;95;628338087;11774;152;12565;12750;10.78;0.66;246.23;16.11;791;95;4362.00;185
11776;96;628338100;11776;152;12566;12750;10.76;0.66;246.21;16.23;790;96;4363.00;184
11778;96;628338120;11778;146;12568;12754;10.84;0.66;246.21;16.23;790;96;4364.00;186
11783;96;628338133;11783;147;12571;12756;10.85;0.66;246.23;16.22;788;96;4365.00;185
11785;96;628338145;11785;147;12572;12756;10.78;0.66;246.23;16.34;787;96;4366.00;184
11787;96;628338157;11787;148;12573;12756;10.81;0.66;246.24;16.34;786;96;4367.00;183
11789;96;628338169;11789;155;12582;12769;10.75;0.65;246.26;16.45;793;96;4368.00;187
11792;96;628338187;11792;159;12582;12769;10.75;0.65;246.27;16.45;790;96;4369.00;187
11796;96;628338200;11796;160;12585;12769;10.79;0.66;246.32;16.45;789;96;4370.00;184
11799;96;628338212;11799;163;12586;12770;10.87;0.66;246.34;16.45;787;96;4371.00;184
11800;96;628338230;11800;164;12588;12771;10.91;0.66;246.37;16.57;788;96;4372.00;183
11802;96;628338243;11802;168;12588;12771;10.94;0.66;246.41;16.57;786;96;4373.00;183
11807;96;628338256;11807;172;12591;12774;10.94;0.66;246.38;16.57;784;96;4374.00;183
11811;96;628338269;11811;172;12591;12774;10.90;0.66;246.37;16.57;780;96;4375.00;183
11813;96;628338282;11813;174;12593;12774;10.83;0.66;246.37;16.57;780;96;4376.00;181
11817;96;628338294;11817;173;12593;12774;10.75;0.65;246.37;16.57;776;96;4377.00;181
11818;96;628338312;11818;173;12598;12780;10.73;0.65;246.36;16.57;780;96;4378.00;182
11821;96;628338325;11821;176;12599;12780;10.69;0.65;246.35;16.57;778;96;4379.00;181
11823;96;628338339;11823;180;12602;12780;10.64;0.65;246.36;16.59;779;96;4380.00;178
11828;96;628338352;11828;193;12603;12780;10.56;0.64;246.40;16.60;775;96;4381.00;177
11831;96;628338364;11831;198;12607;12784;10.49;0.64;246.39;16.60;776;96;4382.00;177
11831;96;628338376;11831;199;12611;12785;10.40;0.63;246.39;16.75;780;96;4383.00;174
11835;96;628338399;11835;203;12611;12785;10.32;0.63;246.39;16.75;776;96;4384.00;174
11836;96;628338411;11836;210;12614;12786;10.28;0.62;246.39;16.77;778;96;4385.00;172
11839;96;628338422;11839;217;12614;12786;10.23;0.62;246.35;16.77;775;96;4386.00;172
11840;96;628338434;11840;225;12618;12786;10.16;0.62;246.38;16.80;778;96;4387.00;168
11843;96;628338445;11843;226;12618;12786;10.16;0.62;246.36;16.80;775;96;4388.00;168
11846;96;628338457;11846;226;12623;12786;10.08;0.61;246.39;16.85;777;96;4389.00;163
11847;96;628338469;11847;230;12623;12786;10.04;0.61;246.37;16.85;776;96;4390.00;163
11848;96;628338480;11848;238;12625;12786;9.99;0.61;246.37;16.87;777;96;4391.00;161
11849;96;628338491;11849;249;12660;12856;9.85;0.60;246.37;16.84;811;96;4392.00;196
11849;96;628338508;11849;255;12664;12857;9.78;0.60;246.37;16.86;815;96;4393.00;193
11853;96;628338520;11853;257;12670;12857;9.72;0.60;246.35;16.85;817;96;4394.00;187
11858;96;628338531;11858;259;12674;12857;9.62;0.59;246.32;16.87;816;96;4395.00;183
11860;96;628338543;11860;264;12679;12857;9.51;0.58;246.32;16.88;819;96;4396.00;178
11862;96;628338554;11862;267;12686;12857;9.36;0.57;246.32;16.88;824;96;4397.00;171
11867;96;628338570;11867;270;12689;12857;9.12;0.56;246.31;16.90;822;96;4398.00;168
11869;96;628338581;11869;273;12692;12857;9.02;0.55;246.33;16.90;823;96;4399.00;165
11872;96;628338594;11872;269;12697;12858;8.95;0.55;246.30;16.91;825;96;4400.00;161
11876;96;628338613;11876;271;12702;12859;8.95;0.55;246.29;16.91;826;96;4401.00;157
11877;96;628338626;11877;269;12705;12859;8.92;0.55;246.30;16.93;828;96;4402.00;154
11883;96;628338641;11883;267;12707;12863;8.85;0.54;246.27;16.92;824;96;4403.00;156
11885;96;628338657;11885;271;12709;12863;8.86;0.54;246.33;16.94;824;96;4404.00;154
11891;96;628338669;11891;272;12709;12863;8.87;0.54;246.31;16.94;818;96;4405.00;154
11892;96;628338682;11892;277;12711;12863;8.86;0.54;246.30;16.96;819;96;4406.00;152
11895;96;628338694;11895;278;12716;12869;8.91;0.55;246.30;16.95;821;96;4407.00;153
11903;96;628338706;11903;285;12717;12869;8.95;0.55;246.30;16.96;814;96;4408.00;152
11905;96;628338718;11905;288;12718;12869;9.03;0.55;246.28;16.97;813;96;4409.00;151
11909;96;628338730;11909;297;12725;12875;8.92;0.54;246.28;16.96;816;96;4410.00;150
11911;96;628338742;11911;296;12726;12875;8.89;0.54;246.31;16.98;815;96;4411.00;149
11916;97;628338754;11916;289;12726;12875;8.81;0.54;246.31;16.98;810;97;4412.00;149
11918;97;628338775;11918;291;12727;12876;8.72;0.53;246.33;16.98;809;97;4413.00;149
11924;97;628338785;11924;289;12729;12877;8.55;0.52;246.34;16.99;805;97;4414.00;148
11929;97;628338796;11929;296;12730;12877;8.28;0.51;246.36;17.00;801;97;4415.00;147
11932;97;628338807;11932;299;12741;12890;8.04;0.49;246.37;16.99;809;97;4416.00;149
11936;97;628338818;11936;294;12741;12890;7.82;0.48;246.37;16.99;805;97;4417.00;149
11939;97;628338828;11939;293;12744;12890;7.64;0.47;246.38;17.01;805;97;4418.00;146
11942;97;628338839;11942;290;12745;12891;7.44;0.46;246.38;17.00;803;97;4419.00;146
11946;97;628338849;11946;281;12746;12891;7.29;0.45;246.35;17.01;800;97;4420.00;145
11950;97;628338858;11950;277;12750;12895;7.24;0.45;246.33;17.01;800;97;4421.00;145
11955;97;628338871;11955;273;12750;12895;7.19;0.44;246.38;17.01;795;97;4422.00;145
11959;97;628338883;11959;270;12754;12899;7.19;0.44;246.37;17.01;795;97;4423.00;145
11962;97;628338894;11962;269;12755;12899;7.22;0.45;246.39;17.02;793;97;4424.00;144
11966;98;628338904;11966;269;12757;12899;7.20;0.44;246.40;17.02;791;98;4425.00;142
11969;98;628338925;11969;274;12757;12899;7.23;0.45;246.43;17.02;788;98;4426.00;142
11973;98;628338937;11973;269;12757;12899;7.26;0.45;246.49;17.02;784;98;4427.00;142
11978;98;628338947;11978;263;12769;12911;7.30;0.45;246.51;17.01;791;98;4428.00;142
11981;98;628338958;11981;263;12770;12911;7.36;0.45;246.50;17.01;789;98;4429.00;141
11984;98;628338968;11984;262;12771;12911;7.41;0.46;246.51;17.01;787;98;4430.00;140
11989;98;628338978;11989;259;12772;12911;7.42;0.46;246.53;17.13;783;98;4431.00;139
11992;98;628338990;11992;257;12772;12911;7.46;0.46;246.55;17.13;780;98;4432.00;139
11995;98;628338999;11995;257;12772;12911;7.48;0.46;246.54;17.13;777;98;4433.00;139
11998;98;628339009;11998;264;12772;12912;7.54;0.46;246.54;17.13;774;98;4434.00;140
12002;98;628339020;12002;259;12772;12912;7.57;0.46;246.55;17.13;770;98;4435.00;140
12005;99;628339030;12005;258;12776;12918;7.61;0.46;246.54;17.12;771;99;4436.00;142
12009;99;628339047;12009;262;12777;12919;7.62;0.46;246.54;17.12;768;99;4437.00;142
12011;99;628339057;12011;259;12778;12919;7.65;0.47;246.53;17.12;767;99;4438.00;141
12013;99;628339071;12013;257;12778;12919;7.68;0.47;246.55;17.12;765;99;4439.00;141
12016;99;628339088;12016;256;12782;12924;7.75;0.47;246.57;17.12;766;99;4440.00;142
12017;99;628339099;12017;263;12782;12924;7.76;0.47;246.56;17.12;765;99;4441.00;142
12022;99;628339109;12022;260;12782;12924;7.82;0.48;246.55;17.12;760;99;4442.00;142
12023;99;628339119;12023;256;12783;12925;7.94;0.48;246.54;17.11;760;99;4443.00;142
12027;99;628339129;12027;256;12786;12929;7.98;0.49;246.55;17.11;759;99;4444.00;143
12031;99;628339139;12031;252;12786;12929;7.95;0.48;246.58;17.11;755;99;4445.00;143
12033;99;628339150;12033;254;12788;12932;8.10;0.49;246.63;17.11;755;99;4446.00;144
12035;99;628339160;12035;256;12788;12932;8.12;0.50;246.61;17.11;753;99;4447.00;144
12042;99;628339170;12042;260;12789;12932;8.10;0.49;246.61;17.11;747;99;4448.00;143
12046;99;628339181;12046;259;12789;12932;8.01;0.49;246.66;17.11;743;99;4449.00;143
12050;99;628339190;12050;262;12792;12936;8.08;0.49;246.63;17.10;742;99;4450.00;144
12055;99;628339200;12055;267;12792;12936;8.07;0.49;246.61;17.10;737;99;4451.00;144
12062;99;628339210;12062;266;12793;12936;8.04;0.49;246.59;17.10;731;99;4452.00;143
12066;99;628339228;12066;271;12793;12936;7.98;0.49;246.60;17.10;727;99;4453.00;143
12070;99;628339238;12070;279;12793;12937;7.96;0.48;246.57;17.10;723;99;4454.00;144
12077;99;628339254;12077;278;12795;12939;7.89;0.48;246.54;17.10;718;99;4455.00;144
12079;99;628339264;12079;285;12795;12939;7.81;0.47;246.53;17.10;716;99;4456.00;144
12082;99;628339273;12082;292;12796;12940;7.74;0.47;246.54;17.10;714;99;4457.00;144
12084;99;628339283;12084;297;12796;12940;7.70;0.47;246.57;17.10;712;99;4458.00;144
12087;99;628339292;12087;298;12796;12940;7.73;0.47;246.60;17.10;709;99;4459.00;144
12091;99;628339302;12091;301;12796;12940;7.71;0.47;246.62;17.10;705;99;4460.00;144
12094;99;628339312;12094;309;12796;12940;7.62;0.46;246.59;17.10;702;99;4461.00;144
12096;99;628339321;12096;310;12796;12940;7.53;0.46;246.58;17.10;700;99;4462.00;144
12100;99;628339330;12100;316;12796;12940;7.42;0.45;246.56;17.10;696;99;4463.00;144
12101;99;628339339;12101;331;12863;13067;7.76;0.48;246.57;17.01;762;99;4464.00;204
12104;99;628339358;12104;326;12867;13068;7.64;0.47;246.57;17.00;763;99;4465.00;201
12107;99;628339367;12107;322;12876;13068;7.71;0.48;246.55;16.99;769;99;4466.00;192
12109;99;628339377;12109;311;12881;13068;7.71;0.48;246.55;16.99;772;99;4467.00;187
12110;99;628339387;12110;305;12887;13068;7.73;0.48;246.55;16.98;777;99;4468.00;181
12110;99;628339397;12110;302;12892;13068;7.70;0.48;246.55;16.98;782;99;4469.00;176
12111;99;628339408;12111;304;12898;13068;7.69;0.47;246.54;16.97;787;99;4470.00;170
12113;99;628339417;12113;312;12899;13068;7.63;0.47;246.52;16.97;786;99;4471.00;169
12115;99;628339433;12115;314;12904;13069;7.63;0.47;246.53;16.97;789;99;4472.00;165
12117;99;628339449;12117;319;12905;13070;7.62;0.47;246.57;16.97;788;99;4473.00;165
12117;99;628339460;12117;319;12907;13070;7.57;0.47;246.57;16.97;790;99;4474.00;163
12118;100;628339471;12118;310;12908;13071;7.54;0.46;246.56;16.97;790;100;4475.00;163
12118;100;628339497;12118;295;12910;13071;7.59;0.47;246.56;16.97;792;100;4476.00;161
12118;100;628339507;12118;281;12911;13071;7.66;0.47;246.56;16.96;793;100;4477.00;160
12118;100;628339518;12118;264;12913;13071;7.77;0.48;246.56;16.96;795;100;4478.00;158
12120;100;628339529;12120;252;12916;13075;7.96;0.49;246.56;16.96;796;100;4479.00;159
12122;100;628339541;12122;242;12918;13075;8.20;0.50;246.56;17.08;796;100;4480.00;157
12124;100;628339553;12124;231;12919;13075;8.40;0.52;246.56;17.08;795;100;4481.00;156
12124;100;628339571;12124;220;12922;13078;8.61;0.53;246.56;17.08;798;100;4482.00;156
12124;100;628339588;12124;213;12922;13078;8.81;0.54;246.56;17.08;798;100;4483.00;156
12125;100;628339605;12125;203;12923;13078;8.97;0.55;246.56;17.08;798;100;4484.00;155
12127;100;628339618;12127;191;12926;13082;9.03;0.55;246.55;17.08;799;100;4485.00;156
12130;100;628339630;12130;184;12928;13083;9.22;0.56;246.55;17.07;798;100;4486.00;155
12132;100;628339649;12132;176;12928;13083;9.35;0.57;246.52;17.07;796;100;4487.00;155
12135;100;628339670;12135;170;12931;13087;9.47;0.58;246.51;17.07;796;100;4488.00;156
12137;100;628339688;12137;160;12931;13087;9.61;0.59;246.52;17.07;794;100;4489.00;156
12139;100;628339707;12139;150;12931;13087;9.76;0.59;246.50;17.07;792;100;4490.00;156
12139;100;628339724;12139;146;12932;13088;9.96;0.61;246.50;17.07;793;100;4491.00;156
12141;100;628339742;12141;141;12932;13088;10.09;0.61;246.49;17.07;791;100;4492.00;156
12143;100;628339761;12143;136;12936;13094;10.22;0.62;246.52;17.06;793;100;4493.00;158
12146;100;628339776;12146;134;12936;13094;10.28;0.63;246.49;17.06;790;100;4494.00;158
12148;100;628339790;12148;134;12937;13095;10.40;0.63;246.49;17.06;789;100;4495.00;158
12153;100;628339804;12153;131;12937;13095;10.45;0.63;246.55;17.06;784;100;4496.00;158
12156;100;628339819;12156;126;12937;13095;10.51;0.64;246.51;17.06;781;100;4497.00;158
12158;101;628339831;12158;123;12937;13095;10.61;0.64;246.52;17.06;779;101;4498.00;158
12159;101;628339857;12159;122;12937;13095;10.70;0.65;246.54;17.06;778;101;4499.00;158
12160;101;628339874;12160;125;12959;13145;10.72;0.65;246.54;17.03;799;101;4500.00;186
12161;101;628339895;12161;127;12960;13147;10.77;0.66;246.55;17.03;799;101;4501.00;187
12166;101;628339909;12166;127;12963;13147;10.87;0.66;246.54;17.03;797;101;4502.00;184
12170;101;628339921;12170;125;12964;13147;10.98;0.67;246.51;17.03;794;101;4503.00;183
12172;101;628339934;12172;122;12966;13147;11.04;0.67;246.55;17.02;794;101;4504.00;181
12174;101;628339946;12174;128;12966;13147;11.18;0.68;246.57;17.02;792;101;4505.00;181
12177;101;628339959;12177;131;12970;13151;11.18;0.68;246.56;17.02;793;101;4506.00;181
12180;101;628339979;12180;133;12970;13151;11.26;0.68;246.60;17.02;790;101;4507.00;181
12181;101;628339991;12181;135;12974;13155;11.33;0.69;246.59;17.02;793;101;4508.00;181
12183;101;628340003;12183;143;12977;13156;11.39;0.69;246.63;17.01;794;101;4509.00;179
12184;101;628340015;12184;136;12977;13156;11.46;0.70;246.64;17.01;793;101;4510.00;179
12186;101;628340029;12186;135;12977;13156;11.41;0.69;246.65;17.01;791;101;4511.00;179
12188;101;628340041;12188;135;12984;13169;11.33;0.69;246.68;17.00;796;101;4512.00;185
12190;101;628340054;12190;138;12984;13169;11.37;0.69;246.69;17.00;794;101;4513.00;185
12193;101;628340066;12193;139;12984;13169;11.37;0.69;246.72;17.00;791;101;4514.00;185
12198;101;628340078;12198;141;12987;13170;11.33;0.69;246.71;17.00;789;101;4515.00;183
12203;101;628340090;12203;142;12987;13171;11.38;0.69;246.70;17.00;784;101;4516.00;184
12208;101;628340102;12208;139;12987;13171;11.45;0.70;246.73;17.00;779;101;4517.00;184
12212;101;628340116;12212;137;12989;13174;11.55;0.70;246.73;17.00;777;101;4518.00;185
12218;101;628340128;12218;140;12989;13174;11.64;0.71;246.76;17.00;771;101;4519.00;185
12222;101;628340140;12222;136;12990;13174;11.65;0.71;246.75;17.00;768;101;4520.00;184
12225;101;628340152;12225;137;12991;13174;11.71;0.71;246.74;17.00;766;101;4521.00;183
12230;101;628340165;12230;129;12994;13180;11.78;0.72;246.73;17.00;764;101;4522.00;186
12234;101;628340177;12234;129;12994;13180;11.77;0.72;246.73;17.00;760;101;4523.00;186
12236;101;628340196;12236;125;12994;13180;11.77;0.72;246.76;17.00;758;101;4524.00;186
12244;101;628340208;12244;122;12995;13180;11.73;0.71;246.73;17.01;751;101;4525.00;185
12246;101;628340230;12246;125;12999;13184;11.73;0.71;246.73;17.01;753;101;4526.00;185
12253;101;628340242;12253;122;13001;13185;11.74;0.71;246.68;17.01;748;101;4527.00;184
12257;101;628340257;12257;119;13001;13185;11.77;0.72;246.72;17.01;744;101;4528.00;184
12260;101;628340268;12260;118;13002;13186;11.81;0.72;246.69;17.01;742;101;4529.00;184
12264;101;628340282;12264;115;13002;13186;11.87;0.72;246.70;17.01;738;101;4530.00;184
12266;101;628340294;12266;114;13002;13186;11.94;0.73;246.72;17.01;736;101;4531.00;184
12270;101;628340305;12270;114;13003;13186;11.89;0.73;246.74;17.01;733;101;4532.00;183
12273;101;628340317;12273;116;13004;13186;11.89;0.73;246.74;17.01;731;101;4533.00;182
12277;101;628340335;12277;119;13005;13186;11.92;0.73;246.72;17.01;728;101;4534.00;181
12281;101;628340347;12281;122;13005;13186;11.94;0.73;246.76;17.01;724;101;4535.00;181
12282;101;628340358;12282;129;13042;13256;11.70;0.72;246.76;16.97;760;101;4536.00;214
12286;101;628340375;12286;130;13046;13257;11.70;0.72;246.82;16.97;760;101;4537.00;211
12290;101;628340388;12290;128;13048;13257;11.77;0.72;246.80;16.96;758;101;4538.00;209
12292;101;628340400;12292;131;13053;13257;11.74;0.72;246.80;16.96;761;101;4539.00;204
12297;101;628340413;12297;131;13058;13257;11.71;0.71;246.81;16.96;761;101;4540.00;199
12299;101;628340424;12299;140;13060;13257;11.62;0.71;246.83;16.96;761;101;4541.00;197
12305;101;628340436;12305;141;13064;13257;11.57;0.70;246.81;16.96;759;101;4542.00;193
12306;101;628340448;12306;146;13068;13257;11.60;0.71;246.80;16.96;762;101;4543.00;189
12310;101;628340459;12310;149;13068;13258;11.55;0.71;246.78;16.96;758;101;4544.00;190
12315;101;628340473;12315;154;13074;13260;11.50;0.70;246.78;16.96;759;101;4545.00;186
12319;101;628340485;12319;157;13076;13260;11.44;0.70;246.77;16.97;757;101;4546.00;184
12324;101;628340497;12324;163;13084;13264;11.24;0.69;246.76;16.96;760;101;4547.00;180
12327;101;628340510;12327;168;13085;13264;11.17;0.68;246.77;16.96;758;101;4548.00;179
12330;101;628340522;12330;169;13085;13264;11.05;0.67;246.76;16.96;755;101;4549.00;179
12333;101;628340534;12333;179;13088;13264;10.95;0.67;246.78;16.99;755;101;4550.00;176
12334;101;628340546;12334;183;13091;13270;10.91;0.66;246.77;16.99;757;101;4551.00;179
12336;101;628340559;12336;186;13092;13270;10.87;0.66;246.76;16.99;756;101;4552.00;178
12341;101;628340572;12341;193;13094;13270;10.76;0.65;246.74;17.00;753;101;4553.00;176
12345;101;628340597;12345;195;13098;13273;10.72;0.65;246.72;17.01;753;101;4554.00;175
12345;101;628340609;12345;199;13100;13273;10.69;0.65;246.72;17.01;755;101;4555.00;173
12351;101;628340621;12351;203;13101;13273;10.58;0.64;246.71;17.02;750;101;4556.00;172
12354;101;628340633;12354;206;13103;13274;10.55;0.64;246.74;17.03;749;101;4557.00;171
12357;101;628340648;12357;211;13106;13275;10.42;0.63;246.76;17.04;749;101;4558.00;169
12360;101;628340668;12360;211;13107;13275;10.33;0.63;246.75;17.05;747;101;4559.00;168
12363;102;628340682;12363;220;13125;13301;10.19;0.62;246.77;17.05;762;102;4560.00;176
12365;102;628340706;12365;226;13128;13301;10.14;0.62;246.77;17.07;763;102;4561.00;173
12371;102;628340717;12371;230;13130;13301;10.08;0.61;246.77;17.07;759;102;4562.00;171
12373;102;628340727;12373;231;13134;13302;10.02;0.61;246.80;17.09;761;102;4563.00;168
12377;102;628340738;12377;243;13135;13302;9.90;0.60;246.80;17.11;758;102;4564.00;167
12382;102;628340748;12382;253;13140;13306;9.76;0.59;246.87;17.13;758;102;4565.00;166
12382;102;628340759;12382;258;13140;13306;9.56;0.58;246.87;17.13;758;102;4566.00;166
12384;102;628340768;12384;267;13146;13310;9.26;0.57;246.89;17.16;762;102;4567.00;164
12386;102;628340778;12386;271;13146;13310;9.06;0.55;246.89;17.16;760;102;4568.00;164
12386;102;628340788;12386;277;13147;13310;8.87;0.54;246.89;17.16;761;102;4569.00;163
12390;102;628340797;12390;274;13148;13310;8.67;0.53;246.88;17.18;758;102;4570.00;162
12391;102;628340806;12391;272;13149;13310;8.57;0.53;246.87;17.18;758;102;4571.00;161
12393;102;628340821;12393;275;13159;13322;8.59;0.53;246.86;17.17;766;102;4572.00;163
12394;102;628340831;12394;275;13161;13322;8.55;0.52;246.86;17.20;767;102;4573.00;161
12396;102;628340840;12396;274;13163;13322;8.54;0.52;246.84;17.21;767;102;4574.00;159
12399;102;628340850;12399;273;13163;13322;8.60;0.53;246.83;17.21;764;102;4575.00;159
12401;102;628340859;12401;281;13166;13322;8.60;0.53;246.82;17.23;765;102;4576.00;156
12401;102;628340868;12401;281;13166;13322;8.62;0.53;246.82;17.23;765;102;4577.00;156
12402;102;628340877;12402;284;13168;13323;8.54;0.52;246.81;17.26;766;102;4578.00;155
12404;102;628340886;12404;291;13168;13323;8.45;0.52;246.81;17.26;764;102;4579.00;155
12408;102;628340902;12408;295;13174;13329;8.34;0.51;246.79;17.28;766;102;4580.00;155
12409;102;628340913;12409;295;13175;13330;8.19;0.50;246.78;17.28;766;102;4581.00;155
12414;102;628340922;12414;299;13176;13330;8.04;0.49;246.77;17.27;762;102;4582.00;154
12418;102;628340932;12418;298;13178;13330;7.90;0.49;246.75;17.30;760;102;4583.00;152
12421;102;628340941;12421;303;13181;13334;7.84;0.48;246.73;17.29;760;102;4584.00;153
12425;102;628340950;12425;307;13183;13334;7.75;0.48;246.72;17.31;758;102;4585.00;151
12428;102;628340960;12428;304;13183;13334;7.58;0.47;246.76;17.31;755;102;4586.00;151
12431;102;628340969;12431;306;13185;13335;7.42;0.46;246.75;17.32;754;102;4587.00;150
12435;102;628340978;12435;308;13189;13339;7.19;0.44;246.76;17.32;754;102;4588.00;150
12438;102;628340987;12438;310;13189;13339;6.99;0.43;246.78;17.32;751;102;4589.00;150
12442;102;628340997;12442;306;13192;13345;6.86;0.42;246.76;17.32;750;102;4590.00;153
12446;102;628341006;12446;294;13195;13345;6.67;0.41;246.75;17.34;749;102;4591.00;150
12451;102;628341014;12451;300;13196;13345;6.52;0.40;246.76;17.34;745;102;4592.00;149
12453;102;628341023;12453;300;13196;13345;6.52;0.40;246.76;17.34;743;102;4593.00;149
12459;102;628341030;12459;300;13201;13349;6.55;0.40;246.72;17.35;742;102;4594.00;148
12463;102;628341039;12463;302;13201;13349;6.57;0.40;246.71;17.35;738;102;4595.00;148
12464;102;628341048;12464;299;13202;13349;6.57;0.40;246.70;17.35;738;102;4596.00;147
12466;102;628341056;12466;292;13203;13349;6.57;0.40;246.70;17.36;737;102;4597.00;146
12468;102;628341064;12468;290;13204;13350;6.61;0.40;246.70;17.36;736;102;4598.00;146
12470;102;628341072;12470;290;13205;13351;6.60;0.40;246.72;17.36;735;102;4599.00;146
12476;102;628341082;12476;281;13206;13351;6.54;0.40;246.69;17.36;730;102;4600.00;145
12478;102;628341095;12478;288;13207;13352;6.55;0.40;246.69;17.36;729;102;4601.00;145
12483;102;628341103;12483;288;13207;13352;6.45;0.39;246.68;17.36;724;102;4602.00;145
12485;102;628341112;12485;297;13207;13352;6.45;0.40;246.65;17.36;722;102;4603.00;145
12491;102;628341120;12491;301;13207;13352;6.37;0.39;246.62;17.36;716;102;4604.00;145
12493;102;628341128;12493;310;13207;13352;6.34;0.39;246.62;17.36;714;102;4605.00;145
12496;102;628341136;12496;306;13207;13352;6.36;0.39;246.61;17.36;711;102;4606.00;145
12499;102;628341144;12499;302;13207;13352;6.37;0.39;246.66;17.36;708;102;4607.00;145
12504;102;628341152;12504;306;13272;13479;6.91;0.43;246.64;17.27;768;102;4608.00;207
12504;102;628341170;12504;301;13275;13480;6.99;0.44;246.64;17.27;771;102;4609.00;205
12512;102;628341182;12512;297;13283;13480;7.04;0.44;246.57;17.26;771;102;4610.00;197
12513;102;628341197;12513;293;13286;13480;7.13;0.44;246.58;17.25;773;102;4611.00;194
12514;102;628341208;12514;304;13292;13480;7.14;0.44;246.59;17.25;778;102;4612.00;188
12519;102;628341223;12519;299;13294;13480;7.09;0.44;246.57;17.25;775;102;4613.00;186
12520;102;628341233;12520;310;13299;13480;7.10;0.44;246.58;17.24;779;102;4614.00;181
12524;102;628341242;12524;312;13300;13480;7.08;0.44;246.55;17.24;776;102;4615.00;180
12528;102;628341252;12528;311;13305;13481;7.09;0.44;246.58;17.24;777;102;4616.00;176
12530;102;628341262;12530;306;13306;13482;7.08;0.44;246.58;17.24;776;102;4617.00;176
12532;102;628341271;12532;309;13310;13482;7.11;0.44;246.57;17.24;778;102;4618.00;172
12535;102;628341281;12535;316;13312;13483;7.14;0.44;246.67;17.23;777;102;4619.00;171
12538;102;628341292;12538;319;13315;13483;7.15;0.44;246.68;17.23;777;102;4620.00;168
12541;102;628341302;12541;327;13317;13483;7.16;0.44;246.70;17.23;776;102;4621.00;166
12543;102;628341311;12543;331;13320;13483;7.16;0.44;246.69;17.23;777;102;4622.00;163
12546;102;628341321;12546;330;13324;13487;7.16;0.44;246.67;17.23;778;102;4623.00;163
12548;102;628341331;12548;333;13325;13487;7.10;0.44;246.68;17.23;777;102;4624.00;162
12549;102;628341341;12549;341;13327;13487;7.07;0.44;246.68;17.23;778;102;4625.00;160
12551;102;628341350;12551;348;13328;13490;7.06;0.43;246.71;17.23;777;102;4626.00;162
12552;102;628341360;12552;340;13330;13490;7.11;0.44;246.70;17.23;778;102;4627.00;160
12557;102;628341369;12557;338;13331;13490;7.12;0.44;246.68;17.23;774;102;4628.00;159
12559;102;628341380;12559;330;13335;13494;7.20;0.44;246.64;17.22;776;102;4629.00;159
12562;102;628341391;12562;322;13336;13495;7.21;0.44;246.68;17.22;774;102;4630.00;159
12565;102;628341402;12565;321;13337;13495;7.27;0.45;246.69;17.22;772;102;4631.00;158
12565;102;628341412;12565;314;13341;13499;7.37;0.45;246.69;17.35;776;102;4632.00;158
12569;102;628341424;12569;313;13342;13499;7.40;0.46;246.68;17.35;773;102;4633.00;157
12571;102;628341434;12571;313;13342;13499;7.46;0.46;246.66;17.35;771;102;4634.00;157
12572;102;628341444;12572;308;13344;13501;7.50;0.46;246.66;17.34;772;102;4635.00;157
12577;102;628341462;12577;301;13344;13501;7.53;0.46;246.64;17.34;767;102;4636.00;157
12578;102;628341473;12578;283;13348;13507;7.63;0.47;246.64;17.34;770;102;4637.00;159
12581;102;628341484;12581;271;13348;13507;7.76;0.48;246.64;17.34;767;102;4638.00;159
12584;102;628341495;12584;260;13349;13508;7.87;0.48;246.62;17.34;765;102;4639.00;159
12588;102;628341506;12588;252;13349;13508;7.99;0.49;246.62;17.34;761;102;4640.00;159
12590;102;628341517;12590;248;13349;13508;8.10;0.49;246.62;17.34;759;102;4641.00;159
12593;102;628341528;12593;244;13349;13508;8.23;0.50;246.61;17.34;756;102;4642.00;159
12593;102;628341539;12593;237;13349;13508;8.26;0.50;246.61;17.34;756;102;4643.00;159
12597;102;628341550;12597;235;13359;13520;8.44;0.51;246.64;17.32;762;102;4644.00;161
12601;102;628341562;12601;230;13360;13520;8.54;0.52;246.62;17.32;759;102;4645.00;160
12602;102;628341573;12602;217;13360;13520;8.72;0.53;246.62;17.32;758;102;4646.00;160
12605;102;628341584;12605;207;13360;13520;8.91;0.54;246.60;17.32;755;102;4647.00;160
12608;102;628341596;12608;190;13360;13520;9.04;0.55;246.58;17.32;752;102;4648.00;160
12609;102;628341608;12609;179;13360;13520;9.21;0.56;246.57;17.32;751;102;4649.00;160
12610;102;628341627;12610;168;13365;13526;9.33;0.57;246.57;17.32;755;102;4650.00;161
12612;102;628341641;12612;160;13365;13526;9.54;0.58;246.58;17.32;753;102;4651.00;161
12613;102;628341663;12613;157;13369;13530;9.75;0.59;246.58;17.31;756;102;4652.00;161
12615;102;628341684;12615;156;13370;13531;9.97;0.61;246.61;17.31;755;102;4653.00;161
12618;102;628341707;12618;149;13370;13531;10.19;0.62;246.61;17.31;752;102;4654.00;161
12620;102;628341728;12620;152;13370;13531;10.36;0.63;246.62;17.31;750;102;4655.00;161
12624;102;628341748;12624;154;13381;13544;10.46;0.63;246.66;17.30;757;102;4656.00;163
12626;102;628341766;12626;151;13381;13544;10.52;0.64;246.66;17.30;755;102;4657.00;163
12629;102;628341780;12629;152;13381;13544;10.66;0.65;246.69;17.30;752;102;4658.00;163
12629;102;628341794;12629;152;13382;13545;10.78;0.65;246.69;17.29;753;102;4659.00;163
12633;102;628341807;12633;144;13382;13546;10.84;0.66;246.71;17.29;749;102;4660.00;164
12635;102;628341821;12635;143;13382;13546;10.86;0.66;246.74;17.29;747;102;4661.00;164
12636;102;628341834;12636;135;13384;13549;10.97;0.67;246.75;17.29;748;102;4662.00;165
12639;102;628341847;12639;132;13384;13549;11.00;0.67;246.77;17.29;745;102;4663.00;165
12644;102;628341859;12644;132;13385;13549;11.05;0.67;246.77;17.29;741;102;4664.00;164
12645;102;628341871;12645;132;13385;13549;11.14;0.68;246.80;17.29;740;102;4665.00;164
12649;102;628341884;12649;134;13389;13555;11.23;0.68;246.82;17.29;740;102;4666.00;166
12650;102;628341897;12650;129;13389;13555;11.32;0.69;246.80;17.29;739;102;4667.00;166
12653;102;628341910;12653;131;13390;13555;11.41;0.69;246.83;17.28;737;102;4668.00;165
12656;102;628341922;12656;137;13390;13555;11.44;0.69;246.83;17.28;734;102;4669.00;165
12658;102;628341935;12658;136;13393;13559;11.45;0.69;246.84;17.28;735;102;4670.00;166
12662;102;628341947;12662;135;13394;13560;11.46;0.70;246.86;17.28;732;102;4671.00;166
12664;102;628341959;12664;134;13394;13560;11.54;0.70;246.84;17.28;730;102;4672.00;166
12667;102;628341972;12667;132;13395;13561;11.58;0.70;246.87;17.28;728;102;4673.00;166
12670;102;628341984;12670;136;13395;13561;11.66;0.71;246.88;17.28;725;102;4674.00;166
12673;102;628342002;12673;139;13395;13561;11.69;0.71;246.89;17.28;722;102;4675.00;166
12675;102;628342013;12675;132;13395;13561;11.76;0.71;246.90;17.28;720;102;4676.00;166
12678;102;628342025;12678;133;13395;13561;11.81;0.72;246.92;17.28;717;102;4677.00;166
12680;102;628342037;12680;126;13395;13561;11.73;0.71;246.98;17.28;715;102;4678.00;166
12684;102;628342049;12684;126;13395;13561;11.65;0.71;247.00;17.28;711;102;4679.00;166
12685;102;628342063;12685;145;13458;13686;11.25;0.69;247.01;17.20;773;102;4680.00;228
12688;102;628342083;12688;136;13458;13687;11.28;0.69;247.02;17.20;770;102;4681.00;229
12692;102;628342096;12692;126;13465;13687;11.39;0.70;247.05;17.32;773;102;4682.00;222
12696;102;628342109;12696;123;13468;13687;11.52;0.71;247.07;17.32;772;102;4683.00;219
12701;102;628342121;12701;121;13471;13687;11.64;0.71;247.11;17.32;770;102;4684.00;216
12705;103;628342134;12705;120;13473;13687;11.78;0.72;247.09;17.32;768;103;4685.00;214
12708;103;628342155;12708;122;13477;13687;11.90;0.73;247.12;17.31;769;103;4686.00;210
12714;103;628342169;12714;125;13481;13687;11.92;0.73;247.14;17.31;767;103;4687.00;206
12716;103;628342184;12716;129;13484;13688;11.95;0.73;247.14;17.31;768;103;4688.00;204
12719;103;628342198;12719;126;13487;13689;11.97;0.73;247.15;17.31;768;103;4689.00;202
12723;103;628342212;12723;129;13490;13689;12.01;0.74;247.21;17.30;767;103;4690.00;199
12727;103;628342228;12727;126;13497;13693;12.00;0.74;247.19;17.30;770;103;4691.00;196
12731;103;628342242;12731;128;13501;13693;11.95;0.73;247.21;17.30;770;103;4692.00;192
12736;103;628342265;12736;128;13501;13693;11.89;0.73;247.21;17.30;765;103;4693.00;192
12738;103;628342278;12738;131;13501;13693;11.84;0.72;247.21;17.30;763;103;4694.00;192
12742;103;628342291;12742;126;13506;13699;11.74;0.72;247.23;17.32;764;103;4695.00;193
12747;103;628342305;12747;126;13508;13699;11.65;0.71;247.23;17.45;761;103;4696.00;191
12751;103;628342317;12751;132;13508;13699;11.67;0.71;247.21;17.45;757;103;4697.00;191
12757;103;628342329;12757;128;13510;13702;11.64;0.71;247.23;17.45;753;103;4698.00;192
12763;103;628342343;12763;126;13510;13702;11.72;0.72;247.21;17.45;747;103;4699.00;192
12764;103;628342356;12764;130;13511;13702;11.80;0.72;247.21;17.45;747;103;4700.00;191
12769;103;628342382;12769;130;13512;13703;11.79;0.72;247.25;17.58;743;103;4701.00;191
12772;103;628342396;12772;126;13513;13704;11.81;0.72;247.24;17.58;741;103;4702.00;191
12777;103;628342409;12777;125;13513;13704;11.88;0.72;247.30;17.58;736;103;4703.00;191
12778;103;628342424;12778;127;13522;13717;11.82;0.72;247.30;17.57;744;103;4704.00;195
12779;103;628342443;12779;125;13523;13717;11.76;0.72;247.31;17.71;744;103;4705.00;194
12783;103;628342455;12783;127;13525;13717;11.77;0.72;247.36;17.71;742;103;4706.00;192
12785;103;628342469;12785;127;13526;13718;11.77;0.72;247.37;17.70;741;103;4707.00;192
12789;103;628342482;12789;128;13526;13718;11.82;0.72;247.36;17.70;737;103;4708.00;192
12790;103;628342494;12790;129;13529;13722;11.77;0.72;247.34;17.70;739;103;4709.00;193
12793;103;628342517;12793;130;13530;13722;11.72;0.71;247.35;17.70;737;103;4710.00;192
12796;103;628342529;12796;129;13535;13726;11.59;0.71;247.39;17.83;739;103;4711.00;191
12798;103;628342542;12798;133;13535;13726;11.54;0.70;247.40;17.83;737;103;4712.00;191
12800;103;628342555;12800;140;13537;13726;11.48;0.70;247.40;17.83;737;103;4713.00;189
12806;103;628342567;12806;143;13537;13726;11.43;0.70;247.42;17.83;731;103;4714.00;189
12811;103;628342579;12811;145;13538;13726;11.27;0.68;247.45;17.83;727;103;4715.00;188
12816;103;628342591;12816;146;13548;13738;11.20;0.68;247.44;17.82;732;103;4716.00;190
12817;103;628342604;12817;152;13550;13738;11.04;0.67;247.44;17.95;733;103;4717.00;188
12818;103;628342624;12818;158;13551;13738;10.91;0.66;247.44;17.95;733;103;4718.00;187
12819;103;628342635;12819;165;13552;13738;10.80;0.66;247.43;17.95;733;103;4719.00;186
12821;103;628342648;12821;178;13553;13738;10.73;0.65;247.42;17.97;732;103;4720.00;185
12822;103;628342660;12822;182;13553;13738;10.68;0.65;247.43;17.97;731;103;4721.00;185
12825;103;628342673;12825;189;13554;13739;10.61;0.65;247.40;17.99;729;103;4722.00;185
12827;103;628342685;12827;195;13555;13739;10.54;0.64;247.42;18.00;728;103;4723.00;184
12830;103;628342705;12830;197;13560;13745;10.50;0.64;247.41;18.01;730;103;4724.00;185
12832;103;628342722;12832;202;13562;13747;10.41;0.63;247.42;18.01;730;103;4725.00;185
12834;103;628342733;12834;209;13564;13747;10.32;0.63;247.42;18.02;730;103;4726.00;183
12838;103;628342744;12838;217;13565;13747;10.23;0.62;247.39;18.04;727;103;4727.00;182
12840;103;628342755;12840;222;13570;13751;10.13;0.62;247.39;18.06;730;103;4728.00;181
12843;103;628342768;12843;226;13571;13751;9.94;0.61;247.44;18.08;728;103;4729.00;180
12843;103;628342779;12843;232;13572;13751;9.82;0.60;247.44;18.09;729;103;4730.00;179
12845;103;628342790;12845;240;13574;13752;9.67;0.59;247.44;18.10;729;103;4731.00;178
12847;103;628342800;12847;248;13579;13756;9.56;0.59;247.45;18.12;732;103;4732.00;177
12850;103;628342812;12850;251;13579;13756;9.52;0.58;247.44;18.12;729;103;4733.00;177
12853;103;628342828;12853;264;13582;13759;9.47;0.58;247.45;18.13;729;103;4734.00;177
12855;103;628342839;12855;271;13585;13759;9.39;0.58;247.53;18.15;730;103;4735.00;174
12857;103;628342850;12857;273;13585;13759;9.36;0.57;247.53;18.15;728;103;4736.00;174
12862;103;628342860;12862;277;13585;13759;9.27;0.57;247.58;18.15;723;103;4737.00;174
12864;103;628342870;12864;282;13590;13763;9.15;0.56;247.59;18.17;726;103;4738.00;173
12868;103;628342880;12868;283;13591;13763;9.03;0.55;247.62;18.17;723;103;4739.00;172
12872;103;628342892;12872;284;13593;13763;8.88;0.55;247.58;18.19;721;103;4740.00;170
12874;103;628342901;12874;285;13593;13763;8.77;0.54;247.59;18.19;719;103;4741.00;170
12878;103;628342910;12878;285;13595;13764;8.60;0.53;247.60;18.21;717;103;4742.00;169
12880;103;628342920;12880;282;13596;13765;8.52;0.52;247.60;18.21;716;103;4743.00;169
12882;103;628342930;12882;275;13598;13765;8.37;0.51;247.58;18.22;716;103;4744.00;167
12887;103;628342940;12887;274;13599;13766;8.28;0.51;247.59;18.22;712;103;4745.00;167
12887;103;628342950;12887;275;13599;13766;8.22;0.50;247.59;18.22;712;103;4746.00;167
12889;103;628342960;12889;276;13601;13766;8.15;0.50;247.58;18.24;712;103;4747.00;165
12892;103;628342970;12892;278;13601;13766;8.10;0.50;247.55;18.24;709;103;4748.00;165
12893;103;628342981;12893;277;13603;13766;8.02;0.49;247.54;18.26;710;103;4749.00;163
12899;103;628342991;12899;279;13603;13766;7.81;0.48;247.49;18.26;704;103;4750.00;163
12903;103;628343000;12903;285;13604;13766;7.68;0.47;247.47;18.27;701;103;4751.00;162
12906;103;628343010;12906;301;13669;13893;7.85;0.49;247.44;18.19;763;103;4752.00;224
12909;103;628343033;12909;300;13674;13894;7.70;0.48;247.42;18.19;765;103;4753.00;220
12910;103;628343043;12910;297;13682;13894;7.69;0.48;247.43;18.18;772;103;4754.00;212
12913;103;628343053;12913;302;13687;13894;7.64;0.48;247.44;18.18;774;103;4755.00;207
12916;103;628343063;12916;304;13691;13894;7.57;0.47;247.42;18.18;775;103;4756.00;203
12919;103;628343072;12919;303;13700;13894;7.55;0.47;247.43;18.19;781;103;4757.00;194
12922;103;628343082;12922;305;13706;13894;7.51;0.47;247.39;18.20;784;103;4758.00;188
12928;103;628343091;12928;311;13712;13894;7.40;0.46;247.39;18.20;784;103;4759.00;182
12930;103;628343100;12930;310;13717;13895;7.30;0.45;247.39;18.20;787;103;4760.00;178
12934;103;628343110;12934;307;13721;13896;7.21;0.45;247.37;18.21;787;103;4761.00;175
12934;103;628343119;12934;314;13722;13896;7.14;0.44;247.37;18.21;788;103;4762.00;174
12937;103;628343129;12937;319;13725;13897;7.05;0.44;247.36;18.22;788;103;4763.00;172
12937;103;628343140;12937;323;13727;13897;7.02;0.44;247.36;18.22;790;103;4764.00;170
12942;103;628343149;12942;327;13729;13897;6.90;0.43;247.37;18.23;787;103;4765.00;168
12944;103;628343160;12944;333;13732;13897;6.88;0.43;247.37;18.24;788;103;4766.00;165
12945;103;628343170;12945;334;13735;13901;6.93;0.43;247.39;18.24;790;103;4767.00;166
12947;103;628343181;12947;322;13739;13901;6.92;0.43;247.39;18.25;792;103;4768.00;162
12951;103;628343192;12951;326;13739;13901;6.88;0.43;247.45;18.25;788;103;4769.00;162
12952;103;628343204;12952;325;13743;13907;6.94;0.43;247.44;18.25;791;103;4770.00;164
12957;103;628343214;12957;322;13743;13907;6.86;0.42;247.44;18.25;786;103;4771.00;164
12960;103;628343225;12960;324;13745;13907;6.75;0.42;247.43;18.38;785;103;4772.00;162
12965;103;628343236;12965;319;13748;13911;6.71;0.41;247.40;18.38;783;103;4773.00;163
12969;103;628343248;12969;327;13750;13912;6.70;0.41;247.40;18.38;781;103;4774.00;162
12972;103;628343258;12972;324;13750;13912;6.63;0.41;247.40;18.38;778;103;4775.00;162
12973;103;628343269;12973;328;13754;13916;6.69;0.41;247.38;18.37;781;103;4776.00;162
12976;103;628343279;12976;334;13754;13916;6.67;0.41;247.40;18.37;778;103;4777.00;162
12980;103;628343289;12980;336;13755;13916;6.63;0.41;247.40;18.37;775;103;4778.00;161
12981;103;628343299;12981;323;13756;13917;6.62;0.41;247.39;18.37;775;103;4779.00;161
12984;103;628343309;12984;315;13757;13917;6.60;0.40;247.39;18.37;773;103;4780.00;160
12987;103;628343320;12987;306;13760;13923;6.61;0.40;247.38;18.36;773;103;4781.00;163
12989;103;628343330;12989;298;13761;13923;6.69;0.41;247.38;18.36;772;103;4782.00;162
12992;103;628343340;12992;294;13761;13924;6.77;0.41;247.39;18.36;769;103;4783.00;163
12995;103;628343349;12995;294;13762;13924;6.90;0.42;247.37;18.36;767;103;4784.00;162
12997;103;628343360;12997;290;13762;13924;7.03;0.43;247.36;18.36;765;103;4785.00;162
12998;104;628343374;12998;289;13762;13924;7.18;0.44;247.37;18.36;764;104;4786.00;162
13002;104;628343397;13002;286;13762;13924;7.31;0.45;247.34;18.36;760;104;4787.00;162
13005;104;628343407;13005;283;13771;13936;7.47;0.46;247.37;18.35;766;104;4788.00;165
13010;104;628343424;13010;281;13771;13936;7.50;0.46;247.37;18.35;761;104;4789.00;165
13013;104;628343440;13013;276;13773;13936;7.60;0.46;247.38;18.35;760;104;4790.00;163
13014;104;628343450;13014;274;13773;13936;7.65;0.47;247.38;18.35;759;104;4791.00;163
13018;104;628343460;13018;273;13773;13936;7.72;0.47;247.38;18.35;755;104;4792.00;163
13020;104;628343471;13020;279;13773;13936;7.90;0.48;247.38;18.35;753;104;4793.00;163
13021;104;628343482;13021;279;13776;13940;8.11;0.49;247.38;18.34;755;104;4794.00;164
13025;104;628343492;13025;276;13776;13940;8.14;0.49;247.38;18.34;751;104;4795.00;164
13027;104;628343503;13027;277;13779;13944;8.24;0.50;247.39;18.34;752;104;4796.00;165
13028;104;628343514;13028;277;13780;13945;8.33;0.51;247.39;18.34;752;104;4797.00;165
13030;104;628343525;13030;274;13781;13945;8.35;0.51;247.39;18.34;751;104;4798.00;164
13031;104;628343537;13031;273;13781;13945;8.33;0.51;247.40;18.34;750;104;4799.00;164
13034;104;628343549;13034;280;13802;13986;8.40;0.51;247.41;18.31;768;104;4800.00;184
13037;104;628343567;13037;270;13803;13986;8.37;0.51;247.42;18.31;766;104;4801.00;183
13040;104;628343577;13040;265;13805;13986;8.33;0.51;247.43;18.31;765;104;4802.00;181
13042;104;628343587;13042;264;13807;13987;8.36;0.51;247.43;18.30;765;104;4803.00;180
13046;104;628343598;13046;266;13808;13988;8.37;0.51;247.43;18.30;762;104;4804.00;180
13049;104;628343608;13049;267;13808;13988;8.38;0.51;247.44;18.30;759;104;4805.00;180
13052;104;628343619;13052;271;13812;13991;8.42;0.51;247.44;18.30;760;104;4806.00;179
13055;104;628343629;13055;262;13814;13991;8.45;0.51;247.43;18.30;759;104;4807.00;177
13060;104;628343640;13060;256;13815;13991;8.40;0.51;247.47;18.30;755;104;4808.00;176
13062;104;628343656;13062;251;13815;13991;8.43;0.51;247.51;18.30;753;104;4809.00;176
13065;104;628343674;13065;244;13820;13997;8.44;0.51;247.55;18.29;755;104;4810.00;177
13072;104;628343691;13072;243;13820;13997;8.42;0.51;247.56;18.29;748;104;4811.00;177
13074;104;628343711;13074;242;13822;13997;8.50;0.51;247.60;18.29;748;104;4812.00;175
13078;104;628343728;13078;238;13822;13997;8.54;0.52;247.63;18.29;744;104;4813.00;175
13083;104;628343743;13083;237;13825;14001;8.53;0.52;247.62;18.29;742;104;4814.00;176
13086;104;628343768;13086;235;13827;14003;8.62;0.52;247.63;18.28;741;104;4815.00;176
13088;104;628343781;13088;215;13827;14003;8.76;0.53;247.62;18.28;739;104;4816.00;176
13089;104;628343793;13089;202;13829;14004;8.93;0.54;247.64;18.28;740;104;4817.00;175
13092;104;628343805;13092;187;13829;14004;9.07;0.55;247.66;18.28;737;104;4818.00;175
13094;104;628343817;13094;179;13829;14004;9.27;0.56;247.65;18.28;735;104;4819.00;175
13098;104;628343831;13098;167;13829;14004;9.40;0.57;247.65;18.28;731;104;4820.00;175
13100;104;628343850;13100;159;13829;14004;9.60;0.58;247.68;18.28;729;104;4821.00;175
13101;104;628343863;13101;153;13830;14004;9.78;0.59;247.67;18.28;729;104;4822.00;174
13104;104;628343876;13104;145;13830;14004;9.90;0.60;247.67;18.28;726;104;4823.00;174
13106;104;628343888;13106;159;13871;14074;9.85;0.60;247.70;18.23;765;104;4824.00;203
13108;104;628343907;13108;152;13871;14075;10.05;0.61;247.70;18.23;763;104;4825.00;204
13111;104;628343921;13111;140;13875;14075;10.20;0.62;247.68;18.22;764;104;4826.00;200
13114;104;628343934;13114;131;13876;14075;10.35;0.63;247.69;18.22;762;104;4827.00;199
13116;104;628343948;13116;126;13881;14077;10.50;0.64;247.70;18.22;765;104;4828.00;196
13120;104;628343961;13120;119;13884;14077;10.60;0.64;247.72;18.22;764;104;4829.00;193
13123;104;628343984;13123;116;13888;14077;10.69;0.65;247.74;18.21;765;104;4830.00;189
13127;104;628344008;13127;120;13890;14077;10.75;0.65;247.73;18.21;763;104;4831.00;187
13129;104;628344021;13129;121;13893;14078;10.77;0.65;247.76;18.21;764;104;4832.00;185
13131;104;628344034;13131;121;13896;14079;10.80;0.66;247.74;18.21;765;104;4833.00;183
13136;104;628344046;13136;121;13899;14079;10.88;0.66;247.75;18.21;763;104;4834.00;180
13138;104;628344059;13138;124;13903;14083;10.91;0.66;247.77;18.20;765;104;4835.00;180
13142;104;628344072;13142;129;13904;14083;10.99;0.67;247.77;18.20;762;104;4836.00;179
13143;104;628344094;13143;133;13904;14083;11.02;0.67;247.80;18.20;761;104;4837.00;179
13146;104;628344106;13146;132;13904;14083;11.04;0.67;247.82;18.20;758;104;4838.00;179
13148;104;628344118;13148;137;13910;14089;11.05;0.67;247.85;18.19;762;104;4839.00;179
13149;104;628344132;13149;139;13910;14089;11.10;0.68;247.85;18.19;761;104;4840.00;179
13153;104;628344145;13153;142;13910;14089;11.22;0.68;247.93;18.19;757;104;4841.00;179
13156;104;628344158;13156;144;13913;14092;11.34;0.69;247.91;18.19;757;104;4842.00;179
13157;104;628344170;13157;141;13913;14092;11.48;0.70;247.90;18.19;756;104;4843.00;179
13162;104;628344182;13162;144;13914;14092;11.56;0.70;247.91;18.33;752;104;4844.00;178
13163;104;628344196;13163;143;13914;14093;11.59;0.70;247.89;18.33;751;104;4845.00;179
13166;104;628344208;13166;142;13915;14094;11.61;0.71;247.90;18.33;749;104;4846.00;179
13169;104;628344221;13169;145;13915;14094;11.67;0.71;247.92;18.33;746;104;4847.00;179
13170;104;628344234;13170;147;13926;14107;11.70;0.71;247.91;18.31;756;104;4848.00;181
13175;104;628344246;13175;141;13926;14107;11.69;0.71;247.95;18.31;751;104;4849.00;181
13179;104;628344259;13179;138;13926;14107;11.74;0.72;247.98;18.31;747;104;4850.00;181
13183;104;628344271;13183;140;13927;14108;11.78;0.72;248.01;18.31;744;104;4851.00;181
13186;104;628344284;13186;140;13927;14108;11.79;0.72;248.04;18.31;741;104;4852.00;181
13189;104;628344296;13189;144;13930;14112;11.76;0.72;248.03;18.31;741;104;4853.00;182
13194;104;628344308;13194;141;13930;14112;11.69;0.71;248.04;18.31;736;104;4854.00;182
13199;104;628344320;13199;143;13934;14116;11.61;0.71;248.08;18.30;735;104;4855.00;182
13205;104;628344332;13205;139;13934;14116;11.54;0.70;248.03;18.30;729;104;4856.00;182
13209;104;628344344;13209;141;13934;14116;11.46;0.69;248.06;18.30;725;104;4857.00;182
13212;104;628344355;13212;143;13934;14116;11.38;0.69;248.08;18.30;722;104;4858.00;182
13216;104;628344366;13216;142;13934;14116;11.36;0.69;248.06;18.30;718;104;4859.00;182
13220;104;628344379;13220;145;13954;14150;11.32;0.69;248.09;18.28;734;104;4860.00;196
13223;104;628344393;13223;141;13955;14150;11.27;0.69;248.12;18.41;732;104;4861.00;195
13225;104;628344404;13225;139;13957;14150;11.29;0.69;248.11;18.41;732;104;4862.00;193
13228;104;628344415;13228;130;13958;14150;11.35;0.69;248.10;18.41;730;104;4863.00;192
13232;104;628344425;13232;129;13958;14150;11.42;0.70;248.13;18.41;726;104;4864.00;192
13235;104;628344436;13235;131;13960;14150;11.53;0.70;248.13;18.42;725;104;4865.00;190
13238;104;628344449;13238;129;13960;14151;11.58;0.71;248.14;18.42;722;104;4866.00;191
13245;104;628344460;13245;126;13961;14151;11.67;0.71;248.13;18.42;716;104;4867.00;190
13249;104;628344472;13249;127;13964;14157;11.73;0.71;248.14;18.42;715;104;4868.00;193
13251;104;628344484;13251;126;13966;14158;11.70;0.71;248.15;18.42;715;104;4869.00;192
13254;104;628344496;13254;121;13967;14158;11.60;0.70;248.17;18.43;713;104;4870.00;191
13257;105;628344507;13257;122;13968;14158;11.54;0.70;248.21;18.43;711;105;4871.00;190
13260;105;628344537;13260;126;13971;14162;11.41;0.69;248.20;18.43;711;105;4872.00;191
13262;105;628344554;13262;135;13972;14162;11.36;0.69;248.18;18.42;710;105;4873.00;190
13263;105;628344566;13263;133;13972;14162;11.37;0.69;248.18;18.42;709;105;4874.00;190
13265;105;628344576;13265;137;13973;14163;11.34;0.69;248.19;18.42;708;105;4875.00;190
13266;105;628344587;13266;138;13977;14167;11.33;0.69;248.18;18.42;711;105;4876.00;190
13270;105;628344598;13270;138;13978;14167;11.37;0.69;248.15;18.55;708;105;4877.00;189
13273;105;628344609;13273;138;13980;14170;11.42;0.70;248.14;18.55;707;105;4878.00;190
13276;105;628344626;13276;138;13983;14170;11.44;0.70;248.11;18.68;707;105;4879.00;187
13280;105;628344636;13280;142;13984;14170;11.39;0.70;248.10;18.68;704;105;4880.00;186
13282;105;628344647;13282;142;13984;14170;11.39;0.70;248.09;18.68;702;105;4881.00;186
13285;105;628344663;13285;146;13987;14174;11.37;0.69;248.09;18.68;702;105;4882.00;187
13288;105;628344673;13288;150;13987;14174;11.29;0.69;248.14;18.68;699;105;4883.00;187
13294;105;628344684;13294;150;13988;14174;11.23;0.68;248.13;18.67;694;105;4884.00;186
13295;105;628344696;13295;153;13988;14174;11.16;0.68;248.14;18.67;693;105;4885.00;186
13300;105;628344706;13300;154;13989;14175;10.98;0.67;248.12;18.69;689;105;4886.00;186
13305;105;628344716;13305;159;13990;14176;10.88;0.66;248.11;18.69;685;105;4887.00;186
13307;105;628344725;13307;161;13990;14176;10.83;0.66;248.10;18.69;683;105;4888.00;186
13310;105;628344736;13310;168;13991;14177;10.80;0.66;248.13;18.68;681;105;4889.00;186
13310;105;628344747;13310;172;13993;14177;10.78;0.66;248.13;18.71;683;105;4890.00;184
13312;105;628344757;13312;183;13993;14177;10.77;0.66;248.19;18.71;681;105;4891.00;184
13314;105;628344766;13314;186;13993;14177;10.74;0.65;248.19;18.71;679;105;4892.00;184
13318;105;628344776;13318;189;13995;14177;10.64;0.65;248.22;18.74;677;105;4893.00;182
13321;105;628344785;13321;194;13995;14177;10.55;0.64;248.21;18.74;674;105;4894.00;182
13322;105;628344794;13322;195;13996;14177;10.46;0.64;248.22;18.75;674;105;4895.00;181
13325;105;628344803;13325;216;14061;14304;10.40;0.64;248.26;18.68;736;105;4896.00;243
13329;105;628344822;13329;213;14064;14305;10.35;0.64;248.25;18.68;735;105;4897.00;241
13331;105;628344837;13331;211;14074;14305;10.44;0.64;248.23;18.69;743;105;4898.00;231
13333;105;628344847;13333;218;14081;14305;10.35;0.64;248.21;18.69;748;105;4899.00;224
13334;105;628344857;13334;221;14087;14305;10.34;0.64;248.20;18.68;753;105;4900.00;218
13338;105;628344870;13338;222;14094;14305;10.28;0.63;248.22;18.70;756;105;4901.00;211
13338;105;628344880;13338;223;14099;14305;10.20;0.63;248.22;18.70;761;105;4902.00;206
13341;105;628344889;13341;228;14104;14305;10.12;0.62;248.23;18.71;763;105;4903.00;201
13343;105;628344903;13343;230;14109;14306;10.04;0.62;248.21;18.71;766;105;4904.00;197
13345;105;628344913;13345;242;14113;14308;9.91;0.61;248.17;18.71;768;105;4905.00;195
13348;105;628344923;13348;245;14118;14308;9.71;0.60;248.14;18.73;770;105;4906.00;190
13350;105;628344933;13350;255;14120;14309;9.48;0.58;248.12;18.74;770;105;4907.00;189
13351;105;628344942;13351;261;14122;14309;9.23;0.57;248.11;18.73;771;105;4908.00;187
13354;105;628344951;13354;268;14124;14309;8.95;0.55;248.09;18.75;770;105;4909.00;185
13356;105;628344960;13356;270;14126;14309;8.74;0.54;248.08;18.75;770;105;4910.00;183
13359;105;628344971;13359;275;14131;14313;8.52;0.53;248.07;18.77;772;105;4911.00;182
13361;105;628344981;13361;283;14133;14313;8.28;0.51;248.04;18.77;772;105;4912.00;180
13363;105;628344991;13363;292;14134;14313;8.11;0.50;248.04;18.77;771;105;4913.00;179
13364;105;628345001;13364;297;14138;14316;8.08;0.50;248.05;18.78;774;105;4914.00;178
13366;105;628345011;13366;303;14138;14316;8.01;0.49;248.04;18.78;772;105;4915.00;178
13367;105;628345020;13367;307;14141;14316;7.96;0.49;248.04;18.80;774;105;4916.00;175
13367;105;628345029;13367;310;14144;14320;7.94;0.49;248.04;18.79;777;105;4917.00;176
13368;105;628345039;13368;311;14148;14321;7.88;0.49;248.03;18.81;780;105;4918.00;173
13371;105;628345048;13371;317;14148;14321;7.77;0.48;248.03;18.81;777;105;4919.00;173
13372;105;628345059;13372;325;14153;14326;7.73;0.48;248.08;18.80;781;105;4920.00;173
13375;105;628345068;13375;331;14155;14326;7.63;0.47;248.06;18.81;780;105;4921.00;171
13381;105;628345077;13381;332;14156;14326;7.42;0.46;248.04;18.81;775;105;4922.00;170
13384;105;628345087;13384;336;14159;14327;7.27;0.45;248.01;18.83;775;105;4923.00;168
13387;105;628345096;13387;329;14159;14327;7.05;0.43;247.99;18.83;772;105;4924.00;168
13388;105;628345105;13388;327;14165;14333;6.95;0.43;247.98;18.83;777;105;4925.00;168
13393;105;628345115;13393;333;14166;14333;6.64;0.41;247.99;18.83;773;105;4926.00;167
13395;105;628345124;13395;340;14166;14334;6.48;0.40;248.00;18.83;771;105;4927.00;168
13399;105;628345132;13399;347;14167;14334;6.24;0.39;248.01;18.85;768;105;4928.00;167
13403;105;628345141;13403;352;14168;14334;6.06;0.37;248.01;18.86;765;105;4929.00;166
13405;105;628345149;13405;346;14168;14334;5.99;0.37;247.98;18.86;763;105;4930.00;166
13406;105;628345157;13406;337;14169;14334;5.94;0.37;248.00;18.87;763;105;4931.00;165
13407;105;628345166;13407;326;14180;14346;5.99;0.37;248.01;18.87;773;105;4932.00;166
13408;105;628345175;13408;315;14181;14346;5.98;0.37;248.03;18.88;773;105;4933.00;165
13410;105;628345183;13410;307;14182;14346;5.98;0.37;248.03;18.88;772;105;4934.00;164
13414;105;628345192;13414;302;14182;14346;5.98;0.37;248.08;18.88;768;105;4935.00;164
13416;105;628345201;13416;307;14182;14346;6.06;0.37;248.10;18.88;766;105;4936.00;164
13418;105;628345209;13418;299;14182;14346;6.16;0.38;248.08;18.88;764;105;4937.00;164
13422;105;628345219;13422;292;14185;14350;6.30;0.39;248.08;18.88;763;105;4938.00;165
13427;105;628345229;13427;281;14185;14350;6.50;0.40;248.07;18.88;758;105;4939.00;165
13429;105;628345238;13429;270;14188;14354;6.73;0.41;248.05;18.87;759;105;4940.00;166
13432;105;628345249;13432;266;14189;14355;6.91;0.42;248.09;18.87;757;105;4941.00;166
13434;105;628345259;13434;257;14190;14355;7.04;0.43;248.09;18.87;756;105;4942.00;165
13437;105;628345269;13437;246;14191;14355;7.11;0.43;248.10;19.00;754;105;4943.00;164
13438;105;628345281;13438;239;14201;14368;7.33;0.45;248.09;18.99;763;105;4944.00;167
13442;105;628345291;13442;246;14201;14368;7.41;0.45;248.09;18.99;759;105;4945.00;167
13444;105;628345301;13444;240;14202;14368;7.58;0.46;248.10;18.99;758;105;4946.00;166
13447;105;628345310;13447;238;14203;14369;7.72;0.47;248.08;18.99;756;105;4947.00;166
13452;105;628345320;13452;239;14203;14370;7.77;0.47;248.07;18.99;751;105;4948.00;167
13456;105;628345330;13456;237;14203;14370;7.83;0.48;248.06;18.99;747;105;4949.00;167
13460;105;628345342;13460;233;14207;14379;7.91;0.48;248.06;18.98;747;105;4950.00;172
13461;105;628345353;13461;232;14207;14379;8.03;0.49;248.07;18.98;746;105;4951.00;172
13465;105;628345362;13465;228;14209;14379;8.09;0.49;248.07;18.98;744;105;4952.00;170
13468;105;628345373;13468;226;14209;14379;8.18;0.50;248.06;18.98;741;105;4953.00;170
13473;105;628345383;13473;225;14213;14385;8.31;0.50;248.08;18.98;740;105;4954.00;172
13474;105;628345394;13474;218;14213;14385;8.39;0.51;248.09;18.98;739;105;4955.00;172
13479;105;628345405;13479;219;14214;14385;8.46;0.51;248.08;18.98;735;105;4956.00;171
13479;105;628345415;13479;219;14215;14385;8.50;0.52;248.08;18.97;736;105;4957.00;170
13483;105;628345424;13483;213;14219;14389;8.54;0.52;248.08;18.97;736;105;4958.00;170
13485;105;628345435;13485;215;14220;14390;8.62;0.52;248.09;18.97;735;105;4959.00;170
13492;105;628345446;13492;214;14221;14390;8.57;0.52;248.13;18.97;729;105;4960.00;169
13496;105;628345461;13496;218;14222;14391;8.61;0.52;248.13;18.97;726;105;4961.00;169
13500;105;628345473;13500;218;14222;14391;8.64;0.52;248.15;18.97;722;105;4962.00;169
13506;105;628345484;13506;217;14222;14391;8.69;0.53;248.17;18.97;716;105;4963.00;169
13513;105;628345494;13513;219;14222;14391;8.69;0.53;248.16;18.97;709;105;4964.00;169
13517;105;628345505;13517;216;14222;14391;8.71;0.53;248.13;18.97;705;105;4965.00;169
13521;105;628345515;13521;213;14222;14391;8.70;0.53;248.15;18.97;701;105;4966.00;169
13524;105;628345526;13524;210;14222;14391;8.66;0.53;248.17;18.97;698;105;4967.00;169
13529;105;628345536;13529;227;14265;14461;8.76;0.53;248.18;18.91;736;105;4968.00;196
13531;105;628345552;13531;219;14266;14462;8.84;0.54;248.22;18.91;735;105;4969.00;196
13535;105;628345562;13535;212;14273;14462;8.98;0.55;248.24;18.90;738;105;4970.00;189
13540;105;628345572;13540;208;14273;14462;8.99;0.55;248.29;18.90;733;105;4971.00;189
13542;105;628345583;13542;207;14278;14462;9.18;0.56;248.31;18.89;736;105;4972.00;184
13546;105;628345595;13546;208;14279;14462;9.28;0.57;248.37;18.89;733;105;4973.00;183
13551;105;628345606;13551;209;14282;14462;9.31;0.57;248.38;18.89;731;105;4974.00;180
13556;105;628345622;13556;211;14284;14462;9.31;0.57;248.38;18.89;728;105;4975.00;178
13560;105;628345634;13560;213;14286;14463;9.27;0.56;248.41;18.89;726;105;4976.00;177
13563;105;628345645;13563;202;14289;14464;9.25;0.56;248.44;18.88;726;105;4977.00;175
13565;105;628345672;13565;201;14290;14464;9.28;0.57;248.47;18.88;725;105;4978.00;174
13569;105;628345691;13569;201;14293;14468;9.28;0.57;248.49;18.88;724;105;4979.00;175
13572;105;628345720;13572;190;14293;14468;9.35;0.57;248.51;18.88;721;105;4980.00;175
13574;105;628345738;13574;193;14293;14468;9.45;0.58;248.52;18.88;719;105;4981.00;175
13579;105;628345757;13579;191;14293;14468;9.51;0.58;248.56;18.88;714;105;4982.00;175
13581;105;628345779;13581;188;14297;14474;9.60;0.58;248.57;18.87;716;105;4983.00;177
13583;105;628345793;13583;188;14297;14474;9.70;0.59;248.57;18.87;714;105;4984.00;177
13586;105;628345814;13586;187;14298;14474;9.81;0.60;248.60;18.87;712;105;4985.00;176
13589;105;628345839;13589;174;14300;14477;9.97;0.61;248.61;18.87;711;105;4986.00;177
13592;105;628345853;13592;160;14301;14477;10.22;0.62;248.61;18.87;709;105;4987.00;176
13593;105;628345866;13593;146;14301;14477;10.43;0.64;248.62;18.87;708;105;4988.00;176
13596;105;628345886;13596;135;14301;14478;10.64;0.65;248.61;18.87;705;105;4989.00;177
13599;105;628345898;13599;125;14302;14479;10.85;0.66;248.61;18.87;703;105;4990.00;177
13602;105;628345911;13602;122;14302;14479;11.03;0.67;248.61;18.87;700;105;4991.00;177
13604;105;628345924;13604;122;14313;14492;11.25;0.69;248.62;18.85;709;105;4992.00;179
13607;105;628345938;13607;114;14313;14492;11.28;0.69;248.62;18.85;706;105;4993.00;179
13612;105;628345951;13612;105;14314;14492;11.29;0.69;248.62;18.99;702;105;4994.00;178
13615;105;628345964;13615;104;14316;14494;11.42;0.70;248.60;18.99;701;105;4995.00;178
13617;105;628345977;13617;105;14316;14494;11.53;0.70;248.61;18.99;699;105;4996.00;178
13621;105;628345990;13621;107;14319;14498;11.59;0.71;248.66;18.98;698;105;4997.00;179
13625;105;628346010;13625;108;14319;14498;11.65;0.71;248.65;18.98;694;105;4998.00;179
13629;105;628346022;13629;112;14323;14502;11.62;0.71;248.65;18.98;694;105;4999.00;179
13633;105;628346036;13633;112;14323;14502;11.67;0.71;248.66;18.98;690;105;5000.00;179
13636;105;628346054;13636;111;14323;14502;11.73;0.71;248.68;18.98;687;105;5001.00;179
13638;105;628346066;13638;106;14323;14502;11.84;0.72;248.69;18.98;685;105;5002.00;179
13641;105;628346078;13641;111;14323;14502;11.85;0.72;248.69;18.98;682;105;5003.00;179
13643;105;628346091;13643;113;14333;14514;11.88;0.72;248.68;18.96;690;105;5004.00;181
13646;105;628346104;13646;112;14333;14514;11.92;0.72;248.67;18.96;687;105;5005.00;181
13648;105;628346117;13648;111;14334;14514;11.97;0.73;248.70;18.96;686;105;5006.00;180
13652;105;628346130;13652;109;14334;14514;12.08;0.73;248.70;18.96;682;105;5007.00;180
13654;105;628346148;13654;108;14334;14514;12.16;0.74;248.70;18.96;680;105;5008.00;180
13657;105;628346160;13657;109;14334;14514;12.27;0.74;248.72;18.96;677;105;5009.00;180
13660;105;628346173;13660;111;14334;14515;12.31;0.74;248.72;18.96;674;105;5010.00;181
13663;105;628346185;13663;110;14334;14515;12.36;0.75;248.74;18.96;671;105;5011.00;181
13664;106;628346204;13664;111;14338;14521;12.40;0.75;248.76;18.96;674;106;5012.00;183
13666;106;628346223;13666;113;14339;14522;12.51;0.76;248.78;18.96;673;106;5013.00;183
13670;106;628346235;13670;115;14340;14522;12.56;0.76;248.79;18.95;670;106;5014.00;182
13673;106;628346258;13673;117;14340;14522;12.59;0.77;248.84;18.95;667;106;5015.00;182
13675;106;628346269;13675;116;14343;14526;12.63;0.77;248.85;18.95;668;106;5016.00;183
13675;106;628346280;13675;120;14343;14526;12.56;0.76;248.85;18.95;668;106;5017.00;183
13678;107;628346298;13678;119;14343;14526;12.45;0.76;248.85;18.95;665;107;5018.00;183
13682;107;628346317;13682;118;14344;14527;12.32;0.75;248.83;18.95;662;107;5019.00;183
13684;107;628346332;13684;119;14347;14531;12.22;0.74;248.82;18.95;663;107;5020.00;184
13689;107;628346343;13689;130;14347;14531;12.21;0.74;248.84;18.95;658;107;5021.00;184
13692;107;628346354;13692;135;14349;14534;12.17;0.74;248.83;18.94;657;107;5022.00;185
13695;107;628346365;13695;139;14349;14534;12.12;0.74;248.84;18.94;654;107;5023.00;185
13696;107;628346375;13696;143;14350;14534;12.07;0.73;248.84;18.94;654;107;5024.00;184
13699;107;628346385;13699;143;14351;14534;12.02;0.73;248.85;19.08;652;107;5025.00;183
13704;107;628346396;13704;142;14354;14538;11.94;0.73;248.85;19.07;650;107;5026.00;184
13706;107;628346407;13706;143;14354;14538;11.89;0.72;248.85;19.07;648;107;5027.00;184
13708;107;628346417;13708;147;14355;14538;11.90;0.72;248.85;19.07;647;107;5028.00;183
13713;107;628346426;13713;145;14355;14538;11.90;0.72;248.88;19.07;642;107;5029.00;183
13717;107;628346435;13717;139;14355;14539;11.83;0.72;248.88;19.07;638;107;5030.00;184
13723;107;628346445;13723;132;14356;14540;11.76;0.71;248.90;19.07;633;107;5031.00;184
13729;107;628346455;13729;123;14356;14540;11.66;0.71;248.88;19.07;627;107;5032.00;184
13732;107;628346464;13732;121;14357;14541;11.71;0.71;248.94;19.07;625;107;5033.00;184
13738;107;628346475;13738;118;14358;14541;11.66;0.71;248.91;19.09;620;107;5034.00;183
13741;107;628346486;13741;113;14358;14541;11.62;0.71;248.89;19.09;617;107;5035.00;183
13744;107;628346496;13744;114;14359;14541;11.64;0.71;248.88;19.11;615;107;5036.00;182
13748;107;628346505;13748;110;14359;14541;11.83;0.72;248.86;19.11;611;107;5037.00;182
13750;107;628346515;13750;109;14359;14541;11.93;0.73;248.86;19.11;609;107;5038.00;182
13752;107;628346524;13752;111;14359;14541;11.98;0.73;248.87;19.11;607;107;5039.00;182
13758;107;628346542;13758;145;14456;14771;11.56;0.72;248.83;18.98;698;107;5040.00;315
13760;107;628346570;13760;142;14458;14772;11.59;0.72;248.81;18.98;698;107;5041.00;314
13765;107;628346580;13765;133;14469;14772;11.57;0.72;248.82;18.96;704;107;5042.00;303
13766;107;628346591;13766;132;14474;14772;11.56;0.72;248.81;18.96;708;107;5043.00;298
13770;107;628346603;13770;128;14482;14772;11.49;0.71;248.83;19.08;712;107;5044.00;290
13771;107;628346614;13771;129;14490;14772;11.40;0.71;248.83;19.08;719;107;5045.00;282
13773;108;628346625;13773;122;14496;14772;11.33;0.70;248.84;19.07;723;108;5046.00;276
13776;108;628346653;13776;126;14501;14772;11.26;0.70;248.84;19.07;725;108;5047.00;271
13777;108;628346670;13777;129;14506;14773;11.19;0.69;248.83;19.06;729;108;5048.00;267
13779;108;628346680;13779;134;14510;14774;11.17;0.69;248.81;19.06;731;108;5049.00;264
13782;108;628346690;13782;135;14514;14774;11.15;0.69;248.78;19.06;732;108;5050.00;260
13782;108;628346702;13782;140;14517;14775;11.09;0.69;248.78;19.06;735;108;5051.00;258
13784;108;628346716;13784;142;14520;14775;10.96;0.68;248.78;19.05;736;108;5052.00;255
13786;108;628346726;13786;145;14524;14775;10.93;0.67;248.77;19.05;738;108;5053.00;251
13788;108;628346743;13788;146;14527;14775;10.88;0.67;248.79;19.05;739;108;5054.00;248
13792;108;628346755;13792;154;14532;14779;10.74;0.66;248.76;19.05;740;108;5055.00;247
13792;109;628346766;13792;163;14535;14779;10.67;0.66;248.76;19.05;743;109;5056.00;244
13793;109;628346792;13793;169;14537;14779;10.58;0.65;248.75;19.05;744;109;5057.00;242
13794;109;628346808;13794;171;14541;14782;10.49;0.64;248.75;19.05;747;109;5058.00;241
13796;109;628346819;13796;180;14545;14782;10.44;0.64;248.74;19.07;749;109;5059.00;237
13798;109;628346829;13798;187;14548;14782;10.31;0.63;248.72;19.07;750;109;5060.00;234
13800;109;628346839;13800;194;14554;14786;10.22;0.62;248.72;19.07;754;109;5061.00;232
13802;109;628346850;13802;194;14560;14787;10.09;0.62;248.69;19.09;758;109;5062.00;227
13807;109;628346864;13807;204;14563;14787;9.99;0.61;248.66;19.10;756;109;5063.00;224
13809;109;628346875;13809;222;14568;14791;9.87;0.60;248.66;19.12;759;109;5064.00;223
13814;109;628346886;13814;226;14570;14791;9.72;0.59;248.65;19.12;756;109;5065.00;221
13815;109;628346896;13815;241;14572;14791;9.58;0.58;248.64;19.14;757;109;5066.00;219
13815;109;628346906;13815;249;14576;14792;9.44;0.58;248.64;19.14;761;109;5067.00;216
13816;109;628346916;13816;254;14578;14792;9.32;0.57;248.69;19.14;762;109;5068.00;214
13817;109;628346932;13817;264;14584;14798;9.19;0.56;248.71;19.16;767;109;5069.00;214
13819;109;628346949;13819;276;14587;14798;9.05;0.55;248.69;19.16;768;109;5070.00;211
13820;109;628346959;13820;287;14588;14799;8.80;0.54;248.68;19.16;768;109;5071.00;211
13820;109;628346970;13820;294;14591;14799;8.61;0.53;248.68;19.18;771;109;5072.00;208
13824;109;628346980;13824;310;14591;14799;8.43;0.52;248.64;19.18;767;109;5073.00;208
13826;109;628346995;13826;321;14592;14799;8.26;0.51;248.61;19.20;766;109;5074.00;207
13828;109;628347005;13828;332;14595;14799;8.12;0.50;248.60;19.20;767;109;5075.00;204
13828;109;628347014;13828;341;14606;14811;8.00;0.49;248.60;19.19;778;109;5076.00;205
13828;109;628347024;13828;349;14612;14811;7.81;0.48;248.60;19.21;784;109;5077.00;199
13830;109;628347039;13830;360;14612;14811;7.66;0.47;248.58;19.21;782;109;5078.00;199
13831;109;628347048;13831;363;14613;14811;7.53;0.46;248.57;19.21;782;109;5079.00;198
13833;109;628347057;13833;367;14615;14811;7.40;0.45;248.56;19.23;782;109;5080.00;196
13833;109;628347067;13833;373;14616;14811;7.30;0.45;248.56;19.23;783;109;5081.00;195
13833;109;628347078;13833;369;14620;14815;7.27;0.45;248.56;19.25;787;109;5082.00;195
13834;109;628347087;13834;359;14622;14815;7.22;0.44;248.54;19.25;788;109;5083.00;193
13834;109;628347097;13834;347;14625;14819;7.19;0.44;248.54;19.24;791;109;5084.00;194
13835;109;628347107;13835;336;14628;14821;7.10;0.43;248.53;19.26;793;109;5085.00;193
13837;109;628347123;13837;331;14630;14821;7.06;0.43;248.52;19.26;793;109;5086.00;191
13839;109;628347139;13839;327;14631;14821;7.12;0.43;248.53;19.27;792;109;5087.00;190
13841;109;628347149;13841;321;14643;14834;7.24;0.44;248.51;19.26;802;109;5088.00;191
13843;109;628347161;13843;314;14644;14834;7.27;0.44;248.49;19.28;801;109;5089.00;190
13844;109;628347177;13844;312;14644;14834;7.35;0.45;248.48;19.28;800;109;5090.00;190
13847;109;628347188;13847;308;14645;14835;7.43;0.45;248.52;19.27;798;109;5091.00;190
13847;109;628347197;13847;307;14648;14836;7.46;0.46;248.52;19.32;801;109;5092.00;188
13849;109;628347212;13849;304;14648;14836;7.55;0.46;248.53;19.32;799;109;5093.00;188
13852;109;628347222;13852;303;14650;14839;7.60;0.47;248.54;19.32;798;109;5094.00;189
13854;109;628347233;13854;298;14651;14839;7.61;0.47;248.52;19.34;797;109;5095.00;188
13859;109;628347242;13859;299;14652;14839;7.59;0.47;248.52;19.33;793;109;5096.00;187
13862;109;628347253;13862;299;14652;14839;7.59;0.47;248.51;19.33;790;109;5097.00;187
13864;109;628347263;13864;304;14660;14845;7.52;0.46;248.52;19.37;796;109;5098.00;185
13868;109;628347273;13868;307;14660;14845;7.34;0.45;248.51;19.37;792;109;5099.00;185
13871;109;628347285;13871;308;14666;14864;7.24;0.45;248.52;19.38;795;109;5100.00;198
13875;109;628347300;13875;304;14666;14864;7.22;0.45;248.51;19.38;791;109;5101.00;198
13876;109;628347310;13876;304;14671;14868;7.23;0.45;248.51;19.39;795;109;5102.00;197
13880;109;628347320;13880;303;14672;14869;7.23;0.44;248.49;19.39;792;109;5103.00;197
13884;109;628347329;13884;304;14672;14869;7.25;0.44;248.51;19.39;788;109;5104.00;197
13885;109;628347338;13885;302;14677;14870;7.30;0.45;248.52;19.43;792;109;5105.00;193
13888;109;628347349;13888;296;14678;14870;7.30;0.45;248.51;19.43;790;109;5106.00;192
13893;109;628347359;13893;285;14678;14870;7.31;0.45;248.53;19.43;785;109;5107.00;192
13895;109;628347368;13895;283;14679;14870;7.36;0.45;248.54;19.42;784;109;5108.00;191
13899;109;628347378;13899;272;14680;14870;7.41;0.46;248.52;19.44;781;109;5109.00;190
13902;109;628347388;13902;265;14680;14870;7.50;0.46;248.56;19.44;778;109;5110.00;190
13904;109;628347397;13904;262;14681;14870;7.56;0.47;248.58;19.44;777;109;5111.00;189
13907;109;628347407;13907;262;14713;14940;7.70;0.48;248.58;19.39;806;109;5112.00;227
13909;109;628347422;13909;264;14716;14941;7.80;0.48;248.58;19.39;807;109;5113.00;225
13915;109;628347432;13915;257;14723;14941;7.88;0.49;248.60;19.38;808;109;5114.00;218
13918;109;628347443;13918;254;14726;14941;7.97;0.49;248.57;19.38;808;109;5115.00;215
13925;109;628347454;13925;252;14729;14941;7.98;0.49;248.59;19.38;804;109;5116.00;212
13930;109;628347464;13930;247;14732;14941;8.00;0.49;248.59;19.38;802;109;5117.00;209
13933;109;628347476;13933;245;14735;14941;7.99;0.49;248.55;19.37;802;109;5118.00;206
13939;109;628347503;13939;237;14737;14941;8.00;0.49;248.54;19.37;798;109;5119.00;204
13946;109;628347515;13946;232;14739;14942;7.97;0.49;248.50;19.37;793;109;5120.00;203
13949;109;628347525;13949;231;14741;14943;8.00;0.49;248.52;19.37;792;109;5121.00;202
13953;109;628347537;13953;226;14743;14943;8.07;0.50;248.50;19.37;790;109;5122.00;200
13956;109;628347547;13956;225;14748;14947;8.08;0.50;248.51;19.36;792;109;5123.00;199
13958;109;628347558;13958;224;14749;14947;8.12;0.50;248.52;19.36;791;109;5124.00;198
13964;109;628347569;13964;229;14749;14947;8.10;0.50;248.52;19.36;785;109;5125.00;198
13966;109;628347581;13966;230;14750;14947;8.12;0.50;248.50;19.36;784;109;5126.00;197
13969;109;628347592;13969;231;14753;14953;8.18;0.50;248.50;19.36;784;109;5127.00;200
13973;109;628347604;13973;229;14754;14953;8.25;0.51;248.48;19.36;781;109;5128.00;199
13980;109;628347615;13980;229;14754;14953;8.27;0.51;248.52;19.36;774;109;5129.00;199
13984;109;628347628;13984;226;14757;14959;8.35;0.51;248.52;19.36;773;109;5130.00;202
13988;109;628347646;13988;223;14758;14959;8.38;0.51;248.49;19.49;770;109;5131.00;201
13990;109;628347664;13990;221;14759;14959;8.44;0.52;248.49;19.49;769;109;5132.00;200
13992;109;628347685;13992;219;14759;14960;8.54;0.52;248.52;19.49;767;109;5133.00;201
13995;109;628347704;13995;223;14762;14961;8.60;0.52;248.49;19.49;767;109;5134.00;199
13999;109;628347722;13999;227;14763;14961;8.66;0.53;248.51;19.49;764;109;5135.00;198
14002;109;628347739;14002;225;14772;14974;8.79;0.54;248.53;19.48;770;109;5136.00;202
14006;109;628347758;14006;219;14773;14974;8.79;0.54;248.51;19.48;767;109;5137.00;201
14013;109;628347776;14013;219;14773;14974;8.83;0.54;248.52;19.48;760;109;5138.00;201
14015;109;628347792;14015;221;14774;14975;8.87;0.54;248.56;19.48;759;109;5139.00;201
14019;109;628347804;14019;220;14777;14975;8.88;0.54;248.54;19.48;758;109;5140.00;198
14022;109;628347817;14022;218;14780;14979;8.88;0.54;248.58;19.48;758;109;5141.00;199
14028;109;628347831;14028;218;14781;14979;8.90;0.54;248.57;19.48;753;109;5142.00;198
14032;109;628347845;14032;223;14785;14983;8.91;0.54;248.60;19.48;753;109;5143.00;198
14035;109;628347857;14035;224;14786;14983;8.91;0.54;248.60;19.47;751;109;5144.00;197
14038;109;628347870;14038;234;14788;14983;8.85;0.54;248.59;19.47;750;109;5145.00;195
14041;109;628347882;14041;242;14788;14983;8.87;0.54;248.61;19.47;747;109;5146.00;195
14044;109;628347894;14044;237;14788;14983;8.90;0.54;248.62;19.47;744;109;5147.00;195
14047;109;628347907;14047;230;14797;14995;8.91;0.54;248.65;19.46;750;109;5148.00;198
14049;109;628347920;14049;224;14798;14995;8.99;0.55;248.64;19.46;749;109;5149.00;197
14053;109;628347933;14053;219;14801;14995;9.04;0.55;248.68;19.46;748;109;5150.00;194
14056;109;628347945;14056;218;14802;14995;9.13;0.55;248.72;19.46;746;109;5151.00;193
14057;109;628347958;14057;217;14803;14995;9.19;0.56;248.74;19.46;746;109;5152.00;192
14060;109;628347977;14060;216;14803;14995;9.24;0.56;248.81;19.46;743;109;5153.00;192
14062;109;628347990;14062;218;14804;14996;9.31;0.57;248.80;19.46;742;109;5154.00;192
14065;109;628348003;14065;219;14805;14998;9.30;0.57;248.81;19.46;740;109;5155.00;193
14069;109;628348015;14069;203;14808;15004;9.39;0.57;248.86;19.45;739;109;5156.00;196
14072;109;628348036;14072;188;14810;15005;9.45;0.58;248.84;19.45;738;109;5157.00;195
14078;109;628348049;14078;178;14810;15005;9.51;0.58;248.85;19.45;732;109;5158.00;195
14081;109;628348061;14081;166;14810;15005;9.61;0.59;248.87;19.45;729;109;5159.00;195
14083;109;628348077;14083;166;14816;15010;9.74;0.59;248.87;19.44;733;109;5160.00;194
14087;109;628348093;14087;153;14816;15010;9.81;0.60;248.87;19.44;729;109;5161.00;194
14088;109;628348106;14088;149;14816;15010;9.99;0.61;248.87;19.44;728;109;5162.00;194
14090;109;628348118;14090;141;14817;15011;10.13;0.62;248.89;19.44;727;109;5163.00;194
14093;109;628348130;14093;139;14820;15015;10.20;0.62;248.88;19.44;727;109;5164.00;195
14094;109;628348143;14094;133;14820;15015;10.35;0.63;248.88;19.44;726;109;5165.00;195
14100;109;628348156;14100;132;14822;15018;10.53;0.64;248.95;19.44;722;109;5166.00;196
14104;109;628348169;14104;127;14823;15018;10.60;0.64;248.96;19.44;719;109;5167.00;195
14107;109;628348181;14107;125;14823;15018;10.79;0.65;248.96;19.44;716;109;5168.00;195
14111;109;628348194;14111;127;14823;15018;10.88;0.66;248.96;19.44;712;109;5169.00;195
14114;109;628348207;14114;126;14826;15022;10.95;0.66;248.97;19.43;712;109;5170.00;196
14117;109;628348219;14117;128;14827;15022;10.97;0.66;248.96;19.43;710;109;5171.00;195
14119;109;628348231;14119;131;14827;15022;11.05;0.67;248.98;19.43;708;109;5172.00;195
14119;109;628348243;14119;134;14827;15022;11.16;0.68;248.98;19.43;708;109;5173.00;195
14121;109;628348255;14121;135;14827;15023;11.19;0.68;249.01;19.43;706;109;5174.00;196
14125;109;628348267;14125;137;14829;15025;11.20;0.68;249.03;19.43;704;109;5175.00;196
14126;109;628348279;14126;141;14829;15025;11.24;0.68;249.05;19.43;703;109;5176.00;196
14128;109;628348291;14128;138;14830;15026;11.31;0.69;249.05;19.43;702;109;5177.00;196
14133;109;628348303;14133;144;14830;15026;11.34;0.69;249.05;19.43;697;109;5178.00;196
14136;109;628348314;14136;146;14830;15026;11.46;0.70;249.04;19.43;694;109;5179.00;196
14138;109;628348331;14138;139;14830;15026;11.46;0.70;249.06;19.43;692;109;5180.00;196
14141;109;628348342;14141;140;14830;15026;11.44;0.69;249.05;19.43;689;109;5181.00;196
14146;109;628348359;14146;137;14830;15026;11.41;0.69;249.09;19.43;684;109;5182.00;196
14148;109;628348370;14148;137;14830;15026;11.38;0.69;249.08;19.43;682;109;5183.00;196
14150;109;628348381;14150;163;14901;15153;11.11;0.68;249.08;19.33;751;109;5184.00;252
14153;109;628348404;14153;156;14902;15154;11.13;0.68;249.13;19.33;749;109;5185.00;252
14157;109;628348415;14157;147;14906;15154;11.20;0.69;249.13;19.33;749;109;5186.00;248
14158;109;628348427;14158;148;14909;15154;11.22;0.69;249.11;19.33;751;109;5187.00;245
14162;109;628348443;14162;150;14914;15154;11.25;0.69;249.12;19.32;752;109;5188.00;240
14165;109;628348454;14165;156;14915;15154;11.26;0.69;249.13;19.32;750;109;5189.00;239
14167;109;628348469;14167;160;14921;15154;11.25;0.69;249.19;19.31;754;109;5190.00;233
14169;109;628348480;14169;169;14926;15154;11.26;0.69;249.20;19.31;757;109;5191.00;228
14171;109;628348493;14171;165;14930;15155;11.21;0.69;249.18;19.31;759;109;5192.00;225
14176;109;628348503;14176;174;14932;15156;11.16;0.68;249.21;19.31;756;109;5193.00;224
14179;109;628348515;14179;182;14935;15156;11.05;0.68;249.19;19.30;756;109;5194.00;221
14182;109;628348532;14182;188;14938;15157;10.98;0.67;249.19;19.30;756;109;5195.00;219
14184;109;628348543;14184;190;14941;15157;11.02;0.67;249.21;19.30;757;109;5196.00;216
14187;109;628348554;14187;191;14942;15157;11.03;0.68;249.22;19.30;755;109;5197.00;215
14191;109;628348565;14191;195;14943;15157;11.03;0.67;249.20;19.30;752;109;5198.00;214
14194;109;628348576;14194;194;14946;15161;11.04;0.67;249.18;19.30;752;109;5199.00;215
14196;109;628348588;14196;199;14947;15161;11.00;0.67;249.21;19.30;751;109;5200.00;214
14199;109;628348603;14199;193;14949;15161;10.86;0.66;249.19;19.30;750;109;5201.00;212
14203;109;628348621;14203;194;14951;15164;10.79;0.66;249.17;19.29;748;109;5202.00;213
14205;109;628348633;14205;189;14952;15164;10.66;0.65;249.16;19.29;747;109;5203.00;212
14207;109;628348643;14207;190;14953;15164;10.56;0.64;249.16;19.29;746;109;5204.00;211
14209;109;628348655;14209;189;14958;15168;10.41;0.64;249.16;19.31;749;109;5205.00;210
14211;109;628348667;14211;188;14960;15169;10.39;0.63;249.16;19.31;749;109;5206.00;209
14215;109;628348677;14215;189;14960;15169;10.42;0.64;249.13;19.31;745;109;5207.00;209
14219;109;628348688;14219;181;14962;15173;10.47;0.64;249.15;19.31;743;109;5208.00;211
14223;109;628348700;14223;178;14962;15173;10.48;0.64;249.13;19.31;739;109;5209.00;211
14225;109;628348709;14225;175;14962;15173;10.45;0.64;249.13;19.31;737;109;5210.00;211
14227;109;628348720;14227;175;14963;15174;10.49;0.64;249.13;19.31;736;109;5211.00;211
14231;109;628348729;14231;172;14964;15174;10.47;0.64;249.12;19.31;733;109;5212.00;210
14233;109;628348740;14233;175;14967;15180;10.55;0.64;249.10;19.30;734;109;5213.00;213
14235;109;628348751;14235;178;14968;15180;10.52;0.64;249.13;19.30;733;109;5214.00;212
14239;109;628348761;14239;181;14969;15180;10.50;0.64;249.08;19.30;730;109;5215.00;211
14244;109;628348771;14244;188;14969;15181;10.46;0.63;249.05;19.30;725;109;5216.00;212
14246;109;628348781;14246;192;14970;15181;10.33;0.63;249.03;19.30;724;109;5217.00;211
14249;109;628348791;14249;198;14970;15181;10.25;0.62;249.04;19.30;721;109;5218.00;211
14252;109;628348801;14252;198;14970;15181;10.12;0.61;249.01;19.30;718;109;5219.00;211
14259;109;628348812;14259;206;14991;15217;10.03;0.61;248.97;19.28;732;109;5220.00;226
14261;109;628348826;14261;211;14992;15217;9.94;0.60;248.95;19.28;731;109;5221.00;225
14261;109;628348836;14261;212;14994;15217;9.84;0.60;248.95;19.27;733;109;5222.00;223
14265;109;628348845;14265;213;14996;15217;9.77;0.60;248.93;19.27;731;109;5223.00;221
14267;109;628348854;14267;218;14996;15217;9.64;0.59;248.93;19.27;729;109;5224.00;221
14267;109;628348869;14267;224;14998;15217;9.60;0.58;248.93;19.27;731;109;5225.00;219
14267;109;628348878;14267;231;15002;15221;9.49;0.58;248.93;19.27;735;109;5226.00;219
14269;109;628348888;14269;237;15003;15221;9.42;0.57;248.92;19.26;734;109;5227.00;218
14270;109;628348897;14270;246;15006;15225;9.38;0.57;248.91;19.26;736;109;5228.00;219
14270;109;628348907;14270;248;15010;15226;9.38;0.57;248.91;19.28;740;109;5229.00;216
14272;109;628348917;14272;254;15011;15226;9.37;0.57;248.91;19.28;739;109;5230.00;215
14273;109;628348927;14273;258;15012;15226;9.28;0.56;248.90;19.28;739;109;5231.00;214
14274;109;628348937;14274;265;15023;15239;9.06;0.55;248.89;19.28;749;109;5232.00;216
14276;109;628348947;14276;268;15024;15239;8.96;0.55;248.88;19.30;748;109;5233.00;215
14279;109;628348963;14279;275;15025;15239;8.88;0.54;248.86;19.30;746;109;5234.00;214
14279;109;628348973;14279;270;15028;15240;8.82;0.54;248.86;19.34;749;109;5235.00;212
14279;109;628348984;14279;267;15028;15241;8.80;0.53;248.86;19.34;749;109;5236.00;213
14280;109;628348999;14280;263;15029;15241;8.70;0.53;248.86;19.35;749;109;5237.00;212
14282;109;628349014;14282;263;15032;15244;8.67;0.53;248.88;19.37;750;109;5238.00;212
14282;109;628349024;14282;270;15033;15244;8.66;0.53;248.88;19.37;751;109;5239.00;211
14282;109;628349034;14282;269;15036;15244;8.66;0.53;248.88;19.40;754;109;5240.00;208
14282;109;628349043;14282;268;15036;15244;8.70;0.53;248.88;19.40;754;109;5241.00;208
14283;109;628349053;14283;268;15041;15250;8.70;0.53;248.88;19.41;758;109;5242.00;209
14286;109;628349063;14286;263;15043;15250;8.61;0.53;248.86;19.43;757;109;5243.00;207
14288;109;628349073;14288;266;15044;15250;8.56;0.52;248.85;19.43;756;109;5244.00;206
14288;109;628349082;14288;260;15046;15250;8.43;0.52;248.85;19.45;758;109;5245.00;204
14289;109;628349091;14289;262;15050;15254;8.38;0.51;248.85;19.45;761;109;5246.00;204
14290;109;628349101;14290;267;15051;15255;8.38;0.51;248.83;19.45;761;109;5247.00;204
14293;109;628349110;14293;272;15053;15255;8.26;0.51;248.80;19.47;760;109;5248.00;202
14294;109;628349122;14294;271;15054;15256;8.21;0.50;248.82;19.47;760;109;5249.00;202
14295;109;628349135;14295;270;15056;15256;8.16;0.50;248.81;19.49;761;109;5250.00;200
14296;109;628349145;14296;265;15056;15256;8.13;0.50;248.81;19.49;760;109;5251.00;200
14297;109;628349155;14297;265;15056;15256;8.14;0.50;248.80;19.49;759;109;5252.00;200
14298;109;628349164;14298;260;15057;15256;8.14;0.50;248.79;19.49;759;109;5253.00;199
14300;109;628349173;14300;258;15058;15256;8.13;0.50;248.78;19.51;758;109;5254.00;198
14303;109;628349183;14303;252;15058;15256;8.14;0.50;248.77;19.51;755;109;5255.00;198
14305;109;628349192;14305;266;15099;15326;8.33;0.51;248.76;19.51;794;109;5256.00;227
14306;109;628349207;14306;260;15103;15327;8.39;0.51;248.75;19.52;797;109;5257.00;224
14309;109;628349217;14309;252;15111;15327;8.38;0.51;248.76;19.51;802;109;5258.00;216
14310;109;628349227;14310;241;15115;15327;8.34;0.51;248.76;19.52;805;109;5259.00;212
14315;109;628349237;14315;244;15119;15327;8.18;0.50;248.75;19.52;804;109;5260.00;208
14318;109;628349247;14318;248;15121;15327;8.01;0.49;248.73;19.52;803;109;5261.00;206
14322;109;628349258;14322;251;15127;15327;7.85;0.48;248.77;19.53;805;109;5262.00;200
14327;109;628349267;14327;253;15129;15327;7.76;0.48;248.79;19.54;802;109;5263.00;198
14330;109;628349277;14330;256;15132;15328;7.74;0.47;248.77;19.57;802;109;5264.00;196
14338;109;628349288;14338;255;15137;15330;7.64;0.47;248.76;19.57;799;109;5265.00;193
14341;109;628349298;14341;255;15138;15330;7.58;0.46;248.76;19.58;797;109;5266.00;192
14344;109;628349308;14344;254;15143;15334;7.49;0.46;248.77;19.59;799;109;5267.00;191
14347;109;628349318;14347;259;15144;15334;7.41;0.45;248.79;19.60;797;109;5268.00;190
14350;109;628349328;14350;257;15144;15334;7.38;0.45;248.80;19.60;794;109;5269.00;190
14354;109;628349338;14354;257;15145;15334;7.38;0.45;248.80;19.62;791;109;5270.00;189
14361;109;628349348;14361;248;15151;15340;7.37;0.45;248.81;19.63;790;109;5271.00;189
14363;109;628349359;14363;242;15152;15340;7.40;0.45;248.82;19.64;789;109;5272.00;188
14367;109;628349369;14367;241;15153;15340;7.41;0.45;248.83;19.65;786;109;5273.00;187
14375;109;628349379;14375;240;15156;15343;7.37;0.45;248.82;19.65;781;109;5274.00;187
14377;109;628349390;14377;241;15158;15343;7.39;0.45;248.82;19.66;781;109;5275.00;185
14381;109;628349400;14381;242;15158;15343;7.34;0.45;248.82;19.66;777;109;5276.00;185
14385;109;628349410;14385;236;15158;15344;7.36;0.45;248.82;19.66;773;109;5277.00;186
14387;109;628349420;14387;233;15159;15345;7.51;0.46;248.82;19.66;772;109;5278.00;186
14391;109;628349430;14391;229;15159;15345;7.65;0.47;248.84;19.66;768;109;5279.00;186
14393;109;628349442;14393;231;15179;15371;7.78;0.48;248.85;19.63;786;109;5280.00;192
14397;109;628349454;14397;223;15179;15371;7.88;0.48;248.83;19.63;782;109;5281.00;192
14401;109;628349464;14401;220;15180;15371;7.99;0.49;248.85;19.63;779;109;5282.00;191
14402;109;628349475;14402;215;15182;15372;8.19;0.50;248.85;19.63;780;109;5283.00;190
14409;109;628349486;14409;210;15182;15372;8.19;0.50;248.85;19.63;773;109;5284.00;190
14417;109;628349497;14417;207;15186;15376;8.27;0.50;248.83;19.63;769;109;5285.00;190
14423;109;628349508;14423;206;15186;15376;8.40;0.51;248.80;19.63;763;109;5286.00;190
14425;109;628349519;14425;211;15189;15379;8.57;0.52;248.82;19.62;764;109;5287.00;190
14429;109;628349530;14429;210;15189;15380;8.64;0.53;248.84;19.62;760;109;5288.00;191
14433;109;628349542;14433;205;15189;15380;8.64;0.53;248.83;19.62;756;109;5289.00;191
14437;109;628349552;14437;191;15189;15380;8.66;0.53;248.83;19.62;752;109;5290.00;191
14441;109;628349564;14441;185;15189;15380;8.69;0.53;248.83;19.62;748;109;5291.00;191
14444;109;628349574;14444;183;15198;15392;8.83;0.54;248.84;19.61;754;109;5292.00;194
14450;109;628349586;14450;187;15198;15392;8.81;0.54;248.84;19.61;748;109;5293.00;194
14457;109;628349597;14457;185;15200;15392;8.87;0.54;248.85;19.61;743;109;5294.00;192
14460;109;628349608;14460;181;15200;15392;8.94;0.55;248.88;19.61;740;109;5295.00;192
14465;109;628349624;14465;181;15200;15392;9.01;0.55;248.90;19.61;735;109;5296.00;192
14470;109;628349635;14470;181;15200;15392;9.14;0.56;248.92;19.61;730;109;5297.00;192
14474;109;628349646;14474;179;15200;15393;9.26;0.57;248.94;19.61;726;109;5298.00;193
14479;109;628349662;14479;180;15200;15393;9.31;0.57;248.95;19.61;721;109;5299.00;193
14485;109;628349680;14485;182;15204;15399;9.40;0.58;248.97;19.60;719;109;5300.00;195
14488;109;628349703;14488;185;15206;15400;9.51;0.58;248.98;19.60;718;109;5301.00;194
14492;109;628349723;14492;190;15206;15400;9.60;0.59;248.98;19.60;714;109;5302.00;194
14494;109;628349739;14494;193;15206;15400;9.71;0.59;248.99;19.60;712;109;5303.00;194
14498;109;628349756;14498;199;15209;15404;9.83;0.60;249.00;19.60;711;109;5304.00;195
14502;109;628349772;14502;205;15209;15404;9.90;0.61;249.00;19.60;707;109;5305.00;195
14506;109;628349785;14506;201;15209;15404;9.99;0.61;249.00;19.60;703;109;5306.00;195
14511;109;628349803;14511;199;15210;15405;10.07;0.61;249.00;19.60;699;109;5307.00;195
14513;109;628349815;14513;200;15213;15409;10.14;0.62;249.01;19.59;700;109;5308.00;196
14519;109;628349835;14519;204;15213;15409;10.17;0.62;249.02;19.59;694;109;5309.00;196
14520;109;628349849;14520;206;15216;15415;10.27;0.63;249.01;19.59;696;109;5310.00;199
14527;109;628349861;14527;205;15217;15415;10.26;0.62;249.01;19.59;690;109;5311.00;198
14530;109;628349875;14530;203;15217;15415;10.19;0.62;249.00;19.59;687;109;5312.00;198
14534;109;628349886;14534;205;15218;15415;10.16;0.62;249.00;19.59;684;109;5313.00;197
14538;109;628349898;14538;205;15220;15419;10.05;0.61;249.03;19.58;682;109;5314.00;199
14542;109;628349909;14542;212;15221;15419;9.96;0.60;249.03;19.58;679;109;5315.00;198
14545;109;628349920;14545;217;15221;15419;9.92;0.60;249.02;19.58;676;109;5316.00;198
14551;109;628349931;14551;207;15222;15419;9.79;0.59;249.05;19.58;671;109;5317.00;197
14551;109;628349949;14551;202;15222;15420;9.76;0.59;249.05;19.58;671;109;5318.00;198
14557;109;628349959;14557;199;15224;15421;9.75;0.59;249.09;19.58;667;109;5319.00;197
14562;109;628349971;14562;192;15224;15421;9.71;0.59;249.15;19.58;662;109;5320.00;197
14564;109;628349982;14564;193;15225;15422;9.85;0.60;249.18;19.58;661;109;5321.00;197
14568;109;628349992;14568;190;15225;15422;9.84;0.60;249.22;19.58;657;109;5322.00;197
14572;109;628350004;14572;183;15225;15422;9.80;0.60;249.23;19.58;653;109;5323.00;197
14574;110;628350020;14574;185;15225;15422;9.76;0.59;249.23;19.58;651;110;5324.00;197
14576;110;628350060;14576;193;15225;15422;9.69;0.59;249.23;19.58;649;110;5325.00;197
14582;110;628350072;14582;180;15225;15422;9.63;0.58;249.23;19.58;643;110;5326.00;197
14584;110;628350083;14584;171;15225;15422;9.60;0.58;249.25;19.58;641;110;5327.00;197
14587;110;628350093;14587;183;15292;15549;9.50;0.59;249.28;19.49;705;110;5328.00;257
14591;110;628350114;14591;164;15294;15550;9.55;0.59;249.29;19.49;703;110;5329.00;256
14593;110;628350125;14593;155;15303;15550;9.69;0.60;249.31;19.48;710;110;5330.00;247
14595;110;628350136;14595;149;15305;15550;9.81;0.61;249.33;19.48;710;110;5331.00;245
14597;111;628350148;14597;143;15308;15550;9.97;0.62;249.35;19.47;711;111;5332.00;242
14599;111;628350176;14599;135;15310;15550;10.10;0.62;249.34;19.47;711;111;5333.00;240
14603;111;628350187;14603;141;15314;15550;10.19;0.63;249.36;19.47;711;111;5334.00;236
14604;111;628350199;14604;143;15316;15550;10.35;0.64;249.34;19.47;712;111;5335.00;234
14610;111;628350211;14610;144;15321;15551;10.38;0.64;249.34;19.46;711;111;5336.00;230
14614;111;628350229;14614;144;15324;15552;10.36;0.64;249.37;19.46;710;111;5337.00;228
14614;111;628350241;14614;143;15328;15552;10.42;0.64;249.37;19.46;714;111;5338.00;224
14618;111;628350252;14618;147;15331;15553;10.40;0.64;249.38;19.46;713;111;5339.00;222
14621;111;628350265;14621;145;15335;15553;10.41;0.64;249.40;19.46;714;111;5340.00;218
14623;111;628350276;14623;154;15337;15553;10.46;0.64;249.40;19.45;714;111;5341.00;216
14624;111;628350287;14624;154;15342;15553;10.47;0.64;249.41;19.45;718;111;5342.00;211
14629;111;628350297;14629;158;15345;15557;10.40;0.64;249.48;19.45;716;111;5343.00;212
14633;111;628350308;14633;154;15347;15557;10.48;0.64;249.48;19.45;714;111;5344.00;210
14634;111;628350319;14634;159;15347;15557;10.59;0.65;249.50;19.45;713;111;5345.00;210
14637;111;628350329;14637;165;15350;15560;10.64;0.65;249.50;19.44;713;111;5346.00;210
14641;111;628350341;14641;167;15350;15560;10.66;0.65;249.53;19.44;709;111;5347.00;210
14644;111;628350357;14644;170;15351;15560;10.71;0.66;249.52;19.44;707;111;5348.00;209
14649;111;628350368;14649;171;15354;15564;10.69;0.65;249.51;19.44;705;111;5349.00;210
14653;111;628350379;14653;180;15356;15565;10.73;0.65;249.51;19.44;703;111;5350.00;209
14654;111;628350389;14654;184;15356;15565;10.73;0.66;249.50;19.44;702;111;5351.00;209
14657;111;628350399;14657;181;15359;15569;10.76;0.66;249.50;19.43;702;111;5352.00;210
14658;111;628350409;14658;187;15359;15569;10.74;0.65;249.49;19.43;701;111;5353.00;210
14660;111;628350424;14660;187;15359;15569;10.77;0.66;249.47;19.43;699;111;5354.00;210
14661;111;628350434;14661;189;15361;15571;10.76;0.66;249.46;19.43;700;111;5355.00;210
14662;111;628350444;14662;192;15361;15571;10.75;0.65;249.46;19.43;699;111;5356.00;210
14664;111;628350453;14664;200;15365;15577;10.69;0.65;249.46;19.43;701;111;5357.00;212
14666;111;628350463;14666;199;15365;15577;10.66;0.65;249.44;19.43;699;111;5358.00;212
14669;111;628350474;14669;208;15366;15577;10.69;0.65;249.41;19.43;697;111;5359.00;211
14672;111;628350489;14672;214;15366;15578;10.65;0.65;249.39;19.43;694;111;5360.00;212
14675;111;628350499;14675;213;15366;15578;10.64;0.65;249.38;19.43;691;111;5361.00;212
14675;111;628350508;14675;213;15366;15578;10.62;0.65;249.38;19.43;691;111;5362.00;212
14680;111;628350518;14680;214;15366;15578;10.67;0.65;249.35;19.43;686;111;5363.00;212
14680;111;628350527;14680;212;15376;15590;10.64;0.65;249.35;19.41;696;111;5364.00;214
14680;111;628350537;14680;210;15376;15590;10.68;0.65;249.35;19.41;696;111;5365.00;214
14685;111;628350545;14685;212;15377;15590;10.61;0.65;249.32;19.41;692;111;5366.00;213
14686;111;628350554;14686;213;15377;15590;10.59;0.64;249.34;19.41;691;111;5367.00;213
14687;111;628350563;14687;207;15377;15590;10.54;0.64;249.33;19.41;690;111;5368.00;213
14688;111;628350571;14688;202;15377;15590;10.60;0.65;249.32;19.41;689;111;5369.00;213
14693;111;628350584;14693;199;15380;15594;10.62;0.65;249.29;19.41;687;111;5370.00;214
14695;111;628350594;14695;194;15380;15594;10.70;0.65;249.28;19.41;685;111;5371.00;214
14698;111;628350602;14698;191;15383;15598;10.71;0.65;249.26;19.41;685;111;5372.00;215
14703;111;628350612;14703;190;15385;15599;10.71;0.65;249.22;19.40;682;111;5373.00;214
14705;111;628350621;14705;180;15385;15599;10.69;0.65;249.25;19.40;680;111;5374.00;214
14711;111;628350630;14711;177;15386;15599;10.61;0.65;249.20;19.42;675;111;5375.00;213
14711;111;628350642;14711;177;15396;15612;10.61;0.65;249.20;19.41;685;111;5376.00;216
14714;111;628350651;14714;179;15397;15612;10.65;0.65;249.17;19.55;683;111;5377.00;215
14716;111;628350662;14716;175;15397;15612;10.66;0.65;249.17;19.55;681;111;5378.00;215
14719;111;628350671;14719;172;15399;15613;10.69;0.65;249.16;19.55;680;111;5379.00;214
14723;111;628350680;14723;173;15399;15614;10.66;0.65;249.12;19.55;676;111;5380.00;215
14725;111;628350690;14725;173;15399;15614;10.57;0.64;249.15;19.55;674;111;5381.00;215
14727;111;628350698;14727;177;15401;15617;10.59;0.65;249.14;19.55;674;111;5382.00;216
14728;111;628350708;14728;180;15402;15617;10.69;0.65;249.14;19.55;674;111;5383.00;215
14728;111;628350716;14728;186;15403;15617;10.67;0.65;249.14;19.69;675;111;5384.00;214
14730;111;628350725;14730;190;15403;15617;10.64;0.65;249.14;19.69;673;111;5385.00;214
14734;111;628350733;14734;192;15408;15623;10.62;0.65;249.14;19.83;674;111;5386.00;215
14735;111;628350748;14735;174;15408;15623;10.59;0.65;249.13;19.83;673;111;5387.00;215
14737;111;628350764;14737;168;15409;15623;10.52;0.64;249.12;19.83;672;111;5388.00;214
14738;111;628350774;14738;163;15409;15623;10.45;0.64;249.12;19.83;671;111;5389.00;214
14739;111;628350783;14739;164;15412;15627;10.40;0.63;249.12;19.82;673;111;5390.00;215
14742;111;628350792;14742;164;15414;15628;10.37;0.63;249.11;19.96;672;111;5391.00;214
14746;111;628350802;14746;160;15414;15628;10.37;0.63;249.09;19.96;668;111;5392.00;214
14748;111;628350812;14748;155;15415;15629;10.40;0.63;249.08;19.96;667;111;5393.00;214
14749;111;628350822;14749;147;15415;15629;10.42;0.63;249.08;19.96;666;111;5394.00;214
14750;111;628350831;14750;146;15416;15629;10.42;0.63;249.08;20.10;666;111;5395.00;213
14750;111;628350840;14750;146;15417;15629;10.43;0.63;249.08;20.11;667;111;5396.00;212
14750;111;628350850;14750;152;15417;15629;10.51;0.64;249.08;20.11;667;111;5397.00;212
14754;111;628350859;14754;155;15417;15629;10.56;0.64;249.12;20.11;663;111;5398.00;212
14754;111;628350868;14754;155;15418;15629;10.57;0.64;249.12;20.11;664;111;5399.00;211
