step_arrived;step_collisions;step_duration;step_ended;step_halting;step_inserted;step_loaded;step_meanSpeed;step_meanSpeedRelative;step_meanTravelTime;step_meanWaitingTime;step_running;step_teleports;step_time;step_waiting
0;0;627701381;0;1;85;245;16.34;1.15;-1.00;0.00;85;0;0.00;160
0;0;627701410;0;1;97;245;15.56;1.08;-1.00;0.12;97;0;1.00;148
0;0;627701411;0;0;116;245;14.72;1.01;-1.00;0.43;116;0;2.00;129
0;0;627701412;0;1;132;245;13.58;0.92;-1.00;0.74;132;0;3.00;113
0;0;627701414;0;2;145;245;12.61;0.85;-1.00;1.03;145;0;4.00;100
0;0;627701415;0;4;153;245;11.99;0.80;-1.00;1.24;153;0;5.00;92
0;0;627701417;0;8;164;245;11.15;0.74;-1.00;1.56;164;0;6.00;81
0;0;627701418;0;12;170;245;10.62;0.71;-1.00;1.75;170;0;7.00;75
0;0;627701420;0;13;179;246;9.95;0.66;-1.00;2.07;179;0;8.00;67
0;0;627701422;0;16;185;247;9.63;0.64;-1.00;2.29;185;0;9.00;62
0;0;627701425;0;19;191;247;9.26;0.61;-1.00;2.53;191;0;10.00;56
0;0;627701427;0;21;193;248;9.15;0.60;-1.00;2.57;193;0;11.00;55
1;0;627701429;1;25;201;248;8.99;0.59;12.00;2.91;200;0;12.00;47
1;0;627701432;1;28;203;248;9.18;0.60;12.00;3.01;202;0;13.00;45
1;0;627701435;1;34;206;248;9.32;0.60;12.00;3.17;205;0;14.00;42
1;0;627701438;1;36;210;252;9.46;0.61;12.00;3.26;209;0;15.00;42
1;0;627701441;1;39;213;252;9.46;0.61;12.00;3.44;212;0;16.00;39
1;0;627701445;1;43;217;252;9.35;0.60;12.00;3.69;216;0;17.00;35
2;0;627701447;2;46;220;255;9.37;0.60;15.00;3.80;218;0;18.00;35
2;1;627701451;2;51;221;255;9.46;0.60;15.00;3.87;219;1;19.00;34
2;1;627701461;2;53;225;255;9.56;0.61;15.00;4.16;223;1;20.00;30
3;1;627701471;3;63;233;259;9.70;0.61;17.00;4.39;230;1;21.00;26
3;1;627701475;3;62;236;260;9.65;0.61;17.00;4.53;233;1;22.00;24
3;1;627701478;3;66;243;260;9.47;0.59;17.00;5.02;240;1;23.00;17
4;1;627701481;4;74;246;264;9.43;0.59;18.75;4.96;242;1;24.00;18
5;1;627701485;5;76;250;264;9.32;0.58;20.00;5.21;245;1;25.00;14
6;1;627701488;6;82;251;264;9.26;0.58;20.67;5.29;245;1;26.00;13
6;1;627701491;6;85;255;265;9.31;0.58;20.67;5.47;249;1;27.00;10
6;1;627701495;6;86;256;265;9.34;0.58;20.67;5.56;250;1;28.00;9
6;1;627701498;6;90;262;271;9.26;0.57;20.67;5.53;256;1;29.00;9
6;1;627701503;6;92;262;271;9.26;0.57;20.67;5.53;256;1;30.00;9
6;1;627701507;6;93;264;272;9.14;0.56;20.67;5.54;258;1;31.00;8
7;1;627701510;7;97;265;272;9.03;0.56;21.86;5.64;258;1;32.00;7
8;1;627701514;8;104;266;272;8.95;0.55;22.75;5.64;258;1;33.00;6
9;1;627701518;9;108;267;272;8.90;0.55;23.67;5.64;258;1;34.00;5
9;1;627701522;9;110;267;272;8.89;0.55;23.67;5.64;258;1;35.00;5
9;1;627701525;9;113;278;284;9.16;0.57;23.67;5.41;269;1;36.00;6
11;1;627701530;11;116;278;284;9.06;0.56;25.73;5.41;267;1;37.00;6
11;1;627701534;11;117;279;284;8.96;0.55;25.73;5.40;268;1;38.00;5
12;1;627701537;12;119;279;284;8.80;0.54;26.42;5.40;267;1;39.00;5
12;1;627701540;12;120;279;284;8.63;0.53;26.42;5.40;267;1;40.00;5
13;1;627701544;13;122;279;284;8.53;0.53;27.54;5.40;266;1;41.00;5
13;1;627701548;13;125;283;288;8.47;0.53;27.54;5.34;270;1;42.00;5
13;1;627701551;13;128;283;288;8.32;0.52;27.54;5.34;270;1;43.00;5
14;1;627701555;14;133;286;292;8.23;0.51;28.57;5.29;272;1;44.00;6
16;1;627701561;16;137;288;294;8.10;0.50;28.75;5.26;272;1;45.00;6
16;1;627701565;16;140;289;294;7.96;0.49;28.75;5.25;273;1;46.00;5
16;1;627701570;16;137;289;294;7.87;0.49;28.75;5.25;273;1;47.00;5
18;1;627701574;18;138;301;307;7.98;0.49;30.50;5.04;283;1;48.00;6
18;1;627701580;18;143;301;307;7.88;0.49;30.50;5.04;283;1;49.00;6
19;1;627701584;19;144;301;307;7.79;0.48;31.53;5.04;282;1;50.00;6
20;1;627701588;20;147;302;308;7.74;0.48;32.45;5.03;282;1;51.00;6
20;1;627701593;20;149;303;309;7.66;0.47;32.45;5.01;283;1;52.00;6
20;1;627701597;20;152;303;309;7.64;0.47;32.45;5.01;283;1;53.00;6
20;1;627701602;20;153;305;312;7.69;0.48;32.45;4.98;285;1;54.00;7
21;1;627701606;21;153;305;312;7.49;0.46;32.43;4.98;284;1;55.00;7
22;1;627701611;22;140;306;312;7.43;0.46;31.86;4.97;284;1;56.00;6
23;1;627701614;23;136;306;312;7.39;0.46;32.96;4.97;283;1;57.00;6
24;1;627701618;24;138;311;318;7.46;0.47;34.00;4.91;287;1;58.00;7
26;1;627701622;26;137;311;318;7.44;0.46;35.85;4.91;285;1;59.00;7
28;1;627701628;28;137;312;318;7.57;0.47;37.32;4.90;284;1;60.00;6
28;1;627701632;28;139;312;318;7.69;0.48;37.32;4.90;284;1;61.00;6
29;1;627701635;29;141;316;322;7.73;0.48;38.17;4.85;287;1;62.00;6
29;1;627701639;29;146;317;323;7.90;0.49;38.17;4.84;288;1;63.00;6
32;1;627701643;32;147;317;323;7.96;0.49;38.28;4.84;285;1;64.00;6
33;1;627701646;33;145;318;324;8.08;0.49;39.09;4.82;285;1;65.00;6
33;1;627701650;33;147;318;324;8.11;0.49;39.09;4.82;285;1;66.00;6
33;1;627701653;33;140;318;324;8.16;0.50;39.09;4.82;285;1;67.00;6
33;1;627701657;33;135;318;324;8.20;0.50;39.09;4.82;285;1;68.00;6
33;1;627701661;33;131;318;324;8.32;0.51;39.09;4.82;285;1;69.00;6
33;1;627701664;33;130;318;324;8.44;0.51;39.09;4.82;285;1;70.00;6
35;1;627701668;35;127;318;324;8.52;0.52;40.74;4.82;283;1;71.00;6
35;1;627701671;35;132;355;394;8.58;0.53;40.74;4.32;320;1;72.00;39
36;1;627701681;36;124;356;395;8.71;0.53;41.64;4.31;320;1;73.00;39
38;1;627701685;38;119;364;395;9.18;0.56;42.58;4.26;326;1;74.00;31
39;1;627701689;39;116;365;395;9.37;0.57;43.41;4.26;326;1;75.00;30
39;1;627701693;39;112;369;395;9.70;0.59;43.41;4.25;330;1;76.00;26
39;3;627701697;39;108;371;395;9.90;0.60;43.41;4.26;332;3;77.00;24
39;3;627701737;39;107;375;395;10.21;0.62;43.41;4.28;336;3;78.00;20
40;4;627701743;40;110;376;395;10.26;0.62;43.88;4.28;336;4;79.00;19
40;5;627701775;40;110;379;396;10.35;0.63;43.88;4.31;339;5;80.00;17
40;5;627701808;40;111;381;397;10.43;0.63;43.88;4.30;341;5;81.00;16
40;5;627701814;40;113;382;397;10.44;0.63;43.88;4.31;342;5;82.00;15
41;5;627701819;41;117;386;401;10.24;0.62;44.83;4.28;345;5;83.00;15
41;6;627701841;41;119;386;401;10.16;0.62;44.83;4.28;345;6;84.00;15
42;6;627701864;42;119;386;401;10.08;0.61;45.67;4.28;344;6;85.00;15
42;6;627701877;42;119;386;401;10.05;0.61;45.67;4.28;344;6;86.00;15
42;6;627701882;42;121;390;407;10.00;0.61;45.67;4.24;348;6;87.00;17
46;6;627701886;46;122;390;407;9.86;0.60;49.20;4.24;344;6;88.00;17
46;6;627701891;46;121;391;407;9.89;0.60;49.20;4.24;345;6;89.00;16
47;6;627701897;47;124;394;413;9.92;0.60;50.06;4.21;347;6;90.00;19
48;6;627701901;48;125;395;413;9.93;0.60;50.92;4.20;347;6;91.00;18
49;6;627701906;49;129;395;413;9.94;0.60;51.76;4.20;346;6;92.00;18
50;6;627701911;50;131;397;414;9.94;0.60;52.58;4.19;347;6;93.00;17
52;6;627701915;52;130;398;415;9.95;0.61;53.98;4.18;346;6;94.00;17
53;6;627701919;53;131;399;415;10.00;0.61;54.75;4.18;346;6;95.00;16
54;6;627701923;54;134;409;428;9.93;0.61;55.52;4.08;355;6;96.00;19
56;6;627701929;56;135;410;428;9.99;0.61;57.00;4.07;354;6;97.00;18
59;6;627701934;59;135;410;428;9.97;0.61;59.07;4.07;351;6;98.00;18
61;6;627701938;61;131;411;429;10.07;0.61;59.08;4.06;350;6;99.00;18
62;6;627701946;62;129;411;429;10.10;0.62;59.74;4.06;349;6;100.00;18
63;6;627701955;63;126;413;433;10.13;0.62;60.33;4.05;350;6;101.00;20
64;6;627701961;64;122;413;433;10.06;0.61;60.98;4.05;349;6;102.00;20
66;6;627701965;66;115;418;437;9.97;0.61;62.21;4.02;352;6;103.00;19
67;6;627701971;67;112;418;437;10.05;0.61;62.82;4.02;351;6;104.00;19
68;6;627701976;68;107;418;437;10.20;0.62;63.13;4.02;350;6;105.00;19
68;6;627701985;68;102;418;437;10.27;0.62;63.13;4.02;350;6;106.00;19
69;6;627701991;69;95;418;437;10.32;0.63;63.74;4.02;349;6;107.00;19
69;6;627701996;69;91;428;449;10.40;0.63;63.74;3.92;359;6;108.00;21
70;6;627702002;70;82;429;449;10.50;0.64;64.39;3.92;359;6;109.00;20
70;6;627702007;70;79;430;449;10.64;0.65;64.39;3.91;360;6;110.00;19
70;6;627702014;70;76;430;449;10.79;0.66;64.39;3.91;360;6;111.00;19
70;6;627702020;70;74;430;449;10.97;0.67;64.39;3.91;360;6;112.00;19
70;6;627702027;70;72;430;449;11.17;0.69;64.39;3.91;360;6;113.00;19
70;6;627702035;70;72;431;450;11.27;0.69;64.39;3.90;361;6;114.00;19
72;6;627702041;72;70;431;450;11.38;0.70;65.63;3.90;359;6;115.00;19
73;6;627702048;73;70;435;456;11.57;0.71;65.66;3.88;362;6;116.00;21
76;6;627702055;76;69;438;457;11.63;0.71;67.41;4.12;362;6;117.00;19
77;6;627702063;77;72;438;457;11.79;0.72;68.06;4.12;361;6;118.00;19
78;6;627702069;78;74;441;457;11.80;0.72;68.69;4.58;363;6;119.00;16
78;6;627702090;78;75;445;462;11.81;0.72;68.69;4.54;367;6;120.00;17
80;6;627702100;80;75;445;462;11.84;0.72;69.97;4.54;365;6;121.00;17
81;6;627702110;81;74;447;462;11.85;0.73;69.73;4.90;366;6;122.00;15
83;6;627702118;83;76;449;463;11.90;0.73;70.98;5.00;366;6;123.00;14
84;6;627702129;84;78;455;467;11.87;0.73;71.60;5.33;371;6;124.00;12
86;6;627702141;86;84;456;467;11.83;0.72;72.24;5.43;370;6;125.00;11
87;6;627702150;87;86;459;470;11.83;0.72;72.86;5.51;372;6;126.00;11
87;6;627702161;87;91;462;470;11.84;0.72;72.86;5.84;375;6;127.00;8
87;6;627702169;87;94;462;470;11.89;0.73;72.86;5.84;375;6;128.00;8
88;6;627702176;88;94;463;470;11.96;0.73;73.43;5.89;375;6;129.00;7
90;6;627702184;90;97;465;474;11.95;0.73;74.27;5.87;375;6;130.00;9
93;6;627702201;93;98;468;474;11.87;0.72;75.89;6.05;375;6;131.00;6
96;6;627702210;96;96;469;474;11.83;0.72;77.24;6.04;373;6;132.00;5
99;6;627702219;99;98;470;474;11.72;0.72;78.76;6.16;371;6;133.00;4
99;6;627702227;99;98;471;475;11.65;0.71;78.76;6.15;372;6;134.00;4
103;6;627702235;103;99;474;477;11.44;0.70;79.57;6.24;371;6;135.00;3
103;6;627702243;103;101;474;477;11.42;0.70;79.57;6.24;371;6;136.00;3
105;6;627702251;105;104;476;478;11.48;0.70;80.18;6.30;371;6;137.00;2
106;6;627702258;106;107;476;478;11.54;0.71;80.70;6.30;370;6;138.00;2
108;6;627702265;108;111;477;478;11.60;0.71;81.00;6.38;369;6;139.00;1
109;6;627702272;109;114;477;478;11.57;0.71;80.88;6.38;368;6;140.00;1
109;7;627702281;109;114;478;478;11.53;0.71;80.88;6.41;369;7;141.00;0
112;7;627702311;112;116;478;478;11.46;0.70;82.38;6.41;366;7;142.00;0
113;7;627702318;113;118;478;478;11.43;0.70;82.88;6.41;365;7;143.00;0
116;7;627702325;116;137;553;605;11.12;0.70;83.67;5.55;437;7;144.00;52
119;7;627702346;119;131;558;606;11.04;0.70;85.08;5.51;439;7;145.00;48
120;7;627702354;120;127;566;606;11.16;0.70;85.40;5.46;446;7;146.00;40
120;7;627702361;120;127;569;606;11.14;0.70;85.40;5.44;449;7;147.00;37
124;7;627702368;124;130;574;606;11.19;0.70;86.30;5.43;450;7;148.00;32
125;7;627702376;125;125;578;606;11.24;0.70;86.03;5.43;453;7;149.00;28
125;7;627702385;125;125;582;611;11.23;0.70;86.03;5.43;457;7;150.00;29
125;7;627702395;125;122;586;611;11.27;0.70;86.03;5.44;461;7;151.00;25
126;8;627702402;126;120;591;612;11.32;0.71;86.56;5.47;465;8;152.00;21
129;8;627702418;129;121;594;613;11.32;0.71;86.41;5.48;465;8;153.00;19
130;8;627702432;130;122;598;613;11.33;0.71;86.38;5.49;468;8;154.00;15
131;8;627702445;131;124;600;614;11.21;0.70;85.80;5.49;469;8;155.00;14
134;8;627702453;134;126;602;614;11.16;0.70;87.05;5.51;468;8;156.00;12
135;8;627702461;135;130;603;614;11.10;0.69;87.42;5.53;468;8;157.00;11
137;8;627702476;137;137;604;614;11.05;0.69;87.54;5.54;467;8;158.00;10
139;8;627702483;139;142;607;618;11.01;0.68;88.51;5.54;468;8;159.00;11
140;8;627702491;140;147;610;618;10.86;0.67;88.94;5.57;470;8;160.00;8
140;8;627702498;140;146;610;618;10.72;0.66;88.94;5.57;470;8;161.00;8
140;8;627702505;140;147;613;621;10.59;0.65;88.94;5.57;473;8;162.00;8
141;8;627702511;141;144;613;621;10.50;0.65;89.39;5.57;472;8;163.00;8
144;8;627702518;144;141;614;621;10.41;0.64;90.90;5.58;470;8;164.00;7
145;8;627702525;145;145;617;625;10.34;0.64;91.41;5.56;472;8;165.00;8
146;8;627702533;146;143;618;626;10.29;0.64;91.92;5.56;472;8;166.00;8
148;8;627702540;148;141;618;626;10.18;0.63;92.93;5.56;470;8;167.00;8
151;8;627702546;151;139;623;630;10.05;0.62;94.09;5.52;472;8;168.00;7
154;8;627702555;154;140;624;630;9.81;0.61;94.92;5.55;470;8;169.00;6
157;8;627702563;157;140;625;630;9.67;0.60;95.20;5.57;468;8;170.00;5
162;8;627702578;162;137;626;631;9.55;0.59;96.52;5.56;464;8;171.00;5
165;8;627702586;165;137;629;631;9.52;0.59;96.91;5.62;464;8;172.00;2
165;8;627702594;165;136;633;637;9.63;0.59;96.91;5.60;468;8;173.00;4
168;8;627702602;168;136;634;637;9.63;0.59;97.83;5.61;466;8;174.00;3
169;8;627702610;169;130;635;638;9.68;0.59;98.15;5.60;466;8;175.00;3
169;8;627702626;169;132;637;638;9.71;0.59;98.15;5.63;468;8;176.00;1
169;8;627702634;169;127;637;638;9.81;0.60;98.15;5.63;468;8;177.00;1
169;8;627702642;169;122;638;638;9.95;0.61;98.15;5.63;469;8;178.00;0
171;8;627702649;171;116;638;638;10.05;0.62;98.40;5.63;467;8;179.00;0
171;8;627702659;171;120;669;672;10.08;0.62;98.40;5.37;498;8;180.00;3
171;8;627702671;171;116;669;672;10.06;0.62;98.40;5.37;498;8;181.00;3
171;8;627702684;171;110;670;672;10.04;0.62;98.40;5.36;499;8;182.00;2
173;8;627702692;173;114;670;672;10.08;0.62;98.45;5.36;497;8;183.00;2
173;8;627702699;173;119;671;672;10.13;0.63;98.45;5.36;498;8;184.00;1
175;8;627702706;175;126;671;672;10.15;0.63;98.75;5.36;496;8;185.00;1
176;8;627702715;176;128;676;676;10.13;0.63;99.24;5.34;500;8;186.00;0
178;8;627702725;178;135;676;676;9.99;0.62;99.65;5.34;498;8;187.00;0
181;8;627702733;181;146;679;680;9.95;0.61;100.08;5.32;498;8;188.00;1
182;8;627702742;182;150;680;681;9.86;0.61;99.83;5.31;498;8;189.00;1
184;8;627702751;184;156;681;681;9.76;0.60;99.64;5.31;497;8;190.00;0
185;8;627702759;185;160;681;681;9.64;0.60;99.72;5.31;496;8;191.00;0
186;8;627702767;186;164;693;694;9.50;0.59;99.70;5.21;507;8;192.00;1
192;8;627702783;192;170;693;694;9.24;0.57;100.13;5.21;501;8;193.00;1
195;8;627702791;195;174;694;694;9.13;0.56;101.10;5.21;499;8;194.00;0
200;8;627702799;200;180;695;695;9.03;0.55;101.71;5.20;495;8;195.00;0
205;8;627702808;205;187;696;696;8.88;0.54;101.56;5.20;491;8;196.00;0
208;8;627702819;208;187;696;696;8.82;0.54;101.43;5.20;488;8;197.00;0
211;8;627702835;211;190;698;699;8.76;0.53;100.87;5.18;487;8;198.00;1
211;8;627702843;211;194;699;699;8.57;0.52;100.87;5.18;488;8;199.00;0
213;8;627702850;213;195;699;699;8.37;0.51;100.30;5.18;486;8;200.00;0
213;8;627702862;213;200;699;699;8.27;0.51;100.30;5.18;486;8;201.00;0
214;8;627702868;214;203;704;705;8.24;0.51;100.20;5.15;490;8;202.00;1
214;8;627702876;214;208;704;705;8.16;0.50;100.20;5.15;490;8;203.00;1
216;8;627702882;216;210;705;705;8.09;0.50;100.34;5.14;489;8;204.00;0
219;8;627702889;219;216;705;705;7.93;0.49;100.79;5.14;486;8;205.00;0
220;8;627702896;220;223;709;709;7.90;0.48;100.82;5.12;489;8;206.00;0
221;8;627702903;221;225;710;710;7.86;0.48;101.28;5.11;489;8;207.00;0
222;8;627702910;222;232;710;710;7.80;0.48;101.11;5.11;488;8;208.00;0
222;8;627702918;222;236;711;711;7.76;0.48;101.11;5.11;489;8;209.00;0
225;8;627702926;225;238;711;711;7.70;0.47;101.72;5.11;486;8;210.00;0
225;8;627702933;225;241;711;711;7.74;0.47;101.72;5.11;486;8;211.00;0
226;8;627702940;226;248;711;711;7.66;0.47;101.87;5.11;485;8;212.00;0
228;8;627702946;228;250;711;711;7.60;0.47;102.00;5.11;483;8;213.00;0
229;8;627702954;229;254;711;711;7.52;0.46;101.86;5.11;482;8;214.00;0
232;8;627702966;232;257;711;711;7.44;0.46;101.53;5.11;479;8;215.00;0
232;8;627702976;232;267;753;781;7.55;0.47;101.53;4.82;521;8;216.00;28
232;8;627702990;232;252;755;782;7.58;0.47;101.53;4.81;523;8;217.00;27
232;8;627702997;232;243;762;782;7.74;0.48;101.53;4.79;530;8;218.00;20
233;8;627703004;233;221;765;782;7.91;0.49;101.68;4.78;532;8;219.00;17
233;8;627703010;233;209;769;782;8.18;0.51;101.68;4.78;536;8;220.00;13
234;8;627703018;234;200;773;782;8.47;0.52;102.19;4.78;539;8;221.00;9
237;8;627703025;237;195;778;782;8.75;0.54;103.23;4.78;541;8;222.00;4
238;8;627703032;238;192;779;782;8.84;0.54;103.74;4.79;541;8;223.00;3
240;8;627703041;240;188;782;783;8.98;0.55;104.16;4.79;542;8;224.00;1
242;8;627703049;242;182;784;785;9.09;0.56;104.55;4.78;542;8;225.00;1
242;8;627703057;242;162;785;785;9.28;0.57;104.55;4.78;543;8;226.00;0
245;8;627703065;245;144;789;789;9.36;0.57;104.73;4.77;544;8;227.00;0
246;8;627703073;246;131;789;789;9.59;0.59;105.04;4.77;543;8;228.00;0
249;8;627703081;249;119;789;789;9.74;0.59;105.93;4.77;540;8;229.00;0
249;8;627703089;249;110;789;789;9.88;0.61;105.93;4.77;540;8;230.00;0
250;8;627703099;250;113;794;795;10.11;0.62;105.60;4.74;544;8;231.00;1
252;8;627703107;252;106;794;795;10.33;0.63;106.56;4.74;542;8;232.00;1
254;8;627703116;254;97;795;795;10.60;0.65;106.21;4.74;541;8;233.00;0
258;8;627703124;258;93;797;798;10.84;0.66;107.95;4.73;539;8;234.00;1
259;8;627703132;259;90;798;798;11.03;0.67;108.44;4.72;539;8;235.00;0
260;8;627703141;260;88;798;798;11.21;0.68;108.91;4.72;538;8;236.00;0
261;8;627703148;261;88;799;799;11.32;0.69;109.24;4.72;538;8;237.00;0
263;8;627703156;263;88;800;800;11.54;0.70;109.98;4.71;537;8;238.00;0
266;8;627703164;266;85;800;800;11.76;0.71;110.06;4.71;534;8;239.00;0
267;8;627703174;267;91;824;826;11.65;0.71;110.31;4.58;557;8;240.00;2
269;8;627703184;269;83;825;826;11.78;0.72;110.88;4.57;556;8;241.00;1
272;8;627703192;272;82;826;826;11.94;0.73;111.72;4.57;554;8;242.00;0
273;8;627703199;273;79;827;827;12.04;0.73;111.68;4.56;554;8;243.00;0
275;8;627703207;275;83;827;827;12.15;0.74;111.85;4.56;552;8;244.00;0
278;8;627703214;278;84;830;831;12.15;0.74;112.10;4.55;552;8;245.00;1
279;8;627703223;279;88;830;831;12.16;0.74;112.07;4.55;551;8;246.00;1
284;8;627703230;284;90;835;835;12.08;0.74;113.99;4.53;551;8;247.00;0
290;8;627703238;290;92;835;835;12.13;0.74;115.23;4.53;545;8;248.00;0
294;10;627703246;294;97;835;835;12.25;0.74;115.98;4.53;541;10;249.00;0
296;10;627703281;296;96;835;835;12.37;0.75;116.27;4.53;539;10;250.00;0
300;10;627703289;300;96;835;835;12.48;0.76;116.47;4.53;535;10;251.00;0
301;10;627703297;301;96;846;847;12.50;0.76;116.90;4.47;545;10;252.00;1
304;10;627703306;304;101;846;847;12.52;0.76;117.06;4.47;542;10;253.00;1
304;10;627703314;304;100;847;847;12.53;0.76;117.06;4.47;543;10;254.00;0
306;10;627703332;306;99;847;847;12.52;0.76;117.49;4.47;541;10;255.00;0
307;10;627703341;307;101;847;847;12.55;0.76;117.63;4.47;540;10;256.00;0
308;10;627703350;308;105;847;847;12.54;0.76;117.61;4.47;539;10;257.00;0
309;10;627703358;309;105;848;848;12.55;0.76;117.53;4.47;539;10;258.00;0
310;10;627703365;310;107;848;848;12.55;0.76;117.37;4.47;538;10;259.00;0
311;10;627703373;311;108;853;854;12.49;0.76;117.60;4.45;542;10;260.00;1
313;10;627703389;313;109;854;855;12.54;0.76;118.25;4.44;541;10;261.00;1
316;10;627703398;316;108;855;855;12.57;0.76;118.33;4.44;539;10;262.00;0
318;10;627703405;318;112;855;855;12.59;0.76;118.20;4.44;537;10;263.00;0
320;10;627703415;320;109;859;859;12.57;0.76;118.27;4.42;539;10;264.00;0
324;10;627703425;324;111;859;859;12.59;0.76;118.57;4.42;535;10;265.00;0
330;10;627703439;330;112;859;859;12.49;0.76;119.69;4.42;529;10;266.00;0
335;10;627703446;335;115;860;860;12.43;0.75;120.20;4.41;525;10;267.00;0
338;10;627703453;338;118;864;864;12.38;0.75;121.35;4.40;526;10;268.00;0
341;10;627703462;341;119;864;864;12.35;0.75;122.19;4.40;523;10;269.00;0
344;10;627703471;344;116;867;870;12.41;0.75;122.83;4.38;523;10;270.00;3
345;10;627703485;345;115;867;870;12.43;0.75;122.84;4.38;522;10;271.00;3
347;10;627703492;347;109;868;870;12.49;0.75;123.41;4.38;521;10;272.00;2
349;10;627703500;349;107;868;870;12.57;0.76;123.61;4.38;519;10;273.00;2
350;10;627703508;350;102;871;874;12.68;0.77;123.63;4.37;521;10;274.00;3
352;10;627703516;352;97;871;874;12.77;0.77;123.75;4.37;519;10;275.00;3
354;10;627703524;354;93;872;874;12.91;0.78;123.86;4.37;518;10;276.00;2
356;10;627703532;356;87;872;874;13.00;0.79;124.11;4.37;516;10;277.00;2
359;10;627703540;359;84;874;875;12.98;0.79;124.58;4.37;515;10;278.00;1
360;10;627703548;360;81;875;876;13.03;0.79;124.51;4.37;515;10;279.00;1
364;10;627703556;364;75;876;876;13.02;0.79;125.05;4.37;512;10;280.00;0
366;10;627703564;366;70;877;877;13.14;0.79;125.29;4.36;511;10;281.00;0
368;10;627703573;368;69;877;877;13.21;0.80;125.28;4.36;509;10;282.00;0
368;10;627703581;368;71;877;877;13.21;0.80;125.28;4.36;509;10;283.00;0
369;11;627703588;369;69;877;877;13.22;0.80;125.03;4.36;508;11;284.00;0
369;11;627703608;369;72;877;877;13.24;0.80;125.03;4.36;508;11;285.00;0
370;11;627703616;370;71;877;877;13.31;0.81;125.32;4.36;507;11;286.00;0
370;11;627703624;370;71;877;877;13.39;0.82;125.32;4.36;507;11;287.00;0
373;11;627703631;373;92;948;1004;12.76;0.79;125.46;4.04;575;11;288.00;56
373;11;627703651;373;85;950;1005;12.72;0.79;125.46;4.03;577;11;289.00;55
373;11;627703660;373;82;957;1005;12.74;0.79;125.46;4.02;584;11;290.00;48
376;11;627703667;376;83;960;1005;12.76;0.79;126.19;4.02;584;11;291.00;45
377;11;627703676;377;84;967;1005;12.72;0.78;126.35;4.02;590;11;292.00;38
378;12;627703685;378;86;971;1005;12.76;0.79;126.77;4.02;593;12;293.00;34
380;12;627703704;380;89;975;1005;12.69;0.78;126.93;4.03;595;12;294.00;30
380;12;627703713;380;88;978;1005;12.57;0.77;126.93;4.04;598;12;295.00;27
382;13;627703722;382;88;982;1006;12.52;0.77;126.93;4.05;600;13;296.00;24
382;13;627703738;382;91;987;1007;12.55;0.77;126.93;4.08;605;13;297.00;20
387;13;627703752;387;93;989;1007;12.51;0.77;126.17;4.08;602;13;298.00;18
388;14;627703765;388;99;990;1008;12.46;0.77;126.56;4.09;602;14;299.00;18
390;14;627703797;390;104;995;1014;12.33;0.76;126.45;4.12;605;14;300.00;19
391;14;627703837;391;109;996;1014;12.21;0.75;126.89;4.13;605;14;301.00;18
391;14;627703854;391;116;998;1014;12.09;0.75;126.89;4.15;607;14;302.00;16
394;14;627703867;394;121;1002;1018;11.95;0.74;127.14;4.16;608;14;303.00;16
397;14;627703885;397;130;1004;1018;11.76;0.73;127.89;4.19;607;14;304.00;14
402;14;627703895;402;137;1006;1018;11.60;0.72;128.91;4.20;604;14;305.00;12
405;14;627703905;405;143;1010;1021;11.47;0.71;130.04;4.22;605;14;306.00;11
407;14;627703917;407;148;1012;1021;11.35;0.70;129.79;4.22;605;14;307.00;9
409;14;627703927;409;155;1012;1021;11.28;0.70;130.07;4.22;603;14;308.00;9
415;14;627703936;415;161;1015;1025;11.03;0.68;130.83;4.21;600;14;309.00;10
418;14;627703945;418;168;1016;1026;10.78;0.66;130.70;4.20;598;14;310.00;10
422;14;627703954;422;175;1016;1026;10.54;0.65;131.27;4.20;594;14;311.00;10
425;14;627703971;425;183;1021;1030;10.33;0.64;131.73;4.20;596;14;312.00;9
427;14;627703981;427;188;1022;1030;10.16;0.63;131.88;4.20;595;14;313.00;8
430;14;627703989;430;191;1022;1030;10.06;0.62;132.42;4.20;592;14;314.00;8
431;14;627703998;431;195;1024;1032;9.99;0.62;132.51;4.20;593;14;315.00;8
432;14;627704013;432;203;1024;1032;9.83;0.61;132.77;4.20;592;14;316.00;8
434;14;627704021;434;203;1028;1038;9.72;0.60;133.24;4.18;594;14;317.00;10
437;14;627704037;437;208;1028;1038;9.47;0.59;133.42;4.18;591;14;318.00;10
437;14;627704052;437;207;1030;1039;9.38;0.58;133.42;4.20;593;14;319.00;9
439;14;627704064;439;207;1031;1039;9.33;0.58;133.66;4.22;592;14;320.00;8
445;14;627704079;445;207;1032;1039;9.25;0.57;134.22;4.25;587;14;321.00;7
447;15;627704086;447;208;1034;1039;9.23;0.57;134.45;4.28;587;15;322.00;5
453;15;627704109;453;205;1036;1039;9.13;0.56;134.76;4.32;583;15;323.00;3
454;15;627704116;454;208;1049;1051;9.16;0.57;135.16;4.29;595;15;324.00;2
458;15;627704126;458;201;1050;1051;9.17;0.57;135.05;4.30;592;15;325.00;1
460;15;627704134;460;206;1050;1051;9.20;0.57;135.55;4.30;590;15;326.00;1
463;15;627704142;463;209;1051;1051;9.28;0.57;135.60;4.29;588;15;327.00;0
467;15;627704149;467;209;1051;1051;9.27;0.57;135.94;4.29;584;15;328.00;0
469;15;627704158;469;206;1051;1051;9.32;0.57;136.13;4.29;582;15;329.00;0
471;15;627704166;471;206;1055;1055;9.30;0.57;136.20;4.28;584;15;330.00;0
471;15;627704174;471;210;1055;1055;9.34;0.57;136.20;4.28;584;15;331.00;0
474;15;627704187;474;215;1058;1059;9.33;0.57;136.43;4.27;584;15;332.00;1
477;15;627704207;477;218;1059;1060;9.26;0.57;136.65;4.27;582;15;333.00;1
478;15;627704227;478;217;1060;1060;9.12;0.56;136.56;4.27;582;15;334.00;0
483;15;627704244;483;220;1060;1060;8.96;0.55;137.85;4.27;577;15;335.00;0
487;15;627704265;487;225;1073;1073;8.74;0.54;138.05;4.22;586;15;336.00;0
490;15;627704277;490;226;1073;1073;8.57;0.52;138.25;4.22;583;15;337.00;0
492;15;627704287;492;233;1073;1073;8.36;0.51;139.06;4.22;581;15;338.00;0
496;15;627704297;496;232;1074;1074;8.17;0.50;139.92;4.21;578;15;339.00;0
496;15;627704308;496;229;1075;1075;8.04;0.49;139.92;4.21;579;15;340.00;0
501;15;627704317;501;231;1075;1075;7.85;0.48;140.57;4.21;574;15;341.00;0
505;15;627704326;505;225;1077;1078;7.71;0.48;141.20;4.20;572;15;342.00;1
509;15;627704334;509;226;1078;1078;7.68;0.47;141.62;4.20;569;15;343.00;0
512;15;627704343;512;229;1078;1078;7.68;0.47;142.34;4.20;566;15;344.00;0
513;15;627704352;513;228;1078;1078;7.69;0.47;142.67;4.20;565;15;345.00;0
515;15;627704360;515;225;1083;1084;7.74;0.48;143.43;4.18;568;15;346.00;1
519;15;627704369;519;214;1084;1084;7.66;0.47;144.20;4.18;565;15;347.00;0
520;15;627704378;520;211;1084;1084;7.70;0.48;144.48;4.18;564;15;348.00;0
527;15;627704387;527;212;1084;1084;7.65;0.47;145.48;4.18;557;15;349.00;0
532;15;627704396;532;207;1088;1088;7.68;0.47;145.67;4.17;556;15;350.00;0
537;15;627704410;537;208;1089;1089;7.62;0.47;145.41;4.17;552;15;351.00;0
539;15;627704421;539;205;1089;1089;7.67;0.47;145.44;4.17;550;15;352.00;0
542;15;627704430;542;207;1090;1090;7.75;0.48;145.10;4.16;548;15;353.00;0
544;15;627704448;544;206;1090;1090;7.72;0.48;144.81;4.16;546;15;354.00;0
550;15;627704455;550;210;1090;1090;7.70;0.47;145.14;4.16;540;15;355.00;0
555;15;627704465;555;214;1090;1090;7.62;0.47;144.45;4.16;535;15;356.00;0
557;15;627704474;557;215;1090;1090;7.64;0.47;144.42;4.16;533;15;357.00;0
557;15;627704482;557;216;1090;1090;7.66;0.47;144.42;4.16;533;15;358.00;0
558;15;627704491;558;215;1090;1090;7.57;0.46;144.29;4.16;532;15;359.00;0
561;15;627704501;561;233;1160;1215;7.93;0.49;144.19;3.91;599;15;360.00;55
563;15;627704524;563;231;1167;1216;7.88;0.49;144.20;3.90;604;15;361.00;49
564;15;627704535;564;230;1182;1216;7.91;0.49;144.07;3.87;618;15;362.00;34
565;15;627704552;565;229;1187;1216;7.96;0.49;144.12;3.87;622;15;363.00;29
565;15;627704562;565;229;1191;1216;7.98;0.49;144.12;3.87;626;15;364.00;25
565;15;627704570;565;233;1195;1216;8.02;0.50;144.12;3.87;630;15;365.00;21
565;15;627704580;565;238;1200;1216;7.96;0.49;144.12;3.88;635;15;366.00;16
565;15;627704591;565;242;1201;1216;7.93;0.49;144.12;3.88;636;15;367.00;15
568;15;627704601;568;247;1206;1217;7.77;0.48;144.56;3.89;638;15;368.00;11
572;15;627704612;572;256;1208;1218;7.68;0.47;144.12;3.90;636;15;369.00;10
577;15;627704622;577;258;1209;1218;7.54;0.46;144.07;3.90;632;15;370.00;9
579;15;627704633;579;249;1214;1222;7.50;0.46;143.98;3.90;635;15;371.00;8
579;15;627704645;579;243;1215;1222;7.51;0.46;143.98;3.90;636;15;372.00;7
579;15;627704655;579;237;1215;1222;7.54;0.46;143.98;3.90;636;15;373.00;7
579;15;627704664;579;236;1217;1222;7.58;0.47;143.98;3.92;638;15;374.00;5
580;15;627704675;580;236;1221;1228;7.67;0.47;144.24;3.91;641;15;375.00;7
581;15;627704687;581;236;1222;1228;7.74;0.47;144.21;3.92;641;15;376.00;6
581;16;627704704;581;231;1223;1228;7.83;0.48;144.21;3.93;642;16;377.00;5
582;16;627704750;582;234;1226;1231;7.98;0.49;144.42;3.94;644;16;378.00;5
583;16;627704761;583;230;1228;1231;8.12;0.50;144.54;3.95;645;16;379.00;3
585;16;627704783;585;232;1229;1231;8.23;0.50;144.54;3.95;644;16;380.00;2
586;16;627704794;586;231;1231;1232;8.30;0.51;144.59;3.95;645;16;381.00;1
587;16;627704805;587;227;1232;1233;8.41;0.51;144.39;3.95;645;16;382.00;1
589;16;627704816;589;227;1232;1233;8.52;0.52;144.13;3.95;643;16;383.00;1
591;16;627704826;591;230;1246;1246;8.71;0.53;144.09;3.92;655;16;384.00;0
592;16;627704838;592;229;1246;1246;8.79;0.54;143.89;3.92;654;16;385.00;0
593;16;627704849;593;224;1246;1246;8.88;0.54;144.05;3.92;653;16;386.00;0
596;16;627704860;596;219;1247;1247;8.93;0.54;144.04;3.92;651;16;387.00;0
597;16;627704878;597;213;1247;1247;9.01;0.55;144.32;3.92;650;16;388.00;0
598;16;627704895;598;199;1250;1251;9.09;0.55;144.31;3.91;652;16;389.00;1
598;16;627704910;598;187;1250;1251;9.18;0.56;144.31;3.91;652;16;390.00;1
601;16;627704921;601;184;1255;1255;9.28;0.56;144.64;3.90;654;16;391.00;0
603;16;627704932;603;179;1255;1255;9.39;0.57;144.42;3.90;652;16;392.00;0
604;16;627704944;604;174;1255;1255;9.45;0.57;144.47;3.90;651;16;393.00;0
607;16;627704955;607;171;1255;1255;9.52;0.58;144.40;3.90;648;16;394.00;0
610;16;627704966;610;169;1255;1255;9.63;0.59;145.00;3.90;645;16;395.00;0
612;16;627704983;612;154;1266;1267;9.84;0.60;145.50;3.87;654;16;396.00;1
613;16;627704995;613;145;1267;1267;10.00;0.61;145.44;3.86;654;16;397.00;0
615;16;627705007;615;131;1267;1267;10.20;0.62;146.08;3.86;652;16;398.00;0
616;16;627705018;616;116;1267;1267;10.45;0.64;146.42;3.86;651;16;399.00;0
618;16;627705031;618;109;1267;1267;10.75;0.66;146.61;3.86;649;16;400.00;0
621;16;627705048;621;107;1267;1267;11.01;0.67;147.10;3.86;646;16;401.00;0
622;16;627705061;622;105;1268;1268;11.27;0.69;147.04;3.86;646;16;402.00;0
627;16;627705072;627;103;1268;1268;11.44;0.70;147.59;3.86;641;16;403.00;0
629;16;627705085;629;99;1273;1274;11.58;0.71;147.98;3.85;644;16;404.00;1
632;16;627705097;632;99;1275;1276;11.70;0.71;148.29;3.84;643;16;405.00;1
634;16;627705109;634;101;1276;1276;11.83;0.72;148.49;3.84;642;16;406.00;0
637;16;627705121;637;100;1276;1276;11.91;0.73;148.90;3.84;639;16;407.00;0
640;16;627705133;640;101;1280;1280;12.02;0.73;149.41;3.83;640;16;408.00;0
643;16;627705145;643;103;1280;1280;12.09;0.73;150.31;3.83;637;16;409.00;0
644;16;627705158;644;102;1280;1280;12.16;0.74;150.48;3.83;636;16;410.00;0
647;16;627705170;647;101;1281;1281;12.25;0.74;151.03;3.83;634;16;411.00;0
649;16;627705182;649;105;1285;1285;12.26;0.75;151.34;3.82;636;16;412.00;0
651;16;627705196;651;107;1285;1285;12.31;0.75;151.80;3.82;634;16;413.00;0
653;16;627705208;653;102;1287;1288;12.38;0.75;152.06;3.82;634;16;414.00;1
655;16;627705220;655;103;1287;1288;12.47;0.76;152.55;3.82;632;16;415.00;1
657;16;627705231;657;102;1288;1288;12.56;0.77;152.54;3.81;631;16;416.00;0
661;16;627705243;661;99;1288;1288;12.55;0.77;153.60;3.81;627;16;417.00;0
665;16;627705254;665;97;1291;1292;12.61;0.77;154.66;3.81;626;16;418.00;1
669;16;627705266;669;92;1291;1292;12.55;0.76;155.26;3.81;622;16;419.00;1
673;16;627705279;673;93;1292;1292;12.61;0.77;155.78;3.81;619;16;420.00;0
675;16;627705296;675;96;1292;1292;12.70;0.77;156.25;3.81;617;16;421.00;0
678;16;627705313;678;97;1293;1293;12.72;0.78;156.26;3.80;615;16;422.00;0
685;16;627705325;685;93;1294;1294;12.76;0.78;156.61;3.80;609;16;423.00;0
688;16;627705336;688;92;1294;1294;12.82;0.78;157.30;3.80;606;16;424.00;0
691;16;627705347;691;92;1295;1295;12.86;0.79;157.31;3.80;604;16;425.00;0
694;16;627705358;694;90;1295;1295;12.88;0.79;157.82;3.80;601;16;426.00;0
698;16;627705371;698;91;1295;1295;12.95;0.79;158.03;3.80;597;16;427.00;0
701;16;627705383;701;94;1295;1295;13.06;0.80;158.58;3.80;594;16;428.00;0
707;16;627705395;707;92;1295;1295;13.08;0.80;159.09;3.80;588;16;429.00;0
711;16;627705405;711;93;1295;1295;13.19;0.80;159.25;3.80;584;16;430.00;0
717;16;627705416;717;92;1295;1295;13.24;0.80;159.91;3.80;578;16;431.00;0
721;16;627705427;721;122;1376;1422;12.32;0.76;160.13;3.58;655;16;432.00;46
722;16;627705450;722;111;1376;1423;12.38;0.76;160.11;3.58;654;16;433.00;47
724;16;627705463;724;102;1381;1423;12.52;0.77;160.34;3.57;657;16;434.00;42
727;16;627705475;727;103;1383;1423;12.65;0.78;160.80;3.57;656;16;435.00;40
731;16;627705486;731;98;1388;1423;12.76;0.78;160.99;3.57;657;16;436.00;35
736;16;627705496;736;103;1391;1423;12.80;0.78;161.16;3.58;655;16;437.00;32
738;16;627705509;738;105;1396;1423;12.88;0.79;161.05;3.58;658;16;438.00;27
740;16;627705520;740;106;1398;1423;12.89;0.79;161.44;3.59;658;16;439.00;25
744;17;627705542;744;106;1402;1424;12.96;0.79;161.92;3.60;658;17;440.00;22
749;17;627705579;749;106;1405;1425;13.01;0.79;162.23;3.61;656;17;441.00;20
751;17;627705590;751;104;1409;1425;13.03;0.79;162.36;3.63;658;17;442.00;16
753;17;627705604;753;102;1411;1426;12.96;0.79;162.69;3.64;658;17;443.00;15
754;17;627705615;754;102;1413;1426;12.83;0.78;162.68;3.65;659;17;444.00;13
754;17;627705627;754;100;1416;1426;12.69;0.77;162.68;3.67;662;17;445.00;10
755;17;627705639;755;98;1418;1426;12.61;0.77;162.68;3.68;663;17;446.00;8
757;17;627705651;757;100;1419;1430;12.57;0.77;162.69;3.68;662;17;447.00;11
760;17;627705663;760;103;1421;1430;12.55;0.76;162.49;3.69;661;17;448.00;9
762;17;627705675;762;106;1421;1430;12.54;0.76;162.99;3.69;659;17;449.00;9
769;17;627705689;769;111;1425;1436;12.50;0.76;163.37;3.69;656;17;450.00;11
770;17;627705702;770;110;1425;1436;12.47;0.76;163.27;3.69;655;17;451.00;11
772;17;627705713;772;113;1426;1436;12.40;0.75;163.49;3.70;654;17;452.00;10
774;17;627705725;774;110;1429;1440;12.37;0.75;163.31;3.69;655;17;453.00;11
775;17;627705736;775;112;1431;1441;12.33;0.75;163.12;3.69;656;17;454.00;10
777;17;627705749;777;116;1432;1441;12.33;0.75;163.22;3.69;655;17;455.00;9
779;17;627705772;779;121;1435;1445;12.36;0.75;163.71;3.69;656;17;456.00;10
781;17;627705794;781;122;1436;1445;12.32;0.75;163.68;3.70;655;17;457.00;9
783;17;627705811;783;125;1437;1445;12.39;0.76;163.65;3.71;654;17;458.00;8
784;17;627705832;784;129;1438;1446;12.43;0.76;163.57;3.70;654;17;459.00;8
787;17;627705846;787;131;1440;1446;12.39;0.76;163.99;3.74;653;17;460.00;6
789;17;627705862;789;132;1444;1452;12.33;0.75;164.01;3.74;655;17;461.00;8
791;17;627705876;791;129;1446;1452;12.10;0.74;163.87;3.76;655;17;462.00;6
792;17;627705889;792;129;1447;1453;11.98;0.73;163.74;3.76;655;17;463.00;6
794;17;627705903;794;137;1448;1453;11.78;0.72;163.59;3.76;654;17;464.00;5
795;17;627705917;795;140;1448;1453;11.68;0.71;163.77;3.76;653;17;465.00;5
797;17;627705928;797;144;1448;1453;11.54;0.70;164.04;3.76;651;17;466.00;5
799;17;627705958;799;147;1448;1453;11.52;0.70;163.89;3.76;649;17;467.00;5
802;17;627705973;802;150;1458;1465;11.47;0.70;163.81;3.73;656;17;468.00;7
803;17;627705987;803;156;1459;1465;11.48;0.70;163.74;3.75;656;17;469.00;6
804;17;627706000;804;157;1460;1465;11.45;0.70;163.76;3.75;656;17;470.00;5
807;17;627706011;807;158;1460;1465;11.42;0.69;163.56;3.75;653;17;471.00;5
807;17;627706023;807;163;1462;1465;11.39;0.69;163.56;3.77;655;17;472.00;3
811;17;627706034;811;172;1462;1465;11.34;0.69;163.65;3.77;651;17;473.00;3
816;17;627706045;816;174;1465;1469;11.18;0.68;164.15;3.76;649;17;474.00;4
819;17;627706058;819;177;1467;1469;11.00;0.67;163.97;3.78;648;17;475.00;2
825;17;627706078;825;186;1470;1473;10.93;0.66;164.24;3.77;645;17;476.00;3
826;17;627706093;826;191;1472;1474;10.86;0.66;164.18;3.77;646;17;477.00;2
828;17;627706105;828;193;1474;1474;10.75;0.65;164.34;3.77;646;17;478.00;0
831;17;627706115;831;200;1474;1474;10.59;0.65;164.70;3.77;643;17;479.00;0
833;17;627706130;833;206;1494;1500;10.41;0.63;164.46;3.72;661;17;480.00;6
835;17;627706143;835;215;1494;1500;10.25;0.63;164.51;3.72;659;17;481.00;6
836;17;627706155;836;220;1497;1500;10.11;0.62;164.51;3.72;661;17;482.00;3
837;17;627706167;837;224;1500;1501;10.02;0.61;164.51;3.72;663;17;483.00;1
838;17;627706178;838;226;1502;1502;9.94;0.61;164.51;3.71;664;17;484.00;0
839;17;627706190;839;232;1502;1502;9.81;0.60;164.68;3.71;663;17;485.00;0
840;17;627706201;840;237;1504;1505;9.70;0.60;164.55;3.71;664;17;486.00;1
844;17;627706222;844;244;1504;1505;9.49;0.58;164.40;3.71;660;17;487.00;1
847;17;627706232;847;249;1505;1505;9.29;0.57;164.17;3.71;658;17;488.00;0
848;17;627706243;848;249;1505;1505;9.20;0.56;164.25;3.71;657;17;489.00;0
849;17;627706255;849;255;1510;1511;9.11;0.56;164.45;3.70;661;17;490.00;1
851;17;627706276;851;255;1510;1511;8.95;0.55;164.23;3.70;659;17;491.00;1
852;17;627706288;852;259;1511;1511;8.82;0.54;164.27;3.70;659;17;492.00;0
854;17;627706298;854;260;1511;1511;8.71;0.54;164.10;3.70;657;17;493.00;0
856;17;627706310;856;262;1515;1515;8.56;0.53;163.92;3.69;659;17;494.00;0
856;17;627706321;856;261;1517;1517;8.43;0.52;163.92;3.69;661;17;495.00;0
859;17;627706332;859;261;1517;1517;8.32;0.51;163.81;3.69;658;17;496.00;0
861;17;627706342;861;263;1518;1518;8.24;0.51;163.71;3.68;657;17;497.00;0
867;17;627706353;867;263;1518;1518;8.18;0.51;163.67;3.68;651;17;498.00;0
869;17;627706365;869;272;1518;1518;8.13;0.50;163.69;3.68;649;17;499.00;0
873;17;627706377;873;277;1518;1518;8.04;0.50;163.65;3.68;645;17;500.00;0
875;17;627706393;875;278;1518;1518;7.99;0.49;163.55;3.68;643;17;501.00;0
878;17;627706404;878;278;1518;1518;7.92;0.49;163.55;3.68;640;17;502.00;0
881;17;627706413;881;276;1518;1518;7.79;0.48;163.72;3.68;637;17;503.00;0
884;17;627706422;884;283;1558;1588;7.86;0.48;164.17;3.59;674;17;504.00;30
885;17;627706438;885;283;1562;1589;7.69;0.47;164.28;3.58;677;17;505.00;27
890;17;627706449;890;275;1572;1589;7.64;0.47;164.33;3.57;682;17;506.00;17
892;17;627706459;892;272;1572;1589;7.46;0.46;164.97;3.57;680;17;507.00;17
895;17;627706469;895;272;1579;1589;7.41;0.46;165.23;3.58;684;17;508.00;10
899;17;627706478;899;274;1579;1589;7.23;0.45;165.28;3.58;680;17;509.00;10
903;17;627706490;903;266;1584;1589;7.16;0.44;165.95;3.58;681;17;510.00;5
904;17;627706500;904;263;1588;1589;7.12;0.44;166.17;3.59;684;17;511.00;1
906;17;627706510;906;262;1590;1590;7.05;0.43;166.36;3.59;684;17;512.00;0
908;17;627706519;908;256;1591;1591;7.04;0.43;166.63;3.59;683;17;513.00;0
913;17;627706528;913;259;1591;1591;7.00;0.43;167.42;3.59;678;17;514.00;0
914;17;627706538;914;260;1595;1595;7.01;0.43;167.68;3.58;681;17;515.00;0
919;17;627706548;919;264;1595;1595;6.96;0.43;168.00;3.58;676;17;516.00;0
923;17;627706558;923;263;1595;1595;7.01;0.43;168.39;3.58;672;17;517.00;0
926;17;627706569;926;261;1595;1595;7.08;0.43;168.95;3.58;669;17;518.00;0
928;17;627706579;928;263;1600;1601;7.21;0.44;169.42;3.58;672;17;519.00;1
931;17;627706588;931;262;1601;1601;7.32;0.45;170.02;3.57;670;17;520.00;0
936;17;627706599;936;262;1601;1601;7.36;0.45;170.05;3.57;665;17;521.00;0
938;17;627706608;938;260;1604;1604;7.46;0.46;170.36;3.57;666;17;522.00;0
942;17;627706620;942;244;1604;1604;7.58;0.46;170.58;3.57;662;17;523.00;0
943;17;627706632;943;233;1604;1604;7.71;0.47;170.84;3.57;661;17;524.00;0
946;17;627706649;946;224;1605;1605;7.83;0.48;171.30;3.57;659;17;525.00;0
954;17;627706662;954;220;1606;1606;7.85;0.48;171.62;3.56;652;17;526.00;0
956;17;627706673;956;215;1606;1606;7.94;0.48;171.73;3.56;650;17;527.00;0
960;17;627706685;960;213;1619;1619;8.02;0.49;172.01;3.54;659;17;528.00;0
962;17;627706704;962;207;1619;1619;8.21;0.50;171.93;3.54;657;17;529.00;0
964;17;627706713;964;204;1619;1619;8.34;0.51;172.27;3.54;655;17;530.00;0
969;17;627706726;969;197;1620;1620;8.47;0.52;172.59;3.53;651;17;531.00;0
972;17;627706737;972;191;1620;1620;8.58;0.52;172.65;3.53;648;17;532.00;0
978;17;627706750;978;189;1623;1624;8.66;0.53;172.71;3.53;645;17;533.00;1
981;17;627706763;981;191;1623;1624;8.75;0.53;172.90;3.53;642;17;534.00;1
985;17;627706776;985;186;1628;1628;8.87;0.54;172.98;3.52;643;17;535.00;0
989;17;627706794;989;182;1628;1628;8.93;0.54;173.14;3.52;639;17;536.00;0
994;17;627706806;994;180;1628;1628;8.94;0.54;173.07;3.52;634;17;537.00;0
1000;17;627706826;1000;179;1628;1628;8.91;0.54;173.57;3.52;628;17;538.00;0
1001;17;627706852;1001;179;1628;1628;8.91;0.54;173.64;3.52;627;17;539.00;0
1005;17;627706864;1005;180;1658;1662;8.99;0.55;173.77;3.46;653;17;540.00;4
1009;17;627706877;1009;178;1658;1662;9.00;0.55;173.91;3.46;649;17;541.00;4
1010;17;627706890;1010;177;1659;1662;9.08;0.56;173.87;3.46;649;17;542.00;3
1016;17;627706902;1016;178;1659;1662;9.09;0.56;173.95;3.46;643;17;543.00;3
1018;17;627706913;1018;184;1660;1662;9.15;0.56;173.88;3.46;642;17;544.00;2
1020;17;627706924;1020;185;1660;1662;9.25;0.57;173.81;3.46;640;17;545.00;2
1023;17;627706935;1023;186;1662;1663;9.22;0.56;173.73;3.46;639;17;546.00;1
1026;17;627706946;1026;188;1662;1663;9.18;0.56;173.73;3.46;636;17;547.00;1
1027;17;627706956;1027;190;1667;1669;9.15;0.56;173.83;3.46;640;17;548.00;2
1030;17;627706968;1030;195;1668;1670;9.13;0.56;173.96;3.45;638;17;549.00;2
1033;17;627706978;1033;190;1669;1670;9.20;0.56;174.02;3.45;636;17;550.00;1
1035;17;627706988;1035;198;1669;1670;9.23;0.56;174.05;3.45;634;17;551.00;1
1038;17;627706999;1038;199;1674;1674;9.27;0.57;174.15;3.45;636;17;552.00;0
1040;17;627707010;1040;194;1674;1674;9.30;0.57;174.22;3.45;634;17;553.00;0
1043;17;627707028;1043;200;1674;1674;9.35;0.57;174.85;3.45;631;17;554.00;0
1048;17;627707040;1048;199;1675;1675;9.36;0.57;175.34;3.44;627;17;555.00;0
1049;17;627707050;1049;201;1679;1679;9.38;0.57;175.42;3.44;630;17;556.00;0
1052;17;627707062;1052;192;1679;1679;9.42;0.57;176.02;3.44;627;17;557.00;0
1057;17;627707077;1057;186;1681;1682;9.42;0.57;176.10;3.43;624;17;558.00;1
1059;17;627707090;1059;179;1681;1682;9.51;0.58;176.15;3.43;622;17;559.00;1
1063;17;627707103;1063;174;1682;1682;9.67;0.59;176.35;3.43;619;17;560.00;0
1066;17;627707116;1066;169;1682;1682;9.85;0.60;176.76;3.43;616;17;561.00;0
1069;17;627707135;1069;164;1685;1686;10.03;0.61;176.76;3.43;616;17;562.00;1
1070;17;627707149;1070;161;1685;1686;10.19;0.62;176.79;3.43;615;17;563.00;1
1071;17;627707161;1071;157;1686;1686;10.33;0.63;176.87;3.43;615;17;564.00;0
1073;17;627707173;1073;153;1686;1686;10.45;0.63;177.36;3.43;613;17;565.00;0
1074;17;627707184;1074;134;1687;1687;10.58;0.64;177.58;3.43;613;17;566.00;0
1075;17;627707197;1075;119;1688;1688;10.79;0.65;177.64;3.43;613;17;567.00;0
1077;17;627707215;1077;109;1688;1688;10.90;0.66;177.88;3.43;611;17;568.00;0
1080;17;627707233;1080;104;1689;1689;11.09;0.67;178.09;3.42;609;17;569.00;0
1083;17;627707249;1083;96;1689;1689;11.29;0.68;178.40;3.42;606;17;570.00;0
1087;17;627707263;1087;96;1689;1689;11.36;0.69;178.45;3.42;602;17;571.00;0
1089;17;627707275;1089;94;1689;1689;11.56;0.70;178.41;3.42;600;17;572.00;0
1090;17;627707288;1090;92;1689;1689;11.74;0.71;178.63;3.42;599;17;573.00;0
1093;17;627707307;1093;90;1689;1689;11.90;0.72;178.64;3.42;596;17;574.00;0
1094;17;627707320;1094;87;1689;1689;12.07;0.74;178.80;3.42;595;17;575.00;0
1098;17;627707330;1098;115;1769;1816;11.71;0.72;179.01;3.27;671;17;576.00;47
1101;17;627707363;1101;101;1772;1817;11.86;0.73;179.23;3.27;671;17;577.00;45
1106;17;627707378;1106;88;1780;1817;12.02;0.74;179.60;3.26;674;17;578.00;37
1110;17;627707394;1110;80;1782;1817;12.09;0.74;180.20;3.26;672;17;579.00;35
1112;17;627707407;1112;79;1788;1817;12.18;0.75;180.45;3.26;676;17;580.00;29
1115;17;627707420;1115;77;1790;1817;12.24;0.75;180.68;3.27;675;17;581.00;27
1117;17;627707443;1117;78;1794;1817;12.31;0.75;180.80;3.27;677;17;582.00;23
1120;17;627707456;1120;82;1796;1817;12.28;0.75;181.51;3.28;676;17;583.00;21
1124;17;627707472;1124;89;1801;1818;12.28;0.75;182.10;3.29;677;17;584.00;17
1126;17;627707486;1126;92;1805;1820;12.30;0.75;182.66;3.30;679;17;585.00;15
1129;17;627707498;1129;96;1809;1820;12.31;0.75;182.59;3.31;680;17;586.00;11
1132;17;627707510;1132;97;1812;1821;12.23;0.75;182.76;3.31;680;17;587.00;9
1136;17;627707525;1136;103;1814;1821;12.27;0.75;183.17;3.32;678;17;588.00;7
1138;17;627707538;1138;109;1815;1821;12.25;0.75;183.54;3.33;677;17;589.00;6
1139;17;627707552;1139;114;1816;1821;12.26;0.75;183.58;3.34;677;17;590.00;5
1143;18;627707564;1143;115;1819;1825;12.25;0.75;183.74;3.34;676;18;591.00;6
1147;18;627707586;1147;121;1821;1825;12.24;0.75;183.92;3.35;674;18;592.00;4
1149;18;627707599;1149;118;1822;1825;12.29;0.75;184.02;3.36;673;18;593.00;3
1153;18;627707611;1153;118;1824;1828;12.32;0.75;183.90;3.36;671;18;594.00;4
1156;18;627707624;1156;121;1825;1828;12.41;0.76;184.20;3.36;669;18;595.00;3
1160;18;627707637;1160;124;1826;1828;12.47;0.76;184.73;3.36;666;18;596.00;2
1163;18;627707649;1163;125;1830;1832;12.46;0.76;184.77;3.36;667;18;597.00;2
1166;18;627707676;1166;123;1832;1833;12.51;0.76;184.98;3.36;666;18;598.00;1
1170;18;627707688;1170;125;1832;1833;12.58;0.77;184.90;3.36;662;18;599.00;1
1176;18;627707703;1176;134;1844;1859;12.49;0.76;185.37;3.34;668;18;600.00;15
1179;18;627707737;1179;131;1845;1859;12.43;0.75;185.45;3.34;666;18;601.00;14
1181;18;627707763;1181;134;1846;1859;12.35;0.75;185.46;3.34;665;18;602.00;13
1183;18;627707781;1183;134;1847;1860;12.39;0.75;185.46;3.34;664;18;603.00;13
1186;18;627707808;1186;139;1848;1860;12.36;0.75;185.57;3.34;662;18;604.00;12
1191;18;627707831;1191;133;1852;1866;12.29;0.75;185.75;3.33;661;18;605.00;14
1194;18;627707846;1194;135;1854;1866;12.29;0.75;186.10;3.33;660;18;606.00;12
1198;18;627707871;1198;134;1856;1867;12.26;0.74;186.27;3.33;658;18;607.00;11
1203;18;627707883;1203;135;1856;1867;12.23;0.74;186.41;3.33;653;18;608.00;11
1204;18;627707895;1204;130;1858;1867;12.27;0.74;186.34;3.34;654;18;609.00;9
1207;18;627707906;1207;127;1858;1867;12.26;0.74;186.56;3.34;651;18;610.00;9
1210;18;627707917;1210;126;1859;1867;12.21;0.74;186.72;3.34;649;18;611.00;8
1211;19;627707927;1211;122;1870;1879;12.27;0.75;186.79;3.33;659;19;612.00;9
1212;19;627707946;1212;119;1870;1879;12.31;0.75;186.83;3.33;658;19;613.00;9
1216;19;627707955;1216;117;1870;1879;12.38;0.75;187.55;3.33;654;19;614.00;9
1218;19;627707972;1218;114;1871;1879;12.50;0.76;187.57;3.33;653;19;615.00;8
1219;19;627707982;1219;109;1871;1879;12.57;0.76;187.63;3.33;652;19;616.00;8
1222;19;627707992;1222;102;1872;1879;12.66;0.77;187.42;3.33;650;19;617.00;7
1225;20;627708001;1225;92;1876;1883;12.81;0.77;187.32;3.33;651;20;618.00;7
1229;20;627708025;1229;90;1876;1883;12.92;0.78;187.12;3.33;647;20;619.00;7
1231;20;627708035;1231;87;1879;1887;13.06;0.79;186.94;3.33;648;20;620.00;8
1233;20;627708046;1233;85;1880;1888;13.14;0.79;186.89;3.32;647;20;621.00;8
1236;20;627708055;1236;85;1881;1888;13.18;0.80;187.15;3.32;645;20;622.00;7
1239;20;627708066;1239;89;1882;1888;13.18;0.80;187.27;3.33;643;20;623.00;6
1245;20;627708075;1245;89;1890;1901;13.17;0.80;187.23;3.32;645;20;624.00;11
1249;20;627708086;1249;92;1890;1901;13.23;0.80;187.30;3.32;641;20;625.00;11
1250;21;627708097;1250;96;1890;1901;13.28;0.80;187.42;3.32;640;21;626.00;11
1253;21;627708115;1253;101;1891;1902;13.24;0.80;187.49;3.32;638;21;627.00;11
1255;21;627708125;1255;103;1893;1903;13.16;0.79;187.62;3.34;638;21;628.00;10
1257;21;627708143;1257;109;1894;1903;12.99;0.78;187.80;3.35;637;21;629.00;9
1259;21;627708164;1259;112;1898;1909;12.86;0.78;188.01;3.35;639;21;630.00;11
1261;21;627708175;1261;113;1899;1909;12.79;0.77;187.82;3.35;638;21;631.00;10
1262;21;627708189;1262;115;1900;1909;12.72;0.77;187.77;3.35;638;21;632.00;9
1265;21;627708199;1265;119;1900;1909;12.56;0.76;187.52;3.35;635;21;633.00;9
1266;21;627708209;1266;122;1904;1915;12.46;0.76;187.59;3.34;638;21;634.00;11
1267;21;627708219;1267;131;1905;1915;12.35;0.75;187.60;3.36;638;21;635.00;10
1270;21;627708229;1270;131;1906;1915;12.23;0.74;187.53;3.36;636;21;636.00;9
1271;21;627708240;1271;131;1906;1915;12.12;0.74;187.64;3.36;635;21;637.00;9
1272;21;627708250;1272;138;1910;1919;12.00;0.73;187.57;3.36;638;21;638.00;9
1274;21;627708260;1274;149;1911;1920;11.85;0.72;187.74;3.35;637;21;639.00;9
1277;21;627708270;1277;152;1913;1920;11.70;0.71;187.68;3.37;636;21;640.00;7
1280;21;627708280;1280;161;1915;1921;11.45;0.70;187.94;3.39;635;21;641.00;6
1281;21;627708290;1281;166;1917;1921;11.26;0.69;187.87;3.40;636;21;642.00;4
1282;21;627708300;1282;174;1917;1921;11.10;0.68;187.89;3.40;635;21;643.00;4
1285;21;627708309;1285;181;1917;1921;10.84;0.66;187.72;3.40;632;21;644.00;4
1287;21;627708318;1287;190;1917;1921;10.64;0.65;187.71;3.40;630;21;645.00;4
1288;21;627708327;1288;193;1918;1921;10.44;0.64;187.67;3.40;630;21;646.00;3
1288;21;627708335;1288;201;1920;1921;10.19;0.62;187.67;3.43;632;21;647.00;1
1293;21;627708344;1293;211;1958;1991;10.12;0.62;187.41;3.36;665;21;648.00;33
1296;21;627708359;1296;216;1962;1992;9.93;0.61;187.11;3.37;666;21;649.00;30
1300;21;627708368;1300;216;1972;1992;9.81;0.60;186.87;3.37;672;21;650.00;20
1300;21;627708377;1300;217;1975;1992;9.76;0.60;186.87;3.36;675;21;651.00;17
1300;21;627708386;1300;220;1979;1992;9.77;0.60;186.87;3.37;679;21;652.00;13
1302;21;627708396;1302;224;1981;1992;9.68;0.59;186.72;3.37;679;21;653.00;11
1303;22;627708404;1303;228;1985;1992;9.60;0.59;186.80;3.37;682;22;654.00;7
1305;22;627708420;1305;234;1987;1992;9.47;0.58;186.71;3.38;682;22;655.00;5
1308;22;627708428;1308;238;1989;1993;9.28;0.57;186.58;3.38;681;22;656.00;4
1308;22;627708437;1308;241;1992;1994;9.14;0.56;186.58;3.39;684;22;657.00;2
1308;22;627708445;1308;252;1993;1994;8.95;0.55;186.58;3.39;685;22;658.00;1
1311;22;627708454;1311;252;1998;1998;8.73;0.53;186.49;3.38;687;22;659.00;0
1312;22;627708471;1312;258;1998;1998;8.55;0.53;186.36;3.38;686;22;660.00;0
1313;22;627708479;1313;257;1998;1998;8.39;0.52;186.31;3.38;685;22;661.00;0
1314;22;627708488;1314;261;1998;1998;8.27;0.51;186.27;3.38;684;22;662.00;0
1315;22;627708499;1315;265;2003;2004;8.19;0.50;186.21;3.38;688;22;663.00;1
1315;22;627708508;1315;268;2004;2004;8.12;0.50;186.21;3.38;689;22;664.00;0
1315;22;627708517;1315;274;2004;2004;8.07;0.50;186.21;3.38;689;22;665.00;0
1316;22;627708525;1316;275;2007;2007;8.06;0.50;186.16;3.37;691;22;666.00;0
1317;22;627708534;1317;276;2007;2007;8.00;0.49;186.14;3.37;690;22;667.00;0
1321;22;627708542;1321;282;2007;2007;7.88;0.48;186.24;3.37;686;22;668.00;0
1321;22;627708551;1321;289;2008;2008;7.76;0.48;186.24;3.37;687;22;669.00;0
1324;22;627708560;1324;289;2009;2009;7.61;0.47;186.13;3.37;685;22;670.00;0
1327;22;627708569;1327;294;2009;2009;7.51;0.46;186.16;3.37;682;22;671.00;0
1332;22;627708576;1332;299;2022;2022;7.37;0.45;186.06;3.35;690;22;672.00;0
1334;22;627708585;1334;302;2022;2022;7.25;0.44;186.13;3.35;688;22;673.00;0
1337;22;627708593;1337;300;2022;2022;7.17;0.44;186.10;3.35;685;22;674.00;0
1344;22;627708602;1344;287;2024;2024;7.07;0.43;185.86;3.34;680;22;675.00;0
1346;22;627708610;1346;276;2024;2024;7.00;0.43;185.99;3.34;678;22;676.00;0
1349;22;627708618;1349;271;2027;2028;6.99;0.43;186.11;3.34;678;22;677.00;1
1350;22;627708626;1350;262;2027;2028;6.93;0.42;186.27;3.34;677;22;678.00;1
1353;22;627708634;1353;258;2032;2032;6.93;0.42;186.53;3.34;679;22;679.00;0
1356;22;627708643;1356;248;2032;2032;7.01;0.43;186.76;3.34;676;22;680.00;0
1357;22;627708651;1357;243;2032;2032;7.13;0.44;186.91;3.34;675;22;681.00;0
1361;22;627708659;1361;225;2032;2032;7.17;0.44;187.38;3.34;671;22;682.00;0
1365;22;627708667;1365;215;2032;2032;7.26;0.44;187.41;3.34;667;22;683.00;0
1368;22;627708676;1368;215;2042;2044;7.49;0.46;187.47;3.32;674;22;684.00;2
1371;22;627708685;1371;209;2042;2044;7.60;0.46;187.71;3.32;671;22;685.00;2
1373;22;627708701;1373;212;2044;2044;7.81;0.48;187.97;3.32;671;22;686.00;0
1376;23;627708709;1376;200;2044;2044;7.97;0.49;188.20;3.32;668;23;687.00;0
1378;23;627708734;1378;194;2044;2044;8.14;0.50;188.54;3.32;666;23;688.00;0
1379;23;627708743;1379;185;2044;2044;8.34;0.51;188.66;3.32;665;23;689.00;0
1380;23;627708760;1380;181;2045;2045;8.49;0.52;188.87;3.32;665;23;690.00;0
1382;23;627708769;1382;175;2045;2045;8.64;0.53;188.97;3.32;663;23;691.00;0
1387;23;627708784;1387;172;2050;2051;8.83;0.54;189.32;3.31;663;23;692.00;1
1389;23;627708795;1389;173;2052;2052;8.96;0.55;189.41;3.31;663;23;693.00;0
1394;23;627708805;1394;171;2052;2052;9.02;0.55;189.47;3.31;658;23;694.00;0
1397;23;627708814;1397;168;2052;2052;9.07;0.55;189.77;3.31;655;23;695.00;0
1401;23;627708823;1401;167;2056;2056;9.16;0.56;189.84;3.30;655;23;696.00;0
1406;23;627708833;1406;166;2056;2056;9.18;0.56;190.02;3.30;650;23;697.00;0
1412;23;627708842;1412;167;2056;2056;9.21;0.56;189.94;3.30;644;23;698.00;0
1415;23;627708852;1415;162;2057;2057;9.32;0.57;189.87;3.30;642;23;699.00;0
1421;23;627708861;1421;156;2061;2061;9.35;0.57;190.14;3.30;640;23;700.00;0
1426;23;627708874;1426;152;2061;2061;9.38;0.57;189.74;3.30;635;23;701.00;0
1434;23;627708883;1434;145;2063;2064;9.34;0.57;189.99;3.29;629;23;702.00;1
1439;23;627708893;1439;143;2063;2064;9.27;0.57;190.04;3.29;624;23;703.00;1
1441;23;627708902;1441;140;2064;2064;9.30;0.57;190.07;3.29;623;23;704.00;0
1449;23;627708911;1449;142;2064;2064;9.26;0.57;190.25;3.29;615;23;705.00;0
1453;23;627708925;1453;141;2067;2068;9.34;0.57;190.26;3.29;614;23;706.00;1
1460;23;627708935;1460;139;2067;2068;9.29;0.57;190.40;3.29;607;23;707.00;1
1466;23;627708944;1466;131;2068;2068;9.40;0.57;190.80;3.29;602;23;708.00;0
1469;23;627708953;1469;127;2068;2068;9.48;0.58;190.84;3.29;599;23;709.00;0
1474;23;627708962;1474;125;2069;2069;9.59;0.59;191.12;3.29;595;23;710.00;0
1479;23;627708972;1479;121;2070;2070;9.68;0.59;191.16;3.29;591;23;711.00;0
1482;23;627708981;1482;127;2070;2070;9.83;0.60;191.33;3.29;588;23;712.00;0
1487;23;627708990;1487;124;2071;2071;9.90;0.60;191.58;3.29;584;23;713.00;0
1489;23;627708999;1489;127;2071;2071;9.96;0.61;191.83;3.29;582;23;714.00;0
1493;23;627709008;1493;132;2071;2071;10.05;0.61;192.20;3.29;578;23;715.00;0
1496;23;627709017;1496;131;2071;2071;10.17;0.62;192.49;3.29;575;23;716.00;0
1501;23;627709026;1501;130;2071;2071;10.30;0.62;192.37;3.29;570;23;717.00;0
1502;23;627709036;1502;131;2071;2071;10.35;0.63;192.54;3.29;569;23;718.00;0
1506;23;627709045;1506;130;2071;2071;10.40;0.63;192.66;3.29;565;23;719.00;0
1507;23;627709055;1507;165;2192;2301;10.39;0.65;192.64;3.11;685;23;720.00;109
1510;23;627709083;1510;162;2202;2302;10.42;0.65;192.98;3.10;692;23;721.00;100
1512;23;627709093;1512;152;2216;2302;10.52;0.66;193.16;3.09;704;23;722.00;86
1516;23;627709104;1516;152;2224;2302;10.47;0.65;193.19;3.09;708;23;723.00;78
1520;23;627709115;1520;152;2230;2302;10.37;0.65;193.38;3.09;710;23;724.00;72
1523;23;627709125;1523;158;2235;2302;10.33;0.64;193.69;3.10;712;23;725.00;67
1526;23;627709135;1526;160;2243;2302;10.23;0.64;193.84;3.11;717;23;726.00;59
1529;23;627709146;1529;156;2246;2302;10.11;0.63;194.09;3.11;717;23;727.00;56
1530;23;627709156;1530;153;2253;2303;10.03;0.62;194.16;3.13;723;23;728.00;50
1533;23;627709167;1533;152;2257;2304;9.98;0.62;194.37;3.14;724;23;729.00;47
1536;23;627709178;1536;153;2261;2304;9.85;0.61;194.54;3.15;725;23;730.00;43
1540;23;627709188;1540;165;2265;2305;9.78;0.61;194.78;3.16;725;23;731.00;40
1543;23;627709200;1543;166;2269;2305;9.72;0.60;195.07;3.17;726;23;732.00;36
1546;23;627709211;1546;172;2274;2305;9.67;0.60;195.04;3.19;728;23;733.00;31
1547;23;627709222;1547;175;2276;2305;9.71;0.60;195.06;3.20;729;23;734.00;29
1550;23;627709234;1550;179;2282;2309;9.71;0.60;195.35;3.22;732;23;735.00;27
1552;23;627709252;1552;169;2283;2309;9.77;0.60;195.53;3.23;731;23;736.00;26
1555;23;627709264;1555;158;2285;2309;9.86;0.61;195.61;3.24;730;23;737.00;24
1557;23;627709275;1557;146;2288;2312;9.98;0.61;195.69;3.25;731;23;738.00;24
1559;23;627709287;1559;143;2290;2312;10.10;0.62;195.90;3.26;731;23;739.00;22
1563;23;627709299;1563;145;2291;2312;10.23;0.63;196.06;3.27;728;23;740.00;21
1566;23;627709311;1566;144;2296;2316;10.34;0.63;195.92;3.28;730;23;741.00;20
1569;23;627709328;1569;143;2298;2317;10.48;0.64;195.93;3.28;729;23;742.00;19
1572;23;627709341;1572;147;2300;2317;10.68;0.66;195.98;3.30;728;23;743.00;17
1576;23;627709353;1576;146;2304;2321;10.91;0.67;196.19;3.30;728;23;744.00;17
1578;23;627709365;1578;147;2304;2321;11.07;0.68;196.20;3.30;726;23;745.00;17
1580;23;627709377;1580;147;2305;2321;11.19;0.68;196.42;3.31;725;23;746.00;16
1584;23;627709389;1584;144;2306;2322;11.32;0.69;196.76;3.32;722;23;747.00;16
1587;23;627709406;1587;148;2309;2322;11.41;0.70;197.01;3.33;722;23;748.00;13
1589;23;627709418;1589;146;2313;2328;11.50;0.70;197.08;3.32;724;23;749.00;15
1592;24;627709432;1592;150;2315;2328;11.57;0.71;197.25;3.33;723;24;750.00;13
1595;24;627709454;1595;152;2316;2329;11.61;0.71;197.52;3.33;721;24;751.00;13
1597;24;627709465;1597;147;2317;2329;11.74;0.72;197.61;3.34;720;24;752.00;12
1599;24;627709478;1599;143;2318;2329;11.81;0.72;197.75;3.35;719;24;753.00;11
1604;24;627709489;1604;141;2318;2329;11.81;0.72;198.16;3.35;714;24;754.00;11
1607;24;627709500;1607;140;2318;2329;11.95;0.73;198.04;3.35;711;24;755.00;11
1609;25;627709518;1609;143;2329;2341;11.96;0.73;198.17;3.33;720;25;756.00;12
1611;25;627709542;1611;145;2330;2341;12.09;0.74;198.44;3.34;719;25;757.00;11
1615;25;627709554;1615;147;2332;2341;12.14;0.74;198.62;3.34;717;25;758.00;9
1618;25;627709565;1618;143;2332;2341;12.18;0.74;198.57;3.34;714;25;759.00;9
1620;25;627709576;1620;144;2332;2341;12.27;0.75;198.55;3.34;712;25;760.00;9
1624;25;627709587;1624;149;2332;2341;12.28;0.75;198.63;3.34;708;25;761.00;9
1627;25;627709598;1627;154;2336;2345;12.23;0.75;198.55;3.33;709;25;762.00;9
1631;25;627709615;1631;158;2336;2345;12.19;0.74;198.89;3.33;705;25;763.00;9
1632;25;627709631;1632;160;2339;2349;12.18;0.74;198.90;3.33;707;25;764.00;10
1637;26;627709648;1637;162;2341;2351;12.19;0.74;199.15;3.33;704;26;765.00;10
1641;26;627709665;1641;163;2342;2351;12.27;0.75;199.11;3.33;701;26;766.00;9
1643;26;627709680;1643;170;2342;2351;12.23;0.75;199.22;3.33;699;26;767.00;9
1648;26;627709690;1648;167;2353;2364;12.10;0.74;199.38;3.33;705;26;768.00;11
1653;26;627709701;1653;161;2353;2364;12.06;0.73;199.55;3.33;700;26;769.00;11
1657;26;627709711;1657;161;2354;2364;12.04;0.73;199.82;3.33;697;26;770.00;10
1659;26;627709722;1659;163;2355;2365;12.05;0.73;199.96;3.33;696;26;771.00;10
1660;26;627709732;1660;163;2355;2366;12.04;0.73;199.95;3.33;695;26;772.00;11
1662;26;627709742;1662;161;2355;2366;12.10;0.73;200.08;3.33;693;26;773.00;11
1664;26;627709754;1664;162;2357;2369;12.18;0.74;200.39;3.33;693;26;774.00;12
1666;26;627709769;1666;158;2357;2369;12.22;0.74;200.38;3.33;691;26;775.00;12
1671;26;627709786;1671;159;2358;2369;12.23;0.74;200.68;3.33;687;26;776.00;11
1674;26;627709802;1674;159;2358;2369;12.24;0.74;200.65;3.33;684;26;777.00;11
1678;26;627709819;1678;158;2362;2375;12.20;0.74;200.73;3.32;684;26;778.00;13
1680;26;627709838;1680;158;2362;2375;12.17;0.74;200.69;3.32;682;26;779.00;13
1685;26;627709857;1685;154;2363;2375;12.07;0.73;200.63;3.32;678;26;780.00;12
1690;26;627709870;1690;148;2363;2375;12.01;0.73;200.76;3.32;673;26;781.00;12
1693;26;627709882;1693;146;2366;2379;11.96;0.73;200.61;3.32;673;26;782.00;13
1693;26;627709893;1693;144;2367;2380;11.92;0.72;200.61;3.32;674;26;783.00;13
1697;26;627709904;1697;142;2368;2380;11.89;0.72;200.41;3.34;671;26;784.00;12
1701;26;627709914;1701;144;2371;2381;11.85;0.72;200.51;3.35;670;26;785.00;10
1702;26;627709927;1702;139;2371;2381;11.86;0.72;200.44;3.35;669;26;786.00;10
1707;26;627709937;1707;137;2371;2381;11.88;0.72;200.67;3.35;664;26;787.00;10
1713;26;627709955;1713;134;2371;2381;11.89;0.72;200.49;3.35;658;26;788.00;10
1715;26;627709967;1715;133;2371;2381;11.91;0.72;200.44;3.35;656;26;789.00;10
1716;26;627709978;1716;132;2371;2381;11.91;0.72;200.36;3.35;655;26;790.00;10
1718;27;627709988;1718;131;2371;2381;11.89;0.72;200.21;3.35;653;27;791.00;10
1718;27;627710010;1718;131;2403;2451;11.90;0.73;200.21;3.30;685;27;792.00;48
1719;27;627710027;1719;130;2406;2452;11.88;0.73;200.15;3.30;687;27;793.00;46
1721;27;627710038;1721;130;2413;2452;11.92;0.73;200.07;3.30;692;27;794.00;39
1723;27;627710048;1723;135;2413;2452;11.95;0.73;200.05;3.30;690;27;795.00;39
1723;27;627710059;1723;136;2417;2452;11.93;0.73;200.05;3.30;694;27;796.00;35
1725;27;627710070;1725;137;2423;2452;11.93;0.73;199.99;3.30;698;27;797.00;29
1728;27;627710080;1728;142;2426;2452;11.88;0.73;200.05;3.34;698;27;798.00;26
1732;27;627710092;1732;146;2427;2452;11.75;0.72;199.91;3.34;695;27;799.00;25
1736;27;627710103;1736;147;2432;2453;11.61;0.71;199.91;3.37;696;27;800.00;21
1740;27;627710118;1740;153;2436;2454;11.43;0.70;199.70;3.38;696;27;801.00;18
1741;27;627710134;1741;161;2437;2454;11.26;0.69;199.64;3.38;696;27;802.00;17
1745;27;627710145;1745;163;2441;2458;11.04;0.67;199.52;3.41;696;27;803.00;17
1746;27;627710156;1746;171;2442;2458;10.84;0.66;199.45;3.41;696;27;804.00;16
1748;27;627710165;1748;179;2443;2458;10.69;0.65;199.40;3.42;695;27;805.00;15
1750;27;627710176;1750;182;2445;2458;10.49;0.64;199.27;3.46;695;27;806.00;13
1753;27;627710185;1753;189;2449;2464;10.40;0.63;199.23;3.45;696;27;807.00;15
1754;27;627710196;1754;200;2450;2464;10.32;0.63;199.17;3.45;696;27;808.00;14
1760;27;627710206;1760;209;2451;2464;10.18;0.62;198.89;3.49;691;27;809.00;13
1762;27;627710218;1762;212;2455;2470;10.04;0.61;198.92;3.49;693;27;810.00;15
1763;27;627710229;1763;216;2457;2470;9.93;0.60;198.84;3.53;694;27;811.00;13
1765;27;627710238;1765;225;2459;2470;9.77;0.60;198.71;3.57;694;27;812.00;11
1767;27;627710248;1767;234;2460;2471;9.56;0.58;198.95;3.57;693;27;813.00;11
1772;27;627710258;1772;241;2464;2472;9.39;0.57;198.67;3.60;692;27;814.00;8
1772;27;627710267;1772;246;2465;2472;9.27;0.57;198.67;3.61;693;27;815.00;7
1773;27;627710277;1773;254;2475;2485;9.19;0.56;198.71;3.61;702;27;816.00;10
1774;27;627710296;1774;264;2477;2485;9.11;0.56;198.69;3.61;703;27;817.00;8
1777;27;627710306;1777;270;2479;2485;8.97;0.55;198.62;3.63;702;27;818.00;6
1778;27;627710316;1778;280;2480;2486;8.87;0.54;198.64;3.63;702;27;819.00;6
1782;27;627710325;1782;287;2483;2486;8.73;0.53;198.64;3.64;701;27;820.00;3
1786;27;627710334;1786;292;2487;2490;8.69;0.53;198.66;3.64;701;27;821.00;3
1788;27;627710344;1788;303;2489;2490;8.63;0.53;198.60;3.64;701;27;822.00;1
1788;27;627710353;1788;304;2494;2494;8.55;0.52;198.60;3.64;706;27;823.00;0
1789;27;627710362;1789;308;2494;2494;8.44;0.52;198.50;3.64;705;27;824.00;0
1790;27;627710371;1790;309;2494;2494;8.27;0.51;198.41;3.64;704;27;825.00;0
1792;27;627710379;1792;315;2494;2494;8.11;0.50;198.30;3.64;702;27;826.00;0
1793;27;627710387;1793;307;2494;2494;7.94;0.49;198.24;3.64;701;27;827.00;0
1797;27;627710397;1797;306;2504;2506;7.86;0.48;198.06;3.62;707;27;828.00;2
1798;27;627710407;1798;299;2505;2506;7.84;0.48;198.02;3.62;707;27;829.00;1
1800;27;627710417;1800;289;2506;2506;7.84;0.48;198.01;3.62;706;27;830.00;0
1801;27;627710426;1801;282;2506;2506;7.81;0.48;197.96;3.62;705;27;831.00;0
1801;27;627710436;1801;274;2506;2506;7.83;0.48;197.96;3.62;705;27;832.00;0
1802;27;627710445;1802;269;2506;2506;7.86;0.48;197.93;3.62;704;27;833.00;0
1803;27;627710460;1803;263;2507;2507;7.88;0.49;197.92;3.62;704;27;834.00;0
1806;27;627710473;1806;256;2507;2507;7.93;0.49;197.90;3.62;701;27;835.00;0
1807;27;627710484;1807;258;2512;2513;8.15;0.50;197.84;3.61;705;27;836.00;1
1807;27;627710495;1807;252;2514;2514;8.28;0.51;197.84;3.61;707;27;837.00;0
1808;27;627710504;1808;252;2514;2514;8.32;0.51;197.86;3.61;706;27;838.00;0
1809;27;627710514;1809;250;2514;2514;8.36;0.51;197.75;3.61;705;27;839.00;0
1809;27;627710525;1809;248;2519;2519;8.48;0.52;197.75;3.61;710;27;840.00;0
1810;27;627710535;1810;259;2519;2519;8.48;0.52;197.73;3.61;709;27;841.00;0
1811;27;627710544;1811;258;2519;2519;8.45;0.52;197.77;3.61;708;27;842.00;0
1814;27;627710552;1814;257;2520;2520;8.37;0.52;197.96;3.60;706;27;843.00;0
1816;27;627710561;1816;253;2524;2524;8.33;0.51;197.97;3.60;708;27;844.00;0
1819;27;627710571;1819;247;2524;2524;8.32;0.51;198.01;3.60;705;27;845.00;0
1822;27;627710580;1822;245;2526;2527;8.34;0.51;198.20;3.60;704;27;846.00;1
1826;27;627710590;1826;245;2526;2527;8.29;0.51;198.17;3.60;700;27;847.00;1
1831;27;627710599;1831;249;2527;2527;8.28;0.51;198.47;3.60;696;27;848.00;0
1838;28;627710608;1838;248;2527;2527;8.26;0.51;198.38;3.60;689;28;849.00;0
1840;28;627710630;1840;236;2530;2531;8.34;0.51;198.46;3.59;690;28;850.00;1
1844;28;627710642;1844;228;2530;2531;8.35;0.51;198.50;3.59;686;28;851.00;1
1846;28;627710652;1846;223;2531;2531;8.42;0.52;198.73;3.59;685;28;852.00;0
1851;28;627710661;1851;213;2531;2531;8.40;0.51;198.75;3.59;680;28;853.00;0
1853;28;627710670;1853;202;2532;2532;8.40;0.51;198.87;3.59;679;28;854.00;0
1858;28;627710679;1858;183;2534;2534;8.47;0.52;198.94;3.59;676;28;855.00;0
1862;28;627710689;1862;181;2534;2534;8.57;0.53;198.95;3.59;672;28;856.00;0
1865;28;627710698;1865;175;2535;2535;8.74;0.53;198.96;3.59;670;28;857.00;0
1872;28;627710707;1872;168;2535;2535;8.86;0.54;199.12;3.59;663;28;858.00;0
1875;28;627710718;1875;162;2535;2535;9.00;0.55;199.26;3.59;660;28;859.00;0
1879;28;627710727;1879;153;2535;2535;9.09;0.55;199.22;3.59;656;28;860.00;0
1883;28;627710736;1883;147;2535;2535;9.18;0.56;199.35;3.59;652;28;861.00;0
1886;28;627710746;1886;142;2535;2535;9.28;0.57;199.38;3.59;649;28;862.00;0
1890;28;627710757;1890;139;2535;2535;9.39;0.57;199.40;3.59;645;28;863.00;0
1896;28;627710767;1896;149;2617;2662;9.50;0.59;199.46;3.48;721;28;864.00;45
1899;28;627710790;1899;138;2621;2663;9.53;0.59;199.65;3.47;722;28;865.00;42
1903;28;627710800;1903;130;2628;2663;9.64;0.59;199.82;3.47;725;28;866.00;35
1907;28;627710811;1907;126;2632;2663;9.75;0.60;199.67;3.47;725;28;867.00;31
1913;28;627710821;1913;131;2638;2663;9.78;0.60;199.80;3.47;725;28;868.00;25
1917;28;627710831;1917;137;2642;2663;9.83;0.60;199.86;3.47;725;28;869.00;21
1922;28;627710842;1922;137;2647;2663;9.87;0.61;199.91;3.48;725;28;870.00;16
1926;29;627710853;1926;141;2650;2663;9.85;0.60;200.09;3.48;724;29;871.00;13
1930;29;627710881;1930;145;2653;2664;9.89;0.61;200.28;3.48;723;29;872.00;11
1935;29;627710897;1935;156;2653;2665;9.84;0.60;200.36;3.48;718;29;873.00;12
1938;29;627710908;1938;156;2655;2665;9.85;0.60;200.47;3.49;717;29;874.00;10
1943;29;627710919;1943;162;2657;2666;9.77;0.60;200.53;3.49;714;29;875.00;9
1946;29;627710930;1946;166;2659;2666;9.73;0.60;200.87;3.50;713;29;876.00;7
1949;29;627710942;1949;175;2660;2666;9.70;0.60;200.91;3.50;711;29;877.00;6
1951;29;627710953;1951;175;2662;2666;9.69;0.59;201.03;3.51;711;29;878.00;4
1955;29;627710963;1955;178;2665;2670;9.68;0.59;201.35;3.51;710;29;879.00;5
1959;29;627710976;1959;186;2667;2670;9.68;0.59;201.83;3.52;708;29;880.00;3
1962;29;627710992;1962;179;2667;2670;9.66;0.59;202.09;3.52;705;29;881.00;3
1966;29;627711003;1966;179;2670;2673;9.67;0.59;202.26;3.52;704;29;882.00;3
1969;29;627711014;1969;184;2670;2673;9.71;0.59;202.33;3.52;701;29;883.00;3
1973;29;627711024;1973;188;2671;2673;9.76;0.60;202.41;3.52;698;29;884.00;2
1975;29;627711035;1975;194;2675;2677;9.89;0.60;202.49;3.52;700;29;885.00;2
1982;29;627711045;1982;197;2677;2678;10.00;0.61;202.56;3.52;695;29;886.00;1
1986;29;627711056;1986;199;2677;2678;10.10;0.62;202.55;3.52;691;29;887.00;1
1989;29;627711067;1989;200;2682;2682;10.12;0.62;202.69;3.51;693;29;888.00;0
1990;29;627711078;1990;201;2682;2682;10.17;0.62;202.75;3.51;692;29;889.00;0
1991;29;627711088;1991;204;2682;2682;10.19;0.62;202.83;3.51;691;29;890.00;0
1997;29;627711099;1997;204;2683;2683;10.18;0.62;202.82;3.51;686;29;891.00;0
1999;29;627711110;1999;206;2683;2683;10.14;0.62;202.87;3.51;684;29;892.00;0
2003;29;627711127;2003;207;2688;2689;10.04;0.61;203.02;3.51;685;29;893.00;1
2006;29;627711139;2006;207;2688;2689;9.93;0.61;203.24;3.51;682;29;894.00;1
2009;29;627711149;2009;209;2690;2690;9.82;0.60;203.41;3.51;681;29;895.00;0
2012;29;627711160;2012;213;2690;2690;9.75;0.59;203.51;3.51;678;29;896.00;0
2017;29;627711170;2017;204;2690;2690;9.65;0.59;203.60;3.51;673;29;897.00;0
2019;29;627711182;2019;199;2690;2690;9.61;0.59;203.76;3.51;671;29;898.00;0
2022;29;627711193;2022;195;2690;2690;9.58;0.59;203.99;3.51;668;29;899.00;0
2024;29;627711205;2024;199;2718;2736;9.50;0.58;203.99;3.47;694;29;900.00;18
2028;29;627711225;2028;192;2718;2736;9.52;0.59;204.14;3.47;690;29;901.00;18
2029;29;627711236;2029;184;2720;2736;9.59;0.59;204.20;3.47;691;29;902.00;16
2033;29;627711247;2033;184;2721;2736;9.61;0.59;204.51;3.47;688;29;903.00;15
2037;29;627711258;2037;182;2722;2736;9.68;0.59;204.58;3.47;685;29;904.00;14
2038;29;627711268;2038;180;2722;2736;9.76;0.60;204.67;3.47;684;29;905.00;14
2043;29;627711279;2043;167;2727;2740;9.84;0.60;204.72;3.47;684;29;906.00;13
2046;29;627711290;2046;151;2728;2740;9.92;0.61;204.75;3.47;682;29;907.00;12
2049;29;627711301;2049;145;2732;2744;10.04;0.61;204.99;3.47;683;29;908.00;12
2052;29;627711312;2052;132;2733;2745;10.08;0.62;205.06;3.47;681;29;909.00;12
2054;29;627711323;2054;131;2734;2745;10.13;0.62;205.04;3.47;680;29;910.00;11
2058;29;627711334;2058;125;2734;2745;10.29;0.63;205.17;3.47;676;29;911.00;11
2061;29;627711345;2061;127;2743;2758;10.45;0.64;205.43;3.46;682;29;912.00;15
2067;29;627711357;2067;126;2744;2758;10.50;0.64;205.55;3.46;677;29;913.00;14
2072;29;627711374;2072;121;2744;2758;10.56;0.64;205.63;3.46;672;29;914.00;14
2074;29;627711384;2074;122;2746;2759;10.66;0.65;205.65;3.47;672;29;915.00;13
2076;29;627711395;2076;121;2747;2760;10.74;0.65;205.80;3.46;671;29;916.00;13
2081;29;627711406;2081;123;2747;2760;10.76;0.66;205.93;3.46;666;29;917.00;13
2084;29;627711416;2084;129;2749;2763;10.78;0.66;205.88;3.46;665;29;918.00;14
2088;29;627711427;2088;132;2750;2763;10.80;0.66;205.74;3.47;662;29;919.00;13
2091;30;627711438;2091;133;2751;2763;10.86;0.66;205.72;3.47;660;30;920.00;12
2095;30;627711459;2095;130;2751;2763;10.90;0.66;205.65;3.47;656;30;921.00;12
2097;30;627711471;2097;130;2755;2769;10.96;0.67;205.79;3.47;658;30;922.00;14
2098;30;627711482;2098;132;2755;2769;11.03;0.67;205.79;3.47;657;30;923.00;14
2101;30;627711493;2101;133;2757;2769;11.10;0.68;205.88;3.48;656;30;924.00;12
2104;30;627711502;2104;134;2757;2769;11.13;0.68;205.99;3.48;653;30;925.00;12
2106;30;627711512;2106;136;2762;2773;11.12;0.68;205.99;3.49;656;30;926.00;11
2109;31;627711522;2109;132;2763;2774;11.26;0.69;206.05;3.48;654;31;927.00;11
2112;32;627711544;2112;137;2763;2774;11.39;0.69;206.09;3.48;651;32;928.00;11
2113;32;627711570;2113;139;2766;2775;11.48;0.70;206.22;3.50;653;32;929.00;9
2116;33;627711581;2116;140;2766;2775;11.55;0.71;206.19;3.50;650;33;930.00;9
2118;33;627711599;2118;142;2766;2775;11.53;0.70;206.24;3.50;648;33;931.00;9
2120;33;627711608;2120;140;2767;2775;11.50;0.70;206.17;3.50;647;33;932.00;8
2126;33;627711628;2126;144;2767;2775;11.51;0.70;206.33;3.50;641;33;933.00;8
2128;33;627711638;2128;146;2768;2775;11.50;0.70;206.45;3.51;640;33;934.00;7
2128;33;627711648;2128;148;2769;2775;11.57;0.70;206.45;3.51;641;33;935.00;6
2131;33;627711657;2131;164;2810;2845;11.22;0.68;206.55;3.46;679;33;936.00;35
2133;33;627711672;2133;159;2814;2846;11.24;0.69;206.48;3.47;681;33;937.00;32
2135;33;627711682;2135;154;2820;2846;11.35;0.69;206.53;3.47;685;33;938.00;26
2136;33;627711692;2136;157;2826;2846;11.38;0.69;206.46;3.47;690;33;939.00;20
2140;33;627711701;2140;161;2828;2846;11.36;0.69;206.65;3.47;688;33;940.00;18
2142;33;627711710;2142;164;2833;2846;11.40;0.70;206.65;3.48;691;33;941.00;13
2146;33;627711720;2146;165;2836;2846;11.40;0.70;206.86;3.48;690;33;942.00;10
2149;33;627711735;2149;170;2836;2846;11.35;0.69;206.96;3.48;687;33;943.00;10
2152;33;627711745;2152;168;2838;2847;11.30;0.69;206.97;3.48;686;33;944.00;9
2157;33;627711757;2157;167;2840;2849;11.26;0.69;206.81;3.48;683;33;945.00;9
2160;33;627711772;2160;172;2840;2849;11.28;0.69;206.79;3.48;680;33;946.00;9
2163;33;627711787;2163;172;2843;2853;11.22;0.68;206.68;3.48;680;33;947.00;10
2165;33;627711802;2165;174;2844;2853;11.18;0.68;206.59;3.48;679;33;948.00;9
2167;33;627711817;2167;169;2844;2853;11.10;0.68;206.55;3.48;677;33;949.00;9
2170;33;627711832;2170;167;2844;2853;10.98;0.67;206.46;3.48;674;33;950.00;9
2177;33;627711846;2177;166;2847;2859;10.89;0.66;206.23;3.48;670;33;951.00;12
2180;33;627711861;2180;156;2847;2859;10.79;0.66;206.15;3.48;667;33;952.00;12
2184;33;627711873;2184;154;2849;2859;10.78;0.66;205.93;3.49;665;33;953.00;10
2186;33;627711890;2186;152;2851;2862;10.83;0.66;205.84;3.49;665;33;954.00;11
2189;33;627711901;2189;157;2853;2862;10.83;0.66;205.81;3.50;664;33;955.00;9
2191;33;627711912;2191;158;2854;2862;10.86;0.66;205.80;3.50;663;33;956.00;8
2197;33;627711922;2197;153;2854;2863;10.86;0.66;205.50;3.50;657;33;957.00;9
2199;33;627711932;2199;161;2856;2864;10.82;0.66;205.46;3.52;657;33;958.00;8
2202;33;627711942;2202;156;2856;2864;10.75;0.65;205.47;3.52;654;33;959.00;8
2206;33;627711954;2206;159;2870;2890;10.66;0.65;205.37;3.50;664;33;960.00;20
2210;33;627711968;2210;159;2870;2890;10.65;0.65;205.33;3.50;660;33;961.00;20
2211;33;627711978;2211;158;2872;2890;10.74;0.65;205.27;3.50;661;33;962.00;18
2213;33;627711987;2213;156;2874;2891;10.79;0.66;205.11;3.50;661;33;963.00;17
2215;33;627711996;2215;157;2875;2891;10.85;0.66;205.00;3.50;660;33;964.00;16
2217;33;627712006;2217;161;2877;2895;10.96;0.67;204.94;3.50;660;33;965.00;18
2218;33;627712016;2218;167;2877;2895;10.99;0.67;204.96;3.50;659;33;966.00;18
2218;33;627712025;2218;171;2881;2899;11.02;0.67;204.96;3.50;663;33;967.00;18
2220;33;627712041;2220;170;2881;2899;11.01;0.67;204.99;3.50;661;33;968.00;18
2221;33;627712051;2221;178;2884;2899;11.00;0.67;205.01;3.52;663;33;969.00;15
2222;33;627712060;2222;177;2884;2899;10.93;0.66;205.03;3.52;662;33;970.00;15
2223;33;627712069;2223;180;2885;2899;10.82;0.66;204.99;3.53;662;33;971.00;14
2226;33;627712078;2226;181;2896;2911;10.82;0.66;204.88;3.53;670;33;972.00;15
2227;33;627712088;2227;186;2897;2911;10.75;0.66;204.80;3.53;670;33;973.00;14
2231;33;627712099;2231;185;2898;2911;10.60;0.64;204.83;3.54;667;33;974.00;13
2233;33;627712108;2233;190;2898;2911;10.48;0.64;204.87;3.54;665;33;975.00;13
2233;33;627712117;2233;196;2898;2911;10.35;0.63;204.87;3.54;665;33;976.00;13
2236;33;627712126;2236;206;2900;2911;10.33;0.63;204.84;3.55;664;33;977.00;11
2238;33;627712135;2238;214;2900;2912;10.26;0.62;204.84;3.55;662;33;978.00;12
2238;33;627712144;2238;205;2901;2912;10.21;0.62;204.84;3.55;663;33;979.00;11
2238;33;627712154;2238;199;2906;2918;10.26;0.62;204.84;3.56;668;33;980.00;12
2240;33;627712163;2240;198;2909;2919;10.20;0.62;204.87;3.57;669;33;981.00;10
2240;33;627712173;2240;195;2909;2919;10.16;0.62;204.87;3.57;669;33;982.00;10
2242;33;627712185;2242;192;2910;2919;10.06;0.61;204.91;3.57;668;33;983.00;9
2247;34;627712201;2247;191;2914;2923;10.03;0.61;204.82;3.58;667;34;984.00;9
2250;34;627712223;2250;191;2915;2923;9.97;0.60;204.64;3.58;665;34;985.00;8
2251;34;627712233;2251;190;2916;2923;9.87;0.60;204.56;3.59;665;34;986.00;7
2251;34;627712243;2251;192;2918;2924;9.88;0.60;204.56;3.59;667;34;987.00;6
2253;34;627712255;2253;192;2923;2928;9.86;0.60;204.45;3.59;670;34;988.00;5
2254;34;627712266;2254;192;2923;2928;9.90;0.60;204.44;3.59;669;34;989.00;5
2256;34;627712277;2256;192;2926;2934;9.84;0.60;204.47;3.59;670;34;990.00;8
2256;34;627712295;2256;196;2928;2934;9.87;0.60;204.47;3.59;672;34;991.00;6
2257;34;627712304;2257;199;2930;2934;9.90;0.60;204.42;3.59;673;34;992.00;4
2257;34;627712315;2257;201;2930;2934;9.85;0.60;204.42;3.59;673;34;993.00;4
2258;34;627712324;2258;206;2933;2938;9.81;0.60;204.41;3.59;675;34;994.00;5
2258;34;627712334;2258;211;2934;2938;9.71;0.59;204.41;3.59;676;34;995.00;4
2259;34;627712344;2259;216;2934;2938;9.52;0.58;204.44;3.59;675;34;996.00;4
2259;34;627712354;2259;218;2935;2938;9.37;0.57;204.44;3.59;676;34;997.00;3
2259;34;627712362;2259;224;2936;2939;9.20;0.56;204.44;3.59;677;34;998.00;3
2261;34;627712371;2261;224;2937;2940;9.10;0.56;204.41;3.59;676;34;999.00;3
2263;34;627712381;2263;225;2937;2940;8.97;0.55;204.43;3.59;674;34;1000.00;3
2267;34;627712395;2267;222;2938;2941;8.81;0.54;204.58;3.59;671;34;1001.00;3
2269;34;627712405;2269;219;2938;2941;8.71;0.54;204.56;3.59;669;34;1002.00;3
2274;34;627712414;2274;219;2938;2941;8.65;0.53;204.63;3.59;664;34;1003.00;3
2280;34;627712423;2280;217;2938;2941;8.56;0.53;204.67;3.59;658;34;1004.00;3
2282;34;627712432;2282;223;2938;2941;8.56;0.53;204.79;3.59;656;34;1005.00;3
2282;34;627712441;2282;220;2938;2941;8.59;0.53;204.79;3.59;656;34;1006.00;3
2284;34;627712449;2284;220;2938;2941;8.52;0.52;204.80;3.59;654;34;1007.00;3
2285;34;627712458;2285;241;3008;3068;8.61;0.54;204.98;3.50;723;34;1008.00;60
2289;34;627712479;2289;233;3010;3069;8.59;0.54;205.10;3.50;721;34;1009.00;59
2293;34;627712489;2293;222;3019;3069;8.72;0.54;205.00;3.50;726;34;1010.00;50
2296;34;627712499;2296;221;3026;3069;8.75;0.54;204.93;3.50;730;34;1011.00;43
2300;34;627712508;2300;227;3031;3069;8.75;0.54;205.00;3.50;731;34;1012.00;38
2304;34;627712524;2304;223;3036;3069;8.72;0.54;205.15;3.50;732;34;1013.00;33
2308;34;627712535;2308;229;3042;3069;8.68;0.54;205.22;3.50;734;34;1014.00;27
2311;34;627712544;2311;229;3043;3069;8.61;0.53;205.36;3.51;732;34;1015.00;26
2316;34;627712553;2316;227;3047;3070;8.52;0.53;205.44;3.51;731;34;1016.00;23
2318;34;627712562;2318;228;3051;3071;8.51;0.53;205.45;3.52;733;34;1017.00;20
2322;34;627712572;2322;237;3053;3071;8.39;0.52;205.52;3.52;731;34;1018.00;18
2327;34;627712581;2327;240;3056;3072;8.26;0.51;205.56;3.53;729;34;1019.00;16
2335;34;627712592;2335;238;3058;3072;8.18;0.51;205.88;3.53;723;34;1020.00;14
2335;34;627712602;2335;233;3058;3072;8.11;0.50;205.88;3.53;723;34;1021.00;14
2340;34;627712612;2340;228;3060;3072;8.07;0.50;206.01;3.54;720;34;1022.00;12
2342;34;627712621;2342;223;3063;3076;8.16;0.51;206.19;3.54;721;34;1023.00;13
2348;34;627712632;2348;223;3065;3076;8.21;0.51;206.21;3.55;717;34;1024.00;11
2351;34;627712643;2351;221;3066;3076;8.26;0.51;206.38;3.55;715;34;1025.00;10
2354;34;627712653;2354;214;3068;3079;8.37;0.52;206.46;3.56;714;34;1026.00;11
2360;34;627712664;2360;206;3071;3079;8.41;0.52;206.71;3.56;711;34;1027.00;8
2363;34;627712674;2363;196;3073;3079;8.50;0.52;206.87;3.56;710;34;1028.00;6
2368;34;627712684;2368;191;3078;3083;8.59;0.53;206.97;3.56;710;34;1029.00;5
2371;34;627712695;2371;179;3079;3084;8.72;0.54;207.17;3.56;708;34;1030.00;5
2378;34;627712706;2378;179;3079;3084;8.77;0.54;207.21;3.56;701;34;1031.00;5
2381;34;627712724;2381;174;3083;3088;8.82;0.54;207.43;3.55;702;34;1032.00;5
2388;34;627712735;2388;171;3083;3088;8.89;0.54;207.57;3.55;695;34;1033.00;5
2391;34;627712748;2391;174;3083;3088;8.93;0.54;207.61;3.55;692;34;1034.00;5
2398;34;627712759;2398;177;3085;3090;9.02;0.55;207.70;3.55;687;34;1035.00;5
2401;34;627712771;2401;179;3085;3090;9.14;0.56;207.80;3.55;684;34;1036.00;5
2404;34;627712781;2404;177;3090;3096;9.27;0.56;207.91;3.55;686;34;1037.00;6
2406;34;627712793;2406;178;3090;3096;9.40;0.57;208.02;3.55;684;34;1038.00;6
2406;34;627712803;2406;174;3092;3097;9.53;0.58;208.02;3.55;686;34;1039.00;5
2412;34;627712814;2412;170;3092;3097;9.59;0.58;208.04;3.55;680;34;1040.00;5
2415;34;627712824;2415;172;3093;3097;9.65;0.59;208.30;3.58;678;34;1041.00;4
2416;34;627712840;2416;169;3093;3097;9.77;0.59;208.41;3.58;677;34;1042.00;4
2421;34;627712851;2421;166;3093;3097;9.74;0.59;208.48;3.58;672;34;1043.00;4
2426;34;627712866;2426;169;3104;3109;9.73;0.59;208.67;3.57;678;34;1044.00;5
2428;34;627712877;2428;168;3105;3109;9.79;0.59;208.67;3.57;677;34;1045.00;4
2434;34;627712888;2434;165;3105;3109;9.78;0.59;208.97;3.57;671;34;1046.00;4
2439;34;627712898;2439;163;3105;3109;9.85;0.60;209.20;3.57;666;34;1047.00;4
2442;34;627712908;2442;166;3105;3109;9.93;0.60;209.19;3.57;663;34;1048.00;4
2448;34;627712918;2448;167;3105;3109;10.02;0.61;209.25;3.57;657;34;1049.00;4
2450;34;627712931;2450;167;3111;3115;10.07;0.61;209.35;3.56;661;34;1050.00;4
2452;34;627712942;2452;166;3111;3115;10.11;0.61;209.46;3.56;659;34;1051.00;4
2456;34;627712952;2456;167;3114;3119;10.24;0.62;209.59;3.56;658;34;1052.00;5
2460;34;627712963;2460;167;3116;3120;10.24;0.62;209.72;3.56;656;34;1053.00;4
2462;34;627712973;2462;166;3116;3120;10.25;0.62;209.68;3.56;654;34;1054.00;4
2466;34;627712984;2466;169;3116;3120;10.18;0.62;209.76;3.56;650;34;1055.00;4
2468;34;627712994;2468;170;3129;3133;10.16;0.62;209.83;3.54;661;34;1056.00;4
2472;34;627713005;2472;169;3129;3133;10.18;0.62;210.00;3.54;657;34;1057.00;4
2478;34;627713016;2478;169;3129;3133;10.22;0.62;210.11;3.54;651;34;1058.00;4
2479;34;627713025;2479;171;3130;3134;10.28;0.63;210.13;3.54;651;34;1059.00;4
2484;34;627713036;2484;177;3131;3135;10.26;0.62;210.29;3.54;647;34;1060.00;4
2489;34;627713046;2489;183;3131;3135;10.24;0.62;210.37;3.54;642;34;1061.00;4
2492;34;627713062;2492;184;3133;3138;10.24;0.62;210.43;3.54;641;34;1062.00;5
2497;34;627713072;2497;187;3133;3138;10.10;0.61;210.50;3.54;636;34;1063.00;5
2500;34;627713081;2500;187;3134;3138;10.06;0.61;210.60;3.54;634;34;1064.00;4
2501;34;627713098;2501;187;3134;3138;10.02;0.61;210.66;3.54;633;34;1065.00;4
2504;34;627713107;2504;191;3139;3144;9.92;0.61;210.67;3.53;635;34;1066.00;5
2509;34;627713117;2509;179;3139;3144;9.84;0.60;210.94;3.53;630;34;1067.00;5
2512;34;627713127;2512;176;3140;3144;9.81;0.60;211.02;3.53;628;34;1068.00;4
2517;34;627713142;2517;176;3140;3144;9.76;0.59;211.21;3.53;623;34;1069.00;4
2520;34;627713151;2520;175;3144;3148;9.73;0.59;211.48;3.53;624;34;1070.00;4
2522;34;627713162;2522;180;3146;3149;9.73;0.59;211.65;3.56;624;34;1071.00;3
2526;34;627713171;2526;179;3146;3149;9.65;0.59;211.95;3.56;620;34;1072.00;3
2530;34;627713181;2530;174;3147;3150;9.58;0.59;212.03;3.56;617;34;1073.00;3
2531;34;627713191;2531;178;3147;3150;9.60;0.59;211.96;3.56;616;34;1074.00;3
2534;34;627713199;2534;177;3147;3150;9.62;0.59;212.04;3.56;613;34;1075.00;3
2537;34;627713208;2537;169;3147;3150;9.70;0.59;212.09;3.56;610;34;1076.00;3
2538;34;627713217;2538;158;3147;3150;9.71;0.59;212.15;3.56;609;34;1077.00;3
2541;34;627713227;2541;150;3147;3150;9.87;0.60;212.35;3.56;606;34;1078.00;3
2546;34;627713236;2546;143;3147;3150;9.97;0.61;212.37;3.56;601;34;1079.00;3
2550;34;627713249;2550;160;3224;3275;9.78;0.60;212.42;3.48;674;34;1080.00;51
2554;34;627713268;2554;149;3227;3276;9.81;0.60;212.65;3.48;673;34;1081.00;49
2556;34;627713279;2556;132;3233;3276;9.92;0.61;212.68;3.47;677;34;1082.00;43
2557;34;627713289;2557;126;3236;3276;10.03;0.62;212.67;3.47;679;34;1083.00;40
2562;34;627713298;2562;116;3239;3276;10.05;0.62;212.77;3.47;677;34;1084.00;37
2565;34;627713314;2565;121;3242;3276;10.13;0.62;212.81;3.47;677;34;1085.00;34
2567;34;627713326;2567;120;3242;3276;10.25;0.63;212.76;3.47;675;34;1086.00;34
2571;34;627713336;2571;131;3248;3276;10.25;0.63;212.84;3.48;677;34;1087.00;28
2574;34;627713346;2574;132;3248;3277;10.28;0.63;212.87;3.48;674;34;1088.00;29
2576;34;627713356;2576;137;3253;3278;10.25;0.63;212.80;3.49;677;34;1089.00;25
2581;34;627713366;2581;136;3257;3278;10.27;0.63;212.80;3.49;676;34;1090.00;21
2583;34;627713376;2583;141;3262;3282;10.31;0.63;212.79;3.49;679;34;1091.00;20
2584;34;627713387;2584;149;3263;3282;10.23;0.63;212.74;3.49;679;34;1092.00;19
2586;34;627713397;2586;144;3264;3282;10.26;0.63;212.74;3.50;678;34;1093.00;18
2589;34;627713407;2589;153;3265;3282;10.17;0.62;212.72;3.50;676;34;1094.00;17
2589;34;627713416;2589;154;3269;3288;10.13;0.62;212.72;3.50;680;34;1095.00;19
2590;34;627713427;2590;160;3269;3288;10.12;0.62;212.67;3.50;679;34;1096.00;19
2592;34;627713436;2592;166;3270;3288;10.14;0.62;212.60;3.50;678;34;1097.00;18
2593;34;627713446;2593;163;3273;3291;10.18;0.62;212.61;3.50;680;34;1098.00;18
2595;34;627713461;2595;167;3273;3291;10.20;0.62;212.56;3.50;678;34;1099.00;18
2596;34;627713472;2596;162;3275;3291;10.26;0.63;212.50;3.54;679;34;1100.00;16
2596;34;627713486;2596;161;3276;3292;10.34;0.63;212.50;3.54;680;34;1101.00;16
2598;35;627713495;2598;165;3277;3293;10.37;0.63;212.78;3.54;679;35;1102.00;16
2603;35;627713511;2603;171;3277;3293;10.43;0.64;212.93;3.54;674;35;1103.00;16
2604;35;627713522;2604;177;3287;3306;10.43;0.64;213.00;3.53;683;35;1104.00;19
2605;35;627713533;2605;178;3287;3306;10.44;0.64;213.00;3.53;682;35;1105.00;19
2607;35;627713546;2607;180;3287;3306;10.52;0.64;213.00;3.53;680;35;1106.00;19
2609;35;627713556;2609;187;3288;3307;10.55;0.64;212.88;3.53;679;35;1107.00;19
2612;35;627713566;2612;190;3288;3307;10.61;0.65;212.81;3.53;676;35;1108.00;19
2615;35;627713576;2615;193;3291;3311;10.69;0.65;212.69;3.52;676;35;1109.00;20
2616;35;627713588;2616;192;3291;3311;10.80;0.66;212.62;3.52;675;35;1110.00;20
2618;35;627713598;2618;194;3295;3315;10.87;0.66;212.55;3.52;677;35;1111.00;20
2621;35;627713608;2621;191;3295;3315;10.96;0.67;212.48;3.52;674;35;1112.00;20
2623;35;627713618;2623;193;3295;3315;11.02;0.67;212.40;3.52;672;35;1113.00;20
2625;35;627713627;2625;194;3295;3315;11.06;0.68;212.29;3.52;670;35;1114.00;20
2627;35;627713636;2627;193;3295;3315;11.04;0.67;212.24;3.52;668;35;1115.00;20
2629;35;627713646;2629;194;3305;3327;11.00;0.67;212.15;3.54;676;35;1116.00;22
2631;35;627713656;2631;195;3305;3327;10.99;0.67;212.13;3.54;674;35;1117.00;22
2635;35;627713666;2635;199;3307;3327;10.96;0.67;212.17;3.54;672;35;1118.00;20
2641;35;627713675;2641;197;3308;3327;10.86;0.66;212.02;3.58;667;35;1119.00;19
2643;35;627713685;2643;199;3308;3327;10.80;0.66;211.94;3.58;665;35;1120.00;19
2645;35;627713694;2645;192;3308;3327;10.74;0.65;211.89;3.58;663;35;1121.00;19
2647;35;627713703;2647;192;3309;3328;10.66;0.65;211.87;3.59;662;35;1122.00;19
2652;36;627713712;2652;184;3310;3328;10.61;0.65;211.71;3.59;658;36;1123.00;18
2654;36;627713728;2654;186;3315;3334;10.62;0.65;211.63;3.60;661;36;1124.00;19
2655;36;627713737;2655;185;3321;3336;10.66;0.65;211.65;3.62;666;36;1125.00;15
2657;36;627713749;2657;183;3321;3336;10.65;0.65;211.84;3.62;664;36;1126.00;15
2658;36;627713763;2658;181;3322;3336;10.64;0.65;211.86;3.64;664;36;1127.00;14
2660;36;627713774;2660;183;3325;3340;10.65;0.65;211.84;3.63;665;36;1128.00;15
2661;36;627713789;2661;186;3325;3340;10.66;0.65;211.84;3.63;664;36;1129.00;15
2664;36;627713802;2664;183;3326;3340;10.70;0.65;211.81;3.65;662;36;1130.00;14
2666;36;627713818;2666;173;3327;3341;10.75;0.65;211.76;3.65;661;36;1131.00;14
2667;36;627713833;2667;159;3330;3345;10.83;0.66;211.76;3.64;663;36;1132.00;15
2667;36;627713850;2667;151;3331;3345;10.97;0.67;211.76;3.66;664;36;1133.00;14
2669;36;627713865;2669;141;3333;3348;11.12;0.67;211.72;3.66;664;36;1134.00;15
2671;36;627713877;2671;136;3335;3348;11.19;0.68;211.76;3.67;664;36;1135.00;13
2671;36;627713888;2671;134;3335;3348;11.36;0.69;211.76;3.67;664;36;1136.00;13
2673;36;627713899;2673;127;3336;3348;11.39;0.69;211.64;3.69;663;36;1137.00;12
2675;36;627713916;2675;124;3339;3352;11.49;0.69;211.62;3.69;664;36;1138.00;13
2678;37;627713927;2678;119;3339;3352;11.58;0.70;211.51;3.69;661;37;1139.00;13
2680;37;627713953;2680;119;3341;3352;11.60;0.70;211.57;3.70;661;37;1140.00;11
2680;38;627713970;2680;118;3341;3352;11.64;0.70;211.57;3.70;661;38;1141.00;11
2680;38;627713993;2680;122;3341;3353;11.72;0.71;211.57;3.70;661;38;1142.00;12
2680;39;627714003;2680;124;3342;3354;11.75;0.71;211.57;3.70;662;39;1143.00;12
2684;39;627714028;2684;123;3342;3354;11.67;0.71;211.59;3.70;658;39;1144.00;12
2686;39;627714038;2686;124;3343;3355;11.66;0.70;211.55;3.70;657;39;1145.00;12
2687;39;627714055;2687;125;3343;3355;11.60;0.70;211.55;3.70;656;39;1146.00;12
2688;39;627714064;2688;131;3343;3355;11.54;0.70;211.52;3.70;655;39;1147.00;12
2688;39;627714074;2688;132;3343;3355;11.45;0.69;211.52;3.70;655;39;1148.00;12
2689;39;627714083;2689;136;3343;3355;11.36;0.69;211.51;3.70;654;39;1149.00;12
2691;39;627714099;2691;144;3345;3355;11.28;0.68;211.50;3.72;654;39;1150.00;10
2692;39;627714108;2692;146;3345;3355;11.23;0.68;211.47;3.72;653;39;1151.00;10
2694;39;627714118;2694;170;3412;3482;11.12;0.69;211.73;3.66;718;39;1152.00;70
2696;39;627714139;2696;164;3415;3483;11.01;0.68;211.72;3.67;719;39;1153.00;68
2698;39;627714149;2698;161;3424;3483;10.94;0.68;211.87;3.67;726;39;1154.00;59
2700;39;627714160;2700;162;3431;3483;10.86;0.67;211.92;3.68;731;39;1155.00;52
2704;39;627714171;2704;164;3440;3483;10.87;0.67;211.86;3.69;736;39;1156.00;43
2706;39;627714181;2706;165;3442;3483;10.88;0.67;211.92;3.69;736;39;1157.00;41
2707;39;627714191;2707;167;3446;3483;10.81;0.67;211.87;3.69;739;39;1158.00;37
2712;39;627714201;2712;175;3450;3483;10.66;0.66;211.91;3.70;738;39;1159.00;33
2717;39;627714217;2717;183;3455;3484;10.57;0.65;211.86;3.70;738;39;1160.00;29
2720;39;627714234;2720;188;3458;3485;10.52;0.65;211.88;3.71;738;39;1161.00;27
2724;39;627714245;2724;197;3461;3485;10.39;0.64;212.00;3.71;737;39;1162.00;24
2725;39;627714256;2725;198;3465;3486;10.25;0.63;211.99;3.72;740;39;1163.00;21
2728;39;627714267;2728;205;3469;3486;10.13;0.62;211.95;3.73;741;39;1164.00;17
2729;39;627714277;2729;213;3472;3486;9.90;0.61;211.93;3.74;743;39;1165.00;14
2732;39;627714288;2732;227;3475;3486;9.79;0.60;211.89;3.74;743;39;1166.00;11
2735;39;627714304;2735;237;3479;3490;9.58;0.59;211.86;3.74;744;39;1167.00;11
2737;39;627714316;2737;239;3480;3490;9.45;0.58;211.84;3.75;743;39;1168.00;10
2739;39;627714326;2739;248;3480;3490;9.25;0.57;211.85;3.75;741;39;1169.00;10
2741;39;627714338;2741;252;3484;3496;9.13;0.56;211.89;3.75;743;39;1170.00;12
2742;39;627714349;2742;257;3484;3496;9.00;0.55;211.85;3.75;742;39;1171.00;12
2745;39;627714360;2745;257;3485;3496;8.88;0.55;212.08;3.75;740;39;1172.00;11
2747;39;627714370;2747;261;3489;3500;8.70;0.54;212.08;3.75;742;39;1173.00;11
2751;39;627714380;2751;262;3491;3501;8.64;0.53;212.13;3.75;740;39;1174.00;10
2756;39;627714392;2756;270;3492;3501;8.59;0.53;212.04;3.75;736;39;1175.00;9
2759;39;627714403;2759;265;3496;3505;8.61;0.53;211.97;3.75;737;39;1176.00;9
2762;39;627714413;2762;259;3497;3505;8.63;0.53;211.92;3.75;735;39;1177.00;8
2765;39;627714423;2765;259;3497;3505;8.65;0.53;211.90;3.75;732;39;1178.00;8
2770;39;627714434;2770;256;3499;3506;8.67;0.53;211.94;3.75;729;39;1179.00;7
2772;39;627714445;2772;255;3499;3506;8.67;0.53;211.95;3.75;727;39;1180.00;7
2776;39;627714455;2776;260;3504;3512;8.70;0.53;212.04;3.75;728;39;1181.00;8
2779;40;627714468;2779;257;3504;3512;8.70;0.53;212.03;3.75;725;40;1182.00;8
2784;40;627714495;2784;255;3506;3513;8.62;0.53;212.20;3.75;722;40;1183.00;7
2787;40;627714512;2787;255;3506;3513;8.61;0.53;212.21;3.75;719;40;1184.00;7
2794;40;627714522;2794;250;3507;3513;8.56;0.52;212.26;3.75;713;40;1185.00;6
2799;40;627714539;2799;252;3507;3513;8.54;0.52;212.37;3.75;708;40;1186.00;6
2804;40;627714549;2804;251;3507;3513;8.48;0.52;212.48;3.75;703;40;1187.00;6
2811;40;627714559;2811;254;3518;3525;8.51;0.52;212.59;3.74;707;40;1188.00;7
2814;40;627714570;2814;247;3518;3525;8.49;0.52;212.72;3.74;704;40;1189.00;7
2819;40;627714579;2819;238;3519;3525;8.51;0.52;212.96;3.74;700;40;1190.00;6
2822;40;627714595;2822;229;3519;3525;8.55;0.52;212.99;3.74;697;40;1191.00;6
2826;40;627714605;2826;224;3519;3525;8.55;0.53;213.31;3.74;693;40;1192.00;6
2830;40;627714615;2830;223;3519;3525;8.56;0.53;213.57;3.74;689;40;1193.00;6
2834;40;627714625;2834;220;3523;3529;8.57;0.53;213.74;3.73;689;40;1194.00;6
2837;40;627714634;2837;213;3523;3529;8.66;0.53;213.93;3.73;686;40;1195.00;6
2839;40;627714644;2839;214;3526;3533;8.82;0.54;214.02;3.73;687;40;1196.00;7
2844;40;627714655;2844;209;3527;3534;8.86;0.55;214.25;3.73;683;40;1197.00;7
2848;40;627714665;2848;200;3528;3534;9.01;0.56;214.44;3.73;680;40;1198.00;6
2851;40;627714676;2851;197;3528;3534;9.22;0.57;214.40;3.73;677;40;1199.00;6
2858;40;627714690;2858;196;3549;3575;9.22;0.57;214.63;3.71;691;40;1200.00;26
2867;40;627714710;2867;186;3551;3575;9.28;0.57;214.53;3.71;684;40;1201.00;24
2870;40;627714721;2870;179;3554;3575;9.40;0.58;214.62;3.70;684;40;1202.00;21
2875;40;627714731;2875;169;3556;3576;9.50;0.58;214.76;3.70;681;40;1203.00;20
2878;40;627714741;2878;169;3559;3577;9.54;0.59;214.85;3.70;681;40;1204.00;18
2883;40;627714753;2883;169;3561;3577;9.61;0.59;214.88;3.70;678;40;1205.00;16
2886;40;627714768;2886;167;3563;3580;9.70;0.59;214.93;3.70;677;40;1206.00;17
2892;40;627714779;2892;168;3565;3580;9.71;0.59;214.98;3.70;673;40;1207.00;15
2895;40;627714790;2895;168;3565;3580;9.77;0.60;215.13;3.70;670;40;1208.00;15
2901;40;627714800;2901;170;3566;3580;9.77;0.60;215.26;3.70;665;40;1209.00;14
2909;40;627714811;2909;177;3572;3586;9.74;0.60;215.43;3.70;663;40;1210.00;14
2911;40;627714821;2911;173;3573;3586;9.67;0.59;215.49;3.70;662;40;1211.00;13
2917;40;627714831;2917;178;3574;3586;9.55;0.58;215.69;3.70;657;40;1212.00;12
2921;40;627714841;2921;178;3574;3586;9.43;0.58;215.81;3.70;653;40;1213.00;12
2929;40;627714850;2929;174;3578;3590;9.30;0.57;215.90;3.70;649;40;1214.00;12
2935;40;627714860;2935;176;3580;3592;9.25;0.57;215.77;3.70;645;40;1215.00;12
2938;40;627714875;2938;181;3580;3592;9.18;0.56;215.76;3.70;642;40;1216.00;12
2946;40;627714885;2946;179;3581;3593;9.07;0.55;215.74;3.70;635;40;1217.00;12
2949;40;627714895;2949;184;3582;3593;9.03;0.55;215.87;3.70;633;40;1218.00;11
2954;40;627714904;2954;192;3582;3593;9.00;0.55;215.85;3.70;628;40;1219.00;11
2957;40;627714914;2957;198;3582;3593;8.95;0.55;215.85;3.70;625;40;1220.00;11
2960;40;627714923;2960;202;3582;3593;8.88;0.54;216.01;3.70;622;40;1221.00;11
2961;40;627714932;2961;203;3582;3593;8.77;0.54;215.96;3.70;621;40;1222.00;11
2966;40;627714941;2966;209;3582;3593;8.67;0.53;215.95;3.70;616;40;1223.00;11
2968;40;627714949;2968;223;3623;3663;8.45;0.52;215.95;3.67;655;40;1224.00;40
2970;40;627714963;2970;224;3624;3664;8.45;0.52;215.95;3.66;654;40;1225.00;40
2974;40;627714974;2974;230;3627;3664;8.49;0.52;216.06;3.66;653;40;1226.00;37
2976;40;627714983;2976;229;3629;3664;8.51;0.52;216.08;3.70;653;40;1227.00;35
2978;40;627714993;2978;236;3632;3666;8.63;0.53;215.99;3.70;654;40;1228.00;34
2981;40;627715002;2981;240;3636;3666;8.73;0.53;216.16;3.71;655;40;1229.00;30
2984;40;627715012;2984;237;3638;3666;8.80;0.54;216.29;3.71;654;40;1230.00;28
2989;40;627715022;2989;231;3641;3666;8.85;0.54;216.41;3.71;652;40;1231.00;25
2993;40;627715031;2993;234;3643;3667;8.78;0.53;216.36;3.72;650;40;1232.00;24
2994;40;627715041;2994;242;3647;3668;8.75;0.53;216.40;3.72;653;40;1233.00;21
2995;40;627715049;2995;244;3648;3668;8.61;0.52;216.35;3.72;653;40;1234.00;20
2997;40;627715058;2997;253;3654;3672;8.44;0.51;216.47;3.72;657;40;1235.00;18
3000;40;627715068;3000;261;3658;3672;8.27;0.50;216.53;3.74;658;40;1236.00;14
3001;40;627715082;3001;252;3659;3672;8.25;0.50;216.62;3.74;658;40;1237.00;13
3002;40;627715098;3002;245;3661;3672;8.27;0.50;216.64;3.75;659;40;1238.00;11
3004;40;627715106;3004;245;3667;3678;8.32;0.51;216.73;3.75;663;40;1239.00;11
3009;40;627715117;3009;242;3668;3678;8.37;0.51;216.76;3.75;659;40;1240.00;10
3011;40;627715126;3011;238;3669;3678;8.44;0.51;216.72;3.75;658;40;1241.00;9
3014;40;627715136;3014;240;3673;3681;8.56;0.52;216.71;3.75;659;40;1242.00;8
3015;40;627715146;3015;238;3673;3681;8.59;0.52;216.73;3.75;658;40;1243.00;8
3016;40;627715155;3016;239;3673;3681;8.57;0.52;216.78;3.75;657;40;1244.00;8
3019;41;627715164;3019;240;3674;3682;8.52;0.52;216.76;3.75;655;41;1245.00;8
3020;41;627715185;3020;226;3675;3683;8.60;0.52;216.82;3.75;655;41;1246.00;8
3021;41;627715205;3021;213;3675;3683;8.66;0.53;216.83;3.75;654;41;1247.00;8
3023;41;627715214;3023;202;3687;3696;8.75;0.53;216.80;3.73;664;41;1248.00;9
3023;41;627715225;3023;194;3687;3696;8.87;0.54;216.80;3.73;664;41;1249.00;9
3026;41;627715234;3026;187;3688;3696;8.90;0.54;216.75;3.73;662;41;1250.00;8
3030;41;627715244;3030;183;3689;3697;8.97;0.54;216.62;3.73;659;41;1251.00;8
3032;41;627715254;3032;182;3689;3697;9.04;0.55;216.69;3.73;657;41;1252.00;8
3033;41;627715264;3033;182;3692;3701;9.11;0.55;216.66;3.73;659;41;1253.00;9
3034;41;627715275;3034;178;3692;3701;9.21;0.56;216.60;3.73;658;41;1254.00;9
3035;41;627715285;3035;183;3697;3705;9.25;0.56;216.65;3.73;662;41;1255.00;8
3037;41;627715296;3037;182;3697;3705;9.24;0.56;216.60;3.73;660;41;1256.00;8
3041;41;627715306;3041;182;3697;3705;9.28;0.56;216.49;3.73;656;41;1257.00;8
3042;41;627715316;3042;183;3697;3705;9.31;0.57;216.63;3.73;655;41;1258.00;8
3043;41;627715325;3043;183;3697;3705;9.32;0.57;216.60;3.73;654;41;1259.00;8
3044;41;627715336;3044;190;3721;3739;9.36;0.57;216.61;3.70;677;41;1260.00;18
3047;41;627715350;3047;188;3722;3739;9.40;0.58;216.55;3.75;675;41;1261.00;17
3049;41;627715360;3049;187;3723;3739;9.42;0.58;216.50;3.75;674;41;1262.00;16
3053;41;627715369;3053;179;3723;3739;9.36;0.57;216.30;3.75;670;41;1263.00;16
3053;41;627715378;3053;179;3724;3739;9.35;0.57;216.30;3.75;671;41;1264.00;15
3056;41;627715387;3056;181;3724;3739;9.39;0.57;216.25;3.75;668;41;1265.00;15
3057;41;627715396;3057;183;3725;3740;9.52;0.58;216.24;3.75;668;41;1266.00;15
3060;42;627715405;3060;176;3725;3740;9.55;0.58;216.12;3.75;665;42;1267.00;15
3061;42;627715425;3061;176;3729;3746;9.70;0.59;216.08;3.75;668;42;1268.00;17
3063;42;627715435;3063;179;3730;3747;9.75;0.59;216.01;3.75;667;42;1269.00;17
3066;42;627715444;3066;179;3731;3747;9.81;0.60;216.08;3.75;665;42;1270.00;16
3066;42;627715453;3066;184;3731;3747;9.87;0.60;216.08;3.75;665;42;1271.00;16
3068;42;627715462;3068;186;3734;3751;9.95;0.61;215.96;3.75;666;42;1272.00;17
3068;42;627715471;3068;187;3734;3751;9.97;0.61;215.96;3.75;666;42;1273.00;17
3070;42;627715480;3070;190;3734;3751;9.99;0.61;215.88;3.75;664;42;1274.00;17
3071;42;627715489;3071;195;3735;3752;9.99;0.61;215.87;3.75;664;42;1275.00;17
3072;42;627715497;3072;198;3738;3756;10.00;0.61;215.80;3.74;666;42;1276.00;18
3073;42;627715507;3073;202;3738;3756;10.01;0.61;215.78;3.74;665;42;1277.00;18
3073;42;627715521;3073;202;3740;3759;10.11;0.61;215.78;3.74;667;42;1278.00;19
3074;42;627715530;3074;206;3741;3759;10.18;0.62;215.74;3.74;667;42;1279.00;18
3074;42;627715538;3074;207;3741;3759;10.24;0.62;215.74;3.74;667;42;1280.00;18
3077;42;627715552;3077;205;3741;3759;10.19;0.62;215.70;3.74;664;42;1281.00;18
3079;42;627715560;3079;208;3744;3763;10.18;0.62;215.76;3.74;665;42;1282.00;19
3081;42;627715569;3081;193;3744;3763;10.23;0.62;215.69;3.74;663;42;1283.00;19
3083;42;627715578;3083;188;3745;3763;10.31;0.63;215.68;3.74;662;42;1284.00;18
3085;42;627715587;3085;177;3745;3763;10.38;0.63;215.68;3.74;660;42;1285.00;18
3088;42;627715596;3088;169;3745;3764;10.48;0.64;215.67;3.74;657;42;1286.00;19
3089;42;627715605;3089;163;3746;3765;10.61;0.65;215.67;3.74;657;42;1287.00;19
3092;42;627715614;3092;155;3746;3765;10.69;0.65;215.64;3.74;654;42;1288.00;19
3093;42;627715623;3093;145;3747;3766;10.79;0.66;215.65;3.74;654;42;1289.00;19
3096;42;627715644;3096;139;3747;3766;10.90;0.66;215.65;3.74;651;42;1290.00;19
3098;42;627715653;3098;134;3747;3766;11.01;0.67;215.62;3.74;649;42;1291.00;19
3100;42;627715662;3100;122;3747;3766;11.06;0.67;215.78;3.74;647;42;1292.00;19
3102;42;627715670;3102;118;3747;3766;11.11;0.67;215.77;3.74;645;42;1293.00;19
3103;42;627715679;3103;109;3748;3766;11.22;0.68;215.74;3.74;645;42;1294.00;18
3105;42;627715688;3105;98;3749;3766;11.34;0.69;215.70;3.75;644;42;1295.00;17
3109;42;627715697;3109;115;3815;3893;11.27;0.69;215.68;3.69;706;42;1296.00;78
3110;42;627715716;3110;106;3815;3894;11.44;0.70;215.64;3.69;705;42;1297.00;79
3112;42;627715726;3112;98;3824;3894;11.58;0.71;215.54;3.69;712;42;1298.00;70
3113;42;627715736;3113;96;3828;3894;11.63;0.71;215.52;3.69;715;42;1299.00;66
3114;42;627715748;3114;95;3833;3894;11.67;0.72;215.54;3.69;719;42;1300.00;61
3117;42;627715767;3117;93;3837;3894;11.72;0.72;215.51;3.69;720;42;1301.00;57
3118;42;627715783;3118;92;3840;3894;11.76;0.72;215.51;3.70;722;42;1302.00;54
3121;42;627715799;3121;92;3844;3894;11.91;0.73;215.50;3.71;723;42;1303.00;50
3124;42;627715817;3124;98;3848;3895;11.98;0.73;215.46;3.71;724;42;1304.00;47
3127;42;627715832;3127;94;3851;3897;12.13;0.74;215.42;3.71;724;42;1305.00;46
3128;42;627715847;3128;100;3856;3897;12.19;0.75;215.49;3.73;728;42;1306.00;41
3129;42;627715864;3129;104;3857;3898;12.23;0.75;215.45;3.73;728;42;1307.00;41
3132;42;627715879;3132;100;3861;3898;12.21;0.75;215.54;3.74;729;42;1308.00;37
3134;42;627715892;3134;105;3861;3898;12.11;0.74;215.47;3.74;727;42;1309.00;37
3140;42;627715903;3140;107;3866;3898;11.92;0.73;215.53;3.76;726;42;1310.00;32
3142;42;627715915;3142;109;3868;3902;11.79;0.72;215.56;3.76;726;42;1311.00;34
3145;42;627715928;3145;112;3871;3902;11.69;0.72;215.53;3.77;726;42;1312.00;31
3148;42;627715939;3148;118;3872;3902;11.61;0.71;215.54;3.77;724;42;1313.00;30
3151;42;627715951;3151;125;3875;3905;11.54;0.70;215.49;3.78;724;42;1314.00;30
3154;42;627715963;3154;135;3877;3905;11.44;0.70;215.61;3.79;723;42;1315.00;28
3157;42;627715975;3157;140;3878;3905;11.33;0.69;215.60;3.79;721;42;1316.00;27
3159;42;627715987;3159;145;3882;3909;11.21;0.68;215.64;3.79;723;42;1317.00;27
3159;42;627715999;3159;150;3885;3910;11.14;0.68;215.64;3.79;726;42;1318.00;25
3163;42;627716010;3163;160;3886;3910;11.10;0.68;215.69;3.79;723;42;1319.00;24
3167;42;627716023;3167;160;3891;3915;11.02;0.67;215.64;3.80;724;42;1320.00;24
3171;42;627716036;3171;160;3892;3915;10.99;0.67;215.78;3.81;721;42;1321.00;23
3174;42;627716047;3174;164;3893;3915;10.88;0.66;215.77;3.81;719;42;1322.00;22
3178;42;627716058;3178;170;3894;3916;10.86;0.66;215.77;3.81;716;42;1323.00;22
3181;42;627716069;3181;182;3896;3916;10.74;0.65;215.75;3.83;715;42;1324.00;20
3183;42;627716080;3183;186;3900;3922;10.71;0.65;215.73;3.83;717;42;1325.00;22
3186;42;627716091;3186;187;3903;3922;10.63;0.64;215.73;3.84;717;42;1326.00;19
3187;42;627716103;3187;190;3903;3923;10.58;0.64;215.72;3.84;716;42;1327.00;20
3189;42;627716114;3189;193;3904;3923;10.50;0.64;215.73;3.84;715;42;1328.00;19
3192;42;627716126;3192;198;3904;3923;10.45;0.63;215.79;3.84;712;42;1329.00;19
3193;42;627716138;3193;203;3905;3923;10.44;0.63;215.85;3.85;712;42;1330.00;18
3196;42;627716149;3196;204;3905;3923;10.36;0.63;215.83;3.85;709;42;1331.00;18
3199;42;627716160;3199;205;3917;3935;10.36;0.63;215.94;3.87;718;42;1332.00;18
3199;42;627716172;3199;207;3919;3935;10.30;0.63;215.94;3.87;720;42;1333.00;16
3202;42;627716182;3202;211;3920;3935;10.29;0.62;215.94;3.87;718;42;1334.00;15
3204;42;627716193;3204;214;3921;3935;10.20;0.62;215.92;3.87;717;42;1335.00;14
3205;42;627716203;3205;217;3921;3935;10.08;0.61;215.90;3.87;716;42;1336.00;14
3207;42;627716220;3207;224;3922;3935;9.93;0.60;215.90;3.88;715;42;1337.00;13
3209;42;627716231;3209;228;3928;3939;9.74;0.59;215.89;3.88;719;42;1338.00;11
3209;42;627716241;3209;225;3928;3939;9.69;0.59;215.89;3.88;719;42;1339.00;11
3213;42;627716252;3213;230;3931;3943;9.62;0.58;215.85;3.88;718;42;1340.00;12
3216;42;627716263;3216;231;3932;3944;9.55;0.58;215.81;3.87;716;42;1341.00;12
3218;42;627716273;3218;229;3933;3944;9.44;0.58;215.81;3.87;715;42;1342.00;11
3219;42;627716284;3219;220;3933;3944;9.36;0.57;215.76;3.87;714;42;1343.00;11
3222;42;627716294;3222;221;3945;3957;9.30;0.57;215.78;3.86;723;42;1344.00;12
3226;42;627716305;3226;220;3945;3957;9.21;0.56;215.86;3.86;719;42;1345.00;12
3230;42;627716315;3230;216;3946;3957;9.21;0.56;215.81;3.86;716;42;1346.00;11
3231;42;627716325;3231;219;3947;3958;9.30;0.57;215.89;3.86;716;42;1347.00;11
3233;42;627716336;3233;221;3948;3959;9.28;0.57;215.93;3.86;715;42;1348.00;11
3237;42;627716346;3237;223;3948;3959;9.33;0.57;215.99;3.86;711;42;1349.00;11
3240;42;627716362;3240;228;3951;3968;9.40;0.58;216.20;3.86;711;42;1350.00;17
3243;42;627716373;3243;227;3952;3968;9.37;0.57;216.28;3.86;709;42;1351.00;16
3249;42;627716384;3249;225;3953;3968;9.33;0.57;216.37;3.86;704;42;1352.00;15
3252;42;627716393;3252;230;3953;3968;9.26;0.57;216.44;3.86;701;42;1353.00;15
3256;42;627716403;3256;227;3958;3974;9.26;0.57;216.72;3.85;702;42;1354.00;16
3262;42;627716414;3262;226;3959;3974;9.13;0.56;216.91;3.85;697;42;1355.00;15
3265;42;627716424;3265;227;3961;3974;9.04;0.56;216.95;3.85;696;42;1356.00;13
3269;42;627716433;3269;233;3961;3974;8.90;0.55;217.13;3.85;692;42;1357.00;13
3273;42;627716442;3273;235;3966;3978;8.67;0.54;217.29;3.85;693;42;1358.00;12
3280;42;627716451;3280;235;3967;3979;8.53;0.53;217.48;3.85;687;42;1359.00;12
3283;42;627716461;3283;233;3967;3979;8.39;0.52;217.48;3.85;684;42;1360.00;12
3289;42;627716470;3289;228;3968;3980;8.33;0.52;217.71;3.85;679;42;1361.00;12
3292;42;627716480;3292;230;3968;3980;8.34;0.52;217.72;3.85;676;42;1362.00;12
3297;42;627716488;3297;225;3968;3980;8.37;0.52;217.90;3.85;671;42;1363.00;12
3303;42;627716497;3303;228;3968;3980;8.38;0.52;218.01;3.85;665;42;1364.00;12
3307;42;627716513;3307;225;3968;3980;8.44;0.52;218.08;3.85;661;42;1365.00;12
3311;42;627716522;3311;220;3968;3980;8.52;0.53;218.08;3.85;657;42;1366.00;12
3316;42;627716531;3316;215;3968;3980;8.59;0.53;218.13;3.85;652;42;1367.00;12
3321;42;627716540;3321;211;4007;4050;8.65;0.53;218.16;3.81;686;42;1368.00;43
3326;42;627716555;3326;205;4012;4051;8.70;0.54;218.16;3.81;686;42;1369.00;39
3332;42;627716565;3332;201;4017;4051;8.80;0.54;218.22;3.81;685;42;1370.00;34
3336;42;627716574;3336;195;4020;4051;8.93;0.55;218.37;3.81;684;42;1371.00;31
3341;42;627716584;3341;194;4023;4051;8.97;0.55;218.33;3.81;682;42;1372.00;28
3346;42;627716594;3346;194;4027;4051;9.03;0.55;218.45;3.81;681;42;1373.00;24
3350;42;627716604;3350;197;4032;4051;9.02;0.55;218.52;3.81;682;42;1374.00;19
3353;42;627716613;3353;195;4034;4051;8.99;0.55;218.47;3.81;681;42;1375.00;17
3358;42;627716622;3358;197;4037;4052;8.90;0.54;218.59;3.81;679;42;1376.00;15
3360;42;627716639;3360;198;4038;4053;8.90;0.54;218.65;3.81;678;42;1377.00;15
3365;42;627716649;3365;203;4039;4053;8.84;0.54;218.71;3.81;674;42;1378.00;14
3372;42;627716659;3372;208;4042;4057;8.77;0.53;218.72;3.81;670;42;1379.00;15
3377;42;627716671;3377;213;4042;4057;8.76;0.53;218.83;3.81;665;42;1380.00;15
3378;42;627716680;3378;221;4042;4057;8.73;0.53;218.89;3.81;664;42;1381.00;15
3384;42;627716696;3384;220;4043;4057;8.69;0.53;218.98;3.89;659;42;1382.00;14
3386;42;627716706;3386;219;4048;4063;8.70;0.53;219.03;3.88;662;42;1383.00;15
3390;42;627716716;3390;219;4049;4063;8.73;0.53;219.02;3.88;659;42;1384.00;14
3394;42;627716726;3394;216;4050;4063;8.71;0.53;219.12;3.88;656;42;1385.00;13
3398;42;627716742;3398;217;4052;4066;8.64;0.53;219.28;3.88;654;42;1386.00;14
3401;42;627716753;3401;212;4052;4066;8.54;0.52;219.24;3.88;651;42;1387.00;14
3405;42;627716771;3405;214;4053;4066;8.53;0.52;219.34;3.88;648;42;1388.00;13
3412;42;627716781;3412;215;4056;4067;8.32;0.51;219.33;3.89;644;42;1389.00;11
3415;42;627716791;3415;221;4057;4068;8.27;0.50;219.43;3.89;642;42;1390.00;11
3422;42;627716800;3422;224;4057;4068;8.20;0.50;219.50;3.89;635;42;1391.00;11
3426;42;627716810;3426;224;4070;4081;8.19;0.50;219.56;3.88;644;42;1392.00;11
3428;42;627716820;3428;227;4070;4081;8.09;0.49;219.61;3.88;642;42;1393.00;11
3430;42;627716828;3430;225;4070;4081;8.07;0.49;219.67;3.88;640;42;1394.00;11
3433;42;627716836;3433;230;4072;4083;8.03;0.49;219.73;3.88;639;42;1395.00;11
3437;42;627716846;3437;237;4072;4083;7.98;0.49;219.75;3.88;635;42;1396.00;11
3439;42;627716854;3439;244;4075;4087;7.97;0.49;219.78;3.87;636;42;1397.00;12
3440;42;627716863;3440;250;4075;4087;7.97;0.49;219.78;3.87;635;42;1398.00;12
3442;42;627716871;3442;258;4080;4091;7.99;0.49;219.81;3.87;638;42;1399.00;11
3445;42;627716881;3445;259;4080;4091;7.92;0.48;219.69;3.87;635;42;1400.00;11
3448;42;627716894;3448;266;4080;4091;7.88;0.48;219.66;3.87;632;42;1401.00;11
3450;42;627716902;3450;271;4080;4091;7.83;0.48;219.64;3.87;630;42;1402.00;11
3453;42;627716911;3453;276;4080;4091;7.71;0.47;219.63;3.87;627;42;1403.00;11
3454;42;627716918;3454;284;4090;4103;7.78;0.48;219.66;3.86;636;42;1404.00;13
3454;42;627716927;3454;293;4090;4103;7.72;0.47;219.66;3.86;636;42;1405.00;13
3456;42;627716935;3456;298;4092;4103;7.64;0.47;219.59;3.86;636;42;1406.00;11
3459;42;627716943;3459;288;4092;4103;7.63;0.47;219.75;3.86;633;42;1407.00;11
3463;42;627716951;3463;287;4092;4103;7.57;0.46;219.71;3.86;629;42;1408.00;11
3465;42;627716960;3465;286;4092;4103;7.54;0.46;219.68;3.86;627;42;1409.00;11
3466;42;627716970;3466;280;4093;4104;7.50;0.46;219.65;3.86;627;42;1410.00;11
3469;42;627716979;3469;281;4093;4104;7.36;0.45;219.54;3.86;624;42;1411.00;11
3474;42;627716987;3474;282;4098;4110;7.28;0.44;219.43;3.86;624;42;1412.00;12
3476;42;627716997;3476;286;4099;4111;7.30;0.44;219.35;3.86;623;42;1413.00;12
3478;42;627717005;3478;280;4100;4111;7.31;0.44;219.27;3.86;622;42;1414.00;11
3480;42;627717014;3480;278;4100;4111;7.31;0.44;219.19;3.86;620;42;1415.00;11
3481;42;627717023;3481;261;4104;4115;7.39;0.45;219.18;3.85;623;42;1416.00;11
3482;42;627717031;3482;248;4104;4115;7.52;0.46;219.15;3.85;622;42;1417.00;11
3485;42;627717040;3485;233;4104;4115;7.68;0.46;219.09;3.85;619;42;1418.00;11
3485;42;627717048;3485;226;4105;4116;7.91;0.48;219.09;3.85;620;42;1419.00;11
3489;42;627717057;3489;216;4109;4120;8.03;0.49;219.01;3.85;620;42;1420.00;11
3490;42;627717066;3490;207;4109;4120;8.19;0.50;219.03;3.85;619;42;1421.00;11
3492;42;627717075;3492;205;4111;4123;8.41;0.51;218.94;3.85;619;42;1422.00;12
3492;42;627717084;3492;200;4111;4123;8.63;0.52;218.94;3.85;619;42;1423.00;12
3495;42;627717093;3495;195;4112;4123;8.75;0.53;218.88;3.85;617;42;1424.00;11
3497;42;627717102;3497;195;4112;4123;8.83;0.54;218.88;3.85;615;42;1425.00;11
3498;42;627717110;3498;189;4115;4127;8.95;0.54;218.86;3.84;617;42;1426.00;12
3499;42;627717119;3499;185;4115;4127;9.05;0.55;218.82;3.84;616;42;1427.00;12
3499;42;627717128;3499;185;4116;4127;9.09;0.55;218.82;3.84;617;42;1428.00;11
3500;42;627717137;3500;188;4116;4127;9.02;0.55;218.81;3.84;616;42;1429.00;11
3501;42;627717145;3501;187;4117;4128;9.11;0.55;218.82;3.84;616;42;1430.00;11
3501;42;627717154;3501;184;4118;4129;9.17;0.56;218.82;3.84;617;42;1431.00;11
3501;42;627717162;3501;186;4118;4129;9.22;0.56;218.82;3.84;617;42;1432.00;11
3502;42;627717170;3502;179;4120;4130;9.29;0.57;218.83;3.93;618;42;1433.00;10
3504;42;627717178;3504;180;4120;4130;9.37;0.57;218.76;3.93;616;42;1434.00;10
3504;42;627717186;3504;171;4120;4130;9.52;0.58;218.76;3.93;616;42;1435.00;10
3505;42;627717199;3505;162;4120;4130;9.61;0.58;218.75;3.93;615;42;1436.00;10
3505;42;627717207;3505;158;4120;4130;9.75;0.59;218.75;3.93;615;42;1437.00;10
3505;42;627717221;3505;148;4120;4130;9.92;0.60;218.75;3.93;615;42;1438.00;10
3507;42;627717229;3507;144;4120;4130;10.13;0.62;218.73;3.93;613;42;1439.00;10
3509;43;627717240;3509;180;4235;4360;10.01;0.63;218.70;3.82;726;43;1440.00;125
3512;43;627717277;3512;165;4238;4361;10.15;0.63;218.68;3.82;726;43;1441.00;123
3514;43;627717287;3514;141;4247;4361;10.37;0.64;218.67;3.81;733;43;1442.00;114
3514;43;627717302;3514;137;4252;4361;10.57;0.66;218.67;3.81;738;43;1443.00;109
3516;43;627717317;3516;123;4260;4361;10.67;0.66;218.64;3.81;744;43;1444.00;101
3516;43;627717326;3516;116;4263;4361;10.71;0.66;218.64;3.82;747;43;1445.00;98
3518;43;627717336;3518;119;4268;4361;10.77;0.67;218.64;3.82;750;43;1446.00;93
3519;43;627717347;3519;118;4272;4361;10.85;0.67;218.82;3.82;753;43;1447.00;89
3522;43;627717357;3522;123;4276;4362;10.90;0.67;218.84;3.82;754;43;1448.00;86
3524;43;627717367;3524;125;4283;4363;10.96;0.68;218.77;3.83;759;43;1449.00;80
3525;43;627717377;3525;126;4286;4363;11.01;0.68;218.73;3.84;761;43;1450.00;77
3527;43;627717387;3527;133;4290;4364;10.99;0.68;218.73;3.84;763;43;1451.00;74
3529;43;627717398;3529;136;4295;4364;11.05;0.68;218.67;3.85;766;43;1452.00;69
3533;43;627717409;3533;141;4299;4364;11.00;0.68;218.63;3.93;766;43;1453.00;65
3535;43;627717420;3535;146;4300;4364;11.05;0.68;218.55;3.93;765;43;1454.00;64
3535;43;627717431;3535;152;4303;4368;11.04;0.68;218.55;3.93;768;43;1455.00;65
3538;43;627717442;3538;155;4306;4368;11.05;0.68;218.63;3.94;768;43;1456.00;62
3542;43;627717453;3542;165;4306;4368;11.05;0.68;218.71;3.94;764;43;1457.00;62
3546;43;627717465;3546;169;4310;4371;11.05;0.67;218.66;3.95;764;43;1458.00;61
3548;43;627717476;3548;171;4310;4371;11.08;0.68;218.75;3.95;762;43;1459.00;61
3553;43;627717487;3553;173;4310;4371;11.15;0.68;218.84;3.95;757;43;1460.00;61
3554;43;627717498;3554;172;4315;4375;11.17;0.68;218.91;3.95;761;43;1461.00;60
3557;43;627717513;3557;168;4317;4376;11.25;0.69;218.95;3.95;760;43;1462.00;59
3558;43;627717524;3558;161;4318;4376;11.34;0.69;219.00;3.96;760;43;1463.00;58
3564;43;627717535;3564;159;4321;4380;11.34;0.69;219.04;3.96;757;43;1464.00;59
3565;43;627717546;3565;164;4324;4380;11.29;0.69;219.08;3.97;759;43;1465.00;56
3569;43;627717557;3569;159;4325;4380;11.26;0.69;219.14;3.98;756;43;1466.00;55
3571;43;627717567;3571;156;4326;4381;11.28;0.69;219.25;3.98;755;43;1467.00;55
3576;43;627717578;3576;154;4329;4381;11.36;0.69;219.23;4.05;753;43;1468.00;52
3577;43;627717589;3577;147;4332;4387;11.44;0.70;219.30;4.05;755;43;1469.00;55
3580;43;627717602;3580;143;4332;4387;11.48;0.70;219.43;4.05;752;43;1470.00;55
3582;43;627717613;3582;143;4334;4388;11.43;0.70;219.46;4.11;752;43;1471.00;54
3585;43;627717630;3585;138;4334;4388;11.38;0.69;219.46;4.11;749;43;1472.00;54
3585;43;627717641;3585;136;4335;4388;11.33;0.69;219.46;4.12;750;43;1473.00;53
3590;43;627717652;3590;143;4336;4388;11.30;0.69;219.64;4.18;746;43;1474.00;52
3592;43;627717663;3592;145;4336;4388;11.25;0.69;219.62;4.18;744;43;1475.00;52
3595;43;627717674;3595;149;4348;4400;11.27;0.69;219.57;4.22;753;43;1476.00;52
3600;43;627717686;3600;154;4349;4400;11.22;0.68;219.55;4.23;749;43;1477.00;51
3601;43;627717698;3601;153;4349;4400;11.27;0.69;219.53;4.23;748;43;1478.00;51
3605;43;627717708;3605;162;4349;4400;11.23;0.68;219.57;4.23;744;43;1479.00;51
3609;43;627717720;3609;165;4349;4400;11.23;0.68;219.70;4.23;740;43;1480.00;51
3611;43;627717731;3611;172;4351;4400;11.20;0.68;219.63;4.24;740;43;1481.00;49
3612;43;627717742;3612;170;4354;4404;11.17;0.68;219.62;4.24;742;43;1482.00;50
3616;43;627717754;3616;174;4355;4404;11.27;0.69;219.59;4.25;739;43;1483.00;49
3618;43;627717791;3618;176;4358;4408;11.29;0.69;219.54;4.25;740;43;1484.00;50
3619;43;627717810;3619;180;4362;4410;11.25;0.68;219.61;4.25;743;43;1485.00;48
3620;43;627717826;3620;179;4362;4410;11.19;0.68;219.67;4.25;742;43;1486.00;48
3624;43;627717844;3624;182;4363;4410;11.10;0.68;219.76;4.26;739;43;1487.00;47
3625;44;627717860;3625;189;4371;4423;10.96;0.67;219.76;4.26;746;44;1488.00;52
3629;44;627717897;3629;193;4372;4423;10.89;0.66;220.02;4.27;743;44;1489.00;51
3631;44;627717911;3631;199;4376;4423;10.82;0.66;219.98;4.30;745;44;1490.00;47
3635;44;627717924;3635;200;4377;4424;10.73;0.65;220.12;4.30;742;44;1491.00;47
3639;44;627717936;3639;205;4378;4425;10.67;0.65;220.10;4.31;739;44;1492.00;47
3641;44;627717949;3641;207;4380;4425;10.62;0.65;220.16;4.33;739;44;1493.00;45
3645;44;627717961;3645;213;4384;4428;10.58;0.64;220.13;4.35;739;44;1494.00;44
3647;44;627717975;3647;219;4385;4428;10.49;0.64;220.08;4.36;738;44;1495.00;43
3649;44;627717988;3649;222;4387;4428;10.45;0.64;220.03;4.37;738;44;1496.00;41
3652;44;627717998;3652;226;4388;4428;10.36;0.63;219.98;4.38;736;44;1497.00;40
3655;44;627718010;3655;228;4394;4434;10.30;0.63;220.06;4.39;739;44;1498.00;40
3658;45;627718021;3658;235;4397;4434;10.27;0.63;220.10;4.42;739;45;1499.00;37
3661;45;627718057;3661;241;4401;4453;10.10;0.61;220.12;4.43;740;45;1500.00;52
3662;45;627718078;3662;244;4402;4453;10.05;0.61;220.09;4.43;740;45;1501.00;51
3664;45;627718090;3664;246;4408;4457;9.89;0.60;220.03;4.46;744;45;1502.00;49
3666;45;627718101;3666;254;4410;4458;9.74;0.59;220.04;4.46;744;45;1503.00;48
3668;45;627718111;3668;262;4413;4458;9.67;0.59;220.02;4.48;745;45;1504.00;45
3670;45;627718121;3670;269;4416;4459;9.63;0.59;220.00;4.49;746;45;1505.00;43
3671;45;627718131;3671;274;4418;4459;9.53;0.58;220.00;4.50;747;45;1506.00;41
3673;45;627718141;3673;284;4421;4459;9.38;0.57;219.94;4.52;748;45;1507.00;38
3675;45;627718150;3675;285;4424;4459;9.29;0.57;219.91;4.53;749;45;1508.00;35
3679;45;627718160;3679;283;4425;4459;9.20;0.56;219.95;4.53;746;45;1509.00;34
3680;45;627718170;3680;281;4425;4459;9.16;0.56;219.96;4.53;745;45;1510.00;34
3681;45;627718187;3681;283;4426;4459;9.13;0.56;219.96;4.53;745;45;1511.00;33
3684;45;627718197;3684;284;4458;4529;9.05;0.55;219.89;4.50;774;45;1512.00;71
3684;45;627718212;3684;288;4462;4530;9.04;0.55;219.89;4.50;778;45;1513.00;68
3685;45;627718222;3685;286;4472;4530;9.00;0.55;219.85;4.49;787;45;1514.00;58
3686;45;627718240;3686;281;4472;4530;9.03;0.55;219.83;4.49;786;45;1515.00;58
3688;45;627718257;3688;282;4478;4530;9.05;0.55;219.87;4.50;790;45;1516.00;52
3692;45;627718268;3692;278;4478;4530;9.02;0.55;219.78;4.50;786;45;1517.00;52
3696;45;627718278;3696;279;4481;4530;9.08;0.55;219.72;4.50;785;45;1518.00;49
3698;45;627718288;3698;280;4483;4530;8.99;0.55;219.69;4.50;785;45;1519.00;47
3701;45;627718300;3701;276;4487;4531;8.89;0.54;219.70;4.50;786;45;1520.00;44
3705;45;627718311;3705;274;4491;4532;8.80;0.54;219.64;4.51;786;45;1521.00;41
3709;45;627718321;3709;272;4493;4532;8.64;0.53;219.65;4.51;784;45;1522.00;39
3716;45;627718332;3716;274;4497;4536;8.49;0.52;219.76;4.51;781;45;1523.00;39
3721;45;627718343;3721;276;4497;4536;8.41;0.51;219.84;4.51;776;45;1524.00;39
3723;45;627718353;3723;273;4497;4536;8.43;0.52;219.91;4.51;774;45;1525.00;39
3730;45;627718364;3730;266;4497;4536;8.32;0.51;219.94;4.51;767;45;1526.00;39
3734;45;627718374;3734;273;4502;4542;8.23;0.51;220.00;4.51;768;45;1527.00;40
3737;45;627718385;3737;280;4502;4542;8.11;0.50;220.03;4.51;765;45;1528.00;40
3743;45;627718396;3743;279;4502;4542;7.93;0.49;220.20;4.51;759;45;1529.00;40
3747;45;627718408;3747;266;4505;4548;7.84;0.48;220.32;4.51;758;45;1530.00;43
3751;45;627718418;3751;264;4505;4548;7.74;0.47;220.37;4.51;754;45;1531.00;43
3753;45;627718428;3753;264;4505;4548;7.64;0.47;220.48;4.51;752;45;1532.00;43
3760;45;627718437;3760;263;4508;4549;7.51;0.46;220.62;4.52;748;45;1533.00;41
3763;45;627718447;3763;264;4509;4550;7.55;0.46;220.58;4.52;746;45;1534.00;41
3768;45;627718456;3768;253;4509;4550;7.54;0.46;220.59;4.52;741;45;1535.00;41
3773;45;627718467;3773;251;4520;4563;7.49;0.46;220.68;4.51;747;45;1536.00;43
3775;45;627718478;3775;247;4522;4563;7.55;0.46;220.77;4.52;747;45;1537.00;41
3779;45;627718487;3779;240;4522;4563;7.59;0.47;220.78;4.52;743;45;1538.00;41
3782;45;627718497;3782;243;4526;4564;7.66;0.47;220.89;4.54;744;45;1539.00;38
3784;45;627718507;3784;227;4528;4564;7.77;0.48;220.89;4.54;744;45;1540.00;36
3789;45;627718517;3789;219;4531;4568;7.83;0.48;221.04;4.54;742;45;1541.00;37
3793;45;627718527;3793;214;4531;4568;7.85;0.48;221.21;4.54;738;45;1542.00;37
3794;45;627718537;3794;214;4535;4572;7.88;0.48;221.23;4.54;741;45;1543.00;37
3799;45;627718547;3799;213;4535;4572;7.90;0.48;221.27;4.54;736;45;1544.00;37
3804;45;627718557;3804;211;4536;4572;7.96;0.49;221.25;4.55;732;45;1545.00;36
3809;45;627718566;3809;211;4536;4572;7.98;0.49;221.26;4.55;727;45;1546.00;36
3812;45;627718576;3812;209;4536;4572;8.00;0.49;221.22;4.55;724;45;1547.00;36
3816;45;627718586;3816;216;4549;4584;8.07;0.49;221.34;4.55;733;45;1548.00;35
3821;45;627718597;3821;220;4549;4584;8.04;0.49;221.43;4.55;728;45;1549.00;35
3824;45;627718606;3824;220;4549;4584;8.07;0.49;221.48;4.55;725;45;1550.00;35
3826;45;627718616;3826;226;4550;4584;8.06;0.49;221.55;4.56;724;45;1551.00;34
3830;45;627718632;3830;224;4551;4584;8.04;0.49;221.50;4.57;721;45;1552.00;33
3834;45;627718643;3834;229;4552;4584;8.00;0.49;221.56;4.57;718;45;1553.00;32
3837;45;627718653;3837;233;4553;4585;7.94;0.49;221.59;4.57;716;45;1554.00;32
3840;45;627718663;3840;232;4554;4587;7.93;0.48;221.61;4.57;714;45;1555.00;33
3844;45;627718673;3844;232;4559;4593;7.90;0.48;221.73;4.58;715;45;1556.00;34
3847;45;627718684;3847;233;4561;4594;7.85;0.48;221.71;4.58;714;45;1557.00;33
3852;45;627718694;3852;242;4563;4594;7.81;0.48;221.65;4.59;711;45;1558.00;31
3855;45;627718704;3855;246;4563;4594;7.78;0.47;221.61;4.59;708;45;1559.00;31
3858;45;627718715;3858;249;4569;4599;7.71;0.47;221.56;4.60;711;45;1560.00;30
3861;45;627718726;3861;259;4569;4599;7.71;0.47;221.49;4.60;708;45;1561.00;30
3868;45;627718735;3868;262;4570;4599;7.64;0.47;221.34;4.60;702;45;1562.00;29
3870;46;627718745;3870;262;4572;4600;7.62;0.47;221.28;4.61;702;46;1563.00;28
3874;46;627718764;3874;269;4577;4604;7.61;0.46;221.25;4.61;703;46;1564.00;27
3877;46;627718775;3877;273;4578;4604;7.52;0.46;221.18;4.61;701;46;1565.00;26
3879;46;627718785;3879;275;4581;4607;7.47;0.45;221.25;4.61;702;46;1566.00;26
3881;46;627718795;3881;278;4581;4607;7.42;0.45;221.22;4.61;700;46;1567.00;26
3884;46;627718819;3884;283;4581;4607;7.35;0.45;221.14;4.61;697;46;1568.00;26
3885;46;627718828;3885;294;4582;4607;7.30;0.45;221.19;4.61;697;46;1569.00;25
3890;46;627718838;3890;298;4585;4611;7.14;0.44;221.11;4.61;695;46;1570.00;26
3891;46;627718854;3891;306;4587;4611;7.05;0.43;221.18;4.68;696;46;1571.00;24
3893;46;627718863;3893;309;4587;4611;6.97;0.43;221.13;4.68;694;46;1572.00;24
3897;46;627718872;3897;317;4588;4611;6.90;0.42;221.11;4.68;691;46;1573.00;23
3900;46;627718881;3900;322;4590;4612;6.84;0.42;221.21;4.68;690;46;1574.00;22
3902;46;627718892;3902;330;4593;4614;6.79;0.41;221.15;4.68;691;46;1575.00;21
3904;46;627718901;3904;336;4593;4614;6.74;0.41;221.14;4.68;689;46;1576.00;21
3906;46;627718910;3906;327;4594;4615;6.71;0.41;221.14;4.68;688;46;1577.00;21
3909;46;627718918;3909;323;4594;4615;6.67;0.41;221.30;4.68;685;46;1578.00;21
3910;46;627718926;3910;315;4594;4615;6.76;0.41;221.30;4.68;684;46;1579.00;21
3914;46;627718935;3914;312;4594;4615;6.79;0.41;221.48;4.68;680;46;1580.00;21
3917;46;627718944;3917;313;4594;4615;6.83;0.42;221.46;4.68;677;46;1581.00;21
3920;46;627718953;3920;305;4594;4615;6.86;0.42;221.59;4.68;674;46;1582.00;21
3920;46;627718961;3920;300;4594;4615;6.89;0.42;221.59;4.68;674;46;1583.00;21
3921;46;627718970;3921;320;4667;4742;7.21;0.45;221.65;4.61;746;46;1584.00;75
3922;46;627718989;3922;309;4671;4743;7.29;0.45;221.65;4.61;749;46;1585.00;72
3925;46;627718998;3925;288;4681;4743;7.41;0.46;221.73;4.60;756;46;1586.00;62
3925;46;627719008;3925;259;4684;4743;7.60;0.47;221.73;4.60;759;46;1587.00;59
3926;46;627719018;3926;237;4688;4743;7.75;0.48;221.79;4.60;762;46;1588.00;55
3926;46;627719028;3926;217;4692;4743;7.89;0.49;221.79;4.60;766;46;1589.00;51
3929;46;627719045;3929;204;4698;4743;8.07;0.50;221.85;4.67;769;46;1590.00;45
3929;46;627719056;3929;191;4699;4743;8.29;0.51;221.85;4.67;770;46;1591.00;44
3931;46;627719067;3931;185;4704;4744;8.47;0.52;221.81;4.67;773;46;1592.00;40
3933;46;627719078;3933;177;4705;4745;8.60;0.53;221.85;4.67;772;46;1593.00;40
3934;46;627719089;3934;179;4709;4745;8.77;0.54;221.83;4.68;775;46;1594.00;36
3935;47;627719101;3935;169;4710;4746;8.98;0.55;221.89;4.68;775;47;1595.00;36
3936;47;627719122;3936;165;4714;4746;9.19;0.56;221.87;4.69;778;47;1596.00;32
3937;48;627719133;3937;164;4718;4746;9.30;0.57;221.91;4.69;781;48;1597.00;28
3938;48;627719155;3938;161;4718;4746;9.38;0.58;221.90;4.69;780;48;1598.00;28
3940;48;627719171;3940;158;4720;4750;9.54;0.58;221.86;4.69;780;48;1599.00;30
3942;48;627719184;3942;159;4723;4750;9.66;0.59;221.85;4.70;781;48;1600.00;27
3944;48;627719199;3944;154;4724;4750;9.79;0.60;221.80;4.70;780;48;1601.00;26
3944;49;627719210;3944;150;4726;4753;9.95;0.61;221.80;4.69;782;49;1602.00;27
3946;49;627719228;3946;149;4727;4753;10.07;0.61;221.80;4.69;781;49;1603.00;26
3946;49;627719243;3946;146;4727;4753;10.18;0.62;221.80;4.69;781;49;1604.00;26
3952;49;627719261;3952;147;4731;4757;10.29;0.63;221.72;4.69;779;49;1605.00;26
3953;49;627719273;3953;148;4732;4758;10.44;0.63;221.70;4.69;779;49;1606.00;26
3954;49;627719285;3954;147;4732;4758;10.53;0.64;221.68;4.69;778;49;1607.00;26
3956;49;627719296;3956;147;4735;4762;10.66;0.65;221.63;4.69;779;49;1608.00;27
3957;49;627719309;3957;143;4735;4762;10.72;0.65;221.67;4.69;778;49;1609.00;27
3958;49;627719320;3958;139;4735;4762;10.82;0.66;221.64;4.69;777;49;1610.00;27
3961;49;627719330;3961;142;4736;4763;10.90;0.66;221.66;4.69;775;49;1611.00;27
3964;49;627719342;3964;143;4736;4763;11.00;0.67;221.66;4.69;772;49;1612.00;27
3968;49;627719353;3968;144;4740;4769;11.04;0.67;221.80;4.68;772;49;1613.00;29
3970;49;627719371;3970;143;4740;4769;11.15;0.68;221.81;4.68;770;49;1614.00;29
3975;49;627719384;3975;142;4741;4770;11.17;0.68;221.89;4.68;766;49;1615.00;29
3976;49;627719395;3976;142;4741;4770;11.23;0.68;221.88;4.68;765;49;1616.00;29
3979;49;627719407;3979;151;4741;4770;11.33;0.69;221.95;4.68;762;49;1617.00;29
3980;49;627719418;3980;144;4741;4770;11.44;0.69;221.99;4.68;761;49;1618.00;29
3983;50;627719429;3983;147;4741;4770;11.45;0.69;222.02;4.68;758;50;1619.00;29
3986;50;627719453;3986;145;4761;4806;11.41;0.70;222.05;4.66;775;50;1620.00;45
3990;50;627719467;3990;152;4761;4806;11.46;0.70;222.19;4.66;771;50;1621.00;45
3993;50;627719478;3993;152;4763;4806;11.55;0.70;222.24;4.66;770;50;1622.00;43
3996;50;627719490;3996;153;4765;4806;11.58;0.70;222.39;4.66;769;50;1623.00;41
4002;50;627719501;4002;149;4767;4806;11.52;0.70;222.41;4.73;765;50;1624.00;39
4007;50;627719511;4007;148;4767;4806;11.61;0.70;222.53;4.73;760;50;1625.00;39
4010;50;627719528;4010;147;4771;4810;11.62;0.70;222.50;4.73;761;50;1626.00;39
4012;50;627719545;4012;144;4771;4810;11.63;0.71;222.59;4.73;759;50;1627.00;39
4016;50;627719555;4016;144;4774;4814;11.62;0.71;222.62;4.73;758;50;1628.00;40
4018;50;627719566;4018;145;4777;4815;11.58;0.70;222.66;4.73;759;50;1629.00;38
4022;50;627719576;4022;133;4777;4815;11.53;0.70;222.72;4.73;755;50;1630.00;38
4023;50;627719587;4023;133;4778;4815;11.56;0.70;222.82;4.73;755;50;1631.00;37
4024;50;627719597;4024;130;4787;4828;11.44;0.70;222.81;4.72;763;50;1632.00;41
4028;50;627719608;4028;125;4787;4828;11.32;0.69;222.81;4.72;759;50;1633.00;41
4032;50;627719619;4032;122;4787;4828;11.29;0.69;222.78;4.72;755;50;1634.00;41
4036;50;627719629;4036;121;4788;4829;11.32;0.69;222.81;4.72;752;50;1635.00;41
4040;50;627719640;4040;115;4789;4830;11.34;0.69;222.89;4.73;749;50;1636.00;41
4045;50;627719650;4045;112;4789;4830;11.41;0.70;222.89;4.73;744;50;1637.00;41
4046;50;627719662;4046;113;4791;4833;11.53;0.70;222.95;4.72;745;50;1638.00;42
4051;50;627719672;4051;116;4792;4833;11.60;0.71;222.93;4.72;741;50;1639.00;41
4056;50;627719683;4056;120;4793;4833;11.64;0.71;222.87;4.79;737;50;1640.00;40
4057;50;627719694;4057;121;4793;4833;11.76;0.72;222.84;4.79;736;50;1641.00;40
4061;50;627719704;4061;118;4797;4839;11.83;0.72;222.78;4.79;736;50;1642.00;42
4062;50;627719715;4062;116;4798;4839;11.89;0.73;222.80;4.79;736;50;1643.00;41
4063;50;627719726;4063;117;4798;4839;11.89;0.73;222.78;4.79;735;50;1644.00;41
4068;50;627719737;4068;123;4798;4839;11.88;0.72;222.64;4.79;730;50;1645.00;41
4071;50;627719748;4071;127;4801;4843;11.74;0.71;222.69;4.79;730;50;1646.00;42
4075;50;627719759;4075;132;4803;4844;11.74;0.71;222.71;4.79;728;50;1647.00;41
4079;50;627719775;4079;132;4804;4844;11.72;0.71;222.68;4.80;725;50;1648.00;40
4083;50;627719793;4083;133;4806;4845;11.75;0.71;222.74;4.81;723;50;1649.00;39
4085;50;627719812;4085;139;4807;4845;11.81;0.72;222.74;4.87;722;50;1650.00;38
4087;50;627719831;4087;146;4808;4845;11.78;0.71;222.76;4.87;721;50;1651.00;37
4088;50;627719848;4088;147;4808;4845;11.81;0.72;222.72;4.87;720;50;1652.00;37
4090;50;627719864;4090;149;4809;4845;11.79;0.71;222.75;4.87;719;50;1653.00;36
4093;50;627719881;4093;156;4810;4845;11.75;0.71;222.83;4.88;717;50;1654.00;35
4094;50;627719893;4094;159;4810;4845;11.72;0.71;222.82;4.88;716;50;1655.00;35
4096;50;627719904;4096;169;4847;4915;11.50;0.70;222.98;4.85;751;50;1656.00;68
4100;50;627719922;4100;167;4848;4916;11.48;0.70;223.07;4.85;748;50;1657.00;68
4101;50;627719934;4101;168;4856;4916;11.48;0.70;223.07;4.84;755;50;1658.00;60
4105;50;627719946;4105;167;4859;4916;11.46;0.70;223.05;4.84;754;50;1659.00;57
4107;50;627719956;4107;168;4864;4916;11.44;0.70;223.10;4.85;757;50;1660.00;52
4109;50;627719970;4109;174;4869;4916;11.40;0.70;223.15;4.86;760;50;1661.00;47
4111;50;627719981;4111;181;4875;4916;11.37;0.69;223.20;4.87;764;50;1662.00;41
4116;50;627719993;4116;189;4877;4916;11.25;0.69;223.18;4.88;761;50;1663.00;39
4119;50;627720008;4119;188;4880;4917;11.14;0.68;223.22;4.88;761;50;1664.00;37
4121;50;627720025;4121;193;4884;4919;11.01;0.67;223.15;4.90;763;50;1665.00;35
4124;50;627720042;4124;200;4885;4919;10.88;0.66;223.15;4.90;761;50;1666.00;34
4124;50;627720061;4124;200;4888;4923;10.73;0.66;223.15;4.90;764;50;1667.00;35
4129;50;627720073;4129;205;4888;4923;10.59;0.65;223.08;4.90;759;50;1668.00;35
4130;50;627720084;4130;207;4889;4923;10.45;0.64;223.07;4.91;759;50;1669.00;34
4132;50;627720096;4132;214;4890;4923;10.37;0.64;223.08;4.92;758;50;1670.00;33
4136;50;627720108;4136;216;4895;4929;10.38;0.64;223.19;4.93;759;50;1671.00;34
4139;50;627720121;4139;223;4897;4929;10.32;0.63;223.14;4.94;758;50;1672.00;32
4140;50;627720131;4140;230;4898;4929;10.25;0.63;223.12;4.93;758;50;1673.00;31
4141;50;627720149;4141;227;4902;4932;10.16;0.62;223.09;4.94;761;50;1674.00;30
4144;50;627720161;4144;237;4903;4932;9.97;0.61;223.08;4.94;759;50;1675.00;29
4145;50;627720172;4145;242;4904;4932;9.78;0.60;223.06;4.94;759;50;1676.00;28
4149;50;627720183;4149;250;4904;4933;9.58;0.59;222.99;4.94;755;50;1677.00;29
4151;50;627720193;4151;255;4908;4934;9.44;0.58;223.12;4.95;757;50;1678.00;26
4155;50;627720202;4155;256;4908;4934;9.24;0.57;223.05;4.95;753;50;1679.00;26
4157;50;627720214;4157;258;4926;4960;9.03;0.55;223.04;4.94;769;50;1680.00;34
4158;50;627720226;4158;254;4928;4960;8.89;0.55;223.01;4.94;770;50;1681.00;32
4163;50;627720237;4163;254;4930;4960;8.76;0.54;222.93;4.94;767;50;1682.00;30
4168;50;627720247;4168;254;4932;4961;8.64;0.53;222.93;4.94;764;50;1683.00;29
4169;50;627720265;4169;254;4932;4961;8.57;0.53;222.90;4.94;763;50;1684.00;29
4172;50;627720275;4172;261;4935;4965;8.55;0.53;222.85;4.93;763;50;1685.00;30
4175;50;627720285;4175;266;4936;4965;8.52;0.52;222.85;4.93;761;50;1686.00;29
4179;50;627720302;4179;270;4940;4969;8.45;0.52;222.85;4.93;761;50;1687.00;29
4180;50;627720312;4180;275;4941;4969;8.39;0.51;222.89;4.94;761;50;1688.00;28
4183;50;627720322;4183;281;4942;4969;8.32;0.51;222.87;4.94;759;50;1689.00;27
4184;50;627720332;4184;281;4942;4969;8.20;0.50;222.84;4.94;758;50;1690.00;27
4184;50;627720341;4184;284;4943;4969;8.12;0.50;222.84;4.94;759;50;1691.00;26
4187;50;627720350;4187;289;4954;4981;8.03;0.49;222.86;4.93;767;50;1692.00;27
4191;50;627720360;4191;294;4955;4981;7.89;0.49;222.89;4.93;764;50;1693.00;26
4197;50;627720369;4197;297;4957;4981;7.67;0.47;222.88;4.93;760;50;1694.00;24
4199;50;627720378;4199;298;4957;4981;7.60;0.47;222.83;4.93;758;50;1695.00;24
4205;50;627720389;4205;297;4957;4981;7.39;0.45;222.87;4.93;752;50;1696.00;24
4211;50;627720397;4211;303;4957;4981;7.20;0.44;222.96;4.93;746;50;1697.00;24
4213;50;627720406;4213;304;4958;4982;7.02;0.43;222.93;4.93;745;50;1698.00;24
4216;50;627720419;4216;308;4958;4982;6.84;0.42;222.99;4.93;742;50;1699.00;24
4219;50;627720431;4219;300;4963;4988;6.80;0.42;222.97;4.93;744;50;1700.00;25
4222;50;627720444;4222;305;4964;4989;6.74;0.42;223.07;4.93;742;50;1701.00;25
4225;50;627720454;4225;298;4965;4989;6.68;0.41;223.20;4.93;740;50;1702.00;24
4226;50;627720463;4226;297;4965;4989;6.65;0.41;223.26;4.93;739;50;1703.00;24
4228;50;627720472;4228;286;4969;4993;6.64;0.41;223.32;4.92;741;50;1704.00;24
4232;50;627720481;4232;291;4969;4993;6.66;0.41;223.26;4.92;737;50;1705.00;24
4235;50;627720528;4235;286;4969;4993;6.66;0.41;223.35;4.92;734;50;1706.00;24
4238;50;627720539;4238;288;4970;4994;6.74;0.41;223.35;4.92;732;50;1707.00;24
4242;50;627720550;4242;280;4974;4998;6.77;0.42;223.30;4.92;732;50;1708.00;24
4245;50;627720562;4245;274;4974;4998;6.86;0.42;223.31;4.92;729;50;1709.00;24
4249;50;627720575;4249;271;4977;5004;6.97;0.43;223.30;4.91;728;50;1710.00;27
4253;50;627720587;4253;276;4978;5004;7.06;0.43;223.33;4.91;725;50;1711.00;26
4257;50;627720599;4257;271;4979;5004;7.09;0.43;223.24;4.91;722;50;1712.00;25
4261;50;627720610;4261;267;4979;5004;7.09;0.43;223.38;4.91;718;50;1713.00;25
4266;50;627720621;4266;265;4982;5008;7.08;0.43;223.37;4.91;716;50;1714.00;26
4268;50;627720633;4268;266;4982;5008;7.07;0.43;223.37;4.91;714;50;1715.00;26
4272;50;627720644;4272;272;4983;5008;7.04;0.43;223.30;4.91;711;50;1716.00;25
4274;50;627720654;4274;277;4984;5008;7.00;0.43;223.37;4.91;710;50;1717.00;24
4278;50;627720663;4278;282;4985;5009;6.83;0.42;223.36;4.91;707;50;1718.00;24
4281;50;627720673;4281;289;4986;5010;6.77;0.41;223.29;4.91;705;50;1719.00;24
4284;50;627720682;4284;288;4986;5010;6.66;0.41;223.34;4.91;702;50;1720.00;24
4286;50;627720692;4286;289;4987;5011;6.61;0.40;223.35;4.91;701;50;1721.00;24
4288;50;627720701;4288;289;4987;5011;6.54;0.40;223.35;4.91;699;50;1722.00;24
4291;50;627720710;4291;292;4987;5011;6.58;0.40;223.33;4.91;696;50;1723.00;24
4296;50;627720720;4296;288;4987;5011;6.61;0.40;223.39;4.91;691;50;1724.00;24
4299;50;627720729;4299;282;4987;5011;6.65;0.41;223.40;4.91;688;50;1725.00;24
4300;50;627720739;4300;270;4987;5011;6.76;0.41;223.42;4.91;687;50;1726.00;24
4303;50;627720748;4303;264;4987;5011;6.75;0.41;223.38;4.91;684;50;1727.00;24
4308;50;627720757;4308;277;5058;5138;7.22;0.45;223.28;4.84;750;50;1728.00;80
4311;50;627720780;4311;266;5061;5139;7.30;0.45;223.33;4.84;750;50;1729.00;78
4312;50;627720790;4312;268;5073;5139;7.48;0.46;223.35;4.83;761;50;1730.00;66
4317;50;627720801;4317;269;5076;5139;7.52;0.47;223.27;4.83;759;50;1731.00;63
4321;50;627720812;4321;275;5082;5139;7.53;0.47;223.28;4.89;761;50;1732.00;57
4323;50;627720824;4323;280;5086;5139;7.61;0.47;223.31;4.89;763;50;1733.00;53
4325;50;627720834;4325;280;5093;5139;7.70;0.48;223.35;4.89;768;50;1734.00;46
4330;50;627720845;4330;279;5094;5139;7.69;0.48;223.34;4.89;764;50;1735.00;45
4334;50;627720861;4334;280;5098;5140;7.71;0.47;223.33;4.89;764;50;1736.00;42
4335;50;627720873;4335;280;5101;5141;7.73;0.48;223.33;4.89;766;50;1737.00;40
4337;50;627720884;4337;288;5105;5141;7.71;0.47;223.33;4.90;768;50;1738.00;36
4340;50;627720895;4340;282;5108;5142;7.69;0.47;223.32;4.90;768;50;1739.00;34
4343;50;627720909;4343;280;5110;5142;7.72;0.47;223.32;4.90;767;50;1740.00;32
4344;50;627720921;4344;282;5110;5142;7.77;0.48;223.30;4.90;766;50;1741.00;32
4346;50;627720932;4346;280;5112;5142;7.84;0.48;223.37;4.90;766;50;1742.00;30
4350;50;627720944;4350;280;5115;5146;7.85;0.48;223.35;4.90;765;50;1743.00;31
4353;50;627720956;4353;279;5117;5146;7.94;0.49;223.34;4.91;764;50;1744.00;29
4357;50;627720969;4357;278;5118;5146;7.98;0.49;223.38;4.91;761;50;1745.00;28
4360;50;627720985;4360;274;5121;5149;7.97;0.49;223.41;4.91;761;50;1746.00;28
4362;50;627721001;4362;267;5122;5149;8.12;0.50;223.61;4.91;760;50;1747.00;27
4364;50;627721012;4364;257;5123;5149;8.19;0.50;223.78;4.91;759;50;1748.00;26
4366;50;627721023;4366;246;5127;5153;8.31;0.51;223.80;4.91;761;50;1749.00;26
4367;50;627721035;4367;243;5129;5154;8.46;0.52;223.84;4.91;762;50;1750.00;25
4368;50;627721052;4368;237;5129;5154;8.55;0.52;223.90;4.91;761;50;1751.00;25
4369;50;627721063;4369;236;5133;5158;8.70;0.53;223.85;4.90;764;50;1752.00;25
4372;50;627721074;4372;231;5133;5158;8.84;0.54;223.83;4.90;761;50;1753.00;25
4374;50;627721085;4374;230;5133;5158;9.00;0.55;223.89;4.90;759;50;1754.00;25
4376;50;627721097;4376;226;5135;5160;9.11;0.55;223.82;4.90;759;50;1755.00;25
4379;50;627721113;4379;207;5135;5160;9.25;0.56;223.84;4.90;756;50;1756.00;25
4380;50;627721124;4380;190;5139;5166;9.33;0.57;223.83;4.90;759;50;1757.00;27
4384;50;627721137;4384;174;5139;5166;9.41;0.57;223.73;4.90;755;50;1758.00;27
4387;50;627721149;4387;158;5141;5167;9.55;0.58;223.77;4.90;754;50;1759.00;26
4390;50;627721161;4390;149;5141;5167;9.76;0.59;223.76;4.90;751;50;1760.00;26
4393;50;627721173;4393;141;5141;5167;9.93;0.60;223.67;4.90;748;50;1761.00;26
4393;50;627721186;4393;135;5141;5167;10.15;0.61;223.67;4.90;748;50;1762.00;26
4396;50;627721197;4396;133;5141;5167;10.37;0.63;223.72;4.90;745;50;1763.00;26
4396;50;627721209;4396;131;5150;5179;10.56;0.64;223.72;4.89;754;50;1764.00;29
4399;50;627721229;4399;132;5151;5179;10.72;0.65;223.75;4.89;752;50;1765.00;28
4402;50;627721247;4402;136;5152;5179;10.90;0.66;223.79;4.89;750;50;1766.00;27
4405;50;627721260;4405;131;5152;5179;11.07;0.67;223.78;4.89;747;50;1767.00;27
4407;50;627721279;4407;135;5152;5179;11.16;0.68;223.84;4.89;745;50;1768.00;27
4408;50;627721291;4408;129;5152;5179;11.28;0.68;223.91;4.89;744;50;1769.00;27
4411;50;627721304;4411;130;5155;5183;11.28;0.68;223.96;4.88;744;50;1770.00;28
4413;50;627721322;4413;126;5155;5183;11.41;0.69;224.03;4.88;742;50;1771.00;28
4416;50;627721333;4416;125;5158;5187;11.50;0.70;224.20;4.88;742;50;1772.00;29
4419;51;627721346;4419;126;5160;5188;11.59;0.70;224.32;4.88;741;51;1773.00;28
4423;52;627721364;4423;120;5160;5188;11.67;0.71;224.45;4.88;737;52;1774.00;28
4425;53;627721396;4425;116;5160;5188;11.75;0.71;224.47;4.88;735;53;1775.00;28
4429;53;627721420;4429;119;5171;5201;11.85;0.72;224.51;4.87;742;53;1776.00;30
4430;53;627721432;4430;117;5171;5201;11.96;0.73;224.57;4.87;741;53;1777.00;30
4434;53;627721444;4434;115;5171;5201;12.02;0.73;224.61;4.87;737;53;1778.00;30
4437;53;627721462;4437;114;5172;5202;12.11;0.74;224.65;4.87;735;53;1779.00;30
4439;54;627721473;4439;118;5173;5203;12.13;0.74;224.67;4.93;734;54;1780.00;30
4442;54;627721495;4442;113;5173;5203;12.14;0.74;224.77;4.93;731;54;1781.00;30
4445;54;627721507;4445;109;5175;5206;12.16;0.74;224.82;4.93;730;54;1782.00;31
4446;54;627721519;4446;106;5175;5206;12.22;0.74;224.82;4.93;729;54;1783.00;31
4450;54;627721530;4450;105;5176;5206;12.25;0.74;224.88;4.93;726;54;1784.00;30
4453;54;627721541;4453;105;5176;5206;12.27;0.75;224.95;4.93;723;54;1785.00;30
4455;54;627721552;4455;108;5180;5212;12.34;0.75;224.91;4.93;725;54;1786.00;32
4459;54;627721564;4459;109;5181;5212;12.35;0.75;224.99;4.93;722;54;1787.00;31
4463;54;627721575;4463;112;5181;5212;12.40;0.75;224.98;4.93;718;54;1788.00;31
4467;54;627721586;4467;109;5181;5212;12.33;0.75;224.98;4.93;714;54;1789.00;31
4472;54;627721597;4472;111;5184;5216;12.24;0.74;225.09;4.92;712;54;1790.00;32
4474;54;627721608;4474;112;5185;5217;12.24;0.74;225.07;4.92;711;54;1791.00;32
4479;54;627721619;4479;113;5185;5217;12.21;0.74;225.21;4.92;706;54;1792.00;32
4481;54;627721630;4481;112;5186;5218;12.27;0.75;225.25;4.92;705;54;1793.00;32
4486;54;627721642;4486;110;5186;5218;12.31;0.75;225.28;4.92;700;54;1794.00;32
4490;54;627721653;4490;116;5186;5218;12.34;0.75;225.37;4.92;696;54;1795.00;32
4494;54;627721663;4494;113;5187;5218;12.25;0.74;225.47;4.99;693;54;1796.00;31
4495;54;627721675;4495;115;5187;5218;12.29;0.75;225.49;4.99;692;54;1797.00;31
4500;54;627721685;4500;115;5187;5218;12.33;0.75;225.58;4.99;687;54;1798.00;31
4502;54;627721696;4502;112;5187;5218;12.35;0.75;225.55;4.99;685;54;1799.00;31
4505;54;627721710;4505;131;5250;5356;12.03;0.74;225.65;4.93;745;54;1800.00;106
4506;54;627721736;4506;118;5251;5357;12.07;0.74;225.67;4.93;745;54;1801.00;106
4508;54;627721748;4508;109;5260;5357;12.08;0.74;225.69;4.92;752;54;1802.00;97
4513;54;627721759;4513;102;5263;5357;12.05;0.74;225.75;4.92;750;54;1803.00;94
4517;54;627721775;4517;95;5267;5357;12.08;0.74;225.74;4.92;750;54;1804.00;90
4521;55;627721795;4521;95;5275;5357;12.11;0.74;225.70;4.94;754;55;1805.00;82
4525;55;627721826;4525;97;5280;5357;12.25;0.75;225.68;4.94;755;55;1806.00;77
4532;55;627721852;4532;98;5281;5357;12.36;0.76;225.91;4.94;749;55;1807.00;76
4534;55;627721871;4534;103;5286;5358;12.43;0.76;225.86;5.01;752;55;1808.00;72
4537;55;627721886;4537;98;5287;5359;12.51;0.77;225.82;5.01;750;55;1809.00;72
4541;56;627721899;4541;99;5290;5359;12.51;0.77;225.84;5.08;749;56;1810.00;69
4545;56;627721925;4545;102;5295;5363;12.48;0.77;225.93;5.08;750;56;1811.00;68
4547;56;627721949;4547;96;5297;5363;12.45;0.76;225.87;5.08;750;56;1812.00;66
4552;56;627721962;4552;98;5298;5363;12.39;0.76;226.08;5.15;746;56;1813.00;65
4556;56;627721977;4556;101;5301;5363;12.32;0.76;226.13;5.16;745;56;1814.00;62
4559;56;627721988;4559;104;5303;5369;12.26;0.75;226.14;5.15;744;56;1815.00;66
4563;56;627722002;4563;109;5304;5369;12.18;0.74;226.10;5.22;741;56;1816.00;65
4566;56;627722015;4566;108;5305;5369;12.10;0.74;226.08;5.23;739;56;1817.00;64
4567;56;627722041;4567;116;5308;5372;12.09;0.74;226.04;5.23;741;56;1818.00;64
4572;56;627722053;4572;112;5308;5372;12.04;0.73;226.12;5.23;736;56;1819.00;64
4574;56;627722065;4574;116;5311;5372;11.95;0.73;226.13;5.30;737;56;1820.00;61
4578;56;627722076;4578;121;5312;5373;11.91;0.73;226.09;5.30;734;56;1821.00;61
4581;56;627722089;4581;119;5315;5374;11.87;0.72;226.10;5.38;734;56;1822.00;59
4583;56;627722102;4583;124;5315;5374;11.83;0.72;226.11;5.38;732;56;1823.00;59
4585;56;627722113;4585;132;5324;5387;11.78;0.72;226.12;5.44;739;56;1824.00;63
4589;56;627722126;4589;137;5326;5387;11.78;0.72;226.18;5.45;737;56;1825.00;61
4593;56;627722139;4593;139;5327;5387;11.63;0.71;226.08;5.45;734;56;1826.00;60
4595;56;627722158;4595;143;5329;5388;11.49;0.70;226.09;5.45;734;56;1827.00;59
4597;56;627722170;4597;148;5330;5388;11.40;0.70;226.06;5.46;733;56;1828.00;58
4601;56;627722182;4601;149;5332;5392;11.27;0.69;226.21;5.46;731;56;1829.00;60
4601;56;627722196;4601;161;5335;5392;11.16;0.68;226.21;5.48;734;56;1830.00;57
4606;56;627722207;4606;172;5340;5396;11.01;0.67;226.26;5.48;734;56;1831.00;56
4607;56;627722220;4607;175;5342;5396;11.00;0.67;226.30;5.49;735;56;1832.00;54
4611;56;627722231;4611;176;5344;5396;10.99;0.67;226.42;5.50;733;56;1833.00;52
4616;56;627722243;4616;188;5344;5396;10.96;0.67;226.55;5.50;728;56;1834.00;52
4618;56;627722254;4618;193;5347;5396;10.89;0.67;226.67;5.51;729;56;1835.00;49
4620;56;627722265;4620;198;5358;5408;10.76;0.66;226.73;5.51;738;56;1836.00;50
4623;56;627722277;4623;200;5360;5408;10.66;0.65;226.72;5.51;737;56;1837.00;48
4627;56;627722288;4627;201;5362;5408;10.58;0.65;226.75;5.52;735;56;1838.00;46
4628;56;627722300;4628;213;5364;5408;10.49;0.64;226.81;5.54;736;56;1839.00;44
4631;56;627722311;4631;217;5365;5408;10.37;0.63;226.86;5.54;734;56;1840.00;43
4633;56;627722322;4633;226;5366;5408;10.29;0.63;226.89;5.54;733;56;1841.00;42
4634;56;627722331;4634;231;5367;5409;10.18;0.62;226.88;5.55;733;56;1842.00;42
4639;56;627722342;4639;236;5368;5409;10.03;0.61;226.85;5.56;729;56;1843.00;41
4639;56;627722352;4639;240;5374;5415;9.95;0.61;226.85;5.57;735;56;1844.00;41
4644;56;627722363;4644;249;5376;5417;9.78;0.60;226.89;5.56;732;56;1845.00;41
4647;56;627722373;4647;259;5378;5417;9.60;0.59;226.84;5.57;731;56;1846.00;39
4649;56;627722383;4649;267;5379;5417;9.42;0.58;226.79;5.58;730;56;1847.00;38
4652;56;627722393;4652;275;5382;5421;9.33;0.57;226.82;5.57;730;56;1848.00;39
4654;56;627722403;4654;276;5382;5421;9.23;0.56;226.84;5.57;728;56;1849.00;39
4656;56;627722412;4656;273;5384;5421;9.02;0.55;226.84;5.58;728;56;1850.00;37
4659;56;627722421;4659;277;5386;5422;8.91;0.54;226.85;5.59;727;56;1851.00;36
4659;56;627722431;4659;280;5392;5426;8.77;0.54;226.85;5.60;733;56;1852.00;34
4662;56;627722441;4662;278;5392;5426;8.68;0.53;226.82;5.60;730;56;1853.00;34
4663;56;627722451;4663;272;5396;5429;8.57;0.52;226.88;5.60;733;56;1854.00;33
4668;56;627722460;4668;268;5396;5429;8.47;0.52;226.97;5.60;728;56;1855.00;33
4672;56;627722471;4672;271;5397;5429;8.34;0.51;227.01;5.60;725;56;1856.00;32
4673;56;627722480;4673;267;5398;5429;8.35;0.51;226.99;5.60;725;56;1857.00;31
4678;56;627722489;4678;263;5401;5433;8.39;0.51;227.12;5.59;723;56;1858.00;32
4679;56;627722499;4679;263;5402;5433;8.43;0.52;227.21;5.59;723;56;1859.00;31
4682;56;627722510;4682;264;5403;5433;8.42;0.52;227.13;5.59;721;56;1860.00;30
4686;56;627722519;4686;267;5403;5433;8.33;0.51;227.04;5.59;717;56;1861.00;30
4689;56;627722528;4689;270;5404;5434;8.19;0.50;227.00;5.59;715;56;1862.00;30
4695;56;627722537;4695;276;5405;5435;8.02;0.49;226.93;5.59;710;56;1863.00;30
4697;56;627722547;4697;280;5405;5435;7.89;0.49;226.89;5.59;708;56;1864.00;30
4700;56;627722556;4700;287;5406;5436;7.71;0.47;226.91;5.59;706;56;1865.00;30
4703;56;627722565;4703;292;5406;5436;7.51;0.46;226.90;5.59;703;56;1866.00;30
4707;56;627722573;4707;300;5406;5436;7.26;0.45;226.84;5.59;699;56;1867.00;30
4708;56;627722580;4708;306;5406;5436;7.04;0.44;226.81;5.59;698;56;1868.00;30
4713;56;627722589;4713;312;5406;5436;6.71;0.42;226.76;5.59;693;56;1869.00;30
4714;56;627722597;4714;303;5406;5436;6.51;0.40;226.80;5.59;692;56;1870.00;30
4716;56;627722605;4716;315;5406;5436;6.37;0.40;226.89;5.59;690;56;1871.00;30
4719;56;627722613;4719;333;5477;5563;6.60;0.42;226.89;5.52;758;56;1872.00;86
4722;56;627722631;4722;328;5480;5564;6.52;0.41;226.96;5.52;758;56;1873.00;84
4724;56;627722640;4724;324;5489;5564;6.59;0.42;226.96;5.51;765;56;1874.00;75
4728;56;627722648;4728;326;5496;5564;6.55;0.41;226.99;5.51;768;56;1875.00;68
4732;56;627722656;4732;332;5504;5564;6.44;0.41;226.98;5.51;772;56;1876.00;60
4733;56;627722671;4733;326;5509;5564;6.44;0.41;226.97;5.50;776;56;1877.00;55
4737;56;627722679;4737;323;5515;5564;6.38;0.40;227.00;5.51;778;56;1878.00;49
4742;56;627722688;4742;323;5519;5564;6.35;0.40;227.04;5.51;777;56;1879.00;45
4744;56;627722697;4744;321;5520;5565;6.36;0.40;227.00;5.51;776;56;1880.00;45
4748;56;627722706;4748;325;5523;5566;6.35;0.39;227.03;5.51;775;56;1881.00;43
4752;56;627722715;4752;327;5524;5568;6.38;0.40;227.05;5.51;772;56;1882.00;44
4754;56;627722725;4754;334;5527;5569;6.43;0.40;227.14;5.51;773;56;1883.00;42
4756;56;627722735;4756;337;5529;5569;6.51;0.40;227.20;5.51;773;56;1884.00;40
4760;56;627722744;4760;334;5529;5569;6.55;0.40;227.13;5.51;769;56;1885.00;40
4764;56;627722754;4764;342;5531;5569;6.54;0.40;227.13;5.51;767;56;1886.00;38
4767;56;627722763;4767;339;5534;5573;6.57;0.40;227.19;5.51;767;56;1887.00;39
4768;56;627722774;4768;335;5536;5573;6.60;0.41;227.23;5.52;768;56;1888.00;37
4768;56;627722784;4768;338;5537;5573;6.65;0.41;227.23;5.52;769;56;1889.00;36
4770;56;627722794;4770;334;5541;5579;6.72;0.41;227.30;5.52;771;56;1890.00;38
4773;56;627722804;4773;318;5543;5579;6.80;0.42;227.26;5.52;770;56;1891.00;36
4775;56;627722815;4775;303;5543;5579;6.93;0.43;227.25;5.52;768;56;1892.00;36
4779;56;627722826;4779;302;5549;5583;7.05;0.43;227.23;5.51;770;56;1893.00;34
4782;56;627722837;4782;291;5551;5584;7.19;0.44;227.14;5.51;769;56;1894.00;33
4785;56;627722848;4785;282;5552;5584;7.25;0.44;227.18;5.51;767;56;1895.00;32
4788;56;627722858;4788;279;5556;5588;7.33;0.45;227.23;5.51;768;56;1896.00;32
4792;56;627722870;4792;278;5556;5588;7.42;0.45;227.26;5.51;764;56;1897.00;32
4795;56;627722881;4795;273;5556;5588;7.47;0.46;227.21;5.51;761;56;1898.00;32
4797;56;627722892;4797;271;5557;5589;7.54;0.46;227.23;5.51;760;56;1899.00;32
4803;56;627722902;4803;270;5557;5589;7.59;0.46;227.18;5.51;754;56;1900.00;32
4805;56;627722923;4805;268;5562;5595;7.61;0.46;227.18;5.50;757;56;1901.00;33
4807;56;627722933;4807;272;5562;5595;7.72;0.47;227.19;5.50;755;56;1902.00;33
4811;56;627722944;4811;268;5564;5596;7.81;0.47;227.19;5.50;753;56;1903.00;32
4813;56;627722955;4813;269;5564;5596;7.91;0.48;227.15;5.50;751;56;1904.00;32
4817;56;627722965;4817;265;5564;5596;7.99;0.48;227.20;5.50;747;56;1905.00;32
4821;56;627722976;4821;267;5564;5596;8.05;0.49;227.25;5.50;743;56;1906.00;32
4823;56;627722986;4823;267;5564;5596;8.14;0.49;227.23;5.50;741;56;1907.00;32
4824;56;627722996;4824;271;5573;5608;8.31;0.50;227.28;5.49;749;56;1908.00;35
4827;56;627723008;4827;269;5574;5608;8.30;0.50;227.29;5.49;747;56;1909.00;34
4828;56;627723019;4828;270;5575;5608;8.38;0.51;227.33;5.49;747;56;1910.00;33
4832;56;627723030;4832;265;5575;5608;8.38;0.51;227.34;5.49;743;56;1911.00;33
4836;56;627723040;4836;265;5575;5608;8.39;0.51;227.42;5.49;739;56;1912.00;33
4838;56;627723051;4838;260;5575;5608;8.42;0.51;227.49;5.49;737;56;1913.00;33
4842;56;627723062;4842;263;5578;5612;8.51;0.52;227.50;5.49;736;56;1914.00;34
4845;56;627723072;4845;263;5578;5612;8.52;0.52;227.51;5.49;733;56;1915.00;34
4849;56;627723083;4849;268;5582;5616;8.52;0.52;227.58;5.57;733;56;1916.00;34
4851;56;627723095;4851;256;5583;5617;8.57;0.52;227.58;5.57;732;56;1917.00;34
4854;56;627723106;4854;246;5584;5617;8.59;0.52;227.59;5.57;730;56;1918.00;33
4855;56;627723117;4855;239;5584;5617;8.65;0.52;227.66;5.57;729;56;1919.00;33
4859;56;627723129;4859;246;5606;5646;8.81;0.53;227.71;5.55;747;56;1920.00;40
4860;56;627723142;4860;244;5607;5646;8.90;0.54;227.82;5.55;747;56;1921.00;39
4863;56;627723153;4863;236;5608;5646;9.02;0.55;227.90;5.55;745;56;1922.00;38
4865;56;627723165;4865;226;5610;5647;9.17;0.56;227.92;5.55;745;56;1923.00;37
4869;56;627723176;4869;226;5610;5648;9.20;0.56;228.02;5.55;741;56;1924.00;38
4873;56;627723187;4873;218;5610;5648;9.23;0.56;228.04;5.55;737;56;1925.00;38
4876;56;627723198;4876;202;5613;5651;9.38;0.57;228.00;5.54;737;56;1926.00;38
4880;56;627723210;4880;186;5613;5651;9.47;0.57;228.02;5.54;733;56;1927.00;38
4884;56;627723221;4884;175;5613;5651;9.55;0.58;228.07;5.54;729;56;1928.00;38
4886;56;627723233;4886;165;5613;5651;9.64;0.58;228.09;5.54;727;56;1929.00;38
4887;56;627723244;4887;159;5617;5657;9.77;0.59;228.14;5.54;730;56;1930.00;40
4890;56;627723257;4890;146;5617;5657;9.88;0.60;228.17;5.54;727;56;1931.00;40
4894;56;627723269;4894;145;5619;5657;10.01;0.61;228.21;5.63;725;56;1932.00;38
4896;56;627723281;4896;141;5619;5657;10.16;0.61;228.25;5.63;723;56;1933.00;38
4901;56;627723293;4901;133;5622;5661;10.29;0.62;228.29;5.62;721;56;1934.00;39
4901;56;627723305;4901;127;5624;5663;10.40;0.63;228.29;5.62;723;56;1935.00;39
4904;56;627723318;4904;122;5624;5663;10.49;0.63;228.38;5.62;720;56;1936.00;39
4908;56;627723330;4908;120;5625;5664;10.60;0.64;228.35;5.62;717;56;1937.00;39
4910;56;627723342;4910;121;5625;5664;10.74;0.65;228.41;5.62;715;56;1938.00;39
4913;56;627723353;4913;113;5625;5664;10.79;0.65;228.39;5.62;712;56;1939.00;39
4914;56;627723365;4914;112;5625;5664;10.91;0.66;228.47;5.62;711;56;1940.00;39
4917;56;627723376;4917;107;5625;5664;11.00;0.67;228.52;5.62;708;56;1941.00;39
4918;56;627723389;4918;110;5625;5664;11.15;0.68;228.55;5.62;707;56;1942.00;39
4919;56;627723400;4919;107;5625;5664;11.31;0.69;228.58;5.62;706;56;1943.00;39
4922;56;627723412;4922;123;5667;5734;11.03;0.67;228.62;5.58;745;56;1944.00;67
4927;56;627723429;4927;114;5667;5735;11.13;0.68;228.62;5.58;740;56;1945.00;68
4929;56;627723441;4929;108;5674;5735;11.37;0.69;228.72;5.57;745;56;1946.00;61
4933;56;627723452;4933;108;5674;5735;11.52;0.70;228.75;5.57;741;56;1947.00;61
4933;56;627723469;4933;112;5679;5735;11.73;0.71;228.75;5.57;746;56;1948.00;56
4938;56;627723481;4938;117;5680;5735;11.73;0.71;228.80;5.57;742;56;1949.00;55
4940;56;627723495;4940;119;5685;5737;11.78;0.72;228.85;5.66;745;56;1950.00;52
4942;56;627723507;4942;128;5686;5737;11.86;0.72;228.85;5.66;744;56;1951.00;51
4944;56;627723524;4944;135;5689;5738;11.90;0.72;228.93;5.66;745;56;1952.00;49
4948;56;627723537;4948;135;5691;5739;11.93;0.73;229.01;5.66;743;56;1953.00;48
4950;56;627723550;4950;137;5694;5739;11.99;0.73;229.04;5.66;744;56;1954.00;45
4954;56;627723562;4954;137;5698;5743;12.00;0.73;229.11;5.66;744;56;1955.00;45
4957;56;627723573;4957;142;5699;5743;12.03;0.73;229.15;5.66;742;56;1956.00;44
4957;56;627723584;4957;137;5699;5743;12.03;0.73;229.15;5.66;742;56;1957.00;44
4959;56;627723596;4959;134;5699;5743;12.01;0.73;229.20;5.66;740;56;1958.00;44
4962;56;627723606;4962;135;5704;5749;11.94;0.73;229.24;5.66;742;56;1959.00;45
4964;56;627723618;4964;142;5704;5749;11.91;0.73;229.26;5.66;740;56;1960.00;45
4968;56;627723629;4968;145;5704;5749;11.96;0.73;229.32;5.66;736;56;1961.00;45
4971;56;627723639;4971;144;5707;5752;11.93;0.73;229.36;5.65;736;56;1962.00;45
4971;56;627723651;4971;149;5707;5752;11.96;0.73;229.36;5.65;736;56;1963.00;45
4976;56;627723662;4976;149;5707;5752;11.93;0.73;229.41;5.65;731;56;1964.00;45
4979;56;627723679;4979;150;5707;5753;11.98;0.73;229.44;5.65;728;56;1965.00;46
4983;56;627723690;4983;153;5708;5754;12.02;0.73;229.42;5.65;725;56;1966.00;46
4987;56;627723700;4987;155;5708;5754;11.97;0.73;229.44;5.65;721;56;1967.00;46
4992;56;627723711;4992;157;5716;5767;11.94;0.73;229.44;5.65;724;56;1968.00;51
4995;56;627723722;4995;162;5716;5767;11.98;0.73;229.46;5.65;721;56;1969.00;51
4998;56;627723733;4998;159;5717;5767;12.00;0.73;229.45;5.65;719;56;1970.00;50
5004;56;627723743;5004;157;5718;5768;12.03;0.73;229.41;5.64;714;56;1971.00;50
5008;56;627723754;5008;149;5718;5768;12.08;0.73;229.38;5.64;710;56;1972.00;50
5012;56;627723764;5012;147;5721;5772;12.12;0.74;229.39;5.64;709;56;1973.00;51
5015;56;627723780;5015;141;5723;5772;12.08;0.73;229.44;5.65;708;56;1974.00;49
5024;56;627723796;5024;141;5726;5776;12.06;0.73;229.64;5.65;702;56;1975.00;50
5029;56;627723814;5029;139;5727;5776;12.07;0.73;229.74;5.66;698;56;1976.00;49
5031;56;627723834;5031;134;5727;5776;12.16;0.74;229.77;5.66;696;56;1977.00;49
5034;56;627723851;5034;133;5727;5776;12.25;0.74;229.79;5.66;693;56;1978.00;49
5037;56;627723866;5037;128;5727;5776;12.30;0.75;229.75;5.66;690;56;1979.00;49
5038;56;627723884;5038;127;5747;5810;12.26;0.75;229.74;5.64;709;56;1980.00;63
5040;56;627723899;5040;123;5748;5810;12.34;0.75;229.79;5.64;708;56;1981.00;62
5044;56;627723911;5044;126;5749;5810;12.32;0.75;229.78;5.64;705;56;1982.00;61
5044;56;627723922;5044;128;5749;5810;12.26;0.75;229.78;5.64;705;56;1983.00;61
5044;56;627723933;5044;130;5750;5810;12.14;0.74;229.78;5.64;706;56;1984.00;60
5047;56;627723943;5047;129;5750;5810;12.11;0.74;229.88;5.64;703;56;1985.00;60
5053;56;627723961;5053;130;5751;5811;12.04;0.73;229.87;5.64;698;56;1986.00;60
5056;56;627723973;5056;128;5752;5811;12.04;0.73;229.83;5.64;696;56;1987.00;59
5061;56;627723985;5061;127;5755;5817;12.07;0.74;229.79;5.64;694;56;1988.00;62
5064;56;627723996;5064;127;5757;5818;12.11;0.74;229.75;5.64;693;56;1989.00;61
5067;56;627724007;5067;129;5760;5818;12.06;0.73;229.74;5.65;693;56;1990.00;58
5069;56;627724017;5069;130;5760;5818;11.99;0.73;229.69;5.65;691;56;1991.00;58
5073;56;627724027;5073;128;5763;5822;11.87;0.72;229.68;5.65;690;56;1992.00;59
5076;58;627724039;5076;129;5763;5822;11.73;0.71;229.58;5.65;687;58;1993.00;59
5078;58;627724081;5078;133;5764;5822;11.64;0.71;229.56;5.65;686;58;1994.00;58
5080;58;627724096;5080;131;5766;5823;11.55;0.70;229.59;5.66;686;58;1995.00;57
5082;58;627724107;5082;137;5770;5827;11.46;0.70;229.56;5.66;688;58;1996.00;57
5086;58;627724117;5086;137;5771;5827;11.36;0.69;229.59;5.66;685;58;1997.00;56
5091;58;627724128;5091;147;5773;5830;11.33;0.69;229.64;5.66;682;58;1998.00;57
5093;58;627724138;5093;156;5774;5830;11.28;0.69;229.64;5.66;681;58;1999.00;56
5097;58;627724150;5097;164;5777;5830;11.18;0.68;229.61;5.68;680;58;2000.00;53
5100;58;627724165;5100;172;5777;5830;11.09;0.67;229.63;5.68;677;58;2001.00;53
5103;58;627724175;5103;183;5781;5834;11.02;0.67;229.84;5.68;678;58;2002.00;53
5107;58;627724185;5107;187;5782;5834;10.95;0.66;229.89;5.69;675;58;2003.00;52
5107;58;627724195;5107;189;5784;5834;10.82;0.66;229.89;5.70;677;58;2004.00;50
5110;58;627724204;5110;203;5785;5834;10.59;0.64;230.00;5.71;675;58;2005.00;49
5110;58;627724213;5110;208;5786;5835;10.42;0.64;230.00;5.72;676;58;2006.00;49
5115;58;627724222;5115;217;5788;5836;10.23;0.62;230.00;5.72;673;58;2007.00;48
5116;58;627724231;5116;222;5789;5836;10.06;0.62;230.06;5.73;673;58;2008.00;47
5117;58;627724240;5117;233;5792;5837;9.97;0.61;230.04;5.74;675;58;2009.00;45
5118;58;627724251;5118;235;5792;5837;9.80;0.60;230.02;5.74;674;58;2010.00;45
5121;58;627724260;5121;240;5794;5837;9.64;0.59;229.94;5.76;673;58;2011.00;43
5123;58;627724268;5123;250;5794;5837;9.53;0.58;229.90;5.76;671;58;2012.00;43
5127;58;627724277;5127;252;5795;5837;9.41;0.58;229.86;5.77;668;58;2013.00;42
5128;58;627724285;5128;260;5796;5837;9.29;0.57;229.86;5.77;668;58;2014.00;41
5131;58;627724293;5131;268;5796;5837;9.10;0.56;229.87;5.77;665;58;2015.00;41
5133;58;627724301;5133;287;5861;5964;9.14;0.57;229.87;5.72;728;58;2016.00;103
5138;58;627724321;5138;287;5863;5965;9.00;0.56;229.80;5.72;725;58;2017.00;102
5139;58;627724330;5139;286;5873;5965;9.00;0.56;229.76;5.72;734;58;2018.00;92
5143;58;627724339;5143;281;5880;5965;8.89;0.55;229.69;5.72;737;58;2019.00;85
5145;58;627724348;5145;278;5888;5965;8.77;0.54;229.64;5.72;743;58;2020.00;77
5146;58;627724357;5146;277;5894;5965;8.69;0.54;229.62;5.72;748;58;2021.00;71
5148;58;627724366;5148;268;5898;5965;8.56;0.53;229.55;5.72;750;58;2022.00;67
5151;58;627724376;5151;266;5901;5965;8.50;0.53;229.48;5.73;750;58;2023.00;64
5158;58;627724385;5158;270;5905;5966;8.45;0.52;229.48;5.73;747;58;2024.00;61
5160;59;627724403;5160;278;5910;5968;8.41;0.52;229.45;5.73;750;59;2025.00;58
5161;59;627724425;5161;279;5916;5968;8.38;0.52;229.42;5.74;755;59;2026.00;52
5162;59;627724434;5162;288;5919;5969;8.26;0.51;229.40;5.74;757;59;2027.00;50
5163;59;627724445;5163;288;5922;5969;8.11;0.50;229.38;5.75;759;59;2028.00;47
5164;59;627724454;5164;295;5922;5969;7.94;0.49;229.38;5.75;758;59;2029.00;47
5164;59;627724463;5164;304;5924;5969;7.85;0.48;229.38;5.75;760;59;2030.00;45
5166;59;627724473;5166;313;5930;5973;7.74;0.48;229.41;5.75;764;59;2031.00;43
5168;59;627724483;5168;319;5932;5973;7.57;0.47;229.40;5.76;764;59;2032.00;41
5169;59;627724495;5169;329;5932;5973;7.47;0.46;229.44;5.76;763;59;2033.00;41
5171;59;627724504;5171;329;5936;5976;7.39;0.45;229.45;5.76;765;59;2034.00;40
5177;59;627724514;5177;336;5937;5976;7.21;0.44;229.53;5.76;760;59;2035.00;39
5179;59;627724525;5179;344;5938;5976;7.04;0.43;229.46;5.76;759;59;2036.00;38
5183;59;627724535;5183;350;5943;5980;6.79;0.42;229.53;5.75;760;59;2037.00;37
5183;59;627724544;5183;359;5945;5981;6.59;0.41;229.53;5.75;762;59;2038.00;36
5189;59;627724553;5189;359;5945;5981;6.36;0.39;229.53;5.75;756;59;2039.00;36
5191;59;627724564;5191;355;5950;5986;6.22;0.38;229.47;5.75;759;59;2040.00;36
5195;59;627724573;5195;355;5950;5986;6.04;0.37;229.54;5.75;755;59;2041.00;36
5197;59;627724581;5197;352;5950;5986;5.94;0.37;229.61;5.75;753;59;2042.00;36
5199;59;627724589;5199;337;5951;5987;5.96;0.37;229.53;5.75;752;59;2043.00;36
5202;59;627724599;5202;336;5951;5987;5.97;0.37;229.55;5.75;749;59;2044.00;36
5204;59;627724614;5204;322;5956;5993;6.10;0.38;229.57;5.74;752;59;2045.00;37
5206;59;627724624;5206;313;5956;5993;6.14;0.38;229.56;5.74;750;59;2046.00;37
5209;59;627724633;5209;306;5958;5994;6.22;0.38;229.52;5.74;749;59;2047.00;36
5212;59;627724643;5212;296;5958;5994;6.30;0.39;229.51;5.74;746;59;2048.00;36
5213;59;627724653;5213;294;5958;5994;6.41;0.39;229.54;5.74;745;59;2049.00;36
5216;60;627724668;5216;278;5958;5994;6.53;0.40;229.57;5.74;742;60;2050.00;36
5218;60;627724691;5218;277;5958;5994;6.65;0.41;229.59;5.74;740;60;2051.00;36
5220;60;627724701;5220;265;5968;6006;6.83;0.42;229.62;5.73;748;60;2052.00;38
5222;60;627724718;5222;262;5968;6006;6.97;0.43;229.68;5.73;746;60;2053.00;38
5224;60;627724728;5224;258;5970;6006;7.17;0.44;229.69;5.73;746;60;2054.00;36
5228;60;627724745;5228;258;5970;6006;7.29;0.45;229.69;5.73;742;60;2055.00;36
5230;60;627724755;5230;256;5970;6006;7.42;0.45;229.68;5.73;740;60;2056.00;36
5232;60;627724765;5232;256;5970;6006;7.49;0.46;229.72;5.73;738;60;2057.00;36
5235;60;627724776;5235;246;5974;6010;7.59;0.46;229.70;5.73;739;60;2058.00;36
5238;60;627724787;5238;244;5974;6010;7.66;0.47;229.70;5.73;736;60;2059.00;36
5239;60;627724796;5239;246;5977;6014;7.81;0.48;229.72;5.73;738;60;2060.00;37
5243;60;627724807;5243;247;5978;6015;7.82;0.48;229.73;5.72;735;60;2061.00;37
5245;60;627724818;5245;242;5979;6015;7.94;0.48;229.73;5.72;734;60;2062.00;36
5249;60;627724829;5249;241;5979;6015;7.95;0.48;229.68;5.72;730;60;2063.00;36
5252;60;627724838;5252;245;5992;6028;7.96;0.49;229.76;5.71;740;60;2064.00;36
5257;60;627724850;5257;241;5992;6028;7.95;0.48;229.87;5.71;735;60;2065.00;36
5260;60;627724860;5260;240;5992;6028;8.00;0.49;229.78;5.71;732;60;2066.00;36
5262;60;627724870;5262;230;5993;6029;8.12;0.50;229.77;5.71;731;60;2067.00;36
5267;60;627724880;5267;231;5994;6030;8.22;0.50;229.90;5.71;727;60;2068.00;36
5269;60;627724890;5269;226;5994;6030;8.36;0.51;229.83;5.71;725;60;2069.00;36
5275;60;627724902;5275;227;5997;6036;8.50;0.52;229.88;5.71;722;60;2070.00;39
5279;60;627724913;5279;223;5997;6036;8.57;0.52;230.04;5.71;718;60;2071.00;39
5284;60;627724923;5284;223;5998;6036;8.61;0.52;230.13;5.71;714;60;2072.00;38
5289;60;627724933;5289;219;5998;6036;8.60;0.52;230.16;5.71;709;60;2073.00;38
5292;60;627724943;5292;221;6003;6042;8.65;0.53;230.22;5.70;711;60;2074.00;39
5298;60;627724954;5298;219;6003;6042;8.59;0.52;230.28;5.70;705;60;2075.00;39
5302;60;627724964;5302;222;6004;6042;8.58;0.52;230.35;5.70;702;60;2076.00;38
5309;60;627724975;5309;223;6004;6042;8.56;0.52;230.29;5.70;695;60;2077.00;38
5313;60;627724985;5313;225;6009;6046;8.54;0.52;230.32;5.70;696;60;2078.00;37
5318;60;627724996;5318;221;6010;6047;8.52;0.52;230.45;5.70;692;60;2079.00;37
5321;60;627725006;5321;217;6011;6047;8.51;0.52;230.51;5.70;690;60;2080.00;36
5328;60;627725016;5328;224;6012;6048;8.49;0.52;230.54;5.70;684;60;2081.00;36
5331;60;627725026;5331;219;6012;6048;8.51;0.52;230.68;5.70;681;60;2082.00;36
5334;60;627725042;5334;220;6012;6048;8.53;0.52;230.72;5.70;678;60;2083.00;36
5337;60;627725052;5337;223;6012;6048;8.51;0.52;230.79;5.70;675;60;2084.00;36
5341;60;627725062;5341;219;6012;6048;8.52;0.52;230.88;5.70;671;60;2085.00;36
5343;60;627725072;5343;225;6012;6048;8.56;0.52;230.85;5.70;669;60;2086.00;36
5345;60;627725082;5345;213;6012;6048;8.57;0.52;230.94;5.70;667;60;2087.00;36
5349;60;627725092;5349;219;6056;6118;8.74;0.53;231.03;5.66;707;60;2088.00;62
5351;60;627725108;5351;203;6057;6119;8.88;0.54;231.00;5.66;706;60;2089.00;62
5354;60;627725124;5354;191;6064;6119;9.05;0.55;231.08;5.65;710;60;2090.00;55
5356;60;627725135;5356;184;6066;6119;9.14;0.55;231.13;5.65;710;60;2091.00;53
5358;60;627725146;5358;176;6069;6119;9.27;0.56;231.13;5.65;711;60;2092.00;50
5362;60;627725157;5362;177;6073;6119;9.42;0.57;231.17;5.65;711;60;2093.00;46
5364;60;627725167;5364;171;6077;6119;9.57;0.58;231.23;5.65;713;60;2094.00;42
5366;60;627725183;5366;168;6078;6119;9.67;0.59;231.27;5.65;712;60;2095.00;41
5370;60;627725194;5370;158;6080;6120;9.73;0.59;231.31;5.65;710;60;2096.00;40
5371;60;627725212;5371;153;6081;6121;9.83;0.60;231.35;5.65;710;60;2097.00;40
5375;60;627725224;5375;146;6082;6121;9.88;0.60;231.41;5.65;707;60;2098.00;39
5375;60;627725235;5375;143;6085;6125;9.99;0.61;231.41;5.65;710;60;2099.00;40
5377;60;627725250;5377;147;6089;6140;10.10;0.61;231.41;5.64;712;60;2100.00;51
5379;60;627725268;5379;144;6089;6140;10.31;0.63;231.40;5.64;710;60;2101.00;51
5380;60;627725281;5380;147;6089;6140;10.59;0.64;231.44;5.64;709;60;2102.00;51
5383;60;627725293;5383;144;6092;6146;10.78;0.66;231.47;5.64;709;60;2103.00;54
5387;60;627725305;5387;135;6092;6146;10.86;0.66;231.49;5.64;705;60;2104.00;54
5389;60;627725317;5389;134;6092;6146;11.04;0.67;231.49;5.64;703;60;2105.00;54
5393;60;627725329;5393;136;6096;6149;11.14;0.68;231.53;5.64;703;60;2106.00;53
5395;60;627725341;5395;130;6096;6149;11.22;0.68;231.48;5.64;701;60;2107.00;53
5397;60;627725353;5397;126;6097;6149;11.35;0.69;231.57;5.75;700;60;2108.00;52
5401;60;627725366;5401;129;6097;6150;11.49;0.70;231.55;5.75;696;60;2109.00;53
5404;60;627725383;5404;130;6098;6151;11.60;0.71;231.58;5.75;694;60;2110.00;53
5409;60;627725395;5409;130;6100;6151;11.66;0.71;231.57;5.75;691;60;2111.00;51
5409;60;627725407;5409;133;6109;6164;11.68;0.71;231.57;5.74;700;60;2112.00;55
5412;60;627725419;5412;132;6109;6164;11.70;0.71;231.62;5.74;697;60;2113.00;55
5417;60;627725430;5417;125;6109;6164;11.74;0.71;231.61;5.74;692;60;2114.00;55
5419;60;627725441;5419;129;6111;6166;11.76;0.71;231.65;5.74;692;60;2115.00;55
5423;60;627725452;5423;132;6111;6166;11.80;0.72;231.67;5.74;688;60;2116.00;55
5427;60;627725463;5427;134;6115;6170;11.87;0.72;231.73;5.74;688;60;2117.00;55
5428;60;627725481;5428;129;6115;6170;11.94;0.72;231.73;5.74;687;60;2118.00;55
5433;60;627725492;5433;127;6118;6174;11.93;0.72;231.90;5.74;685;60;2119.00;56
5437;60;627725503;5437;124;6118;6174;11.94;0.72;231.98;5.74;681;60;2120.00;56
5439;60;627725514;5439;123;6118;6174;11.94;0.72;231.95;5.74;679;60;2121.00;56
5444;60;627725536;5444;128;6118;6174;11.99;0.73;232.02;5.74;674;60;2122.00;56
5447;60;627725546;5447;129;6120;6174;11.92;0.72;232.02;5.74;673;60;2123.00;54
5448;60;627725557;5448;131;6128;6186;11.93;0.72;232.03;5.74;680;60;2124.00;58
5451;60;627725569;5451;128;6128;6186;11.91;0.72;232.06;5.74;677;60;2125.00;58
5453;60;627725579;5453;128;6131;6186;11.90;0.72;232.12;5.74;678;60;2126.00;55
5455;60;627725589;5455;127;6132;6186;11.86;0.72;232.17;5.74;677;60;2127.00;54
5459;60;627725599;5459;134;6132;6186;11.92;0.72;232.21;5.74;673;60;2128.00;54
5462;60;627725609;5462;132;6135;6186;12.02;0.73;232.21;5.75;673;60;2129.00;51
5464;60;627725620;5464;131;6136;6187;12.08;0.73;232.21;5.75;672;60;2130.00;51
5467;60;627725630;5467;132;6138;6187;12.05;0.73;232.26;5.76;671;60;2131.00;49
5470;60;627725641;5470;132;6141;6193;11.94;0.72;232.22;5.75;671;60;2132.00;52
5475;60;627725651;5475;134;6142;6194;11.98;0.72;232.25;5.75;667;60;2133.00;52
5476;60;627725661;5476;137;6143;6194;11.96;0.72;232.24;5.75;667;60;2134.00;51
5480;60;627725670;5480;138;6143;6194;11.98;0.73;232.44;5.75;663;60;2135.00;51
5483;60;627725680;5483;142;6146;6198;11.96;0.73;232.42;5.75;663;60;2136.00;52
5486;60;627725689;5486;139;6146;6198;11.93;0.72;232.42;5.75;660;60;2137.00;52
5489;60;627725699;5489;141;6146;6198;11.89;0.72;232.42;5.75;657;60;2138.00;52
5494;60;627725708;5494;139;6148;6199;11.82;0.72;232.37;5.75;654;60;2139.00;51
5496;60;627725718;5496;138;6152;6203;11.77;0.72;232.35;5.75;656;60;2140.00;51
5505;60;627725733;5505;132;6152;6203;11.74;0.71;232.31;5.75;647;60;2141.00;51
5506;60;627725743;5506;129;6156;6206;11.81;0.72;232.30;5.86;650;60;2142.00;50
5514;60;627725752;5514;129;6156;6206;11.77;0.72;232.25;5.86;642;60;2143.00;50
5517;60;627725762;5517;125;6156;6206;11.79;0.72;232.22;5.86;639;60;2144.00;50
5518;60;627725772;5518;128;6157;6206;11.83;0.72;232.21;5.87;639;60;2145.00;49
5522;60;627725798;5522;124;6160;6210;11.87;0.72;232.23;5.86;638;60;2146.00;50
5524;60;627725813;5524;120;6160;6210;11.92;0.73;232.22;5.86;636;60;2147.00;50
5529;60;627725829;5529;115;6161;6210;11.91;0.72;232.23;5.86;632;60;2148.00;49
5531;60;627725844;5531;111;6161;6210;11.97;0.73;232.26;5.86;630;60;2149.00;49
5535;60;627725859;5535;108;6161;6211;11.92;0.72;232.22;5.86;626;60;2150.00;50
5539;60;627725876;5539;106;6162;6212;11.96;0.73;232.26;5.86;623;60;2151.00;50
5543;60;627725889;5543;104;6162;6212;11.93;0.73;232.18;5.86;619;60;2152.00;50
5544;60;627725900;5544;109;6163;6213;11.98;0.73;232.15;5.86;619;60;2153.00;50
5547;60;627725911;5547;112;6163;6213;11.95;0.73;232.14;5.86;616;60;2154.00;50
5549;60;627725921;5549;117;6163;6213;11.91;0.72;232.17;5.86;614;60;2155.00;50
5550;60;627725931;5550;119;6163;6213;11.89;0.72;232.15;5.86;613;60;2156.00;50
5551;60;627725942;5551;119;6163;6213;11.90;0.72;232.12;5.86;612;60;2157.00;50
5554;60;627725952;5554;124;6163;6213;11.92;0.72;232.22;5.86;609;60;2158.00;50
5557;60;627725962;5557;126;6163;6213;11.88;0.72;232.26;5.86;606;60;2159.00;50
5558;60;627725974;5558;165;6260;6443;11.52;0.72;232.30;5.77;702;60;2160.00;183
5561;60;627726004;5561;162;6264;6444;11.43;0.71;232.34;5.77;703;60;2161.00;180
5563;60;627726015;5563;155;6273;6444;11.39;0.71;232.33;5.76;710;60;2162.00;171
5564;60;627726025;5564;156;6280;6444;11.22;0.70;232.31;5.76;716;60;2163.00;164
5565;60;627726035;5565;158;6286;6444;11.18;0.70;232.31;5.76;721;60;2164.00;158
5567;60;627726045;5567;157;6292;6444;11.09;0.69;232.29;5.76;725;60;2165.00;152
5569;60;627726055;5569;156;6300;6444;11.04;0.69;232.26;5.76;731;60;2166.00;144
5573;60;627726066;5573;157;6303;6444;11.09;0.69;232.16;5.76;730;60;2167.00;141
5577;60;627726076;5577;169;6311;6445;11.05;0.68;232.07;5.76;734;60;2168.00;134
5581;60;627726087;5581;175;6314;6446;11.11;0.69;232.11;5.76;733;60;2169.00;132
5584;60;627726098;5584;179;6319;6446;11.09;0.68;232.17;5.77;735;60;2170.00;127
5586;60;627726109;5586;189;6327;6447;10.93;0.67;232.13;5.79;741;60;2171.00;120
5587;60;627726119;5587;186;6332;6447;10.74;0.66;232.11;5.80;745;60;2172.00;115
5589;60;627726130;5589;197;6334;6447;10.59;0.65;232.17;5.80;745;60;2173.00;113
5590;60;627726142;5590;201;6338;6447;10.39;0.64;232.22;5.81;748;60;2174.00;109
5592;60;627726160;5592;203;6343;6451;10.23;0.63;232.20;5.83;751;60;2175.00;108
5592;60;627726171;5592;213;6347;6451;10.01;0.62;232.20;5.84;755;60;2176.00;104
5595;60;627726181;5595;220;6349;6451;9.80;0.60;232.15;5.84;754;60;2177.00;102
5596;60;627726192;5596;229;6354;6454;9.70;0.60;232.13;5.86;758;60;2178.00;100
5598;60;627726203;5598;235;6356;6454;9.52;0.59;232.10;5.86;758;60;2179.00;98
5601;60;627726213;5601;241;6360;6454;9.39;0.58;232.20;5.89;759;60;2180.00;94
5603;60;627726224;5603;255;6365;6458;9.27;0.57;232.15;5.90;762;60;2181.00;93
5603;60;627726234;5603;264;6370;6459;9.14;0.56;232.15;5.92;767;60;2182.00;89
5605;60;627726245;5605;272;6374;6459;9.04;0.56;232.14;5.93;769;60;2183.00;85
5606;60;627726255;5606;282;6380;6463;8.95;0.55;232.11;5.95;774;60;2184.00;83
5609;60;627726266;5609;289;6383;6463;8.83;0.54;232.11;5.95;774;60;2185.00;80
5611;60;627726276;5611;297;6386;6463;8.71;0.54;232.10;5.96;775;60;2186.00;77
5616;60;627726287;5616;304;6389;6464;8.50;0.52;232.02;5.97;773;60;2187.00;75
5617;60;627726297;5617;316;6390;6464;8.31;0.51;231.99;5.97;773;60;2188.00;74
5619;60;627726307;5619;318;6397;6470;8.17;0.50;231.95;5.98;778;60;2189.00;73
5619;60;627726332;5619;322;6401;6470;7.93;0.49;231.95;5.99;782;60;2190.00;69
5620;60;627726342;5620;325;6403;6471;7.71;0.47;231.91;6.00;783;60;2191.00;68
5621;60;627726352;5621;328;6406;6471;7.45;0.46;231.87;6.01;785;60;2192.00;65
5622;60;627726362;5622;332;6408;6471;7.19;0.44;231.85;6.01;786;60;2193.00;63
5625;60;627726371;5625;340;6410;6471;7.05;0.43;231.80;6.02;785;60;2194.00;61
5626;60;627726380;5626;334;6411;6471;6.95;0.42;231.77;6.03;785;60;2195.00;60
5628;60;627726391;5628;333;6423;6483;6.95;0.42;231.74;6.02;795;60;2196.00;60
5628;60;627726402;5628;332;6424;6483;6.96;0.43;231.74;6.03;796;60;2197.00;59
5630;60;627726411;5630;327;6426;6483;6.97;0.43;231.70;6.03;796;60;2198.00;57
5630;60;627726421;5630;325;6426;6483;7.02;0.43;231.70;6.03;796;60;2199.00;57
5631;61;627726431;5631;327;6428;6483;7.04;0.43;231.68;6.04;797;61;2200.00;55
5634;61;627726458;5634;319;6429;6483;7.05;0.43;231.63;6.04;795;61;2201.00;54
5637;61;627726469;5637;320;6432;6487;7.09;0.43;231.59;6.04;795;61;2202.00;55
5640;61;627726479;5640;327;6433;6487;7.15;0.44;231.57;6.04;793;61;2203.00;54
5643;61;627726488;5643;322;6437;6491;7.14;0.43;231.56;6.04;794;61;2204.00;54
5646;61;627726500;5646;310;6439;6493;7.09;0.43;231.58;6.03;793;61;2205.00;54
5648;61;627726510;5648;309;6440;6493;7.06;0.43;231.56;6.04;792;61;2206.00;53
5650;61;627726520;5650;301;6440;6493;6.97;0.43;231.63;6.04;790;61;2207.00;53
5652;61;627726530;5652;302;6454;6506;6.91;0.42;231.68;6.03;802;61;2208.00;52
5653;61;627726540;5653;297;6454;6506;6.87;0.42;231.64;6.03;801;61;2209.00;52
5655;61;627726550;5655;290;6455;6508;6.89;0.42;231.68;6.03;800;61;2210.00;53
5657;61;627726560;5657;283;6457;6509;6.92;0.43;231.71;6.02;800;61;2211.00;52
5658;61;627726570;5658;271;6458;6510;7.01;0.43;231.74;6.02;800;61;2212.00;52
5662;61;627726580;5662;276;6458;6510;7.03;0.43;231.77;6.02;796;61;2213.00;52
5664;61;627726590;5664;274;6460;6513;7.12;0.44;231.73;6.02;796;61;2214.00;53
5667;61;627726602;5667;273;6460;6513;7.20;0.44;231.74;6.02;793;61;2215.00;53
5672;61;627726612;5672;267;6460;6513;7.25;0.45;231.80;6.02;788;61;2216.00;53
5674;61;627726622;5674;262;6460;6513;7.40;0.46;231.77;6.02;786;61;2217.00;53
5677;61;627726633;5677;250;6463;6519;7.50;0.46;231.80;6.02;786;61;2218.00;56
5679;61;627726644;5679;238;6464;6519;7.58;0.47;231.83;6.02;785;61;2219.00;55
5684;61;627726657;5684;232;6464;6519;7.65;0.47;231.86;6.02;780;61;2220.00;55
5686;61;627726668;5686;218;6465;6519;7.74;0.48;231.90;6.14;779;61;2221.00;54
5691;61;627726679;5691;214;6469;6523;7.77;0.48;231.94;6.14;778;61;2222.00;54
5694;61;627726691;5694;211;6471;6524;7.86;0.48;231.95;6.14;777;61;2223.00;53
5697;61;627726701;5697;203;6472;6524;7.93;0.49;231.94;6.14;775;61;2224.00;52
5701;61;627726712;5701;193;6473;6525;8.00;0.49;231.97;6.14;772;61;2225.00;52
5705;61;627726724;5705;190;6473;6525;8.06;0.50;231.94;6.14;768;61;2226.00;52
5710;61;627726734;5710;196;6474;6525;8.06;0.49;231.87;6.14;764;61;2227.00;51
5714;61;627726746;5714;193;6474;6525;8.10;0.50;231.96;6.14;760;61;2228.00;51
5716;61;627726756;5716;190;6474;6525;8.17;0.50;231.92;6.14;758;61;2229.00;51
5721;61;627726767;5721;189;6474;6525;8.21;0.50;231.92;6.14;753;61;2230.00;51
5726;61;627726779;5726;191;6474;6525;8.35;0.51;231.85;6.14;748;61;2231.00;51
5729;61;627726791;5729;189;6513;6595;8.55;0.53;231.89;6.10;784;61;2232.00;82
5738;61;627726808;5738;181;6519;6596;8.65;0.53;231.82;6.09;781;61;2233.00;77
5742;61;627726821;5742;172;6525;6596;8.76;0.54;231.82;6.09;783;61;2234.00;71
5747;61;627726832;5747;169;6529;6596;8.88;0.54;231.84;6.09;782;61;2235.00;67
5751;61;627726844;5751;173;6531;6596;8.98;0.55;231.82;6.09;780;61;2236.00;65
5759;61;627726854;5759;177;6534;6596;9.06;0.55;231.93;6.09;775;61;2237.00;62
5763;61;627726866;5763;174;6536;6596;9.15;0.56;231.87;6.09;773;61;2238.00;60
5766;61;627726877;5766;176;6538;6596;9.19;0.56;231.92;6.09;772;61;2239.00;58
5772;61;627726889;5772;180;6540;6597;9.20;0.56;232.00;6.09;768;61;2240.00;57
5778;61;627726900;5778;187;6542;6598;9.26;0.56;232.00;6.09;764;61;2241.00;56
5782;61;627726912;5782;196;6542;6598;9.26;0.56;232.09;6.09;760;61;2242.00;56
5786;61;627726923;5786;197;6545;6602;9.33;0.57;232.12;6.08;759;61;2243.00;57
5792;61;627726934;5792;198;6545;6602;9.37;0.57;232.14;6.08;753;61;2244.00;57
5797;61;627726946;5797;204;6545;6602;9.34;0.57;232.22;6.08;748;61;2245.00;57
5800;61;627726957;5800;206;6545;6602;9.36;0.57;232.28;6.08;745;61;2246.00;57
5801;61;627726969;5801;205;6549;6608;9.42;0.57;232.27;6.08;748;61;2247.00;59
5806;61;627726986;5806;210;6549;6608;9.43;0.57;232.34;6.08;743;61;2248.00;59
5811;61;627726997;5811;208;6550;6608;9.46;0.57;232.41;6.08;739;61;2249.00;58
5814;61;627727010;5814;214;6553;6614;9.54;0.58;232.39;6.08;739;61;2250.00;61
5817;61;627727022;5817;213;6554;6614;9.56;0.58;232.44;6.08;737;61;2251.00;60
5821;61;627727038;5821;217;6554;6614;9.58;0.58;232.49;6.08;733;61;2252.00;60
5825;61;627727049;5825;215;6555;6615;9.61;0.58;232.54;6.08;730;61;2253.00;60
5828;61;627727060;5828;218;6557;6616;9.63;0.59;232.57;6.19;729;61;2254.00;59
5830;61;627727071;5830;217;6558;6616;9.64;0.59;232.57;6.19;728;61;2255.00;58
5833;61;627727082;5833;224;6568;6629;9.70;0.59;232.67;6.18;735;61;2256.00;61
5836;61;627727094;5836;210;6569;6629;9.75;0.59;232.72;6.18;733;61;2257.00;60
5840;61;627727106;5840;205;6569;6629;9.74;0.59;232.75;6.18;729;61;2258.00;60
5843;61;627727117;5843;198;6570;6630;9.74;0.59;232.75;6.18;727;61;2259.00;60
5845;61;627727128;5845;195;6570;6630;9.85;0.60;232.74;6.18;725;61;2260.00;60
5847;61;627727139;5847;194;6573;6634;9.88;0.60;232.73;6.17;726;61;2261.00;61
5850;61;627727157;5850;193;6574;6634;9.93;0.61;232.76;6.17;724;61;2262.00;60
5853;61;627727169;5853;191;6577;6638;9.97;0.61;232.81;6.17;724;61;2263.00;61
5857;61;627727180;5857;192;6577;6638;10.01;0.61;232.92;6.17;720;61;2264.00;61
5863;61;627727192;5863;191;6577;6638;10.01;0.61;233.01;6.17;714;61;2265.00;61
5866;61;627727203;5866;176;6577;6638;10.06;0.61;233.06;6.17;711;61;2266.00;61
5869;61;627727214;5869;162;6577;6638;10.09;0.62;233.04;6.17;708;61;2267.00;61
5871;61;627727226;5871;150;6586;6650;10.12;0.62;233.07;6.16;715;61;2268.00;64
5873;61;627727239;5873;139;6586;6650;10.23;0.63;233.12;6.16;713;61;2269.00;64
5875;61;627727251;5875;133;6588;6650;10.48;0.64;233.14;6.16;713;61;2270.00;62
5877;61;627727262;5877;136;6588;6650;10.68;0.65;233.21;6.16;711;61;2271.00;62
5881;61;627727274;5881;131;6588;6650;10.88;0.66;233.22;6.16;707;61;2272.00;62
5884;61;627727286;5884;133;6588;6650;10.98;0.67;233.20;6.16;704;61;2273.00;62
5886;61;627727298;5886;129;6588;6651;11.10;0.68;233.32;6.16;702;61;2274.00;63
5892;61;627727310;5892;133;6588;6651;11.17;0.68;233.29;6.16;696;61;2275.00;63
5896;61;627727322;5896;128;6592;6657;11.21;0.68;233.32;6.16;696;61;2276.00;65
5901;61;627727334;5901;125;6593;6658;11.33;0.69;233.37;6.16;692;61;2277.00;65
5904;61;627727346;5904;120;6594;6658;11.35;0.69;233.40;6.16;690;61;2278.00;64
5906;61;627727357;5906;120;6594;6658;11.41;0.69;233.39;6.16;688;61;2279.00;64
5909;61;627727370;5909;119;6598;6663;11.51;0.70;233.45;6.15;689;61;2280.00;65
5912;61;627727388;5912;117;6598;6663;11.54;0.70;233.53;6.15;686;61;2281.00;65
5913;61;627727399;5913;114;6598;6663;11.54;0.70;233.51;6.15;685;61;2282.00;65
5916;61;627727410;5916;109;6599;6664;11.55;0.70;233.58;6.15;683;61;2283.00;65
5917;61;627727421;5917;112;6602;6668;11.46;0.70;233.61;6.15;685;61;2284.00;66
5918;61;627727432;5918;117;6602;6668;11.44;0.70;233.60;6.15;684;61;2285.00;66
5923;61;627727443;5923;116;6604;6671;11.46;0.70;233.62;6.15;681;61;2286.00;67
5925;61;627727455;5925;118;6604;6671;11.38;0.69;233.61;6.15;679;61;2287.00;67
5928;61;627727465;5928;120;6605;6671;11.45;0.70;233.60;6.15;677;61;2288.00;66
5930;61;627727476;5930;121;6606;6671;11.50;0.70;233.65;6.25;676;61;2289.00;65
5934;61;627727487;5934;123;6609;6675;11.59;0.71;233.66;6.25;675;61;2290.00;66
5936;61;627727499;5936;122;6609;6675;11.61;0.71;233.64;6.25;673;61;2291.00;66
5940;61;627727508;5940;118;6610;6675;11.67;0.71;233.68;6.25;670;61;2292.00;65
5942;61;627727519;5942;122;6610;6675;11.68;0.71;233.68;6.25;668;61;2293.00;65
5947;61;627727529;5947;124;6610;6676;11.80;0.72;233.70;6.25;663;61;2294.00;66
5950;61;627727540;5950;128;6612;6678;11.84;0.72;233.71;6.25;662;61;2295.00;66
5950;61;627727550;5950;129;6612;6678;11.94;0.73;233.71;6.25;662;61;2296.00;66
5954;61;627727560;5954;127;6613;6679;11.92;0.73;233.79;6.25;659;61;2297.00;66
5955;61;627727570;5955;126;6613;6679;11.97;0.73;233.77;6.25;658;61;2298.00;66
5960;61;627727581;5960;127;6613;6679;11.97;0.73;233.87;6.25;653;61;2299.00;66
5961;61;627727593;5961;128;6613;6679;11.97;0.73;233.88;6.25;652;61;2300.00;66
5964;61;627727606;5964;128;6613;6679;11.92;0.73;233.90;6.25;649;61;2301.00;66
5966;61;627727616;5966;130;6613;6679;11.92;0.73;233.90;6.25;647;61;2302.00;66
5968;61;627727626;5968;128;6613;6679;11.91;0.73;233.91;6.25;645;61;2303.00;66
5973;61;627727636;5973;158;6685;6806;11.42;0.70;234.03;6.18;712;61;2304.00;121
5977;61;627727657;5977;151;6686;6807;11.43;0.71;234.04;6.18;709;61;2305.00;121
5984;61;627727666;5984;142;6694;6807;11.54;0.71;233.99;6.18;710;61;2306.00;113
5987;61;627727676;5987;140;6697;6807;11.56;0.71;233.95;6.17;710;61;2307.00;110
5992;61;627727686;5992;131;6703;6807;11.59;0.71;233.98;6.17;711;61;2308.00;104
5996;61;627727700;5996;132;6708;6807;11.58;0.71;233.92;6.17;712;61;2309.00;99
5999;61;627727722;5999;133;6712;6807;11.60;0.71;233.90;6.17;713;61;2310.00;95
6002;61;627727732;6002;134;6715;6807;11.66;0.71;233.91;6.17;713;61;2311.00;92
6004;61;627727741;6004;137;6719;6808;11.69;0.72;233.90;6.17;715;61;2312.00;89
6008;61;627727756;6008;131;6721;6809;11.69;0.72;233.93;6.17;713;61;2313.00;88
6012;61;627727771;6012;129;6724;6809;11.71;0.72;233.93;6.19;712;61;2314.00;85
6016;61;627727788;6016;139;6726;6810;11.74;0.72;233.92;6.20;710;61;2315.00;84
6020;61;627727806;6020;142;6728;6810;11.69;0.71;233.85;6.20;708;61;2316.00;82
6022;61;627727820;6022;142;6729;6810;11.62;0.71;233.86;6.20;707;61;2317.00;81
6024;61;627727835;6024;140;6732;6810;11.53;0.70;233.86;6.31;708;61;2318.00;78
6028;61;627727850;6028;145;6735;6814;11.42;0.70;233.80;6.31;707;61;2319.00;79
6031;61;627727865;6031;140;6737;6814;11.34;0.69;233.75;6.33;706;61;2320.00;77
6032;62;627727881;6032;141;6739;6814;11.29;0.69;233.76;6.33;707;62;2321.00;75
6034;62;627727909;6034;142;6741;6817;11.25;0.69;233.71;6.33;707;62;2322.00;76
6035;62;627727920;6035;143;6742;6817;11.16;0.68;233.72;6.33;707;62;2323.00;75
6036;62;627727938;6036;145;6743;6817;11.07;0.68;233.70;6.33;707;62;2324.00;74
6038;62;627727949;6038;152;6746;6821;10.99;0.67;233.65;6.32;708;62;2325.00;75
6039;63;627727960;6039;157;6748;6822;11.00;0.67;233.63;6.32;709;63;2326.00;74
6041;63;627727980;6041;163;6748;6822;10.95;0.67;233.64;6.32;707;63;2327.00;74
6045;63;627727990;6045;171;6751;6826;10.95;0.67;233.55;6.32;706;63;2328.00;75
6047;63;627728001;6047;174;6751;6826;10.80;0.66;233.55;6.32;704;63;2329.00;75
6052;63;627728011;6052;182;6751;6826;10.62;0.65;233.48;6.32;699;63;2330.00;75
6055;63;627728021;6055;184;6752;6827;10.54;0.64;233.51;6.32;697;63;2331.00;75
6057;63;627728031;6057;187;6752;6827;10.41;0.64;233.48;6.32;695;63;2332.00;75
6061;63;627728041;6061;191;6756;6833;10.28;0.63;233.41;6.32;695;63;2333.00;77
6063;63;627728051;6063;200;6756;6833;10.23;0.63;233.39;6.32;693;63;2334.00;77
6065;63;627728061;6065;209;6757;6834;10.13;0.62;233.35;6.31;692;63;2335.00;77
6067;63;627728071;6067;214;6758;6834;10.09;0.62;233.31;6.33;691;63;2336.00;76
6069;63;627728080;6069;223;6758;6834;9.96;0.61;233.28;6.33;689;63;2337.00;76
6073;63;627728090;6073;227;6758;6834;9.79;0.60;233.24;6.33;685;63;2338.00;76
6074;63;627728100;6074;233;6758;6834;9.64;0.59;233.26;6.33;684;63;2339.00;76
6075;63;627728111;6075;243;6782;6870;9.64;0.59;233.24;6.34;707;63;2340.00;88
6076;63;627728123;6076;249;6783;6870;9.60;0.59;233.23;6.34;707;63;2341.00;87
6079;63;627728132;6079;259;6787;6870;9.51;0.58;233.22;6.35;708;63;2342.00;83
6081;63;627728142;6081;260;6789;6870;9.46;0.58;233.20;6.36;708;63;2343.00;81
6082;63;627728157;6082;267;6790;6870;9.37;0.57;233.19;6.36;708;63;2344.00;80
6085;63;627728166;6085;272;6793;6870;9.25;0.56;233.13;6.38;708;63;2345.00;77
6085;63;627728176;6085;280;6797;6874;9.13;0.56;233.13;6.38;712;63;2346.00;77
6086;63;627728186;6086;271;6798;6874;9.04;0.55;233.14;6.38;712;63;2347.00;76
6087;63;627728202;6087;269;6802;6878;8.99;0.55;233.12;6.40;715;63;2348.00;76
6089;63;627728211;6089;267;6805;6879;8.95;0.54;233.11;6.41;716;63;2349.00;74
6089;63;627728222;6089;261;6806;6879;8.91;0.54;233.11;6.40;717;63;2350.00;73
6089;63;627728231;6089;261;6809;6879;8.82;0.54;233.11;6.42;720;63;2351.00;70
6091;65;627728240;6091;257;6820;6892;8.69;0.53;233.07;6.41;729;65;2352.00;72
6091;65;627728275;6091;256;6822;6892;8.67;0.53;233.07;6.42;731;65;2353.00;70
6091;66;627728291;6091;261;6823;6892;8.67;0.53;233.07;6.43;732;66;2354.00;69
6093;66;627728312;6093;259;6825;6893;8.61;0.52;233.06;6.43;732;66;2355.00;68
6094;66;627728322;6094;265;6826;6894;8.55;0.52;233.04;6.44;732;66;2356.00;68
6095;66;627728338;6095;265;6826;6894;8.45;0.51;233.04;6.44;731;66;2357.00;68
6096;66;627728347;6096;273;6831;6897;8.37;0.51;233.02;6.45;735;66;2358.00;66
6098;66;627728364;6098;269;6831;6897;8.30;0.51;233.00;6.45;733;66;2359.00;66
6099;66;627728378;6099;272;6832;6897;8.21;0.50;232.96;6.46;733;66;2360.00;65
6101;66;627728387;6101;271;6832;6897;8.16;0.50;232.95;6.46;731;66;2361.00;65
6101;66;627728397;6101;271;6839;6903;8.16;0.50;232.95;6.48;738;66;2362.00;64
6102;66;627728407;6102;272;6839;6903;8.13;0.50;232.93;6.48;737;66;2363.00;64
6104;66;627728417;6104;273;6842;6903;8.11;0.50;232.90;6.48;738;66;2364.00;61
6107;66;627728426;6107;279;6842;6903;8.07;0.49;232.91;6.48;735;66;2365.00;61
6109;66;627728435;6109;277;6846;6907;8.00;0.49;232.87;6.49;737;66;2366.00;61
6113;66;627728446;6113;281;6847;6908;8.00;0.49;232.90;6.49;734;66;2367.00;61
6114;66;627728455;6114;285;6847;6908;7.97;0.49;232.88;6.49;733;66;2368.00;61
6118;66;627728464;6118;285;6851;6909;7.93;0.48;232.93;6.51;733;66;2369.00;58
6119;66;627728477;6119;287;6851;6909;7.98;0.49;232.92;6.51;732;66;2370.00;58
6122;66;627728486;6122;283;6851;6909;7.94;0.48;232.92;6.51;729;66;2371.00;58
6128;66;627728495;6128;275;6852;6909;7.88;0.48;232.88;6.51;724;66;2372.00;57
6130;66;627728511;6130;276;6852;6909;7.84;0.48;232.86;6.51;722;66;2373.00;57
6132;66;627728520;6132;266;6852;6909;7.85;0.48;232.88;6.51;720;66;2374.00;57
6138;66;627728535;6138;261;6855;6909;7.75;0.47;232.99;6.52;717;66;2375.00;54
6141;66;627728544;6141;266;6892;6979;7.84;0.48;233.02;6.49;751;66;2376.00;87
6145;66;627728561;6145;257;6894;6980;7.75;0.48;233.03;6.49;749;66;2377.00;86
6150;66;627728571;6150;258;6903;6980;7.74;0.48;233.09;6.48;753;66;2378.00;77
6156;66;627728581;6156;257;6908;6980;7.68;0.47;233.00;6.48;752;66;2379.00;72
6161;66;627728593;6161;244;6914;6980;7.67;0.47;233.06;6.48;753;66;2380.00;66
6164;66;627728602;6164;242;6918;6980;7.69;0.47;233.08;6.48;754;66;2381.00;62
6170;66;627728612;6170;235;6925;6980;7.63;0.47;233.05;6.48;755;66;2382.00;55
6172;66;627728622;6172;228;6926;6980;7.62;0.47;233.07;6.48;754;66;2383.00;54
6176;66;627728632;6176;221;6928;6981;7.68;0.47;233.05;6.48;752;66;2384.00;53
6180;66;627728642;6180;225;6930;6983;7.73;0.47;233.08;6.47;750;66;2385.00;53
6184;66;627728652;6184;223;6930;6983;7.78;0.48;233.08;6.47;746;66;2386.00;53
6188;66;627728662;6188;223;6934;6987;7.82;0.48;233.13;6.47;746;66;2387.00;53
6194;66;627728672;6194;218;6934;6987;7.94;0.49;233.16;6.47;740;66;2388.00;53
6198;66;627728682;6198;216;6934;6987;8.10;0.50;233.19;6.47;736;66;2389.00;53
6203;66;627728693;6203;215;6934;6987;8.24;0.51;233.17;6.47;731;66;2390.00;53
6205;66;627728704;6205;208;6939;6993;8.37;0.51;233.17;6.47;734;66;2391.00;54
6209;66;627728715;6209;204;6940;6993;8.47;0.52;233.19;6.47;731;66;2392.00;53
6215;66;627728725;6215;208;6940;6993;8.54;0.52;233.18;6.47;725;66;2393.00;53
6219;66;627728736;6219;209;6942;6996;8.64;0.53;233.19;6.46;723;66;2394.00;54
6221;66;627728746;6221;209;6942;6996;8.77;0.54;233.23;6.46;721;66;2395.00;54
6227;66;627728757;6227;214;6943;6996;8.84;0.54;233.23;6.46;716;66;2396.00;53
6232;66;627728769;6232;210;6944;6997;8.86;0.54;233.28;6.46;712;66;2397.00;53
6234;66;627728781;6234;206;6945;6998;9.01;0.55;233.29;6.46;711;66;2398.00;53
6239;66;627728792;6239;198;6945;6998;9.08;0.55;233.34;6.46;706;66;2399.00;53
6244;66;627728805;6244;199;6969;7057;9.18;0.56;233.35;6.44;725;66;2400.00;88
6248;66;627728830;6248;189;6970;7057;9.24;0.56;233.30;6.44;722;66;2401.00;87
6253;66;627728851;6253;188;6973;7057;9.24;0.56;233.36;6.44;720;66;2402.00;84
6255;66;627728862;6255;186;6974;7058;9.26;0.56;233.37;6.44;719;66;2403.00;84
6261;67;627728872;6261;187;6976;7058;9.22;0.56;233.41;6.44;715;67;2404.00;82
6267;67;627728900;6267;188;6978;7062;9.26;0.56;233.39;6.43;711;67;2405.00;84
6272;67;627728912;6272;193;6980;7062;9.21;0.56;233.32;6.43;708;67;2406.00;82
6276;67;627728922;6276;196;6983;7066;9.19;0.56;233.39;6.43;707;67;2407.00;83
6280;67;627728934;6280;197;6985;7066;9.13;0.56;233.40;6.43;705;67;2408.00;81
6285;67;627728945;6285;199;6985;7066;9.17;0.56;233.43;6.43;700;67;2409.00;81
6288;67;627728956;6288;204;6986;7066;9.16;0.56;233.48;6.43;698;67;2410.00;80
6290;67;627728966;6290;202;6986;7066;9.21;0.56;233.51;6.43;696;67;2411.00;80
6294;67;627728977;6294;204;6994;7078;9.27;0.57;233.63;6.43;700;67;2412.00;84
6295;67;627728988;6295;208;6994;7078;9.35;0.57;233.65;6.43;699;67;2413.00;84
6300;67;627728998;6300;216;6997;7078;9.31;0.57;233.66;6.43;697;67;2414.00;81
6301;67;627729009;6301;222;6997;7078;9.31;0.57;233.63;6.43;696;67;2415.00;81
6303;67;627729019;6303;227;6998;7078;9.26;0.57;233.65;6.43;695;67;2416.00;80
6307;67;627729029;6307;220;6998;7078;9.26;0.57;233.67;6.43;691;67;2417.00;80
6309;67;627729039;6309;226;6998;7079;9.22;0.56;233.71;6.43;689;67;2418.00;81
6315;67;627729049;6315;233;7000;7079;9.10;0.56;233.75;6.43;685;67;2419.00;79
6318;67;627729059;6318;238;7004;7085;9.05;0.55;233.76;6.43;686;67;2420.00;81
6323;67;627729070;6323;236;7005;7086;9.01;0.55;233.81;6.43;682;67;2421.00;81
6328;67;627729080;6328;243;7006;7086;8.93;0.54;233.81;6.43;678;67;2422.00;80
6331;67;627729090;6331;242;7006;7086;8.91;0.54;233.85;6.43;675;67;2423.00;80
6332;67;627729100;6332;241;7008;7090;8.93;0.54;233.83;6.43;676;67;2424.00;82
6334;67;627729110;6334;240;7008;7090;8.87;0.54;233.86;6.43;674;67;2425.00;82
6336;67;627729120;6336;244;7009;7090;8.79;0.53;233.83;6.43;673;67;2426.00;81
6339;67;627729130;6339;233;7010;7091;8.78;0.53;233.94;6.43;671;67;2427.00;81
6343;67;627729140;6343;230;7014;7095;8.75;0.53;233.97;6.43;671;67;2428.00;81
6346;67;627729150;6346;225;7016;7095;8.69;0.53;234.02;6.44;670;67;2429.00;79
6347;67;627729163;6347;220;7021;7101;8.77;0.53;234.01;6.44;674;67;2430.00;80
6351;67;627729173;6351;218;7021;7101;8.75;0.53;234.07;6.44;670;67;2431.00;80
6353;67;627729183;6353;221;7022;7101;8.74;0.53;234.09;6.44;669;67;2432.00;79
6354;67;627729193;6354;220;7022;7101;8.81;0.53;234.10;6.44;668;67;2433.00;79
6356;67;627729203;6356;220;7026;7105;8.81;0.53;234.10;6.44;670;67;2434.00;79
6357;67;627729214;6357;223;7027;7105;8.89;0.54;234.13;6.44;670;67;2435.00;78
6359;67;627729224;6359;211;7027;7105;8.99;0.55;234.24;6.44;668;67;2436.00;78
6362;67;627729234;6362;195;7028;7105;9.05;0.55;234.23;6.44;666;67;2437.00;77
6364;67;627729250;6364;192;7028;7106;9.10;0.55;234.25;6.44;664;67;2438.00;78
6367;67;627729260;6367;183;7031;7107;9.06;0.55;234.27;6.45;664;67;2439.00;76
6371;67;627729271;6371;179;7031;7107;9.02;0.55;234.31;6.45;660;67;2440.00;76
6372;67;627729281;6372;168;7033;7108;9.06;0.55;234.34;6.44;661;67;2441.00;75
6374;67;627729298;6374;171;7033;7108;9.14;0.56;234.36;6.44;659;67;2442.00;75
6377;67;627729307;6377;174;7033;7108;9.23;0.56;234.34;6.44;656;67;2443.00;75
6379;67;627729318;6379;170;7033;7108;9.29;0.57;234.43;6.44;654;67;2444.00;75
6381;67;627729327;6381;165;7035;7108;9.36;0.57;234.44;6.57;654;67;2445.00;73
6384;67;627729337;6384;159;7035;7108;9.47;0.58;234.51;6.57;651;67;2446.00;73
6387;67;627729347;6387;156;7035;7108;9.54;0.58;234.47;6.57;648;67;2447.00;73
6389;67;627729357;6389;171;7096;7235;9.71;0.60;234.50;6.51;707;67;2448.00;139
6391;67;627729377;6391;164;7101;7236;9.83;0.61;234.51;6.51;710;67;2449.00;135
6393;67;627729387;6393;158;7107;7236;9.96;0.61;234.49;6.51;714;67;2450.00;129
6397;67;627729398;6397;156;7110;7236;10.00;0.62;234.50;6.51;713;67;2451.00;126
6400;67;627729407;6400;155;7114;7236;10.05;0.62;234.48;6.51;714;67;2452.00;122
6401;67;627729418;6401;149;7116;7236;10.13;0.62;234.58;6.51;715;67;2453.00;120
6406;67;627729433;6406;146;7119;7236;10.19;0.63;234.73;6.51;713;67;2454.00;117
6409;67;627729443;6409;145;7120;7236;10.19;0.63;234.77;6.51;711;67;2455.00;116
6412;67;627729454;6412;152;7127;7237;10.15;0.62;234.74;6.52;715;67;2456.00;110
6413;67;627729464;6413;151;7128;7238;10.09;0.62;234.80;6.52;715;67;2457.00;110
6416;67;627729474;6416;150;7132;7238;10.05;0.62;234.75;6.52;716;67;2458.00;106
6416;67;627729484;6416;152;7134;7239;10.04;0.62;234.75;6.52;718;67;2459.00;105
6419;67;627729496;6419;161;7137;7239;9.97;0.61;234.85;6.52;718;67;2460.00;102
6420;67;627729507;6420;165;7142;7239;9.95;0.61;234.85;6.64;722;67;2461.00;97
6423;67;627729516;6423;176;7146;7239;9.95;0.61;234.82;6.65;723;67;2462.00;93
6424;67;627729527;6424;182;7149;7243;9.95;0.61;234.83;6.66;725;67;2463.00;94
6426;67;627729539;6426;185;7151;7243;9.99;0.61;234.79;6.66;725;67;2464.00;92
6427;67;627729551;6427;188;7153;7243;10.11;0.62;234.78;6.66;726;67;2465.00;90
6428;67;627729561;6428;190;7155;7246;10.17;0.62;234.79;6.66;727;67;2466.00;91
6432;67;627729571;6432;191;7160;7246;10.14;0.62;234.80;6.68;728;67;2467.00;86
6434;67;627729582;6434;198;7161;7246;10.12;0.62;234.78;6.68;727;67;2468.00;85
6437;67;627729592;6437;194;7165;7250;10.08;0.62;234.74;6.68;728;67;2469.00;85
6439;67;627729602;6439;201;7167;7251;10.00;0.61;234.72;6.68;728;67;2470.00;84
6440;67;627729618;6440;201;7168;7251;10.02;0.61;234.70;6.68;728;67;2471.00;83
6441;67;627729627;6441;207;7172;7255;9.98;0.61;234.68;6.79;731;67;2472.00;83
6443;67;627729643;6443;205;7172;7255;9.97;0.61;234.69;6.79;729;67;2473.00;83
6447;67;627729652;6447;206;7172;7255;9.93;0.61;234.76;6.79;725;67;2474.00;83
6451;67;627729662;6451;206;7174;7257;9.94;0.61;234.75;6.79;723;67;2475.00;83
6453;67;627729672;6453;210;7174;7257;10.00;0.61;234.70;6.79;721;67;2476.00;83
6455;67;627729681;6455;211;7179;7263;10.01;0.61;234.69;6.89;724;67;2477.00;84
6460;67;627729691;6460;212;7179;7263;9.99;0.61;234.60;6.89;719;67;2478.00;84
6462;67;627729706;6462;213;7180;7264;9.93;0.61;234.60;6.89;718;67;2479.00;84
6463;67;627729715;6463;209;7181;7264;9.94;0.61;234.60;7.00;718;67;2480.00;83
6468;67;627729725;6468;207;7181;7264;9.88;0.60;234.54;7.00;713;67;2481.00;83
6469;67;627729734;6469;203;7182;7264;9.88;0.60;234.52;7.11;713;67;2482.00;82
6474;67;627729743;6474;198;7182;7264;9.85;0.60;234.48;7.11;708;67;2483.00;82
6474;67;627729752;6474;196;7192;7276;10.01;0.61;234.48;7.10;718;67;2484.00;84
6476;67;627729762;6476;193;7196;7276;10.07;0.61;234.47;7.22;720;67;2485.00;80
6478;67;627729772;6478;188;7196;7276;10.12;0.62;234.42;7.22;718;67;2486.00;80
6479;67;627729787;6479;185;7196;7276;10.22;0.62;234.39;7.22;717;67;2487.00;80
6484;67;627729802;6484;182;7196;7276;10.26;0.62;234.42;7.22;712;67;2488.00;80
6488;67;627729816;6488;177;7197;7276;10.28;0.62;234.40;7.32;709;67;2489.00;79
6489;67;627729835;6489;177;7200;7280;10.34;0.63;234.41;7.31;711;67;2490.00;80
6492;67;627729860;6492;174;7200;7280;10.38;0.63;234.36;7.31;708;67;2491.00;80
6493;67;627729874;6493;173;7202;7284;10.49;0.64;234.37;7.31;709;67;2492.00;82
6495;67;627729887;6495;174;7205;7285;10.51;0.64;234.37;7.31;710;67;2493.00;80
6497;67;627729907;6497;183;7205;7285;10.57;0.64;234.36;7.31;708;67;2494.00;80
6497;67;627729918;6497;186;7205;7285;10.55;0.64;234.36;7.31;708;67;2495.00;80
6499;67;627729927;6499;194;7215;7298;10.49;0.64;234.34;7.31;716;67;2496.00;83
6503;67;627729939;6503;196;7215;7298;10.43;0.63;234.34;7.31;712;67;2497.00;83
6506;67;627729950;6506;201;7216;7298;10.44;0.63;234.42;7.41;710;67;2498.00;82
6507;67;627729960;6507;192;7217;7299;10.39;0.63;234.39;7.41;710;67;2499.00;82
6509;67;627729973;6509;183;7217;7300;10.36;0.63;234.42;7.41;708;67;2500.00;83
6512;67;627729989;6512;176;7217;7300;10.37;0.63;234.38;7.41;705;67;2501.00;83
6514;67;627729999;6514;173;7220;7303;10.44;0.63;234.36;7.42;706;67;2502.00;83
6514;67;627730010;6514;170;7222;7303;10.51;0.63;234.36;7.51;708;67;2503.00;81
6515;67;627730021;6515;169;7222;7303;10.53;0.64;234.38;7.51;707;67;2504.00;81
6516;67;627730037;6516;166;7222;7303;10.51;0.63;234.37;7.51;706;67;2505.00;81
6516;67;627730048;6516;163;7226;7309;10.56;0.64;234.37;7.51;710;67;2506.00;83
6520;67;627730059;6520;163;7226;7309;10.53;0.63;234.30;7.51;706;67;2507.00;83
6522;67;627730070;6522;162;7229;7309;10.47;0.63;234.28;7.53;707;67;2508.00;80
6524;67;627730087;6524;159;7229;7309;10.38;0.63;234.23;7.53;705;67;2509.00;80
6524;67;627730097;6524;161;7233;7313;10.36;0.63;234.23;7.54;709;67;2510.00;80
6525;67;627730108;6525;160;7236;7314;10.44;0.63;234.33;7.56;711;67;2511.00;78
6525;67;627730119;6525;164;7237;7314;10.45;0.63;234.33;7.57;712;67;2512.00;77
6525;67;627730129;6525;164;7240;7315;10.46;0.63;234.33;7.59;715;67;2513.00;75
6527;67;627730140;6527;161;7243;7315;10.47;0.63;234.31;7.62;716;67;2514.00;72
6527;67;627730150;6527;166;7244;7315;10.49;0.64;234.31;7.63;717;67;2515.00;71
6529;67;627730161;6529;167;7246;7315;10.47;0.63;234.32;7.64;717;67;2516.00;69
6530;68;627730172;6530;174;7248;7315;10.51;0.64;234.31;7.66;718;68;2517.00;67
6530;68;627730190;6530;173;7249;7315;10.60;0.64;234.31;7.67;719;68;2518.00;66
6532;68;627730200;6532;176;7250;7315;10.65;0.65;234.37;7.67;718;68;2519.00;65
6534;68;627730224;6534;188;7304;7440;10.62;0.65;234.39;7.63;770;68;2520.00;136
6536;68;627730244;6536;189;7307;7441;10.60;0.65;234.50;7.63;771;68;2521.00;134
6540;68;627730257;6540;193;7319;7441;10.57;0.65;234.54;7.62;779;68;2522.00;122
6541;68;627730268;6541;196;7327;7441;10.46;0.64;234.55;7.63;786;68;2523.00;114
6544;68;627730278;6544;199;7333;7441;10.35;0.63;234.53;7.63;789;68;2524.00;108
6545;68;627730289;6545;208;7339;7441;10.25;0.63;234.56;7.63;794;68;2525.00;102
6547;68;627730305;6547;205;7344;7441;10.11;0.62;234.62;7.63;797;68;2526.00;97
6549;68;627730317;6549;211;7348;7441;9.92;0.61;234.67;7.64;799;68;2527.00;93
6551;68;627730327;6551;220;7353;7442;9.81;0.60;234.66;7.64;802;68;2528.00;89
6553;68;627730338;6553;218;7358;7443;9.67;0.60;234.67;7.65;805;68;2529.00;85
6556;68;627730349;6556;216;7361;7443;9.50;0.59;234.71;7.65;805;68;2530.00;82
6560;68;627730360;6560;221;7366;7447;9.31;0.57;234.71;7.66;806;68;2531.00;81
6564;68;627730375;6564;223;7367;7447;9.20;0.57;234.75;7.66;803;68;2532.00;80
6569;68;627730391;6569;227;7370;7447;8.99;0.55;234.72;7.67;801;68;2533.00;77
6571;68;627730419;6571;232;7370;7447;8.89;0.55;234.69;7.67;799;68;2534.00;77
6575;68;627730435;6575;230;7375;7453;8.78;0.54;234.73;7.67;800;68;2535.00;78
6577;68;627730447;6577;235;7376;7453;8.70;0.53;234.69;7.67;799;68;2536.00;77
6582;68;627730458;6582;238;7379;7455;8.64;0.53;234.63;7.68;797;68;2537.00;76
6586;68;627730470;6586;235;7383;7458;8.66;0.53;234.64;7.68;797;68;2538.00;75
6589;68;627730483;6589;238;7384;7458;8.66;0.53;234.60;7.69;795;68;2539.00;74
6592;68;627730494;6592;243;7385;7458;8.62;0.53;234.61;7.69;793;68;2540.00;73
6596;68;627730504;6596;243;7386;7459;8.55;0.52;234.61;7.69;790;68;2541.00;73
6598;68;627730515;6598;253;7389;7460;8.44;0.52;234.63;7.69;791;68;2542.00;71
6602;68;627730527;6602;252;7389;7460;8.35;0.51;234.61;7.69;787;68;2543.00;71
6607;68;627730538;6607;256;7402;7473;8.23;0.50;234.59;7.69;795;68;2544.00;71
6611;68;627730550;6611;256;7403;7473;8.20;0.50;234.68;7.69;792;68;2545.00;70
6618;68;627730561;6618;258;7404;7473;8.16;0.50;234.75;7.70;786;68;2546.00;69
6619;68;627730572;6619;257;7405;7474;8.18;0.50;234.74;7.69;786;68;2547.00;69
6626;68;627730582;6626;262;7405;7474;8.11;0.50;234.76;7.69;779;68;2548.00;69
6628;68;627730594;6628;265;7409;7478;8.13;0.50;234.74;7.70;781;68;2549.00;69
6632;68;627730607;6632;263;7413;7481;8.03;0.49;234.73;7.71;781;68;2550.00;68
6636;68;627730618;6636;257;7418;7485;8.00;0.49;234.79;7.71;782;68;2551.00;67
6638;68;627730628;6638;255;7418;7485;8.03;0.49;234.82;7.71;780;68;2552.00;67
6641;68;627730640;6641;251;7420;7485;7.99;0.49;234.92;7.71;779;68;2553.00;65
6645;68;627730651;6645;246;7421;7485;8.01;0.49;234.95;7.71;776;68;2554.00;64
6647;68;627730662;6647;247;7422;7485;7.97;0.49;234.99;7.72;775;68;2555.00;63
6650;68;627730672;6650;249;7434;7497;8.05;0.49;235.04;7.70;784;68;2556.00;63
6654;68;627730683;6654;244;7434;7497;8.02;0.49;235.11;7.70;780;68;2557.00;63
6656;68;627730694;6656;239;7435;7497;8.10;0.50;235.13;7.71;779;68;2558.00;62
6659;68;627730705;6659;239;7435;7497;8.26;0.51;235.18;7.71;776;68;2559.00;62
6663;68;627730714;6663;239;7435;7497;8.38;0.52;235.27;7.71;772;68;2560.00;62
6667;68;627730725;6667;237;7435;7497;8.40;0.52;235.27;7.71;768;68;2561.00;62
6671;68;627730735;6671;240;7435;7498;8.48;0.52;235.30;7.71;764;68;2562.00;63
6676;68;627730746;6676;234;7435;7498;8.53;0.52;235.39;7.71;759;68;2563.00;63
6679;68;627730757;6679;235;7439;7504;8.63;0.53;235.43;7.70;760;68;2564.00;65
6683;68;627730769;6683;234;7442;7506;8.77;0.54;235.50;7.70;759;68;2565.00;64
6687;68;627730786;6687;230;7442;7506;8.85;0.54;235.53;7.70;755;68;2566.00;64
6692;68;627730798;6692;232;7442;7506;8.93;0.55;235.55;7.70;750;68;2567.00;64
6696;68;627730809;6696;229;7445;7510;9.06;0.56;235.56;7.70;749;68;2568.00;65
6697;68;627730822;6697;221;7445;7510;9.20;0.57;235.57;7.70;748;68;2569.00;65
6703;68;627730832;6703;218;7445;7510;9.26;0.57;235.61;7.70;742;68;2570.00;65
6708;68;627730844;6708;211;7446;7511;9.27;0.57;235.59;7.70;738;68;2571.00;65
6711;68;627730855;6711;210;7449;7515;9.31;0.57;235.63;7.69;738;68;2572.00;66
6719;68;627730866;6719;204;7449;7515;9.26;0.57;235.65;7.69;730;68;2573.00;66
6724;68;627730877;6724;192;7451;7518;9.26;0.57;235.64;7.69;727;68;2574.00;67
6728;68;627730890;6728;191;7452;7518;9.27;0.57;235.61;7.69;724;68;2575.00;66
6734;68;627730905;6734;192;7452;7518;9.27;0.57;235.61;7.69;718;68;2576.00;66
6741;68;627730916;6741;195;7452;7518;9.26;0.57;235.66;7.69;711;68;2577.00;66
6747;68;627730928;6747;196;7455;7522;9.30;0.57;235.69;7.69;708;68;2578.00;67
6752;68;627730939;6752;196;7455;7522;9.30;0.57;235.74;7.69;703;68;2579.00;67
6758;68;627730951;6758;201;7456;7522;9.36;0.57;235.87;7.69;698;68;2580.00;66
6763;68;627730962;6763;196;7456;7522;9.42;0.58;235.86;7.69;693;68;2581.00;66
6769;68;627730973;6769;198;7456;7523;9.41;0.58;235.91;7.69;687;68;2582.00;67
6773;68;627730984;6773;199;7457;7524;9.47;0.58;235.94;7.69;684;68;2583.00;67
6776;68;627730995;6776;205;7457;7524;9.47;0.58;235.98;7.69;681;68;2584.00;67
6780;68;627731004;6780;205;7458;7525;9.46;0.58;236.07;7.68;678;68;2585.00;67
6785;68;627731014;6785;214;7458;7525;9.41;0.58;236.02;7.68;673;68;2586.00;67
6788;68;627731024;6788;219;7458;7525;9.34;0.57;236.05;7.68;670;68;2587.00;67
6791;68;627731034;6791;219;7458;7525;9.28;0.57;236.10;7.68;667;68;2588.00;67
6794;68;627731050;6794;223;7458;7525;9.22;0.57;236.08;7.68;664;68;2589.00;67
6798;68;627731059;6798;227;7458;7525;9.15;0.56;236.11;7.68;660;68;2590.00;67
6801;68;627731069;6801;226;7458;7525;8.99;0.55;236.14;7.68;657;68;2591.00;67
6806;68;627731078;6806;247;7525;7652;9.04;0.56;236.20;7.62;719;68;2592.00;127
6811;68;627731098;6811;239;7528;7653;8.97;0.56;236.21;7.61;717;68;2593.00;125
6814;68;627731108;6814;238;7535;7653;9.02;0.56;236.24;7.61;721;68;2594.00;118
6817;68;627731118;6817;241;7539;7653;9.07;0.56;236.20;7.61;722;68;2595.00;114
6822;68;627731128;6822;243;7542;7653;9.11;0.57;236.22;7.60;720;68;2596.00;111
6824;68;627731138;6824;236;7544;7653;9.16;0.57;236.19;7.60;720;68;2597.00;109
6827;68;627731148;6827;233;7548;7653;9.15;0.57;236.20;7.60;721;68;2598.00;105
6828;68;627731158;6828;234;7550;7653;9.04;0.56;236.21;7.60;722;68;2599.00;103
6831;68;627731169;6831;231;7555;7654;8.95;0.55;236.36;7.60;724;68;2600.00;99
6833;68;627731183;6833;234;7558;7655;8.88;0.55;236.36;7.60;725;68;2601.00;97
6835;68;627731199;6835;233;7562;7655;8.87;0.55;236.36;7.60;727;68;2602.00;93
6838;68;627731209;6838;228;7565;7656;8.86;0.55;236.38;7.61;727;68;2603.00;91
6842;68;627731220;6842;226;7569;7656;8.93;0.55;236.42;7.61;727;68;2604.00;87
6847;68;627731231;6847;232;7571;7656;8.90;0.55;236.45;7.61;724;68;2605.00;85
6849;68;627731241;6849;223;7573;7656;8.90;0.55;236.50;7.61;724;68;2606.00;83
6853;68;627731252;6853;212;7576;7660;8.88;0.55;236.46;7.61;723;68;2607.00;84
6856;69;627731263;6856;207;7578;7660;8.92;0.55;236.47;7.61;722;69;2608.00;82
6858;69;627731289;6858;207;7579;7660;8.94;0.55;236.44;7.61;721;69;2609.00;81
6861;69;627731301;6861;201;7583;7666;8.98;0.55;236.54;7.61;722;69;2610.00;83
6864;69;627731313;6864;200;7584;7666;9.06;0.55;236.52;7.61;720;69;2611.00;82
6866;69;627731324;6866;196;7586;7666;9.12;0.56;236.52;7.61;720;69;2612.00;80
6868;69;627731336;6868;197;7589;7670;9.19;0.56;236.49;7.61;721;69;2613.00;81
6869;69;627731347;6869;196;7591;7671;9.29;0.57;236.48;7.61;722;69;2614.00;80
6870;69;627731363;6870;190;7591;7671;9.36;0.57;236.48;7.61;721;69;2615.00;80
6872;69;627731374;6872;188;7595;7675;9.42;0.58;236.47;7.60;723;69;2616.00;80
6875;69;627731384;6875;188;7595;7675;9.45;0.58;236.48;7.60;720;69;2617.00;80
6878;69;627731395;6878;180;7595;7675;9.53;0.58;236.46;7.60;717;69;2618.00;80
6881;69;627731405;6881;183;7596;7676;9.53;0.58;236.54;7.60;715;69;2619.00;80
6881;69;627731416;6881;180;7596;7676;9.56;0.58;236.54;7.60;715;69;2620.00;80
6885;69;627731426;6885;184;7600;7682;9.60;0.58;236.54;7.60;715;69;2621.00;82
6886;69;627731436;6886;185;7600;7682;9.61;0.58;236.52;7.60;714;69;2622.00;82
6888;69;627731446;6888;189;7601;7683;9.63;0.58;236.48;7.60;713;69;2623.00;82
6889;69;627731456;6889;187;7601;7683;9.66;0.59;236.49;7.60;712;69;2624.00;82
6892;69;627731466;6892;187;7601;7683;9.76;0.59;236.42;7.60;709;69;2625.00;82
6892;69;627731476;6892;188;7601;7683;9.83;0.60;236.42;7.60;709;69;2626.00;82
6893;69;627731486;6893;187;7601;7683;9.84;0.60;236.40;7.60;708;69;2627.00;82
6896;69;627731502;6896;188;7611;7695;9.93;0.60;236.36;7.59;715;69;2628.00;84
6896;69;627731513;6896;187;7611;7695;9.96;0.61;236.36;7.59;715;69;2629.00;84
6900;69;627731522;6900;188;7612;7695;10.12;0.62;236.27;7.59;712;69;2630.00;83
6902;69;627731532;6902;188;7612;7695;10.16;0.62;236.27;7.59;710;69;2631.00;83
6903;70;627731542;6903;193;7612;7695;10.30;0.63;236.35;7.59;709;70;2632.00;83
6907;70;627731562;6907;194;7612;7695;10.36;0.63;236.35;7.59;705;70;2633.00;83
6909;70;627731573;6909;193;7615;7699;10.37;0.63;236.31;7.58;706;70;2634.00;84
6909;70;627731588;6909;197;7615;7699;10.38;0.63;236.31;7.58;706;70;2635.00;84
6913;70;627731598;6913;195;7618;7703;10.34;0.63;236.24;7.58;705;70;2636.00;85
6916;70;627731608;6916;198;7620;7704;10.40;0.63;236.21;7.58;704;70;2637.00;84
6917;70;627731618;6917;201;7620;7704;10.37;0.63;236.20;7.58;703;70;2638.00;84
6925;70;627731627;6925;204;7620;7704;10.37;0.63;236.09;7.58;695;70;2639.00;84
6925;70;627731639;6925;213;7638;7733;10.30;0.63;236.09;7.56;713;70;2640.00;95
6926;70;627731651;6926;211;7639;7733;10.27;0.62;236.08;7.56;713;70;2641.00;94
6929;70;627731661;6929;212;7642;7733;10.32;0.63;236.08;7.56;713;70;2642.00;91
6930;70;627731670;6930;211;7643;7734;10.37;0.63;236.06;7.56;713;70;2643.00;91
6930;70;627731681;6930;207;7645;7735;10.50;0.64;236.06;7.56;715;70;2644.00;90
6932;70;627731691;6932;208;7646;7735;10.53;0.64;236.02;7.56;714;70;2645.00;89
6934;70;627731701;6934;206;7649;7738;10.53;0.64;236.03;7.55;715;70;2646.00;89
6935;70;627731711;6935;209;7649;7738;10.46;0.63;236.03;7.55;714;70;2647.00;89
6935;70;627731721;6935;217;7649;7738;10.48;0.64;236.03;7.55;714;70;2648.00;89
6937;70;627731730;6937;215;7649;7738;10.49;0.64;236.01;7.55;712;70;2649.00;89
6938;70;627731740;6938;213;7653;7744;10.45;0.63;236.01;7.55;715;70;2650.00;91
6940;70;627731750;6940;197;7653;7744;10.44;0.63;236.08;7.55;713;70;2651.00;91
6941;70;627731760;6941;187;7654;7744;10.43;0.63;236.07;7.55;713;70;2652.00;90
6944;70;627731769;6944;175;7654;7744;10.48;0.64;236.07;7.55;710;70;2653.00;90
6949;70;627731780;6949;168;7658;7748;10.42;0.63;236.00;7.56;709;70;2654.00;90
6950;70;627731796;6950;161;7660;7750;10.44;0.63;236.09;7.56;710;70;2655.00;90
6953;70;627731813;6953;149;7661;7750;10.50;0.64;236.07;7.57;708;70;2656.00;89
6955;70;627731827;6955;139;7662;7751;10.56;0.64;236.06;7.57;707;70;2657.00;89
6957;70;627731852;6957;134;7662;7751;10.72;0.65;236.02;7.57;705;70;2658.00;89
6958;70;627731867;6958;134;7662;7751;10.85;0.66;236.02;7.57;704;70;2659.00;89
6959;70;627731882;6959;127;7662;7751;10.95;0.67;236.02;7.57;703;70;2660.00;89
6963;70;627731906;6963;127;7662;7751;11.04;0.67;235.98;7.57;699;70;2661.00;89
6965;70;627731918;6965;119;7662;7751;11.18;0.68;235.97;7.57;697;70;2662.00;89
6966;70;627731931;6966;116;7662;7751;11.29;0.69;235.94;7.57;696;70;2663.00;89
6970;70;627731942;6970;122;7697;7821;11.37;0.69;235.89;7.53;727;70;2664.00;124
6970;70;627731960;6970;119;7698;7822;11.47;0.70;235.89;7.53;728;70;2665.00;124
6974;71;627731973;6974;114;7706;7822;11.57;0.70;235.82;7.53;732;71;2666.00;116
6975;71;627732003;6975;115;7710;7822;11.55;0.70;235.82;7.53;735;71;2667.00;112
6975;71;627732015;6975;118;7715;7822;11.63;0.71;235.82;7.52;740;71;2668.00;107
6975;71;627732026;6975;124;7721;7822;11.69;0.71;235.82;7.52;746;71;2669.00;101
6979;71;627732038;6979;120;7726;7822;11.74;0.71;235.78;7.52;747;71;2670.00;96
6979;72;627732050;6979;119;7726;7822;11.62;0.71;235.78;7.52;747;72;2671.00;96
6981;72;627732075;6981;117;7728;7823;11.55;0.70;235.76;7.52;747;72;2672.00;95
6983;72;627732091;6983;119;7730;7824;11.50;0.70;235.74;7.52;747;72;2673.00;94
6988;72;627732103;6988;122;7730;7824;11.39;0.69;235.71;7.52;742;72;2674.00;94
6989;72;627732114;6989;127;7733;7828;11.34;0.69;235.74;7.52;744;72;2675.00;95
6991;72;627732126;6991;129;7734;7828;11.27;0.69;235.72;7.53;743;72;2676.00;94
6994;72;627732137;6994;132;7734;7828;11.21;0.68;235.69;7.53;740;72;2677.00;94
6997;72;627732149;6997;139;7734;7828;11.24;0.69;235.75;7.53;737;72;2678.00;94
7002;72;627732160;7002;142;7738;7834;11.19;0.68;235.85;7.53;736;72;2679.00;96
7003;72;627732172;7003;145;7740;7834;11.17;0.68;235.84;7.54;737;72;2680.00;94
7004;72;627732183;7004;150;7741;7834;11.13;0.68;235.83;7.55;737;72;2681.00;93
7008;72;627732195;7008;160;7744;7837;11.10;0.68;235.90;7.56;736;72;2682.00;93
7011;72;627732212;7011;164;7746;7837;10.99;0.67;236.01;7.57;735;72;2683.00;91
7012;72;627732224;7012;178;7747;7837;10.88;0.66;236.02;7.58;735;72;2684.00;90
7016;72;627732235;7016;183;7748;7838;10.74;0.65;235.98;7.60;732;72;2685.00;90
7021;72;627732245;7021;193;7749;7839;10.66;0.65;236.00;7.60;728;72;2686.00;90
7022;72;627732257;7022;194;7751;7839;10.53;0.64;235.98;7.62;729;72;2687.00;88
7025;72;627732268;7025;201;7761;7852;10.38;0.63;235.96;7.61;736;72;2688.00;91
7028;72;627732281;7028;209;7763;7852;10.25;0.62;235.95;7.62;735;72;2689.00;89
7029;72;627732293;7029;212;7765;7852;10.19;0.62;235.94;7.63;736;72;2690.00;87
7032;72;627732303;7032;221;7767;7853;10.10;0.61;235.93;7.64;735;72;2691.00;86
7034;72;627732316;7034;228;7768;7853;9.96;0.61;235.91;7.65;734;72;2692.00;85
7035;72;627732326;7035;229;7771;7857;9.89;0.60;235.91;7.65;736;72;2693.00;86
7037;72;627732337;7037;237;7774;7857;9.73;0.59;235.91;7.66;737;72;2694.00;83
7042;72;627732348;7042;246;7777;7861;9.57;0.58;235.95;7.66;735;72;2695.00;84
7043;72;627732358;7043;250;7779;7861;9.46;0.58;235.94;7.68;736;72;2696.00;82
7046;72;627732368;7046;253;7779;7861;9.29;0.57;235.92;7.68;733;72;2697.00;82
7049;72;627732385;7049;259;7780;7861;9.18;0.56;235.93;7.69;731;72;2698.00;81
7052;72;627732395;7052;252;7781;7861;9.14;0.56;235.93;7.70;729;72;2699.00;80
7055;72;627732407;7055;254;7803;7910;9.11;0.56;235.94;7.68;748;72;2700.00;107
7058;72;627732426;7058;246;7808;7910;9.05;0.55;235.91;7.70;750;72;2701.00;102
7059;72;627732437;7059;243;7809;7910;9.02;0.55;235.90;7.69;750;72;2702.00;101
7065;72;627732447;7065;239;7811;7910;8.93;0.55;235.93;7.69;746;72;2703.00;99
7066;72;627732457;7066;244;7815;7910;8.88;0.54;235.92;7.71;749;72;2704.00;95
7070;72;627732474;7070;240;7816;7910;8.80;0.54;236.03;7.71;746;72;2705.00;94
7071;72;627732492;7071;233;7819;7911;8.81;0.54;236.04;7.72;748;72;2706.00;92
7075;72;627732503;7075;235;7821;7911;8.68;0.53;236.13;7.72;746;72;2707.00;90
7077;72;627732513;7077;233;7824;7917;8.75;0.53;236.10;7.72;747;72;2708.00;93
7082;72;627732524;7082;239;7827;7918;8.74;0.53;236.16;7.73;745;72;2709.00;91
7087;72;627732534;7087;242;7828;7918;8.64;0.53;236.12;7.73;741;72;2710.00;90
7090;72;627732545;7090;245;7830;7918;8.54;0.52;236.17;7.73;740;72;2711.00;88
7094;72;627732555;7094;247;7834;7922;8.51;0.52;236.13;7.73;740;72;2712.00;88
7096;72;627732567;7096;256;7837;7922;8.46;0.52;236.16;7.74;741;72;2713.00;85
7101;72;627732578;7101;257;7837;7922;8.46;0.52;236.16;7.74;736;72;2714.00;85
7106;72;627732588;7106;262;7838;7923;8.48;0.52;236.16;7.74;732;72;2715.00;85
7110;72;627732599;7110;261;7843;7927;8.34;0.51;236.19;7.74;733;72;2716.00;84
7115;72;627732609;7115;258;7843;7927;8.27;0.51;236.20;7.74;728;72;2717.00;84
7120;72;627732619;7120;265;7846;7930;8.22;0.50;236.24;7.74;726;72;2718.00;84
7124;72;627732630;7124;262;7849;7930;8.05;0.49;236.21;7.75;725;72;2719.00;81
7126;72;627732640;7126;252;7849;7930;8.01;0.49;236.22;7.75;723;72;2720.00;81
7129;72;627732650;7129;250;7849;7930;7.95;0.49;236.23;7.75;720;72;2721.00;81
7132;72;627732660;7132;246;7853;7934;7.98;0.49;236.24;7.75;721;72;2722.00;81
7137;72;627732670;7137;249;7853;7934;8.03;0.49;236.24;7.75;716;72;2723.00;81
7141;72;627732680;7141;247;7856;7934;8.01;0.49;236.27;7.75;715;72;2724.00;78
7143;72;627732691;7143;251;7857;7934;8.01;0.49;236.26;7.75;714;72;2725.00;77
7148;72;627732707;7148;246;7857;7935;7.99;0.49;236.33;7.75;709;72;2726.00;78
7151;72;627732718;7151;238;7858;7936;8.02;0.49;236.33;7.75;707;72;2727.00;78
7153;72;627732728;7153;237;7860;7936;8.06;0.49;236.35;7.75;707;72;2728.00;76
7157;72;627732738;7157;233;7861;7937;8.12;0.50;236.39;7.75;704;72;2729.00;76
7159;72;627732750;7159;227;7863;7937;8.16;0.50;236.43;7.76;704;72;2730.00;74
7164;72;627732760;7164;225;7864;7937;8.14;0.50;236.42;7.76;700;72;2731.00;73
7168;72;627732770;7168;226;7866;7937;8.17;0.50;236.45;7.76;698;72;2732.00;71
7172;72;627732780;7172;227;7866;7937;8.19;0.50;236.41;7.76;694;72;2733.00;71
7176;72;627732790;7176;227;7867;7937;8.21;0.50;236.45;7.76;691;72;2734.00;70
7181;72;627732800;7181;224;7869;7937;8.18;0.50;236.46;7.77;688;72;2735.00;68
7185;72;627732810;7185;228;7938;8064;8.38;0.52;236.49;7.70;753;72;2736.00;126
7190;72;627732831;7190;229;7944;8065;8.37;0.52;236.53;7.70;754;72;2737.00;121
7194;72;627732841;7194;229;7949;8065;8.39;0.52;236.57;7.70;755;72;2738.00;116
7198;72;627732851;7198;230;7953;8065;8.41;0.52;236.56;7.69;755;72;2739.00;112
7202;72;627732861;7202;232;7958;8065;8.36;0.52;236.61;7.69;756;72;2740.00;107
7205;72;627732871;7205;233;7959;8065;8.32;0.51;236.61;7.69;754;72;2741.00;106
7209;72;627732880;7209;232;7962;8065;8.31;0.51;236.67;7.69;753;72;2742.00;103
7211;72;627732890;7211;235;7964;8065;8.30;0.51;236.65;7.69;753;72;2743.00;101
7214;72;627732900;7214;231;7967;8066;8.31;0.51;236.76;7.69;753;72;2744.00;99
7217;72;627732911;7217;234;7970;8068;8.32;0.51;236.82;7.69;753;72;2745.00;98
7221;72;627732922;7221;237;7977;8068;8.35;0.51;236.83;7.69;756;72;2746.00;91
7223;72;627732932;7223;235;7982;8069;8.30;0.51;236.85;7.69;759;72;2747.00;87
7225;72;627732942;7225;242;7985;8069;8.28;0.51;236.89;7.69;760;72;2748.00;84
7226;72;627732952;7226;241;7985;8069;8.23;0.51;236.87;7.69;759;72;2749.00;84
7229;72;627732962;7229;244;7986;8069;8.16;0.51;236.99;7.69;757;72;2750.00;83
7233;72;627732973;7233;249;7991;8073;8.10;0.50;236.96;7.69;758;72;2751.00;82
7238;72;627732984;7238;255;7993;8073;8.05;0.50;236.94;7.69;755;72;2752.00;80
7243;72;627733000;7243;259;7993;8073;8.06;0.50;237.04;7.69;750;72;2753.00;80
7245;72;627733011;7245;266;7997;8076;8.12;0.50;237.04;7.81;752;72;2754.00;79
7248;72;627733023;7248;273;7998;8076;8.16;0.50;237.10;7.82;750;72;2755.00;78
7252;72;627733034;7252;281;8000;8076;8.11;0.50;237.11;7.82;748;72;2756.00;76
7258;72;627733043;7258;287;8004;8080;8.07;0.50;237.08;7.81;746;72;2757.00;76
7262;72;627733054;7262;288;8005;8081;8.03;0.49;237.06;7.81;743;72;2758.00;76
7265;72;627733065;7265;288;8005;8081;8.07;0.50;237.03;7.81;740;72;2759.00;76
7268;72;627733077;7268;289;8009;8086;8.09;0.50;237.12;7.81;741;72;2760.00;77
7272;72;627733088;7272;285;8009;8086;8.03;0.49;237.06;7.81;737;72;2761.00;77
7278;72;627733098;7278;288;8009;8086;7.95;0.49;237.15;7.81;731;72;2762.00;77
7279;72;627733108;7279;299;8010;8087;7.90;0.48;237.15;7.81;731;72;2763.00;77
7281;72;627733118;7281;304;8010;8087;7.82;0.48;237.13;7.81;729;72;2764.00;77
7282;72;627733128;7282;309;8014;8093;7.77;0.48;237.13;7.80;732;72;2765.00;79
7284;72;627733139;7284;309;8014;8093;7.75;0.48;237.17;7.80;730;72;2766.00;79
7287;72;627733148;7287;301;8015;8094;7.78;0.48;237.17;7.80;728;72;2767.00;79
7288;72;627733159;7288;296;8015;8094;7.76;0.48;237.19;7.80;727;72;2768.00;79
7292;72;627733169;7292;293;8015;8094;7.75;0.48;237.22;7.80;723;72;2769.00;79
7295;72;627733179;7295;295;8015;8094;7.71;0.47;237.24;7.80;720;72;2770.00;79
7299;72;627733188;7299;297;8015;8094;7.69;0.47;237.23;7.80;716;72;2771.00;79
7301;72;627733198;7301;299;8024;8106;7.78;0.48;237.23;7.79;723;72;2772.00;82
7305;72;627733209;7305;300;8025;8106;7.73;0.47;237.24;7.79;720;72;2773.00;81
7307;72;627733219;7307;304;8026;8106;7.72;0.47;237.22;7.79;719;72;2774.00;80
7310;72;627733228;7310;302;8026;8106;7.63;0.47;237.25;7.79;716;72;2775.00;80
7315;72;627733243;7315;291;8026;8106;7.55;0.46;237.24;7.79;711;72;2776.00;80
7317;72;627733254;7317;279;8026;8106;7.59;0.46;237.24;7.79;709;72;2777.00;80
7320;72;627733270;7320;268;8029;8110;7.57;0.46;237.20;7.79;709;72;2778.00;81
7322;72;627733280;7322;263;8029;8110;7.56;0.46;237.24;7.79;707;72;2779.00;81
7326;72;627733290;7326;262;8032;8114;7.54;0.46;237.19;7.79;706;72;2780.00;82
7327;72;627733300;7327;260;8033;8115;7.47;0.46;237.16;7.79;706;72;2781.00;82
7330;72;627733310;7330;262;8034;8115;7.48;0.46;237.10;7.79;704;72;2782.00;81
7332;72;627733320;7332;266;8034;8115;7.45;0.46;237.09;7.79;702;72;2783.00;81
7333;72;627733330;7333;273;8045;8128;7.52;0.46;237.09;7.77;712;72;2784.00;83
7333;72;627733340;7333;270;8045;8128;7.57;0.46;237.09;7.77;712;72;2785.00;83
7337;72;627733350;7337;262;8045;8128;7.58;0.46;237.07;7.77;708;72;2786.00;83
7337;72;627733360;7337;254;8046;8129;7.63;0.47;237.07;7.77;709;72;2787.00;83
7341;72;627733370;7341;247;8046;8130;7.60;0.46;237.07;7.77;705;72;2788.00;84
7342;72;627733380;7342;243;8046;8130;7.65;0.47;237.04;7.77;704;72;2789.00;84
7342;72;627733393;7342;241;8049;8136;7.83;0.48;237.04;7.77;707;72;2790.00;87
7344;72;627733403;7344;234;8050;8136;7.98;0.49;237.02;7.77;706;72;2791.00;86
7347;72;627733413;7347;230;8050;8136;8.08;0.49;236.98;7.77;703;72;2792.00;86
7350;72;627733423;7350;223;8051;8136;8.20;0.50;236.93;7.77;701;72;2793.00;85
7352;72;627733432;7352;223;8054;8142;8.21;0.50;236.90;7.77;702;72;2794.00;88
7354;72;627733442;7354;224;8055;8142;8.31;0.50;236.86;7.77;701;72;2795.00;87
7355;72;627733458;7355;226;8055;8142;8.37;0.51;236.87;7.77;700;72;2796.00;87
7356;72;627733466;7356;228;8056;8142;8.46;0.51;236.85;7.77;700;72;2797.00;86
7358;72;627733476;7358;235;8059;8146;8.48;0.51;236.81;7.76;701;72;2798.00;87
7362;72;627733485;7362;235;8061;8147;8.46;0.51;236.77;7.76;699;72;2799.00;86
7362;72;627733495;7362;236;8061;8147;8.45;0.51;236.77;7.76;699;72;2800.00;86
7363;72;627733508;7363;233;8062;8148;8.46;0.51;236.76;7.76;699;72;2801.00;86
7363;72;627733517;7363;236;8062;8148;8.53;0.52;236.76;7.76;699;72;2802.00;86
7363;72;627733525;7363;223;8062;8148;8.52;0.52;236.76;7.76;699;72;2803.00;86
7364;72;627733540;7364;217;8062;8148;8.62;0.52;236.74;7.76;698;72;2804.00;86
7367;72;627733549;7367;206;8062;8148;8.70;0.53;236.70;7.76;695;72;2805.00;86
7367;72;627733558;7367;204;8062;8148;8.89;0.54;236.70;7.76;695;72;2806.00;86
7369;72;627733567;7369;204;8062;8148;9.06;0.55;236.75;7.76;693;72;2807.00;86
7370;72;627733581;7370;210;8102;8218;9.06;0.55;236.77;7.72;732;72;2808.00;116
7370;72;627733596;7370;192;8102;8219;9.21;0.56;236.77;7.72;732;72;2809.00;117
7373;72;627733606;7373;180;8108;8219;9.43;0.57;236.76;7.72;735;72;2810.00;111
7374;72;627733616;7374;172;8111;8219;9.65;0.59;236.74;7.72;737;72;2811.00;108
7374;73;627733626;7374;162;8115;8219;9.86;0.60;236.74;7.72;741;73;2812.00;104
7374;73;627733663;7374;161;8119;8219;10.04;0.61;236.74;7.71;745;73;2813.00;100
7374;73;627733674;7374;157;8124;8219;10.20;0.62;236.74;7.71;750;73;2814.00;95
7376;73;627733690;7376;154;8126;8219;10.33;0.63;236.73;7.71;750;73;2815.00;93
7377;73;627733700;7377;151;8128;8220;10.44;0.64;236.71;7.71;751;73;2816.00;92
7378;73;627733711;7378;151;8129;8221;10.56;0.64;236.72;7.71;751;73;2817.00;92
7379;73;627733721;7379;155;8130;8221;10.69;0.65;236.71;7.71;751;73;2818.00;91
7380;73;627733732;7380;154;8133;8225;10.75;0.65;236.72;7.71;753;73;2819.00;92
7381;73;627733744;7381;148;8133;8225;10.77;0.66;236.71;7.71;752;73;2820.00;92
7383;73;627733755;7383;145;8133;8225;10.83;0.66;236.70;7.71;750;73;2821.00;92
7386;73;627733770;7386;139;8133;8225;10.90;0.66;236.69;7.71;747;73;2822.00;92
7388;73;627733783;7388;134;8137;8231;10.93;0.66;236.73;7.71;749;73;2823.00;94
7390;73;627733798;7390;130;8138;8231;10.97;0.67;236.74;7.70;748;73;2824.00;93
7393;73;627733816;7393;126;8139;8231;11.04;0.67;236.79;7.71;746;73;2825.00;92
7394;73;627733840;7394;125;8141;8234;11.14;0.68;236.82;7.71;747;73;2826.00;93
7396;73;627733858;7396;127;8141;8234;11.22;0.68;236.88;7.71;745;73;2827.00;93
7399;73;627733874;7399;123;8142;8234;11.19;0.68;236.88;7.71;743;73;2828.00;92
7405;73;627733895;7405;120;8142;8235;11.17;0.68;236.86;7.71;737;73;2829.00;93
7406;73;627733908;7406;121;8144;8236;11.17;0.68;236.84;7.84;738;73;2830.00;92
7409;73;627733927;7409;126;8144;8236;11.24;0.68;236.83;7.84;735;73;2831.00;92
7413;73;627733939;7413;130;8153;8249;11.23;0.68;236.86;7.83;740;73;2832.00;96
7414;73;627733951;7414;126;8153;8249;11.26;0.68;236.90;7.83;739;73;2833.00;96
7417;73;627733963;7417;130;8153;8249;11.27;0.68;236.89;7.83;736;73;2834.00;96
7420;73;627733976;7420;135;8155;8251;11.26;0.68;236.88;7.83;735;73;2835.00;96
7425;73;627733988;7425;137;8155;8251;11.23;0.68;236.97;7.83;730;73;2836.00;96
7427;73;627733999;7427;144;8158;8255;11.25;0.68;237.03;7.82;731;73;2837.00;97
7430;73;627734010;7430;153;8160;8255;11.29;0.68;237.06;7.82;730;73;2838.00;95
7434;73;627734021;7434;155;8164;8259;11.17;0.68;237.09;7.82;730;73;2839.00;95
7438;73;627734032;7438;156;8164;8259;11.14;0.68;237.10;7.82;726;73;2840.00;95
7439;73;627734050;7439;151;8164;8259;11.14;0.68;237.12;7.82;725;73;2841.00;95
7442;73;627734061;7442;148;8164;8259;11.19;0.68;237.14;7.82;722;73;2842.00;95
7445;73;627734072;7445;152;8164;8259;11.19;0.68;237.15;7.82;719;73;2843.00;95
7446;73;627734084;7446;151;8174;8271;11.21;0.68;237.21;7.81;728;73;2844.00;97
7450;73;627734097;7450;153;8175;8271;11.13;0.68;237.28;7.81;725;73;2845.00;96
7452;73;627734107;7452;154;8175;8271;11.08;0.67;237.35;7.81;723;73;2846.00;96
7453;73;627734119;7453;156;8175;8271;11.12;0.68;237.38;7.81;722;73;2847.00;96
7457;73;627734130;7457;155;8175;8271;11.08;0.67;237.41;7.81;718;73;2848.00;96
7459;73;627734141;7459;157;8175;8271;11.10;0.67;237.43;7.81;716;73;2849.00;96
7463;73;627734154;7463;158;8178;8274;11.04;0.67;237.50;7.82;715;73;2850.00;96
7463;73;627734166;7463;158;8178;8274;11.03;0.67;237.50;7.82;715;73;2851.00;96
7466;73;627734176;7466;158;8184;8280;11.03;0.67;237.47;7.83;718;73;2852.00;96
7467;73;627734189;7467;162;8186;8281;11.05;0.67;237.47;7.84;719;73;2853.00;95
7469;73;627734200;7469;164;8187;8281;11.04;0.67;237.48;7.86;718;73;2854.00;94
7473;73;627734211;7473;173;8189;8281;10.95;0.66;237.47;7.88;716;73;2855.00;92
7477;73;627734222;7477;174;8192;8285;10.91;0.66;237.52;7.88;715;73;2856.00;93
7479;73;627734234;7479;180;8192;8285;10.89;0.66;237.52;7.88;713;73;2857.00;93
7480;73;627734244;7480;186;8194;8285;10.82;0.66;237.49;7.90;714;73;2858.00;91
7484;73;627734256;7484;193;8195;8286;10.78;0.65;237.44;7.90;711;73;2859.00;91
7486;73;627734268;7486;195;8200;8290;10.70;0.65;237.44;7.92;714;73;2860.00;90
7488;73;627734279;7488;196;8200;8290;10.73;0.65;237.46;7.92;712;73;2861.00;90
7493;73;627734289;7493;197;8204;8293;10.67;0.65;237.52;7.94;711;73;2862.00;89
7494;73;627734300;7494;204;8205;8293;10.63;0.65;237.52;7.94;711;73;2863.00;88
7497;73;627734311;7497;210;8206;8295;10.52;0.64;237.59;7.94;709;73;2864.00;89
7500;73;627734322;7500;210;8209;8295;10.40;0.63;237.60;7.95;709;73;2865.00;86
7504;73;627734340;7504;212;8213;8299;10.33;0.63;237.60;7.96;709;73;2866.00;86
7508;73;627734351;7508;214;8214;8299;10.22;0.62;237.60;7.96;706;73;2867.00;85
7508;73;627734361;7508;218;8216;8299;10.07;0.61;237.60;7.97;708;73;2868.00;83
7511;73;627734371;7511;217;8218;8299;9.96;0.61;237.58;7.99;707;73;2869.00;81
7514;73;627734381;7514;218;8220;8300;9.82;0.60;237.55;8.00;706;73;2870.00;80
7517;73;627734393;7517;217;8221;8301;9.70;0.59;237.55;8.00;704;73;2871.00;80
7519;73;627734403;7519;214;8221;8301;9.65;0.59;237.50;8.00;702;73;2872.00;80
7519;73;627734413;7519;212;8222;8302;9.59;0.58;237.50;8.00;703;73;2873.00;80
7523;73;627734423;7523;210;8224;8302;9.56;0.58;237.50;8.01;701;73;2874.00;78
7523;73;627734433;7523;212;8225;8302;9.53;0.58;237.50;8.01;702;73;2875.00;77
7525;73;627734442;7525;210;8226;8302;9.52;0.58;237.49;8.02;701;73;2876.00;76
7527;73;627734452;7527;214;8226;8302;9.57;0.58;237.49;8.02;699;73;2877.00;76
7530;73;627734462;7530;215;8226;8302;9.57;0.58;237.48;8.02;696;73;2878.00;76
7531;73;627734473;7531;218;8228;8302;9.55;0.58;237.47;8.03;697;73;2879.00;74
7531;73;627734486;7531;255;8331;8532;9.45;0.59;237.47;7.94;800;73;2880.00;201
7534;73;627734515;7534;248;8332;8533;9.40;0.59;237.45;7.94;798;73;2881.00;201
7537;73;627734526;7537;235;8342;8533;9.44;0.59;237.45;7.93;805;73;2882.00;191
7544;73;627734537;7544;236;8348;8533;9.39;0.59;237.45;7.93;804;73;2883.00;185
7547;73;627734548;7547;226;8356;8533;9.42;0.59;237.44;7.93;809;73;2884.00;177
7553;73;627734566;7553;223;8364;8533;9.33;0.58;237.46;7.93;811;73;2885.00;169
7557;73;627734577;7557;219;8370;8533;9.24;0.57;237.48;7.93;813;73;2886.00;163
7562;73;627734588;7562;224;8374;8533;9.15;0.57;237.54;7.93;812;73;2887.00;159
7567;73;627734599;7567;223;8381;8534;9.06;0.56;237.51;7.93;814;73;2888.00;153
7571;73;627734610;7571;229;8385;8535;8.95;0.56;237.52;7.93;814;73;2889.00;150
7578;73;627734621;7578;214;8390;8535;8.85;0.55;237.53;7.93;812;73;2890.00;145
7583;73;627734632;7583;222;8392;8536;8.74;0.54;237.55;7.93;809;73;2891.00;144
7588;73;627734646;7588;220;8400;8536;8.57;0.53;237.58;7.93;812;73;2892.00;136
7592;73;627734657;7592;221;8402;8536;8.41;0.52;237.64;7.93;810;73;2893.00;134
7598;73;627734667;7598;222;8408;8536;8.18;0.51;237.73;7.94;810;73;2894.00;128
7600;73;627734685;7600;231;8413;8540;8.06;0.50;237.74;7.94;813;73;2895.00;127
7606;73;627734696;7606;236;8418;8540;7.89;0.49;237.83;7.94;812;73;2896.00;122
7611;73;627734707;7611;227;8419;8540;7.82;0.48;237.91;7.94;808;73;2897.00;121
7614;73;627734719;7614;236;8424;8543;7.80;0.48;238.00;7.95;810;73;2898.00;119
7617;73;627734730;7617;232;8425;8543;7.78;0.48;238.01;7.95;808;73;2899.00;118
7621;73;627734742;7621;231;8426;8543;7.81;0.48;238.00;7.95;805;73;2900.00;117
7623;73;627734757;7623;230;8431;8547;7.85;0.49;238.01;7.95;808;73;2901.00;116
7629;73;627734768;7629;234;8433;8548;7.88;0.49;237.96;7.95;804;73;2902.00;115
7632;73;627734779;7632;236;8434;8548;7.96;0.49;237.96;7.96;802;73;2903.00;114
7636;73;627734791;7636;241;8441;8552;7.93;0.49;237.98;7.96;805;73;2904.00;111
7640;73;627734803;7640;249;8442;8552;7.91;0.49;238.03;7.96;802;73;2905.00;110
7646;73;627734814;7646;249;8448;8552;7.83;0.48;237.99;8.10;802;73;2906.00;104
7651;73;627734828;7651;260;8448;8553;7.79;0.48;238.00;8.10;797;73;2907.00;105
7658;73;627734839;7658;266;8452;8553;7.72;0.47;238.01;8.11;794;73;2908.00;101
7659;73;627734849;7659;273;8458;8559;7.74;0.48;238.00;8.11;799;73;2909.00;101
7663;73;627734861;7663;281;8461;8559;7.67;0.47;238.06;8.12;798;73;2910.00;98
7668;73;627734872;7668;282;8463;8560;7.58;0.47;238.05;8.12;795;73;2911.00;97
7673;73;627734882;7673;288;8464;8560;7.52;0.46;238.06;8.12;791;73;2912.00;96
7679;73;627734893;7679;285;8467;8560;7.43;0.46;238.11;8.13;788;73;2913.00;93
7684;73;627734904;7684;286;8468;8560;7.42;0.46;238.13;8.13;784;73;2914.00;92
7686;73;627734915;7686;295;8469;8560;7.37;0.45;238.09;8.13;783;73;2915.00;91
7690;74;627734931;7690;286;8480;8572;7.40;0.45;238.14;8.12;790;74;2916.00;92
7694;74;627734958;7694;291;8480;8572;7.38;0.45;238.13;8.12;786;74;2917.00;92
7700;74;627734969;7700;295;8481;8572;7.38;0.45;238.07;8.12;781;74;2918.00;91
7702;74;627734980;7702;298;8481;8572;7.31;0.45;238.09;8.12;779;74;2919.00;91
7707;74;627734990;7707;303;8481;8572;7.22;0.44;238.08;8.12;774;74;2920.00;91
7708;74;627735000;7708;301;8481;8572;7.20;0.44;238.09;8.12;773;74;2921.00;91
7709;74;627735010;7709;308;8485;8576;7.30;0.44;238.12;8.25;776;74;2922.00;91
7712;74;627735021;7712;312;8485;8576;7.25;0.44;238.18;8.25;773;74;2923.00;91
7713;74;627735031;7713;320;8488;8580;7.30;0.45;238.19;8.25;775;74;2924.00;92
7718;74;627735042;7718;322;8491;8582;7.34;0.45;238.23;8.24;773;74;2925.00;91
7721;74;627735052;7721;331;8491;8582;7.29;0.44;238.31;8.24;770;74;2926.00;91
7722;74;627735063;7722;336;8491;8582;7.29;0.44;238.29;8.24;769;74;2927.00;91
7725;74;627735072;7725;343;8501;8595;7.32;0.45;238.25;8.23;776;74;2928.00;94
7726;74;627735082;7726;352;8501;8595;7.27;0.44;238.25;8.23;775;74;2929.00;94
7729;74;627735092;7729;358;8502;8595;7.28;0.45;238.26;8.23;773;74;2930.00;93
7730;74;627735102;7730;361;8503;8596;7.34;0.45;238.29;8.23;773;74;2931.00;93
7732;74;627735111;7732;365;8503;8597;7.31;0.45;238.26;8.23;771;74;2932.00;94
7736;74;627735121;7736;376;8503;8597;7.27;0.45;238.24;8.23;767;74;2933.00;94
7739;75;627735131;7739;381;8505;8600;7.29;0.45;238.20;8.23;766;75;2934.00;95
7741;75;627735158;7741;387;8506;8600;7.23;0.44;238.20;8.23;765;75;2935.00;94
7745;75;627735168;7745;392;8506;8600;7.20;0.44;238.18;8.23;761;75;2936.00;94
7751;75;627735178;7751;382;8506;8600;7.10;0.43;238.14;8.23;755;75;2937.00;94
7752;75;627735188;7752;378;8510;8606;7.14;0.43;238.11;8.23;758;75;2938.00;96
7756;75;627735198;7756;373;8510;8606;7.09;0.43;238.07;8.23;754;75;2939.00;96
7758;75;627735209;7758;366;8511;8606;7.10;0.43;238.04;8.23;753;75;2940.00;95
7758;75;627735219;7758;360;8511;8606;7.10;0.43;238.04;8.23;753;75;2941.00;95
7759;75;627735229;7759;361;8514;8610;7.11;0.43;238.07;8.22;755;75;2942.00;96
7762;75;627735239;7762;355;8515;8611;7.15;0.44;238.07;8.22;753;75;2943.00;96
7763;75;627735250;7763;362;8515;8611;7.18;0.44;238.04;8.22;752;75;2944.00;96
7765;75;627735259;7765;361;8516;8612;7.18;0.44;238.06;8.22;751;75;2945.00;96
7767;75;627735270;7767;343;8516;8612;7.20;0.44;238.06;8.22;749;75;2946.00;96
7770;75;627735280;7770;331;8516;8612;7.30;0.45;238.13;8.22;746;75;2947.00;96
7772;75;627735295;7772;319;8516;8612;7.37;0.45;238.12;8.22;744;75;2948.00;96
7773;75;627735305;7773;309;8516;8612;7.48;0.46;238.09;8.22;743;75;2949.00;96
7776;75;627735315;7776;304;8516;8612;7.56;0.46;238.05;8.22;740;75;2950.00;96
7776;75;627735325;7776;297;8516;8612;7.66;0.47;238.05;8.22;740;75;2951.00;96
7779;75;627735334;7779;301;8549;8682;7.82;0.48;238.02;8.19;770;75;2952.00;133
7780;75;627735350;7780;291;8549;8683;7.91;0.48;237.99;8.19;769;75;2953.00;134
7783;75;627735360;7783;283;8558;8683;8.08;0.49;238.05;8.18;775;75;2954.00;125
7785;75;627735370;7785;274;8559;8683;8.18;0.50;238.03;8.18;774;75;2955.00;124
7788;75;627735381;7788;259;8564;8683;8.32;0.51;238.02;8.18;776;75;2956.00;119
7790;75;627735391;7790;256;8568;8683;8.49;0.52;238.02;8.18;778;75;2957.00;115
7792;75;627735402;7792;250;8573;8683;8.64;0.53;238.01;8.18;781;75;2958.00;110
7793;75;627735413;7793;243;8573;8683;8.74;0.53;238.00;8.18;780;75;2959.00;110
7795;76;627735424;7795;230;8575;8684;8.93;0.54;238.00;8.18;780;76;2960.00;109
7796;76;627735445;7796;222;8576;8685;9.04;0.55;237.99;8.18;780;76;2961.00;109
7799;77;627735456;7799;215;8577;8685;9.22;0.56;237.97;8.18;778;77;2962.00;108
7800;77;627735474;7800;205;8580;8689;9.30;0.57;237.96;8.17;780;77;2963.00;109
7801;78;627735485;7801;196;8580;8689;9.42;0.57;237.94;8.17;779;78;2964.00;109
7805;79;627735508;7805;191;8580;8689;9.54;0.58;237.91;8.17;775;79;2965.00;109
7806;79;627735529;7806;185;8580;8689;9.67;0.59;237.90;8.17;774;79;2966.00;109
7806;79;627735540;7806;181;8583;8695;9.83;0.60;237.90;8.17;777;79;2967.00;112
7806;79;627735551;7806;178;8583;8695;9.93;0.61;237.90;8.17;777;79;2968.00;112
7808;79;627735567;7808;169;8584;8695;10.03;0.61;237.88;8.17;776;79;2969.00;111
7810;79;627735579;7810;166;8587;8701;10.21;0.62;237.87;8.17;777;79;2970.00;114
7812;80;627735594;7812;162;8589;8701;10.36;0.63;237.86;8.30;777;80;2971.00;112
7816;81;627735616;7816;165;8589;8701;10.46;0.63;237.94;8.30;773;81;2972.00;112
7817;82;627735634;7817;161;8590;8702;10.60;0.64;237.92;8.30;773;82;2973.00;112
7820;82;627735656;7820;159;8591;8703;10.71;0.65;237.87;8.30;771;82;2974.00;112
7821;82;627735667;7821;156;8592;8703;10.85;0.66;237.88;8.30;771;82;2975.00;111
7824;82;627735687;7824;156;8600;8716;10.94;0.66;237.90;8.29;776;82;2976.00;116
7827;82;627735699;7827;157;8601;8716;11.00;0.67;237.91;8.29;774;82;2977.00;115
7830;82;627735710;7830;156;8601;8716;11.05;0.67;237.87;8.29;771;82;2978.00;115
7832;82;627735722;7832;162;8602;8717;11.15;0.68;237.92;8.29;770;82;2979.00;115
7835;82;627735733;7835;165;8602;8717;11.18;0.68;237.91;8.29;767;82;2980.00;115
7837;82;627735744;7837;163;8604;8721;11.27;0.68;237.95;8.29;767;82;2981.00;117
7841;82;627735756;7841;156;8604;8721;11.26;0.68;237.96;8.29;763;82;2982.00;117
7844;82;627735767;7844;153;8608;8725;11.24;0.68;238.02;8.29;764;82;2983.00;117
7845;82;627735779;7845;151;8608;8725;11.31;0.69;238.05;8.29;763;82;2984.00;117
7846;82;627735795;7846;153;8608;8725;11.33;0.69;238.07;8.29;762;82;2985.00;117
7852;82;627735815;7852;150;8609;8725;11.26;0.68;238.19;8.42;757;82;2986.00;116
7859;82;627735830;7859;152;8609;8725;11.19;0.68;238.20;8.42;750;82;2987.00;116
7860;82;627735851;7860;153;8619;8737;11.11;0.67;238.21;8.41;759;82;2988.00;118
7865;82;627735870;7865;149;8621;8737;11.05;0.67;238.20;8.55;756;82;2989.00;116
7868;82;627735890;7868;152;8622;8737;11.05;0.67;238.20;8.55;754;82;2990.00;115
7871;82;627735905;7871;147;8622;8737;11.02;0.67;238.18;8.55;751;82;2991.00;115
7874;82;627735918;7874;142;8623;8737;11.08;0.67;238.18;8.69;749;82;2992.00;114
7879;82;627735929;7879;140;8624;8737;11.08;0.67;238.25;8.69;745;82;2993.00;113
7881;82;627735941;7881;135;8626;8738;11.02;0.67;238.25;8.70;745;82;2994.00;112
7885;82;627735953;7885;132;8628;8738;11.01;0.67;238.23;8.72;743;82;2995.00;110
7888;82;627735973;7888;135;8631;8744;11.06;0.67;238.22;8.72;743;82;2996.00;113
7892;82;627735993;7892;133;8633;8745;11.06;0.67;238.17;8.72;741;82;2997.00;112
7895;82;627736004;7895;131;8634;8745;11.13;0.67;238.17;8.86;739;82;2998.00;111
7897;82;627736016;7897;132;8634;8745;11.15;0.68;238.20;8.86;737;82;2999.00;111
7899;82;627736031;7899;130;8638;8765;11.21;0.68;238.18;8.85;739;82;3000.00;127
7902;82;627736050;7902;134;8639;8765;11.27;0.68;238.21;8.85;737;82;3001.00;126
7904;82;627736062;7904;132;8639;8765;11.33;0.69;238.19;8.85;735;82;3002.00;126
7906;82;627736074;7906;127;8641;8766;11.36;0.69;238.20;8.99;735;82;3003.00;125
7910;82;627736085;7910;123;8644;8770;11.33;0.69;238.23;8.99;734;82;3004.00;126
7914;82;627736098;7914;117;8644;8770;11.40;0.69;238.24;8.99;730;82;3005.00;126
7920;82;627736110;7920;114;8648;8773;11.50;0.70;238.20;8.98;728;82;3006.00;125
7923;82;627736122;7923;115;8650;8773;11.51;0.70;238.23;8.99;727;82;3007.00;123
7925;82;627736133;7925;116;8651;8773;11.50;0.70;238.23;9.13;726;82;3008.00;122
7928;82;627736145;7928;119;8653;8773;11.56;0.70;238.31;9.14;725;82;3009.00;120
7930;82;627736156;7930;118;8655;8777;11.63;0.71;238.40;9.14;725;82;3010.00;122
7932;82;627736169;7932;120;8657;8777;11.75;0.71;238.37;9.15;725;82;3011.00;120
7936;82;627736180;7936;125;8661;8777;11.69;0.71;238.40;9.15;725;82;3012.00;116
7939;82;627736191;7939;117;8661;8777;11.71;0.71;238.41;9.15;722;82;3013.00;116
7941;82;627736203;7941;118;8663;8778;11.70;0.71;238.43;9.15;722;82;3014.00;115
7946;82;627736214;7946;123;8667;8780;11.66;0.71;238.45;9.15;721;82;3015.00;113
7951;82;627736226;7951;127;8667;8780;11.67;0.71;238.49;9.15;716;82;3016.00;113
7954;82;627736238;7954;126;8670;8781;11.66;0.71;238.48;9.15;716;82;3017.00;111
7956;82;627736250;7956;128;8670;8781;11.67;0.71;238.46;9.15;714;82;3018.00;111
7958;82;627736261;7958;133;8672;8781;11.64;0.71;238.45;9.16;714;82;3019.00;109
7964;82;627736272;7964;133;8673;8781;11.60;0.70;238.40;9.18;709;82;3020.00;108
7967;82;627736284;7967;133;8673;8781;11.58;0.71;238.46;9.18;706;82;3021.00;108
7967;82;627736296;7967;141;8674;8781;11.60;0.71;238.46;9.18;707;82;3022.00;107
7970;82;627736306;7970;144;8676;8781;11.54;0.70;238.47;9.21;706;82;3023.00;105
7974;82;627736317;7974;171;8735;8908;11.26;0.70;238.47;9.14;761;82;3024.00;173
7975;82;627736340;7975;169;8741;8909;11.21;0.69;238.45;9.17;766;82;3025.00;168
7979;82;627736353;7979;170;8747;8909;11.27;0.70;238.43;9.16;768;82;3026.00;162
7982;82;627736364;7982;174;8752;8909;11.26;0.70;238.42;9.18;770;82;3027.00;157
7984;82;627736377;7984;185;8760;8909;11.23;0.69;238.39;9.19;776;82;3028.00;149
7985;82;627736389;7985;183;8765;8909;11.17;0.69;238.39;9.20;780;82;3029.00;144
7986;82;627736401;7986;190;8769;8909;11.09;0.69;238.43;9.20;783;82;3030.00;140
7989;82;627736413;7989;202;8773;8909;10.99;0.68;238.40;9.21;784;82;3031.00;136
7993;82;627736424;7993;202;8776;8910;10.86;0.67;238.36;9.21;783;82;3032.00;134
7996;82;627736436;7996;207;8781;8911;10.83;0.67;238.35;9.23;785;82;3033.00;130
7997;82;627736448;7997;218;8789;8911;10.73;0.66;238.34;9.25;792;82;3034.00;122
7997;82;627736460;7997;221;8792;8912;10.67;0.66;238.34;9.25;795;82;3035.00;120
8001;82;627736473;8001;226;8799;8912;10.56;0.65;238.33;9.27;798;82;3036.00;113
8005;82;627736484;8005;231;8801;8912;10.38;0.64;238.38;9.27;796;82;3037.00;111
8006;82;627736495;8006;238;8804;8912;10.25;0.63;238.35;9.27;798;82;3038.00;108
8011;82;627736506;8011;237;8809;8916;10.02;0.62;238.46;9.28;798;82;3039.00;107
8015;82;627736519;8015;245;8813;8916;9.82;0.61;238.41;9.28;798;82;3040.00;103
8018;82;627736531;8018;245;8815;8916;9.67;0.60;238.38;9.28;797;82;3041.00;101
8020;82;627736543;8020;251;8819;8919;9.53;0.59;238.35;9.29;799;82;3042.00;100
8024;82;627736554;8024;260;8820;8919;9.43;0.58;238.34;9.29;796;82;3043.00;99
8027;82;627736566;8027;253;8821;8919;9.31;0.57;238.31;9.29;794;82;3044.00;98
8027;82;627736578;8027;257;8827;8923;9.25;0.57;238.31;9.30;800;82;3045.00;96
8030;82;627736590;8030;255;8828;8924;9.21;0.57;238.35;9.30;798;82;3046.00;96
8033;82;627736603;8033;258;8830;8924;9.13;0.56;238.40;9.31;797;82;3047.00;94
8034;82;627736614;8034;262;8833;8928;9.13;0.56;238.37;9.30;799;82;3048.00;95
8035;82;627736625;8035;266;8833;8928;9.07;0.56;238.39;9.30;798;82;3049.00;95
8038;82;627736636;8038;264;8833;8928;9.04;0.55;238.35;9.30;795;82;3050.00;95
8039;82;627736648;8039;263;8834;8929;8.96;0.55;238.35;9.30;795;82;3051.00;95
8045;82;627736658;8045;267;8837;8929;8.81;0.54;238.34;9.32;792;82;3052.00;92
8052;82;627736669;8052;267;8841;8935;8.71;0.53;238.39;9.31;789;82;3053.00;94
8055;82;627736682;8055;269;8844;8935;8.59;0.52;238.41;9.32;789;82;3054.00;91
8060;82;627736693;8060;267;8845;8936;8.42;0.51;238.43;9.32;785;82;3055.00;91
8066;82;627736703;8066;274;8847;8936;8.19;0.50;238.43;9.32;781;82;3056.00;89
8073;82;627736714;8073;272;8848;8936;7.90;0.48;238.44;9.33;775;82;3057.00;88
8076;83;627736724;8076;278;8848;8936;7.67;0.47;238.45;9.33;772;83;3058.00;88
8080;83;627736748;8080;291;8850;8936;7.42;0.45;238.47;9.33;770;83;3059.00;86
8084;83;627736760;8084;300;8873;8972;7.35;0.45;238.50;9.31;789;83;3060.00;99
8086;83;627736773;8086;295;8874;8972;7.26;0.45;238.53;9.31;788;83;3061.00;98
8090;83;627736785;8090;293;8878;8972;7.22;0.45;238.52;9.31;788;83;3062.00;94
8092;83;627736796;8092;292;8880;8972;7.15;0.44;238.59;9.31;788;83;3063.00;92
8094;83;627736813;8094;293;8882;8972;7.10;0.44;238.60;9.31;788;83;3064.00;90
8097;83;627736822;8097;303;8884;8972;7.06;0.43;238.62;9.31;787;83;3065.00;88
8099;83;627736839;8099;304;8887;8976;7.05;0.43;238.66;9.31;788;83;3066.00;89
8102;83;627736848;8102;298;8889;8976;7.02;0.43;238.64;9.31;787;83;3067.00;87
8105;83;627736857;8105;298;8891;8980;7.04;0.43;238.72;9.31;786;83;3068.00;89
8108;83;627736867;8108;295;8893;8981;6.97;0.43;238.76;9.31;785;83;3069.00;88
8108;83;627736876;8108;298;8895;8981;6.91;0.43;238.76;9.31;787;83;3070.00;86
8113;83;627736885;8113;300;8896;8981;6.82;0.42;238.75;9.31;783;83;3071.00;85
8116;83;627736895;8116;297;8907;8994;6.85;0.42;238.77;9.30;791;83;3072.00;87
8118;83;627736905;8118;303;8908;8994;6.88;0.42;238.74;9.43;790;83;3073.00;86
8122;83;627736915;8122;301;8908;8994;6.83;0.42;238.76;9.43;786;83;3074.00;86
8124;83;627736924;8124;297;8909;8995;6.87;0.42;238.76;9.43;785;83;3075.00;86
8128;83;627736934;8128;293;8909;8996;6.81;0.42;238.73;9.43;781;83;3076.00;87
8132;83;627736943;8132;300;8909;8996;6.78;0.42;238.75;9.43;777;83;3077.00;87
8133;83;627736952;8133;296;8911;8999;6.81;0.42;238.74;9.43;778;83;3078.00;88
8137;83;627736961;8137;300;8912;8999;6.77;0.42;238.73;9.43;775;83;3079.00;87
8140;83;627736971;8140;310;8912;8999;6.73;0.41;238.72;9.43;772;83;3080.00;87
8145;83;627736980;8145;309;8912;8999;6.64;0.41;238.69;9.43;767;83;3081.00;87
8147;83;627736989;8147;312;8916;9005;6.62;0.41;238.69;9.42;769;83;3082.00;89
8150;83;627736999;8150;315;8916;9005;6.58;0.40;238.65;9.42;766;83;3083.00;89
8155;83;627737008;8155;319;8917;9005;6.46;0.40;238.64;9.42;762;83;3084.00;88
8157;83;627737018;8157;320;8917;9005;6.36;0.39;238.63;9.42;760;83;3085.00;88
8160;83;627737026;8160;323;8920;9009;6.37;0.39;238.68;9.42;760;83;3086.00;89
8163;83;627737036;8163;332;8921;9010;6.33;0.39;238.69;9.42;758;83;3087.00;89
8168;83;627737045;8168;330;8921;9010;6.26;0.38;238.76;9.42;753;83;3088.00;89
8172;83;627737054;8172;335;8922;9011;6.25;0.38;238.76;9.42;750;83;3089.00;89
8176;83;627737065;8176;344;8922;9011;6.19;0.38;238.70;9.42;746;83;3090.00;89
8177;83;627737074;8177;346;8922;9011;6.19;0.38;238.71;9.42;745;83;3091.00;89
8181;83;627737083;8181;343;8922;9011;6.14;0.38;238.64;9.42;741;83;3092.00;89
8182;83;627737092;8182;344;8922;9011;6.13;0.38;238.63;9.42;740;83;3093.00;89
8185;83;627737101;8185;344;8922;9011;6.11;0.37;238.66;9.42;737;83;3094.00;89
8186;83;627737110;8186;349;8922;9011;6.15;0.38;238.69;9.42;736;83;3095.00;89
8190;83;627737119;8190;359;8962;9081;6.37;0.39;238.69;9.37;772;83;3096.00;119
8191;83;627737135;8191;355;8962;9082;6.35;0.39;238.71;9.37;771;83;3097.00;120
8192;83;627737145;8192;350;8969;9082;6.51;0.40;238.69;9.37;777;83;3098.00;113
8194;83;627737154;8194;355;8971;9082;6.58;0.41;238.68;9.37;777;83;3099.00;111
8197;83;627737164;8197;356;8976;9082;6.71;0.41;238.75;9.36;779;83;3100.00;106
8198;83;627737179;8198;354;8980;9082;6.80;0.42;238.74;9.36;782;83;3101.00;102
8203;83;627737189;8203;358;8985;9082;6.84;0.42;238.75;9.50;782;83;3102.00;97
8205;83;627737199;8205;361;8987;9082;6.81;0.42;238.73;9.50;782;83;3103.00;95
8207;83;627737209;8207;361;8989;9083;6.75;0.41;238.72;9.49;782;83;3104.00;94
8208;83;627737218;8208;367;8991;9085;6.71;0.41;238.70;9.49;783;83;3105.00;94
8211;83;627737227;8211;375;8992;9085;6.54;0.40;238.73;9.49;781;83;3106.00;93
8212;83;627737237;8212;352;8995;9089;6.51;0.40;238.71;9.49;783;83;3107.00;94
8214;83;627737247;8214;341;8995;9089;6.51;0.40;238.72;9.49;781;83;3108.00;94
8216;83;627737258;8216;335;8995;9089;6.54;0.40;238.71;9.49;779;83;3109.00;94
8217;83;627737268;8217;333;8995;9089;6.60;0.41;238.79;9.49;778;83;3110.00;94
8218;83;627737278;8218;319;8999;9095;6.69;0.41;238.81;9.49;781;83;3111.00;96
8219;84;627737289;8219;315;9000;9095;6.86;0.42;238.81;9.48;781;84;3112.00;95
8220;84;627737310;8220;303;9000;9095;6.98;0.43;238.80;9.48;780;84;3113.00;95
8223;85;627737320;8223;295;9002;9098;7.21;0.44;238.78;9.48;779;85;3114.00;96
8225;85;627737342;8225;294;9003;9098;7.41;0.45;238.79;9.48;778;85;3115.00;95
8227;86;627737353;8227;275;9003;9098;7.59;0.46;238.76;9.48;776;86;3116.00;95
8230;86;627737371;8230;251;9003;9099;7.72;0.47;238.72;9.48;773;86;3117.00;96
8232;86;627737382;8232;235;9004;9100;7.93;0.48;238.69;9.48;772;86;3118.00;96
8234;86;627737403;8234;228;9004;9100;8.10;0.49;238.74;9.48;770;86;3119.00;96
8236;86;627737422;8236;225;9024;9126;8.36;0.51;238.73;9.46;788;86;3120.00;102
8236;86;627737442;8236;213;9025;9126;8.50;0.52;238.73;9.46;789;86;3121.00;101
8238;86;627737459;8238;199;9026;9126;8.68;0.53;238.73;9.46;788;86;3122.00;100
8239;86;627737472;8239;195;9027;9127;8.90;0.54;238.73;9.46;788;86;3123.00;100
8240;86;627737484;8240;190;9027;9127;9.05;0.55;238.71;9.46;787;86;3124.00;100
8242;86;627737501;8242;180;9030;9131;9.26;0.56;238.72;9.45;788;86;3125.00;101
8244;86;627737513;8244;173;9030;9131;9.48;0.58;238.69;9.45;786;86;3126.00;101
8247;86;627737525;8247;160;9034;9135;9.56;0.58;238.70;9.45;787;86;3127.00;101
8248;86;627737538;8248;153;9034;9135;9.66;0.59;238.70;9.45;786;86;3128.00;101
8253;87;627737549;8253;148;9034;9135;9.76;0.59;238.65;9.45;781;87;3129.00;101
8255;87;627737573;8255;154;9034;9135;9.85;0.60;238.77;9.45;779;87;3130.00;101
8256;87;627737584;8256;157;9034;9135;9.97;0.60;238.77;9.45;778;87;3131.00;101
8260;87;627737596;8260;156;9044;9147;10.09;0.61;238.88;9.44;784;87;3132.00;103
8262;87;627737609;8262;155;9044;9147;10.21;0.62;238.90;9.44;782;87;3133.00;103
8267;87;627737620;8267;150;9045;9147;10.33;0.63;238.93;9.44;778;87;3134.00;102
8268;87;627737632;8268;150;9045;9147;10.43;0.63;238.95;9.44;777;87;3135.00;102
8271;87;627737645;8271;153;9045;9147;10.53;0.64;238.99;9.44;774;87;3136.00;102
8273;87;627737657;8273;150;9045;9147;10.65;0.65;239.05;9.44;772;87;3137.00;102
8273;88;627737669;8273;148;9045;9148;10.80;0.65;239.05;9.44;772;88;3138.00;103
8278;88;627737691;8278;144;9045;9148;10.90;0.66;239.13;9.44;767;88;3139.00;103
8283;88;627737703;8283;141;9049;9154;10.96;0.66;239.18;9.44;766;88;3140.00;105
8284;88;627737715;8284;140;9050;9155;11.03;0.67;239.18;9.43;766;88;3141.00;105
8285;88;627737732;8285;140;9051;9155;11.11;0.67;239.20;9.43;766;88;3142.00;104
8288;88;627737745;8288;142;9051;9155;11.14;0.68;239.25;9.43;763;88;3143.00;104
8289;88;627737768;8289;138;9054;9159;11.23;0.68;239.24;9.43;765;88;3144.00;105
8293;88;627737779;8293;140;9054;9159;11.24;0.68;239.27;9.43;761;88;3145.00;105
8295;88;627737797;8295;138;9054;9159;11.23;0.68;239.28;9.43;759;88;3146.00;105
8297;88;627737817;8297;141;9055;9160;11.32;0.69;239.28;9.43;758;88;3147.00;105
8299;88;627737836;8299;141;9058;9164;11.45;0.70;239.31;9.43;759;88;3148.00;106
8302;88;627737864;8302;141;9058;9164;11.51;0.70;239.31;9.43;756;88;3149.00;106
8304;88;627737884;8304;145;9061;9170;11.57;0.70;239.32;9.42;757;88;3150.00;109
8311;88;627737901;8311;142;9061;9170;11.60;0.71;239.33;9.42;750;88;3151.00;109
8312;88;627737916;8312;144;9062;9170;11.63;0.71;239.32;9.42;750;88;3152.00;108
8317;88;627737929;8317;140;9062;9170;11.67;0.71;239.35;9.42;745;88;3153.00;108
8320;88;627737942;8320;143;9065;9174;11.73;0.71;239.38;9.42;745;88;3154.00;109
8325;88;627737955;8325;145;9065;9174;11.81;0.72;239.40;9.42;740;88;3155.00;109
8329;88;627737969;8329;143;9066;9174;11.91;0.72;239.47;9.42;737;88;3156.00;108
8333;88;627737983;8333;145;9066;9174;12.00;0.73;239.47;9.42;733;88;3157.00;108
8338;88;627737996;8338;143;9067;9175;12.05;0.73;239.48;9.42;729;88;3158.00;108
8341;88;627738008;8341;138;9068;9176;12.05;0.73;239.53;9.42;727;88;3159.00;108
8345;88;627738021;8345;135;9069;9176;12.02;0.73;239.58;9.42;724;88;3160.00;107
8350;88;627738033;8350;134;9070;9177;12.01;0.73;239.65;9.42;720;88;3161.00;107
8355;88;627738051;8355;129;9071;9177;11.94;0.72;239.69;9.55;716;88;3162.00;106
8357;88;627738065;8357;126;9071;9177;11.94;0.72;239.69;9.55;714;88;3163.00;106
8360;88;627738076;8360;118;9072;9177;11.95;0.72;239.73;9.57;712;88;3164.00;105
8363;88;627738089;8363;113;9072;9177;12.03;0.73;239.86;9.57;709;88;3165.00;105
8367;88;627738101;8367;110;9073;9177;12.03;0.73;239.88;9.58;706;88;3166.00;104
8371;88;627738113;8371;108;9073;9177;11.98;0.72;239.89;9.58;702;88;3167.00;104
8371;88;627738124;8371;133;9143;9304;11.61;0.71;239.89;9.50;772;88;3168.00;161
8376;88;627738147;8376;123;9144;9305;11.59;0.71;239.97;9.50;768;88;3169.00;161
8380;88;627738160;8380;115;9152;9305;11.64;0.71;239.98;9.50;772;88;3170.00;153
8381;88;627738172;8381;111;9153;9305;11.70;0.72;239.96;9.50;772;88;3171.00;152
8383;88;627738186;8383;112;9157;9305;11.74;0.72;239.97;9.49;774;88;3172.00;148
8387;88;627738200;8387;115;9162;9305;11.78;0.72;239.96;9.49;775;88;3173.00;143
8389;88;627738213;8389;112;9166;9305;11.84;0.72;239.97;9.49;777;88;3174.00;139
8393;88;627738232;8393;112;9168;9305;11.84;0.72;240.02;9.49;775;88;3175.00;137
8397;88;627738244;8397;114;9172;9306;11.91;0.73;239.98;9.49;775;88;3176.00;134
8400;88;627738256;8400;117;9179;9307;11.94;0.73;240.04;9.49;779;88;3177.00;128
8404;88;627738269;8404;121;9180;9307;11.93;0.73;240.02;9.49;776;88;3178.00;127
8405;88;627738281;8405;123;9181;9308;11.92;0.73;240.03;9.49;776;88;3179.00;127
8408;88;627738296;8408;126;9184;9308;11.84;0.72;240.07;9.49;776;88;3180.00;124
8409;88;627738308;8409;131;9184;9308;11.76;0.72;240.08;9.49;775;88;3181.00;124
8411;88;627738322;8411;130;9187;9308;11.69;0.71;240.09;9.49;776;88;3182.00;121
8414;88;627738334;8414;130;9191;9312;11.61;0.71;240.13;9.50;777;88;3183.00;121
8417;88;627738348;8417;135;9194;9312;11.57;0.70;240.13;9.50;777;88;3184.00;118
8422;88;627738360;8422;136;9195;9312;11.46;0.70;240.20;9.50;773;88;3185.00;117
8427;88;627738379;8427;144;9198;9315;11.33;0.69;240.21;9.50;771;88;3186.00;117
8428;88;627738400;8428;142;9200;9315;11.28;0.69;240.30;9.51;772;88;3187.00;115
8432;88;627738413;8432;142;9201;9315;11.21;0.68;240.28;9.51;769;88;3188.00;114
8434;88;627738425;8434;151;9204;9319;11.10;0.68;240.31;9.51;770;88;3189.00;115
8438;88;627738438;8438;155;9207;9320;11.04;0.67;240.29;9.52;769;88;3190.00;113
8439;88;627738451;8439;162;9210;9322;11.02;0.67;240.29;9.53;771;88;3191.00;112
8441;88;627738462;8441;168;9213;9326;11.02;0.67;240.29;9.52;772;88;3192.00;113
8447;88;627738475;8447;174;9215;9326;10.92;0.66;240.27;9.54;768;88;3193.00;111
8447;88;627738488;8447;179;9215;9326;10.80;0.66;240.27;9.54;768;88;3194.00;111
8448;88;627738500;8448;185;9219;9328;10.75;0.65;240.26;9.56;771;88;3195.00;109
8449;88;627738512;8449;192;9219;9328;10.67;0.65;240.31;9.56;770;88;3196.00;109
8452;88;627738524;8452;198;9223;9334;10.57;0.65;240.31;9.56;771;88;3197.00;111
8453;89;627738537;8453;201;9225;9334;10.43;0.64;240.32;9.57;772;89;3198.00;109
8455;89;627738556;8455;210;9226;9335;10.27;0.63;240.30;9.57;771;89;3199.00;109
8457;89;627738569;8457;215;9228;9335;10.12;0.62;240.29;9.59;771;89;3200.00;107
8460;89;627738585;8460;225;9228;9335;10.02;0.61;240.25;9.59;768;89;3201.00;107
8463;89;627738596;8463;227;9230;9335;9.87;0.61;240.22;9.61;767;89;3202.00;105
8467;89;627738607;8467;236;9230;9335;9.76;0.60;240.22;9.61;763;89;3203.00;105
8472;89;627738622;8472;240;9241;9347;9.69;0.59;240.19;9.62;769;89;3204.00;106
8474;89;627738634;8474;244;9241;9347;9.61;0.59;240.18;9.62;767;89;3205.00;106
8477;89;627738646;8477;248;9245;9347;9.52;0.58;240.16;9.63;768;89;3206.00;102
8477;89;627738657;8477;253;9247;9347;9.45;0.58;240.16;9.65;770;89;3207.00;100
8481;89;627738667;8481;262;9247;9347;9.23;0.57;240.14;9.65;766;89;3208.00;100
8485;89;627738677;8485;265;9249;9347;9.03;0.55;240.14;9.66;764;89;3209.00;98
8486;89;627738689;8486;262;9252;9351;8.92;0.55;240.15;9.66;766;89;3210.00;99
8488;89;627738700;8488;258;9252;9351;8.89;0.55;240.17;9.66;764;89;3211.00;99
8492;89;627738710;8492;259;9258;9355;8.85;0.54;240.11;9.67;766;89;3212.00;97
8492;89;627738721;8492;261;9259;9356;8.88;0.55;240.11;9.67;767;89;3213.00;97
8493;89;627738731;8493;256;9262;9356;8.86;0.54;240.10;9.68;769;89;3214.00;94
8497;89;627738741;8497;255;9263;9356;8.70;0.54;240.13;9.68;766;89;3215.00;93
8501;89;627738758;8501;252;9274;9369;8.66;0.53;240.11;9.67;773;89;3216.00;95
8504;89;627738770;8504;246;9274;9369;8.62;0.53;240.11;9.67;770;89;3217.00;95
8509;89;627738781;8509;254;9276;9369;8.54;0.52;240.21;9.68;767;89;3218.00;93
8510;89;627738792;8510;256;9277;9370;8.49;0.52;240.22;9.68;767;89;3219.00;93
8514;89;627738802;8514;260;9279;9371;8.37;0.51;240.22;9.69;765;89;3220.00;92
8516;89;627738812;8516;260;9279;9371;8.19;0.51;240.27;9.69;763;89;3221.00;92
8520;89;627738821;8520;260;9282;9374;8.04;0.50;240.28;9.69;762;89;3222.00;92
8525;89;627738832;8525;269;9283;9374;7.97;0.49;240.25;9.69;758;89;3223.00;91
8529;89;627738841;8529;268;9284;9374;7.92;0.49;240.25;9.69;755;89;3224.00;90
8534;89;627738850;8534;272;9284;9374;7.82;0.48;240.22;9.69;750;89;3225.00;90
8541;89;627738859;8541;278;9290;9380;7.80;0.48;240.23;9.69;749;89;3226.00;90
8548;89;627738869;8548;283;9290;9380;7.63;0.47;240.20;9.69;742;89;3227.00;90
8550;89;627738878;8550;290;9291;9380;7.44;0.45;240.23;9.69;741;89;3228.00;89
8552;89;627738886;8552;297;9293;9380;7.29;0.45;240.25;9.69;741;89;3229.00;87
8555;89;627738894;8555;292;9296;9384;7.21;0.44;240.26;9.69;741;89;3230.00;88
8556;89;627738903;8556;288;9299;9385;7.15;0.44;240.29;9.69;743;89;3231.00;86
8561;89;627738911;8561;291;9299;9385;7.04;0.43;240.29;9.69;738;89;3232.00;86
8563;89;627738919;8563;292;9302;9386;6.91;0.42;240.30;9.69;739;89;3233.00;84
8565;89;627738927;8565;294;9302;9386;6.89;0.42;240.30;9.69;737;89;3234.00;84
8567;89;627738935;8567;297;9302;9386;6.77;0.42;240.33;9.69;735;89;3235.00;84
8571;89;627738944;8571;306;9303;9386;6.67;0.41;240.32;9.69;732;89;3236.00;83
8574;89;627738951;8574;303;9303;9386;6.61;0.41;240.30;9.69;729;89;3237.00;83
8580;89;627738960;8580;297;9303;9386;6.57;0.40;240.32;9.69;723;89;3238.00;83
8583;89;627738968;8583;299;9303;9386;6.62;0.41;240.28;9.69;720;89;3239.00;83
8585;89;627738978;8585;299;9356;9511;7.04;0.44;240.28;9.63;771;89;3240.00;155
8587;89;627738995;8587;297;9362;9512;7.14;0.44;240.28;9.63;775;89;3241.00;150
8589;89;627739004;8589;284;9373;9512;7.30;0.45;240.28;9.62;784;89;3242.00;139
8592;89;627739012;8592;283;9383;9512;7.32;0.45;240.27;9.61;791;89;3243.00;129
8595;89;627739021;8595;282;9387;9512;7.31;0.45;240.27;9.61;792;89;3244.00;125
8598;89;627739030;8598;280;9389;9512;7.27;0.45;240.25;9.61;791;89;3245.00;123
8601;89;627739039;8601;278;9394;9512;7.22;0.45;240.23;9.60;793;89;3246.00;118
8602;89;627739048;8602;281;9396;9512;7.19;0.44;240.21;9.60;794;89;3247.00;116
8606;89;627739056;8606;281;9400;9513;7.12;0.44;240.28;9.60;794;89;3248.00;113
8609;89;627739066;8609;286;9402;9514;7.06;0.44;240.34;9.60;793;89;3249.00;112
8612;89;627739076;8612;295;9404;9514;7.03;0.43;240.35;9.60;792;89;3250.00;110
8615;89;627739085;8615;300;9410;9518;6.97;0.43;240.36;9.60;795;89;3251.00;108
8620;89;627739101;8620;310;9411;9518;6.85;0.42;240.31;9.60;791;89;3252.00;107
8621;89;627739110;8621;316;9413;9518;6.80;0.42;240.33;9.60;792;89;3253.00;105
8622;89;627739119;8622;317;9413;9518;6.79;0.42;240.35;9.60;791;89;3254.00;105
8624;89;627739129;8624;324;9417;9524;6.75;0.41;240.39;9.60;793;89;3255.00;107
8627;89;627739138;8627;326;9417;9524;6.74;0.41;240.40;9.60;790;89;3256.00;107
8629;89;627739147;8629;328;9417;9524;6.72;0.41;240.42;9.60;788;89;3257.00;107
8631;89;627739157;8631;333;9419;9527;6.71;0.41;240.46;9.60;788;89;3258.00;108
8633;89;627739167;8633;320;9420;9527;6.67;0.41;240.45;9.60;787;89;3259.00;107
8637;89;627739177;8637;313;9420;9527;6.70;0.41;240.53;9.60;783;89;3260.00;107
8641;89;627739187;8641;306;9421;9528;6.69;0.41;240.51;9.60;780;89;3261.00;107
8642;89;627739197;8642;297;9422;9529;6.83;0.42;240.53;9.59;780;89;3262.00;107
8646;89;627739207;8646;291;9422;9529;6.88;0.42;240.56;9.59;776;89;3263.00;107
8649;89;627739220;8649;288;9433;9542;7.08;0.43;240.55;9.58;784;89;3264.00;109
8652;89;627739231;8652;284;9433;9542;7.16;0.44;240.60;9.58;781;89;3265.00;109
8654;89;627739242;8654;282;9434;9542;7.23;0.44;240.62;9.58;780;89;3266.00;108
8656;89;627739258;8656;280;9435;9543;7.29;0.44;240.64;9.58;779;89;3267.00;108
8660;89;627739280;8660;285;9435;9543;7.29;0.44;240.64;9.58;775;89;3268.00;108
8663;89;627739296;8663;286;9438;9547;7.28;0.44;240.61;9.58;775;89;3269.00;109
8666;89;627739308;8666;283;9439;9547;7.28;0.44;240.60;9.58;773;89;3270.00;108
8670;89;627739319;8670;278;9442;9551;7.36;0.45;240.66;9.58;772;89;3271.00;109
8675;89;627739330;8675;274;9442;9551;7.40;0.45;240.64;9.58;767;89;3272.00;109
8677;89;627739340;8677;269;9442;9551;7.50;0.46;240.63;9.58;765;89;3273.00;109
8679;89;627739350;8679;271;9442;9551;7.59;0.46;240.65;9.58;763;89;3274.00;109
8684;89;627739361;8684;270;9442;9551;7.62;0.46;240.60;9.58;758;89;3275.00;109
8685;89;627739371;8685;268;9453;9563;7.82;0.48;240.59;9.56;768;89;3276.00;110
8686;89;627739382;8686;258;9453;9563;7.87;0.48;240.59;9.56;767;89;3277.00;110
8688;89;627739393;8688;251;9453;9563;8.01;0.49;240.59;9.56;765;89;3278.00;110
8689;89;627739404;8689;248;9453;9563;8.10;0.49;240.59;9.56;764;89;3279.00;110
8693;89;627739414;8693;242;9453;9563;8.21;0.50;240.56;9.56;760;89;3280.00;110
8695;89;627739426;8695;240;9453;9563;8.30;0.50;240.58;9.56;758;89;3281.00;110
8697;89;627739436;8697;230;9453;9564;8.43;0.51;240.57;9.56;756;89;3282.00;111
8701;90;627739447;8701;229;9453;9564;8.48;0.52;240.53;9.56;752;90;3283.00;111
8703;90;627739470;8703;228;9457;9570;8.56;0.52;240.50;9.56;754;90;3284.00;113
8704;90;627739481;8704;227;9459;9572;8.73;0.53;240.57;9.56;755;90;3285.00;113
8704;90;627739497;8704;208;9460;9572;8.98;0.54;240.57;9.56;756;90;3286.00;112
8709;90;627739513;8709;192;9460;9572;9.11;0.55;240.60;9.56;751;90;3287.00;112
8710;90;627739525;8710;178;9463;9576;9.28;0.56;240.61;9.56;753;90;3288.00;113
8713;90;627739537;8713;166;9463;9576;9.38;0.57;240.61;9.56;750;90;3289.00;113
8715;90;627739554;8715;151;9463;9576;9.51;0.58;240.65;9.56;748;90;3290.00;113
8720;90;627739565;8720;141;9464;9577;9.70;0.59;240.75;9.55;744;90;3291.00;113
8720;90;627739577;8720;136;9467;9581;9.90;0.60;240.75;9.55;747;90;3292.00;114
8725;90;627739589;8725;132;9467;9581;10.12;0.61;240.79;9.55;742;90;3293.00;114
8726;90;627739601;8726;127;9469;9584;10.34;0.63;240.81;9.55;743;90;3294.00;115
8727;90;627739617;8727;124;9469;9584;10.56;0.64;240.85;9.55;742;90;3295.00;115
8730;90;627739629;8730;121;9470;9584;10.72;0.65;240.89;9.55;740;90;3296.00;114
8731;90;627739641;8731;117;9470;9584;10.87;0.66;240.89;9.55;739;90;3297.00;114
8735;90;627739653;8735;119;9473;9588;11.00;0.67;240.90;9.55;738;90;3298.00;115
8737;90;627739665;8737;125;9473;9588;11.10;0.67;240.89;9.55;736;90;3299.00;115
8738;90;627739680;8738;134;9477;9607;11.22;0.68;240.91;9.54;739;90;3300.00;130
8739;90;627739697;8739;129;9477;9607;11.37;0.69;240.95;9.54;738;90;3301.00;130
8743;90;627739709;8743;132;9478;9608;11.41;0.69;240.96;9.54;735;90;3302.00;130
8744;90;627739721;8744;130;9479;9609;11.56;0.70;240.96;9.54;735;90;3303.00;130
8746;90;627739733;8746;126;9479;9609;11.65;0.71;240.94;9.54;733;90;3304.00;130
8748;90;627739744;8748;127;9480;9610;11.70;0.71;240.95;9.54;732;90;3305.00;130
8751;90;627739756;8751;134;9481;9610;11.79;0.72;240.96;9.54;730;90;3306.00;129
8754;90;627739767;8754;130;9482;9610;11.89;0.72;240.94;9.54;728;90;3307.00;128
8756;90;627739779;8756;132;9482;9610;11.93;0.73;240.98;9.54;726;90;3308.00;128
8759;90;627739795;8759;133;9482;9610;12.00;0.73;240.96;9.54;723;90;3309.00;128
8761;90;627739814;8761;129;9482;9610;12.00;0.73;241.02;9.54;721;90;3310.00;128
8766;90;627739832;8766;129;9483;9610;12.02;0.73;241.02;9.54;717;90;3311.00;127
8768;90;627739852;8768;152;9550;9737;11.69;0.72;241.04;9.47;782;90;3312.00;187
8771;90;627739883;8771;143;9556;9738;11.67;0.72;241.07;9.61;785;90;3313.00;182
8775;90;627739914;8775;130;9558;9738;11.75;0.72;241.12;9.61;783;90;3314.00;180
8779;91;627739928;8779;124;9559;9738;11.81;0.72;241.11;9.61;780;91;3315.00;179
8784;91;627739950;8784;123;9561;9738;11.81;0.73;241.19;9.61;777;91;3316.00;177
8786;91;627739974;8786;121;9564;9738;11.85;0.73;241.21;9.61;778;91;3317.00;174
8791;91;627739995;8791;123;9567;9738;11.88;0.73;241.22;9.61;776;91;3318.00;171
8797;91;627740008;8797;122;9569;9738;11.88;0.73;241.22;9.61;772;91;3319.00;169
8801;91;627740020;8801;126;9571;9739;11.92;0.73;241.26;9.61;770;91;3320.00;168
8804;91;627740032;8804;130;9573;9740;11.93;0.73;241.24;9.61;769;91;3321.00;167
8807;91;627740044;8807;135;9576;9740;11.89;0.73;241.26;9.61;769;91;3322.00;164
8811;91;627740056;8811;138;9577;9741;11.87;0.73;241.31;9.61;766;91;3323.00;164
8816;91;627740069;8816;149;9581;9741;11.83;0.72;241.33;9.61;765;91;3324.00;160
8820;91;627740081;8820;153;9582;9741;11.79;0.72;241.36;9.61;762;91;3325.00;159
8825;91;627740094;8825;163;9585;9741;11.69;0.71;241.39;9.62;760;91;3326.00;156
8826;91;627740106;8826;158;9589;9745;11.72;0.72;241.39;9.76;763;91;3327.00;156
8829;91;627740118;8829;166;9593;9745;11.65;0.71;241.38;9.76;764;91;3328.00;152
8832;91;627740129;8832;170;9597;9745;11.62;0.71;241.39;9.77;765;91;3329.00;148
8834;91;627740142;8834;169;9601;9751;11.50;0.70;241.41;9.91;767;91;3330.00;150
8838;91;627740154;8838;174;9602;9751;11.37;0.69;241.41;9.90;764;91;3331.00;149
8842;91;627740165;8842;174;9604;9751;11.25;0.69;241.41;9.90;762;91;3332.00;147
8845;91;627740176;8845;181;9609;9755;11.21;0.68;241.40;9.90;764;91;3333.00;146
8851;91;627740188;8851;176;9612;9756;11.14;0.68;241.38;10.05;761;91;3334.00;144
8855;91;627740202;8855;174;9615;9756;11.05;0.67;241.45;10.06;760;91;3335.00;141
8857;91;627740215;8857;169;9618;9760;11.04;0.67;241.46;10.06;761;91;3336.00;142
8861;91;627740227;8861;167;9618;9760;11.08;0.68;241.48;10.06;757;91;3337.00;142
8864;91;627740238;8864;161;9619;9760;11.07;0.68;241.49;10.07;755;91;3338.00;141
8865;92;627740250;8865;151;9620;9761;11.10;0.68;241.49;10.06;755;92;3339.00;141
8870;92;627740276;8870;155;9624;9761;11.07;0.68;241.49;10.07;754;92;3340.00;137
8875;92;627740288;8875;150;9627;9767;11.16;0.68;241.51;10.07;752;92;3341.00;140
8878;92;627740302;8878;149;9629;9767;11.15;0.68;241.51;10.08;751;92;3342.00;138
8882;92;627740319;8882;148;9630;9768;11.17;0.68;241.56;10.08;748;92;3343.00;138
8885;92;627740332;8885;146;9630;9768;11.20;0.68;241.56;10.08;745;92;3344.00;138
8889;92;627740344;8889;146;9631;9768;11.21;0.68;241.53;10.08;742;92;3345.00;137
8894;92;627740356;8894;150;9632;9768;11.28;0.69;241.52;10.08;738;92;3346.00;136
8896;92;627740367;8896;152;9633;9768;11.30;0.69;241.55;10.08;737;92;3347.00;135
8900;92;627740378;8900;154;9645;9780;11.23;0.68;241.60;10.07;745;92;3348.00;135
8902;92;627740391;8902;158;9649;9780;11.11;0.67;241.59;10.08;747;92;3349.00;131
8906;92;627740402;8906;158;9649;9780;11.04;0.67;241.58;10.08;743;92;3350.00;131
8908;92;627740413;8908;160;9652;9780;10.96;0.66;241.58;10.08;744;92;3351.00;128
8911;92;627740425;8911;160;9652;9780;10.90;0.66;241.62;10.08;741;92;3352.00;128
8913;92;627740436;8913;159;9652;9780;10.81;0.65;241.60;10.08;739;92;3353.00;128
8917;92;627740447;8917;165;9655;9784;10.60;0.64;241.67;10.08;738;92;3354.00;129
8919;92;627740459;8919;170;9656;9784;10.54;0.64;241.66;10.08;737;92;3355.00;128
8921;92;627740471;8921;175;9659;9788;10.45;0.63;241.68;10.08;738;92;3356.00;129
8922;92;627740481;8922;177;9661;9789;10.51;0.64;241.72;10.07;739;92;3357.00;128
8924;92;627740492;8924;182;9661;9789;10.47;0.63;241.69;10.07;737;92;3358.00;128
8926;92;627740504;8926;191;9661;9789;10.42;0.63;241.70;10.07;735;92;3359.00;128
8929;92;627740516;8929;205;9680;9818;10.26;0.62;241.69;10.07;751;92;3360.00;138
8929;92;627740534;8929;208;9683;9818;10.19;0.62;241.69;10.08;754;92;3361.00;135
8933;92;627740545;8933;218;9686;9818;9.99;0.60;241.77;10.07;753;92;3362.00;132
8936;92;627740556;8936;218;9691;9819;9.94;0.60;241.78;10.09;755;92;3363.00;128
8939;92;627740567;8939;223;9691;9820;9.77;0.59;241.78;10.09;752;92;3364.00;129
8943;92;627740578;8943;230;9693;9820;9.59;0.58;241.77;10.12;750;92;3365.00;127
8944;92;627740589;8944;230;9697;9823;9.52;0.58;241.85;10.12;753;92;3366.00;126
8946;92;627740600;8946;235;9698;9823;9.39;0.57;241.84;10.13;752;92;3367.00;125
8948;92;627740610;8948;247;9698;9823;9.26;0.56;241.82;10.13;750;92;3368.00;125
8948;92;627740621;8948;249;9700;9823;9.18;0.56;241.82;10.15;752;92;3369.00;123
8950;92;627740630;8950;258;9704;9829;9.18;0.56;241.80;10.15;754;92;3370.00;125
8951;92;627740641;8951;267;9707;9829;9.06;0.55;241.83;10.17;756;92;3371.00;122
8952;92;627740652;8952;272;9707;9829;8.96;0.55;241.82;10.17;755;92;3372.00;122
8954;92;627740662;8954;279;9709;9829;8.80;0.54;241.85;10.19;755;92;3373.00;120
8957;92;627740672;8957;290;9712;9833;8.63;0.53;241.87;10.18;755;92;3374.00;121
8957;92;627740683;8957;298;9715;9835;8.59;0.53;241.87;10.19;758;92;3375.00;120
8959;92;627740693;8959;307;9716;9835;8.51;0.52;241.92;10.19;757;92;3376.00;119
8961;92;627740702;8961;308;9718;9836;8.41;0.52;241.91;10.20;757;92;3377.00;118
8964;92;627740712;8964;316;9718;9836;8.35;0.51;241.90;10.20;754;92;3378.00;118
8967;92;627740722;8967;317;9719;9836;8.21;0.50;241.88;10.21;752;92;3379.00;117
8969;92;627740732;8969;316;9719;9836;8.08;0.50;241.89;10.21;750;92;3380.00;117
8972;92;627740741;8972;317;9720;9836;7.91;0.49;241.84;10.21;748;92;3381.00;116
8972;92;627740750;8972;323;9723;9836;7.81;0.48;241.84;10.23;751;92;3382.00;113
8975;92;627740759;8975;314;9723;9836;7.69;0.47;241.86;10.23;748;92;3383.00;113
8976;92;627740769;8976;323;9762;9906;7.79;0.48;241.84;10.21;786;92;3384.00;144
8979;92;627740783;8979;317;9764;9907;7.70;0.47;241.80;10.21;785;92;3385.00;143
8981;92;627740795;8981;315;9773;9907;7.67;0.47;241.77;10.21;792;92;3386.00;134
8983;92;627740806;8983;314;9782;9907;7.62;0.47;241.73;10.20;799;92;3387.00;125
8986;92;627740815;8986;315;9787;9907;7.57;0.47;241.69;10.20;801;92;3388.00;120
8987;92;627740825;8987;314;9791;9907;7.49;0.46;241.66;10.21;804;92;3389.00;116
8990;92;627740836;8990;314;9794;9907;7.37;0.45;241.72;10.21;804;92;3390.00;113
8993;92;627740845;8993;317;9796;9907;7.22;0.45;241.70;10.22;803;92;3391.00;111
8998;92;627740859;8998;321;9797;9908;7.06;0.44;241.67;10.21;799;92;3392.00;111
9001;92;627740869;9001;329;9798;9909;6.93;0.43;241.70;10.21;797;92;3393.00;111
9007;92;627740896;9007;337;9799;9909;6.77;0.42;241.71;10.22;792;92;3394.00;110
9012;92;627740904;9012;343;9802;9913;6.60;0.41;241.67;10.22;790;92;3395.00;111
9018;92;627740914;9018;344;9803;9913;6.40;0.39;241.62;10.22;785;92;3396.00;110
9020;92;627740924;9020;351;9804;9913;6.28;0.39;241.63;10.22;784;92;3397.00;109
9024;92;627740933;9024;358;9805;9913;6.20;0.38;241.67;10.22;781;92;3398.00;108
9026;92;627740941;9026;363;9811;9919;6.15;0.38;241.64;10.22;785;92;3399.00;108
9029;92;627740952;9029;361;9811;9919;6.08;0.38;241.60;10.22;782;92;3400.00;108
9033;92;627740964;9033;357;9812;9919;5.98;0.37;241.59;10.23;779;92;3401.00;107
9035;92;627740973;9035;357;9814;9922;5.94;0.37;241.59;10.23;779;92;3402.00;108
9038;92;627740988;9038;351;9814;9922;5.84;0.36;241.59;10.23;776;92;3403.00;108
9041;92;627740995;9041;348;9814;9922;5.75;0.35;241.59;10.23;773;92;3404.00;108
9044;92;627741004;9044;349;9815;9923;5.67;0.35;241.57;10.23;771;92;3405.00;108
9045;92;627741013;9045;359;9818;9924;5.74;0.35;241.55;10.24;773;92;3406.00;106
9047;92;627741021;9047;355;9819;9924;5.79;0.36;241.59;10.24;772;92;3407.00;105
9051;92;627741030;9051;353;9829;9937;5.92;0.36;241.61;10.23;778;92;3408.00;108
9053;92;627741039;9053;351;9830;9937;5.98;0.37;241.60;10.23;777;92;3409.00;107
9056;92;627741048;9056;339;9830;9937;5.99;0.37;241.63;10.23;774;92;3410.00;107
9057;92;627741057;9057;324;9831;9938;6.16;0.38;241.61;10.23;774;92;3411.00;107
9061;92;627741066;9061;310;9833;9938;6.24;0.38;241.61;10.23;772;92;3412.00;105
9065;92;627741075;9065;302;9835;9942;6.37;0.39;241.69;10.23;770;92;3413.00;107
9067;92;627741085;9067;300;9836;9942;6.50;0.40;241.70;10.23;769;92;3414.00;106
9071;92;627741095;9071;297;9839;9946;6.59;0.40;241.73;10.22;768;92;3415.00;107
9074;92;627741105;9074;286;9840;9946;6.63;0.41;241.73;10.22;766;92;3416.00;106
9079;92;627741115;9079;278;9840;9946;6.68;0.41;241.72;10.22;761;92;3417.00;106
9082;93;627741130;9082;273;9840;9946;6.77;0.41;241.70;10.22;758;93;3418.00;106
9085;93;627741151;9085;269;9840;9946;6.87;0.42;241.73;10.22;755;93;3419.00;106
9087;93;627741163;9087;266;9866;9980;7.17;0.44;241.73;10.20;779;93;3420.00;114
9088;93;627741175;9088;262;9867;9980;7.30;0.45;241.75;10.20;779;93;3421.00;113
9094;93;627741185;9094;254;9868;9980;7.41;0.45;241.74;10.20;774;93;3422.00;112
9095;93;627741200;9095;246;9868;9980;7.54;0.46;241.74;10.20;773;93;3423.00;112
9100;93;627741210;9100;242;9869;9980;7.60;0.47;241.72;10.19;769;93;3424.00;111
9104;93;627741226;9104;234;9869;9980;7.66;0.47;241.73;10.19;765;93;3425.00;111
9106;93;627741241;9106;235;9869;9981;7.71;0.47;241.70;10.19;763;93;3426.00;112
9111;93;627741251;9111;229;9869;9981;7.80;0.48;241.79;10.19;758;93;3427.00;112
9115;93;627741261;9115;229;9873;9987;7.90;0.48;241.80;10.19;758;93;3428.00;114
9115;93;627741272;9115;234;9875;9988;8.00;0.49;241.80;10.19;760;93;3429.00;113
9118;93;627741283;9118;229;9875;9988;8.02;0.49;241.82;10.19;757;93;3430.00;113
9122;93;627741293;9122;228;9875;9988;8.02;0.49;241.80;10.19;753;93;3431.00;113
9123;93;627741304;9123;231;9878;9992;8.04;0.49;241.82;10.19;755;93;3432.00;114
9127;93;627741314;9127;236;9878;9992;8.03;0.49;241.91;10.19;751;93;3433.00;114
9130;93;627741325;9130;236;9878;9992;8.13;0.50;241.90;10.19;748;93;3434.00;114
9132;93;627741335;9132;240;9879;9993;8.18;0.50;241.88;10.18;747;93;3435.00;114
9135;93;627741345;9135;241;9882;9997;8.25;0.50;241.94;10.18;747;93;3436.00;115
9140;93;627741356;9140;238;9882;9997;8.29;0.51;242.02;10.18;742;93;3437.00;115
9147;93;627741366;9147;239;9884;10000;8.41;0.51;242.06;10.18;737;93;3438.00;116
9151;93;627741377;9151;241;9885;10000;8.48;0.52;242.04;10.18;734;93;3439.00;115
9153;93;627741388;9153;241;9885;10000;8.53;0.52;242.06;10.18;732;93;3440.00;115
9155;93;627741398;9155;242;9885;10000;8.61;0.53;242.04;10.18;730;93;3441.00;115
9161;93;627741409;9161;249;9888;10004;8.63;0.53;242.00;10.18;727;93;3442.00;116
9165;93;627741420;9165;243;9888;10004;8.65;0.53;242.04;10.18;723;93;3443.00;116
9168;93;627741430;9168;240;9889;10004;8.64;0.52;242.02;10.18;721;93;3444.00;115
9170;93;627741441;9170;241;9889;10004;8.62;0.52;242.03;10.18;719;93;3445.00;115
9171;93;627741451;9171;243;9889;10005;8.61;0.52;242.05;10.18;718;93;3446.00;116
9176;93;627741461;9176;229;9890;10006;8.64;0.52;242.06;10.17;714;93;3447.00;116
9180;93;627741472;9180;221;9890;10006;8.65;0.52;242.10;10.17;710;93;3448.00;116
9181;93;627741484;9181;209;9891;10007;8.77;0.53;242.13;10.17;710;93;3449.00;116
9186;93;627741496;9186;204;9891;10007;8.81;0.53;242.25;10.17;705;93;3450.00;116
9189;93;627741507;9189;204;9891;10007;8.93;0.54;242.24;10.17;702;93;3451.00;116
9192;93;627741517;9192;206;9891;10007;9.03;0.55;242.27;10.17;699;93;3452.00;116
9195;93;627741530;9195;196;9891;10007;9.18;0.56;242.35;10.17;696;93;3453.00;116
9199;93;627741546;9199;195;9891;10007;9.25;0.56;242.40;10.17;692;93;3454.00;116
9203;94;627741557;9203;193;9891;10007;9.31;0.56;242.46;10.17;688;94;3455.00;116
9205;94;627741582;9205;195;9962;10134;9.40;0.58;242.50;10.10;757;94;3456.00;172
9208;94;627741604;9208;174;9964;10135;9.52;0.58;242.53;10.10;756;94;3457.00;171
9209;94;627741615;9209;154;9971;10135;9.74;0.60;242.53;10.09;762;94;3458.00;164
9213;94;627741627;9213;145;9974;10135;9.85;0.61;242.59;10.09;761;94;3459.00;161
9215;94;627741639;9215;138;9979;10135;10.00;0.61;242.63;10.09;764;94;3460.00;156
9216;94;627741656;9216;126;9981;10135;10.16;0.62;242.65;10.09;765;94;3461.00;154
9219;94;627741668;9219;121;9986;10135;10.32;0.63;242.66;10.09;767;94;3462.00;149
9225;94;627741680;9225;121;9988;10135;10.36;0.64;242.71;10.09;763;94;3463.00;147
9229;94;627741697;9229;119;9992;10136;10.42;0.64;242.72;10.08;763;94;3464.00;144
9232;94;627741710;9232;120;9995;10138;10.56;0.65;242.77;10.08;763;94;3465.00;143
9235;94;627741722;9235;123;9999;10138;10.63;0.65;242.80;10.08;764;94;3466.00;139
9235;94;627741735;9235;124;10002;10139;10.71;0.65;242.80;10.08;767;94;3467.00;137
9237;94;627741753;9237;126;10003;10139;10.77;0.66;242.83;10.08;766;94;3468.00;136
9241;94;627741765;9241;135;10005;10139;10.82;0.66;242.86;10.08;764;94;3469.00;134
9242;94;627741778;9242;138;10006;10139;10.92;0.67;242.86;10.08;764;94;3470.00;133
9245;94;627741792;9245;142;10010;10143;10.98;0.67;242.91;10.08;765;94;3471.00;133
9248;94;627741812;9248;143;10011;10143;11.09;0.68;243.01;10.08;763;94;3472.00;132
9250;94;627741831;9250;147;10012;10143;11.16;0.68;243.03;10.08;762;94;3473.00;131
9254;94;627741851;9254;146;10014;10146;11.20;0.68;243.13;10.08;760;94;3474.00;132
9260;94;627741884;9260;147;10015;10146;11.23;0.68;243.17;10.08;755;94;3475.00;131
9263;94;627741915;9263;153;10017;10146;11.33;0.69;243.15;10.08;754;94;3476.00;129
9266;94;627741929;9266;152;10020;10150;11.38;0.69;243.17;10.08;754;94;3477.00;130
9268;94;627741949;9268;153;10022;10151;11.45;0.70;243.18;10.08;754;94;3478.00;129
9271;94;627741969;9271;152;10022;10151;11.56;0.70;243.18;10.08;751;94;3479.00;129
9274;94;627741984;9274;151;10027;10156;11.58;0.70;243.17;10.07;753;94;3480.00;129
9279;94;627741998;9279;153;10027;10156;11.67;0.71;243.21;10.07;748;94;3481.00;129
9280;94;627742012;9280;156;10027;10156;11.73;0.71;243.23;10.07;747;94;3482.00;129
9282;94;627742024;9282;158;10028;10157;11.79;0.71;243.23;10.07;746;94;3483.00;129
9284;94;627742043;9284;156;10028;10157;11.83;0.72;243.24;10.07;744;94;3484.00;129
9286;94;627742056;9286;156;10032;10163;11.77;0.71;243.27;10.07;746;94;3485.00;131
9287;94;627742075;9287;157;10032;10163;11.80;0.72;243.27;10.07;745;94;3486.00;131
9289;94;627742088;9289;159;10033;10164;11.76;0.71;243.28;10.07;744;94;3487.00;131
9292;94;627742100;9292;157;10033;10164;11.72;0.71;243.26;10.07;741;94;3488.00;131
9295;94;627742112;9295;156;10033;10164;11.77;0.72;243.29;10.07;738;94;3489.00;131
9297;94;627742124;9297;153;10033;10164;11.75;0.71;243.29;10.07;736;94;3490.00;131
9300;94;627742135;9300;154;10033;10164;11.72;0.71;243.27;10.07;733;94;3491.00;131
9302;94;627742154;9302;156;10044;10176;11.70;0.71;243.26;10.20;742;94;3492.00;132
9303;94;627742168;9303;156;10044;10176;11.76;0.72;243.25;10.20;741;94;3493.00;132
9306;94;627742179;9306;149;10045;10176;11.84;0.72;243.35;10.20;739;94;3494.00;131
9309;94;627742191;9309;145;10045;10176;11.85;0.72;243.35;10.20;736;94;3495.00;131
9313;94;627742202;9313;146;10045;10176;11.88;0.72;243.35;10.20;732;94;3496.00;131
9317;94;627742213;9317;146;10045;10176;11.87;0.72;243.34;10.20;728;94;3497.00;131
9321;94;627742225;9321;147;10048;10180;11.86;0.72;243.38;10.20;727;94;3498.00;132
9323;94;627742243;9323;145;10048;10180;11.86;0.72;243.39;10.20;725;94;3499.00;132
9328;94;627742256;9328;143;10051;10184;11.79;0.72;243.39;10.20;723;94;3500.00;133
9330;94;627742273;9330;139;10053;10185;11.76;0.71;243.40;10.20;723;94;3501.00;132
9335;94;627742284;9335;134;10053;10185;11.76;0.72;243.45;10.20;718;94;3502.00;132
9337;94;627742295;9337;133;10053;10185;11.75;0.72;243.46;10.20;716;94;3503.00;132
9340;94;627742306;9340;138;10063;10198;11.65;0.71;243.45;10.19;723;94;3504.00;135
9343;94;627742318;9343;132;10064;10198;11.68;0.71;243.48;10.20;721;94;3505.00;134
9345;94;627742332;9345;126;10065;10198;11.70;0.71;243.51;10.35;720;94;3506.00;133
9351;94;627742343;9351;128;10066;10199;11.71;0.71;243.52;10.34;715;94;3507.00;133
9357;94;627742355;9357;130;10066;10200;11.79;0.72;243.49;10.34;709;94;3508.00;134
9361;94;627742367;9361;122;10067;10200;11.81;0.72;243.49;10.49;706;94;3509.00;133
9363;94;627742380;9363;122;10070;10206;11.90;0.72;243.49;10.48;707;94;3510.00;136
9365;94;627742392;9365;118;10071;10206;12.02;0.73;243.46;10.48;706;94;3511.00;135
9369;94;627742402;9369;121;10072;10206;12.11;0.74;243.43;10.48;703;94;3512.00;134
9371;94;627742419;9371;125;10072;10206;12.15;0.74;243.41;10.48;701;94;3513.00;134
9373;94;627742429;9373;131;10076;10212;12.24;0.74;243.41;10.48;703;94;3514.00;136
9378;94;627742441;9378;138;10076;10212;12.17;0.74;243.42;10.48;698;94;3515.00;136
9382;94;627742453;9382;141;10077;10212;12.10;0.73;243.40;10.48;695;94;3516.00;135
9386;94;627742464;9386;139;10078;10212;11.98;0.73;243.36;10.48;692;94;3517.00;134
9390;94;627742477;9390;140;10082;10216;11.94;0.72;243.38;10.47;692;94;3518.00;134
9391;94;627742488;9391;140;10085;10219;11.84;0.72;243.39;10.47;694;94;3519.00;134
9393;94;627742499;9393;141;10085;10219;11.71;0.71;243.40;10.47;692;94;3520.00;134
9394;94;627742510;9394;149;10087;10220;11.68;0.71;243.43;10.48;693;94;3521.00;133
9394;94;627742527;9394;149;10087;10220;11.64;0.71;243.43;10.48;693;94;3522.00;133
9395;94;627742538;9395;151;10087;10220;11.58;0.71;243.43;10.48;692;94;3523.00;133
9398;94;627742555;9398;158;10087;10220;11.54;0.70;243.56;10.48;689;94;3524.00;133
9400;94;627742566;9400;162;10088;10220;11.45;0.70;243.55;10.49;688;94;3525.00;132
9402;94;627742576;9402;164;10088;10220;11.31;0.69;243.65;10.49;686;94;3526.00;132
9407;94;627742587;9407;170;10088;10220;11.18;0.68;243.59;10.49;681;94;3527.00;132
9411;94;627742598;9411;182;10125;10290;11.14;0.68;243.56;10.45;714;94;3528.00;165
9413;94;627742615;9413;188;10129;10291;10.99;0.67;243.54;10.46;716;94;3529.00;162
9413;94;627742633;9413;192;10136;10291;10.92;0.67;243.54;10.47;723;94;3530.00;155
9419;94;627742649;9419;198;10140;10291;10.79;0.66;243.50;10.47;721;94;3531.00;151
9421;94;627742661;9421;200;10144;10291;10.78;0.66;243.49;10.47;723;94;3532.00;147
9423;94;627742673;9423;206;10145;10291;10.68;0.65;243.49;10.47;722;94;3533.00;146
9426;94;627742684;9426;216;10151;10291;10.56;0.65;243.43;10.48;725;94;3534.00;140
9429;94;627742695;9429;215;10152;10291;10.31;0.63;243.41;10.49;723;94;3535.00;139
9430;94;627742705;9430;217;10157;10292;10.19;0.62;243.39;10.50;727;94;3536.00;135
9431;94;627742715;9431;221;10162;10293;10.12;0.62;243.37;10.51;731;94;3537.00;131
9435;95;627742726;9435;228;10163;10293;9.91;0.61;243.32;10.51;728;95;3538.00;130
9436;95;627742744;9436;234;10168;10297;9.78;0.60;243.33;10.52;732;95;3539.00;129
9436;95;627742761;9436;241;10169;10297;9.55;0.59;243.33;10.53;733;95;3540.00;128
9436;95;627742770;9436;247;10171;10297;9.34;0.57;243.33;10.54;735;95;3541.00;126
9440;95;627742780;9440;256;10172;10297;9.07;0.56;243.30;10.54;732;95;3542.00;125
9440;95;627742793;9440;261;10177;10303;8.99;0.55;243.30;10.55;737;95;3543.00;126
9443;95;627742804;9443;270;10177;10303;8.86;0.54;243.29;10.55;734;95;3544.00;126
9445;95;627742814;9445;276;10179;10303;8.77;0.54;243.26;10.55;734;95;3545.00;124
9447;95;627742823;9447;273;10182;10306;8.75;0.54;243.24;10.56;735;95;3546.00;124
9447;95;627742833;9447;275;10184;10306;8.65;0.53;243.24;10.56;737;95;3547.00;122
9450;95;627742843;9450;278;10185;10306;8.51;0.52;243.20;10.57;735;95;3548.00;121
9452;95;627742851;9452;280;10185;10307;8.37;0.52;243.27;10.57;733;95;3549.00;122
9454;95;627742860;9454;283;10186;10308;8.24;0.51;243.26;10.57;732;95;3550.00;122
9456;95;627742870;9456;284;10189;10308;8.10;0.50;243.28;10.60;733;95;3551.00;119
9459;95;627742878;9459;294;10201;10321;8.00;0.49;243.24;10.60;742;95;3552.00;120
9462;95;627742888;9462;290;10202;10321;7.86;0.48;243.22;10.60;740;95;3553.00;119
9466;95;627742897;9466;297;10203;10321;7.71;0.47;243.17;10.61;737;95;3554.00;118
9470;95;627742906;9470;292;10205;10323;7.61;0.47;243.11;10.61;735;95;3555.00;118
9471;95;627742915;9471;302;10207;10323;7.56;0.46;243.11;10.62;736;95;3556.00;116
9473;95;627742923;9473;303;10210;10327;7.50;0.46;243.08;10.62;737;95;3557.00;117
9476;95;627742932;9476;302;10210;10327;7.45;0.46;243.05;10.62;734;95;3558.00;117
9476;95;627742941;9476;303;10217;10331;7.38;0.45;243.05;10.64;741;95;3559.00;114
9477;95;627742949;9477;307;10217;10331;7.28;0.45;243.05;10.64;740;95;3560.00;114
9479;95;627742957;9479;312;10217;10331;7.20;0.44;243.04;10.64;738;95;3561.00;114
9481;95;627742966;9481;318;10218;10331;7.03;0.43;243.06;10.65;737;95;3562.00;113
9484;95;627742974;9484;305;10218;10331;6.91;0.42;243.04;10.65;734;95;3563.00;113
9487;95;627742983;9487;302;10229;10343;6.87;0.42;243.04;10.65;742;95;3564.00;114
9492;95;627742997;9492;294;10230;10343;6.74;0.41;243.08;10.66;738;95;3565.00;113
9492;95;627743005;9492;290;10231;10343;6.69;0.41;243.08;10.65;739;95;3566.00;112
9495;95;627743013;9495;290;10234;10343;6.60;0.40;243.09;10.67;739;95;3567.00;109
9499;95;627743021;9499;285;10234;10343;6.50;0.40;243.13;10.67;735;95;3568.00;109
9500;95;627743030;9500;284;10234;10343;6.48;0.40;243.14;10.67;734;95;3569.00;109
9505;95;627743040;9505;275;10238;10344;6.44;0.39;243.13;10.69;733;95;3570.00;106
9505;95;627743048;9505;278;10238;10344;6.53;0.40;243.13;10.69;733;95;3571.00;106
9509;95;627743056;9509;278;10242;10350;6.68;0.41;243.15;10.68;733;95;3572.00;108
9512;96;627743066;9512;274;10245;10351;6.77;0.41;243.15;10.68;733;96;3573.00;106
9514;96;627743084;9514;268;10246;10351;6.94;0.42;243.13;10.68;732;96;3574.00;105
9517;96;627743093;9517;268;10246;10351;7.01;0.43;243.23;10.68;729;96;3575.00;105
9518;96;627743107;9518;265;10250;10355;7.22;0.44;243.23;10.68;732;96;3576.00;105
9524;96;627743121;9524;257;10250;10355;7.33;0.45;243.22;10.68;726;96;3577.00;105
9525;96;627743131;9525;249;10250;10355;7.44;0.45;243.23;10.68;725;96;3578.00;105
9527;96;627743140;9527;248;10251;10356;7.62;0.46;243.23;10.68;724;96;3579.00;105
9529;96;627743149;9529;242;10254;10360;7.76;0.47;243.26;10.68;725;96;3580.00;106
9530;96;627743158;9530;234;10254;10360;7.89;0.48;243.28;10.68;724;96;3581.00;106
9531;96;627743167;9531;228;10256;10363;8.05;0.49;243.30;10.68;725;96;3582.00;107
9534;96;627743177;9534;223;10257;10363;8.18;0.50;243.29;10.68;723;96;3583.00;106
9535;96;627743186;9535;220;10257;10363;8.36;0.51;243.30;10.68;722;96;3584.00;106
9541;96;627743196;9541;216;10257;10363;8.44;0.51;243.34;10.68;716;96;3585.00;106
9544;96;627743205;9544;210;10260;10367;8.57;0.52;243.40;10.67;716;96;3586.00;107
9547;96;627743216;9547;207;10260;10367;8.55;0.52;243.41;10.67;713;96;3587.00;107
9553;96;627743225;9553;198;10261;10367;8.50;0.52;243.38;10.67;708;96;3588.00;106
9555;96;627743235;9555;192;10261;10367;8.49;0.52;243.37;10.67;706;96;3589.00;106
9560;96;627743245;9560;192;10261;10368;8.52;0.52;243.41;10.67;701;96;3590.00;107
9564;96;627743255;9564;183;10262;10369;8.55;0.52;243.47;10.67;698;96;3591.00;107
9565;96;627743270;9565;184;10262;10369;8.67;0.53;243.50;10.67;697;96;3592.00;107
9571;96;627743285;9571;182;10263;10370;8.73;0.53;243.51;10.67;692;96;3593.00;107
9575;96;627743295;9575;179;10263;10370;8.77;0.54;243.48;10.67;688;96;3594.00;107
9579;96;627743305;9579;180;10263;10370;8.80;0.54;243.46;10.67;684;96;3595.00;107
9586;96;627743316;9586;182;10263;10370;8.77;0.53;243.52;10.67;677;96;3596.00;107
9589;96;627743325;9589;182;10263;10370;8.83;0.54;243.51;10.67;674;96;3597.00;107
9594;96;627743335;9594;184;10263;10370;8.81;0.54;243.49;10.67;669;96;3598.00;107
9600;96;627743345;9600;185;10263;10370;8.82;0.54;243.50;10.67;663;96;3599.00;107
9605;96;627743357;9605;220;10376;10623;8.93;0.56;243.55;10.56;771;96;3600.00;247
9608;96;627743390;9608;217;10383;10624;8.88;0.56;243.55;10.55;775;96;3601.00;241
9613;96;627743401;9613;209;10394;10624;8.93;0.56;243.52;10.54;781;96;3602.00;230
9618;96;627743413;9618;201;10401;10624;9.02;0.56;243.50;10.53;783;96;3603.00;223
9619;96;627743424;9619;204;10407;10624;9.09;0.57;243.54;10.53;788;96;3604.00;217
9624;96;627743434;9624;198;10412;10624;9.12;0.57;243.57;10.53;788;96;3605.00;212
9628;96;627743446;9628;198;10421;10624;9.08;0.56;243.56;10.52;793;96;3606.00;203
9631;96;627743457;9631;196;10426;10624;9.08;0.56;243.55;10.52;795;96;3607.00;198
9634;96;627743469;9634;201;10432;10625;9.10;0.57;243.54;10.52;798;96;3608.00;193
9641;96;627743480;9641;207;10434;10626;9.10;0.56;243.59;10.52;793;96;3609.00;192
9643;96;627743492;9643;214;10441;10626;9.15;0.57;243.63;10.52;798;96;3610.00;185
9646;96;627743504;9646;215;10442;10627;9.16;0.57;243.65;10.52;796;96;3611.00;185
9649;97;627743520;9649;221;10446;10627;9.15;0.57;243.63;10.52;797;97;3612.00;181
9654;97;627743543;9654;227;10448;10627;9.11;0.56;243.67;10.52;794;97;3613.00;179
9656;97;627743554;9656;231;10450;10627;9.08;0.56;243.72;10.52;794;97;3614.00;177
9662;97;627743566;9662;237;10454;10631;8.96;0.55;243.73;10.52;792;97;3615.00;177
9666;97;627743578;9666;237;10455;10631;8.91;0.55;243.76;10.52;789;97;3616.00;176
9669;97;627743589;9669;237;10457;10631;8.87;0.55;243.80;10.52;788;97;3617.00;174
9672;97;627743603;9672;233;10461;10634;8.88;0.55;243.81;10.52;789;97;3618.00;173
9678;97;627743615;9678;234;10462;10634;8.87;0.54;243.90;10.52;784;97;3619.00;172
9682;97;627743633;9682;232;10464;10634;8.95;0.55;244.02;10.53;782;97;3620.00;170
9685;97;627743646;9685;228;10467;10638;9.00;0.55;244.04;10.52;782;97;3621.00;171
9689;97;627743658;9689;231;10471;10639;9.08;0.56;244.06;10.53;782;97;3622.00;168
9694;97;627743670;9694;237;10473;10639;9.13;0.56;244.09;10.53;779;97;3623.00;166
9695;97;627743682;9695;235;10477;10643;9.27;0.57;244.10;10.53;782;97;3624.00;166
9698;97;627743695;9698;233;10479;10643;9.38;0.58;244.12;10.53;781;97;3625.00;164
9703;97;627743707;9703;225;10480;10643;9.52;0.58;244.13;10.53;777;97;3626.00;163
9706;98;627743720;9706;210;10485;10644;9.64;0.59;244.13;10.54;779;98;3627.00;159
9709;98;627743743;9709;199;10486;10644;9.76;0.60;244.17;10.54;777;98;3628.00;158
9713;98;627743755;9713;186;10489;10650;9.93;0.60;244.15;10.53;776;98;3629.00;161
9716;98;627743770;9716;180;10491;10650;10.14;0.62;244.12;10.54;775;98;3630.00;159
9718;98;627743789;9718;172;10492;10651;10.31;0.63;244.12;10.54;774;98;3631.00;159
9719;98;627743808;9719;169;10493;10651;10.46;0.64;244.13;10.54;774;98;3632.00;158
9725;98;627743828;9725;170;10494;10651;10.54;0.64;244.12;10.54;769;98;3633.00;157
9728;98;627743854;9728;168;10494;10651;10.64;0.64;244.12;10.54;766;98;3634.00;157
9732;98;627743874;9732;167;10496;10651;10.62;0.64;244.14;10.54;764;98;3635.00;155
9735;98;627743891;9735;169;10503;10663;10.66;0.65;244.14;10.53;768;98;3636.00;160
9736;98;627743910;9736;164;10505;10663;10.73;0.65;244.13;10.53;769;98;3637.00;158
9740;98;627743924;9740;162;10506;10663;10.85;0.66;244.15;10.53;766;98;3638.00;157
9742;98;627743944;9742;161;10506;10663;11.03;0.67;244.19;10.53;764;98;3639.00;157
9746;98;627743971;9746;158;10507;10663;11.14;0.68;244.18;10.53;761;98;3640.00;156
9746;98;627743984;9746;161;10508;10663;11.33;0.69;244.18;10.53;762;98;3641.00;155
9749;98;627743999;9749;164;10511;10667;11.44;0.69;244.18;10.53;762;98;3642.00;156
9752;98;627744015;9752;160;10511;10667;11.48;0.70;244.27;10.53;759;98;3643.00;156
9754;98;627744029;9754;161;10514;10671;11.58;0.70;244.28;10.53;760;98;3644.00;157
9757;98;627744043;9757;163;10516;10673;11.65;0.71;244.28;10.53;759;98;3645.00;157
9763;98;627744056;9763;164;10519;10673;11.64;0.71;244.28;10.53;756;98;3646.00;154
9764;98;627744071;9764;168;10519;10673;11.65;0.71;244.29;10.53;755;98;3647.00;154
9769;98;627744084;9769;167;10528;10686;11.71;0.71;244.30;10.52;759;98;3648.00;158
9771;98;627744097;9771;166;10528;10686;11.73;0.71;244.29;10.52;757;98;3649.00;158
9776;98;627744110;9776;163;10529;10686;11.66;0.71;244.39;10.66;753;98;3650.00;157
9777;98;627744130;9777;167;10530;10687;11.73;0.72;244.40;10.66;753;98;3651.00;157
9778;98;627744142;9778;166;10530;10688;11.68;0.71;244.42;10.66;752;98;3652.00;158
9779;98;627744153;9779;164;10530;10688;11.63;0.71;244.42;10.66;751;98;3653.00;158
9781;98;627744165;9781;164;10532;10691;11.62;0.71;244.43;10.66;751;98;3654.00;159
9783;98;627744178;9783;170;10532;10691;11.53;0.70;244.40;10.66;749;98;3655.00;159
9788;98;627744189;9788;174;10533;10691;11.45;0.70;244.49;10.66;745;98;3656.00;158
9792;98;627744201;9792;168;10533;10691;11.43;0.70;244.47;10.66;741;98;3657.00;158
9794;98;627744213;9794;171;10537;10697;11.40;0.69;244.45;10.65;743;98;3658.00;160
9797;98;627744225;9797;174;10537;10697;11.36;0.69;244.46;10.65;740;98;3659.00;160
9799;98;627744237;9799;174;10538;10697;11.41;0.69;244.45;10.65;739;98;3660.00;159
9802;98;627744249;9802;172;10538;10697;11.43;0.70;244.49;10.65;736;98;3661.00;159
9808;98;627744260;9808;177;10541;10701;11.40;0.69;244.43;10.65;733;98;3662.00;160
9812;98;627744273;9812;181;10542;10702;11.42;0.69;244.42;10.65;730;98;3663.00;160
9815;98;627744285;9815;181;10543;10702;11.36;0.69;244.40;10.79;728;98;3664.00;159
9816;98;627744296;9816;182;10544;10703;11.41;0.69;244.38;10.79;728;98;3665.00;159
9817;98;627744306;9817;187;10544;10703;11.36;0.69;244.39;10.79;727;98;3666.00;159
9819;98;627744324;9819;186;10546;10703;11.38;0.69;244.40;10.94;727;98;3667.00;157
9820;98;627744335;9820;191;10546;10703;11.31;0.69;244.39;10.94;726;98;3668.00;157
9822;98;627744347;9822;189;10546;10703;11.24;0.69;244.40;10.94;724;98;3669.00;157
9826;98;627744357;9826;184;10546;10703;11.18;0.68;244.38;10.94;720;98;3670.00;157
9830;98;627744368;9830;182;10546;10703;11.05;0.68;244.36;10.94;716;98;3671.00;157
9835;98;627744378;9835;189;10574;10773;10.89;0.67;244.35;10.91;739;98;3672.00;199
9838;98;627744394;9838;189;10576;10774;10.78;0.66;244.33;11.06;738;98;3673.00;198
9842;99;627744404;9842;176;10580;10774;10.83;0.66;244.35;11.05;738;99;3674.00;194
9844;99;627744433;9844;176;10584;10774;10.86;0.66;244.32;11.06;740;99;3675.00;190
9850;99;627744447;9850;169;10589;10774;10.87;0.66;244.24;11.21;739;99;3676.00;185
9856;99;627744459;9856;164;10592;10774;10.90;0.66;244.21;11.21;736;99;3677.00;182
9858;99;627744470;9858;161;10595;10774;10.94;0.67;244.20;11.21;737;99;3678.00;179
9860;100;627744481;9860;156;10597;10774;10.94;0.67;244.19;11.35;737;100;3679.00;177
9866;100;627744499;9866;157;10599;10775;11.01;0.67;244.22;11.35;733;100;3680.00;176
9867;100;627744511;9867;160;10603;10776;11.09;0.67;244.22;11.35;736;100;3681.00;173
9869;101;627744526;9869;155;10605;10776;11.07;0.67;244.26;11.49;736;101;3682.00;171
9872;101;627744548;9872;153;10611;10780;11.04;0.67;244.27;11.49;739;101;3683.00;169
9873;101;627744565;9873;151;10612;10780;10.98;0.67;244.26;11.63;739;101;3684.00;168
9874;101;627744576;9874;155;10615;10780;10.91;0.66;244.24;11.63;741;101;3685.00;165
9876;101;627744587;9876;160;10615;10780;10.89;0.66;244.25;11.63;739;101;3686.00;165
9877;101;627744598;9877;165;10620;10786;10.78;0.66;244.23;11.78;743;101;3687.00;166
9879;101;627744610;9879;170;10621;10786;10.76;0.66;244.22;11.77;742;101;3688.00;165
9880;101;627744621;9880;176;10625;10786;10.66;0.65;244.21;11.93;745;101;3689.00;161
9881;101;627744633;9881;183;10628;10792;10.58;0.65;244.20;11.92;747;101;3690.00;164
9884;101;627744645;9884;189;10628;10792;10.45;0.64;244.19;11.92;744;101;3691.00;164
9885;101;627744657;9885;194;10631;10792;10.38;0.63;244.18;12.07;746;101;3692.00;161
9890;101;627744667;9890;202;10634;10793;10.28;0.63;244.12;12.07;744;101;3693.00;159
9890;101;627744677;9890;208;10638;10794;10.27;0.63;244.12;12.22;748;101;3694.00;156
9890;101;627744688;9890;215;10640;10794;10.20;0.62;244.12;12.22;750;101;3695.00;154
9893;101;627744698;9893;218;10650;10807;10.03;0.61;244.18;12.22;757;101;3696.00;157
9895;101;627744711;9895;222;10653;10807;9.87;0.60;244.15;12.37;758;101;3697.00;154
9898;101;627744721;9898;232;10654;10807;9.76;0.59;244.10;12.37;756;101;3698.00;153
9900;101;627744732;9900;241;10655;10808;9.63;0.59;244.07;12.37;755;101;3699.00;153
9904;101;627744744;9904;250;10659;10808;9.43;0.57;244.10;12.40;755;101;3700.00;149
9906;101;627744758;9906;256;10662;10812;9.34;0.57;244.08;12.40;756;101;3701.00;150
9911;101;627744769;9911;259;10665;10812;9.22;0.56;244.01;12.42;754;101;3702.00;147
9913;101;627744781;9913;263;10669;10816;9.13;0.56;243.99;12.42;756;101;3703.00;147
9917;101;627744792;9917;276;10669;10816;8.99;0.55;243.94;12.42;752;101;3704.00;147
9919;101;627744804;9919;278;10670;10816;8.85;0.54;243.90;12.43;751;101;3705.00;146
9921;101;627744814;9921;282;10671;10816;8.71;0.53;243.89;12.44;750;101;3706.00;145
9921;101;627744824;9921;289;10672;10816;8.54;0.52;243.89;12.46;751;101;3707.00;144
9922;101;627744833;9922;296;10685;10828;8.50;0.52;243.88;12.47;763;101;3708.00;143
9922;101;627744844;9922;307;10688;10828;8.42;0.52;243.88;12.49;766;101;3709.00;140
9922;101;627744853;9922;304;10689;10828;8.34;0.51;243.88;12.49;767;101;3710.00;139
9923;101;627744862;9923;312;10690;10828;8.26;0.51;243.88;12.50;767;101;3711.00;138
9926;101;627744871;9926;317;10693;10828;8.18;0.50;243.87;12.52;767;101;3712.00;135
9927;101;627744881;9927;326;10695;10828;8.08;0.50;243.90;12.52;768;101;3713.00;133
9930;101;627744890;9930;332;10696;10829;8.00;0.49;243.90;12.53;766;101;3714.00;133
9933;101;627744900;9933;325;10697;10829;7.91;0.48;243.86;12.54;764;101;3715.00;132
9935;101;627744909;9935;316;10702;10835;7.94;0.49;243.84;12.54;767;101;3716.00;133
9937;101;627744919;9937;315;10705;10836;7.90;0.48;243.83;12.55;768;101;3717.00;131
9938;101;627744929;9938;316;10707;10836;7.77;0.48;243.82;12.56;769;101;3718.00;129
9938;101;627744938;9938;307;10707;10836;7.72;0.47;243.82;12.56;769;101;3719.00;129
9942;101;627744949;9942;299;10714;10841;7.70;0.47;243.85;12.58;772;101;3720.00;127
9943;101;627744960;9943;299;10714;10841;7.69;0.47;243.84;12.58;771;101;3721.00;127
9944;101;627744969;9944;292;10715;10841;7.74;0.48;243.86;12.59;771;101;3722.00;126
9944;101;627744979;9944;289;10718;10842;7.78;0.48;243.86;12.59;774;101;3723.00;124
9945;101;627744988;9945;287;10722;10846;7.75;0.48;243.93;12.60;777;101;3724.00;124
9947;101;627745003;9947;282;10722;10846;7.76;0.48;243.91;12.60;775;101;3725.00;124
9948;101;627745013;9948;284;10725;10849;7.85;0.48;243.91;12.60;777;101;3726.00;124
9950;101;627745023;9950;281;10726;10849;7.87;0.48;243.88;12.61;776;101;3727.00;123
9952;101;627745033;9952;277;10728;10849;7.92;0.49;243.88;12.61;776;101;3728.00;121
9954;101;627745043;9954;274;10729;10849;7.93;0.48;243.87;12.62;775;101;3729.00;120
9955;101;627745052;9955;274;10732;10853;7.97;0.49;243.86;12.61;777;101;3730.00;121
9957;101;627745068;9957;275;10732;10853;8.00;0.49;243.87;12.61;775;101;3731.00;121
9960;101;627745077;9960;279;10734;10853;7.96;0.48;243.82;12.62;774;101;3732.00;119
9964;101;627745087;9964;286;10734;10853;7.87;0.48;243.79;12.62;770;101;3733.00;119
9965;101;627745096;9965;282;10734;10854;7.85;0.48;243.77;12.62;769;101;3734.00;120
9967;101;627745105;9967;281;10736;10856;7.83;0.48;243.75;12.62;769;101;3735.00;120
9971;101;627745115;9971;282;10737;10856;7.76;0.47;243.75;12.63;766;101;3736.00;119
9975;101;627745124;9975;281;10740;10857;7.67;0.47;243.78;12.64;765;101;3737.00;117
9979;101;627745133;9979;282;10741;10857;7.57;0.46;243.77;12.65;762;101;3738.00;116
9981;101;627745142;9981;284;10741;10857;7.52;0.46;243.81;12.65;760;101;3739.00;116
9984;101;627745151;9984;274;10742;10857;7.49;0.46;243.85;12.65;758;101;3740.00;115
9989;101;627745161;9989;268;10743;10857;7.42;0.45;243.89;12.66;754;101;3741.00;114
9990;101;627745170;9990;259;10744;10857;7.43;0.46;243.89;12.66;754;101;3742.00;113
9995;101;627745180;9995;257;10744;10857;7.42;0.46;243.94;12.66;749;101;3743.00;113
9999;101;627745189;9999;268;10809;10984;7.77;0.49;243.97;12.59;810;101;3744.00;175
10004;101;627745208;10004;265;10810;10985;7.83;0.49;243.93;12.59;806;101;3745.00;175
10006;101;627745219;10006;253;10821;10985;7.93;0.49;243.97;12.59;815;101;3746.00;164
10009;101;627745228;10009;247;10827;10985;8.02;0.50;243.94;12.58;818;101;3747.00;158
10013;101;627745238;10013;236;10836;10985;8.12;0.50;244.05;12.58;823;101;3748.00;149
10018;101;627745249;10018;232;10840;10985;8.13;0.50;244.05;12.58;822;101;3749.00;145
10020;101;627745260;10020;227;10846;10990;8.23;0.51;244.03;12.57;826;101;3750.00;144
10025;101;627745271;10025;226;10850;10990;8.22;0.51;244.02;12.57;825;101;3751.00;140
10029;101;627745282;10029;229;10855;10991;8.22;0.51;244.00;12.57;826;101;3752.00;136
10033;101;627745292;10033;228;10857;10992;8.25;0.51;244.02;12.57;824;101;3753.00;135
10037;101;627745303;10037;233;10861;10992;8.34;0.51;244.02;12.57;824;101;3754.00;131
10038;101;627745315;10038;234;10862;10993;8.47;0.52;244.02;12.57;824;101;3755.00;131
10043;101;627745325;10043;237;10863;10993;8.49;0.52;244.04;12.57;820;101;3756.00;130
10047;101;627745336;10047;236;10865;10993;8.55;0.53;244.05;12.57;818;101;3757.00;128
10051;101;627745348;10051;229;10866;10993;8.56;0.53;244.05;12.57;815;101;3758.00;127
10055;101;627745359;10055;230;10871;10997;8.55;0.52;244.07;12.56;816;101;3759.00;126
10060;101;627745371;10060;227;10872;10997;8.55;0.52;244.09;12.56;812;101;3760.00;125
10066;101;627745382;10066;222;10872;10997;8.51;0.52;244.09;12.56;806;101;3761.00;125
10070;101;627745394;10070;215;10875;11000;8.51;0.52;244.16;12.56;805;101;3762.00;125
10076;101;627745406;10076;213;10875;11000;8.50;0.52;244.12;12.56;799;101;3763.00;125
10077;101;627745417;10077;212;10876;11000;8.52;0.52;244.12;12.56;799;101;3764.00;124
10085;101;627745429;10085;208;10879;11004;8.52;0.52;244.16;12.56;794;101;3765.00;125
10090;101;627745441;10090;204;10880;11005;8.52;0.52;244.13;12.56;790;101;3766.00;125
10093;101;627745453;10093;204;10880;11005;8.55;0.52;244.14;12.56;787;101;3767.00;125
10098;101;627745464;10098;207;10882;11009;8.63;0.53;244.09;12.56;784;101;3768.00;127
10101;101;627745477;10101;207;10883;11009;8.68;0.53;244.11;12.56;782;101;3769.00;126
10105;101;627745488;10105;210;10884;11009;8.67;0.53;244.16;12.56;779;101;3770.00;125
10108;101;627745500;10108;212;10885;11010;8.77;0.53;244.20;12.55;777;101;3771.00;125
10111;101;627745511;10111;213;10885;11010;8.86;0.54;244.23;12.55;774;101;3772.00;125
10116;101;627745522;10116;215;10891;11016;8.92;0.54;244.23;12.70;775;101;3773.00;125
10120;101;627745536;10120;218;10892;11016;9.00;0.55;244.29;12.70;772;101;3774.00;124
10122;101;627745547;10122;218;10892;11017;9.00;0.55;244.34;12.70;770;101;3775.00;125
10127;101;627745558;10127;216;10893;11017;9.00;0.55;244.39;12.70;766;101;3776.00;124
10129;101;627745576;10129;220;10893;11017;9.07;0.55;244.39;12.70;764;101;3777.00;124
10134;101;627745587;10134;223;10894;11017;9.13;0.56;244.43;12.70;760;101;3778.00;123
10138;101;627745599;10138;221;10894;11017;9.20;0.56;244.42;12.70;756;101;3779.00;123
10140;101;627745613;10140;225;10920;11053;9.35;0.57;244.40;12.67;780;101;3780.00;133
10148;101;627745627;10148;225;10922;11053;9.26;0.57;244.48;12.67;774;101;3781.00;131
10152;101;627745640;10152;227;10924;11053;9.23;0.56;244.48;12.66;772;101;3782.00;129
10154;101;627745652;10154;232;10924;11053;9.24;0.56;244.49;12.66;770;101;3783.00;129
10158;101;627745663;10158;241;10924;11053;9.25;0.57;244.50;12.66;766;101;3784.00;129
10161;101;627745675;10161;241;10924;11053;9.24;0.56;244.51;12.66;763;101;3785.00;129
10163;101;627745686;10163;248;10928;11057;9.22;0.56;244.55;12.66;765;101;3786.00;129
10170;101;627745698;10170;244;10928;11057;9.20;0.56;244.58;12.66;758;101;3787.00;129
10172;101;627745710;10172;236;10931;11061;9.16;0.56;244.61;12.66;759;101;3788.00;130
10176;101;627745723;10176;231;10933;11062;9.13;0.56;244.57;12.65;757;102;3789.00;129
10178;101;627745743;10178;228;10933;11062;9.18;0.56;244.58;12.65;755;102;3790.00;129
10183;101;627745755;10183;226;10933;11062;9.13;0.56;244.63;12.65;750;102;3791.00;129
10185;101;627745773;10185;223;10943;11075;9.23;0.56;244.66;12.64;758;102;3792.00;132
10186;101;627745786;10186;226;10943;11075;9.24;0.56;244.66;12.64;757;102;3793.00;132
10190;101;627745809;10190;230;10944;11075;9.27;0.57;244.72;12.64;754;102;3794.00;131
10193;101;627745829;10193;231;10945;11076;9.26;0.57;244.71;12.64;752;102;3795.00;131
10197;101;627745857;10197;215;10945;11077;9.34;0.57;244.68;12.64;748;102;3796.00;132
10198;101;627745875;10198;200;10945;11077;9.50;0.58;244.67;12.64;747;102;3797.00;132
10202;101;627745893;10202;191;10947;11080;9.59;0.59;244.68;12.64;745;102;3798.00;133
10204;101;627745910;10204;182;10948;11080;9.65;0.59;244.71;12.64;744;102;3799.00;132
10209;102;627745925;10209;180;10948;11080;9.70;0.59;244.68;12.64;739;103;3800.00;132
10211;102;627745962;10211;176;10948;11080;9.75;0.59;244.68;12.64;737;103;3801.00;132
10214;102;627745976;10214;173;10952;11086;9.84;0.60;244.73;12.63;738;103;3802.00;134
10218;102;627745990;10218;163;10952;11086;9.90;0.60;244.77;12.63;734;103;3803.00;134
10222;102;627746016;10222;161;10953;11086;10.00;0.61;244.77;12.63;731;103;3804.00;133
10226;102;627746029;10226;156;10953;11086;10.10;0.61;244.77;12.63;727;103;3805.00;133
10229;102;627746041;10229;156;10956;11090;10.08;0.61;244.75;12.63;727;103;3806.00;134
10234;102;627746054;10234;153;10957;11091;10.09;0.61;244.83;12.63;723;103;3807.00;134
10237;102;627746067;10237;150;10957;11091;10.09;0.61;244.82;12.63;720;103;3808.00;134
10238;102;627746080;10238;148;10958;11092;10.16;0.62;244.83;12.63;720;103;3809.00;134
10240;102;627746094;10240;147;10958;11092;10.15;0.62;244.85;12.63;718;103;3810.00;134
10243;102;627746106;10243;147;10958;11092;10.23;0.62;244.85;12.63;715;103;3811.00;134
10245;102;627746118;10245;148;10958;11092;10.29;0.62;244.83;12.63;713;103;3812.00;134
10246;102;627746137;10246;151;10958;11092;10.39;0.63;244.82;12.63;712;103;3813.00;134
10251;102;627746148;10251;156;10958;11092;10.46;0.63;244.86;12.63;707;103;3814.00;134
10252;102;627746159;10252;156;10958;11092;10.60;0.64;244.85;12.63;706;103;3815.00;134
10255;102;627746171;10255;171;10996;11162;10.55;0.64;244.92;12.58;741;103;3816.00;166
10257;102;627746188;10257;166;10998;11163;10.59;0.64;244.94;12.58;741;103;3817.00;165
10261;103;627746200;10261;162;11004;11163;10.75;0.65;244.90;12.58;743;104;3818.00;159
10267;103;627746224;10267;163;11006;11163;10.81;0.66;244.97;12.57;739;104;3819.00;157
10271;103;627746242;10271;160;11010;11163;10.91;0.66;244.95;12.57;739;104;3820.00;153
10273;103;627746254;10273;160;11014;11163;10.98;0.67;244.94;12.57;741;104;3821.00;149
10277;104;627746265;10277;165;11019;11163;11.03;0.67;244.92;12.56;742;105;3822.00;144
10279;104;627746288;10279;165;11020;11163;11.05;0.67;244.91;12.56;741;105;3823.00;143
10280;104;627746299;10280;165;11022;11164;11.07;0.67;244.97;12.56;742;105;3824.00;142
10282;104;627746310;10282;168;11024;11166;11.14;0.68;244.97;12.56;742;105;3825.00;142
10283;104;627746321;10283;172;11025;11166;11.13;0.68;244.95;12.56;742;105;3826.00;141
10286;104;627746333;10286;174;11028;11170;11.03;0.67;244.97;12.56;742;105;3827.00;142
10287;104;627746344;10287;177;11028;11170;10.99;0.67;244.96;12.56;741;105;3828.00;142
10292;104;627746355;10292;178;11028;11170;10.94;0.67;245.00;12.56;736;105;3829.00;142
10294;104;627746367;10294;183;11028;11170;10.90;0.66;244.99;12.56;734;105;3830.00;142
10296;104;627746377;10296;189;11031;11176;10.85;0.66;245.03;12.55;735;105;3831.00;145
10300;104;627746388;10300;191;11031;11176;10.75;0.65;245.02;12.55;731;105;3832.00;145
10305;104;627746399;10305;196;11032;11176;10.68;0.65;245.00;12.55;727;105;3833.00;144
10305;104;627746410;10305;196;11034;11179;10.66;0.65;245.00;12.55;729;105;3834.00;145
10307;104;627746421;10307;202;11034;11179;10.71;0.65;244.98;12.55;727;105;3835.00;145
10310;104;627746431;10310;207;11035;11179;10.68;0.65;244.96;12.55;725;105;3836.00;144
10312;105;627746441;10312;212;11035;11180;10.65;0.65;244.94;12.55;723;106;3837.00;145
10314;105;627746469;10314;210;11036;11181;10.57;0.64;244.94;12.55;722;106;3838.00;145
10318;105;627746479;10318;210;11036;11181;10.51;0.64;244.92;12.55;718;106;3839.00;145
10320;105;627746491;10320;211;11050;11207;10.41;0.63;244.90;12.53;730;106;3840.00;157
10325;105;627746503;10325;212;11050;11207;10.36;0.63;244.85;12.53;725;106;3841.00;157
10328;105;627746513;10328;206;11052;11207;10.38;0.63;244.82;12.53;724;106;3842.00;155
10330;105;627746523;10330;204;11055;11208;10.33;0.63;244.80;12.53;725;106;3843.00;153
10332;105;627746533;10332;208;11057;11208;10.36;0.63;244.78;12.54;725;106;3844.00;151
10332;105;627746545;10332;207;11059;11212;10.46;0.64;244.78;12.54;727;106;3845.00;153
10335;105;627746555;10335;208;11061;11214;10.48;0.64;244.74;12.55;726;106;3846.00;153
10337;105;627746565;10337;203;11065;11218;10.54;0.64;244.73;12.55;728;106;3847.00;153
10345;105;627746576;10345;199;11066;11218;10.53;0.64;244.64;12.55;721;106;3848.00;152
10348;105;627746588;10348;195;11066;11218;10.56;0.64;244.61;12.55;718;106;3849.00;152
10350;105;627746600;10350;197;11066;11218;10.62;0.65;244.60;12.55;716;106;3850.00;152
10350;105;627746610;10350;200;11066;11218;10.62;0.65;244.60;12.55;716;106;3851.00;152
10354;105;627746620;10354;194;11076;11230;10.53;0.64;244.56;12.53;722;106;3852.00;154
10355;105;627746632;10355;192;11076;11230;10.47;0.64;244.55;12.53;721;106;3853.00;154
10361;105;627746643;10361;196;11077;11230;10.44;0.63;244.54;12.53;716;106;3854.00;153
10362;105;627746653;10362;199;11077;11230;10.41;0.63;244.52;12.53;715;106;3855.00;153
10363;105;627746664;10363;198;11077;11230;10.33;0.63;244.50;12.53;714;106;3856.00;153
10366;105;627746673;10366;202;11078;11230;10.34;0.63;244.50;12.54;712;106;3857.00;152
10368;105;627746683;10368;207;11078;11231;10.34;0.63;244.50;12.54;710;106;3858.00;153
10368;105;627746693;10368;209;11079;11231;10.22;0.62;244.50;12.54;711;106;3859.00;152
10370;105;627746703;10370;210;11085;11237;10.12;0.61;244.50;12.54;715;106;3860.00;152
10370;105;627746726;10370;213;11088;11238;10.11;0.61;244.50;12.54;718;106;3861.00;150
10371;105;627746736;10371;214;11088;11238;9.98;0.61;244.47;12.54;717;106;3862.00;150
10372;105;627746746;10372;218;11089;11238;9.88;0.60;244.47;12.54;717;106;3863.00;149
10374;105;627746756;10374;216;11092;11242;9.77;0.59;244.46;12.54;718;106;3864.00;150
10375;105;627746780;10375;222;11092;11242;9.66;0.59;244.45;12.54;717;106;3865.00;150
10376;105;627746792;10376;225;11094;11242;9.57;0.58;244.46;12.55;718;106;3866.00;148
10381;105;627746806;10381;221;11096;11243;9.60;0.58;244.41;12.55;715;106;3867.00;147
10384;105;627746818;10384;219;11099;11247;9.54;0.58;244.42;12.55;715;106;3868.00;148
10385;105;627746829;10385;214;11099;11247;9.57;0.58;244.42;12.55;714;106;3869.00;148
10385;105;627746842;10385;214;11104;11253;9.53;0.58;244.42;12.57;719;106;3870.00;149
10387;105;627746854;10387;208;11105;11253;9.59;0.58;244.42;12.56;718;106;3871.00;148
10389;105;627746864;10389;203;11106;11253;9.65;0.58;244.40;12.56;717;106;3872.00;147
10389;105;627746874;10389;202;11108;11253;9.72;0.59;244.40;12.58;719;106;3873.00;145
10391;105;627746889;10391;201;11111;11257;9.79;0.59;244.38;12.58;720;106;3874.00;146
10392;105;627746900;10392;199;11112;11257;9.86;0.60;244.36;12.59;720;106;3875.00;145
10393;105;627746910;10393;200;11114;11257;9.88;0.60;244.42;12.60;721;106;3876.00;143
10394;105;627746920;10394;201;11115;11257;9.89;0.60;244.43;12.61;721;106;3877.00;142
10394;105;627746930;10394;204;11117;11258;9.89;0.60;244.43;12.62;723;106;3878.00;141
10395;105;627746940;10395;201;11119;11259;9.87;0.60;244.42;12.63;724;106;3879.00;140
10399;105;627746950;10399;206;11119;11259;9.77;0.60;244.43;12.63;720;106;3880.00;140
10400;105;627746960;10400;210;11121;11260;9.75;0.59;244.43;12.63;721;106;3881.00;139
10401;105;627746970;10401;212;11122;11260;9.67;0.59;244.44;12.65;721;106;3882.00;138
10403;105;627746986;10403;215;11123;11260;9.54;0.58;244.46;12.65;720;106;3883.00;137
10403;105;627746995;10403;214;11124;11260;9.40;0.57;244.46;12.66;721;106;3884.00;136
10405;105;627747004;10405;219;11124;11260;9.25;0.57;244.45;12.66;719;106;3885.00;136
10405;105;627747013;10405;226;11125;11260;9.15;0.56;244.45;12.67;720;106;3886.00;135
10407;105;627747022;10407;229;11126;11260;9.00;0.55;244.43;12.68;719;106;3887.00;134
10408;105;627747031;10408;254;11193;11387;9.06;0.56;244.43;12.60;785;106;3888.00;194
10409;105;627747051;10409;247;11197;11388;8.93;0.56;244.42;12.62;788;106;3889.00;191
10410;105;627747061;10410;239;11203;11388;8.93;0.56;244.42;12.61;793;106;3890.00;185
10414;105;627747071;10414;235;11211;11388;8.92;0.56;244.42;12.62;797;106;3891.00;177
10415;105;627747081;10415;234;11218;11388;8.96;0.56;244.41;12.61;803;106;3892.00;170
10416;105;627747091;10416;227;11222;11388;8.94;0.56;244.42;12.62;806;106;3893.00;166
10420;105;627747101;10420;224;11226;11388;8.88;0.55;244.42;12.62;806;106;3894.00;162
10422;105;627747111;10422;220;11229;11388;8.85;0.55;244.41;12.62;807;106;3895.00;159
10426;105;627747122;10426;220;11232;11389;8.81;0.55;244.43;12.63;806;106;3896.00;157
10429;105;627747132;10429;219;11236;11390;8.82;0.55;244.45;12.63;807;106;3897.00;154
10432;105;627747143;10432;223;11238;11390;8.83;0.55;244.45;12.63;806;106;3898.00;152
10435;105;627747154;10435;226;11244;11391;8.80;0.54;244.51;12.64;809;106;3899.00;147
10438;105;627747167;10438;234;11252;11406;8.73;0.54;244.55;12.63;814;106;3900.00;154
10440;105;627747189;10440;240;11252;11406;8.61;0.53;244.62;12.63;812;106;3901.00;154
10445;105;627747199;10445;245;11256;11406;8.47;0.52;244.62;12.64;811;106;3902.00;150
10449;105;627747210;10449;243;11260;11410;8.36;0.52;244.65;12.64;811;106;3903.00;150
10453;105;627747221;10453;244;11264;11410;8.23;0.51;244.64;12.66;811;106;3904.00;146
10460;105;627747231;10460;251;11264;11410;8.09;0.50;244.63;12.66;804;106;3905.00;146
10463;105;627747242;10463;257;11267;11413;8.01;0.50;244.61;12.66;804;106;3906.00;146
10470;105;627747253;10470;262;11268;11413;7.86;0.49;244.59;12.66;798;106;3907.00;145
10476;105;627747263;10476;267;11270;11413;7.74;0.48;244.61;12.67;794;106;3908.00;143
10477;105;627747275;10477;264;11274;11417;7.70;0.48;244.61;12.66;797;106;3909.00;143
10484;105;627747284;10484;257;11276;11418;7.68;0.48;244.67;12.67;792;106;3910.00;142
10486;105;627747295;10486;251;11278;11418;7.65;0.47;244.71;12.69;792;106;3911.00;140
10488;105;627747305;10488;252;11282;11422;7.69;0.48;244.74;12.68;794;106;3912.00;140
10497;105;627747316;10497;244;11283;11422;7.61;0.47;244.79;12.69;786;106;3913.00;139
10500;105;627747327;10500;244;11284;11422;7.65;0.47;244.77;12.69;784;106;3914.00;138
10503;105;627747338;10503;238;11287;11424;7.72;0.48;244.79;12.69;784;106;3915.00;137
10508;105;627747349;10508;234;11289;11424;7.75;0.48;244.76;12.71;781;106;3916.00;135
10511;105;627747359;10511;227;11293;11430;7.82;0.48;244.76;12.71;782;106;3917.00;137
10519;105;627747371;10519;221;11294;11430;7.87;0.48;244.75;12.71;775;106;3918.00;136
10521;105;627747382;10521;215;11295;11431;8.00;0.49;244.75;12.72;774;106;3919.00;136
10524;105;627747392;10524;214;11296;11431;8.13;0.50;244.81;12.72;772;106;3920.00;135
10531;105;627747403;10531;207;11296;11431;8.19;0.50;244.80;12.72;765;106;3921.00;135
10533;105;627747414;10533;204;11296;11431;8.28;0.51;244.82;12.72;763;106;3922.00;135
10538;105;627747424;10538;197;11296;11431;8.38;0.51;244.86;12.72;758;106;3923.00;135
10543;105;627747435;10543;200;11305;11443;8.53;0.52;244.86;12.71;762;106;3924.00;138
10546;105;627747447;10546;202;11305;11443;8.59;0.52;244.91;12.71;759;106;3925.00;138
10549;105;627747457;10549;204;11307;11443;8.65;0.53;244.93;12.71;758;106;3926.00;136
10553;105;627747469;10553;210;11307;11443;8.70;0.53;244.96;12.71;754;106;3927.00;136
10555;105;627747479;10555;209;11307;11443;8.79;0.54;244.99;12.71;752;106;3928.00;136
10556;105;627747489;10556;212;11307;11443;8.83;0.54;244.98;12.71;751;106;3929.00;136
10561;105;627747501;10561;203;11311;11447;8.91;0.54;245.01;12.71;750;106;3930.00;136
10564;105;627747512;10564;202;11313;11447;8.93;0.54;245.00;12.71;749;106;3931.00;134
10571;106;627747523;10571;197;11317;11451;8.89;0.54;245.05;12.71;746;107;3932.00;134
10572;106;627747550;10572;194;11318;11452;8.95;0.55;245.05;12.71;746;107;3933.00;134
10575;106;627747561;10575;200;11319;11452;8.92;0.54;245.09;12.71;744;107;3934.00;133
10580;106;627747571;10580;201;11319;11452;8.99;0.55;245.12;12.71;739;107;3935.00;133
10585;106;627747583;10585;200;11330;11465;9.07;0.55;245.10;12.70;745;107;3936.00;135
10589;106;627747595;10589;200;11330;11465;9.07;0.55;245.16;12.70;741;107;3937.00;135
10591;106;627747607;10591;199;11331;11465;9.13;0.56;245.18;12.70;740;107;3938.00;134
10598;106;627747617;10598;197;11333;11466;9.09;0.55;245.20;12.70;735;107;3939.00;133
10602;106;627747628;10602;195;11333;11467;9.09;0.55;245.29;12.70;731;107;3940.00;134
10607;106;627747639;10607;192;11334;11467;9.08;0.55;245.32;12.70;727;107;3941.00;133
10610;106;627747650;10610;192;11336;11470;9.11;0.55;245.32;12.70;726;107;3942.00;134
10612;106;627747662;10612;191;11336;11470;9.13;0.56;245.31;12.70;724;107;3943.00;134
10618;106;627747673;10618;197;11337;11470;9.08;0.55;245.30;12.70;719;107;3944.00;133
10618;106;627747684;10618;204;11338;11470;9.10;0.55;245.30;12.70;720;107;3945.00;132
10622;106;627747694;10622;203;11341;11476;9.18;0.56;245.31;12.69;719;107;3946.00;135
10627;106;627747706;10627;202;11343;11476;9.21;0.56;245.31;12.69;716;107;3947.00;133
10634;106;627747717;10634;206;11344;11476;9.28;0.56;245.31;12.69;710;107;3948.00;132
10636;106;627747728;10636;208;11344;11476;9.26;0.56;245.34;12.69;708;107;3949.00;132
10640;106;627747739;10640;207;11347;11480;9.24;0.56;245.39;12.69;707;107;3950.00;133
10643;106;627747750;10643;210;11348;11481;9.24;0.56;245.40;12.69;705;107;3951.00;133
10648;106;627747761;10648;212;11348;11481;9.18;0.56;245.51;12.69;700;107;3952.00;133
10651;106;627747772;10651;215;11349;11482;9.17;0.56;245.54;12.69;698;107;3953.00;133
10655;106;627747783;10655;213;11349;11482;9.12;0.56;245.51;12.69;694;107;3954.00;133
10659;106;627747793;10659;219;11349;11482;9.08;0.56;245.52;12.69;690;107;3955.00;133
10663;106;627747810;10663;227;11349;11482;9.04;0.55;245.54;12.69;686;107;3956.00;133
10666;106;627747828;10666;220;11349;11482;8.95;0.55;245.54;12.69;683;107;3957.00;133
10667;106;627747848;10667;219;11349;11482;8.85;0.54;245.55;12.69;682;107;3958.00;133
10669;106;627747867;10669;217;11349;11482;8.71;0.53;245.55;12.69;680;107;3959.00;133
10675;106;627747885;10675;234;11418;11607;8.58;0.53;245.57;12.61;743;107;3960.00;189
10678;106;627747913;10678;222;11420;11608;8.52;0.53;245.60;12.61;742;107;3961.00;188
10686;106;627747926;10686;217;11424;11608;8.50;0.52;245.62;12.60;738;107;3962.00;184
10690;106;627747937;10690;217;11426;11608;8.55;0.53;245.69;12.60;736;107;3963.00;182
10693;106;627747949;10693;223;11430;11608;8.59;0.53;245.71;12.60;737;107;3964.00;178
10696;106;627747968;10696;226;11434;11608;8.67;0.53;245.73;12.60;738;107;3965.00;174
10698;106;627747980;10698;212;11439;11608;8.79;0.54;245.77;12.59;741;107;3966.00;169
10701;106;627747991;10701;210;11441;11608;8.82;0.54;245.78;12.59;740;107;3967.00;167
10703;106;627748002;10703;207;11448;11609;8.77;0.54;245.81;12.59;745;107;3968.00;161
10705;106;627748014;10705;202;11449;11610;8.73;0.54;245.82;12.59;744;107;3969.00;161
10711;106;627748034;10711;198;11451;11610;8.67;0.53;245.83;12.59;740;107;3970.00;159
10715;106;627748046;10715;200;11456;11614;8.60;0.53;245.86;12.58;741;107;3971.00;158
10719;106;627748058;10719;198;11457;11614;8.60;0.53;245.82;12.58;738;107;3972.00;157
10723;106;627748071;10723;200;11457;11614;8.71;0.53;245.82;12.58;734;107;3973.00;157
10727;106;627748083;10727;198;11458;11614;8.81;0.54;245.81;12.58;731;107;3974.00;156
10729;106;627748096;10729;205;11461;11620;8.87;0.54;245.83;12.58;732;107;3975.00;159
10730;106;627748124;10730;205;11462;11620;8.95;0.55;245.83;12.58;732;107;3976.00;158
10736;107;627748139;10736;195;11462;11620;9.01;0.55;245.89;12.58;726;108;3977.00;158
10737;107;627748175;10737;198;11465;11623;9.14;0.56;245.88;12.58;728;108;3978.00;158
10740;107;627748188;10740;195;11466;11623;9.20;0.56;245.85;12.58;726;108;3979.00;157
10744;107;627748200;10744;193;11466;11623;9.25;0.56;245.87;12.58;722;108;3980.00;157
10746;107;627748211;10746;194;11466;11624;9.31;0.57;245.90;12.58;720;108;3981.00;158
10751;107;627748231;10751;192;11468;11625;9.34;0.57;245.94;12.58;717;108;3982.00;157
10753;107;627748242;10753;190;11468;11625;9.46;0.58;245.96;12.58;715;108;3983.00;157
10755;107;627748254;10755;188;11478;11638;9.57;0.58;245.98;12.56;723;108;3984.00;160
10757;107;627748266;10757;188;11478;11638;9.56;0.58;245.97;12.56;721;108;3985.00;160
10760;108;627748277;10760;195;11478;11638;9.52;0.58;246.01;12.56;718;109;3986.00;160
10762;108;627748305;10762;201;11479;11639;9.57;0.58;245.99;12.56;717;109;3987.00;160
10763;108;627748317;10763;202;11479;11639;9.65;0.59;246.00;12.56;716;109;3988.00;160
10765;108;627748333;10765;205;11482;11643;9.72;0.59;245.97;12.56;717;109;3989.00;161
10766;108;627748347;10766;208;11482;11643;9.76;0.60;245.96;12.56;716;109;3990.00;161
10768;108;627748357;10768;214;11486;11647;9.78;0.60;245.95;12.56;718;109;3991.00;161
10769;108;627748367;10769;219;11486;11647;9.84;0.60;245.94;12.56;717;109;3992.00;161
10770;108;627748377;10770;223;11486;11647;9.86;0.60;245.94;12.56;716;109;3993.00;161
10773;108;627748387;10773;224;11486;11647;9.83;0.60;245.92;12.56;713;109;3994.00;161
10775;108;627748398;10775;230;11486;11647;9.80;0.60;245.89;12.56;711;109;3995.00;161
10778;108;627748415;10778;233;11496;11659;9.78;0.60;245.87;12.55;718;109;3996.00;163
10779;108;627748426;10779;230;11496;11659;9.81;0.60;245.86;12.55;717;109;3997.00;163
10783;108;627748436;10783;228;11497;11659;9.82;0.60;245.80;12.54;714;109;3998.00;162
10784;108;627748446;10784;228;11498;11659;9.86;0.60;245.78;12.70;714;109;3999.00;161
10788;108;627748459;10788;231;11498;11659;9.89;0.61;245.76;12.70;710;109;4000.00;161
10789;108;627748474;10789;228;11498;11659;9.94;0.61;245.75;12.70;709;109;4001.00;161
10793;108;627748485;10793;231;11498;11660;9.99;0.61;245.72;12.70;705;109;4002.00;162
10796;108;627748495;10796;228;11498;11660;10.02;0.61;245.70;12.70;702;109;4003.00;162
10798;108;627748504;10798;224;11502;11666;10.07;0.61;245.67;12.70;704;109;4004.00;164
10801;108;627748514;10801;227;11505;11668;10.12;0.62;245.65;12.70;704;109;4005.00;163
10803;108;627748524;10803;223;11505;11668;10.12;0.62;245.63;12.70;702;109;4006.00;163
10805;108;627748535;10805;224;11505;11668;10.15;0.62;245.64;12.70;700;109;4007.00;163
10807;108;627748545;10807;224;11508;11672;10.11;0.62;245.61;12.69;701;109;4008.00;164
10809;108;627748555;10809;218;11508;11672;10.11;0.62;245.60;12.69;699;109;4009.00;164
10811;108;627748564;10811;221;11508;11672;10.10;0.62;245.60;12.69;697;109;4010.00;164
10813;108;627748573;10813;221;11509;11673;10.11;0.62;245.60;12.69;696;109;4011.00;164
10815;108;627748582;10815;223;11512;11677;10.06;0.62;245.58;12.69;697;109;4012.00;165
10818;108;627748594;10818;216;11512;11677;10.02;0.61;245.56;12.69;694;109;4013.00;165
10822;108;627748603;10822;215;11516;11680;9.99;0.61;245.59;12.86;694;109;4014.00;164
10827;108;627748615;10827;214;11518;11680;9.99;0.61;245.56;12.87;691;109;4015.00;162
10828;108;627748625;10828;216;11518;11680;9.95;0.61;245.55;12.87;690;109;4016.00;162
10833;108;627748642;10833;217;11519;11680;9.93;0.61;245.53;13.03;686;109;4017.00;161
10834;108;627748651;10834;215;11522;11684;10.03;0.61;245.52;13.02;688;109;4018.00;162
10836;108;627748661;10836;198;11522;11684;10.11;0.61;245.52;13.02;686;109;4019.00;162
10839;108;627748672;10839;185;11524;11684;10.24;0.62;245.51;13.17;685;109;4020.00;160
10841;108;627748682;10841;177;11524;11684;10.45;0.63;245.49;13.17;683;109;4021.00;160
10846;108;627748693;10846;171;11524;11685;10.54;0.64;245.46;13.17;678;109;4022.00;161
10846;108;627748703;10846;167;11525;11686;10.69;0.65;245.46;13.17;679;109;4023.00;161
10847;108;627748713;10847;160;11525;11686;10.78;0.65;245.47;13.17;678;109;4024.00;161
10849;108;627748723;10849;156;11526;11687;10.83;0.65;245.46;13.17;677;109;4025.00;161
10851;108;627748733;10851;149;11526;11687;10.92;0.66;245.44;13.17;675;109;4026.00;161
10853;108;627748743;10853;145;11526;11687;11.02;0.67;245.44;13.17;673;109;4027.00;161
10854;108;627748753;10854;144;11527;11687;11.09;0.67;245.46;13.17;673;109;4028.00;160
10854;108;627748773;10854;142;11527;11687;11.13;0.67;245.46;13.17;673;109;4029.00;160
10854;108;627748783;10854;136;11527;11687;11.18;0.68;245.46;13.17;673;109;4030.00;160
10854;108;627748793;10854;135;11527;11687;11.15;0.68;245.46;13.17;673;109;4031.00;160
10856;108;627748813;10856;151;11591;11814;11.02;0.68;245.43;13.10;735;109;4032.00;223
10856;108;627748836;10856;145;11594;11815;10.98;0.68;245.43;13.09;738;109;4033.00;221
10857;108;627748848;10857;141;11603;11815;10.96;0.68;245.42;13.09;746;109;4034.00;212
10858;108;627748858;10858;140;11606;11815;10.98;0.68;245.41;13.08;748;109;4035.00;209
10859;108;627748868;10859;139;11614;11815;10.96;0.67;245.42;13.09;755;109;4036.00;201
10863;108;627748879;10863;142;11618;11815;10.86;0.67;245.39;13.08;755;109;4037.00;197
10864;108;627748889;10864;142;11622;11815;10.75;0.66;245.39;13.09;758;109;4038.00;193
10865;108;627748906;10865;148;11625;11815;10.71;0.66;245.39;13.09;760;109;4039.00;190
10868;108;627748916;10868;153;11629;11816;10.61;0.65;245.35;13.11;761;109;4040.00;187
10872;108;627748927;10872;163;11632;11817;10.55;0.65;245.38;13.11;760;109;4041.00;185
10874;108;627748938;10874;169;11635;11817;10.54;0.65;245.40;13.11;761;109;4042.00;182
10879;108;627748948;10879;167;11640;11818;10.45;0.64;245.42;13.13;761;109;4043.00;178
10882;108;627748959;10882;176;11645;11818;10.40;0.64;245.40;13.13;763;109;4044.00;173
10886;108;627748970;10886;181;11649;11818;10.22;0.63;245.43;13.14;763;109;4045.00;169
10887;108;627748981;10887;184;11651;11818;10.12;0.62;245.44;13.14;764;109;4046.00;167
10888;108;627748991;10888;194;11655;11822;10.03;0.61;245.47;13.15;767;109;4047.00;167
10889;108;627749002;10889;207;11657;11822;9.93;0.61;245.49;13.16;768;109;4048.00;165
10890;108;627749012;10890;208;11659;11822;9.79;0.60;245.50;13.17;769;109;4049.00;163
10893;108;627749024;10893;209;11664;11828;9.74;0.60;245.51;13.17;771;109;4050.00;164
10897;108;627749035;10897;214;11666;11828;9.65;0.59;245.56;13.19;769;109;4051.00;162
10900;108;627749046;10900;220;11668;11828;9.58;0.59;245.55;13.19;768;109;4052.00;160
10902;108;627749074;10902;225;11673;11832;9.46;0.58;245.54;13.20;771;109;4053.00;159
10907;108;627749085;10907;230;11675;11833;9.38;0.57;245.56;13.20;768;109;4054.00;158
10909;108;627749095;10909;234;11678;11833;9.31;0.57;245.56;13.22;769;109;4055.00;155
10911;108;627749106;10911;239;11682;11837;9.32;0.57;245.62;13.21;771;109;4056.00;155
10913;108;627749118;10913;246;11684;11837;9.21;0.56;245.61;13.23;771;109;4057.00;153
10915;108;627749130;10915;252;11686;11837;9.11;0.56;245.63;13.24;771;109;4058.00;151
10918;108;627749140;10918;252;11687;11838;8.99;0.55;245.66;13.24;769;109;4059.00;151
10919;108;627749150;10919;254;11688;11838;8.90;0.54;245.66;13.25;769;109;4060.00;150
10921;108;627749161;10921;254;11693;11844;8.75;0.54;245.67;13.25;772;109;4061.00;151
10922;108;627749172;10922;252;11695;11844;8.58;0.52;245.69;13.26;773;109;4062.00;149
10926;108;627749183;10926;246;11695;11845;8.41;0.51;245.68;13.26;769;109;4063.00;150
10927;108;627749193;10927;246;11696;11845;8.35;0.51;245.68;13.26;769;109;4064.00;149
10930;108;627749203;10930;242;11697;11845;8.27;0.51;245.71;13.27;767;109;4065.00;148
10933;108;627749218;10933;249;11698;11845;8.27;0.51;245.68;13.28;765;109;4066.00;147
10934;108;627749228;10934;253;11698;11845;8.29;0.51;245.71;13.28;764;109;4067.00;147
10937;108;627749238;10937;254;11711;11857;8.36;0.51;245.70;13.30;774;109;4068.00;146
10939;108;627749249;10939;252;11711;11857;8.39;0.51;245.68;13.30;772;109;4069.00;146
10943;108;627749260;10943;258;11713;11857;8.40;0.51;245.65;13.31;770;109;4070.00;144
10948;108;627749270;10948;253;11713;11857;8.34;0.51;245.74;13.31;765;109;4071.00;144
10950;108;627749280;10950;249;11713;11857;8.33;0.51;245.73;13.31;763;109;4072.00;144
10956;108;627749289;10956;252;11716;11857;8.19;0.50;245.73;13.33;760;109;4073.00;141
10961;108;627749299;10961;248;11719;11861;8.05;0.49;245.77;13.33;758;109;4074.00;142
10964;108;627749309;10964;249;11720;11861;7.93;0.49;245.76;13.34;756;109;4075.00;141
10965;108;627749319;10965;253;11723;11865;7.88;0.48;245.77;13.34;758;109;4076.00;142
10968;108;627749328;10968;255;11727;11866;7.72;0.48;245.78;13.35;759;109;4077.00;139
10974;108;627749337;10974;256;11728;11866;7.59;0.47;245.79;13.35;754;109;4078.00;138
10978;108;627749347;10978;260;11728;11866;7.44;0.46;245.75;13.35;750;109;4079.00;138
10985;108;627749358;10985;261;11748;11895;7.29;0.45;245.77;13.33;763;109;4080.00;147
10989;108;627749369;10989;262;11749;11895;7.28;0.45;245.75;13.34;760;109;4081.00;146
10991;108;627749379;10991;257;11751;11895;7.31;0.45;245.77;13.34;760;109;4082.00;144
10995;108;627749388;10995;258;11756;11896;7.37;0.45;245.76;13.34;761;109;4083.00;140
10999;108;627749397;10999;254;11757;11897;7.40;0.45;245.80;13.34;758;109;4084.00;140
11004;108;627749407;11004;247;11758;11897;7.45;0.46;245.80;13.34;754;109;4085.00;139
11005;108;627749417;11005;248;11762;11900;7.64;0.47;245.80;13.34;757;109;4086.00;138
11011;108;627749426;11011;250;11762;11900;7.73;0.47;245.84;13.34;751;109;4087.00;138
11013;108;627749436;11013;241;11762;11900;7.88;0.48;245.83;13.34;749;109;4088.00;138
11016;108;627749446;11016;235;11762;11900;8.05;0.49;245.83;13.34;746;109;4089.00;138
11021;108;627749455;11021;231;11767;11906;8.13;0.50;245.87;13.34;746;109;4090.00;139
11023;108;627749465;11023;226;11767;11906;8.24;0.50;245.87;13.34;744;109;4091.00;139
11027;108;627749476;11027;223;11767;11906;8.34;0.51;245.91;13.34;740;109;4092.00;139
11032;108;627749486;11032;211;11767;11906;8.46;0.52;245.92;13.34;735;109;4093.00;139
11034;108;627749496;11034;206;11770;11910;8.56;0.52;245.93;13.34;736;109;4094.00;140
11038;108;627749506;11038;204;11772;11912;8.71;0.53;245.95;13.33;734;109;4095.00;140
11043;108;627749516;11043;205;11772;11912;8.87;0.54;245.93;13.33;729;109;4096.00;140
11047;108;627749526;11047;206;11773;11913;9.02;0.55;245.95;13.33;726;109;4097.00;140
11054;108;627749536;11054;205;11773;11913;9.13;0.56;246.07;13.33;719;109;4098.00;140
11056;108;627749547;11056;203;11773;11913;9.23;0.56;246.10;13.33;717;109;4099.00;140
11058;108;627749557;11058;207;11773;11913;9.28;0.57;246.11;13.33;715;109;4100.00;140
11063;108;627749571;11063;213;11773;11913;9.29;0.57;246.11;13.33;710;109;4101.00;140
11068;108;627749587;11068;220;11773;11913;9.33;0.57;246.12;13.33;705;109;4102.00;140
11070;108;627749598;11070;219;11773;11913;9.37;0.57;246.11;13.33;703;109;4103.00;140
11076;108;627749608;11076;233;11815;11983;9.33;0.57;246.13;13.28;739;109;4104.00;168
11082;108;627749624;11082;216;11815;11984;9.40;0.57;246.22;13.28;733;109;4105.00;169
11086;108;627749635;11086;205;11819;11984;9.55;0.58;246.19;13.28;733;109;4106.00;165
11090;108;627749646;11090;207;11824;11984;9.69;0.59;246.21;13.28;734;109;4107.00;160
11094;108;627749657;11094;207;11828;11984;9.77;0.59;246.22;13.27;734;109;4108.00;156
11098;108;627749667;11098;204;11832;11984;9.76;0.59;246.22;13.42;734;109;4109.00;152
11103;108;627749681;11103;209;11834;11984;9.79;0.60;246.20;13.42;731;109;4110.00;150
11106;108;627749692;11106;213;11835;11984;9.75;0.59;246.21;13.42;729;109;4111.00;149
11111;108;627749702;11111;215;11837;11985;9.74;0.59;246.18;13.42;726;109;4112.00;148
11113;108;627749713;11113;219;11838;11986;9.69;0.59;246.19;13.42;725;109;4113.00;148
11117;108;627749724;11117;216;11839;11986;9.66;0.59;246.18;13.42;722;109;4114.00;147
11120;108;627749735;11120;218;11841;11990;9.66;0.59;246.19;13.42;721;109;4115.00;149
11126;108;627749746;11126;220;11841;11990;9.58;0.58;246.24;13.42;715;109;4116.00;149
11127;108;627749756;11127;229;11841;11990;9.60;0.58;246.25;13.42;714;109;4117.00;149
11133;108;627749767;11133;232;11841;11990;9.54;0.58;246.27;13.42;708;109;4118.00;149
11137;108;627749777;11137;237;11845;11996;9.44;0.57;246.27;13.41;708;109;4119.00;151
11138;108;627749789;11138;239;11846;11996;9.39;0.57;246.29;13.41;708;109;4120.00;150
11140;108;627749800;11140;246;11848;11996;9.32;0.57;246.34;13.41;708;109;4121.00;148
11142;108;627749827;11142;249;11850;11999;9.25;0.56;246.40;13.41;708;109;4122.00;149
11144;108;627749844;11144;255;11853;11999;9.15;0.56;246.40;13.41;709;109;4123.00;146
11150;108;627749862;11150;261;11853;11999;8.99;0.55;246.45;13.41;703;109;4124.00;146
11154;108;627749878;11154;268;11853;12000;8.79;0.54;246.52;13.41;699;109;4125.00;147
11158;108;627749892;11158;271;11854;12001;8.65;0.53;246.54;13.41;696;109;4126.00;147
11163;109;627749910;11163;264;11854;12001;8.54;0.52;246.62;13.41;691;110;4127.00;147
11166;109;627749937;11166;265;11865;12014;8.53;0.52;246.61;13.39;699;110;4128.00;149
11168;109;627749950;11168;268;11865;12014;8.38;0.51;246.64;13.39;697;110;4129.00;149
11170;109;627749960;11170;264;11865;12014;8.34;0.51;246.65;13.39;695;110;4130.00;149
11172;109;627749972;11172;265;11866;12015;8.34;0.51;246.63;13.39;694;110;4131.00;149
11176;109;627749983;11176;270;11866;12015;8.31;0.51;246.64;13.39;690;110;4132.00;149
11181;109;627750001;11181;273;11869;12019;8.32;0.51;246.61;13.39;688;110;4133.00;150
11182;109;627750017;11182;270;11869;12019;8.29;0.50;246.61;13.39;687;110;4134.00;150
11183;109;627750029;11183;274;11873;12023;8.27;0.50;246.60;13.39;690;110;4135.00;150
11185;109;627750041;11185;263;11873;12023;8.23;0.50;246.59;13.39;688;110;4136.00;150
11186;109;627750057;11186;253;11873;12023;8.27;0.51;246.58;13.39;687;110;4137.00;150
11190;109;627750068;11190;249;11873;12023;8.28;0.51;246.58;13.39;683;110;4138.00;150
11191;109;627750078;11191;243;11873;12023;8.33;0.51;246.57;13.39;682;110;4139.00;150
11192;109;627750090;11192;242;11897;12057;8.42;0.52;246.56;13.36;705;110;4140.00;160
11194;109;627750103;11194;245;11898;12057;8.50;0.52;246.53;13.36;704;110;4141.00;159
11194;109;627750114;11194;234;11899;12057;8.64;0.53;246.53;13.36;705;110;4142.00;158
11200;109;627750124;11200;230;11899;12057;8.79;0.54;246.52;13.36;699;110;4143.00;158
11202;109;627750135;11202;228;11900;12057;8.92;0.55;246.50;13.36;698;110;4144.00;157
11204;109;627750146;11204;228;11900;12057;8.95;0.55;246.49;13.36;696;110;4145.00;157
11205;109;627750156;11205;222;11901;12058;9.02;0.55;246.48;13.36;696;110;4146.00;157
11209;109;627750166;11209;214;11901;12058;9.04;0.56;246.42;13.36;692;110;4147.00;157
11212;109;627750177;11212;213;11905;12064;9.10;0.56;246.46;13.35;693;110;4148.00;159
11214;109;627750188;11214;207;11906;12065;9.16;0.56;246.43;13.35;692;110;4149.00;159
11215;109;627750198;11215;208;11907;12065;9.18;0.56;246.44;13.35;692;110;4150.00;158
11217;109;627750208;11217;204;11907;12065;9.18;0.56;246.42;13.35;690;110;4151.00;158
11219;109;627750218;11219;207;11911;12069;9.21;0.56;246.39;13.35;692;110;4152.00;158
11222;109;627750234;11222;208;11912;12069;9.23;0.56;246.37;13.50;690;110;4153.00;157
11223;109;627750244;11223;209;11912;12069;9.22;0.56;246.35;13.50;689;110;4154.00;157
11224;109;627750260;11224;211;11913;12070;9.27;0.57;246.37;13.50;689;110;4155.00;157
11229;109;627750270;11229;215;11916;12074;9.32;0.57;246.33;13.49;687;110;4156.00;158
11230;109;627750281;11230;214;11916;12074;9.37;0.57;246.33;13.49;686;110;4157.00;158
11230;109;627750291;11230;213;11918;12077;9.41;0.57;246.33;13.49;688;110;4158.00;159
11231;109;627750300;11231;216;11918;12077;9.43;0.57;246.32;13.49;687;110;4159.00;159
11235;109;627750315;11235;217;11919;12077;9.44;0.57;246.32;13.49;684;110;4160.00;158
11238;109;627750324;11238;223;11919;12077;9.46;0.57;246.31;13.49;681;110;4161.00;158
11239;109;627750334;11239;221;11922;12081;9.50;0.58;246.31;13.49;683;110;4162.00;159
11241;109;627750344;11241;223;11922;12081;9.57;0.58;246.30;13.49;681;110;4163.00;159
11242;109;627750353;11242;224;11923;12081;9.64;0.59;246.29;13.49;681;110;4164.00;158
11244;109;627750362;11244;224;11923;12081;9.56;0.58;246.28;13.49;679;110;4165.00;158
11245;109;627750377;11245;224;11923;12082;9.54;0.58;246.26;13.49;678;110;4166.00;159
11247;109;627750386;11247;229;11924;12083;9.48;0.57;246.25;13.49;677;110;4167.00;159
11248;109;627750395;11248;226;11924;12083;9.42;0.57;246.25;13.49;676;110;4168.00;159
11249;109;627750405;11249;227;11925;12084;9.41;0.57;246.25;13.48;676;110;4169.00;159
11249;109;627750417;11249;227;11925;12084;9.37;0.57;246.25;13.48;676;110;4170.00;159
11253;109;627750426;11253;212;11925;12084;9.44;0.57;246.23;13.48;672;110;4171.00;159
11255;109;627750435;11255;201;11925;12084;9.53;0.58;246.24;13.48;670;110;4172.00;159
11256;109;627750445;11256;200;11927;12086;9.65;0.58;246.24;13.48;671;110;4173.00;159
11257;109;627750454;11257;191;11927;12086;9.79;0.59;246.23;13.48;670;110;4174.00;159
11258;109;627750464;11258;184;11928;12086;9.89;0.60;246.23;13.63;670;110;4175.00;158
11259;109;627750474;11259;203;11998;12213;9.72;0.60;246.22;13.56;739;110;4176.00;215
11260;109;627750494;11260;182;11999;12214;9.82;0.60;246.21;13.55;739;110;4177.00;215
11262;109;627750504;11262;168;12005;12214;10.04;0.62;246.21;13.55;743;110;4178.00;209
11265;110;627750514;11265;159;12008;12214;10.17;0.62;246.16;13.55;743;111;4179.00;206
11268;110;627750537;11268;155;12011;12214;10.37;0.63;246.16;13.54;743;111;4180.00;203
11268;110;627750547;11268;147;12016;12214;10.51;0.64;246.16;13.69;748;111;4181.00;198
11269;110;627750563;11269;135;12022;12214;10.62;0.65;246.15;13.69;753;111;4182.00;192
11271;110;627750574;11271;139;12024;12214;10.77;0.66;246.14;13.68;753;111;4183.00;190
11275;110;627750585;11275;140;12028;12215;10.81;0.66;246.10;13.68;753;111;4184.00;187
11278;110;627750596;11278;136;12032;12217;10.80;0.66;246.14;13.71;754;111;4185.00;185
11278;110;627750610;11278;135;12035;12217;10.92;0.66;246.14;13.70;757;111;4186.00;182
11279;110;627750620;11279;134;12039;12218;10.94;0.67;246.13;13.70;760;111;4187.00;179
11280;110;627750631;11280;139;12041;12218;10.98;0.67;246.12;13.70;761;111;4188.00;177
11282;110;627750644;11282;135;12042;12218;11.04;0.67;246.12;13.70;760;111;4189.00;176
11285;110;627750655;11285;136;12044;12218;11.01;0.67;246.13;13.70;759;111;4190.00;174
11288;110;627750667;11288;136;12046;12222;10.92;0.66;246.14;13.70;758;111;4191.00;176
11289;110;627750679;11289;133;12048;12222;10.84;0.66;246.13;13.85;759;111;4192.00;174
11290;110;627750690;11290;133;12050;12222;10.79;0.66;246.13;13.85;760;111;4193.00;172
11293;110;627750701;11293;137;12052;12225;10.79;0.66;246.14;13.85;759;111;4194.00;173
11296;110;627750713;11296;139;12054;12225;10.75;0.65;246.21;13.99;758;111;4195.00;171
11297;110;627750725;11297;145;12054;12225;10.84;0.66;246.19;13.99;757;111;4196.00;171
11304;110;627750736;11304;153;12059;12229;10.79;0.66;246.17;13.99;755;111;4197.00;170
11306;110;627750748;11306;153;12061;12230;10.76;0.65;246.18;14.13;755;111;4198.00;169
11311;110;627750760;11311;157;12062;12230;10.68;0.65;246.19;14.13;751;111;4199.00;168
11315;110;627750774;11315;170;12072;12264;10.58;0.64;246.15;14.12;757;111;4200.00;192
11316;110;627750793;11316;170;12074;12264;10.46;0.63;246.15;14.12;758;111;4201.00;190
11319;110;627750808;11319;167;12076;12264;10.34;0.63;246.18;14.12;757;111;4202.00;188
11321;110;627750819;11321;173;12077;12265;10.32;0.63;246.20;14.12;756;111;4203.00;188
11323;110;627750830;11323;178;12078;12265;10.25;0.62;246.20;14.12;755;111;4204.00;187
11326;110;627750841;11326;177;12081;12271;10.22;0.62;246.22;14.12;755;111;4205.00;190
11331;110;627750854;11331;174;12083;12271;10.17;0.62;246.25;14.12;752;111;4206.00;188
11333;110;627750864;11333;172;12085;12272;10.14;0.62;246.26;14.12;752;111;4207.00;187
11338;110;627750875;11338;177;12085;12272;10.05;0.61;246.31;14.12;747;111;4208.00;187
11340;110;627750892;11340;183;12086;12272;10.02;0.61;246.30;14.12;746;111;4209.00;186
11343;110;627750908;11343;184;12086;12272;9.94;0.60;246.34;14.12;743;111;4210.00;186
11347;110;627750919;11347;191;12089;12272;9.89;0.60;246.38;14.14;742;111;4211.00;183
11350;110;627750930;11350;195;12098;12284;9.83;0.60;246.39;14.14;748;111;4212.00;186
11352;110;627750942;11352;202;12101;12284;9.78;0.59;246.38;14.15;749;111;4213.00;183
11357;110;627750952;11357;206;12103;12284;9.74;0.59;246.43;14.16;746;111;4214.00;181
11357;110;627750963;11357;209;12103;12284;9.75;0.59;246.43;14.16;746;111;4215.00;181
11363;110;627750974;11363;212;12106;12284;9.67;0.59;246.42;14.17;743;111;4216.00;178
11363;110;627750985;11363;211;12107;12284;9.66;0.58;246.42;14.18;744;111;4217.00;177
11367;110;627750995;11367;216;12111;12288;9.64;0.58;246.43;14.17;744;111;4218.00;177
11368;110;627751007;11368;221;12113;12288;9.64;0.58;246.44;14.19;745;111;4219.00;175
11371;110;627751018;11371;227;12115;12292;9.73;0.59;246.46;14.19;744;111;4220.00;177
11373;110;627751029;11373;229;12119;12293;9.70;0.59;246.48;14.21;746;111;4221.00;174
11375;110;627751039;11375;233;12120;12293;9.61;0.58;246.44;14.21;745;111;4222.00;173
11379;110;627751049;11379;235;12122;12293;9.55;0.58;246.46;14.24;743;111;4223.00;171
11381;110;627751060;11381;243;12130;12306;9.40;0.57;246.44;14.23;749;111;4224.00;176
11384;110;627751071;11384;244;12131;12306;9.38;0.57;246.42;14.23;747;111;4225.00;175
11387;110;627751081;11387;251;12133;12306;9.30;0.57;246.41;14.25;746;111;4226.00;173
11390;110;627751091;11390;254;12135;12307;9.17;0.56;246.39;14.25;745;111;4227.00;172
11392;110;627751102;11392;259;12135;12308;9.08;0.56;246.37;14.25;743;111;4228.00;173
11394;110;627751112;11394;259;12139;12308;8.92;0.55;246.38;14.26;745;111;4229.00;169
11395;110;627751123;11395;257;12142;12314;8.92;0.55;246.38;14.26;747;111;4230.00;172
11397;110;627751134;11397;257;12144;12314;8.90;0.55;246.40;14.26;747;111;4231.00;170
11399;110;627751144;11399;256;12145;12314;8.91;0.55;246.38;14.28;746;111;4232.00;169
11402;110;627751154;11402;259;12145;12314;8.89;0.55;246.37;14.28;743;111;4233.00;169
11406;110;627751164;11406;256;12150;12320;8.83;0.54;246.39;14.29;744;111;4234.00;170
11410;110;627751174;11410;250;12150;12320;8.80;0.54;246.43;14.29;740;111;4235.00;170
11413;110;627751184;11413;255;12153;12320;8.74;0.54;246.41;14.32;740;111;4236.00;167
11415;110;627751194;11415;248;12153;12320;8.70;0.54;246.39;14.32;738;111;4237.00;167
11418;110;627751204;11418;251;12157;12324;8.69;0.53;246.40;14.32;739;111;4238.00;167
11421;110;627751213;11421;257;12159;12325;8.65;0.53;246.39;14.32;738;111;4239.00;166
11424;110;627751223;11424;254;12162;12325;8.67;0.53;246.41;14.35;738;111;4240.00;163
11430;110;627751233;11430;250;12163;12326;8.73;0.54;246.44;14.35;733;111;4241.00;163
11435;110;627751242;11435;250;12163;12326;8.66;0.53;246.44;14.35;728;111;4242.00;163
11437;110;627751252;11437;250;12164;12326;8.63;0.53;246.43;14.36;727;111;4243.00;162
11447;110;627751261;11447;249;12165;12326;8.48;0.52;246.44;14.36;718;111;4244.00;161
11452;110;627751271;11452;253;12168;12326;8.29;0.51;246.46;14.37;716;111;4245.00;158
11456;110;627751280;11456;253;12170;12326;8.06;0.49;246.48;14.38;714;111;4246.00;156
11458;110;627751289;11458;257;12171;12326;7.92;0.49;246.49;14.38;713;111;4247.00;155
11460;110;627751298;11460;269;12206;12396;7.79;0.48;246.47;14.35;746;111;4248.00;190
11466;110;627751312;11466;268;12210;12397;7.59;0.47;246.48;14.35;744;111;4249.00;187
11469;110;627751322;11469;260;12214;12397;7.50;0.46;246.52;14.35;745;111;4250.00;183
11472;110;627751331;11472;256;12220;12397;7.44;0.46;246.53;14.36;748;111;4251.00;177
11476;110;627751341;11476;251;12224;12397;7.42;0.45;246.55;14.36;748;111;4252.00;173
11478;110;627751350;11478;253;12227;12397;7.37;0.45;246.57;14.36;749;111;4253.00;170
11482;110;627751359;11482;254;12231;12397;7.44;0.46;246.56;14.36;749;111;4254.00;166
11486;110;627751368;11486;255;12233;12397;7.40;0.45;246.58;14.37;747;111;4255.00;164
11489;110;627751377;11489;258;12236;12398;7.52;0.46;246.58;14.37;747;111;4256.00;162
11493;110;627751387;11493;252;12239;12399;7.57;0.47;246.63;14.37;746;111;4257.00;160
11499;110;627751397;11499;256;12244;12399;7.62;0.47;246.67;14.37;745;111;4258.00;155
11501;110;627751407;11501;252;12250;12403;7.72;0.47;246.68;14.37;749;111;4259.00;153
11505;110;627751418;11505;249;12252;12403;7.71;0.47;246.71;14.37;747;111;4260.00;151
11510;110;627751427;11510;255;12253;12403;7.70;0.47;246.75;14.38;743;111;4261.00;150
11512;110;627751437;11512;249;12254;12403;7.74;0.48;246.76;14.38;742;111;4262.00;149
11514;110;627751446;11514;246;12258;12409;7.73;0.48;246.78;14.37;744;111;4263.00;151
11520;110;627751456;11520;250;12258;12409;7.72;0.47;246.81;14.37;738;111;4264.00;151
11524;110;627751466;11524;253;12259;12409;7.68;0.47;246.84;14.37;735;111;4265.00;150
11529;110;627751476;11529;252;12262;12412;7.70;0.47;246.81;14.37;733;111;4266.00;150
11535;110;627751486;11535;245;12262;12412;7.71;0.47;246.80;14.37;727;111;4267.00;150
11540;110;627751496;11540;250;12264;12412;7.63;0.47;246.78;14.37;724;111;4268.00;148
11542;110;627751505;11542;247;12264;12413;7.63;0.47;246.81;14.37;722;111;4269.00;149
11549;110;627751514;11549;249;12266;12414;7.66;0.47;246.80;14.37;717;111;4270.00;148
11553;110;627751524;11553;251;12268;12414;7.66;0.47;246.82;14.37;715;111;4271.00;146
11558;110;627751534;11558;257;12279;12427;7.77;0.48;246.80;14.36;721;111;4272.00;148
11562;110;627751544;11562;256;12281;12427;7.78;0.48;246.81;14.36;719;111;4273.00;146
11566;110;627751554;11566;259;12281;12427;7.80;0.48;246.80;14.36;715;111;4274.00;146
11570;110;627751564;11570;254;12283;12429;7.88;0.48;246.89;14.36;713;111;4275.00;146
11574;110;627751574;11574;245;12284;12429;7.98;0.49;246.88;14.36;710;111;4276.00;145
11580;110;627751583;11580;240;12286;12433;7.99;0.49;246.93;14.35;706;111;4277.00;147
11584;110;627751600;11584;241;12287;12433;7.96;0.49;246.95;14.35;703;111;4278.00;146
11588;110;627751610;11588;246;12291;12437;7.97;0.49;246.96;14.35;703;111;4279.00;146
11590;110;627751620;11590;248;12291;12437;7.96;0.49;246.94;14.35;701;111;4280.00;146
11593;110;627751630;11593;251;12291;12437;7.99;0.49;246.91;14.35;698;111;4281.00;146
11598;110;627751640;11598;255;12291;12437;7.98;0.49;246.89;14.35;693;111;4282.00;146
11600;110;627751649;11600;259;12291;12437;8.06;0.49;246.87;14.35;691;111;4283.00;146
11603;110;627751660;11603;264;12302;12449;8.22;0.50;246.89;14.34;699;111;4284.00;147
11605;110;627751670;11605;269;12302;12449;8.22;0.50;246.89;14.34;697;111;4285.00;147
11608;110;627751679;11608;269;12302;12449;8.20;0.50;246.93;14.34;694;111;4286.00;147
11612;110;627751689;11612;272;12302;12449;8.18;0.50;246.92;14.34;690;111;4287.00;147
11614;110;627751699;11614;278;12302;12449;8.16;0.50;246.92;14.34;688;111;4288.00;147
11617;110;627751708;11617;282;12302;12449;8.18;0.50;246.91;14.34;685;111;4289.00;147
11619;110;627751719;11619;285;12303;12450;8.13;0.49;246.88;14.49;684;111;4290.00;147
11621;110;627751731;11621;293;12303;12450;8.08;0.49;246.89;14.49;682;111;4291.00;147
11622;110;627751740;11622;300;12307;12456;7.98;0.49;246.88;14.48;685;111;4292.00;149
11623;110;627751750;11623;305;12309;12457;7.90;0.48;246.87;14.48;686;111;4293.00;148
11625;110;627751759;11625;313;12309;12457;7.79;0.47;246.87;14.48;684;111;4294.00;148
11629;110;627751768;11629;320;12309;12457;7.74;0.47;246.86;14.48;680;111;4295.00;148
11631;110;627751777;11631;320;12312;12461;7.63;0.46;246.84;14.47;681;111;4296.00;149
11632;110;627751787;11632;310;12312;12461;7.59;0.46;246.85;14.47;680;111;4297.00;149
11633;110;627751796;11633;310;12312;12461;7.51;0.46;246.84;14.47;679;111;4298.00;149
11636;110;627751807;11636;302;12313;12462;7.50;0.46;246.88;14.47;677;111;4299.00;149
11636;110;627751824;11636;298;12316;12466;7.59;0.46;246.88;14.47;680;111;4300.00;150
11640;110;627751850;11640;301;12316;12466;7.57;0.46;246.87;14.47;676;111;4301.00;150
11642;110;627751866;11642;306;12318;12469;7.53;0.46;246.85;14.47;676;111;4302.00;151
11645;110;627751881;11645;303;12318;12469;7.51;0.46;246.83;14.47;673;111;4303.00;151
11647;111;627751896;11647;305;12319;12469;7.59;0.46;246.81;14.47;672;112;4304.00;150
11649;111;627751925;11649;303;12319;12469;7.56;0.46;246.81;14.47;670;112;4305.00;150
11652;111;627751935;11652;289;12322;12473;7.66;0.46;246.81;14.46;670;112;4306.00;151
11655;111;627751953;11655;278;12322;12473;7.67;0.46;246.78;14.46;667;112;4307.00;151
11657;111;627751964;11657;265;12323;12473;7.78;0.47;246.77;14.46;666;112;4308.00;150
11659;111;627751975;11659;254;12323;12473;7.84;0.48;246.77;14.46;664;112;4309.00;150
11664;111;627751985;11664;248;12323;12474;7.88;0.48;246.82;14.46;659;112;4310.00;151
11665;111;627752004;11665;245;12324;12475;7.97;0.48;246.81;14.46;659;112;4311.00;151
11665;111;627752016;11665;243;12324;12475;8.09;0.49;246.81;14.46;659;112;4312.00;151
11667;111;627752026;11667;238;12325;12476;8.19;0.50;246.80;14.46;658;112;4313.00;151
11668;111;627752037;11668;232;12325;12476;8.26;0.50;246.78;14.46;657;112;4314.00;151
11670;111;627752046;11670;236;12325;12476;8.39;0.51;246.76;14.46;655;112;4315.00;151
11670;111;627752056;11670;234;12325;12476;8.50;0.52;246.76;14.46;655;112;4316.00;151
11673;111;627752066;11673;233;12325;12476;8.59;0.52;246.74;14.46;652;112;4317.00;151
11673;111;627752075;11673;230;12325;12476;8.66;0.52;246.74;14.46;652;112;4318.00;151
11674;111;627752084;11674;228;12325;12476;8.74;0.53;246.74;14.46;651;112;4319.00;151
11675;111;627752096;11675;265;12435;12706;8.76;0.55;246.74;14.33;760;112;4320.00;271
11676;111;627752123;11676;258;12438;12707;8.82;0.55;246.73;14.33;762;112;4321.00;269
11676;111;627752133;11676;239;12448;12707;8.95;0.56;246.73;14.32;772;112;4322.00;259
11679;111;627752143;11679;219;12453;12707;9.04;0.56;246.76;14.32;774;112;4323.00;254
11679;111;627752153;11679;197;12460;12707;9.14;0.57;246.76;14.31;781;112;4324.00;247
11681;111;627752170;11681;184;12463;12707;9.17;0.57;246.76;14.31;782;112;4325.00;244
11682;111;627752181;11682;177;12468;12707;9.25;0.57;246.76;14.30;786;112;4326.00;239
11683;111;627752192;11683;174;12471;12707;9.35;0.58;246.76;14.30;788;112;4327.00;236
11684;111;627752203;11684;171;12478;12708;9.46;0.58;246.75;14.30;794;112;4328.00;230
11684;111;627752224;11684;170;12483;12709;9.56;0.59;246.75;14.30;799;112;4329.00;226
11685;111;627752236;11685;171;12488;12709;9.57;0.59;246.73;14.29;803;112;4330.00;221
11685;111;627752255;11685;164;12492;12710;9.53;0.59;246.73;14.29;807;112;4331.00;218
11687;111;627752273;11687;165;12495;12710;9.47;0.58;246.77;14.29;808;112;4332.00;215
11689;111;627752287;11689;165;12497;12710;9.45;0.58;246.78;14.29;808;112;4333.00;213
11690;111;627752299;11690;166;12502;12710;9.42;0.58;246.78;14.44;812;112;4334.00;208
11691;111;627752317;11691;170;12508;12714;9.42;0.58;246.78;14.43;817;112;4335.00;206
11694;111;627752330;11694;173;12509;12714;9.50;0.59;246.76;14.43;815;112;4336.00;205
11695;111;627752342;11695;175;12510;12714;9.62;0.59;246.77;14.43;815;112;4337.00;204
11696;111;627752354;11696;180;12513;12717;9.76;0.60;246.76;14.43;817;112;4338.00;204
11697;111;627752365;11697;178;12513;12717;9.92;0.61;246.76;14.43;816;112;4339.00;204
11698;111;627752377;11698;183;12513;12717;10.07;0.62;246.76;14.43;815;112;4340.00;204
11698;111;627752389;11698;181;12517;12721;10.08;0.62;246.76;14.43;819;112;4341.00;204
11704;111;627752407;11704;182;12518;12722;10.11;0.62;246.72;14.43;814;112;4342.00;204
11704;111;627752419;11704;182;12519;12722;10.21;0.62;246.72;14.43;815;112;4343.00;203
11706;111;627752430;11706;181;12523;12726;10.25;0.63;246.71;14.43;817;112;4344.00;203
11707;111;627752443;11707;186;12523;12726;10.26;0.63;246.70;14.43;816;112;4345.00;203
11710;111;627752454;11710;188;12523;12726;10.33;0.63;246.73;14.43;813;112;4346.00;203
11715;111;627752473;11715;190;12525;12727;10.32;0.63;246.74;14.43;810;112;4347.00;202
11716;111;627752485;11716;189;12526;12727;10.40;0.64;246.73;14.43;810;112;4348.00;201
11722;111;627752497;11722;189;12530;12733;10.42;0.64;246.72;14.43;808;112;4349.00;203
11726;111;627752512;11726;184;12531;12733;10.39;0.64;246.72;14.57;805;112;4350.00;202
11729;111;627752526;11729;176;12532;12734;10.39;0.63;246.73;14.57;803;112;4351.00;202
11734;111;627752544;11734;174;12533;12734;10.42;0.64;246.72;14.57;799;112;4352.00;201
11737;111;627752556;11737;166;12535;12734;10.42;0.63;246.71;14.57;798;112;4353.00;199
11740;111;627752568;11740;165;12537;12734;10.40;0.63;246.74;14.58;797;112;4354.00;197
11743;111;627752581;11743;159;12537;12734;10.44;0.64;246.75;14.58;794;112;4355.00;197
11745;111;627752592;11745;157;12550;12746;10.47;0.64;246.74;14.73;805;112;4356.00;196
11749;111;627752605;11749;159;12550;12746;10.57;0.64;246.78;14.73;801;112;4357.00;196
11755;111;627752617;11755;156;12550;12746;10.58;0.64;246.81;14.73;795;112;4358.00;196
11757;111;627752629;11757;155;12550;12746;10.64;0.65;246.84;14.73;793;112;4359.00;196
11760;111;627752642;11760;153;12550;12746;10.66;0.65;246.86;14.73;790;112;4360.00;196
11765;111;627752654;11765;153;12551;12746;10.58;0.64;246.86;14.87;786;112;4361.00;195
11766;111;627752666;11766;148;12554;12750;10.64;0.65;246.89;14.87;788;112;4362.00;196
11771;111;627752678;11771;157;12554;12750;10.70;0.65;246.88;14.87;783;112;4363.00;196
11773;111;627752696;11773;160;12556;12754;10.79;0.65;246.89;14.87;783;112;4364.00;198
11777;111;627752709;11777;161;12560;12756;10.83;0.66;246.91;15.01;783;112;4365.00;196
11780;111;627752722;11780;163;12560;12756;10.84;0.66;246.93;15.01;780;112;4366.00;196
11781;111;627752735;11781;164;12563;12756;10.81;0.65;246.95;15.16;782;112;4367.00;193
11784;111;627752747;11784;165;12572;12769;10.77;0.65;246.99;15.15;788;112;4368.00;197
11785;111;627752762;11785;170;12572;12769;10.73;0.65;246.99;15.15;787;112;4369.00;197
11787;111;627752774;11787;173;12574;12769;10.73;0.65;247.05;15.30;787;112;4370.00;195
11788;111;627752787;11788;171;12575;12770;10.76;0.65;247.04;15.30;787;112;4371.00;195
11792;111;627752799;11792;172;12576;12771;10.71;0.65;247.06;15.30;784;112;4372.00;195
11794;111;627752813;11794;177;12576;12771;10.70;0.65;247.06;15.30;782;112;4373.00;195
11797;111;627752824;11797;188;12579;12774;10.64;0.65;247.06;15.30;782;112;4374.00;195
11801;111;627752836;11801;192;12580;12774;10.59;0.64;247.06;15.31;779;112;4375.00;194
11802;111;627752848;11802;192;12582;12774;10.55;0.64;247.10;15.31;780;112;4376.00;192
11804;111;627752862;11804;195;12583;12774;10.52;0.64;247.10;15.31;779;112;4377.00;191
11805;111;627752874;11805;199;12587;12780;10.54;0.64;247.09;15.31;782;112;4378.00;193
11809;111;627752886;11809;201;12589;12780;10.55;0.64;247.08;15.33;780;112;4379.00;191
11811;111;627752899;11811;203;12591;12780;10.53;0.64;247.07;15.33;780;112;4380.00;189
11813;111;627752911;11813;201;12593;12780;10.49;0.64;247.06;15.34;780;112;4381.00;187
11817;111;627752922;11817;208;12598;12784;10.35;0.63;247.04;15.36;781;112;4382.00;186
11820;111;627752934;11820;215;12600;12785;10.24;0.62;247.03;15.36;780;112;4383.00;185
11824;111;627752946;11824;221;12601;12785;10.17;0.62;247.01;15.36;777;112;4384.00;184
11826;111;627752957;11826;226;12604;12786;10.14;0.62;247.02;15.38;778;112;4385.00;182
11827;111;627752969;11827;229;12606;12786;10.14;0.62;247.02;15.39;779;112;4386.00;180
11828;111;627752980;11828;242;12608;12786;10.01;0.61;247.00;15.41;780;112;4387.00;178
11833;111;627752990;11833;249;12609;12786;9.89;0.60;246.97;15.41;776;112;4388.00;177
11836;111;627753002;11836;258;12611;12786;9.76;0.59;246.97;15.43;775;112;4389.00;175
11838;111;627753013;11838;262;12611;12786;9.68;0.59;246.97;15.43;773;112;4390.00;175
11843;111;627753029;11843;265;12614;12786;9.56;0.58;246.97;15.45;771;112;4391.00;172
11846;111;627753041;11846;279;12651;12856;9.51;0.58;246.96;15.41;805;112;4392.00;205
11848;111;627753058;11848;275;12656;12857;9.42;0.58;246.94;15.43;808;112;4393.00;201
11851;111;627753068;11851;278;12662;12857;9.38;0.57;246.95;15.42;811;112;4394.00;195
11851;111;627753081;11851;285;12667;12857;9.35;0.57;246.95;15.44;816;112;4395.00;190
11853;111;627753091;11853;290;12675;12857;9.27;0.57;246.94;15.43;822;112;4396.00;182
11855;111;627753102;11855;290;12679;12857;9.19;0.56;246.92;15.45;824;112;4397.00;178
11859;111;627753112;11859;294;12683;12857;9.06;0.55;246.93;15.46;824;112;4398.00;174
11859;111;627753123;11859;289;12686;12857;8.96;0.55;246.93;15.46;827;112;4399.00;171
11863;112;627753134;11863;287;12688;12858;8.86;0.54;246.92;15.46;825;113;4400.00;170
11866;112;627753164;11866;286;12691;12859;8.75;0.53;246.88;15.47;825;113;4401.00;168
11867;112;627753177;11867;285;12693;12859;8.72;0.53;246.87;15.48;826;113;4402.00;166
11872;112;627753187;11872;282;12696;12863;8.60;0.52;246.89;15.49;824;113;4403.00;167
11875;112;627753199;11875;282;12697;12863;8.54;0.52;246.89;15.49;822;113;4404.00;166
11877;112;627753210;11877;282;12698;12863;8.55;0.52;246.88;15.50;821;113;4405.00;165
11880;112;627753221;11880;278;12699;12863;8.48;0.52;246.88;15.50;819;113;4406.00;164
11883;112;627753232;11883;284;12704;12869;8.54;0.52;246.90;15.49;821;113;4407.00;165
11885;112;627753244;11885;287;12705;12869;8.53;0.52;246.90;15.50;820;113;4408.00;164
11888;112;627753255;11888;291;12706;12869;8.56;0.52;246.91;15.50;818;113;4409.00;163
11891;112;627753273;11891;295;12711;12875;8.54;0.52;246.94;15.51;820;113;4410.00;164
11894;112;627753285;11894;298;12711;12875;8.56;0.52;246.94;15.51;817;113;4411.00;164
11898;112;627753296;11898;298;12713;12875;8.49;0.52;246.96;15.53;815;113;4412.00;162
11900;112;627753308;11900;301;12715;12876;8.38;0.51;246.99;15.52;815;113;4413.00;161
11902;112;627753318;11902;295;12716;12877;8.30;0.51;246.97;15.52;814;113;4414.00;161
11907;112;627753329;11907;298;12718;12877;8.14;0.50;246.95;15.54;811;113;4415.00;159
11914;112;627753339;11914;295;12728;12890;7.93;0.49;246.93;15.53;814;113;4416.00;162
11920;112;627753350;11920;293;12730;12890;7.74;0.47;246.97;15.55;810;113;4417.00;160
11922;112;627753361;11922;289;12731;12890;7.60;0.47;246.98;15.54;809;113;4418.00;159
11927;112;627753370;11927;296;12732;12891;7.38;0.45;247.00;15.54;805;113;4419.00;159
11931;112;627753380;11931;295;12734;12891;7.26;0.45;247.03;15.56;803;113;4420.00;157
11937;112;627753390;11937;294;12737;12895;7.20;0.44;247.06;15.55;800;113;4421.00;158
11941;112;627753401;11941;295;12739;12895;7.14;0.44;247.06;15.57;798;113;4422.00;156
11948;112;627753411;11948;299;12743;12899;7.06;0.43;247.08;15.57;795;113;4423.00;156
11949;112;627753421;11949;291;12743;12899;7.04;0.43;247.10;15.57;794;113;4424.00;156
11956;112;627753430;11956;285;12746;12899;6.91;0.43;247.13;15.58;790;113;4425.00;153
11958;112;627753440;11958;284;12746;12899;6.95;0.43;247.16;15.58;788;113;4426.00;153
11962;112;627753450;11962;280;12748;12899;6.94;0.43;247.19;15.58;786;113;4427.00;151
11964;112;627753460;11964;275;12759;12911;7.11;0.44;247.18;15.57;795;113;4428.00;152
11968;112;627753471;11968;281;12759;12911;7.17;0.44;247.19;15.57;791;113;4429.00;152
11972;112;627753481;11972;271;12760;12911;7.20;0.44;247.20;15.57;788;113;4430.00;151
11976;112;627753491;11976;269;12760;12911;7.23;0.45;247.18;15.57;784;113;4431.00;151
11979;112;627753501;11979;270;12760;12911;7.24;0.45;247.24;15.57;781;113;4432.00;151
11981;112;627753511;11981;270;12760;12911;7.25;0.45;247.24;15.57;779;113;4433.00;151
11985;112;627753526;11985;275;12760;12912;7.24;0.45;247.27;15.57;775;113;4434.00;152
11989;112;627753535;11989;278;12760;12912;7.22;0.44;247.24;15.57;771;113;4435.00;152
11993;112;627753545;11993;285;12765;12918;7.23;0.44;247.24;15.56;772;113;4436.00;153
11996;112;627753556;11996;286;12766;12919;7.26;0.44;247.28;15.56;770;113;4437.00;153
12001;112;627753566;12001;276;12766;12919;7.28;0.44;247.32;15.56;765;113;4438.00;153
12006;112;627753576;12006;266;12766;12919;7.35;0.45;247.28;15.56;760;113;4439.00;153
12008;112;627753587;12008;266;12770;12924;7.45;0.45;247.30;15.56;762;113;4440.00;154
12010;112;627753599;12010;264;12770;12924;7.47;0.45;247.28;15.56;760;113;4441.00;154
12012;112;627753610;12012;264;12770;12924;7.53;0.46;247.28;15.56;758;113;4442.00;154
12017;112;627753620;12017;269;12771;12925;7.56;0.46;247.28;15.56;754;113;4443.00;154
12018;112;627753630;12018;277;12774;12929;7.67;0.47;247.28;15.55;756;113;4444.00;155
12021;112;627753640;12021;273;12774;12929;7.69;0.47;247.28;15.55;753;113;4445.00;155
12025;112;627753649;12025;275;12776;12932;7.76;0.47;247.28;15.55;751;113;4446.00;156
12026;112;627753660;12026;274;12777;12932;7.84;0.48;247.27;15.55;751;113;4447.00;155
12029;112;627753669;12029;276;12777;12932;7.83;0.48;247.28;15.55;748;113;4448.00;155
12032;112;627753679;12032;278;12777;12932;7.80;0.48;247.26;15.55;745;113;4449.00;155
12034;112;627753690;12034;279;12780;12936;7.84;0.48;247.24;15.55;746;113;4450.00;156
12039;112;627753700;12039;277;12780;12936;7.78;0.47;247.25;15.55;741;113;4451.00;156
12040;112;627753710;12040;279;12781;12936;7.81;0.48;247.23;15.54;741;113;4452.00;155
12044;112;627753719;12044;281;12781;12936;7.75;0.47;247.20;15.54;737;113;4453.00;155
12048;112;627753729;12048;286;12781;12937;7.67;0.47;247.22;15.54;733;113;4454.00;156
12052;112;627753739;12052;288;12783;12939;7.64;0.46;247.16;15.54;731;113;4455.00;156
12060;112;627753749;12060;291;12783;12939;7.49;0.46;247.18;15.54;723;113;4456.00;156
12063;112;627753759;12063;298;12785;12940;7.42;0.45;247.19;15.69;722;113;4457.00;155
12066;112;627753769;12066;305;12785;12940;7.32;0.45;247.16;15.69;719;113;4458.00;155
12072;112;627753778;12072;308;12785;12940;7.23;0.44;247.22;15.69;713;113;4459.00;155
12074;112;627753788;12074;314;12785;12940;7.22;0.44;247.25;15.69;711;113;4460.00;155
12079;112;627753797;12079;321;12785;12940;7.18;0.44;247.19;15.69;706;113;4461.00;155
12080;112;627753808;12080;322;12785;12940;7.14;0.44;247.21;15.69;705;113;4462.00;155
12080;112;627753821;12080;326;12785;12940;7.05;0.43;247.21;15.69;705;113;4463.00;155
12080;112;627753838;12080;340;12854;13067;7.59;0.47;247.21;15.61;774;113;4464.00;213
12080;112;627753872;12080;343;12856;13068;7.61;0.47;247.21;15.60;776;113;4465.00;212
12084;112;627753886;12084;347;12865;13068;7.65;0.48;247.19;15.60;781;113;4466.00;203
12085;112;627753903;12085;335;12868;13068;7.68;0.48;247.18;15.59;783;113;4467.00;200
12089;112;627753919;12089;335;12874;13068;7.65;0.47;247.17;15.59;785;113;4468.00;194
12091;112;627753934;12091;331;12878;13068;7.66;0.47;247.17;15.58;787;113;4469.00;190
12093;112;627753947;12093;327;12883;13068;7.66;0.47;247.15;15.58;790;113;4470.00;185
12093;112;627753959;12093;332;12885;13068;7.66;0.47;247.15;15.58;792;113;4471.00;183
12097;112;627753978;12097;329;12890;13069;7.62;0.47;247.12;15.58;793;113;4472.00;179
12099;112;627753991;12099;332;12894;13070;7.61;0.47;247.13;15.57;795;113;4473.00;176
12100;112;627754002;12100;332;12896;13070;7.55;0.46;247.14;15.57;796;113;4474.00;174
12100;112;627754021;12100;326;12897;13071;7.49;0.46;247.14;15.57;797;113;4475.00;174
12100;112;627754040;12100;304;12899;13071;7.49;0.46;247.14;15.57;799;113;4476.00;172
12100;112;627754051;12100;286;12900;13071;7.53;0.47;247.14;15.57;800;113;4477.00;171
12101;112;627754062;12101;278;12902;13071;7.63;0.47;247.12;15.57;801;113;4478.00;169
12102;112;627754074;12102;266;12905;13075;7.80;0.48;247.12;15.57;803;113;4479.00;170
12104;112;627754086;12104;258;12906;13075;7.97;0.49;247.12;15.57;802;113;4480.00;169
12105;112;627754098;12105;247;12906;13075;8.22;0.50;247.11;15.57;801;113;4481.00;169
12107;112;627754110;12107;232;12909;13078;8.46;0.52;247.10;15.57;802;113;4482.00;169
12109;112;627754123;12109;224;12909;13078;8.69;0.53;247.16;15.57;800;113;4483.00;169
12110;112;627754144;12110;217;12910;13078;8.85;0.54;247.15;15.56;800;113;4484.00;168
12111;112;627754164;12111;210;12913;13082;8.93;0.55;247.14;15.56;802;113;4485.00;169
12111;112;627754177;12111;202;12915;13083;9.09;0.56;247.14;15.56;804;113;4486.00;168
12115;112;627754189;12115;193;12915;13083;9.21;0.56;247.09;15.56;800;113;4487.00;168
12118;112;627754202;12118;182;12919;13087;9.36;0.57;247.08;15.56;801;113;4488.00;168
12120;112;627754223;12120;176;12919;13087;9.50;0.58;247.08;15.56;799;113;4489.00;168
12123;112;627754237;12123;170;12919;13087;9.62;0.59;247.04;15.56;796;113;4490.00;168
12127;112;627754250;12127;163;12920;13088;9.75;0.59;247.08;15.55;793;113;4491.00;168
12129;112;627754265;12129;165;12920;13088;9.85;0.60;247.07;15.55;791;113;4492.00;168
12129;112;627754278;12129;157;12924;13094;9.99;0.60;247.07;15.55;795;113;4493.00;170
12130;112;627754292;12130;152;12924;13094;10.07;0.61;247.07;15.55;794;113;4494.00;170
12132;112;627754307;12132;145;12925;13095;10.17;0.62;247.07;15.55;793;113;4495.00;170
12135;112;627754320;12135;140;12925;13095;10.21;0.62;247.07;15.55;790;113;4496.00;170
12135;112;627754340;12135;134;12925;13095;10.36;0.63;247.07;15.55;790;113;4497.00;170
12138;112;627754353;12138;134;12926;13095;10.45;0.63;247.08;15.70;788;113;4498.00;169
12139;112;627754367;12139;128;12926;13095;10.58;0.64;247.09;15.70;787;113;4499.00;169
12140;112;627754383;12140;126;12949;13145;10.64;0.65;247.07;15.67;809;113;4500.00;196
12143;112;627754407;12143;126;12950;13147;10.71;0.65;247.08;15.67;807;113;4501.00;197
12144;112;627754421;12144;124;12953;13147;10.79;0.66;247.09;15.67;809;113;4502.00;194
12148;112;627754432;12148;121;12954;13147;10.88;0.66;247.12;15.67;806;113;4503.00;193
12151;112;627754444;12151;119;12955;13147;10.95;0.67;247.15;15.67;804;113;4504.00;192
12153;112;627754464;12153;122;12955;13147;11.02;0.67;247.16;15.67;802;113;4505.00;192
12158;112;627754477;12158;127;12960;13151;11.10;0.68;247.18;15.66;802;113;4506.00;191
12158;113;627754490;12158;127;12960;13151;11.14;0.68;247.18;15.66;802;114;4507.00;191
12160;113;627754517;12160;128;12964;13155;11.17;0.68;247.18;15.66;804;114;4508.00;191
12162;113;627754531;12162;125;12965;13156;11.19;0.68;247.17;15.66;803;114;4509.00;191
12163;113;627754543;12163;125;12966;13156;11.26;0.69;247.17;15.66;803;114;4510.00;190
12166;113;627754554;12166;129;12966;13156;11.26;0.69;247.19;15.66;800;114;4511.00;190
12168;113;627754573;12168;135;12973;13169;11.19;0.68;247.21;15.65;805;114;4512.00;196
12172;113;627754586;12172;142;12974;13169;11.18;0.68;247.23;15.65;802;114;4513.00;195
12175;113;627754599;12175;143;12974;13169;11.20;0.68;247.23;15.65;799;114;4514.00;195
12177;113;627754611;12177;145;12975;13170;11.33;0.69;247.23;15.65;798;114;4515.00;195
12181;113;627754623;12181;148;12976;13171;11.37;0.69;247.23;15.65;795;114;4516.00;195
12184;113;627754636;12184;152;12976;13171;11.38;0.69;247.25;15.65;792;114;4517.00;195
12190;113;627754649;12190;152;12978;13174;11.40;0.69;247.28;15.64;788;114;4518.00;196
12191;113;627754661;12191;148;12979;13174;11.41;0.69;247.28;15.64;788;114;4519.00;195
12196;113;627754682;12196;149;12980;13174;11.44;0.70;247.29;15.80;784;114;4520.00;194
12201;113;627754696;12201;147;12980;13174;11.49;0.70;247.30;15.80;779;114;4521.00;194
12202;113;627754708;12202;140;12984;13180;11.55;0.70;247.30;15.79;782;114;4522.00;196
12209;114;627754721;12209;132;12984;13180;11.58;0.71;247.34;15.79;775;115;4523.00;196
12212;114;627754741;12212;130;12984;13180;11.64;0.71;247.39;15.79;772;115;4524.00;196
12216;114;627754754;12216;127;12987;13180;11.62;0.71;247.37;15.82;771;115;4525.00;193
12221;114;627754769;12221;121;12990;13184;11.59;0.71;247.35;15.82;769;115;4526.00;194
12227;114;627754787;12227;117;12991;13185;11.67;0.71;247.41;15.82;764;115;4527.00;194
12228;114;627754800;12228;119;12992;13185;11.73;0.72;247.40;15.82;764;115;4528.00;193
12235;114;627754813;12235;115;12993;13186;11.84;0.72;247.38;15.82;758;115;4529.00;193
12240;114;627754828;12240;109;12993;13186;11.87;0.72;247.39;15.82;753;115;4530.00;193
12242;114;627754840;12242;110;12994;13186;11.92;0.73;247.37;15.82;752;115;4531.00;192
12246;114;627754853;12246;109;12994;13186;12.05;0.73;247.38;15.82;748;115;4532.00;192
12250;114;627754865;12250;115;12994;13186;12.14;0.74;247.37;15.82;744;115;4533.00;192
12255;114;627754877;12255;113;12995;13186;12.14;0.74;247.43;15.82;740;115;4534.00;191
12257;114;627754889;12257;116;12996;13186;12.21;0.74;247.47;15.82;739;115;4535.00;190
12259;114;627754900;12259;125;13032;13256;12.02;0.73;247.46;15.78;773;115;4536.00;224
12264;114;627754918;12264;120;13035;13257;12.01;0.73;247.51;15.78;771;115;4537.00;222
12267;114;627754930;12267;119;13041;13257;12.07;0.74;247.50;15.77;774;115;4538.00;216
12271;114;627754942;12271;124;13045;13257;12.08;0.73;247.49;15.77;774;115;4539.00;212
12275;114;627754954;12275;130;13048;13257;12.07;0.73;247.52;15.77;773;115;4540.00;209
12279;114;627754966;12279;136;13052;13257;11.99;0.73;247.55;15.92;773;115;4541.00;205
12281;114;627754978;12281;131;13056;13257;11.98;0.73;247.53;15.92;775;115;4542.00;201
12285;114;627754991;12285;136;13063;13257;11.84;0.72;247.53;15.92;778;115;4543.00;194
12286;115;627755003;12286;139;13065;13258;11.71;0.71;247.53;15.92;779;116;4544.00;193
12290;115;627755027;12290;143;13069;13260;11.59;0.71;247.50;15.92;779;116;4545.00;191
12296;115;627755040;12296;148;13070;13260;11.54;0.70;247.49;15.92;774;116;4546.00;190
12300;115;627755054;12300;153;13075;13264;11.41;0.69;247.47;15.92;775;116;4547.00;189
12302;115;627755068;12302;157;13075;13264;11.33;0.69;247.44;15.92;773;116;4548.00;189
12303;115;627755081;12303;164;13075;13264;11.20;0.68;247.43;15.92;772;116;4549.00;189
12304;115;627755094;12304;169;13078;13264;11.09;0.68;247.42;15.94;774;116;4550.00;186
12308;115;627755106;12308;173;13081;13270;11.00;0.67;247.43;15.94;773;116;4551.00;189
12311;115;627755120;12311;182;13081;13270;10.92;0.67;247.44;15.94;770;116;4552.00;189
12315;115;627755133;12315;182;13084;13270;10.80;0.66;247.41;15.96;769;116;4553.00;186
12318;115;627755146;12318;182;13087;13273;10.77;0.66;247.40;15.96;769;116;4554.00;186
12321;115;627755159;12321;192;13090;13273;10.69;0.65;247.40;15.98;769;116;4555.00;183
12322;115;627755171;12322;201;13091;13273;10.59;0.65;247.39;15.98;769;116;4556.00;182
12330;115;627755183;12330;205;13094;13274;10.51;0.64;247.35;16.00;764;116;4557.00;180
12332;115;627755196;12332;210;13096;13275;10.47;0.64;247.34;16.00;764;116;4558.00;179
12334;115;627755207;12334;216;13099;13275;10.38;0.63;247.36;16.02;765;116;4559.00;176
12336;116;627755220;12336;228;13115;13301;10.26;0.62;247.38;16.00;779;117;4560.00;186
12337;116;627755254;12337;229;13119;13301;10.16;0.62;247.38;16.01;782;117;4561.00;182
12340;116;627755265;12340;239;13123;13301;10.13;0.62;247.36;16.01;783;117;4562.00;178
12345;116;627755281;12345;247;13126;13302;10.04;0.61;247.36;16.02;781;117;4563.00;176
12347;116;627755292;12347;255;13126;13302;9.93;0.60;247.39;16.02;779;117;4564.00;176
12350;116;627755302;12350;256;13131;13306;9.81;0.60;247.42;16.03;781;117;4565.00;175
12353;116;627755313;12353;263;13132;13306;9.60;0.59;247.47;16.03;779;117;4566.00;174
12354;116;627755328;12354;274;13136;13310;9.45;0.58;247.46;16.04;782;117;4567.00;174
12358;116;627755338;12358;280;13137;13310;9.24;0.57;247.48;16.05;779;117;4568.00;173
12360;116;627755347;12360;275;13138;13310;9.14;0.56;247.47;16.07;778;117;4569.00;172
12361;116;627755356;12361;272;13138;13310;9.03;0.55;247.47;16.07;777;117;4570.00;172
12363;116;627755366;12363;267;13141;13310;8.93;0.55;247.48;16.10;778;117;4571.00;169
12365;116;627755375;12365;271;13151;13322;8.89;0.55;247.48;16.09;786;117;4572.00;171
12368;116;627755385;12368;270;13151;13322;8.87;0.55;247.46;16.09;783;117;4573.00;171
12371;116;627755395;12371;265;13153;13322;8.86;0.54;247.47;16.09;782;117;4574.00;169
12375;116;627755405;12375;266;13154;13322;8.76;0.54;247.45;16.10;779;117;4575.00;168
12381;116;627755414;12381;264;13155;13322;8.66;0.53;247.48;16.10;774;117;4576.00;167
12383;116;627755424;12383;267;13158;13322;8.67;0.53;247.49;16.12;775;117;4577.00;164
12386;116;627755434;12386;265;13158;13323;8.65;0.53;247.47;16.12;772;117;4578.00;165
12390;116;627755443;12390;269;13161;13323;8.59;0.52;247.46;16.13;771;117;4579.00;162
12391;116;627755453;12391;268;13166;13329;8.64;0.53;247.46;16.12;775;117;4580.00;163
12393;116;627755462;12393;271;13168;13330;8.55;0.52;247.46;16.13;775;117;4581.00;162
12397;116;627755471;12397;275;13169;13330;8.42;0.51;247.44;16.13;772;117;4582.00;161
12402;116;627755480;12402;278;13170;13330;8.23;0.50;247.45;16.13;768;117;4583.00;160
12405;116;627755489;12405;286;13174;13334;8.12;0.49;247.45;16.13;769;117;4584.00;160
12407;116;627755499;12407;290;13174;13334;7.98;0.49;247.46;16.13;767;117;4585.00;160
12412;116;627755508;12412;299;13174;13334;7.82;0.48;247.47;16.13;762;117;4586.00;160
12416;116;627755516;12416;295;13176;13335;7.68;0.47;247.55;16.14;760;117;4587.00;159
12417;116;627755525;12417;303;13181;13339;7.54;0.46;247.56;16.15;764;117;4588.00;158
12421;116;627755534;12421;312;13182;13339;7.27;0.44;247.58;16.16;761;117;4589.00;157
12422;116;627755544;12422;311;13185;13345;7.18;0.44;247.59;16.16;763;117;4590.00;160
12424;116;627755553;12424;306;13186;13345;7.06;0.43;247.58;16.16;762;117;4591.00;159
12427;116;627755561;12427;304;13188;13345;7.02;0.43;247.56;16.16;761;117;4592.00;157
12434;116;627755569;12434;306;13191;13345;6.98;0.43;247.48;16.18;757;117;4593.00;154
12436;116;627755578;12436;308;13195;13349;7.01;0.43;247.52;16.18;759;117;4594.00;154
12442;116;627755587;12442;306;13196;13349;6.95;0.42;247.48;16.18;754;117;4595.00;153
12444;116;627755596;12444;305;13196;13349;6.92;0.42;247.50;16.18;752;117;4596.00;153
12446;116;627755604;12446;296;13196;13349;6.95;0.43;247.50;16.18;750;117;4597.00;153
12449;116;627755612;12449;289;13196;13350;6.97;0.43;247.51;16.18;747;117;4598.00;154
12454;116;627755621;12454;287;13197;13351;6.93;0.42;247.54;16.18;743;117;4599.00;154
12456;116;627755630;12456;286;13197;13351;6.93;0.43;247.53;16.18;741;117;4600.00;154
12458;116;627755643;12458;282;13198;13352;6.99;0.43;247.56;16.18;740;117;4601.00;154
12463;116;627755652;12463;282;13198;13352;6.97;0.43;247.52;16.18;735;117;4602.00;154
12467;116;627755661;12467;285;13198;13352;6.97;0.43;247.52;16.18;731;117;4603.00;154
12470;116;627755670;12470;275;13198;13352;6.98;0.43;247.51;16.18;728;117;4604.00;154
12471;116;627755678;12471;276;13198;13352;6.96;0.43;247.52;16.18;727;117;4605.00;154
12475;116;627755686;12475;280;13198;13352;6.95;0.43;247.53;16.18;723;117;4606.00;154
12479;116;627755695;12479;277;13198;13352;6.94;0.43;247.48;16.18;719;117;4607.00;154
12483;116;627755703;12483;282;13262;13479;7.31;0.46;247.47;16.10;779;117;4608.00;217
12486;116;627755722;12486;285;13263;13480;7.28;0.45;247.47;16.10;777;117;4609.00;217
12486;116;627755731;12486;284;13272;13480;7.39;0.46;247.47;16.09;786;117;4610.00;208
12488;116;627755740;12488;280;13279;13480;7.44;0.46;247.45;16.08;791;117;4611.00;201
12490;116;627755750;12490;286;13287;13480;7.44;0.46;247.45;16.08;797;117;4612.00;193
12492;116;627755758;12492;287;13292;13480;7.43;0.46;247.42;16.07;800;117;4613.00;188
12497;116;627755774;12497;292;13297;13480;7.36;0.46;247.40;16.07;800;117;4614.00;183
12501;116;627755789;12501;287;13301;13480;7.31;0.45;247.40;16.07;800;117;4615.00;179
12505;116;627755799;12505;297;13306;13481;7.27;0.45;247.45;16.06;801;117;4616.00;175
12508;116;627755811;12508;298;13307;13482;7.23;0.45;247.43;16.06;799;117;4617.00;175
12515;116;627755843;12515;306;13309;13482;7.19;0.44;247.52;16.06;794;117;4618.00;173
12516;116;627755859;12516;307;13310;13483;7.18;0.44;247.53;16.06;794;117;4619.00;173
12520;116;627755877;12520;309;13311;13483;7.12;0.44;247.56;16.06;791;117;4620.00;172
12524;116;627755895;12524;318;13312;13483;7.08;0.44;247.54;16.06;788;117;4621.00;171
12527;116;627755911;12527;318;13314;13483;7.10;0.44;247.54;16.06;787;117;4622.00;169
12530;116;627755927;12530;323;13317;13487;7.13;0.44;247.58;16.06;787;117;4623.00;170
12532;117;627755940;12532;326;13319;13487;7.12;0.44;247.58;16.06;787;118;4624.00;168
12533;117;627755973;12533;326;13320;13487;7.11;0.44;247.59;16.06;787;118;4625.00;167
12535;117;627755984;12535;332;13322;13490;7.16;0.44;247.58;16.05;787;118;4626.00;168
12535;117;627755995;12535;321;13323;13490;7.19;0.44;247.58;16.05;788;118;4627.00;167
12537;117;627756006;12537;313;13323;13490;7.21;0.44;247.58;16.05;786;118;4628.00;167
12541;117;627756017;12541;311;13327;13494;7.30;0.45;247.57;16.05;786;118;4629.00;167
12545;117;627756030;12545;311;13328;13495;7.34;0.45;247.55;16.05;783;118;4630.00;167
12547;117;627756048;12547;309;13329;13495;7.43;0.46;247.55;16.05;782;118;4631.00;166
12548;117;627756059;12548;300;13332;13499;7.52;0.46;247.53;16.04;784;118;4632.00;167
12551;117;627756071;12551;298;13332;13499;7.63;0.47;247.53;16.04;781;118;4633.00;167
12553;117;627756089;12553;294;13332;13499;7.70;0.47;247.54;16.04;779;118;4634.00;167
12556;117;627756101;12556;293;13334;13501;7.83;0.48;247.55;16.04;778;118;4635.00;167
12560;117;627756112;12560;294;13334;13501;7.88;0.48;247.52;16.04;774;118;4636.00;167
12562;117;627756125;12562;282;13338;13507;8.00;0.49;247.50;16.04;776;118;4637.00;169
12568;117;627756137;12568;275;13338;13507;7.98;0.49;247.47;16.04;770;118;4638.00;169
12573;118;627756150;12573;267;13339;13508;8.04;0.49;247.45;16.04;766;119;4639.00;169
12576;118;627756175;12576;256;13339;13508;8.17;0.50;247.43;16.04;763;119;4640.00;169
12577;118;627756187;12577;249;13339;13508;8.33;0.51;247.43;16.04;762;119;4641.00;169
12580;118;627756198;12580;243;13339;13508;8.51;0.52;247.49;16.04;759;119;4642.00;169
12584;119;627756219;12584;236;13339;13508;8.64;0.53;247.48;16.04;755;120;4643.00;169
12587;119;627756252;12587;235;13348;13520;8.88;0.54;247.50;16.02;761;120;4644.00;172
12591;119;627756266;12591;223;13349;13520;9.02;0.55;247.50;16.02;758;120;4645.00;171
12593;119;627756284;12593;206;13350;13520;9.28;0.56;247.49;16.02;757;120;4646.00;170
12594;119;627756297;12594;192;13350;13520;9.48;0.58;247.49;16.02;756;120;4647.00;170
12596;119;627756310;12596;179;13350;13520;9.68;0.59;247.47;16.02;754;120;4648.00;170
12596;119;627756325;12596;164;13350;13520;9.89;0.60;247.47;16.02;754;120;4649.00;170
12597;119;627756349;12597;160;13355;13526;9.97;0.61;247.48;16.02;758;120;4650.00;171
12601;119;627756364;12601;151;13355;13526;10.06;0.61;247.51;16.02;754;120;4651.00;171
12604;119;627756379;12604;146;13358;13530;10.19;0.62;247.50;16.01;754;120;4652.00;172
12606;119;627756394;12606;143;13360;13531;10.31;0.63;247.54;16.01;754;120;4653.00;171
12610;119;627756406;12610;140;13360;13531;10.41;0.63;247.52;16.01;750;120;4654.00;171
12612;119;627756419;12612;141;13360;13531;10.49;0.64;247.50;16.01;748;120;4655.00;171
12614;119;627756432;12614;147;13371;13544;10.65;0.65;247.49;16.00;757;120;4656.00;173
12618;119;627756446;12618;145;13371;13544;10.77;0.65;247.50;16.00;753;120;4657.00;173
12623;119;627756459;12623;139;13371;13544;10.88;0.66;247.48;16.00;748;120;4658.00;173
12625;119;627756473;12625;133;13372;13545;10.94;0.66;247.51;16.00;747;120;4659.00;173
12629;119;627756487;12629;131;13372;13546;10.99;0.67;247.54;16.00;743;120;4660.00;174
12632;119;627756501;12632;129;13372;13546;11.13;0.67;247.53;16.00;740;120;4661.00;174
12637;119;627756513;12637;124;13374;13549;11.16;0.68;247.61;15.99;737;120;4662.00;175
12640;119;627756527;12640;122;13374;13549;11.24;0.68;247.65;15.99;734;120;4663.00;175
12642;119;627756539;12642;120;13375;13549;11.31;0.69;247.66;15.99;733;120;4664.00;174
12644;119;627756552;12644;131;13375;13549;11.44;0.69;247.68;15.99;731;120;4665.00;174
12650;119;627756564;12650;136;13379;13555;11.50;0.70;247.71;15.99;729;120;4666.00;176
12654;119;627756578;12654;130;13379;13555;11.53;0.70;247.70;15.99;725;120;4667.00;176
12657;119;627756592;12657;129;13380;13555;11.60;0.70;247.72;15.99;723;120;4668.00;175
12659;119;627756603;12659;129;13380;13555;11.72;0.71;247.74;15.99;721;120;4669.00;175
12660;120;627756615;12660;128;13383;13559;11.74;0.71;247.75;15.98;723;121;4670.00;176
12662;120;627756648;12662;127;13384;13560;11.83;0.72;247.76;15.98;722;121;4671.00;176
12663;120;627756662;12663;128;13384;13560;11.92;0.72;247.76;15.98;721;121;4672.00;176
12664;120;627756680;12664;121;13385;13561;11.96;0.73;247.76;15.98;721;121;4673.00;176
12669;120;627756699;12669;123;13385;13561;12.01;0.73;247.78;15.98;716;121;4674.00;176
12670;120;627756711;12670;122;13385;13561;12.05;0.73;247.77;15.98;715;121;4675.00;176
12674;120;627756730;12674;122;13385;13561;12.18;0.74;247.81;15.98;711;121;4676.00;176
12676;120;627756742;12676;124;13385;13561;12.21;0.74;247.83;15.98;709;121;4677.00;176
12677;120;627756754;12677;117;13385;13561;12.18;0.74;247.84;15.98;708;121;4678.00;176
12681;120;627756765;12681;117;13385;13561;12.20;0.74;247.86;15.98;704;121;4679.00;176
12684;120;627756779;12684;140;13447;13686;11.77;0.72;247.88;15.91;763;121;4680.00;239
12687;120;627756801;12687;127;13447;13687;11.79;0.72;247.89;15.91;760;121;4681.00;240
12690;120;627756815;12690;120;13456;13687;11.88;0.73;247.91;15.90;766;121;4682.00;231
12692;120;627756827;12692;119;13458;13687;11.98;0.73;247.92;15.90;766;121;4683.00;229
12695;120;627756839;12695;118;13463;13687;12.01;0.74;247.94;15.89;768;121;4684.00;224
12701;120;627756852;12701;125;13467;13687;11.96;0.73;247.95;15.89;766;121;4685.00;220
12703;120;627756881;12703;130;13473;13687;11.98;0.73;247.97;15.89;770;121;4686.00;214
12708;120;627756893;12708;139;13475;13687;11.98;0.73;247.98;15.88;767;121;4687.00;212
12711;120;627756905;12711;145;13479;13688;12.01;0.73;247.99;15.88;768;121;4688.00;209
12713;120;627756916;12713;151;13481;13689;12.02;0.73;248.02;15.88;768;121;4689.00;208
12717;120;627756934;12717;155;13482;13689;11.92;0.73;248.01;15.88;765;121;4690.00;207
12718;120;627756946;12718;154;13486;13693;11.84;0.72;248.03;15.88;768;121;4691.00;207
12722;120;627756957;12722;150;13487;13693;11.76;0.72;248.03;15.87;765;121;4692.00;206
12729;120;627756969;12729;152;13488;13693;11.64;0.71;248.01;15.87;759;121;4693.00;205
12732;120;627756981;12732;151;13488;13693;11.55;0.70;248.02;15.87;756;121;4694.00;205
12738;120;627756993;12738;149;13492;13699;11.47;0.70;248.06;15.89;754;121;4695.00;207
12743;120;627757007;12743;145;13493;13699;11.42;0.69;248.05;15.89;750;121;4696.00;206
12745;120;627757019;12745;140;13494;13699;11.50;0.70;248.06;15.89;749;121;4697.00;205
12746;120;627757036;12746;135;13499;13702;11.58;0.71;248.11;16.04;753;121;4698.00;203
12751;120;627757050;12751;136;13500;13702;11.67;0.71;248.08;16.04;749;121;4699.00;202
12754;120;627757063;12754;128;13500;13702;11.76;0.72;248.07;16.04;746;121;4700.00;202
12759;120;627757079;12759;127;13500;13703;11.78;0.72;248.09;16.04;741;121;4701.00;203
12765;120;627757091;12765;123;13501;13704;11.80;0.72;248.06;16.04;736;121;4702.00;203
12767;120;627757103;12767;124;13501;13704;11.88;0.72;248.07;16.04;734;121;4703.00;203
12769;120;627757115;12769;128;13509;13717;11.90;0.72;248.05;16.03;740;121;4704.00;208
12772;120;627757127;12772;129;13509;13717;11.94;0.73;248.05;16.03;737;121;4705.00;208
12774;120;627757140;12774;125;13510;13717;12.04;0.73;248.04;16.03;736;121;4706.00;207
12777;120;627757152;12777;127;13512;13718;12.12;0.74;248.07;16.03;735;121;4707.00;206
12779;120;627757163;12779;123;13512;13718;12.21;0.74;248.07;16.03;733;121;4708.00;206
12784;120;627757175;12784;120;13514;13722;12.24;0.75;248.09;16.03;730;121;4709.00;208
12788;120;627757189;12788;126;13516;13722;12.14;0.74;248.13;16.03;728;121;4710.00;206
12790;120;627757207;12790;126;13520;13726;11.99;0.73;248.15;16.02;730;121;4711.00;206
12793;120;627757219;12793;125;13521;13726;11.87;0.72;248.18;16.02;728;121;4712.00;205
12794;120;627757236;12794;126;13521;13726;11.83;0.72;248.18;16.02;727;121;4713.00;205
12795;120;627757247;12795;130;13523;13726;11.79;0.72;248.17;16.03;728;121;4714.00;203
12795;120;627757258;12795;132;13524;13726;11.67;0.71;248.17;16.03;729;121;4715.00;202
12797;120;627757269;12797;133;13535;13738;11.60;0.71;248.19;16.03;738;121;4716.00;203
12800;120;627757282;12800;144;13536;13738;11.55;0.71;248.22;16.03;736;121;4717.00;202
12804;120;627757293;12804;147;13537;13738;11.47;0.70;248.28;16.03;733;121;4718.00;201
12806;120;627757304;12806;156;13538;13738;11.41;0.70;248.28;16.03;732;121;4719.00;200
12809;120;627757314;12809;161;13540;13738;11.26;0.69;248.28;16.05;731;121;4720.00;198
12814;120;627757325;12814;165;13540;13738;11.17;0.68;248.30;16.05;726;121;4721.00;198
12816;121;627757335;12816;179;13542;13739;11.10;0.68;248.28;16.07;726;122;4722.00;197
12817;122;627757356;12817;185;13542;13739;10.96;0.67;248.27;16.07;725;123;4723.00;197
12820;122;627757383;12820;193;13547;13745;10.91;0.67;248.29;16.07;727;123;4724.00;198
12824;122;627757394;12824;200;13551;13747;10.79;0.66;248.33;16.08;727;123;4725.00;196
12830;122;627757405;12830;203;13551;13747;10.63;0.64;248.33;16.08;721;123;4726.00;196
12831;122;627757415;12831;208;13553;13747;10.48;0.64;248.32;16.11;722;123;4727.00;194
12833;122;627757425;12833;213;13557;13751;10.40;0.63;248.33;16.12;724;123;4728.00;194
12837;122;627757435;12837;219;13558;13751;10.32;0.63;248.32;16.13;721;123;4729.00;193
12841;122;627757444;12841;229;13559;13751;10.23;0.62;248.29;16.13;718;123;4730.00;192
12842;122;627757454;12842;234;13561;13752;10.16;0.62;248.28;16.14;719;123;4731.00;191
12844;122;627757464;12844;241;13564;13756;10.06;0.61;248.29;16.14;720;123;4732.00;192
12847;122;627757474;12847;249;13566;13756;9.86;0.60;248.30;16.16;719;123;4733.00;190
12848;122;627757484;12848;248;13568;13759;9.76;0.60;248.30;16.15;720;123;4734.00;191
12849;122;627757494;12849;252;13571;13759;9.56;0.58;248.30;16.17;722;123;4735.00;188
12849;122;627757503;12849;259;13571;13759;9.38;0.57;248.30;16.17;722;123;4736.00;188
12851;122;627757512;12851;261;13573;13759;9.18;0.56;248.30;16.18;722;123;4737.00;186
12851;122;627757521;12851;266;13576;13763;9.14;0.56;248.30;16.18;725;123;4738.00;187
12856;122;627757531;12856;265;13578;13763;9.00;0.55;248.28;16.19;722;123;4739.00;185
12857;122;627757542;12857;264;13579;13763;8.94;0.55;248.30;16.19;722;123;4740.00;184
12863;122;627757552;12863;267;13581;13763;8.75;0.54;248.27;16.21;718;123;4741.00;182
12865;122;627757561;12865;264;13581;13764;8.64;0.53;248.26;16.21;716;123;4742.00;183
12868;122;627757571;12868;264;13582;13765;8.53;0.52;248.25;16.21;714;123;4743.00;183
12870;122;627757581;12870;266;13584;13765;8.37;0.51;248.23;16.22;714;123;4744.00;181
12876;122;627757589;12876;268;13585;13766;8.22;0.50;248.24;16.22;709;123;4745.00;181
12880;122;627757599;12880;272;13587;13766;8.08;0.49;248.23;16.23;707;123;4746.00;179
12881;122;627757608;12881;273;13587;13766;8.01;0.49;248.23;16.23;706;123;4747.00;179
12885;122;627757617;12885;278;13588;13766;7.93;0.48;248.22;16.24;703;123;4748.00;178
12887;122;627757627;12887;281;13589;13766;7.84;0.48;248.20;16.24;702;123;4749.00;177
12890;122;627757635;12890;280;13589;13766;7.77;0.48;248.22;16.24;699;123;4750.00;177
12893;122;627757644;12893;283;13590;13766;7.63;0.47;248.23;16.25;697;123;4751.00;176
12895;122;627757652;12895;300;13656;13893;7.82;0.49;248.24;16.17;761;123;4752.00;237
12898;122;627757670;12898;297;13658;13894;7.67;0.48;248.20;16.18;760;123;4753.00;236
12902;122;627757679;12902;297;13667;13894;7.66;0.48;248.18;16.17;765;123;4754.00;227
12905;122;627757688;12905;299;13673;13894;7.58;0.47;248.15;16.18;768;123;4755.00;221
12907;122;627757696;12907;299;13682;13894;7.58;0.47;248.18;16.17;775;123;4756.00;212
12908;122;627757705;12908;303;13685;13894;7.50;0.47;248.19;16.17;777;123;4757.00;209
12910;122;627757713;12910;302;13692;13894;7.44;0.46;248.20;16.17;782;123;4758.00;202
12914;123;627757722;12914;307;13696;13894;7.35;0.46;248.22;16.17;782;124;4759.00;198
12919;123;627757740;12919;298;13702;13895;7.25;0.45;248.21;16.19;783;124;4760.00;193
12924;123;627757749;12924;296;13706;13896;7.14;0.44;248.19;16.19;782;124;4761.00;190
12926;123;627757759;12926;298;13710;13896;7.06;0.44;248.19;16.20;784;124;4762.00;186
12927;123;627757768;12927;296;13711;13897;6.99;0.43;248.19;16.20;784;124;4763.00;186
12929;123;627757777;12929;306;13713;13897;6.94;0.43;248.19;16.20;784;124;4764.00;184
12931;123;627757786;12931;302;13716;13897;6.90;0.43;248.16;16.22;785;124;4765.00;181
12933;123;627757796;12933;313;13718;13897;6.90;0.43;248.16;16.22;785;124;4766.00;179
12935;123;627757804;12935;310;13723;13901;6.82;0.42;248.17;16.23;788;124;4767.00;178
12937;123;627757818;12937;308;13725;13901;6.78;0.42;248.20;16.23;788;124;4768.00;176
12940;123;627757829;12940;313;13726;13901;6.77;0.42;248.20;16.23;786;124;4769.00;175
12943;123;627757850;12943;310;13730;13907;6.73;0.41;248.22;16.23;787;124;4770.00;177
12947;123;627757867;12947;309;13732;13907;6.65;0.41;248.26;16.39;785;124;4771.00;175
12949;123;627757885;12949;308;13733;13907;6.60;0.41;248.23;16.39;784;124;4772.00;174
12953;123;627757898;12953;321;13735;13911;6.60;0.41;248.23;16.38;782;124;4773.00;176
12957;123;627757916;12957;318;13738;13912;6.52;0.40;248.21;16.38;781;124;4774.00;174
12960;123;627757929;12960;328;13738;13912;6.51;0.40;248.19;16.38;778;124;4775.00;174
12963;123;627757940;12963;336;13742;13916;6.56;0.40;248.19;16.38;779;124;4776.00;174
12964;123;627757951;12964;333;13742;13916;6.57;0.40;248.21;16.38;778;124;4777.00;174
12965;123;627757961;12965;337;13742;13916;6.62;0.41;248.21;16.38;777;124;4778.00;174
12969;123;627757972;12969;317;13743;13917;6.70;0.41;248.21;16.38;774;124;4779.00;174
12971;123;627757983;12971;307;13743;13917;6.77;0.42;248.21;16.38;772;124;4780.00;174
12975;123;627757994;12975;299;13747;13923;6.80;0.42;248.19;16.37;772;124;4781.00;176
12977;123;627758006;12977;287;13747;13923;6.88;0.42;248.19;16.37;770;124;4782.00;176
12980;123;627758017;12980;285;13748;13924;6.99;0.43;248.18;16.37;768;124;4783.00;176
12982;123;627758028;12982;282;13748;13924;7.11;0.44;248.20;16.37;766;124;4784.00;176
12985;123;627758039;12985;273;13748;13924;7.19;0.44;248.17;16.37;763;124;4785.00;176
12990;123;627758050;12990;268;13748;13924;7.28;0.44;248.22;16.37;758;124;4786.00;176
12991;123;627758061;12991;259;13748;13924;7.45;0.45;248.21;16.37;757;124;4787.00;176
12995;123;627758072;12995;257;13757;13936;7.63;0.47;248.17;16.36;762;124;4788.00;179
12997;123;627758090;12997;254;13757;13936;7.77;0.48;248.16;16.36;760;124;4789.00;179
13002;123;627758102;13002;257;13759;13936;7.87;0.48;248.17;16.36;757;124;4790.00;177
13004;123;627758120;13004;264;13759;13936;7.98;0.49;248.17;16.36;755;124;4791.00;177
13007;123;627758132;13007;265;13759;13936;8.06;0.49;248.19;16.36;752;124;4792.00;177
13010;123;627758143;13010;264;13759;13936;8.10;0.49;248.16;16.36;749;124;4793.00;177
13013;123;627758154;13013;261;13762;13940;8.16;0.50;248.18;16.35;749;124;4794.00;178
13015;123;627758166;13015;257;13762;13940;8.21;0.50;248.20;16.35;747;124;4795.00;178
13017;123;627758177;13017;256;13765;13944;8.26;0.50;248.19;16.35;748;124;4796.00;179
13020;123;627758188;13020;261;13766;13945;8.31;0.50;248.19;16.35;746;124;4797.00;179
13023;123;627758199;13023;259;13767;13945;8.35;0.51;248.17;16.35;744;124;4798.00;178
13026;123;627758210;13026;259;13767;13945;8.34;0.51;248.15;16.35;741;124;4799.00;178
13029;123;627758225;13029;264;13789;13986;8.36;0.51;248.17;16.32;760;124;4800.00;197
13032;123;627758244;13032;260;13790;13986;8.35;0.51;248.18;16.32;758;124;4801.00;196
13033;123;627758255;13033;258;13792;13986;8.39;0.51;248.18;16.32;759;124;4802.00;194
13038;123;627758267;13038;257;13794;13987;8.39;0.51;248.18;16.32;756;124;4803.00;193
13040;123;627758278;13040;254;13794;13988;8.43;0.51;248.18;16.32;754;124;4804.00;194
13045;123;627758290;13045;255;13795;13988;8.43;0.51;248.15;16.32;750;124;4805.00;193
13048;123;627758301;13048;253;13798;13991;8.42;0.51;248.16;16.31;750;124;4806.00;193
13050;123;627758312;13050;250;13799;13991;8.38;0.51;248.17;16.31;749;124;4807.00;192
13052;123;627758323;13052;242;13800;13991;8.38;0.51;248.16;16.31;748;124;4808.00;191
13055;123;627758335;13055;235;13800;13991;8.34;0.51;248.15;16.31;745;124;4809.00;191
13061;123;627758346;13061;234;13806;13997;8.28;0.50;248.26;16.31;745;124;4810.00;191
13063;123;627758360;13063;230;13807;13997;8.36;0.51;248.23;16.31;744;124;4811.00;190
13068;123;627758371;13068;232;13808;13997;8.44;0.51;248.29;16.30;740;124;4812.00;189
13074;123;627758390;13074;229;13808;13997;8.52;0.52;248.33;16.30;734;124;4813.00;189
13077;123;627758409;13077;232;13811;14001;8.64;0.52;248.34;16.30;734;124;4814.00;190
13081;123;627758421;13081;229;13813;14003;8.77;0.53;248.34;16.30;732;124;4815.00;190
13084;123;627758433;13084;213;13813;14003;8.89;0.54;248.37;16.30;729;124;4816.00;190
13085;123;627758445;13085;198;13815;14004;9.07;0.55;248.40;16.30;730;124;4817.00;189
13089;123;627758457;13089;185;13815;14004;9.22;0.56;248.43;16.30;726;124;4818.00;189
13091;123;627758471;13091;175;13815;14004;9.40;0.57;248.45;16.30;724;124;4819.00;189
13095;123;627758483;13095;165;13815;14004;9.53;0.58;248.50;16.30;720;124;4820.00;189
13100;123;627758495;13100;152;13815;14004;9.78;0.59;248.54;16.30;715;124;4821.00;189
13105;123;627758509;13105;146;13815;14004;10.01;0.61;248.52;16.30;710;124;4822.00;189
13108;123;627758521;13108;139;13816;14004;10.22;0.62;248.52;16.30;708;124;4823.00;188
13112;123;627758533;13112;141;13858;14074;10.29;0.62;248.55;16.25;746;124;4824.00;216
13114;123;627758552;13114;132;13858;14075;10.45;0.63;248.58;16.25;744;124;4825.00;217
13116;123;627758565;13116;126;13862;14075;10.65;0.65;248.58;16.25;746;124;4826.00;213
13118;123;627758577;13118;117;13863;14075;10.75;0.65;248.58;16.24;745;124;4827.00;212
13120;123;627758591;13120;121;13867;14077;10.86;0.66;248.59;16.24;747;124;4828.00;210
13122;123;627758604;13122;120;13868;14077;10.96;0.67;248.58;16.24;746;124;4829.00;209
13127;123;627758619;13127;118;13872;14077;11.09;0.67;248.56;16.24;745;124;4830.00;205
13130;123;627758632;13130;121;13873;14077;11.11;0.67;248.55;16.24;743;124;4831.00;204
13130;123;627758662;13130;121;13876;14078;11.14;0.68;248.55;16.24;746;124;4832.00;202
13130;123;627758675;13130;120;13879;14079;11.17;0.68;248.55;16.23;749;124;4833.00;200
13133;123;627758687;13133;128;13884;14079;11.21;0.68;248.61;16.23;751;124;4834.00;195
13135;123;627758700;13135;132;13889;14083;11.19;0.68;248.61;16.23;754;124;4835.00;194
13138;123;627758712;13138;140;13890;14083;11.22;0.68;248.67;16.23;752;124;4836.00;193
13140;123;627758726;13140;142;13890;14083;11.28;0.69;248.69;16.23;750;124;4837.00;193
13141;123;627758738;13141;142;13890;14083;11.38;0.69;248.69;16.23;749;124;4838.00;193
13144;123;627758751;13144;144;13895;14089;11.41;0.70;248.71;16.22;751;124;4839.00;194
13146;123;627758764;13146;146;13896;14089;11.48;0.70;248.75;16.22;750;124;4840.00;193
13150;124;627758777;13150;145;13896;14089;11.59;0.71;248.73;16.22;746;125;4841.00;193
13154;124;627758800;13154;141;13900;14092;11.67;0.71;248.74;16.38;746;125;4842.00;192
13158;124;627758818;13158;145;13900;14092;11.69;0.71;248.74;16.38;742;125;4843.00;192
13162;124;627758838;13162;148;13900;14092;11.69;0.71;248.77;16.38;738;125;4844.00;192
13164;124;627758850;13164;150;13900;14093;11.69;0.71;248.76;16.38;736;125;4845.00;193
13168;124;627758863;13168;153;13901;14094;11.70;0.71;248.76;16.38;733;125;4846.00;193
13171;124;627758875;13171;155;13901;14094;11.71;0.71;248.77;16.38;730;125;4847.00;193
13175;124;627758886;13175;158;13911;14107;11.67;0.71;248.79;16.37;736;125;4848.00;196
13179;124;627758898;13179;157;13912;14107;11.68;0.71;248.81;16.37;733;125;4849.00;195
13181;124;627758910;13181;159;13912;14107;11.66;0.71;248.81;16.37;731;125;4850.00;195
13182;124;627758921;13182;155;13913;14108;11.67;0.71;248.83;16.36;731;125;4851.00;195
13186;124;627758932;13186;159;13913;14108;11.64;0.71;248.85;16.36;727;125;4852.00;195
13191;124;627758949;13191;157;13916;14112;11.61;0.71;248.87;16.36;725;125;4853.00;196
13193;124;627758960;13193;158;13916;14112;11.59;0.71;248.87;16.36;723;125;4854.00;196
13196;124;627758970;13196;153;13920;14116;11.54;0.70;248.89;16.36;724;125;4855.00;196
13200;124;627758982;13200;153;13920;14116;11.54;0.70;248.91;16.36;720;125;4856.00;196
13201;124;627758992;13201;153;13920;14116;11.55;0.70;248.91;16.36;719;125;4857.00;196
13206;124;627759002;13206;157;13920;14116;11.59;0.71;248.98;16.36;714;125;4858.00;196
13211;124;627759012;13211;154;13920;14116;11.52;0.70;248.97;16.36;709;125;4859.00;196
13212;124;627759024;13212;156;13940;14150;11.49;0.70;248.96;16.33;728;125;4860.00;210
13217;124;627759036;13217;149;13941;14150;11.50;0.70;248.98;16.33;724;125;4861.00;209
13220;124;627759046;13220;140;13942;14150;11.52;0.70;249.01;16.33;722;125;4862.00;208
13222;124;627759057;13222;137;13942;14150;11.58;0.71;249.00;16.33;720;125;4863.00;208
13228;124;627759066;13228;127;13944;14150;11.63;0.71;249.00;16.49;716;125;4864.00;206
13229;124;627759077;13229;127;13946;14150;11.68;0.71;249.00;16.52;717;125;4865.00;204
13234;124;627759093;13234;129;13947;14151;11.85;0.72;249.04;16.52;713;125;4866.00;204
13240;124;627759104;13240;133;13947;14151;11.90;0.72;249.05;16.52;707;125;4867.00;204
13246;124;627759114;13246;131;13952;14157;11.91;0.72;249.04;16.51;706;125;4868.00;205
13251;124;627759125;13251;133;13953;14158;11.85;0.72;249.04;16.51;702;125;4869.00;205
13256;124;627759135;13256;131;13954;14158;11.77;0.71;249.08;16.51;698;125;4870.00;204
13260;124;627759146;13260;128;13954;14158;11.73;0.71;249.07;16.51;694;125;4871.00;204
13265;124;627759156;13265;129;13956;14162;11.71;0.71;249.07;16.51;691;125;4872.00;206
13267;124;627759167;13267;124;13957;14162;11.61;0.70;249.06;16.51;690;125;4873.00;205
13268;124;627759177;13268;130;13957;14162;11.59;0.70;249.06;16.51;689;125;4874.00;205
13269;124;627759187;13269;130;13958;14163;11.59;0.70;249.06;16.51;689;125;4875.00;205
13271;124;627759196;13271;134;13961;14167;11.54;0.70;249.08;16.50;690;125;4876.00;206
13273;124;627759211;13273;136;13962;14167;11.43;0.69;249.06;16.50;689;125;4877.00;205
13276;124;627759221;13276;134;13964;14170;11.40;0.69;249.05;16.50;688;125;4878.00;206
13278;124;627759237;13278;142;13965;14170;11.41;0.69;249.02;16.50;687;125;4879.00;205
13279;124;627759246;13279;143;13966;14170;11.45;0.70;249.03;16.50;687;125;4880.00;204
13282;124;627759256;13282;146;13967;14170;11.34;0.69;249.06;16.50;685;125;4881.00;203
13285;124;627759266;13285;147;13970;14174;11.30;0.69;249.05;16.50;685;125;4882.00;204
13291;124;627759276;13291;151;13971;14174;11.25;0.68;249.03;16.50;680;125;4883.00;203
13294;124;627759287;13294;155;13972;14174;11.16;0.68;249.00;16.50;678;125;4884.00;202
13297;124;627759297;13297;158;13972;14174;11.02;0.67;248.98;16.50;675;125;4885.00;202
13297;124;627759306;13297;163;13972;14175;10.87;0.66;248.98;16.50;675;125;4886.00;203
13298;124;627759317;13298;168;13973;14176;10.80;0.66;248.97;16.50;675;125;4887.00;203
13304;124;627759327;13304;174;13973;14176;10.79;0.66;249.05;16.50;669;125;4888.00;203
13308;124;627759336;13308;184;13974;14177;10.83;0.66;249.05;16.49;666;125;4889.00;203
13311;124;627759348;13311;192;13975;14177;10.77;0.65;249.09;16.51;664;125;4890.00;202
13313;124;627759358;13313;200;13976;14177;10.68;0.65;249.11;16.52;663;125;4891.00;201
13313;124;627759367;13313;208;13977;14177;10.59;0.64;249.11;16.53;664;125;4892.00;200
13316;124;627759376;13316;212;13978;14177;10.44;0.64;249.10;16.54;662;125;4893.00;199
13320;124;627759386;13320;218;13978;14177;10.29;0.63;249.08;16.54;658;125;4894.00;199
13321;124;627759395;13321;223;13978;14177;10.12;0.62;249.06;16.54;657;125;4895.00;199
13323;124;627759403;13323;243;14043;14304;10.04;0.62;249.09;16.47;720;125;4896.00;261
13326;124;627759422;13326;243;14047;14305;9.82;0.61;249.11;16.47;721;125;4897.00;258
13329;124;627759431;13329;239;14059;14305;9.77;0.60;249.09;16.49;730;125;4898.00;246
13330;124;627759440;13330;244;14060;14305;9.68;0.60;249.09;16.49;730;125;4899.00;245
13330;124;627759455;13330;248;14069;14305;9.64;0.60;249.09;16.50;739;125;4900.00;236
13333;124;627759467;13333;248;14074;14305;9.55;0.59;249.07;16.51;741;125;4901.00;231
13335;124;627759476;13335;253;14082;14305;9.46;0.58;249.06;16.51;747;125;4902.00;223
13335;124;627759490;13335;257;14086;14305;9.40;0.58;249.06;16.53;751;125;4903.00;219
13340;124;627759499;13340;259;14092;14306;9.35;0.58;249.00;16.53;752;125;4904.00;214
13344;124;627759513;13344;263;14098;14308;9.25;0.57;248.97;16.54;754;125;4905.00;210
13345;124;627759523;13345;270;14101;14308;9.12;0.56;249.00;16.54;756;125;4906.00;207
13347;124;627759532;13347;277;14104;14309;8.98;0.55;248.97;16.55;757;125;4907.00;205
13349;124;627759542;13349;288;14107;14309;8.86;0.55;248.96;16.55;758;125;4908.00;202
13351;124;627759551;13351;288;14109;14309;8.67;0.53;248.93;16.56;758;125;4909.00;200
13352;124;627759560;13352;286;14111;14309;8.50;0.52;248.94;16.56;759;125;4910.00;198
13353;124;627759569;13353;287;14114;14313;8.35;0.52;248.93;16.56;761;125;4911.00;199
13356;124;627759579;13356;294;14117;14313;8.18;0.50;248.91;16.57;761;125;4912.00;196
13359;124;627759588;13359;299;14118;14313;8.08;0.50;248.93;16.57;759;125;4913.00;195
13359;124;627759598;13359;304;14122;14316;8.02;0.49;248.93;16.57;763;125;4914.00;194
13362;124;627759607;13362;307;14122;14316;7.87;0.48;248.92;16.57;760;125;4915.00;194
13364;124;627759617;13364;316;14125;14316;7.77;0.48;248.90;16.59;761;125;4916.00;191
13365;124;627759626;13365;323;14129;14320;7.69;0.47;248.89;16.59;764;125;4917.00;191
13366;124;627759636;13366;324;14132;14321;7.70;0.47;248.87;16.60;766;125;4918.00;189
13369;124;627759651;13369;326;14133;14321;7.60;0.47;248.84;16.60;764;125;4919.00;188
13369;124;627759661;13369;332;14139;14326;7.58;0.47;248.84;16.60;770;125;4920.00;187
13371;124;627759671;13371;336;14139;14326;7.49;0.46;248.84;16.60;768;125;4921.00;187
13374;124;627759680;13374;342;14139;14326;7.33;0.45;248.82;16.60;765;125;4922.00;187
13377;124;627759689;13377;342;14141;14327;7.17;0.44;248.82;16.61;764;125;4923.00;186
13379;124;627759702;13379;348;14142;14327;6.96;0.43;248.81;16.62;763;125;4924.00;185
13382;124;627759717;13382;346;14148;14333;6.87;0.42;248.80;16.64;766;125;4925.00;185
13385;124;627759727;13385;349;14149;14333;6.74;0.41;248.80;16.64;764;125;4926.00;184
13386;124;627759735;13386;351;14151;14334;6.57;0.41;248.82;16.65;765;125;4927.00;183
13391;124;627759744;13391;353;14151;14334;6.41;0.40;248.80;16.65;760;125;4928.00;183
13395;124;627759752;13395;358;14151;14334;6.23;0.38;248.83;16.65;756;125;4929.00;183
13395;124;627759760;13395;355;14152;14334;6.14;0.38;248.83;16.66;757;125;4930.00;182
13400;124;627759768;13400;341;14153;14334;6.02;0.37;248.86;16.67;753;125;4931.00;181
13402;124;627759777;13402;329;14165;14346;6.11;0.38;248.88;16.67;763;125;4932.00;181
13404;124;627759786;13404;323;14165;14346;6.16;0.38;248.89;16.67;761;125;4933.00;181
13411;124;627759794;13411;311;14167;14346;6.18;0.38;248.87;16.68;756;125;4934.00;179
13415;124;627759803;13415;307;14167;14346;6.26;0.38;248.87;16.68;752;125;4935.00;179
13418;124;627759812;13418;300;14167;14346;6.38;0.39;248.86;16.68;749;125;4936.00;179
13421;124;627759826;13421;288;14167;14346;6.42;0.39;248.87;16.68;746;125;4937.00;179
13424;124;627759852;13424;279;14170;14350;6.57;0.40;248.87;16.67;746;125;4938.00;180
13426;124;627759869;13426;275;14170;14350;6.77;0.41;248.91;16.67;744;125;4939.00;180
13428;125;627759883;13428;264;14173;14354;7.04;0.43;248.91;16.67;745;126;4940.00;181
13430;125;627759926;13430;259;14176;14355;7.25;0.44;248.93;16.83;746;126;4941.00;179
13432;125;627759940;13432;250;14176;14355;7.40;0.45;248.93;16.83;744;126;4942.00;179
13436;125;627759957;13436;247;14176;14355;7.48;0.46;248.96;16.83;740;126;4943.00;179
13437;125;627759969;13437;248;14187;14368;7.76;0.47;248.95;16.82;750;126;4944.00;181
13442;125;627759982;13442;244;14187;14368;7.79;0.47;248.95;16.82;745;126;4945.00;181
13446;125;627759993;13446;239;14187;14368;7.88;0.48;248.97;16.82;741;126;4946.00;181
13450;125;627760003;13450;237;14188;14369;7.96;0.48;248.93;16.82;738;126;4947.00;181
13455;125;627760014;13455;237;14188;14370;7.97;0.48;248.94;16.82;733;126;4948.00;182
13458;125;627760025;13458;237;14188;14370;8.05;0.49;248.94;16.82;730;126;4949.00;182
13459;125;627760038;13459;233;14192;14379;8.23;0.50;248.95;16.81;733;126;4950.00;187
13462;125;627760049;13462;233;14193;14379;8.28;0.51;248.94;16.81;731;126;4951.00;186
13466;125;627760073;13466;230;14194;14379;8.38;0.51;248.93;16.81;728;126;4952.00;185
13470;125;627760083;13470;228;14194;14379;8.44;0.52;248.96;16.81;724;126;4953.00;185
13477;125;627760094;13477;220;14198;14385;8.50;0.52;248.91;16.80;721;126;4954.00;187
13483;125;627760106;13483;209;14198;14385;8.49;0.52;248.90;16.80;715;126;4955.00;187
13484;125;627760117;13484;204;14199;14385;8.56;0.52;248.90;16.80;715;126;4956.00;186
13488;125;627760127;13488;206;14200;14385;8.47;0.52;248.93;16.80;712;126;4957.00;185
13492;125;627760138;13492;197;14203;14389;8.52;0.52;248.94;16.80;711;126;4958.00;186
13494;125;627760149;13494;199;14205;14390;8.55;0.52;248.94;16.80;711;126;4959.00;185
13497;125;627760161;13497;206;14206;14390;8.50;0.52;248.94;16.80;709;126;4960.00;184
13500;125;627760171;13500;209;14207;14391;8.60;0.52;248.93;16.80;707;126;4961.00;184
13504;125;627760182;13504;208;14207;14391;8.68;0.53;248.93;16.80;703;126;4962.00;184
13507;125;627760193;13507;209;14207;14391;8.75;0.53;248.93;16.80;700;126;4963.00;184
13512;125;627760204;13512;207;14207;14391;8.82;0.53;248.89;16.80;695;126;4964.00;184
13515;125;627760215;13515;209;14207;14391;8.87;0.54;248.91;16.80;692;126;4965.00;184
13519;125;627760226;13519;209;14208;14391;8.89;0.54;248.90;16.96;689;126;4966.00;183
13522;125;627760238;13522;206;14208;14391;8.88;0.54;248.88;16.96;686;126;4967.00;183
13523;125;627760250;13523;214;14251;14461;8.99;0.55;248.89;16.91;728;126;4968.00;210
13528;125;627760267;13528;207;14252;14462;9.05;0.55;248.92;16.91;724;126;4969.00;210
13530;125;627760280;13530;204;14258;14462;9.18;0.56;248.90;16.90;728;126;4970.00;204
13532;125;627760290;13532;207;14262;14462;9.36;0.57;248.90;16.90;730;126;4971.00;200
13535;125;627760301;13535;207;14266;14462;9.43;0.57;248.91;16.89;731;126;4972.00;196
13537;125;627760313;13537;207;14269;14462;9.52;0.58;248.93;16.89;732;126;4973.00;193
13540;125;627760324;13540;207;14271;14462;9.53;0.58;248.95;16.89;731;126;4974.00;191
13543;125;627760337;13543;212;14272;14462;9.55;0.58;248.98;16.89;729;126;4975.00;190
13544;125;627760349;13544;211;14274;14463;9.57;0.58;249.00;16.89;730;126;4976.00;189
13546;125;627760362;13546;203;14275;14464;9.57;0.58;249.02;16.88;729;126;4977.00;189
13548;125;627760374;13548;200;14276;14464;9.58;0.58;249.06;16.88;728;126;4978.00;188
13552;125;627760387;13552;194;14279;14468;9.60;0.58;249.10;16.88;727;126;4979.00;189
13554;125;627760403;13554;189;14279;14468;9.69;0.59;249.10;16.88;725;126;4980.00;189
13555;125;627760418;13555;186;14279;14468;9.72;0.59;249.10;16.88;724;126;4981.00;189
13557;125;627760432;13557;184;14279;14468;9.82;0.60;249.11;16.88;722;126;4982.00;189
13558;125;627760445;13558;177;14283;14474;9.91;0.60;249.13;16.88;725;126;4983.00;191
13559;125;627760459;13559;182;14284;14474;10.08;0.61;249.15;16.88;725;126;4984.00;190
13562;125;627760473;13562;179;14285;14474;10.15;0.62;249.17;17.04;723;126;4985.00;189
13565;125;627760495;13565;158;14288;14477;10.29;0.63;249.16;17.03;723;126;4986.00;189
13568;125;627760508;13568;140;14288;14477;10.38;0.63;249.16;17.03;720;126;4987.00;189
13570;125;627760521;13570;133;14288;14477;10.49;0.64;249.15;17.03;718;126;4988.00;189
13572;125;627760534;13572;124;14288;14478;10.63;0.65;249.17;17.03;716;126;4989.00;190
13577;125;627760547;13577;121;14289;14479;10.78;0.65;249.18;17.03;712;126;4990.00;190
13580;125;627760560;13580;116;14289;14479;10.92;0.66;249.20;17.03;709;126;4991.00;190
13583;125;627760573;13583;116;14299;14492;11.14;0.68;249.17;17.02;716;126;4992.00;193
13585;125;627760587;13585;114;14299;14492;11.30;0.69;249.18;17.02;714;126;4993.00;193
13589;125;627760601;13589;109;14300;14492;11.47;0.70;249.24;17.02;711;126;4994.00;192
13592;125;627760614;13592;115;14302;14494;11.62;0.71;249.28;17.02;710;126;4995.00;192
13596;125;627760628;13596;113;14302;14494;11.76;0.72;249.27;17.02;706;126;4996.00;192
13598;125;627760647;13598;108;14305;14498;11.88;0.72;249.26;17.01;707;126;4997.00;193
13603;125;627760662;13603;109;14305;14498;11.87;0.72;249.28;17.01;702;126;4998.00;193
13605;125;627760681;13605;109;14309;14502;11.86;0.72;249.28;17.01;704;126;4999.00;193
13612;125;627760696;13612;106;14309;14502;11.89;0.72;249.33;17.01;697;126;5000.00;193
13615;125;627760723;13615;108;14309;14502;11.99;0.73;249.34;17.01;694;126;5001.00;193
13618;125;627760735;13618;108;14309;14502;12.02;0.73;249.35;17.01;691;126;5002.00;193
13623;125;627760748;13623;110;14309;14502;12.05;0.73;249.34;17.01;686;126;5003.00;193
13625;125;627760760;13625;109;14318;14514;12.16;0.74;249.35;17.00;693;126;5004.00;196
13630;125;627760773;13630;113;14318;14514;12.28;0.75;249.40;17.00;688;126;5005.00;196
13635;125;627760786;13635;115;14320;14514;12.38;0.75;249.41;17.00;685;126;5006.00;194
13637;125;627760799;13637;115;14321;14514;12.49;0.76;249.44;17.16;684;126;5007.00;193
13642;125;627760813;13642;113;14321;14514;12.51;0.76;249.45;17.16;679;126;5008.00;193
13644;125;627760828;13644;115;14321;14514;12.49;0.76;249.45;17.16;677;126;5009.00;193
13646;125;627760852;13646;118;14321;14515;12.47;0.76;249.46;17.16;675;126;5010.00;194
13648;125;627760864;13648;119;14321;14515;12.44;0.76;249.47;17.16;673;126;5011.00;194
13653;125;627760882;13653;120;14325;14521;12.41;0.75;249.46;17.15;672;126;5012.00;196
13655;125;627760893;13655;118;14326;14522;12.44;0.76;249.47;17.15;671;126;5013.00;196
13658;125;627760903;13658;113;14327;14522;12.50;0.76;249.50;17.15;669;126;5014.00;195
13661;125;627760914;13661;118;14327;14522;12.54;0.76;249.52;17.15;666;126;5015.00;195
13662;125;627760926;13662;116;14330;14526;12.60;0.77;249.53;17.15;668;126;5016.00;196
13666;125;627760937;13666;115;14330;14526;12.57;0.77;249.53;17.15;664;126;5017.00;196
13671;125;627760948;13671;114;14330;14526;12.56;0.76;249.54;17.15;659;126;5018.00;196
13672;125;627760958;13672;114;14331;14527;12.56;0.77;249.56;17.14;659;126;5019.00;196
13675;125;627760969;13675;120;14334;14531;12.53;0.77;249.59;17.14;659;126;5020.00;197
13678;125;627760979;13678;125;14334;14531;12.48;0.76;249.60;17.14;656;126;5021.00;197
13681;125;627760988;13681;131;14336;14534;12.43;0.76;249.60;17.14;655;126;5022.00;198
13684;125;627760999;13684;133;14336;14534;12.29;0.75;249.62;17.14;652;126;5023.00;198
13688;125;627761009;13688;137;14337;14534;12.18;0.75;249.60;17.14;649;126;5024.00;197
13692;125;627761018;13692;134;14337;14534;12.14;0.74;249.60;17.14;645;126;5025.00;197
13697;125;627761027;13697;138;14341;14538;12.06;0.74;249.59;17.30;644;126;5026.00;197
13703;125;627761046;13703;142;14341;14538;12.08;0.74;249.60;17.30;638;126;5027.00;197
13706;125;627761057;13706;143;14342;14538;12.09;0.74;249.61;17.29;636;126;5028.00;196
13712;125;627761072;13712;136;14342;14538;12.01;0.73;249.57;17.29;630;126;5029.00;196
13718;125;627761085;13718;136;14342;14539;11.97;0.73;249.56;17.29;624;126;5030.00;197
13723;125;627761095;13723;136;14343;14540;11.95;0.73;249.53;17.29;620;126;5031.00;197
13725;125;627761106;13725;134;14343;14540;11.94;0.72;249.53;17.29;618;126;5032.00;197
13728;125;627761115;13728;133;14344;14541;11.92;0.72;249.51;17.29;616;126;5033.00;197
13729;125;627761124;13729;133;14345;14541;11.93;0.72;249.51;17.31;616;126;5034.00;196
13730;125;627761135;13730;128;14345;14541;11.84;0.72;249.52;17.31;615;126;5035.00;196
13734;125;627761144;13734;127;14346;14541;11.83;0.72;249.50;17.32;612;126;5036.00;195
13738;125;627761153;13738;120;14346;14541;11.80;0.72;249.48;17.32;608;126;5037.00;195
13742;125;627761162;13742;118;14346;14541;11.82;0.72;249.48;17.32;604;126;5038.00;195
13744;125;627761175;13744;111;14346;14541;11.87;0.72;249.47;17.32;602;126;5039.00;195
13746;125;627761189;13746;145;14446;14771;11.49;0.72;249.44;17.20;700;126;5040.00;325
13748;125;627761221;13748;140;14450;14772;11.45;0.71;249.42;17.36;702;126;5041.00;322
13750;125;627761237;13750;126;14457;14772;11.54;0.72;249.47;17.35;707;126;5042.00;315
13755;125;627761253;13755;128;14460;14772;11.52;0.72;249.45;17.34;705;126;5043.00;312
13760;125;627761265;13760;128;14470;14772;11.47;0.71;249.44;17.50;710;126;5044.00;302
13761;125;627761275;13761;128;14475;14772;11.43;0.71;249.44;17.50;714;126;5045.00;297
13763;125;627761285;13763;128;14482;14772;11.34;0.70;249.42;17.49;719;126;5046.00;290
13766;125;627761295;13766;128;14487;14772;11.34;0.70;249.39;17.49;721;126;5047.00;285
13768;125;627761305;13768;130;14494;14773;11.39;0.70;249.37;17.48;726;126;5048.00;279
13771;125;627761322;13771;135;14496;14774;11.39;0.70;249.35;17.48;725;126;5049.00;278
13772;125;627761332;13772;139;14502;14774;11.36;0.70;249.34;17.48;730;126;5050.00;272
13774;125;627761342;13774;141;14507;14775;11.34;0.70;249.35;17.48;733;126;5051.00;268
13776;125;627761352;13776;145;14513;14775;11.26;0.69;249.34;17.47;737;126;5052.00;262
13777;125;627761368;13777;156;14515;14775;11.18;0.69;249.34;17.47;738;126;5053.00;260
13780;125;627761388;13780;159;14521;14775;10.96;0.67;249.35;17.47;741;126;5054.00;254
13781;125;627761399;13781;164;14525;14779;10.81;0.66;249.35;17.47;744;126;5055.00;254
13782;125;627761410;13782;171;14530;14779;10.61;0.65;249.34;17.48;748;126;5056.00;249
13785;125;627761421;13785;173;14531;14779;10.42;0.64;249.38;17.48;746;126;5057.00;248
13790;125;627761430;13790;184;14534;14782;10.22;0.62;249.36;17.47;744;126;5058.00;248
13792;125;627761442;13792;192;14535;14782;10.16;0.62;249.33;17.47;743;126;5059.00;247
13795;125;627761452;13795;199;14540;14782;10.05;0.61;249.32;17.49;745;126;5060.00;242
13796;125;627761462;13796;207;14543;14786;9.94;0.61;249.31;17.49;747;126;5061.00;243
13799;125;627761473;13799;217;14547;14787;9.82;0.60;249.30;17.50;748;126;5062.00;240
13800;125;627761483;13800;221;14550;14787;9.65;0.59;249.29;17.51;750;126;5063.00;237
13800;125;627761504;13800;231;14554;14791;9.52;0.58;249.29;17.51;754;126;5064.00;237
13801;125;627761519;13801;242;14558;14791;9.31;0.57;249.34;17.53;757;126;5065.00;233
13804;125;627761529;13804;248;14560;14791;9.14;0.56;249.30;17.53;756;126;5066.00;231
13804;125;627761538;13804;263;14562;14792;8.98;0.55;249.30;17.53;758;126;5067.00;230
13806;125;627761548;13806;271;14565;14792;8.72;0.53;249.27;17.55;759;126;5068.00;227
13808;125;627761566;13808;280;14570;14798;8.57;0.52;249.25;17.54;762;126;5069.00;228
13808;125;627761579;13808;286;14572;14798;8.46;0.52;249.25;17.54;764;126;5070.00;226
13808;125;627761591;13808;298;14576;14799;8.34;0.51;249.25;17.56;768;126;5071.00;223
13812;125;627761604;13812;306;14578;14799;8.16;0.50;249.20;17.56;766;126;5072.00;221
13814;125;627761618;13814;314;14580;14799;8.02;0.49;249.17;17.58;766;126;5073.00;219
13816;125;627761628;13816;324;14584;14799;7.89;0.48;249.17;17.58;768;126;5074.00;215
13817;125;627761639;13817;335;14588;14799;7.71;0.47;249.17;17.59;771;126;5075.00;211
13820;125;627761651;13820;342;14601;14811;7.70;0.47;249.15;17.59;781;126;5076.00;210
13822;125;627761665;13822;352;14602;14811;7.58;0.46;249.14;17.61;780;126;5077.00;209
13824;125;627761677;13824;360;14603;14811;7.43;0.46;249.12;17.61;779;126;5078.00;208
13824;125;627761687;13824;367;14605;14811;7.27;0.45;249.12;17.63;781;126;5079.00;206
13826;125;627761696;13826;371;14605;14811;7.12;0.44;249.12;17.63;779;126;5080.00;206
13827;125;627761706;13827;372;14605;14811;7.02;0.43;249.10;17.63;778;126;5081.00;206
13827;125;627761715;13827;379;14610;14815;6.91;0.42;249.10;17.65;783;126;5082.00;205
13828;125;627761725;13828;360;14610;14815;6.90;0.42;249.10;17.65;782;126;5083.00;205
13831;125;627761740;13831;352;14615;14819;6.94;0.42;249.07;17.67;784;126;5084.00;204
13832;125;627761750;13832;346;14618;14821;6.93;0.42;249.06;17.68;786;126;5085.00;203
13835;125;627761761;13835;338;14619;14821;6.95;0.43;249.05;17.68;784;126;5086.00;202
13836;125;627761772;13836;328;14620;14821;6.94;0.43;249.04;17.69;784;126;5087.00;201
13838;125;627761783;13838;325;14630;14834;7.04;0.43;249.08;17.68;792;126;5088.00;204
13840;125;627761794;13840;318;14632;14834;7.04;0.43;249.07;17.70;792;126;5089.00;202
13842;125;627761811;13842;318;14633;14834;7.10;0.43;249.05;17.70;791;126;5090.00;201
13843;125;627761824;13843;313;14634;14835;7.12;0.44;249.05;17.70;791;126;5091.00;201
13845;125;627761837;13845;305;14636;14836;7.11;0.44;249.06;17.72;791;126;5092.00;200
13848;125;627761855;13848;305;14636;14836;7.15;0.44;249.06;17.72;788;126;5093.00;200
13849;125;627761871;13849;300;14640;14839;7.21;0.44;249.06;17.73;791;126;5094.00;199
13851;125;627761886;13851;298;14641;14839;7.29;0.45;249.09;17.73;790;126;5095.00;198
13854;125;627761911;13854;298;14641;14839;7.29;0.45;249.08;17.73;787;126;5096.00;198
13856;125;627761934;13856;303;14643;14839;7.25;0.44;249.07;17.75;787;126;5097.00;196
13859;125;627761947;13859;302;14647;14845;7.25;0.45;249.09;17.75;788;126;5098.00;198
13861;125;627761959;13861;306;14649;14845;7.18;0.44;249.07;17.76;788;126;5099.00;196
13865;125;627761975;13865;304;14654;14864;7.09;0.44;249.05;17.76;789;126;5100.00;210
13865;125;627761995;13865;290;14654;14864;7.10;0.44;249.05;17.76;789;126;5101.00;210
13866;125;627762007;13866;293;14660;14868;7.13;0.44;249.06;17.77;794;126;5102.00;208
13869;125;627762021;13869;287;14661;14869;7.23;0.45;249.06;17.76;792;126;5103.00;208
13872;125;627762034;13872;278;14663;14869;7.26;0.45;249.07;17.78;791;126;5104.00;206
13875;125;627762046;13875;276;14664;14870;7.32;0.45;249.07;17.78;789;126;5105.00;206
13878;125;627762065;13878;271;14666;14870;7.31;0.45;249.13;17.78;788;126;5106.00;204
13883;125;627762076;13883;255;14668;14870;7.33;0.45;249.12;17.79;785;126;5107.00;202
13884;125;627762087;13884;252;14669;14870;7.42;0.45;249.13;17.79;785;126;5108.00;201
13888;125;627762098;13888;242;14670;14870;7.48;0.46;249.10;17.79;782;126;5109.00;200
13892;125;627762110;13892;232;14671;14870;7.53;0.46;249.12;17.80;779;126;5110.00;199
13895;125;627762120;13895;228;14671;14870;7.57;0.46;249.15;17.80;776;126;5111.00;199
13901;125;627762132;13901;226;14704;14940;7.72;0.47;249.15;17.76;803;126;5112.00;236
13905;125;627762150;13905;217;14707;14941;7.84;0.48;249.18;17.75;802;126;5113.00;234
13909;125;627762164;13909;227;14715;14941;7.97;0.49;249.18;17.75;806;126;5114.00;226
13913;125;627762179;13913;228;14716;14941;8.05;0.49;249.19;17.74;803;126;5115.00;225
13916;125;627762192;13916;227;14721;14941;8.21;0.50;249.17;17.74;805;126;5116.00;220
13919;125;627762204;13919;231;14724;14941;8.33;0.51;249.17;17.74;805;126;5117.00;217
13926;125;627762215;13926;221;14727;14941;8.37;0.51;249.15;17.74;801;126;5118.00;214
13929;125;627762230;13929;220;14730;14941;8.40;0.51;249.16;17.73;801;126;5119.00;211
13934;125;627762242;13934;222;14732;14942;8.47;0.51;249.12;17.73;798;126;5120.00;210
13935;125;627762256;13935;223;14735;14943;8.57;0.52;249.13;17.73;800;126;5121.00;208
13939;125;627762269;13939;215;14735;14943;8.61;0.52;249.12;17.73;796;126;5122.00;208
13944;125;627762282;13944;212;14740;14947;8.61;0.52;249.14;17.73;796;126;5123.00;207
13950;125;627762295;13950;214;14740;14947;8.62;0.52;249.13;17.73;790;126;5124.00;207
13953;125;627762308;13953;219;14741;14947;8.67;0.53;249.11;17.73;788;126;5125.00;206
13959;125;627762321;13959;213;14741;14947;8.68;0.53;249.16;17.73;782;126;5126.00;206
13964;125;627762334;13964;213;14744;14953;8.72;0.53;249.15;17.72;780;126;5127.00;209
13967;125;627762349;13967;215;14745;14953;8.75;0.53;249.15;17.72;778;126;5128.00;208
13971;125;627762362;13971;215;14745;14953;8.84;0.54;249.14;17.72;774;126;5129.00;208
13976;125;627762377;13976;219;14748;14959;8.88;0.54;249.18;17.72;772;126;5130.00;211
13980;125;627762391;13980;224;14749;14959;8.94;0.54;249.19;17.72;769;126;5131.00;210
13984;125;627762404;13984;221;14749;14959;8.97;0.55;249.20;17.72;765;126;5132.00;210
13988;125;627762418;13988;221;14750;14960;8.98;0.55;249.20;17.72;762;126;5133.00;210
13994;125;627762431;13994;219;14753;14961;8.98;0.55;249.18;17.72;759;126;5134.00;208
13995;125;627762446;13995;222;14753;14961;8.97;0.55;249.19;17.72;758;126;5135.00;208
13999;125;627762459;13999;222;14762;14974;9.05;0.55;249.21;17.71;763;126;5136.00;212
14003;125;627762477;14003;224;14762;14974;9.10;0.56;249.26;17.71;759;126;5137.00;212
14007;125;627762493;14007;224;14765;14974;9.15;0.56;249.26;17.71;758;126;5138.00;209
14011;125;627762507;14011;225;14766;14975;9.24;0.56;249.30;17.71;755;126;5139.00;209
14013;125;627762526;14013;226;14768;14975;9.25;0.56;249.31;17.71;755;126;5140.00;207
14017;125;627762550;14017;232;14770;14979;9.24;0.57;249.32;17.71;753;126;5141.00;209
14023;125;627762566;14023;232;14772;14979;9.19;0.56;249.38;17.71;749;126;5142.00;207
14025;125;627762583;14025;239;14776;14983;9.24;0.57;249.36;17.71;751;126;5143.00;207
14030;125;627762599;14030;245;14777;14983;9.27;0.57;249.39;17.71;747;126;5144.00;206
14033;125;627762612;14033;247;14777;14983;9.26;0.57;249.40;17.71;744;126;5145.00;206
14038;125;627762625;14038;247;14778;14983;9.17;0.56;249.41;17.71;740;126;5146.00;205
14043;125;627762639;14043;242;14780;14983;9.14;0.56;249.43;17.71;737;126;5147.00;203
14046;125;627762653;14046;235;14789;14995;9.15;0.56;249.45;17.70;743;126;5148.00;206
14050;125;627762667;14050;230;14792;14995;9.19;0.56;249.45;17.70;742;126;5149.00;203
14056;125;627762680;14056;230;14792;14995;9.22;0.56;249.55;17.70;736;126;5150.00;203
14058;125;627762695;14058;230;14793;14995;9.27;0.57;249.56;17.69;735;126;5151.00;202
14063;125;627762709;14063;225;14794;14995;9.29;0.57;249.57;17.69;731;126;5152.00;201
14069;125;627762723;14069;226;14794;14995;9.35;0.57;249.57;17.69;725;126;5153.00;201
14070;125;627762737;14070;220;14794;14996;9.38;0.57;249.58;17.69;724;126;5154.00;202
14076;125;627762749;14076;224;14795;14998;9.39;0.57;249.60;17.69;719;126;5155.00;203
14080;125;627762763;14080;202;14798;15004;9.45;0.57;249.58;17.69;718;126;5156.00;206
14084;125;627762778;14084;186;14800;15005;9.49;0.58;249.61;17.69;716;126;5157.00;205
14086;125;627762806;14086;176;14800;15005;9.56;0.58;249.62;17.69;714;126;5158.00;205
14089;125;627762826;14089;165;14802;15005;9.59;0.58;249.63;17.69;713;126;5159.00;203
14092;125;627762843;14092;161;14806;15010;9.73;0.59;249.63;17.68;714;126;5160.00;204
14093;125;627762857;14093;160;14806;15010;9.93;0.60;249.64;17.68;713;126;5161.00;204
14096;125;627762871;14096;153;14806;15010;10.12;0.61;249.62;17.68;710;126;5162.00;204
14100;125;627762883;14100;149;14807;15011;10.25;0.62;249.63;17.68;707;126;5163.00;204
14101;125;627762896;14101;143;14810;15015;10.37;0.63;249.65;17.68;709;126;5164.00;205
14105;125;627762908;14105;137;14810;15015;10.50;0.64;249.64;17.68;705;126;5165.00;205
14109;126;627762921;14109;135;14813;15018;10.65;0.64;249.65;17.67;704;127;5166.00;205
14110;126;627762941;14110;124;14813;15018;10.81;0.66;249.67;17.67;703;127;5167.00;205
14114;126;627762953;14114;124;14813;15018;10.95;0.66;249.65;17.67;699;127;5168.00;205
14117;126;627762966;14117;128;14813;15018;11.02;0.67;249.65;17.67;696;127;5169.00;205
14121;126;627762983;14121;130;14816;15022;11.12;0.67;249.67;17.67;695;127;5170.00;206
14122;126;627762996;14122;127;14817;15022;11.26;0.68;249.68;17.67;695;127;5171.00;205
14125;126;627763007;14125;126;14817;15022;11.31;0.69;249.74;17.67;692;127;5172.00;205
14129;126;627763018;14129;124;14817;15022;11.32;0.69;249.80;17.67;688;127;5173.00;205
14132;126;627763030;14132;124;14817;15023;11.40;0.69;249.81;17.67;685;127;5174.00;206
14135;126;627763041;14135;134;14819;15025;11.43;0.69;249.81;17.67;684;127;5175.00;206
14140;126;627763052;14140;135;14819;15025;11.43;0.69;249.81;17.67;679;127;5176.00;206
14141;126;627763063;14141;138;14820;15026;11.44;0.70;249.80;17.66;679;127;5177.00;206
14143;126;627763074;14143;139;14820;15026;11.45;0.70;249.79;17.66;677;127;5178.00;206
14147;127;627763084;14147;139;14820;15026;11.38;0.69;249.81;17.66;673;128;5179.00;206
14148;127;627763106;14148;139;14820;15026;11.35;0.69;249.80;17.66;672;128;5180.00;206
14151;127;627763116;14151;139;14820;15026;11.34;0.69;249.80;17.66;669;128;5181.00;206
14154;127;627763126;14154;142;14820;15026;11.29;0.69;249.80;17.66;666;128;5182.00;206
14155;127;627763136;14155;141;14820;15026;11.27;0.69;249.80;17.66;665;128;5183.00;206
14158;127;627763146;14158;164;14892;15153;10.99;0.68;249.78;17.58;734;128;5184.00;261
14159;127;627763166;14159;158;14893;15154;10.95;0.67;249.80;17.58;734;128;5185.00;261
14162;127;627763178;14162;152;14900;15154;10.99;0.68;249.79;17.57;738;128;5186.00;254
14166;127;627763189;14166;147;14902;15154;10.99;0.68;249.76;17.57;736;128;5187.00;252
14171;127;627763200;14171;149;14907;15154;11.05;0.68;249.76;17.56;736;128;5188.00;247
14175;127;627763211;14175;148;14911;15154;11.04;0.68;249.74;17.56;736;128;5189.00;243
14178;127;627763225;14178;156;14916;15154;10.98;0.67;249.73;17.56;738;128;5190.00;238
14179;127;627763238;14179;165;14918;15154;11.00;0.68;249.74;17.56;739;128;5191.00;236
14183;127;627763249;14183;166;14920;15155;11.00;0.67;249.73;17.55;737;128;5192.00;235
14185;127;627763260;14185;171;14924;15156;11.02;0.68;249.74;17.55;739;128;5193.00;232
14186;128;627763271;14186;170;14927;15156;11.11;0.68;249.75;17.55;741;129;5194.00;229
14190;128;627763293;14190;178;14928;15157;11.12;0.68;249.74;17.55;738;129;5195.00;229
14193;128;627763304;14193;181;14930;15157;11.06;0.68;249.78;17.55;737;129;5196.00;227
14197;128;627763316;14197;184;14931;15157;11.06;0.68;249.75;17.55;734;129;5197.00;226
14200;128;627763328;14200;186;14933;15157;11.07;0.68;249.76;17.55;733;129;5198.00;224
14203;128;627763339;14203;183;14935;15161;11.03;0.68;249.76;17.55;732;129;5199.00;226
14208;128;627763353;14208;184;14937;15161;10.98;0.67;249.81;17.71;729;129;5200.00;224
14212;128;627763373;14212;189;14938;15161;10.90;0.67;249.82;17.71;726;129;5201.00;223
14215;128;627763392;14215;184;14941;15164;10.87;0.66;249.81;17.70;726;129;5202.00;223
14217;128;627763406;14217;176;14942;15164;10.82;0.66;249.79;17.70;725;129;5203.00;222
14222;128;627763427;14222;177;14943;15164;10.78;0.66;249.75;17.70;721;129;5204.00;221
14227;128;627763438;14227;180;14948;15168;10.63;0.65;249.71;17.72;721;129;5205.00;220
14230;128;627763452;14230;174;14950;15169;10.65;0.65;249.68;17.72;720;129;5206.00;219
14232;128;627763463;14232;174;14950;15169;10.54;0.64;249.66;17.72;718;129;5207.00;219
14234;128;627763474;14234;171;14953;15173;10.54;0.64;249.64;17.72;719;129;5208.00;220
14235;128;627763484;14235;172;14953;15173;10.47;0.64;249.63;17.72;718;129;5209.00;220
14240;128;627763494;14240;167;14953;15173;10.42;0.64;249.58;17.72;713;129;5210.00;220
14244;128;627763505;14244;167;14954;15174;10.41;0.63;249.57;17.72;710;129;5211.00;220
14245;128;627763515;14245;158;14956;15174;10.38;0.63;249.55;17.72;711;129;5212.00;218
14247;128;627763525;14247;157;14959;15180;10.47;0.64;249.53;17.71;712;129;5213.00;221
14248;128;627763537;14248;163;14959;15180;10.46;0.64;249.52;17.71;711;129;5214.00;221
14250;128;627763547;14250;167;14961;15180;10.41;0.63;249.51;17.87;711;129;5215.00;219
14251;128;627763557;14251;169;14961;15181;10.37;0.63;249.51;17.87;710;129;5216.00;220
14252;128;627763568;14252;169;14962;15181;10.32;0.63;249.50;17.87;710;129;5217.00;219
14254;128;627763578;14254;170;14963;15181;10.21;0.62;249.48;17.87;709;129;5218.00;218
14257;128;627763588;14257;177;14963;15181;10.13;0.62;249.45;17.87;706;129;5219.00;218
14263;128;627763604;14263;185;14984;15217;10.09;0.61;249.44;17.84;721;129;5220.00;233
14264;128;627763619;14264;189;14985;15217;9.98;0.61;249.45;17.84;721;129;5221.00;232
14265;128;627763631;14265;192;14986;15217;9.93;0.60;249.43;17.84;721;129;5222.00;231
14267;128;627763645;14267;196;14988;15217;9.91;0.60;249.46;17.84;721;129;5223.00;229
14267;129;627763655;14267;202;14988;15217;9.82;0.60;249.46;17.84;721;130;5224.00;229
14269;129;627763676;14269;206;14990;15217;9.84;0.60;249.50;17.84;721;130;5225.00;227
14271;129;627763686;14271;207;14994;15221;9.77;0.59;249.48;17.83;723;130;5226.00;227
14271;129;627763704;14271;216;14995;15221;9.78;0.59;249.48;17.83;724;130;5227.00;226
14272;129;627763714;14272;223;14999;15225;9.71;0.59;249.48;17.83;727;130;5228.00;226
14273;129;627763726;14273;229;15001;15226;9.72;0.59;249.48;17.83;728;130;5229.00;225
14274;129;627763737;14274;233;15002;15226;9.62;0.59;249.48;17.83;728;130;5230.00;224
14274;129;627763748;14274;243;15005;15226;9.51;0.58;249.48;17.85;731;130;5231.00;221
14276;129;627763758;14276;249;15014;15239;9.27;0.56;249.46;17.84;738;130;5232.00;225
14278;129;627763770;14278;251;15016;15239;9.08;0.55;249.46;17.85;738;130;5233.00;223
14280;129;627763786;14280;259;15018;15239;8.91;0.54;249.45;17.86;738;130;5234.00;221
14282;129;627763796;14282;251;15019;15240;8.87;0.54;249.44;17.86;737;130;5235.00;221
14284;129;627763806;14284;251;15021;15241;8.85;0.54;249.44;17.88;737;130;5236.00;220
14284;129;627763818;14284;248;15021;15241;8.81;0.54;249.44;17.88;737;130;5237.00;220
14284;129;627763842;14284;244;15026;15244;8.76;0.53;249.44;17.90;742;130;5238.00;218
14285;129;627763859;14285;245;15026;15244;8.77;0.53;249.44;17.90;741;130;5239.00;218
14286;129;627763878;14286;243;15028;15244;8.70;0.53;249.44;17.92;742;130;5240.00;216
14286;129;627763893;14286;243;15030;15244;8.69;0.53;249.44;17.94;744;130;5241.00;214
14287;129;627763918;14287;242;15034;15250;8.75;0.53;249.43;17.94;747;130;5242.00;216
14287;129;627763937;14287;242;15034;15250;8.71;0.53;249.43;17.94;747;130;5243.00;216
14288;129;627763951;14288;242;15037;15250;8.63;0.53;249.42;17.96;749;130;5244.00;213
14288;129;627763972;14288;238;15037;15250;8.52;0.52;249.42;17.96;749;130;5245.00;213
14290;129;627763990;14290;238;15042;15254;8.47;0.52;249.41;17.98;752;130;5246.00;212
14291;129;627764000;14291;240;15043;15255;8.43;0.51;249.41;17.97;752;130;5247.00;212
14292;129;627764011;14292;248;15043;15255;8.44;0.52;249.40;17.97;751;130;5248.00;212
14296;129;627764020;14296;245;15046;15256;8.41;0.51;249.37;17.99;750;130;5249.00;210
14297;129;627764033;14297;243;15046;15256;8.47;0.52;249.35;17.99;749;130;5250.00;210
14298;129;627764044;14298;241;15048;15256;8.55;0.52;249.34;18.01;750;130;5251.00;208
14299;129;627764056;14299;240;15048;15256;8.64;0.53;249.33;18.01;749;130;5252.00;208
14299;129;627764067;14299;239;15048;15256;8.68;0.53;249.33;18.01;749;130;5253.00;208
14301;129;627764076;14301;236;15048;15256;8.67;0.53;249.33;18.01;747;130;5254.00;208
14302;129;627764086;14302;235;15048;15256;8.70;0.53;249.33;18.01;746;130;5255.00;208
14305;129;627764097;14305;240;15085;15326;8.82;0.54;249.33;17.99;780;130;5256.00;241
14306;129;627764115;14306;235;15086;15327;8.81;0.54;249.36;17.99;780;130;5257.00;241
14307;129;627764126;14307;226;15097;15327;8.86;0.54;249.35;18.01;790;130;5258.00;230
14309;129;627764136;14309;229;15101;15327;8.84;0.54;249.34;18.01;792;130;5259.00;226
14311;129;627764146;14311;232;15107;15327;8.81;0.54;249.38;18.01;796;130;5260.00;220
14312;129;627764156;14312;236;15114;15327;8.66;0.53;249.38;18.03;802;130;5261.00;213
14317;129;627764167;14317;240;15118;15327;8.54;0.52;249.37;18.02;801;130;5262.00;209
14320;129;627764177;14320;242;15122;15327;8.40;0.51;249.40;18.03;802;130;5263.00;205
14323;129;627764187;14323;247;15126;15328;8.30;0.51;249.40;18.02;803;130;5264.00;202
14327;129;627764198;14327;241;15130;15330;8.09;0.50;249.40;18.03;803;130;5265.00;200
14330;129;627764209;14330;247;15130;15330;7.99;0.49;249.40;18.03;800;130;5266.00;200
14337;129;627764219;14337;254;15134;15334;7.80;0.48;249.40;18.03;797;130;5267.00;200
14342;129;627764230;14342;259;15134;15334;7.71;0.48;249.38;18.03;792;130;5268.00;200
14347;129;627764240;14347;258;15136;15334;7.65;0.47;249.38;18.05;789;130;5269.00;198
14354;129;627764251;14354;246;15136;15334;7.59;0.47;249.35;18.05;782;130;5270.00;198
14358;129;627764263;14358;244;15142;15340;7.63;0.47;249.34;18.05;784;130;5271.00;198
14365;129;627764275;14365;236;15142;15340;7.64;0.47;249.36;18.05;777;130;5272.00;198
14370;129;627764286;14370;237;15144;15340;7.62;0.47;249.33;18.06;774;130;5273.00;196
14376;129;627764296;14376;236;15146;15343;7.64;0.47;249.36;18.06;770;130;5274.00;197
14380;129;627764307;14380;234;15146;15343;7.69;0.47;249.37;18.06;766;130;5275.00;197
14381;129;627764324;14381;233;15150;15343;7.75;0.47;249.37;18.06;769;130;5276.00;193
14387;129;627764340;14387;226;15150;15344;7.84;0.48;249.43;18.06;763;130;5277.00;194
14392;129;627764353;14392;224;15151;15345;7.99;0.49;249.42;18.06;759;130;5278.00;194
14396;129;627764365;14396;218;15152;15345;8.09;0.49;249.38;18.07;756;130;5279.00;193
14402;129;627764378;14402;214;15172;15371;8.13;0.50;249.38;18.04;770;130;5280.00;199
14406;129;627764391;14406;211;15173;15371;8.27;0.50;249.40;18.04;767;130;5281.00;198
14408;129;627764403;14408;202;15174;15371;8.37;0.51;249.40;18.04;766;130;5282.00;197
14412;129;627764415;14412;202;15175;15372;8.46;0.52;249.43;18.04;763;130;5283.00;197
14418;129;627764426;14418;198;15175;15372;8.58;0.52;249.43;18.04;757;130;5284.00;197
14422;129;627764438;14422;199;15179;15376;8.68;0.53;249.42;18.04;757;130;5285.00;197
14427;129;627764450;14427;201;15179;15376;8.78;0.53;249.40;18.04;752;130;5286.00;197
14433;129;627764461;14433;201;15182;15379;8.82;0.54;249.41;18.03;749;130;5287.00;197
14436;129;627764474;14436;201;15182;15380;8.90;0.54;249.41;18.03;746;130;5288.00;198
14439;129;627764486;14439;202;15182;15380;8.88;0.54;249.42;18.03;743;130;5289.00;198
14442;129;627764498;14442;201;15182;15380;8.80;0.54;249.46;18.03;740;130;5290.00;198
14442;129;627764510;14442;197;15182;15380;8.84;0.54;249.46;18.03;740;130;5291.00;198
14448;129;627764523;14448;196;15192;15392;8.91;0.55;249.44;18.02;744;130;5292.00;200
14448;129;627764538;14448;191;15193;15392;8.96;0.55;249.44;18.02;745;130;5293.00;199
14455;129;627764551;14455;196;15193;15392;9.05;0.55;249.46;18.02;738;130;5294.00;199
14460;129;627764564;14460;188;15193;15392;9.10;0.56;249.48;18.02;733;130;5295.00;199
14464;129;627764576;14464;191;15193;15392;9.13;0.56;249.47;18.02;729;130;5296.00;199
14469;129;627764591;14469;191;15193;15392;9.23;0.57;249.50;18.02;724;130;5297.00;199
14470;129;627764603;14470;191;15193;15393;9.37;0.57;249.51;18.02;723;130;5298.00;200
14476;129;627764615;14476;183;15193;15393;9.50;0.58;249.52;18.02;717;130;5299.00;200
14480;129;627764629;14480;182;15197;15399;9.71;0.59;249.54;18.01;717;130;5300.00;202
14484;129;627764649;14484;182;15198;15400;9.84;0.60;249.52;18.01;714;130;5301.00;202
14489;129;627764661;14489;186;15199;15400;9.92;0.61;249.56;18.01;710;130;5302.00;201
14494;129;627764674;14494;191;15199;15400;9.95;0.61;249.56;18.01;705;130;5303.00;201
14496;129;627764686;14496;188;15202;15404;10.07;0.61;249.56;18.01;706;130;5304.00;202
14502;129;627764699;14502;187;15202;15404;10.14;0.62;249.57;18.01;700;130;5305.00;202
14506;129;627764711;14506;189;15202;15404;10.20;0.62;249.54;18.01;696;130;5306.00;202
14511;129;627764723;14511;192;15204;15405;10.20;0.62;249.54;18.17;693;130;5307.00;201
14516;129;627764738;14516;196;15207;15409;10.24;0.63;249.54;18.16;691;130;5308.00;202
14518;129;627764751;14518;196;15207;15409;10.22;0.62;249.54;18.16;689;130;5309.00;202
14522;129;627764765;14522;204;15210;15415;10.30;0.63;249.57;18.16;688;130;5310.00;205
14526;129;627764777;14526;206;15211;15415;10.34;0.63;249.58;18.16;685;130;5311.00;204
14529;129;627764788;14529;208;15211;15415;10.33;0.63;249.58;18.16;682;130;5312.00;204
14532;130;627764800;14532;209;15212;15415;10.33;0.63;249.58;18.16;680;131;5313.00;203
14536;130;627764825;14536;214;15214;15419;10.29;0.63;249.62;18.15;678;131;5314.00;205
14538;130;627764839;14538;217;15215;15419;10.24;0.62;249.64;18.15;677;131;5315.00;204
14542;130;627764851;14542;218;15215;15419;10.12;0.62;249.63;18.15;673;131;5316.00;204
14549;130;627764862;14549;205;15216;15419;9.97;0.61;249.67;18.15;667;131;5317.00;203
14554;130;627764875;14554;198;15216;15420;9.89;0.60;249.72;18.15;662;131;5318.00;204
14558;130;627764886;14558;196;15218;15421;9.84;0.60;249.74;18.15;660;131;5319.00;203
14561;131;627764896;14561;193;15218;15421;9.87;0.60;249.75;18.15;657;132;5320.00;203
14564;131;627764914;14564;191;15219;15422;9.83;0.60;249.75;18.15;655;132;5321.00;203
14568;131;627764925;14568;191;15219;15422;9.91;0.60;249.79;18.15;651;132;5322.00;203
14571;131;627764939;14571;190;15219;15422;9.80;0.59;249.80;18.15;648;132;5323.00;203
14573;131;627764950;14573;194;15219;15422;9.74;0.59;249.80;18.15;646;132;5324.00;203
14576;131;627764960;14576;196;15219;15422;9.69;0.59;249.81;18.15;643;132;5325.00;203
14578;131;627764970;14578;185;15219;15422;9.63;0.59;249.82;18.15;641;132;5326.00;203
14581;131;627764980;14581;178;15219;15422;9.56;0.58;249.84;18.15;638;132;5327.00;203
14583;131;627764990;14583;187;15288;15549;9.54;0.59;249.84;18.07;705;132;5328.00;261
14587;131;627765010;14587;168;15290;15550;9.54;0.59;249.86;18.07;703;132;5329.00;260
14588;131;627765023;14588;166;15298;15550;9.67;0.60;249.87;18.06;710;132;5330.00;252
14590;131;627765034;14590;160;15303;15550;9.73;0.60;249.87;18.05;713;132;5331.00;247
14594;131;627765045;14594;156;15307;15550;9.83;0.61;249.87;18.05;713;132;5332.00;243
14597;131;627765062;14597;155;15310;15550;9.89;0.61;249.85;18.05;713;132;5333.00;240
14599;131;627765073;14599;159;15314;15550;9.97;0.61;249.84;18.04;715;132;5334.00;236
14600;131;627765083;14600;157;15316;15550;10.08;0.62;249.85;18.04;716;132;5335.00;234
14603;131;627765101;14603;163;15320;15551;10.15;0.62;249.85;18.04;717;132;5336.00;231
14604;132;627765117;14604;162;15324;15552;10.25;0.63;249.86;18.04;720;133;5337.00;228
14607;132;627765140;14607;166;15328;15552;10.30;0.63;249.85;18.03;721;133;5338.00;224
14609;132;627765151;14609;165;15328;15553;10.24;0.63;249.84;18.03;719;133;5339.00;225
14614;132;627765163;14614;164;15331;15553;10.14;0.62;249.88;18.03;717;133;5340.00;222
14617;132;627765179;14617;164;15332;15553;10.05;0.62;249.88;18.03;715;133;5341.00;221
14619;132;627765190;14619;165;15334;15553;9.97;0.61;249.86;18.03;715;133;5342.00;219
14621;132;627765200;14621;164;15338;15557;9.99;0.61;249.88;18.03;717;133;5343.00;219
14622;132;627765211;14622;165;15339;15557;10.01;0.61;249.87;18.03;717;133;5344.00;218
14625;132;627765222;14625;172;15341;15557;10.02;0.61;249.89;18.03;716;133;5345.00;216
14625;134;627765232;14625;174;15343;15560;10.10;0.62;249.89;18.03;718;135;5346.00;217
14627;134;627765261;14627;172;15344;15560;10.11;0.62;249.87;18.03;717;135;5347.00;216
14632;135;627765276;14632;177;15345;15560;10.11;0.62;249.87;18.02;713;136;5348.00;215
14635;135;627765296;14635;179;15348;15564;10.12;0.62;249.88;18.02;713;136;5349.00;216
14638;135;627765311;14638;182;15350;15565;10.21;0.62;249.88;18.02;712;136;5350.00;215
14642;135;627765327;14642;185;15350;15565;10.20;0.62;249.86;18.02;708;136;5351.00;215
14643;135;627765337;14643;187;15353;15569;10.23;0.62;249.86;18.02;710;136;5352.00;216
14645;135;627765347;14645;191;15353;15569;10.24;0.62;249.84;18.02;708;136;5353.00;216
14645;135;627765356;14645;193;15353;15569;10.22;0.62;249.84;18.02;708;136;5354.00;216
14645;135;627765366;14645;189;15355;15571;10.20;0.62;249.84;18.01;710;136;5355.00;216
14647;135;627765381;14647;192;15355;15571;10.17;0.62;249.82;18.01;708;136;5356.00;216
14648;135;627765390;14648;195;15359;15577;10.22;0.62;249.81;18.01;711;136;5357.00;218
14651;135;627765400;14651;195;15359;15577;10.16;0.62;249.79;18.01;708;136;5358.00;218
14653;135;627765409;14653;197;15360;15577;10.27;0.62;249.77;18.01;707;136;5359.00;217
14655;135;627765418;14655;198;15360;15578;10.30;0.62;249.75;18.01;705;136;5360.00;218
14655;135;627765428;14655;194;15360;15578;10.34;0.63;249.75;18.01;705;136;5361.00;218
14657;135;627765438;14657;192;15360;15578;10.39;0.63;249.74;18.01;703;136;5362.00;218
14658;135;627765446;14658;194;15360;15578;10.41;0.63;249.73;18.01;702;136;5363.00;218
14659;135;627765455;14659;194;15369;15590;10.37;0.63;249.73;18.00;710;136;5364.00;221
14662;135;627765465;14662;191;15369;15590;10.33;0.63;249.71;18.00;707;136;5365.00;221
14664;135;627765474;14664;194;15371;15590;10.33;0.63;249.70;18.00;707;136;5366.00;219
14669;135;627765483;14669;191;15371;15590;10.30;0.63;249.66;18.00;702;136;5367.00;219
14670;135;627765494;14670;196;15371;15590;10.31;0.63;249.65;18.00;701;136;5368.00;219
14675;135;627765503;14675;191;15371;15590;10.27;0.63;249.62;18.00;696;136;5369.00;219
14676;135;627765513;14676;189;15374;15594;10.25;0.62;249.61;17.99;698;136;5370.00;220
14678;136;627765522;14678;190;15374;15594;10.23;0.62;249.64;17.99;696;137;5371.00;220
14680;136;627765546;14680;179;15378;15598;10.25;0.63;249.66;18.15;698;137;5372.00;220
14683;136;627765555;14683;178;15379;15599;10.32;0.63;249.64;18.15;696;137;5373.00;220
14686;136;627765564;14686;173;15380;15599;10.39;0.64;249.63;18.15;694;137;5374.00;219
14688;136;627765573;14688;169;15381;15599;10.49;0.64;249.62;18.16;693;137;5375.00;218
14694;136;627765583;14694;169;15391;15612;10.50;0.64;249.59;18.15;697;137;5376.00;221
14697;136;627765593;14697;170;15392;15612;10.54;0.64;249.59;18.31;695;137;5377.00;220
14699;136;627765602;14699;170;15393;15612;10.48;0.64;249.57;18.31;694;137;5378.00;219
14702;136;627765611;14702;175;15394;15613;10.52;0.64;249.55;18.31;692;137;5379.00;219
14703;136;627765620;14703;172;15395;15614;10.54;0.64;249.54;18.47;692;137;5380.00;219
14705;136;627765629;14705;171;15395;15614;10.61;0.65;249.51;18.47;690;137;5381.00;219
14709;136;627765638;14709;174;15397;15617;10.75;0.65;249.51;18.46;688;137;5382.00;220
14709;136;627765647;14709;177;15398;15617;10.78;0.66;249.51;18.46;689;137;5383.00;219
14711;136;627765656;14711;183;15398;15617;10.79;0.66;249.50;18.46;687;137;5384.00;219
14714;136;627765665;14714;183;15398;15617;10.73;0.65;249.50;18.46;684;137;5385.00;219
14716;136;627765673;14716;188;15402;15623;10.67;0.65;249.48;18.46;686;137;5386.00;221
14716;136;627765683;14716;177;15402;15623;10.63;0.65;249.48;18.46;686;137;5387.00;221
14722;137;627765691;14722;168;15403;15623;10.59;0.64;249.46;18.46;681;138;5388.00;220
14724;137;627765713;14724;163;15403;15623;10.58;0.64;249.46;18.46;679;138;5389.00;220
14726;137;627765723;14726;160;15406;15627;10.54;0.64;249.45;18.45;680;138;5390.00;221
14726;137;627765733;14726;152;15407;15628;10.52;0.63;249.45;18.45;681;138;5391.00;221
14727;137;627765742;14727;149;15408;15628;10.55;0.64;249.44;18.46;681;138;5392.00;220
14728;137;627765752;14728;148;15409;15629;10.58;0.64;249.44;18.46;681;138;5393.00;220
14731;137;627765770;14731;147;15410;15629;10.54;0.64;249.48;18.47;679;138;5394.00;219
14732;137;627765780;14732;142;15410;15629;10.56;0.64;249.52;18.47;678;138;5395.00;219
14732;137;627765790;14732;145;15411;15629;10.47;0.64;249.52;18.48;679;138;5396.00;218
14732;137;627765799;14732;140;15411;15629;10.44;0.63;249.52;18.48;679;138;5397.00;218
14734;137;627765809;14734;144;15411;15629;10.50;0.64;249.51;18.48;677;138;5398.00;218
14735;137;627765818;14735;142;15411;15629;10.51;0.64;249.51;18.48;676;138;5399.00;218
