step_arrived;step_collisions;step_duration;step_ended;step_halting;step_inserted;step_loaded;step_meanSpeed;step_meanSpeedRelative;step_meanTravelTime;step_meanWaitingTime;step_running;step_teleports;step_time;step_waiting
0;0;629059532;0;1;86;245;16.13;1.14;-1.00;0.00;86;0;0.00;159
0;0;629059558;0;0;99;245;15.18;1.06;-1.00;0.13;99;0;1.00;146
0;0;629059559;0;1;119;245;14.37;0.98;-1.00;0.45;119;0;2.00;126
0;0;629059559;0;3;134;245;13.12;0.89;-1.00;0.73;134;0;3.00;111
0;0;629059561;0;2;144;245;12.42;0.84;-1.00;0.96;144;0;4.00;101
0;0;629059562;0;9;154;245;11.55;0.78;-1.00;1.22;154;0;5.00;91
0;0;629059564;0;7;164;245;10.91;0.73;-1.00;1.51;164;0;6.00;81
0;0;629059565;0;10;168;245;10.49;0.70;-1.00;1.64;168;0;7.00;77
0;0;629059567;0;13;176;246;9.98;0.66;-1.00;1.93;176;0;8.00;70
0;0;629059569;0;15;181;247;9.76;0.65;-1.00;2.13;181;0;9.00;66
0;0;629059571;0;20;187;247;9.47;0.63;-1.00;2.38;187;0;10.00;60
0;0;629059573;0;24;192;248;9.39;0.62;-1.00;2.55;192;0;11.00;56
1;0;629059575;1;31;199;248;9.24;0.61;12.00;2.88;198;0;12.00;49
1;0;629059577;1;30;203;248;9.33;0.61;12.00;3.08;202;0;13.00;45
1;0;629059580;1;32;209;248;9.27;0.60;12.00;3.36;208;0;14.00;39
1;0;629059588;1;34;214;252;9.31;0.60;12.00;3.50;213;0;15.00;38
1;0;629059591;1;38;215;252;9.31;0.60;12.00;3.56;214;0;16.00;37
1;0;629059594;1;45;222;252;9.06;0.58;12.00;3.99;221;0;17.00;30
1;0;629059596;1;44;223;255;9.09;0.58;12.00;3.97;222;0;18.00;32
1;0;629059599;1;50;225;255;9.20;0.59;12.00;4.10;224;0;19.00;30
1;0;629059602;1;58;228;255;9.10;0.58;12.00;4.31;227;0;20.00;27
3;0;629059604;3;63;234;259;9.12;0.57;18.00;4.40;231;0;21.00;25
5;0;629059608;5;63;237;260;8.98;0.56;19.60;4.53;232;0;22.00;23
5;0;629059616;5;69;240;260;8.81;0.55;19.60;4.76;235;0;23.00;20
6;0;629059619;6;69;245;264;8.65;0.54;20.00;4.86;239;0;24.00;19
6;0;629059622;6;72;247;264;8.63;0.54;20.00;5.02;241;0;25.00;17
6;0;629059625;6;73;250;264;8.52;0.53;20.00;5.24;244;0;26.00;14
6;0;629059627;6;78;252;265;8.49;0.53;20.00;5.41;246;0;27.00;13
6;0;629059630;6;82;253;265;8.52;0.53;20.00;5.50;247;0;28.00;12
6;0;629059633;6;89;257;271;8.44;0.52;20.00;5.43;251;0;29.00;14
6;0;629059638;6;91;257;271;8.44;0.52;20.00;5.43;251;0;30.00;14
7;0;629059641;7;95;262;272;8.19;0.51;21.14;5.63;255;0;31.00;10
8;0;629059644;8;97;262;272;8.14;0.50;22.50;5.63;254;0;32.00;10
8;0;629059647;8;102;263;272;8.13;0.50;22.50;5.68;255;0;33.00;9
9;0;629059650;9;104;264;272;8.07;0.50;23.22;5.70;255;0;34.00;8
10;0;629059653;10;108;264;272;8.22;0.51;24.00;5.70;254;0;35.00;8
10;0;629059656;10;114;275;284;8.55;0.53;24.00;5.55;265;0;36.00;9
10;0;629059660;10;116;275;284;8.63;0.54;24.00;5.55;265;0;37.00;9
10;0;629059663;10;119;277;284;8.67;0.54;24.00;5.59;267;0;38.00;7
10;0;629059665;10;120;277;284;8.53;0.53;24.00;5.59;267;0;39.00;7
12;0;629059669;12;125;278;284;8.44;0.53;26.42;5.62;266;0;40.00;6
13;0;629059672;13;124;278;284;8.34;0.52;27.15;5.62;265;0;41.00;6
14;0;629059675;14;128;283;288;8.32;0.51;28.07;5.58;269;0;42.00;5
15;0;629059678;15;129;283;288;8.05;0.50;27.67;5.58;268;0;43.00;5
15;0;629059681;15;130;286;292;7.92;0.49;27.67;5.56;271;0;44.00;6
16;0;629059684;16;133;288;294;7.79;0.49;28.31;5.52;272;0;45.00;6
17;0;629059687;17;137;289;294;7.67;0.48;29.00;5.51;272;0;46.00;5
18;0;629059690;18;141;290;294;7.66;0.48;30.00;5.50;272;0;47.00;4
18;0;629059693;18;142;301;307;7.92;0.49;30.00;5.30;283;0;48.00;6
18;0;629059697;18;145;302;307;7.85;0.49;30.00;5.29;284;0;49.00;5
19;0;629059700;19;147;302;307;7.75;0.48;30.89;5.29;283;0;50.00;5
19;0;629059703;19;148;303;308;7.72;0.48;30.89;5.27;284;0;51.00;5
20;0;629059706;20;146;304;309;7.65;0.47;31.95;5.26;284;0;52.00;5
21;0;629059709;21;149;304;309;7.59;0.47;32.90;5.26;283;0;53.00;5
22;0;629059711;22;152;307;312;7.62;0.47;33.86;5.21;285;0;54.00;5
22;0;629059714;22;156;307;312;7.59;0.47;33.86;5.21;285;0;55.00;5
24;0;629059718;24;143;307;312;7.54;0.46;33.75;5.21;283;0;56.00;5
25;0;629059721;25;138;307;312;7.45;0.46;33.24;5.21;282;0;57.00;5
25;0;629059724;25;136;312;318;7.48;0.46;33.24;5.14;287;0;58.00;6
27;0;629059727;27;140;312;318;7.47;0.46;35.07;5.14;285;0;59.00;6
29;0;629059733;29;140;313;318;7.55;0.46;36.66;5.13;284;0;60.00;5
29;0;629059736;29;142;313;318;7.57;0.46;36.66;5.13;284;0;61.00;5
30;0;629059739;30;145;317;322;7.63;0.47;37.50;5.08;287;0;62.00;5
30;0;629059742;30;149;318;323;7.77;0.47;37.50;5.07;288;0;63.00;5
30;0;629059746;30;148;318;323;7.94;0.49;37.50;5.07;288;0;64.00;5
30;0;629059749;30;148;319;324;8.08;0.49;37.50;5.05;289;0;65.00;5
31;0;629059751;31;148;319;324;8.10;0.50;37.06;5.05;288;0;66.00;5
32;0;629059755;32;142;319;324;8.12;0.50;38.00;5.05;287;0;67.00;5
33;0;629059758;33;136;319;324;8.19;0.50;38.91;5.05;286;0;68.00;5
33;0;629059761;33;134;319;324;8.23;0.50;38.91;5.05;286;0;69.00;5
33;0;629059764;33;131;319;324;8.33;0.51;38.91;5.05;286;0;70.00;5
33;0;629059767;33;128;319;324;8.48;0.52;38.91;5.05;286;0;71.00;5
33;0;629059770;33;135;355;394;8.66;0.53;38.91;4.54;322;0;72.00;39
34;0;629059778;34;126;356;395;8.82;0.54;39.29;4.53;322;0;73.00;39
34;0;629059782;34;120;363;395;9.24;0.57;39.29;4.48;329;0;74.00;32
36;0;629059785;36;115;365;395;9.48;0.58;40.92;4.47;329;0;75.00;30
36;0;629059789;36;112;369;395;9.84;0.60;40.92;4.47;333;0;76.00;26
36;0;629059794;36;109;372;395;10.05;0.61;40.92;4.47;336;0;77.00;23
37;0;629059803;37;107;376;395;10.19;0.62;41.92;4.49;339;0;78.00;19
38;0;629059807;38;108;377;395;10.16;0.62;42.89;4.50;339;0;79.00;18
38;0;629059816;38;106;379;396;10.15;0.62;42.89;4.51;341;0;80.00;17
38;0;629059821;38;111;381;397;10.14;0.62;42.89;4.50;343;0;81.00;16
38;0;629059825;38;108;382;397;10.12;0.61;42.89;4.51;344;0;82.00;15
39;0;629059829;39;114;386;401;9.99;0.61;43.49;4.47;347;0;83.00;15
40;0;629059833;40;117;386;401;9.89;0.60;44.50;4.47;346;0;84.00;15
40;0;629059843;40;120;386;401;9.79;0.59;44.50;4.47;346;0;85.00;15
40;0;629059847;40;116;386;401;9.77;0.60;44.50;4.47;346;0;86.00;15
41;0;629059850;41;118;390;407;9.70;0.59;45.54;4.44;349;0;87.00;17
42;0;629059854;42;120;390;407;9.64;0.59;46.52;4.44;348;0;88.00;17
44;0;629059858;44;123;391;407;9.61;0.59;48.36;4.43;347;0;89.00;16
45;0;629059863;45;125;394;413;9.58;0.58;49.29;4.40;349;0;90.00;19
46;1;629059867;46;128;395;413;9.62;0.59;50.20;4.39;349;1;91.00;18
48;1;629059880;48;131;395;413;9.60;0.59;51.94;4.39;347;1;92.00;18
50;1;629059890;50;133;397;414;9.56;0.58;53.58;4.38;347;1;93.00;17
51;1;629059900;51;134;398;415;9.67;0.59;54.27;4.37;347;1;94.00;17
55;1;629059904;55;134;399;415;9.59;0.58;57.24;4.37;344;1;95.00;16
56;1;629059908;56;135;409;428;9.43;0.57;57.93;4.27;353;1;96.00;19
56;1;629059914;56;135;410;428;9.45;0.58;57.93;4.26;354;1;97.00;18
57;1;629059918;57;136;410;428;9.45;0.58;58.61;4.26;353;1;98.00;18
60;1;629059922;60;133;411;429;9.41;0.57;59.27;4.25;351;1;99.00;18
61;1;629059927;61;131;411;429;9.38;0.57;59.93;4.25;350;1;100.00;18
63;1;629059935;63;128;413;433;9.45;0.58;61.14;4.23;350;1;101.00;20
63;1;629059940;63;121;413;433;9.53;0.58;61.14;4.23;350;1;102.00;20
66;1;629059949;66;119;418;437;9.53;0.58;62.67;4.20;352;1;103.00;19
66;1;629059954;66;112;420;437;9.68;0.59;62.67;4.33;354;1;104.00;17
68;1;629059959;68;108;420;437;9.85;0.60;63.82;4.33;352;1;105.00;17
68;1;629059964;68;102;420;437;9.99;0.61;63.82;4.33;352;1;106.00;17
68;1;629059969;68;97;420;437;10.08;0.61;63.82;4.33;352;1;107.00;17
68;1;629059973;68;90;430;449;10.16;0.62;63.82;4.23;362;1;108.00;19
69;1;629059978;69;86;431;449;10.26;0.62;64.48;4.22;362;1;109.00;18
69;1;629059983;69;84;432;449;10.49;0.64;64.48;4.22;363;1;110.00;17
69;1;629059988;69;81;432;449;10.71;0.65;64.48;4.22;363;1;111.00;17
71;1;629059993;71;76;432;449;10.91;0.66;65.28;4.22;361;1;112.00;17
71;1;629059998;71;72;432;449;11.12;0.68;65.28;4.22;361;1;113.00;17
73;1;629060004;73;69;433;450;11.32;0.69;66.60;4.21;360;1;114.00;17
73;1;629060009;73;68;433;450;11.46;0.70;66.60;4.21;360;1;115.00;17
73;1;629060014;73;68;437;456;11.53;0.70;66.60;4.18;364;1;116.00;19
73;1;629060020;73;68;440;457;11.57;0.71;66.60;4.42;367;1;117.00;17
74;1;629060026;74;70;440;457;11.64;0.71;66.65;4.42;366;1;118.00;17
74;1;629060031;74;70;441;457;11.72;0.72;66.65;4.52;367;1;119.00;16
78;1;629060044;78;77;446;462;11.72;0.71;69.17;4.58;368;1;120.00;16
78;1;629060051;78;76;449;462;11.70;0.71;69.17;5.19;371;1;121.00;13
79;1;629060062;79;74;450;462;11.62;0.71;69.66;5.29;371;1;122.00;12
79;1;629060068;79;76;453;463;11.59;0.71;69.66;5.64;374;1;123.00;10
80;1;629060074;80;76;458;467;11.51;0.70;70.33;5.71;378;1;124.00;9
81;1;629060080;81;77;460;467;11.47;0.70;70.59;5.93;379;1;125.00;7
82;1;629060087;82;83;463;470;11.56;0.71;71.27;5.95;381;1;126.00;7
82;1;629060094;82;86;466;470;11.63;0.71;71.27;6.06;384;1;127.00;4
83;1;629060100;83;89;466;470;11.69;0.72;71.95;6.06;383;1;128.00;4
84;1;629060107;84;92;466;470;11.73;0.72;72.35;6.06;382;1;129.00;4
87;1;629060113;87;91;470;474;11.83;0.72;73.83;6.14;383;1;130.00;4
87;1;629060120;87;91;470;474;11.94;0.73;73.83;6.14;383;1;131.00;4
90;1;629060126;90;93;471;474;12.02;0.73;75.56;6.13;381;1;132.00;3
92;1;629060132;92;94;472;474;12.04;0.73;75.93;6.19;380;1;133.00;2
93;1;629060139;93;94;473;475;12.00;0.73;76.53;6.18;380;1;134.00;2
95;1;629060145;95;95;476;477;11.90;0.73;76.14;6.23;381;1;135.00;1
97;1;629060151;97;97;476;477;11.84;0.72;77.27;6.23;379;1;136.00;1
98;1;629060157;98;98;478;478;11.83;0.72;77.85;6.24;380;1;137.00;0
100;1;629060163;100;99;478;478;11.79;0.72;77.75;6.24;378;1;138.00;0
101;1;629060169;101;104;478;478;11.78;0.72;78.35;6.24;377;1;139.00;0
102;1;629060176;102;104;478;478;11.66;0.72;78.60;6.24;376;1;140.00;0
103;1;629060182;103;108;478;478;11.54;0.71;78.50;6.24;375;1;141.00;0
103;1;629060188;103;109;478;478;11.46;0.70;78.50;6.24;375;1;142.00;0
104;2;629060194;104;111;478;478;11.34;0.70;79.13;6.24;374;2;143.00;0
105;2;629060222;105;135;555;605;10.97;0.69;79.74;5.38;450;2;144.00;50
108;2;629060238;108;128;560;606;11.01;0.69;80.00;5.34;452;2;145.00;46
112;2;629060244;112;120;570;606;11.06;0.70;82.21;5.28;458;2;146.00;36
116;2;629060251;116;122;573;606;10.99;0.69;83.47;5.27;457;2;147.00;33
117;2;629060257;117;120;577;606;11.07;0.69;83.72;5.26;460;2;148.00;29
117;2;629060264;117;118;578;606;11.12;0.70;83.72;5.26;461;2;149.00;28
117;2;629060271;117;121;583;611;11.11;0.70;83.72;5.26;466;2;150.00;28
118;2;629060280;118;121;584;611;11.07;0.69;84.29;5.26;466;2;151.00;27
120;2;629060287;120;122;586;612;11.12;0.69;84.20;5.27;466;2;152.00;26
125;2;629060294;125;121;589;613;11.20;0.70;85.66;5.29;464;2;153.00;24
127;2;629060303;127;120;591;613;11.21;0.70;86.61;5.30;464;2;154.00;22
129;2;629060311;129;121;594;614;11.17;0.69;87.64;5.31;465;2;155.00;20
129;2;629060324;129;122;598;614;11.08;0.69;87.64;5.35;469;2;156.00;16
132;2;629060333;132;126;600;614;10.97;0.68;89.02;5.38;468;2;157.00;14
134;2;629060343;134;132;603;614;10.94;0.68;89.89;5.42;469;2;158.00;11
135;2;629060350;135;135;606;618;10.83;0.67;90.12;5.44;471;2;159.00;12
136;2;629060358;136;140;609;618;10.68;0.66;90.63;5.47;473;2;160.00;9
138;2;629060370;138;142;610;618;10.56;0.66;91.27;5.46;472;2;161.00;8
141;2;629060377;141;142;613;621;10.45;0.65;92.08;5.47;472;2;162.00;8
145;2;629060384;145;146;613;621;10.27;0.64;93.97;5.47;468;2;163.00;8
147;2;629060391;147;148;614;621;10.17;0.63;94.89;5.48;467;2;164.00;7
149;2;629060403;149;147;617;625;10.06;0.62;94.53;5.46;468;2;165.00;8
153;2;629060410;153;143;618;626;9.99;0.62;95.18;5.45;465;2;166.00;8
153;2;629060417;153;143;618;626;9.97;0.62;95.18;5.45;465;2;167.00;8
155;2;629060423;155;143;624;630;9.92;0.61;95.95;5.44;469;2;168.00;6
157;2;629060429;157;145;624;630;9.82;0.61;96.62;5.44;467;2;169.00;6
159;2;629060435;159;141;625;630;9.74;0.60;97.10;5.47;466;2;170.00;5
162;2;629060441;162;136;627;631;9.69;0.60;97.65;5.49;465;2;171.00;4
164;2;629060446;164;131;627;631;9.66;0.60;97.97;5.49;463;2;172.00;4
165;2;629060454;165;127;633;637;9.68;0.60;98.28;5.49;468;2;173.00;4
168;2;629060465;168;122;634;637;9.54;0.59;98.88;5.50;466;2;174.00;3
168;2;629060473;168;122;636;638;9.53;0.59;98.88;5.49;468;2;175.00;2
168;2;629060482;168;123;637;638;9.56;0.59;98.88;5.53;469;2;176.00;1
169;2;629060489;169;119;637;638;9.66;0.59;98.91;5.53;468;2;177.00;1
169;2;629060501;169;116;638;638;9.74;0.60;98.91;5.53;469;2;178.00;0
169;2;629060508;169;113;638;638;9.85;0.60;98.91;5.53;469;2;179.00;0
169;2;629060518;169;115;668;672;9.86;0.61;98.91;5.28;499;2;180.00;4
169;2;629060528;169;111;668;672;9.95;0.62;98.91;5.28;499;2;181.00;4
171;2;629060536;171;113;670;672;10.04;0.62;99.45;5.27;499;2;182.00;2
171;2;629060544;171;116;670;672;10.13;0.63;99.45;5.27;499;2;183.00;2
172;2;629060550;172;121;671;672;10.17;0.63;99.93;5.27;499;2;184.00;1
174;2;629060564;174;123;671;672;10.22;0.63;100.13;5.27;497;2;185.00;1
176;2;629060571;176;123;676;676;10.23;0.63;100.43;5.24;500;2;186.00;0
177;2;629060578;177;130;676;676;10.13;0.62;100.51;5.24;499;2;187.00;0
179;2;629060585;179;135;679;680;10.01;0.62;101.11;5.22;500;2;188.00;1
181;2;629060592;181;141;680;681;9.83;0.61;101.15;5.22;499;2;189.00;1
185;2;629060599;185;148;681;681;9.69;0.60;101.22;5.21;496;2;190.00;0
188;2;629060605;188;160;681;681;9.47;0.58;101.87;5.21;493;2;191.00;0
189;2;629060612;189;169;693;694;9.44;0.58;101.64;5.12;504;2;192.00;1
192;2;629060619;192;179;693;694;9.21;0.57;101.97;5.12;501;2;193.00;1
195;2;629060625;195;179;694;694;9.05;0.56;101.64;5.12;499;2;194.00;0
200;2;629060632;200;177;695;695;8.95;0.55;101.47;5.11;495;2;195.00;0
202;2;629060638;202;179;696;696;8.85;0.54;101.46;5.11;494;2;196.00;0
206;2;629060645;206;181;696;696;8.76;0.54;100.74;5.11;490;2;197.00;0
209;2;629060657;209;186;698;699;8.75;0.54;100.74;5.09;489;2;198.00;1
209;2;629060663;209;185;699;699;8.77;0.54;100.74;5.09;490;2;199.00;0
210;2;629060670;210;192;699;699;8.66;0.53;101.13;5.09;489;2;200.00;0
211;2;629060681;211;197;699;699;8.68;0.53;101.15;5.09;488;2;201.00;0
215;2;629060687;215;204;704;705;8.64;0.53;102.28;5.06;489;2;202.00;1
217;2;629060694;217;210;704;705;8.54;0.52;102.08;5.06;487;2;203.00;1
219;2;629060700;219;214;705;705;8.45;0.52;102.12;5.05;486;2;204.00;0
223;2;629060707;223;222;705;705;8.21;0.50;101.11;5.05;482;2;205.00;0
223;2;629060713;223;228;709;709;8.09;0.50;101.11;5.03;486;2;206.00;0
224;3;629060719;224;230;710;710;7.97;0.49;101.58;5.02;486;3;207.00;0
224;3;629060731;224;233;710;710;7.82;0.48;101.58;5.02;486;3;208.00;0
225;3;629060741;225;235;711;711;7.76;0.48;102.04;5.02;486;3;209.00;0
226;3;629060748;226;239;711;711;7.67;0.47;102.33;5.02;485;3;210.00;0
228;3;629060754;228;249;711;711;7.54;0.46;102.04;5.02;483;3;211.00;0
228;3;629060760;228;252;711;711;7.47;0.46;102.04;5.02;483;3;212.00;0
229;3;629060766;229;255;711;711;7.42;0.46;102.53;5.02;482;3;213.00;0
231;3;629060777;231;254;711;711;7.37;0.45;102.69;5.02;480;3;214.00;0
231;3;629060783;231;256;711;711;7.35;0.45;102.69;5.02;480;3;215.00;0
231;3;629060789;231;268;753;781;7.47;0.46;102.69;4.74;522;3;216.00;28
234;3;629060801;234;255;755;782;7.43;0.46;103.73;4.73;521;3;217.00;27
234;3;629060807;234;245;763;782;7.60;0.47;103.73;4.70;529;3;218.00;19
234;3;629060814;234;229;765;782;7.70;0.47;103.73;4.70;531;3;219.00;17
234;3;629060820;234;215;770;782;7.95;0.49;103.73;4.69;536;3;220.00;12
234;3;629060827;234;205;774;782;8.21;0.51;103.73;4.69;540;3;221.00;8
236;3;629060834;236;199;778;782;8.45;0.52;104.43;4.70;542;3;222.00;4
237;3;629060847;237;191;779;782;8.61;0.53;104.90;4.70;542;3;223.00;3
239;3;629060854;239;186;782;783;8.72;0.54;105.55;4.71;543;3;224.00;1
241;3;629060862;241;183;784;785;8.77;0.54;105.51;4.69;543;3;225.00;1
241;3;629060869;241;167;785;785;8.91;0.55;105.51;4.70;544;3;226.00;0
242;3;629060877;242;154;789;789;9.02;0.55;105.50;4.68;547;3;227.00;0
243;3;629060887;243;141;789;789;9.27;0.57;106.00;4.68;546;3;228.00;0
246;3;629060901;246;131;789;789;9.51;0.58;107.28;4.68;543;3;229.00;0
248;3;629060909;248;128;789;789;9.69;0.59;106.86;4.68;541;3;230.00;0
250;3;629060917;250;120;794;795;9.85;0.60;107.66;4.66;544;3;231.00;1
252;3;629060926;252;112;794;795;10.05;0.62;107.29;4.66;542;3;232.00;1
252;3;629060934;252;109;795;795;10.19;0.63;107.29;4.66;543;3;233.00;0
255;3;629060942;255;103;797;798;10.38;0.64;108.13;4.64;542;3;234.00;1
258;3;629060950;258;95;798;798;10.57;0.65;109.53;4.64;540;3;235.00;0
259;3;629060959;259;87;798;798;10.78;0.66;109.85;4.64;539;3;236.00;0
262;3;629060967;262;84;799;799;10.94;0.67;111.19;4.64;537;3;237.00;0
264;3;629060975;264;88;800;800;11.09;0.68;111.61;4.63;536;3;238.00;0
264;3;629060983;264;86;800;800;11.19;0.68;111.61;4.63;536;3;239.00;0
265;3;629060992;265;95;824;826;11.14;0.68;111.28;4.50;559;3;240.00;2
270;3;629061002;270;92;824;826;11.17;0.68;111.94;4.50;554;3;241.00;2
272;3;629061011;272;90;825;826;11.28;0.69;112.37;4.49;553;3;242.00;1
273;3;629061018;273;90;827;827;11.47;0.70;112.81;4.49;554;3;243.00;0
277;3;629061026;277;93;827;827;11.55;0.70;113.73;4.49;550;3;244.00;0
279;3;629061033;279;95;830;831;11.67;0.71;113.89;4.47;551;3;245.00;1
282;3;629061041;282;96;830;831;11.81;0.72;114.76;4.47;548;3;246.00;1
286;4;629061049;286;97;835;835;11.82;0.72;115.70;4.46;549;4;247.00;0
290;4;629061069;290;100;835;835;11.84;0.72;116.58;4.46;545;4;248.00;0
291;4;629061076;291;104;835;835;11.89;0.72;116.78;4.46;544;4;249.00;0
291;4;629061085;291;101;835;835;11.91;0.72;116.78;4.46;544;4;250.00;0
294;4;629061099;294;100;835;835;11.99;0.73;117.46;4.46;541;4;251.00;0
299;4;629061107;299;102;846;847;12.05;0.73;118.17;4.40;547;4;252.00;1
299;4;629061117;299;102;846;847;12.15;0.74;118.17;4.40;547;4;253.00;1
299;4;629061124;299;103;847;847;12.24;0.74;118.17;4.39;548;4;254.00;0
300;4;629061132;300;102;847;847;12.28;0.75;118.15;4.39;547;4;255.00;0
301;5;629061139;301;105;847;847;12.30;0.75;118.13;4.39;546;5;256.00;0
303;5;629061159;303;105;847;847;12.36;0.75;118.42;4.39;544;5;257.00;0
306;5;629061167;306;107;848;848;12.35;0.75;118.30;4.39;542;5;258.00;0
306;5;629061174;306;110;848;848;12.35;0.75;118.30;4.39;542;5;259.00;0
307;5;629061181;307;111;853;854;12.42;0.76;118.13;4.37;546;5;260.00;1
309;5;629061189;309;113;854;855;12.47;0.76;118.59;4.37;545;5;261.00;1
313;5;629061196;313;112;855;855;12.47;0.76;119.19;4.36;542;5;262.00;0
314;5;629061210;314;111;855;855;12.60;0.76;119.19;4.36;541;5;263.00;0
316;5;629061217;316;115;859;859;12.67;0.77;119.66;4.34;543;5;264.00;0
316;5;629061225;316;116;859;859;12.75;0.77;119.66;4.34;543;5;265.00;0
318;5;629061232;318;117;859;859;12.74;0.77;119.94;4.34;541;5;266.00;0
321;5;629061240;321;118;860;860;12.73;0.77;120.87;4.34;539;5;267.00;0
324;5;629061248;324;122;864;864;12.58;0.76;120.72;4.32;540;5;268.00;0
326;5;629061256;326;119;864;864;12.66;0.77;121.18;4.32;538;5;269.00;0
328;5;629061265;328;115;867;870;12.63;0.76;121.08;4.31;539;5;270.00;3
332;5;629061274;332;112;867;870;12.73;0.77;121.87;4.31;535;5;271.00;3
335;5;629061283;335;106;868;870;12.77;0.77;122.76;4.31;533;5;272.00;2
336;5;629061291;336;103;868;870;12.77;0.77;122.78;4.31;532;5;273.00;2
338;5;629061298;338;100;871;874;12.80;0.77;122.72;4.30;533;5;274.00;3
339;5;629061306;339;98;871;874;12.75;0.77;122.74;4.30;532;5;275.00;3
342;5;629061314;342;89;872;874;12.77;0.77;123.04;4.30;530;5;276.00;2
345;5;629061322;345;82;872;874;12.80;0.78;124.23;4.30;527;5;277.00;2
349;5;629061330;349;80;874;875;12.85;0.78;124.63;4.30;525;5;278.00;1
349;5;629061337;349;75;875;876;12.91;0.78;124.63;4.29;526;5;279.00;1
354;5;629061345;354;74;876;876;12.95;0.79;125.17;4.30;522;5;280.00;0
357;5;629061353;357;71;877;877;13.03;0.79;125.27;4.29;520;5;281.00;0
359;5;629061361;359;74;877;877;13.12;0.80;125.26;4.29;518;5;282.00;0
359;5;629061369;359;71;877;877;13.20;0.80;125.26;4.29;518;5;283.00;0
361;5;629061376;361;70;877;877;13.23;0.80;125.11;4.29;516;5;284.00;0
364;5;629061384;364;74;877;877;13.31;0.81;125.23;4.29;513;5;285.00;0
364;5;629061393;364;74;877;877;13.34;0.81;125.23;4.29;513;5;286.00;0
366;5;629061401;366;76;877;877;13.34;0.81;125.66;4.29;511;5;287.00;0
368;5;629061408;368;98;946;1004;12.71;0.79;126.10;3.98;578;5;288.00;58
369;5;629061427;369;89;949;1005;12.73;0.79;126.40;3.97;580;5;289.00;56
370;5;629061435;370;84;956;1005;12.71;0.78;126.59;3.96;586;5;290.00;49
373;5;629061450;373;88;958;1005;12.64;0.78;127.22;3.96;585;5;291.00;47
375;5;629061459;375;93;963;1005;12.60;0.78;127.93;3.96;588;5;292.00;42
376;5;629061468;376;92;966;1005;12.54;0.77;127.73;3.96;590;5;293.00;39
377;5;629061476;377;93;969;1005;12.61;0.78;127.82;3.97;592;5;294.00;36
379;5;629061485;379;94;972;1005;12.61;0.78;127.81;3.98;593;5;295.00;33
384;5;629061494;384;95;975;1006;12.68;0.78;127.00;3.99;591;5;296.00;31
385;5;629061503;385;97;979;1007;12.71;0.78;127.06;4.01;594;5;297.00;28
386;5;629061511;386;102;982;1007;12.68;0.78;126.89;4.03;596;5;298.00;25
388;5;629061520;388;102;985;1008;12.57;0.77;127.41;4.05;597;5;299.00;23
388;5;629061531;388;107;988;1014;12.42;0.77;127.41;4.07;600;5;300.00;26
391;5;629061544;391;112;992;1014;12.26;0.76;127.94;4.11;601;5;301.00;22
391;5;629061553;391;120;996;1014;12.21;0.75;127.94;4.15;605;5;302.00;18
392;5;629061562;392;130;1001;1018;12.10;0.75;128.11;4.18;609;5;303.00;17
395;5;629061571;395;137;1004;1018;11.99;0.74;128.47;4.20;609;5;304.00;14
398;5;629061580;398;146;1006;1018;11.85;0.73;129.26;4.21;608;5;305.00;12
399;5;629061589;399;151;1010;1021;11.78;0.73;129.34;4.22;611;5;306.00;11
405;5;629061604;405;164;1010;1021;11.60;0.71;129.77;4.22;605;5;307.00;11
406;5;629061613;406;168;1012;1021;11.43;0.70;129.71;4.22;606;5;308.00;9
408;5;629061622;408;169;1015;1025;11.27;0.69;130.06;4.21;607;5;309.00;10
408;5;629061631;408;174;1016;1026;11.12;0.68;130.06;4.21;608;5;310.00;10
409;5;629061639;409;183;1016;1026;10.97;0.68;130.26;4.21;607;5;311.00;10
412;5;629061648;412;191;1019;1030;10.84;0.67;130.54;4.20;607;5;312.00;11
415;5;629061656;415;190;1021;1030;10.66;0.66;131.26;4.20;606;5;313.00;9
421;5;629061665;421;198;1022;1030;10.42;0.64;132.09;4.21;601;5;314.00;8
421;5;629061674;421;195;1024;1032;10.21;0.63;132.09;4.21;603;5;315.00;8
423;5;629061687;423;201;1024;1032;10.09;0.62;132.32;4.21;601;5;316.00;8
426;5;629061695;426;206;1028;1038;9.92;0.61;132.78;4.19;602;5;317.00;10
430;5;629061703;430;209;1028;1038;9.67;0.60;133.07;4.19;598;5;318.00;10
432;5;629061711;432;215;1031;1039;9.51;0.59;133.16;4.23;599;5;319.00;8
433;5;629061719;433;215;1031;1039;9.38;0.58;133.18;4.23;598;5;320.00;8
433;5;629061726;433;216;1032;1039;9.30;0.57;133.18;4.24;599;5;321.00;7
437;5;629061734;437;221;1034;1039;9.22;0.57;134.15;4.27;597;5;322.00;5
442;5;629061747;442;219;1037;1039;9.11;0.56;134.80;4.31;595;5;323.00;2
444;5;629061754;444;222;1049;1051;9.05;0.56;134.96;4.27;605;5;324.00;2
447;5;629061770;447;224;1051;1051;8.95;0.55;135.13;4.30;604;5;325.00;0
448;5;629061778;448;220;1051;1051;8.97;0.55;135.17;4.30;603;5;326.00;0
450;5;629061785;450;219;1051;1051;9.03;0.56;135.70;4.30;601;5;327.00;0
453;5;629061799;453;221;1051;1051;9.05;0.56;135.62;4.30;598;5;328.00;0
457;5;629061807;457;223;1051;1051;9.08;0.56;135.84;4.30;594;5;329.00;0
458;5;629061816;458;228;1055;1055;9.06;0.56;135.93;4.29;597;5;330.00;0
460;5;629061824;460;229;1055;1055;9.00;0.55;136.03;4.29;595;5;331.00;0
462;5;629061831;462;232;1058;1059;8.97;0.55;136.52;4.28;596;5;332.00;1
467;5;629061839;467;237;1060;1060;8.80;0.54;137.66;4.27;593;5;333.00;0
469;5;629061846;469;236;1060;1060;8.70;0.53;138.03;4.27;591;5;334.00;0
473;5;629061853;473;236;1060;1060;8.55;0.52;138.72;4.27;587;5;335.00;0
477;5;629061860;477;240;1073;1073;8.37;0.51;139.01;4.22;596;5;336.00;0
480;5;629061868;480;240;1073;1073;8.19;0.50;139.61;4.22;593;5;337.00;0
483;5;629061875;483;243;1073;1073;7.91;0.49;140.38;4.22;590;5;338.00;0
489;5;629061883;489;248;1074;1074;7.56;0.46;141.52;4.22;585;5;339.00;0
490;5;629061890;490;241;1075;1075;7.31;0.45;141.93;4.21;585;5;340.00;0
494;5;629061897;494;233;1075;1075;7.19;0.44;141.98;4.21;581;5;341.00;0
497;5;629061903;497;235;1077;1078;7.21;0.45;142.45;4.21;580;5;342.00;1
502;5;629061909;502;237;1077;1078;7.20;0.45;142.72;4.21;575;5;343.00;1
506;5;629061915;506;236;1078;1078;7.19;0.45;143.29;4.20;572;5;344.00;0
508;5;629061923;508;240;1078;1078;7.21;0.45;143.51;4.20;570;5;345.00;0
512;5;629061929;512;236;1083;1084;7.31;0.45;143.62;4.19;571;5;346.00;1
516;5;629061935;516;229;1083;1084;7.24;0.45;144.49;4.19;567;5;347.00;1
518;5;629061941;518;228;1084;1084;7.25;0.45;144.90;4.19;566;5;348.00;0
521;5;629061948;521;229;1084;1084;7.27;0.45;145.29;4.19;563;5;349.00;0
526;5;629061953;526;230;1088;1088;7.25;0.44;145.67;4.18;562;5;350.00;0
529;5;629061960;529;230;1089;1089;7.22;0.44;145.86;4.17;560;5;351.00;0
533;5;629061966;533;231;1089;1089;7.18;0.44;146.10;4.17;556;5;352.00;0
536;5;629061973;536;233;1090;1090;7.20;0.44;146.00;4.17;554;5;353.00;0
541;5;629061985;541;233;1090;1090;7.18;0.44;145.22;4.17;549;5;354.00;0
542;5;629061991;542;238;1090;1090;7.17;0.44;145.25;4.17;548;5;355.00;0
546;5;629061997;546;239;1090;1090;7.14;0.44;145.21;4.17;544;5;356.00;0
548;5;629062003;548;240;1090;1090;7.14;0.44;145.33;4.17;542;5;357.00;0
550;5;629062009;550;239;1090;1090;7.08;0.43;145.42;4.17;540;5;358.00;0
551;5;629062016;551;240;1090;1090;7.04;0.43;145.28;4.17;539;5;359.00;0
553;5;629062023;553;254;1159;1215;7.39;0.46;145.24;3.92;606;5;360.00;56
554;5;629062039;554;257;1166;1216;7.45;0.46;145.20;3.90;612;5;361.00;50
555;5;629062047;555;252;1176;1216;7.59;0.47;145.14;3.89;621;5;362.00;40
555;5;629062054;555;244;1182;1216;7.60;0.47;145.14;3.88;627;5;363.00;34
557;5;629062067;557;241;1188;1216;7.64;0.47;145.06;3.88;631;5;364.00;28
559;5;629062079;559;246;1189;1216;7.61;0.47;145.53;3.88;630;5;365.00;27
559;5;629062088;559;246;1194;1216;7.62;0.47;145.53;3.89;635;5;366.00;22
561;5;629062095;561;246;1196;1216;7.64;0.47;145.29;3.90;635;5;367.00;20
561;5;629062102;561;250;1201;1217;7.61;0.47;145.29;3.92;640;5;368.00;16
563;5;629062110;563;255;1207;1218;7.55;0.47;144.95;3.93;644;5;369.00;11
565;5;629062118;565;262;1209;1218;7.47;0.46;145.31;3.94;644;5;370.00;9
566;5;629062125;566;259;1215;1222;7.42;0.46;145.32;3.94;649;5;371.00;7
568;5;629062134;568;253;1215;1222;7.35;0.45;145.23;3.94;647;5;372.00;7
571;5;629062142;571;248;1217;1222;7.34;0.45;145.21;3.95;646;5;373.00;5
571;5;629062151;571;245;1217;1222;7.53;0.46;145.21;3.95;646;5;374.00;5
576;5;629062159;576;238;1222;1228;7.64;0.47;145.39;3.95;646;5;375.00;6
576;5;629062168;576;233;1223;1228;7.72;0.47;145.39;3.96;647;5;376.00;5
576;5;629062182;576;234;1224;1228;7.80;0.48;145.39;3.97;648;5;377.00;4
577;5;629062190;577;228;1227;1231;7.96;0.49;145.44;3.98;650;5;378.00;4
578;5;629062200;578;232;1227;1231;8.07;0.49;145.46;3.98;649;5;379.00;4
579;5;629062214;579;229;1228;1231;8.13;0.50;145.68;3.98;649;5;380.00;3
580;5;629062228;580;228;1231;1232;8.16;0.50;145.74;4.00;651;5;381.00;1
581;5;629062237;581;226;1232;1233;8.31;0.51;145.53;3.99;651;5;382.00;1
582;5;629062245;582;225;1233;1233;8.41;0.51;145.32;3.99;651;5;383.00;0
582;5;629062255;582;223;1246;1246;8.55;0.52;145.32;3.95;664;5;384.00;0
582;5;629062264;582;220;1246;1246;8.63;0.53;145.32;3.95;664;5;385.00;0
585;5;629062273;585;220;1246;1246;8.70;0.53;144.74;3.95;661;5;386.00;0
587;5;629062282;587;211;1247;1247;8.79;0.53;144.93;3.95;660;5;387.00;0
589;5;629062292;589;199;1247;1247;8.89;0.54;144.84;3.95;658;5;388.00;0
591;5;629062306;591;197;1250;1251;9.02;0.55;144.75;3.94;659;5;389.00;1
592;5;629062318;592;190;1250;1251;9.11;0.55;144.80;3.94;658;5;390.00;1
594;5;629062327;594;193;1255;1255;9.22;0.56;145.19;3.93;661;5;391.00;0
596;5;629062337;596;183;1255;1255;9.36;0.57;145.26;3.93;659;5;392.00;0
599;5;629062346;599;182;1255;1255;9.52;0.58;145.18;3.93;656;5;393.00;0
599;5;629062357;599;175;1255;1255;9.63;0.58;145.18;3.93;656;5;394.00;0
600;5;629062366;600;168;1255;1255;9.76;0.59;145.58;3.93;655;5;395.00;0
604;5;629062375;604;156;1265;1267;9.85;0.60;145.93;3.90;661;5;396.00;2
605;5;629062386;605;148;1266;1267;10.01;0.61;146.05;3.90;661;5;397.00;1
608;5;629062396;608;128;1267;1267;10.23;0.62;146.07;3.90;659;5;398.00;0
609;5;629062406;609;116;1267;1267;10.49;0.64;146.39;3.90;658;5;399.00;0
613;5;629062417;613;103;1267;1267;10.66;0.65;146.81;3.90;654;5;400.00;0
616;5;629062432;616;102;1267;1267;10.88;0.66;147.25;3.90;651;5;401.00;0
618;5;629062442;618;100;1268;1268;11.10;0.67;147.31;3.89;650;5;402.00;0
620;5;629062452;620;97;1268;1268;11.31;0.69;147.67;3.89;648;5;403.00;0
623;5;629062474;623;97;1273;1274;11.46;0.70;148.28;3.88;650;5;404.00;1
624;5;629062492;624;97;1276;1276;11.65;0.71;148.65;3.88;652;5;405.00;0
627;5;629062507;627;96;1276;1276;11.77;0.72;149.39;3.88;649;5;406.00;0
627;5;629062528;627;93;1276;1276;11.81;0.72;149.39;3.88;649;5;407.00;0
631;6;629062539;631;99;1280;1280;11.87;0.72;149.89;3.86;649;6;408.00;0
633;6;629062564;633;96;1280;1280;11.93;0.73;150.31;3.86;647;6;409.00;0
635;6;629062577;635;100;1280;1280;12.03;0.73;150.84;3.86;645;6;410.00;0
640;6;629062592;640;101;1281;1281;12.12;0.74;151.71;3.86;641;6;411.00;0
644;6;629062603;644;101;1285;1285;12.09;0.74;152.50;3.85;641;6;412.00;0
647;6;629062614;647;104;1285;1285;12.12;0.74;153.25;3.85;638;6;413.00;0
648;6;629062624;648;106;1287;1288;12.20;0.74;153.21;3.85;639;6;414.00;1
652;6;629062637;652;111;1287;1288;12.20;0.74;153.84;3.85;635;6;415.00;1
653;6;629062648;653;110;1288;1288;12.24;0.74;154.02;3.84;635;6;416.00;0
655;6;629062658;655;102;1288;1288;12.32;0.75;154.69;3.84;633;6;417.00;0
660;6;629062669;660;99;1291;1292;12.38;0.75;155.11;3.84;631;6;418.00;1
663;6;629062680;663;95;1291;1292;12.43;0.76;155.55;3.84;628;6;419.00;1
666;6;629062692;666;93;1292;1292;12.41;0.76;156.29;3.84;626;6;420.00;0
670;6;629062701;670;93;1292;1292;12.45;0.76;156.96;3.84;622;6;421.00;0
672;6;629062717;672;94;1293;1293;12.40;0.76;157.52;3.84;621;6;422.00;0
676;6;629062727;676;90;1294;1294;12.43;0.76;158.02;3.83;618;6;423.00;0
681;6;629062736;681;91;1294;1294;12.41;0.76;158.51;3.83;613;6;424.00;0
682;6;629062746;682;91;1295;1295;12.53;0.77;158.55;3.83;613;6;425.00;0
686;6;629062755;686;94;1295;1295;12.55;0.77;159.15;3.83;609;6;426.00;0
690;6;629062764;690;94;1295;1295;12.57;0.77;159.55;3.83;605;6;427.00;0
693;6;629062773;693;94;1295;1295;12.55;0.76;159.72;3.83;602;6;428.00;0
698;6;629062781;698;93;1295;1295;12.60;0.77;160.19;3.83;597;6;429.00;0
700;7;629062791;700;97;1295;1295;12.61;0.77;160.46;3.83;595;7;430.00;0
704;7;629062812;704;97;1295;1295;12.67;0.77;161.38;3.83;591;7;431.00;0
709;7;629062825;709;134;1375;1422;11.78;0.73;161.29;3.61;666;7;432.00;47
710;7;629062845;710;118;1376;1423;11.81;0.73;161.39;3.61;666;7;433.00;47
716;7;629062855;716;101;1381;1423;11.90;0.73;161.80;3.60;665;7;434.00;42
721;7;629062870;721;102;1385;1423;12.04;0.74;161.64;3.60;664;7;435.00;38
722;7;629062879;722;101;1390;1423;12.20;0.75;161.98;3.60;668;7;436.00;33
727;7;629062888;727;105;1394;1423;12.24;0.75;162.45;3.61;667;7;437.00;29
730;7;629062898;730;103;1399;1423;12.28;0.75;163.04;3.61;669;7;438.00;24
731;7;629062907;731;108;1402;1423;12.38;0.76;163.02;3.62;671;7;439.00;21
733;7;629062915;733;113;1406;1424;12.44;0.76;163.07;3.63;673;7;440.00;18
736;7;629062930;736;114;1408;1425;12.44;0.76;163.73;3.64;672;7;441.00;17
739;7;629062940;739;111;1410;1425;12.51;0.77;163.49;3.65;671;7;442.00;15
744;7;629062949;744;112;1411;1426;12.50;0.77;163.53;3.65;667;7;443.00;15
747;7;629062959;747;110;1414;1426;12.50;0.76;163.96;3.67;667;7;444.00;12
751;7;629062968;751;111;1416;1426;12.39;0.76;164.00;3.67;665;7;445.00;10
754;7;629062978;754;110;1419;1426;12.43;0.76;164.12;3.70;665;7;446.00;7
755;7;629062988;755;109;1420;1430;12.37;0.75;164.11;3.69;665;7;447.00;10
756;7;629062998;756;107;1421;1430;12.28;0.75;164.20;3.70;665;7;448.00;9
760;7;629063008;760;112;1423;1430;12.25;0.75;164.52;3.72;663;7;449.00;7
764;7;629063019;764;115;1426;1436;12.24;0.74;165.04;3.71;662;7;450.00;10
765;7;629063035;765;112;1427;1436;12.24;0.74;164.94;3.71;662;7;451.00;9
768;7;629063045;768;114;1428;1436;12.32;0.75;165.21;3.71;660;7;452.00;8
770;7;629063054;770;116;1431;1440;12.25;0.74;165.40;3.70;661;7;453.00;9
774;7;629063064;774;118;1433;1441;12.31;0.75;165.17;3.70;659;7;454.00;8
778;7;629063074;778;119;1433;1441;12.26;0.74;165.26;3.70;655;7;455.00;8
780;7;629063084;780;118;1436;1445;12.23;0.74;165.13;3.70;656;7;456.00;9
783;7;629063095;783;121;1438;1445;12.20;0.74;165.22;3.72;655;7;457.00;7
784;7;629063104;784;123;1438;1445;12.21;0.74;165.22;3.72;654;7;458.00;7
784;7;629063113;784;129;1439;1446;12.22;0.74;165.22;3.71;655;7;459.00;7
785;7;629063123;785;133;1440;1446;12.14;0.74;165.37;3.73;655;7;460.00;6
787;7;629063151;787;135;1445;1452;12.03;0.73;165.78;3.73;658;7;461.00;7
790;8;629063162;790;138;1447;1452;11.89;0.72;165.59;3.75;657;8;462.00;5
790;8;629063181;790;140;1447;1453;11.76;0.72;165.59;3.75;657;8;463.00;6
792;8;629063191;792;142;1447;1453;11.56;0.70;165.35;3.75;655;8;464.00;6
795;8;629063199;795;140;1448;1453;11.48;0.70;165.10;3.77;653;8;465.00;5
798;8;629063208;798;147;1448;1453;11.41;0.69;165.33;3.77;650;8;466.00;5
798;8;629063224;798;146;1448;1453;11.42;0.70;165.33;3.77;650;8;467.00;5
800;8;629063233;800;151;1459;1465;11.47;0.70;165.38;3.75;659;8;468.00;6
802;8;629063243;802;152;1460;1465;11.52;0.70;165.33;3.75;658;8;469.00;5
804;8;629063252;804;154;1461;1465;11.47;0.70;165.27;3.75;657;8;470.00;4
805;8;629063261;805;162;1462;1465;11.43;0.70;165.20;3.76;657;8;471.00;3
807;8;629063270;807;165;1462;1465;11.38;0.69;165.07;3.76;655;8;472.00;3
811;8;629063279;811;169;1463;1465;11.34;0.69;165.64;3.77;652;8;473.00;2
815;8;629063289;815;175;1467;1469;11.20;0.68;166.10;3.77;652;8;474.00;2
817;9;629063298;817;176;1468;1469;11.05;0.67;166.15;3.77;651;9;475.00;1
820;9;629063322;820;182;1472;1473;10.97;0.67;166.37;3.77;652;9;476.00;1
822;9;629063337;822;189;1474;1474;10.84;0.66;166.41;3.76;652;9;477.00;0
823;9;629063346;823;192;1474;1474;10.68;0.65;166.44;3.76;651;9;478.00;0
824;9;629063355;824;196;1474;1474;10.54;0.64;166.25;3.76;650;9;479.00;0
826;9;629063364;826;205;1494;1500;10.34;0.63;166.22;3.71;668;9;480.00;6
827;9;629063375;827;204;1495;1500;10.18;0.62;166.16;3.71;668;9;481.00;5
829;9;629063383;829;209;1498;1500;10.06;0.62;166.37;3.71;669;9;482.00;2
831;9;629063392;831;219;1500;1501;9.91;0.61;166.36;3.70;669;9;483.00;1
831;9;629063401;831;228;1502;1502;9.80;0.60;166.36;3.70;671;9;484.00;0
831;9;629063409;831;232;1502;1502;9.64;0.59;166.36;3.70;671;9;485.00;0
834;9;629063417;834;240;1504;1505;9.48;0.58;166.32;3.70;670;9;486.00;1
838;9;629063432;838;248;1504;1505;9.28;0.57;166.52;3.70;666;9;487.00;1
841;9;629063440;841;252;1505;1505;9.13;0.56;166.51;3.70;664;9;488.00;0
843;9;629063449;843;254;1505;1505;8.98;0.55;166.50;3.70;662;9;489.00;0
845;9;629063460;845;251;1510;1511;8.99;0.55;166.38;3.69;665;9;490.00;1
846;9;629063470;846;251;1510;1511;8.85;0.54;166.31;3.69;664;9;491.00;1
850;9;629063478;850;252;1511;1511;8.72;0.54;165.97;3.69;661;9;492.00;0
851;9;629063486;851;255;1511;1511;8.60;0.53;165.92;3.69;660;9;493.00;0
853;9;629063493;853;261;1515;1515;8.44;0.52;165.71;3.68;662;9;494.00;0
856;9;629063502;856;257;1517;1517;8.27;0.51;165.49;3.68;661;9;495.00;0
858;9;629063510;858;261;1517;1517;8.14;0.50;165.23;3.68;659;9;496.00;0
860;9;629063518;860;266;1518;1518;8.12;0.50;165.08;3.67;658;9;497.00;0
863;9;629063526;863;265;1518;1518;8.07;0.50;164.95;3.67;655;9;498.00;0
864;9;629063534;864;267;1518;1518;8.04;0.50;164.97;3.67;654;9;499.00;0
867;9;629063542;867;270;1518;1518;7.95;0.49;164.84;3.67;651;9;500.00;0
869;9;629063553;869;273;1518;1518;7.83;0.48;164.67;3.67;649;9;501.00;0
872;9;629063561;872;276;1518;1518;7.73;0.48;164.65;3.67;646;9;502.00;0
875;9;629063568;875;282;1518;1518;7.60;0.47;165.02;3.67;643;9;503.00;0
877;9;629063575;877;287;1555;1588;7.78;0.48;165.10;3.59;678;9;504.00;33
881;9;629063595;881;289;1556;1589;7.62;0.47;165.86;3.58;675;9;505.00;33
886;9;629063603;886;284;1567;1589;7.63;0.47;166.34;3.57;681;9;506.00;22
894;9;629063611;894;285;1573;1589;7.48;0.46;166.76;3.57;679;9;507.00;16
898;9;629063618;898;287;1581;1589;7.31;0.45;167.58;3.57;683;9;508.00;8
901;9;629063625;901;288;1584;1589;7.14;0.44;167.29;3.58;683;9;509.00;5
905;9;629063634;905;282;1587;1589;6.99;0.43;168.27;3.58;682;9;510.00;2
905;9;629063641;905;278;1587;1589;6.97;0.43;168.27;3.58;682;9;511.00;2
909;9;629063648;909;271;1589;1590;6.94;0.42;168.93;3.58;680;9;512.00;1
911;9;629063655;911;276;1591;1591;6.91;0.42;169.49;3.58;680;9;513.00;0
913;9;629063662;913;275;1591;1591;6.95;0.43;169.36;3.58;678;9;514.00;0
917;9;629063670;917;280;1595;1595;6.94;0.43;169.95;3.58;678;9;515.00;0
919;9;629063678;919;284;1595;1595;6.99;0.43;170.09;3.58;676;9;516.00;0
921;9;629063686;921;274;1595;1595;7.05;0.43;170.56;3.58;674;9;517.00;0
925;9;629063693;925;269;1595;1595;7.12;0.44;170.32;3.58;670;9;518.00;0
929;9;629063701;929;264;1600;1601;7.28;0.45;171.02;3.57;671;9;519.00;1
931;9;629063709;931;264;1601;1601;7.37;0.45;171.46;3.57;670;9;520.00;0
933;9;629063717;933;269;1601;1601;7.37;0.45;171.69;3.57;668;9;521.00;0
934;9;629063724;934;270;1604;1604;7.39;0.45;171.90;3.56;670;9;522.00;0
937;9;629063732;937;251;1604;1604;7.40;0.45;172.26;3.56;667;9;523.00;0
941;9;629063740;941;239;1604;1604;7.46;0.46;172.68;3.56;663;9;524.00;0
945;9;629063748;945;229;1605;1605;7.49;0.46;172.48;3.56;660;9;525.00;0
948;9;629063756;948;224;1606;1606;7.56;0.46;172.77;3.56;658;9;526.00;0
952;9;629063764;952;220;1606;1606;7.68;0.47;172.99;3.56;654;9;527.00;0
957;9;629063773;957;216;1619;1619;7.81;0.48;172.94;3.53;662;9;528.00;0
961;9;629063782;961;208;1619;1619;7.89;0.48;173.47;3.53;658;9;529.00;0
964;9;629063796;964;207;1619;1619;7.99;0.49;173.49;3.53;655;9;530.00;0
968;9;629063804;968;199;1620;1620;8.07;0.49;173.68;3.53;652;9;531.00;0
975;9;629063813;975;198;1620;1620;8.12;0.50;173.90;3.53;645;9;532.00;0
977;9;629063822;977;191;1623;1624;8.22;0.50;173.88;3.52;646;9;533.00;1
984;9;629063832;984;190;1623;1624;8.23;0.50;173.73;3.52;639;9;534.00;1
986;9;629063842;986;189;1628;1628;8.37;0.51;173.80;3.52;642;9;535.00;0
989;9;629063851;989;189;1628;1628;8.39;0.51;173.67;3.52;639;9;536.00;0
992;9;629063865;992;188;1628;1628;8.39;0.51;173.66;3.52;636;9;537.00;0
995;9;629063874;995;184;1628;1628;8.46;0.52;173.75;3.52;633;9;538.00;0
995;9;629063883;995;187;1628;1628;8.58;0.52;173.75;3.52;633;9;539.00;0
997;9;629063894;997;195;1657;1662;8.67;0.53;173.64;3.45;660;9;540.00;5
1001;9;629063905;1001;194;1658;1662;8.71;0.53;173.63;3.45;657;9;541.00;4
1003;9;629063915;1003;191;1659;1662;8.76;0.54;173.73;3.45;656;9;542.00;3
1005;9;629063924;1005;189;1659;1662;8.83;0.54;173.81;3.45;654;9;543.00;3
1007;9;629063933;1007;192;1660;1662;8.88;0.54;173.61;3.45;653;9;544.00;2
1008;9;629063942;1008;192;1660;1662;8.92;0.55;173.62;3.45;652;9;545.00;2
1010;9;629063951;1010;188;1662;1663;8.95;0.55;173.47;3.45;652;9;546.00;1
1012;9;629063960;1012;190;1662;1663;8.98;0.55;173.63;3.45;650;9;547.00;1
1013;9;629063970;1013;191;1667;1669;9.01;0.55;173.73;3.45;654;9;548.00;2
1015;9;629063984;1015;193;1668;1670;9.02;0.55;173.65;3.45;653;9;549.00;2
1020;9;629063994;1020;186;1669;1670;9.05;0.55;173.75;3.45;649;9;550.00;1
1022;9;629064003;1022;193;1669;1670;9.09;0.55;174.00;3.45;647;9;551.00;1
1026;9;629064011;1026;193;1674;1674;9.17;0.56;174.47;3.44;648;9;552.00;0
1029;9;629064021;1029;197;1674;1674;9.21;0.56;174.85;3.44;645;9;553.00;0
1031;9;629064030;1031;200;1674;1674;9.21;0.56;175.12;3.44;643;9;554.00;0
1032;9;629064039;1032;204;1675;1675;9.21;0.56;175.14;3.44;643;9;555.00;0
1036;9;629064048;1036;207;1679;1679;9.24;0.56;175.95;3.43;643;9;556.00;0
1037;9;629064057;1037;198;1679;1679;9.32;0.57;175.85;3.43;642;9;557.00;0
1039;9;629064066;1039;192;1681;1682;9.41;0.57;176.36;3.43;642;9;558.00;1
1045;9;629064076;1045;188;1681;1682;9.46;0.57;176.73;3.43;636;9;559.00;1
1047;9;629064087;1047;184;1682;1682;9.63;0.58;176.67;3.43;635;9;560.00;0
1051;9;629064096;1051;184;1682;1682;9.81;0.59;176.80;3.43;631;9;561.00;0
1052;9;629064106;1052;179;1685;1686;10.00;0.61;177.02;3.42;633;9;562.00;1
1053;9;629064116;1053;181;1685;1686;10.11;0.61;177.27;3.42;632;9;563.00;1
1058;9;629064126;1058;178;1686;1686;10.27;0.62;177.88;3.42;628;9;564.00;0
1059;9;629064136;1059;174;1686;1686;10.37;0.63;178.05;3.42;627;9;565.00;0
1061;9;629064145;1061;157;1687;1687;10.48;0.64;178.33;3.42;626;9;566.00;0
1063;9;629064155;1063;139;1688;1688;10.64;0.65;178.57;3.42;625;9;567.00;0
1063;9;629064166;1063;125;1688;1688;10.79;0.65;178.57;3.42;625;9;568.00;0
1067;9;629064176;1067;112;1689;1689;10.97;0.67;179.07;3.42;622;9;569.00;0
1070;9;629064193;1070;102;1689;1689;11.15;0.68;179.48;3.42;619;9;570.00;0
1073;9;629064204;1073;100;1689;1689;11.33;0.69;179.60;3.42;616;9;571.00;0
1077;9;629064214;1077;92;1689;1689;11.53;0.70;179.79;3.42;612;9;572.00;0
1081;9;629064225;1081;90;1689;1689;11.72;0.71;180.03;3.42;608;9;573.00;0
1082;9;629064236;1082;84;1689;1689;11.86;0.72;179.95;3.42;607;9;574.00;0
1084;9;629064246;1084;84;1689;1689;11.96;0.73;180.12;3.42;605;9;575.00;0
1087;9;629064256;1087;108;1771;1816;11.70;0.72;180.37;3.26;684;9;576.00;45
1089;9;629064277;1089;94;1774;1817;11.85;0.73;180.54;3.26;685;9;577.00;43
1095;9;629064288;1095;80;1781;1817;12.01;0.74;180.99;3.25;686;9;578.00;36
1098;9;629064299;1098;79;1783;1817;12.07;0.74;181.51;3.25;685;9;579.00;34
1101;9;629064316;1101;79;1786;1817;12.18;0.75;181.36;3.25;685;9;580.00;31
1104;9;629064327;1104;80;1788;1817;12.13;0.75;182.01;3.26;684;9;581.00;29
1108;9;629064343;1108;85;1792;1817;12.10;0.74;182.16;3.26;684;9;582.00;25
1111;9;629064354;1111;83;1794;1817;12.11;0.74;182.27;3.27;683;9;583.00;23
1113;10;629064370;1113;94;1797;1818;12.18;0.75;182.43;3.27;684;10;584.00;21
1115;10;629064392;1115;93;1800;1820;12.20;0.75;182.53;3.28;685;10;585.00;20
1118;10;629064402;1118;97;1803;1820;12.17;0.75;183.09;3.29;685;10;586.00;17
1121;10;629064413;1121;104;1806;1821;12.16;0.75;183.32;3.30;685;10;587.00;15
1126;10;629064423;1126;109;1809;1821;12.17;0.74;183.86;3.31;683;10;588.00;12
1131;10;629064434;1131;115;1812;1821;12.18;0.74;184.19;3.33;681;10;589.00;9
1131;10;629064445;1131;120;1815;1821;12.25;0.75;184.19;3.34;684;10;590.00;6
1134;10;629064455;1134;123;1818;1825;12.24;0.75;184.48;3.34;684;10;591.00;7
1137;10;629064472;1137;128;1820;1825;12.28;0.75;184.87;3.36;683;10;592.00;5
1139;10;629064486;1139;130;1821;1825;12.30;0.75;184.92;3.37;682;10;593.00;4
1143;10;629064504;1143;132;1824;1828;12.40;0.76;184.60;3.37;681;10;594.00;4
1146;10;629064518;1146;130;1825;1828;12.47;0.76;184.86;3.37;679;10;595.00;3
1150;10;629064531;1150;134;1826;1828;12.44;0.76;185.32;3.37;676;10;596.00;2
1151;10;629064554;1151;134;1830;1832;12.41;0.76;185.36;3.36;679;10;597.00;2
1158;10;629064566;1158;134;1832;1833;12.44;0.76;185.89;3.36;674;10;598.00;1
1160;10;629064578;1160;134;1832;1833;12.40;0.75;185.88;3.36;672;10;599.00;1
1162;10;629064592;1162;142;1844;1859;12.25;0.75;186.15;3.34;682;10;600.00;15
1168;10;629064611;1168;139;1845;1859;12.29;0.75;186.21;3.34;677;10;601.00;14
1171;10;629064621;1171;137;1845;1859;12.31;0.75;186.42;3.34;674;10;602.00;14
1174;10;629064631;1174;137;1846;1860;12.32;0.75;186.35;3.34;672;10;603.00;14
1178;10;629064641;1178;139;1847;1860;12.30;0.75;186.28;3.34;669;10;604.00;13
1181;10;629064651;1181;137;1852;1866;12.26;0.75;186.44;3.33;671;10;605.00;14
1186;10;629064668;1186;135;1853;1866;12.27;0.74;186.43;3.33;667;10;606.00;13
1188;10;629064678;1188;136;1855;1867;12.31;0.75;186.27;3.33;667;10;607.00;12
1193;10;629064688;1193;135;1857;1867;12.40;0.75;186.46;3.34;664;10;608.00;10
1197;10;629064697;1197;133;1857;1867;12.44;0.75;186.62;3.34;660;10;609.00;10
1201;10;629064706;1201;131;1857;1867;12.46;0.75;187.10;3.34;656;10;610.00;10
1205;10;629064715;1205;127;1857;1867;12.48;0.76;187.20;3.34;652;10;611.00;10
1207;10;629064725;1207;127;1867;1879;12.46;0.75;187.18;3.32;660;10;612.00;12
1208;10;629064735;1208;123;1869;1879;12.50;0.76;187.17;3.33;661;10;613.00;10
1211;10;629064744;1211;117;1869;1879;12.59;0.76;187.12;3.33;658;10;614.00;10
1211;10;629064753;1211;115;1870;1879;12.68;0.77;187.12;3.33;659;10;615.00;9
1211;10;629064762;1211;114;1870;1879;12.75;0.77;187.12;3.33;659;10;616.00;9
1214;10;629064771;1214;104;1871;1879;12.84;0.78;187.11;3.34;657;10;617.00;8
1217;10;629064780;1217;95;1875;1883;12.81;0.78;187.47;3.33;658;10;618.00;8
1219;10;629064796;1219;92;1875;1883;12.83;0.78;187.60;3.33;656;10;619.00;8
1221;10;629064810;1221;90;1878;1887;12.88;0.78;187.60;3.33;657;10;620.00;9
1224;10;629064819;1224;86;1880;1888;12.88;0.78;187.80;3.32;656;10;621.00;8
1227;10;629064829;1227;82;1880;1888;12.89;0.78;187.88;3.32;653;10;622.00;8
1232;10;629064839;1232;87;1881;1888;12.85;0.77;187.77;3.33;649;10;623.00;7
1234;10;629064848;1234;88;1889;1901;12.71;0.77;187.92;3.32;655;10;624.00;12
1234;10;629064859;1234;91;1889;1901;12.75;0.77;187.92;3.32;655;10;625.00;12
1237;10;629064868;1237;95;1889;1901;12.74;0.77;187.98;3.32;652;10;626.00;12
1238;10;629064883;1238;102;1891;1902;12.79;0.77;188.14;3.34;653;10;627.00;11
1241;10;629064893;1241;104;1891;1903;12.76;0.77;188.59;3.34;650;10;628.00;12
1243;10;629064902;1243;108;1893;1903;12.75;0.77;188.71;3.37;650;10;629.00;10
1246;10;629064913;1246;111;1896;1909;12.72;0.77;188.73;3.36;650;10;630.00;13
1247;10;629064924;1247;113;1898;1909;12.56;0.76;188.72;3.36;651;10;631.00;11
1250;10;629064933;1250;123;1900;1909;12.42;0.75;188.61;3.37;650;10;632.00;9
1250;10;629064942;1250;123;1900;1909;12.32;0.75;188.61;3.37;650;10;633.00;9
1252;10;629064952;1252;126;1904;1915;12.19;0.74;188.46;3.37;652;10;634.00;11
1256;10;629064962;1256;130;1904;1915;12.17;0.74;188.40;3.37;648;10;635.00;11
1257;10;629064971;1257;134;1905;1915;12.13;0.74;188.47;3.37;648;10;636.00;10
1259;10;629064980;1259;138;1905;1915;12.04;0.73;188.40;3.37;646;10;637.00;10
1260;10;629064989;1260;147;1910;1919;11.93;0.73;188.63;3.39;650;10;638.00;9
1261;10;629065004;1261;154;1911;1920;11.85;0.72;188.75;3.38;650;10;639.00;9
1267;10;629065013;1267;162;1913;1920;11.70;0.71;188.82;3.40;646;10;640.00;7
1268;10;629065023;1268;167;1914;1921;11.59;0.71;188.76;3.40;646;10;641.00;7
1271;10;629065032;1271;172;1914;1921;11.45;0.70;188.59;3.40;643;10;642.00;7
1272;10;629065041;1272;178;1916;1921;11.32;0.69;188.61;3.41;644;10;643.00;5
1274;10;629065050;1274;186;1917;1921;11.12;0.68;188.57;3.43;643;10;644.00;4
1276;10;629065059;1276;190;1918;1921;10.91;0.66;188.72;3.43;642;10;645.00;3
1276;10;629065073;1276;199;1918;1921;10.66;0.65;188.72;3.43;642;10;646.00;3
1279;10;629065081;1279;205;1918;1921;10.43;0.64;188.55;3.43;639;10;647.00;3
1279;10;629065090;1279;222;1954;1991;10.38;0.64;188.55;3.37;675;10;648.00;37
1280;10;629065104;1280;220;1957;1992;10.18;0.62;188.53;3.36;677;10;649.00;35
1283;10;629065112;1283;223;1970;1992;10.07;0.62;188.26;3.39;687;10;650.00;22
1287;10;629065120;1287;232;1971;1992;9.88;0.60;188.11;3.39;684;10;651.00;21
1289;10;629065128;1289;240;1978;1992;9.80;0.60;188.07;3.40;689;10;652.00;14
1291;10;629065137;1291;240;1982;1992;9.69;0.59;187.97;3.41;691;10;653.00;10
1293;10;629065145;1293;246;1987;1992;9.61;0.59;187.80;3.41;694;10;654.00;5
1296;10;629065153;1296;246;1989;1992;9.45;0.58;187.57;3.42;693;10;655.00;3
1296;10;629065161;1296;254;1992;1993;9.30;0.57;187.57;3.42;696;10;656.00;1
1298;10;629065170;1298;261;1993;1994;9.10;0.56;187.40;3.42;695;10;657.00;1
1298;10;629065179;1298;268;1994;1994;8.88;0.54;187.40;3.42;696;10;658.00;0
1301;10;629065187;1301;267;1998;1998;8.70;0.53;187.14;3.42;697;10;659.00;0
1302;10;629065200;1302;266;1998;1998;8.54;0.52;187.00;3.42;696;10;660.00;0
1305;10;629065209;1305;267;1998;1998;8.43;0.52;186.93;3.42;693;10;661.00;0
1305;10;629065218;1305;272;1998;1998;8.29;0.51;186.93;3.42;693;10;662.00;0
1307;10;629065226;1307;274;2003;2004;8.25;0.51;187.02;3.41;696;10;663.00;1
1308;10;629065235;1308;277;2003;2004;8.13;0.50;187.16;3.41;695;10;664.00;1
1310;10;629065243;1310;283;2004;2004;8.06;0.49;187.06;3.41;694;10;665.00;0
1310;10;629065252;1310;282;2006;2007;8.08;0.49;187.06;3.41;696;10;666.00;1
1311;10;629065262;1311;286;2007;2007;8.00;0.49;187.15;3.41;696;10;667.00;0
1313;10;629065270;1313;291;2007;2007;7.94;0.49;187.05;3.41;694;10;668.00;0
1313;10;629065278;1313;291;2008;2008;7.85;0.48;187.05;3.41;695;10;669.00;0
1315;10;629065286;1315;296;2009;2009;7.79;0.48;186.95;3.41;694;10;670.00;0
1317;10;629065294;1317;294;2009;2009;7.69;0.47;186.91;3.41;692;10;671.00;0
1319;10;629065302;1319;302;2022;2022;7.60;0.47;186.74;3.38;703;10;672.00;0
1324;10;629065311;1324;306;2022;2022;7.46;0.46;186.97;3.38;698;10;673.00;0
1325;10;629065320;1325;306;2022;2022;7.37;0.45;187.12;3.38;697;10;674.00;0
1329;10;629065327;1329;293;2024;2024;7.28;0.45;187.31;3.38;695;10;675.00;0
1333;10;629065336;1333;284;2024;2024;7.18;0.44;187.73;3.38;691;10;676.00;0
1337;10;629065344;1337;272;2027;2028;7.15;0.44;187.89;3.38;690;10;677.00;1
1340;10;629065352;1340;272;2027;2028;7.05;0.43;187.84;3.38;687;10;678.00;1
1343;10;629065360;1343;266;2032;2032;6.99;0.43;187.87;3.37;689;10;679.00;0
1345;11;629065368;1345;250;2032;2032;6.99;0.43;187.78;3.37;687;11;680.00;0
1345;11;629065387;1345;240;2032;2032;7.01;0.43;187.78;3.37;687;11;681.00;0
1349;12;629065395;1349;228;2032;2032;7.07;0.43;188.08;3.37;683;12;682.00;0
1353;13;629065414;1353;213;2032;2032;7.17;0.44;188.38;3.37;679;13;683.00;0
1355;13;629065431;1355;210;2042;2044;7.34;0.45;188.52;3.36;687;13;684.00;2
1359;13;629065446;1359;209;2043;2044;7.46;0.46;188.68;3.35;684;13;685.00;1
1361;13;629065454;1361;208;2044;2044;7.64;0.47;188.63;3.35;683;13;686.00;0
1363;13;629065463;1363;195;2044;2044;7.83;0.48;188.97;3.35;681;13;687.00;0
1364;13;629065472;1364;190;2044;2044;8.02;0.49;189.21;3.35;680;13;688.00;0
1368;13;629065480;1368;186;2044;2044;8.18;0.50;189.62;3.35;676;13;689.00;0
1369;13;629065491;1369;181;2045;2045;8.34;0.51;189.78;3.35;676;13;690.00;0
1371;13;629065499;1371;177;2045;2045;8.55;0.53;190.04;3.35;674;13;691.00;0
1375;13;629065508;1375;173;2050;2051;8.70;0.53;190.29;3.35;675;13;692.00;1
1377;13;629065517;1377;174;2052;2052;8.84;0.54;190.54;3.34;675;13;693.00;0
1382;13;629065527;1382;172;2052;2052;8.91;0.55;190.33;3.34;670;13;694.00;0
1387;13;629065536;1387;165;2052;2052;8.92;0.55;190.62;3.34;665;13;695.00;0
1389;13;629065545;1389;164;2056;2056;9.06;0.56;190.81;3.34;667;13;696.00;0
1394;13;629065554;1394;167;2056;2056;9.11;0.56;190.87;3.34;662;13;697.00;0
1400;13;629065563;1400;159;2056;2056;9.17;0.56;191.05;3.34;656;13;698.00;0
1402;13;629065573;1402;154;2057;2057;9.29;0.57;191.22;3.34;655;13;699.00;0
1407;13;629065583;1407;150;2061;2061;9.36;0.57;191.01;3.33;654;13;700.00;0
1414;13;629065598;1414;146;2061;2061;9.37;0.57;191.27;3.33;647;13;701.00;0
1421;13;629065608;1421;143;2063;2064;9.42;0.58;191.44;3.33;642;13;702.00;1
1425;13;629065619;1425;143;2063;2064;9.42;0.58;191.62;3.33;638;13;703.00;1
1432;13;629065628;1432;143;2064;2064;9.45;0.58;191.72;3.33;632;13;704.00;0
1437;13;629065637;1437;142;2064;2064;9.53;0.58;191.75;3.33;627;13;705.00;0
1442;13;629065646;1442;140;2067;2068;9.57;0.58;192.08;3.32;625;13;706.00;1
1447;13;629065656;1447;139;2067;2068;9.58;0.59;192.22;3.32;620;13;707.00;1
1453;13;629065665;1453;136;2068;2068;9.62;0.59;192.46;3.32;615;13;708.00;0
1458;13;629065674;1458;134;2068;2068;9.62;0.59;192.59;3.32;610;13;709.00;0
1461;13;629065689;1461;134;2069;2069;9.61;0.59;192.69;3.32;608;13;710.00;0
1467;13;629065699;1467;131;2070;2070;9.59;0.59;193.08;3.32;603;13;711.00;0
1471;13;629065715;1471;135;2070;2070;9.57;0.58;193.38;3.32;599;13;712.00;0
1477;13;629065724;1477;133;2071;2071;9.66;0.59;193.35;3.32;594;13;713.00;0
1484;13;629065733;1484;131;2071;2071;9.72;0.59;193.87;3.32;587;13;714.00;0
1487;13;629065742;1487;131;2071;2071;9.79;0.60;194.11;3.32;584;13;715.00;0
1492;13;629065751;1492;131;2071;2071;9.85;0.60;194.54;3.32;579;13;716.00;0
1496;13;629065761;1496;130;2071;2071;9.97;0.60;194.84;3.32;575;13;717.00;0
1498;13;629065770;1498;135;2071;2071;10.09;0.61;194.96;3.32;573;13;718.00;0
1501;13;629065779;1501;133;2071;2071;10.21;0.62;194.99;3.32;570;13;719.00;0
1505;13;629065790;1505;165;2194;2301;10.12;0.63;195.14;3.14;689;13;720.00;107
1508;13;629065817;1508;158;2203;2302;10.23;0.64;195.23;3.13;695;13;721.00;99
1510;13;629065828;1510;146;2215;2302;10.35;0.65;195.58;3.12;705;13;722.00;87
1511;13;629065838;1511;146;2224;2302;10.39;0.65;195.68;3.12;713;13;723.00;78
1514;13;629065848;1514;145;2231;2302;10.31;0.64;195.61;3.12;717;13;724.00;71
1517;13;629065859;1517;153;2236;2302;10.23;0.64;195.93;3.13;719;13;725.00;66
1520;13;629065869;1520;152;2243;2302;10.13;0.63;196.16;3.14;723;13;726.00;59
1523;13;629065879;1523;146;2248;2302;10.05;0.62;196.12;3.15;725;13;727.00;54
1526;13;629065890;1526;142;2253;2303;10.05;0.62;196.35;3.16;727;13;728.00;50
1528;13;629065901;1528;143;2256;2304;10.07;0.62;196.25;3.16;728;13;729.00;48
1532;13;629065912;1532;145;2260;2304;10.04;0.62;196.72;3.17;728;13;730.00;44
1534;13;629065930;1534;152;2264;2305;10.03;0.62;196.86;3.18;730;13;731.00;41
1536;13;629065941;1536;155;2267;2305;9.98;0.62;196.89;3.19;731;13;732.00;38
1541;13;629065957;1541;159;2271;2305;9.97;0.62;197.18;3.21;730;13;733.00;34
1542;13;629065969;1542;167;2273;2305;9.98;0.62;197.30;3.22;731;13;734.00;32
1545;14;629065980;1545;169;2276;2309;9.96;0.61;197.44;3.22;731;14;735.00;33
1547;14;629065998;1547;164;2278;2309;9.92;0.61;197.67;3.23;731;14;736.00;31
1549;14;629066014;1549;156;2281;2309;9.97;0.61;197.93;3.25;732;14;737.00;28
1552;14;629066026;1552;150;2283;2312;10.07;0.62;198.12;3.26;731;14;738.00;29
1554;14;629066041;1554;144;2285;2312;10.12;0.62;198.19;3.27;731;14;739.00;27
1557;14;629066053;1557;142;2286;2312;10.24;0.63;198.35;3.28;729;14;740.00;26
1560;14;629066064;1560;142;2292;2316;10.34;0.63;198.24;3.29;732;14;741.00;24
1562;14;629066076;1562;141;2295;2317;10.54;0.65;198.37;3.30;733;14;742.00;22
1566;14;629066088;1566;144;2295;2317;10.68;0.65;198.42;3.30;729;14;743.00;22
1568;14;629066106;1568;146;2299;2321;10.84;0.66;198.55;3.30;731;14;744.00;22
1570;14;629066118;1570;147;2300;2321;11.00;0.67;198.83;3.30;730;14;745.00;21
1571;14;629066130;1571;145;2300;2321;11.17;0.68;198.97;3.30;729;14;746.00;21
1576;15;629066141;1576;143;2302;2322;11.30;0.69;199.10;3.31;726;15;747.00;20
1576;15;629066164;1576;141;2302;2322;11.41;0.70;199.10;3.31;726;15;748.00;20
1580;15;629066175;1580;141;2307;2328;11.43;0.70;199.35;3.31;727;15;749.00;21
1584;15;629066190;1584;145;2308;2328;11.43;0.70;199.65;3.33;724;15;750.00;20
1586;15;629066207;1586;146;2309;2329;11.44;0.70;199.78;3.32;723;15;751.00;20
1591;15;629066225;1591;145;2310;2329;11.41;0.70;199.97;3.33;719;15;752.00;19
1595;15;629066245;1595;148;2310;2329;11.43;0.70;200.13;3.33;715;15;753.00;19
1598;15;629066257;1598;146;2310;2329;11.56;0.70;200.29;3.33;712;15;754.00;19
1604;15;629066268;1604;151;2310;2329;11.64;0.71;200.55;3.33;706;15;755.00;19
1608;15;629066279;1608;150;2322;2341;11.64;0.71;200.81;3.32;714;15;756.00;19
1611;15;629066291;1611;147;2323;2341;11.75;0.72;200.99;3.33;712;15;757.00;18
1612;16;629066301;1612;148;2323;2341;11.86;0.72;201.02;3.33;711;16;758.00;18
1617;16;629066323;1617;147;2324;2341;11.94;0.73;200.91;3.33;707;16;759.00;17
1618;16;629066334;1618;148;2324;2341;11.99;0.73;201.04;3.33;706;16;760.00;17
1621;16;629066345;1621;149;2325;2341;12.03;0.73;201.18;3.34;704;16;761.00;16
1623;16;629066355;1623;152;2329;2345;12.02;0.73;201.15;3.33;706;16;762.00;16
1625;16;629066366;1625;150;2330;2345;12.04;0.73;201.23;3.33;705;16;763.00;15
1627;16;629066376;1627;156;2333;2349;12.10;0.74;201.19;3.33;706;16;764.00;16
1628;16;629066393;1628;157;2335;2351;12.19;0.74;201.12;3.33;707;16;765.00;16
1632;16;629066409;1632;156;2335;2351;12.20;0.74;201.18;3.33;703;16;766.00;16
1636;17;629066420;1636;164;2335;2351;12.24;0.75;201.28;3.33;699;17;767.00;16
1638;17;629066442;1638;164;2348;2364;12.23;0.74;201.34;3.31;710;17;768.00;16
1643;17;629066453;1643;164;2348;2364;12.16;0.74;201.18;3.31;705;17;769.00;16
1646;17;629066468;1646;158;2348;2364;12.17;0.74;201.35;3.31;702;17;770.00;16
1648;17;629066482;1648;157;2349;2365;12.21;0.74;201.49;3.31;701;17;771.00;16
1654;17;629066496;1654;157;2351;2366;12.16;0.74;201.59;3.33;697;17;772.00;15
1656;17;629066517;1656;156;2351;2366;12.13;0.74;201.61;3.33;695;17;773.00;15
1656;17;629066530;1656;160;2353;2369;12.22;0.74;201.61;3.33;697;17;774.00;16
1658;17;629066543;1658;163;2353;2369;12.22;0.74;201.61;3.33;695;17;775.00;16
1660;17;629066556;1660;166;2354;2369;12.22;0.74;201.61;3.33;694;17;776.00;15
1663;17;629066568;1663;166;2354;2369;12.16;0.74;201.73;3.33;691;17;777.00;15
1667;17;629066579;1667;164;2358;2375;12.08;0.73;201.72;3.32;691;17;778.00;17
1670;17;629066591;1670;163;2358;2375;12.05;0.73;201.79;3.32;688;17;779.00;17
1671;17;629066603;1671;165;2359;2375;12.03;0.73;201.95;3.32;688;17;780.00;16
1673;17;629066613;1673;160;2359;2375;12.01;0.73;202.11;3.32;686;17;781.00;16
1678;17;629066623;1678;153;2362;2379;11.89;0.72;202.17;3.32;684;17;782.00;17
1683;17;629066640;1683;146;2363;2380;11.84;0.72;202.37;3.32;680;17;783.00;17
1686;17;629066651;1686;144;2363;2380;11.86;0.72;202.67;3.32;677;17;784.00;17
1689;17;629066667;1689;143;2366;2381;11.87;0.72;202.81;3.32;677;17;785.00;15
1695;17;629066678;1695;136;2367;2381;11.90;0.72;202.92;3.35;672;17;786.00;14
1698;17;629066688;1698;133;2367;2381;11.96;0.73;202.85;3.35;669;17;787.00;14
1700;17;629066697;1700;128;2367;2381;12.02;0.73;202.94;3.35;667;17;788.00;14
1703;17;629066707;1703;130;2367;2381;12.09;0.73;202.81;3.35;664;17;789.00;14
1704;17;629066716;1704;126;2367;2381;12.09;0.74;202.73;3.35;663;17;790.00;14
1705;17;629066725;1705;122;2368;2381;12.18;0.74;202.78;3.38;663;17;791.00;13
1708;17;629066735;1708;123;2401;2451;12.18;0.74;202.78;3.33;693;17;792.00;50
1710;17;629066751;1710;120;2401;2452;12.21;0.75;202.75;3.33;691;17;793.00;51
1713;17;629066760;1713;121;2409;2452;12.28;0.75;202.62;3.35;696;17;794.00;43
1714;17;629066771;1714;124;2413;2452;12.28;0.75;202.55;3.35;699;17;795.00;39
1715;17;629066781;1715;129;2419;2452;12.27;0.75;202.52;3.39;704;17;796.00;33
1716;17;629066791;1716;133;2424;2452;12.25;0.75;202.51;3.42;708;17;797.00;28
1718;17;629066801;1718;136;2425;2452;12.23;0.75;202.46;3.42;707;17;798.00;27
1720;17;629066811;1720;139;2427;2452;12.17;0.74;202.32;3.42;707;17;799.00;25
1721;18;629066823;1721;144;2430;2453;12.07;0.74;202.26;3.48;709;18;800.00;23
1726;19;629066848;1726;146;2432;2454;11.95;0.73;202.06;3.49;706;19;801.00;22
1727;19;629066865;1727;154;2434;2454;11.77;0.72;201.99;3.49;707;19;802.00;20
1727;19;629066879;1727;153;2440;2458;11.55;0.70;201.99;3.53;713;19;803.00;18
1730;19;629066893;1730;156;2441;2458;11.31;0.69;201.81;3.56;711;19;804.00;17
1731;19;629066903;1731;165;2443;2458;11.05;0.67;201.84;3.60;712;19;805.00;15
1732;19;629066913;1732;171;2444;2458;10.91;0.66;201.83;3.60;712;19;806.00;14
1736;19;629066922;1736;181;2449;2464;10.78;0.66;201.78;3.64;713;19;807.00;15
1743;19;629066932;1743;190;2451;2464;10.62;0.65;201.58;3.64;708;19;808.00;13
1744;19;629066942;1744;199;2451;2464;10.52;0.64;201.49;3.64;707;19;809.00;13
1748;19;629066953;1748;205;2456;2470;10.31;0.63;201.43;3.67;708;19;810.00;14
1750;19;629066964;1750;216;2457;2470;10.16;0.62;201.26;3.68;707;19;811.00;13
1751;19;629066977;1751;225;2460;2470;9.99;0.61;201.26;3.72;709;19;812.00;10
1752;19;629066987;1752;229;2462;2471;9.79;0.60;201.16;3.72;710;19;813.00;9
1755;19;629066996;1755;238;2464;2472;9.66;0.59;201.09;3.72;709;19;814.00;8
1756;19;629067006;1756;247;2465;2472;9.50;0.58;201.03;3.73;709;19;815.00;7
1757;19;629067014;1757;258;2477;2485;9.33;0.57;201.09;3.77;720;19;816.00;8
1762;19;629067024;1762;267;2479;2485;9.10;0.56;201.06;3.78;717;19;817.00;6
1764;19;629067033;1764;278;2479;2485;8.92;0.55;200.90;3.78;715;19;818.00;6
1765;19;629067042;1765;285;2483;2486;8.82;0.54;200.84;3.79;718;19;819.00;3
1766;19;629067051;1766;292;2483;2486;8.69;0.53;200.78;3.79;717;19;820.00;3
1768;19;629067059;1768;305;2487;2490;8.63;0.53;200.98;3.79;719;19;821.00;3
1769;19;629067068;1769;309;2488;2490;8.54;0.52;200.89;3.79;719;19;822.00;2
1773;19;629067077;1773;316;2493;2494;8.41;0.52;200.63;3.78;720;19;823.00;1
1774;19;629067086;1774;322;2493;2494;8.27;0.51;200.64;3.78;719;19;824.00;1
1779;19;629067094;1779;327;2493;2494;8.05;0.49;200.53;3.78;714;19;825.00;1
1781;19;629067102;1781;330;2493;2494;7.87;0.48;200.50;3.78;712;19;826.00;1
1782;19;629067110;1782;323;2493;2494;7.73;0.48;200.47;3.78;711;19;827.00;1
1784;19;629067118;1784;316;2504;2506;7.66;0.47;200.47;3.77;720;19;828.00;2
1788;19;629067127;1788;311;2504;2506;7.58;0.47;200.35;3.77;716;19;829.00;2
1789;19;629067136;1789;305;2505;2506;7.61;0.47;200.30;3.77;716;19;830.00;1
1790;19;629067144;1790;298;2505;2506;7.68;0.47;200.26;3.77;715;19;831.00;1
1790;19;629067153;1790;290;2505;2506;7.72;0.48;200.26;3.77;715;19;832.00;1
1792;19;629067161;1792;282;2505;2506;7.77;0.48;200.36;3.77;713;19;833.00;1
1792;19;629067170;1792;275;2506;2507;7.90;0.49;200.36;3.76;714;19;834.00;1
1794;19;629067178;1794;272;2506;2507;8.03;0.49;200.21;3.76;712;19;835.00;1
1796;19;629067187;1796;265;2511;2513;8.17;0.50;200.19;3.76;715;19;836.00;2
1796;19;629067196;1796;263;2513;2514;8.25;0.51;200.19;3.76;717;19;837.00;1
1796;19;629067205;1796;261;2513;2514;8.29;0.51;200.19;3.76;717;19;838.00;1
1797;19;629067220;1797;261;2513;2514;8.31;0.51;200.30;3.76;716;19;839.00;1
1800;19;629067230;1800;261;2518;2519;8.35;0.51;200.32;3.75;718;19;840.00;1
1800;19;629067239;1800;261;2518;2519;8.43;0.52;200.32;3.75;718;19;841.00;1
1803;19;629067248;1803;263;2518;2519;8.49;0.52;200.31;3.75;715;19;842.00;1
1806;19;629067256;1806;263;2519;2520;8.47;0.52;200.30;3.75;713;19;843.00;1
1810;19;629067265;1810;261;2523;2524;8.49;0.52;200.44;3.74;713;19;844.00;1
1812;19;629067274;1812;251;2523;2524;8.51;0.52;200.43;3.74;711;19;845.00;1
1815;19;629067283;1815;247;2525;2527;8.51;0.52;200.43;3.74;710;19;846.00;2
1819;19;629067292;1819;247;2526;2527;8.40;0.51;200.39;3.74;707;19;847.00;1
1821;19;629067301;1821;246;2526;2527;8.31;0.51;200.50;3.74;705;19;848.00;1
1823;19;629067310;1823;247;2526;2527;8.31;0.51;200.73;3.74;703;19;849.00;1
1827;19;629067318;1827;239;2529;2531;8.30;0.51;200.77;3.74;702;19;850.00;2
1831;19;629067327;1831;237;2529;2531;8.29;0.51;200.80;3.74;698;19;851.00;2
1838;19;629067336;1838;225;2530;2531;8.29;0.51;200.61;3.74;692;19;852.00;1
1841;19;629067345;1841;215;2530;2531;8.37;0.51;200.75;3.74;689;19;853.00;1
1847;19;629067354;1847;213;2531;2532;8.40;0.51;200.78;3.74;684;19;854.00;1
1852;19;629067363;1852;209;2533;2534;8.46;0.52;200.90;3.73;681;19;855.00;1
1854;19;629067372;1854;204;2533;2534;8.54;0.52;200.84;3.73;679;19;856.00;1
1859;19;629067381;1859;199;2534;2535;8.57;0.53;200.86;3.73;675;19;857.00;1
1863;19;629067390;1863;185;2534;2535;8.66;0.53;200.81;3.73;671;19;858.00;1
1865;19;629067399;1865;176;2534;2535;8.73;0.53;200.95;3.73;669;19;859.00;1
1871;19;629067408;1871;168;2534;2535;8.73;0.53;201.22;3.73;663;19;860.00;1
1873;19;629067416;1873;167;2535;2535;8.81;0.54;201.30;3.76;662;19;861.00;0
1878;19;629067425;1878;158;2535;2535;8.85;0.54;201.39;3.76;657;19;862.00;0
1884;19;629067433;1884;160;2535;2535;8.85;0.54;201.52;3.76;651;19;863.00;0
1889;19;629067443;1889;173;2611;2662;8.97;0.56;201.43;3.65;722;19;864.00;51
1890;19;629067463;1890;165;2613;2663;9.10;0.56;201.40;3.65;723;19;865.00;50
1897;19;629067472;1897;152;2620;2663;9.19;0.57;201.50;3.64;723;19;866.00;43
1900;19;629067483;1900;147;2625;2663;9.30;0.58;201.44;3.64;725;19;867.00;38
1902;19;629067492;1902;148;2630;2663;9.47;0.58;201.61;3.64;728;19;868.00;33
1908;19;629067502;1908;148;2635;2663;9.54;0.59;201.81;3.64;727;19;869.00;28
1914;19;629067514;1914;148;2640;2663;9.60;0.59;201.89;3.65;726;19;870.00;23
1917;19;629067524;1917;146;2642;2663;9.58;0.59;201.95;3.65;725;19;871.00;21
1922;19;629067534;1922;148;2646;2664;9.62;0.59;201.99;3.66;724;19;872.00;18
1925;19;629067544;1925;148;2650;2665;9.63;0.59;202.34;3.67;725;19;873.00;15
1927;19;629067555;1927;152;2653;2665;9.63;0.59;202.35;3.67;726;19;874.00;12
1932;19;629067566;1932;155;2656;2666;9.61;0.59;202.80;3.68;724;19;875.00;10
1935;19;629067576;1935;155;2657;2666;9.57;0.59;203.12;3.68;722;19;876.00;9
1938;19;629067589;1938;160;2659;2666;9.56;0.59;203.20;3.69;721;19;877.00;7
1943;19;629067605;1943;162;2660;2666;9.47;0.58;203.67;3.69;717;19;878.00;6
1950;19;629067616;1950;169;2664;2670;9.51;0.58;203.97;3.69;714;19;879.00;6
1955;19;629067628;1955;171;2665;2670;9.51;0.58;204.12;3.70;710;19;880.00;5
1958;19;629067643;1958;171;2665;2670;9.52;0.58;204.23;3.70;707;19;881.00;5
1960;19;629067654;1960;179;2668;2673;9.68;0.59;204.26;3.70;708;19;882.00;5
1965;19;629067665;1965;176;2668;2673;9.72;0.59;204.48;3.70;703;19;883.00;5
1969;19;629067675;1969;180;2669;2673;9.81;0.60;204.62;3.70;700;19;884.00;4
1973;19;629067686;1973;186;2673;2677;9.86;0.60;204.49;3.70;700;19;885.00;4
1980;19;629067702;1980;186;2675;2678;9.88;0.60;204.50;3.70;695;19;886.00;3
1984;19;629067713;1984;191;2675;2678;9.98;0.61;204.74;3.70;691;19;887.00;3
1986;19;629067724;1986;194;2680;2682;10.11;0.62;204.73;3.69;694;19;888.00;2
1991;19;629067734;1991;197;2680;2682;10.10;0.62;204.90;3.69;689;19;889.00;2
1993;19;629067744;1993;198;2680;2682;10.15;0.62;205.08;3.69;687;19;890.00;2
1997;19;629067754;1997;198;2681;2683;10.16;0.62;205.16;3.69;684;19;891.00;2
1999;19;629067765;1999;203;2681;2683;10.20;0.62;205.22;3.69;682;19;892.00;2
2005;19;629067775;2005;202;2686;2689;10.19;0.62;205.33;3.69;681;19;893.00;3
2009;19;629067786;2009;202;2686;2689;10.26;0.63;205.47;3.69;677;19;894.00;3
2013;19;629067797;2013;204;2688;2690;10.23;0.62;205.67;3.68;675;19;895.00;2
2017;19;629067807;2017;208;2688;2690;10.13;0.62;205.99;3.68;671;19;896.00;2
2019;19;629067823;2019;196;2688;2690;10.04;0.61;206.14;3.68;669;19;897.00;2
2021;19;629067834;2021;191;2688;2690;10.06;0.61;206.07;3.68;667;19;898.00;2
2024;19;629067845;2024;188;2688;2690;10.03;0.61;206.34;3.68;664;19;899.00;2
2026;19;629067858;2026;192;2715;2736;9.92;0.61;206.49;3.65;689;19;900.00;21
2030;19;629067877;2030;179;2715;2736;9.95;0.61;206.78;3.65;685;19;901.00;21
2033;19;629067887;2033;174;2718;2736;10.02;0.62;207.20;3.65;685;19;902.00;18
2037;19;629067898;2037;175;2718;2736;10.12;0.62;207.44;3.65;681;19;903.00;18
2039;19;629067909;2039;177;2720;2736;10.22;0.63;207.43;3.65;681;19;904.00;16
2041;19;629067919;2041;174;2720;2736;10.34;0.64;207.44;3.65;679;19;905.00;16
2044;19;629067930;2044;158;2725;2740;10.41;0.64;207.72;3.64;681;19;906.00;15
2051;19;629067942;2051;144;2726;2740;10.45;0.64;207.97;3.64;675;19;907.00;14
2052;19;629067959;2052;132;2729;2744;10.57;0.65;207.89;3.64;677;19;908.00;15
2058;19;629067970;2058;126;2731;2745;10.61;0.65;208.15;3.64;673;19;909.00;14
2062;19;629067981;2062;124;2732;2745;10.67;0.65;208.28;3.65;670;19;910.00;13
2065;19;629067992;2065;121;2732;2745;10.71;0.65;208.24;3.65;667;19;911.00;13
2067;19;629068003;2067;114;2741;2758;10.82;0.66;208.36;3.64;674;19;912.00;17
2072;19;629068015;2072;111;2741;2758;10.87;0.66;208.42;3.64;669;19;913.00;17
2073;19;629068027;2073;109;2742;2758;11.03;0.67;208.41;3.64;669;19;914.00;16
2077;19;629068038;2077;110;2744;2759;11.16;0.68;208.34;3.64;667;19;915.00;15
2078;19;629068049;2078;111;2745;2760;11.23;0.69;208.37;3.64;667;19;916.00;15
2081;19;629068060;2081;111;2745;2760;11.26;0.69;208.31;3.64;664;19;917.00;15
2082;19;629068076;2082;113;2747;2763;11.35;0.69;208.30;3.64;665;19;918.00;16
2084;19;629068087;2084;120;2747;2763;11.37;0.69;208.27;3.64;663;19;919.00;16
2088;19;629068099;2088;120;2748;2763;11.31;0.69;208.27;3.64;660;19;920.00;15
2091;19;629068114;2091;115;2749;2763;11.34;0.69;208.32;3.65;658;19;921.00;14
2095;19;629068125;2095;115;2753;2769;11.39;0.69;208.34;3.65;658;19;922.00;16
2096;19;629068135;2096;122;2753;2769;11.41;0.69;208.36;3.65;657;19;923.00;16
2101;19;629068146;2101;122;2753;2769;11.46;0.69;208.34;3.65;652;19;924.00;16
2104;19;629068155;2104;121;2754;2769;11.47;0.70;208.56;3.65;650;19;925.00;15
2107;19;629068166;2107;124;2758;2773;11.43;0.69;208.73;3.65;651;19;926.00;15
2110;19;629068176;2110;131;2761;2774;11.48;0.70;208.65;3.66;651;19;927.00;13
2113;19;629068191;2113;133;2762;2774;11.49;0.70;208.65;3.67;649;19;928.00;12
2117;19;629068201;2117;137;2764;2775;11.54;0.70;208.63;3.67;647;19;929.00;11
2118;19;629068219;2118;137;2765;2775;11.53;0.70;208.58;3.68;647;19;930.00;10
2120;19;629068228;2120;140;2766;2775;11.47;0.70;208.68;3.68;646;19;931.00;9
2122;19;629068238;2122;141;2767;2775;11.39;0.69;208.64;3.71;645;19;932.00;8
2124;19;629068249;2124;138;2768;2775;11.40;0.69;208.57;3.71;644;19;933.00;7
2129;19;629068258;2129;143;2769;2775;11.41;0.69;208.80;3.71;640;19;934.00;6
2133;19;629068268;2133;142;2769;2775;11.40;0.69;209.00;3.71;636;19;935.00;6
2133;19;629068277;2133;163;2809;2845;11.16;0.68;209.00;3.66;676;19;936.00;36
2136;19;629068295;2136;159;2812;2846;11.19;0.68;209.14;3.67;676;19;937.00;34
2136;19;629068304;2136;153;2818;2846;11.31;0.69;209.14;3.66;682;19;938.00;28
2138;19;629068313;2138;153;2821;2846;11.41;0.70;209.41;3.66;683;19;939.00;25
2139;19;629068323;2139;157;2825;2846;11.51;0.70;209.40;3.66;686;19;940.00;21
2141;19;629068331;2141;156;2827;2846;11.56;0.70;209.47;3.66;686;19;941.00;19
2145;19;629068340;2145;156;2830;2846;11.58;0.71;209.41;3.66;685;19;942.00;16
2145;19;629068350;2145;161;2832;2846;11.60;0.71;209.41;3.67;687;19;943.00;14
2148;19;629068358;2148;166;2835;2847;11.55;0.70;209.38;3.67;687;19;944.00;12
2152;19;629068367;2152;167;2838;2849;11.52;0.70;209.28;3.67;686;19;945.00;11
2156;19;629068376;2156;166;2841;2849;11.45;0.70;209.46;3.68;685;19;946.00;8
2159;19;629068386;2159;167;2845;2853;11.38;0.69;209.37;3.67;686;19;947.00;8
2162;19;629068396;2162;171;2845;2853;11.33;0.69;209.26;3.67;683;19;948.00;8
2166;19;629068405;2166;172;2845;2853;11.30;0.69;209.19;3.67;679;19;949.00;8
2171;20;629068413;2171;174;2845;2853;11.21;0.68;209.02;3.67;674;20;950.00;8
2174;20;629068432;2174;174;2848;2859;11.10;0.67;208.91;3.67;674;20;951.00;11
2178;20;629068447;2178;173;2848;2859;11.04;0.67;208.74;3.67;670;20;952.00;11
2181;20;629068455;2181;167;2850;2859;10.92;0.66;208.60;3.68;669;20;953.00;9
2183;20;629068477;2183;167;2852;2862;10.89;0.66;208.50;3.68;669;20;954.00;10
2185;20;629068489;2185;166;2853;2862;10.79;0.66;208.39;3.68;668;20;955.00;9
2187;20;629068501;2187;168;2854;2862;10.82;0.66;208.35;3.68;667;20;956.00;8
2188;20;629068514;2188;171;2855;2863;10.79;0.66;208.28;3.68;667;20;957.00;8
2192;20;629068526;2192;167;2856;2864;10.79;0.66;208.08;3.68;664;20;958.00;8
2198;20;629068537;2198;170;2856;2864;10.78;0.66;207.96;3.68;658;20;959.00;8
2199;20;629068550;2199;175;2871;2890;10.75;0.65;207.97;3.66;672;20;960.00;19
2200;20;629068564;2200;170;2872;2890;10.84;0.66;207.98;3.66;672;20;961.00;18
2202;20;629068573;2202;171;2874;2890;10.87;0.66;207.89;3.66;672;20;962.00;16
2203;20;629068584;2203;173;2875;2891;10.98;0.67;207.87;3.65;672;20;963.00;16
2205;20;629068594;2205;177;2875;2891;11.05;0.67;207.82;3.65;670;20;964.00;16
2208;20;629068603;2208;176;2877;2895;11.05;0.67;207.58;3.65;669;20;965.00;18
2211;20;629068613;2211;175;2878;2895;11.10;0.68;207.58;3.65;667;20;966.00;17
2216;20;629068622;2216;175;2881;2899;11.00;0.67;207.56;3.65;665;20;967.00;18
2218;20;629068632;2218;180;2881;2899;11.02;0.67;207.53;3.65;663;20;968.00;18
2222;20;629068640;2222;183;2884;2899;10.98;0.67;207.45;3.68;662;20;969.00;15
2222;20;629068650;2222;189;2884;2899;10.89;0.66;207.45;3.68;662;20;970.00;15
2224;20;629068659;2224;188;2886;2899;10.68;0.65;207.39;3.70;662;20;971.00;13
2224;20;629068668;2224;195;2896;2911;10.58;0.64;207.39;3.69;672;20;972.00;15
2224;20;629068677;2224;200;2897;2911;10.47;0.64;207.39;3.69;673;20;973.00;14
2227;20;629068686;2227;204;2898;2911;10.34;0.63;207.44;3.69;671;20;974.00;13
2228;20;629068700;2228;208;2899;2911;10.17;0.62;207.42;3.69;671;20;975.00;12
2228;20;629068708;2228;214;2899;2911;10.04;0.61;207.42;3.69;671;20;976.00;12
2230;20;629068716;2230;218;2899;2911;9.92;0.61;207.42;3.69;669;20;977.00;12
2231;20;629068724;2231;226;2900;2912;9.78;0.60;207.45;3.70;669;20;978.00;12
2232;21;629068733;2232;215;2902;2912;9.70;0.59;207.47;3.71;670;21;979.00;10
2234;21;629068752;2234;210;2906;2918;9.65;0.59;207.40;3.70;672;21;980.00;12
2235;21;629068762;2235;212;2909;2919;9.65;0.59;207.43;3.71;674;21;981.00;10
2236;21;629068771;2236;209;2909;2919;9.71;0.59;207.39;3.71;673;21;982.00;10
2238;21;629068780;2238;213;2911;2919;9.67;0.59;207.41;3.71;673;21;983.00;8
2240;21;629068789;2240;212;2914;2923;9.64;0.59;207.42;3.71;674;21;984.00;9
2244;21;629068799;2244;210;2915;2923;9.53;0.58;207.22;3.71;671;21;985.00;8
2245;21;629068814;2245;211;2915;2923;9.45;0.57;207.24;3.71;670;21;986.00;8
2245;21;629068829;2245;212;2918;2924;9.38;0.57;207.24;3.71;673;21;987.00;6
2246;21;629068844;2246;219;2921;2928;9.22;0.56;207.16;3.71;675;21;988.00;7
2247;21;629068859;2247;217;2922;2928;9.09;0.56;207.14;3.71;675;21;989.00;6
2248;21;629068869;2248;217;2925;2934;9.04;0.55;207.16;3.71;677;21;990.00;9
2249;22;629068878;2249;219;2925;2934;9.06;0.56;207.08;3.71;676;22;991.00;9
2252;22;629068898;2252;220;2926;2934;9.09;0.56;207.10;3.71;674;22;992.00;8
2256;22;629068912;2256;222;2927;2934;9.08;0.56;207.07;3.71;671;22;993.00;7
2257;22;629068921;2257;225;2930;2938;9.08;0.56;207.02;3.70;673;22;994.00;8
2258;22;629068930;2258;225;2930;2938;9.04;0.56;207.05;3.70;672;22;995.00;8
2260;22;629068939;2260;228;2931;2938;9.02;0.55;207.01;3.70;671;22;996.00;7
2261;22;629068948;2261;228;2932;2938;8.94;0.55;207.09;3.70;671;22;997.00;6
2263;22;629068961;2263;233;2933;2939;8.82;0.54;207.10;3.70;670;22;998.00;6
2264;22;629068970;2264;230;2934;2940;8.65;0.53;207.21;3.70;670;22;999.00;6
2268;22;629068979;2268;228;2934;2940;8.43;0.52;207.23;3.70;666;22;1000.00;6
2269;22;629068992;2269;232;2935;2941;8.30;0.51;207.20;3.70;666;22;1001.00;6
2271;22;629069000;2271;227;2935;2941;8.20;0.50;207.15;3.70;664;22;1002.00;6
2273;22;629069008;2273;223;2935;2941;8.12;0.50;207.26;3.70;662;22;1003.00;6
2275;22;629069017;2275;225;2935;2941;8.09;0.50;207.31;3.70;660;22;1004.00;6
2277;22;629069025;2277;223;2935;2941;8.05;0.49;207.27;3.70;658;22;1005.00;6
2280;22;629069033;2280;221;2935;2941;8.06;0.49;207.39;3.70;655;22;1006.00;6
2283;22;629069041;2283;221;2935;2941;8.03;0.49;207.58;3.70;652;22;1007.00;6
2284;22;629069049;2284;242;3008;3068;8.15;0.51;207.73;3.61;724;22;1008.00;60
2288;22;629069067;2288;239;3013;3069;8.09;0.50;207.82;3.61;725;22;1009.00;56
2291;22;629069076;2291;233;3021;3069;8.17;0.51;207.71;3.60;730;22;1010.00;48
2295;22;629069085;2295;227;3024;3069;8.16;0.51;207.72;3.60;729;22;1011.00;45
2300;22;629069094;2300;224;3029;3069;8.20;0.51;207.67;3.60;729;22;1012.00;40
2303;22;629069103;2303;224;3032;3069;8.22;0.51;207.69;3.60;729;22;1013.00;37
2310;22;629069111;2310;222;3036;3069;8.19;0.51;207.81;3.61;726;22;1014.00;33
2312;22;629069120;2312;224;3037;3069;8.19;0.51;207.82;3.61;725;22;1015.00;32
2319;22;629069129;2319;224;3041;3070;8.19;0.51;207.81;3.61;722;22;1016.00;29
2325;22;629069138;2325;224;3043;3071;8.21;0.51;207.85;3.62;718;22;1017.00;28
2329;22;629069148;2329;227;3046;3071;8.17;0.51;208.04;3.62;717;22;1018.00;25
2331;22;629069157;2331;230;3049;3072;8.11;0.50;207.97;3.63;718;22;1019.00;23
2337;22;629069167;2337;218;3052;3072;8.08;0.50;208.11;3.64;715;22;1020.00;20
2340;22;629069177;2340;213;3054;3072;8.06;0.50;208.17;3.64;714;22;1021.00;18
2343;22;629069186;2343;208;3057;3072;8.05;0.50;208.20;3.65;714;22;1022.00;15
2351;22;629069195;2351;201;3060;3076;8.10;0.50;208.23;3.65;709;22;1023.00;16
2354;22;629069204;2354;203;3061;3076;8.20;0.50;208.22;3.66;707;22;1024.00;15
2357;22;629069214;2357;203;3063;3076;8.33;0.51;208.52;3.67;706;22;1025.00;13
2361;22;629069223;2361;201;3065;3079;8.39;0.52;208.54;3.67;704;22;1026.00;14
2366;22;629069233;2366;197;3066;3079;8.45;0.52;208.68;3.67;700;22;1027.00;13
2367;22;629069243;2367;189;3068;3079;8.57;0.53;208.76;3.68;701;22;1028.00;11
2372;22;629069253;2372;184;3073;3083;8.67;0.53;208.70;3.67;701;22;1029.00;10
2374;22;629069263;2374;178;3074;3084;8.89;0.55;208.78;3.67;700;22;1030.00;10
2378;22;629069273;2378;175;3075;3084;9.05;0.55;208.90;3.67;697;22;1031.00;9
2381;22;629069284;2381;171;3079;3088;9.25;0.57;208.90;3.67;698;22;1032.00;9
2384;22;629069295;2384;173;3080;3088;9.41;0.57;209.05;3.67;696;22;1033.00;8
2388;22;629069307;2388;171;3080;3088;9.47;0.58;209.16;3.67;692;22;1034.00;8
2392;22;629069317;2392;169;3082;3090;9.58;0.59;209.23;3.67;690;22;1035.00;8
2398;22;629069327;2398;168;3082;3090;9.64;0.59;209.47;3.67;684;22;1036.00;8
2401;22;629069344;2401;168;3087;3096;9.76;0.59;209.61;3.66;686;22;1037.00;9
2405;22;629069356;2405;167;3087;3096;9.89;0.60;209.98;3.66;682;22;1038.00;9
2412;22;629069372;2412;159;3089;3097;9.91;0.60;210.23;3.66;677;22;1039.00;8
2416;22;629069382;2416;157;3089;3097;9.93;0.60;210.36;3.66;673;22;1040.00;8
2421;22;629069393;2421;154;3089;3097;9.87;0.60;210.45;3.66;668;22;1041.00;8
2424;22;629069403;2424;158;3089;3097;9.85;0.60;210.57;3.66;665;22;1042.00;8
2427;22;629069413;2427;153;3089;3097;9.90;0.60;210.64;3.66;662;22;1043.00;8
2432;22;629069424;2432;159;3100;3109;9.97;0.61;210.74;3.65;668;22;1044.00;9
2435;22;629069435;2435;154;3101;3109;9.98;0.61;210.81;3.65;666;22;1045.00;8
2439;22;629069445;2439;157;3101;3109;10.04;0.61;210.87;3.65;662;22;1046.00;8
2443;22;629069455;2443;152;3101;3109;10.07;0.61;210.87;3.65;658;22;1047.00;8
2446;22;629069467;2446;148;3101;3109;10.21;0.62;210.92;3.65;655;22;1048.00;8
2449;22;629069477;2449;148;3101;3109;10.26;0.62;210.98;3.65;652;22;1049.00;8
2456;22;629069489;2456;151;3107;3115;10.21;0.62;211.18;3.64;651;22;1050.00;8
2460;22;629069500;2460;145;3107;3115;10.28;0.62;211.28;3.64;647;22;1051.00;8
2462;22;629069510;2462;150;3110;3119;10.32;0.63;211.36;3.64;648;22;1052.00;9
2463;22;629069521;2463;147;3112;3120;10.40;0.63;211.36;3.64;649;22;1053.00;8
2464;22;629069536;2464;148;3112;3120;10.47;0.64;211.43;3.64;648;22;1054.00;8
2469;22;629069547;2469;149;3112;3120;10.52;0.64;211.63;3.64;643;22;1055.00;8
2473;22;629069557;2473;154;3125;3133;10.49;0.64;211.70;3.62;652;22;1056.00;8
2477;22;629069568;2477;158;3125;3133;10.49;0.64;211.91;3.62;648;22;1057.00;8
2479;22;629069578;2479;162;3125;3133;10.48;0.64;212.07;3.62;646;22;1058.00;8
2481;22;629069589;2481;164;3126;3134;10.43;0.63;212.11;3.62;645;22;1059.00;8
2485;22;629069599;2485;169;3127;3135;10.33;0.63;212.19;3.62;642;22;1060.00;8
2487;22;629069609;2487;176;3127;3135;10.33;0.63;212.25;3.62;640;22;1061.00;8
2489;22;629069619;2489;177;3129;3138;10.37;0.63;212.25;3.62;640;22;1062.00;9
2492;22;629069629;2492;178;3129;3138;10.38;0.63;212.27;3.62;637;22;1063.00;9
2494;22;629069639;2494;181;3130;3138;10.35;0.63;212.32;3.62;636;22;1064.00;8
2499;22;629069649;2499;186;3130;3138;10.31;0.62;212.50;3.62;631;22;1065.00;8
2503;22;629069659;2503;190;3135;3144;10.17;0.62;212.74;3.62;632;22;1066.00;9
2503;22;629069669;2503;180;3135;3144;10.18;0.62;212.74;3.62;632;22;1067.00;9
2506;22;629069679;2506;179;3136;3144;10.15;0.62;212.78;3.62;630;22;1068.00;8
2510;22;629069689;2510;174;3136;3144;10.07;0.61;212.89;3.62;626;22;1069.00;8
2513;22;629069699;2513;177;3140;3148;9.99;0.61;212.96;3.61;627;22;1070.00;8
2518;22;629069709;2518;179;3141;3149;9.88;0.60;213.11;3.61;623;22;1071.00;8
2520;22;629069719;2520;180;3141;3149;9.83;0.60;213.15;3.61;621;22;1072.00;8
2524;22;629069728;2524;179;3142;3150;9.77;0.60;213.34;3.61;618;22;1073.00;8
2528;22;629069738;2528;182;3142;3150;9.71;0.59;213.54;3.61;614;22;1074.00;8
2531;22;629069747;2531;186;3142;3150;9.65;0.59;213.72;3.61;611;22;1075.00;8
2535;22;629069756;2535;182;3142;3150;9.65;0.59;213.77;3.61;607;22;1076.00;8
2539;22;629069766;2539;170;3142;3150;9.70;0.59;213.90;3.61;603;22;1077.00;8
2542;22;629069775;2542;162;3142;3150;9.84;0.60;213.94;3.61;600;22;1078.00;8
2543;22;629069784;2543;147;3142;3150;9.97;0.61;213.98;3.61;599;22;1079.00;8
2547;22;629069804;2547;171;3222;3275;9.81;0.61;214.14;3.52;675;22;1080.00;53
2550;22;629069828;2550;157;3225;3276;9.87;0.61;214.22;3.52;675;22;1081.00;51
2551;22;629069838;2551;138;3230;3276;10.01;0.62;214.25;3.52;679;22;1082.00;46
2554;22;629069848;2554;128;3235;3276;10.07;0.62;214.28;3.51;681;22;1083.00;41
2554;22;629069859;2554;119;3238;3276;10.20;0.63;214.28;3.52;684;22;1084.00;38
2560;22;629069873;2560;122;3241;3276;10.22;0.63;214.26;3.52;681;22;1085.00;35
2565;22;629069883;2565;120;3246;3276;10.22;0.63;214.28;3.59;681;22;1086.00;30
2568;22;629069894;2568;126;3247;3276;10.25;0.63;214.26;3.59;679;22;1087.00;29
2571;22;629069903;2571;128;3250;3277;10.19;0.63;214.34;3.59;679;22;1088.00;27
2574;22;629069913;2574;129;3252;3278;10.12;0.62;214.51;3.59;678;22;1089.00;26
2577;22;629069923;2577;130;3254;3278;10.08;0.62;214.63;3.60;677;22;1090.00;24
2580;22;629069933;2580;136;3259;3282;10.01;0.62;214.61;3.60;679;22;1091.00;23
2580;22;629069943;2580;131;3261;3282;10.00;0.61;214.61;3.60;681;22;1092.00;21
2581;22;629069953;2581;138;3262;3282;9.92;0.61;214.65;3.60;681;22;1093.00;20
2583;22;629069962;2583;147;3262;3282;9.92;0.61;214.60;3.60;679;22;1094.00;20
2585;22;629069971;2585;147;3267;3288;9.87;0.60;214.56;3.60;682;22;1095.00;21
2586;22;629069984;2586;147;3267;3288;9.92;0.61;214.59;3.60;681;22;1096.00;21
2589;22;629069993;2589;154;3268;3288;9.98;0.61;214.60;3.60;679;22;1097.00;20
2590;22;629070010;2590;159;3270;3291;10.07;0.62;214.61;3.60;680;22;1098.00;21
2591;22;629070023;2591;163;3271;3291;10.16;0.62;214.61;3.59;680;22;1099.00;20
2592;22;629070035;2592;165;3271;3291;10.22;0.62;214.62;3.59;679;22;1100.00;20
2594;22;629070049;2594;166;3272;3292;10.27;0.63;214.56;3.59;678;22;1101.00;20
2597;22;629070059;2597;168;3273;3293;10.37;0.63;214.56;3.59;676;22;1102.00;20
2600;22;629070069;2600;174;3274;3293;10.41;0.63;214.44;3.65;674;22;1103.00;19
2602;22;629070079;2602;178;3286;3306;10.39;0.63;214.37;3.64;684;22;1104.00;20
2602;22;629070092;2602;181;3286;3306;10.49;0.64;214.37;3.64;684;22;1105.00;20
2605;22;629070102;2605;186;3286;3306;10.57;0.64;214.17;3.64;681;22;1106.00;20
2607;22;629070112;2607;183;3287;3307;10.59;0.64;214.10;3.64;680;22;1107.00;20
2612;22;629070122;2612;185;3287;3307;10.60;0.64;214.13;3.64;675;22;1108.00;20
2614;22;629070132;2614;190;3290;3311;10.60;0.65;214.07;3.64;676;22;1109.00;21
2616;22;629070143;2616;192;3291;3311;10.61;0.65;213.95;3.64;675;22;1110.00;20
2616;22;629070153;2616;193;3294;3315;10.62;0.65;213.95;3.63;678;22;1111.00;21
2621;22;629070163;2621;194;3294;3315;10.66;0.65;214.13;3.63;673;22;1112.00;21
2624;22;629070172;2624;196;3294;3315;10.64;0.65;214.00;3.63;670;22;1113.00;21
2628;22;629070182;2628;195;3294;3315;10.66;0.65;213.93;3.63;666;22;1114.00;21
2630;22;629070191;2630;192;3295;3315;10.65;0.65;213.89;3.70;665;22;1115.00;20
2630;22;629070200;2630;191;3305;3327;10.66;0.65;213.89;3.69;675;22;1116.00;22
2632;22;629070211;2632;192;3305;3327;10.71;0.65;213.86;3.69;673;22;1117.00;22
2636;22;629070220;2636;197;3307;3327;10.66;0.65;213.81;3.74;671;22;1118.00;20
2636;22;629070229;2636;197;3307;3327;10.60;0.65;213.81;3.74;671;22;1119.00;20
2638;22;629070239;2638;194;3307;3327;10.57;0.64;213.73;3.74;669;22;1120.00;20
2643;22;629070248;2643;191;3307;3327;10.51;0.64;213.69;3.74;664;22;1121.00;20
2647;22;629070258;2647;189;3308;3328;10.38;0.63;213.62;3.79;661;22;1122.00;20
2648;22;629070274;2648;188;3309;3328;10.35;0.63;213.59;3.79;661;22;1123.00;19
2652;22;629070282;2652;187;3313;3334;10.36;0.63;213.48;3.79;661;22;1124.00;21
2652;22;629070291;2652;182;3318;3336;10.46;0.64;213.48;3.84;666;22;1125.00;18
2654;22;629070300;2654;182;3318;3336;10.52;0.64;213.43;3.84;664;22;1126.00;18
2655;22;629070308;2655;180;3318;3336;10.54;0.64;213.39;3.84;663;22;1127.00;18
2656;22;629070322;2656;181;3321;3340;10.59;0.64;213.38;3.83;665;22;1128.00;19
2657;22;629070330;2657;182;3322;3340;10.63;0.65;213.36;3.87;665;22;1129.00;18
2659;22;629070338;2659;178;3322;3340;10.59;0.65;213.30;3.87;663;22;1130.00;18
2659;22;629070346;2659;167;3323;3341;10.67;0.65;213.30;3.87;664;22;1131.00;18
2661;22;629070355;2661;157;3327;3345;10.77;0.66;213.30;3.87;666;22;1132.00;18
2663;22;629070364;2663;147;3328;3345;10.91;0.66;213.34;3.91;665;22;1133.00;17
2665;22;629070373;2665;143;3330;3348;11.09;0.67;213.28;3.90;665;22;1134.00;18
2667;22;629070382;2667;134;3331;3348;11.19;0.68;213.24;3.90;664;22;1135.00;17
2668;22;629070391;2668;129;3332;3348;11.26;0.68;213.19;3.92;664;22;1136.00;16
2671;22;629070400;2671;122;3332;3348;11.41;0.69;213.26;3.92;661;22;1137.00;16
2673;22;629070415;2673;117;3336;3352;11.50;0.70;213.27;3.93;663;22;1138.00;16
2676;22;629070425;2676;115;3336;3352;11.51;0.70;213.19;3.93;660;22;1139.00;16
2678;22;629070436;2678;106;3337;3352;11.56;0.70;213.11;3.93;659;22;1140.00;15
2679;22;629070444;2679;107;3337;3352;11.54;0.70;213.11;3.93;658;22;1141.00;15
2679;22;629070453;2679;110;3337;3353;11.50;0.70;213.11;3.93;658;22;1142.00;16
2679;22;629070473;2679;109;3339;3354;11.50;0.70;213.11;3.95;660;22;1143.00;15
2681;22;629070485;2681;112;3339;3354;11.53;0.70;213.07;3.95;658;22;1144.00;15
2682;22;629070498;2682;115;3340;3355;11.56;0.70;213.09;3.95;658;22;1145.00;15
2684;22;629070511;2684;119;3340;3355;11.54;0.70;213.14;3.95;656;22;1146.00;15
2686;22;629070525;2686;116;3340;3355;11.40;0.69;213.11;3.95;654;22;1147.00;15
2690;22;629070538;2690;120;3340;3355;11.30;0.69;213.11;3.95;650;22;1148.00;15
2691;22;629070550;2691;127;3340;3355;11.25;0.68;213.10;3.95;649;22;1149.00;15
2692;22;629070562;2692;134;3341;3355;11.17;0.68;213.11;3.96;649;22;1150.00;14
2692;22;629070573;2692;138;3342;3355;11.10;0.67;213.11;3.96;650;22;1151.00;13
2696;22;629070583;2696;165;3407;3482;10.96;0.67;213.15;3.89;711;22;1152.00;75
2698;22;629070604;2698;157;3410;3483;10.92;0.67;213.36;3.89;712;22;1153.00;73
2700;22;629070615;2700;156;3421;3483;11.01;0.68;213.34;3.89;721;22;1154.00;62
2701;22;629070624;2701;156;3428;3483;10.94;0.67;213.49;3.89;727;22;1155.00;55
2704;22;629070634;2704;161;3435;3483;10.92;0.67;213.48;3.89;731;22;1156.00;48
2708;22;629070644;2708;160;3440;3483;10.86;0.67;213.68;3.90;732;22;1157.00;43
2710;22;629070654;2710;163;3446;3483;10.77;0.66;213.74;3.90;736;22;1158.00;37
2711;22;629070663;2711;168;3451;3483;10.68;0.66;213.81;3.90;740;22;1159.00;32
2713;22;629070673;2713;172;3454;3484;10.59;0.65;213.86;3.91;741;22;1160.00;30
2717;22;629070683;2717;177;3459;3485;10.59;0.65;213.74;3.91;742;22;1161.00;26
2719;22;629070692;2719;187;3460;3485;10.53;0.65;213.96;3.91;741;22;1162.00;25
2721;22;629070702;2721;195;3462;3486;10.45;0.64;213.92;3.92;741;22;1163.00;24
2724;22;629070711;2724;200;3464;3486;10.45;0.64;213.96;3.92;740;22;1164.00;22
2727;22;629070721;2727;208;3466;3486;10.27;0.63;213.88;3.93;739;22;1165.00;20
2730;22;629070731;2730;217;3469;3486;10.07;0.62;214.06;3.93;739;22;1166.00;17
2732;22;629070741;2732;223;3472;3490;9.88;0.61;214.16;3.94;740;22;1167.00;18
2736;22;629070751;2736;231;3474;3490;9.67;0.60;214.21;3.94;738;22;1168.00;16
2740;22;629070767;2740;235;3475;3490;9.51;0.59;214.23;3.94;735;22;1169.00;15
2740;22;629070778;2740;228;3478;3496;9.38;0.58;214.23;3.95;738;22;1170.00;18
2746;22;629070788;2746;231;3479;3496;9.28;0.57;214.29;3.95;733;22;1171.00;17
2749;22;629070798;2749;231;3480;3496;9.23;0.57;214.27;3.95;731;22;1172.00;16
2751;22;629070813;2751;238;3485;3500;9.05;0.56;214.28;3.94;734;22;1173.00;15
2756;22;629070823;2756;238;3486;3501;8.98;0.55;214.16;3.94;730;22;1174.00;15
2758;22;629070833;2758;242;3487;3501;8.91;0.54;214.16;3.94;729;22;1175.00;14
2763;22;629070842;2763;241;3491;3505;8.88;0.54;214.06;3.94;728;22;1176.00;14
2764;22;629070852;2764;245;3492;3505;8.86;0.54;214.07;3.94;728;22;1177.00;13
2768;22;629070862;2768;248;3493;3505;8.85;0.54;213.97;3.94;725;22;1178.00;12
2772;22;629070872;2772;248;3494;3506;8.85;0.54;214.07;3.94;722;22;1179.00;12
2774;22;629070881;2774;248;3494;3506;8.92;0.54;214.01;3.94;720;22;1180.00;12
2776;22;629070891;2776;248;3499;3512;8.94;0.54;214.09;3.93;723;22;1181.00;13
2780;22;629070901;2780;249;3500;3512;8.86;0.54;214.05;3.93;720;22;1182.00;12
2785;22;629070910;2785;249;3501;3513;8.74;0.53;214.07;3.93;716;22;1183.00;12
2787;22;629070920;2787;242;3501;3513;8.73;0.53;214.07;3.93;714;22;1184.00;12
2793;22;629070929;2793;237;3501;3513;8.65;0.53;214.13;3.93;708;22;1185.00;12
2799;22;629070945;2799;242;3501;3513;8.57;0.52;214.40;3.93;702;22;1186.00;12
2801;22;629070954;2801;239;3501;3513;8.63;0.53;214.39;3.93;700;22;1187.00;12
2809;22;629070962;2809;237;3512;3525;8.68;0.53;214.55;3.92;703;22;1188.00;13
2810;22;629070972;2810;237;3512;3525;8.67;0.53;214.61;3.92;702;22;1189.00;13
2815;22;629070981;2815;232;3513;3525;8.67;0.53;214.81;3.92;698;22;1190.00;12
2822;22;629070990;2822;233;3513;3525;8.67;0.53;215.06;3.92;691;22;1191.00;12
2823;22;629070999;2823;224;3513;3525;8.80;0.54;215.04;3.92;690;22;1192.00;12
2826;22;629071007;2826;219;3513;3525;8.92;0.55;215.18;3.92;687;22;1193.00;12
2830;22;629071016;2830;212;3517;3529;8.99;0.55;215.32;3.92;687;22;1194.00;12
2834;22;629071026;2834;212;3517;3529;9.03;0.55;215.37;3.92;683;22;1195.00;12
2841;22;629071035;2841;212;3520;3533;9.15;0.56;215.47;3.91;679;22;1196.00;13
2847;22;629071044;2847;206;3521;3534;9.21;0.56;215.63;3.91;674;22;1197.00;13
2851;22;629071054;2851;199;3522;3534;9.31;0.57;215.76;3.91;671;22;1198.00;12
2854;22;629071063;2854;193;3522;3534;9.38;0.57;215.90;3.91;668;22;1199.00;12
2857;22;629071074;2857;190;3545;3575;9.30;0.57;215.98;3.89;688;22;1200.00;30
2862;22;629071093;2862;177;3546;3575;9.31;0.57;216.16;3.89;684;22;1201.00;29
2867;22;629071102;2867;177;3549;3575;9.26;0.57;216.32;3.89;682;22;1202.00;26
2870;22;629071112;2870;170;3551;3576;9.36;0.57;216.29;3.88;681;22;1203.00;25
2876;22;629071121;2876;176;3554;3577;9.34;0.57;216.56;3.88;678;22;1204.00;23
2877;22;629071131;2877;171;3556;3577;9.41;0.57;216.50;3.88;679;22;1205.00;21
2884;22;629071140;2884;175;3558;3580;9.54;0.58;216.53;3.88;674;22;1206.00;22
2889;22;629071150;2889;171;3559;3580;9.61;0.59;216.73;3.88;670;22;1207.00;21
2892;22;629071159;2892;163;3560;3580;9.76;0.60;216.68;3.88;668;22;1208.00;20
2898;22;629071169;2898;164;3560;3580;9.79;0.60;216.82;3.88;662;22;1209.00;20
2901;22;629071178;2901;174;3567;3586;9.90;0.61;216.82;3.88;666;22;1210.00;19
2903;22;629071188;2903;172;3567;3586;9.92;0.61;216.85;3.88;664;22;1211.00;19
2908;22;629071197;2908;174;3568;3586;9.88;0.61;217.06;3.88;660;22;1212.00;18
2913;22;629071207;2913;168;3568;3586;9.81;0.60;217.06;3.88;655;22;1213.00;18
2921;22;629071217;2921;160;3572;3590;9.68;0.59;217.17;3.88;651;22;1214.00;18
2925;22;629071227;2925;159;3574;3592;9.65;0.59;217.10;3.88;649;22;1215.00;18
2930;22;629071237;2930;162;3575;3592;9.55;0.58;217.36;3.88;645;22;1216.00;17
2936;22;629071247;2936;162;3576;3593;9.51;0.58;217.37;3.88;640;22;1217.00;17
2938;22;629071257;2938;165;3576;3593;9.56;0.58;217.43;3.88;638;22;1218.00;17
2942;22;629071267;2942;167;3576;3593;9.54;0.58;217.49;3.88;634;22;1219.00;17
2944;22;629071275;2944;172;3576;3593;9.57;0.58;217.49;3.88;632;22;1220.00;17
2946;22;629071285;2946;177;3576;3593;9.50;0.58;217.58;3.88;630;22;1221.00;17
2949;22;629071295;2949;176;3577;3593;9.41;0.58;217.47;3.88;628;22;1222.00;16
2952;22;629071304;2952;181;3577;3593;9.33;0.57;217.46;3.88;625;22;1223.00;16
2955;22;629071319;2955;200;3619;3663;9.23;0.57;217.49;3.84;664;22;1224.00;44
2958;22;629071334;2958;196;3620;3664;9.18;0.57;217.46;3.84;662;22;1225.00;44
2964;22;629071344;2964;196;3624;3664;9.24;0.57;217.45;3.84;660;22;1226.00;40
2965;22;629071353;2965;197;3624;3664;9.29;0.57;217.42;3.84;659;22;1227.00;40
2968;22;629071363;2968;205;3629;3666;9.29;0.57;217.37;3.84;661;22;1228.00;37
2971;23;629071373;2971;209;3630;3666;9.37;0.58;217.53;3.84;659;23;1229.00;36
2974;23;629071395;2974;215;3634;3666;9.45;0.58;217.62;3.85;660;23;1230.00;32
2976;23;629071405;2976;218;3636;3666;9.41;0.58;217.64;3.85;660;23;1231.00;30
2982;23;629071418;2982;226;3640;3667;9.26;0.57;217.64;3.85;658;23;1232.00;27
2983;23;629071427;2983;236;3642;3668;9.22;0.57;217.67;3.85;659;23;1233.00;26
2990;23;629071437;2990;244;3647;3668;9.11;0.56;217.85;3.87;657;23;1234.00;21
2992;24;629071448;2992;248;3653;3672;8.93;0.55;218.04;3.87;661;24;1235.00;19
2994;24;629071476;2994;258;3655;3672;8.76;0.54;218.03;3.87;661;24;1236.00;17
2999;24;629071485;2999;252;3655;3672;8.67;0.53;218.13;3.87;656;24;1237.00;17
3000;24;629071494;3000;250;3656;3672;8.63;0.53;218.13;3.87;656;24;1238.00;16
3002;24;629071504;3002;249;3662;3678;8.63;0.53;218.15;3.87;660;24;1239.00;16
3002;24;629071514;3002;248;3663;3678;8.66;0.53;218.15;3.87;661;24;1240.00;15
3007;24;629071528;3007;240;3663;3678;8.67;0.53;218.18;3.87;656;24;1241.00;15
3007;24;629071538;3007;239;3666;3681;8.78;0.53;218.18;3.87;659;24;1242.00;15
3009;24;629071548;3009;240;3666;3681;8.79;0.53;218.25;3.87;657;24;1243.00;15
3010;24;629071557;3010;241;3666;3681;8.79;0.53;218.19;3.87;656;24;1244.00;15
3015;24;629071566;3015;240;3667;3682;8.73;0.53;218.28;3.87;652;24;1245.00;15
3016;24;629071576;3016;225;3668;3683;8.72;0.53;218.24;3.87;652;24;1246.00;15
3017;24;629071592;3017;218;3668;3683;8.74;0.53;218.20;3.87;651;24;1247.00;15
3018;24;629071602;3018;209;3680;3696;8.81;0.53;218.23;3.85;662;24;1248.00;16
3019;24;629071612;3019;197;3681;3696;8.91;0.54;218.26;3.85;662;24;1249.00;15
3021;24;629071622;3021;193;3681;3696;8.97;0.54;218.15;3.85;660;24;1250.00;15
3023;24;629071632;3023;188;3682;3697;9.06;0.55;218.11;3.85;659;24;1251.00;15
3025;24;629071642;3025;181;3682;3697;9.09;0.55;218.22;3.85;657;24;1252.00;15
3029;24;629071652;3029;180;3685;3701;9.19;0.56;218.08;3.85;656;24;1253.00;16
3030;24;629071663;3030;179;3685;3701;9.22;0.56;218.10;3.85;655;24;1254.00;16
3033;24;629071672;3033;183;3690;3705;9.27;0.56;218.02;3.85;657;24;1255.00;15
3033;24;629071682;3033;185;3690;3705;9.40;0.57;218.02;3.85;657;24;1256.00;15
3035;24;629071691;3035;177;3690;3705;9.48;0.58;217.93;3.85;655;24;1257.00;15
3035;24;629071700;3035;178;3690;3705;9.57;0.58;217.93;3.85;655;24;1258.00;15
3039;24;629071709;3039;182;3690;3705;9.53;0.58;217.83;3.85;651;24;1259.00;15
3041;24;629071720;3041;185;3714;3739;9.53;0.58;217.94;3.82;673;24;1260.00;25
3044;24;629071732;3044;180;3714;3739;9.62;0.59;217.85;3.82;670;24;1261.00;25
3045;24;629071741;3045;184;3715;3739;9.66;0.59;217.79;3.82;670;24;1262.00;24
3047;24;629071750;3047;189;3715;3739;9.67;0.59;217.73;3.82;668;24;1263.00;24
3050;24;629071758;3050;188;3716;3739;9.65;0.59;217.58;3.82;666;24;1264.00;23
3050;24;629071767;3050;187;3718;3739;9.73;0.59;217.58;3.82;668;24;1265.00;21
3050;24;629071776;3050;191;3719;3740;9.79;0.60;217.58;3.82;669;24;1266.00;21
3052;24;629071785;3052;190;3720;3740;9.86;0.60;217.52;3.82;668;24;1267.00;20
3055;24;629071794;3055;191;3723;3746;9.83;0.60;217.46;3.82;668;24;1268.00;23
3058;24;629071803;3058;193;3726;3747;9.84;0.60;217.36;3.82;668;24;1269.00;21
3062;24;629071818;3062;194;3726;3747;9.81;0.60;217.43;3.82;664;24;1270.00;21
3063;24;629071826;3063;198;3727;3747;9.86;0.60;217.42;3.82;664;24;1271.00;20
3064;24;629071840;3064;200;3731;3751;9.82;0.60;217.43;3.87;667;24;1272.00;20
3064;24;629071850;3064;198;3731;3751;9.81;0.60;217.43;3.87;667;24;1273.00;20
3064;24;629071864;3064;203;3731;3751;9.75;0.59;217.43;3.87;667;24;1274.00;20
3066;24;629071873;3066;210;3732;3752;9.72;0.59;217.42;3.87;666;24;1275.00;20
3066;24;629071881;3066;213;3735;3756;9.69;0.59;217.42;3.86;669;24;1276.00;21
3066;24;629071890;3066;215;3735;3756;9.68;0.59;217.42;3.86;669;24;1277.00;21
3069;24;629071898;3069;215;3737;3759;9.69;0.59;217.36;3.86;668;24;1278.00;22
3069;24;629071906;3069;215;3737;3759;9.73;0.59;217.36;3.86;668;24;1279.00;22
3071;24;629071915;3071;216;3738;3759;9.76;0.59;217.29;3.86;667;24;1280.00;21
3072;24;629071922;3072;215;3738;3759;9.80;0.60;217.28;3.86;666;24;1281.00;21
3073;24;629071930;3073;213;3741;3763;9.85;0.60;217.25;3.86;668;24;1282.00;22
3073;24;629071939;3073;205;3741;3763;9.91;0.60;217.25;3.86;668;24;1283.00;22
3074;24;629071947;3074;193;3742;3763;10.02;0.61;217.39;3.86;668;24;1284.00;21
3078;24;629071956;3078;186;3742;3763;10.06;0.61;217.37;3.86;664;24;1285.00;21
3079;24;629071964;3079;179;3742;3764;10.11;0.61;217.36;3.86;663;24;1286.00;22
3080;24;629071973;3080;174;3743;3765;10.26;0.62;217.34;3.86;663;24;1287.00;22
3082;25;629071982;3082;170;3743;3765;10.33;0.63;217.30;3.86;661;25;1288.00;22
3083;25;629072000;3083;162;3744;3766;10.46;0.64;217.29;3.86;661;25;1289.00;22
3086;25;629072011;3086;153;3744;3766;10.64;0.65;217.29;3.86;658;25;1290.00;22
3088;26;629072019;3088;149;3744;3766;10.80;0.66;217.24;3.86;656;26;1291.00;22
3090;26;629072048;3090;134;3744;3766;10.89;0.66;217.28;3.86;654;26;1292.00;22
3093;26;629072062;3093;128;3744;3766;10.94;0.67;217.21;3.86;651;26;1293.00;22
3096;26;629072071;3096;117;3745;3766;11.08;0.68;217.16;3.87;649;26;1294.00;21
3097;26;629072080;3097;110;3746;3766;11.24;0.68;217.18;3.87;649;26;1295.00;20
3101;26;629072090;3101;119;3805;3893;11.21;0.69;217.11;3.81;704;26;1296.00;88
3105;26;629072114;3105;108;3805;3894;11.33;0.70;217.10;3.81;700;26;1297.00;89
3106;26;629072125;3106;100;3812;3894;11.51;0.71;217.10;3.81;706;26;1298.00;82
3109;26;629072134;3109;98;3817;3894;11.58;0.71;216.99;3.81;708;26;1299.00;77
3111;26;629072144;3111;91;3823;3894;11.66;0.71;216.95;3.81;712;26;1300.00;71
3113;26;629072157;3113;86;3828;3894;11.67;0.72;216.92;3.81;715;26;1301.00;66
3114;26;629072167;3114;85;3833;3894;11.75;0.72;216.91;3.87;719;26;1302.00;61
3115;26;629072176;3115;86;3836;3894;11.81;0.72;216.98;3.87;721;26;1303.00;58
3117;26;629072186;3117;86;3840;3895;11.95;0.73;216.95;3.88;723;26;1304.00;55
3119;26;629072195;3119;86;3843;3897;12.01;0.73;216.94;3.88;724;26;1305.00;54
3122;26;629072206;3122;91;3848;3897;12.08;0.74;216.94;3.94;726;26;1306.00;49
3125;26;629072217;3125;90;3850;3898;12.14;0.74;216.95;3.94;725;26;1307.00;48
3129;26;629072227;3129;94;3852;3898;12.12;0.74;217.00;3.95;723;26;1308.00;46
3131;26;629072238;3131;93;3857;3898;12.01;0.74;216.99;4.02;726;26;1309.00;41
3135;26;629072248;3135;97;3859;3898;11.88;0.73;216.85;4.02;724;26;1310.00;39
3138;26;629072258;3138;104;3864;3902;11.86;0.72;216.84;4.03;726;26;1311.00;38
3144;26;629072269;3144;105;3866;3902;11.72;0.71;216.93;4.04;722;26;1312.00;36
3147;26;629072280;3147;113;3867;3902;11.52;0.70;217.04;4.04;720;26;1313.00;35
3150;26;629072290;3150;118;3873;3905;11.46;0.70;217.01;4.06;723;26;1314.00;32
3153;26;629072301;3153;130;3873;3905;11.35;0.69;217.12;4.06;720;26;1315.00;32
3155;26;629072311;3155;135;3876;3905;11.31;0.69;217.19;4.07;721;26;1316.00;29
3156;26;629072322;3156;141;3880;3909;11.17;0.68;217.22;4.07;724;26;1317.00;29
3159;26;629072332;3159;148;3882;3910;11.07;0.67;217.37;4.07;723;26;1318.00;28
3163;26;629072342;3163;154;3883;3910;11.01;0.67;217.52;4.07;720;26;1319.00;27
3166;26;629072354;3166;163;3889;3915;10.92;0.66;217.52;4.08;723;26;1320.00;26
3170;26;629072364;3170;169;3889;3915;10.82;0.66;217.69;4.08;719;26;1321.00;26
3172;26;629072380;3172;178;3889;3915;10.76;0.65;217.75;4.08;717;26;1322.00;26
3174;26;629072389;3174;182;3892;3916;10.67;0.65;217.93;4.09;718;26;1323.00;24
3177;26;629072399;3177;184;3892;3916;10.55;0.64;217.93;4.09;715;26;1324.00;24
3182;26;629072409;3182;188;3896;3922;10.49;0.64;217.99;4.09;714;26;1325.00;26
3188;26;629072420;3188;193;3898;3922;10.36;0.63;218.04;4.10;710;26;1326.00;24
3191;26;629072430;3191;198;3899;3923;10.34;0.63;218.08;4.10;708;26;1327.00;24
3194;26;629072440;3194;201;3900;3923;10.27;0.62;218.12;4.11;706;26;1328.00;23
3196;26;629072450;3196;202;3900;3923;10.13;0.62;218.06;4.11;704;26;1329.00;23
3201;26;629072465;3201;207;3901;3923;10.02;0.61;218.11;4.12;700;26;1330.00;22
3202;26;629072481;3202;207;3904;3923;9.92;0.60;218.08;4.14;702;26;1331.00;19
3205;26;629072494;3205;211;3914;3935;9.83;0.60;218.04;4.13;709;26;1332.00;21
3205;26;629072509;3205;214;3914;3935;9.75;0.59;218.04;4.13;709;26;1333.00;21
3209;26;629072523;3209;218;3916;3935;9.74;0.59;217.99;4.13;707;26;1334.00;19
3210;26;629072538;3210;223;3916;3935;9.66;0.59;218.08;4.13;706;26;1335.00;19
3214;26;629072552;3214;224;3919;3935;9.53;0.58;218.07;4.14;705;26;1336.00;16
3218;26;629072565;3218;229;3920;3935;9.43;0.57;218.03;4.14;702;26;1337.00;15
3220;26;629072583;3220;235;3924;3939;9.33;0.57;218.00;4.14;704;26;1338.00;15
3223;26;629072594;3223;231;3924;3939;9.30;0.57;218.01;4.14;701;26;1339.00;15
3226;26;629072605;3226;229;3927;3943;9.31;0.57;217.97;4.14;701;26;1340.00;16
3228;26;629072616;3228;231;3929;3944;9.25;0.56;217.98;4.14;701;26;1341.00;15
3230;26;629072626;3230;231;3929;3944;9.21;0.56;218.03;4.14;699;26;1342.00;15
3234;26;629072636;3234;228;3929;3944;9.13;0.56;218.06;4.14;695;26;1343.00;15
3234;26;629072647;3234;230;3941;3957;9.14;0.56;218.06;4.12;707;26;1344.00;16
3237;26;629072658;3237;229;3941;3957;9.14;0.56;218.07;4.12;704;26;1345.00;16
3239;26;629072668;3239;233;3942;3957;9.17;0.56;218.23;4.12;703;26;1346.00;15
3239;26;629072678;3239;230;3943;3958;9.24;0.57;218.23;4.12;704;26;1347.00;15
3241;26;629072687;3241;228;3944;3959;9.22;0.57;218.31;4.12;703;26;1348.00;15
3244;26;629072696;3244;232;3944;3959;9.27;0.57;218.28;4.12;700;26;1349.00;15
3246;26;629072707;3246;232;3947;3968;9.30;0.57;218.28;4.12;701;26;1350.00;21
3248;26;629072723;3248;234;3947;3968;9.28;0.57;218.27;4.12;699;26;1351.00;21
3255;26;629072739;3255;232;3949;3968;9.21;0.56;218.34;4.12;694;26;1352.00;19
3259;26;629072748;3259;232;3949;3968;9.10;0.56;218.47;4.12;690;26;1353.00;19
3262;26;629072757;3262;226;3954;3974;9.10;0.56;218.57;4.11;692;26;1354.00;20
3267;26;629072767;3267;230;3954;3974;8.95;0.55;218.77;4.11;687;26;1355.00;20
3270;26;629072776;3270;226;3955;3974;8.87;0.54;218.87;4.11;685;26;1356.00;19
3275;26;629072784;3275;232;3955;3974;8.70;0.53;218.92;4.11;680;26;1357.00;19
3278;26;629072792;3278;235;3960;3978;8.52;0.52;219.01;4.11;682;26;1358.00;18
3283;26;629072802;3283;238;3962;3979;8.40;0.51;218.98;4.11;679;26;1359.00;17
3289;26;629072811;3289;232;3963;3979;8.26;0.51;219.06;4.11;674;26;1360.00;16
3293;26;629072819;3293;227;3964;3980;8.17;0.50;219.22;4.11;671;26;1361.00;16
3297;26;629072828;3297;227;3964;3980;8.09;0.50;219.45;4.11;667;26;1362.00;16
3303;26;629072836;3303;229;3964;3980;8.07;0.50;219.66;4.11;661;26;1363.00;16
3306;26;629072845;3306;229;3964;3980;8.15;0.50;219.58;4.11;658;26;1364.00;16
3312;26;629072853;3312;227;3964;3980;8.14;0.50;219.67;4.11;652;26;1365.00;16
3314;26;629072862;3314;225;3964;3980;8.31;0.51;219.63;4.11;650;26;1366.00;16
3318;26;629072870;3318;216;3964;3980;8.40;0.52;219.82;4.11;646;26;1367.00;16
3320;26;629072878;3320;215;4004;4050;8.56;0.53;219.76;4.07;684;26;1368.00;46
3326;26;629072892;3326;209;4007;4051;8.61;0.53;219.95;4.07;681;26;1369.00;44
3329;26;629072901;3329;201;4013;4051;8.78;0.54;220.09;4.06;684;26;1370.00;38
3332;26;629072910;3332;201;4020;4051;8.86;0.55;220.11;4.06;688;26;1371.00;31
3336;26;629072918;3336;198;4024;4051;8.93;0.55;220.13;4.06;688;26;1372.00;27
3338;26;629072927;3338;196;4029;4051;9.03;0.56;220.12;4.06;691;26;1373.00;22
3344;26;629072936;3344;198;4030;4051;8.98;0.55;220.16;4.06;686;26;1374.00;21
3348;26;629072945;3348;194;4031;4051;8.95;0.55;220.16;4.06;683;26;1375.00;20
3353;26;629072954;3353;198;4033;4052;8.94;0.55;220.20;4.07;680;26;1376.00;19
3356;26;629072963;3356;199;4035;4053;8.94;0.55;220.31;4.07;679;26;1377.00;18
3362;26;629072972;3362;197;4035;4053;8.87;0.54;220.29;4.07;673;26;1378.00;18
3365;26;629072981;3365;201;4038;4057;8.79;0.54;220.36;4.06;673;26;1379.00;19
3374;26;629072991;3374;205;4038;4057;8.75;0.53;220.48;4.06;664;26;1380.00;19
3375;26;629073006;3375;211;4038;4057;8.74;0.53;220.44;4.06;663;26;1381.00;19
3384;26;629073015;3384;211;4038;4057;8.59;0.52;220.50;4.06;654;26;1382.00;19
3387;26;629073024;3387;211;4043;4063;8.61;0.52;220.59;4.06;656;26;1383.00;20
3390;26;629073040;3390;212;4044;4063;8.63;0.53;220.68;4.06;654;26;1384.00;19
3394;27;629073049;3394;216;4044;4063;8.61;0.52;220.66;4.06;650;27;1385.00;19
3398;27;629073070;3398;216;4046;4066;8.65;0.53;220.75;4.06;648;27;1386.00;20
3399;27;629073081;3399;220;4048;4066;8.61;0.53;220.73;4.07;649;27;1387.00;18
3404;27;629073090;3404;218;4049;4066;8.54;0.52;220.75;4.07;645;27;1388.00;17
3409;27;629073103;3409;216;4051;4067;8.40;0.51;220.88;4.07;642;27;1389.00;16
3412;27;629073113;3412;216;4052;4068;8.39;0.51;220.96;4.07;640;27;1390.00;16
3413;27;629073121;3413;216;4052;4068;8.39;0.51;221.00;4.07;639;27;1391.00;16
3418;27;629073129;3418;217;4065;4081;8.44;0.51;221.19;4.06;647;27;1392.00;16
3420;27;629073139;3420;230;4065;4081;8.42;0.51;221.09;4.06;645;27;1393.00;16
3424;27;629073148;3424;234;4065;4081;8.38;0.51;221.15;4.06;641;27;1394.00;16
3428;27;629073157;3428;237;4067;4083;8.36;0.51;221.24;4.05;639;27;1395.00;16
3431;28;629073166;3431;242;4067;4083;8.38;0.51;221.19;4.05;636;28;1396.00;16
3434;28;629073187;3434;248;4070;4087;8.41;0.51;221.23;4.05;636;28;1397.00;17
3438;28;629073196;3438;255;4070;4087;8.38;0.51;221.16;4.05;632;28;1398.00;17
3440;28;629073205;3440;260;4075;4091;8.33;0.51;221.11;4.05;635;28;1399.00;16
3443;28;629073214;3443;268;4075;4091;8.25;0.50;221.17;4.05;632;28;1400.00;16
3448;28;629073227;3448;271;4075;4091;8.15;0.50;221.09;4.05;627;28;1401.00;16
3452;28;629073236;3452;278;4075;4091;8.09;0.49;221.05;4.05;623;28;1402.00;16
3452;28;629073245;3452;285;4075;4091;8.07;0.49;221.05;4.05;623;28;1403.00;16
3454;28;629073253;3454;290;4085;4103;8.16;0.50;220.99;4.04;631;28;1404.00;18
3456;28;629073264;3456;293;4085;4103;8.11;0.49;221.04;4.04;629;28;1405.00;18
3459;28;629073273;3459;293;4087;4103;8.07;0.49;221.11;4.04;628;28;1406.00;16
3461;28;629073284;3461;287;4087;4103;7.98;0.49;221.07;4.04;626;28;1407.00;16
3463;28;629073294;3463;279;4087;4103;7.98;0.49;221.06;4.04;624;28;1408.00;16
3466;28;629073307;3466;276;4087;4103;7.99;0.49;220.95;4.04;621;28;1409.00;16
3468;28;629073320;3468;273;4088;4104;8.05;0.49;220.94;4.04;620;28;1410.00;16
3472;28;629073330;3472;273;4088;4104;8.04;0.49;220.82;4.04;616;28;1411.00;16
3474;28;629073343;3474;274;4093;4110;8.08;0.49;220.70;4.03;619;28;1412.00;17
3475;28;629073355;3475;276;4094;4111;8.08;0.49;220.67;4.03;619;28;1413.00;17
3476;28;629073366;3476;272;4095;4111;8.09;0.49;220.68;4.03;619;28;1414.00;16
3477;28;629073379;3477;272;4095;4111;8.01;0.49;220.63;4.03;618;28;1415.00;16
3478;28;629073395;3478;255;4099;4115;7.95;0.48;220.58;4.03;621;28;1416.00;16
3479;28;629073417;3479;238;4099;4115;8.00;0.49;220.53;4.03;620;28;1417.00;16
3480;28;629073427;3480;237;4099;4115;8.12;0.50;220.48;4.03;619;28;1418.00;16
3483;28;629073436;3483;228;4100;4116;8.29;0.51;220.62;4.03;617;28;1419.00;16
3484;28;629073445;3484;222;4104;4120;8.41;0.51;220.63;4.02;620;28;1420.00;16
3485;28;629073455;3485;214;4104;4120;8.50;0.52;220.60;4.02;619;28;1421.00;16
3488;28;629073466;3488;209;4106;4123;8.62;0.52;220.58;4.02;618;28;1422.00;17
3490;28;629073483;3490;200;4106;4123;8.73;0.53;220.60;4.02;616;28;1423.00;17
3491;28;629073492;3491;198;4107;4123;8.88;0.54;220.57;4.02;616;28;1424.00;16
3493;28;629073501;3493;197;4108;4123;8.98;0.55;220.53;4.10;615;28;1425.00;15
3495;28;629073510;3495;191;4111;4127;9.13;0.56;220.44;4.10;616;28;1426.00;16
3495;28;629073520;3495;187;4111;4127;9.26;0.56;220.44;4.10;616;28;1427.00;16
3496;28;629073529;3496;186;4112;4127;9.33;0.57;220.40;4.10;616;28;1428.00;15
3496;28;629073538;3496;186;4112;4127;9.42;0.57;220.40;4.10;616;28;1429.00;15
3496;28;629073546;3496;186;4113;4128;9.45;0.58;220.40;4.10;617;28;1430.00;15
3498;28;629073555;3498;185;4114;4129;9.46;0.58;220.39;4.10;616;28;1431.00;15
3498;28;629073569;3498;182;4114;4129;9.50;0.58;220.39;4.10;616;28;1432.00;15
3499;28;629073577;3499;174;4115;4130;9.51;0.58;220.34;4.10;616;28;1433.00;15
3500;28;629073586;3500;171;4115;4130;9.43;0.57;220.34;4.10;615;28;1434.00;15
3502;28;629073595;3502;160;4115;4130;9.50;0.58;220.34;4.10;613;28;1435.00;15
3503;28;629073604;3503;145;4115;4130;9.65;0.59;220.30;4.10;612;28;1436.00;15
3506;28;629073612;3506;140;4115;4130;9.84;0.60;220.31;4.10;609;28;1437.00;15
3507;28;629073621;3507;132;4115;4130;10.09;0.61;220.27;4.10;608;28;1438.00;15
3507;29;629073629;3507;126;4115;4130;10.29;0.63;220.27;4.10;608;29;1439.00;15
3509;29;629073645;3509;165;4227;4360;10.08;0.63;220.26;3.99;718;29;1440.00;133
3512;29;629073672;3512;145;4230;4361;10.15;0.63;220.21;3.99;718;29;1441.00;131
3513;29;629073687;3513;125;4240;4361;10.39;0.65;220.23;3.98;727;29;1442.00;121
3515;30;629073697;3515;119;4248;4361;10.59;0.66;220.20;3.98;733;30;1443.00;113
3517;30;629073722;3517;110;4255;4361;10.63;0.66;220.16;3.98;738;30;1444.00;106
3518;30;629073733;3518;113;4260;4361;10.71;0.66;220.18;3.98;742;30;1445.00;101
3519;30;629073747;3519;116;4265;4361;10.78;0.66;220.16;3.99;746;30;1446.00;96
3520;30;629073761;3520;118;4270;4361;10.79;0.66;220.14;3.99;750;30;1447.00;91
3520;30;629073780;3520;125;4275;4362;10.85;0.67;220.14;3.99;755;30;1448.00;87
3522;30;629073802;3522;126;4277;4363;10.92;0.67;220.12;4.00;755;30;1449.00;86
3522;30;629073816;3522;132;4283;4363;10.91;0.67;220.12;4.09;761;30;1450.00;80
3523;30;629073833;3523;136;4284;4364;10.92;0.67;220.11;4.09;761;30;1451.00;80
3523;30;629073844;3523;142;4288;4364;10.94;0.68;220.11;4.10;765;30;1452.00;76
3523;30;629073855;3523;146;4289;4364;10.94;0.67;220.11;4.10;766;30;1453.00;75
3526;30;629073868;3526;154;4293;4364;10.90;0.67;220.16;4.11;767;30;1454.00;71
3526;30;629073882;3526;160;4296;4368;10.89;0.67;220.16;4.11;770;30;1455.00;72
3530;30;629073894;3530;160;4298;4368;10.92;0.67;220.18;4.11;768;30;1456.00;70
3532;30;629073910;3532;163;4301;4368;10.94;0.67;220.22;4.12;769;30;1457.00;67
3539;30;629073926;3539;163;4302;4371;10.97;0.67;220.19;4.12;763;30;1458.00;69
3541;30;629073938;3541;163;4304;4371;11.05;0.68;220.17;4.13;763;30;1459.00;67
3543;30;629073948;3543;165;4305;4371;11.13;0.68;220.20;4.13;762;30;1460.00;66
3551;30;629073959;3551;163;4309;4375;11.15;0.68;220.18;4.13;758;30;1461.00;66
3553;30;629073970;3553;159;4312;4376;11.27;0.69;220.20;4.14;759;30;1462.00;64
3560;30;629073982;3560;154;4314;4376;11.34;0.69;220.32;4.15;754;30;1463.00;62
3562;30;629073993;3562;153;4316;4380;11.45;0.70;220.27;4.15;754;30;1464.00;64
3565;30;629074005;3565;150;4321;4380;11.45;0.70;220.31;4.25;756;30;1465.00;59
3568;30;629074022;3568;149;4322;4380;11.45;0.70;220.37;4.25;754;30;1466.00;58
3570;30;629074033;3570;142;4322;4381;11.49;0.70;220.38;4.25;752;30;1467.00;59
3575;30;629074048;3575;143;4323;4381;11.54;0.70;220.64;4.25;748;30;1468.00;58
3577;30;629074059;3577;138;4327;4387;11.60;0.71;220.65;4.25;750;30;1469.00;60
3580;30;629074072;3580;138;4327;4387;11.61;0.71;220.71;4.25;747;30;1470.00;60
3582;30;629074084;3582;132;4329;4388;11.57;0.70;220.82;4.34;747;30;1471.00;59
3587;30;629074094;3587;129;4330;4388;11.54;0.70;220.92;4.34;743;30;1472.00;58
3588;30;629074105;3588;127;4330;4388;11.59;0.70;220.93;4.34;742;30;1473.00;58
3591;30;629074116;3591;132;4331;4388;11.58;0.70;220.88;4.43;740;30;1474.00;57
3596;30;629074126;3596;138;4331;4388;11.58;0.70;221.00;4.43;735;30;1475.00;57
3598;30;629074137;3598;137;4342;4400;11.62;0.70;221.02;4.51;744;30;1476.00;58
3601;30;629074149;3601;144;4344;4400;11.67;0.71;220.98;4.52;743;30;1477.00;56
3604;30;629074161;3604;143;4344;4400;11.74;0.71;221.06;4.52;740;30;1478.00;56
3606;30;629074173;3606;149;4345;4400;11.73;0.71;221.00;4.59;739;30;1479.00;55
3607;30;629074185;3607;151;4347;4400;11.66;0.71;221.03;4.60;740;30;1480.00;53
3612;30;629074202;3612;154;4347;4400;11.65;0.71;221.04;4.60;735;30;1481.00;53
3613;30;629074215;3613;159;4351;4404;11.55;0.70;221.01;4.68;738;30;1482.00;53
3614;31;629074227;3614;155;4352;4404;11.49;0.70;221.08;4.68;738;31;1483.00;52
3615;31;629074250;3615;160;4356;4408;11.44;0.69;221.13;4.75;741;31;1484.00;52
3617;31;629074262;3617;164;4359;4410;11.39;0.69;221.17;4.75;742;31;1485.00;51
3619;31;629074279;3619;168;4360;4410;11.26;0.68;221.23;4.75;741;31;1486.00;50
3621;31;629074291;3621;174;4361;4410;11.15;0.68;221.21;4.76;740;31;1487.00;49
3622;31;629074302;3622;183;4369;4423;11.03;0.67;221.19;4.75;747;31;1488.00;54
3624;31;629074319;3624;192;4370;4423;10.96;0.67;221.26;4.76;746;31;1489.00;53
3627;31;629074330;3627;193;4373;4423;10.88;0.66;221.19;4.78;746;31;1490.00;50
3632;31;629074347;3632;204;4375;4424;10.78;0.66;221.29;4.79;743;31;1491.00;49
3633;31;629074359;3633;206;4375;4425;10.71;0.65;221.24;4.79;742;31;1492.00;50
3634;31;629074371;3634;209;4378;4425;10.64;0.65;221.25;4.82;744;31;1493.00;47
3637;31;629074382;3637;218;4381;4428;10.62;0.65;221.24;4.83;744;31;1494.00;47
3639;31;629074394;3639;220;4383;4428;10.57;0.64;221.24;4.84;744;31;1495.00;45
3641;31;629074405;3641;226;4385;4428;10.51;0.64;221.24;4.86;744;31;1496.00;43
3645;31;629074417;3645;232;4386;4428;10.38;0.63;221.23;4.87;741;31;1497.00;42
3648;31;629074428;3648;244;4391;4434;10.30;0.63;221.25;4.88;743;31;1498.00;43
3650;31;629074439;3650;247;4394;4434;10.10;0.61;221.25;4.91;744;31;1499.00;40
3651;31;629074453;3651;253;4402;4453;9.95;0.61;221.24;4.95;751;31;1500.00;51
3653;31;629074475;3653;255;4402;4453;9.85;0.60;221.26;4.95;749;31;1501.00;51
3656;31;629074489;3656;265;4409;4457;9.68;0.59;221.28;4.96;753;31;1502.00;48
3657;31;629074503;3657;268;4410;4458;9.58;0.58;221.37;4.96;753;31;1503.00;48
3659;31;629074519;3659;275;4412;4458;9.45;0.58;221.32;4.98;753;31;1504.00;46
3660;31;629074532;3660;282;4414;4459;9.42;0.57;221.31;4.98;754;31;1505.00;45
3662;31;629074546;3662;289;4416;4459;9.27;0.56;221.28;4.99;754;31;1506.00;43
3664;31;629074560;3664;293;4418;4459;9.14;0.56;221.30;5.00;754;31;1507.00;41
3668;31;629074574;3668;298;4420;4459;9.04;0.55;221.28;5.01;752;31;1508.00;39
3673;31;629074587;3673;300;4422;4459;8.92;0.54;221.20;5.01;749;31;1509.00;37
3675;31;629074600;3675;294;4422;4459;8.86;0.54;221.20;5.01;747;31;1510.00;37
3677;31;629074611;3677;295;4423;4459;8.77;0.53;221.19;5.02;746;31;1511.00;36
3678;31;629074629;3678;297;4451;4529;8.73;0.53;221.16;4.99;773;31;1512.00;78
3680;31;629074648;3680;295;4455;4530;8.71;0.53;221.12;4.99;775;31;1513.00;75
3683;31;629074660;3683;288;4462;4530;8.75;0.53;221.08;4.99;779;31;1514.00;68
3684;31;629074673;3684;287;4464;4530;8.72;0.53;221.10;4.99;780;31;1515.00;66
3686;31;629074687;3686;287;4470;4530;8.68;0.53;221.08;4.99;784;31;1516.00;60
3688;31;629074702;3688;283;4472;4530;8.63;0.53;221.15;4.99;784;31;1517.00;58
3692;31;629074716;3692;287;4475;4530;8.66;0.53;221.14;4.99;783;31;1518.00;55
3692;31;629074729;3692;289;4479;4530;8.68;0.53;221.14;4.99;787;31;1519.00;51
3694;31;629074740;3694;286;4479;4531;8.65;0.53;221.19;4.99;785;31;1520.00;52
3698;31;629074750;3698;289;4483;4532;8.56;0.52;221.07;5.00;785;31;1521.00;49
3701;31;629074761;3701;288;4483;4532;8.45;0.52;221.13;5.00;782;31;1522.00;49
3706;31;629074772;3706;293;4489;4536;8.37;0.51;221.20;5.00;783;31;1523.00;47
3710;31;629074782;3710;293;4489;4536;8.30;0.51;221.24;5.00;779;31;1524.00;47
3715;31;629074792;3715;293;4491;4536;8.21;0.51;221.41;5.00;776;31;1525.00;45
3721;31;629074808;3721;290;4491;4536;8.08;0.50;221.47;5.00;770;31;1526.00;45
3728;31;629074820;3728;284;4496;4542;8.01;0.49;221.57;5.01;768;31;1527.00;46
3732;31;629074833;3732;293;4499;4542;7.87;0.49;221.55;5.01;767;31;1528.00;43
3737;31;629074844;3737;298;4501;4542;7.75;0.48;221.66;5.02;764;31;1529.00;41
3741;31;629074856;3741;285;4504;4548;7.59;0.47;221.85;5.02;763;31;1530.00;44
3744;31;629074866;3744;278;4504;4548;7.52;0.46;221.86;5.02;760;31;1531.00;44
3750;31;629074876;3750;280;4504;4548;7.40;0.46;222.07;5.02;754;31;1532.00;44
3751;31;629074885;3751;279;4505;4549;7.34;0.45;222.13;5.01;754;31;1533.00;44
3757;31;629074895;3757;274;4507;4550;7.27;0.45;222.23;5.02;750;31;1534.00;43
3760;31;629074906;3760;268;4508;4550;7.25;0.45;222.25;5.03;748;31;1535.00;42
3763;31;629074918;3763;268;4521;4563;7.20;0.44;222.34;5.02;758;31;1536.00;42
3769;32;629074932;3769;261;4521;4563;7.24;0.44;222.27;5.02;752;32;1537.00;42
3773;32;629074954;3773;256;4521;4563;7.35;0.45;222.42;5.02;748;32;1538.00;42
3774;32;629074964;3774;250;4522;4564;7.51;0.46;222.44;5.02;748;32;1539.00;42
3777;32;629074973;3777;243;4525;4564;7.64;0.47;222.46;5.04;748;32;1540.00;39
3778;32;629074983;3778;240;4529;4568;7.79;0.48;222.42;5.05;751;32;1541.00;39
3781;32;629074996;3781;230;4530;4568;7.83;0.48;222.45;5.05;749;32;1542.00;38
3785;32;629075005;3785;228;4534;4572;7.82;0.48;222.48;5.05;749;32;1543.00;38
3787;32;629075015;3787;228;4536;4572;7.84;0.48;222.49;5.06;749;32;1544.00;36
3792;32;629075025;3792;234;4536;4572;7.87;0.48;222.46;5.06;744;32;1545.00;36
3797;32;629075035;3797;239;4537;4572;7.94;0.49;222.52;5.06;740;32;1546.00;35
3801;32;629075045;3801;243;4537;4572;7.93;0.48;222.58;5.06;736;32;1547.00;35
3805;32;629075054;3805;238;4548;4584;8.02;0.49;222.63;5.05;743;32;1548.00;36
3808;32;629075065;3808;236;4549;4584;8.04;0.49;222.69;5.06;741;32;1549.00;35
3812;32;629075075;3812;238;4550;4584;8.02;0.49;222.72;5.07;738;32;1550.00;34
3814;32;629075094;3814;237;4551;4584;8.02;0.49;222.77;5.07;737;32;1551.00;33
3818;32;629075104;3818;227;4551;4584;8.06;0.49;222.77;5.07;733;32;1552.00;33
3822;32;629075113;3822;219;4552;4584;8.06;0.49;222.97;5.08;730;32;1553.00;32
3825;32;629075123;3825;223;4554;4585;7.98;0.49;222.94;5.08;729;32;1554.00;31
3829;32;629075132;3829;225;4557;4587;7.89;0.48;222.91;5.09;728;32;1555.00;30
3833;32;629075143;3833;232;4562;4593;7.84;0.48;222.99;5.09;729;32;1556.00;31
3837;32;629075153;3837;232;4563;4594;7.84;0.48;222.97;5.09;726;32;1557.00;31
3842;32;629075163;3842;237;4565;4594;7.70;0.47;222.97;5.10;723;32;1558.00;29
3846;32;629075173;3846;241;4566;4594;7.56;0.46;222.95;5.10;720;32;1559.00;28
3851;32;629075184;3851;247;4571;4599;7.50;0.46;222.86;5.09;720;32;1560.00;28
3855;32;629075194;3855;254;4571;4599;7.49;0.46;222.92;5.09;716;32;1561.00;28
3858;32;629075202;3858;260;4572;4599;7.45;0.46;222.87;5.10;714;32;1562.00;27
3859;32;629075213;3859;264;4574;4600;7.54;0.46;222.86;5.17;715;32;1563.00;26
3865;32;629075222;3865;262;4578;4604;7.52;0.46;222.82;5.17;713;32;1564.00;26
3868;32;629075231;3868;268;4578;4604;7.47;0.46;222.71;5.17;710;32;1565.00;26
3869;32;629075241;3869;270;4581;4607;7.53;0.46;222.68;5.17;712;32;1566.00;26
3875;32;629075251;3875;278;4581;4607;7.49;0.46;222.61;5.17;706;32;1567.00;26
3879;32;629075261;3879;289;4582;4607;7.43;0.45;222.51;5.17;703;32;1568.00;25
3883;32;629075273;3883;292;4582;4607;7.36;0.45;222.52;5.17;699;32;1569.00;25
3886;32;629075282;3886;296;4586;4611;7.36;0.45;222.43;5.17;700;32;1570.00;25
3889;32;629075293;3889;299;4587;4611;7.30;0.44;222.56;5.17;698;32;1571.00;24
3890;32;629075302;3890;304;4587;4611;7.26;0.44;222.55;5.17;697;32;1572.00;24
3892;32;629075312;3892;309;4587;4611;7.20;0.44;222.51;5.17;695;32;1573.00;24
3894;32;629075323;3894;310;4589;4612;7.11;0.43;222.48;5.17;695;32;1574.00;23
3898;32;629075342;3898;315;4591;4614;6.97;0.42;222.50;5.17;693;32;1575.00;23
3899;32;629075352;3899;322;4591;4614;6.88;0.42;222.50;5.17;692;32;1576.00;23
3900;32;629075361;3900;314;4592;4615;6.82;0.42;222.49;5.17;692;32;1577.00;23
3901;32;629075370;3901;311;4592;4615;6.82;0.42;222.44;5.17;691;32;1578.00;23
3902;32;629075380;3902;307;4592;4615;6.83;0.42;222.49;5.17;690;32;1579.00;23
3902;32;629075391;3902;309;4592;4615;6.86;0.42;222.49;5.17;690;32;1580.00;23
3905;32;629075401;3905;310;4592;4615;6.90;0.42;222.57;5.17;687;32;1581.00;23
3906;32;629075412;3906;304;4592;4615;7.00;0.43;222.61;5.17;686;32;1582.00;23
3908;32;629075423;3908;301;4592;4615;7.10;0.43;222.60;5.17;684;32;1583.00;23
3910;32;629075434;3910;316;4664;4742;7.42;0.46;222.78;5.09;754;32;1584.00;78
3912;32;629075456;3912;309;4666;4743;7.52;0.47;222.87;5.09;754;32;1585.00;77
3917;32;629075468;3917;286;4674;4743;7.63;0.47;223.06;5.08;757;32;1586.00;69
3918;32;629075484;3918;258;4679;4743;7.80;0.48;223.04;5.08;761;32;1587.00;64
3920;32;629075498;3920;239;4682;4743;7.97;0.49;223.05;5.08;762;32;1588.00;61
3921;32;629075510;3921;221;4686;4743;8.13;0.50;223.05;5.08;765;32;1589.00;57
3923;32;629075523;3923;211;4688;4743;8.29;0.51;223.05;5.08;765;32;1590.00;55
3924;32;629075535;3924;202;4689;4743;8.49;0.52;223.09;5.08;765;32;1591.00;54
3927;33;629075547;3927;190;4695;4744;8.69;0.53;223.04;5.08;768;33;1592.00;49
3927;33;629075592;3927;186;4696;4745;8.84;0.54;223.04;5.08;769;33;1593.00;49
3929;34;629075605;3929;180;4700;4745;8.94;0.55;223.09;5.09;771;34;1594.00;45
3930;34;629075629;3930;176;4705;4746;9.13;0.56;223.07;5.09;775;34;1595.00;41
3930;35;629075643;3930;176;4708;4746;9.25;0.57;223.07;5.10;778;35;1596.00;38
3932;35;629075667;3932;175;4710;4746;9.38;0.58;223.04;5.10;778;35;1597.00;36
3935;35;629075680;3935;174;4712;4746;9.50;0.58;223.12;5.10;777;35;1598.00;34
3936;35;629075702;3936;171;4716;4750;9.59;0.59;223.10;5.10;780;35;1599.00;34
3937;35;629075716;3937;167;4717;4750;9.62;0.59;223.09;5.10;780;35;1600.00;33
3940;35;629075733;3940;161;4718;4750;9.73;0.59;223.07;5.10;778;35;1601.00;32
3941;35;629075745;3941;158;4720;4753;9.81;0.60;223.03;5.10;779;35;1602.00;33
3944;35;629075758;3944;161;4721;4753;9.95;0.61;223.00;5.10;777;35;1603.00;32
3947;35;629075771;3947;152;4724;4753;10.02;0.61;222.98;5.19;777;35;1604.00;29
3948;35;629075784;3948;154;4728;4757;10.15;0.62;222.93;5.19;780;35;1605.00;29
3952;35;629075799;3952;147;4729;4758;10.25;0.62;222.92;5.18;777;35;1606.00;29
3953;35;629075815;3953;146;4729;4758;10.37;0.63;222.88;5.18;776;35;1607.00;29
3957;35;629075835;3957;140;4732;4762;10.46;0.64;222.90;5.18;775;35;1608.00;30
3960;35;629075854;3960;141;4732;4762;10.55;0.64;222.90;5.18;772;35;1609.00;30
3961;35;629075867;3961;139;4732;4762;10.66;0.65;222.95;5.18;771;35;1610.00;30
3962;36;629075879;3962;139;4733;4763;10.77;0.65;222.94;5.18;771;36;1611.00;30
3964;36;629075907;3964;142;4733;4763;10.85;0.66;223.00;5.18;769;36;1612.00;30
3964;36;629075920;3964;144;4737;4769;10.92;0.66;223.00;5.18;773;36;1613.00;32
3968;36;629075933;3968;146;4737;4769;11.02;0.67;223.04;5.18;769;36;1614.00;32
3970;36;629075946;3970;148;4738;4770;11.18;0.68;223.15;5.18;768;36;1615.00;32
3971;36;629075961;3971;146;4738;4770;11.27;0.68;223.21;5.18;767;36;1616.00;32
3973;36;629075974;3973;153;4738;4770;11.34;0.69;223.31;5.18;765;36;1617.00;32
3974;36;629075986;3974;153;4738;4770;11.39;0.69;223.33;5.18;764;36;1618.00;32
3981;36;629075999;3981;146;4738;4770;11.39;0.69;223.41;5.18;757;36;1619.00;32
3983;36;629076012;3983;145;4760;4806;11.35;0.69;223.51;5.15;777;36;1620.00;46
3986;36;629076031;3986;141;4760;4806;11.35;0.69;223.54;5.15;774;36;1621.00;46
3991;36;629076043;3991;142;4762;4806;11.33;0.69;223.73;5.15;771;36;1622.00;44
3995;36;629076055;3995;139;4763;4806;11.36;0.69;223.73;5.15;768;36;1623.00;43
3995;36;629076071;3995;140;4764;4806;11.44;0.70;223.73;5.15;769;36;1624.00;42
3998;36;629076091;3998;144;4766;4806;11.45;0.70;223.83;5.15;768;36;1625.00;40
4004;36;629076103;4004;144;4769;4810;11.47;0.70;223.93;5.15;765;36;1626.00;41
4006;36;629076115;4006;147;4770;4810;11.60;0.71;224.03;5.15;764;36;1627.00;40
4010;36;629076126;4010;148;4774;4814;11.64;0.71;224.06;5.15;764;36;1628.00;40
4011;36;629076138;4011;147;4776;4815;11.76;0.72;224.10;5.15;765;36;1629.00;39
4018;36;629076149;4018;145;4776;4815;11.74;0.71;224.13;5.15;758;36;1630.00;39
4021;36;629076159;4021;139;4777;4815;11.75;0.72;224.23;5.15;756;36;1631.00;38
4024;36;629076169;4024;139;4787;4828;11.68;0.71;224.35;5.13;763;36;1632.00;41
4029;36;629076194;4029;139;4787;4828;11.65;0.71;224.40;5.13;758;36;1633.00;41
4032;36;629076221;4032;132;4787;4828;11.67;0.71;224.38;5.13;755;36;1634.00;41
4038;36;629076248;4038;134;4789;4829;11.67;0.71;224.44;5.14;751;36;1635.00;40
4042;36;629076271;4042;133;4789;4830;11.65;0.71;224.46;5.14;747;36;1636.00;41
4046;36;629076293;4046;134;4789;4830;11.62;0.71;224.47;5.14;743;36;1637.00;41
4046;36;629076308;4046;134;4791;4833;11.69;0.71;224.47;5.14;745;36;1638.00;42
4049;36;629076321;4049;134;4791;4833;11.69;0.71;224.50;5.14;742;36;1639.00;42
4053;36;629076333;4053;138;4792;4833;11.72;0.71;224.66;5.14;739;36;1640.00;41
4056;36;629076345;4056;133;4792;4833;11.76;0.71;224.56;5.14;736;36;1641.00;41
4060;36;629076357;4060;134;4796;4839;11.84;0.72;224.60;5.14;736;36;1642.00;43
4062;36;629076371;4062;134;4796;4839;11.79;0.72;224.58;5.14;734;36;1643.00;43
4065;36;629076384;4065;129;4797;4839;11.67;0.71;224.62;5.14;732;36;1644.00;42
4068;36;629076397;4068;131;4797;4839;11.56;0.70;224.68;5.14;729;36;1645.00;42
4072;36;629076410;4072;134;4800;4843;11.45;0.70;224.59;5.13;728;36;1646.00;43
4073;36;629076425;4073;138;4803;4844;11.44;0.70;224.58;5.15;730;36;1647.00;41
4076;36;629076438;4076;144;4803;4844;11.43;0.70;224.55;5.15;727;36;1648.00;41
4078;36;629076450;4078;145;4805;4845;11.44;0.70;224.52;5.15;727;36;1649.00;40
4079;36;629076465;4079;149;4805;4845;11.35;0.69;224.55;5.15;726;36;1650.00;40
4083;36;629076480;4083;151;4805;4845;11.31;0.69;224.49;5.15;722;36;1651.00;40
4085;36;629076496;4085;154;4805;4845;11.28;0.69;224.45;5.15;720;36;1652.00;40
4088;36;629076512;4088;156;4805;4845;11.24;0.68;224.44;5.15;717;36;1653.00;40
4089;36;629076527;4089;161;4805;4845;11.17;0.68;224.40;5.15;716;36;1654.00;40
4089;36;629076544;4089;163;4805;4845;11.15;0.68;224.40;5.15;716;36;1655.00;40
4093;36;629076558;4093;169;4842;4915;11.06;0.68;224.37;5.11;749;36;1656.00;73
4094;36;629076583;4094;165;4846;4916;11.06;0.68;224.36;5.12;752;36;1657.00;70
4094;36;629076598;4094;168;4851;4916;11.16;0.68;224.36;5.11;757;36;1658.00;65
4097;36;629076611;4097;170;4853;4916;11.13;0.68;224.40;5.11;756;36;1659.00;63
4098;36;629076622;4098;177;4859;4916;11.13;0.68;224.37;5.13;761;36;1660.00;57
4102;36;629076634;4102;184;4862;4916;11.15;0.68;224.32;5.13;760;36;1661.00;54
4107;36;629076647;4107;181;4863;4916;11.07;0.68;224.50;5.13;756;36;1662.00;53
4108;36;629076660;4108;182;4870;4916;11.02;0.68;224.50;5.15;762;36;1663.00;46
4114;36;629076672;4114;179;4870;4917;10.91;0.67;224.41;5.15;756;36;1664.00;47
4116;36;629076684;4116;181;4878;4919;10.88;0.67;224.43;5.17;762;36;1665.00;41
4120;36;629076697;4120;188;4880;4919;10.78;0.66;224.38;5.17;760;36;1666.00;39
4120;36;629076710;4120;191;4883;4923;10.69;0.65;224.38;5.17;763;36;1667.00;40
4123;36;629076723;4123;194;4884;4923;10.58;0.65;224.31;5.18;761;36;1668.00;39
4126;36;629076736;4126;200;4884;4923;10.52;0.64;224.27;5.18;758;36;1669.00;39
4127;36;629076748;4127;205;4884;4923;10.41;0.64;224.26;5.18;757;36;1670.00;39
4130;36;629076760;4130;213;4891;4929;10.34;0.63;224.28;5.20;761;36;1671.00;38
4133;36;629076773;4133;223;4891;4929;10.29;0.63;224.30;5.20;758;36;1672.00;38
4135;36;629076785;4135;227;4892;4929;10.24;0.63;224.30;5.20;757;36;1673.00;37
4135;36;629076799;4135;232;4895;4932;10.22;0.63;224.30;5.20;760;36;1674.00;37
4140;36;629076811;4140;241;4897;4932;10.12;0.62;224.20;5.22;757;36;1675.00;35
4144;36;629076828;4144;247;4898;4932;10.02;0.61;224.19;5.22;754;36;1676.00;34
4146;36;629076839;4146;251;4899;4933;9.88;0.61;224.19;5.22;753;36;1677.00;34
4148;36;629076850;4148;256;4900;4934;9.69;0.59;224.11;5.22;752;36;1678.00;34
4149;36;629076861;4149;253;4903;4934;9.53;0.58;224.10;5.23;754;36;1679.00;31
4153;36;629076874;4153;254;4919;4960;9.31;0.57;224.14;5.22;766;36;1680.00;41
4156;36;629076894;4156;253;4923;4960;9.12;0.56;224.15;5.22;767;36;1681.00;37
4159;36;629076905;4159;251;4925;4960;8.97;0.55;224.15;5.22;766;36;1682.00;35
4161;36;629076918;4161;249;4927;4961;8.84;0.54;224.10;5.21;766;36;1683.00;34
4163;36;629076930;4163;250;4927;4961;8.78;0.54;224.11;5.21;764;36;1684.00;34
4164;36;629076943;4164;248;4930;4965;8.76;0.54;224.09;5.21;766;36;1685.00;35
4165;36;629076955;4165;247;4931;4965;8.72;0.54;224.09;5.21;766;36;1686.00;34
4172;36;629076968;4172;246;4935;4969;8.62;0.53;224.07;5.21;763;36;1687.00;34
4175;36;629076983;4175;248;4937;4969;8.61;0.53;224.08;5.22;762;36;1688.00;32
4176;36;629077000;4176;246;4937;4969;8.58;0.53;224.09;5.22;761;36;1689.00;32
4178;36;629077011;4178;250;4937;4969;8.55;0.52;224.09;5.22;759;36;1690.00;32
4183;36;629077022;4183;261;4937;4969;8.46;0.52;224.14;5.22;754;36;1691.00;32
4184;36;629077033;4184;269;4950;4981;8.44;0.52;224.15;5.21;766;36;1692.00;31
4189;36;629077044;4189;278;4950;4981;8.33;0.51;224.15;5.21;761;36;1693.00;31
4193;36;629077056;4193;278;4952;4981;8.21;0.50;224.12;5.21;759;36;1694.00;29
4197;36;629077066;4197;283;4952;4981;8.07;0.49;224.09;5.21;755;36;1695.00;29
4199;36;629077077;4199;284;4952;4981;7.86;0.48;224.10;5.21;753;36;1696.00;29
4202;36;629077088;4202;293;4952;4981;7.66;0.47;224.08;5.21;750;36;1697.00;29
4204;36;629077100;4204;302;4953;4982;7.35;0.45;224.11;5.21;749;36;1698.00;29
4205;37;629077110;4205;307;4953;4982;7.12;0.44;224.15;5.21;748;37;1699.00;29
4208;37;629077140;4208;310;4958;4988;7.04;0.44;224.14;5.20;750;37;1700.00;30
4211;37;629077156;4211;297;4959;4989;6.96;0.43;224.22;5.20;748;37;1701.00;30
4216;37;629077171;4216;295;4960;4989;6.91;0.43;224.22;5.20;744;37;1702.00;29
4220;37;629077182;4220;288;4960;4989;6.93;0.43;224.28;5.20;740;37;1703.00;29
4225;37;629077192;4225;283;4964;4993;6.89;0.43;224.25;5.20;739;37;1704.00;29
4229;37;629077203;4229;280;4964;4993;6.78;0.42;224.36;5.20;735;37;1705.00;29
4230;37;629077213;4230;276;4964;4993;6.76;0.42;224.42;5.20;734;37;1706.00;29
4235;37;629077223;4235;273;4965;4994;6.75;0.41;224.60;5.20;730;37;1707.00;29
4237;37;629077235;4237;270;4969;4998;6.79;0.42;224.62;5.19;732;37;1708.00;29
4239;37;629077244;4239;269;4969;4998;6.85;0.42;224.63;5.19;730;37;1709.00;29
4244;37;629077256;4244;269;4972;5004;6.90;0.42;224.62;5.19;728;37;1710.00;32
4247;37;629077267;4247;267;4973;5004;6.92;0.42;224.57;5.19;726;37;1711.00;31
4251;37;629077278;4251;266;4974;5004;6.97;0.43;224.53;5.19;723;37;1712.00;30
4255;37;629077290;4255;268;4974;5004;6.98;0.43;224.58;5.19;719;37;1713.00;30
4257;37;629077301;4257;265;4977;5008;7.08;0.43;224.60;5.19;720;37;1714.00;31
4263;37;629077312;4263;262;4977;5008;7.01;0.43;224.61;5.19;714;37;1715.00;31
4267;37;629077322;4267;255;4978;5008;7.04;0.43;224.53;5.19;711;37;1716.00;30
4270;37;629077333;4270;250;4978;5008;6.99;0.43;224.54;5.19;708;37;1717.00;30
4273;37;629077346;4273;254;4980;5009;6.94;0.42;224.46;5.19;707;37;1718.00;29
4275;37;629077356;4275;257;4981;5010;6.92;0.42;224.44;5.19;706;37;1719.00;29
4277;37;629077366;4277;263;4981;5010;6.89;0.42;224.41;5.19;704;37;1720.00;29
4284;37;629077376;4284;265;4982;5011;6.81;0.42;224.43;5.18;698;37;1721.00;29
4288;37;629077386;4288;269;4982;5011;6.82;0.42;224.47;5.18;694;37;1722.00;29
4293;37;629077396;4293;268;4983;5011;6.79;0.42;224.51;5.28;690;37;1723.00;28
4294;37;629077407;4294;262;4983;5011;6.81;0.42;224.54;5.28;689;37;1724.00;28
4296;37;629077417;4296;258;4983;5011;6.88;0.42;224.51;5.28;687;37;1725.00;28
4298;37;629077427;4298;262;4983;5011;6.95;0.43;224.54;5.28;685;37;1726.00;28
4303;37;629077437;4303;264;4983;5011;6.96;0.43;224.60;5.28;680;37;1727.00;28
4306;37;629077447;4306;276;5054;5138;7.45;0.46;224.57;5.20;748;37;1728.00;84
4310;37;629077468;4310;275;5057;5139;7.49;0.47;224.53;5.20;747;37;1729.00;82
4313;37;629077485;4313;274;5066;5139;7.72;0.48;224.59;5.19;753;37;1730.00;73
4316;37;629077501;4316;273;5072;5139;7.79;0.48;224.54;5.19;756;37;1731.00;67
4319;37;629077513;4319;276;5079;5139;7.85;0.49;224.53;5.19;760;37;1732.00;60
4320;37;629077526;4320;275;5086;5139;7.89;0.49;224.51;5.19;766;37;1733.00;53
4323;37;629077538;4323;274;5092;5139;7.99;0.49;224.53;5.19;769;37;1734.00;47
4326;37;629077552;4326;279;5095;5139;8.02;0.50;224.55;5.19;769;37;1735.00;44
4330;37;629077569;4330;282;5098;5140;7.95;0.49;224.53;5.19;768;37;1736.00;42
4333;38;629077594;4333;288;5100;5141;7.96;0.49;224.47;5.19;767;38;1737.00;41
4336;38;629077627;4336;295;5101;5141;7.90;0.49;224.55;5.19;765;38;1738.00;40
4339;38;629077639;4339;288;5103;5142;7.92;0.49;224.58;5.19;764;38;1739.00;39
4340;38;629077658;4340;293;5105;5142;7.97;0.49;224.56;5.20;765;38;1740.00;37
4342;38;629077670;4342;294;5106;5142;7.99;0.49;224.66;5.20;764;38;1741.00;36
4344;38;629077682;4344;295;5107;5142;8.03;0.49;224.69;5.20;763;38;1742.00;35
4346;38;629077694;4346;291;5110;5146;8.03;0.49;224.71;5.20;764;38;1743.00;36
4348;38;629077707;4348;290;5112;5146;8.08;0.49;224.67;5.21;764;38;1744.00;34
4349;38;629077734;4349;290;5113;5146;8.12;0.50;224.70;5.21;764;38;1745.00;33
4350;38;629077754;4350;285;5116;5149;8.20;0.50;224.74;5.21;766;38;1746.00;33
4355;38;629077766;4355;271;5116;5149;8.17;0.50;224.70;5.21;761;38;1747.00;33
4355;38;629077778;4355;262;5117;5149;8.27;0.51;224.70;5.21;762;38;1748.00;32
4359;38;629077790;4359;255;5121;5153;8.36;0.51;224.72;5.20;762;38;1749.00;32
4363;38;629077804;4363;248;5123;5154;8.47;0.52;224.97;5.20;760;38;1750.00;31
4363;38;629077825;4363;240;5123;5154;8.61;0.52;224.97;5.20;760;38;1751.00;31
4366;38;629077837;4366;242;5128;5158;8.71;0.53;224.95;5.20;762;38;1752.00;30
4369;38;629077855;4369;235;5128;5158;8.78;0.53;224.95;5.20;759;38;1753.00;30
4374;38;629077867;4374;233;5128;5158;8.80;0.53;224.94;5.20;754;38;1754.00;30
4376;38;629077881;4376;230;5130;5160;8.92;0.54;224.98;5.20;754;38;1755.00;30
4379;38;629077894;4379;212;5130;5160;9.05;0.55;224.93;5.20;751;38;1756.00;30
4380;38;629077906;4380;200;5134;5166;9.19;0.56;224.92;5.19;754;38;1757.00;32
4382;38;629077919;4382;182;5134;5166;9.27;0.56;224.85;5.19;752;38;1758.00;32
4383;38;629077934;4383;174;5136;5167;9.39;0.57;224.81;5.19;753;38;1759.00;31
4385;38;629077949;4385;164;5136;5167;9.55;0.58;224.86;5.19;751;38;1760.00;31
4387;38;629077962;4387;157;5136;5167;9.78;0.59;224.86;5.19;749;38;1761.00;31
4389;38;629077977;4389;153;5136;5167;9.98;0.61;224.83;5.19;747;38;1762.00;31
4389;38;629077993;4389;148;5136;5167;10.13;0.61;224.83;5.19;747;38;1763.00;31
4393;38;629078006;4393;140;5145;5179;10.35;0.63;224.88;5.18;752;38;1764.00;34
4395;38;629078024;4395;142;5145;5179;10.57;0.64;224.92;5.18;750;38;1765.00;34
4397;38;629078041;4397;142;5147;5179;10.77;0.65;225.01;5.18;750;38;1766.00;32
4400;38;629078054;4400;145;5147;5179;10.91;0.66;225.07;5.18;747;38;1767.00;32
4402;38;629078068;4402;146;5147;5179;11.02;0.67;225.04;5.18;745;38;1768.00;32
4404;38;629078081;4404;142;5147;5179;11.12;0.68;225.16;5.18;743;38;1769.00;32
4406;39;629078098;4406;139;5150;5183;11.14;0.68;225.13;5.18;744;39;1770.00;33
4411;39;629078120;4411;130;5150;5183;11.21;0.68;225.26;5.18;739;39;1771.00;33
4413;39;629078149;4413;128;5153;5187;11.30;0.69;225.34;5.18;740;39;1772.00;34
4415;39;629078164;4415;126;5154;5188;11.33;0.69;225.44;5.18;739;39;1773.00;34
4419;39;629078178;4419;123;5155;5188;11.34;0.69;225.59;5.18;736;39;1774.00;33
4422;39;629078196;4422;123;5155;5188;11.37;0.69;225.60;5.18;733;39;1775.00;33
4424;39;629078209;4424;126;5166;5201;11.42;0.69;225.64;5.16;742;39;1776.00;35
4428;39;629078228;4428;126;5166;5201;11.52;0.70;225.65;5.16;738;39;1777.00;35
4433;39;629078252;4433;127;5166;5201;11.60;0.71;225.85;5.16;733;39;1778.00;35
4437;39;629078268;4437;129;5167;5202;11.73;0.71;225.89;5.16;730;39;1779.00;35
4438;39;629078281;4438;128;5167;5203;11.80;0.72;225.99;5.16;729;39;1780.00;36
4441;39;629078302;4441;130;5167;5203;11.88;0.72;226.00;5.16;726;39;1781.00;36
4445;39;629078316;4445;127;5169;5206;12.03;0.73;226.13;5.16;724;39;1782.00;37
4447;39;629078329;4447;123;5169;5206;12.05;0.73;226.13;5.16;722;39;1783.00;37
4449;40;629078344;4449;123;5170;5206;12.06;0.73;226.24;5.16;721;40;1784.00;36
4453;40;629078372;4453;118;5170;5206;12.08;0.73;226.21;5.16;717;40;1785.00;36
4453;40;629078384;4453;119;5174;5212;12.12;0.74;226.21;5.16;721;40;1786.00;38
4455;40;629078397;4455;121;5174;5212;12.13;0.74;226.31;5.16;719;40;1787.00;38
4459;40;629078410;4459;121;5175;5212;12.22;0.74;226.29;5.16;716;40;1788.00;37
4460;41;629078423;4460;121;5175;5212;12.33;0.75;226.32;5.16;715;41;1789.00;37
4466;41;629078449;4466;116;5178;5216;12.33;0.75;226.43;5.16;712;41;1790.00;38
4469;41;629078463;4469;115;5179;5217;12.40;0.75;226.42;5.15;710;41;1791.00;38
4472;41;629078478;4472;115;5179;5217;12.42;0.76;226.44;5.15;707;41;1792.00;38
4474;41;629078495;4474;117;5180;5218;12.50;0.76;226.50;5.15;706;41;1793.00;38
4479;41;629078511;4479;114;5180;5218;12.54;0.76;226.62;5.15;701;41;1794.00;38
4482;41;629078527;4482;115;5180;5218;12.61;0.77;226.65;5.15;698;41;1795.00;38
4487;41;629078542;4487;114;5180;5218;12.54;0.76;226.73;5.15;693;41;1796.00;38
4489;41;629078559;4489;110;5180;5218;12.51;0.76;226.80;5.15;691;41;1797.00;38
4495;41;629078578;4495;115;5180;5218;12.42;0.76;226.80;5.15;685;41;1798.00;38
4497;41;629078598;4497;118;5180;5218;12.39;0.76;226.86;5.15;683;41;1799.00;38
4500;41;629078613;4500;136;5242;5356;11.93;0.74;227.05;5.09;742;41;1800.00;114
4503;41;629078653;4503;125;5242;5357;11.92;0.74;227.09;5.09;739;41;1801.00;115
4506;41;629078667;4506;115;5252;5357;11.99;0.74;227.13;5.09;746;41;1802.00;105
4510;41;629078683;4510;110;5257;5357;12.11;0.75;227.20;5.19;747;41;1803.00;100
4514;41;629078696;4514;108;5262;5357;12.19;0.75;227.19;5.19;748;41;1804.00;95
4522;41;629078709;4522;107;5268;5357;12.20;0.75;227.20;5.20;746;41;1805.00;89
4527;41;629078722;4527;106;5273;5357;12.20;0.75;227.34;5.20;746;41;1806.00;84
4528;41;629078734;4528;111;5277;5357;12.17;0.75;227.34;5.30;749;41;1807.00;80
4532;41;629078746;4532;111;5281;5358;12.20;0.75;227.35;5.30;749;41;1808.00;77
4535;41;629078759;4535;108;5283;5359;12.19;0.75;227.34;5.30;748;41;1809.00;76
4540;41;629078778;4540;109;5286;5359;12.11;0.74;227.31;5.30;746;41;1810.00;73
4543;41;629078793;4543;106;5290;5363;12.09;0.74;227.40;5.40;747;41;1811.00;73
4546;41;629078810;4546;115;5291;5363;12.06;0.74;227.33;5.40;745;41;1812.00;72
4548;42;629078826;4548;109;5292;5363;12.07;0.74;227.30;5.40;744;42;1813.00;71
4550;43;629078859;4550;104;5293;5363;12.10;0.74;227.29;5.48;743;43;1814.00;70
4553;43;629078890;4553;104;5296;5369;12.11;0.74;227.31;5.48;743;43;1815.00;73
4557;43;629078904;4557;102;5297;5369;12.03;0.74;227.40;5.48;740;43;1816.00;72
4562;43;629078925;4562;104;5298;5369;12.01;0.73;227.40;5.55;736;43;1817.00;71
4563;43;629078946;4563;110;5302;5372;12.00;0.73;227.41;5.56;739;43;1818.00;70
4566;43;629078960;4566;114;5302;5372;11.93;0.73;227.43;5.56;736;43;1819.00;70
4567;43;629078973;4567;119;5305;5372;11.90;0.73;227.43;5.63;738;43;1820.00;67
4574;43;629078989;4574;124;5305;5373;11.85;0.72;227.41;5.63;731;43;1821.00;68
4577;43;629079004;4577;133;5308;5374;11.75;0.72;227.40;5.64;731;43;1822.00;66
4583;43;629079025;4583;139;5310;5374;11.61;0.71;227.36;5.71;727;43;1823.00;64
4585;43;629079038;4585;145;5318;5387;11.43;0.70;227.39;5.71;733;43;1824.00;69
4590;43;629079052;4590;148;5318;5387;11.26;0.68;227.39;5.71;728;43;1825.00;69
4592;43;629079066;4592;147;5322;5387;11.13;0.68;227.38;5.78;730;43;1826.00;65
4594;43;629079081;4594;153;5323;5388;11.05;0.67;227.43;5.78;729;43;1827.00;65
4596;43;629079106;4596;164;5327;5388;10.95;0.67;227.37;5.79;731;43;1828.00;61
4598;43;629079123;4598;161;5330;5392;10.88;0.66;227.42;5.79;732;43;1829.00;62
4601;43;629079140;4601;165;5332;5392;10.77;0.66;227.47;5.81;731;43;1830.00;60
4602;43;629079154;4602;171;5337;5396;10.63;0.65;227.46;5.81;735;43;1831.00;59
4603;43;629079168;4603;180;5339;5396;10.55;0.64;227.46;5.82;736;43;1832.00;57
4605;43;629079182;4605;185;5340;5396;10.50;0.64;227.44;5.83;735;43;1833.00;56
4607;43;629079197;4607;191;5340;5396;10.44;0.64;227.44;5.83;733;43;1834.00;56
4609;43;629079211;4609;197;5342;5396;10.36;0.63;227.39;5.84;733;43;1835.00;54
4610;43;629079223;4610;201;5351;5408;10.23;0.62;227.36;5.84;741;43;1836.00;57
4613;43;629079235;4613;205;5354;5408;9.97;0.61;227.38;5.85;741;43;1837.00;54
4617;43;629079247;4617;205;5359;5408;9.79;0.60;227.56;5.86;742;43;1838.00;49
4620;43;629079259;4620;207;5360;5408;9.62;0.59;227.66;5.87;740;43;1839.00;48
4622;43;629079271;4622;216;5360;5408;9.56;0.58;227.72;5.87;738;43;1840.00;48
4624;43;629079282;4624;230;5362;5408;9.54;0.58;227.76;5.88;738;43;1841.00;46
4627;43;629079294;4627;232;5363;5409;9.52;0.58;227.84;5.88;736;43;1842.00;46
4627;44;629079307;4627;236;5365;5409;9.53;0.58;227.84;5.89;738;44;1843.00;44
4633;44;629079330;4633;237;5369;5415;9.52;0.58;227.95;5.89;736;44;1844.00;46
4635;44;629079342;4635;246;5373;5417;9.41;0.58;227.95;5.90;738;44;1845.00;44
4638;44;629079353;4638;255;5374;5417;9.26;0.57;228.03;5.90;736;44;1846.00;43
4640;44;629079364;4640;259;5374;5417;9.14;0.56;228.03;5.90;734;44;1847.00;43
4644;44;629079376;4644;266;5377;5421;9.05;0.55;227.91;5.89;733;44;1848.00;44
4645;44;629079386;4645;266;5380;5421;8.85;0.54;227.90;5.91;735;44;1849.00;41
4648;44;629079398;4648;267;5380;5421;8.67;0.53;228.01;5.91;732;44;1850.00;41
4650;44;629079408;4650;270;5384;5422;8.48;0.52;228.05;5.92;734;44;1851.00;38
4651;44;629079420;4651;276;5387;5426;8.35;0.51;228.03;5.91;736;44;1852.00;39
4655;44;629079432;4655;276;5388;5426;8.28;0.51;228.07;5.91;733;44;1853.00;38
4655;44;629079444;4655;283;5391;5429;8.26;0.51;228.07;5.91;736;44;1854.00;38
4662;44;629079455;4662;283;5392;5429;8.16;0.50;228.16;5.91;730;44;1855.00;37
4666;44;629079468;4666;286;5393;5429;8.12;0.50;228.17;5.91;727;44;1856.00;36
4669;44;629079479;4669;288;5393;5429;8.11;0.50;228.15;5.91;724;44;1857.00;36
4671;44;629079490;4671;288;5396;5433;8.12;0.50;228.09;5.91;725;44;1858.00;37
4671;44;629079500;4671;288;5396;5433;8.15;0.50;228.09;5.91;725;44;1859.00;37
4673;44;629079514;4673;285;5397;5433;8.12;0.50;228.03;5.91;724;44;1860.00;36
4676;44;629079525;4676;283;5397;5433;7.95;0.49;227.99;5.91;721;44;1861.00;36
4678;44;629079535;4678;286;5398;5434;7.80;0.48;228.01;5.91;720;44;1862.00;36
4682;44;629079546;4682;287;5399;5435;7.68;0.47;227.94;5.90;717;44;1863.00;36
4685;44;629079556;4685;281;5399;5435;7.63;0.47;227.96;5.90;714;44;1864.00;36
4688;44;629079564;4688;284;5400;5436;7.53;0.46;227.96;5.90;712;44;1865.00;36
4691;44;629079572;4691;290;5400;5436;7.41;0.46;227.99;5.90;709;44;1866.00;36
4696;44;629079579;4696;296;5400;5436;7.29;0.45;227.94;5.90;704;44;1867.00;36
4701;44;629079588;4701;300;5400;5436;7.20;0.44;227.89;5.90;699;44;1868.00;36
4704;44;629079595;4704;309;5400;5436;7.01;0.43;227.97;5.90;696;44;1869.00;36
4705;44;629079603;4705;307;5400;5436;6.90;0.43;228.01;5.90;695;44;1870.00;36
4707;44;629079610;4707;310;5400;5436;6.79;0.42;228.22;5.90;693;44;1871.00;36
4713;44;629079617;4713;330;5470;5563;6.87;0.43;228.22;5.83;757;44;1872.00;93
4715;44;629079634;4715;325;5475;5564;6.78;0.43;228.25;5.82;760;44;1873.00;89
4718;44;629079643;4718;320;5483;5564;6.82;0.43;228.18;5.82;765;44;1874.00;81
4719;44;629079650;4719;325;5486;5564;6.82;0.43;228.21;5.82;767;44;1875.00;78
4723;44;629079658;4723;324;5489;5564;6.82;0.43;228.26;5.82;766;44;1876.00;75
4723;44;629079666;4723;318;5492;5564;6.81;0.43;228.26;5.82;769;44;1877.00;72
4727;44;629079674;4727;318;5495;5564;6.79;0.43;228.33;5.82;768;44;1878.00;69
4730;44;629079682;4730;324;5498;5564;6.85;0.43;228.33;5.82;768;44;1879.00;66
4734;44;629079690;4734;328;5500;5565;6.86;0.43;228.20;5.82;766;44;1880.00;65
4740;44;629079699;4740;329;5504;5566;6.82;0.42;228.17;5.90;764;44;1881.00;62
4742;44;629079708;4742;331;5508;5568;6.80;0.42;228.21;5.90;766;44;1882.00;60
4745;44;629079716;4745;332;5512;5569;6.81;0.42;228.12;5.90;767;44;1883.00;57
4749;44;629079726;4749;333;5516;5569;6.78;0.42;228.15;5.91;767;44;1884.00;53
4752;44;629079735;4752;330;5520;5569;6.74;0.42;228.19;5.91;768;44;1885.00;49
4754;44;629079745;4754;328;5523;5569;6.68;0.41;228.15;5.92;769;44;1886.00;46
4756;44;629079755;4756;333;5530;5573;6.62;0.41;228.20;5.92;774;44;1887.00;43
4758;44;629079765;4758;324;5530;5573;6.58;0.41;228.28;5.92;772;44;1888.00;43
4760;44;629079774;4760;326;5532;5573;6.58;0.40;228.24;5.92;772;44;1889.00;41
4763;44;629079786;4763;325;5536;5579;6.58;0.40;228.25;5.92;773;44;1890.00;43
4766;44;629079797;4766;314;5537;5579;6.57;0.40;228.23;5.92;771;44;1891.00;42
4767;44;629079813;4767;305;5540;5579;6.61;0.40;228.26;5.92;773;44;1892.00;39
4771;44;629079824;4771;294;5544;5583;6.68;0.41;228.28;5.92;773;44;1893.00;39
4775;44;629079836;4775;288;5546;5584;6.77;0.41;228.37;5.92;771;44;1894.00;38
4776;44;629079847;4776;284;5546;5584;6.91;0.42;228.42;5.92;770;44;1895.00;38
4779;44;629079857;4779;285;5551;5588;7.08;0.43;228.41;5.91;772;44;1896.00;37
4783;44;629079868;4783;288;5551;5588;7.16;0.44;228.34;5.91;768;44;1897.00;37
4785;44;629079887;4785;281;5551;5588;7.23;0.44;228.46;5.91;766;44;1898.00;37
4788;44;629079899;4788;277;5552;5589;7.33;0.45;228.41;5.91;764;44;1899.00;37
4792;44;629079912;4792;274;5552;5589;7.41;0.45;228.46;5.91;760;44;1900.00;37
4798;44;629079928;4798;271;5557;5595;7.39;0.45;228.36;5.91;759;44;1901.00;38
4801;44;629079940;4801;271;5557;5595;7.46;0.45;228.39;5.91;756;44;1902.00;38
4804;44;629079952;4804;269;5559;5596;7.52;0.46;228.41;5.91;755;44;1903.00;37
4806;44;629079969;4806;273;5559;5596;7.64;0.46;228.37;5.91;753;44;1904.00;37
4810;44;629079980;4810;272;5559;5596;7.71;0.47;228.43;5.91;749;44;1905.00;37
4813;44;629079991;4813;275;5559;5596;7.76;0.47;228.45;5.91;746;44;1906.00;37
4817;44;629080001;4817;274;5559;5596;7.81;0.47;228.47;5.91;742;44;1907.00;37
4820;44;629080011;4820;270;5570;5608;7.97;0.48;228.54;5.89;750;44;1908.00;38
4824;44;629080023;4824;266;5570;5608;7.97;0.48;228.51;5.89;746;44;1909.00;38
4825;44;629080039;4825;267;5571;5608;8.04;0.49;228.53;5.89;746;44;1910.00;37
4828;44;629080049;4828;271;5571;5608;8.13;0.49;228.55;5.89;743;44;1911.00;37
4832;44;629080059;4832;267;5571;5608;8.19;0.50;228.66;5.89;739;44;1912.00;37
4834;44;629080072;4834;270;5571;5608;8.24;0.50;228.67;5.89;737;44;1913.00;37
4837;44;629080085;4837;271;5574;5612;8.33;0.50;228.70;5.89;737;44;1914.00;38
4839;44;629080098;4839;273;5574;5612;8.41;0.51;228.69;5.89;735;44;1915.00;38
4841;44;629080111;4841;271;5577;5616;8.44;0.51;228.66;5.89;736;44;1916.00;39
4843;44;629080123;4843;260;5579;5617;8.54;0.52;228.75;5.89;736;44;1917.00;38
4845;44;629080136;4845;250;5579;5617;8.59;0.52;228.80;5.89;734;44;1918.00;38
4846;44;629080148;4846;245;5579;5617;8.67;0.53;228.82;5.89;733;44;1919.00;38
4849;44;629080161;4849;244;5600;5646;8.78;0.53;228.84;5.86;751;44;1920.00;46
4850;44;629080174;4850;233;5600;5646;8.90;0.54;228.82;5.86;750;44;1921.00;46
4853;44;629080185;4853;228;5602;5646;9.05;0.55;228.87;5.86;749;44;1922.00;44
4856;44;629080196;4856;224;5604;5647;9.25;0.56;228.86;5.86;748;44;1923.00;43
4860;44;629080207;4860;219;5605;5648;9.36;0.57;228.93;5.86;745;44;1924.00;43
4863;44;629080219;4863;219;5605;5648;9.47;0.57;228.92;5.86;742;44;1925.00;43
4866;44;629080229;4866;201;5608;5651;9.61;0.58;228.91;5.86;742;44;1926.00;43
4870;44;629080241;4870;186;5608;5651;9.71;0.59;228.88;5.86;738;44;1927.00;43
4874;44;629080254;4874;174;5608;5651;9.80;0.59;228.94;5.86;734;44;1928.00;43
4876;44;629080265;4876;165;5608;5651;9.89;0.60;228.94;5.86;732;44;1929.00;43
4881;44;629080276;4881;156;5612;5657;10.03;0.61;229.01;5.85;731;44;1930.00;45
4883;44;629080289;4883;145;5613;5657;10.16;0.62;229.14;5.85;730;44;1931.00;44
4883;44;629080301;4883;142;5613;5657;10.35;0.63;229.14;5.85;730;44;1932.00;44
4888;44;629080325;4888;142;5613;5657;10.51;0.64;229.22;5.85;725;44;1933.00;44
4891;44;629080339;4891;146;5616;5661;10.62;0.65;229.18;5.85;725;44;1934.00;45
4895;44;629080358;4895;138;5619;5663;10.70;0.65;229.25;5.94;724;44;1935.00;44
4899;44;629080372;4899;134;5619;5663;10.72;0.65;229.30;5.94;720;44;1936.00;44
4902;44;629080390;4902;131;5620;5664;10.82;0.66;229.31;5.94;718;44;1937.00;44
4907;45;629080402;4907;128;5620;5664;10.83;0.66;229.38;5.94;713;45;1938.00;44
4908;45;629080432;4908;124;5620;5664;10.96;0.67;229.41;5.94;712;45;1939.00;44
4911;45;629080444;4911;117;5620;5664;11.04;0.67;229.45;5.94;709;45;1940.00;44
4912;45;629080462;4912;114;5620;5664;11.14;0.68;229.48;5.94;708;45;1941.00;44
4915;45;629080474;4915;111;5620;5664;11.15;0.68;229.53;5.94;705;45;1942.00;44
4919;45;629080492;4919;109;5620;5664;11.21;0.68;229.54;5.94;701;45;1943.00;44
4921;45;629080516;4921;125;5663;5734;10.95;0.67;229.66;5.89;742;45;1944.00;71
4923;45;629080539;4923;112;5663;5735;11.06;0.67;229.67;5.89;740;45;1945.00;72
4924;45;629080554;4924;108;5670;5735;11.31;0.69;229.71;5.89;746;45;1946.00;65
4929;45;629080569;4929;108;5670;5735;11.47;0.70;229.76;5.89;741;45;1947.00;65
4932;45;629080584;4932;105;5675;5735;11.68;0.71;229.74;5.88;743;45;1948.00;60
4933;45;629080597;4933;109;5679;5735;11.80;0.72;229.81;5.88;746;45;1949.00;56
4935;45;629080611;4935;116;5684;5737;11.96;0.73;229.81;5.88;749;45;1950.00;53
4940;45;629080623;4940;120;5685;5737;12.01;0.73;229.84;5.88;745;45;1951.00;52
4943;45;629080636;4943;127;5687;5738;12.02;0.73;229.91;5.88;744;45;1952.00;51
4944;45;629080648;4944;132;5689;5739;12.09;0.74;229.87;5.88;745;45;1953.00;50
4946;45;629080659;4946;135;5689;5739;12.13;0.74;229.94;5.88;743;45;1954.00;50
4947;46;629080671;4947;141;5693;5743;12.12;0.74;229.97;5.88;746;46;1955.00;50
4950;46;629080690;4950;141;5693;5743;12.20;0.74;230.01;5.88;743;46;1956.00;50
4956;46;629080701;4956;142;5693;5743;12.26;0.74;230.15;5.88;737;46;1957.00;50
4960;46;629080716;4960;144;5693;5743;12.26;0.75;230.24;5.88;733;46;1958.00;50
4961;46;629080728;4961;150;5698;5749;12.18;0.74;230.24;5.87;737;46;1959.00;51
4964;46;629080750;4964;153;5698;5749;12.21;0.74;230.35;5.87;734;46;1960.00;51
4965;46;629080761;4965;158;5698;5749;12.21;0.74;230.39;5.87;733;46;1961.00;51
4967;46;629080772;4967;159;5701;5752;12.24;0.74;230.42;5.87;734;46;1962.00;51
4969;47;629080784;4969;156;5701;5752;12.28;0.75;230.48;5.87;732;47;1963.00;51
4970;47;629080806;4970;153;5701;5752;12.33;0.75;230.53;5.87;731;47;1964.00;51
4974;47;629080817;4974;154;5701;5753;12.32;0.75;230.53;5.87;727;47;1965.00;52
4979;47;629080829;4979;158;5702;5754;12.30;0.75;230.54;5.87;723;47;1966.00;52
4984;47;629080840;4984;156;5702;5754;12.26;0.74;230.48;5.87;718;47;1967.00;52
4988;47;629080852;4988;157;5711;5767;12.11;0.73;230.53;5.86;723;47;1968.00;56
4994;47;629080864;4994;150;5711;5767;12.10;0.73;230.59;5.86;717;47;1969.00;56
4998;47;629080875;4998;150;5711;5767;12.17;0.74;230.56;5.86;713;47;1970.00;56
5003;47;629080891;5003;147;5712;5768;12.20;0.74;230.65;5.86;709;47;1971.00;56
5007;47;629080902;5007;140;5712;5768;12.22;0.74;230.65;5.86;705;47;1972.00;56
5009;47;629080919;5009;130;5715;5772;12.22;0.74;230.65;5.86;706;47;1973.00;57
5012;47;629080931;5012;126;5716;5772;12.18;0.74;230.73;5.87;704;47;1974.00;56
5016;47;629080948;5016;124;5721;5776;12.18;0.74;230.78;5.87;705;47;1975.00;55
5023;47;629080959;5023;122;5721;5776;12.23;0.74;230.89;5.87;698;47;1976.00;55
5024;47;629080970;5024;118;5721;5776;12.18;0.74;230.92;5.87;697;47;1977.00;55
5027;47;629080980;5027;114;5721;5776;12.20;0.74;230.95;5.87;694;47;1978.00;55
5033;47;629080991;5033;114;5721;5776;12.16;0.74;230.89;5.87;688;47;1979.00;55
5034;47;629081002;5034;117;5741;5810;12.21;0.74;230.92;5.85;707;47;1980.00;69
5038;47;629081015;5038;112;5742;5810;12.23;0.75;230.94;5.85;704;47;1981.00;68
5041;48;629081025;5041;113;5743;5810;12.23;0.74;230.90;5.85;702;48;1982.00;67
5044;48;629081042;5044;119;5743;5810;12.14;0.74;230.94;5.85;699;48;1983.00;67
5045;48;629081053;5045;122;5744;5810;12.11;0.74;230.95;5.85;699;48;1984.00;66
5050;48;629081063;5050;128;5744;5810;12.01;0.73;230.96;5.85;694;48;1985.00;66
5051;48;629081073;5051;130;5745;5811;12.02;0.73;230.93;5.85;694;48;1986.00;66
5053;48;629081084;5053;132;5745;5811;11.93;0.73;230.96;5.85;692;48;1987.00;66
5060;48;629081094;5060;136;5749;5817;11.92;0.72;230.91;5.85;689;48;1988.00;68
5061;48;629081104;5061;141;5751;5818;11.85;0.72;230.88;5.86;690;48;1989.00;67
5065;48;629081114;5065;137;5754;5818;11.78;0.71;230.85;5.86;689;48;1990.00;64
5068;48;629081125;5068;140;5754;5818;11.73;0.71;230.84;5.86;686;48;1991.00;64
5069;48;629081134;5069;144;5756;5822;11.77;0.72;230.81;5.86;687;48;1992.00;66
5072;48;629081145;5072;145;5757;5822;11.75;0.71;230.82;5.86;685;48;1993.00;65
5075;48;629081154;5075;150;5757;5822;11.77;0.71;230.78;5.86;682;48;1994.00;65
5078;48;629081164;5078;151;5759;5823;11.71;0.71;230.81;5.86;681;48;1995.00;64
5081;48;629081175;5081;151;5764;5827;11.63;0.71;230.74;5.87;683;48;1996.00;63
5082;48;629081185;5082;148;5764;5827;11.61;0.70;230.74;5.87;682;48;1997.00;63
5084;48;629081195;5084;150;5767;5830;11.59;0.70;230.76;5.87;683;48;1998.00;63
5087;48;629081209;5087;156;5768;5830;11.41;0.69;230.91;5.87;681;48;1999.00;62
5088;48;629081226;5088;162;5769;5830;11.32;0.69;230.93;5.88;681;48;2000.00;61
5091;48;629081239;5091;168;5771;5830;11.20;0.68;231.01;5.90;680;48;2001.00;59
5095;48;629081250;5095;177;5775;5834;11.13;0.68;231.08;5.90;680;48;2002.00;59
5097;48;629081260;5097;182;5778;5834;11.05;0.67;231.16;5.91;681;48;2003.00;56
5099;48;629081271;5099;192;5778;5834;10.97;0.67;231.14;5.91;679;48;2004.00;56
5100;48;629081280;5100;195;5780;5834;10.76;0.65;231.18;5.93;680;48;2005.00;54
5101;48;629081290;5101;194;5780;5835;10.63;0.65;231.17;5.93;679;48;2006.00;55
5104;48;629081299;5104;200;5782;5836;10.45;0.64;231.11;5.93;678;48;2007.00;54
5104;48;629081313;5104;207;5783;5836;10.34;0.63;231.11;5.94;679;48;2008.00;53
5107;48;629081321;5107;215;5784;5837;10.21;0.62;231.07;5.94;677;48;2009.00;53
5111;48;629081333;5111;218;5785;5837;10.10;0.62;231.07;5.94;674;48;2010.00;52
5112;48;629081342;5112;227;5786;5837;10.01;0.61;231.06;5.95;674;48;2011.00;51
5114;48;629081350;5114;236;5787;5837;9.91;0.60;231.10;5.96;673;48;2012.00;50
5115;48;629081359;5115;241;5787;5837;9.86;0.60;231.14;5.96;672;48;2013.00;50
5119;48;629081367;5119;250;5787;5837;9.68;0.59;231.18;5.96;668;48;2014.00;50
5121;49;629081375;5121;256;5788;5837;9.49;0.58;231.17;5.96;667;49;2015.00;49
5122;49;629081393;5122;273;5856;5964;9.53;0.59;231.13;5.91;734;49;2016.00;108
5123;49;629081411;5123;271;5861;5965;9.34;0.58;231.18;5.91;738;49;2017.00;104
5129;49;629081420;5129;273;5872;5965;9.24;0.57;231.10;5.90;743;49;2018.00;93
5130;49;629081429;5130;269;5875;5965;9.13;0.57;231.10;5.91;745;49;2019.00;90
5130;49;629081443;5130;272;5882;5965;9.08;0.56;231.10;5.92;752;49;2020.00;83
5133;49;629081456;5133;266;5885;5965;9.03;0.56;231.08;5.92;752;49;2021.00;80
5135;49;629081465;5135;264;5892;5965;8.97;0.56;231.03;5.92;757;49;2022.00;73
5136;49;629081475;5136;263;5894;5965;8.90;0.55;230.99;5.92;758;49;2023.00;71
5139;49;629081485;5139;270;5899;5966;8.85;0.55;230.97;5.93;760;49;2024.00;67
5141;50;629081499;5141;274;5904;5968;8.81;0.55;230.92;5.93;763;50;2025.00;64
5145;50;629081516;5145;279;5908;5968;8.80;0.54;230.84;5.93;763;50;2026.00;60
5148;50;629081525;5148;282;5911;5969;8.72;0.54;230.77;5.93;763;50;2027.00;58
5149;50;629081535;5149;286;5915;5969;8.53;0.53;230.73;5.94;766;50;2028.00;54
5151;50;629081544;5151;287;5918;5969;8.35;0.51;230.78;5.94;767;50;2029.00;51
5152;50;629081554;5152;292;5919;5969;8.16;0.50;230.77;5.94;767;50;2030.00;50
5154;50;629081563;5154;302;5922;5973;7.95;0.49;230.75;5.94;768;50;2031.00;51
5158;50;629081572;5158;312;5926;5973;7.70;0.47;230.69;5.95;768;50;2032.00;47
5163;50;629081583;5163;321;5926;5973;7.49;0.46;230.71;5.95;763;50;2033.00;47
5166;50;629081593;5166;327;5930;5976;7.33;0.45;230.67;5.95;764;50;2034.00;46
5167;50;629081605;5167;338;5930;5976;7.21;0.44;230.71;5.95;763;50;2035.00;46
5169;50;629081619;5169;347;5931;5976;7.06;0.43;230.71;5.95;762;50;2036.00;45
5171;50;629081629;5171;353;5935;5980;6.84;0.42;230.80;5.94;764;50;2037.00;45
5175;50;629081639;5175;357;5937;5981;6.61;0.41;230.79;5.94;762;50;2038.00;44
5177;50;629081648;5177;366;5937;5981;6.34;0.39;230.88;5.94;760;50;2039.00;44
5181;50;629081660;5181;359;5943;5986;6.20;0.38;230.89;5.94;762;50;2040.00;43
5182;50;629081670;5182;358;5943;5986;6.06;0.38;230.90;5.94;761;50;2041.00;43
5185;50;629081678;5185;360;5943;5986;5.88;0.36;230.92;5.94;758;50;2042.00;43
5185;50;629081686;5185;347;5944;5987;5.84;0.36;230.92;5.94;759;50;2043.00;43
5189;50;629081695;5189;336;5944;5987;5.83;0.36;230.92;5.94;755;50;2044.00;43
5191;50;629081703;5191;322;5949;5993;5.93;0.37;230.92;5.93;758;50;2045.00;44
5193;50;629081712;5193;315;5949;5993;6.00;0.37;230.92;5.93;756;50;2046.00;44
5197;50;629081721;5197;309;5951;5994;6.08;0.38;231.08;5.93;754;50;2047.00;43
5198;50;629081730;5198;301;5951;5994;6.25;0.39;231.10;5.93;753;50;2048.00;43
5201;50;629081739;5201;293;5951;5994;6.39;0.40;231.06;5.93;750;50;2049.00;43
5206;50;629081747;5206;281;5951;5994;6.45;0.40;231.07;5.93;745;50;2050.00;43
5207;50;629081756;5207;273;5951;5994;6.58;0.41;231.10;5.93;744;50;2051.00;43
5210;50;629081765;5210;266;5961;6006;6.78;0.42;231.07;5.92;751;50;2052.00;45
5213;51;629081775;5213;264;5961;6006;6.89;0.42;231.12;5.92;748;51;2053.00;45
5218;51;629081796;5218;269;5963;6006;7.05;0.43;231.05;5.92;745;51;2054.00;43
5222;51;629081805;5222;269;5963;6006;7.18;0.44;231.01;5.92;741;51;2055.00;43
5224;51;629081814;5224;271;5963;6006;7.33;0.45;231.06;5.92;739;51;2056.00;43
5225;51;629081823;5225;268;5963;6006;7.50;0.46;231.10;5.92;738;51;2057.00;43
5228;51;629081833;5228;265;5967;6010;7.62;0.47;231.10;5.92;739;51;2058.00;43
5233;51;629081843;5233;270;5967;6010;7.73;0.47;231.08;5.92;734;51;2059.00;43
5235;51;629081853;5235;259;5970;6014;7.89;0.48;231.08;5.92;735;51;2060.00;44
5237;51;629081863;5237;255;5971;6015;7.95;0.48;231.03;5.91;734;51;2061.00;44
5240;51;629081873;5240;247;5972;6015;8.00;0.49;231.07;5.91;732;51;2062.00;43
5242;51;629081883;5242;244;5972;6015;8.03;0.49;231.05;5.91;730;51;2063.00;43
5244;51;629081892;5244;247;5985;6028;8.08;0.49;231.06;5.90;741;51;2064.00;43
5249;51;629081903;5249;244;5985;6028;8.16;0.50;231.03;5.90;736;51;2065.00;43
5251;51;629081914;5251;236;5985;6028;8.17;0.50;231.04;5.90;734;51;2066.00;43
5257;51;629081924;5257;236;5986;6029;8.17;0.50;231.05;5.90;729;51;2067.00;43
5259;51;629081940;5259;229;5987;6030;8.18;0.50;231.07;5.90;728;51;2068.00;43
5263;51;629081950;5263;226;5987;6030;8.22;0.50;231.11;5.90;724;51;2069.00;43
5269;52;629081961;5269;222;5990;6036;8.22;0.50;231.22;5.90;721;52;2070.00;46
5272;52;629081984;5272;225;5990;6036;8.28;0.50;231.26;5.90;718;52;2071.00;46
5275;52;629081997;5275;220;5991;6036;8.34;0.51;231.23;5.90;716;52;2072.00;45
5279;52;629082008;5279;224;5991;6036;8.33;0.51;231.28;5.90;712;52;2073.00;45
5282;52;629082018;5282;221;5996;6042;8.39;0.51;231.31;5.89;714;52;2074.00;46
5286;52;629082028;5286;219;5996;6042;8.42;0.51;231.33;5.89;710;52;2075.00;46
5288;52;629082038;5288;217;5997;6042;8.57;0.52;231.30;5.89;709;52;2076.00;45
5292;52;629082048;5292;216;5997;6042;8.62;0.53;231.35;5.89;705;52;2077.00;45
5296;52;629082059;5296;219;6002;6046;8.68;0.53;231.38;5.89;706;52;2078.00;44
5298;52;629082070;5298;217;6003;6047;8.79;0.54;231.42;5.89;705;52;2079.00;44
5303;52;629082080;5303;215;6004;6047;8.80;0.54;231.52;5.89;701;52;2080.00;43
5306;52;629082091;5306;220;6005;6048;8.91;0.54;231.57;5.89;699;52;2081.00;43
5308;52;629082101;5308;222;6005;6048;8.97;0.55;231.61;5.89;697;52;2082.00;43
5316;52;629082111;5316;220;6005;6048;8.94;0.54;231.65;5.89;689;52;2083.00;43
5319;52;629082122;5319;220;6005;6048;8.91;0.54;231.65;5.89;686;52;2084.00;43
5321;52;629082132;5321;222;6005;6048;8.89;0.54;231.71;5.89;684;52;2085.00;43
5326;52;629082143;5326;219;6005;6048;8.86;0.54;231.70;5.89;679;52;2086.00;43
5330;52;629082153;5330;211;6005;6048;8.87;0.54;231.80;5.89;675;52;2087.00;43
5334;52;629082164;5334;217;6049;6118;8.89;0.54;231.94;5.84;715;52;2088.00;69
5337;52;629082180;5337;205;6050;6119;8.99;0.55;231.94;5.84;713;52;2089.00;69
5340;52;629082191;5340;196;6055;6119;9.18;0.56;231.98;5.84;715;52;2090.00;64
5344;52;629082202;5344;191;6055;6119;9.26;0.56;232.01;5.84;711;52;2091.00;64
5350;52;629082213;5350;188;6061;6119;9.45;0.57;232.12;5.84;711;52;2092.00;58
5354;52;629082224;5354;193;6062;6119;9.58;0.58;232.18;5.84;708;52;2093.00;57
5358;52;629082235;5358;190;6064;6119;9.73;0.59;232.29;5.84;706;52;2094.00;55
5361;52;629082246;5361;191;6067;6119;9.85;0.60;232.36;5.84;706;52;2095.00;52
5364;52;629082258;5364;173;6068;6120;9.98;0.61;232.40;5.84;704;52;2096.00;52
5365;52;629082275;5365;159;6072;6121;10.11;0.61;232.44;5.84;707;52;2097.00;49
5369;52;629082286;5369;148;6075;6121;10.14;0.62;232.52;5.84;706;52;2098.00;46
5374;52;629082298;5374;139;6078;6125;10.20;0.62;232.56;5.84;704;52;2099.00;47
5377;52;629082318;5377;140;6082;6140;10.26;0.62;232.57;5.83;705;52;2100.00;58
5381;52;629082337;5381;138;6082;6140;10.34;0.63;232.61;5.83;701;52;2101.00;58
5384;52;629082349;5384;139;6082;6140;10.51;0.64;232.66;5.83;698;52;2102.00;58
5385;52;629082361;5385;137;6085;6146;10.67;0.65;232.70;5.83;700;52;2103.00;61
5386;52;629082373;5386;137;6085;6146;10.82;0.66;232.72;5.83;699;52;2104.00;61
5387;52;629082384;5387;136;6085;6146;10.91;0.66;232.75;5.83;698;52;2105.00;61
5389;52;629082396;5389;136;6089;6149;11.02;0.67;232.71;5.83;700;52;2106.00;60
5390;52;629082413;5390;133;6089;6149;11.13;0.68;232.73;5.83;699;52;2107.00;60
5393;52;629082431;5393;130;6089;6149;11.30;0.69;232.75;5.83;696;52;2108.00;60
5396;52;629082442;5396;127;6089;6150;11.36;0.69;232.66;5.83;693;52;2109.00;61
5399;52;629082459;5399;125;6090;6151;11.44;0.70;232.73;5.83;691;52;2110.00;61
5404;52;629082470;5404;132;6091;6151;11.43;0.70;232.79;5.83;687;52;2111.00;60
5406;52;629082483;5406;137;6101;6164;11.40;0.69;232.76;5.82;695;52;2112.00;63
5409;52;629082500;5409;129;6101;6164;11.43;0.70;232.77;5.82;692;52;2113.00;63
5412;52;629082516;5412;130;6101;6164;11.49;0.70;232.77;5.82;689;52;2114.00;63
5413;52;629082532;5413;132;6103;6166;11.60;0.71;232.79;5.82;690;52;2115.00;63
5417;52;629082547;5417;128;6103;6166;11.68;0.71;232.83;5.82;686;52;2116.00;63
5424;52;629082561;5424;129;6107;6170;11.70;0.71;232.90;5.82;683;52;2117.00;63
5426;52;629082577;5426;122;6107;6170;11.72;0.71;232.87;5.82;681;52;2118.00;63
5430;52;629082590;5430;128;6110;6174;11.74;0.71;232.95;5.82;680;52;2119.00;64
5432;52;629082604;5432;127;6110;6174;11.70;0.71;233.07;5.82;678;52;2120.00;64
5434;52;629082616;5434;126;6111;6174;11.73;0.71;233.07;5.93;677;52;2121.00;63
5438;52;629082627;5438;127;6111;6174;11.70;0.71;233.10;5.93;673;52;2122.00;63
5442;52;629082637;5442;124;6113;6174;11.61;0.71;233.11;5.94;671;52;2123.00;61
5443;52;629082653;5443;124;6122;6186;11.64;0.71;233.13;5.93;679;52;2124.00;64
5446;52;629082670;5446;126;6122;6186;11.72;0.71;233.12;5.93;676;52;2125.00;64
5448;52;629082680;5448;127;6124;6186;11.72;0.71;233.16;5.93;676;52;2126.00;62
5451;52;629082690;5451;130;6124;6186;11.79;0.72;233.14;5.93;673;52;2127.00;62
5455;52;629082700;5455;130;6125;6186;11.83;0.72;233.18;5.94;670;52;2128.00;61
5456;52;629082710;5456;132;6128;6186;11.76;0.72;233.17;5.94;672;52;2129.00;58
5458;52;629082722;5458;126;6129;6187;11.74;0.72;233.25;5.94;671;52;2130.00;58
5464;52;629082732;5464;130;6129;6187;11.69;0.71;233.33;5.94;665;52;2131.00;58
5466;52;629082741;5466;131;6133;6193;11.65;0.71;233.32;5.94;667;52;2132.00;60
5468;52;629082751;5468;133;6134;6194;11.70;0.71;233.33;5.94;666;52;2133.00;60
5472;52;629082760;5472;133;6135;6194;11.68;0.71;233.29;5.94;663;52;2134.00;59
5474;52;629082770;5474;139;6135;6194;11.70;0.71;233.28;5.94;661;52;2135.00;59
5479;52;629082779;5479;141;6139;6198;11.65;0.71;233.31;5.94;660;52;2136.00;59
5481;52;629082789;5481;140;6140;6198;11.66;0.71;233.31;6.05;659;52;2137.00;58
5486;52;629082798;5486;139;6141;6198;11.71;0.71;233.33;6.05;655;52;2138.00;57
5492;52;629082807;5492;141;6142;6199;11.75;0.72;233.33;6.05;650;52;2139.00;57
5497;52;629082816;5497;134;6146;6203;11.77;0.72;233.41;6.05;649;52;2140.00;57
5503;52;629082826;5503;129;6147;6203;11.80;0.72;233.31;6.17;644;52;2141.00;56
5508;52;629082834;5508;120;6150;6206;11.81;0.72;233.27;6.16;642;52;2142.00;56
5511;52;629082844;5511;120;6151;6206;11.77;0.71;233.24;6.28;640;52;2143.00;55
5515;52;629082853;5515;118;6151;6206;11.79;0.72;233.20;6.28;636;52;2144.00;55
5518;52;629082862;5518;120;6153;6206;11.75;0.71;233.17;6.29;635;52;2145.00;53
5519;52;629082878;5519;124;6157;6210;11.78;0.71;233.16;6.40;638;52;2146.00;53
5520;52;629082887;5520;126;6157;6210;11.73;0.71;233.19;6.40;637;52;2147.00;53
5527;52;629082897;5527;122;6159;6210;11.70;0.71;233.14;6.52;632;52;2148.00;51
5527;52;629082906;5527;117;6159;6210;11.72;0.71;233.14;6.52;632;52;2149.00;51
5533;52;629082915;5533;118;6159;6211;11.72;0.71;233.07;6.52;626;52;2150.00;52
5535;52;629082925;5535;119;6161;6212;11.74;0.71;233.08;6.63;626;52;2151.00;51
5537;52;629082934;5537;122;6161;6212;11.86;0.72;233.05;6.63;624;52;2152.00;51
5540;52;629082944;5540;128;6162;6213;11.86;0.72;233.13;6.63;622;52;2153.00;51
5544;52;629082953;5544;134;6162;6213;11.79;0.72;233.12;6.63;618;52;2154.00;51
5548;52;629082962;5548;134;6162;6213;11.80;0.72;233.14;6.63;614;52;2155.00;51
5550;52;629082972;5550;136;6162;6213;11.80;0.72;233.18;6.63;612;52;2156.00;51
5550;52;629082981;5550;134;6162;6213;11.78;0.72;233.18;6.63;612;52;2157.00;51
5553;52;629082990;5553;134;6162;6213;11.80;0.72;233.14;6.63;609;52;2158.00;51
5554;52;629082999;5554;136;6162;6213;11.73;0.72;233.12;6.63;608;52;2159.00;51
5555;52;629083009;5555;174;6259;6443;11.34;0.71;233.13;6.53;704;52;2160.00;184
5559;52;629083036;5559;170;6263;6444;11.16;0.70;233.07;6.52;704;52;2161.00;181
5563;52;629083045;5563;162;6270;6444;11.16;0.70;233.08;6.52;707;52;2162.00;174
5566;52;629083060;5566;163;6277;6444;11.05;0.69;233.10;6.51;711;52;2163.00;167
5567;52;629083069;5567;164;6284;6444;10.98;0.68;233.11;6.51;717;52;2164.00;160
5567;52;629083084;5567;163;6288;6444;10.91;0.68;233.11;6.51;721;52;2165.00;156
5569;52;629083094;5569;166;6295;6444;10.94;0.68;233.12;6.51;726;52;2166.00;149
5571;52;629083104;5571;168;6301;6444;10.90;0.68;233.07;6.51;730;52;2167.00;143
5571;52;629083113;5571;176;6307;6445;10.88;0.67;233.07;6.51;736;52;2168.00;138
5574;52;629083122;5574;181;6310;6446;10.87;0.67;233.03;6.51;736;52;2169.00;136
5579;52;629083132;5579;188;6318;6446;10.73;0.66;232.99;6.53;739;52;2170.00;128
5581;52;629083141;5581;195;6321;6447;10.68;0.66;232.95;6.53;740;52;2171.00;126
5583;52;629083151;5583;203;6326;6447;10.54;0.65;232.91;6.54;743;52;2172.00;121
5585;52;629083161;5585;207;6332;6447;10.42;0.65;232.86;6.56;747;52;2173.00;115
5586;52;629083170;5586;212;6337;6447;10.29;0.64;232.85;6.56;751;52;2174.00;110
5589;53;629083180;5589;215;6340;6451;10.16;0.63;232.78;6.56;751;53;2175.00;111
5590;53;629083199;5590;220;6343;6451;9.98;0.62;232.79;6.57;753;53;2176.00;108
5592;53;629083214;5592;225;6347;6451;9.77;0.60;232.76;6.58;755;53;2177.00;104
5595;53;629083225;5595;231;6353;6454;9.57;0.59;232.86;6.62;758;53;2178.00;101
5595;54;629083240;5595;235;6356;6454;9.36;0.58;232.86;6.63;761;54;2179.00;98
5596;54;629083265;5596;241;6360;6454;9.20;0.57;232.86;6.65;764;54;2180.00;94
5596;54;629083280;5596;249;6365;6458;9.07;0.56;232.86;6.65;769;54;2181.00;93
5599;54;629083290;5599;260;6370;6459;8.93;0.55;232.81;6.66;771;54;2182.00;89
5604;54;629083300;5604;267;6374;6459;8.72;0.54;232.74;6.67;770;54;2183.00;85
5605;54;629083309;5605;280;6377;6463;8.55;0.53;232.70;6.67;772;54;2184.00;86
5608;54;629083319;5608;291;6381;6463;8.43;0.52;232.70;6.69;773;54;2185.00;82
5610;54;629083329;5610;304;6385;6463;8.23;0.50;232.71;6.70;775;54;2186.00;78
5611;54;629083338;5611;311;6386;6464;8.00;0.49;232.67;6.70;775;54;2187.00;78
5613;54;629083354;5613;327;6387;6464;7.83;0.48;232.63;6.70;774;54;2188.00;77
5614;54;629083363;5614;327;6394;6470;7.64;0.47;232.59;6.71;780;54;2189.00;76
5615;54;629083380;5615;332;6395;6470;7.44;0.46;232.58;6.72;780;54;2190.00;75
5617;54;629083389;5617;336;6398;6471;7.25;0.44;232.52;6.73;781;54;2191.00;73
5617;54;629083399;5617;340;6399;6471;7.07;0.43;232.52;6.73;782;54;2192.00;72
5618;54;629083413;5618;345;6401;6471;6.93;0.42;232.49;6.74;783;54;2193.00;70
5621;54;629083422;5621;350;6403;6471;6.78;0.41;232.47;6.75;782;54;2194.00;68
5623;54;629083431;5623;349;6407;6471;6.70;0.41;232.45;6.76;784;54;2195.00;64
5623;54;629083440;5623;347;6417;6483;6.78;0.41;232.45;6.75;794;54;2196.00;66
5624;54;629083456;5624;339;6419;6483;6.84;0.42;232.42;6.76;795;54;2197.00;64
5625;54;629083465;5625;334;6423;6483;6.86;0.42;232.40;6.76;798;54;2198.00;60
5626;54;629083475;5626;329;6424;6483;6.91;0.42;232.37;6.77;798;54;2199.00;59
5626;54;629083485;5626;324;6425;6483;6.94;0.42;232.37;6.77;799;54;2200.00;58
5626;54;629083498;5626;324;6425;6483;6.97;0.43;232.37;6.77;799;54;2201.00;58
5629;54;629083511;5629;321;6430;6487;6.96;0.43;232.34;6.77;801;54;2202.00;57
5633;55;629083521;5633;307;6431;6487;6.92;0.42;232.33;6.77;798;55;2203.00;56
5636;55;629083539;5636;304;6435;6491;6.95;0.42;232.32;6.77;799;55;2204.00;56
5638;55;629083549;5638;298;6438;6493;6.93;0.42;232.34;6.77;800;55;2205.00;55
5641;55;629083564;5641;300;6439;6493;6.88;0.42;232.32;6.77;798;55;2206.00;54
5646;55;629083573;5646;298;6440;6493;6.76;0.41;232.38;6.77;794;55;2207.00;53
5648;55;629083583;5648;307;6452;6506;6.72;0.41;232.38;6.75;804;55;2208.00;54
5649;55;629083594;5649;303;6452;6506;6.63;0.41;232.36;6.75;803;55;2209.00;54
5651;55;629083603;5651;295;6454;6508;6.60;0.41;232.41;6.75;803;55;2210.00;54
5653;55;629083612;5653;287;6455;6509;6.63;0.41;232.44;6.75;802;55;2211.00;54
5656;55;629083622;5656;293;6456;6510;6.71;0.41;232.43;6.75;800;55;2212.00;54
5659;55;629083631;5659;284;6456;6510;6.78;0.41;232.43;6.75;797;55;2213.00;54
5660;55;629083641;5660;290;6458;6513;6.90;0.42;232.46;6.75;798;55;2214.00;55
5661;55;629083650;5661;279;6458;6513;6.96;0.43;232.43;6.75;797;55;2215.00;55
5665;55;629083660;5665;277;6458;6513;6.97;0.43;232.53;6.75;793;55;2216.00;55
5667;55;629083670;5667;270;6458;6513;7.04;0.43;232.61;6.75;791;55;2217.00;55
5670;55;629083680;5670;260;6462;6519;7.15;0.44;232.70;6.75;792;55;2218.00;57
5673;55;629083690;5673;249;6462;6519;7.28;0.45;232.73;6.75;789;55;2219.00;57
5675;55;629083701;5675;240;6462;6519;7.39;0.45;232.84;6.75;787;55;2220.00;57
5678;55;629083710;5678;229;6463;6519;7.53;0.46;232.89;6.75;785;55;2221.00;56
5683;55;629083720;5683;229;6468;6523;7.62;0.47;232.95;6.74;785;55;2222.00;55
5687;55;629083731;5687;226;6469;6524;7.68;0.47;233.05;6.74;782;55;2223.00;55
5689;55;629083741;5689;222;6469;6524;7.79;0.48;233.07;6.74;780;55;2224.00;55
5694;55;629083750;5694;222;6471;6525;7.87;0.49;233.12;6.74;777;55;2225.00;54
5697;55;629083760;5697;216;6471;6525;8.04;0.50;233.13;6.74;774;55;2226.00;54
5702;55;629083770;5702;212;6471;6525;8.12;0.50;233.12;6.74;769;55;2227.00;54
5705;55;629083780;5705;209;6472;6525;8.23;0.51;233.15;6.74;767;55;2228.00;53
5710;55;629083790;5710;198;6472;6525;8.32;0.51;233.12;6.74;762;55;2229.00;53
5716;55;629083800;5716;194;6472;6525;8.37;0.52;233.15;6.74;756;55;2230.00;53
5719;55;629083810;5719;190;6472;6525;8.44;0.52;233.21;6.74;753;55;2231.00;53
5730;55;629083820;5730;195;6512;6595;8.44;0.52;233.14;6.70;782;55;2232.00;83
5732;55;629083837;5732;192;6518;6596;8.54;0.52;233.11;6.70;786;55;2233.00;78
5738;55;629083848;5738;191;6524;6596;8.62;0.53;233.08;6.69;786;55;2234.00;72
5740;55;629083860;5740;187;6526;6596;8.68;0.53;233.08;6.69;786;55;2235.00;70
5742;55;629083870;5742;184;6530;6596;8.80;0.54;233.09;6.69;788;55;2236.00;66
5746;55;629083881;5746;182;6534;6596;8.93;0.55;233.10;6.69;788;55;2237.00;62
5753;55;629083891;5753;190;6538;6596;9.00;0.55;233.19;6.69;785;55;2238.00;58
5755;55;629083903;5755;188;6540;6596;9.07;0.55;233.20;6.69;785;55;2239.00;56
5763;55;629083914;5763;189;6541;6597;9.11;0.56;233.10;6.69;778;55;2240.00;56
5770;55;629083926;5770;192;6542;6598;9.16;0.56;233.05;6.68;772;55;2241.00;56
5772;55;629083941;5772;197;6542;6598;9.24;0.56;233.02;6.68;770;55;2242.00;56
5777;55;629083953;5777;207;6545;6602;9.22;0.56;233.07;6.68;768;55;2243.00;57
5781;55;629083966;5781;208;6545;6602;9.22;0.56;233.13;6.68;764;55;2244.00;57
5784;55;629083979;5784;210;6545;6602;9.27;0.56;233.15;6.68;761;55;2245.00;57
5789;55;629083991;5789;212;6545;6602;9.29;0.56;233.19;6.68;756;55;2246.00;57
5791;55;629084003;5791;217;6550;6608;9.32;0.57;233.25;6.80;759;55;2247.00;58
5794;55;629084017;5794;213;6550;6608;9.35;0.57;233.25;6.80;756;55;2248.00;58
5799;55;629084030;5799;213;6551;6608;9.31;0.57;233.32;6.80;752;55;2249.00;57
5805;55;629084045;5805;219;6555;6614;9.39;0.57;233.37;6.80;750;55;2250.00;59
5809;55;629084059;5809;219;6555;6614;9.41;0.57;233.41;6.80;746;55;2251.00;59
5810;55;629084071;5810;215;6556;6614;9.46;0.58;233.41;6.80;746;55;2252.00;58
5813;55;629084084;5813;219;6557;6615;9.51;0.58;233.41;6.79;744;55;2253.00;58
5817;55;629084097;5817;220;6558;6616;9.61;0.59;233.40;6.79;741;55;2254.00;58
5820;55;629084109;5820;219;6558;6616;9.60;0.59;233.39;6.79;738;55;2255.00;58
5824;56;629084122;5824;221;6569;6629;9.69;0.59;233.45;6.78;745;56;2256.00;60
5826;56;629084143;5826;211;6569;6629;9.64;0.59;233.52;6.78;743;56;2257.00;60
5829;56;629084168;5829;208;6569;6629;9.64;0.59;233.52;6.78;740;56;2258.00;60
5832;56;629084187;5832;207;6570;6630;9.72;0.59;233.58;6.78;738;56;2259.00;60
5835;56;629084203;5835;197;6570;6630;9.71;0.59;233.57;6.78;735;56;2260.00;60
5839;56;629084218;5839;200;6573;6634;9.72;0.59;233.60;6.78;734;56;2261.00;61
5843;56;629084234;5843;203;6574;6634;9.64;0.59;233.71;6.78;731;56;2262.00;60
5846;56;629084261;5846;202;6577;6638;9.61;0.59;233.76;6.78;731;56;2263.00;61
5849;56;629084279;5849;208;6577;6638;9.65;0.59;233.80;6.78;728;56;2264.00;61
5852;56;629084294;5852;208;6577;6638;9.70;0.59;233.77;6.78;725;56;2265.00;61
5854;56;629084307;5854;193;6577;6638;9.83;0.60;233.81;6.78;723;56;2266.00;61
5858;56;629084320;5858;184;6577;6638;10.02;0.61;233.79;6.78;719;56;2267.00;61
5862;56;629084334;5862;178;6587;6650;10.08;0.61;233.84;6.77;725;56;2268.00;63
5864;56;629084350;5864;167;6587;6650;10.28;0.62;233.87;6.77;723;56;2269.00;63
5866;56;629084365;5866;162;6588;6650;10.53;0.64;233.88;6.76;722;56;2270.00;62
5869;56;629084387;5869;154;6588;6650;10.69;0.65;233.96;6.76;719;56;2271.00;62
5871;56;629084412;5871;148;6588;6650;10.78;0.65;234.00;6.76;717;56;2272.00;62
5874;56;629084433;5874;146;6588;6650;10.85;0.66;233.99;6.76;714;56;2273.00;62
5877;56;629084447;5877;140;6588;6651;10.88;0.66;233.97;6.76;711;56;2274.00;63
5880;56;629084461;5880;136;6588;6651;10.99;0.67;234.04;6.76;708;56;2275.00;63
5881;56;629084475;5881;128;6592;6657;11.13;0.67;234.04;6.76;711;56;2276.00;65
5884;56;629084496;5884;124;6593;6658;11.18;0.68;234.10;6.76;709;56;2277.00;65
5886;56;629084515;5886;122;6594;6658;11.22;0.68;234.08;6.76;708;56;2278.00;64
5888;56;629084532;5888;119;6594;6658;11.28;0.68;234.13;6.76;706;56;2279.00;64
5890;56;629084552;5890;120;6598;6663;11.29;0.69;234.17;6.76;708;56;2280.00;65
5890;56;629084570;5890;119;6598;6663;11.33;0.69;234.17;6.76;708;56;2281.00;65
5895;56;629084588;5895;118;6598;6663;11.37;0.69;234.10;6.76;703;56;2282.00;65
5896;56;629084608;5896;122;6599;6664;11.48;0.70;234.11;6.75;703;56;2283.00;65
5898;56;629084621;5898;121;6602;6668;11.50;0.70;234.07;6.75;704;56;2284.00;66
5901;57;629084636;5901;119;6602;6668;11.43;0.69;234.13;6.75;701;57;2285.00;66
5906;57;629084662;5906;117;6604;6671;11.50;0.70;234.15;6.75;698;57;2286.00;67
5908;57;629084686;5908;121;6604;6671;11.48;0.70;234.18;6.75;696;57;2287.00;67
5911;57;629084701;5911;122;6605;6671;11.55;0.70;234.25;6.75;694;57;2288.00;66
5915;57;629084725;5915;126;6605;6671;11.58;0.70;234.21;6.75;690;57;2289.00;66
5918;57;629084740;5918;129;6608;6675;11.65;0.71;234.30;6.75;690;57;2290.00;67
5921;57;629084757;5921;129;6608;6675;11.69;0.71;234.38;6.75;687;57;2291.00;67
5924;57;629084772;5924;133;6609;6675;11.72;0.71;234.39;6.75;685;57;2292.00;66
5927;57;629084795;5927;129;6609;6675;11.76;0.71;234.35;6.75;682;57;2293.00;66
5928;57;629084810;5928;130;6609;6676;11.84;0.72;234.37;6.75;681;57;2294.00;67
5932;57;629084824;5932;135;6611;6678;11.83;0.72;234.39;6.74;679;57;2295.00;67
5934;57;629084839;5934;135;6612;6678;11.78;0.72;234.40;6.87;678;57;2296.00;66
5940;57;629084860;5940;136;6613;6679;11.66;0.71;234.51;6.87;673;57;2297.00;66
5942;58;629084876;5942;139;6613;6679;11.62;0.71;234.51;6.87;671;58;2298.00;66
5948;58;629084897;5948;141;6613;6679;11.54;0.70;234.50;6.87;665;58;2299.00;66
5949;58;629084913;5949;142;6613;6679;11.49;0.70;234.58;6.87;664;58;2300.00;66
5952;58;629084938;5952;142;6613;6679;11.45;0.70;234.62;6.87;661;58;2301.00;66
5955;58;629084951;5955;144;6613;6679;11.49;0.70;234.63;6.87;658;58;2302.00;66
5956;58;629084965;5956;146;6613;6679;11.50;0.70;234.61;6.87;657;58;2303.00;66
5957;58;629084978;5957;170;6684;6806;11.14;0.69;234.59;6.80;727;58;2304.00;122
5957;58;629085009;5957;159;6684;6807;11.18;0.69;234.59;6.80;727;58;2305.00;123
5960;58;629085020;5960;150;6693;6807;11.33;0.70;234.67;6.79;733;58;2306.00;114
5961;58;629085033;5961;144;6694;6807;11.39;0.70;234.71;6.79;733;58;2307.00;113
5971;58;629085048;5971;142;6699;6807;11.40;0.70;234.69;6.79;728;58;2308.00;108
5976;58;629085059;5976;138;6704;6807;11.46;0.70;234.71;6.79;728;58;2309.00;103
5981;58;629085075;5981;139;6710;6807;11.46;0.70;234.62;6.79;729;58;2310.00;97
5984;58;629085090;5984;141;6712;6807;11.45;0.70;234.60;6.79;728;58;2311.00;95
5987;58;629085103;5987;139;6716;6808;11.48;0.70;234.59;6.92;729;58;2312.00;92
5988;58;629085117;5988;137;6720;6809;11.48;0.71;234.59;6.92;732;58;2313.00;89
5992;58;629085130;5992;137;6724;6809;11.43;0.70;234.56;6.92;732;58;2314.00;85
5998;58;629085151;5998;139;6727;6810;11.36;0.70;234.49;6.93;729;58;2315.00;83
6001;58;629085164;6001;141;6729;6810;11.33;0.69;234.48;6.93;728;58;2316.00;81
6005;58;629085176;6005;142;6730;6810;11.29;0.69;234.41;6.93;725;58;2317.00;80
6007;58;629085188;6007;140;6732;6810;11.20;0.69;234.40;6.94;725;58;2318.00;78
6010;58;629085201;6010;137;6735;6814;11.06;0.68;234.35;6.93;725;58;2319.00;79
6011;58;629085214;6011;139;6736;6814;11.01;0.68;234.34;6.94;725;58;2320.00;78
6016;58;629085227;6016;142;6736;6814;10.95;0.67;234.41;6.94;720;58;2321.00;78
6019;58;629085240;6019;146;6739;6817;10.96;0.67;234.32;6.94;720;58;2322.00;78
6021;58;629085253;6021;153;6739;6817;11.01;0.68;234.32;6.94;718;58;2323.00;78
6022;58;629085268;6022;162;6741;6817;11.02;0.68;234.29;7.05;719;58;2324.00;76
6026;58;629085279;6026;166;6744;6821;10.97;0.67;234.24;7.05;718;58;2325.00;77
6029;58;629085292;6029;168;6746;6822;10.90;0.67;234.21;7.05;717;58;2326.00;76
6032;58;629085305;6032;170;6748;6822;10.86;0.66;234.16;7.16;716;58;2327.00;74
6033;58;629085318;6033;178;6751;6826;10.88;0.67;234.13;7.16;718;58;2328.00;75
6036;58;629085331;6036;181;6751;6826;10.84;0.66;234.09;7.16;715;58;2329.00;75
6037;58;629085344;6037;184;6751;6826;10.75;0.66;234.06;7.16;714;58;2330.00;75
6038;58;629085355;6038;189;6753;6827;10.69;0.65;234.06;7.27;715;58;2331.00;74
6043;58;629085369;6043;194;6753;6827;10.51;0.64;233.97;7.27;710;58;2332.00;74
6044;58;629085383;6044;195;6757;6833;10.41;0.64;233.99;7.26;713;58;2333.00;76
6045;58;629085402;6045;202;6757;6833;10.30;0.63;233.95;7.26;712;58;2334.00;76
6048;58;629085414;6048;206;6758;6834;10.21;0.62;233.90;7.26;710;58;2335.00;76
6053;58;629085427;6053;213;6758;6834;10.08;0.62;233.83;7.26;705;58;2336.00;76
6055;58;629085440;6055;222;6759;6834;9.92;0.61;233.79;7.27;704;58;2337.00;75
6057;58;629085453;6057;230;6759;6834;9.74;0.59;233.78;7.27;702;58;2338.00;75
6059;58;629085465;6059;237;6759;6834;9.57;0.58;233.83;7.27;700;58;2339.00;75
6060;58;629085479;6060;249;6783;6870;9.42;0.58;233.82;7.28;723;58;2340.00;87
6060;58;629085494;6060;253;6783;6870;9.31;0.57;233.82;7.28;723;58;2341.00;87
6060;58;629085507;6060;267;6786;6870;9.22;0.57;233.82;7.27;726;58;2342.00;84
6064;58;629085518;6064;267;6790;6870;9.11;0.56;233.80;7.29;726;58;2343.00;80
6065;58;629085529;6065;273;6791;6870;9.01;0.55;233.76;7.29;726;58;2344.00;79
6068;58;629085541;6068;279;6793;6870;8.90;0.54;233.74;7.30;725;58;2345.00;77
6068;58;629085553;6068;288;6796;6874;8.85;0.54;233.74;7.30;728;58;2346.00;78
6072;58;629085566;6072;279;6799;6874;8.79;0.54;233.70;7.32;727;58;2347.00;75
6073;58;629085578;6073;277;6802;6878;8.73;0.53;233.69;7.33;729;58;2348.00;76
6073;58;629085591;6073;270;6805;6879;8.70;0.53;233.69;7.34;732;58;2349.00;74
6074;58;629085603;6074;269;6807;6879;8.63;0.53;233.68;7.35;733;58;2350.00;72
6078;58;629085614;6078;265;6809;6879;8.56;0.52;233.68;7.36;731;58;2351.00;70
6079;58;629085626;6079;268;6821;6892;8.44;0.51;233.67;7.35;742;58;2352.00;71
6082;58;629085639;6082;265;6823;6892;8.32;0.51;233.61;7.37;741;58;2353.00;69
6082;58;629085651;6082;263;6824;6892;8.27;0.50;233.61;7.37;742;58;2354.00;68
6082;58;629085664;6082;263;6826;6893;8.30;0.51;233.61;7.38;744;58;2355.00;67
6084;58;629085683;6084;262;6826;6894;8.24;0.50;233.57;7.38;742;58;2356.00;68
6084;58;629085697;6084;265;6827;6894;8.18;0.50;233.57;7.38;743;58;2357.00;67
6086;58;629085718;6086;269;6831;6897;8.14;0.50;233.51;7.38;745;58;2358.00;66
6087;58;629085730;6087;267;6832;6897;8.07;0.49;233.50;7.38;745;58;2359.00;65
6087;59;629085750;6087;261;6833;6897;7.98;0.49;233.50;7.39;746;59;2360.00;64
6087;59;629085784;6087;258;6834;6897;7.88;0.48;233.50;7.39;747;59;2361.00;63
6088;59;629085806;6088;256;6839;6903;7.83;0.48;233.49;7.40;751;59;2362.00;64
6088;59;629085820;6088;258;6840;6903;7.75;0.47;233.49;7.40;752;59;2363.00;63
6089;59;629085834;6089;259;6842;6903;7.64;0.47;233.47;7.40;753;59;2364.00;61
6092;59;629085853;6092;262;6842;6903;7.55;0.46;233.44;7.40;750;59;2365.00;61
6093;59;629085866;6093;268;6846;6907;7.53;0.46;233.42;7.41;753;59;2366.00;61
6095;59;629085880;6095;265;6847;6908;7.56;0.46;233.47;7.41;752;59;2367.00;61
6095;59;629085894;6095;267;6850;6908;7.56;0.46;233.47;7.42;755;59;2368.00;58
6095;59;629085906;6095;268;6851;6909;7.61;0.46;233.47;7.42;756;59;2369.00;58
6100;59;629085921;6100;273;6852;6909;7.55;0.46;233.46;7.43;752;59;2370.00;57
6101;59;629085934;6101;268;6852;6909;7.60;0.46;233.48;7.43;751;59;2371.00;57
6103;59;629085948;6103;266;6854;6909;7.58;0.46;233.55;7.43;751;59;2372.00;55
6111;59;629085961;6111;264;6855;6909;7.52;0.46;233.48;7.43;744;59;2373.00;54
6112;59;629085974;6112;261;6856;6909;7.55;0.46;233.49;7.44;744;59;2374.00;53
6115;59;629085988;6115;256;6856;6909;7.52;0.46;233.54;7.44;741;59;2375.00;53
6118;59;629086002;6118;259;6896;6979;7.64;0.47;233.56;7.40;778;59;2376.00;83
6124;59;629086023;6124;258;6900;6980;7.59;0.47;233.63;7.39;776;59;2377.00;80
6129;59;629086038;6129;252;6907;6980;7.56;0.46;233.53;7.39;778;59;2378.00;73
6135;59;629086051;6135;259;6909;6980;7.41;0.45;233.63;7.38;774;59;2379.00;71
6137;59;629086065;6137;251;6914;6980;7.40;0.45;233.64;7.38;777;59;2380.00;66
6140;59;629086078;6140;249;6921;6980;7.39;0.45;233.72;7.38;781;59;2381.00;59
6146;59;629086091;6146;239;6925;6980;7.36;0.45;233.77;7.38;779;59;2382.00;55
6147;59;629086104;6147;240;6927;6980;7.43;0.45;233.79;7.38;780;59;2383.00;53
6151;59;629086119;6151;233;6928;6981;7.45;0.46;233.85;7.38;777;59;2384.00;53
6154;59;629086142;6154;236;6930;6983;7.50;0.46;233.90;7.38;776;59;2385.00;53
6159;59;629086156;6159;231;6930;6983;7.53;0.46;233.94;7.38;771;59;2386.00;53
6162;59;629086172;6162;224;6934;6987;7.66;0.47;233.95;7.37;772;59;2387.00;53
6166;59;629086186;6166;218;6934;6987;7.82;0.48;234.04;7.37;768;59;2388.00;53
6169;59;629086198;6169;216;6934;6987;7.96;0.49;234.03;7.37;765;59;2389.00;53
6173;59;629086213;6173;219;6934;6987;8.07;0.50;234.07;7.37;761;59;2390.00;53
6178;59;629086226;6178;214;6939;6993;8.11;0.50;234.12;7.37;761;59;2391.00;54
6180;59;629086241;6180;212;6940;6993;8.17;0.50;234.13;7.37;760;59;2392.00;53
6184;59;629086262;6184;214;6940;6993;8.25;0.51;234.13;7.37;756;59;2393.00;53
6189;59;629086276;6189;213;6942;6996;8.37;0.51;234.13;7.36;753;59;2394.00;54
6191;59;629086289;6191;211;6942;6996;8.44;0.52;234.12;7.36;751;59;2395.00;54
6195;59;629086304;6195;214;6943;6996;8.55;0.52;234.08;7.36;748;59;2396.00;53
6202;59;629086316;6202;213;6944;6997;8.65;0.53;233.99;7.36;742;59;2397.00;53
6207;59;629086330;6207;214;6945;6998;8.82;0.54;233.99;7.36;738;59;2398.00;53
6211;59;629086343;6211;208;6945;6998;8.89;0.54;233.99;7.36;734;59;2399.00;53
6219;59;629086369;6219;210;6971;7057;8.91;0.54;233.96;7.33;752;59;2400.00;86
6221;59;629086396;6221;196;6973;7057;9.02;0.55;233.96;7.33;752;59;2401.00;84
6224;59;629086411;6224;189;6975;7057;9.16;0.56;234.01;7.33;751;59;2402.00;82
6228;59;629086425;6228;185;6976;7058;9.22;0.56;234.07;7.33;748;59;2403.00;82
6230;59;629086445;6230;179;6978;7058;9.27;0.56;234.05;7.33;748;59;2404.00;80
6234;59;629086460;6234;180;6980;7062;9.29;0.57;234.13;7.33;746;59;2405.00;82
6235;59;629086476;6235;182;6982;7062;9.32;0.57;234.14;7.33;747;59;2406.00;80
6241;59;629086493;6241;186;6988;7066;9.31;0.57;234.17;7.44;747;59;2407.00;78
6245;59;629086511;6245;184;6988;7066;9.31;0.57;234.30;7.44;743;59;2408.00;78
6246;59;629086537;6246;189;6989;7066;9.38;0.57;234.29;7.44;743;59;2409.00;77
6250;59;629086554;6250;191;6989;7066;9.42;0.58;234.35;7.44;739;59;2410.00;77
6259;59;629086570;6259;187;6989;7066;9.41;0.57;234.52;7.44;730;59;2411.00;77
6260;59;629086587;6260;190;6999;7078;9.48;0.58;234.52;7.43;739;59;2412.00;79
6266;59;629086607;6266;188;7000;7078;9.50;0.58;234.59;7.43;734;59;2413.00;78
6270;59;629086623;6270;188;7000;7078;9.52;0.58;234.59;7.43;730;59;2414.00;78
6273;59;629086638;6273;191;7001;7078;9.54;0.58;234.63;7.43;728;59;2415.00;77
6275;59;629086653;6275;195;7001;7078;9.55;0.58;234.64;7.43;726;59;2416.00;77
6283;59;629086667;6283;198;7002;7078;9.48;0.58;234.59;7.43;719;59;2417.00;76
6286;59;629086681;6286;198;7004;7079;9.47;0.58;234.61;7.43;718;59;2418.00;75
6288;59;629086696;6288;198;7004;7079;9.45;0.58;234.59;7.43;716;59;2419.00;75
6291;59;629086710;6291;206;7008;7085;9.37;0.57;234.63;7.43;717;59;2420.00;77
6294;59;629086725;6294;206;7010;7086;9.33;0.57;234.65;7.54;716;59;2421.00;76
6298;59;629086740;6298;205;7011;7086;9.34;0.57;234.72;7.55;713;59;2422.00;75
6303;59;629086762;6303;211;7011;7086;9.34;0.57;234.74;7.55;708;59;2423.00;75
6308;59;629086777;6308;212;7013;7090;9.36;0.57;234.82;7.54;705;59;2424.00;77
6309;59;629086800;6309;215;7015;7090;9.36;0.57;234.84;7.55;706;59;2425.00;75
6314;59;629086819;6314;221;7017;7090;9.27;0.56;234.90;7.55;703;59;2426.00;73
6315;59;629086832;6315;211;7018;7091;9.26;0.56;234.93;7.55;703;59;2427.00;73
6320;59;629086845;6320;212;7022;7095;9.15;0.56;235.03;7.55;702;59;2428.00;73
6322;59;629086859;6322;209;7022;7095;9.13;0.56;235.08;7.55;700;59;2429.00;73
6326;60;629086874;6326;208;7026;7101;9.09;0.55;235.15;7.55;700;60;2430.00;75
6331;60;629086897;6331;212;7027;7101;9.09;0.55;235.29;7.55;696;60;2431.00;74
6337;60;629086910;6337;216;7027;7101;9.08;0.55;235.33;7.55;690;60;2432.00;74
6341;60;629086924;6341;220;7028;7101;9.10;0.55;235.33;7.55;687;60;2433.00;73
6345;60;629086944;6345;225;7031;7105;9.04;0.55;235.38;7.55;686;60;2434.00;74
6347;60;629086959;6347;220;7032;7105;9.09;0.55;235.49;7.55;685;60;2435.00;73
6349;60;629086973;6349;202;7033;7105;9.13;0.56;235.52;7.54;684;60;2436.00;72
6353;60;629086987;6353;191;7034;7105;9.11;0.56;235.52;7.55;681;60;2437.00;71
6354;60;629087007;6354;181;7034;7106;9.19;0.56;235.50;7.55;680;60;2438.00;72
6359;60;629087019;6359;179;7036;7107;9.21;0.56;235.61;7.55;677;60;2439.00;71
6362;60;629087032;6362;174;7036;7107;9.30;0.57;235.69;7.55;674;60;2440.00;71
6365;60;629087045;6365;166;7037;7108;9.41;0.57;235.69;7.55;672;60;2441.00;71
6369;60;629087059;6369;162;7037;7108;9.51;0.58;235.71;7.55;668;60;2442.00;71
6371;60;629087072;6371;155;7038;7108;9.65;0.59;235.72;7.55;667;60;2443.00;70
6375;60;629087085;6375;154;7038;7108;9.76;0.60;235.75;7.55;663;60;2444.00;70
6378;60;629087105;6378;154;7038;7108;9.84;0.60;235.83;7.55;660;60;2445.00;70
6380;60;629087118;6380;151;7038;7108;9.98;0.61;235.80;7.55;658;60;2446.00;70
6382;60;629087132;6382;152;7038;7108;10.05;0.61;235.86;7.55;656;60;2447.00;70
6385;60;629087144;6385;168;7099;7235;10.14;0.63;235.90;7.49;714;60;2448.00;136
6386;60;629087169;6386;167;7104;7236;10.13;0.63;235.91;7.49;718;60;2449.00;132
6388;60;629087183;6388;160;7111;7236;10.24;0.63;235.86;7.48;723;60;2450.00;125
6391;60;629087195;6391;157;7113;7236;10.27;0.63;235.85;7.48;722;60;2451.00;123
6394;60;629087208;6394;156;7117;7236;10.31;0.64;235.83;7.48;723;60;2452.00;119
6397;60;629087221;6397;158;7121;7236;10.44;0.64;235.80;7.59;724;60;2453.00;115
6399;60;629087235;6399;156;7127;7236;10.49;0.64;235.76;7.60;728;60;2454.00;109
6401;60;629087248;6401;165;7132;7236;10.47;0.64;235.76;7.60;731;60;2455.00;104
6403;60;629087261;6403;173;7136;7237;10.44;0.64;235.77;7.60;733;60;2456.00;101
6407;60;629087281;6407;178;7139;7238;10.31;0.63;235.88;7.60;732;60;2457.00;99
6411;60;629087302;6411;182;7142;7238;10.18;0.63;235.90;7.60;731;60;2458.00;96
6413;60;629087315;6413;184;7144;7239;10.09;0.62;236.01;7.60;731;60;2459.00;95
6417;60;629087330;6417;187;7148;7239;10.07;0.62;236.02;7.61;731;60;2460.00;91
6419;60;629087343;6419;185;7150;7239;10.08;0.62;235.99;7.61;731;60;2461.00;89
6420;60;629087357;6420;194;7152;7239;10.13;0.62;236.00;7.61;732;60;2462.00;87
6422;60;629087370;6422;197;7155;7243;10.20;0.62;235.99;7.62;733;60;2463.00;88
6424;60;629087383;6424;197;7158;7243;10.21;0.63;235.95;7.62;734;60;2464.00;85
6425;60;629087395;6425;205;7160;7243;10.27;0.63;235.96;7.62;735;60;2465.00;83
6426;60;629087408;6426;202;7164;7246;10.31;0.63;235.95;7.63;738;60;2466.00;82
6428;60;629087422;6428;199;7165;7246;10.36;0.63;235.94;7.63;737;60;2467.00;81
6432;60;629087436;6432;201;7166;7246;10.28;0.63;235.89;7.63;734;60;2468.00;80
6433;60;629087456;6433;201;7172;7250;10.24;0.62;235.88;7.74;739;60;2469.00;78
6436;60;629087478;6436;203;7173;7251;10.14;0.62;235.81;7.74;737;60;2470.00;78
6439;60;629087491;6439;201;7174;7251;10.11;0.62;235.87;7.74;735;60;2471.00;77
6440;60;629087505;6440;206;7175;7255;9.99;0.61;235.88;7.74;735;60;2472.00;80
6442;60;629087519;6442;211;7176;7255;9.95;0.61;235.84;7.74;734;60;2473.00;79
6444;60;629087532;6444;216;7177;7255;9.89;0.60;235.81;7.85;733;60;2474.00;78
6446;60;629087545;6446;221;7179;7257;9.90;0.60;235.76;7.84;733;60;2475.00;78
6447;60;629087559;6447;223;7179;7257;9.90;0.60;235.76;7.84;732;60;2476.00;78
6447;60;629087571;6447;226;7183;7263;9.92;0.60;235.76;7.84;736;60;2477.00;80
6451;60;629087584;6451;225;7184;7263;9.85;0.60;235.74;7.94;733;60;2478.00;79
6454;60;629087597;6454;221;7185;7264;9.78;0.60;235.70;7.94;731;60;2479.00;79
6455;60;629087610;6455;219;7185;7264;9.71;0.59;235.71;7.94;730;60;2480.00;79
6456;60;629087629;6456;222;7186;7264;9.69;0.59;235.68;8.05;730;60;2481.00;78
6460;60;629087641;6460;216;7186;7264;9.73;0.59;235.63;8.05;726;60;2482.00;78
6463;60;629087653;6463;211;7186;7264;9.65;0.59;235.76;8.05;723;60;2483.00;78
6466;60;629087665;6466;206;7197;7276;9.65;0.59;235.79;8.13;731;60;2484.00;79
6468;60;629087678;6468;201;7199;7276;9.62;0.58;235.78;8.15;731;60;2485.00;77
6470;60;629087691;6470;203;7201;7276;9.69;0.59;235.75;8.24;731;60;2486.00;75
6470;60;629087703;6470;202;7201;7276;9.70;0.59;235.75;8.24;731;60;2487.00;75
6475;60;629087714;6475;201;7202;7276;9.76;0.59;235.68;8.34;727;60;2488.00;74
6477;60;629087726;6477;197;7202;7276;9.85;0.60;235.66;8.34;725;60;2489.00;74
6480;60;629087741;6480;199;7206;7280;9.76;0.59;235.61;8.43;726;60;2490.00;74
6481;60;629087757;6481;201;7206;7280;9.77;0.59;235.59;8.43;725;60;2491.00;74
6483;60;629087771;6483;202;7210;7284;9.83;0.60;235.56;8.52;727;60;2492.00;74
6483;60;629087784;6483;200;7212;7285;9.95;0.60;235.56;8.52;729;60;2493.00;73
6485;60;629087796;6485;201;7212;7285;9.98;0.61;235.54;8.52;727;60;2494.00;73
6486;60;629087807;6486;205;7212;7285;9.97;0.61;235.54;8.52;726;60;2495.00;73
6489;60;629087820;6489;208;7222;7298;9.91;0.60;235.65;8.52;733;60;2496.00;76
6490;60;629087834;6490;209;7222;7298;9.91;0.60;235.63;8.52;732;60;2497.00;76
6493;60;629087846;6493;214;7222;7298;9.85;0.60;235.59;8.52;729;60;2498.00;76
6494;60;629087858;6494;204;7223;7299;9.82;0.60;235.60;8.52;729;60;2499.00;76
6496;60;629087873;6496;196;7223;7300;9.74;0.59;235.56;8.52;727;60;2500.00;77
6500;60;629087890;6500;188;7224;7300;9.74;0.59;235.50;8.53;724;60;2501.00;76
6502;60;629087904;6502;184;7226;7303;9.77;0.59;235.51;8.53;724;60;2502.00;77
6505;60;629087917;6505;185;7227;7303;9.84;0.60;235.44;8.53;722;60;2503.00;76
6506;60;629087930;6506;182;7227;7303;9.93;0.60;235.45;8.53;721;60;2504.00;76
6506;60;629087949;6506;185;7227;7303;10.07;0.61;235.45;8.53;721;60;2505.00;76
6506;60;629087963;6506;185;7231;7309;10.26;0.62;235.45;8.52;725;60;2506.00;78
6507;60;629087976;6507;177;7233;7309;10.24;0.62;235.43;8.54;726;60;2507.00;76
6509;60;629087989;6509;179;7234;7309;10.33;0.63;235.43;8.54;725;60;2508.00;75
6513;60;629088004;6513;170;7235;7309;10.38;0.63;235.43;8.55;722;60;2509.00;74
6515;60;629088018;6515;172;7240;7313;10.33;0.63;235.44;8.56;725;60;2510.00;73
6515;60;629088038;6515;169;7242;7314;10.29;0.62;235.44;8.57;727;60;2511.00;72
6517;60;629088053;6517;174;7245;7314;10.23;0.62;235.41;8.58;728;60;2512.00;69
6519;60;629088068;6519;167;7247;7315;10.19;0.62;235.41;8.59;728;60;2513.00;68
6519;60;629088082;6519;168;7248;7315;10.15;0.61;235.41;8.61;729;60;2514.00;67
6519;60;629088095;6519;171;7249;7315;10.10;0.61;235.41;8.61;730;60;2515.00;66
6521;60;629088108;6521;171;7250;7315;10.07;0.61;235.37;8.63;729;60;2516.00;65
6521;60;629088122;6521;181;7251;7315;10.11;0.61;235.37;8.63;730;60;2517.00;64
6523;60;629088139;6523;184;7252;7315;10.09;0.61;235.36;8.64;729;60;2518.00;63
6524;60;629088157;6524;181;7253;7315;10.06;0.61;235.48;8.65;729;60;2519.00;62
6525;60;629088170;6525;192;7309;7440;10.07;0.62;235.47;8.60;784;60;2520.00;131
6526;60;629088193;6526;189;7312;7441;9.94;0.61;235.51;8.61;786;60;2521.00;129
6528;60;629088206;6528;189;7324;7441;9.87;0.61;235.57;8.60;796;60;2522.00;117
6528;60;629088219;6528;193;7333;7441;9.76;0.60;235.57;8.60;805;60;2523.00;108
6531;60;629088231;6531;199;7339;7441;9.69;0.60;235.61;8.60;808;60;2524.00;102
6535;60;629088243;6535;205;7345;7441;9.62;0.59;235.66;8.61;810;60;2525.00;96
6537;60;629088256;6537;209;7352;7441;9.50;0.58;235.74;8.62;815;60;2526.00;89
6541;60;629088269;6541;213;7355;7441;9.31;0.57;235.83;8.62;814;60;2527.00;86
6545;60;629088281;6545;224;7359;7442;9.23;0.57;235.84;8.62;814;60;2528.00;83
6547;60;629088296;6547;230;7363;7443;9.16;0.56;235.92;8.62;816;60;2529.00;80
6550;60;629088311;6550;230;7366;7443;9.09;0.56;235.91;8.62;816;60;2530.00;77
6553;60;629088325;6553;233;7373;7447;8.92;0.55;235.90;8.63;820;60;2531.00;74
6557;60;629088339;6557;228;7375;7447;8.78;0.54;235.88;8.63;818;60;2532.00;72
6558;60;629088354;6558;223;7375;7447;8.66;0.53;235.86;8.63;817;60;2533.00;72
6561;60;629088367;6561;228;7379;7447;8.54;0.52;235.88;8.64;818;60;2534.00;68
6564;60;629088379;6564;229;7382;7453;8.53;0.52;235.98;8.63;818;60;2535.00;71
6566;60;629088393;6566;232;7384;7453;8.48;0.52;236.04;8.63;818;60;2536.00;69
6569;60;629088405;6569;234;7386;7455;8.49;0.52;236.06;8.64;817;60;2537.00;69
6571;60;629088418;6571;239;7389;7458;8.49;0.52;236.04;8.64;818;60;2538.00;69
6573;60;629088431;6573;238;7390;7458;8.44;0.52;236.06;8.64;817;60;2539.00;68
6577;60;629088442;6577;249;7390;7458;8.40;0.51;236.03;8.64;813;60;2540.00;68
6579;60;629088454;6579;252;7390;7459;8.34;0.51;236.05;8.64;811;60;2541.00;69
6584;60;629088467;6584;251;7392;7460;8.26;0.50;236.01;8.65;808;60;2542.00;68
6587;60;629088478;6587;258;7395;7460;8.22;0.50;236.07;8.66;808;60;2543.00;65
6591;60;629088494;6591;264;7407;7473;8.18;0.50;236.10;8.65;816;60;2544.00;66
6594;60;629088512;6594;265;7408;7473;8.20;0.50;236.11;8.65;814;60;2545.00;65
6597;60;629088526;6597;268;7408;7473;8.22;0.50;236.12;8.65;811;60;2546.00;65
6604;60;629088543;6604;271;7411;7474;8.18;0.50;236.14;8.65;807;60;2547.00;63
6608;60;629088560;6608;273;7411;7474;8.07;0.49;236.19;8.65;803;60;2548.00;63
6612;60;629088574;6612;273;7415;7478;8.00;0.49;236.22;8.65;803;60;2549.00;63
6616;60;629088593;6616;265;7418;7481;7.96;0.49;236.21;8.65;802;60;2550.00;63
6622;60;629088607;6622;261;7424;7485;7.80;0.48;236.28;8.65;802;60;2551.00;61
6623;60;629088622;6623;262;7424;7485;7.77;0.48;236.31;8.65;801;60;2552.00;61
6627;60;629088634;6627;259;7425;7485;7.73;0.47;236.40;8.65;798;60;2553.00;60
6631;60;629088646;6631;256;7426;7485;7.68;0.47;236.49;8.65;795;60;2554.00;59
6635;60;629088657;6635;251;7426;7485;7.64;0.47;236.56;8.65;791;60;2555.00;59
6638;60;629088670;6638;254;7437;7497;7.75;0.48;236.59;8.63;799;60;2556.00;60
6640;60;629088683;6640;254;7437;7497;7.84;0.48;236.64;8.63;797;60;2557.00;60
6642;60;629088695;6642;251;7437;7497;7.87;0.48;236.65;8.63;795;60;2558.00;60
6645;60;629088707;6645;249;7437;7497;7.97;0.49;236.73;8.63;792;60;2559.00;60
6648;60;629088719;6648;250;7437;7497;8.10;0.50;236.79;8.63;789;60;2560.00;60
6652;60;629088732;6652;241;7437;7497;8.14;0.50;236.78;8.63;785;60;2561.00;60
6655;60;629088744;6655;240;7437;7498;8.18;0.50;236.82;8.63;782;60;2562.00;61
6660;60;629088756;6660;240;7437;7498;8.25;0.51;236.91;8.63;777;60;2563.00;61
6663;60;629088768;6663;240;7441;7504;8.43;0.52;236.90;8.63;778;60;2564.00;63
6667;60;629088780;6667;237;7444;7506;8.50;0.52;236.94;8.63;777;60;2565.00;62
6673;60;629088793;6673;232;7444;7506;8.54;0.53;236.95;8.63;771;60;2566.00;62
6676;60;629088805;6676;224;7444;7506;8.64;0.53;236.98;8.63;768;60;2567.00;62
6682;60;629088819;6682;223;7447;7510;8.70;0.54;236.98;8.62;765;60;2568.00;63
6687;60;629088831;6687;217;7447;7510;8.73;0.54;236.97;8.62;760;60;2569.00;63
6691;60;629088843;6691;222;7447;7510;8.79;0.54;237.00;8.62;756;60;2570.00;63
6699;60;629088854;6699;217;7448;7511;8.81;0.54;236.97;8.62;749;60;2571.00;63
6704;60;629088865;6704;210;7451;7515;8.82;0.54;236.99;8.62;747;60;2572.00;64
6708;60;629088877;6708;208;7451;7515;8.93;0.55;236.98;8.62;743;60;2573.00;64
6717;60;629088890;6717;197;7453;7518;8.96;0.55;237.03;8.62;736;60;2574.00;65
6721;60;629088902;6721;190;7454;7518;9.02;0.55;237.01;8.61;733;60;2575.00;64
6726;60;629088914;6726;191;7454;7518;9.05;0.55;237.06;8.61;728;60;2576.00;64
6729;60;629088926;6729;189;7454;7518;9.05;0.55;237.08;8.61;725;60;2577.00;64
6734;60;629088937;6734;189;7457;7522;9.06;0.55;237.07;8.61;723;60;2578.00;65
6737;60;629088951;6737;194;7457;7522;9.04;0.55;237.06;8.61;720;60;2579.00;65
6742;60;629088964;6742;199;7458;7522;9.09;0.56;237.19;8.61;716;60;2580.00;64
6744;60;629088976;6744;195;7458;7522;9.07;0.55;237.22;8.61;714;60;2581.00;64
6750;60;629088989;6750;198;7458;7523;9.06;0.55;237.24;8.61;708;60;2582.00;65
6753;60;629089001;6753;206;7459;7524;9.05;0.55;237.27;8.61;706;60;2583.00;65
6757;60;629089014;6757;206;7459;7524;9.05;0.55;237.29;8.61;702;60;2584.00;65
6760;60;629089028;6760;212;7460;7525;9.07;0.56;237.25;8.61;700;60;2585.00;65
6764;60;629089053;6764;214;7460;7525;9.03;0.55;237.31;8.61;696;60;2586.00;65
6769;60;629089065;6769;218;7460;7525;9.02;0.55;237.27;8.61;691;60;2587.00;65
6773;60;629089077;6773;218;7460;7525;9.00;0.55;237.24;8.61;687;60;2588.00;65
6777;60;629089089;6777;224;7460;7525;8.93;0.55;237.22;8.61;683;60;2589.00;65
6783;60;629089101;6783;217;7460;7525;8.83;0.54;237.27;8.61;677;60;2590.00;65
6788;60;629089112;6788;220;7460;7525;8.73;0.53;237.32;8.61;672;60;2591.00;65
6790;60;629089124;6790;237;7526;7652;8.87;0.55;237.33;8.53;736;60;2592.00;126
6797;60;629089150;6797;228;7529;7653;8.75;0.54;237.42;8.53;732;60;2593.00;124
6798;60;629089163;6798;232;7537;7653;8.81;0.55;237.45;8.52;739;60;2594.00;116
6801;60;629089174;6801;232;7540;7653;8.75;0.54;237.46;8.52;739;60;2595.00;113
6805;60;629089186;6805;238;7544;7653;8.74;0.54;237.45;8.52;739;60;2596.00;109
6808;60;629089197;6808;230;7548;7653;8.78;0.54;237.47;8.62;740;60;2597.00;105
6812;60;629089210;6812;226;7553;7653;8.88;0.55;237.49;8.62;741;60;2598.00;100
6816;60;629089222;6816;227;7555;7653;8.89;0.55;237.51;8.62;739;60;2599.00;98
6820;60;629089235;6820;231;7561;7654;8.91;0.55;237.50;8.62;741;60;2600.00;93
6821;60;629089253;6821;231;7563;7655;8.95;0.55;237.47;8.62;742;60;2601.00;92
6825;60;629089266;6825;236;7567;7655;8.88;0.55;237.53;8.62;742;61;2602.00;88
6827;60;629089289;6827;232;7571;7656;8.87;0.55;237.52;8.62;744;61;2603.00;85
6828;60;629089302;6828;239;7572;7656;8.83;0.55;237.52;8.62;744;61;2604.00;84
6832;60;629089317;6832;244;7574;7656;8.80;0.54;237.74;8.62;742;61;2605.00;82
6835;60;629089329;6835;233;7576;7656;8.89;0.55;237.79;8.62;741;61;2606.00;80
6839;60;629089342;6839;232;7578;7660;8.95;0.55;237.80;8.62;739;61;2607.00;82
6841;60;629089356;6841;222;7580;7660;9.03;0.55;237.80;8.62;739;61;2608.00;80
6845;60;629089369;6845;217;7581;7660;9.08;0.56;237.78;8.62;736;61;2609.00;79
6847;60;629089383;6847;214;7585;7666;9.17;0.56;237.74;8.62;738;61;2610.00;81
6848;60;629089397;6848;211;7586;7666;9.25;0.57;237.71;8.62;738;61;2611.00;80
6852;60;629089409;6852;211;7587;7666;9.30;0.57;237.72;8.62;735;61;2612.00;79
6854;60;629089422;6854;207;7590;7670;9.34;0.57;237.74;8.62;736;61;2613.00;80
6856;60;629089434;6856;202;7592;7671;9.43;0.58;237.76;8.62;736;61;2614.00;79
6856;60;629089453;6856;203;7592;7671;9.55;0.58;237.76;8.62;736;61;2615.00;79
6858;60;629089465;6858;206;7596;7675;9.59;0.59;237.76;8.61;738;61;2616.00;79
6859;60;629089478;6859;204;7597;7675;9.61;0.59;237.78;8.61;738;61;2617.00;78
6859;60;629089491;6859;203;7597;7675;9.62;0.59;237.78;8.61;738;61;2618.00;78
6860;60;629089504;6860;202;7599;7676;9.72;0.59;237.77;8.61;739;61;2619.00;77
6862;60;629089525;6862;203;7599;7676;9.75;0.59;237.75;8.61;737;61;2620.00;77
6863;60;629089539;6863;201;7603;7682;9.77;0.59;237.74;8.61;740;61;2621.00;79
6865;60;629089556;6865;196;7603;7682;9.75;0.59;237.72;8.61;738;61;2622.00;79
6870;60;629089571;6870;198;7604;7683;9.76;0.59;237.68;8.61;734;61;2623.00;79
6870;60;629089587;6870;201;7604;7683;9.80;0.60;237.68;8.61;734;61;2624.00;79
6872;60;629089602;6872;209;7604;7683;9.84;0.60;237.66;8.61;732;61;2625.00;79
6873;60;629089617;6873;209;7604;7683;9.86;0.60;237.64;8.61;731;61;2626.00;79
6877;60;629089631;6877;210;7604;7683;9.92;0.60;237.59;8.61;727;61;2627.00;79
6879;60;629089647;6879;211;7614;7695;10.00;0.61;237.69;8.60;735;61;2628.00;81
6881;60;629089664;6881;213;7615;7695;10.07;0.61;237.69;8.60;734;61;2629.00;80
6883;60;629089678;6883;215;7615;7695;10.11;0.62;237.67;8.60;732;61;2630.00;80
6884;60;629089692;6884;216;7615;7695;10.14;0.62;237.66;8.60;731;61;2631.00;80
6887;60;629089711;6887;216;7615;7695;10.19;0.62;237.63;8.60;728;61;2632.00;80
6888;60;629089728;6888;219;7615;7695;10.20;0.62;237.61;8.60;727;61;2633.00;80
6890;60;629089741;6890;222;7618;7699;10.26;0.63;237.60;8.59;728;61;2634.00;81
6894;60;629089761;6894;221;7618;7699;10.33;0.63;237.56;8.59;724;61;2635.00;81
6897;60;629089772;6897;221;7621;7703;10.38;0.63;237.59;8.59;724;61;2636.00;82
6900;60;629089785;6900;224;7622;7704;10.46;0.63;237.59;8.59;722;61;2637.00;82
6903;60;629089799;6903;222;7623;7704;10.54;0.64;237.53;8.59;720;61;2638.00;81
6906;60;629089811;6906;225;7623;7704;10.54;0.64;237.49;8.59;717;61;2639.00;81
6910;60;629089824;6910;228;7643;7733;10.43;0.63;237.42;8.57;733;61;2640.00;90
6911;60;629089838;6911;226;7644;7733;10.45;0.63;237.40;8.56;733;61;2641.00;89
6912;60;629089849;6912;225;7647;7733;10.41;0.63;237.38;8.56;735;61;2642.00;86
6913;60;629089862;6913;226;7649;7734;10.39;0.63;237.37;8.56;736;61;2643.00;85
6914;60;629089873;6914;227;7649;7735;10.38;0.63;237.38;8.56;735;61;2644.00;86
6916;60;629089884;6916;231;7649;7735;10.30;0.63;237.36;8.56;733;61;2645.00;86
6918;60;629089895;6918;232;7652;7738;10.30;0.63;237.34;8.56;734;61;2646.00;86
6919;60;629089905;6919;239;7652;7738;10.25;0.62;237.34;8.56;733;61;2647.00;86
6921;60;629089916;6921;245;7652;7738;10.21;0.62;237.35;8.56;731;61;2648.00;86
6923;60;629089927;6923;247;7652;7738;10.14;0.62;237.36;8.56;729;61;2649.00;86
6925;60;629089939;6925;246;7656;7744;10.03;0.61;237.44;8.55;731;61;2650.00;88
6926;60;629089952;6926;230;7656;7744;9.92;0.60;237.42;8.55;730;61;2651.00;88
6927;60;629089965;6927;218;7657;7744;9.96;0.61;237.44;8.55;730;61;2652.00;87
6930;60;629089978;6930;207;7657;7744;9.98;0.61;237.42;8.55;727;61;2653.00;87
6933;60;629089997;6933;193;7661;7748;9.99;0.61;237.41;8.56;728;61;2654.00;87
6935;60;629090010;6935;185;7664;7750;10.02;0.61;237.44;8.57;729;61;2655.00;86
6938;60;629090022;6938;174;7664;7750;10.07;0.61;237.42;8.57;726;61;2656.00;86
6939;60;629090034;6939;165;7665;7751;10.17;0.62;237.41;8.57;726;61;2657.00;86
6940;60;629090050;6940;158;7665;7751;10.27;0.63;237.38;8.57;725;61;2658.00;86
6944;60;629090061;6944;151;7665;7751;10.34;0.63;237.40;8.57;721;61;2659.00;86
6947;60;629090072;6947;145;7666;7751;10.51;0.64;237.35;8.58;719;61;2660.00;85
6949;60;629090083;6949;136;7666;7751;10.66;0.65;237.33;8.58;717;61;2661.00;85
6952;60;629090094;6952;129;7666;7751;10.78;0.65;237.26;8.58;714;61;2662.00;85
6954;60;629090106;6954;127;7666;7751;10.85;0.66;237.26;8.58;712;61;2663.00;85
6954;60;629090117;6954;133;7701;7821;10.93;0.66;237.26;8.54;747;61;2664.00;120
6955;60;629090134;6955;131;7704;7822;10.96;0.67;237.23;8.54;749;61;2665.00;118
6959;60;629090157;6959;131;7710;7822;11.06;0.67;237.16;8.54;751;61;2666.00;112
6961;60;629090170;6961;131;7713;7822;11.10;0.67;237.11;8.53;752;61;2667.00;109
6962;60;629090182;6962;127;7719;7822;11.13;0.68;237.12;8.53;757;61;2668.00;103
6966;60;629090194;6966;129;7723;7822;11.16;0.68;237.06;8.53;757;61;2669.00;99
6966;60;629090208;6966;130;7727;7822;11.24;0.68;237.06;8.53;761;61;2670.00;95
6969;60;629090220;6969;134;7729;7822;11.27;0.68;237.09;8.53;760;61;2671.00;93
6971;60;629090234;6971;133;7732;7823;11.26;0.68;237.06;8.53;761;61;2672.00;91
6971;60;629090247;6971;138;7733;7824;11.25;0.68;237.06;8.53;762;61;2673.00;91
6972;60;629090261;6972;141;7734;7824;11.19;0.68;237.08;8.52;762;61;2674.00;90
6976;60;629090275;6976;145;7737;7828;11.10;0.67;237.12;8.52;761;61;2675.00;91
6977;60;629090291;6977;147;7738;7828;11.03;0.67;237.16;8.53;761;61;2676.00;90
6981;60;629090305;6981;148;7738;7828;10.86;0.66;237.13;8.53;757;61;2677.00;90
6984;60;629090318;6984;155;7738;7828;10.75;0.65;237.15;8.53;754;61;2678.00;90
6985;60;629090331;6985;161;7742;7834;10.77;0.66;237.18;8.53;757;61;2679.00;92
6989;60;629090344;6989;164;7744;7834;10.63;0.65;237.24;8.54;755;61;2680.00;90
6991;60;629090356;6991;168;7745;7834;10.53;0.64;237.23;8.55;754;61;2681.00;89
6992;60;629090368;6992;177;7747;7837;10.49;0.64;237.25;8.55;755;61;2682.00;90
6997;60;629090380;6997;181;7749;7837;10.32;0.63;237.30;8.58;752;61;2683.00;88
6999;60;629090416;6999;187;7750;7837;10.23;0.62;237.28;8.57;751;61;2684.00;87
7002;60;629090428;7002;196;7752;7838;10.15;0.62;237.31;8.60;750;61;2685.00;86
7006;60;629090439;7006;200;7753;7839;10.07;0.61;237.27;8.60;747;61;2686.00;86
7010;60;629090451;7010;205;7754;7839;9.92;0.60;237.26;8.61;744;61;2687.00;85
7011;60;629090466;7011;212;7766;7852;9.82;0.60;237.32;8.60;755;61;2688.00;86
7015;60;629090490;7015;213;7766;7852;9.79;0.59;237.35;8.60;751;61;2689.00;86
7016;60;629090508;7016;213;7768;7852;9.70;0.59;237.38;8.62;752;61;2690.00;84
7018;60;629090524;7018;219;7769;7853;9.70;0.59;237.37;8.62;751;61;2691.00;84
7020;60;629090540;7020;224;7770;7853;9.57;0.58;237.38;8.62;750;61;2692.00;83
7022;60;629090561;7022;228;7775;7857;9.49;0.58;237.39;8.64;753;61;2693.00;82
7022;60;629090578;7022;230;7776;7857;9.48;0.58;237.39;8.63;754;61;2694.00;81
7024;60;629090592;7024;234;7780;7861;9.35;0.57;237.42;8.63;756;61;2695.00;81
7025;60;629090620;7025;239;7780;7861;9.26;0.56;237.44;8.63;755;61;2696.00;81
7027;60;629090632;7027;246;7781;7861;9.15;0.56;237.43;8.64;754;61;2697.00;80
7033;60;629090644;7033;249;7781;7861;9.03;0.55;237.41;8.64;748;61;2698.00;80
7035;60;629090655;7035;244;7783;7861;8.89;0.54;237.43;8.66;748;61;2699.00;78
7038;60;629090669;7038;242;7805;7910;8.83;0.54;237.50;8.63;767;61;2700.00;105
7041;60;629090699;7041;243;7809;7910;8.67;0.53;237.54;8.64;768;61;2701.00;101
7043;60;629090712;7043;242;7811;7910;8.54;0.52;237.56;8.64;768;61;2702.00;99
7044;60;629090730;7044;249;7813;7910;8.53;0.53;237.57;8.64;769;61;2703.00;97
7048;60;629090741;7048;247;7816;7910;8.45;0.52;237.57;8.65;768;61;2704.00;94
7050;60;629090752;7050;246;7817;7910;8.43;0.52;237.60;8.65;767;61;2705.00;93
7053;60;629090765;7053;246;7822;7911;8.38;0.52;237.56;8.68;769;61;2706.00;89
7058;60;629090775;7058;245;7823;7911;8.30;0.51;237.54;8.68;765;61;2707.00;88
7060;60;629090786;7060;247;7828;7917;8.28;0.51;237.53;8.68;768;61;2708.00;89
7063;60;629090798;7063;250;7829;7918;8.22;0.50;237.51;8.68;766;61;2709.00;89
7067;60;629090809;7067;260;7830;7918;8.12;0.50;237.52;8.68;763;61;2710.00;88
7072;60;629090820;7072;268;7831;7918;8.04;0.49;237.55;8.69;759;61;2711.00;87
7078;60;629090836;7078;269;7838;7922;7.95;0.49;237.62;8.70;760;61;2712.00;84
7080;60;629090847;7080;272;7839;7922;7.92;0.49;237.61;8.70;759;61;2713.00;83
7087;60;629090857;7087;276;7840;7922;7.83;0.48;237.65;8.71;753;61;2714.00;82
7093;60;629090868;7093;277;7841;7923;7.79;0.48;237.67;8.71;748;61;2715.00;82
7098;60;629090881;7098;283;7846;7927;7.68;0.47;237.70;8.71;748;61;2716.00;81
7104;60;629090893;7104;284;7847;7927;7.59;0.46;237.72;8.72;743;61;2717.00;80
7110;60;629090903;7110;285;7849;7930;7.48;0.46;237.73;8.71;739;61;2718.00;81
7113;60;629090914;7113;290;7852;7930;7.34;0.45;237.73;8.72;739;61;2719.00;78
7116;60;629090926;7116;283;7852;7930;7.40;0.45;237.76;8.72;736;61;2720.00;78
7118;60;629090938;7118;272;7855;7930;7.40;0.45;237.74;8.73;737;61;2721.00;75
7120;60;629090948;7120;271;7857;7934;7.52;0.46;237.78;8.73;737;61;2722.00;77
7125;60;629090958;7125;265;7857;7934;7.56;0.46;237.79;8.73;732;61;2723.00;77
7128;60;629090968;7128;260;7859;7934;7.56;0.46;237.81;8.73;731;61;2724.00;75
7130;60;629090979;7130;258;7860;7934;7.57;0.46;237.83;8.73;730;61;2725.00;74
7136;60;629090989;7136;264;7863;7935;7.61;0.46;237.93;8.73;727;61;2726.00;72
7137;60;629090999;7137;258;7864;7936;7.71;0.47;237.91;8.73;727;61;2727.00;72
7143;60;629091015;7143;251;7864;7936;7.73;0.47;238.03;8.73;721;61;2728.00;72
7147;60;629091027;7147;245;7865;7937;7.84;0.48;238.08;8.73;718;61;2729.00;72
7149;60;629091040;7149;248;7865;7937;7.96;0.49;238.15;8.73;716;61;2730.00;72
7152;60;629091050;7152;243;7866;7937;8.10;0.49;238.23;8.73;714;61;2731.00;71
7156;60;629091060;7156;244;7867;7937;8.13;0.50;238.26;8.73;711;61;2732.00;70
7161;60;629091070;7161;241;7869;7937;8.20;0.50;238.29;8.74;708;61;2733.00;68
7166;60;629091081;7166;245;7869;7937;8.21;0.50;238.36;8.74;703;61;2734.00;68
7169;60;629091093;7169;238;7870;7937;8.27;0.50;238.37;8.74;701;61;2735.00;67
7173;60;629091103;7173;243;7935;8064;8.52;0.53;238.38;8.67;762;61;2736.00;129
7178;60;629091124;7178;237;7939;8065;8.48;0.52;238.40;8.67;761;61;2737.00;126
7184;60;629091137;7184;237;7945;8065;8.50;0.53;238.40;8.67;761;61;2738.00;120
7187;60;629091150;7187;236;7951;8065;8.52;0.53;238.43;8.66;764;61;2739.00;114
7191;60;629091160;7191;243;7955;8065;8.55;0.53;238.43;8.66;764;61;2740.00;110
7195;60;629091170;7195;239;7959;8065;8.54;0.53;238.46;8.66;764;61;2741.00;106
7200;60;629091180;7200;240;7962;8065;8.48;0.52;238.48;8.66;762;61;2742.00;103
7202;60;629091191;7202;245;7966;8065;8.34;0.51;238.52;8.66;764;61;2743.00;99
7207;60;629091200;7207;243;7968;8066;8.24;0.51;238.57;8.66;761;61;2744.00;98
7208;60;629091211;7208;247;7972;8068;8.24;0.51;238.55;8.66;764;61;2745.00;96
7213;60;629091221;7213;250;7976;8068;8.18;0.50;238.60;8.66;763;61;2746.00;92
7214;60;629091231;7214;247;7979;8069;8.13;0.50;238.61;8.66;765;61;2747.00;90
7219;60;629091241;7219;244;7980;8069;8.09;0.50;238.70;8.66;761;61;2748.00;89
7223;60;629091252;7223;246;7985;8069;8.11;0.50;238.82;8.66;762;61;2749.00;84
7224;60;629091262;7224;251;7987;8069;8.16;0.50;238.85;8.66;763;61;2750.00;82
7231;60;629091272;7231;244;7990;8073;8.19;0.50;238.87;8.66;759;61;2751.00;83
7233;60;629091283;7233;243;7992;8073;8.26;0.51;238.88;8.66;759;61;2752.00;81
7236;60;629091300;7236;250;7993;8073;8.25;0.51;238.89;8.66;757;61;2753.00;80
7239;60;629091310;7239;256;7996;8076;8.27;0.51;238.88;8.66;757;61;2754.00;80
7243;60;629091321;7243;261;7997;8076;8.27;0.51;238.91;8.66;754;61;2755.00;79
7248;60;629091331;7248;262;8000;8076;8.22;0.51;238.92;8.66;752;61;2756.00;76
7251;60;629091342;7251;270;8003;8080;8.24;0.51;238.94;8.66;752;61;2757.00;77
7253;60;629091352;7253;275;8005;8081;8.24;0.51;238.96;8.66;752;61;2758.00;76
7260;60;629091363;7260;287;8005;8081;8.16;0.50;238.93;8.66;745;61;2759.00;76
7264;60;629091375;7264;286;8009;8086;8.14;0.50;238.89;8.65;745;61;2760.00;77
7266;60;629091387;7266;286;8009;8086;8.12;0.50;238.88;8.65;743;61;2761.00;77
7269;60;629091397;7269;288;8009;8086;8.05;0.49;238.92;8.65;740;61;2762.00;77
7274;60;629091407;7274;299;8010;8087;7.94;0.49;238.92;8.65;736;61;2763.00;77
7277;60;629091418;7277;308;8010;8087;7.92;0.49;238.93;8.65;733;61;2764.00;77
7282;60;629091428;7282;311;8014;8093;7.86;0.48;238.99;8.65;732;61;2765.00;79
7282;60;629091439;7282;311;8015;8093;7.83;0.48;238.99;8.65;733;61;2766.00;78
7287;60;629091448;7287;309;8015;8094;7.80;0.48;238.95;8.65;728;61;2767.00;79
7290;60;629091459;7290;305;8015;8094;7.81;0.48;238.95;8.65;725;61;2768.00;79
7292;60;629091470;7292;304;8015;8094;7.77;0.48;238.97;8.65;723;61;2769.00;79
7295;60;629091482;7295;304;8015;8094;7.76;0.47;238.94;8.65;720;61;2770.00;79
7296;60;629091497;7296;306;8015;8094;7.76;0.47;238.96;8.65;719;61;2771.00;79
7299;60;629091512;7299;307;8025;8106;7.89;0.48;239.01;8.64;726;61;2772.00;81
7300;60;629091531;7300;306;8025;8106;7.93;0.48;239.01;8.64;725;61;2773.00;81
7304;60;629091541;7304;305;8026;8106;7.94;0.48;239.04;8.64;722;61;2774.00;80
7307;60;629091553;7307;304;8026;8106;7.96;0.48;238.99;8.64;719;61;2775.00;80
7308;60;629091564;7308;293;8026;8106;8.04;0.49;238.97;8.64;718;61;2776.00;80
7313;60;629091579;7313;278;8026;8106;8.12;0.49;238.92;8.64;713;61;2777.00;80
7316;60;629091591;7316;267;8029;8110;8.18;0.50;238.99;8.63;713;61;2778.00;81
7319;60;629091601;7319;254;8029;8110;8.24;0.50;238.94;8.63;710;61;2779.00;81
7320;60;629091612;7320;242;8032;8114;8.31;0.51;238.92;8.63;712;61;2780.00;82
7324;60;629091622;7324;242;8033;8115;8.42;0.51;238.84;8.63;709;61;2781.00;82
7325;60;629091633;7325;239;8034;8115;8.53;0.52;238.84;8.63;709;61;2782.00;81
7327;61;629091643;7327;229;8034;8115;8.60;0.52;238.83;8.63;707;62;2783.00;81
7329;61;629091664;7329;227;8044;8128;8.77;0.53;238.82;8.62;715;62;2784.00;84
7331;61;629091675;7331;223;8044;8128;8.87;0.54;238.80;8.62;713;62;2785.00;84
7331;61;629091685;7331;225;8045;8128;9.03;0.55;238.80;8.62;714;62;2786.00;83
7333;61;629091695;7333;226;8046;8129;9.10;0.55;238.80;8.62;713;62;2787.00;83
7333;61;629091705;7333;221;8046;8130;9.19;0.56;238.80;8.62;713;62;2788.00;84
7334;61;629091715;7334;226;8046;8130;9.21;0.56;238.78;8.62;712;62;2789.00;84
7336;61;629091726;7336;224;8049;8136;9.24;0.56;238.76;8.61;713;62;2790.00;87
7338;61;629091737;7338;223;8050;8136;9.27;0.56;238.73;8.61;712;62;2791.00;86
7341;61;629091746;7341;226;8050;8136;9.25;0.56;238.69;8.61;709;62;2792.00;86
7341;61;629091757;7341;229;8051;8136;9.22;0.56;238.69;8.61;710;62;2793.00;85
7344;61;629091767;7344;231;8055;8142;9.17;0.56;238.64;8.61;711;62;2794.00;87
7346;61;629091777;7346;233;8055;8142;9.20;0.56;238.59;8.61;709;62;2795.00;87
7347;61;629091787;7347;233;8056;8142;9.16;0.56;238.60;8.61;709;62;2796.00;86
7348;61;629091802;7348;237;8056;8142;9.20;0.56;238.57;8.61;708;62;2797.00;86
7350;61;629091817;7350;238;8061;8146;9.21;0.56;238.54;8.73;711;62;2798.00;85
7351;61;629091827;7351;240;8062;8147;9.29;0.57;238.53;8.73;711;62;2799.00;85
7352;61;629091837;7352;240;8062;8147;9.32;0.57;238.53;8.73;710;62;2800.00;85
7353;62;629091850;7353;237;8063;8148;9.40;0.57;238.51;8.73;710;63;2801.00;85
7354;62;629091869;7354;238;8063;8148;9.43;0.58;238.51;8.73;709;63;2802.00;85
7358;62;629091878;7358;228;8063;8148;9.47;0.58;238.50;8.73;705;63;2803.00;85
7360;62;629091890;7360;215;8063;8148;9.58;0.59;238.48;8.73;703;63;2804.00;85
7362;62;629091899;7362;208;8063;8148;9.73;0.59;238.46;8.73;701;63;2805.00;85
7363;62;629091908;7363;197;8063;8148;9.91;0.60;238.44;8.73;700;63;2806.00;85
7364;62;629091918;7364;191;8063;8148;10.07;0.61;238.43;8.73;699;63;2807.00;85
7366;62;629091933;7366;197;8106;8218;10.00;0.61;238.44;8.68;740;63;2808.00;112
7367;62;629091949;7367;178;8106;8219;10.15;0.62;238.42;8.68;739;63;2809.00;113
7369;62;629091959;7369;165;8113;8219;10.39;0.63;238.41;8.67;744;63;2810.00;106
7369;62;629091969;7369;159;8117;8219;10.68;0.65;238.41;8.67;748;63;2811.00;102
7371;62;629091979;7371;155;8123;8219;10.90;0.67;238.39;8.67;752;63;2812.00;96
7373;62;629091995;7373;153;8126;8219;11.00;0.67;238.41;8.79;753;63;2813.00;93
7377;62;629092011;7377;158;8128;8219;11.12;0.68;238.41;8.79;751;63;2814.00;91
7379;62;629092033;7379;154;8128;8219;11.17;0.68;238.40;8.79;749;63;2815.00;91
7380;62;629092043;7380;159;8131;8220;11.23;0.68;238.40;8.91;751;63;2816.00;89
7381;62;629092053;7381;159;8132;8221;11.28;0.69;238.39;8.91;751;63;2817.00;89
7384;63;629092064;7384;160;8134;8221;11.30;0.69;238.36;9.04;750;64;2818.00;87
7385;63;629092085;7385;158;8137;8225;11.30;0.69;238.36;9.03;752;64;2819.00;88
7388;63;629092108;7388;153;8138;8225;11.28;0.68;238.34;9.16;750;64;2820.00;87
7389;63;629092118;7389;154;8138;8225;11.29;0.68;238.34;9.16;749;64;2821.00;87
7391;63;629092129;7391;146;8138;8225;11.36;0.69;238.33;9.16;747;64;2822.00;87
7393;63;629092141;7393;140;8142;8231;11.29;0.68;238.30;9.28;749;64;2823.00;89
7396;63;629092154;7396;136;8143;8231;11.33;0.69;238.31;9.28;747;64;2824.00;88
7398;63;629092166;7398;135;8146;8231;11.37;0.69;238.32;9.42;748;64;2825.00;85
7400;63;629092178;7400;131;8148;8234;11.38;0.69;238.36;9.42;748;64;2826.00;86
7404;63;629092190;7404;130;8148;8234;11.37;0.69;238.41;9.42;744;64;2827.00;86
7407;63;629092201;7407;125;8149;8234;11.41;0.69;238.37;9.42;742;64;2828.00;85
7411;63;629092212;7411;115;8149;8235;11.41;0.69;238.40;9.42;738;64;2829.00;86
7416;63;629092223;7416;119;8150;8236;11.49;0.70;238.42;9.42;734;64;2830.00;86
7418;63;629092234;7418;113;8150;8236;11.60;0.70;238.40;9.42;732;64;2831.00;86
7424;63;629092244;7424;109;8160;8249;11.60;0.70;238.41;9.41;736;64;2832.00;89
7426;63;629092257;7426;108;8161;8249;11.68;0.71;238.45;9.53;735;64;2833.00;88
7432;63;629092268;7432;109;8161;8249;11.69;0.71;238.46;9.53;729;64;2834.00;88
7436;63;629092279;7436;110;8164;8251;11.63;0.70;238.43;9.65;728;64;2835.00;87
7442;63;629092290;7442;111;8164;8251;11.66;0.71;238.45;9.65;722;64;2836.00;87
7445;63;629092302;7445;118;8167;8255;11.72;0.71;238.46;9.64;722;64;2837.00;88
7448;63;629092313;7448;120;8168;8255;11.71;0.71;238.49;9.64;720;64;2838.00;87
7449;63;629092329;7449;126;8172;8259;11.65;0.71;238.52;9.64;723;64;2839.00;87
7450;63;629092341;7450;125;8173;8259;11.62;0.70;238.53;9.64;723;64;2840.00;86
7452;63;629092351;7452;127;8173;8259;11.64;0.71;238.56;9.64;721;64;2841.00;86
7452;63;629092362;7452;131;8173;8259;11.64;0.71;238.56;9.64;721;64;2842.00;86
7454;63;629092372;7454;133;8173;8259;11.56;0.70;238.59;9.64;719;64;2843.00;86
7456;63;629092382;7456;136;8183;8271;11.54;0.70;238.64;9.63;727;64;2844.00;88
7460;63;629092394;7460;139;8184;8271;11.41;0.69;238.65;9.63;724;64;2845.00;87
7463;63;629092410;7463;141;8184;8271;11.30;0.69;238.63;9.63;721;64;2846.00;87
7464;63;629092420;7464;150;8184;8271;11.17;0.68;238.67;9.63;720;64;2847.00;87
7467;63;629092430;7467;154;8184;8271;11.04;0.67;238.74;9.63;717;64;2848.00;87
7471;63;629092441;7471;155;8184;8271;10.98;0.67;238.76;9.63;713;64;2849.00;87
7473;63;629092453;7473;165;8188;8274;10.87;0.66;238.83;9.65;715;64;2850.00;86
7474;63;629092464;7474;170;8188;8274;10.91;0.66;238.83;9.65;714;64;2851.00;86
7476;63;629092474;7476;168;8193;8280;10.93;0.67;238.83;9.64;717;64;2852.00;87
7481;63;629092485;7481;171;8196;8281;10.88;0.66;238.83;9.67;715;64;2853.00;85
7481;63;629092502;7481;175;8196;8281;10.89;0.66;238.83;9.67;715;64;2854.00;85
7485;63;629092515;7485;176;8196;8281;10.80;0.66;238.77;9.67;711;64;2855.00;85
7489;63;629092529;7489;179;8201;8285;10.78;0.65;238.75;9.69;712;64;2856.00;84
7489;63;629092544;7489;178;8202;8285;10.76;0.65;238.75;9.70;713;64;2857.00;83
7491;63;629092556;7491;183;8203;8285;10.75;0.65;238.75;9.72;712;64;2858.00;82
7493;63;629092570;7493;189;8204;8286;10.72;0.65;238.77;9.71;711;64;2859.00;82
7497;63;629092583;7497;195;8209;8290;10.60;0.65;238.78;9.73;712;64;2860.00;81
7499;63;629092596;7499;204;8209;8290;10.58;0.65;238.78;9.73;710;64;2861.00;81
7501;63;629092607;7501;207;8213;8293;10.52;0.64;238.78;9.75;712;64;2862.00;80
7507;63;629092619;7507;209;8215;8293;10.46;0.64;238.80;9.76;708;64;2863.00;78
7509;63;629092635;7509;219;8219;8295;10.30;0.63;238.82;9.77;710;64;2864.00;76
7511;63;629092646;7511;219;8219;8295;10.19;0.62;238.81;9.77;708;64;2865.00;76
7511;63;629092657;7511;217;8225;8299;10.17;0.62;238.81;9.79;714;64;2866.00;74
7512;63;629092667;7512;218;8225;8299;10.06;0.61;238.81;9.79;713;64;2867.00;74
7516;63;629092678;7516;224;8227;8299;9.95;0.61;238.86;9.80;711;64;2868.00;72
7519;63;629092688;7519;220;8227;8299;9.90;0.61;238.91;9.80;708;64;2869.00;72
7523;63;629092698;7523;218;8229;8300;9.78;0.60;238.90;9.81;706;64;2870.00;71
7525;63;629092709;7525;220;8230;8301;9.71;0.59;238.95;9.81;705;64;2871.00;71
7529;63;629092719;7529;221;8230;8301;9.51;0.58;239.06;9.81;701;64;2872.00;71
7533;63;629092728;7533;216;8233;8302;9.29;0.57;239.02;9.82;700;64;2873.00;69
7536;63;629092738;7536;214;8233;8302;9.08;0.56;239.03;9.82;697;64;2874.00;69
7543;63;629092747;7543;208;8235;8302;8.96;0.55;239.02;9.83;692;64;2875.00;67
7547;63;629092756;7547;206;8235;8302;8.90;0.54;239.06;9.83;688;64;2876.00;67
7550;63;629092765;7550;208;8235;8302;8.89;0.54;239.05;9.83;685;64;2877.00;67
7554;63;629092774;7554;209;8237;8302;8.88;0.54;239.04;9.84;683;64;2878.00;65
7559;63;629092783;7559;219;8237;8302;8.91;0.54;239.04;9.84;678;64;2879.00;65
7563;63;629092793;7563;254;8340;8532;8.84;0.55;239.00;9.72;777;64;2880.00;192
7567;63;629092820;7567;247;8345;8533;8.76;0.55;238.96;9.72;778;64;2881.00;188
7570;63;629092831;7570;234;8355;8533;8.75;0.55;239.00;9.71;785;64;2882.00;178
7573;63;629092840;7573;234;8362;8533;8.74;0.55;239.03;9.71;789;64;2883.00;171
7578;63;629092850;7578;236;8366;8533;8.70;0.54;238.98;9.71;788;64;2884.00;167
7581;63;629092859;7581;234;8374;8533;8.63;0.54;238.99;9.71;793;64;2885.00;159
7588;63;629092868;7588;232;8378;8533;8.51;0.53;239.04;9.71;790;64;2886.00;155
7593;63;629092878;7593;236;8386;8533;8.41;0.52;239.10;9.71;793;64;2887.00;147
7595;63;629092888;7595;242;8389;8534;8.47;0.53;239.10;9.71;794;64;2888.00;145
7600;63;629092899;7600;254;8395;8535;8.39;0.52;239.14;9.71;795;64;2889.00;140
7602;63;629092909;7602;248;8400;8535;8.37;0.52;239.20;9.71;798;64;2890.00;135
7609;63;629092918;7609;244;8407;8536;8.25;0.51;239.26;9.71;798;64;2891.00;129
7611;63;629092928;7611;248;8412;8536;8.12;0.50;239.31;9.71;801;64;2892.00;124
7615;63;629092938;7615;254;8415;8536;7.88;0.49;239.37;9.71;800;64;2893.00;121
7617;63;629092948;7617;244;8418;8536;7.69;0.48;239.37;9.71;801;64;2894.00;118
7621;63;629092958;7621;252;8425;8540;7.56;0.47;239.43;9.72;804;64;2895.00;115
7628;63;629092969;7628;257;8427;8540;7.34;0.45;239.51;9.72;799;64;2896.00;113
7629;63;629092979;7629;262;8429;8540;7.30;0.45;239.52;9.72;800;64;2897.00;111
7634;63;629092989;7634;262;8433;8543;7.32;0.45;239.56;9.72;799;64;2898.00;110
7636;63;629092999;7636;258;8436;8543;7.41;0.46;239.55;9.72;800;64;2899.00;107
7640;63;629093010;7640;254;8437;8543;7.47;0.46;239.54;9.73;797;64;2900.00;106
7645;63;629093029;7645;259;8440;8547;7.53;0.46;239.59;9.72;795;64;2901.00;107
7647;63;629093040;7647;258;8445;8548;7.57;0.47;239.63;9.73;798;64;2902.00;103
7650;63;629093051;7650;263;8445;8548;7.63;0.47;239.64;9.73;795;64;2903.00;103
7656;63;629093061;7656;262;8450;8552;7.57;0.47;239.64;9.85;794;64;2904.00;102
7661;63;629093073;7661;267;8453;8552;7.56;0.46;239.59;9.85;792;64;2905.00;99
7666;63;629093084;7666;268;8457;8552;7.48;0.46;239.66;9.86;791;64;2906.00;95
7668;63;629093094;7668;271;8459;8553;7.44;0.46;239.66;9.86;791;64;2907.00;94
7670;63;629093105;7670;266;8461;8553;7.45;0.46;239.69;9.86;791;64;2908.00;92
7672;63;629093114;7672;264;8465;8559;7.47;0.46;239.70;9.86;793;64;2909.00;94
7674;63;629093127;7674;272;8467;8559;7.47;0.46;239.73;9.87;793;64;2910.00;92
7679;63;629093137;7679;271;8468;8560;7.50;0.46;239.75;9.87;789;64;2911.00;92
7681;63;629093147;7681;281;8470;8560;7.59;0.47;239.81;9.87;789;64;2912.00;90
7685;63;629093158;7685;278;8471;8560;7.62;0.47;239.82;9.87;786;64;2913.00;89
7688;63;629093168;7688;278;8473;8560;7.63;0.47;239.85;9.88;785;64;2914.00;87
7693;63;629093178;7693;283;8476;8560;7.60;0.46;239.86;9.88;783;64;2915.00;84
7695;63;629093188;7695;284;8487;8572;7.68;0.47;239.89;9.88;792;64;2916.00;85
7704;63;629093199;7704;294;8488;8572;7.54;0.46;239.85;9.88;784;64;2917.00;84
7709;63;629093211;7709;303;8490;8572;7.45;0.45;239.79;9.87;781;64;2918.00;82
7710;63;629093221;7710;306;8490;8572;7.41;0.45;239.78;9.87;780;64;2919.00;82
7714;63;629093231;7714;305;8490;8572;7.34;0.45;239.80;9.87;776;64;2920.00;82
7717;63;629093241;7717;312;8490;8572;7.27;0.44;239.75;9.87;773;64;2921.00;82
7719;63;629093252;7719;319;8493;8576;7.30;0.45;239.79;9.87;774;64;2922.00;83
7720;63;629093262;7720;321;8493;8576;7.27;0.44;239.82;9.87;773;64;2923.00;83
7723;63;629093272;7723;333;8496;8580;7.26;0.44;239.80;9.87;773;64;2924.00;84
7724;63;629093282;7724;336;8498;8582;7.30;0.45;239.82;9.87;774;64;2925.00;84
7727;63;629093292;7727;344;8499;8582;7.33;0.45;239.83;9.87;772;64;2926.00;83
7729;63;629093308;7729;345;8499;8582;7.29;0.45;239.87;9.87;770;64;2927.00;83
7731;63;629093318;7731;348;8510;8595;7.43;0.45;239.85;9.85;779;64;2928.00;85
7735;63;629093329;7735;347;8510;8595;7.34;0.45;239.86;9.85;775;64;2929.00;85
7740;63;629093338;7740;348;8510;8595;7.29;0.44;239.85;9.85;770;64;2930.00;85
7744;63;629093349;7744;352;8511;8596;7.24;0.44;239.83;9.85;767;64;2931.00;85
7745;63;629093358;7745;353;8511;8597;7.22;0.44;239.87;9.85;766;64;2932.00;86
7750;63;629093368;7750;355;8511;8597;7.20;0.44;239.85;9.85;761;64;2933.00;86
7752;63;629093378;7752;363;8513;8600;7.26;0.44;239.80;9.85;761;64;2934.00;87
7752;63;629093388;7752;370;8513;8600;7.23;0.44;239.80;9.85;761;64;2935.00;87
7754;63;629093399;7754;377;8514;8600;7.20;0.44;239.82;9.85;760;64;2936.00;86
7757;63;629093410;7757;368;8514;8600;7.18;0.44;239.75;9.85;757;64;2937.00;86
7758;63;629093422;7758;366;8518;8606;7.15;0.44;239.75;9.84;760;64;2938.00;88
7760;63;629093434;7760;359;8518;8606;7.09;0.43;239.71;9.84;758;64;2939.00;88
7764;63;629093447;7764;358;8519;8606;7.04;0.43;239.68;9.84;755;64;2940.00;87
7766;63;629093457;7766;358;8519;8606;7.02;0.43;239.65;9.84;753;64;2941.00;87
7768;63;629093467;7768;358;8522;8610;7.04;0.43;239.70;9.84;754;64;2942.00;88
7772;63;629093477;7772;359;8523;8611;7.01;0.43;239.67;9.84;751;64;2943.00;88
7774;63;629093487;7774;360;8523;8611;6.95;0.42;239.67;9.84;749;64;2944.00;88
7775;63;629093497;7775;363;8524;8612;6.91;0.42;239.66;9.84;749;64;2945.00;88
7777;63;629093512;7777;351;8524;8612;6.94;0.42;239.76;9.84;747;64;2946.00;88
7778;63;629093522;7778;338;8524;8612;7.04;0.43;239.76;9.84;746;64;2947.00;88
7784;63;629093532;7784;329;8524;8612;7.08;0.43;239.69;9.84;740;64;2948.00;88
7785;63;629093542;7785;317;8524;8612;7.16;0.44;239.67;9.84;739;64;2949.00;88
7787;63;629093557;7787;313;8524;8612;7.30;0.44;239.66;9.84;737;64;2950.00;88
7789;63;629093567;7789;298;8524;8612;7.34;0.45;239.68;9.84;735;64;2951.00;88
7790;63;629093577;7790;306;8559;8682;7.57;0.46;239.66;9.80;769;64;2952.00;123
7791;63;629093594;7791;298;8559;8683;7.64;0.47;239.66;9.80;768;64;2953.00;124
7792;63;629093614;7792;292;8566;8683;7.75;0.47;239.67;9.79;774;64;2954.00;117
7793;63;629093625;7793;266;8571;8683;7.92;0.48;239.69;9.79;778;64;2955.00;112
7795;63;629093637;7795;252;8575;8683;8.10;0.49;239.72;9.78;780;64;2956.00;108
7798;63;629093650;7798;242;8580;8683;8.24;0.50;239.68;9.78;782;64;2957.00;103
7800;63;629093661;7800;235;8582;8683;8.39;0.51;239.69;9.78;782;64;2958.00;101
7800;63;629093673;7800;229;8583;8683;8.63;0.53;239.69;9.78;783;64;2959.00;100
7801;63;629093690;7801;220;8585;8684;8.75;0.53;239.69;9.78;784;64;2960.00;99
7802;63;629093700;7802;210;8586;8685;8.94;0.54;239.70;9.78;784;64;2961.00;99
7803;63;629093711;7803;204;8587;8685;9.10;0.55;239.68;9.78;784;64;2962.00;98
7804;64;629093722;7804;199;8590;8689;9.23;0.56;239.68;9.78;786;65;2963.00;99
7807;64;629093744;7807;197;8590;8689;9.39;0.57;239.72;9.78;783;65;2964.00;99
7808;64;629093755;7808;190;8590;8689;9.51;0.58;239.76;9.78;782;65;2965.00;99
7811;64;629093766;7811;177;8590;8689;9.62;0.58;239.76;9.78;779;65;2966.00;99
7813;64;629093777;7813;174;8593;8695;9.69;0.59;239.73;9.77;780;65;2967.00;102
7813;64;629093789;7813;176;8593;8695;9.78;0.60;239.73;9.77;780;65;2968.00;102
7814;64;629093799;7814;175;8594;8695;9.90;0.60;239.71;9.77;780;65;2969.00;101
7814;64;629093811;7814;179;8597;8701;9.99;0.61;239.71;9.77;783;65;2970.00;104
7817;64;629093823;7817;174;8598;8701;10.00;0.61;239.67;9.77;781;65;2971.00;103
7817;64;629093835;7817;176;8598;8701;10.07;0.61;239.67;9.77;781;65;2972.00;103
7819;64;629093846;7819;177;8600;8702;10.15;0.62;239.67;9.89;781;65;2973.00;102
7823;64;629093859;7823;170;8601;8703;10.19;0.62;239.59;9.89;778;65;2974.00;102
7824;64;629093872;7824;169;8602;8703;10.28;0.62;239.60;9.89;778;65;2975.00;101
7825;64;629093885;7825;163;8610;8716;10.39;0.63;239.62;9.88;785;65;2976.00;106
7830;64;629093902;7830;161;8611;8716;10.42;0.63;239.63;9.88;781;65;2977.00;105
7832;64;629093916;7832;159;8611;8716;10.52;0.64;239.63;9.88;779;65;2978.00;105
7834;64;629093929;7834;156;8612;8717;10.60;0.64;239.64;9.87;778;65;2979.00;105
7835;64;629093941;7835;161;8612;8717;10.66;0.64;239.64;9.87;777;65;2980.00;105
7837;64;629093954;7837;161;8614;8721;10.71;0.65;239.66;9.87;777;65;2981.00;107
7839;64;629093967;7839;155;8614;8721;10.77;0.65;239.66;9.87;775;65;2982.00;107
7841;64;629093979;7841;147;8618;8725;10.73;0.65;239.66;9.87;777;65;2983.00;107
7845;64;629093990;7845;152;8618;8725;10.73;0.65;239.67;9.87;773;65;2984.00;107
7845;64;629094001;7845;152;8618;8725;10.79;0.65;239.67;9.87;773;65;2985.00;107
7847;64;629094011;7847;157;8618;8725;10.77;0.65;239.69;9.87;771;65;2986.00;107
7852;64;629094027;7852;162;8618;8725;10.76;0.65;239.75;9.87;766;65;2987.00;107
7852;64;629094037;7852;163;8628;8737;10.79;0.66;239.75;9.86;776;65;2988.00;109
7855;64;629094049;7855;161;8629;8737;10.79;0.66;239.84;9.86;774;65;2989.00;108
7859;64;629094059;7859;163;8630;8737;10.81;0.66;239.84;9.86;771;65;2990.00;107
7861;64;629094070;7861;165;8631;8737;10.83;0.66;239.87;9.98;770;65;2991.00;106
7867;64;629094081;7867;164;8631;8737;10.80;0.66;239.87;9.98;764;65;2992.00;106
7869;64;629094094;7869;162;8633;8737;10.79;0.66;239.88;9.99;764;65;2993.00;104
7874;64;629094106;7874;160;8634;8738;10.83;0.66;239.88;9.99;760;65;2994.00;104
7878;64;629094120;7878;159;8637;8738;10.87;0.66;240.01;10.14;759;65;2995.00;101
7883;64;629094135;7883;154;8640;8744;10.95;0.66;239.98;10.13;757;65;2996.00;104
7886;64;629094148;7886;152;8642;8745;10.97;0.66;240.05;10.13;756;65;2997.00;103
7891;64;629094160;7891;149;8643;8745;10.94;0.66;240.08;10.25;752;65;2998.00;102
7892;64;629094173;7892;149;8643;8745;11.07;0.67;240.13;10.25;751;65;2999.00;102
7895;64;629094188;7895;143;8648;8765;11.15;0.68;240.09;10.24;753;65;3000.00;117
7899;64;629094207;7899;136;8648;8765;11.25;0.68;240.08;10.24;749;65;3001.00;117
7902;64;629094219;7902;130;8648;8765;11.34;0.69;240.12;10.24;746;65;3002.00;117
7905;64;629094231;7905;124;8649;8766;11.43;0.69;240.11;10.24;744;65;3003.00;117
7909;64;629094242;7909;120;8652;8770;11.37;0.69;240.06;10.24;743;65;3004.00;118
7912;64;629094254;7912;119;8653;8770;11.42;0.69;240.09;10.24;741;65;3005.00;117
7913;64;629094266;7913;118;8657;8773;11.45;0.69;240.07;10.24;744;65;3006.00;116
7916;64;629094276;7916;121;8658;8773;11.50;0.70;240.05;10.24;742;65;3007.00;115
7920;64;629094294;7920;119;8659;8773;11.52;0.70;240.04;10.25;739;65;3008.00;114
7921;64;629094313;7921;116;8659;8773;11.59;0.70;240.06;10.25;738;65;3009.00;114
7924;64;629094330;7924;121;8661;8777;11.55;0.70;240.07;10.25;737;65;3010.00;116
7925;64;629094352;7925;123;8664;8777;11.46;0.69;240.06;10.25;739;65;3011.00;113
7927;64;629094364;7927;123;8667;8777;11.45;0.69;240.05;10.25;740;65;3012.00;110
7929;64;629094375;7929;124;8668;8777;11.47;0.70;240.03;10.25;739;65;3013.00;109
7933;64;629094386;7933;126;8670;8778;11.43;0.69;240.04;10.25;737;65;3014.00;108
7935;64;629094398;7935;129;8673;8780;11.41;0.69;240.02;10.25;738;65;3015.00;107
7937;64;629094410;7937;132;8674;8780;11.43;0.70;240.02;10.25;737;65;3016.00;106
7943;64;629094422;7943;135;8675;8781;11.44;0.70;240.05;10.25;732;65;3017.00;106
7943;64;629094434;7943;145;8676;8781;11.41;0.70;240.05;10.25;733;65;3018.00;105
7948;64;629094447;7948;150;8677;8781;11.36;0.69;240.14;10.26;729;65;3019.00;104
7948;64;629094459;7948;153;8677;8781;11.30;0.69;240.14;10.26;729;65;3020.00;104
7950;64;629094472;7950;163;8679;8781;11.28;0.69;240.19;10.28;729;65;3021.00;102
7955;64;629094485;7955;165;8679;8781;11.19;0.68;240.18;10.28;724;65;3022.00;102
7958;64;629094502;7958;166;8681;8781;11.15;0.68;240.23;10.30;723;65;3023.00;100
7961;64;629094517;7961;193;8748;8908;10.85;0.67;240.24;10.23;787;65;3024.00;160
7964;64;629094548;7964;187;8750;8909;10.75;0.66;240.25;10.24;786;65;3025.00;159
7966;64;629094565;7966;179;8758;8909;10.73;0.66;240.24;10.24;792;65;3026.00;151
7969;64;629094580;7969;179;8764;8909;10.70;0.66;240.22;10.25;795;65;3027.00;145
7972;64;629094595;7972;175;8769;8909;10.69;0.66;240.28;10.25;797;65;3028.00;140
7974;64;629094608;7974;185;8774;8909;10.62;0.66;240.29;10.27;800;65;3029.00;135
7980;64;629094623;7980;187;8779;8909;10.63;0.66;240.30;10.27;799;65;3030.00;130
7985;64;629094635;7985;191;8782;8909;10.57;0.65;240.33;10.28;797;65;3031.00;127
7988;64;629094647;7988;193;8789;8910;10.53;0.65;240.35;10.30;801;65;3032.00;121
7990;64;629094664;7990;201;8790;8911;10.49;0.65;240.32;10.30;800;65;3033.00;121
7992;64;629094675;7992;208;8793;8911;10.42;0.64;240.32;10.30;801;65;3034.00;118
7994;64;629094687;7994;215;8799;8912;10.27;0.63;240.30;10.32;805;65;3035.00;113
7997;64;629094698;7997;223;8802;8912;10.16;0.63;240.38;10.32;805;65;3036.00;110
7998;64;629094709;7998;225;8806;8912;9.99;0.62;240.37;10.32;808;65;3037.00;106
8001;64;629094720;8001;232;8811;8912;9.82;0.61;240.34;10.34;810;65;3038.00;101
8006;64;629094731;8006;240;8815;8916;9.67;0.60;240.34;10.34;809;65;3039.00;101
8009;64;629094743;8009;246;8817;8916;9.55;0.59;240.34;10.35;808;65;3040.00;99
8015;64;629094754;8015;248;8819;8916;9.46;0.58;240.27;10.36;804;65;3041.00;97
8016;64;629094765;8016;253;8824;8919;9.40;0.58;240.28;10.38;808;65;3042.00;95
8017;64;629094776;8017;257;8825;8919;9.32;0.57;240.27;10.38;808;65;3043.00;94
8019;64;629094787;8019;255;8826;8919;9.20;0.56;240.23;10.38;807;65;3044.00;93
8022;64;629094798;8022;267;8831;8923;9.05;0.56;240.23;10.38;809;65;3045.00;92
8026;64;629094809;8026;273;8832;8924;8.96;0.55;240.21;10.38;806;65;3046.00;92
8032;64;629094820;8032;271;8835;8924;8.82;0.54;240.25;10.39;803;65;3047.00;89
8035;64;629094830;8035;279;8838;8928;8.74;0.54;240.20;10.39;803;65;3048.00;90
8037;64;629094841;8037;274;8838;8928;8.68;0.53;240.21;10.39;801;65;3049.00;90
8039;64;629094857;8039;269;8840;8928;8.63;0.53;240.19;10.40;801;65;3050.00;88
8046;64;629094867;8046;265;8841;8929;8.47;0.52;240.15;10.40;795;65;3051.00;88
8047;64;629094878;8047;270;8841;8929;8.32;0.51;240.14;10.40;794;65;3052.00;88
8052;64;629094888;8052;280;8845;8935;8.21;0.50;240.11;10.39;793;65;3053.00;90
8056;64;629094899;8056;283;8848;8935;8.01;0.49;240.15;10.40;792;65;3054.00;87
8060;64;629094909;8060;286;8849;8936;7.86;0.48;240.21;10.40;789;65;3055.00;87
8062;64;629094919;8062;291;8853;8936;7.71;0.47;240.25;10.41;791;65;3056.00;83
8066;64;629094928;8066;299;8853;8936;7.56;0.47;240.26;10.41;787;65;3057.00;83
8071;64;629094942;8071;304;8854;8936;7.37;0.45;240.27;10.41;783;65;3058.00;82
8074;64;629094957;8074;316;8856;8936;7.16;0.44;240.30;10.42;782;65;3059.00;80
8079;64;629094967;8079;314;8877;8972;7.08;0.44;240.33;10.39;798;65;3060.00;95
8082;64;629094979;8082;316;8879;8972;6.97;0.43;240.32;10.40;797;65;3061.00;93
8084;64;629094988;8084;315;8883;8972;6.97;0.43;240.34;10.39;799;65;3062.00;89
8088;64;629094997;8088;311;8885;8972;6.88;0.43;240.37;10.39;797;65;3063.00;87
8088;65;629095006;8088;307;8886;8972;6.91;0.43;240.37;10.39;798;66;3064.00;86
8092;65;629095021;8092;309;8887;8972;6.88;0.43;240.39;10.39;795;66;3065.00;85
8096;65;629095034;8096;302;8891;8976;6.90;0.43;240.30;10.39;795;66;3066.00;85
8101;65;629095043;8101;303;8892;8976;6.90;0.42;240.33;10.39;791;66;3067.00;84
8102;65;629095058;8102;304;8895;8980;6.95;0.43;240.33;10.39;793;66;3068.00;85
8106;65;629095067;8106;312;8898;8981;6.96;0.43;240.41;10.39;792;66;3069.00;83
8108;65;629095076;8108;312;8898;8981;6.96;0.43;240.43;10.39;790;66;3070.00;83
8112;65;629095086;8112;310;8899;8981;6.94;0.43;240.53;10.39;787;66;3071.00;82
8114;65;629095096;8114;314;8910;8994;6.98;0.43;240.54;10.38;796;66;3072.00;84
8117;65;629095106;8117;310;8910;8994;6.98;0.43;240.53;10.38;793;66;3073.00;84
8119;65;629095115;8119;317;8910;8994;6.98;0.43;240.54;10.38;791;66;3074.00;84
8123;65;629095123;8123;320;8911;8995;6.99;0.43;240.51;10.37;788;66;3075.00;84
8126;65;629095132;8126;320;8911;8996;6.95;0.43;240.54;10.37;785;66;3076.00;85
8128;65;629095142;8128;316;8911;8996;6.96;0.43;240.55;10.37;783;66;3077.00;85
8131;65;629095150;8131;316;8913;8999;7.01;0.43;240.53;10.37;782;66;3078.00;86
8136;65;629095160;8136;311;8913;8999;6.94;0.43;240.50;10.37;777;66;3079.00;86
8139;65;629095169;8139;313;8914;8999;6.90;0.42;240.45;10.37;775;66;3080.00;85
8142;65;629095178;8142;319;8914;8999;6.85;0.42;240.46;10.37;772;66;3081.00;85
8146;65;629095187;8146;321;8918;9005;6.80;0.42;240.49;10.37;772;66;3082.00;87
8148;65;629095196;8148;326;8918;9005;6.71;0.41;240.45;10.37;770;66;3083.00;87
8155;65;629095205;8155;323;8919;9005;6.57;0.40;240.42;10.37;764;66;3084.00;86
8157;65;629095214;8157;325;8919;9005;6.50;0.40;240.41;10.37;762;66;3085.00;86
8163;65;629095224;8163;329;8922;9009;6.45;0.40;240.44;10.36;759;66;3086.00;87
8167;65;629095233;8167;337;8923;9010;6.38;0.39;240.43;10.36;756;66;3087.00;87
8170;66;629095242;8170;334;8923;9010;6.34;0.39;240.49;10.36;753;67;3088.00;87
8175;66;629095259;8175;332;8924;9011;6.30;0.39;240.46;10.36;749;67;3089.00;87
8177;66;629095274;8177;340;8924;9011;6.32;0.39;240.44;10.36;747;67;3090.00;87
8181;66;629095283;8181;344;8924;9011;6.26;0.38;240.45;10.36;743;67;3091.00;87
8186;66;629095292;8186;345;8924;9011;6.15;0.38;240.39;10.36;738;67;3092.00;87
8188;66;629095302;8188;347;8924;9011;6.16;0.38;240.34;10.36;736;67;3093.00;87
8190;66;629095310;8190;344;8924;9011;6.15;0.38;240.36;10.36;734;67;3094.00;87
8193;66;629095320;8193;346;8924;9011;6.11;0.37;240.31;10.36;731;67;3095.00;87
8196;66;629095328;8196;353;8965;9081;6.38;0.39;240.39;10.31;769;67;3096.00;116
8201;66;629095343;8201;348;8966;9082;6.31;0.39;240.38;10.31;765;67;3097.00;116
8202;66;629095353;8202;353;8974;9082;6.49;0.40;240.38;10.43;772;67;3098.00;108
8203;66;629095363;8203;347;8980;9082;6.64;0.41;240.39;10.42;777;67;3099.00;102
8205;66;629095373;8205;349;8983;9082;6.73;0.41;240.38;10.42;778;67;3100.00;99
8205;66;629095391;8205;350;8985;9082;6.80;0.42;240.38;10.42;780;67;3101.00;97
8207;66;629095401;8207;352;8988;9082;6.87;0.42;240.41;10.42;781;67;3102.00;94
8208;66;629095410;8208;360;8989;9082;6.88;0.42;240.39;10.42;781;67;3103.00;93
8208;66;629095420;8208;365;8991;9083;6.87;0.42;240.39;10.42;783;67;3104.00;92
8209;66;629095430;8209;369;8993;9085;6.74;0.41;240.42;10.42;784;67;3105.00;92
8211;66;629095440;8211;376;8994;9085;6.64;0.41;240.41;10.42;783;67;3106.00;91
8213;66;629095450;8213;356;8997;9089;6.71;0.41;240.43;10.41;784;67;3107.00;92
8215;66;629095460;8215;342;8997;9089;6.71;0.41;240.43;10.41;782;67;3108.00;92
8216;66;629095471;8216;334;8997;9089;6.76;0.42;240.44;10.41;781;67;3109.00;92
8217;66;629095480;8217;326;8997;9089;6.83;0.42;240.42;10.41;780;67;3110.00;92
8219;66;629095491;8219;318;9001;9095;6.97;0.43;240.49;10.41;782;67;3111.00;94
8222;66;629095502;8222;309;9001;9095;7.05;0.43;240.50;10.41;779;67;3112.00;94
8223;66;629095513;8223;302;9002;9095;7.20;0.44;240.52;10.41;779;67;3113.00;93
8226;66;629095524;8226;298;9004;9098;7.39;0.45;240.53;10.40;778;67;3114.00;94
8228;66;629095535;8228;295;9004;9098;7.51;0.46;240.53;10.40;776;67;3115.00;94
8231;66;629095545;8231;279;9005;9098;7.73;0.47;240.51;10.40;774;67;3116.00;93
8233;66;629095563;8233;262;9005;9099;7.91;0.49;240.50;10.40;772;67;3117.00;94
8238;66;629095574;8238;246;9006;9100;8.13;0.50;240.45;10.40;768;67;3118.00;94
8240;66;629095593;8240;224;9006;9100;8.31;0.51;240.51;10.40;766;67;3119.00;94
8243;66;629095608;8243;212;9026;9126;8.59;0.53;240.50;10.38;783;67;3120.00;100
8246;66;629095625;8246;204;9027;9126;8.83;0.54;240.47;10.38;781;67;3121.00;99
8250;66;629095639;8250;193;9028;9126;9.07;0.55;240.48;10.38;778;67;3122.00;98
8251;66;629095653;8251;190;9029;9127;9.29;0.57;240.48;10.38;778;67;3123.00;98
8255;66;629095667;8255;182;9029;9127;9.40;0.57;240.47;10.38;774;67;3124.00;98
8257;66;629095679;8257;175;9032;9131;9.53;0.58;240.45;10.37;775;67;3125.00;99
8259;66;629095692;8259;167;9032;9131;9.67;0.59;240.46;10.37;773;67;3126.00;99
8261;66;629095704;8261;163;9036;9135;9.78;0.59;240.44;10.37;775;67;3127.00;99
8262;66;629095716;8262;158;9036;9135;9.96;0.61;240.45;10.37;774;67;3128.00;99
8264;66;629095734;8264;154;9036;9135;10.11;0.62;240.45;10.37;772;67;3129.00;99
8268;66;629095745;8268;155;9036;9135;10.24;0.62;240.45;10.37;768;67;3130.00;99
8271;66;629095756;8271;155;9036;9135;10.33;0.63;240.40;10.37;765;67;3131.00;99
8274;66;629095768;8274;155;9046;9147;10.44;0.63;240.42;10.36;772;67;3132.00;101
8276;66;629095781;8276;152;9046;9147;10.53;0.64;240.45;10.36;770;67;3133.00;101
8279;66;629095792;8279;151;9047;9147;10.65;0.65;240.53;10.36;768;67;3134.00;100
8282;66;629095804;8282;146;9047;9147;10.70;0.65;240.58;10.36;765;67;3135.00;100
8283;66;629095817;8283;146;9047;9147;10.70;0.65;240.63;10.36;764;67;3136.00;100
8284;66;629095829;8284;139;9048;9147;10.73;0.65;240.65;10.48;764;67;3137.00;99
8292;66;629095843;8292;140;9048;9148;10.73;0.65;240.70;10.48;756;67;3138.00;100
8293;66;629095857;8293;140;9048;9148;10.79;0.66;240.73;10.48;755;67;3139.00;100
8295;66;629095871;8295;141;9052;9154;10.86;0.66;240.72;10.48;757;67;3140.00;102
8298;66;629095885;8298;134;9053;9155;10.85;0.66;240.77;10.47;755;67;3141.00;102
8302;66;629095899;8302;134;9054;9155;10.91;0.66;240.76;10.47;752;67;3142.00;101
8305;66;629095912;8305;129;9054;9155;10.92;0.66;240.77;10.47;749;67;3143.00;101
8307;66;629095925;8307;128;9057;9159;10.94;0.67;240.81;10.47;750;67;3144.00;102
8309;66;629095937;8309;129;9057;9159;11.03;0.67;240.86;10.47;748;67;3145.00;102
8313;66;629095949;8313;130;9057;9159;11.06;0.67;240.91;10.47;744;67;3146.00;102
8317;66;629095960;8317;130;9058;9160;11.19;0.68;240.96;10.47;741;67;3147.00;102
8318;66;629095972;8318;132;9061;9164;11.28;0.69;240.95;10.47;743;67;3148.00;103
8319;66;629095983;8319;134;9061;9164;11.33;0.69;240.97;10.47;742;67;3149.00;103
8324;66;629095996;8324;140;9064;9170;11.39;0.69;240.98;10.46;740;67;3150.00;106
8325;66;629096007;8325;143;9064;9170;11.50;0.70;240.97;10.46;739;67;3151.00;106
8328;66;629096018;8328;145;9065;9170;11.58;0.70;240.96;10.46;737;67;3152.00;105
8330;66;629096029;8330;143;9065;9170;11.61;0.70;240.96;10.46;735;67;3153.00;105
8334;66;629096040;8334;145;9068;9174;11.67;0.71;240.99;10.46;734;67;3154.00;106
8337;66;629096052;8337;144;9068;9174;11.69;0.71;240.99;10.46;731;67;3155.00;106
8340;66;629096063;8340;143;9069;9174;11.77;0.71;240.97;10.46;729;67;3156.00;105
8342;66;629096073;8342;143;9069;9174;11.83;0.72;240.97;10.46;727;67;3157.00;105
8347;66;629096084;8347;138;9070;9175;11.84;0.72;241.07;10.46;723;67;3158.00;105
8353;66;629096095;8353;131;9072;9176;11.87;0.72;241.07;10.58;719;67;3159.00;104
8356;66;629096107;8356;128;9073;9176;11.90;0.72;241.08;10.58;717;67;3160.00;103
8360;66;629096117;8360;122;9074;9177;11.92;0.72;241.13;10.58;714;67;3161.00;103
8363;66;629096128;8363;117;9074;9177;11.93;0.72;241.17;10.58;711;67;3162.00;103
8371;66;629096138;8371;114;9074;9177;11.79;0.71;241.22;10.58;703;67;3163.00;103
8375;66;629096149;8375;112;9075;9177;11.74;0.71;241.25;10.59;700;67;3164.00;102
8376;66;629096160;8376;109;9075;9177;11.75;0.71;241.29;10.59;699;67;3165.00;102
8379;66;629096171;8379;107;9076;9177;11.73;0.71;241.32;10.60;697;67;3166.00;101
8381;66;629096181;8381;104;9076;9177;11.80;0.71;241.34;10.60;695;67;3167.00;101
8382;66;629096192;8382;127;9144;9304;11.49;0.70;241.36;10.53;762;67;3168.00;160
8384;66;629096213;8384;114;9146;9305;11.48;0.70;241.41;10.52;762;67;3169.00;159
8387;66;629096226;8387;108;9155;9305;11.61;0.71;241.38;10.51;768;67;3170.00;150
8390;66;629096238;8390;109;9158;9305;11.68;0.71;241.40;10.51;768;67;3171.00;147
8393;66;629096251;8393;104;9163;9305;11.74;0.72;241.41;10.51;770;67;3172.00;142
8396;66;629096263;8396;103;9167;9305;11.69;0.71;241.41;10.51;771;67;3173.00;138
8401;66;629096275;8401;109;9171;9305;11.80;0.72;241.42;10.50;770;67;3174.00;134
8406;66;629096286;8406;114;9176;9305;11.78;0.72;241.48;10.50;770;67;3175.00;129
8408;66;629096298;8408;118;9181;9306;11.82;0.72;241.46;10.50;773;67;3176.00;125
8412;66;629096310;8412;117;9182;9307;11.85;0.72;241.58;10.50;770;67;3177.00;125
8414;66;629096321;8414;122;9187;9307;11.80;0.72;241.59;10.50;773;67;3178.00;120
8415;66;629096332;8415;125;9188;9308;11.80;0.72;241.62;10.50;773;67;3179.00;120
8417;66;629096346;8417;122;9190;9308;11.65;0.71;241.63;10.50;773;67;3180.00;118
8420;66;629096356;8420;127;9191;9308;11.54;0.70;241.64;10.50;771;67;3181.00;117
8421;66;629096367;8421;132;9193;9308;11.43;0.70;241.63;10.50;772;67;3182.00;115
8424;66;629096379;8424;134;9196;9312;11.33;0.69;241.69;10.50;772;67;3183.00;116
8427;66;629096391;8427;139;9198;9312;11.27;0.69;241.69;10.50;771;67;3184.00;114
8429;66;629096404;8429;146;9198;9312;11.16;0.68;241.66;10.50;769;67;3185.00;114
8435;66;629096417;8435;152;9202;9315;11.10;0.67;241.63;10.51;767;67;3186.00;113
8435;66;629096431;8435;157;9202;9315;11.08;0.67;241.63;10.51;767;67;3187.00;113
8438;66;629096444;8438;163;9203;9315;11.06;0.67;241.67;10.51;765;67;3188.00;112
8441;66;629096456;8441;169;9206;9319;10.96;0.67;241.67;10.51;765;67;3189.00;113
8443;67;629096471;8443;171;9210;9320;10.95;0.66;241.65;10.53;767;68;3190.00;110
8444;67;629096492;8444;178;9211;9322;10.92;0.66;241.64;10.53;767;68;3191.00;111
8447;67;629096510;8447;182;9217;9326;10.82;0.66;241.66;10.55;770;68;3192.00;109
8448;67;629096526;8448;185;9217;9326;10.84;0.66;241.64;10.55;769;68;3193.00;109
8448;67;629096542;8448;195;9217;9326;10.92;0.66;241.64;10.55;769;68;3194.00;109
8452;67;629096562;8452;198;9219;9328;10.88;0.66;241.63;10.55;767;68;3195.00;109
8456;67;629096586;8456;201;9222;9328;10.84;0.66;241.62;10.59;766;68;3196.00;106
8458;67;629096600;8458;204;9226;9334;10.78;0.66;241.60;10.58;768;68;3197.00;108
8463;67;629096613;8463;212;9229;9334;10.68;0.65;241.67;10.60;766;68;3198.00;105
8464;67;629096625;8464;220;9229;9335;10.54;0.64;241.65;10.60;765;68;3199.00;106
8467;67;629096639;8467;225;9231;9335;10.36;0.63;241.64;10.62;764;68;3200.00;104
8470;67;629096656;8470;230;9233;9335;10.19;0.62;241.67;10.64;763;68;3201.00;102
8474;67;629096669;8474;235;9233;9335;10.02;0.61;241.73;10.64;759;68;3202.00;102
8477;67;629096682;8477;238;9235;9335;9.82;0.60;241.80;10.66;758;68;3203.00;100
8477;67;629096695;8477;246;9244;9347;9.73;0.59;241.80;10.65;767;68;3204.00;103
8480;67;629096707;8480;250;9244;9347;9.59;0.59;241.77;10.65;764;68;3205.00;103
8484;67;629096719;8484;257;9248;9347;9.44;0.58;241.78;10.66;764;68;3206.00;99
8487;67;629096731;8487;264;9250;9347;9.22;0.56;241.76;10.68;763;68;3207.00;97
8490;67;629096748;8490;270;9250;9347;9.06;0.55;241.74;10.68;760;68;3208.00;97
8492;68;629096763;8492;271;9252;9347;8.90;0.54;241.73;10.70;760;69;3209.00;95
8495;68;629096794;8495;276;9255;9351;8.72;0.53;241.71;10.69;760;69;3210.00;96
8499;68;629096804;8499;277;9256;9351;8.54;0.52;241.74;10.70;757;69;3211.00;95
8501;68;629096813;8501;275;9260;9355;8.47;0.52;241.76;10.70;759;69;3212.00;95
8504;68;629096823;8504;271;9262;9356;8.43;0.52;241.74;10.71;758;69;3213.00;94
8505;68;629096832;8505;272;9264;9356;8.40;0.52;241.72;10.71;759;69;3214.00;92
8509;68;629096841;8509;272;9264;9356;8.30;0.51;241.67;10.71;755;69;3215.00;92
8509;68;629096850;8509;277;9275;9369;8.28;0.51;241.67;10.71;766;69;3216.00;94
8511;68;629096860;8511;275;9275;9369;8.26;0.51;241.66;10.71;764;69;3217.00;94
8513;68;629096869;8513;270;9277;9369;8.26;0.51;241.68;10.71;764;69;3218.00;92
8514;68;629096878;8514;270;9280;9370;8.30;0.51;241.67;10.72;766;69;3219.00;90
8519;68;629096888;8519;268;9280;9371;8.26;0.51;241.62;10.72;761;69;3220.00;91
8523;68;629096897;8523;271;9281;9371;8.19;0.50;241.58;10.72;758;69;3221.00;90
8523;68;629096906;8523;273;9284;9374;8.18;0.50;241.58;10.72;761;69;3222.00;90
8529;68;629096916;8529;276;9285;9374;8.09;0.50;241.58;10.72;756;69;3223.00;89
8531;68;629096926;8531;275;9287;9374;7.97;0.49;241.57;10.73;756;69;3224.00;87
8537;68;629096936;8537;281;9287;9374;7.83;0.48;241.55;10.73;750;69;3225.00;87
8542;68;629096947;8542;281;9292;9380;7.75;0.47;241.53;10.72;750;69;3226.00;88
8544;68;629096957;8544;289;9293;9380;7.55;0.46;241.56;10.73;749;69;3227.00;87
8550;68;629096967;8550;293;9295;9380;7.29;0.45;241.54;10.73;745;69;3228.00;85
8555;68;629096976;8555;300;9296;9380;7.07;0.43;241.62;10.73;741;69;3229.00;84
8558;68;629096985;8558;294;9299;9384;6.93;0.42;241.64;10.73;741;69;3230.00;85
8560;68;629096993;8560;292;9300;9385;6.79;0.42;241.68;10.73;740;69;3231.00;85
8565;68;629097001;8565;301;9302;9385;6.60;0.40;241.70;10.73;737;69;3232.00;83
8566;68;629097009;8566;302;9303;9386;6.51;0.40;241.71;10.73;737;69;3233.00;83
8570;68;629097016;8570;300;9305;9386;6.40;0.39;241.71;10.74;735;69;3234.00;81
8571;68;629097024;8571;296;9305;9386;6.38;0.39;241.72;10.74;734;69;3235.00;81
8575;68;629097031;8575;302;9305;9386;6.31;0.39;241.72;10.74;730;69;3236.00;81
8577;68;629097039;8577;294;9307;9386;6.32;0.39;241.69;10.74;730;69;3237.00;79
8579;68;629097047;8579;290;9307;9386;6.36;0.39;241.69;10.74;728;69;3238.00;79
8580;68;629097055;8580;282;9307;9386;6.39;0.39;241.67;10.74;727;69;3239.00;79
8584;68;629097064;8584;288;9360;9511;6.71;0.42;241.62;10.68;776;69;3240.00;151
8585;68;629097080;8585;289;9362;9512;6.72;0.42;241.61;10.68;777;69;3241.00;150
8590;68;629097089;8590;292;9373;9512;6.76;0.42;241.60;10.67;783;69;3242.00;139
8592;68;629097098;8592;296;9380;9512;6.78;0.42;241.60;10.66;788;69;3243.00;132
8596;68;629097106;8596;297;9387;9512;6.82;0.42;241.57;10.66;791;69;3244.00;125
8599;68;629097115;8599;297;9392;9512;6.83;0.42;241.56;10.65;793;69;3245.00;120
8601;68;629097124;8601;302;9396;9512;6.87;0.43;241.60;10.65;795;69;3246.00;116
8604;68;629097133;8604;312;9397;9512;6.85;0.42;241.59;10.65;793;69;3247.00;115
8607;68;629097143;8607;315;9403;9513;6.94;0.43;241.62;10.65;796;69;3248.00;110
8610;68;629097155;8610;308;9406;9514;7.03;0.43;241.60;10.77;796;69;3249.00;108
8611;68;629097167;8611;309;9409;9514;7.09;0.44;241.61;10.77;798;69;3250.00;105
8614;68;629097178;8614;305;9413;9518;7.13;0.44;241.69;10.77;799;69;3251.00;105
8617;68;629097189;8617;306;9416;9518;7.12;0.44;241.70;10.77;799;69;3252.00;102
8620;68;629097207;8620;316;9417;9518;7.06;0.43;241.74;10.77;797;69;3253.00;101
8622;68;629097218;8622;318;9417;9518;7.04;0.43;241.76;10.77;795;69;3254.00;101
8623;68;629097230;8623;319;9421;9524;7.00;0.43;241.77;10.76;798;69;3255.00;103
8626;68;629097241;8626;323;9421;9524;6.98;0.43;241.78;10.76;795;69;3256.00;103
8631;68;629097253;8631;330;9422;9524;6.83;0.42;241.74;10.76;791;69;3257.00;102
8635;68;629097270;8635;336;9424;9527;6.73;0.41;241.78;10.76;789;69;3258.00;103
8639;68;629097288;8639;322;9425;9527;6.67;0.41;241.73;10.76;786;69;3259.00;102
8641;68;629097298;8641;321;9425;9527;6.61;0.40;241.74;10.76;784;69;3260.00;102
8643;68;629097313;8643;316;9425;9528;6.62;0.40;241.74;10.76;782;69;3261.00;103
8651;68;629097324;8651;312;9427;9529;6.61;0.40;241.70;10.76;776;69;3262.00;102
8653;68;629097335;8653;313;9427;9529;6.69;0.41;241.66;10.76;774;69;3263.00;102
8656;68;629097346;8656;306;9437;9542;6.83;0.42;241.66;10.75;781;69;3264.00;105
8657;68;629097359;8657;304;9438;9542;6.92;0.42;241.68;10.75;781;69;3265.00;104
8659;68;629097376;8659;303;9438;9542;7.04;0.43;241.73;10.75;779;69;3266.00;104
8661;68;629097394;8661;298;9439;9543;7.16;0.44;241.78;10.75;778;69;3267.00;104
8663;68;629097406;8663;299;9439;9543;7.23;0.44;241.77;10.75;776;69;3268.00;104
8664;68;629097418;8664;296;9442;9547;7.31;0.45;241.79;10.74;778;69;3269.00;105
8668;68;629097433;8668;298;9442;9547;7.32;0.45;241.84;10.74;774;69;3270.00;105
8671;68;629097444;8671;294;9446;9551;7.44;0.45;241.84;10.74;775;69;3271.00;105
8673;68;629097456;8673;293;9446;9551;7.52;0.46;241.84;10.74;773;69;3272.00;105
8673;68;629097467;8673;291;9446;9551;7.63;0.47;241.84;10.74;773;69;3273.00;105
8675;68;629097478;8675;288;9446;9551;7.70;0.47;241.83;10.74;771;69;3274.00;105
8678;68;629097488;8678;290;9446;9551;7.73;0.47;241.91;10.74;768;69;3275.00;105
8680;68;629097499;8680;289;9455;9563;7.88;0.48;241.91;10.73;775;69;3276.00;108
8684;68;629097510;8684;279;9455;9563;7.90;0.48;241.84;10.73;771;69;3277.00;108
8688;68;629097521;8688;269;9457;9563;8.01;0.49;241.85;10.73;769;69;3278.00;106
8691;68;629097531;8691;262;9457;9563;8.10;0.49;241.83;10.73;766;69;3279.00;106
8692;68;629097542;8692;253;9457;9563;8.23;0.50;241.84;10.73;765;69;3280.00;106
8695;68;629097552;8695;254;9457;9563;8.35;0.51;241.87;10.73;762;69;3281.00;106
8698;68;629097563;8698;248;9457;9564;8.49;0.52;241.87;10.73;759;69;3282.00;107
8700;68;629097573;8700;246;9457;9564;8.60;0.52;241.85;10.73;757;69;3283.00;107
8701;68;629097591;8701;248;9461;9570;8.68;0.53;241.85;10.72;760;69;3284.00;109
8702;68;629097603;8702;244;9463;9572;8.74;0.53;241.87;10.72;761;69;3285.00;109
8706;68;629097614;8706;229;9464;9572;8.80;0.53;241.91;10.72;758;69;3286.00;108
8707;68;629097625;8707;213;9464;9572;8.89;0.54;241.95;10.72;757;69;3287.00;108
8710;68;629097636;8710;202;9467;9576;8.98;0.55;241.98;10.72;757;69;3288.00;109
8713;68;629097653;8713;183;9467;9576;9.17;0.56;242.05;10.72;754;69;3289.00;109
8718;68;629097669;8718;174;9467;9576;9.32;0.57;242.18;10.72;749;69;3290.00;109
8721;68;629097682;8721;166;9468;9577;9.54;0.58;242.23;10.71;747;69;3291.00;109
8722;68;629097695;8722;164;9471;9581;9.74;0.59;242.26;10.71;749;69;3292.00;110
8724;68;629097717;8724;159;9471;9581;9.94;0.60;242.28;10.71;747;69;3293.00;110
8727;68;629097731;8727;151;9473;9584;10.16;0.62;242.28;10.71;746;69;3294.00;111
8730;68;629097745;8730;146;9473;9584;10.24;0.62;242.34;10.71;743;69;3295.00;111
8732;68;629097759;8732;142;9474;9584;10.37;0.63;242.37;10.71;742;69;3296.00;110
8733;68;629097772;8733;137;9474;9584;10.42;0.63;242.41;10.71;741;69;3297.00;110
8736;68;629097785;8736;136;9477;9588;10.47;0.64;242.41;10.71;741;69;3298.00;111
8737;68;629097803;8737;138;9477;9588;10.57;0.64;242.39;10.71;740;69;3299.00;111
8740;68;629097817;8740;141;9481;9607;10.60;0.64;242.35;10.70;741;69;3300.00;126
8743;68;629097835;8743;139;9482;9607;10.74;0.65;242.38;10.70;739;69;3301.00;125
8747;68;629097847;8747;135;9482;9608;10.91;0.66;242.41;10.70;735;69;3302.00;126
8749;68;629097859;8749;143;9483;9609;11.07;0.67;242.40;10.70;734;69;3303.00;126
8752;68;629097877;8752;138;9483;9609;11.12;0.68;242.42;10.70;731;69;3304.00;126
8756;68;629097888;8756;139;9484;9610;11.20;0.68;242.44;10.70;728;69;3305.00;126
8758;68;629097900;8758;137;9485;9610;11.28;0.69;242.41;10.70;727;69;3306.00;125
8761;68;629097911;8761;137;9486;9610;11.36;0.69;242.44;10.70;725;69;3307.00;124
8764;68;629097922;8764;135;9486;9610;11.37;0.69;242.49;10.70;722;69;3308.00;124
8767;68;629097934;8767;133;9486;9610;11.33;0.69;242.50;10.70;719;69;3309.00;124
8768;68;629097951;8768;134;9486;9610;11.43;0.70;242.52;10.70;718;69;3310.00;124
8772;68;629097964;8772;134;9486;9610;11.45;0.70;242.54;10.70;714;69;3311.00;124
8773;68;629097976;8773;159;9554;9737;11.16;0.69;242.56;10.62;781;69;3312.00;183
8775;68;629097998;8775;149;9559;9738;11.08;0.68;242.56;10.62;784;69;3313.00;179
8779;68;629098017;8779;136;9563;9738;11.15;0.69;242.58;10.62;784;69;3314.00;175
8782;68;629098029;8782;135;9565;9738;11.25;0.69;242.60;10.61;783;69;3315.00;173
8787;68;629098040;8787;132;9569;9738;11.34;0.70;242.62;10.61;782;69;3316.00;169
8789;68;629098053;8789;132;9572;9738;11.31;0.70;242.60;10.61;783;69;3317.00;166
8793;68;629098064;8793;135;9575;9738;11.26;0.69;242.62;10.61;782;69;3318.00;163
8794;68;629098082;8794;138;9578;9738;11.33;0.70;242.62;10.61;784;69;3319.00;160
8796;68;629098094;8796;140;9581;9739;11.33;0.70;242.63;10.73;785;69;3320.00;158
8800;68;629098105;8800;148;9584;9740;11.33;0.69;242.66;10.73;784;69;3321.00;156
8803;68;629098117;8803;155;9586;9740;11.34;0.69;242.68;10.73;783;69;3322.00;154
8805;68;629098128;8805;159;9590;9741;11.30;0.69;242.71;10.85;785;69;3323.00;151
8810;68;629098146;8810;163;9593;9741;11.27;0.69;242.73;10.85;783;69;3324.00;148
8815;68;629098157;8815;162;9593;9741;11.16;0.68;242.74;10.85;778;69;3325.00;148
8819;68;629098169;8819;165;9596;9741;11.14;0.68;242.76;10.97;777;69;3326.00;145
8824;68;629098181;8824;173;9598;9745;11.13;0.68;242.80;10.97;774;69;3327.00;147
8825;68;629098193;8825;170;9601;9745;11.14;0.68;242.79;11.09;776;69;3328.00;144
8829;68;629098204;8829;167;9603;9745;11.05;0.67;242.82;11.09;774;69;3329.00;142
8831;68;629098217;8831;172;9607;9751;11.07;0.67;242.85;11.09;776;69;3330.00;144
8835;68;629098241;8835;172;9609;9751;11.12;0.68;242.88;11.21;774;69;3331.00;142
8837;68;629098253;8837;167;9609;9751;11.18;0.68;242.86;11.21;772;69;3332.00;142
8843;68;629098264;8843;167;9615;9755;11.14;0.68;242.88;11.21;772;69;3333.00;140
8847;68;629098276;8847;162;9616;9756;11.18;0.68;242.84;11.21;769;69;3334.00;140
8850;68;629098288;8850;159;9621;9756;11.14;0.68;242.93;11.36;771;69;3335.00;135
8853;68;629098301;8853;153;9622;9760;11.19;0.68;242.98;11.36;769;69;3336.00;138
8857;68;629098313;8857;155;9623;9760;11.19;0.68;242.97;11.48;766;69;3337.00;137
8860;68;629098325;8860;148;9625;9760;11.27;0.68;242.99;11.48;765;69;3338.00;135
8865;68;629098336;8865;150;9626;9761;11.28;0.68;242.99;11.48;761;69;3339.00;135
8868;68;629098348;8868;147;9627;9761;11.29;0.68;242.95;11.48;759;69;3340.00;134
8872;68;629098359;8872;147;9632;9767;11.29;0.68;243.00;11.48;760;69;3341.00;135
8876;68;629098371;8876;142;9634;9767;11.26;0.68;243.04;11.49;758;69;3342.00;133
8877;68;629098383;8877;147;9636;9768;11.28;0.68;243.03;11.49;759;69;3343.00;132
8881;68;629098395;8881;147;9636;9768;11.27;0.68;243.03;11.49;755;69;3344.00;132
8883;68;629098406;8883;145;9637;9768;11.25;0.68;243.06;11.49;754;69;3345.00;131
8885;68;629098418;8885;148;9638;9768;11.16;0.67;243.03;11.49;753;69;3346.00;130
8886;68;629098429;8886;148;9639;9768;11.15;0.68;243.05;11.49;753;69;3347.00;129
8888;68;629098445;8888;157;9648;9780;11.03;0.67;243.07;11.48;760;69;3348.00;132
8891;68;629098458;8891;154;9650;9780;11.01;0.67;243.06;11.48;759;69;3349.00;130
8894;68;629098469;8894;159;9656;9780;10.95;0.66;243.03;11.49;762;69;3350.00;124
8897;68;629098479;8897;161;9657;9780;10.93;0.66;243.02;11.49;760;69;3351.00;123
8902;68;629098490;8902;163;9659;9780;10.87;0.66;242.99;11.49;757;69;3352.00;121
8907;68;629098504;8907;168;9659;9780;10.78;0.65;242.96;11.49;752;69;3353.00;121
8910;68;629098520;8910;170;9662;9784;10.71;0.65;242.98;11.49;752;69;3354.00;122
8910;68;629098535;8910;180;9663;9784;10.66;0.64;242.98;11.49;753;69;3355.00;121
8913;68;629098552;8913;179;9667;9788;10.62;0.64;242.98;11.49;754;69;3356.00;121
8918;68;629098568;8918;189;9668;9789;10.60;0.64;243.05;11.49;750;69;3357.00;121
8918;68;629098584;8918;191;9668;9789;10.64;0.64;243.05;11.49;750;69;3358.00;121
8923;68;629098597;8923;191;9668;9789;10.63;0.64;243.08;11.49;745;69;3359.00;121
8926;68;629098610;8926;204;9689;9818;10.46;0.63;243.11;11.49;763;69;3360.00;129
8926;68;629098625;8926;205;9690;9818;10.41;0.63;243.11;11.48;764;69;3361.00;128
8929;68;629098636;8929;207;9692;9818;10.38;0.63;243.06;11.48;763;69;3362.00;126
8932;68;629098647;8932;217;9698;9819;10.39;0.63;243.10;11.50;766;69;3363.00;121
8932;68;629098658;8932;224;9698;9820;10.26;0.62;243.10;11.50;766;69;3364.00;122
8935;68;629098668;8935;230;9699;9820;10.09;0.61;243.09;11.51;764;69;3365.00;121
8938;68;629098679;8938;233;9703;9823;9.95;0.60;243.13;11.52;765;69;3366.00;120
8940;68;629098691;8940;239;9704;9823;9.81;0.60;243.14;11.53;764;69;3367.00;119
8946;68;629098701;8946;247;9705;9823;9.69;0.59;243.15;11.54;759;69;3368.00;118
8948;68;629098714;8948;249;9706;9823;9.57;0.58;243.16;11.55;758;69;3369.00;117
8948;68;629098726;8948;255;9710;9829;9.54;0.58;243.16;11.55;762;69;3370.00;119
8950;68;629098737;8950;255;9713;9829;9.39;0.57;243.14;11.57;763;69;3371.00;116
8952;68;629098748;8952;266;9714;9829;9.23;0.56;243.14;11.58;762;69;3372.00;115
8956;68;629098760;8956;264;9715;9829;9.05;0.55;243.19;11.59;759;69;3373.00;114
8957;68;629098771;8957;274;9719;9833;8.97;0.55;243.21;11.60;762;69;3374.00;114
8958;68;629098781;8958;276;9722;9835;8.86;0.54;243.24;11.60;764;69;3375.00;113
8959;68;629098792;8959;287;9722;9835;8.76;0.54;243.23;11.60;763;69;3376.00;113
8960;68;629098802;8960;292;9725;9836;8.67;0.53;243.22;11.62;765;69;3377.00;111
8961;68;629098815;8961;302;9725;9836;8.61;0.53;243.22;11.62;764;69;3378.00;111
8962;68;629098825;8962;307;9727;9836;8.56;0.53;243.22;11.64;765;69;3379.00;109
8966;68;629098836;8966;306;9727;9836;8.49;0.52;243.28;11.64;761;69;3380.00;109
8969;68;629098845;8969;308;9727;9836;8.42;0.52;243.28;11.64;758;69;3381.00;109
8969;68;629098854;8969;305;9727;9836;8.35;0.52;243.28;11.64;758;69;3382.00;109
8971;68;629098863;8971;306;9730;9836;8.23;0.51;243.24;11.66;759;69;3383.00;106
8973;68;629098872;8973;313;9766;9906;8.27;0.51;243.24;11.61;793;69;3384.00;140
8976;68;629098894;8976;317;9770;9907;8.13;0.51;243.19;11.62;794;69;3385.00;137
8981;68;629098904;8981;311;9780;9907;8.10;0.50;243.17;11.61;799;69;3386.00;127
8984;68;629098913;8984;319;9784;9907;8.00;0.50;243.12;11.60;800;69;3387.00;123
8984;68;629098922;8984;322;9787;9907;7.93;0.49;243.12;11.60;803;69;3388.00;120
8986;68;629098939;8986;324;9798;9907;7.82;0.48;243.09;11.63;812;69;3389.00;109
8989;68;629098951;8989;324;9802;9907;7.70;0.48;243.06;11.64;813;69;3390.00;105
8993;68;629098963;8993;326;9805;9907;7.57;0.47;243.01;11.65;812;69;3391.00;102
8997;68;629098980;8997;327;9806;9908;7.47;0.46;242.94;11.65;809;69;3392.00;102
9001;68;629098990;9001;330;9808;9909;7.30;0.45;242.95;11.65;807;69;3393.00;101
9003;68;629099002;9003;330;9809;9909;7.21;0.44;242.91;11.65;806;69;3394.00;100
9009;68;629099012;9009;334;9812;9913;7.09;0.44;242.91;11.65;803;69;3395.00;101
9016;68;629099022;9016;336;9813;9913;6.88;0.42;242.90;11.66;797;69;3396.00;100
9020;68;629099032;9020;336;9814;9913;6.66;0.41;242.89;11.66;794;69;3397.00;99
9024;68;629099041;9024;344;9815;9913;6.47;0.40;242.94;11.66;791;69;3398.00;98
9024;68;629099050;9024;352;9819;9919;6.42;0.40;242.94;11.66;795;69;3399.00;100
9026;68;629099060;9026;348;9820;9919;6.31;0.39;242.96;11.66;794;69;3400.00;99
9030;68;629099072;9030;353;9822;9919;6.24;0.38;242.92;11.66;792;69;3401.00;97
9036;68;629099081;9036;345;9824;9922;6.13;0.38;242.89;11.66;788;69;3402.00;98
9038;68;629099091;9038;344;9825;9922;6.06;0.37;242.90;11.67;787;69;3403.00;97
9040;68;629099100;9040;338;9825;9922;6.03;0.37;242.90;11.67;785;69;3404.00;97
9045;68;629099109;9045;336;9825;9923;6.00;0.37;242.99;11.67;780;69;3405.00;98
9047;68;629099119;9047;342;9827;9924;5.98;0.37;242.99;11.67;780;69;3406.00;97
9049;68;629099127;9049;340;9828;9924;5.94;0.36;242.98;11.67;779;69;3407.00;96
9050;68;629099137;9050;335;9838;9937;6.06;0.37;242.99;11.66;788;69;3408.00;99
9056;68;629099149;9056;336;9838;9937;6.08;0.37;242.98;11.66;782;69;3409.00;99
9061;68;629099159;9061;337;9839;9937;6.08;0.37;242.95;11.65;778;69;3410.00;98
9062;68;629099169;9062;321;9840;9938;6.15;0.37;242.96;11.65;778;69;3411.00;98
9064;68;629099180;9064;299;9840;9938;6.28;0.38;242.96;11.65;776;69;3412.00;98
9068;68;629099191;9068;294;9843;9942;6.46;0.39;242.98;11.65;775;69;3413.00;99
9069;68;629099204;9069;285;9843;9942;6.60;0.40;243.01;11.65;774;69;3414.00;99
9073;68;629099216;9073;278;9847;9946;6.76;0.41;243.03;11.65;774;69;3415.00;99
9075;68;629099228;9075;269;9847;9946;6.90;0.42;243.07;11.65;772;69;3416.00;99
9077;69;629099239;9077;265;9847;9946;7.05;0.43;243.03;11.65;770;70;3417.00;99
9079;69;629099262;9079;256;9847;9946;7.21;0.44;243.08;11.65;768;70;3418.00;99
9083;69;629099278;9083;249;9847;9946;7.28;0.44;243.06;11.65;764;70;3419.00;99
9085;69;629099290;9085;246;9872;9980;7.60;0.47;243.08;11.62;787;70;3420.00;108
9086;69;629099303;9086;239;9872;9980;7.73;0.47;243.09;11.62;786;70;3421.00;108
9091;69;629099313;9091;239;9873;9980;7.82;0.48;243.13;11.62;782;70;3422.00;107
9095;69;629099330;9095;235;9874;9980;7.93;0.49;243.09;11.74;779;70;3423.00;106
9098;69;629099342;9098;231;9875;9980;7.98;0.49;243.07;11.74;777;70;3424.00;105
9101;69;629099353;9101;221;9875;9980;8.11;0.49;243.09;11.74;774;70;3425.00;105
9102;69;629099364;9102;219;9876;9981;8.26;0.50;243.09;11.74;774;70;3426.00;105
9104;69;629099376;9104;219;9876;9981;8.44;0.51;243.12;11.74;772;70;3427.00;105
9107;69;629099390;9107;222;9880;9987;8.57;0.52;243.20;11.74;773;70;3428.00;107
9111;70;629099403;9111;224;9881;9988;8.68;0.53;243.28;11.74;770;71;3429.00;107
9115;70;629099428;9115;229;9882;9988;8.80;0.54;243.28;11.74;767;71;3430.00;106
9119;70;629099441;9119;223;9882;9988;8.83;0.54;243.31;11.74;763;71;3431.00;106
9124;70;629099458;9124;225;9886;9992;8.93;0.54;243.27;11.73;762;71;3432.00;106
9127;70;629099470;9127;220;9886;9992;8.92;0.54;243.29;11.73;759;71;3433.00;106
9131;70;629099481;9131;226;9886;9992;8.87;0.54;243.25;11.73;755;71;3434.00;106
9134;70;629099492;9134;221;9887;9993;8.89;0.54;243.27;11.73;753;71;3435.00;106
9135;70;629099503;9135;221;9890;9997;9.00;0.55;243.26;11.73;755;71;3436.00;107
9140;70;629099515;9140;225;9890;9997;9.00;0.55;243.30;11.73;750;71;3437.00;107
9142;70;629099526;9142;219;9892;10000;9.08;0.56;243.37;11.72;750;71;3438.00;108
9146;70;629099538;9146;222;9892;10000;9.08;0.56;243.36;11.72;746;71;3439.00;108
9150;70;629099550;9150;223;9893;10000;9.12;0.56;243.36;11.72;743;71;3440.00;107
9153;70;629099564;9153;224;9893;10000;9.14;0.56;243.39;11.72;740;71;3441.00;107
9160;70;629099578;9160;228;9896;10004;9.12;0.56;243.38;11.72;736;71;3442.00;108
9162;70;629099592;9162;229;9896;10004;9.08;0.55;243.39;11.72;734;71;3443.00;108
9165;70;629099605;9165;230;9897;10004;9.05;0.55;243.43;11.72;732;71;3444.00;107
9169;70;629099618;9169;226;9897;10004;9.01;0.55;243.44;11.72;728;71;3445.00;107
9172;70;629099631;9172;231;9897;10005;9.00;0.55;243.42;11.72;725;71;3446.00;108
9175;70;629099644;9175;219;9898;10006;9.00;0.55;243.45;11.72;723;71;3447.00;108
9181;70;629099657;9181;211;9898;10006;9.00;0.55;243.50;11.72;717;71;3448.00;108
9184;70;629099672;9184;205;9899;10007;9.03;0.55;243.52;11.72;715;71;3449.00;108
9188;70;629099687;9188;198;9899;10007;9.10;0.55;243.55;11.72;711;71;3450.00;108
9192;70;629099700;9192;193;9899;10007;9.13;0.55;243.54;11.72;707;71;3451.00;108
9196;70;629099719;9196;193;9899;10007;9.23;0.56;243.57;11.72;703;71;3452.00;108
9200;70;629099732;9200;193;9899;10007;9.30;0.56;243.66;11.72;699;71;3453.00;108
9205;70;629099745;9205;192;9899;10007;9.29;0.56;243.71;11.72;694;71;3454.00;108
9208;70;629099757;9208;192;9899;10007;9.33;0.57;243.74;11.72;691;71;3455.00;108
9212;70;629099771;9212;198;9972;10134;9.39;0.58;243.78;11.63;760;71;3456.00;162
9214;70;629099800;9214;176;9974;10135;9.50;0.59;243.83;11.63;760;71;3457.00;161
9217;70;629099815;9217;160;9982;10135;9.73;0.60;243.87;11.62;765;71;3458.00;153
9218;70;629099829;9218;151;9986;10135;9.95;0.61;243.86;11.62;768;71;3459.00;149
9221;70;629099843;9221;137;9992;10135;10.16;0.63;243.89;11.61;771;71;3460.00;143
9223;70;629099857;9223;130;9995;10135;10.31;0.64;243.93;11.61;772;71;3461.00;140
9230;70;629099871;9230;127;10000;10135;10.45;0.64;243.99;11.61;770;71;3462.00;135
9232;70;629099886;9232;124;10003;10135;10.55;0.65;244.00;11.61;771;71;3463.00;132
9235;70;629099900;9235;120;10007;10136;10.70;0.66;244.03;11.61;772;71;3464.00;129
9236;70;629099915;9236;123;10009;10138;10.83;0.66;244.04;11.60;773;71;3465.00;129
9242;70;629099929;9242;121;10011;10138;10.89;0.67;244.03;11.60;769;71;3466.00;127
9243;70;629099944;9243;125;10012;10139;10.97;0.67;244.04;11.60;769;71;3467.00;127
9246;70;629099957;9246;128;10014;10139;11.01;0.67;244.05;11.60;768;71;3468.00;125
9248;70;629099972;9248;132;10014;10139;11.01;0.67;244.04;11.60;766;71;3469.00;125
9251;70;629099986;9251;132;10016;10139;11.09;0.68;244.08;11.60;765;71;3470.00;123
9251;70;629100000;9251;134;10019;10143;11.14;0.68;244.08;11.60;768;71;3471.00;124
9256;70;629100022;9256;138;10021;10143;11.17;0.68;244.10;11.60;765;71;3472.00;122
9258;70;629100040;9258;141;10022;10143;11.19;0.68;244.14;11.60;764;71;3473.00;121
9259;70;629100057;9259;141;10025;10146;11.22;0.68;244.13;11.60;766;71;3474.00;121
9264;70;629100071;9264;144;10025;10146;11.23;0.68;244.24;11.60;761;71;3475.00;121
9265;70;629100085;9265;143;10026;10146;11.27;0.69;244.24;11.60;761;71;3476.00;120
9267;70;629100098;9267;145;10029;10150;11.33;0.69;244.26;11.60;762;71;3477.00;121
9270;70;629100111;9270;152;10031;10151;11.44;0.70;244.25;11.59;761;71;3478.00;120
9271;70;629100123;9271;153;10031;10151;11.54;0.70;244.26;11.59;760;71;3479.00;120
9277;70;629100136;9277;154;10035;10156;11.54;0.70;244.30;11.59;758;71;3480.00;121
9278;70;629100149;9278;160;10035;10156;11.63;0.71;244.30;11.59;757;71;3481.00;121
9282;70;629100161;9282;158;10035;10156;11.68;0.71;244.30;11.59;753;71;3482.00;121
9286;70;629100173;9286;161;10036;10157;11.74;0.71;244.30;11.59;750;71;3483.00;121
9288;71;629100186;9288;162;10036;10157;11.83;0.72;244.32;11.59;748;72;3484.00;121
9291;71;629100207;9291;162;10040;10163;11.93;0.73;244.32;11.58;749;72;3485.00;123
9293;71;629100219;9293;162;10041;10163;11.92;0.73;244.36;11.58;748;72;3486.00;122
9294;71;629100231;9294;161;10041;10164;11.96;0.73;244.40;11.58;747;72;3487.00;123
9300;71;629100242;9300;161;10041;10164;11.92;0.73;244.48;11.58;741;72;3488.00;123
9304;71;629100253;9304;163;10042;10164;11.93;0.73;244.55;11.71;738;72;3489.00;122
9306;71;629100265;9306;159;10042;10164;11.89;0.73;244.58;11.71;736;72;3490.00;122
9309;72;629100276;9309;157;10042;10164;11.87;0.72;244.55;11.71;733;73;3491.00;122
9312;72;629100294;9312;155;10051;10176;11.84;0.72;244.53;11.70;739;73;3492.00;125
9316;72;629100311;9316;152;10052;10176;11.87;0.72;244.51;11.70;736;73;3493.00;124
9323;72;629100322;9323;151;10053;10176;11.87;0.72;244.53;11.70;730;73;3494.00;123
9326;72;629100338;9326;148;10053;10176;11.87;0.72;244.58;11.70;727;73;3495.00;123
9329;72;629100349;9329;144;10053;10176;11.83;0.72;244.56;11.70;724;73;3496.00;123
9335;72;629100360;9335;144;10053;10176;11.91;0.72;244.54;11.70;718;73;3497.00;123
9338;72;629100376;9338;143;10056;10180;11.86;0.72;244.54;11.70;718;73;3498.00;124
9342;72;629100387;9342;141;10056;10180;11.88;0.72;244.55;11.70;714;73;3499.00;124
9346;72;629100398;9346;141;10059;10184;11.89;0.72;244.61;11.70;713;73;3500.00;125
9349;72;629100420;9349;140;10061;10185;11.94;0.73;244.57;11.69;712;73;3501.00;124
9353;72;629100430;9353;134;10061;10185;11.94;0.73;244.54;11.69;708;73;3502.00;124
9355;72;629100441;9355;133;10061;10185;11.91;0.72;244.55;11.69;706;73;3503.00;124
9363;72;629100450;9363;136;10071;10198;11.80;0.72;244.63;11.68;708;73;3504.00;127
9365;72;629100462;9365;129;10073;10198;11.81;0.72;244.63;11.83;708;73;3505.00;125
9369;72;629100473;9369;127;10074;10198;11.90;0.72;244.62;11.84;705;73;3506.00;124
9372;72;629100483;9372;125;10075;10199;11.97;0.72;244.62;11.84;703;73;3507.00;124
9376;72;629100493;9376;125;10076;10200;12.03;0.73;244.62;11.97;700;73;3508.00;124
9379;72;629100506;9379;120;10076;10200;12.09;0.73;244.57;11.97;697;73;3509.00;124
9380;72;629100523;9380;115;10079;10206;12.16;0.74;244.61;11.97;699;73;3510.00;127
9383;72;629100537;9383;116;10081;10206;12.08;0.73;244.58;12.10;698;73;3511.00;125
9384;72;629100550;9384;120;10082;10206;12.07;0.73;244.57;12.10;698;73;3512.00;124
9385;72;629100564;9385;121;10082;10206;12.07;0.73;244.55;12.10;697;73;3513.00;124
9389;72;629100576;9389;126;10087;10212;12.05;0.73;244.59;12.23;698;73;3514.00;125
9390;73;629100590;9390;125;10087;10212;12.03;0.73;244.58;12.23;697;74;3515.00;125
9393;73;629100615;9393;127;10088;10212;11.92;0.72;244.56;12.23;695;74;3516.00;124
9397;73;629100631;9397;123;10089;10212;11.74;0.71;244.52;12.23;692;74;3517.00;123
9400;73;629100643;9400;122;10093;10216;11.65;0.71;244.49;12.22;693;74;3518.00;123
9404;73;629100654;9404;121;10095;10219;11.49;0.70;244.47;12.22;691;74;3519.00;124
9405;73;629100665;9405;125;10096;10219;11.32;0.68;244.55;12.22;691;74;3520.00;123
9407;73;629100676;9407;131;10097;10220;11.23;0.68;244.58;12.22;690;74;3521.00;123
9410;73;629100686;9410;137;10097;10220;11.17;0.68;244.56;12.22;687;74;3522.00;123
9410;73;629100696;9410;146;10098;10220;11.15;0.67;244.56;12.23;688;74;3523.00;122
9412;73;629100706;9412;149;10098;10220;11.07;0.67;244.58;12.23;686;74;3524.00;122
9417;73;629100717;9417;156;10098;10220;10.99;0.67;244.64;12.23;681;74;3525.00;122
9418;73;629100728;9418;163;10099;10220;10.91;0.66;244.67;12.24;681;74;3526.00;121
9421;73;629100738;9421;173;10099;10220;10.86;0.66;244.75;12.24;678;74;3527.00;121
9424;73;629100749;9424;185;10134;10290;10.90;0.66;244.74;12.20;710;74;3528.00;156
9424;73;629100767;9424;192;10138;10291;10.81;0.66;244.74;12.20;714;74;3529.00;153
9425;73;629100778;9425;198;10146;10291;10.75;0.66;244.73;12.21;721;74;3530.00;145
9427;73;629100789;9427;203;10149;10291;10.64;0.65;244.72;12.21;722;74;3531.00;142
9429;73;629100800;9429;207;10154;10291;10.50;0.64;244.74;12.22;725;74;3532.00;137
9431;73;629100815;9431;211;10157;10291;10.38;0.63;244.71;12.23;726;74;3533.00;134
9432;73;629100825;9432;215;10161;10291;10.31;0.63;244.69;12.22;729;74;3534.00;130
9436;73;629100834;9436;220;10167;10291;10.25;0.63;244.64;12.25;731;74;3535.00;124
9440;73;629100844;9440;221;10170;10292;10.08;0.61;244.65;12.24;730;74;3536.00;122
9441;73;629100854;9441;225;10174;10293;9.96;0.61;244.64;12.26;733;74;3537.00;119
9442;73;629100864;9442;228;10175;10293;9.74;0.59;244.63;12.26;733;74;3538.00;118
9444;73;629100873;9444;234;10178;10297;9.63;0.59;244.61;12.26;734;74;3539.00;119
9447;73;629100884;9447;234;10179;10297;9.42;0.57;244.58;12.27;732;74;3540.00;118
9451;73;629100893;9451;237;10180;10297;9.24;0.56;244.58;12.28;729;74;3541.00;117
9451;73;629100903;9451;243;10181;10297;9.13;0.56;244.58;12.29;730;74;3542.00;116
9451;73;629100912;9451;250;10187;10303;9.02;0.55;244.58;12.31;736;74;3543.00;116
9453;73;629100922;9453;258;10188;10303;8.96;0.55;244.64;12.31;735;74;3544.00;115
9454;73;629100931;9454;266;10189;10303;8.82;0.54;244.63;12.32;735;74;3545.00;114
9455;73;629100940;9455;272;10193;10306;8.72;0.54;244.61;12.33;738;74;3546.00;113
9456;73;629100949;9456;283;10194;10306;8.60;0.53;244.60;12.34;738;74;3547.00;112
9458;73;629100958;9458;289;10194;10306;8.48;0.52;244.60;12.34;736;74;3548.00;112
9461;73;629100966;9461;290;10196;10307;8.29;0.51;244.58;12.36;735;74;3549.00;111
9463;73;629100976;9463;289;10197;10308;8.08;0.50;244.57;12.36;734;74;3550.00;111
9466;73;629100991;9466;292;10199;10308;7.88;0.49;244.53;12.37;733;74;3551.00;109
9469;73;629101000;9469;293;10210;10321;7.82;0.48;244.50;12.36;741;74;3552.00;111
9472;73;629101009;9472;292;10212;10321;7.69;0.47;244.47;12.38;740;74;3553.00;109
9473;73;629101018;9473;296;10212;10321;7.59;0.47;244.45;12.38;739;74;3554.00;109
9477;73;629101026;9477;301;10214;10323;7.54;0.46;244.41;12.37;737;74;3555.00;109
9480;73;629101035;9480;306;10216;10323;7.47;0.46;244.39;12.39;736;74;3556.00;107
9483;73;629101043;9483;309;10219;10327;7.46;0.46;244.35;12.39;736;74;3557.00;108
9484;73;629101052;9484;310;10222;10327;7.45;0.45;244.35;12.40;738;74;3558.00;105
9484;73;629101060;9484;315;10225;10331;7.47;0.46;244.35;12.40;741;74;3559.00;106
9486;73;629101069;9486;312;10225;10331;7.47;0.46;244.34;12.40;739;74;3560.00;106
9489;73;629101077;9489;314;10227;10331;7.38;0.45;244.33;12.41;738;74;3561.00;104
9490;73;629101086;9490;314;10227;10331;7.30;0.45;244.35;12.41;737;74;3562.00;104
9492;73;629101094;9492;306;10229;10331;7.27;0.44;244.32;12.42;737;74;3563.00;102
9498;73;629101102;9498;296;10239;10343;7.22;0.44;244.31;12.41;741;74;3564.00;104
9500;73;629101112;9500;291;10241;10343;7.17;0.44;244.27;12.42;741;74;3565.00;102
9504;73;629101120;9504;282;10242;10343;7.17;0.44;244.37;12.42;738;74;3566.00;101
9505;73;629101129;9505;280;10243;10343;7.17;0.44;244.35;12.42;738;74;3567.00;100
9508;73;629101137;9508;283;10244;10343;7.10;0.44;244.37;12.43;736;74;3568.00;99
9509;73;629101146;9509;283;10245;10343;7.13;0.44;244.38;12.43;736;74;3569.00;98
9510;73;629101157;9510;268;10246;10344;7.14;0.44;244.38;12.44;736;74;3570.00;98
9515;74;629101167;9515;259;10246;10344;7.15;0.44;244.38;12.44;731;75;3571.00;98
9517;74;629101191;9517;254;10252;10350;7.30;0.45;244.36;12.44;735;75;3572.00;98
9519;74;629101202;9519;247;10254;10351;7.42;0.46;244.37;12.44;735;75;3573.00;97
9522;74;629101212;9522;241;10256;10351;7.45;0.46;244.37;12.44;734;75;3574.00;95
9525;75;629101222;9525;234;10256;10351;7.57;0.46;244.37;12.44;731;76;3575.00;95
9529;75;629101243;9529;235;10260;10355;7.68;0.47;244.37;12.44;731;76;3576.00;95
9531;75;629101253;9531;227;10261;10355;7.79;0.48;244.35;12.44;730;76;3577.00;94
9533;75;629101269;9533;220;10261;10355;7.89;0.48;244.37;12.44;728;76;3578.00;94
9534;75;629101278;9534;221;10262;10356;8.05;0.49;244.35;12.44;728;76;3579.00;94
9537;75;629101289;9537;219;10265;10360;8.19;0.50;244.38;12.44;728;76;3580.00;95
9538;75;629101323;9538;217;10265;10360;8.33;0.51;244.36;12.44;727;76;3581.00;95
9542;75;629101335;9542;216;10267;10363;8.44;0.52;244.38;12.44;725;76;3582.00;96
9544;75;629101347;9544;216;10268;10363;8.56;0.52;244.40;12.44;724;76;3583.00;95
9547;75;629101358;9547;211;10268;10363;8.61;0.53;244.38;12.44;721;76;3584.00;95
9554;75;629101369;9554;207;10268;10363;8.61;0.53;244.42;12.44;714;76;3585.00;95
9555;75;629101380;9555;203;10271;10367;8.75;0.54;244.45;12.43;716;76;3586.00;96
9561;75;629101391;9561;202;10271;10367;8.76;0.54;244.46;12.43;710;76;3587.00;96
9566;75;629101402;9566;203;10272;10367;8.82;0.54;244.47;12.43;706;76;3588.00;95
9568;75;629101412;9568;200;10272;10367;8.88;0.54;244.47;12.43;704;76;3589.00;95
9575;75;629101422;9575;198;10272;10368;8.90;0.54;244.54;12.43;697;76;3590.00;96
9578;75;629101432;9578;191;10273;10369;8.92;0.55;244.54;12.43;695;76;3591.00;96
9583;75;629101442;9583;183;10273;10369;8.92;0.55;244.52;12.43;690;76;3592.00;96
9588;75;629101452;9588;182;10275;10370;8.93;0.54;244.54;12.57;687;76;3593.00;95
9592;75;629101463;9592;179;10275;10370;8.94;0.55;244.57;12.57;683;76;3594.00;95
9593;75;629101473;9593;183;10275;10370;8.93;0.55;244.58;12.57;682;76;3595.00;95
9600;75;629101482;9600;179;10275;10370;8.92;0.54;244.55;12.57;675;76;3596.00;95
9606;75;629101493;9606;182;10275;10370;8.92;0.54;244.52;12.57;669;76;3597.00;95
9610;75;629101504;9610;183;10275;10370;8.96;0.55;244.50;12.57;665;76;3598.00;95
9614;75;629101515;9614;179;10275;10370;9.05;0.55;244.50;12.57;661;76;3599.00;95
9619;75;629101529;9619;218;10391;10623;9.13;0.57;244.54;12.43;772;76;3600.00;232
9622;75;629101564;9622;211;10396;10624;9.13;0.57;244.54;12.42;774;76;3601.00;228
9626;75;629101574;9626;201;10407;10624;9.19;0.57;244.54;12.41;781;76;3602.00;217
9630;75;629101586;9630;199;10414;10624;9.16;0.57;244.59;12.40;784;76;3603.00;210
9632;75;629101597;9632;196;10418;10624;9.26;0.58;244.59;12.40;786;76;3604.00;206
9636;75;629101608;9636;196;10424;10624;9.26;0.58;244.63;12.40;788;76;3605.00;200
9641;75;629101619;9641;199;10431;10624;9.26;0.57;244.62;12.39;790;76;3606.00;193
9643;75;629101630;9643;205;10434;10624;9.30;0.58;244.66;12.39;791;76;3607.00;190
9648;75;629101642;9648;203;10441;10625;9.29;0.58;244.69;12.39;793;76;3608.00;184
9650;75;629101654;9650;200;10442;10626;9.33;0.58;244.70;12.39;792;76;3609.00;184
9654;75;629101665;9654;207;10447;10626;9.31;0.58;244.74;12.39;793;76;3610.00;179
9656;75;629101676;9656;212;10453;10627;9.30;0.58;244.75;12.39;797;76;3611.00;174
9658;75;629101688;9658;215;10458;10627;9.27;0.57;244.78;12.39;800;76;3612.00;169
9664;75;629101700;9664;222;10461;10627;9.19;0.57;244.78;12.39;797;76;3613.00;166
9665;75;629101711;9665;226;10465;10627;9.16;0.57;244.80;12.39;800;76;3614.00;162
9669;75;629101723;9669;233;10469;10631;9.09;0.56;244.81;12.39;800;76;3615.00;162
9672;75;629101736;9672;240;10472;10631;9.07;0.56;244.85;12.39;800;76;3616.00;159
9674;75;629101747;9674;231;10475;10631;9.06;0.56;244.89;12.39;801;76;3617.00;156
9677;75;629101759;9677;235;10478;10634;9.07;0.56;244.90;12.39;801;76;3618.00;156
9684;76;629101783;9684;231;10480;10634;9.05;0.56;244.97;12.39;796;77;3619.00;154
9689;76;629101824;9689;227;10480;10634;9.14;0.56;245.02;12.39;791;77;3620.00;154
9693;76;629101838;9693;231;10485;10638;9.19;0.56;245.01;12.39;792;77;3621.00;153
9697;76;629101855;9697;232;10489;10639;9.24;0.57;245.01;12.39;792;77;3622.00;150
9701;76;629101868;9701;229;10489;10639;9.27;0.57;245.07;12.39;788;77;3623.00;150
9704;76;629101888;9704;228;10492;10643;9.28;0.57;245.06;12.39;788;77;3624.00;151
9707;76;629101907;9707;226;10494;10643;9.32;0.57;245.07;12.39;787;77;3625.00;149
9713;76;629101924;9713;216;10496;10643;9.37;0.57;245.14;12.39;783;77;3626.00;147
9716;76;629101938;9716;207;10497;10644;9.48;0.58;245.16;12.39;781;77;3627.00;147
9718;76;629101951;9718;195;10497;10644;9.63;0.58;245.14;12.39;779;77;3628.00;147
9721;76;629101971;9721;186;10502;10650;9.76;0.59;245.19;12.39;781;77;3629.00;148
9724;76;629101987;9724;182;10502;10650;9.91;0.60;245.19;12.39;778;77;3630.00;148
9726;76;629102002;9726;177;10502;10651;10.10;0.61;245.20;12.39;776;77;3631.00;149
9730;76;629102023;9730;176;10504;10651;10.27;0.62;245.17;12.39;774;77;3632.00;147
9732;76;629102037;9732;172;10504;10651;10.41;0.63;245.16;12.39;772;77;3633.00;147
9735;76;629102051;9735;175;10505;10651;10.57;0.64;245.16;12.39;770;77;3634.00;146
9737;76;629102067;9737;169;10505;10651;10.71;0.65;245.21;12.39;768;77;3635.00;146
9739;76;629102081;9739;167;10513;10663;10.80;0.65;245.23;12.38;774;77;3636.00;150
9740;76;629102097;9740;164;10514;10663;10.92;0.66;245.25;12.38;774;77;3637.00;149
9741;76;629102111;9741;163;10517;10663;11.02;0.67;245.26;12.38;776;77;3638.00;146
9747;76;629102122;9747;163;10518;10663;11.14;0.68;245.29;12.38;771;77;3639.00;145
9750;76;629102136;9750;166;10519;10663;11.21;0.68;245.35;12.38;769;77;3640.00;144
9751;76;629102150;9751;167;10520;10663;11.35;0.69;245.34;12.38;769;77;3641.00;143
9755;76;629102163;9755;168;10523;10667;11.38;0.69;245.43;12.38;768;77;3642.00;144
9757;76;629102177;9757;168;10525;10667;11.41;0.69;245.43;12.38;768;77;3643.00;142
9759;76;629102190;9759;167;10528;10671;11.41;0.69;245.45;12.38;769;77;3644.00;143
9762;76;629102203;9762;171;10530;10673;11.39;0.69;245.48;12.38;768;77;3645.00;143
9763;76;629102217;9763;174;10531;10673;11.45;0.70;245.50;12.38;768;77;3646.00;142
9766;76;629102230;9766;172;10531;10673;11.47;0.70;245.47;12.38;765;77;3647.00;142
9769;76;629102242;9769;174;10540;10686;11.57;0.71;245.52;12.36;771;77;3648.00;146
9773;76;629102256;9773;173;10540;10686;11.68;0.71;245.49;12.36;767;77;3649.00;146
9778;76;629102269;9778;174;10540;10686;11.69;0.71;245.51;12.36;762;77;3650.00;146
9780;76;629102283;9780;176;10541;10687;11.69;0.71;245.55;12.36;761;77;3651.00;146
9781;76;629102296;9781;174;10541;10688;11.74;0.72;245.54;12.36;760;77;3652.00;147
9783;76;629102308;9783;176;10541;10688;11.69;0.71;245.56;12.36;758;77;3653.00;147
9787;76;629102328;9787;174;10543;10691;11.62;0.71;245.55;12.36;756;77;3654.00;148
9790;76;629102343;9790;177;10543;10691;11.59;0.71;245.55;12.36;753;77;3655.00;148
9795;76;629102355;9795;177;10544;10691;11.51;0.70;245.52;12.36;749;77;3656.00;147
9798;76;629102369;9798;176;10544;10691;11.46;0.70;245.52;12.36;746;77;3657.00;147
9800;76;629102381;9800;174;10548;10697;11.41;0.69;245.48;12.36;748;77;3658.00;149
9802;76;629102394;9802;169;10549;10697;11.32;0.69;245.48;12.50;747;77;3659.00;148
9807;76;629102409;9807;168;10550;10697;11.26;0.69;245.49;12.50;743;77;3660.00;147
9810;76;629102422;9810;166;10550;10697;11.23;0.68;245.49;12.50;740;77;3661.00;147
9815;76;629102435;9815;165;10553;10701;11.20;0.68;245.57;12.49;738;77;3662.00;148
9817;76;629102447;9817;171;10554;10702;11.18;0.68;245.58;12.49;737;77;3663.00;148
9821;76;629102459;9821;176;10554;10702;11.08;0.67;245.58;12.49;733;77;3664.00;148
9823;76;629102472;9823;177;10555;10703;11.09;0.68;245.61;12.49;732;77;3665.00;148
9828;76;629102484;9828;182;10555;10703;11.10;0.68;245.60;12.49;727;77;3666.00;148
9830;76;629102497;9830;185;10555;10703;11.00;0.67;245.64;12.49;725;77;3667.00;148
9832;76;629102512;9832;191;10556;10703;10.94;0.67;245.63;12.50;724;77;3668.00;147
9834;76;629102525;9834;194;10556;10703;10.84;0.66;245.62;12.50;722;77;3669.00;147
9838;76;629102548;9838;192;10556;10703;10.72;0.65;245.61;12.50;718;77;3670.00;147
9843;76;629102566;9843;198;10556;10703;10.65;0.65;245.68;12.50;713;77;3671.00;147
9847;76;629102580;9847;204;10585;10773;10.53;0.64;245.64;12.46;738;77;3672.00;188
9851;76;629102601;9851;200;10587;10774;10.46;0.64;245.65;12.47;736;77;3673.00;187
9853;76;629102615;9853;195;10594;10774;10.44;0.64;245.62;12.60;741;77;3674.00;180
9856;76;629102628;9856;191;10599;10774;10.36;0.63;245.60;12.62;743;77;3675.00;175
9858;76;629102641;9858;188;10604;10774;10.36;0.63;245.61;12.62;746;77;3676.00;170
9860;76;629102653;9860;184;10609;10774;10.32;0.63;245.60;12.75;749;77;3677.00;165
9861;76;629102673;9861;175;10614;10774;10.34;0.63;245.61;12.75;753;77;3678.00;160
9865;76;629102686;9865;168;10616;10774;10.32;0.63;245.59;12.87;751;77;3679.00;158
9868;76;629102703;9868;165;10618;10775;10.31;0.63;245.58;12.87;750;77;3680.00;157
9869;76;629102716;9869;160;10619;10776;10.33;0.63;245.57;12.87;750;77;3681.00;157
9869;76;629102727;9869;164;10621;10776;10.32;0.63;245.57;13.00;752;77;3682.00;155
9871;76;629102739;9871;163;10624;10780;10.27;0.62;245.55;13.00;753;77;3683.00;156
9873;76;629102750;9873;164;10624;10780;10.15;0.62;245.53;13.00;751;77;3684.00;156
9874;76;629102763;9874;167;10624;10780;10.06;0.61;245.53;13.00;750;77;3685.00;156
9876;76;629102774;9876;181;10625;10780;9.99;0.61;245.53;13.00;749;77;3686.00;155
9877;76;629102785;9877;183;10628;10786;9.98;0.61;245.51;13.00;751;77;3687.00;158
9878;76;629102798;9878;194;10629;10786;9.98;0.61;245.50;13.00;751;77;3688.00;157
9883;76;629102808;9883;194;10631;10786;9.84;0.60;245.43;13.01;748;77;3689.00;155
9884;76;629102821;9884;202;10635;10792;9.77;0.59;245.41;13.00;751;77;3690.00;157
9884;76;629102834;9884;206;10635;10792;9.71;0.59;245.41;13.00;751;77;3691.00;157
9886;76;629102846;9886;218;10639;10792;9.60;0.59;245.40;13.01;753;77;3692.00;153
9891;76;629102857;9891;225;10639;10793;9.48;0.58;245.31;13.01;748;77;3693.00;154
9892;76;629102870;9892;229;10644;10794;9.39;0.57;245.31;13.02;752;77;3694.00;150
9897;76;629102881;9897;229;10644;10794;9.27;0.56;245.26;13.02;747;77;3695.00;150
9898;76;629102892;9898;237;10653;10807;9.20;0.56;245.26;13.01;755;77;3696.00;154
9899;76;629102904;9899;249;10655;10807;9.18;0.56;245.25;13.01;756;77;3697.00;152
9900;76;629102914;9900;261;10656;10807;9.06;0.55;245.24;13.02;756;77;3698.00;151
9901;76;629102924;9901;260;10659;10808;9.01;0.55;245.23;13.02;758;77;3699.00;149
9904;76;629102935;9904;263;10662;10808;8.94;0.54;245.24;13.05;758;77;3700.00;146
9905;76;629102949;9905;266;10665;10812;8.91;0.54;245.23;13.05;760;77;3701.00;147
9909;76;629102960;9909;273;10666;10812;8.76;0.53;245.16;13.05;757;77;3702.00;146
9912;76;629102969;9912;279;10672;10816;8.58;0.52;245.11;13.07;760;77;3703.00;144
9914;76;629102979;9914;279;10672;10816;8.46;0.51;245.07;13.07;758;77;3704.00;144
9916;76;629102989;9916;284;10673;10816;8.32;0.51;245.06;13.08;757;77;3705.00;143
9919;76;629102998;9919;290;10675;10816;8.15;0.50;245.11;13.10;756;77;3706.00;141
9920;76;629103010;9920;297;10676;10816;7.97;0.49;245.11;13.11;756;77;3707.00;140
9921;76;629103021;9921;305;10687;10828;7.90;0.48;245.09;13.11;766;77;3708.00;141
9921;76;629103033;9921;312;10689;10828;7.78;0.48;245.09;13.12;768;77;3709.00;139
9923;76;629103044;9923;320;10690;10828;7.68;0.47;245.10;13.13;767;77;3710.00;138
9926;76;629103055;9926;326;10694;10828;7.54;0.46;245.11;13.15;768;77;3711.00;134
9927;76;629103066;9927;329;10696;10828;7.41;0.46;245.10;13.16;769;77;3712.00;132
9929;76;629103076;9929;336;10698;10828;7.36;0.45;245.10;13.17;769;77;3713.00;130
9930;76;629103087;9930;340;10699;10829;7.28;0.45;245.10;13.17;769;77;3714.00;130
9932;76;629103098;9932;336;10701;10829;7.20;0.44;245.09;13.19;769;77;3715.00;128
9934;76;629103108;9934;333;10705;10835;7.23;0.44;245.06;13.19;771;77;3716.00;130
9938;76;629103118;9938;333;10709;10836;7.25;0.45;245.12;13.20;771;77;3717.00;127
9939;76;629103128;9939;334;10709;10836;7.28;0.45;245.13;13.20;770;77;3718.00;127
9940;76;629103137;9940;330;10711;10836;7.25;0.45;245.12;13.22;771;77;3719.00;125
9942;76;629103149;9942;316;10715;10841;7.35;0.45;245.09;13.22;773;77;3720.00;126
9943;77;629103159;9943;309;10717;10841;7.35;0.45;245.08;13.24;774;78;3721.00;124
9945;77;629103185;9945;299;10717;10841;7.44;0.46;245.06;13.24;772;78;3722.00;124
9946;77;629103195;9946;295;10719;10842;7.50;0.46;245.05;13.25;773;78;3723.00;123
9947;77;629103204;9947;290;10722;10846;7.56;0.46;245.04;13.24;775;78;3724.00;124
9948;77;629103214;9948;284;10724;10846;7.67;0.47;245.03;13.26;776;78;3725.00;122
9950;77;629103224;9950;278;10726;10849;7.80;0.48;245.00;13.26;776;78;3726.00;123
9951;77;629103240;9951;273;10730;10849;7.93;0.48;244.99;13.28;779;78;3727.00;119
9952;77;629103250;9952;264;10730;10849;8.02;0.49;244.98;13.28;778;78;3728.00;119
9954;77;629103260;9954;259;10731;10849;8.06;0.49;245.04;13.29;777;78;3729.00;118
9955;77;629103269;9955;269;10735;10853;8.13;0.50;245.06;13.29;780;78;3730.00;118
9955;77;629103283;9955;268;10737;10853;8.14;0.50;245.06;13.29;782;78;3731.00;116
9956;77;629103293;9956;265;10738;10853;8.14;0.50;245.05;13.30;782;78;3732.00;115
9960;77;629103302;9960;267;10739;10853;8.02;0.49;245.01;13.30;779;78;3733.00;114
9963;77;629103312;9963;266;10740;10854;7.93;0.49;244.96;13.31;777;78;3734.00;114
9967;77;629103321;9967;260;10742;10856;7.81;0.48;244.93;13.31;775;78;3735.00;114
9970;77;629103331;9970;263;10743;10856;7.67;0.47;244.92;13.31;773;78;3736.00;113
9972;77;629103340;9972;260;10746;10857;7.58;0.46;244.93;13.32;774;78;3737.00;111
9975;77;629103349;9975;265;10746;10857;7.50;0.46;244.92;13.32;771;78;3738.00;111
9978;77;629103358;9978;273;10746;10857;7.43;0.46;244.93;13.32;768;78;3739.00;111
9982;77;629103367;9982;261;10747;10857;7.35;0.45;244.93;13.33;765;78;3740.00;110
9984;77;629103377;9984;255;10747;10857;7.34;0.45;244.94;13.33;763;78;3741.00;110
9988;77;629103385;9988;259;10748;10857;7.31;0.45;244.97;13.33;760;78;3742.00;109
9994;77;629103395;9994;257;10749;10857;7.26;0.45;245.03;13.34;755;78;3743.00;108
10000;77;629103404;10000;267;10818;10984;7.57;0.47;244.99;13.25;818;78;3744.00;166
10003;77;629103423;10003;259;10823;10985;7.57;0.47;245.02;13.25;820;78;3745.00;162
10006;77;629103433;10006;248;10833;10985;7.71;0.48;245.04;13.24;827;78;3746.00;152
10009;77;629103443;10009;238;10840;10985;7.79;0.48;245.06;13.24;831;78;3747.00;145
10011;77;629103453;10011;229;10846;10985;7.85;0.49;245.03;13.24;835;78;3748.00;139
10014;77;629103463;10014;229;10850;10985;7.87;0.49;245.05;13.24;836;78;3749.00;135
10019;77;629103474;10019;219;10855;10990;7.90;0.49;245.06;13.23;836;78;3750.00;135
10021;77;629103491;10021;221;10859;10990;7.86;0.48;245.10;13.23;838;78;3751.00;131
10027;77;629103502;10027;225;10862;10991;7.92;0.49;245.15;13.23;835;78;3752.00;129
10029;77;629103513;10029;227;10863;10992;7.97;0.49;245.19;13.23;834;78;3753.00;129
10034;77;629103524;10034;234;10866;10992;8.01;0.49;245.16;13.22;832;78;3754.00;126
10037;77;629103535;10037;228;10867;10993;8.07;0.50;245.20;13.22;830;78;3755.00;126
10043;77;629103545;10043;234;10869;10993;8.12;0.50;245.20;13.22;826;78;3756.00;124
10048;77;629103556;10048;235;10870;10993;8.17;0.50;245.23;13.22;822;78;3757.00;123
10050;77;629103567;10050;228;10872;10993;8.25;0.51;245.23;13.22;822;78;3758.00;121
10055;77;629103578;10055;228;10875;10997;8.31;0.51;245.24;13.22;820;78;3759.00;122
10059;77;629103591;10059;229;10878;10997;8.35;0.51;245.23;13.22;819;78;3760.00;119
10065;77;629103602;10065;227;10878;10997;8.31;0.51;245.32;13.22;813;78;3761.00;119
10069;77;629103613;10069;228;10881;11000;8.35;0.51;245.32;13.22;812;78;3762.00;119
10073;77;629103625;10073;233;10881;11000;8.39;0.51;245.37;13.22;808;78;3763.00;119
10078;77;629103636;10078;233;10881;11000;8.46;0.52;245.36;13.22;803;78;3764.00;119
10081;77;629103647;10081;227;10884;11004;8.54;0.52;245.34;13.22;803;78;3765.00;120
10085;77;629103659;10085;226;10885;11005;8.68;0.53;245.34;13.21;800;78;3766.00;120
10091;77;629103670;10091;220;10885;11005;8.71;0.53;245.32;13.21;794;78;3767.00;120
10097;77;629103681;10097;218;10889;11009;8.78;0.54;245.31;13.21;792;78;3768.00;120
10101;77;629103692;10101;213;10889;11009;8.84;0.54;245.28;13.21;788;78;3769.00;120
10103;77;629103703;10103;213;10890;11009;8.89;0.54;245.31;13.21;787;78;3770.00;119
10106;77;629103715;10106;214;10892;11010;8.92;0.54;245.32;13.21;786;78;3771.00;118
10109;77;629103727;10109;215;10893;11010;9.01;0.55;245.34;13.21;784;78;3772.00;117
10115;77;629103738;10115;213;10896;11016;9.04;0.55;245.33;13.21;781;78;3773.00;120
10120;77;629103755;10120;216;10897;11016;9.01;0.55;245.44;13.21;777;78;3774.00;119
10125;77;629103766;10125;219;10897;11017;9.02;0.55;245.46;13.21;772;78;3775.00;120
10125;77;629103777;10125;218;10898;11017;9.10;0.55;245.46;13.20;773;78;3776.00;119
10133;77;629103788;10133;219;10898;11017;9.04;0.55;245.44;13.20;765;78;3777.00;119
10137;77;629103800;10137;227;10898;11017;9.02;0.55;245.48;13.20;761;78;3778.00;119
10138;77;629103811;10138;230;10898;11017;9.03;0.55;245.49;13.20;760;78;3779.00;119
10141;77;629103824;10141;234;10923;11053;9.19;0.56;245.52;13.17;782;78;3780.00;130
10144;77;629103838;10144;243;10923;11053;9.26;0.57;245.61;13.17;779;78;3781.00;130
10146;77;629103850;10146;247;10925;11053;9.39;0.57;245.61;13.17;779;78;3782.00;128
10150;77;629103861;10150;247;10925;11053;9.36;0.57;245.64;13.17;775;78;3783.00;128
10152;77;629103873;10152;247;10927;11053;9.38;0.57;245.63;13.17;775;78;3784.00;126
10155;77;629103884;10155;249;10927;11053;9.38;0.57;245.67;13.17;772;78;3785.00;126
10158;77;629103896;10158;249;10931;11057;9.35;0.57;245.73;13.17;773;78;3786.00;126
10161;77;629103908;10161;240;10932;11057;9.35;0.57;245.72;13.17;771;78;3787.00;125
10164;77;629103920;10164;238;10935;11061;9.34;0.57;245.74;13.16;771;78;3788.00;126
10169;77;629103932;10169;242;10937;11062;9.36;0.57;245.82;13.16;768;78;3789.00;125
10174;77;629103944;10174;241;10937;11062;9.34;0.57;245.81;13.16;763;78;3790.00;125
10177;77;629103956;10177;236;10937;11062;9.36;0.57;245.81;13.16;760;78;3791.00;125
10181;77;629103967;10181;232;10948;11075;9.47;0.58;245.81;13.15;767;78;3792.00;127
10183;77;629103980;10183;229;10948;11075;9.50;0.58;245.84;13.15;765;78;3793.00;127
10185;77;629103994;10185;224;10948;11075;9.53;0.58;245.87;13.15;763;78;3794.00;127
10187;77;629104006;10187;224;10949;11076;9.63;0.59;245.86;13.15;762;78;3795.00;127
10191;77;629104020;10191;211;10949;11077;9.67;0.59;245.92;13.15;758;78;3796.00;128
10194;77;629104034;10194;193;10949;11077;9.77;0.60;245.93;13.15;755;78;3797.00;128
10198;77;629104048;10198;179;10951;11080;9.92;0.60;245.91;13.14;753;78;3798.00;129
10202;77;629104061;10202;170;10952;11080;10.02;0.61;245.91;13.14;750;78;3799.00;128
10207;77;629104074;10207;167;10952;11080;10.10;0.61;245.93;13.14;745;78;3800.00;128
10210;77;629104104;10210;162;10952;11080;10.18;0.62;245.89;13.14;742;78;3801.00;128
10212;77;629104116;10212;159;10956;11086;10.19;0.62;245.89;13.14;744;78;3802.00;130
10216;77;629104129;10216;152;10956;11086;10.25;0.62;245.93;13.14;740;78;3803.00;130
10219;77;629104141;10219;150;10957;11086;10.40;0.63;245.95;13.14;738;78;3804.00;129
10225;77;629104153;10225;148;10957;11086;10.44;0.63;246.00;13.14;732;78;3805.00;129
10228;77;629104165;10228;154;10960;11090;10.49;0.64;246.01;13.13;732;78;3806.00;130
10232;77;629104177;10232;149;10961;11091;10.50;0.64;246.00;13.13;729;78;3807.00;130
10237;77;629104189;10237;150;10961;11091;10.51;0.64;245.96;13.13;724;78;3808.00;130
10238;77;629104207;10238;148;10962;11092;10.60;0.64;245.96;13.13;724;78;3809.00;130
10242;77;629104222;10242;147;10962;11092;10.64;0.65;245.98;13.13;720;78;3810.00;130
10245;77;629104235;10245;144;10962;11092;10.61;0.65;245.99;13.13;717;78;3811.00;130
10246;77;629104251;10246;148;10962;11092;10.65;0.65;245.97;13.13;716;78;3812.00;130
10249;77;629104266;10249;148;10962;11092;10.67;0.65;246.06;13.13;713;78;3813.00;130
10251;77;629104278;10251;146;10963;11092;10.69;0.65;246.05;13.27;712;78;3814.00;129
10254;77;629104291;10254;144;10963;11092;10.75;0.66;246.04;13.27;709;78;3815.00;129
10256;77;629104302;10256;160;11000;11162;10.53;0.64;246.04;13.22;744;78;3816.00;162
10259;77;629104325;10259;152;11000;11163;10.50;0.64;246.03;13.22;741;78;3817.00;163
10264;77;629104337;10264;152;11007;11163;10.59;0.65;246.04;13.21;743;78;3818.00;156
10266;77;629104347;10266;152;11012;11163;10.67;0.65;246.03;13.21;746;78;3819.00;151
10269;77;629104358;10269;150;11016;11163;10.79;0.66;246.15;13.21;747;78;3820.00;147
10271;77;629104369;10271;155;11020;11163;10.76;0.66;246.17;13.20;749;78;3821.00;143
10275;77;629104379;10275;162;11024;11163;10.79;0.66;246.18;13.20;749;78;3822.00;139
10281;77;629104389;10281;161;11025;11163;10.81;0.66;246.22;13.20;744;78;3823.00;138
10281;77;629104400;10281;165;11027;11164;10.85;0.66;246.22;13.20;746;78;3824.00;137
10282;77;629104411;10282;173;11029;11166;10.84;0.66;246.24;13.20;747;78;3825.00;137
10284;77;629104422;10284;177;11030;11166;10.85;0.66;246.25;13.20;746;78;3826.00;136
10287;77;629104433;10287;183;11033;11170;10.80;0.66;246.27;13.19;746;78;3827.00;137
10292;77;629104446;10292;192;11033;11170;10.70;0.65;246.30;13.19;741;78;3828.00;137
10293;77;629104459;10293;195;11033;11170;10.63;0.65;246.29;13.19;740;78;3829.00;137
10296;77;629104471;10296;197;11033;11170;10.52;0.64;246.30;13.19;737;78;3830.00;137
10300;77;629104482;10300;202;11036;11176;10.43;0.64;246.29;13.19;736;78;3831.00;140
10302;77;629104494;10302;205;11036;11176;10.34;0.63;246.28;13.19;734;78;3832.00;140
10306;77;629104505;10306;209;11037;11176;10.33;0.63;246.26;13.19;731;78;3833.00;139
10308;77;629104521;10308;204;11039;11179;10.33;0.63;246.25;13.19;731;78;3834.00;140
10311;77;629104534;10311;209;11040;11179;10.34;0.63;246.24;13.18;729;78;3835.00;139
10316;77;629104548;10316;207;11040;11179;10.35;0.63;246.34;13.18;724;78;3836.00;139
10321;77;629104563;10321;210;11040;11180;10.30;0.63;246.31;13.18;719;78;3837.00;140
10324;77;629104575;10324;210;11041;11181;10.30;0.63;246.30;13.18;717;78;3838.00;140
10326;77;629104587;10326;207;11041;11181;10.23;0.62;246.28;13.18;715;78;3839.00;140
10331;77;629104602;10331;210;11056;11207;10.11;0.62;246.30;13.16;725;78;3840.00;151
10337;77;629104615;10337;206;11057;11207;10.06;0.61;246.27;13.30;720;78;3841.00;150
10339;77;629104627;10339;205;11059;11207;10.09;0.61;246.31;13.30;720;78;3842.00;148
10342;77;629104637;10342;201;11062;11208;10.12;0.62;246.28;13.30;720;78;3843.00;146
10347;77;629104648;10347;196;11062;11208;10.11;0.61;246.23;13.30;715;78;3844.00;146
10350;77;629104660;10350;197;11065;11212;10.11;0.61;246.19;13.31;715;78;3845.00;147
10353;77;629104673;10353;197;11067;11214;10.15;0.62;246.15;13.31;714;78;3846.00;147
10357;77;629104691;10357;196;11070;11218;10.20;0.62;246.17;13.30;713;78;3847.00;148
10359;77;629104703;10359;196;11071;11218;10.22;0.62;246.16;13.30;712;78;3848.00;147
10362;77;629104714;10362;194;11071;11218;10.29;0.63;246.16;13.30;709;78;3849.00;147
10364;77;629104724;10364;195;11071;11218;10.38;0.63;246.14;13.30;707;78;3850.00;147
10365;77;629104735;10365;192;11071;11218;10.46;0.64;246.12;13.30;706;78;3851.00;147
10369;77;629104746;10369;192;11081;11230;10.52;0.64;246.09;13.29;712;78;3852.00;149
10369;77;629104757;10369;190;11081;11230;10.58;0.64;246.09;13.29;712;78;3853.00;149
10372;77;629104768;10372;191;11082;11230;10.61;0.65;246.05;13.29;710;78;3854.00;148
10373;77;629104779;10373;191;11082;11230;10.60;0.65;246.03;13.29;709;78;3855.00;148
10373;78;629104790;10373;195;11082;11230;10.60;0.65;246.03;13.29;709;79;3856.00;148
10375;78;629104816;10375;199;11083;11230;10.57;0.65;246.00;13.29;708;79;3857.00;147
10379;78;629104828;10379;205;11085;11231;10.41;0.63;245.99;13.29;706;79;3858.00;146
10380;78;629104851;10380;206;11085;11231;10.33;0.63;245.98;13.29;705;79;3859.00;146
10380;78;629104862;10380;210;11089;11237;10.25;0.63;245.98;13.29;709;79;3860.00;148
10385;78;629104885;10385;217;11091;11238;10.12;0.62;245.97;13.29;706;79;3861.00;147
10385;78;629104896;10385;219;11093;11238;9.90;0.60;245.97;13.29;708;79;3862.00;145
10388;78;629104906;10388;226;11094;11238;9.74;0.59;245.94;13.30;706;79;3863.00;144
10391;78;629104917;10391;230;11096;11242;9.56;0.58;245.91;13.29;705;79;3864.00;146
10394;78;629104929;10394;228;11096;11242;9.45;0.58;245.91;13.29;702;79;3865.00;146
10395;78;629104940;10395;236;11098;11242;9.37;0.57;245.91;13.30;703;79;3866.00;144
10397;78;629104950;10397;228;11099;11243;9.36;0.57;245.92;13.30;702;79;3867.00;144
10399;78;629104961;10399;225;11103;11247;9.29;0.57;245.89;13.30;704;79;3868.00;144
10399;78;629104973;10399;225;11103;11247;9.29;0.57;245.89;13.30;704;79;3869.00;144
10403;78;629104986;10403;226;11109;11253;9.25;0.56;245.95;13.32;706;79;3870.00;144
10403;78;629104997;10403;224;11110;11253;9.21;0.56;245.95;13.32;707;79;3871.00;143
10404;78;629105008;10404;223;11112;11253;9.22;0.56;245.94;13.33;708;79;3872.00;141
10405;78;629105020;10405;223;11112;11253;9.18;0.56;245.92;13.33;707;79;3873.00;141
10406;78;629105038;10406;220;11116;11257;9.24;0.56;245.92;13.33;710;79;3874.00;141
10408;78;629105049;10408;220;11117;11257;9.24;0.56;245.91;13.35;709;79;3875.00;140
10408;78;629105059;10408;220;11119;11257;9.27;0.57;245.91;13.35;711;79;3876.00;138
10411;78;629105070;10411;218;11120;11257;9.25;0.56;245.91;13.36;709;79;3877.00;137
10411;78;629105081;10411;225;11122;11258;9.26;0.57;245.91;13.37;711;79;3878.00;136
10413;78;629105093;10413;221;11124;11259;9.25;0.56;245.91;13.38;711;79;3879.00;135
10414;78;629105104;10414;223;11124;11259;9.22;0.56;245.92;13.38;710;79;3880.00;135
10415;78;629105115;10415;226;11126;11260;9.29;0.57;245.91;13.39;711;79;3881.00;134
10417;78;629105127;10417;232;11128;11260;9.32;0.57;245.90;13.41;711;79;3882.00;132
10417;78;629105137;10417;239;11128;11260;9.28;0.57;245.90;13.41;711;79;3883.00;132
10418;78;629105155;10418;236;11128;11260;9.19;0.56;245.89;13.41;710;79;3884.00;132
10419;78;629105171;10419;242;11130;11260;9.12;0.56;245.88;13.42;711;79;3885.00;130
10422;78;629105181;10422;243;11131;11260;8.95;0.55;245.87;13.43;709;79;3886.00;129
10423;78;629105192;10423;242;11131;11260;8.84;0.54;245.86;13.43;708;79;3887.00;129
10425;78;629105202;10425;260;11197;11387;8.85;0.55;245.86;13.37;772;79;3888.00;190
10426;78;629105222;10426;256;11198;11388;8.78;0.55;245.85;13.38;772;79;3889.00;190
10427;78;629105233;10427;249;11209;11388;8.79;0.55;245.89;13.37;782;79;3890.00;179
10431;79;629105246;10431;247;11216;11388;8.71;0.54;245.92;13.38;785;80;3891.00;172
10431;79;629105278;10431;246;11222;11388;8.74;0.54;245.92;13.37;791;80;3892.00;166
10434;79;629105290;10434;243;11225;11388;8.64;0.54;245.97;13.37;791;80;3893.00;163
10438;79;629105301;10438;235;11231;11388;8.53;0.53;245.94;13.38;793;80;3894.00;157
10440;79;629105313;10440;236;11234;11388;8.57;0.53;245.97;13.38;794;80;3895.00;154
10443;79;629105330;10443;241;11236;11389;8.60;0.53;246.02;13.38;793;80;3896.00;153
10446;79;629105342;10446;240;11242;11390;8.61;0.53;246.00;13.40;796;80;3897.00;148
10449;79;629105360;10449;240;11244;11390;8.64;0.53;245.98;13.40;795;80;3898.00;146
10453;79;629105370;10453;247;11249;11391;8.56;0.53;245.93;13.42;796;80;3899.00;142
10455;79;629105384;10455;256;11257;11406;8.45;0.52;245.95;13.41;802;80;3900.00;149
10457;79;629105400;10457;260;11259;11406;8.34;0.52;245.96;13.42;802;80;3901.00;147
10461;79;629105410;10461;265;11262;11406;8.10;0.50;246.00;13.43;801;80;3902.00;144
10463;79;629105421;10463;276;11265;11410;7.98;0.49;246.00;13.43;802;80;3903.00;145
10467;79;629105432;10467;274;11269;11410;7.87;0.48;245.99;13.45;802;80;3904.00;141
10475;79;629105442;10475;272;11270;11410;7.77;0.48;246.03;13.45;795;80;3905.00;140
10477;79;629105452;10477;277;11272;11413;7.73;0.48;246.03;13.45;795;80;3906.00;141
10480;79;629105463;10480;279;11275;11413;7.62;0.47;246.06;13.46;795;80;3907.00;138
10485;79;629105473;10485;286;11277;11413;7.52;0.46;246.04;13.46;792;80;3908.00;136
10490;79;629105483;10490;279;11282;11417;7.43;0.46;246.03;13.47;792;80;3909.00;135
10494;79;629105494;10494;268;11283;11418;7.41;0.46;246.07;13.47;789;80;3910.00;135
10498;79;629105506;10498;259;11283;11418;7.39;0.46;246.05;13.47;785;80;3911.00;135
10503;79;629105518;10503;256;11287;11422;7.42;0.46;246.05;13.48;784;80;3912.00;135
10507;79;629105529;10507;247;11289;11422;7.47;0.46;246.07;13.48;782;80;3913.00;133
10510;79;629105541;10510;248;11290;11422;7.51;0.46;246.05;13.48;780;80;3914.00;132
10515;79;629105552;10515;245;11294;11424;7.51;0.46;246.05;13.49;779;80;3915.00;130
10519;79;629105565;10519;238;11294;11424;7.51;0.46;246.05;13.49;775;80;3916.00;130
10520;79;629105584;10520;232;11299;11430;7.61;0.47;246.11;13.50;779;80;3917.00;131
10523;79;629105598;10523;225;11300;11430;7.64;0.47;246.15;13.50;777;80;3918.00;130
10528;79;629105610;10528;230;11301;11431;7.65;0.47;246.16;13.50;773;80;3919.00;130
10528;79;629105623;10528;226;11303;11431;7.72;0.47;246.16;13.51;775;80;3920.00;128
10533;79;629105634;10533;221;11303;11431;7.76;0.47;246.19;13.51;770;80;3921.00;128
10536;79;629105647;10536;219;11303;11431;7.84;0.48;246.17;13.51;767;80;3922.00;128
10539;79;629105658;10539;218;11303;11431;7.92;0.48;246.19;13.51;764;80;3923.00;128
10543;79;629105671;10543;221;11312;11443;8.02;0.49;246.23;13.50;769;80;3924.00;131
10546;79;629105684;10546;221;11313;11443;8.09;0.49;246.27;13.50;767;80;3925.00;130
10549;79;629105702;10549;225;11314;11443;8.16;0.50;246.29;13.50;765;80;3926.00;129
10554;79;629105714;10554;219;11314;11443;8.18;0.50;246.29;13.50;760;80;3927.00;129
10557;79;629105727;10557;213;11314;11443;8.19;0.50;246.29;13.50;757;80;3928.00;129
10562;79;629105739;10562;217;11314;11443;8.20;0.50;246.29;13.50;752;80;3929.00;129
10566;79;629105754;10566;219;11319;11447;8.22;0.50;246.32;13.50;753;80;3930.00;128
10567;79;629105767;10567;215;11319;11447;8.29;0.51;246.32;13.50;752;80;3931.00;128
10570;79;629105779;10570;216;11322;11451;8.36;0.51;246.33;13.50;752;80;3932.00;129
10573;79;629105791;10573;210;11323;11452;8.43;0.51;246.39;13.49;750;80;3933.00;129
10578;79;629105803;10578;212;11323;11452;8.46;0.51;246.45;13.49;745;80;3934.00;129
10583;79;629105815;10583;210;11325;11452;8.54;0.52;246.48;13.50;742;80;3935.00;127
10586;79;629105827;10586;208;11334;11465;8.58;0.52;246.48;13.49;748;80;3936.00;131
10592;79;629105840;10592;203;11335;11465;8.59;0.52;246.50;13.49;743;80;3937.00;130
10595;79;629105853;10595;203;11337;11465;8.65;0.53;246.48;13.49;742;80;3938.00;128
10598;79;629105865;10598;204;11338;11466;8.74;0.53;246.53;13.49;740;80;3939.00;128
10603;79;629105877;10603;203;11339;11467;8.80;0.54;246.61;13.49;736;80;3940.00;128
10607;79;629105890;10607;207;11340;11467;8.88;0.54;246.61;13.49;733;80;3941.00;127
10611;79;629105902;10611;208;11342;11470;9.00;0.55;246.63;13.49;731;80;3942.00;128
10613;79;629105916;10613;206;11343;11470;9.08;0.56;246.66;13.49;730;80;3943.00;127
10617;79;629105928;10617;207;11343;11470;9.15;0.56;246.67;13.49;726;80;3944.00;127
10622;79;629105941;10622;206;11343;11470;9.21;0.56;246.67;13.49;721;80;3945.00;127
10626;79;629105954;10626;208;11346;11476;9.25;0.57;246.70;13.48;720;80;3946.00;130
10629;79;629105966;10629;211;11348;11476;9.31;0.57;246.71;13.48;719;80;3947.00;128
10634;79;629105986;10634;213;11349;11476;9.30;0.57;246.71;13.48;715;80;3948.00;127
10639;79;629105998;10639;221;11350;11476;9.27;0.57;246.74;13.48;711;80;3949.00;126
10641;79;629106010;10641;217;11354;11480;9.24;0.56;246.74;13.48;713;80;3950.00;126
10647;79;629106021;10647;220;11355;11481;9.22;0.56;246.73;13.48;708;80;3951.00;126
10649;79;629106032;10649;223;11355;11481;9.23;0.56;246.72;13.48;706;80;3952.00;126
10653;79;629106042;10653;228;11356;11482;9.18;0.56;246.74;13.47;703;80;3953.00;126
10657;79;629106053;10657;233;11356;11482;9.10;0.55;246.75;13.47;699;80;3954.00;126
10658;79;629106063;10658;237;11356;11482;9.08;0.55;246.75;13.47;698;80;3955.00;126
10661;79;629106073;10661;241;11356;11482;9.00;0.55;246.79;13.47;695;80;3956.00;126
10667;79;629106085;10667;233;11356;11482;8.88;0.54;246.75;13.47;689;80;3957.00;126
10672;79;629106096;10672;233;11356;11482;8.73;0.53;246.76;13.47;684;80;3958.00;126
10675;79;629106106;10675;226;11356;11482;8.58;0.52;246.77;13.47;681;80;3959.00;126
10678;79;629106119;10678;240;11428;11607;8.50;0.52;246.77;13.39;750;80;3960.00;179
10682;79;629106142;10682;243;11430;11608;8.53;0.52;246.76;13.39;748;80;3961.00;178
10684;79;629106154;10684;232;11435;11608;8.62;0.53;246.76;13.38;751;80;3962.00;173
10686;79;629106167;10686;228;11439;11608;8.70;0.53;246.74;13.38;753;80;3963.00;169
10692;79;629106196;10692;232;11444;11608;8.65;0.53;246.83;13.51;752;80;3964.00;164
10697;79;629106210;10697;227;11446;11608;8.66;0.53;246.92;13.51;749;80;3965.00;162
10699;79;629106223;10699;216;11451;11608;8.72;0.53;246.94;13.51;752;80;3966.00;157
10704;79;629106236;10704;205;11452;11608;8.70;0.53;247.00;13.51;748;80;3967.00;156
10706;79;629106250;10706;195;11456;11609;8.64;0.53;247.03;13.51;750;80;3968.00;153
10709;79;629106263;10709;190;11457;11610;8.72;0.53;247.05;13.50;748;80;3969.00;153
10712;79;629106275;10712;191;11458;11610;8.72;0.53;247.08;13.50;746;80;3970.00;152
10716;79;629106289;10716;191;11462;11614;8.68;0.53;247.11;13.50;746;80;3971.00;152
10717;79;629106302;10717;191;11463;11614;8.70;0.53;247.10;13.50;746;80;3972.00;151
10719;79;629106315;10719;194;11463;11614;8.71;0.53;247.12;13.50;744;80;3973.00;151
10722;79;629106328;10722;202;11464;11614;8.73;0.53;247.12;13.50;742;80;3974.00;150
10722;79;629106341;10722;206;11468;11620;8.74;0.53;247.12;13.50;746;80;3975.00;152
10727;79;629106353;10727;205;11469;11620;8.78;0.54;247.12;13.50;742;80;3976.00;151
10729;79;629106366;10729;208;11470;11620;8.82;0.54;247.12;13.50;741;80;3977.00;150
10730;79;629106379;10730;205;11473;11623;8.92;0.54;247.11;13.49;743;80;3978.00;150
10733;79;629106392;10733;204;11474;11623;9.03;0.55;247.10;13.49;741;80;3979.00;149
10736;79;629106405;10736;205;11474;11623;9.12;0.56;247.09;13.49;738;80;3980.00;149
10736;79;629106418;10736;198;11475;11624;9.20;0.56;247.09;13.49;739;80;3981.00;149
10736;79;629106430;10736;201;11476;11625;9.30;0.57;247.09;13.49;740;80;3982.00;149
10740;79;629106443;10740;199;11476;11625;9.35;0.57;247.15;13.49;736;80;3983.00;149
10742;79;629106454;10742;200;11486;11638;9.45;0.58;247.15;13.48;744;80;3984.00;152
10745;79;629106467;10745;196;11486;11638;9.50;0.58;247.10;13.48;741;80;3985.00;152
10749;80;629106479;10749;205;11486;11638;9.55;0.58;247.19;13.48;737;81;3986.00;152
10749;81;629106505;10749;204;11487;11639;9.64;0.59;247.19;13.48;738;82;3987.00;152
10751;81;629106537;10751;207;11487;11639;9.69;0.59;247.22;13.48;736;82;3988.00;152
10755;81;629106560;10755;213;11490;11643;9.72;0.59;247.29;13.48;735;82;3989.00;153
10758;81;629106577;10758;220;11491;11643;9.79;0.60;247.28;13.47;733;82;3990.00;152
10762;81;629106591;10762;224;11494;11647;9.80;0.60;247.27;13.47;732;82;3991.00;153
10762;81;629106613;10762;222;11494;11647;9.83;0.60;247.27;13.47;732;82;3992.00;153
10763;81;629106623;10763;219;11494;11647;9.86;0.60;247.27;13.47;731;82;3993.00;153
10765;81;629106645;10765;225;11494;11647;9.88;0.61;247.25;13.47;729;82;3994.00;153
10768;81;629106656;10768;224;11494;11647;9.86;0.60;247.30;13.47;726;82;3995.00;153
10769;81;629106667;10769;224;11503;11659;9.88;0.61;247.29;13.46;734;82;3996.00;156
10771;81;629106679;10771;224;11503;11659;9.87;0.61;247.28;13.46;732;82;3997.00;156
10775;81;629106691;10775;228;11505;11659;9.97;0.61;247.25;13.46;730;82;3998.00;154
10779;81;629106702;10779;228;11505;11659;10.00;0.61;247.23;13.46;726;82;3999.00;154
10780;81;629106715;10780;225;11505;11659;10.04;0.62;247.22;13.46;725;82;4000.00;154
10784;81;629106731;10784;230;11505;11659;10.09;0.62;247.22;13.46;721;82;4001.00;154
10791;81;629106742;10791;230;11505;11660;10.02;0.61;247.16;13.46;714;82;4002.00;155
10791;81;629106754;10791;228;11505;11660;10.03;0.61;247.16;13.46;714;82;4003.00;155
10792;81;629106765;10792;228;11509;11666;10.08;0.62;247.14;13.45;717;82;4004.00;157
10793;81;629106776;10793;226;11512;11668;10.14;0.62;247.13;13.45;719;82;4005.00;156
10795;81;629106787;10795;226;11512;11668;10.15;0.62;247.13;13.45;717;82;4006.00;156
10799;81;629106798;10799;227;11512;11668;10.15;0.62;247.07;13.45;713;82;4007.00;156
10801;81;629106808;10801;231;11515;11672;10.19;0.62;247.06;13.45;714;82;4008.00;157
10807;81;629106819;10807;225;11515;11672;10.13;0.62;247.09;13.45;708;82;4009.00;157
10809;81;629106829;10809;224;11515;11672;10.14;0.62;247.06;13.45;706;82;4010.00;157
10813;81;629106839;10813;225;11517;11673;10.08;0.62;247.03;13.59;704;82;4011.00;156
10817;81;629106850;10817;224;11520;11677;10.10;0.62;247.06;13.58;703;82;4012.00;157
10821;81;629106861;10821;220;11520;11677;10.06;0.61;247.02;13.58;699;82;4013.00;157
10822;81;629106872;10822;217;11522;11680;10.11;0.62;247.02;13.58;700;82;4014.00;158
10825;81;629106883;10825;213;11525;11680;10.11;0.61;247.02;13.60;700;82;4015.00;155
10827;81;629106895;10827;208;11526;11680;10.14;0.62;247.00;13.74;699;82;4016.00;154
10828;81;629106906;10828;209;11526;11680;10.23;0.62;247.00;13.74;698;82;4017.00;154
10831;81;629106923;10831;209;11529;11684;10.30;0.63;246.98;13.74;698;82;4018.00;155
10835;81;629106934;10835;194;11529;11684;10.39;0.63;247.00;13.74;694;82;4019.00;155
10835;81;629106946;10835;181;11531;11684;10.48;0.64;247.00;13.87;696;82;4020.00;153
10837;81;629106956;10837;174;11531;11684;10.58;0.64;246.99;13.87;694;82;4021.00;153
10842;81;629106965;10842;165;11531;11685;10.75;0.65;246.95;13.87;689;82;4022.00;154
10844;81;629106975;10844;157;11533;11686;10.87;0.66;246.94;14.01;689;82;4023.00;153
10846;81;629106986;10846;152;11533;11686;10.99;0.67;246.91;14.01;687;82;4024.00;153
10850;81;629106996;10850;149;11535;11687;11.02;0.67;246.88;14.13;685;82;4025.00;152
10853;81;629107007;10853;147;11535;11687;11.10;0.67;246.88;14.13;682;82;4026.00;152
10853;81;629107017;10853;138;11535;11687;11.15;0.67;246.88;14.13;682;82;4027.00;152
10853;81;629107032;10853;137;11537;11687;11.15;0.67;246.88;14.27;684;82;4028.00;150
10855;82;629107044;10855;131;11537;11687;11.22;0.68;246.88;14.27;682;83;4029.00;150
10857;82;629107068;10857;130;11538;11687;11.31;0.68;246.89;14.39;681;83;4030.00;149
10857;82;629107080;10857;127;11538;11687;11.36;0.69;246.89;14.39;681;83;4031.00;149
10857;82;629107101;10857;144;11602;11814;11.34;0.70;246.89;14.32;745;83;4032.00;212
10858;82;629107124;10858;138;11605;11815;11.32;0.69;246.88;14.44;747;83;4033.00;210
10858;82;629107137;10858;136;11613;11815;11.42;0.70;246.88;14.43;755;83;4034.00;202
10860;82;629107149;10860;132;11619;11815;11.42;0.70;246.87;14.43;759;83;4035.00;196
10860;82;629107161;10860;129;11627;11815;11.42;0.70;246.87;14.42;767;83;4036.00;188
10863;82;629107174;10863;129;11632;11815;11.37;0.70;246.86;14.42;769;83;4037.00;183
10865;82;629107187;10865;132;11636;11815;11.40;0.70;246.84;14.41;771;83;4038.00;179
10867;82;629107200;10867;136;11639;11815;11.33;0.69;246.86;14.41;772;83;4039.00;176
10868;82;629107228;10868;143;11644;11816;11.34;0.69;246.84;14.41;776;83;4040.00;172
10870;82;629107240;10870;144;11648;11817;11.23;0.69;246.86;14.43;778;83;4041.00;169
10874;82;629107254;10874;144;11652;11817;11.18;0.68;246.89;14.43;778;83;4042.00;165
10878;83;629107267;10878;156;11654;11818;10.98;0.67;246.88;14.44;776;84;4043.00;164
10879;83;629107299;10879;156;11656;11818;10.82;0.66;246.88;14.45;777;84;4044.00;162
10881;83;629107311;10881;169;11657;11818;10.66;0.65;246.89;14.45;776;84;4045.00;161
10881;83;629107323;10881;178;11661;11818;10.44;0.64;246.89;14.48;780;84;4046.00;157
10884;83;629107334;10884;184;11664;11822;10.30;0.63;246.92;14.48;780;84;4047.00;158
10885;83;629107347;10885;200;11666;11822;10.20;0.63;246.92;14.48;781;84;4048.00;156
10886;83;629107358;10886;212;11668;11822;10.00;0.61;246.93;14.49;782;84;4049.00;154
10890;83;629107371;10890;218;11673;11828;9.87;0.60;246.91;14.51;783;84;4050.00;155
10892;83;629107383;10892;230;11674;11828;9.78;0.60;246.94;14.51;782;84;4051.00;154
10893;83;629107393;10893;233;11677;11828;9.65;0.59;246.93;14.53;784;84;4052.00;151
10898;83;629107404;10898;236;11680;11832;9.50;0.58;246.95;14.52;782;84;4053.00;152
10899;83;629107414;10899;239;11685;11833;9.41;0.58;246.94;14.55;786;84;4054.00;148
10903;83;629107424;10903;242;11686;11833;9.28;0.57;246.96;14.56;783;84;4055.00;147
10906;83;629107435;10906;244;11691;11837;9.16;0.56;246.98;14.57;785;84;4056.00;146
10908;83;629107445;10908;253;11694;11837;9.06;0.55;246.99;14.58;786;84;4057.00;143
10911;83;629107455;10911;256;11694;11837;8.94;0.55;247.02;14.58;783;84;4058.00;143
10914;83;629107465;10914;256;11697;11838;8.80;0.54;247.01;14.60;783;84;4059.00;141
10916;83;629107475;10916;251;11698;11838;8.68;0.53;246.99;14.60;782;84;4060.00;140
10918;83;629107486;10918;251;11702;11844;8.65;0.53;247.03;14.60;784;84;4061.00;142
10921;83;629107496;10921;250;11703;11844;8.55;0.53;247.01;14.61;782;84;4062.00;141
10922;83;629107509;10922;252;11705;11845;8.47;0.52;247.00;14.62;783;84;4063.00;140
10926;83;629107524;10926;249;11705;11845;8.43;0.52;246.96;14.62;779;84;4064.00;140
10929;83;629107535;10929;253;11707;11845;8.39;0.51;246.96;14.63;778;84;4065.00;138
10932;83;629107546;10932;247;11707;11845;8.36;0.51;246.94;14.63;775;84;4066.00;138
10936;83;629107556;10936;254;11707;11845;8.34;0.51;247.01;14.63;771;84;4067.00;138
10938;84;629107566;10938;256;11718;11857;8.45;0.52;247.00;14.64;780;85;4068.00;139
10943;84;629107593;10943;254;11718;11857;8.45;0.52;246.99;14.64;775;85;4069.00;139
10949;84;629107608;10949;252;11723;11857;8.33;0.51;246.98;14.66;774;85;4070.00;134
10954;84;629107618;10954;254;11724;11857;8.28;0.50;246.93;14.66;770;85;4071.00;133
10955;84;629107629;10955;257;11724;11857;8.16;0.50;246.93;14.66;769;85;4072.00;133
10960;84;629107643;10960;260;11727;11857;8.02;0.49;246.93;14.67;767;85;4073.00;130
10962;84;629107655;10962;257;11730;11861;7.92;0.48;246.91;14.67;768;85;4074.00;131
10967;84;629107665;10967;254;11732;11861;7.75;0.48;246.93;14.68;765;85;4075.00;129
10970;84;629107677;10970;261;11735;11865;7.75;0.48;246.92;14.67;765;85;4076.00;130
10973;84;629107690;10973;258;11737;11866;7.70;0.47;246.96;14.68;764;85;4077.00;129
10976;84;629107699;10976;256;11739;11866;7.50;0.46;246.95;14.68;763;85;4078.00;127
10982;84;629107713;10982;264;11739;11866;7.33;0.45;246.97;14.68;757;85;4079.00;127
10986;84;629107725;10986;268;11759;11895;7.27;0.45;246.94;14.66;773;85;4080.00;136
10991;84;629107736;10991;261;11760;11895;7.14;0.44;246.96;14.66;769;85;4081.00;135
10993;84;629107746;10993;261;11763;11895;7.22;0.44;246.94;14.66;770;85;4082.00;132
10997;84;629107755;10997;250;11767;11896;7.30;0.45;246.98;14.66;770;85;4083.00;129
11001;84;629107766;11001;243;11768;11897;7.44;0.46;247.00;14.66;767;85;4084.00;129
11007;84;629107775;11007;240;11768;11897;7.50;0.46;247.00;14.66;761;85;4085.00;129
11010;84;629107784;11010;247;11771;11900;7.64;0.47;246.99;14.66;761;85;4086.00;129
11013;84;629107794;11013;244;11771;11900;7.75;0.47;247.00;14.66;758;85;4087.00;129
11017;84;629107804;11017;236;11771;11900;7.86;0.48;247.01;14.66;754;85;4088.00;129
11022;84;629107814;11022;227;11771;11900;7.99;0.49;247.07;14.66;749;85;4089.00;129
11025;84;629107824;11025;225;11775;11906;8.23;0.50;247.11;14.65;750;85;4090.00;131
11026;84;629107834;11026;222;11776;11906;8.37;0.51;247.14;14.65;750;85;4091.00;130
11030;84;629107844;11030;221;11776;11906;8.46;0.52;247.19;14.65;746;85;4092.00;130
11033;84;629107854;11033;213;11776;11906;8.62;0.53;247.20;14.65;743;85;4093.00;130
11039;84;629107865;11039;208;11779;11910;8.76;0.54;247.23;14.65;740;85;4094.00;131
11042;84;629107876;11042;205;11781;11912;8.91;0.55;247.25;14.64;739;85;4095.00;131
11048;84;629107886;11048;211;11781;11912;9.03;0.55;247.27;14.64;733;85;4096.00;131
11053;84;629107897;11053;207;11782;11913;9.17;0.56;247.27;14.64;729;85;4097.00;131
11058;84;629107908;11058;206;11782;11913;9.23;0.56;247.31;14.64;724;85;4098.00;131
11059;84;629107919;11059;203;11782;11913;9.33;0.57;247.30;14.64;723;85;4099.00;131
11066;84;629107932;11066;206;11782;11913;9.39;0.57;247.32;14.64;716;85;4100.00;131
11071;84;629107949;11071;211;11782;11913;9.39;0.57;247.37;14.64;711;85;4101.00;131
11072;84;629107970;11072;205;11782;11913;9.41;0.57;247.39;14.64;710;85;4102.00;131
11076;84;629107982;11076;206;11782;11913;9.45;0.57;247.41;14.64;706;85;4103.00;131
11083;84;629107995;11083;217;11821;11983;9.37;0.57;247.45;14.60;738;85;4104.00;162
11088;84;629108013;11088;214;11821;11984;9.46;0.57;247.50;14.60;733;85;4105.00;163
11093;84;629108026;11093;205;11826;11984;9.52;0.58;247.50;14.59;733;85;4106.00;158
11098;84;629108039;11098;204;11828;11984;9.63;0.58;247.51;14.59;730;85;4107.00;156
11100;84;629108051;11100;207;11831;11984;9.76;0.59;247.51;14.59;731;85;4108.00;153
11103;84;629108063;11103;214;11836;11984;9.80;0.60;247.54;14.58;733;85;4109.00;148
11110;84;629108077;11110;220;11840;11984;9.79;0.59;247.56;14.58;730;85;4110.00;144
11112;84;629108090;11112;222;11842;11984;9.77;0.59;247.55;14.58;730;85;4111.00;142
11116;84;629108103;11116;227;11845;11985;9.75;0.59;247.57;14.57;729;85;4112.00;140
11119;84;629108137;11119;235;11846;11986;9.71;0.59;247.56;14.57;727;85;4113.00;140
11123;84;629108149;11123;234;11847;11986;9.68;0.59;247.53;14.57;724;85;4114.00;139
11125;84;629108162;11125;235;11849;11990;9.65;0.59;247.56;14.57;724;85;4115.00;141
11126;84;629108174;11126;237;11849;11990;9.60;0.59;247.56;14.57;723;85;4116.00;141
11131;84;629108194;11131;243;11849;11990;9.54;0.58;247.59;14.57;718;85;4117.00;141
11135;84;629108206;11135;242;11849;11990;9.54;0.58;247.62;14.57;714;85;4118.00;141
11139;84;629108218;11139;250;11853;11996;9.50;0.58;247.63;14.57;714;85;4119.00;143
11143;84;629108231;11143;251;11855;11996;9.38;0.57;247.71;14.57;712;85;4120.00;141
11147;84;629108244;11147;256;11856;11996;9.28;0.56;247.73;14.57;709;85;4121.00;140
11153;84;629108256;11153;261;11858;11999;9.16;0.56;247.77;14.56;705;85;4122.00;141
11155;84;629108277;11155;268;11861;11999;9.02;0.55;247.74;14.56;706;85;4123.00;138
11161;84;629108288;11161;276;11861;11999;8.83;0.54;247.80;14.56;700;85;4124.00;138
11163;84;629108301;11163;275;11861;12000;8.70;0.53;247.81;14.56;698;85;4125.00;139
11167;84;629108312;11167;280;11862;12001;8.53;0.52;247.80;14.56;695;85;4126.00;139
11171;84;629108324;11171;273;11862;12001;8.33;0.51;247.85;14.56;691;85;4127.00;139
11172;84;629108337;11172;276;11873;12014;8.36;0.51;247.83;14.55;701;85;4128.00;141
11176;84;629108349;11176;275;11873;12014;8.21;0.50;247.89;14.55;697;85;4129.00;141
11178;84;629108362;11178;279;11873;12014;8.13;0.49;247.88;14.55;695;85;4130.00;141
11180;84;629108373;11180;281;11874;12015;8.09;0.49;247.91;14.55;694;85;4131.00;141
11183;84;629108384;11183;283;11874;12015;8.05;0.49;247.92;14.55;691;85;4132.00;141
11186;84;629108397;11186;282;11877;12019;8.08;0.49;247.94;14.54;691;85;4133.00;142
11187;84;629108409;11187;278;11877;12019;8.11;0.50;247.95;14.54;690;85;4134.00;142
11191;84;629108421;11191;282;11881;12023;8.05;0.49;247.92;14.54;690;85;4135.00;142
11193;84;629108433;11193;269;11881;12023;8.14;0.50;247.93;14.54;688;85;4136.00;142
11195;84;629108451;11195;255;11881;12023;8.30;0.51;247.93;14.54;686;85;4137.00;142
11197;84;629108463;11197;241;11881;12023;8.33;0.51;247.96;14.54;684;85;4138.00;142
11200;84;629108474;11200;233;11881;12023;8.35;0.51;247.94;14.54;681;85;4139.00;142
11202;84;629108488;11202;236;11905;12057;8.38;0.51;247.92;14.51;703;85;4140.00;152
11203;84;629108501;11203;231;11905;12057;8.52;0.52;247.92;14.51;702;85;4141.00;152
11205;84;629108513;11205;230;11906;12057;8.66;0.53;247.94;14.51;701;85;4142.00;151
11208;84;629108531;11208;229;11906;12057;8.78;0.54;247.95;14.51;698;85;4143.00;151
11208;84;629108545;11208;227;11907;12057;8.99;0.55;247.95;14.51;699;85;4144.00;150
11210;84;629108560;11210;219;11907;12057;9.10;0.56;247.95;14.51;697;85;4145.00;150
11211;84;629108575;11211;218;11908;12058;9.16;0.56;247.94;14.51;697;85;4146.00;150
11214;84;629108590;11214;216;11909;12058;9.13;0.56;247.91;14.51;695;85;4147.00;149
11216;84;629108605;11216;213;11913;12064;9.16;0.56;247.89;14.50;697;85;4148.00;151
11217;84;629108632;11217;211;11914;12065;9.19;0.56;247.88;14.50;697;85;4149.00;151
11220;84;629108644;11220;208;11915;12065;9.24;0.56;247.85;14.50;695;85;4150.00;150
11222;84;629108655;11222;203;11915;12065;9.21;0.56;247.82;14.50;693;85;4151.00;150
11225;84;629108667;11225;205;11919;12069;9.20;0.56;247.78;14.49;694;85;4152.00;150
11230;85;629108679;11230;202;11919;12069;9.22;0.56;247.84;14.49;689;86;4153.00;150
11232;85;629108713;11232;208;11919;12069;9.19;0.56;247.81;14.49;687;86;4154.00;150
11233;85;629108731;11233;213;11920;12070;9.22;0.56;247.80;14.49;687;86;4155.00;150
11234;85;629108741;11234;212;11923;12074;9.22;0.56;247.80;14.49;689;86;4156.00;151
11236;85;629108752;11236;217;11923;12074;9.17;0.56;247.76;14.49;687;86;4157.00;151
11237;85;629108762;11237;219;11925;12077;9.26;0.56;247.76;14.49;688;86;4158.00;152
11241;85;629108773;11241;215;11925;12077;9.23;0.56;247.72;14.49;684;86;4159.00;152
11241;85;629108783;11241;215;11926;12077;9.31;0.57;247.72;14.49;685;86;4160.00;151
11242;85;629108798;11242;217;11927;12077;9.44;0.57;247.72;14.62;685;86;4161.00;150
11244;85;629108809;11244;218;11930;12081;9.48;0.58;247.71;14.62;686;86;4162.00;151
11245;85;629108818;11245;218;11930;12081;9.52;0.58;247.70;14.62;685;86;4163.00;151
11246;85;629108829;11246;221;11931;12081;9.58;0.58;247.71;14.62;685;86;4164.00;150
11247;85;629108841;11247;222;11931;12081;9.59;0.58;247.71;14.62;684;86;4165.00;150
11248;85;629108856;11248;222;11931;12082;9.64;0.59;247.70;14.62;683;86;4166.00;151
11248;85;629108866;11248;221;11932;12083;9.63;0.59;247.70;14.62;684;86;4167.00;151
11249;85;629108875;11249;221;11932;12083;9.53;0.58;247.69;14.62;683;86;4168.00;151
11250;86;629108884;11250;228;11933;12084;9.54;0.58;247.68;14.62;683;87;4169.00;151
11250;86;629108905;11250;230;11933;12084;9.50;0.58;247.68;14.62;683;87;4170.00;151
11252;86;629108914;11252;216;11933;12084;9.53;0.58;247.68;14.62;681;87;4171.00;151
11256;86;629108923;11256;207;11933;12084;9.59;0.58;247.64;14.62;677;87;4172.00;151
11257;86;629108933;11257;196;11935;12086;9.72;0.59;247.65;14.61;678;87;4173.00;151
11258;86;629108942;11258;191;11935;12086;9.83;0.60;247.64;14.61;677;87;4174.00;151
11262;86;629108951;11262;182;11935;12086;9.98;0.61;247.62;14.61;673;87;4175.00;151
11264;86;629108959;11264;192;12003;12213;9.84;0.61;247.67;14.53;739;87;4176.00;210
11265;86;629108978;11265;171;12004;12214;9.95;0.61;247.66;14.53;739;87;4177.00;210
11269;86;629108994;11269;158;12009;12214;10.09;0.62;247.63;14.53;740;87;4178.00;205
11270;86;629109004;11270;154;12011;12214;10.25;0.63;247.63;14.52;741;87;4179.00;203
11273;86;629109013;11273;148;12016;12214;10.38;0.64;247.61;14.66;743;87;4180.00;198
11274;86;629109029;11274;139;12021;12214;10.47;0.64;247.60;14.65;747;87;4181.00;193
11277;86;629109038;11277;137;12025;12214;10.60;0.65;247.65;14.65;748;87;4182.00;189
11280;87;629109059;11280;131;12030;12214;10.73;0.66;247.65;14.65;750;88;4183.00;184
11281;87;629109076;11281;129;12033;12215;10.80;0.66;247.65;14.65;752;88;4184.00;182
11283;87;629109092;11283;121;12037;12217;10.89;0.67;247.63;14.66;754;88;4185.00;180
11284;87;629109104;11284;122;12041;12217;10.93;0.67;247.63;14.66;757;88;4186.00;176
11287;87;629109114;11287;124;12045;12218;11.11;0.68;247.59;14.65;758;88;4187.00;173
11290;87;629109126;11290;128;12047;12218;11.13;0.68;247.59;14.65;757;88;4188.00;171
11292;87;629109146;11292;121;12049;12218;11.11;0.68;247.57;14.65;757;88;4189.00;169
11292;87;629109158;11292;119;12051;12218;11.08;0.68;247.57;14.65;759;88;4190.00;167
11296;87;629109170;11296;119;12053;12222;11.02;0.67;247.57;14.65;757;88;4191.00;169
11300;87;629109183;11300;124;12055;12222;10.93;0.66;247.57;14.79;755;88;4192.00;167
11303;87;629109196;11303;128;12055;12222;10.90;0.66;247.58;14.79;752;88;4193.00;167
11307;87;629109209;11307;132;12058;12225;10.88;0.66;247.58;14.78;751;88;4194.00;167
11309;87;629109222;11309;138;12059;12225;10.82;0.66;247.55;14.80;750;88;4195.00;166
11312;87;629109235;11312;133;12060;12225;10.83;0.66;247.55;14.80;748;88;4196.00;165
11316;87;629109249;11316;135;12064;12229;10.78;0.65;247.54;14.79;748;88;4197.00;165
11320;87;629109262;11320;140;12067;12230;10.79;0.65;247.53;14.79;747;88;4198.00;163
11324;87;629109274;11324;145;12067;12230;10.69;0.65;247.51;14.79;743;88;4199.00;163
11326;87;629109289;11326;154;12077;12264;10.62;0.64;247.51;14.78;751;88;4200.00;187
11328;87;629109314;11328;154;12078;12264;10.60;0.64;247.52;14.78;750;88;4201.00;186
11332;87;629109327;11332;159;12080;12264;10.50;0.64;247.53;14.78;748;88;4202.00;184
11332;87;629109340;11332;161;12082;12265;10.41;0.63;247.53;14.78;750;88;4203.00;183
11335;87;629109351;11335;159;12082;12265;10.30;0.62;247.52;14.78;747;88;4204.00;183
11338;87;629109370;11338;161;12086;12271;10.30;0.62;247.57;14.78;748;88;4205.00;185
11340;87;629109382;11340;166;12089;12271;10.24;0.62;247.59;14.79;749;88;4206.00;182
11342;87;629109392;11342;168;12090;12272;10.20;0.62;247.61;14.79;748;88;4207.00;182
11344;87;629109403;11344;171;12091;12272;10.15;0.62;247.61;14.79;747;88;4208.00;181
11346;87;629109414;11346;174;12092;12272;10.07;0.61;247.63;14.79;746;88;4209.00;180
11349;87;629109424;11349;181;12093;12272;10.01;0.61;247.65;14.81;744;88;4210.00;179
11351;87;629109435;11351;187;12093;12272;10.01;0.61;247.64;14.81;742;88;4211.00;179
11354;87;629109445;11354;197;12104;12284;9.98;0.61;247.64;14.80;750;88;4212.00;180
11357;87;629109456;11357;200;12108;12284;9.94;0.60;247.64;14.82;751;88;4213.00;176
11359;87;629109467;11359;202;12108;12284;9.95;0.60;247.66;14.82;749;88;4214.00;176
11360;87;629109479;11360;208;12109;12284;9.93;0.60;247.67;14.82;749;88;4215.00;175
11362;87;629109490;11362;210;12110;12284;9.87;0.60;247.68;14.84;748;88;4216.00;174
11364;87;629109502;11364;210;12114;12284;9.79;0.60;247.67;14.85;750;88;4217.00;170
11368;87;629109513;11368;211;12118;12288;9.74;0.59;247.68;14.86;750;88;4218.00;170
11370;87;629109526;11370;220;12120;12288;9.70;0.59;247.66;14.86;750;88;4219.00;168
11372;87;629109537;11372;221;12122;12292;9.81;0.60;247.64;14.86;750;88;4220.00;170
11375;87;629109548;11375;226;12125;12293;9.85;0.60;247.65;14.88;750;88;4221.00;168
11375;87;629109559;11375;231;12125;12293;9.81;0.60;247.65;14.88;750;88;4222.00;168
11378;87;629109570;11378;236;12129;12293;9.70;0.59;247.68;14.90;751;88;4223.00;164
11381;87;629109581;11381;236;12136;12306;9.57;0.58;247.67;14.89;755;88;4224.00;170
11382;87;629109592;11382;238;12139;12306;9.37;0.57;247.67;14.91;757;88;4225.00;167
11387;87;629109603;11387;245;12139;12306;9.28;0.56;247.63;14.91;752;88;4226.00;167
11390;87;629109613;11390;251;12140;12307;9.26;0.56;247.64;14.90;750;88;4227.00;167
11393;87;629109623;11393;257;12141;12308;9.18;0.56;247.65;14.92;748;88;4228.00;167
11395;87;629109634;11395;258;12142;12308;9.12;0.56;247.63;14.92;747;88;4229.00;166
11395;87;629109645;11395;253;12148;12314;9.15;0.56;247.63;14.95;753;88;4230.00;166
11398;87;629109656;11398;257;12151;12314;9.02;0.55;247.61;14.97;753;88;4231.00;163
11400;87;629109667;11400;257;12151;12314;8.93;0.54;247.66;14.97;751;88;4232.00;163
11401;87;629109678;11401;254;12154;12314;8.83;0.54;247.66;14.99;753;88;4233.00;160
11404;87;629109688;11404;258;12158;12320;8.76;0.54;247.66;14.99;754;88;4234.00;162
11406;87;629109698;11406;258;12158;12320;8.70;0.53;247.65;14.99;752;88;4235.00;162
11407;87;629109708;11407;262;12160;12320;8.67;0.53;247.65;15.01;753;88;4236.00;160
11411;87;629109718;11411;264;12160;12320;8.58;0.53;247.66;15.01;749;88;4237.00;160
11412;87;629109728;11412;265;12163;12324;8.49;0.52;247.66;15.01;751;88;4238.00;161
11413;87;629109738;11413;263;12166;12325;8.49;0.52;247.66;15.03;753;88;4239.00;159
11415;87;629109748;11415;263;12167;12325;8.43;0.52;247.64;15.03;752;88;4240.00;158
11420;87;629109757;11420;265;12168;12326;8.46;0.52;247.61;15.03;748;88;4241.00;158
11423;87;629109767;11423;267;12171;12326;8.43;0.52;247.61;15.05;748;88;4242.00;155
11428;88;629109776;11428;269;12171;12326;8.40;0.52;247.62;15.05;743;89;4243.00;155
11434;88;629109803;11434;266;12172;12326;8.31;0.51;247.64;15.06;738;89;4244.00;154
11440;88;629109813;11440;271;12174;12326;8.20;0.51;247.68;15.07;734;89;4245.00;152
11443;88;629109823;11443;271;12176;12326;8.05;0.50;247.68;15.07;733;89;4246.00;150
11448;88;629109831;11448;273;12177;12326;7.88;0.49;247.70;15.08;729;89;4247.00;149
11450;88;629109840;11450;279;12214;12396;7.78;0.48;247.67;15.04;764;89;4248.00;182
11456;88;629109855;11456;275;12219;12397;7.58;0.47;247.66;15.05;763;89;4249.00;178
11459;88;629109864;11459;262;12223;12397;7.50;0.46;247.69;15.04;764;89;4250.00;174
11464;88;629109873;11464;250;12226;12397;7.38;0.46;247.74;15.05;762;89;4251.00;171
11469;88;629109882;11469;247;12232;12397;7.24;0.45;247.77;15.05;763;89;4252.00;165
11473;88;629109891;11473;246;12235;12397;7.20;0.44;247.80;15.06;762;89;4253.00;162
11479;88;629109900;11479;253;12241;12397;7.22;0.45;247.83;15.06;762;89;4254.00;156
11481;88;629109910;11481;247;12243;12397;7.33;0.45;247.85;15.06;762;89;4255.00;154
11488;88;629109919;11488;251;12245;12398;7.42;0.46;247.93;15.06;757;89;4256.00;153
11493;88;629109929;11493;245;12249;12399;7.53;0.46;247.92;15.07;756;89;4257.00;150
11496;88;629109939;11496;247;12250;12399;7.62;0.47;247.93;15.07;754;89;4258.00;149
11501;88;629109949;11501;248;12254;12403;7.65;0.47;247.94;15.06;753;89;4259.00;149
11505;88;629109960;11505;239;12258;12403;7.69;0.47;247.97;15.06;753;89;4260.00;145
11509;88;629109970;11509;246;12259;12403;7.70;0.47;247.99;15.06;750;89;4261.00;144
11512;88;629109979;11512;247;12260;12403;7.69;0.47;248.00;15.06;748;89;4262.00;143
11515;88;629109989;11515;246;12263;12409;7.71;0.47;248.00;15.06;748;89;4263.00;146
11517;88;629110000;11517;253;12264;12409;7.72;0.47;247.99;15.06;747;89;4264.00;145
11522;88;629110009;11522;248;12264;12409;7.67;0.47;248.03;15.06;742;89;4265.00;145
11524;88;629110018;11524;254;12266;12412;7.69;0.47;248.06;15.06;742;89;4266.00;146
11530;88;629110028;11530;251;12267;12412;7.67;0.47;248.05;15.06;737;89;4267.00;145
11536;88;629110037;11536;255;12268;12412;7.66;0.47;248.03;15.06;732;89;4268.00;144
11539;88;629110047;11539;254;12268;12413;7.70;0.47;248.04;15.06;729;89;4269.00;145
11544;88;629110056;11544;249;12270;12414;7.75;0.47;248.06;15.20;726;89;4270.00;144
11547;88;629110066;11547;246;12271;12414;7.79;0.48;248.07;15.20;724;89;4271.00;143
11552;88;629110076;11552;240;12284;12427;7.84;0.48;248.04;15.19;732;89;4272.00;143
11555;88;629110087;11555;239;12285;12427;7.87;0.48;248.06;15.19;730;89;4273.00;142
11561;88;629110097;11561;236;12285;12427;7.87;0.48;248.04;15.19;724;89;4274.00;142
11564;88;629110107;11564;232;12289;12429;7.93;0.49;248.06;15.18;725;89;4275.00;140
11569;88;629110116;11569;234;12290;12429;7.94;0.49;248.06;15.18;721;89;4276.00;139
11574;88;629110126;11574;234;12293;12433;7.99;0.49;248.04;15.18;719;89;4277.00;140
11580;88;629110136;11580;232;12294;12433;7.96;0.49;248.12;15.18;714;89;4278.00;139
11585;88;629110146;11585;233;12297;12437;7.98;0.49;248.19;15.17;712;89;4279.00;140
11591;88;629110155;11591;238;12297;12437;7.95;0.48;248.17;15.17;706;89;4280.00;140
11596;88;629110166;11596;237;12297;12437;7.99;0.49;248.19;15.17;701;89;4281.00;140
11598;88;629110176;11598;243;12297;12437;8.00;0.49;248.21;15.17;699;89;4282.00;140
11598;88;629110186;11598;244;12297;12437;7.99;0.49;248.21;15.17;699;89;4283.00;140
11603;88;629110196;11603;251;12306;12449;8.09;0.49;248.15;15.16;703;89;4284.00;143
11608;88;629110206;11608;259;12307;12449;8.04;0.49;248.20;15.16;699;89;4285.00;142
11609;88;629110217;11609;266;12308;12449;8.07;0.49;248.20;15.16;699;89;4286.00;141
11612;88;629110226;11612;270;12308;12449;8.06;0.49;248.21;15.16;696;89;4287.00;141
11614;88;629110236;11614;272;12308;12449;8.01;0.49;248.21;15.16;694;89;4288.00;141
11616;88;629110246;11616;279;12308;12449;7.98;0.49;248.19;15.16;692;89;4289.00;141
11617;88;629110258;11617;287;12308;12450;7.96;0.49;248.21;15.16;691;89;4290.00;142
11619;88;629110268;11619;291;12308;12450;7.91;0.48;248.19;15.16;689;89;4291.00;142
11620;88;629110278;11620;296;12312;12456;7.88;0.48;248.21;15.16;692;89;4292.00;144
11625;88;629110289;11625;303;12314;12457;7.78;0.47;248.23;15.15;689;89;4293.00;143
11627;88;629110301;11627;310;12314;12457;7.68;0.47;248.21;15.15;687;89;4294.00;143
11628;88;629110310;11628;316;12314;12457;7.60;0.46;248.21;15.15;686;89;4295.00;143
11633;88;629110320;11633;321;12317;12461;7.49;0.46;248.21;15.15;684;89;4296.00;144
11636;88;629110330;11636;312;12317;12461;7.45;0.45;248.18;15.15;681;89;4297.00;144
11636;88;629110340;11636;309;12317;12461;7.42;0.45;248.18;15.15;681;89;4298.00;144
11639;88;629110350;11639;309;12318;12462;7.41;0.45;248.14;15.15;679;89;4299.00;144
11642;88;629110362;11642;306;12321;12466;7.44;0.45;248.14;15.15;679;89;4300.00;145
11644;88;629110376;11644;306;12321;12466;7.46;0.46;248.13;15.15;677;89;4301.00;145
11647;88;629110385;11647;308;12323;12469;7.44;0.45;248.17;15.14;676;89;4302.00;146
11651;88;629110395;11651;307;12323;12469;7.43;0.45;248.13;15.14;672;89;4303.00;146
11651;88;629110405;11651;308;12324;12469;7.48;0.46;248.13;15.14;673;89;4304.00;145
11655;88;629110414;11655;312;12324;12469;7.50;0.46;248.14;15.14;669;89;4305.00;145
11658;88;629110424;11658;301;12327;12473;7.53;0.46;248.12;15.14;669;89;4306.00;146
11661;88;629110434;11661;289;12327;12473;7.61;0.46;248.16;15.14;666;89;4307.00;146
11665;88;629110445;11665;280;12328;12473;7.64;0.46;248.13;15.14;663;89;4308.00;145
11665;88;629110454;11665;271;12328;12473;7.75;0.47;248.13;15.14;663;89;4309.00;145
11665;88;629110464;11665;264;12328;12474;7.83;0.48;248.13;15.14;663;89;4310.00;146
11665;88;629110474;11665;255;12329;12475;7.94;0.48;248.13;15.14;664;89;4311.00;146
11670;88;629110484;11670;253;12329;12475;8.01;0.49;248.14;15.14;659;89;4312.00;146
11671;88;629110495;11671;245;12330;12476;8.15;0.50;248.15;15.14;659;89;4313.00;146
11673;88;629110504;11673;242;12330;12476;8.29;0.50;248.16;15.14;657;89;4314.00;146
11673;88;629110515;11673;238;12330;12476;8.41;0.51;248.16;15.14;657;89;4315.00;146
11675;88;629110530;11675;240;12330;12476;8.54;0.52;248.14;15.14;655;89;4316.00;146
11676;88;629110543;11676;235;12330;12476;8.69;0.53;248.12;15.14;654;89;4317.00;146
11677;88;629110556;11677;229;12330;12476;8.76;0.53;248.13;15.14;653;89;4318.00;146
11679;88;629110578;11679;230;12330;12476;8.77;0.53;248.12;15.14;651;89;4319.00;146
11680;88;629110595;11680;273;12440;12706;8.80;0.55;248.11;15.00;760;89;4320.00;266
11684;88;629110636;11684;260;12443;12707;8.86;0.55;248.06;15.00;759;89;4321.00;264
11684;88;629110649;11684;250;12453;12707;9.01;0.56;248.06;14.99;769;89;4322.00;254
11684;88;629110660;11684;233;12460;12707;9.13;0.57;248.06;14.98;776;89;4323.00;247
11685;88;629110672;11685;218;12467;12707;9.18;0.57;248.07;14.98;782;89;4324.00;240
11687;88;629110685;11687;206;12472;12707;9.24;0.57;248.11;14.97;785;89;4325.00;235
11689;88;629110699;11689;193;12477;12707;9.25;0.57;248.11;14.97;788;89;4326.00;230
11689;88;629110714;11689;187;12480;12707;9.26;0.57;248.11;14.97;791;89;4327.00;227
11689;88;629110736;11689;187;12485;12708;9.35;0.58;248.11;14.96;796;89;4328.00;223
11690;88;629110750;11690;186;12490;12709;9.38;0.58;248.10;14.96;800;89;4329.00;219
11690;88;629110766;11690;183;12494;12709;9.45;0.59;248.10;14.96;804;89;4330.00;215
11691;89;629110780;11691;178;12497;12710;9.53;0.59;248.09;14.96;806;90;4331.00;213
11692;90;629110812;11692;181;12499;12710;9.62;0.60;248.09;14.96;807;91;4332.00;211
11692;91;629110837;11692;186;12502;12710;9.68;0.60;248.09;14.96;810;92;4333.00;208
11693;91;629110856;11693;190;12503;12710;9.79;0.60;248.09;14.96;810;92;4334.00;207
11695;92;629110873;11695;196;12507;12714;9.83;0.61;248.09;14.95;812;93;4335.00;207
11695;93;629110900;11695;199;12509;12714;9.93;0.61;248.09;14.95;814;94;4336.00;205
11696;93;629110929;11696;199;12510;12714;10.00;0.62;248.08;14.95;814;94;4337.00;204
11697;93;629110950;11697;200;12512;12717;10.09;0.62;248.09;14.95;815;94;4338.00;205
11698;93;629110967;11698;198;12514;12717;10.15;0.62;248.08;14.95;816;94;4339.00;203
11698;93;629110991;11698;203;12516;12717;10.23;0.63;248.08;14.96;818;94;4340.00;201
11700;93;629111006;11700;203;12520;12721;10.23;0.63;248.06;14.95;820;94;4341.00;201
11702;93;629111018;11702;203;12522;12722;10.36;0.63;248.07;14.95;820;94;4342.00;200
11703;94;629111031;11703;200;12523;12722;10.43;0.64;248.07;14.95;820;95;4343.00;199
11708;94;629111050;11708;195;12526;12726;10.54;0.64;248.04;14.95;818;95;4344.00;200
11709;94;629111067;11709;192;12527;12726;10.62;0.65;248.06;15.10;818;95;4345.00;199
11714;94;629111091;11714;191;12528;12726;10.65;0.65;248.06;15.10;814;95;4346.00;198
11714;94;629111102;11714;189;12529;12727;10.73;0.66;248.06;15.10;815;95;4347.00;198
11719;94;629111114;11719;188;12531;12727;10.79;0.66;248.04;15.09;812;95;4348.00;196
11723;94;629111125;11723;184;12535;12733;10.84;0.66;247.99;15.24;812;95;4349.00;198
11726;94;629111139;11726;183;12535;12733;10.86;0.66;248.00;15.24;809;95;4350.00;198
11730;94;629111150;11730;176;12535;12734;10.85;0.66;248.01;15.24;805;95;4351.00;199
11736;94;629111162;11736;171;12535;12734;10.83;0.66;248.00;15.24;799;95;4352.00;199
11736;94;629111173;11736;170;12538;12734;10.81;0.66;248.00;15.38;802;95;4353.00;196
11742;94;629111184;11742;164;12540;12734;10.80;0.66;248.01;15.38;798;95;4354.00;194
11743;94;629111196;11743;160;12541;12734;10.87;0.66;248.01;15.38;798;95;4355.00;193
11746;94;629111207;11746;158;12553;12746;10.92;0.66;248.03;15.38;807;95;4356.00;193
11748;94;629111221;11748;153;12553;12746;10.96;0.67;248.03;15.38;805;95;4357.00;193
11753;94;629111233;11753;151;12553;12746;10.95;0.67;248.02;15.38;800;95;4358.00;193
11756;94;629111245;11756;146;12553;12746;11.01;0.67;248.02;15.38;797;95;4359.00;193
11759;94;629111256;11759;144;12554;12746;11.11;0.68;248.03;15.53;795;95;4360.00;192
11761;94;629111269;11761;147;12554;12746;11.19;0.68;248.04;15.53;793;95;4361.00;192
11765;94;629111280;11765;148;12557;12750;11.19;0.68;248.04;15.52;792;95;4362.00;193
11771;94;629111292;11771;146;12558;12750;11.28;0.68;248.06;15.67;787;95;4363.00;192
11775;94;629111304;11775;150;12560;12754;11.34;0.69;248.08;15.67;785;95;4364.00;194
11777;94;629111316;11777;153;12564;12756;11.36;0.69;248.13;15.66;787;95;4365.00;192
11778;94;629111328;11778;164;12566;12756;11.34;0.69;248.17;15.80;788;95;4366.00;190
11782;94;629111340;11782;169;12566;12756;11.29;0.68;248.18;15.80;784;95;4367.00;190
11783;94;629111358;11783;173;12575;12769;11.19;0.68;248.20;15.79;792;95;4368.00;194
11786;94;629111371;11786;173;12576;12769;11.08;0.67;248.19;15.79;790;95;4369.00;193
11790;94;629111383;11790;174;12577;12769;10.97;0.67;248.22;15.93;787;95;4370.00;192
11790;94;629111401;11790;179;12578;12770;10.98;0.67;248.22;15.93;788;95;4371.00;192
11792;94;629111413;11792;177;12579;12771;10.86;0.66;248.27;15.94;787;95;4372.00;192
11794;94;629111425;11794;178;12579;12771;10.81;0.66;248.28;15.94;785;95;4373.00;192
11796;94;629111437;11796;180;12583;12774;10.76;0.65;248.30;16.07;787;95;4374.00;191
11801;94;629111449;11801;186;12583;12774;10.60;0.64;248.29;16.07;782;95;4375.00;191
11801;94;629111461;11801;186;12585;12774;10.55;0.64;248.29;16.08;784;95;4376.00;189
11804;94;629111472;11804;201;12586;12774;10.47;0.64;248.31;16.09;782;95;4377.00;188
11806;94;629111484;11806;205;12591;12780;10.43;0.63;248.34;16.08;785;95;4378.00;189
11808;94;629111496;11808;208;12594;12780;10.36;0.63;248.33;16.11;786;95;4379.00;186
11810;94;629111509;11810;207;12595;12780;10.23;0.62;248.37;16.11;785;95;4380.00;185
11812;94;629111522;11812;216;12595;12780;10.21;0.62;248.40;16.11;783;95;4381.00;185
11814;94;629111533;11814;226;12600;12784;10.04;0.61;248.39;16.13;786;95;4382.00;184
11816;94;629111545;11816;228;12602;12785;9.96;0.60;248.39;16.13;786;95;4383.00;183
11818;94;629111557;11818;229;12606;12785;9.92;0.60;248.39;16.16;788;95;4384.00;179
11821;94;629111568;11821;235;12608;12786;9.92;0.60;248.40;16.16;787;95;4385.00;178
11825;94;629111580;11825;243;12610;12786;9.93;0.60;248.41;16.18;785;95;4386.00;176
11827;94;629111592;11827;246;12612;12786;9.96;0.61;248.41;16.20;785;95;4387.00;174
11830;94;629111604;11830;245;12613;12786;9.96;0.61;248.46;16.21;783;95;4388.00;173
11832;94;629111614;11832;252;12614;12786;9.98;0.61;248.44;16.21;782;95;4389.00;172
11835;94;629111625;11835;257;12616;12786;9.96;0.61;248.43;16.23;781;95;4390.00;170
11836;94;629111636;11836;261;12618;12786;9.86;0.60;248.42;16.24;782;95;4391.00;168
11837;94;629111647;11837;272;12656;12856;9.79;0.60;248.42;16.22;819;95;4392.00;200
11839;94;629111664;11839;275;12658;12857;9.65;0.59;248.41;16.22;819;95;4393.00;199
11843;94;629111675;11843;281;12667;12857;9.61;0.59;248.41;16.21;824;95;4394.00;190
11844;94;629111687;11844;285;12670;12857;9.50;0.58;248.40;16.24;826;95;4395.00;187
11847;94;629111698;11847;289;12677;12857;9.39;0.58;248.37;16.24;830;95;4396.00;180
11850;94;629111709;11850;294;12680;12857;9.29;0.57;248.36;16.26;830;95;4397.00;177
11851;94;629111720;11851;299;12685;12857;9.20;0.57;248.35;16.27;834;95;4398.00;172
11857;94;629111730;11857;295;12689;12857;9.09;0.56;248.35;16.27;832;95;4399.00;168
11861;94;629111742;11861;291;12693;12858;9.00;0.55;248.34;16.28;832;95;4400.00;165
11864;94;629111764;11864;287;12696;12859;8.94;0.55;248.38;16.29;832;95;4401.00;163
11869;94;629111775;11869;285;12696;12859;8.83;0.54;248.37;16.29;827;95;4402.00;163
11874;94;629111786;11874;288;12700;12863;8.67;0.53;248.41;16.30;826;95;4403.00;163
11874;94;629111798;11874;289;12702;12863;8.63;0.53;248.41;16.30;828;95;4404.00;161
11876;94;629111809;11876;291;12702;12863;8.58;0.53;248.40;16.30;826;95;4405.00;161
11881;94;629111826;11881;295;12705;12863;8.57;0.52;248.37;16.33;824;95;4406.00;158
11883;94;629111838;11883;297;12710;12869;8.66;0.53;248.35;16.33;827;95;4407.00;159
11886;94;629111849;11886;295;12710;12869;8.63;0.53;248.36;16.33;824;95;4408.00;159
11889;94;629111861;11889;296;12711;12869;8.59;0.53;248.37;16.34;822;95;4409.00;158
11893;94;629111873;11893;294;12716;12875;8.53;0.52;248.36;16.34;823;95;4410.00;159
11896;94;629111885;11896;300;12718;12875;8.48;0.52;248.36;16.36;822;95;4411.00;157
11903;94;629111896;11903;298;12718;12875;8.36;0.51;248.38;16.36;815;95;4412.00;157
11906;94;629111908;11906;300;12720;12876;8.22;0.50;248.37;16.36;814;95;4413.00;156
11913;94;629111918;11913;298;12723;12877;8.04;0.49;248.40;16.37;810;95;4414.00;154
11917;94;629111929;11917;303;12723;12877;7.86;0.48;248.39;16.37;806;95;4415.00;154
11919;94;629111939;11919;306;12733;12890;7.73;0.47;248.41;16.36;814;95;4416.00;157
11926;94;629111950;11926;305;12736;12890;7.58;0.46;248.41;16.38;810;95;4417.00;154
11929;94;629111960;11929;311;12736;12890;7.42;0.46;248.42;16.38;807;95;4418.00;154
11936;94;629111970;11936;313;12737;12891;7.25;0.44;248.41;16.38;801;95;4419.00;154
11943;94;629111980;11943;302;12739;12891;7.13;0.44;248.42;16.39;796;95;4420.00;152
11946;94;629111990;11946;305;12741;12895;7.08;0.43;248.45;16.39;795;95;4421.00;154
11951;94;629112000;11951;298;12744;12895;7.00;0.43;248.47;16.40;793;95;4422.00;151
11954;94;629112009;11954;295;12746;12899;7.07;0.43;248.45;16.40;792;95;4423.00;153
11957;94;629112020;11957;289;12749;12899;7.07;0.43;248.44;16.40;792;95;4424.00;150
11962;94;629112041;11962;292;12751;12899;7.08;0.43;248.54;16.41;789;95;4425.00;148
11965;94;629112050;11965;288;12752;12899;7.11;0.44;248.54;16.42;787;95;4426.00;147
11968;94;629112060;11968;285;12755;12899;7.19;0.44;248.58;16.42;787;95;4427.00;144
11970;94;629112070;11970;277;12767;12911;7.28;0.45;248.59;16.41;797;95;4428.00;144
11973;94;629112080;11973;271;12767;12911;7.27;0.45;248.60;16.41;794;95;4429.00;144
11977;94;629112091;11977;264;12767;12911;7.20;0.44;248.62;16.41;790;95;4430.00;144
11979;94;629112101;11979;266;12767;12911;7.19;0.44;248.63;16.41;788;95;4431.00;144
11982;94;629112110;11982;258;12767;12911;7.22;0.44;248.68;16.41;785;95;4432.00;144
11984;94;629112120;11984;248;12767;12911;7.26;0.45;248.65;16.41;783;95;4433.00;144
11987;94;629112129;11987;243;12767;12912;7.31;0.45;248.65;16.41;780;95;4434.00;145
11994;94;629112139;11994;239;12767;12912;7.33;0.45;248.71;16.41;773;95;4435.00;145
11995;94;629112154;11995;247;12772;12918;7.52;0.46;248.71;16.40;777;95;4436.00;146
12001;94;629112165;12001;248;12773;12919;7.62;0.47;248.70;16.40;772;95;4437.00;146
12004;94;629112175;12004;247;12773;12919;7.70;0.47;248.70;16.40;769;95;4438.00;146
12006;94;629112185;12006;251;12773;12919;7.78;0.48;248.73;16.40;767;95;4439.00;146
12010;94;629112196;12010;247;12777;12924;7.86;0.48;248.79;16.40;767;95;4440.00;147
12018;95;629112207;12018;253;12777;12924;7.83;0.48;248.80;16.40;759;96;4441.00;147
12022;95;629112235;12022;251;12777;12924;7.81;0.48;248.83;16.40;755;96;4442.00;147
12027;95;629112245;12027;247;12778;12925;7.82;0.48;248.88;16.39;751;96;4443.00;147
12029;95;629112256;12029;249;12781;12929;7.86;0.48;248.88;16.39;752;96;4444.00;148
12032;95;629112266;12032;244;12781;12929;7.83;0.48;248.93;16.39;749;96;4445.00;148
12035;95;629112275;12035;249;12783;12932;7.88;0.48;248.94;16.39;748;96;4446.00;149
12039;95;629112286;12039;254;12783;12932;7.90;0.48;248.92;16.39;744;96;4447.00;149
12043;95;629112295;12043;261;12784;12932;7.91;0.48;248.91;16.39;741;96;4448.00;148
12048;95;629112305;12048;274;12784;12932;7.86;0.48;248.98;16.39;736;96;4449.00;148
12053;95;629112314;12053;275;12787;12936;7.88;0.48;248.98;16.38;734;96;4450.00;149
12057;95;629112324;12057;275;12787;12936;7.85;0.48;248.97;16.38;730;96;4451.00;149
12064;95;629112334;12064;280;12788;12936;7.75;0.48;248.97;16.38;724;96;4452.00;148
12066;95;629112343;12066;282;12788;12936;7.69;0.47;248.98;16.38;722;96;4453.00;148
12068;95;629112352;12068;284;12788;12937;7.68;0.47;248.97;16.38;720;96;4454.00;149
12075;95;629112361;12075;294;12790;12939;7.63;0.47;248.89;16.38;715;96;4455.00;149
12077;95;629112371;12077;292;12790;12939;7.52;0.46;248.88;16.38;713;96;4456.00;149
12078;95;629112379;12078;294;12791;12940;7.54;0.46;248.87;16.38;713;96;4457.00;149
12083;95;629112388;12083;296;12791;12940;7.49;0.46;248.84;16.38;708;96;4458.00;149
12085;95;629112397;12085;306;12791;12940;7.43;0.46;248.81;16.38;706;96;4459.00;149
12091;95;629112405;12091;312;12791;12940;7.38;0.45;248.80;16.38;700;96;4460.00;149
12094;95;629112415;12094;310;12791;12940;7.34;0.45;248.80;16.38;697;96;4461.00;149
12099;95;629112423;12099;318;12791;12940;7.28;0.45;248.81;16.38;692;96;4462.00;149
12101;95;629112432;12101;322;12791;12940;7.29;0.45;248.78;16.38;690;96;4463.00;149
12107;95;629112441;12107;333;12860;13067;7.66;0.48;248.73;16.29;753;96;4464.00;207
12108;95;629112459;12108;330;12864;13068;7.60;0.47;248.74;16.29;756;96;4465.00;204
12109;95;629112469;12109;334;12873;13068;7.63;0.47;248.75;16.28;764;96;4466.00;195
12110;95;629112478;12110;325;12876;13068;7.62;0.47;248.73;16.27;766;96;4467.00;192
12113;95;629112487;12113;322;12880;13068;7.68;0.48;248.72;16.27;767;96;4468.00;188
12115;95;629112497;12115;318;12883;13068;7.74;0.48;248.70;16.27;768;96;4469.00;185
12116;95;629112532;12116;319;12887;13068;7.77;0.48;248.69;16.26;771;96;4470.00;181
12118;95;629112545;12118;317;12890;13068;7.74;0.48;248.71;16.26;772;96;4471.00;178
12119;95;629112569;12119;317;12893;13069;7.73;0.48;248.75;16.26;774;96;4472.00;176
12123;95;629112583;12123;319;12896;13070;7.65;0.47;248.78;16.40;773;96;4473.00;174
12124;95;629112599;12124;320;12900;13070;7.58;0.47;248.78;16.40;776;96;4474.00;170
12125;95;629112612;12125;313;12902;13071;7.57;0.47;248.80;16.40;777;96;4475.00;169
12127;95;629112624;12127;296;12905;13071;7.58;0.47;248.82;16.40;778;96;4476.00;166
12130;95;629112635;12130;278;12906;13071;7.64;0.47;248.84;16.40;776;96;4477.00;165
12130;95;629112647;12130;262;12908;13071;7.82;0.48;248.84;16.39;778;96;4478.00;163
12130;95;629112658;12130;245;12911;13075;8.06;0.50;248.84;16.39;781;96;4479.00;164
12130;95;629112671;12130;233;12912;13075;8.26;0.51;248.84;16.39;782;96;4480.00;163
12132;95;629112682;12132;219;12914;13075;8.48;0.52;248.83;16.39;782;96;4481.00;161
12136;95;629112700;12136;212;12916;13078;8.69;0.53;248.82;16.39;780;96;4482.00;162
12137;95;629112719;12137;200;12917;13078;8.89;0.55;248.84;16.39;780;96;4483.00;161
12139;95;629112741;12139;190;12918;13078;9.07;0.56;248.82;16.39;779;96;4484.00;160
12140;95;629112753;12140;185;12921;13082;9.21;0.56;248.82;16.38;781;96;4485.00;161
12141;95;629112765;12141;174;12923;13083;9.42;0.58;248.81;16.38;782;96;4486.00;160
12147;95;629112778;12147;169;12923;13083;9.59;0.59;248.75;16.38;776;96;4487.00;160
12150;95;629112790;12150;164;12926;13087;9.76;0.59;248.73;16.38;776;96;4488.00;161
12150;95;629112803;12150;156;12927;13087;9.94;0.61;248.73;16.52;777;96;4489.00;160
12153;95;629112815;12153;142;12927;13087;10.06;0.61;248.73;16.52;774;96;4490.00;160
12156;95;629112826;12156;139;12928;13088;10.20;0.62;248.70;16.52;772;96;4491.00;160
12158;95;629112845;12158;138;12928;13088;10.30;0.62;248.68;16.52;770;96;4492.00;160
12159;95;629112857;12159;132;12932;13094;10.39;0.63;248.69;16.51;773;96;4493.00;162
12161;95;629112869;12161;128;12932;13094;10.46;0.63;248.66;16.51;771;96;4494.00;162
12163;95;629112881;12163;129;12933;13095;10.57;0.64;248.66;16.51;770;96;4495.00;162
12165;95;629112893;12165;124;12933;13095;10.68;0.65;248.66;16.51;768;96;4496.00;162
12167;95;629112904;12167;122;12933;13095;10.81;0.66;248.66;16.51;766;96;4497.00;162
12169;95;629112915;12169;124;12933;13095;10.84;0.66;248.68;16.51;764;96;4498.00;162
12170;95;629112927;12170;121;12933;13095;10.87;0.66;248.67;16.51;763;96;4499.00;162
12173;95;629112941;12173;119;12956;13145;10.86;0.66;248.68;16.48;783;96;4500.00;189
12176;96;629112961;12176;116;12957;13147;10.85;0.66;248.68;16.48;781;97;4501.00;190
12178;96;629112984;12178;121;12960;13147;10.93;0.67;248.71;16.48;782;97;4502.00;187
12181;96;629112996;12181;116;12960;13147;11.01;0.67;248.69;16.48;779;97;4503.00;187
12182;96;629113007;12182;120;12962;13147;11.13;0.68;248.70;16.61;780;97;4504.00;185
12186;96;629113019;12186;125;12962;13147;11.22;0.68;248.73;16.61;776;97;4505.00;185
12187;96;629113030;12187;127;12967;13151;11.31;0.69;248.73;16.61;780;97;4506.00;184
12189;96;629113041;12189;130;12968;13151;11.37;0.69;248.71;16.61;779;97;4507.00;183
12192;96;629113053;12192;129;12971;13155;11.39;0.69;248.70;16.60;779;97;4508.00;184
12193;96;629113064;12193;138;12974;13156;11.47;0.70;248.72;16.60;781;97;4509.00;182
12199;96;629113075;12199;134;12974;13156;11.45;0.70;248.74;16.60;775;97;4510.00;182
12201;96;629113087;12201;133;12974;13156;11.49;0.70;248.76;16.60;773;97;4511.00;182
12205;96;629113099;12205;135;12981;13169;11.52;0.70;248.80;16.59;776;97;4512.00;188
12209;96;629113118;12209;139;12982;13169;11.47;0.70;248.81;16.59;773;97;4513.00;187
12213;96;629113130;12213;138;12982;13169;11.53;0.70;248.81;16.59;769;97;4514.00;187
12216;96;629113141;12216;137;12984;13170;11.57;0.71;248.81;16.59;768;97;4515.00;186
12224;96;629113152;12224;137;12984;13171;11.59;0.71;248.79;16.59;760;97;4516.00;187
12227;96;629113163;12227;139;12984;13171;11.60;0.71;248.79;16.59;757;97;4517.00;187
12230;96;629113174;12230;143;12987;13174;11.57;0.71;248.79;16.59;757;97;4518.00;187
12235;96;629113190;12235;134;12988;13174;11.58;0.71;248.82;16.73;753;97;4519.00;186
12239;96;629113202;12239;137;12988;13174;11.65;0.71;248.82;16.73;749;97;4520.00;186
12244;96;629113213;12244;135;12989;13174;11.62;0.71;248.83;16.73;745;97;4521.00;185
12248;96;629113224;12248;130;12992;13180;11.63;0.71;248.82;16.72;744;97;4522.00;188
12253;97;629113241;12253;129;12992;13180;11.71;0.71;248.87;16.72;739;98;4523.00;188
12257;97;629113264;12257;124;12993;13180;11.75;0.72;248.87;16.73;736;98;4524.00;187
12261;97;629113275;12261;123;12995;13180;11.74;0.71;248.91;16.75;734;98;4525.00;185
12262;97;629113292;12262;117;12998;13184;11.74;0.71;248.93;16.75;736;98;4526.00;186
12265;97;629113303;12265;115;13000;13185;11.79;0.72;248.91;16.75;735;98;4527.00;185
12268;97;629113313;12268;115;13000;13185;11.88;0.72;248.91;16.75;732;98;4528.00;185
12273;97;629113324;12273;117;13002;13186;11.93;0.72;248.93;16.75;729;98;4529.00;184
12275;97;629113337;12275;112;13002;13186;11.99;0.73;248.92;16.75;727;98;4530.00;184
12278;97;629113348;12278;114;13002;13186;12.06;0.73;248.94;16.75;724;98;4531.00;184
12284;97;629113359;12284;113;13002;13186;11.98;0.73;248.87;16.75;718;98;4532.00;184
12287;98;629113369;12287;116;13003;13186;11.98;0.73;248.86;16.75;716;99;4533.00;183
12290;98;629113400;12290;118;13003;13186;12.04;0.73;248.87;16.75;713;99;4534.00;183
12293;98;629113412;12293;123;13005;13186;12.00;0.73;248.86;16.75;712;99;4535.00;181
12297;98;629113428;12297;131;13040;13256;11.85;0.72;248.86;16.71;743;99;4536.00;216
12300;98;629113445;12300;131;13044;13257;11.74;0.71;248.84;16.70;744;99;4537.00;213
12301;98;629113456;12301;136;13049;13257;11.78;0.72;248.85;16.70;748;99;4538.00;208
12304;98;629113467;12304;138;13051;13257;11.72;0.71;248.84;16.70;747;99;4539.00;206
12308;98;629113484;12308;139;13054;13257;11.73;0.71;248.81;16.70;746;99;4540.00;203
12312;98;629113495;12312;141;13057;13257;11.75;0.71;248.83;16.70;745;99;4541.00;200
12314;98;629113506;12314;142;13062;13257;11.80;0.72;248.87;16.70;748;99;4542.00;195
12316;98;629113517;12316;147;13065;13257;11.78;0.71;248.87;16.70;749;99;4543.00;192
12317;98;629113529;12317;151;13065;13258;11.80;0.72;248.86;16.70;748;99;4544.00;193
12321;98;629113540;12321;149;13069;13260;11.71;0.71;248.84;16.70;748;99;4545.00;191
12323;98;629113559;12323;147;13069;13260;11.56;0.70;248.83;16.70;746;99;4546.00;191
12327;98;629113571;12327;156;13076;13264;11.39;0.69;248.85;16.69;749;99;4547.00;188
12329;98;629113584;12329;157;13078;13264;11.30;0.69;248.87;16.69;749;99;4548.00;186
12332;98;629113596;12332;158;13080;13264;11.22;0.68;248.86;16.69;748;99;4549.00;184
12332;98;629113607;12332;162;13085;13264;11.13;0.68;248.86;16.72;753;99;4550.00;179
12333;98;629113618;12333;163;13088;13270;11.12;0.68;248.85;16.71;755;99;4551.00;182
12334;98;629113630;12334;171;13089;13270;11.12;0.68;248.84;16.71;755;99;4552.00;181
12337;98;629113641;12337;176;13091;13270;11.12;0.68;248.90;16.74;754;99;4553.00;179
12339;98;629113652;12339;178;13094;13273;11.15;0.68;248.89;16.74;755;99;4554.00;179
12342;98;629113664;12342;187;13094;13273;11.13;0.68;248.91;16.74;752;99;4555.00;179
12345;98;629113675;12345;189;13097;13273;11.08;0.67;248.92;16.76;752;99;4556.00;176
12349;98;629113687;12349;197;13098;13274;11.01;0.67;248.90;16.78;749;99;4557.00;176
12355;98;629113698;12355;200;13101;13275;10.90;0.66;248.87;16.79;746;99;4558.00;174
12358;98;629113709;12358;204;13102;13275;10.75;0.65;248.88;16.80;744;99;4559.00;173
12359;98;629113721;12359;210;13120;13301;10.61;0.65;248.88;16.79;761;99;4560.00;181
12361;98;629113735;12361;216;13122;13301;10.59;0.65;248.90;16.79;761;99;4561.00;179
12364;98;629113745;12364;223;13127;13301;10.55;0.64;248.89;16.81;763;99;4562.00;174
12366;98;629113755;12366;226;13130;13302;10.50;0.64;248.90;16.82;764;99;4563.00;172
12367;98;629113766;12367;236;13132;13302;10.36;0.63;248.90;16.83;765;99;4564.00;170
12368;98;629113777;12368;243;13135;13306;10.25;0.62;248.89;16.83;767;99;4565.00;171
12369;98;629113787;12369;243;13137;13306;10.14;0.62;248.89;16.84;768;99;4566.00;169
12373;98;629113802;12373;255;13141;13310;9.93;0.61;248.85;16.85;768;99;4567.00;169
12374;98;629113812;12374;258;13143;13310;9.76;0.60;248.85;16.86;769;99;4568.00;167
12380;98;629113822;12380;251;13143;13310;9.63;0.59;248.84;16.86;763;99;4569.00;167
12382;98;629113832;12382;251;13146;13310;9.48;0.58;248.82;16.87;764;99;4570.00;164
12385;98;629113848;12385;254;13146;13310;9.34;0.57;248.81;16.87;761;99;4571.00;164
12388;98;629113857;12388;253;13159;13322;9.28;0.57;248.81;16.88;771;99;4572.00;163
12390;98;629113867;12390;260;13159;13322;9.14;0.56;248.79;16.88;769;99;4573.00;163
12392;98;629113876;12392;261;13159;13322;9.05;0.55;248.79;16.88;767;99;4574.00;163
12395;98;629113886;12395;259;13161;13322;8.84;0.54;248.79;16.89;766;99;4575.00;161
12398;98;629113896;12398;269;13161;13322;8.71;0.53;248.78;16.89;763;99;4576.00;161
12399;98;629113906;12399;268;13161;13322;8.59;0.52;248.78;16.89;762;99;4577.00;161
12401;98;629113915;12401;271;13164;13323;8.50;0.52;248.77;16.92;763;99;4578.00;159
12402;98;629113924;12402;273;13164;13323;8.44;0.52;248.78;16.92;762;99;4579.00;159
12404;98;629113939;12404;281;13170;13329;8.40;0.51;248.79;16.93;766;99;4580.00;159
12406;98;629113949;12406;280;13171;13330;8.38;0.51;248.79;16.92;765;99;4581.00;159
12410;98;629113958;12410;282;13173;13330;8.22;0.50;248.76;16.92;763;99;4582.00;157
12411;98;629113967;12411;290;13175;13330;8.09;0.49;248.77;16.94;764;99;4583.00;155
12414;98;629113976;12414;287;13178;13334;8.06;0.49;248.81;16.93;764;99;4584.00;156
12417;98;629113985;12417;290;13180;13334;7.87;0.48;248.81;16.95;763;99;4585.00;154
12421;98;629113994;12421;295;13180;13334;7.68;0.47;248.80;16.95;759;99;4586.00;154
12425;98;629114002;12425;293;13182;13335;7.52;0.46;248.81;16.95;757;99;4587.00;153
12428;98;629114011;12428;302;13186;13339;7.33;0.45;248.79;16.95;758;99;4588.00;153
12433;98;629114019;12433;308;13186;13339;7.14;0.44;248.79;16.95;753;99;4589.00;153
12436;98;629114029;12436;303;13190;13345;7.08;0.43;248.81;16.96;754;99;4590.00;155
12440;98;629114038;12440;297;13190;13345;6.91;0.42;248.80;16.96;750;99;4591.00;155
12444;98;629114046;12444;297;13192;13345;6.88;0.42;248.77;16.96;748;99;4592.00;153
12448;98;629114055;12448;297;13193;13345;6.82;0.41;248.77;16.97;745;99;4593.00;152
12452;98;629114063;12452;295;13197;13349;6.78;0.41;248.73;16.97;745;99;4594.00;152
12453;98;629114072;12453;294;13197;13349;6.79;0.41;248.72;16.97;744;99;4595.00;152
12455;98;629114081;12455;293;13199;13349;6.81;0.42;248.70;16.98;744;99;4596.00;150
12458;98;629114090;12458;289;13200;13349;6.83;0.42;248.71;16.98;742;99;4597.00;149
12461;98;629114099;12461;285;13201;13350;6.88;0.42;248.74;16.98;740;99;4598.00;149
12463;98;629114108;12463;281;13203;13351;6.91;0.42;248.75;16.98;740;99;4599.00;148
12466;98;629114118;12466;286;13204;13351;6.88;0.42;248.83;16.98;738;99;4600.00;147
12468;98;629114130;12468;286;13206;13352;6.91;0.42;248.80;16.99;738;99;4601.00;146
12473;98;629114140;12473;288;13206;13352;6.90;0.42;248.80;16.99;733;99;4602.00;146
12475;98;629114148;12475;290;13206;13352;6.88;0.42;248.79;16.99;731;99;4603.00;146
12477;98;629114156;12477;294;13206;13352;6.85;0.42;248.80;16.99;729;99;4604.00;146
12482;98;629114165;12482;296;13206;13352;6.79;0.42;248.78;16.99;724;99;4605.00;146
12484;98;629114173;12484;298;13206;13352;6.84;0.42;248.78;16.99;722;99;4606.00;146
12487;98;629114182;12487;296;13206;13352;6.85;0.42;248.76;16.99;719;99;4607.00;146
12492;98;629114191;12492;299;13272;13479;7.39;0.46;248.76;16.90;780;99;4608.00;207
12495;98;629114209;12495;301;13276;13480;7.44;0.46;248.76;16.90;781;99;4609.00;204
12497;98;629114219;12497;298;13284;13480;7.49;0.47;248.76;16.89;787;99;4610.00;196
12501;98;629114228;12501;298;13287;13480;7.51;0.47;248.75;16.89;786;99;4611.00;193
12506;98;629114238;12506;295;13293;13480;7.52;0.47;248.74;16.88;787;99;4612.00;187
12508;98;629114248;12508;298;13295;13480;7.48;0.46;248.75;16.88;787;99;4613.00;185
12511;98;629114258;12511;298;13300;13480;7.47;0.46;248.77;16.87;789;99;4614.00;180
12517;98;629114268;12517;299;13302;13480;7.42;0.46;248.74;16.87;785;99;4615.00;178
12518;98;629114278;12518;301;13306;13481;7.43;0.46;248.75;16.87;788;99;4616.00;175
12521;98;629114287;12521;298;13308;13482;7.38;0.45;248.76;16.87;787;99;4617.00;174
12523;98;629114297;12523;304;13312;13482;7.37;0.45;248.77;16.87;789;99;4618.00;170
12528;98;629114306;12528;310;13314;13483;7.28;0.45;248.83;16.87;786;99;4619.00;169
12530;98;629114317;12530;313;13318;13483;7.25;0.45;248.82;16.86;788;99;4620.00;165
12533;98;629114327;12533;319;13320;13483;7.23;0.45;248.81;16.86;787;99;4621.00;163
12539;98;629114337;12539;317;13322;13483;7.23;0.45;248.78;16.86;783;99;4622.00;161
12540;98;629114347;12540;328;13325;13487;7.25;0.45;248.78;16.86;785;99;4623.00;162
12542;98;629114358;12542;332;13326;13487;7.27;0.45;248.76;16.86;784;99;4624.00;161
12546;98;629114374;12546;332;13327;13487;7.25;0.45;248.82;16.86;781;99;4625.00;160
12549;98;629114384;12549;336;13330;13490;7.23;0.44;248.79;16.86;781;99;4626.00;160
12553;98;629114402;12553;321;13331;13490;7.26;0.45;248.79;16.86;778;99;4627.00;159
12553;98;629114414;12553;311;13332;13490;7.35;0.45;248.79;16.86;779;99;4628.00;158
12555;98;629114424;12555;306;13336;13494;7.46;0.46;248.78;16.85;781;99;4629.00;158
12557;98;629114435;12557;303;13337;13495;7.55;0.47;248.76;16.85;780;99;4630.00;158
12560;98;629114447;12560;304;13337;13495;7.59;0.47;248.72;16.85;777;99;4631.00;158
12566;98;629114458;12566;302;13340;13499;7.63;0.47;248.72;16.85;774;99;4632.00;159
12566;98;629114476;12566;303;13340;13499;7.72;0.48;248.72;16.85;774;99;4633.00;159
12569;98;629114487;12569;299;13340;13499;7.74;0.48;248.71;16.85;771;99;4634.00;159
12572;98;629114497;12572;291;13342;13501;7.80;0.48;248.70;16.84;770;99;4635.00;159
12573;98;629114509;12573;288;13342;13501;7.94;0.49;248.69;16.84;769;99;4636.00;159
12575;98;629114520;12575;269;13346;13507;8.04;0.49;248.67;16.84;771;99;4637.00;161
12578;98;629114537;12578;259;13347;13507;8.19;0.50;248.62;16.84;769;99;4638.00;160
12583;98;629114552;12583;253;13347;13508;8.26;0.50;248.65;16.84;764;99;4639.00;161
12586;98;629114568;12586;239;13347;13508;8.33;0.51;248.64;16.84;761;99;4640.00;161
12588;98;629114584;12588;234;13347;13508;8.45;0.52;248.65;16.84;759;99;4641.00;161
12591;98;629114600;12591;228;13347;13508;8.57;0.52;248.70;16.84;756;99;4642.00;161
12593;98;629114614;12593;223;13347;13508;8.66;0.53;248.70;16.84;754;99;4643.00;161
12595;98;629114628;12595;226;13357;13520;8.88;0.54;248.70;16.82;762;99;4644.00;163
12596;98;629114640;12596;220;13358;13520;9.06;0.55;248.72;16.82;762;99;4645.00;162
12602;98;629114653;12602;206;13358;13520;9.19;0.56;248.73;16.82;756;99;4646.00;162
12606;98;629114666;12606;191;13358;13520;9.38;0.57;248.79;16.82;752;99;4647.00;162
12610;98;629114678;12610;174;13358;13520;9.47;0.58;248.86;16.82;748;99;4648.00;162
12613;98;629114690;12613;168;13358;13520;9.65;0.59;248.87;16.82;745;99;4649.00;162
12615;98;629114704;12615;163;13363;13526;9.76;0.59;248.86;16.82;748;99;4650.00;163
12617;98;629114717;12617;154;13363;13526;9.89;0.60;248.89;16.82;746;99;4651.00;163
12620;98;629114729;12620;150;13367;13530;9.99;0.61;248.89;16.81;747;99;4652.00;163
12624;98;629114742;12624;149;13368;13531;10.14;0.61;248.91;16.81;744;99;4653.00;163
12625;98;629114754;12625;146;13368;13531;10.25;0.62;248.92;16.81;743;99;4654.00;163
12628;98;629114766;12628;144;13368;13531;10.35;0.63;248.95;16.81;740;99;4655.00;163
12632;98;629114783;12632;141;13379;13544;10.43;0.63;248.99;16.80;747;99;4656.00;165
12634;98;629114796;12634;137;13379;13544;10.49;0.64;248.97;16.80;745;99;4657.00;165
12637;98;629114808;12637;142;13379;13544;10.61;0.64;249.00;16.80;742;99;4658.00;165
12643;98;629114820;12643;136;13380;13545;10.75;0.65;248.99;16.80;737;99;4659.00;165
12646;99;629114832;12646;134;13380;13546;10.86;0.66;248.98;16.80;734;100;4660.00;166
12650;99;629114861;12650;136;13380;13546;10.99;0.67;248.98;16.80;730;100;4661.00;166
12653;99;629114872;12653;136;13382;13549;11.11;0.68;248.98;16.79;729;100;4662.00;167
12657;99;629114884;12657;137;13382;13549;11.17;0.68;248.97;16.79;725;100;4663.00;167
12660;99;629114897;12660;133;13383;13549;11.21;0.68;249.01;16.79;723;100;4664.00;166
12662;99;629114908;12662;131;13383;13549;11.35;0.69;249.01;16.79;721;100;4665.00;166
12664;99;629114921;12664;127;13387;13555;11.44;0.69;249.01;16.79;723;100;4666.00;168
12666;100;629114933;12666;127;13388;13555;11.50;0.70;249.03;16.79;722;101;4667.00;167
12668;100;629114956;12668;127;13388;13555;11.60;0.70;249.03;16.79;720;101;4668.00;167
12672;100;629114971;12672;123;13388;13555;11.61;0.70;249.08;16.79;716;101;4669.00;167
12675;100;629114983;12675;126;13391;13559;11.59;0.70;249.08;16.78;716;101;4670.00;168
12681;100;629114994;12681;129;13392;13560;11.63;0.70;249.09;16.78;711;101;4671.00;168
12683;101;629115007;12683;129;13392;13560;11.72;0.71;249.12;16.78;709;102;4672.00;168
12685;101;629115028;12685;130;13393;13561;11.86;0.72;249.14;16.78;708;102;4673.00;168
12686;101;629115040;12686;128;13393;13561;11.97;0.72;249.15;16.78;707;102;4674.00;168
12687;101;629115051;12687;130;13393;13561;12.03;0.73;249.16;16.78;706;102;4675.00;168
12689;101;629115068;12689;127;13393;13561;12.09;0.73;249.16;16.78;704;102;4676.00;168
12692;101;629115079;12692;128;13393;13561;12.14;0.74;249.16;16.78;701;102;4677.00;168
12696;101;629115091;12696;127;13393;13561;12.16;0.74;249.22;16.78;697;102;4678.00;168
12697;101;629115102;12697;129;13393;13561;12.19;0.74;249.24;16.78;696;102;4679.00;168
12700;101;629115115;12700;151;13455;13686;11.78;0.72;249.24;16.70;755;102;4680.00;231
12702;101;629115135;12702;144;13456;13687;11.78;0.72;249.27;16.70;754;102;4681.00;231
12706;101;629115147;12706;132;13463;13687;11.89;0.73;249.28;16.69;757;102;4682.00;224
12710;101;629115158;12710;126;13469;13687;11.91;0.73;249.31;16.69;759;102;4683.00;218
12712;101;629115170;12712;127;13473;13687;12.00;0.73;249.29;16.68;761;102;4684.00;214
12715;101;629115181;12715;128;13478;13687;12.00;0.74;249.30;16.82;763;102;4685.00;209
12719;101;629115195;12719;133;13483;13687;11.98;0.73;249.32;16.82;764;102;4686.00;204
12721;101;629115212;12721;142;13484;13687;12.04;0.74;249.34;16.82;763;102;4687.00;203
12726;101;629115230;12726;147;13488;13688;12.07;0.74;249.33;16.82;762;102;4688.00;200
12733;101;629115242;12733;149;13490;13689;12.05;0.74;249.36;16.82;757;102;4689.00;199
12738;101;629115255;12738;139;13492;13689;12.14;0.74;249.36;16.81;754;102;4690.00;197
12742;101;629115266;12742;143;13496;13693;12.06;0.74;249.37;16.81;754;102;4691.00;197
12747;102;629115284;12747;141;13497;13693;12.00;0.73;249.36;16.81;750;103;4692.00;196
12751;102;629115307;12751;137;13498;13693;11.89;0.72;249.38;16.81;747;103;4693.00;195
12755;102;629115319;12755;141;13498;13693;11.84;0.72;249.36;16.81;743;103;4694.00;195
12757;102;629115335;12757;142;13502;13699;11.77;0.72;249.35;16.82;745;103;4695.00;197
12764;102;629115349;12764;136;13503;13699;11.74;0.71;249.40;16.82;739;103;4696.00;196
12766;102;629115361;12766;134;13503;13699;11.70;0.71;249.43;16.82;737;103;4697.00;196
12769;102;629115378;12769;128;13505;13702;11.73;0.71;249.44;16.82;736;103;4698.00;197
12772;102;629115390;12772;125;13507;13702;11.70;0.71;249.41;16.81;735;103;4699.00;195
12773;102;629115403;12773;124;13507;13702;11.67;0.71;249.42;16.81;734;103;4700.00;195
12777;102;629115419;12777;119;13507;13703;11.66;0.71;249.48;16.81;730;103;4701.00;196
12778;102;629115431;12778;114;13509;13704;11.64;0.71;249.47;16.96;731;103;4702.00;195
12784;102;629115442;12784;113;13509;13704;11.57;0.70;249.47;16.96;725;103;4703.00;195
12788;102;629115453;12788;116;13518;13717;11.49;0.70;249.49;16.95;730;103;4704.00;199
12792;102;629115465;12792;120;13518;13717;11.44;0.70;249.47;16.95;726;103;4705.00;199
12794;102;629115477;12794;122;13518;13717;11.40;0.69;249.50;16.95;724;103;4706.00;199
12798;102;629115488;12798;121;13520;13718;11.40;0.69;249.51;16.94;722;103;4707.00;198
12803;102;629115504;12803;131;13520;13718;11.38;0.69;249.51;16.94;717;103;4708.00;198
12806;102;629115515;12806;132;13523;13722;11.42;0.69;249.56;16.94;717;103;4709.00;199
12809;102;629115529;12809;135;13526;13722;11.43;0.69;249.55;16.94;717;103;4710.00;196
12810;102;629115545;12810;135;13529;13726;11.36;0.69;249.55;16.94;719;103;4711.00;197
12814;102;629115556;12814;139;13530;13726;11.20;0.68;249.58;16.94;716;103;4712.00;196
12815;102;629115568;12815;143;13530;13726;11.11;0.68;249.57;16.94;715;103;4713.00;196
12819;102;629115584;12819;147;13531;13726;11.06;0.67;249.57;16.94;712;103;4714.00;195
12820;102;629115595;12820;150;13531;13726;10.99;0.67;249.56;16.94;711;103;4715.00;195
12823;102;629115606;12823;158;13542;13738;11.02;0.67;249.54;16.93;719;103;4716.00;196
12824;102;629115618;12824;165;13545;13738;10.97;0.67;249.54;16.95;721;103;4717.00;193
12826;102;629115629;12826;172;13546;13738;10.96;0.67;249.53;16.95;720;103;4718.00;192
12831;102;629115640;12831;183;13546;13738;10.90;0.66;249.49;16.95;715;103;4719.00;192
12831;102;629115650;12831;191;13548;13738;10.84;0.66;249.49;16.96;717;103;4720.00;190
12835;102;629115661;12835;190;13549;13738;10.73;0.65;249.48;16.98;714;103;4721.00;189
12837;102;629115672;12837;196;13549;13739;10.66;0.65;249.53;16.98;712;103;4722.00;190
12842;102;629115682;12842;201;13551;13739;10.59;0.65;249.50;17.00;709;103;4723.00;188
12844;102;629115692;12844;201;13555;13745;10.52;0.64;249.51;16.99;711;103;4724.00;190
12848;102;629115703;12848;202;13557;13747;10.48;0.64;249.51;16.99;709;103;4725.00;190
12850;102;629115713;12850;209;13560;13747;10.43;0.64;249.50;17.01;710;103;4726.00;187
12852;102;629115723;12852;214;13560;13747;10.42;0.64;249.49;17.01;708;103;4727.00;187
12857;102;629115733;12857;221;13565;13751;10.42;0.64;249.50;17.03;708;103;4728.00;186
12858;102;629115744;12858;226;13565;13751;10.32;0.63;249.48;17.03;707;103;4729.00;186
12859;102;629115753;12859;232;13566;13751;10.23;0.62;249.48;17.04;707;103;4730.00;185
12861;102;629115763;12861;231;13568;13752;10.18;0.62;249.50;17.05;707;103;4731.00;184
12863;102;629115772;12863;235;13572;13756;10.08;0.61;249.48;17.06;709;103;4732.00;184
12867;102;629115781;12867;239;13573;13756;9.95;0.61;249.46;17.06;706;103;4733.00;183
12870;102;629115791;12870;239;13576;13759;9.91;0.60;249.49;17.07;706;103;4734.00;183
12871;102;629115801;12871;242;13578;13759;9.74;0.59;249.48;17.09;707;103;4735.00;181
12877;102;629115810;12877;249;13579;13759;9.59;0.58;249.51;17.09;702;103;4736.00;180
12878;102;629115819;12878;262;13581;13759;9.47;0.58;249.50;17.10;703;103;4737.00;178
12881;102;629115828;12881;266;13584;13763;9.39;0.57;249.48;17.10;703;103;4738.00;179
12882;102;629115837;12882;262;13585;13763;9.24;0.56;249.50;17.10;703;103;4739.00;178
12883;102;629115848;12883;262;13587;13763;9.11;0.56;249.51;17.11;704;103;4740.00;176
12884;102;629115857;12884;258;13587;13763;9.01;0.55;249.51;17.11;703;103;4741.00;176
12886;102;629115866;12886;256;13589;13764;8.86;0.54;249.49;17.13;703;103;4742.00;175
12890;102;629115880;12890;260;13590;13765;8.75;0.54;249.45;17.12;700;103;4743.00;175
12893;102;629115889;12893;259;13592;13765;8.59;0.53;249.43;17.14;699;103;4744.00;173
12894;102;629115898;12894;258;13593;13766;8.57;0.53;249.42;17.14;699;103;4745.00;173
12895;102;629115907;12895;259;13594;13766;8.49;0.52;249.41;17.14;699;103;4746.00;172
12895;102;629115916;12895;258;13595;13766;8.43;0.52;249.41;17.15;700;103;4747.00;171
12897;102;629115924;12897;259;13595;13766;8.38;0.52;249.39;17.15;698;103;4748.00;171
12899;102;629115932;12899;261;13597;13766;8.28;0.51;249.37;17.17;698;103;4749.00;169
12900;102;629115941;12900;267;13598;13766;8.28;0.51;249.35;17.17;698;103;4750.00;168
12903;102;629115949;12903;270;13599;13766;8.23;0.51;249.32;17.18;696;103;4751.00;167
12908;102;629115957;12908;288;13665;13893;8.38;0.52;249.31;17.10;757;103;4752.00;228
12913;102;629115976;12913;284;13670;13894;8.29;0.52;249.30;17.10;757;103;4753.00;224
12915;102;629115985;12915;277;13678;13894;8.28;0.52;249.28;17.09;763;103;4754.00;216
12920;102;629115993;12920;281;13685;13894;8.13;0.51;249.27;17.10;765;103;4755.00;209
12924;102;629116003;12924;284;13692;13894;7.99;0.50;249.24;17.09;768;103;4756.00;202
12927;102;629116012;12927;283;13697;13894;7.87;0.49;249.28;17.09;770;103;4757.00;197
12931;102;629116021;12931;291;13706;13894;7.68;0.48;249.26;17.09;775;103;4758.00;188
12935;102;629116030;12935;293;13708;13894;7.53;0.47;249.24;17.09;773;103;4759.00;186
12942;102;629116038;12942;289;13712;13895;7.41;0.46;249.21;17.10;770;103;4760.00;183
12944;102;629116053;12944;287;13715;13896;7.37;0.46;249.20;17.10;771;103;4761.00;181
12944;102;629116062;12944;283;13718;13896;7.34;0.46;249.20;17.10;774;103;4762.00;178
12947;102;629116070;12947;283;13720;13897;7.24;0.45;249.19;17.10;773;103;4763.00;177
12950;102;629116079;12950;288;13722;13897;7.11;0.44;249.18;17.10;772;103;4764.00;175
12952;102;629116088;12952;300;13724;13897;7.02;0.44;249.21;17.11;772;103;4765.00;173
12955;102;629116098;12955;305;13726;13897;6.96;0.43;249.23;17.11;771;103;4766.00;171
12958;102;629116107;12958;307;13728;13901;6.86;0.42;249.22;17.11;770;103;4767.00;173
12960;102;629116116;12960;303;13730;13901;6.80;0.42;249.25;17.11;770;103;4768.00;171
12964;102;629116125;12964;301;13731;13901;6.80;0.42;249.25;17.11;767;103;4769.00;170
12969;102;629116135;12969;298;13735;13907;6.80;0.42;249.22;17.10;766;103;4770.00;172
12970;102;629116145;12970;300;13736;13907;6.80;0.42;249.23;17.10;766;103;4771.00;171
12971;102;629116154;12971;309;13737;13907;6.75;0.41;249.25;17.10;766;103;4772.00;170
12974;102;629116163;12974;311;13740;13911;6.70;0.41;249.27;17.10;766;103;4773.00;171
12975;102;629116172;12975;312;13742;13912;6.74;0.41;249.28;17.10;767;103;4774.00;170
12981;102;629116181;12981;317;13742;13912;6.74;0.41;249.28;17.10;761;103;4775.00;170
12985;102;629116191;12985;317;13746;13916;6.77;0.42;249.30;17.09;761;103;4776.00;170
12987;102;629116200;12987;320;13746;13916;6.83;0.42;249.30;17.09;759;103;4777.00;170
12992;102;629116209;12992;319;13747;13916;6.89;0.42;249.28;17.09;755;103;4778.00;169
12996;102;629116218;12996;309;13748;13917;6.92;0.42;249.26;17.09;752;103;4779.00;169
12998;102;629116228;12998;302;13748;13917;6.99;0.43;249.24;17.09;750;103;4780.00;169
13000;102;629116236;13000;291;13752;13923;7.10;0.43;249.24;17.08;752;103;4781.00;171
13007;102;629116246;13007;282;13752;13923;7.12;0.43;249.22;17.08;745;103;4782.00;171
13007;102;629116263;13007;276;13753;13924;7.25;0.44;249.22;17.08;746;103;4783.00;171
13009;102;629116278;13009;269;13753;13924;7.43;0.45;249.21;17.08;744;103;4784.00;171
13011;102;629116288;13011;262;13753;13924;7.57;0.46;249.19;17.08;742;103;4785.00;171
13011;102;629116308;13011;261;13753;13924;7.70;0.47;249.19;17.08;742;103;4786.00;171
13014;102;629116319;13014;259;13753;13924;7.76;0.47;249.20;17.08;739;103;4787.00;171
13017;102;629116329;13017;257;13763;13936;7.87;0.48;249.20;17.07;746;103;4788.00;173
13021;102;629116346;13021;255;13763;13936;7.93;0.48;249.23;17.07;742;103;4789.00;173
13023;102;629116357;13023;252;13764;13936;7.97;0.48;249.24;17.07;741;103;4790.00;172
13027;102;629116367;13027;250;13764;13936;8.01;0.49;249.21;17.07;737;103;4791.00;172
13028;102;629116377;13028;248;13764;13936;8.11;0.49;249.22;17.07;736;103;4792.00;172
13030;102;629116394;13030;254;13764;13936;8.21;0.50;249.23;17.07;734;103;4793.00;172
13032;102;629116404;13032;255;13767;13940;8.35;0.51;249.22;17.07;735;103;4794.00;173
13035;102;629116415;13035;249;13767;13940;8.41;0.51;249.24;17.07;732;103;4795.00;173
13036;102;629116426;13036;257;13771;13944;8.53;0.52;249.24;17.21;735;103;4796.00;173
13038;102;629116438;13038;254;13772;13945;8.55;0.52;249.22;17.20;734;103;4797.00;173
13041;102;629116448;13041;258;13773;13945;8.53;0.52;249.25;17.20;732;103;4798.00;172
13042;102;629116459;13042;252;13773;13945;8.58;0.52;249.25;17.20;731;103;4799.00;172
13046;102;629116472;13046;256;13795;13986;8.58;0.52;249.27;17.18;749;103;4800.00;191
13049;102;629116490;13049;254;13796;13986;8.51;0.52;249.24;17.18;747;103;4801.00;190
13052;102;629116501;13052;251;13798;13986;8.51;0.52;249.24;17.17;746;103;4802.00;188
13053;102;629116511;13053;249;13800;13987;8.62;0.53;249.23;17.17;747;103;4803.00;187
13054;102;629116522;13054;253;13800;13988;8.64;0.53;249.24;17.17;746;103;4804.00;188
13059;102;629116538;13059;254;13801;13988;8.58;0.52;249.26;17.17;742;103;4805.00;187
13062;102;629116552;13062;253;13804;13991;8.57;0.52;249.26;17.17;742;103;4806.00;187
13066;102;629116567;13066;243;13806;13991;8.61;0.52;249.25;17.17;740;103;4807.00;185
13071;102;629116583;13071;235;13806;13991;8.62;0.53;249.30;17.17;735;103;4808.00;185
13073;102;629116597;13073;227;13807;13991;8.70;0.53;249.32;17.16;734;103;4809.00;184
13074;102;629116611;13074;226;13812;13997;8.77;0.53;249.33;17.16;738;103;4810.00;185
13079;102;629116624;13079;227;13813;13997;8.73;0.53;249.41;17.16;734;103;4811.00;184
13087;102;629116637;13087;227;13814;13997;8.77;0.53;249.50;17.16;727;103;4812.00;183
13088;102;629116650;13088;227;13814;13997;8.95;0.55;249.50;17.16;726;103;4813.00;183
13093;102;629116662;13093;225;13817;14001;9.01;0.55;249.57;17.15;724;103;4814.00;184
13098;102;629116674;13098;221;13819;14003;9.12;0.55;249.59;17.15;721;103;4815.00;184
13102;102;629116686;13102;204;13819;14003;9.28;0.56;249.54;17.15;717;103;4816.00;184
13106;102;629116697;13106;190;13821;14004;9.43;0.57;249.52;17.15;715;103;4817.00;183
13107;102;629116709;13107;174;13821;14004;9.62;0.58;249.52;17.15;714;103;4818.00;183
13111;102;629116720;13111;166;13821;14004;9.80;0.59;249.53;17.15;710;103;4819.00;183
13113;102;629116732;13113;161;13821;14004;9.95;0.60;249.54;17.15;708;103;4820.00;183
13116;102;629116743;13116;157;13821;14004;10.12;0.61;249.55;17.15;705;103;4821.00;183
13119;102;629116755;13119;145;13821;14004;10.34;0.63;249.56;17.15;702;103;4822.00;183
13123;103;629116766;13123;138;13822;14004;10.47;0.63;249.57;17.15;699;104;4823.00;182
13124;103;629116790;13124;148;13864;14074;10.44;0.63;249.56;17.10;740;104;4824.00;210
13126;104;629116807;13126;135;13864;14075;10.63;0.64;249.59;17.10;738;105;4825.00;211
13129;104;629116825;13129;126;13868;14075;10.89;0.66;249.61;17.09;739;105;4826.00;207
13130;104;629116842;13130;122;13869;14075;11.04;0.67;249.59;17.09;739;105;4827.00;206
13133;104;629116859;13133;120;13872;14077;11.11;0.67;249.63;17.09;739;105;4828.00;205
13138;104;629116877;13138;120;13874;14077;11.19;0.68;249.65;17.09;736;105;4829.00;203
13139;104;629116891;13139;112;13876;14077;11.31;0.69;249.66;17.09;737;105;4830.00;201
13144;104;629116906;13144;115;13878;14077;11.37;0.69;249.66;17.09;734;105;4831.00;199
13146;104;629116918;13146;118;13879;14078;11.46;0.70;249.70;17.09;733;105;4832.00;199
13149;104;629116930;13149;127;13882;14079;11.53;0.70;249.68;17.08;733;105;4833.00;197
13152;104;629116948;13152;131;13883;14079;11.58;0.70;249.72;17.08;731;105;4834.00;196
13155;104;629116960;13155;136;13891;14083;11.52;0.70;249.73;17.08;736;105;4835.00;192
13156;104;629116973;13156;139;13893;14083;11.58;0.70;249.73;17.08;737;105;4836.00;190
13160;104;629116984;13160;139;13895;14083;11.59;0.71;249.76;17.08;735;105;4837.00;188
13162;104;629116996;13162;139;13896;14083;11.64;0.71;249.79;17.08;734;105;4838.00;187
13165;104;629117007;13165;141;13901;14089;11.63;0.71;249.78;17.07;736;105;4839.00;188
13167;105;629117019;13167;144;13902;14089;11.70;0.71;249.80;17.07;735;106;4840.00;187
13172;105;629117040;13172;144;13902;14089;11.73;0.71;249.84;17.07;730;106;4841.00;187
13173;106;629117058;13173;147;13905;14092;11.80;0.72;249.85;17.07;732;107;4842.00;187
13174;106;629117080;13174;146;13905;14092;11.86;0.72;249.88;17.07;731;107;4843.00;187
13177;106;629117092;13177;149;13905;14092;11.93;0.73;249.93;17.07;728;107;4844.00;187
13182;106;629117104;13182;149;13905;14093;11.95;0.73;249.90;17.07;723;107;4845.00;188
13184;106;629117122;13184;151;13906;14094;11.93;0.73;249.90;17.07;722;107;4846.00;188
13188;106;629117133;13188;152;13906;14094;11.94;0.73;249.91;17.07;718;107;4847.00;188
13189;106;629117144;13189;156;13916;14107;11.94;0.73;249.92;17.05;727;107;4848.00;191
13193;106;629117161;13193;153;13917;14107;11.88;0.72;249.93;17.19;724;107;4849.00;190
13197;106;629117172;13197;149;13918;14107;11.87;0.72;249.94;17.19;721;107;4850.00;189
13200;106;629117184;13200;150;13919;14108;11.87;0.72;249.94;17.19;719;107;4851.00;189
13205;106;629117194;13205;151;13919;14108;11.84;0.72;249.94;17.19;714;107;4852.00;189
13210;106;629117205;13210;154;13922;14112;11.80;0.72;249.93;17.19;712;107;4853.00;190
13214;106;629117216;13214;155;13922;14112;11.87;0.72;249.93;17.19;708;107;4854.00;190
13217;106;629117227;13217;154;13926;14116;11.78;0.71;249.98;17.18;709;107;4855.00;190
13218;106;629117238;13218;153;13926;14116;11.77;0.71;249.97;17.18;708;107;4856.00;190
13222;106;629117248;13222;155;13926;14116;11.75;0.71;250.00;17.18;704;107;4857.00;190
13223;106;629117258;13223;161;13926;14116;11.65;0.70;250.00;17.18;703;107;4858.00;190
13227;106;629117268;13227;158;13926;14116;11.61;0.70;250.01;17.18;699;107;4859.00;190
13232;106;629117280;13232;157;13946;14150;11.52;0.70;250.03;17.16;714;107;4860.00;204
13233;106;629117293;13233;148;13946;14150;11.51;0.70;250.02;17.16;713;107;4861.00;204
13236;106;629117303;13236;139;13947;14150;11.53;0.70;250.01;17.16;711;107;4862.00;203
13240;106;629117313;13240;136;13948;14150;11.64;0.71;249.99;17.16;708;107;4863.00;202
13242;106;629117323;13242;133;13949;14150;11.76;0.72;249.99;17.16;707;107;4864.00;201
13245;106;629117334;13245;131;13951;14150;11.89;0.72;249.97;17.19;706;107;4865.00;199
13249;106;629117346;13249;127;13953;14151;11.98;0.73;250.03;17.33;704;107;4866.00;198
13252;106;629117357;13252;130;13953;14151;12.06;0.73;250.04;17.33;701;107;4867.00;198
13255;106;629117367;13255;125;13957;14157;12.04;0.73;250.04;17.32;702;107;4868.00;200
13258;106;629117378;13258;119;13958;14158;11.93;0.72;250.01;17.32;700;107;4869.00;200
13261;106;629117388;13261;121;13959;14158;11.76;0.71;250.02;17.32;698;107;4870.00;199
13264;106;629117398;13264;117;13959;14158;11.64;0.71;250.00;17.32;695;107;4871.00;199
13267;106;629117408;13267;121;13961;14162;11.57;0.70;249.98;17.32;694;107;4872.00;201
13271;106;629117418;13271;121;13962;14162;11.53;0.70;249.95;17.32;691;107;4873.00;200
13272;106;629117428;13272;120;13962;14162;11.48;0.70;249.95;17.32;690;107;4874.00;200
13272;106;629117439;13272;119;13963;14163;11.46;0.70;249.95;17.32;691;107;4875.00;200
13274;106;629117449;13274;121;13967;14167;11.45;0.70;249.93;17.31;693;107;4876.00;200
13279;106;629117458;13279;117;13967;14167;11.42;0.70;249.93;17.31;688;107;4877.00;200
13280;106;629117468;13280;127;13969;14170;11.45;0.70;249.92;17.31;689;107;4878.00;201
13285;106;629117478;13285;132;13971;14170;11.44;0.70;249.87;17.31;686;107;4879.00;199
13286;106;629117489;13286;136;13971;14170;11.43;0.70;249.86;17.31;685;107;4880.00;199
13287;106;629117498;13287;134;13972;14170;11.41;0.70;249.89;17.31;685;107;4881.00;198
13291;106;629117508;13291;140;13975;14174;11.39;0.70;249.86;17.31;684;107;4882.00;199
13294;106;629117525;13294;142;13976;14174;11.35;0.69;249.85;17.31;682;107;4883.00;198
13298;106;629117535;13298;150;13977;14174;11.23;0.69;249.84;17.31;679;107;4884.00;197
13300;106;629117545;13300;154;13977;14174;11.14;0.68;249.84;17.31;677;107;4885.00;197
13306;106;629117555;13306;158;13977;14175;11.00;0.67;249.81;17.31;671;107;4886.00;198
13309;106;629117569;13309;162;13979;14176;10.93;0.67;249.83;17.30;670;107;4887.00;197
13313;106;629117579;13313;170;13979;14176;10.78;0.66;249.83;17.30;666;107;4888.00;197
13315;106;629117588;13315;179;13980;14177;10.70;0.65;249.89;17.30;665;107;4889.00;197
13316;106;629117600;13316;182;13981;14177;10.70;0.65;249.87;17.31;665;107;4890.00;196
13319;106;629117609;13319;195;13982;14177;10.65;0.65;249.88;17.33;663;107;4891.00;195
13322;106;629117618;13322;202;13982;14177;10.54;0.64;249.86;17.33;660;107;4892.00;195
13324;106;629117627;13324;213;13984;14177;10.39;0.63;249.87;17.35;660;107;4893.00;193
13329;106;629117636;13329;209;13984;14177;10.22;0.62;249.84;17.35;655;107;4894.00;193
13329;106;629117645;13329;216;13984;14177;10.06;0.61;249.84;17.35;655;107;4895.00;193
13333;106;629117653;13333;238;14048;14304;10.10;0.62;249.89;17.27;715;107;4896.00;256
13338;106;629117688;13338;237;14054;14305;9.96;0.61;249.87;17.29;716;107;4897.00;251
13340;106;629117703;13340;235;14063;14305;9.99;0.62;249.87;17.28;723;107;4898.00;242
13341;106;629117712;13341;240;14069;14305;9.85;0.61;249.85;17.30;728;107;4899.00;236
13343;106;629117723;13343;239;14076;14305;9.73;0.60;249.83;17.31;733;107;4900.00;229
13343;106;629117735;13343;242;14081;14305;9.64;0.59;249.83;17.31;738;107;4901.00;224
13343;106;629117744;13343;246;14091;14305;9.55;0.59;249.83;17.32;748;107;4902.00;214
13344;106;629117753;13344;253;14093;14305;9.45;0.58;249.81;17.32;749;107;4903.00;212
13348;106;629117762;13348;254;14097;14306;9.28;0.57;249.80;17.32;749;107;4904.00;209
13350;106;629117771;13350;264;14102;14308;9.10;0.56;249.77;17.33;752;107;4905.00;206
13352;106;629117781;13352;270;14105;14308;8.95;0.55;249.78;17.33;753;107;4906.00;203
13353;106;629117790;13353;277;14107;14309;8.88;0.55;249.77;17.33;754;107;4907.00;202
13354;106;629117799;13354;280;14110;14309;8.72;0.54;249.76;17.34;756;107;4908.00;199
13359;106;629117808;13359;282;14112;14309;8.58;0.53;249.73;17.36;753;107;4909.00;197
13360;106;629117819;13360;288;14115;14309;8.45;0.52;249.72;17.36;755;107;4910.00;194
13362;106;629117829;13362;290;14118;14313;8.30;0.51;249.73;17.37;756;107;4911.00;195
13367;106;629117841;13367;287;14120;14313;8.09;0.50;249.70;17.37;753;107;4912.00;193
13368;106;629117850;13368;291;14121;14313;7.95;0.49;249.69;17.37;753;107;4913.00;192
13370;106;629117859;13370;294;14127;14316;7.86;0.48;249.73;17.38;757;107;4914.00;189
13371;106;629117875;13371;301;14127;14316;7.76;0.48;249.72;17.38;756;107;4915.00;189
13371;106;629117884;13371;307;14130;14316;7.69;0.47;249.72;17.39;759;107;4916.00;186
13373;106;629117893;13373;307;14134;14320;7.64;0.47;249.70;17.39;761;107;4917.00;186
13374;106;629117902;13374;312;14137;14321;7.55;0.46;249.70;17.40;763;107;4918.00;184
13375;106;629117912;13375;317;14139;14321;7.43;0.46;249.68;17.43;764;107;4919.00;182
13376;106;629117930;13376;323;14145;14326;7.40;0.45;249.67;17.43;769;107;4920.00;181
13378;106;629117940;13378;331;14145;14326;7.29;0.45;249.65;17.43;767;107;4921.00;181
13380;106;629117948;13380;333;14145;14326;7.17;0.44;249.65;17.43;765;107;4922.00;181
13383;106;629117963;13383;340;14146;14327;7.04;0.43;249.64;17.43;763;107;4923.00;181
13386;106;629117972;13386;337;14147;14327;6.87;0.42;249.61;17.44;761;107;4924.00;180
13388;106;629117981;13388;337;14154;14333;6.81;0.42;249.64;17.46;766;107;4925.00;179
13391;106;629117991;13391;343;14155;14333;6.69;0.41;249.67;17.47;764;107;4926.00;178
13392;106;629118002;13392;344;14156;14334;6.58;0.41;249.68;17.47;764;107;4927.00;178
13397;106;629118010;13397;349;14157;14334;6.35;0.39;249.68;17.48;760;107;4928.00;177
13401;106;629118019;13401;355;14157;14334;6.13;0.38;249.63;17.48;756;107;4929.00;177
13405;106;629118027;13405;347;14157;14334;5.93;0.37;249.66;17.48;752;107;4930.00;177
13408;106;629118035;13408;334;14158;14334;5.86;0.36;249.65;17.49;750;107;4931.00;176
13410;106;629118044;13410;327;14169;14346;5.91;0.37;249.67;17.50;759;107;4932.00;177
13411;106;629118053;13411;322;14170;14346;5.95;0.37;249.67;17.51;759;107;4933.00;176
13415;106;629118062;13415;311;14172;14346;6.09;0.38;249.73;17.51;757;107;4934.00;174
13418;106;629118071;13418;303;14172;14346;6.21;0.38;249.75;17.51;754;107;4935.00;174
13421;106;629118079;13421;298;14173;14346;6.34;0.39;249.76;17.52;752;107;4936.00;173
13426;106;629118093;13426;282;14173;14346;6.44;0.40;249.79;17.52;747;107;4937.00;173
13429;106;629118103;13429;274;14176;14350;6.66;0.41;249.78;17.51;747;107;4938.00;174
13433;106;629118112;13433;259;14176;14350;6.80;0.42;249.77;17.51;743;107;4939.00;174
13437;106;629118121;13437;254;14179;14354;6.99;0.43;249.79;17.51;742;107;4940.00;175
13439;106;629118138;13439;247;14180;14355;7.11;0.43;249.77;17.51;741;107;4941.00;175
13443;106;629118147;13443;245;14181;14355;7.28;0.45;249.76;17.51;738;107;4942.00;174
13445;106;629118163;13445;241;14181;14355;7.39;0.45;249.78;17.51;736;107;4943.00;174
13448;107;629118173;13448;240;14192;14368;7.66;0.47;249.79;17.50;744;108;4944.00;176
13452;107;629118200;13452;227;14193;14368;7.83;0.48;249.81;17.64;741;108;4945.00;175
13456;107;629118211;13456;229;14193;14368;7.97;0.49;249.81;17.64;737;108;4946.00;175
13460;107;629118221;13460;222;14194;14369;8.12;0.50;249.81;17.64;734;108;4947.00;175
13463;107;629118231;13463;222;14194;14370;8.30;0.51;249.81;17.64;731;108;4948.00;176
13467;107;629118242;13467;225;14194;14370;8.36;0.51;249.82;17.64;727;108;4949.00;176
13469;107;629118254;13469;222;14198;14379;8.47;0.52;249.83;17.63;729;108;4950.00;181
13472;107;629118265;13472;221;14200;14379;8.56;0.52;249.82;17.63;728;108;4951.00;179
13476;107;629118275;13476;221;14200;14379;8.63;0.53;249.85;17.63;724;108;4952.00;179
13482;107;629118287;13482;215;14201;14379;8.59;0.52;249.88;17.63;719;108;4953.00;178
13486;107;629118298;13486;213;14204;14385;8.72;0.53;249.87;17.63;718;108;4954.00;181
13492;107;629118309;13492;203;14205;14385;8.76;0.53;249.84;17.63;713;108;4955.00;180
13494;107;629118320;13494;203;14206;14385;8.77;0.53;249.84;17.62;712;108;4956.00;179
13499;107;629118330;13499;202;14207;14385;8.80;0.53;249.86;17.62;708;108;4957.00;178
13502;107;629118340;13502;208;14210;14389;8.90;0.54;249.85;17.62;708;108;4958.00;179
13506;107;629118351;13506;203;14212;14390;8.88;0.54;249.86;17.62;706;108;4959.00;178
13509;107;629118368;13509;202;14212;14390;8.98;0.54;249.88;17.62;703;108;4960.00;178
13516;107;629118378;13516;204;14213;14391;8.91;0.54;249.86;17.62;697;108;4961.00;178
13519;107;629118389;13519;204;14213;14391;8.90;0.54;249.86;17.62;694;108;4962.00;178
13520;107;629118401;13520;205;14213;14391;8.93;0.54;249.86;17.62;693;108;4963.00;178
13525;107;629118411;13525;203;14213;14391;8.90;0.54;249.83;17.62;688;108;4964.00;178
13526;107;629118421;13526;206;14213;14391;8.95;0.54;249.83;17.62;687;108;4965.00;178
13528;107;629118431;13528;208;14213;14391;9.03;0.55;249.84;17.62;685;108;4966.00;178
13532;107;629118441;13532;211;14213;14391;9.11;0.55;249.84;17.62;681;108;4967.00;178
13535;107;629118452;13535;224;14254;14461;9.18;0.56;249.87;17.57;719;108;4968.00;207
13537;107;629118469;13537;213;14255;14462;9.27;0.56;249.86;17.57;718;108;4969.00;207
13537;107;629118480;13537;211;14259;14462;9.42;0.57;249.86;17.56;722;108;4970.00;203
13539;107;629118492;13539;212;14261;14462;9.48;0.58;249.86;17.56;722;108;4971.00;201
13541;107;629118504;13541;211;14264;14462;9.47;0.58;249.88;17.56;723;108;4972.00;198
13544;107;629118516;13544;212;14267;14462;9.47;0.58;249.86;17.55;723;108;4973.00;195
13546;107;629118527;13546;214;14271;14462;9.45;0.57;249.90;17.55;725;108;4974.00;191
13547;107;629118545;13547;216;14273;14462;9.40;0.57;249.92;17.55;726;108;4975.00;189
13550;107;629118559;13550;218;14275;14463;9.41;0.57;249.94;17.55;725;108;4976.00;188
13553;107;629118575;13553;207;14277;14464;9.42;0.57;249.98;17.55;724;108;4977.00;187
13555;107;629118590;13555;203;14280;14464;9.40;0.57;249.98;17.54;725;108;4978.00;184
13557;107;629118615;13557;201;14284;14468;9.37;0.57;249.99;17.54;727;108;4979.00;184
13560;107;629118631;13560;202;14284;14468;9.39;0.57;250.03;17.54;724;108;4980.00;184
13563;107;629118644;13563;194;14284;14468;9.44;0.57;250.04;17.54;721;108;4981.00;184
13566;107;629118657;13566;190;14284;14468;9.54;0.58;250.07;17.54;718;108;4982.00;184
13568;107;629118669;13568;191;14288;14474;9.66;0.59;250.08;17.53;720;108;4983.00;186
13570;107;629118682;13570;189;14289;14474;9.74;0.59;250.09;17.53;719;108;4984.00;185
13572;107;629118693;13572;190;14289;14474;9.77;0.59;250.09;17.53;717;108;4985.00;185
13576;107;629118710;13576;173;14291;14477;9.84;0.60;250.10;17.53;715;108;4986.00;186
13578;107;629118723;13578;161;14291;14477;9.96;0.61;250.12;17.53;713;108;4987.00;186
13580;107;629118735;13580;155;14292;14477;10.17;0.62;250.11;17.53;712;108;4988.00;185
13585;107;629118746;13585;151;14292;14478;10.33;0.63;250.11;17.53;707;108;4989.00;186
13588;107;629118759;13588;142;14293;14479;10.47;0.64;250.12;17.53;705;108;4990.00;186
13592;107;629118778;13592;142;14293;14479;10.63;0.65;250.11;17.53;701;108;4991.00;186
13596;107;629118792;13596;140;14304;14492;10.82;0.66;250.12;17.52;708;108;4992.00;188
13599;107;629118806;13599;141;14304;14492;10.95;0.67;250.11;17.52;705;108;4993.00;188
13603;107;629118821;13603;140;14304;14492;11.00;0.67;250.10;17.52;701;108;4994.00;188
13607;107;629118834;13607;131;14306;14494;11.13;0.68;250.13;17.51;699;108;4995.00;188
13610;108;629118848;13610;130;14306;14494;11.26;0.68;250.11;17.51;696;109;4996.00;188
13612;108;629118874;13612;127;14309;14498;11.44;0.69;250.13;17.51;697;109;4997.00;189
13613;108;629118887;13613;128;14309;14498;11.57;0.70;250.13;17.51;696;109;4998.00;189
13617;108;629118898;13617;128;14313;14502;11.59;0.70;250.16;17.51;696;109;4999.00;189
13618;108;629118911;13618;119;14313;14502;11.63;0.70;250.16;17.51;695;109;5000.00;189
13621;108;629118926;13621;116;14313;14502;11.71;0.71;250.16;17.51;692;109;5001.00;189
13623;108;629118938;13623;118;14313;14502;11.77;0.71;250.18;17.51;690;109;5002.00;189
13624;108;629118949;13624;117;14313;14502;11.83;0.72;250.21;17.51;689;109;5003.00;189
13627;108;629118960;13627;118;14322;14514;11.85;0.72;250.24;17.49;695;109;5004.00;192
13629;108;629118972;13629;120;14322;14514;11.89;0.72;250.27;17.49;693;109;5005.00;192
13632;108;629118983;13632;122;14324;14514;11.94;0.72;250.26;17.49;692;109;5006.00;190
13635;108;629118994;13635;120;14324;14514;12.00;0.73;250.27;17.49;689;109;5007.00;190
13638;108;629119005;13638;121;14324;14514;12.14;0.74;250.31;17.49;686;109;5008.00;190
13640;108;629119016;13640;121;14324;14514;12.09;0.74;250.33;17.49;684;109;5009.00;190
13641;108;629119028;13641;126;14324;14515;12.15;0.74;250.34;17.49;683;109;5010.00;191
13648;108;629119039;13648;123;14324;14515;12.14;0.74;250.33;17.49;676;109;5011.00;191
13650;108;629119050;13650;124;14328;14521;12.17;0.74;250.34;17.49;678;109;5012.00;193
13653;108;629119062;13653;125;14329;14522;12.20;0.74;250.35;17.49;676;109;5013.00;193
13656;108;629119073;13656;125;14330;14522;12.21;0.74;250.35;17.49;674;109;5014.00;192
13658;108;629119084;13658;125;14330;14522;12.15;0.74;250.38;17.49;672;109;5015.00;192
13662;108;629119095;13662;124;14333;14526;12.12;0.74;250.42;17.48;671;109;5016.00;193
13662;108;629119106;13662;126;14333;14526;12.01;0.73;250.42;17.48;671;109;5017.00;193
13665;108;629119116;13665;131;14333;14526;11.98;0.73;250.43;17.48;668;109;5018.00;193
13667;108;629119126;13667;131;14334;14527;12.00;0.73;250.43;17.48;667;109;5019.00;193
13669;108;629119136;13669;132;14337;14531;11.98;0.73;250.42;17.48;668;109;5020.00;194
13672;108;629119146;13672;132;14337;14531;11.97;0.73;250.42;17.48;665;109;5021.00;194
13675;108;629119156;13675;135;14339;14534;11.94;0.73;250.41;17.47;664;109;5022.00;195
13680;108;629119166;13680;133;14339;14534;11.97;0.73;250.43;17.47;659;109;5023.00;195
13686;108;629119176;13686;140;14340;14534;11.98;0.73;250.41;17.47;654;109;5024.00;194
13691;108;629119187;13691;137;14340;14534;11.91;0.72;250.41;17.47;649;109;5025.00;194
13695;108;629119197;13695;134;14343;14538;11.92;0.73;250.40;17.47;648;109;5026.00;195
13695;108;629119207;13695;138;14343;14538;11.94;0.73;250.40;17.47;648;109;5027.00;195
13697;108;629119218;13697;137;14344;14538;11.99;0.73;250.41;17.47;647;109;5028.00;194
13702;108;629119228;13702;127;14344;14538;12.01;0.73;250.41;17.47;642;109;5029.00;194
13707;108;629119237;13707;124;14344;14539;11.98;0.73;250.41;17.47;637;109;5030.00;195
13711;108;629119246;13711;123;14345;14540;12.00;0.73;250.41;17.47;634;109;5031.00;195
13718;108;629119256;13718;117;14345;14540;11.95;0.73;250.42;17.47;627;109;5032.00;195
13721;108;629119266;13721;116;14346;14541;11.94;0.73;250.41;17.47;625;109;5033.00;195
13724;109;629119280;13724;113;14347;14541;11.94;0.73;250.40;17.48;623;110;5034.00;194
13727;109;629119307;13727;112;14349;14541;11.88;0.73;250.43;17.65;622;110;5035.00;192
13732;109;629119316;13732;115;14349;14541;11.94;0.73;250.43;17.65;617;110;5036.00;192
13733;109;629119325;13733;117;14349;14541;12.02;0.73;250.41;17.65;616;110;5037.00;192
13735;109;629119334;13735;116;14349;14541;12.07;0.74;250.40;17.65;614;110;5038.00;192
13739;109;629119343;13739;116;14350;14541;12.06;0.74;250.38;17.80;611;110;5039.00;191
13743;109;629119354;13743;146;14451;14771;11.57;0.72;250.35;17.67;708;110;5040.00;320
13749;109;629119380;13749;142;14455;14772;11.50;0.72;250.32;17.82;706;110;5041.00;317
13753;109;629119396;13753;131;14464;14772;11.61;0.72;250.35;17.81;711;110;5042.00;308
13755;109;629119407;13755;130;14469;14772;11.58;0.72;250.33;17.96;714;110;5043.00;303
13761;109;629119416;13761;132;14476;14772;11.48;0.71;250.31;17.95;715;110;5044.00;296
13762;109;629119427;13762;130;14483;14772;11.40;0.71;250.31;18.09;721;110;5045.00;289
13763;109;629119436;13763;126;14488;14772;11.33;0.70;250.30;18.09;725;110;5046.00;284
13766;109;629119446;13766;130;14496;14772;11.27;0.70;250.29;18.08;730;110;5047.00;276
13769;109;629119456;13769;133;14500;14773;11.23;0.69;250.28;18.23;731;110;5048.00;273
13772;109;629119466;13772;135;14504;14774;11.25;0.69;250.28;18.23;732;110;5049.00;270
13773;109;629119476;13773;133;14508;14774;11.29;0.70;250.26;18.23;735;110;5050.00;266
13775;109;629119491;13775;141;14514;14775;11.17;0.69;250.26;18.37;739;110;5051.00;261
13779;109;629119507;13779;144;14518;14775;11.07;0.68;250.25;18.37;739;110;5052.00;257
13780;109;629119517;13780;150;14521;14775;10.99;0.68;250.28;18.37;741;110;5053.00;254
13782;109;629119527;13782;158;14526;14775;10.79;0.66;250.26;18.37;744;110;5054.00;249
13786;109;629119538;13786;166;14530;14779;10.62;0.65;250.29;18.51;744;110;5055.00;249
13787;109;629119549;13787;175;14534;14779;10.46;0.64;250.29;18.51;747;110;5056.00;245
13789;109;629119559;13789;186;14538;14779;10.24;0.63;250.27;18.52;749;110;5057.00;241
13792;109;629119574;13792;193;14542;14782;10.10;0.62;250.25;18.52;750;110;5058.00;240
13794;109;629119585;13794;204;14546;14782;9.93;0.61;250.24;18.51;752;110;5059.00;236
13796;109;629119596;13796;205;14551;14782;9.77;0.60;250.25;18.54;755;110;5060.00;231
13799;109;629119606;13799;211;14557;14786;9.60;0.59;250.24;18.53;758;110;5061.00;229
13800;109;629119617;13800;226;14561;14787;9.44;0.58;250.23;18.53;761;110;5062.00;226
13802;109;629119627;13802;228;14565;14787;9.24;0.57;250.24;18.55;763;110;5063.00;222
13803;109;629119637;13803;243;14569;14791;9.13;0.56;250.24;18.55;766;110;5064.00;222
13804;109;629119648;13804;247;14572;14791;8.98;0.55;250.22;18.57;768;110;5065.00;219
13805;109;629119658;13805;251;14575;14791;8.90;0.55;250.23;18.57;770;110;5066.00;216
13807;109;629119668;13807;261;14576;14792;8.80;0.54;250.22;18.57;769;110;5067.00;216
13810;109;629119678;13810;271;14579;14792;8.70;0.53;250.19;18.59;769;110;5068.00;213
13812;109;629119689;13812;276;14583;14798;8.62;0.53;250.16;18.58;771;110;5069.00;215
13812;109;629119700;13812;284;14587;14798;8.45;0.52;250.16;18.63;775;110;5070.00;211
13814;109;629119710;13814;299;14591;14799;8.30;0.51;250.13;18.64;777;110;5071.00;208
13815;109;629119719;13815;306;14591;14799;8.19;0.50;250.14;18.64;776;110;5072.00;208
13818;109;629119729;13818;315;14592;14799;8.09;0.50;250.10;18.66;774;110;5073.00;207
13821;109;629119738;13821;323;14596;14799;7.92;0.49;250.09;18.66;775;110;5074.00;203
13821;109;629119747;13821;327;14597;14799;7.78;0.48;250.09;18.68;776;110;5075.00;202
13825;109;629119756;13825;338;14609;14811;7.71;0.47;250.07;18.67;784;110;5076.00;202
13826;110;629119767;13826;338;14610;14811;7.59;0.47;250.06;18.67;784;111;5077.00;201
13827;110;629119791;13827;348;14613;14811;7.45;0.46;250.06;18.68;786;111;5078.00;198
13829;110;629119800;13829;345;14614;14811;7.34;0.45;250.04;18.68;785;111;5079.00;197
13829;110;629119810;13829;346;14615;14811;7.24;0.44;250.04;18.69;786;111;5080.00;196
13830;110;629119819;13830;349;14616;14811;7.13;0.44;250.03;18.70;786;111;5081.00;195
13831;110;629119828;13831;355;14619;14815;7.06;0.43;250.04;18.69;788;111;5082.00;196
13831;110;629119837;13831;344;14621;14815;6.98;0.43;250.04;18.71;790;111;5083.00;194
13832;110;629119847;13832;335;14624;14819;7.01;0.43;250.03;18.70;792;111;5084.00;195
13832;110;629119857;13832;325;14627;14821;6.98;0.43;250.03;18.71;795;111;5085.00;194
13833;110;629119867;13833;318;14629;14821;6.95;0.42;250.08;18.71;796;111;5086.00;192
13834;110;629119876;13834;312;14629;14821;6.93;0.42;250.07;18.71;795;111;5087.00;192
13838;110;629119887;13838;313;14642;14834;6.98;0.43;250.02;18.71;804;111;5088.00;192
13838;110;629119898;13838;310;14643;14834;7.06;0.43;250.02;18.72;805;111;5089.00;191
13838;110;629119913;13838;308;14643;14834;7.14;0.44;250.02;18.72;805;111;5090.00;191
13839;110;629119922;13839;306;14645;14835;7.25;0.44;250.01;18.73;806;111;5091.00;190
13841;110;629119933;13841;307;14645;14836;7.23;0.44;250.00;18.73;804;111;5092.00;191
13845;110;629119943;13845;301;14648;14836;7.15;0.44;250.00;18.77;803;111;5093.00;188
13845;110;629119952;13845;295;14650;14839;7.30;0.45;250.00;18.77;805;111;5094.00;189
13849;110;629119963;13849;298;14650;14839;7.32;0.45;250.03;18.77;801;111;5095.00;189
13851;110;629119972;13851;290;14652;14839;7.31;0.45;250.03;18.78;801;111;5096.00;187
13855;110;629119982;13855;290;14652;14839;7.28;0.45;250.03;18.78;797;111;5097.00;187
13857;110;629119991;13857;289;14657;14845;7.26;0.44;250.01;18.77;800;111;5098.00;188
13860;110;629120001;13860;298;14658;14845;7.19;0.44;250.04;18.78;798;111;5099.00;187
13862;110;629120013;13862;294;14663;14864;7.11;0.44;250.03;18.78;801;111;5100.00;201
13864;110;629120029;13864;293;14664;14864;7.11;0.44;250.04;18.78;800;111;5101.00;200
13867;110;629120038;13867;284;14668;14868;7.05;0.43;250.04;18.78;801;111;5102.00;200
13868;110;629120048;13868;289;14670;14869;7.04;0.43;250.05;18.79;802;111;5103.00;199
13869;110;629120057;13869;285;14670;14869;7.05;0.43;250.06;18.79;801;111;5104.00;199
13871;110;629120066;13871;279;14673;14870;7.09;0.44;250.08;18.81;802;111;5105.00;197
13875;110;629120076;13875;275;14675;14870;7.02;0.43;250.08;18.81;800;111;5106.00;195
13878;110;629120086;13878;264;14676;14870;7.10;0.44;250.10;18.81;798;111;5107.00;194
13882;110;629120097;13882;261;14678;14870;7.16;0.44;250.09;18.83;796;111;5108.00;192
13886;110;629120107;13886;256;14678;14870;7.22;0.45;250.10;18.83;792;111;5109.00;192
13889;110;629120117;13889;250;14678;14870;7.34;0.45;250.12;18.83;789;111;5110.00;192
13893;110;629120126;13893;243;14678;14870;7.42;0.46;250.10;18.83;785;111;5111.00;192
13898;110;629120135;13898;241;14713;14940;7.60;0.47;250.10;18.78;815;111;5112.00;227
13902;110;629120151;13902;238;14716;14941;7.73;0.48;250.08;18.78;814;111;5113.00;225
13909;110;629120161;13909;233;14724;14941;7.85;0.48;250.06;18.77;815;111;5114.00;217
13915;110;629120173;13915;236;14727;14941;8.00;0.49;250.05;18.77;812;111;5115.00;214
13919;110;629120183;13919;226;14731;14941;8.16;0.50;250.04;18.77;812;111;5116.00;210
13928;110;629120193;13928;227;14733;14941;8.19;0.50;250.06;18.76;805;111;5117.00;208
13930;110;629120204;13930;218;14737;14941;8.26;0.51;250.06;18.76;807;111;5118.00;204
13934;110;629120215;13934;214;14739;14941;8.29;0.51;250.05;18.76;805;111;5119.00;202
13942;110;629120225;13942;210;14741;14942;8.29;0.51;250.03;18.76;799;111;5120.00;201
13945;110;629120237;13945;207;14742;14943;8.44;0.52;250.02;18.76;797;111;5121.00;201
13950;110;629120248;13950;206;14743;14943;8.52;0.52;250.04;18.76;793;111;5122.00;200
13956;110;629120259;13956;206;14747;14947;8.51;0.52;250.02;18.75;791;111;5123.00;200
13959;110;629120271;13959;205;14748;14947;8.54;0.52;250.02;18.75;789;111;5124.00;199
13964;110;629120282;13964;212;14748;14947;8.63;0.53;250.00;18.75;784;111;5125.00;199
13968;110;629120293;13968;212;14748;14947;8.66;0.53;250.02;18.75;780;111;5126.00;199
13975;110;629120304;13975;212;14751;14953;8.62;0.53;249.97;18.75;776;111;5127.00;202
13978;110;629120317;13978;219;14751;14953;8.64;0.53;249.98;18.75;773;111;5128.00;202
13981;110;629120328;13981;221;14752;14953;8.59;0.52;249.98;18.75;771;111;5129.00;201
13987;110;629120341;13987;224;14756;14959;8.68;0.53;250.03;18.75;769;111;5130.00;203
13993;110;629120353;13993;226;14756;14959;8.73;0.53;250.07;18.75;763;111;5131.00;203
13998;110;629120364;13998;224;14756;14959;8.81;0.54;250.09;18.75;758;111;5132.00;203
14001;110;629120375;14001;225;14758;14960;8.83;0.54;250.07;18.75;757;111;5133.00;202
14007;110;629120386;14007;229;14759;14961;8.80;0.54;250.05;18.75;752;111;5134.00;202
14008;110;629120398;14008;231;14761;14961;8.75;0.53;250.06;18.75;753;111;5135.00;200
14012;110;629120409;14012;233;14769;14974;8.73;0.53;250.08;18.74;757;111;5136.00;205
14015;111;629120420;14015;229;14769;14974;8.74;0.53;250.06;18.74;754;112;5137.00;205
14017;111;629120442;14017;230;14771;14974;8.79;0.54;250.08;18.74;754;112;5138.00;203
14021;111;629120453;14021;233;14772;14975;8.82;0.54;250.09;18.74;751;112;5139.00;203
14025;111;629120464;14025;233;14772;14975;8.80;0.54;250.11;18.74;747;112;5140.00;203
14029;111;629120476;14029;238;14778;14979;8.82;0.54;250.10;18.74;749;112;5141.00;201
14031;111;629120488;14031;239;14779;14979;8.83;0.54;250.10;18.74;748;112;5142.00;200
14035;111;629120499;14035;240;14784;14983;8.88;0.54;250.12;18.73;749;112;5143.00;199
14037;111;629120510;14037;245;14784;14983;8.91;0.54;250.14;18.73;747;112;5144.00;199
14041;111;629120522;14041;247;14785;14983;8.93;0.54;250.15;18.73;744;112;5145.00;198
14045;111;629120536;14045;249;14785;14983;8.89;0.54;250.16;18.73;740;112;5146.00;198
14047;111;629120552;14047;239;14786;14983;8.94;0.55;250.15;18.73;739;112;5147.00;197
14051;111;629120567;14051;231;14796;14995;9.07;0.55;250.14;18.72;745;112;5148.00;199
14053;111;629120585;14053;228;14797;14995;9.11;0.56;250.14;18.72;744;112;5149.00;198
14057;111;629120601;14057;227;14798;14995;9.16;0.56;250.16;18.72;741;112;5150.00;197
14064;111;629120616;14064;223;14798;14995;9.19;0.56;250.20;18.72;734;112;5151.00;197
14066;111;629120631;14066;219;14798;14995;9.28;0.57;250.21;18.72;732;112;5152.00;197
14070;111;629120644;14070;219;14799;14995;9.38;0.57;250.24;18.72;729;112;5153.00;196
14077;111;629120657;14077;219;14800;14996;9.42;0.57;250.29;18.72;723;112;5154.00;196
14079;111;629120670;14079;220;14801;14998;9.47;0.58;250.29;18.72;722;112;5155.00;197
14082;111;629120683;14082;206;14805;15004;9.54;0.58;250.30;18.71;723;112;5156.00;199
14084;111;629120702;14084;189;14806;15005;9.67;0.59;250.30;18.71;722;112;5157.00;199
14086;111;629120714;14086;178;14807;15005;9.76;0.59;250.30;18.71;721;112;5158.00;198
14088;111;629120726;14088;175;14808;15005;9.88;0.60;250.31;18.71;720;112;5159.00;197
14089;111;629120740;14089;166;14813;15010;9.98;0.61;250.32;18.70;724;112;5160.00;197
14094;111;629120752;14094;158;14813;15010;10.09;0.61;250.32;18.70;719;112;5161.00;197
14098;111;629120765;14098;150;14813;15010;10.18;0.62;250.32;18.70;715;112;5162.00;197
14102;111;629120778;14102;147;14814;15011;10.26;0.62;250.32;18.70;712;112;5163.00;197
14104;111;629120795;14104;147;14817;15015;10.35;0.63;250.32;18.70;713;112;5164.00;198
14107;111;629120807;14107;146;14817;15015;10.47;0.63;250.35;18.70;710;112;5165.00;198
14111;111;629120818;14111;148;14819;15018;10.61;0.64;250.36;18.70;708;112;5166.00;199
14112;111;629120831;14112;146;14820;15018;10.77;0.65;250.35;18.70;708;112;5167.00;198
14115;111;629120843;14115;145;14820;15018;10.83;0.65;250.34;18.70;705;112;5168.00;198
14116;111;629120854;14116;145;14820;15018;10.97;0.66;250.34;18.70;704;112;5169.00;198
14118;111;629120866;14118;144;14823;15022;11.08;0.67;250.35;18.69;705;112;5170.00;199
14121;111;629120883;14121;143;14823;15022;11.08;0.67;250.38;18.69;702;112;5171.00;199
14124;111;629120895;14124;144;14824;15022;11.15;0.68;250.35;18.69;700;112;5172.00;198
14127;111;629120906;14127;134;14824;15022;11.15;0.68;250.36;18.69;697;112;5173.00;198
14130;111;629120928;14130;133;14824;15023;11.13;0.67;250.41;18.69;694;112;5174.00;199
14133;111;629120939;14133;136;14826;15025;11.10;0.67;250.41;18.69;693;112;5175.00;199
14136;111;629120950;14136;137;14826;15025;11.13;0.67;250.41;18.69;690;112;5176.00;199
14137;111;629120960;14137;137;14827;15026;11.20;0.68;250.41;18.69;690;112;5177.00;199
14140;111;629120970;14140;133;14827;15026;11.20;0.68;250.39;18.69;687;112;5178.00;199
14146;111;629120981;14146;137;14827;15026;11.16;0.68;250.41;18.69;681;112;5179.00;199
14147;111;629120991;14147;132;14827;15026;11.23;0.68;250.40;18.69;680;112;5180.00;199
14149;111;629121001;14149;132;14827;15026;11.25;0.68;250.40;18.69;678;112;5181.00;199
14150;111;629121011;14150;136;14827;15026;11.29;0.69;250.41;18.69;677;112;5182.00;199
14152;111;629121026;14152;140;14827;15026;11.30;0.69;250.45;18.69;675;112;5183.00;199
14154;111;629121036;14154;166;14898;15153;11.00;0.68;250.47;18.60;744;112;5184.00;255
14157;111;629121055;14157;158;14900;15154;11.01;0.68;250.47;18.75;743;112;5185.00;254
14160;111;629121067;14160;155;14908;15154;11.03;0.68;250.46;18.74;748;112;5186.00;246
14162;111;629121077;14162;154;14909;15154;11.07;0.68;250.49;18.74;747;112;5187.00;245
14163;111;629121087;14163;153;14914;15154;11.06;0.68;250.50;18.74;751;112;5188.00;240
14165;111;629121098;14165;156;14918;15154;11.04;0.68;250.49;18.73;753;112;5189.00;236
14168;111;629121110;14168;162;14923;15154;10.96;0.67;250.49;18.73;755;112;5190.00;231
14172;111;629121120;14172;165;14927;15154;10.95;0.67;250.47;18.72;755;112;5191.00;227
14175;111;629121130;14175;162;14931;15155;10.92;0.67;250.47;18.72;756;112;5192.00;224
14178;111;629121146;14178;167;14934;15156;10.87;0.66;250.47;18.72;756;112;5193.00;222
14181;111;629121156;14181;171;14936;15156;10.85;0.66;250.45;18.72;755;112;5194.00;220
14184;111;629121167;14184;180;14937;15157;10.77;0.66;250.44;18.72;753;112;5195.00;220
14185;111;629121177;14185;176;14939;15157;10.74;0.66;250.43;18.72;754;112;5196.00;218
14188;111;629121187;14188;174;14940;15157;10.71;0.66;250.41;18.72;752;112;5197.00;217
14188;111;629121197;14188;175;14942;15157;10.78;0.66;250.41;18.72;754;112;5198.00;215
14191;111;629121207;14191;175;14944;15161;10.82;0.66;250.41;18.71;753;112;5199.00;217
14195;111;629121219;14195;174;14945;15161;10.79;0.66;250.41;18.71;750;112;5200.00;216
14197;111;629121233;14197;172;14946;15161;10.73;0.66;250.43;18.71;749;112;5201.00;215
14200;111;629121243;14200;173;14949;15164;10.68;0.65;250.41;18.71;749;112;5202.00;215
14202;111;629121253;14202;168;14950;15164;10.59;0.65;250.41;18.86;748;112;5203.00;214
14206;111;629121263;14206;171;14951;15164;10.59;0.65;250.38;18.86;745;112;5204.00;213
14209;111;629121273;14209;169;14956;15168;10.52;0.64;250.37;18.89;747;112;5205.00;212
14214;111;629121285;14214;171;14958;15169;10.51;0.64;250.42;18.89;744;112;5206.00;211
14217;111;629121295;14217;173;14958;15169;10.54;0.64;250.40;18.89;741;112;5207.00;211
14223;111;629121305;14223;171;14961;15173;10.60;0.65;250.37;18.88;738;112;5208.00;212
14227;111;629121315;14227;164;14961;15173;10.60;0.65;250.38;18.88;734;112;5209.00;212
14229;111;629121330;14229;167;14961;15173;10.65;0.65;250.35;18.88;732;112;5210.00;212
14231;111;629121340;14231;168;14962;15174;10.67;0.65;250.35;18.88;731;112;5211.00;212
14232;111;629121350;14232;172;14963;15174;10.69;0.65;250.34;18.88;731;112;5212.00;211
14234;111;629121360;14234;172;14967;15180;10.69;0.65;250.32;18.88;733;112;5213.00;213
14238;111;629121370;14238;178;14967;15180;10.55;0.64;250.29;18.88;729;112;5214.00;213
14242;111;629121381;14242;181;14968;15180;10.48;0.64;250.25;18.88;726;112;5215.00;212
14242;111;629121391;14242;183;14968;15181;10.47;0.64;250.25;18.88;726;112;5216.00;213
14244;111;629121400;14244;188;14969;15181;10.39;0.63;250.22;18.88;725;112;5217.00;212
14247;111;629121409;14247;193;14969;15181;10.31;0.63;250.19;18.88;722;112;5218.00;212
14251;111;629121419;14251;197;14969;15181;10.23;0.62;250.16;18.88;718;112;5219.00;212
14251;111;629121429;14251;197;14990;15217;10.26;0.63;250.16;18.86;739;112;5220.00;227
14255;111;629121441;14255;200;14990;15217;10.21;0.62;250.15;18.86;735;112;5221.00;227
14258;111;629121451;14258;201;14992;15217;10.12;0.62;250.13;18.85;734;112;5222.00;225
14261;111;629121460;14261;211;14994;15217;9.98;0.61;250.12;18.85;733;112;5223.00;223
14264;111;629121470;14264;216;14995;15217;9.86;0.60;250.10;18.85;731;112;5224.00;222
14265;111;629121479;14265;217;14997;15217;9.74;0.59;250.09;18.85;732;112;5225.00;220
14267;111;629121489;14267;223;15000;15221;9.63;0.59;250.08;18.84;733;112;5226.00;221
14269;111;629121499;14269;221;15002;15221;9.54;0.58;250.07;18.84;733;112;5227.00;219
14271;111;629121508;14271;228;15004;15225;9.53;0.58;250.13;18.84;733;112;5228.00;221
14272;111;629121519;14272;241;15007;15226;9.50;0.58;250.13;18.84;735;112;5229.00;219
14272;111;629121535;14272;243;15009;15226;9.47;0.57;250.13;18.85;737;112;5230.00;217
14272;111;629121544;14272;252;15012;15226;9.41;0.57;250.13;18.87;740;112;5231.00;214
14273;111;629121554;14273;258;15023;15239;9.23;0.56;250.11;18.89;750;112;5232.00;216
14274;111;629121565;14274;264;15024;15239;9.09;0.55;250.10;18.89;750;112;5233.00;215
14274;111;629121574;14274;267;15024;15239;8.98;0.55;250.10;18.89;750;112;5234.00;215
14278;111;629121583;14278;264;15027;15240;8.89;0.54;250.08;18.91;749;112;5235.00;213
14278;111;629121594;14278;255;15028;15241;8.83;0.54;250.08;18.91;750;112;5236.00;213
14278;111;629121603;14278;246;15030;15241;8.84;0.54;250.08;18.94;752;112;5237.00;211
14279;111;629121618;14279;250;15032;15244;8.86;0.54;250.08;18.94;753;112;5238.00;212
14281;111;629121628;14281;253;15033;15244;8.83;0.54;250.07;18.95;752;112;5239.00;211
14281;111;629121637;14281;255;15035;15244;8.89;0.54;250.07;18.96;754;112;5240.00;209
14282;111;629121648;14282;256;15037;15244;8.86;0.54;250.06;18.99;755;112;5241.00;207
14282;112;629121663;14282;254;15041;15250;8.88;0.54;250.06;18.98;759;113;5242.00;209
14282;112;629121684;14282;252;15042;15250;8.81;0.54;250.06;19.00;760;113;5243.00;208
14283;112;629121694;14283;252;15044;15250;8.76;0.54;250.05;19.01;761;113;5244.00;206
14284;112;629121704;14284;250;15045;15250;8.72;0.53;250.06;19.02;761;113;5245.00;205
14286;112;629121714;14286;249;15050;15254;8.59;0.52;250.04;19.04;764;113;5246.00;204
14286;112;629121724;14286;249;15052;15255;8.50;0.52;250.04;19.05;766;113;5247.00;203
14288;112;629121733;14288;256;15053;15255;8.40;0.51;250.02;19.06;765;113;5248.00;202
14289;112;629121743;14289;255;15055;15256;8.37;0.51;250.01;19.07;766;113;5249.00;201
14291;112;629121754;14291;253;15057;15256;8.25;0.50;250.00;19.09;766;113;5250.00;199
14293;112;629121769;14293;249;15058;15256;8.20;0.50;249.99;19.10;765;113;5251.00;198
14293;112;629121779;14293;248;15059;15256;8.18;0.50;249.99;19.11;766;113;5252.00;197
14294;112;629121788;14294;244;15059;15256;8.21;0.50;250.03;19.11;765;113;5253.00;197
14294;112;629121798;14294;247;15062;15256;8.29;0.51;250.03;19.13;768;113;5254.00;194
14298;112;629121806;14298;245;15062;15256;8.33;0.51;250.01;19.13;764;113;5255.00;194
14300;112;629121816;14300;246;15095;15326;8.56;0.52;250.02;19.09;795;113;5256.00;231
14303;112;629121831;14303;242;15097;15327;8.56;0.52;250.00;19.10;794;113;5257.00;230
14304;112;629121841;14304;238;15107;15327;8.72;0.53;250.03;19.09;803;113;5258.00;220
14307;112;629121850;14307;237;15115;15327;8.79;0.54;250.02;19.08;808;113;5259.00;212
14311;112;629121867;14311;241;15123;15327;8.74;0.54;250.04;19.09;812;113;5260.00;204
14312;112;629121877;14312;235;15128;15327;8.64;0.53;250.05;19.08;816;113;5261.00;199
14318;112;629121887;14318;242;15133;15327;8.48;0.52;250.04;19.09;815;113;5262.00;194
14321;112;629121897;14321;244;15133;15327;8.37;0.51;250.02;19.09;812;113;5263.00;194
14323;112;629121907;14323;242;15136;15328;8.35;0.51;250.03;19.09;813;113;5264.00;192
14328;112;629121919;14328;244;15139;15330;8.29;0.51;250.05;19.10;811;113;5265.00;191
14333;112;629121931;14333;244;15139;15330;8.30;0.51;250.06;19.10;806;113;5266.00;191
14339;112;629121941;14339;249;15144;15334;8.18;0.50;250.07;19.11;805;113;5267.00;190
14344;112;629121952;14344;249;15144;15334;8.03;0.49;250.10;19.11;800;113;5268.00;190
14349;112;629121962;14349;253;15145;15334;7.78;0.48;250.11;19.11;796;113;5269.00;189
14350;112;629121972;14350;247;15147;15334;7.76;0.48;250.13;19.12;797;113;5270.00;187
14355;112;629121982;14355;249;15152;15340;7.68;0.47;250.18;19.11;797;113;5271.00;188
14360;112;629121992;14360;244;15153;15340;7.63;0.47;250.18;19.11;793;113;5272.00;187
14362;112;629122002;14362;239;15154;15340;7.66;0.47;250.18;19.12;792;113;5273.00;186
14368;112;629122012;14368;234;15157;15343;7.72;0.47;250.17;19.12;789;113;5274.00;186
14373;112;629122023;14373;235;15158;15343;7.68;0.47;250.19;19.13;785;113;5275.00;185
14379;112;629122033;14379;231;15158;15343;7.72;0.47;250.22;19.13;779;113;5276.00;185
14381;112;629122044;14381;220;15158;15344;7.80;0.48;250.22;19.13;777;113;5277.00;186
14387;112;629122054;14387;216;15160;15345;7.92;0.48;250.22;19.13;773;113;5278.00;185
14390;112;629122065;14390;207;15160;15345;8.08;0.49;250.23;19.13;770;113;5279.00;185
14393;112;629122078;14393;208;15180;15371;8.18;0.50;250.24;19.11;787;113;5280.00;191
14397;112;629122090;14397;207;15180;15371;8.31;0.51;250.21;19.11;783;113;5281.00;191
14403;112;629122101;14403;211;15181;15371;8.38;0.51;250.20;19.11;778;113;5282.00;190
14406;112;629122112;14406;211;15183;15372;8.48;0.52;250.18;19.10;777;113;5283.00;189
14411;112;629122124;14411;215;15183;15372;8.58;0.52;250.17;19.10;772;113;5284.00;189
14418;112;629122134;14418;216;15186;15376;8.60;0.53;250.15;19.10;768;113;5285.00;190
14423;112;629122147;14423;213;15186;15376;8.63;0.53;250.15;19.10;763;113;5286.00;190
14428;112;629122163;14428;213;15190;15379;8.73;0.53;250.18;19.10;762;113;5287.00;189
14433;112;629122174;14433;216;15190;15380;8.73;0.53;250.17;19.10;757;113;5288.00;190
14436;112;629122186;14436;212;15190;15380;8.82;0.54;250.21;19.10;754;113;5289.00;190
14442;112;629122197;14442;208;15190;15380;8.81;0.54;250.19;19.10;748;113;5290.00;190
14446;112;629122208;14446;207;15190;15380;8.88;0.54;250.26;19.10;744;113;5291.00;190
14448;112;629122219;14448;198;15200;15392;9.07;0.55;250.27;19.08;752;113;5292.00;192
14451;112;629122230;14451;198;15200;15392;9.14;0.56;250.28;19.08;749;113;5293.00;192
14453;112;629122247;14453;197;15201;15392;9.29;0.57;250.28;19.08;748;113;5294.00;191
14459;112;629122258;14459;199;15201;15392;9.35;0.57;250.28;19.08;742;113;5295.00;191
14464;112;629122269;14464;203;15201;15392;9.42;0.58;250.28;19.08;737;113;5296.00;191
14467;112;629122280;14467;202;15201;15392;9.48;0.58;250.29;19.08;734;113;5297.00;191
14473;112;629122291;14473;200;15201;15393;9.53;0.58;250.31;19.08;728;113;5298.00;192
14479;112;629122302;14479;199;15201;15393;9.67;0.59;250.35;19.08;722;113;5299.00;192
14482;112;629122314;14482;198;15205;15399;9.77;0.60;250.36;19.08;723;113;5300.00;194
14488;113;629122329;14488;206;15207;15400;9.75;0.59;250.37;19.08;719;114;5301.00;193
14495;113;629122353;14495;211;15207;15400;9.67;0.59;250.37;19.08;712;114;5302.00;193
14497;113;629122364;14497;209;15207;15400;9.67;0.59;250.36;19.08;710;114;5303.00;193
14503;113;629122375;14503;206;15210;15404;9.70;0.59;250.36;19.07;707;114;5304.00;194
14508;113;629122386;14508;201;15210;15404;9.75;0.59;250.38;19.07;702;114;5305.00;194
14511;113;629122397;14511;197;15210;15404;9.75;0.59;250.38;19.07;699;114;5306.00;194
14514;113;629122414;14514;198;15211;15405;9.78;0.60;250.37;19.07;697;114;5307.00;194
14518;113;629122425;14518;197;15215;15409;9.81;0.60;250.39;19.23;697;114;5308.00;194
14522;113;629122438;14522;198;15215;15409;9.80;0.60;250.41;19.23;693;114;5309.00;194
14526;113;629122451;14526;198;15218;15415;9.82;0.60;250.45;19.22;692;114;5310.00;197
14528;113;629122472;14528;200;15218;15415;9.81;0.60;250.46;19.22;690;114;5311.00;197
14532;113;629122484;14532;203;15219;15415;9.84;0.60;250.46;19.22;687;114;5312.00;196
14534;113;629122494;14534;207;15219;15415;9.81;0.60;250.45;19.22;685;114;5313.00;196
14539;113;629122505;14539;211;15222;15419;9.79;0.59;250.46;19.22;683;114;5314.00;197
14543;113;629122516;14543;210;15222;15419;9.72;0.59;250.49;19.22;679;114;5315.00;197
14546;113;629122527;14546;217;15223;15419;9.75;0.59;250.52;19.22;677;114;5316.00;196
14549;113;629122541;14549;205;15223;15419;9.69;0.59;250.53;19.22;674;114;5317.00;196
14551;113;629122555;14551;201;15224;15420;9.64;0.58;250.55;19.22;673;114;5318.00;196
14556;113;629122570;14556;196;15225;15421;9.63;0.58;250.55;19.21;669;114;5319.00;196
14559;113;629122585;14559;190;15226;15421;9.66;0.58;250.56;19.21;667;114;5320.00;195
14562;113;629122601;14562;190;15227;15422;9.68;0.59;250.56;19.21;665;114;5321.00;195
14566;113;629122614;14566;187;15227;15422;9.66;0.58;250.62;19.21;661;114;5322.00;195
14573;113;629122629;14573;192;15227;15422;9.63;0.58;250.62;19.21;654;114;5323.00;195
14574;113;629122644;14574;193;15227;15422;9.59;0.58;250.63;19.21;653;114;5324.00;195
14576;113;629122670;14576;197;15227;15422;9.55;0.58;250.64;19.21;651;114;5325.00;195
14578;113;629122688;14578;185;15227;15422;9.50;0.58;250.66;19.21;649;114;5326.00;195
14579;113;629122701;14579;170;15227;15422;9.50;0.58;250.67;19.21;648;114;5327.00;195
14583;113;629122712;14583;184;15295;15549;9.46;0.58;250.69;19.13;712;114;5328.00;254
14585;113;629122735;14585;167;15297;15550;9.45;0.58;250.67;19.12;712;114;5329.00;253
14589;113;629122745;14589;159;15304;15550;9.58;0.59;250.71;19.12;715;114;5330.00;246
14590;113;629122757;14590;151;15306;15550;9.65;0.60;250.72;19.11;716;114;5331.00;244
14592;113;629122768;14592;145;15310;15550;9.77;0.60;250.77;19.11;718;114;5332.00;240
14597;113;629122779;14597;138;15315;15550;9.88;0.61;250.82;19.11;718;114;5333.00;235
14600;113;629122790;14600;138;15320;15550;10.03;0.62;250.83;19.10;720;114;5334.00;230
14603;113;629122801;14603;138;15322;15550;10.10;0.62;250.82;19.10;719;114;5335.00;228
14606;113;629122812;14606;140;15329;15551;10.11;0.62;250.82;19.09;723;114;5336.00;222
14610;113;629122828;14610;145;15331;15552;10.10;0.62;250.82;19.09;721;114;5337.00;221
14611;113;629122840;14611;149;15335;15552;10.14;0.62;250.82;19.09;724;114;5338.00;217
14615;113;629122851;14615;148;15338;15553;10.08;0.62;250.82;19.09;723;114;5339.00;215
14618;113;629122863;14618;146;15341;15553;10.08;0.62;250.83;19.09;723;114;5340.00;212
14619;113;629122874;14619;155;15341;15553;10.01;0.62;250.84;19.09;722;114;5341.00;212
14624;113;629122886;14624;157;15344;15553;10.07;0.62;250.82;19.09;720;114;5342.00;209
14626;114;629122897;14626;160;15346;15557;10.16;0.62;250.82;19.08;720;115;5343.00;211
14628;114;629122919;14628;164;15349;15557;10.26;0.63;250.84;19.08;721;115;5344.00;208
14632;114;629122931;14632;163;15349;15557;10.24;0.63;250.82;19.08;717;115;5345.00;208
14635;114;629122942;14635;167;15352;15560;10.34;0.63;250.85;19.08;717;115;5346.00;208
14636;114;629122959;14636;168;15352;15560;10.38;0.63;250.84;19.08;716;115;5347.00;208
14637;114;629122969;14637;171;15353;15560;10.40;0.63;250.82;19.08;716;115;5348.00;207
14640;114;629122979;14640;170;15356;15564;10.38;0.63;250.80;19.08;716;115;5349.00;208
14642;114;629122990;14642;171;15358;15565;10.41;0.63;250.81;19.07;716;115;5350.00;207
14642;114;629123005;14642;174;15358;15565;10.39;0.63;250.81;19.07;716;115;5351.00;207
14644;114;629123015;14644;182;15361;15569;10.39;0.63;250.81;19.07;717;115;5352.00;208
14645;114;629123025;14645;183;15361;15569;10.32;0.63;250.79;19.07;716;115;5353.00;208
14647;114;629123041;14647;186;15361;15569;10.30;0.63;250.80;19.07;714;115;5354.00;208
14647;114;629123052;14647;193;15363;15571;10.28;0.63;250.80;19.07;716;115;5355.00;208
14649;114;629123061;14649;196;15363;15571;10.26;0.63;250.80;19.07;714;115;5356.00;208
14651;114;629123071;14651;199;15367;15577;10.23;0.62;250.78;19.06;716;115;5357.00;210
14655;114;629123081;14655;202;15367;15577;10.27;0.63;250.76;19.06;712;115;5358.00;210
14655;114;629123091;14655;206;15368;15577;10.31;0.63;250.76;19.06;713;115;5359.00;209
14661;114;629123101;14661;207;15368;15578;10.28;0.63;250.74;19.06;707;115;5360.00;210
14662;114;629123128;14662;207;15368;15578;10.28;0.63;250.73;19.06;706;115;5361.00;210
14666;114;629123138;14666;207;15368;15578;10.27;0.62;250.70;19.06;702;115;5362.00;210
14669;114;629123147;14669;203;15368;15578;10.33;0.63;250.69;19.06;699;115;5363.00;210
14673;114;629123156;14673;201;15377;15590;10.32;0.63;250.67;19.05;704;115;5364.00;213
14674;115;629123173;14674;202;15377;15590;10.32;0.63;250.66;19.05;703;116;5365.00;213
14674;115;629123188;14674;205;15379;15590;10.35;0.63;250.66;19.05;705;116;5366.00;211
14675;115;629123197;14675;208;15379;15590;10.36;0.63;250.66;19.05;704;116;5367.00;211
14679;115;629123210;14679;207;15379;15590;10.37;0.63;250.64;19.05;700;116;5368.00;211
14684;115;629123219;14684;207;15379;15590;10.39;0.63;250.62;19.05;695;116;5369.00;211
14687;115;629123229;14687;207;15382;15594;10.37;0.63;250.59;19.04;695;116;5370.00;212
14689;115;629123239;14689;200;15382;15594;10.34;0.63;250.58;19.04;693;116;5371.00;212
14692;115;629123257;14692;197;15385;15598;10.41;0.64;250.56;19.04;693;116;5372.00;213
14697;115;629123266;14697;194;15386;15599;10.40;0.63;250.53;19.04;689;116;5373.00;213
14698;115;629123281;14698;193;15387;15599;10.46;0.64;250.51;19.04;689;116;5374.00;212
14701;115;629123289;14701;190;15388;15599;10.42;0.64;250.55;19.05;687;116;5375.00;211
14704;115;629123299;14704;186;15398;15612;10.40;0.63;250.52;19.04;694;116;5376.00;214
14705;115;629123311;14705;188;15398;15612;10.42;0.63;250.51;19.04;693;116;5377.00;214
14711;115;629123322;14711;186;15400;15612;10.43;0.63;250.52;19.20;689;116;5378.00;212
14712;115;629123336;14712;187;15401;15613;10.50;0.64;250.51;19.20;689;116;5379.00;212
14714;115;629123348;14714;184;15401;15614;10.61;0.64;250.49;19.20;687;116;5380.00;213
14715;115;629123359;14715;184;15401;15614;10.68;0.65;250.48;19.20;686;116;5381.00;213
14717;115;629123367;14717;188;15403;15617;10.76;0.65;250.47;19.20;686;116;5382.00;214
14721;115;629123376;14721;188;15404;15617;10.72;0.65;250.44;19.20;683;116;5383.00;213
14724;115;629123386;14724;186;15404;15617;10.63;0.64;250.43;19.20;680;116;5384.00;213
14725;115;629123396;14725;190;15405;15617;10.55;0.64;250.41;19.21;680;116;5385.00;212
14730;115;629123405;14730;196;15409;15623;10.52;0.64;250.41;19.20;679;116;5386.00;214
14731;115;629123415;14731;184;15409;15623;10.43;0.63;250.40;19.20;678;116;5387.00;214
14733;115;629123424;14733;177;15410;15623;10.43;0.63;250.40;19.20;677;116;5388.00;213
14736;115;629123434;14736;172;15410;15623;10.43;0.63;250.40;19.20;674;116;5389.00;213
14737;115;629123443;14737;165;15413;15627;10.44;0.63;250.39;19.20;676;116;5390.00;214
14737;115;629123453;14737;162;15415;15628;10.48;0.64;250.39;19.21;678;116;5391.00;213
14739;115;629123462;14739;161;15415;15628;10.49;0.64;250.37;19.21;676;116;5392.00;213
14739;115;629123472;14739;152;15416;15629;10.51;0.64;250.37;19.21;677;116;5393.00;213
14740;116;629123487;14740;149;15416;15629;10.52;0.64;250.37;19.21;676;117;5394.00;213
14741;116;629123507;14741;145;15416;15629;10.58;0.64;250.38;19.21;675;117;5395.00;213
14743;116;629123516;14743;146;15417;15629;10.66;0.65;250.38;19.23;674;117;5396.00;212
14743;116;629123527;14743;144;15417;15629;10.73;0.65;250.38;19.23;674;117;5397.00;212
14746;116;629123541;14746;148;15417;15629;10.74;0.65;250.41;19.23;671;117;5398.00;212
14746;116;629123557;14746;149;15418;15629;10.76;0.65;250.41;19.23;672;117;5399.00;211
