step_arrived;step_collisions;step_duration;step_ended;step_halting;step_inserted;step_loaded;step_meanSpeed;step_meanSpeedRelative;step_meanTravelTime;step_meanWaitingTime;step_running;step_teleports;step_time;step_waiting
0;0;628998252;0;1;88;245;16.10;1.13;-1.00;0.00;88;0;0.00;157
0;0;628998278;0;1;97;245;15.38;1.07;-1.00;0.09;97;0;1.00;148
0;0;628998279;0;4;117;245;14.42;0.99;-1.00;0.42;117;0;2.00;128
0;0;628998280;0;2;133;245;13.84;0.93;-1.00;0.73;133;0;3.00;112
0;0;628998281;0;3;147;245;12.89;0.86;-1.00;1.04;147;0;4.00;98
0;0;628998282;0;5;155;245;12.14;0.81;-1.00;1.25;155;0;5.00;90
0;0;628998284;0;5;165;245;11.43;0.76;-1.00;1.53;165;0;6.00;80
0;0;628998285;0;12;170;245;10.68;0.71;-1.00;1.69;170;0;7.00;75
0;0;628998287;0;15;180;246;9.93;0.66;-1.00;2.04;180;0;8.00;66
0;0;628998289;0;15;184;247;9.74;0.65;-1.00;2.16;184;0;9.00;63
0;0;628998291;0;21;190;247;9.45;0.63;-1.00;2.41;190;0;10.00;57
0;0;628998293;0;21;195;248;9.34;0.62;-1.00;2.57;195;0;11.00;53
0;0;628998295;0;27;198;248;9.24;0.61;-1.00;2.72;198;0;12.00;50
0;0;628998297;0;29;204;248;9.22;0.60;-1.00;3.02;204;0;13.00;44
1;0;628998299;1;30;206;248;9.32;0.61;14.00;3.13;205;0;14.00;42
1;0;628998302;1;34;212;252;9.38;0.61;14.00;3.33;211;0;15.00;40
1;0;628998304;1;36;215;252;9.28;0.60;14.00;3.51;214;0;16.00;37
1;0;628998307;1;41;219;252;9.22;0.59;14.00;3.75;218;0;17.00;33
1;0;628998309;1;50;223;255;9.29;0.59;14.00;3.93;222;0;18.00;32
3;0;628998312;3;53;226;255;9.22;0.59;17.33;4.13;223;0;19.00;29
3;0;628998320;3;58;228;255;9.28;0.59;17.33;4.27;225;0;20.00;27
3;0;628998322;3;63;236;259;9.25;0.58;17.33;4.50;233;0;21.00;23
4;0;628998325;4;67;240;260;9.22;0.58;18.50;4.66;236;0;22.00;20
4;0;628998328;4;73;243;260;9.20;0.58;18.50;4.89;239;0;23.00;17
4;0;628998331;4;75;248;264;9.24;0.58;18.50;5.01;244;0;24.00;16
5;0;628998334;5;78;251;264;9.21;0.57;19.80;5.15;246;0;25.00;13
6;0;628998337;6;82;251;264;9.20;0.57;20.50;5.15;245;0;26.00;13
6;0;628998340;6;86;254;265;9.20;0.57;20.50;5.25;248;0;27.00;11
6;0;628998343;6;90;256;265;9.14;0.56;20.50;5.43;250;0;28.00;9
6;0;628998346;6;92;261;271;9.08;0.56;20.50;5.39;255;0;29.00;10
7;0;628998351;7;95;263;271;9.01;0.55;21.57;5.42;256;0;30.00;8
7;0;628998354;7;99;264;272;8.93;0.55;21.57;5.41;257;0;31.00;8
7;0;628998357;7;101;264;272;8.91;0.55;21.57;5.41;257;0;32.00;8
8;0;628998360;8;104;264;272;8.80;0.54;22.38;5.41;256;0;33.00;8
8;0;628998363;8;106;266;272;8.84;0.54;22.38;5.41;258;0;34.00;6
8;0;628998366;8;106;266;272;8.82;0.54;22.38;5.41;258;0;35.00;6
10;0;628998369;10;112;278;284;8.96;0.55;24.70;5.18;268;0;36.00;6
10;0;628998373;10;115;278;284;8.82;0.55;24.70;5.18;268;0;37.00;6
10;0;628998378;10;115;278;284;8.73;0.54;24.70;5.18;268;0;38.00;6
10;0;628998384;10;120;278;284;8.62;0.53;24.70;5.18;268;0;39.00;6
11;0;628998388;11;120;278;284;8.39;0.52;26.09;5.18;267;0;40.00;6
12;0;628998392;12;123;278;284;8.33;0.52;27.08;5.18;266;0;41.00;6
13;0;628998396;13;130;282;288;8.27;0.51;27.69;5.12;269;0;42.00;6
15;0;628998401;15;131;282;288;8.05;0.49;29.27;5.12;267;0;43.00;6
15;0;628998405;15;131;285;292;7.94;0.49;29.27;5.07;270;0;44.00;7
15;0;628998408;15;135;287;294;7.86;0.49;29.27;5.04;272;0;45.00;7
15;0;628998412;15;136;288;294;7.66;0.47;29.27;5.03;273;0;46.00;6
15;0;628998417;15;138;288;294;7.57;0.47;29.27;5.03;273;0;47.00;6
16;0;628998422;16;138;299;307;7.70;0.48;29.13;4.85;283;0;48.00;8
16;0;628998427;16;143;299;307;7.67;0.48;29.13;4.85;283;0;49.00;8
16;0;628998431;16;147;300;307;7.60;0.47;29.13;4.84;284;0;50.00;7
18;0;628998434;18;149;301;308;7.52;0.47;31.56;4.82;283;0;51.00;7
20;0;628998439;20;152;302;309;7.42;0.46;33.20;4.81;282;0;52.00;7
20;0;628998443;20;153;302;309;7.41;0.46;33.20;4.81;282;0;53.00;7
20;0;628998447;20;153;304;312;7.55;0.47;33.20;4.78;284;0;54.00;8
22;0;628998451;22;157;304;312;7.37;0.46;32.50;4.78;282;0;55.00;8
22;0;628998454;22;143;305;312;7.34;0.46;32.50;4.77;283;0;56.00;7
22;0;628998459;22;139;305;312;7.29;0.45;32.50;4.77;283;0;57.00;7
23;0;628998463;23;135;310;318;7.32;0.45;33.61;4.71;287;0;58.00;8
24;0;628998468;24;138;310;318;7.37;0.46;34.67;4.71;286;0;59.00;8
24;0;628998474;24;140;311;318;7.50;0.47;34.67;4.70;287;0;60.00;7
26;0;628998477;26;141;311;318;7.51;0.46;35.46;4.70;285;0;61.00;7
26;1;628998480;26;143;315;322;7.58;0.47;35.46;4.66;289;1;62.00;7
27;1;628998503;27;147;316;323;7.74;0.48;36.48;4.64;289;1;63.00;7
29;1;628998507;29;149;316;323;7.87;0.48;38.24;4.64;287;1;64.00;7
30;1;628998511;30;152;317;324;7.91;0.48;39.07;4.63;287;1;65.00;7
31;1;628998514;31;153;317;324;7.90;0.48;38.58;4.63;286;1;66.00;7
31;1;628998517;31;145;317;324;7.95;0.49;38.58;4.63;286;1;67.00;7
31;1;628998521;31;139;317;324;8.03;0.49;38.58;4.63;286;1;68.00;7
32;1;628998524;32;135;317;324;8.07;0.49;39.53;4.63;285;1;69.00;7
32;1;628998527;32;131;317;324;8.21;0.50;39.53;4.63;285;1;70.00;7
32;1;628998530;32;127;317;324;8.33;0.51;39.53;4.63;285;1;71.00;7
33;1;628998533;33;132;352;394;8.45;0.52;40.52;4.17;319;1;72.00;42
35;1;628998542;35;124;353;395;8.63;0.53;41.97;4.16;318;1;73.00;42
35;1;628998546;35;115;359;395;9.05;0.55;41.97;4.13;324;1;74.00;36
35;1;628998550;35;111;362;395;9.37;0.57;41.97;4.12;327;1;75.00;33
35;1;628998553;35;109;366;395;9.67;0.59;41.97;4.11;331;1;76.00;29
36;1;628998567;36;107;370;395;9.81;0.60;42.94;4.12;334;1;77.00;25
36;2;628998571;36;109;374;395;9.94;0.61;42.94;4.14;338;2;78.00;21
36;2;628998591;36;108;376;395;9.90;0.60;42.94;4.16;340;2;79.00;19
37;2;628998600;37;109;379;396;9.86;0.60;43.95;4.17;342;2;80.00;17
39;2;628998610;39;109;380;397;9.84;0.60;45.85;4.16;341;2;81.00;17
41;2;628998614;41;113;381;397;9.90;0.60;46.68;4.18;340;2;82.00;16
41;2;628998618;41;116;385;401;9.68;0.59;46.68;4.14;344;2;83.00;16
41;2;628998622;41;119;385;401;9.67;0.59;46.68;4.14;344;2;84.00;16
42;2;628998626;42;121;385;401;9.69;0.59;47.48;4.14;343;2;85.00;16
42;2;628998630;42;118;385;401;9.70;0.59;47.48;4.14;343;2;86.00;16
42;2;628998634;42;119;389;407;9.58;0.58;47.48;4.11;347;2;87.00;18
42;2;628998638;42;124;389;407;9.53;0.58;47.48;4.11;347;2;88.00;18
43;2;628998641;43;123;390;407;9.50;0.58;48.44;4.11;347;2;89.00;17
45;2;628998646;45;125;393;413;9.42;0.57;50.29;4.08;348;2;90.00;20
47;2;628998651;47;129;394;413;9.32;0.57;52.02;4.07;347;2;91.00;19
49;2;628998655;49;130;394;413;9.26;0.56;53.65;4.07;345;2;92.00;19
52;2;628998659;52;132;396;414;9.25;0.56;55.81;4.06;344;2;93.00;18
53;2;628998663;53;133;397;415;9.35;0.57;56.53;4.05;344;2;94.00;18
54;2;628998667;54;134;398;415;9.45;0.58;57.24;4.05;344;2;95.00;17
56;2;628998671;56;137;408;428;9.41;0.57;57.34;3.95;352;2;96.00;20
58;2;628998676;58;136;409;428;9.37;0.57;58.34;3.95;351;2;97.00;19
59;2;628998680;59;138;409;428;9.36;0.57;59.02;3.95;350;2;98.00;19
59;2;628998684;59;135;410;429;9.45;0.58;59.02;3.94;351;2;99.00;19
59;2;628998688;59;135;410;429;9.54;0.58;59.02;3.94;351;2;100.00;19
63;2;628998696;63;133;412;433;9.57;0.58;61.59;3.92;349;2;101.00;21
63;2;628998700;63;127;412;433;9.60;0.59;61.59;3.92;349;2;102.00;21
64;2;628998704;64;123;417;437;9.59;0.59;62.08;3.89;353;2;103.00;20
66;2;628998709;66;115;419;437;9.66;0.59;63.20;4.03;353;2;104.00;18
68;2;628998714;68;113;419;437;9.78;0.59;64.35;4.03;351;2;105.00;18
68;2;628998719;68;110;419;437;9.92;0.60;64.35;4.03;351;2;106.00;18
68;2;628998723;68;99;419;437;10.03;0.61;64.35;4.03;351;2;107.00;18
68;2;628998727;68;88;429;449;10.17;0.62;64.35;3.93;361;2;108.00;20
69;2;628998732;69;82;430;449;10.33;0.63;65.00;3.93;361;2;109.00;19
69;2;628998737;69;79;431;449;10.51;0.64;65.00;3.92;362;2;110.00;18
70;2;628998742;70;76;431;449;10.63;0.65;65.61;3.92;361;2;111.00;18
70;2;628998746;70;72;431;449;10.87;0.67;65.61;3.92;361;2;112.00;18
71;2;628998751;71;72;431;449;11.05;0.68;65.94;3.92;360;2;113.00;18
71;2;628998756;71;69;432;450;11.16;0.68;65.94;3.91;361;2;114.00;18
73;2;628998762;73;69;432;450;11.21;0.69;66.63;3.91;359;2;115.00;18
74;2;628998767;74;70;436;456;11.31;0.69;67.28;3.89;362;2;116.00;20
75;2;628998772;75;69;439;457;11.41;0.70;67.91;4.13;364;2;117.00;18
75;2;628998778;75;73;439;457;11.50;0.70;67.91;4.13;364;2;118.00;18
75;2;628998783;75;78;442;457;11.52;0.70;67.91;4.59;367;2;119.00;15
75;2;628998796;75;81;446;462;11.62;0.71;67.91;4.54;371;2;120.00;16
77;2;628998802;77;77;449;462;11.61;0.71;69.25;5.00;372;2;121.00;13
77;2;628998808;77;77;449;462;11.67;0.71;69.25;5.00;372;2;122.00;13
78;2;628998814;78;76;450;463;11.78;0.72;69.47;4.99;372;2;123.00;13
81;2;628998820;81;78;457;467;11.68;0.71;71.43;5.39;376;2;124.00;10
83;2;628998826;83;79;457;467;11.76;0.72;72.57;5.39;374;2;125.00;10
84;2;628998833;84;83;461;470;11.81;0.72;73.20;5.68;377;2;126.00;9
86;2;628998839;86;87;463;470;11.86;0.72;74.07;5.68;377;2;127.00;7
86;2;628998845;86;90;464;470;11.80;0.72;74.07;5.94;378;2;128.00;6
90;2;628998851;90;94;464;470;11.85;0.72;75.46;5.94;374;2;129.00;6
91;2;628998858;91;94;468;474;11.77;0.71;76.04;6.07;377;2;130.00;6
92;2;628998864;92;95;468;474;11.70;0.71;76.64;6.07;376;2;131.00;6
94;2;628998870;94;94;470;474;11.78;0.71;77.52;6.18;376;2;132.00;4
94;2;628998876;94;97;470;474;11.74;0.71;77.52;6.18;376;2;133.00;4
95;2;628998881;95;99;472;475;11.67;0.71;78.12;6.29;377;2;134.00;3
97;2;628998887;97;101;475;477;11.54;0.70;77.82;6.33;378;2;135.00;2
97;2;628998893;97;102;475;477;11.56;0.70;77.82;6.33;378;2;136.00;2
99;2;628998899;99;106;476;478;11.51;0.70;78.58;6.32;377;2;137.00;2
101;2;628998905;101;108;477;478;11.45;0.70;79.73;6.40;376;2;138.00;1
102;2;628998910;102;109;477;478;11.47;0.70;79.61;6.40;375;2;139.00;1
104;2;628998916;104;110;477;478;11.37;0.70;80.08;6.40;373;2;140.00;1
105;2;628998922;105;112;478;478;11.24;0.69;80.66;6.43;373;2;141.00;0
105;2;628998927;105;113;478;478;11.22;0.69;80.66;6.43;373;2;142.00;0
105;2;628998933;105;118;478;478;11.25;0.70;80.66;6.43;373;2;143.00;0
108;2;628998938;108;141;552;605;10.97;0.69;80.99;5.57;444;2;144.00;53
110;2;628998954;110;136;558;606;11.01;0.69;82.10;5.52;448;2;145.00;48
111;2;628998960;111;129;566;606;11.01;0.69;82.35;5.47;455;2;146.00;40
111;2;628998966;111;128;569;606;11.03;0.69;82.35;5.46;458;2;147.00;37
112;2;628998972;112;131;572;606;11.06;0.70;82.82;5.45;460;2;148.00;34
114;2;628998978;114;127;580;606;11.02;0.69;83.96;5.44;466;2;149.00;26
117;2;628998986;117;122;585;611;11.01;0.69;84.79;5.45;468;2;150.00;26
117;2;628998996;117;122;587;611;11.03;0.69;84.79;5.45;470;2;151.00;24
117;3;628999009;117;122;590;612;11.10;0.69;84.79;5.47;473;3;152.00;22
121;3;628999038;121;120;593;613;11.15;0.69;85.56;5.49;472;3;153.00;20
123;3;628999047;123;123;597;613;11.25;0.70;86.66;5.50;474;3;154.00;16
123;3;628999055;123;122;599;614;11.20;0.70;86.66;5.51;476;3;155.00;15
123;3;628999068;123;125;601;614;11.04;0.69;86.66;5.52;478;3;156.00;13
127;3;628999074;127;126;602;614;10.89;0.68;88.15;5.53;475;3;157.00;12
129;3;628999081;129;129;604;614;10.76;0.67;88.95;5.56;475;3;158.00;10
130;3;628999089;130;137;607;618;10.75;0.67;89.22;5.56;477;3;159.00;11
133;3;628999096;133;143;609;618;10.70;0.67;90.59;5.58;476;3;160.00;9
136;3;628999103;136;145;609;618;10.55;0.66;90.56;5.58;473;3;161.00;9
140;3;628999109;140;142;613;621;10.44;0.65;91.58;5.59;473;3;162.00;8
140;3;628999116;140;144;613;621;10.32;0.64;91.58;5.59;473;3;163.00;8
140;3;628999122;140;144;614;621;10.24;0.64;91.58;5.60;474;3;164.00;7
143;3;628999129;143;144;617;625;10.16;0.63;92.50;5.58;474;3;165.00;8
147;3;628999135;147;142;618;626;10.10;0.62;94.21;5.57;471;3;166.00;8
153;3;628999141;153;141;618;626;9.95;0.61;95.65;5.57;465;3;167.00;8
155;3;628999148;155;142;624;630;9.74;0.60;95.79;5.57;469;3;168.00;6
156;3;628999154;156;144;624;630;9.53;0.59;95.79;5.57;468;3;169.00;6
157;3;628999160;157;140;625;630;9.38;0.58;96.13;5.59;468;3;170.00;5
158;3;628999165;158;139;626;631;9.33;0.58;95.95;5.58;468;3;171.00;5
158;3;628999171;158;137;627;631;9.31;0.58;95.95;5.62;469;3;172.00;4
161;3;628999177;161;137;633;637;9.33;0.57;96.91;5.62;472;3;173.00;4
164;3;628999183;164;133;633;637;9.35;0.57;97.47;5.62;469;3;174.00;4
166;3;628999189;166;129;635;638;9.39;0.58;98.14;5.62;469;3;175.00;3
167;3;628999195;167;131;637;638;9.47;0.58;98.56;5.65;470;3;176.00;1
167;3;628999200;167;126;637;638;9.60;0.59;98.56;5.65;470;3;177.00;1
168;3;628999212;168;131;638;638;9.68;0.59;98.51;5.65;470;3;178.00;0
168;3;628999219;168;126;638;638;9.88;0.61;98.51;5.65;470;3;179.00;0
170;3;628999226;170;135;668;672;9.93;0.61;99.44;5.40;498;3;180.00;4
170;3;628999235;170;127;669;672;9.95;0.61;99.44;5.39;499;3;181.00;3
171;3;628999241;171;124;671;672;9.99;0.62;99.50;5.38;500;3;182.00;1
171;3;628999247;171;126;671;672;10.15;0.63;99.50;5.38;500;3;183.00;1
172;3;628999253;172;128;672;672;10.21;0.63;99.99;5.38;500;3;184.00;0
173;3;628999260;173;136;672;672;10.16;0.63;100.21;5.38;499;3;185.00;0
174;3;628999266;174;138;676;676;10.17;0.63;100.26;5.35;502;3;186.00;0
176;3;628999272;176;142;676;676;10.04;0.62;100.31;5.35;500;3;187.00;0
176;3;628999278;176;148;679;680;9.96;0.62;100.31;5.33;503;3;188.00;1
180;3;628999284;180;159;680;681;9.82;0.61;100.93;5.33;500;3;189.00;1
183;3;628999291;183;160;681;681;9.73;0.60;101.51;5.32;498;3;190.00;0
184;3;628999297;184;169;681;681;9.64;0.59;101.27;5.32;497;3;191.00;0
188;3;628999303;188;177;694;694;9.49;0.58;100.98;5.22;506;3;192.00;0
189;3;628999311;189;180;694;694;9.35;0.58;101.47;5.22;505;3;193.00;0
193;3;628999317;193;187;694;694;9.22;0.57;101.80;5.22;501;3;194.00;0
194;3;628999323;194;190;695;695;9.19;0.57;101.54;5.22;501;3;195.00;0
200;3;628999329;200;191;696;696;8.99;0.55;101.83;5.21;496;3;196.00;0
203;3;628999336;203;195;696;696;8.93;0.55;101.86;5.21;493;3;197.00;0
206;3;628999347;206;198;698;699;8.82;0.54;101.63;5.19;492;3;198.00;1
208;3;628999353;208;203;699;699;8.70;0.53;101.86;5.19;491;3;199.00;0
209;3;628999359;209;206;699;699;8.55;0.53;101.52;5.19;490;3;200.00;0
211;3;628999369;211;208;699;699;8.41;0.52;101.74;5.19;488;3;201.00;0
212;3;628999375;212;210;704;705;8.39;0.52;101.41;5.16;492;3;202.00;1
213;3;628999383;213;212;704;705;8.33;0.51;101.52;5.16;491;3;203.00;1
215;3;628999389;215;219;705;705;8.25;0.51;102.03;5.16;490;3;204.00;0
217;3;628999395;217;221;705;705;8.09;0.50;102.30;5.16;488;3;205.00;0
218;3;628999401;218;225;709;709;8.08;0.50;102.12;5.13;491;3;206.00;0
220;3;628999407;220;232;710;710;8.00;0.49;101.90;5.13;490;3;207.00;0
221;3;628999413;221;237;710;710;7.83;0.48;102.38;5.13;489;3;208.00;0
221;3;628999420;221;239;711;711;7.74;0.48;102.38;5.12;490;3;209.00;0
224;3;628999427;224;248;711;711;7.59;0.47;102.88;5.12;487;3;210.00;0
225;3;628999438;225;247;711;711;7.50;0.46;102.72;5.12;486;3;211.00;0
225;3;628999449;225;248;711;711;7.48;0.46;102.72;5.12;486;3;212.00;0
226;3;628999454;226;250;711;711;7.45;0.46;102.36;5.12;485;3;213.00;0
227;3;628999460;227;254;711;711;7.37;0.45;102.03;5.12;484;3;214.00;0
229;3;628999466;229;256;711;711;7.32;0.45;102.33;5.12;482;3;215.00;0
229;3;628999472;229;270;753;781;7.47;0.46;102.33;4.83;524;3;216.00;28
232;3;628999484;232;254;755;782;7.50;0.46;103.00;4.82;523;3;217.00;27
233;3;628999491;233;242;763;782;7.64;0.47;103.49;4.79;530;3;218.00;19
233;3;628999497;233;221;765;782;7.77;0.48;103.49;4.79;532;3;219.00;17
236;3;628999503;236;208;769;782;8.00;0.49;104.34;4.79;533;3;220.00;13
236;3;628999510;236;204;771;782;8.18;0.50;104.34;4.79;535;3;221.00;11
237;4;628999517;237;199;775;782;8.38;0.52;104.41;4.79;538;4;222.00;7
238;4;628999531;238;194;776;782;8.53;0.52;104.30;4.80;538;4;223.00;6
239;4;628999542;239;191;779;783;8.65;0.53;104.28;4.81;540;4;224.00;4
239;4;628999550;239;188;782;785;8.76;0.54;104.28;4.80;543;4;225.00;3
240;4;628999562;240;169;784;785;8.94;0.55;104.64;4.81;544;4;226.00;1
243;4;628999571;243;157;789;789;9.05;0.56;105.75;4.79;546;4;227.00;0
245;4;628999582;245;144;789;789;9.27;0.57;105.90;4.79;544;4;228.00;0
247;4;628999589;247;133;789;789;9.48;0.58;106.86;4.79;542;4;229.00;0
249;4;628999597;249;127;789;789;9.69;0.59;107.22;4.79;540;4;230.00;0
250;4;628999611;250;120;794;795;9.93;0.61;107.70;4.77;544;4;231.00;1
254;4;628999620;254;114;794;795;10.10;0.62;108.37;4.77;540;4;232.00;1
256;4;628999628;256;104;795;795;10.35;0.63;108.68;4.77;539;4;233.00;0
256;4;628999637;256;94;797;798;10.66;0.65;108.68;4.76;541;4;234.00;1
256;4;628999645;256;91;798;798;10.86;0.66;108.68;4.75;542;4;235.00;0
257;4;628999653;257;91;798;798;11.02;0.67;108.80;4.75;541;4;236.00;0
259;4;628999661;259;85;799;799;11.10;0.67;109.63;4.75;540;4;237.00;0
261;4;628999668;261;84;800;800;11.24;0.68;110.41;4.74;539;4;238.00;0
262;4;628999676;262;85;800;800;11.39;0.69;110.66;4.74;538;4;239.00;0
263;4;628999685;263;93;824;826;11.24;0.68;110.61;4.60;561;4;240.00;2
265;4;628999695;265;88;825;826;11.40;0.70;111.41;4.60;560;4;241.00;1
266;4;628999702;266;87;826;826;11.52;0.70;111.87;4.60;560;4;242.00;0
270;5;628999710;270;90;827;827;11.67;0.71;112.43;4.59;557;5;243.00;0
274;5;628999728;274;89;827;827;11.75;0.72;113.73;4.59;553;5;244.00;0
276;5;628999737;276;92;830;831;11.83;0.72;114.01;4.58;554;5;245.00;1
277;6;628999744;277;92;830;831;11.93;0.73;113.97;4.58;553;6;246.00;1
280;6;628999762;280;96;835;835;11.90;0.72;114.75;4.56;555;6;247.00;0
284;6;628999770;284;99;835;835;11.95;0.73;115.23;4.56;551;6;248.00;0
287;6;628999778;287;100;835;835;11.98;0.73;115.40;4.56;548;6;249.00;0
290;6;628999785;290;98;835;835;12.10;0.74;115.68;4.56;545;6;250.00;0
290;6;628999792;290;96;835;835;12.23;0.75;115.68;4.56;545;6;251.00;0
292;6;628999800;292;98;845;847;12.21;0.75;115.99;4.50;553;6;252.00;2
293;6;628999808;293;101;845;847;12.21;0.74;116.00;4.50;552;6;253.00;2
297;6;628999816;297;100;847;847;12.21;0.74;117.17;4.50;550;6;254.00;0
298;6;628999829;298;104;847;847;12.19;0.74;117.15;4.50;549;6;255.00;0
300;6;628999836;300;107;847;847;12.18;0.74;117.52;4.50;547;6;256.00;0
302;6;628999843;302;111;847;847;12.14;0.74;117.49;4.50;545;6;257.00;0
305;6;628999850;305;112;848;848;12.15;0.74;117.75;4.49;543;6;258.00;0
307;6;628999858;307;114;848;848;12.18;0.74;118.40;4.49;541;6;259.00;0
310;7;628999870;310;116;853;854;12.16;0.74;119.41;4.47;543;7;260.00;1
310;7;628999890;310;116;854;855;12.20;0.74;119.41;4.47;544;7;261.00;1
315;7;628999898;315;111;855;855;12.27;0.75;119.52;4.47;540;7;262.00;0
319;7;628999906;319;110;855;855;12.36;0.75;120.11;4.47;536;7;263.00;0
323;7;628999913;323;111;859;859;12.47;0.76;120.80;4.45;536;7;264.00;0
325;7;628999924;325;114;859;859;12.55;0.76;121.13;4.45;534;7;265.00;0
326;7;628999932;326;115;859;859;12.66;0.77;121.13;4.45;533;7;266.00;0
329;7;628999939;329;116;860;860;12.66;0.77;122.13;4.44;531;7;267.00;0
332;7;628999946;332;118;864;864;12.57;0.76;122.56;4.43;532;7;268.00;0
335;7;628999954;335;116;864;864;12.52;0.76;122.88;4.43;529;7;269.00;0
338;7;628999968;338;115;867;870;12.49;0.76;123.55;4.41;529;7;270.00;3
341;7;628999976;341;114;867;870;12.62;0.76;124.21;4.41;526;7;271.00;3
343;7;628999984;343;107;868;870;12.65;0.77;124.40;4.41;525;7;272.00;2
346;7;628999991;346;106;868;870;12.68;0.77;124.58;4.41;522;7;273.00;2
347;7;628999998;347;99;871;874;12.70;0.77;124.60;4.40;524;7;274.00;3
348;7;629000011;348;94;871;874;12.80;0.78;124.61;4.40;523;7;275.00;3
349;7;629000019;349;90;872;874;12.84;0.78;124.64;4.40;523;7;276.00;2
352;7;629000026;352;84;872;874;12.91;0.78;124.57;4.40;520;7;277.00;2
354;7;629000033;354;80;874;875;12.94;0.79;124.74;4.40;520;7;278.00;1
356;7;629000042;356;76;875;876;13.03;0.79;124.86;4.39;519;7;279.00;1
357;7;629000049;357;74;876;876;13.12;0.80;124.69;4.40;519;7;280.00;0
360;7;629000056;360;71;877;877;13.16;0.80;124.36;4.39;517;7;281.00;0
361;7;629000064;361;70;877;877;13.22;0.80;124.55;4.39;516;7;282.00;0
364;7;629000072;364;73;877;877;13.17;0.80;124.65;4.39;513;7;283.00;0
368;7;629000079;368;73;877;877;13.19;0.80;125.10;4.39;509;7;284.00;0
369;7;629000089;369;77;877;877;13.24;0.80;125.18;4.39;508;7;285.00;0
369;7;629000097;369;75;877;877;13.19;0.80;125.18;4.39;508;7;286.00;0
369;7;629000104;369;75;877;877;13.16;0.80;125.18;4.39;508;7;287.00;0
373;7;629000112;373;96;946;1004;12.58;0.78;126.56;4.08;573;7;288.00;58
374;7;629000130;374;90;950;1005;12.54;0.77;126.95;4.06;576;7;289.00;55
374;7;629000139;374;88;957;1005;12.61;0.78;126.95;4.05;583;7;290.00;48
376;7;629000152;376;86;960;1005;12.62;0.78;127.47;4.04;584;7;291.00;45
376;7;629000160;376;89;965;1005;12.71;0.78;127.47;4.04;589;7;292.00;40
376;7;629000169;376;91;969;1005;12.69;0.78;127.47;4.05;593;7;293.00;36
379;7;629000177;379;90;974;1005;12.66;0.78;127.40;4.06;595;7;294.00;31
380;7;629000186;380;93;977;1005;12.64;0.78;127.53;4.07;597;7;295.00;28
381;7;629000195;381;96;981;1006;12.61;0.77;127.22;4.08;600;7;296.00;25
384;7;629000203;384;99;984;1007;12.54;0.77;127.22;4.10;600;7;297.00;23
384;7;629000211;384;100;988;1007;12.51;0.77;127.22;4.12;604;7;298.00;19
389;7;629000220;389;106;992;1008;12.38;0.76;127.87;4.14;603;7;299.00;16
390;7;629000231;390;110;995;1014;12.21;0.75;128.13;4.17;605;7;300.00;19
393;7;629000245;393;118;998;1014;11.94;0.73;128.80;4.18;605;7;301.00;16
394;7;629000254;394;124;1000;1014;11.78;0.72;128.63;4.20;606;7;302.00;14
397;7;629000269;397;133;1005;1018;11.59;0.71;128.75;4.23;608;7;303.00;13
398;7;629000278;398;143;1006;1018;11.42;0.70;129.08;4.24;608;7;304.00;12
400;7;629000288;400;154;1008;1018;11.31;0.70;129.04;4.24;608;7;305.00;10
402;7;629000296;402;159;1011;1021;11.25;0.69;129.89;4.24;609;7;306.00;10
403;7;629000306;403;168;1012;1021;11.19;0.69;129.79;4.24;609;7;307.00;9
403;7;629000314;403;173;1012;1021;11.07;0.68;129.79;4.24;609;7;308.00;9
406;7;629000322;406;179;1015;1025;10.91;0.67;130.27;4.23;609;7;309.00;10
410;7;629000331;410;187;1017;1026;10.77;0.66;130.37;4.23;607;7;310.00;9
412;7;629000340;412;191;1017;1026;10.65;0.66;130.76;4.23;605;7;311.00;9
414;7;629000349;414;193;1021;1030;10.50;0.65;131.21;4.22;607;7;312.00;9
415;7;629000357;415;200;1022;1030;10.31;0.64;131.16;4.23;607;7;313.00;8
419;7;629000365;419;201;1022;1030;10.09;0.62;131.79;4.23;603;7;314.00;8
424;7;629000373;424;201;1025;1032;9.90;0.61;132.50;4.23;601;7;315.00;7
426;7;629000385;426;204;1025;1032;9.74;0.60;133.07;4.23;599;7;316.00;7
431;7;629000403;431;210;1029;1038;9.55;0.59;133.74;4.21;598;7;317.00;9
433;7;629000415;433;220;1031;1038;9.35;0.58;133.97;4.24;598;7;318.00;7
434;7;629000426;434;216;1033;1039;9.22;0.57;134.01;4.24;599;7;319.00;6
438;7;629000438;438;217;1036;1039;9.15;0.56;134.54;4.30;598;7;320.00;3
439;7;629000448;439;220;1037;1039;9.20;0.57;134.56;4.30;598;7;321.00;2
442;7;629000458;442;220;1037;1039;9.23;0.57;134.48;4.30;595;7;322.00;2
444;7;629000476;444;220;1039;1039;9.24;0.57;134.99;4.34;595;7;323.00;0
446;7;629000487;446;219;1051;1051;9.30;0.57;135.13;4.29;605;7;324.00;0
450;7;629000496;450;221;1051;1051;9.28;0.57;135.92;4.29;601;7;325.00;0
452;7;629000505;452;219;1051;1051;9.28;0.57;135.85;4.29;599;7;326.00;0
454;7;629000513;454;217;1051;1051;9.32;0.57;135.74;4.29;597;7;327.00;0
459;7;629000521;459;219;1051;1051;9.29;0.57;136.32;4.29;592;7;328.00;0
462;7;629000529;462;222;1051;1051;9.27;0.57;136.61;4.29;589;7;329.00;0
462;7;629000544;462;228;1055;1055;9.26;0.57;136.61;4.27;593;7;330.00;0
462;7;629000552;462;225;1055;1055;9.24;0.57;136.61;4.27;593;7;331.00;0
464;7;629000559;464;226;1058;1059;9.21;0.56;137.02;4.27;594;7;332.00;1
466;7;629000567;466;230;1060;1060;9.10;0.56;137.86;4.26;594;7;333.00;0
467;7;629000574;467;232;1060;1060;8.99;0.55;138.28;4.26;593;7;334.00;0
472;7;629000582;472;232;1060;1060;8.79;0.54;138.40;4.26;588;7;335.00;0
478;7;629000589;478;232;1073;1073;8.56;0.52;138.80;4.21;595;7;336.00;0
481;7;629000598;481;233;1073;1073;8.40;0.51;139.37;4.21;592;7;337.00;0
485;7;629000605;485;239;1073;1073;8.17;0.50;140.11;4.21;588;7;338.00;0
487;7;629000611;487;244;1074;1074;7.91;0.49;140.93;4.20;587;7;339.00;0
492;7;629000617;492;242;1075;1075;7.64;0.47;141.89;4.20;583;7;340.00;0
497;7;629000623;497;238;1075;1075;7.42;0.46;142.82;4.20;578;7;341.00;0
499;7;629000630;499;238;1077;1078;7.31;0.45;143.36;4.19;578;7;342.00;1
502;7;629000636;502;235;1077;1078;7.32;0.45;143.49;4.19;575;7;343.00;1
506;7;629000643;506;232;1078;1078;7.28;0.45;144.00;4.19;572;7;344.00;0
508;7;629000650;508;235;1078;1078;7.26;0.45;144.21;4.19;570;7;345.00;0
512;7;629000656;512;237;1083;1084;7.29;0.45;144.55;4.18;571;7;346.00;1
516;7;629000662;516;226;1084;1084;7.22;0.45;145.09;4.18;568;7;347.00;0
520;7;629000669;520;227;1084;1084;7.26;0.45;145.61;4.18;564;7;348.00;0
523;7;629000675;523;230;1084;1084;7.28;0.45;145.69;4.18;561;7;349.00;0
527;7;629000681;527;224;1088;1088;7.27;0.45;145.42;4.16;561;7;350.00;0
530;7;629000688;530;222;1089;1089;7.29;0.45;145.13;4.16;559;7;351.00;0
534;7;629000694;534;225;1089;1089;7.21;0.45;145.13;4.16;555;7;352.00;0
536;7;629000700;536;226;1090;1090;7.25;0.45;144.86;4.16;554;7;353.00;0
540;7;629000712;540;229;1090;1090;7.29;0.45;144.65;4.16;550;7;354.00;0
543;7;629000718;543;226;1090;1090;7.37;0.45;144.30;4.16;547;7;355.00;0
547;7;629000724;547;228;1090;1090;7.44;0.46;143.95;4.16;543;7;356.00;0
550;7;629000731;550;226;1090;1090;7.44;0.45;144.15;4.16;540;7;357.00;0
550;7;629000738;550;227;1090;1090;7.42;0.45;144.15;4.16;540;7;358.00;0
552;7;629000744;552;235;1090;1090;7.32;0.45;144.14;4.16;538;7;359.00;0
553;7;629000751;553;252;1157;1215;7.78;0.48;144.11;3.92;604;7;360.00;58
553;7;629000767;553;255;1165;1216;7.80;0.49;144.11;3.90;612;7;361.00;51
555;7;629000780;555;245;1177;1216;7.91;0.49;143.92;3.88;622;7;362.00;39
555;7;629000788;555;242;1183;1216;7.91;0.49;143.92;3.87;628;7;363.00;33
556;7;629000795;556;238;1185;1216;7.85;0.49;144.18;3.87;629;7;364.00;31
559;7;629000807;559;243;1187;1216;7.86;0.49;144.25;3.87;628;7;365.00;29
559;7;629000821;559;249;1191;1216;7.84;0.49;144.25;3.88;632;7;366.00;25
560;7;629000827;560;251;1191;1216;7.76;0.48;144.04;3.88;631;7;367.00;25
560;7;629000835;560;250;1196;1217;7.67;0.48;144.04;3.90;636;7;368.00;21
561;7;629000842;561;258;1198;1218;7.62;0.47;144.02;3.91;637;7;369.00;20
562;7;629000850;562;266;1202;1218;7.55;0.47;144.00;3.92;640;7;370.00;16
565;7;629000858;565;257;1207;1222;7.50;0.46;144.45;3.92;642;7;371.00;15
566;7;629000865;566;253;1213;1222;7.53;0.47;144.54;3.96;647;7;372.00;9
568;7;629000873;568;248;1214;1222;7.52;0.46;144.61;3.96;646;7;373.00;8
571;7;629000881;571;241;1218;1222;7.54;0.46;144.43;4.00;647;7;374.00;4
572;7;629000889;572;241;1224;1228;7.61;0.47;144.22;4.00;652;7;375.00;4
574;7;629000899;574;240;1225;1228;7.71;0.47;144.45;4.00;651;7;376.00;3
577;7;629000910;577;236;1226;1228;7.85;0.48;144.53;4.01;649;7;377.00;2
579;7;629000926;579;230;1229;1231;8.01;0.49;144.90;4.00;650;7;378.00;2
579;7;629000934;579;226;1229;1231;8.20;0.50;144.90;4.00;650;7;379.00;2
581;7;629000959;581;225;1229;1231;8.30;0.51;144.85;4.00;648;7;380.00;2
582;7;629000969;582;229;1230;1232;8.42;0.51;145.00;4.00;648;7;381.00;2
584;7;629000983;584;225;1232;1233;8.52;0.52;145.21;4.00;648;7;382.00;1
586;7;629000997;586;227;1232;1233;8.56;0.52;144.80;4.00;646;7;383.00;1
588;7;629001006;588;229;1245;1246;8.71;0.53;145.09;3.96;657;7;384.00;1
588;7;629001017;588;227;1245;1246;8.82;0.54;145.09;3.96;657;7;385.00;1
590;7;629001025;590;227;1245;1246;8.87;0.54;145.05;3.96;655;7;386.00;1
592;7;629001035;592;216;1246;1247;8.95;0.54;145.18;3.95;654;7;387.00;1
593;7;629001044;593;207;1246;1247;9.11;0.55;144.98;3.95;653;7;388.00;1
595;7;629001054;595;202;1249;1251;9.26;0.56;145.02;3.94;654;7;389.00;2
596;7;629001066;596;194;1249;1251;9.35;0.57;144.95;3.94;653;7;390.00;2
597;7;629001076;597;186;1254;1255;9.46;0.57;144.91;3.93;657;7;391.00;1
598;7;629001086;598;183;1254;1255;9.56;0.58;144.84;3.93;656;7;392.00;1
599;7;629001097;599;181;1254;1255;9.67;0.59;144.96;3.93;655;7;393.00;1
601;7;629001107;601;182;1254;1255;9.75;0.59;145.27;3.93;653;7;394.00;1
605;7;629001117;605;176;1254;1255;9.84;0.60;145.51;3.93;649;7;395.00;1
606;7;629001126;606;158;1264;1267;10.06;0.61;145.45;3.90;658;7;396.00;3
608;7;629001137;608;145;1264;1267;10.25;0.63;145.77;3.90;656;7;397.00;3
609;7;629001148;609;135;1266;1267;10.47;0.64;146.07;3.90;657;7;398.00;1
614;7;629001158;614;120;1266;1267;10.61;0.65;146.85;3.90;652;7;399.00;1
618;7;629001169;618;109;1266;1267;10.78;0.66;148.27;3.90;648;7;400.00;1
621;7;629001184;621;102;1266;1267;10.97;0.67;149.21;3.90;645;7;401.00;1
623;7;629001194;623;99;1267;1268;11.09;0.68;149.47;3.90;644;7;402.00;1
625;7;629001204;625;95;1267;1268;11.29;0.69;150.12;3.90;642;7;403.00;1
628;7;629001215;628;93;1272;1274;11.42;0.70;150.87;3.89;644;7;404.00;2
631;7;629001226;631;94;1275;1276;11.66;0.71;151.22;3.88;644;7;405.00;1
634;7;629001236;634;95;1275;1276;11.82;0.72;151.53;3.88;641;7;406.00;1
636;8;629001247;636;96;1275;1276;11.99;0.73;151.56;3.88;639;8;407.00;1
639;8;629001264;639;98;1279;1280;12.14;0.74;152.46;3.87;640;8;408.00;1
643;8;629001275;643;98;1279;1280;12.23;0.74;152.79;3.87;636;8;409.00;1
646;8;629001285;646;98;1279;1280;12.33;0.75;153.19;3.87;633;8;410.00;1
649;8;629001295;649;100;1280;1281;12.50;0.76;153.90;3.86;631;8;411.00;1
650;8;629001305;650;101;1285;1285;12.55;0.76;154.20;3.89;635;8;412.00;0
655;8;629001316;655;104;1285;1285;12.59;0.77;155.14;3.89;630;8;413.00;0
656;8;629001326;656;102;1287;1288;12.72;0.78;155.26;3.89;631;8;414.00;1
660;8;629001336;660;101;1287;1288;12.81;0.78;155.51;3.89;627;8;415.00;1
662;8;629001346;662;99;1288;1288;12.90;0.79;155.90;3.89;626;8;416.00;0
664;8;629001356;664;99;1288;1288;12.99;0.79;156.39;3.89;624;8;417.00;0
668;8;629001365;668;96;1291;1292;13.00;0.79;156.97;3.88;623;8;418.00;1
671;8;629001375;671;95;1291;1292;13.07;0.80;157.53;3.88;620;8;419.00;1
676;8;629001392;676;95;1292;1292;13.14;0.80;157.92;3.88;616;8;420.00;0
678;8;629001402;678;95;1292;1292;13.27;0.81;158.32;3.88;614;8;421.00;0
681;9;629001412;681;94;1293;1293;13.26;0.81;158.44;3.88;612;9;422.00;0
684;9;629001428;684;96;1294;1294;13.34;0.81;159.02;3.87;610;9;423.00;0
689;9;629001437;689;98;1294;1294;13.24;0.81;159.78;3.87;605;9;424.00;0
693;9;629001456;693;100;1295;1295;13.20;0.80;160.20;3.87;602;9;425.00;0
696;9;629001466;696;94;1295;1295;13.10;0.80;160.18;3.87;599;9;426.00;0
701;9;629001475;701;97;1295;1295;13.07;0.79;161.07;3.87;594;9;427.00;0
701;9;629001484;701;97;1295;1295;13.12;0.80;161.07;3.87;594;9;428.00;0
705;9;629001493;705;97;1295;1295;13.13;0.80;161.33;3.87;590;9;429.00;0
707;9;629001502;707;96;1295;1295;13.22;0.80;161.86;3.87;588;9;430.00;0
710;9;629001511;710;97;1295;1295;13.27;0.81;161.99;3.87;585;9;431.00;0
717;9;629001519;717;131;1375;1422;12.41;0.76;162.41;3.65;658;9;432.00;47
717;9;629001538;717;115;1375;1423;12.46;0.77;162.41;3.65;658;9;433.00;48
718;9;629001548;718;102;1380;1423;12.64;0.78;162.68;3.64;662;9;434.00;43
721;9;629001557;721;105;1381;1423;12.65;0.78;163.13;3.64;660;9;435.00;42
722;9;629001571;722;101;1384;1423;12.71;0.78;163.11;3.64;662;9;436.00;39
724;9;629001580;724;103;1386;1423;12.69;0.78;163.31;3.64;662;9;437.00;37
728;9;629001595;728;107;1389;1423;12.69;0.78;163.33;3.65;661;9;438.00;34
734;9;629001605;734;112;1391;1423;12.77;0.78;163.98;3.65;657;9;439.00;32
736;9;629001614;736;109;1395;1424;12.88;0.79;163.99;3.67;659;9;440.00;29
742;9;629001623;742;112;1396;1425;12.93;0.79;163.92;3.67;654;9;441.00;29
743;9;629001632;743;109;1402;1425;12.97;0.79;163.87;3.70;659;9;442.00;23
745;9;629001641;745;106;1403;1426;12.96;0.79;163.94;3.70;658;9;443.00;23
745;9;629001651;745;106;1408;1426;12.91;0.79;163.94;3.73;663;9;444.00;18
748;9;629001660;748;105;1413;1426;12.81;0.78;164.04;3.77;665;9;445.00;13
752;9;629001670;752;101;1417;1426;12.64;0.77;164.16;3.79;665;9;446.00;9
753;9;629001681;753;102;1419;1430;12.54;0.77;164.15;3.79;666;9;447.00;11
756;9;629001691;756;109;1421;1430;12.48;0.76;163.84;3.81;665;9;448.00;9
761;9;629001701;761;108;1422;1430;12.36;0.75;163.84;3.82;661;9;449.00;8
765;9;629001713;765;109;1426;1436;12.25;0.75;164.25;3.81;661;9;450.00;10
765;9;629001724;765;111;1426;1436;12.17;0.74;164.25;3.81;661;9;451.00;10
767;9;629001733;767;111;1427;1436;12.16;0.74;164.07;3.81;660;9;452.00;9
767;9;629001743;767;113;1430;1440;12.10;0.74;164.07;3.80;663;9;453.00;10
768;9;629001753;768;116;1432;1441;12.25;0.75;163.97;3.80;664;9;454.00;9
772;9;629001763;772;115;1433;1441;12.30;0.75;164.06;3.80;661;9;455.00;8
775;9;629001773;775;117;1436;1445;12.29;0.75;164.17;3.80;661;9;456.00;9
777;9;629001783;777;121;1437;1445;12.21;0.74;164.27;3.81;660;9;457.00;8
778;9;629001793;778;127;1437;1445;12.23;0.75;164.37;3.81;659;9;458.00;8
779;9;629001803;779;129;1438;1446;12.23;0.75;164.42;3.81;659;9;459.00;8
780;9;629001813;780;131;1440;1446;12.22;0.75;164.43;3.83;660;9;460.00;6
782;9;629001823;782;129;1444;1452;12.14;0.74;164.55;3.83;662;9;461.00;8
784;9;629001833;784;130;1445;1452;12.07;0.74;164.20;3.84;661;9;462.00;7
785;9;629001842;785;132;1446;1453;11.94;0.73;164.19;3.84;661;9;463.00;7
788;9;629001852;788;140;1447;1453;11.85;0.72;164.36;3.86;659;9;464.00;6
790;9;629001867;790;139;1448;1453;11.75;0.72;164.44;3.87;658;9;465.00;5
791;9;629001882;791;140;1448;1453;11.70;0.71;164.30;3.87;657;9;466.00;5
793;9;629001891;793;142;1448;1453;11.59;0.71;164.21;3.87;655;9;467.00;5
795;9;629001907;795;153;1458;1465;11.52;0.70;164.33;3.84;663;9;468.00;7
799;9;629001918;799;157;1458;1465;11.41;0.70;164.80;3.84;659;9;469.00;7
803;9;629001927;803;161;1461;1465;11.34;0.69;164.79;3.86;658;9;470.00;4
806;9;629001937;806;162;1461;1465;11.24;0.68;165.03;3.86;655;9;471.00;4
809;9;629001946;809;168;1462;1465;11.17;0.68;164.92;3.87;653;9;472.00;3
813;9;629001955;813;169;1462;1465;11.10;0.68;164.82;3.87;649;9;473.00;3
814;9;629001964;814;175;1466;1469;11.03;0.67;164.91;3.87;652;9;474.00;3
814;9;629001974;814;180;1466;1469;10.97;0.67;164.91;3.87;652;9;475.00;3
817;9;629001983;817;187;1469;1473;10.94;0.67;164.90;3.87;652;9;476.00;4
821;9;629001999;821;191;1474;1474;10.76;0.66;164.87;3.88;653;9;477.00;0
823;9;629002014;823;197;1474;1474;10.64;0.65;164.85;3.88;651;9;478.00;0
824;9;629002023;824;205;1474;1474;10.48;0.64;164.78;3.88;650;9;479.00;0
826;9;629002032;826;216;1494;1500;10.22;0.62;164.93;3.82;668;9;480.00;6
830;9;629002044;830;218;1494;1500;9.99;0.61;164.88;3.82;664;9;481.00;6
831;9;629002058;831;223;1497;1500;9.85;0.60;165.00;3.82;666;9;482.00;3
833;9;629002066;833;231;1499;1501;9.72;0.60;165.07;3.82;666;9;483.00;2
835;9;629002075;835;240;1501;1502;9.64;0.59;164.99;3.82;666;9;484.00;1
837;9;629002084;837;243;1502;1502;9.52;0.59;164.97;3.82;665;9;485.00;0
840;9;629002093;840;249;1504;1505;9.38;0.58;164.93;3.81;664;9;486.00;1
841;9;629002102;841;256;1504;1505;9.21;0.57;164.88;3.81;663;9;487.00;1
842;9;629002110;842;262;1505;1505;9.08;0.56;164.83;3.81;663;9;488.00;0
844;9;629002118;844;259;1505;1505;8.89;0.55;164.98;3.81;661;9;489.00;0
847;9;629002125;847;255;1510;1511;8.77;0.54;164.78;3.80;663;9;490.00;1
850;10;629002139;850;256;1510;1511;8.62;0.53;164.78;3.80;660;10;491.00;1
851;10;629002162;851;259;1511;1511;8.53;0.53;164.71;3.80;660;10;492.00;0
854;10;629002170;854;259;1511;1511;8.38;0.52;164.43;3.80;657;10;493.00;0
857;10;629002178;857;263;1515;1515;8.24;0.51;164.28;3.79;658;10;494.00;0
858;10;629002187;858;264;1517;1517;8.13;0.50;164.16;3.79;659;10;495.00;0
860;10;629002194;860;267;1517;1517;8.10;0.50;164.07;3.79;657;10;496.00;0
862;10;629002202;862;271;1518;1518;8.04;0.49;163.90;3.79;656;10;497.00;0
867;10;629002209;867;269;1518;1518;7.95;0.49;163.54;3.79;651;10;498.00;0
870;10;629002217;870;271;1518;1518;7.89;0.48;163.65;3.79;648;10;499.00;0
874;10;629002224;874;269;1518;1518;7.79;0.48;163.44;3.79;644;10;500.00;0
875;10;629002236;875;266;1518;1518;7.69;0.47;163.65;3.79;643;10;501.00;0
880;10;629002242;880;266;1518;1518;7.55;0.46;163.34;3.79;638;10;502.00;0
884;10;629002250;884;268;1518;1518;7.43;0.46;163.70;3.79;634;10;503.00;0
887;10;629002257;887;275;1557;1588;7.62;0.47;163.79;3.69;670;10;504.00;31
890;10;629002270;890;274;1561;1589;7.46;0.46;164.54;3.68;671;10;505.00;28
892;10;629002278;892;274;1570;1589;7.45;0.46;164.71;3.68;678;10;506.00;19
896;10;629002284;896;273;1572;1589;7.35;0.45;164.93;3.67;676;10;507.00;17
902;10;629002292;902;275;1577;1589;7.24;0.45;165.72;3.68;675;10;508.00;12
902;10;629002299;902;279;1580;1589;7.16;0.44;165.72;3.68;678;10;509.00;9
905;10;629002307;905;273;1585;1589;7.07;0.44;166.61;3.69;680;10;510.00;4
910;10;629002315;910;275;1586;1589;7.03;0.43;166.92;3.69;676;10;511.00;3
914;10;629002321;914;273;1589;1590;7.02;0.43;167.21;3.69;675;10;512.00;1
920;10;629002329;920;271;1591;1591;6.98;0.43;167.84;3.69;671;10;513.00;0
922;10;629002337;922;270;1591;1591;6.92;0.42;168.01;3.69;669;10;514.00;0
925;10;629002344;925;276;1595;1595;6.86;0.42;168.64;3.69;670;10;515.00;0
927;10;629002353;927;275;1595;1595;6.85;0.42;169.11;3.69;668;10;516.00;0
930;10;629002360;930;275;1595;1595;6.87;0.42;169.66;3.69;665;10;517.00;0
932;10;629002368;932;273;1595;1595;6.89;0.42;169.65;3.69;663;10;518.00;0
936;10;629002375;936;275;1600;1601;6.96;0.43;170.08;3.68;664;10;519.00;1
938;10;629002386;938;269;1600;1601;7.01;0.43;170.50;3.68;662;10;520.00;1
939;10;629002397;939;265;1601;1601;7.06;0.43;170.72;3.68;662;10;521.00;0
941;10;629002408;941;266;1603;1604;7.12;0.44;170.89;3.67;662;10;522.00;1
944;10;629002418;944;252;1604;1604;7.19;0.44;170.75;3.67;660;10;523.00;0
946;10;629002430;946;249;1604;1604;7.31;0.45;170.78;3.67;658;10;524.00;0
950;10;629002440;950;237;1605;1605;7.36;0.45;171.53;3.67;655;10;525.00;0
954;10;629002451;954;231;1606;1606;7.45;0.46;171.96;3.67;652;10;526.00;0
958;10;629002462;958;229;1606;1606;7.53;0.46;172.00;3.67;648;10;527.00;0
963;11;629002473;963;226;1619;1619;7.67;0.47;172.25;3.64;656;11;528.00;0
969;11;629002496;969;220;1619;1619;7.71;0.47;172.31;3.64;650;11;529.00;0
974;11;629002504;974;217;1619;1619;7.75;0.47;172.60;3.64;645;11;530.00;0
975;11;629002514;975;210;1620;1620;7.89;0.48;172.45;3.64;645;11;531.00;0
977;11;629002523;977;204;1620;1620;7.98;0.49;172.86;3.64;643;11;532.00;0
979;11;629002532;979;205;1623;1624;8.13;0.50;173.06;3.63;644;11;533.00;1
981;11;629002547;981;199;1623;1624;8.24;0.50;173.24;3.63;642;11;534.00;1
984;11;629002556;984;196;1628;1628;8.41;0.51;173.49;3.62;644;11;535.00;0
987;11;629002571;987;194;1628;1628;8.47;0.52;173.62;3.62;641;11;536.00;0
992;11;629002580;992;187;1628;1628;8.42;0.51;173.83;3.62;636;11;537.00;0
996;11;629002597;996;188;1628;1628;8.47;0.52;173.73;3.62;632;11;538.00;0
998;11;629002607;998;186;1628;1628;8.54;0.52;174.01;3.62;630;11;539.00;0
1004;11;629002618;1004;195;1658;1662;8.69;0.53;174.03;3.56;654;11;540.00;4
1006;11;629002631;1006;187;1658;1662;8.79;0.54;174.04;3.56;652;11;541.00;4
1009;11;629002640;1009;191;1659;1662;8.88;0.54;173.87;3.56;650;11;542.00;3
1011;11;629002650;1011;185;1659;1662;8.98;0.55;173.74;3.56;648;11;543.00;3
1014;11;629002659;1014;183;1660;1662;9.07;0.55;173.76;3.56;646;11;544.00;2
1016;11;629002668;1016;179;1660;1662;9.22;0.56;173.85;3.56;644;11;545.00;2
1016;11;629002677;1016;178;1662;1663;9.33;0.57;173.85;3.56;646;11;546.00;1
1021;11;629002686;1021;172;1662;1663;9.28;0.57;173.67;3.56;641;11;547.00;1
1022;11;629002701;1022;172;1667;1669;9.29;0.57;173.71;3.55;645;11;548.00;2
1026;11;629002711;1026;177;1668;1670;9.31;0.57;173.74;3.55;642;11;549.00;2
1031;11;629002720;1031;176;1669;1670;9.31;0.57;173.90;3.55;638;11;550.00;1
1032;11;629002735;1032;182;1669;1670;9.33;0.57;174.03;3.55;637;11;551.00;1
1034;11;629002744;1034;182;1674;1674;9.36;0.57;174.17;3.54;640;11;552.00;0
1037;11;629002753;1037;182;1674;1674;9.41;0.57;174.22;3.54;637;11;553.00;0
1039;12;629002762;1039;183;1674;1674;9.41;0.57;174.58;3.54;635;12;554.00;0
1040;12;629002781;1040;186;1675;1675;9.41;0.57;174.63;3.54;635;12;555.00;0
1042;12;629002790;1042;192;1679;1679;9.42;0.57;174.90;3.54;637;12;556.00;0
1046;12;629002800;1046;181;1679;1679;9.47;0.57;175.06;3.54;633;12;557.00;0
1048;12;629002810;1048;173;1681;1682;9.53;0.58;175.17;3.53;633;12;558.00;1
1052;12;629002819;1052;170;1681;1682;9.58;0.58;175.33;3.53;629;12;559.00;1
1055;12;629002829;1055;165;1682;1682;9.62;0.58;175.65;3.53;627;12;560.00;0
1059;12;629002838;1059;163;1682;1682;9.68;0.59;176.31;3.53;623;12;561.00;0
1060;12;629002848;1060;165;1685;1686;9.86;0.60;176.48;3.53;625;12;562.00;1
1062;12;629002858;1062;163;1685;1686;10.03;0.61;176.65;3.53;623;12;563.00;1
1065;12;629002868;1065;164;1686;1686;10.22;0.62;176.74;3.53;621;12;564.00;0
1068;12;629002877;1068;161;1686;1686;10.38;0.63;177.19;3.53;618;12;565.00;0
1071;12;629002888;1071;140;1687;1687;10.62;0.64;177.45;3.52;616;12;566.00;0
1073;12;629002898;1073;124;1688;1688;10.86;0.66;177.60;3.52;615;12;567.00;0
1074;12;629002909;1074;112;1688;1688;11.09;0.67;177.83;3.52;614;12;568.00;0
1078;12;629002919;1078;104;1689;1689;11.27;0.68;178.03;3.52;611;12;569.00;0
1079;12;629002931;1079;100;1689;1689;11.53;0.70;178.08;3.52;610;12;570.00;0
1083;12;629002947;1083;93;1689;1689;11.70;0.71;178.45;3.52;606;12;571.00;0
1085;12;629002958;1085;86;1689;1689;11.85;0.72;178.80;3.52;604;12;572.00;0
1089;12;629002968;1089;81;1689;1689;12.01;0.73;178.95;3.52;600;12;573.00;0
1091;12;629002978;1091;78;1689;1689;12.19;0.74;179.04;3.52;598;12;574.00;0
1093;12;629002989;1093;77;1689;1689;12.38;0.75;179.27;3.52;596;12;575.00;0
1096;12;629003000;1096;104;1772;1816;12.09;0.74;179.56;3.36;676;12;576.00;44
1098;12;629003020;1098;90;1775;1817;12.21;0.75;179.89;3.35;677;12;577.00;42
1100;12;629003031;1100;81;1784;1817;12.38;0.76;180.26;3.35;684;12;578.00;33
1104;12;629003042;1104;75;1788;1817;12.46;0.76;180.44;3.35;684;12;579.00;29
1106;12;629003058;1106;76;1793;1817;12.58;0.77;180.91;3.35;687;12;580.00;24
1109;12;629003069;1109;76;1797;1817;12.67;0.78;181.32;3.35;688;12;581.00;20
1110;12;629003080;1110;77;1802;1817;12.65;0.78;181.52;3.36;692;12;582.00;15
1114;12;629003096;1114;81;1804;1817;12.67;0.78;181.76;3.36;690;12;583.00;13
1119;12;629003108;1119;88;1807;1818;12.64;0.77;182.35;3.37;688;12;584.00;11
1119;13;629003118;1119;96;1809;1820;12.66;0.77;182.35;3.37;690;13;585.00;11
1123;13;629003139;1123;100;1810;1820;12.67;0.78;182.98;3.37;687;13;586.00;10
1127;13;629003153;1127;106;1812;1821;12.66;0.77;183.27;3.37;685;13;587.00;9
1128;13;629003164;1128;107;1814;1821;12.68;0.78;183.43;3.38;686;13;588.00;7
1133;14;629003180;1133;113;1815;1821;12.70;0.78;183.72;3.39;682;14;589.00;6
1136;14;629003206;1136;119;1817;1821;12.71;0.78;183.98;3.40;681;14;590.00;4
1141;14;629003217;1141;117;1820;1825;12.73;0.78;184.10;3.40;679;14;591.00;5
1144;14;629003228;1144;119;1822;1825;12.77;0.78;184.28;3.42;678;14;592.00;3
1146;15;629003238;1146;122;1822;1825;12.80;0.78;184.40;3.42;676;15;593.00;3
1148;15;629003259;1148;123;1825;1828;12.84;0.78;184.61;3.42;677;15;594.00;3
1152;15;629003275;1152;123;1826;1828;12.92;0.79;184.78;3.42;674;15;595.00;2
1155;15;629003286;1155;127;1827;1828;12.98;0.79;184.81;3.42;672;15;596.00;1
1157;15;629003297;1157;127;1831;1832;12.90;0.79;185.11;3.42;674;15;597.00;1
1160;15;629003307;1160;127;1833;1833;12.86;0.78;185.15;3.41;673;15;598.00;0
1163;15;629003318;1163;127;1833;1833;12.86;0.78;185.54;3.41;670;15;599.00;0
1165;15;629003340;1165;137;1844;1859;12.73;0.77;185.67;3.39;679;15;600.00;15
1170;15;629003358;1170;131;1844;1859;12.67;0.77;185.78;3.39;674;15;601.00;15
1173;15;629003374;1173;136;1845;1859;12.66;0.77;185.88;3.39;672;15;602.00;14
1176;15;629003387;1176;138;1847;1860;12.70;0.77;186.04;3.39;671;15;603.00;13
1183;15;629003398;1183;138;1848;1860;12.69;0.77;186.44;3.39;665;15;604.00;12
1184;16;629003409;1184;132;1851;1866;12.76;0.78;186.48;3.39;667;16;605.00;15
1189;16;629003434;1189;133;1852;1866;12.85;0.78;186.37;3.39;663;16;606.00;14
1192;16;629003444;1192;133;1852;1867;12.95;0.79;186.45;3.39;660;16;607.00;15
1195;16;629003459;1195;134;1853;1867;13.01;0.79;186.32;3.39;658;16;608.00;14
1198;16;629003468;1198;131;1856;1867;12.98;0.79;186.29;3.40;658;16;609.00;11
1202;16;629003478;1202;128;1856;1867;13.00;0.79;186.52;3.40;654;16;610.00;11
1203;16;629003488;1203;127;1856;1867;12.98;0.79;186.59;3.40;653;16;611.00;11
1208;17;629003502;1208;122;1865;1879;12.90;0.78;186.99;3.38;657;17;612.00;14
1211;17;629003528;1211;120;1866;1879;12.86;0.78;187.09;3.38;655;17;613.00;13
1215;18;629003543;1215;113;1866;1879;12.88;0.78;187.08;3.38;651;18;614.00;13
1219;18;629003569;1219;113;1870;1879;12.87;0.78;187.33;3.40;651;18;615.00;9
1221;18;629003579;1221;109;1870;1879;12.83;0.78;187.26;3.40;649;18;616.00;9
1225;18;629003589;1225;107;1870;1879;12.81;0.77;187.76;3.40;645;18;617.00;9
1227;18;629003598;1227;104;1874;1883;12.79;0.77;187.88;3.40;647;18;618.00;9
1229;18;629003613;1229;97;1874;1883;12.84;0.78;187.76;3.40;645;18;619.00;9
1231;18;629003622;1231;92;1877;1887;12.96;0.78;187.76;3.40;646;18;620.00;10
1232;18;629003632;1232;92;1879;1888;13.08;0.79;187.64;3.40;647;18;621.00;9
1236;18;629003643;1236;91;1879;1888;13.06;0.79;187.51;3.40;643;18;622.00;9
1240;18;629003653;1240;90;1879;1888;13.09;0.79;187.79;3.40;639;18;623.00;9
1241;18;629003662;1241;92;1888;1901;13.00;0.78;187.70;3.39;647;18;624.00;13
1242;18;629003674;1242;92;1888;1901;12.99;0.78;187.71;3.39;646;18;625.00;13
1245;18;629003686;1245;92;1888;1901;12.95;0.78;187.59;3.39;643;18;626.00;13
1248;18;629003702;1248;98;1890;1902;12.87;0.78;187.59;3.40;642;18;627.00;12
1248;18;629003713;1248;105;1890;1903;12.84;0.78;187.59;3.40;642;18;628.00;13
1249;18;629003731;1249;111;1893;1903;12.68;0.77;187.48;3.43;644;18;629.00;10
1250;18;629003742;1250;112;1896;1909;12.58;0.76;187.55;3.43;646;18;630.00;13
1253;19;629003752;1253;115;1898;1909;12.51;0.76;187.44;3.43;645;19;631.00;11
1255;19;629003768;1255;119;1899;1909;12.45;0.76;187.57;3.43;644;19;632.00;10
1259;19;629003782;1259;122;1899;1909;12.35;0.75;187.28;3.43;640;19;633.00;10
1260;19;629003796;1260;126;1904;1915;12.32;0.75;187.16;3.44;644;19;634.00;11
1260;19;629003805;1260;127;1904;1915;12.29;0.75;187.16;3.44;644;19;635.00;11
1261;19;629003815;1261;130;1905;1915;12.29;0.75;187.11;3.44;644;19;636.00;10
1262;19;629003824;1262;132;1905;1915;12.26;0.75;187.07;3.44;643;19;637.00;10
1268;19;629003834;1268;139;1909;1919;12.25;0.74;187.23;3.43;641;19;638.00;10
1268;19;629003845;1268;144;1910;1920;12.19;0.74;187.23;3.43;642;19;639.00;10
1270;19;629003854;1270;148;1913;1920;12.01;0.73;187.15;3.47;643;19;640.00;7
1272;19;629003863;1272;155;1914;1921;11.81;0.72;187.19;3.47;642;19;641.00;7
1274;19;629003872;1274;155;1914;1921;11.61;0.70;187.06;3.47;640;19;642.00;7
1274;19;629003881;1274;168;1916;1921;11.37;0.69;187.06;3.48;642;19;643.00;5
1276;19;629003889;1276;175;1916;1921;11.15;0.68;186.93;3.48;640;19;644.00;5
1277;19;629003898;1277;180;1917;1921;11.01;0.67;186.95;3.49;640;19;645.00;4
1279;19;629003907;1279;192;1919;1921;10.83;0.66;186.76;3.52;640;19;646.00;2
1282;19;629003915;1282;195;1921;1921;10.64;0.65;186.63;3.53;639;19;647.00;0
1283;19;629003923;1283;202;1957;1991;10.53;0.64;186.96;3.47;674;19;648.00;34
1284;19;629003937;1284;206;1961;1992;10.34;0.63;186.87;3.46;677;19;649.00;31
1285;19;629003945;1285;206;1969;1992;10.26;0.63;186.81;3.46;684;19;650.00;23
1287;19;629003953;1287;212;1975;1992;10.09;0.62;186.79;3.45;688;19;651.00;17
1289;19;629003961;1289;212;1978;1992;9.94;0.61;186.58;3.46;689;19;652.00;14
1293;19;629003969;1293;219;1982;1992;9.87;0.61;186.82;3.46;689;19;653.00;10
1296;19;629003977;1296;219;1986;1992;9.80;0.60;186.97;3.46;690;19;654.00;6
1297;19;629003985;1297;222;1988;1992;9.71;0.60;186.91;3.47;691;19;655.00;4
1299;19;629003993;1299;230;1992;1993;9.56;0.59;186.80;3.47;693;19;656.00;1
1301;19;629004001;1301;235;1993;1994;9.38;0.58;186.65;3.47;692;19;657.00;1
1304;19;629004010;1304;239;1994;1994;9.21;0.57;186.53;3.47;690;19;658.00;0
1306;19;629004018;1306;243;1998;1998;8.97;0.55;186.63;3.47;692;19;659.00;0
1308;19;629004028;1308;245;1998;1998;8.79;0.54;186.46;3.47;690;19;660.00;0
1309;20;629004037;1309;250;1998;1998;8.65;0.53;186.50;3.47;689;20;661.00;0
1310;20;629004052;1310;256;1998;1998;8.45;0.52;186.36;3.47;688;20;662.00;0
1313;20;629004064;1313;263;2003;2004;8.37;0.52;186.45;3.46;690;20;663.00;1
1313;20;629004073;1313;268;2004;2004;8.26;0.51;186.45;3.46;691;20;664.00;0
1315;20;629004082;1315;267;2004;2004;8.27;0.51;186.44;3.46;689;20;665.00;0
1315;20;629004090;1315;265;2007;2007;8.29;0.51;186.44;3.46;692;20;666.00;0
1320;20;629004099;1320;267;2007;2007;8.20;0.50;186.28;3.46;687;20;667.00;0
1320;20;629004107;1320;277;2007;2007;8.11;0.50;186.28;3.46;687;20;668.00;0
1323;20;629004120;1323;276;2008;2008;7.93;0.49;186.48;3.46;685;20;669.00;0
1328;20;629004134;1328;281;2009;2009;7.79;0.48;186.39;3.45;681;20;670.00;0
1330;20;629004142;1330;284;2009;2009;7.72;0.47;186.30;3.45;679;20;671.00;0
1331;20;629004149;1331;292;2022;2022;7.67;0.47;186.30;3.43;691;20;672.00;0
1333;20;629004158;1333;289;2022;2022;7.58;0.46;186.33;3.43;689;20;673.00;0
1339;20;629004166;1339;286;2022;2022;7.45;0.46;186.00;3.43;683;20;674.00;0
1343;20;629004174;1343;267;2024;2024;7.39;0.45;186.29;3.43;681;20;675.00;0
1346;20;629004182;1346;258;2024;2024;7.29;0.45;186.57;3.43;678;20;676.00;0
1351;20;629004190;1351;250;2027;2028;7.32;0.45;186.53;3.43;676;20;677.00;1
1353;20;629004198;1353;251;2028;2028;7.29;0.45;186.63;3.43;675;20;678.00;0
1357;20;629004205;1357;244;2032;2032;7.23;0.44;186.81;3.42;675;20;679.00;0
1357;20;629004213;1357;234;2032;2032;7.30;0.45;186.81;3.42;675;20;680.00;0
1361;20;629004221;1361;224;2032;2032;7.30;0.45;187.20;3.42;671;20;681.00;0
1364;20;629004235;1364;217;2032;2032;7.35;0.45;187.38;3.42;668;20;682.00;0
1367;20;629004242;1367;206;2032;2032;7.45;0.46;187.67;3.42;665;20;683.00;0
1371;20;629004251;1371;205;2043;2044;7.60;0.47;188.07;3.40;672;20;684.00;1
1372;20;629004265;1372;201;2043;2044;7.77;0.48;188.08;3.40;671;20;685.00;1
1376;20;629004274;1376;201;2044;2044;7.95;0.49;188.46;3.40;668;20;686.00;0
1378;20;629004282;1378;187;2044;2044;8.10;0.50;188.76;3.40;666;20;687.00;0
1379;20;629004291;1379;176;2044;2044;8.33;0.51;188.87;3.40;665;20;688.00;0
1383;20;629004305;1383;169;2044;2044;8.51;0.52;189.36;3.40;661;20;689.00;0
1386;20;629004316;1386;163;2045;2045;8.65;0.53;189.73;3.40;659;20;690.00;0
1386;20;629004325;1386;158;2045;2045;8.85;0.54;189.73;3.40;659;20;691.00;0
1390;20;629004333;1390;158;2050;2051;8.92;0.55;190.12;3.39;660;20;692.00;1
1392;20;629004343;1392;154;2051;2052;8.98;0.55;190.20;3.39;659;20;693.00;1
1396;20;629004353;1396;154;2052;2052;9.01;0.55;190.12;3.39;656;20;694.00;0
1399;20;629004362;1399;150;2052;2052;9.07;0.56;190.39;3.39;653;20;695.00;0
1400;20;629004371;1400;153;2056;2056;9.19;0.56;190.34;3.39;656;20;696.00;0
1403;20;629004379;1403;158;2056;2056;9.24;0.57;190.42;3.39;653;20;697.00;0
1409;20;629004393;1409;154;2056;2056;9.26;0.57;190.73;3.39;647;20;698.00;0
1411;20;629004404;1411;150;2057;2057;9.43;0.58;190.55;3.38;646;20;699.00;0
1418;20;629004418;1418;149;2061;2061;9.49;0.58;190.92;3.38;643;20;700.00;0
1425;20;629004438;1425;144;2061;2061;9.51;0.58;191.31;3.38;636;20;701.00;0
1428;20;629004451;1428;139;2063;2064;9.58;0.59;191.34;3.38;635;20;702.00;1
1437;20;629004463;1437;135;2063;2064;9.52;0.58;191.62;3.38;626;20;703.00;1
1441;20;629004476;1441;133;2064;2064;9.53;0.58;191.66;3.38;623;20;704.00;0
1447;20;629004487;1447;131;2064;2064;9.55;0.58;191.88;3.38;617;20;705.00;0
1453;20;629004497;1453;123;2067;2068;9.58;0.58;192.20;3.37;614;20;706.00;1
1460;20;629004509;1460;128;2067;2068;9.65;0.59;192.14;3.37;607;20;707.00;1
1465;20;629004520;1465;131;2068;2068;9.71;0.59;192.53;3.37;603;20;708.00;0
1472;20;629004530;1472;128;2068;2068;9.72;0.59;192.72;3.37;596;20;709.00;0
1476;20;629004539;1476;128;2069;2069;9.64;0.59;192.69;3.37;593;20;710.00;0
1483;20;629004549;1483;126;2070;2070;9.62;0.58;193.00;3.37;587;20;711.00;0
1488;20;629004559;1488;126;2070;2070;9.64;0.58;193.36;3.37;582;20;712.00;0
1489;20;629004568;1489;126;2071;2071;9.67;0.59;193.29;3.37;582;20;713.00;0
1492;20;629004578;1492;128;2071;2071;9.71;0.59;193.60;3.37;579;20;714.00;0
1494;20;629004587;1494;137;2071;2071;9.79;0.59;193.86;3.37;577;20;715.00;0
1498;20;629004597;1498;139;2071;2071;9.79;0.59;194.19;3.37;573;20;716.00;0
1499;20;629004606;1499;141;2071;2071;9.87;0.60;194.29;3.37;572;20;717.00;0
1501;20;629004615;1501;141;2071;2071;9.98;0.60;194.55;3.37;570;20;718.00;0
1506;20;629004624;1506;139;2071;2071;10.06;0.61;194.56;3.37;565;20;719.00;0
1509;20;629004635;1509;191;2202;2301;9.89;0.62;194.72;3.17;693;20;720.00;99
1511;20;629004663;1511;184;2212;2302;9.94;0.62;194.73;3.16;701;20;721.00;90
1517;20;629004674;1517;163;2222;2302;10.00;0.62;194.68;3.15;705;20;722.00;80
1519;20;629004684;1519;159;2231;2302;10.01;0.62;194.78;3.15;712;20;723.00;71
1521;20;629004694;1521;160;2235;2302;10.00;0.62;194.98;3.16;714;20;724.00;67
1523;20;629004704;1523;158;2243;2302;9.87;0.61;195.16;3.16;720;20;725.00;59
1525;20;629004714;1525;158;2247;2302;9.80;0.61;195.09;3.17;722;20;726.00;55
1525;20;629004725;1525;156;2250;2302;9.81;0.61;195.09;3.17;725;20;727.00;52
1528;20;629004735;1528;149;2254;2303;9.84;0.61;195.29;3.18;726;20;728.00;49
1530;20;629004746;1530;150;2258;2304;9.87;0.61;195.50;3.19;728;20;729.00;46
1531;20;629004757;1531;150;2262;2304;9.90;0.61;195.65;3.20;731;20;730.00;42
1535;20;629004768;1535;159;2268;2305;9.83;0.61;195.91;3.22;733;20;731.00;37
1539;20;629004779;1539;160;2271;2305;9.78;0.60;195.87;3.23;732;20;732.00;34
1541;20;629004789;1541;164;2275;2305;9.71;0.60;195.92;3.25;734;20;733.00;30
1542;20;629004801;1542;168;2281;2305;9.68;0.60;196.03;3.27;739;20;734.00;24
1545;20;629004812;1545;170;2283;2309;9.64;0.59;196.24;3.28;738;20;735.00;26
1550;20;629004824;1550;165;2285;2309;9.69;0.60;196.55;3.28;735;20;736.00;24
1551;20;629004836;1551;162;2287;2309;9.74;0.60;196.62;3.29;736;20;737.00;22
1553;20;629004853;1553;154;2288;2312;9.81;0.60;196.93;3.29;735;20;738.00;24
1556;21;629004870;1556;154;2288;2312;9.88;0.61;197.05;3.29;732;21;739.00;24
1560;21;629004898;1560;157;2289;2312;10.01;0.61;197.07;3.30;729;21;740.00;23
1562;21;629004909;1562;151;2295;2316;10.06;0.62;197.47;3.31;733;21;741.00;21
1565;21;629004921;1565;146;2296;2317;10.23;0.63;197.65;3.31;731;21;742.00;21
1566;21;629004933;1566;154;2297;2317;10.37;0.64;197.58;3.31;731;21;743.00;20
1570;21;629004944;1570;148;2302;2321;10.54;0.65;197.86;3.32;732;21;744.00;19
1573;21;629004956;1573;147;2302;2321;10.71;0.66;197.69;3.32;729;21;745.00;19
1578;21;629004968;1578;146;2302;2321;10.83;0.66;197.77;3.32;724;21;746.00;19
1584;21;629004986;1584;146;2304;2322;10.84;0.66;198.17;3.32;720;21;747.00;18
1586;21;629004997;1586;153;2304;2322;10.92;0.67;198.31;3.32;718;21;748.00;18
1588;21;629005008;1588;156;2308;2328;10.97;0.67;198.52;3.32;720;21;749.00;20
1590;21;629005022;1590;160;2309;2328;11.02;0.67;198.71;3.33;719;21;750.00;19
1592;21;629005033;1592;160;2310;2329;11.10;0.68;199.04;3.33;718;21;751.00;19
1595;21;629005045;1595;156;2310;2329;11.24;0.69;199.04;3.33;715;21;752.00;19
1601;21;629005056;1601;153;2311;2329;11.38;0.70;199.57;3.34;710;21;753.00;18
1604;21;629005067;1604;153;2312;2329;11.47;0.70;199.70;3.35;708;21;754.00;17
1607;21;629005077;1607;151;2312;2329;11.61;0.71;199.77;3.35;705;21;755.00;17
1610;21;629005089;1610;150;2323;2341;11.71;0.72;199.86;3.35;713;21;756.00;18
1615;21;629005101;1615;150;2324;2341;11.83;0.72;200.08;3.36;709;21;757.00;17
1617;21;629005112;1617;147;2326;2341;11.95;0.73;200.20;3.37;709;21;758.00;15
1622;21;629005123;1622;150;2327;2341;11.97;0.73;200.06;3.38;705;21;759.00;14
1623;22;629005134;1623;151;2328;2341;12.07;0.74;200.07;3.38;705;22;760.00;13
1626;22;629005155;1626;152;2329;2341;12.16;0.74;200.10;3.38;703;22;761.00;12
1632;22;629005172;1632;154;2333;2345;12.11;0.74;200.26;3.38;701;22;762.00;12
1634;22;629005189;1634;156;2333;2345;12.16;0.74;200.25;3.38;699;22;763.00;12
1634;22;629005204;1634;158;2336;2349;12.14;0.74;200.25;3.38;702;22;764.00;13
1636;22;629005220;1636;160;2338;2351;12.17;0.74;200.36;3.38;702;22;765.00;13
1640;22;629005231;1640;161;2339;2351;12.16;0.74;200.39;3.38;699;22;766.00;12
1644;22;629005241;1644;162;2339;2351;12.06;0.73;200.45;3.38;695;22;767.00;12
1645;22;629005252;1645;164;2350;2364;11.99;0.73;200.48;3.36;705;22;768.00;14
1648;22;629005268;1648;165;2350;2364;11.99;0.73;200.43;3.36;702;22;769.00;14
1651;22;629005278;1651;165;2351;2364;12.01;0.73;200.39;3.36;700;22;770.00;13
1656;22;629005289;1656;166;2352;2365;12.03;0.73;200.42;3.36;696;22;771.00;13
1659;22;629005299;1659;167;2352;2366;12.08;0.74;200.39;3.36;693;22;772.00;14
1661;22;629005309;1661;170;2352;2366;12.10;0.74;200.51;3.36;691;22;773.00;14
1664;22;629005324;1664;165;2355;2369;12.00;0.73;200.51;3.36;691;22;774.00;14
1670;22;629005335;1670;167;2355;2369;12.00;0.73;200.53;3.36;685;22;775.00;14
1674;22;629005345;1674;172;2355;2369;11.98;0.73;200.68;3.36;681;22;776.00;14
1677;22;629005355;1677;174;2355;2369;12.02;0.73;200.76;3.36;678;22;777.00;14
1681;22;629005364;1681;174;2359;2375;11.92;0.72;200.97;3.35;678;22;778.00;16
1683;22;629005375;1683;171;2360;2375;11.89;0.72;201.01;3.38;677;22;779.00;15
1688;22;629005392;1688;171;2361;2375;11.81;0.72;200.96;3.38;673;22;780.00;14
1688;22;629005409;1688;167;2361;2375;11.74;0.71;200.96;3.38;673;22;781.00;14
1691;22;629005418;1691;165;2364;2379;11.65;0.71;201.10;3.37;673;22;782.00;15
1693;22;629005428;1693;162;2365;2380;11.67;0.71;201.08;3.37;672;22;783.00;15
1696;22;629005443;1696;158;2365;2380;11.63;0.71;201.01;3.37;669;22;784.00;15
1697;22;629005453;1697;152;2366;2381;11.65;0.71;200.98;3.37;669;22;785.00;15
1698;22;629005463;1698;150;2367;2381;11.60;0.71;200.93;3.38;669;22;786.00;14
1702;22;629005472;1702;145;2367;2381;11.57;0.70;201.16;3.38;665;22;787.00;14
1705;22;629005482;1705;141;2367;2381;11.57;0.70;201.02;3.38;662;22;788.00;14
1708;22;629005491;1708;137;2367;2381;11.60;0.71;200.97;3.38;659;22;789.00;14
1710;22;629005500;1710;136;2367;2381;11.64;0.71;201.01;3.38;657;22;790.00;14
1715;22;629005510;1715;137;2367;2381;11.60;0.71;201.15;3.38;652;22;791.00;14
1718;22;629005519;1718;140;2400;2451;11.55;0.70;201.01;3.33;682;22;792.00;51
1720;22;629005534;1720;136;2400;2452;11.58;0.71;200.87;3.33;680;22;793.00;52
1722;22;629005544;1722;133;2408;2452;11.63;0.71;200.93;3.33;686;22;794.00;44
1724;22;629005553;1724;139;2413;2452;11.60;0.71;201.02;3.35;689;22;795.00;39
1725;22;629005563;1725;143;2419;2452;11.66;0.71;200.95;3.36;694;22;796.00;33
1727;22;629005572;1727;145;2423;2452;11.60;0.71;200.94;3.42;696;22;797.00;29
1728;22;629005581;1728;145;2425;2452;11.58;0.71;200.94;3.42;697;22;798.00;27
1729;22;629005592;1729;148;2425;2452;11.51;0.70;200.87;3.42;696;22;799.00;27
1731;23;629005602;1731;151;2431;2453;11.36;0.69;200.78;3.49;700;23;800.00;22
1733;23;629005638;1733;153;2433;2454;11.34;0.69;200.67;3.49;700;23;801.00;21
1735;23;629005648;1735;157;2437;2454;11.21;0.68;200.51;3.53;702;23;802.00;17
1736;23;629005658;1736;162;2442;2458;11.07;0.68;200.44;3.53;706;23;803.00;16
1739;23;629005668;1739;168;2443;2458;10.98;0.67;200.33;3.56;704;23;804.00;15
1742;23;629005678;1742;177;2443;2458;10.91;0.66;200.35;3.56;701;23;805.00;15
1743;23;629005688;1743;183;2445;2458;10.81;0.66;200.44;3.60;702;23;806.00;13
1745;23;629005697;1745;189;2449;2464;10.75;0.65;200.39;3.60;704;23;807.00;15
1749;23;629005707;1749;197;2451;2464;10.62;0.65;200.19;3.63;702;23;808.00;13
1752;23;629005717;1752;207;2451;2464;10.50;0.64;199.96;3.63;699;23;809.00;13
1756;23;629005728;1756;213;2455;2470;10.40;0.63;199.83;3.66;699;23;810.00;15
1758;23;629005739;1758;218;2457;2470;10.28;0.62;199.71;3.69;699;23;811.00;13
1762;23;629005748;1762;229;2458;2470;10.15;0.62;199.68;3.69;696;23;812.00;12
1762;23;629005757;1762;232;2459;2471;9.99;0.61;199.68;3.69;697;23;813.00;12
1763;23;629005767;1763;237;2463;2472;9.86;0.60;199.70;3.72;700;23;814.00;9
1765;23;629005776;1765;241;2465;2472;9.70;0.59;199.66;3.72;700;23;815.00;7
1767;23;629005785;1767;249;2476;2485;9.53;0.58;199.58;3.73;709;23;816.00;9
1768;24;629005795;1768;260;2477;2485;9.40;0.57;199.60;3.74;709;24;817.00;8
1770;24;629005814;1770;267;2479;2485;9.28;0.57;199.40;3.75;709;24;818.00;6
1771;24;629005823;1771;270;2480;2486;9.20;0.56;199.30;3.75;709;24;819.00;6
1772;24;629005832;1772;273;2482;2486;9.06;0.55;199.25;3.76;710;24;820.00;4
1774;24;629005841;1774;280;2485;2490;9.00;0.55;199.22;3.76;711;24;821.00;5
1774;24;629005849;1774;288;2487;2490;8.95;0.55;199.22;3.76;713;24;822.00;3
1776;24;629005858;1776;294;2493;2494;8.85;0.54;199.17;3.76;717;24;823.00;1
1778;24;629005867;1778;299;2493;2494;8.70;0.53;199.14;3.76;715;24;824.00;1
1780;25;629005875;1780;309;2494;2494;8.48;0.52;199.14;3.76;714;25;825.00;0
1785;25;629005895;1785;312;2494;2494;8.23;0.50;198.99;3.76;709;25;826.00;0
1786;25;629005904;1786;306;2494;2494;8.10;0.50;198.96;3.76;708;25;827.00;0
1787;25;629005917;1787;307;2505;2506;8.04;0.49;198.92;3.74;718;25;828.00;1
1790;25;629005926;1790;302;2506;2506;7.92;0.49;198.79;3.74;716;25;829.00;0
1791;25;629005935;1791;298;2506;2506;7.90;0.49;198.79;3.74;715;25;830.00;0
1792;25;629005943;1792;292;2506;2506;7.90;0.49;198.86;3.74;714;25;831.00;0
1792;25;629005951;1792;288;2506;2506;7.92;0.49;198.86;3.74;714;25;832.00;0
1795;25;629005960;1795;281;2506;2506;7.91;0.49;198.70;3.74;711;25;833.00;0
1796;25;629005969;1796;278;2507;2507;8.03;0.49;198.67;3.74;711;25;834.00;0
1797;25;629005978;1797;272;2507;2507;8.16;0.50;198.62;3.74;710;25;835.00;0
1799;25;629005987;1799;269;2512;2513;8.26;0.51;198.72;3.74;713;25;836.00;1
1800;25;629005996;1800;262;2514;2514;8.39;0.51;198.72;3.73;714;25;837.00;0
1802;25;629006005;1802;261;2514;2514;8.46;0.52;198.61;3.73;712;25;838.00;0
1802;25;629006019;1802;259;2514;2514;8.51;0.52;198.61;3.73;712;25;839.00;0
1805;25;629006029;1805;257;2519;2519;8.55;0.52;198.51;3.73;714;25;840.00;0
1806;25;629006038;1806;260;2519;2519;8.51;0.52;198.54;3.73;713;25;841.00;0
1807;25;629006047;1807;262;2519;2519;8.49;0.52;198.50;3.73;712;25;842.00;0
1809;25;629006056;1809;266;2520;2520;8.50;0.52;198.57;3.73;711;25;843.00;0
1810;25;629006064;1810;264;2524;2524;8.43;0.52;198.65;3.72;714;25;844.00;0
1813;25;629006073;1813;260;2524;2524;8.45;0.52;198.85;3.72;711;25;845.00;0
1814;25;629006083;1814;256;2526;2527;8.46;0.52;198.93;3.72;712;25;846.00;1
1817;25;629006093;1817;257;2526;2527;8.38;0.52;199.08;3.72;709;25;847.00;1
1824;25;629006101;1824;259;2527;2527;8.30;0.51;199.26;3.72;703;25;848.00;0
1827;25;629006111;1827;258;2527;2527;8.21;0.50;199.46;3.72;700;25;849.00;0
1829;25;629006119;1829;245;2530;2531;8.24;0.51;199.51;3.72;701;25;850.00;1
1835;25;629006127;1835;240;2530;2531;8.24;0.51;199.91;3.72;695;25;851.00;1
1837;25;629006136;1837;235;2531;2531;8.33;0.51;200.05;3.71;694;25;852.00;0
1841;25;629006145;1841;228;2531;2531;8.43;0.52;200.23;3.71;690;25;853.00;0
1844;25;629006153;1844;221;2532;2532;8.42;0.52;200.68;3.71;688;25;854.00;0
1855;25;629006162;1855;219;2534;2534;8.38;0.51;200.42;3.71;679;25;855.00;0
1860;25;629006172;1860;216;2534;2534;8.38;0.51;200.44;3.71;674;25;856.00;0
1862;25;629006180;1862;209;2535;2535;8.47;0.52;200.50;3.71;673;25;857.00;0
1867;25;629006189;1867;196;2535;2535;8.52;0.52;200.53;3.71;668;25;858.00;0
1871;25;629006198;1871;187;2535;2535;8.63;0.53;200.68;3.71;664;25;859.00;0
1875;25;629006206;1875;180;2535;2535;8.69;0.53;200.80;3.71;660;25;860.00;0
1879;25;629006215;1879;177;2535;2535;8.67;0.53;200.87;3.71;656;25;861.00;0
1882;25;629006223;1882;174;2535;2535;8.67;0.53;200.88;3.71;653;25;862.00;0
1887;25;629006232;1887;167;2535;2535;8.68;0.53;201.13;3.71;648;25;863.00;0
1891;25;629006240;1891;173;2615;2662;8.80;0.54;201.14;3.60;724;25;864.00;47
1897;25;629006260;1897;160;2619;2663;8.74;0.54;201.31;3.59;722;25;865.00;44
1899;25;629006270;1899;153;2626;2663;8.80;0.54;201.24;3.59;727;25;866.00;37
1902;25;629006279;1902;153;2630;2663;8.88;0.55;201.35;3.59;728;25;867.00;33
1908;25;629006289;1908;146;2635;2663;8.94;0.55;201.44;3.59;727;25;868.00;28
1910;25;629006300;1910;143;2638;2663;9.00;0.56;201.54;3.59;728;25;869.00;25
1916;25;629006311;1916;142;2642;2663;9.08;0.56;201.71;3.59;726;25;870.00;21
1921;25;629006320;1921;144;2644;2663;9.17;0.57;202.06;3.60;723;25;871.00;19
1923;25;629006336;1923;145;2647;2664;9.35;0.58;202.06;3.60;724;25;872.00;17
1928;25;629006347;1928;152;2650;2665;9.47;0.58;202.22;3.61;722;25;873.00;15
1933;25;629006358;1933;151;2654;2665;9.55;0.58;202.22;3.61;721;25;874.00;11
1936;25;629006368;1936;153;2656;2666;9.61;0.59;202.36;3.62;720;25;875.00;10
1941;25;629006380;1941;155;2657;2666;9.62;0.59;202.51;3.62;716;25;876.00;9
1943;25;629006396;1943;161;2658;2666;9.65;0.59;202.72;3.62;715;25;877.00;8
1946;25;629006410;1946;164;2660;2666;9.71;0.60;202.75;3.63;714;25;878.00;6
1949;25;629006424;1949;167;2663;2670;9.72;0.60;202.92;3.63;714;25;879.00;7
1955;25;629006441;1955;161;2665;2670;9.77;0.60;203.02;3.64;710;25;880.00;5
1959;25;629006456;1959;169;2665;2670;9.76;0.60;203.22;3.64;706;25;881.00;5
1960;25;629006470;1960;173;2668;2673;9.83;0.60;203.30;3.64;708;25;882.00;5
1964;25;629006484;1964;185;2668;2673;9.83;0.60;203.31;3.64;704;25;883.00;5
1966;25;629006496;1966;189;2670;2673;9.88;0.61;203.46;3.65;704;25;884.00;3
1970;25;629006508;1970;189;2674;2677;9.93;0.61;203.64;3.65;704;25;885.00;3
1974;25;629006520;1974;194;2676;2678;9.95;0.61;203.62;3.65;702;25;886.00;2
1977;25;629006531;1977;194;2676;2678;9.98;0.61;203.67;3.65;699;25;887.00;2
1981;25;629006543;1981;196;2681;2682;9.98;0.61;203.73;3.64;700;25;888.00;1
1987;25;629006554;1987;195;2681;2682;9.96;0.61;204.04;3.64;694;25;889.00;1
1989;25;629006565;1989;191;2681;2682;10.01;0.61;204.22;3.64;692;25;890.00;1
1995;25;629006576;1995;199;2682;2683;9.99;0.61;204.30;3.64;687;25;891.00;1
1999;25;629006587;1999;199;2682;2683;9.98;0.61;204.47;3.64;683;25;892.00;1
2003;25;629006598;2003;202;2687;2689;9.96;0.61;204.55;3.63;684;25;893.00;2
2006;25;629006610;2006;207;2687;2689;9.93;0.61;204.75;3.63;681;25;894.00;2
2009;25;629006620;2009;205;2689;2690;9.89;0.60;204.85;3.63;680;25;895.00;1
2013;25;629006631;2013;206;2689;2690;9.85;0.60;205.00;3.63;676;25;896.00;1
2017;25;629006641;2017;196;2689;2690;9.78;0.60;204.97;3.63;672;25;897.00;1
2020;25;629006652;2020;185;2689;2690;9.76;0.59;205.00;3.63;669;25;898.00;1
2020;25;629006662;2020;180;2689;2690;9.85;0.60;205.00;3.63;669;25;899.00;1
2024;25;629006675;2024;180;2718;2736;9.81;0.60;205.07;3.61;694;25;900.00;18
2027;25;629006694;2027;178;2718;2736;9.91;0.60;205.09;3.61;691;25;901.00;18
2029;25;629006705;2029;169;2721;2736;10.03;0.61;205.25;3.61;692;25;902.00;15
2032;25;629006715;2032;170;2721;2736;10.05;0.61;205.72;3.61;689;25;903.00;15
2034;25;629006726;2034;167;2722;2736;10.14;0.62;205.84;3.61;688;25;904.00;14
2037;25;629006736;2037;167;2722;2736;10.20;0.62;205.92;3.61;685;25;905.00;14
2042;25;629006752;2042;152;2728;2740;10.19;0.62;206.01;3.60;686;25;906.00;12
2044;25;629006763;2044;138;2728;2740;10.23;0.63;206.10;3.60;684;25;907.00;12
2047;25;629006779;2047;135;2732;2744;10.24;0.63;206.29;3.61;685;25;908.00;12
2049;25;629006790;2049;124;2733;2745;10.27;0.63;206.34;3.60;684;25;909.00;12
2051;25;629006800;2051;122;2734;2745;10.36;0.64;206.41;3.61;683;25;910.00;11
2052;25;629006811;2052;117;2734;2745;10.38;0.64;206.52;3.61;682;25;911.00;11
2057;25;629006821;2057;114;2743;2758;10.44;0.64;206.53;3.59;686;25;912.00;15
2059;25;629006833;2059;114;2743;2758;10.56;0.65;206.63;3.59;684;25;913.00;15
2064;25;629006844;2064;120;2744;2758;10.59;0.65;206.68;3.60;680;25;914.00;14
2065;25;629006855;2065;118;2745;2759;10.64;0.65;206.79;3.60;680;25;915.00;14
2069;25;629006866;2069;119;2747;2760;10.63;0.65;206.95;3.60;678;25;916.00;13
2071;25;629006877;2071;122;2747;2760;10.66;0.65;207.01;3.60;676;25;917.00;13
2075;25;629006887;2075;124;2749;2763;10.77;0.66;207.16;3.60;674;25;918.00;14
2080;25;629006898;2080;126;2749;2763;10.76;0.65;207.22;3.60;669;25;919.00;14
2081;25;629006914;2081;129;2750;2763;10.80;0.66;207.22;3.60;669;25;920.00;13
2086;25;629006923;2086;126;2750;2763;10.82;0.66;207.21;3.60;664;25;921.00;13
2088;25;629006934;2088;131;2755;2769;10.82;0.66;207.28;3.61;667;25;922.00;14
2092;25;629006944;2092;129;2755;2769;10.84;0.66;207.22;3.61;663;25;923.00;14
2094;25;629006954;2094;128;2755;2769;10.92;0.66;207.38;3.61;661;25;924.00;14
2096;25;629006964;2096;126;2755;2769;11.00;0.67;207.26;3.61;659;25;925.00;14
2101;25;629006974;2101;125;2761;2773;10.94;0.66;207.26;3.62;660;25;926.00;12
2103;25;629006984;2103;123;2762;2774;11.01;0.67;207.46;3.61;659;25;927.00;12
2105;25;629006994;2105;130;2763;2774;11.03;0.67;207.55;3.62;658;25;928.00;11
2107;25;629007004;2107;132;2764;2775;11.08;0.67;207.53;3.62;657;25;929.00;11
2107;25;629007016;2107;133;2764;2775;11.18;0.68;207.53;3.62;657;25;930.00;11
2110;25;629007026;2110;139;2766;2775;11.17;0.68;207.52;3.64;656;25;931.00;9
2110;25;629007037;2110;141;2767;2775;11.14;0.68;207.52;3.65;657;25;932.00;8
2116;25;629007047;2116;139;2768;2775;11.15;0.68;207.51;3.65;652;25;933.00;7
2119;25;629007057;2119;138;2769;2775;11.17;0.68;207.78;3.66;650;25;934.00;6
2120;25;629007066;2120;142;2769;2775;11.20;0.68;207.88;3.66;649;25;935.00;6
2122;25;629007075;2122;158;2809;2845;10.89;0.66;208.00;3.61;687;25;936.00;36
2126;25;629007091;2126;149;2811;2846;10.90;0.67;207.94;3.62;685;25;937.00;35
2129;25;629007101;2129;146;2818;2846;10.98;0.67;207.98;3.62;689;25;938.00;28
2131;25;629007110;2131;149;2821;2846;10.99;0.67;208.12;3.62;690;25;939.00;25
2133;25;629007119;2133;150;2825;2846;11.11;0.68;208.13;3.62;692;25;940.00;21
2135;25;629007128;2135;150;2826;2846;11.19;0.68;208.22;3.62;691;25;941.00;20
2140;25;629007137;2140;159;2830;2846;11.21;0.68;208.42;3.62;690;25;942.00;16
2143;25;629007146;2143;155;2832;2846;11.23;0.69;208.50;3.63;689;25;943.00;14
2146;25;629007155;2146;161;2835;2847;11.26;0.69;208.44;3.63;689;25;944.00;12
2147;25;629007165;2147;163;2838;2849;11.23;0.69;208.43;3.63;691;25;945.00;11
2151;25;629007174;2151;166;2841;2849;11.22;0.68;208.57;3.63;690;25;946.00;8
2155;25;629007184;2155;167;2845;2853;11.20;0.68;208.46;3.63;690;25;947.00;8
2159;25;629007193;2159;166;2846;2853;11.14;0.68;208.33;3.65;687;25;948.00;7
2164;25;629007202;2164;163;2846;2853;11.08;0.68;208.22;3.65;682;25;949.00;7
2169;25;629007211;2169;169;2846;2853;11.03;0.67;208.10;3.65;677;25;950.00;7
2170;25;629007219;2170;164;2849;2859;10.98;0.67;208.05;3.65;679;25;951.00;10
2175;25;629007228;2175;160;2850;2859;10.91;0.67;207.90;3.65;675;25;952.00;9
2180;25;629007238;2180;157;2851;2859;10.85;0.66;207.98;3.66;671;25;953.00;8
2182;25;629007246;2182;154;2853;2862;10.89;0.66;207.96;3.66;671;25;954.00;9
2185;25;629007256;2185;156;2855;2862;10.85;0.66;207.90;3.66;670;25;955.00;7
2189;25;629007270;2189;161;2856;2862;10.91;0.66;207.74;3.66;667;25;956.00;6
2190;25;629007279;2190;159;2856;2863;10.95;0.67;207.69;3.66;666;25;957.00;7
2195;25;629007288;2195;156;2857;2864;10.98;0.67;207.50;3.66;662;25;958.00;7
2201;25;629007297;2201;156;2857;2864;10.96;0.67;207.28;3.66;656;25;959.00;7
2202;25;629007307;2202;159;2872;2890;10.90;0.66;207.27;3.64;670;25;960.00;18
2205;25;629007318;2205;155;2874;2890;10.94;0.67;207.11;3.65;669;25;961.00;16
2206;25;629007326;2206;155;2876;2890;10.97;0.67;207.05;3.65;670;25;962.00;14
2208;25;629007335;2208;155;2877;2891;10.98;0.67;206.88;3.65;669;25;963.00;14
2211;25;629007348;2211;156;2877;2891;11.04;0.67;206.77;3.65;666;25;964.00;14
2213;25;629007357;2213;160;2881;2895;11.05;0.67;206.61;3.65;668;25;965.00;14
2214;25;629007366;2214;161;2882;2895;11.05;0.67;206.62;3.65;668;25;966.00;13
2214;25;629007374;2214;167;2886;2899;11.01;0.67;206.62;3.65;672;25;967.00;13
2216;25;629007383;2216;166;2886;2899;10.92;0.67;206.62;3.65;670;25;968.00;13
2216;25;629007393;2216;172;2889;2899;10.81;0.66;206.62;3.68;673;25;969.00;10
2219;25;629007402;2219;180;2889;2899;10.66;0.65;206.63;3.68;670;25;970.00;10
2220;25;629007410;2220;180;2891;2899;10.49;0.64;206.55;3.70;671;25;971.00;8
2224;25;629007417;2224;187;2901;2911;10.39;0.63;206.56;3.68;677;25;972.00;10
2226;25;629007427;2226;188;2902;2911;10.23;0.63;206.44;3.68;676;25;973.00;9
2229;25;629007435;2229;192;2903;2911;10.07;0.61;206.49;3.69;674;25;974.00;8
2231;25;629007444;2231;203;2903;2911;9.91;0.60;206.53;3.69;672;25;975.00;8
2232;25;629007452;2232;207;2903;2911;9.83;0.60;206.55;3.69;671;25;976.00;8
2233;25;629007461;2233;215;2904;2911;9.73;0.60;206.54;3.69;671;25;977.00;7
2235;25;629007469;2235;224;2904;2912;9.64;0.59;206.59;3.69;669;25;978.00;8
2235;26;629007477;2235;219;2905;2912;9.59;0.59;206.59;3.70;670;26;979.00;7
2237;26;629007492;2237;214;2911;2918;9.59;0.59;206.60;3.71;674;26;980.00;7
2240;26;629007505;2240;218;2912;2919;9.54;0.58;206.63;3.70;672;26;981.00;7
2240;26;629007515;2240;214;2913;2919;9.55;0.58;206.63;3.70;673;26;982.00;6
2243;26;629007523;2243;213;2916;2919;9.48;0.58;206.56;3.72;673;26;983.00;3
2244;27;629007532;2244;207;2918;2923;9.48;0.58;206.58;3.72;674;27;984.00;5
2246;27;629007552;2246;202;2920;2923;9.45;0.58;206.52;3.72;674;27;985.00;3
2247;27;629007567;2247;194;2921;2923;9.38;0.57;206.46;3.72;674;27;986.00;2
2248;27;629007580;2248;197;2923;2924;9.35;0.57;206.42;3.72;675;27;987.00;1
2253;27;629007589;2253;204;2927;2928;9.29;0.56;206.30;3.72;674;27;988.00;1
2254;27;629007599;2254;199;2928;2928;9.26;0.56;206.33;3.72;674;27;989.00;0
2256;27;629007615;2256;198;2931;2934;9.34;0.57;206.31;3.72;675;27;990.00;3
2257;27;629007623;2257;199;2932;2934;9.37;0.57;206.37;3.72;675;27;991.00;2
2257;27;629007631;2257;197;2932;2934;9.32;0.57;206.37;3.72;675;27;992.00;2
2257;27;629007640;2257;205;2933;2934;9.27;0.57;206.37;3.72;676;27;993.00;1
2259;27;629007648;2259;209;2936;2938;9.29;0.57;206.35;3.71;677;27;994.00;2
2260;27;629007657;2260;216;2936;2938;9.26;0.57;206.34;3.71;676;27;995.00;2
2263;27;629007666;2263;220;2937;2938;9.19;0.56;206.36;3.71;674;27;996.00;1
2264;27;629007675;2264;221;2937;2938;9.08;0.55;206.39;3.71;673;27;997.00;1
2266;27;629007687;2266;222;2939;2939;9.02;0.55;206.39;3.71;673;27;998.00;0
2267;27;629007695;2267;221;2940;2940;8.97;0.55;206.42;3.71;673;27;999.00;0
2267;27;629007704;2267;222;2940;2940;8.95;0.55;206.42;3.71;673;27;1000.00;0
2271;27;629007717;2271;216;2941;2941;8.82;0.54;206.81;3.71;670;27;1001.00;0
2274;27;629007726;2274;214;2941;2941;8.77;0.54;206.67;3.71;667;27;1002.00;0
2278;27;629007735;2278;215;2941;2941;8.75;0.53;206.78;3.71;663;27;1003.00;0
2279;27;629007744;2279;213;2941;2941;8.70;0.53;206.78;3.71;662;27;1004.00;0
2280;27;629007753;2280;213;2941;2941;8.66;0.53;206.81;3.71;661;27;1005.00;0
2280;27;629007761;2280;207;2941;2941;8.68;0.53;206.81;3.71;661;27;1006.00;0
2285;27;629007771;2285;210;2941;2941;8.64;0.53;206.80;3.71;656;27;1007.00;0
2286;27;629007780;2286;231;3010;3068;8.72;0.54;206.76;3.63;724;27;1008.00;58
2290;27;629007799;2290;219;3012;3069;8.68;0.54;206.69;3.63;722;27;1009.00;57
2292;27;629007808;2292;210;3021;3069;8.85;0.55;206.74;3.62;729;27;1010.00;48
2296;27;629007817;2296;206;3029;3069;8.98;0.56;206.76;3.62;733;27;1011.00;40
2301;27;629007826;2301;205;3035;3069;9.00;0.56;206.79;3.62;734;27;1012.00;34
2306;27;629007837;2306;201;3040;3069;9.00;0.56;206.71;3.62;734;27;1013.00;29
2310;27;629007846;2310;196;3045;3069;8.92;0.55;206.74;3.63;735;27;1014.00;24
2314;27;629007854;2314;198;3048;3069;8.88;0.55;206.81;3.63;734;27;1015.00;21
2318;27;629007869;2318;202;3053;3070;8.86;0.55;206.77;3.64;735;27;1016.00;17
2326;27;629007878;2326;211;3055;3071;8.82;0.54;206.61;3.64;729;27;1017.00;16
2332;27;629007888;2332;217;3057;3071;8.70;0.54;206.84;3.64;725;27;1018.00;14
2336;27;629007897;2336;224;3059;3072;8.54;0.53;206.97;3.64;723;27;1019.00;13
2338;27;629007909;2338;216;3061;3072;8.48;0.52;207.07;3.65;723;27;1020.00;11
2342;27;629007918;2342;212;3061;3072;8.40;0.52;207.17;3.65;719;27;1021.00;11
2345;27;629007927;2345;211;3063;3072;8.39;0.52;207.29;3.66;718;27;1022.00;9
2346;27;629007936;2346;210;3066;3076;8.40;0.52;207.36;3.66;720;27;1023.00;10
2351;27;629007946;2351;208;3068;3076;8.44;0.52;207.36;3.67;717;27;1024.00;8
2357;27;629007955;2357;211;3070;3076;8.45;0.52;207.49;3.67;713;27;1025.00;6
2360;27;629007965;2360;215;3073;3079;8.54;0.53;207.52;3.68;713;27;1026.00;6
2365;27;629007974;2365;204;3074;3079;8.58;0.53;207.62;3.68;709;27;1027.00;5
2367;27;629007990;2367;200;3075;3079;8.72;0.54;207.70;3.68;708;27;1028.00;4
2371;27;629007999;2371;188;3080;3083;8.77;0.54;207.93;3.68;709;27;1029.00;3
2373;27;629008009;2373;188;3082;3084;8.96;0.55;208.08;3.68;709;27;1030.00;2
2379;27;629008018;2379;181;3082;3084;9.16;0.56;208.29;3.68;703;27;1031.00;2
2385;27;629008029;2385;174;3086;3088;9.28;0.57;208.53;3.67;701;27;1032.00;2
2388;27;629008040;2388;172;3086;3088;9.40;0.58;208.63;3.67;698;27;1033.00;2
2394;27;629008050;2394;173;3086;3088;9.46;0.58;208.90;3.67;692;27;1034.00;2
2397;27;629008066;2397;167;3088;3090;9.61;0.59;209.08;3.67;691;27;1035.00;2
2402;27;629008076;2402;158;3088;3090;9.72;0.59;209.28;3.67;686;27;1036.00;2
2407;27;629008087;2407;153;3094;3096;9.81;0.60;209.45;3.66;687;27;1037.00;2
2408;28;629008099;2408;153;3094;3096;9.92;0.61;209.52;3.66;686;28;1038.00;2
2412;28;629008120;2412;150;3095;3097;9.98;0.61;209.63;3.66;683;28;1039.00;2
2417;28;629008130;2417;153;3095;3097;10.00;0.61;209.70;3.66;678;28;1040.00;2
2421;28;629008141;2421;156;3095;3097;10.05;0.61;209.81;3.66;674;28;1041.00;2
2424;28;629008151;2424;153;3095;3097;10.11;0.62;209.98;3.66;671;28;1042.00;2
2432;28;629008162;2432;155;3095;3097;10.07;0.62;210.07;3.66;663;28;1043.00;2
2435;28;629008172;2435;153;3106;3109;10.18;0.62;210.19;3.65;671;28;1044.00;3
2439;28;629008183;2439;151;3106;3109;10.21;0.62;210.25;3.65;667;28;1045.00;3
2444;28;629008199;2444;152;3107;3109;10.24;0.63;210.39;3.65;663;28;1046.00;2
2449;28;629008209;2449;155;3107;3109;10.28;0.63;210.52;3.65;658;28;1047.00;2
2453;28;629008219;2453;157;3107;3109;10.32;0.63;210.56;3.65;654;28;1048.00;2
2458;28;629008229;2458;157;3107;3109;10.40;0.64;210.85;3.65;649;28;1049.00;2
2462;28;629008241;2462;158;3113;3115;10.39;0.63;210.97;3.64;651;28;1050.00;2
2467;28;629008251;2467;157;3113;3115;10.41;0.63;211.06;3.64;646;28;1051.00;2
2472;28;629008262;2472;159;3116;3119;10.49;0.64;211.29;3.64;644;28;1052.00;3
2474;28;629008272;2474;162;3118;3120;10.51;0.64;211.47;3.64;644;28;1053.00;2
2477;28;629008283;2477;166;3118;3120;10.42;0.63;211.59;3.64;641;28;1054.00;2
2480;28;629008293;2480;173;3118;3120;10.41;0.63;211.59;3.64;638;28;1055.00;2
2486;28;629008303;2486;178;3131;3133;10.29;0.63;211.81;3.62;645;28;1056.00;2
2490;28;629008314;2490;177;3131;3133;10.22;0.62;211.68;3.62;641;28;1057.00;2
2494;28;629008324;2494;170;3132;3133;10.23;0.62;211.91;3.64;638;28;1058.00;1
2496;28;629008335;2496;170;3133;3134;10.26;0.63;211.92;3.64;637;28;1059.00;1
2499;28;629008344;2499;170;3134;3135;10.23;0.62;212.00;3.64;635;28;1060.00;1
2503;28;629008353;2503;176;3134;3135;10.18;0.62;212.03;3.64;631;28;1061.00;1
2507;28;629008363;2507;178;3136;3138;10.21;0.62;212.23;3.64;629;28;1062.00;2
2510;28;629008372;2510;181;3136;3138;10.15;0.62;212.20;3.64;626;28;1063.00;2
2513;28;629008387;2513;186;3137;3138;10.05;0.61;212.31;3.63;624;28;1064.00;1
2517;28;629008403;2517;192;3137;3138;9.99;0.61;212.46;3.63;620;28;1065.00;1
2520;28;629008414;2520;200;3142;3144;9.92;0.60;212.59;3.63;622;28;1066.00;2
2524;28;629008427;2524;193;3142;3144;9.85;0.60;212.58;3.63;618;28;1067.00;2
2525;28;629008443;2525;187;3143;3144;9.82;0.60;212.66;3.63;618;28;1068.00;1
2530;28;629008455;2530;188;3143;3144;9.64;0.59;212.87;3.63;613;28;1069.00;1
2532;28;629008467;2532;180;3147;3148;9.61;0.58;212.89;3.63;615;28;1070.00;1
2534;28;629008480;2534;180;3148;3149;9.63;0.59;212.99;3.63;614;28;1071.00;1
2536;28;629008491;2536;182;3148;3149;9.59;0.58;213.25;3.63;612;28;1072.00;1
2540;28;629008501;2540;183;3149;3150;9.55;0.58;213.35;3.62;609;28;1073.00;1
2542;28;629008513;2542;177;3149;3150;9.55;0.58;213.44;3.62;607;28;1074.00;1
2545;28;629008522;2545;183;3149;3150;9.50;0.58;213.52;3.62;604;28;1075.00;1
2547;28;629008538;2547;170;3149;3150;9.57;0.58;213.60;3.62;602;28;1076.00;1
2548;28;629008549;2548;158;3149;3150;9.74;0.59;213.56;3.62;601;28;1077.00;1
2549;28;629008558;2549;152;3149;3150;9.83;0.60;213.59;3.62;600;28;1078.00;1
2550;28;629008567;2550;144;3149;3150;9.89;0.60;213.53;3.62;599;28;1079.00;1
2552;28;629008578;2552;164;3226;3275;9.67;0.60;213.56;3.54;674;28;1080.00;49
2555;28;629008598;2555;147;3229;3276;9.72;0.60;213.66;3.54;674;28;1081.00;47
2557;28;629008609;2557;135;3235;3276;9.92;0.61;213.75;3.53;678;28;1082.00;41
2559;28;629008619;2559;127;3239;3276;10.12;0.62;213.72;3.53;680;28;1083.00;37
2563;29;629008629;2563;124;3245;3276;10.19;0.62;213.66;3.53;682;29;1084.00;31
2570;29;629008650;2570;120;3248;3276;10.29;0.63;213.84;3.53;678;29;1085.00;28
2574;29;629008660;2574;119;3252;3276;10.36;0.63;213.76;3.54;678;29;1086.00;24
2576;29;629008670;2576;123;3256;3276;10.39;0.64;213.97;3.54;680;29;1087.00;20
2580;29;629008681;2580;125;3258;3277;10.41;0.64;213.99;3.54;678;29;1088.00;19
2582;29;629008690;2582;129;3259;3278;10.33;0.63;214.01;3.54;677;29;1089.00;19
2584;29;629008701;2584;126;3261;3278;10.27;0.63;214.01;3.55;677;29;1090.00;17
2586;29;629008711;2586;126;3265;3282;10.16;0.62;214.00;3.54;679;29;1091.00;17
2588;29;629008721;2588;132;3266;3282;10.09;0.62;214.00;3.55;678;29;1092.00;16
2589;29;629008736;2589;142;3266;3282;10.10;0.62;213.97;3.55;677;29;1093.00;16
2589;29;629008745;2589;147;3267;3282;10.10;0.62;213.97;3.55;678;29;1094.00;15
2591;29;629008754;2591;149;3272;3288;10.09;0.62;214.03;3.54;681;29;1095.00;16
2592;29;629008764;2592;157;3272;3288;10.16;0.62;213.98;3.54;680;29;1096.00;16
2592;29;629008774;2592;160;3273;3288;10.26;0.63;213.98;3.54;681;29;1097.00;15
2596;29;629008784;2596;165;3276;3291;10.35;0.63;214.00;3.54;680;29;1098.00;15
2598;30;629008793;2598;165;3276;3291;10.42;0.64;214.06;3.54;678;30;1099.00;15
2601;30;629008815;2601;167;3276;3291;10.45;0.64;213.98;3.54;675;30;1100.00;15
2603;30;629008828;2603;171;3277;3292;10.51;0.64;213.96;3.54;674;30;1101.00;15
2607;30;629008838;2607;173;3278;3293;10.52;0.64;213.74;3.54;671;30;1102.00;15
2609;30;629008847;2609;176;3278;3293;10.52;0.64;213.91;3.54;669;30;1103.00;15
2610;30;629008861;2610;180;3288;3306;10.53;0.64;213.87;3.53;678;30;1104.00;18
2612;30;629008871;2612;179;3288;3306;10.57;0.64;213.82;3.53;676;30;1105.00;18
2612;30;629008879;2612;185;3288;3306;10.63;0.65;213.82;3.53;676;30;1106.00;18
2614;30;629008888;2614;188;3289;3307;10.68;0.65;213.74;3.53;675;30;1107.00;18
2616;30;629008896;2616;188;3289;3307;10.75;0.65;213.69;3.53;673;30;1108.00;18
2619;30;629008905;2619;185;3293;3311;10.80;0.66;213.62;3.55;674;30;1109.00;18
2620;30;629008916;2620;186;3293;3311;10.90;0.67;213.63;3.55;673;30;1110.00;18
2623;30;629008924;2623;186;3297;3315;10.89;0.67;213.74;3.55;674;30;1111.00;18
2626;30;629008933;2626;187;3297;3315;10.87;0.66;213.64;3.55;671;30;1112.00;18
2629;30;629008942;2629;183;3297;3315;10.86;0.66;213.54;3.55;668;30;1113.00;18
2633;30;629008950;2633;182;3297;3315;10.83;0.66;213.47;3.55;664;30;1114.00;18
2634;30;629008959;2634;187;3297;3315;10.84;0.66;213.43;3.55;663;30;1115.00;18
2636;30;629008967;2636;187;3306;3327;10.81;0.66;213.34;3.54;670;30;1116.00;21
2638;30;629008976;2638;187;3306;3327;10.69;0.65;213.34;3.54;668;30;1117.00;21
2642;30;629008984;2642;187;3308;3327;10.72;0.65;213.18;3.54;666;30;1118.00;19
2643;30;629008993;2643;189;3308;3327;10.67;0.65;213.19;3.54;665;30;1119.00;19
2645;30;629009000;2645;188;3308;3327;10.73;0.65;213.16;3.54;663;30;1120.00;19
2645;30;629009008;2645;184;3308;3327;10.77;0.66;213.16;3.54;663;30;1121.00;19
2646;30;629009017;2646;182;3308;3328;10.85;0.66;213.16;3.54;662;30;1122.00;20
2649;30;629009025;2649;183;3308;3328;10.83;0.66;213.09;3.54;659;30;1123.00;20
2650;30;629009040;2650;183;3313;3334;10.88;0.66;213.09;3.55;663;30;1124.00;21
2652;30;629009049;2652;179;3318;3336;10.85;0.66;213.04;3.56;666;30;1125.00;18
2655;30;629009057;2655;172;3318;3336;10.88;0.66;213.01;3.56;663;30;1126.00;18
2658;30;629009066;2658;174;3319;3336;10.87;0.66;212.93;3.57;661;30;1127.00;17
2661;30;629009074;2661;172;3321;3340;10.89;0.66;212.88;3.57;660;30;1128.00;19
2662;30;629009083;2662;174;3322;3340;10.94;0.67;212.84;3.58;660;30;1129.00;18
2664;30;629009092;2664;169;3322;3340;10.96;0.67;212.85;3.58;658;30;1130.00;18
2667;30;629009100;2667;158;3323;3341;11.07;0.67;212.80;3.58;656;30;1131.00;18
2668;30;629009109;2668;146;3327;3345;11.17;0.68;212.92;3.59;659;30;1132.00;18
2670;30;629009118;2670;134;3327;3345;11.31;0.69;212.96;3.59;657;30;1133.00;18
2672;30;629009127;2672;126;3330;3348;11.43;0.69;212.92;3.61;658;30;1134.00;18
2673;30;629009136;2673;120;3331;3348;11.61;0.70;212.88;3.61;658;30;1135.00;17
2677;30;629009145;2677;117;3332;3348;11.62;0.70;212.79;3.62;655;30;1136.00;16
2677;30;629009154;2677;111;3333;3348;11.71;0.71;212.79;3.64;656;30;1137.00;15
2680;30;629009163;2680;104;3336;3352;11.85;0.72;212.68;3.64;656;30;1138.00;16
2681;30;629009173;2681;107;3337;3352;11.88;0.72;212.64;3.65;656;30;1139.00;15
2681;30;629009184;2681;108;3339;3352;11.88;0.72;212.64;3.66;658;30;1140.00;13
2684;30;629009193;2684;104;3339;3352;11.83;0.72;212.69;3.66;655;30;1141.00;13
2686;30;629009202;2686;105;3341;3353;11.81;0.72;212.65;3.68;655;30;1142.00;12
2688;30;629009212;2688;109;3342;3354;11.89;0.72;212.60;3.68;654;30;1143.00;12
2688;30;629009222;2688;112;3342;3354;11.91;0.72;212.60;3.68;654;30;1144.00;12
2690;30;629009237;2690;116;3343;3355;11.93;0.73;212.59;3.68;653;30;1145.00;12
2692;30;629009253;2692;119;3343;3355;11.95;0.73;212.56;3.68;651;30;1146.00;12
2693;30;629009262;2693;128;3343;3355;11.95;0.73;212.56;3.68;650;30;1147.00;12
2695;30;629009271;2695;130;3343;3355;11.92;0.73;212.58;3.68;648;30;1148.00;12
2696;30;629009285;2696;135;3344;3355;11.82;0.72;212.56;3.69;648;30;1149.00;11
2696;30;629009295;2696;140;3345;3355;11.70;0.71;212.56;3.70;649;30;1150.00;10
2697;30;629009304;2697;144;3345;3355;11.65;0.71;212.56;3.70;648;30;1151.00;10
2700;30;629009312;2700;165;3410;3482;11.41;0.70;212.69;3.63;710;30;1152.00;72
2702;30;629009331;2702;164;3412;3483;11.24;0.69;212.83;3.64;710;30;1153.00;71
2704;30;629009341;2704;166;3422;3483;11.13;0.68;212.88;3.63;718;30;1154.00;61
2704;30;629009350;2704;164;3431;3483;11.07;0.68;212.88;3.64;727;30;1155.00;52
2706;30;629009359;2706;164;3439;3483;10.98;0.68;213.20;3.64;733;30;1156.00;44
2710;30;629009368;2710;169;3444;3483;10.84;0.67;213.30;3.64;734;30;1157.00;39
2714;30;629009379;2714;177;3451;3483;10.62;0.65;213.28;3.66;737;30;1158.00;32
2719;30;629009389;2719;179;3456;3483;10.47;0.64;213.18;3.66;737;30;1159.00;27
2725;30;629009399;2725;188;3462;3484;10.34;0.63;213.23;3.67;737;30;1160.00;22
2728;30;629009408;2728;190;3463;3485;10.22;0.63;213.30;3.68;735;30;1161.00;22
2732;30;629009418;2732;200;3465;3485;10.19;0.62;213.22;3.68;733;30;1162.00;20
2735;30;629009428;2735;204;3467;3486;10.13;0.62;213.18;3.68;732;30;1163.00;19
2740;30;629009437;2740;210;3470;3486;10.00;0.61;213.06;3.69;730;30;1164.00;16
2742;30;629009447;2742;212;3472;3486;9.87;0.60;213.11;3.70;730;30;1165.00;14
2743;30;629009457;2743;216;3475;3486;9.75;0.60;213.09;3.71;732;30;1166.00;11
2749;30;629009472;2749;225;3478;3490;9.55;0.59;212.96;3.71;729;30;1167.00;12
2750;30;629009482;2750;235;3481;3490;9.35;0.57;212.92;3.71;731;30;1168.00;9
2754;30;629009491;2754;240;3481;3490;9.08;0.56;212.82;3.71;727;30;1169.00;9
2756;30;629009502;2756;245;3485;3496;8.94;0.55;212.80;3.71;729;30;1170.00;11
2758;30;629009512;2758;248;3485;3496;8.84;0.54;212.78;3.71;727;30;1171.00;11
2759;30;629009521;2759;254;3486;3496;8.74;0.54;212.80;3.71;727;30;1172.00;10
2762;30;629009530;2762;256;3490;3500;8.61;0.53;212.80;3.71;728;30;1173.00;10
2762;30;629009539;2762;256;3492;3501;8.63;0.53;212.80;3.71;730;30;1174.00;9
2764;30;629009549;2764;256;3493;3501;8.64;0.53;212.73;3.71;729;30;1175.00;8
2766;30;629009564;2766;261;3497;3505;8.66;0.53;212.72;3.70;731;30;1176.00;8
2767;30;629009585;2767;258;3498;3505;8.66;0.53;212.72;3.70;731;30;1177.00;7
2768;30;629009595;2768;258;3498;3505;8.69;0.54;212.71;3.70;730;30;1178.00;7
2770;30;629009604;2770;260;3499;3506;8.67;0.53;212.67;3.70;729;30;1179.00;7
2774;30;629009613;2774;262;3499;3506;8.67;0.53;212.72;3.70;725;30;1180.00;7
2779;30;629009624;2779;258;3504;3512;8.72;0.54;212.66;3.70;725;30;1181.00;8
2784;30;629009634;2784;256;3504;3512;8.67;0.53;212.64;3.70;720;30;1182.00;8
2787;30;629009643;2787;257;3506;3513;8.62;0.53;212.59;3.70;719;30;1183.00;7
2792;30;629009653;2792;254;3506;3513;8.58;0.53;212.55;3.70;714;30;1184.00;7
2797;30;629009662;2797;251;3506;3513;8.56;0.53;212.59;3.70;709;30;1185.00;7
2802;30;629009671;2802;247;3506;3513;8.55;0.52;212.62;3.70;704;30;1186.00;7
2805;30;629009680;2805;244;3506;3513;8.54;0.52;212.71;3.70;701;30;1187.00;7
2812;30;629009689;2812;249;3517;3525;8.54;0.52;212.87;3.69;705;30;1188.00;8
2814;30;629009699;2814;246;3517;3525;8.56;0.53;212.90;3.69;703;30;1189.00;8
2821;30;629009707;2821;235;3518;3525;8.55;0.52;213.16;3.69;697;30;1190.00;7
2826;30;629009716;2826;229;3518;3525;8.54;0.52;213.28;3.69;692;30;1191.00;7
2828;30;629009725;2828;226;3518;3525;8.63;0.53;213.41;3.69;690;30;1192.00;7
2831;30;629009734;2831;211;3518;3525;8.72;0.54;213.63;3.69;687;30;1193.00;7
2834;30;629009742;2834;213;3522;3529;8.79;0.54;213.76;3.68;688;30;1194.00;7
2837;30;629009752;2837;213;3522;3529;8.90;0.55;213.92;3.68;685;30;1195.00;7
2842;30;629009761;2842;206;3525;3533;8.99;0.55;214.04;3.68;683;30;1196.00;8
2845;30;629009770;2845;204;3526;3534;9.12;0.56;214.25;3.68;681;30;1197.00;8
2851;30;629009779;2851;193;3527;3534;9.23;0.57;214.53;3.68;676;30;1198.00;7
2856;30;629009788;2856;181;3527;3534;9.30;0.57;214.72;3.68;671;30;1199.00;7
2862;30;629009800;2862;178;3548;3575;9.27;0.57;214.95;3.66;686;30;1200.00;27
2866;30;629009818;2866;170;3550;3575;9.35;0.57;214.96;3.66;684;30;1201.00;25
2870;30;629009827;2870;169;3554;3575;9.41;0.58;215.05;3.65;684;30;1202.00;21
2874;30;629009836;2874;165;3555;3576;9.48;0.58;215.22;3.65;681;30;1203.00;21
2880;30;629009846;2880;168;3558;3577;9.56;0.59;215.24;3.65;678;30;1204.00;19
2886;30;629009855;2886;168;3560;3577;9.59;0.59;215.45;3.65;674;30;1205.00;17
2890;30;629009865;2890;171;3562;3580;9.71;0.59;215.49;3.65;672;30;1206.00;18
2892;30;629009874;2892;172;3564;3580;9.72;0.59;215.60;3.65;672;30;1207.00;16
2895;30;629009883;2895;170;3565;3580;9.70;0.59;215.61;3.65;670;30;1208.00;15
2900;30;629009892;2900;168;3565;3580;9.67;0.59;215.71;3.65;665;30;1209.00;15
2906;30;629009902;2906;171;3570;3586;9.61;0.58;215.92;3.65;664;30;1210.00;16
2910;30;629009913;2910;175;3572;3586;9.58;0.58;215.94;3.65;662;30;1211.00;14
2913;30;629009928;2913;179;3573;3586;9.53;0.58;216.03;3.65;660;30;1212.00;13
2918;30;629009943;2918;177;3573;3586;9.51;0.58;216.05;3.65;655;30;1213.00;13
2922;30;629009952;2922;179;3577;3590;9.44;0.58;216.09;3.65;655;30;1214.00;13
2926;30;629009962;2926;178;3579;3592;9.46;0.58;216.10;3.65;653;30;1215.00;13
2930;30;629009973;2930;176;3579;3592;9.44;0.58;216.24;3.65;649;30;1216.00;13
2937;30;629009982;2937;185;3580;3593;9.45;0.58;216.39;3.65;643;30;1217.00;13
2940;30;629009992;2940;188;3581;3593;9.40;0.57;216.37;3.65;641;30;1218.00;12
2945;30;629010001;2945;189;3581;3593;9.37;0.57;216.45;3.65;636;30;1219.00;12
2948;30;629010014;2948;191;3581;3593;9.40;0.57;216.49;3.65;633;30;1220.00;12
2952;30;629010024;2952;195;3581;3593;9.42;0.57;216.55;3.65;629;30;1221.00;12
2955;30;629010034;2955;200;3581;3593;9.43;0.57;216.43;3.65;626;30;1222.00;12
2958;30;629010044;2958;202;3581;3593;9.35;0.57;216.48;3.65;623;30;1223.00;12
2961;30;629010052;2961;218;3622;3663;9.23;0.56;216.56;3.62;661;30;1224.00;41
2964;30;629010067;2964;215;3624;3664;9.21;0.56;216.60;3.61;660;30;1225.00;40
2965;30;629010077;2965;213;3629;3664;9.24;0.56;216.66;3.61;664;30;1226.00;35
2966;30;629010087;2966;219;3632;3664;9.29;0.57;216.67;3.61;666;30;1227.00;32
2968;30;629010096;2968;223;3635;3666;9.32;0.57;216.69;3.61;667;30;1228.00;31
2970;30;629010105;2970;222;3638;3666;9.34;0.57;216.65;3.62;668;30;1229.00;28
2973;30;629010116;2973;226;3641;3666;9.36;0.57;216.67;3.62;668;30;1230.00;25
2976;30;629010126;2976;224;3644;3666;9.30;0.57;216.71;3.62;668;30;1231.00;22
2981;30;629010135;2981;228;3649;3667;9.19;0.56;216.57;3.63;668;30;1232.00;18
2983;30;629010145;2983;235;3651;3668;9.04;0.55;216.70;3.63;668;30;1233.00;17
2986;30;629010154;2986;237;3652;3668;8.95;0.55;216.66;3.63;666;30;1234.00;16
2988;31;629010164;2988;250;3661;3672;8.72;0.53;216.72;3.64;673;31;1235.00;11
2989;31;629010190;2989;252;3661;3672;8.57;0.52;216.69;3.64;672;31;1236.00;11
2994;31;629010200;2994;244;3661;3672;8.43;0.52;216.50;3.64;667;31;1237.00;11
2995;31;629010210;2995;239;3661;3672;8.48;0.52;216.48;3.64;666;31;1238.00;11
2999;31;629010225;2999;239;3667;3678;8.44;0.52;216.47;3.64;668;31;1239.00;11
3001;31;629010235;3001;235;3667;3678;8.53;0.52;216.68;3.64;666;31;1240.00;11
3004;31;629010244;3004;234;3668;3678;8.60;0.52;216.68;3.64;664;31;1241.00;10
3006;31;629010253;3006;233;3671;3681;8.72;0.53;216.83;3.64;665;31;1242.00;10
3008;31;629010263;3008;235;3671;3681;8.82;0.54;216.93;3.64;663;31;1243.00;10
3011;31;629010272;3011;233;3671;3681;8.83;0.54;216.85;3.64;660;31;1244.00;10
3014;31;629010281;3014;229;3672;3682;8.82;0.54;217.07;3.64;658;31;1245.00;10
3017;31;629010290;3017;221;3673;3683;8.80;0.54;217.24;3.64;656;31;1246.00;10
3018;31;629010300;3018;211;3673;3683;8.85;0.54;217.20;3.64;655;31;1247.00;10
3024;31;629010309;3024;202;3685;3696;8.91;0.54;217.06;3.63;661;31;1248.00;11
3025;31;629010325;3025;192;3686;3696;9.02;0.55;217.09;3.63;661;31;1249.00;10
3025;31;629010335;3025;183;3686;3696;9.07;0.55;217.09;3.63;661;31;1250.00;10
3027;31;629010349;3027;180;3687;3697;9.18;0.56;217.06;3.62;660;31;1251.00;10
3029;31;629010359;3029;176;3687;3697;9.28;0.57;217.04;3.62;658;31;1252.00;10
3031;31;629010368;3031;180;3690;3701;9.37;0.57;216.97;3.62;659;31;1253.00;11
3033;31;629010378;3033;179;3690;3701;9.50;0.58;216.97;3.62;657;31;1254.00;11
3037;31;629010388;3037;176;3695;3705;9.50;0.58;216.89;3.62;658;31;1255.00;10
3040;31;629010404;3040;174;3695;3705;9.54;0.58;216.85;3.62;655;31;1256.00;10
3042;31;629010418;3042;177;3695;3705;9.63;0.59;216.84;3.62;653;31;1257.00;10
3042;31;629010431;3042;180;3696;3705;9.64;0.59;216.84;3.67;654;31;1258.00;9
3044;31;629010446;3044;179;3696;3705;9.66;0.59;216.79;3.67;652;31;1259.00;9
3045;31;629010461;3045;176;3720;3739;9.63;0.59;216.75;3.64;675;31;1260.00;19
3045;31;629010477;3045;174;3720;3739;9.79;0.60;216.75;3.64;675;31;1261.00;19
3049;31;629010488;3049;169;3722;3739;9.92;0.61;216.62;3.64;673;31;1262.00;17
3050;31;629010499;3050;166;3722;3739;9.98;0.61;216.61;3.64;672;31;1263.00;17
3054;31;629010515;3054;167;3723;3739;9.95;0.61;216.55;3.64;669;31;1264.00;16
3055;31;629010526;3055;170;3723;3739;9.98;0.61;216.54;3.64;668;31;1265.00;16
3057;31;629010541;3057;172;3724;3740;10.03;0.61;216.45;3.64;667;31;1266.00;16
3059;31;629010551;3059;171;3724;3740;10.08;0.61;216.45;3.64;665;31;1267.00;16
3063;31;629010561;3063;170;3728;3746;10.05;0.61;216.39;3.64;665;31;1268.00;18
3064;31;629010571;3064;174;3729;3747;10.12;0.62;216.34;3.64;665;31;1269.00;18
3065;31;629010580;3065;178;3730;3747;10.12;0.62;216.30;3.64;665;31;1270.00;17
3067;31;629010589;3067;183;3730;3747;10.08;0.61;216.27;3.64;663;31;1271.00;17
3067;31;629010604;3067;190;3733;3751;10.04;0.61;216.27;3.64;666;31;1272.00;18
3071;31;629010614;3071;194;3733;3751;9.99;0.61;216.31;3.64;662;31;1273.00;18
3073;31;629010623;3073;196;3733;3751;9.99;0.61;216.32;3.64;660;31;1274.00;18
3074;31;629010632;3074;195;3734;3752;10.07;0.61;216.33;3.64;660;31;1275.00;18
3076;31;629010641;3076;198;3737;3756;10.08;0.61;216.28;3.64;661;31;1276.00;19
3080;31;629010650;3080;200;3738;3756;10.07;0.61;216.13;3.69;658;31;1277.00;18
3082;31;629010664;3082;200;3740;3759;10.11;0.61;216.14;3.69;658;31;1278.00;19
3083;31;629010673;3083;204;3740;3759;10.13;0.61;216.13;3.69;657;31;1279.00;19
3084;31;629010682;3084;206;3741;3759;10.19;0.62;216.11;3.69;657;31;1280.00;18
3086;31;629010690;3086;209;3741;3759;10.29;0.62;216.14;3.69;655;31;1281.00;18
3088;31;629010698;3088;206;3744;3763;10.35;0.63;216.13;3.68;656;31;1282.00;19
3089;31;629010707;3089;192;3744;3763;10.42;0.63;216.13;3.68;655;31;1283.00;19
3090;31;629010715;3090;183;3745;3763;10.54;0.64;216.13;3.68;655;31;1284.00;18
3090;31;629010723;3090;175;3745;3763;10.65;0.64;216.13;3.68;655;31;1285.00;18
3091;31;629010731;3091;168;3745;3764;10.71;0.65;216.10;3.68;654;31;1286.00;19
3092;31;629010740;3092;162;3746;3765;10.81;0.65;216.07;3.68;654;31;1287.00;19
3094;31;629010749;3094;154;3746;3765;10.86;0.66;216.07;3.68;652;31;1288.00;19
3095;31;629010758;3095;145;3747;3766;10.91;0.66;216.04;3.68;652;31;1289.00;19
3096;31;629010773;3096;140;3747;3766;11.01;0.67;216.02;3.68;651;31;1290.00;19
3096;32;629010782;3096;138;3747;3766;11.09;0.67;216.02;3.68;651;32;1291.00;19
3098;32;629010800;3098;127;3747;3766;11.18;0.68;215.97;3.68;649;32;1292.00;19
3098;32;629010809;3098;121;3747;3766;11.28;0.68;215.97;3.68;649;32;1293.00;19
3100;32;629010818;3100;109;3748;3766;11.36;0.69;215.95;3.69;648;32;1294.00;18
3101;32;629010826;3101;104;3748;3766;11.42;0.69;215.93;3.69;647;32;1295.00;18
3105;32;629010835;3105;114;3811;3893;11.28;0.69;215.91;3.63;706;32;1296.00;82
3107;32;629010860;3107;104;3811;3894;11.39;0.70;215.85;3.63;704;32;1297.00;83
3112;32;629010869;3112;97;3819;3894;11.52;0.71;215.81;3.64;707;32;1298.00;75
3113;32;629010879;3113;93;3822;3894;11.64;0.72;215.76;3.64;709;32;1299.00;72
3115;32;629010889;3115;91;3828;3894;11.90;0.73;215.73;3.64;713;32;1300.00;66
3117;32;629010902;3117;91;3833;3894;11.98;0.74;215.69;3.64;716;32;1301.00;61
3117;32;629010911;3117;93;3837;3894;12.12;0.74;215.69;3.64;720;32;1302.00;57
3119;32;629010921;3119;88;3840;3894;12.18;0.75;215.70;3.66;721;32;1303.00;54
3120;32;629010931;3120;89;3846;3895;12.26;0.75;215.73;3.67;726;32;1304.00;49
3124;32;629010941;3124;91;3849;3897;12.31;0.75;215.64;3.67;725;32;1305.00;48
3126;32;629010951;3126;94;3852;3897;12.41;0.76;215.64;3.68;726;32;1306.00;45
3132;32;629010961;3132;95;3858;3898;12.35;0.76;215.67;3.70;726;32;1307.00;40
3134;32;629010972;3134;98;3859;3898;12.24;0.75;215.60;3.70;725;32;1308.00;39
3138;32;629010982;3138;99;3860;3898;12.07;0.74;215.70;3.70;722;32;1309.00;38
3140;32;629010992;3140;99;3865;3898;11.98;0.73;215.73;3.72;725;32;1310.00;33
3143;32;629011002;3143;100;3868;3902;11.86;0.73;215.82;3.73;725;32;1311.00;34
3148;32;629011013;3148;112;3870;3902;11.72;0.72;215.80;3.73;722;32;1312.00;32
3151;32;629011023;3151;116;3873;3902;11.57;0.71;215.91;3.74;722;32;1313.00;29
3154;32;629011033;3154;124;3876;3905;11.45;0.70;215.95;3.74;722;32;1314.00;29
3155;32;629011043;3155;126;3879;3905;11.32;0.69;215.94;3.75;724;32;1315.00;26
3161;32;629011053;3161;133;3882;3905;11.16;0.68;216.01;3.81;721;32;1316.00;23
3164;32;629011063;3164;138;3885;3909;11.04;0.67;216.06;3.81;721;32;1317.00;24
3166;32;629011074;3166;144;3888;3910;10.95;0.67;216.07;3.82;722;32;1318.00;22
3171;32;629011084;3171;149;3889;3910;10.90;0.66;216.10;3.82;718;32;1319.00;21
3172;32;629011096;3172;156;3894;3915;10.79;0.66;216.17;3.83;722;32;1320.00;21
3174;32;629011107;3174;162;3895;3915;10.72;0.65;216.17;3.83;721;32;1321.00;20
3175;32;629011117;3175;163;3895;3915;10.71;0.65;216.19;3.83;720;32;1322.00;20
3177;32;629011127;3177;168;3897;3916;10.61;0.64;216.28;3.84;720;32;1323.00;19
3182;32;629011137;3182;174;3897;3916;10.54;0.64;216.48;3.84;715;32;1324.00;19
3183;32;629011148;3183;180;3903;3922;10.53;0.64;216.50;3.84;720;32;1325.00;19
3185;32;629011158;3185;186;3903;3922;10.38;0.63;216.64;3.84;718;32;1326.00;19
3189;32;629011168;3189;189;3905;3923;10.36;0.63;216.60;3.85;716;32;1327.00;18
3193;32;629011178;3193;192;3905;3923;10.31;0.63;216.65;3.85;712;32;1328.00;18
3195;32;629011189;3195;197;3906;3923;10.27;0.62;216.62;3.85;711;32;1329.00;17
3199;32;629011199;3199;204;3906;3923;10.17;0.62;216.59;3.85;707;32;1330.00;17
3201;32;629011214;3201;214;3908;3923;10.10;0.61;216.57;3.87;707;32;1331.00;15
3205;32;629011235;3205;216;3918;3935;10.06;0.61;216.47;3.87;713;32;1332.00;17
3207;32;629011245;3207;217;3919;3935;10.04;0.61;216.50;3.87;712;32;1333.00;16
3209;32;629011256;3209;216;3921;3935;10.00;0.61;216.52;3.87;712;32;1334.00;14
3210;32;629011266;3210;219;3922;3935;9.88;0.60;216.50;3.87;712;32;1335.00;13
3211;32;629011275;3211;219;3924;3935;9.79;0.60;216.51;3.87;713;32;1336.00;11
3212;32;629011285;3212;228;3924;3935;9.69;0.59;216.51;3.87;712;32;1337.00;11
3214;32;629011294;3214;236;3928;3939;9.51;0.58;216.63;3.87;714;32;1338.00;11
3216;32;629011304;3216;234;3928;3939;9.42;0.57;216.62;3.87;712;32;1339.00;11
3219;33;629011314;3219;235;3931;3943;9.45;0.57;216.56;3.87;712;33;1340.00;12
3220;33;629011361;3220;235;3932;3944;9.38;0.57;216.53;3.87;712;33;1341.00;12
3222;33;629011370;3222;232;3933;3944;9.26;0.56;216.53;3.87;711;33;1342.00;11
3226;33;629011381;3226;236;3933;3944;9.11;0.56;216.46;3.87;707;33;1343.00;11
3228;33;629011401;3228;241;3946;3957;8.99;0.55;216.37;3.86;718;33;1344.00;11
3232;33;629011412;3232;239;3946;3957;8.92;0.55;216.32;3.86;714;33;1345.00;11
3234;33;629011422;3234;244;3946;3957;8.87;0.54;216.41;3.86;712;33;1346.00;11
3235;33;629011431;3235;246;3947;3958;8.93;0.55;216.38;3.85;712;33;1347.00;11
3237;33;629011441;3237;244;3948;3959;8.92;0.55;216.44;3.85;711;33;1348.00;11
3239;33;629011450;3239;242;3948;3959;8.98;0.55;216.51;3.85;709;33;1349.00;11
3241;33;629011461;3241;239;3951;3968;9.05;0.55;216.47;3.85;710;33;1350.00;17
3247;33;629011472;3247;241;3952;3968;9.07;0.56;216.55;3.85;705;33;1351.00;16
3249;33;629011482;3249;236;3953;3968;9.11;0.56;216.57;3.85;704;33;1352.00;15
3252;33;629011491;3252;235;3953;3968;9.07;0.56;216.64;3.85;701;33;1353.00;15
3257;33;629011499;3257;231;3958;3974;9.11;0.56;216.62;3.85;701;33;1354.00;16
3261;33;629011509;3261;224;3958;3974;9.07;0.56;216.69;3.85;697;33;1355.00;16
3266;33;629011519;3266;228;3959;3974;9.03;0.55;216.92;3.85;693;33;1356.00;15
3271;33;629011527;3271;230;3959;3974;9.03;0.55;217.25;3.85;688;33;1357.00;15
3273;33;629011536;3273;232;3965;3978;8.95;0.55;217.35;3.85;692;33;1358.00;13
3281;33;629011544;3281;232;3967;3979;8.80;0.54;217.57;3.85;686;33;1359.00;12
3285;33;629011554;3285;226;3967;3979;8.80;0.54;217.64;3.85;682;33;1360.00;12
3291;33;629011563;3291;223;3968;3980;8.72;0.54;217.85;3.84;677;33;1361.00;12
3295;33;629011571;3295;222;3968;3980;8.70;0.54;218.05;3.84;673;33;1362.00;12
3299;33;629011580;3299;217;3968;3980;8.76;0.54;218.13;3.84;669;33;1363.00;12
3302;33;629011589;3302;215;3968;3980;8.75;0.54;218.31;3.84;666;33;1364.00;12
3312;33;629011597;3312;213;3968;3980;8.74;0.54;218.33;3.84;656;33;1365.00;12
3315;33;629011605;3315;216;3968;3980;8.72;0.54;218.42;3.84;653;33;1366.00;12
3322;33;629011614;3322;210;3968;3980;8.75;0.54;218.59;3.84;646;33;1367.00;12
3328;33;629011623;3328;201;4007;4050;8.74;0.54;218.69;3.81;679;33;1368.00;43
3333;33;629011637;3333;197;4012;4051;8.81;0.54;218.94;3.80;679;33;1369.00;39
3335;33;629011646;3335;190;4016;4051;9.01;0.56;219.02;3.80;681;33;1370.00;35
3340;33;629011654;3340;184;4019;4051;9.04;0.56;219.04;3.87;679;33;1371.00;32
3344;33;629011663;3344;182;4025;4051;9.11;0.56;219.17;3.87;681;33;1372.00;26
3350;33;629011672;3350;183;4029;4051;9.11;0.56;219.03;3.87;679;33;1373.00;22
3353;33;629011681;3353;189;4034;4051;9.09;0.56;219.11;3.88;681;33;1374.00;17
3358;33;629011690;3358;195;4035;4051;9.01;0.55;219.25;3.88;677;33;1375.00;16
3362;33;629011699;3362;196;4037;4052;8.96;0.55;219.26;3.88;675;33;1376.00;15
3369;33;629011707;3369;189;4039;4053;8.87;0.54;219.36;3.88;670;33;1377.00;14
3371;33;629011716;3371;186;4040;4053;8.83;0.54;219.35;3.88;669;33;1378.00;13
3375;33;629011725;3375;187;4043;4057;8.79;0.54;219.38;3.88;668;33;1379.00;14
3377;33;629011736;3377;191;4043;4057;8.75;0.54;219.30;3.88;666;33;1380.00;14
3379;33;629011744;3379;196;4043;4057;8.72;0.54;219.41;3.88;664;33;1381.00;14
3382;33;629011758;3382;198;4043;4057;8.73;0.54;219.34;3.88;661;33;1382.00;14
3389;33;629011767;3389;199;4048;4063;8.73;0.54;219.31;3.87;659;33;1383.00;15
3394;33;629011776;3394;206;4050;4063;8.72;0.54;219.44;3.87;656;33;1384.00;13
3400;33;629011786;3400;210;4050;4063;8.68;0.53;219.36;3.87;650;33;1385.00;13
3403;33;629011794;3403;208;4053;4066;8.68;0.53;219.39;3.87;650;33;1386.00;13
3409;33;629011804;3409;206;4054;4066;8.58;0.52;219.53;3.88;645;33;1387.00;12
3413;33;629011812;3413;209;4054;4066;8.51;0.52;219.45;3.88;641;33;1388.00;12
3419;33;629011821;3419;208;4056;4067;8.50;0.52;219.50;3.88;637;33;1389.00;11
3422;33;629011831;3422;213;4057;4068;8.54;0.52;219.60;3.88;635;33;1390.00;11
3425;33;629011841;3425;220;4057;4068;8.58;0.52;219.75;3.88;632;33;1391.00;11
3431;33;629011850;3431;223;4070;4081;8.56;0.52;219.97;3.87;639;33;1392.00;11
3435;33;629011860;3435;223;4070;4081;8.50;0.52;219.98;3.87;635;33;1393.00;11
3439;33;629011869;3439;229;4070;4081;8.41;0.51;219.98;3.87;631;33;1394.00;11
3444;33;629011880;3444;230;4072;4083;8.43;0.51;220.17;3.87;628;33;1395.00;11
3447;33;629011888;3447;234;4072;4083;8.34;0.50;220.16;3.87;625;33;1396.00;11
3451;33;629011897;3451;236;4075;4087;8.29;0.50;220.21;3.87;624;33;1397.00;12
3454;33;629011906;3454;246;4075;4087;8.21;0.50;220.28;3.87;621;33;1398.00;12
3457;33;629011915;3457;253;4080;4091;8.19;0.50;220.30;3.86;623;33;1399.00;11
3458;33;629011924;3458;259;4080;4091;8.10;0.49;220.31;3.86;622;33;1400.00;11
3459;33;629011938;3459;266;4080;4091;7.96;0.48;220.27;3.86;621;33;1401.00;11
3460;33;629011947;3460;274;4080;4091;7.86;0.48;220.24;3.86;620;33;1402.00;11
3460;33;629011954;3460;277;4080;4091;7.76;0.47;220.24;3.86;620;33;1403.00;11
3461;33;629011962;3461;286;4091;4103;7.68;0.47;220.20;3.85;630;33;1404.00;12
3461;33;629011971;3461;293;4091;4103;7.61;0.46;220.20;3.85;630;33;1405.00;12
3462;33;629011979;3462;298;4092;4103;7.48;0.45;220.15;3.85;630;33;1406.00;11
3464;33;629011987;3464;289;4092;4103;7.45;0.45;220.12;3.85;628;33;1407.00;11
3464;33;629011995;3464;280;4092;4103;7.53;0.46;220.12;3.85;628;33;1408.00;11
3466;33;629012003;3466;279;4092;4103;7.56;0.46;220.08;3.85;626;33;1409.00;11
3470;33;629012013;3470;276;4093;4104;7.51;0.46;220.03;3.85;623;33;1410.00;11
3473;33;629012021;3473;276;4094;4104;7.49;0.45;219.99;3.93;621;33;1411.00;10
3474;33;629012029;3474;276;4099;4110;7.51;0.46;219.93;3.93;625;33;1412.00;11
3477;33;629012038;3477;273;4100;4111;7.58;0.46;219.83;3.93;623;33;1413.00;11
3478;33;629012046;3478;268;4101;4111;7.58;0.46;219.79;3.93;623;33;1414.00;10
3480;33;629012054;3480;267;4101;4111;7.65;0.47;219.77;3.93;621;33;1415.00;10
3484;33;629012062;3484;249;4105;4115;7.73;0.47;219.73;3.92;621;33;1416.00;10
3485;33;629012072;3485;239;4105;4115;7.83;0.48;219.70;3.92;620;33;1417.00;10
3486;33;629012080;3486;227;4105;4115;7.92;0.48;219.66;3.92;619;33;1418.00;10
3487;33;629012095;3487;220;4106;4116;8.03;0.49;219.64;3.92;619;33;1419.00;10
3489;33;629012103;3489;206;4110;4120;8.05;0.49;219.56;3.92;621;33;1420.00;10
3489;33;629012113;3489;201;4110;4120;8.19;0.50;219.56;3.92;621;33;1421.00;10
3490;33;629012121;3490;194;4112;4123;8.42;0.51;219.53;3.92;622;33;1422.00;11
3490;33;629012130;3490;189;4112;4123;8.60;0.53;219.53;3.92;622;33;1423.00;11
3491;33;629012138;3491;187;4113;4123;8.80;0.54;219.52;3.92;622;33;1424.00;10
3494;33;629012147;3494;190;4113;4123;8.96;0.55;219.46;3.92;619;33;1425.00;10
3496;33;629012155;3496;188;4116;4127;9.14;0.56;219.40;3.91;620;33;1426.00;11
3496;33;629012164;3496;186;4116;4127;9.26;0.56;219.40;3.91;620;33;1427.00;11
3498;33;629012173;3498;188;4117;4127;9.41;0.57;219.44;3.91;619;33;1428.00;10
3498;33;629012182;3498;187;4117;4127;9.53;0.58;219.44;3.91;619;33;1429.00;10
3501;33;629012191;3501;188;4118;4128;9.57;0.58;219.34;3.91;617;33;1430.00;10
3502;33;629012199;3502;188;4119;4129;9.63;0.59;219.34;3.91;617;33;1431.00;10
3503;33;629012208;3503;186;4119;4129;9.68;0.59;219.32;3.91;616;33;1432.00;10
3503;34;629012216;3503;189;4120;4130;9.72;0.59;219.32;3.91;617;34;1433.00;10
3503;34;629012235;3503;189;4120;4130;9.74;0.59;219.32;3.91;617;34;1434.00;10
3504;34;629012244;3504;176;4120;4130;9.81;0.60;219.31;3.91;616;34;1435.00;10
3504;34;629012253;3504;166;4120;4130;9.94;0.60;219.31;3.91;616;34;1436.00;10
3504;34;629012261;3504;154;4120;4130;10.06;0.61;219.31;3.91;616;34;1437.00;10
3506;35;629012270;3506;144;4120;4130;10.25;0.62;219.31;3.91;614;35;1438.00;10
3508;35;629012290;3508;137;4120;4130;10.41;0.63;219.32;3.91;612;35;1439.00;10
3508;35;629012305;3508;178;4234;4360;10.15;0.63;219.32;3.81;726;35;1440.00;126
3509;35;629012332;3509;162;4237;4361;10.32;0.64;219.28;3.81;728;35;1441.00;124
3511;35;629012348;3511;140;4247;4361;10.49;0.65;219.18;3.80;736;35;1442.00;114
3514;35;629012358;3514;139;4255;4361;10.63;0.66;219.22;3.80;741;35;1443.00;106
3518;35;629012367;3518;128;4262;4361;10.72;0.66;219.21;3.80;744;35;1444.00;99
3518;35;629012377;3518;123;4268;4361;10.80;0.67;219.21;3.80;750;35;1445.00;93
3519;35;629012404;3519;119;4271;4361;10.85;0.67;219.20;3.80;752;35;1446.00;90
3520;35;629012431;3520;121;4276;4361;10.95;0.68;219.18;3.81;756;35;1447.00;85
3523;35;629012453;3523;119;4280;4362;11.08;0.69;219.16;3.81;757;35;1448.00;82
3526;35;629012466;3526;120;4288;4363;11.09;0.69;219.16;3.89;762;35;1449.00;75
3528;35;629012482;3528;126;4289;4363;11.15;0.69;219.17;3.89;761;35;1450.00;74
3529;35;629012494;3529;129;4291;4364;11.19;0.69;219.19;3.89;762;35;1451.00;73
3534;35;629012506;3534;139;4296;4364;11.19;0.69;219.39;3.90;762;35;1452.00;68
3535;35;629012517;3535;144;4298;4364;11.22;0.69;219.35;3.90;763;35;1453.00;66
3537;35;629012528;3537;148;4299;4364;11.23;0.69;219.34;3.91;762;35;1454.00;65
3540;35;629012539;3540;152;4306;4368;11.11;0.68;219.35;3.92;766;35;1455.00;62
3542;35;629012550;3542;156;4306;4368;11.11;0.68;219.47;3.92;764;35;1456.00;62
3546;35;629012561;3546;161;4307;4368;11.11;0.68;219.51;3.92;761;35;1457.00;61
3547;35;629012571;3547;169;4310;4371;11.09;0.68;219.57;3.93;763;35;1458.00;61
3550;35;629012583;3550;163;4312;4371;11.06;0.68;219.57;3.93;762;35;1459.00;59
3552;35;629012594;3552;162;4312;4371;11.11;0.68;219.54;3.93;760;35;1460.00;59
3555;35;629012605;3555;162;4316;4375;11.16;0.68;219.59;3.93;761;35;1461.00;59
3558;35;629012615;3558;160;4318;4376;11.26;0.69;219.60;3.94;760;35;1462.00;58
3563;35;629012627;3563;158;4319;4376;11.33;0.69;219.62;3.94;756;35;1463.00;57
3569;35;629012638;3569;155;4322;4380;11.43;0.70;219.66;4.01;753;35;1464.00;58
3571;35;629012650;3571;151;4325;4380;11.42;0.70;219.66;4.02;754;35;1465.00;55
3574;35;629012661;3574;152;4325;4380;11.44;0.70;219.72;4.02;751;35;1466.00;55
3575;35;629012672;3575;145;4328;4381;11.47;0.70;219.82;4.09;753;35;1467.00;53
3579;36;629012682;3579;144;4328;4381;11.45;0.70;219.84;4.09;749;36;1468.00;53
3584;36;629012709;3584;134;4330;4387;11.48;0.70;219.91;4.09;746;36;1469.00;57
3587;36;629012722;3587;127;4332;4387;11.45;0.70;220.06;4.15;745;36;1470.00;55
3590;36;629012733;3590;125;4332;4388;11.50;0.70;220.12;4.15;742;36;1471.00;56
3592;36;629012744;3592;122;4332;4388;11.48;0.70;220.16;4.15;740;36;1472.00;56
3595;36;629012754;3595;122;4333;4388;11.50;0.70;220.31;4.16;738;36;1473.00;55
3597;36;629012765;3597;128;4334;4388;11.50;0.70;220.31;4.16;737;36;1474.00;54
3600;37;629012781;3600;132;4336;4388;11.43;0.69;220.34;4.22;736;37;1475.00;52
3601;37;629012807;3601;132;4346;4400;11.48;0.70;220.41;4.22;745;37;1476.00;54
3604;37;629012819;3604;138;4347;4400;11.46;0.70;220.47;4.23;743;37;1477.00;53
3607;37;629012830;3607;139;4350;4400;11.50;0.70;220.50;4.23;743;37;1478.00;50
3610;37;629012841;3610;141;4350;4400;11.48;0.70;220.45;4.23;740;37;1479.00;50
3614;37;629012852;3614;140;4353;4400;11.41;0.70;220.48;4.24;739;37;1480.00;47
3617;37;629012863;3617;143;4353;4400;11.30;0.69;220.50;4.24;736;37;1481.00;47
3620;38;629012874;3620;143;4356;4404;11.23;0.68;220.46;4.24;736;38;1482.00;48
3622;38;629012894;3622;146;4357;4404;11.16;0.68;220.40;4.24;735;38;1483.00;47
3625;38;629012905;3625;149;4360;4408;11.13;0.68;220.43;4.24;735;38;1484.00;48
3628;38;629012924;3628;157;4362;4410;11.11;0.68;220.39;4.24;734;38;1485.00;48
3631;38;629012936;3631;162;4365;4410;11.03;0.67;220.40;4.30;734;38;1486.00;45
3632;38;629012946;3632;169;4365;4410;11.01;0.67;220.35;4.30;733;38;1487.00;45
3635;38;629012957;3635;172;4375;4423;10.95;0.67;220.33;4.30;740;38;1488.00;48
3639;38;629012969;3639;180;4376;4423;10.96;0.67;220.49;4.31;737;38;1489.00;47
3644;38;629012980;3644;185;4377;4423;10.92;0.66;220.68;4.32;733;38;1490.00;46
3645;38;629012991;3645;189;4379;4424;10.89;0.66;220.63;4.33;734;38;1491.00;45
3649;38;629013001;3649;194;4380;4425;10.84;0.66;220.70;4.34;731;38;1492.00;45
3653;38;629013011;3653;200;4381;4425;10.79;0.65;220.63;4.35;728;38;1493.00;44
3657;38;629013022;3657;210;4385;4428;10.73;0.65;220.64;4.37;728;38;1494.00;43
3660;38;629013033;3660;210;4386;4428;10.63;0.64;220.63;4.37;726;38;1495.00;42
3660;38;629013043;3660;217;4389;4428;10.61;0.64;220.63;4.40;729;38;1496.00;39
3661;38;629013053;3661;221;4390;4428;10.49;0.64;220.59;4.40;729;38;1497.00;38
3663;38;629013063;3663;226;4396;4434;10.47;0.64;220.56;4.42;733;38;1498.00;38
3663;38;629013074;3663;235;4398;4434;10.39;0.63;220.56;4.44;735;38;1499.00;36
3666;38;629013090;3666;241;4403;4453;10.26;0.62;220.52;4.44;737;38;1500.00;50
3668;38;629013107;3668;244;4405;4453;10.15;0.62;220.55;4.46;737;38;1501.00;48
3669;38;629013117;3669;251;4410;4457;9.99;0.61;220.54;4.47;741;38;1502.00;47
3671;38;629013128;3671;258;4413;4458;9.86;0.60;220.53;4.47;742;38;1503.00;45
3671;38;629013138;3671;263;4415;4458;9.76;0.59;220.53;4.50;744;38;1504.00;43
3672;38;629013148;3672;270;4420;4459;9.58;0.58;220.54;4.53;748;38;1505.00;39
3674;39;629013158;3674;275;4422;4459;9.43;0.57;220.60;4.54;748;39;1506.00;37
3676;39;629013178;3676;280;4423;4459;9.35;0.57;220.59;4.54;747;39;1507.00;36
3680;39;629013188;3680;286;4426;4459;9.26;0.57;220.65;4.54;746;39;1508.00;33
3684;39;629013198;3684;281;4426;4459;9.21;0.56;220.59;4.54;742;39;1509.00;33
3685;39;629013207;3685;281;4426;4459;9.21;0.56;220.58;4.54;741;39;1510.00;33
3688;39;629013217;3688;279;4427;4459;9.14;0.56;220.55;4.55;739;39;1511.00;32
3690;39;629013227;3690;284;4461;4529;9.07;0.56;220.54;4.52;771;39;1512.00;68
3693;39;629013242;3693;283;4463;4530;9.05;0.56;220.50;4.51;770;39;1513.00;67
3695;39;629013252;3695;278;4470;4530;9.01;0.55;220.57;4.51;775;39;1514.00;60
3698;39;629013263;3698;277;4476;4530;8.93;0.55;220.49;4.51;778;39;1515.00;54
3702;39;629013272;3702;279;4480;4530;8.89;0.55;220.45;4.51;778;39;1516.00;50
3703;39;629013283;3703;277;4481;4530;8.94;0.55;220.42;4.51;778;39;1517.00;49
3705;39;629013294;3705;285;4484;4530;8.95;0.55;220.43;4.52;779;39;1518.00;46
3706;39;629013305;3706;285;4485;4530;9.00;0.55;220.41;4.52;779;39;1519.00;45
3709;39;629013316;3709;284;4489;4531;8.99;0.55;220.41;4.52;780;39;1520.00;42
3713;39;629013333;3713;278;4491;4532;8.98;0.55;220.45;4.52;778;39;1521.00;41
3718;39;629013344;3718;280;4493;4532;8.84;0.54;220.59;4.53;775;39;1522.00;39
3722;39;629013354;3722;277;4497;4536;8.70;0.53;220.64;4.52;775;39;1523.00;39
3729;39;629013365;3729;276;4498;4536;8.56;0.53;220.81;4.53;769;39;1524.00;38
3732;39;629013375;3732;281;4498;4536;8.48;0.52;220.84;4.53;766;39;1525.00;38
3736;39;629013386;3736;281;4498;4536;8.38;0.52;220.83;4.53;762;39;1526.00;38
3741;39;629013397;3741;276;4502;4542;8.27;0.51;221.09;4.52;761;39;1527.00;40
3745;39;629013407;3745;274;4502;4542;8.12;0.50;221.14;4.52;757;39;1528.00;40
3750;39;629013417;3750;278;4502;4542;7.93;0.49;221.34;4.52;752;39;1529.00;40
3754;39;629013428;3754;272;4506;4548;7.84;0.48;221.33;4.53;752;39;1530.00;42
3757;39;629013438;3757;265;4506;4548;7.75;0.48;221.41;4.53;749;39;1531.00;42
3764;39;629013448;3764;263;4506;4548;7.69;0.47;221.52;4.53;742;39;1532.00;42
3768;39;629013457;3768;257;4508;4549;7.63;0.47;221.49;4.53;740;39;1533.00;41
3772;39;629013467;3772;254;4509;4550;7.66;0.47;221.63;4.53;737;39;1534.00;41
3775;39;629013477;3775;244;4510;4550;7.66;0.47;221.59;4.54;735;39;1535.00;40
3780;39;629013487;3780;250;4522;4563;7.57;0.46;221.54;4.53;742;39;1536.00;41
3784;40;629013497;3784;241;4523;4563;7.62;0.47;221.64;4.54;739;40;1537.00;40
3787;40;629013523;3787;246;4524;4563;7.69;0.47;221.68;4.54;737;40;1538.00;39
3790;40;629013532;3790;233;4525;4564;7.84;0.48;221.75;4.54;735;40;1539.00;39
3795;40;629013541;3795;229;4529;4564;7.99;0.49;221.67;4.56;734;40;1540.00;35
3800;40;629013550;3800;220;4531;4568;8.05;0.49;221.81;4.56;731;40;1541.00;37
3803;40;629013560;3803;219;4532;4568;8.07;0.49;221.84;4.56;729;40;1542.00;36
3807;40;629013569;3807;221;4537;4572;7.98;0.49;221.90;4.57;730;40;1543.00;35
3811;40;629013579;3811;219;4537;4572;8.01;0.49;222.05;4.57;726;40;1544.00;35
3815;40;629013589;3815;219;4537;4572;8.02;0.49;222.01;4.57;722;40;1545.00;35
3821;40;629013598;3821;217;4539;4572;8.00;0.49;222.02;4.58;718;40;1546.00;33
3823;40;629013607;3823;215;4539;4572;7.98;0.49;222.03;4.58;716;40;1547.00;33
3825;40;629013616;3825;211;4550;4584;8.09;0.49;222.04;4.57;725;40;1548.00;34
3827;40;629013626;3827;216;4551;4584;8.11;0.49;221.95;4.58;724;40;1549.00;33
3830;40;629013634;3830;219;4552;4584;8.12;0.49;221.91;4.58;722;40;1550.00;32
3831;40;629013644;3831;226;4553;4584;8.09;0.49;221.88;4.59;722;40;1551.00;31
3836;40;629013652;3836;229;4553;4584;7.98;0.49;221.81;4.59;717;40;1552.00;31
3837;40;629013661;3837;228;4554;4584;7.97;0.49;221.78;4.60;717;40;1553.00;30
3840;40;629013670;3840;233;4555;4585;7.95;0.48;221.89;4.60;715;40;1554.00;30
3842;40;629013679;3842;235;4557;4587;7.80;0.47;221.96;4.60;715;40;1555.00;30
3845;40;629013688;3845;240;4562;4593;7.78;0.47;221.86;4.61;717;40;1556.00;31
3849;40;629013698;3849;246;4563;4594;7.83;0.48;222.02;4.61;714;40;1557.00;31
3851;40;629013708;3851;254;4564;4594;7.77;0.47;222.03;4.61;713;40;1558.00;30
3854;40;629013716;3854;252;4566;4594;7.76;0.47;221.92;4.62;712;40;1559.00;28
3860;40;629013727;3860;264;4571;4599;7.71;0.47;221.97;4.62;711;40;1560.00;28
3867;40;629013736;3867;258;4572;4599;7.67;0.47;221.87;4.62;705;40;1561.00;27
3869;40;629013745;3869;264;4573;4599;7.66;0.47;221.83;4.62;704;40;1562.00;26
3872;40;629013754;3872;267;4576;4600;7.63;0.46;221.83;4.63;704;40;1563.00;24
3875;40;629013762;3875;275;4580;4604;7.61;0.46;221.79;4.63;705;40;1564.00;24
3878;40;629013771;3878;280;4580;4604;7.45;0.45;221.75;4.63;702;40;1565.00;24
3880;40;629013780;3880;285;4583;4607;7.44;0.45;221.75;4.63;703;40;1566.00;24
3884;40;629013789;3884;288;4583;4607;7.46;0.46;221.65;4.63;699;40;1567.00;24
3886;40;629013798;3886;291;4584;4607;7.45;0.45;221.67;4.63;698;40;1568.00;23
3889;40;629013806;3889;294;4584;4607;7.33;0.45;221.68;4.63;695;40;1569.00;23
3893;40;629013815;3893;300;4587;4611;7.29;0.44;221.53;4.63;694;40;1570.00;24
3895;41;629013833;3895;307;4587;4611;7.22;0.44;221.48;4.63;692;41;1571.00;24
3898;41;629013872;3898;312;4588;4611;7.22;0.44;221.48;4.63;690;41;1572.00;23
3899;41;629013894;3899;317;4588;4611;7.20;0.44;221.51;4.63;689;41;1573.00;23
3899;41;629013912;3899;325;4589;4612;7.18;0.44;221.51;4.63;690;41;1574.00;23
3902;41;629013923;3902;329;4593;4614;7.11;0.43;221.45;4.63;691;41;1575.00;21
3902;41;629013936;3902;333;4593;4614;7.00;0.43;221.45;4.63;691;41;1576.00;21
3904;41;629013945;3904;330;4594;4615;6.95;0.42;221.53;4.63;690;41;1577.00;21
3906;41;629013956;3906;325;4594;4615;6.99;0.43;221.67;4.63;688;41;1578.00;21
3910;41;629013966;3910;322;4594;4615;6.98;0.43;221.76;4.63;684;41;1579.00;21
3912;41;629013976;3912;329;4594;4615;7.00;0.43;221.85;4.63;682;41;1580.00;21
3915;41;629013986;3915;325;4594;4615;7.01;0.43;221.82;4.63;679;41;1581.00;21
3917;41;629013997;3917;320;4594;4615;7.05;0.43;221.86;4.63;677;41;1582.00;21
3919;41;629014008;3919;320;4594;4615;7.15;0.44;221.94;4.63;675;41;1583.00;21
3921;41;629014026;3921;338;4667;4742;7.43;0.46;221.99;4.55;746;41;1584.00;75
3922;41;629014054;3922;324;4670;4743;7.46;0.46;222.06;4.55;748;41;1585.00;73
3922;41;629014072;3922;301;4678;4743;7.55;0.47;222.06;4.55;756;41;1586.00;65
3923;41;629014090;3923;266;4683;4743;7.68;0.48;222.07;4.55;760;41;1587.00;60
3925;41;629014100;3925;242;4687;4743;7.81;0.48;222.05;4.55;762;41;1588.00;56
3928;41;629014135;3928;223;4691;4743;7.93;0.49;222.06;4.55;763;41;1589.00;52
3930;41;629014149;3930;213;4693;4743;8.10;0.50;222.10;4.55;763;41;1590.00;50
3931;41;629014161;3931;206;4697;4743;8.27;0.51;222.16;4.55;766;41;1591.00;46
3935;41;629014180;3935;191;4699;4744;8.42;0.52;222.10;4.55;764;41;1592.00;45
3937;41;629014199;3937;186;4703;4745;8.60;0.53;222.08;4.55;766;41;1593.00;42
3937;42;629014225;3937;179;4707;4745;8.72;0.53;222.08;4.56;770;42;1594.00;38
3942;42;629014249;3942;180;4710;4746;8.82;0.54;221.99;4.56;768;42;1595.00;36
3943;42;629014263;3943;174;4715;4746;8.95;0.55;222.03;4.64;772;42;1596.00;31
3945;42;629014276;3945;168;4716;4746;9.12;0.56;221.99;4.64;771;42;1597.00;30
3945;42;629014288;3945;170;4718;4746;9.26;0.57;221.99;4.64;773;42;1598.00;28
3946;42;629014300;3946;164;4721;4750;9.47;0.58;222.03;4.64;775;42;1599.00;29
3948;42;629014314;3948;158;4724;4750;9.65;0.59;222.01;4.65;776;42;1600.00;26
3949;42;629014331;3949;161;4725;4750;9.77;0.60;222.00;4.65;776;42;1601.00;25
3950;42;629014345;3950;159;4727;4753;9.90;0.60;221.98;4.65;777;42;1602.00;26
3951;42;629014365;3951;157;4729;4753;10.02;0.61;221.94;4.65;778;42;1603.00;24
3953;42;629014379;3953;158;4730;4753;10.09;0.61;221.93;4.65;777;42;1604.00;23
3956;42;629014393;3956;157;4733;4757;10.10;0.61;221.92;4.65;777;42;1605.00;24
3956;42;629014414;3956;159;4734;4758;10.20;0.62;221.92;4.65;778;42;1606.00;24
3958;42;629014433;3958;153;4734;4758;10.29;0.63;221.93;4.65;776;42;1607.00;24
3961;42;629014450;3961;154;4737;4762;10.38;0.63;221.97;4.64;776;42;1608.00;25
3963;42;629014468;3963;155;4737;4762;10.47;0.64;221.99;4.64;774;42;1609.00;25
3966;42;629014483;3966;155;4737;4762;10.54;0.64;222.09;4.64;771;42;1610.00;25
3966;42;629014509;3966;153;4738;4763;10.62;0.65;222.09;4.64;772;42;1611.00;25
3970;42;629014521;3970;152;4738;4763;10.70;0.65;222.18;4.64;768;42;1612.00;25
3971;42;629014534;3971;146;4742;4769;10.78;0.66;222.17;4.64;771;42;1613.00;27
3975;42;629014548;3975;146;4743;4769;10.88;0.66;222.20;4.64;768;42;1614.00;26
3978;42;629014563;3978;146;4743;4770;11.02;0.67;222.29;4.64;765;42;1615.00;27
3980;42;629014576;3980;147;4743;4770;11.15;0.68;222.29;4.64;763;42;1616.00;27
3986;42;629014589;3986;144;4743;4770;11.22;0.68;222.39;4.64;757;42;1617.00;27
3991;42;629014602;3991;136;4743;4770;11.35;0.69;222.48;4.64;752;42;1618.00;27
3992;42;629014616;3992;131;4743;4770;11.39;0.69;222.53;4.64;751;42;1619.00;27
3995;42;629014630;3995;131;4765;4806;11.38;0.69;222.48;4.62;770;42;1620.00;41
3999;42;629014647;3999;130;4765;4806;11.47;0.70;222.52;4.62;766;42;1621.00;41
4005;42;629014659;4005;133;4767;4806;11.49;0.70;222.69;4.62;762;42;1622.00;39
4006;42;629014677;4006;138;4767;4806;11.49;0.70;222.67;4.62;761;42;1623.00;39
4009;42;629014690;4009;135;4768;4806;11.55;0.70;222.78;4.62;759;42;1624.00;38
4012;42;629014701;4012;138;4769;4806;11.56;0.70;222.78;4.62;757;42;1625.00;37
4015;42;629014712;4015;147;4775;4810;11.58;0.70;222.84;4.68;760;42;1626.00;35
4019;42;629014725;4019;148;4775;4810;11.63;0.71;222.85;4.68;756;42;1627.00;35
4020;42;629014736;4020;156;4778;4814;11.69;0.71;222.91;4.68;758;42;1628.00;36
4022;42;629014748;4022;151;4780;4815;11.75;0.71;222.91;4.68;758;42;1629.00;35
4027;42;629014761;4027;145;4781;4815;11.71;0.71;222.90;4.68;754;42;1630.00;34
4031;42;629014778;4031;143;4782;4815;11.66;0.71;222.94;4.68;751;42;1631.00;33
4033;42;629014789;4033;139;4793;4828;11.54;0.70;222.94;4.67;760;42;1632.00;35
4036;42;629014803;4036;131;4793;4828;11.53;0.70;222.92;4.67;757;42;1633.00;35
4042;42;629014821;4042;132;4793;4828;11.48;0.70;223.11;4.67;751;42;1634.00;35
4048;42;629014834;4048;125;4795;4829;11.46;0.70;223.22;4.68;747;42;1635.00;34
4051;42;629014848;4051;126;4795;4830;11.44;0.69;223.19;4.68;744;42;1636.00;35
4055;42;629014860;4055;118;4795;4830;11.55;0.70;223.15;4.68;740;42;1637.00;35
4057;42;629014872;4057;114;4797;4833;11.74;0.71;223.15;4.68;740;42;1638.00;36
4062;42;629014885;4062;112;4797;4833;11.85;0.72;223.24;4.68;735;42;1639.00;36
4063;42;629014899;4063;112;4798;4833;11.95;0.73;223.24;4.68;735;42;1640.00;35
4068;42;629014911;4068;106;4798;4833;12.02;0.73;223.28;4.68;730;42;1641.00;35
4071;42;629014924;4071;101;4803;4839;12.11;0.74;223.25;4.75;732;42;1642.00;36
4073;42;629014937;4073;104;4803;4839;12.09;0.73;223.31;4.75;730;42;1643.00;36
4075;42;629014950;4075;106;4804;4839;12.18;0.74;223.31;4.75;729;42;1644.00;35
4077;42;629014962;4077;114;4804;4839;12.17;0.74;223.26;4.75;727;42;1645.00;35
4080;42;629014975;4080;114;4807;4843;12.11;0.73;223.30;4.74;727;42;1646.00;36
4083;42;629014988;4083;117;4810;4844;12.03;0.73;223.25;4.75;727;42;1647.00;34
4083;42;629015000;4083;120;4810;4844;12.00;0.73;223.25;4.75;727;42;1648.00;34
4086;42;629015014;4086;121;4811;4845;11.90;0.72;223.19;4.75;725;42;1649.00;34
4088;42;629015028;4088;127;4811;4845;11.79;0.72;223.22;4.75;723;42;1650.00;34
4091;42;629015045;4091;129;4811;4845;11.76;0.71;223.18;4.75;720;42;1651.00;34
4096;42;629015060;4096;131;4811;4845;11.70;0.71;223.18;4.75;715;42;1652.00;34
4097;42;629015073;4097;138;4811;4845;11.66;0.71;223.14;4.75;714;42;1653.00;34
4098;42;629015085;4098;139;4812;4845;11.63;0.71;223.21;4.81;714;42;1654.00;33
4098;42;629015097;4098;142;4812;4845;11.66;0.71;223.21;4.81;714;42;1655.00;33
4100;42;629015109;4100;150;4849;4915;11.56;0.71;223.27;4.78;749;42;1656.00;66
4103;42;629015129;4103;154;4852;4916;11.53;0.70;223.25;4.78;749;42;1657.00;64
4104;42;629015142;4104;154;4859;4916;11.48;0.70;223.23;4.82;755;42;1658.00;57
4106;42;629015154;4106;157;4864;4916;11.37;0.70;223.31;4.83;758;42;1659.00;52
4108;42;629015167;4108;164;4868;4916;11.35;0.69;223.31;4.83;760;42;1660.00;48
4111;42;629015180;4111;165;4872;4916;11.33;0.69;223.32;4.83;761;42;1661.00;44
4115;42;629015194;4115;172;4875;4916;11.26;0.69;223.27;4.83;760;42;1662.00;41
4116;42;629015206;4116;174;4879;4916;11.17;0.68;223.27;4.85;763;42;1663.00;37
4120;42;629015218;4120;179;4882;4917;11.16;0.68;223.18;4.85;762;42;1664.00;35
4124;42;629015229;4124;178;4887;4919;11.12;0.68;223.24;4.86;763;42;1665.00;32
4128;42;629015251;4128;182;4888;4919;11.06;0.67;223.22;4.86;760;42;1666.00;31
4131;42;629015264;4131;190;4892;4923;10.94;0.67;223.21;4.87;761;42;1667.00;31
4135;42;629015282;4135;193;4892;4923;10.83;0.66;223.26;4.87;757;42;1668.00;31
4138;42;629015294;4138;199;4893;4923;10.70;0.65;223.28;4.88;755;42;1669.00;30
4140;42;629015306;4140;206;4893;4923;10.57;0.64;223.28;4.88;753;42;1670.00;30
4142;42;629015318;4142;214;4899;4929;10.62;0.65;223.29;4.88;757;42;1671.00;30
4142;42;629015330;4142;224;4899;4929;10.55;0.65;223.29;4.88;757;42;1672.00;30
4145;42;629015342;4145;230;4901;4929;10.45;0.64;223.25;4.89;756;42;1673.00;28
4147;42;629015353;4147;238;4905;4932;10.42;0.64;223.22;4.90;758;42;1674.00;27
4147;42;629015364;4147;243;4906;4932;10.37;0.64;223.22;4.89;759;42;1675.00;26
4152;42;629015374;4152;249;4908;4932;10.21;0.63;223.17;4.90;756;42;1676.00;24
4155;42;629015385;4155;249;4908;4933;9.99;0.61;223.12;4.90;753;42;1677.00;25
4158;42;629015396;4158;256;4909;4934;9.74;0.60;223.03;4.90;751;42;1678.00;25
4162;42;629015409;4162;256;4911;4934;9.46;0.58;223.03;4.90;749;42;1679.00;23
4166;42;629015426;4166;258;4928;4960;9.22;0.57;223.07;4.88;762;42;1680.00;32
4169;42;629015439;4169;258;4929;4960;9.06;0.56;223.04;4.88;760;42;1681.00;31
4172;42;629015451;4172;254;4931;4960;8.89;0.55;223.01;4.88;759;42;1682.00;29
4173;42;629015469;4173;260;4934;4961;8.80;0.54;223.01;4.88;761;42;1683.00;27
4176;42;629015487;4176;258;4934;4961;8.66;0.53;223.01;4.88;758;42;1684.00;27
4179;42;629015499;4179;262;4937;4965;8.65;0.53;223.00;4.88;758;42;1685.00;28
4181;42;629015510;4181;260;4937;4965;8.55;0.53;222.98;4.88;756;42;1686.00;28
4182;42;629015520;4182;271;4941;4969;8.56;0.53;222.98;4.88;759;42;1687.00;28
4183;42;629015530;4183;271;4942;4969;8.56;0.53;222.98;4.88;759;42;1688.00;27
4186;42;629015541;4186;273;4943;4969;8.47;0.52;223.10;4.88;757;42;1689.00;26
4188;42;629015552;4188;279;4943;4969;8.38;0.52;223.14;4.88;755;42;1690.00;26
4193;42;629015564;4193;280;4943;4969;8.34;0.51;223.17;4.88;750;42;1691.00;26
4197;42;629015574;4197;282;4956;4981;8.31;0.51;223.13;4.88;759;42;1692.00;25
4201;42;629015586;4201;287;4957;4981;8.13;0.50;223.10;4.88;756;42;1693.00;24
4205;42;629015597;4205;292;4958;4981;8.03;0.49;223.23;4.88;753;42;1694.00;23
4209;42;629015607;4209;297;4958;4981;7.91;0.48;223.23;4.88;749;42;1695.00;23
4211;42;629015617;4211;297;4958;4981;7.72;0.47;223.20;4.88;747;42;1696.00;23
4213;42;629015629;4213;303;4958;4981;7.50;0.46;223.30;4.88;745;42;1697.00;23
4216;42;629015644;4216;304;4959;4982;7.25;0.45;223.32;4.88;743;42;1698.00;23
4217;42;629015655;4217;318;4959;4982;7.09;0.44;223.37;4.88;742;42;1699.00;23
4219;42;629015668;4219;308;4964;4988;7.01;0.43;223.46;4.87;745;42;1700.00;24
4220;42;629015689;4220;309;4965;4989;6.93;0.43;223.52;4.87;745;42;1701.00;24
4224;42;629015698;4224;310;4966;4989;6.81;0.42;223.48;4.87;742;42;1702.00;23
4230;42;629015707;4230;292;4966;4989;6.73;0.41;223.54;4.87;736;42;1703.00;23
4232;42;629015718;4232;292;4970;4993;6.75;0.41;223.47;4.87;738;42;1704.00;23
4234;42;629015727;4234;294;4970;4993;6.74;0.41;223.52;4.87;736;42;1705.00;23
4239;42;629015737;4239;300;4970;4993;6.69;0.41;223.55;4.87;731;42;1706.00;23
4244;42;629015750;4244;293;4971;4994;6.76;0.41;223.60;4.87;727;42;1707.00;23
4246;42;629015760;4246;296;4975;4998;6.84;0.42;223.57;4.86;729;42;1708.00;23
4248;42;629015770;4248;292;4975;4998;6.89;0.42;223.58;4.86;727;42;1709.00;23
4253;42;629015782;4253;299;4978;5004;6.98;0.43;223.52;4.86;725;42;1710.00;26
4256;42;629015793;4256;298;4979;5004;7.03;0.43;223.46;4.86;723;42;1711.00;25
4257;42;629015804;4257;297;4979;5004;7.02;0.43;223.50;4.86;722;42;1712.00;25
4262;42;629015814;4262;291;4980;5004;7.00;0.43;223.45;4.86;718;42;1713.00;24
4265;42;629015824;4265;293;4983;5008;6.99;0.43;223.44;4.86;718;42;1714.00;25
4266;42;629015835;4266;290;4983;5008;6.96;0.42;223.48;4.86;717;42;1715.00;25
4269;42;629015845;4269;289;4984;5008;6.95;0.42;223.46;4.86;715;42;1716.00;24
4272;42;629015854;4272;288;4984;5008;6.94;0.42;223.61;4.86;712;42;1717.00;24
4279;42;629015864;4279;288;4986;5009;6.97;0.43;223.53;4.86;707;42;1718.00;23
4281;42;629015875;4281;291;4987;5010;7.01;0.43;223.50;4.85;706;42;1719.00;23
4284;43;629015886;4284;288;4987;5010;6.98;0.43;223.49;4.85;703;43;1720.00;23
4288;43;629015908;4288;283;4988;5011;6.99;0.43;223.47;4.85;700;43;1721.00;23
4290;43;629015918;4290;283;4988;5011;7.00;0.43;223.48;4.85;698;43;1722.00;23
4293;43;629015928;4293;279;4988;5011;7.06;0.43;223.42;4.85;695;43;1723.00;23
4300;43;629015938;4300;274;4988;5011;7.02;0.43;223.28;4.85;688;43;1724.00;23
4304;43;629015948;4304;270;4988;5011;6.97;0.43;223.25;4.85;684;43;1725.00;23
4306;43;629015959;4306;263;4988;5011;6.98;0.43;223.26;4.85;682;43;1726.00;23
4312;43;629015970;4312;262;4988;5011;6.98;0.43;223.27;4.85;676;43;1727.00;23
4313;43;629015985;4313;274;5063;5138;7.37;0.46;223.28;4.84;750;43;1728.00;75
4318;43;629016017;4318;266;5066;5139;7.37;0.46;223.27;4.84;748;43;1729.00;73
4320;43;629016028;4320;262;5075;5139;7.53;0.47;223.22;4.83;755;43;1730.00;64
4323;43;629016040;4323;259;5079;5139;7.62;0.47;223.23;4.83;756;43;1731.00;60
4325;43;629016052;4325;257;5084;5139;7.74;0.48;223.26;4.83;759;43;1732.00;55
4328;43;629016064;4328;264;5090;5139;7.86;0.48;223.29;4.83;762;43;1733.00;49
4328;43;629016076;4328;263;5095;5139;7.95;0.49;223.29;4.83;767;43;1734.00;44
4332;43;629016088;4332;268;5100;5139;7.95;0.49;223.21;4.83;768;43;1735.00;39
4333;43;629016105;4333;273;5104;5140;7.90;0.49;223.28;4.83;771;43;1736.00;36
4335;43;629016118;4335;279;5106;5141;7.87;0.48;223.29;4.84;771;43;1737.00;35
4338;43;629016128;4338;286;5107;5141;7.76;0.48;223.41;4.84;769;43;1738.00;34
4341;43;629016141;4341;282;5110;5142;7.74;0.48;223.33;4.84;769;43;1739.00;32
4344;43;629016155;4344;280;5111;5142;7.73;0.48;223.40;4.84;767;43;1740.00;31
4345;43;629016169;4345;282;5112;5142;7.85;0.48;223.39;4.84;767;43;1741.00;30
4346;43;629016182;4346;282;5114;5142;7.95;0.49;223.39;4.85;768;43;1742.00;28
4346;43;629016195;4346;282;5116;5146;8.06;0.49;223.39;4.84;770;43;1743.00;30
4348;43;629016208;4348;282;5118;5146;8.12;0.50;223.43;4.85;770;43;1744.00;28
4352;43;629016220;4352;280;5119;5146;8.17;0.50;223.50;4.85;767;43;1745.00;27
4353;43;629016246;4353;278;5122;5149;8.23;0.50;223.55;4.85;769;43;1746.00;27
4354;43;629016258;4354;270;5122;5149;8.24;0.50;223.53;4.85;768;43;1747.00;27
4356;43;629016272;4356;259;5123;5149;8.29;0.51;223.54;4.85;767;43;1748.00;26
4358;43;629016286;4358;255;5127;5153;8.34;0.51;223.53;4.85;769;43;1749.00;26
4361;43;629016299;4361;249;5129;5154;8.41;0.52;223.54;4.85;768;43;1750.00;25
4366;43;629016312;4366;248;5129;5154;8.49;0.52;223.68;4.85;763;43;1751.00;25
4370;43;629016325;4370;245;5134;5158;8.60;0.53;223.69;4.84;764;43;1752.00;24
4371;43;629016337;4371;238;5134;5158;8.70;0.53;223.67;4.84;763;43;1753.00;24
4374;43;629016351;4374;233;5134;5158;8.81;0.54;223.65;4.84;760;43;1754.00;24
4379;43;629016363;4379;232;5136;5160;8.90;0.54;223.67;4.84;757;43;1755.00;24
4381;43;629016376;4381;221;5136;5160;8.99;0.55;223.74;4.84;755;43;1756.00;24
4385;43;629016396;4385;205;5141;5166;9.12;0.56;223.73;4.84;756;43;1757.00;25
4385;43;629016416;4385;190;5141;5166;9.30;0.57;223.73;4.84;756;43;1758.00;25
4390;43;629016431;4390;175;5143;5167;9.45;0.58;223.75;4.84;753;43;1759.00;24
4393;43;629016448;4393;165;5143;5167;9.65;0.59;223.73;4.84;750;43;1760.00;24
4396;43;629016472;4396;161;5143;5167;9.84;0.60;223.70;4.84;747;43;1761.00;24
4397;43;629016490;4397;160;5143;5167;10.04;0.61;223.68;4.84;746;43;1762.00;24
4400;43;629016513;4400;151;5143;5167;10.16;0.62;223.75;4.84;743;43;1763.00;24
4401;43;629016527;4401;150;5154;5179;10.38;0.63;223.71;4.83;753;43;1764.00;25
4406;44;629016542;4406;147;5155;5179;10.55;0.64;223.85;4.83;749;44;1765.00;24
4410;44;629016574;4410;147;5155;5179;10.68;0.65;223.96;4.83;745;44;1766.00;24
4414;44;629016588;4414;143;5155;5179;10.84;0.66;224.06;4.83;741;44;1767.00;24
4416;44;629016603;4416;145;5155;5179;10.94;0.66;224.03;4.83;739;44;1768.00;24
4422;44;629016616;4422;140;5155;5179;10.94;0.66;224.07;4.83;733;44;1769.00;24
4422;44;629016631;4422;139;5159;5183;10.98;0.67;224.07;4.82;737;44;1770.00;24
4424;44;629016646;4424;140;5159;5183;11.09;0.67;224.13;4.82;735;44;1771.00;24
4426;44;629016659;4426;138;5162;5187;11.16;0.68;224.18;4.82;736;44;1772.00;25
4427;44;629016674;4427;140;5163;5188;11.28;0.68;224.20;4.82;736;44;1773.00;25
4432;44;629016689;4432;134;5164;5188;11.40;0.69;224.37;4.82;732;44;1774.00;24
4434;44;629016705;4434;129;5164;5188;11.48;0.70;224.41;4.82;730;44;1775.00;24
4437;44;629016718;4437;129;5175;5201;11.57;0.70;224.51;4.81;738;44;1776.00;26
4441;44;629016733;4441;125;5175;5201;11.68;0.71;224.66;4.81;734;44;1777.00;26
4447;45;629016745;4447;124;5175;5201;11.70;0.71;224.70;4.81;728;45;1778.00;26
4447;46;629016764;4447;126;5177;5202;11.82;0.72;224.70;4.87;730;46;1779.00;25
4449;46;629016797;4449;122;5177;5203;11.92;0.72;224.73;4.87;728;46;1780.00;26
4455;46;629016815;4455;120;5177;5203;11.95;0.73;224.94;4.87;722;46;1781.00;26
4457;46;629016828;4457;118;5179;5206;12.01;0.73;224.95;4.87;722;46;1782.00;27
4458;46;629016844;4458;115;5179;5206;12.01;0.73;225.00;4.87;721;46;1783.00;27
4459;46;629016863;4459;117;5180;5206;12.02;0.73;225.04;4.87;721;46;1784.00;26
4462;46;629016877;4462;113;5180;5206;12.06;0.73;225.02;4.87;718;46;1785.00;26
4466;46;629016890;4466;109;5184;5212;12.04;0.73;225.06;4.87;718;46;1786.00;28
4469;46;629016904;4469;106;5184;5212;12.11;0.74;225.10;4.87;715;46;1787.00;28
4471;46;629016927;4471;109;5185;5212;12.19;0.74;225.12;4.87;714;46;1788.00;27
4474;46;629016941;4474;109;5185;5212;12.29;0.75;225.13;4.87;711;46;1789.00;27
4477;46;629016960;4477;113;5188;5216;12.26;0.74;225.22;4.86;711;46;1790.00;28
4477;46;629016974;4477;117;5189;5217;12.25;0.74;225.22;4.86;712;46;1791.00;28
4481;46;629016986;4481;113;5189;5217;12.23;0.74;225.32;4.86;708;46;1792.00;28
4483;46;629017003;4483;112;5190;5218;12.31;0.75;225.33;4.86;707;46;1793.00;28
4487;46;629017017;4487;111;5190;5218;12.30;0.75;225.40;4.86;703;46;1794.00;28
4491;46;629017030;4491;112;5191;5218;12.26;0.75;225.49;4.93;700;46;1795.00;27
4495;46;629017043;4495;115;5191;5218;12.29;0.75;225.57;4.93;696;46;1796.00;27
4501;46;629017056;4501;112;5191;5218;12.27;0.75;225.62;4.93;690;46;1797.00;27
4505;46;629017069;4505;115;5191;5218;12.24;0.75;225.62;4.93;686;46;1798.00;27
4506;46;629017082;4506;112;5191;5218;12.34;0.75;225.67;4.93;685;46;1799.00;27
4511;46;629017097;4511;135;5255;5356;11.89;0.73;225.86;4.87;744;46;1800.00;101
4516;46;629017127;4516;127;5256;5357;11.94;0.73;225.94;4.94;740;46;1801.00;101
4519;46;629017140;4519;114;5266;5357;11.94;0.73;226.03;4.93;747;46;1802.00;91
4522;46;629017155;4522;107;5271;5357;12.01;0.74;226.22;4.93;749;46;1803.00;86
4525;46;629017172;4525;105;5275;5357;12.06;0.74;226.17;4.93;750;46;1804.00;82
4532;46;629017184;4532;97;5284;5357;11.94;0.73;226.20;5.01;752;46;1805.00;73
4534;46;629017197;4534;97;5287;5357;12.04;0.74;226.18;5.01;753;46;1806.00;70
4536;46;629017208;4536;99;5288;5357;12.08;0.74;226.22;5.08;752;46;1807.00;69
4543;46;629017219;4543;101;5292;5358;12.20;0.75;226.19;5.08;749;46;1808.00;66
4546;46;629017231;4546;96;5296;5359;12.28;0.75;226.21;5.15;750;46;1809.00;63
4551;46;629017242;4551;92;5298;5359;12.33;0.76;226.36;5.15;747;46;1810.00;61
4555;46;629017254;4555;90;5302;5363;12.41;0.76;226.33;5.15;747;46;1811.00;61
4559;46;629017266;4559;90;5303;5363;12.41;0.76;226.30;5.15;744;46;1812.00;60
4561;46;629017277;4561;87;5304;5363;12.30;0.75;226.29;5.22;743;46;1813.00;59
4565;46;629017289;4565;91;5305;5363;12.27;0.75;226.28;5.22;740;46;1814.00;58
4568;46;629017300;4568;93;5309;5369;12.25;0.75;226.28;5.22;741;46;1815.00;60
4570;46;629017313;4570;95;5309;5369;12.28;0.75;226.26;5.22;739;46;1816.00;60
4575;46;629017324;4575;99;5310;5369;12.25;0.75;226.30;5.22;735;46;1817.00;59
4578;46;629017342;4578;107;5312;5372;12.23;0.75;226.33;5.22;734;46;1818.00;60
4579;46;629017354;4579;112;5313;5372;12.22;0.75;226.33;5.22;734;46;1819.00;59
4583;46;629017365;4583;112;5315;5372;12.19;0.74;226.41;5.23;732;46;1820.00;57
4584;46;629017376;4584;118;5317;5373;12.15;0.74;226.40;5.30;733;46;1821.00;56
4587;47;629017392;4587;119;5318;5374;12.13;0.74;226.42;5.30;731;47;1822.00;56
4591;47;629017415;4591;130;5319;5374;12.06;0.73;226.41;5.30;728;47;1823.00;55
4593;47;629017432;4593;135;5327;5387;11.94;0.73;226.49;5.30;734;47;1824.00;60
4600;47;629017452;4600;140;5328;5387;11.80;0.72;226.46;5.30;728;47;1825.00;59
4601;47;629017464;4601;145;5330;5387;11.69;0.71;226.47;5.38;729;47;1826.00;57
4607;47;629017475;4607;152;5335;5388;11.57;0.70;226.50;5.38;728;47;1827.00;53
4611;47;629017492;4611;155;5336;5388;11.50;0.70;226.47;5.38;725;47;1828.00;52
4613;47;629017503;4613;162;5339;5392;11.39;0.69;226.54;5.39;726;47;1829.00;53
4614;47;629017517;4614;169;5341;5392;11.30;0.69;226.54;5.40;727;47;1830.00;51
4616;47;629017528;4616;171;5345;5396;11.19;0.68;226.50;5.40;729;47;1831.00;51
4617;47;629017539;4617;174;5347;5396;11.03;0.67;226.51;5.41;730;47;1832.00;49
4618;47;629017554;4618;182;5350;5396;10.90;0.66;226.48;5.42;732;47;1833.00;46
4620;47;629017564;4620;183;5351;5396;10.82;0.66;226.64;5.42;731;47;1834.00;45
4622;47;629017574;4622;192;5352;5396;10.70;0.65;226.67;5.43;730;47;1835.00;44
4624;47;629017585;4624;198;5363;5408;10.57;0.64;226.64;5.42;739;47;1836.00;45
4627;47;629017595;4627;200;5365;5408;10.51;0.64;226.75;5.44;738;47;1837.00;43
4630;47;629017605;4630;205;5367;5408;10.49;0.64;226.82;5.44;737;47;1838.00;41
4631;47;629017615;4631;216;5369;5408;10.42;0.64;226.79;5.45;738;47;1839.00;39
4634;47;629017625;4634;223;5371;5408;10.32;0.63;226.79;5.46;737;47;1840.00;37
4635;47;629017635;4635;230;5372;5408;10.19;0.62;226.79;5.46;737;47;1841.00;36
4637;47;629017644;4637;237;5374;5409;10.05;0.62;226.74;5.47;737;47;1842.00;35
4640;48;629017653;4640;245;5374;5409;9.93;0.61;226.78;5.47;734;48;1843.00;35
4642;48;629017673;4642;252;5379;5415;9.85;0.60;226.79;5.47;737;48;1844.00;36
4642;48;629017683;4642;264;5382;5417;9.79;0.60;226.79;5.46;740;48;1845.00;35
4645;48;629017692;4645;267;5384;5417;9.66;0.59;226.80;5.47;739;48;1846.00;33
4646;48;629017702;4646;272;5384;5417;9.53;0.58;226.77;5.47;738;48;1847.00;33
4648;48;629017710;4648;272;5390;5421;9.37;0.58;226.81;5.48;742;48;1848.00;31
4655;48;629017719;4655;273;5390;5421;9.18;0.56;226.85;5.48;735;48;1849.00;31
4656;48;629017729;4656;273;5391;5421;9.04;0.55;226.86;5.48;735;48;1850.00;30
4658;48;629017743;4658;270;5393;5422;8.88;0.54;226.85;5.48;735;48;1851.00;29
4661;48;629017753;4661;272;5397;5426;8.69;0.53;226.86;5.47;736;48;1852.00;29
4664;48;629017768;4664;269;5397;5426;8.50;0.52;226.88;5.47;733;48;1853.00;29
4667;48;629017782;4667;268;5399;5429;8.38;0.51;226.83;5.47;732;48;1854.00;30
4672;48;629017791;4672;268;5399;5429;8.25;0.51;227.07;5.47;727;48;1855.00;30
4675;48;629017801;4675;265;5400;5429;8.18;0.50;227.01;5.47;725;48;1856.00;29
4676;48;629017809;4676;261;5400;5429;8.17;0.50;227.02;5.47;724;48;1857.00;29
4680;48;629017818;4680;258;5403;5433;8.13;0.50;227.01;5.47;723;48;1858.00;30
4683;48;629017827;4683;260;5403;5433;7.99;0.49;226.98;5.47;720;48;1859.00;30
4686;48;629017837;4686;265;5404;5433;7.89;0.49;227.05;5.47;718;48;1860.00;29
4688;48;629017846;4688;269;5404;5433;7.76;0.48;227.01;5.47;716;48;1861.00;29
4692;48;629017854;4692;273;5405;5434;7.56;0.46;226.99;5.47;713;48;1862.00;29
4694;48;629017862;4694;281;5406;5435;7.44;0.46;227.01;5.47;712;48;1863.00;29
4696;48;629017870;4696;282;5406;5435;7.32;0.45;227.01;5.47;710;48;1864.00;29
4701;48;629017877;4701;289;5407;5436;7.17;0.44;227.09;5.47;706;48;1865.00;29
4706;48;629017885;4706;295;5407;5436;7.01;0.43;227.02;5.47;701;48;1866.00;29
4711;48;629017892;4711;302;5407;5436;6.89;0.42;227.00;5.47;696;48;1867.00;29
4714;48;629017900;4714;308;5407;5436;6.78;0.42;227.06;5.47;693;48;1868.00;29
4715;48;629017907;4715;317;5407;5436;6.64;0.41;227.11;5.47;692;48;1869.00;29
4718;48;629017914;4718;312;5407;5436;6.57;0.41;227.03;5.47;689;48;1870.00;29
4721;48;629017920;4721;309;5407;5436;6.50;0.40;227.08;5.47;686;48;1871.00;29
4724;48;629017927;4724;331;5480;5563;6.84;0.43;227.05;5.39;756;48;1872.00;83
4727;48;629017944;4727;318;5485;5564;6.78;0.43;227.12;5.39;758;48;1873.00;79
4731;48;629017952;4731;318;5494;5564;6.79;0.43;227.19;5.38;763;48;1874.00;70
4732;48;629017960;4732;317;5498;5564;6.84;0.43;227.24;5.38;766;48;1875.00;66
4734;48;629017968;4734;320;5504;5564;6.87;0.43;227.28;5.38;770;48;1876.00;60
4736;48;629017976;4736;312;5510;5564;6.85;0.43;227.29;5.38;774;48;1877.00;54
4739;48;629017984;4739;311;5516;5564;6.85;0.43;227.26;5.38;777;48;1878.00;48
4741;48;629017992;4741;312;5519;5564;6.84;0.43;227.30;5.38;778;48;1879.00;45
4745;48;629018000;4745;319;5523;5565;6.81;0.42;227.30;5.38;778;48;1880.00;42
4748;48;629018008;4748;322;5524;5566;6.79;0.42;227.34;5.38;776;48;1881.00;42
4752;48;629018017;4752;321;5526;5568;6.81;0.42;227.35;5.38;774;48;1882.00;42
4755;48;629018026;4755;325;5528;5569;6.72;0.42;227.40;5.38;773;48;1883.00;41
4756;48;629018034;4756;326;5531;5569;6.74;0.42;227.38;5.39;775;48;1884.00;38
4758;48;629018043;4758;326;5531;5569;6.72;0.42;227.44;5.39;773;48;1885.00;38
4761;48;629018051;4761;331;5534;5569;6.72;0.42;227.43;5.39;773;48;1886.00;35
4765;48;629018060;4765;329;5536;5573;6.69;0.41;227.36;5.39;771;48;1887.00;37
4768;48;629018069;4768;330;5537;5573;6.74;0.42;227.38;5.39;769;48;1888.00;36
4770;48;629018079;4770;330;5539;5573;6.71;0.41;227.39;5.39;769;48;1889.00;34
4773;48;629018090;4773;328;5542;5579;6.75;0.41;227.35;5.39;769;48;1890.00;37
4776;48;629018099;4776;311;5544;5579;6.76;0.42;227.41;5.39;768;48;1891.00;35
4778;48;629018109;4778;301;5546;5579;6.81;0.42;227.40;5.39;768;48;1892.00;33
4780;48;629018119;4780;294;5550;5583;6.84;0.42;227.43;5.39;770;48;1893.00;33
4783;48;629018128;4783;286;5552;5584;6.94;0.43;227.39;5.39;769;48;1894.00;32
4788;48;629018138;4788;282;5553;5584;7.00;0.43;227.27;5.39;765;48;1895.00;31
4789;48;629018147;4789;279;5557;5588;7.09;0.44;227.30;5.38;768;48;1896.00;31
4793;48;629018157;4793;277;5557;5588;7.18;0.44;227.28;5.38;764;48;1897.00;31
4798;48;629018167;4798;275;5557;5588;7.25;0.44;227.32;5.38;759;48;1898.00;31
4799;48;629018177;4799;278;5558;5589;7.43;0.45;227.32;5.38;759;48;1899.00;31
4803;48;629018188;4803;274;5558;5589;7.45;0.46;227.31;5.38;755;48;1900.00;31
4808;48;629018217;4808;273;5563;5595;7.47;0.46;227.35;5.38;755;48;1901.00;32
4812;48;629018229;4812;270;5564;5595;7.51;0.46;227.33;5.38;752;48;1902.00;31
4816;48;629018238;4816;270;5565;5596;7.51;0.46;227.34;5.38;749;48;1903.00;31
4817;48;629018249;4817;271;5565;5596;7.62;0.46;227.33;5.38;748;48;1904.00;31
4820;48;629018259;4820;274;5565;5596;7.68;0.47;227.37;5.38;745;48;1905.00;31
4824;48;629018269;4824;270;5565;5596;7.81;0.47;227.47;5.38;741;48;1906.00;31
4825;48;629018279;4825;267;5565;5596;7.94;0.48;227.43;5.38;740;48;1907.00;31
4830;48;629018289;4830;269;5576;5608;8.13;0.49;227.42;5.37;746;48;1908.00;32
4833;48;629018301;4833;269;5576;5608;8.13;0.49;227.46;5.37;743;48;1909.00;32
4834;48;629018312;4834;272;5577;5608;8.22;0.50;227.51;5.37;743;48;1910.00;31
4837;48;629018321;4837;273;5577;5608;8.26;0.50;227.59;5.37;740;48;1911.00;31
4838;48;629018331;4838;276;5577;5608;8.35;0.51;227.65;5.37;739;48;1912.00;31
4840;48;629018342;4840;277;5577;5608;8.44;0.51;227.68;5.37;737;48;1913.00;31
4844;48;629018352;4844;275;5581;5612;8.54;0.52;227.72;5.36;737;48;1914.00;31
4844;48;629018364;4844;272;5581;5612;8.59;0.52;227.72;5.36;737;48;1915.00;31
4847;48;629018373;4847;279;5584;5616;8.63;0.52;227.71;5.36;737;48;1916.00;32
4849;48;629018384;4849;270;5585;5617;8.63;0.52;227.85;5.36;736;48;1917.00;32
4853;48;629018396;4853;257;5586;5617;8.66;0.52;227.90;5.36;733;48;1918.00;31
4854;48;629018411;4854;247;5586;5617;8.68;0.53;227.89;5.36;732;48;1919.00;31
4857;48;629018429;4857;249;5610;5646;8.75;0.53;227.95;5.34;753;48;1920.00;36
4860;48;629018447;4860;242;5610;5646;8.80;0.53;227.94;5.34;750;48;1921.00;36
4862;48;629018462;4862;235;5612;5646;8.92;0.54;227.94;5.34;750;48;1922.00;34
4864;48;629018476;4864;227;5614;5647;9.07;0.55;228.00;5.33;750;48;1923.00;33
4866;48;629018490;4866;219;5614;5648;9.14;0.56;228.03;5.33;748;48;1924.00;34
4869;48;629018502;4869;216;5614;5648;9.20;0.56;228.08;5.33;745;48;1925.00;34
4872;48;629018520;4872;200;5617;5651;9.32;0.57;228.11;5.33;745;48;1926.00;34
4876;48;629018533;4876;183;5617;5651;9.38;0.57;228.15;5.33;741;48;1927.00;34
4881;48;629018545;4881;172;5617;5651;9.42;0.57;228.06;5.33;736;48;1928.00;34
4884;48;629018556;4884;169;5617;5651;9.55;0.58;228.05;5.33;733;48;1929.00;34
4887;48;629018568;4887;165;5622;5657;9.66;0.59;228.06;5.41;735;48;1930.00;35
4890;48;629018581;4890;156;5622;5657;9.78;0.59;228.06;5.41;732;48;1931.00;35
4892;48;629018594;4892;151;5623;5657;9.89;0.60;228.08;5.41;731;48;1932.00;34
4896;48;629018605;4896;146;5623;5657;9.98;0.60;228.08;5.41;727;48;1933.00;34
4897;48;629018618;4897;147;5626;5661;10.04;0.61;228.11;5.41;729;48;1934.00;35
4899;48;629018630;4899;140;5628;5663;10.10;0.61;228.17;5.41;729;48;1935.00;35
4901;48;629018643;4901;135;5628;5663;10.16;0.62;228.19;5.41;727;48;1936.00;35
4905;48;629018655;4905;134;5629;5664;10.25;0.62;228.30;5.41;724;48;1937.00;35
4908;48;629018667;4908;128;5629;5664;10.38;0.63;228.29;5.41;721;48;1938.00;35
4909;48;629018679;4909;125;5629;5664;10.48;0.64;228.32;5.41;720;48;1939.00;35
4912;48;629018690;4912;120;5629;5664;10.64;0.65;228.34;5.41;717;48;1940.00;35
4917;48;629018702;4917;114;5629;5664;10.79;0.65;228.46;5.41;712;48;1941.00;35
4919;48;629018713;4919;110;5629;5664;10.91;0.66;228.43;5.41;710;48;1942.00;35
4921;48;629018725;4921;110;5629;5664;11.01;0.67;228.41;5.41;708;48;1943.00;35
4921;48;629018736;4921;124;5672;5734;10.83;0.66;228.41;5.37;751;48;1944.00;62
4924;48;629018753;4924;114;5673;5735;10.91;0.66;228.41;5.46;749;48;1945.00;62
4926;48;629018764;4926;103;5679;5735;11.13;0.68;228.40;5.45;753;48;1946.00;56
4928;48;629018775;4928;105;5680;5735;11.29;0.69;228.44;5.45;752;48;1947.00;55
4929;48;629018792;4929;106;5685;5735;11.50;0.70;228.49;5.45;756;48;1948.00;50
4932;48;629018803;4932;110;5689;5735;11.65;0.71;228.50;5.45;757;48;1949.00;46
4938;48;629018817;4938;115;5694;5737;11.74;0.71;228.67;5.45;756;48;1950.00;43
4941;48;629018829;4941;119;5694;5737;11.81;0.72;228.70;5.45;753;48;1951.00;43
4942;48;629018846;4942;126;5697;5738;11.83;0.72;228.76;5.45;755;48;1952.00;41
4944;48;629018863;4944;133;5699;5739;11.86;0.72;228.82;5.45;755;48;1953.00;40
4945;48;629018875;4945;135;5700;5739;11.86;0.72;228.81;5.45;755;48;1954.00;39
4947;48;629018886;4947;139;5703;5743;11.79;0.72;228.88;5.45;756;48;1955.00;40
4951;48;629018897;4951;138;5703;5743;11.82;0.72;228.97;5.45;752;48;1956.00;40
4952;48;629018907;4952;137;5704;5743;11.87;0.72;228.98;5.54;752;48;1957.00;39
4956;48;629018918;4956;137;5704;5743;11.87;0.72;228.98;5.54;748;48;1958.00;39
4961;48;629018929;4961;137;5708;5749;11.87;0.72;229.03;5.53;747;48;1959.00;41
4962;48;629018941;4962;141;5709;5749;11.90;0.72;229.07;5.53;747;48;1960.00;40
4968;48;629018951;4968;145;5709;5749;11.91;0.72;229.18;5.53;741;48;1961.00;40
4971;48;629018973;4971;144;5712;5752;11.88;0.72;229.18;5.53;741;48;1962.00;40
4973;48;629018985;4973;148;5712;5752;11.93;0.72;229.24;5.53;739;48;1963.00;40
4980;48;629019001;4980;156;5712;5752;11.94;0.72;229.23;5.53;732;48;1964.00;40
4982;48;629019011;4982;153;5712;5753;11.97;0.73;229.26;5.53;730;48;1965.00;41
4985;48;629019022;4985;153;5713;5754;12.08;0.73;229.33;5.53;728;48;1966.00;41
4989;48;629019033;4989;149;5713;5754;12.12;0.74;229.43;5.53;724;48;1967.00;41
4991;48;629019043;4991;151;5722;5767;12.10;0.74;229.40;5.52;731;48;1968.00;45
4994;48;629019055;4994;144;5722;5767;12.10;0.74;229.43;5.52;728;48;1969.00;45
4999;48;629019065;4999;145;5722;5767;12.03;0.73;229.50;5.52;723;48;1970.00;45
5003;48;629019075;5003;143;5723;5768;11.99;0.73;229.51;5.52;720;48;1971.00;45
5005;48;629019086;5005;138;5723;5768;11.99;0.73;229.48;5.52;718;48;1972.00;45
5009;48;629019096;5009;134;5726;5772;12.06;0.73;229.59;5.52;717;48;1973.00;46
5015;48;629019107;5015;132;5728;5772;12.10;0.74;229.59;5.53;713;48;1974.00;44
5019;48;629019118;5019;131;5732;5776;12.06;0.73;229.63;5.53;713;48;1975.00;44
5029;48;629019133;5029;124;5732;5776;12.06;0.73;229.69;5.53;703;48;1976.00;44
5032;48;629019144;5032;124;5732;5776;12.11;0.73;229.76;5.53;700;48;1977.00;44
5033;48;629019154;5033;116;5732;5776;12.12;0.74;229.82;5.53;699;48;1978.00;44
5039;48;629019164;5039;117;5732;5776;12.11;0.73;229.73;5.53;693;48;1979.00;44
5042;48;629019177;5042;116;5751;5810;12.04;0.73;229.82;5.51;709;48;1980.00;59
5046;48;629019189;5046;120;5752;5810;11.99;0.73;229.80;5.51;706;48;1981.00;58
5050;48;629019200;5050;118;5754;5810;12.10;0.74;229.72;5.51;704;48;1982.00;56
5052;48;629019210;5052;120;5754;5810;12.16;0.74;229.84;5.51;702;48;1983.00;56
5055;48;629019220;5055;129;5755;5810;12.21;0.74;229.83;5.51;700;48;1984.00;55
5056;48;629019230;5056;130;5755;5810;12.24;0.74;229.82;5.51;699;48;1985.00;55
5058;48;629019240;5058;126;5756;5811;12.26;0.74;229.81;5.51;698;48;1986.00;55
5061;48;629019250;5061;121;5756;5811;12.19;0.74;229.82;5.51;695;48;1987.00;55
5064;49;629019260;5064;118;5760;5817;12.20;0.74;229.75;5.51;696;49;1988.00;57
5068;49;629019288;5068;115;5761;5818;12.15;0.74;229.71;5.51;693;49;1989.00;57
5070;49;629019299;5070;116;5764;5818;12.05;0.73;229.66;5.51;694;49;1990.00;54
5074;49;629019309;5074;124;5766;5818;12.00;0.73;229.72;5.52;692;49;1991.00;52
5077;49;629019319;5077;132;5769;5822;11.87;0.72;229.73;5.52;692;49;1992.00;53
5082;49;629019330;5082;140;5769;5822;11.70;0.71;229.68;5.52;687;49;1993.00;53
5083;49;629019340;5083;145;5770;5822;11.54;0.70;229.66;5.52;687;49;1994.00;52
5086;49;629019356;5086;155;5771;5823;11.42;0.70;229.75;5.52;685;49;1995.00;52
5089;49;629019365;5089;156;5776;5827;11.19;0.68;229.81;5.53;687;49;1996.00;51
5091;49;629019375;5091;162;5776;5827;11.10;0.68;229.81;5.53;685;49;1997.00;51
5093;49;629019386;5093;170;5779;5830;11.08;0.68;229.82;5.53;686;49;1998.00;51
5098;49;629019397;5098;172;5780;5830;11.02;0.67;229.84;5.53;682;49;1999.00;50
5100;49;629019413;5100;175;5782;5830;11.00;0.67;229.84;5.53;682;49;2000.00;48
5102;49;629019427;5102;174;5783;5830;10.93;0.67;229.88;5.54;681;49;2001.00;47
5104;49;629019436;5104;180;5786;5834;10.91;0.67;229.92;5.54;682;49;2002.00;48
5106;49;629019447;5106;187;5788;5834;10.77;0.66;229.93;5.55;682;49;2003.00;46
5109;49;629019457;5109;192;5789;5834;10.70;0.65;229.90;5.55;680;49;2004.00;45
5114;49;629019467;5114;197;5790;5834;10.57;0.64;230.00;5.56;676;49;2005.00;44
5118;49;629019476;5118;204;5791;5835;10.39;0.63;230.05;5.57;673;49;2006.00;44
5121;49;629019486;5121;204;5792;5836;10.27;0.62;230.11;5.57;671;49;2007.00;44
5122;49;629019495;5122;214;5793;5836;10.14;0.62;230.16;5.57;671;49;2008.00;43
5122;49;629019504;5122;221;5795;5837;9.97;0.61;230.16;5.58;673;49;2009.00;42
5125;49;629019515;5125;227;5795;5837;9.80;0.60;230.15;5.58;670;49;2010.00;42
5128;49;629019524;5128;229;5797;5837;9.58;0.59;230.20;5.59;669;49;2011.00;40
5131;49;629019539;5131;236;5797;5837;9.50;0.58;230.21;5.59;666;49;2012.00;40
5132;49;629019547;5132;241;5798;5837;9.47;0.58;230.22;5.60;666;49;2013.00;39
5135;49;629019555;5135;246;5799;5837;9.41;0.58;230.13;5.60;664;49;2014.00;38
5137;49;629019564;5137;257;5800;5837;9.35;0.57;230.12;5.61;663;49;2015.00;37
5139;49;629019572;5139;273;5865;5964;9.35;0.58;230.09;5.55;726;49;2016.00;99
5139;49;629019590;5139;274;5867;5965;9.22;0.57;230.09;5.55;728;49;2017.00;98
5142;49;629019600;5142;270;5877;5965;9.14;0.57;229.99;5.55;735;49;2018.00;88
5147;49;629019609;5147;269;5883;5965;8.93;0.55;229.86;5.55;736;49;2019.00;82
5149;49;629019618;5149;269;5890;5965;8.85;0.55;229.83;5.55;741;49;2020.00;75
5151;49;629019626;5151;276;5897;5965;8.74;0.54;229.77;5.55;746;49;2021.00;68
5155;49;629019634;5155;276;5903;5965;8.58;0.53;229.71;5.55;748;49;2022.00;62
5158;49;629019642;5158;278;5906;5965;8.46;0.52;229.66;5.55;748;49;2023.00;59
5163;49;629019651;5163;278;5911;5966;8.43;0.52;229.63;5.55;748;49;2024.00;55
5165;49;629019660;5165;277;5916;5968;8.39;0.52;229.60;5.55;751;49;2025.00;52
5165;49;629019670;5165;282;5920;5968;8.36;0.52;229.60;5.55;755;49;2026.00;48
5166;49;629019678;5166;285;5922;5969;8.28;0.51;229.58;5.55;756;49;2027.00;47
5168;49;629019687;5168;293;5925;5969;8.19;0.50;229.60;5.56;757;49;2028.00;44
5168;49;629019696;5168;300;5925;5969;8.06;0.50;229.60;5.56;757;49;2029.00;44
5170;49;629019704;5170;305;5929;5969;7.98;0.49;229.64;5.56;759;49;2030.00;40
5173;49;629019713;5173;313;5932;5973;7.87;0.48;229.58;5.56;759;49;2031.00;41
5175;49;629019722;5175;319;5933;5973;7.70;0.47;229.56;5.56;758;49;2032.00;40
5176;49;629019731;5176;326;5934;5973;7.51;0.46;229.61;5.57;758;49;2033.00;39
5179;49;629019739;5179;335;5937;5976;7.35;0.45;229.67;5.57;758;49;2034.00;39
5180;49;629019748;5180;343;5937;5976;7.23;0.45;229.67;5.57;757;49;2035.00;39
5183;49;629019756;5183;346;5939;5976;7.08;0.44;229.78;5.57;756;49;2036.00;37
5185;49;629019765;5185;357;5944;5980;6.93;0.43;229.80;5.56;759;49;2037.00;36
5190;49;629019773;5190;361;5945;5981;6.77;0.42;229.75;5.56;755;49;2038.00;36
5192;49;629019781;5192;368;5946;5981;6.64;0.41;229.80;5.56;754;49;2039.00;35
5196;49;629019791;5196;366;5951;5986;6.58;0.41;229.77;5.56;755;49;2040.00;35
5198;49;629019800;5198;356;5951;5986;6.46;0.40;229.77;5.56;753;49;2041.00;35
5201;49;629019807;5201;355;5951;5986;6.35;0.39;229.79;5.56;750;49;2042.00;35
5204;49;629019816;5204;341;5952;5987;6.29;0.39;229.80;5.56;748;49;2043.00;35
5207;49;629019824;5207;330;5952;5987;6.25;0.39;229.81;5.56;745;49;2044.00;35
5209;49;629019832;5209;326;5957;5993;6.31;0.39;229.81;5.55;748;49;2045.00;36
5211;49;629019841;5211;319;5957;5993;6.35;0.39;229.89;5.55;746;49;2046.00;36
5214;49;629019850;5214;305;5959;5994;6.41;0.40;229.85;5.55;745;49;2047.00;35
5216;49;629019859;5216;290;5959;5994;6.53;0.40;229.85;5.55;743;49;2048.00;35
5219;49;629019867;5219;286;5959;5994;6.67;0.41;229.87;5.55;740;49;2049.00;35
5221;49;629019882;5221;274;5959;5994;6.83;0.42;229.86;5.55;738;49;2050.00;35
5225;51;629019891;5225;263;5959;5994;6.95;0.43;229.88;5.55;734;51;2051.00;35
5227;51;629019926;5227;258;5970;6006;7.17;0.44;229.88;5.54;743;51;2052.00;36
5230;51;629019936;5230;252;5970;6006;7.26;0.44;229.85;5.54;740;51;2053.00;36
5235;51;629019945;5235;261;5971;6006;7.35;0.45;229.91;5.54;736;51;2054.00;35
5236;51;629019955;5236;262;5971;6006;7.42;0.45;229.90;5.54;735;51;2055.00;35
5240;51;629019963;5240;250;5971;6006;7.45;0.45;229.90;5.54;731;51;2056.00;35
5244;51;629019978;5244;253;5971;6006;7.43;0.45;229.95;5.54;727;51;2057.00;35
5246;51;629019993;5246;255;5975;6010;7.45;0.45;229.91;5.54;729;51;2058.00;35
5250;51;629020003;5250;245;5975;6010;7.42;0.45;229.91;5.54;725;51;2059.00;35
5253;52;629020012;5253;241;5978;6014;7.51;0.45;229.93;5.54;725;52;2060.00;36
5254;52;629020032;5254;238;5979;6015;7.61;0.46;229.91;5.54;725;52;2061.00;36
5256;52;629020043;5256;239;5980;6015;7.71;0.47;229.92;5.54;724;52;2062.00;35
5257;52;629020053;5257;241;5980;6015;7.88;0.48;229.93;5.54;723;52;2063.00;35
5260;52;629020063;5260;239;5993;6028;8.03;0.49;229.95;5.52;733;52;2064.00;35
5263;52;629020075;5263;239;5993;6028;8.14;0.49;229.91;5.52;730;52;2065.00;35
5265;52;629020086;5265;236;5993;6028;8.21;0.50;229.93;5.52;728;52;2066.00;35
5269;52;629020096;5269;224;5994;6029;8.31;0.50;229.88;5.52;725;52;2067.00;35
5271;52;629020107;5271;219;5995;6030;8.36;0.51;229.89;5.52;724;52;2068.00;35
5274;52;629020117;5274;216;5995;6030;8.45;0.51;230.01;5.52;721;52;2069.00;35
5279;52;629020129;5279;218;5998;6036;8.53;0.52;230.06;5.52;719;52;2070.00;38
5282;52;629020141;5282;215;5998;6036;8.55;0.52;230.02;5.52;716;52;2071.00;38
5286;52;629020151;5286;214;5999;6036;8.53;0.52;230.14;5.52;713;52;2072.00;37
5290;52;629020162;5290;214;5999;6036;8.49;0.52;230.23;5.52;709;52;2073.00;37
5292;52;629020172;5292;218;6004;6042;8.60;0.52;230.19;5.51;712;52;2074.00;38
5297;52;629020182;5297;216;6004;6042;8.71;0.53;230.27;5.51;707;52;2075.00;38
5300;52;629020193;5300;215;6005;6042;8.82;0.54;230.23;5.52;705;52;2076.00;37
5306;52;629020203;5306;212;6005;6042;8.85;0.54;230.30;5.52;699;52;2077.00;37
5309;52;629020213;5309;211;6010;6046;8.89;0.54;230.26;5.51;701;52;2078.00;36
5315;52;629020223;5315;208;6011;6047;8.88;0.54;230.39;5.51;696;52;2079.00;36
5317;52;629020234;5317;209;6012;6047;8.91;0.54;230.46;5.51;695;52;2080.00;35
5321;52;629020244;5321;211;6013;6048;8.96;0.55;230.48;5.51;692;52;2081.00;35
5324;52;629020255;5324;213;6013;6048;8.95;0.55;230.45;5.51;689;52;2082.00;35
5327;52;629020265;5327;218;6013;6048;8.97;0.55;230.48;5.51;686;52;2083.00;35
5330;52;629020275;5330;221;6013;6048;8.96;0.55;230.48;5.51;683;52;2084.00;35
5333;52;629020285;5333;222;6013;6048;8.89;0.54;230.51;5.51;680;52;2085.00;35
5336;52;629020295;5336;222;6013;6048;8.87;0.54;230.55;5.51;677;52;2086.00;35
5338;52;629020305;5338;209;6013;6048;8.91;0.54;230.63;5.51;675;52;2087.00;35
5344;52;629020315;5344;220;6057;6118;8.89;0.54;230.75;5.47;713;52;2088.00;61
5344;52;629020332;5344;206;6059;6119;8.97;0.55;230.75;5.47;715;52;2089.00;60
5348;52;629020342;5348;195;6063;6119;9.14;0.56;230.83;5.47;715;52;2090.00;56
5351;52;629020353;5351;187;6064;6119;9.28;0.57;230.91;5.47;713;52;2091.00;55
5354;52;629020363;5354;183;6066;6119;9.43;0.57;230.98;5.47;712;52;2092.00;53
5358;52;629020379;5358;184;6070;6119;9.65;0.59;230.99;5.47;712;52;2093.00;49
5361;52;629020390;5361;181;6071;6119;9.72;0.59;231.09;5.47;710;52;2094.00;48
5364;52;629020401;5364;175;6073;6119;9.82;0.60;231.09;5.47;709;52;2095.00;46
5369;52;629020424;5369;162;6076;6120;9.94;0.60;231.11;5.47;707;52;2096.00;44
5370;52;629020440;5370;144;6077;6121;10.07;0.61;231.13;5.47;707;52;2097.00;44
5373;52;629020457;5373;144;6079;6121;10.20;0.62;231.21;5.47;706;52;2098.00;42
5377;52;629020473;5377;139;6086;6125;10.27;0.62;231.27;5.47;709;52;2099.00;39
5380;52;629020490;5380;144;6089;6140;10.32;0.63;231.32;5.47;709;52;2100.00;51
5383;52;629020520;5383;137;6093;6140;10.48;0.64;231.33;5.58;710;52;2101.00;47
5386;52;629020534;5386;136;6094;6140;10.56;0.64;231.35;5.57;708;52;2102.00;46
5387;52;629020546;5387;134;6097;6146;10.69;0.65;231.36;5.57;710;52;2103.00;49
5390;52;629020559;5390;132;6097;6146;10.80;0.66;231.39;5.57;707;52;2104.00;49
5391;52;629020571;5391;127;6098;6146;10.91;0.66;231.42;5.57;707;52;2105.00;48
5394;53;629020584;5394;126;6100;6149;11.03;0.67;231.45;5.57;706;53;2106.00;49
5395;53;629020608;5395;127;6100;6149;11.10;0.67;231.47;5.57;705;53;2107.00;49
5397;53;629020620;5397;121;6101;6149;11.11;0.67;231.48;5.57;704;53;2108.00;48
5401;53;629020631;5401;116;6101;6150;11.16;0.68;231.51;5.57;700;53;2109.00;49
5404;53;629020643;5404;117;6102;6151;11.21;0.68;231.58;5.57;698;53;2110.00;49
5406;53;629020654;5406;119;6103;6151;11.25;0.68;231.59;5.57;697;53;2111.00;48
5410;53;629020665;5410;121;6112;6164;11.25;0.68;231.62;5.56;702;53;2112.00;52
5414;53;629020677;5414;123;6112;6164;11.35;0.69;231.70;5.56;698;53;2113.00;52
5418;53;629020688;5418;123;6113;6164;11.42;0.69;231.77;5.56;695;53;2114.00;51
5423;53;629020699;5423;125;6115;6166;11.48;0.70;231.94;5.56;692;53;2115.00;51
5425;53;629020712;5425;131;6115;6166;11.54;0.70;231.95;5.56;690;53;2116.00;51
5426;53;629020722;5426;138;6118;6170;11.56;0.70;231.98;5.56;692;53;2117.00;52
5428;53;629020733;5428;135;6118;6170;11.67;0.71;232.03;5.56;690;53;2118.00;52
5431;53;629020743;5431;136;6122;6174;11.63;0.71;232.11;5.56;691;53;2119.00;52
5434;53;629020755;5434;138;6122;6174;11.69;0.71;232.17;5.56;688;53;2120.00;52
5439;53;629020765;5439;137;6122;6174;11.71;0.71;232.19;5.56;683;53;2121.00;52
5442;53;629020775;5442;139;6122;6174;11.78;0.72;232.22;5.56;680;53;2122.00;52
5446;53;629020792;5446;142;6123;6174;11.80;0.72;232.23;5.57;677;53;2123.00;51
5448;53;629020802;5448;141;6132;6186;11.78;0.72;232.29;5.56;684;53;2124.00;54
5450;53;629020819;5450;146;6133;6186;11.76;0.72;232.29;5.56;683;53;2125.00;53
5452;53;629020829;5452;144;6134;6186;11.77;0.72;232.35;5.56;682;53;2126.00;52
5455;53;629020839;5455;145;6135;6186;11.79;0.72;232.29;5.57;680;53;2127.00;51
5460;53;629020850;5460;141;6135;6186;11.83;0.72;232.26;5.57;675;53;2128.00;51
5465;53;629020860;5465;136;6136;6186;11.83;0.72;232.26;5.57;671;53;2129.00;50
5468;53;629020871;5468;132;6137;6187;11.85;0.72;232.24;5.57;669;53;2130.00;50
5469;53;629020881;5469;133;6139;6187;11.88;0.72;232.22;5.58;670;53;2131.00;48
5470;53;629020892;5470;132;6143;6193;11.84;0.72;232.24;5.58;673;53;2132.00;50
5475;53;629020901;5475;134;6146;6194;11.76;0.71;232.21;5.58;671;53;2133.00;48
5478;53;629020912;5478;136;6146;6194;11.68;0.71;232.24;5.58;668;53;2134.00;48
5480;53;629020921;5480;138;6147;6194;11.67;0.71;232.27;5.58;667;53;2135.00;47
5483;53;629020931;5483;140;6152;6198;11.73;0.72;232.25;5.69;669;53;2136.00;46
5485;53;629020946;5485;140;6152;6198;11.68;0.71;232.30;5.69;667;53;2137.00;46
5492;53;629020954;5492;143;6153;6198;11.72;0.71;232.34;5.69;661;53;2138.00;45
5498;53;629020964;5498;138;6154;6199;11.74;0.71;232.30;5.69;656;53;2139.00;45
5504;53;629020973;5504;136;6157;6203;11.75;0.71;232.25;5.69;653;53;2140.00;46
5508;53;629020982;5508;136;6157;6203;11.84;0.72;232.25;5.69;649;53;2141.00;46
5511;53;629020992;5511;130;6160;6206;11.92;0.72;232.23;5.68;649;53;2142.00;46
5513;53;629021001;5513;126;6160;6206;11.95;0.73;232.25;5.68;647;53;2143.00;46
5516;53;629021010;5516;127;6160;6206;11.95;0.72;232.20;5.68;644;53;2144.00;46
5520;53;629021024;5520;126;6162;6206;11.86;0.72;232.15;5.69;642;53;2145.00;44
5522;53;629021034;5522;122;6165;6210;11.84;0.72;232.13;5.69;643;53;2146.00;45
5527;53;629021044;5527;122;6165;6210;11.89;0.72;232.08;5.69;638;53;2147.00;45
5532;53;629021052;5532;122;6166;6210;11.95;0.72;232.04;5.69;634;53;2148.00;44
5537;53;629021062;5537;120;6166;6210;11.97;0.73;231.98;5.69;629;53;2149.00;44
5542;53;629021071;5542;117;6166;6211;12.00;0.73;232.06;5.69;624;53;2150.00;45
5544;53;629021083;5544;117;6167;6212;11.99;0.73;232.01;5.69;623;53;2151.00;45
5547;53;629021092;5547;120;6168;6212;11.97;0.73;231.96;5.79;621;53;2152.00;44
5548;53;629021101;5548;119;6169;6213;12.05;0.73;232.02;5.79;621;53;2153.00;44
5550;53;629021110;5550;124;6169;6213;12.04;0.73;232.02;5.79;619;53;2154.00;44
5555;53;629021118;5555;125;6169;6213;12.03;0.73;232.05;5.79;614;53;2155.00;44
5555;53;629021127;5555;126;6169;6213;11.91;0.72;232.05;5.79;614;53;2156.00;44
5556;53;629021136;5556;131;6169;6213;11.89;0.72;232.03;5.79;613;53;2157.00;44
5561;53;629021145;5561;129;6169;6213;11.78;0.72;232.13;5.79;608;53;2158.00;44
5562;53;629021153;5562;132;6169;6213;11.73;0.71;232.14;5.79;607;53;2159.00;44
5566;53;629021163;5566;167;6268;6443;11.41;0.71;232.14;5.70;702;53;2160.00;175
5567;53;629021191;5567;163;6272;6444;11.24;0.70;232.14;5.70;705;53;2161.00;172
5567;53;629021206;5567;148;6282;6444;11.24;0.70;232.14;5.78;715;53;2162.00;162
5568;53;629021216;5568;147;6290;6444;11.17;0.70;232.13;5.78;722;53;2163.00;154
5570;53;629021225;5570;149;6297;6444;11.18;0.70;232.12;5.78;727;53;2164.00;147
5572;53;629021235;5572;152;6302;6444;11.17;0.70;232.22;5.78;730;53;2165.00;142
5572;53;629021244;5572;150;6309;6444;11.16;0.69;232.22;5.78;737;53;2166.00;135
5575;53;629021254;5575;155;6314;6444;11.11;0.69;232.26;5.87;739;53;2167.00;130
5578;53;629021264;5578;161;6320;6445;11.13;0.69;232.25;5.87;742;53;2168.00;125
5582;53;629021273;5582;167;6324;6446;11.01;0.68;232.15;5.87;742;53;2169.00;122
5586;53;629021283;5586;172;6327;6446;10.90;0.67;232.17;5.88;741;53;2170.00;119
5587;53;629021294;5587;185;6333;6447;10.74;0.66;232.14;5.89;746;53;2171.00;114
5589;53;629021304;5589;188;6337;6447;10.62;0.66;232.15;5.89;748;53;2172.00;110
5590;53;629021314;5590;196;6343;6447;10.37;0.64;232.11;5.92;753;53;2173.00;104
5594;53;629021323;5594;205;6346;6447;10.23;0.63;232.11;5.92;752;53;2174.00;101
5597;53;629021332;5597;212;6348;6451;10.09;0.62;232.10;5.92;751;53;2175.00;103
5600;53;629021342;5600;230;6353;6451;9.88;0.61;232.06;5.93;753;53;2176.00;98
5600;53;629021352;5600;236;6354;6451;9.73;0.60;232.06;5.93;754;53;2177.00;97
5600;53;629021361;5600;247;6359;6454;9.66;0.59;232.06;5.94;759;53;2178.00;95
5601;53;629021371;5601;252;6364;6454;9.45;0.58;232.08;5.98;763;53;2179.00;90
5603;53;629021380;5603;261;6366;6454;9.28;0.57;232.07;5.98;763;53;2180.00;88
5603;53;629021390;5603;273;6376;6458;9.13;0.56;232.07;6.00;773;53;2181.00;82
5605;53;629021399;5605;279;6381;6459;9.05;0.56;232.02;6.01;776;53;2182.00;78
5607;53;629021409;5607;285;6382;6459;8.89;0.55;232.01;6.01;775;53;2183.00;77
5611;53;629021419;5611;289;6387;6463;8.73;0.54;231.94;6.02;776;53;2184.00;76
5613;53;629021430;5613;292;6389;6463;8.56;0.53;231.92;6.02;776;53;2185.00;74
5615;53;629021445;5615;303;6393;6463;8.34;0.51;231.91;6.04;778;53;2186.00;70
5616;53;629021455;5616;308;6396;6464;8.10;0.50;231.88;6.04;780;53;2187.00;68
5618;53;629021464;5618;322;6399;6464;7.89;0.48;231.84;6.05;781;53;2188.00;65
5620;53;629021473;5620;319;6404;6470;7.79;0.48;231.80;6.06;784;53;2189.00;66
5624;53;629021484;5624;322;6405;6470;7.65;0.47;231.69;6.06;781;53;2190.00;65
5626;53;629021494;5626;323;6408;6471;7.50;0.46;231.70;6.07;782;53;2191.00;63
5628;53;629021503;5628;331;6409;6471;7.40;0.45;231.66;6.08;781;53;2192.00;62
5628;53;629021512;5628;335;6413;6471;7.29;0.45;231.66;6.09;785;53;2193.00;58
5629;53;629021521;5629;344;6415;6471;7.17;0.44;231.63;6.09;786;53;2194.00;56
5631;53;629021530;5631;338;6416;6471;7.04;0.43;231.62;6.09;785;53;2195.00;55
5631;53;629021540;5631;332;6427;6483;7.02;0.43;231.62;6.09;796;53;2196.00;56
5633;53;629021551;5633;325;6429;6483;7.05;0.43;231.59;6.09;796;53;2197.00;54
5635;53;629021561;5635;320;6430;6483;7.06;0.43;231.61;6.09;795;53;2198.00;53
5636;53;629021573;5636;316;6432;6483;7.05;0.43;231.59;6.10;796;53;2199.00;51
5636;53;629021587;5636;313;6432;6483;7.03;0.43;231.59;6.10;796;53;2200.00;51
5639;53;629021610;5639;307;6434;6483;7.02;0.43;231.59;6.10;795;53;2201.00;49
5644;53;629021621;5644;308;6438;6487;7.04;0.43;231.56;6.10;794;53;2202.00;49
5645;53;629021631;5645;306;6440;6487;7.09;0.43;231.58;6.10;795;53;2203.00;47
5650;53;629021641;5650;298;6443;6491;7.09;0.44;231.58;6.09;793;53;2204.00;48
5651;53;629021657;5651;291;6446;6493;7.04;0.43;231.55;6.09;795;53;2205.00;47
5655;53;629021666;5655;295;6446;6493;7.05;0.43;231.57;6.09;791;53;2206.00;47
5661;53;629021681;5661;293;6446;6493;6.97;0.43;231.63;6.09;785;53;2207.00;47
5663;53;629021690;5663;295;6458;6506;6.94;0.43;231.64;6.08;795;53;2208.00;48
5664;53;629021705;5664;295;6458;6506;6.91;0.42;231.67;6.08;794;53;2209.00;48
5667;53;629021714;5667;282;6459;6508;6.91;0.42;231.62;6.08;792;53;2210.00;49
5669;53;629021724;5669;274;6461;6509;6.97;0.43;231.65;6.08;792;53;2211.00;48
5670;53;629021734;5670;270;6462;6510;7.00;0.43;231.68;6.08;792;53;2212.00;48
5671;53;629021743;5671;266;6462;6510;7.06;0.43;231.69;6.08;791;53;2213.00;48
5672;53;629021752;5672;267;6464;6513;7.13;0.44;231.72;6.08;792;53;2214.00;49
5676;53;629021762;5676;267;6464;6513;7.21;0.44;231.72;6.08;788;53;2215.00;49
5677;53;629021771;5677;268;6464;6513;7.35;0.45;231.74;6.08;787;53;2216.00;49
5682;53;629021782;5682;259;6464;6513;7.43;0.46;231.71;6.08;782;53;2217.00;49
5685;53;629021791;5685;255;6468;6519;7.58;0.46;231.76;6.07;783;53;2218.00;51
5686;53;629021802;5686;256;6469;6519;7.64;0.47;231.82;6.07;783;53;2219.00;50
5689;53;629021813;5689;241;6469;6519;7.72;0.47;231.94;6.07;780;53;2220.00;50
5693;53;629021823;5693;233;6470;6519;7.75;0.48;231.96;6.07;777;53;2221.00;49
5697;53;629021832;5697;221;6474;6523;7.76;0.48;231.92;6.07;777;53;2222.00;49
5702;53;629021843;5702;216;6475;6524;7.83;0.48;232.02;6.07;773;53;2223.00;49
5706;53;629021853;5706;215;6476;6524;7.84;0.48;232.03;6.07;770;53;2224.00;48
5710;53;629021863;5710;216;6478;6525;7.93;0.49;232.10;6.07;768;53;2225.00;47
5714;53;629021873;5714;213;6478;6525;7.97;0.49;232.06;6.07;764;53;2226.00;47
5719;53;629021883;5719;212;6478;6525;8.00;0.49;232.07;6.07;759;53;2227.00;47
5723;53;629021892;5723;206;6478;6525;8.07;0.50;232.12;6.07;755;53;2228.00;47
5727;53;629021902;5727;204;6478;6525;8.14;0.50;232.15;6.07;751;53;2229.00;47
5732;53;629021911;5732;203;6478;6525;8.16;0.50;232.18;6.07;746;53;2230.00;47
5737;53;629021921;5737;198;6478;6525;8.23;0.51;232.17;6.07;741;53;2231.00;47
5745;53;629021931;5745;202;6515;6595;8.35;0.52;232.13;6.03;770;53;2232.00;80
5750;53;629021947;5750;192;6518;6596;8.49;0.52;232.09;6.03;768;53;2233.00;78
5754;53;629021960;5754;185;6525;6596;8.65;0.53;232.15;6.03;771;53;2234.00;71
5759;53;629021970;5759;175;6531;6596;8.84;0.54;232.14;6.03;772;53;2235.00;65
5762;53;629021981;5762;170;6538;6596;8.98;0.55;232.13;6.02;776;53;2236.00;58
5766;53;629021991;5766;167;6542;6596;9.05;0.55;232.12;6.02;776;53;2237.00;54
5773;53;629022002;5773;170;6544;6596;9.08;0.55;232.19;6.02;771;53;2238.00;52
5778;53;629022013;5778;174;6545;6596;9.10;0.55;232.16;6.02;767;53;2239.00;51
5783;53;629022024;5783;180;6547;6597;9.14;0.56;232.27;6.02;764;53;2240.00;50
5787;53;629022035;5787;183;6549;6598;9.19;0.56;232.25;6.02;762;53;2241.00;49
5792;53;629022046;5792;192;6549;6598;9.17;0.56;232.31;6.02;757;53;2242.00;49
5795;53;629022058;5795;196;6554;6602;9.24;0.56;232.39;6.02;759;53;2243.00;48
5797;53;629022069;5797;204;6554;6602;9.29;0.57;232.37;6.02;757;53;2244.00;48
5800;53;629022081;5800;209;6554;6602;9.33;0.57;232.45;6.02;754;53;2245.00;48
5802;53;629022093;5802;214;6554;6602;9.42;0.57;232.44;6.02;752;53;2246.00;48
5805;53;629022103;5805;216;6558;6608;9.46;0.58;232.53;6.02;753;53;2247.00;50
5808;53;629022115;5808;220;6558;6608;9.47;0.58;232.63;6.02;750;53;2248.00;50
5814;53;629022125;5814;218;6559;6608;9.46;0.58;232.57;6.02;745;53;2249.00;49
5818;53;629022139;5818;220;6562;6614;9.46;0.58;232.64;6.01;744;53;2250.00;52
5821;53;629022150;5821;221;6562;6614;9.48;0.58;232.66;6.01;741;53;2251.00;52
5825;53;629022161;5825;226;6563;6614;9.50;0.58;232.74;6.01;738;53;2252.00;51
5831;53;629022171;5831;222;6563;6615;9.49;0.58;232.78;6.01;732;53;2253.00;52
5836;53;629022182;5836;223;6565;6616;9.55;0.58;232.86;6.01;729;53;2254.00;51
5838;53;629022194;5838;226;6566;6616;9.60;0.59;232.84;6.01;728;53;2255.00;50
5841;53;629022204;5841;228;6576;6629;9.58;0.58;232.83;6.00;735;53;2256.00;53
5845;53;629022221;5845;219;6577;6629;9.58;0.58;232.92;6.00;732;53;2257.00;52
5849;53;629022233;5849;208;6577;6629;9.68;0.59;232.99;6.00;728;53;2258.00;52
5851;53;629022244;5851;202;6578;6630;9.80;0.60;233.01;6.00;727;53;2259.00;52
5856;53;629022256;5856;201;6578;6630;9.82;0.60;233.06;6.00;722;53;2260.00;52
5859;53;629022267;5859;195;6581;6634;9.87;0.60;233.09;6.00;722;53;2261.00;53
5863;53;629022287;5863;195;6581;6634;9.94;0.60;233.21;6.00;718;53;2262.00;53
5866;53;629022299;5866;190;6585;6638;9.97;0.61;233.23;6.00;719;53;2263.00;53
5868;53;629022311;5868;186;6585;6638;9.97;0.61;233.24;6.00;717;53;2264.00;53
5870;53;629022327;5870;186;6586;6638;9.98;0.61;233.31;6.09;716;53;2265.00;52
5871;53;629022340;5871;173;6586;6638;10.07;0.61;233.33;6.09;715;53;2266.00;52
5873;53;629022351;5873;167;6586;6638;10.19;0.62;233.32;6.09;713;53;2267.00;52
5879;53;629022364;5879;154;6596;6650;10.24;0.62;233.41;6.08;717;53;2268.00;54
5879;53;629022376;5879;144;6597;6650;10.42;0.63;233.41;6.08;718;53;2269.00;53
5882;53;629022388;5882;139;6597;6650;10.57;0.64;233.41;6.08;715;53;2270.00;53
5884;53;629022400;5884;134;6597;6650;10.71;0.65;233.49;6.08;713;53;2271.00;53
5885;53;629022415;5885;132;6597;6650;10.88;0.66;233.50;6.08;712;53;2272.00;53
5889;53;629022432;5889;126;6597;6650;10.95;0.66;233.53;6.08;708;53;2273.00;53
5893;53;629022447;5893;116;6597;6651;11.00;0.67;233.57;6.08;704;53;2274.00;54
5896;53;629022464;5896;112;6597;6651;11.05;0.67;233.58;6.08;701;53;2275.00;54
5899;53;629022481;5899;109;6601;6657;11.15;0.68;233.56;6.08;702;53;2276.00;56
5904;53;629022496;5904;105;6602;6658;11.23;0.68;233.61;6.08;698;53;2277.00;56
5907;53;629022510;5907;104;6603;6658;11.36;0.69;233.76;6.08;696;53;2278.00;55
5909;53;629022523;5909;104;6603;6658;11.45;0.69;233.77;6.08;694;53;2279.00;55
5912;53;629022537;5912;107;6607;6663;11.56;0.70;233.81;6.07;695;53;2280.00;56
5913;53;629022549;5913;106;6607;6663;11.57;0.70;233.87;6.07;694;53;2281.00;56
5914;53;629022561;5914;107;6607;6663;11.60;0.71;233.88;6.07;693;53;2282.00;56
5918;53;629022573;5918;107;6608;6664;11.68;0.71;233.95;6.07;690;53;2283.00;56
5920;53;629022585;5920;110;6611;6668;11.64;0.71;233.93;6.07;691;53;2284.00;57
5921;53;629022597;5921;111;6611;6668;11.66;0.71;233.97;6.07;690;53;2285.00;57
5926;53;629022608;5926;115;6613;6671;11.66;0.71;234.00;6.07;687;53;2286.00;58
5926;53;629022619;5926;115;6613;6671;11.67;0.71;234.00;6.07;687;53;2287.00;58
5930;54;629022629;5930;122;6614;6671;11.69;0.71;234.03;6.07;684;54;2288.00;57
5935;54;629022651;5935;119;6614;6671;11.74;0.71;234.10;6.07;679;54;2289.00;57
5939;55;629022663;5939;125;6617;6675;11.82;0.72;234.06;6.07;678;55;2290.00;58
5943;55;629022690;5943;124;6618;6675;11.90;0.72;234.06;6.07;675;55;2291.00;57
5946;55;629022701;5946;123;6618;6675;11.93;0.72;234.05;6.07;672;55;2292.00;57
5950;55;629022711;5950;122;6618;6675;11.88;0.72;234.18;6.07;668;55;2293.00;57
5952;55;629022722;5952;123;6618;6676;11.89;0.72;234.17;6.07;666;55;2294.00;58
5958;55;629022732;5958;127;6620;6678;11.84;0.72;234.09;6.06;662;55;2295.00;58
5959;55;629022742;5959;129;6620;6678;11.73;0.71;234.13;6.06;661;55;2296.00;58
5962;55;629022752;5962;131;6621;6679;11.69;0.71;234.13;6.06;659;55;2297.00;58
5964;55;629022762;5964;133;6621;6679;11.72;0.71;234.10;6.06;657;55;2298.00;58
5967;55;629022772;5967;135;6621;6679;11.67;0.71;234.11;6.06;654;55;2299.00;58
5972;55;629022782;5972;138;6621;6679;11.61;0.71;234.07;6.06;649;55;2300.00;58
5974;55;629022795;5974;143;6621;6679;11.56;0.70;234.07;6.06;647;55;2301.00;58
5976;55;629022805;5976;136;6621;6679;11.50;0.70;234.03;6.06;645;55;2302.00;58
5980;55;629022814;5980;137;6621;6679;11.48;0.70;234.02;6.06;641;55;2303.00;58
5982;55;629022823;5982;171;6692;6806;11.11;0.68;234.10;6.00;710;55;2304.00;114
5985;55;629022842;5985;162;6692;6807;11.16;0.69;234.14;6.00;707;55;2305.00;115
5987;55;629022852;5987;150;6701;6807;11.26;0.69;234.13;5.99;714;55;2306.00;106
5990;55;629022862;5990;146;6702;6807;11.24;0.69;234.08;5.99;712;55;2307.00;105
5996;55;629022871;5996;147;6707;6807;11.26;0.69;234.05;5.99;711;55;2308.00;100
6000;55;629022880;6000;149;6712;6807;11.32;0.70;234.01;5.99;712;55;2309.00;95
6003;55;629022891;6003;143;6717;6807;11.38;0.70;234.01;5.99;714;55;2310.00;90
6005;55;629022900;6005;146;6718;6807;11.49;0.70;233.99;5.99;713;55;2311.00;89
6008;55;629022911;6008;145;6723;6808;11.62;0.71;233.97;5.99;715;55;2312.00;85
6011;55;629022920;6011;145;6727;6809;11.62;0.71;233.93;6.00;716;55;2313.00;82
6014;55;629022930;6014;142;6729;6809;11.67;0.72;233.91;6.00;715;55;2314.00;80
6018;55;629022940;6018;141;6732;6810;11.60;0.71;233.83;6.01;714;55;2315.00;78
6021;55;629022950;6021;146;6735;6810;11.61;0.71;233.84;6.02;714;55;2316.00;75
6023;55;629022960;6023;146;6736;6810;11.55;0.71;233.83;6.02;713;55;2317.00;74
6026;55;629022969;6026;141;6738;6810;11.51;0.71;233.81;6.02;712;55;2318.00;72
6031;55;629022979;6031;144;6741;6814;11.36;0.69;233.80;6.02;710;55;2319.00;73
6032;55;629022989;6032;143;6743;6814;11.30;0.69;233.80;6.02;711;55;2320.00;71
6035;55;629022999;6035;146;6744;6814;11.28;0.69;233.73;6.02;709;55;2321.00;70
6037;55;629023008;6037;150;6746;6817;11.27;0.69;233.74;6.02;709;55;2322.00;71
6038;55;629023018;6038;153;6747;6817;11.23;0.69;233.73;6.02;709;55;2323.00;70
6039;55;629023027;6039;155;6748;6817;11.17;0.68;233.72;6.02;709;55;2324.00;69
6040;55;629023037;6040;162;6752;6821;11.14;0.68;233.76;6.02;712;55;2325.00;69
6043;55;629023047;6043;163;6753;6822;11.11;0.68;233.84;6.02;710;55;2326.00;69
6045;55;629023062;6045;170;6754;6822;11.10;0.68;233.79;6.02;709;55;2327.00;68
6045;55;629023071;6045;173;6757;6826;11.04;0.67;233.79;6.02;712;55;2328.00;69
6050;55;629023081;6050;182;6757;6826;10.91;0.67;233.70;6.02;707;55;2329.00;69
6053;55;629023092;6053;185;6757;6826;10.79;0.66;233.65;6.02;704;55;2330.00;69
6056;55;629023102;6056;187;6758;6827;10.67;0.65;233.64;6.02;702;55;2331.00;69
6062;55;629023112;6062;191;6758;6827;10.54;0.64;233.55;6.02;696;55;2332.00;69
6064;55;629023121;6064;199;6762;6833;10.48;0.64;233.50;6.01;698;55;2333.00;71
6065;55;629023131;6065;210;6763;6833;10.33;0.63;233.49;6.01;698;55;2334.00;70
6066;55;629023139;6066;213;6763;6834;10.19;0.62;233.50;6.01;697;55;2335.00;71
6069;55;629023149;6069;218;6764;6834;10.01;0.61;233.43;6.02;695;55;2336.00;70
6070;55;629023157;6070;223;6764;6834;9.86;0.60;233.41;6.02;694;55;2337.00;70
6071;55;629023167;6071;235;6764;6834;9.70;0.59;233.40;6.02;693;55;2338.00;70
6071;55;629023175;6071;241;6764;6834;9.62;0.59;233.40;6.02;693;55;2339.00;70
6072;55;629023186;6072;249;6788;6870;9.62;0.59;233.39;6.02;716;55;2340.00;82
6075;55;629023197;6075;253;6789;6870;9.50;0.58;233.35;6.02;714;55;2341.00;81
6077;55;629023206;6077;265;6793;6870;9.36;0.57;233.34;6.03;716;55;2342.00;77
6079;55;629023215;6079;266;6796;6870;9.23;0.57;233.33;6.04;717;55;2343.00;74
6080;55;629023224;6080;276;6797;6870;9.10;0.56;233.32;6.04;717;55;2344.00;73
6082;55;629023232;6082;285;6799;6870;8.96;0.55;233.32;6.05;717;55;2345.00;71
6085;55;629023241;6085;288;6803;6874;8.89;0.54;233.32;6.06;718;55;2346.00;71
6086;55;629023251;6086;275;6805;6874;8.91;0.55;233.31;6.07;719;55;2347.00;69
6087;55;629023259;6087;271;6810;6878;8.88;0.54;233.30;6.06;723;55;2348.00;68
6090;55;629023269;6090;262;6812;6879;8.87;0.54;233.24;6.07;722;55;2349.00;67
6090;55;629023277;6090;264;6815;6879;8.85;0.54;233.24;6.08;725;55;2350.00;64
6090;55;629023287;6090;261;6815;6879;8.83;0.54;233.24;6.08;725;55;2351.00;64
6093;55;629023295;6093;261;6828;6892;8.71;0.53;233.19;6.08;735;55;2352.00;64
6094;55;629023305;6094;258;6828;6892;8.66;0.53;233.19;6.08;734;55;2353.00;64
6097;55;629023314;6097;257;6828;6892;8.60;0.52;233.13;6.08;731;55;2354.00;64
6097;55;629023323;6097;251;6830;6893;8.54;0.52;233.13;6.09;733;55;2355.00;63
6097;55;629023337;6097;251;6833;6894;8.51;0.52;233.13;6.10;736;55;2356.00;61
6098;55;629023346;6098;257;6833;6894;8.47;0.52;233.12;6.10;735;55;2357.00;61
6100;55;629023355;6100;258;6838;6897;8.43;0.51;233.08;6.12;738;55;2358.00;59
6100;55;629023364;6100;259;6838;6897;8.37;0.51;233.08;6.12;738;55;2359.00;59
6102;55;629023372;6102;257;6839;6897;8.36;0.51;233.04;6.12;737;55;2360.00;58
6103;55;629023388;6103;256;6842;6897;8.38;0.51;233.03;6.13;739;55;2361.00;55
6104;55;629023398;6104;252;6846;6903;8.42;0.51;233.02;6.13;742;55;2362.00;57
6105;55;629023406;6105;256;6848;6903;8.37;0.51;233.00;6.13;743;55;2363.00;55
6108;55;629023417;6108;254;6849;6903;8.27;0.50;232.97;6.13;741;55;2364.00;54
6109;55;629023426;6109;251;6850;6903;8.23;0.50;232.96;6.13;741;55;2365.00;53
6111;55;629023436;6111;257;6854;6907;8.18;0.50;232.96;6.13;743;55;2366.00;53
6112;55;629023445;6112;254;6855;6908;8.16;0.50;232.94;6.13;743;55;2367.00;53
6112;55;629023454;6112;257;6857;6908;8.08;0.49;232.94;6.13;745;55;2368.00;51
6114;55;629023463;6114;258;6858;6909;8.04;0.49;233.00;6.13;744;55;2369.00;51
6116;55;629023474;6116;256;6858;6909;8.02;0.49;232.98;6.13;742;55;2370.00;51
6117;55;629023483;6117;261;6858;6909;7.97;0.49;233.02;6.13;741;55;2371.00;51
6119;55;629023491;6119;257;6858;6909;7.91;0.48;233.00;6.13;739;55;2372.00;51
6122;55;629023500;6122;259;6858;6909;7.84;0.48;233.05;6.13;736;55;2373.00;51
6128;55;629023508;6128;257;6858;6909;7.70;0.47;233.11;6.13;730;55;2374.00;51
6134;55;629023517;6134;256;6858;6909;7.55;0.46;233.10;6.13;724;55;2375.00;51
6138;55;629023526;6138;267;6901;6979;7.63;0.47;233.08;6.09;763;55;2376.00;78
6141;55;629023540;6141;262;6905;6980;7.56;0.46;233.15;6.09;764;55;2377.00;75
6147;55;629023549;6147;261;6912;6980;7.51;0.46;233.20;6.08;765;55;2378.00;68
6151;55;629023557;6151;262;6915;6980;7.54;0.46;233.20;6.08;764;55;2379.00;65
6154;55;629023566;6154;245;6921;6980;7.59;0.46;233.21;6.08;767;55;2380.00;59
6161;55;629023575;6161;237;6925;6980;7.62;0.47;233.25;6.08;764;55;2381.00;55
6165;55;629023585;6165;233;6927;6980;7.61;0.47;233.24;6.08;762;55;2382.00;53
6170;55;629023594;6170;231;6928;6980;7.59;0.46;233.26;6.08;758;55;2383.00;52
6174;55;629023619;6174;229;6929;6981;7.66;0.47;233.21;6.08;755;55;2384.00;52
6177;55;629023634;6177;234;6931;6983;7.78;0.48;233.23;6.08;754;55;2385.00;52
6181;55;629023644;6181;239;6931;6983;7.90;0.48;233.25;6.08;750;55;2386.00;52
6187;55;629023653;6187;236;6935;6987;7.97;0.49;233.25;6.07;748;55;2387.00;52
6187;55;629023664;6187;232;6935;6987;8.13;0.50;233.25;6.07;748;55;2388.00;52
6192;55;629023673;6192;227;6935;6987;8.23;0.50;233.27;6.07;743;55;2389.00;52
6195;55;629023683;6195;224;6935;6987;8.37;0.51;233.28;6.07;740;55;2390.00;52
6199;55;629023693;6199;216;6940;6993;8.47;0.52;233.28;6.07;741;55;2391.00;53
6202;55;629023703;6202;218;6940;6993;8.57;0.53;233.33;6.07;738;55;2392.00;53
6206;55;629023713;6206;218;6941;6993;8.67;0.53;233.34;6.07;735;55;2393.00;52
6209;55;629023723;6209;219;6943;6996;8.75;0.54;233.32;6.07;734;55;2394.00;53
6211;55;629023733;6211;215;6944;6996;8.85;0.54;233.33;6.07;733;55;2395.00;52
6218;55;629023743;6218;207;6944;6996;8.98;0.55;233.30;6.07;726;55;2396.00;52
6222;55;629023753;6222;205;6945;6997;9.15;0.56;233.26;6.07;723;55;2397.00;52
6228;55;629023763;6228;200;6946;6998;9.27;0.57;233.22;6.06;718;55;2398.00;52
6234;55;629023774;6234;198;6946;6998;9.33;0.57;233.25;6.06;712;55;2399.00;52
6235;55;629023787;6235;196;6972;7057;9.34;0.57;233.24;6.04;737;55;2400.00;85
6240;55;629023807;6240;186;6974;7057;9.34;0.57;233.26;6.04;734;55;2401.00;83
6246;55;629023818;6246;180;6976;7057;9.41;0.58;233.26;6.04;730;55;2402.00;81
6252;55;629023829;6252;170;6977;7058;9.50;0.58;233.22;6.04;725;55;2403.00;81
6256;55;629023841;6256;174;6979;7058;9.53;0.58;233.30;6.04;723;55;2404.00;79
6262;55;629023852;6262;172;6982;7062;9.51;0.58;233.36;6.04;720;55;2405.00;80
6269;55;629023864;6269;174;6985;7062;9.46;0.58;233.49;6.15;716;55;2406.00;77
6273;55;629023876;6273;177;6989;7066;9.59;0.59;233.55;6.15;716;55;2407.00;77
6278;55;629023888;6278;178;6990;7066;9.57;0.59;233.64;6.15;712;55;2408.00;76
6282;55;629023904;6282;182;6990;7066;9.61;0.59;233.64;6.15;708;55;2409.00;76
6287;55;629023915;6287;181;6991;7066;9.59;0.59;233.67;6.15;704;55;2410.00;75
6291;55;629023925;6291;181;6992;7066;9.59;0.59;233.67;6.15;701;55;2411.00;74
6295;55;629023937;6295;183;7002;7078;9.62;0.59;233.68;6.14;707;55;2412.00;76
6298;55;629023948;6298;184;7003;7078;9.60;0.59;233.66;6.14;705;55;2413.00;75
6300;55;629023959;6300;187;7003;7078;9.70;0.59;233.68;6.14;703;55;2414.00;75
6305;55;629023970;6305;194;7004;7078;9.68;0.59;233.70;6.14;699;55;2415.00;74
6308;55;629023980;6308;194;7004;7078;9.66;0.59;233.66;6.14;696;55;2416.00;74
6312;55;629023991;6312;201;7004;7078;9.62;0.59;233.65;6.14;692;55;2417.00;74
6315;55;629024001;6315;207;7008;7079;9.58;0.58;233.73;6.14;693;55;2418.00;71
6318;55;629024012;6318;209;7008;7079;9.57;0.58;233.71;6.14;690;55;2419.00;71
6322;55;629024023;6322;214;7011;7085;9.50;0.58;233.74;6.14;689;55;2420.00;74
6324;55;629024033;6324;220;7013;7086;9.51;0.58;233.74;6.14;689;55;2421.00;73
6327;55;629024044;6327;222;7013;7086;9.47;0.58;233.70;6.14;686;55;2422.00;73
6329;55;629024054;6329;224;7013;7086;9.45;0.57;233.70;6.14;684;55;2423.00;73
6332;55;629024064;6332;227;7016;7090;9.45;0.58;233.78;6.14;684;55;2424.00;74
6336;55;629024074;6336;229;7016;7090;9.43;0.57;233.94;6.14;680;55;2425.00;74
6339;55;629024085;6339;231;7016;7090;9.40;0.57;234.00;6.14;677;55;2426.00;74
6343;55;629024095;6343;223;7020;7091;9.39;0.57;234.08;6.15;677;55;2427.00;71
6348;55;629024106;6348;217;7024;7095;9.28;0.57;234.23;6.15;676;55;2428.00;71
6350;55;629024116;6350;208;7024;7095;9.31;0.57;234.28;6.15;674;55;2429.00;71
6355;55;629024127;6355;213;7028;7101;9.26;0.56;234.29;6.15;673;55;2430.00;73
6360;55;629024138;6360;212;7028;7101;9.11;0.55;234.48;6.15;668;55;2431.00;73
6361;55;629024149;6361;218;7031;7101;9.15;0.56;234.46;6.15;670;55;2432.00;70
6365;55;629024159;6365;218;7031;7101;9.23;0.56;234.49;6.15;666;55;2433.00;70
6369;55;629024169;6369;219;7033;7105;9.28;0.57;234.53;6.15;664;55;2434.00;72
6370;55;629024182;6370;216;7034;7105;9.24;0.57;234.52;6.15;664;55;2435.00;71
6373;55;629024204;6373;205;7035;7105;9.27;0.57;234.52;6.15;662;55;2436.00;70
6376;55;629024215;6376;195;7036;7105;9.28;0.57;234.52;6.16;660;55;2437.00;69
6377;55;629024232;6377;183;7037;7106;9.29;0.57;234.53;6.16;660;55;2438.00;69
6381;55;629024242;6381;175;7039;7107;9.35;0.57;234.53;6.15;658;55;2439.00;68
6383;55;629024252;6383;166;7039;7107;9.35;0.57;234.56;6.15;656;55;2440.00;68
6388;55;629024268;6388;164;7040;7108;9.41;0.57;234.55;6.15;652;55;2441.00;68
6394;55;629024278;6394;157;7040;7108;9.45;0.57;234.55;6.15;646;55;2442.00;68
6399;55;629024294;6399;157;7041;7108;9.60;0.58;234.60;6.16;642;55;2443.00;67
6401;55;629024304;6401;157;7041;7108;9.75;0.59;234.61;6.16;640;55;2444.00;67
6404;55;629024314;6404;151;7041;7108;9.81;0.60;234.61;6.16;637;55;2445.00;67
6406;55;629024323;6406;146;7041;7108;9.94;0.60;234.61;6.16;635;55;2446.00;67
6407;55;629024333;6407;147;7041;7108;10.02;0.61;234.60;6.16;634;55;2447.00;67
6410;55;629024343;6410;156;7103;7235;10.20;0.63;234.63;6.11;693;55;2448.00;132
6411;55;629024362;6411;147;7108;7236;10.27;0.63;234.60;6.11;697;55;2449.00;128
6415;55;629024372;6415;143;7116;7236;10.44;0.64;234.62;6.10;701;55;2450.00;120
6419;55;629024389;6419;142;7117;7236;10.49;0.65;234.71;6.10;698;55;2451.00;119
6421;55;629024409;6421;143;7123;7236;10.59;0.65;234.72;6.10;702;55;2452.00;113
6425;55;629024425;6425;142;7126;7236;10.66;0.65;234.77;6.10;701;55;2453.00;110
6427;55;629024439;6427;139;7131;7236;10.58;0.65;234.81;6.10;704;55;2454.00;105
6428;55;629024451;6428;143;7135;7236;10.59;0.65;234.81;6.11;707;55;2455.00;101
6430;55;629024465;6430;146;7138;7237;10.56;0.65;234.80;6.11;708;55;2456.00;99
6431;55;629024478;6431;149;7140;7238;10.50;0.64;234.81;6.11;709;55;2457.00;98
6432;55;629024498;6432;150;7144;7238;10.47;0.64;234.80;6.11;712;55;2458.00;94
6433;55;629024509;6433;150;7145;7239;10.44;0.64;234.78;6.11;712;55;2459.00;94
6436;55;629024522;6436;154;7149;7239;10.40;0.64;234.91;6.23;713;55;2460.00;90
6437;55;629024539;6437;162;7152;7239;10.50;0.65;234.88;6.24;715;55;2461.00;87
6441;55;629024555;6441;170;7155;7239;10.55;0.65;234.99;6.24;714;55;2462.00;84
6441;55;629024565;6441;176;7157;7243;10.55;0.65;234.99;6.24;716;55;2463.00;86
6444;55;629024581;6444;180;7159;7243;10.53;0.64;234.97;6.24;715;55;2464.00;84
6445;55;629024592;6445;181;7163;7243;10.52;0.64;234.95;6.25;718;55;2465.00;80
6445;55;629024602;6445;183;7165;7246;10.56;0.65;234.95;6.25;720;55;2466.00;81
6447;55;629024618;6447;190;7168;7246;10.53;0.64;234.94;6.26;721;55;2467.00;78
6451;55;629024627;6451;195;7168;7246;10.49;0.64;234.88;6.26;717;55;2468.00;78
6453;55;629024643;6453;198;7173;7250;10.46;0.64;234.84;6.26;720;55;2469.00;77
6456;55;629024652;6456;196;7175;7251;10.42;0.64;234.81;6.26;719;55;2470.00;76
6456;55;629024662;6456;196;7176;7251;10.47;0.64;234.81;6.26;720;55;2471.00;75
6460;55;629024671;6460;200;7177;7255;10.51;0.64;234.80;6.26;717;55;2472.00;78
6463;55;629024681;6463;202;7177;7255;10.49;0.64;234.72;6.26;714;55;2473.00;78
6467;55;629024690;6467;206;7178;7255;10.43;0.64;234.64;6.26;711;55;2474.00;77
6471;55;629024699;6471;207;7180;7257;10.42;0.63;234.63;6.26;709;55;2475.00;77
6474;55;629024708;6474;208;7181;7257;10.37;0.63;234.64;6.37;707;55;2476.00;76
6477;55;629024717;6477;213;7185;7263;10.25;0.62;234.64;6.37;708;55;2477.00;78
6479;55;629024727;6479;208;7185;7263;10.23;0.62;234.61;6.37;706;55;2478.00;78
6479;55;629024735;6479;206;7186;7264;10.30;0.62;234.61;6.37;707;55;2479.00;78
6481;55;629024745;6481;205;7187;7264;10.23;0.62;234.55;6.48;706;55;2480.00;77
6481;55;629024753;6481;201;7187;7264;10.21;0.62;234.55;6.48;706;55;2481.00;77
6486;55;629024762;6486;196;7187;7264;10.12;0.61;234.60;6.48;701;55;2482.00;77
6489;55;629024770;6489;194;7187;7264;10.06;0.61;234.55;6.48;698;55;2483.00;77
6492;55;629024784;6492;186;7197;7276;10.16;0.61;234.63;6.47;705;55;2484.00;79
6495;55;629024794;6495;182;7200;7276;10.09;0.61;234.59;6.48;705;55;2485.00;76
6496;55;629024810;6496;181;7200;7276;10.11;0.61;234.59;6.48;704;55;2486.00;76
6499;55;629024819;6499;173;7200;7276;10.18;0.61;234.52;6.48;701;55;2487.00;76
6501;55;629024827;6501;171;7200;7276;10.19;0.62;234.47;6.48;699;55;2488.00;76
6502;55;629024837;6502;174;7200;7276;10.16;0.61;234.46;6.48;698;55;2489.00;76
6503;55;629024848;6503;169;7204;7280;10.18;0.62;234.44;6.59;701;55;2490.00;76
6503;55;629024857;6503;178;7204;7280;10.20;0.62;234.44;6.59;701;55;2491.00;76
6504;55;629024866;6504;180;7207;7284;10.24;0.62;234.40;6.58;703;55;2492.00;77
6504;55;629024875;6504;185;7209;7285;10.27;0.62;234.40;6.58;705;55;2493.00;76
6505;55;629024884;6505;185;7209;7285;10.24;0.62;234.42;6.58;704;55;2494.00;76
6506;55;629024893;6506;190;7210;7285;10.22;0.62;234.43;6.69;704;55;2495.00;75
6507;55;629024902;6507;198;7220;7298;10.15;0.62;234.41;6.69;713;55;2496.00;78
6509;55;629024912;6509;199;7220;7298;10.05;0.61;234.38;6.69;711;55;2497.00;78
6513;55;629024921;6513;214;7220;7298;9.97;0.60;234.33;6.69;707;55;2498.00;78
6513;55;629024931;6513;204;7221;7299;9.99;0.61;234.33;6.69;708;55;2499.00;78
6515;55;629024941;6515;194;7221;7300;9.96;0.61;234.32;6.69;706;55;2500.00;79
6519;55;629024953;6519;186;7221;7300;10.02;0.61;234.26;6.69;702;55;2501.00;79
6521;55;629024964;6521;179;7224;7303;10.10;0.61;234.27;6.70;703;55;2502.00;79
6522;55;629024980;6522;177;7226;7303;10.15;0.62;234.24;6.80;704;55;2503.00;77
6522;56;629024990;6522;174;7226;7303;10.21;0.62;234.24;6.80;704;56;2504.00;77
6523;56;629025011;6523;174;7226;7303;10.23;0.62;234.23;6.80;703;56;2505.00;77
6525;56;629025021;6525;167;7230;7309;10.36;0.63;234.26;6.79;705;56;2506.00;79
6526;56;629025032;6526;170;7230;7309;10.32;0.63;234.26;6.79;704;56;2507.00;79
6529;56;629025042;6529;172;7233;7309;10.31;0.62;234.37;6.81;704;56;2508.00;76
6530;57;629025058;6530;170;7233;7309;10.26;0.62;234.38;6.81;703;57;2509.00;76
6533;57;629025075;6533;177;7237;7313;10.13;0.61;234.35;6.82;704;57;2510.00;76
6535;57;629025090;6535;173;7239;7314;10.11;0.61;234.35;6.83;704;57;2511.00;75
6537;57;629025100;6537;177;7241;7314;10.02;0.61;234.32;6.85;704;57;2512.00;73
6537;57;629025110;6537;178;7243;7315;9.97;0.60;234.32;6.86;706;57;2513.00;72
6540;57;629025119;6540;177;7247;7315;9.85;0.60;234.29;6.88;707;57;2514.00;68
6540;57;629025129;6540;185;7248;7315;9.84;0.60;234.29;6.89;708;57;2515.00;67
6542;57;629025139;6542;184;7248;7315;9.78;0.59;234.37;6.89;706;57;2516.00;67
6542;57;629025153;6542;191;7252;7315;9.72;0.59;234.37;6.92;710;57;2517.00;63
6543;57;629025162;6543;191;7252;7315;9.68;0.59;234.36;6.92;709;57;2518.00;63
6544;57;629025171;6544;195;7252;7315;9.68;0.59;234.36;6.92;708;57;2519.00;63
6548;57;629025181;6548;208;7311;7440;9.77;0.60;234.42;6.87;763;57;2520.00;129
6548;57;629025200;6548;208;7315;7441;9.68;0.60;234.42;6.88;767;57;2521.00;126
6550;57;629025210;6550;212;7328;7441;9.58;0.59;234.41;6.87;778;57;2522.00;113
6552;57;629025219;6552;209;7332;7441;9.53;0.59;234.47;6.88;780;57;2523.00;109
6553;58;629025229;6553;212;7338;7441;9.55;0.59;234.47;6.88;785;58;2524.00;103
6555;58;629025251;6555;216;7345;7441;9.48;0.58;234.48;6.88;790;58;2525.00;96
6558;58;629025261;6558;224;7350;7441;9.38;0.58;234.52;6.88;792;58;2526.00;91
6560;58;629025271;6560;233;7355;7441;9.29;0.57;234.55;6.89;795;58;2527.00;86
6565;58;629025286;6565;239;7360;7442;9.18;0.56;234.63;6.90;795;58;2528.00;82
6567;58;629025296;6567;234;7363;7443;9.13;0.56;234.70;6.90;796;58;2529.00;80
6569;58;629025306;6569;236;7365;7443;9.04;0.56;234.68;6.90;796;58;2530.00;78
6574;58;629025316;6574;231;7369;7447;8.95;0.55;234.75;6.90;795;58;2531.00;78
6576;58;629025327;6576;228;7371;7447;8.90;0.55;234.71;6.91;795;58;2532.00;76
6577;58;629025337;6577;228;7373;7447;8.83;0.54;234.68;6.91;796;58;2533.00;74
6582;58;629025347;6582;228;7374;7447;8.71;0.53;234.66;6.92;792;58;2534.00;73
6585;58;629025358;6585;230;7379;7453;8.67;0.53;234.68;6.91;794;58;2535.00;74
6587;58;629025369;6587;237;7381;7453;8.63;0.53;234.65;6.92;794;58;2536.00;72
6590;58;629025379;6590;241;7385;7455;8.56;0.52;234.61;6.92;795;58;2537.00;70
6595;58;629025390;6595;244;7388;7458;8.50;0.52;234.59;6.92;793;58;2538.00;70
6597;58;629025402;6597;240;7388;7458;8.49;0.52;234.56;6.92;791;58;2539.00;70
6598;58;629025424;6598;243;7390;7458;8.44;0.52;234.54;6.93;792;58;2540.00;68
6605;58;629025434;6605;247;7393;7459;8.39;0.51;234.54;6.93;788;58;2541.00;66
6607;58;629025444;6607;247;7395;7460;8.34;0.51;234.53;6.93;788;58;2542.00;65
6608;58;629025454;6608;253;7396;7460;8.31;0.51;234.55;6.93;788;58;2543.00;64
6613;58;629025464;6613;262;7406;7473;8.22;0.50;234.53;6.92;793;58;2544.00;67
6616;58;629025476;6616;261;7408;7473;8.14;0.50;234.58;6.92;792;58;2545.00;65
6622;58;629025486;6622;264;7409;7473;8.03;0.49;234.56;6.92;787;58;2546.00;64
6628;58;629025496;6628;263;7411;7474;7.97;0.49;234.61;6.92;783;58;2547.00;63
6633;58;629025506;6633;269;7412;7474;7.87;0.48;234.60;6.92;779;58;2548.00;62
6636;58;629025517;6636;275;7415;7478;7.77;0.47;234.58;6.92;779;58;2549.00;63
6639;58;629025529;6639;271;7417;7481;7.68;0.47;234.62;6.92;778;58;2550.00;64
6642;58;629025539;6642;274;7423;7485;7.62;0.47;234.56;6.91;781;58;2551.00;62
6645;58;629025550;6645;268;7423;7485;7.57;0.46;234.63;6.91;778;58;2552.00;62
6650;58;629025560;6650;265;7423;7485;7.54;0.46;234.69;6.91;773;58;2553.00;62
6651;58;629025569;6651;260;7423;7485;7.63;0.47;234.67;6.91;772;58;2554.00;62
6654;58;629025579;6654;256;7423;7485;7.65;0.47;234.72;6.91;769;58;2555.00;62
6658;58;629025589;6658;252;7435;7497;7.76;0.48;234.79;6.90;777;58;2556.00;62
6660;58;629025600;6660;241;7435;7497;7.80;0.48;234.84;6.90;775;58;2557.00;62
6665;58;629025610;6665;235;7435;7497;7.85;0.48;234.89;6.90;770;58;2558.00;62
6670;58;629025621;6670;229;7435;7497;7.84;0.48;235.02;6.90;765;58;2559.00;62
6675;58;629025631;6675;217;7435;7497;7.92;0.49;235.05;6.90;760;58;2560.00;62
6676;58;629025642;6676;215;7435;7497;8.01;0.49;235.08;6.90;759;58;2561.00;62
6682;58;629025652;6682;209;7436;7498;8.08;0.50;235.13;6.90;754;58;2562.00;62
6685;58;629025662;6685;214;7436;7498;8.13;0.50;235.18;6.90;751;58;2563.00;62
6689;58;629025673;6689;215;7441;7504;8.31;0.51;235.19;6.89;752;58;2564.00;63
6695;58;629025683;6695;215;7444;7506;8.48;0.52;235.24;6.89;749;58;2565.00;62
6700;58;629025694;6700;213;7444;7506;8.59;0.53;235.28;6.89;744;58;2566.00;62
6703;58;629025704;6703;208;7444;7506;8.73;0.54;235.33;6.89;741;58;2567.00;62
6709;58;629025714;6709;203;7448;7510;8.82;0.54;235.27;6.89;739;58;2568.00;62
6714;58;629025726;6714;199;7448;7510;8.92;0.55;235.30;6.89;734;58;2569.00;62
6716;58;629025736;6716;200;7448;7510;8.99;0.55;235.34;6.89;732;58;2570.00;62
6719;58;629025746;6719;196;7449;7511;9.04;0.56;235.35;6.89;730;58;2571.00;62
6725;58;629025757;6725;192;7452;7515;9.11;0.56;235.36;6.89;727;58;2572.00;63
6731;58;629025768;6731;188;7452;7515;9.12;0.56;235.43;6.89;721;58;2573.00;63
6736;58;629025779;6736;193;7454;7518;9.21;0.56;235.35;6.88;718;58;2574.00;64
6741;58;629025789;6741;193;7455;7518;9.27;0.57;235.44;6.88;714;58;2575.00;63
6747;58;629025799;6747;193;7455;7518;9.26;0.57;235.35;6.88;708;58;2576.00;63
6750;58;629025809;6750;192;7455;7518;9.27;0.57;235.36;6.88;705;58;2577.00;63
6759;58;629025819;6759;193;7458;7522;9.31;0.57;235.59;6.88;699;58;2578.00;64
6762;58;629025830;6762;192;7459;7522;9.25;0.56;235.64;6.98;697;58;2579.00;63
6766;58;629025842;6766;194;7460;7522;9.32;0.57;235.62;6.98;694;58;2580.00;62
6770;58;629025852;6770;192;7460;7522;9.28;0.57;235.66;6.98;690;58;2581.00;62
6772;58;629025862;6772;195;7460;7523;9.23;0.56;235.67;6.98;688;58;2582.00;63
6776;58;629025872;6776;197;7462;7524;9.23;0.56;235.74;7.09;686;58;2583.00;62
6780;58;629025883;6780;206;7462;7524;9.17;0.56;235.81;7.09;682;58;2584.00;62
6785;58;629025893;6785;208;7463;7525;9.16;0.56;235.78;7.09;678;58;2585.00;62
6788;58;629025903;6788;215;7463;7525;9.14;0.56;235.80;7.09;675;58;2586.00;62
6792;58;629025913;6792;213;7463;7525;9.09;0.56;235.86;7.09;671;58;2587.00;62
6794;58;629025924;6794;212;7463;7525;9.08;0.55;235.87;7.09;669;58;2588.00;62
6796;58;629025933;6796;219;7463;7525;9.03;0.55;235.89;7.09;667;58;2589.00;62
6799;58;629025943;6799;218;7463;7525;8.97;0.55;235.96;7.09;664;58;2590.00;62
6803;58;629025952;6803;218;7463;7525;8.89;0.54;235.97;7.09;660;58;2591.00;62
6809;58;629025962;6809;240;7530;7652;9.08;0.56;235.93;7.02;721;58;2592.00;122
6814;58;629025981;6814;233;7533;7653;9.10;0.56;235.92;7.02;719;58;2593.00;120
6817;58;629025992;6817;233;7542;7653;9.10;0.56;236.02;7.01;725;58;2594.00;111
6818;58;629026002;6818;237;7547;7653;9.15;0.56;236.00;7.01;729;58;2595.00;106
6819;58;629026012;6819;241;7551;7653;9.10;0.56;236.01;7.01;732;58;2596.00;102
6822;58;629026022;6822;230;7554;7653;9.13;0.56;235.99;7.01;732;58;2597.00;99
6824;58;629026032;6824;227;7558;7653;9.19;0.57;236.05;7.01;734;58;2598.00;95
6827;58;629026043;6827;221;7561;7653;9.26;0.57;236.07;7.01;734;58;2599.00;92
6830;58;629026055;6830;217;7566;7654;9.26;0.57;236.15;7.01;736;58;2600.00;88
6831;58;629026070;6831;220;7571;7655;9.29;0.57;236.14;7.01;740;58;2601.00;84
6836;58;629026081;6836;221;7573;7655;9.31;0.57;236.26;7.01;737;58;2602.00;82
6838;58;629026092;6838;222;7575;7656;9.26;0.57;236.29;7.01;737;58;2603.00;81
6842;58;629026103;6842;226;7576;7656;9.20;0.57;236.31;7.01;734;58;2604.00;80
6846;58;629026115;6846;226;7577;7656;9.06;0.56;236.29;7.01;731;58;2605.00;79
6851;58;629026131;6851;222;7579;7656;8.97;0.55;236.36;7.01;728;58;2606.00;77
6853;58;629026147;6853;222;7582;7660;8.96;0.55;236.37;7.01;729;58;2607.00;78
6853;58;629026164;6853;213;7584;7660;8.99;0.55;236.37;7.02;731;58;2608.00;76
6858;58;629026180;6858;204;7584;7660;9.03;0.55;236.40;7.02;726;58;2609.00;76
6858;58;629026193;6858;199;7588;7666;9.14;0.56;236.40;7.01;730;58;2610.00;78
6861;58;629026204;6861;193;7588;7666;9.25;0.57;236.37;7.01;727;58;2611.00;78
6864;58;629026215;6864;195;7589;7666;9.36;0.57;236.45;7.01;725;58;2612.00;77
6868;58;629026225;6868;190;7592;7670;9.41;0.57;236.40;7.01;724;58;2613.00;78
6871;58;629026242;6871;192;7594;7671;9.43;0.57;236.41;7.01;723;58;2614.00;77
6872;58;629026253;6872;192;7594;7671;9.45;0.57;236.42;7.01;722;58;2615.00;77
6876;59;629026263;6876;190;7598;7675;9.46;0.57;236.43;7.01;722;59;2616.00;77
6877;59;629026285;6877;190;7598;7675;9.49;0.58;236.40;7.01;721;59;2617.00;77
6878;59;629026295;6878;191;7599;7675;9.54;0.58;236.39;7.01;721;59;2618.00;76
6878;59;629026306;6878;187;7601;7676;9.63;0.59;236.39;7.01;723;59;2619.00;75
6881;59;629026316;6881;182;7601;7676;9.65;0.59;236.39;7.01;720;59;2620.00;75
6884;59;629026326;6884;183;7605;7682;9.70;0.59;236.36;7.00;721;59;2621.00;77
6886;59;629026337;6886;180;7606;7682;9.70;0.59;236.36;7.00;720;59;2622.00;76
6888;59;629026347;6888;180;7606;7683;9.73;0.59;236.36;7.00;718;59;2623.00;77
6888;59;629026357;6888;182;7606;7683;9.83;0.60;236.36;7.00;718;59;2624.00;77
6892;59;629026367;6892;178;7606;7683;9.86;0.60;236.32;7.00;714;59;2625.00;77
6897;59;629026377;6897;178;7606;7683;9.91;0.60;236.28;7.00;709;59;2626.00;77
6900;59;629026388;6900;177;7606;7683;9.92;0.60;236.20;7.00;706;59;2627.00;77
6903;59;629026398;6903;179;7616;7695;10.00;0.61;236.16;6.99;713;59;2628.00;79
6905;59;629026409;6905;181;7617;7695;10.15;0.62;236.11;6.99;712;59;2629.00;78
6906;59;629026424;6906;185;7617;7695;10.23;0.62;236.20;6.99;711;59;2630.00;78
6908;59;629026439;6908;189;7617;7695;10.26;0.63;236.17;6.99;709;59;2631.00;78
6908;59;629026451;6908;189;7617;7695;10.27;0.63;236.17;6.99;709;59;2632.00;78
6908;59;629026464;6908;194;7617;7695;10.31;0.63;236.17;6.99;709;59;2633.00;78
6910;59;629026479;6910;194;7620;7699;10.31;0.63;236.14;6.99;710;59;2634.00;79
6913;60;629026491;6913;196;7620;7699;10.33;0.63;236.21;6.99;707;60;2635.00;79
6916;60;629026516;6916;192;7623;7703;10.27;0.62;236.18;6.99;707;60;2636.00;80
6920;60;629026528;6920;192;7624;7704;10.30;0.62;236.15;6.99;704;60;2637.00;80
6924;60;629026543;6924;197;7625;7704;10.32;0.63;236.11;6.99;701;60;2638.00;79
6924;60;629026553;6924;195;7625;7704;10.39;0.63;236.11;6.99;701;60;2639.00;79
6926;60;629026564;6926;200;7643;7733;10.39;0.63;236.09;6.97;717;60;2640.00;90
6927;60;629026576;6927;200;7645;7733;10.38;0.63;236.07;6.97;718;60;2641.00;88
6927;60;629026586;6927;204;7648;7733;10.42;0.63;236.07;6.97;721;60;2642.00;85
6929;60;629026596;6929;205;7649;7734;10.46;0.64;236.05;6.97;720;60;2643.00;85
6931;60;629026605;6931;204;7650;7735;10.46;0.64;236.02;6.97;719;60;2644.00;85
6935;60;629026615;6935;206;7651;7735;10.44;0.63;236.00;6.97;716;60;2645.00;84
6935;60;629026625;6935;207;7654;7738;10.43;0.63;236.00;6.96;719;60;2646.00;84
6938;60;629026634;6938;210;7654;7738;10.38;0.63;236.00;6.96;716;60;2647.00;84
6939;60;629026643;6939;213;7654;7738;10.31;0.63;235.98;6.96;715;60;2648.00;84
6942;60;629026652;6942;215;7654;7738;10.28;0.62;235.97;6.96;712;60;2649.00;84
6943;60;629026661;6943;213;7658;7744;10.24;0.62;235.97;6.96;715;60;2650.00;86
6944;60;629026671;6944;198;7658;7744;10.24;0.62;235.98;6.96;714;60;2651.00;86
6945;60;629026685;6945;185;7659;7744;10.28;0.63;235.98;6.96;714;60;2652.00;85
6945;60;629026695;6945;178;7659;7744;10.35;0.63;235.98;6.96;714;60;2653.00;85
6947;60;629026704;6947;168;7663;7748;10.44;0.64;236.05;6.97;716;60;2654.00;85
6949;60;629026715;6949;156;7666;7750;10.55;0.64;236.04;6.97;717;60;2655.00;84
6952;60;629026724;6952;149;7666;7750;10.65;0.65;235.98;6.97;714;60;2656.00;84
6956;60;629026734;6956;141;7667;7751;10.81;0.66;235.94;6.97;711;60;2657.00;84
6958;60;629026749;6958;134;7667;7751;10.89;0.66;235.90;6.97;709;60;2658.00;84
6961;60;629026758;6961;123;7667;7751;10.99;0.67;235.97;6.97;706;60;2659.00;84
6961;60;629026773;6961;120;7667;7751;11.12;0.68;235.97;6.97;706;60;2660.00;84
6965;61;629026783;6965;110;7667;7751;11.22;0.68;235.91;6.97;702;61;2661.00;84
6967;61;629026803;6967;113;7667;7751;11.34;0.69;235.92;6.97;700;61;2662.00;84
6968;61;629026814;6968;108;7667;7751;11.40;0.70;235.90;6.97;699;61;2663.00;84
6971;61;629026824;6971;118;7704;7821;11.37;0.70;235.90;6.94;733;61;2664.00;117
6974;61;629026845;6974;112;7704;7822;11.43;0.70;235.86;6.94;730;61;2665.00;118
6978;61;629026861;6978;108;7709;7822;11.46;0.70;235.81;6.94;731;61;2666.00;113
6979;61;629026871;6979;115;7712;7822;11.40;0.69;235.78;6.94;733;61;2667.00;110
6979;61;629026881;6979;120;7715;7822;11.43;0.70;235.78;6.93;736;61;2668.00;107
6981;61;629026891;6981;118;7719;7822;11.45;0.70;235.78;6.93;738;61;2669.00;103
6985;61;629026902;6985;121;7724;7822;11.34;0.69;235.74;6.93;739;61;2670.00;98
6986;61;629026913;6986;120;7727;7822;11.30;0.69;235.74;6.93;741;61;2671.00;95
6989;61;629026923;6989;125;7728;7823;11.23;0.68;235.76;6.93;739;61;2672.00;95
6991;61;629026933;6991;123;7732;7824;11.24;0.68;235.72;6.93;741;61;2673.00;92
6993;61;629026943;6993;127;7733;7824;11.17;0.68;235.76;6.93;740;61;2674.00;91
6997;61;629026953;6997;128;7736;7828;10.99;0.67;235.81;6.93;739;61;2675.00;92
7000;61;629026964;7000;132;7738;7828;10.96;0.67;235.81;6.93;738;61;2676.00;90
7003;61;629026974;7003;140;7739;7828;10.91;0.66;235.78;6.94;736;61;2677.00;89
7006;61;629026985;7006;148;7739;7828;10.87;0.66;235.73;6.94;733;61;2678.00;89
7010;61;629026996;7010;151;7743;7834;10.90;0.66;235.72;6.94;733;61;2679.00;91
7015;61;629027006;7015;160;7745;7834;10.88;0.66;235.69;6.95;730;61;2680.00;89
7016;61;629027023;7016;165;7746;7834;10.87;0.66;235.69;6.96;730;61;2681.00;88
7020;61;629027033;7020;169;7748;7837;10.95;0.66;235.80;6.96;728;61;2682.00;89
7021;61;629027044;7021;179;7750;7837;10.98;0.67;235.81;6.98;729;61;2683.00;87
7024;61;629027054;7024;182;7751;7837;10.89;0.66;235.80;6.98;727;61;2684.00;86
7028;61;629027064;7028;185;7753;7838;10.78;0.65;235.85;7.00;725;61;2685.00;85
7031;61;629027075;7031;186;7754;7839;10.65;0.64;235.81;7.00;723;61;2686.00;85
7035;61;629027086;7035;194;7755;7839;10.56;0.64;235.80;7.01;720;61;2687.00;84
7037;61;629027096;7037;198;7766;7852;10.43;0.63;235.80;7.00;729;61;2688.00;86
7041;61;629027107;7041;203;7767;7852;10.39;0.63;235.78;7.01;726;61;2689.00;85
7044;61;629027117;7044;202;7769;7852;10.28;0.62;235.81;7.02;725;61;2690.00;83
7046;61;629027127;7046;205;7771;7853;10.29;0.62;235.79;7.03;725;61;2691.00;82
7048;61;629027137;7048;209;7771;7853;10.23;0.62;235.75;7.03;723;61;2692.00;82
7050;61;629027146;7050;215;7776;7857;10.19;0.62;235.76;7.04;726;61;2693.00;81
7052;61;629027156;7052;215;7778;7857;10.09;0.61;235.77;7.05;726;61;2694.00;79
7054;61;629027166;7054;217;7781;7861;9.91;0.60;235.75;7.04;727;61;2695.00;80
7055;61;629027176;7055;224;7782;7861;9.78;0.60;235.76;7.05;727;61;2696.00;79
7057;61;629027186;7057;227;7782;7861;9.67;0.59;235.75;7.05;725;61;2697.00;79
7061;61;629027196;7061;232;7782;7861;9.57;0.59;235.74;7.05;721;61;2698.00;79
7066;61;629027220;7066;233;7784;7861;9.50;0.58;235.72;7.07;718;61;2699.00;77
7068;61;629027233;7068;235;7806;7910;9.45;0.58;235.71;7.06;738;61;2700.00;104
7070;61;629027257;7070;230;7809;7910;9.41;0.58;235.69;7.06;739;61;2701.00;101
7072;61;629027268;7072;227;7811;7910;9.39;0.58;235.72;7.06;739;61;2702.00;99
7074;61;629027278;7074;234;7816;7910;9.30;0.57;235.71;7.07;742;61;2703.00;94
7079;61;629027290;7079;230;7818;7910;9.24;0.57;235.68;7.07;739;61;2704.00;92
7080;61;629027312;7080;232;7818;7910;9.28;0.57;235.65;7.07;738;61;2705.00;92
7084;61;629027326;7084;230;7821;7911;9.24;0.56;235.65;7.08;737;61;2706.00;90
7085;61;629027343;7085;235;7824;7911;9.20;0.56;235.66;7.08;739;61;2707.00;87
7088;61;629027358;7088;232;7828;7917;9.19;0.56;235.65;7.08;740;61;2708.00;89
7091;61;629027372;7091;241;7830;7918;9.12;0.56;235.64;7.08;739;61;2709.00;88
7094;61;629027382;7094;242;7832;7918;9.02;0.55;235.61;7.08;738;61;2710.00;86
7097;61;629027392;7097;244;7832;7918;8.96;0.55;235.63;7.08;735;61;2711.00;86
7103;61;629027402;7103;253;7834;7922;8.84;0.54;235.62;7.08;731;61;2712.00;88
7109;61;629027414;7109;255;7839;7922;8.68;0.53;235.57;7.09;730;61;2713.00;83
7112;61;629027427;7112;255;7839;7922;8.61;0.53;235.61;7.09;727;61;2714.00;83
7117;61;629027436;7117;248;7843;7923;8.52;0.52;235.70;7.09;726;61;2715.00;80
7121;61;629027445;7121;245;7846;7927;8.46;0.52;235.76;7.09;725;61;2716.00;81
7128;61;629027455;7128;248;7848;7927;8.36;0.51;235.84;7.09;720;61;2717.00;79
7132;61;629027464;7132;249;7850;7930;8.25;0.51;235.88;7.09;718;61;2718.00;80
7135;61;629027480;7135;252;7851;7930;8.16;0.50;235.90;7.09;716;61;2719.00;79
7140;61;629027488;7140;239;7852;7930;8.13;0.50;235.97;7.09;712;61;2720.00;78
7143;61;629027497;7143;237;7854;7930;8.08;0.49;235.99;7.09;711;61;2721.00;76
7145;61;629027506;7145;232;7857;7934;8.19;0.50;236.04;7.09;712;61;2722.00;77
7148;61;629027515;7148;233;7857;7934;8.20;0.50;236.07;7.09;709;61;2723.00;77
7150;61;629027524;7150;233;7857;7934;8.20;0.50;236.10;7.09;707;61;2724.00;77
7152;61;629027533;7152;233;7858;7934;8.18;0.50;236.10;7.09;706;61;2725.00;76
7155;61;629027541;7155;234;7859;7935;8.16;0.50;236.09;7.09;704;61;2726.00;76
7159;61;629027550;7159;227;7861;7936;8.14;0.50;236.11;7.09;702;61;2727.00;75
7161;61;629027559;7161;225;7861;7936;8.19;0.50;236.07;7.09;700;61;2728.00;75
7165;61;629027569;7165;218;7862;7937;8.24;0.51;236.14;7.09;697;61;2729.00;75
7168;61;629027580;7168;220;7863;7937;8.29;0.51;236.17;7.09;695;61;2730.00;74
7171;61;629027589;7171;217;7863;7937;8.37;0.51;236.17;7.09;692;61;2731.00;74
7176;61;629027598;7176;216;7863;7937;8.37;0.51;236.27;7.09;687;61;2732.00;74
7177;61;629027607;7177;218;7866;7937;8.46;0.52;236.29;7.10;689;61;2733.00;71
7184;61;629027615;7184;214;7866;7937;8.49;0.52;236.28;7.10;682;61;2734.00;71
7187;61;629027625;7187;212;7866;7937;8.57;0.53;236.28;7.10;679;61;2735.00;71
7191;61;629027634;7191;225;7938;8064;8.65;0.54;236.33;7.04;747;61;2736.00;126
7196;61;629027654;7196;216;7941;8065;8.67;0.54;236.32;7.04;745;61;2737.00;124
7201;61;629027663;7201;210;7947;8065;8.66;0.54;236.33;7.04;746;61;2738.00;118
7204;61;629027672;7204;210;7952;8065;8.72;0.54;236.37;7.04;748;61;2739.00;113
7208;61;629027682;7208;210;7958;8065;8.74;0.54;236.37;7.04;750;61;2740.00;107
7214;61;629027693;7214;212;7961;8065;8.69;0.54;236.40;7.04;747;61;2741.00;104
7218;61;629027705;7218;213;7963;8065;8.62;0.53;236.38;7.04;745;61;2742.00;102
7221;61;629027720;7221;209;7966;8065;8.60;0.53;236.42;7.04;745;61;2743.00;99
7228;61;629027729;7228;205;7969;8066;8.50;0.53;236.52;7.04;741;61;2744.00;97
7233;61;629027741;7233;210;7973;8068;8.51;0.53;236.48;7.04;740;61;2745.00;95
7239;61;629027752;7239;219;7976;8068;8.43;0.52;236.53;7.16;737;61;2746.00;92
7242;61;629027766;7242;220;7981;8069;8.36;0.52;236.56;7.16;739;61;2747.00;88
7246;61;629027780;7246;225;7984;8069;8.30;0.51;236.52;7.16;738;61;2748.00;85
7250;61;629027793;7250;228;7986;8069;8.36;0.52;236.57;7.16;736;61;2749.00;83
7254;61;629027805;7254;227;7988;8069;8.41;0.52;236.61;7.16;734;61;2750.00;81
7257;61;629027816;7257;224;7993;8073;8.45;0.52;236.63;7.16;736;61;2751.00;80
7260;61;629027830;7260;228;7995;8073;8.44;0.52;236.60;7.16;735;61;2752.00;78
7263;61;629027844;7263;230;7996;8073;8.41;0.52;236.70;7.16;733;61;2753.00;77
7267;61;629027857;7267;235;7999;8076;8.45;0.52;236.64;7.16;732;61;2754.00;77
7272;61;629027868;7272;244;8000;8076;8.48;0.52;236.73;7.16;728;61;2755.00;76
7276;61;629027879;7276;245;8002;8076;8.49;0.52;236.85;7.17;726;61;2756.00;74
7279;61;629027889;7279;260;8005;8080;8.50;0.52;236.87;7.17;726;61;2757.00;75
7283;61;629027900;7283;259;8008;8081;8.54;0.52;236.81;7.17;725;61;2758.00;73
7287;61;629027910;7287;257;8008;8081;8.47;0.52;236.78;7.17;721;61;2759.00;73
7290;61;629027922;7290;255;8013;8086;8.48;0.52;236.71;7.16;723;61;2760.00;73
7293;61;629027933;7293;256;8013;8086;8.42;0.52;236.73;7.16;720;61;2761.00;73
7294;61;629027944;7294;265;8013;8086;8.42;0.51;236.72;7.16;719;61;2762.00;73
7296;61;629027954;7296;273;8014;8087;8.43;0.51;236.73;7.16;718;61;2763.00;73
7298;61;629027965;7298;277;8014;8087;8.35;0.51;236.74;7.16;716;61;2764.00;73
7301;61;629027975;7301;280;8018;8093;8.23;0.50;236.78;7.16;717;61;2765.00;75
7301;61;629027985;7301;286;8018;8093;8.16;0.50;236.78;7.16;717;61;2766.00;75
7304;61;629027994;7304;274;8019;8094;8.05;0.49;236.79;7.16;715;61;2767.00;75
7308;61;629028004;7308;276;8019;8094;8.00;0.49;236.80;7.16;711;61;2768.00;75
7310;61;629028014;7310;276;8019;8094;7.97;0.49;236.78;7.16;709;61;2769.00;75
7314;61;629028025;7314;280;8019;8094;7.93;0.48;236.87;7.16;705;61;2770.00;75
7315;61;629028035;7315;277;8019;8094;7.86;0.48;236.85;7.16;704;61;2771.00;75
7316;61;629028045;7316;282;8029;8106;7.96;0.48;236.85;7.15;713;61;2772.00;77
7320;61;629028055;7320;283;8030;8106;7.95;0.48;236.85;7.15;710;61;2773.00;76
7321;61;629028065;7321;292;8030;8106;7.91;0.48;236.84;7.15;709;61;2774.00;76
7321;61;629028074;7321;293;8030;8106;7.98;0.48;236.84;7.15;709;61;2775.00;76
7322;61;629028083;7322;283;8030;8106;8.08;0.49;236.81;7.15;708;61;2776.00;76
7323;62;629028093;7323;276;8030;8106;8.12;0.49;236.79;7.15;707;62;2777.00;76
7324;62;629028115;7324;269;8033;8110;8.20;0.50;236.78;7.15;709;62;2778.00;77
7326;62;629028126;7326;258;8033;8110;8.26;0.50;236.75;7.15;707;62;2779.00;77
7331;62;629028137;7331;246;8036;8114;8.37;0.51;236.73;7.15;705;62;2780.00;78
7333;62;629028147;7333;237;8038;8115;8.47;0.52;236.71;7.14;705;62;2781.00;77
7336;62;629028158;7336;230;8038;8115;8.54;0.52;236.69;7.14;702;62;2782.00;77
7337;62;629028169;7337;228;8038;8115;8.61;0.52;236.69;7.14;701;62;2783.00;77
7339;62;629028179;7339;228;8049;8128;8.74;0.53;236.66;7.13;710;62;2784.00;79
7340;62;629028199;7340;226;8049;8128;8.80;0.53;236.66;7.13;709;62;2785.00;79
7342;62;629028210;7342;226;8049;8128;8.82;0.54;236.64;7.13;707;62;2786.00;79
7346;62;629028220;7346;222;8050;8129;8.85;0.54;236.58;7.13;704;62;2787.00;79
7346;62;629028231;7346;217;8050;8130;8.92;0.54;236.58;7.13;704;62;2788.00;80
7350;62;629028242;7350;221;8050;8130;8.94;0.54;236.55;7.13;700;62;2789.00;80
7350;62;629028255;7350;221;8053;8136;9.01;0.55;236.55;7.13;703;62;2790.00;83
7351;62;629028266;7351;220;8054;8136;9.10;0.55;236.53;7.13;703;62;2791.00;82
7351;62;629028278;7351;224;8054;8136;9.14;0.55;236.53;7.13;703;62;2792.00;82
7354;62;629028288;7354;225;8055;8136;9.14;0.55;236.56;7.13;701;62;2793.00;81
7356;62;629028299;7356;231;8058;8142;9.13;0.55;236.59;7.13;702;62;2794.00;84
7357;62;629028311;7357;233;8059;8142;9.12;0.55;236.60;7.13;702;62;2795.00;83
7358;62;629028321;7358;237;8059;8142;9.10;0.55;236.59;7.13;701;62;2796.00;83
7359;62;629028332;7359;239;8060;8142;9.12;0.56;236.57;7.13;701;62;2797.00;82
7362;62;629028342;7362;241;8063;8146;9.14;0.56;236.54;7.12;701;62;2798.00;83
7364;62;629028352;7364;246;8065;8147;9.19;0.56;236.53;7.12;701;62;2799.00;82
7364;62;629028364;7364;243;8065;8147;9.27;0.57;236.53;7.12;701;62;2800.00;82
7364;62;629028377;7364;244;8066;8148;9.36;0.57;236.53;7.12;702;62;2801.00;82
7366;62;629028388;7366;242;8066;8148;9.36;0.57;236.48;7.12;700;62;2802.00;82
7368;62;629028397;7368;227;8066;8148;9.37;0.57;236.46;7.12;698;62;2803.00;82
7368;62;629028412;7368;217;8066;8148;9.41;0.57;236.46;7.12;698;62;2804.00;82
7370;62;629028427;7370;213;8066;8148;9.48;0.58;236.45;7.12;696;62;2805.00;82
7372;62;629028439;7372;204;8066;8148;9.54;0.58;236.42;7.12;694;62;2806.00;82
7372;62;629028460;7372;194;8066;8148;9.69;0.59;236.42;7.12;694;62;2807.00;82
7373;62;629028485;7373;195;8107;8218;9.60;0.59;236.41;7.21;734;62;2808.00;111
7374;62;629028525;7374;177;8107;8219;9.78;0.60;236.41;7.21;733;62;2809.00;112
7377;62;629028538;7377;165;8114;8219;10.05;0.61;236.42;7.21;737;62;2810.00;105
7377;62;629028549;7377;156;8116;8219;10.26;0.63;236.42;7.20;739;62;2811.00;103
7380;62;629028560;7380;159;8121;8219;10.40;0.63;236.40;7.20;741;62;2812.00;98
7382;62;629028572;7382;156;8124;8219;10.55;0.64;236.40;7.20;742;62;2813.00;95
7385;62;629028583;7385;155;8129;8219;10.71;0.65;236.39;7.20;744;62;2814.00;90
7388;62;629028595;7388;159;8130;8219;10.85;0.66;236.39;7.20;742;62;2815.00;89
7389;62;629028606;7389;160;8133;8220;10.98;0.67;236.38;7.20;744;62;2816.00;87
7390;62;629028619;7390;153;8134;8221;11.14;0.68;236.39;7.20;744;62;2817.00;87
7390;62;629028630;7390;152;8135;8221;11.24;0.68;236.39;7.20;745;62;2818.00;86
7393;62;629028644;7393;151;8138;8225;11.21;0.68;236.37;7.20;745;62;2819.00;87
7396;62;629028659;7396;150;8138;8225;11.14;0.68;236.34;7.20;742;62;2820.00;87
7399;62;629028672;7399;147;8138;8225;11.10;0.67;236.29;7.20;739;62;2821.00;87
7401;62;629028684;7401;143;8138;8225;11.07;0.67;236.28;7.20;737;62;2822.00;87
7404;62;629028695;7404;139;8142;8231;11.05;0.67;236.27;7.32;738;62;2823.00;89
7406;62;629028705;7406;138;8142;8231;11.07;0.67;236.27;7.32;736;62;2824.00;89
7411;62;629028716;7411;133;8145;8231;10.99;0.67;236.31;7.34;734;62;2825.00;86
7413;62;629028728;7413;134;8147;8234;11.07;0.67;236.32;7.34;734;62;2826.00;87
7414;62;629028740;7414;134;8148;8234;11.19;0.68;236.31;7.34;734;62;2827.00;86
7418;62;629028755;7418;131;8149;8234;11.20;0.68;236.37;7.46;731;62;2828.00;85
7421;62;629028766;7421;129;8149;8235;11.26;0.68;236.33;7.46;728;62;2829.00;86
7424;62;629028777;7424;131;8150;8236;11.35;0.69;236.40;7.46;726;62;2830.00;86
7427;62;629028787;7427;129;8151;8236;11.41;0.69;236.43;7.59;724;62;2831.00;85
7431;62;629028798;7431;129;8161;8249;11.33;0.69;236.44;7.58;730;62;2832.00;88
7436;62;629028810;7436;122;8161;8249;11.25;0.68;236.50;7.58;725;62;2833.00;88
7437;62;629028820;7437;129;8162;8249;11.24;0.68;236.48;7.71;725;62;2834.00;87
7443;62;629028831;7443;129;8164;8251;11.18;0.67;236.57;7.70;721;62;2835.00;87
7445;62;629028842;7445;136;8164;8251;11.20;0.68;236.57;7.70;719;62;2836.00;87
7447;62;629028854;7447;140;8167;8255;11.17;0.67;236.61;7.83;720;62;2837.00;88
7448;62;629028868;7448;146;8170;8255;11.21;0.68;236.62;7.83;722;62;2838.00;85
7452;62;629028881;7452;150;8173;8259;11.18;0.67;236.62;7.82;721;62;2839.00;86
7455;62;629028893;7455;147;8174;8259;11.16;0.67;236.60;7.82;719;62;2840.00;85
7458;62;629028903;7458;149;8174;8259;11.16;0.67;236.59;7.82;716;62;2841.00;85
7462;62;629028914;7462;149;8174;8259;11.09;0.67;236.61;7.82;712;62;2842.00;85
7463;62;629028930;7463;149;8174;8259;10.98;0.66;236.60;7.82;711;62;2843.00;85
7466;62;629028940;7466;153;8183;8271;10.87;0.66;236.64;7.81;717;62;2844.00;88
7467;62;629028952;7467;154;8184;8271;10.82;0.65;236.64;7.81;717;62;2845.00;87
7470;62;629028962;7470;152;8185;8271;10.81;0.65;236.63;7.81;715;62;2846.00;86
7473;62;629028972;7473;157;8185;8271;10.81;0.65;236.72;7.81;712;62;2847.00;86
7474;62;629028983;7474;162;8185;8271;10.84;0.66;236.72;7.81;711;62;2848.00;86
7476;62;629028993;7476;168;8186;8271;10.79;0.65;236.75;7.82;710;62;2849.00;85
7479;62;629029005;7479;172;8189;8274;10.68;0.65;236.78;7.83;710;62;2850.00;85
7481;62;629029016;7481;171;8189;8274;10.62;0.64;236.78;7.83;708;62;2851.00;85
7482;62;629029027;7482;175;8194;8280;10.59;0.64;236.83;7.84;712;62;2852.00;86
7484;62;629029045;7484;183;8197;8281;10.53;0.64;236.92;7.85;713;62;2853.00;84
7489;62;629029056;7489;187;8197;8281;10.45;0.63;236.92;7.85;708;62;2854.00;84
7493;62;629029068;7493;191;8197;8281;10.45;0.63;236.86;7.85;704;62;2855.00;84
7494;62;629029078;7494;197;8202;8285;10.50;0.64;236.85;7.86;708;62;2856.00;83
7495;62;629029089;7495;205;8202;8285;10.46;0.63;236.84;7.86;707;62;2857.00;83
7497;62;629029099;7497;212;8203;8285;10.38;0.63;236.82;7.87;706;62;2858.00;82
7497;62;629029109;7497;214;8205;8286;10.40;0.63;236.82;7.88;708;62;2859.00;81
7499;62;629029119;7499;214;8209;8290;10.28;0.63;236.79;7.88;710;62;2860.00;81
7502;62;629029129;7502;221;8211;8290;10.14;0.62;236.84;7.89;709;62;2861.00;79
7504;62;629029139;7504;224;8213;8293;9.99;0.61;236.82;7.89;709;62;2862.00;80
7504;62;629029149;7504;235;8216;8293;9.89;0.60;236.82;7.90;712;62;2863.00;77
7507;62;629029158;7507;243;8218;8295;9.82;0.60;236.84;7.90;711;62;2864.00;77
7510;62;629029168;7510;246;8219;8295;9.71;0.59;236.83;7.91;709;62;2865.00;76
7513;62;629029177;7513;250;8224;8299;9.61;0.59;236.82;7.91;711;62;2866.00;75
7516;62;629029188;7516;253;8225;8299;9.46;0.58;236.84;7.92;709;62;2867.00;74
7519;62;629029197;7519;251;8225;8299;9.37;0.57;236.85;7.92;706;62;2868.00;74
7520;62;629029208;7520;248;8227;8299;9.30;0.57;236.83;7.93;707;62;2869.00;72
7524;62;629029219;7524;245;8227;8300;9.23;0.56;236.90;7.93;703;62;2870.00;73
7526;62;629029230;7526;239;8230;8301;9.16;0.56;236.90;7.94;704;62;2871.00;71
7532;62;629029240;7532;241;8230;8301;9.08;0.55;236.89;7.94;698;62;2872.00;71
7534;62;629029251;7534;236;8231;8302;9.09;0.55;236.88;7.94;697;62;2873.00;71
7538;62;629029261;7538;229;8233;8302;8.99;0.55;236.83;7.95;695;62;2874.00;69
7541;62;629029271;7541;223;8233;8302;8.98;0.55;236.87;7.95;692;62;2875.00;69
7545;62;629029281;7545;218;8233;8302;8.96;0.54;236.85;7.95;688;62;2876.00;69
7548;62;629029291;7548;214;8235;8302;8.95;0.55;236.95;7.95;687;62;2877.00;67
7551;62;629029300;7551;211;8235;8302;9.02;0.55;236.99;7.95;684;62;2878.00;67
7554;62;629029310;7554;207;8237;8302;9.00;0.55;237.03;7.96;683;62;2879.00;65
7554;62;629029321;7554;249;8338;8532;8.94;0.56;237.03;7.86;784;62;2880.00;194
7559;62;629029351;7559;243;8341;8533;8.85;0.56;237.13;7.86;782;62;2881.00;192
7563;62;629029364;7563;231;8348;8533;8.84;0.55;237.14;7.86;785;62;2882.00;185
7567;62;629029374;7567;233;8356;8533;8.83;0.55;237.19;7.86;789;62;2883.00;177
7571;62;629029385;7571;230;8367;8533;8.86;0.55;237.18;7.85;796;62;2884.00;166
7577;62;629029397;7577;231;8372;8533;8.82;0.55;237.24;7.85;795;62;2885.00;161
7579;62;629029409;7579;231;8380;8533;8.82;0.55;237.23;7.85;801;62;2886.00;153
7584;62;629029420;7584;236;8384;8533;8.74;0.54;237.27;7.85;800;62;2887.00;149
7589;62;629029432;7589;240;8390;8534;8.63;0.54;237.25;7.85;801;62;2888.00;144
7592;62;629029444;7592;247;8395;8535;8.50;0.53;237.25;7.85;803;62;2889.00;140
7597;62;629029454;7597;238;8399;8535;8.40;0.52;237.37;7.85;802;62;2890.00;136
7599;62;629029467;7599;240;8405;8536;8.36;0.52;237.43;7.85;806;62;2891.00;131
7603;62;629029482;7603;239;8410;8536;8.18;0.51;237.47;7.85;807;62;2892.00;126
7608;62;629029493;7608;242;8413;8536;8.02;0.50;237.47;7.85;805;62;2893.00;123
7611;62;629029503;7611;249;8417;8536;7.80;0.49;237.53;7.86;806;62;2894.00;119
7616;62;629029514;7616;253;8423;8540;7.62;0.47;237.55;7.86;807;62;2895.00;117
7620;62;629029525;7620;259;8424;8540;7.49;0.47;237.61;7.86;804;62;2896.00;116
7624;62;629029536;7624;258;8427;8540;7.41;0.46;237.64;7.86;803;62;2897.00;113
7626;62;629029547;7626;255;8428;8543;7.41;0.46;237.65;7.86;802;62;2898.00;115
7630;62;629029558;7630;253;8433;8543;7.43;0.46;237.67;7.87;803;62;2899.00;110
7634;62;629029570;7634;250;8436;8543;7.49;0.46;237.67;7.87;802;62;2900.00;107
7638;62;629029586;7638;251;8442;8547;7.56;0.47;237.68;7.87;804;62;2901.00;105
7644;62;629029598;7644;249;8445;8548;7.64;0.47;237.69;7.88;801;62;2902.00;103
7646;62;629029610;7646;251;8447;8548;7.62;0.47;237.73;7.88;801;62;2903.00;101
7648;62;629029621;7648;252;8452;8552;7.65;0.47;237.78;7.88;804;62;2904.00;100
7656;62;629029632;7656;254;8455;8552;7.53;0.46;237.74;7.89;799;62;2905.00;97
7660;62;629029644;7660;257;8458;8552;7.50;0.46;237.73;7.89;798;62;2906.00;94
7663;62;629029655;7663;269;8462;8553;7.45;0.46;237.73;7.90;799;62;2907.00;91
7665;62;629029671;7665;270;8463;8553;7.46;0.46;237.76;7.90;798;62;2908.00;90
7667;62;629029682;7667;265;8468;8559;7.50;0.46;237.75;7.90;801;62;2909.00;91
7671;62;629029694;7671;265;8470;8559;7.52;0.46;237.81;7.90;799;62;2910.00;89
7673;62;629029705;7673;267;8472;8560;7.60;0.47;237.81;7.91;799;62;2911.00;88
7676;62;629029716;7676;270;8473;8560;7.64;0.47;237.83;7.91;797;62;2912.00;87
7678;62;629029728;7678;280;8475;8560;7.63;0.47;237.83;7.91;797;62;2913.00;85
7679;62;629029738;7679;277;8476;8560;7.61;0.47;237.86;7.92;797;62;2914.00;84
7681;62;629029750;7681;280;8477;8560;7.58;0.47;237.86;7.92;796;62;2915.00;83
7686;62;629029764;7686;291;8487;8572;7.60;0.47;237.84;7.91;801;62;2916.00;85
7687;62;629029777;7687;293;8487;8572;7.57;0.46;237.82;7.91;800;62;2917.00;85
7694;62;629029791;7694;294;8489;8572;7.47;0.46;237.82;8.04;795;62;2918.00;83
7696;62;629029804;7696;306;8490;8572;7.46;0.46;237.83;8.04;794;62;2919.00;82
7698;62;629029822;7698;311;8490;8572;7.45;0.45;237.81;8.04;792;62;2920.00;82
7702;62;629029833;7702;314;8490;8572;7.35;0.45;237.78;8.04;788;62;2921.00;82
7704;62;629029845;7704;315;8493;8576;7.37;0.45;237.81;8.03;789;62;2922.00;83
7707;62;629029863;7707;321;8493;8576;7.34;0.45;237.86;8.03;786;62;2923.00;83
7710;62;629029874;7710;320;8496;8580;7.32;0.45;237.90;8.03;786;62;2924.00;84
7712;62;629029885;7712;328;8498;8582;7.35;0.45;237.90;8.03;786;62;2925.00;84
7717;62;629029897;7717;334;8499;8582;7.29;0.45;237.87;8.03;782;62;2926.00;83
7718;62;629029908;7718;337;8499;8582;7.28;0.45;237.87;8.03;781;62;2927.00;83
7720;62;629029918;7720;338;8509;8595;7.37;0.45;237.87;8.02;789;62;2928.00;86
7723;62;629029934;7723;336;8509;8595;7.31;0.45;237.85;8.02;786;62;2929.00;86
7724;62;629029946;7724;340;8510;8595;7.33;0.45;237.84;8.02;786;62;2930.00;85
7726;62;629029958;7726;343;8511;8596;7.34;0.45;237.84;8.02;785;62;2931.00;85
7728;62;629029968;7728;345;8511;8597;7.32;0.45;237.82;8.02;783;62;2932.00;86
7730;62;629029978;7730;352;8511;8597;7.28;0.45;237.80;8.02;781;62;2933.00;86
7733;62;629029988;7733;359;8513;8600;7.25;0.45;237.74;8.02;780;62;2934.00;87
7734;62;629029998;7734;373;8514;8600;7.26;0.45;237.82;8.02;780;62;2935.00;86
7739;62;629030008;7739;382;8514;8600;7.16;0.44;237.82;8.02;775;62;2936.00;86
7744;62;629030018;7744;372;8514;8600;7.12;0.44;237.78;8.02;770;62;2937.00;86
7746;62;629030028;7746;373;8518;8606;7.14;0.44;237.77;8.01;772;62;2938.00;88
7751;62;629030039;7751;369;8518;8606;7.11;0.43;237.74;8.01;767;62;2939.00;88
7754;62;629030057;7754;363;8519;8606;7.06;0.43;237.75;8.01;765;62;2940.00;87
7757;62;629030067;7757;365;8519;8606;7.00;0.43;237.71;8.01;762;62;2941.00;87
7759;62;629030077;7759;363;8522;8610;7.07;0.43;237.68;8.01;763;62;2942.00;88
7762;62;629030087;7762;368;8523;8611;7.07;0.43;237.63;8.01;761;62;2943.00;88
7764;62;629030098;7764;368;8523;8611;7.04;0.43;237.60;8.01;759;62;2944.00;88
7768;62;629030107;7768;370;8524;8612;6.98;0.43;237.62;8.01;756;62;2945.00;88
7770;62;629030117;7770;356;8524;8612;7.05;0.43;237.61;8.01;754;62;2946.00;88
7773;62;629030127;7773;344;8524;8612;7.04;0.43;237.58;8.01;751;62;2947.00;88
7777;62;629030136;7777;331;8524;8612;7.13;0.43;237.54;8.01;747;62;2948.00;88
7779;62;629030146;7779;321;8524;8612;7.17;0.44;237.51;8.01;745;62;2949.00;88
7779;62;629030160;7779;311;8524;8612;7.19;0.44;237.51;8.01;745;62;2950.00;88
7779;62;629030169;7779;302;8524;8612;7.25;0.44;237.51;8.01;745;62;2951.00;88
7780;62;629030180;7780;308;8559;8682;7.49;0.46;237.52;7.97;779;62;2952.00;123
7780;62;629030195;7780;298;8559;8683;7.58;0.46;237.52;7.97;779;62;2953.00;124
7780;62;629030205;7780;292;8566;8683;7.70;0.47;237.52;7.97;786;62;2954.00;117
7780;62;629030215;7780;275;8569;8683;7.83;0.48;237.52;7.97;789;62;2955.00;114
7782;62;629030226;7782;265;8573;8683;8.01;0.49;237.50;7.97;791;62;2956.00;110
7784;62;629030236;7784;268;8577;8683;8.21;0.50;237.60;7.96;793;62;2957.00;106
7785;62;629030247;7785;262;8581;8683;8.39;0.51;237.58;7.96;796;62;2958.00;102
7787;62;629030258;7787;254;8581;8683;8.49;0.52;237.57;7.96;794;62;2959.00;102
7790;63;629030269;7790;246;8583;8684;8.64;0.53;237.60;7.96;793;63;2960.00;101
7792;63;629030291;7792;234;8584;8685;8.81;0.54;237.59;7.96;792;63;2961.00;101
7795;63;629030302;7795;227;8585;8685;8.97;0.54;237.57;7.96;790;63;2962.00;100
7797;63;629030313;7797;224;8588;8689;9.06;0.55;237.53;7.96;791;63;2963.00;101
7799;63;629030326;7799;215;8588;8689;9.15;0.55;237.50;7.96;789;63;2964.00;101
7799;63;629030344;7799;212;8588;8689;9.26;0.56;237.50;7.96;789;63;2965.00;101
7799;63;629030357;7799;209;8588;8689;9.31;0.56;237.50;7.96;789;63;2966.00;101
7799;63;629030368;7799;203;8591;8695;9.39;0.57;237.50;7.96;792;63;2967.00;104
7801;63;629030385;7801;199;8591;8695;9.43;0.57;237.57;7.96;790;63;2968.00;104
7801;63;629030402;7801;200;8592;8695;9.52;0.58;237.57;7.96;791;63;2969.00;103
7802;63;629030415;7802;191;8595;8701;9.66;0.59;237.58;7.95;793;63;2970.00;106
7803;63;629030434;7803;187;8596;8701;9.79;0.60;237.58;7.95;793;63;2971.00;105
7804;63;629030449;7804;184;8597;8701;9.89;0.60;237.60;8.09;793;63;2972.00;104
7806;63;629030465;7806;185;8598;8702;10.02;0.61;237.59;8.09;792;63;2973.00;104
7809;63;629030480;7809;177;8599;8703;10.17;0.62;237.60;8.09;790;63;2974.00;104
7810;63;629030494;7810;170;8600;8703;10.29;0.62;237.59;8.09;790;63;2975.00;103
7813;63;629030516;7813;162;8608;8716;10.40;0.63;237.57;8.08;795;63;2976.00;108
7815;63;629030529;7815;160;8609;8716;10.54;0.64;237.53;8.08;794;63;2977.00;107
7817;63;629030543;7817;158;8609;8716;10.60;0.64;237.56;8.08;792;63;2978.00;107
7819;63;629030555;7819;156;8610;8717;10.69;0.65;237.57;8.08;791;63;2979.00;107
7820;63;629030568;7820;155;8610;8717;10.66;0.65;237.57;8.08;790;63;2980.00;107
7823;63;629030580;7823;153;8612;8721;10.71;0.65;237.61;8.08;789;63;2981.00;109
7826;63;629030593;7826;156;8612;8721;10.70;0.65;237.67;8.08;786;63;2982.00;109
7827;63;629030605;7827;155;8616;8725;10.67;0.65;237.70;8.07;789;63;2983.00;109
7830;63;629030617;7830;152;8616;8725;10.73;0.65;237.70;8.07;786;63;2984.00;109
7835;63;629030628;7835;159;8616;8725;10.79;0.65;237.75;8.07;781;63;2985.00;109
7837;63;629030640;7837;163;8616;8725;10.86;0.66;237.77;8.07;779;63;2986.00;109
7842;63;629030651;7842;158;8616;8725;10.88;0.66;237.74;8.07;774;63;2987.00;109
7845;63;629030662;7845;154;8627;8737;10.89;0.66;237.81;8.20;782;63;2988.00;110
7849;63;629030673;7849;155;8628;8737;10.95;0.66;237.82;8.20;779;63;2989.00;109
7851;63;629030685;7851;153;8629;8737;10.97;0.66;237.90;8.20;778;63;2990.00;108
7856;63;629030695;7856;159;8629;8737;10.94;0.66;237.95;8.20;773;63;2991.00;108
7861;63;629030706;7861;159;8630;8737;10.88;0.66;238.02;8.34;769;63;2992.00;107
7863;63;629030717;7863;151;8632;8737;10.84;0.66;238.03;8.35;769;63;2993.00;105
7869;63;629030727;7869;152;8634;8738;10.78;0.65;238.06;8.48;765;63;2994.00;104
7870;63;629030739;7870;152;8636;8738;10.77;0.65;238.09;8.50;766;63;2995.00;102
7874;63;629030750;7874;153;8639;8744;10.83;0.65;238.03;8.50;765;63;2996.00;105
7877;63;629030762;7877;152;8642;8745;10.87;0.66;238.12;8.62;765;63;2997.00;103
7880;63;629030774;7880;147;8642;8745;10.92;0.66;238.07;8.62;762;63;2998.00;103
7883;63;629030785;7883;142;8642;8745;10.90;0.66;238.09;8.62;759;63;2999.00;103
7884;63;629030798;7884;140;8646;8765;10.93;0.66;238.07;8.62;762;63;3000.00;119
7889;63;629030815;7889;138;8646;8765;10.94;0.66;238.09;8.62;757;63;3001.00;119
7892;63;629030825;7892;134;8647;8765;10.96;0.66;238.09;8.62;755;63;3002.00;118
7895;63;629030836;7895;128;8648;8766;10.99;0.66;238.12;8.62;753;63;3003.00;118
7898;63;629030847;7898;127;8651;8770;10.90;0.66;238.11;8.62;753;63;3004.00;119
7901;63;629030859;7901;126;8651;8770;10.96;0.66;238.12;8.62;750;63;3005.00;119
7901;63;629030870;7901;128;8654;8773;11.05;0.67;238.12;8.61;753;63;3006.00;119
7903;63;629030881;7903;121;8656;8773;11.10;0.67;238.14;8.62;753;63;3007.00;117
7906;63;629030895;7906;122;8659;8773;11.12;0.68;238.17;8.63;753;63;3008.00;114
7908;63;629030907;7908;130;8659;8773;11.27;0.68;238.19;8.63;751;63;3009.00;114
7912;63;629030917;7912;132;8661;8777;11.35;0.69;238.17;8.64;749;63;3010.00;116
7914;63;629030930;7914;136;8662;8777;11.37;0.69;238.26;8.64;748;63;3011.00;115
7918;63;629030942;7918;138;8666;8777;11.37;0.69;238.32;8.64;748;63;3012.00;111
7919;63;629030953;7919;138;8667;8777;11.41;0.69;238.30;8.64;748;63;3013.00;110
7921;63;629030964;7921;146;8668;8778;11.36;0.69;238.31;8.64;747;63;3014.00;110
7924;63;629030976;7924;146;8673;8780;11.22;0.68;238.39;8.64;749;63;3015.00;107
7926;63;629030987;7926;144;8673;8780;11.16;0.68;238.39;8.64;747;63;3016.00;107
7930;63;629030998;7930;144;8676;8781;11.15;0.68;238.39;8.64;746;63;3017.00;105
7932;63;629031009;7932;140;8676;8781;11.16;0.68;238.39;8.64;744;63;3018.00;105
7935;63;629031020;7935;143;8676;8781;11.17;0.68;238.46;8.64;741;63;3019.00;105
7936;63;629031030;7936;151;8679;8781;11.12;0.68;238.45;8.67;743;63;3020.00;102
7940;63;629031041;7940;156;8679;8781;11.17;0.68;238.49;8.67;739;63;3021.00;102
7942;63;629031052;7942;158;8679;8781;11.18;0.68;238.47;8.67;737;63;3022.00;102
7946;63;629031063;7946;164;8682;8781;11.15;0.68;238.52;8.69;736;63;3023.00;99
7949;63;629031074;7949;186;8751;8908;10.85;0.67;238.51;8.63;802;63;3024.00;157
7951;63;629031096;7951;181;8757;8909;10.76;0.67;238.52;8.64;806;63;3025.00;152
7953;63;629031108;7953;178;8762;8909;10.68;0.66;238.51;8.63;809;63;3026.00;147
7957;63;629031119;7957;179;8768;8909;10.66;0.66;238.50;8.65;811;63;3027.00;141
7963;63;629031131;7963;187;8771;8909;10.56;0.65;238.46;8.65;808;63;3028.00;138
7964;63;629031142;7964;194;8775;8909;10.51;0.65;238.45;8.66;811;63;3029.00;134
7968;63;629031154;7968;197;8779;8909;10.42;0.64;238.41;8.66;811;63;3030.00;130
7972;63;629031165;7972;201;8784;8909;10.32;0.63;238.40;8.68;812;63;3031.00;125
7975;63;629031176;7975;205;8788;8910;10.27;0.63;238.43;8.68;813;63;3032.00;122
7976;63;629031194;7976;211;8791;8911;10.34;0.64;238.40;8.68;815;63;3033.00;120
7980;63;629031205;7980;217;8795;8911;10.32;0.63;238.43;8.69;815;63;3034.00;116
7980;63;629031217;7980;222;8797;8912;10.30;0.63;238.43;8.69;817;63;3035.00;115
7983;63;629031227;7983;226;8802;8912;10.16;0.62;238.44;8.71;819;63;3036.00;110
7986;63;629031239;7986;231;8806;8912;10.05;0.62;238.42;8.71;820;63;3037.00;106
7988;63;629031251;7988;233;8813;8912;9.87;0.61;238.46;8.73;825;63;3038.00;99
7992;63;629031262;7992;234;8817;8916;9.74;0.60;238.45;8.73;825;63;3039.00;99
7995;63;629031273;7995;237;8820;8916;9.65;0.59;238.46;8.74;825;63;3040.00;96
7999;63;629031285;7999;236;8820;8916;9.48;0.58;238.42;8.74;821;63;3041.00;96
8000;63;629031297;8000;242;8825;8919;9.40;0.58;238.47;8.74;825;63;3042.00;94
8002;63;629031309;8002;246;8826;8919;9.32;0.57;238.46;8.74;824;63;3043.00;93
8003;63;629031320;8003;252;8827;8919;9.21;0.57;238.45;8.74;824;63;3044.00;92
8007;63;629031331;8007;257;8830;8923;9.06;0.56;238.50;8.74;823;63;3045.00;93
8008;63;629031343;8008;258;8835;8924;9.01;0.55;238.57;8.75;827;63;3046.00;89
8011;63;629031354;8011;256;8837;8924;8.93;0.55;238.56;8.75;826;63;3047.00;87
8014;63;629031365;8014;258;8842;8928;8.84;0.54;238.54;8.75;828;63;3048.00;86
8020;63;629031376;8020;258;8842;8928;8.79;0.54;238.57;8.75;822;63;3049.00;86
8025;63;629031387;8025;266;8843;8928;8.72;0.53;238.55;8.75;818;63;3050.00;85
8026;63;629031398;8026;272;8844;8929;8.68;0.53;238.54;8.75;818;63;3051.00;85
8033;63;629031407;8033;277;8845;8929;8.56;0.52;238.51;8.76;812;63;3052.00;84
8038;63;629031418;8038;276;8850;8935;8.48;0.52;238.49;8.75;812;63;3053.00;85
8043;63;629031429;8043;277;8850;8935;8.31;0.51;238.51;8.75;807;63;3054.00;85
8046;63;629031439;8046;277;8852;8936;8.14;0.50;238.56;8.75;806;63;3055.00;84
8047;63;629031449;8047;286;8853;8936;8.01;0.49;238.57;8.76;806;63;3056.00;83
8053;63;629031458;8053;289;8854;8936;7.81;0.48;238.58;8.76;801;63;3057.00;82
8057;63;629031469;8057;294;8855;8936;7.63;0.47;238.61;8.76;798;63;3058.00;81
8061;63;629031477;8061;301;8856;8936;7.49;0.46;238.61;8.76;795;63;3059.00;80
8065;63;629031488;8065;303;8881;8972;7.42;0.46;238.62;8.74;816;63;3060.00;91
8071;63;629031500;8071;305;8882;8972;7.31;0.46;238.66;8.74;811;63;3061.00;90
8075;63;629031509;8075;306;8884;8972;7.27;0.45;238.70;8.74;809;63;3062.00;88
8079;63;629031519;8079;304;8887;8972;7.25;0.45;238.70;8.74;808;63;3063.00;85
8082;63;629031528;8082;298;8888;8972;7.21;0.45;238.82;8.74;806;63;3064.00;84
8089;63;629031539;8089;302;8890;8972;7.16;0.44;238.83;8.74;801;63;3065.00;82
8092;63;629031549;8092;301;8893;8976;7.13;0.44;238.85;8.73;801;63;3066.00;83
8096;63;629031559;8096;302;8894;8976;7.17;0.44;238.88;8.73;798;63;3067.00;82
8100;63;629031568;8100;301;8896;8980;7.22;0.45;238.88;8.73;796;63;3068.00;84
8105;63;629031578;8105;301;8899;8981;7.25;0.45;238.96;8.73;794;63;3069.00;82
8108;63;629031588;8108;293;8899;8981;7.27;0.45;238.96;8.73;791;63;3070.00;82
8113;63;629031597;8113;295;8900;8981;7.20;0.45;238.92;8.73;787;63;3071.00;81
8117;63;629031612;8117;288;8911;8994;7.20;0.45;239.08;8.72;794;63;3072.00;83
8122;63;629031622;8122;293;8911;8994;7.13;0.44;239.09;8.72;789;63;3073.00;83
8127;63;629031632;8127;286;8911;8994;7.09;0.44;239.05;8.72;784;63;3074.00;83
8134;63;629031641;8134;280;8912;8995;7.03;0.43;239.11;8.72;778;63;3075.00;83
8136;63;629031650;8136;280;8912;8996;7.04;0.43;239.11;8.72;776;63;3076.00;84
8139;63;629031659;8139;278;8912;8996;7.02;0.43;239.10;8.72;773;63;3077.00;84
8142;63;629031668;8142;280;8914;8999;7.02;0.43;239.11;8.72;772;63;3078.00;85
8146;63;629031678;8146;285;8915;8999;6.95;0.43;239.09;8.72;769;63;3079.00;84
8148;63;629031686;8148;290;8915;8999;6.91;0.42;239.08;8.72;767;63;3080.00;84
8151;63;629031695;8151;295;8915;8999;6.89;0.42;239.09;8.72;764;63;3081.00;84
8153;63;629031705;8153;297;8919;9005;6.88;0.42;239.09;8.71;766;63;3082.00;86
8155;63;629031714;8155;295;8920;9005;6.81;0.42;239.08;8.71;765;63;3083.00;85
8160;63;629031723;8160;305;8920;9005;6.70;0.41;239.04;8.71;760;63;3084.00;85
8162;63;629031732;8162;297;8920;9005;6.66;0.41;239.02;8.71;758;63;3085.00;85
8169;63;629031741;8169;295;8923;9009;6.63;0.40;238.96;8.71;754;63;3086.00;86
8172;63;629031752;8172;301;8924;9010;6.60;0.40;239.05;8.71;752;63;3087.00;86
8176;63;629031761;8176;301;8924;9010;6.49;0.40;239.01;8.71;748;63;3088.00;86
8179;63;629031770;8179;311;8925;9011;6.42;0.39;238.97;8.71;746;63;3089.00;86
8183;63;629031781;8183;316;8925;9011;6.39;0.39;238.92;8.71;742;63;3090.00;86
8186;63;629031790;8186;320;8925;9011;6.43;0.39;238.90;8.71;739;63;3091.00;86
8189;63;629031799;8189;327;8925;9011;6.46;0.39;238.85;8.71;736;63;3092.00;86
8190;63;629031808;8190;327;8925;9011;6.54;0.40;238.83;8.71;735;63;3093.00;86
8192;63;629031817;8192;331;8925;9011;6.51;0.40;238.85;8.71;733;63;3094.00;86
8195;63;629031825;8195;331;8925;9011;6.51;0.40;238.87;8.71;730;63;3095.00;86
8199;63;629031834;8199;345;8966;9081;6.73;0.41;238.88;8.67;767;63;3096.00;115
8200;63;629031849;8200;339;8967;9082;6.77;0.42;238.97;8.67;767;63;3097.00;115
8204;63;629031859;8204;337;8974;9082;6.84;0.42;238.99;8.66;770;63;3098.00;108
8206;63;629031868;8206;339;8979;9082;6.94;0.43;239.00;8.66;773;63;3099.00;103
8206;63;629031879;8206;338;8983;9082;7.04;0.43;239.00;8.66;777;63;3100.00;99
8208;63;629031893;8208;341;8986;9082;7.10;0.43;238.97;8.65;778;63;3101.00;96
8209;63;629031903;8209;344;8988;9082;7.08;0.43;239.00;8.65;779;63;3102.00;94
8213;63;629031913;8213;351;8989;9082;7.01;0.43;239.02;8.65;776;63;3103.00;93
8216;63;629031922;8216;356;8991;9083;6.92;0.42;239.01;8.65;775;63;3104.00;92
8218;63;629031932;8218;361;8993;9085;6.82;0.42;239.01;8.65;775;63;3105.00;92
8218;64;629031941;8218;366;8994;9085;6.68;0.41;239.01;8.65;776;64;3106.00;91
8218;64;629031969;8218;347;8997;9089;6.60;0.40;239.01;8.65;779;64;3107.00;92
8218;64;629031981;8218;341;8997;9089;6.59;0.40;239.01;8.65;779;64;3108.00;92
8218;64;629031992;8218;336;8997;9089;6.64;0.41;239.01;8.65;779;64;3109.00;92
8220;64;629032002;8220;329;8997;9089;6.72;0.41;239.00;8.65;777;64;3110.00;92
8222;65;629032012;8222;326;9002;9095;6.89;0.42;239.08;8.78;780;65;3111.00;93
8223;65;629032034;8223;310;9002;9095;7.01;0.43;239.06;8.78;779;65;3112.00;93
8224;65;629032051;8224;303;9003;9095;7.15;0.44;239.10;8.78;779;65;3113.00;92
8227;65;629032061;8227;292;9005;9098;7.32;0.45;239.09;8.77;778;65;3114.00;93
8231;65;629032072;8231;285;9006;9098;7.44;0.46;239.14;8.77;775;65;3115.00;92
8234;65;629032083;8234;266;9006;9098;7.60;0.46;239.12;8.77;772;65;3116.00;92
8236;65;629032100;8236;243;9006;9099;7.77;0.48;239.10;8.77;770;65;3117.00;93
8238;65;629032112;8238;228;9007;9100;7.96;0.49;239.12;8.77;769;65;3118.00;93
8240;65;629032123;8240;217;9007;9100;8.09;0.49;239.20;8.77;767;65;3119.00;93
8246;65;629032141;8246;214;9027;9126;8.31;0.51;239.22;8.75;781;65;3120.00;99
8248;65;629032154;8248;203;9027;9126;8.48;0.52;239.23;8.75;779;65;3121.00;99
8254;65;629032166;8254;190;9028;9126;8.60;0.52;239.14;8.75;774;65;3122.00;98
8254;65;629032178;8254;183;9030;9127;8.83;0.54;239.14;8.75;776;65;3123.00;97
8255;65;629032190;8255;187;9030;9127;9.05;0.55;239.12;8.75;775;65;3124.00;97
8255;65;629032202;8255;182;9033;9131;9.29;0.56;239.12;8.75;778;65;3125.00;98
8256;65;629032215;8256;169;9033;9131;9.54;0.58;239.14;8.75;777;65;3126.00;98
8260;65;629032230;8260;155;9037;9135;9.73;0.59;239.12;8.74;777;65;3127.00;98
8262;65;629032243;8262;154;9037;9135;9.85;0.60;239.15;8.74;775;65;3128.00;98
8264;65;629032255;8264;148;9037;9135;9.94;0.60;239.16;8.74;773;65;3129.00;98
8266;65;629032267;8266;147;9037;9135;10.02;0.61;239.18;8.74;771;65;3130.00;98
8268;65;629032279;8268;151;9037;9135;10.16;0.62;239.16;8.74;769;65;3131.00;98
8272;65;629032290;8272;155;9046;9147;10.24;0.62;239.15;8.74;774;65;3132.00;101
8273;66;629032304;8273;150;9046;9147;10.35;0.63;239.18;8.74;773;66;3133.00;101
8275;66;629032333;8275;154;9048;9147;10.48;0.64;239.23;8.73;773;66;3134.00;99
8278;66;629032344;8278;157;9048;9147;10.68;0.65;239.26;8.73;770;66;3135.00;99
8281;66;629032357;8281;154;9048;9147;10.78;0.65;239.29;8.73;767;66;3136.00;99
8283;66;629032369;8283;149;9049;9147;10.92;0.66;239.30;8.87;766;66;3137.00;98
8286;68;629032383;8286;141;9049;9148;10.99;0.67;239.29;8.87;763;68;3138.00;99
8289;68;629032427;8289;137;9049;9148;11.05;0.67;239.29;8.87;760;68;3139.00;99
8291;68;629032441;8291;134;9053;9154;11.12;0.67;239.34;8.86;762;68;3140.00;101
8292;68;629032459;8292;130;9054;9155;11.20;0.68;239.35;8.86;762;68;3141.00;101
8295;68;629032475;8295;132;9055;9155;11.37;0.69;239.46;8.86;760;68;3142.00;100
8297;68;629032491;8297;130;9055;9155;11.42;0.69;239.50;8.86;758;68;3143.00;100
8301;68;629032514;8301;129;9058;9159;11.47;0.70;239.53;8.86;757;68;3144.00;101
8302;68;629032528;8302;133;9058;9159;11.51;0.70;239.53;8.86;756;68;3145.00;101
8307;68;629032541;8307;133;9058;9159;11.50;0.70;239.55;8.86;751;68;3146.00;101
8310;68;629032555;8310;136;9059;9160;11.55;0.70;239.59;8.86;749;68;3147.00;101
8314;68;629032568;8314;134;9062;9164;11.55;0.70;239.61;8.86;748;68;3148.00;102
8319;68;629032580;8319;132;9062;9164;11.60;0.70;239.61;8.86;743;68;3149.00;102
8320;68;629032595;8320;128;9065;9170;11.61;0.70;239.61;8.85;745;68;3150.00;105
8324;68;629032607;8324;129;9065;9170;11.63;0.71;239.65;8.85;741;68;3151.00;105
8326;68;629032620;8326;130;9067;9170;11.71;0.71;239.66;8.98;741;68;3152.00;103
8331;68;629032631;8331;128;9067;9170;11.79;0.71;239.68;8.98;736;68;3153.00;103
8335;68;629032643;8335;128;9070;9174;11.83;0.72;239.70;8.98;735;68;3154.00;104
8338;68;629032655;8338;130;9070;9174;11.91;0.72;239.72;8.98;732;68;3155.00;104
8342;68;629032666;8342;133;9071;9174;12.00;0.73;239.70;8.98;729;68;3156.00;103
8346;68;629032678;8346;134;9071;9174;12.06;0.73;239.76;8.98;725;68;3157.00;103
8348;68;629032689;8348;131;9072;9175;12.13;0.74;239.77;8.98;724;68;3158.00;103
8351;68;629032700;8351;126;9073;9176;12.05;0.73;239.79;8.98;722;68;3159.00;103
8355;68;629032711;8355;126;9074;9176;12.06;0.73;239.82;8.98;719;68;3160.00;102
8358;68;629032723;8358;126;9075;9177;12.04;0.73;239.85;8.98;717;68;3161.00;102
8361;68;629032734;8361;121;9075;9177;11.98;0.73;239.86;8.98;714;68;3162.00;102
8366;68;629032745;8366;119;9075;9177;11.92;0.72;239.97;8.98;709;68;3163.00;102
8370;68;629032756;8370;119;9076;9177;11.99;0.73;239.96;8.99;706;68;3164.00;101
8373;68;629032768;8373;117;9078;9177;11.97;0.73;239.96;9.13;705;68;3165.00;99
8378;69;629032778;8378;115;9078;9177;11.96;0.73;240.02;9.13;700;69;3166.00;99
8379;69;629032803;8379;106;9078;9177;12.02;0.73;240.02;9.13;699;69;3167.00;99
8380;69;629032819;8380;131;9144;9304;11.64;0.71;240.07;9.06;764;69;3168.00;160
8383;69;629032839;8383;128;9145;9305;11.70;0.72;240.12;9.06;762;69;3169.00;160
8385;69;629032851;8385;119;9153;9305;11.73;0.72;240.15;9.06;768;69;3170.00;152
8387;69;629032862;8387;116;9159;9305;11.82;0.73;240.12;9.05;772;69;3171.00;146
8392;70;629032872;8392;120;9163;9305;11.87;0.73;240.17;9.05;771;70;3172.00;142
8395;70;629032894;8395;117;9168;9305;11.96;0.73;240.15;9.05;773;70;3173.00;137
8399;70;629032905;8399;115;9172;9305;12.00;0.74;240.22;9.05;773;70;3174.00;133
8402;70;629032916;8402;114;9175;9305;12.06;0.74;240.25;9.05;773;70;3175.00;130
8403;70;629032928;8403;114;9179;9306;12.11;0.74;240.22;9.05;776;70;3176.00;127
8408;71;629032940;8408;117;9181;9307;12.13;0.74;240.23;9.05;773;71;3177.00;126
8414;71;629032965;8414;112;9183;9307;12.21;0.74;240.27;9.05;769;71;3178.00;124
8416;71;629032982;8416;107;9184;9308;12.20;0.74;240.26;9.05;768;71;3179.00;124
8421;71;629032995;8421;102;9188;9308;12.16;0.74;240.32;9.05;767;71;3180.00;120
8425;71;629033006;8425;103;9190;9308;12.09;0.74;240.42;9.18;765;71;3181.00;118
8427;71;629033018;8427;110;9192;9308;12.07;0.74;240.41;9.18;765;71;3182.00;116
8429;71;629033029;8429;113;9197;9312;11.98;0.73;240.41;9.19;768;71;3183.00;115
8433;71;629033042;8433;116;9199;9312;11.97;0.73;240.41;9.19;766;71;3184.00;113
8436;71;629033053;8436;126;9199;9312;11.93;0.73;240.40;9.19;763;71;3185.00;113
8437;71;629033065;8437;131;9204;9315;11.84;0.72;240.45;9.20;767;71;3186.00;111
8440;71;629033077;8440;131;9205;9315;11.80;0.72;240.48;9.20;765;71;3187.00;110
8441;71;629033094;8441;141;9207;9315;11.75;0.72;240.50;9.20;766;71;3188.00;108
8443;71;629033106;8443;147;9211;9319;11.62;0.71;240.52;9.21;768;71;3189.00;108
8447;71;629033117;8447;152;9214;9320;11.51;0.70;240.51;9.22;767;71;3190.00;106
8452;71;629033129;8452;165;9216;9322;11.32;0.69;240.54;9.22;764;71;3191.00;106
8454;71;629033141;8454;170;9221;9326;11.25;0.68;240.51;9.23;767;71;3192.00;105
8458;71;629033153;8458;177;9221;9326;11.11;0.68;240.48;9.23;763;71;3193.00;105
8460;71;629033163;8460;186;9222;9326;11.07;0.67;240.46;9.24;762;71;3194.00;104
8463;71;629033174;8463;195;9225;9328;10.98;0.67;240.44;9.25;762;71;3195.00;103
8464;71;629033185;8464;200;9225;9328;10.94;0.67;240.45;9.25;761;71;3196.00;103
8467;71;629033196;8467;207;9230;9334;10.80;0.66;240.45;9.26;763;71;3197.00;104
8469;71;629033208;8469;208;9231;9334;10.63;0.65;240.46;9.27;762;71;3198.00;103
8471;71;629033218;8471;215;9233;9335;10.40;0.63;240.51;9.27;762;71;3199.00;102
8474;71;629033232;8474;221;9234;9335;10.24;0.62;240.52;9.28;760;71;3200.00;101
8475;71;629033246;8475;225;9235;9335;10.10;0.62;240.51;9.29;760;71;3201.00;100
8478;71;629033257;8478;232;9236;9335;9.93;0.61;240.51;9.30;758;71;3202.00;99
8481;71;629033267;8481;229;9237;9335;9.78;0.60;240.50;9.30;756;71;3203.00;98
8486;71;629033278;8486;235;9248;9347;9.72;0.59;240.49;9.30;762;71;3204.00;99
8487;71;629033289;8487;237;9250;9347;9.60;0.59;240.48;9.31;763;71;3205.00;97
8491;71;629033299;8491;241;9251;9347;9.48;0.58;240.48;9.31;760;71;3206.00;96
8491;71;629033308;8491;252;9253;9347;9.38;0.57;240.48;9.32;762;71;3207.00;94
8496;71;629033318;8496;253;9253;9347;9.22;0.56;240.47;9.32;757;71;3208.00;94
8498;71;629033327;8498;255;9255;9347;9.06;0.55;240.45;9.32;757;71;3209.00;92
8502;71;629033338;8502;256;9258;9351;8.91;0.55;240.53;9.32;756;71;3210.00;93
8504;71;629033349;8504;257;9258;9351;8.82;0.54;240.51;9.32;754;71;3211.00;93
8505;71;629033358;8505;259;9262;9355;8.76;0.54;240.49;9.33;757;71;3212.00;93
8512;71;629033368;8512;266;9263;9356;8.61;0.53;240.47;9.32;751;71;3213.00;93
8514;71;629033378;8514;267;9264;9356;8.51;0.52;240.45;9.32;750;71;3214.00;92
8516;71;629033387;8516;263;9267;9356;8.37;0.51;240.41;9.34;751;71;3215.00;89
8519;71;629033396;8519;267;9278;9369;8.26;0.51;240.41;9.33;759;71;3216.00;91
8520;71;629033407;8520;265;9279;9369;8.22;0.51;240.42;9.33;759;71;3217.00;90
8522;71;629033416;8522;272;9280;9369;8.21;0.50;240.40;9.33;758;71;3218.00;89
8528;71;629033425;8528;275;9283;9370;8.11;0.50;240.39;9.34;755;71;3219.00;87
8530;71;629033435;8530;275;9284;9371;8.03;0.49;240.38;9.34;754;71;3220.00;87
8533;71;629033444;8533;284;9284;9371;7.95;0.49;240.37;9.34;751;71;3221.00;87
8537;71;629033453;8537;280;9288;9374;7.88;0.48;240.39;9.35;751;71;3222.00;86
8541;71;629033462;8541;285;9288;9374;7.76;0.48;240.36;9.35;747;71;3223.00;86
8548;71;629033470;8548;281;9291;9374;7.63;0.47;240.33;9.35;743;71;3224.00;83
8552;71;629033480;8552;279;9291;9374;7.51;0.46;240.31;9.35;739;71;3225.00;83
8553;71;629033488;8553;281;9295;9380;7.46;0.46;240.34;9.35;742;71;3226.00;85
8556;71;629033497;8556;289;9297;9380;7.31;0.45;240.36;9.35;741;71;3227.00;83
8558;71;629033505;8558;294;9299;9380;7.20;0.44;240.33;9.35;741;71;3228.00;81
8561;71;629033513;8561;295;9299;9380;7.09;0.43;240.37;9.35;738;71;3229.00;81
8562;71;629033521;8562;287;9303;9384;6.95;0.43;240.40;9.35;741;71;3230.00;81
8566;71;629033529;8566;291;9304;9385;6.81;0.42;240.36;9.35;738;71;3231.00;81
8568;71;629033538;8568;295;9306;9385;6.72;0.41;240.35;9.35;738;71;3232.00;79
8571;71;629033545;8571;296;9307;9386;6.66;0.41;240.39;9.35;736;71;3233.00;79
8573;71;629033554;8573;294;9307;9386;6.69;0.41;240.49;9.35;734;71;3234.00;79
8576;71;629033561;8576;290;9307;9386;6.71;0.41;240.49;9.35;731;71;3235.00;79
8581;71;629033570;8581;288;9307;9386;6.69;0.41;240.41;9.35;726;71;3236.00;79
8584;71;629033577;8584;285;9307;9386;6.74;0.41;240.42;9.35;723;71;3237.00;79
8585;71;629033592;8585;280;9307;9386;6.82;0.42;240.41;9.35;722;71;3238.00;79
8588;71;629033600;8588;280;9307;9386;6.85;0.42;240.45;9.35;719;71;3239.00;79
8591;71;629033609;8591;275;9368;9511;7.21;0.45;240.46;9.28;777;71;3240.00;143
8595;71;629033626;8595;281;9374;9512;7.23;0.45;240.46;9.28;779;71;3241.00;138
8596;71;629033635;8596;276;9384;9512;7.35;0.46;240.44;9.40;788;71;3242.00;128
8598;71;629033645;8598;273;9387;9512;7.35;0.46;240.45;9.40;789;71;3243.00;125
8603;71;629033654;8603;276;9390;9512;7.28;0.45;240.51;9.40;787;71;3244.00;122
8608;71;629033664;8608;279;9394;9512;7.23;0.45;240.46;9.40;786;71;3245.00;118
8611;71;629033673;8611;285;9396;9512;7.25;0.45;240.45;9.40;785;71;3246.00;116
8616;71;629033681;8616;288;9401;9512;7.22;0.44;240.48;9.39;785;71;3247.00;111
8616;71;629033691;8616;285;9408;9513;7.28;0.45;240.48;9.39;792;71;3248.00;105
8619;71;629033699;8619;282;9410;9514;7.27;0.45;240.50;9.39;791;71;3249.00;104
8621;71;629033709;8621;279;9413;9514;7.26;0.45;240.51;9.39;792;71;3250.00;101
8624;71;629033718;8624;283;9416;9518;7.27;0.45;240.50;9.39;792;71;3251.00;102
8628;71;629033727;8628;283;9418;9518;7.16;0.44;240.49;9.39;790;71;3252.00;100
8633;71;629033742;8633;287;9418;9518;7.10;0.43;240.48;9.39;785;71;3253.00;100
8637;71;629033752;8637;288;9419;9518;7.03;0.43;240.49;9.39;782;71;3254.00;99
8640;71;629033761;8640;294;9423;9524;6.98;0.43;240.50;9.39;783;71;3255.00;101
8642;71;629033771;8642;296;9423;9524;6.99;0.43;240.49;9.39;781;71;3256.00;101
8643;71;629033781;8643;304;9425;9524;6.94;0.43;240.51;9.39;782;71;3257.00;99
8647;71;629033789;8647;312;9428;9527;6.84;0.42;240.59;9.39;781;71;3258.00;99
8648;71;629033800;8648;296;9428;9527;6.85;0.42;240.56;9.39;780;71;3259.00;99
8652;71;629033809;8652;291;9429;9527;6.82;0.42;240.69;9.39;777;71;3260.00;98
8656;71;629033819;8656;286;9430;9528;6.86;0.42;240.68;9.39;774;71;3261.00;98
8659;71;629033828;8659;285;9431;9529;6.97;0.43;240.66;9.39;772;71;3262.00;98
8661;71;629033839;8661;282;9431;9529;7.04;0.43;240.68;9.39;770;71;3263.00;98
8663;71;629033849;8663;280;9442;9542;7.18;0.44;240.67;9.37;779;71;3264.00;100
8664;71;629033860;8664;277;9442;9542;7.22;0.44;240.71;9.37;778;71;3265.00;100
8666;71;629033875;8666;278;9442;9542;7.29;0.45;240.71;9.37;776;71;3266.00;100
8668;71;629033885;8668;275;9443;9543;7.35;0.45;240.74;9.37;775;71;3267.00;100
8671;71;629033895;8671;287;9443;9543;7.41;0.45;240.74;9.37;772;71;3268.00;100
8676;71;629033905;8676;288;9446;9547;7.47;0.46;240.72;9.37;770;71;3269.00;101
8681;71;629033918;8681;290;9446;9547;7.53;0.46;240.69;9.37;765;71;3270.00;101
8684;71;629033933;8684;287;9450;9551;7.58;0.46;240.68;9.37;766;71;3271.00;101
8685;71;629033954;8685;285;9450;9551;7.57;0.46;240.69;9.37;765;71;3272.00;101
8687;71;629033964;8687;281;9450;9551;7.62;0.47;240.71;9.37;763;71;3273.00;101
8688;71;629033975;8688;277;9450;9551;7.64;0.47;240.70;9.37;762;71;3274.00;101
8690;71;629033985;8690;275;9450;9551;7.69;0.47;240.67;9.37;760;71;3275.00;101
8691;71;629033994;8691;284;9459;9563;7.88;0.48;240.69;9.36;768;71;3276.00;104
8692;71;629034006;8692;270;9459;9563;7.99;0.49;240.69;9.36;767;71;3277.00;104
8692;71;629034016;8692;262;9461;9563;8.17;0.50;240.69;9.36;769;71;3278.00;102
8695;71;629034027;8695;263;9461;9563;8.26;0.50;240.68;9.36;766;71;3279.00;102
8697;71;629034037;8697;248;9461;9563;8.36;0.51;240.67;9.36;764;71;3280.00;102
8700;71;629034048;8700;245;9461;9563;8.48;0.52;240.64;9.36;761;71;3281.00;102
8704;71;629034059;8704;238;9461;9564;8.62;0.53;240.59;9.36;757;71;3282.00;103
8706;71;629034070;8706;230;9461;9564;8.78;0.54;240.55;9.36;755;71;3283.00;103
8708;71;629034081;8708;225;9465;9570;8.96;0.55;240.56;9.35;757;71;3284.00;105
8708;71;629034093;8708;225;9467;9572;9.15;0.56;240.56;9.35;759;71;3285.00;105
8711;71;629034110;8711;201;9468;9572;9.27;0.56;240.58;9.35;757;71;3286.00;104
8715;71;629034121;8715;184;9468;9572;9.37;0.57;240.65;9.35;753;71;3287.00;104
8717;71;629034138;8717;173;9472;9576;9.47;0.58;240.65;9.48;755;71;3288.00;104
8720;71;629034154;8720;164;9472;9576;9.56;0.58;240.67;9.48;752;71;3289.00;104
8723;71;629034166;8723;157;9472;9576;9.70;0.59;240.75;9.48;749;71;3290.00;104
8727;71;629034178;8727;143;9473;9577;9.89;0.60;240.78;9.48;746;71;3291.00;104
8729;71;629034190;8729;132;9476;9581;10.08;0.61;240.82;9.48;747;71;3292.00;105
8734;71;629034202;8734;127;9476;9581;10.25;0.62;240.87;9.48;742;71;3293.00;105
8736;71;629034213;8736;123;9478;9584;10.53;0.64;240.90;9.48;742;71;3294.00;106
8739;71;629034226;8739;123;9478;9584;10.67;0.65;240.93;9.48;739;71;3295.00;106
8743;71;629034238;8743;117;9479;9584;10.75;0.65;240.99;9.47;736;71;3296.00;105
8744;71;629034250;8744;120;9479;9584;10.93;0.66;240.97;9.47;735;71;3297.00;105
8748;71;629034262;8748;121;9482;9588;11.07;0.67;241.01;9.47;734;71;3298.00;106
8752;71;629034274;8752;125;9482;9588;11.17;0.68;241.02;9.47;730;71;3299.00;106
8753;71;629034288;8753;130;9486;9607;11.22;0.68;241.00;9.47;733;71;3300.00;121
8757;71;629034307;8757;126;9486;9607;11.30;0.69;241.03;9.47;729;71;3301.00;121
8759;71;629034322;8759;130;9487;9608;11.37;0.69;241.06;9.47;728;71;3302.00;121
8759;71;629034334;8759;129;9488;9609;11.48;0.70;241.06;9.47;729;71;3303.00;121
8761;71;629034346;8761;131;9488;9609;11.45;0.70;241.09;9.47;727;71;3304.00;121
8768;71;629034359;8768;133;9489;9610;11.47;0.70;241.13;9.47;721;71;3305.00;121
8769;71;629034370;8769;136;9490;9610;11.45;0.70;241.12;9.47;721;71;3306.00;120
8774;71;629034382;8774;133;9490;9610;11.42;0.69;241.10;9.47;716;71;3307.00;120
8776;71;629034394;8776;134;9491;9610;11.44;0.69;241.14;9.47;715;71;3308.00;119
8780;71;629034405;8780;131;9491;9610;11.52;0.70;241.17;9.47;711;71;3309.00;119
8782;71;629034417;8782;130;9491;9610;11.61;0.71;241.19;9.47;709;71;3310.00;119
8784;71;629034434;8784;128;9492;9610;11.72;0.71;241.21;9.59;708;71;3311.00;118
8787;71;629034457;8787;152;9564;9737;11.41;0.70;241.26;9.52;777;71;3312.00;173
8789;71;629034485;8789;138;9565;9738;11.40;0.70;241.24;9.52;776;71;3313.00;173
8793;71;629034500;8793;130;9569;9738;11.52;0.71;241.26;9.52;776;71;3314.00;169
8794;71;629034528;8794;122;9570;9738;11.61;0.72;241.25;9.52;776;71;3315.00;168
8798;71;629034542;8798;121;9572;9738;11.69;0.72;241.30;9.52;774;71;3316.00;166
8800;71;629034555;8800;122;9575;9738;11.77;0.72;241.33;9.52;775;71;3317.00;163
8802;71;629034567;8802;126;9577;9738;11.76;0.72;241.32;9.52;775;71;3318.00;161
8805;71;629034579;8805;131;9579;9738;11.79;0.73;241.34;9.52;774;71;3319.00;159
8811;71;629034591;8811;134;9582;9739;11.78;0.72;241.37;9.52;771;71;3320.00;157
8813;71;629034603;8813;136;9584;9740;11.78;0.72;241.37;9.52;771;71;3321.00;156
8818;71;629034615;8818;140;9586;9740;11.74;0.72;241.37;9.52;768;71;3322.00;154
8819;71;629034627;8819;148;9589;9741;11.70;0.72;241.36;9.52;770;71;3323.00;152
8823;71;629034638;8823;148;9592;9741;11.64;0.71;241.39;9.52;769;71;3324.00;149
8825;71;629034650;8825;153;9594;9741;11.64;0.71;241.40;9.52;769;71;3325.00;147
8829;71;629034661;8829;157;9598;9741;11.59;0.71;241.40;9.64;769;71;3326.00;143
8830;71;629034679;8830;157;9600;9745;11.63;0.71;241.38;9.64;770;71;3327.00;145
8833;71;629034691;8833;167;9604;9745;11.63;0.71;241.39;9.65;771;71;3328.00;141
8837;71;629034702;8837;163;9607;9745;11.59;0.71;241.39;9.77;770;71;3329.00;138
8842;71;629034715;8842;167;9610;9751;11.55;0.70;241.39;9.77;768;71;3330.00;141
8845;71;629034728;8845;163;9611;9751;11.54;0.70;241.42;9.77;766;71;3331.00;140
8848;71;629034740;8848;159;9613;9751;11.47;0.70;241.42;9.89;765;71;3332.00;138
8853;71;629034751;8853;157;9617;9755;11.43;0.70;241.48;9.89;764;71;3333.00;138
8856;71;629034763;8856;151;9621;9756;11.44;0.70;241.47;9.89;765;71;3334.00;135
8861;71;629034775;8861;151;9622;9756;11.44;0.70;241.51;9.90;761;71;3335.00;134
8865;71;629034787;8865;148;9625;9760;11.42;0.69;241.53;9.91;760;71;3336.00;135
8869;71;629034807;8869;149;9626;9760;11.51;0.70;241.53;9.91;757;71;3337.00;134
8872;71;629034818;8872;148;9627;9760;11.53;0.70;241.53;9.91;755;71;3338.00;133
8879;71;629034829;8879;148;9628;9761;11.60;0.70;241.51;9.91;749;71;3339.00;133
8881;71;629034847;8881;145;9630;9761;11.66;0.71;241.52;9.91;749;71;3340.00;131
8883;71;629034858;8883;143;9634;9767;11.75;0.71;241.51;9.92;751;71;3341.00;133
8887;71;629034869;8887;142;9635;9767;11.77;0.71;241.51;9.92;748;71;3342.00;132
8891;71;629034880;8891;136;9636;9768;11.78;0.71;241.49;9.93;745;71;3343.00;132
8893;71;629034892;8893;142;9636;9768;11.84;0.72;241.47;9.93;743;71;3344.00;132
8899;71;629034903;8899;142;9637;9768;11.80;0.71;241.51;9.93;738;71;3345.00;131
8903;71;629034914;8903;147;9638;9768;11.75;0.71;241.54;9.93;735;71;3346.00;130
8907;71;629034926;8907;146;9638;9768;11.69;0.71;241.52;9.93;731;71;3347.00;130
8910;71;629034937;8910;151;9648;9780;11.54;0.70;241.56;9.92;738;71;3348.00;132
8911;71;629034949;8911;157;9653;9780;11.39;0.69;241.55;9.93;742;71;3349.00;127
8914;71;629034960;8914;153;9654;9780;11.28;0.68;241.60;9.93;740;71;3350.00;126
8918;71;629034971;8918;155;9658;9780;11.04;0.67;241.57;9.94;740;71;3351.00;122
8919;71;629034981;8919;157;9659;9780;10.88;0.66;241.59;9.94;740;71;3352.00;121
8920;71;629034992;8920;160;9660;9780;10.75;0.65;241.59;9.94;740;71;3353.00;120
8922;71;629035002;8922;164;9664;9784;10.69;0.64;241.58;9.94;742;71;3354.00;120
8924;71;629035013;8924;168;9665;9784;10.62;0.64;241.60;9.94;741;71;3355.00;119
8925;71;629035024;8925;166;9668;9788;10.66;0.64;241.59;9.94;743;71;3356.00;120
8928;71;629035035;8928;166;9670;9789;10.66;0.64;241.72;9.94;742;71;3357.00;119
8929;71;629035046;8929;173;9671;9789;10.65;0.64;241.71;10.06;742;71;3358.00;118
8933;71;629035056;8933;177;9671;9789;10.55;0.64;241.74;10.06;738;71;3359.00;118
8935;71;629035068;8935;187;9689;9818;10.41;0.63;241.77;10.04;754;71;3360.00;129
8938;71;629035080;8938;192;9693;9818;10.31;0.62;241.80;10.06;755;71;3361.00;125
8941;71;629035091;8941;201;9696;9818;10.19;0.62;241.78;10.06;755;71;3362.00;122
8945;71;629035101;8945;207;9700;9819;10.05;0.61;241.79;10.08;755;71;3363.00;119
8946;71;629035117;8946;215;9702;9820;9.95;0.60;241.84;10.08;756;71;3364.00;118
8951;71;629035127;8951;221;9704;9820;9.82;0.59;241.84;10.10;753;71;3365.00;116
8953;71;629035137;8953;226;9707;9823;9.76;0.59;241.83;10.09;754;71;3366.00;116
8954;71;629035148;8954;233;9708;9823;9.71;0.59;241.84;10.10;754;71;3367.00;115
8955;71;629035158;8955;240;9709;9823;9.67;0.59;241.82;10.11;754;71;3368.00;114
8956;71;629035168;8956;250;9709;9823;9.68;0.59;241.86;10.11;753;71;3369.00;114
8959;71;629035178;8959;257;9716;9829;9.58;0.58;241.92;10.12;757;71;3370.00;113
8959;71;629035188;8959;266;9716;9829;9.43;0.57;241.92;10.12;757;71;3371.00;113
8962;71;629035197;8962;272;9717;9829;9.26;0.57;241.93;10.13;755;71;3372.00;112
8962;71;629035207;8962;278;9718;9829;9.13;0.56;241.93;10.14;756;71;3373.00;111
8963;71;629035222;8963;280;9722;9833;8.96;0.55;241.96;10.14;759;71;3374.00;111
8964;71;629035231;8964;289;9725;9835;8.74;0.54;241.95;10.14;761;71;3375.00;110
8964;71;629035241;8964;298;9726;9835;8.54;0.53;241.95;10.15;762;71;3376.00;109
8967;71;629035250;8967;308;9727;9836;8.40;0.52;241.93;10.15;760;71;3377.00;109
8970;71;629035259;8970;313;9728;9836;8.26;0.51;241.93;10.15;758;71;3378.00;108
8971;71;629035268;8971;313;9728;9836;8.16;0.50;241.91;10.15;757;71;3379.00;108
8973;71;629035277;8973;310;9729;9836;8.06;0.50;241.89;10.16;756;71;3380.00;107
8978;71;629035286;8978;308;9733;9836;7.97;0.49;241.83;10.19;755;71;3381.00;103
8979;71;629035295;8979;303;9734;9836;7.90;0.49;241.84;10.19;755;71;3382.00;102
8979;71;629035305;8979;304;9736;9836;7.87;0.49;241.84;10.20;757;71;3383.00;100
8980;71;629035314;8980;311;9774;9906;7.98;0.49;241.83;10.16;794;71;3384.00;132
8983;71;629035328;8983;306;9775;9907;7.85;0.49;241.86;10.16;792;71;3385.00;132
8983;71;629035338;8983;307;9785;9907;7.88;0.49;241.86;10.16;802;71;3386.00;122
8989;71;629035346;8989;309;9790;9907;7.82;0.48;241.86;10.15;801;71;3387.00;117
8990;71;629035356;8990;310;9796;9907;7.84;0.48;241.84;10.16;806;71;3388.00;111
8993;71;629035365;8993;312;9802;9907;7.78;0.48;241.79;10.16;809;71;3389.00;105
8994;71;629035375;8994;322;9806;9907;7.73;0.48;241.78;10.16;812;71;3390.00;101
8997;71;629035384;8997;330;9807;9907;7.56;0.47;241.73;10.16;810;71;3391.00;100
9001;71;629035393;9001;332;9809;9908;7.44;0.46;241.70;10.16;808;71;3392.00;99
9004;71;629035402;9004;341;9811;9909;7.28;0.45;241.69;10.16;807;71;3393.00;98
9009;71;629035411;9009;343;9811;9909;7.06;0.43;241.65;10.16;802;71;3394.00;98
9013;71;629035420;9013;349;9814;9913;6.89;0.42;241.64;10.16;801;71;3395.00;99
9020;72;629035430;9020;353;9815;9913;6.67;0.41;241.54;10.16;795;72;3396.00;98
9023;72;629035450;9023;354;9815;9913;6.52;0.40;241.53;10.16;792;72;3397.00;98
9025;72;629035459;9025;361;9816;9913;6.39;0.39;241.49;10.17;791;72;3398.00;97
9028;72;629035468;9028;369;9821;9919;6.27;0.38;241.48;10.16;793;72;3399.00;98
9029;72;629035477;9029;367;9822;9919;6.16;0.38;241.50;10.16;793;72;3400.00;97
9031;72;629035490;9031;367;9823;9919;6.05;0.37;241.54;10.17;792;72;3401.00;96
9032;72;629035499;9032;370;9825;9922;5.95;0.37;241.53;10.16;793;72;3402.00;97
9038;72;629035508;9038;367;9826;9922;5.81;0.36;241.53;10.17;788;72;3403.00;96
9040;72;629035517;9040;369;9826;9922;5.77;0.36;241.55;10.17;786;72;3404.00;96
9041;72;629035525;9041;369;9827;9923;5.77;0.36;241.54;10.17;786;72;3405.00;96
9043;72;629035534;9043;370;9830;9924;5.78;0.36;241.55;10.17;787;72;3406.00;94
9048;72;629035543;9048;362;9830;9924;5.78;0.36;241.55;10.17;782;72;3407.00;94
9052;72;629035552;9052;353;9840;9937;5.83;0.36;241.51;10.16;788;72;3408.00;97
9054;72;629035561;9054;350;9841;9937;5.87;0.36;241.51;10.16;787;72;3409.00;96
9056;72;629035570;9056;353;9841;9937;5.97;0.37;241.60;10.16;785;72;3410.00;96
9059;72;629035578;9059;333;9842;9938;6.07;0.37;241.65;10.16;783;72;3411.00;96
9063;72;629035589;9063;317;9842;9938;6.14;0.37;241.62;10.16;779;72;3412.00;96
9065;72;629035598;9065;304;9846;9942;6.26;0.38;241.64;10.15;781;72;3413.00;96
9068;72;629035607;9068;303;9846;9942;6.34;0.39;241.66;10.15;778;72;3414.00;96
9071;72;629035616;9071;297;9849;9946;6.49;0.39;241.62;10.15;778;72;3415.00;97
9074;72;629035626;9074;291;9849;9946;6.62;0.40;241.65;10.15;775;72;3416.00;97
9076;72;629035635;9076;287;9849;9946;6.75;0.41;241.65;10.15;773;72;3417.00;97
9077;72;629035651;9077;280;9849;9946;6.89;0.42;241.66;10.15;772;72;3418.00;97
9081;72;629035666;9081;274;9849;9946;7.00;0.43;241.63;10.15;768;72;3419.00;97
9082;72;629035678;9082;274;9874;9980;7.30;0.45;241.62;10.12;792;72;3420.00;106
9086;72;629035691;9086;272;9874;9980;7.36;0.45;241.65;10.12;788;72;3421.00;106
9090;72;629035700;9090;269;9875;9980;7.42;0.45;241.67;10.12;785;72;3422.00;105
9091;72;629035711;9091;267;9876;9980;7.55;0.46;241.65;10.12;785;72;3423.00;104
9094;72;629035720;9094;251;9876;9980;7.63;0.47;241.69;10.12;782;72;3424.00;104
9097;72;629035731;9097;251;9877;9980;7.72;0.47;241.66;10.12;780;72;3425.00;103
9100;72;629035742;9100;244;9877;9981;7.75;0.47;241.63;10.12;777;72;3426.00;104
9102;72;629035751;9102;238;9878;9981;7.78;0.47;241.68;10.12;776;72;3427.00;103
9104;72;629035761;9104;236;9881;9987;7.89;0.48;241.78;10.12;777;72;3428.00;106
9106;72;629035772;9106;239;9883;9988;8.01;0.49;241.80;10.12;777;72;3429.00;105
9109;72;629035782;9109;242;9884;9988;8.07;0.49;241.83;10.12;775;72;3430.00;104
9112;72;629035792;9112;240;9884;9988;8.16;0.50;241.91;10.12;772;72;3431.00;104
9118;72;629035803;9118;242;9887;9992;8.22;0.50;241.89;10.11;769;72;3432.00;105
9121;72;629035814;9121;239;9887;9992;8.25;0.50;241.93;10.11;766;72;3433.00;105
9125;72;629035825;9125;241;9887;9992;8.27;0.51;241.95;10.11;762;72;3434.00;105
9129;72;629035836;9129;241;9889;9993;8.33;0.51;241.92;10.24;760;72;3435.00;104
9131;72;629035847;9131;241;9892;9997;8.46;0.52;241.90;10.24;761;72;3436.00;105
9134;72;629035859;9134;238;9892;9997;8.42;0.51;241.91;10.24;758;72;3437.00;105
9138;72;629035869;9138;242;9894;10000;8.50;0.52;241.90;10.23;756;72;3438.00;106
9141;72;629035881;9141;241;9895;10000;8.58;0.52;241.90;10.23;754;72;3439.00;105
9145;72;629035891;9145;245;9895;10000;8.64;0.53;241.89;10.23;750;72;3440.00;105
9149;72;629035902;9149;249;9895;10000;8.57;0.52;241.89;10.23;746;72;3441.00;105
9151;72;629035912;9151;253;9898;10004;8.63;0.52;241.92;10.23;747;72;3442.00;106
9156;72;629035923;9156;253;9898;10004;8.66;0.52;241.89;10.23;742;72;3443.00;106
9162;72;629035934;9162;250;9899;10004;8.61;0.52;241.93;10.23;737;72;3444.00;105
9163;72;629035945;9163;250;9899;10004;8.57;0.52;241.95;10.23;736;72;3445.00;105
9167;72;629035955;9167;249;9899;10005;8.54;0.52;241.99;10.23;732;72;3446.00;106
9169;72;629035965;9169;239;9900;10006;8.62;0.52;242.04;10.23;731;72;3447.00;106
9171;72;629035976;9171;229;9900;10006;8.65;0.52;242.05;10.23;729;72;3448.00;106
9173;72;629035986;9173;216;9901;10007;8.75;0.53;242.09;10.23;728;72;3449.00;106
9177;72;629035999;9177;210;9901;10007;8.88;0.54;242.11;10.23;724;72;3450.00;106
9181;72;629036010;9181;208;9901;10007;8.87;0.54;242.22;10.23;720;72;3451.00;106
9187;72;629036026;9187;206;9901;10007;8.88;0.54;242.25;10.23;714;72;3452.00;106
9191;72;629036038;9191;209;9901;10007;8.91;0.54;242.29;10.23;710;72;3453.00;106
9195;72;629036048;9195;206;9901;10007;8.91;0.54;242.33;10.23;706;72;3454.00;106
9199;72;629036059;9199;196;9901;10007;9.00;0.55;242.47;10.23;702;72;3455.00;106
9203;72;629036070;9203;207;9972;10134;9.07;0.56;242.53;10.16;769;72;3456.00;162
9203;72;629036097;9203;182;9974;10135;9.27;0.57;242.53;10.15;771;72;3457.00;161
9209;72;629036109;9209;167;9981;10135;9.48;0.58;242.60;10.15;772;72;3458.00;154
9214;72;629036121;9214;158;9983;10135;9.67;0.60;242.65;10.15;769;72;3459.00;152
9216;72;629036133;9216;143;9987;10135;9.92;0.61;242.64;10.14;771;72;3460.00;148
9223;72;629036145;9223;138;9988;10135;10.08;0.62;242.68;10.14;765;72;3461.00;147
9225;72;629036157;9225;134;9993;10135;10.32;0.63;242.66;10.14;768;72;3462.00;142
9227;72;629036169;9227;124;9995;10135;10.47;0.64;242.71;10.14;768;72;3463.00;140
9231;72;629036181;9231;133;9999;10136;10.62;0.65;242.72;10.14;768;72;3464.00;137
9234;72;629036194;9234;129;10002;10138;10.67;0.65;242.75;10.14;768;72;3465.00;136
9237;72;629036205;9237;131;10005;10138;10.79;0.66;242.80;10.14;768;72;3466.00;133
9239;72;629036217;9239;128;10008;10139;10.85;0.67;242.80;10.14;769;72;3467.00;131
9244;72;629036229;9244;126;10010;10139;10.86;0.67;242.81;10.14;766;72;3468.00;129
9246;72;629036242;9246;130;10014;10139;11.00;0.68;242.84;10.14;768;72;3469.00;125
9249;72;629036254;9249;130;10016;10139;11.12;0.68;242.83;10.14;767;72;3470.00;123
9253;72;629036266;9253;134;10020;10143;11.13;0.68;242.85;10.14;767;72;3471.00;123
9255;72;629036278;9255;136;10023;10143;11.18;0.69;242.88;10.14;768;72;3472.00;120
9259;72;629036290;9259;140;10024;10143;11.21;0.68;242.93;10.14;765;72;3473.00;119
9260;72;629036308;9260;144;10026;10146;11.26;0.69;242.95;10.14;766;72;3474.00;120
9264;72;629036321;9264;141;10027;10146;11.30;0.69;242.99;10.14;763;72;3475.00;119
9268;72;629036333;9268;144;10028;10146;11.32;0.69;243.09;10.14;760;72;3476.00;118
9272;72;629036345;9272;145;10032;10150;11.34;0.69;243.09;10.14;760;72;3477.00;118
9275;72;629036357;9275;148;10033;10151;11.37;0.69;243.14;10.13;758;72;3478.00;118
9277;72;629036369;9277;152;10033;10151;11.45;0.70;243.15;10.13;756;72;3479.00;118
9280;72;629036382;9280;159;10037;10156;11.51;0.70;243.18;10.13;757;72;3480.00;119
9281;72;629036394;9281;158;10037;10156;11.60;0.71;243.21;10.13;756;72;3481.00;119
9284;72;629036406;9284;154;10037;10156;11.70;0.71;243.20;10.13;753;72;3482.00;119
9286;72;629036417;9286;151;10038;10157;11.72;0.71;243.21;10.13;752;72;3483.00;119
9287;72;629036433;9287;150;10038;10157;11.64;0.71;243.21;10.13;751;72;3484.00;119
9290;72;629036465;9290;150;10042;10163;11.63;0.71;243.26;10.13;752;72;3485.00;121
9292;72;629036482;9292;153;10042;10163;11.67;0.71;243.25;10.13;750;72;3486.00;121
9295;72;629036496;9295;151;10043;10164;11.73;0.71;243.28;10.12;748;72;3487.00;121
9300;72;629036511;9300;153;10043;10164;11.79;0.72;243.29;10.12;743;72;3488.00;121
9303;72;629036526;9303;153;10043;10164;11.81;0.72;243.27;10.12;740;72;3489.00;121
9305;72;629036548;9305;153;10043;10164;11.70;0.71;243.28;10.12;738;72;3490.00;121
9310;72;629036561;9310;152;10043;10164;11.65;0.71;243.27;10.12;733;72;3491.00;121
9311;72;629036572;9311;151;10053;10176;11.67;0.71;243.30;10.11;742;72;3492.00;123
9313;72;629036585;9313;147;10054;10176;11.64;0.71;243.34;10.11;741;72;3493.00;122
9318;72;629036597;9318;148;10054;10176;11.66;0.71;243.32;10.11;736;72;3494.00;122
9323;72;629036609;9323;148;10054;10176;11.72;0.71;243.37;10.11;731;72;3495.00;122
9328;73;629036620;9328;147;10054;10176;11.78;0.72;243.39;10.11;726;73;3496.00;122
9335;73;629036648;9335;150;10054;10176;11.80;0.72;243.40;10.11;719;73;3497.00;122
9338;73;629036659;9338;154;10057;10180;11.78;0.72;243.44;10.11;719;73;3498.00;123
9341;73;629036671;9341;151;10057;10180;11.86;0.72;243.48;10.11;716;73;3499.00;123
9345;73;629036682;9345;146;10060;10184;11.77;0.71;243.48;10.11;715;73;3500.00;124
9351;73;629036696;9351;147;10062;10185;11.72;0.71;243.50;10.11;711;73;3501.00;123
9354;73;629036706;9354;151;10062;10185;11.73;0.71;243.50;10.11;708;73;3502.00;123
9359;73;629036717;9359;148;10062;10185;11.66;0.71;243.50;10.11;703;73;3503.00;123
9362;73;629036727;9362;157;10073;10198;11.57;0.70;243.53;10.24;711;73;3504.00;125
9363;73;629036740;9363;149;10073;10198;11.49;0.70;243.51;10.24;710;73;3505.00;125
9366;73;629036750;9366;146;10075;10198;11.48;0.70;243.53;10.25;709;73;3506.00;123
9367;73;629036760;9367;144;10076;10199;11.51;0.70;243.53;10.25;709;73;3507.00;123
9369;73;629036769;9369;138;10076;10200;11.53;0.70;243.54;10.25;707;73;3508.00;124
9373;73;629036779;9373;134;10076;10200;11.60;0.70;243.62;10.25;703;73;3509.00;124
9378;73;629036790;9378;133;10079;10206;11.58;0.70;243.57;10.25;701;73;3510.00;127
9380;73;629036802;9380;132;10080;10206;11.66;0.71;243.60;10.25;700;73;3511.00;126
9384;73;629036812;9384;132;10081;10206;11.70;0.71;243.58;10.25;697;73;3512.00;125
9385;73;629036822;9385;134;10081;10206;11.75;0.71;243.57;10.25;696;73;3513.00;125
9388;73;629036832;9388;132;10085;10212;11.80;0.72;243.60;10.24;697;73;3514.00;127
9392;73;629036843;9392;136;10086;10212;11.73;0.71;243.55;10.25;694;73;3515.00;126
9396;73;629036853;9396;137;10088;10212;11.73;0.71;243.57;10.25;692;73;3516.00;124
9399;73;629036863;9399;136;10088;10212;11.58;0.70;243.61;10.25;689;73;3517.00;124
9404;73;629036873;9404;139;10092;10216;11.44;0.69;243.66;10.25;688;73;3518.00;124
9405;73;629036884;9405;140;10094;10219;11.35;0.69;243.66;10.25;689;73;3519.00;125
9407;73;629036894;9407;144;10095;10219;11.25;0.68;243.63;10.25;688;73;3520.00;124
9408;73;629036904;9408;156;10096;10220;11.24;0.68;243.63;10.25;688;73;3521.00;124
9410;73;629036914;9410;162;10096;10220;11.20;0.68;243.66;10.25;686;73;3522.00;124
9411;73;629036924;9411;166;10096;10220;11.19;0.68;243.66;10.25;685;73;3523.00;124
9412;73;629036933;9412;170;10096;10220;11.14;0.68;243.70;10.25;684;73;3524.00;124
9414;73;629036943;9414;177;10096;10220;11.14;0.68;243.72;10.25;682;73;3525.00;124
9416;73;629036952;9416;182;10097;10220;11.08;0.67;243.73;10.26;681;73;3526.00;123
9417;73;629036962;9417;182;10097;10220;11.06;0.67;243.72;10.26;680;73;3527.00;123
9419;73;629036972;9419;187;10134;10290;11.02;0.67;243.69;10.22;715;73;3528.00;156
9420;73;629036994;9420;182;10136;10291;10.96;0.67;243.68;10.23;716;73;3529.00;155
9422;73;629037004;9422;180;10145;10291;10.87;0.66;243.67;10.23;723;73;3530.00;146
9425;73;629037014;9425;184;10151;10291;10.73;0.66;243.68;10.23;726;73;3531.00;140
9429;73;629037024;9429;187;10153;10291;10.67;0.65;243.73;10.24;724;73;3532.00;138
9432;73;629037034;9432;194;10158;10291;10.66;0.65;243.70;10.25;726;73;3533.00;133
9434;73;629037044;9434;196;10160;10291;10.67;0.65;243.70;10.25;726;73;3534.00;131
9435;73;629037054;9435;197;10163;10291;10.66;0.65;243.68;10.26;728;73;3535.00;128
9442;73;629037064;9442;206;10168;10292;10.48;0.64;243.61;10.27;726;73;3536.00;124
9444;73;629037074;9444;209;10171;10293;10.36;0.63;243.59;10.27;727;73;3537.00;122
9444;73;629037084;9444;214;10173;10293;10.18;0.62;243.59;10.28;729;73;3538.00;120
9448;73;629037094;9448;227;10177;10297;9.95;0.61;243.55;10.29;729;73;3539.00;120
9451;73;629037106;9451;229;10178;10297;9.69;0.59;243.52;10.30;727;73;3540.00;119
9454;73;629037115;9454;241;10179;10297;9.43;0.58;243.56;10.30;725;73;3541.00;118
9454;73;629037124;9454;253;10181;10297;9.15;0.56;243.56;10.32;727;73;3542.00;116
9457;73;629037133;9457;257;10185;10303;8.98;0.55;243.56;10.31;728;73;3543.00;118
9457;73;629037143;9457;265;10187;10303;8.84;0.54;243.56;10.32;730;73;3544.00;116
9460;73;629037151;9460;278;10189;10303;8.66;0.53;243.53;10.33;729;73;3545.00;114
9461;73;629037161;9461;282;10191;10306;8.58;0.52;243.51;10.33;730;73;3546.00;115
9461;73;629037170;9461;288;10193;10306;8.44;0.52;243.51;10.34;732;73;3547.00;113
9463;73;629037178;9463;298;10194;10306;8.29;0.51;243.48;10.34;731;73;3548.00;112
9464;73;629037186;9464;298;10196;10307;8.10;0.50;243.47;10.35;732;73;3549.00;111
9466;73;629037195;9466;295;10197;10308;7.98;0.49;243.46;10.35;731;73;3550.00;111
9467;73;629037203;9467;292;10199;10308;7.88;0.48;243.43;10.36;732;73;3551.00;109
9469;73;629037212;9469;295;10210;10321;7.90;0.48;243.42;10.35;741;73;3552.00;111
9472;73;629037221;9472;300;10210;10321;7.82;0.48;243.37;10.35;738;73;3553.00;111
9472;73;629037230;9472;295;10212;10321;7.69;0.47;243.37;10.35;740;73;3554.00;109
9476;73;629037240;9476;301;10215;10323;7.59;0.46;243.30;10.36;739;73;3555.00;108
9478;73;629037248;9478;300;10216;10323;7.52;0.46;243.28;10.37;738;73;3556.00;107
9478;73;629037257;9478;304;10219;10327;7.53;0.46;243.28;10.37;741;73;3557.00;108
9480;73;629037266;9480;312;10220;10327;7.52;0.46;243.26;10.37;740;73;3558.00;107
9481;73;629037274;9481;316;10226;10331;7.40;0.45;243.25;10.38;745;73;3559.00;105
9484;73;629037282;9484;324;10226;10331;7.30;0.44;243.21;10.38;742;73;3560.00;105
9486;73;629037291;9486;327;10226;10331;7.20;0.44;243.18;10.38;740;73;3561.00;105
9489;73;629037299;9489;334;10227;10331;7.06;0.43;243.15;10.39;738;73;3562.00;104
9491;73;629037307;9491;328;10227;10331;7.01;0.43;243.20;10.39;736;73;3563.00;104
9495;73;629037316;9495;322;10240;10343;7.02;0.43;243.22;10.39;745;73;3564.00;103
9497;73;629037325;9497;317;10240;10343;7.02;0.43;243.20;10.39;743;73;3565.00;103
9499;73;629037334;9499;306;10241;10343;6.98;0.43;243.23;10.39;742;73;3566.00;102
9499;73;629037348;9499;300;10242;10343;6.91;0.42;243.23;10.40;743;73;3567.00;101
9501;73;629037357;9501;296;10242;10343;6.76;0.41;243.27;10.40;741;73;3568.00;101
9502;73;629037365;9502;301;10245;10343;6.68;0.41;243.26;10.41;743;73;3569.00;98
9505;73;629037374;9505;287;10245;10344;6.66;0.41;243.29;10.41;740;73;3570.00;99
9508;73;629037383;9508;281;10245;10344;6.67;0.41;243.29;10.41;737;73;3571.00;99
9510;73;629037397;9510;270;10251;10350;6.77;0.42;243.29;10.40;741;73;3572.00;99
9511;73;629037406;9511;268;10253;10351;6.88;0.42;243.30;10.40;742;73;3573.00;98
9514;73;629037415;9514;263;10254;10351;6.88;0.42;243.28;10.40;740;73;3574.00;97
9516;73;629037431;9516;254;10254;10351;6.89;0.42;243.26;10.40;738;73;3575.00;97
9522;73;629037440;9522;252;10257;10355;6.86;0.42;243.24;10.40;735;73;3576.00;98
9524;73;629037450;9524;245;10259;10355;6.96;0.43;243.25;10.40;735;73;3577.00;96
9525;73;629037459;9525;240;10259;10355;7.15;0.44;243.27;10.40;734;73;3578.00;96
9529;73;629037468;9529;239;10260;10356;7.27;0.45;243.28;10.40;731;73;3579.00;96
9531;73;629037477;9531;232;10263;10360;7.40;0.46;243.29;10.40;732;73;3580.00;97
9534;73;629037487;9534;226;10263;10360;7.55;0.46;243.27;10.40;729;73;3581.00;97
9538;73;629037496;9538;224;10265;10363;7.74;0.47;243.28;10.40;727;73;3582.00;98
9542;73;629037506;9542;219;10265;10363;7.85;0.48;243.30;10.40;723;73;3583.00;98
9546;73;629037516;9546;213;10266;10363;7.90;0.48;243.32;10.40;720;73;3584.00;97
9548;73;629037525;9548;209;10266;10363;7.95;0.49;243.32;10.40;718;73;3585.00;97
9552;73;629037535;9552;214;10269;10367;8.11;0.49;243.32;10.39;717;73;3586.00;98
9553;73;629037545;9553;210;10269;10367;8.21;0.50;243.33;10.39;716;73;3587.00;98
9561;73;629037554;9561;209;10270;10367;8.26;0.50;243.34;10.39;709;73;3588.00;97
9563;73;629037564;9563;202;10270;10367;8.36;0.51;243.36;10.39;707;73;3589.00;97
9567;73;629037573;9567;200;10270;10368;8.45;0.52;243.34;10.39;703;73;3590.00;98
9570;73;629037583;9570;202;10271;10369;8.54;0.52;243.33;10.39;701;73;3591.00;98
9576;73;629037594;9576;198;10271;10369;8.54;0.52;243.31;10.39;695;73;3592.00;98
9583;73;629037604;9583;188;10272;10370;8.49;0.52;243.34;10.39;689;73;3593.00;98
9587;73;629037613;9587;183;10272;10370;8.58;0.52;243.36;10.39;685;73;3594.00;98
9590;73;629037623;9590;185;10272;10370;8.68;0.53;243.37;10.39;682;73;3595.00;98
9594;73;629037633;9594;182;10272;10370;8.77;0.53;243.35;10.39;678;73;3596.00;98
9598;73;629037642;9598;177;10272;10370;8.80;0.54;243.35;10.39;674;73;3597.00;98
9605;73;629037652;9605;175;10272;10370;8.81;0.54;243.35;10.39;667;73;3598.00;98
9608;73;629037662;9608;177;10272;10370;8.82;0.54;243.37;10.39;664;73;3599.00;98
9615;73;629037673;9615;214;10386;10623;8.87;0.56;243.35;10.28;771;73;3600.00;237
9618;73;629037706;9618;209;10393;10624;8.91;0.56;243.35;10.27;775;73;3601.00;231
9622;73;629037717;9622;206;10405;10624;9.01;0.56;243.36;10.26;783;73;3602.00;219
9626;73;629037728;9626;200;10411;10624;9.04;0.57;243.39;10.26;785;73;3603.00;213
9629;73;629037739;9629;201;10417;10624;9.11;0.57;243.41;10.25;788;73;3604.00;207
9633;73;629037750;9633;197;10424;10624;9.15;0.57;243.39;10.25;791;73;3605.00;200
9636;73;629037761;9636;201;10430;10624;9.16;0.57;243.43;10.25;794;73;3606.00;194
9639;73;629037772;9639;198;10436;10624;9.07;0.56;243.46;10.25;797;73;3607.00;188
9645;73;629037783;9645;201;10440;10625;9.03;0.56;243.53;10.24;795;73;3608.00;185
9647;73;629037794;9647;208;10443;10626;8.99;0.56;243.54;10.24;796;73;3609.00;183
9652;73;629037812;9652;214;10448;10626;9.05;0.56;243.57;10.24;796;73;3610.00;178
9655;73;629037823;9655;220;10452;10627;9.04;0.56;243.60;10.24;797;73;3611.00;175
9659;73;629037835;9659;226;10458;10627;9.08;0.56;243.60;10.25;799;73;3612.00;169
9662;73;629037846;9662;225;10460;10627;9.04;0.56;243.62;10.25;798;73;3613.00;167
9664;73;629037858;9664;231;10463;10627;9.06;0.56;243.66;10.25;799;73;3614.00;164
9667;73;629037870;9667;231;10467;10631;9.00;0.56;243.68;10.25;800;73;3615.00;164
9668;74;629037882;9668;237;10470;10631;8.99;0.56;243.69;10.25;802;74;3616.00;161
9672;74;629037904;9672;234;10471;10631;8.97;0.55;243.75;10.25;799;74;3617.00;160
9675;74;629037917;9675;228;10475;10634;9.06;0.56;243.79;10.25;800;74;3618.00;159
9678;74;629037935;9678;225;10476;10634;9.09;0.56;243.88;10.25;798;74;3619.00;158
9686;74;629037948;9686;223;10476;10634;9.15;0.56;243.95;10.25;790;74;3620.00;158
9692;74;629037960;9692;227;10483;10638;9.21;0.57;244.05;10.25;791;74;3621.00;155
9698;74;629037973;9698;226;10488;10639;9.29;0.57;244.06;10.25;790;74;3622.00;151
9703;74;629037986;9703;226;10489;10639;9.37;0.57;244.13;10.25;786;74;3623.00;150
9705;74;629037999;9705;231;10494;10643;9.50;0.58;244.12;10.25;789;74;3624.00;149
9706;74;629038011;9706;230;10495;10643;9.64;0.59;244.14;10.25;789;74;3625.00;148
9711;74;629038028;9711;215;10497;10643;9.73;0.59;244.15;10.25;786;74;3626.00;146
9714;74;629038042;9714;201;10499;10644;9.86;0.60;244.16;10.25;785;74;3627.00;145
9719;74;629038056;9719;184;10499;10644;10.00;0.61;244.14;10.25;780;74;3628.00;145
9722;74;629038068;9722;171;10502;10650;10.10;0.61;244.12;10.25;780;74;3629.00;148
9726;74;629038083;9726;167;10504;10650;10.10;0.61;244.12;10.25;778;74;3630.00;146
9729;74;629038097;9729;167;10504;10651;10.20;0.62;244.12;10.25;775;74;3631.00;147
9732;74;629038110;9732;164;10505;10651;10.34;0.63;244.14;10.25;773;74;3632.00;146
9734;74;629038122;9734;166;10505;10651;10.50;0.64;244.18;10.25;771;74;3633.00;146
9738;74;629038134;9738;164;10505;10651;10.61;0.64;244.18;10.25;767;74;3634.00;146
9739;74;629038147;9739;167;10506;10651;10.73;0.65;244.18;10.25;767;74;3635.00;145
9743;74;629038164;9743;164;10516;10663;10.80;0.66;244.19;10.38;773;74;3636.00;147
9746;74;629038180;9746;162;10516;10663;10.89;0.66;244.21;10.38;770;74;3637.00;147
9750;74;629038192;9750;164;10517;10663;10.99;0.67;244.19;10.38;767;74;3638.00;146
9751;74;629038204;9751;165;10517;10663;11.15;0.68;244.18;10.38;766;74;3639.00;146
9755;74;629038222;9755;168;10517;10663;11.22;0.68;244.18;10.38;762;74;3640.00;146
9758;74;629038234;9758;168;10518;10663;11.30;0.69;244.26;10.39;760;74;3641.00;145
9760;74;629038246;9760;168;10521;10667;11.34;0.69;244.27;10.38;761;74;3642.00;146
9763;74;629038259;9763;161;10521;10667;11.40;0.69;244.32;10.38;758;74;3643.00;146
9765;74;629038271;9765;161;10524;10671;11.49;0.70;244.34;10.38;759;74;3644.00;147
9766;74;629038283;9766;160;10526;10673;11.66;0.71;244.35;10.38;760;74;3645.00;147
9768;74;629038295;9768;161;10527;10673;11.74;0.71;244.37;10.38;759;74;3646.00;146
9771;75;629038307;9771;162;10529;10673;11.74;0.71;244.40;10.38;758;75;3647.00;144
9773;75;629038329;9773;164;10537;10686;11.91;0.72;244.46;10.37;764;75;3648.00;149
9777;75;629038342;9777;167;10538;10686;11.96;0.73;244.49;10.37;761;75;3649.00;148
9778;75;629038354;9778;164;10538;10686;11.98;0.73;244.51;10.37;760;75;3650.00;148
9779;75;629038365;9779;164;10539;10687;12.07;0.74;244.53;10.37;760;75;3651.00;148
9782;75;629038376;9782;170;10539;10688;12.05;0.73;244.53;10.37;757;75;3652.00;149
9786;75;629038388;9786;169;10539;10688;11.93;0.73;244.56;10.37;753;75;3653.00;149
9787;75;629038399;9787;170;10541;10691;11.87;0.72;244.56;10.37;754;75;3654.00;150
9790;75;629038410;9790;176;10541;10691;11.72;0.72;244.61;10.37;751;75;3655.00;150
9795;75;629038421;9795;181;10542;10691;11.62;0.71;244.58;10.37;747;75;3656.00;149
9797;75;629038437;9797;180;10542;10691;11.47;0.70;244.60;10.37;745;75;3657.00;149
9800;75;629038452;9800;177;10545;10697;11.43;0.70;244.56;10.37;745;75;3658.00;152
9804;75;629038467;9804;180;10545;10697;11.36;0.69;244.57;10.37;741;75;3659.00;152
9806;75;629038490;9806;182;10546;10697;11.28;0.69;244.56;10.37;740;75;3660.00;151
9809;75;629038505;9809;183;10546;10697;11.15;0.68;244.53;10.37;737;75;3661.00;151
9815;75;629038520;9815;190;10549;10701;11.09;0.68;244.53;10.36;734;75;3662.00;152
9816;75;629038533;9816;186;10550;10702;11.09;0.68;244.53;10.36;734;75;3663.00;152
9819;75;629038545;9819;188;10550;10702;11.09;0.68;244.57;10.36;731;75;3664.00;152
9822;75;629038556;9822;187;10552;10703;11.06;0.68;244.66;10.50;730;75;3665.00;151
9824;75;629038568;9824;184;10552;10703;11.02;0.67;244.64;10.50;728;75;3666.00;151
9829;75;629038578;9829;182;10553;10703;10.98;0.67;244.64;10.51;724;75;3667.00;150
9833;76;629038590;9833;186;10553;10703;10.94;0.67;244.67;10.51;720;76;3668.00;150
9835;76;629038622;9835;186;10553;10703;10.92;0.67;244.64;10.51;718;76;3669.00;150
9839;76;629038632;9839;185;10553;10703;10.82;0.66;244.61;10.51;714;76;3670.00;150
9843;76;629038647;9843;185;10553;10703;10.83;0.66;244.57;10.51;710;76;3671.00;150
9843;76;629038657;9843;187;10583;10773;10.77;0.66;244.57;10.48;740;76;3672.00;190
9846;76;629038672;9846;182;10585;10774;10.71;0.65;244.55;10.49;739;76;3673.00;189
9850;76;629038683;9850;181;10594;10774;10.74;0.65;244.54;10.48;744;76;3674.00;180
9851;76;629038699;9851;183;10597;10774;10.69;0.65;244.54;10.50;746;76;3675.00;177
9854;76;629038710;9854;180;10603;10774;10.70;0.65;244.55;10.50;749;76;3676.00;171
9857;76;629038721;9857;173;10605;10774;10.71;0.65;244.51;10.50;748;76;3677.00;169
9861;76;629038732;9861;177;10609;10774;10.68;0.65;244.51;10.49;748;76;3678.00;165
9864;76;629038743;9864;172;10611;10774;10.66;0.65;244.46;10.64;747;76;3679.00;163
9866;76;629038753;9866;168;10614;10775;10.73;0.65;244.47;10.63;748;76;3680.00;161
9869;76;629038763;9869;173;10616;10776;10.80;0.66;244.43;10.63;747;76;3681.00;160
9870;76;629038774;9870;173;10617;10776;10.85;0.66;244.41;10.63;747;76;3682.00;159
9873;76;629038785;9873;172;10621;10780;10.84;0.66;244.40;10.77;748;76;3683.00;159
9874;76;629038796;9874;172;10621;10780;10.75;0.65;244.39;10.77;747;76;3684.00;159
9875;76;629038813;9875;172;10622;10780;10.61;0.64;244.39;10.91;747;76;3685.00;158
9875;76;629038824;9875;177;10622;10780;10.52;0.64;244.39;10.91;747;76;3686.00;158
9878;76;629038836;9878;184;10627;10786;10.45;0.64;244.41;11.06;749;76;3687.00;159
9879;76;629038848;9879;188;10628;10786;10.39;0.63;244.39;11.06;749;76;3688.00;158
9881;76;629038858;9881;191;10628;10786;10.26;0.62;244.36;11.06;747;76;3689.00;158
9884;76;629038870;9884;194;10633;10792;10.13;0.62;244.34;11.21;749;76;3690.00;159
9888;76;629038881;9888;201;10634;10792;9.99;0.61;244.29;11.21;746;76;3691.00;158
9892;76;629038892;9892;206;10635;10792;9.88;0.60;244.24;11.21;743;76;3692.00;157
9894;76;629038902;9894;217;10639;10793;9.79;0.59;244.23;11.36;745;76;3693.00;154
9897;76;629038913;9897;222;10641;10794;9.76;0.59;244.18;11.36;744;76;3694.00;153
9897;76;629038923;9897;227;10644;10794;9.67;0.59;244.18;11.37;747;76;3695.00;150
9899;76;629038933;9899;240;10653;10807;9.58;0.58;244.24;11.36;754;76;3696.00;154
9902;76;629038943;9902;240;10655;10807;9.51;0.58;244.22;11.37;753;76;3697.00;152
9904;76;629038954;9904;253;10656;10807;9.38;0.57;244.19;11.37;752;76;3698.00;151
9905;76;629038963;9905;259;10658;10808;9.30;0.57;244.17;11.38;753;76;3699.00;150
9907;76;629038973;9907;265;10661;10808;9.16;0.56;244.14;11.39;754;76;3700.00;147
9908;76;629038987;9908;273;10666;10812;9.09;0.55;244.14;11.40;758;76;3701.00;146
9911;76;629038997;9911;281;10668;10812;8.98;0.55;244.08;11.40;757;76;3702.00;144
9915;76;629039006;9915;282;10672;10816;8.77;0.53;244.01;11.41;757;76;3703.00;144
9916;76;629039016;9916;286;10673;10816;8.65;0.53;244.01;11.42;757;76;3704.00;143
9917;76;629039025;9917;293;10674;10816;8.52;0.52;243.99;11.43;757;76;3705.00;142
9919;76;629039035;9919;300;10675;10816;8.41;0.51;243.95;11.44;756;76;3706.00;141
9919;76;629039044;9919;302;10676;10816;8.34;0.51;243.95;11.45;757;76;3707.00;140
9919;76;629039052;9919;311;10688;10828;8.23;0.50;243.95;11.46;769;76;3708.00;140
9923;76;629039062;9923;317;10691;10828;8.12;0.50;243.92;11.48;768;76;3709.00;137
9924;76;629039071;9924;326;10693;10828;8.08;0.50;243.92;11.48;769;76;3710.00;135
9926;76;629039087;9926;330;10694;10828;7.96;0.49;243.99;11.48;768;76;3711.00;134
9928;76;629039096;9928;334;10696;10828;7.90;0.48;243.97;11.50;768;76;3712.00;132
9928;76;629039105;9928;341;10697;10828;7.81;0.48;243.97;11.50;769;76;3713.00;131
9930;76;629039113;9930;347;10698;10829;7.68;0.47;243.96;11.51;768;76;3714.00;131
9932;76;629039122;9932;341;10699;10829;7.58;0.47;243.95;11.52;767;76;3715.00;130
9932;76;629039131;9932;333;10704;10835;7.65;0.47;243.95;11.51;772;76;3716.00;131
9933;76;629039141;9933;326;10709;10836;7.66;0.47;243.96;11.54;776;76;3717.00;127
9935;76;629039150;9935;328;10710;10836;7.57;0.47;243.96;11.55;775;76;3718.00;126
9938;76;629039159;9938;324;10710;10836;7.55;0.47;244.01;11.55;772;76;3719.00;126
9939;76;629039170;9939;324;10714;10841;7.60;0.47;243.99;11.55;775;76;3720.00;127
9942;76;629039180;9942;320;10716;10841;7.50;0.46;243.97;11.56;774;76;3721.00;125
9943;76;629039191;9943;303;10717;10841;7.52;0.46;243.96;11.57;774;76;3722.00;124
9944;76;629039200;9944;298;10721;10842;7.49;0.46;243.96;11.59;777;76;3723.00;121
9946;76;629039209;9946;293;10725;10846;7.52;0.46;243.93;11.59;779;76;3724.00;121
9947;76;629039225;9947;291;10725;10846;7.51;0.46;243.92;11.59;778;76;3725.00;121
9949;76;629039234;9949;289;10728;10849;7.54;0.46;243.90;11.60;779;76;3726.00;121
9950;76;629039244;9950;283;10730;10849;7.62;0.47;243.89;11.60;780;76;3727.00;119
9953;76;629039253;9953;286;10731;10849;7.71;0.47;243.87;11.61;778;76;3728.00;118
9954;76;629039262;9954;286;10733;10849;7.72;0.47;243.86;11.62;779;76;3729.00;116
9954;76;629039271;9954;286;10736;10853;7.82;0.48;243.86;11.61;782;76;3730.00;117
9956;76;629039281;9956;290;10737;10853;7.73;0.47;243.82;11.62;781;76;3731.00;116
9958;76;629039291;9958;294;10739;10853;7.67;0.47;243.80;11.62;781;76;3732.00;114
9961;76;629039300;9961;295;10739;10853;7.52;0.46;243.80;11.62;778;76;3733.00;114
9964;76;629039310;9964;291;10741;10854;7.44;0.46;243.80;11.63;777;76;3734.00;113
9965;76;629039321;9965;289;10743;10856;7.35;0.45;243.79;11.62;778;76;3735.00;113
9969;76;629039330;9969;292;10743;10856;7.15;0.44;243.76;11.62;774;76;3736.00;113
9971;76;629039339;9971;295;10745;10857;7.03;0.43;243.77;11.63;774;76;3737.00;112
9973;76;629039348;9973;292;10745;10857;6.95;0.43;243.78;11.63;772;76;3738.00;112
9975;76;629039357;9975;296;10746;10857;6.88;0.42;243.80;11.63;771;76;3739.00;111
9980;76;629039366;9980;292;10748;10857;6.79;0.42;243.87;11.64;768;76;3740.00;109
9983;76;629039375;9983;284;10748;10857;6.79;0.42;243.83;11.64;765;76;3741.00;109
9991;76;629039383;9991;278;10749;10857;6.74;0.41;243.84;11.64;758;76;3742.00;108
9998;76;629039392;9998;278;10749;10857;6.71;0.41;243.87;11.64;751;76;3743.00;108
10000;76;629039401;10000;300;10819;10984;6.97;0.43;243.91;11.57;819;76;3744.00;165
10004;76;629039419;10004;297;10823;10985;6.96;0.43;243.93;11.57;819;76;3745.00;162
10008;76;629039431;10008;293;10833;10985;7.01;0.44;243.94;11.56;825;76;3746.00;152
10009;76;629039441;10009;284;10839;10985;7.10;0.44;243.95;11.56;830;76;3747.00;146
10013;76;629039450;10013;279;10844;10985;7.21;0.45;244.00;11.55;831;76;3748.00;141
10016;76;629039460;10016;273;10848;10985;7.24;0.45;244.04;11.55;832;76;3749.00;137
10017;76;629039471;10017;276;10852;10990;7.29;0.45;244.04;11.55;835;76;3750.00;138
10021;76;629039482;10021;274;10855;10990;7.29;0.45;244.06;11.55;834;76;3751.00;135
10025;76;629039492;10025;271;10859;10991;7.39;0.45;244.02;11.55;834;76;3752.00;132
10029;76;629039502;10029;272;10861;10992;7.45;0.46;244.00;11.55;832;76;3753.00;131
10030;76;629039513;10030;272;10865;10992;7.53;0.46;243.99;11.55;835;76;3754.00;127
10034;76;629039524;10034;269;10866;10993;7.57;0.47;243.98;11.55;832;76;3755.00;127
10035;76;629039535;10035;271;10869;10993;7.69;0.47;243.99;11.54;834;76;3756.00;124
10039;76;629039546;10039;269;10870;10993;7.77;0.48;244.01;11.54;831;76;3757.00;123
10045;76;629039556;10045;259;10872;10993;7.85;0.48;244.01;11.55;827;76;3758.00;121
10049;76;629039568;10049;259;10874;10997;7.95;0.49;243.99;11.54;825;76;3759.00;123
10052;76;629039579;10052;251;10877;10997;8.11;0.50;244.00;11.54;825;76;3760.00;120
10056;76;629039590;10056;247;10877;10997;8.13;0.50;244.00;11.54;821;76;3761.00;120
10061;76;629039602;10061;243;10881;11000;8.19;0.50;244.08;11.54;820;76;3762.00;119
10065;76;629039613;10065;239;10881;11000;8.19;0.50;244.06;11.54;816;76;3763.00;119
10070;76;629039625;10070;231;10881;11000;8.20;0.50;244.09;11.54;811;76;3764.00;119
10075;76;629039636;10075;231;10884;11004;8.25;0.51;244.14;11.54;809;76;3765.00;120
10081;76;629039647;10081;229;10885;11005;8.28;0.51;244.14;11.54;804;76;3766.00;120
10082;76;629039658;10082;227;10885;11005;8.31;0.51;244.13;11.54;803;76;3767.00;120
10091;76;629039670;10091;228;10889;11009;8.26;0.50;244.14;11.54;798;76;3768.00;120
10094;76;629039681;10094;234;10889;11009;8.32;0.51;244.21;11.54;795;76;3769.00;120
10098;76;629039692;10098;237;10889;11009;8.39;0.51;244.18;11.54;791;76;3770.00;120
10103;76;629039703;10103;233;10892;11010;8.49;0.52;244.23;11.53;789;76;3771.00;118
10108;76;629039714;10108;233;10893;11010;8.50;0.52;244.25;11.53;785;76;3772.00;117
10110;76;629039726;10110;234;10896;11016;8.49;0.52;244.25;11.53;786;76;3773.00;120
10114;76;629039743;10114;234;10897;11016;8.53;0.52;244.29;11.53;783;76;3774.00;119
10118;76;629039754;10118;240;10897;11017;8.60;0.52;244.32;11.53;779;76;3775.00;120
10122;76;629039765;10122;238;10898;11017;8.65;0.53;244.32;11.53;776;76;3776.00;119
10124;76;629039776;10124;236;10898;11017;8.67;0.53;244.33;11.53;774;76;3777.00;119
10127;76;629039792;10127;236;10899;11017;8.74;0.53;244.34;11.68;772;76;3778.00;118
10129;76;629039804;10129;237;10899;11017;8.78;0.53;244.35;11.68;770;76;3779.00;118
10132;76;629039816;10132;242;10924;11053;8.86;0.54;244.38;11.65;792;76;3780.00;129
10138;76;629039830;10138;238;10924;11053;8.88;0.54;244.37;11.65;786;76;3781.00;129
10142;76;629039842;10142;231;10926;11053;8.91;0.55;244.41;11.65;784;76;3782.00;127
10145;76;629039853;10145;234;10926;11053;8.99;0.55;244.41;11.65;781;76;3783.00;127
10150;76;629039864;10150;232;10927;11053;9.04;0.55;244.41;11.65;777;76;3784.00;126
10154;76;629039875;10154;239;10927;11053;9.07;0.55;244.45;11.65;773;76;3785.00;126
10159;76;629039887;10159;240;10931;11057;9.04;0.55;244.48;11.64;772;76;3786.00;126
10161;76;629039898;10161;240;10931;11057;9.03;0.55;244.49;11.64;770;76;3787.00;126
10166;76;629039909;10166;238;10934;11061;9.08;0.55;244.55;11.64;768;76;3788.00;127
10169;76;629039921;10169;232;10936;11062;9.15;0.56;244.53;11.64;767;76;3789.00;126
10172;76;629039933;10172;222;10937;11062;9.16;0.56;244.63;11.64;765;76;3790.00;125
10175;76;629039945;10175;220;10938;11062;9.16;0.56;244.67;11.64;763;76;3791.00;124
10175;76;629039957;10175;216;10949;11075;9.28;0.57;244.67;11.63;774;76;3792.00;126
10179;76;629039969;10179;214;10949;11075;9.30;0.57;244.71;11.63;770;76;3793.00;126
10182;76;629039981;10182;212;10949;11075;9.33;0.57;244.68;11.63;767;76;3794.00;126
10184;76;629039992;10184;216;10950;11076;9.40;0.58;244.67;11.63;766;76;3795.00;126
10187;76;629040009;10187;203;10950;11077;9.45;0.58;244.67;11.63;763;76;3796.00;127
10191;76;629040025;10191;192;10950;11077;9.55;0.58;244.69;11.63;759;76;3797.00;127
10193;76;629040041;10193;182;10953;11080;9.67;0.59;244.70;11.77;760;76;3798.00;127
10197;76;629040061;10197;175;10954;11080;9.80;0.60;244.72;11.77;757;76;3799.00;126
10200;76;629040080;10200;168;10954;11080;9.86;0.60;244.76;11.77;754;76;3800.00;126
10203;76;629040096;10203;162;10954;11080;9.97;0.61;244.77;11.77;751;76;3801.00;126
10204;76;629040109;10204;153;10958;11086;10.08;0.61;244.78;11.77;754;76;3802.00;128
10209;76;629040121;10209;148;10958;11086;10.05;0.61;244.81;11.77;749;76;3803.00;128
10212;76;629040133;10212;145;10959;11086;10.07;0.61;244.86;11.77;747;76;3804.00;127
10213;76;629040145;10213;141;10959;11086;10.05;0.61;244.87;11.77;746;76;3805.00;127
10217;76;629040157;10217;145;10962;11090;10.06;0.61;244.88;11.76;745;76;3806.00;128
10223;76;629040170;10223;139;10963;11091;10.16;0.62;244.90;11.76;740;76;3807.00;128
10224;76;629040187;10224;139;10963;11091;10.22;0.62;244.93;11.76;739;76;3808.00;128
10227;76;629040198;10227;135;10964;11092;10.28;0.63;244.95;11.76;737;76;3809.00;128
10229;76;629040216;10229;139;10964;11092;10.31;0.63;244.97;11.76;735;76;3810.00;128
10233;76;629040228;10233;144;10964;11092;10.42;0.64;245.02;11.76;731;76;3811.00;128
10235;76;629040239;10235;148;10964;11092;10.48;0.64;245.03;11.76;729;76;3812.00;128
10240;76;629040250;10240;152;10964;11092;10.49;0.64;245.10;11.76;724;76;3813.00;128
10242;76;629040261;10242;148;10964;11092;10.56;0.64;245.08;11.76;722;76;3814.00;128
10245;76;629040272;10245;156;10964;11092;10.67;0.65;245.05;11.76;719;76;3815.00;128
10251;76;629040282;10251;174;11002;11162;10.42;0.64;245.08;11.72;751;76;3816.00;160
10252;76;629040300;10252;176;11002;11163;10.46;0.64;245.08;11.72;750;76;3817.00;161
10255;77;629040311;10255;171;11008;11163;10.57;0.65;245.08;11.72;753;77;3818.00;155
10257;77;629040328;10257;176;11012;11163;10.58;0.65;245.10;11.71;755;77;3819.00;151
10263;77;629040345;10263;174;11017;11163;10.69;0.66;245.06;11.71;754;77;3820.00;146
10266;77;629040355;10266;181;11022;11163;10.65;0.65;245.08;11.71;756;77;3821.00;141
10269;77;629040366;10269;182;11026;11163;10.72;0.66;245.06;11.70;757;77;3822.00;137
10273;77;629040376;10273;186;11026;11163;10.77;0.66;245.08;11.70;753;77;3823.00;137
10278;77;629040387;10278;190;11028;11164;10.84;0.66;245.07;11.70;750;77;3824.00;136
10283;77;629040398;10283;192;11030;11166;10.90;0.66;245.03;11.70;747;77;3825.00;136
10284;77;629040414;10284;196;11031;11166;10.87;0.66;245.05;11.70;747;77;3826.00;135
10287;77;629040424;10287;195;11034;11170;10.80;0.66;245.06;11.70;747;77;3827.00;136
10291;77;629040440;10291;195;11034;11170;10.73;0.65;245.04;11.70;743;77;3828.00;136
10294;77;629040455;10294;199;11034;11170;10.65;0.65;245.04;11.70;740;77;3829.00;136
10297;77;629040468;10297;202;11034;11170;10.60;0.65;245.03;11.70;737;77;3830.00;136
10300;77;629040483;10300;207;11037;11176;10.61;0.65;245.04;11.70;737;77;3831.00;139
10300;77;629040497;10300;207;11038;11176;10.64;0.65;245.04;11.69;738;77;3832.00;138
10302;77;629040510;10302;207;11038;11176;10.65;0.65;245.04;11.69;736;77;3833.00;138
10307;77;629040522;10307;211;11040;11179;10.66;0.65;245.14;11.69;733;77;3834.00;139
10309;77;629040534;10309;210;11040;11179;10.58;0.64;245.13;11.69;731;77;3835.00;139
10312;77;629040546;10312;220;11041;11179;10.61;0.65;245.16;11.69;729;77;3836.00;138
10315;77;629040556;10315;223;11041;11180;10.59;0.65;245.14;11.69;726;77;3837.00;139
10319;77;629040567;10319;226;11042;11181;10.56;0.64;245.12;11.69;723;77;3838.00;139
10320;77;629040578;10320;227;11042;11181;10.48;0.64;245.10;11.69;722;77;3839.00;139
10325;77;629040592;10325;227;11057;11207;10.32;0.63;245.07;11.67;732;77;3840.00;150
10325;77;629040612;10325;226;11059;11207;10.32;0.63;245.07;11.82;734;77;3841.00;148
10329;77;629040623;10329;221;11061;11207;10.30;0.63;245.06;11.82;732;77;3842.00;146
10331;77;629040634;10331;213;11063;11208;10.31;0.63;245.04;11.82;732;77;3843.00;145
10335;77;629040644;10335;217;11063;11208;10.36;0.63;245.02;11.82;728;77;3844.00;145
10339;77;629040655;10339;215;11066;11212;10.39;0.63;244.97;11.83;727;77;3845.00;146
10341;77;629040667;10341;210;11067;11214;10.40;0.63;244.96;11.82;726;77;3846.00;147
10344;77;629040678;10344;204;11071;11218;10.39;0.63;244.93;11.82;727;77;3847.00;147
10352;77;629040688;10352;201;11072;11218;10.39;0.63;244.89;11.82;720;77;3848.00;146
10355;77;629040697;10355;198;11072;11218;10.37;0.63;244.87;11.82;717;77;3849.00;146
10358;77;629040706;10358;194;11072;11218;10.40;0.63;244.85;11.82;714;77;3850.00;146
10361;77;629040715;10361;189;11072;11218;10.33;0.63;244.83;11.82;711;77;3851.00;146
10364;77;629040725;10364;184;11083;11230;10.30;0.62;244.84;11.81;719;77;3852.00;147
10365;77;629040742;10365;182;11083;11230;10.25;0.62;244.82;11.81;718;77;3853.00;147
10370;77;629040756;10370;179;11083;11230;10.19;0.62;244.75;11.81;713;77;3854.00;147
10372;77;629040766;10372;186;11083;11230;10.23;0.62;244.75;11.81;711;77;3855.00;147
10372;77;629040775;10372;193;11083;11230;10.25;0.62;244.75;11.81;711;77;3856.00;147
10373;77;629040784;10373;199;11085;11230;10.23;0.62;244.75;11.95;712;77;3857.00;145
10374;77;629040794;10374;203;11085;11231;10.22;0.62;244.75;11.95;711;77;3858.00;146
10377;77;629040803;10377;208;11085;11231;10.20;0.62;244.78;11.95;708;77;3859.00;146
10377;77;629040812;10377;212;11089;11237;10.15;0.62;244.78;11.95;712;77;3860.00;148
10380;77;629040828;10380;217;11091;11238;10.06;0.61;244.77;11.95;711;77;3861.00;147
10381;77;629040837;10381;222;11094;11238;9.94;0.60;244.77;11.96;713;77;3862.00;144
10382;77;629040846;10382;229;11095;11238;9.82;0.60;244.75;11.96;713;77;3863.00;143
10383;77;629040855;10383;236;11097;11242;9.78;0.59;244.76;11.95;714;77;3864.00;145
10386;78;629040864;10386;242;11097;11242;9.61;0.58;244.72;11.95;711;78;3865.00;145
10389;78;629040884;10389;244;11099;11242;9.43;0.57;244.72;11.96;710;78;3866.00;143
10390;78;629040894;10390;234;11100;11243;9.40;0.57;244.70;11.96;710;78;3867.00;143
10393;78;629040903;10393;236;11104;11247;9.27;0.56;244.69;11.96;711;78;3868.00;143
10393;78;629040913;10393;228;11104;11247;9.24;0.56;244.69;11.96;711;78;3869.00;143
10395;78;629040925;10395;225;11109;11253;9.23;0.56;244.67;11.98;714;78;3870.00;144
10396;78;629040935;10396;232;11111;11253;9.25;0.56;244.68;11.98;715;78;3871.00;142
10397;78;629040945;10397;221;11113;11253;9.30;0.56;244.68;11.98;716;78;3872.00;140
10398;78;629040954;10398;217;11115;11253;9.35;0.57;244.67;12.00;717;78;3873.00;138
10398;78;629040964;10398;212;11119;11257;9.47;0.58;244.67;12.00;721;78;3874.00;138
10398;78;629040975;10398;210;11120;11257;9.52;0.58;244.67;12.01;722;78;3875.00;137
10401;78;629040984;10401;210;11121;11257;9.56;0.58;244.68;12.01;720;78;3876.00;136
10403;78;629040994;10403;209;11123;11257;9.49;0.58;244.66;12.03;720;78;3877.00;134
10404;78;629041004;10404;211;11125;11258;9.39;0.57;244.66;12.04;721;78;3878.00;133
10404;78;629041014;10404;212;11126;11259;9.28;0.57;244.66;12.04;722;78;3879.00;133
10405;78;629041024;10405;213;11127;11259;9.19;0.56;244.66;12.04;722;78;3880.00;132
10407;78;629041033;10407;217;11129;11260;9.15;0.56;244.65;12.05;722;78;3881.00;131
10411;78;629041043;10411;220;11129;11260;9.16;0.56;244.70;12.05;718;78;3882.00;131
10411;78;629041053;10411;224;11132;11260;9.14;0.56;244.70;12.08;721;78;3883.00;128
10411;78;629041062;10411;232;11132;11260;9.10;0.56;244.70;12.08;721;78;3884.00;128
10412;78;629041077;10412;233;11133;11260;8.98;0.55;244.69;12.09;721;78;3885.00;127
10413;78;629041087;10413;236;11134;11260;8.94;0.55;244.68;12.09;721;78;3886.00;126
10413;78;629041097;10413;240;11135;11260;8.88;0.55;244.68;12.10;722;78;3887.00;125
10414;78;629041106;10414;257;11199;11387;8.95;0.56;244.68;12.04;785;78;3888.00;188
10417;78;629041125;10417;247;11201;11388;8.91;0.56;244.71;12.04;784;78;3889.00;187
10421;78;629041135;10421;235;11212;11388;8.93;0.56;244.70;12.03;791;78;3890.00;176
10424;78;629041151;10424;232;11221;11388;8.90;0.55;244.71;12.05;797;78;3891.00;167
10426;78;629041160;10426;219;11228;11388;8.90;0.55;244.69;12.05;802;78;3892.00;160
10431;78;629041170;10431;221;11235;11388;8.83;0.55;244.67;12.06;804;78;3893.00;153
10435;78;629041181;10435;221;11241;11388;8.73;0.54;244.63;12.05;806;78;3894.00;147
10438;79;629041191;10438;223;11246;11388;8.65;0.54;244.65;12.06;808;79;3895.00;142
10441;79;629041218;10441;225;11250;11389;8.66;0.54;244.67;12.06;809;79;3896.00;139
10442;79;629041229;10442;227;11252;11390;8.72;0.54;244.68;12.06;810;79;3897.00;138
10447;79;629041239;10447;230;11255;11390;8.71;0.54;244.67;12.07;808;79;3898.00;135
10449;79;629041250;10449;229;11257;11391;8.64;0.53;244.66;12.07;808;79;3899.00;134
10452;79;629041264;10452;236;11263;11406;8.50;0.53;244.66;12.07;811;79;3900.00;143
10457;79;629041280;10457;231;11264;11406;8.37;0.52;244.68;12.07;807;79;3901.00;142
10461;79;629041290;10461;240;11268;11406;8.18;0.51;244.74;12.08;807;79;3902.00;138
10462;79;629041301;10462;243;11270;11410;8.09;0.50;244.73;12.08;808;79;3903.00;140
10470;79;629041311;10470;249;11272;11410;7.99;0.49;244.73;12.08;802;79;3904.00;138
10472;79;629041341;10472;256;11275;11410;7.93;0.49;244.74;12.09;803;79;3905.00;135
10476;79;629041351;10476;264;11279;11413;7.88;0.49;244.84;12.09;803;79;3906.00;134
10478;79;629041362;10478;265;11281;11413;7.86;0.49;244.90;12.10;803;79;3907.00;132
10483;79;629041373;10483;269;11283;11413;7.72;0.48;244.88;12.10;800;79;3908.00;130
10487;79;629041383;10487;275;11286;11417;7.62;0.47;244.91;12.09;799;79;3909.00;131
10492;79;629041393;10492;266;11289;11418;7.50;0.46;244.91;12.10;797;79;3910.00;129
10498;79;629041404;10498;265;11289;11418;7.41;0.46;244.92;12.10;791;79;3911.00;129
10502;79;629041414;10502;259;11293;11422;7.43;0.46;244.97;12.10;791;79;3912.00;129
10505;79;629041426;10505;254;11295;11422;7.47;0.46;245.00;12.10;790;79;3913.00;127
10508;79;629041437;10508;248;11296;11422;7.44;0.46;244.99;12.10;788;79;3914.00;126
10512;79;629041447;10512;243;11298;11424;7.44;0.46;244.99;12.10;786;79;3915.00;126
10515;79;629041458;10515;240;11300;11424;7.43;0.46;245.06;12.10;785;79;3916.00;124
10516;79;629041469;10516;231;11303;11430;7.55;0.46;245.04;12.10;787;79;3917.00;127
10520;79;629041480;10520;231;11304;11430;7.60;0.47;245.06;12.10;784;79;3918.00;126
10521;79;629041491;10521;223;11304;11431;7.70;0.47;245.06;12.10;783;79;3919.00;127
10525;79;629041501;10525;225;11305;11431;7.75;0.48;245.05;12.10;780;79;3920.00;126
10528;79;629041511;10528;217;11306;11431;7.81;0.48;245.04;12.24;778;79;3921.00;125
10533;79;629041523;10533;213;11306;11431;7.87;0.48;245.05;12.24;773;79;3922.00;125
10536;79;629041534;10536;211;11306;11431;7.92;0.49;245.05;12.24;770;79;3923.00;125
10542;79;629041545;10542;210;11315;11443;8.04;0.49;245.04;12.24;773;79;3924.00;128
10547;79;629041563;10547;210;11315;11443;8.13;0.50;245.03;12.24;768;79;3925.00;128
10550;79;629041573;10550;207;11317;11443;8.24;0.50;245.03;12.24;767;79;3926.00;126
10555;79;629041584;10555;201;11317;11443;8.33;0.51;245.09;12.24;762;79;3927.00;126
10559;79;629041595;10559;199;11317;11443;8.44;0.52;245.09;12.24;758;79;3928.00;126
10564;79;629041605;10564;196;11317;11443;8.47;0.52;245.16;12.24;753;79;3929.00;126
10569;79;629041618;10569;194;11322;11447;8.55;0.52;245.21;12.23;753;79;3930.00;125
10574;79;629041628;10574;197;11322;11447;8.66;0.53;245.23;12.23;748;79;3931.00;125
10576;79;629041639;10576;196;11325;11451;8.76;0.53;245.23;12.23;749;79;3932.00;126
10581;79;629041649;10581;200;11326;11452;8.88;0.54;245.22;12.23;745;79;3933.00;126
10584;79;629041660;10584;204;11328;11452;8.96;0.54;245.25;12.24;744;79;3934.00;124
10590;79;629041671;10590;205;11328;11452;9.00;0.55;245.32;12.24;738;79;3935.00;124
10593;79;629041681;10593;206;11338;11465;9.04;0.55;245.32;12.23;745;79;3936.00;127
10596;79;629041693;10596;207;11339;11465;9.09;0.55;245.33;12.23;743;79;3937.00;126
10603;79;629041703;10603;208;11341;11465;9.11;0.55;245.35;12.23;738;79;3938.00;124
10609;79;629041714;10609;209;11342;11466;9.18;0.56;245.38;12.23;733;79;3939.00;124
10613;79;629041724;10613;210;11342;11467;9.26;0.56;245.37;12.23;729;79;3940.00;125
10618;79;629041735;10618;206;11344;11467;9.31;0.56;245.40;12.23;726;79;3941.00;123
10621;79;629041746;10621;208;11346;11470;9.36;0.57;245.44;12.23;725;79;3942.00;124
10623;79;629041757;10623;211;11348;11470;9.40;0.57;245.44;12.23;725;79;3943.00;122
10623;79;629041767;10623;210;11348;11470;9.37;0.57;245.44;12.23;725;79;3944.00;122
10626;79;629041777;10626;208;11349;11470;9.33;0.57;245.48;12.22;723;79;3945.00;121
10631;79;629041788;10631;210;11353;11476;9.29;0.56;245.55;12.22;722;79;3946.00;123
10634;79;629041800;10634;218;11354;11476;9.32;0.57;245.51;12.22;720;79;3947.00;122
10642;79;629041811;10642;219;11354;11476;9.28;0.56;245.58;12.22;712;79;3948.00;122
10645;79;629041822;10645;219;11354;11476;9.27;0.56;245.63;12.22;709;79;3949.00;122
10649;79;629041833;10649;220;11357;11480;9.20;0.56;245.62;12.22;708;79;3950.00;123
10653;79;629041844;10653;219;11358;11481;9.16;0.56;245.67;12.22;705;79;3951.00;123
10655;79;629041854;10655;224;11358;11481;9.10;0.55;245.65;12.22;703;79;3952.00;123
10657;79;629041865;10657;227;11359;11482;9.09;0.55;245.65;12.21;702;79;3953.00;123
10660;79;629041875;10660;229;11359;11482;9.04;0.55;245.67;12.21;699;79;3954.00;123
10662;79;629041885;10662;232;11359;11482;9.00;0.55;245.70;12.21;697;79;3955.00;123
10666;79;629041895;10666;236;11359;11482;8.89;0.54;245.71;12.21;693;79;3956.00;123
10670;79;629041906;10670;231;11359;11482;8.81;0.54;245.72;12.21;689;79;3957.00;123
10672;79;629041916;10672;228;11359;11482;8.70;0.53;245.75;12.21;687;79;3958.00;123
10677;79;629041927;10677;226;11359;11482;8.57;0.52;245.79;12.21;682;79;3959.00;123
10678;79;629041938;10678;245;11431;11607;8.50;0.52;245.82;12.14;753;79;3960.00;176
10681;79;629041957;10681;240;11433;11608;8.50;0.53;245.89;12.14;752;79;3961.00;175
10685;79;629041968;10685;229;11437;11608;8.57;0.53;245.92;12.13;752;79;3962.00;171
10689;79;629041978;10689;229;11440;11608;8.65;0.54;245.94;12.13;751;79;3963.00;168
10695;79;629041989;10695;233;11443;11608;8.70;0.54;245.99;12.13;748;79;3964.00;165
10700;79;629041999;10700;229;11447;11608;8.81;0.54;246.02;12.13;747;79;3965.00;161
10703;79;629042009;10703;216;11448;11608;8.89;0.55;246.00;12.12;745;79;3966.00;160
10704;79;629042020;10704;210;11451;11608;9.05;0.56;246.01;12.12;747;79;3967.00;157
10709;79;629042036;10709;202;11455;11609;9.10;0.56;246.06;12.12;746;79;3968.00;154
10711;79;629042048;10711;201;11457;11610;9.17;0.57;246.07;12.12;746;79;3969.00;153
10715;79;629042059;10715;194;11459;11610;9.19;0.57;246.09;12.12;744;79;3970.00;151
10718;79;629042075;10718;191;11464;11614;9.24;0.57;246.11;12.12;746;79;3971.00;150
10721;79;629042087;10721;196;11466;11614;9.19;0.57;246.14;12.12;745;79;3972.00;148
10726;79;629042099;10726;193;11467;11614;9.18;0.56;246.12;12.12;741;79;3973.00;147
10729;79;629042110;10729;191;11467;11614;9.20;0.57;246.14;12.12;738;79;3974.00;147
10729;79;629042120;10729;192;11471;11620;9.24;0.57;246.14;12.11;742;79;3975.00;149
10733;79;629042132;10733;188;11472;11620;9.26;0.57;246.16;12.11;739;79;3976.00;148
10738;79;629042148;10738;193;11474;11620;9.25;0.57;246.16;12.11;736;79;3977.00;146
10739;79;629042164;10739;194;11476;11623;9.36;0.57;246.18;12.11;737;79;3978.00;147
10742;80;629042176;10742;192;11477;11623;9.48;0.58;246.16;12.11;735;80;3979.00;146
10745;80;629042198;10745;191;11477;11623;9.56;0.58;246.16;12.11;732;80;3980.00;146
10748;80;629042209;10748;193;11477;11624;9.55;0.58;246.21;12.11;729;80;3981.00;147
10751;80;629042220;10751;192;11478;11625;9.61;0.58;246.16;12.11;727;80;3982.00;147
10754;80;629042232;10754;193;11478;11625;9.68;0.59;246.18;12.11;724;80;3983.00;147
10755;80;629042243;10755;198;11488;11638;9.72;0.59;246.16;12.10;733;80;3984.00;150
10756;80;629042254;10756;196;11488;11638;9.73;0.59;246.15;12.10;732;80;3985.00;150
10759;80;629042265;10759;202;11488;11638;9.76;0.59;246.14;12.10;729;80;3986.00;150
10762;81;629042286;10762;210;11489;11639;9.70;0.59;246.13;12.10;727;81;3987.00;150
10764;81;629042313;10764;214;11489;11639;9.77;0.59;246.20;12.10;725;81;3988.00;150
10765;81;629042323;10765;213;11492;11643;9.87;0.60;246.19;12.09;727;81;3989.00;151
10767;81;629042341;10767;221;11493;11643;9.97;0.61;246.23;12.09;726;81;3990.00;150
10769;81;629042351;10769;221;11496;11647;9.96;0.61;246.24;12.09;727;81;3991.00;151
10771;81;629042361;10771;225;11496;11647;9.94;0.61;246.25;12.09;725;81;3992.00;151
10773;81;629042371;10773;230;11496;11647;9.96;0.61;246.23;12.09;723;81;3993.00;151
10774;81;629042381;10774;233;11496;11647;10.00;0.61;246.22;12.09;722;81;3994.00;151
10776;81;629042390;10776;232;11496;11647;10.04;0.61;246.20;12.09;720;81;3995.00;151
10778;81;629042400;10778;235;11505;11659;10.06;0.61;246.19;12.08;727;81;3996.00;154
10780;81;629042410;10780;234;11506;11659;10.13;0.62;246.18;12.08;726;81;3997.00;153
10782;81;629042420;10782;236;11508;11659;10.17;0.62;246.15;12.22;726;81;3998.00;151
10784;81;629042433;10784;238;11508;11659;10.18;0.62;246.14;12.22;724;81;3999.00;151
10788;81;629042450;10788;239;11508;11659;10.16;0.62;246.10;12.22;720;81;4000.00;151
10790;81;629042471;10790;235;11508;11659;10.11;0.62;246.07;12.22;718;81;4001.00;151
10793;81;629042485;10793;236;11508;11660;10.07;0.62;246.03;12.22;715;81;4002.00;152
10795;81;629042497;10795;233;11508;11660;10.10;0.62;246.00;12.22;713;81;4003.00;152
10797;81;629042508;10797;233;11512;11666;10.14;0.62;245.97;12.22;715;81;4004.00;154
10800;81;629042520;10800;229;11515;11668;10.17;0.62;245.96;12.22;715;81;4005.00;153
10802;81;629042532;10802;231;11515;11668;10.13;0.62;245.94;12.22;713;81;4006.00;153
10804;81;629042542;10804;231;11515;11668;10.12;0.62;245.93;12.22;711;81;4007.00;153
10810;81;629042552;10810;234;11518;11672;10.01;0.61;245.89;12.21;708;81;4008.00;154
10812;81;629042564;10812;233;11518;11672;10.02;0.61;245.88;12.21;706;81;4009.00;154
10815;81;629042573;10815;231;11518;11672;9.93;0.61;245.87;12.21;703;81;4010.00;154
10816;81;629042583;10816;234;11519;11673;9.91;0.60;245.85;12.21;703;81;4011.00;154
10820;81;629042592;10820;228;11522;11677;9.79;0.60;245.85;12.21;702;81;4012.00;155
10822;81;629042602;10822;228;11523;11677;9.72;0.59;245.82;12.35;701;81;4013.00;154
10825;81;629042611;10825;227;11525;11680;9.68;0.59;245.87;12.35;700;81;4014.00;155
10827;81;629042621;10827;223;11528;11680;9.66;0.59;245.84;12.37;701;81;4015.00;152
10829;81;629042631;10829;224;11529;11680;9.61;0.58;245.88;12.51;700;81;4016.00;151
10829;81;629042641;10829;223;11529;11680;9.64;0.59;245.88;12.51;700;81;4017.00;151
10832;81;629042649;10832;216;11532;11684;9.62;0.58;245.86;12.51;700;81;4018.00;152
10832;81;629042658;10832;202;11533;11684;9.68;0.59;245.86;12.65;701;81;4019.00;151
10835;81;629042669;10835;195;11534;11684;9.78;0.59;245.86;12.65;699;81;4020.00;150
10836;81;629042678;10836;187;11534;11684;9.82;0.60;245.84;12.65;698;81;4021.00;150
10837;81;629042688;10837;178;11535;11685;9.84;0.60;245.82;12.79;698;81;4022.00;150
10839;81;629042698;10839;172;11536;11686;9.92;0.60;245.80;12.78;697;81;4023.00;150
10842;81;629042708;10842;164;11536;11686;9.97;0.60;245.79;12.78;694;81;4024.00;150
10842;81;629042718;10842;162;11538;11687;10.02;0.61;245.79;12.92;696;81;4025.00;149
10844;81;629042727;10844;154;11539;11687;10.06;0.61;245.80;12.92;695;81;4026.00;148
10844;81;629042737;10844;154;11540;11687;10.13;0.61;245.80;13.06;696;81;4027.00;147
10846;81;629042746;10846;151;11540;11687;10.14;0.61;245.78;13.06;694;81;4028.00;147
10846;81;629042760;10846;146;11540;11687;10.22;0.62;245.78;13.06;694;81;4029.00;147
10848;81;629042770;10848;144;11541;11687;10.24;0.62;245.77;13.19;693;81;4030.00;146
10849;81;629042785;10849;137;11541;11687;10.27;0.62;245.76;13.19;692;81;4031.00;146
10849;81;629042795;10849;158;11607;11814;10.12;0.62;245.76;13.24;758;81;4032.00;207
10851;81;629042826;10851;150;11610;11815;10.16;0.62;245.75;13.24;759;81;4033.00;205
10851;81;629042836;10851;145;11618;11815;10.20;0.63;245.75;13.23;767;81;4034.00;197
10855;81;629042846;10855;143;11624;11815;10.24;0.63;245.73;13.23;769;81;4035.00;191
10856;81;629042857;10856;138;11632;11815;10.30;0.63;245.72;13.22;776;81;4036.00;183
10858;81;629042867;10858;147;11635;11815;10.35;0.64;245.71;13.22;777;81;4037.00;180
10858;81;629042877;10858;150;11640;11815;10.42;0.64;245.71;13.21;782;81;4038.00;175
10864;81;629042887;10864;154;11642;11815;10.36;0.64;245.69;13.21;778;81;4039.00;173
10864;81;629042904;10864;157;11648;11816;10.41;0.64;245.69;13.24;784;81;4040.00;168
10868;81;629042921;10868;163;11651;11817;10.43;0.64;245.66;13.23;783;81;4041.00;166
10868;81;629042932;10868;168;11654;11817;10.48;0.65;245.66;13.23;786;81;4042.00;163
10872;81;629042943;10872;177;11656;11818;10.43;0.64;245.69;13.24;784;81;4043.00;162
10876;81;629042954;10876;182;11659;11818;10.41;0.64;245.71;13.25;783;81;4044.00;159
10881;81;629042966;10881;187;11661;11818;10.24;0.63;245.72;13.27;780;81;4045.00;157
10883;81;629042977;10883;189;11664;11818;10.17;0.63;245.75;13.28;781;81;4046.00;154
10886;81;629042988;10886;198;11668;11822;10.00;0.61;245.74;13.28;782;81;4047.00;154
10890;81;629043000;10890;207;11671;11822;9.85;0.60;245.75;13.29;781;81;4048.00;151
10892;81;629043012;10892;213;11673;11822;9.70;0.59;245.77;13.31;781;81;4049.00;149
10897;81;629043025;10897;221;11677;11828;9.48;0.58;245.76;13.31;780;81;4050.00;151
10898;81;629043036;10898;218;11677;11828;9.42;0.58;245.75;13.31;779;81;4051.00;151
10902;81;629043046;10902;225;11680;11828;9.21;0.56;245.75;13.32;778;81;4052.00;148
10903;81;629043057;10903;231;11684;11832;9.09;0.56;245.75;13.33;781;81;4053.00;148
10904;81;629043067;10904;237;11688;11833;9.05;0.55;245.77;13.34;784;81;4054.00;145
10906;81;629043077;10906;242;11688;11833;9.01;0.55;245.77;13.34;782;81;4055.00;145
10907;81;629043087;10907;254;11692;11837;9.01;0.55;245.75;13.34;785;81;4056.00;145
10909;81;629043098;10909;253;11694;11837;8.92;0.55;245.78;13.35;785;81;4057.00;143
10910;81;629043108;10910;255;11695;11837;8.82;0.54;245.79;13.35;785;81;4058.00;142
10911;81;629043118;10911;258;11698;11838;8.72;0.54;245.81;13.37;787;81;4059.00;140
10912;81;629043128;10912;259;11699;11838;8.64;0.53;245.85;13.37;787;81;4060.00;139
10913;81;629043138;10913;256;11704;11844;8.61;0.53;245.85;13.38;791;81;4061.00;140
10917;81;629043149;10917;257;11705;11844;8.53;0.52;245.87;13.38;788;81;4062.00;139
10918;81;629043159;10918;258;11705;11845;8.51;0.52;245.91;13.38;787;81;4063.00;140
10921;81;629043174;10921;258;11709;11845;8.50;0.52;245.91;13.40;788;81;4064.00;136
10925;81;629043190;10925;253;11709;11845;8.56;0.53;245.95;13.40;784;81;4065.00;136
10927;81;629043199;10927;255;11710;11845;8.59;0.53;245.93;13.40;783;81;4066.00;135
10929;81;629043209;10929;259;11711;11845;8.56;0.53;246.00;13.41;782;81;4067.00;134
10931;81;629043220;10931;257;11721;11857;8.58;0.53;245.99;13.39;790;81;4068.00;136
10934;81;629043232;10934;249;11723;11857;8.50;0.52;245.99;13.40;789;81;4069.00;134
10938;81;629043242;10938;252;11724;11857;8.44;0.52;245.97;13.40;786;81;4070.00;133
10941;81;629043252;10941;252;11725;11857;8.35;0.51;246.02;13.41;784;81;4071.00;132
10941;81;629043262;10941;255;11726;11857;8.30;0.51;246.02;13.41;785;81;4072.00;131
10949;81;629043271;10949;254;11726;11857;8.20;0.50;246.01;13.41;777;81;4073.00;131
10953;81;629043281;10953;255;11731;11861;8.10;0.50;245.99;13.42;778;81;4074.00;130
10957;81;629043291;10957;251;11731;11861;7.97;0.49;246.02;13.42;774;81;4075.00;130
10962;81;629043301;10962;255;11734;11865;7.94;0.49;246.03;13.41;772;81;4076.00;131
10965;81;629043311;10965;254;11736;11866;7.84;0.48;246.03;13.42;771;81;4077.00;130
10969;81;629043320;10969;260;11737;11866;7.78;0.48;246.11;13.42;768;81;4078.00;129
10973;81;629043329;10973;264;11740;11866;7.67;0.47;246.11;13.44;767;81;4079.00;126
10979;81;629043340;10979;265;11760;11895;7.55;0.46;246.16;13.41;781;81;4080.00;135
10984;81;629043351;10984;256;11761;11895;7.46;0.46;246.12;13.42;777;81;4081.00;134
10990;81;629043361;10990;259;11764;11895;7.46;0.46;246.14;13.42;774;81;4082.00;131
10995;81;629043370;10995;255;11766;11896;7.47;0.46;246.15;13.41;771;81;4083.00;130
10999;81;629043385;10999;254;11768;11897;7.49;0.46;246.17;13.42;769;81;4084.00;129
11004;81;629043395;11004;251;11769;11897;7.51;0.46;246.18;13.42;765;81;4085.00;128
11008;81;629043405;11008;251;11772;11900;7.54;0.46;246.20;13.41;764;81;4086.00;128
11010;81;629043414;11010;246;11772;11900;7.65;0.47;246.17;13.41;762;81;4087.00;128
11015;81;629043424;11015;244;11772;11900;7.72;0.47;246.19;13.41;757;81;4088.00;128
11019;81;629043437;11019;234;11772;11900;7.76;0.48;246.22;13.41;753;81;4089.00;128
11021;81;629043451;11021;232;11777;11906;7.96;0.49;246.21;13.41;756;81;4090.00;129
11026;81;629043461;11026;229;11777;11906;8.06;0.49;246.21;13.41;751;81;4091.00;129
11032;81;629043471;11032;226;11777;11906;8.13;0.50;246.27;13.41;745;81;4092.00;129
11033;81;629043482;11033;220;11777;11906;8.21;0.50;246.27;13.41;744;81;4093.00;129
11036;81;629043491;11036;213;11780;11910;8.27;0.50;246.29;13.41;744;81;4094.00;130
11042;81;629043501;11042;203;11782;11912;8.38;0.51;246.27;13.40;740;81;4095.00;130
11045;81;629043512;11045;202;11782;11912;8.49;0.52;246.28;13.40;737;81;4096.00;130
11051;81;629043522;11051;203;11783;11913;8.57;0.52;246.27;13.40;732;81;4097.00;130
11057;81;629043532;11057;204;11783;11913;8.61;0.52;246.27;13.40;726;81;4098.00;130
11058;81;629043542;11058;209;11783;11913;8.76;0.53;246.27;13.40;725;81;4099.00;130
11061;81;629043553;11061;209;11783;11913;8.86;0.54;246.30;13.40;722;81;4100.00;130
11065;81;629043567;11065;206;11783;11913;8.97;0.54;246.32;13.40;718;81;4101.00;130
11068;81;629043577;11068;205;11783;11913;9.05;0.55;246.32;13.40;715;81;4102.00;130
11075;81;629043589;11075;196;11783;11913;9.12;0.55;246.36;13.40;708;81;4103.00;130
11079;81;629043600;11079;201;11821;11983;9.08;0.55;246.34;13.36;742;81;4104.00;162
11084;81;629043615;11084;196;11821;11984;9.16;0.56;246.36;13.36;737;81;4105.00;163
11088;81;629043626;11088;192;11826;11984;9.31;0.57;246.45;13.35;738;81;4106.00;158
11090;81;629043637;11090;193;11827;11984;9.45;0.58;246.44;13.35;737;81;4107.00;157
11095;81;629043648;11095;195;11833;11984;9.55;0.58;246.48;13.48;738;81;4108.00;151
11100;81;629043660;11100;198;11837;11984;9.60;0.59;246.56;13.48;737;81;4109.00;147
11101;81;629043673;11101;201;11840;11984;9.66;0.59;246.57;13.48;739;81;4110.00;144
11106;81;629043683;11106;200;11843;11984;9.61;0.59;246.60;13.48;737;81;4111.00;141
11111;81;629043694;11111;204;11845;11985;9.57;0.58;246.64;13.48;734;81;4112.00;140
11116;81;629043704;11116;204;11847;11986;9.48;0.58;246.59;13.47;731;81;4113.00;139
11118;81;629043715;11118;208;11848;11986;9.41;0.57;246.62;13.47;730;81;4114.00;138
11123;81;629043727;11123;209;11850;11990;9.39;0.57;246.61;13.47;727;81;4115.00;140
11125;81;629043738;11125;216;11850;11990;9.40;0.57;246.63;13.47;725;81;4116.00;140
11129;81;629043748;11129;218;11850;11990;9.39;0.57;246.64;13.47;721;81;4117.00;140
11134;81;629043759;11134;223;11850;11990;9.32;0.57;246.69;13.47;716;81;4118.00;140
11135;81;629043770;11135;224;11854;11996;9.36;0.57;246.70;13.47;719;81;4119.00;142
11139;81;629043780;11139;233;11856;11996;9.37;0.57;246.69;13.47;717;81;4120.00;140
11144;81;629043791;11144;240;11857;11996;9.34;0.57;246.71;13.47;713;81;4121.00;139
11146;81;629043802;11146;240;11859;11999;9.39;0.57;246.72;13.46;713;81;4122.00;140
11149;81;629043813;11149;250;11859;11999;9.32;0.57;246.69;13.46;710;81;4123.00;140
11154;81;629043822;11154;256;11862;11999;9.23;0.56;246.69;13.46;708;81;4124.00;137
11155;81;629043833;11155;260;11862;12000;9.09;0.55;246.70;13.46;707;81;4125.00;138
11162;81;629043844;11162;270;11863;12001;8.93;0.54;246.71;13.46;701;81;4126.00;138
11164;81;629043854;11164;262;11864;12001;8.77;0.53;246.70;13.46;700;81;4127.00;137
11168;81;629043865;11168;266;11875;12014;8.76;0.53;246.72;13.45;707;81;4128.00;139
11169;81;629043876;11169;264;11875;12014;8.62;0.52;246.73;13.45;706;81;4129.00;139
11171;81;629043886;11171;264;11875;12014;8.51;0.52;246.72;13.45;704;81;4130.00;139
11173;81;629043896;11173;264;11876;12015;8.44;0.51;246.72;13.45;703;81;4131.00;139
11176;81;629043905;11176;262;11876;12015;8.42;0.51;246.76;13.45;700;81;4132.00;139
11177;81;629043915;11177;267;11879;12019;8.47;0.51;246.76;13.45;702;81;4133.00;140
11178;81;629043926;11178;272;11879;12019;8.43;0.51;246.77;13.45;701;81;4134.00;140
11179;81;629043937;11179;275;11883;12023;8.42;0.51;246.77;13.44;704;81;4135.00;140
11180;81;629043947;11180;263;11883;12023;8.43;0.51;246.76;13.44;703;81;4136.00;140
11183;81;629043957;11183;255;11883;12023;8.41;0.51;246.74;13.44;700;81;4137.00;140
11183;81;629043967;11183;248;11883;12023;8.43;0.51;246.74;13.44;700;81;4138.00;140
11185;81;629043977;11185;246;11883;12023;8.40;0.51;246.74;13.44;698;81;4139.00;140
11186;81;629043988;11186;244;11906;12057;8.39;0.51;246.73;13.42;720;81;4140.00;151
11187;81;629044001;11187;240;11907;12057;8.41;0.51;246.73;13.41;720;81;4141.00;150
11188;81;629044012;11188;237;11909;12057;8.54;0.52;246.71;13.41;721;81;4142.00;148
11188;81;629044022;11188;235;11909;12057;8.58;0.53;246.71;13.41;721;81;4143.00;148
11190;81;629044032;11190;227;11910;12057;8.69;0.53;246.69;13.41;720;81;4144.00;147
11193;81;629044042;11193;229;11910;12057;8.83;0.54;246.67;13.41;717;81;4145.00;147
11198;81;629044068;11198;226;11911;12058;8.93;0.54;246.68;13.41;713;81;4146.00;147
11199;81;629044078;11199;229;11911;12058;8.97;0.55;246.67;13.41;712;81;4147.00;147
11202;81;629044089;11202;218;11915;12064;9.00;0.55;246.69;13.41;713;81;4148.00;149
11204;81;629044100;11204;218;11916;12065;9.02;0.55;246.67;13.41;712;81;4149.00;149
11204;81;629044110;11204;216;11917;12065;9.06;0.55;246.67;13.41;713;81;4150.00;148
11207;81;629044119;11207;215;11917;12065;9.04;0.55;246.64;13.41;710;81;4151.00;148
11209;81;629044128;11209;218;11921;12069;9.08;0.55;246.63;13.40;712;81;4152.00;148
11210;81;629044138;11210;219;11921;12069;9.03;0.55;246.63;13.40;711;81;4153.00;148
11213;81;629044153;11213;217;11921;12069;8.95;0.55;246.58;13.40;708;81;4154.00;148
11213;81;629044163;11213;213;11922;12070;8.95;0.55;246.58;13.40;709;81;4155.00;148
11215;81;629044172;11215;217;11925;12074;8.89;0.54;246.55;13.40;710;81;4156.00;149
11217;81;629044181;11217;222;11925;12074;8.87;0.54;246.53;13.40;708;81;4157.00;149
11220;81;629044190;11220;226;11927;12077;8.92;0.54;246.51;13.40;707;81;4158.00;150
11223;81;629044199;11223;232;11927;12077;8.97;0.55;246.50;13.40;704;81;4159.00;150
11224;81;629044208;11224;234;11928;12077;9.07;0.55;246.50;13.39;704;81;4160.00;149
11227;81;629044217;11227;238;11928;12077;9.08;0.55;246.47;13.39;701;81;4161.00;149
11228;81;629044232;11228;233;11931;12081;9.17;0.56;246.46;13.39;703;81;4162.00;150
11230;81;629044242;11230;235;11931;12081;9.21;0.56;246.46;13.39;701;81;4163.00;150
11231;81;629044251;11231;238;11932;12081;9.24;0.56;246.44;13.39;701;81;4164.00;149
11232;81;629044264;11232;236;11932;12081;9.30;0.57;246.43;13.39;700;81;4165.00;149
11235;81;629044273;11235;238;11932;12082;9.30;0.57;246.48;13.39;697;81;4166.00;150
11239;81;629044281;11239;244;11933;12083;9.29;0.57;246.44;13.39;694;81;4167.00;150
11239;81;629044290;11239;239;11933;12083;9.26;0.56;246.44;13.39;694;81;4168.00;150
11243;81;629044298;11243;246;11934;12084;9.33;0.57;246.47;13.39;691;81;4169.00;150
11245;81;629044308;11245;248;11934;12084;9.35;0.57;246.47;13.39;689;81;4170.00;150
11247;81;629044316;11247;236;11934;12084;9.36;0.57;246.45;13.39;687;81;4171.00;150
11251;81;629044325;11251;223;11934;12084;9.38;0.57;246.44;13.39;683;81;4172.00;150
11251;81;629044334;11251;214;11936;12086;9.41;0.57;246.44;13.39;685;81;4173.00;150
11253;81;629044349;11253;206;11936;12086;9.47;0.57;246.43;13.39;683;81;4174.00;150
11254;81;629044357;11254;200;11936;12086;9.59;0.58;246.41;13.39;682;81;4175.00;150
11256;81;629044367;11256;216;12006;12213;9.46;0.58;246.41;13.31;750;81;4176.00;207
11256;81;629044385;11256;197;12007;12214;9.56;0.59;246.41;13.31;751;81;4177.00;207
11258;81;629044400;11258;180;12012;12214;9.68;0.60;246.38;13.30;754;81;4178.00;202
11259;81;629044410;11259;169;12014;12214;9.87;0.61;246.37;13.30;755;81;4179.00;200
11263;81;629044418;11263;166;12018;12214;9.94;0.61;246.38;13.44;755;81;4180.00;196
11265;81;629044429;11265;157;12023;12214;9.98;0.61;246.36;13.43;758;81;4181.00;191
11268;81;629044445;11268;151;12026;12214;10.05;0.61;246.34;13.43;758;81;4182.00;188
11268;81;629044466;11268;148;12028;12214;10.22;0.63;246.34;13.43;760;81;4183.00;186
11270;81;629044479;11270;152;12032;12215;10.38;0.63;246.34;13.44;762;81;4184.00;183
11270;81;629044496;11270;145;12034;12217;10.54;0.64;246.34;13.44;764;81;4185.00;183
11273;81;629044511;11273;142;12039;12217;10.70;0.65;246.30;13.45;766;81;4186.00;178
11275;81;629044525;11275;141;12040;12218;10.85;0.66;246.30;13.45;765;81;4187.00;178
11278;81;629044537;11278;139;12044;12218;10.88;0.66;246.34;13.45;766;81;4188.00;174
11279;81;629044549;11279;135;12047;12218;10.84;0.66;246.33;13.45;768;81;4189.00;171
11281;81;629044561;11281;133;12049;12218;10.74;0.65;246.33;13.46;768;81;4190.00;169
11282;81;629044571;11282;130;12054;12222;10.68;0.65;246.38;13.46;772;81;4191.00;168
11282;81;629044584;11282;134;12055;12222;10.70;0.65;246.38;13.46;773;81;4192.00;167
11286;81;629044595;11286;130;12059;12222;10.67;0.65;246.41;13.46;773;81;4193.00;163
11288;81;629044606;11288;133;12061;12225;10.75;0.65;246.41;13.46;773;81;4194.00;164
11288;81;629044617;11288;139;12063;12225;10.77;0.66;246.41;13.59;775;81;4195.00;162
11291;81;629044629;11291;138;12063;12225;10.80;0.66;246.39;13.59;772;81;4196.00;162
11294;81;629044640;11294;142;12067;12229;10.66;0.65;246.40;13.59;773;81;4197.00;162
11297;81;629044652;11297;141;12068;12230;10.63;0.65;246.40;13.59;771;81;4198.00;162
11299;81;629044663;11299;143;12070;12230;10.49;0.64;246.38;13.73;771;81;4199.00;160
11306;81;629044677;11306;159;12079;12264;10.39;0.63;246.32;13.72;773;81;4200.00;185
11307;81;629044698;11307;153;12081;12264;10.23;0.62;246.34;13.72;774;81;4201.00;183
11309;81;629044710;11309;154;12082;12264;10.15;0.62;246.35;13.72;773;81;4202.00;182
11311;81;629044721;11311;155;12083;12265;10.09;0.61;246.38;13.72;772;81;4203.00;182
11313;81;629044732;11313;163;12084;12265;10.07;0.61;246.40;13.72;771;81;4204.00;181
11318;81;629044742;11318;167;12088;12271;10.03;0.61;246.45;13.71;770;81;4205.00;183
11321;81;629044755;11321;175;12091;12271;9.96;0.60;246.47;13.71;770;81;4206.00;180
11323;81;629044766;11323;172;12093;12272;9.92;0.60;246.49;13.72;770;81;4207.00;179
11326;81;629044777;11326;180;12093;12272;9.91;0.60;246.52;13.72;767;81;4208.00;179
11328;81;629044789;11328;186;12094;12272;9.84;0.60;246.52;13.72;766;81;4209.00;178
11331;81;629044799;11331;193;12096;12272;9.81;0.59;246.57;13.74;765;81;4210.00;176
11334;81;629044810;11334;199;12096;12272;9.77;0.59;246.58;13.74;762;81;4211.00;176
11340;81;629044821;11340;211;12108;12284;9.71;0.59;246.57;13.73;768;81;4212.00;176
11342;81;629044833;11342;208;12110;12284;9.67;0.59;246.56;13.75;768;81;4213.00;174
11345;81;629044843;11345;209;12111;12284;9.64;0.58;246.58;13.75;766;81;4214.00;173
11345;81;629044854;11345;206;12112;12284;9.61;0.58;246.58;13.76;767;81;4215.00;172
11346;81;629044865;11346;205;12113;12284;9.62;0.58;246.58;13.77;767;81;4216.00;171
11349;81;629044875;11349;208;12114;12284;9.62;0.58;246.58;13.78;765;81;4217.00;170
11351;81;629044887;11351;213;12121;12288;9.56;0.58;246.58;13.79;770;81;4218.00;167
11353;81;629044898;11353;214;12123;12288;9.56;0.58;246.59;13.81;770;81;4219.00;165
11354;81;629044908;11354;216;12125;12292;9.53;0.58;246.59;13.80;771;81;4220.00;167
11357;81;629044919;11357;219;12127;12293;9.50;0.58;246.55;13.81;770;81;4221.00;166
11360;81;629044930;11360;224;12128;12293;9.44;0.58;246.60;13.82;768;81;4222.00;165
11363;81;629044940;11363;232;12129;12293;9.41;0.57;246.62;13.82;766;81;4223.00;164
11367;81;629044950;11367;241;12140;12306;9.30;0.57;246.59;13.83;773;81;4224.00;166
11368;81;629044963;11368;241;12140;12306;9.26;0.57;246.59;13.83;772;81;4225.00;166
11369;81;629044973;11369;244;12141;12306;9.27;0.57;246.62;13.84;772;81;4226.00;165
11372;81;629044989;11372;247;12142;12307;9.21;0.56;246.62;13.84;770;81;4227.00;165
11375;81;629044999;11375;255;12144;12308;9.06;0.55;246.63;13.86;769;81;4228.00;164
11379;81;629045011;11379;255;12145;12308;9.03;0.55;246.65;13.86;766;81;4229.00;163
11381;81;629045022;11381;256;12151;12314;8.95;0.55;246.63;13.87;770;81;4230.00;163
11384;81;629045033;11384;255;12151;12314;8.90;0.55;246.62;13.87;767;81;4231.00;163
11385;81;629045044;11385;258;12155;12314;8.93;0.55;246.62;13.90;770;81;4232.00;159
11386;81;629045054;11386;259;12155;12314;8.97;0.55;246.64;13.90;769;81;4233.00;159
11390;81;629045064;11390;260;12159;12320;8.97;0.55;246.64;13.90;769;81;4234.00;161
11393;81;629045075;11393;257;12160;12320;8.95;0.55;246.64;13.91;767;81;4235.00;160
11397;81;629045085;11397;259;12161;12320;8.87;0.54;246.65;13.91;764;81;4236.00;159
11402;81;629045096;11402;259;12162;12320;8.71;0.53;246.64;13.92;760;81;4237.00;158
11403;81;629045106;11403;265;12167;12324;8.64;0.53;246.64;13.92;764;81;4238.00;157
11403;81;629045116;11403;263;12169;12325;8.64;0.53;246.64;13.92;766;81;4239.00;156
11405;81;629045126;11405;261;12170;12325;8.62;0.53;246.63;13.93;765;81;4240.00;155
11409;81;629045135;11409;267;12172;12326;8.59;0.53;246.63;13.92;763;81;4241.00;154
11416;81;629045145;11416;269;12173;12326;8.45;0.52;246.67;13.93;757;81;4242.00;153
11420;81;629045156;11420;269;12173;12326;8.38;0.52;246.71;13.93;753;81;4243.00;153
11426;81;629045165;11426;263;12173;12326;8.25;0.51;246.70;13.93;747;81;4244.00;153
11429;81;629045175;11429;260;12176;12326;8.18;0.50;246.80;13.95;747;81;4245.00;150
11434;81;629045185;11434;264;12176;12326;8.05;0.50;246.76;13.95;742;81;4246.00;150
11440;81;629045194;11440;267;12177;12326;7.97;0.49;246.78;13.96;737;81;4247.00;149
11447;81;629045204;11447;272;12214;12396;7.94;0.49;246.80;13.91;767;81;4248.00;182
11451;81;629045219;11451;268;12215;12397;7.86;0.49;246.79;13.91;764;81;4249.00;182
11457;81;629045228;11457;260;12220;12397;7.77;0.48;246.80;13.92;763;81;4250.00;177
11464;81;629045238;11464;257;12226;12397;7.71;0.48;246.82;13.92;762;81;4251.00;171
11467;81;629045249;11467;254;12231;12397;7.68;0.48;246.81;13.93;764;81;4252.00;166
11473;81;629045259;11473;248;12236;12397;7.54;0.47;246.85;13.94;763;81;4253.00;161
11479;81;629045269;11479;248;12240;12397;7.57;0.47;246.86;13.94;761;81;4254.00;157
11483;81;629045278;11483;249;12244;12397;7.60;0.47;246.89;13.95;761;81;4255.00;153
11487;81;629045288;11487;252;12245;12398;7.64;0.47;246.88;13.95;758;81;4256.00;153
11491;81;629045298;11491;246;12252;12399;7.70;0.47;246.88;13.95;761;81;4257.00;147
11497;81;629045308;11497;247;12252;12399;7.73;0.48;246.88;13.95;755;81;4258.00;147
11497;81;629045318;11497;245;12255;12403;7.83;0.48;246.88;13.95;758;81;4259.00;148
11501;81;629045329;11501;246;12256;12403;7.85;0.48;246.90;13.95;755;81;4260.00;147
11507;81;629045339;11507;249;12257;12403;7.82;0.48;246.95;13.95;750;81;4261.00;146
11509;81;629045348;11509;243;12257;12403;7.82;0.48;246.91;13.95;748;81;4262.00;146
11514;81;629045363;11514;245;12261;12409;7.76;0.48;246.96;13.95;747;81;4263.00;148
11516;81;629045374;11516;249;12262;12409;7.78;0.48;246.97;13.95;746;81;4264.00;147
11520;81;629045383;11520;253;12262;12409;7.76;0.47;246.98;13.95;742;81;4265.00;147
11524;81;629045393;11524;256;12265;12412;7.73;0.47;246.97;13.95;741;81;4266.00;147
11527;81;629045403;11527;256;12266;12412;7.75;0.47;247.00;13.96;739;81;4267.00;146
11530;81;629045412;11530;258;12266;12412;7.77;0.47;246.99;13.96;736;81;4268.00;146
11535;81;629045422;11535;255;12267;12413;7.80;0.48;246.97;13.96;732;81;4269.00;146
11539;81;629045431;11539;250;12269;12414;7.83;0.48;247.00;13.96;730;81;4270.00;145
11543;81;629045443;11543;245;12269;12414;7.83;0.48;247.04;13.96;726;81;4271.00;145
11546;81;629045452;11546;242;12281;12427;7.90;0.48;247.05;13.95;735;81;4272.00;146
11552;81;629045490;11552;245;12282;12427;7.82;0.48;247.07;13.95;730;81;4273.00;145
11558;81;629045500;11558;247;12283;12427;7.75;0.47;247.08;13.95;725;81;4274.00;144
11563;81;629045510;11563;248;12285;12429;7.78;0.47;247.04;13.94;722;81;4275.00;144
11570;81;629045521;11570;251;12286;12429;7.70;0.47;247.03;13.95;716;81;4276.00;143
11573;81;629045531;11573;254;12288;12433;7.76;0.47;247.10;13.94;715;81;4277.00;145
11577;81;629045541;11577;255;12289;12433;7.73;0.47;247.10;13.94;712;81;4278.00;144
11582;81;629045551;11582;253;12292;12437;7.70;0.47;247.15;13.94;710;81;4279.00;145
11586;81;629045561;11586;255;12292;12437;7.72;0.47;247.17;13.94;706;81;4280.00;145
11591;81;629045571;11591;261;12293;12437;7.72;0.47;247.27;13.94;702;81;4281.00;144
11594;81;629045581;11594;263;12294;12437;7.76;0.47;247.32;13.94;700;81;4282.00;143
11598;81;629045591;11598;265;12294;12437;7.74;0.47;247.29;13.94;696;81;4283.00;143
11602;81;629045601;11602;271;12304;12449;7.85;0.48;247.33;13.93;702;81;4284.00;145
11602;81;629045611;11602;276;12304;12449;7.88;0.48;247.33;13.93;702;81;4285.00;145
11607;81;629045621;11607;283;12306;12449;7.87;0.48;247.32;13.93;699;81;4286.00;143
11609;81;629045631;11609;290;12307;12449;7.84;0.48;247.31;14.07;698;81;4287.00;142
11611;81;629045641;11611;294;12308;12449;7.90;0.48;247.31;14.07;697;81;4288.00;141
11614;81;629045651;11614;293;12308;12449;7.85;0.48;247.32;14.07;694;81;4289.00;141
11616;81;629045662;11616;299;12309;12450;7.91;0.48;247.31;14.07;693;81;4290.00;141
11618;81;629045672;11618;300;12309;12450;7.93;0.49;247.31;14.07;691;81;4291.00;141
11623;81;629045681;11623;300;12313;12456;7.87;0.48;247.26;14.07;690;81;4292.00;143
11626;81;629045691;11626;301;12314;12457;7.86;0.48;247.27;14.07;688;81;4293.00;143
11626;81;629045701;11626;306;12315;12457;7.84;0.48;247.27;14.07;689;81;4294.00;142
11629;81;629045710;11629;313;12315;12457;7.74;0.47;247.24;14.07;686;81;4295.00;142
11631;81;629045719;11631;318;12319;12461;7.69;0.47;247.24;14.06;688;81;4296.00;142
11632;81;629045728;11632;311;12319;12461;7.67;0.47;247.23;14.06;687;81;4297.00;142
11635;81;629045738;11635;308;12319;12461;7.63;0.47;247.23;14.06;684;81;4298.00;142
11638;81;629045746;11638;308;12320;12462;7.58;0.46;247.21;14.06;682;81;4299.00;142
11641;81;629045756;11641;313;12323;12466;7.55;0.46;247.21;14.06;682;81;4300.00;143
11645;81;629045769;11645;308;12323;12466;7.50;0.46;247.19;14.06;678;81;4301.00;143
11646;81;629045779;11646;307;12325;12469;7.47;0.46;247.18;14.06;679;81;4302.00;144
11648;81;629045789;11648;301;12326;12469;7.39;0.45;247.15;14.20;678;81;4303.00;143
11652;81;629045798;11652;303;12327;12469;7.36;0.45;247.19;14.20;675;81;4304.00;142
11653;81;629045808;11653;306;12327;12469;7.34;0.45;247.18;14.20;674;81;4305.00;142
11659;81;629045822;11659;289;12330;12473;7.37;0.45;247.14;14.20;671;81;4306.00;143
11661;81;629045832;11661;275;12330;12473;7.47;0.46;247.14;14.20;669;81;4307.00;143
11665;81;629045853;11665;259;12331;12473;7.57;0.46;247.15;14.20;666;81;4308.00;142
11669;81;629045863;11669;251;12331;12473;7.70;0.47;247.19;14.20;662;81;4309.00;142
11671;81;629045872;11671;250;12331;12474;7.86;0.48;247.20;14.20;660;81;4310.00;143
11672;81;629045882;11672;242;12332;12475;7.97;0.48;247.19;14.19;660;81;4311.00;143
11672;81;629045897;11672;236;12332;12475;8.11;0.49;247.19;14.19;660;81;4312.00;143
11675;81;629045906;11675;234;12333;12476;8.20;0.50;247.17;14.19;658;81;4313.00;143
11677;81;629045916;11677;224;12333;12476;8.29;0.50;247.16;14.19;656;81;4314.00;143
11677;81;629045925;11677;221;12333;12476;8.42;0.51;247.16;14.19;656;81;4315.00;143
11678;81;629045935;11678;220;12333;12476;8.52;0.52;247.16;14.19;655;81;4316.00;143
11678;81;629045944;11678;221;12333;12476;8.64;0.52;247.16;14.19;655;81;4317.00;143
11678;81;629045953;11678;219;12333;12476;8.70;0.53;247.16;14.19;655;81;4318.00;143
11680;81;629045962;11680;219;12333;12476;8.76;0.53;247.16;14.19;653;81;4319.00;143
11681;81;629045973;11681;260;12443;12706;8.80;0.55;247.15;14.07;762;81;4320.00;263
11684;81;629045999;11684;248;12446;12707;8.88;0.55;247.14;14.07;762;81;4321.00;261
11684;81;629046009;11684;233;12456;12707;9.07;0.57;247.14;14.06;772;81;4322.00;251
11685;81;629046019;11685;219;12463;12707;9.19;0.57;247.14;14.05;778;81;4323.00;244
11686;81;629046028;11686;201;12470;12707;9.28;0.58;247.12;14.04;784;81;4324.00;237
11686;81;629046038;11686;189;12476;12707;9.35;0.58;247.12;14.04;790;81;4325.00;231
11686;81;629046049;11686;180;12479;12707;9.46;0.59;247.12;14.04;793;81;4326.00;228
11687;81;629046059;11687;179;12485;12707;9.52;0.59;247.12;14.03;798;81;4327.00;222
11688;81;629046070;11688;180;12488;12708;9.55;0.59;247.18;14.03;800;81;4328.00;220
11690;81;629046080;11690;181;12493;12709;9.57;0.59;247.16;14.17;803;81;4329.00;216
11691;81;629046099;11691;178;12497;12709;9.60;0.59;247.16;14.17;806;81;4330.00;212
11691;81;629046109;11691;173;12502;12710;9.72;0.60;247.16;14.17;811;81;4331.00;208
11693;82;629046120;11693;178;12504;12710;9.72;0.60;247.15;14.17;811;82;4332.00;206
11694;82;629046146;11694;177;12506;12710;9.78;0.60;247.14;14.17;812;82;4333.00;204
11695;82;629046167;11695;180;12508;12710;9.79;0.60;247.16;14.17;813;82;4334.00;202
11696;83;629046178;11696;181;12511;12714;9.77;0.60;247.15;14.17;815;83;4335.00;203
11697;83;629046197;11697;180;12514;12714;9.75;0.60;247.15;14.17;817;83;4336.00;200
11699;83;629046208;11699;182;12515;12714;9.78;0.60;247.14;14.17;816;83;4337.00;199
11700;83;629046219;11700;182;12516;12717;9.87;0.60;247.14;14.17;816;83;4338.00;201
11700;83;629046230;11700;184;12519;12717;9.98;0.61;247.14;14.17;819;83;4339.00;198
11701;83;629046241;11701;184;12519;12717;10.13;0.62;247.13;14.17;818;83;4340.00;198
11701;83;629046252;11701;183;12524;12721;10.18;0.62;247.13;14.17;823;83;4341.00;197
11702;83;629046275;11702;187;12527;12722;10.28;0.63;247.12;14.17;825;83;4342.00;195
11704;83;629046286;11704;190;12528;12722;10.42;0.64;247.11;14.17;824;83;4343.00;194
11707;83;629046297;11707;195;12529;12726;10.56;0.65;247.10;14.17;822;83;4344.00;197
11710;83;629046309;11710;191;12532;12726;10.66;0.65;247.09;14.17;822;83;4345.00;194
11715;83;629046326;11715;188;12535;12726;10.67;0.65;247.08;14.31;820;83;4346.00;191
11716;83;629046338;11716;186;12536;12727;10.70;0.65;247.08;14.31;820;83;4347.00;191
11720;83;629046354;11720;186;12537;12727;10.67;0.65;247.09;14.31;817;83;4348.00;190
11721;83;629046377;11721;187;12539;12733;10.69;0.65;247.10;14.31;818;83;4349.00;194
11725;83;629046397;11725;187;12540;12733;10.70;0.65;247.10;14.31;815;83;4350.00;193
11729;83;629046414;11729;182;12541;12734;10.67;0.65;247.09;14.45;812;83;4351.00;193
11733;83;629046425;11733;177;12542;12734;10.64;0.65;247.07;14.45;809;83;4352.00;192
11738;83;629046437;11738;169;12542;12734;10.67;0.65;247.09;14.45;804;83;4353.00;192
11742;83;629046453;11742;165;12547;12734;10.62;0.65;247.09;14.61;805;83;4354.00;187
11744;83;629046471;11744;158;12548;12734;10.69;0.65;247.09;14.62;804;83;4355.00;186
11747;83;629046487;11747;160;12558;12746;10.71;0.65;247.12;14.61;811;83;4356.00;188
11750;83;629046504;11750;165;12558;12746;10.79;0.66;247.17;14.61;808;83;4357.00;188
11752;83;629046518;11752;164;12560;12746;10.85;0.66;247.17;14.76;808;83;4358.00;186
11759;83;629046533;11759;153;12560;12746;10.86;0.66;247.24;14.76;801;83;4359.00;186
11761;83;629046546;11761;152;12561;12746;10.89;0.66;247.25;14.90;800;83;4360.00;185
11763;83;629046559;11763;155;12561;12746;10.89;0.66;247.25;14.90;798;83;4361.00;185
11769;83;629046572;11769;151;12565;12750;10.89;0.66;247.26;14.90;796;83;4362.00;185
11774;83;629046585;11774;154;12565;12750;10.93;0.66;247.28;14.90;791;83;4363.00;185
11777;83;629046598;11777;154;12568;12754;10.97;0.67;247.30;15.04;791;83;4364.00;186
11779;83;629046610;11779;157;12571;12756;10.99;0.67;247.29;15.03;792;83;4365.00;185
11784;83;629046623;11784;162;12572;12756;10.96;0.66;247.32;15.17;788;83;4366.00;184
11785;83;629046635;11785;167;12573;12756;10.99;0.67;247.33;15.17;788;83;4367.00;183
11788;83;629046647;11788;166;12583;12769;10.95;0.66;247.31;15.16;795;83;4368.00;186
11793;83;629046660;11793;164;12584;12769;10.88;0.66;247.32;15.30;791;83;4369.00;185
11794;83;629046672;11794;164;12585;12769;10.85;0.66;247.32;15.30;791;83;4370.00;184
11796;84;629046684;11796;168;12586;12770;10.84;0.66;247.36;15.30;790;84;4371.00;184
11798;84;629046711;11798;176;12586;12771;10.87;0.66;247.41;15.30;788;84;4372.00;185
11800;84;629046728;11800;179;12587;12771;10.87;0.66;247.45;15.30;787;84;4373.00;184
11801;84;629046740;11801;183;12589;12774;10.91;0.66;247.47;15.30;788;84;4374.00;185
11804;84;629046752;11804;185;12590;12774;10.88;0.66;247.55;15.30;786;84;4375.00;184
11805;84;629046764;11805;180;12591;12774;10.86;0.66;247.54;15.30;786;84;4376.00;183
11807;84;629046775;11807;188;12592;12774;10.77;0.65;247.53;15.31;785;84;4377.00;182
11811;84;629046787;11811;186;12596;12780;10.79;0.65;247.56;15.30;785;84;4378.00;184
11813;84;629046800;11813;191;12598;12780;10.76;0.65;247.54;15.32;785;84;4379.00;182
11817;84;629046814;11817;193;12600;12780;10.73;0.65;247.52;15.33;783;84;4380.00;180
11819;84;629046826;11819;200;12600;12780;10.68;0.65;247.51;15.33;781;84;4381.00;180
11821;84;629046838;11821;205;12605;12784;10.53;0.64;247.58;15.34;784;84;4382.00;179
11824;84;629046850;11824;217;12607;12785;10.47;0.64;247.55;15.34;783;84;4383.00;178
11825;84;629046861;11825;224;12609;12785;10.33;0.63;247.56;15.36;784;84;4384.00;176
11826;84;629046873;11826;228;12611;12786;10.30;0.62;247.55;15.37;785;84;4385.00;175
11827;84;629046884;11827;235;12612;12786;10.17;0.62;247.53;15.37;785;84;4386.00;174
11831;84;629046896;11831;244;12614;12786;10.02;0.61;247.55;15.39;783;84;4387.00;172
11836;84;629046907;11836;248;12616;12786;9.86;0.60;247.58;15.40;780;84;4388.00;170
11840;84;629046918;11840;252;12618;12786;9.74;0.59;247.55;15.40;778;84;4389.00;168
11842;84;629046929;11842;257;12618;12786;9.68;0.59;247.56;15.40;776;84;4390.00;168
11845;84;629046940;11845;257;12620;12786;9.55;0.58;247.58;15.42;775;84;4391.00;166
11847;84;629046951;11847;271;12657;12856;9.46;0.58;247.57;15.40;810;84;4392.00;199
11848;84;629046968;11848;276;12662;12857;9.39;0.57;247.57;15.42;814;84;4393.00;195
11850;84;629046978;11850;279;12671;12857;9.34;0.57;247.56;15.42;821;84;4394.00;186
11853;84;629046989;11853;282;12673;12857;9.28;0.57;247.55;15.43;820;84;4395.00;184
11857;84;629047000;11857;285;12679;12857;9.20;0.56;247.52;15.44;822;84;4396.00;178
11858;84;629047011;11858;286;12683;12857;9.09;0.55;247.51;15.45;825;84;4397.00;174
11860;84;629047021;11860;286;12688;12857;9.04;0.55;247.50;15.45;828;84;4398.00;169
11861;84;629047032;11861;283;12692;12857;8.97;0.55;247.50;15.46;831;84;4399.00;165
11862;84;629047044;11862;279;12697;12858;8.94;0.55;247.48;15.47;835;84;4400.00;161
11865;84;629047060;11865;273;12699;12859;8.88;0.54;247.47;15.47;834;84;4401.00;160
11871;84;629047072;11871;273;12701;12859;8.71;0.53;247.43;15.49;830;84;4402.00;158
11871;84;629047084;11871;273;12704;12863;8.59;0.52;247.43;15.49;833;84;4403.00;159
11874;84;629047101;11874;277;12707;12863;8.53;0.52;247.50;15.51;833;84;4404.00;156
11877;84;629047112;11877;277;12707;12863;8.51;0.52;247.53;15.51;830;84;4405.00;156
11880;84;629047123;11880;282;12709;12863;8.50;0.52;247.54;15.51;829;84;4406.00;154
11883;84;629047134;11883;289;12715;12869;8.53;0.52;247.54;15.51;832;84;4407.00;154
11887;84;629047145;11887;290;12716;12869;8.55;0.52;247.58;15.51;829;84;4408.00;153
11892;84;629047156;11892;293;12716;12869;8.53;0.52;247.60;15.51;824;84;4409.00;153
11894;84;629047170;11894;297;12723;12875;8.52;0.52;247.62;15.52;829;84;4410.00;152
11896;84;629047181;11896;297;12724;12875;8.52;0.52;247.63;15.51;828;84;4411.00;151
11900;84;629047192;11900;299;12725;12875;8.45;0.52;247.65;15.52;825;84;4412.00;150
11904;84;629047203;11904;300;12725;12876;8.29;0.51;247.70;15.52;821;84;4413.00;151
11909;84;629047213;11909;298;12726;12877;8.17;0.50;247.71;15.52;817;84;4414.00;151
11913;84;629047224;11913;304;12728;12877;8.01;0.49;247.74;15.54;815;84;4415.00;149
11919;84;629047235;11919;306;12740;12890;7.76;0.48;247.75;15.53;821;84;4416.00;150
11923;84;629047246;11923;306;12740;12890;7.62;0.47;247.76;15.53;817;84;4417.00;150
11928;84;629047257;11928;308;12743;12890;7.45;0.46;247.74;15.55;815;84;4418.00;147
11933;84;629047266;11933;304;12744;12891;7.19;0.44;247.76;15.55;811;84;4419.00;147
11937;84;629047276;11937;307;12744;12891;7.10;0.44;247.80;15.55;807;84;4420.00;147
11940;84;629047286;11940;306;12750;12895;7.06;0.44;247.85;15.56;810;84;4421.00;145
11946;84;629047297;11946;301;12750;12895;7.07;0.44;247.80;15.56;804;84;4422.00;145
11953;84;629047307;11953;299;12752;12899;7.07;0.43;247.81;15.56;799;84;4423.00;147
11958;84;629047317;11958;292;12756;12899;7.03;0.43;247.83;15.57;798;84;4424.00;143
11962;84;629047326;11962;285;12756;12899;7.07;0.43;247.87;15.57;794;84;4425.00;143
11964;84;629047336;11964;283;12756;12899;7.15;0.44;247.90;15.57;792;84;4426.00;143
11968;84;629047345;11968;275;12757;12899;7.20;0.44;247.91;15.57;789;84;4427.00;142
11973;84;629047355;11973;270;12768;12911;7.34;0.45;247.90;15.56;795;84;4428.00;143
11977;84;629047366;11977;267;12768;12911;7.44;0.46;247.94;15.56;791;84;4429.00;143
11979;84;629047377;11979;264;12769;12911;7.59;0.47;247.94;15.56;790;84;4430.00;142
11982;84;629047387;11982;256;12769;12911;7.70;0.47;247.96;15.56;787;84;4431.00;142
11984;84;629047397;11984;252;12770;12911;7.78;0.48;247.95;15.56;786;84;4432.00;141
11987;84;629047407;11987;247;12770;12911;7.89;0.49;248.01;15.56;783;84;4433.00;141
11988;84;629047417;11988;243;12770;12912;8.00;0.49;248.02;15.56;782;84;4434.00;142
11994;84;629047433;11994;246;12770;12912;8.05;0.50;248.07;15.56;776;84;4435.00;142
11998;84;629047445;11998;246;12775;12918;8.06;0.49;248.06;15.55;777;84;4436.00;143
12004;84;629047456;12004;239;12776;12919;8.00;0.49;248.08;15.55;772;84;4437.00;143
12009;84;629047467;12009;246;12776;12919;7.94;0.49;248.08;15.55;767;84;4438.00;143
12013;84;629047477;12013;252;12776;12919;7.95;0.49;248.06;15.55;763;84;4439.00;143
12018;84;629047489;12018;250;12780;12924;7.88;0.48;248.08;15.55;762;84;4440.00;144
12021;84;629047501;12021;253;12780;12924;7.95;0.49;248.11;15.55;759;84;4441.00;144
12025;84;629047517;12025;253;12780;12924;8.02;0.49;248.10;15.55;755;84;4442.00;144
12029;84;629047527;12029;252;12781;12925;8.02;0.49;248.10;15.55;752;84;4443.00;144
12034;84;629047537;12034;247;12784;12929;8.04;0.49;248.07;15.54;750;84;4444.00;145
12037;84;629047548;12037;260;12784;12929;8.01;0.49;248.07;15.54;747;84;4445.00;145
12040;84;629047557;12040;262;12786;12932;8.04;0.49;248.07;15.54;746;84;4446.00;146
12044;84;629047568;12044;267;12787;12932;8.02;0.49;248.05;15.54;743;84;4447.00;145
12047;84;629047577;12047;268;12787;12932;7.99;0.49;248.09;15.54;740;84;4448.00;145
12048;84;629047588;12048;270;12787;12932;7.95;0.49;248.09;15.54;739;84;4449.00;145
12054;84;629047604;12054;273;12790;12936;7.87;0.48;248.12;15.54;736;84;4450.00;146
12057;84;629047614;12057;275;12790;12936;7.86;0.48;248.11;15.54;733;84;4451.00;146
12062;84;629047624;12062;277;12791;12936;7.85;0.48;248.13;15.54;729;84;4452.00;145
12068;84;629047634;12068;277;12791;12936;7.82;0.48;248.10;15.54;723;84;4453.00;145
12073;84;629047649;12073;282;12791;12937;7.73;0.47;248.07;15.54;718;84;4454.00;146
12074;84;629047659;12074;285;12793;12939;7.74;0.47;248.08;15.53;719;84;4455.00;146
12079;84;629047669;12079;289;12793;12939;7.60;0.47;248.08;15.53;714;84;4456.00;146
12081;84;629047683;12081;295;12794;12940;7.57;0.46;248.10;15.53;713;84;4457.00;146
12083;84;629047693;12083;298;12794;12940;7.51;0.46;248.11;15.53;711;84;4458.00;146
12087;84;629047701;12087;303;12794;12940;7.42;0.46;248.08;15.53;707;84;4459.00;146
12093;84;629047711;12093;309;12794;12940;7.27;0.45;248.05;15.53;701;84;4460.00;146
12098;84;629047719;12098;315;12794;12940;7.18;0.44;248.03;15.53;696;84;4461.00;146
12099;84;629047729;12099;319;12794;12940;7.10;0.44;248.01;15.53;695;84;4462.00;146
12102;84;629047738;12102;324;12794;12940;6.95;0.43;247.98;15.53;692;84;4463.00;146
12103;84;629047747;12103;341;12860;13067;7.43;0.46;248.03;15.45;757;84;4464.00;207
12104;84;629047766;12104;335;12862;13068;7.38;0.46;248.03;15.45;758;84;4465.00;206
12105;84;629047775;12105;334;12871;13068;7.48;0.46;248.01;15.44;766;84;4466.00;197
12106;84;629047783;12106;325;12874;13068;7.45;0.46;248.00;15.44;768;84;4467.00;194
12109;84;629047793;12109;322;12880;13068;7.48;0.46;247.99;15.43;771;84;4468.00;188
12109;84;629047808;12109;322;12884;13068;7.51;0.47;247.99;15.43;775;84;4469.00;184
12111;84;629047819;12111;322;12890;13068;7.50;0.46;247.99;15.43;779;84;4470.00;178
12112;84;629047835;12112;317;12894;13068;7.51;0.46;247.98;15.42;782;84;4471.00;174
12112;84;629047844;12112;314;12899;13069;7.49;0.46;247.98;15.42;787;84;4472.00;170
12114;84;629047860;12114;314;12900;13070;7.48;0.46;248.00;15.42;786;84;4473.00;170
12116;84;629047876;12116;317;12903;13070;7.49;0.46;247.98;15.42;787;84;4474.00;167
12120;84;629047886;12120;307;12906;13071;7.51;0.46;247.98;15.42;786;84;4475.00;165
12120;84;629047896;12120;291;12908;13071;7.60;0.47;247.98;15.42;788;84;4476.00;163
12122;84;629047907;12122;267;12909;13071;7.69;0.47;247.96;15.42;787;84;4477.00;162
12123;84;629047918;12123;252;12911;13071;7.86;0.48;247.96;15.42;788;84;4478.00;160
12123;84;629047929;12123;239;12914;13075;8.01;0.49;247.96;15.41;791;84;4479.00;161
12125;84;629047941;12125;233;12917;13075;8.18;0.50;247.96;15.55;792;84;4480.00;158
12125;84;629047954;12125;225;12918;13075;8.41;0.51;247.96;15.55;793;84;4481.00;157
12126;84;629047965;12126;214;12921;13078;8.65;0.53;247.97;15.55;795;84;4482.00;157
12127;84;629047982;12127;202;12921;13078;8.84;0.54;247.96;15.55;794;84;4483.00;157
12128;84;629047994;12128;198;12922;13078;8.98;0.55;247.96;15.55;794;84;4484.00;156
12131;84;629048013;12131;190;12925;13082;9.12;0.55;247.96;15.54;794;84;4485.00;157
12131;84;629048025;12131;184;12926;13083;9.30;0.57;247.96;15.54;795;84;4486.00;157
12132;84;629048042;12132;175;12926;13083;9.38;0.57;247.94;15.54;794;84;4487.00;157
12133;84;629048059;12133;173;12929;13087;9.55;0.58;247.92;15.54;796;84;4488.00;158
12133;84;629048072;12133;164;12929;13087;9.70;0.59;247.92;15.54;796;84;4489.00;158
12136;84;629048089;12136;161;12929;13087;9.81;0.60;247.89;15.54;793;84;4490.00;158
12136;84;629048101;12136;154;12930;13088;9.96;0.61;247.89;15.54;794;84;4491.00;158
12139;84;629048113;12139;149;12930;13088;10.09;0.61;247.91;15.54;791;84;4492.00;158
12139;84;629048125;12139;144;12934;13094;10.22;0.62;247.91;15.53;795;84;4493.00;160
12141;84;629048137;12141;145;12934;13094;10.31;0.63;247.89;15.53;793;84;4494.00;160
12146;84;629048148;12146;143;12935;13095;10.45;0.64;247.90;15.53;789;84;4495.00;160
12148;85;629048160;12148;142;12935;13095;10.62;0.65;247.91;15.53;787;85;4496.00;160
12148;85;629048178;12148;138;12935;13095;10.78;0.66;247.91;15.53;787;85;4497.00;160
12155;85;629048189;12155;140;12935;13095;10.80;0.66;247.91;15.53;780;85;4498.00;160
12159;85;629048202;12159;137;12935;13095;10.87;0.66;247.90;15.53;776;85;4499.00;160
12164;85;629048220;12164;131;12957;13145;10.80;0.66;247.92;15.51;793;85;4500.00;188
12167;85;629048240;12167;133;12957;13147;10.86;0.66;247.89;15.51;790;85;4501.00;190
12170;85;629048253;12170;134;12960;13147;10.98;0.67;247.86;15.50;790;85;4502.00;187
12174;85;629048265;12174;135;12960;13147;11.02;0.67;247.88;15.50;786;85;4503.00;187
12176;85;629048277;12176;137;12962;13147;11.04;0.67;247.87;15.50;786;85;4504.00;185
12178;85;629048288;12178;132;12963;13147;11.05;0.67;247.90;15.50;785;85;4505.00;184
12181;85;629048300;12181;133;12967;13151;11.09;0.67;247.92;15.50;786;85;4506.00;184
12182;85;629048311;12182;136;12968;13151;11.18;0.68;247.92;15.50;786;85;4507.00;183
12185;85;629048322;12185;137;12973;13155;11.20;0.68;247.94;15.49;788;85;4508.00;182
12187;85;629048334;12187;136;12974;13156;11.37;0.69;247.94;15.49;787;85;4509.00;182
12189;85;629048346;12189;137;12975;13156;11.43;0.70;247.96;15.49;786;85;4510.00;181
12191;85;629048363;12191;135;12975;13156;11.47;0.70;247.97;15.49;784;85;4511.00;181
12193;85;629048374;12193;136;12982;13169;11.51;0.70;247.95;15.48;789;85;4512.00;187
12197;85;629048387;12197;135;12982;13169;11.49;0.70;247.99;15.48;785;85;4513.00;187
12199;85;629048399;12199;141;12983;13169;11.57;0.70;247.97;15.48;784;85;4514.00;186
12203;85;629048410;12203;138;12984;13170;11.66;0.71;247.98;15.48;781;85;4515.00;186
12209;85;629048422;12209;143;12985;13171;11.65;0.71;247.98;15.48;776;85;4516.00;186
12210;85;629048433;12210;143;12985;13171;11.63;0.71;247.97;15.48;775;85;4517.00;186
12214;85;629048450;12214;146;12987;13174;11.72;0.71;247.99;15.48;773;85;4518.00;187
12217;85;629048468;12217;143;12987;13174;11.78;0.72;247.98;15.48;770;85;4519.00;187
12219;85;629048483;12219;145;12988;13174;11.79;0.72;247.98;15.48;769;85;4520.00;186
12220;85;629048499;12220;140;12988;13174;11.88;0.72;247.99;15.48;768;85;4521.00;186
12224;85;629048518;12224;138;12992;13180;11.85;0.72;247.99;15.48;768;85;4522.00;188
12228;85;629048533;12228;136;12992;13180;11.86;0.72;247.95;15.48;764;85;4523.00;188
12232;85;629048546;12232;131;12992;13180;11.87;0.72;248.00;15.48;760;85;4524.00;188
12235;85;629048560;12235;126;12994;13180;11.93;0.72;247.99;15.50;759;85;4525.00;186
12241;85;629048575;12241;128;12998;13184;11.78;0.71;247.98;15.50;757;85;4526.00;186
12243;85;629048588;12243;124;12999;13185;11.74;0.71;247.99;15.50;756;85;4527.00;186
12247;85;629048607;12247;126;13000;13185;11.69;0.71;247.99;15.50;753;85;4528.00;185
12253;85;629048623;12253;126;13001;13186;11.65;0.71;248.04;15.50;748;85;4529.00;185
12254;85;629048637;12254;126;13001;13186;11.68;0.71;248.03;15.50;747;85;4530.00;185
12261;85;629048654;12261;125;13001;13186;11.71;0.71;248.02;15.50;740;85;4531.00;185
12263;85;629048666;12263;128;13002;13186;11.74;0.71;248.01;15.50;739;85;4532.00;184
12268;85;629048678;12268;123;13002;13186;11.72;0.71;247.98;15.50;734;85;4533.00;184
12270;85;629048689;12270;122;13003;13186;11.75;0.71;247.96;15.50;733;85;4534.00;183
12271;85;629048701;12271;127;13003;13186;11.80;0.72;247.99;15.50;732;85;4535.00;183
12272;85;629048712;12272;140;13039;13256;11.68;0.71;247.98;15.46;767;85;4536.00;217
12277;85;629048729;12277;134;13041;13257;11.64;0.71;248.00;15.46;764;85;4537.00;216
12280;85;629048740;12280;132;13045;13257;11.56;0.70;247.98;15.46;765;85;4538.00;212
12281;85;629048752;12281;132;13049;13257;11.48;0.70;247.98;15.46;768;85;4539.00;208
12288;85;629048764;12288;139;13053;13257;11.42;0.69;247.98;15.46;765;85;4540.00;204
12291;85;629048776;12291;138;13057;13257;11.40;0.69;247.97;15.45;766;85;4541.00;200
12296;85;629048788;12296;138;13060;13257;11.41;0.69;247.96;15.45;764;85;4542.00;197
12297;85;629048802;12297;138;13066;13257;11.37;0.69;247.97;15.45;769;85;4543.00;191
12299;85;629048813;12299;145;13070;13258;11.28;0.69;247.96;15.46;771;85;4544.00;188
12303;85;629048825;12303;146;13074;13260;11.18;0.68;247.95;15.45;771;85;4545.00;186
12305;85;629048838;12305;150;13077;13260;11.11;0.68;247.95;15.45;772;85;4546.00;183
12307;85;629048850;12307;151;13080;13264;11.04;0.67;247.98;15.45;773;85;4547.00;184
12311;85;629048864;12311;159;13081;13264;10.97;0.67;248.01;15.45;770;85;4548.00;183
12314;85;629048876;12314;166;13081;13264;10.91;0.66;248.03;15.45;767;85;4549.00;183
12315;85;629048887;12315;173;13085;13264;10.78;0.66;248.02;15.48;770;85;4550.00;179
12320;85;629048900;12320;175;13088;13270;10.72;0.65;248.07;15.48;768;85;4551.00;182
12321;85;629048917;12321;183;13089;13270;10.69;0.65;248.05;15.48;768;85;4552.00;181
12327;85;629048930;12327;192;13090;13270;10.71;0.65;248.04;15.49;763;85;4553.00;180
12329;85;629048942;12329;195;13094;13273;10.77;0.66;248.05;15.50;765;85;4554.00;179
12332;85;629048954;12332;202;13095;13273;10.73;0.65;248.06;15.50;763;85;4555.00;178
12334;85;629048965;12334;209;13097;13273;10.72;0.65;248.06;15.52;763;85;4556.00;176
12339;85;629048977;12339;215;13099;13274;10.62;0.65;248.07;15.53;760;85;4557.00;175
12345;85;629048988;12345;220;13102;13275;10.45;0.64;248.08;15.55;757;85;4558.00;173
12349;85;629048999;12349;222;13103;13275;10.41;0.63;248.08;15.54;754;85;4559.00;172
12353;85;629049011;12353;228;13124;13301;10.22;0.62;248.09;15.55;771;85;4560.00;177
12354;85;629049024;12354;226;13125;13301;10.19;0.62;248.08;15.56;771;85;4561.00;176
12356;85;629049035;12356;232;13128;13301;10.20;0.62;248.08;15.57;772;85;4562.00;173
12361;85;629049045;12361;234;13131;13302;10.16;0.62;248.12;15.58;770;85;4563.00;171
12361;85;629049056;12361;240;13133;13302;10.07;0.61;248.12;15.59;772;85;4564.00;169
12364;85;629049067;12364;243;13138;13306;9.96;0.61;248.13;15.60;774;85;4565.00;168
12367;85;629049077;12367;251;13140;13306;9.73;0.59;248.14;15.62;773;85;4566.00;166
12368;85;629049088;12368;257;13143;13310;9.53;0.58;248.14;15.61;775;85;4567.00;167
12370;85;629049099;12370;265;13144;13310;9.36;0.57;248.19;15.62;774;85;4568.00;166
12373;85;629049109;12373;270;13145;13310;9.17;0.56;248.18;15.63;772;85;4569.00;165
12374;85;629049119;12374;261;13146;13310;8.98;0.55;248.17;15.64;772;85;4570.00;164
12375;85;629049128;12375;264;13147;13310;8.81;0.54;248.17;15.65;772;85;4571.00;163
12378;85;629049138;12378;269;13158;13322;8.68;0.53;248.18;15.64;780;85;4572.00;164
12379;85;629049149;12379;272;13159;13322;8.52;0.52;248.18;15.65;780;85;4573.00;163
12383;85;629049157;12383;275;13160;13322;8.46;0.52;248.18;15.65;777;85;4574.00;162
12385;85;629049167;12385;274;13162;13322;8.41;0.51;248.17;15.66;777;85;4575.00;160
12387;85;629049177;12387;276;13163;13322;8.36;0.51;248.17;15.67;776;85;4576.00;159
12389;85;629049187;12389;282;13164;13322;8.30;0.51;248.16;15.67;775;85;4577.00;158
12390;85;629049197;12390;282;13165;13323;8.25;0.50;248.16;15.67;775;85;4578.00;158
12394;85;629049206;12394;293;13166;13323;8.22;0.50;248.17;15.68;772;85;4579.00;157
12397;85;629049215;12397;295;13170;13329;8.19;0.50;248.18;15.68;773;85;4580.00;159
12400;85;629049232;12400;297;13172;13330;8.06;0.49;248.19;15.68;772;85;4581.00;158
12402;85;629049242;12402;303;13173;13330;8.00;0.49;248.18;15.68;771;85;4582.00;157
12409;85;629049251;12409;307;13174;13330;7.82;0.48;248.12;15.69;765;85;4583.00;156
12410;85;629049261;12410;301;13178;13334;7.72;0.47;248.13;15.69;768;85;4584.00;156
12415;85;629049270;12415;304;13180;13334;7.59;0.46;248.12;15.70;765;85;4585.00;154
12418;85;629049279;12418;309;13181;13334;7.44;0.46;248.16;15.71;763;85;4586.00;153
12422;85;629049287;12422;311;13182;13335;7.19;0.44;248.15;15.71;760;85;4587.00;153
12428;85;629049296;12428;317;13185;13339;6.90;0.42;248.15;15.70;757;85;4588.00;154
12429;85;629049304;12429;322;13187;13339;6.71;0.41;248.14;15.71;758;85;4589.00;152
12431;85;629049314;12431;315;13190;13345;6.63;0.41;248.12;15.71;759;85;4590.00;155
12436;85;629049323;12436;308;13191;13345;6.54;0.40;248.11;15.72;755;85;4591.00;154
12439;85;629049331;12439;301;13193;13345;6.50;0.40;248.16;15.72;754;85;4592.00;152
12443;85;629049339;12443;301;13193;13345;6.46;0.39;248.15;15.72;750;85;4593.00;152
12444;85;629049347;12444;305;13198;13349;6.62;0.40;248.14;15.72;754;85;4594.00;151
12446;85;629049356;12446;308;13198;13349;6.61;0.41;248.18;15.72;752;85;4595.00;151
12449;85;629049364;12449;310;13200;13349;6.61;0.41;248.17;15.73;751;85;4596.00;149
12452;85;629049372;12452;307;13200;13349;6.64;0.41;248.15;15.73;748;85;4597.00;149
12454;85;629049380;12454;307;13202;13350;6.67;0.41;248.16;15.74;748;85;4598.00;148
12457;85;629049389;12457;308;13203;13351;6.66;0.41;248.18;15.74;746;85;4599.00;148
12458;85;629049398;12458;306;13204;13351;6.67;0.41;248.20;15.73;746;85;4600.00;147
12462;85;629049410;12462;305;13205;13352;6.65;0.41;248.20;15.73;743;85;4601.00;147
12468;85;629049419;12468;305;13205;13352;6.58;0.40;248.14;15.73;737;85;4602.00;147
12471;85;629049427;12471;301;13205;13352;6.56;0.40;248.14;15.73;734;85;4603.00;147
12475;85;629049436;12475;299;13205;13352;6.54;0.40;248.10;15.73;730;85;4604.00;147
12477;85;629049445;12477;304;13205;13352;6.52;0.40;248.12;15.73;728;85;4605.00;147
12482;85;629049453;12482;303;13205;13352;6.48;0.40;248.10;15.73;723;85;4606.00;147
12486;85;629049462;12486;304;13205;13352;6.43;0.40;248.08;15.73;719;85;4607.00;147
12491;85;629049470;12491;311;13270;13479;7.02;0.44;248.05;15.66;779;85;4608.00;209
12494;85;629049489;12494;313;13274;13480;7.03;0.44;248.06;15.65;780;85;4609.00;206
12496;85;629049499;12496;311;13285;13480;7.15;0.45;248.06;15.64;789;85;4610.00;195
12499;85;629049508;12499;315;13287;13480;7.22;0.45;248.05;15.64;788;85;4611.00;193
12505;85;629049517;12505;316;13293;13480;7.20;0.45;248.05;15.63;788;85;4612.00;187
12507;85;629049527;12507;315;13298;13480;7.21;0.45;248.02;15.63;791;85;4613.00;182
12513;85;629049541;12513;318;13303;13480;7.17;0.45;248.03;15.63;790;85;4614.00;177
12515;85;629049551;12515;319;13305;13480;7.20;0.45;248.05;15.62;790;85;4615.00;175
12521;85;629049561;12521;324;13310;13481;7.17;0.44;248.05;15.62;789;85;4616.00;171
12525;85;629049576;12525;328;13313;13482;7.15;0.44;248.06;15.76;788;85;4617.00;169
12528;85;629049588;12528;331;13316;13482;7.17;0.44;248.04;15.76;788;85;4618.00;166
12533;85;629049598;12533;333;13317;13483;7.15;0.44;248.05;15.76;784;85;4619.00;166
12535;85;629049610;12535;333;13319;13483;7.15;0.44;248.06;15.76;784;85;4620.00;164
12538;85;629049619;12538;335;13320;13483;7.15;0.44;248.08;15.76;782;85;4621.00;163
12541;85;629049629;12541;346;13322;13483;7.11;0.44;248.07;15.76;781;85;4622.00;161
12545;85;629049639;12545;344;13325;13487;7.10;0.44;248.10;15.76;780;85;4623.00;162
12545;85;629049649;12545;345;13327;13487;7.12;0.44;248.10;15.76;782;85;4624.00;160
12548;85;629049658;12548;344;13328;13487;7.06;0.44;248.14;15.76;780;85;4625.00;159
12553;85;629049668;12553;337;13330;13490;7.06;0.44;248.14;15.76;777;85;4626.00;160
12554;85;629049685;12554;322;13331;13490;7.16;0.44;248.14;15.75;777;85;4627.00;159
12555;85;629049694;12555;316;13331;13490;7.22;0.45;248.16;15.75;776;85;4628.00;159
12560;85;629049704;12560;310;13335;13494;7.31;0.45;248.15;15.75;775;85;4629.00;159
12561;85;629049714;12561;301;13336;13495;7.43;0.46;248.14;15.75;775;85;4630.00;159
12566;85;629049724;12566;301;13337;13495;7.44;0.46;248.19;15.75;771;85;4631.00;158
12569;85;629049734;12569;297;13340;13499;7.55;0.47;248.22;15.75;771;85;4632.00;159
12572;85;629049745;12572;290;13340;13499;7.63;0.47;248.19;15.75;768;85;4633.00;159
12575;85;629049755;12575;293;13340;13499;7.64;0.47;248.20;15.75;765;85;4634.00;159
12578;85;629049766;12578;293;13342;13501;7.72;0.47;248.21;15.74;764;85;4635.00;159
12581;85;629049781;12581;293;13342;13501;7.80;0.48;248.17;15.74;761;85;4636.00;159
12581;85;629049792;12581;279;13346;13507;8.01;0.49;248.17;15.74;765;85;4637.00;161
12583;85;629049803;12583;270;13346;13507;8.17;0.50;248.16;15.74;763;85;4638.00;161
12586;85;629049814;12586;261;13347;13508;8.28;0.51;248.14;15.74;761;85;4639.00;161
12588;85;629049825;12588;256;13347;13508;8.37;0.51;248.13;15.74;759;85;4640.00;161
12592;85;629049836;12592;250;13347;13508;8.47;0.52;248.10;15.74;755;85;4641.00;161
12593;85;629049847;12593;248;13347;13508;8.58;0.52;248.09;15.74;754;85;4642.00;161
12596;86;629049857;12596;240;13347;13508;8.62;0.52;248.08;15.74;751;86;4643.00;161
12598;86;629049883;12598;240;13357;13520;8.82;0.54;248.07;15.73;759;86;4644.00;163
12599;86;629049900;12599;235;13358;13520;8.95;0.55;248.07;15.72;759;86;4645.00;162
12600;86;629049911;12600;216;13358;13520;9.11;0.55;248.07;15.72;758;86;4646.00;162
12602;86;629049928;12602;200;13358;13520;9.26;0.56;248.07;15.72;756;86;4647.00;162
12607;86;629049940;12607;185;13358;13520;9.42;0.57;248.08;15.72;751;86;4648.00;162
12610;86;629049952;12610;172;13358;13520;9.53;0.58;248.12;15.72;748;86;4649.00;162
12611;86;629049965;12611;167;13363;13526;9.66;0.59;248.11;15.72;752;86;4650.00;163
12617;86;629049977;12617;159;13363;13526;9.76;0.59;248.10;15.72;746;86;4651.00;163
12619;86;629049989;12619;156;13366;13530;9.91;0.60;248.10;15.72;747;86;4652.00;164
12619;86;629050007;12619;148;13368;13531;10.00;0.61;248.10;15.71;749;86;4653.00;163
12623;86;629050018;12623;142;13368;13531;10.05;0.61;248.09;15.71;745;86;4654.00;163
12626;86;629050030;12626;140;13368;13531;10.15;0.62;248.08;15.71;742;86;4655.00;163
12627;86;629050042;12627;141;13379;13544;10.35;0.63;248.08;15.70;752;86;4656.00;165
12632;86;629050054;12632;139;13379;13544;10.53;0.64;248.10;15.70;747;86;4657.00;165
12635;86;629050066;12635;139;13379;13544;10.62;0.65;248.12;15.70;744;86;4658.00;165
12636;86;629050077;12636;138;13380;13545;10.77;0.66;248.11;15.70;744;86;4659.00;165
12639;86;629050089;12639;141;13380;13546;10.85;0.66;248.17;15.70;741;86;4660.00;166
12647;86;629050101;12647;139;13380;13546;10.80;0.66;248.19;15.70;733;86;4661.00;166
12648;86;629050120;12648;136;13382;13549;10.95;0.67;248.18;15.70;734;86;4662.00;167
12652;86;629050132;12652;134;13382;13549;11.04;0.67;248.23;15.70;730;86;4663.00;167
12657;86;629050144;12657;130;13383;13549;11.11;0.67;248.31;15.70;726;86;4664.00;166
12659;86;629050155;12659;127;13383;13549;11.11;0.68;248.29;15.70;724;86;4665.00;166
12663;86;629050166;12663;129;13387;13555;11.21;0.68;248.30;15.69;724;86;4666.00;168
12663;86;629050178;12663;132;13387;13555;11.29;0.69;248.30;15.69;724;86;4667.00;168
12667;86;629050189;12667;133;13388;13555;11.36;0.69;248.29;15.69;721;86;4668.00;167
12671;86;629050200;12671;130;13388;13555;11.42;0.69;248.32;15.69;717;86;4669.00;167
12674;86;629050211;12674;134;13391;13559;11.50;0.70;248.35;15.69;717;86;4670.00;168
12675;86;629050223;12675;128;13392;13560;11.61;0.71;248.34;15.69;717;86;4671.00;168
12680;86;629050235;12680;128;13392;13560;11.64;0.71;248.38;15.69;712;86;4672.00;168
12681;86;629050246;12681;129;13393;13561;11.71;0.71;248.39;15.68;712;86;4673.00;168
12684;86;629050258;12684;124;13394;13561;11.74;0.71;248.41;15.83;710;86;4674.00;167
12689;86;629050270;12689;120;13394;13561;11.73;0.71;248.44;15.83;705;86;4675.00;167
12691;86;629050281;12691;116;13394;13561;11.75;0.71;248.46;15.83;703;86;4676.00;167
12693;86;629050292;12693;115;13394;13561;11.86;0.72;248.46;15.83;701;86;4677.00;167
12694;86;629050304;12694;112;13394;13561;11.91;0.72;248.47;15.83;700;86;4678.00;167
12698;86;629050315;12698;108;13394;13561;12.02;0.73;248.46;15.83;696;86;4679.00;167
12701;86;629050327;12701;132;13457;13686;11.63;0.71;248.47;15.76;756;86;4680.00;229
12703;86;629050348;12703;122;13457;13687;11.73;0.72;248.47;15.76;754;86;4681.00;230
12706;86;629050360;12706;110;13465;13687;11.88;0.73;248.44;15.75;759;86;4682.00;222
12710;86;629050371;12710;107;13468;13687;12.07;0.74;248.50;15.75;758;86;4683.00;219
12714;86;629050383;12714;104;13472;13687;12.11;0.74;248.52;15.74;758;86;4684.00;215
12720;86;629050403;12720;104;13477;13687;12.11;0.74;248.55;15.74;757;86;4685.00;210
12725;86;629050415;12725;111;13482;13687;12.16;0.74;248.56;15.73;757;86;4686.00;205
12729;86;629050427;12729;117;13485;13687;12.08;0.74;248.62;15.73;756;86;4687.00;202
12733;86;629050449;12733;126;13489;13688;12.13;0.74;248.60;15.73;756;86;4688.00;199
12735;86;629050464;12735;129;13490;13689;12.11;0.74;248.61;15.73;755;86;4689.00;199
12738;86;629050479;12738;134;13492;13689;12.06;0.74;248.61;15.87;754;86;4690.00;197
12741;86;629050503;12741;138;13496;13693;12.02;0.74;248.62;15.87;755;86;4691.00;197
12743;86;629050521;12743;135;13498;13693;12.04;0.74;248.63;16.01;755;86;4692.00;195
12749;86;629050538;12749;134;13499;13693;11.95;0.73;248.63;16.01;750;86;4693.00;194
12755;86;629050554;12755;133;13500;13693;11.83;0.72;248.60;16.01;745;86;4694.00;193
12758;86;629050569;12758;132;13505;13699;11.77;0.72;248.64;16.16;747;86;4695.00;194
12763;86;629050586;12763;132;13505;13699;11.74;0.71;248.65;16.16;742;86;4696.00;194
12766;86;629050598;12766;133;13507;13699;11.72;0.71;248.67;16.29;741;86;4697.00;192
12770;86;629050609;12770;129;13509;13702;11.76;0.72;248.69;16.29;739;86;4698.00;193
12771;86;629050623;12771;126;13510;13702;11.93;0.73;248.70;16.29;739;86;4699.00;192
12775;86;629050637;12775;125;13511;13702;12.02;0.73;248.73;16.42;736;86;4700.00;191
12779;86;629050653;12779;119;13513;13703;12.07;0.73;248.71;16.42;734;86;4701.00;190
12781;86;629050665;12781;120;13514;13704;12.17;0.74;248.72;16.42;733;86;4702.00;190
12785;86;629050677;12785;112;13514;13704;12.11;0.73;248.72;16.42;729;86;4703.00;190
12787;86;629050690;12787;111;13523;13717;12.14;0.74;248.74;16.41;736;86;4704.00;194
12787;86;629050703;12787;113;13523;13717;12.26;0.74;248.74;16.41;736;86;4705.00;194
12790;86;629050714;12790;111;13523;13717;12.30;0.75;248.78;16.41;733;86;4706.00;194
12791;86;629050725;12791;113;13525;13718;12.29;0.75;248.80;16.41;734;86;4707.00;193
12794;86;629050742;12794;118;13525;13718;12.31;0.75;248.82;16.41;731;86;4708.00;193
12799;86;629050754;12799;125;13528;13722;12.38;0.75;248.80;16.41;729;86;4709.00;194
12804;86;629050768;12804;126;13529;13722;12.38;0.75;248.87;16.41;725;86;4710.00;193
12805;87;629050779;12805;130;13533;13726;12.32;0.75;248.85;16.40;728;87;4711.00;193
12808;87;629050802;12808;132;13534;13726;12.19;0.74;248.87;16.40;726;87;4712.00;192
12811;87;629050824;12811;141;13535;13726;12.15;0.74;248.86;16.41;724;87;4713.00;191
12815;87;629050835;12815;140;13535;13726;11.99;0.73;248.85;16.41;720;87;4714.00;191
12815;87;629050894;12815;144;13535;13726;11.86;0.72;248.85;16.41;720;87;4715.00;191
12817;87;629050905;12817;150;13546;13738;11.74;0.71;248.84;16.40;729;87;4716.00;192
12820;87;629050923;12820;155;13547;13738;11.59;0.71;248.85;16.40;727;87;4717.00;191
12822;87;629050934;12822;168;13549;13738;11.41;0.70;248.83;16.40;727;87;4718.00;189
12824;87;629050945;12824;177;13549;13738;11.30;0.69;248.81;16.40;725;87;4719.00;189
12828;87;629050955;12828;179;13552;13738;11.16;0.68;248.82;16.42;724;87;4720.00;186
12833;87;629050966;12833;183;13552;13738;11.11;0.68;248.82;16.42;719;87;4721.00;186
12837;88;629050977;12837;192;13552;13739;11.05;0.67;248.81;16.42;715;88;4722.00;187
12839;88;629050999;12839;197;13554;13739;10.90;0.66;248.81;16.45;715;88;4723.00;185
12840;88;629051009;12840;206;13558;13745;10.85;0.66;248.83;16.44;718;88;4724.00;187
12843;88;629051021;12843;210;13562;13747;10.74;0.65;248.82;16.44;719;88;4725.00;185
12846;88;629051031;12846;215;13563;13747;10.63;0.65;248.81;16.46;717;88;4726.00;184
12851;88;629051042;12851;219;13563;13747;10.49;0.64;248.79;16.46;712;88;4727.00;184
12852;88;629051052;12852;225;13568;13751;10.37;0.63;248.78;16.47;716;88;4728.00;183
12855;88;629051063;12855;231;13568;13751;10.29;0.63;248.79;16.47;713;88;4729.00;183
12857;88;629051073;12857;233;13569;13751;10.15;0.62;248.79;16.48;712;88;4730.00;182
12859;88;629051083;12859;241;13571;13752;10.01;0.61;248.78;16.49;712;88;4731.00;181
12862;88;629051093;12862;247;13576;13756;9.86;0.60;248.78;16.51;714;88;4732.00;180
12862;88;629051103;12862;248;13576;13756;9.76;0.59;248.78;16.51;714;88;4733.00;180
12866;88;629051113;12866;246;13580;13759;9.64;0.59;248.75;16.53;714;88;4734.00;179
12868;88;629051123;12868;254;13581;13759;9.50;0.58;248.75;16.53;713;88;4735.00;178
12868;88;629051132;12868;253;13583;13759;9.41;0.57;248.75;16.55;715;88;4736.00;176
12870;88;629051141;12870;261;13584;13759;9.27;0.57;248.73;16.56;714;88;4737.00;175
12872;88;629051151;12872;265;13588;13763;9.14;0.56;248.72;16.57;716;88;4738.00;175
12876;88;629051162;12876;261;13588;13763;9.00;0.55;248.77;16.57;712;88;4739.00;175
12880;88;629051172;12880;263;13591;13763;8.91;0.54;248.78;16.59;711;88;4740.00;172
12882;88;629051182;12882;260;13591;13763;8.85;0.54;248.82;16.59;709;88;4741.00;172
12883;88;629051190;12883;258;13593;13764;8.76;0.54;248.81;16.61;710;88;4742.00;171
12890;88;629051199;12890;260;13594;13765;8.63;0.53;248.82;16.61;704;88;4743.00;171
12891;88;629051209;12891;265;13594;13765;8.54;0.52;248.81;16.61;703;88;4744.00;171
12892;88;629051217;12892;264;13597;13766;8.47;0.52;248.80;16.62;705;88;4745.00;169
12894;88;629051226;12894;264;13597;13766;8.39;0.52;248.78;16.62;703;88;4746.00;169
12895;88;629051235;12895;271;13597;13766;8.37;0.52;248.80;16.62;702;88;4747.00;169
12899;88;629051243;12899;272;13599;13766;8.27;0.51;248.75;16.64;700;88;4748.00;167
12901;88;629051252;12901;269;13599;13766;8.27;0.51;248.75;16.64;698;88;4749.00;167
12904;88;629051261;12904;276;13601;13766;8.24;0.51;248.71;16.66;697;88;4750.00;165
12909;88;629051269;12909;276;13601;13766;8.17;0.50;248.68;16.66;692;88;4751.00;165
12911;88;629051282;12911;299;13664;13893;8.27;0.52;248.66;16.58;753;88;4752.00;229
12914;88;629051301;12914;294;13670;13894;8.10;0.50;248.64;16.60;756;88;4753.00;224
12918;88;629051309;12918;291;13679;13894;8.15;0.51;248.61;16.59;761;88;4754.00;215
12922;88;629051319;12922;292;13683;13894;8.10;0.50;248.64;16.58;761;88;4755.00;211
12926;88;629051328;12926;289;13692;13894;7.98;0.49;248.64;16.59;766;88;4756.00;202
12927;88;629051337;12927;290;13698;13894;7.84;0.49;248.66;16.58;771;88;4757.00;196
12930;88;629051345;12930;293;13702;13894;7.62;0.47;248.65;16.58;772;88;4758.00;192
12933;88;629051353;12933;299;13707;13894;7.43;0.46;248.64;16.59;774;88;4759.00;187
12936;88;629051362;12936;299;13711;13895;7.29;0.45;248.66;16.59;775;88;4760.00;184
12939;88;629051370;12939;299;13715;13896;7.20;0.45;248.61;16.60;776;88;4761.00;181
12942;88;629051379;12942;292;13717;13896;7.18;0.45;248.63;16.60;775;88;4762.00;179
12944;88;629051388;12944;296;13720;13897;7.14;0.44;248.63;16.61;776;88;4763.00;177
12945;88;629051397;12945;300;13723;13897;7.14;0.44;248.64;16.61;778;88;4764.00;174
12948;88;629051406;12948;308;13724;13897;7.04;0.44;248.69;16.61;776;88;4765.00;173
12950;88;629051416;12950;312;13727;13897;7.04;0.44;248.67;16.62;777;88;4766.00;170
12953;88;629051425;12953;311;13731;13901;7.14;0.44;248.69;16.61;778;88;4767.00;170
12955;88;629051435;12955;309;13734;13901;7.15;0.44;248.69;16.62;779;88;4768.00;167
12958;88;629051446;12958;305;13736;13901;7.19;0.44;248.73;16.62;778;88;4769.00;165
12962;88;629051457;12962;308;13739;13907;7.16;0.44;248.74;16.62;777;88;4770.00;168
12964;88;629051467;12964;308;13740;13907;7.09;0.44;248.74;16.62;776;88;4771.00;167
12966;88;629051476;12966;319;13741;13907;7.05;0.43;248.75;16.62;775;88;4772.00;166
12969;88;629051485;12969;322;13743;13911;7.02;0.43;248.75;16.62;774;88;4773.00;168
12971;88;629051495;12971;326;13746;13912;6.98;0.43;248.73;16.61;775;88;4774.00;166
12975;88;629051504;12975;329;13746;13912;6.91;0.43;248.74;16.61;771;88;4775.00;166
12979;88;629051513;12979;332;13750;13916;6.88;0.42;248.74;16.61;771;88;4776.00;166
12980;88;629051522;12980;335;13750;13916;6.87;0.42;248.73;16.61;770;88;4777.00;166
12983;88;629051531;12983;338;13751;13916;6.87;0.42;248.75;16.61;768;88;4778.00;165
12985;88;629051540;12985;321;13752;13917;6.91;0.42;248.75;16.61;767;88;4779.00;165
12989;88;629051549;12989;317;13753;13917;6.95;0.43;248.73;16.61;764;88;4780.00;164
12994;88;629051560;12994;306;13756;13923;6.95;0.43;248.71;16.60;762;88;4781.00;167
12995;88;629051570;12995;297;13757;13923;7.04;0.43;248.70;16.60;762;88;4782.00;166
12997;88;629051579;12997;282;13758;13924;7.16;0.44;248.71;16.60;761;88;4783.00;166
13002;88;629051589;13002;275;13758;13924;7.20;0.44;248.68;16.60;756;88;4784.00;166
13003;88;629051599;13003;265;13758;13924;7.34;0.45;248.70;16.60;755;88;4785.00;166
13006;88;629051610;13006;264;13758;13924;7.46;0.46;248.70;16.60;752;88;4786.00;166
13007;88;629051620;13007;260;13758;13924;7.63;0.46;248.70;16.60;751;88;4787.00;166
13011;88;629051630;13011;260;13768;13936;7.78;0.47;248.67;16.59;757;88;4788.00;168
13020;88;629051652;13020;257;13768;13936;7.79;0.47;248.70;16.59;748;88;4789.00;168
13022;88;629051662;13022;258;13769;13936;7.83;0.48;248.70;16.59;747;88;4790.00;167
13025;88;629051678;13025;257;13769;13936;7.88;0.48;248.69;16.59;744;88;4791.00;167
13025;88;629051688;13025;254;13769;13936;7.97;0.48;248.69;16.59;744;88;4792.00;167
13027;88;629051698;13027;251;13770;13936;8.01;0.49;248.68;16.73;743;88;4793.00;166
13028;88;629051710;13028;252;13773;13940;8.14;0.50;248.67;16.72;745;88;4794.00;167
13028;88;629051721;13028;253;13773;13940;8.20;0.50;248.67;16.72;745;88;4795.00;167
13031;88;629051731;13031;259;13776;13944;8.28;0.50;248.69;16.72;745;88;4796.00;168
13032;88;629051741;13032;259;13777;13945;8.34;0.51;248.67;16.72;745;88;4797.00;168
13033;88;629051752;13033;261;13778;13945;8.35;0.51;248.68;16.72;745;88;4798.00;167
13036;88;629051762;13036;261;13778;13945;8.38;0.51;248.70;16.72;742;88;4799.00;167
13037;88;629051775;13037;267;13799;13986;8.53;0.52;248.70;16.69;762;88;4800.00;187
13040;88;629051799;13040;260;13801;13986;8.54;0.52;248.70;16.69;761;88;4801.00;185
13044;88;629051809;13044;255;13802;13986;8.55;0.52;248.71;16.69;758;88;4802.00;184
13049;88;629051820;13049;259;13803;13987;8.52;0.52;248.68;16.69;754;88;4803.00;184
13052;88;629051831;13052;260;13804;13988;8.50;0.52;248.67;16.69;752;88;4804.00;184
13054;88;629051841;13054;258;13805;13988;8.48;0.51;248.66;16.69;751;88;4805.00;183
13059;88;629051851;13059;262;13807;13991;8.40;0.51;248.67;16.68;748;88;4806.00;184
13062;88;629051863;13062;256;13812;13991;8.36;0.51;248.66;16.68;750;88;4807.00;179
13064;88;629051873;13064;244;13812;13991;8.40;0.51;248.64;16.68;748;88;4808.00;179
13070;88;629051883;13070;241;13812;13991;8.35;0.51;248.64;16.68;742;88;4809.00;179
13074;88;629051894;13074;235;13817;13997;8.36;0.51;248.64;16.67;743;88;4810.00;180
13079;88;629051906;13079;230;13817;13997;8.43;0.51;248.73;16.67;738;88;4811.00;180
13083;88;629051916;13083;231;13818;13997;8.52;0.52;248.75;16.67;735;88;4812.00;179
13087;88;629051927;13087;228;13819;13997;8.57;0.52;248.78;16.67;732;88;4813.00;178
13093;88;629051943;13093;227;13822;14001;8.64;0.53;248.83;16.67;729;88;4814.00;179
13098;88;629051954;13098;226;13824;14003;8.77;0.53;248.89;16.67;726;88;4815.00;179
13103;88;629051965;13103;208;13824;14003;8.92;0.54;248.89;16.67;721;88;4816.00;179
13105;88;629051976;13105;189;13825;14004;9.06;0.55;248.91;16.67;720;88;4817.00;179
13108;88;629051987;13108;170;13825;14004;9.26;0.56;248.92;16.67;717;88;4818.00;179
13110;88;629051998;13110;155;13826;14004;9.47;0.57;248.91;16.67;716;88;4819.00;178
13112;88;629052009;13112;148;13826;14004;9.75;0.59;248.93;16.67;714;88;4820.00;178
13113;88;629052021;13113;142;13826;14004;9.95;0.60;248.94;16.67;713;88;4821.00;178
13116;88;629052032;13116;140;13826;14004;10.21;0.62;248.96;16.67;710;88;4822.00;178
13119;88;629052043;13119;130;13826;14004;10.45;0.63;249.00;16.67;707;88;4823.00;178
13122;88;629052055;13122;146;13870;14074;10.46;0.64;249.02;16.62;748;88;4824.00;204
13124;88;629052073;13124;135;13870;14075;10.59;0.65;249.04;16.62;746;88;4825.00;205
13128;88;629052091;13128;129;13875;14075;10.82;0.66;249.06;16.61;747;88;4826.00;200
13129;88;629052104;13129;121;13875;14075;10.98;0.67;249.05;16.61;746;88;4827.00;200
13131;88;629052115;13131;119;13880;14077;11.15;0.68;249.04;16.61;749;88;4828.00;197
13133;88;629052128;13133;120;13880;14077;11.24;0.68;249.06;16.61;747;88;4829.00;197
13135;88;629052141;13135;121;13885;14077;11.29;0.69;249.07;16.60;750;88;4830.00;192
13137;88;629052153;13137;124;13887;14077;11.35;0.69;249.09;16.60;750;88;4831.00;190
13140;88;629052165;13140;130;13890;14078;11.36;0.69;249.08;16.60;750;88;4832.00;188
13144;88;629052177;13144;130;13893;14079;11.34;0.69;249.10;16.60;749;88;4833.00;186
13148;88;629052189;13148;129;13895;14079;11.38;0.69;249.09;16.60;747;88;4834.00;184
13150;88;629052201;13150;132;13898;14083;11.37;0.69;249.11;16.59;748;88;4835.00;185
13152;88;629052213;13152;137;13901;14083;11.47;0.70;249.12;16.59;749;88;4836.00;182
13157;88;629052225;13157;135;13901;14083;11.52;0.70;249.17;16.59;744;88;4837.00;182
13161;88;629052237;13161;133;13901;14083;11.54;0.70;249.17;16.59;740;88;4838.00;182
13165;88;629052249;13165;137;13906;14089;11.54;0.70;249.20;16.59;741;88;4839.00;183
13167;88;629052261;13167;140;13906;14089;11.59;0.71;249.21;16.59;739;88;4840.00;183
13170;89;629052272;13170;142;13907;14089;11.58;0.71;249.23;16.59;737;89;4841.00;182
13173;89;629052291;13173;147;13910;14092;11.60;0.71;249.23;16.58;737;89;4842.00;182
13175;89;629052303;13175;147;13910;14092;11.59;0.71;249.25;16.58;735;89;4843.00;182
13183;89;629052314;13183;153;13910;14092;11.67;0.71;249.27;16.58;727;89;4844.00;182
13186;89;629052330;13186;154;13910;14093;11.71;0.71;249.28;16.58;724;89;4845.00;183
13189;89;629052341;13189;156;13911;14094;11.76;0.72;249.31;16.58;722;89;4846.00;183
13194;89;629052352;13194;156;13911;14094;11.78;0.72;249.33;16.58;717;89;4847.00;183
13195;89;629052362;13195;163;13920;14107;11.84;0.72;249.32;16.57;725;89;4848.00;187
13199;89;629052374;13199;165;13920;14107;11.83;0.72;249.36;16.57;721;89;4849.00;187
13200;89;629052384;13200;163;13921;14107;11.81;0.72;249.36;16.57;721;89;4850.00;186
13204;89;629052395;13204;163;13922;14108;11.71;0.71;249.37;16.57;718;89;4851.00;186
13206;89;629052406;13206;164;13922;14108;11.72;0.71;249.37;16.57;716;89;4852.00;186
13207;89;629052416;13207;165;13925;14112;11.75;0.71;249.38;16.57;718;89;4853.00;187
13210;89;629052427;13210;162;13925;14112;11.71;0.71;249.39;16.57;715;89;4854.00;187
13214;89;629052437;13214;162;13929;14116;11.61;0.71;249.37;16.56;715;89;4855.00;187
13217;89;629052454;13217;151;13929;14116;11.65;0.71;249.39;16.56;712;89;4856.00;187
13222;89;629052469;13222;148;13929;14116;11.61;0.71;249.40;16.56;707;89;4857.00;187
13225;89;629052483;13225;147;13929;14116;11.56;0.70;249.39;16.56;704;89;4858.00;187
13228;89;629052497;13228;142;13929;14116;11.56;0.70;249.39;16.56;701;89;4859.00;187
13234;89;629052513;13234;143;13949;14150;11.48;0.70;249.36;16.54;715;89;4860.00;201
13236;89;629052528;13236;141;13949;14150;11.51;0.70;249.36;16.54;713;89;4861.00;201
13240;89;629052546;13240;135;13951;14150;11.63;0.71;249.38;16.54;711;89;4862.00;199
13244;89;629052557;13244;129;13953;14150;11.66;0.71;249.41;16.68;709;89;4863.00;197
13251;89;629052570;13251;123;13953;14150;11.72;0.71;249.38;16.68;702;89;4864.00;197
13256;89;629052581;13256;115;13956;14150;11.78;0.71;249.39;16.70;700;89;4865.00;194
13260;89;629052594;13260;114;13956;14151;11.90;0.72;249.38;16.70;696;89;4866.00;195
13264;89;629052604;13264;111;13957;14151;12.01;0.73;249.36;16.70;693;89;4867.00;194
13268;89;629052614;13268;114;13960;14157;12.15;0.74;249.36;16.69;692;89;4868.00;197
13270;89;629052625;13270;113;13962;14158;12.21;0.74;249.43;16.69;692;89;4869.00;196
13276;89;629052636;13276;111;13962;14158;12.17;0.74;249.39;16.69;686;89;4870.00;196
13279;89;629052647;13279;116;13963;14158;12.11;0.73;249.38;16.69;684;89;4871.00;195
13281;89;629052657;13281;120;13965;14162;12.09;0.73;249.35;16.69;684;89;4872.00;197
13287;89;629052673;13287;117;13965;14162;12.02;0.73;249.39;16.69;678;89;4873.00;197
13290;89;629052684;13290;119;13965;14162;12.04;0.73;249.39;16.69;675;89;4874.00;197
13291;89;629052694;13291;122;13966;14163;12.04;0.73;249.38;16.69;675;89;4875.00;197
13292;89;629052704;13292;116;13970;14167;11.90;0.73;249.37;16.69;678;89;4876.00;197
13297;89;629052714;13297;118;13970;14167;11.80;0.72;249.35;16.69;673;89;4877.00;197
13301;89;629052724;13301;116;13972;14170;11.76;0.71;249.32;16.68;671;89;4878.00;198
13301;89;629052735;13301;121;13974;14170;11.76;0.71;249.32;16.68;673;89;4879.00;196
13305;89;629052744;13305;127;13975;14170;11.73;0.71;249.29;16.82;670;89;4880.00;195
13308;89;629052754;13308;127;13975;14170;11.69;0.71;249.29;16.82;667;89;4881.00;195
13311;89;629052764;13311;130;13980;14174;11.61;0.70;249.28;16.82;669;89;4882.00;194
13314;89;629052774;13314;131;13981;14174;11.43;0.69;249.28;16.96;667;89;4883.00;193
13316;89;629052784;13316;134;13983;14174;11.29;0.69;249.28;16.96;667;89;4884.00;191
13318;89;629052794;13318;136;13983;14174;11.18;0.68;249.29;16.96;665;89;4885.00;191
13318;89;629052804;13318;136;13984;14175;11.08;0.67;249.29;16.96;666;89;4886.00;191
13319;89;629052814;13319;137;13985;14176;11.00;0.67;249.30;16.96;666;89;4887.00;191
13320;89;629052829;13320;146;13985;14176;10.96;0.67;249.30;16.96;665;89;4888.00;191
13321;89;629052838;13321;157;13986;14177;10.93;0.67;249.30;16.96;665;89;4889.00;191
13325;89;629052850;13325;159;13988;14177;10.83;0.66;249.31;16.99;663;89;4890.00;189
13329;89;629052861;13329;162;13988;14177;10.80;0.66;249.36;16.99;659;89;4891.00;189
13331;89;629052870;13331;173;13988;14177;10.66;0.65;249.34;16.99;657;89;4892.00;189
13332;89;629052880;13332;179;13988;14177;10.49;0.64;249.37;16.99;656;89;4893.00;189
13335;89;629052890;13335;188;13990;14177;10.41;0.63;249.35;17.01;655;89;4894.00;187
13336;89;629052901;13336;194;13990;14177;10.28;0.62;249.34;17.01;654;89;4895.00;187
13336;89;629052910;13336;222;14055;14304;10.19;0.63;249.34;16.96;719;89;4896.00;249
13341;89;629052930;13341;220;14059;14305;9.96;0.61;249.34;16.96;718;89;4897.00;246
13341;89;629052940;13341;221;14070;14305;9.95;0.61;249.34;16.97;729;89;4898.00;235
13342;89;629052950;13342;224;14073;14305;9.79;0.60;249.33;16.97;731;89;4899.00;232
13345;89;629052961;13345;226;14079;14305;9.69;0.60;249.30;16.99;734;89;4900.00;226
13347;89;629052973;13347;227;14085;14305;9.53;0.59;249.28;17.00;738;89;4901.00;220
13348;89;629052983;13348;228;14088;14305;9.49;0.58;249.31;17.00;740;89;4902.00;217
13349;89;629052992;13349;233;14095;14305;9.48;0.58;249.30;17.02;746;89;4903.00;210
13351;89;629053006;13351;236;14098;14306;9.46;0.58;249.30;17.01;747;89;4904.00;208
13354;89;629053016;13354;243;14101;14308;9.48;0.58;249.27;17.01;747;89;4905.00;207
13356;89;629053025;13356;244;14106;14308;9.41;0.58;249.24;17.03;750;89;4906.00;202
13360;89;629053035;13360;247;14108;14309;9.28;0.57;249.23;17.03;748;89;4907.00;201
13362;89;629053045;13362;259;14112;14309;9.16;0.56;249.21;17.03;750;89;4908.00;197
13364;89;629053054;13364;260;14115;14309;8.92;0.55;249.19;17.05;751;89;4909.00;194
13365;89;629053064;13365;261;14119;14309;8.79;0.54;249.18;17.05;754;89;4910.00;190
13370;89;629053073;13370;262;14125;14313;8.62;0.53;249.19;17.07;755;89;4911.00;188
13371;89;629053084;13371;268;14128;14313;8.51;0.52;249.19;17.08;757;89;4912.00;185
13373;89;629053093;13373;275;14129;14313;8.37;0.51;249.21;17.08;756;89;4913.00;184
13374;89;629053103;13374;277;14134;14316;8.21;0.50;249.20;17.10;760;89;4914.00;182
13375;89;629053112;13375;280;14134;14316;8.04;0.49;249.20;17.10;759;89;4915.00;182
13375;89;629053127;13375;288;14136;14316;7.94;0.49;249.20;17.10;761;89;4916.00;180
13376;89;629053136;13376;298;14141;14320;7.80;0.48;249.19;17.11;765;89;4917.00;179
13377;89;629053146;13377;303;14143;14321;7.78;0.48;249.17;17.11;766;89;4918.00;178
13380;89;629053155;13380;308;14146;14321;7.76;0.48;249.17;17.12;766;89;4919.00;175
13381;89;629053167;13381;310;14150;14326;7.77;0.48;249.16;17.12;769;89;4920.00;176
13385;89;629053176;13385;315;14151;14326;7.62;0.47;249.14;17.12;766;89;4921.00;175
13387;89;629053185;13387;325;14152;14326;7.44;0.46;249.11;17.13;765;89;4922.00;174
13391;89;629053194;13391;327;14153;14327;7.25;0.44;249.11;17.13;762;89;4923.00;174
13393;89;629053208;13393;326;14153;14327;7.08;0.43;249.11;17.13;760;89;4924.00;174
13397;89;629053216;13397;328;14157;14333;6.97;0.43;249.11;17.12;760;89;4925.00;176
13398;89;629053225;13398;327;14158;14333;6.87;0.42;249.09;17.12;760;89;4926.00;175
13401;89;629053234;13401;337;14161;14334;6.64;0.41;249.12;17.14;760;89;4927.00;173
13404;89;629053242;13404;349;14161;14334;6.50;0.40;249.09;17.14;757;89;4928.00;173
13405;89;629053250;13405;350;14164;14334;6.28;0.39;249.08;17.16;759;89;4929.00;170
13406;89;629053259;13406;348;14164;14334;6.08;0.37;249.09;17.16;758;89;4930.00;170
13409;89;629053267;13409;330;14164;14334;6.00;0.37;249.10;17.16;755;89;4931.00;170
13410;89;629053276;13410;324;14176;14346;6.09;0.38;249.12;17.16;766;89;4932.00;170
13411;89;629053286;13411;316;14177;14346;6.10;0.38;249.12;17.16;766;89;4933.00;169
13416;89;629053294;13416;309;14178;14346;6.09;0.38;249.16;17.17;762;89;4934.00;168
13418;89;629053303;13418;306;14179;14346;6.15;0.38;249.17;17.17;761;89;4935.00;167
13419;89;629053312;13419;301;14179;14346;6.25;0.39;249.17;17.17;760;89;4936.00;167
13423;89;629053321;13423;289;14180;14346;6.35;0.39;249.26;17.18;757;89;4937.00;166
13426;89;629053336;13426;282;14183;14350;6.51;0.40;249.26;17.17;757;89;4938.00;167
13427;89;629053345;13427;270;14183;14350;6.65;0.41;249.24;17.17;756;89;4939.00;167
13431;89;629053354;13431;264;14186;14354;6.78;0.42;249.24;17.17;755;89;4940.00;168
13432;89;629053364;13432;266;14187;14355;6.87;0.42;249.23;17.17;755;89;4941.00;168
13439;89;629053373;13439;263;14188;14355;6.92;0.42;249.21;17.17;749;89;4942.00;167
13442;89;629053383;13442;258;14188;14355;6.96;0.43;249.21;17.17;746;89;4943.00;167
13446;89;629053394;13446;257;14199;14368;7.16;0.44;249.20;17.16;753;89;4944.00;169
13448;89;629053405;13448;250;14199;14368;7.29;0.45;249.19;17.16;751;89;4945.00;169
13453;89;629053415;13453;239;14199;14368;7.44;0.45;249.16;17.16;746;89;4946.00;169
13455;89;629053424;13455;233;14200;14369;7.64;0.47;249.17;17.15;745;89;4947.00;169
13459;89;629053434;13459;231;14200;14370;7.79;0.47;249.16;17.15;741;89;4948.00;170
13460;89;629053445;13460;227;14200;14370;7.90;0.48;249.17;17.15;740;89;4949.00;170
13464;89;629053457;13464;227;14204;14379;7.99;0.49;249.17;17.15;740;89;4950.00;175
13466;89;629053468;13466;230;14205;14379;8.06;0.49;249.18;17.15;739;89;4951.00;174
13470;89;629053478;13470;226;14206;14379;8.13;0.49;249.17;17.15;736;89;4952.00;173
13472;89;629053488;13472;218;14206;14379;8.17;0.50;249.17;17.15;734;89;4953.00;173
13478;89;629053498;13478;215;14210;14385;8.28;0.50;249.17;17.14;732;89;4954.00;175
13481;89;629053510;13481;212;14210;14385;8.33;0.50;249.17;17.14;729;89;4955.00;175
13483;89;629053520;13483;214;14211;14385;8.38;0.51;249.17;17.14;728;89;4956.00;174
13488;89;629053530;13488;212;14211;14385;8.38;0.51;249.22;17.14;723;89;4957.00;174
13491;89;629053540;13491;213;14215;14389;8.49;0.52;249.23;17.14;724;89;4958.00;174
13500;89;629053551;13500;211;14217;14390;8.54;0.52;249.26;17.14;717;89;4959.00;173
13503;89;629053562;13503;211;14218;14390;8.55;0.52;249.25;17.14;715;89;4960.00;172
13507;89;629053572;13507;208;14219;14391;8.53;0.52;249.26;17.13;712;89;4961.00;172
13510;89;629053609;13510;208;14220;14391;8.62;0.52;249.26;17.28;710;89;4962.00;171
13515;89;629053621;13515;208;14220;14391;8.67;0.53;249.24;17.28;705;89;4963.00;171
13518;89;629053631;13518;216;14220;14391;8.71;0.53;249.25;17.28;702;89;4964.00;171
13523;89;629053642;13523;215;14220;14391;8.78;0.53;249.28;17.28;697;89;4965.00;171
13526;89;629053652;13526;214;14220;14391;8.88;0.54;249.27;17.28;694;89;4966.00;171
13530;89;629053662;13530;216;14220;14391;8.97;0.55;249.29;17.28;690;89;4967.00;171
13534;89;629053673;13534;227;14262;14461;9.07;0.55;249.30;17.23;728;89;4968.00;199
13539;89;629053690;13539;218;14262;14462;9.09;0.55;249.31;17.23;723;89;4969.00;200
13541;89;629053700;13541;213;14268;14462;9.23;0.56;249.31;17.22;727;89;4970.00;194
13547;89;629053711;13547;216;14269;14462;9.26;0.56;249.36;17.22;722;89;4971.00;193
13551;89;629053722;13551;213;14273;14462;9.32;0.57;249.40;17.22;722;89;4972.00;189
13554;89;629053733;13554;216;14275;14462;9.33;0.57;249.41;17.22;721;89;4973.00;187
13558;89;629053744;13558;214;14279;14462;9.32;0.57;249.44;17.21;721;89;4974.00;183
13561;89;629053755;13561;211;14280;14462;9.33;0.57;249.45;17.21;719;89;4975.00;182
13564;89;629053766;13564;213;14283;14463;9.36;0.57;249.44;17.21;719;89;4976.00;180
13567;89;629053777;13567;203;14285;14464;9.36;0.57;249.45;17.21;718;89;4977.00;179
13568;89;629053788;13568;208;14288;14464;9.37;0.57;249.46;17.21;720;89;4978.00;176
13570;89;629053800;13570;197;14291;14468;9.33;0.57;249.46;17.20;721;89;4979.00;177
13573;89;629053814;13573;190;14291;14468;9.32;0.57;249.46;17.20;718;89;4980.00;177
13576;89;629053826;13576;194;14291;14468;9.40;0.57;249.46;17.20;715;89;4981.00;177
13580;89;629053838;13580;196;14291;14468;9.48;0.57;249.46;17.20;711;89;4982.00;177
13580;89;629053850;13580;197;14295;14474;9.59;0.58;249.46;17.20;715;89;4983.00;179
13580;89;629053862;13580;193;14295;14474;9.76;0.59;249.46;17.20;715;89;4984.00;179
13583;89;629053872;13583;189;14296;14474;9.90;0.60;249.46;17.20;713;89;4985.00;178
13588;90;629053884;13588;173;14298;14477;10.05;0.61;249.49;17.20;710;90;4986.00;179
13591;90;629053908;13591;162;14298;14477;10.21;0.62;249.48;17.20;707;90;4987.00;179
13592;90;629053920;13592;150;14299;14477;10.41;0.63;249.49;17.19;707;90;4988.00;178
13596;90;629053936;13596;145;14299;14478;10.55;0.64;249.51;17.19;703;90;4989.00;179
13598;90;629053948;13598;144;14300;14479;10.79;0.65;249.52;17.19;702;90;4990.00;179
13601;90;629053960;13601;143;14300;14479;10.87;0.66;249.52;17.19;699;90;4991.00;179
13603;90;629053972;13603;144;14311;14492;11.01;0.67;249.53;17.18;708;90;4992.00;181
13606;90;629053985;13606;139;14311;14492;11.03;0.67;249.54;17.18;705;90;4993.00;181
13609;90;629053996;13609;134;14311;14492;11.09;0.67;249.56;17.18;702;90;4994.00;181
13612;90;629054009;13612;132;14313;14494;11.16;0.68;249.56;17.18;701;90;4995.00;181
13614;90;629054021;13614;129;14313;14494;11.28;0.68;249.56;17.18;699;90;4996.00;181
13618;90;629054033;13618;128;14316;14498;11.38;0.69;249.58;17.17;698;90;4997.00;182
13621;90;629054052;13621;129;14316;14498;11.48;0.70;249.58;17.17;695;90;4998.00;182
13622;90;629054064;13622;123;14320;14502;11.56;0.70;249.59;17.17;698;90;4999.00;182
13625;90;629054076;13625;119;14320;14502;11.55;0.70;249.61;17.17;695;90;5000.00;182
13627;90;629054098;13627;115;14320;14502;11.61;0.70;249.62;17.17;693;90;5001.00;182
13629;90;629054110;13629;118;14320;14502;11.59;0.70;249.62;17.17;691;90;5002.00;182
13633;90;629054121;13633;114;14320;14502;11.62;0.70;249.65;17.17;687;90;5003.00;182
13635;90;629054133;13635;115;14329;14514;11.60;0.70;249.66;17.16;694;90;5004.00;185
13636;90;629054145;13636;114;14329;14514;11.60;0.70;249.67;17.16;693;90;5005.00;185
13639;90;629054156;13639;112;14331;14514;11.73;0.71;249.70;17.16;692;90;5006.00;183
13641;90;629054167;13641;108;14331;14514;11.82;0.72;249.72;17.16;690;90;5007.00;183
13642;90;629054178;13642;109;14331;14514;11.88;0.72;249.74;17.16;689;90;5008.00;183
13644;90;629054188;13644;110;14331;14514;11.96;0.73;249.75;17.16;687;90;5009.00;183
13647;90;629054206;13647;109;14332;14515;12.04;0.73;249.76;17.30;685;90;5010.00;183
13649;90;629054217;13649;108;14332;14515;12.03;0.73;249.78;17.30;683;90;5011.00;183
13651;90;629054233;13651;109;14336;14521;12.02;0.73;249.81;17.30;685;90;5012.00;185
13655;90;629054244;13655;112;14337;14522;12.02;0.73;249.80;17.30;682;90;5013.00;185
13659;90;629054255;13659;115;14338;14522;12.07;0.73;249.80;17.30;679;90;5014.00;184
13663;90;629054266;13663;113;14338;14522;12.11;0.73;249.80;17.30;675;90;5015.00;184
13667;90;629054277;13667;116;14341;14526;12.09;0.73;249.80;17.29;674;90;5016.00;185
13668;90;629054287;13668;119;14341;14526;12.03;0.73;249.80;17.29;673;90;5017.00;185
13670;90;629054298;13670;120;14341;14526;12.02;0.73;249.81;17.29;671;90;5018.00;185
13671;90;629054308;13671;125;14342;14527;12.08;0.74;249.82;17.29;671;90;5019.00;185
13675;90;629054317;13675;122;14345;14531;12.02;0.73;249.83;17.29;670;90;5020.00;186
13676;90;629054328;13676;125;14345;14531;12.04;0.73;249.85;17.29;669;90;5021.00;186
13678;90;629054337;13678;128;14347;14534;12.16;0.74;249.88;17.29;669;90;5022.00;187
13681;90;629054348;13681;130;14347;14534;12.18;0.74;249.91;17.29;666;90;5023.00;187
13683;90;629054358;13683;131;14348;14534;12.18;0.74;249.90;17.29;665;90;5024.00;186
13688;90;629054368;13688;126;14348;14534;12.17;0.74;249.88;17.29;660;90;5025.00;186
13693;90;629054377;13693;127;14352;14538;12.08;0.73;249.88;17.43;659;90;5026.00;186
13695;90;629054387;13695;131;14352;14538;12.07;0.74;249.89;17.43;657;90;5027.00;186
13699;90;629054397;13699;132;14353;14538;12.04;0.73;249.91;17.43;654;90;5028.00;185
13702;90;629054406;13702;120;14353;14538;12.08;0.74;249.91;17.43;651;90;5029.00;185
13705;90;629054415;13705;115;14353;14539;12.11;0.74;249.91;17.43;648;90;5030.00;186
13713;90;629054425;13713;114;14355;14540;12.13;0.74;249.90;17.58;642;90;5031.00;185
13719;90;629054434;13719;112;14355;14540;12.11;0.74;249.88;17.58;636;90;5032.00;185
13724;90;629054444;13724;110;14356;14541;12.02;0.73;249.85;17.58;632;90;5033.00;185
13726;90;629054458;13726;106;14357;14541;11.99;0.73;249.84;17.72;631;90;5034.00;184
13731;90;629054472;13731;105;14358;14541;11.98;0.73;249.85;17.74;627;90;5035.00;183
13735;90;629054485;13735;103;14358;14541;12.02;0.73;249.86;17.74;623;90;5036.00;183
13738;90;629054499;13738;103;14358;14541;12.07;0.73;249.86;17.74;620;90;5037.00;183
13741;90;629054511;13741;109;14359;14541;12.09;0.74;249.84;17.89;618;90;5038.00;182
13748;90;629054522;13748;109;14359;14541;12.16;0.74;249.82;17.89;611;90;5039.00;182
13751;90;629054536;13751;140;14460;14771;11.73;0.73;249.79;17.91;709;90;5040.00;311
13755;90;629054568;13755;135;14463;14772;11.67;0.73;249.79;17.91;708;90;5041.00;309
13758;90;629054578;13758;122;14472;14772;11.70;0.73;249.83;18.05;714;90;5042.00;300
13761;90;629054589;13761;121;14475;14772;11.70;0.73;249.80;18.04;714;90;5043.00;297
13763;90;629054600;13763;126;14484;14772;11.69;0.73;249.80;18.03;721;90;5044.00;288
13766;91;629054610;13766;124;14489;14772;11.62;0.72;249.77;18.18;723;91;5045.00;283
13768;91;629054638;13768;122;14495;14772;11.56;0.72;249.77;18.17;727;91;5046.00;277
13770;91;629054649;13770;119;14498;14772;11.51;0.71;249.76;18.17;728;91;5047.00;274
13774;91;629054659;13774;122;14505;14773;11.45;0.71;249.73;18.17;731;91;5048.00;268
13776;92;629054674;13776;131;14512;14774;11.35;0.70;249.74;18.31;736;92;5049.00;262
13779;92;629054701;13779;132;14518;14774;11.34;0.70;249.74;18.31;739;92;5050.00;256
13779;92;629054711;13779;140;14522;14775;11.24;0.69;249.74;18.31;743;92;5051.00;253
13783;92;629054722;13783;146;14527;14775;11.16;0.69;249.74;18.30;744;92;5052.00;248
13785;92;629054732;13785;146;14528;14775;11.10;0.68;249.76;18.30;743;92;5053.00;247
13785;92;629054742;13785;149;14534;14775;10.98;0.68;249.76;18.30;749;92;5054.00;241
13787;92;629054752;13787;155;14539;14779;10.79;0.66;249.75;18.30;752;92;5055.00;240
13788;92;629054768;13788;166;14541;14779;10.68;0.66;249.74;18.30;753;92;5056.00;238
13791;92;629054779;13791;167;14544;14779;10.59;0.65;249.72;18.31;753;92;5057.00;235
13792;92;629054789;13792;172;14546;14782;10.48;0.64;249.71;18.31;754;92;5058.00;236
13798;92;629054800;13798;181;14549;14782;10.38;0.64;249.71;18.31;751;92;5059.00;233
13800;92;629054811;13800;189;14554;14782;10.27;0.63;249.74;18.33;754;92;5060.00;228
13802;92;629054821;13802;193;14559;14786;10.15;0.62;249.72;18.33;757;92;5061.00;227
13806;92;629054833;13806;211;14562;14787;10.03;0.61;249.71;18.33;756;92;5062.00;225
13806;92;629054844;13806;219;14566;14787;9.90;0.61;249.71;18.36;760;92;5063.00;221
13809;92;629054855;13809;227;14570;14791;9.78;0.60;249.69;18.35;761;92;5064.00;221
13810;92;629054866;13810;241;14573;14791;9.58;0.59;249.67;18.38;763;92;5065.00;218
13813;92;629054882;13813;254;14574;14791;9.40;0.58;249.63;18.38;761;92;5066.00;217
13814;92;629054892;13814;266;14579;14792;9.31;0.57;249.63;18.40;765;92;5067.00;213
13816;92;629054902;13816;274;14580;14792;9.21;0.56;249.62;18.40;764;92;5068.00;212
13818;92;629054918;13818;282;14586;14798;9.15;0.56;249.60;18.42;768;92;5069.00;212
13819;92;629054931;13819;293;14589;14798;9.03;0.55;249.59;18.43;770;92;5070.00;209
13820;92;629054941;13820;301;14591;14799;8.84;0.54;249.58;18.44;771;92;5071.00;208
13823;92;629054951;13823;307;14593;14799;8.65;0.53;249.56;18.45;770;92;5072.00;206
13825;92;629054961;13825;313;14597;14799;8.47;0.52;249.53;18.46;772;92;5073.00;202
13827;92;629054971;13827;320;14597;14799;8.34;0.51;249.53;18.46;770;92;5074.00;202
13827;92;629054981;13827;328;14600;14799;8.21;0.50;249.53;18.48;773;92;5075.00;199
13828;92;629054991;13828;338;14611;14811;8.13;0.50;249.51;18.46;783;92;5076.00;200
13830;92;629055012;13830;343;14614;14811;7.95;0.49;249.52;18.48;784;92;5077.00;197
13831;92;629055021;13831;351;14617;14811;7.82;0.48;249.50;18.49;786;92;5078.00;194
13831;92;629055029;13831;350;14619;14811;7.72;0.47;249.50;18.50;788;92;5079.00;192
13832;92;629055038;13832;351;14620;14811;7.66;0.47;249.50;18.50;788;92;5080.00;191
13833;92;629055048;13833;352;14621;14811;7.59;0.46;249.49;18.51;788;92;5081.00;190
13835;92;629055057;13835;357;14625;14815;7.47;0.46;249.52;18.51;790;92;5082.00;190
13836;92;629055067;13836;342;14626;14815;7.38;0.45;249.51;18.52;790;92;5083.00;189
13837;92;629055076;13837;336;14630;14819;7.39;0.45;249.50;18.52;793;92;5084.00;189
13839;92;629055087;13839;329;14632;14821;7.36;0.45;249.51;18.52;793;92;5085.00;189
13839;92;629055098;13839;319;14634;14821;7.36;0.45;249.51;18.53;795;92;5086.00;187
13841;92;629055107;13841;312;14636;14821;7.40;0.45;249.47;18.55;795;92;5087.00;185
13845;92;629055117;13845;309;14647;14834;7.42;0.45;249.48;18.54;802;92;5088.00;187
13845;93;629055127;13845;304;14649;14834;7.44;0.45;249.48;18.56;804;93;5089.00;185
13847;93;629055151;13847;301;14649;14834;7.48;0.46;249.46;18.56;802;93;5090.00;185
13847;93;629055164;13847;298;14650;14835;7.51;0.46;249.46;18.56;803;93;5091.00;185
13849;93;629055174;13849;300;14652;14836;7.53;0.46;249.44;18.57;803;93;5092.00;184
13851;93;629055190;13851;298;14652;14836;7.52;0.46;249.47;18.57;801;93;5093.00;184
13853;93;629055200;13853;298;14656;14839;7.55;0.46;249.45;18.59;803;93;5094.00;183
13856;93;629055211;13856;298;14656;14839;7.49;0.46;249.47;18.59;800;93;5095.00;183
13857;93;629055221;13857;290;14657;14839;7.52;0.46;249.46;18.58;800;93;5096.00;182
13861;93;629055230;13861;291;14659;14839;7.44;0.46;249.46;18.60;798;93;5097.00;180
13863;93;629055241;13863;293;14663;14845;7.46;0.46;249.46;18.59;800;93;5098.00;182
13865;93;629055252;13865;297;14665;14845;7.32;0.45;249.48;18.61;800;93;5099.00;180
13869;93;629055263;13869;291;14670;14864;7.18;0.44;249.47;18.60;801;93;5100.00;194
13872;93;629055280;13872;280;14670;14864;7.13;0.44;249.45;18.60;798;93;5101.00;194
13876;93;629055290;13876;281;14676;14868;7.07;0.43;249.46;18.61;800;93;5102.00;192
13878;93;629055300;13878;283;14677;14869;7.10;0.44;249.50;18.61;799;93;5103.00;192
13880;93;629055309;13880;285;14677;14869;7.10;0.44;249.51;18.61;797;93;5104.00;192
13884;93;629055319;13884;286;14681;14870;7.07;0.44;249.54;18.62;797;93;5105.00;189
13885;93;629055329;13885;284;14682;14870;7.15;0.44;249.54;18.62;797;93;5106.00;188
13889;93;629055338;13889;268;14684;14870;7.25;0.45;249.54;18.63;795;93;5107.00;186
13893;93;629055348;13893;259;14685;14870;7.37;0.46;249.54;18.62;792;93;5108.00;185
13895;93;629055359;13895;251;14685;14870;7.54;0.47;249.55;18.62;790;93;5109.00;185
13902;93;629055368;13902;246;14685;14870;7.62;0.47;249.58;18.62;783;93;5110.00;185
13904;93;629055378;13904;249;14686;14870;7.76;0.48;249.59;18.62;782;93;5111.00;184
13910;93;629055388;13910;246;14720;14940;7.93;0.49;249.59;18.58;810;93;5112.00;220
13917;93;629055403;13917;233;14722;14941;7.96;0.49;249.56;18.58;805;93;5113.00;219
13918;93;629055420;13918;231;14729;14941;8.08;0.50;249.56;18.57;811;93;5114.00;212
13926;93;629055431;13926;232;14732;14941;8.10;0.50;249.53;18.57;806;93;5115.00;209
13931;93;629055441;13931;226;14735;14941;8.21;0.50;249.51;18.57;804;93;5116.00;206
13935;93;629055452;13935;225;14738;14941;8.34;0.51;249.52;18.56;803;93;5117.00;203
13940;93;629055463;13940;218;14740;14941;8.37;0.51;249.49;18.56;800;93;5118.00;201
13946;93;629055474;13946;209;14743;14941;8.37;0.51;249.48;18.56;797;93;5119.00;198
13952;93;629055485;13952;212;14745;14942;8.43;0.51;249.46;18.56;793;93;5120.00;197
13956;93;629055496;13956;212;14747;14943;8.52;0.52;249.46;18.56;791;93;5121.00;196
13961;94;629055507;13961;220;14749;14943;8.55;0.52;249.47;18.56;788;94;5122.00;194
13964;94;629055529;13964;214;14754;14947;8.64;0.53;249.46;18.55;790;94;5123.00;193
13968;94;629055545;13968;209;14754;14947;8.64;0.53;249.51;18.55;786;94;5124.00;193
13973;94;629055557;13973;211;14755;14947;8.67;0.53;249.48;18.55;782;94;5125.00;192
13976;94;629055569;13976;211;14755;14947;8.65;0.53;249.50;18.55;779;94;5126.00;192
13985;94;629055579;13985;209;14759;14953;8.61;0.53;249.55;18.55;774;94;5127.00;194
13987;94;629055593;13987;217;14759;14953;8.66;0.53;249.55;18.55;772;94;5128.00;194
13993;94;629055604;13993;215;14759;14953;8.70;0.53;249.59;18.55;766;94;5129.00;194
13995;94;629055617;13995;213;14762;14959;8.79;0.54;249.61;18.55;767;94;5130.00;197
13997;94;629055629;13997;222;14763;14959;8.81;0.54;249.63;18.55;766;94;5131.00;196
14004;94;629055640;14004;220;14763;14959;8.83;0.54;249.62;18.55;759;94;5132.00;196
14006;94;629055652;14006;222;14766;14960;8.87;0.54;249.66;18.55;760;94;5133.00;194
14010;94;629055663;14010;223;14767;14961;8.89;0.54;249.66;18.55;757;94;5134.00;194
14015;94;629055674;14015;224;14767;14961;8.93;0.55;249.66;18.55;752;94;5135.00;194
14017;94;629055686;14017;227;14776;14974;8.99;0.55;249.68;18.54;759;94;5136.00;198
14020;94;629055698;14020;228;14778;14974;9.04;0.55;249.69;18.54;758;94;5137.00;196
14025;94;629055709;14025;227;14778;14974;9.06;0.55;249.67;18.54;753;94;5138.00;196
14031;94;629055721;14031;227;14782;14975;9.06;0.55;249.73;18.54;751;94;5139.00;193
14034;94;629055733;14034;226;14783;14975;9.13;0.56;249.73;18.54;749;94;5140.00;192
14036;94;629055744;14036;229;14786;14979;9.17;0.56;249.74;18.53;750;94;5141.00;193
14038;94;629055755;14038;230;14788;14979;9.21;0.56;249.76;18.53;750;94;5142.00;191
14044;94;629055766;14044;232;14791;14983;9.18;0.56;249.77;18.53;747;94;5143.00;192
14048;94;629055778;14048;235;14792;14983;9.16;0.56;249.84;18.53;744;94;5144.00;191
14053;94;629055790;14053;239;14792;14983;9.14;0.56;249.83;18.53;739;94;5145.00;191
14055;94;629055802;14055;245;14793;14983;9.14;0.56;249.85;18.53;738;94;5146.00;190
14060;94;629055813;14060;239;14794;14983;9.15;0.56;249.83;18.53;734;94;5147.00;189
14062;94;629055825;14062;233;14804;14995;9.32;0.57;249.82;18.52;742;94;5148.00;191
14068;94;629055837;14068;226;14805;14995;9.38;0.57;249.84;18.52;737;94;5149.00;190
14072;94;629055849;14072;217;14806;14995;9.46;0.58;249.83;18.52;734;94;5150.00;189
14077;94;629055861;14077;209;14807;14995;9.57;0.58;249.90;18.52;730;94;5151.00;188
14079;94;629055872;14079;207;14808;14995;9.63;0.59;249.90;18.51;729;94;5152.00;187
14084;94;629055883;14084;206;14808;14995;9.67;0.59;249.92;18.51;724;94;5153.00;187
14085;94;629055896;14085;206;14808;14996;9.66;0.59;249.92;18.51;723;94;5154.00;188
14086;94;629055906;14086;206;14809;14998;9.64;0.59;249.93;18.51;723;94;5155.00;189
14090;94;629055919;14090;193;14814;15004;9.67;0.59;249.93;18.51;724;94;5156.00;190
14094;94;629055932;14094;183;14816;15005;9.75;0.59;249.91;18.51;722;94;5157.00;189
14098;94;629055944;14098;171;14816;15005;9.82;0.60;249.91;18.51;718;94;5158.00;189
14100;94;629055956;14100;161;14816;15005;9.93;0.60;249.91;18.51;716;94;5159.00;189
14104;94;629055969;14104;155;14820;15010;10.09;0.61;249.93;18.50;716;94;5160.00;190
14106;94;629055982;14106;145;14820;15010;10.23;0.62;249.94;18.50;714;94;5161.00;190
14107;94;629055995;14107;139;14820;15010;10.37;0.63;249.95;18.50;713;94;5162.00;190
14110;94;629056006;14110;132;14821;15011;10.54;0.64;249.95;18.50;711;94;5163.00;190
14112;94;629056019;14112;129;14824;15015;10.61;0.64;249.96;18.50;712;94;5164.00;191
14115;94;629056031;14115;125;14824;15015;10.81;0.66;249.96;18.50;709;94;5165.00;191
14118;94;629056043;14118;122;14826;15018;10.99;0.67;249.97;18.49;708;94;5166.00;192
14121;94;629056056;14121;123;14826;15018;11.10;0.67;249.98;18.49;705;94;5167.00;192
14125;94;629056069;14125;123;14827;15018;11.21;0.68;250.02;18.49;702;94;5168.00;191
14128;94;629056080;14128;124;14827;15018;11.26;0.68;250.01;18.49;699;94;5169.00;191
14131;94;629056093;14131;126;14830;15022;11.31;0.68;249.99;18.49;699;94;5170.00;192
14135;94;629056105;14135;126;14830;15022;11.42;0.69;250.00;18.49;695;94;5171.00;192
14137;94;629056116;14137;130;14831;15022;11.50;0.70;250.01;18.49;694;94;5172.00;191
14138;94;629056127;14138;130;14831;15022;11.48;0.70;250.02;18.49;693;94;5173.00;191
14140;94;629056144;14140;131;14831;15023;11.44;0.69;250.04;18.49;691;94;5174.00;192
14143;94;629056156;14143;131;14833;15025;11.45;0.69;250.07;18.49;690;94;5175.00;192
14145;94;629056167;14145;136;14833;15025;11.44;0.69;250.07;18.49;688;94;5176.00;192
14147;94;629056177;14147;138;14834;15026;11.42;0.69;250.07;18.48;687;94;5177.00;192
14150;94;629056188;14150;140;14834;15026;11.42;0.69;250.04;18.48;684;94;5178.00;192
14152;94;629056199;14152;136;14834;15026;11.43;0.69;250.04;18.48;682;94;5179.00;192
14153;94;629056214;14153;138;14834;15026;11.36;0.69;250.04;18.48;681;94;5180.00;192
14156;94;629056224;14156;141;14834;15026;11.35;0.69;250.04;18.48;678;94;5181.00;192
14158;94;629056234;14158;142;14834;15026;11.30;0.69;250.06;18.48;676;94;5182.00;192
14161;94;629056244;14161;139;14834;15026;11.29;0.69;250.07;18.48;673;94;5183.00;192
14164;94;629056254;14164;171;14908;15153;11.03;0.68;250.13;18.39;744;94;5184.00;245
14168;94;629056273;14168;156;14909;15154;10.97;0.67;250.17;18.39;741;94;5185.00;245
14169;94;629056284;14169;148;14916;15154;11.05;0.68;250.17;18.38;747;94;5186.00;238
14170;94;629056294;14170;145;14921;15154;11.12;0.68;250.17;18.38;751;94;5187.00;233
14175;94;629056311;14175;151;14925;15154;11.10;0.68;250.19;18.37;750;94;5188.00;229
14176;94;629056336;14176;148;14929;15154;11.15;0.69;250.18;18.37;753;94;5189.00;225
14180;94;629056348;14180;154;14932;15154;11.19;0.69;250.16;18.37;752;94;5190.00;222
14183;94;629056359;14183;157;14935;15154;11.23;0.69;250.14;18.37;752;94;5191.00;219
14185;94;629056369;14185;162;14938;15155;11.26;0.69;250.13;18.36;753;94;5192.00;217
14188;94;629056386;14188;164;14939;15156;11.32;0.69;250.13;18.36;751;94;5193.00;217
14189;94;629056397;14189;163;14941;15156;11.39;0.70;250.17;18.36;752;94;5194.00;215
14190;94;629056407;14190;166;14942;15157;11.48;0.70;250.16;18.36;752;94;5195.00;215
14191;94;629056418;14191;168;14944;15157;11.48;0.70;250.17;18.36;753;94;5196.00;213
14195;94;629056428;14195;173;14945;15157;11.48;0.70;250.17;18.36;750;94;5197.00;212
14195;94;629056438;14195;174;14947;15157;11.43;0.70;250.17;18.36;752;94;5198.00;210
14201;94;629056450;14201;172;14949;15161;11.33;0.69;250.15;18.36;748;94;5199.00;212
14205;94;629056468;14205;174;14950;15161;11.23;0.69;250.14;18.51;745;94;5200.00;211
14207;94;629056491;14207;176;14952;15161;11.13;0.68;250.13;18.51;745;94;5201.00;209
14208;94;629056505;14208;170;14954;15164;11.12;0.68;250.13;18.51;746;94;5202.00;210
14214;94;629056518;14214;168;14956;15164;11.03;0.68;250.09;18.50;742;94;5203.00;208
14217;94;629056531;14217;168;14958;15164;10.96;0.67;250.08;18.50;741;94;5204.00;206
14223;94;629056544;14223;171;14964;15168;10.92;0.67;250.04;18.52;741;94;5205.00;204
14229;94;629056562;14229;169;14965;15169;10.92;0.67;250.04;18.52;736;94;5206.00;204
14229;94;629056573;14229;170;14966;15169;10.97;0.67;250.04;18.52;737;94;5207.00;203
14233;94;629056585;14233;171;14968;15173;11.00;0.67;250.02;18.51;735;94;5208.00;205
14237;94;629056596;14237;165;14968;15173;10.97;0.67;250.03;18.51;731;94;5209.00;205
14240;95;629056606;14240;163;14969;15173;11.02;0.67;250.00;18.52;729;95;5210.00;204
14245;95;629056633;14245;165;14970;15174;10.97;0.67;249.96;18.52;725;95;5211.00;204
14246;95;629056648;14246;161;14971;15174;10.95;0.67;249.95;18.52;725;95;5212.00;203
14250;95;629056663;14250;167;14975;15180;10.95;0.67;249.93;18.52;725;95;5213.00;205
14251;95;629056675;14251;175;14976;15180;10.99;0.67;249.92;18.52;725;95;5214.00;204
14254;95;629056684;14254;178;14976;15180;10.93;0.67;249.90;18.52;722;95;5215.00;204
14261;95;629056694;14261;184;14976;15181;10.85;0.66;249.90;18.52;715;95;5216.00;205
14262;95;629056710;14262;190;14977;15181;10.73;0.65;249.89;18.52;715;95;5217.00;204
14267;95;629056725;14267;195;14977;15181;10.59;0.64;249.84;18.52;710;95;5218.00;204
14268;95;629056734;14268;203;14977;15181;10.42;0.63;249.83;18.52;709;95;5219.00;204
14273;95;629056745;14273;206;14997;15217;10.28;0.63;249.79;18.49;724;95;5220.00;220
14275;95;629056758;14275;204;14998;15217;10.16;0.62;249.78;18.49;723;95;5221.00;219
14276;95;629056768;14276;208;15000;15217;10.13;0.62;249.77;18.49;724;95;5222.00;217
14279;95;629056777;14279;210;15001;15217;10.03;0.61;249.75;18.49;722;95;5223.00;216
14280;95;629056786;14280;212;15003;15217;9.96;0.61;249.74;18.49;723;95;5224.00;214
14280;95;629056801;14280;214;15004;15217;9.85;0.60;249.74;18.49;724;95;5225.00;213
14281;95;629056811;14281;217;15008;15221;9.82;0.60;249.73;18.48;727;95;5226.00;213
14281;95;629056826;14281;221;15009;15221;9.79;0.60;249.73;18.48;728;95;5227.00;212
14283;95;629056835;14283;231;15013;15225;9.83;0.60;249.73;18.48;730;95;5228.00;212
14286;95;629056845;14286;232;15015;15226;9.75;0.59;249.74;18.49;729;95;5229.00;211
14289;95;629056855;14289;237;15018;15226;9.68;0.59;249.73;18.49;729;95;5230.00;208
14290;95;629056870;14290;246;15019;15226;9.61;0.58;249.72;18.50;729;95;5231.00;207
14293;95;629056879;14293;250;15030;15239;9.43;0.57;249.71;18.50;737;95;5232.00;209
14293;95;629056890;14293;257;15030;15239;9.28;0.56;249.71;18.50;737;95;5233.00;209
14293;95;629056900;14293;263;15032;15239;9.15;0.56;249.71;18.51;739;95;5234.00;207
14293;95;629056908;14293;261;15035;15240;9.09;0.55;249.71;18.53;742;95;5235.00;205
14293;95;629056918;14293;260;15036;15241;9.05;0.55;249.71;18.54;743;95;5236.00;205
14293;95;629056928;14293;266;15036;15241;9.04;0.55;249.71;18.54;743;95;5237.00;205
14295;95;629056937;14295;261;15040;15244;9.08;0.55;249.70;18.55;745;95;5238.00;204
14296;95;629056947;14296;261;15041;15244;9.06;0.55;249.70;18.56;745;95;5239.00;203
14298;95;629056957;14298;259;15042;15244;9.03;0.55;249.69;18.57;744;95;5240.00;202
14301;95;629056966;14301;257;15043;15244;9.01;0.55;249.71;18.58;742;95;5241.00;201
14303;95;629056977;14303;259;15048;15250;9.04;0.55;249.70;18.59;745;95;5242.00;202
14303;96;629056987;14303;258;15049;15250;9.04;0.55;249.70;18.59;746;96;5243.00;201
14305;96;629057009;14305;255;15051;15250;9.02;0.55;249.68;18.61;746;96;5244.00;199
14306;96;629057020;14306;255;15051;15250;8.98;0.55;249.70;18.61;745;96;5245.00;199
14308;96;629057035;14308;252;15056;15254;8.87;0.54;249.68;18.63;748;96;5246.00;198
14309;96;629057045;14309;251;15057;15255;8.78;0.54;249.66;18.63;748;96;5247.00;198
14311;96;629057056;14311;252;15057;15255;8.69;0.53;249.66;18.63;746;96;5248.00;198
14311;96;629057066;14311;248;15060;15256;8.65;0.53;249.66;18.65;749;96;5249.00;196
14312;96;629057077;14312;243;15060;15256;8.59;0.52;249.65;18.65;748;96;5250.00;196
14314;96;629057088;14314;248;15060;15256;8.57;0.52;249.64;18.65;746;96;5251.00;196
14314;96;629057097;14314;246;15062;15256;8.51;0.52;249.64;18.66;748;96;5252.00;194
14316;96;629057106;14316;249;15062;15256;8.44;0.51;249.63;18.66;746;96;5253.00;194
14316;96;629057117;14316;244;15064;15256;8.40;0.51;249.63;18.68;748;96;5254.00;192
14317;96;629057131;14317;244;15064;15256;8.39;0.51;249.62;18.68;747;96;5255.00;192
14319;96;629057141;14319;251;15097;15326;8.44;0.51;249.63;18.64;778;96;5256.00;229
14321;96;629057161;14321;250;15097;15327;8.42;0.51;249.62;18.64;776;96;5257.00;230
14322;96;629057171;14322;247;15108;15327;8.53;0.52;249.62;18.63;786;96;5258.00;219
14324;96;629057181;14324;251;15116;15327;8.58;0.53;249.62;18.65;792;96;5259.00;211
14328;96;629057190;14328;249;15121;15327;8.51;0.52;249.63;18.65;793;96;5260.00;206
14328;96;629057200;14328;250;15127;15327;8.38;0.51;249.63;18.67;799;96;5261.00;200
14334;96;629057210;14334;256;15130;15327;8.24;0.50;249.60;18.67;796;96;5262.00;197
14338;96;629057219;14338;260;15133;15327;8.09;0.49;249.57;18.68;795;96;5263.00;194
14344;96;629057229;14344;260;15136;15328;8.01;0.49;249.62;18.68;792;96;5264.00;192
14348;96;629057240;14348;264;15140;15330;7.88;0.48;249.64;18.68;792;96;5265.00;190
14354;96;629057250;14354;262;15143;15330;7.73;0.47;249.62;18.69;789;96;5266.00;187
14357;96;629057260;14357;261;15148;15334;7.61;0.47;249.61;18.70;791;96;5267.00;186
14361;96;629057270;14361;266;15148;15334;7.46;0.46;249.65;18.70;787;96;5268.00;186
14364;96;629057279;14364;272;15148;15334;7.34;0.45;249.66;18.70;784;96;5269.00;186
14367;96;629057289;14367;261;15150;15334;7.24;0.44;249.67;18.71;783;96;5270.00;184
14372;96;629057298;14372;260;15155;15340;7.26;0.45;249.66;18.70;783;96;5271.00;185
14375;96;629057309;14375;258;15157;15340;7.28;0.45;249.67;18.71;782;96;5272.00;183
14379;96;629057319;14379;254;15157;15340;7.27;0.45;249.68;18.71;778;96;5273.00;183
14383;96;629057329;14383;252;15160;15343;7.30;0.45;249.67;18.71;777;96;5274.00;183
14389;96;629057340;14389;243;15162;15343;7.36;0.45;249.67;18.72;773;96;5275.00;181
14391;96;629057350;14391;238;15162;15343;7.45;0.46;249.69;18.72;771;96;5276.00;181
14397;96;629057360;14397;234;15163;15344;7.55;0.46;249.69;18.72;766;96;5277.00;181
14400;96;629057371;14400;232;15164;15345;7.66;0.47;249.70;18.72;764;96;5278.00;181
14403;96;629057381;14403;223;15164;15345;7.80;0.48;249.68;18.72;761;96;5279.00;181
14407;96;629057393;14407;219;15184;15371;7.81;0.48;249.70;18.70;777;96;5280.00;187
14409;96;629057405;14409;207;15185;15371;7.93;0.49;249.73;18.70;776;96;5281.00;186
14415;96;629057415;14415;201;15186;15371;7.97;0.49;249.76;18.70;771;96;5282.00;185
14421;96;629057426;14421;203;15187;15372;8.11;0.50;249.76;18.69;766;96;5283.00;185
14424;96;629057439;14424;202;15187;15372;8.22;0.50;249.76;18.69;763;96;5284.00;185
14430;96;629057451;14430;199;15191;15376;8.36;0.51;249.79;18.69;761;96;5285.00;185
14437;96;629057463;14437;202;15191;15376;8.48;0.52;249.79;18.69;754;96;5286.00;185
14440;96;629057475;14440;199;15194;15379;8.63;0.53;249.78;18.69;754;96;5287.00;185
14443;96;629057485;14443;196;15194;15380;8.73;0.53;249.79;18.69;751;96;5288.00;186
14449;96;629057496;14449;195;15194;15380;8.78;0.54;249.83;18.69;745;96;5289.00;186
14455;96;629057508;14455;184;15194;15380;8.84;0.54;249.83;18.69;739;96;5290.00;186
14459;96;629057519;14459;181;15194;15380;8.91;0.54;249.83;18.69;735;96;5291.00;186
14465;96;629057530;14465;185;15204;15392;9.04;0.55;249.85;18.67;739;96;5292.00;188
14470;96;629057542;14470;190;15204;15392;9.10;0.56;249.87;18.67;734;96;5293.00;188
14476;96;629057558;14476;185;15205;15392;9.22;0.56;249.85;18.67;729;96;5294.00;187
14481;96;629057569;14481;183;15205;15392;9.31;0.57;249.86;18.67;724;96;5295.00;187
14485;96;629057580;14485;182;15205;15392;9.28;0.57;249.88;18.67;720;96;5296.00;187
14489;96;629057591;14489;178;15205;15392;9.27;0.57;249.86;18.67;716;96;5297.00;187
14492;96;629057602;14492;188;15205;15393;9.38;0.57;249.85;18.67;713;96;5298.00;188
14495;96;629057612;14495;187;15205;15393;9.46;0.58;249.87;18.67;710;96;5299.00;188
14501;96;629057624;14501;185;15209;15399;9.48;0.58;249.83;18.67;708;96;5300.00;190
14502;96;629057639;14502;186;15211;15400;9.62;0.59;249.83;18.67;709;96;5301.00;189
14505;96;629057650;14505;191;15211;15400;9.69;0.59;249.84;18.67;706;96;5302.00;189
14509;96;629057661;14509;191;15211;15400;9.68;0.59;249.84;18.67;702;96;5303.00;189
14516;96;629057672;14516;194;15214;15404;9.68;0.59;249.83;18.66;698;96;5304.00;190
14518;96;629057684;14518;191;15214;15404;9.76;0.59;249.83;18.66;696;96;5305.00;190
14521;96;629057695;14521;193;15214;15404;9.82;0.60;249.84;18.66;693;96;5306.00;190
14524;96;629057705;14524;195;15215;15405;9.87;0.60;249.84;18.66;691;96;5307.00;190
14526;96;629057716;14526;196;15218;15409;9.98;0.61;249.84;18.66;692;96;5308.00;191
14530;96;629057727;14530;197;15218;15409;10.02;0.61;249.86;18.66;688;96;5309.00;191
14533;96;629057739;14533;195;15221;15415;10.13;0.62;249.88;18.65;688;96;5310.00;194
14539;96;629057750;14539;194;15222;15415;10.09;0.61;249.88;18.65;683;96;5311.00;193
14541;96;629057761;14541;198;15222;15415;10.14;0.62;249.86;18.65;681;96;5312.00;193
14544;96;629057771;14544;203;15223;15415;10.13;0.62;249.87;18.65;679;96;5313.00;192
14550;96;629057781;14550;203;15225;15419;9.99;0.61;249.85;18.65;675;96;5314.00;194
14552;96;629057799;14552;206;15226;15419;9.93;0.60;249.84;18.65;674;96;5315.00;193
14556;96;629057810;14556;203;15226;15419;9.81;0.59;249.88;18.65;670;96;5316.00;193
14559;96;629057820;14559;194;15227;15419;9.67;0.59;249.90;18.65;668;96;5317.00;192
14563;96;629057830;14563;193;15227;15420;9.61;0.58;249.92;18.65;664;96;5318.00;193
14568;96;629057841;14568;192;15229;15421;9.58;0.58;249.97;18.65;661;96;5319.00;192
14569;96;629057857;14569;196;15229;15421;9.61;0.58;249.98;18.65;660;96;5320.00;192
14573;96;629057868;14573;197;15230;15422;9.59;0.58;250.00;18.64;657;96;5321.00;192
14576;96;629057879;14576;192;15230;15422;9.54;0.58;250.01;18.64;654;96;5322.00;192
14577;96;629057889;14577;191;15230;15422;9.55;0.58;250.01;18.64;653;96;5323.00;192
14578;96;629057899;14578;189;15230;15422;9.61;0.58;250.01;18.64;652;96;5324.00;192
14586;96;629057915;14586;194;15230;15422;9.57;0.58;250.04;18.64;644;96;5325.00;192
14587;96;629057925;14587;178;15230;15422;9.55;0.58;250.05;18.64;643;96;5326.00;192
14590;96;629057936;14590;170;15230;15422;9.46;0.57;250.08;18.64;640;96;5327.00;192
14594;96;629057946;14594;182;15299;15549;9.43;0.58;250.13;18.56;705;96;5328.00;250
14596;96;629057966;14596;168;15301;15550;9.54;0.59;250.13;18.56;705;96;5329.00;249
14601;96;629057976;14601;150;15308;15550;9.70;0.60;250.14;18.55;707;96;5330.00;242
14605;96;629057987;14605;149;15312;15550;9.88;0.61;250.13;18.55;707;96;5331.00;238
14606;96;629057998;14606;145;15314;15550;10.07;0.62;250.13;18.54;708;96;5332.00;236
14609;96;629058009;14609;137;15316;15550;10.21;0.63;250.15;18.54;707;96;5333.00;234
14609;96;629058021;14609;131;15319;15550;10.36;0.64;250.15;18.54;710;96;5334.00;231
14611;96;629058031;14611;129;15323;15550;10.40;0.64;250.14;18.54;712;96;5335.00;227
14613;96;629058042;14613;132;15326;15551;10.43;0.64;250.15;18.54;713;96;5336.00;225
14616;96;629058053;14616;134;15328;15552;10.41;0.64;250.14;18.53;712;96;5337.00;224
14618;96;629058064;14618;141;15332;15552;10.39;0.64;250.13;18.53;714;96;5338.00;220
14620;96;629058075;14620;140;15334;15553;10.27;0.63;250.16;18.53;714;96;5339.00;219
14623;96;629058088;14623;146;15339;15553;10.29;0.64;250.16;18.53;716;96;5340.00;214
14628;96;629058100;14628;154;15341;15553;10.33;0.64;250.16;18.53;713;96;5341.00;212
14634;96;629058110;14634;154;15343;15553;10.36;0.64;250.19;18.53;709;96;5342.00;210
14637;96;629058121;14637;162;15346;15557;10.32;0.64;250.17;18.52;709;96;5343.00;211
14639;96;629058132;14639;166;15348;15557;10.31;0.63;250.18;18.52;709;96;5344.00;209
14640;96;629058143;14640;168;15349;15557;10.25;0.63;250.18;18.52;709;96;5345.00;208
14642;96;629058153;14642;175;15352;15560;10.28;0.63;250.18;18.52;710;96;5346.00;208
14644;96;629058163;14644;180;15353;15560;10.27;0.63;250.17;18.52;709;96;5347.00;207
14645;96;629058173;14645;179;15355;15560;10.33;0.63;250.16;18.52;710;96;5348.00;205
14647;96;629058183;14647;179;15359;15564;10.34;0.63;250.15;18.52;712;96;5349.00;205
14649;96;629058195;14649;182;15361;15565;10.38;0.64;250.16;18.51;712;96;5350.00;204
14650;96;629058208;14650;187;15361;15565;10.36;0.63;250.15;18.51;711;96;5351.00;204
14654;96;629058222;14654;189;15364;15569;10.34;0.63;250.18;18.51;710;96;5352.00;205
14657;96;629058234;14657;194;15364;15569;10.31;0.63;250.17;18.51;707;96;5353.00;205
14660;96;629058245;14660;194;15364;15569;10.35;0.63;250.16;18.51;704;96;5354.00;205
14662;96;629058256;14662;198;15366;15571;10.29;0.63;250.13;18.51;704;96;5355.00;205
14664;96;629058276;14664;199;15366;15571;10.30;0.63;250.11;18.51;702;96;5356.00;205
14664;96;629058286;14664;203;15370;15577;10.34;0.63;250.11;18.50;706;96;5357.00;207
14667;96;629058296;14667;207;15370;15577;10.30;0.63;250.11;18.50;703;96;5358.00;207
14669;96;629058305;14669;208;15371;15577;10.38;0.63;250.10;18.50;702;96;5359.00;206
14670;96;629058314;14670;211;15371;15578;10.40;0.63;250.09;18.50;701;96;5360.00;207
14672;96;629058324;14672;212;15371;15578;10.47;0.64;250.08;18.50;699;96;5361.00;207
14676;96;629058333;14676;211;15371;15578;10.63;0.65;250.06;18.50;695;96;5362.00;207
14677;96;629058342;14677;216;15372;15578;10.70;0.65;250.06;18.65;695;96;5363.00;206
14682;96;629058358;14682;217;15381;15590;10.78;0.66;250.05;18.64;699;96;5364.00;209
14683;96;629058368;14683;214;15381;15590;10.79;0.66;250.04;18.64;698;96;5365.00;209
14685;96;629058378;14685;217;15383;15590;10.85;0.66;250.04;18.64;698;96;5366.00;207
14687;96;629058387;14687;214;15383;15590;10.82;0.66;250.03;18.64;696;96;5367.00;207
14688;96;629058397;14688;212;15383;15590;10.85;0.66;250.02;18.64;695;96;5368.00;207
14692;96;629058406;14692;209;15383;15590;10.85;0.66;249.99;18.64;691;96;5369.00;207
14696;96;629058417;14696;206;15386;15594;10.83;0.66;249.95;18.64;690;96;5370.00;208
14699;96;629058432;14699;203;15386;15594;10.82;0.66;249.93;18.64;687;96;5371.00;208
14701;96;629058441;14701;196;15389;15598;10.82;0.66;249.92;18.63;688;96;5372.00;209
14706;96;629058453;14706;194;15390;15599;10.72;0.65;249.91;18.63;684;96;5373.00;209
14707;96;629058466;14707;187;15391;15599;10.71;0.65;249.95;18.63;684;96;5374.00;208
14709;96;629058478;14709;190;15392;15599;10.67;0.65;249.94;18.64;683;96;5375.00;207
14709;96;629058492;14709;190;15402;15612;10.62;0.64;249.94;18.63;693;96;5376.00;210
14710;96;629058504;14710;188;15402;15612;10.60;0.64;249.94;18.63;692;96;5377.00;210
14710;96;629058517;14710;191;15404;15612;10.56;0.64;249.94;18.78;694;96;5378.00;208
14710;96;629058528;14710;187;15405;15613;10.66;0.65;249.94;18.78;695;96;5379.00;208
14714;96;629058540;14714;187;15405;15614;10.69;0.65;249.90;18.78;691;96;5380.00;209
14716;96;629058550;14716;185;15405;15614;10.68;0.65;249.90;18.78;689;96;5381.00;209
14719;96;629058560;14719;187;15407;15617;10.70;0.65;249.88;18.78;688;96;5382.00;210
14720;96;629058575;14720;187;15408;15617;10.74;0.65;249.87;18.78;688;96;5383.00;209
14723;96;629058585;14723;192;15408;15617;10.71;0.65;249.84;18.78;685;96;5384.00;209
14724;96;629058595;14724;196;15408;15617;10.63;0.65;249.84;18.78;684;96;5385.00;209
14727;96;629058605;14727;198;15412;15623;10.65;0.65;249.82;18.77;685;96;5386.00;211
14729;96;629058614;14729;190;15412;15623;10.58;0.64;249.82;18.77;683;96;5387.00;211
14733;96;629058624;14733;181;15413;15623;10.49;0.64;249.82;18.77;680;96;5388.00;210
14734;96;629058633;14734;176;15413;15623;10.45;0.64;249.82;18.77;679;96;5389.00;210
14735;96;629058643;14735;173;15416;15627;10.42;0.63;249.81;18.77;681;96;5390.00;211
14735;96;629058652;14735;167;15417;15628;10.47;0.64;249.81;18.77;682;96;5391.00;211
14737;96;629058662;14737;164;15417;15628;10.51;0.64;249.81;18.77;680;96;5392.00;211
14740;96;629058672;14740;162;15418;15629;10.60;0.64;249.81;18.77;678;96;5393.00;211
14740;96;629058682;14740;157;15418;15629;10.69;0.65;249.81;18.77;678;96;5394.00;211
14744;96;629058697;14744;152;15418;15629;10.75;0.65;249.84;18.77;674;96;5395.00;211
14745;96;629058708;14745;151;15420;15629;10.80;0.66;249.82;18.79;675;96;5396.00;209
14748;96;629058718;14748;156;15420;15629;10.81;0.66;249.84;18.79;672;96;5397.00;209
14748;96;629058738;14748;158;15420;15629;10.76;0.65;249.84;18.79;672;96;5398.00;209
14748;96;629058748;14748;161;15422;15629;10.68;0.65;249.84;18.95;674;96;5399.00;207
