step_arrived;step_collisions;step_duration;step_ended;step_halting;step_inserted;step_loaded;step_meanSpeed;step_meanSpeedRelative;step_meanTravelTime;step_meanWaitingTime;step_running;step_teleports;step_time;step_waiting
0;0;22812867;0;1;89;245;16.45;1.16;-1.00;0.00;89;0;0.00;156
0;0;22812899;0;1;101;245;15.65;1.08;-1.00;0.12;101;0;1.00;144
0;0;22812900;0;2;121;245;14.98;1.02;-1.00;0.43;121;0;2.00;124
0;0;22812901;0;3;134;245;13.84;0.93;-1.00;0.68;134;0;3.00;111
0;0;22812902;0;2;148;245;12.78;0.86;-1.00;0.99;148;0;4.00;97
0;0;22812904;0;3;158;245;11.83;0.79;-1.00;1.25;158;0;5.00;87
0;0;22812905;0;8;170;245;10.92;0.73;-1.00;1.58;170;0;6.00;75
0;0;22812907;0;13;176;245;10.33;0.68;-1.00;1.77;176;0;7.00;69
0;0;22812909;0;19;186;246;9.72;0.64;-1.00;2.10;186;0;8.00;60
0;0;22812911;0;21;191;247;9.70;0.64;-1.00;2.28;191;0;9.00;56
0;0;22812913;0;27;197;247;9.34;0.62;-1.00;2.52;197;0;10.00;50
0;0;22812916;0;30;203;248;9.18;0.61;-1.00;2.72;203;0;11.00;45
2;0;22812918;2;35;208;248;8.93;0.58;12.00;2.94;206;0;12.00;40
2;0;22812921;2;34;212;248;8.80;0.57;12.00;3.13;210;0;13.00;36
2;0;22812923;2;42;216;248;8.67;0.56;12.00;3.33;214;0;14.00;32
2;0;22812925;2;41;221;252;8.63;0.56;12.00;3.47;219;0;15.00;31
2;0;22812929;2;45;225;252;8.65;0.55;12.00;3.69;223;0;16.00;27
3;0;22812931;3;53;226;252;8.58;0.55;13.67;3.72;223;0;17.00;26
3;0;22812933;3;57;231;255;8.55;0.54;13.67;3.97;228;0;18.00;24
4;0;22812936;4;62;233;255;8.50;0.54;15.00;4.02;229;0;19.00;22
4;0;22812939;4;71;236;255;8.46;0.53;15.00;4.22;232;0;20.00;19
5;0;22812941;5;75;241;259;8.52;0.54;16.20;4.24;236;0;21.00;18
6;0;22812946;6;81;242;260;8.47;0.53;17.00;4.23;236;0;22.00;18
6;0;22812949;6;85;244;260;8.36;0.53;17.00;4.38;238;0;23.00;16
6;0;22812951;6;88;247;264;8.23;0.51;17.00;4.43;241;0;24.00;17
7;0;22812954;7;94;249;264;8.28;0.52;18.14;4.49;242;0;25.00;15
7;0;22812957;7;95;250;264;8.16;0.51;18.14;4.58;243;0;26.00;14
7;0;22812960;7;95;250;265;8.07;0.50;18.14;4.58;243;0;27.00;15
7;0;22812964;7;97;251;265;7.96;0.49;18.14;4.58;244;0;28.00;14
7;0;22812967;7;96;256;271;7.85;0.49;18.14;4.51;249;0;29.00;15
7;0;22812972;7;98;257;271;7.73;0.48;18.14;4.61;250;0;30.00;14
7;0;22812975;7;101;258;272;7.67;0.48;18.14;4.59;251;0;31.00;14
8;0;22812978;8;104;259;272;7.57;0.47;19.50;4.64;251;0;32.00;13
10;0;22812981;10;106;260;272;7.52;0.47;22.20;4.75;250;0;33.00;12
10;0;22812984;10;109;260;272;7.64;0.47;22.20;4.75;250;0;34.00;12
11;0;22812987;11;114;262;272;7.71;0.48;22.82;4.92;251;0;35.00;10
11;0;22812989;11;118;272;284;8.09;0.50;22.82;4.74;261;0;36.00;12
11;0;22812994;11;120;273;284;8.11;0.50;22.82;4.85;262;0;37.00;11
11;0;22812997;11;122;274;284;8.04;0.50;22.82;4.97;263;0;38.00;10
11;0;22813001;11;124;274;284;7.92;0.49;22.82;4.97;263;0;39.00;10
12;0;22813004;12;124;276;284;7.84;0.49;23.83;5.13;264;0;40.00;8
12;0;22813007;12;127;277;284;7.84;0.49;23.83;5.22;265;0;41.00;7
12;0;22813011;12;131;282;288;7.90;0.49;23.83;5.23;270;0;42.00;6
14;0;22813015;14;132;283;288;7.75;0.48;26.29;5.27;269;0;43.00;5
14;0;22813018;14;139;287;292;7.74;0.48;26.29;5.23;273;0;44.00;5
15;0;22813020;15;139;288;294;7.57;0.47;26.13;5.22;273;0;45.00;6
15;0;22813023;15;142;290;294;7.46;0.47;26.13;5.22;275;0;46.00;4
17;0;22813026;17;140;291;294;7.35;0.46;28.29;5.21;274;0;47.00;3
18;0;22813031;18;143;302;307;7.54;0.47;28.94;5.02;284;0;48.00;5
18;0;22813036;18;147;302;307;7.52;0.47;28.94;5.02;284;0;49.00;5
19;0;22813039;19;146;302;307;7.56;0.47;29.74;5.02;283;0;50.00;5
19;0;22813042;19;146;303;308;7.51;0.47;29.74;5.01;284;0;51.00;5
19;0;22813046;19;147;304;309;7.45;0.46;29.74;5.00;285;0;52.00;5
21;0;22813049;21;150;304;309;7.40;0.46;30.90;5.00;283;0;53.00;5
21;0;22813053;21;152;307;312;7.46;0.46;30.90;4.95;286;0;54.00;5
24;0;22813056;24;156;307;312;7.31;0.45;33.92;4.95;283;0;55.00;5
27;0;22813059;27;145;307;312;7.18;0.44;34.96;4.95;280;0;56.00;5
28;0;22813062;28;142;307;312;7.14;0.44;34.89;4.95;279;0;57.00;5
28;0;22813065;28;139;313;318;7.21;0.44;34.89;4.87;285;0;58.00;5
28;0;22813068;28;142;313;318;7.26;0.45;34.89;4.87;285;0;59.00;5
28;0;22813073;28;147;313;318;7.24;0.44;34.89;4.87;285;0;60.00;5
28;0;22813075;28;150;313;318;7.25;0.45;34.89;4.87;285;0;61.00;5
28;0;22813079;28;150;317;322;7.28;0.45;34.89;4.82;289;0;62.00;5
29;0;22813082;29;153;318;323;7.44;0.46;35.86;4.81;289;0;63.00;5
32;0;22813085;32;155;318;323;7.45;0.45;38.25;4.81;286;0;64.00;5
33;0;22813089;33;155;319;324;7.56;0.46;37.79;4.80;286;0;65.00;5
33;0;22813096;33;156;319;324;7.56;0.46;37.79;4.80;286;0;66.00;5
34;0;22813102;34;146;319;324;7.64;0.47;38.44;4.80;285;0;67.00;5
34;0;22813108;34;141;319;324;7.75;0.47;38.44;4.80;285;0;68.00;5
34;0;22813113;34;137;319;324;7.82;0.48;38.44;4.80;285;0;69.00;5
34;0;22813117;34;133;319;324;7.91;0.48;38.44;4.80;285;0;70.00;5
35;0;22813122;35;130;319;324;8.02;0.49;39.23;4.80;284;0;71.00;5
35;0;22813126;35;137;353;394;8.23;0.50;39.23;4.33;318;0;72.00;41
35;0;22813136;35;128;354;395;8.40;0.51;39.23;4.32;319;0;73.00;41
35;0;22813140;35;121;361;395;8.73;0.53;39.23;4.28;326;0;74.00;34
35;0;22813146;35;119;363;395;8.94;0.55;39.23;4.27;328;0;75.00;32
35;0;22813149;35;117;366;395;9.15;0.56;39.23;4.27;331;0;76.00;29
35;0;22813153;35;117;367;395;9.28;0.57;39.23;4.27;332;0;77.00;28
36;0;22813157;36;118;370;395;9.49;0.58;40.31;4.29;334;0;78.00;25
37;0;22813163;37;121;373;395;9.56;0.58;41.35;4.31;336;0;79.00;22
37;0;22813175;37;122;376;396;9.55;0.58;41.35;4.34;339;0;80.00;20
40;0;22813180;40;120;378;397;9.53;0.58;43.88;4.36;338;0;81.00;19
40;0;22813190;40;123;380;397;9.54;0.58;43.88;4.37;340;0;82.00;17
40;0;22813195;40;125;385;401;9.42;0.57;43.88;4.36;345;0;83.00;16
40;0;22813199;40;129;386;401;9.42;0.57;43.88;4.35;346;0;84.00;15
40;0;22813203;40;130;386;401;9.32;0.57;43.88;4.35;346;0;85.00;15
40;0;22813206;40;129;386;401;9.17;0.56;43.88;4.35;346;0;86.00;15
41;0;22813210;41;128;391;407;9.11;0.55;44.93;4.31;350;0;87.00;16
42;0;22813215;42;132;391;407;8.97;0.55;45.95;4.31;349;0;88.00;16
44;0;22813219;44;135;391;407;8.85;0.54;47.89;4.31;347;0;89.00;16
46;0;22813224;46;134;395;413;8.76;0.54;49.48;4.27;349;0;90.00;18
46;0;22813230;46;130;395;413;8.75;0.54;49.48;4.27;349;0;91.00;18
48;0;22813234;48;133;397;413;8.71;0.53;51.25;4.25;349;0;92.00;16
49;0;22813238;49;133;398;414;8.67;0.53;52.10;4.25;349;0;93.00;16
51;0;22813241;51;132;399;415;8.76;0.53;53.53;4.24;348;0;94.00;16
51;0;22813247;51;132;399;415;8.69;0.53;53.53;4.24;348;0;95.00;16
54;0;22813251;54;135;409;428;8.62;0.53;55.89;4.13;355;0;96.00;19
57;0;22813256;57;132;410;428;8.63;0.53;57.95;4.13;353;0;97.00;18
60;0;22813261;60;134;410;428;8.58;0.52;59.92;4.13;350;0;98.00;18
61;0;22813266;61;137;411;429;8.72;0.53;60.56;4.12;350;0;99.00;18
62;0;22813270;62;137;411;429;8.75;0.53;60.03;4.12;349;0;100.00;18
62;0;22813280;62;138;414;433;8.85;0.54;60.03;4.09;352;0;101.00;19
64;0;22813285;64;136;414;433;8.77;0.53;61.02;4.09;350;0;102.00;19
66;0;22813288;66;141;418;437;8.63;0.53;62.23;4.06;352;0;103.00;19
66;0;22813292;66;135;418;437;8.67;0.53;62.23;4.06;352;0;104.00;19
66;0;22813297;66;129;418;437;8.77;0.53;62.23;4.06;352;0;105.00;19
68;0;22813301;68;127;418;437;8.79;0.53;63.44;4.06;350;0;106.00;19
68;0;22813305;68;117;418;437;8.94;0.54;63.44;4.06;350;0;107.00;19
68;0;22813309;68;110;429;449;9.08;0.55;63.44;3.96;361;0;108.00;20
68;0;22813314;68;103;430;449;9.16;0.56;63.44;3.95;362;0;109.00;19
68;0;22813319;68;97;432;449;9.23;0.56;63.44;4.11;364;0;110.00;17
68;0;22813324;68;95;432;449;9.38;0.57;63.44;4.11;364;0;111.00;17
68;0;22813329;68;90;432;449;9.49;0.58;63.44;4.11;364;0;112.00;17
68;0;22813333;68;90;432;449;9.63;0.59;63.44;4.11;364;0;113.00;17
68;0;22813337;68;84;433;450;9.78;0.60;63.44;4.10;365;0;114.00;17
70;0;22813343;70;81;433;450;9.85;0.60;64.91;4.10;363;0;115.00;17
70;0;22813350;70;76;438;456;10.12;0.62;64.91;4.07;368;0;116.00;18
71;0;22813356;71;72;438;457;10.22;0.62;65.65;4.07;367;0;117.00;19
72;0;22813362;72;69;439;457;10.35;0.63;65.88;4.06;367;0;118.00;18
74;0;22813373;74;71;439;457;10.44;0.64;67.26;4.06;365;0;119.00;18
74;0;22813380;74;69;443;462;10.66;0.65;67.26;4.02;369;0;120.00;19
75;0;22813386;75;71;443;462;10.80;0.66;67.97;4.02;368;0;121.00;19
75;0;22813391;75;69;444;462;10.83;0.66;67.97;4.29;369;0;122.00;18
75;0;22813398;75;71;445;463;10.92;0.67;67.97;4.28;370;0;123.00;18
77;0;22813404;77;75;449;467;10.91;0.67;69.40;4.25;372;0;124.00;18
77;0;22813411;77;75;450;467;11.03;0.67;69.40;4.52;373;0;125.00;17
78;0;22813417;78;76;453;470;11.18;0.68;69.86;4.61;375;0;126.00;17
78;0;22813423;78;77;455;470;11.28;0.69;69.86;4.87;377;0;127.00;15
80;0;22813429;80;79;455;470;11.39;0.70;70.94;4.87;375;0;128.00;15
81;0;22813435;81;80;457;470;11.45;0.70;71.64;5.15;376;0;129.00;13
81;0;22813441;81;82;461;474;11.64;0.71;71.64;5.24;380;0;130.00;13
82;0;22813448;82;86;463;474;11.81;0.72;72.32;5.52;381;0;131.00;11
85;0;22813455;85;87;465;474;11.87;0.72;73.95;5.76;380;0;132.00;9
85;0;22813462;85;86;466;474;11.98;0.73;73.95;5.88;381;0;133.00;8
89;0;22813467;89;87;469;475;11.97;0.73;76.37;6.02;380;0;134.00;6
89;0;22813474;89;88;472;477;11.96;0.73;76.37;6.11;383;0;135.00;5
92;0;22813482;92;89;474;477;11.86;0.72;77.50;6.15;382;0;136.00;3
93;0;22813488;93;90;476;478;11.91;0.73;78.12;6.21;383;0;137.00;2
95;0;22813495;95;90;476;478;12.01;0.73;78.22;6.21;381;0;138.00;2
97;0;22813502;97;93;477;478;12.05;0.74;79.42;6.29;380;0;139.00;1
100;0;22813508;100;96;477;478;12.13;0.74;80.04;6.29;377;0;140.00;1
100;0;22813514;100;95;477;478;12.11;0.74;80.04;6.29;377;0;141.00;1
100;0;22813520;100;98;478;478;12.09;0.74;80.04;6.32;378;0;142.00;0
102;0;22813526;102;97;478;478;12.04;0.74;80.57;6.32;376;0;143.00;0
105;0;22813532;105;118;552;605;11.41;0.72;81.98;5.48;447;0;144.00;53
106;0;22813549;106;112;557;606;11.28;0.71;82.58;5.44;451;0;145.00;49
109;0;22813556;109;109;566;606;11.26;0.71;83.85;5.38;457;0;146.00;40
110;0;22813564;110;108;566;606;11.21;0.71;84.43;5.38;456;0;147.00;40
112;0;22813570;112;112;572;606;11.14;0.70;85.52;5.37;460;0;148.00;34
115;0;22813576;115;110;574;606;11.01;0.69;86.83;5.37;459;0;149.00;32
117;0;22813585;117;106;579;611;10.89;0.68;87.72;5.35;462;0;150.00;32
118;0;22813594;118;103;580;611;10.82;0.68;87.64;5.35;462;0;151.00;31
119;0;22813601;119;107;583;612;10.80;0.67;88.18;5.37;464;0;152.00;29
120;0;22813608;120;109;586;613;10.90;0.68;88.66;5.39;466;0;153.00;27
121;0;22813616;121;107;588;613;10.90;0.68;88.21;5.40;467;0;154.00;25
126;0;22813623;126;107;591;614;10.87;0.67;89.27;5.41;465;0;155.00;23
126;0;22813632;126;113;596;614;10.85;0.67;89.27;5.45;470;0;156.00;18
126;0;22813640;126;116;598;614;10.79;0.67;89.27;5.47;472;0;157.00;16
128;0;22813648;128;120;600;614;10.77;0.67;89.87;5.50;472;0;158.00;14
129;0;22813655;129;130;605;618;10.67;0.66;89.28;5.53;476;0;159.00;13
131;0;22813661;131;135;607;618;10.66;0.66;90.33;5.56;476;0;160.00;11
133;0;22813668;133;143;610;618;10.63;0.66;90.83;5.59;477;0;161.00;8
136;0;22813674;136;146;612;621;10.63;0.66;91.85;5.60;476;0;162.00;9
138;0;22813682;138;150;612;621;10.65;0.66;92.86;5.60;474;0;163.00;9
142;0;22813689;142;155;612;621;10.53;0.65;94.18;5.60;470;0;164.00;9
143;0;22813696;143;156;616;625;10.34;0.64;94.15;5.60;473;0;165.00;9
146;0;22813703;146;153;619;626;10.18;0.63;94.42;5.63;473;0;166.00;7
150;0;22813710;150;154;619;626;10.02;0.62;95.35;5.63;469;0;167.00;7
150;0;22813717;150;158;624;630;9.91;0.61;95.35;5.61;474;0;168.00;6
150;0;22813723;150;160;624;630;9.79;0.60;95.35;5.61;474;0;169.00;6
152;0;22813729;152;163;627;630;9.68;0.60;95.79;5.65;475;0;170.00;3
154;0;22813735;154;162;628;631;9.55;0.59;96.56;5.64;474;0;171.00;3
156;0;22813741;156;162;629;631;9.41;0.58;97.33;5.67;473;0;172.00;2
156;0;22813748;156;160;635;637;9.39;0.58;97.33;5.63;479;0;173.00;2
157;0;22813755;157;169;635;637;9.29;0.57;97.71;5.63;478;0;174.00;2
157;0;22813761;157;152;636;638;9.25;0.57;97.71;5.62;479;0;175.00;2
157;0;22813769;157;152;636;638;9.23;0.57;97.71;5.62;479;0;176.00;2
158;0;22813774;158;143;636;638;9.21;0.57;97.75;5.62;478;0;177.00;2
158;0;22813781;158;136;636;638;9.23;0.57;97.75;5.62;478;0;178.00;2
158;0;22813787;158;133;636;638;9.26;0.57;97.75;5.62;478;0;179.00;2
159;0;22813794;159;140;666;672;9.40;0.58;97.45;5.37;507;0;180.00;6
159;0;22813804;159;134;667;672;9.40;0.58;97.45;5.36;508;0;181.00;5
160;0;22813811;160;129;669;672;9.46;0.59;97.90;5.35;509;0;182.00;3
160;0;22813817;160;131;671;672;9.43;0.58;97.90;5.41;511;0;183.00;1
162;0;22813823;162;126;672;672;9.43;0.58;97.60;5.41;510;0;184.00;0
163;0;22813831;163;127;672;672;9.45;0.58;98.12;5.41;509;0;185.00;0
164;0;22813837;164;124;676;676;9.48;0.58;98.10;5.38;512;0;186.00;0
165;0;22813845;165;123;676;676;9.53;0.59;98.27;5.38;511;0;187.00;0
166;0;22813852;166;123;680;680;9.70;0.60;97.99;5.36;514;0;188.00;0
169;0;22813859;169;127;681;681;9.74;0.60;99.27;5.35;512;0;189.00;0
171;0;22813866;171;133;681;681;9.76;0.60;99.38;5.35;510;0;190.00;0
171;0;22813872;171;137;681;681;9.79;0.60;99.38;5.35;510;0;191.00;0
172;0;22813879;172;142;694;694;9.82;0.60;99.28;5.25;522;0;192.00;0
173;0;22813887;173;145;694;694;9.72;0.60;99.38;5.25;521;0;193.00;0
178;0;22813895;178;153;694;694;9.52;0.58;100.33;5.25;516;0;194.00;0
180;0;22813902;180;157;695;695;9.42;0.58;100.38;5.24;515;0;195.00;0
183;0;22813908;183;165;696;696;9.28;0.57;100.23;5.24;513;0;196.00;0
185;0;22813915;185;171;696;696;9.20;0.57;100.68;5.24;511;0;197.00;0
186;0;22813922;186;177;698;699;9.21;0.57;101.20;5.22;512;0;198.00;1
187;0;22813929;187;183;698;699;9.18;0.57;101.33;5.22;511;0;199.00;1
189;0;22813935;189;180;699;699;9.05;0.56;101.19;5.22;510;0;200.00;0
195;0;22813947;195;183;699;699;8.86;0.55;101.13;5.22;504;0;201.00;0
197;0;22813954;197;189;705;705;8.72;0.54;101.01;5.18;508;0;202.00;0
197;0;22813963;197;194;705;705;8.64;0.53;101.01;5.18;508;0;203.00;0
197;0;22813970;197;202;705;705;8.51;0.52;101.01;5.18;508;0;204.00;0
200;0;22813977;200;210;705;705;8.31;0.51;101.11;5.18;505;0;205.00;0
202;0;22813983;202;211;709;709;8.25;0.51;100.93;5.16;507;0;206.00;0
204;0;22813990;204;216;710;710;8.18;0.50;100.60;5.15;506;0;207.00;0
207;0;22813998;207;218;710;710;8.06;0.49;101.06;5.15;503;0;208.00;0
209;0;22814007;209;225;711;711;7.92;0.48;101.84;5.15;502;0;209.00;0
212;0;22814019;212;229;711;711;7.73;0.47;101.17;5.15;499;0;210.00;0
215;0;22814026;215;233;711;711;7.64;0.47;100.80;5.15;496;0;211.00;0
218;0;22814040;218;239;711;711;7.52;0.46;100.98;5.15;493;0;212.00;0
218;0;22814049;218;244;711;711;7.44;0.46;100.98;5.15;493;0;213.00;0
219;0;22814063;219;245;711;711;7.40;0.45;100.65;5.15;492;0;214.00;0
221;0;22814082;221;247;711;711;7.35;0.45;101.55;5.15;490;0;215.00;0
222;0;22814098;222;260;755;781;7.64;0.47;101.72;4.85;533;0;216.00;26
223;0;22814121;223;258;757;782;7.54;0.46;101.89;4.84;534;0;217.00;25
224;0;22814132;224;258;764;782;7.60;0.47;101.76;4.81;540;0;218.00;18
224;0;22814141;224;259;768;782;7.65;0.47;101.76;4.80;544;0;219.00;14
224;0;22814151;224;259;769;782;7.65;0.47;101.76;4.80;545;0;220.00;13
225;0;22814159;225;261;771;782;7.71;0.48;102.29;4.80;546;0;221.00;11
226;0;22814169;226;252;773;782;7.76;0.48;102.82;4.80;547;0;222.00;9
227;0;22814178;227;249;775;782;7.79;0.48;103.16;4.81;548;0;223.00;7
228;0;22814186;228;234;778;783;7.88;0.48;103.66;4.82;550;0;224.00;5
229;0;22814194;229;226;781;785;7.89;0.49;104.17;4.83;552;0;225.00;4
231;0;22814203;231;223;782;785;7.99;0.49;105.18;4.83;551;0;226.00;3
232;0;22814210;232;224;788;789;8.11;0.50;105.44;4.82;556;0;227.00;1
234;0;22814219;234;224;789;789;8.23;0.50;106.09;4.82;555;0;228.00;0
235;0;22814233;235;224;789;789;8.37;0.51;105.73;4.82;554;0;229.00;0
237;0;22814245;237;220;789;789;8.48;0.52;106.77;4.82;552;0;230.00;0
238;0;22814268;238;202;795;795;8.64;0.53;106.68;4.79;557;0;231.00;0
241;0;22814282;241;195;795;795;8.88;0.54;107.49;4.79;554;0;232.00;0
242;0;22814291;242;185;795;795;9.03;0.55;107.41;4.79;553;0;233.00;0
244;0;22814308;244;177;797;798;9.18;0.56;108.41;4.78;553;0;234.00;1
246;0;22814321;246;172;797;798;9.24;0.56;109.00;4.78;551;0;235.00;1
248;0;22814334;248;167;798;798;9.31;0.57;109.85;4.77;550;0;236.00;0
250;0;22814349;250;159;799;799;9.36;0.57;109.96;4.77;549;0;237.00;0
251;0;22814361;251;151;800;800;9.43;0.58;110.44;4.76;549;0;238.00;0
254;0;22814372;254;149;800;800;9.47;0.58;110.67;4.76;546;0;239.00;0
256;0;22814387;256;151;825;826;9.61;0.59;110.69;4.62;569;0;240.00;1
256;0;22814401;256;152;825;826;9.66;0.59;110.69;4.62;569;0;241.00;1
260;0;22814409;260;143;826;826;9.71;0.59;111.47;4.62;566;0;242.00;0
261;0;22814420;261;138;827;827;9.76;0.60;111.50;4.61;566;0;243.00;0
263;0;22814430;263;132;827;827;9.74;0.60;112.22;4.61;564;0;244.00;0
266;0;22814440;266;128;831;831;9.89;0.60;113.04;4.59;565;0;245.00;0
268;0;22814452;268;128;831;831;9.92;0.61;113.14;4.59;563;0;246.00;0
271;0;22814466;271;125;835;835;9.80;0.60;113.51;4.58;564;0;247.00;0
273;0;22814479;273;123;835;835;9.84;0.60;113.82;4.58;562;0;248.00;0
274;0;22814491;274;126;835;835;9.92;0.61;113.78;4.58;561;0;249.00;0
276;0;22814504;276;124;835;835;10.02;0.61;114.17;4.58;559;0;250.00;0
277;0;22814518;277;126;835;835;10.07;0.62;114.51;4.58;558;0;251.00;0
280;0;22814529;280;125;845;847;10.10;0.62;115.08;4.52;565;0;252.00;2
283;1;22814540;283;124;845;847;10.13;0.62;115.65;4.52;562;1;253.00;2
283;1;22814570;283;123;847;847;10.31;0.63;115.65;4.52;564;1;254.00;0
287;1;22814584;287;124;847;847;10.37;0.63;117.21;4.52;560;1;255.00;0
291;1;22814598;291;127;847;847;10.41;0.63;117.60;4.52;556;1;256.00;0
291;1;22814606;291;128;847;847;10.49;0.64;117.60;4.52;556;1;257.00;0
296;1;22814616;296;129;848;848;10.44;0.63;119.38;4.51;552;1;258.00;0
297;1;22814634;297;133;848;848;10.36;0.63;119.85;4.51;551;1;259.00;0
299;1;22814641;299;137;854;854;10.28;0.62;120.06;4.49;555;1;260.00;0
301;1;22814652;301;137;855;855;10.16;0.62;120.19;4.48;554;1;261.00;0
302;1;22814660;302;143;855;855;10.08;0.61;120.22;4.48;553;1;262.00;0
304;1;22814668;304;145;855;855;10.00;0.60;120.49;4.48;551;1;263.00;0
307;1;22814675;307;150;859;859;9.91;0.60;121.56;4.46;552;1;264.00;0
308;1;22814683;308;146;859;859;9.83;0.59;121.62;4.46;551;1;265.00;0
309;1;22814691;309;145;859;859;9.80;0.59;121.62;4.46;550;1;266.00;0
309;1;22814699;309;138;860;860;9.91;0.60;121.62;4.46;551;1;267.00;0
309;1;22814706;309;137;864;864;9.83;0.60;121.62;4.44;555;1;268.00;0
309;1;22814715;309;133;864;864;9.86;0.60;121.62;4.44;555;1;269.00;0
310;1;22814724;310;131;868;870;9.94;0.60;121.70;4.42;558;1;270.00;2
314;1;22814735;314;132;868;870;9.93;0.60;122.19;4.42;554;1;271.00;2
317;1;22814743;317;128;870;870;9.96;0.60;123.23;4.41;553;1;272.00;0
319;1;22814751;319;124;870;870;9.98;0.61;123.76;4.41;551;1;273.00;0
321;1;22814759;321;127;874;874;10.00;0.61;124.02;4.40;553;1;274.00;0
324;1;22814768;324;123;874;874;9.97;0.61;124.46;4.40;550;1;275.00;0
327;1;22814775;327;125;874;874;9.95;0.60;124.50;4.40;547;1;276.00;0
328;1;22814784;328;127;874;874;9.89;0.60;124.75;4.40;546;1;277.00;0
329;1;22814790;329;127;875;875;9.90;0.60;124.65;4.40;546;1;278.00;0
330;1;22814798;330;121;876;876;9.93;0.60;124.53;4.39;546;1;279.00;0
333;1;22814804;333;116;876;876;9.94;0.60;125.07;4.39;543;1;280.00;0
336;1;22814816;336;109;877;877;9.99;0.61;125.48;4.39;541;1;281.00;0
336;1;22814825;336;99;877;877;10.09;0.61;125.48;4.39;541;1;282.00;0
338;1;22814836;338;95;877;877;10.22;0.62;125.70;4.39;539;1;283.00;0
340;1;22814850;340;92;877;877;10.35;0.63;125.68;4.39;537;1;284.00;0
343;1;22814862;343;90;877;877;10.52;0.64;125.74;4.39;534;1;285.00;0
345;1;22814872;345;85;877;877;10.69;0.65;126.41;4.39;532;1;286.00;0
347;1;22814886;347;82;877;877;10.85;0.66;126.50;4.39;530;1;287.00;0
349;1;22814896;349;97;947;1004;10.74;0.66;126.50;4.07;598;1;288.00;57
349;1;22814918;349;83;949;1005;10.84;0.67;126.50;4.06;600;1;289.00;56
350;1;22814928;350;78;955;1005;10.90;0.67;126.35;4.05;605;1;290.00;50
352;1;22814937;352;78;959;1005;10.94;0.67;126.86;4.04;607;1;291.00;46
353;1;22814947;353;78;965;1005;10.99;0.68;126.72;4.04;612;1;292.00;40
354;1;22814958;354;74;967;1005;11.02;0.68;126.47;4.04;613;1;293.00;38
356;1;22814970;356;78;969;1005;11.07;0.68;127.25;4.05;613;1;294.00;36
359;1;22814981;359;80;970;1005;11.17;0.68;127.54;4.05;611;1;295.00;35
360;1;22814992;360;76;973;1006;11.30;0.69;127.34;4.06;613;1;296.00;33
365;1;22815004;365;75;978;1007;11.34;0.69;128.48;4.09;613;1;297.00;29
365;1;22815016;365;74;980;1007;11.44;0.70;128.48;4.10;615;1;298.00;27
369;2;22815030;369;76;983;1008;11.35;0.69;128.53;4.12;614;2;299.00;25
371;2;22815067;371;80;989;1014;11.27;0.69;128.58;4.14;618;2;300.00;25
371;2;22815090;371;79;991;1014;11.34;0.69;128.58;4.16;620;2;301.00;23
373;2;22815103;373;85;994;1014;11.35;0.69;128.70;4.19;621;2;302.00;20
377;2;22815119;377;87;996;1018;11.31;0.69;129.53;4.19;619;2;303.00;22
379;2;22815134;379;88;1000;1018;11.26;0.69;129.34;4.21;621;2;304.00;18
379;2;22815149;379;96;1004;1018;11.14;0.68;129.34;4.24;625;2;305.00;14
382;2;22815163;382;101;1007;1021;11.09;0.68;129.21;4.26;625;2;306.00;14
386;2;22815177;386;106;1009;1021;11.01;0.67;130.46;4.27;623;2;307.00;12
388;2;22815192;388;108;1010;1021;10.99;0.67;131.22;4.29;622;2;308.00;11
388;2;22815206;388;114;1013;1025;10.96;0.67;131.22;4.28;625;2;309.00;12
388;2;22815220;388;123;1019;1026;10.87;0.67;131.22;4.34;631;2;310.00;7
391;2;22815235;391;122;1020;1026;10.90;0.67;131.81;4.35;629;2;311.00;6
392;2;22815252;392;129;1025;1030;10.92;0.67;132.07;4.35;633;2;312.00;5
394;2;22815269;394;131;1027;1030;10.88;0.67;132.02;4.35;633;2;313.00;3
396;2;22815292;396;136;1028;1030;10.84;0.66;132.03;4.35;632;2;314.00;2
398;2;22815311;398;139;1030;1032;10.73;0.66;132.31;4.34;632;2;315.00;2
400;2;22815324;400;142;1030;1032;10.60;0.65;132.65;4.34;630;2;316.00;2
401;2;22815352;401;142;1036;1038;10.57;0.65;132.81;4.32;635;2;317.00;2
404;2;22815369;404;149;1036;1038;10.41;0.64;134.09;4.32;632;2;318.00;2
404;2;22815386;404;155;1037;1039;10.26;0.63;134.09;4.32;633;2;319.00;2
405;2;22815400;405;159;1037;1039;10.09;0.62;134.48;4.32;632;2;320.00;2
408;2;22815414;408;168;1037;1039;9.99;0.61;134.78;4.32;629;2;321.00;2
413;2;22815428;413;171;1037;1039;9.84;0.60;135.16;4.32;624;2;322.00;2
413;2;22815448;413;169;1037;1039;9.76;0.60;135.16;4.32;624;2;323.00;2
415;2;22815463;415;167;1048;1051;9.71;0.60;135.23;4.28;633;2;324.00;3
416;2;22815480;416;163;1048;1051;9.67;0.60;135.68;4.28;632;2;325.00;3
419;2;22815499;419;157;1049;1051;9.64;0.59;135.77;4.27;630;2;326.00;2
421;2;22815517;421;161;1049;1051;9.62;0.59;136.32;4.27;628;2;327.00;2
422;2;22815532;422;157;1049;1051;9.61;0.59;136.77;4.27;627;2;328.00;2
424;2;22815546;424;161;1049;1051;9.57;0.59;136.94;4.27;625;2;329.00;2
428;2;22815562;428;160;1052;1055;9.59;0.59;137.13;4.26;624;2;330.00;3
431;2;22815582;431;160;1053;1055;9.63;0.59;137.25;4.30;622;2;331.00;2
431;2;22815600;431;163;1058;1059;9.77;0.60;137.25;4.33;627;2;332.00;1
432;2;22815618;432;167;1060;1060;9.85;0.60;137.28;4.32;628;2;333.00;0
433;2;22815631;433;170;1060;1060;9.91;0.61;137.68;4.32;627;2;334.00;0
437;2;22815654;437;171;1060;1060;9.92;0.61;138.53;4.32;623;2;335.00;0
438;2;22815668;438;173;1072;1073;9.86;0.61;138.68;4.27;634;2;336.00;1
442;2;22815679;442;174;1073;1073;9.89;0.61;139.14;4.27;631;2;337.00;0
444;2;22815690;444;178;1073;1073;9.96;0.61;139.46;4.27;629;2;338.00;0
447;2;22815706;447;183;1074;1074;10.00;0.61;140.33;4.27;627;2;339.00;0
451;2;22815720;451;185;1075;1075;10.00;0.61;141.38;4.26;624;2;340.00;0
454;2;22815734;454;190;1075;1075;9.96;0.61;141.32;4.26;621;2;341.00;0
459;2;22815745;459;191;1078;1078;9.83;0.60;142.52;4.25;619;2;342.00;0
465;2;22815756;465;192;1078;1078;9.73;0.59;143.45;4.25;613;2;343.00;0
468;2;22815769;468;193;1078;1078;9.66;0.59;144.69;4.25;610;2;344.00;0
471;2;22815779;471;193;1078;1078;9.57;0.59;145.97;4.25;607;2;345.00;0
475;2;22815791;475;199;1084;1084;9.42;0.58;146.28;4.23;609;2;346.00;0
479;2;22815803;479;202;1084;1084;9.20;0.57;146.53;4.23;605;2;347.00;0
483;2;22815815;483;205;1084;1084;8.96;0.55;147.07;4.23;601;2;348.00;0
486;2;22815827;486;211;1084;1084;8.69;0.54;147.79;4.23;598;2;349.00;0
489;2;22815837;489;202;1088;1088;8.49;0.52;147.90;4.22;599;2;350.00;0
491;2;22815849;491;201;1089;1089;8.38;0.52;147.53;4.22;598;2;351.00;0
496;2;22815858;496;200;1089;1089;8.22;0.51;148.33;4.22;593;2;352.00;0
496;2;22815871;496;197;1090;1090;8.27;0.51;148.33;4.22;594;2;353.00;0
499;2;22815882;499;202;1090;1090;8.21;0.51;148.64;4.22;591;2;354.00;0
501;2;22815892;501;200;1090;1090;8.19;0.51;148.84;4.22;589;2;355.00;0
503;2;22815904;503;204;1090;1090;8.14;0.50;148.43;4.22;587;2;356.00;0
504;2;22815916;504;202;1090;1090;8.10;0.50;148.81;4.22;586;2;357.00;0
506;2;22815933;506;201;1090;1090;8.00;0.49;148.73;4.22;584;2;358.00;0
507;2;22815947;507;195;1090;1090;7.97;0.49;148.53;4.22;583;2;359.00;0
509;2;22815958;509;199;1155;1215;8.24;0.52;148.55;3.98;646;2;360.00;60
511;2;22815983;511;198;1161;1216;8.15;0.51;148.39;3.96;650;2;361.00;55
513;2;22815992;513;202;1171;1216;8.15;0.51;148.65;3.95;658;2;362.00;45
519;2;22816021;519;204;1178;1216;8.04;0.50;148.89;3.94;659;2;363.00;38
522;2;22816043;522;205;1185;1216;7.95;0.49;149.02;3.94;663;2;364.00;31
525;2;22816064;525;212;1190;1216;7.84;0.49;149.02;3.95;665;2;365.00;26
529;2;22816085;529;224;1197;1216;7.77;0.48;149.35;3.96;668;2;366.00;19
529;2;22816100;529;232;1199;1216;7.78;0.48;149.35;3.96;670;2;367.00;17
533;2;22816114;533;236;1204;1217;7.67;0.48;149.70;3.98;671;2;368.00;13
535;2;22816128;535;244;1210;1218;7.55;0.47;149.68;4.00;675;2;369.00;8
538;2;22816140;538;242;1212;1218;7.45;0.46;149.75;4.01;674;2;370.00;6
542;2;22816160;542;246;1218;1222;7.37;0.46;150.20;4.00;676;2;371.00;4
543;2;22816172;543;252;1218;1222;7.28;0.45;150.25;4.00;675;2;372.00;4
545;2;22816185;545;261;1218;1222;7.17;0.44;150.12;4.00;673;2;373.00;4
548;2;22816195;548;276;1219;1222;7.03;0.43;149.94;4.01;671;2;374.00;3
548;2;22816205;548;274;1225;1228;6.92;0.43;149.94;4.00;677;2;375.00;3
549;2;22816217;549;282;1226;1228;6.86;0.43;149.83;4.01;677;2;376.00;2
553;2;22816228;553;291;1226;1228;6.72;0.42;150.76;4.01;673;2;377.00;2
557;2;22816239;557;291;1229;1231;6.59;0.41;151.35;4.01;672;2;378.00;2
558;2;22816252;558;302;1229;1231;6.51;0.40;151.76;4.01;671;2;379.00;2
560;2;22816263;560;302;1230;1231;6.46;0.40;151.63;4.02;670;2;380.00;1
563;2;22816275;563;296;1232;1232;6.32;0.39;151.74;4.02;669;2;381.00;0
564;2;22816298;564;284;1233;1233;6.32;0.39;151.64;4.02;669;2;382.00;0
566;2;22816310;566;281;1233;1233;6.35;0.39;151.56;4.02;667;2;383.00;0
570;2;22816321;570;281;1245;1246;6.49;0.40;151.92;3.98;675;2;384.00;1
573;2;22816338;573;276;1245;1246;6.59;0.40;151.68;3.98;672;2;385.00;1
575;2;22816357;575;271;1245;1246;6.79;0.41;151.36;3.98;670;2;386.00;1
576;2;22816370;576;266;1246;1247;6.95;0.42;151.55;3.98;670;2;387.00;1
578;2;22816381;578;266;1247;1247;7.18;0.44;151.85;3.98;669;2;388.00;0
579;2;22816390;579;265;1250;1251;7.33;0.45;151.64;3.97;671;2;389.00;1
581;2;22816403;581;266;1250;1251;7.39;0.45;151.57;3.97;669;2;390.00;1
582;2;22816414;582;266;1255;1255;7.51;0.46;151.37;3.96;673;2;391.00;0
583;2;22816423;583;268;1255;1255;7.53;0.46;151.33;3.96;672;2;392.00;0
583;2;22816434;583;269;1255;1255;7.53;0.46;151.33;3.96;672;2;393.00;0
584;2;22816442;584;270;1255;1255;7.50;0.46;151.11;3.96;671;2;394.00;0
584;2;22816455;584;268;1255;1255;7.48;0.46;151.11;3.96;671;2;395.00;0
586;2;22816466;586;277;1267;1267;7.53;0.46;150.96;3.92;681;2;396.00;0
586;2;22816485;586;270;1267;1267;7.53;0.46;150.96;3.92;681;2;397.00;0
586;2;22816497;586;264;1267;1267;7.52;0.46;150.96;3.92;681;2;398.00;0
587;2;22816507;587;260;1267;1267;7.57;0.46;150.77;3.92;680;2;399.00;0
588;2;22816522;588;254;1267;1267;7.58;0.46;150.82;3.92;679;2;400.00;0
589;2;22816548;589;256;1267;1267;7.66;0.47;150.99;3.92;678;2;401.00;0
594;2;22816560;594;249;1268;1268;7.65;0.47;151.51;3.92;674;2;402.00;0
595;2;22816579;595;245;1268;1268;7.73;0.47;151.63;3.92;673;2;403.00;0
596;2;22816590;596;246;1274;1274;7.87;0.48;151.84;3.91;678;2;404.00;0
599;2;22816604;599;248;1276;1276;7.92;0.48;151.39;3.90;677;2;405.00;0
602;2;22816624;602;237;1276;1276;7.98;0.49;151.94;3.90;674;2;406.00;0
604;2;22816637;604;223;1276;1276;8.04;0.49;152.24;3.90;672;2;407.00;0
605;2;22816651;605;218;1280;1280;8.19;0.50;152.54;3.89;675;2;408.00;0
607;2;22816665;607;213;1280;1280;8.34;0.51;152.75;3.89;673;2;409.00;0
607;2;22816680;607;213;1280;1280;8.48;0.52;152.75;3.89;673;2;410.00;0
610;2;22816694;610;211;1281;1281;8.57;0.52;153.35;3.88;671;2;411.00;0
611;2;22816708;611;210;1285;1285;8.66;0.53;153.64;3.88;674;2;412.00;0
615;2;22816721;615;207;1285;1285;8.79;0.54;154.69;3.88;670;2;413.00;0
616;2;22816734;616;207;1287;1288;8.96;0.55;154.98;3.87;671;2;414.00;1
619;2;22816747;619;204;1287;1288;9.03;0.55;155.32;3.87;668;2;415.00;1
620;2;22816759;620;203;1288;1288;9.12;0.56;155.45;3.87;668;2;416.00;0
622;2;22816776;622;192;1288;1288;9.15;0.56;156.13;3.87;666;2;417.00;0
626;2;22816789;626;187;1292;1292;9.12;0.56;156.77;3.86;666;2;418.00;0
629;2;22816801;629;185;1292;1292;9.15;0.56;157.37;3.86;663;2;419.00;0
632;2;22816814;632;176;1292;1292;9.21;0.56;157.56;3.86;660;2;420.00;0
634;2;22816827;634;172;1292;1292;9.33;0.57;158.16;3.86;658;2;421.00;0
640;2;22816839;640;166;1293;1293;9.32;0.57;159.09;3.86;653;2;422.00;0
640;2;22816854;640;162;1294;1294;9.33;0.57;159.09;3.85;654;2;423.00;0
643;2;22816866;643;164;1294;1294;9.37;0.57;159.86;3.85;651;2;424.00;0
645;2;22816877;645;166;1295;1295;9.41;0.57;160.13;3.85;650;2;425.00;0
648;2;22816893;648;165;1295;1295;9.38;0.57;160.31;3.85;647;2;426.00;0
651;2;22816915;651;167;1295;1295;9.32;0.57;160.55;3.85;644;2;427.00;0
654;2;22816929;654;167;1295;1295;9.27;0.57;161.16;3.85;641;2;428.00;0
656;2;22816946;656;168;1295;1295;9.27;0.57;160.95;3.85;639;2;429.00;0
658;2;22816981;658;168;1295;1295;9.32;0.57;161.10;3.85;637;2;430.00;0
658;2;22817002;658;167;1295;1295;9.37;0.57;161.10;3.85;637;2;431.00;0
659;2;22817017;659;189;1376;1422;9.20;0.57;161.15;3.63;717;2;432.00;46
661;2;22817050;661;181;1376;1423;9.21;0.57;161.31;3.63;715;2;433.00;47
666;2;22817066;666;180;1381;1423;9.27;0.58;161.85;3.62;715;2;434.00;42
669;2;22817081;669;173;1382;1423;9.27;0.58;162.38;3.62;713;2;435.00;41
671;2;22817099;671;171;1385;1423;9.33;0.58;162.40;3.62;714;2;436.00;38
672;2;22817117;672;172;1388;1423;9.44;0.59;162.62;3.62;716;2;437.00;35
675;2;22817135;675;180;1391;1423;9.53;0.59;162.85;3.63;716;2;438.00;32
678;3;22817150;678;179;1393;1423;9.63;0.59;163.43;3.63;715;3;439.00;30
680;3;22817176;680;175;1395;1424;9.66;0.60;163.67;3.64;715;3;440.00;29
682;3;22817196;682;174;1400;1425;9.75;0.60;163.78;3.66;718;3;441.00;25
685;3;22817219;685;169;1403;1425;9.83;0.60;164.40;3.67;718;3;442.00;22
687;3;22817239;687;170;1406;1426;9.87;0.61;164.56;3.69;719;3;443.00;20
690;3;22817255;690;172;1407;1426;9.89;0.61;165.12;3.70;717;3;444.00;19
694;3;22817270;694;168;1409;1426;9.97;0.61;165.83;3.71;715;3;445.00;17
698;3;22817296;698;169;1412;1426;9.99;0.61;166.13;3.73;714;3;446.00;14
699;3;22817310;699;168;1415;1430;10.01;0.61;166.43;3.73;716;3;447.00;15
703;3;22817332;703;172;1417;1430;9.96;0.61;166.48;3.74;714;3;448.00;13
708;3;22817358;708;172;1417;1430;9.89;0.61;167.15;3.74;709;3;449.00;13
710;3;22817383;710;175;1422;1436;9.87;0.60;167.60;3.75;712;3;450.00;14
714;3;22817407;714;179;1422;1436;9.92;0.60;167.90;3.75;708;3;451.00;14
717;3;22817433;717;175;1425;1436;9.95;0.61;168.62;3.76;708;3;452.00;11
720;3;22817449;720;173;1428;1440;9.87;0.60;168.53;3.76;708;3;453.00;12
726;3;22817470;726;169;1430;1441;9.85;0.60;168.76;3.76;704;3;454.00;11
726;3;22817489;726;166;1432;1441;9.82;0.60;168.76;3.78;706;3;455.00;9
728;3;22817507;728;161;1435;1445;9.85;0.60;169.13;3.78;707;3;456.00;10
732;3;22817521;732;154;1435;1445;9.82;0.60;169.81;3.78;703;3;457.00;10
736;3;22817535;736;144;1438;1445;9.78;0.59;170.12;3.81;702;3;458.00;7
739;3;22817550;739;142;1439;1446;9.82;0.60;170.45;3.81;700;3;459.00;7
741;3;22817591;741;146;1439;1446;9.90;0.60;170.94;3.81;698;3;460.00;7
741;3;22817606;741;144;1443;1452;10.05;0.61;170.94;3.80;702;3;461.00;9
744;3;22817629;744;144;1443;1452;10.15;0.61;171.28;3.80;699;3;462.00;9
749;3;22817648;749;140;1443;1453;10.25;0.62;171.90;3.80;694;3;463.00;10
752;3;22817663;752;134;1443;1453;10.27;0.62;171.99;3.80;691;3;464.00;10
753;3;22817679;753;138;1443;1453;10.32;0.62;171.91;3.80;690;3;465.00;10
755;3;22817694;755;134;1443;1453;10.37;0.63;172.24;3.80;688;3;466.00;10
758;3;22817709;758;132;1443;1453;10.45;0.63;172.85;3.80;685;3;467.00;10
760;3;22817722;760;132;1453;1465;10.58;0.64;172.67;3.77;693;3;468.00;12
762;3;22817737;762;129;1454;1465;10.64;0.64;172.79;3.77;692;3;469.00;11
766;3;22817751;766;130;1454;1465;10.66;0.65;173.24;3.77;688;3;470.00;11
767;3;22817768;767;131;1454;1465;10.69;0.65;173.07;3.77;687;3;471.00;11
769;3;22817786;769;130;1454;1465;10.66;0.65;173.67;3.77;685;3;472.00;11
775;3;22817800;775;130;1454;1465;10.61;0.64;173.63;3.77;679;3;473.00;11
775;3;22817816;775;131;1457;1469;10.58;0.64;173.63;3.77;682;3;474.00;12
778;3;22817830;778;133;1457;1469;10.58;0.64;173.87;3.77;679;3;475.00;12
779;3;22817843;779;138;1462;1473;10.53;0.64;174.25;3.81;683;3;476.00;11
780;3;22817862;780;136;1463;1474;10.56;0.64;174.61;3.81;683;3;477.00;11
781;3;22817879;781;138;1465;1474;10.48;0.64;174.72;3.86;684;3;478.00;9
783;3;22817893;783;138;1465;1474;10.38;0.63;174.59;3.86;682;3;479.00;9
787;3;22817910;787;147;1490;1500;10.20;0.62;174.95;3.83;703;3;480.00;10
791;3;22817926;791;146;1492;1500;10.15;0.62;175.13;3.85;701;3;481.00;8
791;3;22817940;791;149;1493;1500;10.18;0.62;175.13;3.85;702;3;482.00;7
794;3;22817956;794;152;1495;1501;10.22;0.62;175.47;3.86;701;3;483.00;6
795;3;22817977;795;155;1495;1502;10.26;0.62;175.66;3.86;700;3;484.00;7
798;3;22817991;798;158;1495;1502;10.21;0.62;175.68;3.86;697;3;485.00;7
799;3;22818006;799;165;1500;1505;10.24;0.62;175.62;3.90;701;3;486.00;5
800;3;22818022;800;168;1502;1505;10.28;0.63;175.56;3.90;702;3;487.00;3
801;3;22818040;801;167;1502;1505;10.35;0.63;175.50;3.90;701;3;488.00;3
802;3;22818057;802;176;1503;1505;10.36;0.63;175.53;3.91;701;3;489.00;2
806;3;22818075;806;183;1510;1511;10.31;0.63;175.67;3.90;704;3;490.00;1
807;3;22818096;807;185;1511;1511;10.24;0.62;175.82;3.90;704;3;491.00;0
808;3;22818116;808;187;1511;1511;10.08;0.61;175.77;3.90;703;3;492.00;0
811;3;22818137;811;193;1511;1511;9.95;0.61;175.69;3.90;700;3;493.00;0
814;3;22818155;814;199;1515;1515;9.85;0.60;175.71;3.89;701;3;494.00;0
815;3;22818172;815;202;1517;1517;9.75;0.60;175.74;3.89;702;3;495.00;0
817;3;22818189;817;209;1517;1517;9.66;0.59;175.87;3.89;700;3;496.00;0
818;3;22818204;818;216;1518;1518;9.61;0.59;176.07;3.89;700;3;497.00;0
820;3;22818220;820;223;1518;1518;9.47;0.58;176.07;3.89;698;3;498.00;0
822;3;22818237;822;223;1518;1518;9.43;0.58;175.89;3.89;696;3;499.00;0
823;3;22818261;823;225;1518;1518;9.41;0.58;175.75;3.89;695;3;500.00;0
827;3;22818287;827;227;1518;1518;9.35;0.57;175.52;3.89;691;3;501.00;0
827;3;22818308;827;230;1518;1518;9.31;0.57;175.52;3.89;691;3;502.00;0
831;3;22818322;831;235;1518;1518;9.28;0.57;175.40;3.89;687;3;503.00;0
832;3;22818337;832;241;1557;1588;9.42;0.58;175.44;3.79;725;3;504.00;31
834;3;22818367;834;237;1560;1589;9.42;0.58;175.27;3.78;726;3;505.00;29
836;3;22818382;836;234;1570;1589;9.40;0.58;175.11;3.77;734;3;506.00;19
838;3;22818400;838;237;1571;1589;9.40;0.58;174.95;3.77;733;3;507.00;18
840;3;22818416;840;237;1574;1589;9.37;0.57;174.80;3.77;734;3;508.00;15
845;3;22818439;845;243;1575;1589;9.26;0.57;174.55;3.77;730;3;509.00;14
846;3;22818458;846;244;1577;1589;9.29;0.57;174.52;3.78;731;3;510.00;12
847;3;22818475;847;248;1579;1589;9.26;0.57;174.38;3.78;732;3;511.00;10
848;3;22818491;848;246;1580;1590;9.24;0.57;174.35;3.78;732;3;512.00;10
853;3;22818506;853;247;1582;1591;9.24;0.57;174.45;3.79;729;3;513.00;9
854;3;22818524;854;248;1584;1591;9.20;0.56;174.34;3.79;730;3;514.00;7
860;3;22818541;860;247;1590;1595;9.03;0.55;174.82;3.79;730;3;515.00;5
863;3;22818558;863;251;1592;1595;8.93;0.55;174.92;3.80;729;3;516.00;3
865;3;22818577;865;254;1594;1595;8.78;0.54;175.51;3.81;729;3;517.00;1
870;3;22818594;870;261;1595;1595;8.59;0.52;175.54;3.82;725;3;518.00;0
874;3;22818611;874;270;1601;1601;8.49;0.52;175.73;3.81;727;3;519.00;0
877;3;22818631;877;271;1601;1601;8.33;0.51;176.14;3.81;724;3;520.00;0
882;3;22818652;882;276;1601;1601;8.14;0.50;176.74;3.81;719;3;521.00;0
884;3;22818670;884;281;1604;1604;7.94;0.48;176.94;3.80;720;3;522.00;0
887;3;22818688;887;285;1604;1604;7.69;0.47;177.44;3.80;717;3;523.00;0
892;3;22818707;892;290;1604;1604;7.42;0.45;177.82;3.80;712;3;524.00;0
895;3;22818720;895;279;1605;1605;7.18;0.44;178.11;3.80;710;3;525.00;0
897;3;22818734;897;281;1606;1606;7.06;0.43;177.84;3.80;709;3;526.00;0
898;3;22818749;898;277;1606;1606;6.99;0.43;177.87;3.80;708;3;527.00;0
899;3;22818764;899;283;1617;1619;6.95;0.42;178.18;3.77;718;3;528.00;2
900;3;22818787;900;280;1618;1619;7.00;0.43;178.49;3.77;718;3;529.00;1
904;3;22818803;904;279;1619;1619;6.98;0.43;178.70;3.77;715;3;530.00;0
907;3;22818817;907;288;1620;1620;6.96;0.43;178.85;3.76;713;3;531.00;0
909;3;22818831;909;277;1620;1620;7.01;0.43;178.95;3.76;711;3;532.00;0
910;3;22818845;910;275;1624;1624;7.15;0.44;179.25;3.76;714;3;533.00;0
913;3;22818858;913;273;1624;1624;7.17;0.44;179.38;3.76;711;3;534.00;0
915;3;22818873;915;272;1628;1628;7.16;0.44;179.75;3.75;713;3;535.00;0
917;3;22818888;917;277;1628;1628;7.14;0.44;180.06;3.75;711;3;536.00;0
920;3;22818904;920;275;1628;1628;7.11;0.43;180.17;3.75;708;3;537.00;0
924;3;22818920;924;265;1628;1628;7.07;0.43;180.24;3.75;704;3;538.00;0
928;3;22818941;928;254;1628;1628;7.08;0.43;180.74;3.75;700;3;539.00;0
930;3;22818959;930;255;1658;1662;7.30;0.45;181.00;3.68;728;3;540.00;4
932;3;22818981;932;250;1658;1662;7.30;0.45;180.85;3.68;726;3;541.00;4
934;3;22818995;934;247;1661;1662;7.44;0.46;181.15;3.68;727;3;542.00;1
935;3;22819010;935;243;1661;1662;7.56;0.46;181.03;3.68;726;3;543.00;1
937;3;22819033;937;237;1662;1662;7.68;0.47;181.14;3.68;725;3;544.00;0
942;3;22819062;942;235;1662;1662;7.78;0.48;181.51;3.68;720;3;545.00;0
943;3;22819075;943;233;1663;1663;7.84;0.48;181.75;3.68;720;3;546.00;0
944;3;22819090;944;241;1663;1663;7.91;0.48;181.98;3.68;719;3;547.00;0
949;3;22819104;949;241;1669;1669;7.88;0.48;182.47;3.67;720;3;548.00;0
949;3;22819124;949;241;1670;1670;7.84;0.48;182.47;3.67;721;3;549.00;0
951;3;22819140;951;243;1670;1670;7.81;0.48;182.68;3.67;719;3;550.00;0
954;3;22819160;954;243;1670;1670;7.77;0.48;182.61;3.67;716;3;551.00;0
955;3;22819175;955;245;1674;1674;7.73;0.47;182.46;3.66;719;3;552.00;0
955;3;22819187;955;240;1674;1674;7.72;0.47;182.46;3.66;719;3;553.00;0
959;3;22819200;959;238;1674;1674;7.61;0.47;182.40;3.66;715;3;554.00;0
960;3;22819214;960;239;1675;1675;7.54;0.46;182.41;3.66;715;3;555.00;0
963;3;22819229;963;244;1679;1679;7.55;0.46;182.84;3.65;716;3;556.00;0
965;3;22819245;965;243;1679;1679;7.48;0.46;182.78;3.65;714;3;557.00;0
966;3;22819263;966;248;1681;1682;7.50;0.46;182.65;3.65;715;3;558.00;1
970;3;22819280;970;251;1681;1682;7.50;0.46;182.80;3.65;711;3;559.00;1
974;3;22819293;974;248;1682;1682;7.45;0.46;183.03;3.65;708;3;560.00;0
975;3;22819306;975;250;1682;1682;7.46;0.46;183.04;3.65;707;3;561.00;0
978;3;22819322;978;247;1686;1686;7.53;0.46;183.32;3.64;708;3;562.00;0
982;3;22819338;982;245;1686;1686;7.48;0.46;183.28;3.64;704;3;563.00;0
983;3;22819354;983;242;1686;1686;7.56;0.46;183.44;3.64;703;3;564.00;0
988;3;22819372;988;242;1686;1686;7.60;0.46;183.59;3.64;698;3;565.00;0
989;3;22819388;989;239;1687;1687;7.57;0.46;183.74;3.64;698;3;566.00;0
991;3;22819401;991;237;1688;1688;7.50;0.46;183.78;3.64;697;3;567.00;0
994;3;22819414;994;234;1688;1688;7.43;0.45;183.96;3.64;694;3;568.00;0
995;3;22819424;995;237;1689;1689;7.37;0.45;184.08;3.63;694;3;569.00;0
995;3;22819442;995;242;1689;1689;7.33;0.45;184.08;3.63;694;3;570.00;0
997;3;22819454;997;247;1689;1689;7.22;0.44;184.29;3.63;692;3;571.00;0
999;3;22819466;999;239;1689;1689;7.13;0.43;184.43;3.63;690;3;572.00;0
1002;3;22819479;1002;231;1689;1689;7.13;0.43;184.61;3.63;687;3;573.00;0
1004;3;22819491;1004;224;1689;1689;7.17;0.43;184.66;3.63;685;3;574.00;0
1005;3;22819502;1005;221;1689;1689;7.26;0.44;184.71;3.63;684;3;575.00;0
1007;3;22819514;1007;238;1770;1816;7.62;0.47;184.77;3.47;763;3;576.00;46
1007;3;22819538;1007;231;1774;1817;7.67;0.48;184.77;3.46;767;3;577.00;43
1009;3;22819555;1009;227;1781;1817;7.81;0.48;184.62;3.46;772;3;578.00;36
1011;3;22819571;1011;221;1782;1817;7.85;0.49;184.75;3.46;771;3;579.00;35
1014;3;22819587;1014;215;1788;1817;7.95;0.49;184.89;3.46;774;3;580.00;29
1015;3;22819604;1015;208;1788;1817;8.03;0.50;184.99;3.46;773;3;581.00;29
1017;3;22819620;1017;201;1792;1817;8.12;0.50;185.14;3.46;775;3;582.00;25
1021;3;22819636;1021;204;1795;1817;8.16;0.50;185.50;3.47;774;3;583.00;22
1021;3;22819650;1021;199;1797;1818;8.17;0.50;185.50;3.48;776;3;584.00;21
1021;3;22819662;1021;203;1801;1820;8.16;0.50;185.50;3.48;780;3;585.00;19
1024;3;22819677;1024;204;1803;1820;8.18;0.50;185.71;3.49;779;3;586.00;17
1027;3;22819692;1027;213;1805;1821;8.17;0.50;186.18;3.49;778;3;587.00;16
1031;3;22819711;1031;219;1808;1821;8.20;0.50;186.64;3.51;777;3;588.00;13
1034;3;22819727;1034;228;1811;1821;8.29;0.51;187.13;3.52;777;3;589.00;10
1036;3;22819742;1036;235;1812;1821;8.38;0.51;187.60;3.52;776;3;590.00;9
1036;3;22819759;1036;244;1815;1825;8.44;0.52;187.60;3.52;779;3;591.00;10
1037;3;22819780;1037;239;1816;1825;8.50;0.52;187.87;3.53;779;3;592.00;9
1041;3;22819793;1041;238;1817;1825;8.49;0.52;188.50;3.53;776;3;593.00;8
1042;3;22819808;1042;236;1819;1828;8.59;0.53;188.50;3.54;777;3;594.00;9
1045;3;22819824;1045;235;1819;1828;8.67;0.53;188.94;3.54;774;3;595.00;9
1047;3;22819841;1047;230;1821;1828;8.75;0.53;189.09;3.55;774;3;596.00;7
1049;3;22819856;1049;231;1825;1832;8.78;0.54;189.10;3.55;776;3;597.00;7
1053;3;22819881;1053;225;1827;1833;8.84;0.54;189.40;3.55;774;3;598.00;6
1056;3;22819898;1056;221;1828;1833;8.89;0.54;189.59;3.57;772;3;599.00;5
1058;3;22819921;1058;223;1841;1859;8.91;0.54;189.84;3.55;783;3;600.00;18
1062;3;22819947;1062;223;1843;1859;8.96;0.55;190.70;3.56;781;3;601.00;16
1066;3;22819964;1066;217;1844;1859;9.03;0.55;190.84;3.57;778;3;602.00;15
1069;3;22819980;1069;220;1845;1860;9.07;0.55;191.03;3.57;776;3;603.00;15
1071;3;22819996;1071;222;1848;1860;9.12;0.56;191.37;3.58;777;3;604.00;12
1074;3;22820017;1074;221;1852;1866;9.14;0.56;191.33;3.57;778;3;605.00;14
1078;3;22820030;1078;221;1856;1866;9.15;0.56;191.85;3.58;778;3;606.00;10
1081;3;22820045;1081;215;1856;1867;9.18;0.56;192.15;3.58;775;3;607.00;11
1085;3;22820062;1085;221;1856;1867;9.23;0.56;192.50;3.58;771;3;608.00;11
1088;3;22820082;1088;224;1857;1867;9.24;0.56;192.69;3.58;769;3;609.00;10
1093;3;22820100;1093;222;1857;1867;9.24;0.56;193.36;3.58;764;3;610.00;10
1096;3;22820115;1096;231;1858;1867;9.22;0.56;193.79;3.58;762;3;611.00;9
1098;3;22820130;1098;233;1869;1879;9.26;0.56;193.92;3.57;771;3;612.00;10
1103;3;22820158;1103;231;1869;1879;9.22;0.56;194.47;3.57;766;3;613.00;10
1104;3;22820187;1104;231;1869;1879;9.26;0.56;194.72;3.57;765;3;614.00;10
1108;3;22820200;1108;227;1869;1879;9.23;0.56;195.35;3.57;761;3;615.00;10
1113;3;22820217;1113;224;1869;1879;9.24;0.56;196.11;3.57;756;3;616.00;10
1113;3;22820231;1113;221;1870;1879;9.30;0.56;196.11;3.57;757;3;617.00;9
1117;3;22820241;1117;213;1873;1883;9.29;0.56;196.32;3.57;756;3;618.00;10
1119;3;22820257;1119;210;1873;1883;9.37;0.57;196.34;3.57;754;3;619.00;10
1121;3;22820272;1121;204;1877;1887;9.44;0.57;196.62;3.56;756;3;620.00;10
1122;3;22820288;1122;205;1878;1888;9.56;0.58;196.61;3.56;756;3;621.00;10
1125;3;22820305;1125;201;1878;1888;9.57;0.58;197.02;3.56;753;3;622.00;10
1130;3;22820319;1130;198;1879;1888;9.54;0.58;197.20;3.57;749;3;623.00;9
1132;3;22820333;1132;194;1888;1901;9.52;0.58;197.50;3.55;756;3;624.00;13
1136;3;22820349;1136;192;1888;1901;9.52;0.58;197.91;3.55;752;3;625.00;13
1139;3;22820366;1139;188;1888;1901;9.58;0.58;198.21;3.55;749;3;626.00;13
1143;3;22820377;1143;191;1889;1902;9.67;0.59;198.77;3.55;746;3;627.00;13
1148;3;22820389;1148;190;1889;1903;9.68;0.59;199.63;3.55;741;3;628.00;14
1149;3;22820400;1149;186;1891;1903;9.71;0.59;199.65;3.57;742;3;629.00;12
1153;3;22820413;1153;182;1898;1909;9.73;0.59;200.53;3.59;745;3;630.00;11
1158;3;22820427;1158;179;1899;1909;9.67;0.58;200.87;3.59;741;3;631.00;10
1161;3;22820438;1161;171;1900;1909;9.70;0.59;201.10;3.59;739;3;632.00;9
1166;3;22820449;1166;163;1900;1909;9.67;0.59;201.39;3.59;734;3;633.00;9
1171;3;22820461;1171;159;1905;1915;9.62;0.58;201.66;3.58;734;3;634.00;10
1173;3;22820475;1173;152;1905;1915;9.63;0.58;201.84;3.58;732;3;635.00;10
1174;3;22820487;1174;152;1905;1915;9.64;0.58;202.08;3.58;731;3;636.00;10
1175;3;22820498;1175;150;1905;1915;9.61;0.58;202.31;3.58;730;3;637.00;10
1176;3;22820507;1176;151;1908;1919;9.61;0.58;202.22;3.58;732;3;638.00;11
1178;3;22820518;1178;150;1909;1920;9.65;0.58;202.40;3.58;731;3;639.00;11
1182;3;22820531;1182;145;1909;1920;9.60;0.58;202.48;3.58;727;3;640.00;11
1185;3;22820540;1185;140;1910;1921;9.58;0.58;202.80;3.57;725;3;641.00;11
1187;3;22820551;1187;138;1910;1921;9.50;0.57;202.86;3.57;723;3;642.00;11
1190;3;22820569;1190;142;1910;1921;9.47;0.57;203.00;3.57;720;3;643.00;11
1190;3;22820581;1190;140;1910;1921;9.39;0.57;203.00;3.57;720;3;644.00;11
1192;3;22820591;1192;145;1910;1921;9.38;0.57;203.22;3.57;718;3;645.00;11
1194;3;22820610;1194;151;1910;1921;9.35;0.57;203.46;3.57;716;3;646.00;11
1195;3;22820619;1195;152;1911;1921;9.35;0.57;203.65;3.60;716;3;647.00;10
1200;3;22820629;1200;164;1947;1991;9.40;0.57;203.90;3.53;747;3;648.00;44
1202;3;22820647;1202;162;1949;1992;9.39;0.57;204.05;3.53;747;3;649.00;43
1207;3;22820659;1207;162;1955;1992;9.29;0.56;204.06;3.52;748;3;650.00;37
1207;3;22820673;1207;165;1958;1992;9.26;0.56;204.06;3.52;751;3;651.00;34
1208;3;22820683;1208;165;1963;1992;9.23;0.56;204.07;3.52;755;3;652.00;29
1212;3;22820693;1212;170;1967;1992;9.18;0.56;203.88;3.55;755;3;653.00;25
1214;3;22820703;1214;173;1971;1992;9.16;0.56;203.75;3.56;757;3;654.00;21
1214;3;22820715;1214;172;1974;1992;9.19;0.56;203.75;3.58;760;3;655.00;18
1215;3;22820725;1215;175;1977;1993;9.20;0.56;203.59;3.59;762;3;656.00;16
1217;3;22820737;1217;177;1979;1994;9.18;0.56;203.48;3.61;762;3;657.00;15
1217;3;22820750;1217;184;1980;1994;9.17;0.56;203.48;3.61;763;3;658.00;14
1220;3;22820760;1220;187;1988;1998;9.13;0.56;203.26;3.68;768;3;659.00;10
1221;3;22820774;1221;195;1989;1998;9.09;0.55;203.14;3.68;768;3;660.00;9
1223;3;22820787;1223;201;1990;1998;9.03;0.55;203.09;3.68;767;3;661.00;8
1224;3;22820798;1224;207;1992;1998;8.96;0.55;203.21;3.70;768;3;662.00;6
1224;3;22820807;1224;215;1998;2004;8.98;0.55;203.21;3.70;774;3;663.00;6
1228;3;22820817;1228;221;1998;2004;8.89;0.54;202.93;3.70;770;3;664.00;6
1228;3;22820827;1228;231;1999;2004;8.81;0.54;202.93;3.71;771;3;665.00;5
1229;3;22820838;1229;239;2002;2007;8.77;0.54;202.84;3.72;773;3;666.00;5
1232;3;22820849;1232;244;2002;2007;8.67;0.53;202.70;3.72;770;3;667.00;5
1233;3;22820859;1233;249;2004;2007;8.61;0.53;202.76;3.73;771;3;668.00;3
1234;3;22820872;1234;256;2005;2008;8.52;0.52;202.66;3.74;771;3;669.00;3
1236;3;22820882;1236;266;2007;2009;8.37;0.51;202.77;3.75;771;3;670.00;2
1238;3;22820895;1238;267;2007;2009;8.24;0.50;202.71;3.75;769;3;671.00;2
1240;3;22820906;1240;278;2019;2022;8.13;0.50;202.54;3.73;779;3;672.00;3
1241;3;22820919;1241;284;2020;2022;8.05;0.49;202.41;3.73;779;3;673.00;2
1242;3;22820931;1242;288;2022;2022;7.95;0.49;202.50;3.73;780;3;674.00;0
1245;3;22820941;1245;286;2024;2024;7.88;0.48;202.30;3.73;779;3;675.00;0
1247;3;22820952;1247;290;2024;2024;7.82;0.48;202.18;3.73;777;3;676.00;0
1247;3;22820963;1247;288;2028;2028;7.81;0.48;202.18;3.72;781;3;677.00;0
1248;3;22820975;1248;285;2028;2028;7.69;0.47;202.13;3.72;780;3;678.00;0
1250;3;22820986;1250;283;2032;2032;7.57;0.46;202.14;3.71;782;3;679.00;0
1252;3;22820997;1252;283;2032;2032;7.52;0.46;202.06;3.71;780;3;680.00;0
1252;3;22821014;1252;284;2032;2032;7.44;0.45;202.06;3.71;780;3;681.00;0
1255;3;22821029;1255;288;2032;2032;7.33;0.45;201.88;3.71;777;3;682.00;0
1258;3;22821040;1258;292;2032;2032;7.28;0.44;201.75;3.71;774;3;683.00;0
1261;3;22821051;1261;294;2042;2044;7.28;0.44;201.64;3.70;781;3;684.00;2
1264;3;22821061;1264;297;2042;2044;7.18;0.44;201.34;3.70;778;3;685.00;2
1268;3;22821070;1268;308;2044;2044;7.18;0.44;201.28;3.69;776;3;686.00;0
1269;3;22821080;1269;313;2044;2044;7.15;0.44;201.40;3.69;775;3;687.00;0
1270;3;22821088;1270;315;2044;2044;7.14;0.43;201.38;3.69;774;3;688.00;0
1274;3;22821098;1274;319;2044;2044;7.04;0.43;201.37;3.69;770;3;689.00;0
1276;3;22821108;1276;322;2045;2045;6.98;0.43;201.37;3.69;769;3;690.00;0
1279;3;22821120;1279;325;2045;2045;6.89;0.42;201.59;3.69;766;3;691.00;0
1281;3;22821134;1281;330;2051;2051;6.92;0.42;201.74;3.69;770;3;692.00;0
1283;3;22821145;1283;336;2052;2052;6.82;0.42;201.62;3.68;769;3;693.00;0
1285;3;22821154;1285;337;2052;2052;6.68;0.41;201.81;3.68;767;3;694.00;0
1290;3;22821164;1290;333;2052;2052;6.55;0.40;202.02;3.68;762;3;695.00;0
1292;3;22821173;1292;322;2056;2056;6.56;0.40;202.03;3.68;764;3;696.00;0
1295;3;22821184;1295;314;2056;2056;6.54;0.40;202.12;3.68;761;3;697.00;0
1296;3;22821195;1296;315;2056;2056;6.54;0.40;202.33;3.68;760;3;698.00;0
1297;3;22821206;1297;315;2057;2057;6.59;0.40;202.49;3.68;760;3;699.00;0
1300;3;22821221;1300;301;2061;2061;6.54;0.40;202.66;3.67;761;3;700.00;0
1301;3;22821237;1301;288;2061;2061;6.56;0.40;202.88;3.67;760;3;701.00;0
1303;3;22821249;1303;281;2063;2064;6.64;0.41;202.85;3.67;760;3;702.00;1
1305;3;22821263;1305;280;2063;2064;6.63;0.41;202.86;3.67;758;3;703.00;1
1307;3;22821273;1307;275;2064;2064;6.72;0.41;203.07;3.67;757;3;704.00;0
1310;3;22821290;1310;265;2064;2064;6.72;0.41;203.15;3.67;754;3;705.00;0
1313;3;22821300;1313;270;2068;2068;6.80;0.42;203.29;3.66;755;3;706.00;0
1315;3;22821314;1315;262;2068;2068;6.87;0.42;203.48;3.66;753;3;707.00;0
1316;3;22821324;1316;259;2068;2068;6.97;0.43;203.67;3.66;752;3;708.00;0
1320;3;22821335;1320;253;2068;2068;7.02;0.43;204.09;3.66;748;3;709.00;0
1323;3;22821347;1323;253;2069;2069;7.07;0.43;204.23;3.66;746;3;710.00;0
1324;3;22821359;1324;253;2070;2070;7.20;0.44;204.25;3.66;746;3;711.00;0
1328;3;22821370;1328;250;2070;2070;7.20;0.44;204.42;3.66;742;3;712.00;0
1330;3;22821382;1330;248;2071;2071;7.29;0.45;204.26;3.66;741;3;713.00;0
1334;3;22821396;1334;248;2071;2071;7.38;0.45;204.47;3.66;737;3;714.00;0
1336;3;22821406;1336;246;2071;2071;7.46;0.46;204.81;3.66;735;3;715.00;0
1338;3;22821416;1338;242;2071;2071;7.58;0.46;204.89;3.66;733;3;716.00;0
1342;3;22821429;1342;242;2071;2071;7.61;0.47;205.32;3.66;729;3;717.00;0
1348;3;22821439;1348;241;2071;2071;7.60;0.47;205.53;3.66;723;3;718.00;0
1349;3;22821452;1349;241;2071;2071;7.66;0.47;205.42;3.66;722;3;719.00;0
1355;3;22821465;1355;236;2158;2301;8.20;0.52;205.60;3.51;803;3;720.00;143
1361;3;22821510;1361;238;2179;2302;8.08;0.51;205.98;3.49;818;3;721.00;123
1363;3;22821525;1363;229;2197;2302;8.17;0.51;206.16;3.47;834;3;722.00;105
1369;3;22821539;1369;225;2210;2302;8.15;0.51;206.40;3.47;841;3;723.00;92
1373;3;22821553;1373;219;2220;2302;8.12;0.51;206.47;3.47;847;3;724.00;82
1375;3;22821567;1375;212;2228;2302;8.05;0.50;206.63;3.48;853;3;725.00;74
1379;3;22821586;1379;211;2238;2302;7.93;0.50;207.05;3.49;859;3;726.00;64
1382;3;22821600;1382;215;2246;2302;7.85;0.49;207.29;3.50;864;3;727.00;56
1386;3;22821611;1386;212;2254;2303;7.71;0.48;207.40;3.52;868;3;728.00;49
1391;3;22821622;1391;219;2260;2304;7.58;0.47;207.94;3.53;869;3;729.00;44
1395;3;22821634;1395;223;2267;2304;7.51;0.47;207.94;3.55;872;3;730.00;37
1397;3;22821647;1397;226;2270;2305;7.49;0.47;208.16;3.56;873;3;731.00;35
1400;3;22821663;1400;230;2275;2305;7.40;0.46;208.51;3.58;875;3;732.00;30
1406;3;22821674;1406;230;2275;2305;7.37;0.46;209.03;3.58;869;3;733.00;30
1411;3;22821690;1411;238;2280;2305;7.30;0.45;209.13;3.60;869;3;734.00;25
1416;3;22821704;1416;248;2282;2309;7.19;0.44;209.38;3.60;866;3;735.00;27
1420;3;22821717;1420;256;2283;2309;7.20;0.44;209.55;3.60;863;3;736.00;26
1423;3;22821729;1423;262;2286;2309;7.16;0.44;209.77;3.61;863;3;737.00;23
1425;3;22821747;1425;268;2290;2312;7.19;0.44;209.75;3.63;865;3;738.00;22
1426;3;22821759;1426;269;2291;2312;7.21;0.44;209.82;3.64;865;3;739.00;21
1427;3;22821770;1427;269;2291;2312;7.31;0.45;209.94;3.64;864;3;740.00;21
1433;3;22821783;1433;275;2297;2316;7.33;0.45;210.11;3.65;864;3;741.00;19
1435;3;22821799;1435;278;2300;2317;7.31;0.45;210.20;3.65;865;3;742.00;17
1438;3;22821811;1438;276;2301;2317;7.33;0.45;210.32;3.66;863;3;743.00;16
1439;3;22821822;1439;280;2305;2321;7.31;0.45;210.19;3.66;866;3;744.00;16
1441;3;22821833;1441;280;2307;2321;7.31;0.45;210.31;3.68;866;3;745.00;14
1443;3;22821845;1443;286;2308;2321;7.33;0.45;210.43;3.68;865;3;746.00;13
1445;3;22821856;1445;275;2308;2322;7.42;0.45;210.40;3.68;863;3;747.00;14
1445;3;22821869;1445;276;2309;2322;7.49;0.46;210.40;3.69;864;3;748.00;13
1448;3;22821881;1448;266;2316;2328;7.49;0.46;210.61;3.69;868;3;749.00;12
1448;3;22821895;1448;263;2316;2328;7.58;0.46;210.61;3.69;868;3;750.00;12
1449;3;22821906;1449;263;2317;2329;7.65;0.47;210.49;3.69;868;3;751.00;12
1453;3;22821919;1453;258;2320;2329;7.66;0.47;210.81;3.73;867;3;752.00;9
1454;3;22821934;1454;264;2320;2329;7.71;0.47;210.89;3.73;866;3;753.00;9
1455;3;22821947;1455;265;2322;2329;7.73;0.47;210.97;3.75;867;3;754.00;7
1457;3;22821958;1457;267;2322;2329;7.70;0.47;211.14;3.75;865;3;755.00;7
1460;3;22821978;1460;261;2333;2341;7.78;0.48;211.37;3.74;873;3;756.00;8
1460;3;22821995;1460;257;2334;2341;7.88;0.48;211.37;3.74;874;3;757.00;7
1464;3;22822011;1464;248;2335;2341;7.93;0.48;211.41;3.74;871;3;758.00;6
1468;3;22822025;1468;248;2335;2341;8.05;0.49;211.61;3.74;867;3;759.00;6
1470;3;22822040;1470;250;2336;2341;8.15;0.50;211.70;3.74;866;3;760.00;5
1473;3;22822056;1473;258;2336;2341;8.24;0.50;211.83;3.74;863;3;761.00;5
1475;3;22822075;1475;256;2340;2345;8.31;0.51;211.84;3.74;865;3;762.00;5
1476;3;22822092;1476;256;2340;2345;8.36;0.51;211.99;3.74;864;3;763.00;5
1477;3;22822109;1477;263;2344;2349;8.42;0.51;212.07;3.73;867;3;764.00;5
1479;3;22822129;1479;258;2346;2351;8.40;0.51;212.11;3.73;867;3;765.00;5
1481;3;22822147;1481;263;2346;2351;8.38;0.51;212.24;3.73;865;3;766.00;5
1483;3;22822167;1483;258;2346;2351;8.36;0.51;212.27;3.73;863;3;767.00;5
1485;3;22822186;1485;258;2354;2364;8.47;0.52;212.46;3.72;869;3;768.00;10
1491;3;22822204;1491;253;2354;2364;8.47;0.52;213.02;3.72;863;3;769.00;10
1494;3;22822220;1494;244;2355;2364;8.53;0.52;213.10;3.72;861;3;770.00;9
1495;3;22822234;1495;244;2356;2365;8.57;0.52;213.14;3.71;861;3;771.00;9
1497;3;22822247;1497;241;2356;2366;8.58;0.53;213.02;3.71;859;3;772.00;10
1501;3;22822263;1501;237;2356;2366;8.55;0.52;213.06;3.71;855;3;773.00;10
1503;3;22822284;1503;229;2358;2369;8.58;0.53;212.99;3.71;855;3;774.00;11
1505;3;22822298;1505;229;2358;2369;8.60;0.53;213.00;3.71;853;3;775.00;11
1509;3;22822309;1509;216;2359;2369;8.65;0.53;213.20;3.71;850;3;776.00;10
1513;3;22822321;1513;218;2359;2369;8.62;0.53;213.45;3.71;846;3;777.00;10
1516;3;22822334;1516;217;2364;2375;8.64;0.53;213.56;3.70;848;3;778.00;11
1518;3;22822348;1518;226;2364;2375;8.69;0.53;213.57;3.70;846;3;779.00;11
1522;3;22822362;1522;229;2364;2375;8.64;0.53;213.53;3.70;842;3;780.00;11
1523;3;22822374;1523;237;2364;2375;8.66;0.53;213.55;3.70;841;3;781.00;11
1525;3;22822386;1525;238;2367;2379;8.54;0.52;213.63;3.70;842;3;782.00;12
1526;3;22822406;1526;239;2368;2380;8.55;0.52;213.79;3.70;842;3;783.00;12
1530;3;22822419;1530;244;2368;2380;8.52;0.52;213.87;3.70;838;3;784.00;12
1531;3;22822432;1531;249;2369;2381;8.46;0.51;214.00;3.70;838;3;785.00;12
1533;3;22822445;1533;250;2369;2381;8.35;0.51;213.90;3.70;836;3;786.00;12
1535;3;22822460;1535;251;2369;2381;8.37;0.51;213.73;3.70;834;3;787.00;12
1536;3;22822473;1536;255;2369;2381;8.35;0.51;213.74;3.70;833;3;788.00;12
1536;3;22822489;1536;256;2369;2381;8.34;0.51;213.74;3.70;833;3;789.00;12
1538;3;22822503;1538;253;2369;2381;8.30;0.50;213.80;3.70;831;3;790.00;12
1539;3;22822520;1539;257;2369;2381;8.22;0.50;213.80;3.70;830;3;791.00;12
1540;3;22822539;1540;263;2400;2451;8.12;0.50;213.77;3.65;860;3;792.00;51
1541;3;22822562;1541;259;2400;2452;8.11;0.50;213.82;3.65;859;3;793.00;52
1541;3;22822579;1541;254;2405;2452;8.14;0.50;213.82;3.65;864;3;794.00;47
1544;3;22822590;1544;249;2408;2452;8.15;0.50;213.91;3.65;864;3;795.00;44
1546;3;22822602;1546;252;2410;2452;8.19;0.50;214.05;3.65;864;3;796.00;42
1547;3;22822614;1547;253;2412;2452;8.20;0.50;214.10;3.65;865;3;797.00;40
1552;3;22822625;1552;252;2415;2452;8.20;0.50;214.47;3.65;863;3;798.00;37
1555;3;22822637;1555;256;2418;2452;8.21;0.50;214.62;3.66;863;3;799.00;34
1559;3;22822650;1559;258;2421;2453;8.16;0.50;214.58;3.66;862;3;800.00;32
1564;3;22822667;1564;253;2421;2454;8.09;0.49;214.96;3.66;857;3;801.00;33
1566;3;22822679;1566;253;2424;2454;8.04;0.49;215.19;3.67;858;3;802.00;30
1569;3;22822690;1569;252;2427;2458;7.99;0.49;215.35;3.67;858;3;803.00;31
1569;3;22822711;1569;251;2428;2458;7.94;0.48;215.35;3.67;859;3;804.00;30
1571;3;22822726;1571;242;2430;2458;7.86;0.48;215.61;3.69;859;3;805.00;28
1573;3;22822740;1573;238;2431;2458;7.77;0.47;215.90;3.70;858;3;806.00;27
1576;3;22822752;1576;235;2435;2464;7.71;0.47;216.30;3.69;859;3;807.00;29
1578;3;22822767;1578;235;2435;2464;7.63;0.47;216.44;3.69;857;3;808.00;29
1580;3;22822782;1580;237;2435;2464;7.60;0.47;216.60;3.69;855;3;809.00;29
1583;3;22822796;1583;232;2441;2470;7.58;0.46;216.68;3.70;858;3;810.00;29
1583;3;22822808;1583;232;2441;2470;7.58;0.46;216.68;3.70;858;3;811.00;29
1587;3;22822820;1587;234;2444;2470;7.59;0.46;217.02;3.70;857;3;812.00;26
1590;3;22822831;1590;235;2444;2471;7.54;0.46;217.26;3.70;854;3;813.00;27
1594;3;22822842;1594;241;2445;2472;7.50;0.46;217.70;3.70;851;3;814.00;27
1595;3;22822855;1595;241;2446;2472;7.46;0.45;217.71;3.71;851;3;815.00;26
1597;3;22822868;1597;247;2455;2485;7.47;0.45;217.78;3.69;858;3;816.00;30
1600;3;22822880;1600;246;2455;2485;7.42;0.45;217.69;3.69;855;3;817.00;30
1602;3;22822891;1602;249;2455;2485;7.40;0.45;217.54;3.69;853;3;818.00;30
1603;3;22822902;1603;244;2456;2486;7.40;0.45;217.55;3.69;853;3;819.00;30
1603;3;22822915;1603;243;2456;2486;7.37;0.45;217.55;3.69;853;3;820.00;30
1604;3;22822933;1604;248;2460;2490;7.40;0.45;217.71;3.73;856;3;821.00;30
1606;3;22822945;1606;250;2460;2490;7.32;0.44;217.65;3.73;854;3;822.00;30
1607;3;22822956;1607;256;2463;2494;7.22;0.44;217.58;3.72;856;3;823.00;31
1608;3;22822967;1608;261;2464;2494;7.19;0.44;217.51;3.77;856;3;824.00;30
1611;3;22822978;1611;263;2464;2494;7.17;0.43;217.68;3.77;853;3;825.00;30
1611;3;22822988;1611;267;2466;2494;7.15;0.43;217.68;3.79;855;3;826.00;28
1612;3;22823000;1612;272;2467;2494;7.11;0.43;217.61;3.83;855;3;827.00;27
1614;3;22823018;1614;273;2477;2506;7.21;0.44;217.64;3.82;863;3;828.00;29
1616;3;22823032;1616;273;2481;2506;7.22;0.44;217.68;3.88;865;3;829.00;25
1619;3;22823042;1619;277;2482;2506;7.22;0.44;217.50;3.91;863;3;830.00;24
1619;3;22823054;1619;280;2485;2506;7.24;0.44;217.50;3.95;866;3;831.00;21
1623;3;22823066;1623;292;2486;2506;7.27;0.44;217.34;4.00;863;3;832.00;20
1628;3;22823077;1628;304;2490;2506;7.24;0.44;217.51;4.05;862;3;833.00;16
1629;3;22823088;1629;309;2491;2507;7.21;0.44;217.44;4.07;862;3;834.00;16
1632;3;22823099;1632;309;2492;2507;7.16;0.44;217.18;4.09;860;3;835.00;15
1633;3;22823110;1633;315;2500;2513;7.17;0.44;217.19;4.14;867;3;836.00;13
1637;3;22823123;1637;315;2501;2514;7.09;0.43;217.32;4.14;864;3;837.00;13
1638;3;22823136;1638;319;2502;2514;7.04;0.43;217.19;4.15;864;3;838.00;12
1640;3;22823148;1640;324;2504;2514;7.02;0.43;217.05;4.17;864;3;839.00;10
1642;3;22823160;1642;328;2508;2519;7.03;0.43;216.94;4.19;866;3;840.00;11
1643;3;22823171;1643;333;2508;2519;7.05;0.43;216.96;4.19;865;3;841.00;11
1646;3;22823184;1646;329;2511;2519;7.05;0.43;216.85;4.22;865;3;842.00;8
1647;3;22823196;1647;330;2513;2520;7.06;0.43;216.81;4.22;866;3;843.00;7
1648;3;22823208;1648;333;2518;2524;7.06;0.43;216.70;4.24;870;3;844.00;6
1653;3;22823221;1653;340;2520;2524;7.05;0.43;216.48;4.24;867;3;845.00;4
1656;3;22823233;1656;343;2523;2527;7.02;0.43;216.28;4.24;867;3;846.00;4
1656;3;22823252;1656;350;2525;2527;7.01;0.43;216.28;4.25;869;3;847.00;2
1657;3;22823263;1657;356;2526;2527;6.99;0.43;216.30;4.25;869;3;848.00;1
1658;3;22823273;1658;355;2527;2527;6.95;0.43;216.33;4.25;869;3;849.00;0
1659;3;22823284;1659;349;2531;2531;6.99;0.43;216.28;4.24;872;3;850.00;0
1663;3;22823296;1663;345;2531;2531;6.97;0.43;216.19;4.24;868;3;851.00;0
1663;3;22823306;1663;328;2531;2531;6.99;0.43;216.19;4.24;868;3;852.00;0
1664;3;22823317;1664;313;2531;2531;7.04;0.43;216.31;4.24;867;3;853.00;0
1664;3;22823328;1664;304;2532;2532;7.07;0.43;216.31;4.24;868;3;854.00;0
1667;3;22823339;1667;296;2534;2534;7.09;0.43;216.33;4.24;867;3;855.00;0
1669;3;22823350;1669;286;2534;2534;7.15;0.44;216.40;4.24;865;3;856.00;0
1669;3;22823361;1669;283;2535;2535;7.22;0.44;216.40;4.24;866;3;857.00;0
1670;3;22823371;1670;279;2535;2535;7.29;0.45;216.46;4.24;865;3;858.00;0
1670;3;22823388;1670;281;2535;2535;7.31;0.45;216.46;4.24;865;3;859.00;0
1673;3;22823402;1673;275;2535;2535;7.41;0.45;216.36;4.24;862;3;860.00;0
1673;3;22823415;1673;275;2535;2535;7.49;0.46;216.36;4.24;862;3;861.00;0
1677;3;22823436;1677;273;2535;2535;7.52;0.46;216.48;4.24;858;3;862.00;0
1680;3;22823458;1680;276;2535;2535;7.54;0.46;216.63;4.24;855;3;863.00;0
1680;3;22823472;1680;290;2611;2662;7.76;0.48;216.63;4.11;931;3;864.00;51
1683;3;22823501;1683;282;2615;2663;7.76;0.48;216.79;4.11;932;3;865.00;48
1686;3;22823518;1686;275;2624;2663;7.78;0.48;217.13;4.10;938;3;866.00;39
1688;3;22823531;1688;277;2628;2663;7.74;0.48;217.31;4.10;940;3;867.00;35
1689;3;22823542;1689;278;2634;2663;7.75;0.48;217.33;4.10;945;3;868.00;29
1692;3;22823555;1692;282;2635;2663;7.74;0.48;217.33;4.10;943;3;869.00;28
1697;3;22823572;1697;282;2637;2663;7.59;0.47;217.20;4.10;940;3;870.00;26
1698;3;22823586;1698;278;2639;2663;7.57;0.47;217.19;4.10;941;3;871.00;24
1701;3;22823599;1701;279;2641;2664;7.51;0.46;217.13;4.11;940;3;872.00;23
1711;3;22823611;1711;288;2646;2665;7.43;0.46;217.22;4.12;935;3;873.00;19
1713;3;22823623;1713;288;2648;2665;7.38;0.45;217.19;4.12;935;3;874.00;17
1720;3;22823638;1720;279;2651;2666;7.28;0.45;217.33;4.12;931;3;875.00;15
1722;3;22823656;1722;278;2653;2666;7.20;0.44;217.29;4.13;931;3;876.00;13
1724;3;22823670;1724;272;2657;2666;7.09;0.44;217.38;4.14;933;3;877.00;9
1728;3;22823686;1728;274;2659;2666;6.96;0.43;217.62;4.15;931;3;878.00;7
1731;3;22823699;1731;279;2662;2670;6.94;0.43;218.09;4.15;931;3;879.00;8
1731;3;22823711;1731;286;2664;2670;6.94;0.43;218.09;4.15;933;3;880.00;6
1735;3;22823725;1735;287;2666;2670;6.99;0.43;218.51;4.16;931;3;881.00;4
1736;3;22823740;1736;280;2668;2673;7.00;0.43;218.66;4.16;932;3;882.00;5
1739;3;22823754;1739;277;2669;2673;7.04;0.43;218.91;4.17;930;3;883.00;4
1742;3;22823768;1742;266;2670;2673;7.04;0.43;219.38;4.17;928;3;884.00;3
1745;3;22823782;1745;258;2674;2677;7.07;0.43;219.52;4.16;929;3;885.00;3
1748;3;22823795;1748;256;2677;2678;7.09;0.44;219.80;4.17;929;3;886.00;1
1754;3;22823807;1754;250;2678;2678;7.16;0.44;219.83;4.17;924;3;887.00;0
1758;3;22823820;1758;253;2682;2682;7.19;0.44;220.11;4.16;924;3;888.00;0
1760;3;22823839;1760;251;2682;2682;7.24;0.44;220.47;4.16;922;3;889.00;0
1766;3;22823853;1766;254;2682;2682;7.32;0.45;220.65;4.16;916;3;890.00;0
1773;3;22823865;1773;253;2683;2683;7.37;0.45;221.65;4.16;910;3;891.00;0
1778;3;22823878;1778;254;2683;2683;7.38;0.45;222.20;4.16;905;3;892.00;0
1783;3;22823889;1783;261;2689;2689;7.42;0.45;222.64;4.16;906;3;893.00;0
1787;3;22823902;1787;259;2689;2689;7.49;0.46;222.80;4.16;902;3;894.00;0
1791;3;22823914;1791;257;2690;2690;7.48;0.46;223.26;4.16;899;3;895.00;0
1796;3;22823926;1796;261;2690;2690;7.55;0.46;223.67;4.16;894;3;896.00;0
1803;3;22823939;1803;261;2690;2690;7.55;0.46;224.05;4.16;887;3;897.00;0
1810;3;22823951;1810;255;2690;2690;7.56;0.46;224.03;4.16;880;3;898.00;0
1813;3;22823964;1813;244;2690;2690;7.59;0.46;224.19;4.16;877;3;899.00;0
1813;3;22823978;1813;247;2721;2736;7.77;0.48;224.19;4.11;908;3;900.00;15
1817;3;22823998;1817;246;2722;2736;7.77;0.48;224.62;4.11;905;3;901.00;14
1820;3;22824012;1820;245;2726;2736;7.79;0.48;224.70;4.10;906;3;902.00;10
1823;3;22824024;1823;251;2726;2736;7.77;0.48;224.82;4.10;903;3;903.00;10
1827;3;22824035;1827;259;2728;2736;7.73;0.47;225.07;4.10;901;3;904.00;8
1832;3;22824047;1832;255;2728;2736;7.65;0.47;225.44;4.10;896;3;905.00;8
1836;3;22824059;1836;259;2733;2740;7.57;0.46;225.59;4.10;897;3;906.00;7
1842;3;22824077;1842;257;2733;2740;7.51;0.46;225.75;4.10;891;3;907.00;7
1844;3;22824096;1844;257;2736;2744;7.45;0.46;225.89;4.10;892;3;908.00;8
1847;3;22824121;1847;265;2737;2745;7.40;0.45;226.17;4.10;890;3;909.00;8
1852;3;22824139;1852;265;2737;2745;7.34;0.45;226.86;4.10;885;3;910.00;8
1855;3;22824164;1855;271;2737;2745;7.31;0.45;227.24;4.10;882;3;911.00;8
1857;3;22824183;1857;275;2748;2758;7.33;0.45;227.31;4.09;891;3;912.00;10
1860;3;22824205;1860;275;2751;2758;7.36;0.45;227.49;4.09;891;3;913.00;7
1863;3;22824225;1863;273;2751;2758;7.36;0.45;227.73;4.09;888;3;914.00;7
1867;3;22824243;1867;273;2751;2759;7.34;0.45;227.79;4.09;884;3;915.00;8
1869;3;22824259;1869;275;2752;2760;7.33;0.45;227.98;4.09;883;3;916.00;8
1875;3;22824273;1875;273;2753;2760;7.36;0.45;227.87;4.09;878;3;917.00;7
1877;3;22824288;1877;275;2756;2763;7.36;0.45;227.97;4.10;879;3;918.00;7
1878;3;22824301;1878;282;2757;2763;7.37;0.45;228.08;4.10;879;3;919.00;6
1882;3;22824316;1882;290;2759;2763;7.37;0.45;228.36;4.09;877;3;920.00;4
1888;3;22824329;1888;293;2759;2763;7.28;0.44;229.01;4.09;871;3;921.00;4
1891;3;22824342;1891;287;2764;2769;7.23;0.44;229.13;4.09;873;3;922.00;5
1896;3;22824356;1896;286;2764;2769;7.17;0.44;229.14;4.09;868;3;923.00;5
1899;3;22824380;1899;288;2767;2769;7.10;0.43;229.46;4.11;868;3;924.00;2
1901;3;22824395;1901;282;2767;2769;7.08;0.43;229.52;4.11;866;3;925.00;2
1904;3;22824408;1904;284;2770;2773;7.06;0.43;229.58;4.10;866;3;926.00;3
1906;3;22824420;1906;282;2774;2774;7.05;0.43;229.48;4.11;868;3;927.00;0
1909;3;22824438;1909;281;2774;2774;7.03;0.43;229.66;4.11;865;3;928.00;0
1912;3;22824450;1912;285;2775;2775;7.01;0.43;229.95;4.11;863;3;929.00;0
1913;3;22824463;1913;290;2775;2775;7.05;0.43;230.01;4.11;862;3;930.00;0
1917;3;22824474;1917;277;2775;2775;7.05;0.43;230.10;4.11;858;3;931.00;0
1920;3;22824486;1920;273;2775;2775;7.09;0.43;230.27;4.11;855;3;932.00;0
1923;3;22824500;1923;269;2775;2775;7.13;0.43;230.38;4.11;852;3;933.00;0
1926;3;22824512;1926;267;2775;2775;7.18;0.44;230.46;4.11;849;3;934.00;0
1929;3;22824522;1929;268;2775;2775;7.24;0.44;230.73;4.11;846;3;935.00;0
1932;3;22824535;1932;284;2817;2845;7.32;0.45;230.72;4.04;885;3;936.00;28
1935;3;22824554;1935;273;2818;2846;7.33;0.45;230.93;4.04;883;3;937.00;28
1937;3;22824567;1937;277;2823;2846;7.43;0.45;231.07;4.04;886;3;938.00;23
1939;3;22824581;1939;280;2825;2846;7.50;0.46;231.30;4.04;886;3;939.00;21
1942;3;22824595;1942;280;2827;2846;7.53;0.46;231.22;4.04;885;3;940.00;19
1943;3;22824607;1943;284;2829;2846;7.59;0.46;231.38;4.04;886;3;941.00;17
1945;3;22824622;1945;276;2831;2846;7.62;0.47;231.48;4.04;886;3;942.00;15
1950;3;22824636;1950;279;2833;2846;7.65;0.47;231.64;4.04;883;3;943.00;13
1953;3;22824650;1953;275;2835;2847;7.69;0.47;231.63;4.05;882;3;944.00;12
1955;3;22824663;1955;275;2838;2849;7.65;0.47;231.76;4.05;883;3;945.00;11
1960;3;22824676;1960;274;2840;2849;7.59;0.46;232.03;4.05;880;3;946.00;9
1963;3;22824690;1963;274;2845;2853;7.59;0.46;232.02;4.05;882;3;947.00;8
1965;3;22824703;1965;279;2845;2853;7.54;0.46;232.16;4.05;880;3;948.00;8
1970;3;22824715;1970;280;2845;2853;7.54;0.46;232.22;4.05;875;3;949.00;8
1973;3;22824728;1973;280;2845;2853;7.54;0.46;232.42;4.05;872;3;950.00;8
1974;3;22824739;1974;282;2850;2859;7.61;0.46;232.42;4.05;876;3;951.00;9
1980;3;22824752;1980;278;2850;2859;7.62;0.46;232.65;4.05;870;3;952.00;9
1983;3;22824765;1983;270;2850;2859;7.64;0.46;232.75;4.05;867;3;953.00;9
1986;3;22824779;1986;272;2852;2862;7.68;0.47;232.94;4.04;866;3;954.00;10
1988;3;22824791;1988;262;2853;2862;7.75;0.47;233.06;4.04;865;3;955.00;9
1989;3;22824804;1989;261;2853;2862;7.77;0.47;233.12;4.04;864;3;956.00;9
1992;3;22824817;1992;258;2853;2863;7.76;0.47;233.29;4.04;861;3;957.00;10
1993;3;22824828;1993;259;2855;2864;7.77;0.47;233.31;4.05;862;3;958.00;9
1996;3;22824841;1996;263;2855;2864;7.78;0.47;233.35;4.05;859;3;959.00;9
1997;3;22824857;1997;274;2876;2890;7.80;0.48;233.43;4.03;879;3;960.00;14
1999;3;22824871;1999;276;2876;2890;7.84;0.48;233.68;4.03;877;3;961.00;14
2000;3;22824884;2000;274;2879;2890;7.90;0.48;233.68;4.04;879;3;962.00;11
2002;3;22824897;2002;277;2882;2891;7.97;0.48;233.58;4.05;880;3;963.00;9
2003;3;22824908;2003;281;2882;2891;7.94;0.48;233.58;4.05;879;3;964.00;9
2004;3;22824921;2004;272;2888;2895;7.94;0.48;233.59;4.05;884;3;965.00;7
2006;3;22824936;2006;278;2889;2895;7.89;0.48;233.71;4.05;883;3;966.00;6
2008;3;22824948;2008;275;2891;2899;7.81;0.47;233.69;4.05;883;3;967.00;8
2009;3;22824961;2009;276;2892;2899;7.77;0.47;233.80;4.05;883;3;968.00;7
2012;3;22824974;2012;271;2892;2899;7.77;0.47;233.73;4.05;880;3;969.00;7
2015;3;22824988;2015;267;2892;2899;7.71;0.47;233.85;4.05;877;3;970.00;7
2015;3;22825003;2015;264;2892;2899;7.69;0.47;233.85;4.05;877;3;971.00;7
2015;3;22825019;2015;274;2902;2911;7.75;0.47;233.85;4.03;887;3;972.00;9
2017;3;22825033;2017;274;2902;2911;7.76;0.47;233.76;4.03;885;3;973.00;9
2018;3;22825046;2018;273;2903;2911;7.76;0.47;233.84;4.03;885;3;974.00;8
2019;3;22825059;2019;270;2903;2911;7.76;0.47;233.85;4.03;884;3;975.00;8
2022;3;22825073;2022;274;2903;2911;7.74;0.47;233.88;4.03;881;3;976.00;8
2023;3;22825085;2023;271;2903;2911;7.71;0.47;233.89;4.03;880;3;977.00;8
2025;3;22825099;2025;275;2903;2912;7.61;0.46;233.94;4.03;878;3;978.00;9
2026;3;22825113;2026;275;2903;2912;7.58;0.46;234.03;4.03;877;3;979.00;9
2027;3;22825124;2027;271;2910;2918;7.47;0.46;234.03;4.05;883;3;980.00;8
2030;3;22825137;2030;275;2911;2919;7.39;0.45;234.08;4.05;881;3;981.00;8
2031;3;22825148;2031;264;2911;2919;7.36;0.45;234.02;4.05;880;3;982.00;8
2034;3;22825160;2034;266;2911;2919;7.34;0.45;234.18;4.05;877;3;983.00;8
2036;3;22825171;2036;266;2913;2923;7.34;0.45;234.33;4.05;877;3;984.00;10
2037;3;22825183;2037;265;2913;2923;7.32;0.45;234.30;4.05;876;3;985.00;10
2038;3;22825194;2038;271;2913;2923;7.36;0.45;234.29;4.05;875;3;986.00;10
2042;3;22825206;2042;269;2914;2924;7.37;0.45;234.33;4.05;872;3;987.00;10
2045;3;22825217;2045;272;2917;2928;7.39;0.45;234.32;4.04;872;3;988.00;11
2049;3;22825229;2049;267;2917;2928;7.47;0.45;234.25;4.04;868;3;989.00;11
2050;3;22825241;2050;271;2921;2934;7.58;0.46;234.17;4.04;871;3;990.00;13
2056;3;22825254;2056;271;2922;2934;7.55;0.46;234.21;4.04;866;3;991.00;12
2059;3;22825266;2059;270;2923;2934;7.57;0.46;234.07;4.04;864;3;992.00;11
2060;3;22825279;2060;274;2924;2934;7.58;0.46;233.99;4.04;864;3;993.00;10
2063;3;22825290;2063;271;2928;2938;7.57;0.46;233.96;4.03;865;3;994.00;10
2066;3;22825301;2066;281;2928;2938;7.44;0.45;233.78;4.03;862;3;995.00;10
2066;3;22825313;2066;284;2928;2938;7.35;0.45;233.78;4.03;862;3;996.00;10
2068;3;22825330;2068;284;2928;2938;7.21;0.44;233.66;4.03;860;3;997.00;10
2070;3;22825340;2070;279;2928;2939;7.06;0.43;233.46;4.03;858;3;998.00;11
2072;3;22825350;2072;280;2929;2940;6.99;0.43;233.46;4.03;857;3;999.00;11
2074;3;22825361;2074;280;2929;2940;6.93;0.42;233.37;4.03;855;3;1000.00;11
2076;3;22825374;2076;284;2930;2941;6.89;0.42;233.33;4.03;854;3;1001.00;11
2076;3;22825385;2076;289;2930;2941;6.85;0.42;233.33;4.03;854;3;1002.00;11
2078;3;22825394;2078;294;2930;2941;6.85;0.42;233.40;4.03;852;3;1003.00;11
2078;3;22825405;2078;292;2930;2941;6.91;0.42;233.40;4.03;852;3;1004.00;11
2079;3;22825417;2079;297;2932;2941;6.86;0.42;233.39;4.06;853;3;1005.00;9
2081;3;22825427;2081;306;2932;2941;6.84;0.42;233.37;4.06;851;3;1006.00;9
2081;3;22825437;2081;311;2933;2941;6.85;0.42;233.37;4.08;852;3;1007.00;8
2082;3;22825447;2082;333;3002;3068;7.01;0.44;233.32;4.00;920;3;1008.00;66
2083;3;22825468;2083;319;3005;3069;7.00;0.44;233.23;4.00;922;3;1009.00;64
2084;3;22825480;2084;310;3016;3069;7.08;0.44;233.22;4.02;932;3;1010.00;53
2085;3;22825490;2085;303;3019;3069;7.10;0.44;233.23;4.03;934;3;1011.00;50
2087;3;22825501;2087;299;3026;3069;7.15;0.44;233.11;4.03;939;3;1012.00;43
2088;3;22825512;2088;297;3027;3069;7.19;0.45;233.10;4.03;939;3;1013.00;42
2089;3;22825522;2089;288;3031;3069;7.21;0.45;233.12;4.05;942;3;1014.00;38
2090;3;22825533;2090;290;3034;3069;7.26;0.45;233.22;4.06;944;3;1015.00;35
2091;3;22825551;2091;289;3040;3070;7.32;0.45;233.24;4.07;949;3;1016.00;30
2092;3;22825562;2092;286;3045;3071;7.35;0.46;233.27;4.08;953;3;1017.00;26
2093;3;22825573;2093;288;3049;3071;7.41;0.46;233.40;4.08;956;3;1018.00;22
2095;3;22825584;2095;289;3052;3072;7.36;0.46;233.39;4.09;957;3;1019.00;20
2097;3;22825597;2097;293;3054;3072;7.31;0.45;233.32;4.10;957;3;1020.00;18
2098;3;22825609;2098;293;3059;3072;7.27;0.45;233.30;4.11;961;3;1021.00;13
2101;3;22825621;2101;297;3064;3072;7.23;0.45;233.36;4.13;963;3;1022.00;8
2103;3;22825639;2103;303;3069;3076;7.15;0.44;233.25;4.13;966;3;1023.00;7
2106;3;22825652;2106;296;3069;3076;7.11;0.44;233.30;4.13;963;3;1024.00;7
2109;3;22825670;2109;290;3072;3076;7.10;0.44;233.24;4.14;963;3;1025.00;4
2112;3;22825682;2112;293;3073;3079;7.02;0.43;233.19;4.14;961;3;1026.00;6
2114;3;22825695;2114;286;3075;3079;7.01;0.43;233.17;4.14;961;3;1027.00;4
2117;3;22825707;2117;285;3075;3079;6.92;0.42;233.08;4.14;958;3;1028.00;4
2118;3;22825719;2118;288;3080;3083;6.80;0.42;233.06;4.14;962;3;1029.00;3
2122;3;22825731;2122;284;3082;3084;6.73;0.41;232.94;4.14;960;3;1030.00;2
2124;3;22825747;2124;281;3082;3084;6.72;0.41;232.88;4.14;958;3;1031.00;2
2126;3;22825762;2126;286;3087;3088;6.70;0.41;232.90;4.14;961;3;1032.00;1
2131;3;22825778;2131;290;3087;3088;6.68;0.41;233.14;4.14;956;3;1033.00;1
2132;3;22825792;2132;290;3088;3088;6.71;0.41;233.13;4.14;956;3;1034.00;0
2134;3;22825813;2134;292;3090;3090;6.70;0.41;233.11;4.14;956;3;1035.00;0
2134;3;22825835;2134;298;3090;3090;6.74;0.41;233.11;4.14;956;3;1036.00;0
2140;3;22825849;2140;294;3096;3096;6.79;0.41;233.36;4.13;956;3;1037.00;0
2141;3;22825865;2141;287;3096;3096;6.79;0.41;233.43;4.13;955;3;1038.00;0
2144;3;22825878;2144;290;3097;3097;6.75;0.41;233.57;4.13;953;3;1039.00;0
2147;3;22825892;2147;290;3097;3097;6.77;0.41;233.63;4.13;950;3;1040.00;0
2151;3;22825904;2151;298;3097;3097;6.72;0.41;233.77;4.13;946;3;1041.00;0
2155;3;22825916;2155;302;3097;3097;6.62;0.40;234.09;4.13;942;3;1042.00;0
2158;3;22825926;2158;301;3097;3097;6.58;0.40;234.39;4.13;939;3;1043.00;0
2163;3;22825937;2163;308;3109;3109;6.48;0.40;234.65;4.11;946;3;1044.00;0
2165;3;22825948;2165;308;3109;3109;6.41;0.39;234.70;4.11;944;3;1045.00;0
2167;3;22825958;2167;315;3109;3109;6.35;0.39;234.72;4.11;942;3;1046.00;0
2169;3;22825968;2169;322;3109;3109;6.31;0.39;234.91;4.11;940;3;1047.00;0
2172;3;22825978;2172;321;3109;3109;6.22;0.38;235.29;4.11;937;3;1048.00;0
2175;3;22825988;2175;324;3109;3109;6.17;0.38;235.32;4.11;934;3;1049.00;0
2179;3;22826000;2179;314;3114;3115;6.10;0.37;235.60;4.11;935;3;1050.00;1
2182;3;22826015;2182;305;3114;3115;6.11;0.37;235.88;4.11;932;3;1051.00;1
2189;3;22826027;2189;300;3119;3119;6.13;0.37;235.87;4.10;930;3;1052.00;0
2194;3;22826037;2194;295;3120;3120;6.15;0.38;236.15;4.10;926;3;1053.00;0
2194;3;22826048;2194;290;3120;3120;6.27;0.38;236.15;4.10;926;3;1054.00;0
2198;3;22826057;2198;289;3120;3120;6.39;0.39;236.51;4.10;922;3;1055.00;0
2201;3;22826070;2201;288;3133;3133;6.49;0.40;236.71;4.09;932;3;1056.00;0
2204;3;22826086;2204;272;3133;3133;6.66;0.41;236.71;4.09;929;3;1057.00;0
2208;3;22826101;2208;264;3133;3133;6.75;0.41;236.99;4.09;925;3;1058.00;0
2209;3;22826115;2209;252;3134;3134;6.85;0.42;237.10;4.09;925;3;1059.00;0
2213;3;22826128;2213;250;3135;3135;6.91;0.42;237.45;4.08;922;3;1060.00;0
2220;3;22826142;2220;243;3135;3135;6.94;0.42;237.72;4.08;915;3;1061.00;0
2222;3;22826155;2222;239;3137;3138;6.98;0.43;237.84;4.08;915;3;1062.00;1
2227;3;22826167;2227;238;3138;3138;7.05;0.43;237.80;4.08;911;3;1063.00;0
2232;3;22826180;2232;245;3138;3138;7.12;0.43;237.96;4.08;906;3;1064.00;0
2236;3;22826191;2236;247;3138;3138;7.16;0.44;237.99;4.08;902;3;1065.00;0
2240;3;22826204;2240;251;3144;3144;7.29;0.44;238.11;4.08;904;3;1066.00;0
2244;3;22826217;2244;251;3144;3144;7.32;0.45;238.22;4.08;900;3;1067.00;0
2247;3;22826228;2247;249;3144;3144;7.40;0.45;238.49;4.08;897;3;1068.00;0
2250;3;22826240;2250;253;3144;3144;7.45;0.45;238.57;4.08;894;3;1069.00;0
2254;3;22826259;2254;259;3148;3148;7.54;0.46;238.62;4.07;894;3;1070.00;0
2262;3;22826272;2262;261;3149;3149;7.55;0.46;239.18;4.07;887;3;1071.00;0
2265;3;22826284;2265;266;3149;3149;7.58;0.46;239.39;4.07;884;3;1072.00;0
2269;3;22826296;2269;262;3150;3150;7.65;0.47;239.75;4.07;881;3;1073.00;0
2275;3;22826307;2275;260;3150;3150;7.67;0.47;240.17;4.07;875;3;1074.00;0
2280;3;22826319;2280;255;3150;3150;7.69;0.47;240.31;4.07;870;3;1075.00;0
2283;3;22826330;2283;255;3150;3150;7.72;0.47;240.49;4.07;867;3;1076.00;0
2287;3;22826340;2287;257;3150;3150;7.75;0.47;240.90;4.07;863;3;1077.00;0
2293;3;22826352;2293;257;3150;3150;7.79;0.48;241.19;4.07;857;3;1078.00;0
2297;4;22826364;2297;260;3150;3150;7.77;0.48;241.38;4.07;853;4;1079.00;0
2300;4;22826388;2300;288;3231;3275;7.80;0.48;241.56;3.97;931;4;1080.00;44
2306;4;22826413;2306;279;3236;3276;7.76;0.48;241.70;3.96;930;4;1081.00;40
2312;4;22826426;2312;268;3243;3276;7.78;0.48;241.68;3.96;931;4;1082.00;33
2316;4;22826439;2316;265;3245;3276;7.76;0.48;241.75;3.96;929;4;1083.00;31
2323;4;22826453;2323;264;3249;3276;7.73;0.48;242.25;3.96;926;4;1084.00;27
2328;4;22826465;2328;261;3251;3276;7.74;0.48;242.59;3.96;923;4;1085.00;25
2331;4;22826478;2331;257;3256;3276;7.77;0.48;242.71;3.96;925;4;1086.00;20
2336;5;22826489;2336;252;3260;3276;7.71;0.47;243.00;3.97;924;5;1087.00;16
2338;5;22826508;2338;254;3264;3277;7.70;0.47;243.21;3.97;926;5;1088.00;13
2345;5;22826520;2345;263;3267;3278;7.58;0.46;243.36;3.97;922;5;1089.00;11
2348;5;22826533;2348;259;3270;3278;7.47;0.46;243.37;3.98;922;5;1090.00;8
2349;5;22826544;2349;262;3274;3282;7.36;0.45;243.43;3.98;925;5;1091.00;8
2352;5;22826559;2352;269;3275;3282;7.22;0.44;243.53;3.98;923;5;1092.00;7
2355;5;22826573;2355;278;3276;3282;7.11;0.43;243.59;3.98;921;5;1093.00;6
2357;5;22826588;2357;286;3276;3282;7.03;0.43;243.70;3.98;919;5;1094.00;6
2360;5;22826607;2360;296;3282;3288;6.92;0.42;243.89;3.97;922;5;1095.00;6
2363;5;22826627;2363;307;3282;3288;6.90;0.42;244.14;3.97;919;5;1096.00;6
2369;5;22826650;2369;305;3282;3288;6.96;0.43;244.56;3.97;913;5;1097.00;6
2369;5;22826665;2369;303;3284;3291;7.03;0.43;244.56;3.97;915;5;1098.00;7
2372;5;22826678;2372;300;3284;3291;7.04;0.43;244.69;3.97;912;5;1099.00;7
2375;5;22826691;2375;297;3285;3291;7.08;0.44;244.83;3.97;910;5;1100.00;6
2381;5;22826707;2381;294;3286;3292;7.05;0.43;245.14;3.97;905;5;1101.00;6
2386;5;22826720;2386;292;3287;3293;7.08;0.44;245.57;3.97;901;5;1102.00;6
2390;5;22826731;2390;296;3287;3293;7.12;0.44;245.71;3.97;897;5;1103.00;6
2397;5;22826743;2397;299;3298;3306;7.14;0.44;245.96;3.96;901;5;1104.00;8
2399;5;22826756;2399;303;3298;3306;7.14;0.44;246.07;3.96;899;5;1105.00;8
2402;5;22826768;2402;296;3299;3306;7.19;0.44;246.24;3.96;897;5;1106.00;7
2406;5;22826780;2406;293;3300;3307;7.20;0.44;246.57;3.96;894;5;1107.00;7
2413;5;22826792;2413;281;3301;3307;7.21;0.44;246.80;3.96;888;5;1108.00;6
2415;5;22826803;2415;282;3304;3311;7.25;0.44;246.89;3.96;889;5;1109.00;7
2420;5;22826819;2420;271;3305;3311;7.28;0.45;247.07;3.96;885;5;1110.00;6
2423;5;22826832;2423;274;3307;3315;7.33;0.45;247.10;3.96;884;5;1111.00;8
2425;5;22826846;2425;273;3307;3315;7.34;0.45;247.14;3.96;882;5;1112.00;8
2429;5;22826857;2429;275;3307;3315;7.37;0.45;247.17;3.96;878;5;1113.00;8
2432;5;22826870;2432;275;3307;3315;7.36;0.45;247.27;3.96;875;5;1114.00;8
2434;5;22826881;2434;279;3309;3315;7.40;0.45;247.45;3.98;875;5;1115.00;6
2436;5;22826893;2436;282;3320;3327;7.49;0.46;247.52;3.96;884;5;1116.00;7
2437;5;22826905;2437;283;3320;3327;7.55;0.46;247.46;3.96;883;5;1117.00;7
2439;5;22826917;2439;271;3320;3327;7.56;0.46;247.62;3.96;881;5;1118.00;7
2441;5;22826935;2441;270;3320;3327;7.63;0.46;247.71;3.96;879;5;1119.00;7
2443;5;22826953;2443;265;3321;3327;7.68;0.47;247.77;3.97;878;5;1120.00;6
2447;5;22826965;2447;260;3321;3327;7.68;0.47;248.01;3.97;874;5;1121.00;6
2451;5;22826978;2451;257;3322;3328;7.75;0.47;248.03;3.98;871;5;1122.00;6
2453;5;22826989;2453;260;3323;3328;7.78;0.47;248.04;3.99;870;5;1123.00;5
2454;5;22827001;2454;263;3329;3334;7.82;0.47;248.04;3.99;875;5;1124.00;5
2456;5;22827015;2456;258;3331;3336;7.82;0.47;247.97;3.99;875;5;1125.00;5
2456;5;22827026;2456;265;3331;3336;7.81;0.47;247.97;3.99;875;5;1126.00;5
2457;5;22827038;2457;261;3331;3336;7.80;0.47;247.93;3.99;874;5;1127.00;5
2460;5;22827049;2460;264;3334;3340;7.78;0.47;247.92;3.99;874;5;1128.00;6
2461;5;22827062;2461;263;3334;3340;7.73;0.47;247.98;3.99;873;5;1129.00;6
2463;5;22827075;2463;264;3334;3340;7.69;0.47;247.97;3.99;871;5;1130.00;6
2465;5;22827087;2465;265;3335;3341;7.63;0.46;247.89;3.99;870;5;1131.00;6
2467;5;22827099;2467;277;3338;3345;7.57;0.46;247.96;3.98;871;5;1132.00;7
2467;5;22827119;2467;278;3338;3345;7.53;0.46;247.96;3.98;871;5;1133.00;7
2468;5;22827130;2468;279;3340;3348;7.52;0.46;247.88;3.98;872;5;1134.00;8
2468;5;22827140;2468;285;3340;3348;7.50;0.46;247.88;3.98;872;5;1135.00;8
2468;5;22827150;2468;287;3341;3348;7.52;0.46;247.88;3.98;873;5;1136.00;7
2468;5;22827161;2468;286;3341;3348;7.50;0.46;247.88;3.98;873;5;1137.00;7
2470;5;22827171;2470;284;3345;3352;7.48;0.46;247.84;3.98;875;5;1138.00;7
2473;5;22827182;2473;285;3345;3352;7.41;0.45;247.76;3.98;872;5;1139.00;7
2475;5;22827194;2475;283;3345;3352;7.44;0.46;247.74;3.98;870;5;1140.00;7
2477;5;22827206;2477;285;3345;3352;7.47;0.46;247.63;3.98;868;5;1141.00;7
2478;5;22827219;2478;275;3345;3353;7.45;0.46;247.63;3.98;867;5;1142.00;8
2482;5;22827233;2482;271;3346;3354;7.46;0.46;247.51;3.97;864;5;1143.00;8
2485;5;22827247;2485;267;3346;3354;7.47;0.46;247.51;3.97;861;5;1144.00;8
2489;5;22827263;2489;267;3347;3355;7.50;0.46;247.47;3.97;858;5;1145.00;8
2490;5;22827274;2490;265;3347;3355;7.51;0.46;247.51;3.97;857;5;1146.00;8
2495;5;22827285;2495;268;3347;3355;7.50;0.46;247.31;3.97;852;5;1147.00;8
2500;5;22827295;2500;267;3347;3355;7.39;0.45;247.38;3.97;847;5;1148.00;8
2501;5;22827306;2501;263;3347;3355;7.43;0.45;247.49;3.97;846;5;1149.00;8
2505;5;22827317;2505;259;3347;3355;7.41;0.45;247.55;3.97;842;5;1150.00;8
2507;5;22827331;2507;259;3347;3355;7.43;0.45;247.44;3.97;840;5;1151.00;8
2510;5;22827346;2510;283;3414;3482;7.46;0.46;247.21;3.90;904;5;1152.00;68
2510;5;22827367;2510;275;3414;3483;7.43;0.46;247.21;3.90;904;5;1153.00;69
2513;5;22827377;2513;264;3421;3483;7.52;0.47;247.23;3.89;908;5;1154.00;62
2515;5;22827388;2515;263;3425;3483;7.52;0.47;247.05;3.92;910;5;1155.00;58
2518;5;22827399;2518;262;3431;3483;7.55;0.47;247.05;3.92;913;5;1156.00;52
2520;5;22827413;2520;254;3434;3483;7.54;0.47;247.16;3.92;914;5;1157.00;49
2523;5;22827425;2523;257;3440;3483;7.51;0.46;247.23;3.92;917;5;1158.00;43
2526;5;22827436;2526;257;3444;3483;7.48;0.46;247.06;3.93;918;5;1159.00;39
2528;5;22827447;2528;260;3446;3484;7.47;0.46;247.08;3.93;918;5;1160.00;38
2529;5;22827457;2529;259;3450;3485;7.49;0.46;247.05;3.93;921;5;1161.00;35
2532;5;22827468;2532;255;3453;3485;7.48;0.46;247.08;3.94;921;5;1162.00;32
2534;5;22827479;2534;262;3454;3486;7.51;0.46;247.17;3.94;920;5;1163.00;32
2535;5;22827491;2535;257;3455;3486;7.48;0.46;247.12;3.94;920;5;1164.00;31
2535;5;22827508;2535;256;3459;3486;7.45;0.46;247.12;3.95;924;5;1165.00;27
2536;5;22827519;2536;242;3459;3486;7.45;0.46;247.14;3.95;923;5;1166.00;27
2538;5;22827530;2538;232;3463;3490;7.43;0.46;247.10;3.95;925;5;1167.00;27
2542;5;22827541;2542;225;3464;3490;7.42;0.45;247.04;3.96;922;5;1168.00;26
2545;5;22827558;2545;222;3464;3490;7.43;0.45;247.02;3.96;919;5;1169.00;26
2547;5;22827572;2547;225;3468;3496;7.50;0.46;246.99;3.95;921;5;1170.00;28
2548;5;22827597;2548;222;3468;3496;7.63;0.47;246.91;3.95;920;5;1171.00;28
2548;5;22827613;2548;219;3470;3496;7.72;0.47;246.91;3.96;922;5;1172.00;26
2550;5;22827631;2550;223;3475;3500;7.83;0.48;246.98;3.96;925;5;1173.00;25
2551;5;22827653;2551;226;3477;3501;7.89;0.48;247.06;3.97;926;5;1174.00;24
2554;5;22827674;2554;223;3478;3501;7.87;0.48;246.90;3.97;924;5;1175.00;23
2555;5;22827687;2555;218;3482;3505;7.89;0.48;246.84;3.98;927;5;1176.00;23
2557;5;22827706;2557;221;3483;3505;7.88;0.48;246.85;3.99;926;5;1177.00;22
2559;5;22827718;2559;225;3485;3505;7.90;0.48;246.71;3.99;926;5;1178.00;20
2562;5;22827729;2562;220;3488;3506;7.87;0.48;246.52;4.00;926;6;1179.00;18
2565;5;22827750;2565;219;3489;3506;7.83;0.48;246.67;4.02;924;6;1180.00;17
2568;5;22827762;2568;220;3494;3512;7.90;0.48;246.45;4.03;926;6;1181.00;18
2571;5;22827774;2571;221;3494;3512;7.87;0.48;246.27;4.03;923;6;1182.00;18
2572;5;22827786;2572;217;3497;3513;7.89;0.48;246.29;4.05;925;6;1183.00;16
2573;5;22827799;2573;231;3498;3513;7.87;0.48;246.30;4.06;925;6;1184.00;15
2575;5;22827812;2575;226;3499;3513;7.84;0.48;246.28;4.07;924;6;1185.00;14
2576;5;22827826;2576;236;3500;3513;7.84;0.48;246.39;4.09;924;6;1186.00;13
2577;5;22827842;2577;239;3501;3513;7.82;0.48;246.36;4.09;924;6;1187.00;12
2580;5;22827858;2580;244;3512;3525;7.83;0.48;246.36;4.09;932;6;1188.00;13
2582;5;22827880;2582;243;3513;3525;7.80;0.48;246.34;4.10;931;6;1189.00;12
2584;5;22827892;2584;246;3515;3525;7.78;0.47;246.22;4.11;931;6;1190.00;10
2586;5;22827905;2586;249;3515;3525;7.74;0.47;246.39;4.11;929;6;1191.00;10
2591;5;22827916;2591;250;3516;3525;7.67;0.47;246.29;4.12;925;6;1192.00;9
2593;5;22827927;2593;257;3516;3525;7.68;0.47;246.36;4.12;923;6;1193.00;9
2595;5;22827938;2595;263;3519;3529;7.60;0.46;246.51;4.11;924;6;1194.00;10
2598;5;22827950;2598;258;3520;3529;7.50;0.46;246.47;4.12;922;6;1195.00;9
2600;5;22827961;2600;262;3524;3533;7.54;0.46;246.54;4.12;924;6;1196.00;9
2603;5;22827971;2603;261;3525;3534;7.52;0.46;246.59;4.12;922;6;1197.00;9
2605;5;22827982;2605;264;3528;3534;7.45;0.45;246.54;4.15;923;6;1198.00;6
2607;5;22827994;2607;262;3528;3534;7.41;0.45;246.51;4.15;921;6;1199.00;6
2610;5;22828012;2610;272;3551;3575;7.39;0.45;246.62;4.13;941;6;1200.00;24
2611;5;22828038;2611;262;3553;3575;7.37;0.45;246.65;4.14;942;6;1201.00;22
2614;5;22828052;2614;265;3558;3575;7.36;0.45;246.66;4.15;944;6;1202.00;17
2617;5;22828064;2617;261;3560;3576;7.35;0.45;246.91;4.15;943;6;1203.00;16
2620;5;22828082;2620;260;3563;3577;7.35;0.45;246.90;4.16;943;6;1204.00;14
2621;5;22828099;2621;266;3564;3577;7.34;0.45;246.95;4.16;943;6;1205.00;13
2626;5;22828113;2626;267;3569;3580;7.27;0.44;246.89;4.16;943;6;1206.00;11
2626;5;22828134;2626;270;3569;3580;7.30;0.45;246.89;4.16;943;6;1207.00;11
2629;5;22828149;2629;267;3570;3580;7.29;0.45;247.03;4.16;941;6;1208.00;10
2630;5;22828162;2630;273;3574;3580;7.31;0.45;247.07;4.16;944;6;1209.00;6
2631;5;22828177;2631;265;3579;3586;7.37;0.45;247.22;4.16;948;6;1210.00;7
2632;5;22828189;2632;261;3580;3586;7.44;0.46;247.26;4.16;948;6;1211.00;6
2635;5;22828203;2635;260;3580;3586;7.43;0.45;247.23;4.16;945;6;1212.00;6
2637;5;22828217;2637;264;3581;3586;7.41;0.45;247.20;4.16;944;6;1213.00;5
2641;5;22828230;2641;265;3585;3590;7.45;0.46;247.35;4.16;944;6;1214.00;5
2643;5;22828248;2643;261;3588;3592;7.53;0.46;247.32;4.16;945;6;1215.00;4
2647;5;22828261;2647;267;3588;3592;7.52;0.46;247.17;4.16;941;6;1216.00;4
2652;5;22828274;2652;264;3590;3593;7.49;0.46;247.19;4.16;938;6;1217.00;3
2656;5;22828289;2656;271;3590;3593;7.40;0.45;247.49;4.16;934;6;1218.00;3
2659;5;22828303;2659;270;3590;3593;7.33;0.45;247.60;4.16;931;6;1219.00;3
2663;5;22828316;2663;275;3590;3593;7.19;0.44;247.71;4.16;927;6;1220.00;3
2665;5;22828330;2665;279;3590;3593;7.12;0.44;247.69;4.16;925;6;1221.00;3
2669;6;22828341;2669;280;3591;3593;6.97;0.43;248.02;4.16;922;7;1222.00;2
2674;6;22828364;2674;283;3591;3593;6.85;0.42;248.03;4.16;917;7;1223.00;2
2677;6;22828378;2677;304;3630;3663;6.90;0.42;247.98;4.12;953;7;1224.00;33
2679;6;22828397;2679;288;3631;3664;6.86;0.42;248.11;4.12;952;7;1225.00;33
2683;6;22828412;2683;274;3638;3664;6.89;0.42;248.37;4.11;955;7;1226.00;26
2690;6;22828426;2690;266;3640;3664;6.86;0.42;248.87;4.11;950;7;1227.00;24
2693;6;22828442;2693;266;3647;3666;6.88;0.42;249.12;4.12;954;7;1228.00;19
2697;6;22828455;2697;260;3650;3666;6.87;0.42;249.47;4.12;953;7;1229.00;16
2702;6;22828469;2702;252;3652;3666;6.80;0.42;249.47;4.12;950;7;1230.00;14
2703;6;22828481;2703;259;3654;3666;6.78;0.41;249.46;4.12;951;7;1231.00;12
2707;6;22828495;2707;254;3655;3667;6.74;0.41;249.93;4.12;948;7;1232.00;12
2710;6;22828509;2710;257;3657;3668;6.79;0.42;250.06;4.13;947;7;1233.00;11
2712;6;22828524;2712;256;3662;3668;6.81;0.42;250.21;4.14;950;7;1234.00;6
2716;6;22828536;2716;260;3668;3672;6.74;0.41;250.59;4.14;952;7;1235.00;4
2720;6;22828550;2720;255;3671;3672;6.72;0.41;250.79;4.14;951;7;1236.00;1
2722;6;22828561;2722;264;3671;3672;6.69;0.41;251.00;4.14;949;7;1237.00;1
2726;6;22828572;2726;259;3671;3672;6.61;0.40;251.21;4.14;945;7;1238.00;1
2729;6;22828585;2729;264;3678;3678;6.62;0.40;251.34;4.14;949;7;1239.00;0
2733;6;22828601;2733;271;3678;3678;6.58;0.40;251.42;4.14;945;7;1240.00;0
2737;6;22828616;2737;267;3678;3678;6.49;0.40;251.44;4.14;941;7;1241.00;0
2742;6;22828640;2742;270;3680;3681;6.51;0.40;251.71;4.14;938;7;1242.00;1
2747;6;22828652;2747;267;3680;3681;6.50;0.40;251.82;4.14;933;7;1243.00;1
2749;6;22828665;2749;265;3681;3681;6.52;0.40;251.84;4.14;932;7;1244.00;0
2755;6;22828677;2755;273;3682;3682;6.52;0.40;252.18;4.14;927;7;1245.00;0
2758;6;22828691;2758;265;3683;3683;6.53;0.40;252.29;4.13;925;7;1246.00;0
2764;6;22828706;2764;269;3683;3683;6.53;0.40;252.60;4.13;919;7;1247.00;0
2766;6;22828720;2766;270;3696;3696;6.64;0.41;252.75;4.12;930;7;1248.00;0
2768;6;22828733;2768;275;3696;3696;6.71;0.41;252.76;4.12;928;7;1249.00;0
2774;6;22828744;2774;283;3696;3696;6.73;0.41;252.91;4.12;922;7;1250.00;0
2777;6;22828755;2777;284;3697;3697;6.86;0.42;253.10;4.12;920;7;1251.00;0
2782;6;22828769;2782;291;3697;3697;6.89;0.42;253.04;4.12;915;7;1252.00;0
2785;6;22828785;2785;291;3701;3701;6.98;0.43;253.01;4.12;916;7;1253.00;0
2789;6;22828799;2789;293;3701;3701;6.98;0.43;253.09;4.12;912;7;1254.00;0
2793;6;22828815;2793;294;3705;3705;7.00;0.43;253.16;4.11;912;7;1255.00;0
2795;6;22828826;2795;296;3705;3705;6.96;0.42;253.30;4.11;910;7;1256.00;0
2800;6;22828838;2800;299;3705;3705;6.92;0.42;253.59;4.11;905;7;1257.00;0
2805;6;22828850;2805;300;3705;3705;6.90;0.42;253.46;4.11;900;7;1258.00;0
2809;6;22828866;2809;300;3705;3705;6.91;0.42;253.69;4.11;896;7;1259.00;0
2813;6;22828881;2813;304;3735;3739;7.00;0.43;253.61;4.08;922;7;1260.00;4
2816;6;22828900;2816;297;3735;3739;6.93;0.42;253.56;4.08;919;7;1261.00;4
2819;6;22828912;2819;302;3738;3739;6.92;0.42;253.71;4.08;919;7;1262.00;1
2821;6;22828923;2821;307;3738;3739;6.86;0.42;253.73;4.08;917;7;1263.00;1
2823;6;22828934;2823;311;3739;3739;6.83;0.42;253.88;4.08;916;7;1264.00;0
2825;6;22828945;2825;312;3739;3739;6.74;0.41;254.02;4.08;914;7;1265.00;0
2827;6;22828956;2827;316;3739;3740;6.64;0.41;253.96;4.08;912;7;1266.00;1
2830;6;22828967;2830;326;3739;3740;6.54;0.40;254.08;4.08;909;7;1267.00;1
2833;6;22828979;2833;327;3744;3746;6.41;0.39;254.30;4.07;911;7;1268.00;2
2836;6;22828992;2836;337;3745;3747;6.31;0.39;254.32;4.07;909;7;1269.00;2
2840;6;22829006;2840;344;3745;3747;6.24;0.38;254.43;4.07;905;7;1270.00;2
2840;6;22829022;2840;353;3745;3747;6.22;0.38;254.43;4.07;905;7;1271.00;2
2845;6;22829037;2845;343;3748;3751;6.24;0.38;254.54;4.07;903;7;1272.00;3
2846;6;22829055;2846;343;3748;3751;6.34;0.39;254.58;4.07;902;7;1273.00;3
2848;6;22829070;2848;343;3748;3751;6.45;0.39;254.68;4.07;900;7;1274.00;3
2852;6;22829085;2852;332;3749;3752;6.50;0.40;254.62;4.07;897;7;1275.00;3
2854;6;22829099;2854;331;3752;3756;6.60;0.40;254.66;4.07;898;7;1276.00;4
2858;6;22829113;2858;333;3752;3756;6.64;0.40;254.68;4.07;894;7;1277.00;4
2859;6;22829126;2859;334;3754;3759;6.67;0.41;254.86;4.06;895;7;1278.00;5
2862;6;22829146;2862;333;3754;3759;6.62;0.40;254.86;4.06;892;7;1279.00;5
2862;6;22829158;2862;333;3755;3759;6.64;0.40;254.86;4.06;893;7;1280.00;4
2864;6;22829177;2864;328;3755;3759;6.63;0.40;254.92;4.06;891;7;1281.00;4
2868;6;22829190;2868;319;3759;3763;6.73;0.41;255.18;4.06;891;7;1282.00;4
2870;6;22829203;2870;313;3759;3763;6.78;0.41;255.26;4.06;889;7;1283.00;4
2872;6;22829215;2872;309;3759;3763;6.83;0.42;255.35;4.06;887;7;1284.00;4
2875;6;22829230;2875;304;3759;3763;6.94;0.42;255.55;4.06;884;7;1285.00;4
2877;6;22829242;2877;296;3759;3764;6.97;0.42;255.60;4.06;882;7;1286.00;5
2877;6;22829256;2877;296;3760;3765;7.02;0.43;255.60;4.06;883;7;1287.00;5
2878;6;22829268;2878;296;3760;3765;7.02;0.43;255.75;4.06;882;7;1288.00;5
2878;6;22829280;2878;298;3761;3766;7.05;0.43;255.75;4.06;883;7;1289.00;5
2882;6;22829293;2882;301;3761;3766;7.03;0.43;255.85;4.06;879;7;1290.00;5
2883;6;22829305;2883;304;3761;3766;7.08;0.43;255.81;4.06;878;7;1291.00;5
2884;6;22829317;2884;300;3761;3766;7.14;0.43;255.79;4.06;877;7;1292.00;5
2885;6;22829328;2885;300;3761;3766;7.18;0.44;255.74;4.06;876;7;1293.00;5
2890;6;22829340;2890;297;3761;3766;7.16;0.44;255.89;4.06;871;7;1294.00;5
2894;6;22829352;2894;297;3761;3766;7.23;0.44;256.04;4.06;867;7;1295.00;5
2897;6;22829365;2897;306;3826;3893;7.55;0.47;256.00;3.99;929;7;1296.00;67
2898;6;22829387;2898;296;3828;3894;7.57;0.47;256.06;3.99;930;7;1297.00;66
2901;6;22829401;2901;288;3838;3894;7.66;0.47;256.01;3.98;937;7;1298.00;56
2903;6;22829415;2903;287;3839;3894;7.60;0.47;256.05;3.98;936;7;1299.00;55
2905;6;22829428;2905;292;3846;3894;7.64;0.47;256.20;3.98;941;7;1300.00;48
2906;6;22829445;2906;291;3849;3894;7.58;0.47;256.13;3.98;943;7;1301.00;45
2906;6;22829459;2906;298;3853;3894;7.55;0.46;256.13;3.99;947;7;1302.00;41
2911;6;22829475;2911;302;3856;3894;7.50;0.46;256.25;3.99;945;7;1303.00;38
2914;6;22829500;2914;302;3859;3895;7.38;0.45;256.27;3.99;945;7;1304.00;36
2915;6;22829522;2915;310;3865;3897;7.34;0.45;256.22;4.00;950;7;1305.00;32
2919;6;22829535;2919;306;3868;3897;7.28;0.45;256.12;4.00;949;7;1306.00;29
2921;6;22829549;2921;310;3870;3898;7.23;0.44;256.07;4.01;949;7;1307.00;28
2924;6;22829565;2924;317;3874;3898;7.17;0.44;255.93;4.01;950;7;1308.00;24
2926;6;22829583;2926;320;3876;3898;7.18;0.44;255.87;4.02;950;7;1309.00;22
2926;6;22829599;2926;320;3877;3898;7.17;0.44;255.87;4.02;951;7;1310.00;21
2927;6;22829610;2927;323;3880;3902;7.13;0.44;255.87;4.02;953;7;1311.00;22
2928;6;22829623;2928;322;3881;3902;7.11;0.43;255.90;4.02;953;7;1312.00;21
2930;6;22829636;2930;326;3882;3902;7.04;0.43;256.09;4.02;952;7;1313.00;20
2932;6;22829648;2932;335;3884;3905;6.96;0.43;255.99;4.03;952;7;1314.00;21
2934;6;22829662;2934;326;3885;3905;6.90;0.42;256.10;4.03;951;7;1315.00;20
2935;6;22829674;2935;321;3886;3905;6.87;0.42;256.09;4.03;951;7;1316.00;19
2937;6;22829687;2937;322;3890;3909;6.82;0.42;256.11;4.03;953;7;1317.00;19
2941;6;22829700;2941;324;3892;3910;6.81;0.42;256.01;4.03;951;7;1318.00;18
2942;6;22829712;2942;316;3892;3910;6.85;0.42;256.05;4.03;950;7;1319.00;18
2942;6;22829726;2942;314;3896;3915;6.91;0.42;256.05;4.03;954;7;1320.00;19
2944;6;22829738;2944;313;3896;3915;6.97;0.42;256.04;4.03;952;7;1321.00;19
2945;6;22829751;2945;309;3897;3915;6.98;0.42;256.08;4.03;952;7;1322.00;18
2948;6;22829763;2948;290;3898;3916;7.03;0.43;255.96;4.03;950;7;1323.00;18
2950;6;22829775;2950;274;3898;3916;7.10;0.43;256.11;4.03;948;7;1324.00;18
2954;6;22829789;2954;260;3902;3922;7.14;0.43;255.89;4.03;948;7;1325.00;20
2955;6;22829802;2955;255;3902;3922;7.13;0.43;255.89;4.03;947;7;1326.00;20
2957;6;22829816;2957;256;3902;3923;7.07;0.43;255.85;4.03;945;7;1327.00;21
2958;6;22829838;2958;251;3902;3923;7.03;0.42;255.87;4.03;944;7;1328.00;21
2959;7;22829852;2959;243;3903;3923;7.01;0.42;255.96;4.04;944;8;1329.00;20
2960;7;22829885;2960;238;3903;3923;7.05;0.43;255.93;4.04;943;8;1330.00;20
2962;7;22829898;2962;236;3904;3923;7.06;0.43;255.91;4.05;942;8;1331.00;19
2962;7;22829918;2962;236;3914;3935;7.13;0.43;255.91;4.04;952;8;1332.00;21
2965;7;22829931;2965;231;3915;3935;7.15;0.43;255.94;4.04;950;8;1333.00;20
2966;7;22829945;2966;226;3915;3935;7.24;0.44;255.91;4.04;949;8;1334.00;20
2968;7;22829957;2968;228;3915;3935;7.28;0.44;255.93;4.04;947;8;1335.00;20
2970;7;22829970;2970;222;3915;3935;7.37;0.45;256.04;4.04;945;8;1336.00;20
2973;7;22829982;2973;218;3915;3935;7.47;0.45;256.01;4.04;942;8;1337.00;20
2973;7;22829995;2973;216;3918;3939;7.60;0.46;256.01;4.04;945;8;1338.00;21
2976;7;22830018;2976;210;3918;3939;7.66;0.47;255.95;4.04;942;8;1339.00;21
2978;7;22830032;2978;205;3921;3943;7.75;0.47;255.98;4.04;943;8;1340.00;22
2981;7;22830047;2981;200;3922;3944;7.83;0.47;255.97;4.04;941;8;1341.00;22
2985;7;22830061;2985;193;3922;3944;7.89;0.48;255.93;4.04;937;8;1342.00;22
2985;7;22830076;2985;197;3922;3944;8.01;0.49;255.93;4.04;937;8;1343.00;22
2988;7;22830092;2988;200;3932;3957;8.04;0.49;255.83;4.03;944;8;1344.00;25
2991;7;22830108;2991;189;3932;3957;8.04;0.49;255.71;4.03;941;8;1345.00;25
2994;7;22830124;2994;184;3933;3957;8.03;0.49;255.98;4.03;939;8;1346.00;24
2999;7;22830140;2999;181;3934;3958;8.09;0.49;256.20;4.03;935;8;1347.00;24
3000;7;22830156;3000;177;3936;3959;8.14;0.49;256.13;4.05;936;8;1348.00;23
3002;7;22830170;3002;172;3936;3959;8.16;0.49;256.09;4.05;934;8;1349.00;23
3005;7;22830185;3005;178;3942;3968;8.19;0.49;256.27;4.04;937;8;1350.00;26
3007;7;22830199;3007;181;3945;3968;8.19;0.50;256.47;4.07;938;8;1351.00;23
3011;7;22830211;3011;185;3948;3968;8.19;0.49;256.81;4.08;937;8;1352.00;20
3012;7;22830223;3012;192;3949;3968;8.22;0.50;256.87;4.08;937;8;1353.00;19
3015;7;22830235;3015;203;3955;3974;8.27;0.50;257.09;4.09;940;8;1354.00;19
3019;7;22830248;3019;201;3956;3974;8.23;0.50;257.21;4.11;937;8;1355.00;18
3020;7;22830261;3020;205;3956;3974;8.21;0.50;257.32;4.11;936;8;1356.00;18
3021;7;22830272;3021;208;3956;3974;8.22;0.50;257.33;4.11;935;8;1357.00;18
3023;7;22830284;3023;211;3961;3978;8.22;0.50;257.24;4.13;938;8;1358.00;17
3026;7;22830297;3026;217;3962;3979;8.23;0.50;257.46;4.13;936;8;1359.00;17
3029;7;22830316;3029;218;3964;3979;8.20;0.50;257.64;4.15;935;8;1360.00;15
3030;7;22830329;3030;221;3965;3980;8.20;0.50;257.81;4.15;935;8;1361.00;15
3034;7;22830341;3034;229;3965;3980;8.15;0.49;258.19;4.15;931;8;1362.00;15
3038;7;22830355;3038;236;3966;3980;8.09;0.49;258.17;4.16;928;8;1363.00;14
3039;7;22830373;3039;238;3966;3980;8.03;0.49;258.32;4.16;927;8;1364.00;14
3042;7;22830386;3042;239;3966;3980;7.96;0.48;258.22;4.16;924;8;1365.00;14
3044;7;22830398;3044;239;3969;3980;7.88;0.48;258.33;4.21;925;8;1366.00;11
3050;7;22830412;3050;237;3969;3980;7.87;0.48;258.50;4.21;919;8;1367.00;11
3053;7;22830424;3053;250;4010;4050;7.89;0.48;258.61;4.19;957;8;1368.00;40
3055;7;22830443;3055;246;4013;4051;7.79;0.48;258.57;4.20;958;8;1369.00;38
3056;7;22830456;3056;245;4019;4051;7.78;0.48;258.53;4.20;963;8;1370.00;32
3057;7;22830468;3057;243;4021;4051;7.73;0.47;258.53;4.21;964;8;1371.00;30
3059;7;22830480;3059;245;4024;4051;7.65;0.47;258.58;4.21;965;8;1372.00;27
3059;7;22830492;3059;246;4025;4051;7.57;0.46;258.58;4.21;966;8;1373.00;26
3059;7;22830508;3059;242;4031;4051;7.58;0.46;258.58;4.24;972;8;1374.00;20
3060;7;22830520;3060;236;4034;4051;7.57;0.46;258.57;4.24;974;8;1375.00;17
3061;7;22830533;3061;238;4037;4052;7.56;0.46;258.55;4.25;976;8;1376.00;15
3066;7;22830546;3066;242;4043;4053;7.55;0.46;258.40;4.26;977;8;1377.00;10
3068;7;22830558;3068;234;4045;4053;7.52;0.46;258.48;4.26;977;8;1378.00;8
3070;7;22830570;3070;236;4049;4057;7.47;0.46;258.56;4.26;979;8;1379.00;8
3072;7;22830585;3072;239;4052;4057;7.43;0.45;258.52;4.28;980;8;1380.00;5
3076;7;22830599;3076;240;4052;4057;7.38;0.45;258.55;4.28;976;8;1381.00;5
3077;7;22830611;3077;239;4053;4057;7.38;0.45;258.54;4.29;976;8;1382.00;4
3080;7;22830624;3080;240;4059;4063;7.40;0.45;258.69;4.28;979;8;1383.00;4
3082;7;22830640;3082;248;4059;4063;7.41;0.45;258.69;4.28;977;8;1384.00;4
3086;7;22830657;3086;249;4060;4063;7.45;0.46;258.62;4.29;974;8;1385.00;3
3088;7;22830673;3088;246;4062;4066;7.53;0.46;258.68;4.28;974;8;1386.00;4
3092;7;22830698;3092;255;4065;4066;7.57;0.46;258.72;4.29;973;8;1387.00;1
3096;7;22830719;3096;262;4066;4066;7.59;0.46;258.59;4.29;970;8;1388.00;0
3101;7;22830737;3101;261;4067;4067;7.55;0.46;258.63;4.29;966;8;1389.00;0
3105;7;22830753;3105;269;4068;4068;7.46;0.46;258.76;4.29;963;8;1390.00;0
3109;7;22830775;3109;277;4068;4068;7.39;0.45;258.77;4.29;959;8;1391.00;0
3115;7;22830790;3115;284;4081;4081;7.30;0.44;258.96;4.28;966;8;1392.00;0
3120;7;22830808;3120;297;4081;4081;7.21;0.44;259.03;4.28;961;8;1393.00;0
3124;7;22830822;3124;302;4081;4081;7.11;0.43;259.21;4.28;957;8;1394.00;0
3128;7;22830835;3128;298;4083;4083;7.07;0.43;259.22;4.28;955;8;1395.00;0
3131;7;22830848;3131;298;4083;4083;7.02;0.43;259.15;4.28;952;8;1396.00;0
3136;7;22830859;3136;299;4087;4087;6.96;0.42;259.37;4.27;951;8;1397.00;0
3136;7;22830874;3136;304;4087;4087;6.89;0.42;259.37;4.27;951;8;1398.00;0
3142;7;22830893;3142;302;4091;4091;6.78;0.41;259.62;4.27;949;8;1399.00;0
3146;8;22830911;3146;289;4091;4091;6.76;0.41;259.69;4.27;945;9;1400.00;0
3150;8;22830961;3150;281;4091;4091;6.71;0.41;259.86;4.27;941;9;1401.00;0
3153;8;22830977;3153;275;4091;4091;6.71;0.41;260.02;4.27;938;9;1402.00;0
3157;8;22830990;3157;270;4091;4091;6.71;0.41;260.16;4.27;934;9;1403.00;0
3161;8;22831005;3161;266;4102;4103;6.78;0.41;260.31;4.26;941;9;1404.00;1
3164;8;22831021;3164;275;4103;4103;6.80;0.41;260.43;4.26;939;9;1405.00;0
3167;8;22831033;3167;281;4103;4103;6.77;0.41;260.56;4.26;936;9;1406.00;0
3170;8;22831046;3170;270;4103;4103;6.77;0.41;260.76;4.26;933;9;1407.00;0
3171;8;22831061;3171;263;4103;4103;6.79;0.41;260.73;4.26;932;9;1408.00;0
3175;8;22831075;3175;251;4103;4103;6.76;0.41;261.12;4.26;928;9;1409.00;0
3179;8;22831094;3179;249;4104;4104;6.72;0.41;261.29;4.26;925;9;1410.00;0
3183;8;22831113;3183;245;4104;4104;6.64;0.41;261.53;4.26;921;9;1411.00;0
3186;8;22831130;3186;250;4110;4110;6.66;0.41;261.61;4.25;924;9;1412.00;0
3191;8;22831147;3191;249;4111;4111;6.67;0.41;261.85;4.25;920;9;1413.00;0
3193;8;22831165;3193;250;4111;4111;6.70;0.41;261.94;4.25;918;9;1414.00;0
3200;8;22831181;3200;247;4111;4111;6.70;0.41;261.90;4.25;911;9;1415.00;0
3203;8;22831194;3203;251;4115;4115;6.74;0.41;262.14;4.25;912;9;1416.00;0
3207;8;22831214;3207;251;4115;4115;6.69;0.41;262.38;4.25;908;9;1417.00;0
3212;8;22831229;3212;259;4115;4115;6.63;0.40;262.46;4.25;903;9;1418.00;0
3216;8;22831241;3216;263;4116;4116;6.62;0.40;262.71;4.24;900;9;1419.00;0
3218;8;22831258;3218;270;4120;4120;6.64;0.41;262.88;4.24;902;9;1420.00;0
3224;8;22831272;3224;270;4120;4120;6.64;0.41;263.21;4.24;896;9;1421.00;0
3229;8;22831284;3229;274;4122;4123;6.66;0.41;263.29;4.24;893;9;1422.00;1
3235;8;22831296;3235;273;4122;4123;6.67;0.41;263.27;4.24;887;9;1423.00;1
3239;8;22831307;3239;277;4123;4123;6.58;0.40;263.48;4.24;884;9;1424.00;0
3243;8;22831321;3243;274;4123;4123;6.47;0.40;263.67;4.24;880;9;1425.00;0
3247;8;22831336;3247;281;4127;4127;6.38;0.39;263.77;4.24;880;9;1426.00;0
3251;8;22831348;3251;283;4127;4127;6.28;0.38;263.94;4.24;876;9;1427.00;0
3255;8;22831359;3255;289;4127;4127;6.12;0.37;264.04;4.24;872;9;1428.00;0
3257;8;22831376;3257;287;4127;4127;6.03;0.37;264.14;4.24;870;9;1429.00;0
3261;8;22831387;3261;299;4128;4128;5.99;0.37;264.18;4.24;867;9;1430.00;0
3264;8;22831400;3264;306;4129;4129;5.96;0.36;264.20;4.23;865;9;1431.00;0
3266;8;22831412;3266;312;4129;4129;6.01;0.37;264.36;4.23;863;9;1432.00;0
3272;8;22831422;3272;312;4130;4130;5.98;0.37;264.46;4.23;858;9;1433.00;0
3275;8;22831433;3275;309;4130;4130;5.92;0.36;264.57;4.23;855;9;1434.00;0
3276;8;22831443;3276;311;4130;4130;5.96;0.36;264.53;4.23;854;9;1435.00;0
3279;8;22831454;3279;318;4130;4130;5.92;0.36;264.68;4.23;851;9;1436.00;0
3283;8;22831464;3283;317;4130;4130;5.89;0.36;264.67;4.23;847;9;1437.00;0
3286;8;22831474;3286;322;4130;4130;5.86;0.36;264.67;4.23;844;9;1438.00;0
3290;8;22831484;3290;322;4130;4130;5.89;0.36;264.68;4.23;840;9;1439.00;0
3296;8;22831496;3296;358;4237;4360;6.45;0.41;264.74;4.13;941;9;1440.00;123
3298;8;22831526;3298;352;4246;4361;6.48;0.41;264.78;4.12;948;9;1441.00;115
3301;8;22831537;3301;347;4259;4361;6.56;0.41;264.77;4.11;958;9;1442.00;102
3303;8;22831549;3303;349;4267;4361;6.56;0.41;264.76;4.11;964;9;1443.00;94
3307;8;22831562;3307;350;4277;4361;6.57;0.41;264.96;4.11;970;9;1444.00;84
3307;8;22831572;3307;361;4283;4361;6.57;0.41;264.96;4.11;976;9;1445.00;78
3310;8;22831583;3310;363;4291;4361;6.49;0.41;265.03;4.12;981;9;1446.00;70
3313;8;22831594;3313;354;4302;4361;6.40;0.40;265.19;4.12;989;9;1447.00;59
3315;8;22831606;3315;352;4309;4362;6.38;0.40;265.27;4.13;994;9;1448.00;53
3319;8;22831619;3319;351;4311;4363;6.32;0.40;265.20;4.13;992;9;1449.00;52
3321;8;22831632;3321;350;4316;4363;6.31;0.40;265.17;4.14;995;9;1450.00;47
3321;8;22831644;3321;353;4320;4364;6.34;0.40;265.17;4.15;999;9;1451.00;44
3324;8;22831657;3324;355;4327;4364;6.33;0.40;265.29;4.16;1003;9;1452.00;37
3329;8;22831670;3329;356;4330;4364;6.29;0.39;265.23;4.16;1001;9;1453.00;34
3331;8;22831682;3331;368;4331;4364;6.23;0.39;265.22;4.17;1000;9;1454.00;33
3333;8;22831696;3333;372;4334;4368;6.19;0.39;265.19;4.16;1001;9;1455.00;34
3334;8;22831716;3334;366;4335;4368;6.23;0.39;265.19;4.17;1001;9;1456.00;33
3338;8;22831730;3338;360;4335;4368;6.26;0.39;265.23;4.17;997;9;1457.00;33
3339;8;22831742;3339;351;4337;4371;6.32;0.39;265.18;4.17;998;9;1458.00;34
3342;8;22831756;3342;352;4338;4371;6.41;0.40;265.14;4.17;996;9;1459.00;33
3346;8;22831769;3346;348;4339;4371;6.47;0.40;264.94;4.17;993;9;1460.00;32
3347;8;22831784;3347;348;4342;4375;6.61;0.41;264.99;4.17;995;9;1461.00;33
3350;8;22831798;3350;350;4344;4376;6.72;0.41;265.04;4.18;994;9;1462.00;32
3353;8;22831812;3353;355;4344;4376;6.84;0.42;265.08;4.18;991;9;1463.00;32
3355;8;22831824;3355;355;4347;4380;6.93;0.43;264.96;4.18;992;9;1464.00;33
3357;8;22831839;3357;353;4350;4380;6.97;0.43;264.82;4.18;993;9;1465.00;30
3358;8;22831853;3358;357;4350;4380;6.99;0.43;264.77;4.18;992;9;1466.00;30
3360;8;22831867;3360;353;4350;4381;7.01;0.43;264.74;4.18;990;9;1467.00;31
3365;8;22831881;3365;355;4351;4381;6.95;0.42;264.59;4.19;986;9;1468.00;30
3367;8;22831894;3367;352;4356;4387;6.93;0.42;264.57;4.19;989;9;1469.00;31
3370;8;22831909;3370;352;4357;4387;6.88;0.42;264.59;4.19;987;9;1470.00;30
3370;8;22831922;3370;352;4357;4388;6.86;0.42;264.59;4.19;987;9;1471.00;31
3370;8;22831938;3370;359;4359;4388;6.80;0.42;264.59;4.20;989;9;1472.00;29
3375;8;22831951;3375;360;4359;4388;6.72;0.41;264.63;4.20;984;9;1473.00;29
3375;8;22831964;3375;354;4361;4388;6.71;0.41;264.63;4.21;986;9;1474.00;27
3378;8;22831976;3378;363;4361;4388;6.70;0.41;264.57;4.21;983;9;1475.00;27
3380;8;22831990;3380;360;4369;4400;6.69;0.41;264.73;4.21;989;9;1476.00;31
3380;8;22832006;3380;360;4371;4400;6.66;0.41;264.73;4.21;991;9;1477.00;29
3382;8;22832022;3382;366;4373;4400;6.60;0.40;264.78;4.22;991;9;1478.00;27
3385;8;22832036;3385;360;4374;4400;6.53;0.40;264.63;4.22;989;9;1479.00;26
3386;8;22832049;3386;351;4374;4400;6.57;0.40;264.63;4.22;988;9;1480.00;26
3389;9;22832061;3389;351;4376;4400;6.62;0.40;264.67;4.22;987;10;1481.00;24
3391;9;22832103;3391;344;4379;4404;6.63;0.40;264.62;4.22;988;10;1482.00;25
3392;9;22832122;3392;333;4379;4404;6.67;0.41;264.64;4.22;987;10;1483.00;25
3392;9;22832150;3392;333;4383;4408;6.79;0.41;264.64;4.22;991;10;1484.00;25
3393;9;22832169;3393;338;4385;4410;6.84;0.42;264.61;4.22;992;10;1485.00;25
3395;9;22832189;3395;334;4385;4410;6.89;0.42;264.58;4.22;990;10;1486.00;25
3397;9;22832204;3397;335;4385;4410;6.94;0.42;264.58;4.22;988;10;1487.00;25
3399;9;22832218;3399;338;4394;4423;7.01;0.43;264.51;4.21;995;10;1488.00;29
3400;9;22832232;3400;340;4394;4423;7.06;0.43;264.51;4.21;994;10;1489.00;29
3402;9;22832246;3402;333;4394;4423;7.10;0.43;264.59;4.21;992;10;1490.00;29
3404;9;22832261;3404;321;4395;4424;7.18;0.43;264.56;4.21;991;10;1491.00;29
3404;9;22832273;3404;313;4395;4425;7.24;0.44;264.56;4.21;991;10;1492.00;30
3405;9;22832286;3405;306;4395;4425;7.27;0.44;264.59;4.21;990;10;1493.00;30
3405;9;22832300;3405;303;4397;4428;7.35;0.45;264.59;4.21;992;10;1494.00;31
3405;9;22832324;3405;301;4397;4428;7.33;0.44;264.59;4.21;992;10;1495.00;31
3405;9;22832336;3405;298;4398;4428;7.28;0.44;264.59;4.21;993;10;1496.00;30
3407;9;22832348;3407;292;4398;4428;7.31;0.44;264.71;4.21;991;10;1497.00;30
3410;9;22832360;3410;290;4403;4434;7.34;0.45;264.66;4.20;993;10;1498.00;31
3412;9;22832373;3412;282;4403;4434;7.36;0.45;264.62;4.20;991;10;1499.00;31
3415;9;22832388;3415;286;4407;4453;7.29;0.44;264.69;4.20;992;10;1500.00;46
3418;9;22832410;3418;285;4407;4453;7.24;0.44;264.85;4.20;989;10;1501.00;46
3420;9;22832423;3420;281;4410;4457;7.20;0.44;264.90;4.20;990;10;1502.00;47
3424;9;22832437;3424;275;4411;4458;7.17;0.43;265.01;4.20;987;10;1503.00;47
3426;9;22832450;3426;271;4411;4458;7.17;0.44;264.95;4.20;985;10;1504.00;47
3427;9;22832463;3427;270;4415;4459;7.16;0.43;265.01;4.22;988;10;1505.00;44
3428;9;22832477;3428;268;4416;4459;7.16;0.44;265.04;4.22;988;10;1506.00;43
3431;9;22832490;3431;266;4416;4459;7.13;0.43;265.10;4.22;985;10;1507.00;43
3432;9;22832503;3432;267;4416;4459;7.16;0.44;265.17;4.22;984;10;1508.00;43
3437;9;22832518;3437;266;4416;4459;7.19;0.44;265.41;4.22;979;10;1509.00;43
3438;9;22832532;3438;263;4417;4459;7.25;0.44;265.49;4.22;979;10;1510.00;42
3442;9;22832551;3442;260;4418;4459;7.28;0.44;265.57;4.23;976;10;1511.00;41
3447;9;22832565;3447;263;4450;4529;7.26;0.44;265.84;4.20;1003;10;1512.00;79
3448;9;22832586;3448;249;4450;4530;7.37;0.45;265.85;4.20;1002;10;1513.00;80
3451;9;22832600;3451;245;4456;4530;7.46;0.45;265.75;4.19;1005;10;1514.00;74
3453;9;22832613;3453;241;4458;4530;7.59;0.46;265.82;4.19;1005;10;1515.00;72
3456;9;22832624;3456;244;4462;4530;7.71;0.47;266.14;4.19;1006;10;1516.00;68
3459;9;22832643;3459;244;4466;4530;7.79;0.47;266.20;4.20;1007;10;1517.00;64
3463;9;22832655;3463;239;4469;4530;7.83;0.47;266.53;4.20;1006;10;1518.00;61
3465;9;22832668;3465;242;4471;4530;7.84;0.47;266.68;4.20;1006;10;1519.00;59
3469;10;22832680;3469;237;4472;4531;7.81;0.47;266.70;4.20;1003;11;1520.00;59
3470;10;22832710;3470;244;4476;4532;7.78;0.47;266.71;4.21;1006;11;1521.00;56
3470;10;22832724;3470;247;4479;4532;7.74;0.47;266.71;4.23;1009;11;1522.00;53
3474;10;22832736;3474;250;4485;4536;7.71;0.47;266.76;4.23;1011;11;1523.00;51
3476;10;22832749;3476;258;4487;4536;7.70;0.47;266.85;4.23;1011;11;1524.00;49
3478;10;22832764;3478;258;4487;4536;7.71;0.47;266.94;4.23;1009;11;1525.00;49
3479;10;22832777;3479;259;4488;4536;7.67;0.47;266.91;4.25;1009;11;1526.00;48
3481;10;22832790;3481;262;4494;4542;7.71;0.47;266.85;4.26;1013;11;1527.00;48
3484;10;22832807;3484;266;4496;4542;7.72;0.47;266.90;4.28;1012;11;1528.00;46
3487;10;22832821;3487;271;4497;4542;7.74;0.47;266.95;4.30;1010;11;1529.00;45
3488;10;22832836;3488;271;4500;4548;7.76;0.47;267.02;4.30;1012;11;1530.00;48
3490;10;22832851;3490;275;4507;4548;7.72;0.47;267.16;4.35;1017;11;1531.00;41
3494;10;22832866;3494;278;4508;4548;7.67;0.46;267.11;4.35;1014;11;1532.00;40
3496;10;22832879;3496;285;4510;4549;7.64;0.46;267.21;4.37;1014;11;1533.00;39
3499;10;22832893;3499;291;4515;4550;7.65;0.46;267.06;4.43;1016;11;1534.00;35
3501;10;22832907;3501;297;4517;4550;7.60;0.46;267.15;4.47;1016;11;1535.00;33
3502;10;22832920;3502;308;4528;4563;7.55;0.46;267.23;4.50;1026;11;1536.00;35
3504;10;22832935;3504;314;4529;4563;7.50;0.45;267.16;4.52;1025;11;1537.00;34
3507;10;22832949;3507;309;4532;4563;7.40;0.45;267.19;4.58;1025;11;1538.00;31
3508;10;22832963;3508;311;4536;4564;7.40;0.45;267.18;4.61;1028;11;1539.00;28
3511;10;22832977;3511;309;4538;4564;7.39;0.45;267.30;4.63;1027;11;1540.00;26
3513;10;22832990;3513;314;4544;4568;7.39;0.45;267.37;4.64;1031;11;1541.00;24
3515;10;22833004;3515;314;4546;4568;7.36;0.45;267.29;4.66;1031;11;1542.00;22
3517;10;22833019;3517;315;4550;4572;7.36;0.45;267.43;4.67;1033;11;1543.00;22
3520;10;22833034;3520;319;4551;4572;7.35;0.45;267.42;4.69;1031;11;1544.00;21
3522;10;22833047;3522;321;4552;4572;7.32;0.45;267.47;4.70;1030;11;1545.00;20
3523;10;22833060;3523;324;4555;4572;7.31;0.45;267.49;4.72;1032;11;1546.00;17
3525;10;22833077;3525;326;4556;4572;7.26;0.44;267.55;4.73;1031;11;1547.00;16
3527;10;22833092;3527;324;4566;4584;7.28;0.45;267.59;4.72;1039;11;1548.00;18
3530;10;22833111;3530;320;4567;4584;7.23;0.44;267.84;4.73;1037;11;1549.00;17
3534;10;22833130;3534;319;4568;4584;7.26;0.44;267.86;4.73;1034;11;1550.00;16
3537;10;22833150;3537;315;4569;4584;7.32;0.45;267.90;4.74;1032;11;1551.00;15
3539;10;22833171;3539;315;4571;4584;7.35;0.45;267.92;4.76;1032;11;1552.00;13
3542;10;22833193;3542;313;4572;4584;7.36;0.45;268.13;4.77;1030;11;1553.00;12
3543;10;22833215;3543;311;4573;4585;7.37;0.45;268.09;4.78;1030;11;1554.00;12
3547;11;22833234;3547;312;4577;4587;7.39;0.45;268.44;4.78;1030;12;1555.00;10
3549;11;22833267;3549;311;4584;4593;7.50;0.46;268.49;4.79;1035;12;1556.00;9
3551;11;22833289;3551;312;4585;4594;7.54;0.46;268.53;4.78;1034;12;1557.00;9
3554;11;22833307;3554;316;4586;4594;7.55;0.46;268.61;4.79;1032;12;1558.00;8
3559;11;22833326;3559;314;4586;4594;7.52;0.46;268.79;4.79;1027;12;1559.00;8
3561;11;22833350;3561;320;4590;4599;7.54;0.46;268.69;4.79;1029;12;1560.00;9
3565;11;22833373;3565;322;4591;4599;7.46;0.46;268.68;4.80;1026;12;1561.00;8
3569;11;22833401;3569;324;4592;4599;7.38;0.45;268.71;4.81;1023;12;1562.00;7
3574;11;22833422;3574;321;4593;4600;7.33;0.45;268.82;4.81;1019;12;1563.00;7
3577;11;22833442;3577;328;4597;4604;7.28;0.44;268.95;4.81;1020;12;1564.00;7
3581;11;22833460;3581;329;4599;4604;7.23;0.44;269.04;4.82;1018;12;1565.00;5
3585;11;22833479;3585;333;4602;4607;7.23;0.44;269.26;4.82;1017;12;1566.00;5
3588;11;22833500;3588;341;4602;4607;7.16;0.44;269.47;4.82;1014;12;1567.00;5
3597;11;22833514;3597;347;4603;4607;7.06;0.43;269.42;4.82;1006;12;1568.00;4
3599;11;22833528;3599;349;4604;4607;6.99;0.42;269.46;4.82;1005;12;1569.00;3
3601;11;22833542;3601;352;4609;4611;6.99;0.43;269.47;4.82;1008;12;1570.00;2
3602;11;22833557;3602;355;4609;4611;6.92;0.42;269.53;4.82;1007;12;1571.00;2
3607;11;22833570;3607;352;4610;4611;6.83;0.42;269.58;4.83;1003;12;1572.00;1
3610;11;22833583;3610;351;4611;4611;6.71;0.41;269.60;4.83;1001;12;1573.00;0
3614;11;22833597;3614;348;4612;4612;6.55;0.40;269.68;4.83;998;12;1574.00;0
3621;11;22833609;3621;336;4614;4614;6.40;0.39;269.88;4.82;993;12;1575.00;0
3623;11;22833623;3623;335;4614;4614;6.29;0.39;269.92;4.82;991;12;1576.00;0
3628;11;22833637;3628;333;4615;4615;6.17;0.38;270.05;4.82;987;12;1577.00;0
3634;11;22833651;3634;338;4615;4615;6.13;0.38;270.23;4.82;981;12;1578.00;0
3636;11;22833668;3636;333;4615;4615;6.08;0.37;270.20;4.82;979;12;1579.00;0
3642;11;22833684;3642;343;4615;4615;6.04;0.37;270.23;4.82;973;12;1580.00;0
3647;11;22833698;3647;341;4615;4615;5.99;0.37;270.46;4.82;968;12;1581.00;0
3652;11;22833710;3652;343;4615;4615;5.98;0.37;270.64;4.82;963;12;1582.00;0
3653;11;22833723;3653;340;4615;4615;5.96;0.36;270.60;4.82;962;12;1583.00;0
3657;11;22833736;3657;341;4686;4742;6.27;0.39;270.74;4.75;1029;12;1584.00;56
3660;11;22833759;3660;336;4690;4743;6.23;0.39;270.78;4.75;1030;12;1585.00;53
3665;11;22833774;3665;332;4700;4743;6.26;0.39;270.72;4.74;1035;12;1586.00;43
3667;11;22833788;3667;334;4701;4743;6.24;0.39;270.89;4.74;1034;12;1587.00;42
3670;11;22833802;3670;339;4705;4743;6.24;0.39;271.07;4.74;1035;12;1588.00;38
3672;11;22833817;3672;342;4706;4743;6.17;0.38;271.17;4.74;1034;12;1589.00;37
3680;11;22833833;3680;349;4708;4743;6.06;0.37;271.13;4.74;1028;12;1590.00;35
3684;11;22833850;3684;351;4711;4743;5.97;0.37;271.26;4.74;1027;12;1591.00;32
3684;11;22833866;3684;350;4713;4744;5.96;0.37;271.26;4.74;1029;12;1592.00;31
3689;11;22833879;3689;355;4717;4745;5.91;0.37;271.58;4.75;1028;12;1593.00;28
3694;11;22833892;3694;358;4719;4745;5.89;0.36;271.79;4.75;1025;12;1594.00;26
3699;11;22833905;3699;357;4722;4746;5.83;0.36;271.78;4.75;1023;12;1595.00;24
3703;11;22833917;3703;374;4724;4746;5.86;0.36;271.90;4.76;1021;12;1596.00;22
3708;11;22833930;3708;372;4726;4746;5.82;0.36;272.09;4.76;1018;12;1597.00;20
3710;11;22833946;3710;378;4727;4746;5.76;0.36;272.18;4.76;1017;12;1598.00;19
3713;11;22833965;3713;383;4732;4750;5.77;0.36;272.31;4.76;1019;12;1599.00;18
3716;11;22833979;3716;387;4733;4750;5.81;0.36;272.47;4.77;1017;12;1600.00;17
3723;11;22833995;3723;387;4735;4750;5.76;0.36;272.44;4.77;1012;12;1601.00;15
3729;11;22834010;3729;388;4737;4753;5.74;0.35;272.48;4.77;1008;12;1602.00;16
3732;11;22834022;3732;390;4739;4753;5.71;0.35;272.50;4.78;1007;12;1603.00;14
3736;11;22834034;3736;389;4740;4753;5.71;0.35;272.67;4.78;1004;12;1604.00;13
3743;11;22834046;3743;390;4744;4757;5.70;0.35;272.64;4.78;1001;12;1605.00;13
3750;11;22834063;3750;397;4746;4758;5.65;0.35;272.71;4.79;996;12;1606.00;12
3755;11;22834074;3755;393;4749;4758;5.55;0.34;272.86;4.79;994;12;1607.00;9
3760;11;22834092;3760;394;4751;4762;5.49;0.34;272.89;4.79;991;12;1608.00;11
3765;11;22834108;3765;395;4754;4762;5.43;0.33;272.87;4.80;989;12;1609.00;8
3771;11;22834131;3771;398;4755;4762;5.41;0.33;272.85;4.80;984;12;1610.00;7
3774;11;22834146;3774;407;4756;4763;5.41;0.33;272.86;4.80;982;12;1611.00;7
3777;11;22834158;3777;418;4757;4763;5.41;0.33;272.96;4.80;980;12;1612.00;6
3781;11;22834173;3781;417;4762;4769;5.45;0.34;273.11;4.79;981;12;1613.00;7
3787;11;22834187;3787;421;4762;4769;5.45;0.33;273.00;4.79;975;12;1614.00;7
3789;11;22834200;3789;411;4762;4770;5.45;0.33;272.99;4.79;973;12;1615.00;8
3794;11;22834212;3794;415;4762;4770;5.45;0.33;272.80;4.79;968;12;1616.00;8
3797;11;22834224;3797;425;4762;4770;5.47;0.33;272.81;4.79;965;12;1617.00;8
3798;11;22834236;3798;429;4762;4770;5.47;0.34;272.81;4.79;964;12;1618.00;8
3800;11;22834249;3800;434;4762;4770;5.45;0.33;272.76;4.79;962;12;1619.00;8
3804;11;22834263;3804;445;4787;4806;5.59;0.34;272.60;4.77;983;12;1620.00;19
3808;11;22834280;3808;455;4790;4806;5.55;0.34;272.62;4.77;982;12;1621.00;16
3808;11;22834292;3808;454;4793;4806;5.63;0.35;272.62;4.77;985;12;1622.00;13
3809;11;22834305;3809;442;4794;4806;5.73;0.35;272.58;4.76;985;12;1623.00;12
3812;11;22834317;3812;439;4794;4806;5.76;0.35;272.55;4.76;982;12;1624.00;12
3815;11;22834329;3815;439;4795;4806;5.80;0.36;272.55;4.76;980;12;1625.00;11
3816;11;22834341;3816;440;4798;4810;5.86;0.36;272.54;4.76;982;12;1626.00;12
3818;11;22834353;3818;438;4798;4810;5.86;0.36;272.54;4.76;980;12;1627.00;12
3819;11;22834366;3819;440;4802;4814;5.91;0.36;272.48;4.76;983;12;1628.00;12
3821;11;22834378;3821;443;4803;4815;5.92;0.36;272.43;4.76;982;12;1629.00;12
3822;11;22834390;3822;442;4803;4815;5.94;0.36;272.37;4.76;981;12;1630.00;12
3822;11;22834405;3822;433;4803;4815;5.97;0.37;272.37;4.76;981;12;1631.00;12
3824;11;22834419;3824;423;4813;4828;6.05;0.37;272.36;4.75;989;12;1632.00;15
3824;11;22834435;3824;416;4814;4828;6.13;0.38;272.36;4.75;990;12;1633.00;14
3827;11;22834448;3827;410;4814;4828;6.18;0.38;272.38;4.75;987;12;1634.00;14
3830;11;22834461;3830;403;4815;4829;6.25;0.38;272.59;4.75;985;12;1635.00;14
3832;11;22834473;3832;397;4815;4830;6.32;0.39;272.62;4.75;983;12;1636.00;15
3833;11;22834486;3833;384;4815;4830;6.41;0.39;272.60;4.75;982;12;1637.00;15
3836;11;22834505;3836;371;4817;4833;6.50;0.40;272.58;4.74;981;12;1638.00;16
3838;11;22834519;3838;361;4817;4833;6.58;0.40;272.55;4.74;979;12;1639.00;16
3839;11;22834532;3839;359;4818;4833;6.68;0.41;272.59;4.74;979;12;1640.00;15
3841;11;22834545;3841;350;4818;4833;6.76;0.41;272.57;4.74;977;12;1641.00;15
3841;11;22834557;3841;346;4823;4839;6.87;0.42;272.57;4.74;982;12;1642.00;16
3843;11;22834571;3843;349;4823;4839;6.86;0.42;272.57;4.74;980;12;1643.00;16
3844;11;22834592;3844;347;4823;4839;6.93;0.42;272.61;4.74;979;12;1644.00;16
3845;11;22834606;3845;343;4823;4839;6.98;0.42;272.56;4.74;978;12;1645.00;16
3846;11;22834619;3846;339;4826;4843;7.01;0.43;272.58;4.74;980;12;1646.00;17
3848;11;22834634;3848;343;4827;4844;7.06;0.43;272.56;4.74;979;12;1647.00;17
3849;11;22834649;3849;346;4827;4844;7.13;0.43;272.49;4.74;978;12;1648.00;17
3850;11;22834663;3850;343;4828;4845;7.23;0.44;272.48;4.74;978;12;1649.00;17
3852;11;22834679;3852;341;4828;4845;7.22;0.44;272.56;4.74;976;12;1650.00;17
3853;11;22834700;3853;338;4828;4845;7.21;0.44;272.55;4.74;975;12;1651.00;17
3854;11;22834713;3854;333;4828;4845;7.21;0.44;272.53;4.74;974;12;1652.00;17
3855;11;22834726;3855;332;4828;4845;7.19;0.44;272.65;4.74;973;12;1653.00;17
3857;11;22834739;3857;328;4828;4845;7.16;0.43;272.67;4.74;971;12;1654.00;17
3857;11;22834752;3857;327;4828;4845;7.16;0.44;272.67;4.74;971;12;1655.00;17
3857;11;22834764;3857;339;4866;4915;7.16;0.44;272.67;4.70;1009;12;1656.00;49
3862;11;22834782;3862;320;4866;4916;7.11;0.43;272.80;4.70;1004;12;1657.00;50
3865;11;22834795;3865;313;4872;4916;7.15;0.44;272.79;4.70;1007;12;1658.00;44
3867;11;22834807;3867;313;4874;4916;7.16;0.44;272.72;4.70;1007;12;1659.00;42
3869;11;22834819;3869;308;4877;4916;7.19;0.44;272.72;4.69;1008;12;1660.00;39
3873;11;22834832;3873;310;4879;4916;7.19;0.44;272.71;4.70;1006;12;1661.00;37
3876;11;22834846;3876;317;4883;4916;7.20;0.44;272.87;4.70;1007;12;1662.00;33
3878;11;22834858;3878;325;4886;4916;7.24;0.44;272.94;4.70;1008;12;1663.00;30
3880;11;22834871;3880;332;4887;4917;7.23;0.44;272.91;4.70;1007;12;1664.00;30
3881;11;22834885;3881;334;4890;4919;7.25;0.44;272.88;4.70;1009;12;1665.00;29
3882;11;22834901;3882;333;4893;4919;7.28;0.44;272.99;4.70;1011;12;1666.00;26
3882;11;22834918;3882;333;4899;4923;7.28;0.44;272.99;4.70;1017;12;1667.00;24
3882;11;22834937;3882;329;4900;4923;7.31;0.44;272.99;4.70;1018;12;1668.00;23
3885;11;22834953;3885;324;4900;4923;7.34;0.45;273.15;4.70;1015;12;1669.00;23
3885;11;22834968;3885;327;4900;4923;7.36;0.45;273.15;4.70;1015;12;1670.00;23
3890;11;22834983;3890;319;4904;4929;7.37;0.45;273.30;4.70;1014;12;1671.00;25
3896;11;22835008;3896;319;4904;4929;7.37;0.45;273.56;4.70;1008;12;1672.00;25
3900;11;22835028;3900;317;4904;4929;7.41;0.45;273.69;4.70;1004;12;1673.00;25
3904;11;22835042;3904;317;4906;4932;7.48;0.45;273.88;4.70;1002;12;1674.00;26
3906;11;22835056;3906;321;4906;4932;7.47;0.45;274.01;4.70;1000;12;1675.00;26
3910;11;22835069;3910;322;4907;4932;7.41;0.45;274.18;4.70;997;12;1676.00;25
3916;11;22835082;3916;316;4907;4933;7.36;0.45;274.27;4.70;991;12;1677.00;26
3917;11;22835096;3917;316;4908;4934;7.45;0.45;274.28;4.70;991;12;1678.00;26
3922;11;22835108;3922;308;4908;4934;7.43;0.45;274.40;4.70;986;12;1679.00;26
3924;11;22835123;3924;307;4929;4960;7.45;0.45;274.47;4.70;1005;12;1680.00;31
3929;11;22835139;3929;299;4929;4960;7.43;0.45;274.78;4.70;1000;12;1681.00;31
3935;11;22835153;3935;288;4930;4960;7.42;0.45;274.89;4.69;995;12;1682.00;30
3936;11;22835167;3936;278;4932;4961;7.43;0.45;274.94;4.69;996;12;1683.00;29
3938;11;22835179;3938;268;4932;4961;7.47;0.45;274.97;4.69;994;12;1684.00;29
3940;11;22835192;3940;272;4935;4965;7.55;0.46;274.96;4.69;995;12;1685.00;30
3942;11;22835206;3942;270;4935;4965;7.61;0.46;275.06;4.69;993;12;1686.00;30
3946;11;22835220;3946;266;4938;4969;7.63;0.46;275.28;4.69;992;12;1687.00;31
3949;11;22835234;3949;261;4938;4969;7.62;0.46;275.40;4.69;989;12;1688.00;31
3949;11;22835248;3949;257;4938;4969;7.69;0.47;275.40;4.69;989;12;1689.00;31
3954;11;22835260;3954;257;4938;4969;7.74;0.47;275.55;4.69;984;12;1690.00;31
3956;12;22835274;3956;254;4938;4969;7.78;0.47;275.57;4.69;982;13;1691.00;31
3959;12;22835306;3959;253;4947;4981;7.83;0.47;275.62;4.68;988;13;1692.00;34
3965;12;22835319;3965;250;4948;4981;7.84;0.47;275.73;4.68;983;13;1693.00;33
3968;12;22835331;3968;248;4950;4981;7.88;0.48;275.78;4.70;982;13;1694.00;31
3969;12;22835343;3969;246;4950;4981;7.89;0.48;275.87;4.70;981;13;1695.00;31
3974;12;22835355;3974;251;4950;4981;7.88;0.48;276.10;4.70;976;13;1696.00;31
3974;12;22835367;3974;258;4951;4981;7.92;0.48;276.10;4.70;977;13;1697.00;30
3976;12;22835379;3976;256;4951;4982;7.91;0.48;276.28;4.70;975;13;1698.00;31
3977;12;22835396;3977;259;4952;4982;7.90;0.48;276.41;4.71;975;13;1699.00;30
3980;12;22835410;3980;263;4956;4988;7.90;0.48;276.35;4.70;976;13;1700.00;32
3983;12;22835429;3983;260;4959;4989;7.84;0.48;276.54;4.72;976;13;1701.00;30
3986;12;22835443;3986;265;4960;4989;7.80;0.47;276.70;4.73;974;13;1702.00;29
3989;12;22835457;3989;272;4960;4989;7.77;0.47;276.82;4.73;971;13;1703.00;29
3991;12;22835472;3991;275;4965;4993;7.73;0.47;276.91;4.75;974;13;1704.00;28
3993;12;22835486;3993;277;4966;4993;7.69;0.47;276.92;4.77;973;13;1705.00;27
3996;12;22835500;3996;279;4967;4993;7.65;0.47;276.94;4.77;971;13;1706.00;26
3999;12;22835513;3999;288;4969;4994;7.61;0.46;276.91;4.79;970;13;1707.00;25
4003;12;22835526;4003;288;4973;4998;7.58;0.46;277.08;4.81;970;13;1708.00;25
4008;12;22835540;4008;288;4973;4998;7.61;0.46;277.27;4.81;965;13;1709.00;25
4008;12;22835555;4008;290;4979;5004;7.68;0.47;277.27;4.84;971;13;1710.00;25
4009;12;22835569;4009;288;4980;5004;7.69;0.47;277.26;4.84;971;13;1711.00;24
4011;12;22835583;4011;288;4982;5004;7.70;0.47;277.28;4.86;971;13;1712.00;22
4013;12;22835595;4013;295;4983;5004;7.75;0.47;277.29;4.87;970;13;1713.00;21
4015;12;22835608;4015;292;4988;5008;7.76;0.47;277.25;4.88;973;13;1714.00;20
4019;12;22835621;4019;292;4988;5008;7.72;0.47;277.32;4.88;969;13;1715.00;20
4022;12;22835636;4022;297;4990;5008;7.70;0.47;277.32;4.91;968;13;1716.00;18
4023;12;22835651;4023;303;4990;5008;7.67;0.47;277.35;4.91;967;13;1717.00;18
4025;12;22835664;4025;300;4991;5009;7.63;0.47;277.46;4.93;966;13;1718.00;18
4027;12;22835679;4027;302;4993;5010;7.57;0.46;277.59;4.93;966;13;1719.00;17
4028;12;22835697;4028;307;4994;5010;7.51;0.46;277.71;4.95;966;13;1720.00;16
4029;12;22835708;4029;308;4997;5011;7.44;0.46;277.69;4.98;968;13;1721.00;14
4033;12;22835720;4033;308;4997;5011;7.39;0.45;277.69;4.98;964;13;1722.00;14
4036;12;22835733;4036;311;4997;5011;7.40;0.45;277.73;4.98;961;13;1723.00;14
4040;12;22835744;4040;305;4999;5011;7.33;0.45;277.80;5.00;959;13;1724.00;12
4043;12;22835755;4043;303;4999;5011;7.37;0.45;278.01;5.00;956;13;1725.00;12
4049;12;22835767;4049;298;5001;5011;7.35;0.45;278.19;5.03;952;13;1726.00;10
4050;12;22835780;4050;299;5001;5011;7.40;0.45;278.23;5.03;951;13;1727.00;10
4050;12;22835792;4050;323;5069;5138;7.49;0.46;278.23;4.96;1019;13;1728.00;69
4052;12;22835817;4052;310;5074;5139;7.51;0.47;278.20;4.98;1022;13;1729.00;65
4058;12;22835830;4058;309;5082;5139;7.59;0.47;278.10;4.99;1024;13;1730.00;57
4061;12;22835842;4061;306;5084;5139;7.63;0.47;278.08;5.00;1023;13;1731.00;55
4063;12;22835856;4063;309;5089;5139;7.63;0.47;278.15;4.99;1026;13;1732.00;50
4066;12;22835868;4066;306;5090;5139;7.55;0.47;278.24;5.00;1024;13;1733.00;49
4068;12;22835880;4068;312;5096;5139;7.58;0.47;278.31;5.01;1028;13;1734.00;43
4071;12;22835892;4071;319;5098;5139;7.53;0.46;278.44;5.01;1027;13;1735.00;41
4074;12;22835904;4074;319;5101;5140;7.54;0.46;278.47;5.02;1027;13;1736.00;39
4078;12;22835916;4078;329;5103;5141;7.55;0.46;278.61;5.02;1025;13;1737.00;38
4082;12;22835928;4082;325;5104;5141;7.55;0.46;278.54;5.03;1022;13;1738.00;37
4088;12;22835941;4088;329;5107;5142;7.49;0.46;278.60;5.03;1019;13;1739.00;35
4090;12;22835955;4090;322;5112;5142;7.46;0.46;278.66;5.04;1022;13;1740.00;30
4093;12;22835966;4093;316;5115;5142;7.35;0.45;278.65;5.05;1022;13;1741.00;27
4097;12;22835978;4097;322;5120;5142;7.28;0.45;278.50;5.06;1023;13;1742.00;22
4102;12;22835989;4102;327;5127;5146;7.21;0.44;278.50;5.06;1025;13;1743.00;19
4105;12;22836007;4105;333;5132;5146;7.15;0.44;278.49;5.07;1027;13;1744.00;14
4111;12;22836020;4111;340;5134;5146;7.03;0.43;278.61;5.08;1023;13;1745.00;12
4113;12;22836032;4113;346;5140;5149;6.84;0.42;278.80;5.09;1027;13;1746.00;9
4119;12;22836044;4119;358;5141;5149;6.70;0.41;278.89;5.09;1022;13;1747.00;8
4123;12;22836056;4123;360;5141;5149;6.59;0.40;279.04;5.09;1018;13;1748.00;8
4127;12;22836067;4127;362;5147;5153;6.43;0.39;278.94;5.09;1020;13;1749.00;6
4133;12;22836084;4133;356;5150;5154;6.29;0.39;278.91;5.09;1017;13;1750.00;4
4139;12;22836101;4139;351;5151;5154;6.15;0.38;278.92;5.10;1012;13;1751.00;3
4142;12;22836120;4142;352;5156;5158;6.05;0.37;278.91;5.10;1014;13;1752.00;2
4148;12;22836138;4148;357;5156;5158;5.91;0.36;278.90;5.10;1008;13;1753.00;2
4149;12;22836153;4149;359;5156;5158;5.87;0.36;278.94;5.10;1007;13;1754.00;2
4151;12;22836167;4151;361;5159;5160;5.86;0.36;278.99;5.10;1008;13;1755.00;1
4154;12;22836181;4154;376;5159;5160;5.87;0.36;279.07;5.10;1005;13;1756.00;1
4155;12;22836195;4155;374;5164;5166;5.99;0.37;279.15;5.09;1009;13;1757.00;2
4158;12;22836207;4158;369;5165;5166;5.99;0.37;279.18;5.09;1007;13;1758.00;1
4159;12;22836220;4159;370;5166;5167;6.00;0.37;279.21;5.09;1007;13;1759.00;1
4161;12;22836231;4161;372;5166;5167;5.99;0.37;279.28;5.09;1005;13;1760.00;1
4164;12;22836242;4164;375;5166;5167;5.90;0.36;279.27;5.09;1002;13;1761.00;1
4168;12;22836260;4168;376;5166;5167;5.79;0.36;279.36;5.09;998;13;1762.00;1
4171;12;22836273;4171;380;5166;5167;5.70;0.35;279.43;5.09;995;13;1763.00;1
4174;12;22836284;4174;379;5177;5179;5.74;0.35;279.62;5.08;1003;13;1764.00;2
4178;12;22836297;4178;386;5177;5179;5.59;0.34;279.58;5.08;999;13;1765.00;2
4180;12;22836308;4180;386;5177;5179;5.52;0.34;279.58;5.08;997;13;1766.00;2
4185;12;22836318;4185;388;5177;5179;5.45;0.33;279.68;5.08;992;13;1767.00;2
4189;12;22836330;4189;387;5177;5179;5.39;0.33;279.62;5.08;988;13;1768.00;2
4194;12;22836342;4194;384;5177;5179;5.34;0.33;279.58;5.08;983;13;1769.00;2
4197;12;22836355;4197;385;5180;5183;5.37;0.33;279.53;5.08;983;13;1770.00;3
4199;12;22836367;4199;391;5180;5183;5.40;0.33;279.51;5.08;981;13;1771.00;3
4201;12;22836379;4201;395;5184;5187;5.49;0.34;279.56;5.08;983;13;1772.00;3
4204;12;22836391;4204;400;5184;5188;5.53;0.34;279.64;5.08;980;13;1773.00;4
4210;12;22836403;4210;405;5185;5188;5.51;0.34;279.64;5.07;975;13;1774.00;3
4212;12;22836419;4212;416;5185;5188;5.48;0.34;279.61;5.07;973;13;1775.00;3
4218;12;22836431;4218;421;5195;5201;5.49;0.34;279.54;5.06;977;13;1776.00;6
4220;12;22836443;4220;426;5196;5201;5.45;0.34;279.61;5.06;976;13;1777.00;5
4224;12;22836458;4224;431;5196;5201;5.35;0.33;279.58;5.06;972;13;1778.00;5
4228;12;22836472;4228;432;5197;5202;5.29;0.33;279.44;5.06;969;13;1779.00;5
4232;12;22836487;4232;433;5197;5203;5.24;0.32;279.41;5.06;965;13;1780.00;6
4236;12;22836502;4236;435;5197;5203;5.15;0.32;279.30;5.06;961;13;1781.00;6
4239;12;22836515;4239;430;5199;5206;5.21;0.32;279.28;5.06;960;13;1782.00;7
4243;12;22836530;4243;438;5199;5206;5.19;0.32;279.25;5.06;956;13;1783.00;7
4248;12;22836545;4248;437;5200;5206;5.15;0.31;279.25;5.06;952;13;1784.00;6
4250;12;22836559;4250;443;5200;5206;5.09;0.31;279.14;5.06;950;13;1785.00;6
4256;12;22836572;4256;439;5205;5212;5.08;0.31;279.06;5.06;949;13;1786.00;7
4258;12;22836589;4258;442;5205;5212;5.06;0.31;279.14;5.06;947;13;1787.00;7
4260;12;22836602;4260;442;5205;5212;5.03;0.31;279.07;5.06;945;13;1788.00;7
4264;12;22836616;4264;445;5205;5212;4.98;0.30;279.11;5.06;941;13;1789.00;7
4266;12;22836627;4266;445;5208;5216;5.01;0.31;279.16;5.05;942;13;1790.00;8
4268;12;22836638;4268;454;5209;5217;4.99;0.30;279.15;5.05;941;13;1791.00;8
4270;12;22836650;4270;456;5209;5217;4.95;0.30;279.16;5.05;939;13;1792.00;8
4272;12;22836663;4272;458;5210;5218;4.97;0.30;279.14;5.05;938;13;1793.00;8
4274;12;22836674;4274;455;5210;5218;4.99;0.30;279.16;5.05;936;13;1794.00;8
4276;12;22836686;4276;446;5210;5218;5.04;0.31;279.14;5.05;934;13;1795.00;8
4278;12;22836696;4278;437;5210;5218;5.11;0.31;279.19;5.05;932;13;1796.00;8
4281;12;22836706;4281;424;5210;5218;5.14;0.31;279.29;5.05;929;13;1797.00;8
4282;12;22836718;4282;410;5210;5218;5.22;0.32;279.23;5.05;928;13;1798.00;8
4284;12;22836729;4284;397;5210;5218;5.29;0.32;279.24;5.05;926;13;1799.00;8
4286;12;22836742;4286;420;5285;5356;5.67;0.35;279.30;4.98;999;13;1800.00;71
4286;12;22836770;4286;417;5288;5357;5.81;0.36;279.30;4.98;1002;13;1801.00;69
4287;12;22836784;4287;404;5297;5357;5.97;0.37;279.34;4.97;1010;13;1802.00;60
4287;12;22836797;4287;395;5299;5357;6.12;0.38;279.34;4.97;1012;13;1803.00;58
4288;12;22836809;4288;398;5305;5357;6.30;0.39;279.33;4.97;1017;13;1804.00;52
4289;12;22836821;4289;392;5305;5357;6.37;0.39;279.35;4.97;1016;13;1805.00;52
4289;12;22836840;4289;375;5311;5357;6.44;0.40;279.35;4.97;1022;13;1806.00;46
4290;12;22836854;4290;355;5315;5357;6.52;0.40;279.37;4.97;1025;13;1807.00;42
4292;12;22836868;4292;352;5320;5358;6.58;0.40;279.40;4.98;1028;13;1808.00;38
4292;12;22836882;4292;345;5322;5359;6.61;0.41;279.40;4.98;1030;13;1809.00;37
4292;12;22836895;4292;337;5326;5359;6.66;0.41;279.40;4.98;1034;13;1810.00;33
4294;12;22836909;4294;332;5331;5363;6.69;0.41;279.45;4.98;1037;13;1811.00;32
4298;12;22836925;4298;333;5333;5363;6.75;0.41;279.49;4.98;1035;13;1812.00;30
4298;12;22836940;4298;328;5334;5363;6.87;0.42;279.49;4.98;1036;13;1813.00;29
4298;12;22836961;4298;340;5335;5363;6.90;0.42;279.49;4.99;1037;13;1814.00;28
4302;12;22836974;4302;342;5339;5369;6.89;0.42;279.68;4.98;1037;13;1815.00;30
4306;12;22836991;4306;345;5340;5369;6.86;0.42;279.75;4.98;1034;13;1816.00;29
4306;12;22837007;4306;339;5340;5369;6.94;0.42;279.75;4.98;1034;13;1817.00;29
4309;12;22837021;4309;334;5342;5372;6.96;0.42;279.81;4.98;1033;13;1818.00;30
4314;12;22837035;4314;331;5342;5372;6.96;0.42;279.76;4.98;1028;13;1819.00;30
4316;12;22837049;4316;325;5343;5372;6.97;0.43;279.95;4.98;1027;13;1820.00;29
4317;12;22837063;4317;325;5344;5373;7.03;0.43;280.05;4.99;1027;13;1821.00;29
4321;12;22837076;4321;328;5346;5374;7.04;0.43;280.26;4.99;1025;13;1822.00;28
4322;12;22837090;4322;322;5346;5374;7.12;0.43;280.32;4.99;1024;13;1823.00;28
4324;12;22837115;4324;318;5354;5387;7.17;0.44;280.38;4.98;1030;13;1824.00;33
4327;12;22837132;4327;317;5355;5387;7.21;0.44;280.33;4.98;1028;13;1825.00;32
4332;12;22837146;4332;316;5355;5387;7.26;0.44;280.50;4.98;1023;13;1826.00;32
4335;12;22837166;4335;321;5356;5388;7.30;0.44;280.59;4.98;1021;13;1827.00;32
4338;12;22837181;4338;325;5357;5388;7.41;0.45;280.53;4.98;1019;13;1828.00;31
4340;12;22837195;4340;323;5361;5392;7.49;0.46;280.59;4.98;1021;13;1829.00;31
4346;12;22837212;4346;324;5361;5392;7.58;0.46;280.64;4.98;1015;13;1830.00;31
4346;12;22837227;4346;331;5366;5396;7.66;0.47;280.64;4.98;1020;13;1831.00;30
4348;12;22837241;4348;334;5367;5396;7.69;0.47;280.68;4.98;1019;13;1832.00;29
4351;12;22837256;4351;332;5367;5396;7.70;0.47;280.74;4.98;1016;13;1833.00;29
4354;13;22837271;4354;333;5367;5396;7.69;0.47;280.80;4.98;1013;14;1834.00;29
4354;13;22837313;4354;332;5367;5396;7.73;0.47;280.80;4.98;1013;14;1835.00;29
4358;13;22837325;4358;330;5377;5408;7.75;0.47;280.95;4.97;1019;14;1836.00;31
4363;14;22837340;4363;325;5378;5408;7.73;0.47;281.10;4.97;1015;15;1837.00;30
4365;14;22837370;4365;329;5379;5408;7.72;0.47;281.13;4.98;1014;15;1838.00;29
4370;14;22837385;4370;330;5379;5408;7.65;0.46;281.35;4.98;1009;15;1839.00;29
4373;14;22837399;4373;323;5379;5408;7.64;0.46;281.50;4.98;1006;15;1840.00;29
4374;14;22837415;4374;316;5380;5408;7.65;0.47;281.59;4.98;1006;15;1841.00;28
4376;14;22837428;4376;313;5380;5409;7.64;0.46;281.72;4.98;1004;15;1842.00;29
4381;14;22837441;4381;305;5380;5409;7.67;0.47;281.89;4.98;999;15;1843.00;29
4383;14;22837456;4383;297;5386;5415;7.65;0.46;282.13;4.99;1003;15;1844.00;29
4385;14;22837480;4385;294;5388;5417;7.66;0.46;282.12;4.99;1003;15;1845.00;29
4387;14;22837494;4387;287;5388;5417;7.61;0.46;282.15;4.99;1001;15;1846.00;29
4391;14;22837508;4391;283;5388;5417;7.61;0.46;282.41;4.99;997;15;1847.00;29
4394;14;22837521;4394;283;5392;5421;7.59;0.46;282.55;4.99;998;15;1848.00;29
4397;14;22837535;4397;277;5392;5421;7.54;0.46;282.74;4.99;995;15;1849.00;29
4400;14;22837548;4400;278;5392;5421;7.49;0.45;282.88;4.99;992;15;1850.00;29
4402;14;22837560;4402;278;5393;5422;7.43;0.45;283.00;4.99;991;15;1851.00;29
4406;14;22837572;4406;280;5396;5426;7.36;0.45;283.11;4.99;990;15;1852.00;30
4410;14;22837585;4410;273;5396;5426;7.28;0.44;283.32;4.99;986;15;1853.00;30
4411;14;22837597;4411;271;5398;5429;7.28;0.44;283.44;4.99;987;15;1854.00;31
4412;14;22837610;4412;271;5401;5429;7.22;0.44;283.49;5.01;989;15;1855.00;28
4416;14;22837623;4416;267;5401;5429;7.22;0.44;283.67;5.01;985;15;1856.00;28
4417;14;22837635;4417;259;5401;5429;7.19;0.44;283.70;5.01;984;15;1857.00;28
4422;14;22837651;4422;257;5405;5433;7.22;0.44;283.90;5.01;983;15;1858.00;28
4426;14;22837666;4426;258;5405;5433;7.25;0.44;283.94;5.01;979;15;1859.00;28
4428;14;22837686;4428;250;5405;5433;7.27;0.44;283.96;5.01;977;15;1860.00;28
4429;14;22837701;4429;255;5406;5433;7.36;0.45;284.02;5.02;977;15;1861.00;27
4432;14;22837714;4432;246;5406;5434;7.37;0.45;284.09;5.02;974;15;1862.00;28
4433;14;22837727;4433;241;5407;5435;7.40;0.45;284.05;5.02;974;15;1863.00;28
4436;14;22837745;4436;236;5407;5435;7.36;0.45;284.14;5.02;971;15;1864.00;28
4441;14;22837758;4441;236;5408;5436;7.37;0.45;284.21;5.02;967;15;1865.00;28
4442;14;22837776;4442;234;5408;5436;7.37;0.45;284.18;5.02;966;15;1866.00;28
4445;14;22837795;4445;232;5408;5436;7.40;0.45;284.27;5.02;963;15;1867.00;28
4448;14;22837813;4448;228;5408;5436;7.46;0.45;284.27;5.02;960;15;1868.00;28
4451;14;22837830;4451;224;5408;5436;7.50;0.46;284.33;5.02;957;15;1869.00;28
4454;14;22837848;4454;224;5408;5436;7.52;0.46;284.31;5.02;954;15;1870.00;28
4456;14;22837872;4456;224;5408;5436;7.58;0.46;284.35;5.02;952;15;1871.00;28
4459;14;22837891;4459;244;5474;5563;7.60;0.47;284.48;4.97;1015;15;1872.00;89
4459;14;22837920;4459;231;5476;5564;7.60;0.47;284.48;4.97;1017;15;1873.00;88
4460;14;22837934;4460;222;5483;5564;7.70;0.48;284.43;4.96;1023;15;1874.00;81
4464;14;22837948;4464;223;5487;5564;7.73;0.48;284.56;4.96;1023;15;1875.00;77
4469;14;22837962;4469;220;5490;5564;7.81;0.48;284.75;4.96;1021;15;1876.00;74
4472;14;22837975;4472;217;5496;5564;7.85;0.48;284.90;4.96;1024;15;1877.00;68
4475;14;22837990;4475;215;5496;5564;7.87;0.48;284.99;4.96;1021;15;1878.00;68
4480;14;22838007;4480;216;5500;5564;7.90;0.49;285.08;4.98;1020;15;1879.00;64
4481;14;22838034;4481;214;5505;5565;7.94;0.49;285.07;4.98;1024;15;1880.00;60
4484;14;22838047;4484;221;5509;5566;7.94;0.49;285.06;5.01;1025;15;1881.00;57
4488;14;22838062;4488;224;5517;5568;7.91;0.49;285.06;5.03;1029;15;1882.00;51
4490;14;22838075;4490;227;5520;5569;7.89;0.48;285.10;5.03;1030;15;1883.00;49
4494;14;22838098;4494;232;5523;5569;7.84;0.48;285.32;5.05;1029;15;1884.00;46
4497;14;22838116;4497;237;5525;5569;7.85;0.48;285.36;5.07;1028;15;1885.00;44
4499;14;22838134;4499;240;5529;5569;7.90;0.48;285.45;5.09;1030;15;1886.00;40
4503;14;22838151;4503;248;5532;5573;7.88;0.48;285.50;5.09;1029;15;1887.00;41
4506;14;22838168;4506;258;5535;5573;7.86;0.48;285.50;5.13;1029;15;1888.00;38
4509;14;22838184;4509;265;5538;5573;7.79;0.48;285.53;5.14;1029;15;1889.00;35
4512;14;22838203;4512;271;5543;5579;7.68;0.47;285.50;5.14;1031;15;1890.00;36
4514;14;22838219;4514;275;5547;5579;7.59;0.47;285.62;5.18;1033;15;1891.00;32
4518;14;22838232;4518;282;5548;5579;7.55;0.46;285.59;5.18;1030;15;1892.00;31
4522;14;22838246;4522;283;5552;5583;7.46;0.46;285.61;5.20;1030;15;1893.00;31
4526;14;22838260;4526;289;5553;5584;7.46;0.46;285.56;5.19;1027;15;1894.00;31
4527;14;22838275;4527;293;5554;5584;7.41;0.45;285.57;5.21;1027;15;1895.00;30
4528;14;22838289;4528;292;5561;5588;7.32;0.45;285.60;5.24;1033;15;1896.00;27
4532;14;22838303;4532;297;5564;5588;7.21;0.44;285.65;5.26;1032;15;1897.00;24
4534;14;22838318;4534;304;5565;5588;7.16;0.44;285.62;5.26;1031;15;1898.00;23
4537;14;22838331;4537;306;5568;5589;7.08;0.43;285.77;5.28;1031;15;1899.00;21
4542;14;22838345;4542;302;5568;5589;7.00;0.43;285.81;5.28;1026;15;1900.00;21
4544;14;22838364;4544;303;5577;5595;7.05;0.43;285.74;5.29;1033;15;1901.00;18
4548;14;22838379;4548;303;5577;5595;6.99;0.43;285.97;5.29;1029;15;1902.00;18
4551;14;22838392;4551;311;5577;5596;6.94;0.42;285.98;5.29;1026;15;1903.00;19
4553;14;22838406;4553;305;5578;5596;6.89;0.42;286.01;5.31;1025;15;1904.00;18
4558;14;22838420;4558;313;5578;5596;6.87;0.42;286.28;5.31;1020;15;1905.00;18
4560;14;22838433;4560;314;5578;5596;6.82;0.42;286.26;5.31;1018;15;1906.00;18
4562;14;22838446;4562;326;5580;5596;6.80;0.42;286.37;5.34;1018;15;1907.00;16
4562;14;22838458;4562;324;5592;5608;6.79;0.42;286.37;5.34;1030;15;1908.00;16
4567;14;22838472;4567;323;5592;5608;6.80;0.42;286.46;5.34;1025;15;1909.00;16
4569;14;22838484;4569;325;5593;5608;6.81;0.42;286.40;5.35;1024;15;1910.00;15
4573;14;22838497;4573;325;5595;5608;6.81;0.42;286.49;5.37;1022;15;1911.00;13
4575;14;22838510;4575;328;5596;5608;6.83;0.42;286.63;5.38;1021;15;1912.00;12
4578;14;22838523;4578;329;5596;5608;6.84;0.42;286.58;5.38;1018;15;1913.00;12
4584;14;22838537;4584;333;5599;5612;6.78;0.42;286.58;5.38;1015;15;1914.00;13
4587;14;22838550;4587;341;5599;5612;6.78;0.42;286.68;5.38;1012;15;1915.00;13
4593;14;22838567;4593;345;5607;5616;6.70;0.41;286.70;5.41;1014;15;1916.00;9
4594;14;22838580;4594;349;5608;5617;6.60;0.41;286.71;5.41;1014;15;1917.00;9
4596;14;22838591;4596;350;5609;5617;6.50;0.40;286.78;5.41;1013;15;1918.00;8
4599;14;22838603;4599;360;5610;5617;6.42;0.40;286.79;5.42;1011;15;1919.00;7
4602;14;22838616;4602;368;5632;5646;6.31;0.39;286.75;5.40;1030;15;1920.00;14
4608;14;22838630;4608;371;5634;5646;6.20;0.38;286.66;5.41;1026;15;1921.00;12
4610;14;22838642;4610;374;5638;5646;6.16;0.38;286.71;5.41;1028;15;1922.00;8
4613;14;22838653;4613;378;5640;5647;6.09;0.38;286.71;5.41;1027;15;1923.00;7
4617;14;22838664;4617;391;5641;5648;5.98;0.37;286.66;5.41;1024;15;1924.00;7
4623;14;22838673;4623;379;5641;5648;5.89;0.36;286.51;5.41;1018;15;1925.00;7
4628;14;22838684;4628;377;5645;5651;5.77;0.35;286.48;5.42;1017;15;1926.00;6
4630;14;22838696;4630;377;5645;5651;5.72;0.35;286.43;5.42;1015;15;1927.00;6
4633;14;22838705;4633;385;5646;5651;5.64;0.35;286.34;5.42;1013;15;1928.00;5
4635;14;22838716;4635;387;5646;5651;5.63;0.35;286.27;5.42;1011;15;1929.00;5
4638;14;22838727;4638;395;5651;5657;5.69;0.35;286.20;5.42;1013;15;1930.00;6
4642;14;22838738;4642;405;5651;5657;5.61;0.35;286.16;5.42;1009;15;1931.00;6
4647;14;22838749;4647;405;5651;5657;5.58;0.34;286.11;5.42;1004;15;1932.00;6
4649;14;22838760;4649;407;5651;5657;5.57;0.34;286.04;5.42;1002;15;1933.00;6
4651;14;22838770;4651;400;5654;5661;5.54;0.34;286.03;5.41;1003;15;1934.00;7
4656;14;22838782;4656;392;5656;5663;5.42;0.33;285.98;5.41;1000;15;1935.00;7
4657;14;22838793;4657;389;5656;5663;5.34;0.33;286.03;5.41;999;15;1936.00;7
4660;14;22838804;4660;398;5657;5664;5.29;0.32;285.96;5.41;997;15;1937.00;7
4663;14;22838815;4663;408;5657;5664;5.19;0.32;285.98;5.41;994;15;1938.00;7
4666;14;22838825;4666;414;5657;5664;5.12;0.32;285.95;5.41;991;15;1939.00;7
4670;14;22838836;4670;415;5657;5664;5.04;0.31;285.90;5.41;987;15;1940.00;7
4674;14;22838849;4674;419;5657;5664;4.96;0.31;285.93;5.41;983;15;1941.00;7
4676;14;22838861;4676;422;5657;5664;4.91;0.30;285.93;5.41;981;15;1942.00;7
4679;14;22838874;4679;433;5657;5664;4.89;0.30;285.95;5.41;978;15;1943.00;7
4685;14;22838885;4685;434;5693;5734;5.05;0.31;285.96;5.38;1008;15;1944.00;41
4689;14;22838904;4689;433;5694;5735;5.03;0.31;285.95;5.38;1005;15;1945.00;41
4691;14;22838916;4691;440;5704;5735;5.13;0.32;285.97;5.37;1013;15;1946.00;31
4694;14;22838928;4694;436;5706;5735;5.12;0.32;285.99;5.37;1012;15;1947.00;29
4697;14;22838940;4697;443;5707;5735;5.12;0.32;285.95;5.37;1010;15;1948.00;28
4705;14;22838951;4705;442;5710;5735;5.03;0.31;285.98;5.37;1005;15;1949.00;25
4706;14;22838971;4706;456;5713;5737;5.02;0.31;285.99;5.37;1007;15;1950.00;24
4711;14;22838984;4711;444;5716;5737;5.04;0.31;286.10;5.37;1005;15;1951.00;21
4714;14;22838997;4714;436;5718;5738;5.09;0.31;286.11;5.37;1004;15;1952.00;20
4716;14;22839014;4716;426;5721;5739;5.12;0.32;286.10;5.37;1005;15;1953.00;18
4723;14;22839034;4723;424;5723;5739;5.12;0.32;286.07;5.37;1000;15;1954.00;16
4726;14;22839046;4726;423;5728;5743;5.15;0.32;286.05;5.37;1002;15;1955.00;15
4728;14;22839060;4728;418;5730;5743;5.19;0.32;286.06;5.37;1002;15;1956.00;13
4732;14;22839074;4732;420;5731;5743;5.20;0.32;286.09;5.37;999;15;1957.00;12
4737;14;22839099;4737;416;5731;5743;5.23;0.32;286.13;5.37;994;15;1958.00;12
4739;14;22839111;4739;421;5736;5749;5.29;0.33;286.14;5.37;997;15;1959.00;13
4743;14;22839122;4743;423;5736;5749;5.32;0.33;286.14;5.37;993;15;1960.00;13
4749;14;22839134;4749;427;5736;5749;5.28;0.32;286.15;5.37;987;15;1961.00;13
4749;14;22839145;4749;429;5738;5752;5.34;0.33;286.15;5.37;989;15;1962.00;14
4754;14;22839156;4754;432;5738;5752;5.43;0.33;286.16;5.37;984;15;1963.00;14
4756;14;22839168;4756;426;5739;5752;5.46;0.33;286.18;5.37;983;15;1964.00;13
4757;14;22839186;4757;423;5739;5753;5.47;0.34;286.16;5.37;982;15;1965.00;14
4761;14;22839200;4761;429;5740;5754;5.47;0.33;286.07;5.37;979;15;1966.00;14
4764;14;22839216;4764;428;5740;5754;5.47;0.33;286.03;5.37;976;15;1967.00;14
4766;14;22839228;4766;434;5750;5767;5.53;0.34;286.00;5.36;984;15;1968.00;17
4768;14;22839242;4768;442;5751;5767;5.53;0.34;285.96;5.36;983;15;1969.00;16
4769;14;22839255;4769;446;5751;5767;5.49;0.33;285.92;5.36;982;15;1970.00;16
4770;14;22839267;4770;455;5752;5768;5.48;0.33;285.89;5.35;982;15;1971.00;16
4771;14;22839279;4771;451;5752;5768;5.49;0.33;285.86;5.35;981;15;1972.00;16
4774;14;22839290;4774;443;5756;5772;5.58;0.34;285.76;5.35;982;15;1973.00;16
4778;14;22839303;4778;436;5756;5772;5.61;0.34;285.89;5.35;978;15;1974.00;16
4781;14;22839315;4781;431;5759;5776;5.63;0.34;285.90;5.35;978;15;1975.00;17
4783;14;22839327;4783;428;5759;5776;5.66;0.34;285.99;5.35;976;15;1976.00;17
4785;14;22839338;4785;424;5759;5776;5.70;0.34;285.99;5.35;974;15;1977.00;17
4789;14;22839358;4789;425;5759;5776;5.70;0.34;286.09;5.35;970;15;1978.00;17
4791;14;22839371;4791;419;5759;5776;5.76;0.35;286.19;5.35;968;15;1979.00;17
4792;14;22839386;4792;429;5787;5810;5.91;0.36;286.26;5.32;995;15;1980.00;23
4796;14;22839415;4796;412;5787;5810;5.97;0.36;286.45;5.32;991;15;1981.00;23
4798;14;22839429;4798;397;5789;5810;6.07;0.37;286.48;5.32;991;15;1982.00;21
4800;14;22839441;4800;394;5789;5810;6.18;0.37;286.49;5.32;989;15;1983.00;21
4800;14;22839453;4800;383;5790;5810;6.24;0.38;286.49;5.32;990;15;1984.00;20
4802;14;22839466;4802;379;5790;5810;6.37;0.39;286.59;5.32;988;15;1985.00;20
4803;14;22839478;4803;373;5790;5811;6.43;0.39;286.63;5.32;987;15;1986.00;21
4804;14;22839491;4804;371;5790;5811;6.45;0.39;286.72;5.32;986;15;1987.00;21
4806;14;22839505;4806;364;5795;5817;6.46;0.39;286.80;5.32;989;15;1988.00;22
4807;14;22839518;4807;362;5796;5818;6.50;0.39;286.86;5.32;989;15;1989.00;22
4809;14;22839530;4809;361;5796;5818;6.46;0.39;286.93;5.32;987;15;1990.00;22
4811;14;22839548;4811;367;5796;5818;6.47;0.39;286.99;5.32;985;15;1991.00;22
4814;14;22839561;4814;364;5799;5822;6.49;0.39;287.14;5.31;985;15;1992.00;23
4814;14;22839581;4814;365;5799;5822;6.48;0.39;287.14;5.31;985;15;1993.00;23
4817;14;22839594;4817;353;5799;5822;6.43;0.39;287.21;5.31;982;15;1994.00;23
4820;14;22839606;4820;352;5800;5823;6.39;0.39;287.30;5.31;980;15;1995.00;23
4822;14;22839619;4822;346;5803;5827;6.39;0.39;287.41;5.31;981;15;1996.00;24
4823;14;22839631;4823;338;5803;5827;6.40;0.39;287.39;5.31;980;15;1997.00;24
4824;14;22839643;4824;334;5805;5830;6.53;0.40;287.41;5.31;981;15;1998.00;25
4825;14;22839655;4825;334;5805;5830;6.55;0.40;287.51;5.31;980;15;1999.00;25
4828;14;22839668;4828;324;5806;5830;6.63;0.40;287.69;5.31;978;15;2000.00;24
4829;14;22839686;4829;329;5806;5830;6.70;0.41;287.75;5.31;977;15;2001.00;24
4835;14;22839698;4835;331;5810;5834;6.79;0.41;287.87;5.31;975;15;2002.00;24
4836;14;22839713;4836;334;5810;5834;6.85;0.42;287.88;5.31;974;15;2003.00;24
4836;14;22839729;4836;337;5810;5834;6.90;0.42;287.88;5.31;974;15;2004.00;24
4837;14;22839748;4837;337;5810;5834;6.93;0.42;287.89;5.31;973;15;2005.00;24
4841;14;22839766;4841;337;5810;5835;6.94;0.42;288.01;5.31;969;15;2006.00;25
4843;14;22839784;4843;340;5811;5836;6.98;0.42;288.02;5.31;968;15;2007.00;25
4845;14;22839814;4845;343;5811;5836;6.94;0.42;288.10;5.31;966;15;2008.00;25
4847;14;22839841;4847;340;5812;5837;6.93;0.42;288.10;5.30;965;15;2009.00;25
4849;14;22839862;4849;341;5812;5837;6.86;0.42;288.26;5.30;963;15;2010.00;25
4852;14;22839890;4852;343;5812;5837;6.81;0.41;288.31;5.30;960;15;2011.00;25
4854;14;22839909;4854;345;5812;5837;6.77;0.41;288.37;5.30;958;15;2012.00;25
4857;14;22839926;4857;349;5812;5837;6.75;0.41;288.45;5.30;955;15;2013.00;25
4858;14;22839945;4858;353;5812;5837;6.73;0.41;288.51;5.30;954;15;2014.00;25
4861;14;22839970;4861;347;5812;5837;6.69;0.41;288.51;5.30;951;15;2015.00;25
4862;14;22839984;4862;372;5888;5964;6.70;0.41;288.54;5.24;1026;15;2016.00;76
4862;14;22840006;4862;349;5888;5965;6.79;0.42;288.54;5.24;1026;15;2017.00;77
4863;14;22840021;4863;340;5893;5965;6.92;0.43;288.53;5.23;1030;15;2018.00;72
4866;14;22840035;4866;321;5895;5965;6.97;0.43;288.54;5.23;1029;15;2019.00;70
4868;14;22840047;4868;307;5899;5965;7.03;0.43;288.62;5.23;1031;15;2020.00;66
4869;14;22840060;4869;300;5900;5965;7.06;0.43;288.62;5.23;1031;15;2021.00;65
4870;14;22840073;4870;303;5903;5965;7.14;0.44;288.70;5.23;1033;15;2022.00;62
4872;14;22840086;4872;296;5906;5965;7.21;0.44;288.78;5.23;1034;15;2023.00;59
4874;15;22840104;4874;295;5907;5966;7.26;0.44;288.90;5.23;1033;16;2024.00;59
4875;15;22840147;4875;295;5912;5968;7.30;0.45;289.00;5.24;1037;16;2025.00;56
4876;15;22840163;4876;292;5913;5968;7.30;0.45;289.02;5.24;1037;16;2026.00;55
4877;15;22840179;4877;293;5915;5969;7.28;0.45;289.05;5.24;1038;16;2027.00;54
4882;15;22840192;4882;296;5920;5969;7.17;0.44;289.28;5.24;1038;16;2028.00;49
4885;15;22840206;4885;288;5922;5969;7.09;0.43;289.39;5.27;1037;16;2029.00;47
4889;15;22840228;4889;281;5925;5969;7.00;0.43;289.53;5.29;1036;16;2030.00;44
4892;15;22840240;4892;275;5928;5973;6.98;0.43;289.60;5.29;1036;16;2031.00;45
4893;15;22840255;4893;277;5929;5973;6.96;0.43;289.64;5.29;1036;16;2032.00;44
4896;15;22840269;4896;277;5932;5973;6.96;0.43;289.70;5.29;1036;16;2033.00;41
4898;15;22840283;4898;279;5935;5976;6.95;0.43;289.64;5.29;1037;16;2034.00;41
4900;15;22840297;4900;279;5935;5976;6.92;0.42;289.72;5.29;1035;16;2035.00;41
4902;15;22840310;4902;270;5935;5976;6.90;0.42;289.76;5.29;1033;16;2036.00;41
4902;15;22840322;4902;279;5939;5980;6.93;0.42;289.76;5.30;1037;16;2037.00;41
4906;15;22840335;4906;283;5941;5981;6.93;0.42;289.88;5.30;1035;16;2038.00;40
4909;15;22840348;4909;288;5943;5981;6.97;0.42;289.90;5.30;1034;16;2039.00;38
4911;15;22840363;4911;282;5947;5986;7.02;0.43;289.96;5.30;1036;16;2040.00;39
4915;15;22840375;4915;275;5947;5986;7.06;0.43;290.12;5.30;1032;16;2041.00;39
4917;15;22840388;4917;271;5947;5986;7.10;0.43;290.09;5.30;1030;16;2042.00;39
4920;15;22840401;4920;264;5949;5987;7.15;0.43;290.07;5.31;1029;16;2043.00;38
4925;15;22840416;4925;262;5949;5987;7.19;0.44;290.20;5.31;1024;16;2044.00;38
4928;15;22840430;4928;264;5953;5993;7.25;0.44;290.23;5.31;1025;16;2045.00;40
4932;15;22840442;4932;262;5953;5993;7.25;0.44;290.21;5.31;1021;16;2046.00;40
4935;15;22840455;4935;253;5953;5994;7.22;0.44;290.19;5.31;1018;16;2047.00;41
4940;15;22840474;4940;253;5953;5994;7.16;0.43;290.34;5.31;1013;16;2048.00;41
4943;15;22840487;4943;254;5953;5994;7.18;0.43;290.39;5.31;1010;16;2049.00;41
4947;15;22840500;4947;253;5953;5994;7.20;0.44;290.34;5.31;1006;16;2050.00;41
4951;15;22840512;4951;263;5957;5994;7.18;0.43;290.56;5.34;1006;16;2051.00;37
4952;15;22840530;4952;268;5966;6006;7.24;0.44;290.52;5.33;1014;16;2052.00;40
4955;15;22840544;4955;271;5966;6006;7.22;0.44;290.62;5.33;1011;16;2053.00;40
4956;15;22840556;4956;272;5969;6006;7.26;0.44;290.69;5.34;1013;16;2054.00;37
4957;15;22840569;4957;280;5972;6006;7.20;0.44;290.71;5.37;1015;16;2055.00;34
4959;15;22840581;4959;288;5972;6006;7.17;0.43;290.77;5.37;1013;16;2056.00;34
4964;15;22840599;4964;293;5974;6006;7.11;0.43;290.78;5.39;1010;16;2057.00;32
4967;15;22840612;4967;298;5977;6010;7.01;0.42;290.75;5.41;1010;16;2058.00;33
4969;15;22840623;4969;309;5978;6010;6.93;0.42;290.81;5.41;1009;16;2059.00;32
4973;15;22840642;4973;319;5983;6014;6.91;0.42;291.05;5.42;1010;16;2060.00;31
4974;15;22840655;4974;325;5985;6015;6.92;0.42;291.08;5.44;1011;16;2061.00;30
4977;15;22840668;4977;327;5985;6015;6.85;0.41;291.14;5.44;1008;16;2062.00;30
4977;15;22840682;4977;335;5986;6015;6.83;0.41;291.14;5.46;1009;16;2063.00;29
4978;15;22840694;4978;334;5998;6028;6.80;0.41;291.22;5.47;1020;16;2064.00;30
4978;15;22840707;4978;338;5999;6028;6.77;0.41;291.22;5.49;1021;16;2065.00;29
4982;15;22840721;4982;342;6001;6028;6.73;0.41;291.08;5.51;1019;16;2066.00;27
4982;15;22840733;4982;351;6003;6029;6.70;0.41;291.08;5.53;1021;16;2067.00;26
4983;15;22840746;4983;352;6004;6030;6.66;0.41;291.10;5.55;1021;16;2068.00;26
4985;15;22840759;4985;359;6004;6030;6.62;0.40;291.15;5.55;1019;16;2069.00;26
4986;15;22840773;4986;354;6010;6036;6.54;0.40;291.13;5.57;1024;16;2070.00;26
4987;15;22840786;4987;362;6010;6036;6.51;0.40;291.08;5.57;1023;16;2071.00;26
4990;15;22840798;4990;367;6013;6036;6.50;0.40;291.12;5.58;1023;16;2072.00;23
4992;15;22840811;4992;378;6014;6036;6.47;0.40;291.10;5.59;1022;16;2073.00;22
4993;15;22840822;4993;375;6020;6042;6.46;0.40;291.09;5.60;1027;16;2074.00;22
4997;15;22840842;4997;374;6021;6042;6.41;0.39;291.10;5.60;1024;16;2075.00;21
5003;15;22840856;5003;371;6022;6042;6.35;0.39;291.00;5.61;1019;16;2076.00;20
5005;15;22840868;5005;373;6022;6042;6.32;0.39;290.98;5.61;1017;16;2077.00;20
5009;15;22840881;5009;377;6027;6046;6.25;0.38;291.04;5.64;1018;16;2078.00;19
5011;15;22840893;5011;381;6028;6047;6.24;0.38;291.05;5.64;1017;16;2079.00;19
5012;15;22840905;5012;385;6028;6047;6.22;0.38;291.02;5.64;1016;16;2080.00;19
5013;15;22840918;5013;386;6031;6048;6.21;0.38;291.07;5.67;1018;16;2081.00;17
5016;15;22840936;5016;393;6032;6048;6.20;0.38;291.23;5.68;1016;16;2082.00;16
5018;15;22840947;5018;392;6032;6048;6.21;0.38;291.20;5.68;1014;16;2083.00;16
5019;15;22840957;5019;398;6032;6048;6.20;0.38;291.16;5.68;1013;16;2084.00;16
5022;15;22840968;5022;403;6035;6048;6.12;0.38;291.04;5.71;1013;16;2085.00;13
5024;16;22840979;5024;406;6035;6048;6.09;0.37;291.07;5.71;1011;17;2086.00;13
5027;16;22841014;5027;404;6037;6048;6.02;0.37;291.06;5.73;1010;17;2087.00;11
5030;16;22841025;5030;412;6076;6118;6.17;0.38;291.00;5.69;1046;17;2088.00;42
5034;16;22841043;5034;411;6078;6119;6.07;0.37;290.89;5.72;1044;17;2089.00;41
5041;16;22841056;5041;416;6085;6119;6.03;0.37;290.81;5.71;1044;17;2090.00;34
5044;16;22841068;5044;419;6090;6119;6.00;0.37;290.78;5.71;1046;17;2091.00;29
5046;16;22841081;5046;422;6096;6119;5.91;0.36;290.81;5.72;1050;17;2092.00;23
5048;16;22841092;5048;435;6097;6119;5.77;0.35;290.80;5.72;1049;17;2093.00;22
5052;16;22841103;5052;444;6099;6119;5.72;0.35;290.75;5.72;1047;17;2094.00;20
5055;16;22841113;5055;446;6102;6119;5.66;0.35;290.78;5.72;1047;17;2095.00;17
5059;16;22841124;5059;446;6106;6120;5.52;0.34;290.62;5.74;1047;17;2096.00;14
5065;16;22841139;5065;449;6108;6121;5.40;0.33;290.54;5.74;1043;17;2097.00;13
5067;16;22841149;5067;456;6112;6121;5.29;0.32;290.55;5.75;1045;17;2098.00;9
5068;16;22841159;5068;465;6116;6125;5.19;0.32;290.52;5.75;1048;17;2099.00;9
5074;16;22841173;5074;458;6120;6140;5.06;0.31;290.42;5.74;1046;17;2100.00;20
5078;16;22841191;5078;454;6123;6140;4.97;0.30;290.53;5.75;1045;17;2101.00;17
5080;16;22841201;5080;454;6123;6140;4.94;0.30;290.50;5.75;1043;17;2102.00;17
5081;16;22841212;5081;462;6128;6146;4.94;0.30;290.48;5.76;1047;17;2103.00;18
5084;16;22841222;5084;461;6129;6146;4.91;0.30;290.43;5.76;1045;17;2104.00;17
5088;16;22841233;5088;465;6131;6146;4.84;0.30;290.36;5.76;1043;17;2105.00;15
5091;16;22841245;5091;463;6133;6149;4.80;0.29;290.42;5.75;1042;17;2106.00;16
5093;16;22841256;5093;458;6134;6149;4.79;0.29;290.43;5.75;1041;17;2107.00;15
5096;16;22841268;5096;437;6134;6149;4.81;0.29;290.47;5.75;1038;17;2108.00;15
5098;16;22841279;5098;429;6134;6150;4.83;0.30;290.50;5.75;1036;17;2109.00;16
5100;16;22841290;5100;422;6135;6151;4.89;0.30;290.52;5.75;1035;17;2110.00;16
5102;16;22841301;5102;413;6137;6151;4.92;0.30;290.59;5.75;1035;17;2111.00;14
5106;16;22841312;5106;401;6147;6164;5.05;0.31;290.52;5.74;1041;17;2112.00;17
5109;16;22841325;5109;399;6147;6164;5.14;0.31;290.45;5.74;1038;17;2113.00;17
5112;16;22841336;5112;398;6147;6164;5.15;0.31;290.46;5.74;1035;17;2114.00;17
5113;16;22841354;5113;399;6149;6166;5.28;0.32;290.45;5.74;1036;17;2115.00;17
5118;16;22841366;5118;399;6149;6166;5.30;0.32;290.48;5.74;1031;17;2116.00;17
5122;16;22841378;5122;397;6154;6170;5.35;0.33;290.39;5.74;1032;17;2117.00;16
5124;16;22841390;5124;396;6154;6170;5.39;0.33;290.46;5.74;1030;17;2118.00;16
5126;16;22841424;5126;406;6157;6174;5.43;0.33;290.43;5.74;1031;17;2119.00;17
5130;16;22841444;5130;409;6157;6174;5.43;0.33;290.47;5.74;1027;17;2120.00;17
5131;16;22841464;5131;406;6157;6174;5.41;0.33;290.49;5.74;1026;17;2121.00;17
5134;16;22841481;5134;412;6159;6174;5.39;0.33;290.47;5.75;1025;17;2122.00;15
5137;16;22841499;5137;407;6159;6174;5.38;0.33;290.51;5.75;1022;17;2123.00;15
5140;16;22841516;5140;414;6168;6186;5.47;0.33;290.51;5.74;1028;17;2124.00;18
5141;16;22841534;5141;414;6170;6186;5.48;0.33;290.50;5.74;1029;17;2125.00;16
5145;16;22841550;5145;412;6171;6186;5.47;0.33;290.48;5.74;1026;17;2126.00;15
5149;16;22841568;5149;399;6171;6186;5.46;0.33;290.43;5.74;1022;17;2127.00;15
5149;16;22841585;5149;395;6173;6186;5.50;0.34;290.43;5.75;1024;17;2128.00;13
5154;16;22841601;5154;385;6174;6186;5.50;0.34;290.45;5.75;1020;17;2129.00;12
5157;16;22841621;5157;393;6174;6187;5.53;0.34;290.40;5.75;1017;17;2130.00;13
5161;16;22841640;5161;391;6174;6187;5.53;0.34;290.37;5.75;1013;17;2131.00;13
5165;16;22841658;5165;397;6179;6193;5.56;0.34;290.44;5.74;1014;17;2132.00;14
5168;16;22841680;5168;398;6180;6194;5.56;0.34;290.40;5.74;1012;17;2133.00;14
5172;16;22841693;5172;403;6180;6194;5.56;0.34;290.37;5.74;1008;17;2134.00;14
5177;16;22841709;5177;405;6180;6194;5.55;0.34;290.37;5.74;1003;17;2135.00;14
5182;16;22841724;5182;408;6183;6198;5.55;0.34;290.35;5.74;1001;17;2136.00;15
5184;16;22841739;5184;410;6183;6198;5.60;0.34;290.33;5.74;999;17;2137.00;15
5186;16;22841753;5186;412;6183;6198;5.61;0.34;290.38;5.74;997;17;2138.00;15
5189;16;22841767;5189;408;6184;6199;5.68;0.35;290.41;5.74;995;17;2139.00;15
5189;16;22841784;5189;411;6187;6203;5.76;0.35;290.41;5.74;998;17;2140.00;16
5192;16;22841798;5192;403;6187;6203;5.72;0.35;290.45;5.74;995;17;2141.00;16
5196;16;22841810;5196;405;6189;6206;5.69;0.35;290.56;5.73;993;17;2142.00;17
5199;16;22841822;5199;406;6189;6206;5.67;0.35;290.68;5.73;990;17;2143.00;17
5202;16;22841834;5202;405;6190;6206;5.64;0.34;290.66;5.73;988;17;2144.00;16
5203;16;22841847;5203;410;6190;6206;5.65;0.35;290.69;5.73;987;17;2145.00;16
5208;16;22841859;5208;414;6194;6210;5.65;0.35;290.77;5.73;986;17;2146.00;16
5212;16;22841871;5212;403;6194;6210;5.64;0.34;290.82;5.73;982;17;2147.00;16
5215;16;22841883;5215;390;6194;6210;5.64;0.35;290.94;5.73;979;17;2148.00;16
5219;16;22841895;5219;383;6194;6210;5.66;0.35;291.03;5.73;975;17;2149.00;16
5221;16;22841906;5221;376;6194;6211;5.68;0.35;291.14;5.73;973;17;2150.00;17
5223;16;22841923;5223;374;6195;6212;5.76;0.35;291.16;5.73;972;17;2151.00;17
5225;16;22841949;5225;369;6195;6212;5.85;0.36;291.23;5.73;970;17;2152.00;17
5228;16;22841967;5228;368;6196;6213;5.92;0.36;291.27;5.73;968;17;2153.00;17
5228;16;22841987;5228;373;6196;6213;6.00;0.37;291.27;5.73;968;17;2154.00;17
5231;16;22842005;5231;372;6196;6213;6.06;0.37;291.35;5.73;965;17;2155.00;17
5232;16;22842025;5232;362;6196;6213;6.17;0.38;291.45;5.73;964;17;2156.00;17
5236;16;22842044;5236;356;6196;6213;6.26;0.38;291.52;5.73;960;17;2157.00;17
5239;17;22842064;5239;354;6196;6213;6.34;0.39;291.60;5.73;957;18;2158.00;17
5243;17;22842098;5243;347;6196;6213;6.43;0.39;291.72;5.73;953;18;2159.00;17
5247;17;22842119;5247;399;6318;6443;6.56;0.41;291.84;5.62;1071;18;2160.00;125
5249;17;22842184;5249;386;6323;6444;6.55;0.41;292.00;5.62;1074;18;2161.00;121
5250;17;22842222;5250;367;6331;6444;6.63;0.41;292.02;5.61;1081;18;2162.00;113
5252;17;22842245;5252;361;6336;6444;6.59;0.41;292.25;5.61;1084;18;2163.00;108
5258;17;22842267;5258;349;6344;6444;6.57;0.41;292.39;5.61;1086;18;2164.00;100
5260;17;22842291;5260;359;6348;6444;6.54;0.41;292.47;5.61;1088;18;2165.00;96
5264;17;22842323;5264;369;6354;6444;6.46;0.40;292.57;5.61;1090;18;2166.00;90
5266;17;22842352;5266;367;6359;6444;6.46;0.40;292.67;5.61;1093;18;2167.00;85
5269;17;22842369;5269;374;6368;6445;6.41;0.40;292.75;5.61;1099;18;2168.00;77
5270;17;22842391;5270;382;6372;6446;6.38;0.40;292.81;5.61;1102;18;2169.00;74
5273;17;22842414;5273;379;6377;6446;6.33;0.39;292.90;5.62;1104;18;2170.00;69
5273;17;22842438;5273;385;6380;6447;6.22;0.39;292.90;5.62;1107;18;2171.00;67
5275;17;22842459;5275;387;6383;6447;6.16;0.38;293.03;5.62;1108;18;2172.00;64
5276;17;22842483;5276;381;6385;6447;6.14;0.38;293.04;5.62;1109;18;2173.00;62
5279;17;22842506;5279;384;6386;6447;6.09;0.38;293.06;5.63;1107;18;2174.00;61
5280;17;22842530;5280;385;6392;6451;6.06;0.38;293.03;5.63;1112;18;2175.00;59
5282;17;22842552;5282;393;6392;6451;6.08;0.38;293.12;5.63;1110;18;2176.00;59
5285;17;22842572;5285;397;6394;6451;6.04;0.37;293.19;5.63;1109;18;2177.00;57
5285;17;22842592;5285;391;6395;6454;6.03;0.37;293.19;5.63;1110;18;2178.00;59
5286;17;22842616;5286;398;6397;6454;6.05;0.37;293.20;5.64;1111;18;2179.00;57
5289;17;22842638;5289;398;6399;6454;6.06;0.37;293.26;5.64;1110;18;2180.00;55
5295;17;22842658;5295;402;6402;6458;6.06;0.37;293.32;5.64;1107;18;2181.00;56
5297;17;22842680;5297;405;6404;6459;6.09;0.37;293.34;5.64;1107;18;2182.00;55
5298;17;22842701;5298;403;6404;6459;6.16;0.38;293.32;5.64;1106;18;2183.00;55
5298;17;22842722;5298;406;6409;6463;6.26;0.38;293.32;5.64;1111;18;2184.00;54
5302;17;22842739;5302;409;6409;6463;6.28;0.38;293.34;5.64;1107;18;2185.00;54
5305;17;22842754;5305;416;6409;6463;6.32;0.39;293.42;5.64;1104;18;2186.00;54
5307;17;22842769;5307;417;6411;6464;6.34;0.39;293.35;5.64;1104;18;2187.00;53
5307;17;22842784;5307;417;6411;6464;6.36;0.39;293.35;5.64;1104;18;2188.00;53
5308;17;22842797;5308;416;6417;6470;6.40;0.39;293.45;5.65;1109;18;2189.00;53
5309;17;22842813;5309;414;6418;6470;6.48;0.39;293.47;5.65;1109;18;2190.00;52
5310;17;22842827;5310;409;6420;6471;6.53;0.40;293.50;5.66;1110;18;2191.00;51
5313;17;22842841;5313;404;6421;6471;6.53;0.40;293.56;5.66;1108;18;2192.00;50
5314;17;22842856;5314;401;6421;6471;6.60;0.40;293.59;5.66;1107;18;2193.00;50
5317;17;22842870;5317;394;6423;6471;6.63;0.40;293.65;5.66;1106;18;2194.00;48
5319;17;22842884;5319;386;6424;6471;6.63;0.40;293.66;5.66;1105;18;2195.00;47
5321;17;22842900;5321;380;6434;6483;6.63;0.40;293.68;5.65;1113;18;2196.00;49
5326;17;22842921;5326;375;6434;6483;6.64;0.40;293.66;5.65;1108;18;2197.00;49
5328;17;22842944;5328;369;6435;6483;6.62;0.40;293.71;5.65;1107;18;2198.00;48
5330;17;22842967;5330;365;6435;6483;6.58;0.40;293.69;5.65;1105;18;2199.00;48
5333;17;22842988;5333;367;6435;6483;6.51;0.40;293.70;5.65;1102;18;2200.00;48
5334;17;22843019;5334;365;6435;6483;6.48;0.39;293.77;5.65;1101;18;2201.00;48
5338;17;22843040;5338;365;6438;6487;6.35;0.39;293.90;5.65;1100;18;2202.00;49
5341;17;22843063;5341;363;6438;6487;6.21;0.38;293.90;5.65;1097;18;2203.00;49
5345;17;22843085;5345;358;6442;6491;6.08;0.37;293.94;5.65;1097;18;2204.00;49
5347;17;22843111;5347;361;6446;6493;5.90;0.36;294.04;5.69;1099;18;2205.00;47
5349;17;22843133;5349;351;6447;6493;5.83;0.36;294.06;5.69;1098;18;2206.00;46
5353;17;22843158;5353;349;6447;6493;5.78;0.35;294.16;5.69;1094;18;2207.00;46
5356;17;22843179;5356;337;6456;6506;5.82;0.36;294.29;5.68;1100;18;2208.00;50
5358;17;22843201;5358;339;6456;6506;5.84;0.36;294.34;5.68;1098;18;2209.00;50
5361;17;22843222;5361;339;6458;6508;5.88;0.36;294.36;5.68;1097;18;2210.00;50
5361;17;22843241;5361;330;6459;6509;5.98;0.37;294.36;5.68;1098;18;2211.00;50
5361;17;22843262;5361;329;6459;6510;6.05;0.37;294.36;5.68;1098;18;2212.00;51
5364;17;22843284;5364;326;6459;6510;6.10;0.37;294.43;5.68;1095;18;2213.00;51
5368;17;22843302;5368;320;6461;6513;6.17;0.38;294.64;5.68;1093;18;2214.00;52
5372;17;22843322;5372;321;6462;6513;6.23;0.38;294.71;5.68;1090;18;2215.00;51
5377;17;22843343;5377;316;6462;6513;6.28;0.38;294.84;5.68;1085;18;2216.00;51
5382;17;22843363;5382;323;6462;6513;6.30;0.38;295.03;5.68;1080;18;2217.00;51
5385;17;22843384;5385;322;6467;6519;6.33;0.39;295.02;5.67;1082;18;2218.00;52
5387;17;22843408;5387;324;6467;6519;6.36;0.39;295.17;5.67;1080;18;2219.00;52
5391;17;22843439;5391;327;6467;6519;6.34;0.38;295.31;5.67;1076;18;2220.00;52
5393;17;22843459;5393;333;6467;6519;6.33;0.38;295.36;5.67;1074;18;2221.00;52
5398;17;22843479;5398;337;6471;6523;6.27;0.38;295.48;5.68;1073;18;2222.00;52
5402;17;22843495;5402;338;6472;6524;6.25;0.38;295.63;5.68;1070;18;2223.00;52
5403;17;22843522;5403;341;6472;6524;6.21;0.38;295.70;5.68;1069;18;2224.00;52
5405;17;22843543;5405;339;6474;6525;6.16;0.37;295.71;5.69;1069;18;2225.00;51
5409;17;22843567;5409;346;6474;6525;6.13;0.37;295.70;5.69;1065;18;2226.00;51
5413;17;22843586;5413;346;6474;6525;6.10;0.37;295.69;5.69;1061;18;2227.00;51
5414;17;22843601;5414;351;6475;6525;6.11;0.37;295.66;5.70;1061;18;2228.00;50
5417;17;22843613;5417;355;6475;6525;6.07;0.37;295.83;5.70;1058;18;2229.00;50
5417;17;22843626;5417;357;6475;6525;6.06;0.37;295.83;5.70;1058;18;2230.00;50
5419;17;22843638;5419;362;6477;6525;6.01;0.37;295.86;5.73;1058;18;2231.00;48
5422;17;22843650;5422;366;6510;6595;6.17;0.38;295.75;5.72;1088;18;2232.00;85
5424;17;22843669;5424;368;6512;6596;6.13;0.37;295.75;5.73;1088;18;2233.00;84
5427;17;22843683;5427;363;6521;6596;6.20;0.38;295.66;5.72;1094;18;2234.00;75
5429;17;22843695;5429;374;6528;6596;6.26;0.38;295.59;5.76;1099;18;2235.00;68
5430;17;22843707;5430;379;6534;6596;6.24;0.38;295.58;5.79;1104;18;2236.00;62
5432;17;22843719;5432;388;6536;6596;6.18;0.38;295.51;5.79;1104;18;2237.00;60
5435;17;22843732;5435;393;6539;6596;6.12;0.37;295.51;5.79;1104;18;2238.00;57
5436;18;22843744;5436;406;6543;6596;6.05;0.37;295.49;5.80;1107;19;2239.00;53
5436;18;22843768;5436;414;6545;6597;5.98;0.37;295.49;5.80;1109;19;2240.00;52
5439;18;22843781;5439;424;6551;6598;5.87;0.36;295.38;5.89;1112;19;2241.00;47
5441;18;22843794;5441;427;6553;6598;5.76;0.35;295.29;5.89;1112;19;2242.00;45
5441;18;22843805;5441;426;6559;6602;5.69;0.35;295.29;5.92;1118;19;2243.00;43
5443;18;22843818;5443;435;6562;6602;5.64;0.34;295.21;5.95;1119;19;2244.00;40
5444;18;22843830;5444;448;6564;6602;5.58;0.34;295.19;5.97;1120;19;2245.00;38
5446;18;22843841;5446;458;6567;6602;5.48;0.34;295.12;6.01;1121;19;2246.00;35
5447;18;22843854;5447;456;6573;6608;5.46;0.33;295.07;6.01;1126;19;2247.00;35
5450;18;22843867;5450;463;6575;6608;5.38;0.33;295.01;6.03;1125;19;2248.00;33
5453;18;22843879;5453;466;6577;6608;5.34;0.33;294.99;6.04;1124;19;2249.00;31
5454;18;22843892;5454;468;6582;6614;5.38;0.33;295.02;6.05;1128;19;2250.00;32
5456;18;22843904;5456;468;6583;6614;5.37;0.33;294.95;6.06;1127;19;2251.00;31
5457;18;22843917;5457;469;6586;6614;5.34;0.33;294.93;6.07;1129;19;2252.00;28
5459;18;22843928;5459;469;6587;6615;5.30;0.32;294.91;6.09;1128;19;2253.00;28
5460;18;22843940;5460;471;6588;6616;5.27;0.32;294.90;6.09;1128;19;2254.00;28
5461;18;22843952;5461;475;6590;6616;5.23;0.32;294.88;6.11;1129;19;2255.00;26
5463;18;22843964;5463;476;6601;6629;5.25;0.32;294.84;6.10;1138;19;2256.00;28
5464;18;22843977;5464;477;6603;6629;5.24;0.32;294.79;6.13;1139;19;2257.00;26
5465;18;22843989;5465;485;6603;6629;5.22;0.32;294.78;6.13;1138;19;2258.00;26
5466;18;22844002;5466;487;6604;6630;5.23;0.32;294.79;6.13;1138;19;2259.00;26
5466;18;22844015;5466;492;6606;6630;5.18;0.32;294.79;6.16;1140;19;2260.00;24
5469;18;22844028;5469;499;6610;6634;5.15;0.31;294.69;6.16;1141;19;2261.00;24
5473;18;22844041;5473;502;6611;6634;5.06;0.31;294.62;6.17;1138;19;2262.00;23
5474;18;22844052;5474;511;6615;6638;4.98;0.30;294.58;6.18;1141;19;2263.00;23
5478;18;22844065;5478;508;6615;6638;4.87;0.30;294.53;6.18;1137;19;2264.00;23
5480;18;22844075;5480;498;6617;6638;4.83;0.30;294.44;6.20;1137;19;2265.00;21
5481;18;22844088;5481;497;6617;6638;4.77;0.29;294.41;6.20;1136;19;2266.00;21
5482;18;22844106;5482;497;6619;6638;4.71;0.29;294.39;6.21;1137;19;2267.00;19
5485;18;22844120;5485;498;6629;6650;4.71;0.29;294.37;6.20;1144;19;2268.00;21
5488;18;22844137;5488;497;6630;6650;4.68;0.29;294.35;6.22;1142;19;2269.00;20
5491;18;22844152;5491;502;6631;6650;4.70;0.29;294.29;6.22;1140;19;2270.00;19
5495;18;22844166;5495;504;6631;6650;4.67;0.29;294.28;6.22;1136;19;2271.00;19
5495;18;22844191;5495;503;6631;6650;4.69;0.29;294.28;6.22;1136;19;2272.00;19
5500;18;22844203;5500;509;6631;6650;4.63;0.28;294.23;6.22;1131;19;2273.00;19
5502;18;22844216;5502;504;6631;6651;4.61;0.28;294.22;6.22;1129;19;2274.00;20
5505;18;22844228;5505;493;6631;6651;4.65;0.28;294.22;6.22;1126;19;2275.00;20
5507;18;22844239;5507;481;6636;6657;4.73;0.29;294.26;6.21;1129;19;2276.00;21
5509;18;22844252;5509;474;6637;6658;4.77;0.29;294.31;6.21;1128;19;2277.00;21
5511;18;22844270;5511;470;6637;6658;4.81;0.29;294.32;6.21;1126;19;2278.00;21
5512;18;22844283;5512;470;6637;6658;4.85;0.30;294.31;6.21;1125;19;2279.00;21
5514;18;22844303;5514;464;6641;6663;4.91;0.30;294.27;6.21;1127;19;2280.00;22
5515;18;22844315;5515;456;6641;6663;4.93;0.30;294.29;6.21;1126;19;2281.00;22
5518;18;22844327;5518;438;6641;6663;4.93;0.30;294.26;6.21;1123;19;2282.00;22
5518;18;22844338;5518;432;6642;6664;5.02;0.31;294.26;6.21;1124;19;2283.00;22
5521;18;22844350;5521;435;6645;6668;5.06;0.31;294.28;6.20;1124;19;2284.00;23
5524;18;22844363;5524;422;6645;6668;5.06;0.31;294.43;6.20;1121;19;2285.00;23
5526;18;22844374;5526;415;6648;6671;5.08;0.31;294.44;6.20;1122;19;2286.00;23
5528;18;22844388;5528;407;6648;6671;5.11;0.31;294.50;6.20;1120;19;2287.00;23
5534;18;22844399;5534;405;6648;6671;5.06;0.31;294.61;6.20;1114;19;2288.00;23
5537;18;22844413;5537;410;6648;6671;5.07;0.31;294.57;6.20;1111;19;2289.00;23
5541;18;22844425;5541;406;6652;6675;5.13;0.31;294.70;6.20;1111;19;2290.00;23
5546;18;22844438;5546;406;6652;6675;5.12;0.31;294.93;6.20;1106;19;2291.00;23
5551;18;22844450;5551;404;6652;6675;5.13;0.31;294.98;6.20;1101;19;2292.00;23
5557;18;22844463;5557;400;6652;6675;5.09;0.31;295.10;6.20;1095;19;2293.00;23
5561;18;22844475;5561;396;6652;6676;5.11;0.31;295.17;6.20;1091;19;2294.00;24
5565;18;22844487;5565;396;6654;6678;5.14;0.31;295.39;6.20;1089;19;2295.00;24
5569;18;22844500;5569;393;6654;6678;5.18;0.31;295.43;6.20;1085;19;2296.00;24
5571;18;22844512;5571;391;6655;6679;5.24;0.32;295.45;6.20;1084;19;2297.00;24
5573;18;22844524;5573;396;6655;6679;5.29;0.32;295.44;6.20;1082;19;2298.00;24
5576;18;22844536;5576;395;6655;6679;5.29;0.32;295.56;6.20;1079;19;2299.00;24
5577;18;22844550;5577;397;6655;6679;5.33;0.32;295.67;6.20;1078;19;2300.00;24
5581;18;22844565;5581;398;6655;6679;5.34;0.32;295.69;6.20;1074;19;2301.00;24
5585;18;22844578;5585;394;6655;6679;5.31;0.32;295.84;6.20;1070;19;2302.00;24
5592;18;22844590;5592;398;6655;6679;5.26;0.32;296.01;6.20;1063;19;2303.00;24
5597;18;22844609;5597;415;6734;6806;5.47;0.34;296.13;6.12;1137;19;2304.00;72
5599;18;22844632;5599;410;6738;6807;5.48;0.34;296.19;6.12;1139;19;2305.00;69
5602;18;22844648;5602;402;6742;6807;5.53;0.34;296.17;6.12;1140;19;2306.00;65
5603;18;22844664;5603;407;6742;6807;5.58;0.34;296.20;6.12;1139;19;2307.00;65
5604;18;22844681;5604;399;6745;6807;5.63;0.35;296.22;6.12;1141;19;2308.00;62
5607;18;22844695;5607;395;6746;6807;5.61;0.35;296.22;6.12;1139;19;2309.00;61
5608;18;22844711;5608;390;6747;6807;5.60;0.35;296.22;6.12;1139;19;2310.00;60
5610;18;22844724;5610;385;6748;6807;5.62;0.35;296.22;6.12;1138;19;2311.00;59
5612;18;22844737;5612;390;6751;6808;5.67;0.35;296.35;6.12;1139;19;2312.00;57
5617;18;22844750;5617;395;6755;6809;5.71;0.35;296.47;6.12;1138;19;2313.00;54
5619;18;22844763;5619;396;6757;6809;5.69;0.35;296.59;6.12;1138;19;2314.00;52
5622;18;22844777;5622;400;6758;6810;5.69;0.35;296.67;6.12;1136;19;2315.00;52
5625;18;22844791;5625;403;6759;6810;5.70;0.35;296.80;6.12;1134;19;2316.00;51
5630;18;22844804;5630;405;6764;6810;5.64;0.35;296.91;6.13;1134;19;2317.00;46
5636;18;22844820;5636;411;6764;6810;5.59;0.34;297.04;6.13;1128;19;2318.00;46
5640;18;22844834;5640;415;6769;6814;5.57;0.34;297.10;6.15;1129;19;2319.00;45
5642;18;22844850;5642;418;6769;6814;5.58;0.34;297.11;6.15;1127;19;2320.00;45
5643;18;22844864;5643;418;6770;6814;5.59;0.34;297.14;6.15;1127;19;2321.00;44
5649;18;22844879;5649;407;6772;6817;5.54;0.34;297.27;6.15;1123;19;2322.00;45
5651;18;22844892;5651;398;6772;6817;5.56;0.34;297.30;6.15;1121;19;2323.00;45
5653;18;22844906;5653;401;6774;6817;5.60;0.34;297.44;6.16;1121;19;2324.00;43
5655;18;22844921;5655;397;6777;6821;5.65;0.35;297.49;6.15;1122;19;2325.00;44
5656;18;22844936;5656;392;6778;6822;5.72;0.35;297.55;6.16;1122;19;2326.00;44
5658;18;22844950;5658;389;6778;6822;5.76;0.35;297.66;6.16;1120;19;2327.00;44
5660;18;22844964;5660;388;6781;6826;5.75;0.35;297.62;6.16;1121;19;2328.00;45
5664;18;22844979;5664;399;6781;6826;5.74;0.35;297.66;6.16;1117;19;2329.00;45
5665;18;22844993;5665;396;6782;6826;5.72;0.35;297.75;6.16;1117;19;2330.00;44
5669;18;22845008;5669;396;6784;6827;5.74;0.35;297.79;6.16;1115;19;2331.00;43
5671;18;22845022;5671;392;6785;6827;5.78;0.35;297.86;6.16;1114;19;2332.00;42
5672;18;22845036;5672;406;6789;6833;5.78;0.35;297.84;6.16;1117;19;2333.00;44
5673;18;22845052;5673;402;6792;6833;5.84;0.35;297.84;6.18;1119;19;2334.00;41
5675;18;22845066;5675;402;6793;6834;5.85;0.36;297.94;6.18;1118;19;2335.00;41
5679;18;22845080;5679;411;6795;6834;5.85;0.36;298.10;6.18;1116;19;2336.00;39
5680;18;22845094;5680;408;6795;6834;5.87;0.36;298.13;6.18;1115;19;2337.00;39
5681;18;22845114;5681;420;6796;6834;5.89;0.36;298.22;6.18;1115;19;2338.00;38
5684;18;22845130;5684;424;6797;6834;5.89;0.36;298.21;6.18;1113;19;2339.00;37
5686;18;22845146;5686;424;6820;6870;5.92;0.36;298.30;6.16;1134;19;2340.00;50
5691;18;22845163;5691;431;6823;6870;5.95;0.36;298.37;6.16;1132;19;2341.00;47
5695;18;22845176;5695;424;6824;6870;5.97;0.37;298.40;6.16;1129;19;2342.00;46
5695;18;22845190;5695;425;6827;6870;6.05;0.37;298.40;6.16;1132;19;2343.00;43
5697;18;22845203;5697;425;6827;6870;6.09;0.37;298.41;6.16;1130;19;2344.00;43
5697;18;22845217;5697;425;6828;6870;6.14;0.38;298.41;6.16;1131;19;2345.00;42
5700;18;22845231;5700;423;6831;6874;6.14;0.38;298.47;6.15;1131;19;2346.00;43
5703;18;22845246;5703;425;6831;6874;6.19;0.38;298.42;6.15;1128;19;2347.00;43
5704;18;22845260;5704;420;6835;6878;6.26;0.38;298.46;6.15;1131;19;2348.00;43
5705;18;22845275;5705;425;6836;6879;6.37;0.39;298.50;6.15;1131;19;2349.00;43
5708;18;22845288;5708;424;6836;6879;6.39;0.39;298.66;6.15;1128;19;2350.00;43
5710;18;22845302;5710;427;6836;6879;6.40;0.39;298.67;6.15;1126;19;2351.00;43
5713;18;22845316;5713;424;6846;6892;6.40;0.39;298.78;6.14;1133;19;2352.00;46
5714;18;22845331;5714;422;6846;6892;6.41;0.39;298.81;6.14;1132;19;2353.00;46
5718;18;22845345;5718;426;6847;6892;6.38;0.39;298.87;6.14;1129;19;2354.00;45
5719;18;22845358;5719;425;6848;6893;6.37;0.39;298.90;6.14;1129;19;2355.00;45
5724;18;22845371;5724;425;6849;6894;6.29;0.38;299.00;6.15;1125;19;2356.00;45
5728;18;22845385;5728;431;6849;6894;6.21;0.38;299.04;6.15;1121;19;2357.00;45
5732;18;22845399;5732;427;6851;6897;6.17;0.37;299.06;6.14;1119;19;2358.00;46
5736;18;22845414;5736;432;6851;6897;6.15;0.37;299.18;6.14;1115;19;2359.00;46
5742;18;22845428;5742;434;6852;6897;6.10;0.37;299.25;6.14;1110;19;2360.00;45
5743;18;22845441;5743;440;6852;6897;6.02;0.37;299.28;6.14;1109;19;2361.00;45
5747;18;22845454;5747;442;6857;6903;6.00;0.36;299.35;6.14;1110;19;2362.00;46
5749;18;22845468;5749;445;6857;6903;5.93;0.36;299.36;6.14;1108;19;2363.00;46
5749;18;22845480;5749;443;6857;6903;5.92;0.36;299.36;6.14;1108;19;2364.00;46
5752;18;22845493;5752;443;6857;6903;5.90;0.36;299.38;6.14;1105;19;2365.00;46
5754;18;22845506;5754;439;6860;6907;5.87;0.36;299.44;6.14;1106;19;2366.00;47
5756;18;22845520;5756;435;6861;6908;5.89;0.36;299.45;6.14;1105;19;2367.00;47
5756;18;22845533;5756;433;6861;6908;5.90;0.36;299.45;6.14;1105;19;2368.00;47
5760;18;22845547;5760;429;6862;6909;5.84;0.35;299.52;6.14;1102;19;2369.00;47
5761;18;22845562;5761;432;6863;6909;5.82;0.35;299.48;6.15;1102;19;2370.00;46
5761;18;22845574;5761;426;6863;6909;5.81;0.35;299.48;6.15;1102;19;2371.00;46
5762;18;22845587;5762;433;6863;6909;5.79;0.35;299.53;6.15;1101;19;2372.00;46
5765;18;22845600;5765;432;6863;6909;5.79;0.35;299.67;6.15;1098;19;2373.00;46
5766;18;22845613;5766;434;6863;6909;5.83;0.35;299.70;6.15;1097;19;2374.00;46
5768;18;22845625;5768;436;6863;6909;5.81;0.35;299.75;6.15;1095;19;2375.00;46
5770;18;22845638;5770;440;6898;6979;5.87;0.36;299.77;6.11;1128;19;2376.00;81
5772;18;22845656;5772;436;6900;6980;5.90;0.36;299.83;6.11;1128;19;2377.00;80
5775;18;22845669;5775;432;6907;6980;5.94;0.36;299.87;6.11;1132;19;2378.00;73
5778;18;22845682;5778;429;6910;6980;5.91;0.36;299.94;6.14;1132;19;2379.00;70
5780;18;22845696;5780;432;6914;6980;5.88;0.36;299.97;6.16;1134;19;2380.00;66
5783;18;22845709;5783;437;6917;6980;5.82;0.36;300.12;6.16;1134;19;2381.00;63
5786;18;22845721;5786;437;6919;6980;5.80;0.35;300.14;6.16;1133;19;2382.00;61
5788;18;22845734;5788;430;6923;6980;5.75;0.35;300.16;6.16;1135;19;2383.00;57
5790;18;22845753;5790;435;6925;6981;5.70;0.35;300.16;6.16;1135;19;2384.00;56
5792;18;22845765;5792;439;6930;6983;5.62;0.34;300.23;6.18;1138;19;2385.00;53
5794;18;22845778;5794;443;6931;6983;5.53;0.34;300.17;6.18;1137;19;2386.00;52
5795;18;22845792;5795;443;6935;6987;5.49;0.33;300.19;6.18;1140;19;2387.00;52
5796;18;22845805;5796;434;6936;6987;5.47;0.33;300.23;6.18;1140;19;2388.00;51
5801;18;22845817;5801;438;6937;6987;5.41;0.33;300.16;6.19;1136;19;2389.00;50
5801;18;22845830;5801;431;6937;6987;5.44;0.33;300.16;6.19;1136;19;2390.00;50
5808;18;22845842;5808;429;6942;6993;5.40;0.33;300.00;6.19;1134;19;2391.00;51
5811;18;22845857;5811;435;6942;6993;5.40;0.33;299.93;6.19;1131;19;2392.00;51
5811;18;22845870;5811;435;6942;6993;5.41;0.33;299.93;6.19;1131;19;2393.00;51
5813;18;22845885;5813;438;6944;6996;5.45;0.33;299.99;6.18;1131;19;2394.00;52
5814;18;22845900;5814;440;6945;6996;5.42;0.33;299.94;6.18;1131;19;2395.00;51
5815;18;22845914;5815;442;6945;6996;5.43;0.33;299.96;6.18;1130;19;2396.00;51
5820;18;22845927;5820;444;6945;6997;5.41;0.33;299.87;6.18;1125;19;2397.00;52
5820;18;22845942;5820;445;6946;6998;5.44;0.33;299.87;6.18;1126;19;2398.00;52
5823;18;22845958;5823;446;6946;6998;5.40;0.33;299.74;6.18;1123;19;2399.00;52
5824;18;22845975;5824;460;6972;7057;5.42;0.33;299.75;6.16;1148;19;2400.00;85
5826;18;22846004;5826;456;6976;7057;5.39;0.33;299.71;6.18;1150;19;2401.00;81
5829;18;22846025;5829;454;6979;7057;5.40;0.33;299.77;6.18;1150;19;2402.00;78
5832;18;22846040;5832;455;6981;7058;5.42;0.33;299.77;6.18;1149;19;2403.00;77
5833;18;22846053;5833;463;6983;7058;5.37;0.33;299.72;6.18;1150;19;2404.00;75
5834;18;22846066;5834;462;6988;7062;5.37;0.33;299.71;6.22;1154;19;2405.00;74
5836;18;22846079;5836;470;6992;7062;5.34;0.33;299.73;6.22;1156;19;2406.00;70
5838;18;22846094;5838;475;6996;7066;5.32;0.33;299.66;6.23;1158;19;2407.00;70
5839;18;22846113;5839;478;6997;7066;5.27;0.32;299.70;6.26;1158;19;2408.00;69
5840;18;22846130;5840;487;6999;7066;5.22;0.32;299.65;6.29;1159;19;2409.00;67
5844;18;22846151;5844;484;6999;7066;5.15;0.32;299.57;6.29;1155;19;2410.00;67
5846;18;22846168;5846;487;6999;7066;5.14;0.31;299.51;6.29;1153;19;2411.00;67
5847;18;22846183;5847;482;7011;7078;5.14;0.31;299.50;6.31;1164;19;2412.00;67
5848;18;22846200;5848;489;7013;7078;5.16;0.32;299.50;6.34;1165;19;2413.00;65
5850;18;22846214;5850;498;7014;7078;5.15;0.32;299.50;6.36;1164;19;2414.00;64
5850;18;22846227;5850;498;7016;7078;5.16;0.32;299.50;6.39;1166;19;2415.00;62
5851;18;22846239;5851;499;7018;7078;5.15;0.32;299.49;6.44;1167;19;2416.00;60
5852;18;22846254;5852;506;7021;7078;5.08;0.31;299.45;6.46;1169;19;2417.00;57
5856;18;22846267;5856;509;7022;7079;5.06;0.31;299.48;6.47;1166;19;2418.00;57
5857;18;22846281;5857;512;7023;7079;5.00;0.31;299.46;6.49;1166;19;2419.00;56
5858;18;22846299;5858;517;7028;7085;4.95;0.30;299.42;6.49;1170;19;2420.00;57
5861;18;22846313;5861;524;7029;7086;4.85;0.30;299.37;6.49;1168;19;2421.00;57
5863;18;22846325;5863;504;7031;7086;4.83;0.30;299.31;6.53;1168;19;2422.00;55
5866;18;22846338;5866;508;7033;7086;4.75;0.29;299.30;6.54;1167;19;2423.00;53
5866;18;22846351;5866;499;7037;7090;4.76;0.29;299.30;6.54;1171;19;2424.00;53
5869;18;22846364;5869;486;7039;7090;4.78;0.29;299.20;6.58;1170;19;2425.00;51
5869;18;22846377;5869;482;7042;7090;4.77;0.29;299.20;6.58;1173;19;2426.00;48
5870;18;22846389;5870;479;7043;7091;4.79;0.29;299.17;6.58;1173;19;2427.00;48
5870;18;22846403;5870;481;7050;7095;4.89;0.30;299.17;6.62;1180;19;2428.00;45
5872;18;22846418;5872;479;7050;7095;4.93;0.30;299.16;6.62;1178;19;2429.00;45
5872;18;22846434;5872;476;7057;7101;4.98;0.30;299.16;6.65;1185;19;2430.00;44
5874;18;22846457;5874;470;7057;7101;5.04;0.31;299.15;6.65;1183;19;2431.00;44
5876;18;22846471;5876;471;7059;7101;5.07;0.31;299.13;6.66;1183;19;2432.00;42
5880;18;22846484;5880;474;7059;7101;5.08;0.31;299.06;6.66;1179;19;2433.00;42
5880;18;22846497;5880;473;7065;7105;5.16;0.31;299.06;6.69;1185;19;2434.00;40
5881;18;22846511;5881;468;7065;7105;5.17;0.32;299.03;6.69;1184;19;2435.00;40
5882;18;22846524;5882;469;7067;7105;5.14;0.31;299.00;6.72;1185;19;2436.00;38
5883;18;22846544;5883;475;7068;7105;5.11;0.31;299.03;6.74;1185;19;2437.00;37
5884;18;22846557;5884;481;7070;7106;5.12;0.31;299.02;6.76;1186;19;2438.00;36
5886;18;22846570;5886;480;7071;7107;5.08;0.31;299.01;6.76;1185;19;2439.00;36
5889;18;22846583;5889;489;7071;7107;5.04;0.31;299.04;6.76;1182;19;2440.00;36
5891;18;22846596;5891;484;7074;7108;4.96;0.30;299.03;6.79;1183;19;2441.00;34
5893;18;22846608;5893;494;7075;7108;4.91;0.30;299.07;6.81;1182;19;2442.00;33
5897;18;22846621;5897;500;7077;7108;4.80;0.29;299.08;6.83;1180;19;2443.00;31
5900;18;22846635;5900;499;7077;7108;4.80;0.29;299.04;6.83;1177;19;2444.00;31
5903;18;22846650;5903;502;7079;7108;4.81;0.29;298.97;6.85;1176;19;2445.00;29
5905;18;22846663;5905;508;7079;7108;4.78;0.29;298.99;6.85;1174;19;2446.00;29
5910;18;22846675;5910;500;7081;7108;4.75;0.29;299.18;6.88;1171;19;2447.00;27
5914;18;22846688;5914;519;7145;7235;5.03;0.31;299.22;6.82;1231;19;2448.00;90
5917;18;22846712;5917;513;7149;7236;5.04;0.31;299.21;6.82;1232;19;2449.00;87
5921;18;22846725;5921;495;7155;7236;5.10;0.32;299.26;6.82;1234;19;2450.00;81
5924;18;22846739;5924;493;7162;7236;5.13;0.32;299.30;6.81;1238;19;2451.00;74
5930;18;22846754;5930;483;7167;7236;5.10;0.32;299.25;6.81;1237;19;2452.00;69
5934;18;22846769;5934;479;7169;7236;5.04;0.31;299.22;6.81;1235;19;2453.00;67
5937;18;22846786;5937;475;7171;7236;4.98;0.31;299.39;6.81;1234;19;2454.00;65
5938;18;22846802;5938;482;7175;7236;4.97;0.31;299.42;6.82;1237;19;2455.00;61
5944;18;22846816;5944;483;7176;7237;4.92;0.30;299.80;6.82;1232;19;2456.00;61
5946;18;22846832;5946;483;7179;7238;4.94;0.31;299.94;6.82;1233;19;2457.00;59
5948;18;22846855;5948;485;7180;7238;4.97;0.31;299.98;6.82;1232;19;2458.00;58
5952;18;22846870;5952;485;7183;7239;4.99;0.31;300.00;6.82;1231;19;2459.00;56
5956;18;22846887;5956;476;7185;7239;5.01;0.31;300.34;6.82;1229;19;2460.00;54
5959;18;22846901;5959;472;7186;7239;5.05;0.31;300.51;6.83;1227;19;2461.00;53
5963;18;22846915;5963;477;7187;7239;5.09;0.31;300.70;6.83;1224;19;2462.00;52
5966;18;22846929;5966;474;7192;7243;5.14;0.32;300.95;6.83;1226;19;2463.00;51
5970;18;22846943;5970;480;7193;7243;5.17;0.32;301.15;6.83;1223;19;2464.00;50
5974;18;22846957;5974;476;7193;7243;5.23;0.32;301.15;6.83;1219;19;2465.00;50
5978;18;22846971;5978;477;7193;7246;5.24;0.32;301.33;6.83;1215;19;2466.00;53
5983;18;22846985;5983;472;7196;7246;5.24;0.32;301.38;6.85;1213;19;2467.00;50
5985;18;22847000;5985;475;7197;7246;5.26;0.32;301.45;6.85;1212;19;2468.00;49
5989;18;22847018;5989;473;7201;7250;5.26;0.32;301.56;6.85;1212;19;2469.00;49
5993;18;22847034;5993;472;7204;7251;5.26;0.32;301.67;6.85;1211;19;2470.00;47
5997;18;22847049;5997;464;7205;7251;5.29;0.32;301.64;6.86;1208;19;2471.00;46
6000;18;22847063;6000;464;7206;7255;5.30;0.33;301.76;6.86;1206;19;2472.00;49
6005;18;22847078;6005;464;7206;7255;5.36;0.33;301.96;6.86;1201;19;2473.00;49
6009;18;22847092;6009;459;7207;7255;5.43;0.33;302.04;6.86;1198;19;2474.00;48
6011;18;22847107;6011;466;7210;7257;5.47;0.34;302.13;6.86;1199;19;2475.00;47
6015;18;22847122;6015;456;7211;7257;5.48;0.34;302.22;6.86;1196;19;2476.00;46
6017;18;22847137;6017;448;7215;7263;5.56;0.34;302.29;6.86;1198;19;2477.00;48
6020;18;22847159;6020;447;7215;7263;5.59;0.34;302.31;6.86;1195;19;2478.00;48
6021;18;22847174;6021;439;7216;7264;5.66;0.35;302.34;6.86;1195;19;2479.00;48
6028;18;22847190;6028;441;7216;7264;5.67;0.35;302.50;6.86;1188;19;2480.00;48
6033;18;22847205;6033;436;7216;7264;5.71;0.35;302.63;6.86;1183;19;2481.00;48
6037;18;22847220;6037;434;7216;7264;5.73;0.35;302.77;6.86;1179;19;2482.00;48
6040;18;22847235;6040;443;7216;7264;5.77;0.35;302.82;6.86;1176;19;2483.00;48
6045;18;22847251;6045;436;7222;7276;5.87;0.36;302.87;6.86;1177;19;2484.00;54
6048;18;22847267;6048;443;7224;7276;5.93;0.36;302.86;6.86;1176;19;2485.00;52
6053;18;22847282;6053;445;7225;7276;5.92;0.36;303.02;6.87;1172;19;2486.00;51
6056;18;22847297;6056;443;7225;7276;5.94;0.36;303.04;6.87;1169;19;2487.00;51
6060;18;22847311;6060;441;7228;7276;5.90;0.36;303.14;6.88;1168;19;2488.00;48
6065;18;22847325;6065;434;7228;7276;5.87;0.36;303.12;6.88;1163;19;2489.00;48
6068;18;22847342;6068;445;7231;7280;5.87;0.36;303.18;6.88;1163;19;2490.00;49
6075;18;22847360;6075;449;7232;7280;5.75;0.35;303.45;6.88;1157;19;2491.00;48
6078;18;22847376;6078;449;7238;7284;5.67;0.35;303.47;6.88;1160;19;2492.00;46
6079;18;22847391;6079;453;7241;7285;5.67;0.35;303.57;6.89;1162;19;2493.00;44
6081;18;22847406;6081;456;7242;7285;5.64;0.34;303.70;6.89;1161;19;2494.00;43
6082;18;22847420;6082;466;7244;7285;5.58;0.34;303.70;6.89;1162;19;2495.00;41
6086;18;22847435;6086;480;7252;7298;5.50;0.34;303.86;6.89;1166;19;2496.00;46
6089;18;22847452;6089;474;7253;7298;5.49;0.34;304.05;6.89;1164;19;2497.00;45
6094;18;22847469;6094;465;7253;7298;5.46;0.33;304.12;6.89;1159;19;2498.00;45
6096;18;22847485;6096;463;7254;7299;5.46;0.33;304.17;6.89;1158;19;2499.00;45
6098;18;22847501;6098;462;7258;7300;5.47;0.34;304.26;6.89;1160;19;2500.00;42
6100;18;22847520;6100;467;7258;7300;5.46;0.33;304.31;6.89;1158;19;2501.00;42
6105;18;22847537;6105;467;7261;7303;5.45;0.33;304.41;6.89;1156;19;2502.00;42
6110;18;22847560;6110;473;7261;7303;5.44;0.33;304.48;6.89;1151;19;2503.00;42
6111;18;22847575;6111;473;7263;7303;5.47;0.33;304.53;6.88;1152;19;2504.00;40
6115;18;22847591;6115;482;7263;7303;5.43;0.33;304.52;6.88;1148;19;2505.00;40
6117;18;22847606;6117;474;7268;7309;5.46;0.33;304.57;6.88;1151;19;2506.00;41
6118;18;22847624;6118;469;7268;7309;5.52;0.34;304.58;6.88;1150;19;2507.00;41
6121;18;22847641;6121;472;7268;7309;5.59;0.34;304.61;6.88;1147;19;2508.00;41
6126;18;22847658;6126;468;7268;7309;5.61;0.34;304.67;6.88;1142;19;2509.00;41
6131;18;22847674;6131;474;7271;7313;5.62;0.34;304.71;6.88;1140;19;2510.00;42
6139;18;22847691;6139;467;7272;7314;5.65;0.34;304.80;6.88;1133;19;2511.00;42
6140;18;22847708;6140;465;7272;7314;5.73;0.35;304.80;6.88;1132;19;2512.00;42
6143;18;22847724;6143;469;7273;7315;5.76;0.35;305.02;6.88;1130;19;2513.00;42
6145;18;22847741;6145;466;7273;7315;5.78;0.35;305.08;6.88;1128;19;2514.00;42
6147;18;22847758;6147;469;7273;7315;5.75;0.35;305.25;6.88;1126;19;2515.00;42
6149;18;22847775;6149;474;7273;7315;5.67;0.34;305.35;6.88;1124;19;2516.00;42
6153;18;22847790;6153;470;7273;7315;5.57;0.34;305.49;6.88;1120;19;2517.00;42
6155;18;22847806;6155;469;7273;7315;5.51;0.33;305.53;6.88;1118;19;2518.00;42
6158;18;22847822;6158;472;7273;7315;5.50;0.33;305.56;6.88;1115;19;2519.00;42
6160;18;22847839;6160;495;7339;7440;5.56;0.34;305.62;6.81;1179;19;2520.00;101
6161;18;22847871;6161;484;7339;7441;5.61;0.35;305.61;6.81;1178;19;2521.00;102
6165;18;22847887;6165;479;7344;7441;5.68;0.35;305.75;6.81;1179;19;2522.00;97
6169;18;22847904;6169;470;7345;7441;5.68;0.35;305.84;6.81;1176;19;2523.00;96
6170;18;22847920;6170;466;7351;7441;5.79;0.36;305.87;6.81;1181;19;2524.00;90
6175;18;22847937;6175;460;7354;7441;5.82;0.36;305.90;6.81;1179;19;2525.00;87
6177;18;22847956;6177;464;7359;7441;5.82;0.36;306.04;6.81;1182;19;2526.00;82
6180;18;22847974;6180;466;7364;7441;5.79;0.35;306.03;6.81;1184;19;2527.00;77
6180;18;22847998;6180;469;7370;7442;5.71;0.35;306.03;6.81;1190;19;2528.00;72
6186;18;22848019;6186;476;7373;7443;5.60;0.34;306.20;6.81;1187;19;2529.00;70
6187;18;22848037;6187;485;7376;7443;5.52;0.34;306.28;6.81;1189;19;2530.00;67
6188;18;22848055;6188;499;7381;7447;5.42;0.33;306.25;6.81;1193;19;2531.00;66
6192;18;22848078;6192;497;7381;7447;5.36;0.33;306.45;6.81;1189;19;2532.00;66
6193;18;22848106;6193;507;7382;7447;5.29;0.32;306.52;6.81;1189;19;2533.00;65
6194;18;22848138;6194;522;7384;7447;5.18;0.31;306.50;6.81;1190;19;2534.00;63
6194;18;22848165;6194;523;7388;7453;5.19;0.32;306.50;6.81;1194;19;2535.00;65
6196;18;22848189;6196;523;7388;7453;5.18;0.32;306.62;6.81;1192;19;2536.00;65
6198;18;22848220;6198;530;7389;7455;5.12;0.31;306.60;6.81;1191;19;2537.00;66
6201;18;22848247;6201;535;7390;7458;5.09;0.31;306.68;6.80;1189;19;2538.00;68
6201;18;22848268;6201;540;7391;7458;5.09;0.31;306.68;6.80;1190;19;2539.00;67
6204;18;22848288;6204;531;7392;7458;5.04;0.31;306.70;6.80;1188;19;2540.00;66
6204;18;22848308;6204;530;7392;7459;5.10;0.31;306.70;6.80;1188;19;2541.00;67
6205;18;22848330;6205;525;7393;7460;5.13;0.31;306.73;6.80;1188;19;2542.00;67
6206;18;22848351;6206;528;7393;7460;5.17;0.32;306.71;6.80;1187;19;2543.00;67
6207;18;22848370;6207;533;7404;7473;5.19;0.32;306.72;6.79;1197;19;2544.00;69
6211;18;22848390;6211;525;7404;7473;5.20;0.32;306.84;6.79;1193;19;2545.00;69
6217;18;22848407;6217;521;7404;7473;5.25;0.32;306.91;6.79;1187;19;2546.00;69
6220;18;22848421;6220;526;7406;7474;5.26;0.32;306.95;6.79;1186;19;2547.00;68
6221;18;22848437;6221;527;7406;7474;5.31;0.32;306.95;6.79;1185;19;2548.00;68
6222;18;22848450;6222;531;7409;7478;5.36;0.33;306.98;6.79;1187;19;2549.00;69
6227;18;22848465;6227;535;7411;7481;5.28;0.32;306.88;6.79;1184;19;2550.00;70
6230;18;22848479;6230;532;7415;7485;5.20;0.32;306.83;6.78;1185;19;2551.00;70
6235;18;22848493;6235;535;7415;7485;5.05;0.31;306.87;6.78;1180;19;2552.00;70
6235;18;22848507;6235;540;7415;7485;4.97;0.30;306.87;6.78;1180;19;2553.00;70
6237;18;22848519;6237;537;7415;7485;4.85;0.30;306.83;6.78;1178;19;2554.00;70
6239;18;22848534;6239;541;7417;7485;4.79;0.29;306.87;6.84;1178;19;2555.00;68
6241;18;22848551;6241;544;7427;7497;4.79;0.29;306.81;6.83;1186;19;2556.00;70
6242;18;22848567;6242;546;7428;7497;4.83;0.30;306.84;6.83;1186;19;2557.00;69
6245;18;22848588;6245;541;7428;7497;4.84;0.30;306.75;6.83;1183;19;2558.00;69
6246;18;22848603;6246;541;7428;7497;4.88;0.30;306.78;6.83;1182;19;2559.00;69
6249;18;22848616;6249;538;7428;7497;4.94;0.30;306.74;6.83;1179;19;2560.00;69
6251;18;22848630;6251;521;7428;7497;4.94;0.30;306.78;6.83;1177;19;2561.00;69
6254;18;22848645;6254;517;7428;7498;4.91;0.30;306.75;6.83;1174;19;2562.00;70
6258;18;22848658;6258;515;7428;7498;4.89;0.30;306.79;6.83;1170;19;2563.00;70
6260;18;22848671;6260;510;7432;7504;4.96;0.30;306.73;6.83;1172;19;2564.00;72
6262;18;22848686;6262;502;7434;7506;4.99;0.30;306.69;6.82;1172;19;2565.00;72
6264;18;22848700;6264;504;7434;7506;5.05;0.31;306.67;6.82;1170;19;2566.00;72
6267;18;22848715;6267;502;7434;7506;5.06;0.31;306.57;6.82;1167;19;2567.00;72
6269;18;22848732;6269;498;7437;7510;5.09;0.31;306.50;6.82;1168;19;2568.00;73
6272;18;22848745;6272;500;7437;7510;5.10;0.31;306.40;6.82;1165;19;2569.00;73
6274;18;22848758;6274;495;7437;7510;5.08;0.31;306.36;6.82;1163;19;2570.00;73
6274;18;22848772;6274;495;7438;7511;5.10;0.31;306.36;6.82;1164;19;2571.00;73
6274;18;22848786;6274;493;7441;7515;5.15;0.31;306.36;6.82;1167;19;2572.00;74
6277;18;22848800;6277;495;7443;7515;5.13;0.31;306.43;6.83;1166;19;2573.00;72
6280;18;22848813;6280;497;7445;7518;5.10;0.31;306.41;6.83;1165;19;2574.00;73
6281;18;22848825;6281;496;7448;7518;5.10;0.31;306.37;6.84;1167;19;2575.00;70
6281;18;22848839;6281;495;7448;7518;5.10;0.31;306.37;6.84;1167;19;2576.00;70
6284;18;22848853;6284;493;7448;7518;5.07;0.31;306.33;6.84;1164;19;2577.00;70
6286;18;22848865;6286;501;7453;7522;5.04;0.31;306.36;6.83;1167;19;2578.00;69
6287;18;22848879;6287;497;7453;7522;5.00;0.31;306.35;6.83;1166;19;2579.00;69
6288;18;22848894;6288;490;7454;7522;4.95;0.30;306.33;6.86;1166;19;2580.00;68
6289;18;22848911;6289;477;7455;7522;4.96;0.30;306.34;6.89;1166;19;2581.00;67
6290;18;22848955;6290;475;7455;7523;4.99;0.30;306.31;6.89;1165;19;2582.00;68
6290;18;22848975;6290;478;7457;7524;5.01;0.31;306.31;6.92;1167;19;2583.00;67
6292;18;22848989;6292;472;7458;7524;5.00;0.31;306.38;6.95;1166;19;2584.00;66
6293;18;22849005;6293;461;7459;7525;5.05;0.31;306.48;6.95;1166;19;2585.00;66
6294;18;22849028;6294;462;7460;7525;5.09;0.31;306.46;6.97;1166;19;2586.00;65
6299;18;22849042;6299;466;7461;7525;5.09;0.31;306.33;7.00;1162;19;2587.00;64
6299;18;22849057;6299;469;7461;7525;5.13;0.31;306.33;7.00;1162;19;2588.00;64
6301;18;22849071;6301;464;7465;7525;5.20;0.32;306.34;7.10;1164;19;2589.00;60
6301;18;22849086;6301;463;7465;7525;5.26;0.32;306.34;7.10;1164;19;2590.00;60
6302;18;22849100;6302;457;7465;7525;5.29;0.32;306.38;7.10;1163;20;2591.00;60
6305;18;22849122;6305;466;7529;7652;5.60;0.35;306.30;7.07;1224;20;2592.00;123
6307;18;22849148;6307;465;7532;7653;5.64;0.35;306.31;7.09;1225;20;2593.00;121
6307;18;22849171;6307;448;7542;7653;5.78;0.36;306.31;7.11;1235;20;2594.00;111
6307;18;22849187;6307;445;7550;7653;5.81;0.36;306.31;7.15;1243;20;2595.00;103
6309;18;22849202;6309;442;7557;7653;5.84;0.36;306.33;7.15;1248;20;2596.00;96
6310;18;22849217;6310;444;7562;7653;5.80;0.36;306.31;7.16;1252;20;2597.00;91
6312;18;22849232;6312;441;7567;7653;5.76;0.36;306.36;7.20;1255;20;2598.00;86
6315;18;22849251;6315;437;7570;7653;5.74;0.35;306.29;7.20;1255;20;2599.00;83
6317;18;22849269;6317;433;7571;7654;5.71;0.35;306.29;7.20;1254;20;2600.00;83
6319;18;22849295;6319;424;7575;7655;5.69;0.35;306.30;7.24;1256;20;2601.00;80
6320;18;22849313;6320;418;7576;7655;5.65;0.35;306.28;7.24;1256;20;2602.00;79
6323;18;22849336;6323;417;7580;7656;5.58;0.35;306.34;7.27;1257;20;2603.00;76
6328;18;22849351;6328;411;7583;7656;5.54;0.34;306.37;7.28;1255;20;2604.00;73
6329;18;22849368;6329;421;7586;7656;5.54;0.34;306.35;7.29;1257;20;2605.00;70
6333;18;22849386;6333;414;7591;7656;5.52;0.34;306.30;7.32;1258;20;2606.00;65
6336;18;22849402;6336;421;7595;7660;5.55;0.34;306.31;7.32;1259;20;2607.00;65
6339;18;22849419;6339;428;7597;7660;5.54;0.34;306.27;7.33;1258;20;2608.00;63
6340;18;22849436;6340;434;7601;7660;5.54;0.34;306.28;7.36;1261;20;2609.00;59
6340;18;22849453;6340;438;7605;7666;5.60;0.35;306.28;7.36;1265;20;2610.00;61
6345;18;22849469;6345;443;7605;7666;5.56;0.34;306.44;7.36;1260;20;2611.00;61
6349;18;22849484;6349;457;7607;7666;5.56;0.34;306.45;7.38;1258;20;2612.00;59
6354;18;22849500;6354;460;7612;7670;5.53;0.34;306.51;7.38;1258;20;2613.00;58
6355;18;22849519;6355;468;7615;7671;5.58;0.34;306.54;7.40;1260;20;2614.00;56
6357;18;22849536;6357;465;7616;7671;5.54;0.34;306.59;7.40;1259;20;2615.00;55
6366;18;22849551;6366;478;7619;7675;5.46;0.33;306.74;7.40;1253;21;2616.00;56
6369;18;22849573;6369;482;7619;7675;5.38;0.33;306.69;7.40;1250;21;2617.00;56
6374;18;22849591;6374;494;7621;7675;5.26;0.32;306.83;7.40;1247;21;2618.00;54
6376;18;22849612;6376;499;7621;7676;5.22;0.32;306.79;7.40;1245;21;2619.00;55
6381;18;22849626;6381;499;7621;7676;5.17;0.32;306.77;7.40;1240;21;2620.00;55
6386;18;22849642;6386;496;7625;7682;5.10;0.31;307.00;7.40;1239;21;2621.00;57
6390;18;22849658;6390;494;7625;7682;5.06;0.31;307.06;7.40;1235;21;2622.00;57
6393;18;22849673;6393;498;7625;7683;4.98;0.30;307.00;7.40;1232;21;2623.00;58
6394;18;22849689;6394;499;7625;7683;4.94;0.30;307.02;7.40;1231;21;2624.00;58
6400;18;22849704;6400;484;7626;7683;4.87;0.30;307.12;7.40;1226;21;2625.00;57
6402;18;22849721;6402;476;7626;7683;4.90;0.30;307.18;7.40;1224;21;2626.00;57
6405;18;22849738;6405;468;7626;7683;4.91;0.30;307.30;7.40;1221;21;2627.00;57
6409;18;22849756;6409;462;7634;7695;4.93;0.30;307.45;7.39;1225;21;2628.00;61
6411;18;22849774;6411;453;7634;7695;5.01;0.31;307.41;7.39;1223;21;2629.00;61
6415;18;22849791;6415;446;7634;7695;5.03;0.31;307.65;7.39;1219;21;2630.00;61
6417;18;22849807;6417;444;7634;7695;5.11;0.31;307.71;7.39;1217;21;2631.00;61
6422;18;22849824;6422;433;7634;7695;5.16;0.32;307.85;7.39;1212;21;2632.00;61
6423;18;22849849;6423;429;7634;7695;5.24;0.32;307.88;7.39;1211;21;2633.00;61
6429;18;22849866;6429;414;7637;7699;5.23;0.32;308.07;7.39;1208;21;2634.00;62
6432;18;22849883;6432;410;7637;7699;5.27;0.32;308.29;7.39;1205;21;2635.00;62
6438;18;22849898;6438;404;7640;7703;5.28;0.32;308.35;7.38;1202;21;2636.00;63
6440;18;22849913;6440;390;7640;7704;5.32;0.33;308.34;7.38;1200;21;2637.00;64
6445;18;22849927;6445;392;7640;7704;5.36;0.33;308.44;7.38;1195;21;2638.00;64
6450;18;22849942;6450;393;7640;7704;5.46;0.33;308.60;7.38;1190;21;2639.00;64
6454;18;22849960;6454;390;7656;7733;5.51;0.34;308.67;7.37;1202;21;2640.00;77
6458;18;22849977;6458;395;7656;7733;5.52;0.34;308.77;7.37;1198;21;2641.00;77
6460;18;22849993;6460;396;7658;7733;5.61;0.34;308.84;7.37;1198;21;2642.00;75
6464;18;22850012;6464;396;7661;7734;5.68;0.35;308.99;7.37;1197;21;2643.00;73
6467;18;22850028;6467;394;7662;7735;5.67;0.35;309.10;7.37;1195;21;2644.00;73
6473;18;22850042;6473;397;7663;7735;5.64;0.34;309.02;7.37;1190;21;2645.00;72
6479;18;22850058;6479;397;7664;7738;5.63;0.34;309.16;7.37;1185;21;2646.00;74
6485;18;22850073;6485;395;7665;7738;5.63;0.34;309.27;7.37;1180;21;2647.00;73
6489;18;22850089;6489;399;7666;7738;5.61;0.34;309.44;7.37;1177;21;2648.00;72
6492;18;22850109;6492;403;7666;7738;5.64;0.34;309.47;7.37;1174;21;2649.00;72
6493;18;22850129;6493;406;7671;7744;5.67;0.35;309.50;7.37;1178;21;2650.00;73
6495;18;22850150;6495;413;7671;7744;5.69;0.35;309.54;7.37;1176;21;2651.00;73
6501;18;22850169;6501;407;7671;7744;5.70;0.35;309.63;7.37;1170;21;2652.00;73
6504;18;22850189;6504;412;7671;7744;5.74;0.35;309.65;7.37;1167;21;2653.00;73
6508;18;22850213;6508;413;7676;7748;5.76;0.35;309.67;7.39;1168;21;2654.00;72
6509;18;22850231;6509;408;7678;7750;5.83;0.36;309.70;7.39;1169;21;2655.00;72
6512;18;22850248;6512;413;7679;7750;5.82;0.36;309.76;7.39;1167;21;2656.00;71
6518;18;22850264;6518;407;7680;7751;5.82;0.36;309.87;7.39;1162;21;2657.00;71
6523;18;22850280;6523;418;7680;7751;5.79;0.35;309.95;7.39;1157;21;2658.00;71
6527;18;22850296;6527;417;7681;7751;5.80;0.35;310.03;7.39;1154;21;2659.00;70
6528;18;22850311;6528;415;7683;7751;5.84;0.36;310.01;7.39;1155;21;2660.00;68
6532;18;22850325;6532;418;7683;7751;5.86;0.36;310.05;7.39;1151;21;2661.00;68
6534;18;22850340;6534;418;7684;7751;5.90;0.36;310.02;7.39;1150;21;2662.00;67
6536;18;22850355;6536;430;7684;7751;5.93;0.36;310.02;7.39;1148;21;2663.00;67
6538;18;22850371;6538;440;7719;7821;5.94;0.36;310.04;7.36;1181;21;2664.00;102
6541;18;22850392;6541;439;7720;7822;5.95;0.36;310.12;7.36;1179;21;2665.00;102
6545;20;22850416;6545;441;7724;7822;5.92;0.36;310.06;7.36;1179;23;2666.00;98
6546;20;22850468;6546;447;7727;7822;5.92;0.36;310.06;7.36;1181;23;2667.00;95
6550;20;22850487;6550;452;7732;7822;5.89;0.36;310.23;7.36;1182;23;2668.00;90
6552;20;22850520;6552;460;7736;7822;5.86;0.36;310.28;7.38;1184;23;2669.00;86
6554;20;22850541;6554;470;7739;7822;5.87;0.36;310.37;7.38;1185;23;2670.00;83
6556;20;22850564;6556;471;7743;7822;5.81;0.35;310.37;7.38;1187;23;2671.00;79
6560;20;22850584;6560;459;7747;7823;5.77;0.35;310.41;7.40;1187;23;2672.00;76
6563;20;22850601;6563;460;7750;7824;5.72;0.35;310.52;7.40;1187;23;2673.00;74
6564;20;22850619;6564;458;7751;7824;5.67;0.34;310.48;7.40;1187;23;2674.00;73
6566;20;22850638;6566;455;7755;7828;5.62;0.34;310.62;7.42;1189;23;2675.00;73
6568;20;22850657;6568;459;7755;7828;5.63;0.34;310.68;7.42;1187;23;2676.00;73
6568;20;22850681;6568;472;7757;7828;5.65;0.34;310.68;7.42;1189;23;2677.00;71
6570;20;22850704;6570;483;7758;7828;5.67;0.35;310.74;7.44;1188;23;2678.00;70
6575;20;22850725;6575;484;7762;7834;5.64;0.34;310.80;7.43;1187;23;2679.00;72
6577;20;22850758;6577;488;7763;7834;5.70;0.35;310.84;7.43;1186;24;2680.00;71
6582;20;22850796;6582;480;7765;7834;5.69;0.35;311.06;7.45;1183;24;2681.00;69
6582;20;22850820;6582;475;7767;7837;5.75;0.35;311.06;7.45;1185;24;2682.00;70
6586;20;22850841;6586;472;7767;7837;5.77;0.35;311.23;7.45;1181;24;2683.00;70
6586;20;22850875;6586;471;7767;7837;5.81;0.35;311.23;7.45;1181;24;2684.00;70
6592;20;22850903;6592;479;7769;7838;5.78;0.35;311.29;7.47;1177;24;2685.00;69
6597;20;22850924;6597;481;7770;7839;5.77;0.35;311.43;7.47;1173;24;2686.00;69
6599;20;22850947;6599;476;7770;7839;5.74;0.35;311.55;7.47;1171;24;2687.00;69
6603;20;22850970;6603;482;7783;7852;5.71;0.35;311.78;7.48;1180;24;2688.00;69
6606;20;22850988;6606;483;7783;7852;5.69;0.35;311.89;7.48;1177;24;2689.00;69
6609;20;22851008;6609;485;7786;7852;5.67;0.34;311.93;7.49;1177;24;2690.00;66
6615;20;22851027;6615;495;7787;7853;5.62;0.34;312.18;7.49;1172;24;2691.00;66
6616;20;22851042;6616;492;7788;7853;5.65;0.34;312.28;7.51;1172;24;2692.00;65
6622;20;22851058;6622;490;7792;7857;5.66;0.34;312.58;7.50;1170;24;2693.00;65
6623;20;22851077;6623;496;7792;7857;5.68;0.34;312.56;7.50;1169;24;2694.00;65
6625;20;22851092;6625;494;7795;7861;5.67;0.34;312.62;7.50;1170;24;2695.00;66
6628;20;22851108;6628;499;7795;7861;5.64;0.34;312.65;7.50;1167;24;2696.00;66
6631;20;22851123;6631;495;7796;7861;5.64;0.34;312.83;7.52;1165;24;2697.00;65
6633;20;22851140;6633;490;7796;7861;5.59;0.34;312.91;7.52;1163;24;2698.00;65
6633;20;22851155;6633;492;7796;7861;5.59;0.34;312.91;7.52;1163;24;2699.00;65
6636;20;22851173;6636;503;7822;7910;5.62;0.34;312.97;7.50;1186;24;2700.00;88
6640;20;22851202;6640;496;7823;7910;5.57;0.34;313.08;7.50;1183;24;2701.00;87
6640;20;22851234;6640;496;7825;7910;5.61;0.34;313.08;7.50;1185;24;2702.00;85
6642;20;22851258;6642;500;7825;7910;5.62;0.34;313.19;7.50;1183;24;2703.00;85
6644;20;22851277;6644;501;7828;7910;5.59;0.34;313.27;7.50;1184;24;2704.00;82
6646;20;22851294;6646;504;7829;7910;5.55;0.34;313.29;7.49;1183;24;2705.00;81
6649;20;22851310;6649;509;7830;7911;5.50;0.34;313.30;7.51;1181;24;2706.00;81
6650;20;22851345;6650;518;7831;7911;5.46;0.33;313.27;7.51;1181;24;2707.00;80
6652;20;22851362;6652;525;7835;7917;5.46;0.33;313.23;7.50;1183;24;2708.00;82
6655;20;22851377;6655;528;7836;7918;5.39;0.33;313.36;7.50;1181;24;2709.00;82
6656;20;22851405;6656;536;7837;7918;5.33;0.33;313.45;7.50;1181;24;2710.00;81
6656;20;22851422;6656;535;7837;7918;5.31;0.33;313.45;7.50;1181;24;2711.00;81
6658;20;22851444;6658;535;7840;7922;5.29;0.32;313.44;7.50;1182;24;2712.00;82
6658;20;22851466;6658;546;7841;7922;5.27;0.32;313.44;7.50;1183;24;2713.00;81
6662;20;22851481;6662;552;7841;7922;5.25;0.32;313.50;7.50;1179;24;2714.00;81
6664;20;22851496;6664;550;7843;7923;5.25;0.32;313.56;7.52;1179;24;2715.00;80
6671;20;22851513;6671;548;7847;7927;5.19;0.32;313.66;7.51;1176;24;2716.00;80
6673;20;22851530;6673;542;7847;7927;5.15;0.32;313.79;7.51;1174;24;2717.00;80
6677;20;22851551;6677;541;7849;7930;5.19;0.32;313.86;7.51;1172;24;2718.00;81
6679;20;22851573;6679;542;7850;7930;5.19;0.32;313.84;7.51;1171;24;2719.00;80
6681;20;22851590;6681;542;7851;7930;5.23;0.32;313.82;7.51;1170;24;2720.00;79
6682;20;22851615;6682;541;7851;7930;5.23;0.32;313.80;7.51;1169;24;2721.00;79
6689;20;22851635;6689;529;7855;7934;5.18;0.32;313.86;7.51;1166;24;2722.00;79
6691;20;22851659;6691;527;7855;7934;5.21;0.32;313.86;7.51;1164;24;2723.00;79
6695;20;22851691;6695;518;7856;7934;5.21;0.32;313.77;7.51;1161;24;2724.00;78
6699;20;22851717;6699;516;7856;7934;5.18;0.32;313.76;7.51;1157;24;2725.00;78
6704;20;22851739;6704;515;7856;7935;5.15;0.31;313.81;7.51;1152;24;2726.00;79
6708;20;22851757;6708;513;7858;7936;5.09;0.31;313.73;7.52;1150;24;2727.00;78
6709;20;22851772;6709;517;7859;7936;5.02;0.30;313.72;7.53;1150;24;2728.00;77
6711;20;22851792;6711;515;7861;7937;4.98;0.30;313.69;7.53;1150;24;2729.00;76
6713;20;22851813;6713;514;7864;7937;4.89;0.30;313.70;7.57;1151;24;2730.00;73
6717;20;22851846;6717;516;7865;7937;4.81;0.29;313.70;7.58;1148;24;2731.00;72
6718;20;22851867;6718;516;7865;7937;4.79;0.29;313.68;7.58;1147;24;2732.00;72
6718;20;22851886;6718;511;7865;7937;4.81;0.29;313.68;7.58;1147;24;2733.00;72
6718;20;22851904;6718;513;7867;7937;4.84;0.29;313.68;7.59;1149;24;2734.00;70
6718;20;22851924;6718;508;7867;7937;4.88;0.30;313.68;7.59;1149;24;2735.00;70
6719;20;22851949;6719;509;7930;8064;5.13;0.32;313.66;7.53;1211;24;2736.00;134
6720;20;22851997;6720;494;7931;8065;5.17;0.32;313.70;7.53;1211;24;2737.00;134
6723;20;22852022;6723;478;7937;8065;5.29;0.33;313.61;7.53;1214;24;2738.00;128
6723;20;22852039;6723;464;7940;8065;5.37;0.33;313.61;7.53;1217;24;2739.00;125
6724;20;22852058;6724;452;7946;8065;5.49;0.34;313.59;7.53;1222;24;2740.00;119
6724;20;22852085;6724;446;7949;8065;5.58;0.34;313.59;7.53;1225;24;2741.00;116
6726;20;22852114;6726;433;7952;8065;5.59;0.34;313.64;7.53;1226;24;2742.00;113
6726;20;22852148;6726;429;7955;8065;5.67;0.35;313.64;7.53;1229;24;2743.00;110
6729;20;22852169;6729;424;7957;8066;5.70;0.35;313.61;7.53;1228;24;2744.00;109
6731;20;22852190;6731;427;7963;8068;5.72;0.35;313.61;7.53;1232;24;2745.00;105
6733;20;22852215;6733;429;7965;8068;5.75;0.35;313.58;7.53;1232;24;2746.00;103
6735;20;22852234;6735;425;7972;8069;5.78;0.35;313.52;7.56;1237;24;2747.00;97
6735;20;22852251;6735;422;7975;8069;5.77;0.35;313.52;7.56;1240;24;2748.00;94
6737;20;22852267;6737;419;7978;8069;5.77;0.35;313.46;7.56;1241;24;2749.00;91
6738;21;22852287;6738;423;7981;8069;5.79;0.35;313.54;7.57;1243;25;2750.00;88
6739;21;22852331;6739;425;7987;8073;5.87;0.36;313.56;7.57;1248;25;2751.00;86
6744;21;22852354;6744;431;7991;8073;5.89;0.36;313.45;7.60;1247;25;2752.00;82
6744;21;22852372;6744;436;7995;8073;5.95;0.36;313.45;7.62;1251;25;2753.00;78
6745;21;22852391;6745;437;7996;8076;5.98;0.37;313.43;7.62;1251;25;2754.00;80
6748;21;22852410;6748;450;7998;8076;5.94;0.36;313.61;7.66;1250;25;2755.00;78
6748;21;22852428;6748;447;8001;8076;5.95;0.36;313.61;7.68;1253;25;2756.00;75
6749;21;22852447;6749;451;8005;8080;5.92;0.36;313.58;7.68;1256;25;2757.00;75
6752;21;22852472;6752;452;8008;8081;5.87;0.36;313.66;7.72;1256;25;2758.00;73
6754;21;22852492;6754;455;8009;8081;5.87;0.36;313.65;7.73;1255;25;2759.00;72
6754;21;22852519;6754;447;8015;8086;5.91;0.36;313.65;7.77;1261;25;2760.00;71
6756;21;22852536;6756;445;8016;8086;5.90;0.36;313.72;7.78;1260;25;2761.00;70
6758;21;22852556;6758;450;8017;8086;5.89;0.36;313.73;7.78;1259;25;2762.00;69
6762;21;22852575;6762;448;8020;8087;5.85;0.36;313.66;7.83;1258;25;2763.00;67
6771;21;22852593;6771;453;8020;8087;5.81;0.35;313.74;7.83;1249;25;2764.00;67
6773;21;22852613;6773;454;8027;8093;5.86;0.36;313.69;7.87;1254;25;2765.00;66
6775;21;22852635;6775;454;8028;8093;5.82;0.35;313.83;7.88;1253;25;2766.00;65
6779;21;22852654;6779;457;8029;8094;5.79;0.35;313.94;7.92;1250;25;2767.00;65
6779;21;22852673;6779;458;8029;8094;5.82;0.35;313.94;7.92;1250;25;2768.00;65
6781;21;22852689;6781;460;8030;8094;5.82;0.35;313.91;7.95;1249;25;2769.00;64
6782;21;22852706;6782;466;8030;8094;5.81;0.35;313.97;7.95;1248;25;2770.00;64
6785;21;22852728;6785;464;8030;8094;5.79;0.35;314.13;7.95;1245;25;2771.00;64
6786;21;22852747;6786;465;8043;8106;5.82;0.35;314.10;8.01;1257;25;2772.00;63
6788;21;22852775;6788;464;8043;8106;5.78;0.35;314.12;8.01;1255;25;2773.00;63
6793;21;22852806;6793;467;8045;8106;5.71;0.35;314.19;8.08;1252;25;2774.00;61
6797;21;22852836;6797;460;8046;8106;5.67;0.35;314.18;8.11;1249;25;2775.00;60
6799;21;22852866;6799;459;8046;8106;5.64;0.34;314.15;8.11;1247;25;2776.00;60
6801;21;22852894;6801;463;8047;8106;5.60;0.34;314.15;8.15;1246;25;2777.00;59
6805;21;22852919;6805;455;8050;8110;5.57;0.34;314.18;8.14;1245;25;2778.00;60
6807;21;22852954;6807;447;8052;8110;5.59;0.34;314.18;8.21;1245;25;2779.00;58
6810;21;22852981;6810;444;8056;8114;5.67;0.35;314.28;8.20;1246;25;2780.00;58
6812;21;22853006;6812;444;8059;8115;5.69;0.35;314.29;8.27;1247;25;2781.00;56
6815;21;22853039;6815;442;8059;8115;5.68;0.35;314.32;8.27;1244;25;2782.00;56
6818;21;22853069;6818;439;8059;8115;5.74;0.35;314.34;8.27;1241;25;2783.00;56
6820;21;22853090;6820;433;8071;8128;5.79;0.35;314.31;8.32;1251;25;2784.00;57
6822;21;22853115;6822;433;8072;8128;5.84;0.36;314.32;8.31;1250;25;2785.00;56
6825;21;22853136;6825;433;8072;8128;5.90;0.36;314.29;8.31;1247;25;2786.00;56
6828;21;22853155;6828;435;8075;8129;5.90;0.36;314.41;8.37;1247;25;2787.00;54
6834;21;22853175;6834;432;8075;8130;5.90;0.36;314.60;8.37;1241;25;2788.00;55
6836;21;22853194;6836;430;8075;8130;5.87;0.36;314.59;8.37;1239;25;2789.00;55
6840;21;22853214;6840;430;8082;8136;5.79;0.35;314.74;8.42;1242;25;2790.00;54
6843;21;22853241;6843;432;8082;8136;5.76;0.35;314.79;8.42;1239;25;2791.00;54
6846;21;22853264;6846;440;8085;8136;5.72;0.35;314.85;8.48;1239;25;2792.00;51
6851;21;22853283;6851;442;8085;8136;5.62;0.34;314.93;8.48;1234;25;2793.00;51
6852;21;22853303;6852;446;8091;8142;5.63;0.34;314.91;8.48;1239;25;2794.00;51
6854;21;22853324;6854;449;8092;8142;5.58;0.34;314.86;8.51;1238;25;2795.00;50
6856;21;22853345;6856;447;8092;8142;5.52;0.34;314.90;8.51;1236;25;2796.00;50
6859;21;22853360;6859;458;8093;8142;5.39;0.33;315.00;8.53;1234;25;2797.00;49
6862;21;22853374;6862;458;8097;8146;5.28;0.32;315.01;8.56;1235;25;2798.00;49
6866;21;22853391;6866;455;8098;8147;5.20;0.32;315.24;8.56;1232;25;2799.00;49
6868;21;22853411;6868;449;8100;8147;5.15;0.32;315.28;8.60;1232;25;2800.00;47
6871;21;22853430;6871;443;8101;8148;5.12;0.31;315.34;8.60;1230;25;2801.00;47
6873;21;22853446;6873;431;8101;8148;5.10;0.31;315.42;8.60;1228;25;2802.00;47
6875;21;22853470;6875;434;8101;8148;5.07;0.31;315.48;8.60;1226;25;2803.00;47
6879;21;22853507;6879;437;8101;8148;5.06;0.31;315.57;8.60;1222;25;2804.00;47
6883;21;22853532;6883;436;8101;8148;5.10;0.31;315.55;8.60;1218;25;2805.00;47
6886;21;22853552;6886;432;8101;8148;5.13;0.32;315.59;8.60;1215;25;2806.00;47
6887;21;22853574;6887;421;8101;8148;5.21;0.32;315.59;8.60;1214;25;2807.00;47
6890;21;22853595;6890;418;8136;8218;5.45;0.34;315.58;8.57;1246;25;2808.00;82
6892;21;22853620;6892;404;8141;8219;5.52;0.34;315.59;8.56;1249;25;2809.00;78
6895;21;22853641;6895;396;8147;8219;5.56;0.34;315.65;8.56;1252;25;2810.00;72
6900;21;22853666;6900;388;8152;8219;5.64;0.35;315.60;8.55;1252;25;2811.00;67
6905;21;22853693;6905;381;8155;8219;5.66;0.35;315.78;8.55;1250;25;2812.00;64
6908;21;22853717;6908;386;8157;8219;5.66;0.35;315.83;8.55;1249;25;2813.00;62
6909;21;22853740;6909;385;8159;8219;5.71;0.35;315.89;8.55;1250;25;2814.00;60
6915;21;22853764;6915;392;8161;8219;5.74;0.35;316.04;8.55;1246;25;2815.00;58
6920;21;22853788;6920;398;8163;8220;5.81;0.36;316.15;8.55;1243;25;2816.00;57
6925;21;22853811;6925;392;8164;8221;5.85;0.36;316.18;8.55;1239;25;2817.00;57
6928;21;22853835;6928;396;8166;8221;5.89;0.36;316.31;8.55;1238;25;2818.00;55
6933;21;22853858;6933;392;8169;8225;5.93;0.36;316.45;8.55;1236;25;2819.00;56
6934;21;22853887;6934;392;8169;8225;6.02;0.37;316.56;8.55;1235;25;2820.00;56
6940;21;22853908;6940;388;8169;8225;5.97;0.37;316.70;8.55;1229;25;2821.00;56
6945;21;22853930;6945;386;8170;8225;5.97;0.37;316.77;8.55;1225;25;2822.00;55
6949;21;22853953;6949;384;8174;8231;6.00;0.37;316.90;8.54;1225;25;2823.00;57
6952;21;22853983;6952;388;8175;8231;5.98;0.37;317.12;8.54;1223;25;2824.00;56
6957;21;22854005;6957;393;8175;8231;5.94;0.36;317.09;8.54;1218;25;2825.00;56
6961;21;22854027;6961;399;8178;8234;5.91;0.36;317.31;8.54;1217;25;2826.00;56
6969;21;22854050;6969;404;8178;8234;5.81;0.36;317.47;8.54;1209;25;2827.00;56
6973;21;22854072;6973;403;8178;8234;5.77;0.35;317.47;8.54;1205;25;2828.00;56
6979;21;22854093;6979;407;8178;8235;5.72;0.35;317.57;8.54;1199;25;2829.00;57
6985;21;22854120;6985;412;8180;8236;5.66;0.35;317.55;8.54;1195;25;2830.00;56
6989;21;22854148;6989;413;8180;8236;5.59;0.34;317.60;8.54;1191;25;2831.00;56
6990;21;22854171;6990;423;8189;8249;5.60;0.34;317.55;8.53;1199;25;2832.00;60
6995;21;22854194;6995;432;8189;8249;5.55;0.34;317.66;8.53;1194;25;2833.00;60
6999;21;22854213;6999;439;8189;8249;5.51;0.34;317.74;8.53;1190;25;2834.00;60
7000;21;22854229;7000;448;8191;8251;5.51;0.34;317.78;8.53;1191;25;2835.00;60
7007;21;22854248;7007;456;8192;8251;5.46;0.33;317.79;8.53;1185;25;2836.00;59
7009;21;22854268;7009;459;8196;8255;5.50;0.34;317.84;8.53;1187;25;2837.00;59
7010;21;22854289;7010;463;8196;8255;5.50;0.34;317.93;8.53;1186;25;2838.00;59
7013;21;22854308;7013;463;8199;8259;5.46;0.33;318.07;8.52;1186;25;2839.00;60
7017;21;22854330;7017;476;8199;8259;5.35;0.33;318.02;8.52;1182;25;2840.00;60
7020;21;22854349;7020;475;8200;8259;5.28;0.32;318.17;8.52;1180;25;2841.00;59
7022;21;22854369;7022;477;8201;8259;5.22;0.32;318.30;8.53;1179;25;2842.00;58
7025;21;22854388;7025;492;8201;8259;5.10;0.31;318.33;8.53;1176;25;2843.00;58
7026;21;22854405;7026;494;8210;8271;5.09;0.31;318.41;8.52;1184;25;2844.00;61
7032;21;22854423;7032;504;8212;8271;5.02;0.31;318.60;8.52;1180;25;2845.00;59
7033;21;22854440;7033;505;8213;8271;4.99;0.31;318.61;8.52;1180;25;2846.00;58
7037;21;22854457;7037;501;8213;8271;5.01;0.31;318.69;8.52;1176;25;2847.00;58
7039;21;22854473;7039;505;8213;8271;5.03;0.31;318.75;8.52;1174;25;2848.00;58
7041;21;22854491;7041;499;8213;8271;5.07;0.31;318.74;8.52;1172;25;2849.00;58
7047;21;22854511;7047;498;8215;8274;5.08;0.31;318.76;8.51;1168;25;2850.00;59
7049;21;22854531;7049;494;8215;8274;5.13;0.31;318.71;8.51;1166;25;2851.00;59
7050;21;22854549;7050;488;8220;8280;5.23;0.32;318.73;8.51;1170;25;2852.00;60
7053;21;22854568;7053;485;8221;8281;5.20;0.32;318.83;8.51;1168;25;2853.00;60
7056;21;22854586;7056;489;8221;8281;5.18;0.32;318.94;8.51;1165;25;2854.00;60
7058;21;22854603;7058;491;8221;8281;5.18;0.32;318.96;8.51;1163;25;2855.00;60
7062;21;22854622;7062;484;8224;8285;5.24;0.32;318.95;8.51;1162;25;2856.00;61
7066;21;22854640;7066;478;8224;8285;5.28;0.32;318.98;8.51;1158;25;2857.00;61
7068;21;22854658;7068;471;8224;8285;5.35;0.33;319.00;8.51;1156;25;2858.00;61
7071;21;22854675;7071;464;8225;8286;5.43;0.33;319.01;8.51;1154;25;2859.00;61
7075;21;22854695;7075;456;8228;8290;5.48;0.33;318.95;8.50;1153;25;2860.00;62
7077;21;22854713;7077;454;8228;8290;5.51;0.34;318.93;8.50;1151;25;2861.00;62
7080;21;22854732;7080;451;8230;8293;5.55;0.34;319.04;8.50;1150;25;2862.00;63
7086;21;22854749;7086;455;8230;8293;5.47;0.33;319.18;8.50;1144;25;2863.00;63
7089;21;22854767;7089;459;8233;8295;5.45;0.33;319.20;8.50;1144;25;2864.00;62
7092;21;22854786;7092;454;8233;8295;5.49;0.33;319.20;8.50;1141;25;2865.00;62
7092;21;22854804;7092;455;8237;8299;5.58;0.34;319.20;8.49;1145;25;2866.00;62
7095;21;22854821;7095;448;8237;8299;5.63;0.34;319.17;8.49;1142;25;2867.00;62
7097;21;22854838;7097;450;8237;8299;5.72;0.35;319.11;8.49;1140;25;2868.00;62
7100;21;22854855;7100;444;8237;8299;5.78;0.35;319.11;8.49;1137;25;2869.00;62
7102;21;22854873;7102;444;8237;8300;5.85;0.36;319.16;8.49;1135;25;2870.00;63
7105;21;22854890;7105;448;8238;8301;5.86;0.36;319.07;8.49;1133;25;2871.00;63
7109;21;22854908;7109;442;8238;8301;5.90;0.36;319.09;8.49;1129;25;2872.00;63
7111;21;22854926;7111;448;8239;8302;5.93;0.36;319.06;8.49;1128;25;2873.00;63
7115;21;22854945;7115;444;8239;8302;5.88;0.36;319.14;8.49;1124;25;2874.00;63
7117;21;22854962;7117;446;8239;8302;5.85;0.36;319.10;8.49;1122;25;2875.00;63
7121;21;22854985;7121;454;8239;8302;5.79;0.35;319.04;8.49;1118;25;2876.00;63
7122;21;22855008;7122;451;8239;8302;5.74;0.35;319.03;8.49;1117;25;2877.00;63
7124;21;22855028;7124;449;8239;8302;5.61;0.34;318.98;8.49;1115;25;2878.00;63
7124;21;22855047;7124;456;8239;8302;5.55;0.34;318.98;8.49;1115;25;2879.00;63
7128;21;22855069;7128;514;8364;8532;5.49;0.34;319.01;8.37;1236;25;2880.00;168
7129;21;22855115;7129;507;8366;8533;5.40;0.34;318.97;8.36;1237;25;2881.00;167
7129;21;22855139;7129;493;8375;8533;5.44;0.34;318.97;8.36;1246;25;2882.00;158
7129;21;22855163;7129;489;8377;8533;5.42;0.34;318.97;8.36;1248;25;2883.00;156
7131;21;22855185;7131;495;8383;8533;5.38;0.34;318.95;8.35;1252;25;2884.00;150
7132;21;22855205;7132;491;8386;8533;5.32;0.33;318.95;8.35;1254;25;2885.00;147
7133;21;22855232;7133;493;8394;8533;5.35;0.33;318.95;8.35;1261;25;2886.00;139
7134;21;22855252;7134;494;8398;8533;5.34;0.33;318.94;8.35;1264;25;2887.00;135
7135;21;22855269;7135;501;8403;8534;5.33;0.33;318.94;8.35;1268;25;2888.00;131
7135;21;22855285;7135;499;8406;8535;5.30;0.33;318.94;8.35;1271;25;2889.00;129
7135;21;22855299;7135;500;8412;8535;5.26;0.33;318.94;8.35;1277;25;2890.00;123
7136;21;22855312;7136;511;8415;8536;5.18;0.32;319.00;8.35;1279;25;2891.00;121
7138;21;22855326;7138;504;8418;8536;5.09;0.32;319.00;8.35;1280;25;2892.00;118
7141;21;22855340;7141;488;8420;8536;5.06;0.31;319.00;8.35;1279;25;2893.00;116
7144;21;22855359;7144;478;8422;8536;5.03;0.31;319.05;8.35;1278;25;2894.00;114
7146;21;22855377;7146;479;8426;8540;5.05;0.31;319.04;8.35;1280;25;2895.00;114
7147;21;22855398;7147;471;8427;8540;5.04;0.31;319.03;8.35;1280;25;2896.00;113
7149;21;22855416;7149;467;8427;8540;5.04;0.31;319.02;8.35;1278;25;2897.00;113
7150;21;22855440;7150;468;8428;8543;5.10;0.31;319.05;8.35;1278;25;2898.00;115
7151;21;22855459;7151;463;8428;8543;5.20;0.32;319.05;8.35;1277;25;2899.00;115
7153;21;22855488;7153;462;8428;8543;5.27;0.32;319.07;8.35;1275;25;2900.00;115
7156;21;22855514;7156;458;8432;8547;5.30;0.32;319.12;8.35;1276;25;2901.00;115
7159;21;22855543;7159;453;8433;8548;5.33;0.33;319.19;8.35;1274;25;2902.00;115
7161;21;22855567;7161;448;8434;8548;5.36;0.33;319.19;8.35;1273;25;2903.00;114
7164;21;22855588;7164;439;8437;8552;5.39;0.33;319.20;8.35;1273;25;2904.00;115
7166;21;22855625;7166;445;8439;8552;5.38;0.33;319.21;8.42;1273;25;2905.00;113
7167;21;22855654;7167;444;8439;8552;5.37;0.33;319.24;8.42;1272;25;2906.00;113
7170;21;22855673;7170;440;8441;8553;5.33;0.33;319.15;8.43;1271;25;2907.00;112
7172;21;22855693;7172;444;8444;8553;5.33;0.33;319.16;8.43;1272;25;2908.00;109
7175;21;22855711;7175;440;8449;8559;5.30;0.32;319.11;8.43;1274;25;2909.00;110
7177;21;22855735;7177;440;8449;8559;5.35;0.33;319.09;8.43;1272;25;2910.00;110
7177;21;22855755;7177;439;8451;8560;5.37;0.33;319.09;8.44;1274;25;2911.00;109
7177;21;22855773;7177;438;8451;8560;5.43;0.33;319.09;8.44;1274;25;2912.00;109
7181;21;22855794;7181;424;8452;8560;5.41;0.33;319.08;8.44;1271;25;2913.00;108
7183;21;22855815;7183;417;8453;8560;5.44;0.33;319.13;8.44;1270;25;2914.00;107
7187;21;22855835;7187;411;8454;8560;5.49;0.33;319.16;8.44;1267;25;2915.00;106
7190;21;22855854;7190;409;8463;8572;5.52;0.34;319.13;8.44;1273;25;2916.00;109
7195;21;22855872;7195;409;8464;8572;5.54;0.34;319.09;8.44;1269;25;2917.00;108
7195;21;22855888;7195;404;8466;8572;5.58;0.34;319.09;8.44;1271;25;2918.00;106
7198;21;22855904;7198;399;8467;8572;5.59;0.34;319.06;8.44;1269;25;2919.00;105
7200;21;22855919;7200;405;8468;8572;5.62;0.34;319.12;8.44;1268;25;2920.00;104
7200;21;22855935;7200;396;8468;8572;5.64;0.34;319.12;8.44;1268;25;2921.00;104
7202;21;22855952;7202;393;8472;8576;5.68;0.35;319.09;8.44;1270;25;2922.00;104
7204;21;22855968;7204;388;8472;8576;5.70;0.35;319.13;8.44;1268;25;2923.00;104
7208;21;22855984;7208;384;8476;8580;5.75;0.35;319.18;8.44;1268;25;2924.00;104
7209;21;22856002;7209;382;8479;8582;5.83;0.35;319.16;8.44;1270;25;2925.00;103
7213;21;22856021;7213;380;8479;8582;5.87;0.36;319.32;8.44;1266;25;2926.00;103
7214;21;22856045;7214;381;8480;8582;5.93;0.36;319.33;8.45;1266;25;2927.00;102
7214;21;22856062;7214;382;8490;8595;5.98;0.36;319.33;8.45;1276;25;2928.00;105
7216;21;22856080;7216;386;8492;8595;6.01;0.36;319.32;8.45;1276;25;2929.00;103
7219;21;22856097;7219;392;8493;8595;6.06;0.37;319.38;8.45;1274;25;2930.00;102
7222;21;22856120;7222;395;8496;8596;6.10;0.37;319.43;8.46;1274;25;2931.00;100
7224;21;22856145;7224;399;8498;8597;6.07;0.37;319.47;8.54;1274;25;2932.00;99
7228;21;22856178;7228;406;8500;8597;6.03;0.37;319.48;8.61;1272;25;2933.00;97
7230;21;22856203;7230;408;8504;8600;6.05;0.37;319.55;8.61;1274;25;2934.00;96
7231;21;22856222;7231;408;8506;8600;6.05;0.37;319.63;8.68;1275;25;2935.00;94
7235;21;22856244;7235;414;8507;8600;6.03;0.37;319.82;8.69;1272;25;2936.00;93
7238;21;22856265;7238;414;8509;8600;5.98;0.36;319.87;8.76;1271;25;2937.00;91
7243;21;22856285;7243;420;8517;8606;5.94;0.36;319.98;8.82;1274;25;2938.00;89
7245;21;22856318;7245;425;8517;8606;5.91;0.36;319.96;8.82;1272;25;2939.00;89
7247;21;22856340;7247;426;8519;8606;5.94;0.36;319.90;8.86;1272;25;2940.00;87
7250;21;22856362;7250;429;8520;8606;5.95;0.36;319.94;8.87;1270;25;2941.00;86
7252;21;22856384;7252;433;8523;8610;5.94;0.36;319.96;8.87;1271;25;2942.00;87
7256;21;22856405;7256;440;8525;8611;5.93;0.36;320.00;8.90;1269;25;2943.00;86
7258;21;22856426;7258;440;8526;8611;5.95;0.36;320.15;8.90;1268;25;2944.00;85
7258;21;22856447;7258;442;8528;8612;5.99;0.37;320.15;8.91;1270;25;2945.00;84
7262;21;22856467;7262;445;8530;8612;5.94;0.36;320.14;8.91;1268;25;2946.00;82
7266;21;22856487;7266;447;8530;8612;5.87;0.36;320.20;8.91;1264;25;2947.00;82
7268;21;22856506;7268;449;8533;8612;5.80;0.35;320.26;8.98;1265;25;2948.00;79
7271;21;22856525;7271;450;8533;8612;5.76;0.35;320.26;8.98;1262;25;2949.00;79
7274;21;22856544;7274;449;8535;8612;5.72;0.35;320.43;9.04;1261;25;2950.00;77
7275;21;22856562;7275;447;8536;8612;5.71;0.35;320.50;9.07;1261;25;2951.00;76
7277;21;22856581;7277;453;8580;8682;5.78;0.36;320.58;9.06;1303;25;2952.00;102
7281;21;22856608;7281;453;8581;8683;5.80;0.36;320.82;9.05;1300;25;2953.00;102
7282;21;22856628;7282;448;8587;8683;5.88;0.36;320.80;9.05;1305;25;2954.00;96
7285;21;22856646;7285;445;8591;8683;5.87;0.36;320.78;9.16;1306;25;2955.00;92
7287;21;22856665;7287;436;8592;8683;5.90;0.36;320.91;9.16;1305;25;2956.00;91
7290;21;22856682;7290;435;8592;8683;5.88;0.36;320.83;9.16;1302;25;2957.00;91
7293;21;22856700;7293;434;8597;8683;5.92;0.36;320.77;9.22;1304;25;2958.00;86
7293;21;22856716;7293;435;8597;8683;5.95;0.36;320.77;9.22;1304;25;2959.00;86
7297;21;22856731;7297;440;8601;8684;5.93;0.36;320.82;9.27;1304;25;2960.00;83
7302;21;22856747;7302;440;8603;8685;5.93;0.36;320.78;9.27;1301;25;2961.00;82
7305;21;22856765;7305;433;8607;8685;5.88;0.36;320.83;9.32;1302;25;2962.00;78
7311;21;22856782;7311;440;8612;8689;5.79;0.35;320.82;9.32;1301;25;2963.00;77
7313;21;22856800;7313;453;8613;8689;5.77;0.35;320.85;9.32;1300;25;2964.00;76
7320;21;22856815;7320;449;8615;8689;5.70;0.35;320.80;9.37;1295;25;2965.00;74
7324;21;22856831;7324;460;8615;8689;5.65;0.34;320.95;9.37;1291;25;2966.00;74
7325;21;22856849;7325;467;8621;8695;5.69;0.35;320.94;9.41;1296;25;2967.00;74
7327;21;22856865;7327;480;8621;8695;5.62;0.34;321.01;9.41;1294;25;2968.00;74
7330;21;22856881;7330;473;8622;8695;5.56;0.34;321.09;9.44;1292;25;2969.00;73
7332;21;22856897;7332;476;8626;8701;5.53;0.34;321.07;9.46;1294;25;2970.00;75
7338;21;22856912;7338;479;8627;8701;5.41;0.33;321.17;9.48;1289;25;2971.00;74
7343;21;22856926;7343;476;8629;8701;5.31;0.32;321.34;9.51;1286;25;2972.00;72
7345;21;22856940;7345;485;8630;8702;5.25;0.32;321.30;9.51;1285;25;2973.00;72
7350;21;22856955;7350;482;8631;8703;5.16;0.31;321.48;9.51;1281;25;2974.00;72
7355;21;22856970;7355;475;8631;8703;5.09;0.31;321.57;9.51;1276;25;2975.00;72
7361;21;22856985;7361;478;8645;8716;5.03;0.31;321.67;9.59;1284;25;2976.00;71
7365;21;22857002;7365;477;8645;8716;5.02;0.31;321.72;9.59;1280;25;2977.00;71
7371;21;22857019;7371;469;8645;8716;5.01;0.31;322.00;9.59;1274;25;2978.00;71
7375;21;22857033;7375;476;8645;8717;5.01;0.30;322.08;9.59;1270;25;2979.00;72
7376;21;22857047;7376;475;8646;8717;5.05;0.31;322.09;9.59;1270;25;2980.00;71
7378;21;22857061;7378;471;8650;8721;5.13;0.31;322.12;9.59;1272;25;2981.00;71
7382;21;22857075;7382;460;8650;8721;5.14;0.31;322.25;9.59;1268;25;2982.00;71
7387;21;22857090;7387;455;8653;8725;5.13;0.31;322.34;9.59;1266;25;2983.00;72
7389;21;22857115;7389;453;8654;8725;5.12;0.31;322.41;9.59;1265;25;2984.00;71
7392;21;22857130;7392;461;8654;8725;5.12;0.31;322.56;9.59;1262;25;2985.00;71
7395;21;22857145;7395;442;8654;8725;5.15;0.31;322.65;9.59;1259;25;2986.00;71
7399;21;22857162;7399;445;8654;8725;5.16;0.31;322.63;9.59;1255;25;2987.00;71
7402;21;22857179;7402;446;8662;8737;5.21;0.32;322.74;9.58;1260;25;2988.00;75
7407;21;22857195;7407;445;8662;8737;5.23;0.32;322.79;9.58;1255;25;2989.00;75
7411;21;22857210;7411;433;8663;8737;5.20;0.32;322.96;9.58;1252;25;2990.00;74
7415;21;22857225;7415;432;8664;8737;5.18;0.32;322.92;9.58;1249;25;2991.00;73
7417;21;22857240;7417;428;8664;8737;5.21;0.32;323.02;9.58;1247;25;2992.00;73
7420;21;22857257;7420;422;8665;8737;5.22;0.32;323.09;9.58;1245;25;2993.00;72
7423;21;22857274;7423;418;8665;8738;5.25;0.32;323.15;9.58;1242;25;2994.00;73
7426;21;22857289;7426;414;8665;8738;5.26;0.32;323.23;9.58;1239;25;2995.00;73
7430;21;22857303;7430;413;8671;8744;5.31;0.32;323.38;9.58;1241;25;2996.00;73
7435;21;22857318;7435;415;8671;8745;5.27;0.32;323.45;9.58;1236;25;2997.00;74
7441;21;22857334;7441;423;8671;8745;5.25;0.32;323.72;9.58;1230;25;2998.00;74
7445;21;22857349;7445;429;8672;8745;5.24;0.32;323.81;9.58;1227;25;2999.00;73
7451;21;22857366;7451;436;8680;8765;5.24;0.32;323.98;9.58;1229;25;3000.00;85
7455;21;22857386;7455;435;8681;8765;5.29;0.32;324.08;9.58;1226;25;3001.00;84
7458;21;22857402;7458;436;8682;8765;5.32;0.32;324.10;9.58;1224;25;3002.00;83
7461;21;22857416;7461;443;8683;8766;5.35;0.33;324.05;9.58;1222;25;3003.00;83
7465;21;22857431;7465;446;8689;8770;5.34;0.33;324.04;9.58;1224;25;3004.00;81
7471;21;22857446;7471;446;8691;8770;5.30;0.32;324.12;9.58;1220;25;3005.00;79
7476;21;22857462;7476;460;8694;8773;5.29;0.32;324.26;9.57;1218;25;3006.00;79
7479;21;22857477;7479;458;8695;8773;5.24;0.32;324.24;9.57;1216;25;3007.00;78
7482;21;22857491;7482;460;8695;8773;5.23;0.32;324.34;9.57;1213;25;3008.00;78
7486;21;22857505;7486;466;8695;8773;5.18;0.32;324.51;9.57;1209;25;3009.00;78
7487;21;22857520;7487;472;8699;8777;5.13;0.31;324.55;9.57;1212;25;3010.00;78
7489;21;22857534;7489;473;8701;8777;5.02;0.31;324.67;9.57;1212;25;3011.00;76
7490;21;22857547;7490;478;8701;8777;4.96;0.30;324.73;9.57;1211;25;3012.00;76
7491;21;22857561;7491;486;8702;8777;4.96;0.30;324.82;9.57;1211;25;3013.00;75
7494;21;22857574;7494;489;8702;8778;4.98;0.31;324.93;9.57;1208;25;3014.00;76
7498;21;22857588;7498;492;8704;8780;4.96;0.30;324.93;9.57;1206;25;3015.00;76
7502;21;22857602;7502;495;8705;8780;4.94;0.30;325.05;9.57;1203;25;3016.00;75
7504;21;22857616;7504;493;8706;8781;4.89;0.30;325.03;9.57;1202;25;3017.00;75
7507;21;22857630;7507;500;8706;8781;4.83;0.30;324.99;9.57;1199;25;3018.00;75
7508;21;22857646;7508;503;8706;8781;4.76;0.29;324.96;9.57;1198;25;3019.00;75
7508;21;22857659;7508;512;8706;8781;4.70;0.29;324.96;9.57;1198;25;3020.00;75
7513;21;22857672;7513;517;8706;8781;4.57;0.28;325.00;9.57;1193;25;3021.00;75
7515;21;22857690;7515;511;8707;8781;4.53;0.28;325.01;9.57;1192;25;3022.00;74
7519;21;22857705;7519;500;8707;8781;4.51;0.28;324.99;9.57;1188;25;3023.00;74
7520;21;22857721;7520;505;8773;8908;4.94;0.31;324.97;9.50;1253;25;3024.00;135
7520;21;22857746;7520;495;8775;8909;4.98;0.31;324.97;9.49;1255;25;3025.00;134
7525;21;22857761;7525;489;8784;8909;5.04;0.31;324.92;9.49;1259;25;3026.00;125
7528;21;22857779;7528;494;8788;8909;5.05;0.31;324.85;9.48;1260;25;3027.00;121
7530;21;22857795;7530;498;8794;8909;5.08;0.31;324.80;9.48;1264;25;3028.00;115
7533;21;22857812;7533;498;8796;8909;5.06;0.31;324.76;9.48;1263;25;3029.00;113
7536;21;22857829;7536;496;8800;8909;5.09;0.32;324.70;9.50;1264;25;3030.00;109
7538;21;22857847;7538;491;8803;8909;5.12;0.32;324.66;9.50;1265;26;3031.00;106
7539;21;22857881;7539;481;8807;8910;5.16;0.32;324.70;9.49;1268;26;3032.00;103
7540;21;22857900;7540;476;8810;8911;5.16;0.32;324.70;9.49;1270;26;3033.00;101
7542;21;22857918;7542;480;8815;8911;5.14;0.32;324.73;9.50;1273;26;3034.00;96
7544;21;22857936;7544;476;8818;8912;5.14;0.32;324.75;9.50;1274;26;3035.00;94
7545;21;22857952;7545;480;8821;8912;5.11;0.31;324.78;9.50;1276;26;3036.00;91
7546;21;22857969;7546;476;8822;8912;5.09;0.31;324.75;9.50;1276;26;3037.00;90
7547;21;22857985;7547;487;8823;8912;5.11;0.31;324.76;9.50;1276;26;3038.00;89
7549;21;22858001;7549;490;8827;8916;5.14;0.32;324.74;9.50;1278;26;3039.00;89
7552;21;22858023;7552;500;8828;8916;5.18;0.32;324.84;9.50;1276;26;3040.00;88
7553;21;22858041;7553;514;8828;8916;5.23;0.32;324.84;9.50;1275;26;3041.00;88
7554;21;22858057;7554;515;8831;8919;5.30;0.32;324.93;9.50;1277;26;3042.00;88
7556;21;22858074;7556;517;8833;8919;5.33;0.33;325.05;9.50;1277;26;3043.00;86
7559;21;22858090;7559;511;8833;8919;5.29;0.32;325.09;9.50;1274;26;3044.00;86
7559;21;22858108;7559;516;8836;8923;5.30;0.33;325.09;9.49;1277;26;3045.00;87
7561;21;22858133;7561;516;8837;8924;5.29;0.32;325.07;9.49;1276;26;3046.00;87
7562;21;22858156;7562;520;8839;8924;5.25;0.32;325.05;9.50;1277;26;3047.00;85
7564;21;22858177;7564;524;8843;8928;5.17;0.32;325.04;9.49;1279;26;3048.00;85
7567;21;22858198;7567;527;8844;8928;5.15;0.31;324.95;9.49;1277;26;3049.00;84
7567;21;22858217;7567;518;8844;8928;5.15;0.32;324.95;9.49;1277;26;3050.00;84
7568;21;22858235;7568;515;8845;8929;5.17;0.32;324.95;9.49;1277;26;3051.00;84
7571;21;22858254;7571;509;8845;8929;5.15;0.31;324.95;9.49;1274;26;3052.00;84
7573;21;22858277;7573;513;8850;8935;5.19;0.32;324.95;9.49;1277;26;3053.00;85
7573;21;22858295;7573;503;8850;8935;5.20;0.32;324.95;9.49;1277;26;3054.00;85
7576;21;22858312;7576;500;8850;8936;5.22;0.32;324.99;9.49;1274;26;3055.00;86
7579;21;22858328;7579;501;8850;8936;5.23;0.32;324.95;9.49;1271;26;3056.00;86
7582;21;22858355;7582;500;8850;8936;5.19;0.31;324.89;9.49;1268;26;3057.00;86
7583;21;22858371;7583;501;8850;8936;5.19;0.31;324.87;9.49;1267;26;3058.00;86
7585;21;22858386;7585;510;8850;8936;5.14;0.31;324.84;9.49;1265;26;3059.00;86
7586;21;22858403;7586;511;8875;8972;5.22;0.32;324.84;9.46;1289;26;3060.00;97
7587;21;22858421;7587;513;8876;8972;5.23;0.32;324.80;9.46;1289;26;3061.00;96
7588;21;22858437;7588;503;8878;8972;5.28;0.32;324.85;9.46;1290;26;3062.00;94
7591;22;22858452;7591;503;8878;8972;5.30;0.32;324.89;9.46;1287;27;3063.00;94
7592;22;22858482;7592;500;8879;8972;5.38;0.33;324.94;9.46;1287;27;3064.00;93
7593;23;22858499;7593;500;8879;8972;5.38;0.33;324.94;9.46;1286;28;3065.00;93
7594;23;22858523;7594;487;8883;8976;5.38;0.33;324.93;9.45;1289;28;3066.00;93
7594;23;22858541;7594;478;8883;8976;5.41;0.33;324.93;9.45;1289;28;3067.00;93
7595;23;22858558;7595;473;8887;8980;5.47;0.33;324.91;9.45;1292;28;3068.00;93
7595;23;22858575;7595;467;8889;8981;5.52;0.34;324.91;9.47;1294;28;3069.00;92
7595;23;22858595;7595;458;8889;8981;5.58;0.34;324.91;9.47;1294;28;3070.00;92
7598;23;22858611;7598;451;8889;8981;5.58;0.34;324.89;9.47;1291;28;3071.00;92
7602;23;22858628;7602;446;8898;8994;5.62;0.34;324.90;9.46;1296;28;3072.00;96
7603;23;22858645;7603;430;8898;8994;5.71;0.35;324.99;9.46;1295;28;3073.00;96
7605;23;22858661;7605;433;8898;8994;5.77;0.35;325.08;9.46;1293;28;3074.00;96
7607;23;22858678;7607;422;8899;8995;5.82;0.35;325.10;9.46;1292;28;3075.00;96
7611;23;22858699;7611;417;8899;8996;5.83;0.35;325.08;9.46;1288;28;3076.00;97
7612;23;22858715;7612;423;8899;8996;5.84;0.36;325.09;9.46;1287;28;3077.00;97
7616;23;22858732;7616;419;8901;8999;5.85;0.36;325.24;9.46;1285;28;3078.00;98
7617;23;22858750;7617;414;8902;8999;5.86;0.36;325.23;9.46;1285;28;3079.00;97
7620;23;22858766;7620;426;8904;8999;5.85;0.36;325.23;9.52;1284;28;3080.00;95
7623;23;22858783;7623;411;8904;8999;5.85;0.36;325.34;9.52;1281;28;3081.00;95
7627;23;22858798;7627;400;8909;9005;5.88;0.36;325.44;9.52;1282;28;3082.00;96
7630;23;22858815;7630;402;8909;9005;5.89;0.36;325.44;9.52;1279;28;3083.00;96
7633;23;22858836;7633;404;8910;9005;5.91;0.36;325.47;9.54;1277;28;3084.00;95
7637;23;22858853;7637;401;8910;9005;5.95;0.36;325.53;9.54;1273;28;3085.00;95
7639;23;22858869;7639;392;8913;9009;5.93;0.36;325.61;9.53;1274;28;3086.00;96
7642;23;22858884;7642;392;8915;9010;5.97;0.36;325.70;9.56;1273;28;3087.00;95
7645;23;22858900;7645;397;8916;9010;5.97;0.36;325.82;9.56;1271;28;3088.00;94
7647;23;22858916;7647;398;8917;9011;6.01;0.37;325.89;9.56;1270;28;3089.00;94
7649;23;22858938;7649;400;8917;9011;5.94;0.36;325.91;9.56;1268;28;3090.00;94
7653;23;22858953;7653;399;8917;9011;5.92;0.36;326.03;9.56;1264;28;3091.00;94
7656;23;22858970;7656;400;8918;9011;5.87;0.36;326.18;9.58;1262;28;3092.00;93
7658;23;22858985;7658;404;8919;9011;5.84;0.35;326.20;9.58;1261;28;3093.00;92
7662;23;22859000;7662;402;8919;9011;5.84;0.36;326.24;9.58;1257;28;3094.00;92
7663;23;22859016;7663;405;8920;9011;5.85;0.36;326.22;9.61;1257;28;3095.00;91
7667;23;22859031;7667;422;8957;9081;5.88;0.36;326.24;9.58;1290;28;3096.00;124
7669;23;22859051;7669;420;8957;9082;5.85;0.36;326.31;9.58;1288;28;3097.00;125
7670;23;22859067;7670;420;8964;9082;5.87;0.36;326.32;9.57;1294;28;3098.00;118
7672;23;22859081;7672;430;8965;9082;5.83;0.35;326.37;9.57;1293;28;3099.00;117
7674;23;22859106;7674;425;8970;9082;5.79;0.35;326.38;9.57;1296;28;3100.00;112
7675;23;22859127;7675;433;8973;9082;5.85;0.36;326.36;9.57;1298;28;3101.00;109
7679;23;22859142;7679;441;8977;9082;5.88;0.36;326.50;9.56;1298;28;3102.00;105
7682;23;22859159;7682;447;8981;9082;5.91;0.36;326.47;9.56;1299;28;3103.00;101
7689;23;22859175;7689;445;8983;9083;5.87;0.36;326.52;9.56;1294;28;3104.00;100
7691;23;22859192;7691;454;8989;9085;5.87;0.36;326.58;9.63;1298;28;3105.00;96
7691;23;22859208;7691;462;8991;9085;5.87;0.36;326.58;9.63;1300;28;3106.00;94
7696;23;22859225;7696;466;8995;9089;5.81;0.35;326.55;9.62;1299;28;3107.00;94
7698;23;22859242;7698;467;8997;9089;5.79;0.35;326.55;9.69;1299;28;3108.00;92
7699;23;22859262;7699;476;8997;9089;5.80;0.35;326.54;9.69;1298;28;3109.00;92
7702;23;22859279;7702;479;8998;9089;5.77;0.35;326.64;9.72;1296;28;3110.00;91
7702;23;22859296;7702;489;9003;9095;5.81;0.35;326.64;9.72;1301;28;3111.00;92
7704;23;22859312;7704;496;9005;9095;5.76;0.35;326.64;9.78;1301;28;3112.00;90
7706;23;22859328;7706;503;9005;9095;5.74;0.35;326.64;9.78;1299;28;3113.00;90
7709;23;22859345;7709;503;9008;9098;5.71;0.35;326.65;9.81;1299;28;3114.00;90
7712;23;22859361;7712;506;9009;9098;5.67;0.34;326.75;9.84;1297;28;3115.00;89
7713;23;22859377;7713;505;9010;9098;5.64;0.34;326.74;9.84;1297;28;3116.00;88
7715;23;22859392;7715;506;9012;9099;5.60;0.34;326.74;9.90;1297;28;3117.00;87
7718;23;22859407;7718;507;9013;9100;5.56;0.34;326.72;9.90;1295;28;3118.00;87
7721;23;22859423;7721;504;9014;9100;5.51;0.33;326.76;9.93;1293;28;3119.00;86
7722;23;22859441;7722;508;9032;9126;5.56;0.34;326.79;9.94;1310;28;3120.00;94
7727;23;22859458;7727;505;9033;9126;5.56;0.34;326.95;9.94;1306;28;3121.00;93
7730;23;22859474;7730;511;9035;9126;5.58;0.34;326.95;9.94;1305;28;3122.00;91
7732;23;22859489;7732;502;9037;9127;5.57;0.34;326.96;9.94;1305;28;3123.00;90
7732;23;22859505;7732;501;9038;9127;5.56;0.34;326.96;9.93;1306;28;3124.00;89
7735;23;22859520;7735;502;9042;9131;5.56;0.34;327.11;9.93;1307;28;3125.00;89
7738;23;22859537;7738;498;9042;9131;5.50;0.33;327.10;9.93;1304;28;3126.00;89
7739;23;22859553;7739;496;9045;9135;5.43;0.33;327.13;9.93;1306;28;3127.00;90
7740;23;22859568;7740;489;9045;9135;5.41;0.33;327.11;9.93;1305;28;3128.00;90
7744;23;22859584;7744;487;9045;9135;5.35;0.32;327.09;9.93;1301;28;3129.00;90
7748;23;22859599;7748;481;9045;9135;5.30;0.32;327.21;9.93;1297;28;3130.00;90
7748;23;22859615;7748;482;9045;9135;5.33;0.33;327.21;9.93;1297;28;3131.00;90
7748;23;22859630;7748;480;9055;9147;5.37;0.33;327.21;9.92;1307;28;3132.00;92
7752;23;22859646;7752;485;9055;9147;5.37;0.33;327.24;9.92;1303;28;3133.00;92
7755;23;22859660;7755;478;9056;9147;5.42;0.33;327.28;9.92;1301;28;3134.00;91
7758;23;22859675;7758;481;9056;9147;5.41;0.33;327.44;9.92;1298;28;3135.00;91
7760;23;22859690;7760;482;9056;9147;5.46;0.33;327.46;9.92;1296;28;3136.00;91
7765;23;22859704;7765;490;9056;9147;5.45;0.33;327.57;9.92;1291;28;3137.00;91
7767;23;22859718;7767;487;9056;9148;5.48;0.33;327.65;9.92;1289;28;3138.00;92
7770;23;22859734;7770;490;9056;9148;5.49;0.34;327.66;9.92;1286;28;3139.00;92
7773;23;22859748;7773;487;9061;9154;5.53;0.34;327.68;9.91;1288;28;3140.00;93
7776;23;22859763;7776;493;9062;9155;5.49;0.34;327.78;9.91;1286;28;3141.00;93
7781;23;22859777;7781;491;9062;9155;5.43;0.33;327.77;9.91;1281;28;3142.00;93
7784;23;22859792;7784;490;9062;9155;5.40;0.33;327.76;9.91;1278;28;3143.00;93
7791;23;22859806;7791;488;9065;9159;5.37;0.33;327.76;9.91;1274;28;3144.00;94
7795;23;22859820;7795;491;9065;9159;5.30;0.32;327.86;9.91;1270;28;3145.00;94
7801;23;22859836;7801;493;9065;9159;5.20;0.32;327.90;9.91;1264;28;3146.00;94
7803;23;22859854;7803;494;9066;9160;5.16;0.31;327.96;9.91;1263;28;3147.00;94
7807;23;22859870;7807;503;9069;9164;5.09;0.31;328.03;9.90;1262;28;3148.00;95
7810;23;22859886;7810;506;9069;9164;5.03;0.31;328.10;9.90;1259;28;3149.00;95
7814;23;22859901;7814;487;9073;9170;5.02;0.31;328.18;9.90;1259;28;3150.00;97
7818;23;22859916;7818;484;9073;9170;4.99;0.30;328.28;9.90;1255;28;3151.00;97
7823;23;22859929;7823;476;9075;9170;4.95;0.30;328.28;9.90;1252;28;3152.00;95
7827;23;22859942;7827;468;9075;9170;4.90;0.30;328.33;9.90;1248;28;3153.00;95
7830;23;22859956;7830;463;9079;9174;4.88;0.30;328.45;9.89;1249;28;3154.00;95
7835;23;22859970;7835;465;9079;9174;4.86;0.30;328.45;9.89;1244;28;3155.00;95
7839;23;22859985;7839;465;9079;9174;4.85;0.30;328.48;9.89;1240;28;3156.00;95
7843;23;22860000;7843;463;9079;9174;4.87;0.30;328.52;9.89;1236;28;3157.00;95
7848;23;22860021;7848;449;9079;9175;4.89;0.30;328.62;9.89;1231;28;3158.00;96
7849;23;22860035;7849;439;9080;9176;4.92;0.30;328.66;9.89;1231;28;3159.00;96
7851;23;22860049;7851;425;9080;9176;4.91;0.30;328.72;9.89;1229;28;3160.00;96
7854;23;22860062;7854;422;9081;9177;4.90;0.30;328.79;9.89;1227;28;3161.00;96
7857;23;22860076;7857;420;9081;9177;4.89;0.30;328.82;9.89;1224;28;3162.00;96
7862;23;22860091;7862;421;9081;9177;4.90;0.30;328.90;9.89;1219;28;3163.00;96
7863;23;22860105;7863;422;9081;9177;4.97;0.31;328.93;9.89;1218;28;3164.00;96
7867;23;22860126;7867;416;9081;9177;5.01;0.31;329.04;9.89;1214;28;3165.00;96
7873;23;22860143;7873;422;9081;9177;5.09;0.31;329.03;9.89;1208;28;3166.00;96
7878;23;22860162;7878;422;9081;9177;5.14;0.32;329.08;9.89;1203;28;3167.00;96
7881;23;22860180;7881;424;9142;9304;5.54;0.34;329.08;9.82;1261;28;3168.00;162
7886;23;22860208;7886;427;9147;9305;5.54;0.34;329.12;9.82;1261;28;3169.00;158
7890;23;22860224;7890;428;9158;9305;5.59;0.35;329.16;9.81;1268;28;3170.00;147
7894;23;22860239;7894;436;9160;9305;5.54;0.34;329.30;9.81;1266;28;3171.00;145
7899;23;22860257;7899;441;9164;9305;5.46;0.34;329.38;9.81;1265;28;3172.00;141
7906;23;22860273;7906;445;9168;9305;5.37;0.33;329.44;9.80;1262;28;3173.00;137
7912;23;22860289;7912;451;9170;9305;5.25;0.32;329.58;9.80;1258;28;3174.00;135
7918;23;22860304;7918;453;9173;9305;5.16;0.32;329.61;9.80;1255;28;3175.00;132
7922;23;22860319;7922;467;9175;9306;5.11;0.31;329.66;9.80;1253;28;3176.00;131
7927;23;22860333;7927;468;9178;9307;5.04;0.31;329.69;9.80;1251;28;3177.00;129
7929;23;22860348;7929;478;9181;9307;4.99;0.31;329.73;9.80;1252;28;3178.00;126
7935;23;22860362;7935;484;9183;9308;4.87;0.30;329.72;9.80;1248;28;3179.00;125
7939;23;22860379;7939;487;9186;9308;4.85;0.30;329.76;9.80;1247;28;3180.00;122
7943;23;22860393;7943;493;9188;9308;4.82;0.30;329.80;9.80;1245;28;3181.00;120
7945;23;22860406;7945;498;9190;9308;4.78;0.30;329.79;9.80;1245;28;3182.00;118
7950;23;22860420;7950;506;9193;9312;4.72;0.29;329.80;9.80;1243;28;3183.00;119
7955;23;22860434;7955;510;9196;9312;4.66;0.29;329.74;9.80;1241;28;3184.00;116
7956;23;22860448;7956;503;9197;9312;4.62;0.29;329.74;9.80;1241;28;3185.00;115
7961;23;22860462;7961;511;9200;9315;4.54;0.28;329.72;9.80;1239;28;3186.00;115
7966;23;22860476;7966;509;9201;9315;4.47;0.28;329.71;9.84;1235;28;3187.00;114
7970;23;22860490;7970;509;9203;9315;4.43;0.27;329.67;9.84;1233;28;3188.00;112
7972;23;22860503;7972;514;9206;9319;4.42;0.27;329.65;9.83;1234;28;3189.00;113
7979;23;22860516;7979;511;9209;9320;4.37;0.27;329.55;9.83;1230;28;3190.00;111
7981;23;22860530;7981;520;9211;9322;4.32;0.27;329.49;9.83;1230;28;3191.00;111
7984;23;22860543;7984;521;9216;9326;4.29;0.26;329.50;9.83;1232;28;3192.00;110
7986;23;22860556;7986;526;9216;9326;4.25;0.26;329.48;9.83;1230;28;3193.00;110
7989;23;22860569;7989;533;9217;9326;4.26;0.26;329.48;9.83;1228;28;3194.00;109
7989;23;22860582;7989;527;9219;9328;4.27;0.26;329.48;9.83;1230;28;3195.00;109
7990;23;22860595;7990;533;9220;9328;4.26;0.26;329.56;9.83;1230;28;3196.00;108
7994;23;22860608;7994;524;9225;9334;4.27;0.26;329.52;9.83;1231;28;3197.00;109
7998;23;22860622;7998;531;9225;9334;4.20;0.26;329.45;9.83;1227;28;3198.00;109
8000;23;22860636;8000;522;9225;9335;4.20;0.26;329.51;9.83;1225;28;3199.00;110
8002;23;22860650;8002;525;9225;9335;4.19;0.26;329.46;9.83;1223;28;3200.00;110
8003;23;22860669;8003;521;9225;9335;4.21;0.26;329.43;9.83;1222;28;3201.00;110
8007;23;22860688;8007;520;9226;9335;4.22;0.26;329.47;9.86;1219;28;3202.00;109
8009;23;22860703;8009;516;9226;9335;4.24;0.26;329.44;9.86;1217;28;3203.00;109
8010;23;22860716;8010;521;9236;9347;4.31;0.26;329.40;9.85;1226;28;3204.00;111
8012;23;22860731;8012;528;9236;9347;4.29;0.26;329.41;9.85;1224;28;3205.00;111
8014;24;22860745;8014;516;9237;9347;4.28;0.26;329.39;9.85;1223;29;3206.00;110
8014;24;22860778;8014;490;9237;9347;4.36;0.26;329.39;9.85;1223;29;3207.00;110
8014;24;22860797;8014;475;9237;9347;4.41;0.27;329.39;9.85;1223;29;3208.00;110
8015;24;22860814;8015;464;9237;9347;4.50;0.27;329.37;9.85;1222;29;3209.00;110
8017;24;22860838;8017;457;9240;9351;4.60;0.28;329.35;9.85;1223;29;3210.00;111
8017;24;22860855;8017;445;9240;9351;4.73;0.29;329.35;9.85;1223;29;3211.00;111
8018;24;22860871;8018;430;9244;9355;4.91;0.30;329.35;9.84;1226;29;3212.00;111
8019;24;22860888;8019;423;9245;9356;5.03;0.31;329.37;9.84;1226;29;3213.00;111
8019;24;22860904;8019;428;9245;9356;5.14;0.31;329.37;9.84;1226;29;3214.00;111
8021;24;22860919;8021;422;9245;9356;5.18;0.32;329.36;9.84;1224;29;3215.00;111
8025;24;22860935;8025;419;9256;9369;5.30;0.32;329.34;9.83;1231;29;3216.00;113
8026;24;22860961;8026;419;9256;9369;5.37;0.33;329.34;9.83;1230;29;3217.00;113
8028;24;22860983;8028;417;9257;9369;5.43;0.33;329.33;9.86;1229;29;3218.00;112
8030;24;22860999;8030;415;9258;9370;5.49;0.33;329.36;9.86;1228;29;3219.00;112
8031;25;22861016;8031;422;9258;9371;5.55;0.34;329.36;9.86;1227;30;3220.00;113
8031;25;22861040;8031;416;9258;9371;5.59;0.34;329.36;9.86;1227;30;3221.00;113
8031;25;22861055;8031;413;9260;9374;5.65;0.34;329.36;9.86;1229;30;3222.00;114
8032;26;22861071;8032;408;9260;9374;5.68;0.34;329.35;9.86;1228;31;3223.00;114
8034;26;22861092;8034;405;9261;9374;5.69;0.35;329.36;9.86;1227;31;3224.00;113
8035;26;22861106;8035;400;9261;9374;5.68;0.35;329.38;9.86;1226;31;3225.00;113
8037;26;22861128;8037;399;9267;9380;5.67;0.34;329.37;9.88;1230;31;3226.00;113
8039;26;22861153;8039;395;9267;9380;5.68;0.35;329.38;9.88;1228;31;3227.00;113
8039;26;22861171;8039;398;9267;9380;5.74;0.35;329.38;9.88;1228;31;3228.00;113
8040;26;22861192;8040;401;9267;9380;5.78;0.35;329.38;9.88;1227;31;3229.00;113
8046;26;22861244;8046;402;9270;9384;5.77;0.35;329.62;9.88;1224;31;3230.00;114
8046;26;22861262;8046;399;9271;9385;5.82;0.35;329.62;9.88;1225;31;3231.00;114
8047;26;22861278;8047;400;9271;9385;5.86;0.36;329.63;9.88;1224;31;3232.00;114
8050;26;22861295;8050;398;9272;9386;5.88;0.36;329.71;9.88;1222;31;3233.00;114
8054;26;22861312;8054;401;9272;9386;5.87;0.36;329.72;9.88;1218;31;3234.00;114
8057;26;22861328;8057;407;9272;9386;5.90;0.36;329.79;9.88;1215;31;3235.00;114
8060;26;22861344;8060;404;9272;9386;5.90;0.36;329.76;9.88;1212;31;3236.00;114
8062;26;22861360;8062;409;9272;9386;5.94;0.36;329.76;9.88;1210;31;3237.00;114
8067;26;22861374;8067;413;9272;9386;5.92;0.36;329.88;9.88;1205;31;3238.00;114
8072;26;22861389;8072;421;9273;9386;5.95;0.36;330.04;9.90;1201;31;3239.00;113
8074;26;22861405;8074;436;9337;9511;5.98;0.37;330.17;9.83;1263;31;3240.00;174
8077;26;22861430;8077;420;9337;9512;5.99;0.37;330.38;9.83;1260;31;3241.00;175
8081;26;22861451;8081;406;9343;9512;6.04;0.37;330.60;9.83;1262;31;3242.00;169
8083;26;22861466;8083;400;9346;9512;6.12;0.38;330.70;9.83;1263;31;3243.00;166
8087;26;22861481;8087;393;9349;9512;6.16;0.38;330.82;9.82;1262;31;3244.00;163
8091;26;22861507;8091;383;9352;9512;6.22;0.38;330.94;9.82;1261;31;3245.00;160
8096;26;22861522;8096;384;9355;9512;6.23;0.38;331.12;9.82;1259;31;3246.00;157
8099;26;22861538;8099;381;9357;9512;6.36;0.39;331.20;9.82;1258;31;3247.00;155
8102;26;22861553;8102;387;9361;9513;6.42;0.39;331.35;9.82;1259;31;3248.00;152
8107;26;22861569;8107;386;9367;9514;6.44;0.39;331.51;9.82;1260;31;3249.00;147
8110;26;22861585;8110;385;9371;9514;6.43;0.39;331.65;9.82;1261;31;3250.00;143
8115;26;22861600;8115;389;9376;9518;6.40;0.39;331.75;9.82;1261;31;3251.00;142
8120;26;22861617;8120;388;9378;9518;6.36;0.39;331.86;9.82;1258;31;3252.00;140
8121;26;22861633;8121;394;9378;9518;6.30;0.38;331.85;9.82;1257;31;3253.00;140
8123;26;22861649;8123;399;9378;9518;6.23;0.38;331.85;9.82;1255;31;3254.00;140
8125;26;22861665;8125;398;9384;9524;6.19;0.38;331.83;9.90;1259;31;3255.00;140
8130;26;22861682;8130;395;9384;9524;6.11;0.37;332.00;9.90;1254;31;3256.00;140
8132;26;22861698;8132;399;9384;9524;6.09;0.37;332.05;9.90;1252;31;3257.00;140
8137;26;22861713;8137;399;9388;9527;6.07;0.37;332.06;9.90;1251;31;3258.00;139
8138;26;22861729;8138;398;9389;9527;6.04;0.37;332.09;9.90;1251;31;3259.00;138
8141;26;22861746;8141;398;9389;9527;6.01;0.37;332.14;9.90;1248;31;3260.00;138
8144;26;22861761;8144;405;9389;9528;6.03;0.37;332.14;9.90;1245;31;3261.00;139
8145;26;22861775;8145;402;9390;9529;6.06;0.37;332.14;9.89;1245;31;3262.00;139
8147;26;22861791;8147;406;9390;9529;6.02;0.37;332.20;9.89;1243;31;3263.00;139
8150;26;22861806;8150;413;9399;9542;6.01;0.37;332.18;9.89;1249;31;3264.00;143
8152;26;22861822;8152;413;9400;9542;6.02;0.37;332.15;9.88;1248;31;3265.00;142
8154;26;22861837;8154;407;9400;9542;6.01;0.37;332.16;9.88;1246;31;3266.00;142
8157;26;22861853;8157;403;9401;9543;6.01;0.37;332.10;9.88;1244;31;3267.00;142
8159;26;22861871;8159;399;9401;9543;6.04;0.37;332.07;9.88;1242;31;3268.00;142
8161;26;22861886;8161;401;9404;9547;6.04;0.37;332.03;9.88;1243;31;3269.00;143
8162;26;22861903;8162;410;9404;9547;6.06;0.37;332.06;9.88;1242;31;3270.00;143
8164;26;22861918;8164;409;9407;9551;6.06;0.37;332.05;9.88;1243;31;3271.00;144
8168;26;22861935;8168;406;9408;9551;6.07;0.37;332.06;9.88;1240;31;3272.00;143
8171;26;22861950;8171;407;9408;9551;6.07;0.37;332.08;9.88;1237;31;3273.00;143
8173;26;22861965;8173;405;9408;9551;6.05;0.37;332.09;9.88;1235;31;3274.00;143
8175;26;22861979;8175;405;9408;9551;6.04;0.37;332.11;9.88;1233;31;3275.00;143
8180;26;22861995;8180;405;9419;9563;6.05;0.37;332.10;9.87;1239;31;3276.00;144
8183;26;22862014;8183;412;9421;9563;6.00;0.37;332.19;9.92;1238;31;3277.00;142
8185;26;22862030;8185;406;9425;9563;6.01;0.37;332.19;9.96;1240;31;3278.00;138
8188;26;22862045;8188;412;9426;9563;5.97;0.36;332.35;10.01;1238;31;3279.00;137
8193;26;22862059;8193;410;9427;9563;5.89;0.36;332.36;10.05;1234;31;3280.00;136
8196;26;22862074;8196;415;9428;9563;5.86;0.36;332.50;10.05;1232;31;3281.00;135
8197;26;22862089;8197;424;9429;9564;5.85;0.36;332.51;10.09;1232;31;3282.00;135
8199;26;22862103;8199;428;9430;9564;5.78;0.35;332.51;10.13;1231;31;3283.00;134
8201;26;22862125;8201;426;9435;9570;5.84;0.36;332.64;10.13;1234;31;3284.00;135
8204;26;22862144;8204;432;9438;9572;5.84;0.36;332.71;10.17;1234;31;3285.00;134
8204;26;22862165;8204;437;9438;9572;5.85;0.36;332.71;10.17;1234;31;3286.00;134
8209;26;22862186;8209;443;9438;9572;5.85;0.36;332.67;10.17;1229;31;3287.00;134
8210;26;22862206;8210;444;9443;9576;5.89;0.36;332.65;10.25;1233;31;3288.00;133
8213;26;22862227;8213;449;9443;9576;5.85;0.36;332.64;10.25;1230;31;3289.00;133
8215;26;22862242;8215;450;9443;9576;5.81;0.35;332.82;10.25;1228;31;3290.00;133
8217;26;22862260;8217;454;9448;9577;5.80;0.35;332.85;10.42;1231;31;3291.00;129
8220;26;22862276;8220;456;9452;9581;5.81;0.36;332.90;10.45;1232;31;3292.00;129
8221;26;22862293;8221;457;9452;9581;5.83;0.36;332.88;10.45;1231;31;3293.00;129
8226;26;22862308;8226;461;9455;9584;5.85;0.36;333.02;10.50;1229;31;3294.00;129
8228;26;22862324;8228;461;9456;9584;5.81;0.36;333.09;10.49;1228;31;3295.00;128
8231;26;22862337;8231;464;9456;9584;5.74;0.35;333.05;10.49;1225;31;3296.00;128
8232;26;22862352;8232;463;9458;9584;5.67;0.35;333.13;10.58;1226;31;3297.00;126
8237;26;22862366;8237;467;9462;9588;5.67;0.35;333.27;10.57;1225;31;3298.00;126
8238;26;22862382;8238;464;9464;9588;5.65;0.34;333.31;10.65;1226;31;3299.00;124
8240;26;22862398;8240;474;9469;9607;5.60;0.34;333.41;10.65;1229;31;3300.00;138
8241;26;22862419;8241;460;9469;9607;5.57;0.34;333.49;10.65;1228;31;3301.00;138
8244;26;22862433;8244;461;9471;9608;5.54;0.34;333.56;10.73;1227;31;3302.00;137
8245;26;22862448;8245;463;9472;9609;5.52;0.34;333.54;10.73;1227;31;3303.00;137
8248;26;22862461;8248;462;9472;9609;5.50;0.34;333.65;10.73;1224;31;3304.00;137
8252;26;22862475;8252;464;9473;9610;5.46;0.33;333.65;10.73;1221;31;3305.00;137
8254;26;22862489;8254;461;9475;9610;5.51;0.34;333.70;10.73;1221;31;3306.00;135
8257;26;22862502;8257;462;9477;9610;5.46;0.33;333.88;10.80;1220;31;3307.00;133
8261;26;22862517;8261;459;9477;9610;5.46;0.33;333.93;10.80;1216;31;3308.00;133
8265;26;22862530;8265;462;9477;9610;5.49;0.34;334.03;10.80;1212;31;3309.00;133
8266;26;22862544;8266;460;9477;9610;5.56;0.34;334.14;10.80;1211;31;3310.00;133
8270;26;22862557;8270;460;9478;9610;5.55;0.34;334.24;10.80;1208;31;3311.00;132
8273;26;22862571;8273;477;9540;9737;5.75;0.36;334.31;10.73;1267;31;3312.00;197
8277;26;22862594;8277;470;9545;9738;5.82;0.36;334.41;10.73;1268;31;3313.00;193
8281;26;22862608;8281;468;9554;9738;5.84;0.36;334.47;10.72;1273;31;3314.00;184
8285;26;22862621;8285;467;9555;9738;5.80;0.36;334.60;10.72;1270;31;3315.00;183
8291;26;22862635;8291;460;9558;9738;5.77;0.36;334.64;10.72;1267;31;3316.00;180
8295;26;22862648;8295;460;9560;9738;5.69;0.35;334.64;10.72;1265;31;3317.00;178
8301;26;22862661;8301;467;9567;9738;5.63;0.35;334.83;10.72;1266;31;3318.00;171
8308;27;22862675;8308;466;9569;9738;5.55;0.34;334.91;10.72;1261;32;3319.00;169
8314;27;22862695;8314;471;9573;9739;5.56;0.34;335.02;10.71;1259;32;3320.00;166
8317;27;22862710;8317;475;9576;9740;5.52;0.34;335.01;10.71;1259;32;3321.00;164
8319;27;22862725;8319;469;9579;9740;5.48;0.34;335.06;10.71;1260;32;3322.00;161
8319;27;22862744;8319;474;9584;9741;5.42;0.33;335.06;10.72;1265;32;3323.00;157
8325;27;22862758;8325;484;9587;9741;5.34;0.33;334.99;10.72;1262;32;3324.00;154
8327;27;22862771;8327;475;9589;9741;5.29;0.33;335.00;10.72;1262;32;3325.00;152
8331;27;22862785;8331;471;9590;9741;5.21;0.32;334.95;10.72;1259;32;3326.00;151
8336;27;22862800;8336;479;9592;9745;5.14;0.32;334.86;10.72;1256;32;3327.00;153
8336;27;22862816;8336;476;9594;9745;5.11;0.31;334.86;10.72;1258;32;3328.00;151
8337;27;22862829;8337;479;9596;9745;5.05;0.31;334.85;10.72;1259;32;3329.00;149
8341;27;22862850;8341;488;9599;9751;4.95;0.30;334.90;10.72;1258;32;3330.00;152
8343;27;22862865;8343;489;9600;9751;4.93;0.30;334.85;10.72;1257;32;3331.00;151
8348;27;22862880;8348;496;9601;9751;4.85;0.30;334.87;10.72;1253;32;3332.00;150
8352;27;22862893;8352;497;9605;9755;4.85;0.30;334.77;10.72;1253;32;3333.00;150
8354;27;22862907;8354;497;9608;9756;4.82;0.29;334.78;10.72;1254;32;3334.00;148
8354;27;22862921;8354;496;9609;9756;4.80;0.29;334.78;10.72;1255;32;3335.00;147
8356;27;22862934;8356;489;9613;9760;4.77;0.29;334.81;10.72;1257;32;3336.00;147
8360;27;22862948;8360;486;9613;9760;4.73;0.29;334.79;10.72;1253;32;3337.00;147
8362;27;22862962;8362;490;9614;9760;4.73;0.29;334.75;10.72;1252;32;3338.00;146
8364;27;22862976;8364;492;9614;9761;4.72;0.29;334.77;10.72;1250;32;3339.00;147
8370;27;22862991;8370;496;9617;9761;4.68;0.29;334.67;10.73;1247;32;3340.00;144
8373;27;22863007;8373;495;9620;9767;4.72;0.29;334.74;10.72;1247;32;3341.00;147
8377;27;22863021;8377;503;9623;9767;4.66;0.28;334.77;10.73;1246;32;3342.00;144
8379;27;22863035;8379;499;9624;9768;4.61;0.28;334.77;10.73;1245;32;3343.00;144
8384;27;22863048;8384;502;9624;9768;4.55;0.28;334.71;10.73;1240;32;3344.00;144
8387;27;22863062;8387;504;9625;9768;4.51;0.27;334.70;10.73;1238;32;3345.00;143
8391;27;22863075;8391;513;9627;9768;4.42;0.27;334.56;10.76;1236;32;3346.00;141
8394;27;22863089;8394;510;9628;9768;4.39;0.27;334.56;10.76;1234;32;3347.00;140
8397;27;22863102;8397;513;9637;9780;4.41;0.27;334.66;10.75;1240;32;3348.00;143
8398;27;22863117;8398;510;9638;9780;4.36;0.27;334.70;10.75;1240;32;3349.00;142
8401;27;22863131;8401;510;9639;9780;4.32;0.27;334.71;10.75;1238;32;3350.00;141
8402;27;22863144;8402;519;9640;9780;4.29;0.26;334.72;10.75;1238;32;3351.00;140
8406;27;22863158;8406;526;9641;9780;4.19;0.26;334.75;10.75;1235;32;3352.00;139
8408;27;22863172;8408;530;9641;9780;4.09;0.25;334.73;10.75;1233;32;3353.00;139
8409;27;22863186;8409;534;9645;9784;4.07;0.25;334.69;10.75;1236;32;3354.00;139
8412;27;22863201;8412;543;9645;9784;3.99;0.25;334.71;10.75;1233;32;3355.00;139
8414;27;22863214;8414;551;9649;9788;3.96;0.25;334.68;10.74;1235;32;3356.00;139
8418;27;22863227;8418;551;9650;9789;3.95;0.24;334.78;10.74;1232;32;3357.00;139
8420;27;22863240;8420;557;9650;9789;3.96;0.25;334.79;10.74;1230;32;3358.00;139
8423;27;22863255;8423;564;9650;9789;3.94;0.24;334.78;10.74;1227;32;3359.00;139
8426;27;22863271;8426;574;9673;9818;4.03;0.25;334.80;10.72;1247;32;3360.00;145
8431;27;22863289;8431;566;9673;9818;3.99;0.25;334.79;10.72;1242;32;3361.00;145
8434;27;22863305;8434;568;9675;9818;4.04;0.25;334.70;10.71;1241;32;3362.00;143
8435;27;22863320;8435;566;9676;9819;4.09;0.25;334.74;10.71;1241;32;3363.00;143
8439;27;22863334;8439;557;9677;9820;4.06;0.25;334.80;10.74;1238;32;3364.00;143
8442;27;22863347;8442;554;9677;9820;4.05;0.25;334.81;10.74;1235;32;3365.00;143
8444;27;22863363;8444;553;9679;9823;4.10;0.25;334.80;10.74;1235;32;3366.00;144
8445;27;22863376;8445;550;9679;9823;4.15;0.26;334.82;10.74;1234;32;3367.00;144
8450;27;22863390;8450;551;9680;9823;4.17;0.26;334.76;10.74;1230;32;3368.00;143
8454;28;22863405;8454;555;9680;9823;4.19;0.26;334.79;10.74;1226;33;3369.00;143
8455;28;22863433;8455;550;9685;9829;4.27;0.26;334.79;10.74;1230;33;3370.00;144
8459;28;22863448;8459;552;9685;9829;4.27;0.26;334.85;10.74;1226;33;3371.00;144
8460;28;22863462;8460;531;9685;9829;4.32;0.26;334.81;10.74;1225;33;3372.00;144
8462;29;22863477;8462;521;9685;9829;4.38;0.27;334.85;10.74;1223;34;3373.00;144
8466;29;22863504;8466;511;9688;9833;4.42;0.27;334.80;10.73;1222;34;3374.00;145
8467;29;22863521;8467;501;9690;9835;4.53;0.28;334.86;10.73;1223;34;3375.00;145
8468;29;22863536;8468;491;9690;9835;4.61;0.28;334.84;10.73;1222;34;3376.00;145
8470;29;22863550;8470;486;9691;9836;4.70;0.29;334.90;10.73;1221;34;3377.00;145
8472;29;22863570;8472;481;9691;9836;4.74;0.29;334.89;10.73;1219;34;3378.00;145
8473;29;22863589;8473;475;9691;9836;4.81;0.29;334.90;10.73;1218;34;3379.00;145
8476;29;22863603;8476;471;9691;9836;4.85;0.30;334.88;10.73;1215;35;3380.00;145
8481;29;22863629;8481;456;9691;9836;4.86;0.30;334.96;10.73;1210;35;3381.00;145
8482;29;22863645;8482;440;9692;9836;4.89;0.30;334.93;10.76;1210;35;3382.00;144
8484;29;22863659;8484;430;9692;9836;4.93;0.30;334.95;10.76;1208;35;3383.00;144
8485;29;22863673;8485;433;9733;9906;5.13;0.31;334.98;10.72;1248;35;3384.00;173
8487;29;22863695;8487;420;9734;9907;5.22;0.32;335.15;10.72;1247;35;3385.00;173
8488;29;22863709;8488;409;9738;9907;5.34;0.33;335.15;10.71;1250;35;3386.00;169
8490;29;22863724;8490;404;9738;9907;5.39;0.33;335.23;10.71;1248;35;3387.00;169
8492;29;22863739;8492;400;9740;9907;5.46;0.33;335.20;10.71;1248;35;3388.00;167
8496;29;22863755;8496;406;9742;9907;5.55;0.34;335.18;10.71;1246;35;3389.00;165
8499;29;22863773;8499;408;9744;9907;5.58;0.34;335.21;10.71;1245;35;3390.00;163
8499;30;22863790;8499;414;9746;9907;5.63;0.34;335.21;10.71;1247;36;3391.00;161
8500;30;22863812;8500;411;9748;9908;5.67;0.35;335.20;10.71;1248;36;3392.00;160
8502;30;22863827;8502;410;9751;9909;5.63;0.34;335.22;10.74;1249;36;3393.00;158
8503;30;22863842;8503;415;9753;9909;5.64;0.34;335.20;10.74;1250;36;3394.00;156
8506;30;22863858;8506;417;9758;9913;5.65;0.34;335.37;10.73;1252;36;3395.00;155
8509;30;22863873;8509;421;9759;9913;5.68;0.35;335.52;10.73;1250;36;3396.00;154
8511;30;22863893;8511;414;9760;9913;5.77;0.35;335.65;10.73;1249;36;3397.00;153
8516;30;22863909;8516;421;9761;9913;5.79;0.35;335.73;10.73;1245;36;3398.00;152
8517;30;22863926;8517;424;9766;9919;5.86;0.36;335.72;10.73;1249;36;3399.00;153
8521;30;22863942;8521;424;9767;9919;5.89;0.36;335.81;10.73;1246;36;3400.00;152
8523;30;22863962;8523;427;9768;9919;5.89;0.36;335.93;10.73;1245;36;3401.00;151
8526;30;22863977;8526;429;9770;9922;5.92;0.36;335.99;10.73;1244;36;3402.00;152
8528;30;22863992;8528;423;9771;9922;5.96;0.36;336.07;10.73;1243;36;3403.00;151
8535;30;22864010;8535;419;9772;9922;5.96;0.36;336.16;10.73;1237;36;3404.00;150
8535;30;22864026;8535;424;9772;9923;5.97;0.36;336.16;10.73;1237;36;3405.00;151
8539;30;22864041;8539;421;9774;9924;5.97;0.36;336.32;10.75;1235;36;3406.00;150
8544;30;22864056;8544;418;9774;9924;5.95;0.36;336.48;10.75;1230;36;3407.00;150
8544;30;22864071;8544;427;9784;9937;5.96;0.36;336.48;10.74;1240;36;3408.00;153
8547;30;22864087;8547;423;9784;9937;5.92;0.36;336.52;10.74;1237;36;3409.00;153
8549;30;22864102;8549;425;9785;9937;5.91;0.36;336.62;10.74;1236;36;3410.00;152
8551;30;22864133;8551;432;9786;9938;5.89;0.36;336.67;10.74;1235;36;3411.00;152
8553;30;22864154;8553;436;9786;9938;5.87;0.36;336.69;10.74;1233;36;3412.00;152
8555;30;22864174;8555;435;9790;9942;5.90;0.36;336.76;10.74;1235;36;3413.00;152
8556;30;22864195;8556;432;9790;9942;5.88;0.36;336.73;10.74;1234;36;3414.00;152
8558;30;22864212;8558;426;9793;9946;5.86;0.36;336.74;10.73;1235;36;3415.00;153
8561;30;22864230;8561;417;9793;9946;5.89;0.36;336.78;10.73;1232;36;3416.00;153
8563;30;22864247;8563;409;9793;9946;5.91;0.36;336.78;10.73;1230;36;3417.00;153
8567;30;22864264;8567;406;9793;9946;5.92;0.36;336.77;10.73;1226;36;3418.00;153
8569;30;22864280;8569;395;9793;9946;5.98;0.36;336.86;10.73;1224;36;3419.00;153
8571;30;22864298;8571;396;9818;9980;6.08;0.37;336.97;10.71;1247;36;3420.00;162
8571;30;22864317;8571;393;9819;9980;6.17;0.38;336.97;10.70;1248;36;3421.00;161
8576;30;22864335;8576;380;9821;9980;6.19;0.38;337.20;10.70;1245;36;3422.00;159
8578;30;22864351;8578;384;9821;9980;6.26;0.38;337.25;10.70;1243;36;3423.00;159
8581;30;22864366;8581;380;9822;9980;6.31;0.38;337.33;10.70;1241;36;3424.00;158
8585;30;22864388;8585;384;9822;9980;6.33;0.38;337.51;10.70;1237;36;3425.00;158
8587;31;22864404;8587;371;9822;9981;6.32;0.38;337.54;10.70;1235;37;3426.00;159
8592;31;22864439;8592;376;9822;9981;6.30;0.38;337.60;10.70;1230;37;3427.00;159
8595;31;22864456;8595;372;9827;9987;6.25;0.38;337.67;10.70;1232;37;3428.00;160
8597;31;22864473;8597;369;9828;9988;6.23;0.38;337.73;10.70;1231;37;3429.00;160
8601;31;22864488;8601;363;9830;9988;6.15;0.37;337.89;10.80;1229;37;3430.00;158
8604;31;22864515;8604;365;9830;9988;6.09;0.37;337.89;10.80;1226;37;3431.00;158
8607;31;22864531;8607;360;9833;9992;6.11;0.37;337.87;10.79;1226;37;3432.00;159
8612;31;22864547;8612;354;9833;9992;6.08;0.37;337.92;10.79;1221;37;3433.00;159
8614;31;22864563;8614;360;9834;9992;6.11;0.37;337.93;10.82;1220;37;3434.00;158
8616;31;22864580;8616;355;9835;9993;6.16;0.37;338.01;10.82;1219;37;3435.00;158
8618;31;22864595;8618;352;9838;9997;6.16;0.38;338.02;10.82;1220;37;3436.00;159
8621;31;22864613;8621;347;9838;9997;6.18;0.37;338.02;10.82;1217;37;3437.00;159
8624;31;22864630;8624;342;9840;10000;6.20;0.38;338.03;10.82;1216;37;3438.00;160
8627;31;22864646;8627;344;9841;10000;6.20;0.38;338.03;10.82;1214;37;3439.00;159
8630;31;22864663;8630;341;9841;10000;6.23;0.38;338.17;10.82;1211;37;3440.00;159
8632;31;22864687;8632;344;9841;10000;6.25;0.38;338.20;10.82;1209;37;3441.00;159
8635;31;22864703;8635;345;9845;10004;6.30;0.38;338.29;10.81;1210;37;3442.00;159
8641;31;22864720;8641;354;9845;10004;6.22;0.38;338.44;10.81;1204;37;3443.00;159
8642;31;22864735;8642;359;9845;10004;6.20;0.38;338.47;10.81;1203;37;3444.00;159
8647;31;22864750;8647;359;9845;10004;6.13;0.37;338.50;10.81;1198;37;3445.00;159
8649;31;22864765;8649;360;9845;10005;6.07;0.37;338.48;10.81;1196;37;3446.00;160
8650;31;22864782;8650;365;9846;10006;6.02;0.37;338.49;10.81;1196;37;3447.00;160
8655;31;22864797;8655;364;9846;10006;5.98;0.36;338.49;10.81;1191;37;3448.00;160
8657;31;22864812;8657;368;9847;10007;5.91;0.36;338.61;10.81;1190;37;3449.00;160
8660;31;22864828;8660;369;9847;10007;5.85;0.35;338.54;10.81;1187;37;3450.00;160
8663;31;22864845;8663;368;9847;10007;5.80;0.35;338.65;10.81;1184;37;3451.00;160
8667;31;22864861;8667;381;9847;10007;5.78;0.35;338.72;10.81;1180;37;3452.00;160
8670;31;22864875;8670;386;9847;10007;5.75;0.35;338.82;10.81;1177;37;3453.00;160
8673;31;22864890;8673;394;9847;10007;5.71;0.35;338.87;10.81;1174;37;3454.00;160
8675;31;22864904;8675;398;9848;10007;5.73;0.35;338.93;10.86;1173;37;3455.00;159
8676;31;22864920;8676;421;9915;10134;5.87;0.36;338.96;10.79;1239;37;3456.00;219
8677;31;22864946;8677;412;9920;10135;5.93;0.37;338.99;10.84;1243;37;3457.00;215
8678;31;22864962;8678;414;9928;10135;5.98;0.37;338.98;10.83;1250;37;3458.00;207
8683;31;22864978;8683;419;9931;10135;5.96;0.37;338.96;10.83;1248;37;3459.00;204
8687;31;22864993;8687;419;9937;10135;5.94;0.36;339.08;10.87;1250;37;3460.00;198
8690;31;22865012;8690;424;9939;10135;5.92;0.36;339.11;10.87;1249;37;3461.00;196
8693;31;22865036;8693;428;9943;10135;5.90;0.36;339.09;10.92;1250;37;3462.00;192
8694;31;22865052;8694;421;9945;10135;5.91;0.36;339.12;10.92;1251;37;3463.00;190
8697;31;22865068;8697;424;9948;10136;5.94;0.36;339.20;10.97;1251;37;3464.00;188
8701;31;22865084;8701;429;9953;10138;5.97;0.36;339.25;10.97;1252;37;3465.00;185
8703;31;22865100;8703;433;9958;10138;5.96;0.36;339.29;11.07;1255;37;3466.00;180
8707;31;22865116;8707;440;9961;10139;5.88;0.36;339.26;11.07;1254;37;3467.00;178
8707;31;22865132;8707;438;9963;10139;5.86;0.36;339.26;11.12;1256;37;3468.00;176
8709;31;22865148;8709;442;9967;10139;5.83;0.36;339.34;11.17;1258;37;3469.00;172
8709;31;22865166;8709;451;9969;10139;5.83;0.36;339.34;11.21;1260;37;3470.00;170
8710;31;22865181;8710;462;9974;10143;5.83;0.36;339.37;11.21;1264;37;3471.00;169
8714;31;22865197;8714;466;9976;10143;5.75;0.35;339.32;11.26;1262;37;3472.00;167
8715;31;22865212;8715;471;9977;10143;5.69;0.35;339.34;11.26;1262;37;3473.00;166
8717;31;22865227;8717;475;9979;10146;5.60;0.34;339.41;11.26;1262;37;3474.00;167
8718;31;22865244;8718;474;9982;10146;5.56;0.34;339.39;11.26;1264;37;3475.00;164
8721;31;22865262;8721;483;9985;10146;5.47;0.34;339.35;11.36;1264;37;3476.00;161
8724;31;22865281;8724;490;9990;10150;5.38;0.33;339.48;11.40;1266;37;3477.00;160
8727;31;22865297;8727;494;9992;10151;5.33;0.33;339.65;11.45;1265;37;3478.00;159
8729;31;22865313;8729;490;9993;10151;5.27;0.32;339.67;11.45;1264;37;3479.00;158
8732;31;22865330;8732;502;10000;10156;5.26;0.32;339.74;11.54;1268;37;3480.00;156
8735;31;22865348;8735;510;10000;10156;5.24;0.32;339.83;11.54;1265;37;3481.00;156
8737;31;22865363;8737;522;10000;10156;5.24;0.32;339.83;11.54;1263;37;3482.00;156
8739;31;22865379;8739;528;10001;10157;5.21;0.32;339.93;11.54;1262;37;3483.00;156
8742;31;22865393;8742;529;10004;10157;5.16;0.32;339.87;11.67;1262;37;3484.00;153
8746;31;22865408;8746;531;10009;10163;5.19;0.32;339.86;11.67;1263;37;3485.00;154
8749;31;22865423;8749;532;10012;10163;5.14;0.32;340.01;11.80;1263;37;3486.00;151
8752;31;22865438;8752;535;10012;10164;5.07;0.31;340.02;11.80;1260;37;3487.00;152
8757;31;22865453;8757;536;10012;10164;5.01;0.31;340.04;11.80;1255;37;3488.00;152
8759;31;22865468;8759;543;10013;10164;4.95;0.30;340.03;11.85;1254;37;3489.00;151
8763;31;22865489;8763;548;10014;10164;4.87;0.30;340.10;11.89;1251;37;3490.00;150
8767;31;22865507;8767;550;10015;10164;4.83;0.29;340.13;11.94;1248;37;3491.00;149
8768;31;22865522;8768;552;10027;10176;4.85;0.30;340.15;11.96;1259;37;3492.00;149
8772;31;22865537;8772;553;10027;10176;4.81;0.29;340.12;11.96;1255;37;3493.00;149
8774;31;22865550;8774;564;10028;10176;4.78;0.29;340.12;12.01;1254;37;3494.00;148
8778;31;22865565;8778;561;10028;10176;4.74;0.29;340.11;12.01;1250;37;3495.00;148
8781;31;22865579;8781;554;10028;10176;4.69;0.29;340.14;12.01;1247;37;3496.00;148
8787;31;22865595;8787;557;10028;10176;4.61;0.28;340.12;12.01;1241;37;3497.00;148
8791;31;22865609;8791;555;10031;10180;4.56;0.28;340.15;12.00;1240;37;3498.00;149
8795;31;22865622;8795;566;10031;10180;4.51;0.28;340.18;12.00;1236;37;3499.00;149
8799;31;22865637;8799;560;10035;10184;4.52;0.28;340.17;12.00;1236;37;3500.00;149
8803;31;22865656;8803;554;10036;10185;4.47;0.27;340.21;12.00;1233;37;3501.00;149
8808;31;22865673;8808;553;10036;10185;4.43;0.27;340.16;12.00;1228;37;3502.00;149
8810;31;22865688;8810;550;10036;10185;4.38;0.27;340.11;12.00;1226;37;3503.00;149
8814;31;22865703;8814;552;10046;10198;4.38;0.27;340.04;11.99;1232;37;3504.00;152
8818;31;22865719;8818;551;10046;10198;4.35;0.27;340.09;11.99;1228;37;3505.00;152
8819;31;22865734;8819;555;10046;10198;4.35;0.27;340.07;11.99;1227;37;3506.00;152
8825;31;22865747;8825;546;10048;10199;4.30;0.26;339.99;11.98;1223;37;3507.00;151
8827;31;22865762;8827;535;10048;10200;4.30;0.26;339.93;11.98;1221;37;3508.00;152
8830;31;22865775;8830;531;10048;10200;4.30;0.26;339.86;11.98;1218;37;3509.00;152
8833;31;22865792;8833;532;10052;10206;4.30;0.26;339.82;11.98;1219;37;3510.00;154
8835;31;22865807;8835;525;10052;10206;4.26;0.26;339.79;11.98;1217;37;3511.00;154
8837;31;22865821;8837;526;10053;10206;4.28;0.26;339.78;11.98;1216;37;3512.00;153
8838;31;22865835;8838;524;10053;10206;4.25;0.26;339.78;11.98;1215;37;3513.00;153
8841;31;22865850;8841;526;10057;10212;4.29;0.26;339.82;11.97;1216;37;3514.00;155
8845;31;22865865;8845;530;10057;10212;4.28;0.26;339.80;11.97;1212;37;3515.00;155
8847;31;22865880;8847;537;10057;10212;4.27;0.26;339.81;11.97;1210;37;3516.00;155
8849;31;22865894;8849;535;10058;10212;4.23;0.26;339.81;11.97;1209;37;3517.00;154
8851;31;22865908;8851;539;10061;10216;4.19;0.26;339.78;11.97;1210;37;3518.00;155
8853;31;22865924;8853;534;10063;10219;4.14;0.25;339.81;11.97;1210;37;3519.00;156
8855;31;22865939;8855;533;10063;10219;4.05;0.25;339.80;11.97;1208;37;3520.00;156
8860;31;22865954;8860;511;10064;10220;3.99;0.24;339.80;11.97;1204;37;3521.00;156
8863;31;22865971;8863;500;10064;10220;3.99;0.24;339.75;11.97;1201;37;3522.00;156
8866;31;22865987;8866;495;10065;10220;3.98;0.24;339.71;12.00;1199;37;3523.00;155
8867;31;22866004;8867;486;10067;10220;4.03;0.25;339.72;12.00;1200;37;3524.00;153
8869;31;22866023;8869;482;10067;10220;4.08;0.25;339.75;12.00;1198;37;3525.00;153
8872;31;22866039;8872;478;10067;10220;4.14;0.25;339.73;12.00;1195;37;3526.00;153
8874;31;22866055;8874;478;10067;10220;4.17;0.25;339.75;12.00;1193;37;3527.00;153
8879;31;22866092;8879;480;10106;10290;4.36;0.27;339.75;11.95;1227;37;3528.00;184
8883;31;22866118;8883;476;10107;10291;4.37;0.27;339.80;11.95;1224;37;3529.00;184
8887;31;22866139;8887;469;10112;10291;4.50;0.27;339.88;11.95;1225;37;3530.00;179
8889;31;22866162;8889;464;10115;10291;4.57;0.28;339.87;11.95;1226;37;3531.00;176
8889;31;22866183;8889;452;10117;10291;4.63;0.28;339.87;11.94;1228;37;3532.00;174
8892;31;22866202;8892;449;10117;10291;4.67;0.28;339.91;11.94;1225;37;3533.00;174
8893;31;22866224;8893;445;10120;10291;4.77;0.29;339.92;11.94;1227;37;3534.00;171
8896;31;22866241;8896;448;10122;10291;4.83;0.29;339.84;11.94;1226;37;3535.00;169
8898;31;22866258;8898;450;10124;10292;4.91;0.30;339.85;11.94;1226;37;3536.00;168
8900;31;22866275;8900;449;10126;10293;4.95;0.30;339.88;11.94;1226;37;3537.00;167
8901;31;22866290;8901;451;10129;10293;4.95;0.30;339.89;11.94;1228;37;3538.00;164
8903;31;22866306;8903;463;10134;10297;4.96;0.30;339.91;11.94;1231;37;3539.00;163
8904;31;22866324;8904;471;10136;10297;4.97;0.30;339.92;11.94;1232;37;3540.00;161
8911;31;22866340;8911;481;10137;10297;4.91;0.30;339.90;11.97;1226;37;3541.00;160
8913;31;22866356;8913;483;10137;10297;4.84;0.29;339.92;11.97;1224;37;3542.00;160
8916;31;22866372;8916;486;10142;10303;4.80;0.29;339.94;11.97;1226;37;3543.00;161
8919;31;22866398;8919;501;10143;10303;4.78;0.29;339.98;11.97;1224;37;3544.00;160
8920;31;22866415;8920;501;10143;10303;4.74;0.29;339.99;11.97;1223;37;3545.00;160
8922;31;22866431;8922;512;10146;10306;4.71;0.29;339.93;11.96;1224;37;3546.00;160
8925;31;22866446;8925;504;10146;10306;4.73;0.29;339.96;11.96;1221;37;3547.00;160
8929;31;22866461;8929;492;10147;10306;4.72;0.29;340.06;11.96;1218;37;3548.00;159
8932;31;22866477;8932;482;10147;10307;4.71;0.29;340.16;11.96;1215;37;3549.00;160
8934;31;22866493;8934;482;10148;10308;4.76;0.29;340.24;11.96;1214;37;3550.00;160
8935;31;22866508;8935;476;10148;10308;4.81;0.30;340.25;11.96;1213;37;3551.00;160
8937;31;22866523;8937;476;10159;10321;4.94;0.30;340.34;11.98;1222;37;3552.00;162
8938;31;22866539;8938;474;10160;10321;4.96;0.30;340.31;11.98;1222;37;3553.00;161
8941;31;22866555;8941;474;10160;10321;5.01;0.31;340.42;11.98;1219;37;3554.00;161
8944;31;22866570;8944;471;10162;10323;5.08;0.31;340.51;11.98;1218;37;3555.00;161
8949;31;22866585;8949;457;10162;10323;5.06;0.31;340.43;11.98;1213;37;3556.00;161
8953;31;22866599;8953;444;10166;10327;5.14;0.32;340.55;11.97;1213;37;3557.00;161
8956;31;22866615;8956;435;10166;10327;5.19;0.32;340.61;11.97;1210;37;3558.00;161
8957;31;22866630;8957;424;10169;10331;5.24;0.32;340.65;11.97;1212;37;3559.00;162
8960;31;22866646;8960;421;10169;10331;5.29;0.32;340.76;11.97;1209;37;3560.00;162
8963;31;22866666;8963;422;10169;10331;5.35;0.33;340.75;11.97;1206;37;3561.00;162
8965;31;22866682;8965;417;10169;10331;5.42;0.33;340.73;11.97;1204;37;3562.00;162
8966;31;22866699;8966;419;10169;10331;5.40;0.33;340.72;11.97;1203;37;3563.00;162
8966;31;22866714;8966;417;10179;10343;5.49;0.34;340.72;11.96;1213;37;3564.00;164
8969;31;22866731;8969;421;10179;10343;5.51;0.34;340.73;11.96;1210;37;3565.00;164
8972;31;22866748;8972;424;10180;10343;5.51;0.34;340.89;11.96;1208;37;3566.00;163
8979;31;22866766;8979;421;10180;10343;5.51;0.34;341.04;11.96;1201;37;3567.00;163
8979;31;22866785;8979;419;10180;10343;5.55;0.34;341.04;11.96;1201;37;3568.00;163
8983;31;22866803;8983;424;10180;10343;5.54;0.34;341.16;11.96;1197;37;3569.00;163
8988;31;22866822;8988;424;10180;10344;5.55;0.34;341.20;11.96;1192;37;3570.00;164
8991;31;22866839;8991;428;10181;10344;5.52;0.34;341.28;12.01;1190;37;3571.00;163
8993;31;22866857;8993;431;10186;10350;5.56;0.34;341.33;12.00;1193;37;3572.00;164
8994;31;22866873;8994;430;10188;10351;5.58;0.34;341.38;12.04;1194;37;3573.00;163
8995;31;22866890;8995;430;10188;10351;5.60;0.34;341.36;12.04;1193;37;3574.00;163
9000;31;22866905;9000;437;10188;10351;5.57;0.34;341.41;12.04;1188;37;3575.00;163
9002;31;22866921;9002;437;10191;10355;5.63;0.34;341.40;12.03;1189;37;3576.00;164
9004;31;22866937;9004;438;10191;10355;5.61;0.34;341.42;12.03;1187;37;3577.00;164
9009;31;22866953;9009;435;10191;10355;5.55;0.34;341.50;12.03;1182;37;3578.00;164
9013;31;22866968;9013;438;10192;10356;5.55;0.34;341.59;12.03;1179;37;3579.00;164
9015;31;22866985;9015;432;10195;10360;5.54;0.34;341.73;12.03;1180;37;3580.00;165
9016;31;22867002;9016;432;10195;10360;5.59;0.34;341.74;12.03;1179;37;3581.00;165
9019;31;22867021;9019;431;10197;10363;5.61;0.34;341.84;12.02;1178;37;3582.00;166
9022;31;22867040;9022;431;10197;10363;5.55;0.34;341.91;12.02;1175;37;3583.00;166
9023;31;22867056;9023;427;10198;10363;5.55;0.34;341.92;12.02;1175;37;3584.00;165
9025;31;22867071;9025;432;10198;10363;5.57;0.34;341.99;12.02;1173;37;3585.00;165
9026;31;22867086;9026;429;10202;10367;5.61;0.34;341.97;12.02;1176;37;3586.00;165
9030;31;22867102;9030;427;10202;10367;5.61;0.34;342.00;12.02;1172;37;3587.00;165
9031;31;22867118;9031;430;10202;10367;5.63;0.34;342.09;12.02;1171;37;3588.00;165
9032;31;22867133;9032;429;10202;10367;5.63;0.34;342.07;12.02;1170;37;3589.00;165
9034;31;22867147;9034;422;10202;10368;5.60;0.34;342.11;12.02;1168;37;3590.00;166
9039;31;22867164;9039;410;10203;10369;5.60;0.34;342.18;12.02;1164;37;3591.00;166
9041;31;22867180;9041;402;10203;10369;5.57;0.34;342.13;12.02;1162;37;3592.00;166
9043;31;22867194;9043;398;10204;10370;5.60;0.34;342.23;12.02;1161;37;3593.00;166
9044;31;22867208;9044;399;10204;10370;5.62;0.34;342.20;12.02;1160;37;3594.00;166
9047;31;22867222;9047;397;10204;10370;5.66;0.34;342.29;12.02;1157;37;3595.00;166
9047;31;22867236;9047;399;10204;10370;5.70;0.34;342.29;12.02;1157;37;3596.00;166
9049;31;22867251;9049;390;10204;10370;5.76;0.35;342.34;12.02;1155;37;3597.00;166
9050;31;22867266;9050;383;10204;10370;5.84;0.35;342.34;12.02;1154;37;3598.00;166
9052;31;22867283;9052;378;10204;10370;5.89;0.36;342.41;12.02;1152;37;3599.00;166
9054;31;22867301;9054;436;10328;10623;5.85;0.36;342.47;11.91;1274;37;3600.00;295
9056;31;22867354;9056;411;10328;10624;5.89;0.37;342.49;11.91;1272;37;3601.00;296
9061;31;22867372;9061;389;10335;10624;5.98;0.37;342.55;11.90;1274;37;3602.00;289
9062;31;22867389;9062;374;10336;10624;6.02;0.37;342.56;11.90;1274;37;3603.00;288
9066;31;22867404;9066;366;10341;10624;6.06;0.38;342.67;11.90;1275;37;3604.00;283
9067;31;22867420;9067;357;10344;10624;6.10;0.38;342.67;11.95;1277;37;3605.00;280
9069;31;22867458;9069;354;10350;10624;6.11;0.38;342.72;11.95;1281;37;3606.00;274
9071;31;22867474;9071;352;10354;10624;6.13;0.38;342.85;11.95;1283;37;3607.00;270
9073;31;22867498;9073;354;10363;10625;6.11;0.38;342.90;11.94;1290;37;3608.00;262
9076;31;22867514;9076;349;10365;10626;6.14;0.38;343.10;11.94;1289;37;3609.00;261
9077;31;22867530;9077;359;10370;10626;6.17;0.38;343.09;11.94;1293;37;3610.00;256
9081;31;22867545;9081;362;10376;10627;6.16;0.38;343.28;11.94;1295;37;3611.00;251
9083;31;22867561;9083;357;10380;10627;6.15;0.38;343.43;11.94;1297;37;3612.00;247
9085;31;22867576;9085;364;10381;10627;6.14;0.38;343.39;11.94;1296;37;3613.00;246
9089;31;22867592;9089;373;10383;10627;6.11;0.38;343.47;11.94;1294;37;3614.00;244
9094;31;22867608;9094;372;10387;10631;6.05;0.37;343.68;11.94;1293;37;3615.00;244
9095;31;22867624;9095;377;10390;10631;6.01;0.37;343.68;11.94;1295;37;3616.00;241
9099;31;22867640;9099;381;10391;10631;5.89;0.36;343.65;11.94;1292;37;3617.00;240
9102;31;22867656;9102;383;10392;10634;5.82;0.36;343.66;11.94;1290;37;3618.00;242
9105;31;22867678;9105;397;10394;10634;5.76;0.36;343.58;11.94;1289;37;3619.00;240
9109;31;22867694;9109;395;10397;10634;5.70;0.35;343.60;11.95;1288;37;3620.00;237
9112;31;22867708;9112;397;10400;10638;5.69;0.35;343.62;11.94;1288;37;3621.00;238
9117;31;22867724;9117;397;10402;10639;5.68;0.35;343.64;11.94;1285;37;3622.00;237
9120;31;22867740;9120;405;10403;10639;5.67;0.35;343.75;11.94;1283;37;3623.00;236
9125;31;22867762;9125;404;10407;10643;5.67;0.35;343.90;11.94;1282;37;3624.00;236
9126;31;22867784;9126;399;10408;10643;5.64;0.35;343.88;11.94;1282;37;3625.00;235
9129;31;22867807;9129;403;10412;10643;5.60;0.34;344.06;12.00;1283;37;3626.00;231
9133;31;22867823;9133;405;10415;10644;5.58;0.34;344.22;12.01;1282;37;3627.00;229
9136;31;22867838;9136;401;10417;10644;5.54;0.34;344.21;12.01;1281;37;3628.00;227
9139;31;22867854;9139;414;10424;10650;5.51;0.34;344.33;12.07;1285;37;3629.00;226
9140;31;22867873;9140;426;10426;10650;5.51;0.34;344.39;12.07;1286;37;3630.00;224
9141;31;22867894;9141;430;10429;10651;5.52;0.34;344.43;12.07;1288;37;3631.00;222
9142;31;22867909;9142;440;10430;10651;5.49;0.34;344.41;12.13;1288;37;3632.00;221
9143;31;22867924;9143;443;10434;10651;5.45;0.33;344.50;12.13;1291;37;3633.00;217
9146;31;22867939;9146;446;10434;10651;5.37;0.33;344.48;12.13;1288;37;3634.00;217
9149;31;22867954;9149;464;10436;10651;5.34;0.33;344.60;12.14;1287;37;3635.00;215
9155;31;22867969;9155;468;10446;10663;5.28;0.32;344.74;12.19;1291;37;3636.00;217
9158;31;22867986;9158;472;10451;10663;5.19;0.32;344.79;12.30;1293;37;3637.00;212
9161;31;22868001;9161;486;10457;10663;5.13;0.31;344.80;12.36;1296;37;3638.00;206
9165;31;22868019;9165;490;10457;10663;5.08;0.31;344.81;12.36;1292;37;3639.00;206
9169;31;22868033;9169;492;10463;10663;5.01;0.31;344.87;12.47;1294;37;3640.00;200
9171;31;22868049;9171;506;10465;10663;4.99;0.31;344.80;12.47;1294;37;3641.00;198
9172;31;22868063;9172;518;10469;10667;5.00;0.31;344.81;12.47;1297;37;3642.00;198
9174;31;22868077;9174;517;10474;10667;5.00;0.31;344.84;12.58;1300;37;3643.00;193
9175;31;22868091;9175;531;10478;10671;5.00;0.30;344.82;12.63;1303;37;3644.00;193
9178;31;22868112;9178;539;10482;10673;4.95;0.30;344.82;12.74;1304;37;3645.00;191
9180;31;22868132;9180;544;10485;10673;4.88;0.30;344.85;12.79;1305;37;3646.00;188
9181;31;22868151;9181;545;10485;10673;4.87;0.30;344.93;12.79;1304;37;3647.00;188
9182;31;22868171;9182;550;10495;10686;4.85;0.30;344.89;12.87;1313;37;3648.00;191
9183;31;22868191;9183;563;10497;10686;4.85;0.30;344.86;12.88;1314;37;3649.00;189
9186;31;22868209;9186;559;10498;10686;4.81;0.29;344.79;12.92;1312;37;3650.00;188
9187;31;22868225;9187;563;10500;10687;4.83;0.30;344.79;12.97;1313;37;3651.00;187
9189;31;22868241;9189;563;10500;10688;4.76;0.29;344.73;12.97;1311;37;3652.00;188
9190;31;22868257;9190;563;10502;10688;4.72;0.29;344.78;13.07;1312;37;3653.00;186
9192;31;22868272;9192;564;10505;10691;4.69;0.29;344.74;13.06;1313;37;3654.00;186
9195;31;22868292;9195;574;10507;10691;4.65;0.28;344.69;13.07;1312;37;3655.00;184
9198;31;22868307;9198;583;10508;10691;4.66;0.29;344.88;13.12;1310;37;3656.00;183
9199;31;22868322;9199;587;10509;10691;4.64;0.29;344.86;13.12;1310;37;3657.00;182
9203;31;22868336;9203;592;10517;10697;4.62;0.28;344.78;13.21;1314;37;3658.00;180
9205;31;22868351;9205;595;10518;10697;4.59;0.28;344.74;13.26;1313;37;3659.00;179
9209;31;22868367;9209;594;10518;10697;4.53;0.28;344.75;13.26;1309;37;3660.00;179
9211;31;22868382;9211;600;10518;10697;4.49;0.28;344.71;13.26;1307;37;3661.00;179
9213;31;22868398;9213;610;10521;10701;4.47;0.27;344.71;13.26;1308;37;3662.00;180
9213;31;22868414;9213;610;10522;10702;4.48;0.27;344.71;13.26;1309;37;3663.00;180
9219;31;22868427;9219;612;10522;10702;4.40;0.27;344.75;13.26;1303;37;3664.00;180
9223;31;22868440;9223;617;10523;10703;4.36;0.27;344.69;13.26;1300;37;3665.00;180
9226;31;22868453;9226;627;10523;10703;4.33;0.27;344.67;13.26;1297;37;3666.00;180
9228;31;22868466;9228;632;10523;10703;4.24;0.26;344.67;13.26;1295;37;3667.00;180
9231;31;22868479;9231;629;10523;10703;4.18;0.26;344.73;13.26;1292;37;3668.00;180
9235;31;22868491;9235;635;10523;10703;4.08;0.25;344.68;13.26;1288;37;3669.00;180
9239;31;22868504;9239;636;10523;10703;4.00;0.24;344.64;13.26;1284;37;3670.00;180
9241;31;22868517;9241;636;10523;10703;3.93;0.24;344.60;13.26;1282;37;3671.00;180
9246;31;22868529;9246;647;10565;10773;4.05;0.25;344.52;13.20;1319;37;3672.00;208
9248;31;22868547;9248;654;10567;10774;4.00;0.25;344.48;13.20;1319;37;3673.00;207
9251;31;22868559;9251;653;10574;10774;3.97;0.24;344.42;13.19;1323;37;3674.00;200
9254;31;22868572;9254;637;10577;10774;3.94;0.24;344.40;13.19;1323;37;3675.00;197
9257;31;22868584;9257;624;10579;10774;3.88;0.24;344.34;13.19;1322;37;3676.00;195
9261;31;22868597;9261;626;10580;10774;3.81;0.23;344.29;13.19;1319;37;3677.00;194
9264;31;22868611;9264;605;10582;10774;3.81;0.23;344.22;13.19;1318;37;3678.00;192
9266;31;22868624;9266;600;10583;10774;3.82;0.23;344.20;13.19;1317;37;3679.00;191
9266;31;22868637;9266;588;10585;10775;3.88;0.24;344.20;13.19;1319;37;3680.00;190
9269;31;22868650;9269;583;10586;10776;3.93;0.24;344.19;13.18;1317;37;3681.00;190
9271;31;22868664;9271;571;10586;10776;3.99;0.24;344.21;13.18;1315;37;3682.00;190
9273;31;22868678;9273;552;10589;10780;4.06;0.25;344.27;13.18;1316;37;3683.00;191
9275;31;22868692;9275;531;10589;10780;4.16;0.25;344.29;13.18;1314;37;3684.00;191
9278;31;22868713;9278;521;10589;10780;4.26;0.26;344.31;13.18;1311;37;3685.00;191
9279;31;22868726;9279;510;10589;10780;4.39;0.27;344.33;13.18;1310;37;3686.00;191
9281;31;22868741;9281;506;10594;10786;4.50;0.28;344.33;13.18;1313;37;3687.00;192
9282;31;22868756;9282;504;10594;10786;4.57;0.28;344.34;13.18;1312;37;3688.00;192
9284;31;22868772;9284;496;10594;10786;4.66;0.29;344.33;13.18;1310;37;3689.00;192
9288;31;22868788;9288;500;10597;10792;4.77;0.29;344.31;13.17;1309;37;3690.00;195
9289;31;22868804;9289;492;10597;10792;4.86;0.30;344.33;13.17;1308;37;3691.00;195
9293;31;22868819;9293;483;10599;10792;4.88;0.30;344.30;13.17;1306;37;3692.00;193
9295;31;22868834;9295;490;10599;10793;4.85;0.30;344.38;13.17;1304;37;3693.00;194
9296;31;22868850;9296;486;10600;10794;4.86;0.30;344.38;13.17;1304;37;3694.00;194
9300;31;22868865;9300;489;10601;10794;4.83;0.30;344.39;13.17;1301;37;3695.00;193
9308;31;22868880;9308;484;10610;10807;4.86;0.30;344.40;13.16;1302;37;3696.00;197
9310;31;22868896;9310;477;10612;10807;4.86;0.30;344.44;13.16;1302;37;3697.00;195
9315;31;22868913;9315;472;10613;10807;4.82;0.29;344.45;13.16;1298;37;3698.00;194
9319;31;22868934;9319;461;10613;10808;4.82;0.29;344.51;13.16;1294;37;3699.00;195
9321;31;22868955;9321;460;10613;10808;4.80;0.29;344.48;13.16;1292;37;3700.00;195
9324;31;22868976;9324;454;10618;10812;4.87;0.30;344.44;13.16;1294;37;3701.00;194
9328;31;22868996;9328;459;10620;10812;4.89;0.30;344.46;13.20;1292;37;3702.00;192
9330;31;22869016;9330;454;10624;10816;4.93;0.30;344.51;13.20;1294;37;3703.00;192
9335;31;22869034;9335;456;10625;10816;4.88;0.30;344.47;13.20;1290;37;3704.00;191
9337;31;22869054;9337;453;10626;10816;4.88;0.30;344.42;13.19;1289;37;3705.00;190
9340;31;22869070;9340;445;10626;10816;4.91;0.30;344.40;13.19;1286;37;3706.00;190
9341;31;22869086;9341;450;10626;10816;4.94;0.30;344.41;13.19;1285;37;3707.00;190
9345;31;22869106;9345;438;10636;10828;5.00;0.30;344.50;13.18;1291;37;3708.00;192
9347;31;22869124;9347;442;10636;10828;5.03;0.31;344.48;13.18;1289;37;3709.00;192
9350;31;22869141;9350;446;10637;10828;5.04;0.31;344.55;13.18;1287;37;3710.00;191
9353;31;22869161;9353;444;10637;10828;5.07;0.31;344.55;13.18;1284;37;3711.00;191
9356;31;22869182;9356;447;10637;10828;5.10;0.31;344.62;13.18;1281;37;3712.00;191
9357;31;22869206;9357;438;10637;10828;5.15;0.31;344.66;13.18;1280;37;3713.00;191
9364;31;22869233;9364;442;10637;10829;5.14;0.31;344.71;13.18;1273;37;3714.00;192
9367;31;22869254;9367;439;10637;10829;5.09;0.31;344.72;13.18;1270;37;3715.00;192
9369;31;22869276;9369;438;10642;10835;5.07;0.31;344.81;13.18;1273;37;3716.00;193
9374;31;22869301;9374;448;10643;10836;4.94;0.30;344.86;13.17;1269;37;3717.00;193
9380;31;22869319;9380;443;10643;10836;4.83;0.30;344.98;13.17;1263;37;3718.00;193
9386;31;22869334;9386;450;10643;10836;4.76;0.29;345.04;13.17;1257;37;3719.00;193
9389;31;22869351;9389;452;10647;10841;4.76;0.29;345.07;13.17;1258;37;3720.00;194
9389;31;22869368;9389;453;10647;10841;4.76;0.29;345.07;13.17;1258;37;3721.00;194
9395;31;22869384;9395;447;10647;10841;4.70;0.29;345.17;13.17;1252;37;3722.00;194
9396;31;22869400;9396;437;10648;10842;4.70;0.29;345.17;13.17;1252;37;3723.00;194
9397;31;22869415;9397;433;10651;10846;4.70;0.29;345.21;13.16;1254;37;3724.00;195
9399;31;22869431;9399;422;10651;10846;4.71;0.29;345.27;13.16;1252;37;3725.00;195
9403;31;22869456;9403;427;10653;10849;4.72;0.29;345.43;13.16;1250;37;3726.00;196
9406;31;22869473;9406;423;10654;10849;4.77;0.29;345.55;13.21;1248;37;3727.00;195
9408;31;22869488;9408;416;10655;10849;4.81;0.29;345.53;13.21;1247;37;3728.00;194
9410;31;22869505;9410;422;10655;10849;4.84;0.30;345.65;13.21;1245;37;3729.00;194
9413;31;22869520;9413;435;10659;10853;4.87;0.30;345.78;13.20;1246;38;3730.00;194
9416;31;22869546;9416;424;10659;10853;4.88;0.30;345.74;13.20;1243;38;3731.00;194
9416;31;22869561;9416;416;10659;10853;4.92;0.30;345.74;13.20;1243;38;3732.00;194
9420;31;22869575;9420;415;10659;10853;4.93;0.30;345.81;13.20;1239;38;3733.00;194
9423;31;22869590;9423;409;10659;10854;4.95;0.30;345.76;13.20;1236;38;3734.00;195
9428;31;22869604;9428;407;10661;10856;4.99;0.30;345.82;13.20;1233;38;3735.00;195
9431;31;22869620;9431;406;10661;10856;5.01;0.31;345.87;13.20;1230;38;3736.00;195
9432;31;22869635;9432;411;10662;10857;5.08;0.31;345.94;13.20;1230;38;3737.00;195
9436;31;22869650;9436;420;10662;10857;5.09;0.31;346.04;13.20;1226;38;3738.00;195
9440;31;22869668;9440;429;10662;10857;5.10;0.31;346.15;13.20;1222;38;3739.00;195
9442;31;22869687;9442;433;10662;10857;5.08;0.31;346.19;13.20;1220;38;3740.00;195
9444;31;22869709;9444;436;10662;10857;5.08;0.31;346.34;13.20;1218;38;3741.00;195
9445;31;22869727;9445;442;10662;10857;5.08;0.31;346.34;13.20;1217;38;3742.00;195
9448;31;22869744;9448;440;10662;10857;5.05;0.31;346.39;13.20;1214;38;3743.00;195
9449;31;22869762;9449;471;10738;10984;5.16;0.32;346.48;13.10;1289;38;3744.00;246
9451;31;22869797;9451;453;10738;10985;5.18;0.32;346.57;13.10;1287;38;3745.00;247
9454;31;22869817;9454;442;10743;10985;5.24;0.32;346.61;13.10;1289;38;3746.00;242
9455;31;22869837;9455;427;10743;10985;5.26;0.33;346.58;13.10;1288;38;3747.00;242
9459;31;22869868;9459;421;10749;10985;5.30;0.33;346.57;13.09;1290;38;3748.00;236
9462;31;22869888;9462;419;10749;10985;5.29;0.33;346.76;13.09;1287;38;3749.00;236
9464;31;22869905;9464;425;10754;10990;5.28;0.33;346.74;13.14;1290;38;3750.00;236
9469;31;22869922;9469;413;10756;10990;5.30;0.33;346.92;13.14;1287;38;3751.00;234
9473;31;22869939;9473;415;10756;10991;5.30;0.33;346.89;13.14;1283;38;3752.00;235
9479;31;22869958;9479;423;10759;10992;5.27;0.32;347.06;13.13;1280;38;3753.00;233
9481;31;22869976;9481;422;10760;10992;5.27;0.32;347.15;13.13;1279;38;3754.00;232
9483;31;22869991;9483;420;10763;10993;5.24;0.32;347.17;13.13;1280;38;3755.00;230
9486;31;22870008;9486;432;10768;10993;5.22;0.32;347.24;13.13;1282;38;3756.00;225
9487;31;22870027;9487;436;10770;10993;5.22;0.32;347.28;13.13;1283;38;3757.00;223
9490;31;22870042;9490;445;10773;10993;5.23;0.32;347.36;13.13;1283;38;3758.00;220
9492;31;22870057;9492;444;10778;10997;5.20;0.32;347.37;13.13;1286;38;3759.00;219
9496;31;22870073;9496;446;10780;10997;5.21;0.32;347.36;13.13;1284;38;3760.00;217
9498;31;22870088;9498;456;10782;10997;5.22;0.32;347.36;13.13;1284;38;3761.00;215
9502;31;22870103;9502;459;10784;11000;5.20;0.32;347.40;13.13;1282;38;3762.00;216
9505;31;22870121;9505;456;10785;11000;5.21;0.32;347.45;13.13;1280;38;3763.00;215
9507;31;22870150;9507;455;10786;11000;5.21;0.32;347.51;13.13;1279;38;3764.00;214
9512;31;22870171;9512;446;10789;11004;5.21;0.32;347.52;13.13;1277;38;3765.00;215
9513;31;22870192;9513;450;10791;11005;5.21;0.32;347.52;13.17;1278;38;3766.00;214
9515;31;22870212;9515;446;10792;11005;5.25;0.32;347.47;13.17;1277;38;3767.00;213
9515;31;22870232;9515;441;10796;11009;5.30;0.32;347.47;13.17;1281;38;3768.00;213
9516;31;22870248;9516;446;10797;11009;5.34;0.33;347.52;13.17;1281;38;3769.00;212
9518;31;22870266;9518;440;10798;11009;5.42;0.33;347.61;13.17;1280;38;3770.00;211
9521;31;22870282;9521;432;10799;11010;5.48;0.33;347.65;13.17;1278;38;3771.00;211
9522;31;22870298;9522;428;10800;11010;5.48;0.33;347.73;13.17;1278;38;3772.00;210
9524;31;22870315;9524;417;10805;11016;5.52;0.33;347.81;13.17;1281;38;3773.00;211
9524;31;22870332;9524;412;10806;11016;5.54;0.34;347.81;13.17;1282;38;3774.00;210
9525;31;22870348;9525;404;10806;11017;5.51;0.33;347.82;13.17;1281;38;3775.00;211
9527;31;22870364;9527;406;10806;11017;5.50;0.33;347.92;13.17;1279;38;3776.00;211
9529;31;22870379;9529;411;10807;11017;5.45;0.33;348.03;13.21;1278;38;3777.00;210
9532;31;22870395;9532;403;10807;11017;5.41;0.33;348.12;13.21;1275;38;3778.00;210
9535;31;22870411;9535;399;10808;11017;5.36;0.33;348.19;13.22;1273;38;3779.00;209
9540;31;22870429;9540;399;10832;11053;5.37;0.33;348.22;13.25;1292;38;3780.00;221
9544;31;22870459;9544;403;10834;11053;5.32;0.33;348.28;13.24;1290;38;3781.00;219
9547;31;22870477;9547;405;10837;11053;5.33;0.33;348.32;13.24;1290;38;3782.00;216
9551;31;22870492;9551;408;10838;11053;5.35;0.33;348.46;13.24;1287;38;3783.00;215
9552;31;22870509;9552;410;10839;11053;5.40;0.33;348.48;13.24;1287;38;3784.00;214
9555;31;22870525;9555;414;10841;11053;5.39;0.33;348.49;13.29;1286;38;3785.00;212
9557;31;22870540;9557;402;10843;11057;5.40;0.33;348.51;13.29;1286;38;3786.00;214
9559;31;22870556;9559;397;10843;11057;5.38;0.33;348.59;13.29;1284;38;3787.00;214
9562;31;22870571;9562;396;10846;11061;5.41;0.33;348.62;13.28;1284;38;3788.00;215
9564;31;22870587;9564;390;10847;11062;5.41;0.33;348.68;13.28;1283;38;3789.00;215
9569;31;22870604;9569;384;10847;11062;5.35;0.33;348.88;13.28;1278;38;3790.00;215
9571;31;22870625;9571;384;10847;11062;5.33;0.33;349.05;13.28;1276;38;3791.00;215
9576;31;22870654;9576;387;10858;11075;5.31;0.32;348.97;13.32;1282;38;3792.00;217
9579;31;22870691;9579;377;10859;11075;5.30;0.32;349.17;13.32;1280;38;3793.00;216
9581;31;22870723;9581;388;10859;11075;5.29;0.32;349.18;13.32;1278;38;3794.00;216
9583;31;22870749;9583;393;10862;11076;5.33;0.33;349.20;13.32;1279;38;3795.00;214
9585;31;22870769;9585;388;10862;11077;5.33;0.33;349.15;13.32;1277;38;3796.00;215
9587;31;22870790;9587;399;10862;11077;5.33;0.33;349.12;13.32;1275;38;3797.00;215
9591;31;22870811;9591;412;10866;11080;5.31;0.32;349.16;13.32;1275;38;3798.00;214
9592;31;22870832;9592;411;10867;11080;5.27;0.32;349.20;13.32;1275;38;3799.00;213
9594;31;22870856;9594;419;10867;11080;5.25;0.32;349.21;13.32;1273;38;3800.00;213
9596;31;22870881;9596;413;10868;11080;5.23;0.32;349.20;13.37;1272;38;3801.00;212
9599;31;22870899;9599;426;10873;11086;5.28;0.32;349.17;13.37;1274;38;3802.00;213
9599;31;22870916;9599;429;10873;11086;5.25;0.32;349.17;13.37;1274;38;3803.00;213
9601;31;22870932;9601;437;10873;11086;5.21;0.32;349.15;13.37;1272;38;3804.00;213
9603;31;22870949;9603;441;10874;11086;5.19;0.32;349.11;13.43;1271;38;3805.00;212
9604;31;22870966;9604;450;10878;11090;5.12;0.31;349.16;13.47;1274;38;3806.00;212
9604;31;22870982;9604;459;10879;11091;5.11;0.31;349.16;13.47;1275;38;3807.00;212
9607;32;22870999;9607;467;10881;11091;5.09;0.31;349.13;13.58;1274;39;3808.00;210
9608;32;22871048;9608;470;10882;11092;5.07;0.31;349.12;13.58;1274;39;3809.00;210
9610;32;22871069;9610;481;10884;11092;5.02;0.31;349.11;13.70;1274;39;3810.00;208
9611;32;22871088;9611;489;10884;11092;4.98;0.30;349.14;13.70;1273;39;3811.00;208
9615;32;22871116;9615;493;10884;11092;4.94;0.30;349.10;13.70;1269;39;3812.00;208
9618;32;22871134;9618;500;10885;11092;4.88;0.30;349.06;13.76;1267;39;3813.00;207
9624;32;22871158;9624;500;10885;11092;4.83;0.29;349.00;13.76;1261;39;3814.00;207
9626;32;22871181;9626;504;10885;11092;4.79;0.29;349.07;13.76;1259;39;3815.00;207
9630;32;22871202;9630;512;10922;11162;4.98;0.30;349.09;13.77;1292;39;3816.00;240
9632;32;22871230;9632;512;10924;11163;4.94;0.30;349.04;13.77;1292;39;3817.00;239
9633;32;22871257;9633;497;10934;11163;4.98;0.30;349.02;13.76;1301;39;3818.00;229
9633;32;22871274;9633;509;10938;11163;4.94;0.30;349.02;13.81;1305;39;3819.00;225
9635;32;22871294;9635;509;10940;11163;4.87;0.30;348.97;13.81;1305;39;3820.00;223
9636;32;22871314;9636;512;10942;11163;4.79;0.29;348.94;13.81;1306;39;3821.00;221
9640;32;22871334;9640;523;10947;11163;4.69;0.29;348.85;13.93;1307;39;3822.00;216
9641;32;22871352;9641;525;10951;11163;4.63;0.28;348.82;13.98;1310;39;3823.00;212
9642;32;22871367;9642;528;10955;11164;4.56;0.28;348.78;14.04;1313;39;3824.00;209
9643;32;22871384;9643;528;10959;11166;4.54;0.28;348.76;14.03;1316;39;3825.00;207
9645;32;22871401;9645;532;10962;11166;4.53;0.28;348.75;14.15;1317;39;3826.00;204
9648;32;22871417;9648;537;10965;11170;4.46;0.27;348.68;14.14;1317;39;3827.00;205
9648;32;22871433;9648;531;10967;11170;4.43;0.27;348.68;14.26;1319;39;3828.00;203
9650;32;22871449;9650;535;10967;11170;4.39;0.27;348.64;14.26;1317;39;3829.00;203
9652;32;22871464;9652;540;10967;11170;4.36;0.27;348.59;14.26;1315;39;3830.00;203
9653;32;22871478;9653;544;10974;11176;4.41;0.27;348.57;14.36;1321;39;3831.00;202
9653;32;22871492;9653;553;10974;11176;4.38;0.27;348.57;14.36;1321;39;3832.00;202
9653;32;22871508;9653;551;10975;11176;4.35;0.27;348.57;14.41;1322;39;3833.00;201
9657;32;22871522;9657;560;10979;11179;4.27;0.26;348.57;14.47;1322;39;3834.00;200
9657;32;22871538;9657;545;10979;11179;4.26;0.26;348.57;14.47;1322;39;3835.00;200
9658;32;22871552;9658;537;10981;11179;4.25;0.26;348.54;14.57;1323;39;3836.00;198
9661;32;22871566;9661;535;10981;11180;4.24;0.26;348.55;14.57;1320;39;3837.00;199
9662;32;22871582;9662;532;10984;11181;4.25;0.26;348.53;14.68;1322;39;3838.00;197
9667;32;22871596;9667;537;10984;11181;4.24;0.26;348.59;14.68;1317;39;3839.00;197
9669;32;22871613;9669;538;11001;11207;4.32;0.26;348.56;14.65;1332;39;3840.00;206
9673;32;22871633;9673;538;11004;11207;4.28;0.26;348.51;14.76;1331;39;3841.00;203
9677;32;22871658;9677;540;11008;11207;4.25;0.26;348.44;14.75;1331;39;3842.00;199
9679;32;22871674;9679;551;11009;11208;4.22;0.26;348.38;14.75;1330;39;3843.00;199
9681;32;22871691;9681;548;11011;11208;4.16;0.25;348.37;14.86;1330;39;3844.00;197
9685;32;22871708;9685;558;11015;11212;4.13;0.25;348.31;14.85;1330;39;3845.00;197
9686;32;22871724;9686;562;11018;11214;4.06;0.25;348.29;14.96;1332;39;3846.00;196
9688;32;22871740;9688;558;11022;11218;3.98;0.24;348.27;14.95;1334;39;3847.00;196
9690;32;22871756;9690;564;11022;11218;3.95;0.24;348.26;14.95;1332;39;3848.00;196
9692;32;22871771;9692;569;11024;11218;3.93;0.24;348.25;15.06;1332;39;3849.00;194
9694;33;22871788;9694;563;11024;11218;3.91;0.24;348.27;15.06;1330;40;3850.00;194
9696;33;22871821;9696;563;11024;11218;3.90;0.24;348.29;15.06;1328;40;3851.00;194
9698;34;22871837;9698;559;11035;11230;3.97;0.24;348.26;15.04;1337;41;3852.00;195
9701;34;22871873;9701;552;11035;11230;4.00;0.24;348.23;15.04;1334;41;3853.00;195
9703;34;22871889;9703;551;11035;11230;4.09;0.25;348.26;15.04;1332;41;3854.00;195
9704;34;22871905;9704;545;11035;11230;4.16;0.25;348.27;15.04;1331;41;3855.00;195
9708;34;22871927;9708;536;11035;11230;4.21;0.26;348.42;15.04;1327;41;3856.00;195
9712;34;22871944;9712;528;11035;11230;4.24;0.26;348.53;15.04;1323;41;3857.00;195
9713;34;22871961;9713;521;11035;11231;4.29;0.26;348.53;15.04;1322;41;3858.00;196
9715;34;22871976;9715;514;11035;11231;4.32;0.26;348.55;15.04;1320;41;3859.00;196
9719;34;22871991;9719;503;11040;11237;4.41;0.27;348.47;15.04;1321;41;3860.00;197
9720;34;22872009;9720;503;11041;11238;4.44;0.27;348.51;15.03;1321;41;3861.00;197
9724;34;22872029;9724;499;11041;11238;4.45;0.27;348.58;15.03;1317;41;3862.00;197
9728;34;22872045;9728;485;11041;11238;4.48;0.27;348.54;15.03;1313;41;3863.00;197
9730;34;22872061;9730;485;11044;11242;4.58;0.28;348.54;15.03;1314;41;3864.00;198
9734;34;22872076;9734;488;11045;11242;4.62;0.28;348.55;15.09;1311;41;3865.00;197
9737;34;22872098;9737;477;11045;11242;4.68;0.29;348.55;15.09;1308;41;3866.00;197
9741;34;22872118;9741;477;11046;11243;4.71;0.29;348.70;15.08;1305;41;3867.00;197
9745;34;22872144;9745;482;11049;11247;4.75;0.29;348.74;15.08;1304;41;3868.00;198
9748;34;22872168;9748;471;11049;11247;4.79;0.29;348.76;15.08;1301;41;3869.00;198
9753;34;22872193;9753;470;11054;11253;4.83;0.29;348.84;15.07;1301;41;3870.00;199
9754;34;22872216;9754;469;11054;11253;4.88;0.30;348.82;15.07;1300;41;3871.00;199
9759;34;22872235;9759;460;11055;11253;4.87;0.30;348.84;15.07;1296;41;3872.00;198
9761;34;22872257;9761;455;11055;11253;4.89;0.30;348.83;15.07;1294;41;3873.00;198
9765;34;22872286;9765;444;11059;11257;4.90;0.30;348.80;15.07;1294;41;3874.00;198
9771;34;22872306;9771;432;11059;11257;4.85;0.30;348.87;15.07;1288;41;3875.00;198
9775;34;22872325;9775;433;11059;11257;4.77;0.29;348.91;15.07;1284;41;3876.00;198
9778;34;22872352;9778;433;11059;11257;4.73;0.29;349.01;15.07;1281;41;3877.00;198
9780;34;22872388;9780;431;11059;11258;4.74;0.29;349.06;15.07;1279;41;3878.00;199
9785;34;22872410;9785;431;11060;11259;4.68;0.29;349.14;15.07;1275;41;3879.00;199
9787;34;22872441;9787;426;11060;11259;4.72;0.29;349.15;15.07;1273;41;3880.00;199
9792;34;22872470;9792;411;11061;11260;4.70;0.29;349.19;15.07;1269;41;3881.00;199
9794;34;22872492;9794;410;11061;11260;4.78;0.29;349.23;15.07;1267;41;3882.00;199
9797;34;22872517;9797;411;11061;11260;4.84;0.30;349.21;15.07;1264;41;3883.00;199
9801;34;22872551;9801;407;11061;11260;4.87;0.30;349.34;15.07;1260;41;3884.00;199
9805;34;22872601;9805;407;11061;11260;4.86;0.30;349.26;15.07;1256;41;3885.00;199
9809;34;22872635;9809;411;11061;11260;4.90;0.30;349.36;15.07;1252;41;3886.00;199
9811;34;22872669;9811;410;11061;11260;4.93;0.30;349.37;15.07;1250;41;3887.00;199
9817;34;22872692;9817;426;11131;11387;5.18;0.32;349.50;14.97;1314;41;3888.00;256
9821;34;22872734;9821;428;11134;11388;5.18;0.32;349.56;14.97;1313;41;3889.00;254
9826;34;22872757;9826;421;11140;11388;5.17;0.32;349.60;14.96;1314;41;3890.00;248
9826;34;22872788;9826;416;11145;11388;5.20;0.32;349.60;15.01;1319;41;3891.00;243
9831;34;22872811;9831;417;11150;11388;5.17;0.32;349.69;15.01;1319;41;3892.00;238
9835;34;22872838;9835;415;11152;11388;5.11;0.31;349.75;15.01;1317;41;3893.00;236
9837;34;22872867;9837;425;11153;11388;5.04;0.31;349.74;15.01;1316;41;3894.00;235
9839;34;22872891;9839;434;11156;11388;5.02;0.31;349.79;15.00;1317;41;3895.00;232
9840;34;22872916;9840;441;11157;11389;4.93;0.30;349.77;15.00;1317;41;3896.00;232
9845;34;22872936;9845;432;11160;11390;4.84;0.30;349.79;15.00;1315;41;3897.00;230
9847;34;22872963;9847;418;11162;11390;4.84;0.30;349.77;15.00;1315;41;3898.00;228
9847;34;22872993;9847;419;11163;11391;4.82;0.30;349.77;15.00;1316;41;3899.00;228
9849;34;22873031;9849;428;11172;11406;4.81;0.29;349.76;14.99;1323;41;3900.00;234
9851;34;22873073;9851;431;11174;11406;4.82;0.30;349.78;14.99;1323;41;3901.00;232
9854;34;22873104;9854;433;11175;11406;4.84;0.30;349.84;14.99;1321;41;3902.00;231
9858;34;22873133;9858;429;11179;11410;4.81;0.29;349.94;14.99;1321;41;3903.00;231
9860;34;22873168;9860;448;11180;11410;4.88;0.30;350.06;14.99;1320;41;3904.00;230
9865;34;22873201;9865;448;11183;11410;4.82;0.29;350.15;14.99;1318;41;3905.00;227
9867;34;22873229;9867;444;11188;11413;4.83;0.29;350.14;15.04;1321;41;3906.00;225
9869;34;22873256;9869;442;11189;11413;4.84;0.30;350.22;15.04;1320;41;3907.00;224
9875;34;22873282;9875;435;11192;11413;4.86;0.30;350.23;15.04;1317;41;3908.00;221
9877;34;22873323;9877;431;11195;11417;4.88;0.30;350.21;15.04;1318;41;3909.00;222
9881;34;22873359;9881;433;11196;11418;4.91;0.30;350.33;15.04;1315;41;3910.00;222
9883;34;22873387;9883;435;11199;11418;4.95;0.30;350.42;15.09;1316;41;3911.00;219
9883;34;22873414;9883;432;11205;11422;5.05;0.31;350.42;15.09;1322;41;3912.00;217
9885;34;22873445;9885;432;11206;11422;5.11;0.31;350.53;15.09;1321;41;3913.00;216
9885;34;22873475;9885;432;11206;11422;5.18;0.32;350.53;15.09;1321;41;3914.00;216
9889;34;22873502;9889;438;11208;11424;5.17;0.31;350.66;15.08;1319;41;3915.00;216
9892;34;22873537;9892;437;11208;11424;5.18;0.32;350.75;15.08;1316;41;3916.00;216
9894;34;22873562;9894;445;11214;11430;5.17;0.31;350.81;15.08;1320;41;3917.00;216
9896;34;22873590;9896;436;11214;11430;5.15;0.31;350.89;15.08;1318;41;3918.00;216
9898;34;22873616;9898;443;11214;11431;5.13;0.31;351.00;15.08;1316;41;3919.00;217
9902;34;22873638;9902;438;11214;11431;5.10;0.31;351.11;15.08;1312;41;3920.00;217
9902;34;22873661;9902;437;11214;11431;5.09;0.31;351.11;15.08;1312;41;3921.00;217
9905;34;22873685;9905;440;11215;11431;5.04;0.31;351.21;15.08;1310;41;3922.00;216
9908;34;22873709;9908;434;11217;11431;4.97;0.30;351.27;15.13;1309;41;3923.00;214
9913;34;22873746;9913;429;11226;11443;4.92;0.30;351.34;15.12;1313;41;3924.00;217
9916;34;22873783;9916;423;11226;11443;4.95;0.30;351.43;15.12;1310;41;3925.00;217
9919;34;22873808;9919;417;11229;11443;4.95;0.30;351.49;15.12;1310;41;3926.00;214
9919;34;22873836;9919;411;11229;11443;4.97;0.30;351.49;15.12;1310;41;3927.00;214
9921;34;22873869;9921;409;11231;11443;5.02;0.30;351.59;15.12;1310;41;3928.00;212
9924;34;22873894;9924;411;11232;11443;5.06;0.31;351.65;15.17;1308;41;3929.00;211
9926;34;22873920;9926;416;11235;11447;5.06;0.31;351.71;15.17;1309;41;3930.00;212
9928;34;22873944;9928;422;11235;11447;5.09;0.31;351.77;15.17;1307;41;3931.00;212
9932;34;22873970;9932;424;11239;11451;5.13;0.31;351.84;15.16;1307;41;3932.00;212
9934;34;22873995;9934;429;11240;11452;5.11;0.31;351.86;15.16;1306;41;3933.00;212
9935;34;22874023;9935;433;11240;11452;5.06;0.31;351.86;15.16;1305;41;3934.00;212
9939;34;22874055;9939;440;11240;11452;5.04;0.31;351.89;15.16;1301;41;3935.00;212
9942;34;22874078;9942;447;11251;11465;5.05;0.31;351.88;15.14;1309;41;3936.00;214
9944;34;22874107;9944;450;11252;11465;5.00;0.30;351.91;15.19;1308;41;3937.00;213
9945;34;22874136;9945;458;11252;11465;5.03;0.30;351.96;15.19;1307;41;3938.00;213
9947;34;22874175;9947;451;11253;11466;5.02;0.30;352.10;15.19;1306;41;3939.00;213
9951;34;22874206;9951;446;11253;11467;4.99;0.30;352.12;15.19;1302;41;3940.00;214
9952;34;22874236;9952;444;11253;11467;5.01;0.30;352.14;15.19;1301;41;3941.00;214
9954;34;22874261;9954;441;11255;11470;5.04;0.31;352.13;15.19;1301;41;3942.00;215
9957;34;22874286;9957;444;11255;11470;5.00;0.30;352.22;15.19;1298;41;3943.00;215
9957;34;22874313;9957;444;11256;11470;5.04;0.31;352.22;15.19;1299;41;3944.00;214
9960;34;22874336;9960;448;11256;11470;5.00;0.30;352.26;15.19;1296;41;3945.00;214
9960;34;22874355;9960;442;11261;11476;5.04;0.31;352.26;15.18;1301;41;3946.00;215
9961;34;22874378;9961;442;11261;11476;5.00;0.30;352.27;15.18;1300;41;3947.00;215
9965;34;22874402;9965;443;11261;11476;4.99;0.30;352.35;15.18;1296;41;3948.00;215
9966;34;22874423;9966;448;11261;11476;5.00;0.30;352.34;15.18;1295;41;3949.00;215
9971;34;22874445;9971;445;11264;11480;4.92;0.30;352.31;15.18;1293;41;3950.00;216
9974;34;22874473;9974;445;11265;11481;4.87;0.30;352.33;15.18;1291;41;3951.00;216
9974;34;22874495;9974;453;11265;11481;4.85;0.30;352.33;15.18;1291;41;3952.00;216
9975;34;22874514;9975;452;11266;11482;4.85;0.30;352.35;15.18;1291;41;3953.00;216
9979;34;22874531;9979;449;11266;11482;4.80;0.29;352.32;15.18;1287;41;3954.00;216
9981;34;22874554;9981;452;11268;11482;4.79;0.29;352.40;15.30;1287;41;3955.00;214
9984;34;22874576;9984;445;11268;11482;4.72;0.29;352.37;15.30;1284;41;3956.00;214
9985;34;22874595;9985;447;11268;11482;4.71;0.29;352.36;15.30;1283;41;3957.00;214
9987;34;22874616;9987;448;11268;11482;4.74;0.29;352.35;15.30;1281;41;3958.00;214
9990;34;22874635;9990;447;11268;11482;4.74;0.29;352.32;15.30;1278;41;3959.00;214
9993;34;22874657;9993;462;11324;11607;4.96;0.31;352.27;15.22;1331;41;3960.00;283
9996;34;22874692;9996;446;11325;11608;4.96;0.31;352.29;15.22;1329;41;3961.00;283
9998;34;22874718;9998;440;11335;11608;5.04;0.31;352.26;15.21;1337;41;3962.00;273
10001;34;22874738;10001;440;11340;11608;5.01;0.31;352.24;15.20;1339;41;3963.00;268
10003;34;22874757;10003;447;11347;11608;5.01;0.31;352.23;15.20;1344;41;3964.00;261
10005;34;22874777;10005;450;11349;11608;5.02;0.31;352.17;15.19;1344;41;3965.00;259
10007;34;22874797;10007;449;11354;11608;4.99;0.31;352.21;15.19;1347;41;3966.00;254
10009;34;22874815;10009;457;11359;11608;4.96;0.30;352.20;15.19;1350;41;3967.00;249
10011;34;22874832;10011;456;11364;11609;4.94;0.30;352.17;15.18;1353;41;3968.00;245
10013;34;22874853;10013;456;11365;11610;4.88;0.30;352.17;15.18;1352;41;3969.00;245
10015;34;22874873;10015;461;11368;11610;4.80;0.29;352.23;15.18;1353;41;3970.00;242
10018;34;22874893;10018;464;11373;11614;4.80;0.29;352.17;15.18;1355;41;3971.00;241
10020;34;22874914;10020;466;11374;11614;4.79;0.29;352.12;15.23;1354;41;3972.00;240
10024;34;22874934;10024;466;11374;11614;4.74;0.29;352.13;15.23;1350;41;3973.00;240
10026;34;22874962;10026;478;11374;11614;4.70;0.29;352.07;15.23;1348;41;3974.00;240
10028;34;22874984;10028;475;11380;11620;4.63;0.28;352.06;15.22;1352;41;3975.00;240
10029;34;22875011;10029;486;11380;11620;4.55;0.28;352.12;15.22;1351;41;3976.00;240
10029;34;22875040;10029;493;11380;11620;4.50;0.28;352.12;15.22;1351;41;3977.00;240
10030;34;22875058;10030;496;11382;11623;4.44;0.27;352.11;15.22;1352;41;3978.00;241
10032;34;22875078;10032;504;11384;11623;4.41;0.27;352.16;15.22;1352;41;3979.00;239
10032;34;22875096;10032;513;11386;11623;4.35;0.27;352.16;15.28;1354;41;3980.00;237
10035;34;22875116;10035;514;11386;11624;4.31;0.26;352.13;15.28;1351;41;3981.00;238
10036;34;22875138;10036;524;11388;11625;4.28;0.26;352.16;15.28;1352;41;3982.00;237
10036;34;22875157;10036;533;11390;11625;4.23;0.26;352.16;15.34;1354;41;3983.00;235
10041;34;22875178;10041;538;11400;11638;4.13;0.25;352.08;15.32;1359;41;3984.00;238
10043;34;22875197;10043;541;11402;11638;4.06;0.25;352.08;15.38;1359;41;3985.00;236
10044;34;22875214;10044;555;11402;11638;4.00;0.25;352.08;15.38;1358;41;3986.00;236
10046;34;22875235;10046;573;11404;11639;3.95;0.24;352.08;15.44;1358;41;3987.00;235
10048;34;22875253;10048;580;11404;11639;3.92;0.24;352.04;15.44;1356;41;3988.00;235
10051;34;22875271;10051;590;11410;11643;3.92;0.24;351.97;15.56;1359;41;3989.00;233
10052;34;22875291;10052;589;11410;11643;3.92;0.24;352.01;15.56;1358;41;3990.00;233
10053;34;22875310;10053;596;11413;11647;3.91;0.24;352.01;15.55;1360;41;3991.00;234
10055;34;22875327;10055;586;11413;11647;3.90;0.24;351.96;15.55;1358;41;3992.00;234
10056;34;22875344;10056;579;11414;11647;3.90;0.24;351.93;15.61;1358;41;3993.00;233
10057;34;22875366;10057;577;11414;11647;3.92;0.24;351.91;15.61;1357;41;3994.00;233
10057;34;22875382;10057;569;11414;11647;3.94;0.24;351.91;15.61;1357;41;3995.00;233
10059;34;22875399;10059;569;11424;11659;4.00;0.25;351.85;15.60;1365;41;3996.00;235
10060;34;22875422;10060;570;11424;11659;4.04;0.25;351.86;15.60;1364;41;3997.00;235
10061;34;22875443;10061;571;11425;11659;4.05;0.25;351.84;15.60;1364;41;3998.00;234
10062;34;22875475;10062;575;11434;11659;4.06;0.25;351.91;16.13;1372;41;3999.00;225
10062;34;22875502;10062;568;11434;11659;4.12;0.25;351.91;16.13;1372;41;4000.00;225
10065;34;22875528;10065;558;11434;11659;4.13;0.25;351.91;16.13;1369;41;4001.00;225
10066;34;22875546;10066;552;11435;11660;4.16;0.26;351.92;16.18;1369;41;4002.00;225
10069;34;22875564;10069;542;11435;11660;4.19;0.26;351.90;16.18;1366;41;4003.00;225
10070;34;22875585;10070;535;11441;11666;4.25;0.26;351.89;16.23;1371;41;4004.00;225
10070;34;22875601;10070;543;11443;11668;4.29;0.26;351.89;16.23;1373;41;4005.00;225
10070;35;22875618;10070;533;11444;11668;4.30;0.26;351.89;16.29;1374;42;4006.00;224
10071;35;22875652;10071;531;11445;11668;4.33;0.27;351.86;16.35;1374;42;4007.00;223
10074;35;22875669;10074;528;11448;11672;4.32;0.26;351.82;16.34;1374;42;4008.00;224
10074;35;22875697;10074;529;11449;11672;4.36;0.27;351.82;16.40;1375;42;4009.00;223
10076;35;22875723;10076;531;11449;11672;4.37;0.27;351.79;16.40;1373;42;4010.00;223
10078;35;22875745;10078;525;11451;11673;4.38;0.27;351.81;16.45;1373;42;4011.00;222
10078;35;22875765;10078;530;11454;11677;4.40;0.27;351.81;16.45;1376;42;4012.00;223
10081;35;22875783;10081;533;11455;11677;4.42;0.27;351.83;16.50;1374;42;4013.00;222
10085;35;22875801;10085;528;11457;11680;4.44;0.27;351.76;16.50;1372;42;4014.00;223
10087;35;22875817;10087;537;11457;11680;4.41;0.27;351.86;16.50;1370;42;4015.00;223
10090;35;22875832;10090;549;11458;11680;4.39;0.27;351.94;16.50;1368;42;4016.00;222
10095;35;22875852;10095;546;11458;11680;4.37;0.27;351.99;16.50;1363;42;4017.00;222
10097;35;22875869;10097;553;11462;11684;4.36;0.27;351.96;16.49;1365;42;4018.00;222
10099;35;22875887;10099;560;11462;11684;4.36;0.27;351.93;16.49;1363;42;4019.00;222
10105;35;22875914;10105;563;11462;11684;4.28;0.26;351.96;16.49;1357;42;4020.00;222
10107;35;22875934;10107;556;11462;11684;4.27;0.26;352.04;16.49;1355;42;4021.00;222
10114;35;22875952;10114;560;11462;11685;4.21;0.26;352.20;16.49;1348;42;4022.00;223
10116;35;22875969;10116;559;11463;11686;4.19;0.26;352.18;16.49;1347;42;4023.00;223
10120;35;22875994;10120;566;11463;11686;4.12;0.25;352.40;16.49;1343;42;4024.00;223
10125;35;22876019;10125;560;11464;11687;4.13;0.25;352.55;16.49;1339;42;4025.00;223
10128;35;22876049;10128;554;11464;11687;4.15;0.25;352.59;16.49;1336;42;4026.00;223
10132;35;22876072;10132;552;11464;11687;4.15;0.25;352.70;16.49;1332;42;4027.00;223
10139;35;22876096;10139;545;11464;11687;4.13;0.25;352.83;16.49;1325;42;4028.00;223
10140;35;22876121;10140;540;11464;11687;4.19;0.26;352.84;16.49;1324;42;4029.00;223
10145;35;22876149;10145;529;11464;11687;4.23;0.26;352.91;16.49;1319;42;4030.00;223
10150;35;22876173;10150;527;11464;11687;4.28;0.26;353.05;16.49;1314;42;4031.00;223
10152;35;22876201;10152;528;11529;11814;4.59;0.29;353.05;16.40;1377;42;4032.00;285
10156;35;22876249;10156;518;11533;11815;4.66;0.29;353.08;16.39;1377;42;4033.00;282
10159;35;22876279;10159;508;11541;11815;4.75;0.30;353.18;16.38;1382;42;4034.00;274
10161;35;22876302;10161;495;11546;11815;4.81;0.30;353.20;16.38;1385;42;4035.00;269
10163;35;22876328;10163;492;11552;11815;4.88;0.30;353.19;16.37;1389;42;4036.00;263
10167;35;22876353;10167;483;11554;11815;4.88;0.30;353.22;16.37;1387;42;4037.00;261
10172;35;22876374;10172;482;11557;11815;4.85;0.30;353.40;16.37;1385;42;4038.00;258
10175;35;22876395;10175;487;11560;11815;4.85;0.30;353.50;16.36;1385;42;4039.00;255
10181;35;22876417;10181;495;11561;11816;4.82;0.30;353.45;16.36;1380;42;4040.00;255
10184;35;22876439;10184;499;11562;11817;4.82;0.30;353.53;16.36;1378;42;4041.00;255
10189;35;22876460;10189;496;11565;11817;4.81;0.30;353.57;16.36;1376;42;4042.00;252
10192;35;22876479;10192;496;11566;11818;4.78;0.29;353.58;16.36;1374;42;4043.00;252
10194;35;22876498;10194;491;11567;11818;4.77;0.29;353.63;16.36;1373;42;4044.00;251
10199;35;22876520;10199;486;11567;11818;4.75;0.29;353.73;16.36;1368;42;4045.00;251
10204;35;22876541;10204;488;11570;11818;4.72;0.29;353.73;16.36;1366;42;4046.00;248
10205;35;22876561;10205;492;11574;11822;4.68;0.29;353.74;16.36;1369;42;4047.00;248
10209;35;22876582;10209;475;11575;11822;4.66;0.29;353.85;16.36;1366;42;4048.00;247
10212;35;22876604;10212;477;11576;11822;4.66;0.29;353.85;16.36;1364;42;4049.00;246
10216;35;22876636;10216;477;11581;11828;4.68;0.29;353.97;16.35;1365;42;4050.00;247
10219;35;22876658;10219;477;11582;11828;4.70;0.29;354.04;16.35;1363;42;4051.00;246
10224;35;22876686;10224;473;11584;11828;4.71;0.29;354.13;16.35;1360;42;4052.00;244
10227;35;22876708;10227;466;11589;11832;4.75;0.29;354.13;16.35;1362;42;4053.00;243
10233;35;22876749;10233;464;11591;11833;4.73;0.29;354.33;16.35;1358;42;4054.00;242
10236;35;22876772;10236;465;11592;11833;4.76;0.29;354.39;16.34;1356;42;4055.00;241
10240;35;22876797;10240;467;11594;11837;4.81;0.29;354.39;16.34;1354;42;4056.00;243
10246;35;22876820;10246;464;11596;11837;4.80;0.29;354.60;16.34;1350;42;4057.00;241
10249;35;22876843;10249;472;11599;11837;4.81;0.29;354.59;16.34;1350;42;4058.00;238
10253;35;22876867;10253;477;11600;11838;4.80;0.29;354.65;16.34;1347;42;4059.00;238
10259;35;22876890;10259;472;11601;11838;4.79;0.29;354.74;16.34;1342;42;4060.00;237
10259;35;22876917;10259;476;11606;11844;4.79;0.29;354.74;16.34;1347;42;4061.00;238
10263;35;22876938;10263;469;11606;11844;4.73;0.29;354.87;16.34;1343;42;4062.00;238
10267;35;22876959;10267;464;11607;11845;4.72;0.29;354.98;16.34;1340;42;4063.00;238
10272;35;22876984;10272;470;11607;11845;4.72;0.29;355.01;16.34;1335;42;4064.00;238
10275;35;22877006;10275;464;11607;11845;4.70;0.29;355.01;16.34;1332;42;4065.00;238
10276;35;22877029;10276;464;11607;11845;4.71;0.29;355.06;16.34;1331;42;4066.00;238
10281;35;22877048;10281;461;11607;11845;4.66;0.28;355.02;16.34;1326;42;4067.00;238
10281;35;22877067;10281;465;11617;11857;4.74;0.29;355.02;16.32;1336;42;4068.00;240
10286;35;22877085;10286;461;11618;11857;4.68;0.28;355.14;16.32;1332;42;4069.00;239
10288;35;22877104;10288;469;11618;11857;4.68;0.28;355.14;16.32;1330;42;4070.00;239
10290;35;22877123;10290;466;11618;11857;4.66;0.28;355.12;16.32;1328;42;4071.00;239
10294;35;22877144;10294;461;11618;11857;4.64;0.28;355.32;16.32;1324;42;4072.00;239
10296;35;22877174;10296;461;11618;11857;4.63;0.28;355.47;16.32;1322;42;4073.00;239
10301;35;22877193;10301;459;11621;11861;4.64;0.28;355.52;16.32;1320;42;4074.00;240
10303;35;22877215;10303;456;11622;11861;4.66;0.28;355.56;16.37;1319;42;4075.00;239
10307;35;22877233;10307;455;11626;11865;4.68;0.28;355.59;16.37;1319;42;4076.00;239
10307;35;22877252;10307;454;11627;11866;4.72;0.29;355.59;16.36;1320;42;4077.00;239
10309;35;22877271;10309;462;11627;11866;4.74;0.29;355.59;16.36;1318;42;4078.00;239
10310;35;22877288;10310;462;11627;11866;4.76;0.29;355.67;16.36;1317;42;4079.00;239
10311;35;22877308;10311;474;11650;11895;4.77;0.29;355.67;16.33;1339;42;4080.00;245
10314;35;22877327;10314;459;11651;11895;4.79;0.29;355.71;16.39;1337;43;4081.00;244
10315;35;22877356;10315;456;11652;11895;4.82;0.29;355.76;16.39;1337;43;4082.00;243
10316;35;22877379;10316;459;11653;11896;4.85;0.30;355.84;16.38;1337;43;4083.00;243
10319;35;22877395;10319;465;11653;11897;4.84;0.30;355.94;16.38;1334;43;4084.00;244
10322;35;22877414;10322;473;11654;11897;4.80;0.29;355.99;16.44;1332;43;4085.00;243
10325;35;22877432;10325;480;11656;11900;4.83;0.29;356.07;16.43;1331;43;4086.00;244
10329;35;22877450;10329;475;11656;11900;4.83;0.29;356.22;16.43;1327;43;4087.00;244
10329;35;22877469;10329;482;11657;11900;4.88;0.30;356.22;16.43;1328;43;4088.00;243
10332;35;22877485;10332;488;11658;11900;4.85;0.30;356.36;16.49;1326;43;4089.00;242
10335;35;22877503;10335;486;11663;11906;4.77;0.29;356.47;16.48;1328;43;4090.00;243
10336;35;22877521;10336;485;11663;11906;4.74;0.29;356.50;16.48;1327;43;4091.00;243
10339;35;22877541;10339;483;11663;11906;4.67;0.29;356.59;16.48;1324;43;4092.00;243
10341;35;22877562;10341;482;11663;11906;4.63;0.28;356.71;16.48;1322;43;4093.00;243
10345;35;22877580;10345;484;11666;11910;4.61;0.28;356.77;16.48;1321;43;4094.00;244
10348;35;22877597;10348;488;11669;11912;4.61;0.28;356.84;16.52;1321;43;4095.00;243
10351;35;22877618;10351;496;11669;11912;4.59;0.28;356.94;16.52;1318;43;4096.00;243
10354;35;22877637;10354;490;11670;11913;4.57;0.28;356.94;16.52;1316;43;4097.00;243
10357;35;22877659;10357;485;11671;11913;4.57;0.28;357.00;16.52;1314;43;4098.00;242
10359;35;22877676;10359;482;11671;11913;4.56;0.28;357.11;16.52;1312;43;4099.00;242
10360;35;22877693;10360;484;11671;11913;4.57;0.28;357.16;16.52;1311;43;4100.00;242
10363;35;22877716;10363;479;11671;11913;4.58;0.28;357.24;16.52;1308;43;4101.00;242
10366;35;22877734;10366;482;11671;11913;4.58;0.28;357.34;16.52;1305;43;4102.00;242
10369;35;22877752;10369;488;11671;11913;4.56;0.28;357.34;16.52;1302;43;4103.00;242
10371;35;22877769;10371;512;11710;11983;4.64;0.29;357.37;16.46;1339;43;4104.00;273
10375;35;22877794;10375;511;11712;11984;4.65;0.29;357.44;16.46;1337;43;4105.00;272
10376;35;22877811;10376;513;11718;11984;4.75;0.29;357.42;16.50;1342;43;4106.00;266
10379;35;22877827;10379;506;11718;11984;4.77;0.29;357.52;16.50;1339;43;4107.00;266
10380;35;22877844;10380;515;11720;11984;4.78;0.29;357.53;16.49;1340;43;4108.00;264
10384;35;22877863;10384;517;11722;11984;4.77;0.29;357.71;16.49;1338;43;4109.00;262
10387;35;22877892;10387;524;11724;11984;4.76;0.29;357.75;16.49;1337;43;4110.00;260
10388;35;22877909;10388;535;11726;11984;4.75;0.29;357.74;16.49;1338;43;4111.00;258
10391;35;22877928;10391;528;11728;11985;4.73;0.29;357.79;16.53;1337;43;4112.00;257
10394;35;22877954;10394;536;11730;11986;4.74;0.29;357.88;16.53;1336;43;4113.00;256
10398;35;22877983;10398;542;11732;11986;4.72;0.29;357.83;16.53;1334;43;4114.00;254
10402;35;22878005;10402;544;11739;11990;4.72;0.29;357.81;16.56;1337;43;4115.00;251
10404;35;22878025;10404;535;11740;11990;4.73;0.29;357.85;16.56;1336;43;4116.00;250
10406;35;22878050;10406;533;11741;11990;4.75;0.29;357.81;16.56;1335;43;4117.00;249
10410;35;22878074;10410;526;11742;11990;4.77;0.29;357.81;16.56;1332;43;4118.00;248
10411;35;22878107;10411;522;11747;11996;4.82;0.30;357.79;16.56;1336;43;4119.00;249
10416;35;22878127;10416;520;11749;11996;4.85;0.30;357.85;16.60;1333;43;4120.00;247
10420;35;22878158;10420;518;11750;11996;4.84;0.30;357.85;16.60;1330;43;4121.00;246
10426;35;22878189;10426;517;11752;11999;4.85;0.30;357.91;16.60;1326;43;4122.00;247
10430;35;22878219;10430;512;11753;11999;4.87;0.30;358.04;16.60;1323;43;4123.00;246
10432;35;22878249;10432;507;11755;11999;4.87;0.30;358.05;16.64;1323;43;4124.00;244
10437;35;22878269;10437;508;11755;12000;4.84;0.30;358.13;16.64;1318;43;4125.00;245
10443;35;22878286;10443;506;11756;12001;4.77;0.29;358.07;16.64;1313;43;4126.00;245
10446;35;22878303;10446;518;11757;12001;4.68;0.28;358.12;16.68;1311;43;4127.00;244
10450;35;22878321;10450;528;11766;12014;4.59;0.28;358.10;16.67;1316;43;4128.00;248
10454;35;22878342;10454;527;11766;12014;4.54;0.28;358.01;16.67;1312;43;4129.00;248
10456;35;22878361;10456;529;11769;12014;4.46;0.27;358.01;16.78;1313;43;4130.00;245
10459;35;22878383;10459;526;11771;12015;4.41;0.27;357.95;16.84;1312;43;4131.00;244
10460;35;22878401;10460;523;11771;12015;4.41;0.27;357.94;16.84;1311;43;4132.00;244
10465;35;22878417;10465;525;11777;12019;4.34;0.26;357.92;16.88;1312;43;4133.00;242
10466;35;22878437;10466;526;11777;12019;4.32;0.26;357.93;16.88;1311;43;4134.00;242
10466;35;22878453;10466;527;11780;12023;4.34;0.26;357.93;16.87;1314;43;4135.00;243
10468;35;22878471;10468;526;11781;12023;4.32;0.26;357.93;16.92;1313;43;4136.00;242
10469;35;22878491;10469;531;11781;12023;4.30;0.26;357.90;16.92;1312;43;4137.00;242
10470;35;22878512;10470;528;11781;12023;4.32;0.26;357.87;16.92;1311;43;4138.00;242
10471;35;22878537;10471;528;11782;12023;4.35;0.26;357.85;16.96;1311;43;4139.00;241
10474;35;22878561;10474;537;11802;12057;4.42;0.27;357.76;16.93;1328;43;4140.00;255
10474;35;22878582;10474;528;11804;12057;4.43;0.27;357.76;16.97;1330;43;4141.00;253
10477;35;22878604;10477;520;11806;12057;4.45;0.27;357.68;16.97;1329;43;4142.00;251
10477;35;22878625;10477;527;11807;12057;4.51;0.28;357.68;16.97;1330;43;4143.00;250
10479;35;22878643;10479;519;11808;12057;4.56;0.28;357.67;17.01;1329;43;4144.00;249
10481;35;22878663;10481;522;11808;12057;4.56;0.28;357.66;17.01;1327;43;4145.00;249
10481;35;22878686;10481;519;11808;12058;4.56;0.28;357.66;17.01;1327;43;4146.00;250
10484;35;22878712;10484;526;11809;12058;4.52;0.27;357.67;17.01;1325;43;4147.00;249
10486;35;22878730;10486;521;11813;12064;4.53;0.28;357.64;17.01;1327;43;4148.00;251
10489;35;22878747;10489;513;11815;12065;4.52;0.27;357.63;17.12;1326;43;4149.00;250
10489;35;22878765;10489;514;11816;12065;4.54;0.28;357.63;17.12;1327;43;4150.00;249
10489;35;22878783;10489;508;11819;12065;4.50;0.27;357.63;17.18;1330;43;4151.00;246
10489;35;22878804;10489;511;11822;12069;4.52;0.28;357.63;17.18;1333;43;4152.00;247
10489;35;22878822;10489;516;11822;12069;4.54;0.28;357.63;17.18;1333;43;4153.00;247
10491;35;22878839;10491;515;11823;12069;4.55;0.28;357.65;17.24;1332;43;4154.00;246
10494;35;22878858;10494;520;11827;12070;4.56;0.28;357.62;17.30;1333;43;4155.00;243
10495;35;22878887;10495;516;11830;12074;4.56;0.28;357.60;17.30;1335;43;4156.00;244
10499;35;22878905;10499;526;11832;12074;4.55;0.28;357.51;17.36;1333;43;4157.00;242
10499;35;22878922;10499;535;11835;12077;4.58;0.28;357.51;17.42;1336;43;4158.00;242
10500;35;22878939;10500;534;11836;12077;4.63;0.28;357.50;17.42;1336;43;4159.00;241
10501;35;22878972;10501;530;11838;12077;4.64;0.28;357.48;17.54;1337;43;4160.00;239
10501;35;22879000;10501;523;11839;12077;4.68;0.29;357.48;17.61;1338;43;4161.00;238
10502;35;22879021;10502;525;11844;12081;4.72;0.29;357.44;17.66;1342;43;4162.00;237
10502;35;22879062;10502;521;11845;12081;4.75;0.29;357.44;17.73;1343;43;4163.00;236
10503;35;22879093;10503;520;11846;12081;4.79;0.29;357.43;17.79;1343;43;4164.00;235
10506;35;22879120;10506;518;11847;12081;4.80;0.29;357.44;17.85;1341;43;4165.00;234
10508;35;22879155;10508;521;11849;12082;4.77;0.29;357.43;17.97;1341;43;4166.00;233
10508;35;22879179;10508;524;11850;12083;4.79;0.29;357.43;17.97;1342;43;4167.00;233
10509;35;22879201;10509;520;11851;12083;4.76;0.29;357.42;18.02;1342;43;4168.00;232
10510;35;22879236;10510;523;11852;12084;4.74;0.29;357.41;18.02;1342;43;4169.00;232
10514;35;22879258;10514;520;11854;12084;4.75;0.29;357.39;18.15;1340;43;4170.00;230
10517;35;22879280;10517;525;11855;12084;4.75;0.29;357.34;18.21;1338;43;4171.00;229
10520;35;22879301;10520;523;11855;12084;4.72;0.29;357.35;18.21;1335;43;4172.00;229
10523;35;22879324;10523;532;11857;12086;4.62;0.28;357.40;18.21;1334;43;4173.00;229
10524;35;22879347;10524;520;11858;12086;4.57;0.28;357.38;18.27;1334;43;4174.00;228
10527;35;22879363;10527;528;11858;12086;4.51;0.27;357.47;18.27;1331;43;4175.00;228
10529;35;22879382;10529;540;11924;12213;4.75;0.29;357.44;18.29;1395;43;4176.00;289
10529;35;22879431;10529;535;11930;12214;4.78;0.30;357.44;18.35;1401;43;4177.00;284
10529;35;22879450;10529;529;11939;12214;4.82;0.30;357.44;18.40;1410;43;4178.00;275
10530;35;22879468;10530;525;11941;12214;4.82;0.30;357.51;18.39;1411;43;4179.00;273
10532;35;22879491;10532;521;11948;12214;4.86;0.30;357.56;18.39;1416;43;4180.00;266
10533;35;22879513;10533;528;11952;12214;4.91;0.30;357.54;18.50;1419;43;4181.00;262
10536;35;22879531;10536;523;11956;12214;4.96;0.31;357.56;18.50;1420;43;4182.00;258
10540;35;22879550;10540;527;11960;12214;4.99;0.31;357.62;18.61;1420;43;4183.00;254
10542;35;22879578;10542;529;11963;12215;5.02;0.31;357.65;18.67;1421;43;4184.00;252
10544;35;22879607;10544;532;11966;12217;5.05;0.31;357.67;18.73;1422;43;4185.00;251
10548;35;22879625;10548;535;11970;12217;5.07;0.31;357.63;18.73;1422;43;4186.00;247
10550;35;22879647;10550;543;11972;12218;5.05;0.31;357.61;18.72;1422;43;4187.00;246
10554;35;22879668;10554;553;11976;12218;4.99;0.31;357.78;18.84;1422;43;4188.00;242
10556;35;22879688;10556;559;11977;12218;4.92;0.30;357.79;18.84;1421;43;4189.00;241
10561;35;22879709;10561;575;11981;12218;4.81;0.29;357.84;18.95;1420;43;4190.00;237
10564;35;22879732;10564;573;11985;12222;4.76;0.29;357.87;18.95;1421;43;4191.00;237
10566;35;22879758;10566;574;11987;12222;4.70;0.29;357.86;18.95;1421;43;4192.00;235
10572;35;22879785;10572;581;11992;12222;4.63;0.28;357.97;19.06;1420;43;4193.00;230
10574;35;22879814;10574;581;11993;12225;4.60;0.28;358.08;19.12;1419;43;4194.00;232
10579;35;22879836;10579;579;11997;12225;4.58;0.28;358.11;19.17;1418;43;4195.00;228
10585;35;22879859;10585;580;11999;12225;4.55;0.28;358.15;19.22;1414;43;4196.00;226
10589;35;22879888;10589;593;12004;12229;4.51;0.27;358.27;19.22;1415;43;4197.00;225
10592;35;22879916;10592;596;12008;12230;4.44;0.27;358.38;19.27;1416;43;4198.00;222
10594;35;22879946;10594;607;12010;12230;4.45;0.27;358.41;19.33;1416;43;4199.00;220
10597;35;22879972;10597;608;12023;12264;4.45;0.27;358.56;19.36;1426;43;4200.00;241
10602;35;22880009;10602;593;12023;12264;4.39;0.27;358.73;19.36;1421;43;4201.00;241
10603;35;22880044;10603;589;12025;12264;4.40;0.27;358.83;19.36;1422;43;4202.00;239
10609;35;22880070;10609;585;12026;12265;4.42;0.27;358.94;19.36;1417;43;4203.00;239
10612;35;22880104;10612;581;12026;12265;4.44;0.27;359.09;19.36;1414;43;4204.00;239
10612;35;22880133;10612;571;12031;12271;4.49;0.27;359.09;19.35;1419;43;4205.00;240
10616;35;22880169;10616;574;12033;12271;4.45;0.27;359.19;19.35;1417;43;4206.00;238
10618;35;22880214;10618;564;12033;12272;4.45;0.27;359.19;19.35;1415;43;4207.00;239
10622;35;22880250;10622;552;12034;12272;4.46;0.27;359.23;19.35;1412;43;4208.00;238
10625;35;22880280;10625;544;12034;12272;4.49;0.27;359.35;19.35;1409;43;4209.00;238
10630;35;22880304;10630;544;12034;12272;4.47;0.27;359.44;19.35;1404;43;4210.00;238
10634;35;22880330;10634;542;12035;12272;4.44;0.27;359.41;19.35;1401;43;4211.00;237
10638;35;22880354;10638;541;12044;12284;4.44;0.27;359.45;19.33;1406;43;4212.00;240
10641;35;22880393;10641;541;12048;12284;4.46;0.27;359.48;19.33;1407;43;4213.00;236
10643;35;22880432;10643;536;12048;12284;4.47;0.27;359.50;19.33;1405;43;4214.00;236
10648;35;22880459;10648;535;12048;12284;4.46;0.27;359.52;19.33;1400;43;4215.00;236
10650;35;22880483;10650;528;12048;12284;4.48;0.27;359.53;19.33;1398;43;4216.00;236
10653;35;22880506;10653;535;12049;12284;4.48;0.27;359.55;19.33;1396;43;4217.00;235
10657;35;22880536;10657;538;12053;12288;4.51;0.27;359.61;19.32;1396;43;4218.00;235
10660;35;22880560;10660;532;12054;12288;4.55;0.28;359.67;19.32;1394;43;4219.00;234
10663;35;22880586;10663;533;12057;12292;4.58;0.28;359.67;19.32;1394;43;4220.00;235
10666;35;22880615;10666;541;12058;12293;4.60;0.28;359.76;19.32;1392;43;4221.00;235
10667;35;22880648;10667;546;12058;12293;4.63;0.28;359.77;19.32;1391;43;4222.00;235
10671;35;22880671;10671;541;12059;12293;4.60;0.28;359.79;19.32;1388;43;4223.00;234
10674;35;22880692;10674;544;12068;12306;4.60;0.28;359.78;19.31;1394;43;4224.00;238
10675;35;22880718;10675;542;12069;12306;4.61;0.28;359.76;19.30;1394;43;4225.00;237
10677;35;22880740;10677;544;12071;12306;4.62;0.28;359.86;19.30;1394;43;4226.00;235
10681;35;22880760;10681;542;12072;12307;4.58;0.28;359.84;19.30;1391;43;4227.00;235
10686;35;22880780;10686;547;12072;12308;4.53;0.28;359.93;19.30;1386;43;4228.00;236
10690;35;22880803;10690;548;12073;12308;4.46;0.27;359.99;19.30;1383;43;4229.00;235
10696;35;22880827;10696;559;12078;12314;4.46;0.27;360.07;19.30;1382;43;4230.00;236
10698;35;22880847;10698;568;12078;12314;4.45;0.27;360.12;19.30;1380;43;4231.00;236
10702;35;22880868;10702;574;12079;12314;4.42;0.27;360.23;19.29;1377;43;4232.00;235
10709;35;22880899;10709;577;12079;12314;4.38;0.27;360.34;19.29;1370;43;4233.00;235
10711;35;22880923;10711;578;12084;12320;4.37;0.27;360.42;19.29;1373;43;4234.00;236
10715;35;22880945;10715;583;12085;12320;4.36;0.27;360.41;19.29;1370;43;4235.00;235
10718;35;22880968;10718;583;12085;12320;4.35;0.26;360.42;19.29;1367;43;4236.00;235
10719;35;22880991;10719;585;12085;12320;4.36;0.27;360.46;19.29;1366;43;4237.00;235
10721;35;22881020;10721;583;12088;12324;4.40;0.27;360.49;19.28;1367;43;4238.00;236
10725;35;22881045;10725;582;12089;12325;4.36;0.27;360.48;19.28;1364;43;4239.00;236
10728;35;22881071;10728;586;12089;12325;4.32;0.26;360.60;19.28;1361;43;4240.00;236
10732;35;22881090;10732;582;12091;12326;4.25;0.26;360.77;19.28;1359;43;4241.00;235
10735;35;22881108;10735;575;12091;12326;4.17;0.25;360.85;19.28;1356;43;4242.00;235
10739;35;22881125;10739;586;12091;12326;4.07;0.25;360.94;19.28;1352;43;4243.00;235
10742;35;22881147;10742;589;12091;12326;3.98;0.24;361.04;19.28;1349;43;4244.00;235
10745;35;22881172;10745;589;12091;12326;3.89;0.24;361.09;19.28;1346;43;4245.00;235
10749;35;22881196;10749;606;12092;12326;3.77;0.23;361.16;19.28;1343;43;4246.00;234
10753;35;22881215;10753;588;12092;12326;3.72;0.23;361.24;19.28;1339;43;4247.00;234
10757;35;22881235;10757;592;12131;12396;3.82;0.23;361.39;19.22;1374;43;4248.00;265
10760;35;22881261;10760;589;12132;12397;3.81;0.23;361.39;19.22;1372;43;4249.00;265
10766;35;22881279;10766;576;12137;12397;3.85;0.23;361.52;19.21;1371;43;4250.00;260
10768;35;22881299;10768;584;12137;12397;3.87;0.24;361.53;19.21;1369;43;4251.00;260
10771;35;22881318;10771;586;12143;12397;3.94;0.24;361.54;19.21;1372;43;4252.00;254
10774;35;22881336;10774;579;12143;12397;3.95;0.24;361.51;19.21;1369;43;4253.00;254
10776;35;22881358;10776;584;12148;12397;4.02;0.24;361.55;19.21;1372;43;4254.00;249
10776;35;22881380;10776;594;12151;12397;4.08;0.25;361.55;19.21;1375;43;4255.00;246
10779;35;22881401;10779;589;12154;12398;4.09;0.25;361.60;19.20;1375;43;4256.00;244
10780;35;22881421;10780;592;12157;12399;4.10;0.25;361.60;19.20;1377;43;4257.00;242
10784;35;22881438;10784;589;12160;12399;4.12;0.25;361.66;19.20;1376;43;4258.00;239
10789;35;22881457;10789;599;12164;12403;4.12;0.25;361.99;19.19;1375;43;4259.00;239
10790;35;22881478;10790;603;12164;12403;4.17;0.25;361.98;19.19;1374;43;4260.00;239
10792;35;22881498;10792;612;12164;12403;4.16;0.25;362.07;19.19;1372;43;4261.00;239
10794;35;22881518;10794;606;12164;12403;4.17;0.25;362.13;19.19;1370;43;4262.00;239
10797;35;22881542;10797;609;12169;12409;4.19;0.25;362.24;19.18;1372;43;4263.00;240
10801;35;22881560;10801;608;12169;12409;4.17;0.25;362.41;19.18;1368;43;4264.00;240
10803;35;22881584;10803;609;12169;12409;4.17;0.25;362.48;19.18;1366;43;4265.00;240
10804;35;22881601;10804;616;12171;12412;4.19;0.25;362.57;19.18;1367;43;4266.00;241
10806;35;22881618;10806;618;12171;12412;4.19;0.26;362.61;19.18;1365;43;4267.00;241
10807;35;22881638;10807;611;12172;12412;4.15;0.25;362.65;19.18;1365;43;4268.00;240
10812;35;22881655;10812;614;12172;12413;4.12;0.25;362.86;19.18;1360;43;4269.00;241
10814;35;22881676;10814;605;12173;12414;4.10;0.25;362.85;19.18;1359;43;4270.00;241
10815;35;22881698;10815;586;12173;12414;4.07;0.25;362.85;19.18;1358;43;4271.00;241
10817;35;22881717;10817;586;12182;12427;4.09;0.25;362.85;19.16;1365;43;4272.00;245
10818;35;22881738;10818;573;12182;12427;4.07;0.25;362.82;19.16;1364;43;4273.00;245
10820;35;22881758;10820;568;12182;12427;4.04;0.25;362.79;19.16;1362;43;4274.00;245
10821;35;22881778;10821;561;12184;12429;4.03;0.25;362.78;19.16;1363;43;4275.00;245
10823;35;22881797;10823;567;12184;12429;4.00;0.24;362.79;19.16;1361;43;4276.00;245
10826;35;22881816;10826;556;12188;12433;4.03;0.25;362.77;19.16;1362;43;4277.00;245
10827;35;22881837;10827;554;12188;12433;4.04;0.25;362.74;19.16;1361;43;4278.00;245
10828;35;22881856;10828;563;12191;12437;4.08;0.25;362.74;19.15;1363;43;4279.00;246
10828;35;22881873;10828;562;12191;12437;4.12;0.25;362.74;19.15;1363;43;4280.00;246
10829;35;22881889;10829;562;12191;12437;4.15;0.25;362.74;19.15;1362;43;4281.00;246
10830;35;22881905;10830;564;12191;12437;4.15;0.25;362.72;19.15;1361;43;4282.00;246
10833;35;22881922;10833;559;12191;12437;4.15;0.25;362.67;19.15;1358;43;4283.00;246
10837;35;22881940;10837;564;12200;12449;4.15;0.25;362.59;19.14;1363;43;4284.00;249
10839;35;22881957;10839;566;12200;12449;4.13;0.25;362.57;19.14;1361;43;4285.00;249
10840;35;22881974;10840;568;12202;12449;4.17;0.25;362.55;19.13;1362;43;4286.00;247
10843;35;22881991;10843;585;12202;12449;4.13;0.25;362.58;19.13;1359;43;4287.00;247
10846;35;22882020;10846;578;12202;12449;4.11;0.25;362.58;19.13;1356;43;4288.00;247
10848;35;22882048;10848;588;12202;12449;4.08;0.25;362.54;19.13;1354;43;4289.00;247
10848;35;22882080;10848;583;12202;12450;4.08;0.25;362.54;19.13;1354;43;4290.00;248
10849;35;22882107;10849;585;12202;12450;4.08;0.25;362.51;19.13;1353;43;4291.00;248
10850;35;22882129;10850;577;12207;12456;4.11;0.25;362.48;19.13;1357;43;4292.00;249
10851;35;22882154;10851;580;12208;12457;4.12;0.25;362.51;19.12;1357;43;4293.00;249
10854;35;22882177;10854;579;12208;12457;4.05;0.25;362.48;19.12;1354;43;4294.00;249
10856;35;22882202;10856;576;12208;12457;4.04;0.24;362.51;19.12;1352;43;4295.00;249
10857;35;22882224;10857;577;12210;12461;4.05;0.25;362.52;19.12;1353;43;4296.00;251
10858;35;22882256;10858;574;12210;12461;4.06;0.25;362.50;19.12;1352;43;4297.00;251
10860;35;22882278;10860;568;12211;12461;4.09;0.25;362.51;19.18;1351;43;4298.00;250
10860;35;22882298;10860;569;12212;12462;4.13;0.25;362.51;19.18;1352;43;4299.00;250
10863;35;22882317;10863;572;12215;12466;4.12;0.25;362.48;19.17;1352;43;4300.00;251
10866;35;22882345;10866;577;12215;12466;4.10;0.25;362.48;19.17;1349;43;4301.00;251
10868;35;22882362;10868;585;12217;12469;4.11;0.25;362.61;19.17;1349;43;4302.00;252
10869;35;22882379;10869;583;12218;12469;4.11;0.25;362.61;19.17;1349;43;4303.00;251
10871;35;22882396;10871;579;12218;12469;4.07;0.25;362.61;19.17;1347;43;4304.00;251
10878;35;22882412;10878;569;12220;12469;4.02;0.24;362.52;19.29;1342;43;4305.00;249
10880;35;22882433;10880;556;12224;12473;4.08;0.25;362.52;19.29;1344;43;4306.00;249
10882;35;22882458;10882;541;12224;12473;4.09;0.25;362.49;19.29;1342;43;4307.00;249
10885;35;22882482;10885;531;12224;12473;4.13;0.25;362.47;19.29;1339;43;4308.00;249
10886;35;22882502;10886;520;12224;12473;4.18;0.25;362.46;19.29;1338;43;4309.00;249
10886;35;22882519;10886;517;12224;12474;4.25;0.26;362.46;19.29;1338;43;4310.00;250
10887;35;22882537;10887;510;12225;12475;4.29;0.26;362.55;19.28;1338;43;4311.00;250
10887;35;22882559;10887;513;12226;12475;4.32;0.26;362.55;19.29;1339;43;4312.00;249
10888;35;22882579;10888;506;12227;12476;4.36;0.26;362.57;19.29;1339;43;4313.00;249
10888;35;22882596;10888;515;12227;12476;4.37;0.26;362.57;19.29;1339;43;4314.00;249
10888;35;22882615;10888;518;12227;12476;4.44;0.27;362.57;19.29;1339;43;4315.00;249
10889;35;22882637;10889;525;12228;12476;4.50;0.27;362.55;19.29;1339;43;4316.00;248
10893;35;22882661;10893;524;12229;12476;4.50;0.27;362.53;19.30;1336;43;4317.00;247
10895;35;22882681;10895;533;12229;12476;4.50;0.27;362.57;19.30;1334;43;4318.00;247
10895;36;22882698;10895;526;12229;12476;4.51;0.27;362.57;19.30;1334;44;4319.00;247
10897;36;22882729;10897;558;12322;12706;4.84;0.30;362.53;19.15;1425;44;4320.00;384
10897;36;22882766;10897;560;12325;12707;4.85;0.30;362.53;19.15;1428;44;4321.00;382
10898;36;22882786;10898;551;12338;12707;4.92;0.31;362.50;19.14;1440;44;4322.00;369
10900;36;22882805;10900;542;12344;12707;4.94;0.31;362.45;19.13;1444;44;4323.00;363
10900;36;22882821;10900;541;12353;12707;4.96;0.31;362.45;19.12;1453;44;4324.00;354
10904;36;22882837;10904;540;12357;12707;4.93;0.31;362.40;19.11;1453;44;4325.00;350
10904;36;22882862;10904;535;12363;12707;4.94;0.31;362.40;19.11;1459;44;4326.00;344
10907;36;22882881;10907;543;12368;12707;4.92;0.30;362.43;19.10;1461;44;4327.00;339
10909;36;22882915;10909;555;12376;12708;4.94;0.31;362.41;19.10;1467;44;4328.00;332
10911;36;22882939;10911;555;12382;12709;4.96;0.31;362.42;19.09;1471;44;4329.00;327
10911;36;22882965;10911;556;12388;12709;5.00;0.31;362.42;19.15;1477;44;4330.00;321
10913;36;22882993;10913;558;12394;12710;4.96;0.31;362.44;19.15;1481;44;4331.00;316
10916;36;22883028;10916;563;12397;12710;4.90;0.30;362.42;19.15;1481;44;4332.00;313
10918;36;22883051;10918;570;12405;12710;4.88;0.30;362.42;19.21;1487;44;4333.00;305
10922;36;22883077;10922;578;12408;12710;4.77;0.29;362.44;19.20;1486;44;4334.00;302
10923;36;22883105;10923;584;12412;12714;4.71;0.29;362.53;19.33;1489;44;4335.00;302
10926;36;22883137;10926;597;12416;12714;4.70;0.29;362.51;19.32;1490;44;4336.00;298
10928;36;22883171;10928;601;12418;12714;4.64;0.28;362.49;19.32;1490;44;4337.00;296
10932;36;22883196;10932;607;12423;12717;4.60;0.28;362.56;19.44;1491;44;4338.00;294
10935;37;22883231;10935;612;12425;12717;4.56;0.28;362.69;19.51;1490;45;4339.00;292
10935;37;22883278;10935;611;12426;12717;4.57;0.28;362.69;19.57;1491;45;4340.00;291
10938;37;22883307;10938;618;12429;12721;4.55;0.28;362.77;19.56;1491;45;4341.00;292
10939;37;22883334;10939;629;12431;12722;4.58;0.28;362.86;19.56;1492;45;4342.00;291
10941;37;22883357;10941;638;12434;12722;4.61;0.28;362.90;19.68;1493;45;4343.00;288
10942;37;22883387;10942;642;12439;12726;4.67;0.29;362.99;19.68;1497;45;4344.00;287
10944;37;22883408;10944;643;12441;12726;4.70;0.29;363.02;19.80;1497;45;4345.00;285
10944;37;22883430;10944;646;12444;12726;4.73;0.29;363.02;19.80;1500;45;4346.00;282
10945;37;22883450;10945;639;12445;12727;4.76;0.29;363.04;19.80;1500;45;4347.00;282
10949;37;22883474;10949;641;12447;12727;4.72;0.29;363.04;19.92;1498;45;4348.00;280
10950;37;22883491;10950;643;12452;12733;4.76;0.29;363.12;19.91;1502;45;4349.00;281
10951;37;22883510;10951;645;12455;12733;4.74;0.29;363.15;19.91;1504;45;4350.00;278
10955;37;22883528;10955;646;12458;12734;4.67;0.29;363.19;20.03;1503;45;4351.00;276
10959;37;22883546;10959;649;12460;12734;4.63;0.28;363.24;20.03;1501;45;4352.00;274
10960;37;22883565;10960;652;12463;12734;4.61;0.28;363.32;20.15;1503;45;4353.00;271
10962;37;22883588;10962;656;12463;12734;4.61;0.28;363.39;20.15;1501;45;4354.00;271
10965;37;22883605;10965;654;12466;12734;4.60;0.28;363.36;20.21;1501;45;4355.00;268
10966;37;22883622;10966;662;12477;12746;4.64;0.28;363.43;20.25;1511;45;4356.00;269
10968;37;22883640;10968;664;12478;12746;4.63;0.28;363.46;20.25;1510;45;4357.00;268
10971;37;22883657;10971;669;12480;12746;4.61;0.28;363.54;20.31;1509;45;4358.00;266
10972;37;22883675;10972;668;12482;12746;4.61;0.28;363.57;20.37;1510;45;4359.00;264
10973;37;22883692;10973;672;12483;12746;4.64;0.28;363.56;20.37;1510;45;4360.00;263
10977;37;22883712;10977;672;12484;12746;4.62;0.28;363.61;20.37;1507;45;4361.00;262
10982;37;22883729;10982;682;12488;12750;4.59;0.28;363.64;20.37;1506;45;4362.00;262
10983;37;22883747;10983;693;12488;12750;4.56;0.28;363.62;20.37;1505;45;4363.00;262
10986;37;22883767;10986;690;12493;12754;4.56;0.28;363.69;20.37;1507;45;4364.00;261
10988;37;22883785;10988;694;12495;12756;4.51;0.28;363.69;20.36;1507;45;4365.00;261
10990;37;22883803;10990;697;12496;12756;4.47;0.27;363.67;20.37;1506;45;4366.00;260
10994;37;22883820;10994;703;12498;12756;4.42;0.27;363.70;20.37;1504;45;4367.00;258
10997;37;22883843;10997;707;12507;12769;4.37;0.27;363.72;20.35;1510;45;4368.00;262
11001;37;22883868;11001;707;12508;12769;4.32;0.26;363.78;20.36;1507;45;4369.00;261
11005;37;22883891;11005;710;12508;12769;4.27;0.26;363.90;20.36;1503;45;4370.00;261
11006;37;22883914;11006;706;12511;12770;4.26;0.26;363.94;20.35;1505;45;4371.00;259
11013;37;22883936;11013;705;12511;12771;4.18;0.26;364.11;20.35;1498;45;4372.00;260
11014;37;22883957;11014;707;12511;12771;4.16;0.25;364.11;20.35;1497;45;4373.00;260
11016;37;22883984;11016;711;12514;12774;4.12;0.25;364.16;20.35;1498;45;4374.00;260
11022;37;22884010;11022;698;12514;12774;4.05;0.25;364.27;20.35;1492;45;4375.00;260
11025;37;22884034;11025;690;12514;12774;4.03;0.25;364.35;20.35;1489;45;4376.00;260
11030;37;22884056;11030;687;12514;12774;4.00;0.25;364.46;20.35;1484;45;4377.00;260
11033;37;22884073;11033;687;12519;12780;4.03;0.25;364.45;20.34;1486;45;4378.00;261
11035;37;22884090;11035;684;12519;12780;4.01;0.25;364.42;20.34;1484;45;4379.00;261
11037;37;22884108;11037;675;12519;12780;4.03;0.25;364.49;20.34;1482;45;4380.00;261
11041;37;22884125;11041;660;12519;12780;4.03;0.25;364.46;20.34;1478;45;4381.00;261
11045;37;22884146;11045;645;12522;12784;4.03;0.25;364.56;20.33;1477;45;4382.00;262
11048;37;22884167;11048;627;12523;12785;4.07;0.25;364.76;20.33;1475;45;4383.00;262
11049;37;22884189;11049;621;12523;12785;4.11;0.25;364.77;20.33;1474;45;4384.00;262
11051;37;22884209;11051;622;12524;12786;4.15;0.26;364.72;20.33;1473;45;4385.00;262
11058;37;22884230;11058;616;12524;12786;4.12;0.25;364.76;20.33;1466;45;4386.00;262
11062;37;22884249;11062;615;12524;12786;4.13;0.25;364.92;20.33;1462;45;4387.00;262
11062;37;22884266;11062;611;12524;12786;4.18;0.26;364.92;20.33;1462;45;4388.00;262
11064;37;22884283;11064;610;12524;12786;4.19;0.26;365.01;20.33;1460;45;4389.00;262
11068;37;22884300;11068;612;12524;12786;4.20;0.26;365.20;20.33;1456;45;4390.00;262
11070;37;22884317;11070;614;12524;12786;4.22;0.26;365.16;20.33;1454;45;4391.00;262
11076;37;22884333;11076;626;12562;12856;4.31;0.27;365.21;20.27;1486;45;4392.00;294
11080;37;22884356;11080;623;12564;12857;4.30;0.26;365.15;20.27;1484;45;4393.00;293
11083;37;22884374;11083;618;12567;12857;4.33;0.27;365.13;20.26;1484;45;4394.00;290
11087;37;22884390;11087;613;12568;12857;4.33;0.27;365.14;20.26;1481;45;4395.00;289
11093;37;22884407;11093;618;12572;12857;4.31;0.26;365.29;20.26;1479;45;4396.00;285
11098;37;22884424;11098;616;12574;12857;4.27;0.26;365.30;20.25;1476;45;4397.00;283
11102;37;22884441;11102;618;12576;12857;4.22;0.26;365.39;20.25;1474;45;4398.00;281
11109;37;22884457;11109;617;12579;12857;4.13;0.25;365.38;20.25;1470;45;4399.00;278
11115;37;22884475;11115;620;12581;12858;4.05;0.25;365.41;20.24;1466;45;4400.00;277
11118;37;22884496;11118;627;12583;12859;4.02;0.25;365.46;20.24;1465;45;4401.00;276
11122;37;22884514;11122;623;12583;12859;3.98;0.24;365.51;20.24;1461;45;4402.00;276
11127;37;22884531;11127;621;12586;12863;3.97;0.24;365.59;20.24;1459;45;4403.00;277
11131;37;22884548;11131;625;12587;12863;3.95;0.24;365.64;20.24;1456;45;4404.00;276
11136;37;22884565;11136;621;12588;12863;3.95;0.24;365.73;20.24;1452;45;4405.00;275
11139;37;22884581;11139;620;12588;12863;3.95;0.24;365.72;20.24;1449;45;4406.00;275
11145;37;22884597;11145;616;12594;12869;3.97;0.24;365.81;20.23;1449;45;4407.00;275
11150;37;22884614;11150;614;12594;12869;3.93;0.24;365.91;20.23;1444;45;4408.00;275
11153;37;22884632;11153;616;12595;12869;3.95;0.24;365.94;20.23;1442;45;4409.00;274
11156;37;22884653;11156;616;12599;12875;3.98;0.24;366.01;20.22;1443;45;4410.00;276
11158;37;22884670;11158;618;12600;12875;3.95;0.24;366.04;20.22;1442;45;4411.00;275
11162;37;22884686;11162;623;12602;12875;3.88;0.24;366.11;20.22;1440;45;4412.00;273
11162;37;22884702;11162;620;12602;12876;3.86;0.24;366.11;20.22;1440;45;4413.00;274
11165;37;22884717;11165;627;12603;12877;3.80;0.23;366.25;20.22;1438;45;4414.00;274
11170;37;22884733;11170;619;12605;12877;3.73;0.23;366.23;20.22;1435;45;4415.00;272
11173;37;22884748;11173;621;12616;12890;3.78;0.23;366.28;20.20;1443;45;4416.00;274
11176;37;22884765;11176;620;12616;12890;3.70;0.22;366.35;20.20;1440;45;4417.00;274
11178;37;22884780;11178;618;12617;12890;3.67;0.22;366.37;20.20;1439;45;4418.00;273
11181;37;22884796;11181;620;12619;12891;3.61;0.22;366.43;20.20;1438;45;4419.00;272
11183;37;22884811;11183;633;12619;12891;3.55;0.22;366.47;20.20;1436;45;4420.00;272
11186;37;22884828;11186;640;12623;12895;3.52;0.21;366.52;20.19;1437;45;4421.00;272
11187;37;22884844;11187;632;12623;12895;3.49;0.21;366.51;20.19;1436;45;4422.00;272
11190;37;22884859;11190;622;12626;12899;3.47;0.21;366.54;20.19;1436;45;4423.00;273
11192;37;22884876;11192;621;12626;12899;3.43;0.21;366.52;20.19;1434;45;4424.00;273
11198;37;22884892;11198;621;12626;12899;3.40;0.21;366.40;20.19;1428;45;4425.00;273
11200;37;22884908;11200;623;12626;12899;3.36;0.20;366.40;20.19;1426;45;4426.00;273
11202;37;22884923;11202;621;12626;12899;3.38;0.20;366.43;20.19;1424;45;4427.00;273
11202;37;22884938;11202;629;12636;12911;3.47;0.21;366.43;20.17;1434;45;4428.00;275
11204;37;22884955;11204;626;12636;12911;3.50;0.21;366.44;20.17;1432;45;4429.00;275
11204;37;22884978;11204;639;12637;12911;3.54;0.22;366.44;20.17;1433;45;4430.00;274
11205;37;22884995;11205;631;12637;12911;3.57;0.22;366.42;20.17;1432;45;4431.00;274
11206;37;22885017;11206;622;12637;12911;3.58;0.22;366.42;20.17;1431;45;4432.00;274
11207;37;22885036;11207;611;12637;12911;3.61;0.22;366.40;20.17;1430;45;4433.00;274
11208;37;22885054;11208;609;12637;12912;3.65;0.22;366.46;20.17;1429;45;4434.00;275
11208;37;22885074;11208;606;12637;12912;3.70;0.23;366.46;20.17;1429;45;4435.00;275
11208;37;22885090;11208;607;12642;12918;3.80;0.23;366.46;20.16;1434;45;4436.00;276
11211;37;22885107;11211;611;12643;12919;3.85;0.24;366.39;20.16;1432;45;4437.00;276
11211;37;22885123;11211;613;12643;12919;3.92;0.24;366.39;20.16;1432;45;4438.00;276
11212;37;22885140;11212;616;12643;12919;3.92;0.24;366.37;20.16;1431;45;4439.00;276
11214;37;22885158;11214;618;12647;12924;3.94;0.24;366.32;20.16;1433;45;4440.00;277
11215;37;22885174;11215;617;12647;12924;3.97;0.24;366.36;20.16;1432;45;4441.00;277
11216;37;22885191;11216;611;12647;12924;4.01;0.24;366.38;20.16;1431;45;4442.00;277
11216;37;22885207;11216;622;12648;12925;4.08;0.25;366.38;20.15;1432;45;4443.00;277
11220;37;22885223;11220;617;12651;12929;4.09;0.25;366.30;20.15;1431;45;4444.00;278
11221;37;22885240;11221;618;12651;12929;4.10;0.25;366.28;20.15;1430;45;4445.00;278
11223;37;22885259;11223;611;12653;12932;4.10;0.25;366.23;20.15;1430;45;4446.00;279
11227;37;22885279;11227;612;12653;12932;4.07;0.25;366.25;20.15;1426;45;4447.00;279
11229;37;22885296;11229;615;12654;12932;4.07;0.25;366.23;20.15;1425;45;4448.00;278
11230;37;22885312;11230;611;12654;12932;4.08;0.25;366.25;20.15;1424;45;4449.00;278
11234;37;22885327;11234;612;12658;12936;4.07;0.25;366.31;20.14;1424;45;4450.00;278
11236;37;22885344;11236;619;12658;12936;4.06;0.25;366.27;20.14;1422;45;4451.00;278
11238;37;22885361;11238;613;12658;12936;4.03;0.24;366.26;20.14;1420;45;4452.00;278
11239;37;22885377;11239;618;12658;12936;4.01;0.24;366.24;20.14;1419;45;4453.00;278
11241;37;22885393;11241;619;12658;12937;3.97;0.24;366.28;20.14;1417;45;4454.00;279
11243;37;22885408;11243;619;12660;12939;3.93;0.24;366.22;20.14;1417;45;4455.00;279
11244;37;22885425;11244;623;12660;12939;3.88;0.24;366.21;20.14;1416;45;4456.00;279
11247;37;22885441;11247;619;12661;12940;3.82;0.23;366.19;20.13;1414;45;4457.00;279
11249;37;22885456;11249;628;12661;12940;3.77;0.23;366.23;20.13;1412;45;4458.00;279
11251;37;22885471;11251;625;12661;12940;3.73;0.23;366.22;20.13;1410;45;4459.00;279
11254;37;22885487;11254;627;12661;12940;3.68;0.22;366.22;20.13;1407;45;4460.00;279
11254;37;22885502;11254;631;12661;12940;3.67;0.22;366.22;20.13;1407;45;4461.00;279
11254;37;22885518;11254;633;12661;12940;3.68;0.22;366.22;20.13;1407;45;4462.00;279
11254;37;22885533;11254;612;12661;12940;3.69;0.22;366.22;20.13;1407;45;4463.00;279
11255;37;22885549;11255;639;12730;13067;3.94;0.24;366.27;20.03;1475;45;4464.00;337
11255;37;22885576;11255;612;12730;13068;3.96;0.24;366.27;20.03;1475;45;4465.00;338
11257;37;22885592;11257;596;12737;13068;4.03;0.25;366.27;20.02;1480;45;4466.00;331
11258;37;22885609;11258;577;12738;13068;4.10;0.25;366.25;20.01;1480;45;4467.00;330
11258;37;22885625;11258;570;12744;13068;4.18;0.26;366.25;20.01;1486;45;4468.00;324
11261;37;22885642;11261;555;12748;13068;4.25;0.26;366.32;20.00;1487;45;4469.00;320
11261;37;22885660;11261;552;12750;13068;4.32;0.27;366.32;20.00;1489;45;4470.00;318
11261;37;22885677;11261;549;12753;13068;4.44;0.27;366.32;20.00;1492;45;4471.00;315
11262;37;22885695;11262;554;12756;13069;4.50;0.28;366.33;19.99;1494;45;4472.00;313
11266;37;22885719;11266;540;12758;13070;4.57;0.28;366.38;19.99;1492;45;4473.00;312
11266;37;22885737;11266;542;12763;13070;4.65;0.28;366.38;20.06;1497;45;4474.00;307
11271;37;22885755;11271;533;12766;13071;4.69;0.29;366.35;20.05;1495;45;4475.00;305
11273;37;22885773;11273;523;12769;13071;4.71;0.29;366.38;20.05;1496;45;4476.00;302
11275;37;22885791;11275;516;12770;13071;4.74;0.29;366.38;20.05;1495;45;4477.00;301
11278;37;22885815;11278;514;12774;13071;4.70;0.29;366.35;20.05;1496;45;4478.00;297
11279;37;22885831;11279;513;12776;13075;4.71;0.29;366.34;20.05;1497;45;4479.00;299
11282;37;22885851;11282;509;12781;13075;4.65;0.28;366.34;20.18;1499;45;4480.00;294
11285;37;22885873;11285;505;12781;13075;4.62;0.28;366.39;20.18;1496;45;4481.00;294
11286;37;22885890;11286;511;12784;13078;4.63;0.28;366.38;20.18;1498;45;4482.00;294
11289;37;22885909;11289;496;12786;13078;4.66;0.28;366.37;20.18;1497;45;4483.00;292
11290;37;22885927;11290;499;12788;13078;4.71;0.29;366.37;20.17;1498;45;4484.00;290
11293;37;22885945;11293;499;12791;13082;4.68;0.29;366.49;20.17;1498;45;4485.00;291
11297;37;22885963;11297;496;12793;13083;4.74;0.29;366.53;20.17;1496;45;4486.00;290
11300;37;22885981;11300;496;12793;13083;4.74;0.29;366.61;20.17;1493;45;4487.00;290
11303;37;22885999;11303;494;12796;13087;4.75;0.29;366.67;20.16;1493;45;4488.00;291
11304;37;22886021;11304;494;12796;13087;4.75;0.29;366.67;20.16;1492;45;4489.00;291
11307;37;22886039;11307;496;12797;13087;4.76;0.29;366.67;20.23;1490;45;4490.00;290
11311;37;22886056;11311;501;12798;13088;4.75;0.29;366.67;20.23;1487;45;4491.00;290
11312;37;22886073;11312;504;12798;13088;4.76;0.29;366.65;20.23;1486;45;4492.00;290
11315;37;22886090;11315;506;12802;13094;4.77;0.29;366.63;20.22;1487;45;4493.00;292
11319;37;22886109;11319;507;12802;13094;4.72;0.29;366.63;20.22;1483;45;4494.00;292
11320;37;22886134;11320;505;12802;13095;4.66;0.28;366.61;20.22;1482;45;4495.00;293
11322;37;22886176;11322;507;12802;13095;4.62;0.28;366.59;20.22;1480;45;4496.00;293
11325;37;22886219;11325;508;12803;13095;4.60;0.28;366.60;20.22;1478;45;4497.00;292
11329;37;22886266;11329;508;12804;13095;4.57;0.28;366.62;20.22;1475;45;4498.00;291
11331;37;22886298;11331;505;12804;13095;4.62;0.28;366.62;20.22;1473;45;4499.00;291
11333;37;22886336;11333;514;12827;13145;4.77;0.29;366.61;20.19;1494;45;4500.00;318
11335;37;22886399;11335;521;12828;13147;4.81;0.29;366.59;20.18;1493;45;4501.00;319
11337;37;22886432;11337;525;12832;13147;4.86;0.30;366.64;20.18;1495;45;4502.00;315
11338;37;22886466;11338;532;12833;13147;4.90;0.30;366.62;20.18;1495;45;4503.00;314
11340;37;22886493;11340;535;12835;13147;4.94;0.30;366.64;20.17;1495;45;4504.00;312
11342;37;22886526;11342;538;12837;13147;4.95;0.30;366.63;20.24;1495;45;4505.00;310
11344;37;22886564;11344;536;12843;13151;4.97;0.30;366.69;20.23;1499;45;4506.00;308
11348;37;22886596;11348;542;12844;13151;4.98;0.30;366.79;20.30;1496;45;4507.00;307
11348;37;22886623;11348;545;12848;13155;5.01;0.31;366.79;20.37;1500;45;4508.00;307
11351;37;22886655;11351;555;12851;13156;4.99;0.30;366.93;20.43;1500;45;4509.00;305
11353;37;22886692;11353;558;12851;13156;4.96;0.30;366.94;20.43;1498;45;4510.00;305
11357;37;22886736;11357;561;12852;13156;4.86;0.30;366.93;20.43;1495;45;4511.00;304
11358;37;22886758;11358;564;12864;13169;4.85;0.30;366.97;20.48;1506;45;4512.00;305
11361;37;22886787;11361;565;12866;13169;4.77;0.29;366.96;20.62;1505;45;4513.00;303
11364;37;22886813;11364;571;12867;13169;4.71;0.29;367.06;20.68;1503;45;4514.00;302
11364;37;22886843;11364;580;12870;13170;4.67;0.29;367.06;20.81;1506;45;4515.00;300
11366;37;22886877;11366;590;12871;13171;4.60;0.28;367.10;20.81;1505;45;4516.00;300
11366;37;22886904;11366;593;12873;13171;4.55;0.28;367.10;20.88;1507;45;4517.00;298
11367;37;22886930;11367;590;12877;13174;4.53;0.28;367.09;21.00;1510;45;4518.00;297
11372;37;22886954;11372;596;12877;13174;4.47;0.27;367.25;21.00;1505;45;4519.00;297
11374;37;22886973;11374;595;12879;13174;4.46;0.27;367.23;21.07;1505;45;4520.00;295
11378;37;22887000;11378;596;12882;13174;4.43;0.27;367.18;21.26;1504;45;4521.00;292
11381;37;22887033;11381;605;12887;13180;4.44;0.27;367.29;21.25;1506;45;4522.00;293
11381;37;22887064;11381;603;12889;13180;4.41;0.27;367.29;21.32;1508;45;4523.00;291
11383;37;22887092;11383;604;12890;13180;4.36;0.27;367.39;21.38;1507;45;4524.00;290
11386;37;22887118;11386;593;12890;13180;4.31;0.26;367.51;21.38;1504;45;4525.00;290
11389;37;22887148;11389;603;12896;13184;4.25;0.26;367.55;21.56;1507;45;4526.00;288
11392;37;22887174;11392;598;12897;13185;4.23;0.26;367.50;21.56;1505;45;4527.00;288
11396;37;22887205;11396;606;12899;13185;4.19;0.25;367.66;21.56;1503;45;4528.00;286
11401;37;22887242;11401;597;12900;13186;4.21;0.26;367.81;21.56;1499;45;4529.00;286
11402;37;22887278;11402;604;12900;13186;4.23;0.26;367.87;21.56;1498;45;4530.00;286
11405;37;22887303;11405;600;12904;13186;4.21;0.26;367.94;21.81;1499;45;4531.00;282
11407;37;22887328;11407;599;12904;13186;4.23;0.26;368.06;21.81;1497;45;4532.00;282
11409;37;22887357;11409;597;12905;13186;4.23;0.26;368.05;21.87;1496;45;4533.00;281
11413;37;22887382;11413;603;12907;13186;4.24;0.26;368.11;21.87;1494;45;4534.00;279
11416;37;22887406;11416;598;12909;13186;4.26;0.26;368.18;22.00;1493;45;4535.00;277
11419;37;22887430;11419;607;12947;13256;4.40;0.27;368.19;21.99;1528;45;4536.00;309
11422;37;22887460;11422;605;12950;13257;4.37;0.27;368.23;21.99;1528;45;4537.00;307
11425;37;22887487;11425;602;12957;13257;4.39;0.27;368.30;22.04;1532;45;4538.00;300
11428;37;22887513;11428;609;12963;13257;4.41;0.27;368.24;22.04;1535;45;4539.00;294
11430;37;22887542;11430;606;12969;13257;4.37;0.27;368.28;22.09;1539;45;4540.00;288
11434;37;22887581;11434;610;12971;13257;4.30;0.26;368.32;22.15;1537;45;4541.00;286
11435;37;22887607;11435;611;12974;13257;4.29;0.26;368.34;22.14;1539;45;4542.00;283
11439;37;22887633;11439;620;12975;13257;4.25;0.26;368.43;22.20;1536;45;4543.00;282
11444;37;22887667;11444;629;12979;13258;4.23;0.26;368.45;22.26;1535;45;4544.00;279
11448;37;22887702;11448;636;12982;13260;4.20;0.26;368.49;22.26;1534;45;4545.00;278
11451;37;22887731;11451;635;12988;13260;4.16;0.25;368.53;22.37;1537;45;4546.00;272
11456;37;22887755;11456;648;12990;13264;4.02;0.24;368.53;22.36;1534;45;4547.00;274
11458;37;22887783;11458;658;12991;13264;3.91;0.24;368.54;22.36;1533;45;4548.00;273
11462;37;22887804;11462;669;12991;13264;3.78;0.23;368.59;22.36;1529;45;4549.00;273
11464;37;22887824;11464;662;12991;13264;3.69;0.23;368.64;22.36;1527;45;4550.00;273
11465;37;22887848;11465;660;12995;13270;3.66;0.22;368.65;22.36;1530;45;4551.00;275
11469;37;22887871;11469;667;12995;13270;3.59;0.22;368.67;22.36;1526;45;4552.00;275
11473;37;22887891;11473;666;12995;13270;3.52;0.22;368.75;22.36;1522;45;4553.00;275
11476;37;22887910;11476;671;12997;13273;3.47;0.21;368.74;22.35;1521;45;4554.00;276
11477;37;22887928;11477;671;12997;13273;3.50;0.21;368.76;22.35;1520;45;4555.00;276
11482;37;22887945;11482;672;12998;13273;3.48;0.21;368.74;22.35;1516;45;4556.00;275
11484;37;22887967;11484;658;12999;13274;3.47;0.21;368.76;22.35;1515;45;4557.00;275
11484;37;22887984;11484;656;13000;13275;3.48;0.21;368.76;22.35;1516;45;4558.00;275
11487;37;22888001;11487;655;13000;13275;3.45;0.21;368.82;22.35;1513;45;4559.00;275
11489;37;22888021;11489;657;13016;13301;3.56;0.22;368.85;22.32;1527;45;4560.00;285
11491;37;22888040;11491;652;13017;13301;3.57;0.22;368.88;22.32;1526;45;4561.00;284
11497;37;22888057;11497;658;13019;13301;3.55;0.22;368.90;22.32;1522;45;4562.00;282
11501;37;22888074;11501;651;13021;13302;3.56;0.22;368.94;22.31;1520;45;4563.00;281
11506;37;22888094;11506;649;13022;13302;3.53;0.22;369.00;22.31;1516;45;4564.00;280
11509;37;22888114;11509;647;13025;13306;3.48;0.21;369.03;22.31;1516;45;4565.00;281
11511;37;22888146;11511;642;13025;13306;3.46;0.21;369.06;22.31;1514;45;4566.00;281
11514;37;22888177;11514;647;13027;13310;3.43;0.21;369.13;22.30;1513;45;4567.00;283
11518;37;22888212;11518;652;13029;13310;3.40;0.21;369.11;22.30;1511;45;4568.00;281
11525;37;22888234;11525;652;13029;13310;3.34;0.20;369.17;22.30;1504;45;4569.00;281
11530;37;22888256;11530;655;13030;13310;3.31;0.20;369.08;22.30;1500;45;4570.00;280
11534;37;22888276;11534;661;13031;13310;3.29;0.20;369.08;22.37;1497;45;4571.00;279
11540;37;22888296;11540;661;13043;13322;3.30;0.20;369.23;22.36;1503;45;4572.00;279
11541;37;22888315;11541;657;13043;13322;3.28;0.20;369.24;22.36;1502;45;4573.00;279
11544;37;22888333;11544;660;13044;13322;3.26;0.20;369.27;22.35;1500;45;4574.00;278
11550;37;22888350;11550;664;13044;13322;3.21;0.20;369.32;22.35;1494;45;4575.00;278
11551;37;22888369;11551;665;13044;13322;3.16;0.19;369.33;22.35;1493;45;4576.00;278
11554;37;22888392;11554;664;13044;13322;3.13;0.19;369.32;22.35;1490;45;4577.00;278
11562;37;22888413;11562;665;13044;13323;3.06;0.19;369.40;22.35;1482;45;4578.00;279
11565;37;22888432;11565;666;13044;13323;3.03;0.19;369.49;22.35;1479;45;4579.00;279
11570;37;22888450;11570;660;13049;13329;3.01;0.19;369.49;22.35;1479;45;4580.00;280
11572;37;22888473;11572;658;13050;13330;3.02;0.19;369.54;22.34;1478;45;4581.00;280
11575;37;22888491;11575;662;13050;13330;3.05;0.19;369.55;22.34;1475;45;4582.00;280
11577;37;22888507;11577;665;13050;13330;3.06;0.19;369.64;22.34;1473;45;4583.00;280
11580;37;22888523;11580;668;13053;13334;3.09;0.19;369.73;22.34;1473;45;4584.00;281
11585;37;22888541;11585;669;13053;13334;3.09;0.19;369.81;22.34;1468;45;4585.00;281
11587;37;22888562;11587;671;13053;13334;3.13;0.19;369.88;22.34;1466;45;4586.00;281
11592;37;22888579;11592;674;13054;13335;3.16;0.19;369.93;22.34;1462;45;4587.00;281
11595;37;22888596;11595;675;13057;13339;3.18;0.19;370.12;22.33;1462;45;4588.00;282
11600;37;22888613;11600;681;13057;13339;3.15;0.19;370.28;22.33;1457;45;4589.00;282
11603;37;22888634;11603;681;13061;13345;3.16;0.19;370.30;22.33;1458;45;4590.00;284
11605;37;22888654;11605;687;13061;13345;3.16;0.19;370.33;22.33;1456;45;4591.00;284
11607;37;22888671;11607;690;13063;13345;3.18;0.19;370.37;22.32;1456;45;4592.00;282
11612;37;22888689;11612;691;13063;13345;3.14;0.19;370.42;22.32;1451;45;4593.00;282
11615;37;22888706;11615;694;13067;13349;3.14;0.19;370.52;22.32;1452;45;4594.00;282
11616;37;22888728;11616;692;13067;13349;3.13;0.19;370.49;22.32;1451;45;4595.00;282
11619;37;22888744;11619;698;13067;13349;3.10;0.19;370.55;22.32;1448;45;4596.00;282
11622;37;22888761;11622;680;13067;13349;3.08;0.19;370.60;22.32;1445;45;4597.00;282
11623;37;22888779;11623;678;13067;13350;3.08;0.19;370.62;22.32;1444;45;4598.00;283
11625;37;22888800;11625;677;13068;13351;3.09;0.19;370.68;22.31;1443;45;4599.00;283
11627;37;22888818;11627;674;13068;13351;3.12;0.19;370.70;22.31;1441;45;4600.00;283
11629;37;22888843;11629;682;13069;13352;3.16;0.19;370.78;22.31;1440;45;4601.00;283
11632;37;22888860;11632;676;13069;13352;3.14;0.19;370.74;22.31;1437;45;4602.00;283
11636;37;22888875;11636;676;13069;13352;3.13;0.19;370.76;22.31;1433;45;4603.00;283
11639;37;22888891;11639;677;13069;13352;3.13;0.19;370.81;22.31;1430;45;4604.00;283
11644;37;22888908;11644;673;13069;13352;3.11;0.19;370.85;22.31;1425;45;4605.00;283
11648;37;22888929;11648;669;13069;13352;3.14;0.19;370.90;22.31;1421;45;4606.00;283
11648;37;22888948;11648;650;13069;13352;3.18;0.19;370.90;22.31;1421;45;4607.00;283
11650;37;22888963;11650;658;13138;13479;3.60;0.22;370.88;22.20;1488;45;4608.00;341
11655;37;22888988;11655;642;13140;13480;3.62;0.23;370.88;22.19;1485;45;4609.00;340
11656;37;22889008;11656;630;13148;13480;3.76;0.23;370.87;22.18;1492;45;4610.00;332
11658;37;22889024;11658;624;13152;13480;3.84;0.24;370.90;22.17;1494;45;4611.00;328
11662;37;22889041;11662;621;13157;13480;3.89;0.24;370.84;22.17;1495;45;4612.00;323
11663;37;22889057;11663;618;13159;13480;3.93;0.24;370.86;22.16;1496;45;4613.00;321
11665;37;22889073;11665;631;13163;13480;3.94;0.24;370.84;22.16;1498;45;4614.00;317
11668;37;22889090;11668;638;13166;13480;3.92;0.24;370.89;22.16;1498;45;4615.00;314
11671;37;22889108;11671;637;13167;13481;3.90;0.24;370.89;22.16;1496;45;4616.00;314
11673;37;22889126;11673;636;13169;13482;3.91;0.24;370.89;22.15;1496;45;4617.00;313
11676;37;22889144;11676;637;13171;13482;3.88;0.24;370.93;22.15;1495;45;4618.00;311
11677;37;22889160;11677;635;13173;13483;3.91;0.24;370.98;22.15;1496;45;4619.00;310
11679;37;22889179;11679;635;13174;13483;3.94;0.24;370.98;22.15;1495;45;4620.00;309
11680;37;22889197;11680;627;13178;13483;3.99;0.25;370.96;22.15;1498;45;4621.00;305
11682;37;22889215;11682;630;13179;13483;4.03;0.25;371.00;22.15;1497;45;4622.00;304
11682;37;22889233;11682;622;13184;13487;4.13;0.25;371.00;22.14;1502;45;4623.00;303
11683;37;22889252;11683;623;13184;13487;4.18;0.26;370.99;22.14;1501;45;4624.00;303
11685;37;22889269;11685;620;13185;13487;4.24;0.26;371.07;22.14;1500;45;4625.00;302
11687;37;22889287;11687;617;13187;13490;4.27;0.26;371.02;22.14;1500;45;4626.00;303
11689;37;22889311;11689;610;13190;13490;4.32;0.26;370.99;22.20;1501;45;4627.00;300
11691;37;22889328;11691;603;13190;13490;4.36;0.27;370.94;22.20;1499;45;4628.00;300
11692;37;22889347;11692;602;13194;13494;4.41;0.27;370.91;22.20;1502;45;4629.00;300
11692;37;22889364;11692;602;13196;13495;4.45;0.27;370.91;22.20;1504;45;4630.00;299
11693;37;22889381;11693;589;13197;13495;4.48;0.27;370.88;22.20;1504;45;4631.00;298
11693;37;22889399;11693;592;13201;13499;4.55;0.28;370.88;22.19;1508;45;4632.00;298
11694;37;22889416;11694;586;13202;13499;4.60;0.28;370.86;22.19;1508;45;4633.00;297
11697;37;22889433;11697;597;13203;13499;4.57;0.28;370.82;22.19;1506;45;4634.00;296
11697;37;22889455;11697;592;13205;13501;4.57;0.28;370.82;22.19;1508;45;4635.00;296
11698;37;22889472;11698;588;13206;13501;4.56;0.28;370.80;22.19;1508;45;4636.00;295
11699;37;22889490;11699;598;13210;13507;4.58;0.28;370.77;22.18;1511;45;4637.00;297
11700;37;22889508;11700;609;13211;13507;4.56;0.28;370.76;22.18;1511;45;4638.00;296
11703;37;22889525;11703;614;13211;13508;4.51;0.27;370.70;22.18;1508;45;4639.00;297
11703;37;22889542;11703;605;13211;13508;4.49;0.27;370.70;22.18;1508;45;4640.00;297
11706;37;22889558;11706;598;13211;13508;4.51;0.27;370.73;22.18;1505;45;4641.00;297
11709;37;22889576;11709;598;13211;13508;4.51;0.27;370.73;22.18;1502;45;4642.00;297
11711;37;22889593;11711;584;13211;13508;4.55;0.28;370.73;22.18;1500;45;4643.00;297
11713;37;22889611;11713;586;13221;13520;4.62;0.28;370.72;22.16;1508;45;4644.00;299
11714;37;22889629;11714;578;13222;13520;4.62;0.28;370.70;22.16;1508;45;4645.00;298
11715;37;22889647;11715;577;13222;13520;4.62;0.28;370.76;22.16;1507;45;4646.00;298
11718;37;22889664;11718;566;13222;13520;4.59;0.28;370.77;22.16;1504;45;4647.00;298
11723;37;22889681;11723;568;13222;13520;4.59;0.28;370.76;22.16;1499;45;4648.00;298
11726;37;22889699;11726;564;13223;13520;4.60;0.28;370.86;22.23;1497;45;4649.00;297
11728;37;22889718;11728;566;13228;13526;4.61;0.28;370.94;22.22;1500;45;4650.00;298
11729;37;22889736;11729;559;13228;13526;4.62;0.28;370.95;22.22;1499;45;4651.00;298
11733;37;22889753;11733;548;13232;13530;4.62;0.28;370.98;22.21;1499;45;4652.00;298
11736;37;22889770;11736;550;13233;13531;4.65;0.28;370.95;22.21;1497;45;4653.00;298
11737;37;22889794;11737;544;13233;13531;4.70;0.28;370.96;22.21;1496;45;4654.00;298
11739;37;22889811;11739;531;13233;13531;4.73;0.29;371.10;22.21;1494;45;4655.00;298
11740;37;22889829;11740;529;13244;13544;4.73;0.29;371.10;22.19;1504;45;4656.00;300
11745;37;22889855;11745;517;13244;13544;4.67;0.28;371.13;22.19;1499;45;4657.00;300
11747;37;22889877;11747;525;13244;13544;4.67;0.28;371.24;22.19;1497;45;4658.00;300
11750;37;22889895;11750;535;13245;13545;4.63;0.28;371.22;22.19;1495;45;4659.00;300
11754;37;22889912;11754;537;13245;13546;4.62;0.28;371.24;22.19;1491;45;4660.00;301
11756;37;22889930;11756;538;13245;13546;4.61;0.28;371.22;22.19;1489;45;4661.00;301
11758;37;22889949;11758;544;13247;13549;4.64;0.28;371.22;22.19;1489;45;4662.00;302
11760;37;22889971;11760;539;13247;13549;4.60;0.28;371.22;22.19;1487;45;4663.00;302
11762;37;22889991;11762;541;13248;13549;4.59;0.28;371.30;22.19;1486;45;4664.00;301
11766;37;22890016;11766;536;13248;13549;4.59;0.28;371.40;22.19;1482;45;4665.00;301
11770;37;22890037;11770;543;13253;13555;4.60;0.28;371.44;22.18;1483;45;4666.00;302
11772;37;22890058;11772;535;13253;13555;4.58;0.28;371.45;22.18;1481;45;4667.00;302
11777;37;22890076;11777;541;13253;13555;4.51;0.27;371.55;22.18;1476;45;4668.00;302
11778;37;22890099;11778;548;13253;13555;4.48;0.27;371.53;22.18;1475;45;4669.00;302
11781;37;22890116;11781;556;13256;13559;4.42;0.27;371.50;22.18;1475;45;4670.00;303
11783;37;22890134;11783;564;13257;13560;4.42;0.27;371.52;22.17;1474;45;4671.00;303
11785;37;22890156;11785;573;13257;13560;4.40;0.27;371.56;22.17;1472;45;4672.00;303
11791;37;22890178;11791;581;13258;13561;4.38;0.27;371.61;22.17;1467;45;4673.00;303
11791;37;22890202;11791;581;13258;13561;4.40;0.27;371.61;22.17;1467;45;4674.00;303
11796;37;22890222;11796;584;13258;13561;4.38;0.27;371.69;22.17;1462;45;4675.00;303
11799;37;22890242;11799;590;13259;13561;4.35;0.26;371.76;22.24;1460;45;4676.00;302
11802;37;22890262;11802;594;13259;13561;4.35;0.26;371.80;22.24;1457;45;4677.00;302
11806;37;22890280;11806;593;13259;13561;4.37;0.27;371.82;22.24;1453;45;4678.00;302
11808;37;22890299;11808;592;13259;13561;4.38;0.27;371.83;22.24;1451;45;4679.00;302
11811;37;22890318;11811;618;13319;13686;4.61;0.28;371.93;22.14;1508;45;4680.00;367
11811;37;22890346;11811;612;13322;13687;4.62;0.28;371.93;22.21;1511;45;4681.00;365
11813;37;22890365;11813;604;13330;13687;4.67;0.29;371.94;22.19;1517;45;4682.00;357
11814;37;22890382;11814;608;13336;13687;4.70;0.29;372.01;22.18;1522;45;4683.00;351
11816;37;22890399;11816;607;13342;13687;4.72;0.29;372.07;22.18;1526;45;4684.00;345
11820;38;22890416;11820;610;13343;13687;4.69;0.29;372.16;22.18;1523;46;4685.00;344
11821;38;22890455;11821;617;13348;13687;4.67;0.29;372.23;22.17;1527;46;4686.00;339
11825;38;22890472;11825;624;13352;13687;4.65;0.29;372.27;22.16;1527;46;4687.00;335
11827;38;22890489;11827;622;13360;13688;4.64;0.29;372.32;22.22;1533;46;4688.00;328
11832;38;22890506;11832;635;13362;13689;4.61;0.28;372.38;22.22;1530;46;4689.00;327
11835;38;22890523;11835;635;13364;13689;4.59;0.28;372.42;22.22;1529;46;4690.00;325
11839;38;22890541;11839;640;13368;13693;4.55;0.28;372.44;22.22;1529;46;4691.00;325
11843;38;22890558;11843;640;13369;13693;4.49;0.28;372.61;22.21;1526;46;4692.00;324
11846;38;22890575;11846;650;13369;13693;4.44;0.27;372.62;22.21;1523;46;4693.00;324
11850;38;22890592;11850;649;13369;13693;4.34;0.27;372.70;22.21;1519;46;4694.00;324
11853;38;22890608;11853;655;13374;13699;4.28;0.26;372.85;22.21;1521;46;4695.00;325
11856;38;22890625;11856;659;13374;13699;4.23;0.26;372.85;22.21;1518;46;4696.00;325
11858;38;22890641;11858;662;13374;13699;4.14;0.25;372.82;22.21;1516;46;4697.00;325
11860;38;22890657;11860;672;13376;13702;4.10;0.25;372.91;22.20;1516;46;4698.00;326
11864;38;22890674;11864;671;13376;13702;4.04;0.25;373.09;22.20;1512;46;4699.00;326
11864;38;22890691;11864;662;13376;13702;4.06;0.25;373.09;22.20;1512;46;4700.00;326
11868;38;22890712;11868;658;13376;13703;4.05;0.25;373.10;22.20;1508;46;4701.00;327
11872;38;22890728;11872;658;13377;13704;4.05;0.25;373.08;22.20;1505;46;4702.00;327
11874;38;22890745;11874;648;13377;13704;4.07;0.25;373.14;22.20;1503;46;4703.00;327
11876;38;22890761;11876;646;13387;13717;4.11;0.25;373.14;22.18;1511;46;4704.00;330
11877;38;22890779;11877;648;13387;13717;4.14;0.25;373.17;22.18;1510;46;4705.00;330
11879;38;22890795;11879;644;13387;13717;4.16;0.26;373.19;22.18;1508;46;4706.00;330
11880;38;22890811;11880;639;13387;13718;4.15;0.25;373.19;22.18;1507;46;4707.00;331
11884;38;22890827;11884;639;13387;13718;4.14;0.25;373.27;22.18;1503;46;4708.00;331
11887;38;22890849;11887;642;13390;13722;4.19;0.26;373.26;22.18;1503;46;4709.00;332
11891;38;22890868;11891;643;13390;13722;4.18;0.26;373.39;22.18;1499;46;4710.00;332
11895;38;22890885;11895;646;13391;13726;4.17;0.25;373.49;22.18;1496;46;4711.00;335
11899;38;22890901;11899;641;13391;13726;4.17;0.25;373.54;22.18;1492;46;4712.00;335
11902;38;22890917;11902;644;13391;13726;4.18;0.26;373.72;22.18;1489;46;4713.00;335
11907;38;22890932;11907;637;13391;13726;4.18;0.26;373.82;22.18;1484;46;4714.00;335
11911;38;22890948;11911;640;13391;13726;4.15;0.25;373.88;22.18;1480;46;4715.00;335
11914;38;22890963;11914;640;13398;13738;4.15;0.25;373.96;22.17;1484;46;4716.00;340
11918;38;22890979;11918;648;13398;13738;4.09;0.25;374.00;22.17;1480;46;4717.00;340
11921;38;22890994;11921;651;13399;13738;4.02;0.25;374.10;22.17;1478;46;4718.00;339
11925;38;22891011;11925;647;13399;13738;3.98;0.24;374.20;22.17;1474;46;4719.00;339
11928;38;22891026;11928;653;13399;13738;3.93;0.24;374.28;22.17;1471;46;4720.00;339
11935;38;22891041;11935;648;13399;13738;3.86;0.24;374.36;22.17;1464;46;4721.00;339
11936;38;22891057;11936;643;13399;13739;3.81;0.23;374.37;22.17;1463;46;4722.00;340
11939;38;22891073;11939;635;13399;13739;3.71;0.23;374.38;22.17;1460;46;4723.00;340
11939;38;22891091;11939;644;13403;13745;3.69;0.23;374.38;22.16;1464;46;4724.00;342
11945;38;22891106;11945;629;13403;13747;3.60;0.22;374.46;22.16;1458;46;4725.00;344
11946;38;22891122;11946;630;13404;13747;3.58;0.22;374.45;22.16;1458;46;4726.00;343
11950;38;22891141;11950;620;13404;13747;3.54;0.22;374.52;22.16;1454;46;4727.00;343
11955;38;22891157;11955;624;13407;13751;3.55;0.22;374.52;22.15;1452;46;4728.00;344
11959;38;22891182;11959;617;13408;13751;3.53;0.22;374.45;22.15;1449;46;4729.00;343
11965;38;22891199;11965;616;13408;13751;3.49;0.21;374.58;22.15;1443;46;4730.00;343
11968;38;22891214;11968;614;13409;13752;3.49;0.21;374.65;22.15;1441;46;4731.00;343
11969;38;22891230;11969;603;13411;13756;3.54;0.22;374.63;22.15;1442;46;4732.00;345
11971;38;22891246;11971;598;13411;13756;3.55;0.22;374.67;22.15;1440;46;4733.00;345
11974;38;22891262;11974;595;13413;13759;3.53;0.22;374.70;22.15;1439;46;4734.00;346
11979;38;22891278;11979;586;13413;13759;3.48;0.21;374.82;22.15;1434;46;4735.00;346
11982;38;22891293;11982;583;13413;13759;3.46;0.21;374.80;22.15;1431;46;4736.00;346
11985;38;22891309;11985;573;13413;13759;3.48;0.21;374.85;22.15;1428;46;4737.00;346
11989;38;22891324;11989;560;13416;13763;3.53;0.22;374.94;22.14;1427;46;4738.00;347
11994;38;22891340;11994;558;13416;13763;3.55;0.22;374.98;22.14;1422;46;4739.00;347
11998;38;22891358;11998;554;13416;13763;3.60;0.22;375.12;22.14;1418;46;4740.00;347
12002;38;22891373;12002;566;13416;13763;3.58;0.22;375.15;22.14;1414;46;4741.00;347
12003;38;22891389;12003;572;13416;13764;3.59;0.22;375.18;22.14;1413;46;4742.00;348
12010;38;22891404;12010;573;13417;13765;3.54;0.22;375.15;22.14;1407;46;4743.00;348
12014;38;22891421;12014;583;13418;13765;3.52;0.21;375.14;22.14;1404;46;4744.00;347
12016;38;22891436;12016;589;13420;13766;3.51;0.21;375.13;22.14;1404;46;4745.00;346
12022;38;22891451;12022;590;13420;13766;3.45;0.21;375.21;22.14;1398;46;4746.00;346
12026;38;22891466;12026;585;13420;13766;3.38;0.21;375.13;22.14;1394;46;4747.00;346
12029;38;22891481;12029;593;13421;13766;3.34;0.20;375.18;22.14;1392;46;4748.00;345
12034;38;22891496;12034;580;13421;13766;3.30;0.20;375.24;22.14;1387;46;4749.00;345
12038;38;22891512;12038;585;13422;13766;3.28;0.20;375.23;22.14;1384;46;4750.00;344
12041;38;22891527;12041;582;13423;13766;3.25;0.20;375.19;22.15;1382;46;4751.00;343
12044;38;22891541;12044;607;13491;13893;3.55;0.22;375.16;22.04;1447;46;4752.00;402
12047;38;22891566;12047;604;13492;13894;3.50;0.22;375.15;22.03;1445;46;4753.00;402
12050;38;22891581;12050;609;13497;13894;3.50;0.22;375.09;22.03;1447;46;4754.00;397
12054;38;22891597;12054;605;13501;13894;3.51;0.22;375.09;22.02;1447;46;4755.00;393
12056;38;22891612;12056;603;13504;13894;3.54;0.22;375.13;22.02;1448;46;4756.00;390
12058;38;22891627;12058;601;13506;13894;3.57;0.22;375.14;22.02;1448;46;4757.00;388
12063;38;22891642;12063;601;13508;13894;3.54;0.22;375.08;22.02;1445;46;4758.00;386
12068;38;22891657;12068;598;13512;13894;3.52;0.22;375.07;22.01;1444;46;4759.00;382
12072;38;22891673;12072;605;13515;13895;3.49;0.22;375.12;22.01;1443;46;4760.00;380
12073;38;22891689;12073;609;13516;13896;3.49;0.22;375.13;22.01;1443;46;4761.00;380
12073;38;22891704;12073;619;13518;13896;3.48;0.22;375.13;22.00;1445;46;4762.00;378
12076;38;22891719;12076;628;13519;13897;3.46;0.21;375.10;22.00;1443;46;4763.00;378
12077;38;22891735;12077;631;13520;13897;3.44;0.21;375.11;22.00;1443;46;4764.00;377
12078;38;22891750;12078;635;13524;13897;3.44;0.21;375.13;22.00;1446;46;4765.00;373
12080;38;22891764;12080;645;13526;13897;3.46;0.21;375.14;22.00;1446;46;4766.00;371
12083;38;22891779;12083;651;13529;13901;3.47;0.22;375.18;22.00;1446;46;4767.00;372
12084;38;22891795;12084;653;13531;13901;3.45;0.21;375.18;22.00;1447;46;4768.00;370
12087;38;22891810;12087;659;13532;13901;3.39;0.21;375.15;22.00;1445;46;4769.00;369
12090;38;22891828;12090;666;13534;13907;3.37;0.21;375.22;21.99;1444;46;4770.00;373
12092;38;22891844;12092;668;13535;13907;3.35;0.21;375.26;21.99;1443;46;4771.00;372
12096;38;22891859;12096;672;13537;13907;3.29;0.20;375.24;21.99;1441;46;4772.00;370
12098;38;22891875;12098;667;13538;13911;3.27;0.20;375.24;21.99;1440;46;4773.00;373
12103;38;22891891;12103;668;13539;13912;3.24;0.20;375.16;21.99;1436;46;4774.00;373
12105;38;22891906;12105;679;13539;13912;3.24;0.20;375.13;21.99;1434;46;4775.00;373
12107;38;22891921;12107;677;13543;13916;3.25;0.20;375.17;21.98;1436;46;4776.00;373
12108;38;22891939;12108;659;13543;13916;3.30;0.20;375.21;21.98;1435;46;4777.00;373
12109;38;22891955;12109;652;13544;13916;3.36;0.21;375.18;21.98;1435;46;4778.00;372
12110;38;22891970;12110;643;13544;13917;3.39;0.21;375.17;21.98;1434;46;4779.00;373
12113;38;22891998;12113;634;13544;13917;3.40;0.21;375.14;21.98;1431;46;4780.00;373
12116;38;22892026;12116;616;13548;13923;3.46;0.21;375.18;21.98;1432;46;4781.00;375
12117;38;22892043;12117;606;13548;13923;3.56;0.22;375.17;21.98;1431;46;4782.00;375
12121;38;22892058;12121;590;13549;13924;3.62;0.22;375.13;21.98;1428;46;4783.00;375
12122;38;22892081;12122;572;13549;13924;3.71;0.23;375.13;21.98;1427;46;4784.00;375
12124;38;22892105;12124;563;13550;13924;3.83;0.23;375.11;21.98;1426;46;4785.00;374
12125;38;22892123;12125;552;13550;13924;3.94;0.24;375.09;21.98;1425;46;4786.00;374
12126;38;22892141;12126;552;13550;13924;4.04;0.25;375.06;21.98;1424;46;4787.00;374
12127;38;22892166;12127;549;13558;13936;4.17;0.25;375.03;21.97;1431;46;4788.00;378
12129;38;22892199;12129;533;13559;13936;4.23;0.26;375.06;22.04;1430;46;4789.00;377
12130;38;22892221;12130;526;13560;13936;4.30;0.26;375.05;22.04;1430;46;4790.00;376
12131;38;22892242;12131;531;13560;13936;4.35;0.26;375.05;22.04;1429;46;4791.00;376
12131;38;22892261;12131;519;13561;13936;4.34;0.26;375.05;22.04;1430;46;4792.00;375
12131;38;22892285;12131;519;13561;13936;4.33;0.26;375.05;22.04;1430;46;4793.00;375
12132;38;22892302;12132;516;13562;13940;4.36;0.27;375.07;22.04;1430;46;4794.00;378
12134;38;22892319;12134;519;13563;13940;4.38;0.27;375.09;22.04;1429;46;4795.00;377
12137;38;22892342;12137;517;13566;13944;4.41;0.27;375.17;22.04;1429;46;4796.00;378
12137;38;22892361;12137;509;13567;13945;4.44;0.27;375.17;22.04;1430;46;4797.00;378
12139;38;22892378;12139;504;13567;13945;4.43;0.27;375.14;22.04;1428;46;4798.00;378
12139;38;22892394;12139;499;13568;13945;4.44;0.27;375.14;22.04;1429;46;4799.00;377
12140;38;22892413;12140;510;13590;13986;4.52;0.28;375.18;22.01;1450;46;4800.00;396
12142;38;22892437;12142;502;13590;13986;4.60;0.28;375.22;22.01;1448;46;4801.00;396
12144;38;22892454;12144;492;13592;13986;4.67;0.28;375.19;22.01;1448;46;4802.00;394
12147;38;22892470;12147;496;13595;13987;4.71;0.29;375.25;22.01;1448;46;4803.00;392
12150;38;22892487;12150;504;13595;13988;4.71;0.29;375.31;22.01;1445;46;4804.00;393
12154;38;22892504;12154;515;13596;13988;4.71;0.29;375.30;22.01;1442;46;4805.00;392
12160;38;22892521;12160;513;13598;13991;4.71;0.29;375.30;22.00;1438;46;4806.00;393
12164;38;22892538;12164;514;13598;13991;4.72;0.29;375.29;22.00;1434;46;4807.00;393
12165;38;22892555;12165;516;13599;13991;4.74;0.29;375.32;22.00;1434;46;4808.00;392
12167;38;22892571;12167;524;13600;13991;4.73;0.29;375.30;22.00;1433;46;4809.00;391
12168;38;22892588;12168;533;13604;13997;4.73;0.29;375.28;22.00;1436;46;4810.00;393
12171;38;22892604;12171;537;13605;13997;4.69;0.28;375.43;22.00;1434;46;4811.00;392
12172;38;22892626;12172;544;13605;13997;4.73;0.29;375.53;22.00;1433;46;4812.00;392
12174;38;22892643;12174;539;13605;13997;4.76;0.29;375.58;22.00;1431;46;4813.00;392
12176;38;22892659;12176;543;13606;14001;4.76;0.29;375.68;22.00;1430;46;4814.00;395
12178;38;22892675;12178;533;13608;14003;4.79;0.29;375.74;22.00;1430;46;4815.00;395
12182;38;22892692;12182;524;13608;14003;4.83;0.29;375.81;22.00;1426;46;4816.00;395
12183;38;22892710;12183;520;13609;14004;4.89;0.30;375.92;22.00;1426;46;4817.00;395
12184;38;22892728;12184;517;13609;14004;4.92;0.30;375.91;22.00;1425;46;4818.00;395
12186;38;22892745;12186;511;13611;14004;4.98;0.30;376.01;22.15;1425;47;4819.00;393
12190;38;22892771;12190;512;13612;14004;5.03;0.31;375.97;22.15;1422;47;4820.00;392
12192;38;22892788;12192;509;13613;14004;5.06;0.31;376.02;22.15;1421;47;4821.00;391
12195;38;22892805;12195;505;13613;14004;5.09;0.31;376.13;22.15;1418;47;4822.00;391
12199;38;22892822;12199;512;13614;14004;5.13;0.31;376.23;22.15;1415;47;4823.00;390
12200;38;22892839;12200;531;13649;14074;5.18;0.32;376.22;22.09;1449;47;4824.00;425
12203;39;22892862;12203;521;13651;14075;5.20;0.32;376.26;22.09;1448;48;4825.00;424
12205;39;22892892;12205;518;13654;14075;5.22;0.32;376.34;22.08;1449;48;4826.00;421
12209;39;22892909;12209;518;13657;14075;5.18;0.32;376.44;22.08;1448;48;4827.00;418
12212;39;22892926;12212;515;13660;14077;5.12;0.31;376.47;22.08;1448;48;4828.00;417
12218;39;22892943;12218;510;13661;14077;5.05;0.31;376.60;22.08;1443;48;4829.00;416
12220;39;22892962;12220;512;13663;14077;4.99;0.30;376.63;22.07;1443;48;4830.00;414
12221;39;22892979;12221;514;13665;14077;4.94;0.30;376.64;22.07;1444;48;4831.00;412
12222;39;22893001;12222;512;13668;14078;4.93;0.30;376.69;22.07;1446;48;4832.00;410
12224;39;22893022;12224;514;13671;14079;4.91;0.30;376.72;22.07;1447;48;4833.00;408
12224;39;22893038;12224;518;13672;14079;4.88;0.30;376.72;22.07;1448;48;4834.00;407
12227;39;22893055;12227;522;13673;14083;4.86;0.30;376.76;22.06;1446;48;4835.00;410
12227;39;22893076;12227;521;13673;14083;4.89;0.30;376.76;22.06;1446;48;4836.00;410
12231;39;22893093;12231;522;13673;14083;4.85;0.30;376.81;22.06;1442;48;4837.00;410
12236;39;22893110;12236;528;13674;14083;4.83;0.29;376.86;22.06;1438;48;4838.00;409
12237;39;22893134;12237;536;13677;14089;4.86;0.30;376.86;22.06;1440;48;4839.00;412
12239;39;22893152;12239;535;13677;14089;4.85;0.29;376.88;22.06;1438;48;4840.00;412
12243;39;22893170;12243;545;13677;14089;4.82;0.29;376.90;22.06;1434;48;4841.00;412
12245;39;22893193;12245;548;13678;14092;4.79;0.29;376.94;22.06;1433;48;4842.00;414
12248;39;22893211;12248;545;13678;14092;4.79;0.29;377.01;22.06;1430;48;4843.00;414
12252;39;22893228;12252;543;13678;14092;4.76;0.29;377.03;22.06;1426;48;4844.00;414
12254;39;22893244;12254;556;13678;14093;4.77;0.29;377.13;22.06;1424;48;4845.00;415
12256;39;22893263;12256;558;13679;14094;4.75;0.29;377.25;22.06;1423;48;4846.00;415
12257;39;22893285;12257;561;13680;14094;4.77;0.29;377.29;22.06;1423;48;4847.00;414
12260;39;22893302;12260;560;13688;14107;4.82;0.29;377.35;22.04;1428;48;4848.00;419
12264;39;22893319;12264;563;13688;14107;4.87;0.30;377.32;22.04;1424;48;4849.00;419
12265;39;22893336;12265;565;13688;14107;4.93;0.30;377.30;22.04;1423;48;4850.00;419
12270;39;22893353;12270;569;13689;14108;4.91;0.30;377.24;22.04;1419;48;4851.00;419
12273;39;22893370;12273;561;13691;14108;4.93;0.30;377.24;22.05;1418;48;4852.00;417
12275;39;22893386;12275;563;13694;14112;4.98;0.30;377.25;22.04;1419;48;4853.00;418
12277;39;22893403;12277;565;13695;14112;4.98;0.30;377.32;22.04;1418;48;4854.00;417
12281;39;22893420;12281;564;13696;14116;4.93;0.30;377.38;22.04;1415;48;4855.00;420
12282;39;22893437;12282;563;13696;14116;4.91;0.30;377.42;22.04;1414;48;4856.00;420
12286;39;22893453;12286;564;13696;14116;4.89;0.30;377.61;22.04;1410;48;4857.00;420
12288;39;22893469;12288;565;13696;14116;4.88;0.30;377.70;22.04;1408;48;4858.00;420
12289;39;22893485;12289;566;13696;14116;4.86;0.30;377.76;22.04;1407;48;4859.00;420
12292;39;22893503;12292;570;13714;14150;4.98;0.31;377.77;22.01;1422;48;4860.00;436
12298;39;22893521;12298;577;13715;14150;4.96;0.30;378.01;22.01;1417;48;4861.00;435
12301;39;22893539;12301;581;13717;14150;4.97;0.30;378.07;22.00;1416;48;4862.00;433
12303;39;22893555;12303;577;13717;14150;4.97;0.30;378.03;22.00;1414;48;4863.00;433
12306;39;22893571;12306;590;13718;14150;4.93;0.30;378.12;22.00;1412;48;4864.00;432
12310;39;22893594;12310;592;13718;14150;4.91;0.30;378.34;22.00;1408;48;4865.00;432
12313;39;22893611;12313;593;13718;14151;4.90;0.30;378.35;22.00;1405;48;4866.00;433
12315;40;22893627;12315;595;13719;14151;4.86;0.30;378.43;22.08;1404;49;4867.00;432
12318;40;22893660;12318;602;13723;14157;4.84;0.30;378.49;22.08;1405;49;4868.00;434
12319;40;22893677;12319;606;13723;14158;4.81;0.29;378.51;22.08;1404;49;4869.00;435
12320;40;22893694;12320;613;13723;14158;4.77;0.29;378.54;22.08;1403;49;4870.00;435
12325;40;22893709;12325;614;13724;14158;4.66;0.28;378.48;22.15;1399;49;4871.00;434
12331;40;22893725;12331;618;13727;14162;4.62;0.28;378.64;22.15;1396;49;4872.00;435
12332;40;22893741;12332;627;13727;14162;4.56;0.28;378.62;22.15;1395;49;4873.00;435
12333;40;22893756;12333;622;13728;14162;4.51;0.28;378.66;22.23;1395;49;4874.00;434
12335;40;22893772;12335;626;13729;14163;4.47;0.27;378.68;22.22;1394;49;4875.00;434
12335;40;22893787;12335;622;13731;14167;4.43;0.27;378.68;22.30;1396;49;4876.00;436
12337;40;22893803;12337;621;13731;14167;4.42;0.27;378.68;22.30;1394;49;4877.00;436
12340;40;22893819;12340;621;13733;14170;4.41;0.27;378.72;22.38;1393;49;4878.00;437
12344;40;22893835;12344;622;13733;14170;4.36;0.27;378.88;22.38;1389;49;4879.00;437
12345;40;22893854;12345;608;13733;14170;4.36;0.27;378.95;22.38;1388;49;4880.00;437
12350;40;22893869;12350;603;13734;14170;4.36;0.27;379.11;22.46;1384;49;4881.00;436
12351;40;22893885;12351;598;13737;14174;4.42;0.27;379.13;22.45;1386;49;4882.00;437
12352;40;22893900;12352;596;13737;14174;4.43;0.27;379.14;22.45;1385;49;4883.00;437
12353;40;22893931;12353;593;13738;14174;4.43;0.27;379.23;22.53;1385;49;4884.00;436
12357;40;22893950;12357;588;13738;14174;4.41;0.27;379.30;22.53;1381;49;4885.00;436
12360;40;22893965;12360;584;13738;14175;4.35;0.27;379.45;22.53;1378;49;4886.00;437
12367;40;22893979;12367;581;13738;14176;4.27;0.26;379.48;22.53;1371;49;4887.00;438
12370;40;22893994;12370;584;13738;14176;4.25;0.26;379.47;22.53;1368;49;4888.00;438
12374;40;22894009;12374;586;13739;14177;4.24;0.26;379.57;22.53;1365;49;4889.00;438
12380;40;22894025;12380;583;13739;14177;4.20;0.25;379.57;22.53;1359;49;4890.00;438
12383;40;22894040;12383;586;13739;14177;4.13;0.25;379.67;22.53;1356;49;4891.00;438
12387;40;22894056;12387;581;13739;14177;4.08;0.25;379.80;22.53;1352;49;4892.00;438
12389;40;22894071;12389;588;13739;14177;4.04;0.25;379.88;22.53;1350;49;4893.00;438
12392;40;22894085;12392;594;13739;14177;4.00;0.24;379.96;22.53;1347;49;4894.00;438
12396;40;22894099;12396;602;13741;14177;3.91;0.24;379.97;22.55;1345;49;4895.00;436
12399;40;22894117;12399;613;13798;14304;4.11;0.25;380.04;22.46;1399;49;4896.00;506
12400;40;22894141;12400;612;13802;14305;4.02;0.25;380.05;22.45;1402;49;4897.00;503
12405;40;22894162;12405;610;13811;14305;3.93;0.24;380.16;22.44;1406;49;4898.00;494
12406;40;22894182;12406;611;13812;14305;3.84;0.24;380.15;22.44;1406;49;4899.00;493
12407;40;22894203;12407;599;13815;14305;3.79;0.24;380.14;22.43;1408;49;4900.00;490
12408;40;22894228;12408;593;13816;14305;3.75;0.23;380.12;22.43;1408;49;4901.00;489
12411;40;22894246;12411;580;13819;14305;3.72;0.23;380.07;22.44;1408;49;4902.00;486
12413;40;22894262;12413;587;13821;14305;3.72;0.23;380.16;22.44;1408;49;4903.00;484
12416;40;22894289;12416;578;13821;14306;3.68;0.23;380.17;22.44;1405;49;4904.00;485
12417;40;22894305;12417;590;13823;14308;3.69;0.23;380.17;22.44;1406;49;4905.00;485
12419;40;22894320;12419;583;13823;14308;3.67;0.23;380.15;22.44;1404;49;4906.00;485
12422;40;22894334;12422;588;13825;14309;3.70;0.23;380.09;22.44;1403;49;4907.00;484
12425;40;22894350;12425;597;13827;14309;3.72;0.23;380.06;22.44;1402;49;4908.00;482
12429;40;22894365;12429;583;13828;14309;3.70;0.23;380.09;22.43;1399;49;4909.00;481
12430;40;22894380;12430;578;13829;14309;3.69;0.23;380.07;22.43;1399;49;4910.00;480
12432;40;22894394;12432;582;13833;14313;3.68;0.23;380.04;22.43;1401;49;4911.00;480
12435;40;22894409;12435;569;13835;14313;3.65;0.23;380.05;22.43;1400;49;4912.00;478
12439;40;22894423;12439;585;13836;14313;3.59;0.22;380.03;22.43;1397;49;4913.00;477
12446;40;22894438;12446;591;13837;14316;3.53;0.22;380.12;22.43;1391;49;4914.00;479
12451;40;22894453;12451;584;13837;14316;3.53;0.22;380.00;22.43;1386;49;4915.00;479
12453;40;22894468;12453;584;13838;14316;3.52;0.22;379.98;22.43;1385;49;4916.00;478
12455;40;22894482;12455;586;13839;14320;3.54;0.22;379.96;22.43;1384;49;4917.00;481
12457;40;22894497;12457;595;13841;14321;3.54;0.22;380.01;22.44;1384;49;4918.00;480
12464;40;22894513;12464;586;13841;14321;3.52;0.21;379.98;22.44;1377;49;4919.00;480
12467;40;22894530;12467;590;13845;14326;3.53;0.22;379.95;22.43;1378;49;4920.00;481
12470;40;22894546;12470;583;13845;14326;3.50;0.21;379.95;22.43;1375;49;4921.00;481
12472;40;22894561;12472;588;13846;14326;3.47;0.21;379.90;22.43;1374;49;4922.00;480
12475;40;22894582;12475;591;13846;14327;3.43;0.21;379.90;22.43;1371;49;4923.00;481
12476;40;22894598;12476;590;13847;14327;3.41;0.21;379.87;22.44;1371;49;4924.00;480
12480;40;22894614;12480;595;13852;14333;3.39;0.21;379.81;22.44;1372;49;4925.00;481
12483;40;22894631;12483;605;13852;14333;3.36;0.20;379.78;22.44;1369;49;4926.00;481
12483;40;22894646;12483;606;13854;14334;3.39;0.21;379.78;22.46;1371;49;4927.00;480
12488;40;22894660;12488;615;13854;14334;3.36;0.20;379.72;22.46;1366;49;4928.00;480
12491;40;22894675;12491;617;13856;14334;3.33;0.20;379.72;22.47;1365;49;4929.00;478
12495;40;22894690;12495;617;13857;14334;3.31;0.20;379.78;22.48;1362;49;4930.00;477
12496;40;22894705;12496;614;13858;14334;3.31;0.20;379.79;22.49;1362;49;4931.00;476
12497;40;22894720;12497;620;13868;14346;3.35;0.20;379.79;22.50;1371;49;4932.00;478
12498;40;22894735;12498;629;13871;14346;3.35;0.20;379.82;22.53;1373;49;4933.00;475
12499;40;22894750;12499;623;13874;14346;3.35;0.20;379.83;22.55;1375;49;4934.00;472
12500;40;22894765;12500;617;13874;14346;3.37;0.21;379.84;22.55;1374;49;4935.00;472
12503;40;22894779;12503;611;13876;14346;3.38;0.21;379.83;22.56;1373;49;4936.00;470
12505;40;22894794;12505;601;13878;14346;3.42;0.21;379.82;22.59;1373;49;4937.00;468
12510;40;22894808;12510;595;13879;14350;3.42;0.21;379.92;22.58;1369;49;4938.00;471
12512;40;22894824;12512;591;13883;14350;3.45;0.21;379.90;22.62;1371;49;4939.00;467
12513;40;22894840;12513;580;13887;14354;3.53;0.21;379.93;22.62;1374;49;4940.00;467
12516;40;22894864;12516;572;13889;14355;3.58;0.22;379.97;22.64;1373;49;4941.00;466
12518;40;22894880;12518;571;13892;14355;3.60;0.22;379.97;22.74;1374;49;4942.00;463
12522;40;22894897;12522;567;13893;14355;3.62;0.22;379.99;22.75;1371;49;4943.00;462
12525;40;22894911;12525;560;13904;14368;3.72;0.23;380.01;22.74;1379;49;4944.00;464
12526;40;22894927;12526;574;13908;14368;3.72;0.23;380.02;22.77;1382;49;4945.00;460
12530;40;22894943;12530;569;13908;14368;3.69;0.22;380.02;22.77;1378;49;4946.00;460
12531;40;22894957;12531;564;13911;14369;3.78;0.23;380.02;22.77;1380;49;4947.00;458
12536;40;22894980;12536;553;13912;14370;3.79;0.23;380.06;22.78;1376;49;4948.00;458
12538;40;22895002;12538;550;13912;14370;3.84;0.23;380.08;22.78;1374;49;4949.00;458
12538;40;22895023;12538;539;13919;14379;3.90;0.24;380.08;22.80;1381;49;4950.00;460
12539;40;22895041;12539;531;13919;14379;3.93;0.24;380.09;22.80;1380;49;4951.00;460
12540;40;22895063;12540;533;13922;14379;4.02;0.24;380.06;22.80;1382;49;4952.00;457
12544;40;22895079;12544;532;13922;14379;4.03;0.24;380.09;22.80;1378;49;4953.00;457
12546;40;22895096;12546;532;13929;14385;4.05;0.25;380.12;22.81;1383;49;4954.00;456
12547;40;22895112;12547;531;13930;14385;4.09;0.25;380.11;22.81;1383;49;4955.00;455
12549;40;22895127;12549;528;13932;14385;4.11;0.25;380.13;22.82;1383;49;4956.00;453
12553;40;22895144;12553;528;13932;14385;4.10;0.25;380.13;22.82;1379;49;4957.00;453
12554;40;22895159;12554;525;13933;14389;4.15;0.25;380.16;22.82;1379;49;4958.00;456
12557;40;22895176;12557;524;13935;14390;4.16;0.25;380.12;22.90;1378;49;4959.00;455
12561;40;22895193;12561;521;13937;14390;4.18;0.25;380.19;22.91;1376;49;4960.00;453
12561;40;22895210;12561;520;13939;14391;4.28;0.26;380.19;22.91;1378;49;4961.00;452
12563;40;22895226;12563;531;13939;14391;4.34;0.26;380.23;22.91;1376;49;4962.00;452
12565;40;22895243;12565;530;13941;14391;4.37;0.27;380.26;22.99;1376;49;4963.00;450
12565;40;22895262;12565;527;13942;14391;4.39;0.27;380.26;23.00;1377;49;4964.00;449
12567;40;22895280;12567;526;13942;14391;4.40;0.27;380.31;23.00;1375;49;4965.00;449
12570;40;22895302;12570;533;13942;14391;4.44;0.27;380.46;23.00;1372;49;4966.00;449
12575;40;22895318;12575;535;13942;14391;4.45;0.27;380.48;23.00;1367;49;4967.00;449
12577;40;22895335;12577;543;13981;14461;4.50;0.27;380.49;22.94;1404;49;4968.00;480
12579;40;22895357;12579;528;13982;14462;4.53;0.28;380.55;22.95;1403;49;4969.00;480
12582;40;22895373;12582;525;13985;14462;4.55;0.28;380.65;22.94;1403;49;4970.00;477
12585;40;22895390;12585;508;13987;14462;4.58;0.28;380.67;22.94;1402;49;4971.00;475
12588;40;22895405;12588;513;13991;14462;4.60;0.28;380.72;22.95;1403;49;4972.00;471
12590;40;22895422;12590;514;13994;14462;4.61;0.28;380.70;22.96;1404;49;4973.00;468
12593;40;22895438;12593;522;13997;14462;4.64;0.28;380.83;23.03;1404;49;4974.00;465
12595;40;22895455;12595;521;13999;14462;4.69;0.28;380.93;23.04;1404;49;4975.00;463
12596;40;22895471;12596;524;14000;14463;4.74;0.29;380.92;23.04;1404;49;4976.00;463
12597;40;22895487;12597;528;14003;14464;4.78;0.29;380.94;23.04;1406;49;4977.00;461
12600;40;22895510;12600;536;14003;14464;4.80;0.29;381.00;23.04;1403;49;4978.00;461
12602;40;22895526;12602;537;14005;14468;4.80;0.29;381.15;23.04;1403;49;4979.00;463
12603;40;22895546;12603;539;14005;14468;4.81;0.29;381.22;23.04;1402;49;4980.00;463
12605;40;22895562;12605;541;14005;14468;4.82;0.29;381.27;23.04;1400;49;4981.00;463
12607;40;22895583;12607;534;14006;14468;4.80;0.29;381.33;23.04;1399;49;4982.00;462
12608;40;22895600;12608;520;14010;14474;4.80;0.29;381.33;23.04;1402;49;4983.00;464
12610;40;22895617;12610;514;14010;14474;4.83;0.29;381.35;23.04;1400;49;4984.00;464
12611;40;22895633;12611;516;14010;14474;4.83;0.29;381.37;23.04;1399;49;4985.00;464
12613;40;22895649;12613;506;14011;14477;4.87;0.30;381.45;23.04;1398;49;4986.00;466
12615;40;22895665;12615;512;14011;14477;4.88;0.30;381.45;23.04;1396;49;4987.00;466
12617;40;22895682;12617;515;14011;14477;4.87;0.30;381.50;23.04;1394;49;4988.00;466
12618;40;22895698;12618;518;14012;14478;4.88;0.30;381.56;23.12;1394;49;4989.00;466
12621;40;22895714;12621;519;14014;14479;4.91;0.30;381.58;23.12;1393;49;4990.00;465
12625;40;22895730;12625;509;14014;14479;4.89;0.30;381.67;23.12;1389;49;4991.00;465
12628;40;22895747;12628;506;14024;14492;4.90;0.30;381.60;23.10;1396;49;4992.00;468
12632;40;22895765;12632;494;14024;14492;4.93;0.30;381.67;23.10;1392;49;4993.00;468
12636;40;22895781;12636;490;14024;14492;4.96;0.30;381.85;23.10;1388;49;4994.00;468
12639;40;22895799;12639;484;14025;14494;5.01;0.31;381.86;23.11;1386;49;4995.00;469
12639;40;22895815;12639;479;14025;14494;5.10;0.31;381.86;23.11;1386;49;4996.00;469
12644;40;22895832;12644;483;14028;14498;5.16;0.31;381.95;23.10;1384;49;4997.00;470
12647;40;22895850;12647;481;14029;14498;5.23;0.32;382.04;23.11;1382;49;4998.00;469
12649;40;22895868;12649;476;14031;14502;5.30;0.32;382.16;23.19;1382;49;4999.00;471
12654;40;22895886;12654;477;14031;14502;5.31;0.32;382.14;23.19;1377;49;5000.00;471
12657;40;22895907;12657;478;14031;14502;5.36;0.33;382.21;23.19;1374;49;5001.00;471
12660;40;22895923;12660;467;14031;14502;5.35;0.32;382.21;23.19;1371;49;5002.00;471
12664;40;22895939;12664;475;14031;14502;5.31;0.32;382.23;23.19;1367;49;5003.00;471
12667;40;22895956;12667;468;14038;14514;5.32;0.32;382.26;23.17;1371;49;5004.00;476
12671;41;22895973;12671;460;14038;14514;5.27;0.32;382.37;23.17;1367;50;5005.00;476
12676;41;22896004;12676;456;14040;14514;5.20;0.32;382.44;23.18;1364;50;5006.00;474
12678;41;22896021;12678;461;14040;14514;5.18;0.31;382.43;23.18;1362;50;5007.00;474
12682;41;22896037;12682;458;14040;14514;5.14;0.31;382.50;23.18;1358;50;5008.00;474
12685;41;22896053;12685;453;14040;14514;5.11;0.31;382.54;23.18;1355;50;5009.00;474
12690;41;22896071;12690;448;14040;14515;5.14;0.31;382.68;23.18;1350;50;5010.00;475
12691;41;22896088;12691;445;14040;14515;5.15;0.31;382.67;23.18;1349;50;5011.00;475
12694;41;22896104;12694;444;14044;14521;5.20;0.32;382.75;23.17;1350;50;5012.00;477
12696;41;22896121;12696;450;14044;14522;5.21;0.32;382.82;23.17;1348;50;5013.00;478
12697;41;22896140;12697;447;14044;14522;5.20;0.32;382.85;23.17;1347;50;5014.00;478
12700;41;22896162;12700;453;14044;14522;5.18;0.31;382.95;23.17;1344;50;5015.00;478
12704;41;22896186;12704;456;14048;14526;5.17;0.31;382.92;23.25;1344;50;5016.00;478
12709;42;22896214;12709;460;14048;14526;5.14;0.31;382.92;23.25;1339;51;5017.00;478
12712;42;22896260;12712;465;14048;14526;5.11;0.31;382.95;23.25;1336;51;5018.00;478
12714;42;22896284;12714;465;14049;14527;5.14;0.31;382.92;23.25;1335;51;5019.00;478
12716;42;22896305;12716;469;14050;14531;5.14;0.31;382.98;23.25;1334;51;5020.00;481
12719;42;22896325;12719;475;14050;14531;5.10;0.31;382.92;23.25;1331;51;5021.00;481
12722;42;22896341;12722;476;14051;14534;5.10;0.31;383.01;23.25;1329;51;5022.00;483
12723;42;22896357;12723;482;14052;14534;5.12;0.31;383.04;23.33;1329;52;5023.00;482
12725;42;22896381;12725;479;14053;14534;5.10;0.31;383.00;23.42;1328;52;5024.00;481
12728;42;22896397;12728;489;14053;14534;5.07;0.31;383.05;23.42;1325;52;5025.00;481
12730;42;22896414;12730;494;14057;14538;5.15;0.31;383.14;23.42;1327;52;5026.00;481
12732;42;22896431;12732;504;14057;14538;5.17;0.32;383.20;23.42;1325;52;5027.00;481
12736;42;22896447;12736;509;14057;14538;5.16;0.32;383.30;23.42;1321;52;5028.00;481
12737;42;22896463;12737;511;14057;14538;5.17;0.32;383.33;23.42;1320;52;5029.00;481
12740;42;22896478;12740;506;14057;14539;5.12;0.31;383.39;23.42;1317;52;5030.00;482
12741;42;22896493;12741;511;14057;14540;5.14;0.31;383.41;23.42;1316;52;5031.00;483
12743;42;22896508;12743;515;14057;14540;5.11;0.31;383.39;23.42;1314;52;5032.00;483
12744;42;22896524;12744;518;14058;14541;5.12;0.31;383.38;23.42;1314;52;5033.00;483
12746;42;22896540;12746;521;14058;14541;5.15;0.32;383.39;23.42;1312;52;5034.00;483
12751;42;22896556;12751;520;14058;14541;5.14;0.31;383.53;23.42;1307;52;5035.00;483
12753;42;22896574;12753;523;14058;14541;5.14;0.31;383.51;23.42;1305;52;5036.00;483
12756;42;22896589;12756;528;14058;14541;5.11;0.31;383.71;23.42;1302;52;5037.00;483
12758;42;22896603;12758;527;14058;14541;5.05;0.31;383.81;23.42;1300;52;5038.00;483
12760;42;22896618;12760;531;14058;14541;5.00;0.31;383.90;23.42;1298;52;5039.00;483
12763;42;22896636;12763;554;14138;14771;5.31;0.33;383.88;23.29;1375;52;5040.00;633
12766;42;22896668;12766;556;14145;14772;5.28;0.33;383.92;23.27;1379;52;5041.00;627
12767;42;22896684;12767;551;14154;14772;5.33;0.33;383.93;23.26;1387;52;5042.00;618
12773;42;22896699;12773;553;14161;14772;5.33;0.33;383.99;23.25;1388;52;5043.00;611
12776;42;22896715;12776;557;14166;14772;5.32;0.33;384.09;23.24;1390;52;5044.00;606
12779;42;22896736;12779;551;14172;14772;5.33;0.33;384.20;23.24;1393;52;5045.00;600
12781;42;22896752;12781;551;14178;14772;5.35;0.33;384.27;23.23;1397;52;5046.00;594
12783;42;22896767;12783;561;14182;14772;5.38;0.33;384.38;23.22;1399;52;5047.00;590
12785;42;22896790;12785;566;14187;14773;5.40;0.33;384.42;23.22;1402;52;5048.00;586
12787;42;22896806;12787;566;14190;14774;5.42;0.34;384.48;23.22;1403;52;5049.00;584
12789;42;22896822;12789;563;14193;14774;5.40;0.33;384.52;23.21;1404;52;5050.00;581
12792;42;22896838;12792;557;14198;14775;5.34;0.33;384.55;23.21;1406;52;5051.00;577
12797;42;22896854;12797;556;14201;14775;5.31;0.33;384.64;23.21;1404;52;5052.00;574
12801;42;22896870;12801;557;14204;14775;5.24;0.32;384.71;23.20;1403;52;5053.00;571
12803;42;22896887;12803;556;14205;14775;5.20;0.32;384.67;23.20;1402;52;5054.00;570
12806;42;22896902;12806;569;14209;14779;5.18;0.32;384.77;23.20;1403;52;5055.00;570
12809;42;22896918;12809;566;14212;14779;5.16;0.32;384.82;23.20;1403;52;5056.00;567
12812;42;22896935;12812;574;14212;14779;5.09;0.31;384.82;23.20;1400;52;5057.00;567
12813;42;22896956;12813;575;14214;14782;5.08;0.31;384.86;23.19;1401;52;5058.00;568
12816;42;22896972;12816;578;14215;14782;5.05;0.31;384.85;23.19;1399;52;5059.00;567
12817;42;22896988;12817;584;14216;14782;4.98;0.30;384.84;23.19;1399;52;5060.00;566
12820;42;22897006;12820;588;14217;14786;4.97;0.30;384.86;23.19;1397;52;5061.00;569
12823;42;22897027;12823;591;14220;14787;4.97;0.30;384.85;23.19;1397;52;5062.00;567
12824;42;22897043;12824;599;14220;14787;4.98;0.30;384.84;23.19;1396;52;5063.00;567
12825;42;22897059;12825;599;14225;14791;4.96;0.30;384.83;23.19;1400;52;5064.00;566
12827;42;22897074;12827;603;14226;14791;4.89;0.30;384.79;23.19;1399;52;5065.00;565
12830;42;22897089;12830;607;14226;14791;4.80;0.29;384.85;23.19;1396;52;5066.00;565
12834;42;22897105;12834;612;14227;14792;4.66;0.28;384.85;23.19;1393;52;5067.00;565
12836;42;22897120;12836;617;14229;14792;4.54;0.28;384.83;23.19;1393;52;5068.00;563
12843;42;22897134;12843;626;14233;14798;4.44;0.27;384.76;23.18;1390;52;5069.00;565
12845;42;22897151;12845;635;14236;14798;4.33;0.26;384.74;23.21;1391;52;5070.00;562
12849;42;22897167;12849;641;14236;14799;4.21;0.26;384.67;23.21;1387;52;5071.00;563
12851;42;22897182;12851;659;14237;14799;4.10;0.25;384.64;23.21;1386;52;5072.00;562
12853;42;22897196;12853;670;14237;14799;3.99;0.24;384.62;23.21;1384;52;5073.00;562
12855;42;22897210;12855;676;14237;14799;3.88;0.24;384.57;23.21;1382;52;5074.00;562
12857;42;22897230;12857;676;14237;14799;3.82;0.23;384.53;23.21;1380;52;5075.00;562
12861;42;22897245;12861;678;14244;14811;3.84;0.24;384.45;23.20;1383;52;5076.00;567
12862;42;22897261;12862;672;14244;14811;3.81;0.23;384.47;23.20;1382;52;5077.00;567
12865;42;22897275;12865;674;14245;14811;3.78;0.23;384.53;23.20;1380;52;5078.00;566
12866;42;22897291;12866;671;14245;14811;3.80;0.23;384.52;23.20;1379;52;5079.00;566
12870;42;22897306;12870;668;14245;14811;3.80;0.23;384.54;23.20;1375;52;5080.00;566
12872;42;22897321;12872;672;14245;14811;3.80;0.23;384.55;23.20;1373;52;5081.00;566
12874;42;22897335;12874;670;14246;14815;3.80;0.23;384.51;23.20;1372;52;5082.00;569
12876;42;22897349;12876;660;14246;14815;3.78;0.23;384.49;23.20;1370;52;5083.00;569
12879;42;22897363;12879;656;14249;14819;3.73;0.23;384.44;23.19;1370;52;5084.00;570
12883;42;22897378;12883;650;14249;14821;3.65;0.22;384.41;23.19;1366;52;5085.00;572
12885;42;22897392;12885;644;14249;14821;3.61;0.22;384.44;23.19;1364;52;5086.00;572
12887;42;22897406;12887;640;14249;14821;3.59;0.22;384.43;23.19;1362;52;5087.00;572
12891;42;22897420;12891;625;14259;14834;3.61;0.22;384.44;23.18;1368;52;5088.00;575
12896;42;22897436;12896;620;14259;14834;3.59;0.22;384.39;23.18;1363;52;5089.00;575
12899;42;22897450;12899;626;14259;14834;3.62;0.22;384.40;23.18;1360;52;5090.00;575
12900;42;22897465;12900;610;14260;14835;3.66;0.22;384.41;23.17;1360;52;5091.00;575
12903;42;22897480;12903;596;14260;14836;3.69;0.22;384.37;23.17;1357;52;5092.00;576
12904;42;22897495;12904;583;14260;14836;3.78;0.23;384.37;23.17;1356;52;5093.00;576
12906;42;22897508;12906;583;14261;14839;3.85;0.23;384.38;23.17;1355;52;5094.00;578
12909;42;22897523;12909;575;14262;14839;3.85;0.23;384.32;23.18;1353;52;5095.00;577
12911;42;22897537;12911;567;14262;14839;3.88;0.24;384.32;23.18;1351;52;5096.00;577
12915;42;22897552;12915;561;14262;14839;3.91;0.24;384.31;23.18;1347;52;5097.00;577
12919;42;22897573;12919;559;14267;14845;3.95;0.24;384.30;23.19;1348;52;5098.00;578
12920;42;22897588;12920;559;14267;14845;4.00;0.24;384.30;23.19;1347;52;5099.00;578
12925;42;22897606;12925;556;14271;14864;3.98;0.24;384.30;23.18;1346;52;5100.00;593
12927;42;22897628;12927;547;14271;14864;3.99;0.24;384.28;23.18;1344;52;5101.00;593
12930;42;22897643;12930;546;14274;14868;4.06;0.25;384.30;23.21;1344;52;5102.00;594
12933;42;22897658;12933;559;14274;14869;4.10;0.25;384.29;23.21;1341;52;5103.00;595
12936;42;22897674;12936;548;14276;14869;4.08;0.25;384.34;23.24;1340;52;5104.00;593
12939;42;22897690;12939;541;14279;14870;4.08;0.25;384.37;23.25;1340;52;5105.00;591
12942;42;22897711;12942;546;14282;14870;4.03;0.24;384.35;23.26;1340;52;5106.00;588
12943;42;22897726;12943;542;14285;14870;4.06;0.25;384.35;23.30;1342;52;5107.00;585
12945;42;22897740;12945;528;14286;14870;4.07;0.25;384.35;23.39;1341;52;5108.00;584
12948;42;22897757;12948;531;14287;14870;4.09;0.25;384.37;23.40;1339;52;5109.00;583
12949;42;22897772;12949;526;14290;14870;4.13;0.25;384.37;23.43;1341;52;5110.00;580
12952;42;22897787;12952;518;14292;14870;4.13;0.25;384.35;23.44;1340;52;5111.00;578
12954;42;22897801;12954;532;14325;14940;4.28;0.26;384.37;23.41;1371;52;5112.00;615
12958;42;22897821;12958;532;14330;14941;4.33;0.26;384.39;23.47;1372;52;5113.00;611
12963;42;22897837;12963;528;14336;14941;4.38;0.27;384.50;23.48;1373;52;5114.00;605
12967;42;22897853;12967;528;14341;14941;4.37;0.26;384.62;23.52;1374;52;5115.00;600
12970;42;22897869;12970;527;14349;14941;4.39;0.27;384.62;23.56;1379;52;5116.00;592
12975;42;22897884;12975;519;14354;14941;4.38;0.27;384.67;23.59;1379;52;5117.00;587
12978;42;22897899;12978;525;14356;14941;4.32;0.26;384.68;23.60;1378;52;5118.00;585
12983;42;22897915;12983;525;14358;14941;4.21;0.26;384.72;23.62;1375;52;5119.00;583
12983;42;22897929;12983;532;14364;14942;4.22;0.26;384.72;23.66;1381;52;5120.00;578
12989;42;22897945;12989;539;14368;14943;4.12;0.25;384.73;23.67;1379;52;5121.00;575
12990;42;22897960;12990;534;14372;14943;4.12;0.25;384.77;23.70;1382;52;5122.00;571
12991;42;22897975;12991;522;14376;14947;4.16;0.25;384.75;23.71;1385;52;5123.00;571
12994;42;22897994;12994;519;14379;14947;4.13;0.25;384.76;23.73;1385;52;5124.00;568
12996;42;22898014;12996;520;14380;14947;4.12;0.25;384.76;23.74;1384;52;5125.00;567
12998;42;22898029;12998;522;14383;14947;4.10;0.25;384.81;23.76;1385;52;5126.00;564
13000;42;22898045;13000;521;14387;14953;4.10;0.25;384.87;23.76;1387;52;5127.00;566
13001;42;22898062;13001;528;14391;14953;4.13;0.25;384.89;23.86;1390;52;5128.00;562
13004;42;22898078;13004;532;14394;14953;4.14;0.25;385.02;23.88;1390;52;5129.00;559
13004;42;22898096;13004;538;14397;14959;4.16;0.25;385.02;23.90;1393;52;5130.00;562
13006;42;22898113;13006;520;14399;14959;4.21;0.26;385.08;23.90;1393;52;5131.00;560
13006;42;22898129;13006;516;14400;14959;4.26;0.26;385.08;23.91;1394;52;5132.00;559
13008;42;22898146;13008;513;14405;14960;4.27;0.26;385.19;23.94;1397;52;5133.00;555
13011;42;22898170;13011;497;14407;14961;4.33;0.26;385.15;23.94;1396;52;5134.00;554
13013;42;22898193;13013;492;14408;14961;4.33;0.26;385.22;23.95;1395;52;5135.00;553
13014;42;22898225;13014;487;14419;14974;4.39;0.27;385.21;23.96;1405;52;5136.00;555
13016;42;22898255;13016;492;14422;14974;4.45;0.27;385.28;23.97;1406;52;5137.00;552
13017;42;22898275;13017;493;14424;14974;4.51;0.28;385.26;23.98;1407;52;5138.00;550
13018;42;22898293;13018;491;14430;14975;4.53;0.28;385.29;24.08;1412;52;5139.00;545
13018;42;22898311;13018;499;14432;14975;4.58;0.28;385.29;24.09;1414;52;5140.00;543
13021;42;22898329;13021;498;14439;14979;4.57;0.28;385.38;24.11;1418;52;5141.00;540
13022;42;22898346;13022;504;14439;14979;4.61;0.28;385.42;24.11;1417;52;5142.00;540
13025;42;22898364;13025;508;14444;14983;4.59;0.28;385.48;24.13;1419;52;5143.00;539
13028;42;22898382;13028;518;14444;14983;4.60;0.28;385.53;24.13;1416;52;5144.00;539
13032;42;22898399;13032;520;14445;14983;4.62;0.28;385.53;24.14;1413;52;5145.00;538
13041;42;22898417;13041;523;14448;14983;4.56;0.28;385.65;24.16;1407;52;5146.00;535
13044;42;22898435;13044;527;14449;14983;4.59;0.28;385.74;24.16;1405;52;5147.00;534
13045;42;22898451;13045;529;14459;14995;4.67;0.28;385.75;24.16;1414;52;5148.00;536
13047;42;22898470;13047;523;14459;14995;4.69;0.28;385.72;24.16;1412;52;5149.00;536
13050;42;22898486;13050;531;14461;14995;4.73;0.29;385.71;24.17;1411;52;5150.00;534
13052;42;22898506;13052;526;14463;14995;4.76;0.29;385.68;24.19;1411;52;5151.00;532
13054;42;22898523;13054;524;14465;14995;4.78;0.29;385.74;24.20;1411;52;5152.00;530
13055;42;22898542;13055;525;14467;14995;4.82;0.29;385.77;24.22;1412;52;5153.00;528
13056;42;22898564;13056;529;14471;14996;4.87;0.30;385.85;24.32;1415;52;5154.00;525
13058;42;22898583;13058;536;14474;14998;4.87;0.30;385.88;24.32;1416;52;5155.00;524
13062;43;22898602;13062;534;14479;15004;4.91;0.30;386.02;24.33;1417;53;5156.00;525
13064;43;22898642;13064;534;14479;15005;4.91;0.30;386.05;24.33;1415;53;5157.00;526
13066;43;22898660;13066;530;14480;15005;4.86;0.30;386.13;24.33;1414;53;5158.00;525
13069;43;22898685;13069;529;14482;15005;4.82;0.29;386.13;24.35;1413;53;5159.00;523
13069;44;22898706;13069;537;14487;15010;4.82;0.29;386.13;24.35;1418;54;5160.00;523
13071;44;22898740;13071;541;14490;15010;4.77;0.29;386.12;24.37;1419;54;5161.00;520
13073;44;22898759;13073;551;14490;15010;4.77;0.29;386.10;24.37;1417;54;5162.00;520
13076;44;22898776;13076;545;14492;15011;4.74;0.29;386.14;24.37;1416;54;5163.00;519
13076;44;22898805;13076;552;14494;15015;4.77;0.29;386.14;24.38;1418;54;5164.00;521
13078;44;22898822;13078;547;14494;15015;4.80;0.29;386.21;24.38;1416;54;5165.00;521
13080;44;22898849;13080;538;14495;15018;4.85;0.29;386.21;24.37;1415;54;5166.00;523
13083;44;22898869;13083;531;14495;15018;4.83;0.29;386.18;24.37;1412;54;5167.00;523
13085;44;22898886;13085;525;14495;15018;4.85;0.29;386.20;24.37;1410;54;5168.00;523
13085;44;22898904;13085;515;14496;15018;4.85;0.30;386.20;24.46;1411;54;5169.00;522
13085;44;22898920;13085;516;14499;15022;4.89;0.30;386.20;24.45;1414;54;5170.00;523
13087;44;22898937;13087;510;14499;15022;4.90;0.30;386.29;24.45;1412;54;5171.00;523
13089;44;22898954;13089;508;14499;15022;4.93;0.30;386.34;24.45;1410;54;5172.00;523
13090;44;22898972;13090;507;14499;15022;4.96;0.30;386.43;24.45;1409;54;5173.00;523
13092;44;22898988;13092;496;14499;15023;4.98;0.30;386.44;24.45;1407;54;5174.00;524
13098;44;22899006;13098;494;14499;15025;5.02;0.30;386.64;24.45;1401;54;5175.00;526
13101;44;22899024;13101;483;14499;15025;5.01;0.30;386.61;24.45;1398;54;5176.00;526
13104;44;22899041;13104;482;14501;15026;5.02;0.30;386.66;24.46;1397;54;5177.00;525
13110;44;22899058;13110;477;14502;15026;4.98;0.30;386.80;24.54;1392;54;5178.00;524
13113;44;22899075;13113;467;14502;15026;4.98;0.30;386.83;24.54;1389;54;5179.00;524
13118;44;22899093;13118;469;14502;15026;4.92;0.30;386.91;24.54;1384;54;5180.00;524
13120;44;22899110;13120;466;14502;15026;4.92;0.30;386.94;24.54;1382;54;5181.00;524
13121;44;22899128;13121;459;14502;15026;4.95;0.30;386.95;24.54;1381;54;5182.00;524
13124;44;22899144;13124;454;14503;15026;4.92;0.30;386.95;24.55;1379;54;5183.00;523
13125;44;22899161;13125;474;14566;15153;5.02;0.31;386.95;24.44;1441;54;5184.00;587
13129;44;22899188;13129;467;14566;15154;5.02;0.31;387.10;24.44;1437;54;5185.00;588
13134;44;22899206;13134;459;14569;15154;5.02;0.31;387.32;24.44;1435;54;5186.00;585
13136;44;22899224;13136;458;14569;15154;5.01;0.31;387.41;24.44;1433;54;5187.00;585
13138;44;22899240;13138;462;14573;15154;5.05;0.31;387.42;24.43;1435;54;5188.00;581
13139;44;22899259;13139;462;14573;15154;5.05;0.31;387.40;24.43;1434;54;5189.00;581
13143;44;22899278;13143;470;14576;15154;5.05;0.31;387.44;24.44;1433;54;5190.00;578
13144;44;22899295;13144;481;14579;15154;5.08;0.31;387.43;24.52;1435;54;5191.00;575
13147;44;22899313;13147;488;14581;15155;5.06;0.31;387.53;24.52;1434;54;5192.00;574
13150;44;22899335;13150;483;14584;15156;5.04;0.31;387.53;24.51;1434;54;5193.00;572
13151;44;22899358;13151;489;14588;15156;5.04;0.31;387.58;24.51;1437;54;5194.00;568
13155;44;22899374;13155;486;14590;15157;5.02;0.31;387.65;24.51;1435;54;5195.00;567
13160;44;22899391;13160;493;14592;15157;4.99;0.31;387.77;24.69;1432;54;5196.00;565
13164;44;22899413;13164;503;14596;15157;4.96;0.30;387.71;24.68;1432;54;5197.00;561
13165;44;22899429;13165;507;14596;15157;4.91;0.30;387.70;24.68;1431;54;5198.00;561
13166;44;22899445;13166;511;14599;15161;4.86;0.30;387.67;24.68;1433;54;5199.00;562
13168;44;22899463;13168;519;14599;15161;4.81;0.29;387.69;24.68;1431;54;5200.00;562
13173;44;22899483;13173;524;14599;15161;4.81;0.29;387.79;24.68;1426;54;5201.00;562
13178;44;22899500;13178;536;14600;15164;4.73;0.29;387.93;24.68;1422;54;5202.00;564
13180;44;22899517;13180;547;14601;15164;4.68;0.29;387.96;24.68;1421;54;5203.00;563
13182;44;22899533;13182;551;14601;15164;4.64;0.28;388.10;24.68;1419;54;5204.00;563
13183;44;22899549;13183;562;14602;15168;4.60;0.28;388.11;24.68;1419;54;5205.00;566
13187;44;22899566;13187;563;14603;15169;4.59;0.28;388.11;24.67;1416;54;5206.00;566
13190;44;22899582;13190;564;14603;15169;4.58;0.28;388.07;24.67;1413;54;5207.00;566
13193;44;22899608;13193;577;14605;15173;4.57;0.28;388.10;24.67;1412;54;5208.00;568
13197;44;22899625;13197;579;14606;15173;4.53;0.28;388.04;24.67;1409;54;5209.00;567
13199;44;22899642;13199;587;14606;15173;4.53;0.28;388.12;24.67;1407;54;5210.00;567
13203;44;22899657;13203;599;14606;15174;4.52;0.28;388.09;24.67;1403;54;5211.00;568
13205;44;22899673;13205;603;14606;15174;4.51;0.28;388.12;24.67;1401;54;5212.00;568
13205;44;22899689;13205;610;14609;15180;4.48;0.27;388.12;24.66;1404;54;5213.00;571
13207;44;22899706;13207;610;14609;15180;4.43;0.27;388.14;24.66;1402;54;5214.00;571
13209;44;22899722;13209;617;14609;15180;4.39;0.27;388.12;24.66;1400;54;5215.00;571
13210;44;22899737;13210;619;14609;15181;4.34;0.27;388.14;24.66;1399;54;5216.00;572
13215;44;22899753;13215;629;14609;15181;4.26;0.26;388.15;24.66;1394;54;5217.00;572
13218;44;22899768;13218;630;14609;15181;4.22;0.26;388.09;24.66;1391;54;5218.00;572
13219;44;22899783;13219;639;14609;15181;4.18;0.25;388.13;24.66;1390;54;5219.00;572
13221;44;22899799;13221;641;14628;15217;4.30;0.26;388.14;24.63;1407;54;5220.00;589
13221;44;22899816;13221;647;14628;15217;4.29;0.26;388.14;24.63;1407;54;5221.00;589
13223;44;22899831;13223;651;14629;15217;4.23;0.26;388.14;24.63;1406;54;5222.00;588
13223;44;22899847;13223;656;14629;15217;4.18;0.26;388.14;24.63;1406;54;5223.00;588
13226;44;22899861;13226;657;14629;15217;4.11;0.25;388.15;24.63;1403;54;5224.00;588
13228;44;22899877;13228;659;14629;15217;4.08;0.25;388.19;24.63;1401;54;5225.00;588
13232;44;22899898;13232;663;14630;15221;4.08;0.25;388.30;24.63;1398;54;5226.00;591
13232;44;22899913;13232;662;14630;15221;4.09;0.25;388.30;24.63;1398;54;5227.00;591
13234;44;22899927;13234;658;14632;15225;4.07;0.25;388.27;24.63;1398;54;5228.00;593
13235;44;22899948;13235;660;14632;15226;4.06;0.25;388.25;24.63;1397;54;5229.00;594
13236;44;22899962;13236;655;14632;15226;4.08;0.25;388.23;24.63;1396;54;5230.00;594
13238;44;22899976;13238;661;14632;15226;4.03;0.25;388.18;24.63;1394;54;5231.00;594
13240;44;22899991;13240;663;14642;15239;4.04;0.25;388.18;24.61;1402;54;5232.00;597
13244;44;22900010;13244;662;14642;15239;4.01;0.25;388.24;24.61;1398;54;5233.00;597
13245;44;22900028;13245;662;14642;15239;3.98;0.24;388.23;24.61;1397;54;5234.00;597
13247;44;22900042;13247;665;14643;15240;3.95;0.24;388.21;24.61;1396;54;5235.00;597
13251;44;22900057;13251;657;14643;15241;3.93;0.24;388.14;24.61;1392;54;5236.00;598
13256;44;22900071;13256;665;14643;15241;3.89;0.24;388.16;24.61;1387;54;5237.00;598
13260;44;22900093;13260;670;14644;15244;3.88;0.24;388.13;24.61;1384;54;5238.00;600
13263;44;22900110;13263;672;14644;15244;3.86;0.23;388.12;24.61;1381;54;5239.00;600
13266;44;22900130;13266;670;14646;15244;3.83;0.23;388.08;24.62;1380;54;5240.00;598
13268;44;22900149;13268;667;14646;15244;3.78;0.23;388.07;24.62;1378;54;5241.00;598
13270;44;22900173;13270;666;14649;15250;3.71;0.23;388.04;24.61;1379;54;5242.00;601
13270;44;22900196;13270;674;14649;15250;3.69;0.23;388.04;24.61;1379;54;5243.00;601
13274;44;22900216;13274;679;14651;15250;3.62;0.22;388.10;24.64;1377;54;5244.00;599
13274;44;22900235;13274;680;14651;15250;3.58;0.22;388.10;24.64;1377;54;5245.00;599
13278;44;22900253;13278;677;14652;15254;3.48;0.21;388.07;24.64;1374;54;5246.00;602
13280;44;22900269;13280;687;14653;15255;3.39;0.21;388.03;24.64;1373;54;5247.00;602
13283;44;22900285;13283;682;14653;15255;3.32;0.20;388.03;24.64;1370;54;5248.00;602
13284;44;22900300;13284;673;14654;15256;3.28;0.20;388.04;24.64;1370;54;5249.00;602
13285;44;22900316;13285;662;14655;15256;3.25;0.20;388.03;24.65;1370;54;5250.00;601
13286;44;22900333;13286;657;14655;15256;3.25;0.20;388.01;24.65;1369;54;5251.00;601
13289;44;22900347;13289;646;14656;15256;3.26;0.20;388.00;24.65;1367;54;5252.00;600
13293;44;22900369;13293;643;14656;15256;3.27;0.20;388.06;24.65;1363;54;5253.00;600
13295;44;22900385;13295;642;14656;15256;3.35;0.20;388.07;24.65;1361;54;5254.00;600
13298;44;22900407;13298;637;14656;15256;3.41;0.21;388.08;24.65;1358;54;5255.00;600
13301;44;22900423;13301;634;14685;15326;3.66;0.22;388.16;24.60;1384;54;5256.00;641
13301;44;22900446;13301;628;14686;15327;3.72;0.23;388.16;24.60;1385;54;5257.00;641
13304;44;22900464;13304;621;14691;15327;3.74;0.23;388.15;24.59;1387;54;5258.00;636
13307;44;22900482;13307;619;14698;15327;3.79;0.23;388.16;24.58;1391;54;5259.00;629
13308;44;22900499;13308;600;14701;15327;3.84;0.24;388.17;24.58;1393;54;5260.00;626
13311;44;22900516;13311;585;14702;15327;3.89;0.24;388.13;24.58;1391;54;5261.00;625
13312;44;22900532;13312;591;14703;15327;3.95;0.24;388.13;24.58;1391;54;5262.00;624
13313;44;22900555;13313;580;14704;15327;3.97;0.24;388.13;24.58;1391;54;5263.00;623
13318;44;22900571;13318;566;14706;15328;3.99;0.24;388.10;24.58;1388;54;5264.00;622
13320;44;22900587;13320;571;14707;15330;4.04;0.25;388.12;24.58;1387;54;5265.00;623
13322;44;22900604;13322;566;14708;15330;4.11;0.25;388.13;24.57;1386;54;5266.00;622
13324;44;22900620;13324;568;14711;15334;4.18;0.26;388.17;24.57;1387;54;5267.00;623
13326;44;22900637;13326;576;14711;15334;4.23;0.26;388.16;24.57;1385;54;5268.00;623
13331;44;22900654;13331;563;14713;15334;4.24;0.26;388.24;24.60;1382;54;5269.00;621
13333;44;22900670;13333;567;14713;15334;4.24;0.26;388.23;24.60;1380;54;5270.00;621
13339;44;22900688;13339;559;14717;15340;4.24;0.26;388.35;24.60;1378;54;5271.00;623
13342;44;22900706;13342;547;14718;15340;4.25;0.26;388.34;24.61;1376;54;5272.00;622
13347;44;22900724;13347;541;14719;15340;4.22;0.26;388.39;24.63;1372;54;5273.00;621
13350;44;22900740;13350;535;14721;15343;4.22;0.26;388.41;24.64;1371;54;5274.00;622
13353;44;22900757;13353;535;14723;15343;4.27;0.26;388.40;24.66;1370;54;5275.00;620
13356;44;22900773;13356;535;14723;15343;4.32;0.26;388.40;24.66;1367;54;5276.00;620
13361;44;22900790;13361;538;14724;15344;4.35;0.26;388.40;24.67;1363;54;5277.00;620
13365;44;22900807;13365;538;14728;15345;4.38;0.27;388.38;24.70;1363;54;5278.00;617
13369;44;22900825;13369;538;14729;15345;4.43;0.27;388.43;24.71;1360;54;5279.00;616
13375;44;22900846;13375;544;14749;15371;4.53;0.28;388.46;24.69;1374;54;5280.00;622
13378;44;22900865;13378;535;14750;15371;4.56;0.28;388.47;24.70;1372;54;5281.00;621
13383;44;22900881;13383;534;14754;15371;4.62;0.28;388.43;24.73;1371;54;5282.00;617
13388;44;22900899;13388;529;14756;15372;4.62;0.28;388.51;24.74;1368;54;5283.00;616
13391;44;22900918;13391;532;14760;15372;4.67;0.28;388.58;24.78;1369;54;5284.00;612
13394;44;22900936;13394;541;14763;15376;4.67;0.28;388.65;24.77;1369;54;5285.00;613
13398;44;22900954;13398;539;14766;15376;4.67;0.28;388.79;24.81;1368;54;5286.00;610
13400;44;22900973;13400;532;14769;15379;4.70;0.29;388.78;24.84;1369;54;5287.00;610
13404;44;22900990;13404;540;14771;15380;4.71;0.29;388.89;24.85;1367;54;5288.00;609
13407;44;22901009;13407;543;14772;15380;4.68;0.29;388.96;24.86;1365;54;5289.00;608
13408;44;22901026;13408;544;14774;15380;4.69;0.29;388.96;24.87;1366;54;5290.00;606
13414;44;22901042;13414;541;14777;15380;4.64;0.28;389.16;24.91;1363;54;5291.00;603
13418;44;22901059;13418;538;14787;15392;4.61;0.28;389.24;25.00;1369;54;5292.00;605
13420;44;22901080;13420;535;14790;15392;4.56;0.28;389.27;25.02;1370;54;5293.00;602
13422;44;22901098;13422;543;14792;15392;4.55;0.28;389.31;25.03;1370;54;5294.00;600
13427;44;22901115;13427;540;14796;15392;4.48;0.27;389.37;25.08;1369;54;5295.00;596
13428;44;22901132;13428;551;14799;15392;4.46;0.27;389.43;25.10;1371;54;5296.00;593
13430;44;22901149;13430;544;14800;15392;4.44;0.27;389.48;25.11;1370;54;5297.00;592
13434;44;22901167;13434;545;14802;15393;4.42;0.27;389.55;25.12;1368;54;5298.00;591
13436;44;22901187;13436;542;14807;15393;4.40;0.27;389.51;25.17;1371;54;5299.00;586
13443;44;22901209;13443;540;14810;15399;4.36;0.27;389.67;25.17;1367;54;5300.00;589
13444;44;22901237;13444;540;14812;15400;4.36;0.27;389.65;25.19;1368;54;5301.00;588
13448;44;22901258;13448;542;14813;15400;4.34;0.27;389.71;25.20;1365;54;5302.00;587
13450;44;22901283;13450;545;14814;15400;4.37;0.27;389.87;25.21;1364;54;5303.00;586
13452;44;22901308;13452;551;14820;15404;4.42;0.27;390.03;25.23;1368;54;5304.00;584
13453;44;22901326;13453;556;14822;15404;4.42;0.27;390.06;25.24;1369;54;5305.00;582
13457;44;22901344;13457;548;14824;15404;4.43;0.27;390.15;25.26;1367;54;5306.00;580
13460;44;22901362;13460;546;14826;15405;4.44;0.27;390.19;25.26;1366;54;5307.00;579
13462;44;22901382;13462;539;14827;15409;4.45;0.27;390.16;25.26;1365;54;5308.00;582
13465;44;22901400;13465;540;14832;15409;4.45;0.27;390.25;25.30;1367;54;5309.00;577
13466;44;22901419;13466;537;14833;15415;4.52;0.28;390.35;25.30;1367;54;5310.00;582
13469;44;22901436;13469;542;14835;15415;4.55;0.28;390.40;25.31;1366;54;5311.00;580
13470;44;22901452;13470;542;14836;15415;4.57;0.28;390.45;25.31;1366;54;5312.00;579
13473;44;22901469;13473;546;14837;15415;4.56;0.28;390.48;25.32;1364;54;5313.00;578
13475;44;22901486;13475;553;14842;15419;4.56;0.28;390.52;25.33;1367;54;5314.00;577
13478;44;22901503;13478;554;14845;15419;4.51;0.28;390.55;25.35;1367;54;5315.00;574
13478;44;22901519;13478;552;14847;15419;4.55;0.28;390.55;25.36;1369;54;5316.00;572
13481;44;22901535;13481;545;14850;15419;4.59;0.28;390.62;25.37;1369;54;5317.00;569
13486;44;22901552;13486;551;14851;15420;4.61;0.28;390.70;25.38;1365;54;5318.00;569
13489;44;22901569;13489;539;14855;15421;4.65;0.28;390.70;25.59;1366;55;5319.00;566
13492;44;22901599;13492;531;14859;15421;4.68;0.29;390.76;25.70;1367;55;5320.00;562
13495;44;22901617;13495;529;14860;15422;4.72;0.29;390.75;25.69;1365;55;5321.00;562
13498;44;22901636;13498;526;14862;15422;4.73;0.29;390.77;25.71;1364;55;5322.00;560
13500;44;22901653;13500;516;14864;15422;4.77;0.29;390.83;25.72;1364;55;5323.00;558
13505;44;22901670;13505;520;14865;15422;4.77;0.29;390.83;25.73;1360;55;5324.00;557
13507;44;22901687;13507;519;14866;15422;4.79;0.29;390.84;25.74;1359;55;5325.00;556
13509;44;22901704;13509;521;14870;15422;4.80;0.29;390.89;25.75;1361;55;5326.00;552
13513;44;22901720;13513;519;14870;15422;4.84;0.30;391.03;25.75;1357;55;5327.00;552
13514;44;22901736;13514;543;14942;15549;4.93;0.31;391.02;25.65;1428;55;5328.00;607
13517;44;22901762;13517;539;14942;15550;4.94;0.31;391.09;25.65;1425;55;5329.00;608
13520;44;22901780;13520;530;14946;15550;4.99;0.31;391.09;25.66;1426;55;5330.00;604
13521;44;22901796;13521;536;14948;15550;4.98;0.31;391.08;25.67;1427;55;5331.00;602
13525;44;22901819;13525;528;14952;15550;5.03;0.31;391.12;25.67;1427;55;5332.00;598
13525;44;22901835;13525;526;14955;15550;5.07;0.31;391.12;25.67;1430;55;5333.00;595
13530;44;22901853;13530;524;14959;15550;5.08;0.31;391.13;25.67;1429;55;5334.00;591
13533;44;22901879;13533;531;14961;15550;5.08;0.31;391.16;25.67;1428;55;5335.00;589
13534;44;22901897;13534;532;14964;15551;5.10;0.31;391.16;25.68;1430;55;5336.00;587
13536;44;22901915;13536;535;14967;15552;5.11;0.32;391.18;25.68;1431;55;5337.00;585
13539;44;22901932;13539;540;14973;15552;5.08;0.31;391.28;25.78;1434;55;5338.00;579
13543;44;22901951;13543;537;14975;15553;5.03;0.31;391.39;25.79;1432;55;5339.00;578
13547;44;22901971;13547;536;14977;15553;5.00;0.31;391.47;25.79;1430;55;5340.00;576
13548;44;22901991;13548;533;14979;15553;4.99;0.31;391.45;25.80;1431;55;5341.00;574
13553;44;22902012;13553;531;14979;15553;4.91;0.30;391.48;25.80;1426;55;5342.00;574
13555;44;22902034;13555;530;14984;15557;4.85;0.30;391.51;25.81;1429;55;5343.00;573
13557;44;22902052;13557;532;14985;15557;4.83;0.30;391.50;25.91;1428;55;5344.00;572
13559;44;22902070;13559;530;14986;15557;4.80;0.29;391.48;25.91;1427;55;5345.00;571
13559;44;22902088;13559;528;14988;15560;4.80;0.29;391.48;25.92;1429;55;5346.00;572
13562;44;22902107;13562;513;14989;15560;4.83;0.30;391.55;25.93;1427;55;5347.00;571
13565;44;22902125;13565;509;14990;15560;4.84;0.30;391.60;25.94;1425;55;5348.00;570
13569;44;22902144;13569;505;14991;15564;4.85;0.30;391.71;25.95;1422;55;5349.00;573
13570;44;22902180;13570;509;14993;15565;4.87;0.30;391.71;25.95;1423;55;5350.00;572
13571;44;22902218;13571;508;14994;15565;4.89;0.30;391.72;25.96;1423;55;5351.00;571
13573;44;22902240;13573;512;14996;15569;4.87;0.30;391.74;25.96;1423;55;5352.00;573
13575;44;22902265;13575;513;14997;15569;4.87;0.30;391.78;25.96;1422;55;5353.00;572
13578;44;22902285;13578;508;15000;15569;4.80;0.29;391.84;26.05;1422;56;5354.00;569
13580;44;22902312;13580;513;15003;15571;4.72;0.29;391.83;26.16;1423;56;5355.00;568
13582;44;22902339;13582;512;15003;15571;4.69;0.29;391.83;26.16;1421;56;5356.00;568
13583;44;22902367;13583;507;15007;15577;4.67;0.29;391.83;26.16;1424;56;5357.00;570
13587;44;22902385;13587;510;15009;15577;4.65;0.28;391.94;26.16;1422;56;5358.00;568
13589;44;22902403;13589;498;15010;15577;4.63;0.28;391.95;26.16;1421;56;5359.00;567
13593;44;22902427;13593;512;15010;15578;4.58;0.28;392.05;26.16;1417;56;5360.00;568
13593;44;22902445;13593;506;15010;15578;4.60;0.28;392.05;26.16;1417;56;5361.00;568
13593;44;22902463;13593;508;15012;15578;4.56;0.28;392.05;26.26;1419;56;5362.00;566
13595;44;22902482;13595;509;15012;15578;4.50;0.27;392.04;26.26;1417;56;5363.00;566
13596;44;22902500;13596;515;15021;15590;4.51;0.28;392.03;26.34;1425;56;5364.00;569
13599;44;22902519;13599;516;15022;15590;4.47;0.27;391.99;26.34;1423;56;5365.00;568
13602;44;22902537;13602;521;15022;15590;4.46;0.27;391.99;26.34;1420;56;5366.00;568
13606;44;22902555;13606;531;15023;15590;4.47;0.27;392.09;26.35;1417;56;5367.00;567
13607;44;22902575;13607;534;15026;15590;4.48;0.27;392.08;26.37;1419;56;5368.00;564
13611;44;22902593;13611;536;15027;15590;4.47;0.27;392.13;26.46;1416;56;5369.00;563
13614;44;22902613;13614;534;15029;15594;4.49;0.27;392.16;26.47;1415;56;5370.00;565
13617;44;22902640;13617;543;15029;15594;4.46;0.27;392.15;26.47;1412;56;5371.00;565
13619;44;22902657;13619;545;15031;15598;4.45;0.27;392.10;26.46;1412;56;5372.00;567
13621;44;22902676;13621;549;15031;15599;4.44;0.27;392.12;26.46;1410;56;5373.00;568
13623;44;22902693;13623;547;15032;15599;4.39;0.27;392.19;26.47;1409;56;5374.00;567
13626;44;22902716;13626;558;15033;15599;4.34;0.26;392.18;26.48;1407;56;5375.00;566
13629;44;22902733;13629;564;15044;15612;4.31;0.26;392.24;26.46;1415;56;5376.00;568
13631;44;22902752;13631;570;15045;15612;4.30;0.26;392.23;26.46;1414;56;5377.00;567
13634;44;22902769;13634;581;15045;15612;4.27;0.26;392.25;26.46;1411;56;5378.00;567
13635;44;22902787;13635;591;15047;15613;4.26;0.26;392.23;26.47;1412;56;5379.00;566
13637;44;22902808;13637;595;15048;15614;4.25;0.26;392.23;26.57;1411;56;5380.00;566
13639;44;22902827;13639;604;15048;15614;4.21;0.26;392.19;26.57;1409;56;5381.00;566
13641;44;22902843;13641;607;15050;15617;4.20;0.26;392.25;26.67;1409;56;5382.00;567
13642;44;22902862;13642;608;15050;15617;4.17;0.25;392.23;26.67;1408;56;5383.00;567
13642;44;22902887;13642;616;15050;15617;4.16;0.25;392.23;26.67;1408;56;5384.00;567
13642;44;22902904;13642;621;15050;15617;4.15;0.25;392.23;26.67;1408;56;5385.00;567
13643;44;22902922;13643;627;15054;15623;4.17;0.26;392.20;26.66;1411;56;5386.00;569
13644;44;22902941;13644;629;15054;15623;4.15;0.25;392.18;26.66;1410;56;5387.00;569
13647;44;22902958;13647;629;15055;15623;4.12;0.25;392.23;26.76;1408;56;5388.00;568
13649;44;22902976;13649;638;15055;15623;4.07;0.25;392.18;26.76;1406;56;5389.00;568
13653;44;22902994;13653;635;15058;15627;4.03;0.25;392.16;26.96;1405;56;5390.00;569
13655;44;22903015;13655;651;15058;15628;3.97;0.24;392.19;26.96;1403;56;5391.00;570
13656;44;22903032;13656;658;15058;15628;3.93;0.24;392.22;26.96;1402;56;5392.00;570
13660;44;22903048;13660;664;15059;15629;3.85;0.23;392.24;26.96;1399;56;5393.00;570
13662;44;22903069;13662;658;15059;15629;3.83;0.23;392.27;26.96;1397;56;5394.00;570
13664;44;22903085;13664;661;15059;15629;3.79;0.23;392.27;26.96;1395;56;5395.00;570
13665;44;22903100;13665;664;15059;15629;3.76;0.23;392.27;26.96;1394;56;5396.00;570
13667;44;22903117;13667;659;15059;15629;3.75;0.23;392.30;26.96;1392;56;5397.00;570
13668;44;22903133;13668;664;15059;15629;3.73;0.23;392.29;26.96;1391;56;5398.00;570
13670;44;22903148;13670;662;15059;15629;3.69;0.22;392.24;26.96;1389;56;5399.00;570
