step_arrived;step_collisions;step_duration;step_ended;step_halting;step_inserted;step_loaded;step_meanSpeed;step_meanSpeedRelative;step_meanTravelTime;step_meanWaitingTime;step_running;step_teleports;step_time;step_waiting
0;0;23518681;0;1;88;245;15.85;1.12;-1.00;0.00;88;0;0.00;157
0;0;23518705;0;1;102;245;14.91;1.04;-1.00;0.14;102;0;1.00;143
0;0;23518706;0;2;122;245;14.04;0.96;-1.00;0.44;122;0;2.00;123
0;0;23518707;0;4;133;245;13.10;0.89;-1.00;0.65;133;0;3.00;112
0;0;23518708;0;6;148;245;12.24;0.83;-1.00;0.99;148;0;4.00;97
0;0;23518709;0;7;156;245;11.33;0.76;-1.00;1.20;156;0;5.00;89
0;0;23518711;0;8;166;245;10.65;0.71;-1.00;1.49;166;0;6.00;79
0;0;23518712;0;15;176;245;10.08;0.67;-1.00;1.80;176;0;7.00;69
0;0;23518714;0;24;183;246;9.61;0.64;-1.00;2.04;183;0;8.00;63
0;0;23518716;0;23;191;247;9.16;0.61;-1.00;2.33;191;0;9.00;56
0;0;23518718;0;27;197;247;8.83;0.58;-1.00;2.56;197;0;10.00;50
0;0;23518720;0;32;202;248;8.62;0.57;-1.00;2.72;202;0;11.00;46
1;0;23518722;1;38;205;248;8.55;0.56;12.00;2.86;204;0;12.00;43
1;0;23518724;1;38;209;248;8.51;0.56;12.00;3.05;208;0;13.00;39
2;0;23518726;2;43;214;248;8.45;0.55;13.00;3.31;212;0;14.00;34
2;0;23518728;2;43;218;252;8.51;0.55;13.00;3.39;216;0;15.00;34
2;0;23518731;2;50;221;252;8.62;0.55;13.00;3.57;219;0;16.00;31
2;0;23518734;2;54;225;252;8.60;0.55;13.00;3.80;223;0;17.00;27
2;0;23518736;2;56;228;255;8.65;0.55;13.00;3.96;226;0;18.00;27
2;0;23518739;2;60;232;255;8.67;0.55;13.00;4.16;230;0;19.00;23
2;1;23518741;2;65;234;255;8.88;0.56;13.00;4.22;232;1;20.00;21
4;1;23518756;4;73;240;259;9.01;0.57;17.00;4.30;236;1;21.00;19
5;1;23518763;5;72;243;260;9.01;0.57;18.00;4.38;238;1;22.00;17
6;1;23518766;6;73;244;260;8.97;0.56;18.67;4.45;238;1;23.00;16
7;1;23518768;7;78;249;264;8.89;0.55;19.43;4.65;242;1;24.00;15
7;1;23518772;7;78;251;264;8.88;0.55;19.43;4.72;244;1;25.00;13
7;1;23518774;7;82;252;264;8.81;0.55;19.43;4.71;245;1;26.00;12
7;1;23518777;7;86;252;265;8.73;0.54;19.43;4.71;245;1;27.00;13
7;1;23518780;7;91;254;265;8.57;0.53;19.43;4.82;247;1;28.00;11
7;1;23518782;7;92;259;271;8.50;0.53;19.43;4.75;252;1;29.00;12
7;1;23518787;7;92;260;271;8.50;0.53;19.43;4.85;253;1;30.00;11
8;1;23518790;8;96;262;272;8.43;0.52;20.50;4.93;254;1;31.00;10
8;1;23518793;8;98;263;272;8.38;0.52;20.50;5.03;255;1;32.00;9
8;1;23518796;8;100;264;272;8.26;0.51;20.50;5.14;256;1;33.00;8
10;1;23518799;10;107;264;272;8.09;0.50;23.20;5.14;254;1;34.00;8
10;1;23518802;10;108;265;272;8.13;0.50;23.20;5.25;255;1;35.00;7
11;1;23518805;11;111;275;284;8.34;0.52;23.73;5.09;264;1;36.00;9
11;1;23518809;11;115;276;284;8.39;0.52;23.73;5.17;265;1;37.00;8
13;1;23518812;13;116;278;284;8.38;0.52;25.23;5.15;265;1;38.00;6
13;1;23518814;13;118;279;284;8.36;0.52;25.23;5.21;266;1;39.00;5
14;1;23518817;14;120;279;284;8.23;0.51;26.07;5.21;265;1;40.00;5
14;1;23518820;14;124;280;284;8.20;0.51;26.07;5.24;266;1;41.00;4
15;1;23518823;15;126;285;288;8.25;0.51;27.00;5.18;270;1;42.00;3
16;1;23518826;16;128;285;288;8.11;0.50;26.69;5.18;269;1;43.00;3
17;1;23518829;17;131;289;292;7.98;0.50;27.18;5.12;272;1;44.00;3
17;1;23518832;17;136;291;294;7.93;0.50;27.18;5.09;274;1;45.00;3
17;1;23518835;17;139;291;294;7.78;0.49;27.18;5.09;274;1;46.00;3
19;1;23518837;19;137;291;294;7.69;0.48;28.89;5.09;272;1;47.00;3
19;1;23518840;19;141;302;307;7.90;0.49;28.89;4.90;283;1;48.00;5
19;1;23518844;19;145;302;307;7.77;0.49;28.89;4.90;283;1;49.00;5
19;1;23518846;19;145;302;307;7.71;0.48;28.89;4.90;283;1;50.00;5
19;1;23518849;19;146;303;308;7.62;0.48;28.89;4.89;284;1;51.00;5
21;1;23518852;21;147;304;309;7.49;0.46;30.86;4.88;283;1;52.00;5
22;1;23518855;22;150;304;309;7.42;0.46;31.86;4.88;282;1;53.00;5
22;1;23518858;22;152;306;312;7.44;0.46;31.86;4.85;284;1;54.00;6
23;1;23518860;23;152;306;312;7.38;0.45;32.78;4.85;283;1;55.00;6
25;1;23518863;25;143;307;312;7.33;0.45;33.72;4.84;282;1;56.00;5
28;1;23518866;28;140;307;312;7.20;0.44;34.93;4.84;279;1;57.00;5
30;1;23518869;30;139;313;318;7.16;0.44;35.67;4.76;283;1;58.00;5
30;1;23518872;30;138;313;318;7.16;0.44;35.67;4.76;283;1;59.00;5
30;1;23518876;30;144;313;318;7.16;0.44;35.67;4.76;283;1;60.00;5
30;1;23518879;30;146;313;318;7.19;0.44;35.67;4.76;283;1;61.00;5
30;1;23518882;30;149;317;322;7.27;0.45;35.67;4.72;287;1;62.00;5
30;1;23518885;30;153;318;323;7.40;0.45;35.67;4.70;288;1;63.00;5
31;1;23518887;31;153;318;323;7.42;0.45;36.48;4.70;287;1;64.00;5
31;1;23518890;31;153;319;324;7.46;0.45;36.48;4.69;288;1;65.00;5
34;1;23518892;34;156;319;324;7.43;0.45;37.65;4.69;285;1;66.00;5
35;1;23518895;35;147;319;324;7.52;0.45;38.34;4.69;284;1;67.00;5
35;1;23518898;35;143;319;324;7.66;0.46;38.34;4.69;284;1;68.00;5
35;1;23518901;35;138;319;324;7.71;0.47;38.34;4.69;284;1;69.00;5
35;1;23518904;35;135;319;324;7.85;0.48;38.34;4.69;284;1;70.00;5
35;1;23518907;35;128;319;324;8.03;0.49;38.34;4.69;284;1;71.00;5
35;1;23518910;35;132;353;394;8.30;0.51;38.34;4.24;318;1;72.00;41
35;1;23518921;35;126;354;395;8.47;0.52;38.34;4.23;319;1;73.00;41
35;1;23518925;35;118;361;395;8.79;0.54;38.34;4.19;326;1;74.00;34
35;2;23518928;35;117;363;395;8.99;0.55;38.34;4.18;328;2;75.00;32
36;2;23518941;36;117;366;395;9.23;0.56;38.81;4.18;330;2;76.00;29
36;2;23518945;36;118;370;395;9.35;0.57;38.81;4.19;334;2;77.00;25
36;2;23518949;36;117;373;395;9.47;0.58;38.81;4.20;337;2;78.00;22
37;2;23518953;37;122;376;395;9.46;0.58;39.41;4.22;339;2;79.00;19
37;2;23518956;37;124;378;396;9.41;0.57;39.41;4.22;341;2;80.00;18
38;2;23518960;38;124;379;397;9.42;0.57;40.50;4.24;341;2;81.00;18
40;2;23518964;40;126;380;397;9.39;0.57;42.58;4.25;340;2;82.00;17
40;2;23518967;40;126;385;401;9.23;0.56;42.58;4.24;345;2;83.00;16
40;2;23518971;40;129;386;401;9.21;0.56;42.58;4.23;346;2;84.00;15
40;2;23518974;40;127;386;401;9.16;0.56;42.58;4.23;346;2;85.00;15
40;2;23518978;40;130;386;401;9.08;0.55;42.58;4.23;346;2;86.00;15
41;2;23518981;41;129;391;407;8.94;0.54;43.56;4.19;350;2;87.00;16
41;2;23518985;41;132;391;407;8.83;0.54;43.56;4.19;350;2;88.00;16
43;2;23518989;43;134;391;407;8.71;0.53;45.65;4.19;348;2;89.00;16
44;2;23518994;44;131;395;413;8.66;0.53;46.66;4.15;351;2;90.00;18
45;2;23518998;45;129;395;413;8.59;0.52;47.64;4.15;350;2;91.00;18
48;2;23519002;48;128;397;413;8.56;0.52;50.42;4.14;349;2;92.00;16
49;2;23519008;49;129;398;414;8.53;0.52;51.29;4.13;349;2;93.00;16
49;2;23519013;49;131;399;415;8.59;0.52;51.29;4.12;350;2;94.00;16
49;2;23519018;49;129;399;415;8.63;0.53;51.29;4.12;350;2;95.00;16
50;2;23519022;50;134;410;428;8.60;0.53;52.18;4.01;360;2;96.00;18
53;2;23519027;53;132;410;428;8.62;0.53;54.62;4.01;357;2;97.00;18
53;2;23519031;53;131;410;428;8.67;0.53;54.62;4.01;357;2;98.00;18
56;2;23519035;56;133;411;429;8.61;0.53;57.00;4.00;355;2;99.00;18
58;2;23519040;58;134;411;429;8.61;0.53;57.24;4.00;353;2;100.00;18
61;2;23519048;61;135;414;433;8.64;0.53;59.26;3.98;353;2;101.00;19
62;2;23519052;62;135;414;433;8.67;0.53;59.81;3.98;352;2;102.00;19
65;2;23519056;65;138;418;437;8.60;0.53;61.72;3.95;353;2;103.00;19
66;2;23519060;66;132;418;437;8.64;0.53;62.33;3.95;352;2;104.00;19
66;2;23519063;66;129;418;437;8.74;0.53;62.33;3.95;352;2;105.00;19
66;2;23519067;66;124;418;437;8.93;0.54;62.33;3.95;352;2;106.00;19
67;2;23519071;67;115;418;437;9.00;0.55;62.97;3.95;351;2;107.00;19
67;2;23519075;67;108;428;449;9.12;0.56;62.97;3.86;361;2;108.00;21
67;2;23519079;67;101;431;449;9.29;0.57;62.97;4.01;364;2;109.00;18
67;2;23519085;67;97;432;449;9.44;0.58;62.97;4.00;365;2;110.00;17
67;2;23519089;67;93;432;449;9.53;0.58;62.97;4.00;365;2;111.00;17
69;2;23519093;69;90;432;449;9.70;0.59;63.83;4.00;363;2;112.00;17
69;2;23519097;69;87;432;449;9.86;0.60;63.83;4.00;363;2;113.00;17
69;2;23519102;69;85;433;450;9.97;0.61;63.83;4.00;364;2;114.00;17
70;2;23519106;70;80;433;450;10.09;0.62;64.56;4.00;363;2;115.00;17
70;2;23519111;70;75;438;456;10.22;0.63;64.56;3.96;368;2;116.00;18
71;2;23519117;71;69;438;457;10.33;0.63;65.30;3.96;367;2;117.00;19
72;2;23519122;72;68;439;457;10.45;0.64;66.03;3.95;367;2;118.00;18
75;2;23519126;75;71;439;457;10.58;0.65;68.04;3.95;364;2;119.00;18
75;2;23519133;75;71;443;462;10.84;0.66;68.04;3.92;368;2;120.00;19
75;2;23519139;75;72;443;462;10.98;0.67;68.04;3.92;368;2;121.00;19
77;2;23519144;77;72;443;462;11.03;0.67;69.32;3.92;366;2;122.00;19
77;2;23519150;77;73;447;463;11.02;0.67;69.32;4.39;370;2;123.00;16
79;2;23519155;79;75;451;467;10.95;0.67;70.67;4.36;372;2;124.00;16
80;2;23519161;80;75;452;467;11.00;0.67;71.05;4.63;372;2;125.00;15
81;2;23519166;81;79;456;470;11.14;0.68;71.68;4.82;375;2;126.00;14
82;2;23519172;82;79;457;470;11.24;0.68;72.35;4.81;375;2;127.00;13
83;2;23519178;83;79;458;470;11.36;0.69;72.98;5.08;375;2;128.00;12
83;2;23519183;83;81;459;470;11.49;0.70;72.98;5.20;376;2;129.00;11
83;2;23519190;83;85;463;474;11.68;0.71;72.98;5.33;380;2;130.00;11
85;2;23519195;85;86;463;474;11.81;0.72;74.33;5.33;378;2;131.00;11
87;2;23519201;87;90;466;474;11.81;0.72;75.59;5.60;379;2;132.00;8
88;2;23519208;88;90;467;474;11.93;0.73;75.83;5.77;379;2;133.00;7
90;2;23519214;90;89;470;475;11.98;0.73;76.88;5.90;380;2;134.00;5
91;2;23519220;91;88;473;477;12.06;0.74;77.49;5.88;382;2;135.00;4
91;2;23519226;91;87;474;477;12.00;0.73;77.49;6.00;383;2;136.00;3
93;2;23519231;93;91;475;478;11.94;0.73;77.85;5.99;382;2;137.00;3
95;2;23519237;95;90;476;478;11.87;0.73;77.22;6.07;381;2;138.00;2
96;2;23519243;96;96;476;478;11.81;0.72;77.49;6.07;380;2;139.00;2
96;2;23519248;96;99;477;478;11.79;0.72;77.49;6.15;381;2;140.00;1
97;2;23519254;97;98;477;478;11.72;0.72;77.77;6.15;380;2;141.00;1
99;2;23519259;99;100;477;478;11.70;0.72;78.99;6.15;378;2;142.00;1
100;2;23519265;100;101;478;478;11.65;0.72;79.63;6.18;378;2;143.00;0
101;2;23519270;101;122;554;605;11.24;0.71;80.17;5.34;453;2;144.00;51
105;2;23519286;105;112;559;606;11.17;0.70;82.44;5.30;454;2;145.00;47
108;2;23519293;108;111;567;606;11.05;0.70;83.48;5.25;459;2;146.00;39
110;2;23519299;110;112;568;606;10.91;0.69;84.24;5.25;458;2;147.00;38
113;2;23519306;113;115;572;606;10.79;0.68;85.39;5.24;459;2;148.00;34
114;2;23519311;114;113;572;606;10.57;0.66;85.44;5.24;458;2;149.00;34
116;2;23519319;116;115;579;611;10.45;0.66;86.43;5.23;463;2;150.00;32
117;2;23519327;117;112;580;611;10.42;0.65;86.37;5.23;463;2;151.00;31
118;2;23519333;118;116;583;612;10.44;0.65;86.83;5.25;465;2;152.00;29
120;2;23519339;120;117;589;613;10.46;0.65;86.92;5.29;469;2;153.00;24
126;2;23519345;126;119;592;613;10.46;0.65;88.24;5.31;466;2;154.00;21
127;2;23519351;127;123;596;614;10.46;0.65;88.76;5.33;469;2;155.00;18
129;2;23519357;129;129;600;614;10.42;0.64;89.78;5.36;471;2;156.00;14
130;2;23519363;130;130;602;614;10.37;0.64;90.27;5.38;472;2;157.00;12
134;2;23519368;134;133;603;614;10.27;0.63;92.27;5.38;469;2;158.00;11
135;2;23519375;135;140;609;618;10.14;0.62;92.64;5.41;474;2;159.00;9
135;2;23519382;135;144;610;618;10.11;0.62;92.64;5.40;475;2;160.00;8
136;2;23519388;136;151;610;618;10.13;0.62;92.08;5.40;474;2;161.00;8
138;2;23519395;138;153;611;621;10.10;0.62;93.06;5.39;473;2;162.00;10
139;2;23519401;139;158;612;621;9.99;0.62;93.55;5.42;473;2;163.00;9
141;2;23519408;141;161;613;621;9.89;0.61;94.02;5.44;472;2;164.00;8
141;2;23519414;141;164;617;625;9.73;0.60;94.02;5.44;476;2;165.00;8
143;2;23519421;143;163;619;626;9.66;0.60;94.98;5.46;476;2;166.00;7
144;2;23519427;144;163;620;626;9.63;0.60;94.48;5.48;476;2;167.00;6
147;2;23519434;147;163;623;630;9.60;0.59;95.42;5.45;476;2;168.00;7
150;2;23519440;150;163;625;630;9.52;0.59;95.79;5.45;475;2;169.00;5
151;2;23519445;151;162;627;630;9.47;0.58;95.81;5.48;476;2;170.00;3
153;2;23519451;153;159;628;631;9.33;0.58;96.09;5.47;475;2;171.00;3
156;2;23519457;156;157;629;631;9.24;0.57;96.90;5.51;473;2;172.00;2
156;2;23519462;156;156;635;637;9.24;0.57;96.90;5.47;479;2;173.00;2
157;2;23519468;157;165;635;637;9.17;0.57;97.29;5.47;478;2;174.00;2
157;2;23519473;157;150;636;638;9.14;0.56;97.29;5.46;479;2;175.00;2
157;2;23519479;157;145;636;638;9.15;0.56;97.29;5.46;479;2;176.00;2
159;2;23519484;159;138;636;638;9.18;0.56;98.11;5.46;477;2;177.00;2
160;2;23519491;160;134;636;638;9.21;0.57;98.46;5.46;476;2;178.00;2
162;2;23519496;162;132;636;638;9.13;0.56;98.98;5.46;474;2;179.00;2
163;2;23519504;163;135;668;672;9.26;0.57;99.43;5.27;505;2;180.00;4
163;2;23519513;163;129;669;672;9.27;0.57;99.43;5.26;506;2;181.00;3
163;2;23519519;163;126;671;672;9.42;0.58;99.43;5.25;508;2;182.00;1
165;2;23519525;165;123;671;672;9.46;0.58;99.70;5.25;506;2;183.00;1
165;2;23519531;165;117;672;672;9.52;0.59;99.70;5.25;507;2;184.00;0
165;2;23519537;165;121;672;672;9.47;0.58;99.70;5.25;507;2;185.00;0
167;2;23519543;167;117;676;676;9.40;0.58;100.18;5.22;509;2;186.00;0
167;2;23519550;167;120;676;676;9.40;0.58;100.18;5.22;509;2;187.00;0
168;2;23519556;168;115;680;680;9.42;0.58;100.33;5.20;512;2;188.00;0
169;2;23519563;169;122;681;681;9.49;0.58;100.86;5.19;512;2;189.00;0
170;2;23519569;170;125;681;681;9.49;0.58;100.58;5.19;511;2;190.00;0
172;2;23519576;172;131;681;681;9.44;0.58;100.60;5.19;509;2;191.00;0
174;2;23519582;174;136;694;694;9.45;0.58;100.94;5.10;520;2;192.00;0
177;2;23519590;177;143;694;694;9.42;0.58;102.07;5.10;517;2;193.00;0
180;2;23519595;180;145;694;694;9.37;0.57;102.62;5.10;514;2;194.00;0
181;2;23519601;181;144;695;695;9.35;0.58;102.34;5.09;514;2;195.00;0
182;2;23519609;182;149;696;696;9.28;0.57;102.18;5.08;514;2;196.00;0
183;2;23519614;183;155;696;696;9.34;0.58;101.94;5.08;513;2;197.00;0
186;2;23519621;186;160;698;699;9.39;0.58;102.44;5.07;512;2;198.00;1
189;2;23519628;189;166;698;699;9.39;0.58;103.05;5.07;509;2;199.00;1
192;2;23519635;192;168;699;699;9.31;0.57;104.12;5.06;507;2;200.00;0
194;2;23519645;194;171;699;699;9.20;0.57;103.98;5.06;505;2;201.00;0
198;2;23519651;198;176;704;705;9.04;0.56;103.39;5.04;506;2;202.00;1
200;2;23519658;200;180;705;705;8.87;0.55;102.94;5.03;505;2;203.00;0
200;2;23519664;200;186;705;705;8.78;0.54;102.94;5.03;505;2;204.00;0
205;2;23519670;205;192;705;705;8.56;0.53;102.98;5.03;500;2;205.00;0
206;2;23519676;206;200;709;709;8.45;0.52;102.60;5.01;503;2;206.00;0
206;2;23519683;206;210;710;710;8.33;0.51;102.60;5.00;504;2;207.00;0
209;2;23519689;209;212;710;710;8.22;0.51;102.24;5.00;501;2;208.00;0
212;2;23519694;212;219;711;711;8.10;0.50;102.05;5.00;499;2;209.00;0
218;2;23519702;218;220;711;711;7.88;0.48;101.79;5.00;493;2;210.00;0
220;2;23519708;220;222;711;711;7.71;0.47;101.87;5.00;491;2;211.00;0
221;2;23519714;221;224;711;711;7.56;0.46;101.53;5.00;490;2;212.00;0
222;2;23519719;222;229;711;711;7.46;0.46;101.92;5.00;489;2;213.00;0
222;2;23519725;222;234;711;711;7.31;0.45;101.92;5.00;489;2;214.00;0
223;2;23519731;223;238;711;711;7.23;0.45;102.10;5.00;488;2;215.00;0
224;2;23519736;224;252;753;781;7.46;0.46;102.20;4.72;529;2;216.00;28
225;2;23519747;225;252;755;782;7.42;0.46;102.06;4.71;530;2;217.00;27
228;2;23519753;228;250;762;782;7.48;0.46;102.74;4.68;534;2;218.00;20
228;2;23519759;228;253;763;782;7.43;0.46;102.74;4.68;535;2;219.00;19
229;2;23519765;229;252;768;782;7.46;0.46;103.23;4.68;539;2;220.00;14
230;2;23519770;230;256;768;782;7.40;0.45;103.74;4.68;538;2;221.00;14
231;2;23519776;231;249;771;782;7.37;0.45;103.91;4.68;540;2;222.00;11
231;2;23519782;231;247;774;782;7.40;0.45;103.91;4.69;543;2;223.00;8
232;2;23519789;232;232;777;783;7.48;0.46;104.43;4.70;545;2;224.00;6
234;2;23519795;234;225;782;785;7.48;0.46;105.05;4.72;548;2;225.00;3
234;2;23519802;234;219;785;785;7.58;0.46;105.05;4.72;551;2;226.00;0
234;2;23519809;234;219;789;789;7.69;0.47;105.05;4.70;555;2;227.00;0
236;2;23519816;236;217;789;789;7.83;0.48;105.67;4.70;553;2;228.00;0
239;2;23519823;239;213;789;789;7.98;0.49;107.18;4.70;550;2;229.00;0
241;2;23519831;241;215;789;789;8.14;0.50;107.00;4.70;548;2;230.00;0
242;2;23519838;242;200;795;795;8.33;0.51;107.48;4.67;553;2;231.00;0
242;3;23519846;242;191;795;795;8.52;0.52;107.48;4.67;553;3;232.00;0
244;3;23519869;244;178;795;795;8.70;0.53;108.05;4.67;551;3;233.00;0
245;3;23519877;245;174;797;798;8.95;0.55;108.36;4.66;552;3;234.00;1
248;3;23519884;248;168;797;798;9.17;0.56;109.12;4.66;549;3;235.00;1
249;3;23519892;249;164;798;798;9.31;0.57;108.76;4.66;549;3;236.00;0
250;3;23519900;250;157;799;799;9.42;0.58;109.24;4.65;549;3;237.00;0
251;3;23519908;251;156;800;800;9.52;0.58;109.56;4.65;549;3;238.00;0
252;3;23519915;252;154;800;800;9.56;0.59;109.22;4.65;548;3;239.00;0
255;3;23519924;255;154;824;826;9.67;0.59;110.23;4.51;569;3;240.00;2
258;3;23519934;258;153;824;826;9.71;0.60;110.22;4.51;566;3;241.00;2
258;3;23519942;258;144;825;826;9.85;0.60;110.22;4.51;567;3;242.00;1
260;3;23519949;260;141;827;827;9.87;0.60;111.05;4.50;567;3;243.00;0
260;3;23519962;260;135;827;827;9.94;0.61;111.05;4.50;567;3;244.00;0
263;3;23519969;263;125;831;831;10.00;0.61;112.20;4.48;568;3;245.00;0
267;3;23519978;267;120;831;831;10.00;0.61;112.84;4.48;564;3;246.00;0
270;3;23519986;270;114;835;835;9.89;0.60;113.10;4.47;565;3;247.00;0
273;3;23519994;273;113;835;835;9.91;0.60;113.22;4.47;562;3;248.00;0
276;3;23520001;276;111;835;835;9.92;0.60;113.72;4.47;559;3;249.00;0
279;3;23520014;279;113;835;835;9.96;0.61;114.64;4.47;556;3;250.00;0
281;3;23520024;281;112;835;835;10.01;0.61;114.88;4.47;554;3;251.00;0
282;3;23520032;282;114;846;847;10.11;0.62;114.85;4.41;564;3;252.00;1
282;3;23520041;282;117;846;847;10.18;0.62;114.85;4.41;564;3;253.00;1
285;3;23520047;285;122;847;847;10.25;0.63;115.06;4.41;562;3;254.00;0
290;3;23520060;290;125;847;847;10.26;0.63;117.10;4.41;557;3;255.00;0
292;3;23520067;292;127;847;847;10.34;0.63;117.53;4.41;555;3;256.00;0
293;3;23520074;293;130;847;847;10.33;0.63;118.01;4.41;554;3;257.00;0
295;3;23520081;295;130;848;848;10.29;0.63;118.27;4.40;553;3;258.00;0
296;3;23520088;296;133;848;848;10.32;0.63;118.45;4.40;552;3;259.00;0
296;3;23520094;296;135;854;854;10.24;0.62;118.45;4.38;558;3;260.00;0
297;3;23520112;297;140;855;855;10.25;0.62;118.89;4.37;558;3;261.00;0
298;3;23520119;298;143;855;855;10.27;0.62;119.09;4.37;557;3;262.00;0
300;3;23520126;300;148;855;855;10.15;0.62;119.47;4.37;555;3;263.00;0
301;3;23520132;301;149;859;859;10.10;0.61;119.92;4.35;558;3;264.00;0
301;3;23520139;301;149;859;859;10.09;0.61;119.92;4.35;558;3;265.00;0
302;3;23520145;302;145;859;859;10.10;0.61;120.06;4.35;557;3;266.00;0
304;3;23520152;304;144;860;860;10.14;0.62;120.30;4.35;556;3;267.00;0
306;3;23520159;306;142;864;864;10.09;0.61;120.79;4.33;558;3;268.00;0
308;3;23520165;308;138;864;864;10.19;0.62;120.97;4.33;556;3;269.00;0
309;3;23520174;309;137;868;870;10.26;0.62;121.21;4.31;559;3;270.00;2
314;3;23520181;314;133;868;870;10.35;0.62;121.44;4.31;554;3;271.00;2
317;3;23520188;317;133;870;870;10.35;0.63;122.26;4.31;553;3;272.00;0
320;3;23520195;320;133;870;870;10.35;0.62;123.23;4.31;550;3;273.00;0
321;3;23520201;321;130;874;874;10.42;0.63;123.25;4.29;553;3;274.00;0
323;3;23520210;323;129;874;874;10.46;0.63;123.34;4.29;551;3;275.00;0
325;3;23520217;325;128;874;874;10.44;0.63;123.44;4.29;549;3;276.00;0
326;3;23520229;326;129;874;874;10.47;0.63;123.34;4.29;548;3;277.00;0
328;3;23520236;328;128;875;875;10.50;0.63;123.51;4.29;547;3;278.00;0
330;3;23520242;330;119;876;876;10.53;0.64;123.80;4.29;546;3;279.00;0
333;3;23520249;333;115;876;876;10.63;0.64;124.34;4.29;543;3;280.00;0
335;3;23520255;335;106;877;877;10.70;0.65;124.41;4.28;542;3;281.00;0
335;3;23520262;335;99;877;877;10.77;0.65;124.41;4.28;542;3;282.00;0
337;3;23520268;337;96;877;877;10.82;0.66;124.72;4.28;540;3;283.00;0
340;3;23520275;340;90;877;877;10.89;0.66;125.21;4.28;537;3;284.00;0
344;3;23520282;344;90;877;877;10.86;0.66;125.57;4.28;533;3;285.00;0
344;3;23520289;344;86;877;877;10.91;0.66;125.57;4.28;533;3;286.00;0
345;3;23520296;345;80;877;877;11.00;0.67;125.83;4.28;532;3;287.00;0
346;3;23520303;346;95;946;1004;10.74;0.66;125.78;3.97;600;3;288.00;58
348;3;23520321;348;84;948;1005;10.78;0.66;125.82;3.97;600;3;289.00;57
349;3;23520328;349;81;953;1005;10.90;0.67;126.28;3.96;604;3;290.00;52
351;3;23520336;351;81;957;1005;10.90;0.67;125.98;3.95;606;3;291.00;48
353;3;23520344;353;80;962;1005;10.96;0.67;126.90;3.95;609;3;292.00;43
353;3;23520352;353;81;962;1005;11.01;0.68;126.90;3.95;609;3;293.00;43
355;3;23520360;355;77;966;1005;11.08;0.68;126.73;3.96;611;3;294.00;39
356;3;23520367;356;77;968;1005;11.19;0.69;127.14;3.97;612;3;295.00;37
359;3;23520376;359;78;971;1006;11.31;0.69;126.93;3.98;612;3;296.00;35
362;3;23520383;362;84;977;1007;11.40;0.70;127.41;4.01;615;3;297.00;30
366;3;23520392;366;78;982;1007;11.46;0.70;126.87;4.04;616;3;298.00;25
369;3;23520400;369;81;984;1008;11.47;0.70;126.38;4.05;615;3;299.00;24
369;3;23520411;369;78;991;1014;11.35;0.69;126.38;4.09;622;3;300.00;23
369;3;23520424;369;72;992;1014;11.33;0.69;126.38;4.10;623;3;301.00;22
370;3;23520432;370;77;995;1014;11.34;0.70;126.76;4.13;625;3;302.00;19
372;3;23520440;372;81;999;1018;11.30;0.69;127.64;4.17;627;3;303.00;19
374;3;23520449;374;87;1001;1018;11.28;0.69;128.34;4.19;627;3;304.00;17
376;3;23520463;376;95;1005;1018;11.17;0.68;129.26;4.22;629;3;305.00;13
376;3;23520471;376;99;1007;1021;11.14;0.68;129.26;4.23;631;3;306.00;14
376;3;23520481;376;105;1012;1021;11.05;0.68;129.26;4.27;636;3;307.00;9
378;3;23520489;378;105;1012;1021;11.04;0.68;129.43;4.27;634;3;308.00;9
379;3;23520498;379;112;1016;1025;11.03;0.68;129.72;4.28;637;3;309.00;9
381;3;23520507;381;118;1018;1026;11.15;0.69;130.55;4.27;637;3;310.00;8
385;3;23520516;385;123;1021;1026;11.17;0.69;131.09;4.28;636;3;311.00;5
389;3;23520525;389;126;1025;1030;11.20;0.69;130.71;4.28;636;3;312.00;5
392;3;23520534;392;126;1026;1030;11.23;0.69;131.13;4.28;634;3;313.00;4
394;3;23520544;394;127;1027;1030;11.30;0.69;131.74;4.28;633;3;314.00;3
395;3;23520553;395;131;1030;1032;11.22;0.69;131.54;4.28;635;3;315.00;2
397;3;23520562;397;135;1030;1032;11.24;0.69;131.82;4.28;633;3;316.00;2
401;3;23520569;401;137;1035;1038;11.19;0.68;132.74;4.26;634;3;317.00;3
405;3;23520579;405;141;1036;1038;11.15;0.68;133.51;4.26;631;3;318.00;2
405;3;23520587;405;146;1037;1039;11.03;0.68;133.51;4.26;632;3;319.00;2
406;3;23520596;406;150;1037;1039;10.94;0.67;133.67;4.26;631;3;320.00;2
408;3;23520603;408;153;1037;1039;10.77;0.66;134.04;4.26;629;3;321.00;2
408;3;23520612;408;161;1037;1039;10.56;0.65;134.04;4.26;629;3;322.00;2
411;3;23520620;411;162;1037;1039;10.23;0.63;134.99;4.26;626;3;323.00;2
413;3;23520628;413;161;1048;1051;10.07;0.62;135.58;4.21;635;3;324.00;3
416;3;23520636;416;162;1048;1051;9.92;0.61;136.28;4.21;632;3;325.00;3
421;3;23520645;421;166;1049;1051;9.81;0.60;136.51;4.21;628;3;326.00;2
421;3;23520653;421;162;1049;1051;9.83;0.60;136.51;4.21;628;3;327.00;2
423;3;23520660;423;167;1049;1051;9.89;0.61;136.83;4.21;626;3;328.00;2
426;3;23520667;426;175;1049;1051;9.89;0.61;137.08;4.21;623;3;329.00;2
427;3;23520677;427;177;1052;1055;9.80;0.60;137.30;4.20;625;3;330.00;3
430;3;23520685;430;181;1054;1055;9.79;0.60;137.73;4.26;624;3;331.00;1
431;3;23520693;431;183;1058;1059;9.82;0.60;137.76;4.24;627;3;332.00;1
435;3;23520701;435;184;1059;1060;9.79;0.60;137.58;4.24;624;3;333.00;1
437;3;23520709;437;188;1060;1060;9.77;0.60;137.74;4.24;623;3;334.00;0
440;3;23520716;440;191;1060;1060;9.71;0.60;137.74;4.24;620;3;335.00;0
443;3;23520724;443;199;1073;1073;9.65;0.59;138.64;4.19;630;3;336.00;0
445;3;23520732;445;199;1073;1073;9.65;0.59;139.04;4.19;628;3;337.00;0
447;3;23520740;447;200;1073;1073;9.68;0.59;139.00;4.19;626;3;338.00;0
453;3;23520747;453;203;1074;1074;9.61;0.59;140.02;4.19;621;3;339.00;0
455;3;23520754;455;205;1075;1075;9.56;0.59;140.59;4.18;620;3;340.00;0
462;3;23520761;462;208;1075;1075;9.47;0.58;141.90;4.18;613;3;341.00;0
464;3;23520768;464;209;1078;1078;9.34;0.57;142.77;4.17;614;3;342.00;0
466;3;23520775;466;208;1078;1078;9.25;0.57;143.62;4.17;612;3;343.00;0
468;3;23520782;468;207;1078;1078;9.22;0.56;144.47;4.17;610;3;344.00;0
471;3;23520789;471;210;1078;1078;9.13;0.56;145.23;4.17;607;3;345.00;0
477;3;23520796;477;209;1084;1084;8.94;0.54;146.32;4.15;607;3;346.00;0
479;3;23520804;479;211;1084;1084;8.74;0.53;146.15;4.15;605;3;347.00;0
483;3;23520811;483;212;1084;1084;8.49;0.52;147.31;4.15;601;3;348.00;0
489;3;23520818;489;213;1084;1084;8.19;0.50;147.79;4.15;595;3;349.00;0
489;3;23520824;489;206;1088;1088;8.10;0.50;147.79;4.14;599;3;350.00;0
493;3;23520830;493;199;1089;1089;8.00;0.49;148.45;4.14;596;3;351.00;0
496;3;23520837;496;195;1089;1089;7.97;0.49;148.74;4.14;593;3;352.00;0
498;3;23520843;498;198;1090;1090;8.01;0.49;149.47;4.13;592;3;353.00;0
500;3;23520850;500;194;1090;1090;8.08;0.50;149.67;4.13;590;3;354.00;0
503;3;23520856;503;192;1090;1090;8.16;0.50;149.79;4.13;587;3;355.00;0
506;3;23520863;506;195;1090;1090;8.10;0.50;149.73;4.13;584;3;356.00;0
510;3;23520869;510;189;1090;1090;8.11;0.50;150.16;4.13;580;3;357.00;0
510;3;23520877;510;185;1090;1090;8.17;0.50;150.16;4.13;580;3;358.00;0
512;3;23520883;512;186;1090;1090;8.22;0.51;150.28;4.13;578;3;359.00;0
512;3;23520891;512;196;1157;1215;8.37;0.53;150.28;3.90;645;3;360.00;58
514;3;23520909;514;199;1163;1216;8.34;0.52;150.71;3.88;649;3;361.00;53
517;3;23520916;517;201;1174;1216;8.33;0.52;150.53;3.86;657;3;362.00;42
521;3;23520923;521;200;1175;1216;8.28;0.52;150.35;3.86;654;3;363.00;41
525;3;23520936;525;206;1183;1216;8.16;0.51;151.07;3.86;658;3;364.00;33
529;3;23520943;529;212;1183;1216;8.02;0.50;150.65;3.86;654;3;365.00;33
533;3;23520950;533;217;1190;1216;7.98;0.50;150.32;3.88;657;3;366.00;26
536;3;23520957;536;217;1195;1216;7.81;0.49;150.39;3.89;659;3;367.00;21
537;3;23520964;537;227;1200;1217;7.72;0.48;150.26;3.91;663;3;368.00;17
543;3;23520971;543;233;1203;1218;7.53;0.47;150.20;3.92;660;3;369.00;15
544;3;23520979;544;242;1208;1218;7.43;0.46;150.08;3.94;664;3;370.00;10
545;3;23520986;545;253;1215;1222;7.38;0.46;150.31;3.94;670;3;371.00;7
550;3;23520994;550;254;1217;1222;7.24;0.45;151.65;3.96;667;3;372.00;5
553;3;23521001;553;260;1219;1222;7.12;0.44;151.95;3.97;666;3;373.00;3
553;3;23521009;553;262;1219;1222;7.07;0.44;151.95;3.97;666;3;374.00;3
557;3;23521017;557;269;1224;1228;7.02;0.43;151.89;3.95;667;3;375.00;4
558;3;23521026;558;275;1225;1228;6.93;0.43;151.87;3.96;667;3;376.00;3
560;3;23521039;560;286;1226;1228;6.87;0.42;151.82;3.96;666;3;377.00;2
561;3;23521046;561;287;1229;1231;6.89;0.43;152.10;3.97;668;3;378.00;2
563;3;23521054;563;286;1229;1231;6.81;0.42;151.90;3.97;666;3;379.00;2
566;3;23521061;566;289;1231;1231;6.69;0.41;152.09;3.98;665;3;380.00;0
566;3;23521069;566;278;1232;1232;6.64;0.41;152.09;3.98;666;3;381.00;0
567;3;23521077;567;267;1233;1233;6.63;0.41;151.98;3.97;666;3;382.00;0
568;3;23521084;568;266;1233;1233;6.66;0.41;151.76;3.97;665;3;383.00;0
572;3;23521092;572;267;1245;1246;6.75;0.41;151.19;3.94;673;3;384.00;1
572;3;23521107;572;264;1245;1246;6.79;0.42;151.19;3.94;673;3;385.00;1
575;3;23521115;575;259;1245;1246;6.87;0.42;150.83;3.94;670;3;386.00;1
576;3;23521123;576;261;1247;1247;6.90;0.42;151.06;3.93;671;3;387.00;0
577;3;23521142;577;257;1247;1247;6.99;0.43;150.89;3.93;670;3;388.00;0
578;3;23521149;578;260;1251;1251;7.09;0.43;150.85;3.92;673;3;389.00;0
578;3;23521160;578;260;1251;1251;7.16;0.44;150.85;3.92;673;3;390.00;0
580;3;23521168;580;261;1255;1255;7.26;0.45;150.74;3.91;675;3;391.00;0
583;3;23521176;583;254;1255;1255;7.32;0.45;150.94;3.91;672;3;392.00;0
588;3;23521190;588;255;1255;1255;7.36;0.45;150.94;3.91;667;3;393.00;0
589;3;23521198;589;257;1255;1255;7.40;0.45;151.17;3.91;666;3;394.00;0
591;3;23521206;591;259;1255;1255;7.47;0.45;151.32;3.91;664;3;395.00;0
592;3;23521215;592;261;1265;1267;7.72;0.47;151.48;3.88;673;3;396.00;2
593;3;23521224;593;249;1265;1267;7.81;0.48;151.76;3.88;672;3;397.00;2
596;3;23521233;596;239;1267;1267;7.96;0.49;151.75;3.88;671;3;398.00;0
597;3;23521242;597;238;1267;1267;8.01;0.49;151.95;3.88;670;3;399.00;0
598;3;23521251;598;237;1267;1267;8.07;0.49;152.05;3.88;669;3;400.00;0
600;3;23521263;600;239;1267;1267;8.14;0.50;152.33;3.88;667;3;401.00;0
602;3;23521271;602;239;1268;1268;8.17;0.50;152.68;3.88;666;3;402.00;0
603;3;23521280;603;239;1268;1268;8.22;0.50;152.88;3.88;665;3;403.00;0
603;3;23521288;603;237;1274;1274;8.32;0.51;152.88;3.86;671;3;404.00;0
606;3;23521299;606;241;1276;1276;8.32;0.51;152.42;3.86;670;3;405.00;0
607;3;23521314;607;228;1276;1276;8.35;0.51;152.56;3.86;669;3;406.00;0
609;3;23521323;609;215;1276;1276;8.40;0.51;152.69;3.86;667;3;407.00;0
610;3;23521332;610;207;1280;1280;8.45;0.52;152.98;3.85;670;3;408.00;0
614;3;23521341;614;199;1280;1280;8.52;0.52;153.15;3.85;666;3;409.00;0
614;3;23521350;614;197;1280;1280;8.65;0.53;153.15;3.85;666;3;410.00;0
615;3;23521359;615;195;1281;1281;8.74;0.53;153.57;3.84;666;3;411.00;0
617;3;23521367;617;194;1285;1285;8.83;0.54;153.61;3.84;668;3;412.00;0
620;3;23521383;620;191;1285;1285;8.89;0.54;154.10;3.84;665;3;413.00;0
622;3;23521392;622;193;1287;1288;8.92;0.55;154.69;3.83;665;3;414.00;1
622;3;23521401;622;191;1287;1288;8.92;0.55;154.69;3.83;665;3;415.00;1
625;3;23521410;625;197;1288;1288;8.89;0.54;155.20;3.83;663;3;416.00;0
626;3;23521419;626;188;1288;1288;8.89;0.54;155.39;3.83;662;3;417.00;0
629;3;23521427;629;188;1292;1292;8.90;0.54;155.81;3.82;663;3;418.00;0
633;3;23521437;633;181;1292;1292;8.91;0.54;156.59;3.82;659;3;419.00;0
633;3;23521447;633;178;1292;1292;9.02;0.55;156.59;3.82;659;3;420.00;0
636;3;23521456;636;172;1292;1292;9.04;0.55;156.99;3.82;656;3;421.00;0
638;3;23521465;638;166;1293;1293;9.12;0.56;157.14;3.82;655;3;422.00;0
639;3;23521474;639;165;1294;1294;9.20;0.56;157.45;3.81;655;3;423.00;0
643;3;23521483;643;163;1294;1294;9.27;0.57;158.48;3.81;651;3;424.00;0
644;3;23521492;644;166;1295;1295;9.31;0.57;158.62;3.81;651;3;425.00;0
648;3;23521500;648;166;1295;1295;9.39;0.58;159.29;3.81;647;3;426.00;0
651;3;23521508;651;168;1295;1295;9.45;0.58;159.56;3.81;644;3;427.00;0
655;3;23521523;655;171;1295;1295;9.45;0.58;160.59;3.81;640;3;428.00;0
659;3;23521531;659;171;1295;1295;9.40;0.57;161.69;3.81;636;3;429.00;0
662;3;23521540;662;167;1295;1295;9.45;0.58;161.59;3.81;633;3;430.00;0
665;3;23521548;665;165;1295;1295;9.49;0.58;161.60;3.81;630;3;431.00;0
667;3;23521556;667;196;1375;1422;9.27;0.58;162.07;3.59;708;3;432.00;47
670;3;23521573;670;184;1375;1423;9.32;0.58;162.67;3.59;705;3;433.00;48
673;3;23521583;673;174;1381;1423;9.45;0.59;163.07;3.59;708;3;434.00;42
675;3;23521591;675;169;1383;1423;9.52;0.59;162.95;3.58;708;3;435.00;40
679;3;23521600;679;173;1388;1423;9.56;0.59;163.24;3.59;709;3;436.00;35
681;3;23521609;681;174;1390;1423;9.54;0.59;163.63;3.59;709;3;437.00;33
685;3;23521618;685;176;1393;1423;9.51;0.59;164.03;3.59;708;3;438.00;30
687;3;23521627;687;180;1395;1423;9.49;0.58;164.42;3.60;708;3;439.00;28
688;3;23521635;688;179;1397;1424;9.51;0.58;164.60;3.60;709;3;440.00;27
690;3;23521645;690;175;1402;1425;9.59;0.59;165.12;3.62;712;3;441.00;23
690;3;23521655;690;171;1403;1425;9.65;0.59;165.12;3.63;713;3;442.00;22
693;3;23521663;693;167;1404;1426;9.65;0.59;165.21;3.63;711;3;443.00;22
695;3;23521672;695;170;1407;1426;9.71;0.60;165.45;3.65;712;3;444.00;19
701;3;23521682;701;165;1408;1426;9.77;0.60;166.44;3.66;707;3;445.00;18
701;3;23521691;701;164;1411;1426;9.82;0.60;166.44;3.67;710;3;446.00;15
706;3;23521699;706;161;1415;1430;9.78;0.60;167.30;3.68;709;3;447.00;15
709;3;23521708;709;164;1416;1430;9.80;0.60;167.46;3.69;707;3;448.00;14
712;3;23521717;712;161;1416;1430;9.86;0.60;167.60;3.69;704;3;449.00;14
717;3;23521728;717;162;1421;1436;9.88;0.60;168.42;3.69;704;3;450.00;15
722;3;23521738;722;161;1421;1436;9.78;0.60;169.55;3.69;699;3;451.00;15
725;3;23521748;725;164;1422;1436;9.86;0.60;169.80;3.68;697;3;452.00;14
727;3;23521757;727;167;1427;1440;9.85;0.60;169.85;3.70;700;3;453.00;13
731;3;23521766;731;163;1428;1441;9.80;0.60;169.63;3.70;697;3;454.00;13
735;3;23521775;735;160;1432;1441;9.83;0.60;169.78;3.75;697;3;455.00;9
738;3;23521785;738;155;1433;1445;9.87;0.60;169.94;3.75;695;3;456.00;12
744;3;23521794;744;147;1435;1445;9.80;0.60;170.53;3.75;691;3;457.00;10
745;3;23521803;745;143;1438;1445;9.81;0.60;170.86;3.78;693;3;458.00;7
747;3;23521812;747;136;1439;1446;9.82;0.60;170.83;3.77;692;3;459.00;7
748;3;23521821;748;133;1439;1446;9.84;0.60;170.98;3.77;691;3;460.00;7
751;3;23521830;751;136;1443;1452;9.88;0.60;171.58;3.77;692;3;461.00;9
752;3;23521839;752;132;1443;1452;9.96;0.60;171.64;3.77;691;3;462.00;9
756;3;23521848;756;130;1443;1453;9.97;0.60;172.16;3.77;687;3;463.00;10
757;3;23521857;757;124;1443;1453;9.99;0.60;172.31;3.77;686;3;464.00;10
759;3;23521866;759;120;1443;1453;10.05;0.61;172.32;3.77;684;3;465.00;10
761;3;23521875;761;124;1443;1453;10.05;0.61;172.58;3.77;682;3;466.00;10
763;3;23521883;763;120;1443;1453;10.11;0.61;172.69;3.77;680;3;467.00;10
766;3;23521892;766;116;1453;1465;10.15;0.62;172.72;3.74;687;3;468.00;12
769;3;23521902;769;117;1453;1465;10.17;0.62;173.29;3.74;684;3;469.00;12
771;3;23521911;771;117;1454;1465;10.23;0.62;173.27;3.74;683;3;470.00;11
772;3;23521920;772;121;1454;1465;10.29;0.62;173.64;3.74;682;3;471.00;11
774;3;23521930;774;122;1454;1465;10.33;0.63;173.84;3.74;680;3;472.00;11
777;3;23521939;777;123;1454;1465;10.41;0.63;173.67;3.74;677;3;473.00;11
780;3;23521948;780;122;1457;1469;10.41;0.63;173.53;3.73;677;3;474.00;12
781;3;23521958;781;118;1457;1469;10.48;0.64;173.67;3.73;676;3;475.00;12
783;3;23521966;783;118;1462;1473;10.47;0.63;174.15;3.78;679;3;476.00;11
785;3;23521975;785;116;1463;1474;10.38;0.63;174.04;3.78;678;3;477.00;11
790;3;23521985;790;119;1463;1474;10.26;0.62;174.15;3.78;673;3;478.00;11
791;3;23521994;791;124;1464;1474;10.18;0.62;174.34;3.81;673;3;479.00;10
792;3;23522004;792;126;1488;1500;10.04;0.61;174.45;3.81;696;3;480.00;12
793;3;23522017;793;128;1490;1500;10.05;0.61;174.50;3.82;697;3;481.00;10
798;3;23522027;798;132;1492;1500;10.05;0.61;174.45;3.84;694;3;482.00;8
799;3;23522037;799;136;1495;1501;10.16;0.62;174.48;3.84;696;3;483.00;6
800;3;23522047;800;139;1495;1502;10.28;0.63;174.60;3.84;695;3;484.00;7
802;3;23522056;802;141;1497;1502;10.36;0.63;174.47;3.87;695;3;485.00;5
804;3;23522065;804;146;1499;1505;10.47;0.64;174.35;3.86;695;3;486.00;6
806;3;23522073;806;148;1501;1505;10.44;0.64;174.31;3.88;695;3;487.00;4
810;3;23522084;810;154;1502;1505;10.43;0.63;174.29;3.88;692;3;488.00;3
811;3;23522093;811;161;1503;1505;10.37;0.63;174.32;3.88;692;3;489.00;2
812;3;23522102;812;161;1509;1511;10.37;0.63;174.27;3.87;697;3;490.00;2
814;3;23522112;814;171;1510;1511;10.29;0.63;174.25;3.87;696;3;491.00;1
816;3;23522120;816;176;1510;1511;10.18;0.62;174.20;3.87;694;3;492.00;1
817;3;23522129;817;181;1511;1511;10.10;0.62;174.30;3.88;694;3;493.00;0
819;3;23522137;819;186;1515;1515;9.96;0.61;174.46;3.87;696;3;494.00;0
819;3;23522146;819;191;1517;1517;9.90;0.60;174.46;3.86;698;3;495.00;0
822;3;23522155;822;196;1517;1517;9.79;0.60;174.27;3.86;695;3;496.00;0
824;3;23522163;824;200;1518;1518;9.70;0.59;174.25;3.86;694;3;497.00;0
826;3;23522172;826;204;1518;1518;9.58;0.59;174.20;3.86;692;3;498.00;0
829;3;23522180;829;201;1518;1518;9.54;0.59;174.08;3.86;689;3;499.00;0
829;3;23522189;829;208;1518;1518;9.53;0.59;174.08;3.86;689;3;500.00;0
830;3;23522201;830;208;1518;1518;9.48;0.58;174.01;3.86;688;3;501.00;0
831;3;23522210;831;211;1518;1518;9.45;0.58;173.96;3.86;687;3;502.00;0
833;3;23522218;833;215;1518;1518;9.45;0.58;173.69;3.86;685;3;503.00;0
834;3;23522232;834;223;1556;1588;9.55;0.59;173.71;3.77;722;3;504.00;32
839;3;23522246;839;226;1557;1589;9.52;0.59;173.99;3.77;718;3;505.00;32
840;3;23522254;840;226;1566;1589;9.61;0.59;173.88;3.76;726;3;506.00;23
842;3;23522264;842;229;1569;1589;9.64;0.59;173.80;3.75;727;3;507.00;20
846;3;23522271;846;232;1575;1589;9.59;0.59;174.11;3.76;729;3;508.00;14
849;3;23522280;849;233;1578;1589;9.58;0.59;174.02;3.76;729;3;509.00;11
851;3;23522290;851;237;1581;1589;9.55;0.59;174.13;3.76;730;3;510.00;8
855;3;23522299;855;238;1584;1589;9.50;0.58;174.01;3.77;729;3;511.00;5
859;3;23522307;859;242;1587;1590;9.49;0.58;173.59;3.78;728;3;512.00;3
864;3;23522315;864;245;1590;1591;9.40;0.57;173.71;3.78;726;3;513.00;1
866;3;23522324;866;243;1591;1591;9.32;0.57;173.72;3.78;725;3;514.00;0
870;3;23522332;870;245;1595;1595;9.17;0.56;173.51;3.77;725;3;515.00;0
873;3;23522342;873;249;1595;1595;9.03;0.55;174.08;3.77;722;3;516.00;0
877;3;23522350;877;256;1595;1595;8.82;0.54;174.18;3.77;718;3;517.00;0
879;3;23522358;879;263;1595;1595;8.56;0.52;174.64;3.77;716;3;518.00;0
880;3;23522366;880;263;1601;1601;8.41;0.51;174.62;3.76;721;3;519.00;0
880;3;23522374;880;269;1601;1601;8.24;0.50;174.62;3.76;721;3;520.00;0
886;3;23522382;886;279;1601;1601;8.03;0.49;175.02;3.76;715;3;521.00;0
890;3;23522390;890;280;1603;1604;7.79;0.48;175.61;3.76;713;3;522.00;1
893;3;23522398;893;287;1603;1604;7.62;0.47;175.76;3.76;710;3;523.00;1
893;3;23522405;893;291;1603;1604;7.44;0.46;175.76;3.76;710;3;524.00;1
894;3;23522412;894;281;1605;1605;7.36;0.45;175.80;3.76;711;3;525.00;0
896;3;23522420;896;280;1606;1606;7.29;0.45;175.78;3.75;710;3;526.00;0
900;3;23522426;900;271;1606;1606;7.17;0.44;175.84;3.75;706;3;527.00;0
902;3;23522433;902;269;1619;1619;7.13;0.44;176.10;3.72;717;3;528.00;0
906;3;23522442;906;268;1619;1619;7.04;0.43;176.41;3.72;713;3;529.00;0
908;3;23522450;908;269;1619;1619;7.04;0.43;176.34;3.72;711;3;530.00;0
909;3;23522458;909;272;1620;1620;7.11;0.43;176.35;3.72;711;3;531.00;0
911;3;23522466;911;270;1620;1620;7.14;0.44;176.89;3.72;709;3;532.00;0
911;3;23522474;911;271;1624;1624;7.30;0.45;176.89;3.71;713;3;533.00;0
913;3;23522482;913;274;1624;1624;7.33;0.45;177.10;3.71;711;3;534.00;0
916;3;23522490;916;275;1628;1628;7.26;0.44;177.07;3.71;712;3;535.00;0
919;3;23522499;919;274;1628;1628;7.15;0.44;177.24;3.71;709;3;536.00;0
920;3;23522506;920;274;1628;1628;7.07;0.43;177.26;3.71;708;3;537.00;0
924;3;23522514;924;264;1628;1628;6.98;0.43;177.70;3.71;704;3;538.00;0
927;3;23522522;927;251;1628;1628;6.99;0.43;177.97;3.71;701;3;539.00;0
930;3;23522532;930;250;1655;1662;7.23;0.44;178.13;3.65;725;3;540.00;7
935;3;23522542;935;246;1657;1662;7.32;0.45;178.46;3.64;722;3;541.00;5
936;3;23522550;936;249;1660;1662;7.45;0.46;178.69;3.64;724;3;542.00;2
938;3;23522559;938;245;1661;1662;7.45;0.46;178.45;3.64;723;3;543.00;1
939;3;23522574;939;244;1662;1662;7.55;0.46;178.47;3.64;723;3;544.00;0
941;3;23522589;941;244;1662;1662;7.59;0.47;179.04;3.64;721;3;545.00;0
943;3;23522597;943;246;1663;1663;7.56;0.46;179.26;3.64;720;3;546.00;0
946;3;23522606;946;247;1663;1663;7.56;0.46;179.45;3.64;717;3;547.00;0
948;3;23522615;948;246;1669;1669;7.56;0.46;179.62;3.63;721;3;548.00;0
949;3;23522624;949;249;1670;1670;7.56;0.46;179.62;3.63;721;3;549.00;0
952;3;23522632;952;253;1670;1670;7.51;0.46;179.95;3.63;718;3;550.00;0
956;3;23522640;956;245;1670;1670;7.45;0.45;180.47;3.63;714;3;551.00;0
958;3;23522649;958;254;1674;1674;7.45;0.45;180.47;3.62;716;3;552.00;0
961;3;23522658;961;252;1674;1674;7.49;0.46;180.90;3.62;713;3;553.00;0
965;3;23522666;965;255;1674;1674;7.47;0.46;181.28;3.62;709;3;554.00;0
966;3;23522674;966;255;1675;1675;7.49;0.46;181.22;3.62;709;3;555.00;0
968;3;23522682;968;252;1679;1679;7.57;0.46;181.55;3.61;711;3;556.00;0
969;3;23522691;969;245;1679;1679;7.58;0.46;181.79;3.61;710;3;557.00;0
971;3;23522706;971;246;1681;1682;7.57;0.46;182.11;3.61;710;3;558.00;1
973;3;23522716;973;249;1681;1682;7.54;0.46;182.40;3.61;708;3;559.00;1
975;3;23522724;975;246;1682;1682;7.64;0.47;182.43;3.61;707;3;560.00;0
978;3;23522732;978;246;1682;1682;7.70;0.47;182.41;3.61;704;3;561.00;0
979;3;23522741;979;246;1686;1686;7.75;0.47;182.57;3.60;707;3;562.00;0
983;3;23522751;983;252;1686;1686;7.71;0.47;182.68;3.60;703;3;563.00;0
985;3;23522760;985;255;1686;1686;7.62;0.46;182.58;3.60;701;3;564.00;0
988;3;23522768;988;251;1686;1686;7.52;0.46;182.96;3.60;698;3;565.00;0
992;3;23522777;992;252;1687;1687;7.49;0.45;182.92;3.60;695;3;566.00;0
993;3;23522785;993;259;1688;1688;7.46;0.45;183.05;3.60;695;3;567.00;0
998;3;23522794;998;263;1688;1688;7.38;0.45;183.26;3.60;690;3;568.00;0
1001;3;23522802;1001;259;1689;1689;7.36;0.44;183.56;3.60;688;3;569.00;0
1002;3;23522813;1002;266;1689;1689;7.35;0.45;183.73;3.60;687;3;570.00;0
1004;3;23522821;1004;262;1689;1689;7.31;0.44;183.78;3.60;685;3;571.00;0
1005;3;23522830;1005;252;1689;1689;7.34;0.45;183.78;3.60;684;3;572.00;0
1007;3;23522838;1007;245;1689;1689;7.40;0.45;184.05;3.60;682;3;573.00;0
1008;3;23522847;1008;240;1689;1689;7.49;0.46;184.38;3.60;681;3;574.00;0
1009;3;23522856;1009;234;1689;1689;7.57;0.46;184.43;3.60;680;3;575.00;0
1011;3;23522865;1011;255;1770;1816;7.94;0.49;184.52;3.43;759;3;576.00;46
1014;3;23522885;1014;245;1774;1817;7.99;0.49;184.63;3.43;760;3;577.00;43
1015;3;23522896;1015;237;1782;1817;8.09;0.50;184.95;3.42;767;3;578.00;35
1017;3;23522906;1017;234;1783;1817;8.13;0.50;185.34;3.42;766;3;579.00;34
1019;3;23522916;1019;232;1788;1817;8.16;0.50;185.54;3.42;769;3;580.00;29
1022;4;23522925;1022;214;1788;1817;8.14;0.50;185.87;3.42;766;4;581.00;29
1023;4;23522951;1023;205;1791;1817;8.16;0.50;185.83;3.43;768;4;582.00;26
1025;4;23522961;1025;212;1794;1817;8.20;0.50;186.21;3.43;769;4;583.00;23
1027;4;23522976;1027;217;1797;1818;8.23;0.50;186.28;3.44;770;4;584.00;21
1028;4;23522990;1028;217;1803;1820;8.22;0.50;186.55;3.45;775;4;585.00;17
1030;4;23523001;1030;217;1806;1820;8.21;0.50;186.90;3.46;776;4;586.00;14
1033;4;23523013;1033;221;1809;1821;8.21;0.50;187.35;3.47;776;4;587.00;12
1035;4;23523028;1035;229;1811;1821;8.20;0.50;187.51;3.48;776;4;588.00;10
1038;4;23523038;1038;239;1814;1821;8.24;0.51;187.83;3.49;776;4;589.00;7
1039;4;23523049;1039;245;1814;1821;8.30;0.51;187.87;3.49;775;4;590.00;7
1043;4;23523071;1043;247;1819;1825;8.30;0.51;188.73;3.50;776;4;591.00;6
1046;4;23523088;1046;248;1820;1825;8.28;0.51;189.01;3.50;774;4;592.00;5
1049;4;23523101;1049;246;1821;1825;8.28;0.51;189.02;3.51;772;4;593.00;4
1054;4;23523113;1054;240;1823;1828;8.26;0.50;189.86;3.51;769;4;594.00;5
1055;4;23523125;1055;232;1824;1828;8.28;0.51;189.83;3.52;769;4;595.00;4
1060;4;23523139;1060;229;1824;1828;8.30;0.50;190.76;3.52;764;4;596.00;4
1062;4;23523149;1062;222;1830;1832;8.29;0.50;191.01;3.53;768;4;597.00;2
1064;4;23523161;1064;217;1832;1833;8.39;0.51;191.07;3.53;768;4;598.00;1
1068;4;23523171;1068;216;1833;1833;8.45;0.51;191.70;3.53;765;4;599.00;0
1070;4;23523185;1070;219;1844;1859;8.49;0.52;191.52;3.51;774;4;600.00;15
1074;4;23523203;1074;212;1845;1859;8.58;0.52;191.74;3.51;771;4;601.00;14
1074;4;23523213;1074;208;1845;1859;8.68;0.53;191.74;3.51;771;4;602.00;14
1075;4;23523224;1075;211;1847;1860;8.78;0.53;191.85;3.51;772;4;603.00;13
1076;4;23523234;1076;212;1848;1860;8.84;0.54;191.83;3.51;772;4;604.00;12
1077;4;23523245;1077;210;1853;1866;8.86;0.54;191.79;3.50;776;4;605.00;13
1077;4;23523256;1077;209;1854;1866;8.91;0.54;191.79;3.50;777;4;606.00;12
1080;4;23523266;1080;209;1855;1867;8.95;0.54;191.86;3.50;775;4;607.00;12
1080;4;23523276;1080;213;1856;1867;9.04;0.55;191.86;3.50;776;4;608.00;11
1082;4;23523291;1082;214;1857;1867;9.05;0.55;191.73;3.50;775;4;609.00;10
1082;4;23523302;1082;212;1857;1867;9.09;0.55;191.73;3.50;775;4;610.00;10
1082;4;23523312;1082;216;1858;1867;9.08;0.55;191.73;3.51;776;4;611.00;9
1082;4;23523323;1082;225;1867;1879;9.10;0.56;191.73;3.49;785;4;612.00;12
1085;4;23523334;1085;226;1867;1879;9.05;0.55;191.62;3.49;782;4;613.00;12
1086;4;23523350;1086;233;1869;1879;8.99;0.55;191.73;3.50;783;4;614.00;10
1087;4;23523360;1087;232;1869;1879;8.99;0.55;191.78;3.50;782;4;615.00;10
1090;4;23523369;1090;231;1869;1879;8.98;0.55;191.76;3.50;779;4;616.00;10
1096;4;23523380;1096;231;1870;1879;8.91;0.54;192.47;3.50;774;4;617.00;9
1097;4;23523390;1097;225;1873;1883;8.96;0.54;192.46;3.50;776;4;618.00;10
1097;4;23523400;1097;223;1873;1883;9.03;0.55;192.46;3.50;776;4;619.00;10
1100;4;23523410;1100;221;1877;1887;9.07;0.55;193.29;3.49;777;4;620.00;10
1101;4;23523420;1101;211;1878;1888;9.18;0.56;193.28;3.49;777;4;621.00;10
1105;4;23523430;1105;206;1878;1888;9.23;0.56;193.93;3.49;773;4;622.00;10
1107;4;23523440;1107;203;1879;1888;9.19;0.56;193.90;3.50;772;4;623.00;9
1108;4;23523450;1108;205;1889;1901;9.19;0.56;193.96;3.48;781;4;624.00;12
1112;4;23523462;1112;199;1889;1901;9.19;0.56;194.64;3.48;777;4;625.00;12
1115;4;23523472;1115;200;1889;1901;9.21;0.56;195.08;3.48;774;4;626.00;12
1120;4;23523483;1120;198;1890;1902;9.26;0.56;195.53;3.48;770;4;627.00;12
1123;4;23523493;1123;201;1892;1903;9.28;0.56;196.03;3.50;769;4;628.00;11
1124;4;23523504;1124;195;1892;1903;9.32;0.56;196.03;3.50;768;4;629.00;11
1128;4;23523515;1128;189;1899;1909;9.29;0.56;196.83;3.52;771;4;630.00;10
1131;4;23523527;1131;183;1900;1909;9.30;0.56;197.01;3.51;769;4;631.00;9
1133;4;23523536;1133;172;1901;1909;9.33;0.57;197.14;3.51;768;4;632.00;8
1137;4;23523547;1137;167;1901;1909;9.37;0.57;197.37;3.51;764;4;633.00;8
1139;4;23523557;1139;162;1906;1915;9.35;0.57;197.54;3.51;767;4;634.00;9
1139;4;23523569;1139;151;1906;1915;9.37;0.57;197.54;3.51;767;4;635.00;9
1141;4;23523578;1141;151;1906;1915;9.37;0.57;197.90;3.51;765;4;636.00;9
1143;4;23523589;1143;145;1906;1915;9.39;0.57;198.16;3.51;763;4;637.00;9
1145;4;23523598;1145;144;1909;1919;9.37;0.57;198.46;3.50;764;4;638.00;10
1148;4;23523608;1148;146;1910;1920;9.36;0.57;198.64;3.50;762;4;639.00;10
1150;4;23523618;1150;147;1910;1920;9.34;0.57;198.87;3.50;760;4;640.00;10
1154;4;23523629;1154;146;1911;1921;9.32;0.56;199.17;3.50;757;4;641.00;10
1156;4;23523638;1156;148;1911;1921;9.27;0.56;199.12;3.50;755;4;642.00;10
1157;4;23523649;1157;148;1911;1921;9.27;0.56;199.30;3.50;754;4;643.00;10
1161;4;23523658;1161;151;1911;1921;9.26;0.56;199.60;3.50;750;4;644.00;10
1162;4;23523668;1162;155;1911;1921;9.25;0.56;199.61;3.50;749;4;645.00;10
1164;4;23523680;1164;152;1911;1921;9.24;0.56;199.90;3.50;747;4;646.00;10
1165;4;23523691;1165;154;1912;1921;9.24;0.56;199.77;3.52;747;4;647.00;9
1169;4;23523700;1169;160;1946;1991;9.25;0.56;200.17;3.46;777;4;648.00;45
1170;4;23523716;1170;162;1948;1992;9.25;0.56;200.03;3.46;778;4;649.00;44
1171;4;23523726;1171;159;1954;1992;9.28;0.57;200.27;3.45;783;4;650.00;38
1173;4;23523736;1173;165;1957;1992;9.26;0.56;200.60;3.45;784;4;651.00;35
1177;4;23523745;1177;167;1961;1992;9.31;0.57;200.76;3.45;784;4;652.00;31
1182;4;23523760;1182;174;1965;1992;9.34;0.57;200.91;3.48;783;4;653.00;27
1185;4;23523771;1185;174;1967;1992;9.30;0.57;201.43;3.49;782;4;654.00;25
1187;5;23523781;1187;180;1971;1992;9.29;0.57;201.56;3.51;784;5;655.00;21
1189;5;23523796;1189;182;1973;1993;9.27;0.57;201.74;3.51;784;5;656.00;20
1195;5;23523807;1195;192;1978;1994;9.21;0.56;201.67;3.55;783;5;657.00;16
1197;5;23523817;1197;196;1981;1994;9.16;0.56;201.63;3.55;784;5;658.00;13
1199;5;23523829;1199;199;1986;1998;9.09;0.55;201.58;3.58;787;5;659.00;12
1201;5;23523845;1201;203;1988;1998;9.04;0.55;201.36;3.60;787;5;660.00;10
1201;5;23523854;1201;205;1989;1998;9.04;0.55;201.36;3.60;788;5;661.00;9
1205;5;23523863;1205;213;1990;1998;8.97;0.55;201.38;3.62;785;5;662.00;8
1209;5;23523873;1209;224;1997;2004;8.90;0.54;201.28;3.62;788;5;663.00;7
1210;5;23523884;1210;225;1997;2004;8.85;0.54;201.19;3.62;787;5;664.00;7
1211;5;23523894;1211;230;2000;2004;8.76;0.54;201.09;3.66;789;5;665.00;4
1215;5;23523903;1215;237;2003;2007;8.78;0.54;201.14;3.67;788;5;666.00;4
1216;5;23523913;1216;239;2006;2007;8.73;0.53;201.13;3.68;790;5;667.00;1
1217;5;23523922;1217;246;2006;2007;8.69;0.53;201.10;3.68;789;5;668.00;1
1220;5;23523931;1220;249;2007;2008;8.61;0.53;201.03;3.69;787;5;669.00;1
1221;5;23523941;1221;260;2009;2009;8.55;0.52;200.94;3.68;788;5;670.00;0
1225;5;23523951;1225;263;2009;2009;8.43;0.52;200.63;3.68;784;5;671.00;0
1226;5;23523960;1226;269;2022;2022;8.37;0.51;200.58;3.66;796;5;672.00;0
1231;5;23523970;1231;276;2022;2022;8.23;0.50;200.32;3.66;791;5;673.00;0
1232;5;23523979;1232;272;2022;2022;8.09;0.50;200.29;3.66;790;5;674.00;0
1234;5;23523988;1234;272;2024;2024;8.01;0.49;200.22;3.66;790;5;675.00;0
1235;5;23523997;1235;275;2024;2024;7.89;0.48;200.31;3.66;789;5;676.00;0
1239;5;23524009;1239;270;2028;2028;7.87;0.48;200.33;3.65;789;5;677.00;0
1244;5;23524020;1244;274;2028;2028;7.75;0.47;199.87;3.65;784;5;678.00;0
1246;5;23524028;1246;275;2032;2032;7.68;0.47;200.01;3.65;786;5;679.00;0
1249;5;23524037;1249;273;2032;2032;7.59;0.46;200.08;3.65;783;5;680.00;0
1251;5;23524046;1251;276;2032;2032;7.47;0.46;200.00;3.65;781;5;681.00;0
1253;5;23524055;1253;277;2032;2032;7.38;0.45;199.97;3.65;779;5;682.00;0
1256;5;23524063;1256;285;2032;2032;7.31;0.45;199.82;3.65;776;5;683.00;0
1257;5;23524071;1257;289;2042;2044;7.31;0.45;199.91;3.63;785;5;684.00;2
1257;5;23524080;1257;293;2042;2044;7.30;0.45;199.91;3.63;785;5;685.00;2
1261;5;23524089;1261;300;2044;2044;7.29;0.45;199.88;3.63;783;5;686.00;0
1263;5;23524097;1263;300;2044;2044;7.30;0.45;199.79;3.63;781;5;687.00;0
1264;5;23524105;1264;306;2044;2044;7.22;0.44;199.95;3.63;780;5;688.00;0
1265;5;23524113;1265;310;2044;2044;7.17;0.44;200.06;3.63;779;5;689.00;0
1266;5;23524123;1266;316;2045;2045;7.06;0.43;200.22;3.62;779;5;690.00;0
1270;5;23524130;1270;323;2045;2045;6.95;0.43;200.50;3.62;775;5;691.00;0
1275;5;23524140;1275;326;2051;2051;6.94;0.42;200.88;3.62;776;5;692.00;0
1278;5;23524148;1278;329;2052;2052;6.83;0.42;201.05;3.62;774;5;693.00;0
1279;5;23524157;1279;328;2052;2052;6.74;0.41;201.08;3.62;773;5;694.00;0
1281;5;23524165;1281;317;2052;2052;6.65;0.41;200.98;3.62;771;5;695.00;0
1286;5;23524173;1286;308;2056;2056;6.59;0.40;201.12;3.61;770;5;696.00;0
1289;5;23524182;1289;301;2056;2056;6.55;0.40;201.10;3.61;767;5;697.00;0
1293;5;23524189;1293;302;2056;2056;6.48;0.40;201.16;3.61;763;5;698.00;0
1295;5;23524197;1295;299;2057;2057;6.45;0.40;201.21;3.61;762;5;699.00;0
1296;5;23524206;1296;287;2061;2061;6.47;0.40;201.26;3.60;765;5;700.00;0
1301;5;23524219;1301;277;2061;2061;6.47;0.40;201.40;3.60;760;5;701.00;0
1302;5;23524233;1302;275;2063;2064;6.59;0.40;201.39;3.60;761;5;702.00;1
1306;5;23524247;1306;269;2064;2064;6.61;0.40;201.87;3.60;758;5;703.00;0
1307;6;23524256;1307;267;2064;2064;6.67;0.41;202.09;3.60;757;6;704.00;0
1310;6;23524271;1310;258;2064;2064;6.78;0.42;202.48;3.60;754;6;705.00;0
1313;6;23524285;1313;258;2068;2068;6.94;0.43;202.50;3.59;755;6;706.00;0
1316;6;23524300;1316;253;2068;2068;6.99;0.43;202.89;3.59;752;6;707.00;0
1317;6;23524308;1317;251;2068;2068;7.04;0.43;202.95;3.59;751;6;708.00;0
1321;6;23524317;1321;245;2068;2068;7.08;0.43;202.95;3.59;747;6;709.00;0
1324;6;23524326;1324;240;2069;2069;7.03;0.43;202.90;3.59;745;6;710.00;0
1326;6;23524334;1326;237;2070;2070;7.08;0.43;203.09;3.59;744;6;711.00;0
1327;6;23524343;1327;235;2070;2070;7.14;0.44;203.28;3.59;743;6;712.00;0
1330;6;23524352;1330;233;2071;2071;7.20;0.44;203.56;3.59;741;6;713.00;0
1333;6;23524361;1333;237;2071;2071;7.26;0.45;203.58;3.59;738;6;714.00;0
1335;6;23524370;1335;237;2071;2071;7.41;0.45;203.66;3.59;736;6;715.00;0
1341;6;23524379;1341;238;2071;2071;7.50;0.46;204.51;3.59;730;6;716.00;0
1343;6;23524388;1343;233;2071;2071;7.60;0.47;204.73;3.59;728;6;717.00;0
1349;6;23524396;1349;231;2071;2071;7.57;0.46;204.99;3.59;722;6;718.00;0
1353;6;23524405;1353;234;2071;2071;7.57;0.46;205.11;3.59;718;6;719.00;0
1358;6;23524415;1358;233;2158;2301;8.17;0.52;205.94;3.44;800;6;720.00;143
1366;6;23524446;1366;232;2181;2302;8.05;0.51;206.30;3.42;815;6;721.00;121
1370;6;23524456;1370;231;2197;2302;8.12;0.51;206.59;3.41;827;6;722.00;105
1375;6;23524466;1375;223;2209;2302;8.08;0.51;206.96;3.41;834;6;723.00;93
1379;6;23524475;1379;220;2220;2302;8.13;0.51;206.70;3.41;841;6;724.00;82
1384;6;23524486;1384;217;2224;2302;8.05;0.50;207.32;3.41;840;6;725.00;78
1388;6;23524496;1388;219;2233;2302;8.02;0.50;207.60;3.42;845;6;726.00;69
1394;6;23524506;1394;213;2240;2302;8.01;0.50;208.18;3.43;846;6;727.00;62
1398;6;23524516;1398;214;2249;2303;7.93;0.50;208.33;3.45;851;6;728.00;54
1400;6;23524527;1400;224;2252;2304;7.93;0.49;208.45;3.46;852;6;729.00;52
1404;6;23524538;1404;219;2261;2304;7.83;0.49;209.00;3.49;857;6;730.00;43
1409;6;23524555;1409;226;2265;2305;7.69;0.48;209.51;3.49;856;6;731.00;40
1412;6;23524566;1412;231;2270;2305;7.63;0.47;209.61;3.51;858;6;732.00;35
1419;6;23524577;1419;240;2276;2305;7.51;0.47;210.28;3.54;857;6;733.00;29
1422;6;23524589;1422;244;2278;2305;7.50;0.46;210.22;3.55;856;6;734.00;27
1428;6;23524599;1428;255;2283;2309;7.43;0.46;210.44;3.56;855;6;735.00;26
1429;6;23524611;1429;264;2284;2309;7.40;0.46;210.51;3.56;855;6;736.00;25
1431;6;23524622;1431;266;2285;2309;7.35;0.45;210.61;3.57;854;6;737.00;24
1435;6;23524632;1435;271;2289;2312;7.24;0.45;210.91;3.59;854;6;738.00;23
1437;6;23524643;1437;276;2291;2312;7.20;0.44;211.14;3.59;854;6;739.00;21
1439;6;23524654;1439;280;2291;2312;7.21;0.44;210.94;3.59;852;6;740.00;21
1444;6;23524665;1444;291;2296;2316;7.24;0.44;211.01;3.60;852;6;741.00;20
1444;6;23524676;1444;294;2298;2317;7.28;0.45;211.01;3.60;854;6;742.00;19
1445;6;23524687;1445;295;2299;2317;7.24;0.45;211.02;3.61;854;6;743.00;18
1447;6;23524704;1447;293;2303;2321;7.16;0.44;211.12;3.62;856;6;744.00;18
1450;6;23524715;1450;303;2304;2321;7.13;0.44;211.20;3.61;854;6;745.00;17
1451;6;23524726;1451;307;2307;2321;7.13;0.44;211.37;3.64;856;6;746.00;14
1454;6;23524738;1454;299;2307;2322;7.16;0.44;211.62;3.64;853;6;747.00;15
1455;6;23524751;1455;295;2307;2322;7.23;0.44;211.69;3.64;852;6;748.00;15
1457;6;23524762;1457;292;2313;2328;7.23;0.44;211.84;3.64;856;6;749.00;15
1460;6;23524776;1460;280;2314;2328;7.27;0.44;211.94;3.65;854;6;750.00;14
1461;6;23524786;1461;284;2315;2329;7.33;0.45;212.02;3.64;854;6;751.00;14
1463;6;23524798;1463;281;2316;2329;7.37;0.45;211.97;3.66;853;6;752.00;13
1465;6;23524811;1465;279;2316;2329;7.46;0.45;212.02;3.66;851;6;753.00;13
1466;6;23524824;1466;275;2316;2329;7.51;0.46;212.06;3.66;850;6;754.00;13
1468;6;23524837;1468;278;2317;2329;7.48;0.45;212.24;3.66;849;6;755.00;12
1470;6;23524854;1470;272;2329;2341;7.54;0.46;212.27;3.67;859;6;756.00;12
1471;6;23524867;1471;261;2329;2341;7.53;0.46;212.15;3.67;858;6;757.00;12
1472;6;23524878;1472;263;2330;2341;7.60;0.46;212.25;3.67;858;6;758.00;11
1474;6;23524890;1474;256;2331;2341;7.66;0.47;212.45;3.69;857;6;759.00;10
1477;6;23524902;1477;257;2331;2341;7.72;0.47;212.35;3.69;854;6;760.00;10
1479;6;23524913;1479;255;2331;2341;7.76;0.47;212.42;3.69;852;6;761.00;10
1480;6;23524925;1480;257;2336;2345;7.81;0.48;212.40;3.70;856;6;762.00;9
1482;6;23524938;1482;258;2338;2345;7.83;0.48;212.45;3.72;856;6;763.00;7
1482;6;23524950;1482;253;2343;2349;7.94;0.48;212.45;3.72;861;6;764.00;6
1485;6;23524967;1485;255;2345;2351;7.95;0.49;212.57;3.72;860;6;765.00;6
1486;6;23524980;1486;255;2346;2351;7.99;0.49;212.61;3.72;860;6;766.00;5
1489;6;23524992;1489;256;2346;2351;7.97;0.49;212.94;3.72;857;6;767.00;5
1490;6;23525003;1490;255;2355;2364;8.06;0.49;212.98;3.71;865;6;768.00;9
1492;6;23525018;1492;252;2356;2364;8.09;0.49;213.00;3.70;864;6;769.00;8
1496;6;23525029;1496;250;2356;2364;8.09;0.49;213.15;3.70;860;6;770.00;8
1498;6;23525043;1498;243;2357;2365;8.15;0.50;213.31;3.70;859;6;771.00;8
1499;6;23525056;1499;248;2357;2366;8.20;0.50;213.29;3.70;858;6;772.00;9
1503;6;23525067;1503;245;2357;2366;8.26;0.51;213.32;3.70;854;6;773.00;9
1506;6;23525086;1506;241;2359;2369;8.32;0.51;213.39;3.70;853;6;774.00;10
1509;6;23525098;1509;237;2359;2369;8.32;0.51;213.68;3.70;850;6;775.00;10
1512;6;23525109;1512;237;2360;2369;8.32;0.51;213.89;3.70;848;6;776.00;9
1513;7;23525121;1513;233;2360;2369;8.26;0.51;213.88;3.70;847;7;777.00;9
1515;7;23525148;1515;238;2365;2375;8.26;0.51;213.90;3.69;850;7;778.00;10
1518;7;23525160;1518;243;2365;2375;8.28;0.51;214.07;3.69;847;7;779.00;10
1519;7;23525180;1519;248;2365;2375;8.25;0.50;214.15;3.69;846;7;780.00;10
1521;7;23525191;1521;250;2365;2375;8.18;0.50;214.26;3.69;844;7;781.00;10
1524;7;23525202;1524;246;2368;2379;8.10;0.50;214.47;3.69;844;7;782.00;11
1527;7;23525213;1527;247;2369;2380;8.20;0.50;214.40;3.69;842;7;783.00;11
1528;7;23525224;1528;250;2369;2380;8.25;0.50;214.42;3.69;841;7;784.00;11
1530;7;23525234;1530;253;2370;2381;8.34;0.51;214.36;3.69;840;7;785.00;11
1532;7;23525251;1532;253;2370;2381;8.40;0.51;214.34;3.69;838;7;786.00;11
1533;7;23525268;1533;253;2370;2381;8.47;0.52;214.49;3.69;837;7;787.00;11
1535;7;23525280;1535;255;2370;2381;8.47;0.52;214.39;3.69;835;7;788.00;11
1539;7;23525291;1539;257;2370;2381;8.46;0.51;214.45;3.69;831;7;789.00;11
1542;7;23525304;1542;256;2370;2381;8.41;0.51;214.41;3.69;828;7;790.00;11
1543;7;23525315;1543;253;2370;2381;8.35;0.51;214.32;3.69;827;7;791.00;11
1543;7;23525327;1543;255;2401;2451;8.27;0.50;214.32;3.64;858;7;792.00;50
1547;7;23525343;1547;248;2401;2452;8.21;0.50;214.53;3.64;854;7;793.00;51
1547;7;23525354;1547;246;2407;2452;8.25;0.50;214.53;3.64;860;7;794.00;45
1550;7;23525365;1550;247;2410;2452;8.27;0.50;214.66;3.63;860;7;795.00;42
1553;7;23525376;1553;242;2412;2452;8.28;0.50;214.85;3.64;859;7;796.00;40
1555;7;23525388;1555;252;2414;2452;8.21;0.50;215.06;3.64;859;7;797.00;38
1557;7;23525398;1557;248;2416;2452;8.23;0.50;215.16;3.64;859;7;798.00;36
1563;7;23525409;1563;244;2418;2452;8.17;0.49;215.35;3.64;855;7;799.00;34
1565;7;23525421;1565;239;2421;2453;8.17;0.50;215.60;3.65;856;7;800.00;32
1569;7;23525436;1569;235;2422;2454;8.10;0.49;216.06;3.65;853;7;801.00;32
1571;7;23525447;1571;242;2424;2454;8.09;0.49;216.06;3.65;853;7;802.00;30
1574;7;23525457;1574;239;2427;2458;8.00;0.49;216.34;3.65;853;7;803.00;31
1576;7;23525468;1576;237;2431;2458;7.96;0.48;216.51;3.66;855;7;804.00;27
1580;7;23525477;1580;230;2433;2458;7.83;0.47;216.89;3.68;853;7;805.00;25
1582;7;23525489;1582;226;2434;2458;7.73;0.47;217.19;3.69;852;7;806.00;24
1583;7;23525499;1583;225;2438;2464;7.73;0.47;217.20;3.68;855;7;807.00;26
1588;7;23525513;1588;229;2438;2464;7.59;0.46;217.49;3.68;850;7;808.00;26
1590;7;23525533;1590;216;2438;2464;7.52;0.45;217.51;3.68;848;7;809.00;26
1592;7;23525548;1592;216;2444;2470;7.48;0.45;217.75;3.69;852;7;810.00;26
1592;7;23525561;1592;218;2444;2470;7.45;0.45;217.75;3.69;852;7;811.00;26
1592;7;23525572;1592;221;2446;2470;7.47;0.45;217.75;3.69;854;7;812.00;24
1593;7;23525583;1593;225;2446;2471;7.42;0.45;218.03;3.69;853;7;813.00;25
1593;7;23525593;1593;220;2447;2472;7.41;0.45;218.03;3.69;854;7;814.00;25
1594;7;23525604;1594;223;2447;2472;7.40;0.45;218.04;3.69;853;7;815.00;25
1596;7;23525614;1596;228;2456;2485;7.45;0.45;217.90;3.67;860;7;816.00;29
1598;7;23525626;1598;226;2456;2485;7.48;0.45;217.87;3.67;858;7;817.00;29
1599;7;23525637;1599;228;2456;2485;7.51;0.46;217.75;3.67;857;7;818.00;29
1600;7;23525648;1600;225;2457;2486;7.52;0.46;217.68;3.67;857;7;819.00;29
1600;7;23525661;1600;231;2457;2486;7.50;0.46;217.68;3.67;857;7;820.00;29
1600;7;23525671;1600;232;2460;2490;7.51;0.46;217.68;3.67;860;7;821.00;30
1600;7;23525682;1600;235;2461;2490;7.43;0.45;217.68;3.71;861;7;822.00;29
1603;7;23525693;1603;238;2464;2494;7.35;0.45;217.72;3.71;861;7;823.00;30
1605;7;23525703;1605;243;2465;2494;7.30;0.44;217.58;3.75;860;7;824.00;29
1606;7;23525714;1606;248;2465;2494;7.33;0.44;217.57;3.75;859;7;825.00;29
1607;7;23525724;1607;252;2467;2494;7.36;0.45;217.58;3.77;860;7;826.00;27
1609;7;23525734;1609;256;2467;2494;7.42;0.45;217.43;3.77;858;7;827.00;27
1609;7;23525746;1609;261;2479;2506;7.46;0.46;217.43;3.84;870;7;828.00;27
1611;7;23525757;1611;270;2480;2506;7.48;0.46;217.37;3.85;869;7;829.00;26
1614;7;23525768;1614;271;2485;2506;7.44;0.45;217.09;3.95;871;7;830.00;21
1617;7;23525778;1617;277;2486;2506;7.38;0.45;216.93;3.96;869;7;831.00;20
1618;7;23525790;1618;288;2488;2506;7.35;0.45;216.95;4.00;870;7;832.00;18
1619;7;23525801;1619;289;2492;2506;7.33;0.45;216.88;4.04;873;7;833.00;14
1623;7;23525811;1623;298;2492;2507;7.21;0.44;216.86;4.04;869;7;834.00;15
1624;8;23525822;1624;299;2495;2507;7.14;0.44;216.88;4.10;871;8;835.00;12
1625;8;23525840;1625;305;2500;2513;7.15;0.44;216.87;4.09;875;8;836.00;13
1627;8;23525851;1627;311;2503;2514;7.10;0.44;216.87;4.12;876;8;837.00;11
1631;8;23525861;1631;320;2503;2514;7.05;0.43;216.74;4.12;872;8;838.00;11
1634;8;23525873;1634;327;2507;2514;6.98;0.43;216.43;4.16;873;8;839.00;7
1634;8;23525885;1634;333;2511;2519;7.06;0.43;216.43;4.16;877;8;840.00;8
1637;8;23525896;1637;337;2512;2519;7.06;0.43;216.33;4.17;875;8;841.00;7
1639;8;23525913;1639;338;2513;2519;7.04;0.43;216.17;4.18;874;8;842.00;6
1642;8;23525923;1642;341;2517;2520;7.05;0.43;216.08;4.20;875;8;843.00;3
1643;8;23525934;1643;343;2522;2524;7.06;0.43;215.96;4.19;879;8;844.00;2
1646;8;23525945;1646;342;2522;2524;7.05;0.43;215.89;4.19;876;8;845.00;2
1648;8;23525956;1648;347;2525;2527;7.11;0.44;215.79;4.19;877;8;846.00;2
1651;8;23525966;1651;347;2527;2527;7.09;0.44;215.78;4.19;876;8;847.00;0
1656;8;23525976;1656;351;2527;2527;7.00;0.43;215.87;4.19;871;8;848.00;0
1659;8;23525986;1659;356;2527;2527;6.90;0.42;215.87;4.19;868;8;849.00;0
1659;8;23525996;1659;352;2531;2531;6.90;0.42;215.87;4.19;872;8;850.00;0
1661;8;23526006;1661;352;2531;2531;6.79;0.42;216.05;4.19;870;8;851.00;0
1663;8;23526017;1663;338;2531;2531;6.71;0.41;216.03;4.19;868;8;852.00;0
1664;8;23526027;1664;322;2531;2531;6.68;0.41;216.03;4.19;867;8;853.00;0
1667;8;23526041;1667;307;2532;2532;6.63;0.41;216.03;4.18;865;8;854.00;0
1667;8;23526056;1667;297;2534;2534;6.62;0.40;216.03;4.18;867;8;855.00;0
1667;8;23526072;1667;294;2534;2534;6.65;0.41;216.03;4.18;867;8;856.00;0
1670;8;23526084;1670;294;2535;2535;6.73;0.41;215.99;4.18;865;8;857.00;0
1673;8;23526097;1673;288;2535;2535;6.79;0.42;215.85;4.18;862;8;858.00;0
1675;8;23526122;1675;288;2535;2535;6.91;0.42;215.79;4.18;860;8;859.00;0
1675;8;23526139;1675;287;2535;2535;7.01;0.43;215.79;4.18;860;8;860.00;0
1676;8;23526153;1676;298;2535;2535;7.10;0.43;215.78;4.18;859;8;861.00;0
1678;8;23526165;1678;294;2535;2535;7.15;0.44;215.81;4.18;857;8;862.00;0
1679;8;23526183;1679;298;2535;2535;7.15;0.44;215.86;4.18;856;8;863.00;0
1679;8;23526194;1679;311;2606;2662;7.44;0.46;215.86;4.07;927;8;864.00;56
1684;8;23526214;1684;301;2610;2663;7.34;0.46;215.74;4.06;926;8;865.00;53
1685;8;23526225;1685;298;2619;2663;7.44;0.46;215.81;4.05;934;8;866.00;44
1689;8;23526236;1689;294;2623;2663;7.36;0.46;215.79;4.05;934;8;867.00;40
1689;8;23526247;1689;284;2630;2663;7.35;0.46;215.79;4.05;941;8;868.00;33
1691;8;23526258;1691;292;2634;2663;7.29;0.45;215.80;4.05;943;8;869.00;29
1694;8;23526271;1694;286;2637;2663;7.20;0.45;215.78;4.06;943;8;870.00;26
1697;8;23526284;1697;282;2640;2663;7.15;0.44;215.75;4.06;943;8;871.00;23
1701;8;23526295;1701;284;2643;2664;7.09;0.44;215.81;4.06;942;8;872.00;21
1704;8;23526306;1704;284;2647;2665;7.02;0.43;215.96;4.07;943;8;873.00;18
1711;8;23526317;1711;293;2649;2665;6.90;0.43;216.18;4.08;938;8;874.00;16
1715;8;23526328;1715;279;2653;2666;6.85;0.42;216.47;4.08;938;8;875.00;13
1719;8;23526339;1719;282;2655;2666;6.81;0.42;216.36;4.09;936;8;876.00;11
1723;8;23526349;1723;282;2658;2666;6.76;0.42;216.90;4.10;935;8;877.00;8
1725;8;23526360;1725;284;2659;2666;6.75;0.42;217.10;4.10;934;8;878.00;7
1729;8;23526370;1729;284;2664;2670;6.79;0.42;217.32;4.11;935;8;879.00;6
1732;8;23526382;1732;292;2664;2670;6.80;0.42;217.50;4.11;932;8;880.00;6
1736;8;23526398;1736;292;2665;2670;6.87;0.42;217.83;4.10;929;8;881.00;5
1741;8;23526409;1741;291;2668;2673;6.94;0.43;217.83;4.11;927;8;882.00;5
1744;8;23526422;1744;290;2668;2673;6.99;0.43;218.21;4.11;924;8;883.00;5
1747;8;23526432;1747;288;2668;2673;7.04;0.43;218.46;4.11;921;8;884.00;5
1751;8;23526444;1751;285;2674;2677;7.06;0.43;218.83;4.11;923;8;885.00;3
1753;8;23526461;1753;274;2676;2678;7.11;0.44;219.05;4.12;923;8;886.00;2
1759;8;23526472;1759;271;2677;2678;7.12;0.44;219.64;4.12;918;8;887.00;1
1762;8;23526484;1762;274;2682;2682;7.13;0.44;219.75;4.12;920;8;888.00;0
1766;8;23526495;1766;264;2682;2682;7.23;0.44;220.06;4.12;916;8;889.00;0
1772;8;23526507;1772;265;2682;2682;7.28;0.45;220.69;4.12;910;8;890.00;0
1776;8;23526517;1776;261;2683;2683;7.32;0.45;220.98;4.12;907;8;891.00;0
1781;8;23526529;1781;256;2683;2683;7.30;0.45;221.63;4.12;902;8;892.00;0
1784;8;23526541;1784;259;2689;2689;7.21;0.44;222.23;4.11;905;8;893.00;0
1789;8;23526553;1789;261;2689;2689;7.12;0.44;222.70;4.11;900;8;894.00;0
1793;8;23526565;1793;271;2690;2690;7.10;0.44;223.03;4.11;897;8;895.00;0
1799;8;23526576;1799;277;2690;2690;7.10;0.43;223.47;4.11;891;8;896.00;0
1805;8;23526587;1805;283;2690;2690;7.14;0.44;223.88;4.11;885;8;897.00;0
1810;8;23526600;1810;280;2690;2690;7.17;0.44;224.01;4.11;880;8;898.00;0
1815;8;23526611;1815;275;2690;2690;7.24;0.44;224.33;4.11;875;8;899.00;0
1817;8;23526625;1817;283;2721;2736;7.36;0.45;224.50;4.06;904;8;900.00;15
1819;8;23526644;1819;274;2721;2736;7.45;0.46;224.64;4.06;902;8;901.00;15
1827;8;23526657;1827;272;2726;2736;7.47;0.46;224.80;4.06;899;8;902.00;10
1831;8;23526669;1831;272;2726;2736;7.55;0.46;224.80;4.06;895;8;903.00;10
1832;8;23526683;1832;275;2728;2736;7.62;0.47;224.91;4.06;896;8;904.00;8
1836;8;23526697;1836;277;2729;2736;7.60;0.47;225.03;4.06;893;8;905.00;7
1841;8;23526709;1841;276;2733;2740;7.62;0.47;225.28;4.05;892;8;906.00;7
1844;8;23526722;1844;279;2733;2740;7.57;0.46;225.56;4.05;889;8;907.00;7
1847;8;23526735;1847;285;2737;2744;7.58;0.46;225.87;4.05;890;8;908.00;7
1850;8;23526747;1850;288;2738;2745;7.54;0.46;226.19;4.05;888;8;909.00;7
1855;8;23526759;1855;288;2739;2745;7.48;0.46;226.26;4.05;884;8;910.00;6
1858;8;23526770;1858;285;2739;2745;7.52;0.46;226.34;4.05;881;8;911.00;6
1860;8;23526784;1860;289;2751;2758;7.57;0.46;226.33;4.04;891;8;912.00;7
1866;8;23526799;1866;301;2751;2758;7.55;0.46;226.32;4.04;885;8;913.00;7
1866;8;23526813;1866;297;2752;2758;7.57;0.46;226.32;4.04;886;8;914.00;6
1871;8;23526825;1871;292;2753;2759;7.56;0.46;226.66;4.04;882;8;915.00;6
1875;8;23526836;1875;300;2755;2760;7.51;0.46;226.97;4.04;880;8;916.00;5
1878;8;23526846;1878;303;2755;2760;7.43;0.45;227.04;4.04;877;8;917.00;5
1880;8;23526857;1880;302;2757;2763;7.43;0.45;227.11;4.04;877;8;918.00;6
1882;8;23526868;1882;304;2757;2763;7.32;0.45;227.51;4.04;875;8;919.00;6
1887;8;23526880;1887;309;2759;2763;7.24;0.44;227.83;4.04;872;8;920.00;4
1893;8;23526890;1893;314;2760;2763;7.13;0.44;228.39;4.05;867;8;921.00;3
1896;8;23526902;1896;303;2765;2769;7.11;0.43;228.38;4.04;869;8;922.00;4
1900;8;23526914;1900;295;2765;2769;7.12;0.43;228.46;4.04;865;8;923.00;4
1903;8;23526927;1903;290;2767;2769;7.14;0.44;228.61;4.05;864;8;924.00;2
1905;8;23526939;1905;289;2769;2769;7.17;0.44;228.58;4.06;864;8;925.00;0
1909;8;23526955;1909;294;2773;2773;7.18;0.44;228.74;4.05;864;8;926.00;0
1914;8;23526967;1914;291;2774;2774;7.18;0.44;229.01;4.05;860;8;927.00;0
1915;8;23526978;1915;298;2774;2774;7.21;0.44;229.09;4.05;859;8;928.00;0
1917;8;23526989;1917;297;2775;2775;7.17;0.44;229.10;4.05;858;8;929.00;0
1919;8;23527002;1919;298;2775;2775;7.13;0.43;229.05;4.05;856;8;930.00;0
1922;8;23527012;1922;292;2775;2775;7.10;0.43;229.23;4.05;853;8;931.00;0
1922;8;23527026;1922;286;2775;2775;7.13;0.43;229.23;4.05;853;8;932.00;0
1923;8;23527037;1923;282;2775;2775;7.16;0.44;229.29;4.05;852;8;933.00;0
1926;8;23527048;1926;274;2775;2775;7.22;0.44;229.44;4.05;849;8;934.00;0
1927;8;23527060;1927;275;2775;2775;7.34;0.45;229.47;4.05;848;8;935.00;0
1927;8;23527071;1927;282;2819;2845;7.47;0.46;229.47;3.99;892;8;936.00;26
1930;8;23527095;1930;275;2820;2846;7.50;0.46;229.52;3.99;890;8;937.00;26
1932;8;23527109;1932;272;2825;2846;7.57;0.46;229.71;3.98;893;8;938.00;21
1936;8;23527121;1936;271;2825;2846;7.67;0.47;230.02;3.98;889;8;939.00;21
1938;8;23527133;1938;271;2828;2846;7.67;0.47;230.15;3.98;890;8;940.00;18
1941;8;23527145;1941;283;2829;2846;7.67;0.47;230.18;3.98;888;8;941.00;17
1944;8;23527156;1944;281;2830;2846;7.65;0.46;230.22;3.99;886;8;942.00;16
1946;8;23527168;1946;279;2833;2846;7.63;0.46;230.24;3.99;887;8;943.00;13
1949;8;23527180;1949;276;2834;2847;7.55;0.46;230.24;3.99;885;8;944.00;13
1950;8;23527191;1950;273;2838;2849;7.55;0.46;230.26;3.99;888;8;945.00;11
1951;8;23527205;1951;274;2841;2849;7.57;0.46;230.31;4.00;890;8;946.00;8
1953;8;23527216;1953;278;2846;2853;7.55;0.46;230.65;4.00;893;8;947.00;7
1955;8;23527228;1955;280;2848;2853;7.58;0.46;230.91;4.01;893;8;948.00;5
1957;8;23527239;1957;278;2848;2853;7.56;0.46;231.05;4.01;891;8;949.00;5
1959;8;23527250;1959;280;2848;2853;7.61;0.46;231.27;4.01;889;8;950.00;5
1961;8;23527261;1961;282;2853;2859;7.65;0.47;231.27;4.00;892;8;951.00;6
1966;8;23527274;1966;275;2854;2859;7.74;0.47;231.81;4.00;888;8;952.00;5
1968;8;23527285;1968;272;2854;2859;7.76;0.47;231.84;4.00;886;8;953.00;5
1972;8;23527296;1972;275;2856;2862;7.81;0.48;231.99;4.00;884;8;954.00;6
1973;8;23527309;1973;276;2856;2862;7.86;0.48;231.96;4.00;883;8;955.00;6
1975;8;23527320;1975;275;2858;2862;7.90;0.48;232.02;4.00;883;8;956.00;4
1979;8;23527331;1979;278;2858;2863;7.87;0.48;232.12;4.00;879;8;957.00;5
1980;8;23527341;1980;275;2859;2864;7.83;0.48;232.14;4.00;879;8;958.00;5
1983;8;23527352;1983;273;2859;2864;7.79;0.47;232.38;4.00;876;8;959.00;5
1986;8;23527366;1986;278;2881;2890;7.79;0.48;232.44;3.97;895;8;960.00;9
1989;8;23527378;1989;281;2882;2890;7.80;0.48;232.52;3.97;893;8;961.00;8
1992;8;23527389;1992;288;2882;2890;7.74;0.47;232.74;3.97;890;8;962.00;8
1993;8;23527407;1993;295;2884;2891;7.77;0.47;232.70;3.97;891;8;963.00;7
1995;8;23527418;1995;297;2884;2891;7.77;0.47;232.77;3.97;889;8;964.00;7
1997;8;23527429;1997;291;2888;2895;7.86;0.48;232.81;3.96;891;8;965.00;7
2002;8;23527441;2002;289;2888;2895;7.86;0.48;232.89;3.96;886;8;966.00;7
2003;8;23527452;2003;293;2891;2899;7.88;0.48;233.00;3.96;888;8;967.00;8
2004;8;23527462;2004;282;2891;2899;7.89;0.48;233.12;3.96;887;8;968.00;8
2007;8;23527473;2007;283;2891;2899;7.85;0.48;233.19;3.96;884;8;969.00;8
2010;8;23527483;2010;283;2891;2899;7.76;0.47;233.40;3.96;881;8;970.00;8
2015;8;23527495;2015;285;2891;2899;7.65;0.46;233.77;3.96;876;8;971.00;8
2018;8;23527505;2018;280;2901;2911;7.61;0.46;233.67;3.95;883;8;972.00;10
2023;8;23527517;2023;281;2901;2911;7.51;0.46;233.77;3.95;878;8;973.00;10
2027;8;23527528;2027;287;2902;2911;7.50;0.46;233.76;3.95;875;8;974.00;9
2029;8;23527539;2029;288;2902;2911;7.43;0.45;233.83;3.95;873;8;975.00;9
2030;8;23527550;2030;298;2902;2911;7.34;0.45;233.84;3.95;872;8;976.00;9
2032;8;23527561;2032;297;2902;2911;7.30;0.44;233.74;3.95;870;8;977.00;9
2034;8;23527572;2034;301;2902;2912;7.24;0.44;233.83;3.95;868;8;978.00;10
2035;8;23527581;2035;301;2902;2912;7.13;0.43;233.93;3.95;867;8;979.00;10
2038;8;23527592;2038;306;2909;2918;7.08;0.43;233.87;3.97;871;8;980.00;9
2041;8;23527604;2041;301;2910;2919;7.03;0.43;233.93;3.97;869;8;981.00;9
2043;8;23527616;2043;301;2910;2919;6.91;0.42;233.92;3.97;867;8;982.00;9
2045;8;23527625;2045;304;2910;2919;6.88;0.42;233.85;3.97;865;8;983.00;9
2046;8;23527642;2046;302;2912;2923;6.90;0.42;233.79;3.97;866;8;984.00;11
2049;8;23527659;2049;303;2912;2923;6.93;0.42;233.69;3.97;863;8;985.00;11
2049;8;23527672;2049;306;2912;2923;7.02;0.43;233.69;3.97;863;8;986.00;11
2052;8;23527683;2052;308;2913;2924;7.07;0.43;233.68;3.96;861;8;987.00;11
2053;8;23527694;2053;309;2916;2928;7.15;0.44;233.62;3.96;863;8;988.00;12
2056;8;23527704;2056;306;2916;2928;7.11;0.43;233.44;3.96;860;8;989.00;12
2061;8;23527716;2061;308;2920;2934;7.11;0.43;233.11;3.96;859;8;990.00;14
2064;8;23527730;2064;302;2921;2934;7.13;0.43;233.14;3.95;857;8;991.00;13
2066;8;23527741;2066;304;2922;2934;7.07;0.43;233.03;3.95;856;8;992.00;12
2069;8;23527752;2069;306;2923;2934;7.06;0.43;232.85;3.96;854;8;993.00;11
2070;8;23527761;2070;302;2927;2938;7.08;0.43;232.75;3.95;857;8;994.00;11
2072;8;23527771;2072;306;2927;2938;7.03;0.43;232.66;3.95;855;8;995.00;11
2074;8;23527781;2074;305;2927;2938;6.99;0.42;232.60;3.95;853;8;996.00;11
2075;8;23527790;2075;308;2927;2938;6.93;0.42;232.52;3.95;852;8;997.00;11
2077;8;23527799;2077;308;2927;2939;6.87;0.42;232.66;3.95;850;8;998.00;12
2077;8;23527808;2077;311;2928;2940;6.83;0.42;232.66;3.95;851;8;999.00;12
2078;8;23527819;2078;312;2928;2940;6.77;0.41;232.64;3.95;850;8;1000.00;12
2080;8;23527833;2080;317;2929;2941;6.74;0.41;232.60;3.95;849;8;1001.00;12
2082;8;23527843;2082;322;2929;2941;6.66;0.41;232.64;3.95;847;8;1002.00;12
2082;8;23527853;2082;327;2929;2941;6.65;0.41;232.64;3.95;847;8;1003.00;12
2082;8;23527862;2082;332;2930;2941;6.66;0.41;232.64;3.97;848;8;1004.00;11
2083;8;23527871;2083;337;2931;2941;6.60;0.41;232.65;3.99;848;8;1005.00;10
2086;8;23527880;2086;341;2931;2941;6.61;0.41;232.70;3.99;845;8;1006.00;10
2088;8;23527889;2088;345;2932;2941;6.60;0.40;232.63;4.00;844;8;1007.00;9
2090;8;23527899;2090;365;3000;3068;6.90;0.43;232.60;3.93;910;8;1008.00;68
2091;8;23527920;2091;354;3003;3069;6.89;0.43;232.57;3.92;912;8;1009.00;66
2093;8;23527930;2093;348;3015;3069;6.97;0.43;232.42;3.94;922;8;1010.00;54
2093;8;23527940;2093;337;3018;3069;7.02;0.44;232.42;3.94;925;8;1011.00;51
2093;8;23527950;2093;332;3025;3069;7.07;0.44;232.42;3.97;932;8;1012.00;44
2095;8;23527961;2095;330;3028;3069;7.14;0.44;232.41;3.97;933;8;1013.00;41
2099;8;23527971;2099;324;3032;3069;7.19;0.45;232.40;3.97;933;8;1014.00;37
2100;8;23527981;2100;323;3037;3069;7.25;0.45;232.48;3.99;937;8;1015.00;32
2101;8;23528004;2101;315;3041;3070;7.33;0.45;232.40;4.00;940;8;1016.00;29
2102;8;23528017;2102;315;3045;3071;7.40;0.46;232.35;4.01;943;8;1017.00;26
2103;8;23528029;2103;310;3049;3071;7.42;0.46;232.34;4.02;946;8;1018.00;22
2105;8;23528047;2105;311;3053;3072;7.44;0.46;232.29;4.03;948;8;1019.00;19
2108;8;23528060;2108;310;3057;3072;7.42;0.46;232.21;4.04;949;8;1020.00;15
2109;8;23528071;2109;305;3061;3072;7.40;0.46;232.31;4.05;952;8;1021.00;11
2112;8;23528083;2112;306;3061;3072;7.34;0.45;232.58;4.05;949;8;1022.00;11
2112;8;23528095;2112;308;3067;3076;7.33;0.45;232.58;4.06;955;8;1023.00;9
2117;8;23528107;2117;302;3067;3076;7.22;0.45;232.53;4.06;950;8;1024.00;9
2118;8;23528118;2118;305;3070;3076;7.13;0.44;232.46;4.07;952;8;1025.00;6
2119;8;23528130;2119;299;3073;3079;7.08;0.44;232.50;4.07;954;8;1026.00;6
2123;8;23528141;2123;298;3074;3079;6.97;0.43;232.44;4.07;951;8;1027.00;5
2124;8;23528153;2124;299;3075;3079;6.88;0.42;232.43;4.08;951;8;1028.00;4
2126;8;23528165;2126;300;3080;3083;6.80;0.42;232.35;4.08;954;8;1029.00;3
2130;8;23528176;2130;300;3081;3084;6.81;0.42;232.14;4.08;951;8;1030.00;3
2132;8;23528187;2132;296;3083;3084;6.78;0.42;232.07;4.09;951;8;1031.00;1
2134;8;23528200;2134;296;3087;3088;6.84;0.42;231.95;4.08;953;8;1032.00;1
2136;8;23528212;2136;302;3087;3088;6.84;0.42;232.03;4.08;951;8;1033.00;1
2138;8;23528223;2138;300;3088;3088;6.75;0.41;232.17;4.08;950;8;1034.00;0
2140;8;23528234;2140;299;3089;3090;6.72;0.41;232.18;4.08;949;8;1035.00;1
2143;8;23528245;2143;302;3089;3090;6.74;0.41;232.26;4.08;946;8;1036.00;1
2147;8;23528255;2147;304;3095;3096;6.75;0.41;232.34;4.08;948;8;1037.00;1
2150;8;23528266;2150;307;3095;3096;6.76;0.41;232.44;4.08;945;8;1038.00;1
2152;8;23528279;2152;311;3097;3097;6.69;0.41;232.51;4.08;945;8;1039.00;0
2154;8;23528289;2154;315;3097;3097;6.60;0.40;232.52;4.08;943;8;1040.00;0
2160;8;23528299;2160;312;3097;3097;6.48;0.40;232.67;4.08;937;8;1041.00;0
2163;8;23528316;2163;320;3097;3097;6.38;0.39;232.81;4.08;934;8;1042.00;0
2165;8;23528327;2165;328;3097;3097;6.29;0.38;232.97;4.08;932;8;1043.00;0
2170;8;23528336;2170;334;3109;3109;6.20;0.38;233.14;4.06;939;8;1044.00;0
2171;8;23528348;2171;340;3109;3109;6.16;0.38;233.07;4.06;938;8;1045.00;0
2174;8;23528358;2174;338;3109;3109;6.02;0.37;233.12;4.06;935;8;1046.00;0
2177;8;23528368;2177;347;3109;3109;5.92;0.36;233.27;4.06;932;8;1047.00;0
2177;8;23528379;2177;351;3109;3109;5.91;0.36;233.27;4.06;932;8;1048.00;0
2180;8;23528388;2180;352;3109;3109;5.88;0.36;233.17;4.06;929;8;1049.00;0
2182;8;23528400;2182;342;3115;3115;5.87;0.36;233.23;4.05;933;8;1050.00;0
2184;8;23528412;2184;328;3115;3115;5.90;0.36;233.26;4.05;931;8;1051.00;0
2190;8;23528423;2190;320;3119;3119;5.94;0.36;233.72;4.05;929;8;1052.00;0
2191;8;23528436;2191;312;3120;3120;6.03;0.37;233.64;4.05;929;8;1053.00;0
2197;8;23528453;2197;315;3120;3120;6.06;0.37;233.95;4.05;923;8;1054.00;0
2198;8;23528465;2198;311;3120;3120;6.09;0.37;234.00;4.05;922;8;1055.00;0
2202;8;23528476;2202;312;3133;3133;6.14;0.37;234.16;4.03;931;8;1056.00;0
2206;8;23528488;2206;303;3133;3133;6.19;0.38;234.54;4.03;927;8;1057.00;0
2209;8;23528499;2209;297;3133;3133;6.29;0.38;234.74;4.03;924;8;1058.00;0
2212;8;23528510;2212;294;3134;3134;6.37;0.39;235.15;4.03;922;8;1059.00;0
2217;8;23528521;2217;294;3135;3135;6.49;0.39;235.54;4.03;918;8;1060.00;0
2219;8;23528533;2219;292;3135;3135;6.65;0.40;235.48;4.03;916;8;1061.00;0
2224;8;23528544;2224;292;3137;3138;6.71;0.41;235.85;4.03;913;8;1062.00;1
2230;8;23528556;2230;296;3137;3138;6.72;0.41;236.36;4.03;907;8;1063.00;1
2231;8;23528567;2231;293;3138;3138;6.80;0.41;236.35;4.03;907;8;1064.00;0
2237;8;23528578;2237;293;3138;3138;6.75;0.41;236.82;4.03;901;8;1065.00;0
2241;8;23528590;2241;302;3144;3144;6.79;0.41;236.90;4.02;903;8;1066.00;0
2246;8;23528602;2246;299;3144;3144;6.75;0.41;237.12;4.02;898;8;1067.00;0
2251;8;23528613;2251;304;3144;3144;6.74;0.41;237.40;4.02;893;8;1068.00;0
2254;8;23528624;2254;305;3144;3144;6.74;0.41;237.67;4.02;890;8;1069.00;0
2257;8;23528644;2257;316;3148;3148;6.83;0.41;237.88;4.02;891;8;1070.00;0
2261;8;23528656;2261;315;3149;3149;6.86;0.42;238.21;4.02;888;8;1071.00;0
2264;8;23528673;2264;318;3149;3149;6.93;0.42;238.73;4.02;885;8;1072.00;0
2268;8;23528683;2268;314;3150;3150;6.98;0.43;239.00;4.01;882;8;1073.00;0
2274;8;23528694;2274;314;3150;3150;7.01;0.43;239.26;4.01;876;8;1074.00;0
2279;8;23528716;2279;307;3150;3150;7.04;0.43;239.34;4.01;871;8;1075.00;0
2283;8;23528727;2283;311;3150;3150;7.04;0.43;239.41;4.01;867;8;1076.00;0
2286;8;23528738;2286;313;3150;3150;7.05;0.43;239.68;4.01;864;8;1077.00;0
2292;8;23528749;2292;311;3150;3150;7.06;0.43;239.56;4.01;858;8;1078.00;0
2293;8;23528760;2293;311;3150;3150;7.09;0.43;239.69;4.01;857;8;1079.00;0
2297;8;23528773;2297;334;3229;3275;7.23;0.45;239.90;3.92;932;8;1080.00;46
2300;8;23528794;2300;324;3234;3276;7.24;0.45;239.90;3.91;934;8;1081.00;42
2307;8;23528807;2307;320;3242;3276;7.28;0.45;240.20;3.91;935;8;1082.00;34
2310;8;23528818;2310;318;3242;3276;7.28;0.45;240.36;3.91;932;8;1083.00;34
2314;8;23528829;2314;317;3250;3276;7.33;0.45;240.70;3.91;936;8;1084.00;26
2318;8;23528840;2318;316;3252;3276;7.34;0.45;240.85;3.91;934;8;1085.00;24
2321;8;23528852;2321;318;3257;3276;7.34;0.45;240.87;3.91;936;8;1086.00;19
2327;8;23528863;2327;320;3258;3276;7.34;0.45;241.30;3.91;931;8;1087.00;18
2329;8;23528875;2329;321;3263;3277;7.42;0.45;241.33;3.92;934;8;1088.00;14
2332;8;23528886;2332;326;3268;3278;7.39;0.45;241.62;3.93;936;8;1089.00;10
2333;8;23528898;2333;331;3272;3278;7.40;0.46;241.77;3.93;939;8;1090.00;6
2334;8;23528909;2334;336;3275;3282;7.39;0.46;241.94;3.93;941;8;1091.00;7
2338;8;23528919;2338;344;3275;3282;7.29;0.45;242.07;3.93;937;8;1092.00;7
2342;8;23528931;2342;355;3277;3282;7.18;0.44;242.18;3.93;935;8;1093.00;5
2344;8;23528942;2344;365;3277;3282;7.08;0.44;242.40;3.93;933;8;1094.00;5
2346;8;23528955;2346;370;3282;3288;6.97;0.43;242.77;3.93;936;8;1095.00;6
2351;8;23528967;2351;379;3282;3288;6.83;0.42;243.15;3.93;931;8;1096.00;6
2353;8;23528978;2353;376;3284;3288;6.80;0.42;243.30;3.93;931;8;1097.00;4
2356;8;23528990;2356;369;3286;3291;6.76;0.42;243.51;3.93;930;8;1098.00;5
2359;8;23529002;2359;364;3286;3291;6.74;0.41;243.55;3.93;927;8;1099.00;5
2364;8;23529015;2364;366;3287;3291;6.77;0.41;243.77;3.94;923;8;1100.00;4
2367;8;23529031;2367;366;3288;3292;6.79;0.42;243.98;3.94;921;8;1101.00;4
2369;8;23529043;2369;361;3290;3293;6.82;0.42;244.00;3.94;921;8;1102.00;3
2372;8;23529056;2372;361;3290;3293;6.79;0.42;244.21;3.94;918;8;1103.00;3
2374;8;23529067;2374;368;3300;3306;6.84;0.42;244.18;3.92;926;8;1104.00;6
2378;8;23529079;2378;374;3300;3306;6.77;0.41;244.26;3.92;922;8;1105.00;6
2381;8;23529091;2381;369;3300;3306;6.71;0.41;244.47;3.92;919;8;1106.00;6
2383;8;23529104;2383;368;3301;3307;6.71;0.41;244.28;3.92;918;8;1107.00;6
2387;8;23529117;2387;366;3301;3307;6.69;0.41;244.49;3.92;914;8;1108.00;6
2392;8;23529129;2392;361;3306;3311;6.78;0.41;244.73;3.93;914;8;1109.00;5
2393;8;23529144;2393;356;3306;3311;6.83;0.42;244.79;3.93;913;8;1110.00;5
2396;8;23529156;2396;358;3308;3315;6.86;0.42;245.04;3.93;912;8;1111.00;7
2397;8;23529168;2397;356;3309;3315;6.92;0.42;245.03;3.93;912;8;1112.00;6
2399;8;23529180;2399;360;3309;3315;6.97;0.42;245.20;3.93;910;8;1113.00;6
2402;8;23529191;2402;362;3309;3315;7.00;0.43;245.39;3.93;907;8;1114.00;6
2404;8;23529202;2404;361;3309;3315;7.01;0.43;245.46;3.93;905;8;1115.00;6
2405;8;23529213;2405;364;3321;3327;7.08;0.43;245.46;3.92;916;8;1116.00;6
2407;8;23529226;2407;363;3322;3327;7.07;0.43;245.75;3.92;915;8;1117.00;5
2408;8;23529239;2408;370;3322;3327;7.08;0.43;245.74;3.92;914;8;1118.00;5
2412;8;23529251;2412;363;3322;3327;7.08;0.43;245.86;3.92;910;8;1119.00;5
2413;8;23529265;2413;358;3322;3327;7.04;0.43;245.88;3.92;909;8;1120.00;5
2415;8;23529277;2415;352;3322;3327;7.00;0.43;246.03;3.92;907;8;1121.00;5
2419;8;23529289;2419;356;3322;3328;6.98;0.43;246.08;3.92;903;8;1122.00;6
2419;8;23529301;2419;349;3322;3328;7.02;0.43;246.08;3.92;903;8;1123.00;6
2420;8;23529312;2420;343;3327;3334;7.13;0.44;246.11;3.92;907;8;1124.00;7
2424;8;23529329;2424;347;3329;3336;7.16;0.44;246.20;3.91;905;8;1125.00;7
2428;8;23529341;2428;346;3329;3336;7.22;0.44;246.32;3.91;901;8;1126.00;7
2429;8;23529352;2429;348;3329;3336;7.24;0.44;246.44;3.91;900;8;1127.00;7
2432;8;23529363;2432;338;3332;3340;7.21;0.44;246.45;3.91;900;8;1128.00;8
2435;8;23529374;2435;334;3332;3340;7.11;0.43;246.64;3.91;897;8;1129.00;8
2437;8;23529385;2437;338;3332;3340;7.05;0.43;246.63;3.91;895;8;1130.00;8
2440;8;23529396;2440;344;3333;3341;7.03;0.43;246.69;3.91;893;8;1131.00;8
2441;8;23529410;2441;351;3336;3345;7.04;0.43;246.64;3.91;895;8;1132.00;9
2445;8;23529422;2445;354;3336;3345;6.99;0.43;246.51;3.91;891;8;1133.00;9
2446;8;23529434;2446;360;3338;3348;7.01;0.43;246.55;3.90;892;8;1134.00;10
2447;8;23529447;2447;362;3338;3348;6.94;0.42;246.53;3.90;891;8;1135.00;10
2448;8;23529457;2448;364;3339;3348;6.88;0.42;246.64;3.90;891;8;1136.00;9
2449;8;23529467;2449;364;3339;3348;6.83;0.42;246.65;3.90;890;8;1137.00;9
2453;8;23529477;2453;372;3343;3352;6.77;0.41;246.42;3.90;890;8;1138.00;9
2453;8;23529488;2453;372;3343;3352;6.70;0.41;246.42;3.90;890;8;1139.00;9
2457;8;23529500;2457;369;3343;3352;6.66;0.41;246.37;3.90;886;9;1140.00;9
2459;8;23529522;2459;365;3343;3352;6.70;0.41;246.27;3.90;884;9;1141.00;9
2462;8;23529533;2462;361;3343;3353;6.66;0.41;246.19;3.90;881;9;1142.00;10
2464;8;23529545;2464;359;3344;3354;6.62;0.40;246.30;3.90;880;9;1143.00;10
2464;8;23529555;2464;355;3344;3354;6.64;0.41;246.30;3.90;880;9;1144.00;10
2468;8;23529566;2468;352;3345;3355;6.64;0.41;246.41;3.90;877;9;1145.00;10
2468;8;23529576;2468;349;3345;3355;6.69;0.41;246.41;3.90;877;9;1146.00;10
2472;8;23529587;2472;342;3345;3355;6.70;0.41;246.27;3.90;873;9;1147.00;10
2473;8;23529597;2473;337;3345;3355;6.79;0.41;246.21;3.90;872;9;1148.00;10
2474;8;23529607;2474;335;3345;3355;6.87;0.42;246.18;3.90;871;9;1149.00;10
2478;8;23529617;2478;334;3345;3355;6.86;0.42;246.14;3.90;867;9;1150.00;10
2483;8;23529627;2483;328;3345;3355;6.78;0.41;246.20;3.90;862;9;1151.00;10
2486;8;23529636;2486;349;3412;3482;6.90;0.43;246.23;3.82;926;9;1152.00;70
2489;8;23529656;2489;338;3412;3483;6.87;0.43;246.22;3.82;923;9;1153.00;71
2490;9;23529667;2490;328;3419;3483;6.93;0.43;246.20;3.82;929;10;1154.00;64
2493;9;23529690;2493;321;3421;3483;6.89;0.43;246.14;3.85;928;10;1155.00;62
2494;9;23529703;2494;315;3427;3483;6.93;0.43;246.12;3.85;933;10;1156.00;56
2498;9;23529713;2498;310;3430;3483;6.95;0.43;246.02;3.85;932;10;1157.00;53
2502;9;23529724;2502;306;3436;3483;6.95;0.43;245.97;3.85;934;10;1158.00;47
2506;9;23529735;2506;306;3440;3483;6.95;0.43;245.95;3.86;934;10;1159.00;43
2509;9;23529746;2509;301;3443;3484;6.96;0.43;245.93;3.86;934;10;1160.00;41
2511;9;23529756;2511;299;3447;3485;7.01;0.43;245.94;3.87;936;10;1161.00;38
2511;9;23529768;2511;289;3449;3485;7.10;0.44;245.94;3.87;938;10;1162.00;36
2513;9;23529780;2513;286;3452;3486;7.18;0.44;245.88;3.88;939;10;1163.00;34
2514;9;23529791;2514;283;3454;3486;7.23;0.44;245.88;3.88;940;10;1164.00;32
2514;9;23529802;2514;284;3456;3486;7.27;0.45;245.88;3.89;942;10;1165.00;30
2516;9;23529812;2516;277;3459;3486;7.29;0.45;245.95;3.89;943;10;1166.00;27
2517;9;23529823;2517;260;3462;3490;7.33;0.45;245.93;3.90;945;10;1167.00;28
2521;9;23529835;2521;258;3463;3490;7.35;0.45;245.81;3.90;942;10;1168.00;27
2521;9;23529847;2521;254;3463;3490;7.42;0.45;245.81;3.90;942;10;1169.00;27
2523;9;23529860;2523;252;3468;3496;7.48;0.46;245.85;3.90;945;10;1170.00;28
2524;9;23529872;2524;251;3470;3496;7.47;0.46;245.78;3.91;946;10;1171.00;26
2526;9;23529888;2526;245;3472;3496;7.53;0.46;245.72;3.91;946;10;1172.00;24
2528;9;23529900;2528;243;3476;3500;7.58;0.46;245.60;3.91;948;10;1173.00;24
2532;9;23529912;2532;240;3477;3501;7.65;0.47;245.36;3.91;945;10;1174.00;24
2535;9;23529924;2535;238;3478;3501;7.76;0.47;245.23;3.91;943;10;1175.00;23
2536;9;23529935;2536;238;3482;3505;7.84;0.48;245.14;3.92;946;10;1176.00;23
2537;9;23529952;2537;234;3482;3505;7.86;0.48;245.11;3.92;945;10;1177.00;23
2538;9;23529964;2538;234;3483;3505;7.87;0.48;245.19;3.92;945;10;1178.00;22
2539;9;23529975;2539;235;3486;3506;7.94;0.48;245.22;3.93;947;10;1179.00;20
2541;9;23529986;2541;241;3487;3506;7.93;0.48;245.15;3.95;946;10;1180.00;19
2542;9;23529998;2542;245;3494;3512;7.99;0.49;245.09;3.97;952;10;1181.00;18
2544;9;23530011;2544;245;3494;3512;8.00;0.49;245.14;3.97;950;10;1182.00;18
2544;9;23530024;2544;241;3494;3513;7.98;0.49;245.14;3.97;950;10;1183.00;19
2545;9;23530035;2545;247;3496;3513;7.97;0.49;245.17;4.00;951;10;1184.00;17
2548;9;23530046;2548;252;3496;3513;7.95;0.49;245.16;4.00;948;10;1185.00;17
2551;9;23530056;2551;251;3498;3513;7.91;0.48;245.09;4.03;947;10;1186.00;15
2552;9;23530069;2552;257;3499;3513;7.90;0.48;245.05;4.04;947;10;1187.00;14
2554;9;23530079;2554;264;3510;3525;7.93;0.48;245.01;4.05;956;10;1188.00;15
2554;9;23530093;2554;269;3511;3525;7.89;0.48;245.01;4.06;957;10;1189.00;14
2558;9;23530104;2558;270;3513;3525;7.83;0.48;244.93;4.07;955;10;1190.00;12
2562;9;23530115;2562;271;3514;3525;7.84;0.48;244.81;4.08;952;10;1191.00;11
2565;9;23530128;2565;267;3515;3525;7.88;0.48;244.80;4.08;950;10;1192.00;10
2568;9;23530139;2568;269;3515;3525;7.84;0.48;244.97;4.08;947;10;1193.00;10
2568;9;23530150;2568;268;3518;3529;7.81;0.48;244.97;4.08;950;10;1194.00;11
2574;9;23530162;2574;267;3519;3529;7.80;0.48;245.10;4.09;945;10;1195.00;10
2577;9;23530173;2577;263;3523;3533;7.88;0.48;245.06;4.09;946;10;1196.00;10
2578;9;23530185;2578;253;3525;3534;7.90;0.48;245.03;4.10;947;10;1197.00;9
2581;9;23530196;2581;259;3526;3534;7.88;0.48;245.01;4.11;945;10;1198.00;8
2583;9;23530208;2583;249;3527;3534;7.87;0.48;245.19;4.12;944;10;1199.00;7
2587;9;23530221;2587;251;3551;3575;7.79;0.48;245.15;4.09;964;10;1200.00;24
2590;9;23530241;2590;235;3554;3575;7.78;0.48;245.33;4.12;964;10;1201.00;21
2594;9;23530252;2594;237;3556;3575;7.79;0.48;245.31;4.12;962;10;1202.00;19
2596;9;23530264;2596;239;3560;3576;7.86;0.48;245.53;4.13;964;10;1203.00;16
2599;9;23530275;2599;235;3561;3577;7.94;0.49;245.61;4.12;962;10;1204.00;16
2603;9;23530286;2603;239;3566;3577;7.88;0.48;245.63;4.14;963;10;1205.00;11
2605;9;23530298;2605;236;3568;3580;7.93;0.48;245.77;4.13;963;10;1206.00;12
2608;9;23530310;2608;233;3568;3580;7.95;0.49;246.04;4.13;960;10;1207.00;12
2609;10;23530322;2609;232;3569;3580;7.94;0.48;246.06;4.13;960;11;1208.00;11
2613;10;23530345;2613;231;3573;3580;7.90;0.48;246.35;4.14;960;11;1209.00;7
2615;10;23530356;2615;231;3580;3586;7.91;0.48;246.50;4.14;965;11;1210.00;6
2617;10;23530368;2617;232;3582;3586;7.89;0.48;246.73;4.14;965;11;1211.00;4
2620;10;23530378;2620;235;3582;3586;7.86;0.48;246.79;4.14;962;11;1212.00;4
2623;10;23530389;2623;237;3582;3586;7.86;0.48;246.91;4.14;959;11;1213.00;4
2626;10;23530401;2626;240;3586;3590;7.80;0.47;246.94;4.13;960;11;1214.00;4
2632;10;23530412;2632;243;3589;3592;7.74;0.47;246.99;4.14;957;11;1215.00;3
2638;10;23530424;2638;247;3589;3592;7.71;0.47;247.38;4.14;951;11;1216.00;3
2641;10;23530435;2641;258;3590;3593;7.71;0.47;247.49;4.13;949;11;1217.00;3
2645;10;23530447;2645;257;3590;3593;7.72;0.47;247.72;4.13;945;11;1218.00;3
2648;10;23530457;2648;256;3590;3593;7.69;0.47;247.96;4.13;942;11;1219.00;3
2653;10;23530468;2653;255;3591;3593;7.64;0.47;247.99;4.14;938;11;1220.00;2
2658;10;23530479;2658;263;3591;3593;7.53;0.46;248.23;4.14;933;11;1221.00;2
2661;10;23530489;2661;263;3591;3593;7.51;0.46;248.34;4.14;930;11;1222.00;2
2664;10;23530500;2664;263;3591;3593;7.43;0.46;248.59;4.14;927;11;1223.00;2
2668;10;23530510;2668;274;3633;3663;7.46;0.46;248.72;4.09;965;11;1224.00;30
2671;10;23530527;2671;260;3638;3664;7.42;0.46;248.71;4.09;967;11;1225.00;26
2674;10;23530543;2674;247;3644;3664;7.38;0.45;248.84;4.09;970;11;1226.00;20
2676;10;23530554;2676;246;3644;3664;7.34;0.45;248.99;4.09;968;11;1227.00;20
2680;10;23530566;2680;245;3650;3666;7.32;0.45;249.18;4.09;970;11;1228.00;16
2683;10;23530577;2683;240;3650;3666;7.26;0.44;249.29;4.09;967;11;1229.00;16
2686;10;23530589;2686;237;3652;3666;7.19;0.44;249.42;4.09;966;11;1230.00;14
2689;10;23530602;2689;244;3656;3666;7.16;0.44;249.64;4.10;967;11;1231.00;10
2694;10;23530614;2694;242;3658;3667;7.10;0.43;249.91;4.10;964;11;1232.00;9
2699;10;23530626;2699;242;3662;3668;7.12;0.44;250.17;4.11;963;11;1233.00;6
2704;10;23530637;2704;249;3663;3668;7.11;0.43;250.61;4.11;959;11;1234.00;5
2705;10;23530648;2705;251;3668;3672;7.10;0.43;250.67;4.11;963;11;1235.00;4
2710;10;23530659;2710;256;3670;3672;7.06;0.43;250.92;4.11;960;11;1236.00;2
2713;10;23530670;2713;254;3671;3672;7.07;0.43;251.17;4.11;958;11;1237.00;1
2721;10;23530682;2721;252;3672;3672;7.01;0.43;251.54;4.11;951;11;1238.00;0
2726;10;23530693;2726;255;3678;3678;6.99;0.43;251.60;4.11;952;11;1239.00;0
2729;10;23530705;2729;261;3678;3678;6.97;0.43;251.93;4.11;949;11;1240.00;0
2735;10;23530716;2735;259;3678;3678;6.95;0.42;252.16;4.11;943;11;1241.00;0
2739;10;23530727;2739;263;3680;3681;6.98;0.43;252.35;4.10;941;11;1242.00;1
2746;10;23530739;2746;266;3681;3681;6.94;0.42;252.69;4.10;935;11;1243.00;0
2747;10;23530750;2747;270;3681;3681;6.95;0.42;252.86;4.10;934;11;1244.00;0
2750;10;23530761;2750;272;3682;3682;6.90;0.42;252.74;4.10;932;11;1245.00;0
2754;10;23530772;2754;280;3683;3683;6.87;0.42;252.96;4.10;929;11;1246.00;0
2760;10;23530784;2760;281;3683;3683;6.82;0.42;253.06;4.10;923;11;1247.00;0
2762;10;23530796;2762;285;3695;3696;6.95;0.42;252.98;4.09;933;11;1248.00;1
2768;10;23530807;2768;291;3696;3696;6.95;0.42;252.94;4.09;928;11;1249.00;0
2773;10;23530818;2773;293;3696;3696;6.97;0.42;253.01;4.09;923;11;1250.00;0
2774;10;23530830;2774;297;3697;3697;7.02;0.43;253.02;4.09;923;11;1251.00;0
2776;10;23530842;2776;298;3697;3697;7.01;0.43;252.95;4.09;921;11;1252.00;0
2779;10;23530853;2779;304;3701;3701;7.03;0.43;253.01;4.08;922;11;1253.00;0
2781;10;23530864;2781;300;3701;3701;7.00;0.43;253.04;4.08;920;11;1254.00;0
2782;10;23530875;2782;298;3705;3705;6.99;0.43;253.01;4.08;923;11;1255.00;0
2783;10;23530887;2783;307;3705;3705;6.97;0.43;253.06;4.08;922;11;1256.00;0
2789;10;23530899;2789;310;3705;3705;6.97;0.43;253.18;4.08;916;11;1257.00;0
2792;10;23530910;2792;313;3705;3705;6.99;0.43;253.08;4.08;913;11;1258.00;0
2797;10;23530921;2797;312;3705;3705;6.95;0.43;253.32;4.08;908;11;1259.00;0
2803;10;23530934;2803;316;3734;3739;7.10;0.44;253.30;4.05;931;11;1260.00;5
2807;10;23530948;2807;314;3734;3739;7.06;0.43;253.53;4.05;927;11;1261.00;5
2810;10;23530959;2810;322;3736;3739;7.05;0.43;253.60;4.05;926;11;1262.00;3
2813;10;23530972;2813;331;3736;3739;7.04;0.43;253.87;4.05;923;11;1263.00;3
2816;10;23530983;2816;338;3737;3739;7.04;0.43;253.96;4.05;921;11;1264.00;2
2818;10;23530994;2818;339;3737;3739;6.96;0.43;254.21;4.05;919;11;1265.00;2
2819;10;23531005;2819;342;3737;3740;6.90;0.42;254.18;4.05;918;11;1266.00;3
2824;10;23531016;2824;344;3737;3740;6.73;0.41;254.34;4.05;913;11;1267.00;3
2827;10;23531028;2827;351;3742;3746;6.65;0.41;254.24;4.04;915;11;1268.00;4
2828;10;23531038;2828;353;3743;3747;6.52;0.40;254.32;4.04;915;11;1269.00;4
2830;10;23531050;2830;361;3743;3747;6.44;0.39;254.42;4.04;913;11;1270.00;4
2834;10;23531060;2834;366;3743;3747;6.33;0.39;254.65;4.04;909;11;1271.00;4
2834;10;23531071;2834;365;3746;3751;6.37;0.39;254.65;4.04;912;11;1272.00;5
2838;10;23531082;2838;374;3746;3751;6.32;0.39;254.61;4.04;908;11;1273.00;5
2841;10;23531093;2841;368;3746;3751;6.32;0.39;254.51;4.04;905;11;1274.00;5
2842;10;23531104;2842;366;3747;3752;6.35;0.39;254.52;4.04;905;11;1275.00;5
2844;10;23531114;2844;372;3750;3756;6.34;0.39;254.58;4.04;906;11;1276.00;6
2845;10;23531125;2845;373;3750;3756;6.30;0.38;254.56;4.04;905;11;1277.00;6
2847;10;23531148;2847;378;3752;3759;6.25;0.38;254.73;4.03;905;11;1278.00;7
2852;10;23531159;2852;382;3752;3759;6.19;0.38;254.65;4.03;900;11;1279.00;7
2853;10;23531171;2853;386;3753;3759;6.23;0.38;254.68;4.03;900;11;1280.00;6
2858;10;23531188;2858;374;3753;3759;6.22;0.38;254.67;4.03;895;11;1281.00;6
2860;10;23531199;2860;372;3757;3763;6.33;0.39;254.61;4.03;897;11;1282.00;6
2860;10;23531210;2860;364;3757;3763;6.44;0.39;254.61;4.03;897;11;1283.00;6
2863;10;23531221;2863;359;3757;3763;6.49;0.40;254.75;4.03;894;11;1284.00;6
2865;10;23531232;2865;350;3757;3763;6.51;0.40;254.82;4.03;892;11;1285.00;6
2867;10;23531243;2867;352;3757;3764;6.55;0.40;254.81;4.03;890;11;1286.00;7
2869;10;23531254;2869;350;3758;3765;6.63;0.40;254.82;4.03;889;11;1287.00;7
2872;10;23531266;2872;346;3758;3765;6.64;0.40;254.92;4.03;886;11;1288.00;7
2874;10;23531277;2874;352;3759;3766;6.72;0.41;254.95;4.03;885;11;1289.00;7
2875;10;23531289;2875;351;3759;3766;6.81;0.41;254.96;4.03;884;11;1290.00;7
2878;10;23531301;2878;346;3759;3766;6.88;0.42;254.83;4.03;881;11;1291.00;7
2882;10;23531311;2882;342;3759;3766;6.93;0.42;254.88;4.03;877;11;1292.00;7
2886;10;23531322;2886;338;3759;3766;6.98;0.42;254.78;4.03;873;11;1293.00;7
2889;10;23531333;2889;335;3759;3766;7.05;0.43;254.86;4.03;870;11;1294.00;7
2892;10;23531344;2892;329;3759;3766;7.16;0.43;254.93;4.03;867;11;1295.00;7
2896;10;23531355;2896;341;3825;3893;7.55;0.46;255.22;3.96;929;11;1296.00;68
2898;10;23531376;2898;336;3827;3894;7.65;0.47;255.24;3.96;929;11;1297.00;67
2899;10;23531388;2899;325;3835;3894;7.80;0.48;255.17;3.95;936;11;1298.00;59
2901;10;23531400;2901;321;3838;3894;7.87;0.48;255.07;3.95;937;11;1299.00;56
2903;10;23531412;2903;325;3845;3894;7.93;0.49;255.08;3.95;942;11;1300.00;49
2907;10;23531427;2907;332;3849;3894;7.83;0.48;254.97;3.95;942;11;1301.00;45
2907;10;23531439;2907;335;3853;3894;7.78;0.48;254.97;3.96;946;11;1302.00;41
2908;10;23531450;2908;341;3856;3894;7.74;0.47;254.89;3.96;948;11;1303.00;38
2909;10;23531462;2909;343;3858;3895;7.67;0.47;254.91;3.96;949;11;1304.00;37
2909;11;23531473;2909;347;3863;3897;7.57;0.46;254.91;3.96;954;12;1305.00;34
2911;11;23531497;2911;353;3865;3897;7.52;0.46;254.85;3.97;954;12;1306.00;32
2915;11;23531509;2915;362;3868;3898;7.42;0.45;254.77;3.97;953;12;1307.00;30
2915;11;23531527;2915;367;3871;3898;7.31;0.45;254.77;3.98;956;12;1308.00;27
2917;11;23531538;2917;374;3872;3898;7.23;0.44;254.89;3.98;955;12;1309.00;26
2917;11;23531549;2917;385;3875;3898;7.20;0.44;254.89;3.99;958;12;1310.00;23
2918;11;23531559;2918;384;3878;3902;7.16;0.44;254.91;3.99;960;12;1311.00;24
2919;11;23531573;2919;386;3879;3902;7.11;0.43;254.89;3.99;960;12;1312.00;23
2920;11;23531585;2920;382;3881;3902;7.04;0.43;254.90;4.00;961;12;1313.00;21
2920;11;23531596;2920;390;3884;3905;7.05;0.43;254.90;4.00;964;12;1314.00;21
2920;11;23531607;2920;389;3884;3905;7.02;0.43;254.90;4.00;964;12;1315.00;21
2922;11;23531618;2922;382;3884;3905;7.03;0.43;255.10;4.00;962;12;1316.00;21
2926;11;23531631;2926;383;3888;3909;7.00;0.43;255.06;4.00;962;12;1317.00;21
2926;11;23531643;2926;381;3890;3910;7.02;0.43;255.06;4.00;964;12;1318.00;20
2930;11;23531654;2930;376;3891;3910;7.03;0.43;255.10;4.00;961;12;1319.00;19
2931;11;23531667;2931;371;3895;3915;7.06;0.43;255.14;4.00;964;12;1320.00;20
2933;11;23531677;2933;366;3895;3915;7.05;0.43;255.07;4.00;962;12;1321.00;20
2936;11;23531689;2936;360;3895;3915;7.04;0.43;255.16;4.00;959;12;1322.00;20
2936;11;23531702;2936;352;3896;3916;7.08;0.43;255.16;4.00;960;12;1323.00;20
2939;11;23531714;2939;335;3896;3916;7.11;0.43;255.17;4.00;957;12;1324.00;20
2940;11;23531726;2940;328;3900;3922;7.15;0.43;255.09;3.99;960;12;1325.00;22
2942;11;23531738;2942;317;3900;3922;7.20;0.44;254.97;3.99;958;12;1326.00;22
2944;11;23531750;2944;310;3900;3923;7.19;0.44;254.89;3.99;956;12;1327.00;23
2947;11;23531761;2947;305;3900;3923;7.13;0.43;254.93;3.99;953;12;1328.00;23
2948;11;23531774;2948;304;3901;3923;7.09;0.43;254.93;4.01;953;12;1329.00;22
2949;11;23531790;2949;302;3901;3923;7.04;0.43;255.09;4.01;952;12;1330.00;22
2952;11;23531803;2952;297;3902;3923;6.98;0.42;255.25;4.03;950;12;1331.00;21
2954;11;23531816;2954;288;3912;3935;7.03;0.43;255.32;4.01;958;12;1332.00;23
2955;11;23531838;2955;288;3913;3935;7.06;0.43;255.43;4.01;958;12;1333.00;22
2958;11;23531850;2958;289;3913;3935;7.05;0.43;255.53;4.01;955;12;1334.00;22
2959;11;23531861;2959;286;3913;3935;7.05;0.43;255.60;4.01;954;12;1335.00;22
2959;11;23531880;2959;278;3913;3935;7.08;0.43;255.60;4.01;954;12;1336.00;22
2960;11;23531892;2960;270;3913;3935;7.13;0.43;255.60;4.01;953;12;1337.00;22
2962;11;23531903;2962;263;3916;3939;7.19;0.44;255.60;4.01;954;12;1338.00;23
2965;11;23531915;2965;255;3916;3939;7.24;0.44;255.54;4.01;951;12;1339.00;23
2966;11;23531933;2966;243;3919;3943;7.40;0.45;255.56;4.01;953;12;1340.00;24
2968;11;23531946;2968;231;3920;3944;7.53;0.46;255.54;4.01;952;12;1341.00;24
2969;11;23531957;2969;222;3920;3944;7.64;0.46;255.48;4.01;951;12;1342.00;24
2973;11;23531969;2973;220;3920;3944;7.77;0.47;255.48;4.01;947;12;1343.00;24
2975;11;23531981;2975;221;3930;3957;7.89;0.48;255.56;4.00;955;12;1344.00;27
2979;11;23531993;2979;216;3931;3957;7.94;0.48;255.47;4.00;952;12;1345.00;26
2982;11;23532005;2982;214;3931;3957;7.98;0.48;255.43;4.00;949;12;1346.00;26
2983;11;23532020;2983;215;3934;3958;8.06;0.49;255.35;4.02;951;12;1347.00;24
2984;11;23532034;2984;214;3934;3959;8.12;0.49;255.33;4.02;950;12;1348.00;25
2986;11;23532046;2986;206;3935;3959;8.16;0.49;255.40;4.04;949;12;1349.00;24
2989;11;23532059;2989;208;3943;3968;8.16;0.49;255.65;4.04;954;12;1350.00;25
2991;11;23532073;2991;210;3945;3968;8.26;0.50;255.77;4.06;954;12;1351.00;23
2994;11;23532085;2994;213;3946;3968;8.34;0.51;255.86;4.06;952;12;1352.00;22
2999;11;23532097;2999;214;3946;3968;8.37;0.51;256.02;4.06;947;12;1353.00;22
3002;11;23532110;3002;217;3952;3974;8.42;0.51;256.05;4.07;950;12;1354.00;22
3005;11;23532123;3005;220;3954;3974;8.41;0.51;256.11;4.09;949;12;1355.00;20
3007;11;23532135;3007;222;3954;3974;8.44;0.51;256.20;4.09;947;12;1356.00;20
3008;11;23532148;3008;220;3956;3974;8.44;0.51;256.28;4.12;948;12;1357.00;18
3010;11;23532160;3010;226;3959;3978;8.40;0.51;256.28;4.12;949;12;1358.00;19
3013;11;23532172;3013;229;3960;3979;8.43;0.51;256.45;4.12;947;12;1359.00;19
3017;11;23532184;3017;231;3962;3979;8.42;0.51;256.56;4.15;945;12;1360.00;17
3020;11;23532196;3020;236;3963;3980;8.39;0.51;256.55;4.14;943;12;1361.00;17
3023;11;23532209;3023;230;3963;3980;8.39;0.51;256.90;4.14;940;12;1362.00;17
3026;11;23532221;3026;236;3965;3980;8.34;0.51;256.78;4.16;939;12;1363.00;15
3029;11;23532233;3029;248;3965;3980;8.27;0.50;256.89;4.16;936;12;1364.00;15
3031;11;23532245;3031;245;3966;3980;8.24;0.50;257.11;4.18;935;12;1365.00;14
3034;11;23532256;3034;244;3967;3980;8.21;0.50;257.22;4.19;933;12;1366.00;13
3037;11;23532268;3037;240;3967;3980;8.18;0.50;257.41;4.19;930;12;1367.00;13
3041;11;23532279;3041;251;4009;4050;8.23;0.50;257.59;4.17;968;12;1368.00;41
3048;11;23532298;3048;249;4013;4051;8.12;0.50;257.73;4.20;965;12;1369.00;38
3050;11;23532312;3050;249;4020;4051;8.10;0.49;257.77;4.20;970;12;1370.00;31
3053;11;23532327;3053;247;4024;4051;8.07;0.49;257.74;4.22;971;12;1371.00;27
3055;11;23532342;3055;250;4026;4051;8.00;0.49;257.91;4.22;971;12;1372.00;25
3056;11;23532355;3056;254;4030;4051;8.01;0.49;257.94;4.25;974;12;1373.00;21
3057;11;23532367;3057;252;4033;4051;7.97;0.49;258.03;4.25;976;12;1374.00;18
3061;11;23532378;3061;245;4037;4051;7.91;0.48;258.11;4.27;976;12;1375.00;14
3064;11;23532391;3064;247;4038;4052;7.89;0.48;258.09;4.27;974;12;1376.00;14
3066;11;23532403;3066;250;4041;4053;7.87;0.48;258.02;4.28;975;12;1377.00;12
3070;11;23532416;3070;242;4044;4053;7.83;0.48;258.07;4.29;974;12;1378.00;9
3072;11;23532428;3072;247;4049;4057;7.81;0.48;258.17;4.29;977;12;1379.00;8
3075;11;23532442;3075;246;4052;4057;7.75;0.47;258.23;4.30;977;12;1380.00;5
3078;11;23532455;3078;243;4052;4057;7.70;0.47;258.18;4.30;974;12;1381.00;5
3079;11;23532468;3079;249;4053;4057;7.74;0.47;258.20;4.30;974;12;1382.00;4
3082;11;23532480;3082;255;4059;4063;7.83;0.48;258.30;4.30;977;12;1383.00;4
3085;11;23532497;3085;257;4059;4063;7.85;0.48;258.41;4.30;974;12;1384.00;4
3086;11;23532509;3086;258;4061;4063;7.86;0.48;258.52;4.31;975;12;1385.00;2
3090;11;23532522;3090;258;4063;4066;7.89;0.48;258.49;4.30;973;12;1386.00;3
3097;11;23532553;3097;258;4063;4066;7.84;0.48;258.73;4.30;966;12;1387.00;3
3099;11;23532577;3099;261;4065;4066;7.81;0.48;258.72;4.31;966;12;1388.00;1
3104;11;23532596;3104;263;4066;4067;7.77;0.47;258.82;4.30;962;12;1389.00;1
3108;11;23532614;3108;272;4068;4068;7.77;0.47;259.02;4.30;960;12;1390.00;0
3110;11;23532631;3110;276;4068;4068;7.72;0.47;259.06;4.30;958;12;1391.00;0
3115;11;23532647;3115;285;4080;4081;7.59;0.46;259.19;4.29;965;12;1392.00;1
3120;11;23532663;3120;290;4081;4081;7.56;0.46;259.23;4.29;961;12;1393.00;0
3122;11;23532680;3122;291;4081;4081;7.49;0.45;259.36;4.29;959;12;1394.00;0
3128;11;23532693;3128;295;4083;4083;7.42;0.45;259.61;4.29;955;12;1395.00;0
3133;11;23532704;3133;293;4083;4083;7.31;0.44;259.61;4.29;950;12;1396.00;0
3134;11;23532716;3134;295;4087;4087;7.26;0.44;259.62;4.29;953;12;1397.00;0
3136;11;23532727;3136;303;4087;4087;7.22;0.44;259.65;4.29;951;12;1398.00;0
3137;11;23532739;3137;302;4091;4091;7.10;0.43;259.74;4.28;954;12;1399.00;0
3141;11;23532750;3141;288;4091;4091;7.02;0.43;259.82;4.28;950;12;1400.00;0
3146;11;23532766;3146;292;4091;4091;6.90;0.42;259.91;4.28;945;12;1401.00;0
3149;11;23532778;3149;284;4091;4091;6.86;0.42;260.22;4.28;942;12;1402.00;0
3151;11;23532788;3151;286;4091;4091;6.82;0.42;260.28;4.28;940;12;1403.00;0
3156;11;23532800;3156;286;4101;4103;6.82;0.42;260.57;4.27;945;12;1404.00;2
3158;11;23532812;3158;292;4102;4103;6.82;0.42;260.55;4.27;944;12;1405.00;1
3163;11;23532823;3163;292;4103;4103;6.79;0.41;260.95;4.27;940;12;1406.00;0
3167;11;23532835;3167;290;4103;4103;6.79;0.41;261.12;4.27;936;12;1407.00;0
3170;11;23532846;3170;286;4103;4103;6.88;0.42;261.38;4.27;933;12;1408.00;0
3173;11;23532857;3173;285;4103;4103;6.95;0.42;261.54;4.27;930;12;1409.00;0
3179;11;23532870;3179;284;4104;4104;6.93;0.42;261.84;4.27;925;12;1410.00;0
3182;11;23532882;3182;281;4104;4104;6.93;0.42;262.16;4.27;922;12;1411.00;0
3185;11;23532893;3185;282;4110;4110;6.99;0.43;262.33;4.27;925;12;1412.00;0
3190;11;23532907;3190;281;4111;4111;6.99;0.43;262.64;4.26;921;12;1413.00;0
3193;11;23532918;3193;285;4111;4111;7.00;0.43;262.99;4.26;918;12;1414.00;0
3195;11;23532929;3195;287;4111;4111;7.00;0.43;263.09;4.26;916;12;1415.00;0
3199;11;23532941;3199;284;4115;4115;6.97;0.43;263.20;4.26;916;12;1416.00;0
3203;11;23532952;3203;292;4115;4115;6.88;0.42;263.41;4.26;912;12;1417.00;0
3207;11;23532964;3207;299;4115;4115;6.77;0.42;263.54;4.26;908;12;1418.00;0
3211;11;23532975;3211;308;4116;4116;6.71;0.41;263.44;4.26;905;12;1419.00;0
3213;11;23532987;3213;310;4120;4120;6.69;0.41;263.47;4.26;907;12;1420.00;0
3218;11;23532999;3218;314;4120;4120;6.60;0.40;263.74;4.26;902;12;1421.00;0
3223;11;23533010;3223;311;4122;4123;6.58;0.40;264.01;4.25;899;12;1422.00;1
3227;11;23533022;3227;316;4122;4123;6.47;0.40;264.14;4.25;895;12;1423.00;1
3232;11;23533035;3232;320;4123;4123;6.38;0.39;264.24;4.25;891;12;1424.00;0
3237;11;23533048;3237;315;4123;4123;6.33;0.39;264.05;4.25;886;12;1425.00;0
3244;11;23533060;3244;317;4127;4127;6.32;0.39;264.04;4.25;883;12;1426.00;0
3250;11;23533072;3250;317;4127;4127;6.27;0.38;264.17;4.25;877;12;1427.00;0
3255;11;23533084;3255;325;4127;4127;6.27;0.38;264.18;4.25;872;12;1428.00;0
3260;11;23533095;3260;323;4127;4127;6.25;0.38;264.16;4.25;867;12;1429.00;0
3264;11;23533110;3264;325;4128;4128;6.27;0.38;264.29;4.25;864;12;1430.00;0
3267;11;23533126;3267;335;4129;4129;6.34;0.39;264.45;4.25;862;12;1431.00;0
3273;11;23533138;3273;330;4129;4129;6.37;0.39;264.58;4.25;856;12;1432.00;0
3277;11;23533151;3277;331;4130;4130;6.41;0.39;264.58;4.25;853;12;1433.00;0
3279;11;23533163;3279;328;4130;4130;6.43;0.39;264.55;4.25;851;12;1434.00;0
3285;11;23533175;3285;335;4130;4130;6.41;0.39;264.62;4.25;845;12;1435.00;0
3288;11;23533187;3288;334;4130;4130;6.37;0.39;264.61;4.25;842;12;1436.00;0
3293;11;23533198;3293;342;4130;4130;6.29;0.38;264.80;4.25;837;12;1437.00;0
3297;11;23533210;3297;346;4130;4130;6.21;0.38;264.95;4.25;833;12;1438.00;0
3299;11;23533220;3299;352;4130;4130;6.22;0.38;265.08;4.25;831;12;1439.00;0
3303;11;23533234;3303;387;4236;4360;6.68;0.42;265.13;4.14;933;12;1440.00;124
3305;11;23533267;3305;383;4244;4361;6.68;0.42;265.26;4.14;939;12;1441.00;117
3310;11;23533278;3310;384;4260;4361;6.75;0.42;265.39;4.13;950;12;1442.00;101
3314;11;23533298;3314;382;4268;4361;6.69;0.42;265.65;4.13;954;12;1443.00;93
3318;11;23533318;3318;381;4281;4361;6.61;0.41;265.96;4.13;963;12;1444.00;80
3321;11;23533332;3321;385;4286;4361;6.52;0.41;265.98;4.13;965;12;1445.00;75
3324;11;23533345;3324;389;4297;4361;6.40;0.40;266.00;4.13;973;12;1446.00;64
3328;11;23533358;3328;382;4303;4361;6.38;0.40;265.99;4.14;975;12;1447.00;58
3331;11;23533371;3331;379;4309;4362;6.32;0.39;265.94;4.14;978;12;1448.00;53
3333;11;23533385;3333;377;4315;4363;6.29;0.39;265.95;4.15;982;12;1449.00;48
3334;11;23533398;3334;376;4317;4363;6.28;0.39;265.99;4.15;983;12;1450.00;46
3334;11;23533410;3334;373;4323;4364;6.32;0.39;265.99;4.16;989;12;1451.00;41
3336;11;23533421;3336;378;4323;4364;6.32;0.39;266.03;4.16;987;12;1452.00;41
3337;11;23533434;3337;381;4326;4364;6.24;0.39;265.96;4.17;989;12;1453.00;38
3338;11;23533447;3338;389;4327;4364;6.22;0.39;266.04;4.17;989;12;1454.00;37
3340;11;23533460;3340;396;4332;4368;6.19;0.38;266.13;4.17;992;12;1455.00;36
3343;11;23533474;3343;384;4333;4368;6.18;0.38;266.09;4.18;990;13;1456.00;35
3344;11;23533501;3344;386;4334;4368;6.21;0.38;266.12;4.18;990;13;1457.00;34
3345;11;23533522;3345;384;4336;4371;6.25;0.39;266.16;4.18;991;13;1458.00;35
3347;11;23533542;3347;381;4336;4371;6.34;0.39;266.21;4.18;989;13;1459.00;35
3351;11;23533556;3351;384;4337;4371;6.45;0.40;266.02;4.18;986;13;1460.00;34
3353;11;23533570;3353;381;4341;4375;6.55;0.40;265.90;4.18;988;13;1461.00;34
3355;11;23533585;3355;377;4343;4376;6.67;0.41;265.88;4.18;988;13;1462.00;33
3358;11;23533604;3358;381;4344;4376;6.75;0.42;265.76;4.19;986;13;1463.00;32
3359;11;23533621;3359;380;4348;4380;6.85;0.42;265.69;4.19;989;13;1464.00;32
3361;11;23533636;3361;380;4349;4380;6.92;0.43;265.72;4.19;988;13;1465.00;31
3367;11;23533649;3367;385;4349;4380;6.97;0.43;265.62;4.19;982;13;1466.00;31
3370;11;23533673;3370;386;4351;4381;7.01;0.43;265.75;4.20;981;13;1467.00;30
3374;11;23533687;3374;385;4352;4381;7.07;0.43;265.80;4.21;978;13;1468.00;29
3374;11;23533702;3374;384;4356;4387;7.16;0.44;265.80;4.21;982;13;1469.00;31
3376;11;23533725;3376;380;4357;4387;7.17;0.44;265.68;4.21;981;13;1470.00;30
3378;11;23533741;3378;383;4360;4388;7.18;0.44;265.65;4.23;982;13;1471.00;28
3380;11;23533755;3380;383;4360;4388;7.21;0.44;265.61;4.23;980;13;1472.00;28
3382;11;23533769;3382;383;4362;4388;7.20;0.44;265.64;4.23;980;13;1473.00;26
3385;12;23533790;3385;382;4362;4388;7.19;0.44;265.68;4.23;977;14;1474.00;26
3387;12;23533821;3387;386;4363;4388;7.17;0.44;265.54;4.24;976;14;1475.00;25
3387;12;23533836;3387;385;4373;4400;7.12;0.43;265.54;4.23;986;14;1476.00;27
3390;12;23533851;3390;387;4374;4400;7.06;0.43;265.46;4.23;984;14;1477.00;26
3390;12;23533865;3390;396;4374;4400;7.01;0.43;265.46;4.23;984;14;1478.00;26
3392;12;23533878;3392;399;4376;4400;6.91;0.42;265.43;4.24;984;14;1479.00;24
3393;12;23533891;3393;387;4377;4400;6.87;0.42;265.42;4.24;984;14;1480.00;23
3394;12;23533905;3394;384;4377;4400;6.85;0.42;265.44;4.24;983;14;1481.00;23
3395;12;23533918;3395;374;4380;4404;6.82;0.41;265.43;4.24;985;14;1482.00;24
3396;12;23533931;3396;371;4380;4404;6.87;0.42;265.45;4.24;984;14;1483.00;24
3399;12;23533946;3399;371;4384;4408;6.91;0.42;265.37;4.24;985;14;1484.00;24
3399;12;23533961;3399;366;4386;4410;6.94;0.42;265.37;4.24;987;14;1485.00;24
3401;12;23533974;3401;368;4386;4410;6.93;0.42;265.33;4.24;985;14;1486.00;24
3402;12;23533987;3402;366;4386;4410;6.96;0.42;265.29;4.24;984;14;1487.00;24
3402;12;23533999;3402;365;4395;4423;7.04;0.43;265.29;4.23;993;14;1488.00;28
3403;12;23534012;3403;363;4395;4423;7.07;0.43;265.29;4.23;992;14;1489.00;28
3404;12;23534032;3404;357;4395;4423;7.10;0.43;265.37;4.23;991;14;1490.00;28
3405;12;23534044;3405;350;4396;4424;7.11;0.43;265.39;4.23;991;14;1491.00;28
3407;12;23534064;3407;347;4396;4425;7.11;0.43;265.44;4.23;989;14;1492.00;29
3409;12;23534077;3409;342;4396;4425;7.14;0.43;265.46;4.23;987;14;1493.00;29
3410;12;23534091;3410;334;4398;4428;7.24;0.44;265.42;4.22;988;14;1494.00;30
3414;12;23534106;3414;330;4398;4428;7.23;0.44;265.42;4.22;984;14;1495.00;30
3415;12;23534128;3415;320;4399;4428;7.23;0.44;265.46;4.22;984;14;1496.00;29
3417;12;23534143;3417;321;4399;4428;7.23;0.44;265.51;4.22;982;14;1497.00;29
3419;12;23534154;3419;322;4404;4434;7.24;0.44;265.51;4.22;985;14;1498.00;30
3421;12;23534166;3421;319;4404;4434;7.23;0.44;265.59;4.22;983;14;1499.00;30
3423;12;23534186;3423;325;4408;4453;7.18;0.43;265.64;4.22;985;14;1500.00;45
3426;12;23534205;3426;315;4408;4453;7.13;0.43;265.65;4.22;982;14;1501.00;45
3427;12;23534217;3427;319;4411;4457;7.06;0.43;265.79;4.21;984;14;1502.00;46
3431;12;23534228;3431;315;4412;4458;7.01;0.42;265.81;4.21;981;14;1503.00;46
3435;12;23534239;3435;307;4412;4458;6.97;0.42;265.92;4.21;977;14;1504.00;46
3439;12;23534251;3439;298;4415;4459;6.91;0.42;266.11;4.24;976;14;1505.00;44
3442;12;23534263;3442;296;4417;4459;6.89;0.42;266.13;4.24;975;14;1506.00;42
3446;12;23534274;3446;289;4417;4459;6.93;0.42;266.39;4.24;971;14;1507.00;42
3452;12;23534285;3452;277;4417;4459;6.97;0.42;266.50;4.24;965;14;1508.00;42
3453;12;23534297;3453;278;4417;4459;7.10;0.43;266.52;4.24;964;14;1509.00;42
3455;12;23534308;3455;268;4417;4459;7.22;0.44;266.73;4.24;962;14;1510.00;42
3457;12;23534319;3457;258;4417;4459;7.28;0.44;266.73;4.24;960;14;1511.00;42
3458;12;23534336;3458;262;4451;4529;7.34;0.45;266.71;4.21;993;14;1512.00;78
3461;12;23534355;3461;246;4452;4530;7.43;0.45;266.83;4.21;991;14;1513.00;78
3462;12;23534368;3462;248;4457;4530;7.52;0.46;266.85;4.21;995;14;1514.00;73
3464;12;23534379;3464;244;4457;4530;7.59;0.46;267.11;4.21;993;14;1515.00;73
3466;12;23534392;3466;239;4459;4530;7.72;0.47;267.26;4.21;993;14;1516.00;71
3468;12;23534404;3468;236;4461;4530;7.81;0.48;267.27;4.21;993;14;1517.00;69
3471;12;23534418;3471;228;4464;4530;7.91;0.48;267.36;4.22;993;14;1518.00;66
3472;12;23534431;3472;223;4466;4530;7.92;0.48;267.49;4.22;994;14;1519.00;64
3475;12;23534443;3475;215;4466;4531;7.94;0.48;267.63;4.22;991;14;1520.00;65
3476;12;23534456;3476;217;4468;4532;8.00;0.49;267.61;4.22;992;14;1521.00;64
3478;12;23534468;3478;215;4472;4532;8.05;0.49;267.75;4.24;994;14;1522.00;60
3479;12;23534481;3479;218;4478;4536;8.03;0.49;267.77;4.25;999;14;1523.00;58
3481;12;23534494;3481;227;4481;4536;8.02;0.49;267.84;4.25;1000;14;1524.00;55
3484;12;23534507;3484;225;4483;4536;8.03;0.49;267.99;4.27;999;14;1525.00;53
3485;12;23534521;3485;222;4483;4536;7.98;0.49;267.98;4.27;998;14;1526.00;53
3487;12;23534534;3487;223;4488;4542;7.98;0.49;268.13;4.28;1001;14;1527.00;54
3490;12;23534547;3490;227;4490;4542;8.00;0.49;268.16;4.30;1000;14;1528.00;52
3491;12;23534561;3491;233;4491;4542;7.99;0.49;268.19;4.30;1000;14;1529.00;51
3496;12;23534576;3496;233;4499;4548;7.94;0.48;268.29;4.37;1003;14;1530.00;49
3499;12;23534589;3499;239;4500;4548;7.93;0.48;268.40;4.38;1001;14;1531.00;48
3501;12;23534602;3501;243;4506;4548;7.96;0.48;268.50;4.42;1005;14;1532.00;42
3503;12;23534618;3503;246;4510;4549;8.00;0.49;268.49;4.44;1007;14;1533.00;39
3506;12;23534631;3506;248;4513;4550;8.01;0.49;268.50;4.47;1007;14;1534.00;37
3507;12;23534643;3507;259;4517;4550;8.07;0.49;268.56;4.51;1010;14;1535.00;33
3512;12;23534661;3512;263;4525;4563;8.07;0.49;268.51;4.50;1013;14;1536.00;38
3516;12;23534675;3516;271;4528;4563;8.07;0.49;268.35;4.54;1012;14;1537.00;35
3521;12;23534687;3521;274;4532;4563;8.03;0.49;268.40;4.60;1011;14;1538.00;31
3521;12;23534700;3521;278;4534;4564;8.01;0.49;268.40;4.62;1013;14;1539.00;30
3525;12;23534712;3525;281;4536;4564;7.97;0.48;268.36;4.64;1011;14;1540.00;28
3528;12;23534724;3528;289;4544;4568;7.95;0.48;268.30;4.68;1016;14;1541.00;24
3533;12;23534738;3533;294;4544;4568;7.93;0.48;268.30;4.68;1011;14;1542.00;24
3536;12;23534750;3536;293;4551;4572;7.82;0.48;268.35;4.71;1015;14;1543.00;21
3537;12;23534775;3537;297;4551;4572;7.82;0.48;268.34;4.71;1014;14;1544.00;21
3541;12;23534787;3541;300;4551;4572;7.78;0.47;268.38;4.71;1010;14;1545.00;21
3545;12;23534799;3545;302;4553;4572;7.76;0.47;268.33;4.73;1008;14;1546.00;19
3547;12;23534811;3547;307;4554;4572;7.67;0.47;268.30;4.74;1007;14;1547.00;18
3549;12;23534823;3549;310;4567;4584;7.60;0.46;268.26;4.75;1018;14;1548.00;17
3554;12;23534836;3554;307;4567;4584;7.52;0.46;268.58;4.75;1013;14;1549.00;17
3558;12;23534848;3558;302;4568;4584;7.44;0.45;268.55;4.75;1010;14;1550.00;16
3562;12;23534860;3562;308;4569;4584;7.46;0.46;268.65;4.77;1007;14;1551.00;15
3564;12;23534871;3564;307;4569;4584;7.43;0.45;268.78;4.77;1005;14;1552.00;15
3564;12;23534884;3564;311;4571;4584;7.49;0.46;268.78;4.78;1007;14;1553.00;13
3567;12;23534896;3567;311;4573;4585;7.48;0.46;268.84;4.80;1006;14;1554.00;12
3569;12;23534908;3569;313;4575;4587;7.49;0.46;268.87;4.80;1006;14;1555.00;12
3569;13;23534921;3569;308;4582;4593;7.63;0.47;268.87;4.80;1013;15;1556.00;11
3570;13;23534953;3570;300;4585;4594;7.73;0.47;268.89;4.82;1015;15;1557.00;9
3571;13;23534966;3571;292;4586;4594;7.81;0.48;268.94;4.82;1015;15;1558.00;8
3574;13;23534981;3574;295;4586;4594;7.85;0.48;269.11;4.82;1012;15;1559.00;8
3578;13;23534995;3578;296;4591;4599;7.92;0.49;269.22;4.82;1013;15;1560.00;8
3582;13;23535008;3582;296;4593;4599;7.94;0.49;269.29;4.84;1011;15;1561.00;6
3588;13;23535023;3588;301;4594;4599;7.94;0.49;269.40;4.84;1006;15;1562.00;5
3592;13;23535036;3592;303;4595;4600;7.96;0.49;269.42;4.84;1003;15;1563.00;5
3600;13;23535048;3600;308;4599;4604;7.79;0.48;269.34;4.84;999;15;1564.00;5
3603;13;23535060;3603;312;4599;4604;7.76;0.48;269.35;4.84;996;15;1565.00;5
3609;13;23535077;3609;319;4603;4607;7.70;0.47;269.48;4.85;994;15;1566.00;4
3615;13;23535089;3615;326;4604;4607;7.58;0.46;269.62;4.85;989;15;1567.00;3
3617;13;23535101;3617;336;4606;4607;7.48;0.46;269.59;4.85;989;15;1568.00;1
3623;13;23535112;3623;340;4607;4607;7.42;0.45;269.74;4.85;984;15;1569.00;0
3624;13;23535125;3624;351;4611;4611;7.41;0.45;269.78;4.85;987;15;1570.00;0
3630;13;23535136;3630;349;4611;4611;7.30;0.45;269.79;4.85;981;15;1571.00;0
3634;13;23535147;3634;352;4611;4611;7.23;0.44;269.88;4.85;977;15;1572.00;0
3636;13;23535158;3636;353;4611;4611;7.11;0.43;270.15;4.85;975;15;1573.00;0
3641;13;23535168;3641;363;4612;4612;6.95;0.42;270.32;4.85;971;15;1574.00;0
3646;13;23535179;3646;352;4614;4614;6.79;0.41;270.52;4.84;968;15;1575.00;0
3648;13;23535189;3648;348;4614;4614;6.62;0.40;270.71;4.84;966;15;1576.00;0
3652;13;23535199;3652;346;4615;4615;6.45;0.39;270.73;4.84;963;15;1577.00;0
3655;13;23535210;3655;349;4615;4615;6.41;0.39;270.96;4.84;960;15;1578.00;0
3658;13;23535220;3658;352;4615;4615;6.36;0.39;271.07;4.84;957;15;1579.00;0
3663;13;23535230;3663;360;4615;4615;6.29;0.39;271.27;4.84;952;15;1580.00;0
3668;13;23535240;3668;361;4615;4615;6.30;0.39;271.41;4.84;947;15;1581.00;0
3672;13;23535251;3672;355;4615;4615;6.27;0.39;271.84;4.84;943;15;1582.00;0
3676;13;23535261;3676;351;4615;4615;6.31;0.39;271.86;4.84;939;15;1583.00;0
3678;13;23535270;3678;355;4689;4742;6.61;0.41;271.98;4.77;1011;15;1584.00;53
3682;13;23535290;3682;342;4693;4743;6.56;0.41;272.16;4.76;1011;15;1585.00;50
3683;13;23535301;3683;337;4704;4743;6.59;0.41;272.21;4.76;1021;15;1586.00;39
3689;13;23535311;3689;339;4705;4743;6.50;0.40;272.68;4.76;1016;15;1587.00;38
3694;13;23535322;3694;343;4710;4743;6.49;0.40;272.58;4.76;1016;15;1588.00;33
3698;13;23535333;3698;347;4712;4743;6.42;0.40;272.81;4.76;1014;15;1589.00;31
3703;13;23535346;3703;361;4715;4743;6.34;0.39;273.07;4.76;1012;15;1590.00;28
3704;13;23535357;3704;364;4716;4743;6.23;0.39;273.02;4.76;1012;15;1591.00;27
3709;13;23535368;3709;371;4719;4744;6.16;0.38;272.95;4.76;1010;15;1592.00;25
3714;13;23535379;3714;381;4722;4745;6.11;0.38;273.16;4.76;1008;15;1593.00;23
3717;13;23535391;3717;389;4725;4745;6.07;0.38;273.22;4.77;1008;15;1594.00;20
3719;13;23535402;3719;394;4727;4746;6.05;0.38;273.24;4.77;1008;15;1595.00;19
3725;13;23535413;3725;389;4729;4746;5.95;0.37;273.38;4.77;1004;15;1596.00;17
3728;13;23535425;3728;391;4733;4746;5.94;0.37;273.56;4.78;1005;15;1597.00;13
3735;13;23535436;3735;396;4735;4746;5.88;0.36;273.71;4.78;1000;15;1598.00;11
3738;13;23535448;3738;400;4738;4750;5.87;0.36;273.63;4.78;1000;15;1599.00;12
3742;13;23535460;3742;404;4742;4750;5.86;0.36;273.62;4.79;1000;15;1600.00;8
3748;13;23535475;3748;407;4743;4750;5.82;0.36;273.76;4.79;995;15;1601.00;7
3750;13;23535486;3750;418;4745;4753;5.79;0.36;273.82;4.79;995;15;1602.00;8
3758;13;23535497;3758;426;4746;4753;5.72;0.35;273.99;4.79;988;15;1603.00;7
3763;13;23535509;3763;431;4747;4753;5.66;0.35;273.95;4.79;984;15;1604.00;6
3765;13;23535525;3765;440;4750;4757;5.69;0.35;273.92;4.79;985;15;1605.00;7
3770;13;23535537;3770;445;4751;4758;5.68;0.35;273.89;4.79;981;15;1606.00;7
3775;13;23535548;3775;445;4752;4758;5.62;0.35;273.80;4.79;977;15;1607.00;6
3782;13;23535558;3782;448;4755;4762;5.61;0.35;273.66;4.80;973;15;1608.00;7
3782;13;23535570;3782;445;4757;4762;5.62;0.35;273.66;4.80;975;15;1609.00;5
3784;13;23535579;3784;445;4758;4762;5.62;0.35;273.65;4.80;974;15;1610.00;4
3785;13;23535590;3785;453;4759;4763;5.64;0.35;273.58;4.80;974;15;1611.00;4
3787;13;23535600;3787;459;4759;4763;5.65;0.35;273.65;4.80;972;15;1612.00;4
3790;13;23535612;3790;465;4764;4769;5.65;0.35;273.55;4.79;974;15;1613.00;5
3791;13;23535623;3791;466;4764;4769;5.66;0.35;273.52;4.79;973;15;1614.00;5
3793;13;23535633;3793;473;4764;4770;5.62;0.35;273.41;4.79;971;15;1615.00;6
3796;13;23535643;3796;475;4764;4770;5.58;0.34;273.52;4.79;968;15;1616.00;6
3798;13;23535659;3798;481;4764;4770;5.53;0.34;273.42;4.79;966;15;1617.00;6
3803;13;23535670;3803;479;4764;4770;5.50;0.34;273.58;4.79;961;15;1618.00;6
3806;13;23535680;3806;488;4764;4770;5.45;0.33;273.46;4.79;958;15;1619.00;6
3810;13;23535692;3810;492;4792;4806;5.59;0.35;273.28;4.76;982;15;1620.00;14
3813;13;23535705;3813;498;4794;4806;5.52;0.34;273.31;4.76;981;15;1621.00;12
3815;13;23535716;3815;492;4795;4806;5.47;0.34;273.24;4.76;980;15;1622.00;11
3819;13;23535725;3819;491;4796;4806;5.44;0.33;273.20;4.76;977;15;1623.00;10
3819;13;23535736;3819;482;4796;4806;5.48;0.34;273.20;4.76;977;15;1624.00;10
3819;13;23535747;3819;482;4797;4806;5.53;0.34;273.20;4.76;978;15;1625.00;9
3823;13;23535757;3823;478;4800;4810;5.60;0.34;273.20;4.76;977;15;1626.00;10
3824;13;23535768;3824;481;4800;4810;5.65;0.34;273.15;4.76;976;15;1627.00;10
3829;13;23535780;3829;483;4804;4814;5.64;0.34;273.09;4.76;975;15;1628.00;10
3830;13;23535791;3830;486;4805;4815;5.68;0.34;273.13;4.76;975;15;1629.00;10
3830;13;23535802;3830;491;4805;4815;5.72;0.35;273.13;4.76;975;15;1630.00;10
3830;14;23535813;3830;480;4805;4815;5.69;0.35;273.13;4.76;975;16;1631.00;10
3830;14;23535841;3830;475;4816;4828;5.80;0.35;273.13;4.74;986;16;1632.00;12
3830;14;23535859;3830;463;4816;4828;5.84;0.36;273.13;4.74;986;16;1633.00;12
3832;14;23535876;3832;453;4816;4828;5.87;0.36;273.09;4.74;984;16;1634.00;12
3832;14;23535887;3832;448;4817;4829;5.93;0.36;273.09;4.74;985;16;1635.00;12
3833;14;23535899;3833;447;4817;4830;5.98;0.36;273.07;4.74;984;16;1636.00;13
3833;14;23535911;3833;429;4817;4830;6.05;0.37;273.07;4.74;984;16;1637.00;13
3834;14;23535923;3834;421;4819;4833;6.19;0.38;273.09;4.74;985;16;1638.00;14
3835;14;23535935;3835;412;4819;4833;6.23;0.38;273.07;4.74;984;16;1639.00;14
3836;14;23535947;3836;400;4820;4833;6.35;0.39;273.06;4.74;984;16;1640.00;13
3837;14;23535960;3837;392;4820;4833;6.43;0.39;273.09;4.74;983;16;1641.00;13
3839;14;23535971;3839;390;4825;4839;6.51;0.40;273.07;4.74;986;16;1642.00;14
3841;14;23535991;3841;387;4825;4839;6.55;0.40;273.07;4.74;984;16;1643.00;14
3841;14;23536005;3841;377;4825;4839;6.67;0.40;273.07;4.74;984;16;1644.00;14
3843;14;23536017;3843;379;4825;4839;6.71;0.41;273.10;4.74;982;16;1645.00;14
3843;14;23536029;3843;370;4828;4843;6.80;0.41;273.10;4.74;985;16;1646.00;15
3844;14;23536041;3844;362;4829;4844;6.91;0.42;273.03;4.73;985;16;1647.00;15
3845;14;23536054;3845;356;4829;4844;7.00;0.42;273.05;4.73;984;16;1648.00;15
3847;14;23536066;3847;353;4830;4845;7.04;0.43;273.08;4.73;983;16;1649.00;15
3848;14;23536081;3848;356;4830;4845;7.08;0.43;273.10;4.73;982;16;1650.00;15
3849;14;23536105;3849;357;4830;4845;7.08;0.43;273.12;4.73;981;16;1651.00;15
3850;14;23536129;3850;353;4830;4845;7.09;0.43;273.10;4.73;980;16;1652.00;15
3852;14;23536142;3852;348;4830;4845;7.08;0.43;273.09;4.73;978;16;1653.00;15
3853;14;23536156;3853;338;4830;4845;7.16;0.43;273.13;4.73;977;16;1654.00;15
3855;14;23536174;3855;339;4830;4845;7.21;0.44;273.14;4.73;975;16;1655.00;15
3857;14;23536190;3857;350;4867;4915;7.18;0.44;273.20;4.70;1010;16;1656.00;48
3858;14;23536209;3858;340;4867;4916;7.20;0.44;273.19;4.70;1009;16;1657.00;49
3859;14;23536222;3859;333;4874;4916;7.24;0.44;273.30;4.69;1015;16;1658.00;42
3861;14;23536235;3861;327;4876;4916;7.20;0.44;273.34;4.69;1015;16;1659.00;40
3865;14;23536247;3865;326;4878;4916;7.14;0.43;273.39;4.69;1013;16;1660.00;38
3868;14;23536260;3868;329;4880;4916;7.13;0.43;273.37;4.69;1012;16;1661.00;36
3868;14;23536274;3868;335;4885;4916;7.16;0.43;273.37;4.69;1017;16;1662.00;31
3871;14;23536287;3871;339;4886;4916;7.18;0.44;273.49;4.69;1015;16;1663.00;30
3873;14;23536302;3873;337;4889;4917;7.25;0.44;273.51;4.70;1016;16;1664.00;28
3876;14;23536323;3876;331;4893;4919;7.31;0.44;273.49;4.70;1017;16;1665.00;26
3876;14;23536337;3876;326;4896;4919;7.38;0.45;273.49;4.70;1020;16;1666.00;23
3880;14;23536354;3880;314;4902;4923;7.42;0.45;273.51;4.70;1022;16;1667.00;21
3881;14;23536372;3881;312;4902;4923;7.48;0.45;273.47;4.70;1021;16;1668.00;21
3883;14;23536402;3883;305;4902;4923;7.51;0.46;273.49;4.70;1019;16;1669.00;21
3886;14;23536417;3886;303;4902;4923;7.51;0.46;273.50;4.70;1016;16;1670.00;21
3886;14;23536434;3886;300;4906;4929;7.61;0.46;273.50;4.70;1020;16;1671.00;23
3888;14;23536448;3888;303;4906;4929;7.62;0.46;273.50;4.70;1018;16;1672.00;23
3891;14;23536463;3891;301;4906;4929;7.70;0.47;273.54;4.70;1015;16;1673.00;23
3894;14;23536477;3894;296;4908;4932;7.85;0.48;273.62;4.69;1014;16;1674.00;24
3897;14;23536491;3897;300;4908;4932;7.89;0.48;273.68;4.69;1011;16;1675.00;24
3900;14;23536505;3900;299;4909;4932;7.92;0.48;273.72;4.69;1009;16;1676.00;23
3904;14;23536519;3904;296;4909;4933;7.91;0.48;273.88;4.69;1005;16;1677.00;24
3908;14;23536534;3908;293;4910;4934;7.89;0.48;273.98;4.69;1002;16;1678.00;24
3913;14;23536549;3913;290;4910;4934;7.88;0.48;273.99;4.69;997;16;1679.00;24
3915;14;23536566;3915;295;4931;4960;7.79;0.47;274.07;4.69;1016;16;1680.00;29
3919;14;23536583;3919;282;4931;4960;7.73;0.47;274.19;4.69;1012;16;1681.00;29
3923;14;23536597;3923;276;4932;4960;7.76;0.47;274.32;4.69;1009;16;1682.00;28
3926;14;23536611;3926;268;4934;4961;7.80;0.47;274.55;4.69;1008;16;1683.00;27
3930;14;23536624;3930;265;4934;4961;7.80;0.47;274.73;4.69;1004;16;1684.00;27
3934;14;23536639;3934;262;4937;4965;7.85;0.48;274.78;4.69;1003;16;1685.00;28
3937;14;23536653;3937;258;4937;4965;7.85;0.48;275.00;4.69;1000;16;1686.00;28
3940;14;23536674;3940;245;4940;4969;7.87;0.48;274.99;4.69;1000;16;1687.00;29
3940;14;23536687;3940;244;4940;4969;7.91;0.48;274.99;4.69;1000;16;1688.00;29
3941;14;23536700;3941;239;4940;4969;7.98;0.48;275.02;4.69;999;16;1689.00;29
3943;14;23536719;3943;231;4940;4969;8.04;0.49;275.05;4.69;997;16;1690.00;29
3946;14;23536748;3946;230;4940;4969;8.01;0.49;275.00;4.69;994;16;1691.00;29
3950;14;23536762;3950;227;4950;4981;8.05;0.49;275.00;4.68;1000;16;1692.00;31
3953;14;23536776;3953;230;4952;4981;8.03;0.49;275.02;4.69;999;16;1693.00;29
3956;14;23536789;3956;234;4952;4981;7.98;0.48;275.04;4.69;996;16;1694.00;29
3961;14;23536801;3961;236;4952;4981;7.95;0.48;275.03;4.69;991;16;1695.00;29
3962;14;23536813;3962;234;4953;4981;7.96;0.48;275.12;4.69;991;16;1696.00;28
3964;14;23536825;3964;233;4953;4981;7.98;0.48;275.10;4.69;989;16;1697.00;28
3966;14;23536837;3966;232;4953;4982;8.03;0.49;275.22;4.69;987;16;1698.00;29
3968;14;23536850;3968;235;4954;4982;8.02;0.49;275.33;4.70;986;16;1699.00;28
3970;14;23536862;3970;239;4959;4988;8.07;0.49;275.55;4.71;989;16;1700.00;29
3971;14;23536879;3971;240;4962;4989;8.07;0.49;275.59;4.72;991;16;1701.00;27
3975;14;23536891;3975;246;4962;4989;8.10;0.49;275.63;4.72;987;16;1702.00;27
3979;14;23536904;3979;246;4962;4989;8.05;0.49;275.63;4.72;983;16;1703.00;27
3982;14;23536916;3982;247;4969;4993;8.04;0.49;275.58;4.76;987;16;1704.00;24
3985;14;23536929;3985;250;4969;4993;8.06;0.49;275.71;4.76;984;16;1705.00;24
3987;14;23536941;3987;255;4969;4993;8.12;0.49;275.78;4.76;982;16;1706.00;24
3991;14;23536959;3991;256;4972;4994;8.19;0.50;275.98;4.79;981;16;1707.00;22
3992;14;23536970;3992;257;4975;4998;8.20;0.50;275.97;4.79;983;16;1708.00;23
3995;14;23536983;3995;258;4975;4998;8.23;0.50;276.22;4.79;980;16;1709.00;23
3998;14;23536996;3998;263;4981;5004;8.21;0.50;276.44;4.81;983;16;1710.00;23
4000;14;23537011;4000;268;4982;5004;8.21;0.50;276.52;4.81;982;16;1711.00;22
4004;14;23537025;4004;271;4985;5004;8.21;0.50;276.62;4.84;981;16;1712.00;19
4007;14;23537038;4007;266;4985;5004;8.19;0.50;276.82;4.84;978;16;1713.00;19
4010;14;23537050;4010;266;4991;5008;8.19;0.50;276.84;4.86;981;16;1714.00;17
4013;14;23537062;4013;264;4992;5008;8.06;0.49;276.93;4.87;979;16;1715.00;16
4018;14;23537080;4018;267;4992;5008;8.01;0.49;276.92;4.87;974;16;1716.00;16
4021;14;23537092;4021;271;4992;5008;7.91;0.48;276.95;4.87;971;16;1717.00;16
4022;14;23537103;4022;268;4993;5009;7.93;0.48;277.09;4.89;971;16;1718.00;16
4025;14;23537116;4025;267;4994;5010;7.94;0.49;277.08;4.89;969;16;1719.00;16
4029;14;23537127;4029;269;4995;5010;7.88;0.48;277.04;4.90;966;16;1720.00;15
4032;14;23537140;4032;271;4999;5011;7.83;0.48;277.09;4.95;967;16;1721.00;12
4037;14;23537158;4037;272;5000;5011;7.70;0.47;277.14;4.96;963;16;1722.00;11
4040;14;23537170;4040;279;5001;5011;7.62;0.46;277.16;4.97;961;16;1723.00;10
4042;14;23537187;4042;281;5002;5011;7.61;0.47;277.13;4.98;960;16;1724.00;9
4044;14;23537199;4044;282;5002;5011;7.62;0.47;277.13;4.98;958;16;1725.00;9
4045;14;23537210;4045;278;5004;5011;7.59;0.47;277.10;5.00;959;16;1726.00;7
4048;14;23537220;4048;270;5004;5011;7.60;0.47;277.07;5.00;956;16;1727.00;7
4050;14;23537232;4050;290;5070;5138;7.68;0.48;276.98;4.93;1020;16;1728.00;68
4054;14;23537253;4054;278;5074;5139;7.67;0.47;277.19;4.95;1020;16;1729.00;65
4057;14;23537265;4057;279;5083;5139;7.77;0.48;277.35;4.94;1026;16;1730.00;56
4061;14;23537276;4061;282;5087;5139;7.77;0.48;277.50;4.94;1026;16;1731.00;52
4063;14;23537288;4063;282;5095;5139;7.78;0.48;277.59;4.95;1032;16;1732.00;44
4067;14;23537299;4067;281;5097;5139;7.76;0.48;277.63;4.95;1030;16;1733.00;42
4069;14;23537310;4069;286;5103;5139;7.74;0.48;277.64;4.96;1034;16;1734.00;36
4072;14;23537321;4072;286;5105;5139;7.75;0.48;277.72;4.96;1033;16;1735.00;34
4076;14;23537333;4076;287;5106;5140;7.73;0.47;277.87;4.97;1030;16;1736.00;34
4079;14;23537351;4079;291;5110;5141;7.71;0.47;277.94;4.97;1031;16;1737.00;31
4081;14;23537363;4081;285;5111;5141;7.71;0.47;277.95;4.97;1030;16;1738.00;30
4082;14;23537374;4082;293;5116;5142;7.66;0.47;277.88;4.98;1034;16;1739.00;26
4087;14;23537387;4087;290;5121;5142;7.48;0.46;277.84;4.98;1034;16;1740.00;21
4092;14;23537398;4092;299;5124;5142;7.28;0.44;277.83;4.99;1032;16;1741.00;18
4093;14;23537410;4093;307;5128;5142;7.16;0.44;277.79;4.99;1035;16;1742.00;14
4094;14;23537421;4094;314;5134;5146;7.06;0.43;277.75;5.00;1040;16;1743.00;12
4098;14;23537433;4098;318;5137;5146;6.91;0.42;277.64;5.00;1039;16;1744.00;9
4103;14;23537444;4103;335;5139;5146;6.74;0.41;277.92;5.01;1036;16;1745.00;7
4104;14;23537456;4104;348;5143;5149;6.62;0.40;277.89;5.01;1039;16;1746.00;6
4107;14;23537467;4107;357;5143;5149;6.44;0.39;278.02;5.01;1036;16;1747.00;6
4111;14;23537478;4111;372;5143;5149;6.26;0.38;277.91;5.01;1032;16;1748.00;6
4115;14;23537488;4115;381;5147;5153;6.14;0.38;277.76;5.01;1032;16;1749.00;6
4118;14;23537499;4118;379;5149;5154;6.08;0.37;277.86;5.02;1031;16;1750.00;5
4121;14;23537512;4121;377;5151;5154;6.05;0.37;277.83;5.02;1030;16;1751.00;3
4126;14;23537523;4126;380;5154;5158;6.04;0.37;278.00;5.02;1028;16;1752.00;4
4129;14;23537534;4129;380;5155;5158;5.99;0.37;278.05;5.01;1026;16;1753.00;3
4135;14;23537545;4135;383;5157;5158;5.92;0.36;278.03;5.02;1022;16;1754.00;1
4140;14;23537555;4140;382;5159;5160;5.88;0.36;278.11;5.02;1019;16;1755.00;1
4142;14;23537567;4142;383;5159;5160;5.89;0.36;278.20;5.02;1017;16;1756.00;1
4146;14;23537577;4146;388;5166;5166;5.90;0.36;278.32;5.01;1020;16;1757.00;0
4150;14;23537588;4150;388;5166;5166;5.87;0.36;278.52;5.01;1016;16;1758.00;0
4155;14;23537599;4155;390;5167;5167;5.76;0.35;278.56;5.01;1012;16;1759.00;0
4156;14;23537610;4156;387;5167;5167;5.73;0.35;278.60;5.01;1011;16;1760.00;0
4159;14;23537621;4159;383;5167;5167;5.65;0.35;278.66;5.01;1008;16;1761.00;0
4165;14;23537632;4165;389;5167;5167;5.53;0.34;278.82;5.01;1002;16;1762.00;0
4166;14;23537646;4166;388;5167;5167;5.47;0.34;278.87;5.01;1001;16;1763.00;0
4169;14;23537659;4169;391;5176;5179;5.57;0.34;279.11;5.00;1007;16;1764.00;3
4175;14;23537672;4175;399;5176;5179;5.48;0.34;279.10;5.00;1001;16;1765.00;3
4179;14;23537685;4179;403;5178;5179;5.49;0.34;279.28;5.00;999;16;1766.00;1
4182;14;23537697;4182;409;5178;5179;5.49;0.34;279.34;5.00;996;16;1767.00;1
4187;14;23537709;4187;409;5178;5179;5.48;0.34;279.39;5.00;991;16;1768.00;1
4192;14;23537720;4192;418;5178;5179;5.45;0.34;279.49;5.00;986;16;1769.00;1
4194;14;23537734;4194;420;5181;5183;5.47;0.34;279.48;5.00;987;16;1770.00;2
4198;14;23537745;4198;426;5181;5183;5.48;0.34;279.43;5.00;983;16;1771.00;2
4201;14;23537756;4201;427;5185;5187;5.53;0.34;279.41;5.00;984;16;1772.00;2
4204;14;23537767;4204;434;5186;5188;5.53;0.34;279.34;4.99;982;16;1773.00;2
4208;14;23537778;4208;436;5186;5188;5.55;0.34;279.33;4.99;978;16;1774.00;2
4214;14;23537788;4214;446;5186;5188;5.49;0.34;279.36;4.99;972;16;1775.00;2
4217;14;23537799;4217;452;5197;5201;5.55;0.34;279.26;4.98;980;16;1776.00;4
4224;14;23537810;4224;450;5197;5201;5.47;0.33;279.25;4.98;973;16;1777.00;4
4229;14;23537821;4229;452;5197;5201;5.37;0.33;279.17;4.98;968;16;1778.00;4
4231;14;23537832;4231;456;5198;5202;5.34;0.33;279.17;4.98;967;16;1779.00;4
4234;14;23537842;4234;454;5198;5203;5.30;0.32;279.29;4.98;964;16;1780.00;5
4237;14;23537851;4237;464;5198;5203;5.34;0.33;279.23;4.98;961;16;1781.00;5
4241;14;23537862;4241;466;5200;5206;5.33;0.32;279.31;4.98;959;16;1782.00;6
4246;14;23537872;4246;468;5200;5206;5.22;0.32;279.34;4.98;954;16;1783.00;6
4249;14;23537882;4249;474;5201;5206;5.18;0.32;279.27;4.98;952;16;1784.00;5
4253;14;23537892;4253;478;5201;5206;5.12;0.31;279.33;4.98;948;16;1785.00;5
4257;14;23537902;4257;476;5206;5212;5.11;0.31;279.32;4.98;949;16;1786.00;6
4259;14;23537913;4259;478;5206;5212;5.12;0.31;279.29;4.98;947;16;1787.00;6
4262;14;23537922;4262;484;5206;5212;5.08;0.31;279.23;4.98;944;16;1788.00;6
4265;14;23537932;4265;486;5206;5212;5.02;0.31;279.22;4.98;941;16;1789.00;6
4268;14;23537941;4268;491;5209;5216;5.05;0.31;279.27;4.97;941;16;1790.00;7
4270;14;23537951;4270;493;5210;5217;5.04;0.31;279.26;4.97;940;16;1791.00;7
4271;14;23537961;4271;497;5210;5217;5.04;0.31;279.27;4.97;939;16;1792.00;7
4274;14;23537970;4274;495;5211;5218;5.01;0.31;279.26;4.97;937;16;1793.00;7
4279;14;23537980;4279;489;5211;5218;4.96;0.30;279.37;4.97;932;16;1794.00;7
4281;14;23537989;4281;486;5211;5218;4.95;0.30;279.31;4.97;930;16;1795.00;7
4283;14;23537999;4283;482;5211;5218;4.97;0.30;279.39;4.97;928;16;1796.00;7
4285;14;23538009;4285;469;5211;5218;5.07;0.31;279.52;4.97;926;16;1797.00;7
4291;14;23538019;4291;455;5211;5218;5.09;0.31;279.71;4.97;920;16;1798.00;7
4292;14;23538033;4292;449;5211;5218;5.19;0.32;279.72;4.97;919;16;1799.00;7
4294;14;23538045;4294;459;5283;5356;5.63;0.35;279.74;4.90;989;16;1800.00;73
4296;14;23538076;4296;450;5287;5357;5.70;0.35;279.76;4.90;991;16;1801.00;70
4298;14;23538088;4298;435;5297;5357;5.81;0.36;279.76;4.90;999;16;1802.00;60
4298;14;23538106;4298;426;5300;5357;5.88;0.36;279.76;4.90;1002;16;1803.00;57
4299;15;23538116;4299;418;5304;5357;5.95;0.37;279.72;4.89;1005;17;1804.00;53
4299;15;23538145;4299;411;5305;5357;6.01;0.37;279.72;4.89;1006;17;1805.00;52
4302;15;23538156;4302;400;5310;5357;6.07;0.37;279.72;4.90;1008;17;1806.00;47
4304;15;23538173;4304;384;5313;5357;6.10;0.37;279.82;4.90;1009;17;1807.00;44
4306;15;23538186;4306;376;5318;5358;6.18;0.38;279.96;4.90;1012;17;1808.00;40
4306;15;23538199;4306;371;5320;5359;6.25;0.38;279.96;4.90;1014;17;1809.00;39
4307;15;23538212;4307;366;5324;5359;6.31;0.39;279.98;4.91;1017;17;1810.00;35
4307;15;23538225;4307;373;5329;5363;6.37;0.39;279.98;4.91;1022;17;1811.00;34
4308;15;23538237;4308;367;5334;5363;6.43;0.40;280.00;4.91;1026;17;1812.00;29
4309;15;23538251;4309;372;5339;5363;6.49;0.40;280.03;4.92;1030;17;1813.00;24
4309;15;23538263;4309;368;5340;5363;6.58;0.40;280.03;4.92;1031;17;1814.00;23
4311;15;23538276;4311;370;5346;5369;6.62;0.41;280.16;4.92;1035;17;1815.00;23
4318;15;23538290;4318;372;5346;5369;6.61;0.40;280.30;4.92;1028;17;1816.00;23
4320;15;23538304;4320;372;5346;5369;6.69;0.41;280.27;4.92;1026;17;1817.00;23
4323;15;23538317;4323;372;5349;5372;6.71;0.41;280.26;4.92;1026;17;1818.00;23
4325;15;23538330;4325;374;5350;5372;6.71;0.41;280.31;4.92;1025;17;1819.00;22
4327;15;23538343;4327;367;5351;5372;6.74;0.41;280.33;4.92;1024;17;1820.00;21
4330;15;23538356;4330;367;5351;5373;6.73;0.41;280.46;4.92;1021;17;1821.00;22
4331;15;23538370;4331;366;5353;5374;6.74;0.41;280.56;4.92;1022;17;1822.00;21
4334;15;23538383;4334;360;5354;5374;6.77;0.41;280.55;4.92;1020;17;1823.00;20
4335;15;23538396;4335;357;5362;5387;6.82;0.41;280.57;4.92;1027;17;1824.00;25
4337;15;23538411;4337;351;5363;5387;6.83;0.41;280.69;4.92;1026;17;1825.00;24
4339;15;23538422;4339;354;5363;5387;6.89;0.42;280.78;4.92;1024;17;1826.00;24
4341;15;23538437;4341;352;5364;5388;6.97;0.42;280.93;4.92;1023;17;1827.00;24
4343;15;23538450;4343;353;5364;5388;7.02;0.43;281.06;4.92;1021;17;1828.00;24
4344;15;23538462;4344;354;5368;5392;7.09;0.43;281.08;4.91;1024;17;1829.00;24
4345;15;23538477;4345;354;5368;5392;7.12;0.43;281.20;4.91;1023;17;1830.00;24
4347;15;23538495;4347;356;5373;5396;7.11;0.43;281.43;4.91;1026;17;1831.00;23
4348;15;23538507;4348;350;5373;5396;7.22;0.44;281.46;4.91;1025;17;1832.00;23
4349;15;23538520;4349;347;5373;5396;7.27;0.44;281.48;4.91;1024;17;1833.00;23
4352;15;23538532;4352;356;5373;5396;7.36;0.45;281.47;4.91;1021;17;1834.00;23
4354;15;23538544;4354;353;5373;5396;7.38;0.45;281.52;4.91;1019;17;1835.00;23
4356;15;23538556;4356;353;5382;5408;7.46;0.45;281.65;4.90;1026;17;1836.00;26
4359;15;23538569;4359;356;5383;5408;7.44;0.45;281.75;4.90;1024;17;1837.00;25
4360;15;23538582;4360;353;5384;5408;7.44;0.45;281.76;4.90;1024;17;1838.00;24
4365;15;23538594;4365;353;5384;5408;7.41;0.45;281.88;4.90;1019;17;1839.00;24
4367;15;23538607;4367;344;5384;5408;7.42;0.45;281.97;4.90;1017;17;1840.00;24
4372;15;23538620;4372;344;5384;5408;7.37;0.45;281.99;4.90;1012;17;1841.00;24
4373;15;23538633;4373;340;5384;5409;7.30;0.44;282.04;4.90;1011;17;1842.00;25
4376;15;23538644;4376;335;5384;5409;7.29;0.44;282.08;4.90;1008;17;1843.00;25
4379;15;23538656;4379;333;5389;5415;7.24;0.44;282.10;4.90;1010;17;1844.00;26
4384;15;23538670;4384;322;5391;5417;7.19;0.44;282.36;4.90;1007;17;1845.00;26
4386;15;23538682;4386;324;5391;5417;7.17;0.44;282.36;4.90;1005;17;1846.00;26
4389;15;23538694;4389;322;5391;5417;7.20;0.44;282.43;4.90;1002;17;1847.00;26
4392;15;23538707;4392;319;5394;5421;7.23;0.44;282.62;4.89;1002;17;1848.00;27
4395;15;23538719;4395;313;5394;5421;7.20;0.44;282.62;4.89;999;17;1849.00;27
4398;15;23538732;4398;310;5394;5421;7.18;0.44;282.62;4.89;996;17;1850.00;27
4404;15;23538744;4404;305;5395;5422;7.11;0.43;282.76;4.89;991;17;1851.00;27
4407;15;23538755;4407;300;5398;5426;7.07;0.43;282.85;4.89;991;17;1852.00;28
4410;15;23538767;4410;300;5398;5426;7.03;0.43;282.87;4.89;988;17;1853.00;28
4415;15;23538778;4415;295;5400;5429;7.00;0.43;283.09;4.89;985;17;1854.00;29
4416;15;23538791;4416;285;5403;5429;7.03;0.43;283.10;4.92;987;17;1855.00;26
4420;15;23538804;4420;277;5403;5429;7.07;0.43;283.23;4.92;983;17;1856.00;26
4425;15;23538815;4425;274;5403;5429;7.13;0.43;283.29;4.92;978;17;1857.00;26
4426;15;23538827;4426;277;5407;5433;7.27;0.44;283.33;4.92;981;17;1858.00;26
4429;15;23538838;4429;268;5407;5433;7.40;0.45;283.33;4.92;978;17;1859.00;26
4433;15;23538853;4433;261;5407;5433;7.45;0.45;283.35;4.92;974;17;1860.00;26
4436;15;23538865;4436;254;5407;5433;7.49;0.46;283.47;4.92;971;17;1861.00;26
4439;15;23538877;4439;248;5407;5434;7.51;0.46;283.61;4.92;968;17;1862.00;27
4441;15;23538889;4441;250;5408;5435;7.56;0.46;283.59;4.92;967;17;1863.00;27
4446;15;23538901;4446;247;5408;5435;7.53;0.46;283.76;4.92;962;17;1864.00;27
4449;15;23538913;4449;245;5409;5436;7.51;0.46;283.80;4.91;960;17;1865.00;27
4452;15;23538925;4452;242;5409;5436;7.53;0.46;283.75;4.91;957;17;1866.00;27
4454;15;23538937;4454;234;5409;5436;7.60;0.47;283.88;4.91;955;17;1867.00;27
4459;15;23538948;4459;236;5409;5436;7.59;0.46;283.80;4.91;950;17;1868.00;27
4462;15;23538960;4462;235;5409;5436;7.62;0.47;283.98;4.91;947;17;1869.00;27
4464;15;23538971;4464;236;5409;5436;7.66;0.47;284.02;4.91;945;17;1870.00;27
4468;15;23538983;4468;230;5409;5436;7.66;0.47;284.14;4.91;941;17;1871.00;27
4472;15;23538994;4472;251;5475;5563;7.68;0.48;284.22;4.87;1003;17;1872.00;88
4474;15;23539020;4474;240;5476;5564;7.71;0.48;284.28;4.87;1002;17;1873.00;88
4479;15;23539033;4479;229;5485;5564;7.77;0.48;284.21;4.86;1006;17;1874.00;79
4482;15;23539046;4482;232;5485;5564;7.81;0.48;284.21;4.86;1003;17;1875.00;79
4484;15;23539057;4484;231;5492;5564;7.90;0.49;284.22;4.86;1008;17;1876.00;72
4487;15;23539069;4487;230;5493;5564;7.90;0.49;284.25;4.86;1006;17;1877.00;71
4489;15;23539082;4489;234;5495;5564;7.94;0.49;284.27;4.86;1006;17;1878.00;69
4495;15;23539094;4495;231;5498;5564;8.03;0.49;284.32;4.86;1003;17;1879.00;66
4498;15;23539107;4498;231;5503;5565;8.07;0.50;284.43;4.90;1005;17;1880.00;62
4501;15;23539119;4501;236;5507;5566;8.14;0.50;284.55;4.90;1006;17;1881.00;59
4507;15;23539132;4507;236;5512;5568;8.18;0.50;284.63;4.92;1005;17;1882.00;56
4510;15;23539146;4510;231;5514;5569;8.14;0.50;284.71;4.94;1004;17;1883.00;55
4514;15;23539158;4514;232;5516;5569;8.10;0.50;284.76;4.94;1002;17;1884.00;53
4515;15;23539170;4515;236;5519;5569;8.09;0.50;284.79;4.96;1004;17;1885.00;50
4517;15;23539182;4517;243;5521;5569;8.02;0.49;284.83;4.98;1004;17;1886.00;48
4520;15;23539200;4520;249;5527;5573;7.94;0.49;284.90;4.98;1007;17;1887.00;46
4524;15;23539213;4524;252;5528;5573;7.91;0.48;284.91;5.00;1004;17;1888.00;45
4530;15;23539225;4530;262;5532;5573;7.86;0.48;284.91;5.02;1002;17;1889.00;41
4533;15;23539239;4533;264;5537;5579;7.84;0.48;285.03;5.02;1004;17;1890.00;42
4534;15;23539252;4534;273;5542;5579;7.82;0.48;285.04;5.05;1008;17;1891.00;37
4536;15;23539263;4536;280;5545;5579;7.73;0.47;285.21;5.07;1009;17;1892.00;34
4538;15;23539275;4538;288;5551;5583;7.66;0.47;285.26;5.09;1013;17;1893.00;32
4539;15;23539287;4539;288;5554;5584;7.64;0.47;285.30;5.10;1015;17;1894.00;30
4543;15;23539299;4543;292;5556;5584;7.57;0.46;285.38;5.12;1013;17;1895.00;28
4545;15;23539311;4545;294;5560;5588;7.53;0.46;285.53;5.12;1015;17;1896.00;28
4548;15;23539323;4548;290;5563;5588;7.44;0.46;285.51;5.15;1015;17;1897.00;25
4553;15;23539335;4553;304;5565;5588;7.32;0.45;285.55;5.16;1012;17;1898.00;23
4553;15;23539347;4553;304;5570;5589;7.24;0.44;285.55;5.19;1017;17;1899.00;19
4555;15;23539360;4555;301;5570;5589;7.21;0.44;285.59;5.19;1015;17;1900.00;19
4556;15;23539375;4556;300;5576;5595;7.23;0.44;285.71;5.20;1020;17;1901.00;19
4558;15;23539387;4558;302;5578;5595;7.20;0.44;285.68;5.21;1020;17;1902.00;17
4562;15;23539399;4562;305;5579;5596;7.15;0.44;285.72;5.22;1017;17;1903.00;17
4564;15;23539411;4564;307;5579;5596;7.12;0.44;285.70;5.22;1015;17;1904.00;17
4565;15;23539423;4565;304;5580;5596;7.07;0.43;285.74;5.24;1015;17;1905.00;16
4570;15;23539436;4570;306;5581;5596;6.98;0.43;285.84;5.24;1011;17;1906.00;15
4572;15;23539449;4572;311;5581;5596;6.94;0.43;285.89;5.24;1009;17;1907.00;15
4574;15;23539461;4574;314;5593;5608;6.93;0.42;285.83;5.24;1019;17;1908.00;15
4575;15;23539474;4575;317;5593;5608;6.98;0.43;285.79;5.24;1018;17;1909.00;15
4576;15;23539486;4576;320;5593;5608;6.96;0.43;285.76;5.24;1017;17;1910.00;15
4579;15;23539497;4579;328;5594;5608;6.93;0.42;285.73;5.25;1015;17;1911.00;14
4582;15;23539508;4582;331;5594;5608;6.89;0.42;285.68;5.25;1012;17;1912.00;14
4585;15;23539520;4585;330;5594;5608;6.82;0.42;285.71;5.25;1009;17;1913.00;14
4589;15;23539538;4589;336;5598;5612;6.76;0.41;285.78;5.26;1009;17;1914.00;14
4592;15;23539550;4592;337;5598;5612;6.71;0.41;285.89;5.26;1006;17;1915.00;14
4595;15;23539561;4595;346;5602;5616;6.65;0.41;285.96;5.26;1007;17;1916.00;14
4598;15;23539573;4598;353;5606;5617;6.52;0.40;286.04;5.28;1008;17;1917.00;11
4600;15;23539591;4600;358;5607;5617;6.38;0.39;285.99;5.29;1007;17;1918.00;10
4603;15;23539602;4603;358;5608;5617;6.27;0.38;285.92;5.30;1005;17;1919.00;9
4610;15;23539615;4610;373;5630;5646;6.17;0.38;285.79;5.28;1020;17;1920.00;16
4612;15;23539628;4612;369;5631;5646;6.10;0.38;285.72;5.27;1019;17;1921.00;15
4613;15;23539639;4613;377;5635;5646;6.06;0.37;285.70;5.28;1022;17;1922.00;11
4617;15;23539649;4617;384;5638;5647;5.98;0.37;285.57;5.29;1021;17;1923.00;9
4623;15;23539660;4623;393;5638;5648;5.89;0.36;285.55;5.29;1015;17;1924.00;10
4626;15;23539670;4626;385;5639;5648;5.85;0.36;285.47;5.30;1013;17;1925.00;9
4629;15;23539684;4629;384;5643;5651;5.81;0.36;285.38;5.30;1014;17;1926.00;8
4631;15;23539696;4631;386;5644;5651;5.76;0.35;285.36;5.31;1013;17;1927.00;7
4635;15;23539707;4635;381;5645;5651;5.70;0.35;285.30;5.31;1010;17;1928.00;6
4638;15;23539719;4638;384;5645;5651;5.65;0.35;285.40;5.31;1007;17;1929.00;6
4642;15;23539730;4642;386;5652;5657;5.64;0.35;285.48;5.31;1010;17;1930.00;5
4645;15;23539742;4645;392;5652;5657;5.61;0.35;285.48;5.31;1007;17;1931.00;5
4647;15;23539752;4647;387;5653;5657;5.54;0.34;285.55;5.31;1006;17;1932.00;4
4651;15;23539764;4651;389;5653;5657;5.44;0.33;285.55;5.31;1002;17;1933.00;4
4657;15;23539775;4657;389;5656;5661;5.31;0.33;285.42;5.31;999;17;1934.00;5
4658;15;23539787;4658;396;5658;5663;5.24;0.32;285.39;5.31;1000;17;1935.00;5
4661;15;23539797;4661;404;5658;5663;5.13;0.32;285.38;5.31;997;17;1936.00;5
4664;15;23539808;4664;408;5659;5664;5.08;0.31;285.43;5.31;995;17;1937.00;5
4666;15;23539818;4666;418;5659;5664;5.07;0.31;285.35;5.31;993;17;1938.00;5
4671;15;23539828;4671;424;5659;5664;5.00;0.31;285.38;5.31;988;17;1939.00;5
4676;15;23539838;4676;429;5659;5664;5.00;0.31;285.34;5.31;983;17;1940.00;5
4677;15;23539849;4677;437;5659;5664;5.03;0.31;285.31;5.31;982;17;1941.00;5
4680;15;23539859;4680;433;5659;5664;5.02;0.31;285.40;5.31;979;17;1942.00;5
4682;15;23539869;4682;435;5659;5664;5.00;0.31;285.42;5.31;977;17;1943.00;5
4684;15;23539879;4684;446;5696;5734;5.20;0.32;285.43;5.27;1012;17;1944.00;38
4689;15;23539895;4689;444;5697;5735;5.20;0.32;285.38;5.27;1008;17;1945.00;38
4692;15;23539909;4692;442;5705;5735;5.26;0.32;285.30;5.27;1013;17;1946.00;30
4697;15;23539920;4697;446;5707;5735;5.23;0.32;285.41;5.27;1010;17;1947.00;28
4700;15;23539930;4700;441;5711;5735;5.22;0.32;285.43;5.27;1011;17;1948.00;24
4702;15;23539941;4702;450;5712;5735;5.15;0.32;285.51;5.27;1010;17;1949.00;23
4704;15;23539953;4704;460;5716;5737;5.11;0.32;285.54;5.27;1012;17;1950.00;21
4708;15;23539964;4708;456;5719;5737;5.10;0.31;285.54;5.27;1011;17;1951.00;18
4710;15;23539974;4710;457;5722;5738;5.15;0.32;285.60;5.27;1012;17;1952.00;16
4714;15;23539986;4714;447;5725;5739;5.13;0.32;285.61;5.27;1011;17;1953.00;14
4717;15;23539997;4717;446;5728;5739;5.15;0.32;285.60;5.27;1011;17;1954.00;11
4724;15;23540011;4724;447;5731;5743;5.11;0.31;285.51;5.27;1007;17;1955.00;12
4728;15;23540023;4728;448;5732;5743;5.14;0.32;285.48;5.27;1004;17;1956.00;11
4733;15;23540035;4733;442;5733;5743;5.19;0.32;285.38;5.27;1000;17;1957.00;10
4734;15;23540047;4734;448;5733;5743;5.24;0.32;285.41;5.27;999;17;1958.00;10
4738;15;23540058;4738;446;5738;5749;5.32;0.33;285.36;5.27;1000;17;1959.00;11
4739;15;23540070;4739;451;5738;5749;5.38;0.33;285.40;5.27;999;17;1960.00;11
4740;15;23540082;4740;444;5738;5749;5.43;0.33;285.35;5.27;998;17;1961.00;11
4743;15;23540104;4743;443;5740;5752;5.49;0.34;285.34;5.26;997;17;1962.00;12
4743;15;23540121;4743;438;5741;5752;5.55;0.34;285.34;5.26;998;17;1963.00;11
4746;15;23540133;4746;438;5741;5752;5.55;0.34;285.30;5.26;995;17;1964.00;11
4748;16;23540144;4748;439;5741;5753;5.52;0.34;285.28;5.26;993;18;1965.00;12
4749;16;23540168;4749;442;5742;5754;5.53;0.34;285.30;5.26;993;18;1966.00;12
4753;16;23540180;4753;438;5742;5754;5.49;0.33;285.13;5.26;989;18;1967.00;12
4753;16;23540202;4753;442;5753;5767;5.61;0.34;285.13;5.25;1000;18;1968.00;14
4755;16;23540214;4755;436;5753;5767;5.57;0.34;285.16;5.25;998;18;1969.00;14
4756;16;23540225;4756;438;5753;5767;5.58;0.34;285.15;5.25;997;18;1970.00;14
4758;16;23540236;4758;442;5754;5768;5.67;0.34;285.18;5.25;996;18;1971.00;14
4761;16;23540252;4761;430;5754;5768;5.70;0.35;285.26;5.25;993;18;1972.00;14
4762;16;23540264;4762;426;5758;5772;5.80;0.35;285.25;5.25;996;18;1973.00;14
4766;16;23540276;4766;420;5758;5772;5.79;0.35;285.32;5.25;992;18;1974.00;14
4768;16;23540288;4768;410;5761;5776;5.88;0.36;285.36;5.25;993;18;1975.00;15
4775;16;23540302;4775;406;5761;5776;5.89;0.36;285.49;5.25;986;18;1976.00;15
4779;16;23540314;4779;405;5761;5776;5.98;0.36;285.65;5.25;982;18;1977.00;15
4781;16;23540326;4781;402;5761;5776;6.07;0.37;285.69;5.25;980;18;1978.00;15
4784;16;23540338;4784;400;5761;5776;6.13;0.37;285.75;5.25;977;18;1979.00;15
4785;16;23540352;4785;401;5789;5810;6.35;0.39;285.86;5.22;1004;18;1980.00;21
4786;16;23540372;4786;389;5789;5810;6.41;0.39;285.95;5.22;1003;18;1981.00;21
4788;16;23540384;4788;381;5791;5810;6.50;0.40;286.07;5.22;1003;18;1982.00;19
4790;16;23540397;4790;372;5791;5810;6.51;0.40;286.19;5.22;1001;18;1983.00;19
4794;16;23540409;4794;365;5792;5810;6.57;0.40;286.23;5.22;998;18;1984.00;18
4796;16;23540421;4796;364;5792;5810;6.61;0.40;286.30;5.22;996;18;1985.00;18
4797;16;23540435;4797;358;5792;5811;6.60;0.40;286.32;5.22;995;18;1986.00;19
4798;16;23540447;4798;360;5792;5811;6.60;0.40;286.43;5.22;994;18;1987.00;19
4800;16;23540460;4800;357;5797;5817;6.58;0.40;286.59;5.22;997;18;1988.00;20
4800;16;23540473;4800;361;5798;5818;6.62;0.40;286.59;5.22;998;18;1989.00;20
4801;16;23540492;4801;369;5798;5818;6.56;0.40;286.60;5.22;997;18;1990.00;20
4802;16;23540504;4802;369;5798;5818;6.55;0.40;286.70;5.22;996;18;1991.00;20
4806;16;23540517;4806;365;5801;5822;6.50;0.39;286.73;5.21;995;18;1992.00;21
4808;16;23540530;4808;364;5801;5822;6.43;0.39;286.81;5.21;993;18;1993.00;21
4810;16;23540542;4810;360;5801;5822;6.45;0.39;286.88;5.21;991;18;1994.00;21
4812;16;23540555;4812;353;5802;5823;6.46;0.39;286.83;5.21;990;18;1995.00;21
4814;16;23540567;4814;355;5805;5827;6.45;0.39;286.95;5.21;991;18;1996.00;22
4815;16;23540579;4815;356;5805;5827;6.48;0.39;286.98;5.21;990;18;1997.00;22
4818;16;23540590;4818;350;5807;5830;6.53;0.40;287.11;5.21;989;18;1998.00;23
4820;16;23540602;4820;350;5807;5830;6.56;0.40;287.17;5.21;987;18;1999.00;23
4823;16;23540615;4823;350;5808;5830;6.58;0.40;287.28;5.21;985;18;2000.00;22
4825;16;23540631;4825;358;5808;5830;6.58;0.40;287.36;5.21;983;18;2001.00;22
4827;16;23540642;4827;356;5812;5834;6.64;0.40;287.38;5.20;985;18;2002.00;22
4828;16;23540655;4828;355;5812;5834;6.66;0.40;287.40;5.20;984;18;2003.00;22
4832;16;23540671;4832;353;5812;5834;6.63;0.40;287.39;5.20;980;18;2004.00;22
4837;16;23540689;4837;352;5812;5834;6.61;0.40;287.46;5.20;975;18;2005.00;22
4839;16;23540701;4839;353;5812;5835;6.55;0.40;287.46;5.20;973;18;2006.00;23
4840;16;23540718;4840;355;5813;5836;6.57;0.40;287.56;5.20;973;18;2007.00;23
4843;16;23540729;4843;356;5813;5836;6.50;0.40;287.70;5.20;970;18;2008.00;23
4846;16;23540742;4846;352;5814;5837;6.49;0.39;287.80;5.20;968;18;2009.00;23
4849;16;23540755;4849;349;5814;5837;6.46;0.39;287.92;5.20;965;18;2010.00;23
4852;16;23540767;4852;347;5814;5837;6.48;0.39;287.97;5.20;962;18;2011.00;23
4856;16;23540779;4856;345;5814;5837;6.51;0.40;288.06;5.20;958;18;2012.00;23
4861;16;23540790;4861;345;5814;5837;6.50;0.39;288.14;5.20;953;18;2013.00;23
4861;16;23540802;4861;347;5814;5837;6.55;0.40;288.14;5.20;953;18;2014.00;23
4863;16;23540813;4863;337;5814;5837;6.58;0.40;288.20;5.20;951;18;2015.00;23
4864;16;23540825;4864;354;5889;5964;6.57;0.40;288.22;5.14;1025;18;2016.00;75
4864;16;23540846;4864;333;5889;5965;6.65;0.41;288.22;5.14;1025;18;2017.00;76
4864;16;23540859;4864;322;5894;5965;6.77;0.42;288.22;5.13;1030;18;2018.00;71
4865;16;23540871;4865;316;5894;5965;6.86;0.42;288.27;5.13;1029;18;2019.00;71
4866;16;23540883;4866;313;5899;5965;7.00;0.43;288.24;5.13;1033;18;2020.00;66
4869;16;23540894;4869;306;5900;5965;7.03;0.43;288.26;5.13;1031;18;2021.00;65
4871;16;23540907;4871;304;5903;5965;7.07;0.43;288.24;5.13;1032;18;2022.00;62
4872;16;23540919;4872;303;5906;5965;7.15;0.44;288.26;5.13;1034;18;2023.00;59
4874;16;23540931;4874;306;5909;5966;7.25;0.44;288.31;5.14;1035;18;2024.00;57
4876;16;23540944;4876;314;5915;5968;7.29;0.45;288.37;5.14;1039;18;2025.00;53
4878;16;23540956;4878;304;5918;5968;7.33;0.45;288.45;5.14;1040;18;2026.00;50
4880;16;23540968;4880;303;5919;5969;7.31;0.45;288.50;5.14;1039;18;2027.00;50
4884;16;23540980;4884;301;5922;5969;7.25;0.44;288.57;5.15;1038;18;2028.00;47
4885;16;23540992;4885;302;5923;5969;7.15;0.44;288.60;5.16;1038;18;2029.00;46
4889;16;23541005;4889;299;5923;5969;7.04;0.43;288.72;5.16;1034;18;2030.00;46
4891;16;23541017;4891;294;5928;5973;7.00;0.43;288.77;5.19;1037;18;2031.00;45
4892;16;23541031;4892;292;5931;5973;6.98;0.43;288.81;5.19;1039;18;2032.00;42
4897;16;23541043;4897;282;5935;5973;6.93;0.42;288.93;5.19;1038;18;2033.00;38
4899;16;23541055;4899;286;5936;5976;6.93;0.42;288.99;5.19;1037;18;2034.00;40
4903;16;23541067;4903;285;5938;5976;6.87;0.42;289.25;5.20;1035;18;2035.00;38
4906;16;23541080;4906;279;5939;5976;6.96;0.42;289.30;5.20;1033;18;2036.00;37
4909;16;23541092;4909;277;5941;5980;6.96;0.42;289.43;5.20;1032;18;2037.00;39
4911;16;23541105;4911;276;5943;5981;7.03;0.43;289.42;5.20;1032;18;2038.00;38
4915;16;23541118;4915;273;5945;5981;7.04;0.43;289.58;5.20;1030;18;2039.00;36
4918;16;23541132;4918;268;5949;5986;7.07;0.43;289.75;5.20;1031;18;2040.00;37
4921;16;23541152;4921;267;5949;5986;7.11;0.43;289.84;5.20;1028;18;2041.00;37
4924;16;23541165;4924;268;5949;5986;7.17;0.43;289.84;5.20;1025;18;2042.00;37
4924;16;23541178;4924;270;5951;5987;7.23;0.44;289.84;5.21;1027;18;2043.00;36
4925;16;23541190;4925;267;5951;5987;7.27;0.44;289.81;5.21;1026;18;2044.00;36
4928;16;23541202;4928;270;5955;5993;7.32;0.44;289.98;5.21;1027;18;2045.00;38
4932;16;23541216;4932;266;5955;5993;7.24;0.44;290.08;5.21;1023;18;2046.00;38
4937;16;23541229;4937;266;5955;5994;7.15;0.43;290.21;5.21;1018;18;2047.00;39
4940;16;23541242;4940;265;5955;5994;7.06;0.43;290.23;5.21;1015;18;2048.00;39
4942;16;23541254;4942;269;5955;5994;7.02;0.42;290.33;5.21;1013;18;2049.00;39
4946;16;23541265;4946;270;5955;5994;6.92;0.42;290.54;5.21;1009;18;2050.00;39
4949;16;23541277;4949;264;5959;5994;6.86;0.42;290.64;5.24;1010;18;2051.00;35
4952;16;23541290;4952;275;5969;6006;6.86;0.42;290.81;5.23;1017;18;2052.00;37
4955;16;23541311;4955;287;5969;6006;6.83;0.41;290.89;5.23;1014;18;2053.00;37
4957;16;23541331;4957;289;5972;6006;6.82;0.41;290.97;5.23;1015;18;2054.00;34
4961;16;23541343;4961;299;5974;6006;6.83;0.41;290.90;5.25;1013;18;2055.00;32
4963;16;23541355;4963;299;5975;6006;6.78;0.41;290.90;5.27;1012;18;2056.00;31
4965;16;23541373;4965;303;5975;6006;6.77;0.41;291.01;5.27;1010;18;2057.00;31
4968;16;23541385;4968;299;5979;6010;6.75;0.41;290.99;5.30;1011;18;2058.00;31
4970;16;23541398;4970;306;5980;6010;6.78;0.41;290.94;5.30;1010;18;2059.00;30
4973;16;23541410;4973;313;5986;6014;6.82;0.41;290.94;5.33;1013;18;2060.00;28
4977;16;23541422;4977;322;5987;6015;6.82;0.41;290.87;5.33;1010;18;2061.00;28
4977;16;23541434;4977;323;5988;6015;6.81;0.41;290.87;5.33;1011;18;2062.00;27
4979;16;23541446;4979;324;5989;6015;6.75;0.41;290.79;5.35;1010;18;2063.00;26
4981;16;23541457;4981;337;6002;6028;6.78;0.41;290.85;5.35;1021;18;2064.00;26
4983;16;23541470;4983;336;6002;6028;6.78;0.41;290.90;5.35;1019;18;2065.00;26
4984;16;23541482;4984;341;6003;6028;6.82;0.41;290.94;5.37;1019;18;2066.00;25
4987;16;23541494;4987;346;6004;6029;6.84;0.42;291.15;5.37;1017;18;2067.00;25
4991;16;23541505;4991;352;6004;6030;6.78;0.41;291.22;5.37;1013;18;2068.00;26
4991;16;23541518;4991;358;6005;6030;6.74;0.41;291.22;5.39;1014;18;2069.00;25
4994;16;23541531;4994;367;6009;6036;6.68;0.41;291.28;5.39;1015;18;2070.00;27
4994;16;23541543;4994;375;6010;6036;6.64;0.41;291.28;5.41;1016;18;2071.00;26
4997;16;23541556;4997;382;6015;6036;6.57;0.40;291.26;5.46;1018;18;2072.00;21
4997;16;23541567;4997;389;6016;6036;6.57;0.40;291.26;5.47;1019;18;2073.00;20
5000;16;23541579;5000;387;6022;6042;6.51;0.40;291.32;5.47;1022;18;2074.00;20
5001;16;23541590;5001;387;6023;6042;6.44;0.39;291.29;5.48;1022;18;2075.00;19
5002;16;23541601;5002;391;6023;6042;6.39;0.39;291.24;5.48;1021;18;2076.00;19
5003;16;23541612;5003;386;6025;6042;6.32;0.39;291.24;5.51;1022;18;2077.00;17
5003;16;23541622;5003;392;6028;6046;6.32;0.39;291.24;5.51;1025;18;2078.00;18
5006;16;23541634;5006;392;6030;6047;6.28;0.39;291.17;5.52;1024;18;2079.00;17
5009;16;23541645;5009;398;6031;6047;6.24;0.38;291.15;5.53;1022;18;2080.00;16
5012;16;23541656;5012;393;6032;6048;6.24;0.38;291.08;5.53;1020;18;2081.00;16
5014;16;23541667;5014;397;6034;6048;6.23;0.38;291.03;5.55;1020;18;2082.00;14
5016;16;23541679;5016;396;6034;6048;6.24;0.38;291.14;5.55;1018;18;2083.00;14
5018;16;23541689;5018;399;6036;6048;6.24;0.38;291.08;5.57;1018;18;2084.00;12
5019;16;23541700;5019;400;6036;6048;6.23;0.38;291.04;5.57;1017;18;2085.00;12
5022;16;23541710;5022;404;6036;6048;6.22;0.38;291.04;5.57;1014;18;2086.00;12
5028;16;23541721;5028;405;6038;6048;6.11;0.37;291.06;5.59;1010;18;2087.00;10
5031;16;23541731;5031;417;6074;6118;6.29;0.39;291.04;5.56;1043;18;2088.00;44
5034;16;23541747;5034;419;6080;6119;6.20;0.38;290.95;5.57;1046;18;2089.00;39
5038;16;23541758;5038;414;6088;6119;6.16;0.38;290.92;5.57;1050;18;2090.00;31
5040;16;23541769;5040;420;6091;6119;6.06;0.37;290.94;5.57;1051;18;2091.00;28
5043;16;23541780;5043;420;6095;6119;6.02;0.37;290.82;5.57;1052;18;2092.00;24
5048;16;23541790;5048;431;6095;6119;5.92;0.36;290.74;5.57;1047;18;2093.00;24
5050;16;23541802;5050;433;6099;6119;5.88;0.36;290.78;5.57;1049;18;2094.00;20
5056;16;23541812;5056;442;6102;6119;5.77;0.35;290.68;5.59;1046;18;2095.00;17
5059;16;23541823;5059;434;6104;6120;5.65;0.35;290.64;5.59;1045;18;2096.00;16
5062;16;23541833;5062;444;6108;6121;5.57;0.34;290.58;5.60;1046;18;2097.00;13
5067;16;23541843;5067;447;6111;6121;5.45;0.33;290.51;5.60;1044;18;2098.00;10
5069;16;23541853;5069;455;6117;6125;5.32;0.32;290.44;5.60;1048;18;2099.00;8
5075;16;23541865;5075;450;6122;6140;5.13;0.31;290.30;5.60;1047;18;2100.00;18
5076;16;23541883;5076;455;6123;6140;5.04;0.31;290.28;5.61;1047;18;2101.00;17
5078;17;23541893;5078;455;6124;6140;4.95;0.30;290.29;5.61;1046;19;2102.00;16
5079;17;23541916;5079;448;6129;6146;4.90;0.30;290.25;5.61;1050;19;2103.00;17
5082;17;23541927;5082;448;6130;6146;4.80;0.29;290.35;5.61;1048;19;2104.00;16
5084;17;23541938;5084;455;6131;6146;4.78;0.29;290.35;5.61;1047;19;2105.00;15
5086;17;23541948;5086;459;6134;6149;4.76;0.29;290.34;5.61;1048;19;2106.00;15
5087;17;23541963;5087;459;6135;6149;4.79;0.29;290.37;5.61;1048;19;2107.00;14
5089;17;23541973;5089;441;6135;6149;4.81;0.29;290.33;5.61;1046;19;2108.00;14
5092;17;23541984;5092;432;6135;6150;4.87;0.30;290.39;5.61;1043;19;2109.00;15
5094;17;23541994;5094;428;6136;6151;4.91;0.30;290.36;5.61;1042;19;2110.00;15
5096;17;23542005;5096;424;6137;6151;4.96;0.30;290.42;5.61;1041;19;2111.00;14
5099;17;23542016;5099;426;6148;6164;5.10;0.31;290.48;5.60;1049;19;2112.00;16
5101;17;23542030;5101;423;6148;6164;5.15;0.31;290.42;5.60;1047;19;2113.00;16
5104;17;23542041;5104;423;6148;6164;5.18;0.32;290.40;5.60;1044;19;2114.00;16
5105;17;23542058;5105;423;6150;6166;5.24;0.32;290.37;5.60;1045;19;2115.00;16
5109;17;23542070;5109;423;6151;6166;5.29;0.32;290.32;5.60;1042;19;2116.00;15
5113;17;23542087;5113;422;6154;6170;5.37;0.33;290.29;5.60;1041;19;2117.00;16
5116;17;23542099;5116;428;6155;6170;5.36;0.33;290.35;5.60;1039;19;2118.00;15
5118;17;23542117;5118;430;6158;6174;5.41;0.33;290.49;5.60;1040;19;2119.00;16
5122;17;23542129;5122;429;6158;6174;5.39;0.33;290.51;5.60;1036;19;2120.00;16
5123;17;23542141;5123;431;6158;6174;5.39;0.33;290.53;5.60;1035;19;2121.00;16
5126;17;23542152;5126;430;6159;6174;5.39;0.33;290.52;5.60;1033;19;2122.00;15
5129;17;23542163;5129;433;6159;6174;5.40;0.33;290.53;5.60;1030;19;2123.00;15
5132;17;23542174;5132;439;6169;6186;5.47;0.33;290.52;5.59;1037;19;2124.00;17
5135;17;23542187;5135;437;6169;6186;5.50;0.33;290.59;5.59;1034;19;2125.00;17
5136;17;23542198;5136;438;6170;6186;5.57;0.34;290.61;5.59;1034;19;2126.00;16
5141;17;23542210;5141;436;6172;6186;5.59;0.34;290.53;5.60;1031;19;2127.00;14
5143;17;23542222;5143;436;6174;6186;5.62;0.34;290.59;5.60;1031;19;2128.00;12
5146;17;23542234;5146;434;6174;6186;5.66;0.34;290.58;5.60;1028;19;2129.00;12
5149;17;23542248;5149;437;6175;6187;5.62;0.34;290.77;5.60;1026;19;2130.00;12
5153;17;23542260;5153;434;6175;6187;5.58;0.34;290.83;5.60;1022;19;2131.00;12
5158;17;23542272;5158;435;6180;6193;5.55;0.34;290.87;5.60;1022;19;2132.00;13
5161;17;23542284;5161;433;6181;6194;5.61;0.34;291.02;5.60;1020;19;2133.00;13
5164;17;23542296;5164;437;6181;6194;5.57;0.34;290.96;5.60;1017;19;2134.00;13
5168;17;23542306;5168;435;6181;6194;5.56;0.34;290.95;5.60;1013;19;2135.00;13
5172;17;23542319;5172;442;6184;6198;5.57;0.34;291.00;5.59;1012;19;2136.00;14
5175;17;23542330;5175;438;6184;6198;5.56;0.34;291.03;5.59;1009;19;2137.00;14
5178;17;23542341;5178;433;6184;6198;5.55;0.34;291.12;5.59;1006;19;2138.00;14
5182;17;23542354;5182;426;6185;6199;5.52;0.33;291.16;5.59;1003;19;2139.00;14
5184;17;23542366;5184;433;6188;6203;5.48;0.33;291.38;5.59;1004;19;2140.00;15
5187;17;23542383;5187;431;6188;6203;5.41;0.33;291.46;5.59;1001;19;2141.00;15
5189;17;23542395;5189;430;6190;6206;5.39;0.33;291.48;5.59;1001;19;2142.00;16
5190;17;23542406;5190;435;6190;6206;5.39;0.33;291.49;5.59;1000;19;2143.00;16
5192;17;23542418;5192;438;6191;6206;5.40;0.33;291.53;5.59;999;19;2144.00;15
5194;17;23542429;5194;447;6191;6206;5.37;0.33;291.51;5.59;997;19;2145.00;15
5195;17;23542441;5195;456;6195;6210;5.41;0.33;291.61;5.59;1000;19;2146.00;15
5197;17;23542453;5197;443;6195;6210;5.47;0.33;291.67;5.59;998;19;2147.00;15
5198;17;23542464;5198;438;6195;6210;5.52;0.34;291.67;5.59;997;19;2148.00;15
5202;17;23542476;5202;429;6195;6210;5.53;0.34;291.70;5.59;993;19;2149.00;15
5203;17;23542488;5203;422;6195;6211;5.57;0.34;291.75;5.59;992;19;2150.00;16
5204;17;23542500;5204;419;6196;6212;5.67;0.34;291.78;5.59;992;19;2151.00;16
5206;17;23542512;5206;410;6196;6212;5.76;0.35;291.80;5.59;990;19;2152.00;16
5206;17;23542525;5206;408;6197;6213;5.81;0.35;291.80;5.58;991;19;2153.00;16
5211;17;23542537;5211;405;6197;6213;5.80;0.35;291.83;5.58;986;19;2154.00;16
5213;17;23542550;5213;408;6197;6213;5.86;0.36;291.87;5.58;984;19;2155.00;16
5217;17;23542561;5217;396;6197;6213;5.94;0.36;291.91;5.58;980;19;2156.00;16
5220;17;23542573;5220;388;6197;6213;6.00;0.37;291.95;5.58;977;19;2157.00;16
5223;17;23542585;5223;376;6197;6213;6.12;0.37;291.94;5.58;974;19;2158.00;16
5224;17;23542598;5224;371;6197;6213;6.24;0.38;291.95;5.58;973;19;2159.00;16
5226;17;23542613;5226;421;6319;6443;6.42;0.40;292.01;5.48;1093;19;2160.00;124
5228;17;23542644;5228;409;6324;6444;6.45;0.41;292.02;5.47;1096;19;2161.00;120
5232;17;23542662;5232;386;6333;6444;6.53;0.41;292.12;5.47;1101;19;2162.00;111
5234;17;23542676;5234;388;6335;6444;6.58;0.41;292.17;5.47;1101;19;2163.00;109
5237;17;23542688;5237;386;6347;6444;6.60;0.41;292.33;5.47;1110;19;2164.00;97
5239;17;23542702;5239;377;6350;6444;6.66;0.42;292.39;5.47;1111;19;2165.00;94
5245;17;23542714;5245;382;6357;6444;6.66;0.41;292.51;5.47;1112;19;2166.00;87
5247;17;23542729;5247;387;6362;6444;6.72;0.42;292.58;5.47;1115;19;2167.00;82
5248;17;23542742;5248;391;6369;6445;6.79;0.42;292.65;5.47;1121;19;2168.00;76
5251;17;23542756;5251;398;6373;6446;6.76;0.42;292.70;5.47;1122;19;2169.00;73
5255;17;23542771;5255;397;6377;6446;6.69;0.42;292.77;5.47;1122;19;2170.00;69
5257;17;23542784;5257;397;6381;6447;6.66;0.41;292.82;5.48;1124;19;2171.00;66
5259;17;23542798;5259;401;6382;6447;6.54;0.41;292.85;5.48;1123;19;2172.00;65
5260;17;23542811;5260;407;6387;6447;6.45;0.40;292.88;5.49;1127;19;2173.00;60
5265;17;23542824;5265;414;6389;6447;6.39;0.39;292.91;5.49;1124;19;2174.00;58
5267;17;23542843;5267;422;6394;6451;6.28;0.39;292.97;5.49;1127;19;2175.00;57
5268;17;23542856;5268;420;6395;6451;6.24;0.38;292.98;5.49;1127;19;2176.00;56
5270;17;23542870;5270;419;6397;6451;6.19;0.38;292.99;5.50;1127;19;2177.00;54
5274;17;23542883;5274;423;6398;6454;6.18;0.38;293.13;5.49;1124;19;2178.00;56
5277;17;23542897;5277;431;6400;6454;6.15;0.38;293.23;5.50;1123;19;2179.00;54
5277;17;23542910;5277;428;6400;6454;6.19;0.38;293.23;5.50;1123;19;2180.00;54
5279;17;23542929;5279;429;6404;6458;6.17;0.38;293.35;5.50;1125;19;2181.00;54
5280;17;23542943;5280;430;6406;6459;6.21;0.38;293.30;5.50;1126;19;2182.00;53
5282;17;23542956;5282;437;6407;6459;6.21;0.38;293.41;5.50;1125;19;2183.00;52
5285;17;23542969;5285;438;6409;6463;6.25;0.38;293.52;5.50;1124;19;2184.00;54
5286;17;23542984;5286;442;6413;6463;6.26;0.38;293.54;5.51;1127;19;2185.00;50
5286;17;23542997;5286;448;6413;6463;6.29;0.39;293.54;5.51;1127;19;2186.00;50
5288;17;23543010;5288;448;6413;6464;6.29;0.39;293.59;5.51;1125;19;2187.00;51
5289;17;23543023;5289;446;6415;6464;6.29;0.39;293.63;5.51;1126;19;2188.00;49
5293;17;23543038;5293;448;6419;6470;6.27;0.39;293.82;5.51;1126;19;2189.00;51
5295;17;23543060;5295;444;6421;6470;6.24;0.38;293.88;5.52;1126;19;2190.00;49
5299;17;23543073;5299;437;6421;6471;6.26;0.38;293.87;5.52;1122;19;2191.00;50
5304;17;23543088;5304;436;6423;6471;6.29;0.38;293.93;5.52;1119;19;2192.00;48
5305;17;23543101;5305;427;6424;6471;6.32;0.38;293.91;5.53;1119;19;2193.00;47
5308;17;23543115;5308;429;6425;6471;6.37;0.39;293.99;5.53;1117;19;2194.00;46
5310;17;23543128;5310;420;6425;6471;6.40;0.39;294.04;5.53;1115;19;2195.00;46
5314;17;23543141;5314;418;6434;6483;6.41;0.39;294.14;5.52;1120;19;2196.00;49
5316;17;23543156;5316;413;6436;6483;6.40;0.39;294.27;5.52;1120;19;2197.00;47
5320;17;23543170;5320;401;6438;6483;6.39;0.39;294.35;5.52;1118;19;2198.00;45
5321;17;23543183;5321;399;6438;6483;6.36;0.39;294.37;5.52;1117;19;2199.00;45
5324;17;23543197;5324;390;6438;6483;6.38;0.39;294.40;5.52;1114;19;2200.00;45
5326;17;23543213;5326;387;6438;6483;6.31;0.38;294.47;5.52;1112;19;2201.00;45
5328;17;23543226;5328;384;6441;6487;6.26;0.38;294.52;5.52;1113;19;2202.00;46
5332;17;23543239;5332;379;6441;6487;6.14;0.37;294.61;5.52;1109;19;2203.00;46
5333;17;23543252;5333;374;6445;6491;6.10;0.37;294.64;5.52;1112;19;2204.00;46
5337;17;23543266;5337;382;6449;6493;5.95;0.36;294.75;5.55;1112;19;2205.00;44
5340;17;23543280;5340;373;6449;6493;5.89;0.36;294.86;5.55;1109;19;2206.00;44
5343;17;23543293;5343;370;6450;6493;5.81;0.35;294.79;5.56;1107;19;2207.00;43
5347;17;23543306;5347;377;6459;6506;5.78;0.35;294.98;5.56;1112;19;2208.00;47
5349;17;23543320;5349;371;6459;6506;5.78;0.35;295.03;5.56;1110;19;2209.00;47
5351;17;23543338;5351;373;6461;6508;5.83;0.35;295.01;5.55;1110;19;2210.00;47
5352;17;23543351;5352;356;6462;6509;5.88;0.36;295.11;5.55;1110;19;2211.00;47
5353;17;23543364;5353;347;6462;6510;5.92;0.36;295.20;5.55;1109;19;2212.00;48
5354;17;23543376;5354;351;6462;6510;5.97;0.36;295.23;5.55;1108;19;2213.00;48
5359;17;23543389;5359;350;6464;6513;5.97;0.36;295.29;5.55;1105;19;2214.00;49
5360;17;23543403;5360;353;6465;6513;6.01;0.37;295.37;5.55;1105;19;2215.00;48
5363;17;23543415;5363;346;6465;6513;6.08;0.37;295.49;5.55;1102;19;2216.00;48
5367;17;23543428;5367;342;6465;6513;6.06;0.37;295.74;5.55;1098;19;2217.00;48
5372;17;23543441;5372;346;6470;6519;6.05;0.37;295.73;5.55;1098;19;2218.00;49
5376;17;23543454;5376;345;6470;6519;6.05;0.37;295.83;5.55;1094;19;2219.00;49
5379;17;23543468;5379;350;6470;6519;6.01;0.37;296.00;5.55;1091;19;2220.00;49
5386;17;23543480;5386;349;6470;6519;5.94;0.36;296.03;5.55;1084;19;2221.00;49
5388;17;23543493;5388;353;6474;6523;5.93;0.36;296.07;5.55;1086;19;2222.00;49
5390;17;23543505;5390;353;6475;6524;5.87;0.36;296.10;5.55;1085;19;2223.00;49
5392;17;23543524;5392;353;6476;6524;5.84;0.36;296.11;5.56;1084;19;2224.00;48
5394;17;23543536;5394;353;6478;6525;5.85;0.36;296.10;5.57;1084;19;2225.00;47
5398;17;23543548;5398;359;6478;6525;5.83;0.35;296.06;5.57;1080;19;2226.00;47
5399;17;23543561;5399;355;6479;6525;5.83;0.36;296.05;5.58;1080;19;2227.00;46
5399;17;23543573;5399;366;6480;6525;5.84;0.36;296.05;5.59;1081;19;2228.00;45
5402;17;23543586;5402;368;6481;6525;5.80;0.35;296.17;5.60;1079;19;2229.00;44
5404;17;23543599;5404;366;6481;6525;5.76;0.35;296.13;5.60;1077;19;2230.00;44
5404;17;23543611;5404;369;6481;6525;5.74;0.35;296.13;5.60;1077;19;2231.00;44
5404;17;23543623;5404;375;6518;6595;5.91;0.36;296.13;5.58;1114;19;2232.00;77
5406;17;23543641;5406;380;6519;6596;5.89;0.36;296.11;5.58;1113;19;2233.00;77
5406;17;23543654;5406;382;6529;6596;5.90;0.36;296.11;5.58;1123;19;2234.00;67
5411;17;23543667;5411;392;6532;6596;5.83;0.36;295.99;5.61;1121;19;2235.00;64
5414;17;23543678;5414;390;6535;6596;5.80;0.36;295.93;5.61;1121;19;2236.00;61
5417;17;23543691;5417;392;6537;6596;5.74;0.35;295.85;5.61;1120;19;2237.00;59
5420;17;23543703;5420;398;6540;6596;5.72;0.35;295.76;5.62;1120;19;2238.00;56
5423;17;23543715;5423;399;6542;6596;5.68;0.35;295.69;5.63;1119;19;2239.00;54
5424;17;23543728;5424;404;6544;6597;5.61;0.34;295.64;5.64;1120;19;2240.00;53
5427;17;23543740;5427;411;6554;6598;5.50;0.34;295.54;5.75;1127;19;2241.00;44
5428;17;23543752;5428;414;6559;6598;5.47;0.34;295.50;5.79;1131;19;2242.00;39
5433;17;23543764;5433;425;6566;6602;5.36;0.33;295.34;5.84;1133;19;2243.00;36
5436;17;23543777;5436;431;6568;6602;5.30;0.33;295.33;5.84;1132;19;2244.00;34
5437;17;23543789;5437;440;6569;6602;5.24;0.32;295.32;5.84;1132;19;2245.00;33
5440;17;23543800;5440;445;6571;6602;5.19;0.32;295.24;5.85;1131;19;2246.00;31
5442;17;23543813;5442;456;6577;6608;5.22;0.32;295.21;5.86;1135;19;2247.00;31
5443;17;23543826;5443;460;6579;6608;5.20;0.32;295.24;5.87;1136;19;2248.00;29
5444;17;23543837;5444;456;6580;6608;5.19;0.32;295.20;5.88;1136;19;2249.00;28
5446;17;23543850;5446;463;6586;6614;5.21;0.32;295.21;5.89;1140;19;2250.00;28
5447;17;23543862;5447;459;6586;6614;5.17;0.32;295.19;5.89;1139;19;2251.00;28
5448;17;23543874;5448;461;6588;6614;5.10;0.31;295.16;5.90;1140;19;2252.00;26
5451;17;23543886;5451;459;6589;6615;5.03;0.31;295.10;5.92;1138;19;2253.00;26
5453;17;23543897;5453;459;6591;6616;5.01;0.31;295.05;5.93;1138;19;2254.00;25
5455;17;23543910;5455;463;6591;6616;5.00;0.31;295.01;5.93;1136;19;2255.00;25
5457;17;23543921;5457;470;6602;6629;4.96;0.31;294.98;5.92;1145;19;2256.00;27
5460;17;23543934;5460;466;6604;6629;4.93;0.30;294.95;5.95;1144;19;2257.00;25
5462;17;23543946;5462;465;6604;6629;4.91;0.30;294.88;5.95;1142;19;2258.00;25
5463;17;23543958;5463;470;6607;6630;4.87;0.30;294.83;5.97;1144;19;2259.00;23
5468;17;23543970;5468;470;6607;6630;4.82;0.30;294.83;5.97;1139;19;2260.00;23
5469;17;23543982;5469;473;6612;6634;4.84;0.30;294.83;5.99;1143;19;2261.00;22
5471;17;23543994;5471;478;6613;6634;4.80;0.30;294.80;6.00;1142;19;2262.00;21
5474;17;23544005;5474;486;6616;6638;4.78;0.29;294.75;6.00;1142;19;2263.00;22
5478;17;23544017;5478;488;6616;6638;4.75;0.29;294.73;6.00;1138;19;2264.00;22
5479;17;23544028;5479;477;6618;6638;4.73;0.29;294.69;6.02;1139;19;2265.00;20
5482;17;23544040;5482;470;6618;6638;4.68;0.29;294.65;6.02;1136;19;2266.00;20
5485;17;23544052;5485;467;6618;6638;4.64;0.28;294.56;6.02;1133;19;2267.00;20
5488;17;23544063;5488;472;6629;6650;4.68;0.29;294.58;6.01;1141;19;2268.00;21
5491;17;23544077;5491;461;6629;6650;4.69;0.29;294.53;6.01;1138;19;2269.00;21
5493;17;23544088;5493;468;6629;6650;4.74;0.29;294.54;6.01;1136;19;2270.00;21
5497;17;23544100;5497;466;6629;6650;4.72;0.29;294.46;6.01;1132;19;2271.00;21
5498;17;23544124;5498;468;6629;6650;4.71;0.29;294.44;6.01;1131;19;2272.00;21
5500;17;23544136;5500;465;6629;6650;4.70;0.29;294.40;6.01;1129;19;2273.00;21
5502;17;23544146;5502;469;6629;6651;4.72;0.29;294.33;6.01;1127;19;2274.00;22
5504;17;23544157;5504;457;6629;6651;4.68;0.29;294.38;6.01;1125;19;2275.00;22
5505;17;23544168;5505;449;6634;6657;4.74;0.29;294.40;6.00;1129;19;2276.00;23
5508;17;23544179;5508;446;6635;6658;4.74;0.29;294.50;6.00;1127;19;2277.00;23
5511;17;23544191;5511;436;6635;6658;4.76;0.29;294.46;6.00;1124;19;2278.00;23
5513;17;23544208;5513;439;6635;6658;4.77;0.29;294.49;6.00;1122;19;2279.00;23
5516;17;23544221;5516;436;6639;6663;4.84;0.30;294.41;6.00;1123;19;2280.00;24
5521;17;23544232;5521;433;6639;6663;4.87;0.30;294.45;6.00;1118;19;2281.00;24
5523;17;23544244;5523;425;6639;6663;4.93;0.30;294.50;6.00;1116;19;2282.00;24
5524;17;23544256;5524;418;6640;6664;5.05;0.31;294.46;6.00;1116;19;2283.00;24
5527;17;23544268;5527;415;6643;6668;5.15;0.31;294.46;5.99;1116;19;2284.00;25
5530;17;23544280;5530;406;6643;6668;5.20;0.32;294.42;5.99;1113;19;2285.00;25
5535;17;23544291;5535;394;6646;6671;5.25;0.32;294.54;5.99;1111;19;2286.00;25
5538;17;23544305;5538;378;6646;6671;5.29;0.32;294.61;5.99;1108;19;2287.00;25
5542;17;23544317;5542;372;6646;6671;5.27;0.32;294.68;5.99;1104;19;2288.00;25
5544;17;23544328;5544;370;6646;6671;5.28;0.32;294.68;5.99;1102;19;2289.00;25
5547;17;23544341;5547;366;6650;6675;5.33;0.33;294.94;5.99;1103;19;2290.00;25
5549;17;23544353;5549;367;6650;6675;5.37;0.33;294.97;5.99;1101;19;2291.00;25
5555;17;23544365;5555;371;6650;6675;5.32;0.32;295.00;5.99;1095;19;2292.00;25
5556;17;23544377;5556;372;6650;6675;5.38;0.33;294.97;5.99;1094;19;2293.00;25
5560;17;23544388;5560;365;6650;6676;5.39;0.33;294.96;5.99;1090;19;2294.00;26
5564;17;23544401;5564;362;6652;6678;5.37;0.33;295.28;5.99;1088;19;2295.00;26
5566;17;23544412;5566;358;6652;6678;5.43;0.33;295.27;5.99;1086;19;2296.00;26
5571;17;23544425;5571;357;6653;6679;5.49;0.33;295.40;5.99;1082;19;2297.00;26
5574;17;23544437;5574;363;6653;6679;5.54;0.34;295.42;5.99;1079;19;2298.00;26
5579;17;23544449;5579;361;6653;6679;5.60;0.34;295.33;5.99;1074;19;2299.00;26
5586;17;23544462;5586;356;6653;6679;5.56;0.34;295.62;5.99;1067;19;2300.00;26
5591;17;23544478;5591;357;6653;6679;5.59;0.34;295.81;5.99;1062;19;2301.00;26
5594;17;23544490;5594;357;6653;6679;5.64;0.34;296.02;5.99;1059;19;2302.00;26
5597;17;23544502;5597;353;6653;6679;5.70;0.35;295.99;5.99;1056;19;2303.00;26
5603;17;23544514;5603;369;6730;6806;5.95;0.37;295.99;5.92;1127;19;2304.00;76
5605;17;23544557;5605;361;6732;6807;6.01;0.37;296.08;5.92;1127;19;2305.00;75
5607;17;23544569;5607;358;6737;6807;6.12;0.38;296.09;5.91;1130;19;2306.00;70
5609;17;23544582;5609;358;6740;6807;6.18;0.38;296.11;5.91;1131;19;2307.00;67
5611;17;23544594;5611;357;6744;6807;6.26;0.39;296.14;5.91;1133;19;2308.00;63
5617;17;23544607;5617;347;6746;6807;6.26;0.39;296.28;5.91;1129;19;2309.00;61
5623;17;23544623;5623;349;6747;6807;6.26;0.39;296.45;5.91;1124;19;2310.00;60
5627;17;23544636;5627;357;6750;6807;6.24;0.38;296.47;5.91;1123;19;2311.00;57
5631;17;23544649;5631;352;6751;6808;6.21;0.38;296.62;5.91;1120;19;2312.00;57
5632;17;23544662;5632;357;6753;6809;6.20;0.38;296.63;5.91;1121;19;2313.00;56
5633;17;23544675;5633;361;6754;6809;6.22;0.38;296.62;5.91;1121;19;2314.00;55
5637;17;23544688;5637;366;6756;6810;6.18;0.38;296.66;5.91;1119;19;2315.00;54
5639;17;23544701;5639;376;6758;6810;6.13;0.38;296.69;5.92;1119;19;2316.00;52
5642;17;23544714;5642;387;6763;6810;6.04;0.37;296.75;5.92;1121;19;2317.00;47
5644;17;23544727;5644;388;6764;6810;6.03;0.37;296.75;5.92;1120;19;2318.00;46
5649;17;23544741;5649;393;6769;6814;5.99;0.37;296.79;5.92;1120;19;2319.00;45
5649;17;23544760;5649;404;6769;6814;6.01;0.37;296.79;5.92;1120;19;2320.00;45
5651;17;23544773;5651;408;6772;6814;5.98;0.37;296.87;5.93;1121;19;2321.00;42
5653;17;23544786;5653;398;6773;6817;6.01;0.37;296.93;5.93;1120;19;2322.00;44
5658;17;23544799;5658;387;6774;6817;6.01;0.37;296.99;5.93;1116;19;2323.00;43
5660;17;23544813;5660;393;6775;6817;6.04;0.37;297.07;5.93;1115;19;2324.00;42
5664;17;23544827;5664;388;6779;6821;6.09;0.37;297.12;5.93;1115;19;2325.00;42
5668;17;23544840;5668;395;6780;6822;6.14;0.38;297.26;5.93;1112;19;2326.00;42
5670;17;23544854;5670;394;6780;6822;6.20;0.38;297.41;5.93;1110;19;2327.00;42
5671;17;23544867;5671;398;6783;6826;6.26;0.38;297.42;5.93;1112;19;2328.00;43
5675;17;23544880;5675;400;6783;6826;6.27;0.38;297.46;5.93;1108;19;2329.00;43
5676;17;23544893;5676;399;6785;6826;6.24;0.38;297.56;5.94;1109;19;2330.00;41
5681;17;23544906;5681;397;6787;6827;6.21;0.38;297.74;5.94;1106;20;2331.00;40
5684;17;23544929;5684;393;6787;6827;6.15;0.38;297.79;5.94;1103;20;2332.00;40
5690;17;23544942;5690;390;6792;6833;6.05;0.37;297.87;5.93;1102;20;2333.00;41
5692;17;23544956;5692;389;6792;6833;6.04;0.37;297.94;5.93;1100;20;2334.00;41
5694;17;23544970;5694;394;6792;6834;6.01;0.37;298.03;5.93;1098;20;2335.00;42
5697;17;23544982;5697;399;6794;6834;5.92;0.36;298.25;5.93;1097;20;2336.00;40
5699;17;23544996;5699;400;6795;6834;5.86;0.36;298.21;5.93;1096;20;2337.00;39
5703;17;23545010;5703;411;6795;6834;5.84;0.36;298.32;5.93;1092;20;2338.00;39
5705;17;23545023;5705;412;6795;6834;5.81;0.35;298.33;5.93;1090;20;2339.00;39
5707;17;23545038;5707;423;6822;6870;5.75;0.35;298.35;5.91;1115;20;2340.00;48
5710;17;23545054;5710;423;6823;6870;5.70;0.35;298.49;5.91;1113;20;2341.00;47
5713;17;23545067;5713;418;6826;6870;5.75;0.35;298.43;5.91;1113;20;2342.00;44
5714;17;23545080;5714;423;6826;6870;5.76;0.35;298.48;5.91;1112;20;2343.00;44
5714;17;23545093;5714;428;6827;6870;5.82;0.35;298.48;5.91;1113;20;2344.00;43
5718;17;23545105;5718;430;6827;6870;5.83;0.35;298.71;5.91;1109;20;2345.00;43
5718;17;23545118;5718;428;6831;6874;5.83;0.35;298.71;5.91;1113;20;2346.00;43
5720;17;23545132;5720;422;6831;6874;5.86;0.36;298.64;5.91;1111;20;2347.00;43
5722;17;23545145;5722;422;6835;6878;5.90;0.36;298.68;5.90;1113;20;2348.00;43
5724;17;23545158;5724;425;6836;6879;5.94;0.36;298.67;5.90;1112;20;2349.00;43
5727;17;23545171;5727;425;6836;6879;5.92;0.36;298.67;5.90;1109;20;2350.00;43
5729;17;23545183;5729;426;6836;6879;5.91;0.36;298.65;5.90;1107;20;2351.00;43
5731;17;23545196;5731;433;6847;6892;5.96;0.36;298.74;5.89;1116;20;2352.00;45
5732;17;23545210;5732;430;6847;6892;6.01;0.37;298.78;5.89;1115;20;2353.00;45
5735;17;23545229;5735;434;6847;6892;6.03;0.37;298.97;5.89;1112;20;2354.00;45
5737;17;23545241;5737;430;6848;6893;6.08;0.37;299.01;5.89;1111;20;2355.00;45
5740;17;23545254;5740;434;6848;6894;6.08;0.37;298.98;5.89;1108;20;2356.00;46
5742;17;23545266;5742;434;6848;6894;6.02;0.37;298.96;5.89;1106;20;2357.00;46
5746;17;23545279;5746;444;6850;6897;6.01;0.37;298.98;5.89;1104;20;2358.00;47
5748;17;23545292;5748;442;6850;6897;5.98;0.36;299.12;5.89;1102;20;2359.00;47
5748;17;23545305;5748;453;6851;6897;5.92;0.36;299.12;5.89;1103;20;2360.00;46
5749;17;23545318;5749;461;6851;6897;5.85;0.36;299.12;5.89;1102;20;2361.00;46
5750;17;23545330;5750;462;6856;6903;5.74;0.35;299.14;5.89;1106;20;2362.00;47
5754;17;23545343;5754;466;6856;6903;5.60;0.34;299.20;5.89;1102;20;2363.00;47
5754;17;23545355;5754;469;6856;6903;5.53;0.34;299.20;5.89;1102;20;2364.00;47
5756;17;23545368;5756;473;6856;6903;5.48;0.33;299.25;5.89;1100;20;2365.00;47
5757;17;23545380;5757;470;6859;6907;5.39;0.33;299.23;5.88;1102;20;2366.00;48
5758;17;23545394;5758;466;6860;6908;5.40;0.33;299.23;5.88;1102;20;2367.00;48
5760;17;23545405;5760;466;6860;6908;5.39;0.33;299.22;5.88;1100;20;2368.00;48
5761;17;23545418;5761;461;6861;6909;5.41;0.33;299.23;5.88;1100;20;2369.00;48
5764;17;23545432;5764;463;6861;6909;5.37;0.32;299.32;5.88;1097;20;2370.00;48
5768;17;23545444;5768;463;6861;6909;5.34;0.32;299.41;5.88;1093;20;2371.00;48
5770;17;23545457;5770;460;6861;6909;5.31;0.32;299.47;5.88;1091;20;2372.00;48
5773;17;23545469;5773;466;6861;6909;5.31;0.32;299.54;5.88;1088;20;2373.00;48
5774;17;23545481;5774;466;6861;6909;5.29;0.32;299.59;5.88;1087;20;2374.00;48
5775;17;23545492;5775;468;6861;6909;5.31;0.32;299.63;5.88;1086;20;2375.00;48
5776;17;23545504;5776;474;6896;6979;5.34;0.32;299.66;5.85;1120;20;2376.00;83
5779;17;23545522;5779;464;6896;6980;5.26;0.32;299.67;5.85;1117;20;2377.00;84
5783;17;23545534;5783;470;6903;6980;5.29;0.32;299.69;5.85;1120;20;2378.00;77
5783;17;23545545;5783;465;6904;6980;5.25;0.32;299.69;5.85;1121;20;2379.00;76
5784;17;23545557;5784;466;6908;6980;5.25;0.32;299.70;5.88;1124;20;2380.00;72
5788;17;23545569;5788;467;6909;6980;5.23;0.32;299.66;5.88;1121;20;2381.00;71
5791;17;23545581;5791;459;6912;6980;5.21;0.32;299.77;5.88;1121;20;2382.00;68
5791;17;23545592;5791;460;6917;6980;5.22;0.32;299.77;5.88;1126;20;2383.00;63
5794;17;23545604;5794;458;6920;6981;5.17;0.31;299.77;5.88;1126;20;2384.00;61
5794;17;23545621;5794;462;6923;6983;5.11;0.31;299.77;5.88;1129;20;2385.00;60
5796;17;23545633;5796;465;6926;6983;5.07;0.31;299.82;5.88;1130;20;2386.00;57
5796;17;23545644;5796;467;6931;6987;5.04;0.31;299.82;5.88;1135;20;2387.00;56
5802;17;23545657;5802;466;6932;6987;5.05;0.31;299.82;5.88;1130;20;2388.00;55
5805;17;23545668;5805;464;6932;6987;5.06;0.31;299.86;5.88;1127;20;2389.00;55
5808;17;23545680;5808;463;6933;6987;5.03;0.31;299.83;5.91;1125;20;2390.00;54
5812;17;23545697;5812;463;6937;6993;5.09;0.31;299.76;5.90;1125;20;2391.00;56
5815;17;23545712;5815;460;6937;6993;5.08;0.31;299.68;5.90;1122;20;2392.00;56
5816;17;23545724;5816;452;6937;6993;5.09;0.31;299.64;5.90;1121;20;2393.00;56
5817;17;23545735;5817;448;6939;6996;5.13;0.31;299.62;5.90;1122;20;2394.00;57
5820;17;23545747;5820;444;6940;6996;5.14;0.31;299.53;5.90;1120;20;2395.00;56
5821;17;23545760;5821;445;6940;6996;5.18;0.31;299.52;5.90;1119;20;2396.00;56
5822;17;23545771;5822;439;6940;6997;5.20;0.32;299.59;5.90;1118;20;2397.00;57
5823;17;23545784;5823;445;6941;6998;5.20;0.32;299.58;5.90;1118;20;2398.00;57
5823;17;23545795;5823;451;6941;6998;5.18;0.31;299.58;5.90;1118;20;2399.00;57
5824;17;23545809;5824;463;6967;7057;5.20;0.32;299.54;5.88;1143;20;2400.00;90
5827;17;23545832;5827;459;6970;7057;5.14;0.31;299.40;5.91;1143;20;2401.00;87
5829;17;23545844;5829;470;6973;7057;5.18;0.32;299.38;5.90;1144;20;2402.00;84
5831;17;23545856;5831;468;6975;7058;5.20;0.32;299.31;5.91;1144;20;2403.00;83
5831;17;23545869;5831;476;6979;7058;5.23;0.32;299.31;5.93;1148;20;2404.00;79
5833;17;23545881;5833;484;6985;7062;5.24;0.32;299.37;5.96;1152;20;2405.00;77
5836;17;23545894;5836;486;6987;7062;5.24;0.32;299.29;5.96;1151;20;2406.00;75
5837;17;23545906;5837;488;6991;7066;5.20;0.32;299.24;5.98;1154;20;2407.00;75
5837;17;23545918;5837;495;6991;7066;5.24;0.32;299.24;5.98;1154;20;2408.00;75
5838;17;23545930;5838;495;6993;7066;5.26;0.32;299.19;6.01;1155;20;2409.00;73
5840;17;23545942;5840;495;6995;7066;5.22;0.32;299.14;6.02;1155;20;2410.00;71
5841;17;23545955;5841;501;6998;7066;5.20;0.32;299.09;6.07;1157;20;2411.00;68
5843;17;23545967;5843;500;7007;7078;5.21;0.32;299.04;6.06;1164;20;2412.00;71
5844;17;23545980;5844;504;7009;7078;5.22;0.32;299.02;6.09;1165;20;2413.00;69
5845;17;23545992;5845;508;7011;7078;5.21;0.32;299.00;6.11;1166;20;2414.00;67
5846;17;23546005;5846;509;7013;7078;5.15;0.31;298.98;6.14;1167;20;2415.00;65
5847;17;23546017;5847;513;7015;7078;5.12;0.31;298.99;6.15;1168;20;2416.00;63
5847;17;23546029;5847;520;7018;7078;5.07;0.31;298.99;6.18;1171;20;2417.00;60
5848;17;23546041;5848;509;7019;7079;5.01;0.31;299.05;6.19;1171;20;2418.00;60
5849;18;23546053;5849;514;7020;7079;4.97;0.30;299.03;6.22;1171;21;2419.00;59
5850;18;23546081;5850;514;7026;7085;4.94;0.30;299.01;6.22;1176;21;2420.00;59
5852;18;23546093;5852;517;7027;7086;4.90;0.30;299.05;6.22;1175;21;2421.00;59
5854;18;23546105;5854;518;7032;7086;4.87;0.30;299.02;6.28;1178;21;2422.00;54
5858;18;23546123;5858;507;7033;7086;4.81;0.29;298.98;6.28;1175;21;2423.00;53
5858;18;23546135;5858;495;7037;7090;4.83;0.30;298.98;6.33;1179;21;2424.00;53
5860;18;23546147;5860;489;7037;7090;4.80;0.29;298.88;6.33;1177;21;2425.00;53
5860;18;23546159;5860;482;7042;7090;4.85;0.30;298.88;6.39;1182;21;2426.00;48
5862;18;23546171;5862;480;7045;7091;4.87;0.30;298.83;6.39;1183;21;2427.00;46
5863;18;23546182;5863;467;7050;7095;4.92;0.30;298.83;6.44;1187;21;2428.00;45
5866;18;23546195;5866;466;7050;7095;4.92;0.30;298.76;6.44;1184;21;2429.00;45
5868;18;23546209;5868;459;7055;7101;4.97;0.30;298.71;6.43;1187;21;2430.00;46
5869;18;23546222;5869;452;7057;7101;5.00;0.30;298.68;6.48;1188;21;2431.00;44
5869;18;23546236;5869;457;7059;7101;5.01;0.31;298.68;6.48;1190;21;2432.00;42
5870;18;23546249;5870;456;7059;7101;5.05;0.31;298.65;6.48;1189;21;2433.00;42
5871;18;23546261;5871;456;7065;7105;5.12;0.31;298.64;6.52;1194;21;2434.00;40
5873;18;23546273;5873;453;7066;7105;5.14;0.31;298.58;6.54;1193;21;2435.00;39
5874;18;23546286;5874;454;7067;7105;5.11;0.31;298.58;6.56;1193;21;2436.00;38
5877;18;23546304;5877;456;7067;7105;5.09;0.31;298.58;6.56;1190;21;2437.00;38
5877;18;23546318;5877;466;7069;7106;5.08;0.31;298.58;6.57;1192;21;2438.00;37
5880;18;23546331;5880;466;7071;7107;5.04;0.31;298.53;6.59;1191;21;2439.00;36
5882;18;23546349;5882;477;7071;7107;4.97;0.30;298.52;6.59;1189;21;2440.00;36
5885;18;23546361;5885;484;7072;7108;4.88;0.30;298.44;6.59;1187;21;2441.00;36
5888;18;23546372;5888;489;7075;7108;4.80;0.29;298.45;6.64;1187;21;2442.00;33
5890;18;23546383;5890;498;7075;7108;4.80;0.29;298.40;6.64;1185;21;2443.00;33
5894;18;23546395;5894;498;7077;7108;4.69;0.29;298.42;6.67;1183;21;2444.00;31
5899;18;23546407;5899;495;7078;7108;4.66;0.28;298.31;6.67;1179;21;2445.00;30
5899;18;23546419;5899;504;7078;7108;4.70;0.29;298.31;6.67;1179;21;2446.00;30
5904;18;23546431;5904;504;7079;7108;4.62;0.28;298.44;6.69;1175;21;2447.00;29
5906;18;23546443;5906;522;7144;7235;4.91;0.31;298.43;6.63;1238;21;2448.00;91
5910;18;23546465;5910;501;7148;7236;4.93;0.31;298.49;6.62;1238;21;2449.00;88
5912;18;23546477;5912;487;7157;7236;5.01;0.31;298.51;6.62;1245;21;2450.00;79
5917;18;23546489;5917;482;7160;7236;4.99;0.31;298.55;6.62;1243;21;2451.00;76
5922;18;23546501;5922;475;7165;7236;4.96;0.31;298.62;6.62;1243;21;2452.00;71
5923;18;23546515;5923;453;7167;7236;4.94;0.31;298.64;6.62;1244;21;2453.00;69
5926;18;23546530;5926;446;7171;7236;4.89;0.30;298.75;6.62;1245;21;2454.00;65
5928;18;23546544;5928;450;7172;7236;4.87;0.30;298.85;6.62;1244;21;2455.00;64
5929;18;23546558;5929;448;7177;7237;4.92;0.30;298.87;6.63;1248;21;2456.00;60
5933;18;23546572;5933;439;7177;7238;4.95;0.31;299.06;6.63;1244;21;2457.00;61
5935;18;23546586;5935;440;7181;7238;5.00;0.31;299.18;6.63;1246;21;2458.00;57
5940;18;23546599;5940;437;7182;7239;5.03;0.31;299.38;6.63;1242;21;2459.00;57
5944;18;23546614;5944;434;7184;7239;5.06;0.31;299.41;6.63;1240;21;2460.00;55
5945;18;23546629;5945;431;7184;7239;5.15;0.32;299.38;6.63;1239;21;2461.00;55
5949;18;23546641;5949;426;7186;7239;5.16;0.32;299.54;6.64;1237;21;2462.00;53
5952;18;23546656;5952;421;7190;7243;5.18;0.32;299.57;6.64;1238;21;2463.00;53
5956;18;23546669;5956;426;7192;7243;5.22;0.32;299.61;6.64;1236;21;2464.00;51
5958;18;23546684;5958;426;7192;7243;5.24;0.32;299.66;6.64;1234;21;2465.00;51
5963;18;23546698;5963;434;7194;7246;5.25;0.32;299.77;6.65;1231;21;2466.00;52
5964;18;23546712;5964;435;7195;7246;5.26;0.32;299.79;6.65;1231;21;2467.00;51
5967;18;23546727;5967;447;7197;7246;5.25;0.32;299.93;6.66;1230;21;2468.00;49
5971;18;23546741;5971;442;7200;7250;5.28;0.33;300.15;6.66;1229;21;2469.00;50
5975;18;23546755;5975;446;7203;7251;5.30;0.33;300.23;6.67;1228;21;2470.00;48
5982;18;23546768;5982;449;7206;7251;5.30;0.33;300.46;6.67;1224;21;2471.00;45
5986;18;23546782;5986;453;7207;7255;5.29;0.32;300.63;6.67;1221;21;2472.00;48
5989;18;23546797;5989;453;7209;7255;5.31;0.33;300.79;6.68;1220;21;2473.00;46
5992;18;23546811;5992;456;7209;7255;5.34;0.33;300.77;6.68;1217;21;2474.00;46
5996;18;23546824;5996;460;7212;7257;5.35;0.33;300.75;6.67;1216;21;2475.00;45
6000;18;23546844;6000;460;7212;7257;5.39;0.33;300.80;6.67;1212;21;2476.00;45
6004;18;23546858;6004;452;7216;7263;5.44;0.33;300.89;6.67;1212;21;2477.00;47
6010;18;23546871;6010;450;7216;7263;5.42;0.33;301.23;6.67;1206;21;2478.00;47
6012;18;23546886;6012;445;7217;7264;5.43;0.33;301.26;6.67;1205;21;2479.00;47
6015;18;23546899;6015;440;7217;7264;5.47;0.33;301.30;6.67;1202;21;2480.00;47
6020;18;23546913;6020;436;7217;7264;5.46;0.33;301.39;6.67;1197;21;2481.00;47
6024;18;23546928;6024;428;7217;7264;5.50;0.33;301.43;6.67;1193;21;2482.00;47
6028;18;23546942;6028;428;7217;7264;5.56;0.34;301.60;6.67;1189;21;2483.00;47
6031;18;23546956;6031;425;7222;7276;5.59;0.34;301.74;6.67;1191;21;2484.00;54
6036;18;23546970;6036;427;7222;7276;5.59;0.34;301.94;6.67;1186;21;2485.00;54
6038;18;23546984;6038;429;7223;7276;5.64;0.34;302.05;6.67;1185;21;2486.00;53
6040;18;23546997;6040;421;7224;7276;5.64;0.34;302.17;6.67;1184;21;2487.00;52
6042;18;23547014;6042;423;7224;7276;5.66;0.35;302.21;6.67;1182;21;2488.00;52
6046;18;23547030;6046;423;7224;7276;5.69;0.35;302.33;6.67;1178;21;2489.00;52
6052;18;23547046;6052;422;7228;7280;5.68;0.35;302.47;6.67;1176;21;2490.00;52
6054;18;23547060;6054;437;7229;7280;5.68;0.35;302.51;6.68;1175;21;2491.00;51
6059;18;23547073;6059;441;7233;7284;5.64;0.34;302.73;6.68;1174;21;2492.00;51
6060;18;23547087;6060;443;7234;7285;5.67;0.35;302.77;6.68;1174;21;2493.00;51
6062;18;23547100;6062;453;7236;7285;5.64;0.34;302.79;6.69;1174;21;2494.00;49
6065;18;23547113;6065;457;7237;7285;5.59;0.34;302.95;6.69;1172;21;2495.00;48
6067;18;23547129;6067;467;7245;7298;5.55;0.34;303.09;6.69;1178;21;2496.00;53
6070;18;23547143;6070;461;7247;7298;5.51;0.34;303.25;6.69;1177;21;2497.00;51
6074;18;23547158;6074;462;7248;7298;5.47;0.33;303.40;6.69;1174;21;2498.00;50
6077;18;23547172;6077;453;7250;7299;5.47;0.33;303.45;6.69;1173;21;2499.00;49
6081;18;23547186;6081;458;7252;7300;5.44;0.33;303.61;6.70;1171;21;2500.00;48
6083;18;23547206;6083;467;7253;7300;5.47;0.33;303.57;6.70;1170;21;2501.00;47
6085;18;23547220;6085;471;7256;7303;5.52;0.34;303.70;6.69;1171;21;2502.00;47
6085;18;23547233;6085;469;7259;7303;5.54;0.34;303.70;6.69;1174;21;2503.00;44
6087;18;23547247;6087;479;7260;7303;5.55;0.34;303.79;6.69;1173;21;2504.00;43
6089;18;23547260;6089;485;7261;7303;5.53;0.34;303.87;6.69;1172;21;2505.00;42
6094;18;23547274;6094;489;7266;7309;5.55;0.34;303.94;6.69;1172;21;2506.00;43
6097;18;23547288;6097;483;7266;7309;5.52;0.34;303.95;6.69;1169;21;2507.00;43
6101;18;23547303;6101;483;7266;7309;5.49;0.34;304.09;6.69;1165;21;2508.00;43
6106;18;23547317;6106;487;7266;7309;5.46;0.33;304.18;6.69;1160;21;2509.00;43
6110;18;23547337;6110;493;7269;7313;5.44;0.33;304.28;6.69;1159;21;2510.00;44
6113;18;23547351;6113;492;7270;7314;5.44;0.33;304.43;6.69;1157;21;2511.00;44
6114;18;23547365;6114;500;7270;7314;5.44;0.33;304.53;6.69;1156;21;2512.00;44
6115;18;23547380;6115;501;7271;7315;5.49;0.33;304.57;6.69;1156;21;2513.00;44
6116;18;23547395;6116;506;7271;7315;5.53;0.34;304.60;6.69;1155;21;2514.00;44
6119;18;23547409;6119;495;7271;7315;5.51;0.34;304.61;6.69;1152;21;2515.00;44
6121;18;23547423;6121;500;7271;7315;5.53;0.34;304.65;6.69;1150;21;2516.00;44
6125;18;23547437;6125;503;7271;7315;5.51;0.34;304.67;6.69;1146;21;2517.00;44
6128;18;23547451;6128;503;7271;7315;5.47;0.33;304.67;6.69;1143;21;2518.00;44
6134;18;23547465;6134;504;7271;7315;5.42;0.33;304.86;6.69;1137;21;2519.00;44
6138;18;23547480;6138;530;7338;7440;5.47;0.34;305.02;6.62;1200;21;2520.00;102
6139;18;23547502;6139;519;7339;7441;5.47;0.34;305.08;6.62;1200;21;2521.00;102
6142;18;23547515;6142;511;7347;7441;5.50;0.34;305.24;6.62;1205;21;2522.00;94
6144;18;23547530;6144;506;7347;7441;5.49;0.34;305.37;6.62;1203;21;2523.00;94
6147;18;23547544;6147;512;7352;7441;5.47;0.34;305.47;6.62;1205;21;2524.00;89
6148;18;23547557;6148;510;7353;7441;5.45;0.34;305.58;6.62;1205;21;2525.00;88
6148;19;23547570;6148;511;7359;7441;5.49;0.34;305.58;6.62;1211;22;2526.00;82
6150;19;23547600;6150;514;7359;7441;5.47;0.34;305.67;6.62;1209;22;2527.00;82
6152;19;23547614;6152;517;7365;7442;5.47;0.34;305.75;6.62;1213;22;2528.00;77
6155;19;23547628;6155;527;7375;7443;5.42;0.33;305.73;6.62;1220;22;2529.00;68
6157;19;23547642;6157;533;7378;7443;5.35;0.33;305.81;6.62;1221;22;2530.00;65
6160;19;23547655;6160;533;7384;7447;5.24;0.32;305.95;6.62;1224;22;2531.00;63
6163;19;23547669;6163;543;7388;7447;5.18;0.32;305.95;6.62;1225;22;2532.00;59
6165;19;23547683;6165;553;7390;7447;5.08;0.31;306.08;6.62;1225;22;2533.00;57
6167;19;23547696;6167;567;7391;7447;5.02;0.31;306.13;6.62;1224;22;2534.00;56
6168;19;23547709;6168;575;7395;7453;4.98;0.31;306.13;6.62;1227;22;2535.00;58
6171;19;23547723;6171;579;7396;7453;4.89;0.30;306.11;6.62;1225;22;2536.00;57
6173;19;23547736;6173;581;7397;7455;4.83;0.30;306.22;6.62;1224;22;2537.00;58
6176;19;23547749;6176;578;7400;7458;4.82;0.29;306.29;6.62;1224;22;2538.00;58
6177;19;23547762;6177;583;7400;7458;4.80;0.29;306.39;6.62;1223;22;2539.00;58
6179;19;23547775;6179;576;7400;7458;4.81;0.29;306.56;6.62;1221;22;2540.00;58
6180;19;23547787;6180;569;7400;7459;4.82;0.29;306.57;6.62;1220;22;2541.00;59
6183;19;23547800;6183;568;7401;7460;4.79;0.29;306.59;6.62;1218;22;2542.00;59
6187;19;23547814;6187;565;7402;7460;4.77;0.29;306.76;6.62;1215;22;2543.00;58
6191;19;23547826;6191;563;7412;7473;4.77;0.29;306.85;6.61;1221;22;2544.00;61
6192;19;23547841;6192;558;7412;7473;4.84;0.30;306.88;6.61;1220;22;2545.00;61
6195;19;23547854;6195;564;7412;7473;4.84;0.30;306.96;6.61;1217;22;2546.00;61
6199;19;23547866;6199;568;7413;7474;4.85;0.30;306.96;6.61;1214;22;2547.00;61
6201;19;23547880;6201;568;7413;7474;4.88;0.30;306.93;6.61;1212;22;2548.00;61
6203;19;23547893;6203;560;7416;7478;4.93;0.30;306.97;6.61;1213;22;2549.00;62
6209;19;23547908;6209;560;7418;7481;4.89;0.30;306.89;6.61;1209;22;2550.00;63
6211;19;23547921;6211;568;7422;7485;4.86;0.30;306.86;6.60;1211;22;2551.00;63
6212;19;23547934;6212;563;7422;7485;4.84;0.30;306.87;6.60;1210;22;2552.00;63
6213;19;23547946;6213;561;7422;7485;4.83;0.30;306.84;6.60;1209;22;2553.00;63
6218;19;23547958;6218;564;7423;7485;4.79;0.30;306.82;6.60;1205;22;2554.00;62
6220;19;23547970;6220;559;7425;7485;4.76;0.29;306.84;6.66;1205;22;2555.00;60
6223;19;23547984;6223;565;7436;7497;4.80;0.30;306.76;6.65;1213;22;2556.00;61
6225;19;23547997;6225;560;7436;7497;4.79;0.29;306.72;6.65;1211;22;2557.00;61
6228;19;23548011;6228;554;7436;7497;4.79;0.29;306.74;6.65;1208;22;2558.00;61
6232;19;23548024;6232;546;7436;7497;4.80;0.29;306.63;6.65;1204;22;2559.00;61
6232;19;23548038;6232;539;7436;7497;4.87;0.30;306.63;6.65;1204;22;2560.00;61
6235;19;23548049;6235;534;7436;7497;4.90;0.30;306.62;6.65;1201;22;2561.00;61
6239;19;23548062;6239;535;7436;7498;4.89;0.30;306.72;6.65;1197;22;2562.00;62
6240;19;23548074;6240;528;7436;7498;4.91;0.30;306.71;6.65;1196;22;2563.00;62
6243;19;23548086;6243;533;7440;7504;4.97;0.30;306.64;6.65;1197;22;2564.00;64
6246;19;23548100;6246;530;7442;7506;4.94;0.30;306.53;6.65;1196;22;2565.00;64
6247;19;23548113;6247;525;7442;7506;4.93;0.30;306.55;6.65;1195;22;2566.00;64
6252;19;23548125;6252;522;7442;7506;4.89;0.30;306.39;6.65;1190;22;2567.00;64
6254;19;23548138;6254;523;7445;7510;4.90;0.30;306.36;6.65;1191;22;2568.00;65
6255;19;23548150;6255;515;7445;7510;4.89;0.30;306.38;6.65;1190;22;2569.00;65
6256;19;23548162;6256;527;7445;7510;4.88;0.30;306.49;6.65;1189;22;2570.00;65
6257;19;23548174;6257;523;7446;7511;4.90;0.30;306.51;6.65;1189;22;2571.00;65
6260;19;23548186;6260;523;7450;7515;4.86;0.30;306.47;6.65;1190;22;2572.00;65
6261;19;23548199;6261;521;7451;7515;4.81;0.29;306.43;6.66;1190;22;2573.00;64
6263;19;23548212;6263;529;7453;7518;4.83;0.29;306.41;6.65;1190;22;2574.00;65
6267;19;23548225;6267;526;7453;7518;4.79;0.29;306.47;6.65;1186;22;2575.00;65
6267;19;23548237;6267;521;7455;7518;4.80;0.29;306.47;6.66;1188;22;2576.00;63
6268;19;23548249;6268;528;7456;7518;4.78;0.29;306.43;6.66;1188;22;2577.00;62
6268;19;23548261;6268;533;7460;7522;4.83;0.30;306.43;6.66;1192;22;2578.00;62
6269;19;23548273;6269;518;7461;7522;4.82;0.29;306.39;6.69;1192;22;2579.00;61
6270;19;23548287;6270;512;7462;7522;4.79;0.29;306.37;6.69;1192;22;2580.00;60
6273;19;23548300;6273;501;7462;7522;4.76;0.29;306.39;6.69;1189;22;2581.00;60
6274;19;23548313;6274;495;7464;7523;4.76;0.29;306.38;6.75;1190;22;2582.00;59
6274;19;23548326;6274;495;7465;7524;4.77;0.29;306.38;6.75;1191;22;2583.00;59
6275;19;23548339;6275;488;7466;7524;4.76;0.29;306.36;6.76;1191;22;2584.00;58
6276;19;23548351;6276;477;7469;7525;4.80;0.29;306.32;6.81;1193;22;2585.00;56
6277;19;23548370;6277;478;7469;7525;4.85;0.30;306.30;6.81;1192;22;2586.00;56
6277;19;23548383;6277;478;7471;7525;4.93;0.30;306.30;6.86;1194;22;2587.00;54
6279;19;23548396;6279;473;7472;7525;5.01;0.31;306.24;6.89;1193;22;2588.00;53
6280;19;23548409;6280;469;7472;7525;5.05;0.31;306.26;6.89;1192;22;2589.00;53
6281;19;23548421;6281;465;7474;7525;5.10;0.31;306.24;6.93;1193;22;2590.00;51
6281;19;23548440;6281;459;7474;7525;5.17;0.32;306.24;6.93;1193;22;2591.00;51
6282;19;23548454;6282;476;7539;7652;5.51;0.34;306.21;6.87;1257;23;2592.00;113
6284;19;23548484;6284;467;7543;7653;5.53;0.34;306.20;6.90;1259;23;2593.00;110
6287;19;23548498;6287;461;7553;7653;5.57;0.34;306.10;6.89;1266;23;2594.00;100
6289;19;23548512;6289;463;7559;7653;5.57;0.34;306.06;6.92;1270;23;2595.00;94
6289;19;23548525;6289;462;7566;7653;5.59;0.35;306.06;6.95;1277;23;2596.00;87
6291;19;23548538;6291;454;7568;7653;5.52;0.34;306.04;6.95;1277;23;2597.00;85
6291;19;23548551;6291;464;7572;7653;5.50;0.34;306.04;6.97;1281;23;2598.00;81
6293;19;23548566;6293;458;7575;7653;5.47;0.34;306.01;7.00;1282;23;2599.00;78
6295;19;23548580;6295;463;7577;7654;5.41;0.34;306.01;7.00;1282;23;2600.00;77
6299;19;23548598;6299;460;7582;7655;5.38;0.33;305.96;7.06;1283;23;2601.00;73
6301;19;23548613;6301;463;7585;7655;5.35;0.33;305.91;7.08;1284;23;2602.00;70
6304;19;23548626;6304;462;7588;7656;5.31;0.33;305.82;7.08;1284;23;2603.00;68
6308;19;23548640;6308;459;7591;7656;5.29;0.33;306.00;7.11;1283;23;2604.00;65
6312;19;23548654;6312;461;7594;7656;5.31;0.33;306.17;7.11;1282;23;2605.00;62
6315;19;23548668;6315;472;7596;7656;5.29;0.33;306.17;7.14;1281;23;2606.00;60
6318;19;23548687;6318;465;7602;7660;5.28;0.32;306.18;7.17;1284;23;2607.00;58
6322;19;23548701;6322;470;7604;7660;5.26;0.32;306.13;7.16;1282;23;2608.00;56
6323;19;23548715;6323;475;7606;7660;5.30;0.33;306.15;7.21;1283;23;2609.00;54
6325;19;23548731;6325;473;7611;7666;5.31;0.33;306.21;7.23;1286;23;2610.00;55
6329;19;23548745;6329;477;7612;7666;5.29;0.32;306.30;7.24;1283;23;2611.00;54
6333;19;23548759;6333;484;7614;7666;5.29;0.32;306.23;7.26;1281;23;2612.00;52
6335;19;23548772;6335;487;7617;7670;5.29;0.32;306.27;7.25;1282;23;2613.00;53
6337;19;23548786;6337;488;7622;7671;5.25;0.32;306.28;7.32;1285;23;2614.00;49
6342;20;23548799;6342;482;7622;7671;5.20;0.32;306.30;7.32;1280;24;2615.00;49
6345;20;23548830;6345;491;7626;7675;5.15;0.32;306.27;7.32;1281;24;2616.00;49
6346;20;23548844;6346;494;7626;7675;5.10;0.31;306.24;7.32;1280;25;2617.00;49
6350;20;23548862;6350;492;7630;7675;5.01;0.31;306.23;7.38;1280;25;2618.00;45
6352;20;23548881;6352;489;7631;7676;4.97;0.30;306.26;7.40;1279;25;2619.00;45
6355;20;23548894;6355;483;7632;7676;4.94;0.30;306.32;7.42;1277;25;2620.00;44
6358;20;23548907;6358;490;7636;7682;4.96;0.30;306.36;7.42;1278;25;2621.00;46
6363;20;23548921;6363;489;7637;7682;4.91;0.30;306.37;7.44;1274;25;2622.00;45
6365;20;23548935;6365;482;7638;7683;4.91;0.30;306.41;7.46;1273;25;2623.00;45
6369;20;23548948;6369;479;7639;7683;4.88;0.30;306.50;7.46;1270;25;2624.00;44
6370;20;23548961;6370;460;7640;7683;4.91;0.30;306.52;7.48;1270;25;2625.00;43
6374;20;23548974;6374;448;7640;7683;4.91;0.30;306.53;7.48;1266;25;2626.00;43
6383;20;23548989;6383;438;7640;7683;4.90;0.30;306.67;7.48;1257;25;2627.00;43
6386;20;23549001;6386;439;7647;7695;4.98;0.30;306.76;7.47;1261;25;2628.00;48
6390;20;23549017;6390;439;7647;7695;5.04;0.31;306.89;7.47;1257;25;2629.00;48
6393;20;23549030;6393;438;7648;7695;5.10;0.31;307.00;7.47;1255;25;2630.00;47
6396;20;23549044;6396;441;7648;7695;5.15;0.31;307.05;7.47;1252;25;2631.00;47
6398;20;23549057;6398;425;7648;7695;5.20;0.32;307.10;7.47;1250;25;2632.00;47
6402;20;23549071;6402;425;7648;7695;5.22;0.32;307.19;7.47;1246;25;2633.00;47
6404;20;23549089;6404;422;7651;7699;5.25;0.32;307.22;7.47;1247;25;2634.00;48
6408;20;23549103;6408;416;7652;7699;5.25;0.32;307.29;7.47;1244;25;2635.00;47
6412;20;23549116;6412;416;7655;7703;5.26;0.32;307.43;7.47;1243;25;2636.00;48
6413;20;23549131;6413;413;7655;7704;5.27;0.32;307.47;7.47;1242;25;2637.00;49
6416;20;23549145;6416;412;7655;7704;5.26;0.32;307.68;7.47;1239;25;2638.00;49
6422;20;23549159;6422;424;7655;7704;5.24;0.32;307.92;7.47;1233;25;2639.00;49
6426;20;23549181;6426;434;7674;7733;5.28;0.32;307.92;7.45;1248;25;2640.00;59
6432;20;23549197;6432;425;7676;7733;5.28;0.32;308.11;7.45;1244;25;2641.00;57
6433;20;23549212;6433;422;7678;7733;5.38;0.33;308.11;7.45;1245;25;2642.00;55
6437;20;23549225;6437;417;7680;7734;5.42;0.33;308.13;7.45;1243;25;2643.00;54
6443;20;23549240;6443;420;7680;7735;5.47;0.33;308.25;7.45;1237;25;2644.00;55
6446;20;23549255;6446;420;7681;7735;5.51;0.34;308.21;7.45;1235;25;2645.00;54
6453;20;23549268;6453;422;7682;7738;5.49;0.34;308.45;7.45;1229;25;2646.00;56
6456;20;23549283;6456;417;7682;7738;5.51;0.34;308.58;7.45;1226;25;2647.00;56
6458;20;23549298;6458;416;7683;7738;5.49;0.34;308.61;7.45;1225;25;2648.00;55
6462;20;23549311;6462;418;7683;7738;5.48;0.34;308.79;7.45;1221;25;2649.00;55
6463;20;23549325;6463;430;7688;7744;5.49;0.34;308.77;7.45;1225;25;2650.00;56
6467;20;23549340;6467;428;7689;7744;5.52;0.34;308.96;7.45;1222;25;2651.00;55
6474;20;23549354;6474;432;7689;7744;5.57;0.34;309.07;7.45;1215;25;2652.00;55
6476;20;23549372;6476;426;7689;7744;5.63;0.34;309.02;7.45;1213;25;2653.00;55
6480;20;23549387;6480;422;7693;7748;5.67;0.35;309.16;7.45;1213;25;2654.00;55
6483;20;23549401;6483;424;7694;7750;5.70;0.35;309.18;7.45;1211;25;2655.00;56
6487;20;23549415;6487;430;7696;7750;5.69;0.35;309.28;7.46;1209;25;2656.00;54
6491;20;23549429;6491;427;7697;7751;5.68;0.35;309.49;7.46;1206;25;2657.00;54
6495;20;23549443;6495;430;7697;7751;5.68;0.35;309.49;7.46;1202;25;2658.00;54
6501;20;23549457;6501;432;7700;7751;5.63;0.34;309.67;7.46;1199;25;2659.00;51
6506;20;23549470;6506;435;7700;7751;5.59;0.34;309.75;7.46;1194;25;2660.00;51
6507;20;23549485;6507;443;7701;7751;5.58;0.34;309.80;7.46;1194;25;2661.00;50
6513;20;23549499;6513;450;7701;7751;5.54;0.34;309.84;7.46;1188;25;2662.00;50
6516;20;23549512;6516;450;7703;7751;5.52;0.34;309.85;7.47;1187;25;2663.00;48
6518;20;23549526;6518;467;7736;7821;5.46;0.34;309.88;7.43;1218;25;2664.00;85
6522;20;23549546;6522;470;7738;7822;5.46;0.34;309.90;7.44;1216;25;2665.00;84
6525;20;23549561;6525;469;7742;7822;5.44;0.33;310.07;7.44;1217;25;2666.00;80
6529;20;23549574;6529;476;7745;7822;5.42;0.33;310.12;7.43;1216;25;2667.00;77
6532;20;23549589;6532;479;7750;7822;5.40;0.33;310.15;7.43;1218;25;2668.00;72
6535;20;23549602;6535;484;7753;7822;5.35;0.33;310.32;7.43;1218;25;2669.00;69
6538;20;23549618;6538;492;7755;7822;5.34;0.33;310.51;7.43;1217;25;2670.00;67
6538;20;23549632;6538;497;7761;7822;5.34;0.33;310.51;7.43;1223;25;2671.00;61
6541;20;23549646;6541;487;7761;7823;5.33;0.33;310.61;7.43;1220;25;2672.00;62
6546;20;23549662;6546;482;7763;7824;5.29;0.32;310.70;7.43;1217;25;2673.00;61
6550;20;23549677;6550;480;7766;7824;5.21;0.32;310.83;7.43;1216;25;2674.00;58
6552;20;23549690;6552;482;7771;7828;5.21;0.32;310.92;7.43;1219;25;2675.00;57
6556;20;23549704;6556;482;7774;7828;5.16;0.31;310.95;7.43;1218;25;2676.00;54
6558;20;23549719;6558;492;7774;7828;5.16;0.31;310.91;7.43;1216;25;2677.00;54
6561;20;23549733;6561;496;7774;7828;5.20;0.32;310.86;7.43;1213;25;2678.00;54
6563;20;23549747;6563;502;7779;7834;5.22;0.32;310.93;7.43;1216;25;2679.00;55
6565;20;23549762;6565;505;7779;7834;5.24;0.32;311.07;7.43;1214;25;2680.00;55
6570;20;23549775;6570;501;7779;7834;5.27;0.32;311.03;7.43;1209;26;2681.00;55
6574;20;23549799;6574;497;7782;7837;5.31;0.32;311.26;7.43;1208;26;2682.00;55
6579;20;23549814;6579;497;7782;7837;5.33;0.32;311.45;7.43;1203;26;2683.00;55
6580;20;23549826;6580;496;7782;7837;5.34;0.32;311.49;7.43;1202;26;2684.00;55
6582;20;23549840;6582;497;7782;7838;5.32;0.32;311.64;7.43;1200;26;2685.00;56
6585;20;23549855;6585;493;7783;7839;5.29;0.32;311.69;7.42;1198;26;2686.00;56
6587;20;23549868;6587;501;7783;7839;5.24;0.32;311.61;7.42;1196;26;2687.00;56
6592;20;23549881;6592;514;7793;7852;5.21;0.32;311.85;7.41;1201;26;2688.00;59
6596;20;23549895;6596;521;7795;7852;5.15;0.31;311.95;7.42;1199;26;2689.00;57
6598;20;23549909;6598;524;7796;7852;5.14;0.31;312.02;7.42;1198;26;2690.00;56
6601;20;23549921;6601;530;7797;7853;5.15;0.31;312.21;7.42;1196;26;2691.00;56
6603;20;23549934;6603;525;7798;7853;5.14;0.31;312.32;7.42;1195;26;2692.00;55
6606;20;23549948;6606;523;7803;7857;5.18;0.31;312.44;7.42;1197;26;2693.00;54
6610;20;23549962;6610;523;7803;7857;5.18;0.31;312.53;7.42;1193;26;2694.00;54
6612;20;23549974;6612;517;7806;7861;5.15;0.31;312.58;7.42;1194;26;2695.00;55
6613;20;23549989;6613;515;7806;7861;5.14;0.31;312.68;7.42;1193;26;2696.00;55
6616;20;23550003;6616;515;7806;7861;5.11;0.31;312.80;7.42;1190;26;2697.00;55
6618;20;23550021;6618;516;7806;7861;5.08;0.31;312.90;7.42;1188;26;2698.00;55
6620;20;23550034;6620;512;7806;7861;5.06;0.31;312.96;7.42;1186;26;2699.00;55
6622;20;23550052;6622;523;7833;7910;5.14;0.31;313.00;7.39;1211;26;2700.00;77
6622;20;23550075;6622;516;7834;7910;5.18;0.32;313.00;7.39;1212;26;2701.00;76
6623;20;23550091;6623;520;7837;7910;5.25;0.32;313.06;7.39;1214;26;2702.00;73
6626;20;23550105;6626;524;7837;7910;5.23;0.32;313.05;7.39;1211;26;2703.00;73
6629;20;23550118;6629;530;7840;7910;5.24;0.32;313.12;7.39;1211;26;2704.00;70
6629;20;23550132;6629;528;7840;7910;5.27;0.32;313.12;7.39;1211;26;2705.00;70
6631;20;23550146;6631;532;7842;7911;5.24;0.32;313.23;7.39;1211;26;2706.00;69
6633;20;23550159;6633;532;7842;7911;5.21;0.32;313.32;7.39;1209;26;2707.00;69
6636;20;23550171;6636;534;7846;7917;5.18;0.32;313.33;7.38;1210;26;2708.00;71
6638;20;23550185;6638;543;7847;7918;5.13;0.31;313.28;7.38;1209;26;2709.00;71
6640;20;23550198;6640;540;7847;7918;5.06;0.31;313.32;7.38;1207;26;2710.00;71
6641;20;23550211;6641;546;7849;7918;5.01;0.31;313.29;7.38;1208;26;2711.00;69
6642;20;23550225;6642;549;7852;7922;4.99;0.30;313.25;7.38;1210;26;2712.00;70
6642;20;23550237;6642;557;7852;7922;4.96;0.30;313.25;7.38;1210;26;2713.00;70
6645;20;23550250;6645;556;7852;7922;4.84;0.30;313.17;7.38;1207;26;2714.00;70
6646;20;23550269;6646;557;7853;7923;4.82;0.30;313.13;7.38;1207;26;2715.00;70
6649;20;23550282;6649;552;7856;7927;4.75;0.29;313.09;7.38;1207;26;2716.00;71
6652;20;23550295;6652;558;7858;7927;4.71;0.29;313.10;7.38;1206;26;2717.00;69
6655;20;23550307;6655;556;7860;7930;4.68;0.29;313.13;7.38;1205;26;2718.00;70
6658;20;23550321;6658;558;7860;7930;4.66;0.28;313.09;7.38;1202;26;2719.00;70
6659;20;23550334;6659;557;7861;7930;4.68;0.29;313.12;7.38;1202;26;2720.00;69
6662;20;23550346;6662;553;7861;7930;4.63;0.28;313.09;7.38;1199;26;2721.00;69
6666;20;23550359;6666;549;7864;7934;4.63;0.28;313.07;7.37;1198;26;2722.00;70
6668;20;23550371;6668;545;7866;7934;4.61;0.28;313.08;7.38;1198;26;2723.00;68
6673;20;23550385;6673;545;7866;7934;4.56;0.28;313.03;7.38;1193;26;2724.00;68
6674;20;23550397;6674;548;7866;7934;4.62;0.28;313.05;7.38;1192;26;2725.00;68
6676;20;23550410;6676;552;7866;7935;4.60;0.28;313.08;7.38;1190;26;2726.00;69
6678;20;23550422;6678;549;7867;7936;4.63;0.28;313.15;7.38;1189;26;2727.00;69
6682;20;23550435;6682;556;7867;7936;4.61;0.28;313.08;7.38;1185;26;2728.00;69
6683;20;23550447;6683;550;7871;7937;4.62;0.28;313.04;7.41;1188;26;2729.00;66
6684;20;23550463;6684;545;7872;7937;4.62;0.28;313.00;7.44;1188;26;2730.00;65
6686;20;23550474;6686;545;7872;7937;4.65;0.28;313.00;7.44;1186;26;2731.00;65
6689;20;23550488;6689;534;7874;7937;4.66;0.28;313.03;7.44;1185;26;2732.00;63
6691;20;23550500;6691;530;7874;7937;4.67;0.28;313.08;7.44;1183;26;2733.00;63
6694;20;23550512;6694;525;7874;7937;4.66;0.28;313.05;7.44;1180;26;2734.00;63
6695;20;23550524;6695;527;7875;7937;4.66;0.28;313.04;7.45;1180;26;2735.00;62
6696;20;23550535;6696;528;7938;8064;4.92;0.31;313.07;7.39;1242;26;2736.00;126
6699;20;23550557;6699;510;7941;8065;4.98;0.31;313.12;7.39;1242;26;2737.00;124
6699;20;23550570;6699;493;7948;8065;5.07;0.31;313.12;7.38;1249;26;2738.00;117
6701;20;23550585;6701;495;7952;8065;5.11;0.32;313.10;7.38;1251;26;2739.00;113
6703;20;23550599;6703;483;7957;8065;5.17;0.32;313.08;7.38;1254;26;2740.00;108
6705;20;23550612;6705;480;7961;8065;5.20;0.32;313.04;7.37;1256;26;2741.00;104
6707;20;23550626;6707;465;7964;8065;5.23;0.32;313.06;7.37;1257;26;2742.00;101
6709;20;23550645;6709;456;7968;8065;5.26;0.32;313.05;7.37;1259;26;2743.00;97
6711;20;23550659;6711;441;7969;8066;5.28;0.32;313.01;7.37;1258;26;2744.00;97
6712;20;23550672;6712;447;7974;8068;5.23;0.32;312.98;7.37;1262;26;2745.00;94
6713;20;23550687;6713;444;7975;8068;5.29;0.32;312.99;7.37;1262;26;2746.00;93
6714;20;23550701;6714;449;7978;8069;5.28;0.32;312.97;7.38;1264;26;2747.00;91
6714;20;23550715;6714;452;7981;8069;5.32;0.32;312.97;7.38;1267;26;2748.00;88
6715;20;23550728;6715;452;7984;8069;5.35;0.33;312.95;7.38;1269;26;2749.00;85
6716;20;23550742;6716;460;7987;8069;5.37;0.33;312.92;7.39;1271;26;2750.00;82
6718;20;23550761;6718;459;7994;8073;5.40;0.33;313.05;7.39;1276;26;2751.00;79
6721;20;23550775;6721;469;7997;8073;5.34;0.32;313.06;7.42;1276;26;2752.00;76
6722;20;23550789;6722;471;7998;8073;5.36;0.33;313.05;7.42;1276;26;2753.00;75
6723;20;23550803;6723;481;8001;8076;5.35;0.33;313.01;7.42;1278;26;2754.00;75
6726;20;23550817;6726;481;8005;8076;5.32;0.32;313.01;7.48;1279;26;2755.00;71
6728;20;23550831;6728;491;8007;8076;5.32;0.32;313.10;7.48;1279;26;2756.00;69
6730;20;23550845;6730;499;8010;8080;5.30;0.32;313.05;7.48;1280;26;2757.00;70
6732;20;23550859;6732;503;8013;8081;5.32;0.32;313.06;7.54;1281;26;2758.00;68
6737;20;23550872;6737;509;8015;8081;5.28;0.32;313.26;7.54;1278;26;2759.00;66
6739;20;23550888;6739;516;8019;8086;5.30;0.32;313.35;7.57;1280;26;2760.00;67
6740;20;23550903;6740;520;8020;8086;5.30;0.32;313.40;7.57;1280;26;2761.00;66
6741;20;23550916;6741;522;8020;8086;5.32;0.32;313.38;7.57;1279;26;2762.00;66
6744;20;23550930;6744;526;8022;8087;5.33;0.32;313.50;7.59;1278;26;2763.00;65
6749;20;23550944;6749;539;8022;8087;5.29;0.32;313.39;7.59;1273;26;2764.00;65
6751;20;23550958;6751;535;8027;8093;5.26;0.32;313.52;7.59;1276;26;2765.00;66
6752;20;23550971;6752;531;8027;8093;5.24;0.32;313.61;7.59;1275;26;2766.00;66
6754;20;23550985;6754;536;8028;8094;5.23;0.32;313.72;7.62;1274;26;2767.00;66
6754;20;23550998;6754;541;8028;8094;5.23;0.32;313.72;7.62;1274;26;2768.00;66
6756;20;23551012;6756;540;8030;8094;5.22;0.32;313.77;7.68;1274;26;2769.00;64
6757;20;23551026;6757;540;8030;8094;5.23;0.32;313.79;7.68;1273;26;2770.00;64
6759;20;23551038;6759;538;8030;8094;5.21;0.32;313.76;7.68;1271;26;2771.00;64
6760;20;23551051;6760;543;8043;8106;5.21;0.32;313.87;7.73;1283;26;2772.00;63
6761;20;23551065;6761;545;8043;8106;5.20;0.32;313.98;7.73;1282;26;2773.00;63
6764;20;23551078;6764;549;8045;8106;5.21;0.32;314.02;7.79;1281;26;2774.00;61
6765;20;23551092;6765;539;8045;8106;5.22;0.32;314.06;7.79;1280;26;2775.00;61
6767;20;23551105;6767;537;8047;8106;5.24;0.32;314.01;7.84;1280;26;2776.00;59
6769;20;23551119;6769;529;8047;8106;5.23;0.32;314.06;7.84;1278;26;2777.00;59
6773;20;23551132;6773;526;8050;8110;5.21;0.32;314.13;7.84;1277;26;2778.00;60
6774;20;23551154;6774;518;8052;8110;5.29;0.32;314.10;7.89;1278;26;2779.00;58
6775;20;23551167;6775;516;8057;8114;5.38;0.33;314.14;7.92;1282;26;2780.00;57
6779;20;23551186;6779;521;8059;8115;5.41;0.33;314.26;7.94;1280;26;2781.00;56
6780;20;23551200;6780;518;8059;8115;5.46;0.33;314.23;7.94;1279;26;2782.00;56
6785;20;23551220;6785;516;8059;8115;5.51;0.34;314.28;7.94;1274;26;2783.00;56
6789;20;23551234;6789;511;8071;8128;5.54;0.34;314.33;7.98;1282;26;2784.00;57
6791;20;23551251;6791;516;8071;8128;5.61;0.34;314.33;7.98;1280;26;2785.00;57
6793;20;23551265;6793;513;8074;8128;5.66;0.35;314.40;8.03;1281;26;2786.00;54
6798;20;23551278;6798;519;8076;8129;5.67;0.35;314.47;8.05;1278;26;2787.00;53
6798;20;23551293;6798;519;8077;8130;5.69;0.35;314.47;8.08;1279;26;2788.00;53
6803;20;23551306;6803;512;8077;8130;5.65;0.35;314.53;8.08;1274;26;2789.00;53
6806;20;23551323;6806;514;8082;8136;5.63;0.34;314.63;8.07;1276;26;2790.00;54
6813;20;23551337;6813;520;8084;8136;5.59;0.34;314.63;8.12;1271;26;2791.00;52
6814;20;23551351;6814;524;8085;8136;5.57;0.34;314.63;8.12;1271;26;2792.00;51
6820;20;23551365;6820;523;8085;8136;5.51;0.34;314.75;8.12;1265;26;2793.00;51
6824;20;23551378;6824;519;8090;8142;5.48;0.33;314.80;8.11;1266;26;2794.00;52
6825;20;23551393;6825;522;8090;8142;5.48;0.33;314.82;8.11;1265;26;2795.00;52
6827;20;23551406;6827;518;8090;8142;5.45;0.33;314.93;8.11;1263;26;2796.00;52
6833;20;23551420;6833;525;8094;8142;5.34;0.33;314.96;8.21;1261;26;2797.00;48
6837;20;23551434;6837;536;8097;8146;5.22;0.32;315.00;8.21;1260;26;2798.00;49
6840;20;23551447;6840;537;8098;8147;5.09;0.31;315.05;8.20;1258;26;2799.00;49
6844;20;23551468;6844;519;8098;8147;5.03;0.31;315.14;8.20;1254;26;2800.00;49
6848;20;23551486;6848;505;8099;8148;4.95;0.30;315.14;8.20;1251;26;2801.00;49
6852;20;23551500;6852;488;8099;8148;4.95;0.30;315.13;8.20;1247;26;2802.00;49
6855;20;23551513;6855;489;8099;8148;4.99;0.30;315.31;8.20;1244;26;2803.00;49
6856;20;23551527;6856;486;8099;8148;5.03;0.31;315.33;8.20;1243;26;2804.00;49
6859;20;23551540;6859;480;8099;8148;5.07;0.31;315.43;8.20;1240;26;2805.00;49
6863;20;23551553;6863;482;8099;8148;5.08;0.31;315.48;8.20;1236;26;2806.00;49
6864;20;23551568;6864;471;8099;8148;5.15;0.32;315.52;8.20;1235;26;2807.00;49
6868;20;23551580;6868;464;8135;8218;5.33;0.33;315.66;8.17;1267;26;2808.00;83
6872;20;23551600;6872;450;8140;8219;5.41;0.33;315.85;8.16;1268;26;2809.00;79
6877;20;23551615;6877;443;8145;8219;5.46;0.34;315.87;8.16;1268;26;2810.00;74
6880;20;23551629;6880;445;8148;8219;5.51;0.34;315.97;8.16;1268;26;2811.00;71
6883;20;23551644;6883;446;8149;8219;5.54;0.34;316.00;8.16;1266;26;2812.00;70
6886;20;23551658;6886;449;8150;8219;5.54;0.34;316.11;8.16;1264;26;2813.00;69
6894;20;23551678;6894;440;8152;8219;5.54;0.34;316.17;8.16;1258;26;2814.00;67
6897;21;23551693;6897;437;8153;8219;5.55;0.34;316.29;8.16;1256;27;2815.00;66
6902;21;23551724;6902;432;8154;8220;5.54;0.34;316.48;8.16;1252;27;2816.00;66
6904;21;23551739;6904;434;8156;8221;5.56;0.34;316.47;8.16;1252;27;2817.00;65
6909;21;23551754;6909;435;8158;8221;5.59;0.34;316.84;8.16;1249;27;2818.00;63
6912;21;23551768;6912;435;8161;8225;5.61;0.34;316.85;8.15;1249;27;2819.00;64
6915;21;23551785;6915;434;8161;8225;5.65;0.35;317.01;8.15;1246;27;2820.00;64
6920;21;23551800;6920;427;8162;8225;5.66;0.35;317.19;8.16;1242;27;2821.00;63
6925;21;23551814;6925;425;8163;8225;5.64;0.34;317.19;8.16;1238;27;2822.00;62
6929;21;23551829;6929;419;8167;8231;5.62;0.34;317.31;8.15;1238;27;2823.00;64
6931;21;23551843;6931;411;8169;8231;5.62;0.34;317.41;8.15;1238;27;2824.00;62
6935;21;23551857;6935;418;8169;8231;5.60;0.34;317.51;8.15;1234;27;2825.00;62
6943;21;23551872;6943;419;8171;8234;5.56;0.34;317.51;8.15;1228;27;2826.00;63
6946;21;23551886;6946;430;8172;8234;5.53;0.34;317.59;8.16;1226;27;2827.00;62
6950;21;23551900;6950;429;8172;8234;5.50;0.33;317.63;8.16;1222;27;2828.00;62
6952;21;23551914;6952;428;8173;8235;5.47;0.33;317.72;8.16;1221;27;2829.00;62
6955;21;23551930;6955;428;8175;8236;5.39;0.33;317.83;8.16;1220;27;2830.00;61
6959;21;23551945;6959;432;8176;8236;5.35;0.32;317.86;8.16;1217;27;2831.00;60
6963;21;23551957;6963;440;8184;8249;5.30;0.32;317.92;8.15;1221;27;2832.00;65
6967;21;23551973;6967;441;8185;8249;5.27;0.32;318.06;8.15;1218;27;2833.00;64
6968;21;23551987;6968;449;8187;8249;5.26;0.32;318.15;8.15;1219;27;2834.00;62
6971;21;23552000;6971;443;8189;8251;5.28;0.32;318.16;8.15;1218;27;2835.00;62
6972;21;23552015;6972;447;8191;8251;5.25;0.32;318.17;8.15;1219;27;2836.00;60
6975;21;23552031;6975;449;8194;8255;5.27;0.32;318.20;8.14;1219;27;2837.00;61
6976;21;23552046;6976;456;8194;8255;5.29;0.32;318.19;8.14;1218;27;2838.00;61
6979;21;23552060;6979;457;8197;8259;5.30;0.32;318.32;8.14;1218;27;2839.00;62
6980;21;23552073;6980;457;8198;8259;5.28;0.32;318.29;8.14;1218;27;2840.00;61
6983;21;23552087;6983;458;8198;8259;5.23;0.32;318.34;8.14;1215;27;2841.00;61
6987;21;23552101;6987;461;8200;8259;5.16;0.31;318.32;8.14;1213;27;2842.00;59
6991;21;23552115;6991;470;8200;8259;5.08;0.31;318.28;8.14;1209;27;2843.00;59
6994;21;23552129;6994;477;8211;8271;5.06;0.31;318.34;8.13;1217;27;2844.00;60
6999;21;23552143;6999;484;8211;8271;4.97;0.30;318.55;8.13;1212;27;2845.00;60
7001;21;23552156;7001;494;8211;8271;4.92;0.30;318.56;8.13;1210;27;2846.00;60
7004;21;23552169;7004;484;8211;8271;4.88;0.30;318.54;8.13;1207;27;2847.00;60
7008;21;23552183;7008;483;8211;8271;4.85;0.30;318.65;8.13;1203;27;2848.00;60
7010;21;23552196;7010;484;8211;8271;4.85;0.30;318.65;8.13;1201;27;2849.00;60
7013;21;23552213;7013;485;8213;8274;4.82;0.30;318.68;8.13;1200;27;2850.00;61
7015;21;23552226;7015;483;8213;8274;4.81;0.29;318.86;8.13;1198;27;2851.00;61
7019;21;23552240;7019;480;8218;8280;4.83;0.30;318.81;8.13;1199;27;2852.00;62
7021;21;23552254;7021;477;8219;8281;4.83;0.30;318.87;8.13;1198;27;2853.00;62
7024;21;23552269;7024;477;8219;8281;4.82;0.30;318.89;8.13;1195;27;2854.00;62
7024;21;23552283;7024;477;8219;8281;4.86;0.30;318.89;8.13;1195;27;2855.00;62
7029;21;23552296;7029;471;8222;8285;4.90;0.30;318.86;8.12;1193;27;2856.00;63
7031;21;23552311;7031;462;8222;8285;4.99;0.31;318.78;8.12;1191;27;2857.00;63
7035;21;23552324;7035;455;8222;8285;4.98;0.30;318.79;8.12;1187;27;2858.00;63
7036;21;23552344;7036;450;8223;8286;5.04;0.31;318.84;8.12;1187;27;2859.00;63
7036;21;23552358;7036;444;8226;8290;5.12;0.31;318.84;8.12;1190;27;2860.00;64
7040;21;23552373;7040;445;8226;8290;5.17;0.32;318.86;8.12;1186;27;2861.00;64
7043;21;23552387;7043;451;8228;8293;5.26;0.32;318.91;8.12;1185;27;2862.00;65
7046;21;23552403;7046;452;8228;8293;5.29;0.32;318.85;8.12;1182;27;2863.00;65
7048;21;23552416;7048;457;8231;8295;5.35;0.33;318.84;8.12;1183;27;2864.00;64
7050;21;23552432;7050;457;8231;8295;5.35;0.33;318.88;8.12;1181;27;2865.00;64
7054;21;23552446;7054;464;8235;8299;5.39;0.33;318.85;8.11;1181;27;2866.00;64
7056;21;23552461;7056;453;8235;8299;5.43;0.33;318.93;8.11;1179;27;2867.00;64
7059;21;23552474;7059;440;8235;8299;5.47;0.33;318.88;8.11;1176;27;2868.00;64
7059;21;23552490;7059;446;8235;8299;5.53;0.34;318.88;8.11;1176;27;2869.00;64
7060;21;23552504;7060;441;8235;8300;5.53;0.34;318.84;8.11;1175;27;2870.00;65
7062;21;23552517;7062;432;8236;8301;5.55;0.34;318.84;8.11;1174;27;2871.00;65
7063;21;23552532;7063;427;8236;8301;5.53;0.34;318.84;8.11;1173;27;2872.00;65
7065;21;23552546;7065;427;8237;8302;5.56;0.34;319.02;8.11;1172;27;2873.00;65
7069;21;23552561;7069;430;8237;8302;5.53;0.34;319.05;8.11;1168;27;2874.00;65
7071;21;23552573;7071;436;8237;8302;5.48;0.33;318.99;8.11;1166;27;2875.00;65
7071;21;23552587;7071;430;8237;8302;5.48;0.34;318.99;8.11;1166;27;2876.00;65
7072;21;23552600;7072;434;8237;8302;5.43;0.33;318.94;8.11;1165;27;2877.00;65
7077;21;23552613;7077;434;8237;8302;5.37;0.33;318.94;8.11;1160;27;2878.00;65
7080;21;23552626;7080;434;8237;8302;5.31;0.32;318.91;8.11;1157;27;2879.00;65
7081;21;23552641;7081;494;8359;8532;5.44;0.34;318.93;7.99;1278;27;2880.00;173
7084;21;23552673;7084;485;8362;8533;5.40;0.34;319.00;7.99;1278;27;2881.00;171
7087;21;23552688;7087;480;8372;8533;5.46;0.34;318.97;7.98;1285;27;2882.00;161
7089;21;23552703;7089;467;8377;8533;5.47;0.34;318.90;7.98;1288;27;2883.00;156
7089;21;23552732;7089;472;8384;8533;5.47;0.34;318.90;7.98;1295;27;2884.00;149
7093;21;23552750;7093;466;8388;8533;5.44;0.34;318.98;7.97;1295;27;2885.00;145
7095;21;23552764;7095;467;8396;8533;5.45;0.34;318.98;7.97;1301;27;2886.00;137
7098;21;23552777;7098;469;8401;8533;5.48;0.34;318.95;7.97;1303;27;2887.00;132
7098;21;23552798;7098;468;8408;8534;5.47;0.34;318.95;7.97;1310;27;2888.00;126
7102;21;23552811;7102;471;8410;8535;5.45;0.34;319.00;7.97;1308;27;2889.00;125
7102;21;23552827;7102;477;8414;8535;5.40;0.34;319.00;7.97;1312;27;2890.00;121
7103;21;23552840;7103;479;8418;8536;5.38;0.33;319.01;7.98;1315;27;2891.00;118
7105;21;23552855;7105;476;8421;8536;5.30;0.33;319.02;7.98;1316;27;2892.00;115
7106;21;23552870;7106;470;8424;8536;5.24;0.33;319.04;7.98;1318;27;2893.00;112
7111;21;23552884;7111;461;8425;8536;5.14;0.32;319.06;7.98;1314;27;2894.00;111
7115;21;23552899;7115;451;8428;8540;5.07;0.31;319.18;7.98;1313;27;2895.00;112
7118;21;23552913;7118;455;8430;8540;5.03;0.31;319.21;7.98;1312;27;2896.00;110
7119;21;23552929;7119;458;8431;8540;5.03;0.31;319.22;7.98;1312;27;2897.00;109
7121;21;23552943;7121;450;8432;8543;5.07;0.31;319.20;7.98;1311;27;2898.00;111
7122;21;23552960;7122;441;8433;8543;5.10;0.31;319.24;7.98;1311;27;2899.00;110
7124;21;23552987;7124;434;8433;8543;5.15;0.32;319.27;7.98;1309;27;2900.00;110
7126;21;23553005;7126;431;8436;8547;5.20;0.32;319.33;7.98;1310;27;2901.00;111
7128;21;23553027;7128;427;8437;8548;5.23;0.32;319.31;7.98;1309;27;2902.00;111
7129;21;23553042;7129;425;8437;8548;5.26;0.32;319.34;7.98;1308;27;2903.00;111
7131;21;23553058;7131;422;8439;8552;5.31;0.33;319.28;7.98;1308;27;2904.00;113
7135;21;23553072;7135;418;8442;8552;5.30;0.32;319.29;8.04;1307;27;2905.00;110
7135;21;23553090;7135;407;8442;8552;5.31;0.32;319.29;8.04;1307;27;2906.00;110
7137;21;23553104;7137;404;8442;8553;5.32;0.32;319.30;8.04;1305;27;2907.00;111
7138;21;23553120;7138;391;8445;8553;5.26;0.32;319.37;8.05;1307;27;2908.00;108
7140;21;23553135;7140;384;8450;8559;5.28;0.32;319.31;8.05;1310;27;2909.00;109
7142;21;23553152;7142;390;8450;8559;5.31;0.32;319.30;8.05;1308;27;2910.00;109
7143;21;23553173;7143;392;8451;8560;5.34;0.33;319.26;8.06;1308;27;2911.00;109
7145;21;23553188;7145;387;8452;8560;5.36;0.33;319.20;8.06;1307;27;2912.00;108
7149;21;23553202;7149;387;8453;8560;5.40;0.33;319.26;8.06;1304;27;2913.00;107
7149;21;23553217;7149;388;8453;8560;5.45;0.33;319.26;8.06;1304;27;2914.00;107
7151;21;23553231;7151;403;8455;8560;5.50;0.34;319.19;8.06;1304;27;2915.00;105
7157;21;23553245;7157;398;8463;8572;5.51;0.34;319.17;8.05;1306;27;2916.00;109
7160;21;23553261;7160;401;8464;8572;5.53;0.34;319.18;8.06;1304;27;2917.00;108
7162;21;23553275;7162;400;8467;8572;5.56;0.34;319.21;8.06;1305;27;2918.00;105
7165;21;23553290;7165;404;8467;8572;5.58;0.34;319.22;8.06;1302;27;2919.00;105
7167;21;23553304;7167;408;8469;8572;5.57;0.34;319.22;8.06;1302;27;2920.00;103
7167;21;23553319;7167;413;8469;8572;5.60;0.34;319.22;8.06;1302;27;2921.00;103
7168;21;23553334;7168;415;8475;8576;5.62;0.34;319.24;8.07;1307;27;2922.00;101
7170;21;23553349;7170;415;8475;8576;5.66;0.34;319.27;8.07;1305;27;2923.00;101
7172;21;23553364;7172;419;8479;8580;5.69;0.35;319.33;8.07;1307;27;2924.00;101
7173;21;23553380;7173;422;8482;8582;5.73;0.35;319.37;8.07;1309;27;2925.00;100
7175;21;23553395;7175;419;8484;8582;5.70;0.35;319.38;8.08;1309;27;2926.00;98
7181;21;23553410;7181;420;8486;8582;5.61;0.34;319.54;8.09;1305;27;2927.00;96
7182;21;23553425;7182;431;8496;8595;5.63;0.34;319.62;8.08;1314;27;2928.00;99
7185;21;23553440;7185;434;8497;8595;5.62;0.34;319.77;8.08;1312;27;2929.00;98
7188;21;23553455;7188;439;8499;8595;5.60;0.34;319.93;8.16;1311;27;2930.00;96
7189;21;23553470;7189;439;8501;8596;5.63;0.34;319.95;8.15;1312;27;2931.00;95
7190;21;23553485;7190;445;8502;8597;5.66;0.34;320.05;8.16;1312;27;2932.00;95
7190;21;23553501;7190;460;8504;8597;5.67;0.34;320.05;8.23;1314;27;2933.00;93
7192;21;23553516;7192;458;8507;8600;5.68;0.35;320.16;8.22;1315;27;2934.00;93
7194;21;23553532;7194;466;8508;8600;5.71;0.35;320.24;8.23;1314;27;2935.00;92
7197;21;23553546;7197;476;8509;8600;5.71;0.35;320.33;8.26;1312;27;2936.00;91
7201;21;23553560;7201;478;8510;8600;5.64;0.34;320.28;8.30;1309;27;2937.00;90
7203;21;23553575;7203;478;8519;8606;5.66;0.34;320.36;8.40;1316;27;2938.00;87
7207;21;23553590;7207;485;8520;8606;5.65;0.34;320.48;8.40;1313;27;2939.00;86
7210;21;23553607;7210;488;8521;8606;5.67;0.34;320.44;8.44;1311;27;2940.00;85
7212;21;23553622;7212;486;8522;8606;5.69;0.35;320.48;8.44;1310;27;2941.00;84
7215;21;23553637;7215;486;8526;8610;5.67;0.35;320.58;8.47;1311;27;2942.00;84
7217;21;23553652;7217;483;8527;8611;5.66;0.35;320.67;8.47;1310;27;2943.00;84
7217;21;23553668;7217;487;8530;8611;5.67;0.35;320.67;8.54;1313;27;2944.00;81
7219;21;23553688;7219;485;8532;8612;5.67;0.35;320.64;8.57;1313;27;2945.00;80
7221;21;23553702;7221;481;8533;8612;5.65;0.34;320.66;8.58;1312;27;2946.00;79
7223;21;23553717;7223;491;8533;8612;5.65;0.34;320.77;8.58;1310;27;2947.00;79
7225;21;23553731;7225;499;8534;8612;5.67;0.35;320.78;8.59;1309;27;2948.00;78
7229;21;23553747;7229;498;8537;8612;5.63;0.34;320.76;8.68;1308;27;2949.00;75
7231;21;23553761;7231;494;8538;8612;5.65;0.34;320.79;8.68;1307;27;2950.00;74
7234;21;23553777;7234;488;8540;8612;5.63;0.34;320.78;8.74;1306;27;2951.00;72
7236;21;23553793;7236;504;8587;8682;5.62;0.34;320.81;8.69;1351;27;2952.00;95
7238;21;23553814;7238;491;8590;8683;5.62;0.34;320.83;8.78;1352;27;2953.00;93
7238;21;23553829;7238;482;8595;8683;5.70;0.35;320.83;8.81;1357;27;2954.00;88
7240;21;23553845;7240;482;8598;8683;5.73;0.35;320.94;8.80;1358;27;2955.00;85
7245;21;23553859;7245;483;8602;8683;5.72;0.35;321.12;8.86;1357;27;2956.00;81
7247;21;23553875;7247;486;8604;8683;5.72;0.35;321.08;8.86;1357;27;2957.00;79
7250;21;23553890;7250;482;8609;8683;5.75;0.35;321.16;8.91;1359;27;2958.00;74
7251;21;23553906;7251;490;8611;8683;5.77;0.35;321.17;8.93;1360;27;2959.00;72
7254;21;23553927;7254;488;8612;8684;5.77;0.35;321.17;8.93;1358;27;2960.00;72
7255;21;23553943;7255;490;8614;8685;5.78;0.35;321.14;8.93;1359;27;2961.00;71
7261;21;23553959;7261;483;8615;8685;5.76;0.35;321.17;8.96;1354;27;2962.00;70
7263;21;23553974;7263;486;8618;8689;5.73;0.35;321.19;8.96;1355;27;2963.00;71
7269;21;23553990;7269;484;8620;8689;5.70;0.35;321.18;9.01;1351;27;2964.00;69
7274;21;23554006;7274;486;8620;8689;5.64;0.34;321.32;9.01;1346;27;2965.00;69
7278;21;23554022;7278;485;8622;8689;5.60;0.34;321.37;9.06;1344;27;2966.00;67
7284;21;23554038;7284;492;8626;8695;5.54;0.34;321.45;9.05;1342;27;2967.00;69
7287;21;23554053;7287;494;8626;8695;5.50;0.34;321.42;9.05;1339;27;2968.00;69
7290;21;23554068;7290;488;8628;8695;5.48;0.33;321.54;9.11;1338;27;2969.00;67
7295;21;23554084;7295;491;8631;8701;5.47;0.33;321.69;9.10;1336;27;2970.00;70
7301;21;23554100;7301;486;8633;8701;5.43;0.33;321.78;9.15;1332;27;2971.00;68
7303;21;23554115;7303;491;8635;8701;5.38;0.33;321.87;9.15;1332;27;2972.00;66
7309;21;23554130;7309;500;8635;8702;5.24;0.32;322.08;9.15;1326;27;2973.00;67
7314;21;23554145;7314;500;8636;8703;5.18;0.32;322.10;9.15;1322;27;2974.00;67
7319;21;23554159;7319;497;8636;8703;5.10;0.31;322.25;9.15;1317;27;2975.00;67
7323;21;23554174;7323;492;8646;8716;5.09;0.31;322.20;9.14;1323;27;2976.00;70
7325;21;23554190;7325;495;8646;8716;5.10;0.31;322.18;9.14;1321;27;2977.00;70
7328;21;23554204;7328;494;8646;8716;5.13;0.31;322.25;9.14;1318;27;2978.00;70
7334;21;23554218;7334;485;8647;8717;5.12;0.31;322.41;9.14;1313;27;2979.00;70
7338;21;23554234;7338;494;8647;8717;5.13;0.31;322.53;9.14;1309;27;2980.00;70
7340;21;23554249;7340;489;8650;8721;5.24;0.32;322.65;9.14;1310;27;2981.00;71
7343;21;23554265;7343;482;8650;8721;5.30;0.32;322.70;9.14;1307;27;2982.00;71
7347;21;23554279;7347;479;8653;8725;5.33;0.32;322.69;9.14;1306;27;2983.00;72
7348;21;23554295;7348;470;8653;8725;5.38;0.33;322.74;9.14;1305;27;2984.00;72
7351;21;23554310;7351;464;8654;8725;5.37;0.33;322.85;9.14;1303;27;2985.00;71
7354;21;23554325;7354;454;8654;8725;5.42;0.33;322.96;9.14;1300;27;2986.00;71
7356;21;23554340;7356;455;8654;8725;5.46;0.33;323.10;9.14;1298;27;2987.00;71
7362;21;23554355;7362;448;8663;8737;5.52;0.34;323.16;9.13;1301;27;2988.00;74
7365;21;23554371;7365;452;8663;8737;5.55;0.34;323.15;9.13;1298;27;2989.00;74
7371;21;23554386;7371;458;8663;8737;5.55;0.34;323.25;9.13;1292;27;2990.00;74
7379;21;23554401;7379;460;8666;8737;5.50;0.33;323.47;9.14;1287;27;2991.00;71
7381;21;23554416;7381;472;8666;8737;5.48;0.33;323.50;9.14;1285;27;2992.00;71
7385;21;23554431;7385;471;8666;8737;5.46;0.33;323.65;9.14;1281;27;2993.00;71
7390;21;23554445;7390;469;8666;8738;5.41;0.33;323.83;9.14;1276;27;2994.00;72
7393;21;23554460;7393;469;8666;8738;5.39;0.33;323.88;9.14;1273;27;2995.00;72
7397;21;23554476;7397;471;8671;8744;5.40;0.33;324.10;9.14;1274;27;2996.00;73
7402;21;23554491;7402;480;8671;8745;5.35;0.33;324.19;9.14;1269;27;2997.00;74
7410;21;23554506;7410;489;8672;8745;5.26;0.32;324.40;9.14;1262;27;2998.00;73
7415;21;23554521;7415;500;8672;8745;5.19;0.31;324.64;9.14;1257;27;2999.00;73
7418;21;23554538;7418;517;8681;8765;5.14;0.31;324.68;9.13;1263;27;3000.00;84
7426;21;23554558;7426;519;8681;8765;5.04;0.31;324.90;9.13;1255;27;3001.00;84
7427;21;23554573;7427;525;8683;8765;4.99;0.30;324.93;9.13;1256;27;3002.00;82
7434;21;23554586;7434;527;8684;8766;4.93;0.30;325.12;9.13;1250;27;3003.00;82
7437;21;23554601;7437;528;8689;8770;4.89;0.30;325.14;9.13;1252;27;3004.00;81
7439;21;23554616;7439;543;8690;8770;4.83;0.29;325.15;9.13;1251;27;3005.00;80
7441;21;23554630;7441;540;8693;8773;4.83;0.29;325.13;9.13;1252;27;3006.00;80
7444;21;23554644;7444;542;8694;8773;4.81;0.29;325.15;9.13;1250;27;3007.00;79
7447;21;23554657;7447;544;8694;8773;4.79;0.29;325.09;9.13;1247;27;3008.00;79
7451;21;23554671;7451;533;8696;8773;4.69;0.28;325.02;9.13;1245;27;3009.00;77
7457;21;23554684;7457;540;8700;8777;4.61;0.28;325.00;9.13;1243;27;3010.00;77
7458;21;23554699;7458;540;8701;8777;4.60;0.28;325.01;9.13;1243;27;3011.00;76
7461;21;23554713;7461;541;8702;8777;4.60;0.28;325.07;9.13;1241;27;3012.00;75
7464;21;23554726;7464;545;8702;8777;4.61;0.28;325.07;9.13;1238;27;3013.00;75
7466;21;23554740;7466;550;8702;8778;4.65;0.28;325.08;9.13;1236;27;3014.00;76
7467;21;23554753;7467;553;8705;8780;4.70;0.29;325.09;9.13;1238;27;3015.00;75
7469;21;23554767;7469;558;8706;8780;4.68;0.29;325.12;9.13;1237;27;3016.00;74
7471;21;23554780;7471;562;8707;8781;4.70;0.29;325.09;9.13;1236;27;3017.00;74
7474;21;23554793;7474;571;8707;8781;4.69;0.29;325.08;9.13;1233;27;3018.00;74
7478;21;23554806;7478;572;8707;8781;4.66;0.29;325.17;9.13;1229;27;3019.00;74
7482;21;23554819;7482;576;8707;8781;4.59;0.28;325.13;9.13;1225;27;3020.00;74
7488;21;23554832;7488;581;8707;8781;4.50;0.28;325.30;9.13;1219;27;3021.00;74
7491;21;23554845;7491;573;8708;8781;4.44;0.27;325.32;9.13;1217;27;3022.00;73
7495;21;23554859;7495;573;8708;8781;4.39;0.27;325.30;9.13;1213;27;3023.00;73
7497;21;23554873;7497;580;8778;8908;4.76;0.30;325.27;9.05;1281;27;3024.00;130
7501;21;23554899;7501;573;8780;8909;4.72;0.29;325.37;9.05;1279;27;3025.00;129
7502;21;23554913;7502;564;8786;8909;4.71;0.29;325.34;9.05;1284;27;3026.00;123
7504;21;23554927;7504;566;8789;8909;4.68;0.29;325.31;9.05;1285;27;3027.00;120
7504;21;23554940;7504;568;8795;8909;4.71;0.29;325.31;9.04;1291;27;3028.00;114
7504;21;23554954;7504;562;8798;8909;4.71;0.29;325.31;9.04;1294;27;3029.00;111
7505;21;23554969;7505;564;8801;8909;4.72;0.29;325.29;9.04;1296;27;3030.00;108
7507;21;23554983;7507;564;8804;8909;4.73;0.29;325.22;9.04;1297;28;3031.00;105
7509;21;23555008;7509;551;8807;8910;4.72;0.29;325.20;9.04;1298;28;3032.00;103
7510;21;23555025;7510;556;8811;8911;4.74;0.29;325.18;9.04;1301;28;3033.00;100
7514;21;23555040;7514;553;8813;8911;4.72;0.29;325.14;9.04;1299;28;3034.00;98
7517;21;23555054;7517;544;8817;8912;4.72;0.29;325.08;9.05;1300;28;3035.00;95
7521;21;23555070;7521;540;8819;8912;4.72;0.29;325.11;9.05;1298;28;3036.00;93
7522;21;23555084;7522;541;8820;8912;4.74;0.29;325.09;9.05;1298;28;3037.00;92
7525;21;23555098;7525;541;8824;8912;4.76;0.29;325.04;9.05;1299;28;3038.00;88
7525;21;23555113;7525;540;8827;8916;4.78;0.29;325.04;9.05;1302;28;3039.00;89
7528;21;23555127;7528;547;8829;8916;4.80;0.30;325.02;9.05;1301;28;3040.00;87
7529;21;23555142;7529;548;8829;8916;4.79;0.29;325.04;9.05;1300;28;3041.00;87
7531;21;23555157;7531;557;8831;8919;4.79;0.29;325.09;9.04;1300;28;3042.00;88
7532;21;23555172;7532;547;8832;8919;4.84;0.30;325.13;9.05;1300;28;3043.00;87
7534;21;23555186;7534;556;8832;8919;4.82;0.30;325.21;9.05;1298;28;3044.00;87
7537;21;23555207;7537;553;8836;8923;4.82;0.30;325.29;9.04;1299;28;3045.00;87
7539;21;23555222;7539;558;8838;8924;4.87;0.30;325.29;9.05;1299;28;3046.00;86
7541;21;23555237;7541;557;8840;8924;4.88;0.30;325.22;9.05;1299;28;3047.00;84
7543;21;23555251;7543;562;8841;8928;4.88;0.30;325.22;9.04;1298;28;3048.00;87
7543;21;23555265;7543;557;8842;8928;4.89;0.30;325.22;9.04;1299;28;3049.00;86
7545;21;23555280;7545;551;8843;8928;4.88;0.30;325.21;9.04;1298;28;3050.00;85
7549;21;23555295;7549;545;8844;8929;4.85;0.30;325.25;9.04;1295;28;3051.00;85
7549;21;23555310;7549;542;8844;8929;4.86;0.30;325.25;9.04;1295;28;3052.00;85
7551;21;23555325;7551;548;8849;8935;4.85;0.30;325.19;9.04;1298;28;3053.00;86
7557;21;23555340;7557;541;8849;8935;4.80;0.29;325.14;9.04;1292;28;3054.00;86
7557;21;23555356;7557;537;8849;8936;4.80;0.29;325.14;9.04;1292;28;3055.00;87
7560;21;23555371;7560;537;8849;8936;4.78;0.29;325.14;9.04;1289;28;3056.00;87
7562;21;23555398;7562;534;8849;8936;4.78;0.29;325.14;9.04;1287;28;3057.00;87
7562;21;23555413;7562;539;8849;8936;4.80;0.29;325.14;9.04;1287;28;3058.00;87
7563;21;23555428;7563;540;8849;8936;4.78;0.29;325.17;9.04;1286;28;3059.00;87
7563;21;23555443;7563;532;8872;8972;4.89;0.30;325.17;9.01;1309;28;3060.00;100
7564;21;23555461;7564;531;8873;8972;4.91;0.30;325.16;9.01;1309;28;3061.00;99
7565;21;23555475;7565;534;8876;8972;4.94;0.30;325.20;9.01;1311;28;3062.00;96
7565;21;23555489;7565;535;8876;8972;4.96;0.30;325.20;9.01;1311;28;3063.00;96
7568;21;23555504;7568;532;8877;8972;4.99;0.30;325.21;9.01;1309;28;3064.00;95
7570;21;23555518;7570;526;8877;8972;5.01;0.30;325.20;9.01;1307;28;3065.00;95
7570;21;23555533;7570;531;8881;8976;5.06;0.31;325.20;9.01;1311;28;3066.00;95
7571;21;23555549;7571;527;8881;8976;5.08;0.31;325.26;9.01;1310;28;3067.00;95
7574;21;23555564;7574;521;8884;8980;5.14;0.31;325.25;9.00;1310;28;3068.00;96
7576;21;23555580;7576;516;8885;8981;5.21;0.32;325.25;9.00;1309;28;3069.00;96
7577;21;23555596;7577;509;8885;8981;5.26;0.32;325.24;9.00;1308;28;3070.00;96
7578;21;23555610;7578;495;8885;8981;5.28;0.32;325.21;9.00;1307;28;3071.00;96
7579;21;23555626;7579;487;8894;8994;5.36;0.33;325.21;8.99;1315;28;3072.00;100
7580;21;23555642;7580;479;8894;8994;5.42;0.33;325.26;8.99;1314;28;3073.00;100
7582;21;23555657;7582;471;8894;8994;5.48;0.33;325.28;8.99;1312;28;3074.00;100
7586;21;23555671;7586;465;8895;8995;5.49;0.33;325.30;8.99;1309;28;3075.00;100
7587;21;23555687;7587;463;8895;8996;5.53;0.34;325.28;8.99;1308;28;3076.00;101
7593;21;23555701;7593;459;8895;8996;5.52;0.33;325.25;8.99;1302;28;3077.00;101
7595;21;23555717;7595;461;8897;8999;5.57;0.34;325.39;8.99;1302;28;3078.00;102
7599;21;23555732;7599;453;8898;8999;5.59;0.34;325.39;8.99;1299;28;3079.00;101
7600;21;23555748;7600;446;8900;8999;5.63;0.34;325.46;9.06;1300;28;3080.00;99
7604;21;23555764;7604;444;8900;8999;5.63;0.34;325.70;9.06;1296;28;3081.00;99
7606;21;23555780;7606;437;8904;9005;5.71;0.35;325.71;9.06;1298;28;3082.00;101
7608;21;23555801;7608;428;8904;9005;5.71;0.35;325.75;9.06;1296;28;3083.00;101
7612;21;23555815;7612;415;8905;9005;5.74;0.35;325.79;9.06;1293;28;3084.00;100
7616;21;23555831;7616;419;8905;9005;5.75;0.35;325.85;9.06;1289;28;3085.00;100
7617;21;23555846;7617;422;8908;9009;5.82;0.35;325.88;9.06;1291;28;3086.00;101
7619;21;23555861;7619;428;8909;9010;5.86;0.36;325.95;9.05;1290;28;3087.00;101
7622;21;23555876;7622;430;8910;9010;5.92;0.36;325.98;9.06;1288;28;3088.00;100
7625;21;23555891;7625;424;8911;9011;5.99;0.36;325.92;9.06;1286;28;3089.00;100
7628;21;23555908;7628;421;8911;9011;5.93;0.36;325.95;9.06;1283;28;3090.00;100
7632;21;23555930;7632;422;8911;9011;5.91;0.36;326.01;9.06;1279;28;3091.00;100
7634;21;23555945;7634;419;8911;9011;5.91;0.36;326.08;9.06;1277;28;3092.00;100
7636;21;23555960;7636;421;8912;9011;5.93;0.36;326.11;9.06;1276;28;3093.00;99
7640;21;23555975;7640;420;8912;9011;5.92;0.36;326.29;9.06;1272;28;3094.00;99
7641;21;23555990;7641;422;8912;9011;5.92;0.36;326.29;9.06;1271;28;3095.00;99
7644;21;23556004;7644;433;8946;9081;6.00;0.36;326.35;9.03;1302;28;3096.00;135
7646;21;23556026;7646;433;8947;9082;5.96;0.36;326.40;9.03;1301;28;3097.00;135
7650;21;23556041;7650;433;8954;9082;5.96;0.36;326.56;9.03;1304;28;3098.00;128
7651;21;23556057;7651;435;8956;9082;5.93;0.36;326.56;9.03;1305;28;3099.00;126
7653;21;23556073;7653;436;8961;9082;5.90;0.36;326.59;9.02;1308;28;3100.00;121
7655;21;23556092;7655;430;8963;9082;5.88;0.36;326.73;9.02;1308;28;3101.00;119
7656;21;23556107;7656;437;8966;9082;5.89;0.36;326.72;9.02;1310;28;3102.00;116
7660;21;23556121;7660;431;8970;9082;5.86;0.36;326.84;9.02;1310;28;3103.00;112
7664;21;23556137;7664;441;8972;9083;5.86;0.36;326.86;9.02;1308;28;3104.00;111
7666;21;23556153;7666;443;8976;9085;5.85;0.36;327.03;9.02;1310;28;3105.00;109
7669;21;23556168;7669;443;8981;9085;5.86;0.36;326.94;9.06;1312;28;3106.00;104
7670;22;23556183;7670;457;8986;9089;5.86;0.36;327.03;9.06;1316;29;3107.00;103
7672;22;23556215;7672;453;8988;9089;5.82;0.35;327.07;9.09;1316;29;3108.00;101
7674;22;23556230;7674;458;8989;9089;5.78;0.35;327.15;9.09;1315;29;3109.00;100
7678;22;23556245;7678;455;8990;9089;5.74;0.35;327.23;9.09;1312;29;3110.00;99
7681;22;23556260;7681;466;8996;9095;5.76;0.35;327.25;9.12;1315;29;3111.00;99
7683;22;23556275;7683;469;8996;9095;5.73;0.35;327.30;9.12;1313;29;3112.00;99
7684;22;23556290;7684;472;8996;9095;5.76;0.35;327.36;9.12;1312;29;3113.00;99
7686;22;23556306;7686;479;9000;9098;5.80;0.35;327.35;9.16;1314;29;3114.00;98
7689;22;23556321;7689;479;9000;9098;5.78;0.35;327.47;9.16;1311;29;3115.00;98
7694;22;23556336;7694;485;9002;9098;5.79;0.35;327.51;9.23;1308;29;3116.00;96
7694;22;23556351;7694;477;9003;9099;5.81;0.35;327.51;9.26;1309;29;3117.00;96
7696;22;23556366;7696;486;9004;9100;5.82;0.35;327.63;9.26;1308;29;3118.00;96
7701;22;23556381;7701;485;9005;9100;5.81;0.35;327.59;9.30;1304;29;3119.00;95
7703;22;23556398;7703;486;9023;9126;5.87;0.36;327.63;9.28;1320;29;3120.00;103
7706;22;23556416;7706;484;9025;9126;5.89;0.36;327.68;9.28;1319;29;3121.00;101
7708;22;23556431;7708;477;9028;9126;5.92;0.36;327.81;9.34;1320;29;3122.00;98
7710;22;23556447;7710;472;9031;9127;5.94;0.36;327.98;9.37;1321;29;3123.00;96
7712;22;23556462;7712;465;9031;9127;5.87;0.36;328.05;9.37;1319;29;3124.00;96
7714;22;23556477;7714;465;9036;9131;5.85;0.36;328.16;9.41;1322;29;3125.00;95
7717;22;23556492;7717;462;9036;9131;5.82;0.35;328.31;9.41;1319;29;3126.00;95
7719;22;23556507;7719;464;9039;9135;5.81;0.35;328.32;9.40;1320;29;3127.00;96
7722;22;23556522;7722;467;9041;9135;5.76;0.35;328.39;9.47;1319;29;3128.00;94
7726;22;23556537;7726;463;9041;9135;5.73;0.35;328.37;9.47;1315;29;3129.00;94
7728;22;23556551;7728;467;9041;9135;5.73;0.35;328.37;9.47;1313;29;3130.00;94
7730;22;23556566;7730;470;9043;9135;5.68;0.35;328.39;9.53;1313;29;3131.00;92
7731;22;23556582;7731;482;9053;9147;5.70;0.35;328.41;9.52;1322;29;3132.00;94
7733;22;23556597;7733;481;9053;9147;5.62;0.34;328.35;9.52;1320;29;3133.00;94
7737;22;23556612;7737;477;9054;9147;5.61;0.34;328.43;9.52;1317;29;3134.00;93
7740;22;23556627;7740;484;9054;9147;5.61;0.34;328.42;9.52;1314;29;3135.00;93
7742;22;23556641;7742;485;9054;9147;5.59;0.34;328.38;9.52;1312;29;3136.00;93
7746;22;23556655;7746;486;9054;9147;5.53;0.34;328.49;9.52;1308;29;3137.00;93
7749;22;23556670;7749;498;9054;9148;5.50;0.34;328.55;9.52;1305;29;3138.00;94
7752;22;23556683;7752;493;9054;9148;5.46;0.33;328.69;9.52;1302;29;3139.00;94
7755;22;23556698;7755;503;9059;9154;5.47;0.33;328.71;9.52;1304;29;3140.00;95
7759;22;23556712;7759;500;9060;9155;5.43;0.33;328.86;9.52;1301;29;3141.00;95
7763;22;23556727;7763;511;9060;9155;5.37;0.33;329.03;9.52;1297;29;3142.00;95
7765;22;23556741;7765;522;9060;9155;5.32;0.32;329.04;9.52;1295;29;3143.00;95
7771;22;23556755;7771;527;9063;9159;5.24;0.32;329.12;9.51;1292;29;3144.00;96
7775;22;23556769;7775;523;9063;9159;5.18;0.32;329.22;9.51;1288;29;3145.00;96
7779;22;23556782;7779;522;9063;9159;5.12;0.31;329.23;9.51;1284;29;3146.00;96
7782;22;23556797;7782;524;9064;9160;5.07;0.31;329.25;9.51;1282;29;3147.00;96
7785;22;23556810;7785;536;9067;9164;4.97;0.30;329.29;9.51;1282;29;3148.00;97
7787;22;23556823;7787;528;9067;9164;4.90;0.30;329.33;9.51;1280;29;3149.00;97
7792;22;23556838;7792;524;9071;9170;4.90;0.30;329.40;9.50;1279;29;3150.00;99
7796;22;23556852;7796;523;9071;9170;4.88;0.30;329.48;9.50;1275;29;3151.00;99
7801;22;23556865;7801;519;9073;9170;4.88;0.30;329.58;9.50;1272;29;3152.00;97
7805;22;23556879;7805;512;9073;9170;4.89;0.30;329.68;9.50;1268;29;3153.00;97
7805;22;23556891;7805;519;9077;9174;4.98;0.30;329.68;9.50;1272;29;3154.00;97
7808;22;23556906;7808;517;9077;9174;4.97;0.30;329.74;9.50;1269;29;3155.00;97
7812;22;23556919;7812;517;9077;9174;4.95;0.30;329.83;9.50;1265;29;3156.00;97
7815;22;23556934;7815;511;9077;9174;4.95;0.30;329.84;9.50;1262;29;3157.00;97
7819;22;23556947;7819;503;9077;9175;4.94;0.30;329.85;9.50;1258;29;3158.00;98
7822;22;23556961;7822;494;9078;9176;4.97;0.30;329.91;9.50;1256;29;3159.00;98
7827;22;23556974;7827;485;9078;9176;4.96;0.30;330.05;9.50;1251;29;3160.00;98
7829;22;23556987;7829;481;9079;9177;5.02;0.31;330.11;9.50;1250;29;3161.00;98
7831;22;23557000;7831;477;9079;9177;5.03;0.31;330.29;9.50;1248;29;3162.00;98
7837;22;23557014;7837;478;9079;9177;4.98;0.31;330.21;9.50;1242;29;3163.00;98
7843;22;23557029;7843;477;9079;9177;4.96;0.30;330.33;9.50;1236;29;3164.00;98
7845;22;23557042;7845;482;9079;9177;4.95;0.30;330.38;9.50;1234;29;3165.00;98
7849;22;23557054;7849;485;9079;9177;4.95;0.30;330.51;9.50;1230;29;3166.00;98
7857;22;23557068;7857;485;9079;9177;4.94;0.30;330.57;9.50;1222;29;3167.00;98
7861;22;23557082;7861;490;9141;9304;5.36;0.33;330.62;9.43;1280;29;3168.00;163
7865;22;23557105;7865;492;9146;9305;5.33;0.33;330.66;9.43;1281;29;3169.00;159
7869;22;23557120;7869;497;9158;9305;5.38;0.33;330.65;9.42;1289;29;3170.00;147
7876;22;23557134;7876;504;9158;9305;5.31;0.33;330.64;9.42;1282;29;3171.00;147
7878;22;23557148;7878;504;9165;9305;5.25;0.33;330.74;9.41;1287;29;3172.00;140
7885;22;23557163;7885;511;9167;9305;5.12;0.32;330.95;9.41;1282;29;3173.00;138
7890;22;23557178;7890;510;9170;9305;5.03;0.31;331.00;9.41;1280;29;3174.00;135
7895;22;23557191;7895;513;9172;9305;4.90;0.30;331.03;9.41;1277;29;3175.00;133
7897;22;23557212;7897;525;9174;9306;4.84;0.30;331.10;9.41;1277;29;3176.00;132
7901;22;23557227;7901;528;9177;9307;4.82;0.30;331.11;9.41;1276;29;3177.00;130
7908;22;23557241;7908;528;9179;9307;4.73;0.29;331.05;9.41;1271;29;3178.00;128
7916;22;23557254;7916;539;9180;9308;4.64;0.29;331.10;9.41;1264;29;3179.00;128
7917;22;23557270;7917;552;9184;9308;4.63;0.29;331.07;9.41;1267;29;3180.00;124
7920;22;23557284;7920;557;9186;9308;4.60;0.28;331.11;9.41;1266;29;3181.00;122
7921;22;23557297;7921;560;9187;9308;4.56;0.28;331.08;9.41;1266;29;3182.00;121
7923;22;23557312;7923;564;9192;9312;4.51;0.28;331.13;9.41;1269;29;3183.00;120
7928;22;23557325;7928;559;9193;9312;4.44;0.27;331.21;9.41;1265;29;3184.00;119
7931;22;23557338;7931;558;9195;9312;4.37;0.27;331.18;9.42;1264;29;3185.00;117
7934;22;23557352;7934;572;9198;9315;4.33;0.27;331.20;9.42;1264;29;3186.00;117
7938;22;23557366;7938;572;9199;9315;4.31;0.27;331.15;9.42;1261;29;3187.00;116
7940;22;23557380;7940;567;9201;9315;4.32;0.27;331.13;9.42;1261;29;3188.00;114
7944;22;23557393;7944;571;9204;9319;4.31;0.27;331.19;9.41;1260;29;3189.00;115
7946;22;23557413;7946;572;9206;9320;4.33;0.27;331.30;9.41;1260;29;3190.00;114
7947;22;23557426;7947;576;9209;9322;4.31;0.27;331.27;9.41;1262;29;3191.00;113
7951;22;23557440;7951;577;9213;9326;4.32;0.27;331.24;9.41;1262;29;3192.00;113
7955;22;23557454;7955;584;9214;9326;4.31;0.27;331.21;9.41;1259;29;3193.00;112
7959;22;23557467;7959;584;9215;9326;4.26;0.26;331.10;9.41;1256;29;3194.00;111
7960;22;23557481;7960;586;9217;9328;4.25;0.26;331.11;9.41;1257;29;3195.00;111
7962;22;23557501;7962;582;9218;9328;4.22;0.26;331.13;9.44;1256;29;3196.00;110
7967;22;23557520;7967;569;9223;9334;4.22;0.26;331.24;9.44;1256;29;3197.00;111
7972;22;23557535;7972;567;9223;9334;4.18;0.26;331.18;9.44;1251;29;3198.00;111
7975;22;23557549;7975;559;9223;9335;4.11;0.25;331.11;9.44;1248;29;3199.00;112
7978;22;23557563;7978;558;9223;9335;4.08;0.25;331.00;9.44;1245;29;3200.00;112
7978;22;23557579;7978;558;9223;9335;4.12;0.25;331.00;9.44;1245;29;3201.00;112
7981;22;23557592;7981;558;9223;9335;4.07;0.25;330.97;9.44;1242;29;3202.00;112
7983;22;23557605;7983;561;9223;9335;4.02;0.25;330.97;9.44;1240;29;3203.00;112
7983;22;23557618;7983;571;9232;9347;4.11;0.25;330.97;9.43;1249;29;3204.00;115
7985;22;23557632;7985;571;9232;9347;4.09;0.25;330.93;9.43;1247;29;3205.00;115
7987;22;23557653;7987;567;9234;9347;4.08;0.25;331.03;9.43;1247;29;3206.00;113
7988;22;23557666;7988;544;9234;9347;4.14;0.25;331.04;9.43;1246;29;3207.00;113
7989;22;23557680;7989;530;9234;9347;4.19;0.25;331.05;9.43;1245;29;3208.00;113
7990;22;23557692;7990;511;9234;9347;4.27;0.26;331.05;9.43;1244;29;3209.00;113
7991;22;23557708;7991;510;9237;9351;4.40;0.27;331.05;9.42;1246;29;3210.00;114
7992;22;23557730;7992;494;9237;9351;4.53;0.28;331.03;9.42;1245;29;3211.00;114
7996;22;23557744;7996;489;9241;9355;4.64;0.28;331.14;9.42;1245;29;3212.00;114
7996;22;23557759;7996;482;9243;9356;4.75;0.29;331.14;9.46;1247;29;3213.00;113
7997;22;23557779;7997;478;9243;9356;4.84;0.29;331.12;9.46;1246;29;3214.00;113
7997;22;23557792;7997;480;9243;9356;4.90;0.30;331.12;9.46;1246;29;3215.00;113
7997;22;23557808;7997;477;9254;9369;5.05;0.31;331.12;9.44;1257;29;3216.00;115
7999;22;23557824;7999;472;9254;9369;5.12;0.31;331.14;9.44;1255;29;3217.00;115
8001;22;23557839;8001;469;9254;9369;5.21;0.32;331.11;9.44;1253;29;3218.00;115
8002;22;23557855;8002;461;9255;9370;5.36;0.33;331.14;9.44;1253;29;3219.00;115
8005;22;23557870;8005;450;9255;9371;5.45;0.33;331.20;9.44;1250;29;3220.00;116
8006;22;23557885;8006;446;9255;9371;5.59;0.34;331.22;9.44;1249;29;3221.00;116
8006;22;23557901;8006;437;9257;9374;5.74;0.35;331.22;9.44;1251;29;3222.00;117
8008;22;23557917;8008;435;9257;9374;5.82;0.35;331.23;9.44;1249;29;3223.00;117
8008;22;23557933;8008;436;9258;9374;5.94;0.36;331.23;9.44;1250;29;3224.00;116
8009;22;23557947;8009;443;9258;9374;5.98;0.36;331.26;9.44;1249;29;3225.00;116
8011;22;23557962;8011;444;9263;9380;6.04;0.37;331.25;9.44;1252;29;3226.00;117
8012;22;23557979;8012;444;9263;9380;6.09;0.37;331.25;9.44;1251;29;3227.00;117
8015;22;23557993;8015;438;9263;9380;6.09;0.37;331.37;9.44;1248;29;3228.00;117
8019;22;23558009;8019;438;9263;9380;6.06;0.37;331.40;9.44;1244;29;3229.00;117
8021;22;23558028;8021;439;9266;9384;6.07;0.37;331.43;9.43;1245;29;3230.00;118
8023;22;23558050;8023;444;9267;9385;6.07;0.37;331.38;9.43;1244;29;3231.00;118
8028;22;23558065;8028;444;9267;9385;6.04;0.37;331.48;9.43;1239;29;3232.00;118
8031;22;23558081;8031;446;9268;9386;6.07;0.37;331.41;9.43;1237;29;3233.00;118
8032;22;23558096;8032;446;9268;9386;6.09;0.37;331.39;9.43;1236;29;3234.00;118
8033;22;23558119;8033;452;9268;9386;6.10;0.37;331.38;9.43;1235;29;3235.00;118
8035;22;23558136;8035;454;9268;9386;6.11;0.37;331.36;9.43;1233;29;3236.00;118
8035;22;23558154;8035;450;9268;9386;6.11;0.37;331.36;9.43;1233;29;3237.00;118
8036;22;23558168;8036;450;9268;9386;6.12;0.37;331.37;9.43;1232;29;3238.00;118
8037;22;23558183;8037;448;9268;9386;6.10;0.37;331.47;9.43;1231;29;3239.00;118
8039;22;23558200;8039;461;9332;9511;6.11;0.37;331.55;9.37;1293;29;3240.00;179
8041;22;23558224;8041;447;9332;9512;6.14;0.38;331.57;9.37;1291;29;3241.00;180
8043;22;23558240;8043;435;9340;9512;6.22;0.38;331.61;9.36;1297;29;3242.00;172
8046;22;23558255;8046;419;9342;9512;6.25;0.38;331.63;9.36;1296;29;3243.00;170
8047;22;23558271;8047;419;9349;9512;6.31;0.38;331.65;9.35;1302;29;3244.00;163
8053;22;23558286;8053;419;9350;9512;6.28;0.38;331.71;9.35;1297;29;3245.00;162
8054;22;23558301;8054;416;9354;9512;6.25;0.38;331.70;9.35;1300;29;3246.00;158
8057;22;23558317;8057;416;9357;9512;6.27;0.38;331.76;9.35;1300;29;3247.00;155
8059;22;23558332;8059;415;9361;9513;6.31;0.38;331.73;9.35;1302;29;3248.00;152
8060;22;23558349;8060;412;9365;9514;6.35;0.39;331.72;9.35;1305;29;3249.00;149
8062;22;23558365;8062;406;9367;9514;6.34;0.39;331.78;9.35;1305;29;3250.00;147
8066;22;23558385;8066;405;9372;9518;6.28;0.38;331.86;9.35;1306;29;3251.00;146
8070;22;23558402;8070;410;9373;9518;6.22;0.38;332.00;9.35;1303;29;3252.00;145
8074;22;23558417;8074;416;9373;9518;6.14;0.37;332.04;9.35;1299;29;3253.00;145
8074;22;23558433;8074;404;9373;9518;6.10;0.37;332.04;9.35;1299;29;3254.00;145
8078;22;23558448;8078;404;9378;9524;6.04;0.37;332.11;9.43;1300;29;3255.00;146
8082;22;23558468;8082;407;9378;9524;6.00;0.36;332.12;9.43;1296;29;3256.00;146
8084;22;23558490;8084;398;9378;9524;5.98;0.36;332.18;9.43;1294;29;3257.00;146
8087;22;23558507;8087;409;9383;9527;5.98;0.36;332.17;9.43;1296;29;3258.00;144
8088;22;23558524;8088;409;9383;9527;6.02;0.37;332.18;9.43;1295;29;3259.00;144
8092;22;23558539;8092;407;9383;9527;6.01;0.36;332.17;9.43;1291;29;3260.00;144
8094;22;23558555;8094;411;9383;9528;6.00;0.36;332.26;9.43;1289;29;3261.00;145
8095;22;23558571;8095;413;9385;9529;6.06;0.37;332.30;9.43;1290;29;3262.00;144
8097;22;23558587;8097;406;9385;9529;6.07;0.37;332.41;9.43;1288;29;3263.00;144
8098;22;23558602;8098;403;9395;9542;6.06;0.37;332.40;9.45;1297;29;3264.00;147
8100;22;23558619;8100;399;9396;9542;6.06;0.37;332.44;9.45;1296;29;3265.00;146
8104;22;23558635;8104;397;9396;9542;6.04;0.37;332.52;9.45;1292;29;3266.00;146
8106;22;23558651;8106;394;9397;9543;6.04;0.37;332.46;9.45;1291;29;3267.00;146
8109;22;23558667;8109;394;9397;9543;6.01;0.37;332.53;9.45;1288;29;3268.00;146
8113;22;23558683;8113;387;9400;9547;5.97;0.36;332.54;9.45;1287;29;3269.00;147
8113;22;23558702;8113;381;9400;9547;5.98;0.36;332.54;9.45;1287;29;3270.00;147
8115;22;23558717;8115;387;9403;9551;5.92;0.36;332.56;9.45;1288;29;3271.00;148
8119;22;23558733;8119;385;9403;9551;5.93;0.36;332.60;9.45;1284;29;3272.00;148
8123;22;23558749;8123;388;9404;9551;5.91;0.36;332.63;9.45;1281;29;3273.00;147
8127;22;23558764;8127;381;9404;9551;5.89;0.36;332.70;9.45;1277;29;3274.00;147
8130;22;23558779;8130;391;9404;9551;5.82;0.35;332.76;9.45;1274;29;3275.00;147
8133;22;23558793;8133;392;9415;9563;5.84;0.36;332.88;9.44;1282;29;3276.00;148
8135;22;23558810;8135;390;9416;9563;5.86;0.36;332.96;9.44;1281;29;3277.00;147
8136;22;23558825;8136;396;9419;9563;5.86;0.36;333.03;9.45;1283;29;3278.00;144
8140;22;23558839;8140;405;9419;9563;5.81;0.35;333.19;9.45;1279;29;3279.00;144
8140;22;23558854;8140;411;9420;9563;5.83;0.36;333.19;9.49;1280;29;3280.00;143
8141;22;23558869;8141;419;9421;9563;5.84;0.36;333.28;9.49;1280;29;3281.00;142
8144;22;23558883;8144;417;9422;9564;5.82;0.36;333.36;9.54;1278;29;3282.00;142
8145;22;23558898;8145;424;9422;9564;5.82;0.35;333.36;9.54;1277;29;3283.00;142
8147;22;23558913;8147;428;9427;9570;5.91;0.36;333.49;9.53;1280;29;3284.00;143
8150;22;23558928;8150;434;9429;9572;5.90;0.36;333.61;9.53;1279;29;3285.00;143
8150;22;23558942;8150;435;9431;9572;5.86;0.36;333.61;9.62;1281;29;3286.00;141
8159;22;23558959;8159;440;9432;9572;5.77;0.35;333.91;9.66;1273;29;3287.00;140
8161;22;23558980;8161;440;9436;9576;5.77;0.35;333.93;9.70;1275;29;3288.00;140
8163;22;23558995;8163;441;9437;9576;5.71;0.35;334.02;9.75;1274;29;3289.00;139
8166;22;23559016;8166;443;9439;9576;5.65;0.34;334.15;9.83;1273;29;3290.00;137
8168;22;23559031;8168;441;9440;9577;5.67;0.35;334.20;9.83;1272;29;3291.00;137
8169;22;23559044;8169;445;9444;9581;5.62;0.34;334.19;9.87;1275;29;3292.00;137
8172;22;23559059;8172;449;9444;9581;5.61;0.34;334.24;9.87;1272;29;3293.00;137
8176;22;23559075;8176;443;9447;9584;5.64;0.34;334.23;9.91;1271;29;3294.00;137
8179;22;23559089;8179;441;9447;9584;5.60;0.34;334.43;9.91;1268;29;3295.00;137
8179;22;23559103;8179;443;9448;9584;5.60;0.34;334.43;9.91;1269;29;3296.00;136
8182;22;23559117;8182;449;9450;9584;5.54;0.34;334.52;10.00;1268;29;3297.00;134
8184;22;23559131;8184;446;9454;9588;5.55;0.34;334.60;9.99;1270;29;3298.00;134
8185;22;23559146;8185;448;9454;9588;5.56;0.34;334.71;9.99;1269;29;3299.00;134
8189;22;23559162;8189;445;9462;9607;5.54;0.34;334.79;10.11;1273;29;3300.00;145
8192;22;23559183;8192;434;9463;9607;5.51;0.34;334.77;10.16;1271;29;3301.00;144
8199;22;23559197;8199;428;9463;9608;5.42;0.33;334.90;10.16;1264;29;3302.00;145
8201;22;23559212;8201;431;9466;9609;5.40;0.33;335.01;10.24;1265;29;3303.00;143
8204;22;23559226;8204;428;9466;9609;5.38;0.33;335.01;10.24;1262;29;3304.00;143
8207;22;23559240;8207;436;9470;9610;5.31;0.32;335.04;10.32;1263;29;3305.00;140
8209;22;23559255;8209;435;9471;9610;5.24;0.32;335.08;10.32;1262;29;3306.00;139
8211;22;23559269;8211;440;9473;9610;5.23;0.32;335.15;10.41;1262;29;3307.00;137
8213;22;23559283;8213;430;9473;9610;5.23;0.32;335.26;10.41;1260;29;3308.00;137
8219;22;23559296;8219;433;9473;9610;5.24;0.32;335.22;10.41;1254;29;3309.00;137
8222;22;23559316;8222;434;9475;9610;5.24;0.32;335.24;10.49;1253;29;3310.00;135
8224;22;23559329;8224;443;9476;9610;5.26;0.32;335.25;10.49;1252;29;3311.00;134
8226;22;23559342;8226;455;9538;9737;5.49;0.34;335.28;10.42;1312;29;3312.00;199
8230;22;23559366;8230;450;9543;9738;5.53;0.34;335.32;10.42;1313;29;3313.00;195
8235;22;23559380;8235;456;9554;9738;5.57;0.34;335.57;10.49;1319;29;3314.00;184
8237;22;23559394;8237;461;9555;9738;5.59;0.35;335.56;10.49;1318;29;3315.00;183
8241;22;23559409;8241;460;9563;9738;5.61;0.35;335.81;10.56;1322;29;3316.00;175
8245;22;23559424;8245;462;9567;9738;5.59;0.34;335.87;10.56;1322;29;3317.00;171
8248;22;23559438;8248;467;9574;9738;5.55;0.34;335.83;10.63;1326;29;3318.00;164
8254;22;23559452;8254;472;9577;9738;5.46;0.34;335.93;10.63;1323;29;3319.00;161
8257;22;23559466;8257;472;9580;9739;5.41;0.33;335.98;10.63;1323;29;3320.00;159
8260;22;23559480;8260;476;9583;9740;5.34;0.33;335.94;10.63;1323;29;3321.00;157
8265;22;23559499;8265;483;9585;9740;5.18;0.32;335.91;10.63;1320;29;3322.00;155
8270;22;23559512;8270;490;9590;9741;5.03;0.31;336.13;10.63;1320;29;3323.00;151
8275;22;23559528;8275;504;9593;9741;4.85;0.30;336.14;10.63;1318;29;3324.00;148
8277;22;23559543;8277;495;9595;9741;4.74;0.29;336.16;10.63;1318;29;3325.00;146
8282;22;23559557;8282;495;9596;9741;4.64;0.29;336.20;10.63;1314;29;3326.00;145
8284;22;23559572;8284;491;9598;9745;4.64;0.29;336.20;10.63;1314;29;3327.00;147
8287;22;23559587;8287;494;9598;9745;4.59;0.28;336.25;10.63;1311;29;3328.00;147
8291;22;23559599;8291;494;9600;9745;4.54;0.28;336.32;10.64;1309;29;3329.00;145
8293;22;23559622;8293;483;9603;9751;4.51;0.28;336.35;10.63;1310;29;3330.00;148
8298;22;23559635;8298;487;9604;9751;4.46;0.27;336.25;10.64;1306;29;3331.00;147
8300;22;23559649;8300;470;9607;9751;4.44;0.27;336.37;10.64;1307;29;3332.00;144
8307;22;23559663;8307;471;9610;9755;4.42;0.27;336.37;10.64;1303;29;3333.00;145
8311;22;23559678;8311;456;9613;9756;4.42;0.27;336.40;10.64;1302;29;3334.00;143
8312;22;23559692;8312;449;9614;9756;4.46;0.27;336.37;10.64;1302;29;3335.00;142
8316;22;23559706;8316;449;9616;9760;4.46;0.27;336.38;10.64;1300;29;3336.00;144
8319;22;23559720;8319;448;9618;9760;4.50;0.28;336.45;10.64;1299;29;3337.00;142
8322;22;23559735;8322;447;9619;9760;4.54;0.28;336.47;10.64;1297;29;3338.00;141
8326;22;23559750;8326;454;9619;9761;4.53;0.28;336.44;10.64;1293;29;3339.00;142
8328;22;23559764;8328;457;9621;9761;4.57;0.28;336.42;10.64;1293;29;3340.00;140
8331;22;23559778;8331;469;9625;9767;4.63;0.28;336.39;10.64;1294;29;3341.00;142
8336;22;23559792;8336;476;9626;9767;4.64;0.28;336.43;10.64;1290;29;3342.00;141
8339;22;23559806;8339;479;9627;9768;4.63;0.28;336.47;10.64;1288;29;3343.00;141
8341;22;23559821;8341;480;9627;9768;4.59;0.28;336.47;10.64;1286;29;3344.00;141
8347;22;23559835;8347;482;9628;9768;4.51;0.28;336.59;10.64;1281;29;3345.00;140
8351;22;23559849;8351;480;9628;9768;4.45;0.27;336.51;10.64;1277;29;3346.00;140
8354;22;23559862;8354;482;9629;9768;4.39;0.27;336.48;10.64;1275;29;3347.00;139
8358;22;23559877;8358;488;9636;9780;4.42;0.27;336.45;10.64;1278;29;3348.00;144
8359;22;23559891;8359;488;9637;9780;4.42;0.27;336.43;10.63;1278;29;3349.00;143
8365;22;23559906;8365;495;9640;9780;4.36;0.27;336.36;10.64;1275;29;3350.00;140
8368;22;23559920;8368;503;9640;9780;4.27;0.26;336.32;10.64;1272;29;3351.00;140
8371;22;23559934;8371;500;9641;9780;4.24;0.26;336.29;10.64;1270;29;3352.00;139
8374;22;23559947;8374;502;9642;9780;4.18;0.26;336.30;10.64;1268;29;3353.00;138
8376;22;23559960;8376;506;9645;9784;4.19;0.26;336.24;10.63;1269;29;3354.00;139
8378;22;23559974;8378;509;9645;9784;4.16;0.25;336.22;10.63;1267;29;3355.00;139
8384;22;23559987;8384;511;9650;9788;4.10;0.25;336.24;10.63;1266;29;3356.00;138
8386;22;23560002;8386;515;9651;9789;4.05;0.25;336.21;10.63;1265;29;3357.00;138
8388;22;23560017;8388;518;9651;9789;4.02;0.25;336.19;10.63;1263;29;3358.00;138
8392;22;23560032;8392;519;9652;9789;3.97;0.24;336.19;10.63;1260;29;3359.00;137
8397;22;23560047;8397;525;9673;9818;4.00;0.24;336.23;10.61;1276;29;3360.00;145
8397;22;23560064;8397;523;9675;9818;3.99;0.24;336.23;10.61;1278;29;3361.00;143
8401;22;23560077;8401;519;9677;9818;3.93;0.24;336.25;10.60;1276;29;3362.00;141
8402;22;23560090;8402;524;9679;9819;3.92;0.24;336.25;10.60;1277;29;3363.00;140
8404;22;23560103;8404;519;9680;9820;3.89;0.24;336.26;10.64;1276;29;3364.00;140
8406;22;23560117;8406;515;9680;9820;3.90;0.24;336.24;10.64;1274;29;3365.00;140
8407;22;23560130;8407;514;9682;9823;3.97;0.24;336.23;10.63;1275;29;3366.00;141
8410;22;23560144;8410;514;9682;9823;3.94;0.24;336.33;10.63;1272;29;3367.00;141
8416;22;23560158;8416;507;9683;9823;3.91;0.24;336.31;10.63;1267;29;3368.00;140
8417;22;23560172;8417;507;9683;9823;3.95;0.24;336.28;10.63;1266;29;3369.00;140
8420;22;23560185;8420;507;9688;9829;3.96;0.24;336.27;10.63;1268;29;3370.00;141
8421;22;23560205;8421;499;9688;9829;3.98;0.24;336.28;10.63;1267;29;3371.00;141
8423;22;23560219;8423;483;9688;9829;4.03;0.25;336.31;10.63;1265;29;3372.00;141
8424;22;23560233;8424;478;9688;9829;4.09;0.25;336.31;10.63;1264;29;3373.00;141
8426;22;23560253;8426;470;9691;9833;4.21;0.26;336.31;10.63;1265;29;3374.00;142
8429;22;23560267;8429;457;9693;9835;4.34;0.27;336.28;10.62;1264;29;3375.00;142
8429;22;23560282;8429;449;9693;9835;4.49;0.27;336.28;10.62;1264;29;3376.00;142
8430;22;23560296;8430;438;9694;9836;4.59;0.28;336.29;10.62;1264;29;3377.00;142
8434;23;23560311;8434;436;9694;9836;4.64;0.28;336.37;10.62;1260;30;3378.00;142
8437;23;23560338;8437;434;9694;9836;4.69;0.29;336.50;10.62;1257;30;3379.00;142
8440;23;23560353;8440;441;9694;9836;4.71;0.29;336.44;10.62;1254;30;3380.00;142
8444;23;23560377;8444;427;9695;9836;4.71;0.29;336.47;10.66;1251;30;3381.00;141
8445;23;23560397;8445;416;9695;9836;4.76;0.29;336.48;10.66;1250;30;3382.00;141
8446;23;23560413;8446;404;9695;9836;4.82;0.29;336.46;10.66;1249;30;3383.00;141
8449;24;23560427;8449;415;9737;9906;4.94;0.30;336.59;10.61;1288;31;3384.00;169
8451;24;23560455;8451;394;9738;9907;5.01;0.30;336.63;10.61;1287;31;3385.00;169
8451;24;23560470;8451;388;9742;9907;5.13;0.31;336.63;10.61;1291;31;3386.00;165
8452;24;23560485;8452;388;9742;9907;5.18;0.32;336.65;10.61;1290;31;3387.00;165
8454;24;23560499;8454;381;9745;9907;5.25;0.32;336.69;10.61;1291;31;3388.00;162
8456;24;23560516;8456;381;9747;9907;5.30;0.32;336.77;10.60;1291;31;3389.00;160
8458;24;23560539;8458;387;9749;9907;5.32;0.33;336.74;10.60;1291;31;3390.00;158
8462;24;23560555;8462;394;9751;9907;5.31;0.32;336.86;10.60;1289;31;3391.00;156
8463;24;23560570;8463;392;9754;9908;5.34;0.33;336.93;10.60;1291;31;3392.00;154
8465;24;23560585;8465;392;9757;9909;5.38;0.33;337.00;10.60;1292;31;3393.00;152
8467;24;23560600;8467;392;9759;9909;5.35;0.33;337.05;10.60;1292;31;3394.00;150
8470;24;23560614;8470;392;9763;9913;5.33;0.33;337.13;10.60;1293;31;3395.00;150
8473;24;23560631;8473;389;9765;9913;5.37;0.33;337.17;10.60;1292;31;3396.00;148
8477;24;23560646;8477;394;9766;9913;5.39;0.33;337.18;10.60;1289;31;3397.00;147
8480;24;23560661;8480;396;9766;9913;5.42;0.33;337.23;10.60;1286;31;3398.00;147
8481;24;23560680;8481;391;9771;9919;5.50;0.33;337.28;10.59;1290;31;3399.00;148
8484;24;23560696;8484;396;9771;9919;5.54;0.34;337.44;10.59;1287;31;3400.00;148
8487;24;23560714;8487;404;9772;9919;5.50;0.33;337.53;10.63;1285;31;3401.00;147
8488;24;23560729;8488;403;9774;9922;5.54;0.34;337.51;10.63;1286;31;3402.00;148
8492;24;23560745;8492;409;9775;9922;5.55;0.34;337.68;10.63;1283;31;3403.00;147
8494;24;23560760;8494;404;9775;9922;5.54;0.34;337.76;10.63;1281;31;3404.00;147
8497;24;23560775;8497;407;9776;9923;5.52;0.34;337.79;10.66;1279;31;3405.00;147
8499;24;23560790;8499;406;9777;9924;5.53;0.34;337.91;10.66;1278;31;3406.00;147
8501;24;23560810;8501;407;9777;9924;5.53;0.34;337.89;10.66;1276;31;3407.00;147
8503;24;23560825;8503;416;9789;9937;5.53;0.34;337.92;10.68;1286;31;3408.00;148
8505;24;23560841;8505;416;9789;9937;5.57;0.34;338.01;10.68;1284;31;3409.00;148
8507;24;23560856;8507;419;9789;9937;5.57;0.34;338.15;10.68;1282;31;3410.00;148
8510;24;23560876;8510;427;9790;9938;5.54;0.34;338.25;10.68;1280;31;3411.00;148
8511;24;23560892;8511;430;9790;9938;5.53;0.34;338.28;10.68;1279;31;3412.00;148
8515;24;23560907;8515;437;9794;9942;5.53;0.34;338.37;10.68;1279;31;3413.00;148
8516;24;23560922;8516;443;9794;9942;5.52;0.33;338.43;10.68;1278;31;3414.00;148
8518;24;23560936;8518;438;9797;9946;5.53;0.34;338.52;10.68;1279;31;3415.00;149
8519;24;23560952;8519;438;9797;9946;5.60;0.34;338.54;10.68;1278;31;3416.00;149
8520;24;23560966;8520;436;9797;9946;5.66;0.34;338.55;10.68;1277;31;3417.00;149
8527;24;23560981;8527;431;9797;9946;5.62;0.34;338.67;10.68;1270;31;3418.00;149
8531;24;23560996;8531;427;9797;9946;5.62;0.34;338.81;10.68;1266;31;3419.00;149
8534;24;23561017;8534;432;9823;9980;5.68;0.34;338.98;10.65;1289;31;3420.00;157
8537;24;23561035;8537;422;9823;9980;5.69;0.35;338.95;10.65;1286;31;3421.00;157
8540;24;23561050;8540;425;9825;9980;5.72;0.35;339.02;10.65;1285;31;3422.00;155
8543;24;23561065;8543;417;9825;9980;5.75;0.35;338.98;10.65;1282;31;3423.00;155
8548;24;23561080;8548;412;9826;9980;5.78;0.35;339.00;10.65;1278;31;3424.00;154
8552;24;23561095;8552;412;9826;9980;5.78;0.35;339.12;10.65;1274;31;3425.00;154
8553;24;23561110;8553;411;9826;9981;5.78;0.35;339.11;10.65;1273;31;3426.00;155
8554;24;23561126;8554;414;9826;9981;5.76;0.35;339.11;10.65;1272;31;3427.00;155
8559;24;23561141;8559;414;9831;9987;5.75;0.35;339.20;10.64;1272;31;3428.00;156
8562;24;23561156;8562;409;9832;9988;5.71;0.35;339.23;10.64;1270;31;3429.00;156
8565;24;23561172;8565;407;9834;9988;5.65;0.34;339.29;10.74;1269;31;3430.00;154
8566;24;23561189;8566;407;9834;9988;5.64;0.34;339.30;10.74;1268;31;3431.00;154
8570;24;23561203;8570;406;9837;9992;5.67;0.35;339.41;10.73;1267;31;3432.00;155
8577;24;23561218;8577;401;9837;9992;5.69;0.35;339.48;10.73;1260;31;3433.00;155
8578;24;23561235;8578;396;9837;9992;5.68;0.35;339.48;10.73;1259;31;3434.00;155
8580;24;23561250;8580;394;9838;9993;5.67;0.35;339.64;10.73;1258;31;3435.00;155
8583;24;23561264;8583;382;9841;9997;5.65;0.34;339.79;10.73;1258;31;3436.00;156
8586;24;23561279;8586;387;9841;9997;5.69;0.35;339.88;10.73;1255;31;3437.00;156
8589;24;23561294;8589;388;9843;10000;5.73;0.35;339.95;10.73;1254;31;3438.00;157
8592;24;23561310;8592;386;9844;10000;5.76;0.35;339.94;10.72;1252;31;3439.00;156
8593;24;23561331;8593;394;9844;10000;5.77;0.35;340.00;10.72;1251;31;3440.00;156
8593;24;23561347;8593;390;9844;10000;5.80;0.35;340.00;10.72;1251;31;3441.00;156
8597;24;23561361;8597;390;9848;10004;5.83;0.36;340.08;10.72;1251;31;3442.00;156
8600;24;23561377;8600;389;9848;10004;5.84;0.36;340.04;10.72;1248;31;3443.00;156
8601;24;23561392;8601;392;9848;10004;5.86;0.36;340.01;10.72;1247;31;3444.00;156
8604;24;23561407;8604;396;9848;10004;5.85;0.36;340.06;10.72;1244;31;3445.00;156
8606;24;23561422;8606;396;9848;10005;5.80;0.35;340.04;10.72;1242;31;3446.00;157
8607;24;23561437;8607;397;9849;10006;5.74;0.35;340.08;10.72;1242;31;3447.00;157
8613;24;23561453;8613;393;9849;10006;5.71;0.35;340.31;10.72;1236;31;3448.00;157
8616;24;23561468;8616;398;9850;10007;5.68;0.35;340.36;10.72;1234;31;3449.00;157
8618;24;23561484;8618;402;9850;10007;5.68;0.35;340.41;10.72;1232;31;3450.00;157
8625;24;23561499;8625;398;9850;10007;5.70;0.35;340.55;10.72;1225;31;3451.00;157
8627;24;23561513;8627;402;9850;10007;5.74;0.35;340.60;10.72;1223;31;3452.00;157
8629;24;23561529;8629;403;9850;10007;5.79;0.35;340.65;10.72;1221;31;3453.00;157
8630;24;23561543;8630;403;9850;10007;5.77;0.35;340.75;10.72;1220;31;3454.00;157
8636;24;23561557;8636;410;9852;10007;5.75;0.35;340.91;10.82;1216;31;3455.00;155
8639;24;23561572;8639;428;9918;10134;5.93;0.37;340.95;10.75;1279;31;3456.00;216
8642;24;23561597;8642;425;9920;10135;5.97;0.37;341.05;10.74;1278;31;3457.00;215
8643;24;23561613;8643;421;9928;10135;6.07;0.38;341.13;10.79;1285;31;3458.00;207
8646;24;23561628;8646;414;9933;10135;6.12;0.38;341.09;10.78;1287;31;3459.00;202
8648;24;23561642;8648;417;9941;10135;6.08;0.37;341.17;10.87;1293;31;3460.00;194
8653;24;23561658;8653;426;9944;10135;5.98;0.37;341.39;10.87;1291;31;3461.00;191
8656;24;23561673;8656;430;9945;10135;5.92;0.36;341.39;10.87;1289;31;3462.00;190
8660;24;23561693;8660;432;9948;10135;5.92;0.36;341.52;10.92;1288;31;3463.00;187
8666;24;23561708;8666;433;9950;10136;5.97;0.36;341.61;10.92;1284;31;3464.00;186
8671;24;23561724;8671;441;9953;10138;6.00;0.37;341.68;10.92;1282;31;3465.00;185
8672;24;23561740;8672;430;9959;10138;6.05;0.37;341.68;10.96;1287;31;3466.00;179
8674;24;23561754;8674;426;9961;10139;6.04;0.37;341.79;10.96;1287;31;3467.00;178
8677;24;23561770;8677;432;9964;10139;6.02;0.37;341.85;10.96;1287;31;3468.00;175
8679;24;23561785;8679;434;9967;10139;6.00;0.37;341.97;11.01;1288;31;3469.00;172
8682;24;23561800;8682;436;9972;10139;5.90;0.36;342.07;11.11;1290;31;3470.00;167
8684;24;23561815;8684;433;9977;10143;5.87;0.36;342.06;11.15;1293;31;3471.00;166
8687;24;23561830;8687;437;9981;10143;5.84;0.36;342.08;11.19;1294;31;3472.00;162
8689;24;23561846;8689;461;9981;10143;5.81;0.36;342.14;11.19;1292;31;3473.00;162
8692;24;23561869;8692;465;9984;10146;5.79;0.35;342.21;11.19;1292;31;3474.00;162
8697;24;23561886;8697;466;9989;10146;5.69;0.35;342.29;11.33;1292;31;3475.00;157
8701;24;23561911;8701;474;9990;10146;5.62;0.34;342.30;11.33;1289;31;3476.00;156
8706;24;23561927;8706;481;9997;10150;5.53;0.34;342.39;11.46;1291;31;3477.00;153
8709;24;23561943;8709;480;9999;10151;5.50;0.34;342.51;11.46;1290;31;3478.00;152
8712;24;23561958;8712;488;10001;10151;5.46;0.33;342.49;11.50;1289;31;3479.00;150
8713;24;23561975;8713;495;10006;10156;5.48;0.33;342.48;11.54;1293;31;3480.00;150
8715;24;23561991;8715;501;10007;10156;5.44;0.33;342.55;11.59;1292;31;3481.00;149
8717;24;23562009;8717;503;10007;10156;5.43;0.33;342.58;11.59;1290;31;3482.00;149
8717;24;23562024;8717;506;10010;10157;5.42;0.33;342.58;11.67;1293;31;3483.00;147
8720;24;23562040;8720;512;10010;10157;5.39;0.33;342.63;11.67;1290;31;3484.00;147
8724;24;23562058;8724;513;10015;10163;5.35;0.33;342.63;11.66;1291;31;3485.00;148
8725;24;23562074;8725;511;10017;10163;5.30;0.32;342.72;11.75;1292;31;3486.00;146
8727;24;23562089;8727;518;10017;10164;5.18;0.32;342.81;11.75;1290;31;3487.00;147
8731;24;23562104;8731;526;10019;10164;5.06;0.31;342.93;11.83;1288;31;3488.00;145
8734;24;23562121;8734;527;10019;10164;4.98;0.30;342.99;11.83;1285;31;3489.00;145
8736;24;23562135;8736;540;10020;10164;4.88;0.30;343.02;11.88;1284;31;3490.00;144
8739;24;23562152;8739;550;10021;10164;4.83;0.29;342.98;11.92;1282;31;3491.00;143
8743;24;23562168;8743;556;10031;10176;4.77;0.29;342.96;11.90;1288;31;3492.00;145
8745;24;23562187;8745;562;10032;10176;4.77;0.29;342.94;11.95;1287;31;3493.00;144
8748;24;23562203;8748;568;10033;10176;4.77;0.29;342.87;11.95;1285;31;3494.00;143
8751;24;23562218;8751;570;10035;10176;4.72;0.29;342.86;12.03;1284;31;3495.00;141
8755;24;23562231;8755;577;10035;10176;4.68;0.29;342.78;12.03;1280;31;3496.00;141
8760;24;23562250;8760;583;10036;10176;4.63;0.28;342.71;12.06;1276;31;3497.00;140
8762;24;23562268;8762;591;10040;10180;4.56;0.28;342.68;12.10;1278;31;3498.00;140
8767;24;23562283;8767;588;10040;10180;4.46;0.27;342.57;12.10;1273;31;3499.00;140
8771;24;23562299;8771;579;10044;10184;4.44;0.27;342.49;12.09;1273;31;3500.00;140
8774;24;23562319;8774;567;10044;10185;4.43;0.27;342.47;12.09;1270;31;3501.00;141
8777;24;23562333;8777;564;10045;10185;4.37;0.27;342.45;12.09;1268;31;3502.00;140
8781;24;23562348;8781;552;10045;10185;4.29;0.26;342.44;12.09;1264;31;3503.00;140
8784;24;23562363;8784;559;10055;10198;4.32;0.26;342.39;12.08;1271;31;3504.00;143
8789;24;23562379;8789;562;10055;10198;4.28;0.26;342.35;12.08;1266;31;3505.00;143
8790;24;23562395;8790;560;10055;10198;4.28;0.26;342.32;12.08;1265;31;3506.00;143
8793;24;23562409;8793;552;10056;10199;4.30;0.26;342.30;12.08;1263;31;3507.00;143
8795;24;23562423;8795;551;10056;10200;4.28;0.26;342.32;12.08;1261;31;3508.00;144
8800;24;23562451;8800;547;10056;10200;4.28;0.26;342.23;12.08;1256;31;3509.00;144
8802;24;23562468;8802;543;10060;10206;4.32;0.26;342.22;12.07;1258;31;3510.00;146
8803;24;23562484;8803;548;10060;10206;4.32;0.26;342.23;12.07;1257;31;3511.00;146
8805;24;23562501;8805;545;10061;10206;4.33;0.26;342.23;12.07;1256;31;3512.00;145
8808;24;23562515;8808;548;10061;10206;4.30;0.26;342.34;12.07;1253;31;3513.00;145
8811;24;23562531;8811;546;10065;10212;4.30;0.26;342.34;12.07;1254;31;3514.00;147
8814;24;23562548;8814;548;10065;10212;4.25;0.26;342.31;12.07;1251;31;3515.00;147
8815;24;23562564;8815;540;10065;10212;4.23;0.26;342.32;12.07;1250;31;3516.00;147
8818;24;23562579;8818;549;10065;10212;4.16;0.25;342.32;12.07;1247;31;3517.00;147
8822;24;23562594;8822;555;10068;10216;4.09;0.25;342.31;12.07;1246;31;3518.00;148
8825;24;23562608;8825;556;10071;10219;4.01;0.24;342.28;12.06;1246;31;3519.00;148
8830;24;23562622;8830;560;10071;10219;3.94;0.24;342.23;12.06;1241;31;3520.00;148
8831;24;23562639;8831;548;10073;10220;3.86;0.24;342.25;12.06;1242;31;3521.00;147
8834;24;23562655;8834;547;10073;10220;3.80;0.23;342.22;12.06;1239;31;3522.00;147
8838;24;23562670;8838;544;10073;10220;3.80;0.23;342.23;12.06;1235;31;3523.00;147
8840;24;23562686;8840;541;10073;10220;3.83;0.23;342.21;12.06;1233;31;3524.00;147
8845;24;23562702;8845;536;10075;10220;3.82;0.23;342.16;12.06;1230;31;3525.00;145
8847;25;23562717;8847;529;10075;10220;3.87;0.24;342.16;12.06;1228;32;3526.00;145
8849;25;23562754;8849;527;10075;10220;3.92;0.24;342.18;12.06;1226;32;3527.00;145
8852;25;23562779;8852;533;10112;10290;4.12;0.25;342.27;12.06;1260;32;3528.00;178
8853;25;23562800;8853;527;10114;10291;4.22;0.26;342.28;12.06;1261;32;3529.00;177
8856;25;23562819;8856;518;10120;10291;4.29;0.26;342.27;12.05;1264;32;3530.00;171
8859;26;23562852;8859;524;10125;10291;4.36;0.27;342.34;12.05;1266;33;3531.00;166
8860;26;23562891;8860;515;10126;10291;4.44;0.27;342.33;12.05;1266;33;3532.00;165
8862;26;23562908;8862;513;10128;10291;4.54;0.28;342.36;12.05;1266;33;3533.00;163
8863;26;23562928;8863;510;10130;10291;4.62;0.28;342.37;12.04;1267;33;3534.00;161
8866;26;23562953;8866;515;10133;10291;4.62;0.28;342.44;12.04;1267;33;3535.00;158
8869;26;23562972;8869;509;10135;10292;4.61;0.28;342.47;12.04;1266;33;3536.00;157
8871;26;23562990;8871;499;10137;10293;4.60;0.28;342.44;12.04;1266;33;3537.00;156
8874;26;23563010;8874;497;10140;10293;4.56;0.28;342.50;12.04;1266;33;3538.00;153
8876;26;23563030;8876;500;10144;10297;4.59;0.28;342.51;12.04;1268;33;3539.00;153
8878;26;23563054;8878;494;10146;10297;4.57;0.28;342.55;12.04;1268;33;3540.00;151
8880;26;23563075;8880;496;10147;10297;4.57;0.28;342.58;12.04;1267;33;3541.00;150
8883;26;23563095;8883;514;10147;10297;4.52;0.28;342.55;12.04;1264;33;3542.00;150
8885;26;23563114;8885;515;10153;10303;4.52;0.28;342.53;12.07;1268;33;3543.00;150
8888;26;23563133;8888;514;10153;10303;4.50;0.27;342.63;12.07;1265;33;3544.00;150
8891;26;23563152;8891;517;10153;10303;4.48;0.27;342.70;12.07;1262;33;3545.00;150
8892;26;23563172;8892;529;10156;10306;4.52;0.28;342.73;12.07;1264;33;3546.00;150
8895;26;23563192;8895;521;10156;10306;4.52;0.28;342.76;12.07;1261;33;3547.00;150
8897;26;23563212;8897;514;10156;10306;4.52;0.28;342.76;12.07;1259;33;3548.00;150
8899;26;23563233;8899;509;10157;10307;4.52;0.27;342.76;12.11;1258;33;3549.00;150
8901;26;23563251;8901;509;10158;10308;4.55;0.28;342.85;12.11;1257;33;3550.00;150
8904;26;23563271;8904;507;10158;10308;4.57;0.28;342.89;12.11;1254;33;3551.00;150
8906;26;23563289;8906;507;10169;10321;4.71;0.29;342.90;12.09;1263;33;3552.00;152
8908;26;23563313;8908;509;10169;10321;4.75;0.29;342.97;12.09;1261;33;3553.00;152
8909;26;23563332;8909;508;10169;10321;4.78;0.29;342.94;12.09;1260;33;3554.00;152
8910;26;23563353;8910;505;10171;10323;4.84;0.30;342.98;12.09;1261;34;3555.00;152
8913;26;23563394;8913;493;10171;10323;4.88;0.30;343.00;12.09;1258;34;3556.00;152
8916;26;23563414;8916;486;10175;10327;4.92;0.30;342.98;12.09;1259;34;3557.00;152
8923;26;23563436;8923;476;10175;10327;4.88;0.30;343.03;12.09;1252;34;3558.00;152
8925;26;23563458;8925;475;10178;10331;4.90;0.30;343.15;12.08;1253;34;3559.00;153
8927;26;23563480;8927;474;10178;10331;4.88;0.30;343.29;12.08;1251;34;3560.00;153
8928;26;23563514;8928;479;10179;10331;4.93;0.30;343.36;12.12;1251;34;3561.00;152
8930;26;23563533;8930;476;10179;10331;4.96;0.30;343.48;12.12;1249;34;3562.00;152
8931;26;23563552;8931;482;10179;10331;5.04;0.31;343.56;12.12;1248;34;3563.00;152
8933;26;23563572;8933;483;10189;10343;5.10;0.31;343.60;12.11;1256;34;3564.00;154
8936;26;23563593;8936;491;10189;10343;5.13;0.31;343.65;12.11;1253;34;3565.00;154
8939;26;23563616;8939;496;10190;10343;5.10;0.31;343.66;12.11;1251;34;3566.00;153
8940;26;23563635;8940;496;10190;10343;5.07;0.31;343.68;12.11;1250;34;3567.00;153
8945;26;23563654;8945;505;10190;10343;4.99;0.30;343.87;12.11;1245;34;3568.00;153
8948;26;23563674;8948;505;10190;10343;4.99;0.30;343.92;12.11;1242;34;3569.00;153
8949;26;23563696;8949;503;10190;10344;4.97;0.30;344.01;12.11;1241;34;3570.00;154
8952;26;23563715;8952;502;10191;10344;4.98;0.30;344.12;12.15;1239;34;3571.00;153
8952;26;23563735;8952;507;10196;10350;5.01;0.30;344.12;12.14;1244;34;3572.00;154
8954;26;23563768;8954;498;10197;10351;5.01;0.31;344.23;12.14;1243;34;3573.00;154
8956;26;23563791;8956;499;10197;10351;5.06;0.31;344.29;12.14;1241;34;3574.00;154
8958;26;23563814;8958;497;10197;10351;5.04;0.31;344.35;12.14;1239;34;3575.00;154
8960;26;23563837;8960;497;10200;10355;5.05;0.31;344.32;12.14;1240;34;3576.00;155
8963;26;23563855;8963;494;10200;10355;5.10;0.31;344.35;12.14;1237;34;3577.00;155
8966;26;23563876;8966;499;10200;10355;5.11;0.31;344.48;12.14;1234;34;3578.00;155
8968;26;23563894;8968;501;10201;10356;5.12;0.31;344.52;12.14;1233;34;3579.00;155
8970;26;23563914;8970;504;10204;10360;5.12;0.31;344.57;12.13;1234;34;3580.00;156
8974;26;23563934;8974;506;10205;10360;5.09;0.31;344.57;12.16;1231;34;3581.00;155
8975;26;23563954;8975;508;10207;10363;5.13;0.31;344.61;12.16;1232;34;3582.00;156
8977;26;23563974;8977;504;10207;10363;5.13;0.31;344.62;12.16;1230;34;3583.00;156
8980;26;23563994;8980;513;10208;10363;5.17;0.31;344.65;12.16;1228;34;3584.00;155
8985;26;23564015;8985;511;10208;10363;5.16;0.31;344.79;12.16;1223;34;3585.00;155
8987;26;23564042;8987;504;10213;10367;5.22;0.32;344.88;12.19;1226;34;3586.00;154
8990;26;23564064;8990;499;10213;10367;5.19;0.31;344.99;12.19;1223;34;3587.00;154
8990;26;23564082;8990;495;10213;10367;5.25;0.32;344.99;12.19;1223;34;3588.00;154
8992;26;23564100;8992;492;10213;10367;5.31;0.32;345.03;12.19;1221;34;3589.00;154
8993;26;23564122;8993;481;10213;10368;5.35;0.32;345.11;12.19;1220;34;3590.00;155
8993;26;23564143;8993;474;10215;10369;5.42;0.33;345.11;12.22;1222;34;3591.00;154
8995;26;23564164;8995;461;10215;10369;5.51;0.33;345.14;12.22;1220;34;3592.00;154
8996;26;23564183;8996;453;10216;10370;5.55;0.34;345.12;12.22;1220;34;3593.00;154
8998;26;23564204;8998;446;10216;10370;5.64;0.34;345.13;12.22;1218;34;3594.00;154
8999;26;23564225;8999;431;10216;10370;5.73;0.35;345.10;12.22;1217;34;3595.00;154
8999;26;23564245;8999;430;10216;10370;5.81;0.35;345.10;12.22;1217;34;3596.00;154
9000;26;23564265;9000;422;10216;10370;5.92;0.36;345.14;12.22;1216;34;3597.00;154
9000;26;23564283;9000;420;10216;10370;5.93;0.36;345.14;12.22;1216;34;3598.00;154
9003;26;23564302;9003;418;10216;10370;5.94;0.36;345.19;12.22;1213;34;3599.00;154
9007;26;23564327;9007;479;10341;10623;5.91;0.37;345.30;12.07;1334;34;3600.00;282
9010;26;23564379;9010;458;10341;10624;5.95;0.37;345.42;12.07;1331;34;3601.00;283
9010;26;23564399;9010;441;10348;10624;6.04;0.38;345.42;12.07;1338;34;3602.00;276
9012;26;23564419;9012;440;10349;10624;6.09;0.38;345.47;12.07;1337;34;3603.00;275
9014;26;23564438;9014;420;10354;10624;6.13;0.38;345.53;12.06;1340;34;3604.00;270
9016;26;23564460;9016;412;10356;10624;6.11;0.38;345.62;12.11;1340;34;3605.00;268
9020;26;23564479;9020;413;10364;10624;6.08;0.38;345.65;12.11;1344;34;3606.00;260
9024;26;23564497;9024;411;10366;10624;6.02;0.37;345.70;12.11;1342;34;3607.00;258
9028;26;23564518;9028;418;10374;10625;6.04;0.37;345.76;12.10;1346;34;3608.00;251
9028;26;23564539;9028;413;10380;10626;6.07;0.38;345.76;12.10;1352;34;3609.00;246
9031;26;23564560;9031;408;10386;10626;6.06;0.38;345.86;12.10;1355;34;3610.00;240
9032;26;23564580;9032;405;10389;10627;6.05;0.37;345.88;12.10;1357;34;3611.00;238
9036;26;23564602;9036;410;10394;10627;6.01;0.37;345.88;12.10;1358;34;3612.00;233
9037;26;23564623;9037;405;10397;10627;5.98;0.37;345.93;12.10;1360;34;3613.00;230
9042;26;23564643;9042;415;10398;10627;5.88;0.36;345.94;12.10;1356;34;3614.00;229
9046;26;23564670;9046;412;10403;10631;5.82;0.36;346.03;12.10;1357;34;3615.00;228
9047;26;23564690;9047;408;10405;10631;5.79;0.36;346.06;12.10;1358;34;3616.00;226
9050;26;23564711;9050;407;10406;10631;5.73;0.35;346.03;12.10;1356;34;3617.00;225
9052;26;23564731;9052;411;10408;10634;5.66;0.35;346.04;12.10;1356;34;3618.00;226
9058;26;23564760;9058;426;10409;10634;5.58;0.34;346.10;12.10;1351;34;3619.00;225
9060;26;23564784;9060;423;10409;10634;5.56;0.34;346.10;12.10;1349;34;3620.00;225
9060;26;23564806;9060;421;10412;10638;5.59;0.34;346.10;12.10;1352;34;3621.00;226
9066;26;23564828;9066;435;10415;10639;5.56;0.34;346.21;12.15;1349;34;3622.00;224
9068;26;23564848;9068;431;10416;10639;5.53;0.34;346.17;12.20;1348;34;3623.00;223
9076;26;23564866;9076;426;10421;10643;5.45;0.33;346.19;12.20;1345;34;3624.00;222
9077;26;23564887;9077;442;10422;10643;5.40;0.33;346.22;12.20;1345;34;3625.00;221
9080;26;23564910;9080;442;10428;10643;5.32;0.33;346.25;12.26;1348;34;3626.00;215
9083;26;23564943;9083;452;10430;10644;5.27;0.32;346.33;12.26;1347;34;3627.00;214
9088;26;23564964;9088;462;10431;10644;5.23;0.32;346.50;12.26;1343;34;3628.00;213
9088;26;23564986;9088;466;10437;10650;5.28;0.32;346.50;12.32;1349;34;3629.00;213
9090;26;23565011;9090;478;10444;10650;5.25;0.32;346.64;12.37;1354;34;3630.00;206
9091;26;23565034;9091;495;10448;10651;5.26;0.32;346.64;12.38;1357;34;3631.00;203
9095;26;23565056;9095;507;10451;10651;5.18;0.32;346.68;12.38;1356;34;3632.00;200
9098;26;23565078;9098;519;10455;10651;5.08;0.31;346.76;12.48;1357;34;3633.00;196
9102;26;23565097;9102;533;10457;10651;5.03;0.31;346.84;12.48;1355;34;3634.00;194
9106;26;23565119;9106;534;10459;10651;4.95;0.30;346.90;12.53;1353;34;3635.00;192
9108;26;23565140;9108;545;10468;10663;4.88;0.30;346.88;12.57;1360;34;3636.00;195
9111;26;23565162;9111;553;10470;10663;4.76;0.29;347.02;12.57;1359;34;3637.00;193
9113;26;23565183;9113;564;10474;10663;4.70;0.29;347.05;12.66;1361;34;3638.00;189
9113;26;23565203;9113;569;10476;10663;4.65;0.28;347.05;12.67;1363;34;3639.00;187
9114;26;23565221;9114;581;10477;10663;4.63;0.28;347.05;12.72;1363;34;3640.00;186
9117;26;23565239;9117;588;10479;10663;4.63;0.28;346.98;12.77;1362;34;3641.00;184
9118;26;23565258;9118;604;10483;10667;4.58;0.28;346.95;12.77;1365;34;3642.00;184
9122;26;23565278;9122;607;10487;10667;4.53;0.28;346.96;12.86;1365;34;3643.00;180
9122;26;23565297;9122;616;10492;10671;4.51;0.28;346.96;12.86;1370;34;3644.00;179
9125;26;23565316;9125;622;10495;10673;4.50;0.28;346.93;12.86;1370;34;3645.00;178
9127;26;23565337;9127;632;10495;10673;4.46;0.27;346.93;12.86;1368;34;3646.00;178
9128;26;23565355;9128;640;10498;10673;4.42;0.27;346.92;12.95;1370;34;3647.00;175
9131;26;23565372;9131;648;10507;10686;4.37;0.27;346.89;12.94;1376;34;3648.00;179
9133;26;23565391;9133;645;10507;10686;4.33;0.27;346.87;12.94;1374;34;3649.00;179
9134;26;23565409;9134;650;10507;10686;4.31;0.26;346.87;12.94;1373;34;3650.00;179
9138;26;23565426;9138;648;10508;10687;4.25;0.26;346.79;12.94;1370;34;3651.00;179
9140;26;23565449;9140;648;10509;10688;4.23;0.26;346.82;12.94;1369;34;3652.00;179
9140;26;23565467;9140;648;10509;10688;4.23;0.26;346.82;12.94;1369;34;3653.00;179
9141;26;23565485;9141;646;10511;10691;4.21;0.26;346.80;12.94;1370;34;3654.00;180
9142;26;23565505;9142;651;10511;10691;4.20;0.26;346.76;12.94;1369;34;3655.00;180
9144;26;23565524;9144;662;10512;10691;4.19;0.26;346.70;12.94;1368;34;3656.00;179
9145;26;23565543;9145;664;10512;10691;4.20;0.26;346.71;12.94;1367;34;3657.00;179
9149;26;23565562;9149;657;10519;10697;4.24;0.26;346.64;12.94;1370;34;3658.00;178
9152;26;23565581;9152;659;10520;10697;4.24;0.26;346.55;12.94;1368;34;3659.00;177
9152;26;23565603;9152;655;10521;10697;4.28;0.26;346.55;12.94;1369;34;3660.00;176
9153;26;23565619;9153;657;10521;10697;4.31;0.26;346.53;12.94;1368;34;3661.00;176
9157;26;23565636;9157;660;10524;10701;4.29;0.26;346.47;12.93;1367;34;3662.00;177
9159;26;23565655;9159;662;10525;10702;4.28;0.26;346.43;12.93;1366;34;3663.00;177
9162;26;23565673;9162;665;10525;10702;4.25;0.26;346.41;12.93;1363;34;3664.00;177
9165;26;23565691;9165;671;10526;10703;4.23;0.26;346.32;12.93;1361;34;3665.00;177
9168;26;23565708;9168;672;10526;10703;4.18;0.26;346.27;12.93;1358;34;3666.00;177
9168;26;23565725;9168;676;10526;10703;4.15;0.26;346.27;12.93;1358;34;3667.00;177
9172;26;23565742;9172;687;10526;10703;4.11;0.25;346.32;12.93;1354;34;3668.00;177
9176;26;23565759;9176;686;10526;10703;4.04;0.25;346.38;12.93;1350;34;3669.00;177
9180;26;23565775;9180;679;10526;10703;3.93;0.24;346.28;12.93;1346;34;3670.00;177
9183;26;23565791;9183;684;10526;10703;3.84;0.24;346.29;12.93;1343;34;3671.00;177
9186;26;23565808;9186;691;10568;10773;3.92;0.24;346.25;12.88;1382;34;3672.00;205
9189;26;23565834;9189;686;10570;10774;3.80;0.24;346.21;12.88;1381;34;3673.00;204
9190;26;23565851;9190;687;10577;10774;3.73;0.23;346.21;12.87;1387;34;3674.00;197
9195;26;23565867;9195;677;10578;10774;3.62;0.22;346.14;12.87;1383;34;3675.00;196
9195;26;23565883;9195;675;10579;10774;3.58;0.22;346.14;12.87;1384;34;3676.00;195
9197;26;23565901;9197;675;10579;10774;3.54;0.22;346.11;12.87;1382;34;3677.00;195
9199;26;23565917;9199;660;10582;10774;3.55;0.22;346.08;12.87;1383;34;3678.00;192
9201;26;23565935;9201;662;10582;10774;3.54;0.22;346.10;12.87;1381;34;3679.00;192
9205;26;23565952;9205;654;10584;10775;3.57;0.22;346.07;12.87;1379;34;3680.00;191
9208;26;23565968;9208;656;10586;10776;3.61;0.22;346.04;12.86;1378;34;3681.00;190
9209;26;23565986;9209;651;10588;10776;3.67;0.23;346.03;12.86;1379;34;3682.00;188
9215;26;23566004;9215;642;10593;10780;3.69;0.23;346.05;12.86;1378;34;3683.00;187
9217;26;23566027;9217;637;10594;10780;3.77;0.23;346.04;12.86;1377;34;3684.00;186
9218;26;23566055;9218;629;10594;10780;3.84;0.24;346.05;12.86;1376;34;3685.00;186
9222;26;23566074;9222;618;10594;10780;3.92;0.24;346.01;12.86;1372;34;3686.00;186
9224;26;23566094;9224;605;10598;10786;3.97;0.24;346.05;12.86;1374;34;3687.00;188
9229;26;23566113;9229;600;10598;10786;4.02;0.25;346.10;12.86;1369;34;3688.00;188
9229;26;23566132;9229;594;10598;10786;4.09;0.25;346.10;12.86;1369;34;3689.00;188
9235;26;23566155;9235;584;10601;10792;4.11;0.25;346.14;12.85;1366;34;3690.00;191
9237;26;23566178;9237;582;10601;10792;4.19;0.26;346.08;12.85;1364;34;3691.00;191
9240;26;23566198;9240;581;10602;10792;4.20;0.26;346.06;12.85;1362;34;3692.00;190
9243;26;23566220;9243;586;10602;10793;4.23;0.26;346.11;12.85;1359;34;3693.00;191
9245;26;23566237;9245;587;10603;10794;4.28;0.26;346.04;12.85;1358;34;3694.00;191
9248;26;23566258;9248;579;10604;10794;4.35;0.26;346.05;12.85;1356;34;3695.00;190
9251;26;23566277;9251;564;10614;10807;4.47;0.27;346.03;12.84;1363;34;3696.00;193
9252;26;23566298;9252;553;10615;10807;4.54;0.28;346.04;12.84;1363;34;3697.00;192
9256;26;23566318;9256;547;10615;10807;4.54;0.28;346.12;12.84;1359;34;3698.00;192
9259;26;23566339;9259;549;10615;10808;4.59;0.28;346.19;12.84;1356;34;3699.00;193
9264;26;23566363;9264;547;10617;10808;4.59;0.28;346.26;12.84;1353;34;3700.00;191
9267;26;23566388;9267;544;10620;10812;4.63;0.28;346.24;12.84;1353;34;3701.00;192
9271;26;23566409;9271;541;10621;10812;4.68;0.29;346.20;12.84;1350;34;3702.00;191
9274;26;23566429;9274;526;10625;10816;4.72;0.29;346.23;12.83;1351;34;3703.00;191
9278;26;23566449;9278;522;10625;10816;4.70;0.29;346.28;12.83;1347;34;3704.00;191
9283;26;23566470;9283;519;10626;10816;4.69;0.29;346.32;12.83;1343;34;3705.00;190
9287;26;23566491;9287;512;10627;10816;4.69;0.29;346.43;12.83;1340;34;3706.00;189
9289;26;23566511;9289;512;10627;10816;4.67;0.28;346.48;12.83;1338;34;3707.00;189
9296;26;23566531;9296;514;10637;10828;4.67;0.28;346.60;12.82;1341;34;3708.00;191
9301;26;23566552;9301;512;10638;10828;4.62;0.28;346.75;12.82;1337;34;3709.00;190
9305;26;23566572;9305;509;10638;10828;4.66;0.28;346.86;12.82;1333;34;3710.00;190
9308;26;23566594;9308;510;10639;10828;4.69;0.29;346.89;12.82;1331;34;3711.00;189
9312;26;23566609;9312;505;10639;10828;4.70;0.29;347.07;12.82;1327;34;3712.00;189
9316;26;23566625;9316;503;10639;10828;4.76;0.29;347.21;12.82;1323;34;3713.00;189
9321;26;23566641;9321;505;10640;10829;4.73;0.29;347.32;12.86;1319;34;3714.00;189
9324;26;23566657;9324;503;10640;10829;4.73;0.29;347.34;12.86;1316;34;3715.00;189
9328;26;23566674;9328;495;10645;10835;4.70;0.29;347.53;12.86;1317;34;3716.00;190
9331;26;23566690;9331;500;10646;10836;4.73;0.29;347.62;12.86;1315;34;3717.00;190
9334;26;23566707;9334;504;10646;10836;4.68;0.28;347.78;12.86;1312;34;3718.00;190
9335;26;23566723;9335;510;10646;10836;4.66;0.28;347.79;12.86;1311;34;3719.00;190
9340;26;23566741;9340;507;10650;10841;4.59;0.28;347.86;12.85;1310;34;3720.00;191
9345;26;23566757;9345;509;10650;10841;4.45;0.27;347.92;12.85;1305;34;3721.00;191
9348;26;23566771;9348;505;10650;10841;4.35;0.26;347.88;12.85;1302;34;3722.00;191
9351;26;23566788;9351;504;10651;10842;4.29;0.26;347.89;12.85;1300;34;3723.00;191
9354;26;23566803;9354;494;10654;10846;4.30;0.26;347.96;12.85;1300;34;3724.00;192
9357;26;23566819;9357;489;10654;10846;4.30;0.26;348.04;12.85;1297;34;3725.00;192
9358;26;23566834;9358;483;10656;10849;4.33;0.26;348.08;12.84;1298;34;3726.00;193
9363;26;23566850;9363;477;10656;10849;4.37;0.27;348.18;12.84;1293;34;3727.00;193
9365;26;23566865;9365;468;10658;10849;4.43;0.27;348.22;12.89;1293;34;3728.00;191
9366;26;23566880;9366;469;10658;10849;4.47;0.27;348.27;12.89;1292;34;3729.00;191
9370;26;23566899;9370;465;10662;10853;4.49;0.27;348.32;12.88;1292;34;3730.00;191
9371;26;23566915;9371;457;10662;10853;4.52;0.28;348.31;12.88;1291;34;3731.00;191
9373;26;23566942;9373;444;10662;10853;4.52;0.28;348.35;12.88;1289;34;3732.00;191
9376;26;23566958;9376;442;10662;10853;4.55;0.28;348.40;12.88;1286;34;3733.00;191
9378;26;23566974;9378;443;10662;10854;4.60;0.28;348.47;12.88;1284;34;3734.00;192
9380;26;23566989;9380;437;10664;10856;4.66;0.28;348.48;12.88;1284;34;3735.00;192
9382;26;23567005;9382;434;10664;10856;4.73;0.29;348.53;12.88;1282;34;3736.00;192
9386;26;23567022;9386;438;10665;10857;4.79;0.29;348.70;12.88;1279;34;3737.00;192
9388;26;23567039;9388;441;10665;10857;4.84;0.29;348.71;12.88;1277;34;3738.00;192
9390;26;23567055;9390;441;10665;10857;4.90;0.30;348.79;12.88;1275;34;3739.00;192
9394;26;23567070;9394;445;10665;10857;4.92;0.30;349.04;12.88;1271;34;3740.00;192
9395;26;23567086;9395;451;10666;10857;4.94;0.30;349.04;12.93;1271;34;3741.00;191
9398;26;23567104;9398;458;10666;10857;4.93;0.30;349.03;12.93;1268;34;3742.00;191
9401;26;23567120;9401;460;10666;10857;4.87;0.30;349.06;12.93;1265;34;3743.00;191
9404;26;23567136;9404;491;10744;10984;4.96;0.31;349.02;12.83;1340;34;3744.00;240
9406;26;23567161;9406;483;10744;10985;4.99;0.31;349.16;12.83;1338;34;3745.00;241
9409;26;23567178;9409;467;10749;10985;5.05;0.31;349.33;12.83;1340;34;3746.00;236
9412;26;23567193;9412;462;10751;10985;5.08;0.31;349.33;12.82;1339;34;3747.00;234
9413;26;23567209;9413;455;10755;10985;5.14;0.32;349.42;12.82;1342;34;3748.00;230
9415;26;23567225;9415;461;10756;10985;5.17;0.32;349.51;12.82;1341;34;3749.00;229
9415;26;23567243;9415;449;10760;10990;5.18;0.32;349.51;12.82;1345;34;3750.00;230
9419;26;23567260;9419;439;10762;10990;5.19;0.32;349.49;12.82;1343;34;3751.00;228
9422;26;23567276;9422;445;10765;10991;5.20;0.32;349.53;12.81;1343;34;3752.00;226
9423;26;23567291;9423;451;10768;10992;5.22;0.32;349.57;12.81;1345;34;3753.00;224
9426;26;23567309;9426;452;10770;10992;5.23;0.32;349.58;12.81;1344;34;3754.00;222
9428;26;23567325;9428;461;10773;10993;5.26;0.32;349.69;12.81;1345;34;3755.00;220
9429;26;23567342;9429;462;10778;10993;5.24;0.32;349.68;12.81;1349;34;3756.00;215
9430;26;23567359;9430;457;10780;10993;5.26;0.32;349.66;12.81;1350;34;3757.00;213
9433;26;23567375;9433;464;10781;10993;5.19;0.32;349.70;12.81;1348;34;3758.00;212
9436;26;23567391;9436;460;10787;10997;5.12;0.31;349.69;12.85;1351;34;3759.00;210
9437;26;23567409;9437;463;10788;10997;5.11;0.31;349.74;12.85;1351;34;3760.00;209
9438;26;23567425;9438;461;10788;10997;5.11;0.31;349.72;12.85;1350;34;3761.00;209
9439;26;23567444;9439;464;10791;11000;5.09;0.31;349.72;12.85;1352;34;3762.00;209
9440;26;23567484;9440;457;10792;11000;5.08;0.31;349.77;12.85;1352;34;3763.00;208
9443;26;23567505;9443;465;10793;11000;5.08;0.31;349.97;12.85;1350;34;3764.00;207
9445;26;23567524;9445;453;10795;11004;5.09;0.31;349.94;12.85;1350;34;3765.00;209
9445;26;23567543;9445;453;10798;11005;5.12;0.31;349.94;12.85;1353;34;3766.00;207
9449;26;23567562;9449;442;10798;11005;5.16;0.31;350.05;12.85;1349;34;3767.00;207
9451;26;23567584;9451;440;10802;11009;5.20;0.32;350.05;12.85;1351;34;3768.00;207
9456;26;23567605;9456;436;10803;11009;5.18;0.32;350.06;12.85;1347;34;3769.00;206
9457;26;23567625;9457;427;10803;11009;5.23;0.32;350.11;12.85;1346;34;3770.00;206
9458;26;23567644;9458;422;10804;11010;5.30;0.32;350.11;12.85;1346;34;3771.00;206
9458;26;23567674;9458;418;10804;11010;5.33;0.33;350.11;12.85;1346;34;3772.00;206
9460;26;23567696;9460;410;10809;11016;5.32;0.32;350.19;12.84;1349;34;3773.00;207
9461;26;23567722;9461;405;10809;11016;5.30;0.32;350.22;12.84;1348;34;3774.00;207
9465;26;23567744;9465;402;10809;11017;5.25;0.32;350.30;12.84;1344;34;3775.00;208
9469;26;23567762;9469;409;10809;11017;5.17;0.32;350.42;12.84;1340;34;3776.00;208
9471;26;23567780;9471;402;10809;11017;5.13;0.31;350.42;12.84;1338;34;3777.00;208
9474;26;23567799;9474;397;10811;11017;5.11;0.31;350.40;12.89;1337;34;3778.00;206
9478;26;23567817;9478;390;10812;11017;5.05;0.31;350.50;12.89;1334;34;3779.00;205
9484;26;23567843;9484;392;10834;11053;5.04;0.31;350.54;12.87;1350;34;3780.00;219
9490;26;23567873;9490;390;10837;11053;4.99;0.31;350.70;12.92;1347;34;3781.00;216
9494;26;23567895;9494;382;10841;11053;4.95;0.30;350.67;12.92;1347;34;3782.00;212
9498;26;23567914;9498;369;10842;11053;4.95;0.30;350.82;12.92;1344;34;3783.00;211
9500;26;23567933;9500;371;10844;11053;4.98;0.31;350.90;12.96;1344;34;3784.00;209
9503;26;23567954;9503;378;10844;11053;5.01;0.31;350.97;12.96;1341;34;3785.00;209
9503;26;23567971;9503;374;10846;11057;5.02;0.31;350.97;12.96;1343;34;3786.00;211
9508;26;23567990;9508;377;10847;11057;5.03;0.31;351.08;13.01;1339;34;3787.00;210
9514;26;23568009;9514;375;10850;11061;5.03;0.31;351.17;13.01;1336;34;3788.00;211
9518;26;23568031;9518;381;10851;11062;5.03;0.31;351.25;13.01;1333;34;3789.00;211
9523;26;23568049;9523;383;10854;11062;5.02;0.31;351.36;13.06;1331;34;3790.00;208
9525;26;23568067;9525;381;10854;11062;4.99;0.30;351.42;13.06;1329;34;3791.00;208
9531;26;23568085;9531;390;10864;11075;4.95;0.30;351.47;13.05;1333;34;3792.00;211
9531;26;23568107;9531;388;10864;11075;5.00;0.31;351.47;13.05;1333;34;3793.00;211
9534;26;23568124;9534;383;10865;11075;5.01;0.31;351.61;13.05;1331;34;3794.00;210
9538;26;23568142;9538;397;10866;11076;5.04;0.31;351.66;13.04;1328;34;3795.00;210
9539;26;23568162;9539;400;10866;11077;5.10;0.31;351.71;13.04;1327;34;3796.00;211
9540;26;23568182;9540;401;10866;11077;5.12;0.31;351.71;13.04;1326;34;3797.00;211
9541;26;23568199;9541;410;10870;11080;5.13;0.31;351.69;13.09;1329;34;3798.00;210
9544;26;23568218;9544;414;10871;11080;5.05;0.31;351.68;13.09;1327;34;3799.00;209
9547;26;23568237;9547;424;10872;11080;5.02;0.31;351.64;13.09;1325;34;3800.00;208
9549;26;23568259;9549;431;10872;11080;4.96;0.30;351.67;13.09;1323;34;3801.00;208
9550;26;23568288;9550;429;10877;11086;4.93;0.30;351.73;13.09;1327;34;3802.00;209
9552;26;23568308;9552;441;10878;11086;4.86;0.30;351.67;13.14;1326;34;3803.00;208
9554;26;23568327;9554;445;10879;11086;4.80;0.29;351.70;13.20;1325;34;3804.00;207
9557;26;23568345;9557;448;10880;11086;4.78;0.29;351.64;13.25;1323;34;3805.00;206
9559;26;23568363;9559;449;10883;11090;4.77;0.29;351.62;13.24;1324;34;3806.00;207
9560;26;23568382;9560;459;10884;11091;4.78;0.29;351.63;13.24;1324;34;3807.00;207
9561;26;23568400;9561;462;10886;11091;4.75;0.29;351.60;13.35;1325;34;3808.00;205
9563;26;23568423;9563;464;10887;11092;4.69;0.29;351.57;13.35;1324;34;3809.00;205
9564;26;23568455;9564;472;10889;11092;4.71;0.29;351.55;13.47;1325;34;3810.00;203
9564;26;23568474;9564;473;10889;11092;4.75;0.29;351.55;13.47;1325;34;3811.00;203
9566;26;23568491;9566;474;10891;11092;4.74;0.29;351.66;13.58;1325;34;3812.00;201
9568;26;23568509;9568;477;10891;11092;4.71;0.29;351.64;13.58;1323;34;3813.00;201
9569;26;23568527;9569;485;10892;11092;4.66;0.29;351.65;13.64;1323;34;3814.00;200
9573;26;23568544;9573;496;10892;11092;4.57;0.28;351.63;13.64;1319;34;3815.00;200
9574;26;23568561;9574;502;10929;11162;4.73;0.29;351.60;13.72;1355;34;3816.00;233
9579;26;23568584;9579;514;10931;11163;4.64;0.28;351.56;13.71;1352;34;3817.00;232
9584;26;23568602;9584;516;10939;11163;4.64;0.28;351.63;13.76;1355;34;3818.00;224
9585;26;23568620;9585;519;10943;11163;4.56;0.28;351.60;13.82;1358;34;3819.00;220
9586;26;23568637;9586;519;10946;11163;4.50;0.27;351.57;13.87;1360;34;3820.00;217
9587;26;23568653;9587;532;10948;11163;4.48;0.27;351.56;13.87;1361;34;3821.00;215
9588;26;23568678;9588;538;10952;11163;4.43;0.27;351.56;13.92;1364;34;3822.00;211
9590;26;23568695;9590;544;10954;11163;4.37;0.27;351.67;13.92;1364;34;3823.00;209
9592;26;23568711;9592;544;10956;11164;4.32;0.26;351.66;13.92;1364;34;3824.00;208
9595;26;23568728;9595;542;10960;11166;4.25;0.26;351.61;13.97;1365;34;3825.00;206
9596;26;23568746;9596;538;10961;11166;4.18;0.25;351.64;13.97;1365;34;3826.00;205
9599;26;23568762;9599;542;10968;11170;4.13;0.25;351.55;14.02;1369;34;3827.00;202
9599;26;23568779;9599;546;10969;11170;4.13;0.25;351.55;14.02;1370;34;3828.00;201
9599;26;23568795;9599;555;10972;11170;4.10;0.25;351.55;14.13;1373;34;3829.00;198
9602;26;23568812;9602;565;10973;11170;4.04;0.25;351.53;14.13;1371;34;3830.00;197
9603;26;23568828;9603;566;10978;11176;4.01;0.24;351.53;14.13;1375;34;3831.00;198
9604;26;23568845;9604;578;10981;11176;3.98;0.24;351.52;14.23;1377;34;3832.00;195
9605;26;23568862;9605;583;10983;11176;3.93;0.24;351.60;14.34;1378;34;3833.00;193
9607;26;23568879;9607;593;10985;11179;3.94;0.24;351.55;14.34;1378;34;3834.00;194
9607;26;23568896;9607;583;10987;11179;3.96;0.24;351.55;14.44;1380;34;3835.00;192
9609;26;23568909;9609;577;10988;11179;3.99;0.24;351.54;14.44;1379;34;3836.00;191
9611;26;23568924;9611;575;10988;11180;4.00;0.24;351.56;14.44;1377;34;3837.00;192
9614;26;23568939;9614;587;10991;11181;4.00;0.24;351.50;14.54;1377;34;3838.00;190
9616;26;23568954;9616;586;10991;11181;4.01;0.24;351.48;14.54;1375;34;3839.00;190
9618;26;23568970;9618;592;11007;11207;4.09;0.25;351.43;14.52;1389;34;3840.00;200
9621;26;23568987;9621;587;11008;11207;4.08;0.25;351.40;14.52;1387;34;3841.00;199
9624;26;23569008;9624;594;11013;11207;4.09;0.25;351.39;14.62;1389;34;3842.00;194
9627;26;23569024;9627;593;11016;11208;4.07;0.25;351.31;14.67;1389;34;3843.00;192
9632;26;23569039;9632;595;11018;11208;4.00;0.24;351.19;14.72;1386;34;3844.00;190
9633;26;23569054;9633;604;11022;11212;4.00;0.24;351.18;14.72;1389;34;3845.00;190
9635;26;23569069;9635;604;11025;11214;3.95;0.24;351.17;14.82;1390;34;3846.00;189
9636;26;23569082;9636;604;11029;11218;3.89;0.24;351.14;14.81;1393;34;3847.00;189
9638;26;23569098;9638;600;11029;11218;3.81;0.23;351.14;14.81;1391;34;3848.00;189
9643;26;23569118;9643;612;11029;11218;3.74;0.23;351.14;14.81;1386;34;3849.00;189
9644;26;23569131;9644;596;11029;11218;3.76;0.23;351.13;14.81;1385;34;3850.00;189
9646;26;23569152;9646;586;11029;11218;3.78;0.23;351.15;14.81;1383;34;3851.00;189
9650;26;23569165;9650;573;11039;11230;3.87;0.24;351.16;14.80;1389;34;3852.00;191
9651;26;23569180;9651;565;11039;11230;3.95;0.24;351.13;14.80;1388;34;3853.00;191
9653;26;23569195;9653;555;11040;11230;3.97;0.24;351.15;14.80;1387;34;3854.00;190
9655;26;23569209;9655;541;11040;11230;4.03;0.25;351.14;14.80;1385;34;3855.00;190
9658;26;23569224;9658;531;11040;11230;4.05;0.25;351.17;14.80;1382;34;3856.00;190
9661;26;23569239;9661;519;11040;11230;4.09;0.25;351.23;14.80;1379;34;3857.00;190
9665;26;23569254;9665;519;11040;11231;4.10;0.25;351.33;14.80;1375;34;3858.00;191
9668;26;23569268;9668;517;11040;11231;4.12;0.25;351.37;14.80;1372;34;3859.00;191
9671;27;23569284;9671;509;11045;11237;4.18;0.25;351.35;14.79;1374;35;3860.00;192
9673;27;23569313;9673;502;11046;11238;4.22;0.26;351.33;14.79;1373;35;3861.00;192
9676;27;23569328;9676;494;11046;11238;4.22;0.26;351.34;14.79;1370;35;3862.00;192
9677;27;23569343;9677;482;11046;11238;4.22;0.26;351.36;14.79;1369;35;3863.00;192
9678;27;23569358;9678;480;11049;11242;4.27;0.26;351.40;14.79;1371;35;3864.00;193
9682;27;23569373;9682;475;11049;11242;4.28;0.26;351.40;14.79;1367;35;3865.00;193
9686;27;23569388;9686;478;11049;11242;4.28;0.26;351.46;14.79;1363;35;3866.00;193
9686;27;23569402;9686;472;11050;11243;4.33;0.26;351.46;14.78;1364;35;3867.00;193
9690;27;23569417;9690;463;11053;11247;4.35;0.26;351.45;14.78;1363;35;3868.00;194
9695;27;23569432;9695;460;11053;11247;4.35;0.26;351.44;14.78;1358;35;3869.00;194
9695;27;23569449;9695;452;11058;11253;4.46;0.27;351.44;14.77;1363;35;3870.00;195
9701;27;23569465;9701;457;11058;11253;4.42;0.27;351.41;14.77;1357;35;3871.00;195
9703;27;23569481;9703;460;11059;11253;4.45;0.27;351.50;14.77;1356;35;3872.00;194
9705;27;23569495;9705;454;11059;11253;4.48;0.27;351.49;14.77;1354;35;3873.00;194
9710;27;23569510;9710;454;11063;11257;4.48;0.27;351.55;14.77;1353;35;3874.00;194
9714;27;23569526;9714;441;11063;11257;4.48;0.27;351.60;14.77;1349;35;3875.00;194
9717;27;23569542;9717;442;11063;11257;4.47;0.27;351.79;14.77;1346;35;3876.00;194
9719;27;23569557;9719;442;11063;11257;4.49;0.27;351.78;14.77;1344;35;3877.00;194
9723;27;23569572;9723;438;11063;11258;4.47;0.27;351.82;14.77;1340;35;3878.00;195
9729;27;23569588;9729;443;11064;11259;4.45;0.27;351.80;14.77;1335;35;3879.00;195
9731;27;23569603;9731;440;11064;11259;4.47;0.27;351.78;14.77;1333;35;3880.00;195
9735;27;23569619;9735;434;11065;11260;4.49;0.27;351.76;14.77;1330;35;3881.00;195
9740;27;23569634;9740;437;11065;11260;4.52;0.28;351.86;14.77;1325;35;3882.00;195
9743;27;23569649;9743;429;11065;11260;4.57;0.28;351.85;14.77;1322;35;3883.00;195
9749;27;23569664;9749;428;11065;11260;4.55;0.28;351.97;14.77;1316;35;3884.00;195
9751;27;23569681;9751;428;11065;11260;4.62;0.28;352.05;14.77;1314;35;3885.00;195
9753;27;23569696;9753;429;11065;11260;4.68;0.29;352.11;14.77;1312;35;3886.00;195
9756;27;23569710;9756;426;11065;11260;4.73;0.29;352.16;14.77;1309;35;3887.00;195
9759;27;23569726;9759;454;11137;11387;4.97;0.31;352.18;14.67;1378;35;3888.00;250
9760;27;23569752;9760;449;11142;11388;5.03;0.31;352.17;14.66;1382;35;3889.00;246
9764;27;23569768;9764;451;11147;11388;5.05;0.31;352.30;14.66;1383;35;3890.00;241
9767;27;23569784;9767;445;11147;11388;5.06;0.31;352.33;14.66;1380;35;3891.00;241
9769;27;23569800;9769;451;11150;11388;5.11;0.32;352.41;14.66;1381;35;3892.00;238
9771;27;23569816;9771;460;11151;11388;5.09;0.31;352.43;14.65;1380;35;3893.00;237
9776;27;23569831;9776;462;11152;11388;5.01;0.31;352.43;14.65;1376;35;3894.00;236
9778;27;23569853;9778;467;11154;11388;4.98;0.31;352.42;14.65;1376;35;3895.00;234
9783;27;23569869;9783;473;11157;11389;4.90;0.30;352.41;14.65;1374;35;3896.00;232
9786;27;23569885;9786;462;11159;11390;4.80;0.29;352.49;14.65;1373;35;3897.00;231
9788;27;23569901;9788;455;11160;11390;4.80;0.29;352.57;14.65;1372;35;3898.00;230
9791;27;23569918;9791;444;11161;11391;4.74;0.29;352.56;14.65;1370;35;3899.00;230
9794;27;23569935;9794;452;11169;11406;4.70;0.29;352.69;14.64;1375;35;3900.00;237
9795;27;23569957;9795;448;11173;11406;4.77;0.29;352.79;14.70;1378;35;3901.00;233
9797;27;23569973;9797;454;11173;11406;4.83;0.30;352.78;14.70;1376;35;3902.00;233
9802;27;23569990;9802;453;11178;11410;4.82;0.30;352.83;14.70;1376;35;3903.00;232
9807;27;23570006;9807;457;11179;11410;4.84;0.30;353.04;14.70;1372;35;3904.00;231
9810;27;23570024;9810;461;11182;11410;4.91;0.30;353.06;14.70;1372;36;3905.00;228
9812;27;23570057;9812;449;11185;11413;4.95;0.30;353.15;14.70;1373;36;3906.00;228
9816;27;23570073;9816;441;11187;11413;4.96;0.30;353.31;14.70;1371;36;3907.00;226
9821;27;23570089;9821;438;11190;11413;4.96;0.30;353.31;14.70;1369;36;3908.00;223
9825;27;23570105;9825;435;11194;11417;4.97;0.30;353.47;14.69;1369;36;3909.00;223
9828;27;23570122;9828;431;11197;11418;4.98;0.31;353.61;14.69;1369;36;3910.00;221
9832;27;23570139;9832;433;11200;11418;5.01;0.31;353.80;14.69;1368;36;3911.00;218
9835;27;23570155;9835;429;11204;11422;5.07;0.31;353.90;14.69;1369;36;3912.00;218
9840;27;23570172;9840;432;11206;11422;5.04;0.31;354.12;14.69;1366;36;3913.00;216
9840;27;23570188;9840;439;11206;11422;5.05;0.31;354.12;14.69;1366;36;3914.00;216
9842;27;23570204;9842;441;11209;11424;5.07;0.31;354.26;14.69;1367;36;3915.00;215
9845;27;23570222;9845;446;11210;11424;5.06;0.31;354.27;14.69;1365;36;3916.00;214
9849;27;23570244;9849;448;11215;11430;5.04;0.31;354.46;14.68;1366;36;3917.00;215
9852;27;23570261;9852;451;11216;11430;4.99;0.31;354.60;14.68;1364;36;3918.00;214
9854;27;23570277;9854;457;11217;11431;4.99;0.30;354.64;14.73;1363;36;3919.00;214
9857;27;23570295;9857;461;11217;11431;4.97;0.30;354.78;14.73;1360;36;3920.00;214
9858;27;23570311;9858;464;11217;11431;4.95;0.30;354.79;14.73;1359;36;3921.00;214
9861;27;23570327;9861;468;11218;11431;4.94;0.30;354.83;14.74;1357;36;3922.00;213
9867;27;23570343;9867;473;11220;11431;4.89;0.30;354.95;14.79;1353;36;3923.00;211
9868;27;23570359;9868;476;11228;11443;4.91;0.30;354.95;14.78;1360;36;3924.00;215
9870;27;23570381;9870;484;11230;11443;4.84;0.29;354.98;14.78;1360;36;3925.00;213
9872;27;23570397;9872;480;11233;11443;4.83;0.29;355.08;14.83;1361;36;3926.00;210
9877;27;23570413;9877;480;11233;11443;4.84;0.29;355.16;14.83;1356;36;3927.00;210
9878;27;23570431;9878;482;11233;11443;4.86;0.30;355.22;14.83;1355;36;3928.00;210
9881;27;23570447;9881;479;11235;11443;4.80;0.29;355.20;14.83;1354;36;3929.00;208
9884;27;23570465;9884;468;11239;11447;4.81;0.29;355.27;14.87;1355;36;3930.00;208
9886;27;23570481;9886;480;11239;11447;4.84;0.29;355.25;14.87;1353;36;3931.00;208
9888;27;23570497;9888;472;11243;11451;4.82;0.29;355.25;14.87;1355;36;3932.00;208
9889;27;23570514;9889;483;11244;11452;4.80;0.29;355.30;14.87;1355;36;3933.00;208
9891;27;23570529;9891;486;11244;11452;4.83;0.29;355.32;14.87;1353;36;3934.00;208
9892;27;23570545;9892;486;11244;11452;4.81;0.29;355.39;14.87;1352;36;3935.00;208
9897;27;23570560;9897;489;11255;11465;4.81;0.29;355.54;14.85;1358;36;3936.00;210
9899;27;23570577;9899;492;11255;11465;4.82;0.29;355.55;14.85;1356;36;3937.00;210
9903;27;23570595;9903;494;11255;11465;4.78;0.29;355.70;14.85;1352;36;3938.00;210
9905;27;23570610;9905;501;11256;11466;4.77;0.29;355.84;14.85;1351;36;3939.00;210
9909;27;23570626;9909;495;11256;11467;4.75;0.29;355.86;14.85;1347;36;3940.00;211
9911;27;23570641;9911;492;11256;11467;4.73;0.29;355.87;14.85;1345;36;3941.00;211
9915;27;23570657;9915;484;11258;11470;4.73;0.29;355.89;14.85;1343;36;3942.00;212
9916;27;23570672;9916;477;11258;11470;4.71;0.29;355.94;14.85;1342;36;3943.00;212
9917;27;23570688;9917;475;11259;11470;4.72;0.29;355.95;14.85;1342;36;3944.00;211
9920;27;23570703;9920;466;11259;11470;4.67;0.28;356.07;14.85;1339;36;3945.00;211
9921;27;23570718;9921;467;11264;11476;4.68;0.28;356.07;14.84;1343;36;3946.00;212
9921;27;23570734;9921;474;11264;11476;4.67;0.28;356.07;14.84;1343;36;3947.00;212
9925;27;23570749;9925;479;11264;11476;4.61;0.28;356.08;14.84;1339;36;3948.00;212
9927;27;23570766;9927;483;11264;11476;4.57;0.28;356.16;14.84;1337;36;3949.00;212
9929;27;23570787;9929;488;11267;11480;4.51;0.27;356.27;14.84;1338;36;3950.00;213
9930;27;23570807;9930;487;11268;11481;4.49;0.27;356.27;14.83;1338;36;3951.00;213
9932;27;23570825;9932;499;11268;11481;4.45;0.27;356.26;14.83;1336;36;3952.00;213
9934;27;23570842;9934;504;11269;11482;4.39;0.27;356.28;14.83;1335;36;3953.00;213
9934;27;23570860;9934;508;11269;11482;4.36;0.26;356.28;14.83;1335;36;3954.00;213
9936;27;23570879;9936;496;11271;11482;4.33;0.26;356.28;14.95;1335;36;3955.00;211
9938;27;23570905;9938;503;11271;11482;4.25;0.26;356.29;14.95;1333;36;3956.00;211
9940;27;23570921;9940;497;11271;11482;4.19;0.26;356.26;14.95;1331;36;3957.00;211
9943;27;23570945;9943;499;11271;11482;4.17;0.25;356.25;14.95;1328;36;3958.00;211
9944;27;23570969;9944;493;11271;11482;4.20;0.26;356.24;14.95;1327;36;3959.00;211
9946;27;23570990;9946;504;11330;11607;4.45;0.28;356.19;14.87;1384;36;3960.00;277
9948;27;23571022;9948;494;11331;11608;4.48;0.28;356.16;14.87;1383;36;3961.00;277
9951;27;23571039;9951;494;11341;11608;4.56;0.28;356.19;14.86;1390;36;3962.00;267
9953;27;23571056;9953;487;11343;11608;4.58;0.28;356.14;14.86;1390;36;3963.00;265
9954;27;23571074;9954;497;11347;11608;4.63;0.28;356.14;14.85;1393;36;3964.00;261
9958;27;23571091;9958;497;11350;11608;4.61;0.28;356.09;14.85;1392;36;3965.00;258
9960;27;23571107;9960;496;11355;11608;4.60;0.28;356.04;14.85;1395;36;3966.00;253
9964;27;23571123;9964;499;11358;11608;4.60;0.28;356.00;14.85;1394;36;3967.00;250
9965;27;23571139;9965;504;11363;11609;4.61;0.28;355.98;14.84;1398;36;3968.00;246
9972;27;23571154;9972;516;11364;11610;4.57;0.28;355.96;14.84;1392;36;3969.00;246
9972;27;23571170;9972;517;11368;11610;4.59;0.28;355.96;14.84;1396;36;3970.00;242
9977;27;23571186;9977;528;11372;11614;4.56;0.28;355.88;14.84;1395;36;3971.00;242
9980;27;23571201;9980;527;11373;11614;4.49;0.27;355.82;14.83;1393;36;3972.00;241
9983;27;23571216;9983;537;11374;11614;4.43;0.27;355.79;14.83;1391;36;3973.00;240
9984;27;23571230;9984;534;11375;11614;4.36;0.27;355.75;14.83;1391;36;3974.00;239
9984;27;23571245;9984;542;11379;11620;4.34;0.27;355.75;14.83;1395;36;3975.00;241
9985;27;23571262;9985;555;11382;11620;4.29;0.26;355.73;14.83;1397;36;3976.00;238
9987;27;23571278;9987;560;11382;11620;4.22;0.26;355.76;14.83;1395;36;3977.00;238
9987;27;23571292;9987;564;11383;11623;4.18;0.26;355.76;14.83;1396;36;3978.00;240
9989;27;23571308;9989;569;11385;11623;4.13;0.25;355.80;14.83;1396;36;3979.00;238
9990;27;23571323;9990;574;11386;11623;4.09;0.25;355.78;14.89;1396;36;3980.00;237
9992;27;23571338;9992;577;11386;11624;4.04;0.25;355.79;14.89;1394;36;3981.00;238
9993;27;23571353;9993;583;11389;11625;4.02;0.25;355.81;14.89;1396;36;3982.00;236
9994;27;23571367;9994;591;11391;11625;3.97;0.24;355.80;14.95;1397;36;3983.00;234
9999;27;23571382;9999;605;11402;11638;3.92;0.24;355.75;14.93;1403;36;3984.00;236
10000;27;23571398;10000;608;11402;11638;3.92;0.24;355.72;14.93;1402;36;3985.00;236
10005;27;23571412;10005;602;11402;11638;3.84;0.23;355.70;14.93;1397;36;3986.00;236
10005;27;23571428;10005;610;11407;11639;3.84;0.23;355.70;15.22;1402;36;3987.00;232
10006;27;23571442;10006;611;11408;11639;3.81;0.23;355.69;15.22;1402;36;3988.00;231
10008;27;23571456;10008;617;11411;11643;3.83;0.23;355.70;15.22;1403;36;3989.00;232
10008;27;23571473;10008;621;11412;11643;3.84;0.23;355.70;15.22;1404;36;3990.00;231
10010;27;23571487;10010;630;11415;11647;3.83;0.23;355.77;15.21;1405;36;3991.00;232
10010;27;23571502;10010;625;11415;11647;3.83;0.23;355.77;15.21;1405;36;3992.00;232
10012;27;23571515;10012;615;11419;11647;3.85;0.24;355.78;15.45;1407;36;3993.00;228
10014;27;23571530;10014;613;11420;11647;3.84;0.24;355.75;15.45;1406;36;3994.00;227
10015;27;23571544;10015;617;11422;11647;3.83;0.24;355.72;15.56;1407;36;3995.00;225
10016;27;23571559;10016;614;11429;11659;3.86;0.24;355.68;15.55;1413;36;3996.00;230
10017;27;23571574;10017;609;11431;11659;3.89;0.24;355.65;15.61;1414;36;3997.00;228
10018;27;23571588;10018;608;11433;11659;3.90;0.24;355.64;15.66;1415;36;3998.00;226
10019;27;23571609;10019;602;11433;11659;3.92;0.24;355.65;15.66;1414;36;3999.00;226
10020;27;23571624;10020;609;11434;11659;3.91;0.24;355.63;15.72;1414;36;4000.00;225
10021;27;23571643;10021;603;11434;11659;3.92;0.24;355.61;15.72;1413;36;4001.00;225
10021;27;23571658;10021;597;11435;11660;3.94;0.24;355.61;15.77;1414;36;4002.00;225
10022;27;23571671;10022;599;11436;11660;3.94;0.24;355.61;15.83;1414;36;4003.00;224
10023;27;23571686;10023;596;11441;11666;4.01;0.24;355.62;15.82;1418;36;4004.00;225
10025;27;23571701;10025;604;11443;11668;4.03;0.25;355.65;15.82;1418;36;4005.00;225
10027;27;23571715;10027;604;11443;11668;4.06;0.25;355.59;15.82;1416;36;4006.00;225
10028;27;23571742;10028;603;11443;11668;4.13;0.25;355.58;15.82;1415;36;4007.00;225
10029;27;23571757;10029;603;11445;11672;4.17;0.25;355.58;15.82;1416;36;4008.00;227
10030;27;23571772;10030;597;11446;11672;4.19;0.26;355.56;15.82;1416;36;4009.00;226
10030;27;23571787;10030;595;11446;11672;4.21;0.26;355.56;15.82;1416;36;4010.00;226
10032;27;23571802;10032;598;11447;11673;4.23;0.26;355.57;15.82;1415;36;4011.00;226
10035;27;23571815;10035;594;11450;11677;4.24;0.26;355.65;15.81;1415;36;4012.00;227
10038;27;23571830;10038;591;11450;11677;4.24;0.26;355.67;15.81;1412;36;4013.00;227
10042;27;23571845;10042;590;11452;11680;4.23;0.26;355.82;15.81;1410;36;4014.00;228
10042;27;23571860;10042;587;11452;11680;4.19;0.26;355.82;15.81;1410;36;4015.00;228
10044;27;23571874;10044;595;11453;11680;4.14;0.25;355.82;15.81;1409;36;4016.00;227
10047;27;23571888;10047;598;11453;11680;4.10;0.25;355.88;15.81;1406;36;4017.00;227
10049;27;23571902;10049;599;11457;11684;4.10;0.25;355.86;15.80;1408;36;4018.00;227
10051;27;23571916;10051;602;11457;11684;4.06;0.25;355.82;15.80;1406;36;4019.00;227
10054;27;23571931;10054;605;11457;11684;4.03;0.25;355.74;15.80;1403;36;4020.00;227
10058;27;23571945;10058;596;11457;11684;3.97;0.24;355.83;15.80;1399;36;4021.00;227
10059;27;23571959;10059;591;11457;11685;3.99;0.24;355.85;15.80;1398;36;4022.00;228
10064;27;23571973;10064;594;11458;11686;3.97;0.24;355.86;15.80;1394;36;4023.00;228
10067;27;23571987;10067;594;11458;11686;3.95;0.24;355.89;15.80;1391;36;4024.00;228
10070;27;23572000;10070;581;11459;11687;3.96;0.24;355.98;15.80;1389;36;4025.00;228
10076;27;23572014;10076;572;11459;11687;3.97;0.24;356.15;15.80;1383;36;4026.00;228
10076;27;23572030;10076;567;11459;11687;3.98;0.24;356.15;15.80;1383;36;4027.00;228
10081;27;23572043;10081;560;11459;11687;3.96;0.24;356.24;15.80;1378;36;4028.00;228
10085;27;23572058;10085;553;11459;11687;3.99;0.24;356.37;15.80;1374;36;4029.00;228
10089;27;23572073;10089;553;11459;11687;4.05;0.25;356.39;15.80;1370;36;4030.00;228
10092;27;23572089;10092;548;11459;11687;4.10;0.25;356.61;15.80;1367;36;4031.00;228
10094;27;23572104;10094;555;11524;11814;4.46;0.28;356.69;15.71;1430;36;4032.00;290
10099;27;23572129;10099;544;11526;11815;4.54;0.28;356.84;15.71;1427;36;4033.00;289
10100;27;23572145;10100;528;11530;11815;4.63;0.29;356.85;15.70;1430;36;4034.00;285
10104;27;23572160;10104;507;11534;11815;4.65;0.29;356.93;15.70;1430;36;4035.00;281
10106;27;23572175;10106;506;11539;11815;4.67;0.29;356.94;15.69;1433;36;4036.00;276
10109;27;23572190;10109;496;11541;11815;4.69;0.29;357.02;15.69;1432;36;4037.00;274
10114;27;23572206;10114;497;11542;11815;4.66;0.29;357.08;15.69;1428;36;4038.00;273
10119;27;23572222;10119;500;11544;11815;4.62;0.28;357.12;15.69;1425;36;4039.00;271
10125;27;23572239;10125;498;11544;11816;4.57;0.28;357.07;15.69;1419;36;4040.00;272
10127;27;23572254;10127;505;11546;11817;4.55;0.28;357.17;15.69;1419;36;4041.00;271
10129;27;23572270;10129;500;11548;11817;4.56;0.28;357.17;15.69;1419;36;4042.00;269
10132;27;23572286;10132;507;11549;11818;4.57;0.28;357.28;15.69;1417;36;4043.00;269
10135;27;23572302;10135;506;11550;11818;4.56;0.28;357.40;15.69;1415;36;4044.00;268
10136;27;23572317;10136;510;11551;11818;4.60;0.28;357.39;15.69;1415;36;4045.00;267
10142;27;23572334;10142;511;11553;11818;4.56;0.28;357.50;15.69;1411;36;4046.00;265
10148;27;23572350;10148;521;11557;11822;4.54;0.28;357.71;15.68;1409;36;4047.00;265
10151;27;23572368;10151;517;11558;11822;4.57;0.28;357.73;15.68;1407;36;4048.00;264
10159;27;23572384;10159;519;11559;11822;4.51;0.28;357.87;15.68;1400;36;4049.00;263
10163;27;23572402;10163;524;11564;11828;4.52;0.28;357.93;15.68;1401;36;4050.00;264
10167;27;23572418;10167;522;11564;11828;4.49;0.27;357.90;15.68;1397;36;4051.00;264
10171;27;23572436;10171;520;11567;11828;4.49;0.27;357.94;15.68;1396;36;4052.00;261
10175;27;23572455;10175;532;11570;11832;4.45;0.27;357.98;15.67;1395;36;4053.00;262
10179;27;23572472;10179;521;11573;11833;4.45;0.27;357.99;15.67;1394;36;4054.00;260
10182;27;23572491;10182;519;11573;11833;4.43;0.27;358.07;15.67;1391;36;4055.00;260
10186;27;23572510;10186;521;11575;11837;4.43;0.27;358.29;15.67;1389;36;4056.00;262
10190;27;23572527;10190;527;11575;11837;4.47;0.27;358.28;15.67;1385;36;4057.00;262
10193;27;23572545;10193;534;11577;11837;4.45;0.27;358.37;15.68;1384;36;4058.00;260
10197;27;23572562;10197;531;11579;11838;4.39;0.27;358.55;15.68;1382;36;4059.00;259
10199;27;23572579;10199;529;11580;11838;4.44;0.27;358.58;15.73;1381;36;4060.00;258
10204;27;23572597;10204;521;11585;11844;4.45;0.27;358.65;15.73;1381;36;4061.00;259
10207;27;23572615;10207;522;11588;11844;4.44;0.27;358.63;15.74;1381;36;4062.00;256
10209;27;23572637;10209;520;11589;11845;4.47;0.27;358.62;15.74;1380;36;4063.00;256
10211;27;23572652;10211;513;11590;11845;4.49;0.27;358.64;15.74;1379;36;4064.00;255
10214;27;23572667;10214;513;11593;11845;4.49;0.27;358.64;15.74;1379;36;4065.00;252
10216;27;23572682;10216;506;11594;11845;4.50;0.27;358.70;15.74;1378;36;4066.00;251
10219;27;23572698;10219;508;11597;11845;4.47;0.27;358.69;15.74;1378;36;4067.00;248
10223;27;23572713;10223;507;11602;11857;4.48;0.27;358.73;15.74;1379;36;4068.00;255
10224;27;23572730;10224;510;11607;11857;4.44;0.27;358.76;15.73;1383;36;4069.00;250
10228;27;23572745;10228;512;11608;11857;4.41;0.27;358.91;15.73;1380;36;4070.00;249
10230;27;23572761;10230;521;11608;11857;4.40;0.27;358.90;15.73;1378;36;4071.00;249
10233;27;23572777;10233;515;11609;11857;4.40;0.27;358.93;15.73;1376;36;4072.00;248
10235;27;23572792;10235;511;11609;11857;4.41;0.27;358.98;15.73;1374;36;4073.00;248
10237;27;23572808;10237;514;11614;11861;4.45;0.27;358.98;15.79;1377;36;4074.00;247
10240;27;23572824;10240;513;11614;11861;4.46;0.27;359.03;15.79;1374;36;4075.00;247
10242;27;23572840;10242;522;11619;11865;4.50;0.27;359.03;15.78;1377;36;4076.00;246
10246;27;23572857;10246;520;11621;11866;4.50;0.27;359.07;15.79;1375;36;4077.00;245
10247;27;23572873;10247;526;11621;11866;4.50;0.27;359.08;15.79;1374;36;4078.00;245
10248;27;23572888;10248;523;11624;11866;4.51;0.27;359.15;15.79;1376;36;4079.00;242
10253;27;23572906;10253;533;11646;11895;4.43;0.27;359.32;15.76;1393;36;4080.00;249
10255;27;23572925;10255;525;11646;11895;4.41;0.27;359.35;15.76;1391;36;4081.00;249
10261;27;23572941;10261;516;11649;11895;4.41;0.27;359.41;15.76;1388;36;4082.00;246
10262;27;23572956;10262;523;11650;11896;4.43;0.27;359.45;15.76;1388;36;4083.00;246
10264;27;23572972;10264;518;11651;11897;4.47;0.27;359.55;15.81;1387;36;4084.00;246
10266;27;23572988;10266;518;11652;11897;4.48;0.27;359.57;15.81;1386;36;4085.00;245
10266;27;23573005;10266;518;11654;11900;4.51;0.27;359.57;15.81;1388;36;4086.00;246
10271;27;23573021;10271;524;11654;11900;4.50;0.27;359.84;15.81;1383;36;4087.00;246
10272;27;23573040;10272;529;11655;11900;4.50;0.27;359.88;15.81;1383;36;4088.00;245
10274;27;23573055;10274;535;11655;11900;4.50;0.27;359.88;15.81;1381;36;4089.00;245
10278;27;23573071;10278;543;11660;11906;4.48;0.27;360.02;15.80;1382;36;4090.00;246
10282;27;23573087;10282;546;11660;11906;4.47;0.27;360.02;15.80;1378;36;4091.00;246
10283;27;23573103;10283;541;11660;11906;4.43;0.27;360.06;15.80;1377;36;4092.00;246
10287;27;23573126;10287;546;11660;11906;4.36;0.27;360.26;15.80;1373;36;4093.00;246
10289;27;23573142;10289;550;11663;11910;4.30;0.26;360.30;15.80;1374;36;4094.00;247
10291;27;23573158;10291;543;11665;11912;4.29;0.26;360.29;15.80;1374;36;4095.00;247
10292;27;23573174;10292;540;11665;11912;4.34;0.27;360.31;15.80;1373;36;4096.00;247
10295;27;23573189;10295;536;11666;11913;4.38;0.27;360.38;15.79;1371;36;4097.00;247
10296;27;23573205;10296;535;11666;11913;4.42;0.27;360.39;15.79;1370;36;4098.00;247
10298;27;23573220;10298;533;11667;11913;4.43;0.27;360.50;15.85;1369;36;4099.00;246
10299;27;23573235;10299;538;11667;11913;4.45;0.27;360.61;15.85;1368;36;4100.00;246
10301;27;23573255;10301;539;11667;11913;4.45;0.27;360.68;15.85;1366;36;4101.00;246
10306;27;23573270;10306;541;11667;11913;4.43;0.27;360.83;15.85;1361;36;4102.00;246
10308;27;23573285;10308;543;11667;11913;4.40;0.27;360.91;15.85;1359;36;4103.00;246
10311;27;23573299;10311;568;11705;11983;4.42;0.27;360.95;15.80;1394;36;4104.00;278
10314;27;23573320;10314;552;11706;11984;4.43;0.27;361.07;15.79;1392;36;4105.00;278
10315;27;23573335;10315;555;11711;11984;4.49;0.28;361.12;15.79;1396;36;4106.00;273
10316;27;23573350;10316;554;11714;11984;4.54;0.28;361.11;15.79;1398;36;4107.00;270
10319;27;23573365;10319;559;11718;11984;4.57;0.28;361.14;15.78;1399;36;4108.00;266
10321;27;23573380;10321;559;11722;11984;4.60;0.28;361.18;15.78;1401;36;4109.00;262
10323;27;23573397;10323;565;11725;11984;4.63;0.28;361.20;15.78;1402;36;4110.00;259
10326;27;23573412;10326;579;11727;11984;4.63;0.28;361.24;15.77;1401;36;4111.00;257
10330;27;23573427;10330;576;11728;11985;4.63;0.28;361.21;15.77;1398;36;4112.00;257
10331;27;23573442;10331;577;11731;11986;4.66;0.29;361.31;15.77;1400;36;4113.00;255
10335;27;23573458;10335;585;11733;11986;4.67;0.29;361.32;15.77;1398;36;4114.00;253
10336;27;23573474;10336;584;11737;11990;4.67;0.29;361.35;15.77;1401;36;4115.00;253
10338;27;23573490;10338;580;11738;11990;4.67;0.29;361.38;15.76;1400;36;4116.00;252
10339;27;23573505;10339;580;11738;11990;4.68;0.29;361.36;15.76;1399;36;4117.00;252
10341;27;23573520;10341;581;11738;11990;4.71;0.29;361.31;15.76;1397;36;4118.00;252
10343;27;23573536;10343;574;11743;11996;4.73;0.29;361.35;15.76;1400;36;4119.00;253
10348;27;23573552;10348;574;11743;11996;4.74;0.29;361.44;15.76;1395;36;4120.00;253
10351;27;23573567;10351;576;11743;11996;4.74;0.29;361.51;15.76;1392;36;4121.00;253
10356;27;23573583;10356;564;11745;11999;4.78;0.29;361.52;15.76;1389;36;4122.00;254
10361;27;23573600;10361;570;11746;11999;4.80;0.29;361.69;15.75;1385;36;4123.00;253
10363;27;23573616;10363;560;11746;11999;4.82;0.29;361.68;15.75;1383;36;4124.00;253
10366;27;23573631;10366;556;11746;12000;4.84;0.29;361.71;15.75;1380;36;4125.00;254
10370;27;23573646;10370;561;11747;12001;4.82;0.29;361.73;15.75;1377;36;4126.00;254
10372;27;23573668;10372;564;11747;12001;4.80;0.29;361.72;15.75;1375;36;4127.00;254
10377;27;23573682;10377;570;11757;12014;4.74;0.29;361.63;15.74;1380;36;4128.00;257
10381;27;23573698;10381;567;11757;12014;4.64;0.28;361.69;15.74;1376;36;4129.00;257
10384;27;23573714;10384;567;11758;12014;4.59;0.28;361.75;15.81;1374;36;4130.00;256
10391;27;23573731;10391;565;11759;12015;4.52;0.27;361.78;15.80;1368;36;4131.00;256
10393;27;23573753;10393;553;11759;12015;4.50;0.27;361.82;15.80;1366;36;4132.00;256
10396;27;23573767;10396;557;11765;12019;4.51;0.27;361.81;15.86;1369;36;4133.00;254
10399;27;23573783;10399;549;11765;12019;4.48;0.27;361.75;15.86;1366;36;4134.00;254
10400;27;23573798;10400;548;11768;12023;4.46;0.27;361.76;15.85;1368;36;4135.00;255
10404;27;23573812;10404;546;11768;12023;4.45;0.27;361.84;15.85;1364;36;4136.00;255
10406;27;23573827;10406;553;11769;12023;4.44;0.27;361.81;15.91;1363;36;4137.00;254
10408;27;23573841;10408;548;11769;12023;4.43;0.27;361.76;15.91;1361;36;4138.00;254
10410;27;23573856;10410;555;11769;12023;4.41;0.27;361.72;15.91;1359;36;4139.00;254
10411;27;23573872;10411;556;11790;12057;4.52;0.28;361.73;15.88;1379;36;4140.00;267
10413;27;23573889;10413;552;11791;12057;4.51;0.28;361.68;15.88;1378;36;4141.00;266
10418;27;23573904;10418;548;11792;12057;4.50;0.28;361.62;15.88;1374;36;4142.00;265
10421;27;23573919;10421;552;11793;12057;4.52;0.28;361.70;15.88;1372;36;4143.00;264
10423;27;23573933;10423;550;11793;12057;4.55;0.28;361.64;15.88;1370;36;4144.00;264
10425;27;23573948;10425;552;11793;12057;4.54;0.28;361.61;15.88;1368;36;4145.00;264
10425;27;23573963;10425;554;11793;12058;4.53;0.28;361.61;15.88;1368;36;4146.00;265
10428;27;23573977;10428;554;11795;12058;4.48;0.27;361.64;15.93;1367;36;4147.00;263
10431;27;23573991;10431;558;11799;12064;4.46;0.27;361.62;15.93;1368;36;4148.00;265
10432;27;23574006;10432;545;11800;12065;4.47;0.27;361.59;15.92;1368;36;4149.00;265
10435;27;23574022;10435;546;11800;12065;4.45;0.27;361.56;15.92;1365;36;4150.00;265
10435;27;23574037;10435;544;11802;12065;4.44;0.27;361.56;15.92;1367;36;4151.00;263
10438;27;23574051;10438;541;11806;12069;4.41;0.27;361.65;15.99;1368;36;4152.00;263
10438;27;23574066;10438;550;11807;12069;4.42;0.27;361.65;15.99;1369;36;4153.00;262
10439;27;23574082;10439;549;11808;12069;4.43;0.27;361.66;15.99;1369;36;4154.00;261
10440;27;23574097;10440;558;11810;12070;4.44;0.27;361.71;16.05;1370;36;4155.00;260
10444;27;23574118;10444;563;11814;12074;4.42;0.27;361.61;16.05;1370;36;4156.00;260
10447;27;23574133;10447;561;11814;12074;4.47;0.27;361.68;16.05;1367;36;4157.00;260
10447;27;23574148;10447;559;11817;12077;4.50;0.27;361.68;16.11;1370;36;4158.00;260
10447;27;23574169;10447;561;11818;12077;4.53;0.28;361.68;16.11;1371;36;4159.00;259
10449;27;23574184;10449;555;11819;12077;4.49;0.27;361.72;16.18;1370;36;4160.00;258
10452;27;23574198;10452;556;11819;12077;4.45;0.27;361.75;16.18;1367;36;4161.00;258
10452;27;23574213;10452;554;11824;12081;4.47;0.27;361.75;16.24;1372;36;4162.00;257
10453;27;23574227;10453;557;11824;12081;4.47;0.27;361.73;16.24;1371;36;4163.00;257
10453;27;23574242;10453;559;11824;12081;4.48;0.27;361.73;16.24;1371;36;4164.00;257
10455;27;23574257;10455;560;11826;12081;4.47;0.27;361.76;16.37;1371;36;4165.00;255
10455;27;23574271;10455;557;11826;12082;4.51;0.28;361.76;16.37;1371;36;4166.00;256
10457;27;23574287;10457;568;11827;12083;4.54;0.28;361.77;16.37;1370;36;4167.00;256
10457;27;23574302;10457;567;11829;12083;4.56;0.28;361.77;16.50;1372;36;4168.00;254
10460;27;23574319;10460;573;11830;12084;4.59;0.28;361.72;16.50;1370;36;4169.00;254
10461;27;23574335;10461;579;11830;12084;4.60;0.28;361.70;16.50;1369;36;4170.00;254
10465;27;23574350;10465;572;11831;12084;4.60;0.28;361.68;16.56;1366;36;4171.00;253
10465;27;23574365;10465;580;11831;12084;4.65;0.28;361.68;16.56;1366;36;4172.00;253
10468;27;23574379;10468;583;11834;12086;4.62;0.28;361.74;16.62;1366;36;4173.00;252
10471;27;23574394;10471;578;11834;12086;4.57;0.28;361.86;16.62;1363;36;4174.00;252
10474;27;23574409;10474;571;11835;12086;4.51;0.27;361.97;16.69;1361;36;4175.00;251
10475;27;23574424;10475;581;11898;12213;4.77;0.30;362.03;16.66;1423;36;4176.00;315
10478;27;23574448;10478;576;11901;12214;4.74;0.29;362.13;16.66;1423;36;4177.00;313
10480;27;23574463;10480;564;11908;12214;4.77;0.30;362.09;16.65;1428;36;4178.00;306
10485;27;23574477;10485;560;11913;12214;4.78;0.30;362.32;16.65;1428;36;4179.00;301
10490;27;23574493;10490;556;11919;12214;4.78;0.29;362.29;16.64;1429;36;4180.00;295
10492;27;23574514;10492;557;11925;12214;4.75;0.29;362.42;16.63;1433;36;4181.00;289
10492;27;23574530;10492;557;11928;12214;4.76;0.29;362.42;16.63;1436;36;4182.00;286
10493;27;23574545;10493;560;11931;12214;4.77;0.29;362.44;16.63;1438;36;4183.00;283
10495;27;23574560;10495;563;11934;12215;4.75;0.29;362.52;16.63;1439;36;4184.00;281
10497;27;23574576;10497;566;11936;12217;4.72;0.29;362.51;16.62;1439;36;4185.00;281
10498;27;23574592;10498;564;11939;12217;4.72;0.29;362.59;16.62;1441;36;4186.00;278
10501;27;23574607;10501;566;11940;12218;4.68;0.29;362.64;16.62;1439;36;4187.00;278
10505;27;23574622;10505;568;11943;12218;4.62;0.28;362.72;16.62;1438;36;4188.00;275
10506;27;23574637;10506;574;11944;12218;4.60;0.28;362.68;16.62;1438;36;4189.00;274
10512;27;23574653;10512;585;11947;12218;4.52;0.28;362.80;16.62;1435;36;4190.00;271
10512;27;23574667;10512;582;11951;12222;4.49;0.28;362.80;16.62;1439;36;4191.00;271
10518;27;23574689;10518;594;11953;12222;4.42;0.27;362.93;16.62;1435;36;4192.00;269
10522;27;23574704;10522;603;11956;12222;4.35;0.27;362.91;16.61;1434;36;4193.00;266
10525;27;23574718;10525;595;11959;12225;4.31;0.26;362.97;16.61;1434;36;4194.00;266
10529;27;23574734;10529;589;11959;12225;4.21;0.26;363.00;16.61;1430;36;4195.00;266
10531;27;23574749;10531;603;11961;12225;4.19;0.26;362.96;16.61;1430;36;4196.00;264
10536;27;23574763;10536;607;11964;12229;4.16;0.25;363.00;16.61;1428;36;4197.00;265
10537;27;23574778;10537;616;11966;12230;4.16;0.25;362.98;16.61;1429;36;4198.00;264
10539;27;23574800;10539;615;11967;12230;4.16;0.25;363.05;16.61;1428;36;4199.00;263
10545;27;23574816;10545;615;11978;12264;4.16;0.25;363.15;16.59;1433;36;4200.00;286
10547;27;23574838;10547;601;11979;12264;4.19;0.26;363.14;16.59;1432;36;4201.00;285
10551;27;23574854;10551;594;11980;12264;4.21;0.26;363.30;16.59;1429;36;4202.00;284
10556;27;23574876;10556;590;11980;12265;4.21;0.26;363.37;16.59;1424;36;4203.00;285
10557;27;23574891;10557;587;11981;12265;4.26;0.26;363.45;16.59;1424;36;4204.00;284
10562;27;23574906;10562;584;11984;12271;4.33;0.26;363.59;16.58;1422;36;4205.00;287
10564;27;23574923;10564;581;11987;12271;4.38;0.27;363.57;16.58;1423;36;4206.00;284
10567;27;23574938;10567;569;11988;12272;4.44;0.27;363.62;16.58;1421;36;4207.00;284
10571;27;23574954;10571;561;11988;12272;4.48;0.27;363.79;16.58;1417;36;4208.00;284
10573;27;23574970;10573;558;11988;12272;4.53;0.27;363.87;16.58;1415;36;4209.00;284
10577;27;23574985;10577;545;11988;12272;4.53;0.27;363.93;16.58;1411;36;4210.00;284
10580;27;23575002;10580;542;11988;12272;4.56;0.28;364.01;16.58;1408;36;4211.00;284
10584;27;23575018;10584;528;11998;12284;4.59;0.28;364.16;16.57;1414;36;4212.00;286
10587;27;23575043;10587;532;11999;12284;4.64;0.28;364.21;16.57;1412;36;4213.00;285
10590;27;23575059;10590;527;11999;12284;4.67;0.28;364.30;16.57;1409;36;4214.00;285
10594;27;23575076;10594;520;11999;12284;4.75;0.29;364.34;16.57;1405;36;4215.00;285
10600;27;23575092;10600;517;11999;12284;4.74;0.29;364.39;16.57;1399;36;4216.00;285
10604;27;23575108;10604;509;11999;12284;4.73;0.29;364.35;16.57;1395;36;4217.00;285
10608;27;23575125;10608;509;12004;12288;4.75;0.29;364.37;16.57;1396;36;4218.00;284
10609;27;23575141;10609;509;12006;12288;4.79;0.29;364.39;16.57;1397;36;4219.00;282
10612;27;23575157;10612;512;12008;12292;4.82;0.29;364.43;16.56;1396;36;4220.00;284
10617;27;23575174;10617;518;12008;12293;4.78;0.29;364.46;16.56;1391;36;4221.00;285
10619;27;23575190;10619;506;12008;12293;4.75;0.29;364.45;16.56;1389;36;4222.00;285
10623;27;23575207;10623;507;12009;12293;4.72;0.29;364.52;16.56;1386;36;4223.00;284
10627;27;23575222;10627;507;12016;12306;4.73;0.29;364.52;16.56;1389;36;4224.00;290
10629;27;23575239;10629;507;12017;12306;4.68;0.29;364.52;16.55;1388;36;4225.00;289
10633;27;23575254;10633;503;12019;12306;4.62;0.28;364.49;16.55;1386;36;4226.00;287
10637;27;23575269;10637;516;12021;12307;4.60;0.28;364.46;16.55;1384;36;4227.00;286
10640;27;23575285;10640;511;12021;12308;4.57;0.28;364.57;16.55;1381;36;4228.00;287
10641;27;23575300;10641;515;12023;12308;4.55;0.28;364.59;16.55;1382;36;4229.00;285
10647;27;23575316;10647;518;12030;12314;4.53;0.28;364.63;16.55;1383;36;4230.00;284
10651;27;23575331;10651;521;12030;12314;4.51;0.27;364.80;16.55;1379;36;4231.00;284
10655;27;23575347;10655;520;12032;12314;4.50;0.27;364.87;16.55;1377;36;4232.00;282
10660;27;23575361;10660;521;12032;12314;4.48;0.27;364.83;16.55;1372;36;4233.00;282
10665;27;23575376;10665;531;12037;12320;4.44;0.27;364.88;16.54;1372;36;4234.00;283
10667;27;23575392;10667;517;12038;12320;4.43;0.27;365.00;16.54;1371;36;4235.00;282
10670;27;23575407;10670;523;12040;12320;4.38;0.27;365.04;16.59;1370;36;4236.00;280
10675;27;23575423;10675;524;12041;12320;4.38;0.27;365.18;16.59;1366;36;4237.00;279
10680;27;23575438;10680;530;12045;12324;4.40;0.27;365.20;16.59;1365;36;4238.00;279
10682;27;23575453;10682;534;12046;12325;4.41;0.27;365.29;16.59;1364;36;4239.00;279
10685;27;23575468;10685;535;12046;12325;4.38;0.27;365.32;16.59;1361;36;4240.00;279
10686;27;23575483;10686;536;12048;12326;4.37;0.27;365.35;16.59;1362;36;4241.00;278
10691;27;23575497;10691;536;12048;12326;4.32;0.26;365.44;16.59;1357;36;4242.00;278
10693;27;23575512;10693;541;12048;12326;4.26;0.26;365.52;16.59;1355;36;4243.00;278
10696;27;23575526;10696;538;12048;12326;4.17;0.25;365.53;16.59;1352;36;4244.00;278
10699;27;23575540;10699;541;12048;12326;4.07;0.25;365.55;16.59;1349;36;4245.00;278
10702;27;23575556;10702;556;12048;12326;4.03;0.25;365.63;16.59;1346;36;4246.00;278
10705;27;23575571;10705;546;12049;12326;4.01;0.24;365.73;16.59;1344;36;4247.00;277
10707;27;23575587;10707;546;12086;12396;4.05;0.25;365.69;16.54;1379;36;4248.00;310
10708;27;23575608;10708;543;12087;12397;4.11;0.25;365.73;16.54;1379;36;4249.00;310
10714;27;23575623;10714;532;12092;12397;4.18;0.25;365.78;16.53;1378;36;4250.00;305
10719;27;23575638;10719;533;12092;12397;4.17;0.25;365.90;16.53;1373;36;4251.00;305
10720;27;23575653;10720;534;12098;12397;4.26;0.26;365.96;16.53;1378;36;4252.00;299
10723;27;23575668;10723;538;12099;12397;4.30;0.26;365.98;16.53;1376;36;4253.00;298
10729;27;23575683;10729;545;12103;12397;4.32;0.26;366.06;16.53;1374;36;4254.00;294
10730;27;23575698;10730;551;12107;12397;4.40;0.27;366.11;16.53;1377;36;4255.00;290
10736;27;23575713;10736;551;12111;12398;4.40;0.27;366.18;16.53;1375;36;4256.00;287
10738;27;23575729;10738;541;12113;12399;4.42;0.27;366.25;16.53;1375;36;4257.00;286
10740;27;23575745;10740;548;12116;12399;4.39;0.27;366.32;16.52;1376;36;4258.00;283
10740;27;23575760;10740;556;12120;12403;4.40;0.27;366.32;16.52;1380;36;4259.00;283
10747;27;23575777;10747;554;12121;12403;4.35;0.26;366.49;16.52;1374;36;4260.00;282
10748;27;23575795;10748;558;12121;12403;4.32;0.26;366.54;16.52;1373;36;4261.00;282
10749;27;23575811;10749;560;12121;12403;4.30;0.26;366.62;16.52;1372;36;4262.00;282
10751;27;23575827;10751;559;12126;12409;4.32;0.26;366.72;16.51;1375;36;4263.00;283
10752;27;23575843;10752;557;12126;12409;4.30;0.26;366.69;16.51;1374;36;4264.00;283
10754;27;23575859;10754;558;12126;12409;4.32;0.26;366.75;16.51;1372;36;4265.00;283
10757;27;23575874;10757;558;12128;12412;4.34;0.26;366.81;16.51;1371;36;4266.00;284
10758;27;23575890;10758;561;12128;12412;4.40;0.27;366.83;16.51;1370;36;4267.00;284
10760;27;23575906;10760;553;12129;12412;4.42;0.27;366.90;16.51;1369;36;4268.00;283
10761;27;23575922;10761;551;12129;12413;4.44;0.27;366.90;16.51;1368;36;4269.00;284
10764;27;23575937;10764;551;12130;12414;4.46;0.27;366.90;16.51;1366;36;4270.00;284
10764;27;23575953;10764;550;12130;12414;4.46;0.27;366.90;16.51;1366;36;4271.00;284
10767;27;23575967;10767;549;12139;12427;4.50;0.27;367.05;16.49;1372;36;4272.00;288
10771;27;23575984;10771;549;12139;12427;4.48;0.27;367.07;16.49;1368;36;4273.00;288
10774;27;23575999;10774;541;12139;12427;4.48;0.27;367.12;16.49;1365;36;4274.00;288
10775;27;23576016;10775;544;12141;12429;4.48;0.27;367.09;16.49;1366;36;4275.00;288
10776;27;23576033;10776;544;12141;12429;4.51;0.27;367.11;16.49;1365;36;4276.00;288
10778;27;23576048;10778;540;12145;12433;4.56;0.28;367.06;16.49;1367;36;4277.00;288
10781;27;23576065;10781;541;12145;12433;4.52;0.27;367.09;16.49;1364;36;4278.00;288
10781;27;23576079;10781;549;12148;12437;4.54;0.28;367.09;16.48;1367;36;4279.00;289
10785;27;23576095;10785;543;12148;12437;4.52;0.28;367.13;16.48;1363;36;4280.00;289
10786;27;23576110;10786;544;12148;12437;4.51;0.27;367.22;16.48;1362;36;4281.00;289
10791;27;23576126;10791;536;12148;12437;4.48;0.27;367.31;16.48;1357;36;4282.00;289
10795;27;23576141;10795;537;12148;12437;4.48;0.27;367.40;16.48;1353;36;4283.00;289
10799;27;23576156;10799;542;12157;12449;4.50;0.27;367.48;16.47;1358;36;4284.00;292
10801;27;23576172;10801;542;12157;12449;4.53;0.28;367.54;16.47;1356;36;4285.00;292
10808;27;23576186;10808;550;12159;12449;4.50;0.27;367.60;16.47;1351;36;4286.00;290
10810;27;23576201;10810;547;12159;12449;4.50;0.27;367.58;16.47;1349;36;4287.00;290
10811;27;23576215;10811;552;12160;12449;4.50;0.27;367.62;16.52;1349;36;4288.00;289
10814;27;23576232;10814;555;12160;12449;4.48;0.27;367.58;16.52;1346;36;4289.00;289
10814;27;23576248;10814;553;12160;12450;4.53;0.28;367.58;16.52;1346;36;4290.00;290
10815;27;23576262;10815;545;12160;12450;4.50;0.27;367.59;16.52;1345;36;4291.00;290
10820;27;23576277;10820;545;12165;12456;4.50;0.27;367.69;16.52;1345;36;4292.00;291
10822;27;23576292;10822;546;12166;12457;4.49;0.27;367.67;16.51;1344;36;4293.00;291
10823;27;23576307;10823;543;12166;12457;4.51;0.27;367.68;16.51;1343;36;4294.00;291
10825;27;23576324;10825;540;12166;12457;4.52;0.27;367.64;16.51;1341;36;4295.00;291
10826;27;23576338;10826;539;12168;12461;4.56;0.28;367.61;16.51;1342;36;4296.00;293
10828;27;23576354;10828;537;12168;12461;4.56;0.28;367.65;16.51;1340;36;4297.00;293
10832;27;23576369;10832;539;12168;12461;4.53;0.27;367.59;16.51;1336;36;4298.00;293
10835;27;23576383;10835;529;12169;12462;4.53;0.27;367.64;16.51;1334;36;4299.00;293
10836;27;23576399;10836;525;12172;12466;4.54;0.28;367.65;16.51;1336;36;4300.00;294
10839;27;23576418;10839;532;12172;12466;4.49;0.27;367.61;16.51;1333;36;4301.00;294
10840;27;23576432;10840;529;12174;12469;4.49;0.27;367.59;16.50;1334;36;4302.00;295
10843;27;23576446;10843;529;12175;12469;4.46;0.27;367.52;16.50;1332;36;4303.00;294
10845;27;23576461;10845;522;12175;12469;4.43;0.27;367.49;16.50;1330;36;4304.00;294
10847;27;23576476;10847;519;12176;12469;4.36;0.26;367.46;16.58;1329;36;4305.00;293
10849;27;23576493;10849;506;12181;12473;4.39;0.27;367.43;16.64;1332;36;4306.00;292
10850;27;23576509;10850;491;12181;12473;4.43;0.27;367.41;16.64;1331;36;4307.00;292
10853;27;23576525;10853;478;12181;12473;4.45;0.27;367.39;16.64;1328;36;4308.00;292
10855;27;23576540;10855;476;12181;12473;4.47;0.27;367.35;16.64;1326;36;4309.00;292
10858;27;23576554;10858;464;12182;12474;4.52;0.28;367.30;16.71;1324;36;4310.00;292
10861;27;23576570;10861;466;12183;12475;4.53;0.28;367.33;16.71;1322;36;4311.00;292
10861;27;23576586;10861;463;12184;12475;4.54;0.28;367.33;16.72;1323;36;4312.00;291
10862;27;23576606;10862;461;12185;12476;4.57;0.28;367.31;16.72;1323;36;4313.00;291
10863;27;23576621;10863;461;12185;12476;4.68;0.28;367.33;16.72;1322;36;4314.00;291
10865;27;23576636;10865;467;12185;12476;4.73;0.29;367.34;16.72;1320;36;4315.00;291
10865;27;23576652;10865;465;12186;12476;4.74;0.29;367.34;16.72;1321;36;4316.00;290
10867;27;23576666;10867;463;12187;12476;4.76;0.29;367.42;16.73;1320;36;4317.00;289
10868;27;23576681;10868;456;12187;12476;4.80;0.29;367.41;16.73;1319;36;4318.00;289
10870;27;23576695;10870;454;12188;12476;4.80;0.29;367.37;16.73;1318;36;4319.00;288
10871;27;23576711;10871;483;12282;12706;5.10;0.32;367.35;16.60;1411;36;4320.00;424
10872;27;23576751;10872;478;12285;12707;5.08;0.32;367.33;16.60;1413;36;4321.00;422
10873;27;23576767;10873;469;12295;12707;5.15;0.32;367.31;16.59;1422;36;4322.00;412
10874;27;23576782;10874;464;12301;12707;5.21;0.33;367.29;16.58;1427;36;4323.00;406
10876;27;23576800;10876;451;12308;12707;5.22;0.33;367.24;16.58;1432;36;4324.00;399
10876;27;23576817;10876;455;12315;12707;5.26;0.33;367.24;16.64;1439;36;4325.00;392
10879;27;23576832;10879;452;12321;12707;5.28;0.33;367.25;16.64;1442;36;4326.00;386
10881;27;23576848;10881;458;12327;12707;5.32;0.33;367.22;16.63;1446;36;4327.00;380
10888;27;23576864;10888;460;12333;12708;5.33;0.33;367.20;16.63;1445;36;4328.00;375
10889;27;23576880;10889;468;12340;12709;5.36;0.33;367.18;16.70;1451;36;4329.00;369
10890;27;23576896;10890;471;12346;12709;5.34;0.33;367.18;16.77;1456;36;4330.00;363
10892;27;23576912;10892;471;12351;12710;5.28;0.33;367.24;16.83;1459;36;4331.00;359
10895;27;23576929;10895;481;12356;12710;5.22;0.32;367.30;16.83;1461;36;4332.00;354
10899;27;23576945;10899;489;12361;12710;5.15;0.32;367.32;16.90;1462;36;4333.00;349
10903;27;23576961;10903;502;12365;12710;5.09;0.31;367.41;16.90;1462;36;4334.00;345
10909;27;23576978;10909;507;12370;12714;5.02;0.31;367.40;16.97;1461;36;4335.00;344
10914;27;23576995;10914;512;12373;12714;4.97;0.30;367.40;16.97;1459;36;4336.00;341
10915;27;23577012;10915;517;12378;12714;4.93;0.30;367.41;17.04;1463;36;4337.00;336
10917;27;23577031;10917;531;12380;12717;4.87;0.30;367.45;17.04;1463;36;4338.00;337
10918;27;23577048;10918;531;12380;12717;4.90;0.30;367.48;17.04;1462;36;4339.00;337
10920;27;23577063;10920;555;12384;12717;4.91;0.30;367.47;17.18;1464;36;4340.00;333
10921;27;23577081;10921;547;12388;12721;4.92;0.30;367.51;17.18;1467;36;4341.00;333
10924;27;23577097;10924;561;12390;12722;4.91;0.30;367.63;17.25;1466;36;4342.00;332
10924;27;23577120;10924;571;12393;12722;4.92;0.30;367.63;17.32;1469;36;4343.00;329
10926;27;23577137;10926;572;12395;12726;4.94;0.30;367.74;17.32;1469;36;4344.00;331
10928;27;23577154;10928;571;12400;12726;4.99;0.30;367.73;17.46;1472;36;4345.00;326
10930;27;23577170;10930;570;12402;12726;4.99;0.30;367.70;17.46;1472;36;4346.00;324
10932;27;23577192;10932;573;12403;12727;4.97;0.30;367.77;17.46;1471;36;4347.00;324
10933;27;23577209;10933;586;12406;12727;4.92;0.30;367.76;17.60;1473;36;4348.00;321
10936;27;23577225;10936;585;12412;12733;4.89;0.30;367.78;17.60;1476;36;4349.00;321
10938;27;23577244;10938;583;12416;12733;4.83;0.29;367.87;17.74;1478;36;4350.00;317
10940;27;23577266;10940;590;12416;12734;4.81;0.29;367.89;17.74;1476;36;4351.00;318
10941;27;23577283;10941;591;12419;12734;4.80;0.29;367.93;17.74;1478;36;4352.00;315
10941;27;23577301;10941;593;12421;12734;4.78;0.29;367.93;17.88;1480;36;4353.00;313
10942;27;23577316;10942;592;12423;12734;4.77;0.29;367.96;17.88;1481;36;4354.00;311
10946;27;23577332;10946;590;12426;12734;4.73;0.29;368.02;18.01;1480;36;4355.00;308
10946;27;23577348;10946;599;12436;12746;4.79;0.29;368.02;18.07;1490;36;4356.00;310
10948;27;23577371;10948;604;12440;12746;4.77;0.29;368.16;18.13;1492;36;4357.00;306
10950;27;23577387;10950;604;12441;12746;4.73;0.29;368.16;18.13;1491;36;4358.00;305
10953;27;23577403;10953;601;12443;12746;4.72;0.29;368.30;18.27;1490;36;4359.00;303
10954;27;23577420;10954;602;12444;12746;4.76;0.29;368.32;18.27;1490;36;4360.00;302
10957;27;23577436;10957;615;12446;12746;4.77;0.29;368.37;18.40;1489;36;4361.00;300
10958;27;23577453;10958;615;12449;12750;4.80;0.30;368.36;18.40;1491;36;4362.00;301
10961;27;23577469;10961;620;12450;12750;4.82;0.30;368.35;18.40;1489;36;4363.00;300
10965;27;23577486;10965;617;12457;12754;4.83;0.30;368.27;18.53;1492;36;4364.00;297
10967;27;23577502;10967;622;12459;12756;4.80;0.30;368.26;18.52;1492;36;4365.00;297
10972;27;23577519;10972;629;12460;12756;4.76;0.29;368.33;18.53;1488;36;4366.00;296
10975;27;23577534;10975;632;12460;12756;4.71;0.29;368.31;18.53;1485;36;4367.00;296
10978;27;23577551;10978;639;12470;12769;4.70;0.29;368.32;18.51;1492;36;4368.00;299
10980;27;23577567;10980;640;12471;12769;4.69;0.29;368.39;18.52;1491;36;4369.00;298
10985;27;23577583;10985;643;12471;12769;4.65;0.29;368.48;18.52;1486;36;4370.00;298
10988;27;23577598;10988;647;12473;12770;4.62;0.29;368.49;18.52;1485;36;4371.00;297
10990;27;23577613;10990;656;12474;12771;4.60;0.28;368.56;18.52;1484;36;4372.00;297
10998;27;23577629;10998;651;12474;12771;4.49;0.28;368.76;18.52;1476;36;4373.00;297
11005;27;23577644;11005;656;12478;12774;4.40;0.27;368.95;18.51;1473;36;4374.00;296
11009;27;23577660;11009;654;12478;12774;4.36;0.27;369.06;18.51;1469;36;4375.00;296
11011;27;23577676;11011;646;12479;12774;4.36;0.27;369.04;18.51;1468;36;4376.00;295
11016;27;23577691;11016;643;12479;12774;4.30;0.27;369.28;18.51;1463;36;4377.00;295
11020;27;23577706;11020;641;12484;12780;4.31;0.27;369.37;18.51;1464;36;4378.00;296
11025;27;23577722;11025;632;12484;12780;4.29;0.26;369.34;18.51;1459;36;4379.00;296
11030;27;23577740;11030;629;12484;12780;4.25;0.26;369.40;18.51;1454;36;4380.00;296
11031;27;23577756;11031;625;12484;12780;4.27;0.26;369.40;18.51;1453;36;4381.00;296
11037;27;23577772;11037;618;12487;12784;4.22;0.26;369.49;18.50;1450;36;4382.00;297
11041;27;23577790;11041;608;12488;12785;4.21;0.26;369.57;18.50;1447;36;4383.00;297
11043;27;23577806;11043;597;12488;12785;4.21;0.26;369.70;18.50;1445;36;4384.00;297
11045;27;23577823;11045;591;12489;12786;4.22;0.26;369.85;18.50;1444;36;4385.00;297
11048;27;23577839;11048;589;12489;12786;4.26;0.26;369.81;18.50;1441;36;4386.00;297
11052;27;23577855;11052;593;12489;12786;4.29;0.26;369.89;18.50;1437;36;4387.00;297
11056;27;23577871;11056;601;12489;12786;4.30;0.26;369.88;18.50;1433;36;4388.00;297
11057;27;23577886;11057;593;12489;12786;4.35;0.27;369.96;18.50;1432;36;4389.00;297
11061;27;23577902;11061;591;12489;12786;4.37;0.27;369.98;18.50;1428;36;4390.00;297
11063;27;23577918;11063;582;12489;12786;4.41;0.27;370.01;18.50;1426;36;4391.00;297
11068;27;23577933;11068;598;12524;12856;4.53;0.28;370.05;18.45;1456;36;4392.00;332
11074;27;23577954;11074;584;12527;12857;4.53;0.28;370.15;18.44;1453;36;4393.00;330
11078;27;23577970;11078;578;12532;12857;4.54;0.28;370.11;18.44;1454;36;4394.00;325
11084;27;23577986;11084;581;12533;12857;4.53;0.28;370.16;18.50;1449;36;4395.00;324
11089;27;23578003;11089;587;12537;12857;4.48;0.27;370.17;18.49;1448;36;4396.00;320
11095;27;23578021;11095;589;12537;12857;4.39;0.27;370.34;18.49;1442;36;4397.00;320
11096;27;23578038;11096;589;12540;12857;4.36;0.27;370.35;18.49;1444;36;4398.00;317
11103;27;23578054;11103;596;12543;12857;4.30;0.26;370.52;18.49;1440;36;4399.00;314
11109;27;23578071;11109;601;12545;12858;4.20;0.26;370.58;18.49;1436;36;4400.00;313
11111;27;23578090;11111;605;12547;12859;4.18;0.25;370.69;18.48;1436;36;4401.00;312
11114;27;23578107;11114;611;12550;12859;4.13;0.25;370.72;18.48;1436;36;4402.00;309
11117;27;23578124;11117;607;12553;12863;4.04;0.25;370.78;18.48;1436;36;4403.00;310
11121;27;23578140;11121;609;12555;12863;4.01;0.24;370.73;18.48;1434;36;4404.00;308
11125;27;23578156;11125;619;12556;12863;3.99;0.24;370.81;18.48;1431;36;4405.00;307
11126;27;23578172;11126;614;12557;12863;3.98;0.24;370.84;18.48;1431;36;4406.00;306
11128;27;23578187;11128;617;12562;12869;3.98;0.24;370.83;18.47;1434;36;4407.00;307
11130;27;23578204;11130;613;12562;12869;4.01;0.25;370.81;18.47;1432;36;4408.00;307
11133;27;23578220;11133;616;12562;12869;3.99;0.24;370.77;18.47;1429;36;4409.00;307
11136;27;23578243;11136;613;12567;12875;4.01;0.24;370.77;18.46;1431;36;4410.00;308
11139;27;23578259;11139;615;12567;12875;3.99;0.24;370.82;18.46;1428;36;4411.00;308
11140;27;23578274;11140;610;12568;12875;4.00;0.24;370.81;18.46;1428;36;4412.00;307
11143;27;23578291;11143;612;12568;12876;3.98;0.24;370.87;18.46;1425;36;4413.00;308
11147;27;23578306;11147;607;12569;12877;3.97;0.24;370.96;18.46;1422;36;4414.00;308
11149;27;23578323;11149;610;12570;12877;3.97;0.24;370.94;18.46;1421;36;4415.00;307
11154;27;23578339;11154;609;12582;12890;3.96;0.24;371.06;18.44;1428;36;4416.00;308
11157;27;23578356;11157;607;12582;12890;3.88;0.24;371.11;18.44;1425;36;4417.00;308
11158;27;23578371;11158;613;12584;12890;3.85;0.23;371.10;18.44;1426;36;4418.00;306
11162;27;23578386;11162;624;12585;12891;3.78;0.23;371.18;18.44;1423;36;4419.00;306
11166;27;23578401;11166;622;12585;12891;3.69;0.22;371.13;18.44;1419;36;4420.00;306
11166;27;23578417;11166;625;12589;12895;3.74;0.23;371.13;18.44;1423;36;4421.00;306
11168;27;23578433;11168;617;12589;12895;3.68;0.22;371.17;18.44;1421;36;4422.00;306
11171;27;23578448;11171;609;12592;12899;3.70;0.23;371.30;18.43;1421;36;4423.00;307
11173;27;23578464;11173;601;12592;12899;3.72;0.23;371.36;18.43;1419;36;4424.00;307
11176;27;23578479;11176;603;12592;12899;3.71;0.23;371.40;18.43;1416;36;4425.00;307
11178;27;23578494;11178;601;12592;12899;3.69;0.23;371.42;18.43;1414;36;4426.00;307
11181;27;23578510;11181;605;12592;12899;3.70;0.23;371.43;18.43;1411;36;4427.00;307
11184;27;23578525;11184;606;12602;12911;3.71;0.23;371.48;18.42;1418;36;4428.00;309
11186;27;23578543;11186;616;12602;12911;3.69;0.22;371.46;18.42;1416;36;4429.00;309
11190;27;23578564;11190;617;12603;12911;3.69;0.22;371.50;18.42;1413;36;4430.00;308
11192;27;23578585;11192;609;12603;12911;3.68;0.22;371.54;18.42;1411;36;4431.00;308
11194;27;23578601;11194;601;12603;12911;3.70;0.23;371.49;18.42;1409;36;4432.00;308
11196;27;23578618;11196;591;12603;12911;3.78;0.23;371.53;18.42;1407;36;4433.00;308
11196;27;23578634;11196;578;12603;12912;3.83;0.23;371.53;18.42;1407;36;4434.00;309
11199;27;23578649;11199;570;12603;12912;3.90;0.24;371.48;18.42;1404;36;4435.00;309
11199;27;23578665;11199;572;12608;12918;4.03;0.25;371.48;18.41;1409;36;4436.00;310
11203;27;23578687;11203;573;12609;12919;4.10;0.25;371.54;18.41;1406;36;4437.00;310
11204;27;23578704;11204;575;12609;12919;4.14;0.25;371.52;18.41;1405;36;4438.00;310
11204;27;23578720;11204;574;12609;12919;4.17;0.25;371.52;18.41;1405;36;4439.00;310
11208;27;23578737;11208;575;12613;12924;4.23;0.26;371.53;18.40;1405;36;4440.00;311
11210;27;23578754;11210;575;12613;12924;4.27;0.26;371.52;18.40;1403;36;4441.00;311
11211;27;23578769;11211;570;12613;12924;4.29;0.26;371.56;18.40;1402;36;4442.00;311
11212;27;23578785;11212;579;12614;12925;4.33;0.26;371.54;18.40;1402;36;4443.00;311
11214;27;23578800;11214;575;12617;12929;4.32;0.26;371.49;18.40;1403;36;4444.00;312
11215;27;23578816;11215;584;12617;12929;4.33;0.26;371.47;18.40;1402;36;4445.00;312
11217;27;23578831;11217;583;12619;12932;4.34;0.26;371.50;18.39;1402;36;4446.00;313
11218;27;23578847;11218;590;12619;12932;4.32;0.26;371.47;18.39;1401;36;4447.00;313
11221;27;23578863;11221;589;12620;12932;4.28;0.26;371.42;18.39;1399;36;4448.00;312
11223;27;23578878;11223;597;12620;12932;4.26;0.26;371.48;18.39;1397;36;4449.00;312
11225;27;23578894;11225;592;12624;12936;4.27;0.26;371.46;18.39;1399;36;4450.00;312
11227;27;23578910;11227;597;12624;12936;4.22;0.26;371.42;18.39;1397;36;4451.00;312
11228;27;23578926;11228;600;12624;12936;4.17;0.25;371.39;18.39;1396;36;4452.00;312
11228;27;23578941;11228;601;12624;12936;4.15;0.25;371.39;18.39;1396;36;4453.00;312
11228;27;23578956;11228;601;12624;12937;4.11;0.25;371.39;18.39;1396;36;4454.00;313
11230;27;23578970;11230;600;12626;12939;4.07;0.25;371.41;18.39;1396;36;4455.00;313
11232;27;23578998;11232;599;12626;12939;4.04;0.25;371.39;18.39;1394;36;4456.00;313
11235;27;23579019;11235;607;12627;12940;4.02;0.24;371.37;18.38;1392;36;4457.00;313
11237;27;23579034;11237;612;12627;12940;3.97;0.24;371.32;18.38;1390;36;4458.00;313
11238;27;23579048;11238;611;12627;12940;3.97;0.24;371.30;18.38;1389;36;4459.00;313
11239;27;23579063;11239;612;12627;12940;3.98;0.24;371.29;18.38;1388;36;4460.00;313
11239;27;23579078;11239;614;12627;12940;3.96;0.24;371.29;18.38;1388;36;4461.00;313
11240;27;23579092;11240;615;12627;12940;3.96;0.24;371.28;18.38;1387;36;4462.00;313
11241;27;23579107;11241;606;12627;12940;3.96;0.24;371.28;18.38;1386;36;4463.00;313
11243;27;23579122;11243;611;12693;13067;4.22;0.26;371.25;18.29;1450;36;4464.00;374
11245;27;23579146;11245;589;12693;13068;4.23;0.26;371.26;18.29;1448;36;4465.00;375
11248;27;23579162;11248;580;12699;13068;4.28;0.26;371.27;18.28;1451;36;4466.00;369
11248;27;23579178;11248;562;12702;13068;4.35;0.27;371.27;18.28;1454;36;4467.00;366
11249;27;23579193;11249;557;12708;13068;4.40;0.27;371.26;18.27;1459;36;4468.00;360
11250;27;23579209;11250;546;12710;13068;4.41;0.27;371.32;18.27;1460;36;4469.00;358
11252;27;23579233;11252;542;12712;13068;4.42;0.27;371.28;18.27;1460;36;4470.00;356
11253;27;23579249;11253;537;12715;13068;4.50;0.28;371.27;18.26;1462;36;4471.00;353
11255;27;23579265;11255;533;12718;13069;4.56;0.28;371.23;18.26;1463;36;4472.00;351
11256;27;23579281;11256;522;12723;13070;4.62;0.28;371.23;18.26;1467;36;4473.00;347
11256;27;23579297;11256;519;12725;13070;4.67;0.29;371.23;18.26;1469;36;4474.00;345
11257;27;23579314;11257;518;12728;13071;4.74;0.29;371.21;18.32;1471;36;4475.00;343
11259;27;23579332;11259;518;12732;13071;4.75;0.29;371.23;18.32;1473;36;4476.00;339
11261;27;23579349;11261;524;12734;13071;4.70;0.29;371.28;18.32;1473;36;4477.00;337
11261;27;23579371;11261;520;12735;13071;4.69;0.29;371.28;18.32;1474;36;4478.00;336
11264;27;23579387;11264;511;12738;13075;4.66;0.29;371.36;18.31;1474;36;4479.00;337
11265;27;23579404;11265;497;12740;13075;4.61;0.28;371.36;18.46;1475;36;4480.00;335
11267;27;23579424;11267;491;12740;13075;4.60;0.28;371.35;18.46;1473;36;4481.00;335
11271;27;23579441;11271;481;12743;13078;4.59;0.28;371.35;18.46;1472;36;4482.00;335
11273;27;23579457;11273;472;12746;13078;4.59;0.28;371.36;18.46;1473;36;4483.00;332
11276;27;23579474;11276;477;12747;13078;4.57;0.28;371.37;18.46;1471;36;4484.00;331
11279;27;23579491;11279;479;12751;13082;4.57;0.28;371.36;18.45;1472;36;4485.00;331
11280;27;23579508;11280;471;12752;13083;4.60;0.28;371.40;18.45;1472;36;4486.00;331
11282;27;23579525;11282;479;12753;13083;4.63;0.28;371.44;18.45;1471;36;4487.00;330
11286;27;23579542;11286;480;12756;13087;4.65;0.28;371.42;18.45;1470;36;4488.00;331
11286;27;23579559;11286;470;12756;13087;4.71;0.29;371.42;18.45;1470;36;4489.00;331
11288;27;23579576;11288;475;12756;13087;4.72;0.29;371.44;18.45;1468;36;4490.00;331
11288;27;23579593;11288;474;12757;13088;4.74;0.29;371.44;18.45;1469;36;4491.00;331
11289;27;23579609;11289;479;12757;13088;4.74;0.29;371.41;18.45;1468;36;4492.00;331
11293;27;23579625;11293;485;12761;13094;4.73;0.29;371.55;18.44;1468;36;4493.00;333
11299;27;23579643;11299;481;12761;13094;4.67;0.28;371.73;18.44;1462;36;4494.00;333
11301;27;23579660;11301;486;12761;13095;4.67;0.28;371.69;18.44;1460;36;4495.00;334
11302;27;23579677;11302;488;12761;13095;4.67;0.28;371.70;18.44;1459;36;4496.00;334
11304;27;23579693;11304;491;12762;13095;4.71;0.29;371.71;18.44;1458;36;4497.00;333
11307;27;23579710;11307;497;12764;13095;4.69;0.28;371.78;18.45;1457;36;4498.00;331
11309;27;23579726;11309;497;12765;13095;4.72;0.29;371.81;18.45;1456;36;4499.00;330
11312;27;23579744;11312;502;12786;13145;4.83;0.29;371.95;18.41;1474;36;4500.00;359
11314;27;23579770;11314;509;12790;13147;4.82;0.29;371.94;18.42;1476;36;4501.00;357
11316;27;23579786;11316;518;12793;13147;4.84;0.30;371.93;18.41;1477;36;4502.00;354
11319;27;23579803;11319;525;12795;13147;4.84;0.30;371.89;18.41;1476;36;4503.00;352
11321;27;23579819;11321;528;12797;13147;4.89;0.30;371.93;18.41;1476;36;4504.00;350
11323;27;23579836;11323;538;12800;13147;4.86;0.30;371.90;18.56;1477;36;4505.00;347
11323;27;23579861;11323;540;12804;13151;4.89;0.30;371.90;18.55;1481;36;4506.00;347
11324;27;23579877;11324;547;12807;13151;4.88;0.30;371.92;18.55;1483;36;4507.00;344
11327;27;23579900;11327;550;12811;13155;4.90;0.30;371.90;18.69;1484;36;4508.00;344
11329;27;23579917;11329;549;12814;13156;4.91;0.30;372.02;18.69;1485;36;4509.00;342
11331;27;23579933;11331;555;12817;13156;4.88;0.30;372.00;18.84;1486;36;4510.00;339
11334;27;23579950;11334;567;12819;13156;4.82;0.29;372.06;18.83;1485;36;4511.00;337
11337;27;23579967;11337;568;12831;13169;4.78;0.29;372.16;18.89;1494;36;4512.00;338
11339;27;23579986;11339;573;12831;13169;4.70;0.29;372.26;18.89;1492;36;4513.00;338
11340;27;23580002;11340;572;12832;13169;4.66;0.28;372.28;18.96;1492;36;4514.00;337
11343;27;23580030;11343;580;12835;13170;4.62;0.28;372.35;19.11;1492;36;4515.00;335
11346;27;23580046;11346;577;12836;13171;4.58;0.28;372.37;19.11;1490;36;4516.00;335
11349;27;23580063;11349;591;12836;13171;4.50;0.27;372.36;19.11;1487;36;4517.00;335
11352;27;23580080;11352;591;12841;13174;4.45;0.27;372.47;19.25;1489;36;4518.00;333
11352;27;23580097;11352;596;12841;13174;4.43;0.27;372.47;19.25;1489;36;4519.00;333
11355;27;23580114;11355;600;12844;13174;4.37;0.27;372.58;19.39;1489;36;4520.00;330
11357;27;23580131;11357;604;12844;13174;4.34;0.26;372.71;19.39;1487;36;4521.00;330
11360;27;23580148;11360;606;12851;13180;4.33;0.26;372.71;19.52;1491;36;4522.00;329
11362;27;23580165;11362;607;12851;13180;4.28;0.26;372.83;19.52;1489;36;4523.00;329
11366;27;23580188;11366;607;12852;13180;4.25;0.26;372.87;19.52;1486;36;4524.00;328
11369;27;23580204;11369;609;12852;13180;4.20;0.26;372.82;19.52;1483;36;4525.00;328
11372;27;23580219;11372;613;12855;13184;4.17;0.25;372.86;19.52;1483;36;4526.00;329
11375;27;23580237;11375;610;12861;13185;4.15;0.25;372.99;19.80;1486;36;4527.00;324
11377;27;23580254;11377;609;12861;13185;4.16;0.25;373.02;19.80;1484;36;4528.00;324
11381;27;23580270;11381;612;12864;13186;4.14;0.25;373.12;19.94;1483;36;4529.00;322
11383;27;23580288;11383;604;12865;13186;4.14;0.25;373.16;19.94;1482;36;4530.00;321
11386;27;23580304;11386;591;12867;13186;4.13;0.25;373.17;20.08;1481;36;4531.00;319
11389;27;23580320;11389;594;12867;13186;4.14;0.25;373.26;20.08;1478;36;4532.00;319
11389;27;23580335;11389;588;12868;13186;4.18;0.26;373.26;20.08;1479;36;4533.00;318
11391;27;23580351;11391;585;12870;13186;4.23;0.26;373.31;20.22;1479;36;4534.00;316
11394;27;23580366;11394;583;12870;13186;4.27;0.26;373.58;20.22;1476;36;4535.00;316
11397;27;23580382;11397;589;12903;13256;4.39;0.27;373.64;20.17;1506;36;4536.00;353
11398;27;23580403;11398;581;12907;13257;4.38;0.27;373.72;20.31;1509;36;4537.00;350
11402;27;23580420;11402;585;12913;13257;4.41;0.27;373.86;20.30;1511;36;4538.00;344
11404;27;23580436;11404;590;12919;13257;4.42;0.27;373.83;20.29;1515;36;4539.00;338
11406;27;23580452;11406;590;12925;13257;4.40;0.27;373.96;20.29;1519;36;4540.00;332
11409;27;23580470;11409;600;12934;13257;4.34;0.26;374.08;20.49;1525;36;4541.00;323
11413;27;23580486;11413;599;12937;13257;4.27;0.26;374.17;20.49;1524;36;4542.00;320
11417;27;23580501;11417;608;12942;13257;4.20;0.26;374.31;20.62;1525;36;4543.00;315
11421;27;23580517;11421;612;12943;13258;4.17;0.26;374.28;20.62;1522;36;4544.00;315
11426;27;23580533;11426;607;12944;13260;4.16;0.25;374.24;20.62;1518;36;4545.00;316
11429;27;23580549;11429;613;12948;13260;4.08;0.25;374.26;20.75;1519;36;4546.00;312
11433;27;23580564;11433;617;12951;13264;4.02;0.25;374.24;20.75;1518;36;4547.00;313
11438;27;23580580;11438;624;12951;13264;3.96;0.24;374.30;20.75;1513;36;4548.00;313
11442;27;23580595;11442;631;12951;13264;3.92;0.24;374.32;20.75;1509;36;4549.00;313
11444;27;23580610;11444;631;12951;13264;3.92;0.24;374.33;20.75;1507;36;4550.00;313
11451;27;23580625;11451;629;12955;13270;3.92;0.24;374.34;20.74;1504;36;4551.00;315
11457;27;23580643;11457;630;12955;13270;3.88;0.24;374.40;20.74;1498;36;4552.00;315
11457;27;23580658;11457;637;12955;13270;3.88;0.24;374.40;20.74;1498;36;4553.00;315
11461;27;23580673;11461;626;12956;13273;3.88;0.24;374.53;20.74;1495;36;4554.00;317
11465;27;23580689;11465;622;12956;13273;3.84;0.23;374.56;20.74;1491;36;4555.00;317
11468;27;23580705;11468;621;12956;13273;3.88;0.24;374.64;20.74;1488;36;4556.00;317
11477;27;23580722;11477;616;12956;13274;3.86;0.24;374.83;20.74;1479;36;4557.00;318
11480;27;23580739;11480;608;12957;13275;3.85;0.24;374.94;20.74;1477;36;4558.00;318
11486;27;23580755;11486;606;12957;13275;3.79;0.23;375.06;20.74;1471;36;4559.00;318
11488;27;23580772;11488;609;12972;13301;3.87;0.24;375.13;20.71;1484;36;4560.00;329
11491;27;23580789;11491;607;12973;13301;3.85;0.24;375.16;20.71;1482;36;4561.00;328
11496;27;23580805;11496;604;12976;13301;3.84;0.23;375.23;20.71;1480;36;4562.00;325
11499;27;23580821;11499;608;12976;13302;3.82;0.23;375.34;20.71;1477;36;4563.00;326
11501;27;23580836;11501;604;12976;13302;3.77;0.23;375.36;20.71;1475;36;4564.00;326
11507;27;23580852;11507;600;12980;13306;3.71;0.23;375.39;20.70;1473;36;4565.00;326
11513;27;23580869;11513;603;12981;13306;3.65;0.22;375.43;20.78;1468;36;4566.00;325
11517;27;23580885;11517;602;12983;13310;3.63;0.22;375.59;20.77;1466;36;4567.00;327
11522;27;23580901;11522;603;12984;13310;3.59;0.22;375.60;20.77;1462;36;4568.00;326
11529;27;23580916;11529;608;12984;13310;3.52;0.22;375.71;20.77;1455;36;4569.00;326
11531;27;23580932;11531;617;12986;13310;3.53;0.22;375.74;20.77;1455;36;4570.00;324
11534;27;23580947;11534;616;12986;13310;3.51;0.21;375.84;20.77;1452;36;4571.00;324
11541;27;23580962;11541;625;12997;13322;3.53;0.22;375.83;20.76;1456;36;4572.00;325
11544;27;23580978;11544;619;12997;13322;3.48;0.21;375.98;20.76;1453;36;4573.00;325
11550;27;23580993;11550;621;12999;13322;3.43;0.21;376.07;20.76;1449;36;4574.00;323
11556;27;23581008;11556;621;12999;13322;3.38;0.21;376.09;20.76;1443;36;4575.00;323
11557;27;23581025;11557;614;12999;13322;3.37;0.21;376.06;20.76;1442;36;4576.00;323
11562;27;23581040;11562;615;13000;13322;3.35;0.21;376.13;20.76;1438;36;4577.00;322
11568;27;23581056;11568;616;13000;13323;3.28;0.20;376.19;20.76;1432;36;4578.00;323
11572;27;23581070;11572;624;13001;13323;3.22;0.20;376.22;20.76;1429;36;4579.00;322
11576;27;23581086;11576;628;13006;13329;3.22;0.20;376.21;20.75;1430;36;4580.00;323
11579;27;23581108;11579;627;13006;13330;3.19;0.20;376.17;20.75;1427;36;4581.00;324
11582;27;23581122;11582;623;13008;13330;3.17;0.19;376.19;20.75;1426;36;4582.00;322
11588;27;23581136;11588;629;13008;13330;3.11;0.19;376.34;20.75;1420;36;4583.00;322
11591;27;23581151;11591;632;13012;13334;3.15;0.19;376.43;20.75;1421;36;4584.00;322
11594;27;23581166;11594;634;13013;13334;3.15;0.19;376.48;20.75;1419;36;4585.00;321
11596;27;23581182;11596;643;13014;13334;3.13;0.19;376.50;20.75;1418;36;4586.00;320
11598;27;23581196;11598;653;13016;13335;3.14;0.19;376.48;20.75;1418;36;4587.00;319
11602;27;23581210;11602;655;13019;13339;3.15;0.19;376.47;20.74;1417;36;4588.00;320
11607;27;23581225;11607;655;13019;13339;3.13;0.19;376.52;20.74;1412;36;4589.00;320
11608;27;23581242;11608;659;13024;13345;3.17;0.19;376.52;20.73;1416;36;4590.00;321
11611;27;23581257;11611;665;13025;13345;3.16;0.19;376.58;20.73;1414;36;4591.00;320
11614;27;23581270;11614;672;13026;13345;3.14;0.19;376.57;20.73;1412;36;4592.00;319
11616;27;23581285;11616;668;13026;13345;3.11;0.19;376.56;20.73;1410;36;4593.00;319
11619;27;23581299;11619;671;13030;13349;3.13;0.19;376.54;20.72;1411;36;4594.00;319
11622;27;23581314;11622;673;13030;13349;3.12;0.19;376.68;20.72;1408;36;4595.00;319
11624;27;23581328;11624;683;13030;13349;3.11;0.19;376.67;20.72;1406;36;4596.00;319
11626;27;23581343;11626;677;13030;13349;3.12;0.19;376.66;20.72;1404;36;4597.00;319
11627;27;23581358;11627;668;13030;13350;3.12;0.19;376.63;20.72;1403;36;4598.00;320
11631;27;23581372;11631;659;13031;13351;3.12;0.19;376.63;20.72;1400;36;4599.00;320
11631;27;23581388;11631;656;13031;13351;3.13;0.19;376.63;20.72;1400;36;4600.00;320
11633;27;23581406;11633;653;13032;13352;3.14;0.19;376.59;20.72;1399;36;4601.00;320
11635;27;23581421;11635;655;13032;13352;3.14;0.19;376.56;20.72;1397;36;4602.00;320
11635;27;23581435;11635;659;13032;13352;3.17;0.19;376.56;20.72;1397;36;4603.00;320
11637;27;23581450;11637;656;13032;13352;3.15;0.19;376.51;20.72;1395;36;4604.00;320
11639;27;23581465;11639;651;13032;13352;3.13;0.19;376.45;20.72;1393;36;4605.00;320
11641;27;23581479;11641;638;13032;13352;3.18;0.20;376.46;20.72;1391;36;4606.00;320
11641;27;23581495;11641;622;13032;13352;3.20;0.20;376.46;20.72;1391;36;4607.00;320
11644;27;23581509;11644;633;13101;13479;3.61;0.22;376.44;20.61;1457;36;4608.00;378
11648;27;23581539;11648;610;13103;13480;3.64;0.23;376.43;20.61;1455;36;4609.00;377
11650;27;23581554;11650;598;13112;13480;3.72;0.23;376.38;20.60;1462;36;4610.00;368
11654;27;23581570;11654;591;13113;13480;3.72;0.23;376.31;20.60;1459;36;4611.00;367
11655;27;23581586;11655;583;13118;13480;3.80;0.24;376.31;20.59;1463;36;4612.00;362
11656;27;23581603;11656;581;13120;13480;3.87;0.24;376.34;20.59;1464;36;4613.00;360
11659;27;23581619;11659;575;13122;13480;3.90;0.24;376.35;20.66;1463;36;4614.00;358
11659;27;23581636;11659;579;13126;13480;3.96;0.24;376.35;20.66;1467;36;4615.00;354
11660;27;23581652;11660;586;13127;13481;3.94;0.24;376.38;20.66;1467;36;4616.00;354
11660;27;23581668;11660;586;13132;13482;3.92;0.24;376.38;20.65;1472;36;4617.00;350
11662;27;23581684;11662;581;13135;13482;3.88;0.24;376.36;20.65;1473;36;4618.00;347
11662;27;23581700;11662;587;13138;13483;3.88;0.24;376.36;20.65;1476;36;4619.00;345
11663;27;23581718;11663;585;13141;13483;3.89;0.24;376.40;20.65;1478;36;4620.00;342
11664;27;23581735;11664;586;13143;13483;3.97;0.24;376.40;20.64;1479;36;4621.00;340
11666;27;23581751;11666;577;13144;13483;4.05;0.25;376.40;20.64;1478;36;4622.00;339
11667;27;23581768;11667;571;13149;13487;4.17;0.26;376.40;20.64;1482;36;4623.00;338
11667;27;23581785;11667;576;13152;13487;4.26;0.26;376.40;20.64;1485;36;4624.00;335
11667;28;23581802;11667;570;13153;13487;4.36;0.27;376.40;20.64;1486;37;4625.00;334
11669;28;23581832;11669;568;13156;13490;4.42;0.27;376.46;20.63;1487;37;4626.00;334
11671;28;23581856;11671;566;13156;13490;4.43;0.27;376.48;20.63;1485;37;4627.00;334
11672;28;23581873;11672;559;13157;13490;4.46;0.27;376.51;20.63;1485;37;4628.00;333
11673;28;23581892;11673;565;13162;13494;4.49;0.27;376.51;20.70;1489;37;4629.00;332
11673;28;23581910;11673;563;13164;13495;4.54;0.28;376.51;20.70;1491;37;4630.00;331
11676;28;23581927;11676;559;13164;13495;4.55;0.28;376.46;20.70;1488;37;4631.00;331
11679;28;23581945;11679;559;13167;13499;4.58;0.28;376.41;20.70;1488;37;4632.00;332
11680;28;23581963;11680;559;13167;13499;4.60;0.28;376.44;20.70;1487;37;4633.00;332
11680;28;23581980;11680;563;13168;13499;4.65;0.28;376.44;20.70;1488;37;4634.00;331
11680;28;23581997;11680;563;13170;13501;4.67;0.28;376.44;20.69;1490;37;4635.00;331
11681;28;23582015;11681;566;13170;13501;4.65;0.28;376.42;20.69;1489;37;4636.00;331
11685;28;23582031;11685;568;13175;13507;4.65;0.28;376.34;20.69;1490;37;4637.00;332
11688;28;23582049;11688;558;13175;13507;4.64;0.28;376.33;20.69;1487;37;4638.00;332
11689;28;23582067;11689;559;13175;13508;4.63;0.28;376.31;20.69;1486;37;4639.00;333
11690;28;23582090;11690;553;13175;13508;4.69;0.29;376.33;20.69;1485;37;4640.00;333
11693;28;23582107;11693;554;13175;13508;4.74;0.29;376.48;20.69;1482;37;4641.00;333
11694;28;23582124;11694;547;13175;13508;4.76;0.29;376.51;20.69;1481;37;4642.00;333
11696;28;23582142;11696;539;13175;13508;4.75;0.29;376.53;20.69;1479;37;4643.00;333
11700;28;23582160;11700;535;13185;13520;4.78;0.29;376.52;20.67;1485;37;4644.00;335
11703;28;23582177;11703;534;13186;13520;4.80;0.29;376.50;20.67;1483;37;4645.00;334
11707;28;23582194;11707;532;13186;13520;4.84;0.29;376.56;20.67;1479;37;4646.00;334
11708;28;23582213;11708;532;13186;13520;4.89;0.30;376.67;20.67;1478;37;4647.00;334
11713;28;23582230;11713;526;13186;13520;4.89;0.30;376.66;20.67;1473;37;4648.00;334
11714;28;23582248;11714;522;13186;13520;4.92;0.30;376.64;20.67;1472;37;4649.00;334
11715;28;23582266;11715;524;13191;13526;4.92;0.30;376.72;20.66;1476;37;4650.00;335
11717;29;23582284;11717;514;13191;13526;4.91;0.30;376.74;20.66;1474;38;4651.00;335
11724;29;23582312;11724;517;13195;13530;4.90;0.30;376.78;20.66;1471;38;4652.00;335
11729;29;23582329;11729;513;13196;13531;4.90;0.30;376.89;20.65;1467;38;4653.00;335
11733;29;23582347;11733;512;13196;13531;4.90;0.30;376.94;20.65;1463;38;4654.00;335
11734;29;23582363;11734;505;13196;13531;4.91;0.30;376.99;20.65;1462;38;4655.00;335
11739;29;23582380;11739;505;13207;13544;4.90;0.30;377.01;20.64;1468;38;4656.00;337
11739;29;23582398;11739;509;13207;13544;4.92;0.30;377.01;20.64;1468;38;4657.00;337
11740;29;23582415;11740;515;13207;13544;4.94;0.30;377.01;20.64;1467;38;4658.00;337
11743;29;23582431;11743;516;13208;13545;4.93;0.30;377.03;20.63;1465;38;4659.00;337
11747;29;23582448;11747;522;13208;13546;4.93;0.30;377.11;20.63;1461;38;4660.00;338
11750;29;23582465;11750;521;13208;13546;4.90;0.30;377.15;20.63;1458;38;4661.00;338
11751;29;23582482;11751;524;13210;13549;4.86;0.30;377.17;20.63;1459;38;4662.00;339
11756;29;23582499;11756;534;13210;13549;4.82;0.29;377.16;20.63;1454;38;4663.00;339
11761;29;23582517;11761;534;13211;13549;4.79;0.29;377.17;20.63;1450;38;4664.00;338
11764;29;23582533;11764;543;13211;13549;4.75;0.29;377.15;20.63;1447;38;4665.00;338
11766;29;23582550;11766;549;13216;13555;4.75;0.29;377.14;20.62;1450;38;4666.00;339
11770;29;23582567;11770;559;13216;13555;4.73;0.29;377.10;20.62;1446;38;4667.00;339
11772;29;23582584;11772;569;13216;13555;4.69;0.29;377.13;20.62;1444;38;4668.00;339
11778;29;23582601;11778;574;13216;13555;4.63;0.28;377.09;20.62;1438;38;4669.00;339
11783;29;23582618;11783;580;13219;13559;4.57;0.28;377.18;20.62;1436;38;4670.00;340
11786;29;23582635;11786;580;13220;13560;4.57;0.28;377.23;20.62;1434;38;4671.00;340
11788;29;23582651;11788;585;13220;13560;4.58;0.28;377.30;20.62;1432;38;4672.00;340
11788;29;23582667;11788;580;13222;13561;4.60;0.28;377.30;20.69;1434;38;4673.00;339
11791;29;23582686;11791;585;13222;13561;4.61;0.28;377.44;20.69;1431;38;4674.00;339
11793;29;23582702;11793;587;13222;13561;4.63;0.28;377.55;20.69;1429;38;4675.00;339
11794;29;23582718;11794;597;13222;13561;4.64;0.28;377.53;20.69;1428;38;4676.00;339
11797;29;23582735;11797;601;13222;13561;4.64;0.28;377.66;20.69;1425;38;4677.00;339
11799;29;23582751;11799;604;13222;13561;4.62;0.28;377.71;20.69;1423;38;4678.00;339
11799;29;23582768;11799;608;13222;13561;4.62;0.28;377.71;20.69;1423;38;4679.00;339
11801;29;23582793;11801;625;13283;13686;4.78;0.29;377.78;20.60;1482;38;4680.00;403
11803;29;23582820;11803;622;13287;13687;4.79;0.29;377.87;20.59;1484;38;4681.00;400
11806;29;23582837;11806;628;13296;13687;4.79;0.29;377.92;20.58;1490;38;4682.00;391
11807;29;23582853;11807;624;13296;13687;4.76;0.29;377.91;20.58;1489;38;4683.00;391
11809;29;23582869;11809;624;13303;13687;4.77;0.29;377.93;20.57;1494;38;4684.00;384
11814;29;23582886;11814;631;13305;13687;4.72;0.29;378.04;20.57;1491;38;4685.00;382
11814;29;23582903;11814;633;13312;13687;4.75;0.29;378.04;20.56;1498;38;4686.00;375
11817;29;23582920;11817;627;13317;13687;4.72;0.29;378.10;20.55;1500;38;4687.00;370
11820;29;23582937;11820;626;13322;13688;4.71;0.29;378.10;20.55;1502;38;4688.00;366
11820;29;23582953;11820;624;13325;13689;4.70;0.29;378.10;20.55;1505;38;4689.00;364
11825;29;23582969;11825;622;13327;13689;4.65;0.29;378.20;20.54;1502;38;4690.00;362
11829;29;23582986;11829;619;13332;13693;4.58;0.28;378.13;20.54;1503;38;4691.00;361
11831;29;23583003;11831;626;13332;13693;4.57;0.28;378.11;20.54;1501;38;4692.00;361
11834;29;23583024;11834;629;13332;13693;4.53;0.28;378.10;20.54;1498;38;4693.00;361
11836;29;23583041;11836;626;13332;13693;4.53;0.28;378.14;20.54;1496;38;4694.00;361
11837;29;23583059;11837;624;13338;13699;4.49;0.27;378.15;20.61;1501;38;4695.00;361
11839;29;23583082;11839;632;13338;13699;4.44;0.27;378.18;20.61;1499;38;4696.00;361
11839;29;23583100;11839;631;13338;13699;4.41;0.27;378.18;20.61;1499;38;4697.00;361
11839;29;23583117;11839;641;13341;13702;4.39;0.27;378.18;20.68;1502;38;4698.00;361
11842;29;23583133;11842;643;13341;13702;4.34;0.27;378.25;20.68;1499;38;4699.00;361
11845;29;23583151;11845;637;13341;13702;4.32;0.26;378.23;20.68;1496;38;4700.00;361
11847;29;23583171;11847;639;13341;13703;4.30;0.26;378.27;20.68;1494;38;4701.00;362
11849;29;23583188;11849;643;13342;13704;4.28;0.26;378.33;20.68;1493;38;4702.00;362
11851;29;23583204;11851;643;13342;13704;4.28;0.26;378.28;20.68;1491;38;4703.00;362
11854;29;23583220;11854;647;13351;13717;4.28;0.26;378.39;20.66;1497;38;4704.00;366
11859;29;23583237;11859;639;13351;13717;4.28;0.26;378.56;20.66;1492;38;4705.00;366
11863;29;23583254;11863;634;13352;13717;4.34;0.26;378.66;20.66;1489;38;4706.00;365
11864;29;23583270;11864;632;13353;13718;4.37;0.27;378.72;20.66;1489;38;4707.00;365
11867;29;23583286;11867;629;13353;13718;4.37;0.27;378.74;20.66;1486;38;4708.00;365
11869;29;23583302;11869;629;13356;13722;4.43;0.27;378.84;20.66;1487;38;4709.00;366
11871;29;23583321;11871;629;13356;13722;4.45;0.27;378.93;20.66;1485;38;4710.00;366
11874;29;23583336;11874;630;13358;13726;4.46;0.27;379.02;20.65;1484;38;4711.00;368
11876;29;23583353;11876;631;13358;13726;4.46;0.27;379.06;20.65;1482;38;4712.00;368
11880;29;23583369;11880;634;13358;13726;4.44;0.27;379.14;20.65;1478;38;4713.00;368
11883;29;23583384;11883;636;13358;13726;4.39;0.27;379.18;20.65;1475;38;4714.00;368
11884;29;23583400;11884;634;13358;13726;4.34;0.27;379.18;20.65;1474;38;4715.00;368
11889;29;23583415;11889;640;13366;13738;4.31;0.26;379.23;20.64;1477;38;4716.00;372
11891;29;23583431;11891;641;13366;13738;4.26;0.26;379.22;20.64;1475;38;4717.00;372
11895;29;23583446;11895;641;13366;13738;4.20;0.26;379.35;20.64;1471;38;4718.00;372
11899;29;23583461;11899;638;13366;13738;4.15;0.25;379.35;20.64;1467;38;4719.00;372
11903;29;23583476;11903;636;13367;13738;4.10;0.25;379.53;20.64;1464;38;4720.00;371
11908;29;23583491;11908;633;13368;13738;4.03;0.25;379.64;20.64;1460;38;4721.00;370
11911;29;23583506;11911;631;13368;13739;3.96;0.24;379.63;20.64;1457;38;4722.00;371
11915;29;23583521;11915;636;13369;13739;3.90;0.24;379.68;20.64;1454;38;4723.00;370
11919;29;23583535;11919;643;13373;13745;3.87;0.24;379.72;20.63;1454;38;4724.00;372
11923;29;23583551;11923;629;13373;13747;3.83;0.23;379.71;20.63;1450;38;4725.00;374
11928;29;23583566;11928;624;13374;13747;3.78;0.23;379.83;20.63;1446;38;4726.00;373
11930;29;23583580;11930;624;13374;13747;3.74;0.23;379.91;20.63;1444;38;4727.00;373
11935;29;23583596;11935;624;13377;13751;3.75;0.23;379.95;20.63;1442;38;4728.00;374
11939;29;23583611;11939;614;13377;13751;3.72;0.23;379.95;20.63;1438;38;4729.00;374
11944;29;23583627;11944;624;13377;13751;3.66;0.22;380.04;20.63;1433;38;4730.00;374
11948;29;23583643;11948;623;13378;13752;3.67;0.22;380.11;20.63;1430;38;4731.00;374
11951;29;23583657;11951;624;13381;13756;3.65;0.22;380.06;20.63;1430;38;4732.00;375
11954;29;23583672;11954;610;13381;13756;3.65;0.22;380.14;20.63;1427;38;4733.00;375
11957;29;23583686;11957;614;13382;13759;3.68;0.23;380.14;20.62;1425;38;4734.00;377
11960;29;23583702;11960;617;13382;13759;3.67;0.23;380.11;20.62;1422;38;4735.00;377
11963;29;23583716;11963;612;13383;13759;3.70;0.23;380.27;20.62;1420;38;4736.00;376
11968;29;23583731;11968;621;13383;13759;3.67;0.23;380.37;20.62;1415;38;4737.00;376
11974;29;23583747;11974;623;13386;13763;3.66;0.22;380.36;20.62;1412;38;4738.00;377
11976;29;23583763;11976;625;13386;13763;3.63;0.22;380.42;20.62;1410;38;4739.00;377
11981;29;23583779;11981;629;13386;13763;3.59;0.22;380.42;20.62;1405;38;4740.00;377
11985;29;23583800;11985;630;13386;13763;3.57;0.22;380.51;20.62;1401;38;4741.00;377
11988;29;23583815;11988;632;13386;13764;3.57;0.22;380.59;20.62;1398;38;4742.00;378
11994;29;23583829;11994;636;13386;13765;3.52;0.22;380.74;20.62;1392;38;4743.00;379
11996;29;23583845;11996;647;13387;13765;3.54;0.22;380.72;20.62;1391;38;4744.00;378
12002;29;23583860;12002;644;13389;13766;3.51;0.22;380.77;20.62;1387;38;4745.00;377
12006;29;23583875;12006;647;13389;13766;3.49;0.21;380.79;20.62;1383;38;4746.00;377
12012;29;23583889;12012;648;13390;13766;3.45;0.21;380.79;20.62;1378;38;4747.00;376
12016;29;23583904;12016;651;13390;13766;3.42;0.21;380.78;20.62;1374;38;4748.00;376
12022;29;23583920;12022;656;13390;13766;3.37;0.21;380.83;20.62;1368;38;4749.00;376
12026;29;23583935;12026;652;13390;13766;3.31;0.20;380.83;20.62;1364;38;4750.00;376
12031;29;23583949;12031;654;13391;13766;3.29;0.20;380.77;20.62;1360;38;4751.00;375
12033;29;23583964;12033;677;13458;13893;3.63;0.23;380.74;20.52;1425;38;4752.00;435
12036;29;23583989;12036;673;13459;13894;3.58;0.22;380.67;20.51;1423;38;4753.00;435
12039;29;23584004;12039;665;13466;13894;3.61;0.23;380.66;20.51;1427;38;4754.00;428
12042;29;23584019;12042;661;13468;13894;3.61;0.23;380.64;20.50;1426;38;4755.00;426
12046;29;23584035;12046;659;13472;13894;3.60;0.23;380.59;20.50;1426;38;4756.00;422
12049;29;23584051;12049;651;13476;13894;3.63;0.23;380.54;20.50;1427;38;4757.00;418
12054;29;23584065;12054;649;13479;13894;3.59;0.22;380.56;20.49;1425;38;4758.00;415
12055;29;23584080;12055;655;13482;13894;3.54;0.22;380.57;20.49;1427;38;4759.00;412
12057;29;23584094;12057;659;13485;13895;3.53;0.22;380.59;20.49;1428;38;4760.00;410
12058;29;23584109;12058;670;13488;13896;3.49;0.22;380.60;20.49;1430;38;4761.00;408
12059;29;23584124;12059;670;13491;13896;3.47;0.22;380.58;20.49;1432;38;4762.00;405
12063;29;23584140;12063;670;13495;13897;3.43;0.21;380.61;20.48;1432;38;4763.00;402
12065;29;23584155;12065;671;13497;13897;3.40;0.21;380.64;20.48;1432;38;4764.00;400
12068;29;23584170;12068;682;13497;13897;3.38;0.21;380.70;20.48;1429;38;4765.00;400
12071;29;23584184;12071;683;13499;13897;3.36;0.21;380.68;20.48;1428;38;4766.00;398
12072;29;23584200;12072;686;13503;13901;3.41;0.21;380.73;20.56;1431;38;4767.00;398
12074;29;23584217;12074;690;13503;13901;3.42;0.21;380.73;20.56;1429;38;4768.00;398
12077;29;23584231;12077;691;13504;13901;3.38;0.21;380.79;20.56;1427;38;4769.00;397
12077;29;23584247;12077;699;13506;13907;3.39;0.21;380.79;20.56;1429;38;4770.00;401
12079;29;23584263;12079;699;13506;13907;3.35;0.21;380.77;20.56;1427;38;4771.00;401
12082;29;23584277;12082;697;13508;13907;3.35;0.21;380.80;20.56;1426;38;4772.00;399
12086;29;23584293;12086;691;13509;13911;3.36;0.21;380.84;20.55;1423;38;4773.00;402
12087;29;23584308;12087;689;13511;13912;3.41;0.21;380.85;20.55;1424;38;4774.00;401
12089;29;23584323;12089;690;13511;13912;3.42;0.21;380.82;20.55;1422;38;4775.00;401
12093;29;23584338;12093;690;13515;13916;3.42;0.21;380.80;20.55;1422;38;4776.00;401
12093;29;23584354;12093;682;13515;13916;3.46;0.21;380.80;20.55;1422;38;4777.00;401
12095;29;23584369;12095;674;13516;13916;3.48;0.21;380.77;20.55;1421;38;4778.00;400
12097;29;23584384;12097;670;13516;13917;3.50;0.22;380.71;20.55;1419;38;4779.00;401
12098;29;23584400;12098;672;13517;13917;3.54;0.22;380.68;20.55;1419;38;4780.00;400
12100;29;23584422;12100;653;13521;13923;3.60;0.22;380.65;20.54;1421;39;4781.00;402
12100;29;23584448;12100;634;13522;13923;3.70;0.23;380.65;20.55;1422;39;4782.00;401
12104;29;23584463;12104;627;13523;13924;3.75;0.23;380.66;20.63;1419;39;4783.00;401
12108;29;23584485;12108;624;13524;13924;3.84;0.23;380.60;20.63;1416;39;4784.00;400
12110;29;23584501;12110;618;13524;13924;3.96;0.24;380.57;20.63;1414;39;4785.00;400
12111;29;23584516;12111;608;13524;13924;4.07;0.25;380.57;20.63;1413;39;4786.00;400
12112;29;23584533;12112;599;13524;13924;4.18;0.25;380.54;20.63;1412;39;4787.00;400
12113;29;23584549;12113;598;13533;13936;4.36;0.27;380.55;20.62;1420;39;4788.00;403
12115;29;23584567;12115;596;13533;13936;4.39;0.27;380.60;20.62;1418;39;4789.00;403
12117;29;23584582;12117;586;13535;13936;4.47;0.27;380.59;20.62;1418;39;4790.00;401
12118;29;23584600;12118;584;13535;13936;4.50;0.27;380.60;20.62;1417;39;4791.00;401
12122;29;23584624;12122;579;13535;13936;4.56;0.28;380.68;20.62;1413;39;4792.00;401
12124;29;23584641;12124;574;13537;13936;4.60;0.28;380.67;20.63;1413;39;4793.00;399
12125;29;23584657;12125;566;13538;13940;4.66;0.28;380.65;20.62;1413;39;4794.00;402
12125;29;23584675;12125;559;13539;13940;4.70;0.28;380.65;20.71;1414;39;4795.00;401
12125;29;23584692;12125;554;13543;13944;4.77;0.29;380.65;20.71;1418;39;4796.00;401
12125;29;23584709;12125;551;13543;13945;4.80;0.29;380.65;20.71;1418;39;4797.00;402
12127;29;23584727;12127;546;13543;13945;4.82;0.29;380.62;20.71;1416;39;4798.00;402
12130;29;23584743;12130;541;13544;13945;4.81;0.29;380.68;20.71;1414;39;4799.00;401
12132;29;23584763;12132;549;13566;13986;4.87;0.30;380.78;20.68;1434;39;4800.00;420
12132;29;23584787;12132;548;13567;13986;4.91;0.30;380.78;20.68;1435;39;4801.00;419
12138;29;23584804;12138;535;13568;13986;4.92;0.30;380.92;20.67;1430;39;4802.00;418
12139;29;23584821;12139;544;13570;13987;5.00;0.30;380.90;20.67;1431;39;4803.00;417
12140;29;23584839;12140;546;13570;13988;5.04;0.31;380.90;20.67;1430;39;4804.00;418
12144;29;23584855;12144;542;13570;13988;5.03;0.30;380.99;20.67;1426;39;4805.00;418
12146;29;23584872;12146;547;13572;13991;5.06;0.31;381.08;20.67;1426;39;4806.00;419
12149;29;23584889;12149;552;13572;13991;5.07;0.31;381.20;20.67;1423;39;4807.00;419
12151;29;23584906;12151;550;13573;13991;5.07;0.31;381.29;20.67;1422;39;4808.00;418
12153;29;23584924;12153;556;13574;13991;5.06;0.31;381.40;20.67;1421;39;4809.00;417
12156;29;23584940;12156;563;13578;13997;5.09;0.31;381.51;20.66;1422;39;4810.00;419
12157;29;23584957;12157;571;13578;13997;5.10;0.31;381.55;20.66;1421;39;4811.00;419
12160;29;23584986;12160;582;13578;13997;5.09;0.31;381.54;20.66;1418;39;4812.00;419
12161;29;23585015;12161;584;13580;13997;5.09;0.31;381.58;20.75;1419;39;4813.00;417
12164;29;23585032;12164;588;13582;14001;5.02;0.30;381.57;20.75;1418;39;4814.00;419
12165;29;23585048;12165;576;13582;14003;5.03;0.30;381.56;20.75;1417;39;4815.00;421
12169;29;23585065;12169;574;13582;14003;5.01;0.30;381.70;20.75;1413;39;4816.00;421
12170;29;23585081;12170;572;13583;14004;5.06;0.31;381.71;20.75;1413;39;4817.00;421
12171;29;23585098;12171;562;13584;14004;5.10;0.31;381.70;20.75;1413;39;4818.00;420
12172;29;23585114;12172;559;13584;14004;5.17;0.31;381.78;20.75;1412;39;4819.00;420
12176;29;23585130;12176;547;13585;14004;5.16;0.31;381.88;20.75;1409;39;4820.00;419
12178;29;23585147;12178;541;13585;14004;5.18;0.31;381.90;20.75;1407;39;4821.00;419
12182;29;23585166;12182;541;13585;14004;5.19;0.31;381.99;20.75;1403;39;4822.00;419
12184;29;23585182;12184;541;13585;14004;5.20;0.31;382.01;20.75;1401;39;4823.00;419
12185;29;23585205;12185;555;13619;14074;5.19;0.31;382.01;20.70;1434;39;4824.00;455
12187;29;23585229;12187;549;13622;14075;5.18;0.31;382.04;20.70;1435;39;4825.00;453
12190;29;23585246;12190;544;13626;14075;5.21;0.32;382.10;20.69;1436;39;4826.00;449
12192;29;23585264;12192;550;13626;14075;5.18;0.31;382.11;20.69;1434;39;4827.00;449
12194;29;23585280;12194;539;13628;14077;5.15;0.31;382.22;20.69;1434;39;4828.00;449
12199;29;23585303;12199;537;13629;14077;5.06;0.31;382.44;20.69;1430;39;4829.00;448
12203;29;23585321;12203;528;13629;14077;5.00;0.30;382.57;20.69;1426;39;4830.00;448
12206;29;23585338;12206;533;13632;14077;4.99;0.30;382.54;20.78;1426;39;4831.00;445
12210;29;23585355;12210;535;13634;14078;4.96;0.30;382.64;20.78;1424;39;4832.00;444
12212;29;23585372;12212;537;13639;14079;4.96;0.30;382.63;20.77;1427;39;4833.00;440
12213;29;23585388;12213;534;13641;14079;4.97;0.30;382.62;20.77;1428;39;4834.00;438
12214;29;23585410;12214;548;13645;14083;4.97;0.30;382.66;20.77;1431;39;4835.00;438
12217;29;23585427;12217;538;13647;14083;4.94;0.30;382.67;20.77;1430;39;4836.00;436
12220;29;23585444;12220;545;13648;14083;4.90;0.30;382.76;20.77;1428;39;4837.00;435
12224;29;23585460;12224;537;13648;14083;4.82;0.29;382.82;20.77;1424;39;4838.00;435
12226;29;23585477;12226;549;13651;14089;4.83;0.29;382.79;20.76;1425;39;4839.00;438
12233;29;23585493;12233;533;13651;14089;4.78;0.29;382.76;20.76;1418;39;4840.00;438
12237;29;23585510;12237;534;13651;14089;4.74;0.29;382.87;20.76;1414;39;4841.00;438
12239;29;23585528;12239;533;13652;14092;4.72;0.29;382.92;20.76;1413;39;4842.00;440
12240;29;23585543;12240;533;13654;14092;4.70;0.28;382.90;20.93;1414;39;4843.00;438
12243;29;23585564;12243;534;13654;14092;4.71;0.29;383.08;20.93;1411;39;4844.00;438
12244;29;23585585;12244;531;13654;14093;4.76;0.29;383.07;20.93;1410;39;4845.00;439
12246;29;23585601;12246;533;13655;14094;4.76;0.29;383.09;20.93;1409;39;4846.00;439
12248;29;23585617;12248;540;13656;14094;4.79;0.29;383.23;20.93;1408;39;4847.00;438
12248;29;23585633;12248;535;13663;14107;4.87;0.30;383.23;20.92;1415;39;4848.00;444
12248;29;23585650;12248;530;13663;14107;4.90;0.30;383.23;20.92;1415;39;4849.00;444
12255;29;23585667;12255;537;13664;14107;4.92;0.30;383.33;20.92;1409;39;4850.00;443
12258;29;23585683;12258;532;13665;14108;4.97;0.30;383.36;20.92;1407;39;4851.00;443
12260;29;23585698;12260;536;13665;14108;5.03;0.31;383.34;20.92;1405;39;4852.00;443
12263;29;23585715;12263;535;13669;14112;5.06;0.31;383.32;20.92;1406;39;4853.00;443
12267;29;23585730;12267;539;13670;14112;5.05;0.31;383.33;20.91;1403;39;4854.00;442
12268;29;23585748;12268;545;13672;14116;5.05;0.31;383.44;20.91;1404;39;4855.00;444
12272;29;23585763;12272;555;13672;14116;5.03;0.31;383.51;20.91;1400;39;4856.00;444
12275;29;23585780;12275;550;13672;14116;5.02;0.31;383.76;20.91;1397;39;4857.00;444
12277;29;23585796;12277;554;13672;14116;5.01;0.30;383.79;20.91;1395;39;4858.00;444
12281;29;23585812;12281;555;13672;14116;4.98;0.30;383.92;20.91;1391;39;4859.00;444
12283;29;23585830;12283;551;13692;14150;5.08;0.31;383.98;20.88;1409;39;4860.00;458
12287;29;23585848;12287;555;13692;14150;5.03;0.31;384.10;20.88;1405;39;4861.00;458
12293;29;23585863;12293;555;13693;14150;4.98;0.30;384.26;20.88;1400;39;4862.00;457
12297;29;23585880;12297;559;13693;14150;4.91;0.30;384.33;20.88;1396;39;4863.00;457
12299;29;23585896;12299;564;13694;14150;4.88;0.30;384.36;20.88;1395;39;4864.00;456
12301;29;23585912;12301;559;13694;14150;4.84;0.30;384.38;20.88;1393;39;4865.00;456
12302;29;23585928;12302;575;13694;14151;4.82;0.29;384.36;20.88;1392;39;4866.00;457
12302;29;23585945;12302;574;13694;14151;4.81;0.29;384.36;20.88;1392;39;4867.00;457
12304;29;23585961;12304;575;13698;14157;4.82;0.29;384.37;20.87;1394;39;4868.00;459
12306;29;23585978;12306;585;13698;14158;4.78;0.29;384.33;20.87;1392;39;4869.00;460
12308;29;23585993;12308;583;13698;14158;4.73;0.29;384.36;20.87;1390;39;4870.00;460
12310;29;23586015;12310;587;13698;14158;4.68;0.29;384.38;20.87;1388;39;4871.00;460
12313;29;23586042;12313;594;13701;14162;4.64;0.28;384.35;20.87;1388;39;4872.00;461
12315;29;23586063;12315;594;13701;14162;4.61;0.28;384.37;20.87;1386;39;4873.00;461
12317;29;23586078;12317;592;13701;14162;4.57;0.28;384.44;20.87;1384;39;4874.00;461
12319;29;23586093;12319;591;13702;14163;4.57;0.28;384.40;20.87;1383;39;4875.00;461
12321;29;23586108;12321;586;13703;14167;4.53;0.28;384.48;20.87;1382;39;4876.00;464
12325;29;23586122;12325;583;13703;14167;4.47;0.27;384.55;20.87;1378;39;4877.00;464
12328;29;23586137;12328;575;13704;14170;4.47;0.27;384.65;20.86;1376;39;4878.00;466
12331;29;23586152;12331;575;13704;14170;4.42;0.27;384.71;20.86;1373;39;4879.00;466
12335;29;23586167;12335;570;13704;14170;4.46;0.27;384.71;20.86;1369;39;4880.00;466
12339;29;23586181;12339;565;13704;14170;4.48;0.27;384.86;20.86;1365;39;4881.00;466
12340;29;23586196;12340;563;13707;14174;4.57;0.28;384.87;20.86;1367;39;4882.00;467
12340;29;23586210;12340;553;13707;14174;4.65;0.28;384.87;20.86;1367;39;4883.00;467
12345;29;23586224;12345;551;13707;14174;4.62;0.28;385.06;20.86;1362;39;4884.00;467
12347;29;23586239;12347;546;13707;14174;4.65;0.28;385.15;20.86;1360;39;4885.00;467
12349;29;23586253;12349;540;13707;14175;4.66;0.28;385.19;20.86;1358;39;4886.00;468
12354;29;23586268;12354;541;13707;14176;4.61;0.28;385.22;20.86;1353;39;4887.00;469
12360;29;23586282;12360;537;13707;14176;4.59;0.28;385.41;20.86;1347;39;4888.00;469
12361;29;23586296;12361;544;13708;14177;4.61;0.28;385.41;20.86;1347;39;4889.00;469
12367;29;23586311;12367;551;13708;14177;4.56;0.28;385.56;20.86;1341;39;4890.00;469
12372;29;23586325;12372;554;13708;14177;4.47;0.27;385.66;20.86;1336;39;4891.00;469
12376;29;23586339;12376;563;13708;14177;4.43;0.27;385.75;20.86;1332;39;4892.00;469
12380;29;23586353;12380;566;13708;14177;4.36;0.26;385.77;20.86;1328;39;4893.00;469
12383;29;23586366;12383;574;13708;14177;4.31;0.26;385.81;20.86;1325;39;4894.00;469
12386;29;23586381;12386;580;13710;14177;4.25;0.26;385.93;20.88;1324;39;4895.00;467
12388;29;23586395;12388;592;13767;14304;4.48;0.28;386.02;20.79;1379;39;4896.00;537
12393;29;23586419;12393;590;13771;14305;4.38;0.27;386.12;20.78;1378;39;4897.00;534
12396;29;23586433;12396;589;13777;14305;4.30;0.27;386.07;20.77;1381;39;4898.00;528
12399;29;23586447;12399;589;13777;14305;4.20;0.26;386.19;20.77;1378;39;4899.00;528
12403;29;23586462;12403;575;13784;14305;4.17;0.26;386.21;20.77;1381;39;4900.00;521
12409;29;23586479;12409;573;13785;14305;4.09;0.25;386.20;20.77;1376;39;4901.00;520
12411;29;23586493;12411;565;13788;14305;4.10;0.25;386.24;20.76;1377;39;4902.00;517
12413;29;23586507;12413;565;13790;14305;4.10;0.25;386.24;20.76;1377;39;4903.00;515
12414;29;23586521;12414;571;13792;14306;4.10;0.25;386.22;20.76;1378;39;4904.00;514
12417;29;23586535;12417;576;13794;14308;4.09;0.25;386.19;20.76;1377;39;4905.00;514
12419;29;23586550;12419;577;13796;14308;4.08;0.25;386.20;20.76;1377;39;4906.00;512
12421;29;23586563;12421;576;13797;14309;4.10;0.25;386.19;20.75;1376;39;4907.00;512
12424;29;23586578;12424;567;13798;14309;4.14;0.26;386.18;20.75;1374;39;4908.00;511
12427;29;23586593;12427;565;13800;14309;4.13;0.25;386.18;20.75;1373;39;4909.00;509
12431;29;23586607;12431;561;13801;14309;4.07;0.25;386.19;20.75;1370;39;4910.00;508
12435;29;23586621;12435;566;13803;14313;4.01;0.25;386.28;20.75;1368;39;4911.00;510
12438;29;23586636;12438;571;13804;14313;3.96;0.24;386.30;20.75;1366;39;4912.00;509
12440;29;23586651;12440;577;13804;14313;3.96;0.24;386.29;20.75;1364;39;4913.00;509
12449;29;23586665;12449;572;13805;14316;3.91;0.24;386.14;20.75;1356;39;4914.00;511
12452;29;23586681;12452;576;13805;14316;3.88;0.24;386.13;20.75;1353;39;4915.00;511
12456;29;23586694;12456;587;13805;14316;3.88;0.24;386.06;20.75;1349;39;4916.00;511
12459;29;23586709;12459;588;13806;14320;3.91;0.24;386.12;20.74;1347;39;4917.00;514
12464;29;23586723;12464;583;13807;14321;3.89;0.24;386.07;20.74;1343;39;4918.00;514
12466;29;23586737;12466;588;13807;14321;3.86;0.24;386.01;20.74;1341;39;4919.00;514
12471;29;23586755;12471;593;13810;14326;3.83;0.23;385.97;20.74;1339;39;4920.00;516
12472;29;23586769;12472;597;13812;14326;3.86;0.24;385.97;20.74;1340;39;4921.00;514
12476;29;23586782;12476;602;13812;14326;3.86;0.24;385.94;20.74;1336;39;4922.00;514
12483;29;23586798;12483;605;13813;14327;3.81;0.23;385.94;20.75;1330;39;4923.00;514
12484;29;23586813;12484;618;13813;14327;3.77;0.23;385.95;20.75;1329;39;4924.00;514
12487;29;23586827;12487;617;13817;14333;3.76;0.23;385.92;20.75;1330;39;4925.00;516
12488;29;23586842;12488;617;13819;14333;3.73;0.23;385.97;20.76;1331;39;4926.00;514
12490;29;23586856;12490;621;13819;14334;3.69;0.23;385.97;20.76;1329;39;4927.00;515
12495;29;23586870;12495;620;13821;14334;3.61;0.22;385.90;20.86;1326;39;4928.00;513
12497;29;23586885;12497;625;13822;14334;3.60;0.22;385.84;20.87;1325;39;4929.00;512
12499;29;23586898;12499;625;13824;14334;3.57;0.22;385.80;20.89;1325;39;4930.00;510
12499;29;23586913;12499;628;13825;14334;3.56;0.22;385.80;20.89;1326;39;4931.00;509
12500;29;23586926;12500;629;13833;14346;3.62;0.22;385.85;20.89;1333;39;4932.00;513
12502;29;23586941;12502;635;13835;14346;3.58;0.22;385.86;20.91;1333;39;4933.00;511
12504;29;23586955;12504;621;13838;14346;3.60;0.22;385.87;20.92;1334;39;4934.00;508
12509;29;23586970;12509;619;13838;14346;3.59;0.22;385.94;20.92;1329;39;4935.00;508
12512;29;23586983;12512;612;13839;14346;3.62;0.22;386.01;20.93;1327;39;4936.00;507
12514;29;23586998;12514;605;13839;14346;3.66;0.22;385.97;20.93;1325;39;4937.00;507
12516;29;23587013;12516;603;13844;14350;3.75;0.23;385.96;20.96;1328;39;4938.00;506
12519;29;23587028;12519;602;13845;14350;3.77;0.23;385.99;20.97;1326;39;4939.00;505
12519;29;23587043;12519;595;13850;14354;3.88;0.24;385.99;20.98;1331;39;4940.00;504
12521;29;23587064;12521;592;13853;14355;3.88;0.24;385.98;21.00;1332;39;4941.00;502
12522;29;23587079;12522;586;13854;14355;3.87;0.24;386.01;21.01;1332;39;4942.00;501
12526;29;23587094;12526;587;13858;14355;3.83;0.23;386.04;21.12;1332;39;4943.00;497
12527;29;23587109;12527;589;13869;14368;3.95;0.24;386.07;21.11;1342;39;4944.00;499
12530;29;23587124;12530;596;13870;14368;3.95;0.24;386.15;21.12;1340;39;4945.00;498
12530;29;23587138;12530;596;13871;14368;4.01;0.24;386.15;21.12;1341;39;4946.00;497
12532;29;23587152;12532;587;13876;14369;4.08;0.25;386.19;21.15;1344;39;4947.00;493
12536;29;23587167;12536;584;13878;14370;4.09;0.25;386.16;21.25;1342;39;4948.00;492
12537;29;23587187;12537;575;13879;14370;4.11;0.25;386.16;21.26;1342;39;4949.00;491
12539;29;23587204;12539;574;13885;14379;4.17;0.25;386.16;21.26;1346;39;4950.00;494
12539;29;23587220;12539;571;13885;14379;4.26;0.26;386.16;21.26;1346;39;4951.00;494
12541;29;23587234;12541;573;13890;14379;4.32;0.26;386.21;21.38;1349;39;4952.00;489
12543;29;23587250;12543;569;13891;14379;4.41;0.27;386.28;21.39;1348;39;4953.00;488
12544;29;23587265;12544;566;13895;14385;4.47;0.27;386.30;21.38;1351;39;4954.00;490
12544;29;23587281;12544;569;13901;14385;4.51;0.27;386.30;21.41;1357;39;4955.00;484
12547;29;23587296;12547;556;13901;14385;4.56;0.28;386.40;21.41;1354;39;4956.00;484
12549;29;23587311;12549;551;13904;14385;4.61;0.28;386.41;21.42;1355;39;4957.00;481
12554;29;23587326;12554;541;13906;14389;4.61;0.28;386.50;21.42;1352;39;4958.00;483
12555;29;23587342;12555;531;13906;14390;4.70;0.28;386.55;21.42;1351;39;4959.00;484
12557;29;23587359;12557;522;13908;14390;4.72;0.29;386.63;21.43;1351;39;4960.00;482
12559;29;23587374;12559;525;13911;14391;4.76;0.29;386.66;21.44;1352;39;4961.00;480
12561;29;23587390;12561;529;13912;14391;4.77;0.29;386.67;21.44;1351;39;4962.00;479
12561;29;23587406;12561;529;13914;14391;4.82;0.29;386.67;21.45;1353;39;4963.00;477
12563;29;23587421;12563;532;13916;14391;4.84;0.29;386.71;21.46;1353;39;4964.00;475
12564;29;23587436;12564;538;13918;14391;4.89;0.30;386.79;21.47;1354;39;4965.00;473
12566;29;23587452;12566;540;13918;14391;4.87;0.30;386.83;21.47;1352;39;4966.00;473
12568;29;23587467;12568;537;13921;14391;4.84;0.29;386.89;21.48;1353;39;4967.00;470
12569;29;23587484;12569;559;13959;14461;4.82;0.29;386.87;21.42;1390;39;4968.00;502
12572;29;23587504;12572;529;13961;14462;4.81;0.29;387.04;21.43;1389;39;4969.00;501
12575;29;23587521;12575;530;13964;14462;4.85;0.30;387.13;21.42;1389;39;4970.00;498
12578;29;23587537;12578;525;13968;14462;4.92;0.30;387.17;21.43;1390;39;4971.00;494
12578;29;23587552;12578;518;13970;14462;4.99;0.30;387.17;21.52;1392;39;4972.00;492
12579;29;23587568;12579;522;13973;14462;5.01;0.31;387.17;21.53;1394;39;4973.00;489
12582;29;23587584;12582;525;13976;14462;5.06;0.31;387.28;21.53;1394;39;4974.00;486
12582;29;23587600;12582;534;13979;14462;5.13;0.31;387.28;21.54;1397;39;4975.00;483
12583;29;23587616;12583;526;13981;14463;5.17;0.32;387.30;21.54;1398;39;4976.00;482
12585;29;23587633;12585;534;13984;14464;5.24;0.32;387.29;21.54;1399;39;4977.00;480
12590;29;23587650;12590;539;13985;14464;5.20;0.32;387.45;21.54;1395;39;4978.00;479
12592;29;23587668;12592;544;13989;14468;5.22;0.32;387.45;21.54;1397;39;4979.00;479
12596;29;23587685;12596;552;13990;14468;5.23;0.32;387.55;21.54;1394;39;4980.00;478
12599;29;23587702;12599;560;13990;14468;5.25;0.32;387.63;21.54;1391;39;4981.00;478
12600;29;23587718;12600;568;13991;14468;5.23;0.32;387.61;21.55;1391;39;4982.00;477
12602;29;23587734;12602;571;13996;14474;5.21;0.32;387.62;21.55;1394;39;4983.00;478
12605;29;23587757;12605;579;13997;14474;5.15;0.31;387.71;21.55;1392;39;4984.00;477
12608;29;23587774;12608;584;13998;14474;5.08;0.31;387.71;21.56;1390;39;4985.00;476
12610;29;23587789;12610;589;14000;14477;5.07;0.31;387.84;21.56;1390;39;4986.00;477
12612;29;23587806;12612;585;14000;14477;5.04;0.31;387.90;21.56;1388;39;4987.00;477
12616;29;23587828;12616;597;14001;14477;5.02;0.31;387.95;21.56;1385;39;4988.00;476
12617;29;23587844;12617;589;14002;14478;5.05;0.31;388.01;21.57;1385;39;4989.00;476
12619;29;23587861;12619;581;14003;14479;5.13;0.31;388.09;21.56;1384;39;4990.00;476
12623;29;23587877;12623;574;14004;14479;5.12;0.31;388.16;21.65;1381;39;4991.00;475
12625;29;23587894;12625;571;14014;14492;5.15;0.31;388.18;21.64;1389;39;4992.00;478
12629;29;23587911;12629;551;14015;14492;5.18;0.32;388.19;21.64;1386;39;4993.00;477
12632;29;23587927;12632;544;14015;14492;5.24;0.32;388.29;21.64;1383;39;4994.00;477
12635;29;23587944;12635;535;14016;14494;5.24;0.32;388.32;21.64;1381;39;4995.00;478
12638;29;23587959;12638;521;14016;14494;5.27;0.32;388.29;21.64;1378;39;4996.00;478
12642;29;23587976;12642;521;14019;14498;5.34;0.33;388.39;21.64;1377;39;4997.00;479
12645;29;23587992;12645;516;14020;14498;5.41;0.33;388.43;21.64;1375;39;4998.00;478
12648;29;23588009;12648;513;14021;14502;5.45;0.33;388.44;21.64;1373;39;4999.00;481
12652;29;23588028;12652;505;14023;14502;5.52;0.34;388.54;21.65;1371;39;5000.00;479
12657;29;23588048;12657;498;14024;14502;5.53;0.34;388.65;21.65;1367;39;5001.00;478
12661;29;23588064;12661;501;14024;14502;5.48;0.33;388.65;21.65;1363;39;5002.00;478
12666;29;23588080;12666;495;14024;14502;5.40;0.33;388.76;21.65;1358;39;5003.00;478
12668;29;23588097;12668;497;14032;14514;5.39;0.33;388.76;21.64;1364;39;5004.00;482
12673;29;23588114;12673;492;14032;14514;5.36;0.33;388.90;21.64;1359;39;5005.00;482
12676;29;23588131;12676;492;14033;14514;5.31;0.32;388.90;21.64;1357;39;5006.00;481
12683;29;23588178;12683;489;14033;14514;5.22;0.32;388.92;21.64;1350;39;5007.00;481
12687;29;23588195;12687;482;14033;14514;5.18;0.31;388.95;21.64;1346;39;5008.00;481
12689;29;23588211;12689;476;14033;14514;5.20;0.32;388.93;21.64;1344;39;5009.00;481
12691;29;23588228;12691;481;14033;14515;5.20;0.32;388.91;21.64;1342;39;5010.00;482
12692;29;23588243;12692;482;14033;14515;5.20;0.32;388.95;21.64;1341;39;5011.00;482
12694;30;23588259;12694;493;14037;14521;5.21;0.32;389.04;21.63;1343;40;5012.00;484
12695;30;23588282;12695;483;14037;14522;5.24;0.32;389.07;21.63;1342;40;5013.00;485
12695;30;23588298;12695;487;14037;14522;5.28;0.32;389.07;21.63;1342;40;5014.00;485
12701;30;23588314;12701;488;14037;14522;5.28;0.32;389.22;21.63;1336;40;5015.00;485
12704;30;23588330;12704;490;14040;14526;5.35;0.33;389.31;21.63;1336;40;5016.00;486
12709;30;23588347;12709;496;14040;14526;5.35;0.33;389.30;21.63;1331;40;5017.00;486
12711;30;23588363;12711;498;14041;14526;5.36;0.33;389.36;21.63;1330;40;5018.00;485
12717;30;23588378;12717;497;14042;14527;5.36;0.33;389.37;21.63;1325;40;5019.00;485
12721;30;23588394;12721;490;14043;14531;5.31;0.32;389.40;21.63;1322;40;5020.00;488
12722;30;23588415;12722;489;14043;14531;5.26;0.32;389.50;21.63;1321;40;5021.00;488
12726;30;23588432;12726;486;14044;14534;5.18;0.31;389.53;21.63;1318;40;5022.00;490
12729;30;23588447;12729;488;14044;14534;5.17;0.31;389.54;21.63;1315;40;5023.00;490
12730;30;23588463;12730;493;14044;14534;5.15;0.31;389.53;21.63;1314;40;5024.00;490
12732;30;23588478;12732;496;14044;14534;5.14;0.31;389.61;21.63;1312;40;5025.00;490
12734;30;23588493;12734;499;14047;14538;5.17;0.31;389.66;21.62;1313;40;5026.00;491
12736;30;23588508;12736;495;14047;14538;5.17;0.31;389.70;21.62;1311;40;5027.00;491
12737;30;23588524;12737;500;14047;14538;5.19;0.32;389.72;21.62;1310;40;5028.00;491
12738;30;23588539;12738;508;14047;14538;5.16;0.32;389.73;21.62;1309;40;5029.00;491
12740;30;23588553;12740;510;14047;14539;5.12;0.31;389.81;21.62;1307;40;5030.00;492
12742;30;23588569;12742;515;14047;14540;5.09;0.31;389.81;21.62;1305;40;5031.00;493
12746;30;23588584;12746;514;14047;14540;5.04;0.31;389.85;21.62;1301;40;5032.00;493
12747;30;23588599;12747;512;14048;14541;5.03;0.31;389.91;21.62;1301;40;5033.00;493
12749;30;23588614;12749;518;14048;14541;5.00;0.31;389.89;21.62;1299;40;5034.00;493
12751;30;23588629;12751;518;14048;14541;4.98;0.30;389.92;21.62;1297;40;5035.00;493
12756;30;23588643;12756;518;14048;14541;4.96;0.30;389.99;21.62;1292;40;5036.00;493
12760;30;23588658;12760;525;14048;14541;4.95;0.30;390.14;21.62;1288;40;5037.00;493
12762;30;23588672;12762;524;14048;14541;4.95;0.30;390.20;21.62;1286;40;5038.00;493
12764;30;23588686;12764;527;14048;14541;4.93;0.30;390.27;21.62;1284;40;5039.00;493
12766;30;23588702;12766;547;14130;14771;5.28;0.33;390.29;21.49;1364;40;5040.00;641
12769;30;23588734;12769;544;14134;14772;5.25;0.33;390.27;21.49;1365;40;5041.00;638
12775;30;23588749;12775;543;14144;14772;5.21;0.33;390.36;21.48;1369;40;5042.00;628
12778;30;23588765;12778;546;14150;14772;5.17;0.32;390.36;21.47;1372;40;5043.00;622
12780;30;23588780;12780;546;14155;14772;5.17;0.32;390.35;21.46;1375;40;5044.00;617
12782;30;23588794;12782;545;14161;14772;5.19;0.32;390.40;21.45;1379;40;5045.00;611
12785;30;23588815;12785;540;14166;14772;5.20;0.32;390.57;21.45;1381;40;5046.00;606
12785;30;23588831;12785;545;14172;14772;5.25;0.33;390.57;21.44;1387;40;5047.00;600
12788;30;23588846;12788;549;14177;14773;5.29;0.33;390.70;21.44;1389;40;5048.00;596
12791;30;23588861;12791;546;14182;14774;5.34;0.33;390.72;21.43;1391;40;5049.00;592
12794;30;23588877;12794;541;14185;14774;5.40;0.34;390.74;21.43;1391;40;5050.00;589
12794;30;23588892;12794;538;14187;14775;5.45;0.34;390.74;21.43;1393;40;5051.00;588
12798;30;23588907;12798;536;14190;14775;5.44;0.34;390.74;21.43;1392;40;5052.00;585
12802;30;23588922;12802;532;14192;14775;5.43;0.34;390.72;21.43;1390;40;5053.00;583
12804;30;23588938;12804;535;14194;14775;5.39;0.33;390.68;21.43;1390;40;5054.00;581
12807;30;23588953;12807;538;14199;14779;5.34;0.33;390.71;21.42;1392;40;5055.00;580
12811;30;23588969;12811;546;14200;14779;5.28;0.33;390.72;21.42;1389;40;5056.00;579
12814;30;23588985;12814;547;14203;14779;5.27;0.33;390.78;21.42;1389;40;5057.00;576
12817;30;23589000;12817;554;14204;14782;5.24;0.32;390.78;21.42;1387;40;5058.00;578
12820;30;23589017;12820;552;14206;14782;5.24;0.32;390.74;21.42;1386;40;5059.00;576
12824;30;23589033;12824;567;14208;14782;5.21;0.32;390.93;21.42;1384;40;5060.00;574
12828;30;23589048;12828;563;14210;14786;5.18;0.32;390.96;21.41;1382;40;5061.00;576
12833;30;23589064;12833;571;14212;14787;5.14;0.32;390.96;21.41;1379;40;5062.00;575
12835;30;23589079;12835;580;14213;14787;5.06;0.31;390.95;21.41;1378;40;5063.00;574
12839;30;23589094;12839;588;14217;14791;5.00;0.31;390.91;21.41;1378;40;5064.00;574
12841;30;23589111;12841;597;14220;14791;4.86;0.30;390.89;21.41;1379;40;5065.00;571
12844;30;23589125;12844;600;14220;14791;4.79;0.29;390.94;21.41;1376;40;5066.00;571
12847;30;23589141;12847;611;14221;14792;4.71;0.29;390.90;21.41;1374;40;5067.00;571
12850;30;23589155;12850;614;14221;14792;4.61;0.28;390.87;21.41;1371;40;5068.00;571
12852;30;23589169;12852;616;14225;14798;4.57;0.28;390.85;21.40;1373;40;5069.00;573
12854;30;23589186;12854;625;14226;14798;4.48;0.27;390.83;21.42;1372;40;5070.00;572
12856;30;23589201;12856;623;14226;14799;4.38;0.27;390.83;21.42;1370;40;5071.00;573
12863;30;23589215;12863;628;14226;14799;4.24;0.26;390.72;21.42;1363;40;5072.00;573
12865;30;23589239;12865;644;14226;14799;4.13;0.25;390.69;21.42;1361;40;5073.00;573
12869;30;23589251;12869;643;14226;14799;4.01;0.25;390.63;21.42;1357;40;5074.00;573
12870;30;23589265;12870;637;14226;14799;3.97;0.24;390.61;21.42;1356;40;5075.00;573
12874;30;23589279;12874;630;14234;14811;3.96;0.24;390.57;21.40;1360;40;5076.00;577
12877;30;23589293;12877;629;14234;14811;3.93;0.24;390.56;21.40;1357;40;5077.00;577
12880;30;23589307;12880;626;14234;14811;3.91;0.24;390.52;21.40;1354;40;5078.00;577
12881;30;23589320;12881;627;14234;14811;3.87;0.24;390.50;21.40;1353;40;5079.00;577
12884;30;23589333;12884;623;14234;14811;3.85;0.24;390.50;21.40;1350;40;5080.00;577
12886;30;23589347;12886;623;14234;14811;3.81;0.23;390.51;21.40;1348;40;5081.00;577
12886;30;23589360;12886;617;14235;14815;3.81;0.23;390.51;21.40;1349;40;5082.00;580
12888;30;23589374;12888;612;14235;14815;3.81;0.23;390.51;21.40;1347;40;5083.00;580
12891;30;23589387;12891;611;14238;14819;3.82;0.24;390.46;21.40;1347;40;5084.00;581
12893;30;23589401;12893;608;14238;14821;3.78;0.23;390.43;21.40;1345;40;5085.00;583
12897;30;23589415;12897;596;14239;14821;3.73;0.23;390.39;21.41;1342;40;5086.00;582
12901;30;23589429;12901;592;14239;14821;3.69;0.23;390.36;21.41;1338;40;5087.00;582
12905;30;23589443;12905;592;14249;14834;3.72;0.23;390.30;21.39;1344;40;5088.00;585
12909;30;23589458;12909;592;14249;14834;3.69;0.23;390.34;21.39;1340;40;5089.00;585
12911;30;23589472;12911;595;14249;14834;3.68;0.23;390.32;21.39;1338;40;5090.00;585
12913;30;23589486;12913;588;14250;14835;3.69;0.23;390.35;21.39;1337;40;5091.00;585
12919;30;23589501;12919;572;14250;14836;3.70;0.23;390.32;21.39;1331;40;5092.00;586
12921;30;23589515;12921;564;14251;14836;3.74;0.23;390.33;21.40;1330;40;5093.00;585
12924;30;23589529;12924;563;14252;14839;3.79;0.23;390.40;21.40;1328;40;5094.00;587
12927;30;23589544;12927;557;14253;14839;3.80;0.23;390.41;21.40;1326;40;5095.00;586
12932;30;23589558;12932;556;14253;14839;3.82;0.23;390.36;21.40;1321;40;5096.00;586
12935;30;23589573;12935;548;14253;14839;3.82;0.23;390.31;21.40;1318;40;5097.00;586
12937;30;23589593;12937;539;14259;14845;3.89;0.24;390.31;21.41;1322;40;5098.00;586
12938;30;23589608;12938;540;14260;14845;3.96;0.24;390.34;21.42;1322;40;5099.00;585
12942;30;23589625;12942;536;14266;14864;3.99;0.24;390.37;21.43;1324;40;5100.00;598
12944;30;23589646;12944;535;14266;14864;4.05;0.25;390.38;21.43;1322;40;5101.00;598
12949;30;23589662;12949;526;14267;14868;4.05;0.25;390.34;21.43;1318;40;5102.00;601
12950;30;23589677;12950;517;14270;14869;4.14;0.25;390.32;21.45;1320;40;5103.00;599
12955;30;23589691;12955;515;14274;14869;4.17;0.25;390.31;21.48;1319;40;5104.00;595
12956;30;23589707;12956;506;14276;14870;4.22;0.26;390.30;21.58;1320;40;5105.00;594
12959;30;23589723;12959;510;14280;14870;4.22;0.26;390.28;21.58;1321;40;5106.00;590
12962;30;23589738;12962;496;14284;14870;4.26;0.26;390.24;21.61;1322;40;5107.00;586
12965;30;23589753;12965;495;14285;14870;4.31;0.26;390.24;21.62;1320;40;5108.00;585
12967;30;23589769;12967;489;14286;14870;4.36;0.27;390.22;21.63;1319;40;5109.00;584
12968;30;23589784;12968;496;14289;14870;4.40;0.27;390.26;21.65;1321;40;5110.00;581
12971;30;23589798;12971;490;14289;14870;4.42;0.27;390.27;21.65;1318;40;5111.00;581
12976;30;23589813;12976;496;14326;14940;4.52;0.28;390.21;21.62;1350;40;5112.00;614
12977;30;23589835;12977;495;14327;14941;4.56;0.28;390.22;21.62;1350;40;5113.00;614
12982;30;23589851;12982;483;14335;14941;4.63;0.28;390.24;21.65;1353;40;5114.00;606
12984;30;23589866;12984;482;14343;14941;4.71;0.29;390.25;21.67;1359;40;5115.00;598
12988;30;23589882;12988;477;14345;14941;4.73;0.29;390.29;21.67;1357;40;5116.00;596
12990;30;23589896;12990;482;14349;14941;4.75;0.29;390.32;21.69;1359;40;5117.00;592
12996;30;23589913;12996;480;14353;14941;4.75;0.29;390.32;21.70;1357;40;5118.00;588
12998;30;23589927;12998;476;14357;14941;4.77;0.29;390.37;21.71;1359;40;5119.00;584
13000;30;23589943;13000;485;14363;14942;4.75;0.29;390.47;21.74;1363;40;5120.00;579
13002;30;23589958;13002;491;14364;14943;4.73;0.29;390.49;21.74;1362;40;5121.00;579
13005;30;23589976;13005;491;14367;14943;4.70;0.29;390.56;21.75;1362;40;5122.00;576
13007;30;23589991;13007;483;14369;14947;4.68;0.28;390.57;21.76;1362;40;5123.00;578
13010;30;23590008;13010;480;14374;14947;4.69;0.29;390.60;21.79;1364;40;5124.00;573
13011;30;23590026;13011;476;14377;14947;4.71;0.29;390.64;21.80;1366;40;5125.00;570
13015;30;23590042;13015;482;14378;14947;4.70;0.29;390.70;21.81;1363;40;5126.00;569
13018;30;23590058;13018;486;14383;14953;4.71;0.29;390.74;21.82;1365;40;5127.00;570
13019;30;23590075;13019;488;14385;14953;4.70;0.29;390.75;21.91;1366;40;5128.00;568
13023;30;23590096;13023;482;14390;14953;4.66;0.28;390.78;21.94;1367;40;5129.00;563
13024;30;23590113;13024;490;14394;14959;4.63;0.28;390.83;21.94;1370;40;5130.00;565
13025;30;23590130;13025;473;14395;14959;4.63;0.28;390.83;21.94;1370;40;5131.00;564
13029;30;23590145;13029;465;14397;14959;4.63;0.28;390.93;21.95;1368;40;5132.00;562
13030;30;23590163;13030;456;14401;14960;4.62;0.28;391.00;21.96;1371;40;5133.00;559
13033;30;23590180;13033;448;14404;14961;4.65;0.28;391.20;21.97;1371;40;5134.00;557
13035;30;23590197;13035;445;14405;14961;4.67;0.28;391.31;21.98;1370;40;5135.00;556
13038;30;23590213;13038;439;14416;14974;4.74;0.29;391.41;21.97;1378;40;5136.00;558
13040;30;23590231;13040;440;14417;14974;4.80;0.29;391.54;21.98;1377;40;5137.00;557
13044;30;23590247;13044;444;14421;14974;4.83;0.29;391.59;21.98;1377;40;5138.00;553
13045;30;23590265;13045;448;14422;14975;4.90;0.30;391.65;21.99;1377;40;5139.00;553
13048;30;23590281;13048;453;14425;14975;4.89;0.30;391.77;22.01;1377;40;5140.00;550
13048;30;23590297;13048;465;14428;14979;4.89;0.30;391.77;22.00;1380;40;5141.00;551
13051;30;23590320;13051;467;14431;14979;4.89;0.30;391.83;22.01;1380;40;5142.00;548
13055;30;23590337;13055;471;14435;14983;4.85;0.30;391.81;22.02;1380;40;5143.00;548
13056;30;23590354;13056;480;14436;14983;4.83;0.29;391.81;22.02;1380;40;5144.00;547
13060;30;23590370;13060;480;14437;14983;4.83;0.29;391.95;22.03;1377;40;5145.00;546
13061;30;23590387;13061;490;14441;14983;4.83;0.29;391.95;22.04;1380;40;5146.00;542
13065;30;23590404;13065;490;14445;14983;4.83;0.29;392.04;22.35;1380;41;5147.00;538
13066;30;23590431;13066;494;14453;14995;4.89;0.30;392.04;22.34;1387;41;5148.00;542
13067;30;23590448;13067;495;14457;14995;4.90;0.30;392.01;22.35;1390;41;5149.00;538
13070;30;23590465;13070;498;14457;14995;4.92;0.30;392.11;22.35;1387;41;5150.00;538
13073;30;23590482;13073;493;14458;14995;4.93;0.30;392.22;22.36;1385;42;5151.00;537
13076;30;23590503;13076;491;14460;14995;4.93;0.30;392.29;22.37;1384;42;5152.00;535
13077;30;23590519;13077;493;14461;14995;4.90;0.30;392.33;22.37;1384;42;5153.00;534
13079;30;23590536;13079;491;14464;14996;4.91;0.30;392.34;22.38;1385;42;5154.00;532
13081;30;23590552;13081;497;14466;14998;4.92;0.30;392.35;22.38;1385;42;5155.00;532
13085;30;23590568;13085;492;14473;15004;4.91;0.30;392.36;22.39;1388;42;5156.00;531
13088;30;23590585;13088;494;14474;15005;4.94;0.30;392.44;22.39;1386;42;5157.00;531
13089;30;23590601;13089;497;14476;15005;4.97;0.30;392.42;22.40;1387;42;5158.00;529
13093;30;23590617;13093;503;14480;15005;4.97;0.30;392.54;22.50;1387;42;5159.00;525
13094;30;23590635;13094;513;14485;15010;4.98;0.30;392.54;22.50;1391;42;5160.00;525
13097;30;23590652;13097;512;14487;15010;4.94;0.30;392.65;22.50;1390;42;5161.00;523
13099;30;23590668;13099;511;14487;15010;4.95;0.30;392.67;22.50;1388;42;5162.00;523
13101;30;23590684;13101;512;14488;15011;4.99;0.30;392.67;22.50;1387;42;5163.00;523
13104;30;23590700;13104;516;14491;15015;4.99;0.30;392.75;22.51;1387;42;5164.00;524
13108;30;23590716;13108;511;14491;15015;4.99;0.30;392.87;22.51;1383;42;5165.00;524
13111;30;23590732;13111;506;14493;15018;5.01;0.30;392.90;22.51;1382;42;5166.00;525
13111;30;23590748;13111;504;14494;15018;5.01;0.30;392.90;22.51;1383;42;5167.00;524
13113;30;23590764;13113;500;14495;15018;5.03;0.31;392.96;22.52;1382;42;5168.00;523
13116;30;23590780;13116;498;14496;15018;5.03;0.31;392.97;22.52;1380;42;5169.00;522
13121;30;23590796;13121;491;14500;15022;5.06;0.31;393.13;22.52;1379;42;5170.00;522
13122;30;23590812;13122;487;14500;15022;5.12;0.31;393.15;22.52;1378;42;5171.00;522
13125;30;23590828;13125;485;14502;15022;5.16;0.31;393.29;22.52;1377;42;5172.00;520
13126;30;23590844;13126;477;14502;15022;5.20;0.32;393.31;22.52;1376;42;5173.00;520
13133;30;23590860;13133;474;14502;15023;5.21;0.32;393.35;22.52;1369;42;5174.00;521
13134;30;23590877;13134;468;14502;15025;5.26;0.32;393.39;22.52;1368;42;5175.00;523
13139;30;23590893;13139;462;14502;15025;5.26;0.32;393.39;22.52;1363;42;5176.00;523
13142;30;23590910;13142;467;14505;15026;5.29;0.32;393.39;22.53;1363;42;5177.00;521
13144;30;23590926;13144;466;14505;15026;5.33;0.32;393.41;22.53;1361;42;5178.00;521
13146;30;23590942;13146;462;14505;15026;5.36;0.33;393.42;22.53;1359;42;5179.00;521
13149;30;23590958;13149;458;14505;15026;5.37;0.33;393.53;22.53;1356;42;5180.00;521
13154;30;23590975;13154;462;14505;15026;5.32;0.32;393.58;22.53;1351;42;5181.00;521
13160;30;23590991;13160;451;14505;15026;5.28;0.32;393.55;22.53;1345;42;5182.00;521
13163;30;23591008;13163;452;14505;15026;5.29;0.32;393.50;22.53;1342;42;5183.00;521
13167;30;23591024;13167;473;14567;15153;5.29;0.33;393.51;22.43;1400;42;5184.00;586
13169;30;23591051;13169;460;14568;15154;5.30;0.33;393.53;22.43;1399;42;5185.00;586
13170;30;23591066;13170;448;14571;15154;5.33;0.33;393.54;22.43;1401;42;5186.00;583
13174;30;23591084;13174;447;14571;15154;5.26;0.32;393.65;22.43;1397;42;5187.00;583
13177;30;23591099;13177;456;14574;15154;5.26;0.32;393.64;22.43;1397;42;5188.00;580
13180;30;23591117;13180;478;14576;15154;5.24;0.32;393.64;22.42;1396;42;5189.00;578
13181;30;23591134;13181;486;14579;15154;5.26;0.32;393.66;22.43;1398;42;5190.00;575
13183;30;23591150;13183;485;14581;15154;5.26;0.32;393.64;22.42;1398;42;5191.00;573
13185;30;23591166;13185;496;14583;15155;5.28;0.32;393.65;22.42;1398;42;5192.00;572
13187;30;23591182;13187;500;14586;15156;5.26;0.32;393.71;22.42;1399;42;5193.00;570
13189;30;23591197;13189;508;14589;15156;5.25;0.32;393.80;22.42;1400;42;5194.00;567
13193;30;23591213;13193;515;14590;15157;5.23;0.32;393.79;22.41;1397;42;5195.00;567
13197;30;23591230;13197;511;14593;15157;5.15;0.32;393.78;22.41;1396;42;5196.00;564
13200;30;23591246;13200;519;14595;15157;5.08;0.31;393.76;22.41;1395;42;5197.00;562
13203;30;23591262;13203;522;14595;15157;5.02;0.31;393.74;22.41;1392;42;5198.00;562
13205;30;23591278;13205;528;14602;15161;4.96;0.31;393.77;22.50;1397;42;5199.00;559
13208;30;23591297;13208;536;14602;15161;4.94;0.30;393.81;22.50;1394;42;5200.00;559
13213;30;23591317;13213;534;14602;15161;4.89;0.30;393.86;22.50;1389;42;5201.00;559
13216;30;23591339;13216;545;14603;15164;4.88;0.30;394.06;22.50;1387;42;5202.00;561
13220;30;23591355;13220;554;14603;15164;4.88;0.30;394.08;22.50;1383;42;5203.00;561
13222;30;23591371;13222;563;14603;15164;4.87;0.30;394.14;22.50;1381;42;5204.00;561
13226;30;23591387;13226;569;14604;15168;4.82;0.30;394.22;22.50;1378;42;5205.00;564
13227;30;23591402;13227;575;14605;15169;4.79;0.29;394.24;22.49;1378;42;5206.00;564
13230;30;23591418;13230;581;14605;15169;4.73;0.29;394.25;22.49;1375;42;5207.00;564
13233;30;23591433;13233;591;14607;15173;4.72;0.29;394.27;22.49;1374;42;5208.00;566
13236;30;23591449;13236;599;14608;15173;4.71;0.29;394.35;22.49;1372;42;5209.00;565
13240;30;23591464;13240;610;14608;15173;4.69;0.29;394.38;22.49;1368;42;5210.00;565
13242;30;23591479;13242;619;14608;15174;4.59;0.28;394.41;22.49;1366;42;5211.00;566
13246;30;23591495;13246;618;14608;15174;4.52;0.28;394.41;22.49;1362;42;5212.00;566
13248;30;23591510;13248;623;14612;15180;4.47;0.27;394.40;22.48;1364;42;5213.00;568
13249;30;23591527;13249;623;14612;15180;4.41;0.27;394.42;22.48;1363;42;5214.00;568
13252;30;23591542;13252;633;14612;15180;4.36;0.26;394.41;22.48;1360;42;5215.00;568
13252;30;23591557;13252;646;14612;15181;4.29;0.26;394.41;22.48;1360;42;5216.00;569
13255;30;23591572;13255;642;14612;15181;4.21;0.26;394.47;22.48;1357;42;5217.00;569
13257;30;23591588;13257;653;14612;15181;4.18;0.25;394.51;22.48;1355;42;5218.00;569
13258;30;23591602;13258;662;14612;15181;4.15;0.25;394.52;22.48;1354;42;5219.00;569
13261;30;23591617;13261;671;14629;15217;4.24;0.26;394.50;22.46;1368;42;5220.00;588
13261;30;23591634;13261;669;14630;15217;4.21;0.26;394.50;22.46;1369;42;5221.00;587
13265;30;23591649;13265;676;14632;15217;4.20;0.26;394.51;22.45;1367;42;5222.00;585
13269;30;23591664;13269;681;14632;15217;4.13;0.25;394.45;22.45;1363;42;5223.00;585
13271;30;23591679;13271;685;14632;15217;4.10;0.25;394.46;22.45;1361;42;5224.00;585
13273;30;23591693;13273;690;14632;15217;4.06;0.25;394.46;22.45;1359;42;5225.00;585
13275;30;23591707;13275;690;14633;15221;4.04;0.25;394.41;22.45;1358;42;5226.00;588
13277;30;23591721;13277;683;14633;15221;4.04;0.25;394.47;22.45;1356;42;5227.00;588
13279;30;23591735;13279;687;14635;15225;4.03;0.25;394.48;22.45;1356;42;5228.00;590
13281;30;23591750;13281;681;14635;15226;3.99;0.24;394.51;22.45;1354;42;5229.00;591
13282;30;23591764;13282;683;14635;15226;3.96;0.24;394.49;22.45;1353;42;5230.00;591
13282;30;23591778;13282;688;14635;15226;3.96;0.24;394.49;22.45;1353;42;5231.00;591
13284;30;23591793;13284;687;14645;15239;3.98;0.24;394.46;22.43;1361;42;5232.00;594
13284;30;23591813;13284;684;14645;15239;4.02;0.25;394.46;22.43;1361;42;5233.00;594
13286;30;23591826;13286;688;14645;15239;4.03;0.25;394.41;22.43;1359;42;5234.00;594
13288;30;23591839;13288;682;14646;15240;4.04;0.25;394.36;22.43;1358;42;5235.00;594
13290;30;23591855;13290;684;14646;15241;4.01;0.25;394.33;22.43;1356;42;5236.00;595
13295;30;23591871;13295;679;14646;15241;3.91;0.24;394.27;22.43;1351;42;5237.00;595
13298;30;23591885;13298;678;14647;15244;3.88;0.24;394.23;22.43;1349;42;5238.00;597
13298;30;23591898;13298;682;14647;15244;3.85;0.24;394.23;22.43;1349;42;5239.00;597
13301;30;23591911;13301;679;14648;15244;3.76;0.23;394.22;22.43;1347;42;5240.00;596
13302;30;23591924;13302;687;14648;15244;3.72;0.23;394.21;22.43;1346;42;5241.00;596
13303;30;23591937;13303;690;14651;15250;3.69;0.23;394.22;22.43;1348;42;5242.00;599
13309;30;23591952;13309;696;14651;15250;3.62;0.22;394.13;22.43;1342;42;5243.00;599
13310;30;23591966;13310;700;14651;15250;3.58;0.22;394.11;22.43;1341;42;5244.00;599
13313;30;23591979;13313;702;14653;15250;3.52;0.21;394.07;22.44;1340;42;5245.00;597
13315;30;23591994;13315;703;14654;15254;3.44;0.21;394.05;22.44;1339;42;5246.00;600
13316;30;23592010;13316;706;14654;15255;3.36;0.21;394.04;22.44;1338;42;5247.00;601
13320;30;23592026;13320;708;14654;15255;3.28;0.20;394.04;22.44;1334;42;5248.00;601
13322;30;23592040;13322;692;14655;15256;3.24;0.20;394.01;22.43;1333;42;5249.00;601
13324;30;23592054;13324;683;14655;15256;3.21;0.20;393.97;22.43;1331;42;5250.00;601
13327;30;23592070;13327;671;14655;15256;3.23;0.20;393.91;22.43;1328;42;5251.00;601
13330;30;23592085;13330;655;14655;15256;3.25;0.20;393.98;22.43;1325;42;5252.00;601
13333;30;23592098;13333;660;14655;15256;3.28;0.20;394.05;22.43;1322;42;5253.00;601
13336;30;23592112;13336;649;14655;15256;3.30;0.20;394.02;22.43;1319;42;5254.00;601
13337;30;23592138;13337;641;14655;15256;3.37;0.21;394.02;22.43;1318;42;5255.00;601
13341;30;23592151;13341;637;14681;15326;3.59;0.22;394.08;22.39;1340;42;5256.00;645
13343;30;23592170;13343;624;14682;15327;3.70;0.23;394.08;22.39;1339;42;5257.00;645
13345;30;23592185;13345;601;14687;15327;3.81;0.23;394.07;22.39;1342;42;5258.00;640
13347;30;23592199;13347;587;14693;15327;3.92;0.24;394.09;22.38;1346;42;5259.00;634
13349;30;23592214;13349;570;14696;15327;3.96;0.24;394.10;22.38;1347;42;5260.00;631
13352;30;23592229;13352;559;14697;15327;4.01;0.24;394.13;22.38;1345;42;5261.00;630
13352;30;23592243;13352;560;14698;15327;4.06;0.25;394.13;22.37;1346;42;5262.00;629
13354;30;23592263;13354;556;14700;15327;4.10;0.25;394.12;22.38;1346;42;5263.00;627
13358;30;23592277;13358;548;14701;15328;4.12;0.25;394.12;22.38;1343;42;5264.00;627
13360;30;23592293;13360;547;14702;15330;4.18;0.25;394.09;22.38;1342;42;5265.00;628
13361;30;23592307;13361;544;14704;15330;4.24;0.26;394.09;22.38;1343;42;5266.00;626
13364;30;23592322;13364;554;14706;15334;4.28;0.26;394.08;22.38;1342;42;5267.00;628
13366;30;23592336;13366;547;14707;15334;4.35;0.26;394.06;22.38;1341;42;5268.00;627
13367;30;23592352;13367;546;14708;15334;4.44;0.27;394.06;22.38;1341;42;5269.00;626
13373;30;23592367;13373;547;14711;15334;4.44;0.27;394.09;22.40;1338;42;5270.00;623
13378;30;23592383;13378;548;14714;15340;4.48;0.27;394.12;22.39;1336;42;5271.00;626
13381;30;23592399;13381;549;14715;15340;4.45;0.27;394.15;22.39;1334;42;5272.00;625
13385;30;23592415;13385;534;14717;15340;4.45;0.27;394.10;22.40;1332;42;5273.00;623
13389;30;23592430;13389;532;14719;15343;4.44;0.27;394.11;22.41;1330;42;5274.00;624
13390;30;23592446;13390;522;14720;15343;4.43;0.27;394.08;22.41;1330;42;5275.00;623
13396;30;23592461;13396;534;14720;15343;4.39;0.27;394.09;22.41;1324;42;5276.00;623
13401;30;23592477;13401;531;14720;15344;4.40;0.27;394.11;22.41;1319;42;5277.00;624
13403;30;23592494;13403;525;14723;15345;4.47;0.27;394.10;22.43;1320;42;5278.00;622
13408;30;23592510;13408;523;14724;15345;4.49;0.27;394.18;22.44;1316;42;5279.00;621
13411;30;23592527;13411;527;14745;15371;4.58;0.28;394.21;22.42;1334;42;5280.00;626
13413;30;23592545;13413;529;14745;15371;4.59;0.28;394.28;22.42;1332;42;5281.00;626
13417;30;23592561;13417;530;14750;15371;4.61;0.28;394.34;22.44;1333;42;5282.00;621
13422;30;23592578;13422;521;14750;15372;4.59;0.28;394.37;22.44;1328;42;5283.00;622
13426;30;23592594;13426;520;14752;15372;4.63;0.28;394.41;22.45;1326;42;5284.00;620
13428;30;23592610;13428;523;14757;15376;4.66;0.28;394.39;22.47;1329;42;5285.00;619
13429;30;23592627;13429;519;14758;15376;4.69;0.29;394.43;22.48;1329;42;5286.00;618
13434;30;23592642;13434;519;14763;15379;4.65;0.28;394.56;22.50;1329;42;5287.00;616
13437;30;23592658;13437;521;14765;15380;4.65;0.28;394.69;22.51;1328;42;5288.00;615
13439;30;23592674;13439;528;14767;15380;4.65;0.28;394.76;22.52;1328;42;5289.00;613
13442;30;23592690;13442;531;14769;15380;4.62;0.28;394.82;22.53;1327;42;5290.00;611
13445;30;23592705;13445;531;14771;15380;4.59;0.28;394.81;22.54;1326;42;5291.00;609
13448;30;23592721;13448;522;14781;15392;4.60;0.28;394.92;22.54;1333;42;5292.00;611
13449;30;23592738;13449;529;14784;15392;4.60;0.28;394.92;22.55;1335;42;5293.00;608
13450;30;23592754;13450;526;14788;15392;4.60;0.28;395.01;22.57;1338;42;5294.00;604
13453;30;23592772;13453;533;14789;15392;4.58;0.28;395.20;22.57;1336;42;5295.00;603
13456;30;23592790;13456;540;14793;15392;4.56;0.28;395.24;22.59;1337;42;5296.00;599
13460;30;23592810;13460;534;14793;15392;4.57;0.28;395.29;22.59;1333;42;5297.00;599
13463;30;23592828;13463;521;14796;15393;4.61;0.28;395.33;22.59;1333;42;5298.00;597
13465;30;23592846;13465;520;14797;15393;4.64;0.28;395.44;22.60;1332;42;5299.00;596
13473;30;23592862;13473;524;14803;15399;4.62;0.28;395.53;22.60;1330;42;5300.00;596
13475;30;23592884;13475;518;14804;15400;4.70;0.29;395.50;22.60;1329;42;5301.00;596
13479;30;23592901;13479;516;14807;15400;4.73;0.29;395.51;22.71;1328;42;5302.00;593
13485;30;23592919;13485;516;14808;15400;4.71;0.29;395.57;22.71;1323;42;5303.00;592
13487;30;23592935;13487;518;14813;15404;4.75;0.29;395.56;22.73;1326;42;5304.00;591
13491;30;23592952;13491;522;14814;15404;4.73;0.29;395.73;22.73;1323;42;5305.00;590
13493;30;23592974;13493;524;14816;15404;4.75;0.29;395.77;22.74;1323;42;5306.00;588
13495;30;23592992;13495;518;14819;15405;4.80;0.29;395.78;22.74;1324;42;5307.00;586
13498;30;23593011;13498;510;14821;15409;4.83;0.29;395.86;22.75;1323;42;5308.00;588
13500;30;23593029;13500;510;14822;15409;4.81;0.29;395.87;22.76;1322;42;5309.00;587
13502;30;23593047;13502;511;14827;15415;4.81;0.29;395.99;22.75;1325;42;5310.00;588
13505;30;23593063;13505;517;14830;15415;4.82;0.29;396.00;22.76;1325;42;5311.00;585
13507;30;23593079;13507;520;14831;15415;4.83;0.29;396.09;22.77;1324;42;5312.00;584
13509;30;23593095;13509;523;14834;15415;4.83;0.29;396.18;22.78;1325;42;5313.00;581
13512;30;23593111;13512;530;14837;15419;4.86;0.30;396.24;22.78;1325;42;5314.00;582
13514;30;23593129;13514;528;14839;15419;4.88;0.30;396.33;22.79;1325;42;5315.00;580
13516;30;23593146;13516;529;14841;15419;4.88;0.30;396.48;22.79;1325;42;5316.00;578
13518;30;23593163;13518;532;14841;15419;4.89;0.30;396.51;22.79;1323;42;5317.00;578
13522;30;23593180;13522;528;14843;15420;4.85;0.30;396.62;22.80;1321;42;5318.00;577
13527;30;23593197;13527;528;14845;15421;4.81;0.29;396.62;22.90;1318;42;5319.00;576
13527;30;23593213;13527;527;14845;15421;4.84;0.30;396.62;22.90;1318;42;5320.00;576
13531;30;23593229;13531;525;14848;15422;4.87;0.30;396.56;22.91;1317;42;5321.00;574
13534;30;23593245;13534;525;14849;15422;4.85;0.30;396.59;22.92;1315;42;5322.00;573
13537;30;23593261;13537;523;14849;15422;4.86;0.29;396.55;22.92;1312;42;5323.00;573
13539;30;23593277;13539;520;14850;15422;4.90;0.30;396.65;22.92;1311;42;5324.00;572
13542;30;23593298;13542;513;14852;15422;4.93;0.30;396.69;22.94;1310;42;5325.00;570
13543;30;23593315;13543;515;14852;15422;4.95;0.30;396.71;22.94;1309;42;5326.00;570
13544;30;23593330;13544;521;14854;15422;4.96;0.30;396.73;22.95;1310;42;5327.00;568
13546;30;23593346;13546;543;14925;15549;5.06;0.31;396.79;22.84;1379;42;5328.00;624
13547;30;23593373;13547;524;14927;15550;5.08;0.31;396.82;22.85;1380;42;5329.00;623
13548;30;23593396;13548;522;14930;15550;5.11;0.31;396.82;22.84;1382;42;5330.00;620
13550;30;23593411;13550;514;14932;15550;5.19;0.32;396.82;22.85;1382;42;5331.00;618
13550;30;23593427;13550;517;14934;15550;5.24;0.32;396.82;22.85;1384;42;5332.00;616
13551;30;23593449;13551;517;14937;15550;5.25;0.32;396.85;22.86;1386;42;5333.00;613
13556;30;23593467;13556;519;14938;15550;5.23;0.32;396.93;22.86;1382;42;5334.00;612
13558;30;23593485;13558;528;14941;15550;5.19;0.32;396.98;22.86;1383;42;5335.00;609
13559;30;23593508;13559;534;14943;15551;5.14;0.31;396.99;22.96;1384;42;5336.00;608
13561;30;23593530;13561;538;14944;15552;5.09;0.31;396.98;22.96;1383;42;5337.00;608
13562;30;23593547;13562;540;14946;15552;5.02;0.31;397.01;22.96;1384;42;5338.00;606
13562;30;23593564;13562;542;14948;15553;4.96;0.30;397.01;22.96;1386;42;5339.00;605
13562;30;23593582;13562;541;14950;15553;4.92;0.30;397.01;22.97;1388;42;5340.00;603
13565;30;23593599;13565;541;14951;15553;4.90;0.30;397.06;22.97;1386;42;5341.00;602
13568;30;23593616;13568;535;14953;15553;4.90;0.30;397.10;22.97;1385;42;5342.00;600
13569;30;23593634;13569;536;14958;15557;4.89;0.30;397.10;22.97;1389;42;5343.00;599
13570;30;23593654;13570;536;14960;15557;4.85;0.30;397.10;22.98;1390;42;5344.00;597
13573;30;23593671;13573;530;14961;15557;4.83;0.29;397.15;22.98;1388;42;5345.00;596
13574;30;23593688;13574;515;14963;15560;4.84;0.30;397.21;22.98;1389;42;5346.00;597
13577;30;23593705;13577;521;14964;15560;4.81;0.29;397.31;22.98;1387;42;5347.00;596
13578;30;23593723;13578;504;14966;15560;4.86;0.30;397.30;22.99;1388;42;5348.00;594
13580;30;23593739;13580;505;14968;15564;4.88;0.30;397.34;22.98;1388;42;5349.00;596
13584;30;23593758;13584;494;14970;15565;4.89;0.30;397.47;22.99;1386;42;5350.00;595
13585;30;23593778;13585;499;14971;15565;4.89;0.30;397.47;23.08;1386;42;5351.00;594
13588;30;23593802;13588;495;14973;15569;4.86;0.30;397.46;23.08;1385;42;5352.00;596
13590;30;23593819;13590;504;14977;15569;4.85;0.30;397.51;23.08;1387;42;5353.00;592
13593;30;23593835;13593;496;14978;15569;4.84;0.29;397.59;23.08;1385;42;5354.00;591
13596;30;23593851;13596;501;14982;15571;4.85;0.29;397.57;23.08;1386;42;5355.00;589
13599;30;23593868;13599;504;14982;15571;4.83;0.29;397.66;23.08;1383;42;5356.00;589
13605;30;23593885;13605;491;14987;15577;4.81;0.29;397.77;23.08;1382;42;5357.00;590
13608;30;23593902;13608;502;14989;15577;4.82;0.29;397.83;23.08;1381;42;5358.00;588
13611;30;23593920;13611;492;14991;15577;4.77;0.29;397.92;23.08;1380;42;5359.00;586
13615;30;23593936;13615;493;14994;15578;4.70;0.29;398.02;23.30;1379;43;5360.00;584
13617;30;23593964;13617;489;14994;15578;4.69;0.29;398.17;23.30;1377;43;5361.00;584
13621;30;23593980;13621;487;14995;15578;4.68;0.28;398.22;23.31;1374;43;5362.00;583
13624;30;23593998;13624;490;14998;15578;4.65;0.28;398.25;23.40;1374;43;5363.00;580
13624;30;23594019;13624;489;15006;15590;4.69;0.29;398.25;23.39;1382;43;5364.00;584
13626;30;23594036;13626;487;15007;15590;4.70;0.29;398.38;23.40;1381;43;5365.00;583
13627;30;23594052;13627;491;15008;15590;4.73;0.29;398.36;23.39;1381;43;5366.00;582
13634;30;23594068;13634;495;15009;15590;4.66;0.29;398.31;23.40;1375;43;5367.00;581
13636;30;23594084;13636;501;15009;15590;4.63;0.28;398.29;23.40;1373;43;5368.00;581
13638;30;23594101;13638;502;15009;15590;4.61;0.28;398.28;23.40;1371;43;5369.00;581
13641;30;23594119;13641;504;15013;15594;4.57;0.28;398.33;23.40;1372;43;5370.00;581
13643;30;23594137;13643;515;15013;15594;4.50;0.28;398.29;23.40;1370;43;5371.00;581
13646;30;23594160;13646;522;15016;15598;4.46;0.27;398.25;23.39;1370;43;5372.00;582
13646;30;23594176;13646;516;15016;15599;4.37;0.27;398.25;23.39;1370;43;5373.00;583
13650;30;23594193;13650;521;15017;15599;4.33;0.27;398.24;23.40;1367;43;5374.00;582
13650;30;23594209;13650;524;15017;15599;4.35;0.27;398.24;23.40;1367;43;5375.00;582
13654;30;23594224;13654;536;15029;15612;4.36;0.27;398.20;23.38;1375;43;5376.00;583
13654;30;23594241;13654;543;15029;15612;4.36;0.27;398.20;23.38;1375;43;5377.00;583
13656;30;23594256;13656;548;15030;15612;4.33;0.27;398.18;23.38;1374;43;5378.00;582
13659;30;23594271;13659;552;15031;15613;4.34;0.27;398.13;23.38;1372;43;5379.00;582
13661;30;23594287;13661;555;15031;15614;4.34;0.27;398.10;23.38;1370;43;5380.00;583
13662;30;23594309;13662;567;15031;15614;4.31;0.26;398.14;23.38;1369;43;5381.00;583
13664;30;23594324;13664;578;15032;15617;4.30;0.26;398.09;23.38;1368;43;5382.00;585
13665;30;23594340;13665;586;15033;15617;4.27;0.26;398.09;23.48;1368;43;5383.00;584
13667;30;23594355;13667;590;15033;15617;4.24;0.26;398.11;23.48;1366;43;5384.00;584
13670;30;23594370;13670;603;15033;15617;4.19;0.26;398.15;23.48;1363;43;5385.00;584
13674;30;23594386;13674;609;15038;15623;4.22;0.26;398.10;23.59;1364;43;5386.00;585
13675;30;23594401;13675;611;15038;15623;4.19;0.26;398.09;23.59;1363;43;5387.00;585
13676;30;23594416;13676;621;15038;15623;4.15;0.25;398.07;23.59;1362;43;5388.00;585
13679;30;23594430;13679;633;15038;15623;4.10;0.25;398.07;23.59;1359;43;5389.00;585
13681;30;23594445;13681;635;15041;15627;4.12;0.25;398.07;23.58;1360;43;5390.00;586
13686;30;23594460;13686;640;15041;15628;4.06;0.25;398.11;23.58;1355;43;5391.00;587
13689;30;23594475;13689;645;15041;15628;4.00;0.24;398.17;23.58;1352;43;5392.00;587
13690;30;23594489;13690;655;15042;15629;3.96;0.24;398.15;23.58;1352;43;5393.00;587
13691;30;23594504;13691;658;15042;15629;3.91;0.24;398.13;23.58;1351;43;5394.00;587
13694;30;23594517;13694;658;15042;15629;3.87;0.24;398.13;23.58;1348;43;5395.00;587
13697;30;23594532;13697;657;15042;15629;3.83;0.23;398.08;23.58;1345;43;5396.00;587
13699;30;23594545;13699;664;15042;15629;3.75;0.23;398.05;23.58;1343;43;5397.00;587
13700;30;23594558;13700;667;15042;15629;3.71;0.23;398.04;23.58;1342;43;5398.00;587
13701;30;23594571;13701;670;15042;15629;3.66;0.23;398.06;23.58;1341;43;5399.00;587
