step_arrived;step_collisions;step_duration;step_ended;step_halting;step_inserted;step_loaded;step_meanSpeed;step_meanSpeedRelative;step_meanTravelTime;step_meanWaitingTime;step_running;step_teleports;step_time;step_waiting
0;0;21170162;0;1;92;245;15.98;1.12;-1.00;0.00;92;0;0.00;153
0;0;21170187;0;1;102;245;15.16;1.05;-1.00;0.10;102;0;1.00;143
0;0;21170188;0;2;121;245;14.45;0.99;-1.00;0.40;121;0;2.00;124
0;0;21170189;0;3;137;245;13.50;0.91;-1.00;0.70;137;0;3.00;108
0;0;21170190;0;3;150;245;12.61;0.85;-1.00;0.99;150;0;4.00;95
0;0;21170192;0;5;161;245;11.57;0.77;-1.00;1.26;161;0;5.00;84
0;0;21170193;0;7;171;245;11.05;0.73;-1.00;1.54;171;0;6.00;74
0;0;21170195;0;10;181;245;10.22;0.68;-1.00;1.84;181;0;7.00;64
0;0;21170197;0;19;186;246;9.93;0.66;-1.00;2.01;186;0;8.00;60
0;0;21170199;0;20;195;247;9.48;0.63;-1.00;2.33;195;0;9.00;52
0;0;21170200;0;20;201;247;9.26;0.61;-1.00;2.56;201;0;10.00;46
0;0;21170202;0;23;205;248;9.11;0.60;-1.00;2.67;205;0;11.00;43
1;0;21170204;1;28;209;248;8.95;0.59;12.00;2.85;208;0;12.00;39
2;0;21170206;2;33;215;248;8.78;0.57;12.50;3.13;213;0;13.00;33
2;0;21170209;2;39;217;248;8.70;0.56;12.50;3.24;215;0;14.00;31
2;0;21170211;2;39;222;252;8.63;0.56;12.50;3.34;220;0;15.00;30
2;0;21170214;2;44;226;252;8.55;0.55;12.50;3.50;224;0;16.00;26
2;0;21170216;2;50;227;252;8.59;0.55;12.50;3.56;225;0;17.00;25
2;0;21170220;2;56;230;255;8.65;0.55;12.50;3.67;228;0;18.00;25
3;0;21170223;3;63;234;255;8.68;0.55;14.67;3.94;231;0;19.00;21
3;0;21170226;3;64;236;255;8.77;0.55;14.67;4.07;233;0;20.00;19
4;0;21170229;4;69;241;259;8.85;0.56;16.25;4.09;237;0;21.00;18
6;0;21170232;6;74;243;260;8.78;0.55;18.00;4.15;237;0;22.00;17
6;0;21170235;6;78;246;260;8.78;0.55;18.00;4.33;240;0;23.00;14
7;0;21170237;7;83;252;264;8.70;0.55;18.86;4.51;245;0;24.00;12
7;0;21170240;7;85;252;264;8.65;0.54;18.86;4.51;245;0;25.00;12
7;0;21170243;7;87;253;264;8.65;0.54;18.86;4.59;246;0;26.00;11
7;0;21170246;7;89;255;265;8.62;0.54;18.86;4.60;248;0;27.00;10
7;0;21170248;7;91;255;265;8.50;0.53;18.86;4.60;248;0;28.00;10
7;0;21170251;7;94;261;271;8.36;0.52;18.86;4.63;254;0;29.00;10
8;0;21170256;8;98;263;271;8.18;0.50;19.88;4.82;255;0;30.00;8
8;0;21170259;8;99;264;272;8.08;0.50;19.88;4.81;256;0;31.00;8
9;0;21170261;9;105;264;272;8.07;0.50;21.22;4.81;255;0;32.00;8
9;0;21170264;9;106;265;272;8.09;0.50;21.22;4.91;256;0;33.00;7
10;0;21170267;10;110;267;272;8.05;0.50;22.50;5.03;257;0;34.00;5
11;0;21170270;11;115;268;272;8.05;0.50;23.09;5.04;257;0;35.00;4
11;0;21170273;11;119;278;284;8.32;0.51;23.09;4.89;267;0;36.00;6
11;0;21170276;11;121;279;284;8.35;0.52;23.09;4.87;268;0;37.00;5
11;0;21170279;11;123;281;284;8.23;0.51;23.09;4.85;270;0;38.00;3
11;0;21170282;11;125;281;284;8.12;0.50;23.09;4.85;270;0;39.00;3
12;0;21170284;12;127;281;284;7.97;0.49;24.17;4.85;269;0;40.00;3
13;0;21170287;13;128;281;284;7.84;0.49;25.08;4.85;268;0;41.00;3
13;0;21170290;13;130;285;288;7.87;0.49;25.08;4.80;272;0;42.00;3
13;0;21170293;13;134;285;288;7.77;0.49;25.08;4.80;272;0;43.00;3
14;0;21170296;14;138;289;292;7.76;0.48;26.29;4.75;275;0;44.00;3
16;0;21170299;16;139;291;294;7.66;0.48;27.13;4.71;275;0;45.00;3
17;0;21170302;17;141;291;294;7.57;0.47;27.82;4.71;274;0;46.00;3
18;0;21170304;18;140;291;294;7.53;0.47;28.56;4.71;273;0;47.00;3
19;0;21170307;19;144;302;307;7.84;0.49;29.58;4.54;283;0;48.00;5
19;0;21170311;19;146;302;307;7.73;0.48;29.58;4.54;283;0;49.00;5
19;0;21170313;19;147;302;307;7.61;0.47;29.58;4.54;283;0;50.00;5
19;0;21170316;19;148;303;308;7.50;0.47;29.58;4.53;284;0;51.00;5
19;0;21170319;19;148;304;309;7.44;0.46;29.58;4.52;285;0;52.00;5
20;0;21170321;20;149;304;309;7.38;0.46;28.95;4.52;284;0;53.00;5
21;0;21170324;21;150;306;312;7.44;0.46;30.10;4.49;285;0;54.00;6
21;0;21170327;21;154;306;312;7.35;0.46;30.10;4.49;285;0;55.00;6
22;0;21170329;22;143;307;312;7.32;0.45;30.23;4.48;285;0;56.00;5
23;0;21170332;23;138;307;312;7.20;0.45;30.35;4.48;284;0;57.00;5
25;0;21170335;25;136;312;318;7.22;0.45;32.44;4.43;287;0;58.00;6
26;0;21170338;26;138;312;318;7.26;0.45;33.38;4.43;286;0;59.00;6
27;0;21170343;27;144;312;318;7.24;0.45;34.37;4.43;285;0;60.00;6
28;0;21170346;28;146;313;318;7.16;0.44;35.32;4.42;285;0;61.00;5
29;0;21170348;29;148;317;322;7.24;0.45;36.24;4.38;288;0;62.00;5
29;0;21170351;29;150;318;323;7.33;0.45;36.24;4.37;289;0;63.00;5
29;0;21170354;29;153;318;323;7.44;0.46;36.24;4.37;289;0;64.00;5
31;0;21170357;31;153;319;324;7.50;0.46;36.65;4.36;288;0;65.00;5
33;0;21170359;33;156;319;324;7.50;0.46;38.21;4.36;286;0;66.00;5
34;0;21170362;34;145;319;324;7.60;0.46;38.91;4.36;285;0;67.00;5
35;0;21170365;35;141;319;324;7.71;0.47;39.74;4.36;284;0;68.00;5
35;0;21170368;35;138;319;324;7.79;0.47;39.74;4.36;284;0;69.00;5
35;0;21170370;35;132;319;324;7.93;0.48;39.74;4.36;284;0;70.00;5
35;0;21170373;35;130;319;324;8.13;0.49;39.74;4.36;284;0;71.00;5
35;0;21170376;35;134;351;394;8.30;0.51;39.74;3.96;316;0;72.00;43
35;0;21170384;35;128;352;395;8.46;0.52;39.74;3.95;317;0;73.00;43
35;0;21170387;35;122;359;395;8.74;0.53;39.74;3.91;324;0;74.00;36
35;0;21170391;35;120;361;395;8.96;0.55;39.74;3.91;326;0;75.00;34
36;0;21170394;36;117;364;395;9.17;0.56;40.17;3.91;328;0;76.00;31
36;0;21170402;36;115;367;395;9.37;0.57;40.17;3.92;331;0;77.00;28
37;0;21170407;37;117;370;395;9.46;0.57;41.19;3.94;333;0;78.00;25
37;0;21170416;37;121;373;395;9.52;0.58;41.19;3.96;336;0;79.00;22
37;0;21170419;37;121;376;396;9.45;0.57;41.19;3.99;339;0;80.00;20
38;0;21170422;38;123;378;397;9.43;0.57;42.24;4.02;340;0;81.00;19
39;0;21170426;39;122;380;397;9.47;0.58;42.79;4.03;341;0;82.00;17
39;0;21170430;39;128;385;401;9.42;0.57;42.79;4.02;346;0;83.00;16
39;0;21170433;39;128;386;401;9.43;0.57;42.79;4.02;347;0;84.00;15
40;0;21170436;40;129;386;401;9.33;0.57;43.63;4.02;346;0;85.00;15
40;0;21170440;40;129;386;401;9.22;0.56;43.63;4.02;346;0;86.00;15
40;0;21170443;40;129;391;407;9.12;0.56;43.63;3.98;351;0;87.00;16
42;0;21170447;42;131;391;407;9.03;0.55;45.74;3.98;349;0;88.00;16
44;0;21170451;44;130;391;407;8.94;0.55;47.59;3.98;347;0;89.00;16
47;0;21170456;47;129;395;413;8.99;0.55;50.30;3.94;348;0;90.00;18
47;0;21170460;47;129;395;413;8.92;0.54;50.30;3.94;348;0;91.00;18
49;0;21170463;49;131;397;413;8.90;0.54;52.00;3.93;348;0;92.00;16
50;0;21170467;50;134;398;414;8.75;0.53;52.82;3.92;348;0;93.00;16
52;0;21170471;52;136;399;415;8.66;0.53;53.02;3.91;347;0;94.00;16
53;0;21170474;53;136;399;415;8.60;0.52;53.81;3.91;346;0;95.00;16
54;0;21170478;54;136;410;428;8.49;0.52;54.59;3.81;356;0;96.00;18
56;0;21170482;56;135;410;428;8.47;0.52;56.11;3.81;354;0;97.00;18
59;0;21170486;59;133;410;428;8.51;0.52;58.15;3.81;351;0;98.00;18
60;0;21170491;60;134;411;429;8.60;0.53;58.83;3.80;351;0;99.00;18
61;0;21170495;61;133;411;429;8.72;0.53;59.16;3.80;350;0;100.00;18
63;0;21170503;63;134;414;433;8.87;0.54;60.46;3.78;351;0;101.00;19
64;0;21170508;64;135;414;433;8.91;0.55;61.05;3.78;350;0;102.00;19
65;0;21170516;65;137;418;437;8.85;0.54;61.60;3.75;353;0;103.00;19
67;0;21170520;67;132;418;437;8.91;0.54;62.87;3.75;351;0;104.00;19
68;0;21170524;68;126;418;437;8.98;0.55;63.49;3.75;350;0;105.00;19
68;0;21170528;68;122;418;437;9.03;0.55;63.49;3.75;350;0;106.00;19
69;0;21170531;69;114;418;437;8.98;0.55;64.09;3.75;349;0;107.00;19
69;0;21170535;69;107;428;449;9.06;0.55;64.09;3.66;359;0;108.00;21
69;0;21170540;69;101;431;449;9.08;0.55;64.09;3.81;362;0;109.00;18
70;0;21170545;70;98;432;449;9.16;0.56;64.23;3.81;362;0;110.00;17
70;0;21170549;70;95;432;449;9.29;0.57;64.23;3.81;362;0;111.00;17
71;0;21170553;71;94;432;449;9.50;0.58;64.86;3.81;361;0;112.00;17
72;0;21170557;72;90;433;449;9.68;0.59;65.53;3.89;361;0;113.00;16
72;0;21170562;72;88;434;450;9.85;0.60;65.53;3.89;362;0;114.00;16
74;0;21170568;74;80;434;450;9.87;0.60;66.86;3.89;360;0;115.00;16
74;0;21170576;74;79;439;456;10.14;0.62;66.86;3.85;365;0;116.00;17
74;0;21170582;74;72;440;457;10.31;0.63;66.86;3.85;366;0;117.00;17
74;0;21170587;74;67;440;457;10.47;0.64;66.86;3.85;366;0;118.00;17
74;0;21170593;74;65;440;457;10.66;0.65;66.86;3.85;366;0;119.00;17
76;0;21170600;76;67;444;462;10.84;0.66;68.20;3.81;368;0;120.00;18
77;0;21170611;77;68;444;462;11.03;0.67;68.86;3.81;367;0;121.00;18
77;0;21170616;77;68;445;462;11.22;0.69;68.86;4.08;368;0;122.00;17
78;0;21170621;78;68;447;463;11.36;0.69;69.50;4.17;369;0;123.00;16
79;0;21170627;79;70;452;467;11.38;0.69;70.19;4.41;373;0;124.00;15
82;0;21170633;82;70;453;467;11.55;0.70;72.11;4.52;371;0;125.00;14
82;0;21170638;82;72;456;470;11.77;0.72;72.11;4.77;374;0;126.00;14
82;0;21170644;82;73;458;470;11.93;0.73;72.11;4.87;376;0;127.00;12
82;0;21170649;82;74;459;470;12.14;0.74;72.11;4.98;377;0;128.00;11
82;0;21170655;82;75;460;470;12.16;0.74;72.11;5.14;378;0;129.00;10
82;0;21170660;82;78;465;474;12.24;0.75;72.11;5.31;383;0;130.00;9
83;0;21170667;83;80;465;474;12.24;0.75;72.66;5.31;382;0;131.00;9
86;0;21170672;86;82;468;474;12.13;0.74;74.60;5.56;382;0;132.00;6
86;0;21170678;86;82;469;474;12.20;0.75;74.60;5.56;383;0;133.00;5
89;0;21170683;89;84;471;475;12.10;0.74;76.20;5.67;382;0;134.00;4
90;0;21170689;90;87;473;477;12.05;0.74;76.71;5.65;383;0;135.00;4
93;0;21170695;93;87;473;477;12.14;0.74;78.12;5.65;380;0;136.00;4
94;0;21170701;94;90;475;478;12.17;0.74;77.98;5.76;381;0;137.00;3
98;0;21170707;98;91;476;478;12.02;0.73;79.65;5.84;378;0;138.00;2
100;0;21170713;100;93;476;478;11.89;0.73;79.74;5.84;376;0;139.00;2
102;0;21170719;102;95;477;478;11.76;0.72;80.11;5.92;375;0;140.00;1
102;0;21170724;102;96;477;478;11.66;0.71;80.11;5.92;375;0;141.00;1
103;0;21170730;103;98;478;478;11.49;0.70;80.71;5.95;375;0;142.00;0
103;0;21170736;103;100;478;478;11.44;0.70;80.71;5.95;375;0;143.00;0
103;0;21170741;103;122;551;605;10.95;0.69;80.71;5.17;448;0;144.00;54
104;0;21170758;104;115;556;606;10.89;0.68;81.33;5.13;452;0;145.00;50
106;0;21170764;106;106;566;606;10.81;0.68;82.09;5.08;460;0;146.00;40
107;0;21170771;107;108;566;606;10.71;0.67;82.36;5.08;459;0;147.00;40
107;0;21170776;107;109;572;606;10.64;0.67;82.36;5.06;465;0;148.00;34
110;0;21170782;110;110;575;606;10.60;0.66;83.75;5.06;465;0;149.00;31
115;0;21170790;115;113;580;611;10.37;0.65;85.58;5.05;465;0;150.00;31
116;0;21170798;116;110;583;611;10.33;0.65;86.15;5.06;467;0;151.00;28
118;0;21170804;118;114;586;612;10.33;0.64;87.19;5.08;468;0;152.00;26
121;0;21170810;121;116;590;613;10.27;0.64;87.80;5.10;469;0;153.00;23
122;0;21170816;122;118;591;613;10.40;0.65;87.75;5.11;469;0;154.00;22
127;0;21170822;127;122;596;614;10.38;0.65;88.75;5.13;469;0;155.00;18
128;0;21170828;128;128;598;614;10.30;0.64;89.24;5.15;470;0;156.00;16
128;0;21170834;128;126;600;614;10.27;0.64;89.24;5.17;472;0;157.00;14
131;0;21170839;131;132;602;614;10.22;0.64;90.21;5.20;471;0;158.00;12
132;0;21170845;132;134;606;618;10.10;0.63;89.64;5.19;474;0;159.00;12
133;0;21170853;133;143;608;618;10.06;0.62;90.15;5.20;475;0;160.00;10
134;0;21170859;134;148;608;618;10.13;0.63;89.96;5.20;474;0;161.00;10
138;0;21170865;138;155;611;621;10.07;0.62;91.91;5.23;473;0;162.00;10
139;0;21170871;139;160;613;621;10.06;0.62;92.40;5.25;474;0;163.00;8
140;0;21170877;140;164;613;621;10.05;0.62;92.76;5.25;473;0;164.00;8
142;0;21170883;142;167;617;625;9.93;0.61;93.65;5.25;475;0;165.00;8
145;0;21170890;145;165;619;626;9.88;0.61;94.32;5.27;474;0;166.00;7
148;0;21170895;148;162;619;626;9.82;0.61;94.70;5.27;471;0;167.00;7
149;0;21170903;149;160;624;630;9.74;0.60;95.19;5.29;475;0;168.00;6
151;0;21170910;151;158;624;630;9.73;0.60;96.11;5.29;473;0;169.00;6
153;0;21170918;153;157;627;630;9.67;0.60;96.90;5.33;474;0;170.00;3
154;0;21170926;154;156;628;631;9.54;0.59;97.32;5.32;474;0;171.00;3
155;0;21170935;155;157;629;631;9.36;0.58;97.32;5.35;474;0;172.00;2
157;0;21170941;157;156;635;637;9.22;0.57;98.06;5.31;478;0;173.00;2
157;0;21170949;157;162;635;637;9.00;0.56;98.06;5.31;478;0;174.00;2
158;0;21170956;158;149;636;638;8.89;0.55;98.07;5.31;478;0;175.00;2
160;0;21170964;160;142;636;638;8.85;0.55;98.49;5.31;476;0;176.00;2
161;0;21170972;161;141;636;638;8.79;0.54;98.96;5.31;475;0;177.00;2
162;0;21170979;162;133;636;638;8.77;0.54;99.36;5.31;474;0;178.00;2
164;0;21170987;164;129;636;638;8.76;0.54;99.48;5.31;472;0;179.00;2
164;0;21170997;164;132;667;672;8.91;0.55;99.48;5.06;503;0;180.00;5
164;0;21171007;164;135;669;672;9.03;0.56;99.48;5.12;505;0;181.00;3
166;0;21171013;166;132;671;672;9.10;0.56;99.17;5.11;505;0;182.00;1
166;0;21171020;166;130;671;672;9.26;0.57;99.17;5.11;505;0;183.00;1
166;0;21171026;166;125;672;672;9.36;0.58;99.17;5.10;506;0;184.00;0
166;0;21171032;166;124;672;672;9.40;0.58;99.17;5.10;506;0;185.00;0
167;0;21171038;167;122;676;676;9.35;0.58;99.23;5.08;509;0;186.00;0
167;0;21171044;167;123;676;676;9.31;0.58;99.23;5.08;509;0;187.00;0
168;0;21171056;168;128;680;680;9.35;0.58;99.75;5.06;512;0;188.00;0
171;0;21171062;171;130;681;681;9.31;0.57;100.51;5.05;510;0;189.00;0
172;0;21171069;172;138;681;681;9.25;0.57;100.67;5.05;509;0;190.00;0
174;0;21171074;174;145;681;681;9.25;0.57;100.65;5.05;507;0;191.00;0
176;0;21171080;176;152;694;694;9.29;0.57;100.47;4.95;518;0;192.00;0
177;0;21171087;177;158;694;694;9.21;0.57;100.18;4.95;517;0;193.00;0
183;0;21171093;183;163;694;694;9.06;0.56;100.60;4.95;511;0;194.00;0
184;0;21171100;184;167;695;695;8.96;0.55;100.18;4.95;511;0;195.00;0
187;0;21171106;187;176;696;696;8.79;0.54;100.04;4.94;509;0;196.00;0
190;0;21171112;190;184;696;696;8.72;0.54;100.63;4.94;506;0;197.00;0
190;0;21171118;190;189;698;699;8.69;0.53;100.63;4.93;508;0;198.00;1
192;0;21171124;192;196;698;699;8.59;0.53;101.37;4.93;506;0;199.00;1
194;0;21171130;194;198;699;699;8.54;0.52;101.51;4.92;505;0;200.00;0
195;0;21171140;195;197;699;699;8.43;0.52;101.28;4.92;504;0;201.00;0
199;0;21171145;199;199;704;705;8.31;0.51;101.78;4.90;505;0;202.00;1
199;0;21171152;199;200;704;705;8.18;0.50;101.78;4.90;505;0;203.00;1
203;0;21171157;203;205;705;705;7.98;0.49;100.96;4.89;502;0;204.00;0
204;0;21171164;204;210;705;705;7.80;0.48;100.96;4.89;501;0;205.00;0
205;0;21171170;205;217;709;709;7.66;0.47;101.34;4.87;504;0;206.00;0
208;0;21171176;208;223;710;710;7.51;0.46;102.13;4.86;502;0;207.00;0
211;0;21171182;211;229;710;710;7.31;0.45;101.71;4.86;499;0;208.00;0
213;0;21171187;213;237;711;711;7.19;0.44;101.78;4.86;498;0;209.00;0
216;0;21171194;216;240;711;711;7.02;0.43;101.56;4.86;495;0;210.00;0
220;0;21171199;220;245;711;711;6.83;0.42;101.14;4.86;491;0;211.00;0
223;0;21171204;223;243;711;711;6.71;0.41;101.34;4.86;488;0;212.00;0
224;0;21171210;224;250;711;711;6.64;0.41;101.68;4.86;487;0;213.00;0
225;0;21171215;225;258;711;711;6.62;0.41;102.18;4.86;486;0;214.00;0
225;0;21171220;225;260;711;711;6.68;0.41;102.18;4.86;486;0;215.00;0
225;0;21171225;225;274;755;781;7.08;0.44;102.18;4.58;530;0;216.00;26
227;0;21171236;227;270;757;782;7.06;0.44;102.91;4.57;530;0;217.00;25
228;0;21171242;228;267;764;782;7.20;0.45;103.31;4.54;536;0;218.00;18
228;0;21171247;228;268;767;782;7.25;0.45;103.31;4.54;539;0;219.00;15
231;0;21171252;231;272;770;782;7.27;0.45;104.19;4.54;539;0;220.00;12
232;0;21171258;232;274;773;782;7.29;0.45;104.69;4.54;541;0;221.00;9
234;0;21171263;234;266;776;782;7.20;0.44;105.18;4.54;542;0;222.00;6
236;0;21171269;236;258;779;782;7.11;0.44;106.15;4.55;543;0;223.00;3
239;0;21171275;239;242;779;783;7.06;0.43;106.97;4.55;540;0;224.00;4
239;0;21171282;239;235;782;785;7.08;0.43;106.97;4.55;543;0;225.00;3
239;0;21171288;239;235;783;785;7.14;0.44;106.97;4.56;544;0;226.00;2
239;0;21171294;239;234;788;789;7.16;0.44;106.97;4.55;549;0;227.00;1
241;0;21171300;241;230;789;789;7.25;0.44;107.12;4.54;548;0;228.00;0
241;0;21171307;241;231;789;789;7.34;0.45;107.12;4.54;548;0;229.00;0
241;0;21171314;241;231;789;789;7.50;0.46;107.12;4.54;548;0;230.00;0
242;0;21171319;242;220;795;795;7.74;0.47;107.62;4.52;553;0;231.00;0
243;0;21171327;243;212;795;795;7.94;0.49;107.79;4.52;552;0;232.00;0
244;0;21171333;244;207;795;795;8.06;0.49;107.71;4.52;551;0;233.00;0
244;0;21171340;244;192;797;798;8.25;0.50;107.71;4.51;553;0;234.00;1
245;0;21171347;245;187;797;798;8.36;0.51;108.19;4.51;552;0;235.00;1
246;0;21171359;246;180;798;798;8.42;0.51;108.52;4.50;552;0;236.00;0
247;0;21171367;247;177;799;799;8.52;0.52;108.16;4.50;552;0;237.00;0
249;0;21171374;249;172;800;800;8.66;0.53;109.16;4.49;551;0;238.00;0
251;0;21171381;251;167;800;800;8.81;0.54;108.61;4.49;549;0;239.00;0
252;0;21171389;252;171;825;826;9.01;0.56;108.72;4.36;573;0;240.00;1
254;0;21171398;254;169;825;826;9.01;0.55;109.72;4.36;571;0;241.00;1
256;0;21171410;256;156;826;826;9.20;0.56;110.03;4.35;570;0;242.00;0
257;0;21171418;257;149;827;827;9.32;0.57;109.71;4.35;570;0;243.00;0
260;0;21171425;260;145;827;827;9.45;0.58;110.57;4.35;567;0;244.00;0
264;0;21171432;264;141;831;831;9.51;0.58;111.24;4.33;567;0;245.00;0
266;0;21171439;266;139;831;831;9.56;0.58;111.53;4.33;565;0;246.00;0
268;0;21171446;268;139;835;835;9.49;0.58;111.92;4.32;567;0;247.00;0
271;0;21171453;271;138;835;835;9.51;0.58;112.69;4.32;564;0;248.00;0
273;0;21171459;273;131;835;835;9.52;0.58;113.08;4.32;562;0;249.00;0
275;0;21171466;275;128;835;835;9.57;0.58;113.53;4.32;560;0;250.00;0
278;0;21171474;278;123;835;835;9.55;0.58;114.12;4.32;557;0;251.00;0
279;1;21171480;279;123;845;847;9.55;0.58;114.23;4.27;566;1;252.00;2
280;1;21171498;280;127;845;847;9.62;0.59;114.21;4.27;565;1;253.00;2
284;1;21171505;284;126;847;847;9.67;0.59;113.98;4.26;563;1;254.00;0
284;1;21171512;284;128;847;847;9.80;0.60;113.98;4.26;563;1;255.00;0
285;1;21171518;285;126;847;847;9.86;0.60;114.42;4.26;562;1;256.00;0
287;1;21171525;287;130;847;847;9.86;0.60;114.91;4.26;560;1;257.00;0
290;1;21171532;290;130;848;848;9.82;0.60;115.79;4.26;558;1;258.00;0
292;1;21171538;292;135;848;848;9.78;0.60;116.70;4.26;556;1;259.00;0
293;1;21171545;293;137;854;854;9.78;0.60;117.16;4.23;561;1;260.00;0
293;1;21171551;293;140;855;855;9.80;0.60;117.16;4.23;562;1;261.00;0
295;1;21171558;295;142;855;855;9.78;0.59;117.19;4.23;560;1;262.00;0
297;1;21171564;297;148;855;855;9.76;0.59;117.89;4.23;558;1;263.00;0
298;1;21171570;298;150;859;859;9.73;0.59;118.04;4.21;561;1;264.00;0
299;1;21171577;299;150;859;859;9.70;0.59;117.93;4.21;560;1;265.00;0
301;1;21171584;301;146;859;859;9.76;0.59;118.01;4.21;558;1;266.00;0
302;1;21171591;302;145;860;860;9.77;0.59;118.46;4.21;558;1;267.00;0
302;1;21171598;302;141;864;864;9.70;0.59;118.46;4.19;562;1;268.00;0
303;1;21171605;303;136;864;864;9.75;0.59;118.92;4.19;561;1;269.00;0
307;1;21171612;307;133;868;870;9.81;0.59;120.12;4.17;561;1;270.00;2
310;1;21171619;310;131;868;870;9.88;0.60;120.96;4.17;558;1;271.00;2
311;1;21171625;311;127;870;870;9.97;0.60;121.35;4.17;559;1;272.00;0
312;1;21171632;312;128;870;870;10.01;0.61;121.49;4.17;558;1;273.00;0
316;1;21171637;316;127;874;874;10.11;0.61;121.92;4.15;558;1;274.00;0
318;1;21171644;318;126;874;874;10.20;0.62;121.91;4.15;556;1;275.00;0
322;1;21171650;322;125;874;874;10.29;0.62;122.63;4.15;552;1;276.00;0
324;1;21171657;324;125;874;874;10.28;0.62;123.14;4.15;550;1;277.00;0
324;1;21171662;324;123;875;875;10.28;0.62;123.14;4.15;551;1;278.00;0
324;1;21171668;324;117;876;876;10.31;0.62;123.14;4.14;552;1;279.00;0
325;1;21171674;325;117;876;876;10.32;0.63;123.18;4.14;551;1;280.00;0
328;1;21171680;328;112;877;877;10.37;0.63;123.45;4.14;549;1;281.00;0
331;1;21171687;331;106;877;877;10.38;0.63;124.18;4.14;546;1;282.00;0
331;1;21171693;331;101;877;877;10.46;0.63;124.18;4.14;546;1;283.00;0
334;1;21171699;334;98;877;877;10.53;0.64;124.08;4.14;543;1;284.00;0
334;1;21171705;334;98;877;877;10.59;0.64;124.08;4.14;543;1;285.00;0
334;1;21171711;334;98;877;877;10.77;0.65;124.08;4.14;543;1;286.00;0
334;1;21171717;334;93;877;877;10.94;0.66;124.08;4.14;543;1;287.00;0
336;1;21171724;336;110;945;1004;10.71;0.66;124.20;3.85;609;1;288.00;59
339;1;21171741;339;99;947;1005;10.73;0.66;124.68;3.84;608;1;289.00;58
341;1;21171749;341;93;953;1005;10.77;0.66;124.60;3.83;612;1;290.00;52
341;1;21171756;341;89;956;1005;10.81;0.67;124.60;3.83;615;1;291.00;49
342;1;21171762;342;85;960;1005;10.80;0.67;124.46;3.83;618;1;292.00;45
346;1;21171770;346;83;962;1005;10.76;0.66;124.08;3.83;616;1;293.00;43
348;1;21171777;348;90;963;1005;10.77;0.66;124.88;3.83;615;1;294.00;42
352;1;21171786;352;87;964;1005;10.82;0.66;125.95;3.83;612;1;295.00;41
355;1;21171795;355;88;967;1006;10.99;0.67;125.66;3.85;612;1;296.00;39
355;1;21171802;355;87;970;1007;11.04;0.67;125.66;3.86;615;1;297.00;37
357;1;21171810;357;90;977;1007;11.04;0.67;125.77;3.91;620;1;298.00;30
359;1;21171817;359;88;980;1008;11.11;0.68;125.88;3.93;621;1;299.00;28
360;1;21171827;360;91;986;1014;11.04;0.67;126.23;3.95;626;1;300.00;28
361;1;21171838;361;93;989;1014;10.98;0.67;126.14;3.98;628;1;301.00;25
365;1;21171847;365;94;992;1014;10.89;0.67;126.81;4.01;627;1;302.00;22
367;1;21171855;367;94;996;1018;10.79;0.66;127.53;4.04;629;1;303.00;22
368;1;21171863;368;98;998;1018;10.79;0.66;127.99;4.05;630;1;304.00;20
369;1;21171871;369;107;1004;1018;10.79;0.66;128.27;4.12;635;1;305.00;14
372;1;21171879;372;115;1008;1021;10.65;0.65;128.82;4.12;636;1;306.00;13
376;1;21171887;376;119;1009;1021;10.59;0.65;128.99;4.14;633;1;307.00;12
378;1;21171896;378;123;1011;1021;10.50;0.64;128.79;4.15;633;1;308.00;10
380;1;21171905;380;130;1014;1025;10.49;0.64;128.84;4.16;634;1;309.00;11
381;1;21171913;381;130;1018;1026;10.47;0.64;128.93;4.20;637;1;310.00;8
382;1;21171923;382;133;1018;1026;10.54;0.65;129.37;4.20;636;1;311.00;8
385;1;21171931;385;142;1022;1030;10.60;0.65;129.70;4.21;637;1;312.00;8
387;1;21171940;387;144;1025;1030;10.62;0.65;129.53;4.22;638;1;313.00;5
390;1;21171949;390;145;1028;1030;10.69;0.66;129.83;4.22;638;1;314.00;2
392;1;21171957;392;145;1030;1032;10.70;0.66;130.26;4.22;638;1;315.00;2
393;1;21171965;393;149;1030;1032;10.74;0.66;130.68;4.22;637;1;316.00;2
395;1;21171979;395;150;1036;1038;10.70;0.66;131.34;4.20;641;1;317.00;2
397;1;21171988;397;154;1036;1038;10.64;0.65;132.08;4.20;639;1;318.00;2
398;1;21171996;398;159;1037;1039;10.49;0.64;132.17;4.19;639;1;319.00;2
399;1;21172004;399;163;1037;1039;10.32;0.63;132.64;4.19;638;1;320.00;2
400;1;21172011;400;168;1037;1039;10.12;0.62;132.66;4.19;637;1;321.00;2
401;1;21172020;401;174;1037;1039;9.95;0.61;133.10;4.19;636;1;322.00;2
403;1;21172032;403;176;1037;1039;9.77;0.60;133.46;4.19;634;1;323.00;2
404;1;21172039;404;178;1049;1051;9.68;0.59;133.90;4.18;645;1;324.00;2
404;1;21172048;404;181;1049;1051;9.56;0.59;133.90;4.18;645;1;325.00;2
405;1;21172054;405;181;1050;1051;9.37;0.57;133.84;4.18;645;1;326.00;1
407;1;21172061;407;180;1050;1051;9.24;0.57;134.67;4.18;643;1;327.00;1
408;1;21172069;408;185;1050;1051;9.09;0.56;134.77;4.18;642;1;328.00;1
411;1;21172076;411;189;1050;1051;9.07;0.56;135.03;4.18;639;1;329.00;1
413;1;21172086;413;192;1055;1055;9.07;0.56;134.96;4.18;642;1;330.00;0
414;1;21172094;414;190;1055;1055;9.18;0.56;134.97;4.18;641;1;331.00;0
415;1;21172102;415;193;1059;1059;9.32;0.57;135.01;4.17;644;1;332.00;0
417;1;21172110;417;193;1060;1060;9.28;0.57;134.95;4.17;643;1;333.00;0
419;1;21172117;419;194;1060;1060;9.29;0.57;134.91;4.17;641;1;334.00;0
421;1;21172124;421;196;1060;1060;9.31;0.57;135.15;4.17;639;1;335.00;0
424;1;21172131;424;197;1073;1073;9.18;0.56;135.37;4.12;649;1;336.00;0
426;1;21172139;426;199;1073;1073;9.19;0.56;135.70;4.12;647;1;337.00;0
428;1;21172146;428;202;1073;1073;9.24;0.57;136.00;4.12;645;1;338.00;0
433;1;21172153;433;205;1074;1074;9.24;0.57;136.80;4.11;641;1;339.00;0
436;1;21172160;436;205;1075;1075;9.27;0.57;137.60;4.11;639;1;340.00;0
439;1;21172167;439;210;1075;1075;9.20;0.57;137.84;4.11;636;1;341.00;0
444;1;21172174;444;216;1078;1078;9.11;0.56;139.50;4.10;634;1;342.00;0
447;1;21172181;447;218;1078;1078;9.06;0.56;140.52;4.10;631;1;343.00;0
451;1;21172187;451;221;1078;1078;8.98;0.55;141.94;4.10;627;1;344.00;0
457;1;21172193;457;222;1078;1078;8.90;0.54;141.73;4.10;621;1;345.00;0
461;1;21172200;461;220;1084;1084;8.78;0.54;142.25;4.08;623;1;346.00;0
465;1;21172208;465;222;1084;1084;8.56;0.52;143.63;4.08;619;1;347.00;0
466;1;21172214;466;225;1084;1084;8.31;0.51;143.56;4.08;618;1;348.00;0
469;1;21172220;469;229;1084;1084;8.11;0.50;144.59;4.08;615;1;349.00;0
470;1;21172226;470;221;1088;1088;8.04;0.49;144.88;4.07;618;1;350.00;0
471;1;21172234;471;219;1089;1089;7.99;0.49;145.31;4.07;618;1;351.00;0
474;1;21172241;474;212;1089;1089;7.91;0.49;145.58;4.07;615;1;352.00;0
480;1;21172247;480;211;1090;1090;7.76;0.48;146.28;4.07;610;1;353.00;0
484;1;21172254;484;215;1090;1090;7.71;0.47;147.07;4.07;606;1;354.00;0
485;1;21172260;485;208;1090;1090;7.63;0.47;147.45;4.07;605;1;355.00;0
489;1;21172267;489;207;1090;1090;7.57;0.47;147.76;4.07;601;1;356.00;0
491;1;21172274;491;201;1090;1090;7.59;0.47;148.17;4.07;599;1;357.00;0
493;1;21172280;493;196;1090;1090;7.69;0.47;147.90;4.07;597;1;358.00;0
497;1;21172286;497;196;1090;1090;7.73;0.48;148.20;4.07;593;1;359.00;0
500;1;21172294;500;196;1156;1215;8.03;0.50;148.11;3.83;656;1;360.00;59
507;1;21172310;507;199;1163;1216;8.01;0.50;148.25;3.82;656;1;361.00;53
508;1;21172317;508;195;1174;1216;8.08;0.50;148.62;3.80;666;1;362.00;42
510;1;21172329;510;201;1178;1216;8.01;0.50;148.53;3.80;668;1;363.00;38
512;1;21172337;512;206;1183;1216;7.98;0.50;148.33;3.80;671;1;364.00;33
514;1;21172344;514;215;1186;1216;7.92;0.49;148.34;3.80;672;1;365.00;30
517;1;21172352;517;220;1191;1216;7.88;0.49;148.36;3.81;674;1;366.00;25
518;1;21172359;518;225;1195;1216;7.84;0.49;148.41;3.82;677;1;367.00;21
519;1;21172366;519;230;1198;1217;7.75;0.48;148.37;3.83;679;1;368.00;19
520;1;21172374;520;233;1202;1218;7.65;0.47;148.24;3.85;682;1;369.00;16
524;1;21172381;524;239;1203;1218;7.45;0.46;148.01;3.85;679;1;370.00;15
525;1;21172389;525;248;1211;1222;7.28;0.45;147.77;3.86;686;1;371.00;11
527;1;21172396;527;258;1211;1222;7.17;0.44;148.28;3.86;684;1;372.00;11
527;1;21172404;527;269;1214;1222;7.04;0.44;148.28;3.88;687;1;373.00;8
530;1;21172411;530;278;1216;1222;6.93;0.43;148.79;3.90;686;1;374.00;6
530;1;21172418;530;283;1222;1228;6.83;0.42;148.79;3.91;692;1;375.00;6
531;1;21172426;531;289;1224;1228;6.76;0.42;148.85;3.92;693;1;376.00;4
532;1;21172433;532;296;1225;1228;6.74;0.42;148.90;3.92;693;1;377.00;3
532;1;21172441;532;300;1228;1231;6.65;0.41;148.90;3.93;696;1;378.00;3
534;1;21172448;534;304;1228;1231;6.52;0.40;148.71;3.93;694;1;379.00;3
537;1;21172458;537;302;1228;1231;6.35;0.39;148.52;3.93;691;1;380.00;3
541;1;21172466;541;291;1230;1232;6.22;0.38;148.41;3.93;689;1;381.00;2
543;1;21172474;543;280;1232;1233;6.25;0.38;148.28;3.94;689;1;382.00;1
545;1;21172482;545;275;1232;1233;6.24;0.38;147.95;3.94;687;1;383.00;1
546;1;21172491;546;273;1244;1246;6.44;0.40;148.02;3.90;698;1;384.00;2
550;1;21172499;550;269;1245;1246;6.53;0.40;148.51;3.90;695;1;385.00;1
551;2;21172507;551;270;1246;1246;6.66;0.41;148.29;3.90;695;2;386.00;0
553;2;21172526;553;268;1247;1247;6.75;0.41;148.45;3.90;694;2;387.00;0
554;2;21172540;554;272;1247;1247;6.84;0.42;148.36;3.90;693;2;388.00;0
555;2;21172548;555;272;1251;1251;6.95;0.42;148.47;3.89;696;2;389.00;0
557;2;21172559;557;268;1251;1251;7.00;0.43;148.36;3.89;694;2;390.00;0
558;2;21172573;558;269;1255;1255;7.10;0.43;148.15;3.88;697;2;391.00;0
560;2;21172581;560;268;1255;1255;7.08;0.43;147.91;3.88;695;2;392.00;0
560;2;21172594;560;265;1255;1255;7.04;0.43;147.91;3.88;695;2;393.00;0
563;2;21172603;563;268;1255;1255;6.99;0.43;147.64;3.88;692;2;394.00;0
564;2;21172611;564;272;1255;1255;6.96;0.42;147.89;3.88;691;2;395.00;0
565;2;21172619;565;269;1265;1267;7.05;0.43;147.89;3.85;700;2;396.00;2
566;2;21172628;566;258;1265;1267;7.01;0.43;147.69;3.85;699;2;397.00;2
566;2;21172637;566;259;1267;1267;7.12;0.43;147.69;3.85;701;2;398.00;0
568;2;21172644;568;255;1267;1267;7.18;0.44;148.22;3.85;699;2;399.00;0
568;2;21172653;568;256;1267;1267;7.26;0.44;148.22;3.85;699;2;400.00;0
571;2;21172665;571;251;1267;1267;7.37;0.45;148.96;3.85;696;2;401.00;0
575;2;21172674;575;247;1268;1268;7.39;0.45;149.13;3.84;693;2;402.00;0
577;2;21172682;577;252;1268;1268;7.48;0.46;149.39;3.84;691;2;403.00;0
579;2;21172692;579;249;1274;1274;7.55;0.46;149.15;3.83;695;2;404.00;0
581;2;21172701;581;256;1276;1276;7.68;0.47;149.64;3.82;695;2;405.00;0
585;2;21172709;585;242;1276;1276;7.76;0.47;150.58;3.82;691;2;406.00;0
587;2;21172724;587;229;1276;1276;7.84;0.48;151.22;3.82;689;2;407.00;0
589;2;21172738;589;221;1279;1280;7.93;0.48;151.96;3.82;690;2;408.00;1
591;2;21172747;591;215;1280;1280;8.04;0.49;152.38;3.81;689;2;409.00;0
591;2;21172756;591;211;1280;1280;8.16;0.50;152.38;3.81;689;2;410.00;0
594;2;21172764;594;212;1281;1281;8.28;0.51;153.34;3.81;687;2;411.00;0
595;2;21172775;595;212;1285;1285;8.36;0.51;153.73;3.80;690;2;412.00;0
597;2;21172785;597;212;1285;1285;8.45;0.52;153.87;3.80;688;2;413.00;0
600;2;21172795;600;204;1287;1288;8.57;0.52;154.43;3.80;687;2;414.00;1
601;2;21172804;601;207;1287;1288;8.66;0.53;154.62;3.80;686;2;415.00;1
605;2;21172812;605;203;1288;1288;8.67;0.53;154.70;3.80;683;2;416.00;0
606;2;21172822;606;199;1288;1288;8.66;0.53;154.73;3.80;682;2;417.00;0
610;2;21172830;610;196;1292;1292;8.64;0.53;155.21;3.79;682;2;418.00;0
611;2;21172839;611;189;1292;1292;8.70;0.53;155.35;3.79;681;2;419.00;0
613;2;21172850;613;184;1292;1292;8.76;0.53;155.93;3.79;679;2;420.00;0
615;2;21172859;615;175;1292;1292;8.84;0.54;156.60;3.79;677;2;421.00;0
616;2;21172867;616;175;1293;1293;8.97;0.55;156.80;3.78;677;2;422.00;0
618;2;21172882;618;174;1294;1294;9.14;0.56;157.55;3.78;676;2;423.00;0
622;2;21172892;622;175;1294;1294;9.24;0.56;158.70;3.78;672;2;424.00;0
626;2;21172901;626;170;1295;1295;9.36;0.57;159.27;3.78;669;2;425.00;0
626;2;21172916;626;168;1295;1295;9.51;0.58;159.27;3.78;669;2;426.00;0
629;2;21172925;629;168;1295;1295;9.61;0.59;159.86;3.78;666;2;427.00;0
632;3;21172934;632;171;1295;1295;9.68;0.59;160.60;3.78;663;3;428.00;0
635;3;21172954;635;172;1295;1295;9.72;0.59;160.72;3.78;660;3;429.00;0
639;3;21172962;639;172;1295;1295;9.74;0.59;161.03;3.78;656;3;430.00;0
639;3;21172971;639;169;1295;1295;9.72;0.59;161.03;3.78;656;3;431.00;0
641;3;21172979;641;199;1375;1422;9.51;0.59;161.20;3.56;734;3;432.00;47
643;3;21172997;643;194;1375;1423;9.54;0.59;161.12;3.56;732;3;433.00;48
645;3;21173006;645;189;1380;1423;9.65;0.60;161.47;3.56;735;3;434.00;43
649;3;21173015;649;186;1380;1423;9.68;0.60;161.69;3.56;731;3;435.00;43
653;3;21173023;653;187;1386;1423;9.69;0.60;162.14;3.56;733;3;436.00;37
655;3;21173033;655;189;1386;1423;9.70;0.60;162.10;3.56;731;3;437.00;37
657;3;21173042;657;191;1389;1423;9.74;0.60;162.58;3.56;732;3;438.00;34
660;3;21173051;660;192;1392;1423;9.78;0.60;162.64;3.57;732;3;439.00;31
663;3;21173065;663;186;1395;1424;9.78;0.60;163.23;3.58;732;3;440.00;29
664;3;21173075;664;177;1400;1425;9.85;0.60;163.63;3.60;736;3;441.00;25
665;3;21173084;665;176;1403;1425;9.85;0.60;163.51;3.61;738;3;442.00;22
667;3;21173093;667;168;1405;1426;9.92;0.61;163.92;3.62;738;3;443.00;21
668;3;21173103;668;168;1406;1426;9.94;0.61;164.27;3.63;738;3;444.00;20
671;3;21173111;671;164;1408;1426;9.97;0.61;164.56;3.64;737;3;445.00;18
672;3;21173120;672;161;1408;1426;10.04;0.61;164.63;3.64;736;3;446.00;18
675;3;21173129;675;168;1413;1430;10.07;0.62;165.27;3.65;738;3;447.00;17
678;3;21173138;678;163;1415;1430;10.07;0.62;165.31;3.67;737;3;448.00;15
680;3;21173147;680;165;1416;1430;10.02;0.61;165.84;3.68;736;3;449.00;14
684;3;21173158;684;166;1420;1436;9.98;0.61;166.50;3.66;736;3;450.00;16
688;3;21173168;688;168;1420;1436;9.95;0.61;167.53;3.66;732;3;451.00;16
691;3;21173178;691;168;1421;1436;9.96;0.61;167.82;3.66;730;3;452.00;15
692;3;21173187;692;170;1425;1440;10.00;0.61;167.81;3.67;733;3;453.00;15
695;3;21173196;695;167;1427;1441;10.05;0.61;168.52;3.68;732;3;454.00;14
700;3;21173205;700;163;1430;1441;10.00;0.61;168.57;3.72;730;3;455.00;11
702;3;21173214;702;160;1433;1445;10.03;0.61;168.54;3.73;731;3;456.00;12
706;3;21173223;706;152;1434;1445;10.01;0.61;169.50;3.74;728;3;457.00;11
710;3;21173232;710;147;1437;1445;9.89;0.60;169.86;3.77;727;3;458.00;8
712;3;21173242;712;152;1438;1446;9.87;0.60;170.37;3.77;726;3;459.00;8
715;3;21173251;715;153;1439;1446;9.84;0.60;171.12;3.77;724;3;460.00;7
717;3;21173266;717;146;1442;1452;9.82;0.60;171.43;3.76;725;3;461.00;10
719;3;21173276;719;143;1443;1452;9.86;0.60;171.80;3.76;724;3;462.00;9
725;3;21173286;725;141;1443;1453;9.83;0.60;171.86;3.76;718;3;463.00;10
729;3;21173295;729;144;1443;1453;9.83;0.60;172.55;3.76;714;3;464.00;10
731;3;21173304;731;140;1443;1453;9.80;0.59;172.47;3.76;712;3;465.00;10
732;3;21173313;732;137;1443;1453;9.86;0.60;172.72;3.76;711;3;466.00;10
734;3;21173322;734;136;1443;1453;9.86;0.60;172.99;3.76;709;3;467.00;10
737;3;21173330;737;137;1452;1465;9.90;0.60;173.61;3.74;715;3;468.00;13
739;3;21173340;739;132;1452;1465;9.89;0.60;173.66;3.74;713;3;469.00;13
741;3;21173348;741;140;1454;1465;10.02;0.61;173.99;3.74;713;3;470.00;11
744;3;21173357;744;140;1454;1465;10.04;0.61;174.16;3.74;710;3;471.00;11
750;3;21173366;750;139;1454;1465;10.13;0.62;174.71;3.74;704;3;472.00;11
752;3;21173376;752;137;1454;1465;10.21;0.62;175.24;3.74;702;3;473.00;11
754;3;21173385;754;138;1457;1469;10.22;0.62;175.50;3.73;703;3;474.00;12
759;3;21173393;759;133;1457;1469;10.29;0.63;175.61;3.73;698;3;475.00;12
760;3;21173403;760;132;1462;1473;10.38;0.63;175.72;3.78;702;3;476.00;11
761;3;21173412;761;135;1463;1474;10.43;0.64;175.88;3.78;702;3;477.00;11
764;3;21173421;764;139;1463;1474;10.38;0.63;176.24;3.78;699;3;478.00;11
766;3;21173430;766;140;1465;1474;10.32;0.63;176.15;3.83;699;3;479.00;9
770;3;21173440;770;145;1490;1500;10.19;0.62;176.57;3.80;720;3;480.00;10
771;3;21173452;771;143;1492;1500;10.11;0.62;176.58;3.82;721;3;481.00;8
775;3;21173460;775;146;1493;1500;10.10;0.62;176.71;3.82;718;3;482.00;7
778;3;21173470;778;152;1496;1501;10.15;0.62;176.59;3.85;718;3;483.00;5
782;3;21173478;782;156;1496;1502;10.11;0.62;176.77;3.85;714;3;484.00;6
787;3;21173488;787;160;1496;1502;10.06;0.61;176.69;3.85;709;3;485.00;6
788;3;21173497;788;157;1498;1505;10.12;0.62;176.81;3.84;710;3;486.00;7
791;3;21173506;791;162;1500;1505;10.11;0.62;177.05;3.85;709;3;487.00;5
795;3;21173514;795;170;1501;1505;10.06;0.61;176.86;3.86;706;3;488.00;4
796;3;21173523;796;178;1502;1505;10.04;0.61;176.88;3.87;706;3;489.00;3
799;3;21173531;799;179;1509;1511;10.06;0.61;176.94;3.87;710;3;490.00;2
800;3;21173540;800;185;1510;1511;10.02;0.61;176.98;3.87;710;3;491.00;1
803;3;21173549;803;186;1510;1511;10.02;0.61;177.00;3.87;707;3;492.00;1
805;3;21173558;805;190;1511;1511;10.02;0.61;176.99;3.87;706;3;493.00;0
805;3;21173566;805;194;1515;1515;9.97;0.61;176.99;3.87;710;3;494.00;0
808;3;21173576;808;202;1517;1517;9.89;0.61;177.04;3.86;709;3;495.00;0
809;3;21173584;809;202;1517;1517;9.84;0.60;176.99;3.86;708;3;496.00;0
810;3;21173597;810;204;1518;1518;9.82;0.60;176.94;3.86;708;3;497.00;0
812;3;21173606;812;212;1518;1518;9.80;0.60;176.88;3.86;706;3;498.00;0
813;3;21173614;813;211;1518;1518;9.75;0.60;177.01;3.86;705;3;499.00;0
815;3;21173624;815;212;1518;1518;9.68;0.59;176.98;3.86;703;3;500.00;0
817;3;21173636;817;213;1518;1518;9.58;0.59;176.98;3.86;701;3;501.00;0
821;3;21173644;821;221;1518;1518;9.53;0.58;176.93;3.86;697;3;502.00;0
824;3;21173653;824;220;1518;1518;9.53;0.58;176.77;3.86;694;3;503.00;0
825;3;21173661;825;228;1557;1588;9.63;0.59;176.58;3.76;732;3;504.00;31
825;3;21173676;825;224;1558;1589;9.55;0.59;176.58;3.76;733;3;505.00;31
827;3;21173684;827;222;1567;1589;9.61;0.59;176.42;3.75;740;3;506.00;22
827;3;21173692;827;228;1570;1589;9.61;0.59;176.42;3.75;743;3;507.00;19
829;3;21173700;829;229;1575;1589;9.59;0.59;176.28;3.75;746;3;508.00;14
831;3;21173708;831;233;1577;1589;9.55;0.58;176.13;3.75;746;3;509.00;12
834;3;21173717;834;236;1580;1589;9.52;0.58;175.89;3.76;746;3;510.00;9
836;4;21173725;836;240;1582;1589;9.52;0.58;175.89;3.76;746;4;511.00;7
838;4;21173747;838;238;1584;1590;9.45;0.58;176.09;3.77;746;4;512.00;6
839;4;21173756;839;244;1586;1591;9.45;0.58;175.89;3.77;747;4;513.00;5
843;4;21173764;843;249;1590;1591;9.37;0.57;176.16;3.78;747;4;514.00;1
845;4;21173772;845;251;1595;1595;9.22;0.56;176.36;3.78;750;4;515.00;0
850;4;21173780;850;255;1595;1595;9.02;0.55;176.54;3.78;745;4;516.00;0
856;4;21173788;856;260;1595;1595;8.84;0.54;176.59;3.78;739;4;517.00;0
860;4;21173797;860;266;1595;1595;8.63;0.53;176.91;3.78;735;4;518.00;0
864;4;21173804;864;267;1601;1601;8.51;0.52;177.34;3.77;737;4;519.00;0
866;4;21173813;866;272;1601;1601;8.39;0.51;177.60;3.77;735;4;520.00;0
870;4;21173821;870;276;1601;1601;8.29;0.51;177.84;3.77;731;4;521.00;0
873;4;21173828;873;282;1604;1604;8.16;0.50;178.37;3.76;731;4;522.00;0
876;4;21173836;876;283;1604;1604;7.96;0.49;178.78;3.76;728;4;523.00;0
878;4;21173843;878;288;1604;1604;7.76;0.48;179.01;3.76;726;4;524.00;0
880;4;21173850;880;278;1605;1605;7.64;0.47;179.23;3.76;725;4;525.00;0
884;4;21173858;884;279;1606;1606;7.53;0.46;179.70;3.75;722;4;526.00;0
888;4;21173865;888;276;1606;1606;7.51;0.46;180.08;3.75;718;4;527.00;0
891;4;21173873;891;276;1618;1619;7.50;0.46;179.96;3.73;727;4;528.00;1
892;4;21173882;892;278;1619;1619;7.51;0.46;180.26;3.73;727;4;529.00;0
896;4;21173889;896;275;1619;1619;7.47;0.46;180.53;3.73;723;4;530.00;0
898;4;21173896;898;277;1620;1620;7.43;0.46;180.66;3.72;722;4;531.00;0
900;4;21173904;900;275;1620;1620;7.43;0.45;180.43;3.72;720;4;532.00;0
902;4;21173912;902;275;1624;1624;7.44;0.46;180.94;3.72;722;4;533.00;0
904;4;21173921;904;272;1624;1624;7.40;0.45;181.07;3.72;720;4;534.00;0
904;4;21173928;904;278;1628;1628;7.37;0.45;181.07;3.71;724;4;535.00;0
906;4;21173935;906;278;1628;1628;7.28;0.45;181.48;3.71;722;4;536.00;0
907;4;21173943;907;276;1628;1628;7.19;0.44;181.71;3.71;721;4;537.00;0
911;4;21173950;911;264;1628;1628;7.12;0.44;182.15;3.71;717;4;538.00;0
912;4;21173958;912;257;1628;1628;7.10;0.43;182.22;3.71;716;4;539.00;0
914;4;21173967;914;254;1658;1662;7.23;0.45;182.49;3.64;744;4;540.00;4
919;4;21173978;919;253;1658;1662;7.17;0.44;182.17;3.64;739;4;541.00;4
922;4;21173986;922;247;1661;1662;7.27;0.45;182.28;3.64;739;4;542.00;1
929;4;21173995;929;241;1661;1662;7.25;0.44;182.71;3.64;732;4;543.00;1
930;4;21174003;930;237;1662;1662;7.34;0.45;182.73;3.64;732;4;544.00;0
932;4;21174017;932;238;1662;1662;7.40;0.45;183.06;3.64;730;4;545.00;0
932;4;21174027;932;244;1663;1663;7.46;0.46;183.06;3.64;731;4;546.00;0
938;4;21174036;938;239;1663;1663;7.43;0.45;183.31;3.64;725;4;547.00;0
941;4;21174044;941;242;1669;1669;7.39;0.45;183.79;3.63;728;4;548.00;0
943;4;21174053;943;242;1670;1670;7.32;0.45;183.83;3.63;727;4;549.00;0
946;4;21174062;946;243;1670;1670;7.28;0.44;183.99;3.63;724;4;550.00;0
948;4;21174070;948;243;1670;1670;7.26;0.44;183.88;3.63;722;4;551.00;0
950;4;21174079;950;244;1674;1674;7.27;0.44;183.93;3.62;724;4;552.00;0
951;4;21174093;951;246;1674;1674;7.28;0.44;184.05;3.62;723;4;553.00;0
952;4;21174102;952;246;1674;1674;7.24;0.44;184.22;3.62;722;4;554.00;0
952;4;21174110;952;240;1675;1675;7.19;0.44;184.22;3.62;723;4;555.00;0
953;4;21174118;953;249;1679;1679;7.22;0.44;184.30;3.61;726;4;556.00;0
956;4;21174127;956;246;1679;1679;7.15;0.44;184.51;3.61;723;4;557.00;0
960;4;21174135;960;250;1681;1682;7.12;0.43;184.64;3.61;721;4;558.00;1
961;4;21174144;961;248;1681;1682;7.06;0.43;184.85;3.61;720;4;559.00;1
966;4;21174152;966;247;1682;1682;7.03;0.43;185.08;3.60;716;4;560.00;0
968;4;21174160;968;249;1682;1682;7.04;0.43;185.08;3.60;714;4;561.00;0
972;4;21174168;972;246;1686;1686;7.10;0.43;185.30;3.60;714;4;562.00;0
973;4;21174178;973;242;1686;1686;7.18;0.44;185.29;3.60;713;4;563.00;0
976;4;21174186;976;245;1686;1686;7.06;0.43;185.23;3.60;710;4;564.00;0
977;4;21174196;977;246;1686;1686;7.08;0.43;185.53;3.60;709;4;565.00;0
979;4;21174203;979;243;1687;1687;7.04;0.43;185.74;3.60;708;4;566.00;0
981;4;21174212;981;241;1688;1688;7.04;0.43;186.18;3.59;707;4;567.00;0
982;4;21174220;982;242;1688;1688;7.06;0.43;186.17;3.59;706;4;568.00;0
983;4;21174228;983;245;1689;1689;7.07;0.43;186.19;3.59;706;4;569.00;0
986;4;21174238;986;242;1689;1689;7.11;0.44;186.21;3.59;703;4;570.00;0
987;4;21174246;987;250;1689;1689;7.11;0.44;186.16;3.59;702;4;571.00;0
990;4;21174254;990;240;1689;1689;7.14;0.44;186.28;3.59;699;4;572.00;0
994;4;21174262;994;231;1689;1689;7.10;0.43;186.70;3.59;695;4;573.00;0
996;4;21174271;996;231;1689;1689;7.17;0.44;186.92;3.59;693;4;574.00;0
998;4;21174279;998;223;1689;1689;7.37;0.45;187.11;3.59;691;4;575.00;0
1000;4;21174287;1000;244;1771;1816;7.73;0.48;187.49;3.43;771;4;576.00;45
1005;4;21174305;1005;230;1775;1817;7.88;0.49;187.97;3.42;770;4;577.00;42
1007;4;21174314;1007;222;1782;1817;8.10;0.50;188.16;3.42;775;4;578.00;35
1012;4;21174323;1012;215;1784;1817;8.24;0.51;188.69;3.42;772;4;579.00;33
1015;4;21174332;1015;215;1788;1817;8.35;0.51;189.15;3.42;773;4;580.00;29
1018;4;21174347;1018;200;1789;1817;8.42;0.52;189.48;3.42;771;4;581.00;28
1020;4;21174362;1020;186;1791;1817;8.44;0.52;189.94;3.42;771;4;582.00;26
1023;4;21174372;1023;192;1794;1817;8.45;0.52;190.43;3.43;771;4;583.00;23
1025;4;21174381;1025;194;1797;1818;8.42;0.52;190.69;3.44;772;4;584.00;21
1029;4;21174392;1029;207;1803;1820;8.36;0.51;191.30;3.45;774;4;585.00;17
1032;4;21174402;1032;205;1806;1820;8.31;0.51;191.63;3.46;774;4;586.00;14
1036;4;21174413;1036;216;1808;1821;8.25;0.50;192.16;3.46;772;4;587.00;13
1037;4;21174424;1037;228;1811;1821;8.25;0.51;192.12;3.48;774;4;588.00;10
1040;4;21174433;1040;230;1814;1821;8.27;0.51;192.67;3.49;774;4;589.00;7
1042;4;21174443;1042;236;1816;1821;8.32;0.51;192.91;3.50;774;4;590.00;5
1044;4;21174453;1044;238;1819;1825;8.32;0.51;193.32;3.50;775;4;591.00;6
1046;4;21174463;1046;240;1820;1825;8.30;0.51;193.60;3.50;774;4;592.00;5
1050;4;21174474;1050;243;1821;1825;8.32;0.51;194.38;3.51;771;4;593.00;4
1051;4;21174485;1051;240;1823;1828;8.45;0.52;194.41;3.52;772;4;594.00;5
1053;4;21174496;1053;234;1824;1828;8.52;0.52;194.79;3.53;771;4;595.00;4
1056;4;21174506;1056;237;1825;1828;8.54;0.52;195.31;3.53;769;4;596.00;3
1057;4;21174516;1057;231;1829;1832;8.58;0.52;195.41;3.52;772;4;597.00;3
1058;4;21174526;1058;226;1830;1833;8.67;0.53;195.54;3.52;772;4;598.00;3
1062;4;21174536;1062;226;1833;1833;8.68;0.53;195.77;3.53;771;4;599.00;0
1065;4;21174548;1065;227;1843;1859;8.55;0.52;195.78;3.51;778;4;600.00;16
1067;4;21174564;1067;218;1844;1859;8.58;0.52;195.87;3.51;777;4;601.00;15
1069;4;21174575;1069;221;1845;1859;8.55;0.52;195.90;3.51;776;4;602.00;14
1073;4;21174584;1073;224;1847;1860;8.59;0.52;196.52;3.50;774;4;603.00;13
1075;4;21174594;1075;220;1848;1860;8.61;0.52;196.85;3.50;773;4;604.00;12
1076;4;21174610;1076;222;1852;1866;8.71;0.53;197.08;3.50;776;4;605.00;14
1080;4;21174621;1080;223;1854;1866;8.77;0.53;197.23;3.50;774;4;606.00;12
1081;4;21174630;1081;221;1855;1867;8.89;0.54;197.25;3.50;774;4;607.00;12
1083;4;21174640;1083;219;1855;1867;8.98;0.54;197.42;3.50;772;4;608.00;12
1085;4;21174650;1085;226;1857;1867;8.99;0.55;197.84;3.50;772;4;609.00;10
1087;4;21174665;1087;225;1857;1867;9.00;0.55;197.92;3.50;770;4;610.00;10
1092;4;21174674;1092;229;1857;1867;8.98;0.54;198.01;3.50;765;4;611.00;10
1093;4;21174683;1093;235;1867;1879;9.03;0.55;198.01;3.49;774;4;612.00;12
1093;6;21174695;1093;233;1867;1879;9.08;0.55;198.01;3.49;774;6;613.00;12
1093;6;21174732;1093;239;1867;1879;9.12;0.55;198.01;3.49;774;6;614.00;12
1094;6;21174743;1094;233;1869;1879;9.23;0.56;197.99;3.50;775;6;615.00;10
1097;6;21174756;1097;235;1869;1879;9.25;0.56;198.40;3.50;772;6;616.00;10
1097;6;21174766;1097;227;1869;1879;9.25;0.56;198.40;3.50;772;6;617.00;10
1100;6;21174776;1100;229;1873;1883;9.23;0.56;198.50;3.50;773;6;618.00;10
1101;6;21174786;1101;229;1873;1883;9.29;0.56;198.44;3.50;772;6;619.00;10
1102;6;21174797;1102;222;1877;1887;9.33;0.57;198.71;3.50;775;6;620.00;10
1105;6;21174807;1105;218;1878;1888;9.36;0.57;199.20;3.49;773;6;621.00;10
1108;6;21174816;1108;213;1878;1888;9.35;0.57;199.80;3.49;770;6;622.00;10
1113;6;21174826;1113;213;1878;1888;9.33;0.57;200.60;3.49;765;6;623.00;10
1117;6;21174836;1117;215;1889;1901;9.22;0.56;200.50;3.49;772;6;624.00;12
1121;6;21174846;1121;211;1889;1901;9.15;0.55;201.15;3.49;768;6;625.00;12
1122;6;21174856;1122;207;1889;1901;9.12;0.55;201.18;3.49;767;6;626.00;12
1126;6;21174865;1126;203;1890;1902;9.07;0.55;201.70;3.48;764;6;627.00;12
1129;6;21174874;1129;203;1890;1903;8.98;0.54;202.30;3.48;761;6;628.00;13
1131;6;21174883;1131;202;1892;1903;8.86;0.54;202.70;3.51;761;6;629.00;11
1133;6;21174893;1133;193;1896;1909;8.84;0.54;202.78;3.50;763;6;630.00;13
1137;6;21174903;1137;192;1898;1909;8.82;0.54;203.17;3.50;761;6;631.00;11
1139;6;21174913;1139;185;1899;1909;8.85;0.54;203.34;3.50;760;6;632.00;10
1142;6;21174923;1142;181;1901;1909;8.86;0.54;203.63;3.52;759;6;633.00;8
1144;6;21174931;1144;177;1906;1915;8.89;0.54;203.63;3.51;762;6;634.00;9
1144;6;21174944;1144;178;1906;1915;8.92;0.54;203.63;3.51;762;6;635.00;9
1144;6;21174953;1144;177;1906;1915;8.93;0.55;203.63;3.51;762;6;636.00;9
1147;6;21174961;1147;175;1906;1915;8.92;0.54;203.64;3.51;759;6;637.00;9
1151;6;21174970;1151;169;1909;1919;8.86;0.54;203.97;3.51;758;6;638.00;10
1153;6;21175009;1153;171;1910;1920;8.91;0.54;204.16;3.51;757;6;639.00;10
1158;6;21175025;1158;169;1910;1920;8.90;0.54;204.45;3.51;752;6;640.00;10
1161;6;21175036;1161;162;1911;1921;8.91;0.54;204.80;3.51;750;6;641.00;10
1166;6;21175045;1166;166;1911;1921;8.88;0.54;205.29;3.51;745;6;642.00;10
1167;6;21175054;1167;166;1911;1921;8.88;0.54;205.36;3.51;744;6;643.00;10
1169;6;21175062;1169;169;1911;1921;8.96;0.54;205.66;3.51;742;6;644.00;10
1170;6;21175071;1170;173;1911;1921;9.01;0.55;205.60;3.51;741;6;645.00;10
1171;6;21175081;1171;173;1911;1921;9.03;0.55;205.84;3.51;740;6;646.00;10
1175;6;21175090;1175;179;1912;1921;9.01;0.55;206.14;3.53;737;6;647.00;9
1177;6;21175098;1177;187;1945;1991;9.09;0.55;206.23;3.47;768;6;648.00;46
1182;6;21175112;1182;183;1948;1992;9.04;0.55;206.29;3.47;766;6;649.00;44
1184;6;21175122;1184;181;1955;1992;9.09;0.55;206.46;3.46;771;6;650.00;37
1186;6;21175130;1186;184;1957;1992;9.04;0.55;206.33;3.46;771;6;651.00;35
1188;6;21175140;1188;183;1961;1992;8.95;0.54;206.43;3.49;773;6;652.00;31
1192;6;21175149;1192;188;1964;1992;8.92;0.54;206.29;3.49;772;6;653.00;28
1193;6;21175158;1193;190;1965;1992;8.89;0.54;206.47;3.49;772;6;654.00;27
1193;6;21175167;1193;197;1968;1992;8.96;0.55;206.47;3.50;775;6;655.00;24
1195;6;21175176;1195;201;1972;1993;8.96;0.55;206.38;3.53;777;6;656.00;21
1195;6;21175185;1195;205;1974;1994;8.90;0.54;206.38;3.53;779;6;657.00;20
1199;6;21175195;1199;210;1978;1994;8.82;0.54;206.06;3.57;779;6;658.00;16
1201;6;21175204;1201;213;1985;1998;8.80;0.54;206.01;3.59;784;6;659.00;13
1201;6;21175215;1201;217;1987;1998;8.78;0.54;206.01;3.60;786;6;660.00;11
1203;6;21175224;1203;226;1989;1998;8.73;0.53;205.96;3.61;786;6;661.00;9
1206;6;21175233;1206;233;1989;1998;8.69;0.53;205.91;3.61;783;6;662.00;9
1208;6;21175242;1208;243;1997;2004;8.68;0.53;205.91;3.64;789;6;663.00;7
1210;6;21175251;1210;251;2000;2004;8.58;0.53;205.72;3.68;790;6;664.00;4
1212;6;21175260;1212;257;2001;2004;8.53;0.52;205.75;3.68;789;6;665.00;3
1214;6;21175268;1214;266;2004;2007;8.49;0.52;205.64;3.69;790;6;666.00;3
1216;6;21175277;1216;268;2005;2007;8.46;0.52;205.52;3.69;789;6;667.00;2
1216;6;21175286;1216;269;2007;2007;8.43;0.52;205.52;3.70;791;6;668.00;0
1218;6;21175295;1218;274;2008;2008;8.31;0.51;205.44;3.70;790;6;669.00;0
1220;6;21175303;1220;280;2009;2009;8.19;0.50;205.33;3.69;789;6;670.00;0
1222;6;21175313;1222;283;2009;2009;8.08;0.50;205.09;3.69;787;6;671.00;0
1224;6;21175321;1224;288;2022;2022;8.00;0.49;205.03;3.67;798;6;672.00;0
1225;6;21175330;1225;294;2022;2022;7.90;0.48;204.95;3.67;797;6;673.00;0
1226;6;21175339;1226;290;2022;2022;7.72;0.47;204.96;3.67;796;6;674.00;0
1227;6;21175347;1227;289;2024;2024;7.65;0.47;204.97;3.67;797;6;675.00;0
1229;6;21175355;1229;288;2024;2024;7.59;0.47;204.90;3.67;795;6;676.00;0
1231;6;21175363;1231;287;2028;2028;7.62;0.47;204.77;3.66;797;6;677.00;0
1236;6;21175372;1236;286;2028;2028;7.58;0.47;204.49;3.66;792;6;678.00;0
1237;6;21175381;1237;289;2032;2032;7.52;0.46;204.44;3.66;795;6;679.00;0
1239;6;21175389;1239;289;2032;2032;7.50;0.46;204.49;3.66;793;6;680.00;0
1243;6;21175397;1243;291;2032;2032;7.44;0.46;204.53;3.66;789;6;681.00;0
1246;6;21175405;1246;293;2032;2032;7.39;0.45;204.30;3.66;786;6;682.00;0
1249;6;21175413;1249;294;2032;2032;7.34;0.45;204.35;3.66;783;6;683.00;0
1251;6;21175421;1251;296;2043;2044;7.33;0.45;204.29;3.64;792;6;684.00;1
1251;6;21175430;1251;299;2043;2044;7.36;0.45;204.29;3.64;792;6;685.00;1
1253;6;21175437;1253;299;2044;2044;7.35;0.45;204.20;3.64;791;6;686.00;0
1256;6;21175445;1256;302;2044;2044;7.30;0.45;204.84;3.64;788;6;687.00;0
1257;6;21175453;1257;312;2044;2044;7.31;0.45;204.82;3.64;787;6;688.00;0
1262;6;21175460;1262;315;2044;2044;7.20;0.44;204.98;3.64;782;6;689.00;0
1267;6;21175470;1267;319;2045;2045;7.08;0.43;205.29;3.63;778;6;690.00;0
1270;6;21175478;1270;325;2045;2045;6.91;0.42;205.58;3.63;775;6;691.00;0
1273;6;21175485;1273;330;2051;2051;6.83;0.41;205.67;3.63;778;6;692.00;0
1276;6;21175493;1276;333;2052;2052;6.62;0.40;205.92;3.63;776;6;693.00;0
1278;6;21175501;1278;338;2052;2052;6.45;0.39;205.90;3.63;774;6;694.00;0
1282;6;21175508;1282;324;2052;2052;6.29;0.38;205.89;3.63;770;6;695.00;0
1284;6;21175515;1284;314;2056;2056;6.29;0.38;205.82;3.62;772;6;696.00;0
1285;6;21175523;1285;309;2056;2056;6.28;0.38;205.67;3.62;771;6;697.00;0
1287;6;21175530;1287;306;2056;2056;6.22;0.38;205.82;3.62;769;6;698.00;0
1290;6;21175537;1290;305;2057;2057;6.17;0.38;205.83;3.62;767;6;699.00;0
1292;6;21175544;1292;291;2061;2061;6.14;0.38;205.80;3.61;769;6;700.00;0
1295;6;21175555;1295;281;2061;2061;6.16;0.38;205.84;3.61;766;6;701.00;0
1297;6;21175568;1297;278;2063;2064;6.26;0.38;205.85;3.61;766;6;702.00;1
1299;6;21175576;1299;270;2063;2064;6.38;0.39;205.92;3.61;764;6;703.00;1
1302;6;21175584;1302;266;2064;2064;6.44;0.40;206.26;3.61;762;6;704.00;0
1304;6;21175592;1304;260;2064;2064;6.50;0.40;206.31;3.61;760;6;705.00;0
1306;6;21175600;1306;260;2068;2068;6.65;0.41;206.52;3.60;762;6;706.00;0
1309;6;21175608;1309;255;2068;2068;6.73;0.41;206.66;3.60;759;6;707.00;0
1309;6;21175616;1309;251;2068;2068;6.85;0.42;206.66;3.60;759;6;708.00;0
1312;6;21175624;1312;247;2068;2068;6.92;0.42;206.93;3.60;756;6;709.00;0
1316;6;21175638;1316;245;2069;2069;6.99;0.43;207.21;3.60;753;6;710.00;0
1319;6;21175646;1319;244;2070;2070;7.11;0.44;207.43;3.60;751;6;711.00;0
1321;6;21175655;1321;242;2070;2070;7.17;0.44;207.66;3.60;749;6;712.00;0
1324;6;21175663;1324;235;2071;2071;7.25;0.44;208.07;3.60;747;6;713.00;0
1326;6;21175671;1326;237;2071;2071;7.34;0.45;208.16;3.60;745;6;714.00;0
1329;6;21175680;1329;234;2071;2071;7.44;0.46;208.60;3.60;742;6;715.00;0
1334;6;21175689;1334;231;2071;2071;7.52;0.46;208.93;3.60;737;6;716.00;0
1338;6;21175697;1338;233;2071;2071;7.54;0.46;209.24;3.60;733;6;717.00;0
1342;6;21175705;1342;226;2071;2071;7.59;0.47;209.51;3.60;729;6;718.00;0
1346;6;21175714;1346;229;2071;2071;7.65;0.47;209.37;3.60;725;6;719.00;0
1349;6;21175724;1349;238;2169;2301;8.26;0.52;209.48;3.44;820;6;720.00;132
1352;6;21175753;1352;235;2181;2302;8.36;0.53;209.76;3.42;829;6;721.00;121
1358;6;21175762;1358;229;2199;2302;8.43;0.53;209.80;3.41;841;6;722.00;103
1365;6;21175771;1365;221;2211;2302;8.39;0.53;210.12;3.41;846;6;723.00;91
1367;6;21175782;1367;220;2221;2302;8.34;0.53;210.11;3.41;854;6;724.00;81
1376;6;21175792;1376;220;2228;2302;8.22;0.52;210.83;3.42;852;6;725.00;74
1379;6;21175802;1379;224;2236;2302;8.18;0.51;210.96;3.43;857;6;726.00;66
1382;6;21175811;1382;229;2242;2302;8.07;0.51;211.58;3.44;860;6;727.00;60
1387;6;21175821;1387;226;2252;2303;7.98;0.50;211.92;3.46;865;6;728.00;51
1391;6;21175831;1391;236;2257;2304;7.85;0.49;212.15;3.47;866;6;729.00;47
1395;6;21175841;1395;232;2265;2304;7.67;0.48;212.47;3.49;870;6;730.00;39
1399;6;21175851;1399;244;2271;2305;7.51;0.47;212.52;3.51;872;6;731.00;34
1401;6;21175866;1401;252;2275;2305;7.42;0.46;212.76;3.52;874;6;732.00;30
1407;6;21175876;1407;256;2277;2305;7.33;0.46;212.97;3.53;870;6;733.00;28
1410;6;21175886;1410;264;2280;2305;7.25;0.45;212.99;3.54;870;6;734.00;25
1413;6;21175896;1413;275;2284;2309;7.22;0.45;213.18;3.55;871;6;735.00;25
1419;6;21175907;1419;276;2286;2309;7.23;0.45;213.22;3.56;867;6;736.00;23
1424;6;21175917;1424;289;2288;2309;7.19;0.44;213.70;3.57;864;6;737.00;21
1425;6;21175927;1425;295;2291;2312;7.15;0.44;213.56;3.58;866;6;738.00;21
1429;6;21175938;1429;306;2292;2312;7.18;0.44;213.91;3.58;863;6;739.00;20
1431;6;21175948;1431;306;2292;2312;7.14;0.44;213.81;3.58;861;6;740.00;20
1431;6;21175958;1431;307;2298;2316;7.13;0.44;213.81;3.59;867;6;741.00;18
1434;6;21175968;1434;313;2301;2317;7.14;0.44;214.05;3.61;867;6;742.00;16
1435;6;21175979;1435;312;2302;2317;7.20;0.44;214.03;3.62;867;6;743.00;15
1437;6;21175989;1437;312;2306;2321;7.25;0.45;214.15;3.62;869;6;744.00;15
1438;6;21175999;1438;312;2306;2321;7.31;0.45;214.11;3.62;868;6;745.00;15
1440;6;21176009;1440;317;2308;2321;7.34;0.45;214.18;3.63;868;6;746.00;13
1443;6;21176020;1443;311;2308;2322;7.36;0.45;214.46;3.63;865;6;747.00;14
1444;6;21176031;1444;305;2309;2322;7.32;0.45;214.53;3.63;865;6;748.00;13
1447;6;21176041;1447;307;2315;2328;7.32;0.45;214.83;3.64;868;6;749.00;13
1449;6;21176054;1449;301;2316;2328;7.38;0.45;215.17;3.65;867;6;750.00;12
1452;6;21176063;1452;290;2319;2329;7.41;0.45;215.25;3.67;867;6;751.00;10
1454;6;21176074;1454;287;2319;2329;7.47;0.46;215.22;3.67;865;6;752.00;10
1459;6;21176086;1459;282;2319;2329;7.51;0.46;215.49;3.67;860;6;753.00;10
1460;6;21176097;1460;281;2320;2329;7.63;0.47;215.51;3.68;860;6;754.00;9
1463;6;21176108;1463;290;2323;2329;7.64;0.47;215.68;3.70;860;6;755.00;6
1466;6;21176118;1466;277;2331;2341;7.74;0.47;215.80;3.68;865;6;756.00;10
1466;6;21176129;1466;270;2333;2341;7.89;0.48;215.80;3.68;867;6;757.00;8
1469;6;21176145;1469;258;2334;2341;8.01;0.49;215.68;3.68;865;6;758.00;7
1470;6;21176157;1470;256;2334;2341;8.08;0.49;215.68;3.68;864;6;759.00;7
1473;6;21176167;1473;253;2335;2341;8.14;0.50;215.84;3.68;862;6;760.00;6
1475;6;21176179;1475;258;2335;2341;8.17;0.50;215.94;3.68;860;6;761.00;6
1475;6;21176189;1475;260;2339;2345;8.15;0.50;215.94;3.68;864;6;762.00;6
1477;6;21176202;1477;262;2340;2345;8.18;0.50;216.04;3.68;863;6;763.00;5
1477;6;21176213;1477;261;2344;2349;8.24;0.50;216.04;3.68;867;6;764.00;5
1478;6;21176226;1478;262;2346;2351;8.27;0.51;216.12;3.67;868;6;765.00;5
1480;6;21176237;1480;268;2346;2351;8.30;0.51;215.98;3.67;866;6;766.00;5
1480;6;21176248;1480;263;2346;2351;8.31;0.51;215.98;3.67;866;6;767.00;5
1482;6;21176259;1482;258;2355;2364;8.39;0.52;215.94;3.66;873;6;768.00;9
1486;6;21176270;1486;254;2356;2364;8.42;0.52;215.91;3.66;870;6;769.00;8
1487;6;21176281;1487;254;2356;2364;8.43;0.52;216.11;3.66;869;6;770.00;8
1491;6;21176292;1491;253;2357;2365;8.42;0.52;216.45;3.66;866;6;771.00;8
1492;6;21176302;1492;250;2357;2366;8.37;0.51;216.58;3.66;865;6;772.00;9
1494;6;21176313;1494;252;2357;2366;8.30;0.51;216.57;3.66;863;6;773.00;9
1495;6;21176324;1495;250;2359;2369;8.27;0.51;216.61;3.65;864;6;774.00;10
1495;6;21176334;1495;249;2359;2369;8.25;0.51;216.61;3.65;864;6;775.00;10
1499;6;21176345;1499;243;2360;2369;8.16;0.50;216.70;3.65;861;6;776.00;9
1502;6;21176355;1502;243;2360;2369;8.13;0.50;216.77;3.65;858;6;777.00;9
1508;6;21176365;1508;243;2365;2375;8.11;0.49;217.01;3.65;857;6;778.00;10
1511;6;21176376;1511;243;2365;2375;8.08;0.49;217.22;3.65;854;6;779.00;10
1514;6;21176387;1514;242;2365;2375;8.11;0.49;217.35;3.65;851;6;780.00;10
1518;6;21176398;1518;241;2365;2375;8.11;0.49;217.48;3.65;847;6;781.00;10
1520;6;21176409;1520;242;2368;2379;8.09;0.49;217.28;3.64;848;6;782.00;11
1523;6;21176420;1523;244;2369;2380;8.10;0.49;217.32;3.64;846;6;783.00;11
1524;6;21176435;1524;251;2369;2380;8.12;0.49;217.22;3.64;845;6;784.00;11
1528;6;21176445;1528;252;2370;2381;8.12;0.49;217.44;3.64;842;6;785.00;11
1530;6;21176456;1530;254;2370;2381;8.09;0.49;217.60;3.64;840;6;786.00;11
1531;6;21176466;1531;262;2370;2381;8.13;0.49;217.73;3.64;839;6;787.00;11
1534;6;21176476;1534;261;2370;2381;8.14;0.49;217.79;3.64;836;6;788.00;11
1536;6;21176486;1536;262;2370;2381;8.11;0.49;217.98;3.64;834;6;789.00;11
1541;6;21176495;1541;260;2370;2381;8.05;0.49;218.22;3.64;829;6;790.00;11
1543;6;21176506;1543;258;2370;2381;8.00;0.48;218.12;3.64;827;6;791.00;11
1544;6;21176515;1544;259;2400;2451;7.93;0.48;218.21;3.60;856;6;792.00;51
1547;6;21176529;1547;256;2400;2452;7.88;0.48;218.48;3.60;853;6;793.00;52
1549;6;21176539;1549;256;2405;2452;7.92;0.48;218.62;3.59;856;6;794.00;47
1550;6;21176549;1550;251;2406;2452;7.93;0.48;218.62;3.59;856;6;795.00;46
1554;6;21176559;1554;250;2410;2452;7.98;0.49;218.85;3.59;856;6;796.00;42
1556;6;21176568;1556;246;2411;2452;8.01;0.49;218.90;3.59;855;6;797.00;41
1558;6;21176577;1558;245;2414;2452;8.08;0.49;218.97;3.60;856;6;798.00;38
1563;6;21176586;1563;241;2417;2452;8.06;0.49;219.41;3.60;854;6;799.00;35
1567;6;21176597;1567;240;2419;2453;8.01;0.49;219.89;3.60;852;6;800.00;34
1569;6;21176612;1569;233;2422;2454;8.01;0.49;220.09;3.61;853;6;801.00;32
1574;6;21176621;1574;233;2424;2454;7.91;0.48;220.32;3.61;850;6;802.00;30
1578;6;21176630;1578;234;2427;2458;7.77;0.47;220.69;3.61;849;6;803.00;31
1580;6;21176640;1580;233;2429;2458;7.73;0.47;220.90;3.62;849;6;804.00;29
1586;6;21176649;1586;232;2431;2458;7.63;0.46;221.23;3.64;845;6;805.00;27
1590;6;21176659;1590;232;2433;2458;7.55;0.46;221.58;3.65;843;6;806.00;25
1591;6;21176668;1591;228;2437;2464;7.59;0.46;221.77;3.65;846;6;807.00;27
1593;6;21176678;1593;228;2438;2464;7.60;0.46;221.85;3.65;845;6;808.00;26
1593;6;21176688;1593;228;2438;2464;7.61;0.46;221.85;3.65;845;6;809.00;26
1594;6;21176698;1594;229;2444;2470;7.64;0.46;221.76;3.66;850;6;810.00;26
1596;6;21176711;1596;226;2445;2470;7.69;0.47;221.99;3.65;849;6;811.00;25
1598;6;21176721;1598;226;2446;2470;7.71;0.47;222.04;3.65;848;6;812.00;24
1598;6;21176731;1598;228;2447;2471;7.78;0.47;222.04;3.67;849;6;813.00;24
1598;6;21176742;1598;223;2448;2472;7.88;0.48;222.04;3.67;850;6;814.00;24
1602;6;21176751;1602;226;2448;2472;7.85;0.48;221.89;3.67;846;6;815.00;24
1602;6;21176761;1602;220;2457;2485;7.85;0.48;221.89;3.65;855;6;816.00;28
1604;6;21176777;1604;223;2457;2485;7.83;0.48;221.82;3.65;853;6;817.00;28
1606;6;21176788;1606;221;2457;2485;7.79;0.47;221.82;3.65;851;6;818.00;28
1608;6;21176798;1608;219;2458;2486;7.76;0.47;221.84;3.65;850;6;819.00;28
1609;6;21176808;1609;220;2458;2486;7.79;0.48;221.76;3.65;849;6;820.00;28
1610;6;21176818;1610;227;2461;2490;7.83;0.48;221.79;3.65;851;6;821.00;29
1613;6;21176828;1613;225;2462;2490;7.79;0.48;221.63;3.69;849;6;822.00;28
1614;6;21176837;1614;230;2465;2494;7.77;0.47;221.61;3.68;851;6;823.00;29
1616;6;21176847;1616;237;2465;2494;7.74;0.47;221.55;3.68;849;6;824.00;29
1617;6;21176857;1617;236;2466;2494;7.71;0.47;221.48;3.73;849;6;825.00;28
1618;6;21176866;1618;243;2468;2494;7.69;0.47;221.39;3.75;850;6;826.00;26
1620;6;21176876;1620;245;2469;2494;7.60;0.47;221.30;3.79;849;6;827.00;25
1623;6;21176884;1623;255;2479;2506;7.63;0.47;221.24;3.78;856;6;828.00;27
1625;6;21176895;1625;267;2483;2506;7.54;0.46;221.22;3.82;858;6;829.00;23
1629;6;21176905;1629;273;2484;2506;7.42;0.45;220.93;3.86;855;6;830.00;22
1630;6;21176916;1630;284;2487;2506;7.33;0.45;220.83;3.90;857;6;831.00;19
1632;6;21176928;1632;285;2488;2506;7.28;0.45;220.73;3.95;856;6;832.00;18
1634;6;21176939;1634;302;2491;2506;7.20;0.44;220.76;3.99;857;6;833.00;15
1636;6;21176948;1636;306;2493;2507;7.14;0.44;220.57;4.02;857;6;834.00;14
1639;6;21176958;1639;311;2495;2507;7.09;0.43;220.49;4.04;856;6;835.00;12
1640;6;21176967;1640;321;2502;2513;7.10;0.43;220.42;4.07;862;6;836.00;11
1642;6;21176978;1642;319;2504;2514;7.08;0.43;220.37;4.09;862;6;837.00;10
1645;6;21176988;1645;325;2506;2514;7.07;0.43;220.20;4.10;861;6;838.00;8
1645;6;21176998;1645;330;2506;2514;7.05;0.43;220.20;4.10;861;6;839.00;8
1646;6;21177009;1646;339;2510;2519;7.08;0.43;220.09;4.11;864;6;840.00;9
1649;6;21177019;1649;336;2513;2519;7.11;0.44;219.85;4.13;864;6;841.00;6
1653;6;21177030;1653;341;2514;2519;7.09;0.43;219.76;4.14;861;6;842.00;5
1655;6;21177040;1655;346;2515;2520;7.12;0.44;219.73;4.14;860;6;843.00;5
1659;6;21177050;1659;341;2519;2524;7.10;0.43;219.57;4.14;860;6;844.00;5
1661;6;21177060;1661;347;2522;2524;7.02;0.43;219.58;4.15;861;6;845.00;2
1662;6;21177069;1662;343;2525;2527;7.05;0.43;219.48;4.15;863;6;846.00;2
1663;6;21177079;1663;344;2525;2527;7.05;0.43;219.38;4.15;862;6;847.00;2
1664;6;21177089;1664;349;2527;2527;7.04;0.43;219.41;4.15;863;6;848.00;0
1666;6;21177098;1666;344;2527;2527;6.99;0.43;219.34;4.15;861;6;849.00;0
1670;6;21177107;1670;343;2531;2531;7.05;0.43;219.48;4.15;861;6;850.00;0
1672;6;21177118;1672;341;2531;2531;7.05;0.43;219.37;4.15;859;6;851.00;0
1673;6;21177127;1673;327;2531;2531;7.05;0.43;219.36;4.15;858;6;852.00;0
1673;6;21177136;1673;312;2531;2531;7.03;0.43;219.36;4.15;858;6;853.00;0
1675;6;21177147;1675;307;2532;2532;7.03;0.43;219.32;4.14;857;6;854.00;0
1675;6;21177157;1675;302;2534;2534;7.03;0.43;219.32;4.14;859;6;855.00;0
1676;6;21177166;1676;294;2534;2534;7.09;0.43;219.27;4.14;858;6;856.00;0
1678;6;21177175;1678;290;2535;2535;7.16;0.44;219.20;4.14;857;6;857.00;0
1679;6;21177185;1679;290;2535;2535;7.26;0.44;219.28;4.14;856;6;858.00;0
1681;6;21177195;1681;286;2535;2535;7.33;0.45;219.27;4.14;854;6;859.00;0
1682;6;21177204;1682;281;2535;2535;7.38;0.45;219.26;4.14;853;6;860.00;0
1684;6;21177213;1684;278;2535;2535;7.47;0.46;219.34;4.14;851;6;861.00;0
1686;6;21177222;1686;277;2535;2535;7.53;0.46;219.35;4.14;849;6;862.00;0
1688;6;21177233;1688;275;2535;2535;7.60;0.46;219.37;4.14;847;6;863.00;0
1689;6;21177242;1689;291;2607;2662;7.82;0.49;219.34;4.03;918;6;864.00;55
1692;6;21177262;1692;286;2610;2663;7.79;0.48;219.44;4.02;918;6;865.00;53
1694;6;21177271;1694;281;2620;2663;7.83;0.49;219.48;4.01;926;6;866.00;43
1698;6;21177282;1698;279;2626;2663;7.79;0.48;219.58;4.01;928;6;867.00;37
1702;6;21177294;1702;279;2633;2663;7.64;0.47;219.43;4.01;931;6;868.00;30
1705;6;21177304;1705;283;2636;2663;7.48;0.46;219.56;4.01;931;6;869.00;27
1707;6;21177315;1707;288;2639;2663;7.38;0.46;219.48;4.02;932;6;870.00;24
1711;6;21177325;1711;287;2641;2663;7.32;0.45;219.47;4.02;930;6;871.00;22
1713;6;21177335;1713;284;2643;2664;7.18;0.44;219.45;4.02;930;6;872.00;21
1717;6;21177345;1717;296;2648;2665;7.06;0.44;219.55;4.03;931;6;873.00;17
1721;6;21177355;1721;301;2651;2665;6.96;0.43;219.79;4.04;930;6;874.00;14
1726;6;21177364;1726;293;2653;2666;6.81;0.42;220.18;4.04;927;6;875.00;13
1729;6;21177375;1729;291;2656;2666;6.77;0.42;220.55;4.05;927;6;876.00;10
1734;6;21177384;1734;290;2657;2666;6.72;0.41;220.56;4.05;923;6;877.00;9
1736;6;21177394;1736;295;2657;2666;6.78;0.42;220.74;4.05;921;6;878.00;9
1741;6;21177404;1741;301;2663;2670;6.84;0.42;220.98;4.06;922;6;879.00;7
1743;6;21177415;1743;299;2664;2670;6.91;0.42;221.30;4.06;921;6;880.00;6
1746;6;21177426;1746;299;2665;2670;6.96;0.43;221.65;4.07;919;6;881.00;5
1749;6;21177436;1749;291;2668;2673;7.00;0.43;222.31;4.08;919;6;882.00;5
1750;6;21177447;1750;290;2668;2673;7.06;0.43;222.44;4.08;918;6;883.00;5
1755;6;21177458;1755;284;2671;2673;7.03;0.43;223.00;4.08;916;6;884.00;2
1758;6;21177468;1758;276;2675;2677;7.07;0.43;223.48;4.08;917;6;885.00;2
1763;6;21177479;1763;274;2676;2678;7.11;0.43;223.70;4.08;913;6;886.00;2
1766;6;21177490;1766;274;2677;2678;7.21;0.44;223.93;4.08;911;6;887.00;1
1768;6;21177500;1768;266;2681;2682;7.34;0.45;223.97;4.08;913;6;888.00;1
1772;6;21177517;1772;266;2682;2682;7.34;0.45;224.12;4.07;910;6;889.00;0
1775;6;21177533;1775;259;2682;2682;7.39;0.45;224.36;4.07;907;6;890.00;0
1780;6;21177544;1780;260;2683;2683;7.45;0.46;224.57;4.07;903;6;891.00;0
1782;6;21177554;1782;260;2683;2683;7.41;0.45;224.88;4.07;901;6;892.00;0
1787;6;21177565;1787;260;2688;2689;7.44;0.45;225.48;4.07;901;6;893.00;1
1790;6;21177576;1790;261;2688;2689;7.43;0.45;225.57;4.07;898;6;894.00;1
1794;6;21177587;1794;263;2689;2690;7.43;0.45;225.62;4.07;895;6;895.00;1
1800;6;21177599;1800;271;2689;2690;7.40;0.45;225.84;4.07;889;6;896.00;1
1805;6;21177610;1805;270;2689;2690;7.40;0.45;225.94;4.07;884;6;897.00;1
1807;6;21177620;1807;262;2689;2690;7.41;0.45;226.15;4.07;882;6;898.00;1
1812;6;21177630;1812;264;2689;2690;7.41;0.45;226.57;4.07;877;6;899.00;1
1816;6;21177644;1816;264;2717;2736;7.47;0.46;226.88;4.02;901;6;900.00;19
1819;7;21177663;1819;265;2717;2736;7.50;0.46;227.17;4.02;898;7;901.00;19
1823;7;21177689;1823;267;2722;2736;7.54;0.46;227.61;4.02;899;7;902.00;14
1826;7;21177701;1826;265;2722;2736;7.55;0.46;227.52;4.02;896;7;903.00;14
1830;7;21177712;1830;262;2724;2736;7.55;0.46;227.55;4.02;894;7;904.00;12
1832;7;21177722;1832;264;2724;2736;7.49;0.46;227.62;4.02;892;7;905.00;12
1836;7;21177733;1836;261;2728;2740;7.49;0.46;228.02;4.02;892;7;906.00;12
1842;7;21177745;1842;261;2729;2740;7.39;0.45;228.40;4.02;887;7;907.00;11
1845;7;21177761;1845;264;2732;2744;7.39;0.45;228.63;4.02;887;7;908.00;12
1849;7;21177773;1849;265;2733;2745;7.40;0.45;228.83;4.02;884;7;909.00;12
1849;7;21177784;1849;264;2733;2745;7.45;0.46;228.83;4.02;884;7;910.00;12
1853;7;21177794;1853;270;2733;2745;7.46;0.46;229.14;4.02;880;7;911.00;12
1857;7;21177806;1857;271;2744;2758;7.55;0.46;229.34;4.00;887;7;912.00;14
1859;7;21177817;1859;272;2745;2758;7.60;0.47;229.40;4.01;886;7;913.00;13
1863;7;21177828;1863;276;2745;2758;7.64;0.47;229.68;4.01;882;7;914.00;13
1867;7;21177839;1867;280;2746;2759;7.61;0.47;229.83;4.01;879;7;915.00;13
1868;7;21177850;1868;283;2747;2760;7.59;0.47;229.81;4.01;879;7;916.00;13
1874;7;21177860;1874;287;2747;2760;7.52;0.46;230.25;4.01;873;7;917.00;13
1875;7;21177871;1875;294;2750;2763;7.41;0.45;230.45;4.02;875;7;918.00;13
1878;7;21177881;1878;298;2752;2763;7.31;0.45;230.47;4.03;874;7;919.00;11
1884;7;21177892;1884;302;2753;2763;7.24;0.44;231.12;4.03;869;7;920.00;10
1889;7;21177904;1889;306;2753;2763;7.17;0.44;231.71;4.03;864;7;921.00;10
1893;7;21177914;1893;300;2759;2769;7.08;0.43;231.62;4.04;866;7;922.00;10
1895;7;21177926;1895;296;2759;2769;7.03;0.43;231.85;4.04;864;7;923.00;10
1901;7;21177936;1901;298;2760;2769;6.93;0.42;232.26;4.04;859;7;924.00;9
1902;7;21177947;1902;295;2764;2769;6.92;0.42;232.36;4.06;862;7;925.00;5
1905;7;21177957;1905;292;2770;2773;6.96;0.43;232.62;4.06;865;7;926.00;3
1908;7;21177973;1908;293;2773;2774;7.03;0.43;232.85;4.07;865;7;927.00;1
1911;7;21177984;1911;295;2774;2774;7.02;0.43;233.19;4.07;863;7;928.00;0
1913;7;21177995;1913;302;2775;2775;7.03;0.43;233.22;4.07;862;7;929.00;0
1918;7;21178007;1918;301;2775;2775;7.03;0.43;232.98;4.07;857;7;930.00;0
1920;7;21178017;1920;289;2775;2775;7.06;0.43;233.11;4.07;855;7;931.00;0
1923;7;21178028;1923;283;2775;2775;7.11;0.43;233.32;4.07;852;7;932.00;0
1926;7;21178038;1926;279;2775;2775;7.14;0.44;233.38;4.07;849;7;933.00;0
1930;7;21178050;1930;279;2775;2775;7.13;0.43;233.54;4.07;845;7;934.00;0
1931;7;21178061;1931;281;2775;2775;7.17;0.44;233.53;4.07;844;7;935.00;0
1935;7;21178071;1935;292;2818;2845;7.18;0.44;233.85;4.00;883;7;936.00;27
1938;7;21178089;1938;284;2821;2846;7.25;0.44;233.90;4.00;883;7;937.00;25
1939;7;21178100;1939;282;2824;2846;7.34;0.45;233.88;4.00;885;7;938.00;22
1942;7;21178111;1942;285;2826;2846;7.41;0.45;233.86;4.00;884;7;939.00;20
1944;7;21178122;1944;290;2829;2846;7.52;0.46;233.93;4.00;885;7;940.00;17
1946;7;21178133;1946;296;2832;2846;7.61;0.46;233.98;4.00;886;7;941.00;14
1948;7;21178144;1948;293;2835;2846;7.63;0.46;233.99;4.00;887;7;942.00;11
1951;7;21178155;1951;297;2837;2846;7.65;0.47;234.13;4.00;886;7;943.00;9
1954;7;21178167;1954;290;2839;2847;7.67;0.47;234.04;4.01;885;7;944.00;8
1956;7;21178177;1956;285;2841;2849;7.67;0.46;234.15;4.01;885;7;945.00;8
1959;7;21178190;1959;283;2843;2849;7.66;0.46;234.30;4.01;884;7;946.00;6
1962;7;21178201;1962;283;2847;2853;7.57;0.46;234.37;4.01;885;7;947.00;6
1965;7;21178212;1965;282;2849;2853;7.57;0.46;234.36;4.02;884;7;948.00;4
1965;7;21178223;1965;282;2850;2853;7.57;0.46;234.36;4.02;885;7;949.00;3
1970;7;21178234;1970;287;2850;2853;7.54;0.46;234.59;4.02;880;7;950.00;3
1974;7;21178245;1974;288;2855;2859;7.56;0.46;234.75;4.01;881;7;951.00;4
1974;7;21178256;1974;288;2856;2859;7.59;0.46;234.75;4.02;882;7;952.00;3
1977;7;21178266;1977;286;2856;2859;7.57;0.46;234.71;4.02;879;7;953.00;3
1980;7;21178282;1980;283;2858;2862;7.55;0.46;234.98;4.01;878;7;954.00;4
1980;7;21178293;1980;281;2858;2862;7.51;0.46;234.98;4.01;878;7;955.00;4
1983;8;21178308;1983;283;2859;2862;7.52;0.46;235.14;4.01;876;8;956.00;3
1985;8;21178329;1985;284;2859;2863;7.49;0.45;235.26;4.01;874;8;957.00;4
1987;8;21178338;1987;283;2860;2864;7.51;0.45;235.33;4.01;873;8;958.00;4
1989;8;21178348;1989;280;2861;2864;7.45;0.45;235.55;4.01;872;8;959.00;3
1991;8;21178360;1991;291;2880;2890;7.43;0.45;235.62;3.99;889;8;960.00;10
1992;8;21178372;1992;299;2882;2890;7.47;0.45;235.73;3.99;890;8;961.00;8
1992;8;21178382;1992;300;2883;2890;7.53;0.46;235.73;3.99;891;8;962.00;7
1995;8;21178391;1995;302;2885;2891;7.61;0.46;235.70;3.98;890;8;963.00;6
1997;8;21178401;1997;307;2885;2891;7.63;0.46;235.81;3.98;888;8;964.00;6
1999;8;21178411;1999;297;2889;2895;7.70;0.47;235.88;3.98;890;8;965.00;6
1999;8;21178422;1999;292;2889;2895;7.68;0.47;235.88;3.98;890;8;966.00;6
2000;8;21178432;2000;287;2892;2899;7.68;0.47;235.88;3.98;892;8;967.00;7
2001;8;21178442;2001;287;2892;2899;7.65;0.46;235.80;3.98;891;8;968.00;7
2004;8;21178452;2004;283;2892;2899;7.62;0.46;235.83;3.98;888;8;969.00;7
2006;8;21178462;2006;282;2892;2899;7.56;0.46;235.99;3.98;886;8;970.00;7
2008;8;21178472;2008;283;2892;2899;7.52;0.46;236.07;3.98;884;8;971.00;7
2009;8;21178482;2009;284;2902;2911;7.56;0.46;236.08;3.96;893;8;972.00;9
2012;8;21178492;2012;286;2902;2911;7.60;0.46;236.31;3.96;890;8;973.00;9
2012;8;21178503;2012;285;2903;2911;7.62;0.46;236.31;3.96;891;8;974.00;8
2015;8;21178512;2015;279;2903;2911;7.60;0.46;236.23;3.96;888;8;975.00;8
2018;8;21178521;2018;277;2903;2911;7.59;0.46;236.18;3.96;885;8;976.00;8
2021;8;21178531;2021;280;2903;2911;7.59;0.46;236.30;3.96;882;8;977.00;8
2024;8;21178541;2024;284;2903;2912;7.52;0.46;236.21;3.96;879;8;978.00;9
2025;8;21178550;2025;283;2903;2912;7.41;0.45;236.22;3.96;878;8;979.00;9
2028;8;21178559;2028;279;2909;2918;7.30;0.44;236.27;3.97;881;8;980.00;9
2031;8;21178574;2031;280;2911;2919;7.16;0.43;236.39;3.98;880;8;981.00;8
2034;8;21178584;2034;273;2911;2919;7.09;0.43;236.27;3.98;877;8;982.00;8
2036;8;21178594;2036;269;2911;2919;7.00;0.42;236.33;3.98;875;8;983.00;8
2038;8;21178609;2038;269;2913;2923;6.96;0.42;236.38;3.97;875;8;984.00;10
2038;8;21178620;2038;274;2913;2923;7.01;0.43;236.38;3.97;875;8;985.00;10
2040;8;21178630;2040;274;2914;2923;7.08;0.43;236.23;3.98;874;8;986.00;9
2042;8;21178639;2042;280;2915;2924;7.16;0.43;236.17;3.98;873;8;987.00;9
2043;8;21178649;2043;280;2918;2928;7.21;0.44;236.19;3.98;875;8;988.00;10
2045;8;21178659;2045;278;2918;2928;7.25;0.44;236.15;3.98;873;8;989.00;10
2047;8;21178669;2047;279;2922;2934;7.35;0.45;236.13;3.97;875;8;990.00;12
2049;8;21178679;2049;275;2923;2934;7.39;0.45;235.96;3.97;874;8;991.00;11
2054;8;21178689;2054;271;2924;2934;7.37;0.45;235.76;3.97;870;8;992.00;10
2057;8;21178698;2057;270;2924;2934;7.41;0.45;235.65;3.97;867;8;993.00;10
2059;8;21178707;2059;274;2929;2938;7.43;0.45;235.46;3.97;870;8;994.00;9
2063;8;21178717;2063;278;2929;2938;7.43;0.45;235.40;3.97;866;8;995.00;9
2064;8;21178726;2064;272;2929;2938;7.44;0.45;235.33;3.97;865;8;996.00;9
2067;8;21178736;2067;270;2929;2938;7.42;0.45;235.46;3.97;862;8;997.00;9
2070;8;21178748;2070;270;2929;2939;7.37;0.45;235.32;3.97;859;8;998.00;10
2071;8;21178757;2071;272;2930;2940;7.35;0.45;235.34;3.97;859;8;999.00;10
2072;8;21178767;2072;271;2930;2940;7.31;0.44;235.27;3.97;858;8;1000.00;10
2073;8;21178780;2073;271;2931;2941;7.30;0.44;235.22;3.96;858;8;1001.00;10
2073;8;21178790;2073;279;2931;2941;7.26;0.44;235.22;3.96;858;8;1002.00;10
2073;8;21178799;2073;284;2931;2941;7.23;0.44;235.22;3.96;858;8;1003.00;10
2075;8;21178808;2075;291;2932;2941;7.20;0.44;235.24;3.98;857;8;1004.00;9
2076;8;21178817;2076;293;2933;2941;7.18;0.44;235.26;3.99;857;8;1005.00;8
2077;8;21178826;2077;301;2933;2941;7.15;0.44;235.21;3.99;856;8;1006.00;8
2078;8;21178835;2078;303;2934;2941;7.09;0.43;235.20;4.00;856;8;1007.00;7
2079;8;21178845;2079;328;2999;3068;7.25;0.45;235.24;3.92;920;8;1008.00;69
2080;9;21178864;2080;309;3002;3069;7.25;0.45;235.40;3.91;922;9;1009.00;67
2082;9;21178885;2082;297;3013;3069;7.31;0.45;235.34;3.92;931;9;1010.00;56
2082;9;21178895;2082;289;3017;3069;7.26;0.45;235.34;3.92;935;9;1011.00;52
2083;9;21178905;2083;285;3023;3069;7.32;0.46;235.34;3.92;940;9;1012.00;46
2085;9;21178914;2085;285;3027;3069;7.30;0.46;235.26;3.94;942;9;1013.00;42
2086;9;21178924;2086;283;3029;3069;7.29;0.45;235.24;3.94;943;9;1014.00;40
2087;10;21178935;2087;283;3032;3069;7.36;0.46;235.32;3.95;945;10;1015.00;37
2089;10;21178959;2089;282;3036;3070;7.45;0.46;235.33;3.98;947;10;1016.00;34
2092;10;21178971;2092;283;3040;3071;7.48;0.46;235.58;3.99;948;10;1017.00;31
2093;10;21178987;2093;280;3044;3071;7.50;0.46;235.57;4.00;951;10;1018.00;27
2096;10;21178998;2096;291;3046;3072;7.45;0.46;235.58;4.01;950;10;1019.00;26
2099;10;21179010;2099;290;3050;3072;7.40;0.46;235.61;4.02;951;10;1020.00;22
2102;10;21179026;2102;291;3051;3072;7.30;0.45;235.52;4.02;949;10;1021.00;21
2104;10;21179038;2104;290;3054;3072;7.20;0.45;235.57;4.03;950;10;1022.00;18
2106;10;21179048;2106;301;3059;3076;7.09;0.44;235.46;4.04;953;10;1023.00;17
2107;10;21179059;2107;300;3062;3076;6.95;0.43;235.49;4.05;955;10;1024.00;14
2111;10;21179074;2111;306;3067;3076;6.82;0.42;235.32;4.07;956;10;1025.00;9
2113;10;21179086;2113;302;3070;3079;6.72;0.41;235.24;4.08;957;10;1026.00;9
2114;10;21179097;2114;307;3072;3079;6.70;0.41;235.34;4.09;958;10;1027.00;7
2114;10;21179108;2114;306;3073;3079;6.72;0.42;235.34;4.09;959;10;1028.00;6
2115;10;21179118;2115;307;3079;3083;6.72;0.41;235.30;4.09;964;10;1029.00;4
2120;10;21179129;2120;311;3080;3084;6.67;0.41;235.18;4.09;960;10;1030.00;4
2121;10;21179145;2121;316;3082;3084;6.66;0.41;235.14;4.09;961;10;1031.00;2
2125;10;21179158;2125;313;3087;3088;6.67;0.41;235.23;4.09;962;10;1032.00;1
2127;10;21179172;2127;311;3088;3088;6.67;0.41;235.23;4.09;961;10;1033.00;0
2131;10;21179183;2131;311;3088;3088;6.65;0.41;235.35;4.09;957;10;1034.00;0
2135;10;21179194;2135;307;3090;3090;6.59;0.40;235.27;4.09;955;10;1035.00;0
2139;10;21179204;2139;308;3090;3090;6.53;0.40;235.25;4.09;951;10;1036.00;0
2145;10;21179214;2145;309;3096;3096;6.47;0.40;235.40;4.08;951;10;1037.00;0
2149;10;21179225;2149;316;3096;3096;6.43;0.39;235.51;4.08;947;10;1038.00;0
2156;10;21179235;2156;314;3097;3097;6.32;0.38;235.67;4.08;941;10;1039.00;0
2158;10;21179245;2158;308;3097;3097;6.27;0.38;235.88;4.08;939;10;1040.00;0
2161;10;21179255;2161;306;3097;3097;6.17;0.38;235.98;4.08;936;10;1041.00;0
2162;10;21179264;2162;308;3097;3097;6.13;0.37;236.12;4.08;935;10;1042.00;0
2165;10;21179274;2165;312;3097;3097;6.12;0.37;236.22;4.08;932;10;1043.00;0
2168;10;21179283;2168;314;3109;3109;6.09;0.37;236.36;4.06;941;10;1044.00;0
2171;10;21179293;2171;318;3109;3109;6.08;0.37;236.26;4.06;938;10;1045.00;0
2175;10;21179302;2175;315;3109;3109;6.05;0.37;236.35;4.06;934;10;1046.00;0
2177;10;21179312;2177;314;3109;3109;6.08;0.37;236.50;4.06;932;10;1047.00;0
2180;10;21179321;2180;313;3109;3109;6.04;0.37;236.60;4.06;929;10;1048.00;0
2181;10;21179331;2181;317;3109;3109;5.98;0.37;236.64;4.06;928;10;1049.00;0
2184;10;21179341;2184;305;3115;3115;5.92;0.36;236.76;4.06;931;10;1050.00;0
2186;10;21179351;2186;289;3115;3115;5.95;0.37;236.85;4.06;929;10;1051.00;0
2190;10;21179361;2190;284;3119;3119;6.05;0.37;237.09;4.05;929;10;1052.00;0
2195;10;21179370;2195;277;3120;3120;6.11;0.37;237.19;4.05;925;10;1053.00;0
2198;10;21179380;2198;275;3120;3120;6.18;0.38;237.29;4.05;922;10;1054.00;0
2201;10;21179389;2201;272;3120;3120;6.26;0.38;237.42;4.05;919;10;1055.00;0
2204;10;21179399;2204;273;3132;3133;6.31;0.38;237.55;4.04;928;10;1056.00;1
2208;10;21179409;2208;259;3132;3133;6.42;0.39;237.92;4.04;924;10;1057.00;1
2210;10;21179420;2210;252;3133;3133;6.58;0.40;238.11;4.04;923;10;1058.00;0
2212;10;21179430;2212;248;3134;3134;6.72;0.41;238.43;4.04;922;10;1059.00;0
2217;10;21179440;2217;244;3135;3135;6.83;0.42;238.70;4.03;918;10;1060.00;0
2221;10;21179450;2221;234;3135;3135;6.93;0.42;239.05;4.03;914;10;1061.00;0
2226;10;21179460;2226;231;3137;3138;7.01;0.43;239.46;4.03;911;10;1062.00;1
2233;10;21179471;2233;230;3137;3138;7.04;0.43;239.88;4.03;904;10;1063.00;1
2238;10;21179482;2238;225;3138;3138;7.12;0.43;240.01;4.03;900;10;1064.00;0
2242;10;21179493;2242;225;3138;3138;7.21;0.44;240.14;4.03;896;10;1065.00;0
2247;10;21179503;2247;223;3143;3144;7.31;0.44;240.21;4.03;896;10;1066.00;1
2253;10;21179514;2253;228;3144;3144;7.32;0.45;240.45;4.03;891;10;1067.00;0
2256;10;21179524;2256;230;3144;3144;7.35;0.45;240.53;4.03;888;10;1068.00;0
2260;10;21179535;2260;233;3144;3144;7.43;0.45;240.79;4.03;884;10;1069.00;0
2267;10;21179545;2267;230;3148;3148;7.42;0.45;241.14;4.02;881;10;1070.00;0
2268;10;21179556;2268;234;3149;3149;7.51;0.46;241.09;4.02;881;10;1071.00;0
2274;10;21179566;2274;232;3149;3149;7.52;0.46;241.62;4.02;875;10;1072.00;0
2281;10;21179577;2281;231;3150;3150;7.52;0.46;242.15;4.02;869;10;1073.00;0
2283;10;21179588;2283;229;3150;3150;7.51;0.46;242.07;4.02;867;10;1074.00;0
2288;10;21179598;2288;231;3150;3150;7.47;0.46;242.09;4.02;862;10;1075.00;0
2295;10;21179609;2295;237;3150;3150;7.49;0.46;242.31;4.02;855;10;1076.00;0
2299;10;21179619;2299;237;3150;3150;7.51;0.46;242.27;4.02;851;10;1077.00;0
2303;11;21179629;2303;239;3150;3150;7.53;0.46;242.75;4.02;847;11;1078.00;0
2308;11;21179647;2308;242;3150;3150;7.61;0.46;242.86;4.02;842;11;1079.00;0
2311;11;21179660;2311;281;3236;3275;7.61;0.47;242.95;3.91;925;11;1080.00;39
2317;11;21179681;2317;273;3240;3276;7.64;0.47;243.20;3.91;923;11;1081.00;36
2322;11;21179692;2322;262;3247;3276;7.73;0.48;243.36;3.91;925;11;1082.00;29
2325;11;21179704;2325;264;3250;3276;7.82;0.48;243.28;3.90;925;11;1083.00;26
2329;11;21179715;2329;264;3254;3276;7.84;0.48;243.51;3.90;925;11;1084.00;22
2332;11;21179726;2332;261;3255;3276;7.86;0.48;243.68;3.91;923;11;1085.00;21
2336;11;21179737;2336;265;3259;3276;7.88;0.48;243.96;3.91;923;11;1086.00;17
2339;12;21179750;2339;268;3262;3276;7.85;0.48;244.12;3.91;923;12;1087.00;14
2341;12;21179773;2341;270;3268;3277;7.82;0.48;244.41;3.92;927;12;1088.00;9
2343;12;21179784;2343;276;3270;3278;7.80;0.48;244.33;3.92;927;12;1089.00;8
2344;12;21179795;2344;278;3273;3278;7.74;0.47;244.38;3.92;929;12;1090.00;5
2352;12;21179815;2352;285;3277;3282;7.58;0.46;245.03;3.92;925;12;1091.00;5
2352;12;21179827;2352;293;3278;3282;7.50;0.46;245.03;3.93;926;12;1092.00;4
2354;12;21179843;2354;294;3279;3282;7.36;0.45;245.15;3.93;925;12;1093.00;3
2357;12;21179854;2357;301;3279;3282;7.23;0.44;245.15;3.93;922;12;1094.00;3
2360;12;21179865;2360;311;3285;3288;7.03;0.43;245.33;3.92;925;12;1095.00;3
2360;12;21179876;2360;319;3285;3288;6.98;0.43;245.33;3.92;925;12;1096.00;3
2362;12;21179887;2362;310;3285;3288;6.93;0.42;245.44;3.92;923;12;1097.00;3
2363;12;21179898;2363;301;3288;3291;6.89;0.42;245.41;3.92;925;12;1098.00;3
2368;12;21179910;2368;299;3288;3291;6.92;0.42;245.84;3.92;920;12;1099.00;3
2369;12;21179922;2369;294;3288;3291;7.02;0.43;245.96;3.92;919;12;1100.00;3
2374;12;21179937;2374;297;3289;3292;7.08;0.43;246.24;3.92;915;12;1101.00;3
2377;12;21179949;2377;299;3290;3293;7.17;0.44;246.39;3.92;913;12;1102.00;3
2381;12;21179960;2381;302;3290;3293;7.18;0.44;246.48;3.92;909;12;1103.00;3
2382;12;21179971;2382;306;3302;3306;7.26;0.44;246.46;3.90;920;12;1104.00;4
2386;12;21179983;2386;306;3302;3306;7.23;0.44;246.75;3.90;916;12;1105.00;4
2386;12;21179994;2386;297;3302;3306;7.28;0.44;246.75;3.90;916;12;1106.00;4
2389;12;21180005;2389;294;3303;3307;7.29;0.44;247.01;3.90;914;12;1107.00;4
2392;12;21180017;2392;299;3303;3307;7.30;0.44;247.06;3.90;911;12;1108.00;4
2394;12;21180029;2394;291;3307;3311;7.34;0.45;247.25;3.90;913;12;1109.00;4
2396;12;21180044;2396;287;3307;3311;7.39;0.45;247.45;3.90;911;12;1110.00;4
2399;12;21180055;2399;284;3310;3315;7.37;0.45;247.72;3.90;911;12;1111.00;5
2401;12;21180067;2401;286;3311;3315;7.44;0.45;247.74;3.91;910;12;1112.00;4
2403;12;21180085;2403;291;3311;3315;7.47;0.46;247.86;3.91;908;12;1113.00;4
2407;12;21180096;2407;286;3311;3315;7.47;0.46;247.99;3.91;904;12;1114.00;4
2410;12;21180108;2410;284;3311;3315;7.53;0.46;248.17;3.91;901;12;1115.00;4
2414;12;21180121;2414;283;3321;3327;7.60;0.46;248.45;3.91;907;12;1116.00;6
2417;12;21180134;2417;282;3321;3327;7.65;0.47;248.40;3.91;904;12;1117.00;6
2418;12;21180146;2418;281;3324;3327;7.69;0.47;248.35;3.91;906;12;1118.00;3
2419;12;21180157;2419;277;3324;3327;7.68;0.47;248.36;3.91;905;12;1119.00;3
2420;12;21180171;2420;280;3324;3327;7.73;0.47;248.42;3.91;904;12;1120.00;3
2424;12;21180182;2424;274;3324;3327;7.75;0.47;248.48;3.91;900;12;1121.00;3
2426;12;21180194;2426;274;3324;3328;7.80;0.47;248.86;3.91;898;12;1122.00;4
2428;12;21180206;2428;272;3324;3328;7.87;0.48;248.91;3.91;896;12;1123.00;4
2431;12;21180217;2431;266;3329;3334;7.88;0.48;248.87;3.90;898;12;1124.00;5
2433;12;21180235;2433;259;3331;3336;7.87;0.48;248.97;3.90;898;12;1125.00;5
2435;12;21180246;2435;257;3331;3336;7.75;0.47;249.09;3.90;896;12;1126.00;5
2437;12;21180257;2437;262;3331;3336;7.70;0.47;249.18;3.90;894;12;1127.00;5
2439;12;21180271;2439;262;3334;3340;7.68;0.47;249.37;3.90;895;12;1128.00;6
2444;12;21180282;2444;267;3334;3340;7.59;0.46;249.53;3.90;890;12;1129.00;6
2445;12;21180294;2445;276;3334;3340;7.56;0.46;249.48;3.90;889;12;1130.00;6
2446;12;21180304;2446;275;3335;3341;7.51;0.46;249.50;3.90;889;12;1131.00;6
2447;12;21180315;2447;278;3338;3345;7.42;0.45;249.53;3.89;891;12;1132.00;7
2448;12;21180326;2448;287;3338;3345;7.36;0.45;249.65;3.89;890;12;1133.00;7
2450;12;21180336;2450;289;3340;3348;7.34;0.45;249.69;3.89;890;12;1134.00;8
2452;12;21180346;2452;294;3340;3348;7.30;0.44;249.71;3.89;888;12;1135.00;8
2453;12;21180356;2453;295;3341;3348;7.31;0.45;249.74;3.89;888;12;1136.00;7
2454;12;21180367;2454;303;3341;3348;7.25;0.44;249.70;3.89;887;12;1137.00;7
2456;12;21180377;2456;303;3345;3352;7.24;0.44;249.74;3.89;889;12;1138.00;7
2458;12;21180388;2458;306;3345;3352;7.22;0.44;249.82;3.89;887;12;1139.00;7
2460;12;21180400;2460;299;3345;3352;7.26;0.44;249.78;3.89;885;12;1140.00;7
2463;12;21180411;2463;297;3345;3352;7.26;0.44;249.91;3.89;882;12;1141.00;7
2464;12;21180423;2464;297;3345;3353;7.29;0.45;249.82;3.89;881;12;1142.00;8
2467;12;21180434;2467;293;3346;3354;7.30;0.44;249.77;3.89;879;12;1143.00;8
2470;12;21180445;2470;289;3346;3354;7.28;0.44;249.76;3.89;876;12;1144.00;8
2473;12;21180455;2473;288;3347;3355;7.31;0.44;249.83;3.89;874;12;1145.00;8
2475;12;21180466;2475;284;3347;3355;7.31;0.44;249.81;3.89;872;12;1146.00;8
2478;12;21180477;2478;284;3347;3355;7.38;0.45;249.67;3.89;869;12;1147.00;8
2480;12;21180487;2480;280;3347;3355;7.44;0.45;249.62;3.89;867;12;1148.00;8
2485;12;21180497;2485;281;3347;3355;7.43;0.45;249.38;3.89;862;12;1149.00;8
2485;12;21180507;2485;285;3347;3355;7.45;0.45;249.38;3.89;862;12;1150.00;8
2487;12;21180519;2487;288;3347;3355;7.37;0.45;249.44;3.89;860;12;1151.00;8
2491;12;21180530;2491;308;3414;3482;7.29;0.45;249.42;3.81;923;12;1152.00;68
2493;12;21180551;2493;302;3414;3483;7.22;0.45;249.32;3.81;921;12;1153.00;69
2498;12;21180561;2498;288;3419;3483;7.26;0.45;249.29;3.81;921;12;1154.00;64
2501;12;21180572;2501;290;3421;3483;7.24;0.45;249.26;3.83;920;12;1155.00;62
2501;12;21180585;2501;278;3427;3483;7.34;0.45;249.26;3.83;926;12;1156.00;56
2502;12;21180596;2502;280;3429;3483;7.35;0.45;249.23;3.83;927;12;1157.00;54
2505;12;21180614;2505;280;3436;3483;7.37;0.45;249.33;3.84;931;12;1158.00;47
2508;12;21180625;2508;277;3437;3483;7.33;0.45;249.24;3.84;929;12;1159.00;46
2509;12;21180635;2509;275;3440;3484;7.40;0.45;249.22;3.84;931;12;1160.00;44
2510;12;21180646;2510;275;3442;3485;7.41;0.45;249.21;3.85;932;12;1161.00;43
2511;12;21180659;2511;270;3445;3485;7.41;0.45;249.23;3.85;934;12;1162.00;40
2513;12;21180669;2513;264;3448;3486;7.39;0.45;249.18;3.86;935;12;1163.00;38
2514;12;21180680;2514;265;3451;3486;7.39;0.45;249.18;3.87;937;12;1164.00;35
2515;12;21180690;2515;261;3456;3486;7.34;0.45;249.23;3.88;941;12;1165.00;30
2516;12;21180701;2516;243;3458;3486;7.29;0.45;249.19;3.88;942;12;1166.00;28
2517;12;21180717;2517;228;3462;3490;7.27;0.45;249.16;3.89;945;12;1167.00;28
2517;12;21180727;2517;230;3462;3490;7.29;0.45;249.16;3.89;945;12;1168.00;28
2522;12;21180738;2522;228;3465;3490;7.27;0.44;249.24;3.89;943;12;1169.00;25
2524;12;21180750;2524;222;3469;3496;7.36;0.45;249.33;3.90;945;12;1170.00;27
2526;12;21180762;2526;223;3470;3496;7.40;0.45;249.28;3.90;944;12;1171.00;26
2528;13;21180773;2528;217;3473;3496;7.44;0.45;249.27;3.91;945;13;1172.00;23
2528;13;21180801;2528;223;3477;3500;7.55;0.46;249.27;3.91;949;13;1173.00;23
2529;14;21180813;2529;220;3478;3501;7.63;0.47;249.18;3.91;949;14;1174.00;23
2531;14;21180835;2531;216;3480;3501;7.70;0.47;249.08;3.91;949;14;1175.00;21
2532;14;21180846;2532;222;3485;3505;7.77;0.48;249.02;3.92;953;14;1176.00;20
2532;14;21180863;2532;223;3485;3505;7.84;0.48;249.02;3.92;953;14;1177.00;20
2533;14;21180875;2533;229;3485;3505;7.88;0.48;248.93;3.92;952;14;1178.00;20
2534;14;21180886;2534;231;3487;3506;7.96;0.49;248.91;3.92;953;14;1179.00;19
2536;14;21180897;2536;236;3489;3506;7.92;0.49;248.73;3.95;953;14;1180.00;17
2539;14;21180909;2539;240;3495;3512;7.93;0.49;248.88;3.96;956;14;1181.00;17
2541;14;21180921;2541;239;3495;3512;7.90;0.48;248.84;3.96;954;14;1182.00;17
2541;14;21180933;2541;239;3498;3513;7.89;0.48;248.84;3.99;957;14;1183.00;15
2542;14;21180944;2542;244;3498;3513;7.85;0.48;248.85;3.99;956;14;1184.00;15
2545;14;21180955;2545;248;3499;3513;7.85;0.48;248.84;4.00;954;14;1185.00;14
2545;14;21180966;2545;247;3500;3513;7.84;0.48;248.84;4.01;955;14;1186.00;13
2552;14;21180977;2552;253;3501;3513;7.77;0.48;248.71;4.02;949;14;1187.00;12
2553;14;21180988;2553;250;3513;3525;7.82;0.48;248.74;4.03;960;14;1188.00;12
2559;14;21181000;2559;254;3513;3525;7.79;0.48;248.63;4.03;954;14;1189.00;12
2560;14;21181011;2560;251;3516;3525;7.79;0.48;248.60;4.04;956;14;1190.00;9
2565;14;21181022;2565;252;3516;3525;7.81;0.48;248.44;4.04;951;14;1191.00;9
2568;14;21181033;2568;256;3518;3525;7.83;0.48;248.52;4.06;950;14;1192.00;7
2570;14;21181045;2570;255;3518;3525;7.78;0.48;248.44;4.06;948;14;1193.00;7
2574;14;21181056;2574;258;3523;3529;7.71;0.47;248.50;4.08;949;14;1194.00;6
2576;14;21181067;2576;258;3523;3529;7.74;0.47;248.58;4.08;947;14;1195.00;6
2579;14;21181077;2579;263;3528;3533;7.78;0.47;248.74;4.09;949;14;1196.00;5
2580;14;21181089;2580;262;3532;3534;7.81;0.48;248.70;4.10;952;14;1197.00;2
2583;15;21181100;2583;270;3532;3534;7.81;0.48;248.68;4.10;949;15;1198.00;2
2585;15;21181122;2585;264;3532;3534;7.74;0.47;248.81;4.10;947;15;1199.00;2
2591;15;21181142;2591;259;3557;3575;7.67;0.47;248.88;4.08;966;15;1200.00;18
2592;15;21181163;2592;248;3561;3575;7.71;0.47;248.92;4.07;969;15;1201.00;14
2594;15;21181177;2594;252;3562;3575;7.77;0.48;249.03;4.07;968;15;1202.00;13
2596;15;21181188;2596;250;3565;3576;7.81;0.48;249.15;4.07;969;15;1203.00;11
2599;15;21181200;2599;251;3567;3577;7.77;0.48;249.40;4.07;968;15;1204.00;10
2601;15;21181212;2601;253;3569;3577;7.74;0.48;249.56;4.07;968;15;1205.00;8
2604;15;21181223;2604;247;3573;3580;7.76;0.48;249.80;4.07;969;15;1206.00;7
2605;15;21181235;2605;244;3573;3580;7.75;0.48;249.91;4.07;968;15;1207.00;7
2610;15;21181246;2610;247;3573;3580;7.74;0.47;249.94;4.07;963;15;1208.00;7
2617;15;21181258;2617;248;3574;3580;7.74;0.47;249.93;4.07;957;15;1209.00;6
2619;15;21181270;2619;249;3581;3586;7.87;0.48;250.05;4.07;962;15;1210.00;5
2623;15;21181283;2623;248;3582;3586;7.83;0.48;250.18;4.07;959;15;1211.00;4
2628;15;21181302;2628;249;3582;3586;7.88;0.48;250.47;4.07;954;15;1212.00;4
2629;15;21181314;2629;254;3582;3586;7.91;0.48;250.58;4.07;953;15;1213.00;4
2633;15;21181326;2633;255;3586;3590;7.85;0.48;250.55;4.07;953;15;1214.00;4
2634;15;21181337;2634;263;3589;3592;7.80;0.48;250.64;4.07;955;15;1215.00;3
2641;15;21181349;2641;264;3589;3592;7.71;0.47;250.89;4.07;948;15;1216.00;3
2644;15;21181360;2644;264;3590;3593;7.64;0.47;251.06;4.07;946;15;1217.00;3
2647;15;21181371;2647;273;3590;3593;7.60;0.46;251.12;4.07;943;15;1218.00;3
2655;15;21181382;2655;274;3590;3593;7.56;0.46;251.28;4.07;935;15;1219.00;3
2658;15;21181395;2658;278;3590;3593;7.61;0.47;251.62;4.07;932;15;1220.00;3
2661;15;21181407;2661;282;3591;3593;7.58;0.47;251.54;4.07;930;15;1221.00;2
2665;15;21181417;2665;284;3591;3593;7.55;0.46;251.80;4.07;926;15;1222.00;2
2670;15;21181429;2670;292;3591;3593;7.44;0.46;251.96;4.07;921;15;1223.00;2
2673;15;21181439;2673;303;3634;3663;7.42;0.46;252.06;4.02;961;15;1224.00;29
2682;15;21181454;2682;295;3638;3664;7.31;0.45;252.38;4.02;956;15;1225.00;26
2688;15;21181467;2688;286;3644;3664;7.24;0.44;252.71;4.02;956;15;1226.00;20
2691;15;21181478;2691;284;3645;3664;7.23;0.44;252.97;4.02;954;15;1227.00;19
2694;15;21181488;2694;280;3649;3666;7.17;0.44;253.15;4.02;955;15;1228.00;17
2697;15;21181499;2697;280;3652;3666;7.23;0.44;253.07;4.02;955;15;1229.00;14
2702;15;21181515;2702;283;3654;3666;7.21;0.44;253.27;4.02;952;15;1230.00;12
2703;15;21181526;2703;282;3655;3666;7.22;0.44;253.20;4.02;952;15;1231.00;11
2706;15;21181537;2706;282;3657;3667;7.21;0.44;253.38;4.03;951;15;1232.00;10
2710;15;21181547;2710;277;3661;3668;7.19;0.44;253.46;4.03;951;15;1233.00;7
2716;15;21181558;2716;277;3662;3668;7.12;0.44;253.87;4.04;946;15;1234.00;6
2717;15;21181569;2717;283;3667;3672;7.08;0.43;253.83;4.04;950;15;1235.00;5
2722;15;21181580;2722;289;3668;3672;7.03;0.43;254.00;4.04;946;15;1236.00;4
2726;15;21181591;2726;286;3669;3672;6.97;0.43;254.24;4.04;943;15;1237.00;3
2728;15;21181601;2728;289;3670;3672;6.86;0.42;254.32;4.04;942;15;1238.00;2
2730;15;21181612;2730;286;3677;3678;6.85;0.42;254.47;4.04;947;15;1239.00;1
2735;15;21181623;2735;287;3678;3678;6.79;0.42;254.70;4.04;943;15;1240.00;0
2739;15;21181633;2739;292;3678;3678;6.74;0.41;254.64;4.04;939;15;1241.00;0
2743;15;21181643;2743;290;3680;3681;6.76;0.41;254.85;4.04;937;15;1242.00;1
2747;15;21181653;2747;289;3680;3681;6.77;0.41;254.90;4.04;933;15;1243.00;1
2752;15;21181663;2752;287;3681;3681;6.80;0.41;254.89;4.04;929;15;1244.00;0
2757;15;21181674;2757;289;3682;3682;6.77;0.41;254.95;4.04;925;15;1245.00;0
2762;15;21181684;2762;290;3683;3683;6.73;0.41;255.32;4.04;921;15;1246.00;0
2765;15;21181695;2765;299;3683;3683;6.71;0.41;255.43;4.04;918;15;1247.00;0
2770;15;21181705;2770;297;3696;3696;6.76;0.41;255.57;4.02;926;15;1248.00;0
2774;15;21181722;2774;304;3696;3696;6.77;0.41;255.74;4.02;922;15;1249.00;0
2779;15;21181732;2779;301;3696;3696;6.78;0.41;255.93;4.02;917;15;1250.00;0
2783;15;21181743;2783;302;3697;3697;6.79;0.41;255.98;4.02;914;15;1251.00;0
2790;15;21181753;2790;304;3697;3697;6.78;0.41;256.09;4.02;907;15;1252.00;0
2793;15;21181763;2793;304;3701;3701;6.76;0.41;256.45;4.02;908;15;1253.00;0
2797;15;21181774;2797;310;3701;3701;6.79;0.41;256.62;4.02;904;15;1254.00;0
2801;15;21181785;2801;308;3705;3705;6.85;0.42;257.05;4.01;904;15;1255.00;0
2804;15;21181802;2804;307;3705;3705;6.91;0.42;257.24;4.01;901;15;1256.00;0
2808;15;21181813;2808;308;3705;3705;6.89;0.42;257.23;4.01;897;15;1257.00;0
2812;15;21181822;2812;309;3705;3705;6.88;0.42;257.29;4.01;893;15;1258.00;0
2814;15;21181833;2814;313;3705;3705;6.92;0.42;257.33;4.01;891;15;1259.00;0
2823;15;21181845;2823;318;3736;3739;6.97;0.43;257.58;3.98;913;15;1260.00;3
2825;15;21181859;2825;316;3736;3739;6.92;0.42;257.75;3.98;911;15;1261.00;3
2827;15;21181870;2827;321;3738;3739;6.90;0.42;257.88;3.98;911;15;1262.00;1
2830;15;21181881;2830;325;3738;3739;6.83;0.42;257.98;3.98;908;15;1263.00;1
2833;15;21181891;2833;330;3739;3739;6.74;0.41;258.21;3.98;906;15;1264.00;0
2834;15;21181902;2834;334;3739;3739;6.67;0.41;258.25;3.98;905;15;1265.00;0
2841;15;21181911;2841;343;3740;3740;6.49;0.40;258.45;3.98;899;15;1266.00;0
2841;15;21181922;2841;346;3740;3740;6.43;0.39;258.45;3.98;899;15;1267.00;0
2845;15;21181932;2845;352;3745;3746;6.35;0.39;258.45;3.98;900;15;1268.00;1
2847;15;21181943;2847;358;3746;3747;6.32;0.39;258.49;3.97;899;15;1269.00;1
2848;15;21181954;2848;366;3746;3747;6.24;0.38;258.54;3.97;898;15;1270.00;1
2850;15;21181964;2850;372;3746;3747;6.22;0.38;258.65;3.97;896;15;1271.00;1
2854;15;21181974;2854;365;3750;3751;6.21;0.38;258.85;3.97;896;15;1272.00;1
2854;15;21181985;2854;364;3750;3751;6.24;0.38;258.85;3.97;896;15;1273.00;1
2857;15;21181995;2857;357;3750;3751;6.25;0.38;258.99;3.97;893;15;1274.00;1
2862;15;21182005;2862;357;3751;3752;6.31;0.39;258.93;3.97;889;15;1275.00;1
2864;15;21182016;2864;352;3754;3756;6.31;0.39;258.91;3.97;890;15;1276.00;2
2868;15;21182026;2868;350;3754;3756;6.35;0.39;259.05;3.97;886;15;1277.00;2
2873;15;21182037;2873;350;3756;3759;6.39;0.39;259.04;3.97;883;15;1278.00;3
2874;15;21182048;2874;352;3756;3759;6.47;0.39;259.08;3.97;882;15;1279.00;3
2877;15;21182059;2877;350;3757;3759;6.57;0.40;259.37;3.96;880;15;1280.00;2
2881;15;21182076;2881;340;3757;3759;6.69;0.41;259.73;3.96;876;15;1281.00;2
2884;15;21182087;2884;336;3761;3763;6.83;0.42;259.63;3.96;877;15;1282.00;2
2888;15;21182100;2888;329;3761;3763;6.90;0.42;259.65;3.96;873;15;1283.00;2
2890;15;21182112;2890;324;3761;3763;6.97;0.42;259.69;3.96;871;15;1284.00;2
2894;15;21182131;2894;316;3761;3763;7.05;0.43;259.81;3.96;867;15;1285.00;2
2897;15;21182145;2897;312;3761;3764;7.08;0.43;259.91;3.96;864;15;1286.00;3
2898;15;21182161;2898;307;3762;3765;7.13;0.43;259.94;3.96;864;15;1287.00;3
2899;15;21182174;2899;306;3762;3765;7.18;0.44;259.98;3.96;863;15;1288.00;3
2902;15;21182188;2902;307;3763;3766;7.24;0.44;259.98;3.96;861;15;1289.00;3
2903;15;21182204;2903;308;3763;3766;7.30;0.44;259.99;3.96;860;15;1290.00;3
2906;15;21182219;2906;309;3763;3766;7.36;0.45;259.92;3.96;857;15;1291.00;3
2906;15;21182233;2906;306;3763;3766;7.47;0.45;259.92;3.96;857;15;1292.00;3
2909;15;21182253;2909;303;3763;3766;7.53;0.46;260.05;3.96;854;15;1293.00;3
2910;15;21182268;2910;303;3763;3766;7.64;0.46;259.99;3.96;853;15;1294.00;3
2911;15;21182282;2911;301;3763;3766;7.70;0.47;260.05;3.96;852;15;1295.00;3
2912;15;21182304;2912;310;3829;3893;8.03;0.49;260.10;3.89;917;15;1296.00;64
2915;15;21182330;2915;302;3831;3894;8.01;0.49;260.24;3.89;916;15;1297.00;63
2917;15;21182345;2917;294;3840;3894;8.10;0.50;260.21;3.89;923;15;1298.00;54
2919;15;21182359;2919;290;3843;3894;8.07;0.50;260.15;3.89;924;15;1299.00;51
2921;15;21182375;2921;294;3848;3894;8.01;0.49;260.27;3.89;927;15;1300.00;46
2922;15;21182393;2922;297;3850;3894;7.96;0.49;260.23;3.89;928;15;1301.00;44
2925;15;21182406;2925;304;3855;3894;7.86;0.48;260.24;3.89;930;15;1302.00;39
2927;15;21182421;2927;312;3858;3894;7.81;0.48;260.18;3.89;931;15;1303.00;36
2930;15;21182435;2930;316;3860;3895;7.73;0.47;260.03;3.89;930;15;1304.00;35
2933;15;21182450;2933;319;3865;3897;7.57;0.46;260.03;3.90;932;15;1305.00;32
2935;15;21182463;2935;319;3868;3897;7.51;0.46;259.99;3.90;933;15;1306.00;29
2942;16;21182483;2942;327;3870;3898;7.38;0.45;259.97;3.91;928;16;1307.00;28
2943;16;21182517;2943;326;3871;3898;7.30;0.45;260.00;3.91;928;16;1308.00;27
2946;16;21182531;2946;328;3873;3898;7.24;0.44;259.93;3.91;927;16;1309.00;25
2947;16;21182550;2947;329;3875;3898;7.24;0.44;259.88;3.92;928;16;1310.00;23
2949;16;21182562;2949;337;3880;3902;7.29;0.45;260.05;3.93;931;16;1311.00;22
2952;16;21182575;2952;340;3882;3902;7.26;0.44;260.09;3.93;930;16;1312.00;20
2954;16;21182586;2954;345;3883;3902;7.27;0.44;260.09;3.93;929;16;1313.00;19
2955;16;21182598;2955;347;3885;3905;7.28;0.44;260.06;3.93;930;16;1314.00;20
2956;16;21182610;2956;349;3885;3905;7.28;0.44;260.01;3.93;929;16;1315.00;20
2958;16;21182621;2958;346;3888;3905;7.24;0.44;260.04;3.94;930;16;1316.00;17
2959;16;21182634;2959;347;3892;3909;7.18;0.44;260.07;3.94;933;16;1317.00;17
2960;16;21182645;2960;344;3893;3910;7.17;0.44;260.15;3.94;933;16;1318.00;17
2961;16;21182655;2961;339;3895;3910;7.16;0.44;260.13;3.94;934;16;1319.00;15
2965;16;21182667;2965;336;3898;3915;7.16;0.44;260.02;3.94;933;16;1320.00;17
2967;16;21182679;2967;334;3898;3915;7.18;0.44;259.96;3.94;931;16;1321.00;17
2967;16;21182689;2967;334;3899;3915;7.20;0.44;259.96;3.94;932;16;1322.00;16
2970;16;21182699;2970;314;3900;3916;7.20;0.44;260.07;3.94;930;16;1323.00;16
2971;16;21182711;2971;307;3900;3916;7.23;0.44;260.16;3.94;929;16;1324.00;16
2973;16;21182721;2973;301;3904;3922;7.24;0.44;260.20;3.94;931;16;1325.00;18
2976;16;21182733;2976;290;3904;3922;7.21;0.44;260.32;3.94;928;16;1326.00;18
2981;16;21182743;2981;285;3904;3923;7.12;0.43;260.22;3.94;923;16;1327.00;19
2985;16;21182754;2985;282;3904;3923;7.07;0.43;260.17;3.94;919;16;1328.00;19
2987;16;21182765;2987;274;3905;3923;7.08;0.43;260.16;3.95;918;16;1329.00;18
2990;16;21182784;2990;274;3905;3923;7.08;0.43;260.18;3.95;915;16;1330.00;18
2994;16;21182798;2994;270;3906;3923;7.03;0.43;260.10;3.96;912;16;1331.00;17
2996;16;21182810;2996;265;3916;3935;7.07;0.43;260.09;3.95;920;16;1332.00;19
2997;16;21182822;2997;257;3917;3935;7.18;0.44;260.13;3.95;920;16;1333.00;18
2998;16;21182834;2998;252;3917;3935;7.21;0.44;260.15;3.95;919;16;1334.00;18
2999;16;21182847;2999;241;3917;3935;7.31;0.44;260.17;3.95;918;16;1335.00;18
2999;16;21182859;2999;237;3917;3935;7.43;0.45;260.17;3.95;918;16;1336.00;18
3000;16;21182870;3000;232;3917;3935;7.54;0.46;260.18;3.95;917;16;1337.00;18
3002;16;21182883;3002;227;3921;3939;7.65;0.47;260.11;3.96;919;16;1338.00;18
3003;16;21182895;3003;221;3921;3939;7.73;0.47;260.08;3.96;918;16;1339.00;18
3004;16;21182915;3004;213;3924;3943;7.89;0.48;260.04;3.96;920;16;1340.00;19
3006;16;21182928;3006;199;3924;3944;7.96;0.48;260.07;3.96;918;16;1341.00;20
3008;16;21182941;3008;195;3925;3944;8.05;0.49;259.97;3.96;917;16;1342.00;19
3009;16;21182953;3009;192;3925;3944;8.12;0.49;259.90;3.96;916;16;1343.00;19
3010;16;21182965;3010;185;3935;3957;8.19;0.50;259.87;3.95;925;16;1344.00;22
3014;16;21182979;3014;183;3936;3957;8.18;0.50;259.91;3.95;922;16;1345.00;21
3015;16;21182991;3015;176;3936;3957;8.24;0.50;259.88;3.95;921;16;1346.00;21
3017;16;21183003;3017;174;3937;3958;8.28;0.50;259.92;3.95;920;16;1347.00;21
3020;16;21183015;3020;178;3939;3959;8.34;0.51;259.82;3.97;919;16;1348.00;20
3022;16;21183027;3022;174;3939;3959;8.34;0.51;259.85;3.97;917;16;1349.00;20
3023;16;21183041;3023;172;3945;3968;8.39;0.51;259.84;3.96;922;16;1350.00;23
3025;16;21183054;3025;169;3949;3968;8.38;0.51;259.84;3.98;924;16;1351.00;19
3027;16;21183065;3027;171;3950;3968;8.42;0.51;259.92;3.98;923;16;1352.00;18
3030;16;21183076;3030;171;3950;3968;8.44;0.51;260.15;3.98;920;16;1353.00;18
3031;16;21183087;3031;172;3955;3974;8.52;0.52;260.08;3.98;924;16;1354.00;19
3035;16;21183099;3035;174;3957;3974;8.50;0.52;260.13;3.99;922;16;1355.00;17
3036;16;21183110;3036;176;3957;3974;8.50;0.52;260.14;3.99;921;16;1356.00;17
3040;17;21183121;3040;176;3959;3974;8.43;0.51;260.03;4.02;919;17;1357.00;15
3041;17;21183145;3041;182;3963;3978;8.41;0.51;260.16;4.01;922;17;1358.00;15
3046;17;21183156;3046;187;3964;3979;8.40;0.51;259.99;4.01;918;17;1359.00;15
3047;17;21183168;3047;193;3965;3979;8.41;0.51;260.00;4.03;918;17;1360.00;14
3049;17;21183179;3049;192;3966;3980;8.45;0.52;259.94;4.03;917;17;1361.00;14
3052;17;21183190;3052;195;3966;3980;8.43;0.51;260.09;4.03;914;17;1362.00;14
3054;17;21183201;3054;194;3969;3980;8.43;0.51;260.08;4.07;915;17;1363.00;11
3058;17;21183212;3058;202;3969;3980;8.43;0.51;260.19;4.07;911;17;1364.00;11
3062;17;21183225;3062;201;3970;3980;8.42;0.51;260.31;4.09;908;17;1365.00;10
3065;17;21183236;3065;200;3972;3980;8.34;0.51;260.31;4.12;907;17;1366.00;8
3068;17;21183247;3068;200;3972;3980;8.31;0.51;260.29;4.12;904;17;1367.00;8
3073;17;21183257;3073;212;4013;4050;8.35;0.51;260.38;4.10;940;17;1368.00;37
3073;17;21183274;3073;205;4014;4051;8.33;0.51;260.38;4.10;941;17;1369.00;37
3076;17;21183285;3076;204;4021;4051;8.36;0.51;260.47;4.09;945;17;1370.00;30
3079;17;21183296;3079;208;4024;4051;8.31;0.51;260.52;4.10;945;17;1371.00;27
3079;17;21183311;3079;211;4029;4051;8.24;0.51;260.52;4.10;950;17;1372.00;22
3082;17;21183321;3082;215;4033;4051;8.16;0.50;260.58;4.12;951;17;1373.00;18
3084;17;21183332;3084;209;4036;4051;8.12;0.50;260.61;4.12;952;17;1374.00;15
3088;17;21183342;3088;209;4039;4051;8.05;0.49;260.66;4.12;951;17;1375.00;12
3089;18;21183354;3089;207;4041;4052;8.04;0.49;260.69;4.13;952;18;1376.00;11
3092;18;21183382;3092;207;4043;4053;8.05;0.49;260.76;4.13;951;18;1377.00;10
3094;18;21183395;3094;204;4048;4053;8.03;0.49;260.76;4.14;954;18;1378.00;5
3096;18;21183406;3096;208;4053;4057;8.04;0.49;260.75;4.15;957;18;1379.00;4
3100;18;21183436;3100;207;4055;4057;8.03;0.49;260.90;4.15;955;18;1380.00;2
3106;18;21183460;3106;208;4056;4057;8.01;0.49;261.13;4.15;950;18;1381.00;1
3110;18;21183487;3110;210;4056;4057;8.01;0.49;261.26;4.15;946;18;1382.00;1
3113;18;21183509;3113;214;4063;4063;8.11;0.50;261.18;4.14;950;18;1383.00;0
3116;18;21183522;3116;224;4063;4063;8.12;0.50;261.35;4.14;947;18;1384.00;0
3119;18;21183536;3119;225;4063;4063;8.10;0.50;261.42;4.14;944;18;1385.00;0
3120;18;21183550;3120;224;4066;4066;8.14;0.50;261.39;4.14;946;18;1386.00;0
3126;18;21183564;3126;232;4066;4066;8.13;0.50;261.44;4.14;940;18;1387.00;0
3127;18;21183576;3127;232;4066;4066;8.15;0.50;261.51;4.14;939;18;1388.00;0
3131;18;21183587;3131;239;4067;4067;8.11;0.49;261.43;4.14;936;18;1389.00;0
3138;18;21183598;3138;243;4068;4068;8.10;0.49;261.45;4.14;930;18;1390.00;0
3140;18;21183613;3140;249;4068;4068;8.02;0.49;261.52;4.14;928;18;1391.00;0
3142;18;21183627;3142;258;4080;4081;7.92;0.48;261.58;4.13;938;18;1392.00;1
3147;18;21183642;3147;260;4081;4081;7.82;0.48;261.53;4.13;934;18;1393.00;0
3152;18;21183654;3152;265;4081;4081;7.69;0.47;261.68;4.13;929;18;1394.00;0
3153;18;21183667;3153;265;4083;4083;7.65;0.47;261.72;4.12;930;18;1395.00;0
3158;18;21183682;3158;269;4083;4083;7.57;0.46;261.92;4.12;925;18;1396.00;0
3161;18;21183694;3161;273;4087;4087;7.43;0.45;262.09;4.12;926;18;1397.00;0
3163;18;21183705;3163;284;4087;4087;7.29;0.45;262.13;4.12;924;18;1398.00;0
3170;18;21183717;3170;282;4091;4091;7.06;0.43;262.51;4.12;921;18;1399.00;0
3179;18;21183729;3179;266;4091;4091;6.88;0.42;262.61;4.12;912;18;1400.00;0
3179;18;21183756;3179;258;4091;4091;6.81;0.42;262.61;4.12;912;18;1401.00;0
3184;18;21183771;3184;258;4091;4091;6.70;0.41;262.81;4.12;907;18;1402.00;0
3186;18;21183783;3186;260;4091;4091;6.63;0.40;262.90;4.12;905;18;1403.00;0
3189;18;21183795;3189;258;4102;4103;6.70;0.41;263.08;4.11;913;18;1404.00;1
3192;18;21183808;3192;254;4103;4103;6.76;0.41;263.26;4.11;911;18;1405.00;0
3196;18;21183821;3196;260;4103;4103;6.76;0.41;263.54;4.11;907;18;1406.00;0
3199;18;21183832;3199;257;4103;4103;6.80;0.42;263.63;4.11;904;18;1407.00;0
3201;18;21183844;3201;252;4103;4103;6.88;0.42;263.72;4.11;902;18;1408.00;0
3204;18;21183856;3204;251;4103;4103;6.95;0.42;263.72;4.11;899;18;1409.00;0
3208;18;21183869;3208;250;4104;4104;6.97;0.43;263.92;4.10;896;18;1410.00;0
3210;18;21183881;3210;243;4104;4104;7.07;0.43;263.83;4.10;894;18;1411.00;0
3218;18;21183892;3218;244;4110;4110;7.08;0.43;264.23;4.10;892;18;1412.00;0
3220;18;21183905;3220;250;4111;4111;7.15;0.44;264.23;4.10;891;18;1413.00;0
3223;18;21183919;3223;249;4111;4111;7.16;0.44;264.38;4.10;888;18;1414.00;0
3229;18;21183932;3229;253;4111;4111;7.16;0.44;264.46;4.10;882;18;1415.00;0
3233;18;21183946;3233;257;4115;4115;7.17;0.44;264.48;4.10;882;18;1416.00;0
3237;18;21183963;3237;261;4115;4115;7.08;0.43;264.65;4.10;878;18;1417.00;0
3241;18;21183983;3241;267;4115;4115;7.03;0.43;264.50;4.10;874;18;1418.00;0
3248;18;21184003;3248;274;4116;4116;6.90;0.42;264.72;4.09;868;18;1419.00;0
3252;18;21184019;3252;280;4120;4120;6.82;0.42;264.76;4.09;868;18;1420.00;0
3255;18;21184034;3255;287;4120;4120;6.72;0.41;264.79;4.09;865;18;1421.00;0
3257;18;21184049;3257;280;4122;4123;6.68;0.41;264.87;4.09;865;18;1422.00;1
3263;18;21184062;3263;287;4122;4123;6.57;0.40;264.98;4.09;859;18;1423.00;1
3265;18;21184073;3265;287;4123;4123;6.48;0.40;265.05;4.09;858;18;1424.00;0
3269;18;21184085;3269;287;4123;4123;6.42;0.39;265.12;4.09;854;18;1425.00;0
3272;18;21184097;3272;292;4127;4127;6.41;0.39;265.31;4.09;855;18;1426.00;0
3274;18;21184108;3274;296;4127;4127;6.43;0.39;265.44;4.09;853;18;1427.00;0
3279;18;21184119;3279;298;4127;4127;6.40;0.39;265.60;4.09;848;18;1428.00;0
3280;18;21184130;3280;304;4127;4127;6.38;0.39;265.71;4.09;847;18;1429.00;0
3282;18;21184140;3282;304;4128;4128;6.36;0.39;265.74;4.09;846;18;1430.00;0
3288;18;21184152;3288;307;4129;4129;6.34;0.39;265.82;4.08;841;18;1431.00;0
3289;18;21184163;3289;310;4129;4129;6.36;0.39;265.76;4.08;840;18;1432.00;0
3296;18;21184173;3296;313;4130;4130;6.32;0.39;265.95;4.08;834;18;1433.00;0
3303;18;21184185;3303;314;4130;4130;6.24;0.38;266.09;4.08;827;18;1434.00;0
3305;18;21184195;3305;314;4130;4130;6.22;0.38;266.10;4.08;825;18;1435.00;0
3309;18;21184204;3309;315;4130;4130;6.19;0.38;266.24;4.08;821;18;1436.00;0
3312;18;21184214;3312;315;4130;4130;6.16;0.38;266.41;4.08;818;18;1437.00;0
3317;18;21184223;3317;319;4130;4130;6.12;0.37;266.46;4.08;813;18;1438.00;0
3320;18;21184232;3320;327;4130;4130;6.10;0.37;266.49;4.08;810;18;1439.00;0
3323;18;21184243;3323;360;4233;4360;6.68;0.42;266.56;3.98;910;18;1440.00;127
3326;18;21184271;3326;369;4243;4361;6.66;0.42;266.70;3.98;917;18;1441.00;118
3328;18;21184282;3328;365;4258;4361;6.78;0.43;266.90;3.97;930;18;1442.00;103
3331;18;21184298;3331;365;4274;4361;6.76;0.43;267.05;3.97;943;18;1443.00;87
3335;18;21184307;3335;364;4284;4361;6.77;0.43;267.03;3.97;949;18;1444.00;77
3338;18;21184318;3338;362;4290;4361;6.71;0.42;267.30;3.97;952;18;1445.00;71
3339;18;21184328;3339;362;4297;4361;6.64;0.42;267.33;3.97;958;18;1446.00;64
3345;18;21184339;3345;352;4303;4361;6.60;0.41;267.53;3.98;958;18;1447.00;58
3346;18;21184350;3346;344;4312;4362;6.60;0.41;267.49;3.98;966;18;1448.00;50
3350;18;21184362;3350;344;4314;4363;6.60;0.41;267.58;3.99;964;18;1449.00;49
3351;18;21184373;3351;348;4322;4363;6.57;0.41;267.54;4.00;971;18;1450.00;41
3353;18;21184384;3353;347;4324;4364;6.51;0.40;267.54;4.00;971;18;1451.00;40
3356;18;21184397;3356;352;4329;4364;6.42;0.40;267.36;4.01;973;18;1452.00;35
3357;18;21184419;3357;355;4330;4364;6.47;0.40;267.41;4.01;973;18;1453.00;34
3358;18;21184433;3358;364;4332;4364;6.45;0.40;267.41;4.02;974;18;1454.00;32
3359;18;21184447;3359;369;4336;4368;6.45;0.40;267.44;4.02;977;19;1455.00;32
3360;18;21184479;3360;360;4337;4368;6.43;0.40;267.39;4.02;977;19;1456.00;31
3361;18;21184492;3361;356;4341;4368;6.40;0.40;267.36;4.03;980;19;1457.00;27
3363;18;21184512;3363;364;4342;4371;6.41;0.39;267.40;4.03;979;19;1458.00;29
3366;18;21184524;3366;367;4343;4371;6.43;0.40;267.27;4.03;977;19;1459.00;28
3369;18;21184537;3369;369;4343;4371;6.45;0.40;267.11;4.03;974;19;1460.00;28
3370;18;21184561;3370;372;4346;4375;6.51;0.40;267.14;4.03;976;19;1461.00;29
3372;18;21184574;3372;372;4348;4376;6.56;0.40;267.14;4.03;976;19;1462.00;28
3375;18;21184587;3375;378;4350;4376;6.60;0.41;267.06;4.04;975;19;1463.00;26
3377;18;21184600;3377;381;4352;4380;6.68;0.41;267.02;4.03;975;19;1464.00;28
3379;18;21184613;3379;379;4354;4380;6.81;0.42;266.98;4.04;975;19;1465.00;26
3379;18;21184627;3379;380;4355;4380;6.88;0.42;266.98;4.04;976;19;1466.00;25
3381;18;21184646;3381;381;4355;4381;6.98;0.43;266.86;4.04;974;19;1467.00;26
3383;18;21184660;3383;377;4357;4381;7.07;0.43;266.76;4.05;974;19;1468.00;24
3385;18;21184672;3385;377;4362;4387;7.19;0.44;266.80;4.06;977;19;1469.00;25
3387;18;21184688;3387;379;4363;4387;7.27;0.44;266.78;4.06;976;19;1470.00;24
3388;18;21184703;3388;378;4364;4388;7.34;0.45;266.83;4.07;976;19;1471.00;24
3388;18;21184718;3388;380;4365;4388;7.36;0.45;266.83;4.07;977;19;1472.00;23
3391;18;21184733;3391;376;4365;4388;7.32;0.44;266.80;4.07;974;19;1473.00;23
3394;18;21184748;3394;375;4367;4388;7.29;0.44;266.76;4.08;973;19;1474.00;21
3394;18;21184762;3394;369;4368;4388;7.25;0.44;266.76;4.08;974;19;1475.00;20
3395;18;21184775;3395;375;4378;4400;7.24;0.44;266.80;4.07;983;19;1476.00;22
3397;18;21184788;3397;380;4379;4400;7.18;0.44;266.79;4.07;982;19;1477.00;21
3398;18;21184801;3398;386;4380;4400;7.09;0.43;266.72;4.08;982;19;1478.00;20
3398;18;21184814;3398;390;4380;4400;7.04;0.43;266.72;4.08;982;19;1479.00;20
3399;18;21184827;3399;383;4380;4400;7.04;0.43;266.71;4.08;981;19;1480.00;20
3402;18;21184839;3402;378;4380;4400;7.02;0.43;266.66;4.08;978;19;1481.00;20
3403;18;21184851;3403;378;4383;4404;7.01;0.43;266.62;4.07;980;19;1482.00;21
3405;18;21184864;3405;372;4383;4404;7.00;0.43;266.58;4.07;978;19;1483.00;21
3406;18;21184878;3406;368;4387;4408;7.08;0.43;266.59;4.07;981;19;1484.00;21
3408;18;21184890;3408;367;4389;4410;7.11;0.43;266.58;4.07;981;19;1485.00;21
3410;18;21184902;3410;364;4389;4410;7.12;0.43;266.52;4.07;979;19;1486.00;21
3412;18;21184920;3412;363;4389;4410;7.14;0.43;266.60;4.07;977;19;1487.00;21
3413;18;21184931;3413;361;4398;4423;7.25;0.44;266.58;4.06;985;19;1488.00;25
3413;18;21184945;3413;359;4398;4423;7.35;0.45;266.58;4.06;985;19;1489.00;25
3413;19;21184956;3413;354;4398;4423;7.45;0.45;266.58;4.06;985;20;1490.00;25
3413;19;21184979;3413;348;4399;4424;7.57;0.46;266.58;4.06;986;20;1491.00;25
3413;19;21184991;3413;345;4399;4425;7.69;0.47;266.58;4.06;986;20;1492.00;26
3416;19;21185008;3416;341;4399;4425;7.73;0.47;266.70;4.06;983;20;1493.00;26
3418;20;21185026;3418;333;4401;4428;7.76;0.47;266.73;4.06;983;21;1494.00;27
3421;20;21185050;3421;327;4401;4428;7.75;0.47;266.77;4.06;980;21;1495.00;27
3424;20;21185062;3424;322;4402;4428;7.71;0.47;266.82;4.06;978;21;1496.00;26
3425;20;21185073;3425;319;4402;4428;7.74;0.47;266.86;4.06;977;21;1497.00;26
3428;20;21185085;3428;316;4407;4434;7.78;0.47;266.85;4.05;979;21;1498.00;27
3430;20;21185098;3430;311;4407;4434;7.85;0.48;266.85;4.05;977;21;1499.00;27
3431;20;21185116;3431;314;4411;4453;7.82;0.47;266.87;4.05;980;21;1500.00;42
3432;20;21185135;3432;308;4411;4453;7.83;0.48;266.89;4.05;979;21;1501.00;42
3434;20;21185146;3434;304;4414;4457;7.81;0.47;266.88;4.05;980;21;1502.00;43
3438;20;21185158;3438;304;4415;4458;7.75;0.47;266.99;4.05;977;21;1503.00;43
3440;20;21185169;3440;300;4415;4458;7.69;0.47;267.02;4.05;975;21;1504.00;43
3445;20;21185185;3445;300;4418;4459;7.61;0.46;267.22;4.07;973;21;1505.00;41
3445;20;21185216;3445;299;4420;4459;7.56;0.46;267.22;4.08;975;21;1506.00;39
3450;20;21185234;3450;291;4420;4459;7.46;0.45;267.50;4.08;970;21;1507.00;39
3454;20;21185250;3454;290;4420;4459;7.44;0.45;267.70;4.08;966;21;1508.00;39
3455;20;21185266;3455;285;4420;4459;7.49;0.45;267.67;4.08;965;21;1509.00;39
3458;20;21185280;3458;280;4420;4459;7.51;0.46;267.79;4.08;962;21;1510.00;39
3461;20;21185295;3461;275;4420;4459;7.60;0.46;268.00;4.08;959;21;1511.00;39
3462;20;21185307;3462;283;4455;4529;7.60;0.46;268.11;4.05;993;21;1512.00;74
3463;20;21185336;3463;272;4455;4530;7.68;0.47;268.14;4.05;992;21;1513.00;75
3463;20;21185363;3463;262;4459;4530;7.79;0.47;268.14;4.05;996;21;1514.00;71
3468;20;21185393;3468;260;4459;4530;7.87;0.48;268.18;4.05;991;21;1515.00;71
3469;20;21185414;3469;252;4462;4530;7.98;0.49;268.17;4.05;993;21;1516.00;68
3471;20;21185431;3471;251;4465;4530;8.04;0.49;268.14;4.05;994;21;1517.00;65
3473;20;21185447;3473;248;4470;4530;8.09;0.49;268.14;4.05;997;21;1518.00;60
3474;20;21185462;3474;239;4473;4530;8.13;0.49;268.17;4.06;999;21;1519.00;57
3478;20;21185480;3478;243;4477;4531;8.12;0.49;268.17;4.07;999;21;1520.00;54
3480;20;21185500;3480;230;4479;4532;8.17;0.50;268.23;4.08;999;21;1521.00;53
3481;20;21185515;3481;236;4483;4532;8.13;0.49;268.23;4.10;1002;21;1522.00;49
3483;20;21185530;3483;237;4488;4536;8.13;0.49;268.33;4.10;1005;21;1523.00;48
3485;20;21185545;3485;240;4491;4536;8.09;0.49;268.33;4.11;1006;21;1524.00;45
3488;20;21185559;3488;239;4492;4536;8.09;0.49;268.36;4.12;1004;21;1525.00;44
3492;20;21185575;3492;248;4492;4536;8.06;0.49;268.37;4.12;1000;21;1526.00;44
3496;20;21185590;3496;253;4495;4542;8.06;0.49;268.59;4.12;999;21;1527.00;47
3498;20;21185605;3498;256;4498;4542;8.00;0.49;268.60;4.15;1000;21;1528.00;44
3499;20;21185619;3499;263;4500;4542;8.03;0.49;268.73;4.18;1001;21;1529.00;42
3501;20;21185633;3501;262;4506;4548;8.04;0.49;268.77;4.19;1005;21;1530.00;42
3506;20;21185648;3506;263;4509;4548;8.01;0.49;268.88;4.21;1003;21;1531.00;39
3507;20;21185662;3507;264;4510;4548;7.96;0.48;268.80;4.23;1003;21;1532.00;38
3512;20;21185678;3512;266;4512;4549;7.89;0.48;268.78;4.23;1000;21;1533.00;37
3515;20;21185693;3515;271;4515;4550;7.88;0.48;268.72;4.27;1000;21;1534.00;35
3518;20;21185710;3518;278;4519;4550;7.88;0.48;268.83;4.31;1001;21;1535.00;31
3521;20;21185727;3521;282;4530;4563;7.87;0.48;268.99;4.35;1009;21;1536.00;33
3524;20;21185746;3524;277;4532;4563;7.86;0.48;268.90;4.38;1008;21;1537.00;31
3526;20;21185761;3526;280;4534;4563;7.84;0.48;269.06;4.40;1008;21;1538.00;29
3526;20;21185779;3526;287;4536;4564;7.85;0.48;269.06;4.40;1010;21;1539.00;28
3529;20;21185795;3529;285;4538;4564;7.82;0.47;269.18;4.43;1009;21;1540.00;26
3533;20;21185813;3533;286;4546;4568;7.74;0.47;269.35;4.46;1013;21;1541.00;22
3533;20;21185828;3533;283;4546;4568;7.76;0.47;269.35;4.46;1013;21;1542.00;22
3537;20;21185843;3537;290;4550;4572;7.75;0.47;269.58;4.46;1013;21;1543.00;22
3539;20;21185858;3539;290;4553;4572;7.70;0.47;269.73;4.49;1014;21;1544.00;19
3542;20;21185871;3542;300;4555;4572;7.64;0.47;269.81;4.51;1013;21;1545.00;17
3547;20;21185885;3547;304;4557;4572;7.50;0.46;269.96;4.52;1010;21;1546.00;15
3550;20;21185900;3550;308;4557;4572;7.41;0.45;270.03;4.52;1007;21;1547.00;15
3557;20;21185913;3557;313;4566;4584;7.35;0.45;270.00;4.52;1009;21;1548.00;18
3562;20;21185928;3562;311;4569;4584;7.34;0.45;270.14;4.53;1007;21;1549.00;15
3563;20;21185941;3563;307;4570;4584;7.33;0.45;270.13;4.53;1007;21;1550.00;14
3565;20;21185956;3565;311;4571;4584;7.24;0.44;270.29;4.54;1006;21;1551.00;13
3568;20;21185970;3568;309;4571;4584;7.20;0.44;270.36;4.54;1003;21;1552.00;13
3569;20;21185982;3569;306;4571;4584;7.21;0.44;270.33;4.54;1002;21;1553.00;13
3572;20;21185995;3572;310;4576;4585;7.21;0.44;270.49;4.58;1004;21;1554.00;9
3573;20;21186008;3573;313;4579;4587;7.23;0.44;270.61;4.58;1006;21;1555.00;8
3573;20;21186020;3573;306;4586;4593;7.37;0.45;270.61;4.59;1013;21;1556.00;7
3577;20;21186033;3577;301;4589;4594;7.43;0.46;270.64;4.59;1012;21;1557.00;5
3579;20;21186053;3579;299;4589;4594;7.46;0.46;270.57;4.59;1010;21;1558.00;5
3581;20;21186065;3581;302;4591;4594;7.52;0.46;270.62;4.60;1010;21;1559.00;3
3587;20;21186081;3587;300;4596;4599;7.57;0.47;270.47;4.60;1009;21;1560.00;3
3592;20;21186095;3592;303;4598;4599;7.60;0.47;270.49;4.60;1006;21;1561.00;1
3597;20;21186108;3597;305;4598;4599;7.61;0.47;270.52;4.60;1001;21;1562.00;1
3603;20;21186120;3603;303;4599;4600;7.56;0.46;270.66;4.60;996;21;1563.00;1
3606;20;21186132;3606;307;4603;4604;7.58;0.46;270.82;4.60;997;21;1564.00;1
3607;20;21186145;3607;308;4604;4604;7.52;0.46;270.88;4.60;997;21;1565.00;0
3612;20;21186156;3612;316;4606;4607;7.46;0.46;271.16;4.60;994;21;1566.00;1
3613;20;21186168;3613;323;4606;4607;7.40;0.45;271.20;4.60;993;21;1567.00;1
3618;20;21186180;3618;326;4607;4607;7.32;0.45;271.19;4.60;989;21;1568.00;0
3627;20;21186191;3627;330;4607;4607;7.21;0.44;271.31;4.60;980;21;1569.00;0
3632;21;21186203;3632;339;4611;4611;7.19;0.44;271.34;4.59;979;22;1570.00;0
3636;21;21186233;3636;341;4611;4611;7.16;0.44;271.44;4.59;975;22;1571.00;0
3639;21;21186245;3639;350;4611;4611;7.00;0.43;271.46;4.59;972;22;1572.00;0
3645;21;21186255;3645;352;4611;4611;6.81;0.42;271.33;4.59;966;22;1573.00;0
3648;21;21186268;3648;357;4612;4612;6.60;0.40;271.30;4.59;964;22;1574.00;0
3650;21;21186278;3650;348;4614;4614;6.48;0.40;271.36;4.59;964;22;1575.00;0
3654;21;21186289;3654;339;4614;4614;6.35;0.39;271.43;4.59;960;22;1576.00;0
3657;21;21186299;3657;341;4615;4615;6.27;0.38;271.53;4.59;958;22;1577.00;0
3660;21;21186310;3660;342;4615;4615;6.21;0.38;271.53;4.59;955;22;1578.00;0
3665;21;21186320;3665;339;4615;4615;6.18;0.38;271.69;4.59;950;22;1579.00;0
3667;21;21186331;3667;336;4615;4615;6.18;0.38;271.77;4.59;948;22;1580.00;0
3672;21;21186341;3672;336;4615;4615;6.18;0.38;271.76;4.59;943;22;1581.00;0
3677;21;21186352;3677;329;4615;4615;6.16;0.38;271.93;4.59;938;22;1582.00;0
3677;21;21186369;3677;324;4615;4615;6.16;0.38;271.93;4.59;938;22;1583.00;0
3682;21;21186382;3682;332;4688;4742;6.38;0.40;272.01;4.52;1006;22;1584.00;54
3685;21;21186404;3685;312;4693;4743;6.33;0.39;272.14;4.51;1008;22;1585.00;50
3687;21;21186416;3687;312;4704;4743;6.34;0.40;272.21;4.51;1017;22;1586.00;39
3692;21;21186428;3692;309;4706;4743;6.29;0.39;272.39;4.51;1014;22;1587.00;37
3695;21;21186440;3695;318;4710;4743;6.25;0.39;272.47;4.51;1015;22;1588.00;33
3698;21;21186452;3698;319;4712;4743;6.21;0.39;272.46;4.51;1014;22;1589.00;31
3704;21;21186469;3704;327;4716;4743;6.12;0.38;272.70;4.51;1012;22;1590.00;27
3706;21;21186488;3706;339;4718;4743;6.03;0.37;272.73;4.51;1012;22;1591.00;25
3711;21;21186499;3711;336;4720;4744;5.95;0.37;272.87;4.51;1009;22;1592.00;24
3715;21;21186510;3715;345;4722;4745;5.94;0.37;273.06;4.51;1007;22;1593.00;23
3719;21;21186521;3719;352;4724;4745;5.92;0.37;273.03;4.52;1005;22;1594.00;21
3724;21;21186532;3724;361;4727;4746;5.89;0.37;273.14;4.52;1003;22;1595.00;19
3729;21;21186543;3729;364;4728;4746;5.86;0.36;273.37;4.52;999;22;1596.00;18
3732;21;21186554;3732;366;4730;4746;5.90;0.37;273.36;4.52;998;22;1597.00;16
3736;21;21186565;3736;371;4731;4746;5.89;0.37;273.60;4.53;995;22;1598.00;15
3741;21;21186577;3741;372;4736;4750;5.88;0.36;273.70;4.53;995;22;1599.00;14
3743;21;21186589;3743;376;4737;4750;5.89;0.37;273.70;4.53;994;22;1600.00;13
3747;21;21186604;3747;383;4738;4750;5.88;0.36;273.79;4.53;991;22;1601.00;12
3754;21;21186615;3754;389;4741;4753;5.78;0.36;273.82;4.54;987;22;1602.00;12
3759;21;21186626;3759;394;4742;4753;5.77;0.36;273.75;4.54;983;22;1603.00;11
3764;21;21186637;3764;397;4744;4753;5.74;0.35;273.84;4.55;980;22;1604.00;9
3767;21;21186648;3767;398;4748;4757;5.73;0.35;274.03;4.54;981;22;1605.00;9
3771;21;21186659;3771;401;4750;4758;5.68;0.35;274.04;4.55;979;22;1606.00;8
3773;21;21186670;3773;408;4752;4758;5.63;0.35;274.11;4.55;979;22;1607.00;6
3778;21;21186680;3778;414;4755;4762;5.57;0.34;274.07;4.55;977;22;1608.00;7
3783;21;21186697;3783;417;4757;4762;5.57;0.34;274.15;4.56;974;22;1609.00;5
3787;21;21186708;3787;420;4758;4762;5.59;0.34;273.97;4.56;971;22;1610.00;4
3793;21;21186719;3793;433;4759;4763;5.54;0.34;274.17;4.56;966;22;1611.00;4
3797;21;21186729;3797;437;4760;4763;5.51;0.34;274.13;4.56;963;22;1612.00;3
3799;21;21186746;3799;436;4765;4769;5.47;0.33;274.26;4.56;966;22;1613.00;4
3803;21;21186758;3803;442;4765;4769;5.41;0.33;274.34;4.56;962;22;1614.00;4
3809;21;21186769;3809;449;4765;4770;5.35;0.33;274.19;4.56;956;22;1615.00;5
3810;21;21186779;3810;454;4765;4770;5.32;0.32;274.14;4.56;955;22;1616.00;5
3811;21;21186791;3811;450;4765;4770;5.32;0.32;274.10;4.56;954;22;1617.00;5
3813;21;21186801;3813;449;4765;4770;5.30;0.32;273.99;4.56;952;22;1618.00;5
3814;21;21186811;3814;452;4765;4770;5.33;0.33;274.01;4.56;951;22;1619.00;5
3817;21;21186823;3817;450;4792;4806;5.53;0.34;273.92;4.53;975;22;1620.00;14
3820;21;21186836;3820;456;4794;4806;5.50;0.34;273.88;4.53;974;22;1621.00;12
3824;21;21186846;3824;440;4796;4806;5.51;0.34;273.73;4.53;972;22;1622.00;10
3829;21;21186857;3829;433;4797;4806;5.53;0.34;273.65;4.53;968;22;1623.00;9
3830;21;21186868;3830;428;4797;4806;5.63;0.35;273.66;4.53;967;22;1624.00;9
3832;21;21186878;3832;428;4798;4806;5.63;0.35;273.60;4.53;966;22;1625.00;8
3834;21;21186889;3834;427;4801;4810;5.70;0.35;273.61;4.53;967;22;1626.00;9
3836;21;21186900;3836;429;4801;4810;5.69;0.35;273.69;4.53;965;22;1627.00;9
3837;21;21186911;3837;426;4805;4814;5.75;0.35;273.71;4.52;968;22;1628.00;9
3839;21;21186922;3839;429;4806;4815;5.78;0.35;273.65;4.52;967;22;1629.00;9
3841;21;21186933;3841;429;4806;4815;5.78;0.35;273.69;4.52;965;22;1630.00;9
3842;21;21186943;3842;418;4806;4815;5.84;0.36;273.67;4.52;964;22;1631.00;9
3845;21;21186956;3845;413;4817;4828;5.89;0.36;273.69;4.51;972;22;1632.00;11
3846;21;21186973;3846;401;4817;4828;5.91;0.36;273.67;4.51;971;22;1633.00;11
3847;21;21186984;3847;397;4817;4828;5.97;0.37;273.64;4.51;970;22;1634.00;11
3847;21;21186994;3847;390;4818;4829;6.10;0.37;273.64;4.51;971;22;1635.00;11
3847;21;21187005;3847;384;4818;4830;6.18;0.38;273.64;4.51;971;22;1636.00;12
3849;21;21187015;3849;370;4818;4830;6.26;0.38;273.65;4.51;969;22;1637.00;12
3849;21;21187026;3849;366;4820;4833;6.38;0.39;273.65;4.51;971;22;1638.00;13
3851;21;21187038;3851;359;4820;4833;6.44;0.39;273.66;4.51;969;22;1639.00;13
3854;21;21187049;3854;346;4821;4833;6.52;0.40;273.64;4.51;967;22;1640.00;12
3854;21;21187060;3854;339;4821;4833;6.62;0.40;273.64;4.51;967;22;1641.00;12
3856;21;21187071;3856;335;4826;4839;6.73;0.41;273.66;4.50;970;22;1642.00;13
3858;21;21187083;3858;331;4826;4839;6.81;0.41;273.68;4.50;968;22;1643.00;13
3860;21;21187101;3860;326;4826;4839;6.88;0.42;273.70;4.50;966;22;1644.00;13
3861;21;21187112;3861;325;4826;4839;6.90;0.42;273.63;4.50;965;22;1645.00;13
3862;21;21187123;3862;326;4829;4843;6.94;0.42;273.61;4.50;967;22;1646.00;14
3862;21;21187140;3862;324;4830;4844;6.99;0.42;273.61;4.50;968;22;1647.00;14
3864;21;21187152;3864;317;4830;4844;7.05;0.43;273.61;4.50;966;22;1648.00;14
3864;21;21187163;3864;314;4831;4845;7.13;0.43;273.61;4.50;967;22;1649.00;14
3867;21;21187182;3867;322;4831;4845;7.18;0.43;273.61;4.50;964;22;1650.00;14
3868;21;21187200;3868;313;4831;4845;7.18;0.43;273.56;4.50;963;22;1651.00;14
3869;21;21187211;3869;318;4831;4845;7.17;0.43;273.61;4.50;962;22;1652.00;14
3869;21;21187223;3869;314;4831;4845;7.25;0.44;273.61;4.50;962;22;1653.00;14
3871;21;21187234;3871;313;4831;4845;7.25;0.44;273.68;4.50;960;22;1654.00;14
3872;21;21187245;3872;316;4831;4845;7.25;0.44;273.70;4.50;959;22;1655.00;14
3873;21;21187256;3873;324;4869;4915;7.26;0.44;273.71;4.47;996;22;1656.00;46
3874;21;21187273;3874;319;4871;4916;7.24;0.44;273.70;4.46;997;22;1657.00;45
3879;21;21187285;3879;315;4876;4916;7.27;0.44;273.72;4.46;997;22;1658.00;40
3880;21;21187299;3880;310;4876;4916;7.30;0.44;273.78;4.46;996;22;1659.00;40
3882;21;21187312;3882;309;4879;4916;7.31;0.44;273.76;4.46;997;22;1660.00;37
3883;21;21187325;3883;309;4880;4916;7.34;0.44;273.88;4.46;997;22;1661.00;36
3887;21;21187337;3887;313;4885;4916;7.44;0.45;273.96;4.46;998;22;1662.00;31
3889;21;21187351;3889;317;4886;4916;7.52;0.46;273.95;4.46;997;22;1663.00;30
3890;21;21187366;3890;323;4889;4917;7.62;0.46;274.07;4.47;999;22;1664.00;28
3896;21;21187379;3896;321;4892;4919;7.63;0.46;274.16;4.47;996;22;1665.00;27
3899;21;21187397;3899;321;4895;4919;7.67;0.47;274.29;4.47;996;22;1666.00;24
3900;21;21187415;3900;318;4901;4923;7.74;0.47;274.28;4.47;1001;22;1667.00;22
3903;21;21187428;3903;314;4903;4923;7.83;0.48;274.47;4.47;1000;22;1668.00;20
3906;21;21187441;3906;312;4903;4923;7.90;0.48;274.69;4.47;997;22;1669.00;20
3909;22;21187453;3909;300;4903;4923;7.95;0.48;274.75;4.47;994;23;1670.00;20
3911;22;21187481;3911;301;4907;4929;8.02;0.49;274.77;4.47;996;23;1671.00;22
3914;22;21187495;3914;299;4907;4929;8.03;0.49;274.70;4.47;993;23;1672.00;22
3916;22;21187507;3916;299;4907;4929;8.06;0.49;274.79;4.47;991;23;1673.00;22
3922;23;21187519;3922;297;4909;4932;8.11;0.49;274.97;4.47;987;24;1674.00;23
3925;23;21187544;3925;298;4910;4932;8.12;0.49;274.99;4.47;985;24;1675.00;22
3928;23;21187556;3928;295;4910;4932;8.11;0.49;274.96;4.47;982;24;1676.00;22
3931;23;21187578;3931;293;4910;4933;8.05;0.49;275.17;4.47;979;24;1677.00;23
3934;23;21187589;3934;300;4911;4934;7.99;0.48;275.27;4.47;977;24;1678.00;23
3937;23;21187601;3937;293;4912;4934;7.95;0.48;275.35;4.48;975;24;1679.00;22
3942;23;21187614;3942;296;4931;4960;7.85;0.48;275.51;4.47;989;24;1680.00;29
3945;23;21187629;3945;282;4932;4960;7.77;0.47;275.46;4.48;987;24;1681.00;28
3948;23;21187640;3948;270;4933;4960;7.73;0.47;275.66;4.48;985;24;1682.00;27
3953;23;21187652;3953;269;4936;4961;7.76;0.47;275.73;4.48;983;24;1683.00;25
3957;23;21187664;3957;266;4936;4961;7.77;0.47;275.92;4.48;979;24;1684.00;25
3959;23;21187677;3959;267;4939;4965;7.76;0.47;275.90;4.48;980;24;1685.00;26
3962;23;21187689;3962;264;4939;4965;7.73;0.47;275.98;4.48;977;24;1686.00;26
3963;23;21187701;3963;269;4942;4969;7.69;0.47;276.00;4.47;979;24;1687.00;27
3967;23;21187713;3967;264;4942;4969;7.70;0.47;276.12;4.47;975;24;1688.00;27
3968;23;21187724;3968;267;4942;4969;7.70;0.47;276.15;4.47;974;24;1689.00;27
3969;23;21187735;3969;270;4942;4969;7.66;0.46;276.18;4.47;973;24;1690.00;27
3973;23;21187746;3973;261;4942;4969;7.65;0.46;276.21;4.47;969;24;1691.00;27
3977;23;21187762;3977;262;4951;4981;7.67;0.47;276.20;4.47;974;24;1692.00;30
3980;23;21187774;3980;261;4952;4981;7.70;0.47;276.13;4.46;972;24;1693.00;29
3983;23;21187785;3983;255;4953;4981;7.76;0.47;276.07;4.46;970;24;1694.00;28
3983;23;21187796;3983;251;4953;4981;7.81;0.47;276.07;4.46;970;24;1695.00;28
3985;23;21187807;3985;258;4953;4981;7.84;0.48;276.03;4.46;968;24;1696.00;28
3987;23;21187818;3987;254;4954;4981;7.86;0.48;276.08;4.47;967;24;1697.00;27
3989;23;21187829;3989;254;4954;4982;7.89;0.48;276.04;4.47;965;24;1698.00;28
3992;23;21187842;3992;252;4954;4982;7.93;0.48;276.03;4.47;962;24;1699.00;28
3997;23;21187859;3997;249;4959;4988;8.00;0.48;276.21;4.47;962;24;1700.00;29
3999;23;21187875;3999;257;4961;4989;8.06;0.49;276.27;4.47;962;24;1701.00;28
4003;23;21187887;4003;259;4962;4989;8.02;0.49;276.32;4.49;959;24;1702.00;27
4004;23;21187899;4004;260;4963;4989;7.99;0.48;276.40;4.50;959;24;1703.00;26
4004;23;21187910;4004;259;4967;4993;7.97;0.48;276.40;4.50;963;24;1704.00;26
4005;23;21187921;4005;268;4970;4993;7.91;0.48;276.45;4.53;965;24;1705.00;23
4006;23;21187932;4006;273;4970;4993;7.87;0.48;276.49;4.53;964;24;1706.00;23
4007;23;21187944;4007;276;4972;4994;7.92;0.48;276.48;4.55;965;24;1707.00;22
4012;23;21187956;4012;281;4976;4998;7.82;0.47;276.46;4.56;964;24;1708.00;22
4014;23;21187968;4014;285;4976;4998;7.84;0.48;276.62;4.56;962;24;1709.00;22
4019;23;21187981;4019;287;4982;5004;7.83;0.47;276.69;4.59;963;24;1710.00;22
4020;23;21187993;4020;281;4983;5004;7.82;0.47;276.80;4.59;963;24;1711.00;21
4023;23;21188005;4023;281;4985;5004;7.79;0.47;276.95;4.60;962;24;1712.00;19
4024;23;21188016;4024;283;4986;5004;7.77;0.47;277.02;4.62;962;24;1713.00;18
4026;23;21188028;4026;281;4990;5008;7.81;0.48;277.04;4.61;964;24;1714.00;18
4030;24;21188046;4030;279;4992;5008;7.75;0.47;277.01;4.64;962;25;1715.00;16
4033;24;21188080;4033;280;4993;5008;7.72;0.47;277.12;4.64;960;25;1716.00;15
4034;24;21188092;4034;288;4993;5008;7.65;0.47;277.19;4.64;959;25;1717.00;15
4036;24;21188103;4036;284;4994;5009;7.65;0.47;277.22;4.66;958;25;1718.00;15
4037;24;21188114;4037;290;4997;5010;7.67;0.47;277.33;4.69;960;25;1719.00;13
4040;24;21188126;4040;295;4997;5010;7.61;0.47;277.51;4.69;957;25;1720.00;13
4042;24;21188137;4042;295;5000;5011;7.59;0.47;277.54;4.71;958;25;1721.00;11
4047;24;21188148;4047;297;5000;5011;7.45;0.46;277.71;4.71;953;25;1722.00;11
4051;24;21188159;4051;302;5002;5011;7.38;0.45;277.75;4.73;951;25;1723.00;9
4051;24;21188169;4051;300;5002;5011;7.33;0.45;277.75;4.73;951;25;1724.00;9
4054;24;21188180;4054;290;5004;5011;7.28;0.45;277.76;4.75;950;25;1725.00;7
4055;24;21188190;4055;289;5004;5011;7.29;0.45;277.73;4.75;949;25;1726.00;7
4060;24;21188201;4060;291;5004;5011;7.26;0.44;277.80;4.75;944;25;1727.00;7
4062;24;21188211;4062;304;5073;5138;7.45;0.46;277.80;4.70;1011;25;1728.00;65
4063;24;21188233;4063;296;5074;5139;7.49;0.46;277.85;4.70;1011;25;1729.00;65
4064;24;21188245;4064;289;5084;5139;7.56;0.47;277.82;4.71;1020;25;1730.00;55
4065;24;21188256;4065;290;5089;5139;7.61;0.47;277.84;4.71;1024;25;1731.00;50
4066;24;21188267;4066;286;5096;5139;7.63;0.47;277.81;4.71;1030;25;1732.00;43
4071;24;21188278;4071;285;5099;5139;7.51;0.46;277.73;4.72;1028;25;1733.00;40
4073;24;21188291;4073;280;5101;5139;7.54;0.46;277.94;4.72;1028;25;1734.00;38
4075;24;21188301;4075;282;5105;5139;7.56;0.47;277.99;4.72;1030;25;1735.00;34
4081;24;21188312;4081;282;5108;5140;7.58;0.46;278.27;4.72;1027;25;1736.00;32
4082;24;21188324;4082;280;5110;5141;7.62;0.47;278.34;4.72;1028;25;1737.00;31
4088;24;21188335;4088;289;5113;5141;7.57;0.46;278.57;4.73;1025;25;1738.00;28
4093;24;21188347;4093;298;5116;5142;7.57;0.46;278.69;4.73;1023;25;1739.00;26
4098;24;21188359;4098;300;5122;5142;7.46;0.46;278.86;4.74;1024;25;1740.00;20
4102;24;21188370;4102;300;5124;5142;7.40;0.45;278.91;4.74;1022;25;1741.00;18
4104;24;21188381;4104;302;5127;5142;7.26;0.44;278.93;4.75;1023;25;1742.00;15
4109;24;21188391;4109;317;5132;5146;7.07;0.43;279.09;4.75;1023;25;1743.00;14
4114;24;21188407;4114;325;5134;5146;6.95;0.43;279.32;4.75;1020;25;1744.00;12
4120;24;21188418;4120;344;5137;5146;6.80;0.42;279.35;4.76;1017;25;1745.00;9
4125;24;21188429;4125;353;5140;5149;6.72;0.41;279.43;4.76;1015;25;1746.00;9
4128;24;21188439;4128;366;5141;5149;6.58;0.40;279.69;4.76;1013;25;1747.00;8
4135;24;21188450;4135;367;5143;5149;6.40;0.39;279.64;4.77;1008;25;1748.00;6
4139;24;21188460;4139;374;5148;5153;6.17;0.38;279.75;4.77;1009;25;1749.00;5
4140;24;21188475;4140;365;5150;5154;6.05;0.37;279.72;4.77;1010;25;1750.00;4
4145;24;21188486;4145;358;5150;5154;5.90;0.36;279.55;4.77;1005;25;1751.00;4
4149;24;21188496;4149;362;5154;5158;5.83;0.36;279.62;4.77;1005;25;1752.00;4
4155;24;21188506;4155;361;5155;5158;5.78;0.36;279.61;4.77;1000;25;1753.00;3
4159;24;21188516;4159;362;5155;5158;5.77;0.35;279.57;4.77;996;25;1754.00;3
4161;24;21188526;4161;364;5156;5160;5.71;0.35;279.61;4.77;995;25;1755.00;4
4165;24;21188542;4165;373;5158;5160;5.66;0.35;279.62;4.77;993;25;1756.00;2
4171;24;21188552;4171;364;5163;5166;5.70;0.35;279.74;4.77;992;25;1757.00;3
4173;24;21188563;4173;363;5163;5166;5.77;0.35;279.73;4.77;990;25;1758.00;3
4178;24;21188573;4178;365;5165;5167;5.75;0.35;279.83;4.77;987;25;1759.00;2
4181;24;21188583;4181;357;5165;5167;5.82;0.36;279.84;4.77;984;25;1760.00;2
4184;24;21188594;4184;349;5166;5167;5.83;0.35;279.80;4.77;982;25;1761.00;1
4186;24;21188607;4186;351;5167;5167;5.83;0.36;279.82;4.77;981;25;1762.00;0
4187;24;21188616;4187;353;5167;5167;5.83;0.35;279.84;4.77;980;25;1763.00;0
4190;24;21188627;4190;359;5177;5179;5.91;0.36;279.79;4.76;987;25;1764.00;2
4195;24;21188639;4195;362;5178;5179;5.82;0.35;279.83;4.76;983;25;1765.00;1
4197;24;21188649;4197;357;5178;5179;5.79;0.35;279.82;4.76;981;25;1766.00;1
4201;24;21188663;4201;364;5178;5179;5.67;0.35;279.83;4.76;977;25;1767.00;1
4201;24;21188673;4201;369;5178;5179;5.61;0.34;279.83;4.76;977;25;1768.00;1
4204;24;21188682;4204;379;5178;5179;5.54;0.34;279.89;4.76;974;25;1769.00;1
4206;24;21188694;4206;382;5181;5183;5.48;0.33;279.79;4.76;975;25;1770.00;2
4207;24;21188704;4207;388;5181;5183;5.45;0.33;279.86;4.76;974;25;1771.00;2
4212;24;21188714;4212;397;5185;5187;5.44;0.33;279.80;4.76;973;25;1772.00;2
4216;24;21188725;4216;401;5186;5188;5.47;0.33;279.84;4.76;970;25;1773.00;2
4221;24;21188735;4221;406;5186;5188;5.46;0.33;279.86;4.76;965;25;1774.00;2
4225;24;21188746;4225;411;5186;5188;5.40;0.33;279.67;4.76;961;25;1775.00;2
4230;24;21188756;4230;415;5197;5201;5.43;0.33;279.62;4.75;967;25;1776.00;4
4231;24;21188767;4231;414;5197;5201;5.42;0.33;279.65;4.75;966;25;1777.00;4
4234;24;21188776;4234;421;5197;5201;5.41;0.33;279.67;4.75;963;25;1778.00;4
4241;24;21188786;4241;425;5198;5202;5.34;0.33;279.45;4.74;957;25;1779.00;4
4242;24;21188797;4242;429;5198;5203;5.33;0.33;279.48;4.74;956;25;1780.00;5
4245;24;21188806;4245;429;5198;5203;5.32;0.33;279.55;4.74;953;25;1781.00;5
4249;24;21188815;4249;431;5201;5206;5.35;0.33;279.49;4.74;952;25;1782.00;5
4249;24;21188825;4249;433;5201;5206;5.36;0.33;279.49;4.74;952;25;1783.00;5
4253;24;21188835;4253;435;5201;5206;5.31;0.32;279.51;4.74;948;25;1784.00;5
4256;24;21188845;4256;436;5201;5206;5.28;0.32;279.57;4.74;945;25;1785.00;5
4258;24;21188855;4258;433;5206;5212;5.31;0.32;279.46;4.74;948;25;1786.00;6
4264;24;21188865;4264;439;5206;5212;5.30;0.32;279.49;4.74;942;25;1787.00;6
4265;24;21188875;4265;444;5206;5212;5.33;0.33;279.51;4.74;941;25;1788.00;6
4268;24;21188884;4268;439;5206;5212;5.35;0.33;279.48;4.74;938;25;1789.00;6
4268;24;21188893;4268;440;5209;5216;5.38;0.33;279.48;4.74;941;25;1790.00;7
4271;24;21188903;4271;443;5210;5217;5.37;0.33;279.48;4.74;939;25;1791.00;7
4274;24;21188913;4274;445;5210;5217;5.33;0.33;279.43;4.74;936;25;1792.00;7
4277;24;21188922;4277;452;5211;5218;5.30;0.32;279.43;4.73;934;25;1793.00;7
4280;24;21188932;4280;442;5211;5218;5.26;0.32;279.36;4.73;931;25;1794.00;7
4283;24;21188941;4283;435;5211;5218;5.22;0.32;279.42;4.73;928;25;1795.00;7
4288;24;21188950;4288;437;5211;5218;5.14;0.31;279.67;4.73;923;25;1796.00;7
4291;24;21188961;4291;420;5211;5218;5.15;0.32;279.63;4.73;920;25;1797.00;7
4292;24;21188971;4292;409;5211;5218;5.22;0.32;279.66;4.73;919;25;1798.00;7
4293;24;21188980;4293;400;5211;5218;5.30;0.32;279.70;4.73;918;25;1799.00;7
4294;24;21188993;4294;410;5283;5356;5.80;0.36;279.71;4.67;989;25;1800.00;73
4296;24;21189018;4296;402;5287;5357;5.93;0.37;279.72;4.67;991;25;1801.00;70
4296;24;21189029;4296;395;5299;5357;6.12;0.38;279.72;4.66;1003;25;1802.00;58
4297;24;21189040;4297;381;5303;5357;6.22;0.39;279.74;4.66;1006;25;1803.00;54
4300;24;21189056;4300;373;5309;5357;6.32;0.39;279.79;4.66;1009;25;1804.00;48
4300;24;21189067;4300;365;5310;5357;6.35;0.39;279.79;4.66;1010;25;1805.00;47
4303;24;21189078;4303;344;5316;5357;6.44;0.40;279.81;4.66;1013;25;1806.00;41
4303;24;21189089;4303;333;5317;5357;6.53;0.40;279.81;4.66;1014;25;1807.00;40
4303;24;21189100;4303;328;5323;5358;6.62;0.41;279.81;4.67;1020;25;1808.00;35
4305;24;21189111;4305;324;5329;5359;6.64;0.41;279.90;4.67;1024;25;1809.00;30
4307;24;21189123;4307;320;5331;5359;6.61;0.41;279.99;4.67;1024;25;1810.00;28
4308;24;21189135;4308;320;5336;5363;6.64;0.41;280.04;4.67;1028;25;1811.00;27
4310;24;21189147;4310;323;5339;5363;6.67;0.41;280.03;4.67;1029;25;1812.00;24
4310;24;21189159;4310;331;5339;5363;6.71;0.41;280.03;4.67;1029;25;1813.00;24
4312;24;21189170;4312;339;5341;5363;6.74;0.41;280.08;4.68;1029;25;1814.00;22
4314;24;21189182;4314;341;5346;5369;6.76;0.41;280.08;4.67;1032;25;1815.00;23
4315;24;21189194;4315;349;5346;5369;6.73;0.41;280.19;4.67;1031;25;1816.00;23
4318;24;21189206;4318;354;5347;5369;6.72;0.41;280.27;4.68;1029;25;1817.00;22
4321;24;21189218;4321;344;5349;5372;6.75;0.41;280.42;4.67;1028;25;1818.00;23
4322;24;21189230;4322;338;5349;5372;6.77;0.41;280.41;4.67;1027;25;1819.00;23
4324;24;21189242;4324;337;5351;5372;6.78;0.41;280.51;4.68;1027;25;1820.00;21
4326;24;21189254;4326;334;5351;5373;6.79;0.41;280.50;4.68;1025;25;1821.00;22
4327;24;21189266;4327;332;5352;5374;6.84;0.42;280.59;4.68;1025;25;1822.00;22
4330;24;21189278;4330;331;5353;5374;6.84;0.42;280.65;4.68;1023;25;1823.00;21
4332;24;21189290;4332;328;5361;5387;6.92;0.42;280.78;4.67;1029;25;1824.00;26
4334;24;21189303;4334;322;5361;5387;7.03;0.43;280.76;4.67;1027;25;1825.00;26
4338;24;21189315;4338;319;5361;5387;7.09;0.43;280.86;4.67;1023;25;1826.00;26
4343;24;21189326;4343;321;5363;5388;7.14;0.44;280.84;4.68;1020;25;1827.00;25
4344;24;21189338;4344;319;5364;5388;7.21;0.44;280.78;4.68;1020;25;1828.00;24
4346;24;21189351;4346;326;5368;5392;7.29;0.44;280.79;4.67;1022;25;1829.00;24
4348;24;21189365;4348;332;5368;5392;7.34;0.45;280.80;4.67;1020;25;1830.00;24
4349;24;21189378;4349;332;5373;5396;7.31;0.45;280.83;4.67;1024;25;1831.00;23
4351;24;21189390;4351;325;5373;5396;7.32;0.44;280.86;4.67;1022;25;1832.00;23
4353;24;21189401;4353;328;5373;5396;7.30;0.44;280.93;4.67;1020;25;1833.00;23
4358;24;21189413;4358;328;5373;5396;7.28;0.44;281.10;4.67;1015;25;1834.00;23
4361;24;21189425;4361;333;5373;5396;7.29;0.44;281.10;4.67;1012;25;1835.00;23
4363;25;21189437;4363;332;5382;5408;7.39;0.45;281.25;4.66;1019;26;1836.00;26
4367;25;21189467;4367;335;5382;5408;7.36;0.45;281.38;4.66;1015;26;1837.00;26
4368;25;21189486;4368;342;5384;5408;7.38;0.45;281.40;4.66;1016;26;1838.00;24
4372;25;21189498;4372;344;5384;5408;7.30;0.44;281.46;4.66;1012;26;1839.00;24
4373;26;21189510;4373;336;5384;5408;7.25;0.44;281.49;4.66;1011;27;1840.00;24
4374;26;21189535;4374;329;5384;5408;7.25;0.44;281.53;4.66;1010;27;1841.00;24
4376;26;21189546;4376;330;5384;5409;7.23;0.44;281.66;4.66;1008;27;1842.00;25
4381;26;21189558;4381;328;5384;5409;7.22;0.44;281.95;4.66;1003;27;1843.00;25
4385;27;21189575;4385;323;5389;5415;7.23;0.44;281.98;4.66;1004;28;1844.00;26
4386;27;21189603;4386;312;5391;5417;7.26;0.44;282.07;4.66;1005;28;1845.00;26
4387;27;21189615;4387;316;5391;5417;7.26;0.44;282.10;4.66;1004;28;1846.00;26
4389;27;21189627;4389;313;5391;5417;7.26;0.44;282.15;4.66;1002;28;1847.00;26
4389;27;21189638;4389;313;5394;5421;7.34;0.45;282.15;4.65;1005;28;1848.00;27
4395;27;21189650;4395;313;5394;5421;7.33;0.45;282.38;4.65;999;28;1849.00;27
4398;27;21189662;4398;311;5394;5421;7.28;0.44;282.35;4.65;996;28;1850.00;27
4400;27;21189675;4400;312;5395;5422;7.20;0.44;282.34;4.65;995;28;1851.00;27
4406;27;21189687;4406;306;5398;5426;7.12;0.43;282.46;4.65;992;28;1852.00;28
4409;27;21189698;4409;304;5398;5426;7.08;0.43;282.51;4.65;989;28;1853.00;28
4412;27;21189710;4412;298;5400;5429;7.09;0.43;282.72;4.65;988;28;1854.00;29
4414;27;21189721;4414;297;5403;5429;7.04;0.43;282.74;4.68;989;28;1855.00;26
4418;27;21189734;4418;299;5403;5429;7.03;0.43;282.79;4.68;985;28;1856.00;26
4422;27;21189745;4422;291;5403;5429;6.99;0.43;282.77;4.68;981;28;1857.00;26
4428;27;21189757;4428;282;5407;5433;6.99;0.43;282.84;4.68;979;28;1858.00;26
4431;27;21189769;4431;279;5407;5433;7.00;0.43;282.94;4.68;976;28;1859.00;26
4434;27;21189781;4434;273;5407;5433;7.05;0.43;283.01;4.68;973;28;1860.00;26
4437;27;21189793;4437;271;5407;5433;7.11;0.43;283.17;4.68;970;28;1861.00;26
4438;27;21189804;4438;264;5407;5434;7.12;0.43;283.20;4.68;969;28;1862.00;27
4441;27;21189815;4441;265;5408;5435;7.07;0.43;283.33;4.68;967;28;1863.00;27
4448;27;21189826;4448;262;5408;5435;7.00;0.43;283.42;4.68;960;28;1864.00;27
4451;27;21189838;4451;261;5409;5436;7.02;0.43;283.39;4.68;958;28;1865.00;27
4453;27;21189849;4453;261;5409;5436;7.04;0.43;283.43;4.68;956;28;1866.00;27
4454;27;21189860;4454;262;5409;5436;7.09;0.43;283.42;4.68;955;28;1867.00;27
4456;27;21189870;4456;261;5409;5436;7.13;0.44;283.48;4.68;953;28;1868.00;27
4456;27;21189881;4456;260;5409;5436;7.16;0.44;283.48;4.68;953;28;1869.00;27
4460;27;21189892;4460;254;5409;5436;7.18;0.44;283.56;4.68;949;28;1870.00;27
4462;27;21189903;4462;255;5409;5436;7.26;0.44;283.62;4.68;947;28;1871.00;27
4467;27;21189915;4467;274;5476;5563;7.33;0.45;283.70;4.63;1009;28;1872.00;87
4471;27;21189936;4471;263;5479;5564;7.33;0.45;283.73;4.63;1008;28;1873.00;85
4472;27;21189950;4472;256;5484;5564;7.40;0.46;283.77;4.63;1012;28;1874.00;80
4473;27;21189963;4473;256;5485;5564;7.41;0.46;283.88;4.63;1012;28;1875.00;79
4477;27;21189977;4477;257;5493;5564;7.47;0.46;283.90;4.63;1016;28;1876.00;71
4480;27;21190010;4480;255;5494;5564;7.53;0.46;284.05;4.63;1014;28;1877.00;70
4483;27;21190035;4483;256;5497;5564;7.59;0.47;284.14;4.63;1014;28;1878.00;67
4485;27;21190047;4485;254;5502;5564;7.60;0.47;284.20;4.63;1017;28;1879.00;62
4488;27;21190059;4488;254;5506;5565;7.61;0.47;284.17;4.65;1018;28;1880.00;59
4493;27;21190078;4493;252;5510;5566;7.63;0.47;284.17;4.65;1017;28;1881.00;56
4494;27;21190092;4494;256;5514;5568;7.62;0.47;284.17;4.65;1020;28;1882.00;54
4498;27;21190104;4498;250;5517;5569;7.57;0.46;284.21;4.68;1019;28;1883.00;52
4499;27;21190122;4499;255;5519;5569;7.59;0.47;284.24;4.68;1020;28;1884.00;50
4500;27;21190135;4500;255;5523;5569;7.62;0.47;284.29;4.70;1023;28;1885.00;46
4503;27;21190146;4503;266;5526;5569;7.61;0.47;284.31;4.71;1023;28;1886.00;43
4506;27;21190158;4506;268;5531;5573;7.57;0.47;284.28;4.73;1025;28;1887.00;42
4510;27;21190171;4510;276;5534;5573;7.58;0.47;284.32;4.73;1024;28;1888.00;39
4513;27;21190183;4513;284;5535;5573;7.50;0.46;284.48;4.73;1022;28;1889.00;38
4517;27;21190196;4517;288;5541;5579;7.40;0.45;284.53;4.75;1024;28;1890.00;38
4519;27;21190209;4519;298;5543;5579;7.32;0.45;284.56;4.75;1024;28;1891.00;36
4521;27;21190220;4521;304;5543;5579;7.30;0.45;284.53;4.75;1022;28;1892.00;36
4523;27;21190232;4523;311;5548;5583;7.17;0.44;284.54;4.78;1025;28;1893.00;35
4525;27;21190244;4525;325;5553;5584;7.14;0.44;284.56;4.82;1028;28;1894.00;31
4530;27;21190256;4530;327;5553;5584;7.04;0.43;284.71;4.82;1023;28;1895.00;31
4531;27;21190267;4531;329;5556;5588;6.97;0.43;284.68;4.81;1025;28;1896.00;32
4533;27;21190279;4533;331;5560;5588;6.89;0.42;284.81;4.85;1027;28;1897.00;28
4535;27;21190291;4535;330;5560;5588;6.84;0.42;284.88;4.85;1025;28;1898.00;28
4540;27;21190304;4540;335;5564;5589;6.72;0.41;284.97;4.88;1024;28;1899.00;25
4541;27;21190316;4541;335;5564;5589;6.61;0.40;284.94;4.88;1023;28;1900.00;25
4543;27;21190337;4543;337;5569;5595;6.57;0.40;285.03;4.88;1026;28;1901.00;26
4547;27;21190349;4547;338;5572;5595;6.44;0.39;284.90;4.91;1025;28;1902.00;23
4548;27;21190360;4548;345;5572;5596;6.38;0.39;284.93;4.91;1024;28;1903.00;24
4550;27;21190371;4550;350;5572;5596;6.35;0.39;284.89;4.91;1022;28;1904.00;24
4553;27;21190382;4553;351;5572;5596;6.33;0.39;284.92;4.91;1019;28;1905.00;24
4554;27;21190393;4554;357;5575;5596;6.35;0.39;284.88;4.96;1021;28;1906.00;21
4556;27;21190403;4556;361;5575;5596;6.35;0.39;284.94;4.96;1019;28;1907.00;21
4558;27;21190413;4558;366;5587;5608;6.37;0.39;284.98;4.98;1029;28;1908.00;21
4561;27;21190425;4561;360;5588;5608;6.40;0.39;285.10;4.99;1027;28;1909.00;20
4563;27;21190437;4563;362;5589;5608;6.45;0.40;285.11;4.99;1026;28;1910.00;19
4566;27;21190448;4566;365;5590;5608;6.44;0.40;285.14;5.00;1024;28;1911.00;18
4573;27;21190458;4573;372;5591;5608;6.37;0.39;285.20;5.01;1018;28;1912.00;17
4575;27;21190468;4575;374;5591;5608;6.40;0.39;285.26;5.01;1016;28;1913.00;17
4578;27;21190478;4578;384;5595;5612;6.33;0.39;285.29;5.02;1017;28;1914.00;17
4580;27;21190488;4580;389;5595;5612;6.31;0.39;285.42;5.02;1015;28;1915.00;17
4588;27;21190498;4588;394;5601;5616;6.20;0.38;285.42;5.02;1013;28;1916.00;15
4590;27;21190509;4590;398;5603;5617;6.15;0.38;285.46;5.04;1013;28;1917.00;14
4595;27;21190519;4595;403;5603;5617;6.07;0.37;285.44;5.04;1008;28;1918.00;14
4600;27;21190528;4600;409;5603;5617;5.95;0.37;285.40;5.04;1003;28;1919.00;14
4604;27;21190540;4604;422;5626;5646;5.91;0.36;285.39;5.03;1022;28;1920.00;20
4613;27;21190552;4613;419;5626;5646;5.70;0.35;285.28;5.03;1013;28;1921.00;20
4616;27;21190563;4616;425;5629;5646;5.65;0.35;285.31;5.03;1013;28;1922.00;17
4620;27;21190572;4620;427;5632;5647;5.59;0.35;285.30;5.02;1012;28;1923.00;15
4624;27;21190581;4624;428;5632;5648;5.48;0.34;285.26;5.02;1008;28;1924.00;16
4624;27;21190590;4624;416;5632;5648;5.51;0.34;285.26;5.02;1008;28;1925.00;16
4628;27;21190599;4628;413;5635;5651;5.56;0.34;285.23;5.02;1007;28;1926.00;16
4630;27;21190609;4630;402;5635;5651;5.61;0.35;285.22;5.02;1005;28;1927.00;16
4639;27;21190619;4639;394;5635;5651;5.52;0.34;285.21;5.02;996;28;1928.00;16
4642;27;21190628;4642;383;5635;5651;5.54;0.34;285.23;5.02;993;28;1929.00;16
4645;27;21190638;4645;385;5640;5657;5.61;0.35;285.10;5.02;995;28;1930.00;17
4648;27;21190648;4648;385;5640;5657;5.60;0.34;285.26;5.02;992;28;1931.00;17
4649;27;21190658;4649;377;5640;5657;5.63;0.35;285.29;5.02;991;28;1932.00;17
4650;27;21190668;4650;377;5640;5657;5.63;0.35;285.33;5.02;990;28;1933.00;17
4654;27;21190678;4654;374;5643;5661;5.60;0.34;285.38;5.02;989;28;1934.00;18
4659;27;21190688;4659;372;5645;5663;5.50;0.34;285.22;5.01;986;28;1935.00;18
4661;27;21190698;4661;369;5645;5663;5.43;0.33;285.23;5.01;984;28;1936.00;18
4663;27;21190708;4663;372;5646;5664;5.42;0.33;285.22;5.01;983;28;1937.00;18
4665;27;21190717;4665;382;5646;5664;5.36;0.33;285.30;5.01;981;28;1938.00;18
4668;27;21190726;4668;381;5646;5664;5.35;0.33;285.35;5.01;978;28;1939.00;18
4671;27;21190737;4671;386;5646;5664;5.32;0.33;285.38;5.01;975;28;1940.00;18
4674;27;21190747;4674;392;5646;5664;5.28;0.32;285.34;5.01;972;28;1941.00;18
4677;27;21190757;4677;396;5646;5664;5.25;0.32;285.35;5.01;969;28;1942.00;18
4682;27;21190772;4682;403;5646;5664;5.26;0.32;285.27;5.01;964;28;1943.00;18
4687;27;21190782;4687;416;5687;5734;5.34;0.33;285.27;4.98;1000;28;1944.00;47
4690;27;21190797;4690;411;5688;5735;5.38;0.33;285.29;4.98;998;28;1945.00;47
4696;27;21190808;4696;415;5695;5735;5.43;0.33;285.39;4.97;999;28;1946.00;40
4698;27;21190818;4698;426;5698;5735;5.49;0.34;285.35;4.97;1000;28;1947.00;37
4702;27;21190828;4702;424;5701;5735;5.46;0.33;285.33;4.97;999;28;1948.00;34
4705;27;21190838;4705;431;5702;5735;5.43;0.33;285.49;4.97;997;28;1949.00;33
4707;27;21190850;4707;434;5707;5737;5.40;0.33;285.53;4.97;1000;28;1950.00;30
4712;27;21190861;4712;421;5710;5737;5.42;0.33;285.58;4.97;998;28;1951.00;27
4716;27;21190872;4716;418;5711;5738;5.37;0.33;285.53;4.97;995;28;1952.00;27
4717;27;21190883;4717;410;5713;5739;5.39;0.33;285.56;4.97;996;28;1953.00;26
4719;27;21190894;4719;409;5714;5739;5.40;0.33;285.57;4.97;995;28;1954.00;25
4724;27;21190904;4724;411;5717;5743;5.38;0.33;285.51;4.97;993;28;1955.00;26
4727;28;21190916;4727;412;5718;5743;5.34;0.33;285.52;4.97;991;29;1956.00;25
4731;28;21190937;4731;410;5718;5743;5.32;0.32;285.51;4.97;987;29;1957.00;25
4735;28;21190948;4735;413;5719;5743;5.31;0.32;285.41;4.97;984;29;1958.00;24
4738;29;21190959;4738;414;5724;5749;5.39;0.33;285.42;4.97;986;30;1959.00;25
4741;29;21190981;4741;416;5725;5749;5.45;0.33;285.42;4.97;984;30;1960.00;24
4743;29;21190992;4743;414;5725;5749;5.53;0.34;285.35;4.97;982;30;1961.00;24
4744;29;21191004;4744;413;5727;5752;5.58;0.34;285.38;4.97;983;30;1962.00;25
4748;29;21191015;4748;414;5728;5752;5.64;0.34;285.34;4.97;980;30;1963.00;24
4754;29;21191026;4754;416;5728;5752;5.69;0.35;285.38;4.97;974;30;1964.00;24
4755;29;21191038;4755;415;5728;5753;5.72;0.35;285.39;4.97;973;30;1965.00;25
4755;29;21191048;4755;415;5729;5754;5.74;0.35;285.39;4.97;974;30;1966.00;25
4757;29;21191059;4757;418;5729;5754;5.69;0.34;285.31;4.97;972;30;1967.00;25
4757;29;21191069;4757;419;5740;5767;5.77;0.35;285.31;4.96;983;30;1968.00;27
4758;29;21191082;4758;420;5740;5767;5.77;0.35;285.26;4.96;982;30;1969.00;27
4760;29;21191093;4760;423;5740;5767;5.76;0.35;285.22;4.96;980;30;1970.00;27
4762;29;21191104;4762;429;5741;5768;5.80;0.35;285.20;4.96;979;30;1971.00;27
4765;29;21191115;4765;417;5741;5768;5.80;0.35;285.21;4.96;976;30;1972.00;27
4766;29;21191125;4766;412;5745;5772;5.89;0.36;285.17;4.95;979;30;1973.00;27
4770;29;21191145;4770;411;5745;5772;5.90;0.36;285.17;4.95;975;30;1974.00;27
4772;29;21191157;4772;399;5748;5776;5.99;0.36;285.19;4.95;976;30;1975.00;28
4773;29;21191170;4773;401;5748;5776;6.04;0.37;285.17;4.95;975;30;1976.00;28
4776;29;21191181;4776;398;5748;5776;6.11;0.37;285.24;4.95;972;30;1977.00;28
4779;29;21191193;4779;401;5748;5776;6.17;0.37;285.26;4.95;969;30;1978.00;28
4781;29;21191206;4781;398;5748;5776;6.24;0.38;285.32;4.95;967;30;1979.00;28
4784;29;21191220;4784;402;5776;5810;6.42;0.39;285.30;4.93;992;30;1980.00;34
4785;29;21191241;4785;384;5776;5810;6.49;0.40;285.34;4.93;991;30;1981.00;34
4787;29;21191252;4787;378;5778;5810;6.55;0.40;285.39;4.93;991;30;1982.00;32
4787;29;21191264;4787;373;5778;5810;6.60;0.40;285.39;4.93;991;30;1983.00;32
4787;30;21191276;4787;366;5779;5810;6.62;0.40;285.39;4.93;992;31;1984.00;31
4789;30;21191295;4789;360;5779;5810;6.65;0.40;285.54;4.93;990;31;1985.00;31
4791;30;21191312;4791;354;5779;5811;6.60;0.40;285.66;4.93;988;31;1986.00;32
4793;30;21191324;4793;355;5779;5811;6.58;0.40;285.78;4.93;986;31;1987.00;32
4794;30;21191336;4794;363;5784;5817;6.61;0.40;285.84;4.92;990;31;1988.00;33
4797;30;21191348;4797;366;5785;5818;6.54;0.40;285.99;4.92;988;31;1989.00;33
4798;30;21191360;4798;370;5785;5818;6.51;0.39;286.00;4.92;987;31;1990.00;33
4799;30;21191371;4799;378;5785;5818;6.43;0.39;286.09;4.92;986;31;1991.00;33
4802;30;21191383;4802;372;5788;5822;6.34;0.38;286.22;4.92;986;31;1992.00;34
4803;30;21191395;4803;378;5788;5822;6.30;0.38;286.20;4.92;985;31;1993.00;34
4806;30;21191406;4806;373;5788;5822;6.24;0.38;286.35;4.92;982;31;1994.00;34
4807;30;21191431;4807;376;5789;5823;6.22;0.38;286.38;4.92;982;31;1995.00;34
4810;30;21191455;4810;368;5792;5827;6.20;0.38;286.47;4.92;982;31;1996.00;35
4813;30;21191467;4813;365;5792;5827;6.23;0.38;286.59;4.92;979;31;1997.00;35
4815;30;21191479;4815;364;5794;5830;6.28;0.38;286.60;4.92;979;31;1998.00;36
4816;30;21191491;4816;364;5794;5830;6.31;0.38;286.71;4.92;978;31;1999.00;36
4817;30;21191502;4817;371;5795;5830;6.38;0.39;286.68;4.91;978;31;2000.00;35
4820;30;21191518;4820;373;5795;5830;6.36;0.39;286.80;4.91;975;31;2001.00;35
4821;30;21191529;4821;374;5799;5834;6.40;0.39;286.76;4.91;978;31;2002.00;35
4824;30;21191547;4824;373;5799;5834;6.43;0.39;286.83;4.91;975;31;2003.00;35
4825;30;21191558;4825;365;5799;5834;6.49;0.39;286.86;4.91;974;31;2004.00;35
4825;30;21191569;4825;364;5799;5834;6.51;0.39;286.86;4.91;974;31;2005.00;35
4829;30;21191580;4829;358;5799;5835;6.46;0.39;286.90;4.91;970;31;2006.00;36
4829;30;21191591;4829;357;5800;5836;6.53;0.40;286.90;4.91;971;31;2007.00;36
4832;30;21191601;4832;362;5800;5836;6.56;0.40;286.99;4.91;968;31;2008.00;36
4833;30;21191613;4833;367;5801;5837;6.66;0.41;287.09;4.91;968;31;2009.00;36
4837;30;21191625;4837;369;5801;5837;6.69;0.41;287.30;4.91;964;31;2010.00;36
4839;30;21191636;4839;365;5801;5837;6.73;0.41;287.50;4.91;962;31;2011.00;36
4842;30;21191646;4842;372;5801;5837;6.80;0.41;287.48;4.91;959;31;2012.00;36
4844;30;21191657;4844;370;5801;5837;6.79;0.41;287.51;4.91;957;31;2013.00;36
4847;30;21191675;4847;377;5801;5837;6.84;0.42;287.65;4.91;954;31;2014.00;36
4848;30;21191685;4848;371;5801;5837;6.91;0.42;287.70;4.91;953;31;2015.00;36
4853;30;21191696;4853;395;5876;5964;6.89;0.43;287.75;4.85;1023;31;2016.00;88
4856;30;21191717;4856;374;5876;5965;6.89;0.43;287.86;4.85;1020;31;2017.00;89
4857;30;21191728;4857;360;5881;5965;6.98;0.43;287.86;4.85;1024;31;2018.00;84
4861;30;21191741;4861;357;5881;5965;7.03;0.43;288.00;4.85;1020;31;2019.00;84
4865;30;21191753;4865;354;5885;5965;7.06;0.43;288.14;4.85;1020;31;2020.00;80
4867;30;21191764;4867;347;5885;5965;7.07;0.43;288.23;4.85;1018;31;2021.00;80
4870;30;21191784;4870;343;5889;5965;7.17;0.44;288.29;4.85;1019;31;2022.00;76
4872;30;21191795;4872;349;5890;5965;7.27;0.44;288.30;4.85;1018;31;2023.00;75
4872;30;21191806;4872;349;5893;5966;7.31;0.45;288.30;4.85;1021;31;2024.00;73
4876;30;21191819;4876;349;5899;5968;7.31;0.45;288.42;4.85;1023;31;2025.00;69
4878;30;21191831;4878;338;5902;5968;7.30;0.45;288.46;4.85;1024;31;2026.00;66
4883;30;21191842;4883;331;5904;5969;7.22;0.44;288.71;4.86;1021;31;2027.00;65
4885;30;21191854;4885;335;5905;5969;7.19;0.44;288.82;4.86;1020;31;2028.00;64
4888;30;21191865;4888;329;5908;5969;7.12;0.43;288.85;4.86;1020;31;2029.00;61
4893;30;21191877;4893;326;5912;5969;6.98;0.43;289.03;4.89;1019;31;2030.00;57
4896;30;21191890;4896;321;5915;5973;6.85;0.42;289.15;4.89;1019;31;2031.00;58
4896;30;21191902;4896;320;5916;5973;6.77;0.41;289.15;4.89;1020;31;2032.00;57
4899;30;21191914;4899;315;5920;5973;6.66;0.41;289.32;4.90;1021;31;2033.00;53
4902;30;21191925;4902;314;5923;5976;6.55;0.40;289.40;4.90;1021;31;2034.00;53
4905;30;21191938;4905;309;5923;5976;6.58;0.40;289.48;4.90;1018;31;2035.00;53
4906;30;21191949;4906;303;5925;5976;6.61;0.40;289.59;4.91;1019;31;2036.00;51
4908;30;21191967;4908;308;5927;5980;6.67;0.41;289.71;4.91;1019;31;2037.00;53
4908;30;21191979;4908;305;5928;5981;6.74;0.41;289.71;4.91;1020;31;2038.00;53
4910;30;21191991;4910;311;5930;5981;6.84;0.42;289.88;4.91;1020;31;2039.00;51
4914;30;21192003;4914;305;5933;5986;6.89;0.42;290.02;4.90;1019;31;2040.00;53
4916;30;21192016;4916;303;5934;5986;6.96;0.42;290.14;4.90;1018;31;2041.00;52
4919;30;21192028;4919;298;5934;5986;7.05;0.43;290.01;4.90;1015;31;2042.00;52
4920;30;21192039;4920;292;5935;5987;7.12;0.43;290.00;4.90;1015;31;2043.00;52
4922;30;21192050;4922;287;5935;5987;7.21;0.44;289.98;4.90;1013;31;2044.00;52
4926;30;21192062;4926;291;5939;5993;7.27;0.44;290.12;4.90;1013;31;2045.00;54
4931;30;21192074;4931;291;5939;5993;7.30;0.44;290.27;4.90;1008;31;2046.00;54
4933;30;21192087;4933;292;5939;5994;7.29;0.44;290.32;4.90;1006;31;2047.00;55
4935;30;21192099;4935;293;5939;5994;7.34;0.45;290.38;4.90;1004;31;2048.00;55
4939;30;21192110;4939;298;5939;5994;7.27;0.44;290.41;4.90;1000;31;2049.00;55
4942;30;21192122;4942;294;5940;5994;7.18;0.44;290.51;4.90;998;31;2050.00;54
4943;30;21192133;4943;298;5941;5994;7.07;0.43;290.60;4.92;998;31;2051.00;53
4946;30;21192144;4946;301;5952;6006;7.16;0.44;290.74;4.92;1006;31;2052.00;54
4950;30;21192156;4950;312;5953;6006;7.10;0.43;290.78;4.93;1003;31;2053.00;53
4952;30;21192174;4952;314;5955;6006;7.00;0.43;290.77;4.93;1003;31;2054.00;51
4953;30;21192185;4953;323;5958;6006;6.94;0.42;290.78;4.98;1005;31;2055.00;48
4958;30;21192197;4958;322;5960;6006;6.93;0.42;290.91;4.99;1002;31;2056.00;46
4960;30;21192214;4960;331;5961;6006;6.88;0.42;290.87;5.02;1001;31;2057.00;45
4962;30;21192225;4962;343;5965;6010;6.78;0.41;290.89;5.03;1003;31;2058.00;45
4964;30;21192238;4964;349;5965;6010;6.75;0.41;290.96;5.03;1001;31;2059.00;45
4965;30;21192249;4965;360;5971;6014;6.72;0.41;290.94;5.07;1006;31;2060.00;43
4968;30;21192260;4968;356;5972;6015;6.65;0.40;291.17;5.07;1004;31;2061.00;43
4972;30;21192271;4972;366;5973;6015;6.55;0.40;291.13;5.08;1001;31;2062.00;42
4973;30;21192282;4973;376;5974;6015;6.51;0.40;291.11;5.11;1001;31;2063.00;41
4976;30;21192293;4976;389;5986;6028;6.50;0.39;291.15;5.12;1010;31;2064.00;42
4976;30;21192315;4976;390;5987;6028;6.46;0.39;291.15;5.15;1011;31;2065.00;41
4976;30;21192326;4976;392;5988;6028;6.50;0.40;291.15;5.18;1012;31;2066.00;40
4978;30;21192337;4978;392;5990;6029;6.50;0.40;291.16;5.19;1012;31;2067.00;39
4981;30;21192349;4981;399;5991;6030;6.48;0.39;291.17;5.22;1010;31;2068.00;39
4986;30;21192360;4986;403;5992;6030;6.45;0.39;291.18;5.22;1006;31;2069.00;38
4987;30;21192373;4987;404;5997;6036;6.42;0.39;291.20;5.22;1010;31;2070.00;39
4989;30;21192384;4989;409;5998;6036;6.36;0.39;291.14;5.25;1009;31;2071.00;38
4991;30;21192394;4991;412;6000;6036;6.34;0.39;291.10;5.25;1009;31;2072.00;36
4992;30;21192405;4992;418;6001;6036;6.32;0.39;291.19;5.28;1009;31;2073.00;35
4994;30;21192415;4994;416;6008;6042;6.32;0.39;291.12;5.30;1014;31;2074.00;34
4996;30;21192427;4996;416;6008;6042;6.27;0.38;291.09;5.30;1012;31;2075.00;34
4996;30;21192437;4996;411;6009;6042;6.26;0.38;291.09;5.33;1013;31;2076.00;33
4999;30;21192448;4999;409;6009;6042;6.23;0.38;291.18;5.33;1010;31;2077.00;33
5000;30;21192458;5000;414;6013;6046;6.27;0.38;291.19;5.36;1013;31;2078.00;33
5002;30;21192469;5002;408;6015;6047;6.23;0.38;291.39;5.38;1013;31;2079.00;32
5002;30;21192480;5002;406;6015;6047;6.21;0.38;291.39;5.38;1013;31;2080.00;32
5005;30;21192489;5005;412;6018;6048;6.15;0.38;291.36;5.43;1013;31;2081.00;30
5006;30;21192499;5006;413;6018;6048;6.17;0.38;291.41;5.43;1012;31;2082.00;30
5009;30;21192509;5009;415;6018;6048;6.16;0.38;291.29;5.43;1009;31;2083.00;30
5013;31;21192521;5013;416;6021;6048;6.13;0.38;291.28;5.50;1008;32;2084.00;27
5015;31;21192545;5015;417;6021;6048;6.14;0.38;291.25;5.50;1006;32;2085.00;27
5016;31;21192555;5016;418;6022;6048;6.16;0.38;291.33;5.52;1006;32;2086.00;26
5019;31;21192564;5019;425;6022;6048;6.15;0.38;291.38;5.52;1003;32;2087.00;26
5021;31;21192578;5021;427;6059;6118;6.38;0.39;291.30;5.53;1038;32;2088.00;59
5025;31;21192594;5025;428;6062;6119;6.29;0.39;291.26;5.55;1037;32;2089.00;57
5029;31;21192604;5029;429;6072;6119;6.28;0.39;291.20;5.56;1043;32;2090.00;47
5032;31;21192615;5032;434;6078;6119;6.18;0.38;291.15;5.56;1046;32;2091.00;41
5035;31;21192625;5035;435;6084;6119;6.06;0.37;291.09;5.58;1049;32;2092.00;35
5040;31;21192635;5040;440;6086;6119;5.91;0.36;291.07;5.58;1046;32;2093.00;33
5042;31;21192645;5042;438;6088;6119;5.82;0.36;291.04;5.58;1046;32;2094.00;31
5047;31;21192655;5047;442;6092;6119;5.67;0.35;290.89;5.63;1045;32;2095.00;27
5053;31;21192666;5053;449;6094;6120;5.56;0.34;290.71;5.63;1041;32;2096.00;26
5055;31;21192676;5055;456;6096;6121;5.44;0.33;290.70;5.63;1041;32;2097.00;25
5058;31;21192687;5058;461;6099;6121;5.31;0.32;290.71;5.65;1041;32;2098.00;22
5064;31;21192698;5064;471;6103;6125;5.13;0.31;290.57;5.65;1039;32;2099.00;22
5068;31;21192712;5068;471;6110;6140;4.97;0.30;290.54;5.68;1042;32;2100.00;30
5071;31;21192731;5071;459;6110;6140;4.85;0.30;290.49;5.68;1039;32;2101.00;30
5073;31;21192742;5073;464;6110;6140;4.76;0.29;290.49;5.68;1037;32;2102.00;30
5078;31;21192752;5078;464;6114;6146;4.71;0.29;290.58;5.69;1036;32;2103.00;32
5078;31;21192764;5078;467;6116;6146;4.69;0.29;290.58;5.69;1038;32;2104.00;30
5082;31;21192774;5082;472;6116;6146;4.67;0.29;290.63;5.69;1034;32;2105.00;30
5085;31;21192785;5085;480;6121;6149;4.64;0.28;290.59;5.69;1036;32;2106.00;28
5087;31;21192796;5087;477;6121;6149;4.60;0.28;290.59;5.69;1034;32;2107.00;28
5090;31;21192807;5090;461;6121;6149;4.62;0.28;290.64;5.69;1031;32;2108.00;28
5091;31;21192818;5091;451;6121;6150;4.68;0.29;290.67;5.69;1030;32;2109.00;29
5094;31;21192828;5094;443;6122;6151;4.73;0.29;290.60;5.69;1028;32;2110.00;29
5095;31;21192839;5095;443;6124;6151;4.80;0.29;290.63;5.69;1029;32;2111.00;27
5098;31;21192850;5098;438;6133;6164;4.95;0.30;290.58;5.68;1035;32;2112.00;31
5100;31;21192863;5100;431;6133;6164;5.05;0.31;290.57;5.68;1033;32;2113.00;31
5103;31;21192874;5103;431;6134;6164;5.16;0.32;290.58;5.68;1031;32;2114.00;30
5106;31;21192897;5106;438;6136;6166;5.22;0.32;290.59;5.68;1030;32;2115.00;30
5109;31;21192909;5109;432;6138;6166;5.28;0.32;290.55;5.68;1029;32;2116.00;28
5113;31;21192920;5113;426;6141;6170;5.34;0.33;290.56;5.68;1028;32;2117.00;29
5115;31;21192934;5115;434;6141;6170;5.41;0.33;290.54;5.68;1026;32;2118.00;29
5119;31;21192947;5119;440;6144;6174;5.40;0.33;290.47;5.68;1025;32;2119.00;30
5125;31;21192959;5125;434;6144;6174;5.41;0.33;290.66;5.68;1019;32;2120.00;30
5128;31;21192971;5128;439;6145;6174;5.37;0.33;290.65;5.68;1017;32;2121.00;29
5130;31;21192983;5130;438;6146;6174;5.38;0.33;290.65;5.68;1016;32;2122.00;28
5133;31;21193002;5133;439;6147;6174;5.37;0.33;290.66;5.69;1014;32;2123.00;27
5135;31;21193014;5135;440;6156;6186;5.43;0.33;290.63;5.68;1021;32;2124.00;30
5136;31;21193028;5136;440;6156;6186;5.46;0.33;290.60;5.68;1020;32;2125.00;30
5138;31;21193039;5138;445;6158;6186;5.51;0.34;290.65;5.68;1020;32;2126.00;28
5140;31;21193052;5140;444;6160;6186;5.56;0.34;290.66;5.68;1020;32;2127.00;26
5143;31;21193064;5143;448;6160;6186;5.61;0.34;290.71;5.68;1017;32;2128.00;26
5144;31;21193076;5144;446;6161;6186;5.67;0.35;290.74;5.68;1017;32;2129.00;25
5149;31;21193090;5149;436;6161;6187;5.62;0.34;290.88;5.68;1012;32;2130.00;26
5150;31;21193103;5150;435;6161;6187;5.62;0.34;290.92;5.68;1011;32;2131.00;26
5155;31;21193115;5155;437;6166;6193;5.62;0.34;291.00;5.68;1011;32;2132.00;27
5157;31;21193127;5157;434;6166;6194;5.59;0.34;290.99;5.68;1009;32;2133.00;28
5161;31;21193145;5161;440;6167;6194;5.52;0.34;290.98;5.68;1006;32;2134.00;27
5165;31;21193165;5165;434;6167;6194;5.49;0.33;291.01;5.68;1002;32;2135.00;27
5169;31;21193177;5169;428;6170;6198;5.52;0.34;291.03;5.68;1001;32;2136.00;28
5176;31;21193190;5176;427;6170;6198;5.48;0.33;291.00;5.68;994;32;2137.00;28
5179;31;21193202;5179;425;6170;6198;5.47;0.33;291.02;5.68;991;32;2138.00;28
5181;31;21193215;5181;418;6171;6199;5.48;0.33;291.02;5.67;990;32;2139.00;28
5181;31;21193226;5181;414;6174;6203;5.48;0.33;291.02;5.67;993;32;2140.00;29
5182;31;21193237;5182;418;6174;6203;5.44;0.33;291.00;5.67;992;32;2141.00;29
5182;31;21193248;5182;421;6176;6206;5.40;0.33;291.00;5.67;994;32;2142.00;30
5182;31;21193259;5182;424;6176;6206;5.36;0.33;291.00;5.67;994;32;2143.00;30
5184;31;21193270;5184;424;6177;6206;5.29;0.32;291.01;5.67;993;32;2144.00;29
5188;31;21193281;5188;431;6177;6206;5.20;0.32;291.13;5.67;989;32;2145.00;29
5191;31;21193294;5191;431;6181;6210;5.17;0.32;291.19;5.67;990;32;2146.00;29
5195;31;21193306;5195;426;6181;6210;5.15;0.31;291.26;5.67;986;32;2147.00;29
5195;31;21193319;5195;414;6181;6210;5.15;0.31;291.26;5.67;986;32;2148.00;29
5197;31;21193330;5197;414;6181;6210;5.18;0.32;291.26;5.67;984;32;2149.00;29
5197;31;21193342;5197;407;6181;6211;5.22;0.32;291.26;5.67;984;32;2150.00;30
5198;31;21193353;5198;403;6182;6212;5.31;0.32;291.24;5.67;984;32;2151.00;30
5199;31;21193364;5199;398;6182;6212;5.41;0.33;291.25;5.67;983;32;2152.00;30
5202;31;21193376;5202;396;6183;6213;5.53;0.34;291.28;5.67;981;32;2153.00;30
5205;31;21193387;5205;389;6183;6213;5.60;0.34;291.37;5.67;978;32;2154.00;30
5208;31;21193399;5208;382;6183;6213;5.71;0.35;291.47;5.67;975;32;2155.00;30
5211;31;21193411;5211;378;6183;6213;5.78;0.35;291.50;5.67;972;32;2156.00;30
5214;31;21193423;5214;366;6183;6213;5.84;0.36;291.56;5.67;969;32;2157.00;30
5217;31;21193435;5217;353;6183;6213;5.87;0.36;291.52;5.67;966;32;2158.00;30
5219;31;21193447;5219;347;6183;6213;5.92;0.36;291.55;5.67;964;32;2159.00;30
5222;31;21193467;5222;392;6307;6443;6.14;0.39;291.67;5.55;1085;32;2160.00;136
5226;31;21193499;5226;384;6311;6444;6.21;0.39;291.76;5.55;1085;32;2161.00;133
5228;31;21193513;5228;363;6320;6444;6.38;0.40;291.80;5.55;1092;32;2162.00;124
5231;31;21193526;5231;357;6327;6444;6.44;0.40;291.83;5.54;1096;32;2163.00;117
5233;31;21193545;5233;360;6332;6444;6.52;0.41;291.84;5.54;1099;32;2164.00;112
5235;31;21193558;5235;356;6336;6444;6.54;0.41;291.95;5.54;1101;32;2165.00;108
5235;31;21193571;5235;362;6342;6444;6.51;0.41;291.95;5.54;1107;32;2166.00;102
5239;31;21193583;5239;363;6347;6444;6.49;0.40;292.06;5.54;1108;32;2167.00;97
5241;31;21193596;5241;366;6353;6445;6.44;0.40;292.15;5.55;1112;32;2168.00;92
5243;31;21193609;5243;373;6357;6446;6.41;0.40;292.16;5.55;1114;32;2169.00;89
5247;31;21193621;5247;373;6362;6446;6.40;0.40;292.21;5.55;1115;32;2170.00;84
5249;31;21193634;5249;369;6366;6447;6.34;0.39;292.35;5.56;1117;32;2171.00;81
5249;31;21193646;5249;377;6369;6447;6.25;0.39;292.35;5.56;1120;32;2172.00;78
5254;31;21193659;5254;384;6370;6447;6.17;0.38;292.48;5.56;1116;32;2173.00;77
5256;31;21193674;5256;389;6373;6447;6.06;0.37;292.54;5.56;1117;32;2174.00;74
5259;31;21193688;5259;393;6377;6451;6.02;0.37;292.51;5.56;1118;32;2175.00;74
5261;31;21193700;5261;398;6380;6451;5.99;0.37;292.53;5.57;1119;32;2176.00;71
5265;31;21193714;5265;403;6381;6451;5.96;0.37;292.74;5.57;1116;32;2177.00;70
5266;31;21193726;5266;401;6382;6454;5.94;0.37;292.85;5.57;1116;32;2178.00;72
5269;31;21193739;5269;401;6385;6454;5.92;0.36;292.90;5.58;1116;32;2179.00;69
5271;31;21193753;5271;394;6386;6454;5.95;0.37;292.91;5.58;1115;32;2180.00;68
5273;31;21193767;5273;400;6391;6458;5.91;0.36;292.94;5.58;1118;32;2181.00;67
5274;31;21193780;5274;408;6392;6459;5.91;0.36;292.98;5.58;1118;32;2182.00;67
5279;31;21193798;5279;407;6393;6459;5.90;0.36;292.91;5.58;1114;32;2183.00;66
5279;31;21193811;5279;401;6396;6463;5.95;0.37;292.91;5.58;1117;32;2184.00;67
5283;31;21193824;5283;412;6398;6463;5.98;0.37;293.08;5.58;1115;32;2185.00;65
5285;31;21193836;5285;411;6399;6463;6.01;0.37;293.12;5.59;1114;32;2186.00;64
5285;31;21193849;5285;417;6400;6464;6.05;0.37;293.12;5.59;1115;32;2187.00;64
5286;31;21193861;5286;418;6400;6464;6.09;0.37;293.10;5.59;1114;32;2188.00;64
5287;31;21193874;5287;424;6404;6470;6.13;0.38;293.10;5.59;1117;32;2189.00;66
5289;31;21193892;5289;416;6405;6470;6.21;0.38;293.13;5.59;1116;32;2190.00;65
5293;31;21193914;5293;415;6407;6471;6.21;0.38;293.14;5.60;1114;32;2191.00;64
5297;31;21193929;5297;412;6408;6471;6.22;0.38;293.13;5.60;1111;32;2192.00;63
5297;31;21193945;5297;414;6409;6471;6.24;0.38;293.13;5.60;1112;32;2193.00;62
5301;31;21193959;5301;407;6409;6471;6.23;0.38;293.23;5.60;1108;32;2194.00;62
5302;31;21193979;5302;407;6409;6471;6.29;0.38;293.23;5.60;1107;32;2195.00;62
5303;31;21194002;5303;405;6420;6483;6.37;0.39;293.28;5.60;1117;32;2196.00;63
5308;31;21194032;5308;396;6421;6483;6.41;0.39;293.44;5.60;1113;32;2197.00;62
5309;31;21194052;5309;388;6423;6483;6.45;0.39;293.47;5.60;1114;32;2198.00;60
5313;31;21194067;5313;387;6423;6483;6.45;0.39;293.73;5.60;1110;32;2199.00;60
5315;31;21194082;5315;383;6423;6483;6.47;0.39;293.77;5.60;1108;32;2200.00;60
5318;31;21194108;5318;386;6424;6483;6.42;0.39;293.83;5.60;1106;32;2201.00;59
5321;31;21194121;5321;383;6427;6487;6.39;0.39;293.85;5.60;1106;32;2202.00;60
5324;31;21194137;5324;381;6427;6487;6.29;0.38;293.99;5.60;1103;32;2203.00;60
5326;31;21194150;5326;373;6431;6491;6.23;0.38;294.10;5.60;1105;32;2204.00;60
5327;31;21194163;5327;364;6434;6493;6.15;0.38;294.11;5.62;1107;32;2205.00;59
5331;31;21194176;5331;359;6434;6493;6.10;0.37;294.14;5.62;1103;32;2206.00;59
5334;31;21194188;5334;356;6435;6493;6.06;0.37;294.15;5.65;1101;32;2207.00;58
5339;31;21194200;5339;353;6444;6506;6.14;0.37;294.32;5.64;1105;32;2208.00;62
5343;31;21194213;5343;344;6444;6506;6.18;0.38;294.53;5.64;1101;32;2209.00;62
5344;31;21194226;5344;339;6446;6508;6.19;0.38;294.57;5.64;1102;32;2210.00;62
5346;31;21194238;5346;326;6447;6509;6.26;0.38;294.67;5.64;1101;32;2211.00;62
5349;31;21194250;5349;326;6447;6510;6.26;0.38;294.86;5.64;1098;32;2212.00;63
5355;31;21194262;5355;324;6447;6510;6.23;0.38;294.92;5.64;1092;32;2213.00;63
5357;31;21194273;5357;325;6449;6513;6.27;0.38;294.91;5.64;1092;32;2214.00;64
5361;31;21194286;5361;328;6450;6513;6.28;0.38;294.90;5.64;1089;32;2215.00;63
5362;31;21194298;5362;326;6450;6513;6.25;0.38;294.99;5.64;1088;32;2216.00;63
5366;31;21194310;5366;332;6450;6513;6.22;0.38;294.92;5.64;1084;32;2217.00;63
5366;31;21194322;5366;331;6455;6519;6.27;0.38;294.92;5.64;1089;32;2218.00;64
5370;31;21194333;5370;339;6455;6519;6.23;0.38;294.99;5.64;1085;32;2219.00;64
5373;31;21194347;5373;344;6455;6519;6.22;0.38;295.08;5.64;1082;32;2220.00;64
5374;31;21194358;5374;342;6456;6519;6.25;0.38;295.06;5.64;1082;32;2221.00;63
5376;31;21194370;5376;339;6459;6523;6.20;0.38;295.17;5.64;1083;32;2222.00;64
5377;31;21194382;5377;343;6460;6524;6.21;0.38;295.15;5.64;1083;32;2223.00;64
5381;31;21194395;5381;342;6461;6524;6.17;0.38;295.17;5.65;1080;32;2224.00;63
5381;31;21194407;5381;353;6462;6525;6.18;0.38;295.17;5.65;1081;32;2225.00;63
5385;31;21194420;5385;350;6462;6525;6.15;0.37;295.26;5.65;1077;32;2226.00;63
5387;31;21194433;5387;348;6463;6525;6.14;0.37;295.26;5.66;1076;32;2227.00;62
5389;31;21194446;5389;357;6463;6525;6.15;0.38;295.26;5.66;1074;32;2228.00;62
5390;31;21194458;5390;354;6463;6525;6.16;0.38;295.32;5.66;1073;32;2229.00;62
5394;31;21194470;5394;355;6466;6525;6.13;0.37;295.37;5.73;1072;32;2230.00;59
5396;31;21194483;5396;360;6468;6525;6.13;0.37;295.41;5.75;1072;32;2231.00;57
5400;31;21194497;5400;366;6504;6595;6.28;0.38;295.50;5.75;1104;32;2232.00;91
5403;31;21194516;5403;372;6507;6596;6.21;0.38;295.48;5.76;1104;32;2233.00;89
5404;31;21194531;5404;373;6515;6596;6.23;0.38;295.52;5.75;1111;32;2234.00;81
5406;31;21194545;5406;381;6519;6596;6.18;0.38;295.44;5.79;1113;32;2235.00;77
5407;31;21194558;5407;387;6522;6596;6.12;0.37;295.40;5.79;1115;32;2236.00;74
5410;31;21194571;5410;392;6525;6596;6.07;0.37;295.34;5.83;1115;32;2237.00;71
5411;31;21194584;5411;403;6527;6596;6.04;0.37;295.30;5.86;1116;32;2238.00;69
5412;31;21194597;5412;404;6530;6596;6.05;0.37;295.26;5.86;1118;32;2239.00;66
5415;31;21194609;5415;409;6533;6597;5.99;0.37;295.18;5.90;1118;32;2240.00;64
5417;31;21194622;5417;419;6537;6598;5.97;0.37;295.09;5.93;1120;32;2241.00;61
5418;31;21194635;5418;424;6538;6598;5.94;0.36;295.05;5.94;1120;32;2242.00;60
5420;31;21194648;5420;426;6547;6602;5.92;0.36;295.01;5.99;1127;32;2243.00;55
5422;31;21194662;5422;434;6551;6602;5.87;0.36;294.95;6.00;1129;32;2244.00;51
5428;31;21194675;5428;435;6555;6602;5.82;0.36;294.83;6.05;1127;32;2245.00;47
5431;31;21194688;5431;443;6557;6602;5.76;0.35;294.77;6.07;1126;32;2246.00;45
5433;31;21194700;5433;446;6563;6608;5.72;0.35;294.70;6.09;1130;32;2247.00;45
5434;31;21194714;5434;456;6564;6608;5.64;0.35;294.68;6.09;1130;32;2248.00;44
5435;31;21194726;5435;453;6566;6608;5.61;0.34;294.63;6.14;1131;32;2249.00;42
5436;31;21194743;5436;459;6571;6614;5.58;0.34;294.62;6.13;1135;32;2250.00;43
5436;31;21194757;5436;463;6571;6614;5.52;0.34;294.62;6.13;1135;32;2251.00;43
5436;31;21194769;5436;458;6572;6614;5.47;0.34;294.62;6.13;1136;32;2252.00;42
5439;31;21194782;5439;469;6576;6615;5.37;0.33;294.64;6.22;1137;32;2253.00;39
5440;31;21194794;5440;466;6577;6616;5.30;0.33;294.61;6.21;1137;32;2254.00;39
5441;31;21194805;5441;470;6577;6616;5.27;0.33;294.60;6.21;1136;32;2255.00;39
5442;31;21194818;5442;481;6588;6629;5.27;0.33;294.62;6.20;1146;32;2256.00;41
5446;31;21194831;5446;486;6588;6629;5.20;0.32;294.48;6.20;1142;32;2257.00;41
5450;31;21194843;5450;491;6588;6629;5.13;0.32;294.40;6.20;1138;32;2258.00;41
5452;31;21194855;5452;489;6593;6630;5.09;0.31;294.36;6.28;1141;32;2259.00;37
5453;31;21194867;5453;488;6593;6630;5.06;0.31;294.31;6.28;1140;32;2260.00;37
5454;31;21194879;5454;490;6598;6634;5.07;0.31;294.34;6.30;1144;32;2261.00;36
5458;31;21194892;5458;501;6599;6634;5.05;0.31;294.35;6.32;1141;32;2262.00;35
5461;31;21194904;5461;504;6603;6638;5.02;0.31;294.33;6.34;1142;32;2263.00;35
5467;31;21194917;5467;510;6603;6638;4.94;0.30;294.20;6.34;1136;32;2264.00;35
5474;31;21194929;5474;500;6603;6638;4.84;0.30;294.16;6.34;1129;32;2265.00;35
5477;31;21194942;5477;496;6603;6638;4.78;0.29;294.14;6.34;1126;32;2266.00;35
5481;31;21194954;5481;496;6603;6638;4.70;0.29;294.17;6.34;1122;32;2267.00;35
5483;31;21194966;5483;494;6613;6650;4.69;0.29;294.16;6.33;1130;32;2268.00;37
5487;31;21194982;5487;490;6613;6650;4.68;0.29;294.07;6.33;1126;32;2269.00;37
5489;31;21194995;5489;484;6614;6650;4.68;0.29;294.08;6.33;1125;32;2270.00;36
5491;31;21195007;5491;490;6614;6650;4.63;0.28;294.06;6.33;1123;32;2271.00;36
5493;31;21195025;5493;483;6614;6650;4.58;0.28;294.06;6.33;1121;32;2272.00;36
5497;31;21195036;5497;488;6614;6650;4.56;0.28;294.02;6.33;1117;32;2273.00;36
5498;31;21195048;5498;495;6614;6651;4.51;0.28;293.98;6.33;1116;32;2274.00;37
5500;31;21195059;5500;477;6614;6651;4.55;0.28;293.95;6.33;1114;32;2275.00;37
5501;31;21195070;5501;476;6619;6657;4.66;0.28;293.92;6.32;1118;32;2276.00;38
5502;31;21195082;5502;466;6620;6658;4.71;0.29;293.91;6.32;1118;32;2277.00;38
5504;31;21195093;5504;456;6620;6658;4.78;0.29;293.90;6.32;1116;32;2278.00;38
5507;31;21195104;5507;456;6620;6658;4.85;0.30;293.98;6.32;1113;32;2279.00;38
5509;31;21195124;5509;452;6624;6663;4.93;0.30;293.94;6.32;1115;32;2280.00;39
5509;31;21195137;5509;446;6624;6663;4.99;0.30;293.94;6.32;1115;32;2281.00;39
5511;31;21195149;5511;436;6624;6663;5.08;0.31;294.01;6.32;1113;32;2282.00;39
5513;31;21195160;5513;423;6625;6664;5.18;0.32;294.03;6.32;1112;32;2283.00;39
5516;31;21195172;5516;412;6628;6668;5.28;0.32;294.05;6.31;1112;32;2284.00;40
5520;31;21195184;5520;397;6628;6668;5.31;0.32;294.19;6.31;1108;32;2285.00;40
5522;31;21195195;5522;389;6630;6671;5.39;0.33;294.27;6.31;1108;32;2286.00;41
5524;31;21195208;5524;387;6630;6671;5.45;0.33;294.32;6.31;1106;32;2287.00;41
5530;31;21195219;5530;377;6630;6671;5.42;0.33;294.51;6.31;1100;32;2288.00;41
5532;31;21195233;5532;368;6630;6671;5.46;0.33;294.52;6.31;1098;32;2289.00;41
5536;31;21195245;5536;369;6633;6675;5.53;0.34;294.57;6.31;1097;32;2290.00;42
5541;31;21195257;5541;375;6633;6675;5.52;0.34;294.78;6.31;1092;32;2291.00;42
5546;31;21195270;5546;376;6633;6675;5.55;0.34;294.85;6.31;1087;32;2292.00;42
5552;31;21195282;5552;378;6634;6675;5.52;0.34;294.93;6.31;1082;32;2293.00;41
5553;31;21195294;5553;379;6634;6676;5.52;0.34;294.95;6.31;1081;32;2294.00;42
5557;31;21195306;5557;382;6636;6678;5.55;0.34;295.03;6.31;1079;32;2295.00;42
5560;31;21195318;5560;380;6637;6678;5.55;0.34;295.17;6.31;1077;32;2296.00;41
5564;31;21195329;5564;374;6638;6679;5.57;0.34;295.24;6.31;1074;32;2297.00;41
5569;31;21195343;5569;375;6638;6679;5.59;0.34;295.38;6.31;1069;32;2298.00;41
5574;31;21195359;5574;377;6638;6679;5.56;0.34;295.45;6.31;1064;32;2299.00;41
5579;31;21195372;5579;382;6638;6679;5.55;0.34;295.63;6.31;1059;32;2300.00;41
5581;31;21195390;5581;378;6638;6679;5.58;0.34;295.62;6.31;1057;32;2301.00;41
5584;31;21195403;5584;380;6638;6679;5.64;0.34;295.70;6.31;1054;32;2302.00;41
5588;31;21195416;5588;380;6638;6679;5.67;0.34;295.87;6.31;1050;32;2303.00;41
5590;31;21195430;5590;396;6709;6806;5.99;0.37;295.81;6.24;1119;32;2304.00;97
5594;31;21195452;5594;384;6714;6807;6.02;0.37;295.86;6.24;1120;32;2305.00;93
5599;31;21195466;5599;380;6717;6807;6.05;0.37;296.02;6.24;1118;32;2306.00;90
5600;31;21195480;5600;374;6720;6807;6.07;0.37;296.04;6.23;1120;32;2307.00;87
5605;31;21195493;5605;367;6724;6807;6.08;0.37;296.27;6.23;1119;32;2308.00;83
5608;31;21195507;5608;359;6725;6807;6.06;0.37;296.31;6.23;1117;32;2309.00;82
5610;31;21195522;5610;365;6726;6807;6.04;0.37;296.35;6.23;1116;32;2310.00;81
5612;31;21195536;5612;365;6730;6807;5.99;0.37;296.40;6.23;1118;32;2311.00;77
5614;31;21195551;5614;369;6731;6808;5.97;0.37;296.47;6.23;1117;32;2312.00;77
5615;31;21195566;5615;372;6734;6809;5.96;0.36;296.49;6.23;1119;32;2313.00;75
5617;31;21195580;5617;367;6738;6809;5.95;0.36;296.55;6.24;1121;32;2314.00;71
5620;31;21195595;5620;369;6738;6810;5.97;0.36;296.62;6.24;1118;32;2315.00;72
5623;31;21195610;5623;366;6741;6810;5.95;0.36;296.69;6.24;1118;32;2316.00;69
5626;31;21195624;5626;368;6744;6810;5.96;0.37;296.77;6.24;1118;32;2317.00;66
5628;31;21195639;5628;373;6744;6810;5.94;0.36;296.81;6.24;1116;32;2318.00;66
5629;31;21195652;5629;369;6749;6814;5.96;0.37;296.83;6.24;1120;32;2319.00;65
5630;31;21195667;5630;373;6750;6814;5.98;0.37;296.82;6.24;1120;32;2320.00;64
5636;31;21195683;5636;381;6751;6814;5.90;0.36;297.01;6.25;1115;32;2321.00;63
5638;31;21195699;5638;368;6754;6817;5.93;0.36;297.12;6.25;1116;32;2322.00;63
5643;31;21195716;5643;375;6754;6817;5.88;0.36;297.23;6.25;1111;32;2323.00;63
5644;31;21195737;5644;370;6756;6817;5.93;0.36;297.33;6.25;1112;32;2324.00;61
5646;31;21195754;5646;377;6759;6821;5.97;0.36;297.39;6.25;1113;32;2325.00;62
5651;31;21195771;5651;378;6760;6822;6.03;0.37;297.65;6.25;1109;32;2326.00;62
5653;31;21195786;5653;372;6762;6822;6.09;0.37;297.61;6.26;1109;32;2327.00;60
5656;31;21195799;5656;376;6764;6826;6.11;0.37;297.74;6.25;1108;32;2328.00;62
5659;31;21195814;5659;377;6764;6826;6.12;0.37;297.88;6.25;1105;32;2329.00;62
5661;31;21195829;5661;377;6764;6826;6.14;0.37;297.95;6.25;1103;32;2330.00;62
5661;31;21195849;5661;362;6766;6827;6.13;0.37;297.95;6.26;1105;32;2331.00;61
5663;31;21195863;5663;347;6768;6827;6.17;0.38;297.96;6.26;1105;32;2332.00;59
5663;31;21195877;5663;341;6772;6833;6.27;0.38;297.96;6.25;1109;32;2333.00;61
5664;31;21195895;5664;349;6774;6833;6.29;0.38;297.99;6.26;1110;32;2334.00;59
5666;31;21195912;5666;341;6774;6834;6.27;0.38;298.14;6.26;1108;32;2335.00;60
5671;31;21195930;5671;347;6774;6834;6.26;0.38;298.20;6.26;1103;32;2336.00;60
5672;31;21195945;5672;345;6776;6834;6.27;0.38;298.22;6.26;1104;32;2337.00;58
5676;31;21195959;5676;348;6777;6834;6.22;0.38;298.27;6.26;1101;32;2338.00;57
5680;31;21195972;5680;356;6777;6834;6.22;0.38;298.39;6.26;1097;32;2339.00;57
5682;31;21195990;5682;365;6802;6870;6.21;0.38;298.40;6.25;1120;32;2340.00;68
5686;31;21196010;5686;370;6803;6870;6.17;0.38;298.48;6.25;1117;32;2341.00;67
5688;31;21196023;5688;367;6806;6870;6.22;0.38;298.54;6.24;1118;32;2342.00;64
5691;31;21196037;5691;354;6808;6870;6.18;0.38;298.54;6.25;1117;32;2343.00;62
5696;31;21196051;5696;354;6810;6870;6.18;0.38;298.56;6.25;1114;32;2344.00;60
5697;31;21196067;5697;350;6810;6870;6.22;0.38;298.54;6.25;1113;32;2345.00;60
5699;31;21196081;5699;359;6815;6874;6.29;0.38;298.62;6.25;1116;32;2346.00;59
5702;31;21196095;5702;358;6815;6874;6.32;0.38;298.72;6.25;1113;32;2347.00;59
5705;31;21196108;5705;356;6819;6878;6.37;0.39;298.74;6.24;1114;32;2348.00;59
5709;31;21196122;5709;358;6821;6879;6.43;0.39;298.79;6.24;1112;32;2349.00;58
5711;31;21196136;5711;360;6821;6879;6.46;0.39;298.84;6.24;1110;32;2350.00;58
5716;31;21196150;5716;367;6821;6879;6.46;0.39;298.91;6.24;1105;32;2351.00;58
5716;31;21196163;5716;375;6831;6892;6.53;0.40;298.91;6.23;1115;32;2352.00;61
5719;31;21196177;5719;374;6831;6892;6.49;0.40;299.04;6.23;1112;32;2353.00;61
5724;31;21196191;5724;375;6832;6892;6.40;0.39;299.15;6.23;1108;32;2354.00;60
5726;31;21196205;5726;379;6833;6893;6.38;0.39;299.16;6.23;1107;32;2355.00;60
5730;31;21196218;5730;379;6833;6894;6.31;0.38;299.25;6.23;1103;32;2356.00;61
5732;31;21196231;5732;380;6833;6894;6.27;0.38;299.31;6.23;1101;32;2357.00;61
5733;31;21196243;5733;380;6835;6897;6.25;0.38;299.30;6.23;1102;32;2358.00;62
5737;31;21196257;5737;381;6835;6897;6.21;0.38;299.43;6.23;1098;32;2359.00;62
5738;31;21196270;5738;392;6836;6897;6.16;0.37;299.47;6.23;1098;32;2360.00;61
5742;31;21196284;5742;398;6836;6897;6.08;0.37;299.45;6.23;1094;32;2361.00;61
5743;31;21196298;5743;396;6841;6903;6.06;0.37;299.49;6.22;1098;32;2362.00;62
5744;31;21196312;5744;409;6841;6903;5.98;0.36;299.48;6.22;1097;32;2363.00;62
5745;31;21196325;5745;406;6841;6903;5.93;0.36;299.51;6.22;1096;32;2364.00;62
5745;31;21196337;5745;405;6841;6903;5.90;0.36;299.51;6.22;1096;32;2365.00;62
5746;31;21196358;5746;399;6844;6907;5.89;0.36;299.54;6.22;1098;32;2366.00;63
5749;31;21196371;5749;397;6845;6908;5.91;0.36;299.54;6.22;1096;32;2367.00;63
5749;31;21196385;5749;396;6845;6908;5.94;0.36;299.54;6.22;1096;32;2368.00;63
5752;31;21196399;5752;387;6846;6909;5.95;0.36;299.55;6.22;1094;32;2369.00;63
5755;31;21196414;5755;379;6846;6909;5.95;0.36;299.73;6.22;1091;32;2370.00;63
5758;31;21196427;5758;382;6846;6909;5.94;0.36;299.79;6.22;1088;32;2371.00;63
5761;31;21196439;5761;382;6846;6909;5.94;0.36;299.84;6.22;1085;32;2372.00;63
5763;31;21196452;5763;379;6846;6909;5.93;0.36;299.90;6.22;1083;32;2373.00;63
5765;31;21196465;5765;378;6846;6909;5.95;0.36;299.94;6.22;1081;32;2374.00;63
5767;31;21196478;5767;375;6846;6909;5.96;0.36;300.00;6.22;1079;32;2375.00;63
5770;31;21196492;5770;379;6880;6979;5.98;0.36;300.02;6.19;1110;32;2376.00;99
5773;31;21196509;5773;371;6880;6980;5.90;0.36;300.09;6.19;1107;32;2377.00;100
5776;31;21196521;5776;367;6886;6980;5.87;0.36;300.17;6.19;1110;32;2378.00;94
5781;31;21196534;5781;362;6890;6980;5.85;0.36;300.23;6.22;1109;32;2379.00;90
5785;31;21196548;5785;359;6894;6980;5.82;0.35;300.28;6.25;1109;32;2380.00;86
5786;31;21196560;5786;358;6896;6980;5.83;0.36;300.26;6.25;1110;32;2381.00;84
5787;31;21196571;5787;362;6899;6980;5.89;0.36;300.28;6.25;1112;32;2382.00;81
5789;31;21196583;5789;368;6903;6980;5.95;0.36;300.28;6.25;1114;32;2383.00;77
5791;31;21196595;5791;372;6905;6981;5.96;0.36;300.31;6.25;1114;32;2384.00;76
5791;31;21196611;5791;375;6908;6983;5.98;0.36;300.31;6.25;1117;32;2385.00;75
5793;31;21196623;5793;376;6910;6983;5.99;0.37;300.33;6.25;1117;32;2386.00;73
5795;31;21196641;5795;373;6916;6987;5.97;0.36;300.29;6.25;1121;32;2387.00;71
5797;31;21196654;5797;371;6917;6987;5.94;0.36;300.30;6.25;1120;32;2388.00;70
5797;31;21196666;5797;369;6917;6987;5.93;0.36;300.30;6.25;1120;32;2389.00;70
5801;31;21196678;5801;372;6917;6987;5.88;0.36;300.27;6.25;1116;32;2390.00;70
5805;31;21196692;5805;370;6921;6993;5.83;0.36;300.20;6.24;1116;32;2391.00;72
5807;31;21196706;5807;369;6921;6993;5.78;0.35;300.13;6.24;1114;32;2392.00;72
5809;31;21196718;5809;375;6921;6993;5.74;0.35;300.08;6.24;1112;32;2393.00;72
5810;31;21196731;5810;370;6923;6996;5.71;0.35;300.07;6.24;1113;32;2394.00;73
5813;31;21196744;5813;375;6924;6996;5.68;0.35;300.03;6.24;1111;32;2395.00;72
5815;31;21196758;5815;371;6924;6996;5.68;0.35;299.96;6.24;1109;32;2396.00;72
5818;31;21196769;5818;373;6924;6997;5.65;0.34;299.92;6.24;1106;32;2397.00;73
5819;31;21196816;5819;382;6925;6998;5.68;0.35;299.88;6.24;1106;32;2398.00;73
5821;31;21196837;5821;377;6925;6998;5.64;0.34;299.93;6.24;1104;32;2399.00;73
5823;31;21196852;5823;393;6949;7057;5.62;0.34;300.02;6.25;1126;32;2400.00;108
5826;31;21196874;5826;395;6952;7057;5.58;0.34;299.96;6.26;1126;32;2401.00;105
5829;31;21196886;5829;392;6956;7057;5.58;0.34;299.99;6.29;1127;32;2402.00;101
5830;31;21196899;5830;397;6960;7058;5.52;0.33;299.98;6.33;1130;32;2403.00;98
5830;31;21196911;5830;412;6962;7058;5.47;0.33;299.98;6.33;1132;32;2404.00;96
5833;31;21196923;5833;412;6966;7062;5.45;0.33;299.91;6.36;1133;32;2405.00;96
5834;31;21196935;5834;417;6970;7062;5.37;0.33;299.87;6.39;1136;32;2406.00;92
5835;31;21196947;5835;423;6973;7066;5.29;0.32;299.83;6.39;1138;32;2407.00;93
5837;31;21196961;5837;437;6974;7066;5.23;0.32;299.81;6.43;1137;32;2408.00;92
5838;31;21196974;5838;432;6976;7066;5.20;0.32;299.77;6.46;1138;32;2409.00;90
5841;31;21196986;5841;445;6976;7066;5.14;0.31;299.69;6.46;1135;32;2410.00;90
5842;31;21196998;5842;437;6978;7066;5.13;0.31;299.67;6.50;1136;32;2411.00;88
5844;31;21197010;5844;446;6987;7078;5.14;0.31;299.64;6.56;1143;32;2412.00;91
5845;31;21197022;5845;448;6987;7078;5.16;0.31;299.59;6.56;1142;32;2413.00;91
5845;31;21197035;5845;452;6991;7078;5.18;0.32;299.59;6.60;1146;32;2414.00;87
5846;31;21197047;5846;453;6991;7078;5.14;0.31;299.55;6.60;1145;32;2415.00;87
5847;31;21197059;5847;457;6993;7078;5.07;0.31;299.53;6.67;1146;32;2416.00;85
5847;31;21197070;5847;466;6995;7078;5.06;0.31;299.53;6.67;1148;32;2417.00;83
5847;31;21197081;5847;473;6997;7079;5.07;0.31;299.53;6.70;1150;32;2418.00;82
5848;31;21197093;5848;478;6998;7079;5.03;0.31;299.56;6.70;1150;32;2419.00;81
5849;31;21197104;5849;476;7004;7085;5.04;0.31;299.54;6.77;1155;32;2420.00;81
5850;31;21197116;5850;488;7006;7086;5.02;0.31;299.49;6.80;1156;32;2421.00;80
5851;31;21197126;5851;474;7010;7086;5.00;0.31;299.59;6.83;1159;32;2422.00;76
5853;31;21197138;5853;468;7010;7086;4.99;0.31;299.53;6.83;1157;32;2423.00;76
5855;31;21197149;5855;459;7015;7090;4.96;0.30;299.49;6.89;1160;32;2424.00;75
5858;31;21197161;5858;449;7016;7090;4.95;0.30;299.41;6.89;1158;32;2425.00;74
5860;31;21197173;5860;439;7019;7090;4.96;0.30;299.40;6.95;1159;32;2426.00;71
5862;31;21197184;5862;435;7020;7091;4.96;0.30;299.32;6.95;1158;32;2427.00;71
5862;31;21197195;5862;429;7026;7095;5.03;0.31;299.32;6.95;1164;32;2428.00;69
5864;31;21197218;5864;425;7028;7095;5.03;0.31;299.25;7.01;1164;32;2429.00;67
5865;31;21197232;5865;429;7034;7101;5.07;0.31;299.27;7.01;1169;32;2430.00;67
5865;31;21197244;5865;422;7036;7101;5.09;0.31;299.27;7.06;1171;32;2431.00;65
5866;31;21197256;5866;425;7037;7101;5.13;0.31;299.24;7.06;1171;32;2432.00;64
5869;31;21197267;5869;423;7039;7101;5.17;0.31;299.21;7.12;1170;32;2433.00;62
5869;31;21197278;5869;422;7043;7105;5.25;0.32;299.21;7.11;1174;32;2434.00;62
5870;31;21197290;5870;422;7045;7105;5.26;0.32;299.18;7.14;1175;32;2435.00;60
5871;31;21197302;5871;425;7046;7105;5.28;0.32;299.17;7.17;1175;32;2436.00;59
5872;31;21197322;5872;430;7047;7105;5.27;0.32;299.17;7.19;1175;32;2437.00;58
5874;31;21197334;5874;431;7048;7106;5.30;0.32;299.17;7.21;1174;32;2438.00;58
5874;31;21197345;5874;440;7050;7107;5.32;0.32;299.17;7.23;1176;32;2439.00;57
5876;31;21197356;5876;439;7051;7107;5.29;0.32;299.21;7.26;1175;32;2440.00;56
5877;31;21197369;5877;446;7053;7108;5.25;0.32;299.23;7.26;1176;32;2441.00;55
5878;31;21197380;5878;448;7054;7108;5.21;0.32;299.22;7.28;1176;32;2442.00;54
5884;31;21197393;5884;456;7055;7108;5.09;0.31;299.15;7.30;1171;32;2443.00;53
5889;31;21197405;5889;448;7056;7108;5.01;0.31;299.23;7.32;1167;32;2444.00;52
5892;31;21197416;5892;459;7057;7108;4.96;0.30;299.18;7.34;1165;32;2445.00;51
5897;31;21197428;5897;459;7057;7108;4.92;0.30;299.23;7.34;1160;32;2446.00;51
5899;31;21197439;5899;466;7058;7108;4.92;0.30;299.25;7.35;1159;32;2447.00;50
5904;31;21197450;5904;474;7116;7235;5.16;0.32;299.24;7.29;1212;32;2448.00;119
5909;31;21197470;5909;469;7119;7236;5.13;0.32;299.39;7.29;1210;32;2449.00;117
5913;31;21197482;5913;465;7125;7236;5.18;0.32;299.33;7.28;1212;32;2450.00;111
5919;31;21197495;5919;454;7130;7236;5.18;0.32;299.56;7.28;1211;32;2451.00;106
5920;31;21197508;5920;444;7136;7236;5.22;0.32;299.59;7.27;1216;32;2452.00;100
5926;31;21197519;5926;443;7138;7236;5.15;0.32;299.82;7.28;1212;32;2453.00;98
5930;31;21197531;5930;442;7141;7236;5.10;0.31;299.97;7.28;1211;32;2454.00;95
5931;31;21197543;5931;443;7143;7236;5.12;0.32;300.03;7.28;1212;32;2455.00;93
5936;31;21197554;5936;439;7147;7237;5.08;0.31;300.24;7.28;1211;32;2456.00;90
5939;31;21197567;5939;435;7150;7238;5.08;0.31;300.22;7.29;1211;32;2457.00;88
5941;31;21197579;5941;431;7151;7238;5.17;0.32;300.31;7.29;1210;32;2458.00;87
5946;31;21197592;5946;422;7154;7239;5.19;0.32;300.43;7.30;1208;32;2459.00;85
5949;31;21197606;5949;423;7156;7239;5.22;0.32;300.48;7.30;1207;32;2460.00;83
5954;31;21197624;5954;415;7157;7239;5.24;0.32;300.55;7.30;1203;32;2461.00;82
5956;31;21197637;5956;409;7158;7239;5.34;0.33;300.62;7.30;1202;32;2462.00;81
5959;31;21197650;5959;414;7161;7243;5.41;0.33;300.62;7.30;1202;32;2463.00;82
5965;31;21197663;5965;408;7162;7243;5.47;0.34;300.77;7.30;1197;32;2464.00;81
5969;31;21197677;5969;409;7165;7243;5.57;0.34;301.00;7.32;1196;32;2465.00;78
5973;31;21197691;5973;414;7166;7246;5.65;0.35;301.12;7.32;1193;32;2466.00;80
5975;31;21197704;5975;414;7170;7246;5.69;0.35;301.17;7.32;1195;32;2467.00;76
5979;31;21197717;5979;416;7170;7246;5.69;0.35;301.39;7.32;1191;32;2468.00;76
5986;31;21197736;5986;421;7174;7250;5.68;0.35;301.44;7.32;1188;32;2469.00;76
5992;31;21197750;5992;424;7175;7251;5.66;0.34;301.45;7.33;1183;32;2470.00;76
5993;31;21197763;5993;427;7175;7251;5.68;0.35;301.45;7.33;1182;32;2471.00;76
5999;31;21197776;5999;430;7176;7255;5.66;0.34;301.63;7.32;1177;32;2472.00;79
6000;31;21197790;6000;435;7176;7255;5.72;0.35;301.64;7.32;1176;32;2473.00;79
6001;31;21197803;6001;440;7176;7255;5.74;0.35;301.68;7.32;1175;32;2474.00;79
6009;31;21197816;6009;437;7179;7257;5.70;0.35;301.78;7.33;1170;32;2475.00;78
6013;31;21197835;6013;434;7180;7257;5.70;0.35;301.98;7.33;1167;32;2476.00;77
6019;31;21197848;6019;431;7183;7263;5.67;0.35;301.99;7.33;1164;32;2477.00;80
6022;31;21197863;6022;425;7184;7263;5.68;0.35;302.05;7.33;1162;32;2478.00;79
6028;31;21197876;6028;424;7184;7264;5.66;0.34;302.28;7.33;1156;32;2479.00;80
6030;31;21197889;6030;430;7185;7264;5.67;0.35;302.31;7.33;1155;32;2480.00;79
6034;31;21197902;6034;432;7188;7264;5.65;0.34;302.39;7.35;1154;32;2481.00;76
6039;31;21197915;6039;434;7188;7264;5.63;0.34;302.56;7.35;1149;32;2482.00;76
6044;31;21197928;6044;439;7188;7264;5.66;0.35;302.57;7.35;1144;32;2483.00;76
6048;31;21197941;6048;429;7193;7276;5.76;0.35;302.75;7.34;1145;32;2484.00;83
6051;31;21197954;6051;429;7195;7276;5.81;0.36;302.78;7.34;1144;32;2485.00;81
6055;31;21197967;6055;432;7196;7276;5.84;0.36;302.91;7.34;1141;32;2486.00;80
6060;31;21197980;6060;434;7197;7276;5.91;0.36;303.09;7.34;1137;32;2487.00;79
6063;31;21197994;6063;433;7198;7276;5.99;0.37;303.11;7.36;1135;32;2488.00;78
6065;31;21198007;6065;430;7199;7276;6.04;0.37;303.25;7.36;1134;32;2489.00;77
6066;31;21198022;6066;433;7203;7280;6.09;0.37;303.35;7.36;1137;32;2490.00;77
6069;31;21198035;6069;431;7203;7280;6.03;0.37;303.37;7.36;1134;32;2491.00;77
6075;31;21198048;6075;437;7208;7284;5.92;0.36;303.49;7.37;1133;32;2492.00;76
6079;31;21198062;6079;445;7210;7285;5.81;0.35;303.64;7.37;1131;32;2493.00;75
6085;31;21198075;6085;448;7211;7285;5.69;0.35;303.63;7.38;1126;32;2494.00;74
6088;31;21198087;6088;450;7214;7285;5.63;0.34;303.86;7.38;1126;32;2495.00;71
6090;31;21198101;6090;460;7221;7298;5.59;0.34;303.89;7.37;1131;32;2496.00;77
6093;31;21198114;6093;450;7224;7298;5.57;0.34;304.03;7.39;1131;32;2497.00;74
6097;31;21198127;6097;441;7224;7298;5.56;0.34;304.06;7.39;1127;32;2498.00;74
6101;31;21198142;6101;440;7226;7299;5.57;0.34;304.10;7.39;1125;32;2499.00;73
6104;32;21198157;6104;431;7227;7300;5.58;0.34;304.21;7.40;1123;33;2500.00;73
6108;32;21198181;6108;432;7228;7300;5.61;0.34;304.26;7.40;1120;33;2501.00;72
6110;32;21198194;6110;433;7231;7303;5.61;0.34;304.33;7.41;1121;33;2502.00;72
6113;32;21198211;6113;435;7233;7303;5.66;0.35;304.61;7.41;1120;33;2503.00;70
6114;32;21198224;6114;449;7235;7303;5.66;0.35;304.58;7.41;1121;33;2504.00;68
6119;32;21198238;6119;455;7235;7303;5.61;0.34;304.73;7.41;1116;33;2505.00;68
6123;32;21198256;6123;450;7241;7309;5.64;0.35;304.79;7.42;1118;33;2506.00;68
6124;32;21198270;6124;442;7241;7309;5.71;0.35;304.78;7.42;1117;33;2507.00;68
6128;32;21198283;6128;444;7242;7309;5.68;0.35;304.84;7.42;1114;33;2508.00;67
6133;32;21198296;6133;447;7242;7309;5.68;0.35;304.92;7.42;1109;33;2509.00;67
6134;32;21198309;6134;452;7245;7313;5.67;0.35;304.93;7.42;1111;33;2510.00;68
6140;32;21198322;6140;463;7247;7314;5.68;0.35;305.09;7.43;1107;33;2511.00;67
6143;32;21198336;6143;461;7247;7314;5.67;0.34;305.17;7.43;1104;33;2512.00;67
6147;32;21198348;6147;466;7248;7315;5.68;0.35;305.20;7.43;1101;33;2513.00;67
6149;32;21198362;6149;471;7249;7315;5.68;0.35;305.16;7.43;1100;33;2514.00;66
6150;32;21198375;6150;473;7249;7315;5.69;0.35;305.20;7.43;1099;33;2515.00;66
6151;32;21198387;6151;479;7250;7315;5.71;0.35;305.23;7.44;1099;33;2516.00;65
6154;32;21198399;6154;473;7250;7315;5.70;0.35;305.31;7.44;1096;33;2517.00;65
6159;32;21198411;6159;471;7250;7315;5.66;0.34;305.47;7.44;1091;33;2518.00;65
6163;32;21198424;6163;473;7251;7315;5.62;0.34;305.45;7.45;1088;33;2519.00;64
6165;32;21198438;6165;500;7319;7440;5.68;0.35;305.46;7.38;1154;33;2520.00;121
6170;32;21198459;6170;489;7320;7441;5.67;0.35;305.68;7.39;1150;33;2521.00;121
6170;32;21198473;6170;481;7327;7441;5.75;0.35;305.68;7.38;1157;33;2522.00;114
6173;32;21198485;6173;474;7328;7441;5.80;0.36;305.81;7.39;1155;33;2523.00;113
6173;32;21198498;6173;469;7333;7441;5.85;0.36;305.81;7.38;1160;33;2524.00;108
6175;32;21198516;6175;472;7335;7441;5.84;0.36;305.80;7.38;1160;33;2525.00;106
6178;32;21198528;6178;467;7341;7441;5.82;0.36;305.81;7.39;1163;33;2526.00;100
6178;32;21198541;6178;476;7346;7441;5.79;0.36;305.81;7.38;1168;33;2527.00;95
6183;32;21198553;6183;485;7353;7442;5.67;0.35;305.99;7.39;1170;33;2528.00;89
6185;32;21198566;6185;491;7357;7443;5.59;0.34;306.04;7.39;1172;33;2529.00;86
6189;32;21198578;6189;490;7360;7443;5.51;0.34;306.09;7.39;1171;33;2530.00;83
6189;32;21198590;6189;497;7366;7447;5.44;0.33;306.09;7.39;1177;33;2531.00;81
6190;32;21198603;6190;502;7368;7447;5.38;0.33;306.09;7.39;1178;33;2532.00;79
6190;32;21198615;6190;511;7368;7447;5.31;0.32;306.09;7.39;1178;33;2533.00;79
6192;32;21198627;6192;524;7371;7447;5.25;0.32;306.30;7.39;1179;33;2534.00;76
6195;32;21198639;6195;536;7375;7453;5.15;0.31;306.39;7.39;1180;33;2535.00;78
6197;32;21198652;6197;545;7375;7453;5.06;0.31;306.42;7.39;1178;33;2536.00;78
6199;32;21198664;6199;559;7377;7455;4.99;0.30;306.40;7.39;1178;33;2537.00;78
6200;32;21198677;6200;555;7380;7458;4.98;0.30;306.43;7.39;1180;33;2538.00;78
6201;32;21198690;6201;561;7380;7458;4.94;0.30;306.46;7.39;1179;33;2539.00;78
6202;32;21198701;6202;559;7380;7458;4.91;0.30;306.49;7.39;1178;33;2540.00;78
6202;32;21198713;6202;555;7381;7459;4.93;0.30;306.49;7.39;1179;33;2541.00;78
6203;32;21198727;6203;551;7382;7460;4.97;0.30;306.46;7.38;1179;33;2542.00;78
6204;32;21198740;6204;551;7382;7460;4.96;0.30;306.48;7.38;1178;33;2543.00;78
6208;32;21198752;6208;547;7393;7473;4.95;0.30;306.54;7.37;1185;33;2544.00;80
6209;32;21198767;6209;538;7393;7473;5.00;0.30;306.57;7.37;1184;33;2545.00;80
6209;32;21198780;6209;529;7393;7473;5.06;0.31;306.57;7.37;1184;33;2546.00;80
6210;32;21198794;6210;531;7394;7474;5.09;0.31;306.55;7.37;1184;33;2547.00;80
6212;32;21198806;6212;537;7394;7474;5.11;0.31;306.57;7.37;1182;33;2548.00;80
6213;32;21198818;6213;536;7397;7478;5.16;0.32;306.59;7.37;1184;33;2549.00;81
6215;32;21198833;6215;533;7399;7481;5.17;0.32;306.54;7.37;1184;33;2550.00;82
6217;32;21198847;6217;534;7403;7485;5.13;0.31;306.53;7.36;1186;33;2551.00;82
6217;32;21198862;6217;536;7403;7485;5.08;0.31;306.53;7.36;1186;33;2552.00;82
6221;32;21198875;6221;533;7403;7485;5.01;0.31;306.52;7.36;1182;33;2553.00;82
6221;32;21198898;6221;526;7403;7485;4.99;0.31;306.52;7.36;1182;33;2554.00;82
6222;32;21198914;6222;515;7403;7485;4.99;0.31;306.54;7.36;1181;33;2555.00;82
6224;32;21198932;6224;509;7411;7497;5.03;0.31;306.57;7.36;1187;33;2556.00;86
6230;32;21198947;6230;506;7413;7497;5.03;0.31;306.72;7.39;1183;33;2557.00;84
6235;32;21198964;6235;500;7414;7497;5.00;0.31;306.69;7.43;1179;33;2558.00;83
6239;32;21198985;6239;500;7414;7497;4.97;0.31;306.73;7.43;1175;33;2559.00;83
6241;32;21199003;6241;500;7414;7497;5.01;0.31;306.78;7.43;1173;33;2560.00;83
6243;32;21199019;6243;492;7414;7497;5.03;0.31;306.73;7.43;1171;33;2561.00;83
6245;32;21199032;6245;487;7414;7498;5.03;0.31;306.67;7.43;1169;33;2562.00;84
6250;32;21199046;6250;487;7414;7498;5.06;0.31;306.66;7.43;1164;33;2563.00;84
6252;32;21199058;6252;495;7418;7504;5.16;0.32;306.60;7.43;1166;33;2564.00;86
6254;32;21199071;6254;488;7420;7506;5.15;0.32;306.53;7.42;1166;33;2565.00;86
6257;32;21199084;6257;487;7420;7506;5.14;0.31;306.49;7.42;1163;33;2566.00;86
6261;32;21199099;6261;476;7420;7506;5.14;0.31;306.38;7.42;1159;33;2567.00;86
6262;32;21199113;6262;474;7423;7510;5.12;0.31;306.35;7.42;1161;33;2568.00;87
6265;32;21199126;6265;471;7423;7510;5.06;0.31;306.28;7.42;1158;33;2569.00;87
6265;32;21199139;6265;473;7423;7510;5.06;0.31;306.28;7.42;1158;33;2570.00;87
6265;32;21199153;6265;470;7424;7511;5.09;0.31;306.28;7.42;1159;33;2571.00;87
6265;32;21199167;6265;467;7427;7515;5.09;0.31;306.28;7.42;1162;33;2572.00;88
6269;32;21199181;6269;474;7429;7515;5.08;0.31;306.16;7.43;1160;33;2573.00;86
6270;32;21199195;6270;481;7431;7518;5.05;0.31;306.12;7.43;1161;33;2574.00;87
6272;32;21199211;6272;480;7432;7518;5.03;0.31;306.22;7.43;1160;33;2575.00;86
6275;32;21199230;6275;484;7434;7518;4.94;0.30;306.29;7.43;1159;33;2576.00;84
6276;32;21199242;6276;483;7434;7518;4.93;0.30;306.28;7.43;1158;33;2577.00;84
6278;32;21199254;6278;490;7438;7522;4.96;0.30;306.28;7.43;1160;33;2578.00;84
6281;32;21199266;6281;483;7440;7522;4.90;0.30;306.29;7.47;1159;33;2579.00;82
6283;32;21199279;6283;476;7440;7522;4.90;0.30;306.41;7.47;1157;33;2580.00;82
6283;32;21199292;6283;476;7440;7522;4.90;0.30;306.41;7.47;1157;33;2581.00;82
6286;32;21199304;6286;484;7440;7523;4.88;0.30;306.42;7.47;1154;33;2582.00;83
6287;32;21199316;6287;477;7442;7524;4.90;0.30;306.40;7.51;1155;33;2583.00;82
6287;32;21199328;6287;484;7442;7524;4.90;0.30;306.40;7.51;1155;33;2584.00;82
6290;32;21199340;6290;479;7444;7525;4.93;0.30;306.35;7.54;1154;33;2585.00;81
6291;32;21199352;6291;482;7444;7525;5.00;0.30;306.38;7.54;1153;33;2586.00;81
6291;32;21199364;6291;477;7445;7525;5.07;0.31;306.38;7.58;1154;33;2587.00;80
6294;32;21199376;6294;469;7445;7525;5.13;0.31;306.39;7.58;1151;33;2588.00;80
6294;32;21199394;6294;464;7446;7525;5.20;0.32;306.39;7.62;1152;33;2589.00;79
6296;32;21199406;6296;463;7448;7525;5.23;0.32;306.37;7.69;1152;33;2590.00;77
6301;32;21199418;6301;465;7450;7525;5.28;0.32;306.30;7.77;1149;33;2591.00;75
6302;32;21199432;6302;473;7505;7652;5.60;0.35;306.27;7.71;1203;33;2592.00;147
6302;32;21199455;6302;460;7510;7653;5.65;0.35;306.27;7.74;1208;33;2593.00;143
6302;32;21199470;6302;455;7517;7653;5.70;0.35;306.27;7.74;1215;33;2594.00;136
6302;32;21199485;6302;456;7524;7653;5.77;0.36;306.27;7.77;1222;33;2595.00;129
6306;32;21199499;6306;454;7530;7653;5.79;0.36;306.24;7.76;1224;33;2596.00;123
6307;32;21199515;6307;454;7533;7653;5.77;0.36;306.23;7.80;1226;33;2597.00;120
6312;32;21199531;6312;450;7536;7653;5.71;0.35;306.14;7.80;1224;33;2598.00;117
6312;32;21199545;6312;447;7541;7653;5.69;0.35;306.14;7.86;1229;33;2599.00;112
6314;32;21199560;6314;440;7543;7654;5.69;0.35;306.08;7.86;1229;33;2600.00;111
6315;32;21199579;6315;438;7547;7655;5.69;0.35;306.05;7.86;1232;33;2601.00;108
6315;32;21199594;6315;431;7553;7655;5.68;0.35;306.05;7.99;1238;33;2602.00;102
6318;32;21199607;6318;436;7554;7656;5.64;0.35;305.95;7.99;1236;33;2603.00;102
6321;32;21199621;6321;440;7558;7656;5.58;0.34;305.97;8.06;1237;33;2604.00;98
6324;32;21199634;6324;438;7561;7656;5.50;0.34;306.01;8.06;1237;33;2605.00;95
6324;32;21199647;6324;444;7561;7656;5.50;0.34;306.01;8.06;1237;33;2606.00;95
6325;32;21199659;6325;443;7567;7660;5.56;0.34;306.03;8.12;1242;33;2607.00;93
6327;32;21199673;6327;448;7569;7660;5.54;0.34;305.96;8.12;1242;33;2608.00;91
6329;32;21199685;6329;446;7572;7660;5.54;0.34;306.06;8.18;1243;33;2609.00;88
6331;32;21199700;6331;450;7575;7666;5.51;0.34;306.10;8.18;1244;33;2610.00;91
6332;32;21199713;6332;452;7580;7666;5.51;0.34;306.08;8.24;1248;33;2611.00;86
6335;32;21199727;6335;449;7581;7666;5.45;0.33;306.10;8.24;1246;33;2612.00;85
6338;32;21199740;6338;458;7587;7670;5.41;0.33;306.12;8.29;1249;33;2613.00;83
6340;32;21199753;6340;461;7588;7671;5.43;0.33;306.19;8.29;1248;33;2614.00;83
6343;32;21199767;6343;465;7588;7671;5.38;0.33;306.18;8.29;1245;33;2615.00;83
6346;32;21199780;6346;465;7592;7675;5.36;0.33;306.22;8.29;1246;33;2616.00;83
6348;32;21199794;6348;469;7594;7675;5.32;0.33;306.17;8.34;1246;33;2617.00;81
6352;32;21199806;6352;475;7595;7675;5.26;0.32;306.11;8.35;1243;33;2618.00;80
6355;32;21199819;6355;469;7597;7676;5.20;0.32;306.23;8.40;1242;33;2619.00;79
6360;32;21199831;6360;465;7599;7676;5.14;0.31;306.32;8.40;1239;33;2620.00;77
6362;32;21199846;6362;461;7603;7682;5.14;0.31;306.37;8.39;1241;33;2621.00;79
6366;32;21199859;6366;460;7603;7682;5.06;0.31;306.42;8.39;1237;33;2622.00;79
6369;32;21199873;6369;458;7603;7683;4.98;0.30;306.49;8.39;1234;33;2623.00;80
6373;32;21199886;6373;459;7603;7683;4.95;0.30;306.60;8.39;1230;33;2624.00;80
6378;32;21199900;6378;453;7604;7683;4.94;0.30;306.70;8.40;1226;33;2625.00;79
6384;32;21199915;6384;444;7604;7683;4.96;0.30;306.74;8.40;1220;33;2626.00;79
6386;32;21199939;6386;440;7604;7683;4.99;0.30;306.74;8.40;1218;33;2627.00;79
6390;32;21199953;6390;437;7611;7695;5.05;0.31;306.94;8.39;1221;33;2628.00;84
6394;32;21199968;6394;429;7612;7695;5.09;0.31;306.97;8.39;1218;33;2629.00;83
6396;32;21199982;6396;427;7612;7695;5.14;0.31;307.04;8.39;1216;33;2630.00;83
6399;32;21199996;6399;419;7612;7695;5.19;0.32;307.15;8.39;1213;33;2631.00;83
6404;32;21200012;6404;412;7612;7695;5.26;0.32;307.30;8.39;1208;33;2632.00;83
6406;32;21200026;6406;409;7612;7695;5.30;0.32;307.38;8.39;1206;33;2633.00;83
6411;32;21200039;6411;411;7616;7699;5.30;0.32;307.42;8.39;1205;33;2634.00;83
6414;32;21200052;6414;405;7616;7699;5.29;0.32;307.56;8.39;1202;33;2635.00;83
6418;32;21200065;6418;413;7619;7703;5.35;0.33;307.72;8.39;1201;33;2636.00;84
6422;32;21200078;6422;413;7620;7704;5.34;0.33;307.90;8.39;1198;33;2637.00;84
6425;32;21200092;6425;415;7620;7704;5.31;0.33;308.09;8.39;1195;33;2638.00;84
6429;32;21200105;6429;415;7620;7704;5.31;0.33;308.13;8.39;1191;33;2639.00;84
6434;32;21200121;6434;421;7634;7733;5.30;0.32;308.24;8.37;1200;33;2640.00;99
6440;32;21200139;6440;413;7635;7733;5.24;0.32;308.38;8.37;1195;33;2641.00;98
6443;32;21200154;6443;418;7637;7733;5.26;0.32;308.49;8.37;1194;33;2642.00;96
6447;32;21200167;6447;418;7640;7734;5.27;0.32;308.63;8.37;1193;33;2643.00;94
6452;32;21200182;6452;414;7642;7735;5.31;0.32;308.66;8.37;1190;33;2644.00;93
6456;32;21200198;6456;421;7642;7735;5.31;0.32;308.73;8.37;1186;33;2645.00;93
6457;32;21200213;6457;421;7646;7738;5.32;0.32;308.82;8.38;1189;33;2646.00;92
6463;32;21200232;6463;419;7646;7738;5.31;0.32;308.87;8.38;1183;33;2647.00;92
6465;32;21200246;6465;422;7646;7738;5.32;0.32;308.95;8.38;1181;33;2648.00;92
6470;32;21200261;6470;429;7647;7738;5.28;0.32;309.11;8.38;1177;33;2649.00;91
6475;32;21200277;6475;434;7651;7744;5.25;0.32;309.21;8.38;1176;33;2650.00;93
6481;32;21200296;6481;442;7652;7744;5.22;0.32;309.27;8.38;1171;33;2651.00;92
6483;32;21200312;6483;440;7653;7744;5.25;0.32;309.27;8.38;1170;33;2652.00;91
6485;32;21200325;6485;439;7653;7744;5.30;0.32;309.23;8.38;1168;33;2653.00;91
6490;32;21200338;6490;432;7656;7748;5.37;0.33;309.39;8.38;1166;33;2654.00;92
6493;32;21200352;6493;437;7659;7750;5.41;0.33;309.42;8.39;1166;33;2655.00;91
6496;32;21200366;6496;441;7660;7750;5.46;0.33;309.52;8.39;1164;33;2656.00;90
6500;32;21200379;6500;447;7661;7751;5.53;0.34;309.77;8.39;1161;33;2657.00;90
6504;32;21200394;6504;447;7661;7751;5.56;0.34;309.84;8.39;1157;33;2658.00;90
6506;32;21200408;6506;442;7662;7751;5.63;0.34;309.89;8.40;1156;33;2659.00;89
6513;32;21200421;6513;449;7662;7751;5.67;0.35;309.92;8.40;1149;33;2660.00;89
6518;32;21200435;6518;452;7664;7751;5.62;0.34;309.93;8.42;1146;33;2661.00;87
6520;32;21200448;6520;457;7664;7751;5.65;0.34;309.93;8.42;1144;33;2662.00;87
6525;32;21200461;6525;461;7665;7751;5.65;0.34;309.97;8.42;1140;33;2663.00;86
6525;32;21200475;6525;476;7697;7821;5.69;0.35;309.97;8.40;1172;33;2664.00;124
6532;32;21200495;6532;472;7698;7822;5.68;0.35;310.24;8.41;1166;33;2665.00;124
6534;32;21200510;6534;469;7704;7822;5.76;0.35;310.28;8.40;1170;33;2666.00;118
6537;32;21200523;6537;474;7705;7822;5.73;0.35;310.27;8.41;1168;33;2667.00;117
6542;32;21200537;6542;477;7710;7822;5.74;0.35;310.30;8.41;1168;33;2668.00;112
6543;32;21200551;6543;481;7710;7822;5.71;0.35;310.35;8.41;1167;33;2669.00;112
6547;32;21200567;6547;484;7715;7822;5.72;0.35;310.51;8.42;1168;33;2670.00;107
6550;32;21200582;6550;487;7716;7822;5.71;0.35;310.55;8.42;1166;33;2671.00;106
6553;32;21200596;6553;484;7720;7823;5.71;0.35;310.67;8.43;1167;33;2672.00;103
6555;32;21200611;6555;489;7724;7824;5.75;0.35;310.65;8.43;1169;33;2673.00;100
6558;32;21200626;6558;486;7727;7824;5.71;0.35;310.85;8.43;1169;33;2674.00;97
6561;32;21200641;6561;486;7733;7828;5.63;0.34;311.00;8.46;1172;33;2675.00;95
6562;32;21200657;6562;476;7733;7828;5.61;0.34;310.99;8.46;1171;33;2676.00;95
6565;32;21200671;6565;478;7734;7828;5.56;0.34;311.10;8.46;1169;33;2677.00;94
6569;32;21200685;6569;484;7736;7828;5.49;0.33;311.28;8.47;1167;33;2678.00;92
6570;32;21200699;6570;483;7742;7834;5.52;0.34;311.31;8.46;1172;33;2679.00;92
6573;32;21200720;6573;491;7743;7834;5.48;0.33;311.43;8.47;1170;33;2680.00;91
6576;32;21200736;6576;484;7743;7834;5.44;0.33;311.46;8.47;1167;33;2681.00;91
6579;32;21200750;6579;479;7745;7837;5.45;0.33;311.58;8.47;1166;33;2682.00;92
6582;32;21200764;6582;480;7747;7837;5.42;0.33;311.59;8.47;1165;33;2683.00;90
6586;32;21200779;6586;486;7747;7837;5.40;0.33;311.76;8.47;1161;33;2684.00;90
6589;32;21200793;6589;489;7748;7838;5.40;0.33;311.69;8.47;1159;33;2685.00;90
6594;32;21200814;6594;495;7750;7839;5.38;0.33;311.80;8.48;1156;33;2686.00;89
6596;32;21200828;6596;493;7751;7839;5.35;0.33;311.97;8.50;1155;33;2687.00;88
6598;32;21200843;6598;500;7763;7852;5.38;0.33;312.04;8.49;1165;33;2688.00;89
6600;32;21200858;6600;501;7765;7852;5.39;0.33;312.11;8.49;1165;33;2689.00;87
6601;32;21200874;6601;509;7767;7852;5.38;0.33;312.20;8.51;1166;33;2690.00;85
6603;32;21200887;6603;513;7768;7853;5.42;0.33;312.20;8.51;1165;33;2691.00;85
6605;32;21200901;6605;510;7769;7853;5.41;0.33;312.36;8.51;1164;33;2692.00;84
6607;32;21200915;6607;512;7775;7857;5.48;0.33;312.41;8.53;1168;33;2693.00;82
6611;32;21200930;6611;514;7777;7857;5.50;0.33;312.67;8.53;1166;33;2694.00;80
6614;32;21200945;6614;514;7780;7861;5.48;0.33;312.74;8.53;1166;33;2695.00;81
6615;32;21200960;6615;513;7781;7861;5.51;0.33;312.78;8.53;1166;33;2696.00;80
6617;32;21200973;6617;513;7782;7861;5.51;0.33;312.88;8.54;1165;33;2697.00;79
6619;32;21200989;6619;512;7783;7861;5.49;0.33;312.99;8.55;1164;33;2698.00;78
6619;32;21201006;6619;515;7783;7861;5.45;0.33;312.99;8.55;1164;33;2699.00;78
6620;32;21201023;6620;519;7809;7910;5.46;0.33;312.96;8.53;1189;33;2700.00;101
6624;32;21201048;6624;518;7811;7910;5.39;0.33;312.98;8.53;1187;33;2701.00;99
6625;32;21201065;6625;520;7814;7910;5.39;0.33;313.07;8.53;1189;33;2702.00;96
6627;32;21201081;6627;522;7815;7910;5.38;0.33;313.02;8.53;1188;33;2703.00;95
6628;32;21201096;6628;528;7817;7910;5.34;0.33;312.99;8.53;1189;33;2704.00;93
6629;32;21201110;6629;530;7818;7910;5.31;0.32;312.96;8.53;1189;33;2705.00;92
6630;32;21201129;6630;530;7820;7911;5.34;0.33;312.98;8.52;1190;33;2706.00;91
6631;32;21201142;6631;531;7820;7911;5.35;0.33;312.95;8.52;1189;33;2707.00;91
6634;32;21201155;6634;536;7825;7917;5.39;0.33;312.88;8.52;1191;33;2708.00;92
6635;32;21201169;6635;539;7826;7918;5.39;0.33;312.92;8.52;1191;33;2709.00;92
6637;32;21201182;6637;541;7826;7918;5.37;0.33;312.89;8.52;1189;33;2710.00;92
6640;32;21201196;6640;541;7826;7918;5.36;0.33;312.91;8.52;1186;33;2711.00;92
6641;32;21201210;6641;544;7830;7922;5.34;0.33;312.90;8.52;1189;33;2712.00;92
6644;32;21201224;6644;547;7830;7922;5.29;0.32;312.92;8.52;1186;33;2713.00;92
6647;32;21201236;6647;550;7831;7922;5.29;0.32;312.88;8.52;1184;33;2714.00;91
6647;32;21201249;6647;550;7832;7923;5.33;0.33;312.88;8.52;1185;33;2715.00;91
6648;32;21201263;6648;552;7835;7927;5.34;0.33;312.83;8.51;1187;33;2716.00;92
6650;32;21201287;6650;547;7836;7927;5.32;0.33;312.89;8.51;1186;33;2717.00;91
6653;32;21201301;6653;548;7838;7930;5.28;0.32;312.89;8.51;1185;33;2718.00;92
6656;32;21201315;6656;543;7838;7930;5.24;0.32;312.88;8.51;1182;33;2719.00;92
6658;32;21201327;6658;546;7840;7930;5.21;0.32;312.94;8.51;1182;33;2720.00;90
6662;32;21201341;6662;546;7840;7930;5.18;0.32;312.99;8.51;1178;33;2721.00;90
6664;32;21201353;6664;548;7843;7934;5.16;0.32;313.02;8.51;1179;33;2722.00;91
6667;32;21201367;6667;547;7844;7934;5.13;0.31;313.00;8.51;1177;33;2723.00;90
6669;32;21201379;6669;542;7844;7934;5.07;0.31;313.02;8.51;1175;33;2724.00;90
6670;32;21201392;6670;532;7844;7934;5.09;0.31;312.98;8.51;1174;33;2725.00;90
6673;32;21201404;6673;529;7845;7935;5.06;0.31;312.96;8.51;1172;33;2726.00;90
6676;32;21201419;6676;534;7846;7936;4.99;0.31;313.00;8.51;1170;33;2727.00;90
6680;32;21201436;6680;533;7846;7936;4.91;0.30;313.02;8.51;1166;33;2728.00;90
6683;32;21201454;6683;526;7848;7937;4.89;0.30;312.94;8.52;1165;33;2729.00;89
6684;32;21201469;6684;523;7850;7937;4.92;0.30;312.92;8.59;1166;33;2730.00;87
6689;32;21201483;6689;519;7850;7937;4.93;0.30;312.89;8.59;1161;33;2731.00;87
6691;32;21201496;6691;519;7853;7937;4.95;0.30;312.91;8.60;1162;33;2732.00;84
6697;32;21201508;6697;514;7853;7937;4.95;0.30;312.85;8.60;1156;33;2733.00;84
6698;32;21201521;6698;515;7853;7937;5.01;0.31;312.83;8.60;1155;33;2734.00;84
6702;32;21201533;6702;506;7853;7937;5.03;0.31;312.84;8.60;1151;33;2735.00;84
6703;32;21201545;6703;500;7910;8064;5.21;0.32;312.80;8.54;1207;33;2736.00;154
6703;32;21201568;6703;478;7910;8065;5.32;0.33;312.80;8.54;1207;33;2737.00;155
6704;32;21201581;6704;467;7921;8065;5.38;0.33;312.80;8.53;1217;33;2738.00;144
6706;32;21201595;6706;460;7923;8065;5.42;0.33;312.78;8.53;1217;33;2739.00;142
6708;32;21201609;6708;462;7928;8065;5.52;0.34;312.84;8.53;1220;33;2740.00;137
6708;32;21201623;6708;461;7929;8065;5.55;0.34;312.84;8.53;1221;33;2741.00;136
6710;32;21201637;6710;451;7931;8065;5.57;0.34;312.90;8.53;1221;33;2742.00;134
6712;32;21201660;6712;441;7932;8065;5.61;0.34;312.85;8.53;1220;33;2743.00;133
6715;32;21201673;6715;443;7936;8066;5.66;0.35;312.82;8.53;1221;33;2744.00;130
6719;32;21201688;6719;438;7940;8068;5.71;0.35;312.77;8.53;1221;33;2745.00;128
6719;32;21201701;6719;439;7944;8068;5.80;0.35;312.77;8.53;1225;33;2746.00;124
6720;32;21201715;6720;442;7949;8069;5.82;0.36;312.76;8.53;1229;33;2747.00;120
6723;32;21201730;6723;448;7953;8069;5.85;0.36;312.82;8.53;1230;33;2748.00;116
6724;32;21201746;6724;443;7957;8069;5.90;0.36;312.81;8.54;1233;33;2749.00;112
6726;32;21201761;6726;437;7961;8069;5.90;0.36;312.80;8.54;1235;33;2750.00;108
6727;32;21201785;6727;439;7964;8073;5.92;0.36;312.87;8.54;1237;33;2751.00;109
6729;32;21201805;6729;443;7968;8073;5.87;0.36;312.89;8.54;1239;33;2752.00;105
6732;32;21201820;6732;442;7971;8073;5.85;0.36;312.82;8.54;1239;33;2753.00;102
6737;32;21201835;6737;452;7972;8076;5.78;0.35;312.95;8.54;1235;33;2754.00;104
6737;32;21201850;6737;452;7976;8076;5.80;0.35;312.95;8.54;1239;33;2755.00;100
6738;32;21201865;6738;451;7977;8076;5.81;0.35;312.98;8.54;1239;33;2756.00;99
6739;32;21201880;6739;451;7983;8080;5.83;0.35;312.96;8.63;1244;33;2757.00;97
6743;32;21201895;6743;449;7984;8081;5.85;0.36;313.02;8.63;1241;33;2758.00;97
6743;32;21201910;6743;460;7987;8081;5.90;0.36;313.02;8.67;1244;33;2759.00;94
6747;32;21201926;6747;462;7993;8086;5.88;0.36;313.09;8.74;1246;33;2760.00;93
6750;32;21201942;6750;464;7994;8086;5.82;0.35;313.10;8.74;1244;33;2761.00;92
6754;32;21201958;6754;462;7995;8086;5.75;0.35;313.02;8.78;1241;33;2762.00;91
6756;32;21201985;6756;469;7997;8087;5.65;0.34;313.08;8.82;1241;33;2763.00;90
6757;32;21202011;6757;476;7999;8087;5.59;0.34;313.13;8.89;1242;33;2764.00;88
6759;32;21202035;6759;482;8005;8093;5.59;0.34;313.17;8.92;1246;33;2765.00;88
6760;32;21202060;6760;486;8006;8093;5.55;0.34;313.28;8.96;1246;33;2766.00;87
6764;32;21202084;6764;488;8007;8094;5.48;0.33;313.25;8.99;1243;33;2767.00;87
6766;32;21202104;6766;492;8008;8094;5.40;0.33;313.32;9.03;1242;33;2768.00;86
6767;32;21202122;6767;489;8008;8094;5.40;0.33;313.30;9.03;1241;34;2769.00;86
6769;32;21202145;6769;488;8010;8094;5.35;0.33;313.27;9.10;1241;34;2770.00;84
6770;32;21202161;6770;493;8010;8094;5.34;0.33;313.30;9.10;1240;34;2771.00;84
6771;33;21202177;6771;489;8019;8106;5.44;0.33;313.28;9.09;1248;35;2772.00;87
6775;33;21202200;6775;489;8021;8106;5.40;0.33;313.33;9.16;1246;35;2773.00;85
6777;33;21202214;6777;486;8021;8106;5.43;0.33;313.38;9.16;1244;35;2774.00;85
6777;33;21202227;6777;484;8023;8106;5.43;0.33;313.38;9.23;1246;35;2775.00;83
6781;33;21202241;6781;472;8023;8106;5.46;0.33;313.44;9.23;1242;35;2776.00;83
6782;33;21202254;6782;472;8025;8106;5.47;0.33;313.43;9.30;1243;35;2777.00;81
6788;33;21202268;6788;469;8028;8110;5.46;0.33;313.51;9.29;1240;35;2778.00;82
6790;33;21202282;6790;465;8029;8110;5.46;0.33;313.47;9.33;1239;35;2779.00;81
6790;33;21202296;6790;462;8034;8114;5.54;0.34;313.47;9.36;1244;35;2780.00;80
6793;33;21202310;6793;457;8035;8115;5.55;0.34;313.59;9.35;1242;35;2781.00;80
6794;33;21202324;6794;464;8037;8115;5.59;0.34;313.64;9.42;1243;35;2782.00;78
6796;33;21202337;6796;464;8037;8115;5.59;0.34;313.66;9.42;1241;35;2783.00;78
6803;33;21202351;6803;470;8046;8128;5.59;0.34;313.70;9.41;1243;35;2784.00;82
6804;33;21202366;6804;470;8047;8128;5.60;0.34;313.72;9.45;1243;35;2785.00;81
6810;33;21202388;6810;473;8048;8128;5.60;0.34;313.79;9.47;1238;35;2786.00;80
6814;33;21202401;6814;467;8049;8129;5.59;0.34;313.87;9.47;1235;35;2787.00;80
6815;33;21202415;6815;474;8050;8130;5.57;0.34;313.87;9.50;1235;35;2788.00;80
6819;33;21202427;6819;473;8050;8130;5.55;0.34;313.89;9.50;1231;35;2789.00;80
6823;33;21202442;6823;476;8055;8136;5.50;0.34;314.08;9.50;1232;35;2790.00;81
6826;33;21202456;6826;475;8055;8136;5.45;0.33;314.10;9.50;1229;35;2791.00;81
6829;33;21202470;6829;476;8056;8136;5.41;0.33;314.22;9.50;1227;35;2792.00;80
6833;33;21202484;6833;483;8056;8136;5.42;0.33;314.22;9.50;1223;35;2793.00;80
6836;33;21202496;6836;486;8061;8142;5.45;0.33;314.22;9.49;1225;35;2794.00;81
6841;33;21202515;6841;492;8061;8142;5.41;0.33;314.31;9.49;1220;35;2795.00;81
6844;33;21202528;6844;486;8061;8142;5.36;0.33;314.45;9.49;1217;35;2796.00;81
6848;33;21202546;6848;492;8061;8142;5.33;0.33;314.45;9.49;1213;35;2797.00;81
6853;33;21202560;6853;494;8064;8146;5.30;0.32;314.61;9.49;1211;35;2798.00;82
6858;33;21202573;6858;495;8065;8147;5.26;0.32;314.74;9.49;1207;35;2799.00;82
6863;33;21202588;6863;482;8065;8147;5.21;0.32;314.86;9.49;1202;35;2800.00;82
6867;33;21202605;6867;464;8066;8148;5.20;0.32;314.98;9.48;1199;35;2801.00;82
6869;33;21202620;6869;463;8066;8148;5.24;0.32;314.96;9.48;1197;35;2802.00;82
6874;33;21202632;6874;456;8066;8148;5.30;0.32;315.15;9.48;1192;35;2803.00;82
6877;33;21202645;6877;449;8066;8148;5.35;0.33;315.15;9.48;1189;35;2804.00;82
6879;33;21202658;6879;445;8066;8148;5.42;0.33;315.23;9.48;1187;35;2805.00;82
6885;33;21202672;6885;433;8066;8148;5.45;0.33;315.35;9.48;1181;35;2806.00;82
6888;33;21202686;6888;417;8066;8148;5.44;0.33;315.37;9.48;1178;35;2807.00;82
6895;33;21202700;6895;408;8097;8218;5.64;0.34;315.45;9.45;1202;35;2808.00;121
6901;33;21202721;6901;406;8100;8219;5.65;0.34;315.69;9.45;1199;35;2809.00;119
6902;33;21202736;6902;398;8105;8219;5.73;0.35;315.71;9.44;1203;35;2810.00;114
6907;33;21202752;6907;395;8105;8219;5.73;0.35;315.86;9.44;1198;35;2811.00;114
6910;33;21202767;6910;398;8107;8219;5.79;0.35;315.87;9.44;1197;35;2812.00;112
6914;33;21202782;6914;399;8107;8219;5.82;0.36;315.93;9.44;1193;35;2813.00;112
6914;33;21202797;6914;396;8110;8219;5.88;0.36;315.93;9.44;1196;35;2814.00;109
6922;33;21202810;6922;397;8112;8219;5.85;0.36;316.08;9.44;1190;35;2815.00;107
6925;33;21202830;6925;394;8114;8220;5.86;0.36;316.15;9.44;1189;35;2816.00;106
6927;33;21202844;6927;386;8116;8221;5.85;0.36;316.17;9.44;1189;35;2817.00;105
6930;33;21202859;6930;389;8118;8221;5.82;0.35;316.23;9.44;1188;35;2818.00;103
6932;33;21202873;6932;387;8120;8225;5.79;0.35;316.29;9.43;1188;35;2819.00;105
6936;33;21202890;6936;388;8120;8225;5.77;0.35;316.56;9.43;1184;35;2820.00;105
6943;33;21202905;6943;387;8121;8225;5.76;0.35;316.59;9.43;1178;35;2821.00;104
6946;33;21202919;6946;392;8122;8225;5.75;0.35;316.63;9.44;1176;35;2822.00;103
6950;33;21202933;6950;387;8126;8231;5.77;0.35;316.81;9.43;1176;35;2823.00;105
6952;33;21202947;6952;392;8128;8231;5.76;0.35;316.88;9.43;1176;35;2824.00;103
6954;33;21202961;6954;388;8128;8231;5.76;0.35;316.97;9.43;1174;35;2825.00;103
6956;33;21202975;6956;390;8130;8234;5.78;0.35;316.99;9.43;1174;35;2826.00;104
6960;33;21202988;6960;384;8131;8234;5.71;0.35;317.11;9.43;1171;35;2827.00;103
6963;33;21203002;6963;381;8131;8234;5.76;0.35;317.21;9.43;1168;35;2828.00;103
6967;33;21203016;6967;382;8132;8235;5.76;0.35;317.20;9.43;1165;35;2829.00;103
6971;33;21203030;6971;384;8135;8236;5.77;0.35;317.34;9.44;1164;35;2830.00;101
6974;33;21203045;6974;386;8137;8236;5.75;0.35;317.39;9.45;1163;35;2831.00;99
6977;33;21203061;6977;386;8145;8249;5.77;0.35;317.46;9.45;1168;35;2832.00;104
6982;33;21203077;6982;391;8148;8249;5.75;0.35;317.52;9.46;1166;35;2833.00;101
6986;33;21203091;6986;399;8149;8249;5.76;0.35;317.62;9.47;1163;35;2834.00;100
6994;33;21203107;6994;402;8150;8251;5.72;0.35;317.69;9.47;1156;35;2835.00;101
6999;33;21203123;6999;407;8151;8251;5.71;0.35;317.89;9.47;1152;35;2836.00;100
7002;33;21203141;7002;409;8157;8255;5.72;0.35;317.93;9.47;1155;35;2837.00;98
7004;33;21203156;7004;403;8159;8255;5.70;0.35;317.86;9.48;1155;35;2838.00;96
7008;33;21203171;7008;412;8162;8259;5.68;0.35;318.00;9.47;1154;35;2839.00;97
7011;33;21203185;7011;412;8163;8259;5.66;0.35;318.08;9.48;1152;35;2840.00;96
7016;33;21203199;7016;417;8163;8259;5.61;0.34;318.17;9.48;1147;35;2841.00;96
7019;33;21203215;7019;419;8164;8259;5.61;0.34;318.17;9.49;1145;35;2842.00;95
7023;33;21203229;7023;427;8167;8259;5.54;0.34;318.20;9.50;1144;35;2843.00;92
7027;33;21203242;7027;434;8176;8271;5.54;0.34;318.27;9.49;1149;35;2844.00;95
7028;33;21203257;7028;442;8178;8271;5.51;0.34;318.25;9.49;1150;35;2845.00;93
7032;33;21203270;7032;452;8178;8271;5.44;0.33;318.42;9.49;1146;35;2846.00;93
7035;33;21203283;7035;442;8179;8271;5.42;0.33;318.46;9.49;1144;35;2847.00;92
7037;33;21203297;7037;444;8179;8271;5.40;0.33;318.50;9.49;1142;35;2848.00;92
7041;33;21203310;7041;438;8180;8271;5.39;0.33;318.49;9.50;1139;35;2849.00;91
7045;33;21203325;7045;439;8182;8274;5.31;0.32;318.52;9.49;1137;35;2850.00;92
7048;33;21203339;7048;440;8182;8274;5.30;0.32;318.63;9.49;1134;35;2851.00;92
7050;33;21203353;7050;439;8188;8280;5.38;0.33;318.62;9.49;1138;35;2852.00;92
7055;33;21203368;7055;448;8190;8281;5.40;0.33;318.60;9.49;1135;35;2853.00;91
7055;33;21203381;7055;454;8191;8281;5.43;0.33;318.60;9.50;1136;35;2854.00;90
7055;33;21203396;7055;463;8191;8281;5.44;0.33;318.60;9.50;1136;35;2855.00;90
7058;33;21203409;7058;455;8196;8285;5.46;0.33;318.56;9.50;1138;35;2856.00;89
7060;33;21203425;7060;455;8196;8285;5.44;0.33;318.70;9.50;1136;35;2857.00;89
7064;33;21203445;7064;451;8197;8285;5.44;0.33;318.67;9.50;1133;35;2858.00;88
7065;33;21203459;7065;451;8198;8286;5.49;0.33;318.72;9.50;1133;35;2859.00;88
7068;33;21203474;7068;441;8201;8290;5.51;0.34;318.95;9.49;1133;35;2860.00;89
7070;33;21203488;7070;445;8201;8290;5.54;0.34;318.98;9.49;1131;35;2861.00;89
7073;33;21203501;7073;442;8203;8293;5.48;0.33;319.10;9.49;1130;35;2862.00;90
7075;33;21203515;7075;450;8204;8293;5.44;0.33;319.08;9.49;1129;35;2863.00;89
7078;33;21203529;7078;450;8206;8295;5.41;0.33;319.19;9.49;1128;35;2864.00;89
7079;33;21203543;7079;456;8206;8295;5.41;0.33;319.20;9.49;1127;35;2865.00;89
7082;33;21203556;7082;455;8210;8299;5.46;0.33;319.28;9.48;1128;35;2866.00;89
7083;33;21203569;7083;451;8210;8299;5.56;0.34;319.26;9.48;1127;35;2867.00;89
7085;33;21203588;7085;450;8210;8299;5.65;0.34;319.23;9.48;1125;35;2868.00;89
7086;33;21203602;7086;448;8210;8299;5.69;0.35;319.22;9.48;1124;35;2869.00;89
7089;33;21203616;7089;441;8210;8300;5.78;0.35;319.17;9.48;1121;35;2870.00;90
7092;33;21203629;7092;440;8211;8301;5.84;0.35;319.22;9.48;1119;35;2871.00;90
7095;33;21203644;7095;441;8211;8301;5.85;0.36;319.12;9.48;1116;35;2872.00;90
7097;33;21203657;7097;437;8212;8302;5.87;0.36;319.08;9.48;1115;35;2873.00;90
7097;33;21203670;7097;437;8212;8302;5.84;0.36;319.08;9.48;1115;35;2874.00;90
7098;33;21203682;7098;428;8212;8302;5.78;0.35;319.08;9.48;1114;35;2875.00;90
7101;33;21203695;7101;436;8212;8302;5.74;0.35;319.09;9.48;1111;35;2876.00;90
7105;33;21203707;7105;432;8212;8302;5.69;0.35;319.10;9.48;1107;35;2877.00;90
7106;33;21203720;7106;432;8212;8302;5.69;0.35;319.06;9.48;1106;35;2878.00;90
7108;33;21203733;7108;429;8212;8302;5.64;0.34;319.04;9.48;1104;35;2879.00;90
7111;33;21203748;7111;504;8341;8532;5.64;0.35;319.03;9.34;1230;35;2880.00;191
7115;33;21203782;7115;489;8343;8533;5.56;0.35;319.00;9.33;1228;35;2881.00;190
7117;33;21203796;7117;483;8352;8533;5.58;0.35;318.97;9.33;1235;35;2882.00;181
7119;33;21203816;7119;474;8355;8533;5.54;0.34;319.00;9.32;1236;35;2883.00;178
7119;33;21203829;7119;475;8360;8533;5.52;0.34;319.00;9.32;1241;35;2884.00;173
7121;33;21203842;7121;465;8364;8533;5.48;0.34;319.04;9.32;1243;35;2885.00;169
7122;33;21203855;7122;466;8370;8533;5.47;0.34;319.10;9.32;1248;35;2886.00;163
7125;34;21203869;7125;477;8375;8533;5.43;0.34;319.11;9.31;1250;36;2887.00;158
7127;34;21203890;7127;476;8381;8534;5.39;0.33;319.12;9.31;1254;36;2888.00;153
7128;34;21203904;7128;482;8385;8535;5.35;0.33;319.13;9.31;1257;36;2889.00;150
7130;34;21203918;7130;479;8390;8535;5.29;0.33;319.11;9.31;1260;36;2890.00;145
7131;34;21203937;7131;483;8391;8536;5.26;0.33;319.13;9.31;1260;36;2891.00;145
7131;34;21203951;7131;489;8395;8536;5.19;0.32;319.13;9.31;1264;36;2892.00;141
7133;34;21203966;7133;475;8397;8536;5.16;0.32;319.16;9.32;1264;36;2893.00;139
7134;34;21203982;7134;455;8398;8536;5.15;0.32;319.14;9.32;1264;36;2894.00;138
7135;34;21204002;7135;448;8400;8540;5.17;0.32;319.14;9.32;1265;36;2895.00;140
7138;34;21204027;7138;429;8401;8540;5.20;0.32;319.12;9.32;1263;36;2896.00;139
7141;34;21204043;7141;432;8403;8540;5.25;0.32;319.14;9.32;1262;36;2897.00;137
7144;34;21204058;7144;434;8404;8543;5.29;0.32;319.14;9.32;1260;36;2898.00;139
7147;34;21204073;7147;421;8406;8543;5.38;0.33;319.16;9.32;1259;36;2899.00;137
7148;34;21204088;7148;425;8406;8543;5.46;0.33;319.15;9.32;1258;36;2900.00;137
7151;34;21204107;7151;423;8410;8547;5.50;0.34;319.25;9.32;1259;36;2901.00;137
7156;34;21204124;7156;427;8411;8548;5.51;0.34;319.13;9.31;1255;36;2902.00;137
7156;34;21204140;7156;422;8411;8548;5.55;0.34;319.13;9.31;1255;36;2903.00;137
7159;34;21204154;7159;415;8414;8552;5.58;0.34;319.11;9.31;1255;36;2904.00;138
7162;34;21204172;7162;412;8416;8552;5.59;0.34;319.11;9.36;1254;36;2905.00;136
7163;34;21204196;7163;415;8416;8552;5.61;0.34;319.12;9.36;1253;36;2906.00;136
7165;34;21204211;7165;404;8416;8553;5.68;0.35;319.13;9.36;1251;36;2907.00;137
7165;34;21204227;7165;395;8420;8553;5.76;0.35;319.13;9.37;1255;36;2908.00;133
7166;34;21204242;7166;395;8425;8559;5.84;0.36;319.12;9.37;1259;36;2909.00;134
7167;34;21204259;7167;398;8425;8559;5.93;0.36;319.08;9.37;1258;36;2910.00;134
7167;34;21204274;7167;389;8426;8560;5.95;0.36;319.08;9.37;1259;36;2911.00;134
7171;34;21204289;7171;385;8426;8560;5.94;0.36;319.00;9.37;1255;36;2912.00;134
7172;34;21204304;7172;379;8428;8560;6.03;0.37;318.96;9.38;1256;36;2913.00;132
7175;34;21204319;7175;373;8428;8560;6.07;0.37;319.02;9.38;1253;36;2914.00;132
7178;34;21204333;7178;370;8428;8560;6.10;0.37;319.02;9.38;1250;36;2915.00;132
7181;34;21204347;7181;368;8438;8572;6.18;0.38;319.00;9.37;1257;36;2916.00;134
7184;34;21204363;7184;355;8440;8572;6.15;0.38;319.01;9.38;1256;36;2917.00;132
7189;34;21204378;7189;355;8444;8572;6.13;0.37;319.08;9.42;1255;36;2918.00;128
7191;34;21204392;7191;352;8444;8572;6.10;0.37;319.06;9.42;1253;36;2919.00;128
7193;34;21204406;7193;349;8445;8572;6.08;0.37;319.10;9.42;1252;36;2920.00;127
7196;34;21204420;7196;348;8446;8572;6.10;0.37;319.28;9.42;1250;36;2921.00;126
7199;34;21204435;7199;351;8450;8576;6.05;0.37;319.25;9.42;1251;36;2922.00;126
7200;34;21204449;7200;350;8451;8576;6.07;0.37;319.37;9.42;1251;36;2923.00;125
7204;34;21204463;7204;344;8454;8580;6.08;0.37;319.37;9.42;1250;36;2924.00;126
7205;34;21204484;7205;342;8457;8582;6.11;0.37;319.40;9.42;1252;36;2925.00;125
7209;34;21204497;7209;347;8459;8582;6.08;0.37;319.46;9.43;1250;36;2926.00;123
7211;34;21204511;7211;349;8461;8582;6.05;0.37;319.57;9.47;1250;36;2927.00;121
7217;34;21204524;7217;359;8470;8595;6.05;0.37;319.70;9.46;1253;36;2928.00;125
7219;34;21204540;7219;365;8472;8595;6.06;0.37;319.83;9.47;1253;36;2929.00;123
7221;34;21204554;7221;360;8476;8595;6.06;0.37;319.92;9.56;1255;36;2930.00;119
7221;34;21204568;7221;367;8478;8596;6.07;0.37;319.92;9.56;1257;36;2931.00;118
7226;34;21204581;7226;373;8478;8597;6.00;0.37;320.00;9.56;1252;36;2932.00;119
7227;34;21204596;7227;380;8481;8597;5.99;0.37;320.06;9.65;1254;36;2933.00;116
7231;34;21204609;7231;385;8484;8600;5.98;0.37;319.97;9.64;1253;36;2934.00;116
7234;34;21204623;7234;393;8486;8600;5.97;0.36;320.20;9.68;1252;36;2935.00;114
7238;34;21204637;7238;391;8488;8600;5.92;0.36;320.10;9.73;1250;36;2936.00;112
7241;34;21204650;7241;397;8490;8600;5.91;0.36;320.21;9.79;1249;36;2937.00;110
7244;34;21204664;7244;403;8496;8606;5.91;0.36;320.30;9.79;1252;36;2938.00;110
7248;34;21204678;7248;408;8497;8606;5.88;0.36;320.37;9.84;1249;36;2939.00;109
7252;34;21204694;7252;414;8497;8606;5.89;0.36;320.37;9.84;1245;36;2940.00;109
7257;34;21204709;7257;416;8499;8606;5.89;0.36;320.33;9.87;1242;36;2941.00;107
7259;34;21204722;7259;411;8504;8610;5.90;0.36;320.27;9.94;1245;36;2942.00;106
7260;34;21204737;7260;412;8507;8611;5.89;0.36;320.37;10.04;1247;36;2943.00;104
7262;34;21204751;7262;413;8508;8611;5.91;0.36;320.40;10.04;1246;36;2944.00;103
7263;34;21204766;7263;399;8513;8612;5.92;0.36;320.37;10.14;1250;36;2945.00;99
7266;34;21204780;7266;397;8517;8612;5.93;0.36;320.48;10.24;1251;36;2946.00;95
7270;34;21204794;7270;398;8517;8612;5.89;0.36;320.52;10.24;1247;36;2947.00;95
7272;34;21204808;7272;393;8517;8612;5.91;0.36;320.65;10.24;1245;36;2948.00;95
7273;34;21204821;7273;400;8517;8612;5.92;0.36;320.68;10.24;1244;36;2949.00;95
7276;34;21204835;7276;388;8519;8612;5.91;0.36;320.68;10.32;1243;36;2950.00;93
7276;34;21204848;7276;388;8521;8612;5.90;0.36;320.68;10.41;1245;36;2951.00;91
7279;34;21204871;7279;395;8567;8682;5.91;0.36;320.80;10.44;1288;36;2952.00;115
7281;34;21204912;7281;390;8569;8683;5.95;0.36;320.85;10.44;1288;36;2953.00;114
7283;34;21204940;7283;390;8573;8683;5.95;0.36;320.83;10.43;1290;36;2954.00;110
7288;34;21204967;7288;390;8578;8683;5.96;0.36;320.92;10.51;1290;36;2955.00;105
7289;34;21204985;7289;393;8579;8683;5.97;0.37;320.96;10.51;1290;36;2956.00;104
7292;34;21205003;7292;390;8580;8683;5.93;0.36;321.08;10.51;1288;36;2957.00;103
7295;34;21205021;7295;393;8583;8683;5.94;0.36;321.10;10.59;1288;36;2958.00;100
7299;34;21205039;7299;394;8584;8683;5.93;0.36;321.16;10.59;1285;36;2959.00;99
7301;34;21205067;7301;397;8588;8684;5.97;0.36;321.11;10.67;1287;36;2960.00;96
7304;34;21205084;7304;403;8590;8685;5.99;0.36;321.12;10.67;1286;36;2961.00;95
7306;34;21205101;7306;407;8591;8685;5.99;0.36;321.19;10.67;1285;36;2962.00;94
7308;34;21205123;7308;401;8596;8689;5.99;0.37;321.15;10.74;1288;36;2963.00;93
7313;34;21205141;7313;400;8596;8689;6.01;0.37;321.11;10.74;1283;36;2964.00;93
7318;34;21205162;7318;407;8598;8689;5.98;0.36;321.22;10.82;1280;36;2965.00;91
7324;34;21205181;7324;404;8598;8689;5.97;0.36;321.22;10.82;1274;36;2966.00;91
7325;34;21205201;7325;416;8604;8695;6.04;0.37;321.18;10.89;1279;36;2967.00;91
7332;34;21205220;7332;418;8604;8695;5.98;0.36;321.33;10.89;1272;36;2968.00;91
7336;34;21205241;7336;423;8604;8695;5.94;0.36;321.40;10.89;1268;36;2969.00;91
7337;34;21205271;7337;420;8607;8701;5.95;0.36;321.41;10.88;1270;36;2970.00;94
7340;34;21205289;7340;423;8609;8701;5.87;0.36;321.44;10.96;1269;36;2971.00;92
7342;34;21205307;7342;427;8611;8701;5.74;0.35;321.57;10.96;1269;36;2972.00;90
7344;34;21205323;7344;431;8611;8702;5.65;0.34;321.63;10.96;1267;36;2973.00;91
7348;34;21205339;7348;437;8612;8703;5.55;0.34;321.76;10.96;1264;36;2974.00;91
7349;34;21205355;7349;429;8612;8703;5.50;0.34;321.84;10.96;1263;36;2975.00;91
7353;34;21205371;7353;433;8621;8716;5.46;0.33;321.87;10.94;1268;36;2976.00;95
7356;34;21205388;7356;425;8621;8716;5.42;0.33;322.03;10.94;1265;36;2977.00;95
7363;34;21205403;7363;427;8623;8716;5.37;0.33;322.11;10.94;1260;36;2978.00;93
7366;34;21205420;7366;428;8624;8717;5.37;0.33;322.25;10.95;1258;36;2979.00;93
7371;34;21205436;7371;425;8624;8717;5.36;0.33;322.26;10.95;1253;36;2980.00;93
7371;34;21205451;7371;431;8628;8721;5.44;0.33;322.26;10.94;1257;36;2981.00;93
7376;34;21205465;7376;422;8628;8721;5.44;0.33;322.41;10.94;1252;36;2982.00;93
7377;34;21205485;7377;428;8631;8725;5.52;0.34;322.45;10.94;1254;36;2983.00;94
7381;34;21205500;7381;420;8633;8725;5.59;0.34;322.42;10.95;1252;36;2984.00;92
7385;34;21205514;7385;419;8633;8725;5.60;0.34;322.57;10.95;1248;36;2985.00;92
7389;34;21205528;7389;412;8633;8725;5.60;0.34;322.63;10.95;1244;36;2986.00;92
7389;34;21205549;7389;411;8633;8725;5.62;0.34;322.63;10.95;1244;36;2987.00;92
7395;34;21205563;7395;414;8641;8737;5.61;0.34;322.70;10.95;1246;36;2988.00;96
7397;34;21205580;7397;410;8643;8737;5.56;0.34;322.69;10.95;1246;36;2989.00;94
7403;34;21205598;7403;410;8644;8737;5.47;0.33;322.76;10.95;1241;36;2990.00;93
7408;34;21205615;7408;407;8644;8737;5.40;0.33;322.81;10.95;1236;36;2991.00;93
7411;34;21205630;7411;407;8645;8737;5.35;0.33;322.95;10.95;1234;36;2992.00;92
7415;34;21205648;7415;409;8645;8737;5.30;0.32;323.03;10.95;1230;36;2993.00;92
7418;34;21205663;7418;412;8645;8738;5.29;0.32;323.11;10.95;1227;36;2994.00;93
7421;34;21205678;7421;403;8646;8738;5.24;0.32;323.11;10.95;1225;36;2995.00;92
7424;34;21205700;7424;407;8650;8744;5.22;0.32;323.23;10.95;1226;36;2996.00;94
7429;34;21205717;7429;399;8651;8745;5.18;0.32;323.36;10.95;1222;36;2997.00;94
7434;34;21205731;7434;405;8652;8745;5.15;0.31;323.35;10.95;1218;36;2998.00;93
7438;34;21205746;7438;398;8653;8745;5.11;0.31;323.39;10.95;1215;36;2999.00;92
7441;34;21205764;7441;408;8661;8765;5.10;0.31;323.41;10.94;1220;36;3000.00;104
7444;34;21205785;7444;407;8662;8765;5.15;0.31;323.43;10.94;1218;36;3001.00;103
7447;34;21205799;7447;410;8662;8765;5.17;0.31;323.51;10.94;1215;36;3002.00;103
7450;34;21205813;7450;408;8664;8766;5.18;0.31;323.53;10.94;1214;36;3003.00;102
7453;34;21205826;7453;423;8668;8770;5.23;0.32;323.52;10.93;1215;36;3004.00;102
7458;34;21205840;7458;429;8669;8770;5.19;0.32;323.59;10.93;1211;36;3005.00;101
7460;34;21205854;7460;436;8673;8773;5.21;0.32;323.65;10.93;1213;36;3006.00;100
7462;34;21205869;7462;445;8674;8773;5.23;0.32;323.68;10.93;1212;36;3007.00;99
7465;34;21205882;7465;442;8674;8773;5.23;0.32;323.64;10.93;1209;36;3008.00;99
7467;34;21205896;7467;442;8674;8773;5.24;0.32;323.68;10.93;1207;36;3009.00;99
7471;34;21205909;7471;445;8678;8777;5.18;0.32;323.76;10.93;1207;36;3010.00;99
7476;34;21205922;7476;445;8679;8777;5.13;0.31;323.82;10.93;1203;36;3011.00;98
7477;34;21205936;7477;453;8680;8777;5.08;0.31;323.93;10.93;1203;36;3012.00;97
7480;34;21205949;7480;455;8680;8777;5.01;0.31;323.98;10.93;1200;36;3013.00;97
7484;34;21205965;7484;459;8680;8778;4.99;0.31;324.10;10.93;1196;36;3014.00;98
7487;34;21205979;7487;461;8683;8780;5.00;0.31;324.04;10.92;1196;36;3015.00;97
7490;34;21205994;7490;472;8684;8780;4.93;0.30;324.14;10.94;1194;36;3016.00;96
7492;34;21206009;7492;490;8686;8781;4.91;0.30;324.12;10.94;1194;36;3017.00;95
7494;34;21206023;7494;488;8686;8781;4.82;0.30;324.23;10.94;1192;36;3018.00;95
7500;34;21206038;7500;487;8686;8781;4.72;0.29;324.27;10.94;1186;36;3019.00;95
7503;34;21206053;7503;499;8686;8781;4.67;0.29;324.27;10.94;1183;36;3020.00;95
7504;34;21206068;7504;499;8686;8781;4.63;0.28;324.25;10.94;1182;36;3021.00;95
7508;34;21206082;7508;492;8686;8781;4.58;0.28;324.36;10.94;1178;36;3022.00;95
7511;34;21206096;7511;484;8687;8781;4.58;0.28;324.34;10.94;1176;36;3023.00;94
7515;34;21206112;7515;496;8756;8908;4.92;0.31;324.34;10.85;1241;36;3024.00;152
7516;34;21206136;7516;492;8758;8909;4.93;0.31;324.31;10.85;1242;36;3025.00;151
7518;34;21206153;7518;485;8765;8909;5.04;0.31;324.24;10.84;1247;36;3026.00;144
7519;34;21206169;7519;481;8765;8909;5.06;0.31;324.21;10.84;1246;36;3027.00;144
7519;34;21206184;7519;480;8770;8909;5.11;0.32;324.21;10.84;1251;36;3028.00;139
7521;34;21206200;7521;482;8772;8909;5.07;0.32;324.15;10.84;1251;36;3029.00;137
7524;34;21206219;7524;481;8777;8909;5.07;0.31;324.12;10.84;1253;36;3030.00;132
7528;34;21206235;7528;477;8778;8909;5.05;0.31;324.09;10.84;1250;36;3031.00;131
7529;34;21206260;7529;465;8780;8910;5.04;0.31;324.18;10.84;1251;36;3032.00;130
7530;34;21206277;7530;452;8784;8911;5.06;0.31;324.17;10.84;1254;36;3033.00;127
7533;34;21206294;7533;452;8787;8911;5.10;0.31;324.26;10.84;1254;36;3034.00;124
7534;34;21206317;7534;451;8792;8912;5.06;0.31;324.23;10.85;1258;36;3035.00;120
7540;34;21206334;7540;449;8796;8912;5.00;0.31;324.17;10.85;1256;36;3036.00;116
7543;34;21206350;7543;455;8799;8912;4.99;0.31;324.23;10.85;1256;36;3037.00;113
7545;34;21206366;7545;463;8801;8912;4.99;0.31;324.18;10.85;1256;36;3038.00;111
7546;34;21206382;7546;471;8805;8916;4.96;0.31;324.20;10.85;1259;36;3039.00;111
7547;34;21206399;7547;471;8808;8916;4.98;0.31;324.28;10.84;1261;36;3040.00;108
7549;34;21206415;7549;480;8808;8916;5.00;0.31;324.35;10.84;1259;36;3041.00;108
7550;34;21206431;7550;480;8810;8919;5.00;0.31;324.42;10.84;1260;36;3042.00;109
7551;34;21206446;7551;482;8810;8919;5.05;0.31;324.39;10.84;1259;36;3043.00;109
7551;34;21206462;7551;481;8812;8919;5.10;0.31;324.39;10.84;1261;36;3044.00;107
7552;34;21206478;7552;475;8815;8923;5.11;0.32;324.36;10.84;1263;36;3045.00;108
7553;34;21206494;7553;476;8818;8924;5.16;0.32;324.38;10.84;1265;36;3046.00;106
7555;34;21206509;7555;481;8818;8924;5.19;0.32;324.37;10.84;1263;36;3047.00;106
7558;34;21206523;7558;488;8823;8928;5.19;0.32;324.35;10.84;1265;36;3048.00;105
7558;34;21206538;7558;479;8823;8928;5.21;0.32;324.35;10.84;1265;36;3049.00;105
7559;34;21206551;7559;469;8824;8928;5.23;0.32;324.37;10.84;1265;36;3050.00;104
7561;34;21206566;7561;460;8826;8929;5.27;0.32;324.42;10.84;1265;36;3051.00;103
7566;34;21206580;7566;454;8826;8929;5.24;0.32;324.33;10.84;1260;36;3052.00;103
7567;34;21206595;7567;449;8831;8935;5.26;0.32;324.36;10.84;1264;36;3053.00;104
7573;34;21206616;7573;448;8831;8935;5.28;0.32;324.35;10.84;1258;36;3054.00;104
7575;34;21206631;7575;449;8831;8936;5.28;0.32;324.32;10.84;1256;36;3055.00;105
7576;34;21206646;7576;444;8831;8936;5.28;0.32;324.28;10.84;1255;36;3056.00;105
7580;34;21206666;7580;443;8831;8936;5.30;0.32;324.24;10.84;1251;36;3057.00;105
7581;34;21206684;7581;442;8831;8936;5.27;0.32;324.22;10.84;1250;36;3058.00;105
7583;34;21206702;7583;450;8831;8936;5.26;0.32;324.29;10.84;1248;36;3059.00;105
7584;34;21206721;7584;450;8856;8972;5.36;0.33;324.30;10.80;1272;36;3060.00;116
7586;34;21206742;7586;448;8857;8972;5.37;0.33;324.25;10.80;1271;36;3061.00;115
7588;34;21206760;7588;441;8860;8972;5.40;0.33;324.28;10.80;1272;36;3062.00;112
7590;34;21206779;7590;451;8860;8972;5.39;0.33;324.34;10.80;1270;36;3063.00;112
7591;34;21206796;7591;454;8861;8972;5.42;0.33;324.37;10.80;1270;36;3064.00;111
7592;34;21206813;7592;453;8861;8972;5.41;0.33;324.42;10.80;1269;36;3065.00;111
7595;34;21206829;7595;448;8866;8976;5.43;0.33;324.42;10.80;1271;36;3066.00;110
7596;34;21206850;7596;442;8866;8976;5.46;0.33;324.49;10.80;1270;36;3067.00;110
7597;34;21206867;7597;439;8869;8980;5.54;0.34;324.49;10.80;1272;36;3068.00;111
7598;34;21206884;7598;433;8870;8981;5.59;0.34;324.51;10.79;1272;36;3069.00;111
7599;34;21206902;7599;428;8870;8981;5.64;0.34;324.47;10.79;1271;36;3070.00;111
7600;34;21206919;7600;429;8870;8981;5.63;0.34;324.54;10.79;1270;36;3071.00;111
7602;34;21206936;7602;422;8879;8994;5.68;0.34;324.53;10.78;1277;36;3072.00;115
7604;34;21206955;7604;423;8879;8994;5.67;0.34;324.63;10.78;1275;36;3073.00;115
7607;34;21206972;7607;426;8879;8994;5.69;0.34;324.69;10.78;1272;36;3074.00;115
7609;34;21206989;7609;416;8880;8995;5.69;0.34;324.69;10.78;1271;36;3075.00;115
7612;34;21207008;7612;416;8880;8996;5.71;0.35;324.69;10.78;1268;36;3076.00;116
7616;34;21207025;7616;410;8880;8996;5.71;0.35;324.64;10.78;1264;36;3077.00;116
7619;34;21207042;7619;415;8882;8999;5.75;0.35;324.69;10.78;1263;36;3078.00;117
7622;34;21207057;7622;414;8883;8999;5.78;0.35;324.76;10.78;1261;36;3079.00;116
7625;34;21207073;7625;411;8885;8999;5.76;0.35;324.89;10.87;1260;36;3080.00;114
7626;34;21207091;7626;414;8885;8999;5.76;0.35;324.90;10.87;1259;36;3081.00;114
7629;34;21207107;7629;407;8891;9005;5.76;0.35;324.93;10.87;1262;36;3082.00;114
7631;34;21207124;7631;401;8892;9005;5.79;0.35;324.90;10.87;1261;36;3083.00;113
7634;34;21207138;7634;394;8892;9005;5.79;0.35;324.91;10.87;1258;36;3084.00;113
7636;34;21207153;7636;393;8892;9005;5.76;0.35;324.97;10.87;1256;36;3085.00;113
7636;34;21207168;7636;391;8896;9009;5.77;0.35;324.97;10.86;1260;36;3086.00;113
7642;34;21207187;7642;394;8897;9010;5.79;0.35;324.98;10.86;1255;36;3087.00;113
7644;34;21207202;7644;392;8897;9010;5.82;0.35;325.14;10.86;1253;36;3088.00;113
7645;34;21207217;7645;391;8898;9011;5.90;0.36;325.11;10.86;1253;36;3089.00;113
7650;34;21207235;7650;395;8898;9011;5.91;0.36;325.19;10.86;1248;36;3090.00;113
7652;34;21207252;7652;399;8898;9011;6.00;0.36;325.28;10.86;1246;36;3091.00;113
7653;34;21207268;7653;396;8898;9011;6.07;0.37;325.25;10.86;1245;36;3092.00;113
7654;34;21207285;7654;391;8898;9011;6.12;0.37;325.29;10.86;1244;36;3093.00;113
7657;34;21207302;7657;393;8898;9011;6.15;0.37;325.30;10.86;1241;36;3094.00;113
7658;34;21207319;7658;391;8898;9011;6.20;0.38;325.28;10.86;1240;36;3095.00;113
7662;34;21207335;7662;402;8933;9081;6.30;0.38;325.23;10.82;1271;36;3096.00;148
7665;34;21207359;7665;402;8935;9082;6.24;0.38;325.30;10.82;1270;36;3097.00;147
7668;34;21207377;7668;413;8940;9082;6.22;0.38;325.34;10.81;1272;36;3098.00;142
7672;34;21207393;7672;410;8943;9082;6.21;0.38;325.34;10.81;1271;36;3099.00;139
7673;34;21207410;7673;410;8945;9082;6.21;0.38;325.33;10.81;1272;36;3100.00;137
7675;35;21207437;7675;419;8950;9082;6.19;0.38;325.46;10.80;1275;37;3101.00;132
7676;35;21207466;7676;413;8952;9082;6.16;0.38;325.47;10.80;1276;37;3102.00;130
7677;35;21207480;7677;424;8956;9082;6.16;0.37;325.47;10.80;1279;37;3103.00;126
7680;35;21207494;7680;431;8957;9083;6.14;0.37;325.54;10.80;1277;37;3104.00;126
7685;35;21207508;7685;435;8963;9085;6.08;0.37;325.57;10.85;1278;37;3105.00;122
7687;35;21207524;7687;452;8966;9085;6.08;0.37;325.61;10.84;1279;37;3106.00;119
7690;35;21207539;7690;455;8970;9089;6.05;0.37;325.62;10.84;1280;37;3107.00;119
7693;35;21207554;7693;457;8972;9089;6.02;0.37;325.60;10.89;1279;37;3108.00;117
7694;35;21207569;7694;458;8972;9089;6.01;0.37;325.59;10.89;1278;37;3109.00;117
7696;35;21207583;7696;462;8973;9089;5.97;0.36;325.58;10.93;1277;37;3110.00;116
7699;35;21207597;7699;472;8978;9095;6.04;0.37;325.68;10.93;1279;37;3111.00;117
7699;35;21207613;7699;480;8979;9095;6.02;0.37;325.68;10.97;1280;37;3112.00;116
7700;35;21207627;7700;472;8979;9095;6.04;0.37;325.67;10.97;1279;37;3113.00;116
7706;35;21207641;7706;479;8981;9098;6.01;0.37;325.78;10.97;1275;37;3114.00;117
7707;35;21207656;7707;486;8981;9098;5.99;0.36;325.77;10.97;1274;37;3115.00;117
7709;35;21207670;7709;496;8982;9098;5.97;0.36;325.78;10.97;1273;37;3116.00;116
7714;35;21207684;7714;489;8986;9099;5.83;0.35;325.84;11.15;1272;37;3117.00;113
7716;35;21207719;7716;495;8987;9100;5.78;0.35;325.80;11.15;1271;37;3118.00;113
7717;35;21207743;7717;487;8988;9100;5.71;0.35;325.88;11.20;1271;37;3119.00;112
7724;35;21207771;7724;490;9005;9126;5.64;0.34;325.94;11.18;1281;37;3120.00;121
7726;35;21207791;7726;490;9007;9126;5.62;0.34;325.93;11.22;1281;37;3121.00;119
7728;35;21207807;7728;486;9009;9126;5.60;0.34;326.02;11.22;1281;37;3122.00;117
7729;35;21207825;7729;483;9012;9127;5.58;0.34;326.10;11.26;1283;37;3123.00;115
7732;35;21207841;7732;478;9013;9127;5.55;0.34;326.21;11.26;1281;37;3124.00;114
7734;35;21207859;7734;472;9019;9131;5.54;0.34;326.27;11.33;1285;37;3125.00;112
7736;35;21207879;7736;476;9019;9131;5.47;0.33;326.28;11.33;1283;37;3126.00;112
7739;35;21207896;7739;472;9022;9135;5.43;0.33;326.24;11.33;1283;37;3127.00;113
7745;35;21207914;7745;473;9024;9135;5.41;0.33;326.34;11.42;1279;37;3128.00;111
7746;35;21207931;7746;471;9024;9135;5.43;0.33;326.38;11.42;1278;37;3129.00;111
7748;35;21207948;7748;469;9026;9135;5.44;0.33;326.53;11.50;1278;37;3130.00;109
7750;35;21207965;7750;470;9026;9135;5.46;0.33;326.56;11.50;1276;37;3131.00;109
7752;35;21207981;7752;469;9035;9147;5.56;0.34;326.65;11.49;1283;37;3132.00;112
7756;35;21208000;7756;473;9037;9147;5.62;0.34;326.68;11.57;1281;37;3133.00;110
7758;35;21208018;7758;470;9039;9147;5.65;0.34;326.80;11.57;1281;37;3134.00;108
7758;35;21208034;7758;470;9039;9147;5.71;0.35;326.80;11.57;1281;37;3135.00;108
7763;35;21208050;7763;468;9041;9147;5.69;0.35;326.94;11.66;1278;37;3136.00;106
7767;35;21208067;7767;471;9041;9147;5.65;0.35;326.96;11.66;1274;37;3137.00;106
7769;35;21208086;7769;474;9041;9148;5.69;0.35;327.04;11.66;1272;37;3138.00;107
7775;35;21208105;7775;476;9043;9148;5.70;0.35;326.99;11.74;1268;37;3139.00;105
7777;35;21208123;7777;471;9048;9154;5.74;0.35;326.98;11.73;1271;37;3140.00;106
7781;35;21208141;7781;476;9049;9155;5.71;0.35;327.01;11.73;1268;37;3141.00;106
7786;35;21208158;7786;477;9051;9155;5.67;0.35;327.21;11.81;1265;37;3142.00;104
7789;35;21208174;7789;477;9051;9155;5.61;0.34;327.31;11.81;1262;37;3143.00;104
7791;35;21208192;7791;477;9054;9159;5.62;0.34;327.25;11.80;1263;37;3144.00;105
7798;35;21208208;7798;477;9054;9159;5.52;0.34;327.35;11.80;1256;37;3145.00;105
7803;35;21208224;7803;479;9054;9159;5.41;0.33;327.29;11.80;1251;37;3146.00;105
7810;35;21208240;7810;484;9055;9160;5.28;0.32;327.52;11.80;1245;37;3147.00;105
7811;35;21208256;7811;487;9058;9164;5.17;0.32;327.52;11.80;1247;37;3148.00;106
7817;35;21208270;7817;488;9058;9164;5.03;0.31;327.71;11.80;1241;37;3149.00;106
7820;35;21208288;7820;477;9062;9170;5.01;0.31;327.76;11.79;1242;37;3150.00;108
7825;35;21208305;7825;468;9062;9170;4.95;0.30;327.87;11.79;1237;37;3151.00;108
7830;35;21208320;7830;464;9064;9170;4.92;0.30;327.99;11.79;1234;37;3152.00;106
7834;35;21208334;7834;464;9064;9170;4.88;0.30;328.13;11.79;1230;37;3153.00;106
7838;35;21208350;7838;457;9068;9174;4.93;0.30;328.22;11.79;1230;37;3154.00;106
7842;35;21208365;7842;450;9068;9174;4.93;0.30;328.36;11.79;1226;37;3155.00;106
7845;35;21208380;7845;443;9068;9174;4.90;0.30;328.37;11.79;1223;37;3156.00;106
7847;35;21208396;7847;435;9068;9174;4.95;0.30;328.35;11.79;1221;37;3157.00;106
7850;35;21208411;7850;425;9068;9175;4.99;0.31;328.39;11.79;1218;37;3158.00;107
7855;35;21208425;7855;427;9069;9176;5.00;0.31;328.40;11.79;1214;37;3159.00;107
7859;35;21208440;7859;422;9069;9176;4.98;0.30;328.57;11.79;1210;37;3160.00;107
7863;35;21208455;7863;418;9070;9177;5.00;0.31;328.52;11.79;1207;37;3161.00;107
7869;35;21208471;7869;417;9070;9177;4.98;0.30;328.57;11.79;1201;37;3162.00;107
7872;35;21208486;7872;415;9070;9177;4.99;0.31;328.73;11.79;1198;37;3163.00;107
7874;35;21208500;7874;420;9070;9177;5.03;0.31;328.77;11.79;1196;37;3164.00;107
7879;35;21208514;7879;433;9070;9177;5.04;0.31;328.80;11.79;1191;37;3165.00;107
7881;35;21208527;7881;432;9070;9177;5.05;0.31;328.76;11.79;1189;37;3166.00;107
7884;35;21208540;7884;438;9070;9177;5.09;0.31;328.87;11.79;1186;37;3167.00;107
7888;35;21208553;7888;442;9136;9304;5.53;0.34;328.92;11.70;1248;37;3168.00;168
7890;35;21208575;7890;440;9139;9305;5.50;0.34;328.89;11.70;1249;37;3169.00;166
7893;35;21208589;7893;453;9149;9305;5.53;0.34;328.89;11.69;1256;37;3170.00;156
7895;35;21208602;7895;452;9149;9305;5.53;0.34;328.89;11.69;1254;37;3171.00;156
7897;35;21208616;7897;451;9157;9305;5.50;0.34;328.90;11.68;1260;37;3172.00;148
7902;35;21208629;7902;459;9158;9305;5.38;0.33;329.02;11.68;1256;37;3173.00;147
7905;35;21208649;7905;462;9160;9305;5.26;0.33;328.99;11.68;1255;37;3174.00;145
7909;35;21208663;7909;470;9164;9305;5.19;0.32;329.01;11.68;1255;37;3175.00;141
7914;35;21208676;7914;477;9165;9306;5.09;0.32;328.96;11.68;1251;37;3176.00;141
7918;35;21208690;7918;478;9170;9307;5.00;0.31;328.98;11.67;1252;37;3177.00;137
7924;35;21208704;7924;489;9174;9307;4.94;0.31;328.98;11.67;1250;37;3178.00;133
7931;35;21208717;7931;501;9177;9308;4.85;0.30;328.99;11.67;1246;37;3179.00;131
7935;35;21208733;7935;503;9180;9308;4.80;0.30;328.96;11.67;1245;37;3180.00;128
7939;35;21208748;7939;510;9182;9308;4.76;0.29;328.95;11.67;1243;37;3181.00;126
7943;35;21208761;7943;514;9183;9308;4.68;0.29;328.94;11.68;1240;37;3182.00;125
7947;35;21208783;7947;513;9187;9312;4.66;0.29;328.88;11.68;1240;37;3183.00;125
7951;35;21208797;7951;515;9189;9312;4.63;0.29;328.87;11.68;1238;37;3184.00;123
7955;35;21208810;7955;523;9191;9312;4.57;0.28;328.93;11.68;1236;37;3185.00;121
7959;35;21208823;7959;522;9193;9315;4.54;0.28;328.97;11.68;1234;37;3186.00;122
7964;35;21208836;7964;514;9194;9315;4.48;0.28;328.97;11.68;1230;37;3187.00;121
7971;35;21208849;7971;522;9194;9315;4.44;0.27;328.85;11.68;1223;37;3188.00;121
7975;35;21208862;7975;529;9198;9319;4.42;0.27;328.80;11.68;1223;37;3189.00;121
7981;35;21208875;7981;532;9200;9320;4.31;0.26;328.85;11.68;1219;37;3190.00;120
7984;35;21208888;7984;541;9203;9322;4.24;0.26;328.79;11.68;1219;37;3191.00;119
7986;35;21208900;7986;547;9207;9326;4.22;0.26;328.76;11.67;1221;37;3192.00;119
7987;35;21208913;7987;545;9207;9326;4.18;0.26;328.74;11.67;1220;37;3193.00;119
7987;35;21208925;7987;546;9207;9326;4.17;0.26;328.74;11.67;1220;37;3194.00;119
7989;35;21208937;7989;557;9209;9328;4.19;0.26;328.68;11.67;1220;37;3195.00;119
7990;35;21208950;7990;559;9209;9328;4.17;0.26;328.68;11.67;1219;37;3196.00;119
7991;35;21208968;7991;545;9214;9334;4.21;0.26;328.68;11.66;1223;37;3197.00;120
7996;35;21208981;7996;538;9214;9334;4.17;0.26;328.58;11.66;1218;37;3198.00;120
7997;35;21208999;7997;528;9215;9335;4.19;0.26;328.55;11.68;1218;37;3199.00;120
7999;35;21209014;7999;525;9215;9335;4.21;0.26;328.54;11.68;1216;37;3200.00;120
8000;35;21209030;8000;511;9215;9335;4.26;0.26;328.50;11.68;1215;37;3201.00;120
8002;35;21209044;8002;515;9215;9335;4.30;0.26;328.53;11.68;1213;37;3202.00;120
8004;35;21209056;8004;523;9215;9335;4.31;0.26;328.50;11.68;1211;37;3203.00;120
8004;35;21209069;8004;527;9224;9347;4.45;0.27;328.50;11.67;1220;37;3204.00;123
8005;35;21209083;8005;529;9224;9347;4.45;0.27;328.49;11.67;1219;37;3205.00;123
8006;35;21209101;8006;515;9226;9347;4.52;0.28;328.53;11.66;1220;37;3206.00;121
8007;35;21209114;8007;490;9226;9347;4.57;0.28;328.54;11.66;1219;37;3207.00;121
8008;35;21209133;8008;472;9226;9347;4.62;0.28;328.51;11.66;1218;37;3208.00;121
8009;35;21209147;8009;466;9226;9347;4.67;0.29;328.55;11.66;1217;37;3209.00;121
8009;35;21209162;8009;458;9229;9351;4.81;0.29;328.55;11.66;1220;37;3210.00;122
8010;35;21209177;8010;452;9229;9351;4.88;0.30;328.57;11.66;1219;37;3211.00;122
8013;35;21209190;8013;441;9233;9355;4.96;0.30;328.59;11.65;1220;37;3212.00;122
8014;35;21209211;8014;437;9234;9356;5.09;0.31;328.57;11.65;1220;37;3213.00;122
8015;35;21209225;8015;431;9234;9356;5.19;0.32;328.56;11.65;1219;37;3214.00;122
8016;35;21209240;8016;432;9234;9356;5.24;0.32;328.55;11.65;1218;37;3215.00;122
8018;35;21209253;8018;438;9245;9369;5.41;0.33;328.56;11.64;1227;37;3216.00;124
8021;35;21209268;8021;429;9245;9369;5.48;0.34;328.58;11.64;1224;37;3217.00;124
8023;35;21209283;8023;428;9246;9369;5.58;0.34;328.57;11.65;1223;37;3218.00;123
8024;35;21209305;8024;427;9247;9370;5.70;0.35;328.57;11.65;1223;37;3219.00;123
8026;35;21209320;8026;419;9247;9371;5.80;0.35;328.56;11.65;1221;37;3220.00;124
8027;35;21209340;8027;413;9247;9371;5.88;0.36;328.57;11.65;1220;37;3221.00;124
8029;35;21209354;8029;414;9249;9374;5.97;0.36;328.56;11.65;1220;37;3222.00;125
8033;35;21209369;8033;400;9249;9374;5.95;0.36;328.55;11.65;1216;37;3223.00;125
8034;35;21209383;8034;404;9250;9374;5.98;0.36;328.55;11.65;1216;37;3224.00;124
8036;35;21209399;8036;400;9250;9374;5.97;0.36;328.55;11.65;1214;37;3225.00;124
8036;35;21209413;8036;391;9255;9380;6.01;0.37;328.55;11.64;1219;37;3226.00;125
8039;35;21209429;8039;387;9255;9380;6.00;0.36;328.57;11.64;1216;37;3227.00;125
8040;35;21209452;8040;380;9255;9380;6.02;0.37;328.53;11.64;1215;37;3228.00;125
8043;35;21209475;8043;387;9255;9380;6.00;0.36;328.58;11.64;1212;37;3229.00;125
8045;35;21209494;8045;386;9258;9384;6.01;0.36;328.61;11.64;1213;37;3230.00;126
8047;35;21209513;8047;385;9259;9385;6.08;0.37;328.62;11.64;1212;37;3231.00;126
8049;35;21209535;8049;386;9259;9385;6.10;0.37;328.62;11.64;1210;37;3232.00;126
8049;35;21209551;8049;386;9261;9386;6.11;0.37;328.62;11.65;1212;37;3233.00;125
8052;35;21209567;8052;390;9261;9386;6.03;0.37;328.68;11.65;1209;37;3234.00;125
8052;35;21209582;8052;390;9261;9386;6.04;0.37;328.68;11.65;1209;37;3235.00;125
8055;35;21209599;8055;395;9261;9386;6.04;0.37;328.76;11.65;1206;37;3236.00;125
8057;35;21209615;8057;394;9261;9386;6.04;0.37;328.92;11.65;1204;37;3237.00;125
8057;35;21209632;8057;397;9261;9386;6.07;0.37;328.92;11.65;1204;37;3238.00;125
8059;35;21209647;8059;400;9261;9386;6.09;0.37;328.92;11.65;1202;37;3239.00;125
8062;35;21209665;8062;414;9326;9511;6.08;0.37;328.88;11.57;1264;37;3240.00;185
8064;35;21209698;8064;404;9326;9512;6.09;0.37;328.91;11.57;1262;37;3241.00;186
8065;35;21209714;8065;391;9333;9512;6.19;0.38;328.96;11.56;1268;37;3242.00;179
8069;35;21209734;8069;375;9337;9512;6.23;0.38;329.01;11.55;1268;37;3243.00;175
8074;35;21209752;8074;371;9342;9512;6.28;0.38;329.06;11.55;1268;37;3244.00;170
8075;35;21209769;8075;373;9344;9512;6.33;0.39;329.08;11.55;1269;37;3245.00;168
8075;35;21209787;8075;372;9349;9512;6.39;0.39;329.08;11.55;1274;37;3246.00;163
8078;35;21209808;8078;372;9351;9512;6.39;0.39;329.20;11.54;1273;37;3247.00;161
8081;35;21209823;8081;377;9354;9513;6.45;0.39;329.21;11.54;1273;37;3248.00;159
8083;35;21209838;8083;383;9359;9514;6.46;0.39;329.24;11.54;1276;37;3249.00;155
8086;35;21209855;8086;372;9362;9514;6.40;0.39;329.27;11.54;1276;37;3250.00;152
8089;35;21209874;8089;379;9366;9518;6.33;0.38;329.31;11.54;1277;37;3251.00;152
8092;35;21209891;8092;374;9366;9518;6.28;0.38;329.42;11.54;1274;37;3252.00;152
8095;35;21209907;8095;384;9366;9518;6.23;0.38;329.45;11.54;1271;37;3253.00;152
8098;35;21209922;8098;376;9366;9518;6.23;0.38;329.52;11.54;1268;37;3254.00;152
8099;35;21209937;8099;373;9371;9524;6.18;0.38;329.58;11.58;1272;37;3255.00;153
8102;35;21209954;8102;369;9372;9524;6.17;0.37;329.61;11.63;1270;37;3256.00;152
8105;35;21209970;8105;382;9372;9524;6.12;0.37;329.72;11.63;1267;37;3257.00;152
8107;35;21209985;8107;385;9376;9527;6.13;0.37;329.81;11.63;1269;37;3258.00;151
8108;35;21210000;8108;380;9376;9527;6.15;0.37;329.83;11.63;1268;37;3259.00;151
8111;35;21210019;8111;381;9377;9527;6.14;0.37;329.89;11.66;1266;37;3260.00;150
8113;35;21210035;8113;380;9378;9528;6.17;0.37;330.04;11.66;1265;37;3261.00;150
8115;35;21210051;8115;383;9379;9529;6.20;0.38;330.02;11.65;1264;37;3262.00;150
8117;35;21210066;8117;387;9379;9529;6.22;0.38;330.12;11.65;1262;37;3263.00;150
8122;35;21210081;8122;394;9389;9542;6.23;0.38;330.25;11.64;1267;37;3264.00;153
8125;35;21210100;8125;393;9389;9542;6.24;0.38;330.19;11.64;1264;37;3265.00;153
8129;35;21210115;8129;396;9389;9542;6.22;0.38;330.17;11.64;1260;37;3266.00;153
8132;35;21210129;8132;390;9390;9543;6.17;0.37;330.18;11.64;1258;37;3267.00;153
8136;35;21210144;8136;389;9390;9543;6.10;0.37;330.21;11.64;1254;37;3268.00;153
8137;35;21210159;8137;400;9394;9547;6.09;0.37;330.18;11.64;1257;37;3269.00;153
8141;35;21210176;8141;400;9394;9547;6.08;0.37;330.19;11.64;1253;37;3270.00;153
8144;35;21210191;8144;401;9397;9551;6.08;0.37;330.16;11.64;1253;37;3271.00;154
8146;35;21210205;8146;399;9398;9551;6.05;0.37;330.19;11.64;1252;37;3272.00;153
8148;35;21210226;8148;398;9398;9551;6.05;0.37;330.15;11.64;1250;37;3273.00;153
8149;35;21210240;8149;404;9398;9551;6.03;0.37;330.20;11.64;1249;37;3274.00;153
8150;35;21210255;8150;403;9399;9551;6.00;0.37;330.21;11.64;1249;37;3275.00;152
8155;35;21210269;8155;400;9410;9563;5.99;0.37;330.42;11.62;1255;37;3276.00;153
8157;35;21210285;8157;401;9410;9563;5.94;0.36;330.43;11.62;1253;37;3277.00;153
8159;35;21210299;8159;405;9412;9563;5.86;0.36;330.60;11.63;1253;37;3278.00;151
8161;35;21210316;8161;402;9412;9563;5.80;0.35;330.59;11.63;1251;37;3279.00;151
8163;35;21210330;8163;407;9414;9563;5.74;0.35;330.56;11.73;1251;37;3280.00;149
8167;35;21210344;8167;405;9415;9563;5.68;0.35;330.75;11.73;1248;37;3281.00;148
8170;35;21210358;8170;418;9415;9564;5.66;0.35;330.83;11.73;1245;37;3282.00;149
8172;35;21210372;8172;420;9416;9564;5.66;0.35;330.79;11.78;1244;37;3283.00;148
8174;35;21210387;8174;428;9421;9570;5.69;0.35;330.87;11.78;1247;37;3284.00;149
8176;35;21210402;8176;421;9424;9572;5.70;0.35;330.98;11.88;1248;37;3285.00;148
8179;35;21210416;8179;420;9425;9572;5.69;0.35;331.06;11.87;1246;37;3286.00;147
8181;35;21210430;8181;430;9425;9572;5.68;0.35;331.11;11.87;1244;37;3287.00;147
8184;35;21210445;8184;437;9430;9576;5.68;0.35;331.12;11.97;1246;37;3288.00;146
8188;35;21210459;8188;436;9430;9576;5.66;0.35;331.20;11.97;1242;37;3289.00;146
8190;35;21210473;8190;444;9430;9576;5.63;0.35;331.29;11.97;1240;37;3290.00;146
8192;35;21210488;8192;450;9433;9577;5.62;0.34;331.32;12.07;1241;37;3291.00;144
8198;35;21210501;8198;452;9436;9581;5.59;0.34;331.46;12.06;1238;37;3292.00;145
8201;35;21210516;8201;449;9438;9581;5.58;0.34;331.63;12.16;1237;37;3293.00;143
8202;35;21210529;8202;448;9440;9584;5.65;0.35;331.61;12.16;1238;37;3294.00;144
8204;35;21210543;8204;447;9441;9584;5.67;0.35;331.75;12.20;1237;37;3295.00;143
8208;35;21210557;8208;450;9443;9584;5.68;0.35;331.83;12.25;1235;37;3296.00;141
8210;35;21210571;8210;456;9443;9584;5.67;0.35;331.78;12.25;1233;37;3297.00;141
8213;35;21210584;8213;454;9447;9588;5.68;0.35;331.77;12.25;1234;37;3298.00;141
8217;35;21210598;8217;454;9447;9588;5.60;0.34;331.85;12.25;1230;37;3299.00;141
8220;35;21210614;8220;456;9452;9607;5.52;0.34;331.96;12.24;1232;37;3300.00;155
8223;35;21210634;8223;447;9456;9607;5.45;0.33;332.01;12.43;1233;37;3301.00;151
8227;35;21210647;8227;445;9456;9608;5.34;0.33;332.09;12.43;1229;37;3302.00;152
8229;35;21210661;8229;451;9457;9609;5.33;0.33;332.14;12.43;1228;37;3303.00;152
8234;35;21210675;8234;442;9459;9609;5.27;0.32;332.18;12.52;1225;37;3304.00;150
8234;35;21210688;8234;450;9461;9610;5.28;0.32;332.18;12.52;1227;37;3305.00;149
8237;35;21210701;8237;441;9462;9610;5.26;0.32;332.26;12.52;1225;37;3306.00;148
8243;35;21210714;8243;437;9464;9610;5.27;0.32;332.29;12.60;1221;37;3307.00;146
8245;35;21210727;8245;434;9464;9610;5.32;0.33;332.36;12.60;1219;37;3308.00;146
8250;35;21210741;8250;435;9464;9610;5.34;0.33;332.26;12.60;1214;37;3309.00;146
8253;35;21210754;8253;431;9465;9610;5.34;0.33;332.36;12.60;1212;37;3310.00;145
8255;35;21210767;8255;429;9465;9610;5.37;0.33;332.39;12.60;1210;37;3311.00;145
8257;35;21210779;8257;452;9529;9737;5.63;0.35;332.34;12.52;1272;37;3312.00;208
8259;35;21210803;8259;450;9534;9738;5.67;0.35;332.41;12.52;1275;37;3313.00;204
8265;35;21210816;8265;448;9543;9738;5.67;0.35;332.56;12.51;1278;37;3314.00;195
8266;35;21210829;8266;448;9543;9738;5.68;0.35;332.53;12.51;1277;37;3315.00;195
8270;35;21210843;8270;453;9549;9738;5.64;0.35;332.58;12.50;1279;37;3316.00;189
8273;35;21210855;8273;450;9549;9738;5.55;0.34;332.61;12.50;1276;37;3317.00;189
8278;35;21210868;8278;454;9556;9738;5.50;0.34;332.63;12.50;1278;37;3318.00;182
8282;35;21210882;8282;455;9559;9738;5.51;0.34;332.67;12.50;1277;37;3319.00;179
8284;35;21210896;8284;457;9562;9739;5.55;0.34;332.69;12.49;1278;37;3320.00;177
8291;35;21210909;8291;460;9565;9740;5.47;0.34;332.87;12.49;1274;37;3321.00;175
8295;35;21210922;8295;459;9569;9740;5.42;0.33;333.01;12.49;1274;37;3322.00;171
8300;35;21210935;8300;465;9573;9741;5.33;0.33;333.02;12.49;1273;37;3323.00;168
8304;35;21210948;8304;467;9575;9741;5.23;0.32;333.15;12.49;1271;37;3324.00;166
8311;35;21210960;8311;458;9578;9741;5.13;0.32;333.26;12.49;1267;37;3325.00;163
8314;35;21210974;8314;454;9579;9741;5.06;0.31;333.22;12.49;1265;37;3326.00;162
8320;35;21210986;8320;454;9582;9745;4.97;0.31;333.31;12.49;1262;37;3327.00;163
8325;35;21211000;8325;451;9583;9745;4.90;0.30;333.50;12.49;1258;37;3328.00;162
8328;35;21211014;8328;451;9583;9745;4.86;0.30;333.50;12.49;1255;37;3329.00;162
8330;35;21211028;8330;450;9586;9751;4.85;0.30;333.49;12.49;1256;37;3330.00;165
8336;35;21211042;8336;456;9587;9751;4.79;0.29;333.61;12.49;1251;37;3331.00;164
8338;35;21211060;8338;461;9588;9751;4.80;0.29;333.61;12.49;1250;37;3332.00;163
8345;35;21211073;8345;457;9591;9755;4.75;0.29;333.70;12.49;1246;37;3333.00;164
8349;35;21211088;8349;460;9593;9756;4.69;0.29;333.62;12.49;1244;37;3334.00;163
8352;35;21211101;8352;465;9596;9756;4.67;0.29;333.57;12.49;1244;37;3335.00;160
8357;35;21211114;8357;455;9598;9760;4.64;0.28;333.61;12.49;1241;37;3336.00;162
8360;35;21211127;8360;452;9601;9760;4.63;0.28;333.63;12.49;1241;37;3337.00;159
8360;35;21211140;8360;451;9601;9760;4.65;0.28;333.63;12.49;1241;37;3338.00;159
8365;35;21211153;8365;449;9602;9761;4.61;0.28;333.59;12.49;1237;37;3339.00;159
8368;35;21211166;8368;448;9605;9761;4.58;0.28;333.56;12.50;1237;37;3340.00;156
8369;35;21211180;8369;442;9608;9767;4.63;0.28;333.59;12.49;1239;37;3341.00;159
8374;35;21211193;8374;440;9610;9767;4.63;0.28;333.59;12.49;1236;37;3342.00;157
8381;35;21211206;8381;445;9612;9768;4.57;0.28;333.54;12.50;1231;37;3343.00;156
8383;35;21211219;8383;447;9612;9768;4.55;0.28;333.59;12.50;1229;37;3344.00;156
8385;35;21211232;8385;456;9612;9768;4.53;0.28;333.61;12.50;1227;37;3345.00;156
8388;35;21211245;8388;470;9613;9768;4.51;0.28;333.65;12.50;1225;37;3346.00;155
8391;35;21211258;8391;478;9613;9768;4.52;0.28;333.65;12.50;1222;37;3347.00;155
8395;35;21211271;8395;483;9623;9780;4.54;0.28;333.62;12.49;1228;37;3348.00;157
8398;35;21211284;8398;490;9624;9780;4.51;0.28;333.67;12.49;1226;37;3349.00;156
8406;35;21211297;8406;485;9625;9780;4.44;0.27;333.65;12.49;1219;37;3350.00;155
8408;35;21211311;8408;480;9626;9780;4.38;0.27;333.68;12.49;1218;37;3351.00;154
8410;35;21211323;8410;487;9627;9780;4.33;0.27;333.73;12.49;1217;37;3352.00;153
8411;35;21211336;8411;485;9629;9780;4.32;0.27;333.75;12.51;1218;37;3353.00;151
8415;35;21211349;8415;490;9632;9784;4.28;0.26;333.79;12.50;1217;37;3354.00;152
8418;35;21211362;8418;491;9632;9784;4.22;0.26;333.81;12.50;1214;37;3355.00;152
8423;35;21211376;8423;491;9636;9788;4.13;0.25;333.75;12.50;1213;37;3356.00;152
8423;35;21211390;8423;503;9637;9789;4.14;0.25;333.75;12.50;1214;37;3357.00;152
8426;35;21211402;8426;506;9637;9789;4.11;0.25;333.74;12.50;1211;37;3358.00;152
8429;35;21211415;8429;508;9637;9789;4.09;0.25;333.75;12.50;1208;37;3359.00;152
8433;35;21211429;8433;519;9660;9818;4.21;0.26;333.88;12.47;1227;37;3360.00;158
8435;35;21211445;8435;512;9660;9818;4.21;0.26;333.82;12.47;1225;37;3361.00;158
8438;35;21211458;8438;508;9662;9818;4.21;0.26;333.81;12.47;1224;37;3362.00;156
8441;35;21211470;8441;505;9663;9819;4.21;0.26;333.78;12.46;1222;37;3363.00;156
8444;35;21211483;8444;499;9663;9820;4.22;0.26;333.74;12.46;1219;37;3364.00;157
8447;35;21211496;8447;496;9663;9820;4.22;0.26;333.71;12.46;1216;37;3365.00;157
8451;35;21211509;8451;501;9665;9823;4.25;0.26;333.75;12.46;1214;37;3366.00;158
8453;35;21211526;8453;492;9665;9823;4.28;0.26;333.74;12.46;1212;37;3367.00;158
8456;35;21211543;8456;494;9666;9823;4.25;0.26;333.77;12.46;1210;37;3368.00;157
8459;35;21211556;8459;484;9667;9823;4.26;0.26;333.77;12.48;1208;37;3369.00;156
8460;35;21211571;8460;482;9672;9829;4.35;0.27;333.77;12.47;1212;37;3370.00;157
8461;35;21211588;8461;485;9672;9829;4.37;0.27;333.78;12.47;1211;37;3371.00;157
8464;35;21211602;8464;468;9672;9829;4.40;0.27;333.78;12.47;1208;37;3372.00;157
8466;35;21211616;8466;454;9672;9829;4.49;0.28;333.86;12.47;1206;37;3373.00;157
8470;35;21211637;8470;449;9675;9833;4.54;0.28;333.81;12.47;1205;37;3374.00;158
8474;35;21211651;8474;444;9677;9835;4.60;0.28;333.78;12.47;1203;37;3375.00;158
8476;35;21211666;8476;445;9677;9835;4.68;0.28;333.76;12.47;1201;37;3376.00;158
8481;35;21211681;8481;441;9678;9836;4.75;0.29;333.79;12.47;1197;37;3377.00;158
8481;35;21211696;8481;444;9678;9836;4.85;0.30;333.79;12.47;1197;37;3378.00;158
8482;35;21211710;8482;439;9679;9836;4.87;0.30;333.81;12.49;1197;37;3379.00;157
8482;35;21211726;8482;439;9679;9836;4.92;0.30;333.81;12.49;1197;37;3380.00;157
8485;35;21211747;8485;421;9679;9836;4.93;0.30;333.77;12.49;1194;37;3381.00;157
8487;35;21211762;8487;408;9679;9836;4.97;0.30;333.80;12.49;1192;37;3382.00;157
8490;36;21211780;8490;404;9679;9836;5.02;0.31;333.93;12.49;1189;38;3383.00;157
8491;36;21211816;8491;412;9722;9906;5.24;0.32;333.97;12.43;1231;38;3384.00;184
8494;36;21211845;8494;397;9723;9907;5.29;0.32;334.02;12.43;1229;38;3385.00;184
8496;36;21211860;8496;394;9728;9907;5.44;0.33;334.06;12.43;1232;38;3386.00;179
8499;36;21211877;8499;383;9730;9907;5.51;0.34;334.19;12.42;1231;38;3387.00;177
8501;36;21211892;8501;383;9733;9907;5.57;0.34;334.32;12.42;1232;38;3388.00;174
8506;36;21211908;8506;393;9737;9907;5.56;0.34;334.56;12.43;1231;38;3389.00;170
8507;36;21211925;8507;396;9740;9907;5.63;0.34;334.57;12.43;1233;38;3390.00;167
8509;36;21211941;8509;408;9742;9907;5.61;0.34;334.54;12.43;1233;38;3391.00;165
8510;36;21211955;8510;401;9743;9908;5.62;0.34;334.58;12.43;1233;38;3392.00;165
8512;36;21211972;8512;404;9745;9909;5.64;0.34;334.62;12.43;1233;38;3393.00;164
8515;36;21211988;8515;396;9746;9909;5.61;0.34;334.73;12.43;1231;38;3394.00;163
8516;36;21212008;8516;401;9750;9913;5.60;0.34;334.80;12.42;1234;38;3395.00;163
8518;36;21212028;8518;404;9751;9913;5.61;0.34;334.89;12.42;1233;38;3396.00;162
8520;36;21212053;8520;407;9751;9913;5.61;0.34;334.90;12.42;1231;38;3397.00;162
8522;36;21212072;8522;408;9751;9913;5.63;0.34;334.94;12.42;1229;38;3398.00;162
8524;36;21212093;8524;419;9756;9919;5.65;0.34;335.03;12.42;1232;38;3399.00;163
8526;36;21212114;8526;418;9756;9919;5.72;0.35;335.01;12.42;1230;38;3400.00;163
8528;36;21212136;8528;428;9756;9919;5.69;0.35;335.11;12.42;1228;38;3401.00;163
8531;36;21212154;8531;431;9758;9922;5.73;0.35;335.14;12.41;1227;38;3402.00;164
8533;36;21212173;8533;429;9758;9922;5.75;0.35;335.24;12.41;1225;38;3403.00;164
8534;36;21212191;8534;433;9759;9922;5.76;0.35;335.31;12.41;1225;38;3404.00;163
8534;36;21212209;8534;437;9759;9923;5.81;0.35;335.31;12.41;1225;38;3405.00;164
8538;36;21212227;8538;433;9760;9924;5.77;0.35;335.39;12.41;1222;38;3406.00;164
8540;36;21212246;8540;430;9760;9924;5.74;0.35;335.43;12.41;1220;38;3407.00;164
8540;36;21212264;8540;424;9771;9937;5.83;0.35;335.43;12.40;1231;38;3408.00;166
8541;36;21212282;8541;423;9771;9937;5.86;0.36;335.47;12.40;1230;38;3409.00;166
8543;36;21212299;8543;423;9772;9937;5.86;0.36;335.59;12.41;1229;38;3410.00;165
8543;36;21212315;8543;419;9773;9938;5.89;0.36;335.59;12.41;1230;38;3411.00;165
8546;36;21212330;8546;422;9773;9938;5.90;0.36;335.65;12.41;1227;38;3412.00;165
8550;36;21212345;8550;424;9777;9942;5.90;0.36;335.70;12.41;1227;38;3413.00;165
8554;36;21212360;8554;425;9777;9942;5.86;0.36;335.76;12.41;1223;38;3414.00;165
8555;36;21212374;8555;425;9780;9946;5.79;0.35;335.81;12.41;1225;38;3415.00;166
8557;36;21212389;8557;423;9780;9946;5.80;0.35;335.78;12.41;1223;38;3416.00;166
8559;36;21212403;8559;416;9780;9946;5.82;0.35;335.80;12.41;1221;38;3417.00;166
8562;36;21212417;8562;416;9780;9946;5.82;0.35;335.79;12.41;1218;38;3418.00;166
8563;36;21212432;8563;418;9780;9946;5.89;0.36;335.86;12.41;1217;38;3419.00;166
8568;36;21212448;8568;419;9806;9980;5.99;0.36;335.89;12.37;1238;38;3420.00;174
8569;36;21212465;8569;405;9806;9980;6.03;0.37;335.91;12.37;1237;38;3421.00;174
8572;36;21212481;8572;403;9808;9980;6.03;0.37;335.85;12.37;1236;38;3422.00;172
8576;36;21212497;8576;404;9808;9980;6.04;0.37;336.01;12.37;1232;38;3423.00;172
8579;36;21212513;8579;397;9809;9980;6.02;0.37;336.11;12.37;1230;38;3424.00;171
8582;36;21212530;8582;395;9809;9980;6.00;0.36;336.16;12.37;1227;38;3425.00;171
8585;36;21212546;8585;398;9809;9981;5.97;0.36;336.13;12.37;1224;38;3426.00;172
8587;36;21212561;8587;408;9809;9981;5.92;0.36;336.21;12.37;1222;38;3427.00;172
8592;36;21212576;8592;402;9814;9987;5.88;0.36;336.31;12.36;1222;38;3428.00;173
8596;36;21212592;8596;392;9815;9988;5.83;0.35;336.43;12.36;1219;38;3429.00;173
8598;36;21212606;8598;387;9817;9988;5.74;0.35;336.47;12.47;1219;38;3430.00;171
8604;36;21212626;8604;384;9817;9988;5.62;0.34;336.56;12.47;1213;38;3431.00;171
8608;36;21212641;8608;378;9820;9992;5.58;0.34;336.60;12.47;1212;38;3432.00;172
8611;36;21212655;8611;390;9820;9992;5.52;0.33;336.71;12.47;1209;38;3433.00;172
8614;36;21212669;8614;380;9820;9992;5.55;0.34;336.80;12.47;1206;38;3434.00;172
8615;36;21212683;8615;381;9821;9993;5.59;0.34;336.88;12.47;1206;38;3435.00;172
8616;36;21212697;8616;379;9825;9997;5.65;0.34;336.89;12.48;1209;38;3436.00;172
8618;36;21212712;8618;375;9825;9997;5.64;0.34;336.89;12.48;1207;38;3437.00;172
8620;36;21212725;8620;374;9827;10000;5.71;0.35;336.95;12.48;1207;38;3438.00;173
8621;36;21212740;8621;374;9828;10000;5.83;0.35;336.92;12.48;1207;38;3439.00;172
8625;36;21212759;8625;371;9828;10000;5.85;0.35;337.03;12.48;1203;38;3440.00;172
8626;36;21212775;8626;368;9828;10000;5.91;0.36;337.12;12.48;1202;38;3441.00;172
8627;36;21212789;8627;367;9832;10004;5.99;0.36;337.12;12.47;1205;38;3442.00;172
8630;36;21212804;8630;377;9832;10004;5.97;0.36;337.10;12.47;1202;38;3443.00;172
8632;36;21212817;8632;376;9832;10004;5.94;0.36;337.10;12.47;1200;38;3444.00;172
8637;36;21212831;8637;376;9832;10004;5.87;0.36;337.19;12.47;1195;38;3445.00;172
8640;36;21212845;8640;381;9832;10005;5.84;0.35;337.22;12.47;1192;38;3446.00;173
8641;36;21212859;8641;383;9833;10006;5.80;0.35;337.27;12.47;1192;38;3447.00;173
8643;36;21212873;8643;388;9833;10006;5.79;0.35;337.28;12.47;1190;38;3448.00;173
8645;36;21212887;8645;392;9834;10007;5.77;0.35;337.24;12.47;1189;38;3449.00;173
8648;36;21212902;8648;394;9834;10007;5.73;0.35;337.33;12.47;1186;38;3450.00;173
8651;36;21212916;8651;399;9834;10007;5.68;0.35;337.30;12.47;1183;38;3451.00;173
8654;36;21212930;8654;400;9834;10007;5.67;0.34;337.31;12.47;1180;38;3452.00;173
8655;36;21212943;8655;409;9834;10007;5.68;0.35;337.38;12.47;1179;38;3453.00;173
8657;36;21212957;8657;407;9834;10007;5.68;0.35;337.43;12.47;1177;38;3454.00;173
8659;36;21212970;8659;414;9834;10007;5.66;0.34;337.41;12.47;1175;38;3455.00;173
8660;36;21212983;8660;439;9899;10134;5.88;0.36;337.53;12.39;1239;38;3456.00;235
8664;36;21213007;8664;439;9901;10135;5.90;0.36;337.68;12.45;1237;38;3457.00;234
8665;36;21213022;8665;426;9909;10135;6.00;0.37;337.66;12.50;1244;38;3458.00;226
8671;36;21213042;8671;428;9915;10135;5.97;0.37;337.75;12.61;1244;38;3459.00;220
8675;36;21213057;8675;437;9920;10135;5.97;0.37;337.73;12.60;1245;38;3460.00;215
8675;36;21213071;8675;436;9924;10135;5.96;0.37;337.73;12.66;1249;38;3461.00;211
8679;36;21213085;8679;441;9929;10135;5.94;0.36;337.79;12.71;1250;38;3462.00;206
8680;36;21213100;8680;443;9932;10135;5.98;0.37;337.84;12.71;1252;38;3463.00;203
8685;36;21213114;8685;447;9936;10136;5.99;0.37;337.86;12.77;1251;38;3464.00;200
8685;36;21213128;8685;445;9942;10138;6.03;0.37;337.86;12.82;1257;38;3465.00;196
8691;36;21213143;8691;456;9944;10138;5.98;0.36;337.94;12.82;1253;38;3466.00;194
8694;36;21213164;8694;461;9948;10139;5.88;0.36;337.91;12.93;1254;38;3467.00;191
8695;36;21213190;8695;464;9952;10139;5.85;0.36;337.92;12.99;1257;38;3468.00;187
8697;36;21213204;8697;464;9956;10139;5.81;0.35;338.08;13.04;1259;38;3469.00;183
8699;36;21213218;8699;477;9958;10139;5.73;0.35;338.15;13.04;1259;38;3470.00;181
8700;36;21213233;8700;481;9965;10143;5.67;0.35;338.25;13.15;1265;38;3471.00;178
8704;36;21213247;8704;490;9965;10143;5.54;0.34;338.35;13.15;1261;38;3472.00;178
8707;36;21213260;8707;500;9970;10143;5.47;0.33;338.51;13.26;1263;38;3473.00;173
8710;36;21213275;8710;503;9972;10146;5.42;0.33;338.51;13.26;1262;38;3474.00;174
8713;36;21213289;8713;500;9973;10146;5.40;0.33;338.64;13.26;1260;38;3475.00;173
8717;36;21213303;8717;499;9975;10146;5.36;0.33;338.74;13.37;1258;38;3476.00;171
8718;36;21213317;8718;506;9980;10150;5.30;0.32;338.81;13.42;1262;38;3477.00;170
8719;36;21213331;8719;502;9983;10151;5.30;0.32;338.79;13.47;1264;38;3478.00;168
8721;36;21213344;8721;510;9984;10151;5.27;0.32;338.80;13.52;1263;38;3479.00;167
8723;36;21213360;8723;511;9988;10156;5.27;0.32;338.75;13.52;1265;38;3480.00;168
8724;36;21213374;8724;513;9989;10156;5.26;0.32;338.72;13.57;1265;38;3481.00;167
8724;36;21213387;8724;514;9992;10156;5.30;0.32;338.72;13.62;1268;38;3482.00;164
8725;36;21213401;8725;509;9994;10157;5.29;0.32;338.70;13.67;1269;38;3483.00;163
8727;36;21213414;8727;513;9995;10157;5.29;0.32;338.76;13.67;1268;38;3484.00;162
8728;36;21213429;8728;514;9999;10163;5.29;0.32;338.87;13.66;1271;38;3485.00;164
8733;36;21213444;8733;522;10001;10163;5.23;0.32;338.88;13.77;1268;38;3486.00;162
8736;36;21213464;8736;521;10002;10164;5.17;0.32;338.95;13.77;1266;38;3487.00;162
8740;36;21213478;8740;527;10004;10164;5.14;0.31;338.94;13.87;1264;38;3488.00;160
8743;36;21213492;8743;534;10004;10164;5.14;0.31;339.03;13.87;1261;38;3489.00;160
8747;36;21213505;8747;533;10004;10164;5.12;0.31;339.13;13.87;1257;38;3490.00;160
8749;36;21213520;8749;540;10006;10164;5.11;0.31;339.11;13.97;1257;38;3491.00;158
8752;36;21213533;8752;546;10016;10176;5.11;0.31;339.19;13.95;1264;38;3492.00;160
8756;36;21213547;8756;551;10018;10176;5.05;0.31;339.23;14.05;1262;38;3493.00;158
8759;36;21213561;8759;557;10019;10176;5.05;0.31;339.27;14.05;1260;38;3494.00;157
8763;36;21213574;8763;566;10019;10176;5.00;0.30;339.28;14.05;1256;38;3495.00;157
8765;36;21213586;8765;564;10019;10176;4.95;0.30;339.29;14.05;1254;38;3496.00;157
8769;36;21213598;8769;565;10019;10176;4.87;0.30;339.34;14.05;1250;38;3497.00;157
8773;36;21213611;8773;576;10022;10180;4.79;0.29;339.27;14.05;1249;38;3498.00;158
8779;36;21213623;8779;577;10022;10180;4.68;0.29;339.22;14.05;1243;38;3499.00;158
8781;36;21213641;8781;569;10025;10184;4.66;0.28;339.19;14.04;1244;38;3500.00;159
8785;36;21213658;8785;572;10026;10185;4.60;0.28;339.15;14.04;1241;38;3501.00;159
8787;36;21213671;8787;573;10026;10185;4.58;0.28;339.10;14.04;1239;38;3502.00;159
8791;36;21213683;8791;574;10026;10185;4.52;0.28;339.08;14.04;1235;38;3503.00;159
8792;36;21213695;8792;571;10036;10198;4.56;0.28;339.06;14.03;1244;38;3504.00;162
8800;36;21213708;8800;567;10036;10198;4.51;0.28;338.96;14.03;1236;38;3505.00;162
8803;36;21213721;8803;570;10036;10198;4.49;0.27;338.95;14.03;1233;38;3506.00;162
8806;36;21213734;8806;561;10037;10199;4.45;0.27;338.92;14.03;1231;38;3507.00;162
8811;36;21213746;8811;551;10037;10200;4.45;0.27;338.84;14.03;1226;38;3508.00;163
8813;36;21213760;8813;549;10037;10200;4.47;0.27;338.87;14.03;1224;38;3509.00;163
8816;36;21213776;8816;544;10041;10206;4.49;0.27;338.87;14.02;1225;38;3510.00;165
8819;36;21213791;8819;541;10041;10206;4.47;0.27;338.88;14.02;1222;38;3511.00;165
8821;36;21213805;8821;537;10042;10206;4.47;0.27;338.86;14.02;1221;38;3512.00;164
8823;36;21213819;8823;535;10042;10206;4.49;0.28;338.86;14.02;1219;38;3513.00;164
8826;36;21213833;8826;539;10046;10212;4.55;0.28;338.81;14.01;1220;38;3514.00;166
8829;36;21213848;8829;533;10047;10212;4.56;0.28;338.82;14.01;1218;38;3515.00;165
8834;36;21213862;8834;541;10047;10212;4.54;0.28;338.86;14.01;1213;38;3516.00;165
8837;37;21213875;8837;542;10047;10212;4.49;0.28;338.80;14.01;1210;39;3517.00;165
8843;37;21213894;8843;538;10050;10216;4.46;0.27;338.73;14.01;1207;39;3518.00;166
8845;37;21213908;8845;543;10052;10219;4.40;0.27;338.72;14.01;1207;39;3519.00;167
8848;37;21213921;8848;545;10053;10219;4.32;0.26;338.81;14.01;1205;39;3520.00;166
8851;37;21213936;8851;535;10055;10220;4.24;0.26;338.83;14.01;1204;39;3521.00;165
8856;37;21213949;8856;533;10056;10220;4.22;0.26;338.74;14.01;1200;39;3522.00;164
8861;37;21213963;8861;529;10056;10220;4.19;0.25;338.68;14.01;1195;39;3523.00;164
8863;37;21213981;8863;533;10057;10220;4.23;0.26;338.70;14.01;1194;39;3524.00;163
8865;37;21213996;8865;536;10057;10220;4.24;0.26;338.66;14.01;1192;39;3525.00;163
8866;37;21214011;8866;541;10057;10220;4.32;0.26;338.63;14.01;1191;39;3526.00;163
8870;37;21214025;8870;539;10057;10220;4.36;0.27;338.66;14.01;1187;39;3527.00;163
8872;37;21214046;8872;541;10096;10290;4.56;0.28;338.68;13.95;1224;39;3528.00;194
8873;37;21214065;8873;538;10097;10291;4.60;0.28;338.69;13.95;1224;39;3529.00;194
8874;37;21214079;8874;528;10104;10291;4.70;0.29;338.70;13.94;1230;39;3530.00;187
8876;37;21214092;8876;517;10107;10291;4.79;0.29;338.72;13.94;1231;39;3531.00;184
8879;37;21214104;8879;520;10110;10291;4.89;0.30;338.68;13.94;1231;39;3532.00;181
8880;37;21214118;8880;517;10114;10291;4.93;0.30;338.69;13.93;1234;39;3533.00;177
8885;37;21214131;8885;511;10118;10291;4.92;0.30;338.77;13.96;1233;39;3534.00;173
8887;37;21214145;8887;525;10120;10291;4.93;0.30;338.75;13.96;1233;39;3535.00;171
8891;37;21214159;8891;524;10123;10292;4.92;0.30;338.83;13.95;1232;39;3536.00;169
8894;37;21214172;8894;521;10124;10293;4.87;0.30;338.83;13.95;1230;39;3537.00;169
8895;37;21214186;8895;515;10126;10293;4.89;0.30;338.81;13.95;1231;39;3538.00;167
8897;37;21214199;8897;516;10129;10297;4.92;0.30;338.83;13.95;1232;39;3539.00;168
8901;37;21214215;8901;513;10129;10297;4.91;0.30;338.83;13.95;1228;39;3540.00;168
8901;37;21214228;8901;516;10129;10297;4.91;0.30;338.83;13.95;1228;39;3541.00;168
8907;37;21214241;8907;516;10129;10297;4.84;0.30;338.88;13.95;1222;39;3542.00;168
8911;37;21214254;8911;522;10134;10303;4.77;0.29;338.96;13.94;1223;39;3543.00;169
8914;37;21214268;8914;525;10134;10303;4.73;0.29;339.06;13.94;1220;39;3544.00;169
8914;37;21214281;8914;533;10134;10303;4.70;0.29;339.06;13.94;1220;39;3545.00;169
8916;37;21214294;8916;541;10136;10306;4.64;0.28;339.06;13.94;1220;39;3546.00;170
8918;37;21214307;8918;537;10136;10306;4.63;0.28;339.08;13.94;1218;39;3547.00;170
8925;37;21214321;8925;537;10137;10306;4.57;0.28;339.29;13.94;1212;39;3548.00;169
8929;37;21214335;8929;526;10137;10307;4.54;0.28;339.36;13.94;1208;39;3549.00;170
8932;37;21214347;8932;524;10138;10308;4.53;0.28;339.32;13.94;1206;39;3550.00;170
8937;37;21214361;8937;517;10139;10308;4.49;0.27;339.33;13.97;1202;39;3551.00;169
8938;37;21214375;8938;515;10149;10321;4.63;0.28;339.36;13.95;1211;39;3552.00;172
8939;37;21214389;8939;515;10150;10321;4.66;0.28;339.39;13.95;1211;39;3553.00;171
8941;37;21214404;8941;505;10150;10321;4.69;0.29;339.35;13.95;1209;39;3554.00;171
8944;37;21214419;8944;512;10152;10323;4.77;0.29;339.41;13.95;1208;39;3555.00;171
8945;37;21214434;8945;493;10152;10323;4.84;0.30;339.42;13.95;1207;39;3556.00;171
8947;37;21214448;8947;485;10156;10327;4.92;0.30;339.43;13.94;1209;39;3557.00;171
8949;37;21214470;8949;476;10156;10327;4.97;0.30;339.45;13.94;1207;39;3558.00;171
8951;37;21214485;8951;467;10159;10331;5.00;0.31;339.44;13.94;1208;39;3559.00;172
8952;37;21214501;8952;450;10159;10331;5.05;0.31;339.48;13.94;1207;39;3560.00;172
8954;37;21214516;8954;442;10160;10331;5.09;0.31;339.55;13.97;1206;39;3561.00;171
8956;37;21214534;8956;449;10160;10331;5.13;0.31;339.54;13.97;1204;39;3562.00;171
8957;37;21214549;8957;450;10160;10331;5.19;0.32;339.52;13.97;1203;39;3563.00;171
8958;37;21214564;8958;452;10169;10343;5.31;0.33;339.50;13.96;1211;39;3564.00;174
8962;37;21214579;8962;448;10169;10343;5.32;0.33;339.60;13.96;1207;39;3565.00;174
8963;37;21214593;8963;455;10171;10343;5.38;0.33;339.61;13.95;1208;39;3566.00;172
8967;37;21214608;8967;457;10171;10343;5.41;0.33;339.74;13.95;1204;39;3567.00;172
8969;37;21214622;8969;450;10171;10343;5.41;0.33;339.77;13.95;1202;39;3568.00;172
8971;37;21214635;8971;456;10171;10343;5.41;0.33;339.79;13.95;1200;39;3569.00;172
8977;37;21214650;8977;462;10171;10344;5.41;0.33;339.92;13.95;1194;39;3570.00;173
8983;37;21214665;8983;463;10171;10344;5.43;0.33;339.99;13.95;1188;39;3571.00;173
8986;37;21214679;8986;462;10176;10350;5.49;0.33;340.04;13.95;1190;39;3572.00;174
8993;37;21214693;8993;463;10177;10351;5.51;0.33;340.05;13.95;1184;39;3573.00;174
8996;37;21214708;8996;462;10177;10351;5.52;0.34;340.08;13.95;1181;39;3574.00;174
9000;37;21214721;9000;469;10177;10351;5.51;0.33;340.21;13.95;1177;39;3575.00;174
9001;37;21214735;9001;466;10180;10355;5.52;0.33;340.25;13.94;1179;39;3576.00;175
9005;37;21214757;9005;461;10180;10355;5.46;0.33;340.29;13.94;1175;39;3577.00;175
9006;37;21214771;9006;459;10180;10355;5.49;0.33;340.26;13.94;1174;39;3578.00;175
9009;37;21214785;9009;462;10181;10356;5.55;0.34;340.32;13.94;1172;39;3579.00;175
9012;37;21214799;9012;469;10184;10360;5.60;0.34;340.43;13.94;1172;39;3580.00;176
9013;37;21214813;9013;465;10184;10360;5.70;0.35;340.43;13.94;1171;39;3581.00;176
9015;37;21214826;9015;463;10186;10363;5.75;0.35;340.53;13.93;1171;39;3582.00;177
9016;37;21214840;9016;461;10186;10363;5.81;0.35;340.50;13.93;1170;39;3583.00;177
9018;37;21214853;9018;459;10187;10363;5.83;0.35;340.53;13.93;1169;39;3584.00;176
9019;37;21214867;9019;462;10187;10363;5.84;0.35;340.65;13.93;1168;39;3585.00;176
9020;37;21214881;9020;458;10191;10367;5.88;0.36;340.63;13.93;1171;39;3586.00;176
9023;37;21214895;9023;452;10191;10367;5.92;0.36;340.68;13.93;1168;39;3587.00;176
9026;37;21214909;9026;455;10191;10367;5.88;0.36;340.84;13.93;1165;39;3588.00;176
9029;37;21214923;9029;450;10191;10367;5.90;0.36;340.88;13.93;1162;39;3589.00;176
9033;37;21214937;9033;441;10191;10368;5.91;0.36;340.96;13.93;1158;39;3590.00;177
9034;37;21214956;9034;434;10192;10369;5.95;0.36;340.96;13.93;1158;39;3591.00;177
9036;37;21214970;9036;435;10192;10369;5.97;0.36;340.99;13.93;1156;39;3592.00;177
9036;37;21214984;9036;425;10193;10370;6.02;0.36;340.99;13.93;1157;39;3593.00;177
9039;37;21214997;9039;419;10193;10370;6.02;0.36;340.96;13.93;1154;39;3594.00;177
9040;37;21215011;9040;411;10193;10370;6.02;0.36;341.02;13.93;1153;39;3595.00;177
9041;37;21215025;9041;407;10194;10370;6.09;0.37;341.00;13.96;1153;39;3596.00;176
9044;37;21215039;9044;405;10194;10370;6.07;0.37;341.01;13.96;1150;39;3597.00;176
9045;37;21215052;9045;405;10194;10370;6.10;0.37;341.02;13.96;1149;39;3598.00;176
9050;37;21215065;9050;398;10194;10370;6.11;0.37;341.10;13.96;1144;39;3599.00;176
9053;37;21215081;9053;453;10316;10623;5.95;0.37;341.18;13.79;1263;39;3600.00;307
9053;37;21215118;9053;433;10316;10624;5.97;0.37;341.18;13.79;1263;39;3601.00;308
9056;37;21215132;9056;417;10324;10624;6.00;0.37;341.21;13.79;1268;39;3602.00;300
9058;37;21215146;9058;416;10325;10624;6.03;0.37;341.25;13.78;1267;39;3603.00;299
9059;37;21215160;9059;396;10330;10624;6.08;0.38;341.30;13.78;1271;39;3604.00;294
9063;37;21215175;9063;396;10332;10624;6.09;0.38;341.34;13.78;1269;39;3605.00;292
9066;37;21215193;9066;385;10338;10624;6.14;0.38;341.36;13.77;1272;39;3606.00;286
9070;37;21215207;9070;381;10343;10624;6.16;0.38;341.37;13.83;1273;39;3607.00;281
9072;37;21215221;9072;381;10353;10625;6.17;0.38;341.35;13.88;1281;39;3608.00;272
9073;37;21215236;9073;378;10357;10626;6.27;0.39;341.44;13.88;1284;39;3609.00;269
9077;37;21215251;9077;380;10362;10626;6.33;0.39;341.46;13.88;1285;39;3610.00;264
9077;37;21215267;9077;384;10364;10627;6.38;0.39;341.46;13.88;1287;39;3611.00;263
9080;37;21215281;9080;389;10368;10627;6.40;0.40;341.56;13.88;1288;39;3612.00;259
9083;37;21215296;9083;384;10368;10627;6.38;0.39;341.60;13.88;1285;39;3613.00;259
9087;37;21215312;9087;378;10372;10627;6.31;0.39;341.60;13.88;1285;39;3614.00;255
9088;37;21215327;9088;383;10374;10631;6.23;0.38;341.57;13.87;1286;39;3615.00;257
9094;37;21215344;9094;382;10378;10631;6.11;0.38;341.56;13.88;1284;39;3616.00;253
9097;37;21215360;9097;392;10381;10631;6.05;0.37;341.56;13.88;1284;39;3617.00;250
9099;37;21215378;9099;396;10384;10634;5.96;0.37;341.52;13.88;1285;39;3618.00;250
9103;37;21215395;9103;393;10387;10634;5.96;0.37;341.65;13.88;1284;39;3619.00;247
9105;37;21215412;9105;398;10388;10634;5.93;0.36;341.77;13.88;1283;39;3620.00;246
9110;37;21215428;9110;398;10391;10638;5.92;0.36;341.90;13.87;1281;39;3621.00;247
9113;37;21215445;9113;399;10393;10639;5.91;0.36;342.10;13.87;1280;39;3622.00;246
9117;37;21215461;9117;410;10394;10639;5.89;0.36;342.24;13.87;1277;39;3623.00;245
9118;37;21215476;9118;409;10398;10643;5.90;0.36;342.25;13.87;1280;39;3624.00;245
9121;37;21215491;9121;407;10400;10643;5.90;0.36;342.38;13.87;1279;39;3625.00;243
9122;37;21215506;9122;414;10402;10643;5.89;0.36;342.46;13.88;1280;39;3626.00;241
9126;37;21215521;9126;416;10405;10644;5.87;0.36;342.55;13.88;1279;39;3627.00;239
9130;37;21215537;9130;426;10406;10644;5.78;0.35;342.63;13.88;1276;39;3628.00;238
9132;37;21215551;9132;431;10416;10650;5.78;0.35;342.73;13.94;1284;39;3629.00;234
9137;37;21215570;9137;445;10417;10650;5.75;0.35;342.80;13.94;1280;39;3630.00;233
9139;37;21215586;9139;460;10419;10651;5.72;0.35;342.97;13.95;1280;39;3631.00;232
9141;37;21215603;9141;463;10421;10651;5.69;0.35;343.09;13.94;1280;39;3632.00;230
9142;37;21215619;9142;462;10423;10651;5.72;0.35;343.09;13.95;1281;39;3633.00;228
9146;37;21215636;9146;471;10425;10651;5.66;0.35;343.22;14.01;1279;39;3634.00;226
9150;37;21215652;9150;469;10428;10651;5.56;0.34;343.16;14.02;1278;39;3635.00;223
9151;37;21215668;9151;474;10442;10663;5.58;0.34;343.17;14.24;1291;39;3636.00;221
9153;37;21215685;9153;477;10442;10663;5.55;0.34;343.17;14.24;1289;39;3637.00;221
9155;37;21215700;9155;488;10446;10663;5.55;0.34;343.21;14.25;1291;39;3638.00;217
9159;37;21215715;9159;495;10448;10663;5.54;0.34;343.30;14.36;1289;39;3639.00;215
9164;37;21215730;9164;505;10452;10663;5.45;0.33;343.25;14.42;1288;39;3640.00;211
9166;37;21215744;9166;509;10454;10663;5.38;0.33;343.20;14.42;1288;39;3641.00;209
9168;37;21215759;9168;512;10459;10667;5.32;0.32;343.24;14.54;1291;39;3642.00;208
9172;37;21215774;9172;515;10462;10667;5.27;0.32;343.31;14.65;1290;39;3643.00;205
9173;37;21215788;9173;519;10467;10671;5.28;0.32;343.31;14.71;1294;39;3644.00;204
9174;37;21215802;9174;532;10472;10673;5.23;0.32;343.29;14.71;1298;39;3645.00;201
9176;37;21215816;9176;537;10473;10673;5.16;0.32;343.34;14.71;1297;39;3646.00;200
9177;37;21215831;9177;552;10477;10673;5.13;0.31;343.33;14.88;1300;39;3647.00;196
9179;37;21215845;9179;561;10486;10686;5.08;0.31;343.30;14.87;1307;39;3648.00;200
9182;37;21215860;9182;560;10486;10686;4.96;0.30;343.31;14.87;1304;39;3649.00;200
9184;37;21215902;9184;562;10488;10686;4.92;0.30;343.29;14.92;1304;39;3650.00;198
9185;37;21215920;9185;562;10489;10687;4.92;0.30;343.26;14.92;1304;39;3651.00;198
9185;37;21215934;9185;562;10491;10688;4.89;0.30;343.26;15.03;1306;39;3652.00;197
9186;37;21215947;9186;566;10491;10688;4.88;0.30;343.24;15.03;1305;39;3653.00;197
9189;37;21215961;9189;565;10495;10691;4.91;0.30;343.19;15.14;1306;39;3654.00;196
9193;37;21215975;9193;571;10497;10691;4.93;0.30;343.10;15.14;1304;39;3655.00;194
9196;37;21215988;9196;566;10500;10691;4.91;0.30;343.09;15.25;1304;39;3656.00;191
9198;37;21216002;9198;562;10501;10691;4.90;0.30;343.03;15.25;1303;39;3657.00;190
9199;37;21216015;9199;568;10509;10697;4.93;0.30;343.08;15.35;1310;39;3658.00;188
9200;37;21216035;9200;572;10509;10697;4.91;0.30;343.15;15.35;1309;39;3659.00;188
9202;37;21216050;9202;569;10509;10697;4.87;0.30;343.21;15.35;1307;39;3660.00;188
9205;37;21216063;9205;571;10511;10697;4.76;0.29;343.15;15.45;1306;39;3661.00;186
9209;37;21216076;9209;571;10514;10701;4.72;0.29;343.11;15.45;1305;39;3662.00;187
9213;37;21216089;9213;577;10515;10702;4.65;0.28;343.04;15.45;1302;39;3663.00;187
9217;37;21216102;9217;583;10516;10702;4.57;0.28;343.01;15.49;1299;39;3664.00;186
9221;37;21216116;9221;588;10518;10703;4.50;0.28;342.96;15.54;1297;39;3665.00;185
9223;37;21216130;9223;598;10518;10703;4.46;0.27;343.00;15.54;1295;39;3666.00;185
9226;37;21216143;9226;604;10518;10703;4.36;0.27;342.96;15.54;1292;39;3667.00;185
9228;37;21216155;9228;620;10518;10703;4.31;0.26;342.90;15.54;1290;39;3668.00;185
9231;37;21216168;9231;631;10518;10703;4.24;0.26;342.92;15.54;1287;39;3669.00;185
9235;37;21216180;9235;638;10518;10703;4.15;0.25;342.93;15.54;1283;39;3670.00;185
9239;37;21216192;9239;642;10518;10703;4.06;0.25;342.89;15.54;1279;39;3671.00;185
9243;37;21216204;9243;656;10558;10773;4.20;0.26;342.87;15.48;1315;39;3672.00;215
9244;37;21216222;9244;659;10560;10774;4.17;0.26;342.88;15.48;1316;39;3673.00;214
9247;37;21216234;9247;660;10567;10774;4.12;0.25;342.82;15.47;1320;39;3674.00;207
9251;37;21216245;9251;657;10571;10774;4.06;0.25;342.87;15.47;1320;39;3675.00;203
9252;37;21216257;9252;645;10572;10774;4.00;0.25;342.87;15.47;1320;39;3676.00;202
9253;37;21216269;9253;647;10573;10774;3.98;0.24;342.87;15.47;1320;39;3677.00;201
9255;37;21216281;9255;627;10575;10774;3.96;0.24;342.84;15.46;1320;39;3678.00;199
9258;37;21216294;9258;614;10577;10774;3.96;0.24;342.78;15.46;1319;39;3679.00;197
9259;37;21216313;9259;612;10578;10775;4.00;0.25;342.78;15.46;1319;39;3680.00;197
9261;37;21216325;9261;603;10579;10776;4.04;0.25;342.78;15.46;1318;39;3681.00;197
9263;37;21216339;9263;584;10581;10776;4.14;0.25;342.74;15.46;1318;39;3682.00;195
9268;37;21216352;9268;573;10585;10780;4.19;0.26;342.69;15.46;1317;39;3683.00;195
9271;37;21216366;9271;554;10586;10780;4.27;0.26;342.75;15.45;1315;39;3684.00;194
9271;37;21216380;9271;543;10586;10780;4.40;0.27;342.75;15.45;1315;39;3685.00;194
9275;37;21216394;9275;529;10586;10780;4.46;0.27;342.80;15.45;1311;39;3686.00;194
9280;37;21216415;9280;525;10590;10786;4.54;0.28;342.77;15.45;1310;39;3687.00;196
9280;37;21216430;9280;526;10590;10786;4.62;0.28;342.77;15.45;1310;39;3688.00;196
9283;37;21216443;9283;515;10590;10786;4.67;0.29;342.79;15.45;1307;39;3689.00;196
9284;37;21216459;9284;515;10593;10792;4.78;0.29;342.81;15.44;1309;39;3690.00;199
9287;37;21216475;9287;512;10593;10792;4.88;0.30;342.76;15.44;1306;39;3691.00;199
9291;37;21216490;9291;504;10594;10792;4.94;0.30;342.79;15.44;1303;39;3692.00;198
9295;37;21216509;9295;497;10594;10793;4.98;0.30;342.81;15.44;1299;39;3693.00;199
9296;37;21216525;9296;497;10596;10794;5.06;0.31;342.81;15.44;1300;39;3694.00;198
9299;37;21216541;9299;497;10597;10794;5.07;0.31;342.78;15.44;1298;39;3695.00;197
9303;37;21216562;9303;497;10607;10807;5.15;0.31;342.71;15.43;1304;39;3696.00;200
9306;37;21216578;9306;496;10607;10807;5.20;0.32;342.67;15.43;1301;39;3697.00;200
9308;37;21216593;9308;492;10608;10807;5.21;0.32;342.74;15.43;1300;39;3698.00;199
9311;37;21216607;9311;496;10608;10808;5.19;0.32;342.82;15.43;1297;39;3699.00;200
9314;37;21216623;9314;501;10608;10808;5.21;0.32;342.83;15.43;1294;39;3700.00;200
9317;37;21216641;9317;495;10612;10812;5.20;0.32;343.01;15.42;1295;39;3701.00;200
9319;37;21216656;9319;495;10614;10812;5.25;0.32;343.02;15.42;1295;39;3702.00;198
9326;37;21216672;9326;495;10618;10816;5.23;0.32;342.96;15.42;1292;39;3703.00;198
9328;37;21216686;9328;492;10618;10816;5.25;0.32;342.98;15.42;1290;39;3704.00;198
9334;37;21216701;9334;487;10619;10816;5.25;0.32;342.97;15.42;1285;39;3705.00;197
9341;37;21216716;9341;485;10619;10816;5.25;0.32;342.92;15.42;1278;39;3706.00;197
9344;37;21216730;9344;483;10620;10816;5.25;0.32;343.01;15.42;1276;39;3707.00;196
9347;37;21216745;9347;478;10628;10828;5.29;0.32;342.96;15.41;1281;39;3708.00;200
9351;37;21216762;9351;478;10629;10828;5.30;0.32;342.95;15.40;1278;39;3709.00;199
9354;37;21216777;9354;474;10631;10828;5.31;0.32;342.92;15.40;1277;39;3710.00;197
9357;37;21216792;9357;481;10631;10828;5.25;0.32;342.96;15.40;1274;39;3711.00;197
9360;37;21216807;9360;479;10631;10828;5.25;0.32;343.13;15.40;1271;39;3712.00;197
9364;37;21216821;9364;482;10631;10828;5.23;0.32;343.14;15.40;1267;39;3713.00;197
9367;37;21216836;9367;485;10631;10829;5.18;0.31;343.12;15.40;1264;39;3714.00;198
9370;37;21216852;9370;494;10631;10829;5.14;0.31;343.11;15.40;1261;39;3715.00;198
9372;37;21216866;9372;491;10636;10835;5.11;0.31;343.09;15.40;1264;39;3716.00;199
9376;37;21216881;9376;494;10637;10836;5.03;0.31;343.14;15.39;1261;39;3717.00;199
9380;37;21216895;9380;493;10637;10836;4.97;0.30;343.07;15.39;1257;39;3718.00;199
9383;37;21216909;9383;500;10637;10836;4.88;0.30;343.08;15.39;1254;39;3719.00;199
9385;37;21216924;9385;494;10641;10841;4.86;0.30;343.08;15.39;1256;39;3720.00;200
9390;37;21216938;9390;495;10641;10841;4.78;0.29;343.12;15.39;1251;39;3721.00;200
9391;37;21216952;9391;490;10641;10841;4.78;0.29;343.16;15.39;1250;39;3722.00;200
9395;37;21216967;9395;480;10642;10842;4.80;0.29;343.27;15.39;1247;39;3723.00;200
9398;37;21216982;9398;476;10645;10846;4.82;0.29;343.37;15.38;1247;39;3724.00;201
9402;37;21216997;9402;472;10646;10846;4.83;0.30;343.43;15.43;1244;39;3725.00;200
9404;37;21217012;9404;472;10648;10849;4.90;0.30;343.48;15.42;1244;39;3726.00;201
9410;37;21217028;9410;471;10648;10849;4.90;0.30;343.65;15.42;1238;39;3727.00;201
9412;37;21217043;9412;468;10649;10849;4.95;0.30;343.64;15.42;1237;39;3728.00;200
9415;37;21217057;9415;474;10649;10849;4.98;0.30;343.69;15.42;1234;39;3729.00;200
9418;37;21217071;9418;468;10653;10853;5.03;0.31;343.76;15.42;1235;39;3730.00;200
9420;37;21217085;9420;461;10653;10853;5.05;0.31;343.71;15.42;1233;39;3731.00;200
9424;37;21217100;9424;446;10653;10853;5.01;0.30;343.93;15.42;1229;39;3732.00;200
9425;37;21217114;9425;434;10653;10853;5.01;0.30;344.01;15.42;1228;39;3733.00;200
9428;37;21217128;9428;437;10653;10854;4.97;0.30;344.06;15.42;1225;39;3734.00;201
9429;37;21217142;9429;432;10655;10856;4.99;0.30;344.14;15.41;1226;39;3735.00;201
9433;37;21217157;9433;435;10655;10856;4.97;0.30;344.23;15.41;1222;39;3736.00;201
9435;37;21217172;9435;437;10656;10857;4.94;0.30;344.43;15.41;1221;39;3737.00;201
9436;37;21217186;9436;434;10656;10857;4.97;0.30;344.40;15.41;1220;39;3738.00;201
9439;37;21217200;9439;438;10656;10857;4.99;0.30;344.58;15.41;1217;39;3739.00;201
9440;37;21217214;9440;436;10657;10857;5.07;0.31;344.64;15.46;1217;39;3740.00;200
9442;37;21217228;9442;451;10657;10857;5.04;0.31;344.70;15.46;1215;39;3741.00;200
9443;37;21217242;9443;455;10657;10857;5.04;0.31;344.78;15.46;1214;39;3742.00;200
9445;37;21217257;9445;447;10657;10857;5.03;0.31;344.77;15.46;1212;39;3743.00;200
9449;37;21217270;9449;474;10732;10984;5.08;0.31;344.94;15.35;1283;39;3744.00;252
9452;37;21217295;9452;455;10732;10985;5.14;0.32;344.94;15.35;1280;39;3745.00;253
9454;37;21217310;9454;444;10737;10985;5.27;0.33;344.92;15.34;1283;39;3746.00;248
9456;37;21217324;9456;434;10740;10985;5.36;0.33;345.01;15.39;1284;39;3747.00;245
9458;37;21217339;9458;427;10745;10985;5.45;0.34;345.07;15.38;1287;39;3748.00;240
9462;37;21217353;9462;436;10747;10985;5.49;0.34;345.13;15.38;1285;39;3749.00;238
9465;37;21217370;9465;437;10752;10990;5.57;0.34;345.20;15.38;1287;39;3750.00;238
9468;37;21217386;9468;431;10754;10990;5.63;0.35;345.23;15.37;1286;39;3751.00;236
9471;37;21217401;9471;431;10756;10991;5.65;0.35;345.25;15.37;1285;39;3752.00;235
9477;37;21217422;9477;425;10761;10992;5.65;0.35;345.31;15.37;1284;39;3753.00;231
9480;37;21217443;9480;431;10764;10992;5.64;0.34;345.39;15.37;1284;39;3754.00;228
9482;37;21217459;9482;435;10766;10993;5.60;0.34;345.40;15.37;1284;39;3755.00;227
9483;37;21217480;9483;445;10769;10993;5.57;0.34;345.39;15.37;1286;39;3756.00;224
9488;37;21217494;9488;452;10770;10993;5.53;0.34;345.40;15.36;1282;39;3757.00;223
9489;37;21217509;9489;453;10774;10993;5.50;0.34;345.41;15.36;1285;39;3758.00;219
9490;37;21217523;9490;459;10778;10997;5.46;0.33;345.50;15.36;1288;39;3759.00;219
9492;37;21217539;9492;455;10779;10997;5.44;0.33;345.55;15.36;1287;39;3760.00;218
9493;37;21217553;9493;460;10779;10997;5.48;0.34;345.54;15.36;1286;39;3761.00;218
9494;37;21217568;9494;460;10782;11000;5.51;0.34;345.54;15.36;1288;39;3762.00;218
9495;37;21217588;9495;464;10783;11000;5.53;0.34;345.53;15.36;1288;39;3763.00;217
9499;37;21217603;9499;464;10783;11000;5.56;0.34;345.55;15.36;1284;39;3764.00;217
9500;37;21217618;9500;458;10787;11004;5.59;0.34;345.53;15.36;1287;39;3765.00;217
9502;37;21217634;9502;447;10789;11005;5.65;0.34;345.49;15.35;1287;39;3766.00;216
9505;37;21217648;9505;439;10790;11005;5.66;0.34;345.61;15.35;1285;39;3767.00;215
9507;37;21217664;9507;444;10793;11009;5.74;0.35;345.63;15.35;1286;39;3768.00;216
9507;37;21217679;9507;433;10793;11009;5.77;0.35;345.63;15.35;1286;39;3769.00;216
9508;37;21217695;9508;421;10793;11009;5.79;0.35;345.69;15.35;1285;39;3770.00;216
9512;37;21217710;9512;420;10794;11010;5.82;0.35;345.77;15.35;1282;39;3771.00;216
9515;37;21217725;9515;415;10794;11010;5.85;0.36;345.80;15.35;1279;39;3772.00;216
9518;37;21217741;9518;410;10799;11016;5.86;0.36;345.92;15.34;1281;39;3773.00;217
9520;37;21217756;9520;415;10799;11016;5.79;0.35;346.02;15.34;1279;39;3774.00;217
9524;37;21217771;9524;416;10799;11017;5.67;0.34;346.06;15.34;1275;39;3775.00;218
9527;37;21217786;9527;418;10799;11017;5.56;0.34;346.27;15.34;1272;39;3776.00;218
9528;37;21217802;9528;425;10799;11017;5.45;0.33;346.38;15.34;1271;39;3777.00;218
9530;37;21217816;9530;428;10799;11017;5.43;0.33;346.46;15.34;1269;39;3778.00;218
9537;37;21217830;9537;415;10800;11017;5.33;0.32;346.49;15.34;1263;39;3779.00;217
9541;37;21217846;9541;416;10825;11053;5.33;0.33;346.54;15.37;1284;39;3780.00;228
9543;38;21217872;9543;416;10827;11053;5.30;0.32;346.58;15.42;1284;40;3781.00;226
9545;38;21217898;9545;403;10831;11053;5.34;0.33;346.56;15.42;1286;40;3782.00;222
9550;38;21217913;9550;405;10831;11053;5.30;0.32;346.63;15.42;1281;40;3783.00;222
9551;38;21217928;9551;394;10832;11053;5.34;0.33;346.67;15.41;1281;40;3784.00;221
9552;38;21217942;9552;402;10832;11053;5.37;0.33;346.74;15.41;1280;40;3785.00;221
9555;38;21217957;9555;404;10836;11057;5.39;0.33;346.84;15.41;1281;40;3786.00;221
9558;38;21217972;9558;399;10837;11057;5.42;0.33;346.92;15.41;1279;40;3787.00;220
9558;38;21217986;9558;403;10841;11061;5.50;0.34;346.92;15.41;1283;40;3788.00;220
9562;38;21218000;9562;404;10842;11062;5.51;0.34;346.99;15.41;1280;40;3789.00;220
9564;38;21218016;9564;411;10843;11062;5.46;0.33;347.07;15.47;1279;40;3790.00;219
9568;38;21218031;9568;413;10843;11062;5.41;0.33;347.13;15.47;1275;40;3791.00;219
9574;38;21218045;9574;411;10854;11075;5.40;0.33;347.10;15.45;1280;40;3792.00;221
9575;38;21218061;9575;403;10855;11075;5.38;0.33;347.10;15.45;1280;40;3793.00;220
9579;38;21218075;9579;404;10855;11075;5.33;0.33;347.19;15.45;1276;40;3794.00;220
9582;38;21218089;9582;411;10856;11076;5.30;0.32;347.23;15.45;1274;40;3795.00;220
9586;38;21218103;9586;415;10856;11077;5.24;0.32;347.24;15.45;1270;40;3796.00;221
9589;38;21218118;9589;417;10857;11077;5.16;0.31;347.19;15.45;1268;40;3797.00;220
9592;38;21218132;9592;421;10859;11080;5.16;0.31;347.31;15.44;1267;40;3798.00;221
9594;38;21218146;9594;423;10861;11080;5.10;0.31;347.30;15.49;1267;40;3799.00;219
9598;38;21218161;9598;420;10861;11080;5.08;0.31;347.38;15.49;1263;40;3800.00;219
9601;38;21218180;9601;434;10862;11080;5.09;0.31;347.43;15.55;1261;40;3801.00;218
9602;38;21218195;9602;439;10867;11086;5.12;0.31;347.43;15.54;1265;40;3802.00;219
9603;38;21218209;9603;438;10867;11086;5.10;0.31;347.48;15.54;1264;40;3803.00;219
9608;38;21218223;9608;442;10867;11086;5.06;0.31;347.50;15.54;1259;40;3804.00;219
9610;38;21218238;9610;453;10869;11086;4.99;0.30;347.47;15.66;1259;40;3805.00;217
9611;38;21218252;9611;463;10872;11090;4.93;0.30;347.49;15.66;1261;40;3806.00;218
9611;38;21218266;9611;469;10874;11091;4.89;0.30;347.49;15.71;1263;40;3807.00;217
9614;38;21218280;9614;473;10875;11091;4.86;0.30;347.41;15.77;1261;40;3808.00;216
9614;38;21218293;9614;484;10876;11092;4.83;0.29;347.41;15.77;1262;40;3809.00;216
9615;38;21218308;9615;495;10877;11092;4.77;0.29;347.38;15.83;1262;40;3810.00;215
9618;38;21218322;9618;496;10877;11092;4.73;0.29;347.32;15.83;1259;40;3811.00;215
9619;38;21218335;9619;495;10877;11092;4.73;0.29;347.30;15.83;1258;40;3812.00;215
9622;38;21218348;9622;507;10878;11092;4.71;0.29;347.27;15.89;1256;40;3813.00;214
9624;38;21218362;9624;497;10878;11092;4.73;0.29;347.22;15.89;1254;40;3814.00;214
9626;38;21218375;9626;508;10879;11092;4.72;0.29;347.17;15.96;1253;40;3815.00;213
9629;38;21218388;9629;512;10916;11162;4.92;0.30;347.18;15.90;1287;40;3816.00;246
9631;38;21218406;9631;514;10918;11163;4.85;0.30;347.13;15.90;1287;40;3817.00;245
9632;38;21218419;9632;516;10928;11163;4.88;0.30;347.11;15.95;1296;40;3818.00;235
9634;38;21218432;9634;520;10929;11163;4.82;0.29;347.09;15.95;1295;40;3819.00;234
9635;38;21218445;9635;521;10932;11163;4.78;0.29;347.07;16.01;1297;40;3820.00;231
9636;38;21218457;9636;527;10936;11163;4.74;0.29;347.04;16.13;1300;40;3821.00;227
9636;38;21218470;9636;533;10938;11163;4.69;0.29;347.04;16.13;1302;40;3822.00;225
9638;38;21218483;9638;538;10940;11163;4.64;0.28;347.07;16.12;1302;40;3823.00;223
9641;38;21218495;9641;542;10945;11164;4.57;0.28;347.02;16.30;1304;40;3824.00;219
9644;38;21218515;9644;530;10948;11166;4.54;0.28;347.03;16.30;1304;40;3825.00;218
9644;38;21218528;9644;524;10949;11166;4.51;0.28;347.03;16.30;1305;40;3826.00;217
9649;38;21218541;9649;525;10957;11170;4.48;0.27;346.98;16.41;1308;40;3827.00;213
9650;38;21218555;9650;527;10959;11170;4.47;0.27;346.96;16.47;1309;40;3828.00;211
9652;38;21218568;9652;539;10961;11170;4.44;0.27;346.91;16.53;1309;40;3829.00;209
9653;38;21218581;9653;547;10964;11170;4.42;0.27;346.88;16.64;1311;40;3830.00;206
9654;38;21218594;9654;543;10970;11176;4.43;0.27;346.89;16.69;1316;40;3831.00;206
9655;38;21218607;9655;557;10971;11176;4.38;0.27;346.88;16.74;1316;40;3832.00;205
9655;38;21218620;9655;550;10971;11176;4.33;0.26;346.88;16.74;1316;40;3833.00;205
9657;38;21218632;9657;553;10976;11179;4.31;0.26;346.90;16.85;1319;40;3834.00;203
9659;38;21218645;9659;547;10976;11179;4.29;0.26;346.86;16.85;1317;40;3835.00;203
9661;38;21218658;9661;533;10976;11179;4.28;0.26;346.85;16.85;1315;40;3836.00;203
9663;38;21218671;9663;529;10977;11180;4.28;0.26;346.85;16.91;1314;40;3837.00;203
9664;38;21218685;9664;531;10979;11181;4.30;0.26;346.83;16.96;1315;40;3838.00;202
9666;38;21218698;9666;535;10979;11181;4.32;0.26;346.80;16.96;1313;40;3839.00;202
9672;38;21218713;9672;546;10999;11207;4.29;0.26;346.67;17.05;1327;40;3840.00;208
9675;38;21218729;9675;546;11000;11207;4.30;0.26;346.60;17.04;1325;40;3841.00;207
9678;38;21218748;9678;544;11005;11207;4.32;0.26;346.58;17.15;1327;40;3842.00;202
9679;38;21218761;9679;548;11006;11208;4.34;0.26;346.55;17.15;1327;40;3843.00;202
9684;38;21218774;9684;546;11006;11208;4.33;0.26;346.43;17.15;1322;40;3844.00;202
9686;38;21218788;9686;543;11012;11212;4.34;0.26;346.42;17.25;1326;40;3845.00;200
9687;38;21218801;9687;544;11013;11214;4.33;0.26;346.40;17.25;1326;40;3846.00;201
9689;38;21218820;9689;542;11017;11218;4.30;0.26;346.43;17.24;1328;40;3847.00;201
9693;39;21218834;9693;541;11017;11218;4.25;0.26;346.46;17.24;1324;41;3848.00;201
9696;39;21218854;9696;552;11017;11218;4.20;0.26;346.44;17.24;1321;41;3849.00;201
9699;39;21218867;9699;537;11017;11218;4.23;0.26;346.42;17.24;1318;41;3850.00;201
9699;40;21218880;9699;541;11017;11218;4.26;0.26;346.42;17.24;1318;42;3851.00;201
9704;40;21218899;9704;526;11026;11230;4.30;0.26;346.41;17.23;1322;42;3852.00;204
9709;41;21218914;9709;524;11026;11230;4.29;0.26;346.40;17.23;1317;43;3853.00;204
9709;41;21218938;9709;516;11026;11230;4.31;0.26;346.40;17.23;1317;43;3854.00;204
9710;41;21218951;9710;513;11027;11230;4.39;0.27;346.41;17.23;1317;43;3855.00;203
9713;41;21218977;9713;504;11027;11230;4.43;0.27;346.40;17.23;1314;43;3856.00;203
9718;41;21218991;9718;497;11027;11230;4.43;0.27;346.61;17.23;1309;43;3857.00;203
9720;41;21219009;9720;492;11027;11231;4.48;0.27;346.57;17.23;1307;43;3858.00;204
9723;41;21219027;9723;486;11027;11231;4.51;0.28;346.68;17.23;1304;43;3859.00;204
9727;41;21219041;9727;481;11032;11237;4.58;0.28;346.72;17.22;1305;43;3860.00;205
9730;41;21219060;9730;478;11033;11238;4.62;0.28;346.69;17.22;1303;43;3861.00;205
9733;41;21219074;9733;474;11033;11238;4.63;0.28;346.70;17.22;1300;43;3862.00;205
9735;41;21219087;9735;469;11033;11238;4.67;0.28;346.68;17.22;1298;43;3863.00;205
9739;41;21219101;9739;468;11036;11242;4.73;0.29;346.69;17.21;1297;43;3864.00;206
9743;41;21219115;9743;463;11036;11242;4.74;0.29;346.66;17.21;1293;43;3865.00;206
9746;41;21219129;9746;458;11036;11242;4.74;0.29;346.64;17.21;1290;43;3866.00;206
9748;41;21219143;9748;452;11037;11243;4.75;0.29;346.71;17.21;1289;43;3867.00;206
9753;41;21219157;9753;450;11040;11247;4.77;0.29;346.70;17.21;1287;43;3868.00;207
9759;41;21219172;9759;440;11040;11247;4.75;0.29;346.88;17.21;1281;43;3869.00;207
9762;41;21219190;9762;440;11045;11253;4.81;0.29;346.92;17.20;1283;43;3870.00;208
9765;41;21219206;9765;434;11045;11253;4.80;0.29;346.90;17.20;1280;43;3871.00;208
9769;41;21219220;9769;437;11046;11253;4.78;0.29;347.04;17.20;1277;43;3872.00;207
9772;41;21219234;9772;438;11046;11253;4.74;0.29;347.09;17.20;1274;43;3873.00;207
9775;41;21219249;9775;437;11050;11257;4.77;0.29;347.12;17.19;1275;43;3874.00;207
9781;41;21219264;9781;439;11050;11257;4.74;0.29;347.14;17.19;1269;43;3875.00;207
9784;41;21219279;9784;439;11050;11257;4.71;0.29;347.17;17.19;1266;43;3876.00;207
9786;41;21219293;9786;442;11051;11257;4.68;0.29;347.14;17.25;1265;43;3877.00;206
9788;41;21219308;9788;435;11051;11258;4.67;0.28;347.27;17.25;1263;43;3878.00;207
9791;41;21219322;9791;426;11052;11259;4.67;0.28;347.26;17.25;1261;43;3879.00;207
9792;41;21219336;9792;429;11052;11259;4.72;0.29;347.30;17.25;1260;43;3880.00;207
9797;41;21219350;9797;426;11053;11260;4.78;0.29;347.42;17.25;1256;43;3881.00;207
9800;41;21219365;9800;424;11053;11260;4.81;0.29;347.42;17.25;1253;43;3882.00;207
9803;41;21219378;9803;429;11053;11260;4.86;0.30;347.42;17.25;1250;43;3883.00;207
9806;41;21219398;9806;420;11053;11260;4.92;0.30;347.43;17.25;1247;43;3884.00;207
9810;41;21219413;9810;424;11053;11260;4.97;0.30;347.47;17.25;1243;43;3885.00;207
9812;41;21219427;9812;417;11053;11260;4.99;0.30;347.43;17.25;1241;43;3886.00;207
9817;41;21219441;9817;423;11053;11260;5.00;0.30;347.52;17.25;1236;43;3887.00;207
9819;41;21219455;9819;437;11120;11387;5.31;0.33;347.55;17.14;1301;43;3888.00;267
9823;41;21219479;9823;435;11121;11388;5.32;0.33;347.66;17.14;1298;43;3889.00;267
9826;41;21219494;9826;429;11126;11388;5.35;0.33;347.74;17.13;1300;43;3890.00;262
9828;41;21219508;9828;436;11127;11388;5.33;0.33;347.81;17.13;1299;43;3891.00;261
9833;41;21219523;9833;439;11130;11388;5.31;0.33;347.80;17.13;1297;43;3892.00;258
9836;41;21219538;9836;441;11132;11388;5.26;0.32;347.81;17.13;1296;43;3893.00;256
9842;41;21219553;9842;455;11133;11388;5.13;0.32;347.91;17.13;1291;43;3894.00;255
9845;41;21219568;9845;461;11137;11388;5.09;0.31;347.96;17.12;1292;43;3895.00;251
9849;41;21219583;9849;462;11140;11389;5.02;0.31;348.00;17.12;1291;43;3896.00;249
9850;41;21219597;9850;461;11144;11390;4.97;0.31;347.98;17.12;1294;43;3897.00;246
9851;41;21219613;9851;459;11146;11390;4.92;0.30;348.08;17.12;1295;43;3898.00;244
9854;41;21219627;9854;454;11148;11391;4.91;0.30;348.15;17.12;1294;43;3899.00;243
9856;41;21219644;9856;466;11154;11406;4.87;0.30;348.12;17.11;1298;43;3900.00;252
9858;41;21219664;9858;468;11158;11406;4.90;0.30;348.14;17.16;1300;43;3901.00;248
9860;41;21219680;9860;469;11163;11406;4.95;0.30;348.16;17.16;1303;43;3902.00;243
9863;41;21219695;9863;474;11166;11410;4.99;0.31;348.25;17.16;1303;43;3903.00;244
9867;41;21219716;9867;476;11167;11410;5.01;0.31;348.30;17.16;1300;43;3904.00;243
9868;41;21219730;9868;482;11172;11410;5.04;0.31;348.38;17.15;1304;43;3905.00;238
9869;41;21219757;9869;470;11175;11413;5.04;0.31;348.35;17.15;1306;43;3906.00;238
9871;41;21219772;9871;465;11177;11413;5.06;0.31;348.30;17.15;1306;43;3907.00;236
9873;41;21219794;9873;467;11180;11413;5.06;0.31;348.39;17.15;1307;43;3908.00;233
9874;41;21219809;9874;458;11183;11417;5.07;0.31;348.44;17.15;1309;43;3909.00;234
9879;41;21219824;9879;457;11184;11418;5.04;0.31;348.53;17.14;1305;43;3910.00;234
9879;41;21219839;9879;466;11189;11418;5.05;0.31;348.53;17.14;1310;43;3911.00;229
9882;41;21219854;9882;472;11193;11422;5.02;0.31;348.67;17.14;1311;43;3912.00;229
9882;41;21219870;9882;468;11195;11422;5.06;0.31;348.67;17.14;1313;43;3913.00;227
9885;41;21219885;9885;470;11196;11422;5.07;0.31;348.72;17.14;1311;43;3914.00;226
9888;41;21219900;9888;476;11198;11424;5.06;0.31;348.73;17.14;1310;43;3915.00;226
9890;41;21219915;9890;480;11201;11424;5.05;0.31;348.76;17.19;1311;43;3916.00;223
9892;41;21219929;9892;482;11205;11430;5.04;0.31;348.82;17.18;1313;43;3917.00;225
9892;41;21219945;9892;479;11206;11430;4.98;0.30;348.82;17.18;1314;43;3918.00;224
9895;41;21219960;9895;482;11206;11431;4.95;0.30;349.03;17.18;1311;43;3919.00;225
9899;41;21219975;9899;483;11206;11431;4.89;0.30;349.21;17.18;1307;43;3920.00;225
9900;41;21219990;9900;481;11206;11431;4.87;0.30;349.31;17.18;1306;43;3921.00;225
9902;41;21220006;9902;483;11207;11431;4.88;0.30;349.41;17.18;1305;43;3922.00;224
9904;41;21220023;9904;482;11208;11431;4.89;0.30;349.44;17.23;1304;43;3923.00;223
9908;41;21220039;9908;489;11217;11443;4.90;0.30;349.55;17.22;1309;43;3924.00;226
9911;41;21220055;9911;495;11217;11443;4.93;0.30;349.52;17.22;1306;43;3925.00;226
9915;41;21220069;9915;495;11219;11443;4.98;0.30;349.57;17.22;1304;43;3926.00;224
9916;41;21220084;9916;496;11221;11443;5.01;0.30;349.63;17.22;1305;43;3927.00;222
9918;41;21220099;9918;497;11223;11443;5.03;0.31;349.61;17.22;1305;43;3928.00;220
9920;41;21220114;9920;493;11223;11443;5.06;0.31;349.62;17.22;1303;43;3929.00;220
9924;41;21220130;9924;495;11226;11447;5.07;0.31;349.64;17.21;1302;43;3930.00;221
9925;41;21220145;9925;492;11226;11447;5.05;0.31;349.67;17.21;1301;43;3931.00;221
9927;41;21220160;9927;495;11231;11451;5.04;0.31;349.65;17.26;1304;43;3932.00;220
9930;41;21220175;9930;505;11232;11452;5.03;0.30;349.64;17.26;1302;43;3933.00;220
9932;41;21220190;9932;511;11232;11452;5.03;0.31;349.74;17.26;1300;43;3934.00;220
9934;41;21220204;9934;509;11232;11452;5.04;0.31;349.78;17.26;1298;43;3935.00;220
9934;41;21220218;9934;518;11243;11465;5.11;0.31;349.78;17.24;1309;43;3936.00;222
9936;41;21220234;9936;515;11243;11465;5.08;0.31;349.81;17.24;1307;43;3937.00;222
9937;41;21220249;9937;516;11243;11465;5.15;0.31;349.85;17.24;1306;43;3938.00;222
9939;41;21220262;9939;523;11244;11466;5.18;0.32;349.89;17.24;1305;43;3939.00;222
9941;41;21220277;9941;521;11244;11467;5.20;0.32;349.90;17.24;1303;43;3940.00;223
9943;41;21220291;9943;518;11244;11467;5.15;0.31;349.98;17.24;1301;43;3941.00;223
9944;41;21220306;9944;512;11246;11470;5.21;0.32;349.97;17.23;1302;43;3942.00;224
9946;41;21220322;9946;506;11247;11470;5.18;0.32;349.96;17.28;1301;43;3943.00;223
9950;41;21220336;9950;504;11248;11470;5.16;0.31;350.02;17.28;1298;43;3944.00;222
9951;41;21220351;9951;501;11248;11470;5.13;0.31;350.04;17.28;1297;43;3945.00;222
9954;41;21220365;9954;505;11253;11476;5.13;0.31;350.08;17.27;1299;43;3946.00;223
9957;41;21220381;9957;498;11253;11476;5.13;0.31;350.11;17.27;1296;43;3947.00;223
9957;41;21220395;9957;500;11253;11476;5.19;0.32;350.11;17.27;1296;43;3948.00;223
9960;41;21220410;9960;503;11253;11476;5.20;0.32;350.12;17.27;1293;43;3949.00;223
9960;41;21220423;9960;501;11256;11480;5.19;0.32;350.12;17.27;1296;43;3950.00;224
9964;41;21220437;9964;495;11257;11481;5.14;0.31;350.14;17.27;1293;43;3951.00;224
9968;41;21220452;9968;498;11257;11481;5.08;0.31;350.14;17.27;1289;43;3952.00;224
9969;41;21220466;9969;499;11258;11482;5.02;0.30;350.16;17.27;1289;43;3953.00;224
9970;41;21220480;9970;496;11258;11482;4.98;0.30;350.15;17.27;1288;43;3954.00;224
9975;41;21220494;9975;505;11258;11482;4.93;0.30;350.15;17.27;1283;43;3955.00;224
9976;41;21220514;9976;506;11260;11482;4.89;0.30;350.14;17.39;1284;43;3956.00;222
9978;41;21220531;9978;503;11260;11482;4.80;0.29;350.17;17.39;1282;43;3957.00;222
9982;41;21220544;9982;503;11260;11482;4.75;0.29;350.27;17.39;1278;43;3958.00;222
9985;41;21220558;9985;499;11260;11482;4.71;0.29;350.26;17.39;1275;43;3959.00;222
9989;41;21220573;9989;511;11317;11607;4.86;0.30;350.21;17.35;1328;43;3960.00;290
9991;41;21220598;9991;505;11318;11608;4.87;0.30;350.16;17.35;1327;43;3961.00;290
9995;41;21220612;9995;501;11328;11608;4.97;0.31;350.16;17.34;1333;43;3962.00;280
9995;41;21220627;9995;507;11328;11608;5.00;0.31;350.16;17.34;1333;43;3963.00;280
9998;41;21220640;9998;515;11335;11608;5.03;0.31;350.13;17.33;1337;43;3964.00;273
10001;41;21220654;10001;519;11336;11608;4.99;0.31;350.11;17.33;1335;43;3965.00;272
10001;41;21220668;10001;521;11341;11608;4.98;0.31;350.11;17.32;1340;43;3966.00;267
10005;41;21220682;10005;530;11347;11608;4.96;0.30;350.04;17.32;1342;43;3967.00;261
10006;41;21220696;10006;533;11352;11609;4.92;0.30;350.01;17.31;1346;43;3968.00;257
10008;41;21220717;10008;530;11356;11610;4.88;0.30;350.00;17.31;1348;43;3969.00;254
10011;41;21220731;10011;531;11359;11610;4.84;0.30;350.00;17.31;1348;43;3970.00;251
10013;41;21220744;10013;531;11364;11614;4.79;0.29;349.95;17.30;1351;43;3971.00;250
10016;41;21220759;10016;530;11366;11614;4.76;0.29;350.04;17.30;1350;43;3972.00;248
10020;41;21220774;10020;531;11366;11614;4.69;0.29;349.95;17.30;1346;43;3973.00;248
10022;41;21220789;10022;531;11366;11614;4.63;0.28;349.96;17.30;1344;43;3974.00;248
10023;41;21220803;10023;542;11371;11620;4.62;0.28;349.93;17.29;1348;43;3975.00;249
10024;42;21220818;10024;543;11371;11620;4.58;0.28;349.92;17.29;1347;44;3976.00;249
10025;42;21220849;10025;547;11372;11620;4.56;0.28;349.90;17.34;1347;44;3977.00;248
10026;42;21220864;10026;550;11375;11623;4.54;0.28;349.92;17.34;1349;44;3978.00;248
10029;42;21220878;10029;560;11377;11623;4.48;0.27;349.89;17.34;1348;44;3979.00;246
10031;42;21220892;10031;565;11378;11623;4.41;0.27;350.02;17.40;1347;44;3980.00;245
10033;42;21220906;10033;569;11380;11624;4.36;0.27;350.08;17.40;1347;44;3981.00;244
10034;42;21220920;10034;575;11381;11625;4.33;0.26;350.04;17.40;1347;44;3982.00;244
10035;42;21220937;10035;587;11382;11625;4.28;0.26;350.01;17.46;1347;44;3983.00;243
10035;42;21220955;10035;584;11391;11638;4.29;0.26;350.01;17.45;1356;44;3984.00;247
10037;42;21220975;10037;592;11393;11638;4.27;0.26;349.96;17.58;1356;44;3985.00;245
10041;42;21220989;10041;605;11393;11638;4.22;0.26;349.92;17.58;1352;44;3986.00;245
10041;42;21221003;10041;611;11396;11639;4.21;0.26;349.92;17.70;1355;44;3987.00;243
10042;42;21221017;10042;618;11396;11639;4.17;0.26;349.92;17.70;1354;44;3988.00;243
10043;42;21221031;10043;626;11400;11643;4.18;0.26;349.91;17.69;1357;44;3989.00;243
10044;42;21221052;10044;637;11402;11643;4.13;0.25;349.92;17.82;1358;44;3990.00;241
10047;42;21221066;10047;640;11405;11647;4.11;0.25;349.89;17.81;1358;44;3991.00;242
10047;42;21221080;10047;631;11405;11647;4.11;0.25;349.89;17.81;1358;44;3992.00;242
10050;42;21221094;10050;626;11407;11647;4.07;0.25;349.86;17.94;1357;44;3993.00;240
10050;42;21221108;10050;632;11407;11647;4.06;0.25;349.86;17.94;1357;44;3994.00;240
10053;42;21221121;10053;637;11407;11647;3.98;0.25;349.82;17.94;1354;44;3995.00;240
10056;42;21221134;10056;636;11415;11659;4.04;0.25;349.76;17.92;1359;44;3996.00;244
10056;42;21221149;10056;640;11417;11659;4.06;0.25;349.76;18.04;1361;44;3997.00;242
10056;42;21221163;10056;644;11418;11659;4.04;0.25;349.76;18.04;1362;44;3998.00;241
10057;42;21221176;10057;641;11420;11659;4.06;0.25;349.74;18.16;1363;44;3999.00;239
10060;42;21221191;10060;645;11420;11659;4.04;0.25;349.73;18.16;1360;44;4000.00;239
10062;42;21221209;10062;650;11420;11659;4.03;0.25;349.73;18.16;1358;44;4001.00;239
10065;42;21221223;10065;646;11422;11660;4.02;0.25;349.69;18.28;1357;44;4002.00;238
10065;42;21221236;10065;652;11422;11660;4.03;0.25;349.69;18.28;1357;44;4003.00;238
10067;42;21221250;10067;639;11428;11666;4.12;0.25;349.71;18.33;1361;44;4004.00;238
10067;42;21221264;10067;635;11431;11668;4.18;0.26;349.71;18.39;1364;44;4005.00;237
10071;42;21221277;10071;637;11431;11668;4.21;0.26;349.73;18.39;1360;44;4006.00;237
10073;42;21221291;10073;637;11431;11668;4.24;0.26;349.70;18.39;1358;44;4007.00;237
10074;42;21221304;10074;633;11434;11672;4.28;0.26;349.68;18.39;1360;44;4008.00;238
10075;42;21221318;10075;625;11434;11672;4.32;0.27;349.69;18.39;1359;44;4009.00;238
10077;42;21221332;10077;627;11434;11672;4.36;0.27;349.69;18.39;1357;44;4010.00;238
10079;42;21221346;10079;622;11435;11673;4.42;0.27;349.64;18.38;1356;44;4011.00;238
10081;42;21221359;10081;624;11438;11677;4.45;0.27;349.66;18.38;1357;44;4012.00;239
10086;42;21221372;10086;618;11438;11677;4.48;0.28;349.63;18.38;1352;44;4013.00;239
10088;42;21221386;10088;618;11440;11680;4.52;0.28;349.65;18.38;1352;44;4014.00;240
10089;42;21221399;10089;621;11440;11680;4.49;0.28;349.64;18.38;1351;44;4015.00;240
10092;42;21221415;10092;619;11441;11680;4.48;0.28;349.62;18.38;1349;44;4016.00;239
10097;42;21221428;10097;622;11441;11680;4.41;0.27;349.79;18.38;1344;44;4017.00;239
10099;42;21221442;10099;622;11445;11684;4.39;0.27;349.84;18.37;1346;44;4018.00;239
10104;42;21221455;10104;618;11445;11684;4.35;0.27;349.82;18.37;1341;44;4019.00;239
10105;42;21221470;10105;616;11445;11684;4.33;0.27;349.94;18.37;1340;44;4020.00;239
10111;42;21221483;10111;615;11445;11684;4.27;0.26;349.94;18.37;1334;44;4021.00;239
10113;42;21221496;10113;612;11445;11685;4.20;0.26;350.06;18.37;1332;44;4022.00;240
10117;42;21221509;10117;613;11446;11686;4.18;0.26;350.17;18.37;1329;44;4023.00;240
10121;42;21221521;10121;606;11446;11686;4.14;0.25;350.22;18.37;1325;44;4024.00;240
10123;42;21221534;10123;590;11448;11687;4.15;0.25;350.27;18.37;1325;44;4025.00;239
10125;42;21221547;10125;579;11448;11687;4.17;0.26;350.36;18.37;1323;44;4026.00;239
10126;42;21221561;10126;572;11448;11687;4.23;0.26;350.37;18.37;1322;44;4027.00;239
10131;42;21221573;10131;565;11448;11687;4.25;0.26;350.45;18.37;1317;44;4028.00;239
10134;43;21221587;10134;560;11448;11687;4.30;0.26;350.52;18.37;1314;45;4029.00;239
10137;43;21221612;10137;558;11448;11687;4.37;0.27;350.51;18.37;1311;45;4030.00;239
10140;43;21221625;10140;550;11448;11687;4.43;0.27;350.71;18.37;1308;45;4031.00;239
10145;43;21221644;10145;556;11507;11814;4.76;0.29;350.73;18.27;1362;45;4032.00;307
10148;43;21221678;10148;548;11511;11815;4.80;0.30;350.88;18.27;1363;45;4033.00;304
10149;43;21221692;10149;533;11519;11815;4.86;0.30;350.88;18.26;1370;45;4034.00;296
10154;43;21221705;10154;517;11523;11815;4.89;0.30;351.11;18.25;1369;45;4035.00;292
10159;43;21221720;10159;507;11528;11815;4.87;0.30;351.23;18.25;1369;45;4036.00;287
10160;43;21221734;10160;495;11530;11815;4.87;0.30;351.25;18.24;1370;45;4037.00;285
10165;43;21221748;10165;493;11532;11815;4.83;0.30;351.41;18.24;1367;45;4038.00;283
10169;43;21221762;10169;487;11533;11815;4.79;0.30;351.44;18.24;1364;45;4039.00;282
10174;43;21221786;10174;484;11535;11816;4.78;0.29;351.50;18.24;1361;45;4040.00;281
10180;43;21221802;10180;484;11537;11817;4.79;0.30;351.62;18.24;1357;45;4041.00;280
10184;43;21221817;10184;484;11539;11817;4.83;0.30;351.81;18.23;1355;45;4042.00;278
10186;43;21221832;10186;486;11539;11818;4.88;0.30;351.81;18.23;1353;45;4043.00;279
10190;43;21221849;10190;486;11540;11818;4.89;0.30;352.00;18.23;1350;45;4044.00;278
10194;43;21221865;10194;481;11541;11818;4.89;0.30;352.00;18.23;1347;45;4045.00;277
10198;43;21221880;10198;474;11545;11818;4.90;0.30;352.12;18.23;1347;45;4046.00;273
10203;43;21221896;10203;475;11547;11822;4.94;0.30;352.25;18.23;1344;45;4047.00;275
10207;43;21221912;10207;470;11549;11822;4.93;0.30;352.30;18.23;1342;45;4048.00;273
10213;43;21221927;10213;475;11551;11822;4.91;0.30;352.45;18.23;1338;45;4049.00;271
10216;43;21221943;10216;474;11554;11828;4.93;0.30;352.58;18.22;1338;45;4050.00;274
10221;43;21221959;10221;475;11557;11828;4.87;0.30;352.65;18.22;1336;45;4051.00;271
10223;43;21221975;10223;473;11559;11828;4.82;0.29;352.66;18.22;1336;45;4052.00;269
10227;43;21221992;10227;469;11563;11832;4.79;0.29;352.67;18.22;1336;45;4053.00;269
10230;43;21222009;10230;473;11566;11833;4.77;0.29;352.67;18.22;1336;45;4054.00;267
10230;43;21222027;10230;473;11566;11833;4.76;0.29;352.67;18.22;1336;45;4055.00;267
10234;43;21222045;10234;478;11572;11837;4.75;0.29;352.83;18.28;1338;45;4056.00;265
10238;43;21222067;10238;478;11574;11837;4.78;0.29;352.87;18.27;1336;45;4057.00;263
10242;43;21222090;10242;486;11574;11837;4.86;0.30;352.88;18.27;1332;45;4058.00;263
10246;43;21222108;10246;483;11577;11838;4.87;0.30;352.93;18.28;1331;45;4059.00;261
10249;43;21222134;10249;480;11578;11838;4.90;0.30;352.95;18.28;1329;45;4060.00;260
10252;43;21222150;10252;482;11585;11844;4.91;0.30;353.09;18.27;1333;45;4061.00;259
10256;43;21222169;10256;479;11585;11844;4.93;0.30;353.14;18.27;1329;45;4062.00;259
10259;43;21222188;10259;471;11587;11845;4.95;0.30;353.11;18.27;1328;45;4063.00;258
10263;43;21222204;10263;472;11587;11845;4.98;0.30;353.19;18.27;1324;45;4064.00;258
10265;43;21222220;10265;476;11587;11845;4.98;0.30;353.20;18.27;1322;45;4065.00;258
10268;43;21222235;10268;474;11587;11845;4.93;0.30;353.18;18.27;1319;45;4066.00;258
10274;43;21222250;10274;471;11589;11845;4.87;0.30;353.26;18.28;1315;45;4067.00;256
10278;43;21222266;10278;476;11598;11857;4.87;0.30;353.26;18.26;1320;45;4068.00;259
10281;43;21222281;10281;479;11599;11857;4.86;0.30;353.28;18.26;1318;45;4069.00;258
10286;43;21222296;10286;481;11599;11857;4.83;0.30;353.41;18.26;1313;45;4070.00;258
10290;43;21222310;10290;486;11600;11857;4.79;0.29;353.56;18.26;1310;45;4071.00;257
10293;43;21222325;10293;483;11600;11857;4.77;0.29;353.61;18.26;1307;45;4072.00;257
10297;43;21222339;10297;480;11600;11857;4.74;0.29;353.72;18.26;1303;45;4073.00;257
10302;43;21222353;10302;478;11604;11861;4.76;0.29;353.82;18.26;1302;45;4074.00;257
10306;43;21222369;10306;475;11604;11861;4.76;0.29;353.88;18.26;1298;45;4075.00;257
10310;43;21222384;10310;482;11608;11865;4.80;0.29;353.99;18.26;1298;45;4076.00;257
10314;43;21222399;10314;490;11610;11866;4.82;0.29;354.16;18.26;1296;45;4077.00;256
10318;43;21222413;10318;488;11610;11866;4.81;0.29;354.20;18.26;1292;45;4078.00;256
10322;43;21222428;10322;497;11611;11866;4.80;0.29;354.20;18.26;1289;45;4079.00;255
10326;43;21222444;10326;515;11631;11895;4.81;0.29;354.34;18.28;1305;45;4080.00;264
10328;43;21222466;10328;496;11632;11895;4.82;0.29;354.37;18.28;1304;45;4081.00;263
10330;43;21222481;10330;498;11634;11895;4.82;0.29;354.37;18.28;1304;45;4082.00;261
10334;43;21222496;10334;502;11636;11896;4.87;0.30;354.42;18.28;1302;45;4083.00;260
10337;43;21222511;10337;502;11637;11897;4.88;0.30;354.37;18.28;1300;45;4084.00;260
10340;43;21222526;10340;510;11638;11897;4.84;0.30;354.36;18.28;1298;45;4085.00;259
10343;43;21222540;10343;510;11640;11900;4.83;0.29;354.37;18.28;1297;45;4086.00;260
10345;43;21222561;10345;515;11641;11900;4.80;0.29;354.44;18.28;1296;45;4087.00;259
10347;43;21222576;10347;528;11642;11900;4.78;0.29;354.48;18.28;1295;45;4088.00;258
10349;43;21222589;10349;536;11642;11900;4.73;0.29;354.52;18.28;1293;45;4089.00;258
10351;43;21222604;10351;539;11649;11906;4.71;0.29;354.56;18.27;1298;45;4090.00;257
10353;43;21222618;10353;549;11649;11906;4.63;0.28;354.57;18.27;1296;45;4091.00;257
10354;43;21222633;10354;547;11649;11906;4.54;0.28;354.59;18.27;1295;45;4092.00;257
10355;43;21222652;10355;552;11649;11906;4.48;0.27;354.61;18.27;1294;45;4093.00;257
10357;43;21222667;10357;565;11651;11910;4.41;0.27;354.73;18.27;1294;45;4094.00;259
10362;43;21222681;10362;561;11653;11912;4.36;0.27;354.86;18.26;1291;45;4095.00;259
10363;43;21222696;10363;553;11654;11912;4.32;0.26;354.91;18.31;1291;45;4096.00;258
10364;43;21222710;10364;554;11656;11913;4.31;0.26;355.00;18.31;1292;45;4097.00;257
10367;43;21222724;10367;548;11657;11913;4.33;0.26;355.08;18.31;1290;45;4098.00;256
10371;43;21222738;10371;548;11657;11913;4.32;0.26;355.13;18.31;1286;45;4099.00;256
10372;43;21222752;10372;546;11657;11913;4.33;0.26;355.18;18.31;1285;45;4100.00;256
10373;43;21222770;10373;548;11657;11913;4.40;0.27;355.27;18.31;1284;45;4101.00;256
10375;44;21222784;10375;555;11657;11913;4.42;0.27;355.27;18.31;1282;46;4102.00;256
10376;44;21222816;10376;544;11657;11913;4.48;0.27;355.26;18.31;1281;46;4103.00;256
10379;44;21222830;10379;562;11697;11983;4.54;0.28;355.35;18.24;1318;46;4104.00;286
10380;44;21222849;10380;551;11698;11984;4.56;0.28;355.33;18.24;1318;46;4105.00;286
10380;44;21222866;10380;557;11704;11984;4.64;0.28;355.33;18.23;1324;46;4106.00;280
10383;44;21222880;10383;560;11704;11984;4.65;0.28;355.33;18.23;1321;46;4107.00;280
10385;44;21222894;10385;564;11709;11984;4.64;0.28;355.31;18.23;1324;46;4108.00;275
10386;44;21222908;10386;563;11710;11984;4.63;0.28;355.30;18.23;1324;46;4109.00;274
10389;44;21222923;10389;567;11713;11984;4.67;0.28;355.43;18.22;1324;46;4110.00;271
10391;44;21222938;10391;568;11716;11984;4.68;0.28;355.42;18.22;1325;46;4111.00;268
10392;44;21222952;10392;575;11718;11985;4.64;0.28;355.41;18.22;1326;46;4112.00;267
10395;44;21222966;10395;582;11721;11986;4.61;0.28;355.42;18.22;1326;46;4113.00;265
10395;44;21222981;10395;586;11723;11986;4.60;0.28;355.42;18.22;1328;46;4114.00;263
10397;44;21222994;10397;587;11728;11990;4.55;0.28;355.38;18.21;1331;46;4115.00;262
10399;44;21223010;10399;582;11728;11990;4.53;0.28;355.39;18.21;1329;46;4116.00;262
10400;44;21223025;10400;576;11728;11990;4.57;0.28;355.48;18.21;1328;46;4117.00;262
10405;44;21223039;10405;568;11728;11990;4.55;0.28;355.44;18.21;1323;46;4118.00;262
10407;44;21223053;10407;565;11733;11996;4.60;0.28;355.46;18.20;1326;46;4119.00;263
10409;44;21223072;10409;558;11733;11996;4.60;0.28;355.41;18.20;1324;46;4120.00;263
10412;44;21223089;10412;564;11733;11996;4.62;0.28;355.40;18.20;1321;46;4121.00;263
10413;44;21223107;10413;556;11735;11999;4.69;0.29;355.44;18.20;1322;46;4122.00;264
10414;44;21223125;10414;561;11736;11999;4.70;0.29;355.41;18.24;1322;46;4123.00;263
10416;44;21223143;10416;564;11737;11999;4.74;0.29;355.42;18.24;1321;46;4124.00;262
10417;44;21223164;10417;565;11737;12000;4.77;0.29;355.44;18.24;1320;46;4125.00;263
10422;44;21223178;10422;559;11738;12001;4.75;0.29;355.43;18.24;1316;46;4126.00;263
10423;44;21223192;10423;572;11738;12001;4.72;0.29;355.40;18.24;1315;46;4127.00;263
10426;44;21223206;10426;573;11747;12014;4.66;0.28;355.38;18.22;1321;46;4128.00;267
10431;44;21223221;10431;566;11748;12014;4.60;0.28;355.32;18.22;1317;46;4129.00;266
10434;44;21223234;10434;565;11750;12014;4.52;0.28;355.34;18.36;1316;46;4130.00;264
10437;44;21223251;10437;567;11751;12015;4.46;0.27;355.32;18.36;1314;46;4131.00;264
10439;44;21223265;10439;568;11751;12015;4.41;0.27;355.41;18.36;1312;46;4132.00;264
10442;44;21223278;10442;569;11756;12019;4.40;0.27;355.44;18.35;1314;46;4133.00;263
10444;44;21223291;10444;578;11756;12019;4.38;0.27;355.38;18.35;1312;46;4134.00;263
10445;44;21223306;10445;587;11759;12023;4.33;0.26;355.41;18.35;1314;46;4135.00;264
10449;44;21223319;10449;577;11759;12023;4.27;0.26;355.36;18.35;1310;46;4136.00;264
10450;44;21223333;10450;577;11759;12023;4.27;0.26;355.33;18.35;1309;46;4137.00;264
10451;44;21223345;10451;577;11759;12023;4.27;0.26;355.30;18.35;1308;46;4138.00;264
10453;44;21223359;10453;576;11760;12023;4.26;0.26;355.38;18.39;1307;46;4139.00;263
10455;44;21223374;10455;571;11781;12057;4.35;0.27;355.33;18.36;1326;46;4140.00;276
10456;44;21223391;10456;579;11782;12057;4.34;0.27;355.31;18.36;1326;46;4141.00;275
10460;44;21223404;10460;574;11783;12057;4.33;0.26;355.25;18.35;1323;46;4142.00;274
10462;44;21223420;10462;577;11784;12057;4.33;0.26;355.25;18.35;1322;46;4143.00;273
10463;44;21223433;10463;577;11784;12057;4.33;0.26;355.28;18.35;1321;46;4144.00;273
10464;44;21223446;10464;596;11784;12057;4.35;0.26;355.27;18.35;1320;46;4145.00;273
10466;44;21223460;10466;595;11784;12058;4.36;0.27;355.25;18.35;1318;46;4146.00;274
10466;44;21223474;10466;592;11785;12058;4.33;0.26;355.25;18.35;1319;46;4147.00;273
10466;44;21223487;10466;607;11789;12064;4.37;0.27;355.25;18.35;1323;46;4148.00;275
10468;44;21223500;10468;603;11790;12065;4.35;0.27;355.20;18.35;1322;46;4149.00;275
10469;44;21223514;10469;590;11790;12065;4.32;0.26;355.18;18.35;1321;46;4150.00;275
10471;44;21223528;10471;595;11792;12065;4.31;0.26;355.15;18.34;1321;46;4151.00;273
10472;44;21223541;10472;593;11795;12069;4.33;0.27;355.13;18.34;1323;46;4152.00;274
10474;44;21223555;10474;587;11796;12069;4.31;0.26;355.09;18.34;1322;46;4153.00;273
10476;44;21223569;10476;600;11797;12069;4.29;0.26;355.05;18.34;1321;46;4154.00;272
10476;44;21223582;10476;603;11798;12070;4.32;0.26;355.05;18.34;1322;46;4155.00;272
10479;44;21223602;10479;604;11802;12074;4.31;0.26;355.10;18.33;1323;46;4156.00;272
10482;44;21223616;10482;611;11804;12074;4.32;0.26;355.06;18.47;1322;46;4157.00;270
10483;44;21223631;10483;610;11807;12077;4.39;0.27;355.04;18.54;1324;46;4158.00;270
10483;44;21223646;10483;615;11808;12077;4.41;0.27;355.04;18.54;1325;46;4159.00;269
10484;44;21223659;10484;621;11808;12077;4.41;0.27;355.05;18.54;1324;46;4160.00;269
10485;44;21223673;10485;613;11808;12077;4.39;0.27;355.03;18.54;1323;46;4161.00;269
10489;44;21223687;10489;617;11812;12081;4.36;0.27;355.03;18.53;1323;46;4162.00;269
10489;44;21223707;10489;619;11814;12081;4.35;0.27;355.03;18.67;1325;46;4163.00;267
10489;44;21223720;10489;622;11815;12081;4.34;0.27;355.03;18.74;1326;46;4164.00;266
10490;44;21223733;10490;628;11818;12081;4.31;0.26;355.02;18.95;1328;46;4165.00;263
10492;44;21223747;10492;626;11819;12082;4.30;0.26;354.99;19.02;1327;46;4166.00;263
10492;44;21223760;10492;621;11820;12083;4.33;0.26;354.99;19.02;1328;46;4167.00;263
10492;44;21223774;10492;630;11822;12083;4.36;0.27;354.99;19.15;1330;46;4168.00;261
10496;44;21223787;10496;628;11823;12084;4.38;0.27;354.91;19.15;1327;46;4169.00;261
10497;44;21223802;10497;628;11823;12084;4.41;0.27;354.89;19.15;1326;46;4170.00;261
10501;44;21223816;10501;626;11824;12084;4.38;0.27;354.85;19.22;1323;46;4171.00;260
10506;44;21223829;10506;632;11827;12084;4.31;0.26;354.98;19.42;1321;46;4172.00;257
10506;44;21223843;10506;632;11829;12086;4.28;0.26;354.98;19.41;1323;46;4173.00;257
10511;44;21223855;10511;626;11830;12086;4.25;0.26;355.09;19.48;1319;46;4174.00;256
10511;44;21223869;10511;625;11831;12086;4.28;0.26;355.09;19.54;1320;46;4175.00;255
10514;44;21223884;10514;631;11887;12213;4.63;0.29;355.15;19.45;1373;46;4176.00;326
10518;44;21223907;10518;617;11892;12214;4.64;0.29;355.18;19.51;1374;46;4177.00;322
10520;44;21223921;10520;607;11901;12214;4.65;0.29;355.20;19.57;1381;46;4178.00;313
10525;44;21223935;10525;604;11908;12214;4.64;0.29;355.36;19.62;1383;46;4179.00;306
10526;44;21223949;10526;601;11913;12214;4.66;0.29;355.34;19.62;1387;46;4180.00;301
10528;44;21223963;10528;598;11919;12214;4.66;0.29;355.38;19.67;1391;46;4181.00;295
10531;44;21223977;10531;594;11923;12214;4.62;0.28;355.50;19.73;1392;46;4182.00;291
10532;44;21223991;10532;599;11926;12214;4.61;0.28;355.54;19.80;1394;46;4183.00;288
10534;44;21224005;10534;601;11928;12215;4.69;0.29;355.55;19.79;1394;46;4184.00;287
10536;44;21224020;10536;595;11932;12217;4.74;0.29;355.59;19.85;1396;46;4185.00;285
10537;44;21224034;10537;601;11934;12217;4.77;0.29;355.67;19.92;1397;46;4186.00;283
10541;44;21224072;10541;600;11936;12218;4.77;0.29;355.69;19.98;1395;46;4187.00;282
10545;44;21224090;10545;599;11941;12218;4.76;0.29;355.65;20.04;1396;46;4188.00;277
10547;44;21224105;10547;602;11942;12218;4.78;0.29;355.76;20.04;1395;46;4189.00;276
10551;44;21224119;10551;602;11944;12218;4.73;0.29;355.81;20.10;1393;46;4190.00;274
10554;44;21224135;10554;609;11951;12222;4.70;0.29;355.74;20.16;1397;46;4191.00;271
10557;44;21224150;10557;620;11954;12222;4.68;0.29;355.75;20.22;1397;46;4192.00;268
10564;44;21224166;10564;625;11955;12222;4.61;0.28;355.77;20.22;1391;46;4193.00;267
10568;44;21224180;10568;636;11958;12225;4.57;0.28;355.89;20.28;1390;46;4194.00;267
10569;44;21224195;10569;635;11960;12225;4.57;0.28;355.89;20.28;1391;46;4195.00;265
10573;44;21224209;10573;640;11961;12225;4.53;0.28;356.00;20.28;1388;46;4196.00;264
10576;44;21224223;10576;644;11965;12229;4.50;0.28;356.04;20.27;1389;46;4197.00;264
10580;44;21224238;10580;646;11967;12230;4.48;0.27;356.11;20.27;1387;46;4198.00;263
10584;44;21224251;10584;649;11967;12230;4.48;0.27;356.17;20.27;1383;46;4199.00;263
10589;44;21224274;10589;641;11979;12264;4.53;0.28;356.41;20.25;1390;46;4200.00;285
10591;44;21224295;10591;632;11981;12264;4.61;0.28;356.48;20.25;1390;46;4201.00;283
10595;44;21224317;10595;625;11981;12264;4.64;0.28;356.65;20.25;1386;46;4202.00;283
10599;44;21224331;10599;613;11982;12265;4.67;0.29;356.78;20.25;1383;46;4203.00;283
10605;44;21224346;10605;607;11982;12265;4.69;0.29;356.93;20.25;1377;46;4204.00;283
10609;44;21224366;10609;607;11987;12271;4.73;0.29;356.99;20.24;1378;46;4205.00;284
10612;44;21224382;10612;605;11991;12271;4.75;0.29;357.12;20.23;1379;46;4206.00;280
10614;44;21224396;10614;600;11991;12272;4.77;0.29;357.14;20.23;1377;46;4207.00;281
10618;44;21224411;10618;594;11991;12272;4.78;0.29;357.23;20.23;1373;46;4208.00;281
10621;44;21224426;10621;579;11991;12272;4.75;0.29;357.37;20.23;1370;46;4209.00;281
10626;44;21224441;10626;573;11991;12272;4.73;0.29;357.54;20.23;1365;46;4210.00;281
10631;44;21224456;10631;564;11993;12272;4.67;0.29;357.69;20.23;1362;46;4211.00;279
10633;44;21224471;10633;556;12002;12284;4.74;0.29;357.80;20.22;1369;46;4212.00;282
10636;44;21224487;10636;538;12002;12284;4.79;0.29;357.89;20.22;1366;46;4213.00;282
10641;44;21224502;10641;535;12003;12284;4.79;0.29;357.93;20.22;1362;46;4214.00;281
10643;44;21224518;10643;539;12004;12284;4.83;0.30;357.95;20.27;1361;46;4215.00;280
10648;44;21224533;10648;536;12005;12284;4.85;0.30;358.00;20.27;1357;46;4216.00;279
10653;44;21224548;10653;530;12007;12284;4.86;0.30;358.04;20.27;1354;46;4217.00;277
10655;44;21224563;10655;538;12010;12288;4.86;0.30;358.04;20.26;1355;46;4218.00;278
10658;44;21224577;10658;537;12010;12288;4.88;0.30;358.05;20.26;1352;46;4219.00;278
10661;44;21224592;10661;535;12013;12292;4.92;0.30;358.04;20.26;1352;46;4220.00;279
10663;44;21224607;10663;538;12013;12293;4.91;0.30;358.06;20.26;1350;46;4221.00;280
10668;44;21224622;10668;532;12016;12293;4.87;0.30;358.10;20.25;1348;46;4222.00;277
10673;44;21224637;10673;530;12016;12293;4.86;0.30;358.14;20.25;1343;46;4223.00;277
10677;44;21224652;10677;534;12023;12306;4.85;0.29;358.19;20.24;1346;46;4224.00;283
10683;44;21224667;10683;542;12025;12306;4.84;0.29;358.26;20.24;1342;46;4225.00;281
10688;44;21224682;10688;542;12025;12306;4.84;0.29;358.24;20.24;1337;46;4226.00;281
10692;44;21224697;10692;542;12026;12307;4.90;0.30;358.24;20.24;1334;46;4227.00;281
10694;44;21224712;10694;546;12027;12308;4.93;0.30;358.27;20.24;1333;46;4228.00;281
10699;44;21224727;10699;552;12027;12308;4.92;0.30;358.34;20.24;1328;46;4229.00;281
10704;44;21224743;10704;549;12034;12314;4.97;0.30;358.33;20.24;1330;46;4230.00;280
10708;44;21224758;10708;559;12034;12314;4.97;0.30;358.43;20.24;1326;46;4231.00;280
10712;44;21224773;10712;560;12035;12314;4.98;0.30;358.41;20.24;1323;46;4232.00;279
10713;44;21224787;10713;561;12036;12314;4.94;0.30;358.45;20.24;1323;46;4233.00;278
10715;44;21224803;10715;556;12044;12320;4.91;0.30;358.48;20.29;1329;46;4234.00;276
10719;44;21224818;10719;556;12044;12320;4.80;0.29;358.65;20.29;1325;46;4235.00;276
10722;44;21224832;10722;556;12045;12320;4.77;0.29;358.69;20.29;1323;46;4236.00;275
10723;44;21224847;10723;557;12045;12320;4.74;0.29;358.70;20.29;1322;46;4237.00;275
10723;44;21224862;10723;567;12049;12324;4.71;0.28;358.70;20.29;1326;46;4238.00;275
10726;44;21224876;10726;558;12051;12325;4.67;0.28;358.69;20.29;1325;46;4239.00;274
10732;44;21224892;10732;558;12051;12325;4.64;0.28;358.90;20.29;1319;46;4240.00;274
10733;44;21224906;10733;556;12053;12326;4.58;0.28;358.94;20.29;1320;46;4241.00;273
10737;44;21224921;10737;558;12053;12326;4.51;0.27;359.00;20.29;1316;46;4242.00;273
10740;44;21224935;10740;558;12053;12326;4.41;0.27;359.14;20.29;1313;46;4243.00;273
10745;44;21224949;10745;561;12054;12326;4.31;0.26;359.23;20.29;1309;46;4244.00;272
10747;44;21224964;10747;566;12055;12326;4.18;0.25;359.33;20.30;1308;46;4245.00;271
10749;44;21224978;10749;577;12055;12326;4.10;0.25;359.46;20.30;1306;46;4246.00;271
10753;44;21224992;10753;567;12056;12326;4.03;0.24;359.44;20.30;1303;46;4247.00;270
10755;44;21225007;10755;566;12088;12396;4.05;0.25;359.47;20.24;1333;46;4248.00;308
10757;44;21225027;10757;553;12090;12397;4.11;0.25;359.56;20.24;1333;46;4249.00;307
10758;44;21225043;10758;533;12096;12397;4.18;0.26;359.54;20.29;1338;46;4250.00;301
10761;44;21225058;10761;537;12098;12397;4.21;0.26;359.58;20.29;1337;46;4251.00;299
10763;44;21225073;10763;540;12101;12397;4.28;0.26;359.64;20.29;1338;46;4252.00;296
10768;44;21225090;10768;538;12107;12397;4.33;0.26;359.73;20.29;1339;46;4253.00;290
10771;44;21225105;10771;535;12111;12397;4.38;0.27;359.74;20.28;1340;46;4254.00;286
10774;44;21225120;10774;548;12116;12397;4.43;0.27;359.83;20.28;1342;46;4255.00;281
10776;44;21225136;10776;549;12117;12398;4.43;0.27;359.89;20.28;1341;46;4256.00;281
10778;44;21225151;10778;555;12119;12399;4.44;0.27;359.89;20.27;1341;46;4257.00;280
10778;44;21225169;10778;558;12123;12399;4.46;0.27;359.89;20.27;1345;46;4258.00;276
10783;44;21225184;10783;558;12128;12403;4.47;0.27;359.91;20.26;1345;46;4259.00;275
10786;44;21225203;10786;564;12129;12403;4.47;0.27;360.07;20.26;1343;46;4260.00;274
10787;44;21225219;10787;568;12130;12403;4.47;0.27;360.06;20.26;1343;46;4261.00;273
10788;44;21225235;10788;568;12130;12403;4.47;0.27;360.09;20.26;1342;46;4262.00;273
10792;44;21225249;10792;572;12136;12409;4.50;0.27;360.17;20.25;1344;46;4263.00;273
10794;44;21225265;10794;581;12136;12409;4.50;0.27;360.23;20.25;1342;46;4264.00;273
10796;44;21225281;10796;579;12136;12409;4.49;0.27;360.33;20.25;1340;46;4265.00;273
10797;44;21225296;10797;583;12139;12412;4.49;0.27;360.38;20.25;1342;46;4266.00;273
10801;44;21225311;10801;586;12139;12412;4.48;0.27;360.48;20.25;1338;46;4267.00;273
10803;44;21225327;10803;582;12140;12412;4.44;0.27;360.45;20.25;1337;46;4268.00;272
10806;44;21225341;10806;588;12140;12413;4.45;0.27;360.53;20.25;1334;46;4269.00;273
10811;44;21225356;10811;593;12141;12414;4.37;0.26;360.60;20.25;1330;46;4270.00;273
10812;44;21225371;10812;588;12141;12414;4.37;0.26;360.57;20.25;1329;46;4271.00;273
10815;44;21225386;10815;579;12149;12427;4.38;0.26;360.57;20.23;1334;46;4272.00;278
10816;44;21225404;10816;579;12150;12427;4.35;0.26;360.54;20.23;1334;46;4273.00;277
10817;44;21225418;10817;584;12150;12427;4.34;0.26;360.51;20.23;1333;46;4274.00;277
10819;44;21225433;10819;576;12152;12429;4.34;0.26;360.51;20.23;1333;46;4275.00;277
10821;44;21225448;10821;576;12152;12429;4.35;0.26;360.47;20.23;1331;46;4276.00;277
10823;44;21225462;10823;570;12156;12433;4.41;0.27;360.46;20.22;1333;46;4277.00;277
10827;44;21225477;10827;572;12156;12433;4.40;0.27;360.51;20.22;1329;46;4278.00;277
10829;44;21225492;10829;575;12159;12437;4.46;0.27;360.51;20.22;1330;46;4279.00;278
10831;44;21225509;10831;572;12160;12437;4.48;0.27;360.62;20.27;1329;46;4280.00;277
10834;44;21225524;10834;576;12160;12437;4.49;0.27;360.56;20.27;1326;46;4281.00;277
10837;44;21225538;10837;572;12160;12437;4.47;0.27;360.53;20.27;1323;46;4282.00;277
10838;44;21225553;10838;570;12160;12437;4.47;0.27;360.53;20.27;1322;46;4283.00;277
10840;44;21225572;10840;565;12170;12449;4.47;0.27;360.58;20.26;1330;46;4284.00;279
10841;44;21225587;10841;570;12170;12449;4.44;0.27;360.56;20.26;1329;46;4285.00;279
10844;44;21225601;10844;569;12171;12449;4.37;0.27;360.66;20.25;1327;46;4286.00;278
10846;44;21225616;10846;582;12171;12449;4.35;0.26;360.63;20.25;1325;46;4287.00;278
10848;44;21225630;10848;582;12171;12449;4.33;0.26;360.59;20.25;1323;46;4288.00;278
10848;44;21225646;10848;587;12171;12449;4.32;0.26;360.59;20.25;1323;46;4289.00;278
10851;44;21225661;10851;579;12171;12450;4.31;0.26;360.53;20.25;1320;46;4290.00;279
10855;44;21225675;10855;571;12171;12450;4.26;0.26;360.56;20.25;1316;46;4291.00;279
10856;44;21225689;10856;579;12176;12456;4.27;0.26;360.53;20.25;1320;46;4292.00;280
10859;44;21225703;10859;578;12177;12457;4.27;0.26;360.49;20.24;1318;46;4293.00;280
10861;44;21225718;10861;570;12177;12457;4.28;0.26;360.49;20.24;1316;46;4294.00;280
10862;44;21225733;10862;564;12177;12457;4.30;0.26;360.50;20.24;1315;46;4295.00;280
10862;44;21225748;10862;556;12179;12461;4.36;0.27;360.50;20.24;1317;46;4296.00;282
10864;44;21225765;10864;550;12179;12461;4.36;0.27;360.51;20.24;1315;46;4297.00;282
10867;44;21225779;10867;552;12179;12461;4.38;0.27;360.53;20.24;1312;46;4298.00;282
10871;44;21225793;10871;559;12180;12462;4.38;0.27;360.46;20.24;1309;46;4299.00;282
10871;44;21225807;10871;556;12183;12466;4.40;0.27;360.46;20.23;1312;46;4300.00;283
10874;44;21225825;10874;559;12183;12466;4.42;0.27;360.45;20.23;1309;46;4301.00;283
10876;44;21225838;10876;560;12185;12469;4.42;0.27;360.41;20.23;1309;46;4302.00;284
10878;44;21225854;10878;561;12185;12469;4.42;0.27;360.36;20.23;1307;46;4303.00;284
10879;44;21225868;10879;556;12187;12469;4.48;0.27;360.34;20.30;1308;46;4304.00;282
10882;44;21225885;10882;563;12188;12469;4.48;0.27;360.33;20.37;1306;46;4305.00;281
10886;44;21225899;10886;543;12192;12473;4.52;0.27;360.31;20.36;1306;46;4306.00;281
10888;44;21225914;10888;533;12192;12473;4.56;0.28;360.28;20.36;1304;46;4307.00;281
10889;44;21225928;10889;516;12192;12473;4.66;0.28;360.26;20.36;1303;46;4308.00;281
10889;44;21225942;10889;511;12192;12473;4.71;0.29;360.26;20.36;1303;46;4309.00;281
10890;44;21225956;10890;500;12192;12474;4.75;0.29;360.34;20.36;1302;46;4310.00;282
10890;44;21225970;10890;490;12193;12475;4.81;0.29;360.34;20.36;1303;46;4311.00;282
10890;45;21225987;10890;481;12193;12475;4.81;0.29;360.34;20.36;1303;47;4312.00;282
10891;45;21226013;10891;467;12195;12476;4.86;0.30;360.33;20.37;1304;47;4313.00;281
10892;46;21226030;10892;458;12195;12476;4.92;0.30;360.40;20.37;1303;48;4314.00;281
10896;46;21226058;10896;463;12195;12476;4.94;0.30;360.42;20.37;1299;48;4315.00;281
10897;46;21226073;10897;464;12197;12476;5.01;0.30;360.40;20.44;1300;48;4316.00;279
10897;46;21226087;10897;467;12197;12476;5.05;0.31;360.40;20.44;1300;48;4317.00;279
10899;46;21226101;10899;461;12198;12476;5.09;0.31;360.36;20.44;1299;48;4318.00;278
10899;46;21226116;10899;460;12198;12476;5.09;0.31;360.36;20.44;1299;48;4319.00;278
10902;46;21226137;10902;484;12293;12706;5.37;0.34;360.34;20.29;1391;48;4320.00;413
10906;46;21226174;10906;481;12296;12707;5.37;0.33;360.28;20.28;1390;48;4321.00;411
10906;46;21226190;10906;469;12305;12707;5.43;0.34;360.28;20.27;1399;48;4322.00;402
10909;46;21226205;10909;468;12314;12707;5.43;0.34;360.27;20.26;1405;48;4323.00;393
10910;46;21226220;10910;466;12322;12707;5.48;0.34;360.24;20.25;1412;48;4324.00;385
10912;46;21226241;10912;462;12329;12707;5.48;0.34;360.24;20.25;1417;48;4325.00;378
10916;46;21226267;10916;468;12338;12707;5.43;0.34;360.34;20.30;1422;48;4326.00;369
10919;46;21226282;10919;471;12343;12707;5.41;0.33;360.37;20.30;1424;48;4327.00;364
10922;46;21226304;10922;480;12349;12708;5.42;0.34;360.30;20.29;1427;48;4328.00;359
10925;46;21226319;10925;488;12356;12709;5.40;0.33;360.33;20.36;1431;48;4329.00;353
10925;46;21226335;10925;491;12363;12709;5.37;0.33;360.33;20.42;1438;48;4330.00;346
10926;46;21226350;10926;500;12368;12710;5.31;0.33;360.34;20.42;1442;48;4331.00;342
10930;46;21226366;10930;512;12371;12710;5.21;0.32;360.33;20.56;1441;48;4332.00;339
10931;46;21226382;10931;524;12375;12710;5.14;0.32;360.30;20.55;1444;48;4333.00;335
10934;46;21226397;10934;538;12379;12710;5.04;0.31;360.30;20.62;1445;48;4334.00;331
10936;46;21226414;10936;548;12383;12714;4.98;0.31;360.28;20.62;1447;48;4335.00;331
10937;46;21226430;10937;550;12387;12714;4.96;0.31;360.26;20.61;1450;48;4336.00;327
10938;46;21226446;10938;559;12390;12714;4.94;0.30;360.34;20.68;1452;48;4337.00;324
10940;46;21226461;10940;565;12392;12717;4.94;0.30;360.32;20.68;1452;48;4338.00;325
10945;46;21226477;10945;566;12394;12717;4.88;0.30;360.45;20.75;1449;48;4339.00;323
10949;46;21226492;10949;583;12395;12717;4.84;0.30;360.56;20.82;1446;48;4340.00;322
10951;46;21226508;10951;582;12400;12721;4.85;0.30;360.57;20.81;1449;48;4341.00;321
10954;46;21226524;10954;588;12402;12722;4.86;0.30;360.62;20.88;1448;48;4342.00;320
10955;46;21226540;10955;595;12403;12722;4.89;0.30;360.61;20.88;1448;48;4343.00;319
10957;46;21226556;10957;607;12405;12726;4.89;0.30;360.71;20.88;1448;48;4344.00;321
10959;46;21226571;10959;608;12407;12726;4.93;0.30;360.71;20.95;1448;48;4345.00;319
10961;46;21226587;10961;621;12409;12726;4.95;0.30;360.69;20.95;1448;48;4346.00;317
10962;46;21226609;10962;627;12412;12727;4.95;0.30;360.70;21.01;1450;48;4347.00;315
10964;46;21226625;10964;634;12412;12727;4.96;0.30;360.70;21.01;1448;48;4348.00;315
10964;46;21226640;10964;620;12419;12733;5.04;0.31;360.70;21.08;1455;48;4349.00;314
10967;46;21226658;10967;609;12419;12733;5.01;0.31;360.66;21.08;1452;48;4350.00;314
10969;46;21226674;10969;601;12421;12734;4.97;0.30;360.66;21.08;1452;48;4351.00;313
10972;46;21226690;10972;604;12423;12734;4.94;0.30;360.72;21.21;1451;48;4352.00;311
10974;46;21226705;10974;606;12424;12734;4.97;0.30;360.69;21.21;1450;48;4353.00;310
10978;46;21226721;10978;611;12427;12734;4.94;0.30;360.81;21.35;1449;48;4354.00;307
10980;46;21226736;10980;614;12430;12734;4.93;0.30;360.84;21.42;1450;48;4355.00;304
10982;46;21226751;10982;625;12441;12746;5.01;0.30;360.94;21.47;1459;48;4356.00;305
10984;46;21226768;10984;633;12444;12746;5.00;0.30;360.99;21.47;1460;48;4357.00;302
10986;46;21226785;10986;641;12448;12746;4.99;0.30;361.01;21.60;1462;48;4358.00;298
10989;46;21226801;10989;640;12449;12746;4.96;0.30;361.10;21.60;1460;48;4359.00;297
10990;46;21226817;10990;643;12450;12746;5.00;0.30;361.12;21.60;1460;48;4360.00;296
10994;46;21226832;10994;643;12450;12746;5.00;0.30;361.19;21.60;1456;48;4361.00;296
10999;46;21226848;10999;657;12457;12750;4.97;0.30;361.47;21.73;1458;48;4362.00;293
11002;46;21226864;11002;666;12457;12750;4.97;0.30;361.52;21.73;1455;48;4363.00;293
11008;46;21226880;11008;669;12464;12754;4.94;0.30;361.56;21.85;1456;48;4364.00;290
11011;46;21226905;11011;667;12466;12756;4.88;0.30;361.59;21.85;1455;48;4365.00;290
11014;46;21226921;11014;678;12467;12756;4.77;0.29;361.64;21.84;1453;48;4366.00;289
11016;46;21226936;11016;679;12469;12756;4.68;0.28;361.69;21.97;1453;48;4367.00;287
11021;46;21226951;11021;681;12478;12769;4.63;0.28;361.74;21.96;1457;48;4368.00;291
11026;46;21226967;11026;680;12480;12769;4.51;0.27;361.85;22.08;1454;48;4369.00;289
11030;46;21226982;11030;680;12480;12769;4.43;0.27;361.94;22.08;1450;48;4370.00;289
11032;46;21226998;11032;674;12481;12770;4.37;0.27;361.96;22.08;1449;48;4371.00;289
11033;46;21227013;11033;687;12481;12771;4.31;0.26;361.97;22.08;1448;48;4372.00;290
11035;46;21227028;11035;688;12481;12771;4.22;0.26;362.00;22.08;1446;48;4373.00;290
11037;46;21227043;11037;687;12484;12774;4.16;0.25;362.02;22.08;1447;48;4374.00;290
11039;46;21227058;11039;684;12488;12774;4.13;0.25;362.02;22.33;1449;48;4375.00;286
11045;46;21227074;11045;666;12488;12774;4.09;0.25;362.07;22.33;1443;48;4376.00;286
11047;46;21227091;11047;666;12488;12774;4.12;0.25;362.07;22.33;1441;48;4377.00;286
11050;46;21227108;11050;665;12493;12780;4.14;0.25;362.19;22.32;1443;48;4378.00;287
11052;46;21227123;11052;668;12493;12780;4.16;0.25;362.30;22.32;1441;48;4379.00;287
11054;46;21227139;11054;660;12493;12780;4.20;0.26;362.38;22.32;1439;48;4380.00;287
11057;46;21227153;11057;651;12493;12780;4.20;0.26;362.46;22.32;1436;48;4381.00;287
11061;46;21227168;11061;652;12496;12784;4.19;0.26;362.54;22.32;1435;48;4382.00;288
11064;46;21227185;11064;650;12497;12785;4.16;0.26;362.64;22.31;1433;48;4383.00;288
11067;46;21227200;11067;652;12497;12785;4.16;0.26;362.70;22.31;1430;48;4384.00;288
11069;46;21227214;11069;657;12498;12786;4.18;0.26;362.75;22.31;1429;48;4385.00;288
11076;46;21227229;11076;658;12498;12786;4.15;0.26;362.96;22.31;1422;48;4386.00;288
11078;46;21227245;11078;653;12498;12786;4.15;0.26;362.98;22.31;1420;48;4387.00;288
11083;46;21227260;11083;652;12498;12786;4.16;0.26;362.93;22.31;1415;48;4388.00;288
11086;46;21227274;11086;650;12498;12786;4.16;0.26;362.97;22.31;1412;48;4389.00;288
11089;46;21227288;11089;640;12498;12786;4.17;0.26;363.05;22.31;1409;48;4390.00;288
11092;46;21227303;11092;643;12498;12786;4.21;0.26;363.08;22.31;1406;48;4391.00;288
11093;46;21227317;11093;642;12518;12856;4.38;0.27;363.06;22.28;1425;48;4392.00;338
11095;46;21227337;11095;640;12520;12857;4.41;0.27;363.14;22.27;1425;48;4393.00;337
11101;46;21227351;11101;643;12523;12857;4.44;0.27;363.30;22.27;1422;48;4394.00;334
11104;46;21227366;11104;642;12526;12857;4.48;0.28;363.31;22.26;1422;48;4395.00;331
11111;46;21227381;11111;643;12528;12857;4.47;0.27;363.31;22.26;1417;48;4396.00;329
11114;46;21227395;11114;649;12530;12857;4.49;0.28;363.34;22.26;1416;48;4397.00;327
11117;46;21227410;11117;650;12534;12857;4.49;0.27;363.40;22.25;1417;48;4398.00;323
11122;46;21227425;11122;658;12537;12857;4.46;0.27;363.44;22.25;1415;48;4399.00;320
11124;46;21227441;11124;660;12537;12858;4.46;0.27;363.46;22.25;1413;48;4400.00;321
11127;46;21227460;11127;666;12541;12859;4.46;0.27;363.50;22.25;1414;48;4401.00;318
11131;46;21227475;11131;671;12543;12859;4.45;0.27;363.60;22.24;1412;48;4402.00;316
11135;46;21227489;11135;671;12547;12863;4.44;0.27;363.61;22.24;1412;48;4403.00;316
11141;46;21227504;11141;678;12547;12863;4.38;0.27;363.82;22.24;1406;48;4404.00;316
11145;46;21227518;11145;681;12551;12863;4.35;0.27;363.79;22.23;1406;48;4405.00;312
11149;46;21227533;11149;685;12552;12863;4.34;0.26;363.82;22.23;1403;48;4406.00;311
11153;46;21227548;11153;689;12556;12869;4.28;0.26;363.78;22.23;1403;48;4407.00;313
11159;46;21227563;11159;690;12556;12869;4.23;0.26;363.81;22.23;1397;48;4408.00;313
11161;46;21227577;11161;687;12559;12869;4.19;0.26;363.80;22.23;1398;48;4409.00;310
11163;46;21227593;11163;694;12563;12875;4.18;0.25;363.85;22.22;1400;48;4410.00;312
11168;46;21227608;11168;699;12564;12875;4.11;0.25;363.96;22.22;1396;48;4411.00;311
11170;46;21227623;11170;700;12565;12875;4.08;0.25;363.94;22.21;1395;48;4412.00;310
11174;46;21227637;11174;704;12566;12876;4.01;0.24;364.15;22.21;1392;48;4413.00;310
11176;46;21227652;11176;704;12567;12877;3.95;0.24;364.17;22.21;1391;48;4414.00;310
11179;46;21227667;11179;711;12568;12877;3.89;0.24;364.23;22.21;1389;48;4415.00;309
11180;46;21227682;11180;720;12576;12890;3.92;0.24;364.20;22.20;1396;48;4416.00;314
11183;46;21227697;11183;723;12577;12890;3.90;0.24;364.20;22.20;1394;48;4417.00;313
11184;46;21227710;11184;733;12579;12890;3.85;0.23;364.22;22.20;1395;48;4418.00;311
11187;46;21227724;11187;739;12581;12891;3.83;0.23;364.26;22.20;1394;48;4419.00;310
11191;46;21227738;11191;743;12582;12891;3.73;0.23;364.33;22.20;1391;48;4420.00;309
11191;46;21227752;11191;754;12585;12895;3.74;0.23;364.33;22.19;1394;48;4421.00;310
11192;46;21227767;11192;750;12585;12895;3.70;0.22;364.39;22.19;1393;48;4422.00;310
11192;46;21227781;11192;743;12588;12899;3.71;0.23;364.39;22.19;1396;48;4423.00;311
11193;46;21227796;11193;734;12588;12899;3.70;0.22;364.42;22.19;1395;48;4424.00;311
11195;46;21227810;11195;733;12588;12899;3.70;0.22;364.42;22.19;1393;48;4425.00;311
11197;46;21227824;11197;729;12588;12899;3.69;0.22;364.51;22.19;1391;48;4426.00;311
11198;46;21227838;11198;728;12588;12899;3.69;0.22;364.49;22.19;1390;48;4427.00;311
11199;46;21227854;11199;724;12598;12911;3.79;0.23;364.51;22.17;1399;48;4428.00;313
11202;46;21227869;11202;716;12598;12911;3.79;0.23;364.52;22.17;1396;48;4429.00;313
11206;46;21227884;11206;714;12599;12911;3.82;0.23;364.67;22.17;1393;48;4430.00;312
11206;46;21227898;11206;705;12599;12911;3.84;0.23;364.67;22.17;1393;48;4431.00;312
11208;46;21227918;11208;698;12599;12911;3.86;0.23;364.67;22.17;1391;48;4432.00;312
11211;46;21227933;11211;690;12599;12911;3.89;0.24;364.67;22.17;1388;48;4433.00;312
11213;46;21227953;11213;679;12599;12912;3.93;0.24;364.72;22.17;1386;49;4434.00;313
11216;46;21227977;11216;675;12599;12912;3.95;0.24;364.64;22.17;1383;49;4435.00;313
11217;46;21227991;11217;674;12603;12918;4.00;0.24;364.62;22.16;1386;49;4436.00;315
11219;46;21228007;11219;672;12604;12919;4.01;0.24;364.62;22.16;1385;49;4437.00;315
11221;46;21228022;11221;684;12604;12919;4.03;0.24;364.60;22.16;1383;49;4438.00;315
11222;46;21228037;11222;686;12604;12919;4.03;0.24;364.61;22.16;1382;49;4439.00;315
11223;46;21228053;11223;690;12607;12924;4.06;0.25;364.61;22.15;1384;49;4440.00;317
11225;46;21228071;11225;699;12607;12924;4.05;0.25;364.60;22.15;1382;49;4441.00;317
11226;46;21228086;11226;690;12607;12924;4.09;0.25;364.59;22.15;1381;49;4442.00;317
11230;46;21228101;11230;696;12608;12925;4.08;0.25;364.62;22.15;1378;49;4443.00;317
11230;46;21228116;11230;697;12611;12929;4.11;0.25;364.62;22.15;1381;49;4444.00;318
11233;46;21228131;11233;697;12611;12929;4.12;0.25;364.57;22.15;1378;49;4445.00;318
11233;46;21228146;11233;694;12613;12932;4.16;0.25;364.57;22.14;1380;49;4446.00;319
11237;46;21228161;11237;697;12613;12932;4.12;0.25;364.56;22.14;1376;49;4447.00;319
11238;46;21228176;11238;695;12614;12932;4.11;0.25;364.63;22.14;1376;49;4448.00;318
11238;46;21228190;11238;696;12614;12932;4.12;0.25;364.63;22.14;1376;49;4449.00;318
11240;46;21228204;11240;691;12617;12936;4.12;0.25;364.58;22.14;1377;49;4450.00;319
11243;46;21228219;11243;694;12617;12936;4.08;0.25;364.56;22.14;1374;49;4451.00;319
11245;46;21228233;11245;704;12617;12936;4.05;0.25;364.50;22.14;1372;49;4452.00;319
11246;46;21228248;11246;704;12617;12936;4.03;0.24;364.57;22.14;1371;49;4453.00;319
11248;46;21228261;11248;701;12617;12937;4.00;0.24;364.59;22.14;1369;49;4454.00;320
11250;46;21228275;11250;700;12619;12939;3.96;0.24;364.54;22.13;1369;49;4455.00;320
11251;46;21228290;11251;695;12619;12939;3.95;0.24;364.51;22.13;1368;49;4456.00;320
11253;46;21228303;11253;688;12620;12940;3.91;0.24;364.54;22.13;1367;49;4457.00;320
11255;46;21228318;11255;688;12620;12940;3.87;0.23;364.65;22.13;1365;49;4458.00;320
11256;46;21228331;11256;690;12620;12940;3.85;0.23;364.63;22.13;1364;49;4459.00;320
11257;46;21228345;11257;682;12620;12940;3.84;0.23;364.64;22.13;1363;49;4460.00;320
11259;46;21228359;11259;687;12620;12940;3.83;0.23;364.61;22.13;1361;49;4461.00;320
11260;46;21228372;11260;685;12620;12940;3.85;0.23;364.59;22.13;1360;49;4462.00;320
11260;46;21228386;11260;665;12620;12940;3.90;0.24;364.59;22.13;1360;49;4463.00;320
11262;46;21228399;11262;672;12680;13067;4.17;0.26;364.56;22.03;1418;49;4464.00;387
11262;46;21228422;11262;657;12680;13068;4.21;0.26;364.56;22.03;1418;49;4465.00;388
11264;46;21228436;11264;637;12688;13068;4.34;0.27;364.51;22.01;1424;49;4466.00;380
11264;46;21228451;11264;622;12691;13068;4.42;0.27;364.51;22.01;1427;49;4467.00;377
11265;46;21228466;11265;610;12696;13068;4.48;0.28;364.59;22.00;1431;49;4468.00;372
11267;46;21228481;11267;602;12698;13068;4.51;0.28;364.57;22.00;1431;49;4469.00;370
11267;46;21228504;11267;586;12700;13068;4.55;0.28;364.57;22.00;1433;49;4470.00;368
11269;46;21228520;11269;585;12703;13068;4.59;0.28;364.58;21.99;1434;49;4471.00;365
11272;46;21228535;11272;572;12705;13069;4.66;0.29;364.57;21.99;1433;49;4472.00;364
11275;46;21228551;11275;572;12709;13070;4.65;0.28;364.57;21.99;1434;49;4473.00;361
11277;46;21228567;11277;569;12712;13070;4.64;0.28;364.58;21.98;1435;49;4474.00;358
11279;46;21228587;11279;562;12715;13071;4.64;0.28;364.56;21.98;1436;49;4475.00;356
11280;46;21228610;11280;554;12718;13071;4.65;0.28;364.56;21.98;1438;49;4476.00;353
11284;46;21228625;11284;553;12720;13071;4.66;0.29;364.54;21.98;1436;49;4477.00;351
11286;46;21228640;11286;548;12720;13071;4.61;0.28;364.55;21.98;1434;49;4478.00;351
11287;46;21228656;11287;549;12723;13075;4.62;0.28;364.54;21.97;1436;49;4479.00;352
11292;46;21228677;11292;545;12727;13075;4.56;0.28;364.49;22.11;1435;49;4480.00;348
11294;46;21228696;11294;548;12728;13075;4.55;0.28;364.56;22.11;1434;49;4481.00;347
11295;46;21228712;11295;536;12731;13078;4.54;0.28;364.63;22.11;1436;49;4482.00;347
11296;46;21228727;11296;534;12731;13078;4.52;0.28;364.62;22.11;1435;49;4483.00;347
11298;46;21228743;11298;526;12733;13078;4.49;0.27;364.59;22.12;1435;49;4484.00;345
11299;46;21228760;11299;529;12736;13082;4.50;0.28;364.57;22.11;1437;49;4485.00;346
11299;46;21228776;11299;522;12739;13083;4.58;0.28;364.57;22.11;1440;49;4486.00;344
11301;46;21228792;11301;519;12741;13083;4.62;0.28;364.54;22.11;1440;49;4487.00;342
11304;46;21228808;11304;513;12743;13087;4.66;0.28;364.47;22.11;1439;49;4488.00;344
11306;46;21228824;11306;505;12743;13087;4.71;0.29;364.51;22.11;1437;49;4489.00;344
11307;46;21228840;11307;507;12743;13087;4.76;0.29;364.48;22.11;1436;49;4490.00;344
11309;46;21228855;11309;510;12744;13088;4.83;0.29;364.50;22.10;1435;49;4491.00;344
11310;46;21228871;11310;514;12744;13088;4.82;0.29;364.47;22.10;1434;49;4492.00;344
11312;46;21228887;11312;511;12748;13094;4.84;0.29;364.46;22.10;1436;49;4493.00;346
11316;46;21228904;11316;497;12748;13094;4.81;0.29;364.59;22.10;1432;49;4494.00;346
11318;46;21228919;11318;504;12748;13095;4.80;0.29;364.61;22.10;1430;49;4495.00;347
11320;46;21228935;11320;508;12748;13095;4.79;0.29;364.55;22.10;1428;49;4496.00;347
11322;46;21228951;11322;510;12749;13095;4.81;0.29;364.68;22.11;1427;49;4497.00;346
11326;46;21228967;11326;512;12750;13095;4.82;0.29;364.74;22.12;1424;49;4498.00;345
11328;46;21228982;11328;517;12752;13095;4.82;0.29;364.74;22.13;1424;49;4499.00;343
11329;46;21229000;11329;527;12772;13145;4.87;0.30;364.78;22.10;1443;49;4500.00;373
11330;46;21229025;11330;523;12773;13147;4.88;0.30;364.76;22.11;1443;49;4501.00;374
11332;46;21229042;11332;534;12780;13147;4.91;0.30;364.76;22.12;1448;49;4502.00;367
11336;46;21229058;11336;545;12780;13147;4.89;0.30;364.85;22.12;1444;49;4503.00;367
11339;46;21229075;11339;546;12782;13147;4.88;0.30;364.86;22.13;1443;49;4504.00;365
11342;46;21229092;11342;550;12785;13147;4.86;0.30;364.90;22.21;1443;49;4505.00;362
11344;46;21229108;11344;551;12789;13151;4.86;0.30;364.96;22.29;1445;49;4506.00;362
11347;46;21229124;11347;551;12794;13151;4.87;0.30;364.97;22.29;1447;49;4507.00;357
11347;46;21229140;11347;560;12800;13155;4.90;0.30;364.97;22.36;1453;49;4508.00;355
11351;46;21229156;11351;564;12803;13156;4.85;0.29;364.97;22.43;1452;49;4509.00;353
11355;46;21229174;11355;570;12806;13156;4.79;0.29;365.07;22.44;1451;49;4510.00;350
11357;46;21229191;11357;577;12808;13156;4.78;0.29;365.17;22.58;1451;49;4511.00;348
11360;46;21229207;11360;581;12820;13169;4.74;0.29;365.18;22.58;1460;49;4512.00;349
11361;46;21229225;11361;581;12822;13169;4.73;0.29;365.29;22.72;1461;49;4513.00;347
11363;46;21229241;11363;578;12823;13169;4.69;0.29;365.35;22.72;1460;49;4514.00;346
11364;46;21229257;11364;577;12828;13170;4.69;0.29;365.34;22.86;1464;49;4515.00;342
11367;46;21229273;11367;580;12829;13171;4.68;0.28;365.40;22.87;1462;49;4516.00;342
11369;46;21229290;11369;583;12831;13171;4.68;0.28;365.41;22.87;1462;49;4517.00;340
11370;46;21229306;11370;581;12835;13174;4.67;0.28;365.47;22.94;1465;49;4518.00;339
11371;46;21229323;11371;584;12838;13174;4.64;0.28;365.50;23.02;1467;49;4519.00;336
11372;46;21229339;11372;587;12841;13174;4.61;0.28;365.49;23.02;1469;49;4520.00;333
11374;46;21229360;11374;597;12841;13174;4.59;0.28;365.59;23.02;1467;49;4521.00;333
11376;46;21229375;11376;598;12846;13180;4.56;0.28;365.72;23.01;1470;49;4522.00;334
11377;46;21229393;11377;599;12850;13180;4.50;0.27;365.82;23.22;1473;49;4523.00;330
11377;46;21229408;11377;602;12854;13180;4.49;0.27;365.82;23.23;1477;49;4524.00;326
11379;46;21229424;11379;601;12857;13180;4.49;0.28;365.94;23.43;1478;49;4525.00;323
11383;46;21229440;11383;595;12863;13184;4.48;0.27;365.98;23.43;1480;49;4526.00;321
11385;46;21229456;11385;591;12865;13185;4.51;0.28;366.06;23.43;1480;49;4527.00;320
11387;46;21229473;11387;584;12870;13185;4.54;0.28;366.08;23.62;1483;49;4528.00;315
11389;46;21229489;11389;576;12872;13186;4.56;0.28;366.07;23.62;1483;49;4529.00;314
11391;46;21229507;11391;579;12874;13186;4.58;0.28;366.09;23.69;1483;49;4530.00;312
11396;46;21229524;11396;577;12875;13186;4.60;0.28;366.30;23.75;1479;49;4531.00;311
11398;46;21229541;11398;579;12876;13186;4.61;0.28;366.26;23.75;1478;49;4532.00;310
11401;46;21229557;11401;575;12878;13186;4.65;0.28;366.36;23.88;1477;49;4533.00;308
11405;46;21229574;11405;578;12879;13186;4.69;0.29;366.43;23.88;1474;49;4534.00;307
11407;46;21229590;11407;589;12881;13186;4.73;0.29;366.44;23.95;1474;49;4535.00;305
11413;46;21229611;11413;594;12919;13256;4.80;0.29;366.57;24.02;1506;49;4536.00;337
11416;46;21229634;11416;591;12922;13257;4.76;0.29;366.67;24.08;1506;49;4537.00;335
11418;46;21229650;11418;589;12930;13257;4.81;0.29;366.66;24.13;1512;49;4538.00;327
11423;46;21229666;11423;595;12936;13257;4.76;0.29;366.82;24.19;1513;49;4539.00;321
11426;46;21229682;11426;596;12938;13257;4.71;0.29;366.89;24.19;1512;49;4540.00;319
11429;46;21229701;11429;605;12943;13257;4.66;0.28;367.00;24.24;1514;49;4541.00;314
11431;46;21229717;11431;607;12947;13257;4.64;0.28;367.07;24.24;1516;49;4542.00;310
11436;46;21229733;11436;621;12952;13257;4.53;0.28;367.10;24.35;1516;49;4543.00;305
11440;46;21229748;11440;630;12956;13258;4.47;0.27;367.20;24.35;1516;49;4544.00;302
11445;46;21229765;11445;639;12962;13260;4.37;0.27;367.19;24.47;1517;49;4545.00;298
11450;46;21229783;11450;635;12963;13260;4.27;0.26;367.21;24.47;1513;49;4546.00;297
11453;46;21229799;11453;640;12965;13264;4.18;0.26;367.27;24.47;1512;49;4547.00;299
11457;46;21229815;11457;651;12968;13264;4.08;0.25;367.23;24.58;1511;49;4548.00;296
11461;46;21229830;11461;656;12968;13264;4.00;0.24;367.34;24.58;1507;49;4549.00;296
11466;46;21229845;11466;648;12968;13264;3.99;0.24;367.42;24.58;1502;49;4550.00;296
11468;46;21229861;11468;657;12973;13270;4.02;0.25;367.52;24.64;1505;49;4551.00;297
11471;46;21229877;11471;662;12974;13270;4.01;0.25;367.57;24.64;1503;49;4552.00;296
11473;46;21229892;11473;656;12974;13270;4.00;0.25;367.60;24.64;1501;49;4553.00;296
11477;46;21229909;11477;660;12975;13273;3.99;0.25;367.70;24.64;1498;49;4554.00;298
11477;46;21229925;11477;651;12976;13273;3.96;0.24;367.70;24.64;1499;49;4555.00;297
11480;46;21229945;11480;652;12976;13273;3.94;0.24;367.69;24.64;1496;49;4556.00;297
11485;46;21229961;11485;647;12976;13274;3.92;0.24;367.71;24.64;1491;49;4557.00;298
11489;46;21229977;11489;650;12977;13275;3.90;0.24;367.75;24.64;1488;49;4558.00;298
11492;46;21229993;11492;652;12978;13275;3.87;0.24;367.69;24.64;1486;49;4559.00;297
11497;46;21230010;11497;663;12995;13301;3.90;0.24;367.78;24.60;1498;49;4560.00;306
11501;46;21230028;11501;666;12997;13301;3.84;0.24;367.86;24.60;1496;49;4561.00;304
11505;46;21230044;11505;666;12998;13301;3.82;0.23;368.03;24.60;1493;49;4562.00;303
11509;46;21230059;11509;671;12998;13302;3.81;0.23;368.12;24.60;1489;49;4563.00;304
11515;46;21230076;11515;671;12998;13302;3.79;0.23;368.20;24.60;1483;49;4564.00;304
11518;46;21230092;11518;679;13001;13306;3.81;0.23;368.26;24.59;1483;49;4565.00;305
11524;46;21230108;11524;689;13003;13306;3.80;0.23;368.37;24.59;1479;49;4566.00;303
11526;46;21230122;11526;686;13005;13310;3.79;0.23;368.52;24.59;1479;49;4567.00;305
11531;46;21230138;11531;694;13006;13310;3.77;0.23;368.59;24.59;1475;49;4568.00;304
11536;46;21230152;11536;693;13006;13310;3.73;0.23;368.77;24.59;1470;49;4569.00;304
11539;46;21230167;11539;701;13008;13310;3.68;0.23;368.81;24.59;1469;49;4570.00;302
11543;46;21230183;11543;697;13010;13310;3.63;0.22;368.84;24.58;1467;49;4571.00;300
11545;46;21230197;11545;718;13019;13322;3.63;0.22;368.84;24.57;1474;49;4572.00;303
11549;46;21230213;11549;716;13022;13322;3.55;0.22;368.82;24.56;1473;49;4573.00;300
11551;46;21230228;11551;719;13022;13322;3.51;0.22;368.89;24.56;1471;49;4574.00;300
11554;46;21230243;11554;729;13023;13322;3.45;0.21;368.93;24.56;1469;49;4575.00;299
11557;46;21230257;11557;725;13023;13322;3.39;0.21;368.94;24.56;1466;49;4576.00;299
11562;46;21230272;11562;738;13023;13322;3.33;0.20;368.93;24.56;1461;49;4577.00;299
11563;46;21230286;11563;751;13023;13323;3.29;0.20;368.94;24.56;1460;49;4578.00;300
11566;46;21230303;11566;756;13023;13323;3.26;0.20;368.94;24.56;1457;49;4579.00;300
11569;46;21230318;11569;763;13028;13329;3.28;0.20;368.95;24.55;1459;49;4580.00;301
11570;46;21230333;11570;766;13029;13330;3.28;0.20;368.96;24.55;1459;49;4581.00;301
11577;46;21230347;11577;769;13029;13330;3.22;0.20;369.00;24.55;1452;49;4582.00;301
11581;46;21230362;11581;765;13030;13330;3.20;0.20;369.01;24.62;1449;49;4583.00;300
11585;46;21230377;11585;762;13033;13334;3.19;0.20;369.02;24.62;1448;49;4584.00;301
11588;46;21230392;11588;760;13033;13334;3.17;0.20;369.06;24.62;1445;49;4585.00;301
11591;46;21230406;11591;755;13033;13334;3.14;0.19;369.08;24.62;1442;49;4586.00;301
11593;46;21230420;11593;763;13034;13335;3.14;0.20;369.09;24.62;1441;49;4587.00;301
11595;46;21230435;11595;762;13037;13339;3.12;0.19;369.12;24.61;1442;49;4588.00;302
11597;46;21230449;11597;773;13037;13339;3.09;0.19;369.19;24.61;1440;49;4589.00;302
11599;46;21230465;11599;779;13041;13345;3.11;0.19;369.19;24.60;1442;49;4590.00;304
11608;46;21230479;11608;781;13042;13345;3.05;0.19;369.24;24.60;1434;49;4591.00;303
11610;46;21230493;11610;785;13043;13345;3.02;0.19;369.29;24.60;1433;49;4592.00;302
11612;46;21230507;11612;780;13043;13345;2.99;0.19;369.34;24.60;1431;49;4593.00;302
11615;46;21230521;11615;782;13047;13349;2.99;0.19;369.29;24.59;1432;49;4594.00;302
11621;46;21230535;11621;800;13047;13349;2.94;0.18;369.32;24.59;1426;49;4595.00;302
11623;46;21230548;11623;796;13047;13349;2.91;0.18;369.34;24.59;1424;49;4596.00;302
11628;46;21230562;11628;784;13047;13349;2.90;0.18;369.40;24.59;1419;49;4597.00;302
11631;46;21230576;11631;780;13047;13350;2.89;0.18;369.44;24.59;1416;49;4598.00;303
11636;46;21230590;11636;780;13048;13351;2.87;0.18;369.34;24.59;1412;49;4599.00;303
11638;46;21230604;11638;776;13048;13351;2.89;0.18;369.31;24.59;1410;49;4600.00;303
11643;46;21230622;11643;775;13049;13352;2.88;0.18;369.30;24.59;1406;49;4601.00;303
11644;46;21230637;11644;773;13049;13352;2.88;0.18;369.29;24.59;1405;49;4602.00;303
11645;46;21230652;11645;768;13049;13352;2.89;0.18;369.26;24.59;1404;49;4603.00;303
11646;46;21230669;11646;772;13049;13352;2.91;0.18;369.23;24.59;1403;49;4604.00;303
11647;46;21230683;11647;774;13049;13352;2.93;0.18;369.22;24.59;1402;49;4605.00;303
11650;46;21230703;11650;772;13049;13352;2.90;0.18;369.34;24.59;1399;49;4606.00;303
11655;46;21230716;11655;763;13049;13352;2.88;0.18;369.35;24.59;1394;49;4607.00;303
11656;46;21230730;11656;765;13117;13479;3.20;0.20;369.34;24.46;1461;49;4608.00;362
11656;46;21230755;11656;758;13117;13480;3.24;0.20;369.34;24.46;1461;49;4609.00;363
11658;46;21230769;11658;754;13124;13480;3.34;0.21;369.38;24.45;1466;49;4610.00;356
11659;46;21230785;11659;746;13124;13480;3.37;0.21;369.36;24.45;1465;49;4611.00;356
11659;46;21230800;11659;750;13129;13480;3.46;0.21;369.36;24.44;1470;49;4612.00;351
11662;46;21230814;11662;749;13132;13480;3.51;0.22;369.29;24.44;1470;49;4613.00;348
11662;46;21230830;11662;746;13134;13480;3.58;0.22;369.29;24.43;1472;49;4614.00;346
11663;46;21230845;11663;746;13137;13480;3.65;0.22;369.29;24.43;1474;49;4615.00;343
11666;46;21230862;11666;742;13139;13481;3.66;0.22;369.33;24.43;1473;49;4616.00;342
11666;46;21230877;11666;748;13143;13482;3.67;0.23;369.33;24.42;1477;49;4617.00;339
11667;46;21230892;11667;744;13145;13482;3.67;0.22;369.32;24.42;1478;49;4618.00;337
11669;46;21230909;11669;738;13147;13483;3.67;0.22;369.39;24.42;1478;49;4619.00;336
11669;46;21230926;11669;725;13149;13483;3.70;0.23;369.39;24.42;1480;49;4620.00;334
11670;46;21230942;11670;715;13151;13483;3.74;0.23;369.38;24.42;1481;49;4621.00;332
11671;46;21230958;11671;709;13152;13483;3.81;0.23;369.38;24.41;1481;49;4622.00;331
11671;46;21230974;11671;702;13156;13487;3.89;0.24;369.38;24.41;1485;49;4623.00;331
11671;46;21230992;11671;697;13158;13487;3.99;0.24;369.38;24.41;1487;49;4624.00;329
11672;46;21231009;11672;693;13160;13487;4.05;0.25;369.38;24.41;1488;49;4625.00;327
11672;46;21231025;11672;681;13163;13490;4.13;0.25;369.38;24.41;1491;49;4626.00;327
11673;46;21231054;11673;679;13164;13490;4.22;0.26;369.37;24.41;1491;49;4627.00;326
11674;46;21231074;11674;676;13165;13490;4.28;0.26;369.37;24.40;1491;49;4628.00;325
11676;46;21231093;11676;673;13170;13494;4.38;0.27;369.42;24.40;1494;49;4629.00;324
11677;46;21231110;11677;663;13172;13495;4.44;0.27;369.39;24.39;1495;49;4630.00;323
11678;46;21231134;11678;662;13173;13495;4.47;0.27;369.38;24.39;1495;49;4631.00;322
11680;46;21231151;11680;657;13175;13499;4.52;0.27;369.39;24.39;1495;49;4632.00;324
11681;46;21231169;11681;655;13177;13499;4.55;0.28;369.36;24.39;1496;49;4633.00;322
11681;46;21231187;11681;663;13177;13499;4.56;0.28;369.36;24.39;1496;49;4634.00;322
11682;46;21231203;11682;669;13179;13501;4.55;0.28;369.35;24.38;1497;49;4635.00;322
11684;46;21231220;11684;676;13179;13501;4.53;0.28;369.31;24.38;1495;49;4636.00;322
11686;46;21231237;11686;679;13183;13507;4.53;0.27;369.28;24.38;1497;49;4637.00;324
11689;46;21231259;11689;681;13183;13507;4.48;0.27;369.32;24.38;1494;49;4638.00;324
11689;46;21231276;11689;683;13183;13508;4.50;0.27;369.32;24.38;1494;49;4639.00;325
11692;46;21231293;11692;687;13183;13508;4.47;0.27;369.35;24.38;1491;49;4640.00;325
11693;46;21231310;11693;686;13183;13508;4.47;0.27;369.33;24.38;1490;49;4641.00;325
11695;46;21231326;11695;689;13183;13508;4.48;0.27;369.43;24.38;1488;49;4642.00;325
11698;46;21231344;11698;683;13183;13508;4.51;0.27;369.43;24.38;1485;49;4643.00;325
11701;46;21231362;11701;674;13193;13520;4.56;0.28;369.45;24.36;1492;49;4644.00;327
11702;46;21231379;11702;669;13193;13520;4.55;0.28;369.45;24.36;1491;49;4645.00;327
11706;46;21231396;11706;666;13194;13520;4.55;0.28;369.45;24.36;1488;49;4646.00;326
11708;46;21231414;11708;658;13194;13520;4.54;0.28;369.48;24.36;1486;49;4647.00;326
11709;46;21231431;11709;663;13194;13520;4.58;0.28;369.49;24.36;1485;49;4648.00;326
11714;46;21231447;11714;659;13194;13520;4.59;0.28;369.46;24.36;1480;49;4649.00;326
11717;46;21231466;11717;662;13199;13526;4.57;0.28;369.45;24.35;1482;49;4650.00;327
11722;46;21231483;11722;649;13199;13526;4.55;0.28;369.44;24.35;1477;49;4651.00;327
11728;46;21231552;11728;644;13202;13530;4.60;0.28;369.45;24.34;1474;49;4652.00;328
11730;46;21231586;11730;639;13203;13531;4.59;0.28;369.44;24.34;1473;49;4653.00;328
11732;46;21231603;11732;631;13203;13531;4.59;0.28;369.41;24.34;1471;49;4654.00;328
11734;46;21231620;11734;624;13204;13531;4.55;0.28;369.46;24.41;1470;49;4655.00;327
11738;46;21231639;11738;623;13213;13544;4.51;0.27;369.50;24.39;1475;49;4656.00;331
11740;46;21231657;11740;609;13213;13544;4.49;0.27;369.50;24.39;1473;49;4657.00;331
11745;46;21231675;11745;605;13215;13544;4.47;0.27;369.55;24.47;1470;49;4658.00;329
11748;46;21231692;11748;604;13216;13545;4.48;0.27;369.54;24.47;1468;49;4659.00;329
11749;46;21231709;11749;605;13216;13546;4.48;0.27;369.62;24.47;1467;49;4660.00;330
11752;46;21231725;11752;600;13216;13546;4.50;0.27;369.69;24.47;1464;49;4661.00;330
11754;46;21231742;11754;593;13218;13549;4.54;0.27;369.76;24.47;1464;49;4662.00;331
11757;46;21231758;11757;597;13219;13549;4.54;0.28;369.80;24.47;1462;49;4663.00;330
11761;46;21231775;11761;587;13219;13549;4.52;0.27;369.75;24.47;1458;49;4664.00;330
11762;46;21231792;11762;585;13219;13549;4.53;0.27;369.72;24.47;1457;49;4665.00;330
11767;46;21231809;11767;578;13223;13555;4.60;0.28;369.77;24.46;1456;49;4666.00;332
11769;46;21231825;11769;578;13223;13555;4.59;0.28;369.76;24.46;1454;49;4667.00;332
11772;46;21231842;11772;579;13224;13555;4.57;0.28;369.94;24.52;1452;49;4668.00;331
11774;46;21231858;11774;581;13224;13555;4.59;0.28;369.90;24.52;1450;49;4669.00;331
11774;46;21231874;11774;585;13227;13559;4.58;0.28;369.90;24.52;1453;49;4670.00;332
11774;46;21231890;11774;592;13228;13560;4.61;0.28;369.90;24.52;1454;49;4671.00;332
11779;46;21231906;11779;600;13229;13560;4.55;0.28;369.90;24.52;1450;49;4672.00;331
11781;46;21231924;11781;603;13231;13561;4.54;0.27;369.95;24.52;1450;49;4673.00;330
11782;46;21231940;11782;605;13232;13561;4.54;0.27;369.99;24.52;1450;49;4674.00;329
11784;46;21231955;11784;604;13234;13561;4.53;0.27;370.02;24.52;1450;49;4675.00;327
11788;46;21231971;11788;609;13234;13561;4.47;0.27;369.99;24.52;1446;49;4676.00;327
11789;46;21231987;11789;611;13237;13561;4.44;0.27;370.09;24.59;1448;49;4677.00;324
11789;46;21232002;11789;616;13237;13561;4.43;0.27;370.09;24.59;1448;49;4678.00;324
11790;46;21232017;11790;610;13239;13561;4.42;0.27;370.12;24.59;1449;49;4679.00;322
11793;46;21232035;11793;620;13296;13686;4.63;0.29;370.23;24.55;1503;49;4680.00;390
11795;46;21232065;11795;612;13299;13687;4.67;0.29;370.31;24.62;1504;49;4681.00;388
11799;46;21232088;11799;603;13308;13687;4.73;0.29;370.45;24.60;1509;49;4682.00;379
11801;46;21232109;11801;600;13313;13687;4.77;0.29;370.46;24.67;1512;49;4683.00;374
11804;46;21232127;11804;597;13319;13687;4.77;0.29;370.55;24.66;1515;49;4684.00;368
11807;46;21232143;11807;602;13323;13687;4.75;0.29;370.58;24.80;1516;49;4685.00;364
11810;46;21232165;11810;599;13329;13687;4.74;0.29;370.57;24.79;1519;49;4686.00;358
11815;46;21232182;11815;600;13333;13687;4.69;0.29;370.74;24.86;1518;49;4687.00;354
11818;46;21232198;11818;600;13341;13688;4.70;0.29;370.82;24.92;1523;49;4688.00;347
11823;46;21232215;11823;605;13344;13689;4.67;0.29;370.80;24.99;1521;49;4689.00;345
11824;46;21232257;11824;605;13350;13689;4.65;0.29;370.78;25.05;1526;49;4690.00;339
11827;46;21232278;11827;596;13356;13693;4.61;0.28;370.87;25.11;1529;49;4691.00;337
11831;46;21232296;11831;601;13356;13693;4.59;0.28;371.01;25.11;1525;49;4692.00;337
11833;46;21232314;11833;606;13358;13693;4.55;0.28;371.09;25.18;1525;49;4693.00;335
11836;46;21232330;11836;611;13359;13693;4.51;0.28;371.08;25.18;1523;49;4694.00;334
11836;46;21232347;11836;607;13364;13699;4.56;0.28;371.08;25.24;1528;49;4695.00;335
11836;46;21232364;11836;611;13366;13699;4.54;0.28;371.08;25.24;1530;49;4696.00;333
11838;46;21232381;11838;618;13367;13699;4.51;0.28;371.15;25.31;1529;49;4697.00;332
11839;46;21232398;11839;615;13370;13702;4.48;0.27;371.17;25.38;1531;49;4698.00;332
11841;46;21232414;11841;612;13372;13702;4.46;0.27;371.22;25.44;1531;49;4699.00;330
11845;46;21232432;11845;605;13372;13702;4.40;0.27;371.41;25.44;1527;49;4700.00;330
11848;46;21232453;11848;598;13372;13703;4.35;0.27;371.43;25.44;1524;49;4701.00;331
11850;46;21232470;11850;598;13376;13704;4.35;0.27;371.49;25.58;1526;49;4702.00;328
11851;46;21232486;11851;594;13377;13704;4.37;0.27;371.54;25.65;1526;49;4703.00;327
11852;46;21232502;11852;599;13387;13717;4.41;0.27;371.52;25.70;1535;49;4704.00;330
11858;46;21232522;11858;594;13388;13717;4.42;0.27;371.56;25.69;1530;49;4705.00;329
11861;46;21232539;11861;604;13390;13717;4.41;0.27;371.55;25.83;1529;49;4706.00;327
11862;46;21232556;11862;601;13391;13718;4.40;0.27;371.53;25.83;1529;49;4707.00;327
11866;46;21232572;11866;602;13391;13718;4.40;0.27;371.68;25.83;1525;49;4708.00;327
11868;46;21232589;11868;595;13398;13722;4.44;0.27;371.77;25.95;1530;49;4709.00;324
11869;46;21232607;11869;602;13398;13722;4.43;0.27;371.76;25.95;1529;49;4710.00;324
11870;46;21232623;11870;607;13403;13726;4.40;0.27;371.84;26.08;1533;49;4711.00;323
11875;46;21232640;11875;604;13403;13726;4.37;0.27;371.95;26.08;1528;49;4712.00;323
11877;46;21232656;11877;610;13403;13726;4.33;0.26;372.02;26.08;1526;49;4713.00;323
11880;46;21232672;11880;611;13405;13726;4.25;0.26;372.02;26.21;1525;49;4714.00;321
11882;46;21232688;11882;617;13405;13726;4.14;0.25;372.07;26.21;1523;49;4715.00;321
11886;46;21232707;11886;617;13417;13738;4.11;0.25;372.05;26.32;1531;49;4716.00;321
11890;46;21232723;11890;621;13417;13738;4.04;0.25;372.03;26.32;1527;49;4717.00;321
11892;46;21232738;11892;620;13420;13738;3.96;0.24;372.00;26.44;1528;49;4718.00;318
11894;46;21232754;11894;619;13420;13738;3.93;0.24;371.99;26.44;1526;49;4719.00;318
11898;46;21232769;11898;631;13422;13738;3.85;0.24;372.10;26.57;1524;49;4720.00;316
11899;46;21232784;11899;632;13422;13738;3.81;0.23;372.13;26.57;1523;49;4721.00;316
11905;46;21232798;11905;648;13422;13739;3.70;0.23;372.20;26.57;1517;49;4722.00;317
11912;46;21232814;11912;652;13422;13739;3.58;0.22;372.24;26.57;1510;49;4723.00;317
11914;46;21232829;11914;653;13427;13745;3.57;0.22;372.25;26.56;1513;49;4724.00;318
11918;46;21232843;11918;643;13429;13747;3.51;0.22;372.30;26.56;1511;49;4725.00;318
11920;46;21232859;11920;641;13429;13747;3.49;0.22;372.32;26.56;1509;49;4726.00;318
11924;46;21232875;11924;647;13429;13747;3.46;0.21;372.32;26.56;1505;49;4727.00;318
11928;46;21232889;11928;642;13432;13751;3.44;0.21;372.42;26.55;1504;49;4728.00;319
11931;46;21232904;11931;659;13432;13751;3.40;0.21;372.49;26.55;1501;49;4729.00;319
11934;46;21232918;11934;657;13432;13751;3.37;0.21;372.69;26.55;1498;49;4730.00;319
11939;46;21232933;11939;652;13433;13752;3.33;0.21;372.87;26.55;1494;49;4731.00;319
11941;46;21232948;11941;637;13436;13756;3.32;0.20;372.95;26.54;1495;49;4732.00;320
11944;46;21232963;11944;623;13436;13756;3.25;0.20;373.01;26.54;1492;49;4733.00;320
11947;46;21232978;11947;621;13438;13759;3.24;0.20;373.11;26.54;1491;49;4734.00;321
11947;46;21232993;11947;627;13438;13759;3.22;0.20;373.11;26.54;1491;49;4735.00;321
11950;46;21233007;11950;623;13439;13759;3.20;0.20;373.22;26.54;1489;49;4736.00;320
11955;46;21233022;11955;614;13439;13759;3.18;0.20;373.23;26.54;1484;49;4737.00;320
11958;46;21233037;11958;626;13443;13763;3.20;0.20;373.26;26.53;1485;49;4738.00;320
11963;46;21233053;11963;627;13443;13763;3.16;0.19;373.37;26.53;1480;49;4739.00;320
11968;46;21233070;11968;635;13443;13763;3.12;0.19;373.37;26.53;1475;49;4740.00;320
11970;46;21233085;11970;631;13443;13763;3.11;0.19;373.34;26.53;1473;49;4741.00;320
11975;46;21233100;11975;635;13443;13764;3.08;0.19;373.43;26.53;1468;49;4742.00;321
11979;46;21233115;11979;640;13444;13765;3.08;0.19;373.48;26.53;1465;49;4743.00;321
11982;46;21233130;11982;640;13444;13765;3.08;0.19;373.47;26.53;1462;49;4744.00;321
11987;46;21233145;11987;639;13445;13766;3.04;0.19;373.46;26.52;1458;49;4745.00;321
11990;46;21233159;11990;645;13445;13766;2.98;0.18;373.43;26.52;1455;49;4746.00;321
11995;46;21233174;11995;646;13445;13766;2.97;0.18;373.46;26.52;1450;49;4747.00;321
12001;46;21233189;12001;648;13445;13766;2.94;0.18;373.45;26.52;1444;49;4748.00;321
12005;46;21233204;12005;638;13445;13766;2.95;0.18;373.45;26.52;1440;49;4749.00;321
12008;46;21233219;12008;640;13445;13766;2.93;0.18;373.48;26.52;1437;49;4750.00;321
12010;46;21233233;12010;644;13445;13766;2.92;0.18;373.46;26.52;1435;49;4751.00;321
12014;46;21233247;12014;671;13511;13893;3.24;0.20;373.43;26.40;1497;49;4752.00;382
12018;46;21233272;12018;670;13514;13894;3.21;0.20;373.37;26.39;1496;49;4753.00;380
12021;46;21233287;12021;661;13519;13894;3.22;0.20;373.34;26.38;1498;49;4754.00;375
12025;46;21233302;12025;660;13523;13894;3.25;0.20;373.33;26.37;1498;49;4755.00;371
12029;46;21233317;12029;655;13528;13894;3.26;0.20;373.27;26.37;1499;49;4756.00;366
12032;46;21233332;12032;660;13531;13894;3.28;0.21;373.31;26.36;1499;49;4757.00;363
12035;46;21233347;12035;656;13534;13894;3.24;0.20;373.29;26.36;1499;49;4758.00;360
12037;46;21233361;12037;656;13538;13894;3.25;0.20;373.33;26.35;1501;49;4759.00;356
12042;46;21233376;12042;658;13539;13895;3.22;0.20;373.29;26.35;1497;49;4760.00;356
12043;46;21233392;12043;663;13542;13896;3.22;0.20;373.34;26.35;1499;49;4761.00;354
12045;46;21233406;12045;667;13542;13896;3.18;0.20;373.34;26.35;1497;49;4762.00;354
12050;46;21233421;12050;666;13544;13897;3.17;0.20;373.34;26.34;1494;49;4763.00;353
12050;46;21233436;12050;674;13547;13897;3.18;0.20;373.34;26.34;1497;49;4764.00;350
12050;46;21233450;12050;682;13549;13897;3.24;0.20;373.34;26.34;1499;49;4765.00;348
12053;46;21233464;12053;682;13550;13897;3.28;0.21;373.35;26.34;1497;49;4766.00;347
12055;46;21233479;12055;671;13553;13901;3.31;0.21;373.36;26.33;1498;49;4767.00;348
12059;46;21233495;12059;671;13555;13901;3.32;0.21;373.44;26.33;1496;49;4768.00;346
12063;46;21233510;12063;666;13558;13901;3.33;0.21;373.44;26.33;1495;49;4769.00;343
12065;46;21233527;12065;671;13561;13907;3.35;0.21;373.44;26.32;1496;49;4770.00;346
12072;46;21233542;12072;681;13562;13907;3.30;0.21;373.33;26.32;1490;49;4771.00;345
12077;46;21233557;12077;670;13566;13907;3.26;0.20;373.26;26.32;1489;49;4772.00;341
12078;46;21233578;12078;677;13569;13911;3.28;0.20;373.25;26.31;1491;49;4773.00;342
12081;46;21233594;12081;674;13570;13912;3.31;0.21;373.35;26.31;1489;49;4774.00;342
12081;46;21233610;12081;679;13571;13912;3.31;0.21;373.35;26.39;1490;49;4775.00;341
12083;46;21233625;12083;675;13573;13916;3.33;0.21;373.35;26.39;1490;49;4776.00;343
12085;46;21233640;12085;663;13573;13916;3.35;0.21;373.36;26.39;1488;49;4777.00;343
12086;46;21233656;12086;654;13574;13916;3.41;0.21;373.33;26.39;1488;49;4778.00;342
12090;46;21233673;12090;662;13574;13917;3.39;0.21;373.32;26.39;1484;49;4779.00;343
12090;46;21233689;12090;655;13574;13917;3.41;0.21;373.32;26.39;1484;49;4780.00;343
12091;46;21233704;12091;644;13578;13923;3.47;0.21;373.37;26.38;1487;49;4781.00;345
12096;46;21233721;12096;631;13578;13923;3.51;0.21;373.40;26.38;1482;49;4782.00;345
12101;46;21233739;12101;616;13578;13924;3.52;0.21;373.34;26.38;1477;49;4783.00;346
12101;46;21233767;12101;603;13579;13924;3.60;0.22;373.34;26.47;1478;49;4784.00;345
12104;46;21233782;12104;604;13579;13924;3.66;0.22;373.42;26.47;1475;49;4785.00;345
12104;46;21233799;12104;591;13580;13924;3.75;0.23;373.42;26.47;1476;49;4786.00;344
12104;46;21233816;12104;591;13580;13924;3.78;0.23;373.42;26.47;1476;49;4787.00;344
12105;46;21233831;12105;581;13588;13936;3.84;0.23;373.39;26.45;1483;49;4788.00;348
12106;46;21233849;12106;582;13589;13936;3.87;0.23;373.38;26.45;1483;49;4789.00;347
12107;46;21233866;12107;570;13590;13936;3.98;0.24;373.37;26.45;1483;49;4790.00;346
12108;46;21233882;12108;567;13591;13936;4.02;0.24;373.41;26.45;1483;49;4791.00;345
12109;46;21233904;12109;555;13591;13936;4.07;0.25;373.42;26.45;1482;49;4792.00;345
12111;46;21233921;12111;559;13591;13936;4.13;0.25;373.43;26.45;1480;49;4793.00;345
12114;46;21233938;12114;561;13595;13940;4.18;0.25;373.42;26.45;1481;49;4794.00;345
12115;46;21233955;12115;552;13595;13940;4.25;0.26;373.48;26.45;1480;49;4795.00;345
12115;46;21233971;12115;558;13598;13944;4.36;0.26;373.48;26.44;1483;49;4796.00;346
12117;46;21233988;12117;557;13598;13945;4.40;0.27;373.46;26.44;1481;49;4797.00;347
12121;46;21234005;12121;558;13599;13945;4.45;0.27;373.49;26.44;1478;49;4798.00;346
12122;46;21234022;12122;553;13599;13945;4.47;0.27;373.53;26.44;1477;49;4799.00;346
12122;46;21234041;12122;554;13620;13986;4.53;0.27;373.53;26.40;1498;49;4800.00;366
12123;46;21234066;12123;557;13620;13986;4.57;0.28;373.63;26.40;1497;49;4801.00;366
12125;46;21234084;12125;564;13621;13986;4.57;0.28;373.66;26.40;1496;49;4802.00;365
12128;46;21234102;12128;566;13623;13987;4.63;0.28;373.76;26.40;1495;49;4803.00;364
12131;46;21234119;12131;569;13623;13988;4.65;0.28;373.80;26.40;1492;49;4804.00;365
12135;46;21234135;12135;572;13625;13988;4.63;0.28;373.94;26.39;1490;49;4805.00;363
12137;46;21234152;12137;574;13626;13991;4.66;0.28;373.91;26.39;1489;49;4806.00;365
12139;46;21234168;12139;571;13626;13991;4.64;0.28;373.96;26.39;1487;49;4807.00;365
12141;46;21234185;12141;577;13626;13991;4.60;0.28;374.02;26.39;1485;49;4808.00;365
12143;46;21234201;12143;578;13626;13991;4.54;0.28;374.14;26.39;1483;49;4809.00;365
12144;46;21234218;12144;577;13630;13997;4.54;0.28;374.19;26.38;1486;49;4810.00;367
12146;46;21234235;12146;585;13631;13997;4.54;0.28;374.32;26.38;1485;49;4811.00;366
12148;46;21234251;12148;591;13631;13997;4.54;0.28;374.38;26.38;1483;49;4812.00;366
12151;46;21234267;12151;593;13631;13997;4.51;0.27;374.52;26.38;1480;49;4813.00;366
12153;46;21234284;12153;591;13632;14001;4.51;0.27;374.60;26.38;1479;49;4814.00;369
12155;46;21234300;12155;589;13632;14003;4.48;0.27;374.60;26.38;1477;49;4815.00;371
12155;46;21234317;12155;582;13632;14003;4.49;0.27;374.60;26.38;1477;49;4816.00;371
12158;46;21234333;12158;577;13634;14004;4.49;0.27;374.61;26.38;1476;49;4817.00;370
12159;46;21234349;12159;577;13634;14004;4.50;0.27;374.64;26.38;1475;49;4818.00;370
12163;46;21234366;12163;574;13635;14004;4.52;0.27;374.76;26.38;1472;49;4819.00;369
12163;46;21234382;12163;559;13636;14004;4.57;0.28;374.76;26.47;1473;49;4820.00;368
12169;46;21234399;12169;558;13636;14004;4.53;0.28;374.84;26.47;1467;49;4821.00;368
12172;46;21234416;12172;559;13636;14004;4.55;0.28;374.91;26.47;1464;49;4822.00;368
12173;46;21234433;12173;553;13637;14004;4.59;0.28;374.91;26.47;1464;49;4823.00;367
12176;46;21234449;12176;572;13670;14074;4.64;0.28;375.03;26.40;1494;49;4824.00;404
12180;46;21234471;12180;563;13672;14075;4.65;0.28;375.06;26.40;1492;49;4825.00;403
12184;46;21234495;12184;555;13675;14075;4.69;0.28;375.11;26.40;1491;49;4826.00;400
12187;46;21234513;12187;547;13675;14075;4.67;0.28;375.20;26.40;1488;49;4827.00;400
12189;46;21234531;12189;549;13679;14077;4.67;0.28;375.20;26.39;1490;49;4828.00;398
12190;46;21234548;12190;550;13682;14077;4.71;0.29;375.20;26.39;1492;49;4829.00;395
12194;46;21234566;12194;552;13685;14077;4.70;0.29;375.27;26.46;1491;49;4830.00;392
12195;46;21234586;12195;552;13687;14077;4.70;0.29;375.32;26.45;1492;49;4831.00;390
12199;46;21234603;12199;558;13690;14078;4.68;0.28;375.37;26.45;1491;49;4832.00;388
12202;46;21234620;12202;559;13694;14079;4.64;0.28;375.54;26.45;1492;49;4833.00;385
12204;46;21234636;12204;561;13695;14079;4.61;0.28;375.53;26.45;1491;49;4834.00;384
12207;46;21234653;12207;570;13698;14083;4.58;0.28;375.68;26.44;1491;49;4835.00;385
12211;46;21234669;12211;580;13698;14083;4.59;0.28;375.66;26.44;1487;49;4836.00;385
12212;46;21234686;12212;580;13698;14083;4.63;0.28;375.66;26.44;1486;49;4837.00;385
12215;46;21234702;12215;582;13698;14083;4.61;0.28;375.72;26.44;1483;49;4838.00;385
12217;46;21234718;12217;589;13701;14089;4.63;0.28;375.70;26.44;1484;49;4839.00;388
12223;46;21234736;12223;596;13701;14089;4.56;0.28;375.65;26.44;1478;49;4840.00;388
12224;46;21234753;12224;603;13702;14089;4.54;0.27;375.66;26.44;1478;49;4841.00;387
12228;46;21234769;12228;604;13703;14092;4.55;0.28;375.82;26.43;1475;49;4842.00;389
12230;46;21234786;12230;608;13703;14092;4.58;0.28;375.87;26.43;1473;49;4843.00;389
12232;46;21234802;12232;597;13704;14092;4.57;0.28;375.83;26.44;1472;49;4844.00;388
12233;46;21234819;12233;596;13704;14093;4.53;0.27;375.81;26.44;1471;49;4845.00;389
12235;46;21234835;12235;600;13706;14094;4.53;0.27;375.91;26.44;1471;49;4846.00;388
12237;46;21234851;12237;601;13707;14094;4.54;0.28;375.89;26.44;1470;49;4847.00;387
12238;46;21234867;12238;608;13714;14107;4.59;0.28;375.88;26.42;1476;49;4848.00;393
12241;46;21234885;12241;607;13714;14107;4.68;0.28;375.89;26.42;1473;49;4849.00;393
12244;46;21234901;12244;617;13716;14107;4.71;0.29;375.94;26.42;1472;49;4850.00;391
12246;46;21234919;12246;612;13717;14108;4.74;0.29;375.97;26.51;1471;49;4851.00;391
12248;46;21234936;12248;614;13717;14108;4.78;0.29;376.01;26.51;1469;49;4852.00;391
12251;46;21234953;12251;611;13722;14112;4.83;0.29;376.04;26.51;1471;49;4853.00;390
12254;46;21234970;12254;612;13722;14112;4.86;0.30;376.11;26.51;1468;49;4854.00;390
12257;46;21234986;12257;610;13726;14116;4.88;0.30;376.13;26.64;1469;49;4855.00;390
12262;46;21235003;12262;616;13726;14116;4.91;0.30;376.14;26.64;1464;49;4856.00;390
12266;46;21235020;12266;617;13726;14116;4.86;0.30;376.18;26.64;1460;49;4857.00;390
12268;46;21235036;12268;615;13726;14116;4.90;0.30;376.25;26.64;1458;49;4858.00;390
12271;46;21235053;12271;613;13728;14116;4.90;0.30;376.29;26.78;1457;49;4859.00;388
12274;46;21235071;12274;618;13748;14150;4.98;0.30;376.37;26.74;1474;49;4860.00;402
12277;46;21235089;12277;620;13748;14150;4.96;0.30;376.49;26.74;1471;49;4861.00;402
12281;46;21235106;12281;627;13749;14150;4.93;0.30;376.52;26.74;1468;49;4862.00;401
12283;46;21235121;12283;625;13749;14150;4.90;0.30;376.58;26.74;1466;49;4863.00;401
12291;46;21235138;12291;630;13750;14150;4.86;0.30;376.59;26.74;1459;49;4864.00;400
12293;46;21235154;12293;632;13750;14150;4.87;0.30;376.60;26.74;1457;49;4865.00;400
12295;46;21235170;12295;636;13750;14151;4.84;0.29;376.62;26.74;1455;49;4866.00;401
12297;47;21235186;12297;643;13750;14151;4.81;0.29;376.71;26.74;1453;50;4867.00;401
12299;47;21235208;12299;645;13754;14157;4.80;0.29;376.83;26.73;1455;50;4868.00;403
12304;47;21235225;12304;644;13754;14158;4.76;0.29;376.98;26.73;1450;50;4869.00;404
12306;47;21235244;12306;644;13756;14158;4.74;0.29;377.07;26.74;1450;51;4870.00;402
12309;47;21235265;12309;645;13756;14158;4.69;0.29;377.11;26.74;1447;51;4871.00;402
12310;47;21235288;12310;650;13758;14162;4.70;0.29;377.12;26.73;1448;51;4872.00;404
12313;47;21235303;12313;654;13759;14162;4.64;0.28;377.21;26.73;1446;51;4873.00;403
12318;47;21235319;12318;655;13759;14162;4.55;0.28;377.27;26.73;1441;51;4874.00;403
12321;47;21235334;12321;653;13760;14163;4.49;0.27;377.44;26.73;1439;52;4875.00;403
12322;47;21235354;12322;653;13761;14167;4.47;0.27;377.45;26.73;1439;52;4876.00;406
12324;47;21235369;12324;656;13761;14167;4.45;0.27;377.41;26.73;1437;52;4877.00;406
12326;47;21235384;12326;650;13762;14170;4.48;0.27;377.50;26.73;1436;52;4878.00;408
12328;47;21235399;12328;650;13762;14170;4.48;0.27;377.53;26.73;1434;52;4879.00;408
12333;47;21235413;12333;643;13762;14170;4.44;0.27;377.58;26.73;1429;52;4880.00;408
12337;47;21235428;12337;635;13762;14170;4.41;0.27;377.63;26.73;1425;52;4881.00;408
12339;47;21235442;12339;630;13765;14174;4.43;0.27;377.75;26.72;1426;52;4882.00;409
12340;47;21235463;12340;629;13765;14174;4.43;0.27;377.80;26.72;1425;52;4883.00;409
12344;47;21235477;12344;627;13765;14174;4.39;0.27;377.93;26.72;1421;52;4884.00;409
12344;47;21235491;12344;621;13765;14174;4.38;0.27;377.93;26.72;1421;52;4885.00;409
12345;47;21235504;12345;617;13765;14175;4.42;0.27;377.96;26.72;1420;52;4886.00;410
12351;47;21235520;12351;614;13765;14176;4.37;0.27;378.18;26.72;1414;52;4887.00;411
12353;47;21235534;12353;606;13765;14176;4.37;0.27;378.17;26.72;1412;52;4888.00;411
12356;47;21235548;12356;609;13766;14177;4.36;0.27;378.26;26.72;1410;52;4889.00;411
12359;47;21235563;12359;612;13766;14177;4.30;0.26;378.41;26.72;1407;52;4890.00;411
12366;47;21235577;12366;624;13766;14177;4.18;0.26;378.45;26.72;1400;52;4891.00;411
12371;47;21235591;12371;617;13766;14177;4.09;0.25;378.44;26.72;1395;52;4892.00;411
12377;47;21235605;12377;628;13766;14177;3.95;0.24;378.47;26.72;1389;52;4893.00;411
12378;47;21235618;12378;624;13766;14177;3.91;0.24;378.47;26.72;1388;53;4894.00;411
12381;47;21235641;12381;627;13766;14177;3.87;0.24;378.48;26.72;1385;53;4895.00;411
12384;47;21235654;12384;643;13820;14304;4.07;0.25;378.48;26.62;1436;53;4896.00;484
12386;47;21235678;12386;646;13822;14305;3.99;0.25;378.50;26.61;1436;53;4897.00;483
12390;47;21235692;12390;646;13829;14305;3.92;0.24;378.52;26.60;1439;53;4898.00;476
12392;47;21235705;12392;652;13831;14305;3.80;0.24;378.53;26.60;1439;53;4899.00;474
12393;47;21235719;12393;628;13838;14305;3.77;0.23;378.53;26.58;1445;53;4900.00;467
12396;47;21235736;12396;621;13840;14305;3.67;0.23;378.47;26.58;1444;53;4901.00;465
12398;47;21235750;12398;616;13842;14305;3.62;0.23;378.43;26.58;1444;53;4902.00;463
12401;47;21235764;12401;617;13845;14305;3.59;0.22;378.47;26.57;1444;53;4903.00;460
12403;47;21235778;12403;623;13846;14306;3.57;0.22;378.46;26.57;1443;53;4904.00;460
12406;47;21235792;12406;626;13847;14308;3.58;0.22;378.50;26.57;1441;53;4905.00;461
12408;47;21235806;12408;635;13848;14308;3.60;0.22;378.53;26.57;1440;53;4906.00;460
12412;47;21235820;12412;636;13850;14309;3.64;0.23;378.50;26.57;1438;53;4907.00;459
12413;47;21235835;12413;621;13851;14309;3.66;0.23;378.48;26.57;1438;53;4908.00;458
12415;47;21235849;12415;619;13852;14309;3.64;0.23;378.47;26.57;1437;53;4909.00;457
12416;47;21235863;12416;610;13854;14309;3.64;0.23;378.45;26.56;1438;53;4910.00;455
12421;47;21235877;12421;620;13857;14313;3.58;0.22;378.50;26.56;1436;53;4911.00;456
12426;47;21235892;12426;621;13858;14313;3.51;0.22;378.40;26.56;1432;53;4912.00;455
12430;47;21235906;12430;624;13860;14313;3.43;0.21;378.34;26.56;1430;53;4913.00;453
12435;47;21235920;12435;630;13861;14316;3.39;0.21;378.40;26.56;1426;53;4914.00;455
12438;47;21235936;12438;628;13862;14316;3.41;0.21;378.34;26.56;1424;53;4915.00;454
12441;47;21235950;12441;633;13862;14316;3.40;0.21;378.40;26.56;1421;53;4916.00;454
12445;47;21235965;12445;628;13863;14320;3.38;0.21;378.37;26.56;1418;53;4917.00;457
12447;47;21235979;12447;622;13864;14321;3.39;0.21;378.32;26.56;1417;53;4918.00;457
12449;47;21235994;12449;620;13864;14321;3.37;0.21;378.34;26.56;1415;53;4919.00;457
12451;47;21236009;12451;617;13868;14326;3.35;0.21;378.36;26.56;1417;53;4920.00;458
12457;47;21236024;12457;620;13868;14326;3.29;0.20;378.33;26.56;1411;53;4921.00;458
12463;47;21236040;12463;626;13870;14326;3.23;0.20;378.24;26.56;1407;53;4922.00;456
12465;47;21236055;12465;623;13870;14327;3.20;0.19;378.35;26.56;1405;53;4923.00;457
12467;47;21236071;12467;625;13870;14327;3.17;0.19;378.35;26.56;1403;53;4924.00;457
12468;47;21236086;12468;626;13874;14333;3.16;0.19;378.35;26.56;1406;53;4925.00;459
12471;47;21236100;12471;630;13875;14333;3.12;0.19;378.36;26.56;1404;53;4926.00;458
12474;47;21236115;12474;638;13875;14334;3.08;0.19;378.33;26.56;1401;53;4927.00;459
12476;47;21236128;12476;644;13877;14334;3.05;0.18;378.30;26.58;1401;53;4928.00;457
12478;47;21236143;12478;649;13878;14334;3.04;0.18;378.31;26.58;1400;53;4929.00;456
12480;47;21236156;12480;652;13880;14334;3.02;0.18;378.29;26.60;1400;53;4930.00;454
12481;47;21236171;12481;663;13881;14334;3.01;0.18;378.29;26.60;1400;53;4931.00;453
12483;47;21236186;12483;661;13889;14346;3.10;0.19;378.29;26.60;1406;53;4932.00;457
12484;47;21236201;12484;669;13891;14346;3.09;0.19;378.29;26.61;1407;53;4933.00;455
12487;47;21236215;12487;664;13893;14346;3.08;0.19;378.27;26.62;1406;53;4934.00;453
12488;47;21236231;12488;651;13894;14346;3.13;0.19;378.27;26.62;1406;53;4935.00;452
12491;47;21236245;12491;656;13895;14346;3.16;0.19;378.24;26.63;1404;53;4936.00;451
12495;47;21236259;12495;644;13895;14346;3.19;0.19;378.26;26.63;1400;53;4937.00;451
12495;47;21236274;12495;655;13897;14350;3.26;0.20;378.26;26.63;1402;53;4938.00;453
12499;47;21236288;12499;650;13897;14350;3.27;0.20;378.23;26.63;1398;53;4939.00;453
12499;47;21236303;12499;656;13901;14354;3.33;0.20;378.23;26.64;1402;53;4940.00;453
12501;47;21236319;12501;657;13902;14355;3.36;0.20;378.26;26.65;1401;53;4941.00;453
12502;47;21236333;12502;651;13903;14355;3.38;0.21;378.26;26.65;1401;53;4942.00;452
12504;47;21236352;12504;647;13903;14355;3.41;0.21;378.25;26.65;1399;53;4943.00;452
12504;47;21236366;12504;644;13913;14368;3.51;0.21;378.25;26.63;1409;53;4944.00;455
12508;47;21236382;12508;643;13915;14368;3.48;0.21;378.28;26.65;1407;53;4945.00;453
12508;47;21236401;12508;645;13915;14368;3.51;0.21;378.28;26.65;1407;53;4946.00;453
12511;47;21236416;12511;624;13916;14369;3.52;0.21;378.35;26.64;1405;53;4947.00;453
12512;47;21236431;12512;621;13916;14370;3.56;0.22;378.35;26.64;1404;53;4948.00;454
12514;47;21236446;12514;618;13917;14370;3.62;0.22;378.38;26.65;1403;53;4949.00;453
12514;47;21236462;12514;610;13921;14379;3.70;0.23;378.38;26.64;1407;53;4950.00;458
12515;47;21236484;12515;604;13921;14379;3.74;0.23;378.36;26.64;1406;53;4951.00;458
12516;47;21236499;12516;593;13922;14379;3.77;0.23;378.33;26.64;1406;53;4952.00;457
12516;47;21236514;12516;594;13922;14379;3.84;0.24;378.33;26.64;1406;53;4953.00;457
12516;47;21236528;12516;596;13926;14385;3.89;0.24;378.33;26.63;1410;53;4954.00;459
12518;47;21236545;12518;589;13927;14385;3.90;0.24;378.34;26.63;1409;53;4955.00;458
12520;47;21236560;12520;577;13927;14385;3.94;0.24;378.41;26.63;1407;53;4956.00;458
12523;47;21236581;12523;564;13928;14385;4.01;0.25;378.54;26.73;1405;53;4957.00;457
12524;47;21236596;12524;559;13929;14389;4.10;0.25;378.56;26.73;1405;53;4958.00;460
12528;47;21236612;12528;549;13930;14390;4.19;0.26;378.67;26.73;1402;53;4959.00;460
12530;47;21236627;12530;548;13930;14390;4.29;0.26;378.64;26.73;1400;53;4960.00;460
12532;47;21236643;12532;553;13931;14391;4.39;0.27;378.66;26.73;1399;53;4961.00;460
12536;47;21236659;12536;550;13931;14391;4.45;0.27;378.71;26.73;1395;53;4962.00;460
12538;47;21236675;12538;554;13931;14391;4.51;0.27;378.66;26.73;1393;53;4963.00;460
12541;47;21236691;12541;554;13932;14391;4.53;0.28;378.74;26.74;1391;53;4964.00;459
12542;47;21236707;12542;551;13932;14391;4.56;0.28;378.78;26.74;1390;53;4965.00;459
12545;47;21236728;12545;550;13932;14391;4.57;0.28;378.86;26.74;1387;53;4966.00;459
12549;47;21236746;12549;546;13932;14391;4.53;0.27;379.00;26.74;1383;53;4967.00;459
12549;47;21236762;12549;563;13970;14461;4.53;0.28;379.00;26.66;1421;53;4968.00;491
12553;47;21236783;12553;549;13970;14462;4.56;0.28;379.11;26.66;1417;53;4969.00;492
12553;47;21236800;12553;535;13973;14462;4.65;0.28;379.11;26.66;1420;53;4970.00;489
12556;47;21236816;12556;534;13973;14462;4.75;0.29;379.20;26.66;1417;53;4971.00;489
12559;47;21236831;12559;527;13974;14462;4.81;0.29;379.32;26.66;1415;53;4972.00;488
12560;47;21236847;12560;524;13974;14462;4.84;0.29;379.30;26.66;1414;53;4973.00;488
12562;47;21236863;12562;526;13977;14462;4.94;0.30;379.40;26.66;1415;53;4974.00;485
12563;47;21236878;12563;524;13978;14462;4.96;0.30;379.47;26.67;1415;53;4975.00;484
12566;47;21236894;12566;531;13980;14463;4.94;0.30;379.56;26.66;1414;53;4976.00;483
12569;47;21236910;12569;532;13982;14464;4.94;0.30;379.62;26.66;1413;53;4977.00;482
12570;47;21236926;12570;535;13983;14464;4.94;0.30;379.70;26.66;1413;53;4978.00;481
12571;47;21236943;12571;541;13985;14468;4.94;0.30;379.68;26.66;1414;53;4979.00;483
12574;47;21236963;12574;540;13988;14468;4.95;0.30;379.77;26.67;1414;53;4980.00;480
12580;47;21236979;12580;544;13990;14468;4.93;0.30;379.92;26.66;1410;53;4981.00;478
12581;47;21236995;12581;542;13990;14468;4.93;0.30;379.91;26.66;1409;53;4982.00;478
12584;47;21237011;12584;545;13994;14474;4.95;0.30;380.00;26.66;1410;53;4983.00;480
12585;47;21237027;12585;547;13995;14474;4.97;0.30;380.03;26.66;1410;53;4984.00;479
12588;47;21237043;12588;562;13995;14474;4.98;0.30;380.20;26.66;1407;53;4985.00;479
12589;47;21237059;12589;555;13997;14477;5.01;0.30;380.24;26.67;1408;53;4986.00;480
12591;47;21237076;12591;556;13998;14477;5.04;0.31;380.21;26.68;1407;53;4987.00;479
12595;47;21237092;12595;555;13998;14477;5.06;0.31;380.25;26.68;1403;53;4988.00;479
12597;47;21237108;12597;555;13998;14478;5.11;0.31;380.27;26.68;1401;53;4989.00;480
12600;47;21237124;12600;553;14000;14479;5.15;0.31;380.31;26.68;1400;53;4990.00;479
12603;47;21237139;12603;545;14000;14479;5.15;0.31;380.43;26.68;1397;53;4991.00;479
12606;47;21237156;12606;543;14009;14492;5.18;0.31;380.54;26.67;1403;53;4992.00;483
12608;47;21237172;12608;532;14010;14492;5.21;0.31;380.60;26.66;1402;53;4993.00;482
12609;47;21237189;12609;528;14010;14492;5.26;0.32;380.59;26.66;1401;53;4994.00;482
12611;47;21237205;12611;529;14011;14494;5.30;0.32;380.68;26.67;1400;53;4995.00;483
12616;47;21237221;12616;521;14011;14494;5.28;0.32;380.79;26.67;1395;53;4996.00;483
12619;47;21237238;12619;517;14014;14498;5.33;0.32;380.74;26.67;1395;53;4997.00;484
12621;47;21237254;12621;505;14014;14498;5.41;0.33;380.79;26.67;1393;53;4998.00;484
12625;47;21237270;12625;498;14015;14502;5.45;0.33;380.92;26.67;1390;53;4999.00;487
12630;47;21237287;12630;502;14015;14502;5.47;0.33;380.97;26.67;1385;53;5000.00;487
12633;47;21237307;12633;499;14015;14502;5.46;0.33;380.98;26.67;1382;53;5001.00;487
12635;47;21237324;12635;497;14015;14502;5.45;0.33;381.02;26.67;1380;53;5002.00;487
12639;47;21237339;12639;489;14015;14502;5.37;0.32;381.14;26.67;1376;53;5003.00;487
12641;47;21237355;12641;479;14023;14514;5.34;0.32;381.16;26.65;1382;53;5004.00;491
12642;47;21237372;12642;472;14023;14514;5.27;0.32;381.17;26.65;1381;53;5005.00;491
12645;47;21237388;12645;473;14023;14514;5.19;0.31;381.23;26.65;1378;53;5006.00;491
12648;47;21237403;12648;466;14023;14514;5.10;0.31;381.23;26.65;1375;53;5007.00;491
12649;47;21237425;12649;470;14023;14514;5.06;0.31;381.32;26.65;1374;53;5008.00;491
12653;47;21237440;12653;474;14023;14514;5.04;0.31;381.36;26.65;1370;53;5009.00;491
12655;47;21237458;12655;471;14023;14515;5.03;0.30;381.40;26.65;1368;53;5010.00;492
12658;47;21237473;12658;469;14023;14515;5.00;0.30;381.45;26.65;1365;53;5011.00;492
12662;48;21237489;12662;467;14027;14521;5.03;0.30;381.48;26.64;1365;54;5012.00;494
12663;48;21237518;12663;463;14027;14522;5.10;0.31;381.51;26.64;1364;54;5013.00;495
12665;48;21237534;12665;461;14027;14522;5.13;0.31;381.60;26.64;1362;54;5014.00;495
12667;48;21237553;12667;462;14027;14522;5.14;0.31;381.64;26.64;1360;54;5015.00;495
12669;48;21237569;12669;468;14030;14526;5.19;0.32;381.64;26.64;1361;54;5016.00;496
12673;48;21237585;12673;476;14030;14526;5.18;0.31;381.64;26.64;1357;54;5017.00;496
12676;48;21237601;12676;477;14030;14526;5.17;0.31;381.70;26.64;1354;54;5018.00;496
12679;48;21237616;12679;477;14031;14527;5.16;0.31;381.69;26.64;1352;54;5019.00;496
12683;48;21237632;12683;477;14032;14531;5.17;0.31;381.80;26.63;1349;54;5020.00;499
12687;48;21237648;12687;471;14032;14531;5.19;0.32;381.84;26.63;1345;54;5021.00;499
12691;48;21237664;12691;474;14033;14534;5.19;0.32;381.78;26.63;1342;54;5022.00;501
12693;48;21237679;12693;484;14033;14534;5.19;0.32;381.78;26.63;1340;54;5023.00;501
12696;48;21237706;12696;482;14033;14534;5.19;0.32;381.80;26.63;1337;54;5024.00;501
12697;48;21237726;12697;489;14033;14534;5.19;0.32;381.83;26.63;1336;54;5025.00;501
12699;48;21237747;12699;491;14037;14538;5.22;0.32;381.89;26.71;1338;54;5026.00;501
12704;48;21237767;12704;490;14037;14538;5.24;0.32;381.97;26.71;1333;54;5027.00;501
12706;48;21237783;12706;492;14037;14538;5.23;0.32;382.00;26.71;1331;54;5028.00;501
12709;48;21237798;12709;494;14037;14538;5.21;0.32;382.05;26.71;1328;54;5029.00;501
12710;48;21237813;12710;500;14037;14539;5.23;0.32;382.08;26.71;1327;54;5030.00;502
12711;48;21237828;12711;505;14037;14540;5.19;0.32;382.13;26.71;1326;54;5031.00;503
12714;48;21237843;12714;511;14037;14540;5.11;0.31;382.17;26.71;1323;54;5032.00;503
12717;48;21237858;12717;508;14038;14541;5.08;0.31;382.27;26.70;1321;54;5033.00;503
12719;48;21237873;12719;515;14038;14541;5.06;0.31;382.32;26.70;1319;54;5034.00;503
12721;48;21237888;12721;519;14038;14541;5.05;0.31;382.38;26.70;1317;54;5035.00;503
12725;48;21237902;12725;524;14038;14541;5.04;0.31;382.48;26.70;1313;54;5036.00;503
12728;48;21237917;12728;523;14038;14541;5.02;0.31;382.56;26.70;1310;54;5037.00;503
12730;48;21237931;12730;526;14038;14541;5.01;0.31;382.58;26.70;1308;54;5038.00;503
12736;48;21237946;12736;524;14038;14541;4.98;0.31;382.77;26.70;1302;54;5039.00;503
12738;48;21237963;12738;545;14116;14771;5.30;0.33;382.79;26.56;1378;54;5040.00;655
12739;48;21237993;12739;544;14120;14772;5.32;0.34;382.83;26.55;1381;54;5041.00;652
12740;48;21238008;12740;540;14129;14772;5.39;0.34;382.84;26.53;1389;54;5042.00;643
12744;48;21238024;12744;543;14138;14772;5.41;0.34;382.92;26.52;1394;54;5043.00;634
12746;48;21238039;12746;544;14146;14772;5.41;0.34;383.00;26.51;1400;54;5044.00;626
12751;48;21238054;12751;540;14153;14772;5.34;0.33;383.03;26.49;1402;54;5045.00;619
12753;48;21238069;12753;538;14159;14772;5.34;0.33;383.08;26.49;1406;54;5046.00;613
12756;48;21238084;12756;536;14166;14772;5.36;0.33;383.16;26.48;1410;54;5047.00;606
12758;48;21238100;12758;535;14169;14773;5.39;0.34;383.22;26.47;1411;54;5048.00;604
12763;48;21238115;12763;535;14172;14774;5.43;0.34;383.28;26.47;1409;54;5049.00;602
12766;48;21238130;12766;532;14178;14774;5.43;0.34;383.31;26.46;1412;54;5050.00;596
12771;48;21238146;12771;529;14179;14775;5.38;0.33;383.39;26.46;1408;54;5051.00;596
12776;48;21238161;12776;532;14183;14775;5.33;0.33;383.48;26.46;1407;54;5052.00;592
12782;48;21238177;12782;530;14184;14775;5.28;0.33;383.62;26.46;1402;54;5053.00;591
12783;48;21238192;12783;540;14187;14775;5.27;0.32;383.68;26.45;1404;54;5054.00;588
12786;48;21238207;12786;549;14190;14779;5.24;0.32;383.71;26.45;1404;54;5055.00;589
12789;48;21238223;12789;551;14192;14779;5.18;0.32;383.70;26.45;1403;54;5056.00;587
12793;48;21238238;12793;561;14194;14779;5.10;0.31;383.77;26.44;1401;54;5057.00;585
12793;48;21238254;12793;563;14195;14782;5.09;0.31;383.77;26.44;1402;54;5058.00;587
12794;48;21238269;12794;571;14196;14782;5.03;0.31;383.77;26.44;1402;54;5059.00;586
12798;48;21238284;12798;564;14197;14782;4.99;0.31;383.86;26.44;1399;54;5060.00;585
12798;48;21238299;12798;569;14199;14786;5.00;0.31;383.86;26.44;1401;54;5061.00;587
12803;48;21238315;12803;568;14201;14787;4.98;0.30;383.81;26.44;1398;54;5062.00;586
12806;48;21238330;12806;566;14203;14787;4.97;0.30;383.81;26.44;1397;54;5063.00;584
12809;48;21238345;12809;568;14205;14791;4.96;0.30;383.82;26.43;1396;54;5064.00;586
12810;48;21238366;12810;571;14207;14791;4.93;0.30;383.83;26.43;1397;54;5065.00;584
12816;48;21238386;12816;575;14208;14791;4.82;0.29;383.81;26.43;1392;54;5066.00;583
12817;48;21238401;12817;577;14209;14792;4.75;0.29;383.84;26.43;1392;54;5067.00;583
12820;48;21238416;12820;590;14210;14792;4.67;0.28;383.88;26.43;1390;54;5068.00;582
12821;48;21238430;12821;589;14215;14798;4.69;0.29;383.87;26.42;1394;54;5069.00;583
12826;48;21238446;12826;594;14217;14798;4.61;0.28;383.86;26.45;1391;54;5070.00;581
12826;48;21238462;12826;603;14217;14799;4.54;0.28;383.86;26.45;1391;54;5071.00;582
12832;48;21238476;12832;602;14218;14799;4.41;0.27;383.87;26.46;1386;54;5072.00;581
12836;48;21238490;12836;615;14218;14799;4.31;0.26;383.78;26.46;1382;54;5073.00;581
12838;48;21238504;12838;618;14219;14799;4.20;0.26;383.81;26.48;1381;54;5074.00;580
12841;48;21238518;12841;613;14219;14799;4.14;0.25;383.78;26.48;1378;54;5075.00;580
12845;48;21238532;12845;608;14226;14811;4.10;0.25;383.74;26.47;1381;54;5076.00;585
12849;48;21238548;12849;609;14226;14811;4.02;0.25;383.67;26.47;1377;54;5077.00;585
12852;48;21238561;12852;609;14227;14811;3.97;0.24;383.65;26.46;1375;54;5078.00;584
12854;48;21238574;12854;611;14227;14811;3.96;0.24;383.65;26.46;1373;54;5079.00;584
12857;48;21238588;12857;614;14227;14811;3.97;0.24;383.66;26.46;1370;54;5080.00;584
12860;48;21238602;12860;620;14227;14811;3.95;0.24;383.62;26.46;1367;54;5081.00;584
12861;48;21238622;12861;614;14228;14815;3.95;0.24;383.62;26.46;1367;54;5082.00;587
12863;48;21238636;12863;611;14228;14815;3.94;0.24;383.58;26.46;1365;54;5083.00;587
12866;48;21238649;12866;603;14231;14819;3.94;0.24;383.57;26.46;1365;54;5084.00;588
12871;48;21238664;12871;596;14231;14821;3.88;0.24;383.62;26.46;1360;54;5085.00;590
12873;48;21238678;12873;593;14231;14821;3.86;0.24;383.59;26.46;1358;54;5086.00;590
12875;48;21238692;12875;592;14231;14821;3.85;0.24;383.60;26.46;1356;54;5087.00;590
12881;48;21238706;12881;593;14241;14834;3.88;0.24;383.58;26.44;1360;54;5088.00;593
12886;48;21238721;12886;586;14241;14834;3.86;0.24;383.57;26.44;1355;54;5089.00;593
12887;48;21238736;12887;586;14241;14834;3.87;0.24;383.57;26.44;1354;54;5090.00;593
12890;48;21238749;12890;570;14243;14835;3.87;0.24;383.60;26.45;1353;54;5091.00;592
12892;48;21238764;12892;563;14243;14836;3.85;0.24;383.58;26.45;1351;54;5092.00;593
12894;48;21238778;12894;557;14243;14836;3.90;0.24;383.60;26.45;1349;54;5093.00;593
12899;48;21238793;12899;563;14244;14839;3.94;0.24;383.55;26.45;1345;54;5094.00;595
12900;48;21238807;12900;545;14244;14839;3.98;0.24;383.56;26.45;1344;54;5095.00;595
12906;48;21238822;12906;538;14244;14839;3.98;0.24;383.65;26.45;1338;54;5096.00;595
12908;48;21238837;12908;537;14246;14839;4.04;0.25;383.63;26.48;1338;54;5097.00;593
12910;48;21238859;12910;532;14251;14845;4.11;0.25;383.61;26.57;1341;54;5098.00;594
12914;48;21238875;12914;530;14253;14845;4.12;0.25;383.58;26.60;1339;54;5099.00;592
12915;48;21238892;12915;528;14257;14864;4.11;0.25;383.58;26.59;1342;54;5100.00;607
12920;48;21238921;12920;519;14259;14864;4.10;0.25;383.59;26.62;1339;54;5101.00;605
12923;48;21238936;12923;522;14260;14868;4.13;0.25;383.56;26.62;1337;54;5102.00;608
12924;48;21238950;12924;514;14260;14869;4.13;0.25;383.55;26.62;1336;54;5103.00;609
12928;48;21238969;12928;511;14262;14869;4.12;0.25;383.49;26.65;1334;54;5104.00;607
12930;48;21238984;12930;503;14266;14870;4.13;0.25;383.48;26.69;1336;54;5105.00;604
12932;48;21238998;12932;509;14269;14870;4.09;0.25;383.54;26.68;1337;54;5106.00;601
12934;48;21239013;12934;511;14271;14870;4.11;0.25;383.54;26.71;1337;54;5107.00;599
12938;48;21239027;12938;513;14273;14870;4.10;0.25;383.49;26.74;1335;54;5108.00;597
12940;48;21239043;12940;521;14273;14870;4.06;0.25;383.53;26.74;1333;54;5109.00;597
12942;48;21239058;12942;511;14275;14870;4.06;0.25;383.57;26.77;1333;54;5110.00;595
12944;48;21239072;12944;499;14280;14870;4.07;0.25;383.58;26.81;1336;54;5111.00;590
12948;48;21239088;12948;514;14311;14940;4.14;0.25;383.60;26.77;1363;54;5112.00;629
12951;48;21239108;12951;512;14314;14941;4.17;0.25;383.65;26.88;1363;54;5113.00;627
12951;48;21239123;12951;506;14322;14941;4.22;0.26;383.65;26.94;1371;54;5114.00;619
12953;48;21239137;12953;504;14326;14941;4.22;0.26;383.76;26.97;1373;54;5115.00;615
12955;48;21239152;12955;503;14331;14941;4.22;0.26;383.77;27.02;1376;54;5116.00;610
12959;48;21239166;12959;512;14337;14941;4.19;0.26;383.83;27.17;1378;54;5117.00;604
12964;48;21239183;12964;517;14340;14941;4.15;0.25;383.90;27.19;1376;54;5118.00;601
12964;48;21239199;12964;514;14343;14941;4.14;0.25;383.90;27.22;1379;54;5119.00;598
12968;48;21239213;12968;521;14345;14942;4.11;0.25;384.02;27.24;1377;54;5120.00;597
12968;48;21239228;12968;528;14349;14943;4.14;0.25;384.02;27.27;1381;54;5121.00;594
12970;48;21239243;12970;519;14355;14943;4.16;0.25;384.07;27.28;1385;54;5122.00;588
12974;48;21239258;12974;513;14362;14947;4.15;0.25;384.11;27.32;1388;54;5123.00;585
12977;48;21239274;12977;511;14364;14947;4.18;0.26;384.18;27.32;1387;54;5124.00;583
12979;48;21239289;12979;500;14368;14947;4.19;0.26;384.20;27.35;1389;54;5125.00;579
12982;48;21239304;12982;500;14370;14947;4.21;0.26;384.29;27.45;1388;54;5126.00;577
12985;48;21239321;12985;503;14375;14953;4.24;0.26;384.32;27.48;1390;54;5127.00;578
12986;48;21239337;12986;508;14380;14953;4.29;0.26;384.39;27.51;1394;54;5128.00;573
12987;48;21239353;12987;506;14381;14953;4.32;0.27;384.41;27.51;1394;54;5129.00;572
12989;48;21239370;12989;508;14384;14959;4.36;0.27;384.41;27.53;1395;54;5130.00;575
12989;48;21239386;12989;502;14388;14959;4.41;0.27;384.41;27.66;1399;54;5131.00;571
12993;48;21239402;12993;484;14394;14959;4.43;0.27;384.51;27.70;1401;54;5132.00;565
12996;48;21239418;12996;476;14395;14960;4.41;0.27;384.52;27.71;1399;54;5133.00;565
12999;48;21239434;12999;470;14401;14961;4.42;0.27;384.58;27.73;1402;54;5134.00;560
13004;48;21239450;13004;464;14402;14961;4.43;0.27;384.62;27.74;1398;54;5135.00;559
13005;48;21239467;13005;455;14412;14974;4.51;0.28;384.67;27.74;1407;54;5136.00;562
13010;48;21239485;13010;454;14415;14974;4.50;0.28;384.74;27.76;1405;54;5137.00;559
13012;48;21239501;13012;462;14418;14974;4.53;0.28;384.77;27.78;1406;54;5138.00;556
13015;48;21239518;13015;463;14422;14975;4.51;0.28;384.84;27.80;1407;54;5139.00;553
13018;48;21239534;13018;472;14428;14975;4.51;0.28;384.92;28.06;1410;55;5140.00;547
13018;48;21239560;13018;479;14432;14979;4.52;0.28;384.92;28.07;1414;55;5141.00;547
13022;48;21239577;13022;476;14436;14979;4.50;0.27;384.96;28.09;1414;55;5142.00;543
13024;48;21239594;13024;480;14438;14983;4.49;0.27;384.95;28.10;1414;55;5143.00;545
13029;48;21239611;13029;484;14439;14983;4.47;0.27;384.95;28.19;1410;55;5144.00;544
13030;48;21239627;13030;491;14441;14983;4.48;0.27;384.97;28.21;1411;55;5145.00;542
13031;48;21239644;13031;498;14444;14983;4.46;0.27;384.96;28.23;1413;55;5146.00;539
13033;48;21239659;13033;491;14445;14983;4.46;0.27;385.04;28.24;1412;55;5147.00;538
13037;48;21239675;13037;493;14456;14995;4.44;0.27;385.06;28.26;1419;55;5148.00;539
13040;48;21239693;13040;493;14457;14995;4.41;0.27;385.17;28.25;1417;55;5149.00;538
13040;48;21239708;13040;492;14458;14995;4.45;0.27;385.17;28.25;1418;55;5150.00;537
13043;48;21239724;13043;498;14461;14995;4.46;0.27;385.22;28.28;1418;55;5151.00;534
13043;48;21239740;13043;500;14461;14995;4.45;0.27;385.22;28.28;1418;55;5152.00;534
13049;48;21239755;13049;499;14463;14995;4.43;0.27;385.30;28.30;1414;55;5153.00;532
13050;48;21239772;13050;506;14463;14996;4.46;0.27;385.34;28.30;1413;55;5154.00;533
13053;48;21239788;13053;510;14468;14998;4.43;0.27;385.34;28.32;1415;55;5155.00;530
13057;48;21239804;13057;510;14472;15004;4.42;0.27;385.40;28.31;1415;55;5156.00;532
13059;48;21239821;13059;502;14472;15005;4.42;0.27;385.48;28.31;1413;55;5157.00;533
13061;48;21239836;13061;500;14474;15005;4.45;0.27;385.53;28.32;1413;55;5158.00;531
13067;48;21239852;13067;510;14475;15005;4.43;0.27;385.56;28.33;1408;55;5159.00;530
13068;48;21239876;13068;507;14479;15010;4.51;0.27;385.54;28.32;1411;55;5160.00;531
13069;48;21239892;13069;508;14481;15010;4.55;0.28;385.57;28.34;1412;55;5161.00;529
13071;48;21239908;13071;518;14482;15010;4.60;0.28;385.54;28.35;1411;55;5162.00;528
13072;48;21239924;13072;516;14483;15011;4.66;0.28;385.52;28.35;1411;55;5163.00;528
13073;48;21239940;13073;513;14485;15015;4.68;0.28;385.51;28.35;1412;55;5164.00;530
13074;48;21239955;13074;508;14486;15015;4.75;0.29;385.54;28.36;1412;55;5165.00;529
13075;48;21239971;13075;509;14488;15018;4.78;0.29;385.54;28.36;1413;55;5166.00;530
13078;48;21239987;13078;498;14488;15018;4.81;0.29;385.63;28.36;1410;55;5167.00;530
13079;48;21240005;13079;485;14490;15018;4.84;0.29;385.66;28.38;1411;55;5168.00;528
13083;48;21240021;13083;482;14490;15018;4.82;0.29;385.80;28.38;1407;55;5169.00;528
13083;48;21240038;13083;480;14494;15022;4.82;0.29;385.80;28.38;1411;55;5170.00;528
13085;48;21240054;13085;486;14494;15022;4.84;0.29;385.79;28.38;1409;55;5171.00;528
13087;48;21240071;13087;485;14495;15022;4.85;0.29;385.82;28.39;1408;55;5172.00;527
13089;48;21240087;13089;484;14495;15022;4.89;0.30;385.83;28.39;1406;55;5173.00;527
13094;48;21240103;13094;478;14496;15023;4.89;0.30;385.87;28.39;1402;55;5174.00;527
13097;48;21240120;13097;466;14496;15025;4.91;0.30;385.92;28.39;1399;55;5175.00;529
13101;48;21240136;13101;459;14496;15025;4.94;0.30;385.99;28.39;1395;55;5176.00;529
13101;48;21240152;13101;455;14497;15026;4.96;0.30;385.99;28.39;1396;55;5177.00;529
13107;48;21240167;13107;453;14497;15026;4.93;0.30;386.06;28.39;1390;55;5178.00;529
13112;48;21240183;13112;454;14497;15026;4.92;0.30;386.14;28.39;1385;55;5179.00;529
13115;48;21240199;13115;442;14497;15026;4.92;0.30;386.14;28.39;1382;55;5180.00;529
13118;48;21240215;13118;429;14497;15026;4.89;0.30;386.14;28.39;1379;55;5181.00;529
13122;48;21240231;13122;425;14497;15026;4.88;0.30;386.17;28.39;1375;55;5182.00;529
13124;48;21240246;13124;421;14497;15026;4.89;0.30;386.15;28.39;1373;55;5183.00;529
13127;48;21240261;13127;439;14561;15153;4.97;0.31;386.17;28.27;1434;55;5184.00;592
13131;48;21240286;13131;424;14561;15154;4.96;0.31;386.36;28.27;1430;55;5185.00;593
13133;48;21240302;13133;419;14565;15154;5.00;0.31;386.35;28.26;1432;55;5186.00;589
13135;48;21240318;13135;422;14568;15154;5.04;0.31;386.39;28.26;1433;56;5187.00;586
13139;48;21240340;13139;432;14569;15154;5.02;0.31;386.43;28.25;1430;56;5188.00;585
13140;48;21240356;13140;435;14570;15154;5.02;0.31;386.47;28.25;1430;56;5189.00;584
13141;48;21240373;13141;442;14573;15154;5.03;0.31;386.47;28.25;1432;56;5190.00;581
13143;48;21240389;13143;445;14575;15154;5.06;0.31;386.49;28.24;1432;56;5191.00;579
13145;48;21240435;13145;456;14576;15155;5.07;0.31;386.51;28.24;1431;56;5192.00;579
13151;48;21240456;13151;468;14579;15156;5.00;0.31;386.59;28.24;1428;56;5193.00;577
13153;48;21240478;13153;476;14581;15156;5.03;0.31;386.60;28.24;1428;56;5194.00;575
13158;48;21240494;13158;484;14583;15157;5.00;0.31;386.69;28.23;1425;56;5195.00;574
13162;48;21240510;13162;494;14584;15157;4.96;0.30;386.64;28.23;1422;56;5196.00;573
13163;48;21240526;13163;492;14586;15157;4.90;0.30;386.66;28.23;1423;56;5197.00;571
13166;48;21240542;13166;493;14588;15157;4.84;0.30;386.68;28.23;1422;56;5198.00;569
13168;48;21240558;13168;506;14591;15161;4.80;0.30;386.66;28.22;1423;56;5199.00;570
13172;48;21240575;13172;505;14591;15161;4.74;0.29;386.65;28.22;1419;56;5200.00;570
13176;48;21240599;13176;517;14591;15161;4.69;0.29;386.69;28.22;1415;56;5201.00;570
13178;48;21240615;13178;526;14592;15164;4.70;0.29;386.69;28.22;1414;56;5202.00;572
13184;48;21240631;13184;531;14592;15164;4.65;0.29;386.73;28.22;1408;56;5203.00;572
13185;48;21240647;13185;541;14592;15164;4.63;0.29;386.76;28.22;1407;56;5204.00;572
13189;48;21240663;13189;542;14593;15168;4.57;0.28;386.79;28.22;1404;56;5205.00;575
13190;48;21240679;13190;549;14594;15169;4.58;0.28;386.85;28.22;1404;56;5206.00;575
13194;48;21240694;13194;543;14594;15169;4.57;0.28;386.92;28.22;1400;56;5207.00;575
13196;48;21240710;13196;549;14596;15173;4.59;0.28;386.99;28.21;1400;56;5208.00;577
13200;48;21240726;13200;549;14597;15173;4.59;0.28;387.02;28.21;1397;56;5209.00;576
13203;48;21240742;13203;551;14597;15173;4.61;0.28;387.09;28.21;1394;56;5210.00;576
13207;48;21240757;13207;555;14597;15174;4.57;0.28;387.17;28.21;1390;56;5211.00;577
13208;48;21240779;13208;559;14598;15174;4.52;0.28;387.17;28.30;1390;56;5212.00;576
13211;48;21240795;13211;564;14602;15180;4.51;0.28;387.17;28.29;1391;56;5213.00;578
13213;48;21240810;13213;563;14602;15180;4.49;0.27;387.24;28.29;1389;56;5214.00;578
13214;48;21240825;13214;576;14602;15180;4.44;0.27;387.27;28.29;1388;56;5215.00;578
13216;48;21240844;13216;580;14602;15181;4.39;0.27;387.34;28.29;1386;56;5216.00;579
13221;48;21240859;13221;589;14602;15181;4.34;0.27;387.36;28.29;1381;56;5217.00;579
13224;48;21240874;13224;596;14602;15181;4.27;0.26;387.35;28.29;1378;56;5218.00;579
13229;48;21240888;13229;602;14602;15181;4.20;0.26;387.33;28.29;1373;56;5219.00;579
13229;48;21240903;13229;607;14621;15217;4.30;0.26;387.33;28.26;1392;56;5220.00;596
13232;48;21240920;13232;620;14621;15217;4.23;0.26;387.32;28.26;1389;56;5221.00;596
13232;48;21240934;13232;626;14623;15217;4.20;0.26;387.32;28.25;1391;56;5222.00;594
13236;48;21240948;13236;628;14623;15217;4.12;0.25;387.33;28.25;1387;56;5223.00;594
13239;48;21240962;13239;629;14623;15217;4.06;0.25;387.32;28.25;1384;56;5224.00;594
13240;48;21240978;13240;635;14623;15217;4.04;0.25;387.36;28.25;1383;56;5225.00;594
13242;48;21240998;13242;636;14624;15221;4.01;0.25;387.36;28.25;1382;56;5226.00;597
13244;48;21241012;13244;635;14624;15221;3.95;0.24;387.38;28.25;1380;56;5227.00;597
13246;48;21241026;13246;637;14626;15225;3.95;0.24;387.36;28.25;1380;56;5228.00;599
13249;48;21241044;13249;641;14626;15226;3.91;0.24;387.31;28.25;1377;56;5229.00;600
13252;48;21241058;13252;634;14626;15226;3.87;0.24;387.29;28.25;1374;56;5230.00;600
13253;48;21241072;13253;636;14626;15226;3.83;0.23;387.27;28.25;1373;56;5231.00;600
13256;48;21241085;13256;628;14636;15239;3.83;0.23;387.21;28.23;1380;56;5232.00;603
13257;48;21241100;13257;629;14636;15239;3.83;0.23;387.18;28.23;1379;56;5233.00;603
13258;48;21241114;13258;636;14636;15239;3.84;0.23;387.16;28.23;1378;56;5234.00;603
13260;48;21241127;13260;632;14637;15240;3.84;0.23;387.11;28.23;1377;56;5235.00;603
13263;48;21241141;13263;633;14637;15241;3.81;0.23;387.12;28.23;1374;56;5236.00;604
13267;48;21241154;13267;627;14637;15241;3.77;0.23;387.08;28.23;1370;56;5237.00;604
13270;48;21241167;13270;633;14638;15244;3.78;0.23;387.07;28.22;1368;56;5238.00;606
13270;48;21241184;13270;638;14638;15244;3.77;0.23;387.07;28.22;1368;56;5239.00;606
13274;48;21241197;13274;637;14639;15244;3.67;0.22;387.07;28.22;1365;56;5240.00;605
13275;48;21241211;13275;639;14639;15244;3.59;0.22;387.08;28.22;1364;56;5241.00;605
13275;48;21241223;13275;652;14642;15250;3.54;0.22;387.08;28.22;1367;56;5242.00;608
13276;48;21241236;13276;663;14642;15250;3.45;0.21;387.06;28.22;1366;56;5243.00;608
13279;48;21241249;13279;666;14644;15250;3.42;0.21;387.06;28.24;1365;56;5244.00;606
13281;48;21241262;13281;669;14644;15250;3.38;0.21;387.04;28.24;1363;56;5245.00;606
13283;48;21241274;13283;674;14645;15254;3.32;0.20;387.02;28.24;1362;56;5246.00;609
13286;48;21241287;13286;680;14645;15255;3.22;0.20;386.99;28.24;1359;56;5247.00;610
13287;48;21241300;13287;674;14645;15255;3.15;0.19;386.99;28.24;1358;56;5248.00;610
13289;48;21241312;13289;670;14646;15256;3.12;0.19;386.97;28.24;1357;56;5249.00;610
13294;48;21241326;13294;650;14646;15256;3.10;0.19;386.92;28.24;1352;56;5250.00;610
13295;48;21241339;13295;630;14646;15256;3.13;0.19;386.91;28.24;1351;56;5251.00;610
13296;48;21241352;13296;624;14646;15256;3.20;0.20;386.91;28.24;1350;56;5252.00;610
13298;48;21241364;13298;618;14646;15256;3.26;0.20;386.89;28.24;1348;56;5253.00;610
13301;48;21241377;13301;612;14646;15256;3.36;0.21;386.87;28.24;1345;56;5254.00;610
13304;48;21241397;13304;602;14646;15256;3.45;0.21;386.88;28.24;1342;56;5255.00;610
13306;48;21241411;13306;606;14676;15326;3.71;0.23;386.85;28.19;1370;56;5256.00;650
13307;48;21241435;13307;595;14679;15327;3.79;0.23;386.84;28.18;1372;56;5257.00;648
13310;48;21241448;13310;585;14683;15327;3.86;0.24;386.85;28.17;1373;56;5258.00;644
13312;48;21241462;13312;580;14687;15327;3.91;0.24;386.84;28.17;1375;56;5259.00;640
13313;48;21241476;13313;574;14688;15327;3.99;0.25;386.84;28.16;1375;56;5260.00;639
13317;48;21241489;13317;561;14689;15327;3.99;0.25;386.94;28.16;1372;56;5261.00;638
13321;48;21241504;13321;559;14692;15327;4.03;0.25;386.94;28.16;1371;56;5262.00;635
13322;48;21241518;13322;549;14692;15327;4.08;0.25;386.92;28.16;1370;56;5263.00;635
13325;48;21241533;13325;547;14694;15328;4.14;0.25;386.93;28.16;1369;56;5264.00;634
13328;48;21241549;13328;538;14696;15330;4.17;0.26;386.93;28.16;1368;56;5265.00;634
13330;48;21241564;13330;544;14698;15330;4.23;0.26;386.91;28.15;1368;56;5266.00;632
13332;48;21241579;13332;546;14701;15334;4.29;0.26;386.92;28.15;1369;56;5267.00;633
13334;48;21241593;13334;538;14703;15334;4.37;0.27;386.93;28.18;1369;56;5268.00;631
13337;48;21241608;13337;539;14704;15334;4.44;0.27;386.88;28.27;1367;56;5269.00;630
13340;48;21241624;13340;536;14705;15334;4.50;0.28;386.89;28.29;1365;56;5270.00;629
13346;48;21241639;13346;537;14708;15340;4.49;0.27;387.07;28.28;1362;56;5271.00;632
13349;48;21241655;13349;535;14710;15340;4.49;0.27;387.06;28.31;1361;56;5272.00;630
13355;48;21241669;13355;534;14710;15340;4.51;0.28;387.06;28.31;1355;56;5273.00;630
13361;48;21241684;13361;527;14712;15343;4.54;0.28;387.08;28.32;1351;56;5274.00;631
13364;48;21241699;13364;531;14713;15343;4.58;0.28;387.07;28.33;1349;56;5275.00;630
13366;48;21241714;13366;530;14715;15343;4.60;0.28;387.13;28.35;1349;56;5276.00;628
13374;48;21241729;13374;528;14715;15344;4.59;0.28;387.28;28.35;1341;56;5277.00;629
13379;48;21241744;13379;528;14720;15345;4.62;0.28;387.34;28.39;1341;56;5278.00;625
13383;48;21241759;13383;529;14721;15345;4.61;0.28;387.26;28.40;1338;56;5279.00;624
13386;48;21241777;13386;533;14740;15371;4.63;0.28;387.28;28.37;1354;56;5280.00;631
13387;48;21241794;13387;530;14742;15371;4.64;0.28;387.36;28.38;1355;56;5281.00;629
13389;48;21241817;13389;527;14746;15371;4.62;0.28;387.39;28.41;1357;56;5282.00;625
13392;48;21241832;13392;518;14746;15372;4.62;0.28;387.46;28.41;1354;56;5283.00;626
13398;48;21241847;13398;511;14748;15372;4.58;0.28;387.66;28.42;1350;56;5284.00;624
13401;48;21241862;13401;518;14751;15376;4.56;0.28;387.69;28.43;1350;56;5285.00;625
13404;48;21241878;13404;514;14754;15376;4.61;0.28;387.73;28.45;1350;56;5286.00;622
13407;48;21241893;13407;511;14758;15379;4.62;0.28;387.81;28.58;1351;56;5287.00;621
13410;48;21241909;13410;512;14759;15380;4.66;0.28;387.86;28.59;1349;56;5288.00;621
13413;48;21241925;13413;512;14761;15380;4.71;0.29;387.87;28.62;1348;56;5289.00;619
13417;48;21241941;13417;514;14761;15380;4.74;0.29;387.97;28.62;1344;56;5290.00;619
13418;48;21241956;13418;523;14763;15380;4.75;0.29;387.96;28.65;1345;56;5291.00;617
13424;48;21241972;13424;534;14774;15392;4.66;0.28;388.25;28.65;1350;56;5292.00;618
13427;48;21241988;13427;531;14775;15392;4.64;0.28;388.32;28.66;1348;56;5293.00;617
13429;48;21242003;13429;543;14777;15392;4.62;0.28;388.32;28.69;1348;56;5294.00;615
13431;48;21242018;13431;550;14779;15392;4.60;0.28;388.28;28.71;1348;56;5295.00;613
13435;48;21242034;13435;558;14781;15392;4.58;0.28;388.37;28.74;1346;56;5296.00;611
13441;48;21242050;13441;556;14782;15392;4.57;0.28;388.60;28.74;1341;56;5297.00;610
13443;48;21242067;13443;549;14785;15393;4.56;0.28;388.58;28.78;1342;56;5298.00;608
13448;48;21242083;13448;548;14786;15393;4.54;0.28;388.64;28.79;1338;56;5299.00;607
13452;48;21242099;13452;544;14791;15399;4.54;0.28;388.61;28.80;1339;56;5300.00;608
13453;48;21242120;13453;544;14793;15400;4.52;0.28;388.65;28.83;1340;56;5301.00;607
13453;48;21242136;13453;535;14795;15400;4.53;0.28;388.65;28.94;1342;56;5302.00;605
13456;48;21242151;13456;540;14797;15400;4.52;0.28;388.66;28.95;1341;56;5303.00;603
13458;48;21242167;13458;548;14803;15404;4.53;0.28;388.77;28.98;1345;56;5304.00;601
13464;48;21242189;13464;552;14804;15404;4.52;0.28;388.85;28.99;1340;56;5305.00;600
13464;48;21242205;13464;542;14807;15404;4.57;0.28;388.85;29.03;1343;56;5306.00;597
13468;48;21242220;13468;540;14811;15405;4.58;0.28;388.92;29.06;1343;56;5307.00;594
13470;48;21242236;13470;536;14812;15409;4.63;0.28;389.03;29.06;1342;56;5308.00;597
13471;48;21242252;13471;533;14815;15409;4.70;0.29;389.05;29.09;1344;56;5309.00;594
13472;48;21242269;13472;538;14820;15415;4.72;0.29;389.14;29.11;1348;56;5310.00;595
13473;48;21242285;13473;536;14823;15415;4.75;0.29;389.18;29.14;1350;56;5311.00;592
13476;48;21242302;13476;534;14825;15415;4.77;0.29;389.31;29.16;1349;56;5312.00;590
13478;48;21242318;13478;534;14827;15415;4.81;0.29;389.32;29.18;1349;56;5313.00;588
13480;48;21242333;13480;543;14832;15419;4.83;0.29;389.41;29.20;1352;56;5314.00;587
13482;48;21242350;13482;547;14834;15419;4.80;0.29;389.56;29.21;1352;56;5315.00;585
13484;48;21242366;13484;554;14837;15419;4.78;0.29;389.59;29.24;1353;56;5316.00;582
13489;48;21242382;13489;541;14838;15419;4.75;0.29;389.67;29.25;1349;56;5317.00;581
13492;48;21242398;13492;533;14842;15420;4.75;0.29;389.71;29.38;1350;56;5318.00;578
13496;48;21242414;13496;535;14842;15421;4.72;0.29;389.82;29.38;1346;56;5319.00;579
13500;48;21242431;13500;534;14845;15421;4.68;0.29;389.84;29.41;1345;56;5320.00;576
13501;48;21242447;13501;527;14847;15422;4.67;0.29;389.89;29.41;1346;56;5321.00;575
13505;48;21242463;13505;520;14848;15422;4.63;0.28;389.97;29.42;1343;56;5322.00;574
13508;48;21242485;13508;529;14850;15422;4.65;0.28;390.08;29.44;1342;56;5323.00;572
13510;48;21242500;13510;527;14852;15422;4.62;0.28;390.16;29.45;1342;56;5324.00;570
13514;48;21242516;13514;522;14855;15422;4.64;0.28;390.19;29.47;1341;56;5325.00;567
13514;48;21242531;13514;520;14855;15422;4.69;0.29;390.19;29.47;1341;56;5326.00;567
13514;48;21242546;13514;517;14858;15422;4.71;0.29;390.19;29.59;1344;56;5327.00;564
13515;48;21242561;13515;543;14926;15549;4.84;0.30;390.18;29.47;1411;56;5328.00;623
13519;48;21242587;13519;530;14928;15550;4.88;0.30;390.27;29.66;1409;57;5329.00;622
13520;48;21242613;13520;523;14932;15550;4.91;0.30;390.30;29.66;1412;57;5330.00;618
13523;48;21242629;13523;521;14936;15550;4.92;0.30;390.31;29.68;1413;57;5331.00;614
13524;48;21242645;13524;531;14940;15550;4.93;0.30;390.32;29.68;1416;57;5332.00;610
13526;48;21242660;13526;525;14945;15550;4.93;0.30;390.38;29.68;1419;57;5333.00;605
13526;48;21242677;13526;535;14949;15550;4.97;0.31;390.38;29.70;1423;57;5334.00;601
13527;48;21242692;13527;540;14950;15550;4.99;0.31;390.41;29.70;1423;57;5335.00;600
13528;48;21242709;13528;546;14952;15551;4.97;0.31;390.49;29.70;1424;57;5336.00;599
13529;48;21242725;13529;549;14956;15552;4.96;0.30;390.52;29.71;1427;57;5337.00;596
13531;48;21242741;13531;548;14957;15552;4.93;0.30;390.53;29.71;1426;57;5338.00;595
13533;48;21242757;13533;557;14962;15553;4.90;0.30;390.56;29.72;1429;57;5339.00;591
13535;48;21242775;13535;554;14964;15553;4.88;0.30;390.62;29.72;1429;57;5340.00;589
13537;48;21242797;13537;557;14966;15553;4.88;0.30;390.66;29.74;1429;57;5341.00;587
13538;48;21242814;13538;545;14969;15553;4.91;0.30;390.66;29.73;1431;57;5342.00;584
13539;48;21242830;13539;546;14972;15557;4.90;0.30;390.65;29.83;1433;57;5343.00;585
13539;48;21242847;13539;533;14974;15557;4.94;0.30;390.65;29.83;1435;57;5344.00;583
13543;48;21242863;13543;527;14976;15557;4.93;0.30;390.72;29.85;1433;57;5345.00;581
13546;48;21242879;13546;525;14978;15560;4.94;0.30;390.70;29.86;1432;57;5346.00;582
13548;49;21242902;13548;519;14978;15560;4.98;0.30;390.75;29.86;1430;58;5347.00;582
13548;49;21242929;13548;507;14979;15560;5.03;0.31;390.75;29.87;1431;58;5348.00;581
13551;49;21242945;13551;508;14979;15564;5.06;0.31;390.86;29.87;1428;58;5349.00;585
13554;49;21242960;13554;499;14980;15565;5.08;0.31;390.84;29.86;1426;58;5350.00;585
13559;49;21242977;13559;495;14981;15565;5.08;0.31;390.91;29.87;1422;58;5351.00;584
13561;49;21242994;13561;496;14984;15569;5.05;0.31;390.88;29.87;1423;58;5352.00;585
13563;49;21243016;13563;498;14985;15569;5.02;0.31;390.91;29.88;1422;58;5353.00;584
13567;49;21243032;13567;500;14985;15569;4.97;0.30;390.98;29.88;1418;59;5354.00;584
13567;49;21243058;13567;501;14986;15571;4.95;0.30;390.98;29.97;1419;59;5355.00;585
13570;49;21243074;13570;498;14988;15571;4.89;0.30;391.11;29.98;1418;59;5356.00;583
13572;49;21243101;13572;510;14992;15577;4.87;0.30;391.20;29.99;1420;59;5357.00;585
13575;49;21243117;13575;513;14995;15577;4.84;0.29;391.35;29.99;1420;59;5358.00;582
13578;49;21243134;13578;521;14997;15577;4.79;0.29;391.43;30.00;1419;59;5359.00;580
13581;49;21243149;13581;524;14997;15578;4.74;0.29;391.56;30.00;1416;59;5360.00;581
13583;49;21243165;13583;539;14999;15578;4.72;0.29;391.58;30.01;1416;59;5361.00;579
13586;49;21243181;13586;539;15000;15578;4.68;0.28;391.68;30.01;1414;59;5362.00;578
13587;49;21243197;13587;547;15001;15578;4.65;0.28;391.72;30.02;1414;59;5363.00;577
13588;49;21243214;13588;544;15010;15590;4.70;0.29;391.72;30.02;1422;59;5364.00;580
13591;49;21243230;13591;550;15010;15590;4.69;0.29;391.69;30.02;1419;59;5365.00;580
13591;49;21243245;13591;552;15010;15590;4.68;0.29;391.69;30.02;1419;59;5366.00;580
13595;49;21243260;13595;552;15010;15590;4.62;0.28;391.66;30.02;1415;59;5367.00;580
13597;49;21243276;13597;551;15011;15590;4.60;0.28;391.68;30.03;1414;59;5368.00;579
13602;49;21243296;13602;561;15011;15590;4.55;0.28;391.69;30.03;1409;59;5369.00;579
13605;49;21243314;13605;556;15013;15594;4.51;0.28;391.73;30.03;1408;59;5370.00;581
13608;49;21243330;13608;553;15014;15594;4.45;0.27;391.69;30.05;1406;59;5371.00;580
13609;49;21243351;13609;549;15017;15598;4.42;0.27;391.72;30.05;1408;59;5372.00;581
13610;49;21243372;13610;547;15017;15599;4.36;0.27;391.77;30.05;1407;59;5373.00;582
13614;49;21243387;13614;555;15017;15599;4.31;0.26;391.89;30.05;1403;59;5374.00;582
13617;49;21243404;13617;557;15017;15599;4.29;0.26;391.86;30.05;1400;59;5375.00;582
13621;49;21243419;13621;569;15027;15612;4.28;0.26;391.85;30.03;1406;59;5376.00;585
13622;49;21243435;13622;572;15028;15612;4.29;0.26;391.88;30.03;1406;59;5377.00;584
13625;49;21243450;13625;579;15028;15612;4.28;0.26;391.91;30.03;1403;59;5378.00;584
13627;49;21243465;13627;580;15030;15613;4.30;0.26;391.94;30.12;1403;59;5379.00;583
13630;49;21243481;13630;587;15030;15614;4.30;0.26;391.93;30.12;1400;59;5380.00;584
13631;49;21243496;13631;599;15030;15614;4.33;0.27;391.94;30.12;1399;59;5381.00;584
13634;49;21243511;13634;605;15031;15617;4.33;0.27;391.90;30.12;1397;59;5382.00;586
13636;49;21243526;13636;607;15031;15617;4.32;0.26;391.87;30.12;1395;59;5383.00;586
13639;49;21243542;13639;615;15032;15617;4.30;0.26;391.91;30.22;1393;59;5384.00;585
13640;49;21243557;13640;618;15032;15617;4.31;0.26;391.99;30.22;1392;59;5385.00;585
13642;49;21243572;13642;630;15037;15623;4.30;0.26;391.99;30.31;1395;59;5386.00;586
13645;49;21243593;13645;626;15037;15623;4.27;0.26;392.04;30.31;1392;59;5387.00;586
13649;49;21243608;13649;631;15038;15623;4.23;0.26;392.06;30.40;1389;59;5388.00;585
13650;49;21243625;13650;639;15039;15623;4.20;0.26;392.03;30.50;1389;59;5389.00;584
13651;49;21243645;13651;640;15040;15627;4.18;0.26;392.11;30.50;1389;59;5390.00;587
13655;49;21243659;13655;646;15040;15628;4.15;0.25;392.05;30.50;1385;59;5391.00;588
13656;49;21243674;13656;653;15040;15628;4.10;0.25;392.03;30.50;1384;59;5392.00;588
13657;49;21243688;13657;657;15042;15629;4.06;0.25;392.02;30.59;1385;59;5393.00;587
13659;49;21243702;13659;664;15042;15629;4.01;0.25;392.03;30.59;1383;59;5394.00;587
13663;49;21243716;13663;657;15042;15629;3.92;0.24;391.93;30.59;1379;59;5395.00;587
13668;49;21243730;13668;658;15042;15629;3.85;0.24;391.91;30.59;1374;59;5396.00;587
13669;49;21243744;13669;662;15042;15629;3.79;0.23;391.90;30.59;1373;59;5397.00;587
13671;49;21243757;13671;662;15042;15629;3.73;0.23;391.97;30.59;1371;59;5398.00;587
13673;49;21243770;13673;660;15042;15629;3.67;0.22;391.94;30.59;1369;59;5399.00;587
