step_arrived;step_collisions;step_duration;step_ended;step_halting;step_inserted;step_loaded;step_meanSpeed;step_meanSpeedRelative;step_meanTravelTime;step_meanWaitingTime;step_running;step_teleports;step_time;step_waiting
0;0;21096815;0;1;90;245;16.26;1.14;-1.00;0.00;90;0;0.00;155
0;0;21096839;0;0;100;245;15.55;1.08;-1.00;0.10;100;0;1.00;145
0;0;21096840;0;1;119;245;14.69;1.00;-1.00;0.40;119;0;2.00;126
0;0;21096841;0;2;133;245;13.39;0.91;-1.00;0.68;133;0;3.00;112
0;0;21096842;0;2;145;245;12.55;0.84;-1.00;0.95;145;0;4.00;100
0;0;21096843;0;5;155;245;11.55;0.78;-1.00;1.21;155;0;5.00;90
0;0;21096845;0;7;166;245;10.74;0.72;-1.00;1.53;166;0;6.00;79
0;0;21096846;0;13;174;245;10.19;0.68;-1.00;1.78;174;0;7.00;71
0;0;21096848;0;22;186;246;9.61;0.64;-1.00;2.18;186;0;8.00;60
0;0;21096849;0;22;190;247;9.34;0.62;-1.00;2.33;190;0;9.00;57
0;0;21096852;0;28;197;247;9.00;0.60;-1.00;2.60;197;0;10.00;50
0;0;21096853;0;30;202;248;8.81;0.58;-1.00;2.76;202;0;11.00;46
1;0;21096855;1;35;206;248;8.60;0.56;12.00;2.94;205;0;12.00;42
2;0;21096857;2;40;209;248;8.51;0.56;12.50;3.08;207;0;13.00;39
2;0;21096860;2;41;212;248;8.49;0.55;12.50;3.24;210;0;14.00;36
2;0;21096862;2;44;217;252;8.46;0.55;12.50;3.38;215;0;15.00;35
2;0;21096864;2;49;219;252;8.56;0.55;12.50;3.49;217;0;16.00;33
2;0;21096867;2;53;222;252;8.61;0.55;12.50;3.68;220;0;17.00;30
2;0;21096869;2;60;225;255;8.71;0.55;12.50;3.87;223;0;18.00;30
2;0;21096872;2;63;228;255;8.82;0.56;12.50;4.07;226;0;19.00;27
3;0;21096874;3;67;231;255;8.78;0.56;15.00;4.27;228;0;20.00;24
4;0;21096877;4;69;237;259;8.95;0.56;16.50;4.33;233;0;21.00;22
4;0;21096880;4;73;239;260;8.88;0.56;16.50;4.42;235;0;22.00;21
5;0;21096882;5;81;243;260;8.74;0.55;17.80;4.65;238;0;23.00;17
6;0;21096885;6;81;245;264;8.55;0.53;18.83;4.71;239;0;24.00;19
6;0;21096888;6;85;249;264;8.47;0.53;18.83;4.80;243;0;25.00;15
6;0;21096890;6;88;250;264;8.46;0.53;18.83;4.79;244;0;26.00;14
6;0;21096893;6;87;251;265;8.41;0.52;18.83;4.78;245;0;27.00;14
6;0;21096896;6;92;252;265;8.37;0.52;18.83;4.87;246;0;28.00;13
6;0;21096898;6;94;258;271;8.27;0.51;18.83;4.82;252;0;29.00;13
6;0;21096903;6;97;259;271;8.17;0.51;18.83;4.92;253;0;30.00;12
8;0;21096906;8;100;260;272;7.93;0.49;21.50;4.90;252;0;31.00;12
8;0;21096909;8;103;261;272;7.96;0.50;21.50;4.90;253;0;32.00;11
8;0;21096911;8;104;262;272;8.00;0.50;21.50;5.01;254;0;33.00;10
8;0;21096914;8;110;262;272;8.16;0.51;21.50;5.01;254;0;34.00;10
9;0;21096917;9;115;264;272;8.21;0.51;23.00;5.23;255;0;35.00;8
10;0;21096920;10;117;274;284;8.57;0.53;23.60;5.04;264;0;36.00;10
11;0;21096923;11;119;274;284;8.54;0.53;24.45;5.04;263;0;37.00;10
11;0;21096926;11;119;276;284;8.44;0.52;24.45;5.15;265;0;38.00;8
12;0;21096929;12;121;277;284;8.36;0.52;25.50;5.24;265;0;39.00;7
14;0;21096932;14;122;278;284;8.18;0.51;27.00;5.30;264;0;40.00;6
14;0;21096934;14;126;279;284;8.00;0.50;27.00;5.33;265;0;41.00;5
14;0;21096937;14;130;284;288;7.98;0.49;27.00;5.27;270;0;42.00;4
14;0;21096940;14;132;284;288;7.89;0.49;27.00;5.27;270;0;43.00;4
17;0;21096943;17;136;288;292;7.82;0.48;28.00;5.22;271;0;44.00;4
17;0;21096946;17;140;290;294;7.75;0.48;28.00;5.18;273;0;45.00;4
18;0;21096949;18;143;290;294;7.57;0.47;29.00;5.18;272;0;46.00;4
18;0;21096952;18;141;290;294;7.48;0.46;29.00;5.18;272;0;47.00;4
18;0;21096954;18;144;301;307;7.80;0.48;29.00;4.99;283;0;48.00;6
18;0;21096958;18;147;301;307;7.71;0.48;29.00;4.99;283;0;49.00;6
18;0;21096960;18;148;301;307;7.57;0.47;29.00;4.99;283;0;50.00;6
18;0;21096963;18;150;302;308;7.50;0.47;29.00;4.98;284;0;51.00;6
21;0;21096965;21;151;303;309;7.27;0.45;30.48;4.96;282;0;52.00;6
22;0;21096968;22;151;303;309;7.19;0.45;31.45;4.96;281;0;53.00;6
22;0;21096971;22;153;305;312;7.19;0.45;31.45;4.93;283;0;54.00;7
23;0;21096974;23;155;305;312;6.99;0.43;31.48;4.93;282;0;55.00;7
24;0;21096976;24;142;306;312;6.96;0.43;31.54;4.92;282;0;56.00;6
25;0;21096979;25;140;306;312;6.92;0.43;32.56;4.92;281;0;57.00;6
25;0;21096981;25;141;312;318;6.99;0.43;32.56;4.85;287;0;58.00;6
27;0;21096985;27;142;312;318;7.01;0.43;34.52;4.85;285;0;59.00;6
28;0;21096989;28;145;312;318;7.09;0.44;35.32;4.85;284;0;60.00;6
28;0;21096991;28;148;312;318;7.16;0.44;35.32;4.85;284;0;61.00;6
28;0;21096994;28;149;316;322;7.22;0.44;35.32;4.80;288;0;62.00;6
30;0;21096997;30;151;317;323;7.33;0.45;36.80;4.78;287;0;63.00;6
30;0;21097000;30;152;317;323;7.37;0.45;36.80;4.78;287;0;64.00;6
30;0;21097002;30;152;318;324;7.49;0.46;36.80;4.77;288;0;65.00;6
30;0;21097004;30;154;318;324;7.53;0.46;36.80;4.77;288;0;66.00;6
30;0;21097007;30;142;318;324;7.67;0.47;36.80;4.77;288;0;67.00;6
30;0;21097009;30;141;318;324;7.74;0.47;36.80;4.77;288;0;68.00;6
34;0;21097012;34;136;318;324;7.77;0.47;39.18;4.77;284;0;69.00;6
34;0;21097015;34;132;318;324;7.89;0.48;39.18;4.77;284;0;70.00;6
34;0;21097018;34;130;318;324;8.02;0.49;39.18;4.77;284;0;71.00;6
34;0;21097021;34;134;351;394;8.25;0.51;39.18;4.32;317;0;72.00;43
34;0;21097029;34;127;352;395;8.48;0.52;39.18;4.31;318;0;73.00;43
35;0;21097032;35;119;359;395;8.84;0.54;39.57;4.27;324;0;74.00;36
35;0;21097035;35;117;361;395;9.00;0.55;39.57;4.26;326;0;75.00;34
35;0;21097038;35;114;364;395;9.24;0.57;39.57;4.26;329;0;76.00;31
36;0;21097042;36;115;367;395;9.40;0.58;40.50;4.26;331;0;77.00;28
36;0;21097045;36;115;370;395;9.48;0.58;40.50;4.28;334;0;78.00;25
37;0;21097054;37;122;373;395;9.46;0.58;41.54;4.30;336;0;79.00;22
40;0;21097058;40;122;374;396;9.41;0.57;43.98;4.31;334;0;80.00;22
42;0;21097068;42;122;376;397;9.35;0.57;45.74;4.34;334;0;81.00;21
42;0;21097074;42;122;379;397;9.39;0.57;45.74;4.36;337;0;82.00;18
42;0;21097080;42;128;383;401;9.18;0.56;45.74;4.33;341;0;83.00;18
42;0;21097091;42;127;384;401;9.14;0.55;45.74;4.35;342;0;84.00;17
42;0;21097095;42;128;385;401;9.14;0.56;45.74;4.35;343;0;85.00;16
43;0;21097098;43;128;385;401;9.02;0.55;46.65;4.35;342;0;86.00;16
43;0;21097101;43;127;390;407;8.98;0.55;46.65;4.30;347;0;87.00;17
44;0;21097105;44;128;390;407;8.86;0.54;47.59;4.30;346;0;88.00;17
45;0;21097110;45;129;390;407;8.71;0.53;48.51;4.30;345;0;89.00;17
45;0;21097116;45;128;394;413;8.76;0.53;48.51;4.26;349;0;90.00;19
46;0;21097119;46;131;394;413;8.66;0.53;49.43;4.26;348;0;91.00;19
46;0;21097124;46;134;396;413;8.73;0.53;49.43;4.25;350;0;92.00;17
50;0;21097128;50;133;397;414;8.60;0.52;52.92;4.24;347;0;93.00;17
51;0;21097132;51;132;398;415;8.67;0.53;53.63;4.23;347;0;94.00;17
52;0;21097136;52;132;398;415;8.67;0.53;54.42;4.23;346;0;95.00;17
52;0;21097140;52;138;409;428;8.64;0.53;54.42;4.12;357;0;96.00;19
56;0;21097145;56;134;409;428;8.54;0.52;57.46;4.12;353;0;97.00;19
56;0;21097148;56;132;409;428;8.56;0.52;57.46;4.12;353;0;98.00;19
61;0;21097152;61;132;410;429;8.48;0.52;59.62;4.11;349;0;99.00;19
62;0;21097158;62;134;410;429;8.50;0.52;60.18;4.11;348;0;100.00;19
64;0;21097165;64;137;413;433;8.57;0.52;61.00;4.08;349;0;101.00;20
64;0;21097169;64;137;413;433;8.53;0.52;61.00;4.08;349;0;102.00;20
64;0;21097173;64;140;417;437;8.44;0.51;61.00;4.06;353;0;103.00;20
65;0;21097177;65;135;417;437;8.58;0.52;61.63;4.06;352;0;104.00;20
66;0;21097181;66;130;417;437;8.65;0.53;62.29;4.06;351;0;105.00;20
67;0;21097185;67;124;417;437;8.80;0.53;62.91;4.06;350;0;106.00;20
67;0;21097189;67;116;417;437;8.90;0.54;62.91;4.06;350;0;107.00;20
67;0;21097193;67;107;428;449;9.09;0.55;62.91;3.95;361;0;108.00;21
67;0;21097198;67;102;429;449;9.25;0.56;62.91;3.94;362;0;109.00;20
67;0;21097203;67;97;431;449;9.30;0.57;62.91;4.10;364;0;110.00;18
67;0;21097209;67;93;431;449;9.47;0.58;62.91;4.10;364;0;111.00;18
67;0;21097214;67;87;431;449;9.60;0.59;62.91;4.10;364;0;112.00;18
68;0;21097218;68;84;431;449;9.78;0.60;63.60;4.10;363;0;113.00;18
68;0;21097222;68;84;432;450;9.92;0.61;63.60;4.09;364;0;114.00;18
69;0;21097227;69;80;432;450;10.06;0.62;64.35;4.09;363;0;115.00;18
70;0;21097232;70;76;437;456;10.31;0.63;65.03;4.06;367;0;116.00;19
70;0;21097236;70;72;438;457;10.45;0.64;65.03;4.05;368;0;117.00;19
71;0;21097241;71;68;438;457;10.47;0.64;65.77;4.05;367;0;118.00;19
72;0;21097247;72;65;438;457;10.50;0.64;66.01;4.05;366;0;119.00;19
72;0;21097253;72;66;442;462;10.64;0.65;66.01;4.01;370;0;120.00;20
72;0;21097259;72;67;442;462;10.72;0.66;66.01;4.01;370;0;121.00;20
74;0;21097264;74;67;443;462;10.81;0.66;67.45;4.28;369;0;122.00;19
75;0;21097269;75;70;444;463;10.92;0.67;68.19;4.27;369;0;123.00;19
77;0;21097275;77;71;448;467;11.01;0.67;69.60;4.24;371;0;124.00;19
80;0;21097280;80;73;450;467;11.09;0.68;71.54;4.62;370;0;125.00;17
81;0;21097286;81;75;453;470;11.28;0.69;72.16;4.71;372;0;126.00;17
81;0;21097292;81;77;455;470;11.43;0.70;72.16;4.97;374;0;127.00;15
82;0;21097297;82;78;457;470;11.54;0.70;72.54;5.19;375;0;128.00;13
82;0;21097302;82;80;457;470;11.60;0.71;72.54;5.19;375;0;129.00;13
83;0;21097308;83;81;461;474;11.74;0.72;73.20;5.44;378;0;130.00;13
83;0;21097313;83;83;463;474;11.71;0.72;73.20;5.72;380;0;131.00;11
85;0;21097319;85;87;464;474;11.74;0.72;74.58;5.84;379;0;132.00;10
86;0;21097324;86;88;466;474;11.75;0.72;75.14;6.09;380;0;133.00;8
89;0;21097330;89;91;468;475;11.69;0.71;76.69;6.14;379;0;134.00;7
90;0;21097335;90;87;471;477;11.64;0.71;77.31;6.24;381;0;135.00;6
91;0;21097341;91;87;472;477;11.59;0.71;77.96;6.27;381;0;136.00;5
93;0;21097346;93;90;475;478;11.45;0.70;79.20;6.39;382;0;137.00;3
94;0;21097352;94;92;475;478;11.34;0.69;79.06;6.39;381;0;138.00;3
95;0;21097358;95;96;475;478;11.29;0.69;78.94;6.39;380;0;139.00;3
97;0;21097364;97;95;476;478;11.20;0.68;78.82;6.46;379;0;140.00;2
97;0;21097369;97;96;476;478;11.11;0.68;78.82;6.46;379;0;141.00;2
100;0;21097374;100;97;477;478;11.09;0.68;80.27;6.55;377;0;142.00;1
100;0;21097379;100;96;477;478;11.17;0.68;80.27;6.55;377;0;143.00;1
103;0;21097385;103;116;552;605;10.90;0.68;82.09;5.66;449;0;144.00;53
105;0;21097399;105;111;559;606;10.82;0.68;82.60;5.65;454;0;145.00;47
106;0;21097405;106;108;565;606;10.85;0.68;82.86;5.61;459;0;146.00;41
106;0;21097411;106;108;567;606;10.76;0.68;82.86;5.60;461;0;147.00;39
108;0;21097416;108;109;573;606;10.69;0.67;84.06;5.58;465;0;148.00;33
109;0;21097422;109;108;576;606;10.70;0.67;84.26;5.58;467;0;149.00;30
112;0;21097429;112;110;581;611;10.55;0.66;85.90;5.56;469;0;150.00;30
113;0;21097436;113;106;585;611;10.58;0.66;86.05;5.57;472;0;151.00;26
115;0;21097442;115;106;588;612;10.61;0.66;86.52;5.59;473;0;152.00;24
116;0;21097448;116;112;592;613;10.59;0.66;87.07;5.61;476;0;153.00;21
118;0;21097454;118;110;594;613;10.66;0.66;87.12;5.62;476;0;154.00;19
119;0;21097460;119;112;597;614;10.65;0.66;87.67;5.63;478;0;155.00;17
120;0;21097466;120;119;602;614;10.58;0.66;88.12;5.67;482;0;156.00;12
123;0;21097472;123;123;603;614;10.47;0.65;88.59;5.67;480;0;157.00;11
127;0;21097479;127;128;603;614;10.39;0.64;89.71;5.67;476;0;158.00;11
127;0;21097485;127;134;608;618;10.34;0.64;89.71;5.65;481;0;159.00;10
131;0;21097491;131;135;608;618;10.26;0.63;90.53;5.65;477;0;160.00;10
133;0;21097497;133;142;609;618;10.22;0.63;91.47;5.67;476;0;161.00;9
135;0;21097503;135;148;612;621;10.18;0.63;92.47;5.70;477;0;162.00;9
140;0;21097509;140;155;613;621;10.12;0.62;94.89;5.72;473;0;163.00;8
141;0;21097514;141;157;614;621;10.10;0.62;94.85;5.75;473;0;164.00;7
142;0;21097520;142;163;618;625;9.95;0.61;94.82;5.75;476;0;165.00;7
142;0;21097526;142;164;620;626;9.88;0.61;94.82;5.75;478;0;166.00;6
143;0;21097531;143;164;620;626;9.77;0.60;94.32;5.75;477;0;167.00;6
143;0;21097536;143;166;624;630;9.68;0.60;94.32;5.71;481;0;168.00;6
145;0;21097543;145;164;624;630;9.55;0.59;94.86;5.71;479;0;169.00;6
146;0;21097549;146;165;627;630;9.45;0.58;94.71;5.75;481;0;170.00;3
148;0;21097555;148;164;628;631;9.27;0.57;95.61;5.75;480;0;171.00;3
150;0;21097560;150;162;629;631;9.09;0.56;96.43;5.78;479;0;172.00;2
150;0;21097565;150;164;635;637;9.02;0.55;96.43;5.74;485;0;173.00;2
151;0;21097571;151;165;635;637;8.79;0.54;96.79;5.74;484;0;174.00;2
152;0;21097576;152;159;636;638;8.64;0.53;96.52;5.73;484;0;175.00;2
152;0;21097582;152;155;636;638;8.50;0.52;96.52;5.73;484;0;176.00;2
152;0;21097589;152;155;636;638;8.42;0.52;96.52;5.73;484;0;177.00;2
152;0;21097596;152;146;636;638;8.41;0.52;96.52;5.73;484;0;178.00;2
153;0;21097601;153;149;636;638;8.43;0.52;97.01;5.73;483;0;179.00;2
155;0;21097611;155;154;663;672;8.62;0.54;97.91;5.49;508;0;180.00;9
155;0;21097620;155;149;665;672;8.69;0.54;97.91;5.48;510;0;181.00;7
156;0;21097626;156;146;670;672;8.75;0.54;98.43;5.52;514;0;182.00;2
156;0;21097632;156;141;671;672;8.83;0.55;98.43;5.52;515;0;183.00;1
158;0;21097637;158;142;672;672;8.95;0.55;98.12;5.52;514;0;184.00;0
159;0;21097645;159;138;672;672;9.03;0.56;98.58;5.52;513;0;185.00;0
160;0;21097651;160;133;676;676;9.13;0.57;98.56;5.49;516;0;186.00;0
161;0;21097658;161;132;676;676;9.27;0.57;99.06;5.49;515;0;187.00;0
162;0;21097664;162;133;680;680;9.40;0.58;99.61;5.46;518;0;188.00;0
164;0;21097670;164;133;681;681;9.45;0.58;100.59;5.46;517;0;189.00;0
167;0;21097677;167;137;681;681;9.46;0.58;100.75;5.46;514;0;190.00;0
167;0;21097683;167;141;681;681;9.48;0.59;100.75;5.46;514;0;191.00;0
167;0;21097688;167;150;694;694;9.45;0.58;100.75;5.35;527;0;192.00;0
171;0;21097695;171;159;694;694;9.37;0.58;100.97;5.35;523;0;193.00;0
173;0;21097701;173;168;694;694;9.18;0.57;100.99;5.35;521;0;194.00;0
174;0;21097708;174;170;695;695;9.10;0.56;101.11;5.35;521;0;195.00;0
175;0;21097714;175;170;696;696;8.96;0.56;100.69;5.34;521;0;196.00;0
179;0;21097721;179;179;696;696;8.88;0.55;102.11;5.34;517;0;197.00;0
183;0;21097728;183;182;698;699;8.76;0.54;102.38;5.33;515;0;198.00;1
186;0;21097735;186;182;698;699;8.61;0.53;102.03;5.33;512;0;199.00;1
187;0;21097742;187;186;699;699;8.62;0.53;102.17;5.32;512;0;200.00;0
188;0;21097752;188;189;699;699;8.47;0.52;101.93;5.32;511;0;201.00;0
191;0;21097758;191;196;705;705;8.37;0.52;102.34;5.29;514;0;202.00;0
195;0;21097765;195;203;705;705;8.28;0.51;103.17;5.29;510;0;203.00;0
200;0;21097771;200;211;705;705;8.08;0.50;102.88;5.29;505;0;204.00;0
200;0;21097777;200;216;705;705;8.00;0.49;102.88;5.29;505;0;205.00;0
201;0;21097782;201;218;709;709;7.91;0.49;103.15;5.26;508;0;206.00;0
204;0;21097789;204;220;710;710;7.89;0.49;102.52;5.25;506;0;207.00;0
205;0;21097795;205;224;710;710;7.80;0.48;102.33;5.25;505;0;208.00;0
207;0;21097801;207;228;711;711;7.77;0.48;101.97;5.25;504;0;209.00;0
211;0;21097808;211;236;711;711;7.65;0.47;101.03;5.25;500;0;210.00;0
214;0;21097813;214;237;711;711;7.55;0.46;102.07;5.25;497;0;211.00;0
215;0;21097820;215;240;711;711;7.40;0.46;102.55;5.25;496;0;212.00;0
218;0;21097825;218;243;711;711;7.29;0.45;102.83;5.25;493;0;213.00;0
218;0;21097831;218;247;711;711;7.21;0.44;102.83;5.25;493;0;214.00;0
220;0;21097836;220;252;711;711;7.09;0.44;103.05;5.25;491;0;215.00;0
220;0;21097841;220;268;755;781;7.40;0.46;103.05;4.94;535;0;216.00;26
221;0;21097853;221;266;757;782;7.27;0.45;103.39;4.93;536;0;217.00;25
224;0;21097860;224;267;764;782;7.23;0.45;103.74;4.90;540;0;218.00;18
225;0;21097865;225;273;767;782;7.12;0.44;104.00;4.90;542;0;219.00;15
227;0;21097871;227;274;769;782;7.06;0.43;104.38;4.89;542;0;220.00;13
229;0;21097876;229;277;771;782;7.03;0.43;105.06;4.89;542;0;221.00;11
229;0;21097882;229;269;773;782;7.04;0.43;105.06;4.90;544;0;222.00;9
230;0;21097887;230;261;775;782;6.98;0.43;105.57;4.90;545;0;223.00;7
231;0;21097893;231;242;777;783;7.00;0.43;105.90;4.91;546;0;224.00;6
232;0;21097899;232;233;780;785;7.09;0.43;106.41;4.92;548;0;225.00;5
234;0;21097905;234;228;782;785;7.20;0.44;106.77;4.93;548;0;226.00;3
234;0;21097918;234;234;788;789;7.37;0.45;106.77;4.91;554;0;227.00;1
237;0;21097925;237;229;789;789;7.52;0.46;107.03;4.91;552;0;228.00;0
238;0;21097931;238;233;789;789;7.69;0.47;107.53;4.91;551;0;229.00;0
239;0;21097938;239;232;789;789;7.83;0.48;107.69;4.91;550;0;230.00;0
239;0;21097946;239;215;795;795;8.07;0.50;107.69;4.88;556;0;231.00;0
241;0;21097953;241;205;795;795;8.29;0.51;108.11;4.88;554;0;232.00;0
243;0;21097960;243;191;795;795;8.42;0.52;108.68;4.88;552;0;233.00;0
243;0;21097972;243;180;797;798;8.62;0.53;108.68;4.87;554;0;234.00;1
243;0;21097979;243;176;797;798;8.75;0.54;108.68;4.87;554;0;235.00;1
244;0;21097986;244;169;798;798;8.88;0.54;109.20;4.87;554;0;236.00;0
247;0;21097993;247;163;799;799;8.93;0.55;109.85;4.86;552;0;237.00;0
248;0;21098000;248;161;800;800;9.04;0.55;109.79;4.86;552;0;238.00;0
252;0;21098007;252;157;800;800;9.13;0.56;110.62;4.86;548;0;239.00;0
254;0;21098015;254;163;825;826;9.36;0.57;110.99;4.71;571;0;240.00;1
256;0;21098024;256;156;825;826;9.41;0.58;111.02;4.71;569;0;241.00;1
257;0;21098031;257;147;826;826;9.54;0.59;110.97;4.71;569;0;242.00;0
257;0;21098038;257;142;827;827;9.71;0.60;110.97;4.70;570;0;243.00;0
258;0;21098046;258;140;827;827;9.76;0.60;111.38;4.70;569;0;244.00;0
262;0;21098052;262;135;831;831;9.81;0.60;112.72;4.68;569;0;245.00;0
268;0;21098060;268;128;831;831;9.80;0.60;114.26;4.68;563;0;246.00;0
270;0;21098067;270;122;835;835;9.65;0.59;114.67;4.67;565;0;247.00;0
271;0;21098074;271;123;835;835;9.64;0.59;114.63;4.67;564;0;248.00;0
273;0;21098081;273;124;835;835;9.68;0.59;115.22;4.67;562;0;249.00;0
276;0;21098088;276;122;835;835;9.74;0.59;115.50;4.67;559;0;250.00;0
281;0;21098094;281;118;835;835;9.77;0.59;116.18;4.67;554;0;251.00;0
283;0;21098101;283;123;846;847;9.88;0.60;117.09;4.61;563;0;252.00;1
284;0;21098110;284;123;846;847;9.92;0.60;117.31;4.61;562;0;253.00;1
288;0;21098116;288;127;847;847;9.96;0.61;118.09;4.60;559;0;254.00;0
291;0;21098123;291;127;847;847;10.01;0.61;118.92;4.60;556;0;255.00;0
293;0;21098129;293;130;847;847;10.05;0.61;119.57;4.60;554;0;256.00;0
293;0;21098136;293;130;847;847;10.05;0.61;119.57;4.60;554;0;257.00;0
295;0;21098142;295;135;848;848;9.97;0.61;119.53;4.60;553;0;258.00;0
296;0;21098150;296;135;848;848;9.90;0.60;119.96;4.60;552;0;259.00;0
296;0;21098156;296;138;854;854;9.87;0.60;119.96;4.57;558;0;260.00;0
297;0;21098163;297;142;855;855;9.91;0.60;119.95;4.57;558;0;261.00;0
298;0;21098170;298;148;855;855;9.88;0.60;120.15;4.57;557;0;262.00;0
298;0;21098176;298;149;855;855;9.85;0.60;120.15;4.57;557;0;263.00;0
300;0;21098183;300;154;859;859;9.77;0.59;120.73;4.55;559;0;264.00;0
300;0;21098190;300;148;859;859;9.77;0.59;120.73;4.55;559;0;265.00;0
300;0;21098196;300;146;859;859;9.76;0.59;120.73;4.55;559;0;266.00;0
300;0;21098202;300;140;860;860;9.79;0.59;120.73;4.54;560;0;267.00;0
302;0;21098208;302;139;864;864;9.73;0.59;120.83;4.53;562;0;268.00;0
304;0;21098214;304;136;864;864;9.79;0.59;121.30;4.53;560;0;269.00;0
306;0;21098223;306;134;868;870;9.82;0.59;122.01;4.50;562;0;270.00;2
308;0;21098230;308;134;868;870;9.84;0.60;122.43;4.50;560;0;271.00;2
312;0;21098236;312;128;870;870;9.92;0.60;123.31;4.50;558;0;272.00;0
312;0;21098243;312;127;870;870;10.04;0.61;123.31;4.50;558;0;273.00;0
315;0;21098250;315;131;874;874;10.12;0.61;123.49;4.48;559;0;274.00;0
315;0;21098256;315;129;874;874;10.22;0.62;123.49;4.48;559;0;275.00;0
318;0;21098262;318;125;874;874;10.22;0.62;124.12;4.48;556;0;276.00;0
320;0;21098268;320;123;874;874;10.21;0.62;124.67;4.48;554;0;277.00;0
322;0;21098275;322;124;875;875;10.18;0.62;124.79;4.48;553;0;278.00;0
324;0;21098281;324;119;876;876;10.20;0.62;124.74;4.47;552;0;279.00;0
328;0;21098287;328;116;876;876;10.21;0.62;125.06;4.47;548;0;280.00;0
333;0;21098293;333;113;877;877;10.18;0.61;125.49;4.47;544;0;281.00;0
336;0;21098299;336;104;877;877;10.20;0.62;125.49;4.47;541;0;282.00;0
338;0;21098306;338;100;877;877;10.25;0.62;125.72;4.47;539;0;283.00;0
340;0;21098313;340;97;877;877;10.34;0.63;126.15;4.47;537;0;284.00;0
340;0;21098319;340;97;877;877;10.49;0.64;126.15;4.47;537;0;285.00;0
341;0;21098325;341;93;877;877;10.69;0.65;126.41;4.47;536;0;286.00;0
342;0;21098331;342;85;877;877;10.86;0.66;126.46;4.47;535;0;287.00;0
343;0;21098337;343;105;946;1004;10.67;0.66;126.41;4.15;603;0;288.00;58
343;0;21098353;343;90;948;1005;10.78;0.66;126.41;4.14;605;0;289.00;57
344;0;21098361;344;84;956;1005;10.90;0.67;126.46;4.12;612;0;290.00;49
346;0;21098368;346;82;961;1005;10.88;0.67;126.65;4.12;615;0;291.00;44
347;0;21098375;347;79;967;1005;10.95;0.67;126.71;4.12;620;0;292.00;38
349;0;21098382;349;80;970;1005;10.97;0.67;126.63;4.12;621;0;293.00;35
350;0;21098390;350;80;971;1005;11.02;0.68;126.39;4.12;621;0;294.00;34
351;0;21098397;351;82;973;1005;11.11;0.68;126.86;4.13;622;0;295.00;32
355;0;21098404;355;79;975;1006;11.19;0.68;126.83;4.13;620;0;296.00;31
358;0;21098412;358;81;979;1007;11.27;0.69;127.68;4.15;621;0;297.00;28
359;0;21098420;359;81;985;1007;11.28;0.69;127.35;4.19;626;0;298.00;22
359;0;21098427;359;84;987;1008;11.36;0.70;127.35;4.20;628;0;299.00;21
361;0;21098437;361;84;991;1014;11.29;0.69;127.11;4.21;630;0;300.00;23
364;0;21098450;364;77;994;1014;11.17;0.69;126.85;4.24;630;0;301.00;20
366;0;21098458;366;83;996;1014;11.18;0.69;127.58;4.25;630;0;302.00;18
366;0;21098465;366;86;1001;1018;11.16;0.68;127.58;4.28;635;0;303.00;17
366;0;21098474;366;96;1003;1018;11.17;0.69;127.58;4.30;637;0;304.00;15
371;0;21098482;371;101;1007;1018;11.05;0.68;127.68;4.32;636;0;305.00;11
375;0;21098490;375;109;1009;1021;11.06;0.68;127.79;4.32;634;0;306.00;12
377;0;21098499;377;111;1010;1021;11.07;0.68;128.59;4.34;633;0;307.00;11
377;0;21098507;377;115;1012;1021;10.98;0.67;128.59;4.37;635;0;308.00;9
378;0;21098515;378;120;1015;1025;10.97;0.67;129.07;4.36;637;0;309.00;10
382;0;21098524;382;124;1016;1026;11.05;0.68;130.44;4.36;634;0;310.00;10
384;0;21098532;384;127;1017;1026;11.12;0.68;131.16;4.37;633;0;311.00;9
384;0;21098540;384;131;1026;1030;11.18;0.69;131.16;4.40;642;0;312.00;4
386;0;21098548;386;133;1027;1030;11.23;0.69;131.31;4.39;641;0;313.00;3
389;0;21098557;389;135;1027;1030;11.14;0.68;131.60;4.39;638;0;314.00;3
392;0;21098565;392;137;1030;1032;11.15;0.68;132.02;4.39;638;0;315.00;2
394;0;21098574;394;143;1030;1032;11.06;0.68;132.88;4.39;636;0;316.00;2
395;0;21098582;395;148;1036;1038;11.08;0.68;133.10;4.37;641;0;317.00;2
398;0;21098591;398;149;1036;1038;11.03;0.67;133.16;4.37;638;0;318.00;2
401;0;21098598;401;151;1037;1039;10.91;0.67;133.82;4.37;636;0;319.00;2
402;0;21098607;402;153;1037;1039;10.70;0.66;133.81;4.37;635;0;320.00;2
405;0;21098614;405;160;1037;1039;10.46;0.64;134.63;4.37;632;0;321.00;2
406;0;21098622;406;164;1037;1039;10.28;0.63;134.58;4.37;631;0;322.00;2
409;0;21098628;409;171;1037;1039;10.09;0.62;135.00;4.37;628;0;323.00;2
411;0;21098635;411;173;1048;1051;9.96;0.61;135.29;4.32;637;0;324.00;3
412;0;21098644;412;167;1048;1051;9.88;0.61;135.61;4.32;636;0;325.00;3
414;0;21098652;414;173;1049;1051;9.80;0.60;135.97;4.32;635;0;326.00;2
415;0;21098659;415;173;1049;1051;9.70;0.60;135.73;4.32;634;0;327.00;2
419;0;21098666;419;175;1049;1051;9.65;0.59;136.19;4.32;630;0;328.00;2
423;0;21098674;423;179;1050;1051;9.60;0.59;137.08;4.36;627;0;329.00;1
425;0;21098683;425;183;1053;1055;9.55;0.59;137.24;4.35;628;0;330.00;2
427;0;21098690;427;180;1053;1055;9.63;0.59;137.57;4.35;626;0;331.00;2
429;0;21098698;429;183;1058;1059;9.70;0.59;137.86;4.35;629;0;332.00;1
431;0;21098705;431;185;1060;1060;9.69;0.59;138.65;4.35;629;0;333.00;0
434;0;21098712;434;189;1060;1060;9.68;0.59;138.94;4.35;626;0;334.00;0
437;0;21098720;437;193;1060;1060;9.63;0.59;139.03;4.35;623;0;335.00;0
439;0;21098727;439;193;1073;1073;9.50;0.58;139.22;4.30;634;0;336.00;0
441;0;21098735;441;195;1073;1073;9.44;0.58;139.41;4.30;632;0;337.00;0
447;0;21098742;447;201;1073;1073;9.37;0.57;139.75;4.30;626;0;338.00;0
450;0;21098749;450;203;1074;1074;9.35;0.57;140.10;4.29;624;0;339.00;0
453;0;21098756;453;206;1075;1075;9.24;0.56;140.90;4.29;622;0;340.00;0
456;0;21098763;456;206;1075;1075;9.12;0.56;141.82;4.29;619;0;341.00;0
459;0;21098769;459;211;1078;1078;9.00;0.55;142.80;4.28;619;0;342.00;0
461;0;21098778;461;215;1078;1078;8.91;0.55;143.66;4.28;617;0;343.00;0
463;0;21098785;463;215;1078;1078;8.89;0.55;144.53;4.28;615;0;344.00;0
466;0;21098791;466;214;1078;1078;8.82;0.54;145.35;4.28;612;0;345.00;0
470;0;21098798;470;215;1084;1084;8.78;0.54;145.57;4.26;614;0;346.00;0
472;0;21098805;472;220;1084;1084;8.61;0.53;146.27;4.26;612;0;347.00;0
475;0;21098811;475;220;1084;1084;8.48;0.52;146.48;4.26;609;0;348.00;0
477;0;21098817;477;222;1084;1084;8.31;0.51;146.99;4.26;607;0;349.00;0
480;0;21098824;480;209;1088;1088;8.18;0.51;147.34;4.25;608;0;350.00;0
481;0;21098831;481;210;1089;1089;8.13;0.50;147.31;4.24;608;0;351.00;0
485;0;21098837;485;206;1089;1089;8.05;0.50;147.78;4.24;604;0;352.00;0
489;0;21098843;489;196;1090;1090;8.04;0.50;148.62;4.24;601;0;353.00;0
491;0;21098850;491;199;1090;1090;8.11;0.50;149.07;4.24;599;0;354.00;0
494;0;21098856;494;199;1090;1090;8.06;0.50;148.76;4.24;596;0;355.00;0
497;0;21098863;497;202;1090;1090;8.09;0.50;148.83;4.24;593;0;356.00;0
498;0;21098869;498;201;1090;1090;8.06;0.50;149.20;4.24;592;0;357.00;0
501;0;21098875;501;194;1090;1090;8.03;0.50;149.74;4.24;589;0;358.00;0
502;0;21098882;502;197;1090;1090;8.06;0.50;150.15;4.24;588;0;359.00;0
506;0;21098889;506;195;1150;1215;8.29;0.52;149.68;4.02;644;0;360.00;65
508;0;21098906;508;196;1155;1216;8.35;0.52;149.51;4.01;647;0;361.00;61
512;0;21098913;512;203;1175;1216;8.31;0.52;149.73;3.97;663;0;362.00;41
517;0;21098920;517;204;1178;1216;8.26;0.52;150.38;3.97;661;0;363.00;38
521;0;21098927;521;205;1185;1216;8.29;0.52;151.00;3.97;664;0;364.00;31
525;0;21098934;525;211;1188;1216;8.14;0.51;150.66;3.97;663;0;365.00;28
526;0;21098942;526;220;1195;1216;8.08;0.50;151.03;3.98;669;0;366.00;21
531;0;21098949;531;219;1200;1216;8.04;0.50;151.26;4.00;669;0;367.00;16
533;0;21098956;533;226;1204;1217;7.92;0.49;151.12;4.01;671;0;368.00;13
537;0;21098963;537;238;1206;1218;7.74;0.48;150.98;4.02;669;0;369.00;12
539;0;21098970;539;243;1210;1218;7.59;0.47;150.81;4.03;671;0;370.00;8
540;0;21098978;540;247;1216;1222;7.44;0.46;150.92;4.03;676;0;371.00;6
540;0;21098985;540;252;1217;1222;7.26;0.45;150.92;4.04;677;0;372.00;5
544;0;21098992;544;258;1220;1222;7.08;0.44;150.90;4.06;676;0;373.00;2
545;0;21099002;545;271;1220;1222;6.94;0.43;151.04;4.06;675;0;374.00;2
547;0;21099010;547;273;1226;1228;6.84;0.42;150.96;4.04;679;0;375.00;2
547;0;21099018;547;278;1227;1228;6.82;0.42;150.96;4.05;680;0;376.00;1
549;0;21099025;549;286;1227;1228;6.76;0.42;151.04;4.05;678;0;377.00;1
550;0;21099032;550;291;1229;1231;6.74;0.41;150.93;4.06;679;0;378.00;2
551;0;21099040;551;301;1229;1231;6.66;0.41;150.75;4.06;678;0;379.00;2
552;0;21099048;552;300;1229;1231;6.58;0.40;151.04;4.06;677;0;380.00;2
555;0;21099055;555;290;1230;1232;6.43;0.39;150.59;4.06;675;0;381.00;2
556;0;21099064;556;286;1231;1233;6.41;0.39;150.36;4.05;675;0;382.00;2
558;0;21099074;558;284;1231;1233;6.36;0.39;149.90;4.05;673;0;383.00;2
558;0;21099083;558;283;1245;1246;6.53;0.40;149.90;4.02;687;0;384.00;1
559;0;21099092;559;281;1245;1246;6.59;0.40;149.91;4.02;686;0;385.00;1
560;0;21099100;560;274;1246;1246;6.70;0.41;149.82;4.02;686;0;386.00;0
561;0;21099107;561;278;1247;1247;6.80;0.42;150.05;4.01;686;0;387.00;0
563;0;21099121;563;277;1247;1247;6.96;0.43;149.81;4.01;684;0;388.00;0
565;0;21099129;565;280;1251;1251;7.16;0.44;149.74;4.00;686;0;389.00;0
567;0;21099138;567;274;1251;1251;7.24;0.44;149.94;4.00;684;0;390.00;0
571;0;21099148;571;269;1255;1255;7.28;0.44;149.88;3.99;684;0;391.00;0
571;0;21099157;571;268;1255;1255;7.33;0.45;149.88;3.99;684;0;392.00;0
575;0;21099165;575;272;1255;1255;7.39;0.45;149.74;3.99;680;0;393.00;0
576;0;21099174;576;271;1255;1255;7.34;0.45;149.97;3.99;679;0;394.00;0
578;0;21099181;578;269;1255;1255;7.35;0.45;150.20;3.99;677;0;395.00;0
580;0;21099190;580;269;1267;1267;7.52;0.46;149.92;3.96;687;0;396.00;0
581;0;21099204;581;261;1267;1267;7.58;0.46;150.10;3.96;686;0;397.00;0
582;0;21099213;582;258;1267;1267;7.63;0.46;150.27;3.96;685;0;398.00;0
583;0;21099222;583;252;1267;1267;7.73;0.47;150.41;3.96;684;0;399.00;0
583;0;21099231;583;251;1267;1267;7.80;0.48;150.41;3.96;684;0;400.00;0
584;0;21099243;584;249;1267;1267;7.87;0.48;150.61;3.96;683;0;401.00;0
585;0;21099255;585;252;1268;1268;8.03;0.49;150.39;3.95;683;0;402.00;0
585;0;21099267;585;250;1268;1268;8.18;0.50;150.39;3.95;683;0;403.00;0
589;0;21099278;589;248;1274;1274;8.25;0.50;150.70;3.94;685;0;404.00;0
590;0;21099287;590;247;1276;1276;8.30;0.51;150.76;3.93;686;0;405.00;0
593;0;21099302;593;234;1276;1276;8.35;0.51;151.67;3.93;683;0;406.00;0
596;0;21099311;596;226;1276;1276;8.44;0.51;151.97;3.93;680;0;407.00;0
599;0;21099320;599;223;1279;1280;8.43;0.52;152.65;3.92;680;0;408.00;1
602;0;21099328;602;217;1280;1280;8.55;0.52;153.07;3.92;678;0;409.00;0
603;0;21099337;603;214;1280;1280;8.64;0.53;153.24;3.92;677;0;410.00;0
606;0;21099346;606;214;1281;1281;8.75;0.53;153.66;3.92;675;0;411.00;0
607;0;21099355;607;210;1285;1285;8.86;0.54;153.85;3.91;678;0;412.00;0
608;0;21099365;608;210;1285;1285;9.01;0.55;153.80;3.91;677;0;413.00;0
608;0;21099373;608;208;1287;1288;9.13;0.56;153.80;3.90;679;0;414.00;1
612;0;21099381;612;208;1287;1288;9.17;0.56;154.57;3.90;675;0;415.00;1
613;0;21099390;613;209;1288;1288;9.19;0.56;154.88;3.90;675;0;416.00;0
615;0;21099398;615;199;1288;1288;9.18;0.56;154.90;3.90;673;0;417.00;0
619;0;21099407;619;193;1292;1292;9.17;0.56;155.64;3.89;673;0;418.00;0
623;0;21099415;623;186;1292;1292;9.11;0.56;156.04;3.89;669;0;419.00;0
625;0;21099426;625;180;1292;1292;9.07;0.56;156.35;3.89;667;0;420.00;0
626;0;21099433;626;181;1292;1292;9.02;0.55;156.48;3.89;666;0;421.00;0
629;0;21099441;629;172;1293;1293;8.95;0.55;156.64;3.89;664;0;422.00;0
630;0;21099449;630;168;1294;1294;8.98;0.55;156.68;3.89;664;0;423.00;0
632;0;21099457;632;164;1294;1294;9.04;0.55;157.01;3.89;662;0;424.00;0
634;0;21099465;634;166;1295;1295;9.11;0.56;157.73;3.89;661;0;425.00;0
636;0;21099473;636;158;1295;1295;9.19;0.56;157.94;3.89;659;0;426.00;0
640;0;21099481;640;157;1295;1295;9.22;0.56;158.08;3.89;655;0;427.00;0
645;0;21099489;645;157;1295;1295;9.25;0.57;159.05;3.89;650;0;428.00;0
647;0;21099497;647;157;1295;1295;9.36;0.57;159.15;3.89;648;0;429.00;0
649;0;21099505;649;161;1295;1295;9.43;0.58;159.89;3.89;646;0;430.00;0
652;0;21099513;652;158;1295;1295;9.52;0.58;160.17;3.89;643;0;431.00;0
653;0;21099521;653;189;1374;1422;9.40;0.58;160.05;3.67;721;0;432.00;48
656;0;21099537;656;175;1374;1423;9.45;0.59;160.85;3.67;718;0;433.00;49
659;0;21099547;659;166;1379;1423;9.63;0.60;161.51;3.66;720;0;434.00;44
661;0;21099555;661;162;1379;1423;9.70;0.60;161.96;3.66;718;0;435.00;44
663;0;21099568;663;159;1384;1423;9.74;0.60;162.34;3.66;721;0;436.00;39
665;0;21099577;665;161;1386;1423;9.76;0.61;162.76;3.66;721;0;437.00;37
668;0;21099586;668;168;1389;1423;9.78;0.61;163.05;3.67;721;0;438.00;34
669;0;21099595;669;170;1392;1423;9.80;0.61;163.06;3.67;723;0;439.00;31
672;0;21099604;672;165;1394;1424;9.87;0.61;163.72;3.68;722;0;440.00;30
674;0;21099614;674;165;1398;1425;9.88;0.61;163.69;3.70;724;0;441.00;27
676;0;21099622;676;167;1400;1425;9.97;0.61;163.98;3.71;724;0;442.00;25
680;0;21099631;680;162;1402;1426;10.00;0.61;164.17;3.72;722;0;443.00;24
682;0;21099639;682;161;1405;1426;10.10;0.62;164.36;3.73;723;0;444.00;21
687;0;21099649;687;159;1409;1426;10.13;0.62;164.80;3.76;722;0;445.00;17
690;0;21099658;690;160;1410;1426;10.22;0.63;165.28;3.77;720;0;446.00;16
694;0;21099669;694;165;1413;1430;10.26;0.63;165.65;3.78;719;0;447.00;17
698;0;21099679;698;166;1415;1430;10.28;0.63;166.40;3.77;717;0;448.00;15
705;0;21099687;705;166;1416;1430;10.28;0.63;167.52;3.78;711;0;449.00;14
706;0;21099698;706;168;1419;1436;10.38;0.63;167.61;3.77;713;0;450.00;17
709;0;21099708;709;169;1421;1436;10.41;0.64;168.26;3.78;712;0;451.00;15
712;0;21099717;712;169;1422;1436;10.46;0.64;168.53;3.78;710;0;452.00;14
714;0;21099726;714;170;1426;1440;10.44;0.64;168.65;3.79;712;0;453.00;14
718;0;21099735;718;170;1427;1441;10.45;0.64;169.42;3.79;709;0;454.00;14
719;0;21099744;719;164;1429;1441;10.44;0.64;169.22;3.81;710;0;455.00;12
722;0;21099754;722;161;1433;1445;10.44;0.64;169.77;3.83;711;0;456.00;12
726;0;21099763;726;154;1433;1445;10.41;0.63;169.66;3.83;707;0;457.00;12
730;0;21099772;730;144;1437;1445;10.35;0.63;169.95;3.86;707;0;458.00;8
733;0;21099782;733;143;1437;1446;10.31;0.63;169.78;3.86;704;0;459.00;9
735;0;21099792;735;136;1438;1446;10.26;0.62;170.04;3.86;703;0;460.00;8
738;0;21099801;738;135;1441;1452;10.24;0.62;170.48;3.85;703;0;461.00;11
739;0;21099811;739;132;1442;1452;10.21;0.62;170.63;3.85;703;0;462.00;10
740;0;21099820;740;131;1442;1453;10.18;0.62;171.00;3.85;702;0;463.00;11
746;0;21099830;746;129;1442;1453;10.13;0.61;171.72;3.85;696;0;464.00;11
749;0;21099839;749;129;1442;1453;10.08;0.61;172.09;3.85;693;0;465.00;11
752;0;21099849;752;129;1442;1453;10.10;0.61;172.33;3.85;690;0;466.00;11
754;0;21099857;754;126;1442;1453;10.13;0.61;172.63;3.85;688;0;467.00;11
757;0;21099866;757;127;1452;1465;10.20;0.62;172.71;3.83;695;0;468.00;13
759;0;21099876;759;126;1452;1465;10.30;0.62;172.59;3.83;693;0;469.00;13
761;0;21099885;761;128;1453;1465;10.39;0.63;172.86;3.83;692;0;470.00;12
764;0;21099893;764;127;1453;1465;10.43;0.63;172.94;3.83;689;0;471.00;12
765;0;21099902;765;132;1453;1465;10.50;0.64;172.77;3.83;688;0;472.00;12
771;0;21099913;771;131;1453;1465;10.48;0.63;173.11;3.83;682;0;473.00;12
772;0;21099923;772;127;1456;1469;10.45;0.63;173.13;3.82;684;0;474.00;13
775;0;21099932;775;121;1456;1469;10.48;0.63;173.78;3.82;681;0;475.00;13
777;0;21099941;777;123;1461;1473;10.52;0.64;173.99;3.87;684;0;476.00;12
780;0;21099950;780;128;1462;1474;10.42;0.63;174.12;3.87;682;0;477.00;12
782;0;21099959;782;132;1462;1474;10.26;0.62;174.26;3.87;680;0;478.00;12
783;0;21099968;783;132;1463;1474;10.16;0.62;174.05;3.90;680;0;479.00;11
786;0;21099978;786;136;1489;1500;10.00;0.61;174.63;3.91;703;0;480.00;11
787;0;21099989;787;130;1489;1500;10.01;0.61;174.78;3.91;702;0;481.00;11
788;0;21100001;788;134;1493;1500;10.04;0.61;174.71;3.94;705;0;482.00;7
790;0;21100009;790;138;1495;1501;10.06;0.61;174.58;3.95;705;0;483.00;6
791;0;21100018;791;144;1495;1502;10.15;0.62;174.61;3.95;704;0;484.00;7
792;0;21100027;792;145;1496;1502;10.11;0.62;174.64;3.97;704;0;485.00;6
798;0;21100035;798;142;1498;1505;10.11;0.62;174.77;3.96;700;0;486.00;7
799;0;21100045;799;152;1498;1505;10.13;0.62;174.70;3.96;699;0;487.00;7
804;0;21100053;804;158;1500;1505;10.02;0.61;174.78;3.97;696;0;488.00;5
805;0;21100063;805;168;1500;1505;9.94;0.61;174.81;3.97;695;0;489.00;5
807;0;21100072;807;171;1508;1511;9.97;0.61;174.78;3.99;701;0;490.00;3
809;0;21100081;809;175;1509;1511;9.89;0.60;174.76;3.99;700;0;491.00;2
809;0;21100089;809;178;1510;1511;9.85;0.60;174.76;3.99;701;0;492.00;1
809;0;21100098;809;174;1510;1511;9.77;0.60;174.76;3.99;701;0;493.00;1
811;0;21100105;811;176;1515;1515;9.67;0.59;174.79;3.99;704;0;494.00;0
812;0;21100115;812;183;1517;1517;9.63;0.59;174.86;3.98;705;0;495.00;0
813;0;21100123;813;187;1517;1517;9.60;0.59;174.73;3.98;704;0;496.00;0
819;0;21100131;819;192;1518;1518;9.51;0.58;174.98;3.98;699;0;497.00;0
819;0;21100140;819;195;1518;1518;9.46;0.58;174.98;3.98;699;0;498.00;0
820;0;21100149;820;195;1518;1518;9.41;0.58;175.02;3.98;698;0;499.00;0
821;0;21100158;821;195;1518;1518;9.30;0.57;174.95;3.98;697;0;500.00;0
823;0;21100171;823;199;1518;1518;9.27;0.57;174.80;3.98;695;0;501.00;0
824;0;21100180;824;202;1518;1518;9.27;0.57;174.76;3.98;694;0;502.00;0
827;0;21100188;827;206;1518;1518;9.24;0.57;174.79;3.98;691;0;503.00;0
828;0;21100196;828;211;1558;1588;9.41;0.58;174.75;3.88;730;0;504.00;30
829;0;21100210;829;215;1559;1589;9.37;0.58;174.57;3.88;730;0;505.00;30
830;0;21100222;830;213;1567;1589;9.45;0.58;174.53;3.87;737;0;506.00;22
833;0;21100231;833;215;1571;1589;9.44;0.58;174.70;3.87;738;0;507.00;18
836;0;21100239;836;216;1576;1589;9.44;0.58;174.34;3.87;740;0;508.00;13
838;0;21100249;838;221;1578;1589;9.39;0.57;174.27;3.87;740;0;509.00;11
840;0;21100260;840;224;1581;1589;9.35;0.57;174.29;3.87;741;0;510.00;8
842;0;21100271;842;231;1584;1589;9.40;0.57;174.24;3.88;742;0;511.00;5
845;0;21100281;845;232;1586;1590;9.42;0.57;173.82;3.88;741;0;512.00;4
849;0;21100290;849;234;1588;1591;9.46;0.58;173.57;3.88;739;0;513.00;3
854;0;21100299;854;234;1590;1591;9.45;0.58;173.89;3.89;736;0;514.00;1
860;0;21100308;860;239;1595;1595;9.26;0.56;174.13;3.88;735;0;515.00;0
863;0;21100316;863;243;1595;1595;8.98;0.55;174.18;3.88;732;0;516.00;0
868;0;21100325;868;254;1595;1595;8.77;0.53;174.88;3.88;727;0;517.00;0
869;0;21100334;869;257;1595;1595;8.58;0.52;174.76;3.88;726;0;518.00;0
873;0;21100342;873;260;1601;1601;8.51;0.52;175.34;3.87;728;0;519.00;0
877;0;21100351;877;264;1601;1601;8.36;0.51;175.60;3.87;724;0;520.00;0
878;0;21100359;878;264;1601;1601;8.20;0.50;175.83;3.87;723;0;521.00;0
879;0;21100367;879;265;1603;1604;8.01;0.49;176.13;3.87;724;0;522.00;1
883;0;21100375;883;270;1603;1604;7.78;0.47;176.53;3.87;720;0;523.00;1
885;0;21100383;885;281;1604;1604;7.46;0.46;176.80;3.87;719;0;524.00;0
886;0;21100391;886;268;1605;1605;7.29;0.45;177.03;3.87;719;0;525.00;0
888;0;21100399;888;268;1606;1606;7.18;0.44;177.44;3.86;718;0;526.00;0
891;0;21100406;891;265;1606;1606;7.09;0.43;177.27;3.86;715;0;527.00;0
893;0;21100414;893;266;1619;1619;7.07;0.43;177.84;3.83;726;0;528.00;0
897;0;21100423;897;263;1619;1619;7.03;0.43;177.76;3.83;722;0;529.00;0
897;0;21100431;897;275;1619;1619;7.07;0.43;177.76;3.83;722;0;530.00;0
900;0;21100438;900;272;1620;1620;7.00;0.43;177.44;3.83;720;0;531.00;0
902;0;21100446;902;272;1620;1620;6.98;0.43;177.26;3.83;718;0;532.00;0
906;0;21100453;906;271;1624;1624;7.06;0.43;178.20;3.82;718;0;533.00;0
907;0;21100461;907;271;1624;1624;7.04;0.43;178.25;3.82;717;0;534.00;0
907;0;21100469;907;271;1628;1628;7.03;0.43;178.25;3.82;721;0;535.00;0
908;0;21100476;908;273;1628;1628;6.96;0.43;178.27;3.82;720;0;536.00;0
909;0;21100483;909;273;1628;1628;6.93;0.43;178.31;3.82;719;0;537.00;0
910;0;21100490;910;261;1628;1628;6.90;0.42;178.63;3.82;718;0;538.00;0
918;0;21100497;918;252;1628;1628;6.87;0.42;178.88;3.82;710;0;539.00;0
920;0;21100507;920;247;1659;1662;7.05;0.43;179.23;3.75;739;0;540.00;3
924;0;21100517;924;246;1659;1662;7.05;0.43;179.40;3.75;735;0;541.00;3
927;0;21100525;927;247;1661;1662;7.11;0.44;179.71;3.74;734;0;542.00;1
930;0;21100533;930;243;1661;1662;7.11;0.44;180.15;3.74;731;0;543.00;1
931;0;21100541;931;246;1662;1662;7.14;0.44;180.40;3.74;731;0;544.00;0
933;0;21100555;933;254;1662;1662;7.23;0.44;180.71;3.74;729;0;545.00;0
938;0;21100564;938;251;1663;1663;7.27;0.45;181.20;3.74;725;0;546.00;0
940;0;21100573;940;252;1663;1663;7.30;0.45;181.29;3.74;723;0;547.00;0
943;0;21100587;943;251;1669;1669;7.33;0.45;181.38;3.73;726;0;548.00;0
944;0;21100602;944;249;1670;1670;7.36;0.45;181.58;3.73;726;0;549.00;0
949;0;21100618;949;246;1670;1670;7.37;0.45;181.81;3.73;721;0;550.00;0
955;0;21100628;955;248;1670;1670;7.32;0.45;181.97;3.73;715;0;551.00;0
956;0;21100636;956;251;1674;1674;7.33;0.45;182.28;3.72;718;0;552.00;0
958;0;21100647;958;247;1674;1674;7.35;0.45;182.25;3.72;716;0;553.00;0
961;0;21100656;961;244;1674;1674;7.36;0.45;182.73;3.72;713;0;554.00;0
962;0;21100665;962;242;1675;1675;7.38;0.45;182.71;3.72;713;0;555.00;0
964;0;21100673;964;243;1679;1679;7.44;0.45;182.79;3.71;715;0;556.00;0
965;0;21100683;965;250;1679;1679;7.44;0.45;182.78;3.71;714;0;557.00;0
969;0;21100692;969;249;1681;1682;7.41;0.45;182.83;3.71;712;0;558.00;1
970;0;21100701;970;247;1681;1682;7.39;0.45;182.97;3.71;711;0;559.00;1
974;0;21100710;974;246;1682;1682;7.36;0.45;183.35;3.71;708;0;560.00;0
975;0;21100719;975;245;1682;1682;7.34;0.45;183.51;3.71;707;0;561.00;0
976;0;21100729;976;245;1686;1686;7.42;0.45;183.62;3.70;710;0;562.00;0
978;0;21100738;978;245;1686;1686;7.43;0.45;183.71;3.70;708;0;563.00;0
981;0;21100747;981;245;1686;1686;7.46;0.45;183.91;3.70;705;0;564.00;0
982;0;21100756;982;244;1686;1686;7.50;0.46;183.78;3.70;704;0;565.00;0
985;0;21100765;985;245;1687;1687;7.55;0.46;183.80;3.70;702;0;566.00;0
988;0;21100773;988;242;1688;1688;7.56;0.46;184.23;3.70;700;0;567.00;0
990;0;21100783;990;241;1688;1688;7.60;0.46;184.89;3.70;698;0;568.00;0
991;0;21100792;991;245;1689;1689;7.61;0.46;185.00;3.70;698;0;569.00;0
992;0;21100802;992;245;1689;1689;7.59;0.46;185.13;3.70;697;0;570.00;0
993;0;21100811;993;249;1689;1689;7.55;0.46;185.10;3.70;696;0;571.00;0
995;0;21100820;995;244;1689;1689;7.55;0.46;184.90;3.70;694;0;572.00;0
999;0;21100829;999;239;1689;1689;7.55;0.46;185.06;3.70;690;0;573.00;0
999;0;21100838;999;238;1689;1689;7.58;0.46;185.06;3.70;690;0;574.00;0
1005;0;21100847;1005;233;1689;1689;7.57;0.46;185.31;3.70;684;0;575.00;0
1008;0;21100856;1008;252;1770;1816;7.94;0.49;185.82;3.53;762;0;576.00;46
1008;0;21100876;1008;241;1774;1817;8.01;0.50;185.82;3.52;766;0;577.00;43
1010;0;21100886;1010;236;1781;1817;8.19;0.51;185.96;3.52;771;0;578.00;36
1013;0;21100897;1013;230;1782;1817;8.23;0.51;186.56;3.52;769;0;579.00;35
1016;0;21100907;1016;233;1786;1817;8.30;0.51;186.71;3.52;770;0;580.00;31
1018;0;21100917;1018;219;1787;1817;8.30;0.51;187.11;3.52;769;0;581.00;30
1021;0;21100928;1021;211;1789;1817;8.22;0.50;187.46;3.52;768;0;582.00;28
1022;0;21100939;1022;208;1791;1817;8.28;0.51;187.55;3.52;769;0;583.00;26
1025;0;21100950;1025;207;1793;1818;8.28;0.51;188.11;3.53;768;0;584.00;25
1029;0;21100961;1029;208;1798;1820;8.19;0.50;188.59;3.54;769;0;585.00;22
1031;0;21100972;1031;214;1800;1820;8.19;0.50;188.90;3.55;769;0;586.00;20
1033;0;21100985;1033;215;1803;1821;8.14;0.50;189.44;3.55;770;0;587.00;18
1034;0;21100998;1034;225;1806;1821;8.17;0.50;189.71;3.57;772;0;588.00;15
1036;0;21101013;1036;231;1807;1821;8.27;0.51;189.88;3.57;771;0;589.00;14
1037;0;21101025;1037;232;1808;1821;8.35;0.51;190.21;3.58;771;0;590.00;13
1038;0;21101035;1038;237;1813;1825;8.50;0.52;190.47;3.59;775;0;591.00;12
1038;0;21101046;1038;238;1815;1825;8.65;0.53;190.47;3.60;777;0;592.00;10
1039;0;21101057;1039;228;1816;1825;8.78;0.54;190.73;3.61;777;0;593.00;9
1041;0;21101068;1041;222;1819;1828;8.89;0.54;190.93;3.63;778;0;594.00;9
1044;0;21101079;1044;218;1820;1828;8.91;0.54;191.33;3.64;776;0;595.00;8
1046;0;21101091;1046;214;1823;1828;8.99;0.55;191.65;3.66;777;0;596.00;5
1049;0;21101101;1049;215;1828;1832;9.07;0.55;191.91;3.66;779;0;597.00;4
1053;0;21101112;1053;216;1830;1833;9.13;0.56;192.08;3.67;777;0;598.00;3
1056;0;21101122;1056;210;1832;1833;9.20;0.56;192.25;3.66;776;0;599.00;1
1058;0;21101136;1058;216;1842;1859;9.16;0.56;192.38;3.64;784;0;600.00;17
1061;0;21101153;1061;211;1844;1859;9.24;0.56;192.84;3.65;783;0;601.00;15
1064;0;21101164;1064;209;1845;1859;9.24;0.56;193.27;3.64;781;0;602.00;14
1067;0;21101175;1067;216;1846;1860;9.33;0.57;193.59;3.64;779;0;603.00;14
1069;0;21101186;1069;220;1847;1860;9.33;0.57;193.92;3.64;778;0;604.00;13
1072;0;21101198;1072;219;1852;1866;9.27;0.56;194.12;3.64;780;0;605.00;14
1076;0;21101210;1076;216;1853;1866;9.27;0.56;194.48;3.64;777;0;606.00;13
1076;0;21101221;1076;218;1853;1867;9.33;0.57;194.48;3.64;777;0;607.00;14
1081;0;21101239;1081;219;1854;1867;9.35;0.57;194.98;3.64;773;0;608.00;13
1083;0;21101249;1083;223;1855;1867;9.26;0.56;195.10;3.64;772;0;609.00;12
1087;0;21101259;1087;224;1855;1867;9.21;0.56;195.19;3.64;768;0;610.00;12
1089;0;21101269;1089;228;1856;1867;9.18;0.56;195.62;3.65;767;0;611.00;11
1090;0;21101278;1090;225;1865;1879;9.21;0.56;195.62;3.63;775;0;612.00;14
1091;0;21101289;1091;230;1865;1879;9.15;0.56;195.47;3.63;774;0;613.00;14
1092;0;21101299;1092;231;1867;1879;9.09;0.55;195.49;3.63;775;0;614.00;12
1094;0;21101308;1094;233;1867;1879;9.13;0.56;195.40;3.63;773;0;615.00;12
1095;0;21101317;1095;228;1867;1879;9.20;0.56;195.44;3.63;772;0;616.00;12
1096;0;21101327;1096;226;1868;1879;9.23;0.56;195.69;3.64;772;0;617.00;11
1097;0;21101336;1097;219;1871;1883;9.30;0.57;195.73;3.64;774;0;618.00;12
1100;0;21101347;1100;216;1871;1883;9.35;0.57;195.89;3.64;771;0;619.00;12
1104;0;21101367;1104;208;1875;1887;9.41;0.57;195.74;3.63;771;0;620.00;12
1105;0;21101378;1105;207;1876;1888;9.44;0.57;195.93;3.63;771;0;621.00;12
1108;1;21101388;1108;198;1876;1888;9.40;0.57;196.28;3.63;768;1;622.00;12
1113;1;21101413;1113;199;1877;1888;9.32;0.57;196.61;3.64;764;1;623.00;11
1115;1;21101424;1115;201;1887;1901;9.36;0.57;196.66;3.62;772;1;624.00;14
1116;1;21101435;1116;196;1887;1901;9.32;0.57;196.96;3.62;771;1;625.00;14
1119;1;21101445;1119;194;1887;1901;9.26;0.56;197.45;3.62;768;1;626.00;14
1124;1;21101455;1124;199;1888;1902;9.23;0.56;198.24;3.62;764;1;627.00;14
1126;1;21101464;1126;198;1888;1903;9.21;0.56;198.46;3.62;762;1;628.00;15
1130;1;21101474;1130;198;1890;1903;9.19;0.56;198.98;3.64;760;1;629.00;13
1133;1;21101485;1133;194;1896;1909;9.19;0.56;199.29;3.66;763;1;630.00;13
1136;1;21101495;1136;187;1897;1909;9.22;0.56;199.72;3.66;761;1;631.00;12
1140;1;21101504;1140;184;1899;1909;9.25;0.56;200.11;3.66;759;1;632.00;10
1142;1;21101513;1142;181;1899;1909;9.30;0.56;200.40;3.66;757;1;633.00;10
1144;1;21101524;1144;173;1904;1915;9.31;0.57;200.57;3.65;760;1;634.00;11
1149;1;21101534;1149;168;1904;1915;9.30;0.56;201.41;3.65;755;1;635.00;11
1150;1;21101543;1150;163;1904;1915;9.32;0.57;201.35;3.65;754;1;636.00;11
1154;1;21101553;1154;160;1904;1915;9.31;0.57;201.84;3.65;750;1;637.00;11
1158;1;21101562;1158;159;1907;1919;9.32;0.57;202.11;3.64;749;1;638.00;12
1160;1;21101574;1160;161;1908;1920;9.31;0.56;202.17;3.64;748;1;639.00;12
1162;1;21101584;1162;158;1908;1920;9.37;0.57;202.43;3.64;746;1;640.00;12
1163;1;21101593;1163;162;1909;1921;9.39;0.57;202.31;3.64;746;1;641.00;12
1166;1;21101602;1166;161;1909;1921;9.36;0.57;202.76;3.64;743;1;642.00;12
1169;1;21101616;1169;162;1909;1921;9.31;0.56;202.83;3.64;740;1;643.00;12
1171;1;21101625;1171;161;1909;1921;9.31;0.56;202.99;3.64;738;1;644.00;12
1173;1;21101634;1173;171;1909;1921;9.34;0.57;203.23;3.64;736;1;645.00;12
1175;1;21101643;1175;171;1909;1921;9.32;0.56;203.51;3.64;734;1;646.00;12
1178;1;21101653;1178;173;1910;1921;9.25;0.56;203.49;3.66;732;1;647.00;11
1180;1;21101663;1180;183;1945;1991;9.31;0.57;203.61;3.60;765;1;648.00;46
1183;1;21101678;1183;182;1947;1992;9.21;0.56;203.67;3.60;764;1;649.00;45
1184;1;21101688;1184;185;1953;1992;9.23;0.56;203.90;3.59;769;1;650.00;39
1187;1;21101696;1187;187;1957;1992;9.26;0.57;204.33;3.59;770;1;651.00;35
1188;1;21101707;1188;193;1962;1992;9.27;0.57;204.20;3.61;774;1;652.00;30
1191;1;21101716;1191;192;1965;1992;9.29;0.57;203.99;3.62;774;1;653.00;27
1194;1;21101725;1194;196;1968;1992;9.22;0.56;203.93;3.62;774;1;654.00;24
1196;1;21101735;1196;199;1972;1992;9.21;0.56;203.96;3.67;776;1;655.00;20
1197;1;21101744;1197;199;1974;1993;9.20;0.56;203.80;3.67;777;1;656.00;19
1198;1;21101754;1198;205;1978;1994;9.23;0.56;203.67;3.70;780;1;657.00;16
1199;1;21101765;1199;215;1980;1994;9.26;0.56;203.65;3.73;781;1;658.00;14
1204;1;21101776;1204;220;1986;1998;9.19;0.56;203.26;3.76;782;1;659.00;12
1204;1;21101792;1204;223;1987;1998;9.13;0.55;203.26;3.76;783;1;660.00;11
1205;1;21101802;1205;230;1989;1998;9.00;0.55;203.29;3.78;784;1;661.00;9
1208;1;21101813;1208;233;1990;1998;8.87;0.54;203.26;3.79;782;1;662.00;8
1209;1;21101822;1209;240;1996;2004;8.83;0.54;203.24;3.79;787;1;663.00;8
1209;1;21101834;1209;247;2000;2004;8.75;0.53;203.24;3.84;791;1;664.00;4
1213;1;21101844;1213;252;2000;2004;8.66;0.53;202.90;3.84;787;1;665.00;4
1214;1;21101853;1214;257;2006;2007;8.60;0.53;202.81;3.85;792;1;666.00;1
1218;1;21101862;1218;264;2006;2007;8.52;0.52;202.87;3.85;788;1;667.00;1
1218;1;21101872;1218;269;2007;2007;8.45;0.52;202.87;3.85;789;1;668.00;0
1219;1;21101881;1219;271;2007;2008;8.37;0.51;202.96;3.85;788;1;669.00;1
1221;1;21101891;1221;276;2009;2009;8.30;0.51;202.96;3.85;788;1;670.00;0
1224;1;21101901;1224;283;2009;2009;8.19;0.50;203.02;3.85;785;1;671.00;0
1226;1;21101910;1226;288;2020;2022;7.97;0.49;203.02;3.83;794;1;672.00;2
1228;1;21101920;1228;286;2022;2022;7.86;0.48;202.93;3.83;794;1;673.00;0
1230;1;21101930;1230;285;2022;2022;7.78;0.48;202.80;3.83;792;1;674.00;0
1233;1;21101940;1233;280;2024;2024;7.67;0.47;202.60;3.82;791;1;675.00;0
1234;1;21101950;1234;275;2024;2024;7.59;0.47;202.51;3.82;790;1;676.00;0
1234;1;21101960;1234;278;2028;2028;7.58;0.47;202.51;3.82;794;1;677.00;0
1236;1;21101969;1236;280;2028;2028;7.50;0.46;202.51;3.82;792;1;678.00;0
1237;1;21101979;1237;280;2032;2032;7.37;0.45;202.48;3.81;795;1;679.00;0
1238;1;21101988;1238;286;2032;2032;7.32;0.45;202.43;3.81;794;1;680.00;0
1243;1;21101997;1243;283;2032;2032;7.24;0.44;202.17;3.81;789;1;681.00;0
1247;1;21102005;1247;288;2032;2032;7.19;0.44;201.83;3.81;785;1;682.00;0
1249;1;21102018;1249;294;2032;2032;7.17;0.44;201.67;3.81;783;1;683.00;0
1252;1;21102026;1252;298;2042;2044;7.21;0.44;201.54;3.79;790;1;684.00;2
1254;1;21102035;1254;305;2042;2044;7.24;0.44;201.45;3.79;788;1;685.00;2
1256;1;21102043;1256;304;2044;2044;7.28;0.44;201.27;3.79;788;1;686.00;0
1258;1;21102052;1258;305;2044;2044;7.28;0.44;201.37;3.79;786;1;687.00;0
1259;1;21102060;1259;305;2044;2044;7.32;0.45;201.42;3.79;785;1;688.00;0
1261;1;21102068;1261;309;2044;2044;7.30;0.45;201.90;3.79;783;1;689.00;0
1263;1;21102078;1263;318;2045;2045;7.26;0.44;201.81;3.79;782;1;690.00;0
1266;1;21102086;1266;321;2045;2045;7.19;0.44;202.41;3.79;779;1;691.00;0
1267;1;21102096;1267;327;2051;2051;7.24;0.44;202.57;3.78;784;1;692.00;0
1269;1;21102104;1269;333;2052;2052;7.10;0.43;202.71;3.78;783;1;693.00;0
1272;1;21102112;1272;336;2052;2052;6.92;0.42;203.08;3.78;780;1;694.00;0
1275;1;21102120;1275;324;2052;2052;6.86;0.42;203.03;3.78;777;1;695.00;0
1280;1;21102128;1280;317;2056;2056;6.74;0.41;203.03;3.77;776;1;696.00;0
1283;1;21102136;1283;309;2056;2056;6.58;0.40;203.34;3.77;773;1;697.00;0
1286;1;21102143;1286;306;2056;2056;6.46;0.40;203.47;3.77;770;1;698.00;0
1291;1;21102151;1291;303;2057;2057;6.32;0.39;203.74;3.77;766;1;699.00;0
1292;1;21102159;1292;292;2061;2061;6.25;0.38;203.77;3.77;769;1;700.00;0
1295;1;21102170;1295;286;2061;2061;6.23;0.38;203.80;3.77;766;1;701.00;0
1297;1;21102184;1297;281;2063;2064;6.34;0.39;203.67;3.76;766;1;702.00;1
1301;1;21102193;1301;273;2064;2064;6.39;0.39;203.68;3.76;763;1;703.00;0
1304;1;21102201;1304;270;2064;2064;6.42;0.40;203.82;3.76;760;1;704.00;0
1307;1;21102208;1307;270;2064;2064;6.46;0.40;203.90;3.76;757;1;705.00;0
1310;1;21102217;1310;268;2068;2068;6.62;0.41;204.13;3.76;758;1;706.00;0
1311;1;21102225;1311;263;2068;2068;6.71;0.41;204.30;3.76;757;1;707.00;0
1314;1;21102233;1314;258;2068;2068;6.74;0.41;204.35;3.76;754;1;708.00;0
1318;1;21102241;1318;256;2068;2068;6.84;0.42;204.70;3.76;750;1;709.00;0
1319;1;21102250;1319;249;2069;2069;6.91;0.42;204.89;3.75;750;1;710.00;0
1322;1;21102258;1322;244;2070;2070;7.06;0.43;205.25;3.75;748;1;711.00;0
1325;1;21102268;1325;234;2070;2070;7.08;0.43;205.42;3.75;745;1;712.00;0
1328;1;21102276;1328;233;2071;2071;7.15;0.44;205.56;3.75;743;1;713.00;0
1330;1;21102285;1330;234;2071;2071;7.22;0.44;205.78;3.75;741;1;714.00;0
1331;1;21102294;1331;232;2071;2071;7.37;0.45;205.73;3.75;740;1;715.00;0
1336;1;21102301;1336;229;2071;2071;7.48;0.46;205.99;3.75;735;1;716.00;0
1339;1;21102310;1339;223;2071;2071;7.60;0.47;206.14;3.75;732;1;717.00;0
1342;1;21102319;1342;222;2071;2071;7.70;0.47;206.04;3.75;729;1;718.00;0
1346;1;21102328;1346;223;2071;2071;7.72;0.47;206.38;3.75;725;1;719.00;0
1352;1;21102339;1352;228;2167;2301;8.27;0.52;206.86;3.59;815;1;720.00;134
1356;1;21102366;1356;224;2179;2302;8.30;0.52;206.89;3.57;823;1;721.00;123
1360;1;21102375;1360;221;2197;2302;8.44;0.53;207.15;3.56;837;1;722.00;105
1364;1;21102386;1364;222;2209;2302;8.44;0.53;207.24;3.56;845;1;723.00;93
1370;1;21102396;1370;220;2219;2302;8.39;0.53;208.02;3.56;849;1;724.00;83
1375;1;21102410;1375;217;2228;2302;8.29;0.52;208.34;3.56;853;1;725.00;74
1377;1;21102421;1377;215;2234;2302;8.23;0.51;208.64;3.57;857;1;726.00;68
1380;1;21102430;1380;211;2242;2302;8.18;0.51;209.06;3.58;862;1;727.00;60
1386;1;21102439;1386;213;2252;2303;8.07;0.50;209.20;3.60;866;1;728.00;51
1394;1;21102449;1394;221;2256;2304;7.92;0.49;209.59;3.61;862;1;729.00;48
1399;1;21102460;1399;219;2265;2304;7.83;0.49;209.97;3.64;866;1;730.00;39
1403;1;21102469;1403;232;2269;2305;7.78;0.48;210.42;3.65;866;1;731.00;36
1407;1;21102480;1407;233;2271;2305;7.78;0.48;210.78;3.65;864;1;732.00;34
1412;1;21102489;1412;243;2274;2305;7.71;0.48;211.25;3.67;862;1;733.00;31
1414;1;21102499;1414;250;2278;2305;7.66;0.47;211.38;3.68;864;1;734.00;27
1420;1;21102514;1420;260;2282;2309;7.56;0.47;211.64;3.69;862;1;735.00;27
1423;1;21102525;1423;268;2283;2309;7.59;0.47;211.75;3.70;860;1;736.00;26
1425;1;21102535;1425;278;2287;2309;7.59;0.47;211.88;3.72;862;1;737.00;22
1430;1;21102545;1430;279;2288;2312;7.58;0.47;212.17;3.72;858;1;738.00;24
1432;1;21102555;1432;282;2291;2312;7.56;0.47;212.36;3.73;859;1;739.00;21
1436;1;21102571;1436;287;2291;2312;7.51;0.46;212.39;3.73;855;1;740.00;21
1441;1;21102581;1441;287;2296;2316;7.44;0.46;212.61;3.73;855;1;741.00;20
1443;1;21102592;1443;287;2298;2317;7.40;0.45;212.70;3.74;855;1;742.00;19
1443;1;21102602;1443;289;2299;2317;7.43;0.46;212.70;3.75;856;1;743.00;18
1445;1;21102611;1445;289;2302;2321;7.41;0.46;212.59;3.74;857;1;744.00;19
1447;1;21102622;1447;297;2303;2321;7.39;0.45;212.68;3.75;856;1;745.00;18
1450;1;21102631;1450;300;2306;2321;7.39;0.45;212.73;3.77;856;1;746.00;15
1453;1;21102646;1453;291;2307;2322;7.34;0.45;212.85;3.77;854;1;747.00;15
1459;1;21102662;1459;289;2307;2322;7.30;0.44;213.17;3.77;848;1;748.00;15
1460;1;21102674;1460;289;2312;2328;7.35;0.45;213.23;3.77;852;1;749.00;16
1462;1;21102688;1462;288;2313;2328;7.36;0.45;213.22;3.78;851;1;750.00;15
1466;1;21102699;1466;284;2315;2329;7.33;0.45;213.28;3.78;849;1;751.00;14
1469;1;21102716;1469;287;2316;2329;7.33;0.44;213.18;3.79;847;1;752.00;13
1469;1;21102727;1469;284;2316;2329;7.33;0.44;213.18;3.79;847;1;753.00;13
1470;1;21102739;1470;280;2317;2329;7.36;0.45;213.16;3.80;847;1;754.00;12
1471;1;21102755;1471;286;2318;2329;7.38;0.45;213.34;3.81;847;1;755.00;11
1473;1;21102765;1473;272;2328;2341;7.49;0.46;213.48;3.81;855;1;756.00;13
1474;1;21102784;1474;266;2328;2341;7.61;0.46;213.53;3.81;854;1;757.00;13
1476;1;21102794;1476;258;2330;2341;7.75;0.47;213.58;3.82;854;1;758.00;11
1478;1;21102805;1478;250;2332;2341;7.87;0.48;213.58;3.85;854;1;759.00;9
1479;1;21102816;1479;249;2334;2341;7.94;0.48;213.62;3.86;855;1;760.00;7
1481;1;21102827;1481;252;2335;2341;7.96;0.49;213.75;3.86;854;1;761.00;6
1482;1;21102839;1482;247;2340;2345;8.01;0.49;213.80;3.86;858;1;762.00;5
1482;1;21102850;1482;245;2340;2345;8.11;0.49;213.80;3.86;858;1;763.00;5
1483;1;21102861;1483;242;2344;2349;8.13;0.50;213.83;3.85;861;1;764.00;5
1485;1;21102874;1485;247;2346;2351;8.15;0.50;213.98;3.85;861;1;765.00;5
1487;1;21102885;1487;255;2346;2351;8.21;0.50;213.87;3.85;859;1;766.00;5
1488;1;21102895;1488;251;2346;2351;8.25;0.50;213.97;3.85;858;1;767.00;5
1490;1;21102906;1490;256;2355;2364;8.33;0.51;214.06;3.83;865;1;768.00;9
1490;1;21102917;1490;251;2355;2364;8.36;0.51;214.06;3.83;865;1;769.00;9
1492;1;21102928;1492;243;2355;2364;8.43;0.52;214.35;3.83;863;1;770.00;9
1494;1;21102940;1494;242;2356;2365;8.45;0.52;214.50;3.83;862;1;771.00;9
1498;1;21102950;1498;240;2356;2366;8.48;0.52;214.58;3.83;858;1;772.00;10
1500;1;21102960;1500;243;2356;2366;8.54;0.52;214.79;3.83;856;1;773.00;10
1505;1;21102972;1505;239;2358;2369;8.60;0.53;214.85;3.83;853;1;774.00;11
1509;1;21102982;1509;237;2358;2369;8.58;0.52;214.96;3.83;849;1;775.00;11
1509;1;21102992;1509;234;2359;2369;8.65;0.53;214.96;3.83;850;1;776.00;10
1512;1;21103002;1512;236;2359;2369;8.66;0.53;215.21;3.83;847;1;777.00;10
1514;1;21103012;1514;236;2364;2375;8.67;0.53;215.32;3.82;850;1;778.00;11
1517;1;21103025;1517;236;2364;2375;8.62;0.52;215.41;3.82;847;1;779.00;11
1519;1;21103038;1519;241;2364;2375;8.53;0.52;215.32;3.82;845;1;780.00;11
1520;1;21103049;1520;244;2364;2375;8.54;0.52;215.33;3.82;844;1;781.00;11
1520;1;21103064;1520;246;2367;2379;8.46;0.52;215.33;3.82;847;1;782.00;12
1521;1;21103074;1521;252;2368;2380;8.45;0.51;215.34;3.82;847;1;783.00;12
1525;1;21103084;1525;253;2368;2380;8.43;0.51;215.21;3.82;843;1;784.00;12
1527;1;21103094;1527;260;2369;2381;8.44;0.51;215.15;3.82;842;1;785.00;12
1528;1;21103104;1528;268;2369;2381;8.49;0.52;215.05;3.82;841;1;786.00;12
1529;1;21103113;1529;270;2369;2381;8.46;0.51;215.05;3.82;840;1;787.00;12
1530;1;21103123;1530;265;2369;2381;8.44;0.51;215.05;3.82;839;1;788.00;12
1531;1;21103133;1531;266;2369;2381;8.44;0.51;215.02;3.82;838;1;789.00;12
1532;1;21103142;1532;260;2369;2381;8.47;0.52;215.01;3.82;837;1;790.00;12
1535;1;21103152;1535;260;2369;2381;8.46;0.51;215.10;3.82;834;1;791.00;12
1535;1;21103162;1535;261;2399;2451;8.33;0.51;215.10;3.77;864;1;792.00;52
1539;1;21103183;1539;253;2399;2452;8.26;0.50;215.03;3.77;860;1;793.00;53
1541;1;21103195;1541;253;2403;2452;8.34;0.51;214.95;3.77;862;1;794.00;49
1544;1;21103207;1544;241;2403;2452;8.33;0.51;215.08;3.77;859;1;795.00;49
1546;1;21103219;1546;241;2405;2452;8.38;0.51;214.95;3.77;859;1;796.00;47
1547;1;21103234;1547;235;2406;2452;8.43;0.51;214.95;3.77;859;1;797.00;46
1549;1;21103247;1549;238;2408;2452;8.44;0.51;215.14;3.77;859;1;798.00;44
1550;1;21103261;1550;236;2410;2452;8.45;0.51;215.24;3.77;860;1;799.00;42
1553;1;21103274;1553;234;2411;2453;8.39;0.51;215.35;3.77;858;1;800.00;42
1555;1;21103293;1555;232;2414;2454;8.34;0.51;215.56;3.78;859;1;801.00;40
1558;1;21103304;1558;235;2416;2454;8.31;0.51;215.77;3.78;858;1;802.00;38
1561;1;21103315;1561;244;2421;2458;8.24;0.50;216.13;3.79;860;1;803.00;37
1568;1;21103327;1568;241;2423;2458;8.15;0.50;216.45;3.79;855;1;804.00;35
1571;1;21103338;1571;243;2427;2458;8.06;0.49;216.73;3.83;856;1;805.00;31
1573;1;21103350;1573;240;2428;2458;8.01;0.49;216.87;3.83;855;1;806.00;30
1578;1;21103368;1578;242;2434;2464;7.95;0.48;217.54;3.84;856;1;807.00;30
1583;1;21103381;1583;232;2437;2464;7.92;0.48;217.81;3.85;854;1;808.00;27
1584;1;21103392;1584;234;2437;2464;7.90;0.48;218.02;3.85;853;1;809.00;27
1586;1;21103404;1586;230;2443;2470;7.85;0.48;218.34;3.85;857;1;810.00;27
1587;1;21103417;1587;231;2443;2470;7.83;0.48;218.35;3.85;856;1;811.00;27
1587;1;21103428;1587;227;2445;2470;7.85;0.48;218.35;3.85;858;1;812.00;25
1588;1;21103439;1588;234;2445;2471;7.87;0.48;218.45;3.85;857;1;813.00;26
1590;1;21103449;1590;237;2446;2472;7.85;0.48;218.59;3.85;856;1;814.00;26
1593;1;21103464;1593;231;2446;2472;7.79;0.47;218.36;3.85;853;1;815.00;26
1593;1;21103476;1593;238;2456;2485;7.67;0.47;218.36;3.84;863;1;816.00;29
1595;1;21103488;1595;234;2456;2485;7.59;0.46;218.39;3.84;861;1;817.00;29
1596;1;21103500;1596;237;2456;2485;7.55;0.46;218.39;3.84;860;1;818.00;29
1599;1;21103512;1599;241;2457;2486;7.53;0.46;218.47;3.84;858;1;819.00;29
1599;1;21103525;1599;239;2457;2486;7.48;0.46;218.47;3.84;858;1;820.00;29
1600;1;21103537;1600;246;2460;2490;7.46;0.46;218.39;3.84;860;1;821.00;30
1600;1;21103549;1600;252;2461;2490;7.43;0.45;218.39;3.88;861;1;822.00;29
1603;1;21103560;1603;257;2464;2494;7.40;0.45;218.27;3.87;861;1;823.00;30
1607;1;21103572;1607;257;2464;2494;7.32;0.45;218.28;3.87;857;1;824.00;30
1609;1;21103586;1609;262;2465;2494;7.25;0.44;218.22;3.91;856;1;825.00;29
1611;1;21103597;1611;264;2466;2494;7.20;0.44;218.30;3.93;855;1;826.00;28
1614;1;21103608;1614;275;2468;2494;7.12;0.43;218.16;3.98;854;1;827.00;26
1615;1;21103619;1615;281;2479;2506;7.12;0.44;218.10;3.98;864;1;828.00;27
1617;1;21103631;1617;286;2482;2506;7.09;0.43;217.95;4.03;865;1;829.00;24
1621;1;21103641;1621;290;2484;2506;7.04;0.43;217.67;4.07;863;1;830.00;22
1624;1;21103652;1624;297;2486;2506;7.05;0.43;217.72;4.13;862;1;831.00;20
1627;1;21103662;1627;308;2486;2506;7.08;0.43;217.50;4.13;859;1;832.00;20
1630;1;21103672;1630;312;2490;2506;7.07;0.43;217.42;4.20;860;1;833.00;16
1634;1;21103682;1634;318;2492;2507;7.03;0.43;217.27;4.23;858;1;834.00;15
1636;1;21103692;1636;321;2494;2507;6.95;0.42;217.15;4.25;858;1;835.00;13
1637;1;21103702;1637;324;2499;2513;6.99;0.43;217.09;4.25;862;1;836.00;14
1640;1;21103712;1640;325;2502;2514;6.96;0.42;216.92;4.28;862;1;837.00;12
1640;1;21103722;1640;332;2504;2514;6.88;0.42;216.92;4.29;864;1;838.00;10
1643;1;21103731;1643;332;2504;2514;6.87;0.42;216.72;4.29;861;1;839.00;10
1645;1;21103743;1645;337;2509;2519;6.90;0.42;216.62;4.32;864;1;840.00;10
1648;1;21103753;1648;344;2509;2519;6.86;0.42;216.48;4.32;861;1;841.00;10
1649;1;21103762;1649;349;2510;2519;6.90;0.42;216.42;4.33;861;1;842.00;9
1650;1;21103772;1650;347;2513;2520;6.92;0.42;216.36;4.35;863;1;843.00;7
1652;1;21103782;1652;350;2517;2524;6.86;0.42;216.41;4.35;865;1;844.00;7
1653;1;21103792;1653;353;2519;2524;6.83;0.42;216.30;4.37;866;1;845.00;5
1656;1;21103802;1656;355;2524;2527;6.77;0.41;216.24;4.37;868;1;846.00;3
1657;1;21103812;1657;363;2527;2527;6.73;0.41;216.23;4.37;870;1;847.00;0
1657;1;21103821;1657;360;2527;2527;6.66;0.41;216.23;4.37;870;1;848.00;0
1659;1;21103830;1659;357;2527;2527;6.63;0.41;216.18;4.37;868;1;849.00;0
1662;1;21103840;1662;355;2531;2531;6.67;0.41;216.09;4.37;869;1;850.00;0
1663;1;21103850;1663;351;2531;2531;6.67;0.41;216.21;4.37;868;1;851.00;0
1664;1;21103859;1664;337;2531;2531;6.70;0.41;216.25;4.37;867;1;852.00;0
1664;1;21103869;1664;325;2531;2531;6.74;0.41;216.25;4.37;867;1;853.00;0
1665;1;21103878;1665;318;2532;2532;6.74;0.41;216.19;4.37;867;1;854.00;0
1667;1;21103887;1667;310;2534;2534;6.78;0.42;216.18;4.36;867;1;855.00;0
1669;1;21103898;1669;305;2534;2534;6.81;0.42;216.27;4.36;865;1;856.00;0
1671;1;21103909;1671;301;2535;2535;6.90;0.42;216.20;4.36;864;1;857.00;0
1671;1;21103920;1671;297;2535;2535;7.00;0.43;216.20;4.36;864;1;858.00;0
1672;1;21103937;1672;289;2535;2535;7.11;0.44;216.19;4.36;863;1;859.00;0
1674;1;21103947;1674;291;2535;2535;7.23;0.44;216.21;4.36;861;1;860.00;0
1674;1;21103960;1674;283;2535;2535;7.38;0.45;216.21;4.36;861;1;861.00;0
1677;1;21103971;1677;283;2535;2535;7.44;0.45;216.38;4.36;858;1;862.00;0
1679;1;21103983;1679;282;2535;2535;7.45;0.46;216.22;4.36;856;1;863.00;0
1682;1;21103995;1682;295;2606;2662;7.70;0.48;216.27;4.25;924;1;864.00;56
1685;1;21104018;1685;291;2610;2663;7.66;0.47;216.32;4.24;925;1;865.00;53
1686;1;21104037;1686;289;2619;2663;7.72;0.48;216.38;4.23;933;1;866.00;44
1688;1;21104049;1688;288;2625;2663;7.69;0.48;216.58;4.23;937;1;867.00;38
1692;1;21104061;1692;292;2631;2663;7.62;0.47;216.61;4.23;939;1;868.00;32
1693;1;21104072;1693;288;2634;2663;7.54;0.47;216.65;4.23;941;1;869.00;29
1696;1;21104087;1696;290;2638;2663;7.49;0.46;216.60;4.23;942;1;870.00;25
1698;3;21104099;1698;292;2640;2663;7.40;0.46;216.56;4.23;942;3;871.00;23
1699;3;21104136;1699;292;2641;2664;7.38;0.45;216.55;4.24;942;3;872.00;23
1704;3;21104151;1704;299;2643;2665;7.26;0.45;216.84;4.24;939;3;873.00;22
1707;3;21104163;1707;295;2645;2665;7.18;0.44;216.95;4.24;938;3;874.00;20
1711;3;21104174;1711;286;2648;2666;7.07;0.44;217.25;4.25;937;3;875.00;18
1717;3;21104187;1717;290;2649;2666;6.93;0.43;217.58;4.25;932;3;876.00;17
1720;3;21104198;1720;282;2652;2666;6.88;0.42;217.87;4.26;932;3;877.00;14
1724;3;21104210;1724;282;2654;2666;6.82;0.42;217.92;4.27;930;3;878.00;12
1729;3;21104221;1729;289;2659;2670;6.79;0.42;218.41;4.27;930;3;879.00;11
1731;3;21104232;1731;289;2660;2670;6.75;0.42;218.79;4.27;929;3;880.00;10
1736;3;21104243;1736;283;2662;2670;6.83;0.42;218.93;4.28;926;3;881.00;8
1740;3;21104254;1740;277;2665;2673;6.88;0.42;219.50;4.28;925;3;882.00;8
1744;3;21104265;1744;279;2665;2673;6.91;0.42;219.80;4.28;921;3;883.00;8
1747;3;21104277;1747;271;2666;2673;6.90;0.42;220.22;4.29;919;3;884.00;7
1753;3;21104287;1753;272;2671;2677;6.89;0.42;221.09;4.29;918;3;885.00;6
1756;3;21104298;1756;261;2673;2678;7.00;0.43;221.26;4.29;917;3;886.00;5
1759;3;21104309;1759;259;2674;2678;7.13;0.44;221.48;4.30;915;3;887.00;4
1762;3;21104319;1762;261;2679;2682;7.25;0.44;221.93;4.30;917;3;888.00;3
1769;3;21104330;1769;257;2680;2682;7.32;0.45;222.32;4.31;911;3;889.00;2
1771;3;21104342;1771;255;2681;2682;7.44;0.46;222.40;4.31;910;3;890.00;1
1777;3;21104353;1777;262;2681;2683;7.47;0.46;222.78;4.31;904;3;891.00;2
1779;3;21104365;1779;261;2682;2683;7.53;0.46;222.93;4.32;903;3;892.00;1
1784;3;21104379;1784;258;2688;2689;7.50;0.46;223.17;4.31;904;3;893.00;1
1789;3;21104391;1789;260;2689;2689;7.49;0.46;223.29;4.31;900;3;894.00;0
1791;3;21104402;1791;261;2690;2690;7.50;0.46;223.41;4.31;899;3;895.00;0
1797;3;21104412;1797;257;2690;2690;7.46;0.46;224.23;4.31;893;3;896.00;0
1799;3;21104423;1799;254;2690;2690;7.42;0.45;224.39;4.31;891;3;897.00;0
1802;3;21104434;1802;255;2690;2690;7.45;0.46;224.55;4.31;888;3;898.00;0
1805;3;21104444;1805;253;2690;2690;7.46;0.46;224.97;4.31;885;3;899.00;0
1808;3;21104458;1808;255;2721;2736;7.54;0.46;225.24;4.26;913;3;900.00;15
1813;3;21104478;1813;251;2721;2736;7.59;0.47;225.25;4.26;908;3;901.00;15
1820;3;21104489;1820;255;2726;2736;7.64;0.47;225.18;4.25;906;3;902.00;10
1825;3;21104500;1825;253;2726;2736;7.74;0.47;225.66;4.25;901;3;903.00;10
1825;3;21104512;1825;255;2728;2736;7.85;0.48;225.66;4.25;903;3;904.00;8
1828;3;21104523;1828;258;2728;2736;7.90;0.48;225.61;4.25;900;3;905.00;8
1833;3;21104533;1833;264;2733;2740;7.97;0.49;225.88;4.25;900;3;906.00;7
1838;3;21104545;1838;264;2734;2740;7.94;0.49;226.13;4.25;896;3;907.00;6
1843;3;21104560;1843;269;2737;2744;7.89;0.48;226.38;4.25;894;3;908.00;7
1847;3;21104572;1847;272;2738;2745;7.89;0.48;226.41;4.25;891;3;909.00;7
1850;3;21104583;1850;270;2738;2745;7.83;0.48;226.56;4.25;888;3;910.00;7
1854;3;21104595;1854;275;2738;2745;7.80;0.48;227.24;4.25;884;3;911.00;7
1859;3;21104607;1859;284;2751;2758;7.78;0.47;227.09;4.23;892;3;912.00;7
1867;3;21104619;1867;279;2752;2758;7.67;0.47;227.64;4.23;885;3;913.00;6
1868;3;21104632;1868;278;2752;2758;7.68;0.47;227.78;4.23;884;3;914.00;6
1870;3;21104643;1870;281;2753;2759;7.71;0.47;228.01;4.23;883;3;915.00;6
1873;3;21104654;1873;280;2754;2760;7.68;0.47;228.27;4.23;881;3;916.00;6
1877;3;21104665;1877;286;2755;2760;7.64;0.47;228.65;4.23;878;3;917.00;5
1880;3;21104676;1880;283;2757;2763;7.56;0.46;229.40;4.23;877;3;918.00;6
1883;3;21104688;1883;293;2758;2763;7.41;0.45;229.50;4.24;875;3;919.00;5
1887;3;21104699;1887;298;2759;2763;7.34;0.45;229.65;4.24;872;3;920.00;4
1893;3;21104709;1893;305;2759;2763;7.22;0.44;230.02;4.24;866;3;921.00;4
1896;3;21104720;1896;305;2764;2769;7.18;0.44;230.23;4.24;868;3;922.00;5
1897;3;21104733;1897;298;2764;2769;7.19;0.44;230.43;4.24;867;3;923.00;5
1900;3;21104745;1900;291;2764;2769;7.13;0.43;230.52;4.24;864;3;924.00;5
1901;3;21104757;1901;290;2768;2769;7.12;0.43;230.43;4.25;867;3;925.00;1
1903;3;21104768;1903;289;2773;2773;7.20;0.44;230.62;4.25;870;3;926.00;0
1907;3;21104779;1907;292;2774;2774;7.24;0.44;230.83;4.25;867;3;927.00;0
1909;3;21104791;1909;289;2774;2774;7.28;0.44;230.88;4.25;865;3;928.00;0
1911;3;21104807;1911;285;2775;2775;7.29;0.44;231.02;4.25;864;3;929.00;0
1913;3;21104819;1913;289;2775;2775;7.31;0.45;231.08;4.25;862;3;930.00;0
1916;3;21104838;1916;278;2775;2775;7.31;0.44;231.11;4.25;859;3;931.00;0
1918;3;21104848;1918;267;2775;2775;7.28;0.44;231.03;4.25;857;3;932.00;0
1921;3;21104859;1921;258;2775;2775;7.31;0.45;231.17;4.25;854;3;933.00;0
1924;3;21104871;1924;251;2775;2775;7.40;0.45;231.18;4.25;851;3;934.00;0
1928;3;21104881;1928;253;2775;2775;7.48;0.46;231.51;4.25;847;3;935.00;0
1930;3;21104898;1930;273;2819;2845;7.52;0.46;231.54;4.18;889;3;936.00;26
1932;3;21104916;1932;258;2820;2846;7.62;0.47;231.58;4.18;888;3;937.00;26
1934;3;21104929;1934;264;2825;2846;7.74;0.47;231.71;4.18;891;3;938.00;21
1937;3;21104942;1937;262;2825;2846;7.78;0.48;231.90;4.18;888;3;939.00;21
1939;3;21104953;1939;263;2828;2846;7.86;0.48;231.92;4.18;889;3;940.00;18
1942;3;21104965;1942;269;2831;2846;7.97;0.49;231.95;4.18;889;3;941.00;15
1946;3;21104979;1946;268;2833;2846;8.05;0.49;232.32;4.18;887;3;942.00;13
1948;3;21104991;1948;274;2835;2846;8.15;0.50;232.36;4.18;887;3;943.00;11
1954;3;21105002;1954;271;2837;2847;8.18;0.50;232.46;4.18;883;3;944.00;10
1957;3;21105014;1957;274;2840;2849;8.19;0.50;232.62;4.18;883;3;945.00;9
1961;3;21105026;1961;268;2843;2849;8.29;0.51;233.00;4.19;882;3;946.00;6
1966;3;21105050;1966;265;2848;2853;8.35;0.51;233.01;4.19;882;3;947.00;5
1971;3;21105086;1971;268;2849;2853;8.37;0.51;233.06;4.19;878;3;948.00;4
1975;3;21105106;1975;267;2849;2853;8.39;0.51;233.06;4.19;874;3;949.00;4
1978;3;21105121;1978;270;2849;2853;8.43;0.51;233.43;4.19;871;3;950.00;4
1980;3;21105140;1980;263;2854;2859;8.45;0.51;233.46;4.19;874;3;951.00;5
1981;3;21105154;1981;260;2854;2859;8.48;0.52;233.49;4.19;873;3;952.00;5
1984;3;21105167;1984;262;2854;2859;8.50;0.52;233.56;4.19;870;3;953.00;5
1985;3;21105179;1985;256;2856;2862;8.54;0.52;233.55;4.18;871;3;954.00;6
1989;3;21105191;1989;251;2857;2862;8.51;0.52;233.51;4.19;868;3;955.00;5
1992;3;21105201;1992;252;2858;2862;8.52;0.52;233.55;4.19;866;3;956.00;4
1995;3;21105213;1995;253;2858;2863;8.48;0.52;233.62;4.19;863;3;957.00;5
1997;3;21105230;1997;248;2859;2864;8.43;0.51;233.89;4.19;862;3;958.00;5
2000;4;21105241;2000;252;2860;2864;8.35;0.51;234.06;4.19;860;4;959.00;4
2001;4;21105264;2001;258;2881;2890;8.26;0.50;233.95;4.16;880;4;960.00;9
2006;4;21105277;2006;261;2883;2890;8.06;0.49;234.18;4.16;877;4;961.00;7
2008;4;21105288;2008;268;2884;2890;8.05;0.49;234.26;4.16;876;4;962.00;6
2011;4;21105297;2011;272;2885;2891;8.04;0.49;234.26;4.15;874;4;963.00;6
2013;4;21105313;2013;274;2885;2891;7.98;0.48;234.39;4.15;872;4;964.00;6
2016;4;21105322;2016;269;2889;2895;7.98;0.48;234.57;4.15;873;4;965.00;6
2018;4;21105333;2018;262;2889;2895;8.05;0.49;234.73;4.15;871;4;966.00;6
2019;4;21105343;2019;266;2892;2899;8.03;0.49;234.82;4.15;873;4;967.00;7
2020;4;21105353;2020;263;2892;2899;8.00;0.49;234.96;4.15;872;4;968.00;7
2023;4;21105364;2023;265;2892;2899;8.04;0.49;235.12;4.15;869;4;969.00;7
2023;4;21105374;2023;258;2892;2899;8.05;0.49;235.12;4.15;869;4;970.00;7
2024;4;21105385;2024;259;2892;2899;8.01;0.48;235.08;4.15;868;4;971.00;7
2024;4;21105395;2024;259;2902;2911;8.11;0.49;235.08;4.13;878;4;972.00;9
2025;4;21105406;2025;257;2902;2911;8.15;0.49;235.20;4.13;877;4;973.00;9
2026;4;21105416;2026;262;2903;2911;8.20;0.50;235.18;4.13;877;4;974.00;8
2031;4;21105426;2031;258;2903;2911;8.22;0.50;235.35;4.13;872;4;975.00;8
2035;4;21105436;2035;261;2903;2911;8.17;0.50;235.56;4.13;868;4;976.00;8
2036;4;21105446;2036;259;2903;2911;8.12;0.49;235.49;4.13;867;4;977.00;8
2039;4;21105455;2039;259;2903;2912;8.04;0.49;235.59;4.13;864;4;978.00;9
2041;4;21105466;2041;263;2903;2912;7.92;0.48;235.71;4.13;862;4;979.00;9
2044;4;21105476;2044;259;2910;2918;7.82;0.48;235.66;4.15;866;4;980.00;8
2048;4;21105486;2048;252;2911;2919;7.79;0.47;235.62;4.15;863;4;981.00;8
2053;4;21105496;2053;246;2911;2919;7.65;0.47;235.49;4.15;858;4;982.00;8
2057;4;21105506;2057;244;2911;2919;7.55;0.46;235.27;4.15;854;4;983.00;8
2058;4;21105516;2058;249;2913;2923;7.52;0.46;235.29;4.15;855;4;984.00;10
2058;4;21105534;2058;255;2913;2923;7.51;0.46;235.29;4.15;855;4;985.00;10
2060;4;21105544;2060;252;2913;2923;7.49;0.45;235.23;4.15;853;4;986.00;10
2062;4;21105555;2062;252;2914;2924;7.42;0.45;235.04;4.15;852;4;987.00;10
2065;4;21105565;2065;248;2917;2928;7.43;0.45;234.90;4.14;852;4;988.00;11
2067;4;21105576;2067;254;2917;2928;7.48;0.45;234.92;4.14;850;4;989.00;11
2074;4;21105588;2074;252;2921;2934;7.45;0.45;234.88;4.14;847;4;990.00;13
2074;4;21105600;2074;249;2921;2934;7.45;0.45;234.88;4.14;847;4;991.00;13
2077;4;21105610;2077;249;2923;2934;7.50;0.45;234.77;4.14;846;4;992.00;11
2081;4;21105620;2081;257;2924;2934;7.47;0.45;234.58;4.14;843;4;993.00;10
2083;4;21105638;2083;258;2928;2938;7.45;0.45;234.51;4.13;845;4;994.00;10
2083;4;21105650;2083;261;2928;2938;7.47;0.45;234.51;4.13;845;4;995.00;10
2085;4;21105661;2085;261;2928;2938;7.44;0.45;234.32;4.13;843;4;996.00;10
2085;4;21105670;2085;265;2928;2938;7.41;0.45;234.32;4.13;843;4;997.00;10
2087;4;21105680;2087;264;2928;2939;7.32;0.44;234.56;4.13;841;4;998.00;11
2087;4;21105692;2087;267;2929;2940;7.27;0.44;234.56;4.13;842;4;999.00;11
2088;4;21105702;2088;266;2929;2940;7.20;0.44;234.57;4.13;841;4;1000.00;11
2089;4;21105716;2089;268;2930;2941;7.14;0.43;234.51;4.13;841;4;1001.00;11
2089;4;21105726;2089;276;2930;2941;7.10;0.43;234.51;4.13;841;4;1002.00;11
2091;4;21105735;2091;279;2930;2941;7.04;0.43;234.51;4.13;839;4;1003.00;11
2091;4;21105745;2091;281;2931;2941;7.01;0.43;234.51;4.15;840;4;1004.00;10
2093;4;21105753;2093;283;2932;2941;6.92;0.42;234.43;4.16;839;4;1005.00;9
2094;4;21105762;2094;286;2932;2941;6.84;0.42;234.41;4.16;838;4;1006.00;9
2095;4;21105771;2095;296;2934;2941;6.80;0.42;234.36;4.19;839;4;1007.00;7
2098;4;21105780;2098;317;2997;3068;7.03;0.44;234.40;4.10;899;4;1008.00;71
2099;4;21105801;2099;303;3001;3069;7.06;0.44;234.42;4.11;902;4;1009.00;68
2101;4;21105812;2101;292;3009;3069;7.15;0.45;234.34;4.10;908;4;1010.00;60
2101;4;21105822;2101;285;3016;3069;7.25;0.45;234.34;4.12;915;4;1011.00;53
2103;4;21105831;2103;287;3025;3069;7.32;0.46;234.32;4.13;922;4;1012.00;44
2103;4;21105842;2103;282;3031;3069;7.37;0.46;234.32;4.13;928;4;1013.00;38
2104;4;21105853;2104;283;3036;3069;7.43;0.46;234.32;4.14;932;4;1014.00;33
2105;4;21105863;2105;284;3038;3069;7.53;0.47;234.34;4.14;933;4;1015.00;31
2106;4;21105879;2106;280;3041;3070;7.60;0.47;234.30;4.16;935;4;1016.00;29
2109;4;21105896;2109;285;3047;3071;7.64;0.47;234.40;4.17;938;4;1017.00;24
2110;5;21105907;2110;282;3048;3071;7.62;0.47;234.39;4.17;938;5;1018.00;23
2114;5;21105923;2114;285;3052;3072;7.58;0.47;234.32;4.19;938;5;1019.00;20
2116;5;21105939;2116;288;3054;3072;7.48;0.46;234.36;4.19;938;5;1020.00;18
2118;5;21105950;2118;288;3058;3072;7.36;0.46;234.27;4.20;940;5;1021.00;14
2120;5;21105960;2120;291;3059;3072;7.30;0.45;234.26;4.21;939;5;1022.00;13
2121;5;21105970;2121;295;3066;3076;7.18;0.44;234.25;4.22;945;5;1023.00;10
2124;5;21105981;2124;295;3069;3076;7.05;0.44;234.12;4.22;945;5;1024.00;7
2127;5;21105992;2127;295;3070;3076;6.96;0.43;233.96;4.23;943;5;1025.00;6
2129;5;21106002;2129;298;3074;3079;6.84;0.42;234.03;4.24;945;5;1026.00;5
2131;5;21106014;2131;297;3075;3079;6.73;0.41;234.12;4.24;944;5;1027.00;4
2132;5;21106025;2132;297;3075;3079;6.71;0.41;234.12;4.24;943;5;1028.00;4
2133;5;21106035;2133;301;3081;3083;6.59;0.40;234.07;4.24;948;5;1029.00;2
2134;5;21106045;2134;302;3083;3084;6.58;0.40;234.01;4.24;949;5;1030.00;1
2140;5;21106055;2140;300;3083;3084;6.59;0.40;233.78;4.24;943;5;1031.00;1
2145;5;21106066;2145;297;3088;3088;6.59;0.40;233.99;4.24;943;5;1032.00;0
2146;5;21106077;2146;295;3088;3088;6.69;0.41;234.03;4.24;942;5;1033.00;0
2149;5;21106088;2149;294;3088;3088;6.71;0.41;234.05;4.24;939;5;1034.00;0
2152;5;21106101;2152;296;3090;3090;6.74;0.41;234.21;4.23;938;5;1035.00;0
2155;5;21106114;2155;291;3090;3090;6.81;0.41;234.32;4.23;935;5;1036.00;0
2157;5;21106128;2157;290;3096;3096;6.88;0.42;234.35;4.23;939;5;1037.00;0
2160;5;21106141;2160;292;3096;3096;6.90;0.42;234.31;4.23;936;5;1038.00;0
2163;5;21106152;2163;293;3097;3097;6.92;0.42;234.48;4.23;934;5;1039.00;0
2163;5;21106165;2163;292;3097;3097;6.86;0.42;234.48;4.23;934;5;1040.00;0
2165;5;21106175;2165;299;3097;3097;6.75;0.41;234.70;4.23;932;5;1041.00;0
2172;5;21106187;2172;301;3097;3097;6.59;0.40;235.09;4.23;925;5;1042.00;0
2176;5;21106204;2176;305;3097;3097;6.53;0.40;235.18;4.23;921;5;1043.00;0
2177;5;21106216;2177;309;3108;3109;6.53;0.40;235.24;4.21;931;5;1044.00;1
2181;5;21106227;2181;313;3108;3109;6.53;0.40;235.38;4.21;927;5;1045.00;1
2185;5;21106238;2185;312;3109;3109;6.49;0.40;235.71;4.21;924;5;1046.00;0
2190;5;21106250;2190;314;3109;3109;6.45;0.39;235.67;4.21;919;5;1047.00;0
2195;5;21106261;2195;315;3109;3109;6.36;0.39;235.81;4.21;914;5;1048.00;0
2199;5;21106272;2199;318;3109;3109;6.39;0.39;235.95;4.21;910;5;1049.00;0
2201;5;21106285;2201;309;3115;3115;6.40;0.39;236.07;4.21;914;5;1050.00;0
2205;5;21106297;2205;299;3115;3115;6.34;0.39;236.15;4.21;910;5;1051.00;0
2209;5;21106307;2209;288;3119;3119;6.43;0.39;236.41;4.20;910;5;1052.00;0
2212;5;21106317;2212;284;3120;3120;6.42;0.39;236.69;4.20;908;5;1053.00;0
2217;5;21106327;2217;281;3120;3120;6.37;0.39;237.01;4.20;903;5;1054.00;0
2221;5;21106337;2221;281;3120;3120;6.37;0.39;237.10;4.20;899;5;1055.00;0
2225;5;21106347;2225;284;3133;3133;6.41;0.39;237.42;4.18;908;5;1056.00;0
2228;5;21106363;2228;281;3133;3133;6.40;0.39;237.54;4.18;905;5;1057.00;0
2231;5;21106372;2231;274;3133;3133;6.43;0.39;237.86;4.18;902;5;1058.00;0
2237;5;21106382;2237;266;3134;3134;6.52;0.40;238.27;4.18;897;5;1059.00;0
2240;5;21106392;2240;256;3135;3135;6.59;0.40;238.51;4.18;895;5;1060.00;0
2243;5;21106403;2243;259;3135;3135;6.71;0.41;238.59;4.18;892;5;1061.00;0
2246;5;21106413;2246;263;3137;3138;6.84;0.42;238.66;4.18;891;5;1062.00;1
2247;5;21106424;2247;264;3137;3138;6.95;0.42;238.78;4.18;890;5;1063.00;1
2253;5;21106434;2253;261;3138;3138;7.00;0.43;238.94;4.18;885;5;1064.00;0
2259;5;21106445;2259;258;3138;3138;7.08;0.43;239.09;4.18;879;5;1065.00;0
2262;5;21106455;2262;253;3144;3144;7.19;0.44;239.02;4.17;882;5;1066.00;0
2265;5;21106466;2265;257;3144;3144;7.30;0.44;239.20;4.17;879;5;1067.00;0
2268;6;21106477;2268;258;3144;3144;7.34;0.45;239.37;4.17;876;6;1068.00;0
2272;6;21106504;2272;256;3144;3144;7.39;0.45;239.48;4.17;872;6;1069.00;0
2276;6;21106520;2276;257;3148;3148;7.43;0.45;239.69;4.17;872;6;1070.00;0
2278;6;21106531;2278;261;3149;3149;7.52;0.46;239.82;4.17;871;6;1071.00;0
2283;6;21106542;2283;262;3149;3149;7.54;0.46;240.23;4.17;866;6;1072.00;0
2288;6;21106553;2288;259;3150;3150;7.53;0.46;240.48;4.16;862;6;1073.00;0
2292;6;21106564;2292;263;3150;3150;7.49;0.45;241.01;4.16;858;6;1074.00;0
2296;6;21106575;2296;265;3150;3150;7.42;0.45;241.10;4.16;854;6;1075.00;0
2300;6;21106585;2300;263;3150;3150;7.38;0.45;241.46;4.16;850;6;1076.00;0
2305;6;21106596;2305;264;3150;3150;7.41;0.45;241.63;4.16;845;6;1077.00;0
2307;6;21106606;2307;269;3150;3150;7.48;0.46;241.63;4.16;843;6;1078.00;0
2313;6;21106616;2313;273;3150;3150;7.48;0.46;242.17;4.16;837;6;1079.00;0
2315;6;21106628;2315;293;3228;3275;7.63;0.47;242.23;4.06;913;6;1080.00;47
2319;6;21106648;2319;286;3233;3276;7.67;0.47;242.36;4.06;914;6;1081.00;43
2323;6;21106659;2323;272;3241;3276;7.75;0.48;242.33;4.05;918;6;1082.00;35
2326;6;21106670;2326;262;3242;3276;7.75;0.48;242.67;4.05;916;6;1083.00;34
2332;6;21106681;2332;262;3248;3276;7.80;0.48;242.88;4.05;916;6;1084.00;28
2335;6;21106692;2335;257;3249;3276;7.82;0.48;242.97;4.05;914;6;1085.00;27
2339;6;21106703;2339;259;3255;3276;7.83;0.48;243.23;4.06;916;6;1086.00;21
2343;6;21106715;2343;267;3257;3276;7.90;0.49;243.56;4.06;914;6;1087.00;19
2345;6;21106726;2345;269;3262;3277;7.88;0.49;243.63;4.07;917;6;1088.00;15
2350;6;21106737;2350;275;3267;3278;7.75;0.48;243.83;4.07;917;6;1089.00;11
2354;6;21106748;2354;274;3271;3278;7.59;0.47;243.88;4.08;917;6;1090.00;7
2357;6;21106758;2357;284;3276;3282;7.43;0.46;244.08;4.08;919;6;1091.00;6
2358;6;21106769;2358;283;3277;3282;7.25;0.45;244.19;4.08;919;6;1092.00;5
2362;6;21106781;2362;292;3277;3282;7.11;0.44;244.20;4.08;915;6;1093.00;5
2366;6;21106792;2366;294;3278;3282;6.98;0.43;244.34;4.08;912;6;1094.00;4
2371;6;21106803;2371;306;3284;3288;6.90;0.43;244.72;4.08;913;6;1095.00;4
2373;6;21106814;2373;312;3284;3288;6.90;0.42;244.75;4.08;911;6;1096.00;4
2376;6;21106825;2376;314;3285;3288;6.87;0.42;244.97;4.08;909;6;1097.00;3
2378;6;21106836;2378;313;3287;3291;6.90;0.42;245.13;4.08;909;6;1098.00;4
2382;6;21106848;2382;312;3288;3291;6.91;0.43;245.41;4.08;906;6;1099.00;3
2384;6;21106860;2384;314;3288;3291;6.94;0.43;245.43;4.08;904;6;1100.00;3
2389;6;21106875;2389;307;3289;3292;6.94;0.43;245.52;4.08;900;6;1101.00;3
2392;6;21106886;2392;307;3290;3293;6.96;0.43;245.44;4.08;898;6;1102.00;3
2396;6;21106898;2396;309;3291;3293;6.96;0.43;245.64;4.08;895;6;1103.00;2
2401;6;21106908;2401;312;3301;3306;7.02;0.43;245.72;4.07;900;6;1104.00;5
2405;6;21106920;2405;317;3301;3306;7.00;0.43;245.85;4.07;896;6;1105.00;5
2408;6;21106930;2408;309;3301;3306;7.04;0.43;245.84;4.07;893;6;1106.00;5
2411;6;21106941;2411;304;3302;3307;7.07;0.43;246.05;4.07;891;6;1107.00;5
2412;6;21106951;2412;294;3302;3307;7.15;0.44;246.06;4.07;890;6;1108.00;5
2417;6;21106961;2417;279;3305;3311;7.24;0.44;246.17;4.06;888;6;1109.00;6
2418;6;21106974;2418;270;3306;3311;7.28;0.44;246.29;4.07;888;6;1110.00;5
2419;6;21106985;2419;267;3308;3315;7.31;0.45;246.29;4.06;889;6;1111.00;7
2421;6;21106996;2421;273;3309;3315;7.34;0.45;246.46;4.06;888;6;1112.00;6
2424;6;21107007;2424;274;3310;3315;7.39;0.45;246.62;4.07;886;6;1113.00;5
2424;6;21107017;2424;278;3310;3315;7.51;0.46;246.62;4.07;886;6;1114.00;5
2429;6;21107028;2429;279;3310;3315;7.52;0.46;246.76;4.07;881;6;1115.00;5
2431;6;21107047;2431;281;3323;3327;7.64;0.47;247.22;4.07;892;6;1116.00;4
2434;6;21107060;2434;280;3323;3327;7.61;0.46;247.35;4.07;889;6;1117.00;4
2439;6;21107071;2439;270;3323;3327;7.60;0.46;247.55;4.07;884;6;1118.00;4
2443;6;21107083;2443;274;3323;3327;7.65;0.46;247.64;4.07;880;6;1119.00;4
2444;6;21107094;2444;274;3323;3327;7.69;0.47;247.69;4.07;879;6;1120.00;4
2449;6;21107104;2449;267;3323;3327;7.69;0.47;247.74;4.07;874;6;1121.00;4
2450;6;21107115;2450;260;3323;3328;7.79;0.47;247.74;4.07;873;6;1122.00;5
2452;6;21107125;2452;259;3323;3328;7.86;0.48;247.78;4.07;871;6;1123.00;5
2453;6;21107136;2453;254;3328;3334;7.92;0.48;247.84;4.06;875;6;1124.00;6
2454;6;21107147;2454;252;3330;3336;7.96;0.48;247.86;4.06;876;6;1125.00;6
2456;6;21107157;2456;252;3330;3336;7.97;0.48;247.84;4.06;874;6;1126.00;6
2461;6;21107168;2461;247;3330;3336;7.88;0.48;247.95;4.06;869;6;1127.00;6
2461;6;21107179;2461;246;3333;3340;7.81;0.48;247.95;4.05;872;6;1128.00;7
2465;6;21107191;2465;248;3333;3340;7.76;0.47;247.94;4.05;868;6;1129.00;7
2467;6;21107202;2467;252;3333;3340;7.69;0.47;247.95;4.05;866;6;1130.00;7
2467;6;21107212;2467;253;3334;3341;7.76;0.47;247.95;4.05;867;6;1131.00;7
2469;6;21107222;2469;257;3337;3345;7.76;0.47;247.93;4.05;868;6;1132.00;8
2472;6;21107232;2472;264;3337;3345;7.74;0.47;247.87;4.05;865;6;1133.00;8
2473;6;21107242;2473;268;3339;3348;7.76;0.47;247.82;4.05;866;6;1134.00;9
2476;6;21107252;2476;271;3339;3348;7.73;0.47;247.79;4.05;863;6;1135.00;9
2478;6;21107265;2478;275;3340;3348;7.69;0.47;247.66;4.05;862;6;1136.00;8
2481;6;21107276;2481;274;3340;3348;7.62;0.46;247.66;4.05;859;6;1137.00;8
2483;6;21107287;2483;281;3344;3352;7.61;0.46;247.56;4.04;861;6;1138.00;8
2485;6;21107297;2485;285;3344;3352;7.56;0.46;247.69;4.04;859;6;1139.00;8
2487;6;21107308;2487;283;3344;3352;7.48;0.46;247.59;4.04;857;6;1140.00;8
2491;6;21107325;2491;276;3344;3352;7.47;0.46;247.40;4.04;853;6;1141.00;8
2493;6;21107335;2493;277;3344;3353;7.49;0.46;247.29;4.04;851;6;1142.00;9
2495;6;21107344;2495;277;3345;3354;7.50;0.46;247.25;4.04;850;6;1143.00;9
2496;6;21107354;2496;272;3345;3354;7.42;0.45;247.19;4.04;849;6;1144.00;9
2498;6;21107364;2498;271;3346;3355;7.43;0.45;247.23;4.04;848;6;1145.00;9
2502;6;21107374;2502;266;3346;3355;7.41;0.45;247.15;4.04;844;6;1146.00;9
2502;6;21107383;2502;264;3346;3355;7.38;0.45;247.15;4.04;844;6;1147.00;9
2504;6;21107393;2504;268;3346;3355;7.36;0.45;247.26;4.04;842;6;1148.00;9
2507;6;21107403;2507;269;3346;3355;7.34;0.45;247.22;4.04;839;6;1149.00;9
2509;6;21107412;2509;271;3346;3355;7.28;0.44;247.13;4.04;837;6;1150.00;9
2510;6;21107421;2510;264;3346;3355;7.29;0.44;247.26;4.04;836;6;1151.00;9
2515;6;21107430;2515;289;3411;3482;7.27;0.45;247.19;3.97;896;6;1152.00;71
2517;6;21107449;2517;287;3411;3483;7.24;0.45;247.11;3.97;894;6;1153.00;72
2521;6;21107460;2521;273;3418;3483;7.28;0.45;247.18;3.96;897;6;1154.00;65
2523;6;21107470;2523;269;3420;3483;7.28;0.45;247.14;3.99;897;6;1155.00;63
2526;6;21107480;2526;266;3425;3483;7.29;0.45;247.16;3.99;899;6;1156.00;58
2526;6;21107490;2526;259;3426;3483;7.28;0.45;247.16;3.99;900;6;1157.00;57
2526;6;21107499;2526;262;3433;3483;7.25;0.45;247.16;3.99;907;6;1158.00;50
2528;6;21107509;2528;255;3435;3483;7.20;0.44;247.27;4.00;907;6;1159.00;48
2529;6;21107519;2529;255;3438;3484;7.19;0.44;247.25;4.00;909;6;1160.00;46
2529;6;21107529;2529;257;3443;3485;7.23;0.44;247.25;4.01;914;6;1161.00;42
2530;6;21107539;2530;253;3446;3485;7.20;0.44;247.21;4.01;916;6;1162.00;39
2531;6;21107550;2531;249;3449;3486;7.26;0.45;247.16;4.02;918;6;1163.00;37
2533;6;21107560;2533;254;3451;3486;7.26;0.45;247.27;4.02;918;6;1164.00;35
2533;6;21107571;2533;251;3455;3486;7.21;0.44;247.27;4.03;922;6;1165.00;31
2534;6;21107584;2534;234;3456;3486;7.21;0.44;247.28;4.04;922;6;1166.00;30
2536;7;21107597;2536;224;3460;3490;7.26;0.44;247.24;4.04;924;7;1167.00;30
2538;7;21107621;2538;216;3463;3490;7.29;0.45;247.27;4.05;925;7;1168.00;27
2541;7;21107636;2541;209;3463;3490;7.30;0.45;247.27;4.05;922;7;1169.00;27
2543;7;21107652;2543;206;3467;3496;7.37;0.45;247.21;4.05;924;7;1170.00;29
2546;7;21107672;2546;205;3469;3496;7.41;0.45;247.15;4.05;923;7;1171.00;27
2546;7;21107698;2546;208;3472;3496;7.50;0.46;247.15;4.06;926;7;1172.00;24
2546;7;21107721;2546;207;3475;3500;7.60;0.46;247.15;4.06;929;7;1173.00;25
2547;7;21107735;2547;207;3477;3501;7.67;0.47;247.06;4.06;930;7;1174.00;24
2549;7;21107746;2549;210;3479;3501;7.63;0.47;247.13;4.07;930;7;1175.00;22
2552;7;21107758;2552;208;3484;3505;7.64;0.47;246.90;4.07;932;7;1176.00;21
2555;7;21107775;2555;210;3484;3505;7.64;0.47;246.85;4.07;929;7;1177.00;21
2555;7;21107792;2555;209;3484;3505;7.63;0.47;246.85;4.07;929;7;1178.00;21
2557;7;21107803;2557;207;3486;3506;7.66;0.47;246.95;4.08;929;7;1179.00;20
2558;7;21107814;2558;207;3489;3506;7.64;0.47;246.87;4.12;931;7;1180.00;17
2562;7;21107825;2562;207;3494;3512;7.69;0.47;246.70;4.12;932;7;1181.00;18
2565;7;21107837;2565;211;3495;3512;7.69;0.47;246.50;4.12;930;7;1182.00;17
2567;7;21107849;2567;218;3497;3513;7.72;0.47;246.51;4.15;930;7;1183.00;16
2568;7;21107860;2568;235;3497;3513;7.67;0.47;246.43;4.15;929;7;1184.00;16
2569;7;21107871;2569;233;3499;3513;7.61;0.46;246.40;4.18;930;7;1185.00;14
2570;7;21107882;2570;242;3499;3513;7.63;0.46;246.37;4.18;929;7;1186.00;14
2575;7;21107893;2575;245;3501;3513;7.53;0.46;246.28;4.20;926;7;1187.00;12
2578;7;21107904;2578;246;3511;3525;7.61;0.46;246.39;4.19;933;7;1188.00;14
2578;7;21107918;2578;249;3513;3525;7.66;0.47;246.39;4.21;935;7;1189.00;12
2580;7;21107934;2580;258;3514;3525;7.67;0.47;246.27;4.21;934;7;1190.00;11
2582;7;21107950;2582;257;3516;3525;7.69;0.47;246.31;4.23;934;7;1191.00;9
2585;7;21107966;2585;262;3516;3525;7.63;0.46;246.45;4.23;931;7;1192.00;9
2585;7;21107981;2585;262;3518;3525;7.64;0.47;246.45;4.24;933;7;1193.00;7
2588;7;21107997;2588;270;3521;3529;7.53;0.46;246.59;4.24;933;7;1194.00;8
2590;7;21108021;2590;269;3522;3529;7.56;0.46;246.62;4.25;932;7;1195.00;7
2590;7;21108037;2590;271;3526;3533;7.59;0.46;246.62;4.24;936;7;1196.00;7
2593;7;21108050;2593;276;3528;3534;7.52;0.46;246.72;4.25;935;7;1197.00;6
2595;7;21108062;2595;269;3529;3534;7.44;0.45;246.75;4.26;934;7;1198.00;5
2598;7;21108078;2598;262;3530;3534;7.41;0.45;246.67;4.27;932;7;1199.00;4
2601;7;21108092;2601;268;3553;3575;7.35;0.45;246.75;4.24;952;7;1200.00;22
2606;7;21108117;2606;264;3556;3575;7.31;0.45;246.86;4.25;950;7;1201.00;19
2607;7;21108129;2607;259;3558;3575;7.36;0.45;246.82;4.25;951;7;1202.00;17
2609;7;21108139;2609;256;3562;3576;7.41;0.45;246.83;4.25;953;7;1203.00;14
2611;7;21108150;2611;254;3563;3577;7.48;0.46;246.86;4.25;952;7;1204.00;14
2612;7;21108176;2612;257;3566;3577;7.48;0.46;247.02;4.25;954;7;1205.00;11
2616;7;21108192;2616;247;3570;3580;7.47;0.46;247.17;4.25;954;7;1206.00;10
2616;7;21108203;2616;251;3570;3580;7.56;0.46;247.17;4.25;954;7;1207.00;10
2622;7;21108213;2622;250;3572;3580;7.55;0.46;247.31;4.25;950;7;1208.00;8
2624;7;21108224;2624;256;3572;3580;7.61;0.46;247.44;4.25;948;7;1209.00;8
2625;7;21108235;2625;256;3582;3586;7.61;0.46;247.45;4.25;957;7;1210.00;4
2627;7;21108247;2627;254;3582;3586;7.61;0.46;247.65;4.25;955;7;1211.00;4
2630;7;21108258;2630;251;3582;3586;7.59;0.46;247.84;4.25;952;7;1212.00;4
2632;7;21108275;2632;255;3582;3586;7.62;0.47;247.98;4.25;950;7;1213.00;4
2635;7;21108286;2635;262;3586;3590;7.59;0.46;248.11;4.25;951;7;1214.00;4
2638;7;21108297;2638;262;3588;3592;7.59;0.46;248.32;4.25;950;7;1215.00;4
2642;7;21108308;2642;266;3589;3592;7.57;0.46;248.22;4.25;947;7;1216.00;3
2645;7;21108318;2645;266;3590;3593;7.61;0.47;248.33;4.25;945;7;1217.00;3
2649;7;21108328;2649;274;3590;3593;7.57;0.46;248.72;4.25;941;7;1218.00;3
2654;7;21108338;2654;273;3590;3593;7.54;0.46;248.61;4.25;936;7;1219.00;3
2657;7;21108349;2657;268;3590;3593;7.50;0.46;248.72;4.25;933;7;1220.00;3
2663;7;21108359;2663;271;3591;3593;7.40;0.45;248.85;4.25;928;7;1221.00;2
2668;7;21108369;2668;275;3591;3593;7.32;0.45;249.26;4.25;923;7;1222.00;2
2671;7;21108386;2671;278;3591;3593;7.17;0.44;249.37;4.25;920;7;1223.00;2
2674;7;21108396;2674;291;3633;3663;7.24;0.44;249.55;4.20;959;7;1224.00;30
2678;7;21108412;2678;278;3634;3664;7.17;0.44;249.75;4.20;956;7;1225.00;30
2681;7;21108424;2681;269;3640;3664;7.17;0.44;249.85;4.20;959;7;1226.00;24
2686;7;21108438;2686;265;3646;3664;7.14;0.44;250.20;4.20;960;7;1227.00;18
2689;7;21108453;2689;265;3652;3666;7.15;0.44;250.45;4.20;963;7;1228.00;14
2696;7;21108468;2696;268;3653;3666;7.08;0.43;250.67;4.20;957;7;1229.00;13
2699;7;21108486;2699;264;3656;3666;7.01;0.43;250.95;4.20;957;7;1230.00;10
2703;7;21108501;2703;271;3658;3666;6.94;0.42;250.99;4.21;955;7;1231.00;8
2708;7;21108517;2708;272;3660;3667;6.86;0.42;251.11;4.21;952;7;1232.00;7
2712;7;21108532;2712;273;3667;3668;6.81;0.41;251.45;4.22;955;7;1233.00;1
2714;7;21108547;2714;271;3667;3668;6.79;0.41;251.56;4.22;953;7;1234.00;1
2716;7;21108561;2716;263;3671;3672;6.80;0.41;251.65;4.22;955;7;1235.00;1
2719;7;21108573;2719;282;3671;3672;6.82;0.42;251.94;4.22;952;7;1236.00;1
2724;7;21108584;2724;278;3671;3672;6.74;0.41;252.30;4.22;947;7;1237.00;1
2725;7;21108595;2725;278;3671;3672;6.76;0.41;252.43;4.22;946;7;1238.00;1
2729;7;21108605;2729;280;3678;3678;6.73;0.41;252.66;4.21;949;7;1239.00;0
2733;7;21108617;2733;277;3678;3678;6.66;0.41;252.69;4.21;945;7;1240.00;0
2736;7;21108627;2736;273;3678;3678;6.72;0.41;252.91;4.21;942;7;1241.00;0
2738;7;21108638;2738;270;3680;3681;6.82;0.42;252.93;4.21;942;7;1242.00;1
2745;7;21108649;2745;271;3680;3681;6.85;0.42;253.13;4.21;935;7;1243.00;1
2748;7;21108660;2748;275;3681;3681;6.87;0.42;253.28;4.21;933;7;1244.00;0
2751;7;21108670;2751;272;3682;3682;6.88;0.42;253.24;4.21;931;7;1245.00;0
2756;7;21108681;2756;272;3683;3683;6.93;0.43;253.72;4.21;927;7;1246.00;0
2765;7;21108696;2765;282;3683;3683;6.94;0.42;253.97;4.21;918;7;1247.00;0
2769;7;21108710;2769;290;3695;3696;6.99;0.43;254.06;4.19;926;7;1248.00;1
2773;7;21108726;2773;293;3696;3696;6.98;0.43;254.16;4.19;923;7;1249.00;0
2778;7;21108737;2778;291;3696;3696;7.00;0.43;254.16;4.19;918;7;1250.00;0
2782;7;21108748;2782;297;3697;3697;7.09;0.43;254.16;4.19;915;7;1251.00;0
2788;7;21108760;2788;296;3697;3697;7.04;0.43;254.45;4.19;909;7;1252.00;0
2793;7;21108770;2793;297;3701;3701;7.07;0.43;254.67;4.19;908;7;1253.00;0
2795;7;21108781;2795;299;3701;3701;7.09;0.43;254.83;4.19;906;7;1254.00;0
2801;7;21108792;2801;302;3705;3705;7.08;0.43;255.10;4.19;904;7;1255.00;0
2802;7;21108804;2802;305;3705;3705;7.12;0.44;255.15;4.19;903;7;1256.00;0
2811;7;21108814;2811;310;3705;3705;7.06;0.43;255.51;4.19;894;7;1257.00;0
2816;7;21108825;2816;312;3705;3705;7.02;0.43;255.70;4.19;889;7;1258.00;0
2819;7;21108836;2819;314;3705;3705;6.99;0.43;255.67;4.19;886;7;1259.00;0
2824;7;21108849;2824;322;3733;3739;7.07;0.43;255.64;4.15;909;7;1260.00;6
2830;7;21108862;2830;318;3734;3739;6.98;0.43;255.87;4.15;904;7;1261.00;5
2834;7;21108872;2834;319;3737;3739;6.95;0.43;255.99;4.15;903;7;1262.00;2
2839;7;21108883;2839;323;3737;3739;6.88;0.42;256.25;4.15;898;7;1263.00;2
2843;7;21108894;2843;333;3738;3739;6.79;0.42;256.33;4.15;895;7;1264.00;1
2846;7;21108904;2846;331;3738;3739;6.74;0.41;256.41;4.15;892;7;1265.00;1
2848;7;21108919;2848;333;3738;3740;6.65;0.41;256.51;4.15;890;7;1266.00;2
2851;7;21108929;2851;335;3738;3740;6.53;0.40;256.51;4.15;887;7;1267.00;2
2854;7;21108938;2854;345;3743;3746;6.42;0.39;256.49;4.15;889;7;1268.00;3
2855;7;21108949;2855;350;3744;3747;6.39;0.39;256.52;4.15;889;7;1269.00;3
2857;7;21108959;2857;357;3744;3747;6.29;0.38;256.77;4.15;887;7;1270.00;3
2861;7;21108969;2861;361;3744;3747;6.24;0.38;256.76;4.15;883;7;1271.00;3
2862;7;21108989;2862;358;3747;3751;6.27;0.38;256.74;4.14;885;7;1272.00;4
2863;7;21108999;2863;355;3747;3751;6.27;0.38;256.78;4.14;884;7;1273.00;4
2866;7;21109009;2866;354;3747;3751;6.30;0.38;256.86;4.14;881;7;1274.00;4
2869;7;21109019;2869;350;3748;3752;6.36;0.39;256.77;4.14;879;7;1275.00;4
2870;7;21109029;2870;349;3751;3756;6.44;0.39;256.79;4.14;881;7;1276.00;5
2871;7;21109040;2871;350;3751;3756;6.53;0.40;256.79;4.14;880;7;1277.00;5
2873;7;21109050;2873;353;3753;3759;6.59;0.40;256.86;4.14;880;7;1278.00;6
2875;7;21109061;2875;351;3753;3759;6.64;0.40;256.88;4.14;878;7;1279.00;6
2875;7;21109071;2875;349;3754;3759;6.68;0.41;256.88;4.14;879;7;1280.00;5
2876;7;21109081;2876;338;3754;3759;6.66;0.41;256.98;4.14;878;7;1281.00;5
2877;7;21109091;2877;329;3758;3763;6.68;0.41;256.96;4.13;881;7;1282.00;5
2878;7;21109103;2878;324;3758;3763;6.72;0.41;257.03;4.13;880;7;1283.00;5
2879;7;21109115;2879;320;3758;3763;6.81;0.41;257.07;4.13;879;7;1284.00;5
2880;7;21109126;2880;312;3758;3763;6.85;0.42;257.18;4.13;878;7;1285.00;5
2885;7;21109136;2885;313;3758;3764;6.87;0.42;257.28;4.13;873;7;1286.00;6
2886;7;21109147;2886;310;3759;3765;6.91;0.42;257.34;4.13;873;7;1287.00;6
2890;7;21109158;2890;305;3759;3765;6.93;0.42;257.47;4.13;869;7;1288.00;6
2893;7;21109169;2893;306;3760;3766;6.93;0.42;257.60;4.13;867;7;1289.00;6
2896;7;21109181;2896;300;3760;3766;6.87;0.42;257.62;4.13;864;7;1290.00;6
2897;7;21109192;2897;300;3760;3766;6.87;0.42;257.62;4.13;863;7;1291.00;6
2898;7;21109203;2898;299;3760;3766;6.88;0.42;257.62;4.13;862;7;1292.00;6
2901;7;21109214;2901;300;3760;3766;6.88;0.42;257.70;4.13;859;7;1293.00;6
2903;7;21109224;2903;297;3760;3766;6.90;0.42;257.87;4.13;857;7;1294.00;6
2905;7;21109235;2905;297;3760;3766;6.90;0.42;258.03;4.13;855;7;1295.00;6
2908;7;21109245;2908;312;3828;3893;7.30;0.45;258.27;4.06;920;7;1296.00;65
2910;7;21109265;2910;303;3830;3894;7.32;0.45;258.38;4.06;920;7;1297.00;64
2911;7;21109287;2911;296;3839;3894;7.40;0.46;258.32;4.05;928;7;1298.00;55
2914;7;21109313;2914;299;3842;3894;7.43;0.46;258.51;4.05;928;7;1299.00;52
2915;7;21109335;2915;300;3847;3894;7.45;0.46;258.46;4.05;932;7;1300.00;47
2915;7;21109370;2915;297;3850;3894;7.46;0.46;258.46;4.05;935;7;1301.00;44
2919;7;21109390;2919;304;3854;3894;7.41;0.46;258.42;4.05;935;7;1302.00;40
2921;7;21109412;2921;301;3856;3894;7.43;0.46;258.51;4.06;935;7;1303.00;38
2926;7;21109439;2926;305;3858;3895;7.36;0.45;258.65;4.06;932;7;1304.00;37
2927;7;21109458;2927;304;3863;3897;7.28;0.45;258.57;4.06;936;7;1305.00;34
2928;7;21109477;2928;303;3866;3897;7.24;0.44;258.63;4.07;938;7;1306.00;31
2932;7;21109491;2932;310;3868;3898;7.14;0.44;258.70;4.07;936;7;1307.00;30
2935;7;21109506;2935;318;3869;3898;7.07;0.43;258.74;4.07;934;7;1308.00;29
2936;7;21109519;2936;317;3872;3898;7.07;0.43;258.79;4.08;936;7;1309.00;26
2938;7;21109531;2938;321;3875;3898;7.00;0.43;258.75;4.09;937;7;1310.00;23
2940;7;21109543;2940;326;3878;3902;6.99;0.43;258.71;4.09;938;7;1311.00;24
2943;7;21109555;2943;332;3880;3902;6.94;0.43;258.79;4.09;937;7;1312.00;22
2946;7;21109566;2946;332;3880;3902;6.88;0.42;258.74;4.09;934;7;1313.00;22
2949;7;21109576;2949;330;3883;3905;6.82;0.42;258.65;4.10;934;7;1314.00;22
2949;7;21109587;2949;330;3883;3905;6.85;0.42;258.65;4.10;934;7;1315.00;22
2950;7;21109598;2950;325;3884;3905;6.87;0.42;258.68;4.09;934;7;1316.00;21
2953;7;21109615;2953;326;3888;3909;6.88;0.42;258.64;4.10;935;7;1317.00;21
2955;7;21109627;2955;325;3889;3910;6.94;0.43;258.55;4.10;934;7;1318.00;21
2958;7;21109637;2958;320;3889;3910;6.96;0.43;258.49;4.10;931;7;1319.00;21
2958;7;21109650;2958;317;3893;3915;7.04;0.43;258.49;4.09;935;7;1320.00;22
2962;7;21109663;2962;318;3894;3915;7.08;0.43;258.43;4.10;932;7;1321.00;21
2967;7;21109674;2967;316;3895;3915;7.09;0.43;258.43;4.10;928;7;1322.00;20
2971;7;21109685;2971;297;3896;3916;7.14;0.43;258.39;4.10;925;7;1323.00;20
2976;7;21109698;2976;289;3897;3916;7.11;0.43;258.28;4.10;921;7;1324.00;19
2978;7;21109713;2978;277;3900;3922;7.15;0.43;258.38;4.10;922;7;1325.00;22
2980;7;21109729;2980;274;3901;3922;7.24;0.44;258.27;4.10;921;7;1326.00;21
2982;7;21109743;2982;269;3901;3923;7.28;0.44;258.33;4.10;919;7;1327.00;22
2984;7;21109758;2984;265;3901;3923;7.25;0.44;258.42;4.10;917;7;1328.00;22
2985;7;21109772;2985;256;3902;3923;7.27;0.44;258.34;4.11;917;7;1329.00;21
2988;7;21109796;2988;248;3903;3923;7.26;0.44;258.40;4.13;915;7;1330.00;20
2989;7;21109807;2989;249;3903;3923;7.25;0.44;258.40;4.13;914;7;1331.00;20
2990;7;21109817;2990;244;3913;3935;7.30;0.44;258.38;4.12;923;7;1332.00;22
2991;7;21109829;2991;235;3914;3935;7.28;0.44;258.36;4.12;923;7;1333.00;21
2992;7;21109846;2992;234;3914;3935;7.31;0.44;258.34;4.12;922;7;1334.00;21
2993;7;21109857;2993;227;3914;3935;7.34;0.44;258.36;4.12;921;7;1335.00;21
2995;7;21109868;2995;226;3914;3935;7.38;0.45;258.30;4.12;919;7;1336.00;21
2995;7;21109879;2995;229;3914;3935;7.45;0.45;258.30;4.12;919;7;1337.00;21
2995;7;21109890;2995;221;3917;3939;7.49;0.45;258.30;4.12;922;7;1338.00;22
2998;7;21109901;2998;214;3917;3939;7.54;0.46;258.21;4.12;919;7;1339.00;22
3000;7;21109919;3000;211;3920;3943;7.62;0.46;258.25;4.11;920;7;1340.00;23
3001;7;21109930;3001;200;3920;3944;7.66;0.46;258.21;4.11;919;7;1341.00;24
3003;7;21109941;3003;196;3921;3944;7.79;0.47;258.22;4.11;918;7;1342.00;23
3004;7;21109951;3004;194;3921;3944;7.82;0.47;258.16;4.11;917;7;1343.00;23
3008;7;21109962;3008;198;3931;3957;7.83;0.47;258.10;4.10;923;7;1344.00;26
3011;7;21109974;3011;186;3931;3957;7.81;0.47;258.07;4.10;920;7;1345.00;26
3013;7;21109984;3013;188;3932;3957;7.87;0.48;258.04;4.10;919;7;1346.00;25
3015;7;21109994;3015;178;3933;3958;7.95;0.48;258.14;4.10;918;7;1347.00;25
3019;7;21110005;3019;178;3934;3959;7.97;0.48;258.24;4.11;915;7;1348.00;25
3020;7;21110016;3020;179;3936;3959;8.01;0.49;258.29;4.14;916;7;1349.00;23
3022;7;21110027;3022;184;3942;3968;8.08;0.49;258.41;4.14;920;7;1350.00;26
3023;7;21110039;3023;186;3945;3968;8.08;0.49;258.45;4.14;922;7;1351.00;23
3025;7;21110049;3025;189;3947;3968;8.15;0.49;258.47;4.16;922;7;1352.00;21
3028;7;21110059;3028;197;3948;3968;8.17;0.50;258.51;4.16;920;7;1353.00;20
3029;7;21110070;3029;197;3953;3974;8.20;0.50;258.51;4.15;924;7;1354.00;21
3030;7;21110081;3030;206;3955;3974;8.19;0.50;258.46;4.19;925;7;1355.00;19
3033;7;21110091;3033;205;3955;3974;8.17;0.50;258.50;4.19;922;7;1356.00;19
3033;7;21110101;3033;212;3955;3974;8.14;0.49;258.50;4.19;922;7;1357.00;19
3034;7;21110111;3034;214;3959;3978;8.08;0.49;258.48;4.19;925;7;1358.00;19
3036;7;21110121;3036;220;3961;3979;8.08;0.49;258.39;4.21;925;7;1359.00;18
3041;7;21110131;3041;228;3962;3979;8.03;0.49;258.64;4.21;921;7;1360.00;17
3043;7;21110144;3043;236;3964;3980;8.04;0.49;258.70;4.23;921;7;1361.00;16
3045;7;21110154;3045;242;3964;3980;8.03;0.49;258.72;4.23;919;7;1362.00;16
3047;7;21110164;3047;241;3965;3980;8.00;0.49;258.70;4.24;918;7;1363.00;15
3050;7;21110175;3050;237;3965;3980;7.98;0.49;258.73;4.24;915;7;1364.00;15
3052;7;21110185;3052;245;3965;3980;8.00;0.49;258.74;4.24;913;7;1365.00;15
3055;7;21110195;3055;247;3965;3980;7.99;0.49;258.76;4.24;910;7;1366.00;15
3060;7;21110206;3060;246;3968;3980;7.95;0.49;258.93;4.29;908;7;1367.00;12
3061;7;21110216;3061;252;4009;4050;8.07;0.50;258.94;4.29;948;7;1368.00;41
3068;7;21110232;3068;246;4013;4051;7.97;0.49;259.13;4.30;945;7;1369.00;38
3071;7;21110243;3071;248;4021;4051;7.96;0.49;259.41;4.31;950;7;1370.00;30
3071;7;21110254;3071;245;4023;4051;7.91;0.48;259.41;4.31;952;7;1371.00;28
3074;7;21110264;3074;247;4028;4051;7.81;0.48;259.39;4.33;954;7;1372.00;23
3076;7;21110274;3076;251;4031;4051;7.70;0.47;259.55;4.33;955;7;1373.00;20
3078;7;21110285;3078;246;4036;4051;7.65;0.47;259.57;4.35;958;7;1374.00;15
3080;7;21110295;3080;244;4038;4051;7.62;0.47;259.72;4.35;958;7;1375.00;13
3083;7;21110307;3083;243;4042;4052;7.54;0.46;259.72;4.36;959;7;1376.00;10
3090;7;21110317;3090;249;4045;4053;7.55;0.46;259.53;4.37;955;7;1377.00;8
3091;7;21110328;3091;250;4045;4053;7.55;0.46;259.66;4.37;954;7;1378.00;8
3092;7;21110340;3092;251;4051;4057;7.53;0.46;259.66;4.37;959;7;1379.00;6
3096;7;21110352;3096;250;4053;4057;7.51;0.46;259.66;4.38;957;7;1380.00;4
3098;7;21110362;3098;246;4053;4057;7.60;0.46;259.66;4.38;955;7;1381.00;4
3099;7;21110374;3099;246;4055;4057;7.63;0.47;259.78;4.38;956;7;1382.00;2
3100;7;21110385;3100;253;4060;4063;7.72;0.47;259.91;4.38;960;7;1383.00;3
3102;7;21110396;3102;259;4060;4063;7.75;0.47;259.94;4.38;958;7;1384.00;3
3105;7;21110408;3105;259;4062;4063;7.76;0.47;259.85;4.38;957;7;1385.00;1
3111;7;21110424;3111;265;4065;4066;7.72;0.47;260.00;4.38;954;7;1386.00;1
3113;7;21110435;3113;263;4066;4066;7.66;0.47;260.12;4.38;953;7;1387.00;0
3114;7;21110446;3114;268;4066;4066;7.72;0.47;260.08;4.38;952;7;1388.00;0
3120;7;21110458;3120;272;4067;4067;7.65;0.47;260.18;4.38;947;7;1389.00;0
3121;7;21110468;3121;275;4068;4068;7.66;0.47;260.12;4.38;947;7;1390.00;0
3126;7;21110479;3126;278;4068;4068;7.55;0.46;260.24;4.38;942;7;1391.00;0
3129;7;21110490;3129;288;4081;4081;7.48;0.46;260.31;4.36;952;7;1392.00;0
3134;7;21110502;3134;292;4081;4081;7.39;0.45;260.36;4.36;947;7;1393.00;0
3139;7;21110512;3139;293;4081;4081;7.31;0.45;260.62;4.36;942;7;1394.00;0
3141;7;21110521;3141;290;4083;4083;7.21;0.44;260.67;4.36;942;7;1395.00;0
3145;7;21110531;3145;300;4083;4083;7.09;0.43;260.66;4.36;938;7;1396.00;0
3150;7;21110541;3150;307;4087;4087;7.02;0.43;260.82;4.36;937;7;1397.00;0
3153;7;21110551;3153;315;4087;4087;6.92;0.42;260.91;4.36;934;7;1398.00;0
3155;7;21110561;3155;313;4090;4091;6.81;0.41;260.96;4.35;935;7;1399.00;1
3159;7;21110571;3159;307;4091;4091;6.75;0.41;261.18;4.35;932;7;1400.00;0
3161;7;21110585;3161;299;4091;4091;6.76;0.41;261.20;4.35;930;7;1401.00;0
3167;7;21110594;3167;293;4091;4091;6.73;0.41;261.33;4.35;924;7;1402.00;0
3170;7;21110604;3170;288;4091;4091;6.73;0.41;261.69;4.35;921;7;1403.00;0
3173;7;21110613;3173;288;4102;4103;6.80;0.42;261.92;4.34;929;7;1404.00;1
3181;7;21110624;3181;284;4102;4103;6.74;0.41;262.25;4.34;921;7;1405.00;1
3184;7;21110634;3184;288;4103;4103;6.79;0.42;262.45;4.34;919;7;1406.00;0
3188;7;21110643;3188;277;4103;4103;6.76;0.41;262.57;4.34;915;7;1407.00;0
3193;7;21110653;3193;269;4103;4103;6.81;0.42;262.80;4.34;910;7;1408.00;0
3195;7;21110663;3195;260;4103;4103;6.88;0.42;262.83;4.34;908;7;1409.00;0
3201;7;21110674;3201;261;4104;4104;6.88;0.42;263.05;4.34;903;7;1410.00;0
3204;7;21110684;3204;257;4104;4104;6.83;0.42;263.21;4.34;900;7;1411.00;0
3208;7;21110694;3208;258;4110;4110;6.91;0.42;263.31;4.34;902;7;1412.00;0
3211;7;21110705;3211;259;4111;4111;6.93;0.42;263.30;4.34;900;7;1413.00;0
3216;7;21110715;3216;263;4111;4111;6.92;0.42;263.48;4.34;895;7;1414.00;0
3220;7;21110726;3220;272;4111;4111;6.92;0.42;263.61;4.34;891;7;1415.00;0
3225;7;21110737;3225;267;4115;4115;6.92;0.42;263.58;4.33;890;7;1416.00;0
3226;7;21110747;3226;267;4115;4115;6.86;0.42;263.59;4.33;889;7;1417.00;0
3232;7;21110756;3232;265;4115;4115;6.72;0.41;263.49;4.33;883;7;1418.00;0
3237;7;21110766;3237;264;4116;4116;6.65;0.41;263.74;4.33;879;7;1419.00;0
3239;7;21110775;3239;268;4120;4120;6.63;0.40;263.72;4.33;881;7;1420.00;0
3242;7;21110785;3242;268;4120;4120;6.56;0.40;263.87;4.33;878;7;1421.00;0
3249;7;21110795;3249;270;4122;4123;6.48;0.40;263.98;4.32;873;7;1422.00;1
3252;7;21110805;3252;278;4122;4123;6.52;0.40;264.06;4.32;870;7;1423.00;1
3255;7;21110814;3255;270;4123;4123;6.54;0.40;264.00;4.32;868;7;1424.00;0
3259;7;21110824;3259;274;4123;4123;6.55;0.40;264.10;4.32;864;7;1425.00;0
3261;7;21110834;3261;278;4127;4127;6.57;0.40;264.20;4.32;866;7;1426.00;0
3266;7;21110844;3266;274;4127;4127;6.50;0.40;264.49;4.32;861;7;1427.00;0
3272;7;21110859;3272;277;4127;4127;6.46;0.40;264.65;4.32;855;7;1428.00;0
3277;7;21110869;3277;278;4127;4127;6.43;0.39;264.72;4.32;850;7;1429.00;0
3280;7;21110878;3280;281;4128;4128;6.42;0.39;264.92;4.32;848;7;1430.00;0
3283;7;21110887;3283;291;4129;4129;6.43;0.39;264.97;4.32;846;7;1431.00;0
3285;7;21110896;3285;293;4129;4129;6.49;0.40;265.04;4.32;844;7;1432.00;0
3292;7;21110905;3292;296;4130;4130;6.42;0.39;265.11;4.32;838;7;1433.00;0
3298;7;21110915;3298;301;4130;4130;6.37;0.39;265.19;4.32;832;7;1434.00;0
3303;7;21110924;3303;309;4130;4130;6.30;0.38;265.28;4.32;827;7;1435.00;0
3307;7;21110933;3307;309;4130;4130;6.25;0.38;265.45;4.32;823;7;1436.00;0
3311;7;21110942;3311;314;4130;4130;6.20;0.38;265.58;4.32;819;7;1437.00;0
3313;7;21110951;3313;319;4130;4130;6.18;0.38;265.66;4.32;817;7;1438.00;0
3318;7;21110960;3318;321;4130;4130;6.10;0.37;265.78;4.32;812;7;1439.00;0
3323;7;21110971;3323;354;4238;4360;6.63;0.42;265.89;4.21;915;7;1440.00;122
3328;7;21110996;3328;354;4247;4361;6.57;0.42;266.05;4.20;919;7;1441.00;114
3330;7;21111006;3330;344;4259;4361;6.66;0.42;266.06;4.20;929;7;1442.00;102
3334;7;21111016;3334;345;4268;4361;6.63;0.42;266.15;4.19;934;7;1443.00;93
3336;7;21111025;3336;344;4276;4361;6.66;0.42;266.15;4.19;940;7;1444.00;85
3337;7;21111035;3337;353;4285;4361;6.61;0.42;266.11;4.19;948;7;1445.00;76
3340;7;21111045;3340;358;4291;4361;6.58;0.41;266.06;4.20;951;7;1446.00;70
3341;7;21111057;3341;353;4297;4361;6.56;0.41;266.09;4.20;956;7;1447.00;64
3343;7;21111067;3343;347;4303;4362;6.59;0.41;266.13;4.21;960;7;1448.00;59
3346;7;21111078;3346;343;4310;4363;6.60;0.41;266.13;4.21;964;7;1449.00;53
3350;7;21111089;3350;344;4315;4363;6.56;0.41;266.06;4.22;965;7;1450.00;48
3352;7;21111099;3352;336;4317;4364;6.56;0.41;265.96;4.22;965;7;1451.00;47
3354;7;21111115;3354;341;4321;4364;6.51;0.40;265.92;4.23;967;7;1452.00;43
3357;7;21111127;3357;349;4323;4364;6.44;0.40;265.88;4.24;966;7;1453.00;41
3359;7;21111139;3359;353;4326;4364;6.40;0.40;265.89;4.24;967;7;1454.00;38
3359;7;21111150;3359;358;4330;4368;6.35;0.39;265.89;4.25;971;7;1455.00;38
3359;7;21111167;3359;362;4332;4368;6.36;0.39;265.89;4.25;973;7;1456.00;36
3360;7;21111178;3360;355;4335;4368;6.43;0.40;265.94;4.26;975;7;1457.00;33
3361;7;21111189;3361;351;4339;4371;6.48;0.40;265.89;4.26;978;7;1458.00;32
3361;7;21111201;3361;357;4339;4371;6.50;0.40;265.89;4.26;978;7;1459.00;32
3363;7;21111220;3363;358;4339;4371;6.56;0.41;265.76;4.26;976;7;1460.00;32
3365;7;21111231;3365;357;4342;4375;6.66;0.41;265.82;4.26;977;7;1461.00;33
3369;7;21111244;3369;357;4344;4376;6.72;0.41;265.65;4.26;975;7;1462.00;32
3373;7;21111262;3373;360;4345;4376;6.78;0.42;265.60;4.27;972;7;1463.00;31
3374;7;21111275;3374;360;4349;4380;6.84;0.42;265.54;4.27;975;7;1464.00;31
3374;7;21111287;3374;366;4349;4380;6.89;0.42;265.54;4.27;975;7;1465.00;31
3377;7;21111306;3377;370;4349;4380;6.91;0.42;265.43;4.27;972;7;1466.00;31
3378;7;21111317;3378;371;4350;4381;6.93;0.42;265.43;4.28;972;7;1467.00;31
3381;7;21111329;3381;368;4351;4381;6.92;0.42;265.37;4.28;970;7;1468.00;30
3385;7;21111340;3385;369;4355;4387;6.93;0.42;265.36;4.28;970;7;1469.00;32
3387;7;21111354;3387;371;4357;4387;6.95;0.42;265.27;4.29;970;7;1470.00;30
3387;7;21111365;3387;372;4357;4388;6.96;0.42;265.27;4.29;970;7;1471.00;31
3389;7;21111377;3389;370;4358;4388;6.98;0.43;265.19;4.29;969;7;1472.00;30
3390;7;21111388;3390;365;4359;4388;7.00;0.43;265.24;4.30;969;7;1473.00;29
3394;7;21111398;3394;369;4360;4388;6.97;0.42;265.25;4.30;966;7;1474.00;28
3397;7;21111410;3397;372;4361;4388;6.94;0.42;265.26;4.31;964;7;1475.00;27
3401;7;21111421;3401;374;4370;4400;6.94;0.42;265.22;4.30;969;7;1476.00;30
3401;7;21111434;3401;379;4370;4400;6.91;0.42;265.22;4.30;969;7;1477.00;30
3403;7;21111444;3403;379;4374;4400;6.86;0.42;265.24;4.30;971;7;1478.00;26
3407;7;21111456;3407;384;4374;4400;6.84;0.42;265.29;4.30;967;7;1479.00;26
3408;7;21111467;3408;376;4375;4400;6.87;0.42;265.28;4.30;967;7;1480.00;25
3408;7;21111478;3408;372;4375;4400;6.86;0.42;265.28;4.30;967;7;1481.00;25
3409;7;21111489;3409;363;4378;4404;6.90;0.42;265.27;4.30;969;7;1482.00;26
3412;7;21111500;3412;358;4378;4404;6.99;0.42;265.28;4.30;966;7;1483.00;26
3412;7;21111510;3412;350;4383;4408;7.06;0.43;265.28;4.31;971;7;1484.00;25
3414;7;21111521;3414;341;4385;4410;7.11;0.43;265.22;4.31;971;7;1485.00;25
3416;7;21111533;3416;344;4385;4410;7.15;0.43;265.20;4.31;969;7;1486.00;25
3417;7;21111549;3417;337;4385;4410;7.22;0.44;265.22;4.31;968;7;1487.00;25
3418;7;21111560;3418;343;4394;4423;7.28;0.44;265.24;4.30;976;7;1488.00;29
3419;7;21111572;3419;343;4394;4423;7.33;0.44;265.23;4.30;975;7;1489.00;29
3419;7;21111583;3419;334;4394;4423;7.38;0.45;265.23;4.30;975;7;1490.00;29
3421;7;21111599;3421;333;4395;4424;7.46;0.45;265.23;4.30;974;7;1491.00;29
3421;7;21111612;3421;329;4395;4425;7.52;0.46;265.23;4.30;974;7;1492.00;30
3422;7;21111622;3422;325;4395;4425;7.52;0.46;265.22;4.30;973;7;1493.00;30
3422;7;21111634;3422;322;4397;4428;7.61;0.46;265.22;4.29;975;7;1494.00;31
3424;7;21111650;3424;315;4397;4428;7.62;0.46;265.18;4.29;973;7;1495.00;31
3425;7;21111662;3425;310;4398;4428;7.62;0.46;265.14;4.29;973;7;1496.00;30
3427;7;21111673;3427;315;4398;4428;7.65;0.47;265.10;4.29;971;7;1497.00;30
3427;7;21111683;3427;317;4403;4434;7.69;0.47;265.10;4.29;976;7;1498.00;31
3430;7;21111696;3430;317;4403;4434;7.63;0.46;265.18;4.29;973;7;1499.00;31
3433;7;21111709;3433;318;4407;4453;7.52;0.46;265.23;4.29;974;7;1500.00;46
3438;7;21111728;3438;314;4407;4453;7.45;0.45;265.10;4.29;969;7;1501.00;46
3441;7;21111739;3441;315;4410;4457;7.42;0.45;265.12;4.28;969;7;1502.00;47
3446;7;21111750;3446;307;4411;4458;7.37;0.45;265.27;4.28;965;7;1503.00;47
3449;7;21111762;3449;305;4411;4458;7.31;0.44;265.36;4.28;962;7;1504.00;47
3449;7;21111773;3449;299;4416;4459;7.25;0.44;265.36;4.31;967;7;1505.00;43
3454;7;21111784;3454;291;4416;4459;7.16;0.43;265.52;4.31;962;7;1506.00;43
3456;7;21111796;3456;281;4416;4459;7.09;0.43;265.58;4.31;960;7;1507.00;43
3458;7;21111806;3458;275;4416;4459;7.11;0.43;265.68;4.31;958;7;1508.00;43
3459;7;21111817;3459;271;4416;4459;7.17;0.44;265.62;4.31;957;7;1509.00;43
3460;7;21111828;3460;269;4417;4459;7.23;0.44;265.62;4.31;957;7;1510.00;42
3462;7;21111838;3462;263;4418;4459;7.32;0.44;265.77;4.31;956;7;1511.00;41
3462;7;21111849;3462;267;4452;4529;7.44;0.45;265.77;4.28;990;7;1512.00;77
3464;7;21111866;3464;258;4452;4530;7.57;0.46;265.84;4.28;988;7;1513.00;78
3468;7;21111878;3468;251;4457;4530;7.62;0.46;265.97;4.28;989;7;1514.00;73
3472;7;21111889;3472;249;4458;4530;7.69;0.47;266.03;4.28;986;7;1515.00;72
3474;7;21111900;3474;243;4461;4530;7.73;0.47;266.16;4.28;987;7;1516.00;69
3476;7;21111911;3476;240;4464;4530;7.75;0.47;266.14;4.28;988;7;1517.00;66
3479;7;21111928;3479;235;4466;4530;7.84;0.48;266.13;4.28;987;7;1518.00;64
3480;7;21111939;3480;239;4468;4530;7.95;0.48;266.25;4.29;988;7;1519.00;62
3481;7;21111949;3481;232;4469;4531;8.03;0.49;266.21;4.29;988;7;1520.00;62
3481;7;21111961;3481;233;4471;4532;8.07;0.49;266.21;4.29;990;7;1521.00;61
3483;7;21111973;3483;231;4477;4532;8.00;0.49;266.24;4.31;994;7;1522.00;55
3484;7;21111983;3484;227;4483;4536;7.92;0.48;266.29;4.32;999;7;1523.00;53
3485;7;21111996;3485;229;4485;4536;7.86;0.48;266.30;4.32;1000;7;1524.00;51
3488;7;21112008;3488;230;4487;4536;7.80;0.47;266.22;4.34;999;7;1525.00;49
3489;7;21112020;3489;234;4488;4536;7.82;0.48;266.23;4.34;999;7;1526.00;48
3490;7;21112031;3490;240;4494;4542;7.76;0.47;266.19;4.36;1004;7;1527.00;48
3490;7;21112043;3490;243;4494;4542;7.76;0.47;266.19;4.36;1004;7;1528.00;48
3494;7;21112054;3494;243;4497;4542;7.74;0.47;266.23;4.39;1003;7;1529.00;45
3497;7;21112067;3497;239;4501;4548;7.74;0.47;266.19;4.41;1004;7;1530.00;47
3500;7;21112080;3500;247;4504;4548;7.75;0.47;266.24;4.45;1004;7;1531.00;44
3506;7;21112091;3506;247;4507;4548;7.80;0.47;266.23;4.46;1001;7;1532.00;41
3508;7;21112104;3508;256;4510;4549;7.84;0.48;266.40;4.50;1002;7;1533.00;39
3511;7;21112116;3511;258;4513;4550;7.91;0.48;266.32;4.52;1002;7;1534.00;37
3513;8;21112127;3513;259;4515;4550;7.93;0.48;266.35;4.54;1002;8;1535.00;35
3517;8;21112147;3517;271;4525;4563;7.94;0.48;266.53;4.57;1008;8;1536.00;38
3518;8;21112162;3518;276;4526;4563;7.92;0.48;266.64;4.57;1008;8;1537.00;37
3518;8;21112175;3518;283;4529;4563;7.94;0.48;266.64;4.60;1011;8;1538.00;34
3521;8;21112186;3521;289;4532;4564;7.92;0.48;266.79;4.64;1011;8;1539.00;32
3522;8;21112198;3522;292;4535;4564;7.90;0.48;266.85;4.66;1013;8;1540.00;29
3523;8;21112211;3523;289;4540;4568;7.81;0.47;266.83;4.68;1017;8;1541.00;28
3524;8;21112224;3524;296;4543;4568;7.74;0.47;266.89;4.72;1019;8;1542.00;25
3528;8;21112238;3528;307;4548;4572;7.64;0.47;266.84;4.75;1020;8;1543.00;24
3530;8;21112251;3530;311;4551;4572;7.62;0.46;266.80;4.79;1021;8;1544.00;21
3534;8;21112266;3534;312;4552;4572;7.60;0.46;266.86;4.80;1018;8;1545.00;20
3537;8;21112278;3537;318;4554;4572;7.56;0.46;266.96;4.82;1017;8;1546.00;18
3539;8;21112291;3539;319;4555;4572;7.47;0.46;267.04;4.83;1016;8;1547.00;17
3542;8;21112302;3542;322;4565;4584;7.39;0.45;267.02;4.82;1023;8;1548.00;19
3545;8;21112315;3545;321;4567;4584;7.30;0.45;267.07;4.83;1022;8;1549.00;17
3552;8;21112327;3552;322;4569;4584;7.26;0.44;266.88;4.84;1017;8;1550.00;15
3552;8;21112339;3552;318;4569;4584;7.28;0.45;266.88;4.84;1017;8;1551.00;15
3556;8;21112350;3556;316;4573;4584;7.25;0.44;266.96;4.87;1017;8;1552.00;11
3557;8;21112363;3557;315;4573;4584;7.26;0.44;266.94;4.87;1016;8;1553.00;11
3558;8;21112373;3558;311;4573;4585;7.24;0.44;266.96;4.87;1015;8;1554.00;12
3559;8;21112388;3559;311;4578;4587;7.29;0.45;266.94;4.89;1019;8;1555.00;9
3563;8;21112399;3563;310;4584;4593;7.37;0.45;267.07;4.89;1021;8;1556.00;9
3567;8;21112411;3567;309;4586;4594;7.41;0.45;267.35;4.90;1019;8;1557.00;8
3573;8;21112423;3573;314;4588;4594;7.37;0.45;267.39;4.91;1015;8;1558.00;6
3576;8;21112434;3576;312;4588;4594;7.40;0.45;267.48;4.91;1012;8;1559.00;6
3580;8;21112448;3580;314;4593;4599;7.44;0.46;267.58;4.91;1013;8;1560.00;6
3584;8;21112460;3584;315;4593;4599;7.42;0.45;267.71;4.91;1009;8;1561.00;6
3587;8;21112471;3587;317;4593;4599;7.41;0.45;267.82;4.91;1006;8;1562.00;6
3591;8;21112483;3591;317;4596;4600;7.42;0.45;267.99;4.91;1005;8;1563.00;4
3594;8;21112495;3594;328;4600;4604;7.34;0.45;268.03;4.92;1006;8;1564.00;4
3600;8;21112506;3600;339;4600;4604;7.27;0.44;268.20;4.92;1000;8;1565.00;4
3603;8;21112516;3603;349;4603;4607;7.21;0.44;268.20;4.92;1000;8;1566.00;4
3605;8;21112527;3605;355;4605;4607;7.14;0.44;268.26;4.92;1000;8;1567.00;2
3609;8;21112538;3609;360;4607;4607;7.04;0.43;268.32;4.92;998;8;1568.00;0
3615;8;21112548;3615;364;4607;4607;6.94;0.42;268.21;4.92;992;8;1569.00;0
3619;8;21112559;3619;371;4611;4611;6.90;0.42;268.35;4.91;992;8;1570.00;0
3622;8;21112570;3622;368;4611;4611;6.80;0.41;268.31;4.91;989;8;1571.00;0
3627;8;21112581;3627;380;4611;4611;6.65;0.40;268.54;4.91;984;8;1572.00;0
3629;8;21112591;3629;384;4611;4611;6.51;0.40;268.68;4.91;982;8;1573.00;0
3633;8;21112601;3633;383;4612;4612;6.27;0.38;268.84;4.91;979;8;1574.00;0
3640;8;21112610;3640;371;4614;4614;6.16;0.38;268.97;4.91;974;8;1575.00;0
3642;8;21112621;3642;371;4614;4614;6.10;0.37;268.92;4.91;972;8;1576.00;0
3648;8;21112630;3648;370;4615;4615;5.96;0.36;269.04;4.91;967;8;1577.00;0
3649;8;21112640;3649;363;4615;4615;5.86;0.36;269.16;4.91;966;8;1578.00;0
3651;8;21112649;3651;368;4615;4615;5.84;0.36;269.27;4.91;964;8;1579.00;0
3654;8;21112659;3654;365;4615;4615;5.82;0.36;269.32;4.91;961;8;1580.00;0
3657;8;21112669;3657;368;4615;4615;5.82;0.36;269.49;4.91;958;8;1581.00;0
3660;8;21112679;3660;366;4615;4615;5.87;0.36;269.40;4.91;955;8;1582.00;0
3665;8;21112689;3665;356;4615;4615;5.88;0.36;269.56;4.91;950;8;1583.00;0
3667;8;21112699;3667;362;4686;4742;6.26;0.39;269.58;4.84;1019;8;1584.00;56
3671;8;21112719;3671;350;4693;4743;6.33;0.39;269.72;4.83;1022;8;1585.00;50
3673;8;21112729;3673;341;4700;4743;6.34;0.40;269.86;4.83;1027;8;1586.00;43
3678;8;21112741;3678;335;4704;4743;6.36;0.40;269.96;4.83;1026;8;1587.00;39
3681;8;21112751;3681;348;4707;4743;6.37;0.40;270.03;4.82;1026;8;1588.00;36
3686;8;21112762;3686;348;4709;4743;6.34;0.40;270.07;4.82;1023;8;1589.00;34
3691;8;21112774;3691;361;4712;4743;6.26;0.39;270.30;4.83;1021;8;1590.00;31
3694;8;21112785;3694;378;4716;4743;6.20;0.39;270.37;4.83;1022;8;1591.00;27
3699;8;21112796;3699;382;4718;4744;6.14;0.38;270.42;4.83;1019;8;1592.00;26
3706;8;21112806;3706;383;4722;4745;6.05;0.37;270.79;4.83;1016;8;1593.00;23
3708;8;21112817;3708;393;4724;4745;6.01;0.37;270.98;4.83;1016;8;1594.00;21
3711;8;21112827;3711;398;4726;4746;5.99;0.37;271.05;4.84;1015;8;1595.00;20
3715;8;21112838;3715;404;4727;4746;5.96;0.37;271.08;4.84;1012;8;1596.00;19
3720;8;21112849;3720;414;4733;4746;5.86;0.36;271.12;4.85;1013;8;1597.00;13
3723;8;21112861;3723;412;4734;4746;5.88;0.36;271.13;4.85;1011;8;1598.00;12
3727;8;21112872;3727;418;4738;4750;5.87;0.36;271.20;4.85;1011;8;1599.00;12
3732;8;21112884;3732;418;4739;4750;5.84;0.36;271.25;4.86;1007;8;1600.00;11
3734;8;21112899;3734;423;4740;4750;5.84;0.36;271.17;4.86;1006;8;1601.00;10
3737;8;21112910;3737;426;4743;4753;5.80;0.36;271.14;4.86;1006;8;1602.00;10
3744;8;21112920;3744;427;4744;4753;5.71;0.35;271.17;4.86;1000;8;1603.00;9
3746;8;21112931;3746;432;4744;4753;5.68;0.35;271.14;4.86;998;8;1604.00;9
3748;8;21112941;3748;438;4748;4757;5.67;0.35;271.14;4.86;1000;8;1605.00;9
3754;8;21112952;3754;443;4751;4758;5.59;0.34;271.17;4.86;997;8;1606.00;7
3758;8;21112963;3758;455;4751;4758;5.52;0.34;271.25;4.86;993;8;1607.00;7
3760;8;21112974;3760;457;4755;4762;5.49;0.34;271.25;4.86;995;8;1608.00;7
3768;8;21112985;3768;456;4755;4762;5.45;0.33;271.31;4.86;987;8;1609.00;7
3770;8;21112995;3770;454;4755;4762;5.48;0.34;271.35;4.86;985;8;1610.00;7
3771;8;21113006;3771;460;4757;4763;5.45;0.33;271.29;4.86;986;8;1611.00;6
3772;8;21113021;3772;461;4757;4763;5.45;0.33;271.27;4.86;985;8;1612.00;6
3773;8;21113031;3773;462;4761;4769;5.44;0.33;271.21;4.86;988;8;1613.00;8
3775;8;21113042;3775;463;4762;4769;5.41;0.33;271.33;4.86;987;8;1614.00;7
3780;8;21113051;3780;463;4762;4770;5.44;0.33;271.50;4.86;982;8;1615.00;8
3783;8;21113062;3783;465;4762;4770;5.46;0.33;271.46;4.86;979;8;1616.00;8
3785;8;21113072;3785;465;4762;4770;5.46;0.33;271.54;4.86;977;8;1617.00;8
3790;8;21113082;3790;469;4762;4770;5.44;0.33;271.56;4.86;972;8;1618.00;8
3792;8;21113092;3792;475;4762;4770;5.43;0.33;271.56;4.86;970;8;1619.00;8
3797;8;21113103;3797;484;4791;4806;5.53;0.34;271.50;4.83;994;8;1620.00;15
3802;8;21113116;3802;488;4791;4806;5.47;0.34;271.48;4.83;989;8;1621.00;15
3803;8;21113126;3803;483;4793;4806;5.47;0.34;271.42;4.83;990;8;1622.00;13
3803;8;21113136;3803;474;4793;4806;5.49;0.34;271.42;4.83;990;8;1623.00;13
3805;8;21113146;3805;478;4794;4806;5.47;0.34;271.37;4.83;989;8;1624.00;12
3806;8;21113156;3806;478;4794;4806;5.47;0.34;271.39;4.83;988;8;1625.00;12
3809;8;21113166;3809;474;4798;4810;5.49;0.34;271.45;4.82;989;8;1626.00;12
3811;8;21113176;3811;467;4798;4810;5.53;0.34;271.32;4.82;987;8;1627.00;12
3814;8;21113187;3814;468;4802;4814;5.60;0.34;271.29;4.82;988;8;1628.00;12
3814;8;21113199;3814;467;4803;4815;5.68;0.35;271.29;4.82;989;8;1629.00;12
3817;8;21113209;3817;468;4803;4815;5.65;0.35;271.31;4.82;986;8;1630.00;12
3819;8;21113226;3819;454;4803;4815;5.68;0.35;271.37;4.82;984;8;1631.00;12
3822;8;21113236;3822;441;4814;4828;5.78;0.35;271.28;4.81;992;8;1632.00;14
3823;8;21113253;3823;440;4814;4828;5.81;0.36;271.28;4.81;991;8;1633.00;14
3826;8;21113264;3826;431;4814;4828;5.85;0.36;271.22;4.81;988;8;1634.00;14
3828;8;21113275;3828;425;4815;4829;5.97;0.36;271.26;4.81;987;8;1635.00;14
3832;8;21113286;3832;415;4815;4830;6.03;0.37;271.26;4.81;983;8;1636.00;15
3834;8;21113297;3834;404;4815;4830;6.14;0.37;271.33;4.81;981;8;1637.00;15
3834;8;21113308;3834;396;4817;4833;6.33;0.38;271.33;4.81;983;8;1638.00;16
3836;8;21113320;3836;393;4817;4833;6.44;0.39;271.32;4.81;981;8;1639.00;16
3836;8;21113332;3836;390;4818;4833;6.63;0.40;271.32;4.81;982;8;1640.00;15
3837;8;21113344;3837;387;4818;4833;6.72;0.41;271.32;4.81;981;8;1641.00;15
3837;8;21113356;3837;384;4823;4839;6.80;0.41;271.32;4.80;986;8;1642.00;16
3838;8;21113368;3838;383;4823;4839;6.84;0.42;271.30;4.80;985;8;1643.00;16
3839;8;21113380;3839;377;4823;4839;6.84;0.42;271.28;4.80;984;8;1644.00;16
3841;8;21113391;3841;381;4823;4839;6.84;0.41;271.28;4.80;982;8;1645.00;16
3842;8;21113403;3842;382;4826;4843;6.95;0.42;271.29;4.80;984;8;1646.00;17
3845;8;21113414;3845;375;4827;4844;7.00;0.42;271.24;4.80;982;8;1647.00;17
3846;8;21113431;3846;374;4827;4844;7.06;0.43;271.24;4.80;981;8;1648.00;17
3849;8;21113442;3849;374;4828;4845;7.12;0.43;271.22;4.80;979;8;1649.00;17
3853;8;21113455;3853;373;4828;4845;7.08;0.43;271.23;4.80;975;8;1650.00;17
3853;8;21113472;3853;371;4828;4845;7.10;0.43;271.23;4.80;975;8;1651.00;17
3854;8;21113482;3854;372;4828;4845;7.11;0.43;271.21;4.80;974;8;1652.00;17
3855;8;21113493;3855;376;4828;4845;7.09;0.43;271.21;4.80;973;8;1653.00;17
3856;8;21113511;3856;371;4828;4845;7.06;0.43;271.20;4.80;972;8;1654.00;17
3857;8;21113522;3857;365;4828;4845;7.09;0.43;271.15;4.80;971;8;1655.00;17
3857;8;21113532;3857;377;4866;4915;7.05;0.43;271.15;4.76;1009;8;1656.00;49
3859;8;21113555;3859;367;4866;4916;7.02;0.43;271.09;4.76;1007;8;1657.00;50
3862;8;21113567;3862;357;4873;4916;7.01;0.43;271.21;4.76;1011;8;1658.00;43
3863;8;21113578;3863;358;4877;4916;7.03;0.43;271.20;4.75;1014;8;1659.00;39
3866;8;21113595;3866;351;4879;4916;6.99;0.43;271.30;4.75;1013;8;1660.00;37
3866;8;21113606;3866;347;4882;4916;6.96;0.42;271.30;4.75;1016;8;1661.00;34
3868;8;21113617;3868;351;4885;4916;6.95;0.42;271.30;4.76;1017;8;1662.00;31
3870;8;21113638;3870;359;4887;4916;6.94;0.42;271.42;4.76;1017;8;1663.00;29
3870;8;21113649;3870;364;4889;4917;6.97;0.42;271.42;4.76;1019;8;1664.00;28
3872;8;21113660;3872;367;4892;4919;6.98;0.43;271.36;4.76;1020;8;1665.00;27
3875;8;21113671;3875;358;4894;4919;7.01;0.43;271.42;4.76;1019;8;1666.00;25
3878;8;21113682;3878;350;4899;4923;7.04;0.43;271.35;4.76;1021;8;1667.00;24
3880;8;21113694;3880;350;4900;4923;7.07;0.43;271.38;4.76;1020;8;1668.00;23
3881;8;21113707;3881;351;4900;4923;7.13;0.43;271.43;4.76;1019;8;1669.00;23
3884;8;21113718;3884;349;4900;4923;7.16;0.44;271.56;4.76;1016;8;1670.00;23
3886;8;21113731;3886;345;4904;4929;7.27;0.44;271.71;4.76;1018;8;1671.00;25
3889;8;21113743;3889;347;4904;4929;7.31;0.44;271.72;4.76;1015;8;1672.00;25
3893;8;21113755;3893;342;4904;4929;7.33;0.44;271.87;4.76;1011;8;1673.00;25
3895;8;21113772;3895;342;4906;4932;7.43;0.45;271.83;4.75;1011;8;1674.00;26
3899;8;21113784;3899;339;4906;4932;7.44;0.45;271.88;4.75;1007;8;1675.00;26
3900;8;21113797;3900;337;4907;4932;7.50;0.46;271.91;4.75;1007;8;1676.00;25
3905;8;21113808;3905;334;4907;4933;7.49;0.45;271.97;4.75;1002;8;1677.00;26
3907;8;21113826;3907;333;4908;4934;7.46;0.45;272.05;4.75;1001;8;1678.00;26
3914;8;21113838;3914;322;4908;4934;7.40;0.45;272.33;4.75;994;8;1679.00;26
3919;8;21113852;3919;327;4927;4960;7.32;0.44;272.40;4.73;1008;8;1680.00;33
3920;8;21113866;3920;318;4928;4960;7.34;0.44;272.39;4.75;1008;8;1681.00;32
3922;8;21113879;3922;307;4929;4960;7.35;0.44;272.45;4.75;1007;8;1682.00;31
3929;8;21113891;3929;298;4932;4961;7.32;0.44;272.51;4.75;1003;8;1683.00;29
3931;8;21113903;3931;298;4932;4961;7.36;0.44;272.47;4.75;1001;8;1684.00;29
3932;8;21113917;3932;300;4935;4965;7.47;0.45;272.50;4.75;1003;8;1685.00;30
3936;8;21113930;3936;293;4935;4965;7.43;0.45;272.81;4.75;999;8;1686.00;30
3937;8;21113944;3937;301;4938;4969;7.43;0.45;272.88;4.75;1001;8;1687.00;31
3939;8;21113956;3939;299;4938;4969;7.50;0.45;272.92;4.75;999;8;1688.00;31
3939;8;21113971;3939;294;4938;4969;7.56;0.46;272.92;4.75;999;8;1689.00;31
3942;8;21113984;3942;291;4938;4969;7.63;0.46;273.03;4.75;996;8;1690.00;31
3945;8;21113999;3945;292;4938;4969;7.66;0.46;273.01;4.75;993;8;1691.00;31
3949;8;21114020;3949;296;4947;4981;7.67;0.46;273.02;4.74;998;8;1692.00;34
3952;8;21114035;3952;296;4948;4981;7.69;0.47;273.07;4.74;996;8;1693.00;33
3956;8;21114049;3956;299;4949;4981;7.71;0.47;273.28;4.74;993;8;1694.00;32
3958;8;21114063;3958;305;4949;4981;7.68;0.47;273.21;4.74;991;8;1695.00;32
3961;8;21114075;3961;307;4949;4981;7.64;0.46;273.21;4.74;988;8;1696.00;32
3964;8;21114091;3964;305;4951;4981;7.61;0.46;273.32;4.76;987;8;1697.00;30
3966;8;21114102;3966;308;4951;4982;7.59;0.46;273.35;4.76;985;8;1698.00;31
3967;8;21114114;3967;303;4951;4982;7.61;0.46;273.37;4.76;984;8;1699.00;31
3971;8;21114127;3971;298;4956;4988;7.62;0.46;273.59;4.76;985;8;1700.00;32
3972;8;21114143;3972;299;4960;4989;7.62;0.46;273.58;4.79;988;8;1701.00;29
3974;8;21114155;3974;300;4960;4989;7.62;0.46;273.68;4.79;986;8;1702.00;29
3979;8;21114166;3979;303;4960;4989;7.60;0.46;273.91;4.79;981;8;1703.00;29
3983;8;21114178;3983;310;4965;4993;7.55;0.46;274.04;4.81;982;8;1704.00;28
3986;8;21114189;3986;305;4967;4993;7.55;0.46;274.08;4.83;981;8;1705.00;26
3988;8;21114201;3988;307;4967;4993;7.54;0.46;274.11;4.83;979;8;1706.00;26
3989;8;21114212;3989;311;4968;4994;7.57;0.46;274.24;4.83;979;8;1707.00;26
3990;8;21114229;3990;312;4973;4998;7.59;0.46;274.35;4.87;983;8;1708.00;25
3993;8;21114242;3993;321;4973;4998;7.65;0.47;274.27;4.87;980;8;1709.00;25
3995;8;21114255;3995;326;4979;5004;7.75;0.47;274.27;4.89;984;8;1710.00;25
3996;8;21114267;3996;328;4981;5004;7.78;0.47;274.25;4.90;985;8;1711.00;23
4000;8;21114279;4000;332;4983;5004;7.78;0.47;274.36;4.92;983;8;1712.00;21
4002;8;21114291;4002;327;4983;5004;7.84;0.48;274.31;4.92;981;8;1713.00;21
4007;8;21114303;4007;333;4989;5008;7.89;0.48;274.47;4.95;982;8;1714.00;19
4011;8;21114315;4011;329;4989;5008;7.91;0.48;274.65;4.95;978;8;1715.00;19
4012;8;21114326;4012;332;4991;5008;7.98;0.49;274.68;4.97;979;8;1716.00;17
4014;8;21114337;4014;331;4992;5008;8.02;0.49;274.76;4.98;978;8;1717.00;16
4018;8;21114349;4018;335;4992;5009;7.86;0.48;274.85;4.98;974;8;1718.00;17
4021;8;21114366;4021;336;4994;5010;7.80;0.48;274.86;5.00;973;8;1719.00;16
4022;8;21114378;4022;340;4994;5010;7.64;0.47;274.87;5.00;972;8;1720.00;16
4026;8;21114389;4026;333;4996;5011;7.48;0.46;275.03;5.02;970;8;1721.00;15
4027;8;21114401;4027;336;4996;5011;7.35;0.45;275.08;5.02;969;8;1722.00;15
4029;8;21114411;4029;335;4996;5011;7.26;0.44;275.17;5.02;967;8;1723.00;15
4031;8;21114422;4031;334;4999;5011;7.19;0.44;275.26;5.06;968;8;1724.00;12
4034;8;21114433;4034;329;4999;5011;7.12;0.44;275.39;5.06;965;8;1725.00;12
4037;8;21114444;4037;327;5000;5011;7.13;0.44;275.39;5.07;963;8;1726.00;11
4039;8;21114455;4039;324;5000;5011;7.14;0.44;275.46;5.07;961;8;1727.00;11
4043;8;21114465;4043;346;5071;5138;7.25;0.45;275.35;5.02;1028;8;1728.00;67
4048;8;21114489;4048;336;5076;5139;7.25;0.45;275.49;5.03;1028;8;1729.00;63
4051;8;21114500;4051;330;5085;5139;7.30;0.45;275.57;5.02;1034;8;1730.00;54
4052;8;21114511;4052;333;5087;5139;7.35;0.46;275.54;5.03;1035;8;1731.00;52
4054;8;21114522;4054;331;5092;5139;7.44;0.46;275.59;5.03;1038;8;1732.00;47
4058;8;21114533;4058;333;5092;5139;7.46;0.46;275.70;5.03;1034;8;1733.00;47
4061;8;21114544;4061;332;5096;5139;7.44;0.46;275.93;5.04;1035;8;1734.00;43
4062;8;21114555;4062;338;5099;5139;7.49;0.46;275.95;5.04;1037;8;1735.00;40
4064;8;21114566;4064;338;5105;5140;7.52;0.46;276.00;5.07;1041;8;1736.00;35
4066;8;21114578;4066;338;5110;5141;7.55;0.46;275.94;5.07;1044;8;1737.00;31
4070;8;21114589;4070;341;5113;5141;7.54;0.46;275.89;5.07;1043;8;1738.00;28
4074;8;21114603;4074;338;5118;5142;7.41;0.46;275.94;5.09;1044;8;1739.00;24
4077;8;21114615;4077;334;5119;5142;7.26;0.45;276.05;5.09;1042;8;1740.00;23
4081;8;21114626;4081;341;5125;5142;7.08;0.44;275.99;5.11;1044;8;1741.00;17
4085;8;21114638;4085;346;5127;5142;6.94;0.43;276.13;5.11;1042;8;1742.00;15
4088;8;21114649;4088;357;5131;5146;6.82;0.42;276.24;5.11;1043;8;1743.00;15
4089;8;21114660;4089;362;5133;5146;6.76;0.42;276.18;5.11;1044;8;1744.00;13
4097;8;21114673;4097;372;5134;5146;6.59;0.40;276.28;5.12;1037;8;1745.00;12
4101;8;21114684;4101;382;5140;5149;6.41;0.39;276.38;5.13;1039;8;1746.00;9
4105;8;21114696;4105;391;5142;5149;6.25;0.38;276.54;5.13;1037;8;1747.00;7
4110;8;21114708;4110;396;5144;5149;6.09;0.37;276.66;5.14;1034;8;1748.00;5
4114;8;21114719;4114;404;5146;5153;5.90;0.36;276.68;5.14;1032;8;1749.00;7
4115;8;21114730;4115;397;5148;5154;5.82;0.36;276.76;5.13;1033;8;1750.00;6
4119;8;21114741;4119;398;5153;5154;5.73;0.35;276.77;5.14;1034;8;1751.00;1
4121;8;21114751;4121;404;5156;5158;5.71;0.35;276.68;5.14;1035;8;1752.00;2
4126;8;21114762;4126;412;5157;5158;5.67;0.35;276.73;5.14;1031;8;1753.00;1
4129;8;21114773;4129;411;5158;5158;5.63;0.34;276.76;5.14;1029;8;1754.00;0
4131;8;21114783;4131;411;5160;5160;5.65;0.35;276.74;5.13;1029;8;1755.00;0
4134;8;21114794;4134;423;5160;5160;5.59;0.34;276.82;5.13;1026;8;1756.00;0
4136;8;21114804;4136;422;5165;5166;5.65;0.35;276.89;5.13;1029;8;1757.00;1
4137;8;21114815;4137;418;5165;5166;5.69;0.35;276.85;5.13;1028;8;1758.00;1
4139;8;21114825;4139;423;5165;5167;5.67;0.35;276.93;5.13;1026;8;1759.00;2
4141;8;21114835;4141;410;5165;5167;5.65;0.35;277.02;5.13;1024;8;1760.00;2
4144;8;21114845;4144;405;5165;5167;5.57;0.34;276.93;5.13;1021;8;1761.00;2
4147;8;21114855;4147;410;5165;5167;5.46;0.33;276.91;5.13;1018;8;1762.00;2
4150;8;21114865;4150;415;5165;5167;5.36;0.33;276.94;5.13;1015;8;1763.00;2
4151;8;21114882;4151;419;5174;5179;5.39;0.33;276.93;5.12;1023;8;1764.00;5
4155;8;21114892;4155;418;5174;5179;5.36;0.33;276.96;5.12;1019;8;1765.00;5
4159;8;21114903;4159;425;5176;5179;5.36;0.33;276.98;5.12;1017;8;1766.00;3
4161;8;21114913;4161;439;5176;5179;5.34;0.33;277.03;5.12;1015;8;1767.00;3
4166;8;21114922;4166;431;5176;5179;5.24;0.32;276.96;5.12;1010;8;1768.00;3
4171;8;21114933;4171;429;5176;5179;5.19;0.32;277.04;5.12;1005;8;1769.00;3
4176;8;21114945;4176;425;5179;5183;5.18;0.32;276.91;5.12;1003;8;1770.00;4
4180;8;21114955;4180;430;5179;5183;5.09;0.31;276.97;5.12;999;8;1771.00;4
4184;8;21114966;4184;429;5183;5187;5.08;0.31;276.93;5.11;999;8;1772.00;4
4186;8;21114976;4186;441;5184;5188;5.10;0.31;277.05;5.11;998;8;1773.00;4
4188;8;21114992;4188;448;5184;5188;5.11;0.31;277.03;5.11;996;8;1774.00;4
4191;8;21115001;4191;452;5184;5188;5.11;0.31;276.89;5.11;993;8;1775.00;4
4193;8;21115012;4193;455;5194;5201;5.19;0.32;277.00;5.10;1001;8;1776.00;7
4196;8;21115023;4196;451;5195;5201;5.17;0.32;276.99;5.10;999;8;1777.00;6
4201;8;21115033;4201;449;5195;5201;5.08;0.31;276.94;5.10;994;8;1778.00;6
4205;8;21115043;4205;446;5196;5202;5.07;0.31;276.81;5.10;991;8;1779.00;6
4209;8;21115054;4209;449;5196;5203;5.05;0.31;276.74;5.10;987;8;1780.00;7
4213;8;21115063;4213;447;5196;5203;5.05;0.31;276.83;5.10;983;8;1781.00;7
4216;8;21115074;4216;452;5198;5206;5.09;0.31;276.87;5.10;982;8;1782.00;8
4220;8;21115084;4220;458;5198;5206;5.05;0.31;276.74;5.10;978;8;1783.00;8
4226;8;21115094;4226;460;5199;5206;5.02;0.31;276.75;5.10;973;8;1784.00;7
4229;8;21115104;4229;465;5199;5206;5.02;0.31;276.78;5.10;970;8;1785.00;7
4234;8;21115114;4234;471;5204;5212;5.02;0.31;276.78;5.10;970;8;1786.00;8
4237;8;21115124;4237;466;5204;5212;4.99;0.30;276.82;5.10;967;8;1787.00;8
4240;8;21115134;4240;471;5204;5212;4.97;0.30;276.77;5.10;964;8;1788.00;8
4244;8;21115143;4244;471;5204;5212;4.94;0.30;276.70;5.10;960;8;1789.00;8
4246;8;21115153;4246;472;5207;5216;4.94;0.30;276.74;5.09;961;8;1790.00;9
4249;8;21115162;4249;475;5208;5217;4.94;0.30;276.70;5.09;959;8;1791.00;9
4251;8;21115172;4251;478;5208;5217;4.94;0.30;276.77;5.09;957;8;1792.00;9
4252;8;21115181;4252;484;5209;5218;4.91;0.30;276.80;5.09;957;8;1793.00;9
4253;8;21115191;4253;472;5209;5218;4.95;0.30;276.74;5.09;956;8;1794.00;9
4256;8;21115200;4256;470;5209;5218;4.96;0.30;276.83;5.09;953;8;1795.00;9
4258;8;21115210;4258;469;5209;5218;4.97;0.30;276.86;5.09;951;8;1796.00;9
4258;8;21115220;4258;452;5209;5218;4.98;0.30;276.86;5.09;951;8;1797.00;9
4260;8;21115230;4260;441;5209;5218;5.08;0.31;276.90;5.09;949;8;1798.00;9
4260;8;21115240;4260;429;5209;5218;5.14;0.31;276.90;5.09;949;8;1799.00;9
4261;8;21115254;4261;438;5283;5356;5.57;0.34;276.92;5.02;1022;8;1800.00;73
4263;8;21115279;4263;432;5286;5357;5.73;0.35;276.95;5.02;1023;8;1801.00;71
4263;8;21115291;4263;419;5296;5357;5.93;0.37;276.95;5.01;1033;8;1802.00;61
4264;9;21115302;4264;414;5298;5357;6.07;0.37;276.92;5.01;1034;9;1803.00;59
4265;9;21115324;4265;402;5303;5357;6.20;0.38;276.95;5.01;1038;9;1804.00;54
4267;9;21115335;4267;397;5305;5357;6.29;0.39;276.97;5.01;1038;9;1805.00;52
4269;9;21115352;4269;385;5311;5357;6.35;0.39;276.96;5.01;1042;9;1806.00;46
4270;9;21115364;4270;374;5315;5357;6.40;0.39;276.97;5.01;1045;9;1807.00;42
4272;9;21115382;4272;366;5321;5358;6.39;0.39;277.03;5.02;1049;9;1808.00;37
4273;9;21115393;4273;364;5325;5359;6.41;0.39;277.06;5.02;1052;9;1809.00;34
4275;9;21115405;4275;356;5329;5359;6.43;0.39;277.08;5.02;1054;9;1810.00;30
4277;9;21115416;4277;359;5333;5363;6.44;0.39;277.12;5.02;1056;9;1811.00;30
4278;9;21115429;4278;357;5334;5363;6.52;0.40;277.14;5.02;1056;9;1812.00;29
4280;9;21115441;4280;360;5334;5363;6.61;0.41;277.27;5.02;1054;9;1813.00;29
4281;9;21115453;4281;359;5335;5363;6.70;0.41;277.31;5.02;1054;9;1814.00;28
4282;9;21115465;4282;367;5340;5369;6.75;0.41;277.26;5.02;1058;9;1815.00;29
4286;9;21115477;4286;375;5340;5369;6.80;0.42;277.41;5.02;1054;9;1816.00;29
4288;9;21115490;4288;375;5340;5369;6.87;0.42;277.45;5.02;1052;9;1817.00;29
4293;9;21115502;4293;370;5343;5372;6.88;0.42;277.71;5.02;1050;9;1818.00;29
4296;9;21115515;4296;362;5343;5372;6.86;0.42;277.78;5.02;1047;9;1819.00;29
4297;9;21115528;4297;359;5345;5372;6.85;0.42;277.86;5.02;1048;9;1820.00;27
4301;9;21115540;4301;353;5345;5373;6.83;0.42;277.89;5.02;1044;9;1821.00;28
4307;9;21115552;4307;352;5347;5374;6.86;0.42;277.99;5.02;1040;9;1822.00;27
4310;9;21115565;4310;350;5348;5374;6.85;0.42;277.98;5.03;1038;9;1823.00;26
4314;9;21115578;4314;347;5356;5387;6.90;0.42;278.07;5.02;1042;9;1824.00;31
4314;9;21115592;4314;349;5356;5387;6.95;0.42;278.07;5.02;1042;9;1825.00;31
4316;9;21115604;4316;338;5357;5387;7.03;0.43;278.08;5.02;1041;9;1826.00;30
4316;9;21115616;4316;339;5359;5388;7.08;0.43;278.08;5.02;1043;9;1827.00;29
4317;9;21115629;4317;338;5359;5388;7.11;0.43;278.19;5.02;1042;9;1828.00;29
4319;9;21115641;4319;341;5363;5392;7.16;0.43;278.21;5.02;1044;9;1829.00;29
4320;9;21115656;4320;345;5365;5392;7.24;0.44;278.25;5.03;1045;9;1830.00;27
4321;9;21115668;4321;342;5370;5396;7.28;0.44;278.29;5.03;1049;9;1831.00;26
4325;9;21115681;4325;343;5370;5396;7.30;0.44;278.28;5.03;1045;9;1832.00;26
4327;9;21115693;4327;343;5370;5396;7.33;0.44;278.34;5.03;1043;9;1833.00;26
4327;9;21115711;4327;347;5370;5396;7.35;0.45;278.34;5.03;1043;9;1834.00;26
4328;9;21115724;4328;358;5371;5396;7.38;0.45;278.45;5.03;1043;9;1835.00;25
4332;9;21115737;4332;350;5380;5408;7.35;0.45;278.53;5.02;1048;9;1836.00;28
4334;9;21115755;4334;354;5380;5408;7.35;0.45;278.56;5.02;1046;9;1837.00;28
4336;9;21115767;4336;360;5382;5408;7.37;0.45;278.79;5.02;1046;9;1838.00;26
4338;9;21115779;4338;353;5382;5408;7.34;0.45;278.90;5.02;1044;9;1839.00;26
4339;9;21115790;4339;348;5382;5408;7.28;0.44;278.93;5.02;1043;9;1840.00;26
4345;9;21115808;4345;345;5382;5408;7.19;0.44;279.24;5.02;1037;9;1841.00;26
4347;9;21115820;4347;340;5382;5409;7.11;0.43;279.40;5.02;1035;9;1842.00;27
4348;9;21115831;4348;333;5382;5409;7.03;0.43;279.49;5.02;1034;9;1843.00;27
4354;9;21115843;4354;333;5387;5415;6.97;0.42;279.57;5.02;1033;9;1844.00;28
4356;9;21115855;4356;331;5389;5417;6.90;0.42;279.72;5.02;1033;9;1845.00;28
4357;9;21115867;4357;325;5389;5417;6.88;0.42;279.74;5.02;1032;9;1846.00;28
4361;9;21115878;4361;325;5389;5417;6.80;0.41;279.82;5.02;1028;9;1847.00;28
4363;9;21115891;4363;322;5392;5421;6.78;0.41;280.02;5.01;1029;9;1848.00;29
4366;9;21115903;4366;319;5392;5421;6.77;0.41;280.10;5.01;1026;9;1849.00;29
4368;9;21115914;4368;313;5392;5421;6.72;0.41;280.22;5.01;1024;9;1850.00;29
4371;9;21115926;4371;312;5393;5422;6.74;0.41;280.47;5.01;1022;9;1851.00;29
4373;9;21115937;4373;303;5396;5426;6.77;0.41;280.63;5.01;1023;9;1852.00;30
4375;9;21115948;4375;302;5396;5426;6.75;0.41;280.69;5.01;1021;9;1853.00;30
4379;9;21115960;4379;289;5398;5429;6.80;0.41;280.93;5.01;1019;9;1854.00;31
4380;9;21115972;4380;279;5401;5429;6.81;0.42;280.92;5.04;1021;9;1855.00;28
4383;9;21115984;4383;277;5401;5429;6.80;0.42;280.94;5.04;1018;9;1856.00;28
4387;9;21115996;4387;272;5401;5429;6.74;0.41;281.05;5.04;1014;9;1857.00;28
4390;9;21116008;4390;262;5405;5433;6.76;0.41;281.10;5.03;1015;9;1858.00;28
4393;9;21116021;4393;265;5405;5433;6.76;0.41;281.13;5.03;1012;9;1859.00;28
4396;9;21116034;4396;255;5405;5433;6.81;0.42;281.26;5.03;1009;9;1860.00;28
4401;9;21116046;4401;254;5405;5433;6.88;0.42;281.33;5.03;1004;9;1861.00;28
4406;9;21116058;4406;250;5405;5434;7.01;0.43;281.53;5.03;999;9;1862.00;29
4410;9;21116070;4410;244;5406;5435;7.05;0.43;281.69;5.03;996;9;1863.00;29
4413;9;21116082;4413;245;5406;5435;7.19;0.44;281.88;5.03;993;9;1864.00;29
4416;9;21116094;4416;235;5407;5436;7.28;0.44;281.95;5.03;991;9;1865.00;29
4417;9;21116105;4417;229;5407;5436;7.34;0.45;282.04;5.03;990;9;1866.00;29
4421;9;21116117;4421;233;5407;5436;7.40;0.45;282.29;5.03;986;9;1867.00;29
4425;9;21116129;4425;231;5407;5436;7.42;0.45;282.52;5.03;982;9;1868.00;29
4427;9;21116140;4427;232;5407;5436;7.48;0.46;282.48;5.03;980;9;1869.00;29
4430;9;21116152;4430;230;5407;5436;7.51;0.46;282.63;5.03;977;9;1870.00;29
4433;9;21116163;4433;226;5407;5436;7.54;0.46;282.78;5.03;974;9;1871.00;29
4437;9;21116176;4437;249;5476;5563;7.61;0.47;282.93;4.98;1039;9;1872.00;87
4442;9;21116197;4442;233;5479;5564;7.60;0.47;282.99;4.98;1037;9;1873.00;85
4448;9;21116210;4448;228;5485;5564;7.63;0.47;283.17;4.98;1037;9;1874.00;79
4450;9;21116222;4450;227;5487;5564;7.64;0.47;283.15;4.97;1037;9;1875.00;77
4454;9;21116234;4454;225;5491;5564;7.67;0.47;283.17;4.97;1037;9;1876.00;73
4456;9;21116246;4456;223;5493;5564;7.68;0.47;283.17;4.97;1037;9;1877.00;71
4459;9;21116258;4459;227;5498;5564;7.71;0.47;283.19;4.98;1039;9;1878.00;66
4462;9;21116271;4462;226;5500;5564;7.75;0.48;283.11;4.98;1038;9;1879.00;64
4463;9;21116284;4463;230;5504;5565;7.82;0.48;283.14;5.00;1041;9;1880.00;61
4465;9;21116296;4465;231;5510;5566;7.85;0.48;283.19;5.02;1045;9;1881.00;56
4470;9;21116308;4470;226;5516;5568;7.83;0.48;283.14;5.04;1046;9;1882.00;52
4473;9;21116320;4473;222;5520;5569;7.80;0.48;283.10;5.06;1047;9;1883.00;49
4475;9;21116334;4475;217;5523;5569;7.80;0.48;283.11;5.09;1048;9;1884.00;46
4476;9;21116347;4476;226;5528;5569;7.77;0.48;283.11;5.11;1052;9;1885.00;41
4478;9;21116359;4478;228;5528;5569;7.75;0.48;283.13;5.11;1050;9;1886.00;41
4482;9;21116371;4482;233;5533;5573;7.71;0.47;283.05;5.11;1051;9;1887.00;40
4485;9;21116384;4485;246;5536;5573;7.63;0.47;283.06;5.13;1051;9;1888.00;37
4486;9;21116396;4486;255;5537;5573;7.54;0.46;283.01;5.13;1051;9;1889.00;36
4489;9;21116411;4489;255;5541;5579;7.39;0.45;283.03;5.13;1052;9;1890.00;38
4491;9;21116424;4491;266;5543;5579;7.27;0.44;283.04;5.15;1052;9;1891.00;36
4491;9;21116436;4491;273;5545;5579;7.20;0.44;283.04;5.18;1054;9;1892.00;34
4497;9;21116447;4497;277;5547;5583;7.09;0.43;283.00;5.18;1050;9;1893.00;36
4498;9;21116460;4498;283;5551;5584;7.01;0.43;283.03;5.20;1053;9;1894.00;33
4500;9;21116471;4500;285;5552;5584;6.98;0.43;283.01;5.20;1052;9;1895.00;32
4502;9;21116483;4502;297;5558;5588;6.98;0.43;283.00;5.21;1056;9;1896.00;30
4504;9;21116495;4504;298;5559;5588;7.00;0.43;283.06;5.22;1055;9;1897.00;29
4505;9;21116505;4505;302;5561;5588;6.94;0.43;283.07;5.25;1056;9;1898.00;27
4508;9;21116516;4508;295;5563;5589;6.87;0.42;283.22;5.25;1055;9;1899.00;26
4512;9;21116528;4512;295;5565;5589;6.79;0.42;283.32;5.29;1053;9;1900.00;24
4515;9;21116543;4515;301;5570;5595;6.80;0.42;283.54;5.28;1055;9;1901.00;25
4520;9;21116556;4520;298;5571;5595;6.79;0.42;283.51;5.28;1051;9;1902.00;24
4526;9;21116567;4526;296;5571;5596;6.69;0.41;283.53;5.28;1045;9;1903.00;25
4528;9;21116579;4528;295;5571;5596;6.67;0.41;283.53;5.28;1043;9;1904.00;25
4531;9;21116590;4531;305;5574;5596;6.62;0.41;283.72;5.33;1043;9;1905.00;22
4534;9;21116603;4534;304;5574;5596;6.57;0.40;283.73;5.33;1040;9;1906.00;22
4536;9;21116614;4536;310;5577;5596;6.55;0.40;283.76;5.37;1041;9;1907.00;19
4538;9;21116625;4538;309;5587;5608;6.61;0.41;283.74;5.36;1049;9;1908.00;21
4541;9;21116637;4541;313;5589;5608;6.66;0.41;283.72;5.38;1048;9;1909.00;19
4543;9;21116648;4543;313;5592;5608;6.70;0.41;283.77;5.40;1049;9;1910.00;16
4544;9;21116658;4544;318;5592;5608;6.70;0.41;283.74;5.40;1048;9;1911.00;16
4550;9;21116669;4550;323;5592;5608;6.69;0.41;283.84;5.40;1042;9;1912.00;16
4552;9;21116680;4552;329;5594;5608;6.71;0.41;283.87;5.41;1042;9;1913.00;14
4557;9;21116690;4557;335;5597;5612;6.68;0.41;283.84;5.41;1040;9;1914.00;15
4560;9;21116701;4560;339;5597;5612;6.65;0.41;283.76;5.41;1037;9;1915.00;15
4566;9;21116712;4566;342;5602;5616;6.61;0.41;283.83;5.42;1036;9;1916.00;14
4570;10;21116723;4570;348;5603;5617;6.49;0.40;283.85;5.41;1033;10;1917.00;14
4576;10;21116742;4576;351;5603;5617;6.39;0.39;283.95;5.41;1027;10;1918.00;14
4581;10;21116752;4581;353;5604;5617;6.30;0.39;284.10;5.43;1023;10;1919.00;13
4586;10;21116764;4586;365;5627;5646;6.25;0.38;284.07;5.40;1041;10;1920.00;19
4590;10;21116777;4590;364;5627;5646;6.18;0.38;284.24;5.40;1037;10;1921.00;19
4594;10;21116788;4594;367;5633;5646;6.10;0.37;284.28;5.43;1039;10;1922.00;13
4599;10;21116799;4599;379;5635;5647;6.01;0.37;284.30;5.43;1036;10;1923.00;12
4603;10;21116809;4603;386;5635;5648;5.91;0.36;284.42;5.43;1032;10;1924.00;13
4606;10;21116821;4606;374;5636;5648;5.84;0.36;284.44;5.43;1030;10;1925.00;12
4610;10;21116832;4610;374;5639;5651;5.76;0.35;284.49;5.43;1029;10;1926.00;12
4616;10;21116842;4616;372;5639;5651;5.67;0.35;284.55;5.43;1023;10;1927.00;12
4622;10;21116857;4622;374;5639;5651;5.54;0.34;284.58;5.43;1017;10;1928.00;12
4626;10;21116868;4626;375;5639;5651;5.47;0.34;284.60;5.43;1013;10;1929.00;12
4629;10;21116878;4629;381;5644;5657;5.47;0.34;284.71;5.43;1015;10;1930.00;13
4631;10;21116889;4631;381;5644;5657;5.43;0.33;284.63;5.43;1013;10;1931.00;13
4635;10;21116899;4635;381;5644;5657;5.31;0.32;284.79;5.43;1009;10;1932.00;13
4637;10;21116910;4637;378;5644;5657;5.20;0.32;284.79;5.43;1007;10;1933.00;13
4639;10;21116920;4639;373;5647;5661;5.13;0.31;284.87;5.43;1008;10;1934.00;14
4643;10;21116930;4643;375;5649;5663;5.02;0.31;284.90;5.42;1006;10;1935.00;14
4643;10;21116940;4643;367;5649;5663;4.94;0.30;284.90;5.42;1006;10;1936.00;14
4645;10;21116950;4645;372;5650;5664;4.90;0.30;284.90;5.42;1005;10;1937.00;14
4649;10;21116959;4649;375;5650;5664;4.82;0.30;285.04;5.42;1001;10;1938.00;14
4653;10;21116969;4653;384;5650;5664;4.80;0.29;284.99;5.42;997;10;1939.00;14
4656;10;21116979;4656;394;5650;5664;4.80;0.29;285.08;5.42;994;10;1940.00;14
4660;10;21116989;4660;395;5650;5664;4.78;0.29;285.02;5.42;990;10;1941.00;14
4663;10;21116998;4663;408;5650;5664;4.77;0.29;285.00;5.42;987;10;1942.00;14
4669;10;21117008;4669;409;5650;5664;4.74;0.29;284.94;5.42;981;10;1943.00;14
4672;10;21117018;4672;426;5689;5734;4.89;0.30;284.92;5.39;1017;10;1944.00;45
4675;10;21117033;4675;424;5690;5735;4.90;0.30;284.97;5.38;1015;10;1945.00;45
4676;10;21117043;4676;425;5697;5735;4.96;0.30;284.93;5.38;1021;10;1946.00;38
4683;10;21117053;4683;423;5700;5735;4.96;0.30;284.92;5.38;1017;10;1947.00;35
4687;10;21117063;4687;422;5704;5735;5.02;0.31;285.01;5.38;1017;10;1948.00;31
4687;10;21117073;4687;429;5706;5735;5.07;0.31;285.01;5.38;1019;10;1949.00;29
4691;10;21117084;4691;438;5711;5737;5.03;0.31;284.99;5.38;1020;10;1950.00;26
4694;10;21117094;4694;431;5714;5737;5.05;0.31;285.03;5.38;1020;10;1951.00;23
4696;10;21117104;4696;427;5716;5738;5.06;0.31;285.01;5.38;1020;10;1952.00;22
4700;10;21117114;4700;424;5718;5739;5.05;0.31;284.84;5.38;1018;10;1953.00;21
4703;10;21117124;4703;417;5719;5739;5.05;0.31;284.83;5.38;1016;10;1954.00;20
4710;10;21117135;4710;415;5724;5743;5.03;0.31;284.79;5.38;1014;10;1955.00;19
4713;10;21117146;4713;413;5724;5743;5.08;0.31;284.68;5.38;1011;10;1956.00;19
4716;10;21117157;4716;416;5724;5743;5.09;0.31;284.64;5.38;1008;10;1957.00;19
4720;11;21117178;4720;412;5724;5743;5.15;0.32;284.64;5.38;1004;11;1958.00;19
4721;11;21117200;4721;416;5729;5749;5.21;0.32;284.63;5.37;1008;11;1959.00;20
4723;11;21117211;4723;412;5729;5749;5.26;0.32;284.66;5.37;1006;11;1960.00;20
4724;11;21117221;4724;411;5729;5749;5.30;0.33;284.67;5.37;1005;11;1961.00;20
4726;11;21117232;4726;406;5732;5752;5.41;0.33;284.71;5.37;1006;11;1962.00;20
4729;11;21117249;4729;406;5732;5752;5.43;0.33;284.63;5.37;1003;11;1963.00;20
4730;11;21117259;4730;410;5732;5752;5.48;0.34;284.73;5.37;1002;11;1964.00;20
4731;11;21117270;4731;414;5732;5753;5.47;0.33;284.67;5.37;1001;11;1965.00;21
4732;11;21117282;4732;416;5733;5754;5.50;0.34;284.71;5.37;1001;11;1966.00;21
4735;11;21117293;4735;416;5733;5754;5.47;0.33;284.78;5.37;998;11;1967.00;21
4737;11;21117305;4737;417;5743;5767;5.52;0.34;284.76;5.36;1006;11;1968.00;24
4739;11;21117316;4739;430;5744;5767;5.54;0.34;284.67;5.36;1005;11;1969.00;23
4740;11;21117327;4740;431;5744;5767;5.58;0.34;284.70;5.36;1004;11;1970.00;23
4740;11;21117338;4740;436;5745;5768;5.68;0.35;284.70;5.36;1005;11;1971.00;23
4743;11;21117348;4743;429;5745;5768;5.77;0.35;284.74;5.36;1002;11;1972.00;23
4745;11;21117359;4745;426;5749;5772;5.88;0.36;284.84;5.36;1004;11;1973.00;23
4745;11;21117371;4745;422;5749;5772;5.97;0.36;284.84;5.36;1004;11;1974.00;23
4748;11;21117381;4748;414;5752;5776;6.06;0.37;284.90;5.35;1004;11;1975.00;24
4750;11;21117393;4750;409;5752;5776;6.09;0.37;284.99;5.35;1002;11;1976.00;24
4752;11;21117404;4752;405;5752;5776;6.16;0.37;284.94;5.35;1000;11;1977.00;24
4756;11;21117415;4756;403;5752;5776;6.20;0.38;284.96;5.35;996;11;1978.00;24
4757;11;21117427;4757;400;5752;5776;6.24;0.38;284.93;5.35;995;11;1979.00;24
4760;11;21117439;4760;402;5779;5810;6.35;0.39;285.06;5.33;1019;11;1980.00;31
4762;11;21117459;4762;393;5779;5810;6.38;0.39;285.08;5.33;1017;11;1981.00;31
4767;11;21117470;4767;386;5782;5810;6.49;0.40;285.13;5.33;1015;11;1982.00;28
4769;11;21117482;4769;380;5782;5810;6.53;0.40;285.31;5.33;1013;11;1983.00;28
4769;11;21117493;4769;371;5783;5810;6.64;0.40;285.31;5.33;1014;11;1984.00;27
4773;11;21117506;4773;372;5783;5810;6.65;0.40;285.45;5.33;1010;11;1985.00;27
4775;11;21117517;4775;377;5783;5811;6.63;0.40;285.54;5.33;1008;11;1986.00;28
4778;11;21117529;4778;373;5783;5811;6.59;0.40;285.78;5.33;1005;11;1987.00;28
4782;11;21117542;4782;378;5788;5817;6.55;0.40;285.89;5.32;1006;11;1988.00;29
4783;11;21117554;4783;379;5788;5818;6.50;0.39;285.95;5.32;1005;11;1989.00;30
4787;11;21117565;4787;388;5789;5818;6.45;0.39;286.14;5.32;1002;11;1990.00;29
4790;11;21117576;4790;396;5789;5818;6.42;0.39;286.32;5.32;999;11;1991.00;29
4793;11;21117587;4793;393;5792;5822;6.41;0.39;286.43;5.32;999;11;1992.00;30
4796;11;21117599;4796;384;5792;5822;6.35;0.39;286.62;5.32;996;11;1993.00;30
4797;11;21117615;4797;381;5792;5822;6.35;0.39;286.66;5.32;995;11;1994.00;30
4799;11;21117626;4799;382;5793;5823;6.36;0.39;286.82;5.32;994;11;1995.00;30
4800;11;21117637;4800;383;5796;5827;6.35;0.39;286.93;5.32;996;11;1996.00;31
4802;11;21117649;4802;376;5796;5827;6.36;0.39;286.96;5.32;994;11;1997.00;31
4805;11;21117659;4805;374;5798;5830;6.41;0.39;287.08;5.31;993;11;1998.00;32
4808;11;21117677;4808;375;5798;5830;6.43;0.39;287.09;5.31;990;11;1999.00;32
4809;11;21117689;4809;373;5799;5830;6.43;0.39;287.11;5.31;990;11;2000.00;31
4812;11;21117704;4812;371;5799;5830;6.40;0.39;287.22;5.31;987;11;2001.00;31
4813;11;21117715;4813;377;5803;5834;6.48;0.39;287.33;5.31;990;11;2002.00;31
4815;11;21117727;4815;375;5803;5834;6.53;0.40;287.41;5.31;988;11;2003.00;31
4820;11;21117739;4820;369;5803;5834;6.58;0.40;287.58;5.31;983;11;2004.00;31
4821;11;21117750;4821;368;5803;5834;6.65;0.40;287.56;5.31;982;11;2005.00;31
4823;11;21117761;4823;373;5803;5835;6.66;0.40;287.63;5.31;980;11;2006.00;32
4826;11;21117772;4826;377;5804;5836;6.64;0.40;287.62;5.31;978;11;2007.00;32
4827;11;21117783;4827;378;5804;5836;6.64;0.40;287.64;5.31;977;11;2008.00;32
4828;11;21117794;4828;376;5805;5837;6.60;0.40;287.67;5.31;977;11;2009.00;32
4833;11;21117808;4833;374;5805;5837;6.56;0.40;287.84;5.31;972;11;2010.00;32
4834;11;21117820;4834;372;5805;5837;6.56;0.40;287.81;5.31;971;11;2011.00;32
4836;11;21117831;4836;370;5805;5837;6.59;0.40;287.88;5.31;969;11;2012.00;32
4838;11;21117843;4838;366;5805;5837;6.56;0.40;287.92;5.31;967;11;2013.00;32
4840;12;21117854;4840;370;5805;5837;6.51;0.40;287.96;5.31;965;12;2014.00;32
4840;12;21117881;4840;363;5805;5837;6.48;0.39;287.96;5.31;965;12;2015.00;32
4841;12;21117891;4841;385;5880;5964;6.50;0.40;287.95;5.24;1039;12;2016.00;84
4845;12;21117912;4845;366;5880;5965;6.49;0.40;287.96;5.24;1035;12;2017.00;85
4847;12;21117923;4847;356;5885;5965;6.56;0.40;288.03;5.24;1038;12;2018.00;80
4848;12;21117935;4848;346;5886;5965;6.64;0.41;288.05;5.24;1038;12;2019.00;79
4851;12;21117946;4851;337;5891;5965;6.67;0.41;288.15;5.24;1040;12;2020.00;74
4851;12;21117957;4851;333;5891;5965;6.72;0.41;288.15;5.24;1040;12;2021.00;74
4855;12;21117969;4855;327;5894;5965;6.80;0.42;288.29;5.24;1039;12;2022.00;71
4857;12;21117981;4857;333;5895;5965;6.87;0.42;288.40;5.24;1038;12;2023.00;70
4859;12;21117993;4859;332;5898;5966;6.96;0.43;288.51;5.24;1039;12;2024.00;68
4861;12;21118005;4861;324;5904;5968;6.98;0.43;288.54;5.24;1043;12;2025.00;64
4863;12;21118017;4863;315;5907;5968;6.98;0.43;288.58;5.24;1044;12;2026.00;61
4867;12;21118029;4867;317;5910;5969;6.98;0.43;288.73;5.25;1043;12;2027.00;59
4868;12;21118041;4868;319;5913;5969;6.90;0.42;288.75;5.25;1045;12;2028.00;56
4870;12;21118052;4870;311;5916;5969;6.91;0.42;288.77;5.28;1046;12;2029.00;53
4873;12;21118065;4873;316;5918;5969;6.91;0.42;289.00;5.31;1045;12;2030.00;51
4876;12;21118078;4876;310;5922;5973;6.84;0.42;289.21;5.31;1046;12;2031.00;51
4877;12;21118089;4877;303;5924;5973;6.76;0.41;289.19;5.31;1047;12;2032.00;49
4880;12;21118100;4880;292;5926;5973;6.70;0.41;289.36;5.31;1046;12;2033.00;47
4880;12;21118114;4880;291;5929;5976;6.68;0.41;289.36;5.31;1049;12;2034.00;47
4883;12;21118126;4883;292;5929;5976;6.60;0.40;289.53;5.31;1046;12;2035.00;47
4886;12;21118138;4886;290;5929;5976;6.58;0.40;289.69;5.31;1043;12;2036.00;47
4887;12;21118151;4887;286;5934;5980;6.56;0.40;289.73;5.32;1047;12;2037.00;46
4889;12;21118162;4889;286;5935;5981;6.65;0.41;289.80;5.32;1046;12;2038.00;46
4890;12;21118174;4890;281;5935;5981;6.72;0.41;289.75;5.32;1045;12;2039.00;46
4896;12;21118187;4896;278;5941;5986;6.77;0.41;289.90;5.31;1045;12;2040.00;45
4899;12;21118200;4899;281;5941;5986;6.84;0.42;289.96;5.31;1042;12;2041.00;45
4903;12;21118212;4903;274;5941;5986;6.90;0.42;290.08;5.31;1038;12;2042.00;45
4906;12;21118225;4906;267;5942;5987;7.01;0.43;290.13;5.31;1036;12;2043.00;45
4908;12;21118243;4908;266;5942;5987;7.06;0.43;290.08;5.31;1034;12;2044.00;45
4908;12;21118256;4908;266;5946;5993;7.13;0.43;290.08;5.31;1038;12;2045.00;47
4913;12;21118267;4913;265;5946;5993;7.05;0.43;290.30;5.31;1033;12;2046.00;47
4913;12;21118281;4913;267;5946;5994;7.02;0.43;290.30;5.31;1033;12;2047.00;48
4917;12;21118293;4917;283;5946;5994;6.98;0.42;290.36;5.31;1029;12;2048.00;48
4919;12;21118304;4919;285;5947;5994;6.94;0.42;290.45;5.34;1028;12;2049.00;47
4922;12;21118315;4922;281;5948;5994;6.94;0.42;290.41;5.34;1026;12;2050.00;46
4925;12;21118328;4925;289;5949;5994;6.94;0.42;290.39;5.36;1024;12;2051.00;45
4927;12;21118339;4927;293;5958;6006;7.05;0.43;290.48;5.35;1031;12;2052.00;48
4929;12;21118352;4929;299;5960;6006;7.03;0.43;290.47;5.37;1031;12;2053.00;46
4934;12;21118363;4934;301;5963;6006;7.00;0.43;290.65;5.38;1029;12;2054.00;43
4936;12;21118375;4936;303;5965;6006;6.98;0.42;290.75;5.41;1029;12;2055.00;41
4938;12;21118392;4938;303;5966;6006;6.89;0.42;290.75;5.41;1028;12;2056.00;40
4941;12;21118404;4941;314;5967;6006;6.85;0.42;290.79;5.43;1026;12;2057.00;39
4943;12;21118415;4943;321;5971;6010;6.77;0.41;290.86;5.45;1028;12;2058.00;39
4946;12;21118427;4946;327;5972;6010;6.73;0.41;290.94;5.47;1026;12;2059.00;38
4949;12;21118439;4949;335;5977;6014;6.75;0.41;291.01;5.49;1028;12;2060.00;37
4952;12;21118451;4952;338;5980;6015;6.72;0.41;291.10;5.51;1028;12;2061.00;35
4954;12;21118462;4954;346;5980;6015;6.68;0.41;291.11;5.51;1026;12;2062.00;35
4956;12;21118474;4956;347;5981;6015;6.65;0.40;291.28;5.54;1025;12;2063.00;34
4962;12;21118485;4962;354;5993;6028;6.65;0.40;291.20;5.54;1031;12;2064.00;35
4962;12;21118498;4962;350;5994;6028;6.67;0.41;291.20;5.56;1032;12;2065.00;34
4966;12;21118510;4966;352;5995;6028;6.66;0.41;291.30;5.57;1029;12;2066.00;33
4967;12;21118521;4967;355;5998;6029;6.67;0.41;291.42;5.60;1031;12;2067.00;31
4970;12;21118532;4970;359;5998;6030;6.62;0.40;291.62;5.60;1028;12;2068.00;32
4973;12;21118543;4973;363;6000;6030;6.57;0.40;291.50;5.64;1027;12;2069.00;30
4975;12;21118556;4975;361;6005;6036;6.50;0.40;291.62;5.66;1030;12;2070.00;31
4978;12;21118567;4978;367;6005;6036;6.41;0.39;291.61;5.66;1027;12;2071.00;31
4980;12;21118578;4980;368;6010;6036;6.34;0.39;291.63;5.73;1030;12;2072.00;26
4982;12;21118589;4982;373;6010;6036;6.32;0.39;291.61;5.73;1028;12;2073.00;26
4983;12;21118599;4983;374;6017;6042;6.34;0.39;291.58;5.74;1034;12;2074.00;25
4988;12;21118610;4988;379;6017;6042;6.25;0.38;291.52;5.74;1029;12;2075.00;25
4989;12;21118622;4989;376;6018;6042;6.19;0.38;291.49;5.76;1029;12;2076.00;24
4992;12;21118631;4992;384;6018;6042;6.14;0.38;291.56;5.76;1026;12;2077.00;24
4995;12;21118641;4995;381;6021;6046;6.07;0.37;291.58;5.76;1026;12;2078.00;25
4995;12;21118652;4995;386;6025;6047;6.09;0.37;291.58;5.81;1030;12;2079.00;22
4996;12;21118662;4996;386;6025;6047;6.05;0.37;291.63;5.81;1029;12;2080.00;22
4996;12;21118673;4996;385;6026;6048;6.10;0.37;291.63;5.81;1030;12;2081.00;22
4999;12;21118683;4999;389;6027;6048;6.11;0.38;291.58;5.83;1028;12;2082.00;21
4999;12;21118695;4999;389;6027;6048;6.17;0.38;291.58;5.83;1028;12;2083.00;21
5003;12;21118705;5003;393;6027;6048;6.15;0.38;291.59;5.83;1024;12;2084.00;21
5006;12;21118715;5006;386;6030;6048;6.17;0.38;291.49;5.87;1024;12;2085.00;18
5009;12;21118725;5009;389;6030;6048;6.11;0.37;291.40;5.87;1021;12;2086.00;18
5011;12;21118736;5011;391;6030;6048;6.08;0.37;291.37;5.87;1019;12;2087.00;18
5012;12;21118745;5012;402;6069;6118;6.17;0.38;291.35;5.85;1057;12;2088.00;49
5015;12;21118761;5015;400;6069;6119;6.04;0.37;291.31;5.85;1054;12;2089.00;50
5017;12;21118770;5017;397;6078;6119;6.07;0.37;291.30;5.86;1061;12;2090.00;41
5021;12;21118781;5021;402;6081;6119;5.99;0.37;291.18;5.86;1060;12;2091.00;38
5024;12;21118791;5024;409;6085;6119;5.92;0.36;291.08;5.86;1061;12;2092.00;34
5030;12;21118801;5030;411;6089;6119;5.80;0.35;290.88;5.89;1059;12;2093.00;30
5032;12;21118811;5032;415;6091;6119;5.75;0.35;290.81;5.89;1059;12;2094.00;28
5036;12;21118821;5036;421;6094;6119;5.67;0.34;290.80;5.89;1058;12;2095.00;25
5039;13;21118832;5039;424;6098;6120;5.56;0.34;290.73;5.90;1059;13;2096.00;22
5041;13;21118858;5041;427;6099;6121;5.42;0.33;290.74;5.91;1058;13;2097.00;22
5045;13;21118868;5045;439;6101;6121;5.31;0.32;290.68;5.91;1056;13;2098.00;20
5048;13;21118879;5048;443;6108;6125;5.24;0.32;290.63;5.94;1060;13;2099.00;17
5051;13;21118891;5051;440;6113;6140;5.11;0.31;290.61;5.94;1062;13;2100.00;27
5054;13;21118908;5054;436;6115;6140;5.03;0.31;290.58;5.94;1061;13;2101.00;25
5057;13;21118919;5057;437;6117;6140;4.97;0.30;290.55;5.95;1060;13;2102.00;23
5061;13;21118929;5061;437;6120;6146;4.97;0.30;290.58;5.95;1059;13;2103.00;26
5063;13;21118940;5063;432;6121;6146;4.97;0.30;290.54;5.95;1058;13;2104.00;25
5065;13;21118949;5065;436;6122;6146;4.97;0.30;290.60;5.95;1057;13;2105.00;24
5067;13;21118960;5067;436;6125;6149;5.03;0.31;290.60;5.94;1058;13;2106.00;24
5068;13;21118976;5068;435;6126;6149;5.04;0.31;290.63;5.94;1058;13;2107.00;23
5070;13;21118986;5070;424;6126;6149;5.06;0.31;290.69;5.94;1056;13;2108.00;23
5071;13;21118997;5071;409;6126;6150;5.11;0.31;290.72;5.94;1055;13;2109.00;24
5073;13;21119008;5073;397;6127;6151;5.20;0.32;290.77;5.94;1054;13;2110.00;24
5074;13;21119018;5074;396;6128;6151;5.29;0.32;290.76;5.94;1054;13;2111.00;23
5076;13;21119029;5076;395;6139;6164;5.39;0.33;290.83;5.93;1063;13;2112.00;25
5084;13;21119043;5084;389;6139;6164;5.38;0.33;290.83;5.93;1055;13;2113.00;25
5087;13;21119055;5087;392;6139;6164;5.43;0.33;290.68;5.93;1052;13;2114.00;25
5092;13;21119066;5092;383;6141;6166;5.47;0.33;290.76;5.93;1049;13;2115.00;25
5094;13;21119078;5094;388;6141;6166;5.49;0.33;290.74;5.93;1047;13;2116.00;25
5096;13;21119089;5096;382;6145;6170;5.54;0.34;290.75;5.93;1049;13;2117.00;25
5100;13;21119100;5100;385;6146;6170;5.50;0.34;290.76;5.93;1046;13;2118.00;24
5104;13;21119112;5104;385;6149;6174;5.48;0.34;290.89;5.93;1045;13;2119.00;25
5106;13;21119123;5106;386;6149;6174;5.52;0.34;290.86;5.93;1043;13;2120.00;25
5111;13;21119134;5111;383;6149;6174;5.45;0.33;290.82;5.93;1038;13;2121.00;25
5112;13;21119151;5112;380;6150;6174;5.43;0.33;290.84;5.93;1038;13;2122.00;24
5115;13;21119162;5115;386;6150;6174;5.40;0.33;290.88;5.93;1035;13;2123.00;24
5119;13;21119173;5119;387;6160;6186;5.44;0.33;290.93;5.93;1041;13;2124.00;26
5120;13;21119185;5120;379;6162;6186;5.44;0.33;290.91;5.93;1042;13;2125.00;24
5123;13;21119196;5123;388;6163;6186;5.44;0.33;290.92;5.93;1040;13;2126.00;23
5123;13;21119207;5123;385;6163;6186;5.44;0.33;290.92;5.93;1040;13;2127.00;23
5127;13;21119224;5127;388;6163;6186;5.46;0.33;290.94;5.93;1036;13;2128.00;23
5130;13;21119236;5130;387;6163;6186;5.47;0.34;290.94;5.93;1033;13;2129.00;23
5133;13;21119248;5133;387;6165;6187;5.49;0.34;290.91;5.94;1032;13;2130.00;22
5139;13;21119259;5139;387;6166;6187;5.45;0.33;290.98;5.94;1027;13;2131.00;21
5144;13;21119270;5144;389;6171;6193;5.51;0.34;290.95;5.93;1027;13;2132.00;22
5149;13;21119283;5149;393;6172;6194;5.51;0.34;290.98;5.93;1023;13;2133.00;22
5153;13;21119293;5153;401;6172;6194;5.54;0.34;291.02;5.93;1019;13;2134.00;22
5154;13;21119305;5154;396;6172;6194;5.58;0.34;291.01;5.93;1018;13;2135.00;22
5157;13;21119316;5157;400;6175;6198;5.62;0.34;291.09;5.93;1018;13;2136.00;23
5161;13;21119327;5161;389;6175;6198;5.63;0.34;291.13;5.93;1014;13;2137.00;23
5163;13;21119339;5163;388;6175;6198;5.67;0.35;291.07;5.93;1012;13;2138.00;23
5166;13;21119349;5166;385;6176;6199;5.68;0.35;291.07;5.93;1010;13;2139.00;23
5170;13;21119360;5170;387;6179;6203;5.69;0.35;291.18;5.93;1009;13;2140.00;24
5171;13;21119371;5171;386;6179;6203;5.70;0.35;291.20;5.93;1008;13;2141.00;24
5172;13;21119382;5172;395;6181;6206;5.69;0.35;291.22;5.92;1009;13;2142.00;25
5175;13;21119393;5175;396;6181;6206;5.68;0.35;291.21;5.92;1006;13;2143.00;25
5177;13;21119403;5177;398;6182;6206;5.61;0.34;291.25;5.92;1005;13;2144.00;24
5177;13;21119414;5177;404;6182;6206;5.54;0.34;291.25;5.92;1005;13;2145.00;24
5180;13;21119425;5180;405;6186;6210;5.50;0.34;291.34;5.92;1006;13;2146.00;24
5182;13;21119436;5182;399;6186;6210;5.48;0.34;291.35;5.92;1004;13;2147.00;24
5185;13;21119447;5185;392;6186;6210;5.52;0.34;291.33;5.92;1001;13;2148.00;24
5189;13;21119459;5189;386;6186;6210;5.52;0.34;291.49;5.92;997;13;2149.00;24
5193;13;21119470;5193;384;6186;6211;5.53;0.34;291.54;5.92;993;13;2150.00;25
5194;13;21119481;5194;371;6187;6212;5.62;0.34;291.57;5.92;993;13;2151.00;25
5198;13;21119493;5198;367;6187;6212;5.72;0.35;291.63;5.92;989;13;2152.00;25
5201;13;21119504;5201;360;6188;6213;5.82;0.35;291.69;5.92;987;13;2153.00;25
5202;13;21119516;5202;361;6188;6213;5.91;0.36;291.75;5.92;986;13;2154.00;25
5205;13;21119527;5205;362;6188;6213;5.93;0.36;291.84;5.92;983;13;2155.00;25
5208;13;21119538;5208;356;6188;6213;6.00;0.36;291.95;5.92;980;14;2156.00;25
5209;13;21119559;5209;342;6188;6213;6.08;0.37;291.97;5.92;979;14;2157.00;25
5211;13;21119570;5211;339;6188;6213;6.14;0.37;291.99;5.92;977;14;2158.00;25
5214;13;21119586;5214;334;6188;6213;6.22;0.38;292.12;5.92;974;14;2159.00;25
5215;13;21119599;5215;388;6312;6443;6.38;0.40;292.16;5.80;1097;14;2160.00;131
5218;13;21119629;5218;379;6316;6444;6.39;0.40;292.25;5.80;1098;14;2161.00;128
5222;13;21119642;5222;356;6324;6444;6.46;0.40;292.44;5.80;1102;14;2162.00;120
5225;13;21119654;5225;358;6330;6444;6.47;0.40;292.55;5.79;1105;14;2163.00;114
5227;13;21119667;5227;361;6338;6444;6.48;0.40;292.67;5.79;1111;14;2164.00;106
5231;13;21119679;5231;361;6342;6444;6.41;0.40;292.85;5.79;1111;14;2165.00;102
5231;13;21119692;5231;367;6349;6444;6.42;0.40;292.85;5.79;1118;14;2166.00;95
5235;13;21119703;5235;361;6353;6444;6.42;0.40;292.86;5.79;1118;14;2167.00;91
5238;13;21119715;5238;357;6359;6445;6.45;0.40;292.99;5.79;1121;14;2168.00;86
5238;13;21119728;5238;361;6363;6446;6.49;0.40;292.99;5.79;1125;14;2169.00;83
5242;13;21119740;5242;362;6370;6446;6.44;0.40;293.20;5.80;1128;14;2170.00;76
5246;13;21119753;5246;367;6373;6447;6.41;0.40;293.41;5.80;1127;14;2171.00;74
5246;13;21119770;5246;377;6376;6447;6.40;0.40;293.41;5.80;1130;14;2172.00;71
5249;13;21119788;5249;378;6379;6447;6.38;0.39;293.52;5.81;1130;14;2173.00;68
5250;13;21119800;5250;378;6381;6447;6.32;0.39;293.54;5.81;1131;14;2174.00;66
5253;13;21119818;5253;390;6385;6451;6.23;0.38;293.61;5.81;1132;14;2175.00;66
5256;13;21119832;5256;393;6387;6451;6.13;0.38;293.63;5.81;1131;14;2176.00;64
5258;13;21119850;5258;398;6387;6451;6.09;0.38;293.66;5.81;1129;14;2177.00;64
5260;13;21119861;5260;400;6389;6454;6.03;0.37;293.72;5.81;1129;14;2178.00;65
5260;13;21119873;5260;405;6389;6454;6.00;0.37;293.72;5.81;1129;14;2179.00;65
5262;13;21119885;5262;412;6390;6454;5.96;0.37;293.83;5.82;1128;14;2180.00;64
5267;13;21119898;5267;403;6394;6458;5.88;0.36;293.87;5.82;1127;14;2181.00;64
5272;13;21119910;5272;412;6396;6459;5.85;0.36;293.96;5.82;1124;14;2182.00;63
5274;13;21119922;5274;415;6396;6459;5.87;0.36;293.95;5.82;1122;14;2183.00;63
5277;13;21119934;5277;417;6399;6463;5.89;0.36;294.11;5.82;1122;14;2184.00;64
5282;13;21119948;5282;422;6399;6463;5.92;0.36;294.22;5.82;1117;14;2185.00;64
5284;13;21119960;5284;414;6400;6463;5.98;0.37;294.23;5.82;1116;14;2186.00;63
5287;13;21119972;5287;414;6401;6464;6.01;0.37;294.17;5.82;1114;14;2187.00;63
5291;13;21119984;5291;413;6401;6464;6.00;0.37;294.21;5.82;1110;14;2188.00;63
5291;13;21119997;5291;416;6406;6470;6.06;0.37;294.21;5.82;1115;14;2189.00;64
5293;13;21120019;5293;404;6407;6470;6.09;0.37;294.26;5.83;1114;14;2190.00;63
5295;13;21120036;5295;399;6407;6471;6.13;0.37;294.29;5.83;1112;14;2191.00;64
5295;13;21120049;5295;391;6409;6471;6.19;0.38;294.29;5.83;1114;14;2192.00;62
5298;13;21120061;5298;386;6409;6471;6.23;0.38;294.43;5.83;1111;14;2193.00;62
5301;13;21120080;5301;377;6410;6471;6.27;0.38;294.42;5.84;1109;14;2194.00;61
5303;13;21120093;5303;375;6410;6471;6.33;0.39;294.41;5.84;1107;14;2195.00;61
5307;13;21120107;5307;373;6418;6483;6.42;0.39;294.47;5.83;1111;14;2196.00;65
5310;13;21120121;5310;363;6419;6483;6.45;0.39;294.56;5.83;1109;14;2197.00;64
5315;13;21120135;5315;355;6421;6483;6.52;0.40;294.70;5.83;1106;14;2198.00;62
5318;13;21120148;5318;354;6422;6483;6.58;0.40;294.75;5.84;1104;14;2199.00;61
5320;13;21120162;5320;356;6423;6483;6.60;0.40;294.82;5.85;1103;14;2200.00;60
5323;13;21120178;5323;349;6424;6483;6.58;0.40;294.86;5.85;1101;14;2201.00;59
5325;13;21120190;5325;347;6428;6487;6.51;0.40;294.98;5.85;1103;14;2202.00;59
5329;13;21120209;5329;346;6430;6487;6.46;0.39;295.27;5.85;1101;14;2203.00;57
5332;13;21120225;5332;332;6435;6491;6.41;0.39;295.28;5.85;1103;14;2204.00;56
5334;13;21120238;5334;324;6438;6493;6.33;0.39;295.31;5.90;1104;14;2205.00;55
5337;13;21120253;5337;318;6438;6493;6.24;0.38;295.34;5.90;1101;14;2206.00;55
5342;13;21120265;5342;319;6439;6493;6.13;0.37;295.35;5.90;1097;14;2207.00;54
5345;13;21120279;5345;322;6449;6506;6.12;0.37;295.40;5.89;1104;14;2208.00;57
5348;13;21120294;5348;314;6449;6506;6.12;0.37;295.42;5.89;1101;14;2209.00;57
5350;13;21120311;5350;316;6451;6508;6.11;0.37;295.41;5.89;1101;14;2210.00;57
5352;13;21120324;5352;305;6452;6509;6.15;0.37;295.44;5.89;1100;14;2211.00;57
5354;13;21120336;5354;311;6452;6510;6.19;0.38;295.46;5.89;1098;14;2212.00;58
5356;13;21120348;5356;315;6452;6510;6.21;0.38;295.38;5.89;1096;14;2213.00;58
5358;13;21120360;5358;307;6454;6513;6.28;0.38;295.49;5.89;1096;14;2214.00;59
5360;13;21120372;5360;302;6454;6513;6.31;0.38;295.59;5.89;1094;14;2215.00;59
5361;13;21120383;5361;303;6455;6513;6.34;0.39;295.63;5.89;1094;14;2216.00;58
5363;13;21120400;5363;300;6455;6513;6.37;0.39;295.71;5.89;1092;14;2217.00;58
5369;13;21120413;5369;290;6460;6519;6.43;0.39;295.91;5.88;1091;14;2218.00;59
5369;13;21120427;5369;298;6460;6519;6.40;0.39;295.91;5.88;1091;14;2219.00;59
5370;13;21120440;5370;303;6460;6519;6.38;0.39;296.00;5.88;1090;14;2220.00;59
5373;13;21120452;5373;304;6460;6519;6.36;0.39;296.19;5.88;1087;14;2221.00;59
5374;13;21120465;5374;300;6464;6523;6.35;0.39;296.27;5.89;1090;14;2222.00;59
5377;13;21120477;5377;306;6465;6524;6.32;0.39;296.33;5.89;1088;14;2223.00;59
5382;13;21120489;5382;307;6466;6524;6.29;0.38;296.34;5.90;1084;14;2224.00;58
5382;13;21120502;5382;311;6467;6525;6.29;0.38;296.34;5.90;1085;14;2225.00;58
5384;13;21120514;5384;305;6468;6525;6.26;0.38;296.28;5.90;1084;14;2226.00;57
5386;13;21120527;5386;310;6468;6525;6.27;0.38;296.33;5.90;1082;14;2227.00;57
5387;13;21120538;5387;309;6469;6525;6.26;0.38;296.30;5.91;1082;14;2228.00;56
5390;13;21120550;5390;319;6470;6525;6.25;0.38;296.25;5.92;1080;14;2229.00;55
5392;13;21120562;5392;322;6472;6525;6.18;0.38;296.25;5.96;1080;14;2230.00;53
5394;13;21120573;5394;323;6473;6525;6.15;0.37;296.31;5.97;1079;14;2231.00;52
5398;13;21120584;5398;341;6508;6595;6.28;0.38;296.33;5.94;1110;14;2232.00;87
5399;13;21120602;5399;339;6513;6596;6.27;0.38;296.29;6.00;1114;14;2233.00;83
5401;13;21120614;5401;353;6521;6596;6.32;0.39;296.34;6.00;1120;14;2234.00;75
5404;13;21120627;5404;364;6528;6596;6.26;0.38;296.32;6.04;1124;14;2235.00;68
5405;13;21120639;5405;368;6533;6596;6.23;0.38;296.29;6.06;1128;14;2236.00;63
5407;13;21120650;5407;373;6536;6596;6.23;0.38;296.21;6.09;1129;14;2237.00;60
5410;13;21120663;5410;381;6540;6596;6.18;0.38;296.15;6.09;1130;14;2238.00;56
5413;13;21120675;5413;388;6545;6596;6.08;0.37;296.08;6.16;1132;14;2239.00;51
5415;13;21120686;5415;395;6547;6597;6.00;0.37;296.01;6.16;1132;14;2240.00;50
5420;13;21120698;5420;397;6551;6598;5.90;0.36;295.87;6.19;1131;14;2241.00;47
5420;13;21120710;5420;404;6554;6598;5.85;0.36;295.87;6.21;1134;14;2242.00;44
5423;13;21120722;5423;411;6560;6602;5.76;0.35;295.74;6.21;1137;14;2243.00;42
5426;13;21120735;5426;414;6561;6602;5.64;0.35;295.64;6.21;1135;14;2244.00;41
5429;13;21120747;5429;417;6565;6602;5.55;0.34;295.59;6.29;1136;14;2245.00;37
5431;13;21120759;5431;425;6565;6602;5.50;0.34;295.59;6.29;1134;14;2246.00;37
5433;13;21120770;5433;429;6573;6608;5.47;0.34;295.56;6.35;1140;14;2247.00;35
5435;13;21120782;5435;435;6573;6608;5.43;0.33;295.50;6.35;1138;14;2248.00;35
5436;13;21120794;5436;433;6574;6608;5.37;0.33;295.46;6.36;1138;14;2249.00;34
5441;13;21120807;5441;433;6579;6614;5.29;0.32;295.44;6.38;1138;14;2250.00;35
5441;13;21120819;5441;436;6580;6614;5.29;0.32;295.44;6.39;1139;14;2251.00;34
5441;13;21120831;5441;436;6583;6614;5.29;0.32;295.44;6.41;1142;14;2252.00;31
5443;13;21120842;5443;439;6584;6615;5.25;0.32;295.38;6.42;1141;14;2253.00;31
5443;13;21120853;5443;436;6586;6616;5.30;0.32;295.38;6.44;1143;14;2254.00;30
5444;13;21120865;5444;434;6586;6616;5.29;0.32;295.36;6.44;1142;14;2255.00;30
5447;13;21120875;5447;439;6599;6629;5.29;0.32;295.30;6.45;1152;14;2256.00;30
5450;13;21120889;5450;442;6599;6629;5.24;0.32;295.27;6.45;1149;14;2257.00;30
5450;13;21120900;5450;440;6600;6629;5.30;0.32;295.27;6.47;1150;14;2258.00;29
5451;13;21120911;5451;444;6602;6630;5.28;0.32;295.22;6.48;1151;14;2259.00;28
5452;13;21120922;5452;447;6602;6630;5.24;0.32;295.17;6.48;1150;14;2260.00;28
5454;13;21120934;5454;454;6608;6634;5.23;0.32;295.21;6.50;1154;14;2261.00;26
5458;13;21120946;5458;453;6608;6634;5.11;0.31;295.16;6.50;1150;14;2262.00;26
5460;13;21120957;5460;457;6612;6638;5.05;0.31;295.13;6.52;1152;14;2263.00;26
5464;13;21120968;5464;461;6612;6638;4.94;0.30;295.04;6.52;1148;14;2264.00;26
5465;13;21120979;5465;454;6613;6638;4.86;0.30;295.03;6.53;1148;14;2265.00;25
5469;13;21120989;5469;451;6614;6638;4.76;0.29;294.94;6.55;1145;14;2266.00;24
5472;13;21121001;5472;449;6615;6638;4.65;0.28;294.86;6.56;1143;14;2267.00;23
5475;13;21121012;5475;445;6626;6650;4.66;0.28;294.88;6.56;1151;14;2268.00;24
5479;13;21121024;5479;447;6626;6650;4.67;0.28;294.78;6.56;1147;14;2269.00;24
5482;13;21121035;5482;442;6627;6650;4.62;0.28;294.71;6.58;1145;14;2270.00;23
5483;13;21121047;5483;445;6628;6650;4.63;0.28;294.69;6.58;1145;14;2271.00;22
5484;13;21121071;5484;447;6629;6650;4.60;0.28;294.70;6.60;1145;14;2272.00;21
5487;13;21121083;5487;448;6629;6650;4.56;0.28;294.75;6.60;1142;14;2273.00;21
5488;13;21121095;5488;457;6629;6651;4.56;0.28;294.76;6.60;1141;14;2274.00;22
5490;13;21121105;5490;439;6629;6651;4.58;0.28;294.83;6.60;1139;14;2275.00;22
5492;13;21121117;5492;435;6633;6657;4.67;0.29;294.87;6.59;1141;14;2276.00;24
5494;13;21121128;5494;433;6635;6658;4.73;0.29;294.83;6.59;1141;14;2277.00;23
5498;13;21121139;5498;425;6635;6658;4.78;0.29;294.88;6.59;1137;14;2278.00;23
5501;13;21121151;5501;420;6635;6658;4.83;0.30;294.93;6.59;1134;14;2279.00;23
5502;13;21121164;5502;417;6639;6663;4.94;0.30;294.92;6.59;1137;14;2280.00;24
5505;13;21121176;5505;413;6639;6663;5.01;0.31;294.95;6.59;1134;14;2281.00;24
5507;13;21121188;5507;404;6639;6663;5.08;0.31;295.01;6.59;1132;14;2282.00;24
5510;13;21121200;5510;391;6640;6664;5.14;0.31;294.95;6.59;1130;14;2283.00;24
5513;13;21121212;5513;382;6643;6668;5.22;0.32;295.00;6.59;1130;14;2284.00;25
5516;13;21121225;5516;375;6644;6668;5.23;0.32;295.08;6.59;1128;14;2285.00;24
5518;13;21121237;5518;366;6646;6671;5.30;0.32;295.04;6.58;1128;14;2286.00;25
5522;13;21121248;5522;370;6646;6671;5.32;0.33;295.25;6.58;1124;14;2287.00;25
5523;13;21121260;5523;357;6646;6671;5.41;0.33;295.23;6.58;1123;14;2288.00;25
5528;13;21121271;5528;355;6646;6671;5.47;0.33;295.22;6.58;1118;14;2289.00;25
5529;13;21121285;5529;350;6649;6675;5.53;0.34;295.29;6.58;1120;14;2290.00;26
5532;13;21121297;5532;343;6649;6675;5.54;0.34;295.22;6.58;1117;14;2291.00;26
5539;13;21121309;5539;352;6650;6675;5.48;0.33;295.28;6.58;1111;14;2292.00;25
5542;13;21121321;5542;345;6650;6675;5.49;0.34;295.41;6.58;1108;14;2293.00;25
5546;13;21121333;5546;342;6650;6676;5.53;0.34;295.54;6.58;1104;14;2294.00;26
5552;13;21121346;5552;341;6653;6678;5.57;0.34;295.58;6.58;1101;14;2295.00;25
5555;13;21121358;5555;340;6653;6678;5.61;0.34;295.65;6.58;1098;14;2296.00;25
5557;13;21121370;5557;341;6654;6679;5.69;0.35;295.77;6.58;1097;14;2297.00;25
5563;13;21121383;5563;345;6654;6679;5.70;0.35;295.99;6.58;1091;14;2298.00;25
5565;13;21121396;5565;345;6654;6679;5.76;0.35;295.94;6.58;1089;14;2299.00;25
5571;13;21121408;5571;349;6654;6679;5.79;0.35;296.15;6.58;1083;14;2300.00;25
5578;13;21121424;5578;346;6654;6679;5.79;0.35;296.29;6.58;1076;14;2301.00;25
5582;13;21121437;5582;343;6654;6679;5.78;0.35;296.34;6.58;1072;14;2302.00;25
5588;13;21121449;5588;346;6654;6679;5.77;0.35;296.35;6.58;1066;14;2303.00;25
5592;13;21121462;5592;365;6735;6806;6.04;0.37;296.41;6.50;1143;14;2304.00;71
5594;13;21121486;5594;355;6738;6807;6.10;0.38;296.51;6.50;1144;14;2305.00;69
5595;13;21121499;5595;354;6744;6807;6.21;0.38;296.51;6.49;1149;14;2306.00;63
5598;13;21121512;5598;355;6744;6807;6.26;0.39;296.55;6.49;1146;14;2307.00;63
5600;13;21121524;5600;355;6748;6807;6.31;0.39;296.54;6.49;1148;14;2308.00;59
5604;13;21121537;5604;356;6748;6807;6.26;0.39;296.60;6.49;1144;14;2309.00;59
5606;13;21121551;5606;359;6750;6807;6.26;0.39;296.60;6.49;1144;14;2310.00;57
5608;13;21121565;5608;360;6752;6807;6.24;0.39;296.58;6.49;1144;14;2311.00;55
5610;13;21121578;5610;359;6752;6808;6.19;0.38;296.55;6.49;1142;14;2312.00;56
5614;13;21121591;5614;364;6754;6809;6.21;0.38;296.70;6.49;1140;14;2313.00;55
5619;13;21121604;5619;367;6754;6809;6.18;0.38;296.97;6.49;1135;14;2314.00;55
5621;14;21121618;5621;366;6757;6810;6.17;0.38;296.99;6.49;1136;15;2315.00;53
5624;14;21121642;5624;369;6759;6810;6.16;0.38;297.03;6.50;1135;15;2316.00;51
5626;14;21121655;5626;381;6760;6810;6.12;0.38;297.16;6.50;1134;15;2317.00;50
5631;14;21121668;5631;382;6760;6810;6.11;0.37;297.37;6.50;1129;15;2318.00;50
5632;14;21121682;5632;389;6766;6814;6.09;0.37;297.44;6.50;1134;15;2319.00;48
5633;14;21121696;5633;400;6767;6814;6.05;0.37;297.54;6.50;1134;15;2320.00;47
5636;14;21121709;5636;404;6769;6814;6.01;0.37;297.55;6.50;1133;15;2321.00;45
5637;14;21121723;5637;398;6771;6817;6.01;0.37;297.63;6.51;1134;15;2322.00;46
5640;14;21121738;5640;392;6773;6817;6.01;0.37;297.68;6.51;1133;15;2323.00;44
5644;14;21121753;5644;388;6773;6817;6.04;0.37;297.75;6.51;1129;15;2324.00;44
5646;14;21121768;5646;389;6776;6821;6.10;0.37;297.83;6.51;1130;15;2325.00;45
5649;14;21121781;5649;387;6778;6822;6.14;0.38;297.92;6.51;1129;15;2326.00;44
5652;14;21121814;5652;390;6778;6822;6.20;0.38;298.03;6.51;1126;15;2327.00;44
5654;14;21121833;5654;386;6780;6826;6.24;0.38;297.98;6.51;1126;15;2328.00;46
5656;14;21121852;5656;392;6782;6826;6.24;0.38;298.10;6.51;1126;15;2329.00;44
5659;14;21121866;5659;397;6782;6826;6.26;0.38;298.19;6.51;1123;15;2330.00;44
5663;14;21121885;5663;389;6784;6827;6.27;0.38;298.27;6.51;1121;15;2331.00;43
5666;14;21121899;5666;387;6784;6827;6.33;0.38;298.32;6.51;1118;15;2332.00;43
5669;14;21121913;5669;388;6788;6833;6.36;0.39;298.39;6.51;1119;15;2333.00;45
5671;14;21121926;5671;383;6790;6833;6.37;0.39;298.42;6.52;1119;15;2334.00;43
5672;14;21121939;5672;385;6791;6834;6.38;0.39;298.48;6.52;1119;15;2335.00;43
5676;14;21121952;5676;394;6793;6834;6.37;0.39;298.66;6.52;1117;15;2336.00;41
5679;14;21121966;5679;390;6794;6834;6.41;0.39;298.84;6.52;1115;15;2337.00;40
5682;14;21121979;5682;391;6795;6834;6.44;0.39;298.86;6.52;1113;15;2338.00;39
5684;14;21121991;5684;397;6796;6834;6.45;0.39;298.85;6.52;1112;15;2339.00;38
5686;14;21122006;5686;412;6822;6870;6.46;0.39;298.85;6.50;1136;15;2340.00;48
5689;14;21122021;5689;411;6822;6870;6.44;0.39;298.86;6.50;1133;15;2341.00;48
5691;14;21122034;5691;408;6827;6870;6.42;0.39;298.92;6.49;1136;15;2342.00;43
5694;14;21122049;5694;406;6827;6870;6.43;0.39;299.04;6.49;1133;15;2343.00;43
5695;14;21122062;5695;409;6828;6870;6.44;0.39;299.02;6.49;1133;15;2344.00;42
5700;14;21122075;5700;412;6828;6870;6.38;0.39;299.09;6.49;1128;15;2345.00;42
5701;14;21122094;5701;417;6832;6874;6.32;0.39;299.14;6.49;1131;15;2346.00;42
5703;14;21122109;5703;407;6832;6874;6.26;0.38;299.13;6.49;1129;15;2347.00;42
5707;14;21122121;5707;415;6836;6878;6.21;0.38;299.25;6.49;1129;15;2348.00;42
5708;14;21122136;5708;420;6837;6879;6.21;0.38;299.23;6.49;1129;15;2349.00;42
5711;14;21122149;5711;420;6837;6879;6.21;0.38;299.30;6.49;1126;15;2350.00;42
5714;14;21122162;5714;419;6837;6879;6.24;0.38;299.32;6.49;1123;15;2351.00;42
5716;14;21122175;5716;420;6847;6892;6.29;0.38;299.40;6.48;1131;15;2352.00;45
5719;14;21122189;5719;414;6848;6892;6.33;0.38;299.42;6.48;1129;15;2353.00;44
5722;14;21122202;5722;421;6848;6892;6.35;0.38;299.52;6.48;1126;15;2354.00;44
5723;14;21122220;5723;420;6849;6893;6.33;0.38;299.48;6.48;1126;15;2355.00;44
5727;14;21122234;5727;424;6849;6894;6.36;0.39;299.55;6.48;1122;15;2356.00;45
5727;14;21122247;5727;422;6849;6894;6.39;0.39;299.55;6.48;1122;15;2357.00;45
5728;14;21122259;5728;429;6851;6897;6.34;0.38;299.56;6.47;1123;15;2358.00;46
5728;14;21122277;5728;430;6851;6897;6.35;0.39;299.56;6.47;1123;15;2359.00;46
5734;14;21122292;5734;422;6852;6897;6.33;0.38;299.79;6.47;1118;15;2360.00;45
5736;14;21122305;5736;426;6852;6897;6.28;0.38;299.85;6.47;1116;15;2361.00;45
5739;14;21122317;5739;433;6857;6903;6.26;0.38;300.06;6.47;1118;15;2362.00;46
5741;14;21122335;5741;437;6857;6903;6.22;0.38;300.12;6.47;1116;15;2363.00;46
5746;14;21122348;5746;441;6857;6903;6.16;0.37;300.10;6.47;1111;15;2364.00;46
5750;14;21122360;5750;439;6857;6903;6.07;0.37;300.08;6.47;1107;15;2365.00;46
5752;14;21122372;5752;428;6860;6907;6.01;0.37;300.05;6.47;1108;15;2366.00;47
5757;14;21122384;5757;428;6861;6908;5.96;0.36;300.23;6.47;1104;15;2367.00;47
5758;14;21122396;5758;430;6861;6908;5.93;0.36;300.21;6.47;1103;15;2368.00;47
5760;14;21122408;5760;427;6862;6909;5.90;0.36;300.23;6.46;1102;15;2369.00;47
5762;14;21122423;5762;425;6862;6909;5.87;0.36;300.25;6.46;1100;15;2370.00;47
5763;14;21122435;5763;429;6862;6909;5.85;0.36;300.29;6.46;1099;15;2371.00;47
5767;14;21122447;5767;427;6862;6909;5.83;0.35;300.41;6.46;1095;15;2372.00;47
5770;14;21122459;5770;423;6862;6909;5.82;0.35;300.40;6.46;1092;15;2373.00;47
5774;14;21122476;5774;423;6862;6909;5.80;0.35;300.50;6.46;1088;15;2374.00;47
5778;14;21122488;5778;426;6862;6909;5.77;0.35;300.62;6.46;1084;15;2375.00;47
5779;14;21122500;5779;439;6898;6979;5.87;0.36;300.65;6.43;1119;15;2376.00;81
5781;14;21122518;5781;431;6900;6980;5.83;0.36;300.72;6.43;1119;15;2377.00;80
5781;14;21122530;5781;432;6906;6980;5.92;0.36;300.72;6.43;1125;15;2378.00;74
5784;14;21122542;5784;432;6906;6980;5.89;0.36;300.82;6.43;1122;15;2379.00;74
5786;14;21122554;5786;424;6909;6980;5.85;0.36;300.88;6.45;1123;15;2380.00;71
5789;14;21122567;5789;413;6910;6980;5.78;0.35;301.05;6.45;1121;15;2381.00;70
5792;14;21122578;5792;403;6912;6980;5.74;0.35;301.03;6.45;1120;15;2382.00;68
5796;14;21122591;5796;403;6916;6980;5.70;0.35;301.07;6.45;1120;15;2383.00;64
5801;14;21122602;5801;404;6917;6981;5.66;0.35;301.15;6.45;1116;15;2384.00;64
5802;14;21122614;5802;412;6919;6983;5.63;0.34;301.14;6.45;1117;15;2385.00;64
5803;14;21122626;5803;414;6921;6983;5.60;0.34;301.11;6.45;1118;15;2386.00;62
5805;14;21122637;5805;412;6925;6987;5.55;0.34;301.19;6.45;1120;15;2387.00;62
5807;14;21122649;5807;410;6927;6987;5.57;0.34;301.14;6.45;1120;15;2388.00;60
5812;14;21122660;5812;412;6928;6987;5.52;0.34;301.14;6.45;1116;15;2389.00;59
5815;14;21122672;5815;411;6928;6987;5.49;0.34;301.04;6.45;1113;15;2390.00;59
5818;14;21122683;5818;411;6933;6993;5.54;0.34;301.02;6.45;1115;15;2391.00;60
5819;14;21122695;5819;419;6933;6993;5.54;0.34;300.98;6.45;1114;15;2392.00;60
5821;14;21122707;5821;415;6935;6993;5.56;0.34;300.97;6.46;1114;15;2393.00;58
5822;14;21122719;5822;410;6937;6996;5.57;0.34;300.93;6.46;1115;15;2394.00;59
5822;14;21122731;5822;411;6939;6996;5.59;0.34;300.93;6.46;1117;15;2395.00;57
5825;14;21122743;5825;406;6940;6996;5.62;0.34;300.92;6.45;1115;15;2396.00;56
5829;14;21122754;5829;405;6940;6997;5.60;0.34;300.95;6.45;1111;15;2397.00;57
5830;14;21122766;5830;404;6941;6998;5.56;0.34;300.91;6.45;1111;15;2398.00;57
5834;14;21122777;5834;400;6941;6998;5.52;0.34;300.80;6.45;1107;15;2399.00;57
5834;14;21122793;5834;421;6966;7057;5.52;0.34;300.80;6.43;1132;15;2400.00;91
5837;14;21122814;5837;408;6971;7057;5.46;0.33;300.70;6.46;1134;15;2401.00;86
5839;14;21122826;5839;413;6974;7057;5.45;0.33;300.75;6.46;1135;15;2402.00;83
5840;14;21122838;5840;421;6978;7058;5.44;0.33;300.71;6.46;1138;15;2403.00;80
5841;14;21122850;5841;419;6979;7058;5.45;0.33;300.67;6.46;1138;15;2404.00;79
5845;14;21122862;5845;420;6985;7062;5.44;0.33;300.60;6.51;1140;15;2405.00;77
5848;14;21122874;5848;427;6987;7062;5.44;0.33;300.57;6.51;1139;15;2406.00;75
5849;14;21122887;5849;433;6992;7066;5.42;0.33;300.55;6.57;1143;15;2407.00;74
5851;14;21122899;5851;438;6992;7066;5.41;0.33;300.57;6.57;1141;15;2408.00;74
5851;14;21122910;5851;447;6994;7066;5.45;0.33;300.57;6.60;1143;15;2409.00;72
5854;14;21122921;5854;446;6994;7066;5.40;0.33;300.55;6.60;1140;15;2410.00;72
5856;14;21122932;5856;448;6996;7066;5.38;0.33;300.55;6.62;1140;15;2411.00;70
5859;14;21122943;5859;456;7007;7078;5.39;0.33;300.54;6.65;1148;15;2412.00;71
5863;14;21122957;5863;456;7007;7078;5.33;0.32;300.49;6.65;1144;15;2413.00;71
5863;14;21122974;5863;457;7009;7078;5.34;0.33;300.49;6.67;1146;15;2414.00;69
5865;14;21122986;5865;467;7010;7078;5.30;0.32;300.46;6.68;1145;15;2415.00;68
5867;14;21122997;5867;465;7010;7078;5.29;0.32;300.41;6.68;1143;15;2416.00;68
5868;14;21123009;5868;466;7013;7078;5.25;0.32;300.40;6.71;1145;15;2417.00;65
5870;14;21123020;5870;469;7014;7079;5.17;0.32;300.38;6.71;1144;15;2418.00;65
5870;14;21123032;5870;473;7014;7079;5.14;0.31;300.38;6.71;1144;15;2419.00;65
5870;14;21123043;5870;479;7018;7085;5.11;0.31;300.38;6.70;1148;15;2420.00;67
5871;14;21123056;5871;486;7021;7086;5.02;0.31;300.33;6.73;1150;15;2421.00;65
5872;14;21123068;5872;473;7021;7086;4.95;0.30;300.31;6.73;1149;15;2422.00;65
5874;14;21123079;5874;466;7024;7086;4.87;0.30;300.28;6.76;1150;15;2423.00;62
5875;14;21123091;5875;456;7027;7090;4.85;0.30;300.23;6.76;1152;15;2424.00;63
5877;14;21123104;5877;448;7030;7090;4.83;0.30;300.16;6.81;1153;15;2425.00;60
5879;14;21123115;5879;440;7032;7090;4.87;0.30;300.08;6.82;1153;15;2426.00;58
5879;14;21123127;5879;442;7036;7091;4.92;0.30;300.08;6.87;1157;15;2427.00;55
5880;14;21123140;5880;430;7039;7095;4.99;0.31;300.05;6.86;1159;15;2428.00;56
5882;14;21123154;5882;429;7041;7095;5.01;0.31;300.04;6.87;1159;15;2429.00;54
5883;14;21123168;5883;421;7048;7101;5.06;0.31;300.03;6.91;1165;15;2430.00;53
5885;14;21123188;5885;416;7048;7101;5.08;0.31;299.96;6.91;1163;15;2431.00;53
5886;14;21123200;5886;421;7051;7101;5.11;0.31;300.06;6.95;1165;15;2432.00;50
5887;14;21123211;5887;421;7052;7101;5.15;0.32;300.05;6.95;1165;15;2433.00;49
5887;14;21123224;5887;414;7056;7105;5.20;0.32;300.05;6.95;1169;15;2434.00;49
5889;14;21123236;5889;414;7058;7105;5.22;0.32;300.03;6.99;1169;15;2435.00;47
5892;14;21123247;5892;420;7058;7105;5.23;0.32;300.00;6.99;1166;15;2436.00;47
5894;14;21123259;5894;420;7058;7105;5.23;0.32;300.05;6.99;1164;15;2437.00;47
5898;14;21123272;5898;429;7060;7106;5.22;0.32;300.03;7.03;1162;15;2438.00;46
5899;14;21123283;5899;438;7062;7107;5.25;0.32;300.03;7.04;1163;15;2439.00;45
5900;14;21123296;5900;442;7064;7107;5.20;0.32;300.00;7.07;1164;15;2440.00;43
5903;14;21123308;5903;445;7066;7108;5.18;0.32;300.04;7.09;1163;15;2441.00;42
5910;14;21123320;5910;441;7067;7108;5.07;0.31;300.01;7.11;1157;15;2442.00;41
5913;14;21123331;5913;450;7067;7108;5.01;0.31;300.03;7.11;1154;15;2443.00;41
5915;14;21123342;5915;448;7069;7108;4.98;0.30;300.01;7.15;1154;15;2444.00;39
5920;14;21123353;5920;448;7070;7108;4.94;0.30;300.06;7.15;1150;15;2445.00;38
5923;14;21123365;5923;444;7070;7108;4.93;0.30;300.07;7.15;1147;15;2446.00;38
5928;14;21123376;5928;446;7072;7108;4.89;0.30;300.16;7.19;1144;15;2447.00;36
5931;14;21123387;5931;470;7139;7235;5.13;0.32;300.23;7.13;1208;15;2448.00;96
5935;14;21123408;5935;461;7143;7236;5.10;0.32;300.41;7.16;1208;15;2449.00;93
5938;14;21123419;5938;435;7151;7236;5.17;0.32;300.38;7.16;1213;15;2450.00;85
5942;14;21123431;5942;433;7155;7236;5.23;0.32;300.56;7.16;1213;15;2451.00;81
5944;14;21123443;5944;413;7164;7236;5.28;0.33;300.64;7.19;1220;15;2452.00;72
5945;14;21123454;5945;405;7167;7236;5.29;0.33;300.65;7.18;1222;15;2453.00;69
5950;14;21123471;5950;405;7171;7236;5.26;0.33;300.74;7.18;1221;15;2454.00;65
5953;14;21123482;5953;404;7174;7236;5.25;0.32;300.86;7.18;1221;15;2455.00;62
5957;14;21123495;5957;401;7177;7237;5.23;0.32;300.97;7.19;1220;15;2456.00;60
5961;14;21123509;5961;399;7179;7238;5.20;0.32;301.16;7.19;1218;15;2457.00;59
5963;14;21123521;5963;406;7182;7238;5.21;0.32;301.16;7.19;1219;15;2458.00;56
5969;14;21123533;5969;402;7182;7239;5.19;0.32;301.19;7.19;1213;15;2459.00;57
5970;14;21123548;5970;397;7184;7239;5.20;0.32;301.32;7.19;1214;15;2460.00;55
5975;14;21123560;5975;400;7185;7239;5.15;0.32;301.45;7.19;1210;15;2461.00;54
5979;14;21123573;5979;400;7188;7239;5.10;0.31;301.61;7.20;1209;15;2462.00;51
5982;14;21123586;5982;397;7192;7243;5.13;0.32;301.73;7.20;1210;15;2463.00;51
5986;14;21123599;5986;392;7193;7243;5.16;0.32;301.83;7.20;1207;15;2464.00;50
5989;14;21123612;5989;390;7194;7243;5.21;0.32;301.83;7.20;1205;15;2465.00;49
5995;14;21123625;5995;392;7194;7246;5.26;0.32;301.86;7.20;1199;15;2466.00;52
5996;14;21123638;5996;399;7198;7246;5.28;0.33;301.89;7.22;1202;15;2467.00;48
6003;14;21123651;6003;397;7199;7246;5.30;0.33;302.15;7.22;1196;15;2468.00;47
6005;14;21123664;6005;398;7204;7250;5.34;0.33;302.29;7.23;1199;15;2469.00;46
6011;14;21123677;6011;400;7206;7251;5.32;0.33;302.47;7.23;1195;15;2470.00;45
6016;14;21123690;6016;402;7206;7251;5.30;0.32;302.50;7.23;1190;15;2471.00;45
6018;14;21123703;6018;399;7209;7255;5.33;0.33;302.52;7.23;1191;15;2472.00;46
6022;14;21123716;6022;412;7209;7255;5.37;0.33;302.47;7.23;1187;15;2473.00;46
6026;14;21123730;6026;409;7209;7255;5.37;0.33;302.52;7.23;1183;15;2474.00;46
6031;14;21123742;6031;408;7211;7257;5.42;0.33;302.49;7.23;1180;15;2475.00;46
6034;14;21123757;6034;407;7211;7257;5.49;0.34;302.54;7.23;1177;15;2476.00;46
6037;14;21123769;6037;410;7215;7263;5.49;0.34;302.53;7.23;1178;15;2477.00;48
6038;14;21123789;6038;402;7217;7263;5.53;0.34;302.57;7.23;1179;15;2478.00;46
6041;14;21123801;6041;401;7217;7264;5.53;0.34;302.55;7.23;1176;15;2479.00;47
6043;14;21123814;6043;399;7218;7264;5.53;0.34;302.64;7.23;1175;15;2480.00;46
6046;14;21123826;6046;393;7218;7264;5.47;0.34;302.76;7.23;1172;15;2481.00;46
6051;14;21123839;6051;395;7218;7264;5.47;0.34;302.81;7.23;1167;15;2482.00;46
6053;14;21123852;6053;398;7218;7264;5.50;0.34;302.93;7.23;1165;15;2483.00;46
6056;14;21123871;6056;400;7225;7276;5.56;0.34;303.01;7.22;1169;15;2484.00;51
6062;14;21123884;6062;408;7225;7276;5.55;0.34;303.07;7.22;1163;15;2485.00;51
6064;14;21123898;6064;410;7226;7276;5.61;0.34;303.22;7.22;1162;15;2486.00;50
6068;14;21123911;6068;410;7226;7276;5.65;0.35;303.31;7.22;1158;15;2487.00;50
6072;14;21123924;6072;411;7227;7276;5.69;0.35;303.35;7.23;1155;15;2488.00;49
6073;14;21123937;6073;409;7227;7276;5.74;0.35;303.39;7.23;1154;15;2489.00;49
6078;14;21123951;6078;406;7230;7280;5.79;0.35;303.47;7.22;1152;15;2490.00;50
6085;14;21123965;6085;420;7231;7280;5.77;0.35;303.62;7.23;1146;15;2491.00;49
6090;14;21123977;6090;424;7234;7284;5.73;0.35;303.57;7.22;1144;15;2492.00;50
6092;14;21123991;6092;424;7235;7285;5.69;0.35;303.55;7.22;1143;15;2493.00;50
6099;14;21124003;6099;428;7236;7285;5.58;0.34;303.71;7.22;1137;15;2494.00;49
6101;14;21124016;6101;426;7236;7285;5.54;0.34;303.69;7.22;1135;15;2495.00;49
6104;14;21124028;6104;437;7247;7298;5.50;0.34;303.77;7.22;1143;15;2496.00;51
6106;14;21124041;6106;427;7248;7298;5.48;0.33;303.80;7.22;1142;15;2497.00;50
6112;14;21124056;6112;426;7248;7298;5.50;0.33;304.01;7.22;1136;15;2498.00;50
6115;14;21124069;6115;428;7248;7299;5.52;0.34;304.11;7.22;1133;15;2499.00;51
6116;14;21124083;6116;421;7249;7300;5.59;0.34;304.12;7.22;1133;15;2500.00;51
6119;14;21124100;6119;422;7249;7300;5.67;0.34;304.25;7.22;1130;15;2501.00;51
6122;14;21124113;6122;422;7251;7303;5.71;0.35;304.30;7.22;1129;15;2502.00;52
6123;14;21124127;6123;421;7251;7303;5.74;0.35;304.26;7.22;1128;15;2503.00;52
6127;14;21124141;6127;423;7252;7303;5.70;0.35;304.36;7.22;1125;15;2504.00;51
6129;14;21124156;6129;432;7255;7303;5.69;0.35;304.49;7.23;1126;15;2505.00;48
6133;14;21124168;6133;428;7259;7309;5.69;0.35;304.58;7.22;1126;15;2506.00;50
6135;14;21124182;6135;429;7262;7309;5.71;0.35;304.59;7.22;1127;15;2507.00;47
6139;14;21124195;6139;427;7262;7309;5.75;0.35;304.74;7.22;1123;15;2508.00;47
6142;14;21124209;6142;428;7263;7309;5.76;0.35;304.94;7.22;1121;15;2509.00;46
6144;14;21124222;6144;430;7266;7313;5.78;0.35;305.06;7.22;1122;15;2510.00;47
6147;14;21124236;6147;428;7267;7314;5.77;0.35;305.24;7.22;1120;15;2511.00;47
6149;14;21124255;6149;437;7267;7314;5.79;0.35;305.22;7.22;1118;15;2512.00;47
6152;14;21124269;6152;439;7268;7315;5.76;0.35;305.32;7.22;1116;15;2513.00;47
6152;14;21124282;6152;438;7268;7315;5.77;0.35;305.32;7.22;1116;15;2514.00;47
6156;14;21124295;6156;448;7268;7315;5.78;0.35;305.46;7.22;1112;15;2515.00;47
6158;14;21124308;6158;449;7268;7315;5.78;0.35;305.60;7.22;1110;15;2516.00;47
6160;14;21124320;6160;443;7268;7315;5.76;0.35;305.64;7.22;1108;15;2517.00;47
6164;14;21124333;6164;446;7268;7315;5.76;0.35;305.86;7.22;1104;15;2518.00;47
6166;14;21124345;6166;443;7268;7315;5.74;0.35;305.94;7.22;1102;15;2519.00;47
6169;14;21124359;6169;471;7340;7440;5.71;0.35;305.92;7.15;1171;15;2520.00;100
6172;14;21124380;6172;455;7341;7441;5.75;0.35;305.97;7.15;1169;15;2521.00;100
6173;14;21124395;6173;438;7347;7441;5.78;0.36;306.03;7.14;1174;15;2522.00;94
6176;14;21124408;6176;436;7347;7441;5.82;0.36;306.19;7.14;1171;15;2523.00;94
6178;14;21124421;6178;431;7351;7441;5.84;0.36;306.21;7.14;1173;15;2524.00;90
6183;14;21124433;6183;434;7352;7441;5.78;0.36;306.34;7.14;1169;15;2525.00;89
6186;14;21124446;6186;429;7358;7441;5.76;0.35;306.39;7.14;1172;15;2526.00;83
6189;14;21124459;6189;430;7362;7441;5.72;0.35;306.51;7.14;1173;15;2527.00;79
6192;14;21124472;6192;437;7368;7442;5.69;0.35;306.62;7.14;1176;15;2528.00;74
6195;14;21124484;6195;441;7370;7443;5.65;0.35;306.67;7.14;1175;15;2529.00;73
6195;14;21124497;6195;444;7372;7443;5.60;0.34;306.67;7.14;1177;15;2530.00;71
6199;14;21124509;6199;451;7378;7447;5.52;0.34;306.61;7.14;1179;15;2531.00;69
6201;14;21124551;6201;450;7379;7447;5.43;0.33;306.59;7.14;1178;15;2532.00;68
6204;14;21124570;6204;450;7384;7447;5.33;0.33;306.58;7.14;1180;15;2533.00;63
6205;14;21124583;6205;461;7384;7447;5.28;0.32;306.59;7.14;1179;15;2534.00;63
6206;14;21124596;6206;465;7387;7453;5.23;0.32;306.58;7.14;1181;15;2535.00;66
6207;14;21124609;6207;472;7389;7453;5.23;0.32;306.59;7.14;1182;15;2536.00;64
6208;14;21124622;6208;478;7390;7455;5.21;0.32;306.70;7.14;1182;15;2537.00;65
6209;14;21124635;6209;481;7393;7458;5.16;0.32;306.70;7.14;1184;15;2538.00;65
6211;14;21124649;6211;489;7395;7458;5.10;0.31;306.73;7.14;1184;15;2539.00;63
6213;14;21124663;6213;489;7395;7458;5.05;0.31;306.72;7.14;1182;15;2540.00;63
6214;14;21124677;6214;489;7395;7459;5.06;0.31;306.74;7.14;1181;15;2541.00;64
6217;14;21124691;6217;484;7396;7460;5.05;0.31;306.77;7.14;1179;15;2542.00;64
6221;14;21124704;6221;481;7397;7460;5.06;0.31;306.81;7.14;1176;15;2543.00;63
6223;14;21124718;6223;491;7409;7473;5.05;0.31;306.81;7.13;1186;15;2544.00;64
6225;14;21124731;6225;480;7409;7473;5.11;0.31;306.81;7.13;1184;15;2545.00;64
6227;14;21124745;6227;481;7409;7473;5.13;0.31;306.78;7.13;1182;15;2546.00;64
6230;14;21124758;6230;478;7410;7474;5.19;0.32;306.84;7.13;1180;15;2547.00;64
6232;14;21124771;6232;477;7410;7474;5.25;0.32;306.85;7.13;1178;15;2548.00;64
6235;14;21124784;6235;473;7413;7478;5.31;0.33;306.86;7.13;1178;15;2549.00;65
6237;14;21124800;6237;472;7415;7481;5.31;0.33;306.82;7.13;1178;15;2550.00;66
6241;14;21124815;6241;474;7418;7485;5.26;0.32;306.83;7.12;1177;15;2551.00;67
6243;14;21124828;6243;475;7419;7485;5.18;0.32;306.77;7.12;1176;15;2552.00;66
6248;14;21124839;6248;483;7419;7485;5.06;0.31;306.73;7.12;1171;15;2553.00;66
6250;14;21124851;6250;479;7419;7485;4.98;0.31;306.68;7.12;1169;15;2554.00;66
6251;14;21124862;6251;484;7421;7485;4.91;0.30;306.70;7.18;1170;15;2555.00;64
6255;14;21124875;6255;484;7431;7497;4.87;0.30;306.64;7.17;1176;15;2556.00;66
6258;14;21124889;6258;484;7432;7497;4.84;0.30;306.66;7.17;1174;15;2557.00;65
6261;14;21124900;6261;483;7432;7497;4.79;0.29;306.77;7.17;1171;15;2558.00;65
6266;14;21124912;6266;484;7432;7497;4.75;0.29;306.84;7.17;1166;15;2559.00;65
6267;14;21124924;6267;485;7432;7497;4.76;0.29;306.82;7.17;1165;15;2560.00;65
6268;14;21124936;6268;486;7432;7497;4.80;0.29;306.81;7.17;1164;15;2561.00;65
6269;14;21124948;6269;483;7432;7498;4.82;0.30;306.81;7.17;1163;15;2562.00;66
6272;14;21124960;6272;480;7433;7498;4.86;0.30;306.78;7.17;1161;15;2563.00;65
6275;14;21124971;6275;474;7437;7504;4.94;0.30;306.67;7.17;1162;15;2564.00;67
6277;14;21124983;6277;471;7439;7506;4.97;0.30;306.72;7.17;1162;15;2565.00;67
6280;14;21124994;6280;474;7439;7506;4.96;0.30;306.66;7.17;1159;15;2566.00;67
6284;14;21125007;6284;478;7439;7506;4.96;0.30;306.56;7.17;1155;15;2567.00;67
6287;14;21125019;6287;475;7442;7510;5.02;0.31;306.58;7.17;1155;15;2568.00;68
6291;14;21125030;6291;480;7442;7510;5.02;0.31;306.47;7.17;1151;15;2569.00;68
6292;14;21125042;6292;481;7442;7510;5.03;0.31;306.45;7.17;1150;15;2570.00;68
6292;14;21125053;6292;475;7443;7511;5.02;0.31;306.45;7.17;1151;15;2571.00;68
6294;14;21125064;6294;475;7446;7515;4.99;0.30;306.42;7.16;1152;15;2572.00;69
6294;14;21125076;6294;478;7447;7515;4.95;0.30;306.42;7.17;1153;15;2573.00;68
6298;14;21125088;6298;471;7450;7518;4.93;0.30;306.41;7.17;1152;15;2574.00;68
6298;14;21125099;6298;474;7451;7518;4.95;0.30;306.41;7.17;1153;15;2575.00;67
6299;14;21125110;6299;478;7452;7518;4.92;0.30;306.37;7.18;1153;15;2576.00;66
6301;14;21125121;6301;482;7453;7518;4.85;0.29;306.38;7.18;1152;15;2577.00;65
6301;14;21125132;6301;484;7457;7522;4.86;0.29;306.38;7.18;1156;15;2578.00;65
6302;14;21125143;6302;471;7459;7522;4.77;0.29;306.36;7.21;1157;15;2579.00;63
6302;14;21125157;6302;467;7459;7522;4.73;0.29;306.36;7.21;1157;15;2580.00;63
6303;14;21125170;6303;467;7459;7522;4.75;0.29;306.34;7.21;1156;15;2581.00;63
6306;14;21125183;6306;473;7459;7523;4.79;0.29;306.43;7.21;1153;15;2582.00;64
6307;14;21125197;6307;463;7461;7524;4.81;0.29;306.39;7.24;1154;15;2583.00;63
6307;14;21125212;6307;463;7461;7524;4.83;0.30;306.39;7.24;1154;15;2584.00;63
6308;14;21125224;6308;463;7463;7525;4.89;0.30;306.37;7.27;1155;15;2585.00;62
6308;14;21125243;6308;465;7465;7525;4.94;0.30;306.37;7.33;1157;15;2586.00;60
6310;14;21125255;6310;465;7466;7525;4.99;0.31;306.34;7.36;1156;15;2587.00;59
6312;14;21125267;6312;465;7466;7525;5.03;0.31;306.32;7.36;1154;15;2588.00;59
6315;14;21125279;6315;461;7468;7525;5.05;0.31;306.28;7.42;1153;15;2589.00;57
6315;14;21125292;6315;463;7468;7525;5.10;0.31;306.28;7.42;1153;15;2590.00;57
6319;14;21125305;6319;464;7468;7525;5.11;0.31;306.21;7.42;1149;15;2591.00;57
6319;14;21125317;6319;480;7536;7652;5.42;0.34;306.21;7.41;1217;15;2592.00;116
6320;14;21125339;6320;478;7540;7653;5.44;0.34;306.21;7.41;1220;15;2593.00;113
6322;14;21125352;6322;475;7549;7653;5.48;0.34;306.25;7.46;1227;15;2594.00;104
6324;14;21125364;6324;478;7555;7653;5.53;0.34;306.20;7.48;1231;15;2595.00;98
6325;14;21125377;6325;470;7563;7653;5.56;0.35;306.16;7.50;1238;15;2596.00;90
6327;14;21125389;6327;468;7565;7653;5.57;0.35;306.13;7.50;1238;15;2597.00;88
6329;14;21125401;6329;468;7567;7653;5.53;0.34;306.18;7.50;1238;15;2598.00;86
6329;14;21125414;6329;463;7571;7653;5.53;0.34;306.18;7.55;1242;15;2599.00;82
6331;14;21125427;6331;461;7573;7654;5.51;0.34;306.13;7.55;1242;15;2600.00;81
6332;14;21125444;6332;457;7579;7655;5.54;0.34;306.11;7.61;1247;15;2601.00;76
6334;14;21125457;6334;454;7581;7655;5.55;0.34;306.06;7.61;1247;15;2602.00;74
6335;14;21125469;6335;451;7584;7656;5.54;0.34;306.03;7.61;1249;15;2603.00;72
6337;14;21125482;6337;451;7585;7656;5.57;0.34;306.11;7.61;1248;15;2604.00;71
6339;14;21125494;6339;453;7587;7656;5.57;0.34;306.10;7.61;1248;15;2605.00;69
6345;14;21125507;6345;451;7592;7656;5.54;0.34;306.14;7.69;1247;15;2606.00;64
6348;14;21125522;6348;449;7597;7660;5.54;0.34;306.30;7.68;1249;15;2607.00;63
6350;14;21125537;6350;451;7601;7660;5.48;0.34;306.31;7.75;1251;15;2608.00;59
6354;14;21125549;6354;457;7604;7660;5.45;0.33;306.29;7.76;1250;15;2609.00;56
6356;14;21125563;6356;452;7608;7666;5.45;0.34;306.39;7.78;1252;15;2610.00;58
6359;14;21125578;6359;457;7610;7666;5.44;0.33;306.41;7.78;1251;15;2611.00;56
6361;14;21125591;6361;460;7613;7666;5.42;0.33;306.48;7.79;1252;15;2612.00;53
6364;14;21125603;6364;471;7618;7670;5.38;0.33;306.46;7.81;1254;15;2613.00;52
6368;14;21125616;6368;466;7619;7671;5.29;0.32;306.48;7.81;1251;15;2614.00;52
6371;14;21125629;6371;468;7620;7671;5.27;0.32;306.44;7.81;1249;15;2615.00;51
6377;14;21125642;6377;475;7624;7675;5.22;0.32;306.40;7.81;1247;15;2616.00;51
6380;14;21125655;6380;487;7626;7675;5.16;0.32;306.44;7.81;1246;15;2617.00;49
6386;14;21125667;6386;496;7626;7675;5.09;0.31;306.46;7.81;1240;15;2618.00;49
6387;14;21125680;6387;499;7626;7676;5.09;0.31;306.46;7.81;1239;15;2619.00;50
6391;14;21125692;6391;497;7627;7676;5.04;0.31;306.53;7.81;1236;15;2620.00;49
6392;14;21125704;6392;502;7631;7682;5.06;0.31;306.57;7.80;1239;15;2621.00;51
6394;14;21125718;6394;500;7631;7682;5.02;0.31;306.53;7.80;1237;15;2622.00;51
6399;14;21125730;6399;501;7631;7683;4.94;0.30;306.66;7.80;1232;15;2623.00;52
6401;14;21125744;6401;508;7631;7683;4.89;0.30;306.59;7.80;1230;15;2624.00;52
6404;14;21125756;6404;500;7631;7683;4.86;0.30;306.69;7.80;1227;15;2625.00;52
6408;14;21125770;6408;488;7631;7683;4.81;0.29;306.79;7.80;1223;15;2626.00;52
6413;14;21125783;6413;472;7631;7683;4.79;0.29;306.86;7.80;1218;15;2627.00;52
6417;14;21125795;6417;472;7640;7695;4.81;0.29;307.03;7.80;1223;15;2628.00;55
6419;14;21125808;6419;465;7640;7695;4.85;0.30;307.06;7.80;1221;15;2629.00;55
6422;14;21125821;6422;454;7640;7695;4.92;0.30;307.14;7.80;1218;15;2630.00;55
6425;14;21125834;6425;440;7640;7695;5.00;0.30;307.28;7.80;1215;15;2631.00;55
6428;14;21125847;6428;425;7640;7695;5.08;0.31;307.30;7.80;1212;15;2632.00;55
6433;14;21125861;6433;410;7640;7695;5.17;0.31;307.48;7.80;1207;15;2633.00;55
6436;14;21125874;6436;400;7643;7699;5.26;0.32;307.64;7.79;1207;15;2634.00;56
6439;14;21125887;6439;394;7643;7699;5.36;0.33;307.66;7.79;1204;15;2635.00;56
6443;14;21125906;6443;390;7646;7703;5.46;0.33;307.90;7.79;1203;15;2636.00;57
6448;14;21125919;6448;386;7646;7704;5.49;0.33;308.03;7.79;1198;15;2637.00;58
6449;14;21125932;6449;388;7646;7704;5.54;0.34;308.03;7.79;1197;15;2638.00;58
6453;14;21125946;6453;388;7646;7704;5.57;0.34;308.20;7.79;1193;15;2639.00;58
6455;14;21125961;6455;395;7668;7733;5.65;0.34;308.18;7.77;1213;15;2640.00;65
6457;14;21125977;6457;386;7669;7733;5.69;0.35;308.30;7.77;1212;15;2641.00;64
6458;14;21125992;6458;390;7671;7733;5.73;0.35;308.41;7.76;1213;15;2642.00;62
6459;14;21126005;6459;393;7672;7734;5.78;0.35;308.37;7.76;1213;15;2643.00;62
6465;14;21126018;6465;396;7673;7735;5.78;0.35;308.54;7.76;1208;15;2644.00;62
6467;14;21126033;6467;396;7674;7735;5.81;0.35;308.61;7.77;1207;15;2645.00;61
6472;14;21126046;6472;403;7676;7738;5.85;0.36;308.71;7.77;1204;15;2646.00;62
6475;14;21126061;6475;410;7677;7738;5.83;0.36;308.75;7.77;1202;15;2647.00;61
6479;14;21126075;6479;412;7678;7738;5.79;0.35;308.91;7.77;1199;15;2648.00;60
6482;14;21126089;6482;415;7679;7738;5.78;0.35;308.95;7.77;1197;15;2649.00;59
6489;14;21126103;6489;415;7684;7744;5.72;0.35;309.05;7.77;1195;15;2650.00;60
6496;14;21126117;6496;413;7685;7744;5.67;0.35;309.23;7.77;1189;15;2651.00;59
6501;14;21126132;6501;415;7686;7744;5.60;0.34;309.35;7.77;1185;15;2652.00;58
6504;14;21126145;6504;417;7687;7744;5.58;0.34;309.38;7.76;1183;15;2653.00;57
6512;14;21126158;6512;428;7690;7748;5.53;0.34;309.46;7.76;1178;15;2654.00;58
6516;14;21126178;6516;427;7692;7750;5.53;0.34;309.45;7.76;1176;15;2655.00;58
6518;14;21126191;6518;420;7692;7750;5.57;0.34;309.44;7.76;1174;15;2656.00;58
6522;14;21126205;6522;420;7693;7751;5.60;0.34;309.47;7.76;1171;15;2657.00;58
6526;14;21126218;6526;421;7693;7751;5.63;0.34;309.61;7.76;1167;15;2658.00;58
6530;14;21126231;6530;422;7693;7751;5.63;0.34;309.76;7.76;1163;15;2659.00;58
6538;14;21126245;6538;426;7693;7751;5.60;0.34;309.85;7.76;1155;15;2660.00;58
6539;14;21126259;6539;430;7693;7751;5.64;0.34;309.96;7.76;1154;15;2661.00;58
6541;14;21126273;6541;432;7693;7751;5.68;0.35;310.01;7.76;1152;15;2662.00;58
6547;14;21126286;6547;435;7693;7751;5.67;0.34;310.28;7.76;1146;15;2663.00;58
6549;14;21126302;6549;443;7732;7821;5.73;0.35;310.25;7.72;1183;15;2664.00;89
6553;14;21126321;6553;441;7733;7822;5.72;0.35;310.17;7.72;1180;15;2665.00;89
6556;14;21126336;6556;437;7737;7822;5.75;0.35;310.19;7.72;1181;15;2666.00;85
6558;14;21126349;6558;440;7737;7822;5.75;0.35;310.33;7.72;1179;15;2667.00;85
6559;14;21126363;6559;443;7739;7822;5.75;0.35;310.40;7.72;1180;15;2668.00;83
6562;14;21126377;6562;449;7741;7822;5.78;0.35;310.44;7.71;1179;15;2669.00;81
6563;14;21126392;6563;457;7743;7822;5.80;0.35;310.51;7.71;1180;15;2670.00;79
6565;14;21126405;6565;469;7745;7822;5.74;0.35;310.52;7.71;1180;15;2671.00;77
6566;14;21126418;6566;465;7746;7823;5.71;0.35;310.61;7.71;1180;15;2672.00;77
6568;14;21126432;6568;461;7748;7824;5.70;0.35;310.76;7.71;1180;15;2673.00;76
6570;14;21126446;6570;459;7750;7824;5.68;0.35;310.75;7.71;1180;15;2674.00;74
6574;14;21126459;6574;466;7754;7828;5.61;0.34;310.78;7.71;1180;15;2675.00;74
6575;14;21126472;6575;479;7756;7828;5.56;0.34;310.91;7.71;1181;15;2676.00;72
6578;14;21126485;6578;485;7757;7828;5.47;0.33;311.03;7.71;1179;15;2677.00;71
6582;14;21126498;6582;485;7758;7828;5.40;0.33;311.10;7.72;1176;15;2678.00;70
6583;14;21126511;6583;495;7764;7834;5.44;0.33;311.08;7.71;1181;15;2679.00;70
6585;14;21126525;6585;505;7765;7834;5.39;0.33;311.16;7.71;1180;15;2680.00;69
6587;14;21126537;6587;500;7766;7834;5.40;0.33;311.25;7.72;1179;15;2681.00;68
6591;14;21126550;6591;492;7768;7837;5.41;0.33;311.28;7.71;1177;15;2682.00;69
6595;14;21126563;6595;496;7771;7837;5.42;0.33;311.43;7.71;1176;15;2683.00;66
6598;14;21126582;6598;498;7772;7837;5.39;0.33;311.60;7.71;1174;15;2684.00;65
6600;14;21126601;6600;498;7772;7838;5.38;0.33;311.65;7.71;1172;15;2685.00;66
6604;14;21126615;6604;504;7773;7839;5.40;0.33;311.76;7.71;1169;15;2686.00;66
6606;14;21126629;6606;499;7773;7839;5.39;0.33;311.87;7.71;1167;15;2687.00;66
6609;14;21126642;6609;507;7784;7852;5.42;0.33;311.91;7.70;1175;15;2688.00;68
6611;14;21126656;6611;502;7785;7852;5.43;0.33;311.97;7.70;1174;15;2689.00;67
6612;14;21126669;6612;508;7785;7852;5.47;0.33;312.06;7.70;1173;15;2690.00;67
6616;14;21126682;6616;510;7786;7853;5.50;0.33;312.16;7.70;1170;15;2691.00;67
6618;14;21126696;6618;507;7786;7853;5.54;0.34;312.12;7.70;1168;15;2692.00;67
6624;14;21126709;6624;504;7790;7857;5.56;0.34;312.46;7.70;1166;15;2693.00;67
6627;14;21126724;6627;505;7790;7857;5.54;0.34;312.67;7.70;1163;15;2694.00;67
6628;14;21126737;6628;509;7793;7861;5.55;0.34;312.67;7.70;1165;15;2695.00;68
6633;14;21126751;6633;498;7793;7861;5.49;0.33;312.81;7.70;1160;15;2696.00;68
6634;14;21126764;6634;500;7793;7861;5.49;0.33;312.82;7.70;1159;15;2697.00;68
6637;14;21126777;6637;496;7793;7861;5.44;0.33;312.93;7.70;1156;15;2698.00;68
6639;14;21126789;6639;496;7793;7861;5.39;0.33;313.02;7.70;1154;15;2699.00;68
6643;14;21126803;6643;503;7820;7910;5.37;0.33;313.06;7.67;1177;15;2700.00;90
6645;14;21126824;6645;504;7820;7910;5.37;0.33;313.07;7.67;1175;15;2701.00;90
6646;14;21126836;6646;500;7824;7910;5.43;0.33;313.04;7.67;1178;15;2702.00;86
6647;14;21126849;6647;507;7824;7910;5.45;0.33;313.05;7.67;1177;15;2703.00;86
6650;14;21126861;6650;507;7827;7910;5.44;0.33;313.09;7.67;1177;15;2704.00;83
6651;14;21126873;6651;508;7827;7910;5.45;0.33;313.06;7.67;1176;15;2705.00;83
6652;14;21126890;6652;512;7828;7911;5.45;0.33;313.03;7.67;1176;15;2706.00;83
6654;14;21126904;6654;511;7828;7911;5.45;0.33;313.05;7.67;1174;15;2707.00;83
6655;14;21126918;6655;515;7833;7917;5.45;0.34;313.02;7.66;1178;15;2708.00;84
6655;14;21126931;6655;519;7834;7918;5.49;0.34;313.02;7.66;1179;15;2709.00;84
6659;14;21126943;6659;518;7834;7918;5.43;0.33;312.96;7.66;1175;15;2710.00;84
6664;14;21126955;6664;524;7835;7918;5.36;0.33;312.93;7.66;1171;15;2711.00;83
6665;14;21126967;6665;529;7838;7922;5.30;0.33;312.90;7.66;1173;15;2712.00;84
6668;14;21126985;6668;534;7839;7922;5.29;0.32;312.87;7.66;1171;15;2713.00;83
6669;14;21126997;6669;536;7839;7922;5.26;0.32;312.97;7.66;1170;15;2714.00;83
6671;14;21127010;6671;535;7840;7923;5.32;0.33;312.93;7.66;1169;15;2715.00;83
6672;14;21127022;6672;536;7843;7927;5.39;0.33;312.94;7.66;1171;15;2716.00;84
6675;14;21127035;6675;538;7844;7927;5.35;0.33;312.97;7.66;1169;15;2717.00;83
6679;14;21127047;6679;534;7847;7930;5.35;0.33;312.98;7.66;1168;15;2718.00;83
6680;14;21127061;6680;533;7847;7930;5.37;0.33;312.95;7.66;1167;15;2719.00;83
6683;14;21127073;6683;532;7848;7930;5.37;0.33;312.86;7.66;1165;15;2720.00;82
6684;14;21127085;6684;528;7848;7930;5.41;0.33;312.87;7.66;1164;15;2721.00;82
6688;14;21127098;6688;526;7852;7934;5.43;0.33;312.87;7.66;1164;15;2722.00;82
6692;14;21127111;6692;523;7852;7934;5.47;0.33;312.90;7.66;1160;15;2723.00;82
6697;14;21127124;6697;527;7853;7934;5.38;0.33;312.95;7.66;1156;15;2724.00;81
6700;14;21127136;6700;516;7853;7934;5.36;0.32;313.00;7.66;1153;15;2725.00;81
6701;14;21127148;6701;519;7853;7935;5.32;0.32;313.01;7.66;1152;15;2726.00;82
6702;14;21127160;6702;519;7854;7936;5.27;0.32;313.02;7.66;1152;15;2727.00;82
6703;14;21127172;6703;525;7855;7936;5.17;0.31;313.02;7.66;1152;15;2728.00;81
6704;14;21127183;6704;518;7856;7937;5.14;0.31;313.00;7.66;1152;15;2729.00;81
6708;14;21127202;6708;513;7860;7937;5.06;0.31;313.03;7.70;1152;15;2730.00;77
6709;14;21127215;6709;517;7860;7937;5.03;0.31;313.02;7.70;1151;15;2731.00;77
6710;14;21127227;6710;508;7860;7937;5.04;0.31;313.04;7.70;1150;15;2732.00;77
6712;14;21127238;6712;505;7860;7937;5.02;0.31;313.07;7.70;1148;15;2733.00;77
6712;14;21127249;6712;506;7860;7937;5.00;0.30;313.07;7.70;1148;15;2734.00;77
6714;14;21127261;6714;507;7860;7937;4.99;0.30;313.02;7.70;1146;15;2735.00;77
6717;14;21127272;6717;514;7925;8064;5.21;0.32;312.99;7.64;1208;15;2736.00;139
6717;14;21127295;6717;492;7925;8065;5.29;0.33;312.99;7.64;1208;15;2737.00;140
6718;14;21127307;6718;479;7936;8065;5.40;0.33;313.03;7.67;1218;15;2738.00;129
6720;14;21127320;6720;472;7939;8065;5.47;0.34;312.97;7.67;1219;15;2739.00;126
6723;14;21127333;6723;465;7944;8065;5.58;0.34;312.97;7.66;1221;15;2740.00;121
6724;14;21127346;6724;458;7946;8065;5.64;0.35;312.96;7.66;1222;15;2741.00;119
6727;14;21127359;6727;452;7948;8065;5.68;0.35;312.97;7.66;1221;15;2742.00;117
6729;14;21127377;6729;446;7950;8065;5.69;0.35;312.95;7.66;1221;15;2743.00;115
6732;14;21127390;6732;443;7952;8066;5.70;0.35;312.86;7.66;1220;15;2744.00;114
6732;14;21127403;6732;441;7957;8068;5.73;0.35;312.86;7.66;1225;15;2745.00;111
6734;14;21127416;6734;451;7960;8068;5.76;0.35;312.81;7.66;1226;15;2746.00;108
6737;14;21127430;6737;454;7964;8069;5.73;0.35;312.78;7.67;1227;15;2747.00;105
6737;14;21127443;6737;456;7969;8069;5.74;0.35;312.78;7.67;1232;15;2748.00;100
6738;14;21127455;6738;450;7971;8069;5.71;0.35;312.77;7.67;1233;15;2749.00;98
6739;15;21127468;6739;455;7977;8069;5.67;0.35;312.72;7.68;1238;16;2750.00;92
6739;16;21127495;6739;454;7981;8073;5.63;0.34;312.72;7.71;1242;17;2751.00;92
6742;16;21127516;6742;458;7983;8073;5.64;0.34;312.65;7.72;1241;17;2752.00;90
6743;16;21127534;6743;461;7984;8073;5.62;0.34;312.64;7.72;1241;17;2753.00;89
6743;16;21127552;6743;459;7986;8076;5.61;0.34;312.64;7.75;1243;17;2754.00;90
6747;16;21127567;6747;463;7990;8076;5.62;0.34;312.69;7.79;1243;17;2755.00;86
6747;16;21127580;6747;467;7991;8076;5.65;0.35;312.69;7.79;1244;17;2756.00;85
6751;16;21127598;6751;476;7996;8080;5.64;0.34;312.71;7.86;1245;17;2757.00;84
6753;16;21127612;6753;480;7999;8081;5.62;0.34;312.70;7.86;1246;17;2758.00;82
6756;16;21127626;6756;484;8003;8081;5.59;0.34;312.72;7.93;1247;17;2759.00;78
6760;16;21127641;6760;482;8007;8086;5.58;0.34;312.81;7.93;1247;17;2760.00;79
6762;16;21127655;6762;484;8009;8086;5.56;0.34;312.80;7.96;1247;17;2761.00;77
6765;16;21127668;6765;487;8009;8086;5.58;0.34;312.85;7.96;1244;17;2762.00;77
6768;16;21127681;6768;493;8012;8087;5.58;0.34;312.75;8.02;1244;17;2763.00;75
6771;16;21127694;6771;495;8012;8087;5.55;0.34;312.83;8.02;1241;17;2764.00;75
6772;16;21127708;6772;490;8019;8093;5.60;0.34;312.82;8.09;1247;17;2765.00;74
6775;16;21127722;6775;493;8020;8093;5.56;0.34;312.80;8.12;1245;17;2766.00;73
6777;16;21127735;6777;497;8021;8094;5.55;0.34;312.83;8.15;1244;17;2767.00;73
6779;16;21127751;6779;506;8021;8094;5.49;0.33;312.88;8.15;1242;17;2768.00;73
6782;16;21127764;6782;507;8023;8094;5.47;0.33;312.86;8.22;1241;17;2769.00;71
6782;16;21127777;6782;512;8024;8094;5.46;0.33;312.86;8.25;1242;17;2770.00;70
6785;16;21127790;6785;504;8025;8094;5.46;0.33;312.94;8.28;1240;17;2771.00;69
6787;16;21127803;6787;501;8036;8106;5.54;0.34;312.98;8.27;1249;17;2772.00;70
6792;16;21127817;6792;510;8038;8106;5.53;0.34;313.09;8.34;1246;17;2773.00;68
6794;16;21127830;6794;509;8038;8106;5.55;0.34;313.19;8.34;1244;17;2774.00;68
6797;16;21127844;6797;497;8038;8106;5.52;0.33;313.33;8.34;1241;17;2775.00;68
6798;16;21127857;6798;491;8040;8106;5.55;0.34;313.31;8.40;1242;17;2776.00;66
6798;16;21127871;6798;486;8040;8106;5.59;0.34;313.31;8.40;1242;17;2777.00;66
6799;16;21127883;6799;493;8045;8110;5.60;0.34;313.29;8.46;1246;17;2778.00;65
6801;16;21127897;6801;486;8045;8110;5.64;0.34;313.31;8.46;1244;17;2779.00;65
6803;16;21127910;6803;482;8051;8114;5.68;0.35;313.27;8.52;1248;17;2780.00;63
6806;16;21127923;6806;474;8052;8115;5.69;0.35;313.27;8.52;1246;17;2781.00;63
6808;16;21127936;6808;473;8052;8115;5.68;0.35;313.34;8.52;1244;17;2782.00;63
6811;16;21127950;6811;468;8054;8115;5.64;0.34;313.31;8.58;1243;17;2783.00;61
6814;16;21127966;6814;467;8064;8128;5.66;0.34;313.31;8.57;1250;17;2784.00;64
6815;16;21127981;6815;464;8065;8128;5.73;0.35;313.31;8.57;1250;17;2785.00;63
6818;16;21127995;6818;458;8065;8128;5.73;0.35;313.26;8.57;1247;17;2786.00;63
6820;16;21128008;6820;463;8069;8129;5.73;0.35;313.37;8.65;1249;17;2787.00;60
6824;16;21128022;6824;468;8070;8130;5.75;0.35;313.40;8.68;1246;17;2788.00;60
6827;16;21128036;6827;464;8072;8130;5.72;0.35;313.44;8.73;1245;17;2789.00;58
6832;16;21128051;6832;469;8077;8136;5.67;0.34;313.52;8.73;1245;17;2790.00;59
6835;16;21128066;6835;467;8077;8136;5.66;0.34;313.52;8.73;1242;17;2791.00;59
6838;16;21128079;6838;476;8080;8136;5.58;0.34;313.57;8.78;1242;17;2792.00;56
6840;16;21128092;6840;477;8080;8136;5.56;0.34;313.60;8.78;1240;17;2793.00;56
6843;16;21128105;6843;477;8085;8142;5.58;0.34;313.74;8.77;1242;17;2794.00;57
6845;16;21128118;6845;481;8087;8142;5.55;0.34;313.78;8.82;1242;17;2795.00;55
6847;16;21128131;6847;481;8087;8142;5.50;0.33;313.77;8.82;1240;17;2796.00;55
6850;16;21128144;6850;474;8089;8142;5.41;0.33;313.82;8.87;1239;17;2797.00;53
6853;16;21128156;6853;485;8092;8146;5.34;0.33;313.91;8.87;1239;17;2798.00;54
6855;16;21128168;6855;486;8093;8147;5.30;0.32;313.98;8.86;1238;17;2799.00;54
6859;16;21128181;6859;476;8093;8147;5.28;0.32;314.08;8.86;1234;17;2800.00;54
6864;16;21128198;6864;472;8094;8148;5.23;0.32;314.08;8.86;1230;17;2801.00;54
6870;16;21128211;6870;460;8094;8148;5.18;0.32;314.21;8.86;1224;17;2802.00;54
6873;16;21128229;6873;450;8094;8148;5.19;0.32;314.26;8.86;1221;17;2803.00;54
6874;16;21128241;6874;450;8094;8148;5.24;0.32;314.28;8.86;1220;17;2804.00;54
6879;16;21128253;6879;442;8094;8148;5.25;0.32;314.43;8.86;1215;17;2805.00;54
6883;16;21128267;6883;429;8094;8148;5.25;0.32;314.52;8.86;1211;17;2806.00;54
6885;16;21128281;6885;426;8094;8148;5.30;0.32;314.52;8.86;1209;17;2807.00;54
6892;16;21128293;6892;429;8129;8218;5.43;0.33;314.66;8.82;1237;17;2808.00;89
6896;16;21128312;6896;416;8130;8219;5.50;0.34;314.73;8.82;1234;17;2809.00;89
6899;16;21128325;6899;406;8136;8219;5.60;0.34;314.88;8.82;1237;17;2810.00;83
6904;16;21128338;6904;403;8140;8219;5.61;0.34;314.99;8.82;1236;17;2811.00;79
6908;16;21128353;6908;406;8145;8219;5.64;0.35;315.06;8.81;1237;17;2812.00;74
6912;16;21128366;6912;402;8146;8219;5.63;0.35;315.26;8.81;1234;17;2813.00;73
6916;16;21128380;6916;401;8149;8219;5.66;0.35;315.28;8.81;1233;17;2814.00;70
6920;16;21128393;6920;402;8151;8219;5.68;0.35;315.28;8.81;1231;17;2815.00;68
6928;16;21128406;6928;401;8155;8220;5.64;0.35;315.26;8.81;1227;17;2816.00;65
6930;16;21128421;6930;414;8157;8221;5.68;0.35;315.27;8.81;1227;17;2817.00;64
6932;16;21128435;6932;410;8160;8221;5.71;0.35;315.26;8.81;1228;17;2818.00;61
6938;16;21128448;6938;412;8162;8225;5.70;0.35;315.41;8.81;1224;17;2819.00;63
6943;16;21128464;6943;413;8162;8225;5.72;0.35;315.44;8.81;1219;17;2820.00;63
6951;16;21128478;6951;413;8162;8225;5.71;0.35;315.54;8.81;1211;17;2821.00;63
6955;16;21128491;6955;413;8163;8225;5.70;0.35;315.60;8.81;1208;17;2822.00;62
6961;16;21128505;6961;420;8168;8231;5.71;0.35;315.66;8.80;1207;17;2823.00;63
6965;16;21128519;6965;422;8168;8231;5.72;0.35;315.74;8.80;1203;17;2824.00;63
6968;16;21128538;6968;420;8169;8231;5.70;0.35;315.86;8.80;1201;17;2825.00;62
6973;16;21128551;6973;429;8170;8234;5.68;0.35;315.91;8.80;1197;17;2826.00;64
6977;16;21128564;6977;437;8171;8234;5.64;0.34;315.94;8.80;1194;17;2827.00;63
6982;16;21128578;6982;443;8171;8234;5.62;0.34;316.04;8.80;1189;17;2828.00;63
6985;16;21128591;6985;447;8171;8235;5.62;0.34;316.13;8.80;1186;17;2829.00;64
6987;16;21128604;6987;450;8172;8236;5.58;0.34;316.06;8.80;1185;17;2830.00;64
6992;16;21128618;6992;445;8173;8236;5.56;0.34;316.24;8.80;1181;17;2831.00;63
6997;16;21128631;6997;457;8183;8249;5.55;0.34;316.48;8.79;1186;17;2832.00;66
7000;16;21128647;7000;460;8184;8249;5.46;0.33;316.49;8.79;1184;17;2833.00;65
7003;16;21128660;7003;469;8184;8249;5.44;0.33;316.54;8.79;1181;17;2834.00;65
7006;16;21128673;7006;468;8186;8251;5.46;0.33;316.58;8.79;1180;17;2835.00;65
7007;16;21128686;7007;472;8187;8251;5.45;0.33;316.56;8.79;1180;17;2836.00;64
7012;16;21128699;7012;477;8191;8255;5.44;0.33;316.71;8.79;1179;17;2837.00;64
7014;16;21128713;7014;481;8191;8255;5.40;0.33;316.70;8.79;1177;17;2838.00;64
7018;16;21128726;7018;480;8193;8259;5.35;0.33;316.77;8.78;1175;17;2839.00;66
7020;16;21128739;7020;484;8194;8259;5.24;0.32;316.88;8.79;1174;17;2840.00;65
7024;16;21128753;7024;487;8195;8259;5.11;0.31;316.94;8.78;1171;17;2841.00;64
7026;16;21128766;7026;498;8195;8259;5.05;0.31;316.98;8.78;1169;17;2842.00;64
7027;16;21128778;7027;502;8195;8259;4.98;0.31;317.02;8.78;1168;17;2843.00;64
7032;16;21128790;7032;505;8204;8271;4.97;0.30;317.20;8.77;1172;17;2844.00;67
7035;16;21128804;7035;509;8205;8271;4.87;0.30;317.32;8.77;1170;17;2845.00;66
7037;16;21128817;7037;519;8206;8271;4.79;0.29;317.32;8.77;1169;17;2846.00;65
7038;16;21128829;7038;508;8206;8271;4.76;0.29;317.44;8.77;1168;17;2847.00;65
7044;16;21128841;7044;496;8206;8271;4.66;0.29;317.50;8.77;1162;17;2848.00;65
7046;16;21128854;7046;499;8206;8271;4.67;0.29;317.43;8.77;1160;17;2849.00;65
7049;16;21128868;7049;494;8208;8274;4.69;0.29;317.54;8.77;1159;17;2850.00;66
7052;16;21128881;7052;490;8208;8274;4.74;0.29;317.50;8.77;1156;17;2851.00;66
7055;16;21128893;7055;487;8213;8280;4.84;0.30;317.46;8.77;1158;17;2852.00;67
7059;16;21128907;7059;481;8214;8281;4.89;0.30;317.53;8.77;1155;17;2853.00;67
7060;16;21128920;7060;479;8214;8281;4.92;0.30;317.54;8.77;1154;17;2854.00;67
7063;16;21128933;7063;481;8214;8281;4.93;0.30;317.61;8.77;1151;17;2855.00;67
7065;16;21128952;7065;463;8217;8285;5.00;0.31;317.64;8.76;1152;17;2856.00;68
7067;16;21128965;7067;454;8217;8285;5.03;0.31;317.74;8.76;1150;17;2857.00;68
7069;16;21128983;7069;458;8217;8285;5.05;0.31;317.74;8.76;1148;17;2858.00;68
7075;16;21128996;7075;453;8218;8286;5.03;0.31;317.78;8.76;1143;17;2859.00;68
7075;16;21129009;7075;447;8221;8290;5.06;0.31;317.78;8.76;1146;17;2860.00;69
7078;16;21129022;7078;452;8221;8290;5.08;0.31;317.81;8.76;1143;17;2861.00;69
7079;16;21129036;7079;453;8223;8293;5.16;0.31;317.78;8.76;1144;17;2862.00;70
7080;16;21129049;7080;443;8223;8293;5.21;0.32;317.79;8.76;1143;17;2863.00;70
7081;16;21129062;7081;450;8226;8295;5.26;0.32;317.83;8.75;1145;17;2864.00;69
7083;16;21129075;7083;447;8226;8295;5.26;0.32;317.80;8.75;1143;17;2865.00;69
7085;16;21129087;7085;451;8230;8299;5.34;0.33;317.78;8.75;1145;17;2866.00;69
7086;16;21129101;7086;445;8230;8299;5.42;0.33;317.74;8.75;1144;17;2867.00;69
7091;16;21129114;7091;441;8230;8299;5.48;0.34;317.80;8.75;1139;17;2868.00;69
7092;16;21129127;7092;445;8230;8299;5.58;0.34;317.84;8.75;1138;17;2869.00;69
7094;16;21129140;7094;442;8230;8300;5.66;0.35;317.89;8.75;1136;17;2870.00;70
7097;16;21129154;7097;440;8231;8301;5.74;0.35;317.86;8.75;1134;17;2871.00;70
7099;16;21129167;7099;433;8231;8301;5.78;0.35;317.84;8.75;1132;17;2872.00;70
7103;16;21129180;7103;435;8232;8302;5.82;0.35;317.76;8.75;1129;17;2873.00;70
7105;16;21129193;7105;437;8232;8302;5.85;0.36;317.82;8.75;1127;17;2874.00;70
7109;16;21129205;7109;434;8232;8302;5.86;0.36;317.80;8.75;1123;17;2875.00;70
7110;16;21129218;7110;434;8232;8302;5.83;0.35;317.77;8.75;1122;17;2876.00;70
7114;16;21129230;7114;428;8232;8302;5.73;0.35;317.90;8.75;1118;17;2877.00;70
7117;16;21129243;7117;426;8232;8302;5.65;0.34;317.91;8.75;1115;17;2878.00;70
7119;16;21129256;7119;429;8232;8302;5.63;0.34;317.96;8.75;1113;17;2879.00;70
7122;16;21129270;7122;473;8354;8532;5.74;0.36;317.95;8.62;1232;17;2880.00;178
7125;16;21129301;7125;468;8359;8533;5.66;0.35;317.87;8.62;1234;17;2881.00;174
7129;16;21129315;7129;461;8368;8533;5.68;0.36;317.81;8.61;1239;17;2882.00;165
7129;16;21129330;7129;464;8373;8533;5.69;0.36;317.81;8.61;1244;17;2883.00;160
7130;16;21129342;7130;458;8380;8533;5.72;0.36;317.80;8.60;1250;17;2884.00;153
7130;16;21129355;7130;464;8383;8533;5.72;0.36;317.80;8.60;1253;17;2885.00;150
7133;16;21129369;7133;464;8388;8533;5.69;0.35;317.80;8.60;1255;17;2886.00;145
7137;16;21129382;7137;462;8393;8533;5.66;0.35;317.77;8.60;1256;17;2887.00;140
7140;16;21129395;7140;471;8398;8534;5.62;0.35;317.78;8.60;1258;17;2888.00;136
7141;16;21129408;7141;477;8401;8535;5.59;0.35;317.78;8.60;1260;17;2889.00;134
7141;16;21129422;7141;475;8406;8535;5.52;0.34;317.78;8.60;1265;17;2890.00;129
7144;16;21129435;7144;478;8408;8536;5.42;0.34;317.79;8.60;1264;17;2891.00;128
7144;16;21129449;7144;476;8410;8536;5.37;0.33;317.79;8.60;1266;17;2892.00;126
7146;16;21129462;7146;461;8412;8536;5.32;0.33;317.80;8.60;1266;17;2893.00;124
7147;16;21129476;7147;458;8413;8536;5.33;0.33;317.81;8.60;1266;17;2894.00;123
7147;16;21129488;7147;453;8415;8540;5.33;0.33;317.81;8.60;1268;17;2895.00;125
7152;16;21129502;7152;445;8416;8540;5.32;0.33;317.83;8.60;1264;17;2896.00;124
7156;16;21129516;7156;441;8417;8540;5.35;0.33;317.88;8.60;1261;17;2897.00;123
7156;16;21129530;7156;445;8418;8543;5.42;0.33;317.88;8.60;1262;17;2898.00;125
7162;17;21129544;7162;437;8420;8543;5.45;0.33;317.98;8.61;1258;18;2899.00;123
7164;17;21129570;7164;433;8422;8543;5.54;0.34;318.01;8.61;1258;18;2900.00;121
7166;17;21129588;7166;429;8426;8547;5.62;0.34;318.01;8.61;1260;18;2901.00;121
7168;17;21129608;7168;433;8427;8548;5.69;0.35;318.03;8.60;1259;18;2902.00;121
7173;17;21129621;7173;426;8428;8548;5.72;0.35;318.11;8.60;1255;18;2903.00;120
7176;17;21129635;7176;428;8429;8552;5.80;0.35;318.06;8.60;1253;18;2904.00;123
7179;17;21129650;7179;425;8433;8552;5.82;0.35;318.08;8.68;1254;18;2905.00;119
7181;18;21129666;7181;419;8434;8552;5.79;0.35;318.08;8.68;1253;19;2906.00;118
7183;18;21129686;7183;417;8434;8553;5.83;0.35;318.09;8.68;1251;19;2907.00;119
7184;18;21129700;7184;414;8438;8553;5.82;0.35;318.11;8.69;1254;19;2908.00;115
7187;18;21129720;7187;409;8442;8559;5.79;0.35;318.04;8.68;1255;19;2909.00;117
7188;18;21129736;7188;410;8442;8559;5.82;0.35;318.06;8.68;1254;19;2910.00;117
7189;18;21129751;7189;411;8443;8560;5.79;0.35;318.13;8.69;1254;19;2911.00;117
7190;18;21129765;7190;407;8445;8560;5.80;0.35;318.16;8.69;1255;19;2912.00;115
7192;18;21129778;7192;406;8446;8560;5.87;0.36;318.08;8.69;1254;19;2913.00;114
7194;18;21129792;7194;408;8446;8560;5.97;0.36;318.02;8.69;1252;19;2914.00;114
7195;18;21129809;7195;409;8446;8560;6.02;0.37;317.99;8.69;1251;19;2915.00;114
7197;18;21129823;7197;402;8457;8572;6.10;0.37;318.16;8.69;1260;19;2916.00;115
7200;18;21129837;7200;390;8457;8572;6.14;0.37;318.11;8.69;1257;19;2917.00;115
7204;18;21129851;7204;397;8457;8572;6.15;0.37;318.20;8.69;1253;19;2918.00;115
7207;18;21129864;7207;384;8458;8572;6.12;0.37;318.12;8.69;1251;19;2919.00;114
7209;18;21129878;7209;379;8459;8572;6.18;0.38;318.09;8.69;1250;19;2920.00;113
7209;18;21129892;7209;375;8460;8572;6.21;0.38;318.09;8.69;1251;19;2921.00;112
7210;18;21129912;7210;364;8465;8576;6.21;0.38;318.20;8.69;1255;19;2922.00;111
7212;18;21129926;7212;361;8465;8576;6.28;0.38;318.22;8.69;1253;19;2923.00;111
7214;18;21129942;7214;358;8468;8580;6.35;0.39;318.28;8.69;1254;19;2924.00;112
7215;18;21129956;7215;353;8471;8582;6.36;0.39;318.27;8.69;1256;19;2925.00;111
7219;18;21129972;7219;354;8472;8582;6.36;0.39;318.28;8.69;1253;19;2926.00;110
7219;18;21129988;7219;352;8473;8582;6.41;0.39;318.28;8.70;1254;19;2927.00;109
7221;18;21130002;7221;362;8483;8595;6.38;0.39;318.28;8.69;1262;19;2928.00;112
7223;18;21130017;7223;365;8485;8595;6.36;0.39;318.31;8.70;1262;19;2929.00;110
7223;18;21130032;7223;373;8486;8595;6.41;0.39;318.31;8.74;1263;19;2930.00;109
7226;18;21130046;7226;377;8491;8596;6.40;0.39;318.35;8.78;1265;19;2931.00;105
7231;18;21130060;7231;380;8491;8597;6.39;0.39;318.33;8.78;1260;19;2932.00;106
7233;18;21130074;7233;395;8493;8597;6.40;0.39;318.37;8.83;1260;19;2933.00;104
7237;18;21130089;7237;399;8497;8600;6.34;0.39;318.51;8.86;1260;19;2934.00;103
7239;18;21130103;7239;402;8498;8600;6.30;0.38;318.48;8.87;1259;19;2935.00;102
7241;18;21130117;7241;411;8500;8600;6.29;0.38;318.49;8.94;1259;19;2936.00;100
7246;18;21130130;7246;413;8501;8600;6.27;0.38;318.48;8.95;1255;19;2937.00;99
7249;18;21130145;7249;422;8508;8606;6.31;0.38;318.53;9.01;1259;19;2938.00;98
7251;18;21130159;7251;422;8509;8606;6.29;0.38;318.60;9.02;1258;19;2939.00;97
7254;18;21130174;7254;425;8509;8606;6.24;0.38;318.72;9.02;1255;19;2940.00;97
7256;18;21130190;7256;431;8512;8606;6.26;0.38;318.73;9.09;1256;19;2941.00;94
7260;18;21130204;7260;435;8516;8610;6.25;0.38;318.74;9.13;1256;19;2942.00;94
7264;18;21130218;7264;439;8518;8611;6.20;0.38;318.91;9.13;1254;19;2943.00;93
7269;18;21130232;7269;440;8519;8611;6.17;0.38;318.96;9.16;1250;19;2944.00;92
7272;18;21130246;7272;436;8521;8612;6.11;0.37;318.98;9.17;1249;19;2945.00;91
7273;18;21130260;7273;435;8522;8612;6.07;0.37;318.94;9.17;1249;19;2946.00;90
7275;18;21130273;7275;427;8522;8612;5.96;0.36;319.11;9.17;1247;19;2947.00;90
7277;18;21130287;7277;427;8526;8612;5.92;0.36;319.18;9.31;1249;19;2948.00;86
7279;18;21130300;7279;432;8527;8612;5.82;0.35;319.13;9.31;1248;19;2949.00;85
7280;18;21130320;7280;430;8529;8612;5.78;0.35;319.14;9.37;1249;19;2950.00;83
7282;18;21130334;7282;425;8530;8612;5.76;0.35;319.26;9.40;1248;19;2951.00;82
7283;18;21130348;7283;442;8573;8682;5.81;0.36;319.26;9.39;1290;19;2952.00;109
7286;18;21130371;7286;432;8574;8683;5.81;0.36;319.34;9.39;1288;19;2953.00;109
7288;18;21130388;7288;433;8581;8683;5.81;0.36;319.32;9.45;1293;19;2954.00;102
7290;18;21130408;7290;424;8581;8683;5.85;0.36;319.31;9.45;1291;19;2955.00;102
7291;18;21130425;7291;432;8587;8683;5.89;0.36;319.41;9.50;1296;19;2956.00;96
7293;18;21130440;7293;429;8588;8683;5.94;0.36;319.49;9.50;1295;19;2957.00;95
7294;18;21130454;7294;428;8590;8683;6.03;0.37;319.59;9.50;1296;19;2958.00;93
7296;18;21130469;7296;427;8594;8683;6.13;0.38;319.60;9.56;1298;19;2959.00;89
7300;18;21130483;7300;431;8595;8684;6.20;0.38;319.72;9.56;1295;19;2960.00;89
7302;18;21130497;7302;436;8596;8685;6.24;0.38;319.78;9.56;1294;19;2961.00;89
7308;18;21130513;7308;436;8600;8685;6.24;0.38;319.82;9.62;1292;19;2962.00;85
7312;18;21130527;7312;437;8604;8689;6.19;0.38;319.81;9.61;1292;19;2963.00;85
7320;18;21130542;7320;431;8605;8689;6.15;0.37;319.89;9.61;1285;19;2964.00;84
7322;18;21130558;7322;436;8607;8689;6.13;0.37;319.87;9.67;1285;19;2965.00;82
7325;18;21130572;7325;436;8608;8689;6.06;0.37;319.91;9.70;1283;19;2966.00;81
7328;18;21130585;7328;441;8613;8695;6.07;0.37;319.91;9.72;1285;19;2967.00;82
7330;18;21130599;7330;453;8613;8695;6.02;0.37;319.97;9.72;1283;19;2968.00;82
7336;18;21130612;7336;452;8615;8695;5.95;0.36;319.91;9.77;1279;19;2969.00;80
7340;18;21130627;7340;452;8618;8701;5.96;0.36;319.98;9.77;1278;19;2970.00;83
7344;18;21130643;7344;453;8620;8701;5.87;0.36;320.00;9.82;1276;19;2971.00;81
7349;18;21130659;7349;454;8621;8701;5.79;0.35;320.11;9.82;1272;19;2972.00;80
7356;18;21130673;7356;460;8622;8702;5.66;0.34;320.22;9.82;1266;19;2973.00;80
7359;18;21130688;7359;468;8625;8703;5.54;0.34;320.19;9.88;1266;19;2974.00;78
7362;19;21130700;7362;469;8625;8703;5.47;0.33;320.30;9.88;1263;20;2975.00;78
7364;19;21130726;7364;465;8635;8716;5.53;0.34;320.28;9.86;1271;20;2976.00;81
7370;19;21130740;7370;459;8635;8716;5.51;0.33;320.56;9.86;1265;20;2977.00;81
7373;19;21130754;7373;453;8639;8716;5.51;0.33;320.62;9.92;1266;20;2978.00;77
7376;19;21130768;7376;455;8639;8717;5.54;0.34;320.62;9.92;1263;20;2979.00;78
7378;19;21130782;7378;456;8639;8717;5.59;0.34;320.67;9.92;1261;20;2980.00;78
7379;19;21130795;7379;456;8643;8721;5.65;0.34;320.69;9.92;1264;20;2981.00;78
7383;19;21130809;7383;455;8643;8721;5.66;0.34;320.76;9.92;1260;20;2982.00;78
7386;19;21130823;7386;448;8647;8725;5.70;0.35;320.79;9.92;1261;20;2983.00;78
7388;19;21130837;7388;445;8647;8725;5.76;0.35;320.78;9.92;1259;20;2984.00;78
7393;19;21130851;7393;436;8647;8725;5.75;0.35;321.08;9.92;1254;20;2985.00;78
7397;19;21130864;7397;431;8650;8725;5.72;0.35;321.17;9.92;1253;20;2986.00;75
7397;19;21130878;7397;432;8651;8725;5.72;0.35;321.17;9.92;1254;20;2987.00;74
7404;19;21130891;7404;429;8660;8737;5.68;0.35;321.31;9.91;1256;20;2988.00;77
7408;19;21130908;7408;429;8660;8737;5.56;0.34;321.43;9.91;1252;20;2989.00;77
7410;19;21130922;7410;438;8661;8737;5.46;0.33;321.43;9.91;1251;20;2990.00;76
7416;19;21130935;7416;442;8661;8737;5.33;0.33;321.45;9.91;1245;20;2991.00;76
7422;19;21130949;7422;445;8662;8737;5.23;0.32;321.46;9.91;1240;20;2992.00;75
7425;19;21130961;7425;447;8663;8737;5.18;0.32;321.49;9.91;1238;20;2993.00;74
7430;19;21130974;7430;452;8664;8738;5.14;0.31;321.54;9.91;1234;20;2994.00;74
7435;19;21130988;7435;458;8664;8738;5.13;0.31;321.58;9.91;1229;20;2995.00;74
7438;19;21131001;7438;461;8668;8744;5.13;0.31;321.63;9.91;1230;20;2996.00;76
7442;19;21131022;7442;461;8670;8745;5.09;0.31;321.76;9.91;1228;20;2997.00;75
7447;19;21131035;7447;470;8670;8745;5.06;0.31;321.93;9.91;1223;20;2998.00;75
7451;19;21131048;7451;475;8670;8745;5.03;0.31;322.03;9.91;1219;20;2999.00;75
7457;19;21131064;7457;485;8677;8765;4.98;0.30;322.20;9.90;1220;20;3000.00;88
7461;19;21131083;7461;483;8678;8765;4.96;0.30;322.28;9.90;1217;20;3001.00;87
7463;19;21131096;7463;479;8678;8765;4.98;0.30;322.35;9.90;1215;20;3002.00;87
7469;19;21131108;7469;473;8679;8766;5.00;0.30;322.48;9.90;1210;20;3003.00;87
7473;19;21131122;7473;476;8683;8770;5.00;0.31;322.49;9.90;1210;20;3004.00;87
7476;19;21131135;7476;483;8683;8770;4.96;0.30;322.67;9.90;1207;20;3005.00;87
7480;19;21131148;7480;489;8688;8773;4.91;0.30;322.79;9.89;1208;20;3006.00;85
7483;19;21131162;7483;493;8688;8773;4.87;0.30;322.82;9.89;1205;20;3007.00;85
7488;19;21131174;7488;495;8688;8773;4.76;0.29;323.00;9.89;1200;20;3008.00;85
7491;19;21131187;7491;490;8688;8773;4.72;0.29;323.05;9.89;1197;20;3009.00;85
7493;19;21131199;7493;503;8692;8777;4.74;0.29;323.02;9.89;1199;20;3010.00;85
7496;19;21131213;7496;512;8693;8777;4.66;0.28;323.04;9.89;1197;20;3011.00;84
7499;19;21131226;7499;516;8694;8777;4.63;0.28;323.11;9.89;1195;20;3012.00;83
7501;19;21131241;7501;524;8694;8777;4.58;0.28;323.12;9.89;1193;20;3013.00;83
7505;19;21131254;7505;528;8695;8778;4.46;0.27;323.13;9.89;1190;20;3014.00;83
7505;19;21131269;7505;533;8697;8780;4.46;0.27;323.13;9.89;1192;20;3015.00;83
7509;19;21131283;7509;536;8697;8780;4.36;0.27;323.11;9.89;1188;20;3016.00;83
7510;19;21131296;7510;542;8699;8781;4.29;0.26;323.08;9.89;1189;20;3017.00;82
7510;19;21131311;7510;548;8699;8781;4.19;0.26;323.08;9.89;1189;20;3018.00;82
7512;19;21131326;7512;558;8699;8781;4.12;0.25;323.02;9.89;1187;20;3019.00;82
7514;19;21131340;7514;563;8699;8781;4.07;0.25;323.06;9.89;1185;20;3020.00;82
7515;19;21131351;7515;569;8699;8781;4.00;0.24;323.14;9.89;1184;20;3021.00;82
7515;19;21131364;7515;561;8699;8781;3.95;0.24;323.14;9.89;1184;20;3022.00;82
7515;19;21131377;7515;561;8700;8781;3.90;0.24;323.14;9.89;1185;20;3023.00;81
7518;19;21131390;7518;570;8766;8908;4.33;0.27;323.13;9.81;1248;20;3024.00;142
7521;19;21131413;7521;552;8769;8909;4.34;0.27;323.10;9.81;1248;20;3025.00;140
7522;19;21131427;7522;543;8778;8909;4.43;0.28;323.11;9.80;1256;20;3026.00;131
7525;19;21131440;7525;540;8781;8909;4.50;0.28;323.12;9.80;1256;20;3027.00;128
7526;19;21131453;7526;542;8786;8909;4.61;0.29;323.14;9.80;1260;20;3028.00;123
7528;19;21131466;7528;539;8789;8909;4.66;0.29;323.10;9.80;1261;20;3029.00;120
7530;19;21131481;7530;539;8792;8909;4.70;0.29;323.07;9.80;1262;20;3030.00;117
7534;19;21131495;7534;526;8796;8909;4.73;0.29;323.05;9.80;1262;21;3031.00;113
7538;19;21131517;7538;507;8799;8910;4.76;0.29;323.07;9.79;1261;21;3032.00;111
7540;19;21131532;7540;512;8803;8911;4.80;0.30;323.06;9.79;1263;21;3033.00;108
7540;19;21131546;7540;502;8805;8911;4.81;0.30;323.06;9.79;1265;21;3034.00;106
7542;19;21131560;7542;506;8810;8912;4.82;0.30;323.03;9.80;1268;21;3035.00;102
7544;19;21131573;7544;499;8813;8912;4.85;0.30;323.03;9.80;1269;21;3036.00;99
7545;19;21131587;7545;511;8815;8912;4.90;0.30;323.01;9.80;1270;21;3037.00;97
7546;19;21131601;7546;513;8815;8912;4.96;0.30;323.00;9.80;1269;21;3038.00;97
7549;19;21131623;7549;512;8820;8916;5.01;0.31;323.06;9.80;1271;21;3039.00;96
7549;19;21131637;7549;519;8822;8916;5.05;0.31;323.06;9.80;1273;21;3040.00;94
7551;19;21131651;7551;523;8823;8916;5.06;0.31;323.12;9.80;1272;21;3041.00;93
7551;19;21131664;7551;529;8824;8919;5.10;0.31;323.12;9.80;1273;21;3042.00;95
7551;19;21131678;7551;533;8826;8919;5.14;0.31;323.12;9.80;1275;21;3043.00;93
7552;19;21131692;7552;536;8826;8919;5.15;0.31;323.11;9.80;1274;21;3044.00;93
7553;19;21131712;7553;534;8831;8923;5.19;0.32;323.19;9.79;1278;21;3045.00;92
7556;19;21131727;7556;531;8832;8924;5.21;0.32;323.19;9.79;1276;21;3046.00;92
7556;19;21131741;7556;532;8832;8924;5.26;0.32;323.19;9.79;1276;21;3047.00;92
7558;19;21131755;7558;531;8836;8928;5.28;0.32;323.15;9.79;1278;21;3048.00;92
7560;19;21131769;7560;533;8836;8928;5.26;0.32;323.19;9.79;1276;21;3049.00;92
7562;19;21131784;7562;522;8836;8928;5.27;0.32;323.21;9.79;1274;21;3050.00;92
7563;19;21131799;7563;520;8837;8929;5.30;0.32;323.18;9.79;1274;21;3051.00;92
7563;19;21131814;7563;511;8837;8929;5.34;0.32;323.18;9.79;1274;21;3052.00;92
7564;19;21131828;7564;511;8842;8935;5.40;0.33;323.16;9.78;1278;21;3053.00;93
7566;19;21131843;7566;500;8842;8935;5.40;0.33;323.10;9.78;1276;21;3054.00;93
7568;19;21131858;7568;499;8842;8936;5.39;0.33;323.08;9.78;1274;21;3055.00;94
7571;19;21131872;7571;498;8842;8936;5.37;0.33;323.01;9.78;1271;21;3056.00;94
7573;19;21131891;7573;485;8842;8936;5.34;0.32;322.95;9.78;1269;21;3057.00;94
7577;19;21131907;7577;479;8842;8936;5.32;0.32;322.95;9.78;1265;21;3058.00;94
7578;19;21131921;7578;476;8842;8936;5.35;0.32;323.03;9.78;1264;21;3059.00;94
7579;19;21131941;7579;482;8867;8972;5.46;0.33;322.99;9.76;1288;21;3060.00;105
7580;19;21131963;7580;480;8867;8972;5.51;0.34;322.97;9.76;1287;21;3061.00;105
7582;19;21131977;7582;485;8870;8972;5.60;0.34;322.97;9.75;1288;21;3062.00;102
7583;19;21131992;7583;475;8870;8972;5.59;0.34;322.95;9.75;1287;21;3063.00;102
7585;19;21132006;7585;480;8871;8972;5.60;0.34;322.97;9.75;1286;21;3064.00;101
7586;19;21132020;7586;481;8872;8972;5.60;0.34;322.98;9.75;1286;21;3065.00;100
7588;19;21132034;7588;467;8875;8976;5.63;0.34;322.96;9.75;1287;21;3066.00;101
7588;19;21132049;7588;472;8875;8976;5.70;0.35;322.96;9.75;1287;21;3067.00;101
7590;19;21132069;7590;460;8878;8980;5.77;0.35;322.92;9.75;1288;21;3068.00;102
7591;19;21132084;7591;449;8880;8981;5.84;0.35;323.00;9.77;1289;21;3069.00;101
7593;19;21132099;7593;451;8880;8981;5.92;0.36;322.99;9.77;1287;21;3070.00;101
7596;19;21132114;7596;435;8880;8981;6.00;0.36;323.13;9.77;1284;21;3071.00;101
7597;19;21132128;7597;439;8889;8994;6.08;0.37;323.15;9.76;1292;21;3072.00;105
7600;19;21132145;7600;429;8889;8994;6.08;0.37;323.17;9.76;1289;21;3073.00;105
7603;19;21132161;7603;427;8889;8994;6.10;0.37;323.17;9.76;1286;21;3074.00;105
7608;19;21132175;7608;417;8890;8995;6.10;0.37;323.32;9.75;1282;21;3075.00;105
7610;19;21132192;7610;415;8890;8996;6.08;0.37;323.30;9.75;1280;21;3076.00;106
7611;19;21132206;7611;416;8890;8996;6.05;0.37;323.28;9.75;1279;21;3077.00;106
7616;19;21132220;7616;418;8892;8999;6.04;0.37;323.34;9.75;1276;21;3078.00;107
7620;19;21132235;7620;408;8893;8999;6.07;0.37;323.40;9.75;1273;21;3079.00;106
7622;19;21132250;7622;401;8895;8999;6.06;0.37;323.37;9.82;1273;21;3080.00;104
7625;19;21132266;7625;395;8895;8999;6.00;0.36;323.44;9.82;1270;21;3081.00;104
7625;19;21132281;7625;390;8899;9005;6.03;0.37;323.44;9.82;1274;21;3082.00;106
7628;19;21132296;7628;388;8900;9005;6.01;0.36;323.48;9.84;1272;21;3083.00;105
7630;19;21132311;7630;390;8901;9005;6.04;0.37;323.52;9.84;1271;21;3084.00;104
7633;19;21132326;7633;394;8901;9005;6.07;0.37;323.51;9.84;1268;21;3085.00;104
7633;19;21132342;7633;403;8905;9009;6.08;0.37;323.51;9.86;1272;21;3086.00;104
7634;19;21132357;7634;402;8906;9010;6.11;0.37;323.52;9.86;1272;21;3087.00;104
7636;19;21132371;7636;405;8907;9010;6.16;0.37;323.48;9.86;1271;21;3088.00;103
7639;19;21132386;7639;404;8908;9011;6.23;0.38;323.50;9.86;1269;21;3089.00;103
7641;19;21132401;7641;409;8908;9011;6.26;0.38;323.57;9.86;1267;21;3090.00;103
7643;19;21132418;7643;403;8908;9011;6.27;0.38;323.62;9.86;1265;21;3091.00;103
7648;19;21132432;7648;406;8908;9011;6.24;0.38;323.64;9.86;1260;21;3092.00;103
7650;19;21132446;7650;407;8910;9011;6.20;0.38;323.72;9.86;1260;21;3093.00;101
7657;19;21132460;7657;399;8910;9011;6.13;0.37;323.78;9.86;1253;21;3094.00;101
7659;19;21132475;7659;397;8910;9011;6.13;0.37;323.79;9.86;1251;21;3095.00;101
7661;19;21132489;7661;410;8945;9081;6.24;0.38;323.91;9.82;1284;21;3096.00;136
7663;19;21132509;7663;396;8947;9082;6.22;0.38;324.08;9.82;1284;21;3097.00;135
7664;19;21132524;7664;401;8952;9082;6.23;0.38;324.05;9.82;1288;21;3098.00;130
7667;19;21132539;7667;399;8953;9082;6.27;0.38;324.22;9.82;1286;21;3099.00;129
7671;19;21132554;7671;404;8955;9082;6.23;0.38;324.31;9.82;1284;21;3100.00;127
7673;19;21132572;7673;400;8960;9082;6.19;0.38;324.30;9.82;1287;21;3101.00;122
7677;19;21132587;7677;399;8963;9082;6.17;0.37;324.24;9.81;1286;21;3102.00;119
7678;19;21132600;7678;402;8966;9082;6.16;0.38;324.21;9.81;1288;21;3103.00;116
7680;19;21132615;7680;407;8968;9083;6.10;0.37;324.29;9.81;1288;21;3104.00;115
7683;19;21132630;7683;405;8972;9085;6.06;0.37;324.36;9.81;1289;21;3105.00;113
7687;19;21132645;7687;419;8976;9085;6.04;0.37;324.37;9.85;1289;21;3106.00;109
7688;19;21132659;7688;424;8982;9089;6.04;0.37;324.38;9.85;1294;21;3107.00;107
7692;19;21132674;7692;431;8984;9089;6.02;0.37;324.39;9.84;1292;21;3108.00;105
7696;19;21132688;7696;427;8985;9089;6.00;0.37;324.33;9.88;1289;21;3109.00;104
7698;19;21132702;7698;430;8985;9089;6.02;0.37;324.37;9.88;1287;21;3110.00;104
7703;19;21132718;7703;440;8990;9095;6.08;0.37;324.51;9.88;1287;21;3111.00;105
7706;19;21132733;7706;438;8990;9095;6.12;0.37;324.54;9.88;1284;21;3112.00;105
7706;19;21132748;7706;445;8990;9095;6.13;0.37;324.54;9.88;1284;21;3113.00;105
7709;19;21132763;7709;444;8994;9098;6.17;0.38;324.68;9.91;1285;21;3114.00;104
7712;19;21132778;7712;448;8995;9098;6.15;0.37;324.71;9.95;1283;21;3115.00;103
7714;19;21132793;7714;448;8996;9098;6.12;0.37;324.91;9.99;1282;21;3116.00;102
7716;19;21132807;7716;448;8996;9099;6.09;0.37;324.96;9.99;1280;21;3117.00;103
7720;19;21132821;7720;447;8998;9100;6.05;0.37;325.08;10.02;1278;21;3118.00;102
7724;19;21132836;7724;449;8998;9100;6.03;0.37;325.22;10.02;1274;21;3119.00;102
7727;19;21132853;7727;460;9017;9126;6.04;0.37;325.35;10.04;1290;21;3120.00;109
7733;19;21132869;7733;459;9019;9126;6.07;0.37;325.52;10.03;1286;21;3121.00;107
7738;19;21132884;7738;458;9022;9126;6.10;0.37;325.68;10.07;1284;21;3122.00;104
7740;19;21132899;7740;462;9023;9127;6.10;0.37;325.72;10.07;1283;21;3123.00;104
7743;19;21132913;7743;457;9023;9127;6.08;0.37;325.82;10.07;1280;21;3124.00;104
7746;19;21132928;7746;457;9029;9131;6.10;0.37;326.02;10.13;1283;21;3125.00;102
7747;19;21132943;7747;459;9031;9131;6.11;0.37;326.02;10.20;1284;21;3126.00;100
7751;19;21132957;7751;451;9034;9135;6.07;0.37;326.14;10.20;1283;21;3127.00;101
7753;19;21132972;7753;453;9036;9135;6.03;0.37;326.11;10.27;1283;21;3128.00;99
7756;19;21132992;7756;454;9037;9135;6.00;0.37;326.17;10.30;1281;21;3129.00;98
7760;19;21133006;7760;453;9037;9135;5.96;0.36;326.25;10.30;1277;21;3130.00;98
7764;19;21133020;7764;449;9038;9135;5.90;0.36;326.29;10.33;1274;21;3131.00;97
7768;19;21133036;7768;449;9048;9147;5.93;0.36;326.34;10.32;1280;21;3132.00;99
7770;19;21133051;7770;460;9050;9147;5.86;0.36;326.46;10.39;1280;21;3133.00;97
7772;19;21133064;7772;461;9051;9147;5.87;0.36;326.40;10.39;1279;21;3134.00;96
7775;19;21133079;7775;461;9051;9147;5.85;0.36;326.56;10.39;1276;21;3135.00;96
7778;19;21133096;7778;462;9053;9147;5.83;0.36;326.64;10.45;1275;21;3136.00;94
7781;19;21133110;7781;474;9053;9147;5.82;0.36;326.76;10.45;1272;21;3137.00;94
7783;19;21133130;7783;474;9055;9148;5.79;0.35;326.75;10.51;1272;21;3138.00;93
7786;20;21133149;7786;473;9055;9148;5.76;0.35;326.85;10.51;1269;22;3139.00;93
7792;20;21133178;7792;469;9060;9154;5.76;0.35;327.03;10.51;1268;22;3140.00;94
7796;20;21133194;7796;471;9063;9155;5.68;0.35;327.02;10.57;1267;22;3141.00;92
7799;20;21133206;7799;480;9063;9155;5.57;0.34;327.10;10.57;1264;22;3142.00;92
7806;20;21133220;7806;481;9063;9155;5.45;0.33;327.12;10.57;1257;22;3143.00;92
7811;20;21133234;7811;478;9068;9159;5.38;0.33;327.20;10.62;1257;22;3144.00;91
7818;20;21133248;7818;471;9068;9159;5.23;0.32;327.19;10.62;1250;22;3145.00;91
7819;20;21133261;7819;476;9070;9159;5.10;0.31;327.20;10.68;1251;22;3146.00;89
7822;20;21133279;7822;471;9071;9160;4.99;0.30;327.25;10.68;1249;22;3147.00;89
7823;20;21133292;7823;480;9074;9164;4.87;0.30;327.26;10.68;1251;22;3148.00;90
7828;20;21133305;7828;488;9076;9164;4.75;0.29;327.34;10.73;1248;22;3149.00;88
7830;20;21133320;7830;483;9080;9170;4.75;0.29;327.31;10.73;1250;22;3150.00;90
7832;20;21133334;7832;478;9080;9170;4.70;0.29;327.32;10.73;1248;22;3151.00;90
7836;20;21133346;7836;469;9082;9170;4.69;0.29;327.36;10.73;1246;22;3152.00;88
7839;20;21133359;7839;470;9082;9170;4.73;0.29;327.38;10.73;1243;22;3153.00;88
7843;20;21133371;7843;468;9086;9174;4.80;0.29;327.32;10.72;1243;22;3154.00;88
7845;20;21133383;7845;469;9086;9174;4.84;0.30;327.28;10.72;1241;22;3155.00;88
7847;20;21133396;7847;464;9086;9174;4.88;0.30;327.37;10.72;1239;22;3156.00;88
7850;20;21133409;7850;461;9086;9174;4.89;0.30;327.35;10.72;1236;22;3157.00;88
7853;20;21133428;7853;459;9086;9175;4.89;0.30;327.40;10.72;1233;22;3158.00;89
7855;20;21133441;7855;450;9087;9176;4.90;0.30;327.47;10.72;1232;22;3159.00;89
7860;20;21133454;7860;446;9087;9176;4.84;0.30;327.66;10.72;1227;22;3160.00;89
7864;20;21133467;7864;441;9088;9177;4.85;0.30;327.66;10.72;1224;22;3161.00;89
7869;20;21133480;7869;447;9088;9177;4.86;0.30;327.65;10.72;1219;22;3162.00;89
7873;20;21133492;7873;448;9088;9177;4.84;0.30;327.67;10.72;1215;22;3163.00;89
7877;20;21133505;7877;456;9088;9177;4.81;0.29;327.81;10.72;1211;22;3164.00;89
7883;20;21133519;7883;457;9088;9177;4.76;0.29;327.87;10.72;1205;22;3165.00;89
7886;20;21133531;7886;453;9088;9177;4.74;0.29;327.88;10.72;1202;22;3166.00;89
7890;20;21133544;7890;458;9088;9177;4.67;0.29;327.95;10.72;1198;22;3167.00;89
7896;20;21133557;7896;463;9150;9304;5.05;0.31;328.10;10.65;1254;22;3168.00;154
7898;20;21133578;7898;470;9154;9305;5.06;0.31;328.11;10.64;1256;22;3169.00;151
7902;20;21133592;7902;489;9164;9305;5.10;0.32;328.22;10.63;1262;22;3170.00;141
7905;20;21133604;7905;488;9165;9305;5.07;0.32;328.21;10.63;1260;22;3171.00;140
7908;20;21133618;7908;482;9174;9305;5.12;0.32;328.25;10.63;1266;22;3172.00;131
7915;20;21133631;7915;490;9176;9305;5.05;0.31;328.26;10.62;1261;22;3173.00;129
7917;20;21133645;7917;503;9179;9305;5.06;0.31;328.37;10.62;1262;22;3174.00;126
7921;20;21133657;7921;503;9181;9305;5.02;0.31;328.39;10.62;1260;22;3175.00;124
7927;20;21133671;7927;503;9183;9306;4.93;0.30;328.41;10.62;1256;22;3176.00;123
7930;20;21133684;7930;514;9187;9307;4.90;0.30;328.50;10.62;1257;22;3177.00;120
7935;20;21133698;7935;514;9189;9307;4.85;0.30;328.53;10.62;1254;22;3178.00;118
7941;20;21133712;7941;515;9191;9308;4.78;0.29;328.66;10.62;1250;22;3179.00;117
7945;20;21133727;7945;514;9193;9308;4.69;0.29;328.67;10.62;1248;22;3180.00;115
7950;20;21133742;7950;522;9197;9308;4.67;0.29;328.68;10.62;1247;22;3181.00;111
7952;20;21133755;7952;520;9198;9308;4.66;0.29;328.68;10.62;1246;22;3182.00;110
7960;20;21133768;7960;523;9203;9312;4.59;0.28;328.66;10.62;1243;22;3183.00;109
7962;20;21133782;7962;528;9204;9312;4.56;0.28;328.62;10.62;1242;22;3184.00;108
7966;20;21133795;7966;530;9206;9312;4.51;0.28;328.63;10.62;1240;22;3185.00;106
7971;20;21133808;7971;537;9208;9315;4.44;0.27;328.59;10.62;1237;22;3186.00;107
7976;20;21133822;7976;538;9209;9315;4.37;0.27;328.58;10.62;1233;22;3187.00;106
7976;20;21133840;7976;536;9211;9315;4.37;0.27;328.58;10.62;1235;22;3188.00;104
7983;20;21133859;7983;534;9217;9319;4.37;0.27;328.59;10.65;1234;22;3189.00;102
7987;20;21133872;7987;538;9219;9320;4.37;0.27;328.61;10.65;1232;22;3190.00;101
7990;20;21133884;7990;544;9221;9322;4.32;0.27;328.56;10.65;1231;22;3191.00;101
7994;20;21133897;7994;538;9225;9326;4.30;0.27;328.56;10.65;1231;22;3192.00;101
7995;20;21133910;7995;546;9225;9326;4.29;0.27;328.54;10.65;1230;22;3193.00;101
8000;20;21133922;8000;546;9225;9326;4.22;0.26;328.51;10.65;1225;22;3194.00;101
8004;20;21133940;8004;550;9227;9328;4.16;0.26;328.46;10.64;1223;22;3195.00;101
8005;20;21133952;8005;547;9227;9328;4.17;0.26;328.43;10.64;1222;22;3196.00;101
8009;20;21133964;8009;543;9232;9334;4.15;0.25;328.39;10.64;1223;22;3197.00;102
8009;20;21133978;8009;535;9232;9334;4.15;0.25;328.39;10.64;1223;22;3198.00;102
8010;20;21133990;8010;529;9232;9335;4.12;0.25;328.35;10.64;1222;22;3199.00;103
8012;20;21134007;8012;522;9232;9335;4.11;0.25;328.36;10.64;1220;22;3200.00;103
8012;20;21134024;8012;530;9232;9335;4.08;0.25;328.36;10.64;1220;22;3201.00;103
8016;20;21134035;8016;529;9232;9335;4.04;0.25;328.29;10.64;1216;22;3202.00;103
8019;20;21134047;8019;536;9232;9335;4.04;0.25;328.26;10.64;1213;22;3203.00;103
8021;20;21134060;8021;533;9243;9347;4.15;0.25;328.24;10.66;1222;22;3204.00;104
8022;20;21134074;8022;534;9243;9347;4.20;0.26;328.24;10.66;1221;22;3205.00;104
8022;20;21134093;8022;525;9244;9347;4.25;0.26;328.24;10.66;1222;22;3206.00;103
8024;20;21134106;8024;499;9244;9347;4.33;0.26;328.20;10.66;1220;22;3207.00;103
8027;20;21134118;8027;483;9244;9347;4.40;0.27;328.26;10.66;1217;22;3208.00;103
8028;20;21134132;8028;463;9245;9347;4.50;0.27;328.26;10.69;1217;22;3209.00;102
8029;20;21134147;8029;453;9248;9351;4.61;0.28;328.26;10.69;1219;22;3210.00;103
8031;20;21134162;8031;443;9248;9351;4.74;0.29;328.36;10.69;1217;22;3211.00;103
8033;20;21134175;8033;426;9252;9355;4.91;0.30;328.34;10.69;1219;22;3212.00;103
8034;20;21134190;8034;421;9253;9356;5.03;0.31;328.33;10.69;1219;22;3213.00;103
8034;20;21134204;8034;417;9253;9356;5.15;0.31;328.33;10.69;1219;22;3214.00;103
8036;20;21134217;8036;420;9253;9356;5.24;0.32;328.38;10.69;1217;22;3215.00;103
8038;20;21134231;8038;414;9264;9369;5.37;0.33;328.38;10.67;1226;22;3216.00;105
8039;20;21134247;8039;410;9264;9369;5.47;0.33;328.38;10.67;1225;22;3217.00;105
8040;20;21134261;8040;403;9264;9369;5.57;0.34;328.37;10.67;1224;22;3218.00;105
8042;20;21134275;8042;403;9265;9370;5.64;0.34;328.40;10.67;1223;22;3219.00;105
8042;20;21134289;8042;396;9265;9371;5.74;0.35;328.40;10.67;1223;22;3220.00;106
8043;20;21134302;8043;395;9265;9371;5.80;0.35;328.49;10.67;1222;22;3221.00;106
8044;20;21134322;8044;396;9267;9374;5.89;0.36;328.53;10.67;1223;22;3222.00;107
8045;20;21134341;8045;390;9267;9374;5.88;0.36;328.57;10.67;1222;22;3223.00;107
8046;20;21134355;8046;389;9268;9374;5.91;0.36;328.59;10.67;1222;22;3224.00;106
8047;20;21134368;8047;387;9269;9374;5.93;0.36;328.58;10.70;1222;22;3225.00;105
8047;20;21134383;8047;381;9274;9380;5.95;0.36;328.58;10.70;1227;22;3226.00;106
8049;20;21134397;8049;380;9274;9380;5.92;0.36;328.53;10.70;1225;22;3227.00;106
8051;20;21134412;8051;372;9274;9380;5.91;0.36;328.62;10.70;1223;22;3228.00;106
8052;20;21134426;8052;373;9274;9380;5.91;0.36;328.60;10.70;1222;22;3229.00;106
8053;20;21134440;8053;380;9278;9384;5.95;0.36;328.70;10.73;1225;22;3230.00;106
8056;20;21134454;8056;376;9279;9385;5.91;0.36;328.82;10.73;1223;22;3231.00;106
8057;20;21134469;8057;376;9279;9385;5.86;0.36;328.83;10.73;1222;22;3232.00;106
8059;20;21134482;8059;379;9280;9386;5.86;0.36;328.78;10.73;1221;22;3233.00;106
8064;20;21134497;8064;368;9280;9386;5.89;0.36;328.80;10.73;1216;22;3234.00;106
8066;20;21134510;8066;376;9280;9386;5.91;0.36;328.87;10.73;1214;22;3235.00;106
8069;20;21134524;8069;374;9280;9386;5.94;0.36;328.99;10.73;1211;22;3236.00;106
8076;20;21134537;8076;375;9280;9386;5.92;0.36;329.18;10.73;1204;22;3237.00;106
8078;20;21134551;8078;375;9280;9386;5.95;0.36;329.30;10.73;1202;22;3238.00;106
8080;20;21134564;8080;380;9281;9386;5.95;0.36;329.43;10.76;1201;22;3239.00;105
8083;20;21134580;8083;393;9344;9511;5.95;0.37;329.53;10.69;1261;22;3240.00;167
8085;20;21134603;8085;379;9344;9512;6.01;0.37;329.53;10.69;1259;22;3241.00;168
8086;20;21134617;8086;375;9352;9512;6.10;0.37;329.54;10.68;1266;22;3242.00;160
8087;20;21134640;8087;360;9354;9512;6.19;0.38;329.55;10.68;1267;22;3243.00;158
8089;20;21134654;8089;359;9359;9512;6.20;0.38;329.66;10.68;1270;22;3244.00;153
8093;20;21134669;8093;358;9361;9512;6.22;0.38;329.77;10.67;1268;22;3245.00;151
8095;20;21134684;8095;362;9364;9512;6.25;0.38;329.84;10.67;1269;22;3246.00;148
8097;20;21134699;8097;361;9369;9512;6.27;0.38;329.90;10.67;1272;22;3247.00;143
8098;20;21134714;8098;355;9374;9513;6.31;0.39;329.87;10.67;1276;22;3248.00;139
8101;20;21134729;8101;360;9376;9514;6.33;0.39;329.91;10.67;1275;22;3249.00;138
8104;20;21134745;8104;359;9380;9514;6.32;0.39;330.00;10.67;1276;22;3250.00;134
8107;20;21134760;8107;355;9385;9518;6.29;0.38;330.00;10.66;1278;22;3251.00;133
8109;20;21134775;8109;358;9386;9518;6.30;0.39;330.00;10.66;1277;22;3252.00;132
8109;20;21134790;8109;366;9386;9518;6.28;0.38;330.00;10.66;1277;22;3253.00;132
8115;20;21134804;8115;360;9386;9518;6.21;0.38;330.18;10.66;1271;22;3254.00;132
8119;20;21134819;8119;366;9392;9524;6.14;0.37;330.33;10.74;1273;22;3255.00;132
8122;20;21134836;8122;356;9392;9524;6.12;0.37;330.32;10.74;1270;22;3256.00;132
8125;20;21134851;8125;350;9392;9524;6.11;0.37;330.43;10.74;1267;22;3257.00;132
8126;20;21134865;8126;353;9396;9527;6.13;0.37;330.42;10.74;1270;22;3258.00;131
8129;20;21134880;8129;344;9396;9527;6.19;0.38;330.47;10.74;1267;22;3259.00;131
8132;20;21134895;8132;352;9397;9527;6.21;0.38;330.52;10.74;1265;22;3260.00;130
8133;20;21134909;8133;351;9397;9528;6.24;0.38;330.52;10.74;1264;22;3261.00;131
8136;20;21134925;8136;352;9398;9529;6.31;0.38;330.69;10.73;1262;22;3262.00;131
8138;20;21134939;8138;355;9398;9529;6.33;0.39;330.67;10.73;1260;22;3263.00;131
8141;20;21134958;8141;349;9408;9542;6.32;0.38;330.76;10.72;1267;22;3264.00;134
8144;20;21134973;8144;348;9408;9542;6.34;0.39;330.84;10.72;1264;22;3265.00;134
8147;20;21134989;8147;349;9408;9542;6.41;0.39;330.88;10.72;1261;22;3266.00;134
8151;20;21135003;8151;346;9408;9543;6.42;0.39;330.88;10.72;1257;22;3267.00;135
8154;20;21135020;8154;345;9409;9543;6.45;0.39;330.98;10.72;1255;22;3268.00;134
8160;20;21135034;8160;339;9412;9547;6.48;0.39;330.99;10.72;1252;22;3269.00;135
8164;20;21135051;8164;339;9412;9547;6.48;0.39;331.09;10.72;1248;22;3270.00;135
8167;20;21135066;8167;342;9416;9551;6.44;0.39;331.17;10.72;1249;22;3271.00;135
8169;20;21135081;8169;347;9416;9551;6.42;0.39;331.32;10.72;1247;22;3272.00;135
8174;20;21135097;8174;352;9416;9551;6.39;0.39;331.31;10.72;1242;22;3273.00;135
8177;20;21135112;8177;353;9416;9551;6.37;0.39;331.34;10.72;1239;22;3274.00;135
8180;20;21135126;8180;352;9417;9551;6.35;0.39;331.61;10.72;1237;22;3275.00;134
8182;20;21135140;8182;360;9428;9563;6.37;0.39;331.59;10.71;1246;22;3276.00;135
8185;20;21135155;8185;361;9429;9563;6.35;0.39;331.72;10.71;1244;22;3277.00;134
8189;20;21135170;8189;368;9429;9563;6.26;0.38;331.82;10.71;1240;22;3278.00;134
8190;20;21135184;8190;372;9432;9563;6.26;0.38;331.79;10.75;1242;22;3279.00;131
8196;20;21135198;8196;378;9432;9563;6.21;0.38;331.92;10.75;1236;22;3280.00;131
8196;20;21135213;8196;386;9433;9563;6.21;0.38;331.92;10.75;1237;22;3281.00;130
8199;20;21135227;8199;386;9434;9564;6.17;0.38;332.02;10.80;1235;22;3282.00;130
8200;20;21135241;8200;384;9434;9564;6.17;0.38;332.06;10.80;1234;22;3283.00;130
8203;20;21135256;8203;389;9440;9570;6.20;0.38;332.14;10.83;1237;22;3284.00;130
8205;20;21135272;8205;392;9441;9572;6.15;0.38;332.14;10.83;1236;22;3285.00;131
8206;20;21135286;8206;400;9444;9572;6.15;0.38;332.23;10.91;1238;22;3286.00;128
8210;20;21135300;8210;396;9444;9572;6.12;0.37;332.32;10.91;1234;22;3287.00;128
8211;20;21135320;8211;410;9448;9576;6.15;0.38;332.34;10.95;1237;22;3288.00;128
8216;20;21135336;8216;405;9448;9576;6.10;0.37;332.42;10.95;1232;22;3289.00;128
8221;20;21135349;8221;413;9449;9576;6.04;0.37;332.56;10.99;1228;22;3290.00;127
8225;20;21135363;8225;417;9450;9577;6.03;0.37;332.65;10.99;1225;22;3291.00;127
8232;20;21135376;8232;417;9455;9581;5.96;0.36;332.77;11.07;1223;22;3292.00;126
8234;20;21135390;8234;416;9455;9581;5.96;0.36;332.83;11.07;1221;22;3293.00;126
8237;20;21135403;8237;426;9457;9584;5.97;0.37;332.91;11.07;1220;22;3294.00;127
8241;20;21135417;8241;437;9460;9584;5.94;0.36;332.94;11.15;1219;22;3295.00;124
8243;20;21135430;8243;437;9460;9584;5.94;0.36;332.99;11.15;1217;22;3296.00;124
8245;20;21135443;8245;437;9462;9584;5.91;0.36;333.04;11.22;1217;22;3297.00;122
8247;20;21135456;8247;448;9466;9588;5.93;0.36;333.04;11.22;1219;22;3298.00;122
8250;20;21135469;8250;451;9466;9588;5.88;0.36;333.15;11.22;1216;22;3299.00;122
8256;20;21135487;8256;452;9473;9607;5.77;0.35;333.38;11.29;1217;22;3300.00;134
8260;20;21135508;8260;447;9473;9607;5.68;0.35;333.41;11.29;1213;22;3301.00;134
8263;20;21135524;8263;443;9475;9608;5.60;0.34;333.56;11.36;1212;22;3302.00;133
8264;20;21135537;8264;443;9476;9609;5.56;0.34;333.57;11.36;1212;22;3303.00;133
8266;20;21135551;8266;446;9477;9609;5.51;0.34;333.62;11.40;1211;22;3304.00;132
8269;20;21135565;8269;440;9480;9610;5.50;0.34;333.70;11.43;1211;22;3305.00;130
8276;20;21135579;8276;442;9482;9610;5.39;0.33;333.72;11.47;1206;22;3306.00;128
8278;20;21135598;8278;442;9483;9610;5.43;0.33;333.86;11.51;1205;22;3307.00;127
8279;20;21135610;8279;437;9483;9610;5.51;0.34;333.95;11.51;1204;22;3308.00;127
8281;20;21135624;8281;434;9485;9610;5.54;0.34;334.00;11.58;1204;22;3309.00;125
8283;20;21135637;8283;439;9485;9610;5.55;0.34;334.06;11.58;1202;22;3310.00;125
8288;20;21135649;8288;443;9487;9610;5.52;0.34;334.11;11.61;1199;22;3311.00;123
8290;20;21135663;8290;458;9548;9737;5.76;0.36;334.08;11.58;1258;22;3312.00;189
8292;20;21135685;8292;454;9552;9738;5.80;0.36;334.16;11.57;1260;22;3313.00;186
8296;20;21135698;8296;449;9562;9738;5.87;0.36;334.27;11.59;1266;22;3314.00;176
8297;20;21135711;8297;454;9567;9738;5.87;0.36;334.28;11.63;1270;22;3315.00;171
8302;20;21135726;8302;455;9575;9738;5.81;0.36;334.43;11.62;1273;22;3316.00;163
8304;20;21135739;8304;459;9578;9738;5.76;0.36;334.44;11.62;1274;22;3317.00;160
8306;20;21135752;8306;456;9584;9738;5.69;0.35;334.49;11.69;1278;22;3318.00;154
8311;20;21135765;8311;462;9587;9738;5.67;0.35;334.68;11.68;1276;22;3319.00;151
8315;20;21135778;8315;463;9590;9739;5.68;0.35;334.65;11.68;1275;22;3320.00;149
8320;20;21135792;8320;471;9593;9740;5.60;0.34;334.82;11.68;1273;22;3321.00;147
8321;20;21135804;8321;482;9596;9740;5.55;0.34;334.91;11.68;1275;22;3322.00;144
8324;20;21135817;8324;493;9600;9741;5.42;0.33;334.93;11.68;1276;22;3323.00;141
8329;20;21135830;8329;498;9601;9741;5.33;0.33;334.95;11.68;1272;22;3324.00;140
8332;20;21135842;8332;486;9604;9741;5.25;0.32;334.99;11.68;1272;22;3325.00;137
8335;20;21135855;8335;479;9605;9741;5.16;0.32;334.95;11.68;1270;22;3326.00;136
8338;20;21135868;8338;480;9608;9745;5.06;0.31;334.99;11.68;1270;22;3327.00;137
8344;20;21135880;8344;480;9610;9745;4.94;0.30;334.98;11.68;1266;22;3328.00;135
8348;20;21135893;8348;481;9612;9745;4.86;0.30;335.09;11.69;1264;22;3329.00;133
8351;20;21135907;8351;482;9615;9751;4.82;0.30;335.09;11.68;1264;22;3330.00;136
8352;20;21135922;8352;484;9615;9751;4.84;0.30;335.06;11.68;1263;22;3331.00;136
8355;20;21135935;8355;483;9618;9751;4.83;0.30;335.03;11.69;1263;22;3332.00;133
8360;20;21135949;8360;478;9622;9755;4.79;0.30;334.98;11.69;1262;22;3333.00;133
8362;20;21135962;8362;480;9624;9756;4.80;0.30;334.98;11.69;1262;22;3334.00;132
8367;20;21135980;8367;479;9625;9756;4.74;0.29;334.91;11.69;1258;22;3335.00;131
8371;20;21135992;8371;481;9628;9760;4.73;0.29;334.89;11.68;1257;22;3336.00;132
8374;20;21136005;8374;470;9629;9760;4.66;0.29;334.83;11.68;1255;22;3337.00;131
8377;20;21136018;8377;468;9629;9760;4.61;0.28;334.76;11.68;1252;22;3338.00;131
8380;20;21136030;8380;477;9631;9761;4.54;0.28;334.74;11.69;1251;22;3339.00;130
8383;20;21136043;8383;484;9632;9761;4.48;0.28;334.70;11.69;1249;22;3340.00;129
8387;20;21136057;8387;489;9636;9767;4.48;0.28;334.69;11.69;1249;22;3341.00;131
8391;20;21136070;8391;493;9638;9767;4.46;0.27;334.67;11.69;1247;22;3342.00;129
8396;20;21136082;8396;497;9638;9768;4.47;0.27;334.67;11.69;1242;22;3343.00;130
8400;20;21136095;8400;500;9640;9768;4.46;0.27;334.69;11.72;1240;22;3344.00;128
8405;20;21136108;8405;509;9641;9768;4.44;0.27;334.71;11.72;1236;22;3345.00;127
8407;20;21136121;8407;509;9641;9768;4.44;0.27;334.80;11.72;1234;22;3346.00;127
8413;20;21136133;8413;511;9641;9768;4.43;0.27;334.77;11.72;1228;22;3347.00;127
8414;20;21136146;8414;517;9651;9780;4.52;0.28;334.79;11.71;1237;22;3348.00;129
8419;20;21136159;8419;515;9652;9780;4.49;0.28;334.73;11.71;1233;22;3349.00;128
8422;20;21136172;8422;516;9652;9780;4.52;0.28;334.73;11.71;1230;22;3350.00;128
8425;20;21136185;8425;515;9654;9780;4.54;0.28;334.70;11.71;1229;22;3351.00;126
8428;20;21136198;8428;526;9654;9780;4.52;0.28;334.64;11.71;1226;22;3352.00;126
8430;20;21136211;8430;524;9655;9780;4.48;0.27;334.67;11.71;1225;22;3353.00;125
8433;20;21136223;8433;524;9658;9784;4.42;0.27;334.62;11.71;1225;22;3354.00;126
8437;20;21136236;8437;518;9659;9784;4.33;0.26;334.65;11.71;1222;22;3355.00;125
8440;20;21136248;8440;519;9662;9788;4.26;0.26;334.66;11.70;1222;22;3356.00;126
8442;20;21136261;8442;526;9664;9789;4.21;0.26;334.62;11.70;1222;22;3357.00;125
8445;20;21136273;8445;531;9664;9789;4.16;0.25;334.62;11.70;1219;22;3358.00;125
8449;20;21136285;8449;527;9664;9789;4.11;0.25;334.57;11.70;1215;22;3359.00;125
8451;20;21136299;8451;533;9687;9818;4.25;0.26;334.57;11.67;1236;22;3360.00;131
8453;20;21136314;8453;534;9687;9818;4.24;0.26;334.55;11.67;1234;22;3361.00;131
8459;20;21136328;8459;533;9689;9818;4.27;0.26;334.58;11.67;1230;22;3362.00;129
8461;20;21136342;8461;540;9690;9819;4.26;0.26;334.61;11.67;1229;22;3363.00;129
8462;20;21136355;8462;528;9690;9820;4.26;0.26;334.63;11.67;1228;22;3364.00;130
8466;20;21136367;8466;520;9690;9820;4.25;0.26;334.59;11.67;1224;22;3365.00;130
8467;20;21136380;8467;520;9692;9823;4.27;0.26;334.59;11.67;1225;22;3366.00;131
8470;20;21136392;8470;518;9692;9823;4.30;0.26;334.74;11.67;1222;22;3367.00;131
8473;20;21136405;8473;520;9693;9823;4.31;0.26;334.72;11.67;1220;22;3368.00;130
8477;20;21136418;8477;519;9693;9823;4.33;0.26;334.72;11.67;1216;22;3369.00;130
8479;20;21136430;8479;518;9698;9829;4.39;0.27;334.74;11.66;1219;22;3370.00;131
8480;20;21136450;8480;512;9698;9829;4.48;0.27;334.77;11.66;1218;22;3371.00;131
8482;20;21136463;8482;499;9698;9829;4.56;0.28;334.79;11.66;1216;22;3372.00;131
8483;20;21136475;8483;492;9698;9829;4.59;0.28;334.77;11.66;1215;22;3373.00;131
8484;20;21136487;8484;479;9701;9833;4.69;0.29;334.78;11.66;1217;22;3374.00;132
8486;20;21136501;8486;472;9703;9835;4.75;0.29;334.76;11.65;1217;22;3375.00;132
8489;20;21136514;8489;469;9703;9835;4.80;0.29;334.82;11.65;1214;22;3376.00;132
8493;20;21136528;8493;459;9704;9836;4.86;0.30;334.76;11.65;1211;22;3377.00;132
8495;20;21136546;8495;457;9704;9836;4.92;0.30;334.78;11.65;1209;22;3378.00;132
8497;20;21136559;8497;454;9704;9836;4.93;0.30;334.77;11.65;1207;22;3379.00;132
8499;20;21136573;8499;457;9704;9836;4.91;0.30;334.76;11.65;1205;22;3380.00;132
8501;20;21136586;8501;445;9704;9836;4.94;0.30;334.77;11.65;1203;22;3381.00;132
8502;20;21136605;8502;426;9704;9836;5.03;0.30;334.78;11.65;1202;22;3382.00;132
8502;20;21136618;8502;414;9704;9836;5.12;0.31;334.78;11.65;1202;22;3383.00;132
8503;21;21136638;8503;416;9745;9906;5.32;0.32;334.77;11.60;1242;23;3384.00;161
8504;21;21136680;8504;406;9746;9907;5.41;0.33;334.78;11.60;1242;23;3385.00;161
8505;22;21136694;8505;398;9750;9907;5.51;0.33;334.75;11.60;1245;24;3386.00;157
8506;22;21136722;8506;398;9750;9907;5.54;0.34;334.84;11.60;1244;24;3387.00;157
8509;22;21136736;8509;403;9753;9907;5.59;0.34;334.79;11.60;1244;24;3388.00;154
8513;22;21136750;8513;406;9757;9907;5.66;0.34;334.81;11.59;1244;24;3389.00;150
8515;22;21136770;8515;401;9760;9907;5.71;0.35;334.85;11.59;1245;24;3390.00;147
8518;22;21136785;8518;410;9763;9907;5.69;0.35;334.98;11.59;1245;24;3391.00;144
8521;22;21136799;8521;409;9766;9908;5.72;0.35;335.16;11.59;1245;24;3392.00;142
8525;22;21136812;8525;412;9767;9909;5.72;0.35;335.30;11.59;1242;24;3393.00;142
8526;22;21136827;8526;407;9769;9909;5.73;0.35;335.37;11.59;1243;24;3394.00;140
8528;22;21136840;8528;402;9774;9913;5.71;0.35;335.40;11.58;1246;24;3395.00;139
8531;22;21136857;8531;408;9775;9913;5.78;0.35;335.53;11.58;1244;24;3396.00;138
8537;22;21136872;8537;411;9776;9913;5.76;0.35;335.62;11.62;1239;24;3397.00;137
8538;22;21136887;8538;418;9776;9913;5.78;0.35;335.62;11.62;1238;24;3398.00;137
8542;22;21136901;8542;416;9781;9919;5.82;0.35;335.74;11.62;1239;24;3399.00;138
8543;22;21136917;8543;420;9781;9919;5.90;0.36;335.73;11.62;1238;24;3400.00;138
8545;22;21136935;8545;421;9781;9919;5.88;0.36;335.86;11.62;1236;24;3401.00;138
8546;22;21136949;8546;428;9783;9922;5.88;0.36;335.92;11.61;1237;24;3402.00;139
8549;22;21136964;8549;431;9783;9922;5.87;0.36;336.14;11.61;1234;24;3403.00;139
8549;22;21136978;8549;424;9784;9922;5.86;0.36;336.14;11.61;1235;24;3404.00;138
8553;22;21136991;8553;422;9784;9923;5.84;0.35;336.19;11.61;1231;24;3405.00;139
8557;22;21137006;8557;426;9785;9924;5.81;0.35;336.28;11.61;1228;24;3406.00;139
8557;22;21137020;8557;424;9785;9924;5.84;0.35;336.28;11.61;1228;24;3407.00;139
8560;22;21137034;8560;417;9795;9937;5.84;0.36;336.30;11.60;1235;24;3408.00;142
8563;22;21137049;8563;430;9796;9937;5.84;0.36;336.40;11.60;1233;24;3409.00;141
8563;22;21137069;8563;431;9796;9937;5.85;0.36;336.40;11.60;1233;24;3410.00;141
8566;22;21137083;8566;431;9797;9938;5.91;0.36;336.50;11.60;1231;24;3411.00;141
8568;22;21137098;8568;433;9797;9938;5.95;0.36;336.50;11.60;1229;24;3412.00;141
8571;22;21137111;8571;438;9801;9942;6.01;0.37;336.58;11.59;1230;24;3413.00;141
8571;22;21137125;8571;443;9801;9942;6.02;0.37;336.58;11.59;1230;24;3414.00;141
8572;22;21137140;8572;441;9804;9946;5.98;0.37;336.56;11.59;1232;24;3415.00;142
8577;22;21137154;8577;443;9804;9946;5.95;0.36;336.72;11.59;1227;24;3416.00;142
8580;22;21137169;8580;433;9804;9946;5.93;0.36;336.69;11.59;1224;24;3417.00;142
8585;22;21137182;8585;427;9805;9946;5.92;0.36;336.78;11.62;1220;24;3418.00;141
8587;22;21137197;8587;412;9805;9946;5.98;0.36;336.87;11.62;1218;24;3419.00;141
8590;22;21137212;8590;411;9831;9980;6.06;0.37;336.95;11.59;1241;24;3420.00;149
8596;22;21137230;8596;405;9831;9980;6.07;0.37;337.18;11.59;1235;24;3421.00;149
8601;22;21137243;8601;401;9833;9980;6.17;0.38;337.28;11.59;1232;24;3422.00;147
8605;22;21137259;8605;390;9833;9980;6.22;0.38;337.34;11.59;1228;24;3423.00;147
8607;22;21137273;8607;399;9834;9980;6.27;0.38;337.41;11.59;1227;24;3424.00;146
8610;22;21137286;8610;392;9834;9980;6.32;0.38;337.62;11.59;1224;24;3425.00;146
8611;22;21137301;8611;389;9834;9981;6.36;0.39;337.64;11.59;1223;24;3426.00;147
8614;22;21137315;8614;377;9834;9981;6.33;0.38;337.70;11.59;1220;24;3427.00;147
8621;22;21137328;8621;372;9839;9987;6.31;0.38;338.00;11.59;1218;24;3428.00;148
8622;22;21137343;8622;367;9840;9988;6.34;0.39;337.99;11.58;1218;24;3429.00;148
8625;22;21137357;8625;355;9842;9988;6.26;0.38;338.10;11.67;1217;24;3430.00;146
8629;22;21137374;8629;346;9842;9988;6.22;0.38;338.28;11.67;1213;24;3431.00;146
8631;22;21137387;8631;350;9845;9992;6.24;0.38;338.38;11.67;1214;24;3432.00;147
8634;22;21137402;8634;343;9845;9992;6.18;0.38;338.41;11.67;1211;24;3433.00;147
8636;22;21137415;8636;342;9846;9992;6.13;0.37;338.42;11.70;1210;24;3434.00;146
8640;22;21137431;8640;347;9847;9993;6.09;0.37;338.51;11.70;1207;24;3435.00;146
8642;22;21137446;8642;348;9850;9997;6.07;0.37;338.51;11.70;1208;24;3436.00;147
8644;22;21137460;8644;356;9850;9997;6.05;0.37;338.55;11.70;1206;24;3437.00;147
8649;22;21137475;8649;358;9852;10000;6.06;0.37;338.67;11.70;1203;24;3438.00;148
8652;22;21137489;8652;352;9853;10000;6.09;0.37;338.66;11.70;1201;24;3439.00;147
8654;22;21137504;8654;350;9853;10000;6.13;0.37;338.67;11.70;1199;24;3440.00;147
8656;22;21137523;8656;355;9853;10000;6.18;0.38;338.67;11.70;1197;24;3441.00;147
8657;22;21137538;8657;348;9857;10004;6.28;0.38;338.68;11.69;1200;24;3442.00;147
8660;22;21137552;8660;348;9857;10004;6.29;0.38;338.70;11.69;1197;24;3443.00;147
8663;22;21137565;8663;350;9857;10004;6.34;0.38;338.75;11.69;1194;24;3444.00;147
8667;22;21137579;8667;344;9857;10004;6.32;0.38;338.68;11.69;1190;24;3445.00;147
8668;22;21137593;8668;344;9857;10005;6.32;0.38;338.67;11.69;1189;24;3446.00;148
8671;22;21137606;8671;345;9858;10006;6.28;0.38;338.71;11.69;1187;24;3447.00;148
8674;22;21137621;8674;346;9858;10006;6.29;0.38;338.79;11.69;1184;24;3448.00;148
8676;22;21137634;8676;346;9859;10007;6.26;0.38;338.84;11.69;1183;24;3449.00;148
8679;22;21137649;8679;346;9859;10007;6.25;0.38;338.83;11.69;1180;24;3450.00;148
8683;22;21137663;8683;350;9859;10007;6.23;0.38;338.85;11.69;1176;24;3451.00;148
8685;22;21137677;8685;354;9859;10007;6.23;0.38;338.87;11.69;1174;24;3452.00;148
8687;22;21137690;8687;357;9859;10007;6.18;0.37;338.88;11.69;1172;24;3453.00;148
8689;22;21137704;8689;361;9859;10007;6.15;0.37;338.86;11.69;1170;24;3454.00;148
8691;22;21137718;8691;368;9861;10007;6.12;0.37;338.98;11.78;1170;24;3455.00;146
8692;22;21137731;8692;390;9925;10134;6.25;0.38;339.00;11.70;1233;24;3456.00;209
8692;22;21137753;8692;385;9926;10135;6.24;0.38;339.00;11.70;1234;24;3457.00;209
8693;22;21137768;8693;379;9935;10135;6.29;0.39;339.01;11.69;1242;24;3458.00;200
8695;22;21137782;8695;380;9942;10135;6.30;0.39;339.00;11.78;1247;24;3459.00;193
8699;22;21137796;8699;382;9948;10135;6.26;0.39;339.09;11.77;1249;24;3460.00;187
8702;22;21137811;8702;382;9953;10135;6.21;0.38;339.13;11.90;1251;24;3461.00;182
8706;22;21137826;8706;383;9955;10135;6.16;0.38;339.21;11.90;1249;24;3462.00;180
8709;22;21137840;8709;382;9957;10135;6.15;0.38;339.25;11.90;1248;24;3463.00;178
8712;22;21137854;8712;390;9963;10136;6.18;0.38;339.26;12.03;1251;24;3464.00;173
8714;22;21137868;8714;395;9968;10138;6.21;0.38;339.37;12.02;1254;24;3465.00;170
8718;22;21137888;8718;401;9971;10138;6.18;0.38;339.43;12.02;1253;24;3466.00;167
8719;22;21137901;8719;404;9972;10139;6.18;0.38;339.40;12.02;1253;24;3467.00;167
8724;22;21137915;8724;408;9978;10139;6.13;0.37;339.37;12.07;1254;24;3468.00;161
8728;22;21137930;8728;414;9983;10139;6.04;0.37;339.37;12.11;1255;24;3469.00;156
8728;22;21137943;8728;425;9986;10139;5.99;0.37;339.37;12.19;1258;24;3470.00;153
8729;22;21137957;8729;432;9992;10143;5.99;0.37;339.45;12.19;1263;24;3471.00;151
8733;22;21137970;8733;434;9993;10143;5.96;0.37;339.45;12.23;1260;24;3472.00;150
8738;22;21137984;8738;448;9995;10143;5.90;0.36;339.44;12.23;1257;24;3473.00;148
8741;22;21137998;8741;445;10000;10146;5.79;0.36;339.48;12.35;1259;24;3474.00;146
8743;22;21138012;8743;450;10001;10146;5.74;0.35;339.56;12.35;1258;24;3475.00;145
8744;22;21138025;8744;457;10002;10146;5.68;0.35;339.58;12.35;1258;24;3476.00;144
8747;22;21138038;8747;462;10006;10150;5.61;0.34;339.57;12.39;1259;24;3477.00;144
8748;22;21138052;8748;468;10008;10151;5.59;0.34;339.61;12.43;1260;24;3478.00;143
8751;22;21138065;8751;475;10011;10151;5.58;0.34;339.68;12.47;1260;24;3479.00;140
8751;22;21138079;8751;478;10015;10156;5.57;0.34;339.68;12.51;1264;24;3480.00;141
8756;22;21138094;8756;479;10018;10156;5.53;0.34;339.78;12.58;1262;24;3481.00;138
8756;22;21138108;8756;476;10019;10156;5.50;0.34;339.78;12.58;1263;24;3482.00;137
8761;22;21138122;8761;475;10019;10157;5.44;0.33;339.79;12.58;1258;24;3483.00;138
8764;22;21138135;8764;475;10019;10157;5.41;0.33;339.80;12.58;1255;24;3484.00;138
8769;22;21138148;8769;473;10028;10163;5.44;0.33;339.80;12.73;1259;24;3485.00;135
8771;22;21138162;8771;470;10029;10163;5.40;0.33;339.85;12.73;1258;24;3486.00;134
8778;22;21138175;8778;475;10030;10164;5.37;0.33;339.82;12.77;1252;24;3487.00;134
8782;22;21138200;8782;477;10030;10164;5.35;0.33;339.85;12.77;1248;24;3488.00;134
8785;22;21138212;8785;487;10032;10164;5.32;0.32;339.84;12.84;1247;24;3489.00;132
8787;22;21138226;8787;492;10032;10164;5.23;0.32;339.87;12.84;1245;24;3490.00;132
8789;22;21138240;8789;505;10033;10164;5.12;0.31;339.97;12.88;1244;24;3491.00;131
8792;22;21138252;8792;509;10045;10176;5.10;0.31;339.95;12.90;1253;24;3492.00;131
8794;22;21138265;8794;512;10045;10176;5.03;0.31;339.92;12.90;1251;24;3493.00;131
8796;22;21138277;8796;526;10046;10176;4.97;0.30;339.91;12.94;1250;24;3494.00;130
8798;22;21138290;8798;531;10046;10176;4.96;0.30;339.89;12.94;1248;24;3495.00;130
8804;22;21138302;8804;536;10046;10176;4.88;0.30;339.80;12.94;1242;24;3496.00;130
8807;22;21138314;8807;537;10046;10176;4.85;0.30;339.77;12.94;1239;24;3497.00;130
8813;22;21138325;8813;549;10049;10180;4.79;0.29;339.76;12.93;1236;24;3498.00;131
8817;22;21138338;8817;563;10049;10180;4.72;0.29;339.67;12.93;1232;24;3499.00;131
8821;22;21138350;8821;550;10053;10184;4.72;0.29;339.57;12.93;1232;24;3500.00;131
8824;22;21138367;8824;544;10053;10185;4.69;0.29;339.53;12.93;1229;24;3501.00;132
8827;22;21138379;8827;541;10054;10185;4.61;0.28;339.47;12.93;1227;24;3502.00;131
8831;22;21138390;8831;538;10054;10185;4.55;0.28;339.44;12.93;1223;24;3503.00;131
8833;22;21138401;8833;546;10064;10198;4.57;0.28;339.50;12.91;1231;24;3504.00;134
8836;22;21138414;8836;543;10064;10198;4.50;0.27;339.47;12.91;1228;24;3505.00;134
8841;22;21138426;8841;553;10064;10198;4.40;0.27;339.38;12.91;1223;24;3506.00;134
8842;22;21138438;8842;550;10065;10199;4.39;0.27;339.40;12.91;1223;24;3507.00;134
8846;22;21138449;8846;544;10066;10200;4.34;0.27;339.35;12.91;1220;24;3508.00;134
8848;22;21138462;8848;540;10066;10200;4.32;0.27;339.34;12.91;1218;24;3509.00;134
8850;22;21138475;8850;537;10069;10206;4.33;0.27;339.36;12.91;1219;24;3510.00;137
8853;22;21138487;8853;534;10070;10206;4.28;0.26;339.35;12.91;1217;24;3511.00;136
8855;22;21138499;8855;532;10071;10206;4.29;0.26;339.30;12.91;1216;24;3512.00;135
8859;22;21138510;8859;537;10071;10206;4.30;0.26;339.28;12.91;1212;24;3513.00;135
8862;22;21138523;8862;547;10075;10212;4.37;0.27;339.32;12.90;1213;24;3514.00;137
8863;22;21138535;8863;545;10075;10212;4.41;0.27;339.29;12.90;1212;24;3515.00;137
8866;22;21138546;8866;543;10075;10212;4.38;0.27;339.37;12.90;1209;24;3516.00;137
8872;22;21138558;8872;549;10076;10212;4.29;0.26;339.32;12.90;1204;24;3517.00;136
8876;22;21138570;8876;548;10079;10216;4.25;0.26;339.32;12.90;1203;24;3518.00;137
8878;22;21138582;8878;551;10082;10219;4.22;0.26;339.37;12.89;1204;24;3519.00;137
8879;22;21138594;8879;551;10082;10219;4.19;0.26;339.39;12.89;1203;24;3520.00;137
8884;22;21138607;8884;534;10083;10220;4.17;0.25;339.36;12.89;1199;24;3521.00;137
8885;22;21138619;8885;525;10083;10220;4.17;0.26;339.35;12.89;1198;24;3522.00;137
8888;22;21138632;8888;520;10084;10220;4.20;0.26;339.37;12.89;1196;24;3523.00;136
8891;22;21138644;8891;517;10084;10220;4.24;0.26;339.31;12.89;1193;24;3524.00;136
8893;22;21138656;8893;521;10084;10220;4.31;0.26;339.34;12.89;1191;24;3525.00;136
8896;22;21138668;8896;513;10085;10220;4.33;0.27;339.38;12.93;1189;24;3526.00;135
8899;22;21138680;8899;514;10085;10220;4.41;0.27;339.37;12.93;1186;24;3527.00;135
8904;22;21138699;8904;532;10124;10290;4.58;0.28;339.33;12.88;1220;24;3528.00;166
8906;22;21138718;8906;523;10125;10291;4.63;0.28;339.34;12.88;1219;24;3529.00;166
8909;22;21138736;8909;510;10131;10291;4.71;0.29;339.37;12.88;1222;24;3530.00;160
8910;22;21138749;8910;504;10135;10291;4.72;0.29;339.38;12.87;1225;24;3531.00;156
8913;22;21138761;8913;501;10138;10291;4.79;0.29;339.40;12.87;1225;24;3532.00;153
8915;22;21138775;8915;500;10139;10291;4.83;0.29;339.39;12.87;1224;24;3533.00;152
8917;22;21138788;8917;505;10142;10291;4.92;0.30;339.36;12.87;1225;24;3534.00;149
8920;22;21138801;8920;510;10144;10291;4.94;0.30;339.36;12.87;1224;24;3535.00;147
8921;22;21138820;8921;511;10147;10292;4.99;0.30;339.38;12.86;1226;24;3536.00;145
8923;22;21138833;8923;513;10149;10293;4.97;0.30;339.37;12.86;1226;24;3537.00;144
8926;22;21138847;8926;518;10153;10293;4.92;0.30;339.38;12.86;1227;24;3538.00;140
8927;22;21138862;8927;515;10156;10297;4.95;0.30;339.38;12.86;1229;24;3539.00;141
8927;22;21138878;8927;529;10156;10297;4.95;0.30;339.38;12.86;1229;24;3540.00;141
8930;22;21138891;8930;533;10156;10297;4.87;0.30;339.45;12.86;1226;24;3541.00;141
8934;22;21138903;8934;533;10157;10297;4.79;0.29;339.42;12.90;1223;24;3542.00;140
8940;22;21138916;8940;536;10162;10303;4.68;0.29;339.47;12.89;1222;24;3543.00;141
8942;22;21138931;8942;543;10162;10303;4.62;0.28;339.51;12.89;1220;24;3544.00;141
8942;22;21138944;8942;545;10162;10303;4.60;0.28;339.51;12.89;1220;24;3545.00;141
8947;22;21138957;8947;545;10164;10306;4.56;0.28;339.57;12.89;1217;24;3546.00;142
8949;22;21138970;8949;537;10164;10306;4.58;0.28;339.51;12.89;1215;24;3547.00;142
8949;22;21138982;8949;528;10165;10306;4.62;0.28;339.51;12.89;1216;24;3548.00;141
8952;22;21138995;8952;520;10165;10307;4.62;0.28;339.68;12.89;1213;24;3549.00;142
8955;22;21139008;8955;523;10166;10308;4.61;0.28;339.74;12.89;1211;24;3550.00;142
8956;22;21139021;8956;521;10166;10308;4.61;0.28;339.71;12.89;1210;24;3551.00;142
8957;22;21139033;8957;519;10177;10321;4.71;0.29;339.71;12.87;1220;24;3552.00;144
8958;22;21139046;8958;522;10177;10321;4.74;0.29;339.80;12.87;1219;24;3553.00;144
8959;22;21139059;8959;517;10177;10321;4.74;0.29;339.77;12.87;1218;24;3554.00;144
8960;22;21139074;8960;520;10179;10323;4.78;0.29;339.74;12.87;1219;24;3555.00;144
8965;22;21139087;8965;501;10179;10323;4.76;0.29;339.81;12.87;1214;25;3556.00;144
8966;22;21139109;8966;485;10184;10327;4.87;0.30;339.85;12.91;1218;25;3557.00;143
8967;22;21139123;8967;478;10184;10327;4.90;0.30;339.85;12.91;1217;25;3558.00;143
8971;22;21139137;8971;463;10187;10331;4.90;0.30;339.97;12.90;1216;25;3559.00;144
8974;22;21139150;8974;453;10187;10331;4.95;0.30;339.93;12.90;1213;25;3560.00;144
8976;22;21139164;8976;450;10187;10331;4.98;0.30;340.01;12.90;1211;25;3561.00;144
8978;22;21139178;8978;439;10187;10331;4.97;0.30;340.03;12.90;1209;25;3562.00;144
8979;22;21139192;8979;441;10187;10331;4.99;0.30;340.12;12.90;1208;25;3563.00;144
8980;22;21139205;8980;449;10196;10343;5.09;0.31;340.15;12.89;1216;25;3564.00;147
8983;22;21139219;8983;455;10196;10343;5.11;0.31;340.27;12.89;1213;25;3565.00;147
8987;22;21139234;8987;462;10198;10343;5.14;0.31;340.49;12.89;1211;25;3566.00;145
8990;22;21139247;8990;458;10199;10343;5.21;0.32;340.52;12.93;1209;25;3567.00;144
8994;22;21139262;8994;449;10199;10343;5.26;0.32;340.70;12.93;1205;25;3568.00;144
8998;22;21139275;8998;452;10199;10343;5.28;0.32;340.80;12.93;1201;25;3569.00;144
9001;22;21139290;9001;443;10199;10344;5.33;0.32;340.96;12.93;1198;25;3570.00;145
9004;22;21139305;9004;445;10199;10344;5.32;0.32;341.03;12.93;1195;25;3571.00;145
9005;22;21139318;9005;450;10204;10350;5.36;0.33;341.12;12.92;1199;25;3572.00;146
9006;22;21139331;9006;451;10205;10351;5.38;0.33;341.15;12.92;1199;25;3573.00;146
9008;22;21139344;9008;448;10205;10351;5.35;0.33;341.19;12.92;1197;25;3574.00;146
9012;22;21139358;9012;448;10206;10351;5.34;0.32;341.24;12.96;1194;25;3575.00;145
9015;22;21139371;9015;448;10209;10355;5.36;0.33;341.22;12.96;1194;25;3576.00;146
9017;22;21139384;9017;449;10209;10355;5.36;0.33;341.28;12.96;1192;25;3577.00;146
9017;22;21139397;9017;450;10209;10355;5.38;0.33;341.28;12.96;1192;25;3578.00;146
9021;22;21139410;9021;454;10210;10356;5.35;0.32;341.44;12.96;1189;25;3579.00;146
9022;22;21139423;9022;460;10213;10360;5.33;0.32;341.50;12.95;1191;25;3580.00;147
9024;22;21139437;9024;462;10213;10360;5.35;0.32;341.55;12.95;1189;25;3581.00;147
9025;22;21139451;9025;459;10215;10363;5.40;0.33;341.59;12.95;1190;25;3582.00;148
9030;22;21139464;9030;457;10215;10363;5.40;0.33;341.66;12.95;1185;25;3583.00;148
9032;22;21139483;9032;462;10216;10363;5.42;0.33;341.70;12.95;1184;25;3584.00;147
9034;22;21139496;9034;456;10216;10363;5.46;0.33;341.72;12.95;1182;25;3585.00;147
9036;22;21139510;9036;457;10220;10367;5.49;0.33;341.75;12.94;1184;25;3586.00;147
9037;22;21139524;9037;456;10220;10367;5.54;0.34;341.75;12.94;1183;25;3587.00;147
9041;22;21139537;9041;455;10220;10367;5.58;0.34;341.94;12.94;1179;25;3588.00;147
9043;22;21139551;9043;458;10220;10367;5.63;0.34;341.95;12.94;1177;25;3589.00;147
9045;22;21139564;9045;452;10220;10368;5.65;0.34;341.99;12.94;1175;25;3590.00;148
9047;22;21139577;9047;446;10221;10369;5.68;0.34;342.05;12.94;1174;25;3591.00;148
9048;22;21139592;9048;436;10221;10369;5.71;0.35;342.02;12.94;1173;25;3592.00;148
9049;22;21139605;9049;430;10222;10370;5.75;0.35;342.09;12.94;1173;25;3593.00;148
9052;22;21139618;9052;423;10222;10370;5.73;0.35;342.24;12.94;1170;25;3594.00;148
9057;22;21139633;9057;418;10222;10370;5.69;0.34;342.22;12.94;1165;25;3595.00;148
9059;22;21139646;9059;413;10222;10370;5.68;0.34;342.32;12.94;1163;25;3596.00;148
9062;22;21139660;9062;407;10222;10370;5.69;0.34;342.44;12.94;1160;25;3597.00;148
9063;22;21139673;9063;405;10222;10370;5.68;0.34;342.43;12.94;1159;25;3598.00;148
9065;22;21139686;9065;388;10223;10370;5.68;0.34;342.40;12.97;1158;25;3599.00;147
9069;22;21139701;9069;456;10346;10623;5.59;0.35;342.49;12.82;1277;25;3600.00;277
9071;22;21139737;9071;435;10346;10624;5.62;0.35;342.52;12.82;1275;25;3601.00;278
9073;22;21139751;9073;416;10353;10624;5.63;0.35;342.59;12.81;1280;25;3602.00;271
9074;22;21139765;9074;404;10354;10624;5.69;0.35;342.62;12.81;1280;25;3603.00;270
9075;23;21139779;9075;390;10362;10624;5.78;0.36;342.61;12.85;1287;26;3604.00;262
9079;23;21139803;9079;379;10363;10624;5.80;0.36;342.69;12.85;1284;26;3605.00;261
9082;23;21139821;9082;374;10370;10624;5.84;0.36;342.76;12.89;1288;26;3606.00;254
9084;23;21139836;9084;372;10376;10624;5.90;0.37;342.78;12.89;1292;26;3607.00;248
9088;23;21139856;9088;367;10384;10625;5.97;0.37;342.82;12.89;1296;26;3608.00;241
9092;23;21139870;9092;367;10390;10626;6.03;0.37;342.83;12.88;1298;26;3609.00;236
9092;23;21139885;9092;363;10394;10626;6.11;0.38;342.83;12.93;1302;26;3610.00;232
9093;23;21139901;9093;366;10397;10627;6.16;0.38;342.82;12.93;1304;26;3611.00;230
9094;23;21139926;9094;365;10400;10627;6.15;0.38;342.87;12.93;1306;26;3612.00;227
9096;23;21139940;9096;356;10403;10627;6.17;0.38;342.91;12.93;1307;26;3613.00;224
9099;23;21139955;9099;355;10405;10627;6.15;0.38;342.90;12.93;1306;26;3614.00;222
9101;23;21139975;9101;365;10409;10631;6.11;0.38;342.90;12.92;1308;26;3615.00;222
9104;23;21139990;9104;355;10411;10631;6.05;0.37;342.88;12.92;1307;26;3616.00;220
9108;23;21140006;9108;360;10414;10631;6.00;0.37;342.87;12.92;1306;26;3617.00;217
9110;23;21140020;9110;365;10416;10634;5.95;0.37;342.80;12.92;1306;26;3618.00;218
9111;23;21140034;9111;366;10416;10634;5.91;0.36;342.83;12.92;1305;26;3619.00;218
9113;23;21140049;9113;369;10416;10634;5.90;0.36;342.91;12.92;1303;26;3620.00;218
9117;23;21140063;9117;376;10420;10638;5.89;0.36;342.90;12.92;1303;26;3621.00;218
9120;23;21140079;9120;383;10422;10639;5.89;0.36;342.88;12.92;1302;26;3622.00;217
9123;23;21140094;9123;381;10422;10639;5.88;0.36;342.91;12.92;1299;26;3623.00;217
9125;23;21140108;9125;379;10428;10643;5.83;0.36;342.90;12.92;1303;26;3624.00;215
9127;23;21140123;9127;389;10430;10643;5.79;0.36;342.92;12.93;1303;26;3625.00;213
9129;23;21140138;9129;397;10431;10643;5.73;0.35;342.97;12.93;1302;26;3626.00;212
9133;23;21140153;9133;398;10435;10644;5.63;0.35;343.05;12.93;1302;26;3627.00;209
9137;23;21140168;9137;411;10438;10644;5.56;0.34;343.03;12.98;1301;26;3628.00;206
9142;23;21140189;9142;433;10443;10650;5.49;0.34;343.13;12.98;1301;26;3629.00;207
9144;23;21140206;9144;437;10448;10650;5.45;0.33;343.14;13.03;1304;26;3630.00;202
9147;23;21140220;9147;452;10452;10651;5.39;0.33;343.14;13.04;1305;26;3631.00;199
9150;23;21140234;9150;456;10456;10651;5.34;0.33;343.22;13.08;1306;26;3632.00;195
9154;23;21140255;9154;465;10458;10651;5.28;0.32;343.27;13.09;1304;26;3633.00;193
9155;23;21140269;9155;473;10459;10651;5.25;0.32;343.27;13.09;1304;26;3634.00;192
9157;23;21140282;9157;473;10460;10651;5.19;0.32;343.23;13.13;1303;26;3635.00;191
9162;23;21140296;9162;483;10472;10663;5.15;0.32;343.21;13.12;1310;26;3636.00;191
9163;23;21140311;9163;483;10475;10663;5.09;0.31;343.22;13.13;1312;26;3637.00;188
9165;23;21140324;9165;489;10477;10663;5.06;0.31;343.24;13.17;1312;26;3638.00;186
9169;23;21140338;9169;494;10479;10663;4.99;0.30;343.32;13.18;1310;26;3639.00;184
9172;23;21140353;9172;499;10481;10663;4.95;0.30;343.35;13.22;1309;26;3640.00;182
9173;23;21140367;9173;512;10481;10663;4.91;0.30;343.34;13.22;1308;26;3641.00;182
9175;23;21140381;9175;519;10486;10667;4.92;0.30;343.35;13.27;1311;26;3642.00;181
9178;23;21140395;9178;520;10488;10667;4.88;0.30;343.33;13.27;1310;26;3643.00;179
9181;23;21140410;9181;527;10495;10671;4.92;0.30;343.43;13.36;1314;26;3644.00;176
9186;23;21140424;9186;524;10499;10673;4.85;0.30;343.49;13.36;1313;26;3645.00;174
9188;23;21140438;9188;532;10501;10673;4.77;0.29;343.43;13.45;1313;26;3646.00;172
9188;23;21140451;9188;544;10502;10673;4.72;0.29;343.43;13.49;1314;26;3647.00;171
9191;23;21140464;9191;548;10512;10686;4.67;0.29;343.38;13.53;1321;26;3648.00;174
9192;23;21140478;9192;543;10512;10686;4.63;0.28;343.35;13.53;1320;26;3649.00;174
9195;23;21140491;9195;547;10513;10686;4.61;0.28;343.32;13.53;1318;26;3650.00;173
9198;23;21140504;9198;548;10516;10687;4.60;0.28;343.31;13.61;1318;26;3651.00;171
9199;23;21140517;9199;546;10516;10688;4.63;0.28;343.28;13.61;1317;26;3652.00;172
9202;23;21140536;9202;545;10518;10688;4.63;0.28;343.25;13.62;1316;26;3653.00;170
9203;23;21140549;9203;545;10522;10691;4.63;0.28;343.26;13.70;1319;26;3654.00;169
9205;23;21140563;9205;544;10524;10691;4.63;0.28;343.23;13.70;1319;26;3655.00;167
9206;23;21140576;9206;544;10527;10691;4.59;0.28;343.20;13.78;1321;26;3656.00;164
9208;23;21140590;9208;550;10527;10691;4.54;0.28;343.16;13.78;1319;26;3657.00;164
9209;23;21140603;9209;554;10532;10697;4.62;0.28;343.14;13.78;1323;26;3658.00;165
9210;23;21140616;9210;555;10534;10697;4.61;0.28;343.21;13.86;1324;26;3659.00;163
9214;23;21140630;9214;560;10534;10697;4.59;0.28;343.21;13.86;1320;26;3660.00;163
9217;23;21140644;9217;564;10536;10697;4.58;0.28;343.18;13.94;1319;26;3661.00;161
9218;23;21140657;9218;560;10539;10701;4.58;0.28;343.16;13.94;1321;26;3662.00;162
9222;23;21140670;9222;562;10540;10702;4.53;0.28;343.12;13.94;1318;26;3663.00;162
9225;23;21140683;9225;567;10540;10702;4.50;0.28;343.07;13.94;1315;26;3664.00;162
9229;23;21140696;9229;573;10543;10703;4.44;0.27;342.98;14.01;1314;26;3665.00;160
9230;23;21140709;9230;579;10543;10703;4.41;0.27;342.95;14.01;1313;26;3666.00;160
9235;23;21140722;9235;585;10546;10703;4.34;0.27;342.98;14.13;1311;26;3667.00;157
9236;23;21140734;9236;593;10546;10703;4.29;0.26;342.96;14.13;1310;26;3668.00;157
9240;23;21140746;9240;592;10547;10703;4.24;0.26;342.98;14.17;1307;26;3669.00;156
9246;23;21140759;9246;601;10548;10703;4.15;0.25;342.93;14.21;1302;26;3670.00;155
9248;23;21140771;9248;600;10548;10703;4.07;0.25;342.90;14.21;1300;26;3671.00;155
9252;23;21140785;9252;613;10587;10773;4.15;0.26;342.80;14.20;1335;26;3672.00;186
9256;23;21140802;9256;607;10589;10774;4.03;0.25;342.77;14.20;1333;26;3673.00;185
9258;23;21140814;9258;605;10597;10774;3.96;0.24;342.71;14.19;1339;26;3674.00;177
9260;23;21140825;9260;593;10600;10774;3.93;0.24;342.72;14.18;1340;26;3675.00;174
9261;23;21140837;9261;588;10602;10774;3.92;0.24;342.70;14.18;1341;26;3676.00;172
9262;23;21140849;9262;586;10603;10774;3.91;0.24;342.71;14.18;1341;26;3677.00;171
9264;23;21140861;9264;573;10605;10774;3.95;0.24;342.72;14.18;1341;26;3678.00;169
9267;23;21140873;9267;562;10607;10774;3.96;0.24;342.70;14.18;1340;26;3679.00;167
9270;23;21140885;9270;549;10609;10775;4.00;0.25;342.62;14.18;1339;26;3680.00;166
9274;23;21140927;9274;539;10610;10776;4.01;0.25;342.58;14.18;1336;26;3681.00;166
9276;23;21140954;9276;526;10612;10776;4.06;0.25;342.56;14.18;1336;26;3682.00;164
9278;23;21140969;9278;527;10617;10780;4.16;0.26;342.52;14.17;1339;26;3683.00;163
9282;23;21140983;9282;519;10618;10780;4.21;0.26;342.49;14.17;1336;26;3684.00;162
9283;23;21141002;9283;512;10618;10780;4.32;0.27;342.51;14.17;1335;26;3685.00;162
9285;23;21141015;9285;501;10618;10780;4.44;0.27;342.50;14.17;1333;26;3686.00;162
9287;23;21141030;9287;496;10622;10786;4.54;0.28;342.51;14.17;1335;26;3687.00;164
9288;23;21141044;9288;483;10622;10786;4.60;0.28;342.53;14.17;1334;26;3688.00;164
9290;23;21141058;9290;488;10623;10786;4.63;0.28;342.52;14.21;1333;26;3689.00;163
9294;23;21141076;9294;486;10627;10792;4.70;0.29;342.46;14.20;1333;26;3690.00;165
9299;23;21141091;9299;501;10627;10792;4.69;0.29;342.36;14.20;1328;26;3691.00;165
9302;23;21141106;9302;502;10628;10792;4.67;0.29;342.33;14.20;1326;26;3692.00;164
9304;23;21141125;9304;496;10628;10793;4.69;0.29;342.31;14.20;1324;26;3693.00;165
9307;23;21141139;9307;504;10630;10794;4.63;0.28;342.31;14.20;1323;26;3694.00;164
9312;23;21141153;9312;497;10630;10794;4.64;0.28;342.32;14.20;1318;26;3695.00;164
9317;23;21141167;9317;490;10640;10807;4.74;0.29;342.42;14.19;1323;26;3696.00;167
9321;23;21141183;9321;497;10641;10807;4.73;0.29;342.40;14.19;1320;26;3697.00;166
9324;23;21141198;9324;495;10642;10807;4.73;0.29;342.35;14.19;1318;26;3698.00;165
9326;23;21141212;9326;499;10643;10808;4.73;0.29;342.35;14.19;1317;26;3699.00;165
9330;23;21141226;9330;495;10644;10808;4.72;0.29;342.32;14.18;1314;26;3700.00;164
9332;23;21141245;9332;493;10647;10812;4.74;0.29;342.34;14.18;1315;26;3701.00;165
9338;23;21141259;9338;490;10648;10812;4.74;0.29;342.47;14.18;1310;26;3702.00;164
9340;23;21141273;9340;491;10651;10816;4.77;0.29;342.47;14.18;1311;26;3703.00;165
9341;23;21141287;9341;489;10651;10816;4.82;0.29;342.47;14.18;1310;26;3704.00;165
9345;23;21141304;9345;490;10652;10816;4.83;0.29;342.43;14.17;1307;26;3705.00;164
9348;23;21141318;9348;483;10652;10816;4.82;0.29;342.50;14.17;1304;26;3706.00;164
9350;23;21141332;9350;478;10652;10816;4.84;0.29;342.45;14.17;1302;26;3707.00;164
9353;23;21141346;9353;472;10661;10828;4.90;0.30;342.54;14.16;1308;26;3708.00;167
9357;23;21141361;9357;472;10662;10828;4.90;0.30;342.68;14.16;1305;26;3709.00;166
9359;23;21141375;9359;468;10663;10828;4.93;0.30;342.68;14.16;1304;26;3710.00;165
9362;23;21141388;9362;476;10663;10828;4.92;0.30;342.88;14.16;1301;26;3711.00;165
9365;23;21141402;9365;472;10663;10828;4.93;0.30;342.95;14.16;1298;26;3712.00;165
9370;23;21141417;9370;474;10663;10828;4.90;0.30;342.93;14.16;1293;26;3713.00;165
9378;23;21141432;9378;476;10663;10829;4.82;0.29;343.08;14.16;1285;26;3714.00;166
9383;23;21141446;9383;479;10663;10829;4.78;0.29;343.17;14.16;1280;26;3715.00;166
9386;23;21141460;9386;491;10668;10835;4.74;0.29;343.21;14.15;1282;26;3716.00;167
9388;23;21141474;9388;486;10669;10836;4.71;0.29;343.27;14.15;1281;26;3717.00;167
9392;23;21141488;9392;489;10669;10836;4.65;0.28;343.27;14.15;1277;26;3718.00;167
9395;23;21141501;9395;492;10669;10836;4.62;0.28;343.41;14.15;1274;26;3719.00;167
9399;23;21141517;9399;494;10673;10841;4.58;0.28;343.42;14.15;1274;26;3720.00;168
9402;23;21141531;9402;493;10674;10841;4.54;0.28;343.43;14.19;1272;26;3721.00;167
9406;23;21141545;9406;483;10674;10841;4.48;0.27;343.52;14.19;1268;26;3722.00;167
9409;23;21141559;9409;478;10675;10842;4.45;0.27;343.50;14.19;1266;26;3723.00;167
9411;23;21141572;9411;477;10678;10846;4.45;0.27;343.61;14.19;1267;26;3724.00;168
9412;23;21141586;9412;478;10678;10846;4.52;0.27;343.70;14.19;1266;26;3725.00;168
9414;23;21141599;9414;477;10680;10849;4.57;0.28;343.80;14.18;1266;26;3726.00;169
9415;23;21141615;9415;476;10680;10849;4.57;0.28;343.78;14.18;1265;26;3727.00;169
9418;23;21141628;9418;474;10681;10849;4.58;0.28;343.93;14.18;1263;26;3728.00;168
9421;23;21141642;9421;475;10681;10849;4.57;0.28;344.10;14.18;1260;26;3729.00;168
9424;23;21141656;9424;475;10685;10853;4.57;0.28;344.18;14.18;1261;26;3730.00;168
9425;23;21141671;9425;453;10685;10853;4.61;0.28;344.17;14.18;1260;26;3731.00;168
9430;23;21141684;9430;452;10685;10853;4.63;0.28;344.22;14.18;1255;26;3732.00;168
9431;23;21141700;9431;449;10685;10853;4.66;0.28;344.21;14.18;1254;26;3733.00;168
9432;23;21141714;9432;444;10685;10854;4.69;0.28;344.20;14.18;1253;26;3734.00;169
9433;23;21141728;9433;448;10687;10856;4.71;0.29;344.26;14.18;1254;26;3735.00;169
9435;23;21141743;9435;441;10687;10856;4.73;0.29;344.25;14.18;1252;26;3736.00;169
9436;23;21141757;9436;445;10688;10857;4.72;0.29;344.33;14.17;1252;26;3737.00;169
9439;23;21141770;9439;450;10688;10857;4.70;0.29;344.40;14.17;1249;26;3738.00;169
9440;23;21141785;9440;448;10688;10857;4.69;0.28;344.48;14.17;1248;26;3739.00;169
9442;23;21141798;9442;456;10688;10857;4.66;0.28;344.65;14.17;1246;26;3740.00;169
9442;23;21141812;9442;454;10688;10857;4.70;0.29;344.65;14.17;1246;26;3741.00;169
9444;23;21141826;9444;454;10689;10857;4.69;0.29;344.76;14.22;1245;26;3742.00;168
9448;23;21141840;9448;445;10689;10857;4.65;0.28;344.94;14.22;1241;26;3743.00;168
9450;23;21141855;9450;470;10766;10984;4.80;0.30;344.97;14.12;1316;26;3744.00;218
9452;23;21141878;9452;461;10766;10985;4.84;0.30;345.09;14.12;1314;26;3745.00;219
9452;23;21141893;9452;451;10771;10985;4.96;0.31;345.09;14.11;1319;26;3746.00;214
9453;23;21141907;9453;453;10771;10985;5.02;0.31;345.12;14.11;1318;26;3747.00;214
9456;23;21141921;9456;441;10775;10985;5.07;0.31;345.16;14.11;1319;26;3748.00;210
9459;23;21141936;9459;442;10776;10985;5.10;0.31;345.27;14.11;1317;26;3749.00;209
9463;23;21141951;9463;438;10780;10990;5.11;0.31;345.48;14.10;1317;26;3750.00;210
9464;23;21141967;9464;427;10782;10990;5.14;0.32;345.46;14.10;1318;26;3751.00;208
9466;23;21141981;9466;428;10784;10991;5.17;0.32;345.56;14.10;1318;26;3752.00;207
9466;23;21141996;9466;436;10788;10992;5.22;0.32;345.56;14.10;1322;26;3753.00;204
9471;23;21142016;9471;443;10790;10992;5.16;0.32;345.51;14.10;1319;26;3754.00;202
9471;23;21142031;9471;440;10792;10993;5.18;0.32;345.51;14.10;1321;26;3755.00;201
9473;23;21142045;9473;449;10795;10993;5.14;0.32;345.47;14.10;1322;26;3756.00;198
9474;23;21142065;9474;449;10797;10993;5.16;0.32;345.47;14.10;1323;26;3757.00;196
9476;23;21142079;9476;461;10802;10993;5.17;0.32;345.61;14.10;1326;26;3758.00;191
9478;23;21142093;9478;471;10805;10997;5.19;0.32;345.64;14.09;1327;26;3759.00;192
9480;23;21142109;9480;475;10807;10997;5.22;0.32;345.70;14.09;1327;26;3760.00;190
9483;23;21142122;9483;480;10809;10997;5.24;0.32;345.70;14.09;1326;26;3761.00;188
9486;23;21142136;9486;480;10810;11000;5.27;0.32;345.76;14.10;1324;26;3762.00;190
9488;23;21142151;9488;489;10813;11000;5.30;0.32;345.80;14.10;1325;26;3763.00;187
9488;23;21142166;9488;488;10814;11000;5.31;0.32;345.80;14.10;1326;26;3764.00;186
9490;23;21142181;9490;487;10818;11004;5.36;0.33;345.89;14.09;1328;26;3765.00;186
9496;23;21142196;9496;489;10820;11005;5.41;0.33;345.91;14.09;1324;26;3766.00;185
9497;23;21142211;9497;484;10821;11005;5.45;0.33;345.91;14.09;1324;26;3767.00;184
9500;23;21142226;9500;473;10823;11009;5.49;0.33;345.99;14.09;1323;26;3768.00;186
9503;23;21142241;9503;468;10824;11009;5.52;0.34;345.99;14.08;1321;26;3769.00;185
9504;23;21142256;9504;460;10825;11009;5.57;0.34;345.98;14.08;1321;26;3770.00;184
9507;23;21142272;9507;459;10826;11010;5.63;0.34;346.10;14.08;1319;26;3771.00;184
9509;23;21142287;9509;457;10826;11010;5.64;0.34;346.14;14.08;1317;26;3772.00;184
9509;23;21142302;9509;459;10831;11016;5.64;0.34;346.14;14.08;1322;26;3773.00;185
9513;23;21142318;9513;462;10831;11016;5.57;0.34;346.18;14.08;1318;26;3774.00;185
9515;23;21142334;9515;455;10831;11017;5.49;0.33;346.16;14.08;1316;26;3775.00;186
9517;23;21142349;9517;457;10831;11017;5.43;0.33;346.14;14.08;1314;26;3776.00;186
9520;23;21142365;9520;452;10831;11017;5.37;0.33;346.22;14.08;1311;26;3777.00;186
9521;23;21142380;9521;457;10831;11017;5.29;0.32;346.27;14.08;1310;26;3778.00;186
9527;23;21142401;9527;453;10831;11017;5.17;0.31;346.37;14.08;1304;26;3779.00;186
9531;23;21142417;9531;452;10856;11053;5.19;0.32;346.42;14.14;1325;26;3780.00;197
9536;23;21142437;9536;451;10858;11053;5.12;0.31;346.54;14.14;1322;26;3781.00;195
9540;23;21142451;9540;442;10860;11053;5.10;0.31;346.62;14.14;1320;26;3782.00;193
9544;23;21142466;9544;447;10862;11053;5.12;0.31;346.62;14.14;1318;26;3783.00;191
9548;23;21142482;9548;446;10864;11053;5.16;0.32;346.80;14.14;1316;26;3784.00;189
9549;23;21142497;9549;445;10864;11053;5.23;0.32;346.84;14.14;1315;26;3785.00;189
9551;23;21142511;9551;451;10866;11057;5.28;0.32;346.94;14.13;1315;26;3786.00;191
9555;23;21142527;9555;450;10866;11057;5.31;0.32;346.94;14.13;1311;26;3787.00;191
9557;23;21142541;9557;447;10869;11061;5.34;0.33;347.04;14.13;1312;26;3788.00;192
9563;23;21142556;9563;439;10870;11062;5.32;0.32;347.17;14.13;1307;26;3789.00;192
9570;23;21142572;9570;437;10870;11062;5.33;0.32;347.37;14.13;1300;26;3790.00;192
9574;23;21142587;9574;442;10870;11062;5.31;0.32;347.42;14.13;1296;26;3791.00;192
9578;23;21142605;9578;450;10882;11075;5.30;0.32;347.50;14.12;1304;26;3792.00;193
9582;23;21142622;9582;448;10883;11075;5.29;0.32;347.51;14.12;1301;26;3793.00;192
9582;23;21142638;9582;446;10884;11075;5.30;0.32;347.51;14.12;1302;26;3794.00;191
9586;23;21142654;9586;443;10885;11076;5.27;0.32;347.52;14.12;1299;26;3795.00;191
9586;23;21142669;9586;447;10885;11077;5.25;0.32;347.52;14.12;1299;26;3796.00;192
9589;23;21142685;9589;447;10885;11077;5.21;0.32;347.50;14.12;1296;26;3797.00;192
9590;23;21142699;9590;456;10889;11080;5.21;0.32;347.50;14.12;1299;26;3798.00;191
9591;23;21142714;9591;456;10890;11080;5.18;0.32;347.54;14.11;1299;26;3799.00;190
9595;23;21142728;9595;459;10890;11080;5.15;0.31;347.58;14.11;1295;26;3800.00;190
9596;23;21142747;9596;463;10890;11080;5.15;0.31;347.55;14.11;1294;26;3801.00;190
9601;23;21142761;9601;472;10895;11086;5.16;0.31;347.54;14.11;1294;26;3802.00;191
9603;23;21142775;9603;489;10895;11086;5.14;0.31;347.59;14.11;1292;26;3803.00;191
9607;23;21142789;9607;495;10895;11086;5.09;0.31;347.77;14.11;1288;26;3804.00;191
9609;23;21142804;9609;495;10897;11086;5.04;0.31;347.73;14.21;1288;26;3805.00;189
9609;23;21142817;9609;496;10900;11090;5.00;0.30;347.73;14.20;1291;26;3806.00;190
9611;24;21142843;9611;503;10901;11091;5.00;0.30;347.72;14.20;1290;27;3807.00;190
9613;24;21142869;9613;504;10903;11091;4.96;0.30;347.75;14.30;1290;27;3808.00;188
9613;24;21142884;9613;509;10904;11092;4.92;0.30;347.75;14.30;1291;27;3809.00;188
9615;24;21142902;9615;511;10904;11092;4.87;0.30;347.70;14.30;1289;27;3810.00;188
9617;24;21142916;9617;510;10905;11092;4.81;0.29;347.65;14.35;1288;27;3811.00;187
9617;24;21142932;9617;515;10905;11092;4.77;0.29;347.65;14.35;1288;27;3812.00;187
9618;24;21142946;9618;527;10905;11092;4.76;0.29;347.70;14.35;1287;27;3813.00;187
9618;24;21142960;9618;526;10907;11092;4.71;0.29;347.70;14.45;1289;27;3814.00;185
9621;24;21142973;9621;532;10907;11092;4.66;0.28;347.69;14.45;1286;27;3815.00;185
9623;24;21142987;9623;552;10946;11162;4.84;0.30;347.65;14.49;1323;27;3816.00;216
9625;24;21143007;9625;558;10948;11163;4.77;0.29;347.59;14.49;1323;27;3817.00;215
9626;24;21143021;9626;560;10958;11163;4.76;0.29;347.60;14.57;1332;27;3818.00;205
9626;24;21143034;9626;568;10959;11163;4.72;0.29;347.60;14.57;1333;27;3819.00;204
9626;24;21143048;9626;567;10963;11163;4.69;0.29;347.60;14.57;1337;27;3820.00;200
9627;24;21143062;9627;566;10963;11163;4.61;0.28;347.57;14.57;1336;27;3821.00;200
9630;24;21143075;9630;574;10967;11163;4.56;0.28;347.56;14.57;1337;27;3822.00;196
9632;24;21143088;9632;575;10972;11163;4.49;0.27;347.52;14.70;1340;27;3823.00;191
9634;24;21143108;9634;577;10975;11164;4.45;0.27;347.47;14.70;1341;27;3824.00;189
9638;25;21143121;9638;577;10980;11166;4.42;0.27;347.37;14.74;1342;28;3825.00;186
9639;25;21143149;9639;585;10983;11166;4.35;0.27;347.35;14.74;1344;28;3826.00;183
9641;25;21143163;9641;588;10987;11170;4.28;0.26;347.32;14.74;1346;28;3827.00;183
9644;25;21143182;9644;596;10987;11170;4.25;0.26;347.24;14.74;1343;28;3828.00;183
9645;25;21143196;9645;600;10991;11170;4.17;0.26;347.32;14.92;1346;28;3829.00;179
9649;25;21143209;9649;598;10992;11170;4.10;0.25;347.37;14.97;1343;28;3830.00;178
9650;25;21143224;9650;609;10999;11176;4.10;0.25;347.34;15.05;1349;28;3831.00;177
9651;25;21143238;9651;611;10999;11176;4.08;0.25;347.43;15.05;1348;28;3832.00;177
9652;25;21143252;9652;616;10999;11176;4.07;0.25;347.41;15.05;1347;28;3833.00;177
9654;25;21143266;9654;621;11004;11179;4.04;0.25;347.37;15.13;1350;28;3834.00;175
9655;25;21143280;9655;618;11004;11179;4.01;0.25;347.35;15.13;1349;28;3835.00;175
9659;25;21143294;9659;606;11005;11179;3.97;0.24;347.35;15.18;1346;28;3836.00;174
9660;25;21143309;9660;607;11006;11180;3.96;0.24;347.36;15.22;1346;28;3837.00;174
9664;25;21143322;9664;608;11007;11181;3.93;0.24;347.28;15.22;1343;28;3838.00;174
9666;25;21143335;9666;608;11007;11181;3.93;0.24;347.26;15.22;1341;28;3839.00;174
9669;25;21143350;9669;616;11026;11207;3.98;0.24;347.19;15.24;1357;28;3840.00;181
9673;25;21143366;9673;613;11027;11207;3.95;0.24;347.13;15.23;1354;28;3841.00;180
9676;25;21143380;9676;615;11030;11207;3.93;0.24;347.09;15.23;1354;28;3842.00;177
9678;25;21143393;9678;617;11031;11208;3.91;0.24;347.08;15.23;1353;28;3843.00;177
9683;25;21143406;9683;615;11031;11208;3.86;0.23;346.94;15.23;1348;28;3844.00;177
9685;25;21143420;9685;609;11035;11212;3.88;0.24;346.96;15.22;1350;28;3845.00;177
9687;25;21143434;9687;608;11036;11214;3.85;0.23;346.97;15.22;1349;28;3846.00;178
9687;25;21143448;9687;611;11040;11218;3.86;0.24;346.97;15.22;1353;28;3847.00;178
9690;25;21143461;9690;610;11040;11218;3.83;0.23;346.97;15.22;1350;28;3848.00;178
9691;26;21143475;9691;608;11040;11218;3.82;0.23;346.98;15.22;1349;29;3849.00;178
9693;26;21143495;9693;595;11040;11218;3.82;0.23;346.98;15.22;1347;29;3850.00;178
9694;26;21143509;9694;593;11040;11218;3.88;0.24;346.97;15.22;1346;29;3851.00;178
9696;26;21143525;9696;591;11051;11230;3.96;0.24;346.99;15.20;1355;29;3852.00;179
9700;26;21143546;9700;584;11051;11230;3.99;0.24;346.96;15.20;1351;29;3853.00;179
9702;26;21143561;9702;577;11051;11230;4.06;0.25;346.91;15.20;1349;29;3854.00;179
9704;26;21143576;9704;568;11051;11230;4.12;0.25;346.93;15.20;1347;29;3855.00;179
9709;26;21143599;9709;566;11051;11230;4.12;0.25;347.19;15.20;1342;29;3856.00;179
9711;26;21143613;9711;561;11051;11230;4.19;0.26;347.16;15.20;1340;29;3857.00;179
9715;26;21143627;9715;547;11051;11231;4.22;0.26;347.19;15.20;1336;29;3858.00;180
9719;26;21143664;9719;540;11051;11231;4.23;0.26;347.31;15.20;1332;29;3859.00;180
9725;26;21143678;9725;537;11056;11237;4.27;0.26;347.33;15.20;1331;29;3860.00;181
9730;26;21143692;9730;530;11057;11238;4.27;0.26;347.36;15.20;1327;29;3861.00;181
9733;26;21143708;9733;533;11057;11238;4.28;0.26;347.31;15.20;1324;29;3862.00;181
9735;26;21143723;9735;520;11057;11238;4.31;0.26;347.34;15.20;1322;29;3863.00;181
9739;26;21143737;9739;523;11060;11242;4.37;0.27;347.32;15.19;1321;29;3864.00;182
9742;26;21143751;9742;523;11060;11242;4.41;0.27;347.40;15.19;1318;29;3865.00;182
9747;26;21143767;9747;512;11060;11242;4.42;0.27;347.42;15.19;1313;29;3866.00;182
9750;26;21143782;9750;516;11061;11243;4.45;0.27;347.45;15.19;1311;29;3867.00;182
9755;26;21143797;9755;511;11064;11247;4.50;0.27;347.52;15.19;1309;29;3868.00;183
9760;26;21143812;9760;502;11064;11247;4.53;0.27;347.54;15.19;1304;29;3869.00;183
9762;26;21143828;9762;502;11068;11253;4.61;0.28;347.54;15.18;1306;29;3870.00;185
9764;26;21143843;9764;499;11068;11253;4.66;0.28;347.56;15.18;1304;29;3871.00;185
9768;26;21143858;9768;497;11070;11253;4.65;0.28;347.61;15.18;1302;29;3872.00;183
9770;26;21143872;9770;495;11070;11253;4.71;0.29;347.65;15.18;1300;29;3873.00;183
9775;26;21143892;9775;495;11074;11257;4.72;0.29;347.71;15.17;1299;29;3874.00;183
9778;26;21143907;9778;494;11074;11257;4.73;0.29;347.69;15.17;1296;29;3875.00;183
9782;26;21143922;9782;490;11074;11257;4.71;0.29;347.74;15.17;1292;29;3876.00;183
9787;26;21143939;9787;487;11074;11257;4.72;0.29;347.71;15.17;1287;29;3877.00;183
9787;26;21143955;9787;487;11074;11258;4.71;0.28;347.71;15.17;1287;29;3878.00;184
9793;26;21143974;9793;485;11075;11259;4.66;0.28;347.84;15.17;1282;29;3879.00;184
9795;26;21143990;9795;485;11075;11259;4.68;0.28;347.87;15.17;1280;29;3880.00;184
9797;26;21144006;9797;476;11076;11260;4.69;0.28;347.88;15.17;1279;29;3881.00;184
9801;26;21144021;9801;475;11076;11260;4.70;0.28;347.83;15.17;1275;29;3882.00;184
9804;26;21144035;9804;470;11076;11260;4.74;0.29;347.85;15.17;1272;29;3883.00;184
9806;26;21144050;9806;474;11076;11260;4.79;0.29;347.90;15.17;1270;29;3884.00;184
9811;26;21144064;9811;467;11076;11260;4.78;0.29;347.95;15.17;1265;29;3885.00;184
9815;26;21144079;9815;467;11076;11260;4.80;0.29;347.97;15.17;1261;29;3886.00;184
9816;26;21144095;9816;462;11076;11260;4.85;0.29;347.97;15.17;1260;29;3887.00;184
9817;26;21144109;9817;490;11152;11387;5.12;0.31;347.99;15.07;1335;29;3888.00;235
9819;26;21144135;9819;475;11155;11388;5.13;0.32;348.05;15.06;1336;29;3889.00;233
9820;26;21144150;9820;471;11161;11388;5.17;0.32;348.05;15.06;1341;29;3890.00;227
9823;26;21144165;9823;466;11163;11388;5.16;0.32;348.12;15.05;1340;29;3891.00;225
9826;26;21144180;9826;466;11167;11388;5.10;0.31;348.11;15.05;1341;29;3892.00;221
9828;26;21144195;9828;463;11168;11388;5.04;0.31;348.14;15.05;1340;29;3893.00;220
9831;26;21144209;9831;464;11170;11388;4.98;0.31;348.22;15.05;1339;29;3894.00;218
9833;26;21144223;9833;461;11173;11388;4.95;0.30;348.25;15.10;1340;29;3895.00;215
9834;26;21144238;9834;459;11175;11389;4.85;0.30;348.32;15.10;1341;29;3896.00;214
9837;26;21144258;9837;452;11179;11390;4.83;0.30;348.41;15.10;1342;29;3897.00;211
9837;26;21144273;9837;455;11183;11390;4.84;0.30;348.41;15.10;1346;29;3898.00;207
9840;26;21144288;9840;452;11186;11391;4.79;0.29;348.43;15.10;1346;29;3899.00;205
9845;26;21144305;9845;458;11192;11406;4.74;0.29;348.50;15.09;1347;29;3900.00;214
9848;26;21144325;9848;463;11194;11406;4.74;0.29;348.52;15.09;1346;29;3901.00;212
9851;26;21144340;9851;465;11195;11406;4.73;0.29;348.53;15.09;1344;29;3902.00;211
9857;26;21144354;9857;474;11199;11410;4.71;0.29;348.56;15.09;1342;29;3903.00;211
9857;26;21144370;9857;484;11201;11410;4.74;0.29;348.56;15.09;1344;29;3904.00;209
9860;26;21144384;9860;494;11202;11410;4.70;0.29;348.59;15.08;1342;29;3905.00;208
9862;26;21144404;9862;482;11206;11413;4.77;0.29;348.57;15.08;1344;30;3906.00;207
9863;26;21144428;9863;479;11207;11413;4.84;0.30;348.68;15.08;1344;30;3907.00;206
9865;26;21144443;9865;473;11208;11413;4.90;0.30;348.74;15.08;1343;30;3908.00;205
9869;26;21144459;9869;469;11212;11417;4.91;0.30;348.87;15.08;1343;30;3909.00;205
9871;26;21144485;9871;478;11215;11418;4.90;0.30;349.03;15.13;1344;30;3910.00;203
9871;26;21144502;9871;482;11217;11418;4.93;0.30;349.03;15.13;1346;30;3911.00;201
9873;26;21144518;9873;481;11220;11422;4.92;0.30;349.13;15.13;1347;30;3912.00;202
9877;26;21144533;9877;479;11221;11422;4.96;0.30;349.23;15.19;1344;30;3913.00;201
9880;26;21144548;9880;486;11221;11422;4.96;0.30;349.22;15.19;1341;30;3914.00;201
9882;26;21144563;9882;490;11223;11424;4.97;0.30;349.23;15.19;1341;30;3915.00;201
9883;26;21144579;9883;494;11225;11424;4.97;0.30;349.33;15.19;1342;30;3916.00;199
9886;26;21144594;9886;498;11229;11430;4.96;0.30;349.48;15.18;1343;30;3917.00;201
9887;26;21144609;9887;496;11229;11430;4.92;0.30;349.51;15.18;1342;30;3918.00;201
9893;26;21144624;9893;497;11229;11431;4.87;0.30;349.57;15.18;1336;30;3919.00;202
9896;26;21144640;9896;497;11229;11431;4.79;0.29;349.61;15.18;1333;30;3920.00;202
9896;26;21144655;9896;499;11230;11431;4.77;0.29;349.61;15.18;1334;30;3921.00;201
9897;26;21144668;9897;513;11231;11431;4.71;0.29;349.64;15.18;1334;30;3922.00;200
9898;26;21144683;9898;506;11231;11431;4.70;0.29;349.62;15.18;1333;30;3923.00;200
9899;26;21144697;9899;510;11242;11443;4.72;0.29;349.72;15.17;1343;30;3924.00;201
9904;26;21144712;9904;514;11242;11443;4.69;0.29;349.92;15.17;1338;30;3925.00;201
9905;26;21144728;9905;509;11242;11443;4.73;0.29;349.97;15.17;1337;30;3926.00;201
9907;26;21144743;9907;516;11244;11443;4.78;0.29;350.01;15.17;1337;30;3927.00;199
9910;26;21144758;9910;500;11245;11443;4.85;0.30;350.13;15.23;1335;30;3928.00;198
9912;26;21144772;9912;504;11246;11443;4.94;0.30;350.13;15.23;1334;30;3929.00;197
9915;26;21144793;9915;500;11249;11447;4.98;0.30;350.21;15.22;1334;30;3930.00;198
9917;26;21144814;9917;502;11249;11447;4.99;0.30;350.29;15.22;1332;30;3931.00;198
9918;26;21144835;9918;502;11253;11451;5.03;0.31;350.31;15.22;1335;30;3932.00;198
9922;26;21144852;9922;505;11254;11452;4.99;0.30;350.31;15.22;1332;30;3933.00;198
9925;26;21144868;9925;507;11254;11452;4.93;0.30;350.41;15.22;1329;30;3934.00;198
9929;26;21144882;9929;519;11255;11452;4.87;0.30;350.44;15.28;1326;30;3935.00;197
9932;26;21144897;9932;526;11266;11465;4.85;0.29;350.64;15.26;1334;30;3936.00;199
9934;26;21144914;9934;516;11266;11465;4.82;0.29;350.73;15.26;1332;30;3937.00;199
9935;26;21144928;9935;514;11266;11465;4.83;0.29;350.73;15.26;1331;30;3938.00;199
9937;26;21144943;9937;526;11267;11466;4.82;0.29;350.70;15.26;1330;30;3939.00;199
9939;26;21144957;9939;516;11267;11467;4.84;0.29;350.69;15.26;1328;30;3940.00;200
9943;26;21144971;9943;511;11267;11467;4.86;0.29;350.78;15.26;1324;30;3941.00;200
9944;26;21144986;9944;513;11269;11470;4.90;0.30;350.78;15.26;1325;30;3942.00;201
9944;26;21145001;9944;507;11269;11470;4.90;0.30;350.78;15.26;1325;30;3943.00;201
9945;26;21145015;9945;503;11270;11470;4.90;0.30;350.80;15.26;1325;30;3944.00;200
9950;26;21145035;9950;498;11270;11470;4.88;0.30;350.80;15.26;1320;30;3945.00;200
9951;26;21145049;9951;498;11276;11476;4.93;0.30;350.83;15.31;1325;30;3946.00;200
9952;26;21145065;9952;498;11276;11476;4.99;0.30;350.88;15.31;1324;30;3947.00;200
9956;26;21145080;9956;492;11276;11476;4.98;0.30;350.88;15.31;1320;30;3948.00;200
9958;26;21145094;9958;494;11276;11476;4.99;0.30;350.87;15.31;1318;30;3949.00;200
9961;26;21145108;9961;492;11279;11480;4.94;0.30;350.92;15.31;1318;30;3950.00;201
9963;26;21145122;9963;496;11280;11481;4.92;0.30;350.93;15.31;1317;30;3951.00;201
9967;26;21145136;9967;495;11280;11481;4.83;0.29;350.98;15.31;1313;30;3952.00;201
9970;26;21145149;9970;504;11281;11482;4.78;0.29;350.99;15.31;1311;30;3953.00;201
9973;26;21145164;9973;498;11281;11482;4.70;0.29;350.99;15.31;1308;30;3954.00;201
9976;26;21145177;9976;505;11282;11482;4.64;0.28;350.99;15.36;1306;30;3955.00;200
9977;26;21145194;9977;503;11282;11482;4.61;0.28;350.99;15.36;1305;30;3956.00;200
9980;26;21145207;9980;503;11282;11482;4.55;0.28;350.99;15.36;1302;30;3957.00;200
9982;26;21145221;9982;511;11282;11482;4.53;0.28;351.02;15.36;1300;30;3958.00;200
9985;26;21145234;9985;512;11282;11482;4.54;0.28;350.98;15.36;1297;30;3959.00;200
9987;26;21145250;9987;527;11339;11607;4.78;0.30;350.93;15.28;1352;30;3960.00;268
9989;26;21145273;9989;516;11340;11608;4.77;0.30;350.89;15.28;1351;30;3961.00;268
9994;26;21145287;9994;507;11351;11608;4.84;0.30;350.83;15.27;1357;30;3962.00;257
9996;26;21145301;9996;509;11354;11608;4.83;0.30;350.85;15.27;1358;30;3963.00;254
9998;26;21145314;9998;514;11361;11608;4.83;0.30;350.84;15.26;1363;30;3964.00;247
9999;26;21145328;9999;517;11363;11608;4.79;0.30;350.81;15.26;1364;30;3965.00;245
10002;26;21145343;10002;517;11368;11608;4.76;0.29;350.81;15.25;1366;30;3966.00;240
10003;26;21145356;10003;519;11373;11608;4.72;0.29;350.78;15.25;1370;30;3967.00;235
10007;26;21145370;10007;518;11378;11609;4.65;0.29;350.70;15.25;1371;30;3968.00;231
10010;26;21145386;10010;538;11380;11610;4.59;0.28;350.71;15.25;1370;30;3969.00;230
10011;26;21145400;10011;543;11384;11610;4.60;0.28;350.67;15.24;1373;30;3970.00;226
10012;26;21145414;10012;548;11387;11614;4.60;0.28;350.70;15.24;1375;30;3971.00;227
10017;26;21145428;10017;551;11387;11614;4.56;0.28;350.67;15.24;1370;30;3972.00;227
10019;26;21145442;10019;552;11387;11614;4.52;0.28;350.65;15.24;1368;30;3973.00;227
10023;26;21145456;10023;566;11388;11614;4.43;0.27;350.63;15.24;1365;30;3974.00;226
10024;26;21145471;10024;581;11393;11620;4.39;0.27;350.66;15.29;1369;30;3975.00;227
10025;26;21145485;10025;583;11393;11620;4.37;0.27;350.63;15.29;1368;30;3976.00;227
10027;26;21145499;10027;590;11394;11620;4.31;0.27;350.64;15.34;1367;30;3977.00;226
10028;26;21145512;10028;593;11398;11623;4.27;0.26;350.64;15.34;1370;30;3978.00;225
10029;26;21145528;10029;604;11398;11623;4.24;0.26;350.64;15.34;1369;30;3979.00;225
10029;26;21145542;10029;610;11399;11623;4.21;0.26;350.64;15.34;1370;30;3980.00;224
10030;26;21145557;10030;614;11400;11624;4.15;0.26;350.64;15.34;1370;30;3981.00;224
10032;26;21145572;10032;624;11403;11625;4.19;0.26;350.64;15.39;1371;30;3982.00;222
10034;26;21145586;10034;632;11405;11625;4.17;0.26;350.73;15.44;1371;30;3983.00;220
10037;26;21145600;10037;630;11414;11638;4.19;0.26;350.68;15.43;1377;30;3984.00;224
10037;26;21145615;10037;637;11415;11638;4.21;0.26;350.68;15.49;1378;30;3985.00;223
10042;26;21145629;10042;641;11416;11638;4.18;0.26;350.64;15.48;1374;30;3986.00;222
10045;26;21145644;10045;633;11419;11639;4.17;0.26;350.67;15.53;1374;30;3987.00;220
10047;26;21145658;10047;638;11420;11639;4.14;0.25;350.67;15.59;1373;30;3988.00;219
10048;26;21145672;10048;647;11424;11643;4.11;0.25;350.65;15.64;1376;30;3989.00;219
10054;26;21145686;10054;653;11425;11643;4.01;0.25;350.67;15.63;1371;30;3990.00;218
10056;26;21145701;10056;658;11429;11647;3.97;0.24;350.65;15.68;1373;30;3991.00;218
10056;26;21145717;10056;657;11429;11647;4.00;0.25;350.65;15.68;1373;30;3992.00;218
10057;26;21145730;10057;651;11430;11647;4.02;0.25;350.62;15.73;1373;30;3993.00;217
10059;26;21145747;10059;645;11430;11647;4.02;0.25;350.62;15.73;1371;30;3994.00;217
10060;26;21145761;10060;644;11431;11647;4.02;0.25;350.61;15.78;1371;30;3995.00;216
10060;26;21145775;10060;644;11442;11659;4.11;0.25;350.61;15.77;1382;30;3996.00;217
10063;26;21145790;10063;649;11443;11659;4.09;0.25;350.57;15.82;1380;30;3997.00;216
10063;26;21145804;10063;649;11443;11659;4.10;0.25;350.57;15.82;1380;30;3998.00;216
10064;26;21145817;10064;645;11444;11659;4.10;0.25;350.55;15.87;1380;30;3999.00;215
10064;26;21145832;10064;639;11444;11659;4.13;0.25;350.55;15.87;1380;30;4000.00;215
10065;26;21145849;10065;638;11445;11659;4.11;0.25;350.54;15.92;1380;30;4001.00;214
10066;26;21145863;10066;629;11445;11660;4.14;0.25;350.52;15.92;1379;30;4002.00;215
10068;26;21145877;10068;630;11446;11660;4.19;0.26;350.49;15.97;1378;30;4003.00;214
10070;26;21145891;10070;625;11451;11666;4.26;0.26;350.47;15.97;1381;30;4004.00;215
10071;26;21145906;10071;624;11453;11668;4.31;0.26;350.46;15.96;1382;30;4005.00;215
10073;27;21145919;10073;622;11454;11668;4.32;0.26;350.42;16.01;1381;31;4006.00;214
10076;27;21145940;10076;626;11454;11668;4.31;0.26;350.38;16.01;1378;31;4007.00;214
10076;28;21145954;10076;622;11457;11672;4.39;0.27;350.38;16.01;1381;32;4008.00;215
10078;28;21145982;10078;622;11459;11672;4.40;0.27;350.34;16.11;1381;32;4009.00;213
10079;29;21145995;10079;621;11461;11672;4.38;0.27;350.32;16.21;1382;33;4010.00;211
10082;29;21146015;10082;623;11462;11673;4.36;0.27;350.30;16.21;1380;33;4011.00;211
10086;29;21146028;10086;617;11465;11677;4.36;0.27;350.29;16.20;1379;33;4012.00;212
10088;29;21146047;10088;617;11465;11677;4.34;0.26;350.30;16.20;1377;33;4013.00;212
10093;29;21146061;10093;617;11470;11680;4.31;0.26;350.22;16.35;1377;33;4014.00;210
10093;29;21146079;10093;616;11471;11680;4.34;0.26;350.22;16.40;1378;33;4015.00;209
10096;29;21146094;10096;618;11474;11680;4.27;0.26;350.24;16.49;1378;33;4016.00;206
10097;29;21146107;10097;625;11474;11680;4.23;0.26;350.22;16.49;1377;33;4017.00;206
10100;29;21146121;10100;628;11478;11684;4.24;0.26;350.17;16.49;1378;33;4018.00;206
10100;29;21146134;10100;623;11480;11684;4.24;0.26;350.17;16.58;1380;33;4019.00;204
10103;29;21146150;10103;629;11480;11684;4.21;0.26;350.13;16.58;1377;33;4020.00;204
10105;29;21146164;10105;620;11480;11684;4.18;0.26;350.22;16.58;1375;33;4021.00;204
10108;29;21146176;10108;620;11480;11685;4.13;0.25;350.26;16.58;1372;33;4022.00;205
10112;29;21146189;10112;614;11481;11686;4.10;0.25;350.22;16.58;1369;33;4023.00;205
10117;29;21146201;10117;615;11481;11686;4.06;0.25;350.43;16.58;1364;33;4024.00;205
10118;29;21146214;10118;606;11482;11687;4.09;0.25;350.41;16.58;1364;33;4025.00;205
10121;29;21146227;10121;600;11482;11687;4.10;0.25;350.46;16.58;1361;33;4026.00;205
10122;29;21146240;10122;603;11482;11687;4.12;0.25;350.48;16.58;1360;33;4027.00;205
10127;29;21146252;10127;595;11482;11687;4.12;0.25;350.50;16.58;1355;33;4028.00;205
10129;29;21146265;10129;578;11482;11687;4.13;0.25;350.50;16.58;1353;33;4029.00;205
10133;29;21146279;10133;573;11482;11687;4.16;0.25;350.44;16.58;1349;33;4030.00;205
10134;29;21146293;10134;571;11482;11687;4.18;0.25;350.45;16.58;1348;33;4031.00;205
10139;29;21146307;10139;582;11545;11814;4.43;0.27;350.54;16.49;1406;33;4032.00;269
10141;29;21146334;10141;563;11547;11815;4.48;0.28;350.58;16.48;1406;33;4033.00;268
10144;29;21146349;10144;557;11554;11815;4.54;0.28;350.69;16.48;1410;33;4034.00;261
10146;29;21146365;10146;543;11561;11815;4.60;0.28;350.73;16.47;1415;33;4035.00;254
10147;29;21146380;10147;530;11566;11815;4.62;0.29;350.75;16.46;1419;33;4036.00;249
10151;29;21146399;10151;526;11569;11815;4.64;0.29;350.82;16.46;1418;33;4037.00;246
10154;29;21146414;10154;518;11572;11815;4.62;0.29;350.92;16.46;1418;33;4038.00;243
10157;29;21146432;10157;518;11574;11815;4.62;0.29;351.05;16.46;1417;33;4039.00;241
10164;29;21146453;10164;518;11576;11816;4.61;0.28;351.15;16.45;1412;33;4040.00;240
10167;29;21146473;10167;518;11579;11817;4.60;0.28;351.25;16.45;1412;33;4041.00;238
10170;29;21146490;10170;526;11579;11817;4.62;0.28;351.39;16.45;1409;33;4042.00;238
10174;29;21146507;10174;532;11583;11818;4.61;0.28;351.48;16.45;1409;33;4043.00;235
10177;29;21146526;10177;539;11583;11818;4.62;0.28;351.63;16.45;1406;33;4044.00;235
10182;29;21146543;10182;533;11585;11818;4.62;0.28;351.80;16.45;1403;33;4045.00;233
10185;29;21146568;10185;542;11585;11818;4.59;0.28;351.78;16.45;1400;33;4046.00;233
10191;29;21146588;10191;540;11589;11822;4.55;0.28;351.87;16.45;1398;33;4047.00;233
10193;29;21146607;10193;544;11591;11822;4.54;0.28;351.92;16.45;1398;33;4048.00;231
10197;29;21146625;10197;538;11591;11822;4.50;0.28;351.93;16.45;1394;33;4049.00;231
10200;29;21146643;10200;537;11594;11828;4.52;0.28;351.95;16.44;1394;33;4050.00;234
10204;29;21146660;10204;526;11596;11828;4.52;0.28;352.05;16.44;1392;33;4051.00;232
10206;29;21146675;10206;520;11598;11828;4.52;0.28;352.04;16.44;1392;33;4052.00;230
10210;29;21146690;10210;512;11603;11832;4.53;0.28;352.13;16.44;1393;33;4053.00;229
10214;29;21146706;10214;512;11605;11833;4.50;0.27;352.21;16.51;1391;33;4054.00;228
10215;29;21146723;10215;505;11607;11833;4.52;0.28;352.26;16.51;1392;33;4055.00;226
10218;29;21146737;10218;513;11609;11837;4.51;0.28;352.41;16.50;1391;33;4056.00;228
10220;29;21146755;10220;506;11611;11837;4.52;0.28;352.58;16.50;1391;33;4057.00;226
10223;29;21146769;10223;503;11613;11837;4.52;0.28;352.53;16.50;1390;33;4058.00;224
10230;29;21146787;10230;505;11614;11838;4.50;0.27;352.79;16.50;1384;33;4059.00;224
10231;29;21146803;10231;501;11615;11838;4.53;0.28;352.88;16.50;1384;33;4060.00;223
10235;29;21146818;10235;501;11620;11844;4.51;0.27;352.90;16.50;1385;33;4061.00;224
10240;29;21146833;10240;501;11622;11844;4.50;0.27;353.09;16.49;1382;33;4062.00;222
10244;29;21146850;10244;496;11622;11845;4.51;0.27;353.27;16.49;1378;33;4063.00;223
10246;29;21146866;10246;492;11622;11845;4.53;0.28;353.38;16.49;1376;33;4064.00;223
10251;29;21146880;10251;492;11623;11845;4.50;0.27;353.46;16.49;1372;33;4065.00;222
10254;29;21146896;10254;491;11623;11845;4.45;0.27;353.62;16.49;1369;33;4066.00;222
10254;29;21146911;10254;491;11623;11845;4.44;0.27;353.62;16.49;1369;33;4067.00;222
10259;29;21146926;10259;490;11632;11857;4.48;0.27;353.73;16.48;1373;33;4068.00;225
10264;29;21146942;10264;494;11632;11857;4.43;0.27;353.84;16.48;1368;33;4069.00;225
10267;29;21146957;10267;485;11633;11857;4.42;0.27;353.94;16.48;1366;33;4070.00;224
10270;29;21146971;10270;488;11633;11857;4.37;0.27;354.00;16.48;1363;33;4071.00;224
10271;29;21146985;10271;480;11634;11857;4.37;0.27;354.02;16.49;1363;33;4072.00;223
10273;29;21147000;10273;470;11634;11857;4.39;0.27;354.01;16.49;1361;33;4073.00;223
10277;29;21147014;10277;467;11637;11861;4.41;0.27;354.12;16.48;1360;33;4074.00;224
10279;29;21147030;10279;463;11638;11861;4.45;0.27;354.15;16.48;1359;33;4075.00;223
10282;29;21147045;10282;465;11642;11865;4.49;0.27;354.19;16.48;1360;33;4076.00;223
10285;29;21147060;10285;468;11643;11866;4.49;0.27;354.31;16.48;1358;33;4077.00;223
10286;29;21147076;10286;471;11644;11866;4.52;0.27;354.30;16.48;1358;33;4078.00;222
10291;29;21147092;10291;478;11644;11866;4.50;0.27;354.40;16.48;1353;33;4079.00;222
10291;29;21147109;10291;485;11665;11895;4.54;0.28;354.40;16.45;1374;33;4080.00;230
10294;29;21147127;10294;474;11666;11895;4.56;0.28;354.44;16.45;1372;33;4081.00;229
10296;29;21147143;10296;470;11667;11895;4.57;0.28;354.53;16.45;1371;33;4082.00;228
10297;29;21147160;10297;480;11670;11896;4.60;0.28;354.66;16.53;1373;33;4083.00;226
10301;29;21147177;10301;484;11671;11897;4.60;0.28;354.68;16.53;1370;33;4084.00;226
10302;29;21147193;10302;489;11671;11897;4.59;0.28;354.70;16.53;1369;33;4085.00;226
10305;29;21147209;10305;489;11674;11900;4.59;0.28;354.69;16.53;1369;33;4086.00;226
10307;29;21147225;10307;488;11674;11900;4.50;0.27;354.71;16.53;1367;33;4087.00;226
10309;29;21147239;10309;489;11675;11900;4.44;0.27;354.72;16.53;1366;33;4088.00;225
10310;29;21147255;10310;498;11675;11900;4.38;0.27;354.74;16.53;1365;33;4089.00;225
10312;29;21147269;10312;503;11681;11906;4.33;0.26;354.82;16.59;1369;33;4090.00;225
10314;29;21147284;10314;516;11681;11906;4.28;0.26;355.02;16.59;1367;33;4091.00;225
10316;29;21147299;10316;514;11681;11906;4.27;0.26;355.09;16.59;1365;33;4092.00;225
10320;29;21147316;10320;512;11681;11906;4.23;0.26;355.35;16.59;1361;33;4093.00;225
10321;29;21147333;10321;516;11684;11910;4.27;0.26;355.32;16.59;1363;33;4094.00;226
10325;29;21147348;10325;514;11686;11912;4.28;0.26;355.45;16.59;1361;33;4095.00;226
10327;29;21147364;10327;512;11686;11912;4.27;0.26;355.47;16.59;1359;33;4096.00;226
10328;29;21147379;10328;503;11687;11913;4.29;0.26;355.47;16.59;1359;33;4097.00;226
10329;29;21147394;10329;504;11687;11913;4.32;0.26;355.56;16.59;1358;33;4098.00;226
10332;29;21147409;10332;506;11687;11913;4.34;0.27;355.66;16.59;1355;33;4099.00;226
10335;29;21147424;10335;504;11687;11913;4.36;0.27;355.67;16.59;1352;33;4100.00;226
10336;29;21147444;10336;505;11687;11913;4.41;0.27;355.68;16.59;1351;33;4101.00;226
10339;29;21147458;10339;503;11687;11913;4.38;0.27;355.79;16.59;1348;33;4102.00;226
10343;29;21147473;10343;508;11687;11913;4.36;0.27;355.80;16.59;1344;33;4103.00;226
10347;29;21147487;10347;522;11726;11983;4.40;0.27;355.86;16.53;1379;33;4104.00;257
10351;29;21147507;10351;516;11727;11984;4.42;0.27;355.95;16.53;1376;33;4105.00;257
10353;29;21147522;10353;526;11733;11984;4.50;0.28;356.02;16.52;1380;33;4106.00;251
10358;29;21147536;10358;527;11734;11984;4.50;0.28;356.13;16.52;1376;33;4107.00;250
10361;29;21147551;10361;526;11737;11984;4.53;0.28;356.22;16.52;1376;33;4108.00;247
10362;29;21147567;10362;534;11740;11984;4.59;0.28;356.26;16.51;1378;33;4109.00;244
10362;29;21147585;10362;539;11743;11984;4.68;0.29;356.26;16.51;1381;33;4110.00;241
10364;29;21147601;10364;551;11747;11984;4.68;0.29;356.30;16.58;1383;33;4111.00;237
10368;29;21147614;10368;561;11750;11985;4.66;0.29;356.36;16.58;1382;33;4112.00;235
10370;29;21147629;10370;566;11751;11986;4.68;0.29;356.40;16.58;1381;33;4113.00;235
10372;29;21147644;10372;568;11753;11986;4.75;0.29;356.36;16.58;1381;33;4114.00;233
10378;29;21147659;10378;573;11758;11990;4.77;0.29;356.39;16.57;1380;33;4115.00;232
10379;29;21147675;10379;574;11759;11990;4.78;0.29;356.37;16.57;1380;33;4116.00;231
10379;29;21147689;10379;568;11759;11990;4.84;0.30;356.37;16.57;1380;33;4117.00;231
10386;29;21147706;10386;560;11759;11990;4.86;0.30;356.45;16.57;1373;33;4118.00;231
10390;29;21147729;10390;563;11764;11996;4.93;0.30;356.44;16.56;1374;33;4119.00;232
10391;29;21147749;10391;554;11764;11996;4.95;0.30;356.42;16.56;1373;33;4120.00;232
10394;29;21147766;10394;550;11764;11996;4.94;0.30;356.42;16.56;1370;33;4121.00;232
10396;29;21147780;10396;540;11766;11999;4.96;0.30;356.45;16.56;1370;33;4122.00;233
10401;29;21147795;10401;538;11766;11999;4.93;0.30;356.40;16.56;1365;33;4123.00;233
10403;29;21147810;10403;538;11767;11999;4.91;0.30;356.40;16.56;1364;33;4124.00;232
10406;29;21147826;10406;545;11767;12000;4.86;0.30;356.44;16.56;1361;33;4125.00;233
10410;29;21147839;10410;537;11768;12001;4.80;0.29;356.38;16.56;1358;33;4126.00;233
10413;29;21147854;10413;552;11768;12001;4.73;0.29;356.37;16.56;1355;33;4127.00;233
10415;29;21147867;10415;555;11778;12014;4.65;0.28;356.41;16.61;1363;33;4128.00;236
10420;29;21147882;10420;554;11779;12014;4.59;0.28;356.44;16.61;1359;33;4129.00;235
10422;29;21147896;10422;552;11781;12014;4.53;0.28;356.41;16.72;1359;33;4130.00;233
10423;29;21147913;10423;554;11782;12015;4.52;0.28;356.42;16.72;1359;33;4131.00;233
10427;29;21147927;10427;551;11782;12015;4.48;0.27;356.47;16.72;1355;33;4132.00;233
10429;29;21147940;10429;547;11787;12019;4.47;0.27;356.49;16.72;1358;33;4133.00;232
10431;29;21147956;10431;549;11788;12019;4.45;0.27;356.47;16.78;1357;33;4134.00;231
10433;29;21147972;10433;549;11791;12023;4.45;0.27;356.43;16.78;1358;33;4135.00;232
10435;29;21147987;10435;557;11791;12023;4.46;0.27;356.50;16.78;1356;33;4136.00;232
10438;29;21148000;10438;554;11791;12023;4.47;0.27;356.50;16.78;1353;33;4137.00;232
10442;29;21148015;10442;556;11791;12023;4.46;0.27;356.54;16.78;1349;33;4138.00;232
10448;29;21148029;10448;558;11791;12023;4.39;0.27;356.51;16.78;1343;33;4139.00;232
10449;29;21148045;10449;561;11812;12057;4.50;0.28;356.48;16.75;1363;33;4140.00;245
10450;29;21148062;10450;567;11813;12057;4.52;0.28;356.46;16.75;1363;33;4141.00;244
10452;29;21148076;10452;567;11814;12057;4.52;0.28;356.41;16.75;1362;33;4142.00;243
10454;29;21148091;10454;570;11815;12057;4.47;0.28;356.39;16.81;1361;33;4143.00;242
10455;29;21148105;10455;565;11816;12057;4.46;0.27;356.40;16.81;1361;33;4144.00;241
10458;29;21148119;10458;567;11816;12057;4.43;0.27;356.43;16.81;1358;33;4145.00;241
10460;29;21148134;10460;562;11816;12058;4.41;0.27;356.43;16.81;1356;33;4146.00;242
10461;29;21148148;10461;562;11817;12058;4.41;0.27;356.43;16.81;1356;33;4147.00;241
10462;29;21148162;10462;566;11821;12064;4.46;0.27;356.40;16.81;1359;33;4148.00;243
10465;29;21148177;10465;555;11822;12065;4.41;0.27;356.41;16.80;1357;33;4149.00;243
10466;29;21148192;10466;544;11822;12065;4.40;0.27;356.42;16.80;1356;33;4150.00;243
10467;29;21148207;10467;536;11824;12065;4.39;0.27;356.40;16.80;1357;33;4151.00;241
10470;29;21148222;10470;545;11827;12069;4.37;0.27;356.43;16.80;1357;33;4152.00;242
10472;29;21148236;10472;544;11828;12069;4.34;0.26;356.42;16.80;1356;33;4153.00;241
10474;29;21148251;10474;552;11829;12069;4.31;0.26;356.41;16.80;1355;33;4154.00;240
10474;29;21148265;10474;546;11831;12070;4.33;0.26;356.41;16.86;1357;33;4155.00;239
10474;29;21148285;10474;557;11835;12074;4.35;0.27;356.41;16.85;1361;33;4156.00;239
10477;29;21148299;10477;556;11835;12074;4.34;0.26;356.40;16.85;1358;33;4157.00;239
10477;29;21148317;10477;568;11838;12077;4.38;0.27;356.40;16.91;1361;33;4158.00;239
10478;29;21148332;10478;565;11838;12077;4.36;0.27;356.38;16.91;1360;33;4159.00;239
10478;29;21148346;10478;567;11840;12077;4.39;0.27;356.38;16.96;1362;33;4160.00;237
10481;29;21148360;10481;572;11840;12077;4.36;0.27;356.36;16.96;1359;33;4161.00;237
10482;29;21148375;10482;577;11845;12081;4.38;0.27;356.37;17.01;1363;34;4162.00;236
10483;29;21148396;10483;579;11845;12081;4.34;0.26;356.36;17.01;1362;34;4163.00;236
10483;29;21148416;10483;582;11845;12081;4.38;0.27;356.36;17.01;1362;34;4164.00;236
10483;29;21148431;10483;587;11847;12081;4.36;0.27;356.36;17.12;1364;34;4165.00;234
10485;29;21148445;10485;588;11848;12082;4.35;0.27;356.36;17.18;1363;34;4166.00;234
10485;29;21148464;10485;584;11850;12083;4.33;0.26;356.36;17.24;1365;34;4167.00;233
10485;29;21148478;10485;593;11850;12083;4.35;0.27;356.36;17.24;1365;34;4168.00;233
10487;29;21148492;10487;588;11853;12084;4.33;0.26;356.38;17.34;1366;34;4169.00;231
10488;29;21148507;10488;593;11853;12084;4.32;0.26;356.45;17.34;1365;34;4170.00;231
10492;29;21148519;10492;597;11855;12084;4.28;0.26;356.36;17.45;1363;34;4171.00;229
10494;29;21148533;10494;598;11855;12084;4.23;0.26;356.34;17.45;1361;34;4172.00;229
10496;29;21148546;10496;598;11857;12086;4.19;0.25;356.30;17.45;1361;34;4173.00;229
10498;29;21148559;10498;593;11857;12086;4.20;0.25;356.27;17.45;1359;34;4174.00;229
10499;29;21148572;10499;590;11860;12086;4.21;0.25;356.27;17.61;1361;34;4175.00;226
10503;29;21148587;10503;604;11917;12213;4.49;0.28;356.39;17.58;1414;34;4176.00;296
10504;29;21148611;10504;599;11921;12214;4.49;0.28;356.40;17.69;1417;34;4177.00;293
10504;29;21148625;10504;592;11928;12214;4.55;0.28;356.40;17.68;1424;34;4178.00;286
10505;29;21148639;10505;590;11936;12214;4.57;0.28;356.50;17.72;1431;34;4179.00;278
10506;29;21148653;10506;596;11941;12214;4.58;0.28;356.51;17.77;1435;34;4180.00;273
10508;29;21148667;10508;590;11944;12214;4.54;0.28;356.64;17.76;1436;34;4181.00;270
10509;29;21148682;10509;589;11949;12214;4.53;0.28;356.62;17.81;1440;34;4182.00;265
10510;29;21148696;10510;592;11951;12214;4.54;0.28;356.60;17.86;1441;34;4183.00;263
10512;29;21148714;10512;593;11954;12215;4.60;0.28;356.57;17.86;1442;34;4184.00;261
10515;29;21148730;10515;587;11957;12217;4.61;0.28;356.74;17.85;1442;34;4185.00;260
10518;29;21148745;10518;588;11959;12217;4.64;0.28;356.73;17.85;1441;34;4186.00;258
10521;29;21148760;10521;587;11961;12218;4.65;0.28;356.75;17.85;1440;34;4187.00;257
10525;29;21148775;10525;584;11964;12218;4.64;0.28;356.89;17.85;1439;34;4188.00;254
10527;29;21148790;10527;587;11965;12218;4.65;0.28;356.87;17.85;1438;34;4189.00;253
10531;29;21148805;10531;592;11968;12218;4.59;0.28;356.90;17.85;1437;34;4190.00;250
10537;29;21148822;10537;592;11971;12222;4.51;0.27;357.08;17.85;1434;34;4191.00;251
10538;29;21148838;10538;597;11974;12222;4.46;0.27;357.11;17.85;1436;34;4192.00;248
10543;29;21148853;10543;601;11975;12222;4.38;0.27;357.13;17.85;1432;34;4193.00;247
10547;29;21148869;10547;604;11978;12225;4.31;0.26;357.24;17.85;1431;34;4194.00;247
10548;29;21148885;10548;609;11979;12225;4.27;0.26;357.23;17.85;1431;34;4195.00;246
10551;29;21148901;10551;607;11981;12225;4.23;0.26;357.27;17.85;1430;34;4196.00;244
10555;29;21148917;10555;618;11987;12229;4.17;0.25;357.25;17.84;1432;34;4197.00;242
10558;29;21148934;10558;629;11990;12230;4.13;0.25;357.24;17.84;1432;34;4198.00;240
10558;29;21148949;10558;626;11992;12230;4.14;0.25;357.24;17.83;1434;34;4199.00;238
10562;29;21148970;10562;627;12002;12264;4.13;0.25;357.21;17.82;1440;34;4200.00;262
10566;29;21148995;10566;618;12004;12264;4.12;0.25;357.20;17.82;1438;35;4201.00;260
10568;29;21149018;10568;606;12005;12264;4.14;0.25;357.28;17.82;1437;35;4202.00;259
10570;29;21149037;10570;606;12006;12265;4.17;0.26;357.31;17.81;1436;35;4203.00;259
10572;29;21149059;10572;605;12006;12265;4.19;0.26;357.28;17.81;1434;35;4204.00;259
10574;29;21149076;10574;614;12011;12271;4.20;0.26;357.30;17.81;1437;35;4205.00;260
10577;29;21149092;10577;603;12013;12271;4.21;0.26;357.31;17.81;1436;35;4206.00;258
10580;29;21149108;10580;594;12014;12272;4.22;0.26;357.42;17.80;1434;35;4207.00;258
10584;29;21149123;10584;590;12014;12272;4.21;0.26;357.58;17.80;1430;35;4208.00;258
10587;29;21149137;10587;576;12014;12272;4.25;0.26;357.58;17.80;1427;35;4209.00;258
10589;29;21149152;10589;568;12014;12272;4.29;0.26;357.56;17.80;1425;35;4210.00;258
10592;29;21149167;10592;563;12015;12272;4.32;0.26;357.61;17.80;1423;35;4211.00;257
10594;29;21149182;10594;555;12026;12284;4.40;0.27;357.65;17.86;1432;35;4212.00;258
10597;29;21149199;10597;553;12027;12284;4.42;0.27;357.71;17.86;1430;35;4213.00;257
10602;29;21149214;10602;550;12027;12284;4.48;0.27;357.82;17.86;1425;35;4214.00;257
10605;29;21149230;10605;536;12027;12284;4.52;0.28;357.89;17.86;1422;35;4215.00;257
10610;29;21149245;10610;537;12027;12284;4.49;0.27;358.05;17.86;1417;35;4216.00;257
10614;29;21149261;10614;538;12029;12284;4.50;0.27;358.04;17.86;1415;35;4217.00;255
10617;29;21149276;10617;544;12032;12288;4.53;0.28;358.12;17.86;1415;35;4218.00;256
10620;29;21149291;10620;541;12033;12288;4.55;0.28;358.30;17.86;1413;35;4219.00;255
10624;29;21149306;10624;538;12036;12292;4.59;0.28;358.38;17.85;1412;35;4220.00;256
10630;29;21149323;10630;539;12037;12293;4.60;0.28;358.56;17.85;1407;35;4221.00;256
10635;29;21149338;10635;551;12039;12293;4.56;0.28;358.62;17.85;1404;35;4222.00;254
10636;29;21149358;10636;560;12039;12293;4.57;0.28;358.71;17.85;1403;35;4223.00;254
10643;29;21149373;10643;560;12046;12306;4.54;0.28;358.79;17.84;1403;35;4224.00;260
10648;29;21149389;10648;570;12048;12306;4.49;0.27;358.89;17.84;1400;35;4225.00;258
10651;29;21149405;10651;563;12048;12306;4.51;0.27;358.88;17.84;1397;35;4226.00;258
10655;29;21149420;10655;563;12049;12307;4.51;0.27;359.00;17.84;1394;35;4227.00;258
10659;29;21149435;10659;572;12050;12308;4.48;0.27;359.09;17.84;1391;35;4228.00;258
10663;29;21149451;10663;572;12050;12308;4.47;0.27;359.12;17.84;1387;35;4229.00;258
10668;29;21149471;10668;581;12055;12314;4.52;0.27;359.23;17.84;1387;35;4230.00;259
10671;29;21149489;10671;578;12057;12314;4.52;0.28;359.36;17.91;1386;35;4231.00;257
10677;29;21149505;10677;574;12059;12314;4.53;0.28;359.34;17.91;1382;35;4232.00;255
10681;29;21149520;10681;585;12059;12314;4.51;0.27;359.47;17.91;1378;35;4233.00;255
10686;29;21149536;10686;585;12066;12320;4.49;0.27;359.50;17.90;1380;35;4234.00;254
10689;29;21149551;10689;584;12067;12320;4.50;0.27;359.49;17.91;1378;35;4235.00;253
10691;29;21149567;10691;582;12067;12320;4.48;0.27;359.50;17.91;1376;35;4236.00;253
10694;29;21149581;10694;581;12067;12320;4.49;0.27;359.57;17.91;1373;35;4237.00;253
10696;29;21149596;10696;581;12071;12324;4.51;0.27;359.59;17.91;1375;35;4238.00;253
10701;29;21149611;10701;578;12073;12325;4.47;0.27;359.71;17.91;1372;35;4239.00;252
10705;29;21149631;10705;577;12074;12325;4.44;0.27;359.77;17.91;1369;35;4240.00;251
10707;29;21149645;10707;579;12075;12326;4.44;0.27;359.80;17.91;1368;35;4241.00;251
10712;29;21149659;10712;572;12076;12326;4.35;0.26;359.87;17.91;1364;35;4242.00;250
10713;29;21149674;10713;582;12076;12326;4.31;0.26;359.84;17.91;1363;35;4243.00;250
10717;29;21149689;10717;578;12077;12326;4.25;0.26;360.07;17.91;1360;35;4244.00;249
10720;29;21149703;10720;587;12079;12326;4.15;0.25;360.13;17.92;1359;35;4245.00;247
10724;29;21149717;10724;598;12079;12326;4.03;0.25;360.28;17.92;1355;35;4246.00;247
10728;29;21149732;10728;597;12080;12326;3.99;0.24;360.27;17.98;1352;35;4247.00;246
10729;29;21149745;10729;604;12114;12396;4.00;0.24;360.25;17.94;1385;35;4248.00;282
10732;29;21149766;10732;595;12115;12397;4.01;0.24;360.28;17.93;1383;35;4249.00;282
10735;29;21149780;10735;590;12123;12397;4.04;0.25;360.46;17.93;1388;35;4250.00;274
10737;29;21149795;10737;589;12123;12397;4.07;0.25;360.54;17.93;1386;35;4251.00;274
10739;29;21149809;10739;595;12128;12397;4.09;0.25;360.57;17.93;1389;35;4252.00;269
10743;29;21149824;10743;593;12129;12397;4.12;0.25;360.59;17.93;1386;35;4253.00;268
10746;29;21149839;10746;596;12134;12397;4.16;0.25;360.57;17.92;1388;35;4254.00;263
10749;29;21149852;10749;602;12135;12397;4.21;0.26;360.65;17.92;1386;35;4255.00;262
10751;29;21149867;10751;598;12138;12398;4.24;0.26;360.68;17.92;1387;36;4256.00;260
10753;29;21149891;10753;600;12142;12399;4.29;0.26;360.67;17.92;1389;36;4257.00;257
10755;29;21149906;10755;596;12147;12399;4.31;0.26;360.74;17.91;1392;36;4258.00;252
10756;29;21149921;10756;600;12152;12403;4.32;0.26;360.78;17.91;1396;36;4259.00;251
10757;29;21149938;10757;609;12153;12403;4.33;0.26;360.79;17.91;1396;36;4260.00;250
10760;29;21149959;10760;603;12154;12403;4.32;0.26;360.90;17.91;1394;36;4261.00;249
10761;29;21149978;10761;608;12154;12403;4.34;0.26;360.87;17.91;1393;36;4262.00;249
10763;29;21149993;10763;615;12159;12409;4.37;0.27;360.93;17.90;1396;36;4263.00;250
10765;29;21150009;10765;621;12159;12409;4.32;0.26;361.01;17.90;1394;36;4264.00;250
10771;29;21150025;10771;626;12159;12409;4.26;0.26;361.26;17.90;1388;36;4265.00;250
10772;29;21150042;10772;626;12161;12412;4.21;0.26;361.31;17.90;1389;36;4266.00;251
10775;29;21150058;10775;621;12161;12412;4.18;0.25;361.47;17.90;1386;36;4267.00;251
10777;29;21150074;10777;627;12162;12412;4.14;0.25;361.54;17.90;1385;36;4268.00;250
10781;29;21150090;10781;626;12162;12413;4.12;0.25;361.57;17.90;1381;36;4269.00;251
10781;29;21150104;10781;632;12163;12414;4.13;0.25;361.57;17.89;1382;36;4270.00;251
10781;29;21150120;10781;625;12163;12414;4.15;0.25;361.57;17.89;1382;36;4271.00;251
10782;29;21150135;10782;628;12172;12427;4.21;0.26;361.57;17.88;1390;36;4272.00;255
10784;29;21150150;10784;618;12172;12427;4.28;0.26;361.63;17.88;1388;36;4273.00;255
10788;29;21150165;10788;604;12172;12427;4.28;0.26;361.66;17.88;1384;36;4274.00;255
10790;29;21150179;10790;604;12174;12429;4.32;0.26;361.75;17.88;1384;36;4275.00;255
10793;29;21150197;10793;602;12174;12429;4.36;0.26;361.93;17.88;1381;36;4276.00;255
10796;29;21150211;10796;608;12178;12433;4.41;0.27;361.95;17.87;1382;36;4277.00;255
10800;29;21150227;10800;598;12178;12433;4.41;0.27;362.05;17.87;1378;36;4278.00;255
10801;29;21150241;10801;601;12181;12437;4.42;0.27;362.02;17.87;1380;36;4279.00;256
10805;29;21150257;10805;598;12181;12437;4.37;0.27;362.10;17.87;1376;36;4280.00;256
10808;29;21150271;10808;600;12181;12437;4.34;0.26;362.16;17.87;1373;36;4281.00;256
10811;29;21150286;10811;598;12181;12437;4.29;0.26;362.08;17.87;1370;36;4282.00;256
10814;29;21150299;10814;606;12181;12437;4.26;0.26;362.06;17.87;1367;36;4283.00;256
10815;29;21150314;10815;608;12190;12449;4.28;0.26;362.05;17.85;1375;36;4284.00;259
10817;29;21150329;10817;613;12190;12449;4.25;0.26;362.16;17.85;1373;36;4285.00;259
10818;29;21150343;10818;616;12192;12449;4.27;0.26;362.17;17.85;1374;36;4286.00;257
10820;29;21150357;10820;613;12192;12449;4.25;0.26;362.18;17.85;1372;36;4287.00;257
10824;29;21150371;10824;618;12192;12449;4.21;0.26;362.17;17.85;1368;36;4288.00;257
10826;29;21150385;10826;618;12193;12449;4.19;0.25;362.15;17.92;1367;36;4289.00;256
10829;29;21150400;10829;611;12193;12450;4.19;0.25;362.11;17.92;1364;36;4290.00;257
10830;29;21150414;10830;610;12193;12450;4.17;0.25;362.17;17.92;1363;36;4291.00;257
10830;29;21150428;10830;606;12198;12456;4.19;0.25;362.17;17.91;1368;36;4292.00;258
10831;29;21150447;10831;603;12199;12457;4.18;0.25;362.15;17.91;1368;36;4293.00;258
10832;29;21150462;10832;601;12199;12457;4.19;0.25;362.12;17.91;1367;36;4294.00;258
10833;29;21150477;10833;595;12199;12457;4.19;0.26;362.11;17.91;1366;36;4295.00;258
10837;29;21150490;10837;595;12201;12461;4.19;0.25;362.11;17.91;1364;36;4296.00;260
10838;29;21150504;10838;591;12201;12461;4.22;0.26;362.10;17.91;1363;36;4297.00;260
10839;29;21150523;10839;589;12201;12461;4.23;0.26;362.10;17.91;1362;36;4298.00;260
10843;29;21150537;10843;583;12202;12462;4.21;0.26;362.08;17.91;1359;36;4299.00;260
10846;29;21150551;10846;585;12205;12466;4.25;0.26;362.05;17.90;1359;36;4300.00;261
10851;29;21150568;10851;590;12205;12466;4.23;0.26;362.07;17.90;1354;36;4301.00;261
10855;29;21150583;10855;588;12207;12469;4.21;0.26;362.00;17.90;1352;36;4302.00;262
10858;29;21150597;10858;580;12208;12469;4.18;0.25;362.13;17.90;1350;36;4303.00;261
10860;29;21150610;10860;582;12208;12469;4.17;0.25;362.10;17.90;1348;36;4304.00;261
10863;29;21150624;10863;583;12210;12469;4.13;0.25;362.06;18.02;1347;36;4305.00;259
10866;29;21150640;10866;561;12214;12473;4.16;0.25;362.03;18.02;1348;36;4306.00;259
10868;29;21150654;10868;547;12214;12473;4.19;0.25;362.00;18.02;1346;36;4307.00;259
10870;29;21150668;10870;538;12214;12473;4.24;0.26;361.96;18.02;1344;36;4308.00;259
10871;29;21150681;10871;532;12214;12473;4.32;0.26;361.95;18.02;1343;36;4309.00;259
10871;29;21150696;10871;524;12214;12474;4.37;0.27;361.95;18.02;1343;36;4310.00;260
10873;29;21150709;10873;514;12215;12475;4.45;0.27;361.97;18.01;1342;36;4311.00;260
10873;29;21150723;10873;512;12215;12475;4.50;0.27;361.97;18.01;1342;36;4312.00;260
10876;29;21150743;10876;501;12217;12476;4.54;0.28;361.99;18.02;1341;36;4313.00;259
10878;29;21150758;10878;496;12217;12476;4.57;0.28;362.05;18.02;1339;36;4314.00;259
10880;29;21150778;10880;491;12218;12476;4.60;0.28;362.04;18.09;1338;36;4315.00;258
10881;29;21150791;10881;496;12219;12476;4.65;0.28;362.03;18.09;1338;36;4316.00;257
10882;29;21150806;10882;494;12219;12476;4.69;0.28;362.01;18.09;1337;36;4317.00;257
10884;29;21150820;10884;485;12220;12476;4.70;0.29;362.01;18.10;1336;36;4318.00;256
10887;29;21150834;10887;481;12220;12476;4.70;0.29;362.00;18.10;1333;36;4319.00;256
10890;29;21150849;10890;515;12314;12706;4.96;0.31;361.95;17.96;1424;36;4320.00;392
10891;29;21150881;10891;508;12317;12707;4.97;0.31;361.93;17.96;1426;36;4321.00;390
10893;29;21150895;10893;505;12327;12707;5.02;0.31;361.88;17.94;1434;36;4322.00;380
10893;29;21150910;10893;496;12334;12707;5.06;0.32;361.88;17.94;1441;36;4323.00;373
10896;29;21150925;10896;489;12345;12707;5.09;0.32;361.83;17.93;1449;36;4324.00;362
10897;29;21150939;10897;492;12350;12707;5.09;0.32;361.80;17.92;1453;36;4325.00;357
10900;29;21150955;10900;483;12358;12707;5.11;0.32;361.79;17.92;1458;36;4326.00;349
10902;29;21150970;10902;489;12366;12707;5.08;0.32;361.76;17.91;1464;36;4327.00;341
10902;29;21150985;10902;500;12370;12708;5.10;0.32;361.76;17.91;1468;36;4328.00;338
10906;29;21151000;10906;504;12378;12709;5.09;0.32;361.75;17.96;1472;36;4329.00;331
10908;29;21151016;10908;510;12384;12709;5.09;0.32;361.74;17.96;1476;36;4330.00;325
10912;29;21151031;10912;520;12389;12710;5.03;0.31;361.76;17.96;1477;36;4331.00;321
10915;29;21151046;10915;537;12391;12710;4.99;0.31;361.76;17.95;1476;36;4332.00;319
10918;29;21151062;10918;535;12395;12710;4.97;0.31;361.90;18.01;1477;36;4333.00;315
10920;29;21151083;10920;546;12397;12710;4.93;0.30;361.99;18.01;1477;36;4334.00;313
10921;29;21151098;10921;556;12403;12714;4.88;0.30;361.97;18.07;1482;36;4335.00;311
10923;29;21151114;10923;565;12405;12714;4.85;0.30;362.07;18.07;1482;36;4336.00;309
10926;29;21151129;10926;568;12406;12714;4.81;0.30;362.07;18.13;1480;36;4337.00;308
10928;29;21151150;10928;579;12409;12717;4.79;0.29;362.07;18.13;1481;36;4338.00;308
10931;29;21151171;10931;582;12411;12717;4.74;0.29;362.21;18.19;1480;36;4339.00;306
10931;29;21151186;10931;586;12412;12717;4.76;0.29;362.21;18.19;1481;36;4340.00;305
10933;29;21151202;10933;587;12418;12721;4.75;0.29;362.28;18.30;1485;36;4341.00;303
10936;29;21151219;10936;589;12423;12722;4.77;0.29;362.29;18.36;1487;36;4342.00;299
10939;29;21151234;10939;593;12425;12722;4.77;0.29;362.33;18.42;1486;36;4343.00;297
10939;29;21151249;10939;599;12430;12726;4.81;0.29;362.33;18.53;1491;36;4344.00;296
10941;29;21151264;10941;609;12431;12726;4.78;0.29;362.42;18.53;1490;36;4345.00;295
10945;29;21151279;10945;613;12434;12726;4.73;0.29;362.55;18.59;1489;36;4346.00;292
10947;29;21151295;10947;616;12435;12727;4.71;0.29;362.55;18.59;1488;36;4347.00;292
10948;29;21151311;10948;622;12438;12727;4.70;0.29;362.58;18.71;1490;36;4348.00;289
10950;29;21151326;10950;621;12443;12733;4.70;0.29;362.59;18.70;1493;36;4349.00;290
10952;29;21151343;10952;621;12446;12733;4.64;0.28;362.54;18.82;1494;36;4350.00;287
10954;29;21151358;10954;623;12447;12734;4.59;0.28;362.57;18.82;1493;36;4351.00;287
10956;29;21151374;10956;633;12447;12734;4.55;0.28;362.67;18.82;1491;36;4352.00;287
10957;29;21151396;10957;642;12451;12734;4.54;0.27;362.65;18.94;1494;36;4353.00;283
10958;29;21151415;10958;642;12452;12734;4.52;0.27;362.73;18.94;1494;36;4354.00;282
10959;29;21151430;10959;647;12453;12734;4.50;0.27;362.81;18.94;1494;36;4355.00;281
10962;29;21151445;10962;657;12466;12746;4.54;0.28;362.93;19.04;1504;36;4356.00;280
10966;29;21151462;10966;655;12467;12746;4.51;0.27;363.01;19.04;1501;36;4357.00;279
10967;29;21151478;10967;660;12468;12746;4.54;0.28;363.09;19.04;1501;36;4358.00;278
10968;29;21151493;10968;662;12470;12746;4.53;0.28;363.13;19.04;1502;36;4359.00;276
10968;29;21151509;10968;670;12473;12746;4.51;0.27;363.13;19.21;1505;36;4360.00;273
10974;29;21151525;10974;669;12473;12746;4.44;0.27;363.15;19.21;1499;36;4361.00;273
10975;29;21151541;10975;673;12479;12750;4.42;0.27;363.20;19.38;1504;36;4362.00;271
10979;29;21151557;10979;669;12479;12750;4.39;0.27;363.19;19.38;1500;36;4363.00;271
10980;29;21151573;10980;678;12483;12754;4.39;0.27;363.21;19.37;1503;36;4364.00;271
10984;29;21151588;10984;688;12487;12756;4.32;0.26;363.32;19.48;1503;36;4365.00;269
10987;29;21151605;10987;692;12487;12756;4.28;0.26;363.27;19.48;1500;36;4366.00;269
10992;29;21151620;10992;694;12488;12756;4.22;0.26;363.29;19.54;1496;36;4367.00;268
10994;29;21151635;10994;695;12496;12769;4.22;0.26;363.32;19.57;1502;36;4368.00;273
10994;29;21151651;10994;696;12497;12769;4.19;0.26;363.32;19.63;1503;36;4369.00;272
10997;29;21151665;10997;689;12497;12769;4.17;0.25;363.36;19.63;1500;36;4370.00;272
10999;29;21151680;10999;693;12498;12770;4.17;0.25;363.46;19.63;1499;36;4371.00;272
11002;29;21151694;11002;698;12498;12771;4.14;0.25;363.49;19.63;1496;36;4372.00;273
11005;29;21151709;11005;699;12498;12771;4.09;0.25;363.49;19.63;1493;36;4373.00;273
11007;29;21151723;11007;696;12501;12774;4.05;0.25;363.48;19.62;1494;36;4374.00;273
11012;29;21151738;11012;700;12502;12774;3.99;0.24;363.57;19.62;1490;36;4375.00;272
11013;29;21151753;11013;692;12502;12774;3.98;0.24;363.57;19.62;1489;36;4376.00;272
11018;29;21151767;11018;692;12502;12774;3.91;0.24;363.71;19.62;1484;36;4377.00;272
11019;29;21151781;11019;684;12507;12780;3.93;0.24;363.71;19.62;1488;36;4378.00;273
11021;29;21151798;11021;684;12507;12780;3.93;0.24;363.75;19.62;1486;36;4379.00;273
11026;29;21151814;11026;685;12507;12780;3.89;0.24;363.88;19.62;1481;36;4380.00;273
11029;29;21151829;11029;680;12507;12780;3.90;0.24;363.98;19.62;1478;36;4381.00;273
11032;29;21151844;11032;679;12510;12784;3.94;0.24;364.02;19.61;1478;36;4382.00;274
11036;29;21151859;11036;670;12511;12785;3.96;0.24;364.19;19.61;1475;36;4383.00;274
11039;29;21151875;11039;673;12511;12785;3.97;0.24;364.25;19.61;1472;36;4384.00;274
11043;29;21151890;11043;661;12512;12786;4.03;0.25;364.35;19.61;1469;36;4385.00;274
11047;29;21151905;11047;671;12513;12786;4.04;0.25;364.45;19.61;1466;36;4386.00;273
11049;29;21151920;11049;666;12513;12786;4.04;0.25;364.48;19.61;1464;36;4387.00;273
11055;29;21151934;11055;667;12513;12786;4.04;0.25;364.52;19.61;1458;36;4388.00;273
11057;29;21151949;11057;669;12513;12786;4.05;0.25;364.61;19.61;1456;36;4389.00;273
11060;29;21151965;11060;669;12513;12786;4.04;0.25;364.71;19.61;1453;36;4390.00;273
11064;29;21151979;11064;669;12513;12786;3.99;0.24;364.67;19.61;1449;36;4391.00;273
11071;29;21151994;11071;675;12539;12856;4.02;0.24;364.80;19.57;1468;36;4392.00;317
11074;29;21152014;11074;676;12540;12857;3.96;0.24;364.91;19.57;1466;36;4393.00;317
11077;29;21152029;11077;681;12543;12857;3.94;0.24;364.86;19.56;1466;36;4394.00;314
11082;29;21152043;11082;686;12543;12857;3.89;0.24;364.97;19.56;1461;36;4395.00;314
11087;29;21152058;11087;689;12545;12857;3.81;0.23;365.12;19.56;1458;36;4396.00;312
11088;29;21152073;11088;695;12545;12857;3.78;0.23;365.19;19.56;1457;36;4397.00;312
11094;29;21152088;11094;703;12550;12857;3.76;0.23;365.30;19.55;1456;36;4398.00;307
11097;29;21152102;11097;703;12550;12857;3.71;0.23;365.34;19.55;1453;36;4399.00;307
11100;29;21152117;11100;714;12552;12858;3.73;0.23;365.42;19.55;1452;36;4400.00;306
11104;29;21152135;11104;721;12556;12859;3.72;0.23;365.48;19.55;1452;36;4401.00;303
11106;29;21152149;11106;730;12558;12859;3.73;0.23;365.52;19.55;1452;36;4402.00;301
11107;29;21152162;11107;734;12564;12863;3.74;0.23;365.53;19.54;1457;36;4403.00;299
11112;29;21152177;11112;733;12566;12863;3.67;0.22;365.58;19.54;1454;36;4404.00;297
11113;29;21152192;11113;748;12568;12863;3.66;0.22;365.56;19.54;1455;36;4405.00;295
11119;29;21152207;11119;755;12571;12863;3.60;0.22;365.66;19.54;1452;36;4406.00;292
11125;29;21152222;11125;755;12574;12869;3.56;0.22;365.74;19.53;1449;36;4407.00;295
11125;29;21152237;11125;764;12575;12869;3.56;0.22;365.74;19.53;1450;36;4408.00;294
11127;29;21152250;11127;765;12576;12869;3.46;0.21;365.74;19.53;1449;36;4409.00;293
11128;29;21152273;11128;771;12581;12875;3.46;0.21;365.73;19.52;1453;36;4410.00;294
11134;29;21152288;11134;779;12582;12875;3.39;0.21;365.84;19.52;1448;36;4411.00;293
11137;29;21152303;11137;787;12583;12875;3.32;0.20;365.92;19.52;1446;36;4412.00;292
11141;29;21152317;11141;790;12583;12876;3.26;0.20;365.92;19.52;1442;36;4413.00;293
11143;29;21152331;11143;798;12585;12877;3.20;0.20;365.98;19.52;1442;36;4414.00;292
11146;29;21152345;11146;802;12587;12877;3.12;0.19;366.12;19.52;1441;36;4415.00;290
11148;29;21152360;11148;806;12593;12890;3.08;0.19;366.14;19.51;1445;36;4416.00;297
11151;29;21152374;11151;818;12597;12890;2.99;0.18;366.27;19.51;1446;36;4417.00;293
11154;29;21152388;11154;820;12597;12890;2.90;0.18;366.30;19.51;1443;36;4418.00;293
11157;29;21152402;11157;824;12599;12891;2.82;0.17;366.28;19.51;1442;36;4419.00;292
11159;29;21152416;11159;832;12599;12891;2.76;0.17;366.25;19.51;1440;36;4420.00;292
11160;29;21152431;11160;836;12603;12895;2.74;0.17;366.30;19.51;1443;36;4421.00;292
11161;29;21152445;11161;824;12603;12895;2.72;0.17;366.29;19.51;1442;36;4422.00;292
11162;29;21152459;11162;824;12607;12899;2.76;0.17;366.27;19.50;1445;36;4423.00;292
11165;29;21152474;11165;823;12607;12899;2.71;0.17;366.39;19.50;1442;36;4424.00;292
11165;29;21152487;11165;821;12607;12899;2.73;0.17;366.39;19.50;1442;36;4425.00;292
11167;29;21152501;11167;820;12607;12899;2.76;0.17;366.35;19.50;1440;36;4426.00;292
11170;29;21152515;11170;818;12607;12899;2.77;0.17;366.36;19.50;1437;36;4427.00;292
11172;29;21152529;11172;822;12615;12911;2.82;0.17;366.39;19.49;1443;36;4428.00;296
11174;29;21152543;11174;817;12616;12911;2.82;0.17;366.43;19.49;1442;36;4429.00;295
11176;29;21152558;11176;823;12618;12911;2.81;0.17;366.51;19.48;1442;36;4430.00;293
11178;29;21152577;11178;804;12618;12911;2.77;0.17;366.54;19.48;1440;36;4431.00;293
11180;29;21152591;11180;795;12618;12911;2.78;0.17;366.58;19.48;1438;36;4432.00;293
11181;29;21152605;11181;783;12618;12911;2.75;0.17;366.65;19.48;1437;36;4433.00;293
11183;29;21152619;11183;782;12618;12912;2.76;0.17;366.68;19.48;1435;36;4434.00;294
11186;29;21152632;11186;775;12618;12912;2.76;0.17;366.62;19.48;1432;36;4435.00;294
11187;29;21152646;11187;779;12622;12918;2.85;0.17;366.67;19.48;1435;36;4436.00;296
11188;29;21152661;11188;774;12623;12919;2.92;0.18;366.71;19.48;1435;36;4437.00;296
11190;29;21152675;11190;773;12624;12919;2.96;0.18;366.66;19.55;1434;36;4438.00;295
11190;29;21152691;11190;768;12624;12919;3.00;0.18;366.66;19.55;1434;36;4439.00;295
11191;29;21152706;11191;764;12627;12924;3.04;0.19;366.63;19.55;1436;36;4440.00;297
11193;29;21152720;11193;761;12627;12924;3.07;0.19;366.66;19.55;1434;36;4441.00;297
11195;29;21152734;11195;768;12627;12924;3.11;0.19;366.61;19.55;1432;36;4442.00;297
11198;29;21152748;11198;760;12628;12925;3.15;0.19;366.65;19.55;1430;36;4443.00;297
11199;29;21152763;11199;754;12631;12929;3.20;0.20;366.64;19.54;1432;36;4444.00;298
11200;29;21152778;11200;750;12631;12929;3.25;0.20;366.68;19.54;1431;36;4445.00;298
11201;29;21152792;11201;744;12633;12932;3.31;0.20;366.65;19.54;1432;36;4446.00;299
11202;29;21152807;11202;742;12633;12932;3.39;0.21;366.73;19.54;1431;36;4447.00;299
11205;29;21152822;11205;737;12634;12932;3.46;0.21;366.67;19.54;1429;36;4448.00;298
11207;29;21152836;11207;738;12634;12932;3.52;0.22;366.69;19.54;1427;36;4449.00;298
11208;29;21152850;11208;728;12637;12936;3.58;0.22;366.66;19.53;1429;36;4450.00;299
11211;29;21152865;11211;729;12637;12936;3.62;0.22;366.68;19.53;1426;36;4451.00;299
11213;29;21152879;11213;732;12638;12936;3.66;0.22;366.66;19.60;1425;36;4452.00;298
11217;29;21152894;11217;737;12638;12936;3.66;0.22;366.64;19.60;1421;36;4453.00;298
11217;29;21152908;11217;725;12638;12937;3.71;0.23;366.64;19.60;1421;36;4454.00;299
11219;29;21152923;11219;726;12640;12939;3.76;0.23;366.66;19.60;1421;36;4455.00;299
11219;29;21152937;11219;718;12640;12939;3.77;0.23;366.66;19.60;1421;36;4456.00;299
11222;29;21152950;11222;712;12641;12940;3.79;0.23;366.68;19.60;1419;36;4457.00;299
11224;29;21152965;11224;720;12641;12940;3.80;0.23;366.66;19.60;1417;36;4458.00;299
11227;29;21152979;11227;716;12641;12940;3.81;0.23;366.62;19.60;1414;36;4459.00;299
11227;29;21152993;11227;711;12641;12940;3.84;0.23;366.62;19.60;1414;36;4460.00;299
11228;29;21153007;11228;718;12641;12940;3.87;0.24;366.59;19.60;1413;36;4461.00;299
11229;29;21153021;11229;715;12641;12940;3.86;0.23;366.57;19.60;1412;36;4462.00;299
11230;29;21153034;11230;696;12641;12940;3.88;0.24;366.56;19.60;1411;36;4463.00;299
11232;29;21153048;11232;707;12701;13067;4.06;0.25;366.53;19.58;1469;36;4464.00;366
11233;29;21153072;11233;687;12701;13068;4.09;0.25;366.50;19.58;1468;36;4465.00;367
11235;29;21153087;11235;676;12708;13068;4.22;0.26;366.48;19.57;1473;36;4466.00;360
11236;29;21153103;11236;662;12709;13068;4.28;0.26;366.47;19.56;1473;36;4467.00;359
11237;29;21153118;11237;645;12714;13068;4.38;0.27;366.48;19.56;1477;36;4468.00;354
11238;29;21153135;11238;629;12715;13068;4.41;0.27;366.49;19.56;1477;36;4469.00;353
11240;29;21153158;11240;620;12719;13068;4.53;0.28;366.47;19.55;1479;36;4470.00;349
11241;29;21153175;11241;622;12720;13068;4.64;0.28;366.54;19.55;1479;36;4471.00;348
11243;29;21153191;11243;617;12723;13069;4.72;0.29;366.53;19.55;1480;36;4472.00;346
11244;29;21153214;11244;605;12727;13070;4.81;0.29;366.54;19.55;1483;36;4473.00;343
11244;29;21153231;11244;596;12730;13070;4.88;0.30;366.54;19.54;1486;36;4474.00;340
11246;29;21153254;11246;596;12732;13071;4.86;0.30;366.59;19.54;1486;36;4475.00;339
11249;29;21153272;11249;588;12737;13071;4.79;0.29;366.62;19.54;1488;36;4476.00;334
11250;29;21153289;11250;588;12739;13071;4.74;0.29;366.63;19.54;1489;36;4477.00;332
11254;29;21153306;11254;590;12740;13071;4.62;0.28;366.67;19.54;1486;36;4478.00;331
11255;29;21153323;11255;583;12745;13075;4.57;0.28;366.70;19.53;1490;36;4479.00;330
11256;29;21153339;11256;584;12747;13075;4.51;0.27;366.71;19.60;1491;36;4480.00;328
11257;29;21153360;11257;588;12748;13075;4.48;0.27;366.72;19.60;1491;36;4481.00;327
11261;29;21153376;11261;585;12750;13078;4.43;0.27;366.75;19.59;1489;36;4482.00;328
11263;29;21153394;11263;582;12752;13078;4.42;0.27;366.78;19.59;1489;36;4483.00;326
11264;29;21153410;11264;572;12752;13078;4.41;0.27;366.87;19.59;1488;36;4484.00;326
11265;29;21153428;11265;578;12756;13082;4.38;0.27;366.89;19.59;1491;36;4485.00;326
11269;29;21153446;11269;574;12759;13083;4.33;0.26;366.89;19.59;1490;36;4486.00;324
11271;29;21153464;11271;573;12761;13083;4.32;0.26;366.89;19.65;1490;36;4487.00;322
11272;29;21153481;11272;580;12762;13087;4.38;0.27;366.88;19.65;1490;36;4488.00;325
11274;29;21153499;11274;586;12762;13087;4.39;0.27;367.02;19.65;1488;36;4489.00;325
11277;29;21153516;11277;572;12763;13087;4.39;0.27;367.05;19.65;1486;36;4490.00;324
11279;29;21153534;11279;573;12764;13088;4.44;0.27;367.06;19.65;1485;36;4491.00;324
11284;30;21153551;11284;564;12764;13088;4.43;0.27;367.04;19.65;1480;37;4492.00;324
11286;30;21153578;11286;561;12768;13094;4.50;0.27;367.03;19.64;1482;37;4493.00;326
11287;31;21153595;11287;569;12768;13094;4.52;0.28;367.03;19.64;1481;38;4494.00;326
11287;31;21153620;11287;572;12768;13095;4.57;0.28;367.03;19.64;1481;38;4495.00;327
11291;32;21153638;11291;569;12768;13095;4.54;0.28;366.99;19.64;1477;39;4496.00;327
11293;32;21153662;11293;567;12769;13095;4.53;0.28;367.01;19.66;1476;39;4497.00;326
11294;32;21153679;11294;575;12771;13095;4.54;0.28;367.05;19.67;1477;39;4498.00;324
11297;32;21153700;11297;575;12771;13095;4.56;0.28;367.09;19.67;1474;39;4499.00;324
11297;32;21153724;11297;579;12793;13145;4.63;0.28;367.09;19.65;1496;39;4500.00;352
11297;32;21153748;11297;587;12796;13147;4.62;0.28;367.09;19.72;1499;39;4501.00;351
11299;32;21153765;11299;594;12801;13147;4.65;0.28;367.06;19.73;1502;39;4502.00;346
11300;32;21153781;11300;600;12801;13147;4.68;0.29;367.06;19.73;1501;39;4503.00;346
11308;32;21153798;11308;597;12805;13147;4.65;0.28;367.19;19.75;1497;39;4504.00;342
11309;32;21153816;11309;608;12807;13147;4.66;0.28;367.17;19.88;1498;39;4505.00;340
11313;32;21153833;11313;612;12812;13151;4.61;0.28;367.13;19.87;1499;39;4506.00;339
11314;32;21153849;11314;624;12816;13151;4.58;0.28;367.19;19.95;1502;39;4507.00;335
11316;32;21153876;11316;627;12822;13155;4.57;0.28;367.28;20.01;1506;39;4508.00;333
11319;32;21153893;11319;630;12824;13156;4.54;0.28;367.35;20.02;1505;39;4509.00;332
11320;32;21153922;11320;630;12826;13156;4.50;0.27;367.38;20.14;1506;39;4510.00;330
11321;32;21153951;11321;638;12827;13156;4.47;0.27;367.40;20.15;1506;39;4511.00;329
11324;32;21153979;11324;652;12839;13169;4.48;0.27;367.42;20.21;1515;39;4512.00;330
11326;32;21154002;11326;655;12844;13169;4.43;0.27;367.43;20.28;1518;39;4513.00;325
11330;32;21154021;11330;661;12847;13169;4.40;0.27;367.46;20.41;1517;39;4514.00;322
11333;33;21154040;11333;667;12850;13170;4.36;0.27;367.52;20.42;1517;40;4515.00;320
11335;33;21154078;11335;673;12851;13171;4.33;0.26;367.50;20.48;1516;40;4516.00;320
11339;33;21154096;11339;679;12853;13171;4.31;0.26;367.59;20.55;1514;40;4517.00;318
11341;33;21154115;11341;689;12857;13174;4.31;0.26;367.70;20.55;1516;40;4518.00;317
11343;33;21154132;11343;699;12861;13174;4.31;0.26;367.67;20.68;1518;40;4519.00;313
11345;33;21154150;11345;702;12864;13174;4.27;0.26;367.76;20.74;1519;40;4520.00;310
11346;33;21154169;11346;704;12867;13174;4.23;0.26;367.80;20.87;1521;40;4521.00;307
11347;34;21154186;11347;707;12872;13180;4.24;0.26;367.89;20.92;1525;41;4522.00;308
11353;35;21154220;11353;706;12873;13180;4.18;0.25;367.91;20.93;1520;42;4523.00;307
11353;35;21154260;11353;703;12875;13180;4.19;0.26;367.91;20.93;1522;42;4524.00;305
11357;35;21154278;11357;701;12879;13180;4.13;0.25;367.97;20.94;1522;42;4525.00;301
11360;36;21154296;11360;696;12885;13184;4.13;0.25;367.97;21.05;1525;43;4526.00;299
11361;37;21154320;11361;698;12889;13185;4.22;0.26;367.99;21.18;1528;44;4527.00;296
11364;37;21154354;11364;694;12892;13185;4.24;0.26;368.07;21.29;1528;44;4528.00;293
11365;37;21154372;11365;698;12894;13186;4.26;0.26;368.12;21.29;1529;44;4529.00;292
11367;37;21154391;11367;703;12895;13186;4.28;0.26;368.21;21.30;1528;44;4530.00;291
11370;37;21154408;11370;693;12898;13186;4.29;0.26;368.18;21.41;1528;44;4531.00;288
11373;37;21154439;11373;697;12899;13186;4.25;0.26;368.33;21.42;1526;44;4532.00;287
11376;37;21154456;11376;686;12901;13186;4.24;0.26;368.35;21.53;1525;44;4533.00;285
11377;37;21154473;11377;692;12902;13186;4.25;0.26;368.44;21.54;1525;44;4534.00;284
11382;37;21154508;11382;688;12902;13186;4.21;0.26;368.60;21.54;1520;44;4535.00;284
11385;37;21154533;11385;702;12942;13256;4.25;0.26;368.63;21.48;1557;44;4536.00;314
11389;37;21154558;11389;698;12947;13257;4.21;0.26;368.79;21.71;1558;44;4537.00;310
11394;37;21154576;11394;696;12954;13257;4.17;0.26;368.93;21.70;1560;44;4538.00;303
11396;37;21154596;11396;708;12961;13257;4.14;0.25;368.92;21.81;1565;44;4539.00;296
11401;37;21154614;11401;714;12965;13257;4.08;0.25;369.00;21.81;1564;44;4540.00;292
11407;37;21154634;11407;719;12967;13257;4.00;0.24;369.00;21.81;1560;44;4541.00;290
11408;37;21154656;11408;731;12971;13257;3.94;0.24;368.99;21.91;1563;44;4542.00;286
11414;37;21154674;11414;738;12977;13257;3.89;0.24;369.11;21.91;1563;44;4543.00;280
11415;37;21154692;11415;745;12981;13258;3.86;0.24;369.08;22.02;1566;44;4544.00;277
11420;37;21154710;11420;740;12987;13260;3.80;0.23;369.19;22.02;1567;44;4545.00;273
11421;37;21154727;11421;736;12989;13260;3.78;0.23;369.17;22.02;1568;44;4546.00;271
11424;37;21154743;11424;747;12991;13264;3.72;0.23;369.31;22.01;1567;44;4547.00;273
11428;37;21154759;11428;741;12994;13264;3.64;0.22;369.25;22.01;1566;44;4548.00;270
11434;37;21154776;11434;755;12994;13264;3.56;0.22;369.42;22.01;1560;44;4549.00;270
11438;37;21154793;11438;754;12994;13264;3.51;0.21;369.50;22.01;1556;44;4550.00;270
11442;37;21154809;11442;744;12998;13270;3.48;0.21;369.56;22.00;1556;44;4551.00;272
11445;37;21154827;11445;740;12998;13270;3.48;0.21;369.66;22.00;1553;44;4552.00;272
11449;37;21154843;11449;739;12998;13270;3.46;0.21;369.63;22.00;1549;44;4553.00;272
11452;37;21154859;11452;738;13000;13273;3.46;0.21;369.78;22.00;1548;44;4554.00;273
11456;37;21154875;11456;743;13000;13273;3.44;0.21;370.03;22.00;1544;44;4555.00;273
11458;37;21154892;11458;743;13000;13273;3.44;0.21;370.01;22.00;1542;44;4556.00;273
11460;37;21154911;11460;734;13001;13274;3.43;0.21;370.16;22.00;1541;44;4557.00;273
11463;37;21154931;11463;736;13002;13275;3.37;0.21;370.22;22.00;1539;44;4558.00;273
11467;37;21154947;11467;746;13003;13275;3.31;0.20;370.24;22.00;1536;44;4559.00;272
11470;37;21154966;11470;750;13020;13301;3.31;0.20;370.29;21.97;1550;44;4560.00;281
11475;37;21154986;11475;758;13021;13301;3.27;0.20;370.29;21.97;1546;44;4561.00;280
11476;37;21155003;11476;769;13023;13301;3.28;0.20;370.39;21.96;1547;44;4562.00;278
11478;37;21155019;11478;777;13024;13302;3.26;0.20;370.54;21.96;1546;44;4563.00;278
11482;37;21155036;11482;776;13024;13302;3.24;0.20;370.57;21.96;1542;44;4564.00;278
11485;37;21155052;11485;777;13028;13306;3.25;0.20;370.58;21.96;1543;44;4565.00;278
11487;37;21155068;11487;767;13030;13306;3.27;0.20;370.63;21.95;1543;44;4566.00;276
11489;37;21155083;11489;769;13032;13310;3.26;0.20;370.62;21.95;1543;44;4567.00;278
11491;37;21155105;11491;765;13033;13310;3.26;0.20;370.69;21.95;1542;44;4568.00;277
11494;37;21155121;11494;771;13034;13310;3.20;0.20;370.72;21.95;1540;44;4569.00;276
11497;37;21155136;11497;777;13034;13310;3.18;0.19;370.81;21.95;1537;44;4570.00;276
11501;37;21155152;11501;774;13034;13310;3.14;0.19;370.75;21.95;1533;44;4571.00;276
11503;37;21155167;11503;778;13043;13322;3.16;0.19;370.86;21.93;1540;44;4572.00;279
11508;37;21155184;11508;775;13045;13322;3.11;0.19;371.06;21.93;1537;44;4573.00;277
11512;37;21155198;11512;780;13046;13322;3.06;0.19;371.07;21.93;1534;44;4574.00;276
11513;37;21155213;11513;792;13046;13322;3.04;0.18;371.05;21.93;1533;44;4575.00;276
11515;37;21155228;11515;795;13046;13322;3.04;0.19;371.12;21.93;1531;44;4576.00;276
11516;37;21155244;11516;806;13046;13322;3.04;0.19;371.11;21.93;1530;44;4577.00;276
11519;37;21155260;11519;808;13046;13323;3.04;0.19;371.15;21.93;1527;44;4578.00;277
11524;37;21155276;11524;811;13046;13323;3.02;0.18;371.12;21.93;1522;44;4579.00;277
11526;37;21155292;11526;809;13051;13329;3.06;0.19;371.12;21.92;1525;44;4580.00;278
11530;37;21155308;11530;810;13052;13330;3.04;0.19;371.10;21.92;1522;44;4581.00;278
11532;37;21155323;11532;816;13052;13330;3.02;0.18;371.05;21.92;1520;44;4582.00;278
11536;37;21155338;11536;817;13052;13330;2.99;0.18;371.21;21.92;1516;44;4583.00;278
11538;37;21155353;11538;812;13055;13334;2.98;0.18;371.22;21.92;1517;44;4584.00;279
11543;37;21155369;11543;812;13055;13334;2.93;0.18;371.20;21.92;1512;44;4585.00;279
11548;37;21155384;11548;821;13055;13334;2.90;0.18;371.34;21.92;1507;44;4586.00;279
11552;37;21155399;11552;832;13056;13335;2.89;0.18;371.40;21.91;1504;44;4587.00;279
11557;37;21155413;11557;831;13059;13339;2.84;0.17;371.52;21.91;1502;44;4588.00;280
11558;37;21155429;11558;836;13059;13339;2.80;0.17;371.54;21.91;1501;44;4589.00;280
11564;37;21155445;11564;835;13063;13345;2.76;0.17;371.54;21.90;1499;44;4590.00;282
11565;37;21155460;11565;840;13063;13345;2.74;0.17;371.52;21.90;1498;44;4591.00;282
11565;37;21155473;11565;847;13065;13345;2.76;0.17;371.52;21.90;1500;44;4592.00;280
11567;37;21155487;11567;852;13065;13345;2.74;0.17;371.51;21.90;1498;44;4593.00;280
11567;37;21155501;11567;856;13069;13349;2.78;0.17;371.51;21.89;1502;44;4594.00;280
11567;37;21155516;11567;863;13069;13349;2.78;0.17;371.51;21.89;1502;44;4595.00;280
11570;37;21155531;11570;862;13069;13349;2.74;0.17;371.51;21.89;1499;44;4596.00;280
11577;37;21155548;11577;856;13069;13349;2.69;0.17;371.43;21.89;1492;44;4597.00;280
11578;37;21155565;11578;846;13069;13350;2.71;0.17;371.46;21.89;1491;44;4598.00;281
11583;37;21155582;11583;843;13070;13351;2.71;0.17;371.42;21.89;1487;44;4599.00;281
11584;37;21155597;11584;840;13070;13351;2.74;0.17;371.44;21.89;1486;44;4600.00;281
11587;37;21155616;11587;834;13071;13352;2.74;0.17;371.40;21.89;1484;44;4601.00;281
11587;37;21155631;11587;826;13071;13352;2.77;0.17;371.40;21.89;1484;44;4602.00;281
11590;37;21155645;11590;820;13071;13352;2.77;0.17;371.37;21.89;1481;44;4603.00;281
11590;37;21155666;11590;817;13071;13352;2.80;0.17;371.37;21.89;1481;44;4604.00;281
11595;37;21155680;11595;816;13071;13352;2.78;0.17;371.37;21.89;1476;44;4605.00;281
11596;37;21155695;11596;808;13071;13352;2.79;0.17;371.35;21.89;1475;44;4606.00;281
11597;37;21155710;11597;798;13071;13352;2.82;0.17;371.34;21.89;1474;44;4607.00;281
11598;37;21155725;11598;805;13137;13479;3.12;0.19;371.42;21.78;1539;44;4608.00;342
11600;37;21155750;11600;798;13137;13480;3.14;0.20;371.44;21.78;1537;44;4609.00;343
11601;37;21155766;11601;791;13144;13480;3.26;0.20;371.42;21.77;1543;44;4610.00;336
11604;37;21155782;11604;793;13147;13480;3.31;0.20;371.43;21.77;1543;44;4611.00;333
11604;37;21155799;11604;788;13154;13480;3.42;0.21;371.43;21.76;1550;44;4612.00;326
11604;37;21155815;11604;790;13157;13480;3.46;0.21;371.43;21.75;1553;44;4613.00;323
11604;38;21155832;11604;798;13159;13480;3.54;0.22;371.43;21.75;1555;45;4614.00;321
11606;38;21155858;11606;806;13160;13480;3.57;0.22;371.53;21.75;1554;45;4615.00;320
11606;38;21155880;11606;805;13163;13481;3.61;0.22;371.53;21.75;1557;45;4616.00;318
11607;38;21155896;11607;807;13166;13482;3.62;0.22;371.54;21.74;1559;45;4617.00;316
11607;38;21155917;11607;809;13168;13482;3.64;0.22;371.54;21.74;1561;45;4618.00;314
11608;38;21155932;11608;814;13171;13483;3.65;0.22;371.57;21.74;1563;45;4619.00;312
11609;38;21155954;11609;791;13172;13483;3.67;0.23;371.56;21.74;1563;45;4620.00;311
11610;38;21155971;11610;784;13174;13483;3.71;0.23;371.55;21.74;1564;45;4621.00;309
11610;38;21155989;11610;777;13176;13483;3.78;0.23;371.55;21.73;1566;45;4622.00;307
11612;38;21156005;11612;769;13180;13487;3.81;0.23;371.55;21.73;1568;45;4623.00;307
11613;38;21156023;11613;766;13181;13487;3.85;0.24;371.54;21.73;1568;45;4624.00;306
11615;38;21156041;11615;766;13183;13487;3.87;0.24;371.54;21.73;1568;45;4625.00;304
11615;38;21156058;11615;755;13185;13490;3.91;0.24;371.54;21.73;1570;45;4626.00;305
11615;38;21156087;11615;750;13186;13490;3.90;0.24;371.54;21.73;1571;45;4627.00;304
11616;38;21156103;11616;749;13187;13490;3.91;0.24;371.54;21.73;1571;45;4628.00;303
11616;38;21156120;11616;743;13191;13494;3.91;0.24;371.54;21.72;1575;45;4629.00;303
11617;38;21156138;11617;746;13193;13495;3.92;0.24;371.51;21.72;1576;45;4630.00;302
11620;38;21156155;11620;735;13193;13495;3.94;0.24;371.55;21.72;1573;45;4631.00;302
11621;38;21156172;11621;739;13196;13499;3.99;0.24;371.55;21.71;1575;45;4632.00;303
11624;38;21156189;11624;741;13197;13499;4.00;0.24;371.48;21.71;1573;45;4633.00;302
11624;39;21156206;11624;732;13197;13499;4.02;0.24;371.48;21.71;1573;46;4634.00;302
11625;39;21156241;11625;728;13199;13501;4.07;0.25;371.48;21.71;1574;46;4635.00;302
11627;39;21156257;11627;719;13199;13501;4.08;0.25;371.45;21.71;1572;46;4636.00;302
11631;39;21156274;11631;724;13203;13507;4.08;0.25;371.39;21.70;1572;46;4637.00;304
11633;39;21156296;11633;727;13203;13507;4.08;0.25;371.34;21.70;1570;46;4638.00;304
11634;39;21156313;11634;728;13203;13508;4.04;0.24;371.37;21.70;1569;46;4639.00;305
11635;39;21156330;11635;717;13203;13508;4.02;0.24;371.35;21.70;1568;46;4640.00;305
11637;39;21156347;11637;713;13203;13508;4.04;0.24;371.36;21.70;1566;46;4641.00;305
11641;39;21156363;11641;702;13203;13508;4.03;0.24;371.40;21.70;1562;46;4642.00;305
11642;39;21156387;11642;692;13203;13508;4.03;0.24;371.48;21.70;1561;46;4643.00;305
11645;39;21156403;11645;687;13212;13520;4.08;0.25;371.52;21.69;1567;46;4644.00;308
11647;39;21156421;11647;677;13212;13520;4.11;0.25;371.52;21.69;1565;46;4645.00;308
11649;39;21156438;11649;675;13214;13520;4.16;0.25;371.47;21.69;1565;46;4646.00;306
11650;39;21156455;11650;676;13214;13520;4.21;0.25;371.45;21.69;1564;46;4647.00;306
11652;39;21156473;11652;670;13214;13520;4.27;0.26;371.49;21.69;1562;46;4648.00;306
11653;39;21156489;11653;662;13214;13520;4.31;0.26;371.56;21.69;1561;46;4649.00;306
11655;39;21156507;11655;648;13220;13526;4.32;0.26;371.61;21.76;1565;46;4650.00;306
11659;39;21156528;11659;640;13220;13526;4.32;0.26;371.71;21.76;1561;46;4651.00;306
11662;39;21156545;11662;640;13223;13530;4.34;0.26;371.81;21.75;1561;46;4652.00;307
11666;39;21156561;11666;643;13224;13531;4.35;0.26;371.86;21.75;1558;46;4653.00;307
11671;40;21156577;11671;637;13224;13531;4.30;0.26;371.92;21.75;1553;47;4654.00;307
11673;40;21156602;11673;638;13225;13531;4.29;0.26;371.99;21.81;1552;47;4655.00;306
11677;40;21156621;11677;630;13235;13544;4.25;0.26;372.05;21.86;1558;47;4656.00;309
11679;40;21156638;11679;619;13235;13544;4.24;0.26;372.14;21.86;1556;47;4657.00;309
11682;40;21156656;11682;624;13235;13544;4.23;0.26;372.22;21.86;1553;47;4658.00;309
11684;40;21156673;11684;619;13238;13545;4.25;0.26;372.23;21.86;1554;47;4659.00;307
11687;40;21156691;11687;617;13238;13546;4.25;0.26;372.32;21.86;1551;47;4660.00;308
11689;40;21156708;11689;618;13238;13546;4.24;0.26;372.31;21.86;1549;47;4661.00;308
11691;40;21156725;11691;618;13240;13549;4.26;0.26;372.35;21.86;1549;47;4662.00;309
11695;40;21156744;11695;618;13241;13549;4.23;0.26;372.42;21.86;1546;47;4663.00;308
11696;40;21156767;11696;618;13241;13549;4.23;0.26;372.43;21.86;1545;47;4664.00;308
11698;40;21156785;11698;622;13241;13549;4.25;0.26;372.48;21.86;1543;47;4665.00;308
11700;40;21156802;11700;612;13245;13555;4.35;0.27;372.45;21.85;1545;47;4666.00;310
11704;40;21156824;11704;608;13245;13555;4.36;0.27;372.42;21.85;1541;47;4667.00;310
11706;40;21156842;11706;614;13245;13555;4.37;0.27;372.45;21.85;1539;47;4668.00;310
11707;40;21156859;11707;612;13246;13555;4.38;0.27;372.42;21.85;1539;47;4669.00;309
11711;40;21156878;11711;619;13249;13559;4.36;0.27;372.51;21.85;1538;47;4670.00;310
11712;40;21156896;11712;615;13250;13560;4.34;0.26;372.60;21.85;1538;47;4671.00;310
11714;40;21156913;11714;622;13251;13560;4.29;0.26;372.58;21.85;1537;47;4672.00;309
11716;40;21156930;11716;628;13254;13561;4.32;0.26;372.54;21.85;1538;47;4673.00;307
11723;40;21156946;11723;628;13254;13561;4.28;0.26;372.65;21.85;1531;47;4674.00;307
11726;40;21156963;11726;638;13255;13561;4.24;0.26;372.74;21.86;1529;47;4675.00;306
11727;40;21156980;11727;634;13257;13561;4.28;0.26;372.72;21.86;1530;47;4676.00;304
11730;40;21156996;11730;638;13257;13561;4.25;0.26;372.78;21.86;1527;47;4677.00;304
11733;40;21157013;11733;639;13259;13561;4.26;0.26;372.89;21.86;1526;47;4678.00;302
11735;40;21157030;11735;642;13259;13561;4.26;0.26;372.89;21.86;1524;47;4679.00;302
11740;40;21157047;11740;653;13314;13686;4.40;0.27;372.95;21.83;1574;47;4680.00;372
11741;40;21157073;11741;650;13319;13687;4.45;0.27;372.94;21.83;1578;47;4681.00;368
11744;40;21157090;11744;647;13325;13687;4.47;0.27;372.99;21.82;1581;47;4682.00;362
11747;40;21157106;11747;648;13330;13687;4.46;0.27;373.01;21.88;1583;47;4683.00;357
11751;40;21157122;11751;660;13334;13687;4.42;0.27;373.08;21.87;1583;47;4684.00;353
11751;40;21157139;11751;661;13339;13687;4.41;0.27;373.08;21.93;1588;47;4685.00;348
11754;40;21157155;11754;667;13343;13687;4.37;0.27;373.12;21.92;1589;47;4686.00;344
11757;40;21157174;11757;668;13346;13687;4.33;0.27;373.18;21.98;1589;47;4687.00;341
11761;40;21157198;11761;670;13352;13688;4.32;0.27;373.33;21.98;1591;47;4688.00;336
11764;40;21157215;11764;682;13355;13689;4.29;0.26;373.37;21.97;1591;47;4689.00;334
11767;40;21157232;11767;679;13360;13689;4.26;0.26;373.46;22.03;1593;47;4690.00;329
11773;40;21157249;11773;677;13366;13693;4.24;0.26;373.48;22.03;1593;47;4691.00;327
11776;40;21157266;11776;682;13368;13693;4.24;0.26;373.50;22.02;1592;47;4692.00;325
11781;40;21157283;11781;682;13372;13693;4.19;0.26;373.66;22.08;1591;47;4693.00;321
11783;40;21157300;11783;683;13374;13693;4.20;0.26;373.66;22.08;1591;47;4694.00;319
11787;40;21157317;11787;685;13378;13699;4.20;0.26;373.71;22.08;1591;47;4695.00;321
11789;40;21157335;11789;687;13381;13699;4.20;0.26;373.74;22.14;1592;47;4696.00;318
11791;40;21157351;11791;706;13382;13699;4.20;0.26;373.76;22.13;1591;47;4697.00;317
11794;40;21157367;11794;708;13384;13702;4.18;0.25;373.81;22.13;1590;47;4698.00;318
11795;40;21157384;11795;704;13387;13702;4.16;0.25;373.82;22.25;1592;47;4699.00;315
11798;40;21157401;11798;703;13388;13702;4.15;0.25;373.84;22.25;1590;47;4700.00;314
11801;40;21157421;11801;705;13390;13703;4.13;0.25;373.84;22.37;1589;47;4701.00;313
11804;40;21157438;11804;697;13391;13704;4.09;0.25;373.86;22.37;1587;47;4702.00;313
11808;40;21157454;11808;689;13393;13704;4.05;0.25;373.87;22.49;1585;47;4703.00;311
11808;40;21157470;11808;689;13403;13717;4.09;0.25;373.87;22.47;1595;47;4704.00;314
11811;40;21157488;11811;684;13403;13717;4.08;0.25;373.95;22.47;1592;47;4705.00;314
11812;40;21157504;11812;693;13404;13717;4.05;0.25;373.96;22.53;1592;47;4706.00;313
11813;40;21157520;11813;695;13406;13718;4.10;0.25;373.94;22.53;1593;47;4707.00;312
11816;40;21157536;11816;692;13408;13718;4.09;0.25;373.97;22.65;1592;47;4708.00;310
11816;40;21157552;11816;699;13412;13722;4.14;0.25;373.97;22.70;1596;47;4709.00;310
11818;40;21157570;11818;701;13412;13722;4.15;0.25;374.09;22.70;1594;47;4710.00;310
11823;40;21157585;11823;702;13418;13726;4.11;0.25;374.13;22.82;1595;47;4711.00;308
11825;40;21157608;11825;709;13418;13726;4.09;0.25;374.11;22.82;1593;47;4712.00;308
11827;40;21157624;11827;713;13418;13726;4.11;0.25;374.20;22.82;1591;47;4713.00;308
11831;40;21157641;11831;723;13418;13726;4.05;0.25;374.34;22.82;1587;47;4714.00;308
11834;40;21157657;11834;729;13418;13726;3.98;0.24;374.30;22.82;1584;47;4715.00;308
11838;40;21157672;11838;733;13428;13738;3.97;0.24;374.36;22.80;1590;47;4716.00;310
11844;40;21157688;11844;733;13428;13738;3.90;0.24;374.40;22.80;1584;47;4717.00;310
11847;40;21157703;11847;741;13429;13738;3.83;0.23;374.42;22.80;1582;47;4718.00;309
11854;40;21157718;11854;742;13429;13738;3.76;0.23;374.50;22.80;1575;47;4719.00;309
11857;40;21157734;11857;751;13429;13738;3.76;0.23;374.64;22.80;1572;47;4720.00;309
11859;40;21157749;11859;761;13429;13738;3.72;0.23;374.69;22.80;1570;47;4721.00;309
11862;40;21157763;11862;764;13429;13739;3.66;0.22;374.78;22.80;1567;47;4722.00;310
11865;40;21157778;11865;771;13429;13739;3.61;0.22;374.85;22.80;1564;47;4723.00;310
11868;40;21157793;11868;771;13434;13745;3.60;0.22;374.98;22.79;1566;47;4724.00;311
11872;40;21157808;11872;767;13436;13747;3.55;0.22;375.01;22.79;1564;47;4725.00;311
11875;40;21157823;11875;755;13436;13747;3.53;0.22;375.02;22.79;1561;47;4726.00;311
11882;40;21157838;11882;754;13436;13747;3.49;0.21;375.13;22.79;1554;47;4727.00;311
11887;40;21157854;11887;755;13439;13751;3.48;0.21;375.15;22.78;1552;47;4728.00;312
11890;40;21157869;11890;751;13439;13751;3.48;0.21;375.13;22.78;1549;47;4729.00;312
11894;40;21157883;11894;751;13439;13751;3.47;0.21;375.24;22.78;1545;47;4730.00;312
11897;40;21157899;11897;755;13440;13752;3.45;0.21;375.36;22.78;1543;47;4731.00;312
11900;40;21157920;11900;759;13443;13756;3.44;0.21;375.40;22.77;1543;47;4732.00;313
11905;40;21157936;11905;756;13443;13756;3.38;0.21;375.47;22.77;1538;47;4733.00;313
11909;40;21157951;11909;763;13446;13759;3.30;0.20;375.62;22.77;1537;47;4734.00;313
11912;40;21157968;11912;758;13446;13759;3.28;0.20;375.63;22.77;1534;47;4735.00;313
11915;40;21157983;11915;755;13446;13759;3.28;0.20;375.82;22.77;1531;47;4736.00;313
11919;40;21157999;11919;760;13446;13759;3.26;0.20;375.88;22.77;1527;47;4737.00;313
11922;40;21158014;11922;757;13450;13763;3.30;0.20;376.02;22.76;1528;47;4738.00;313
11925;40;21158030;11925;758;13450;13763;3.27;0.20;375.97;22.76;1525;47;4739.00;313
11930;40;21158047;11930;761;13450;13763;3.24;0.20;376.21;22.76;1520;47;4740.00;313
11932;40;21158063;11932;755;13450;13763;3.21;0.20;376.21;22.76;1518;47;4741.00;313
11936;40;21158079;11936;760;13450;13764;3.22;0.20;376.24;22.76;1514;47;4742.00;314
11940;40;21158094;11940;757;13451;13765;3.19;0.20;376.28;22.76;1511;47;4743.00;314
11943;40;21158110;11943;750;13451;13765;3.16;0.19;376.25;22.76;1508;47;4744.00;314
11946;40;21158125;11946;751;13452;13766;3.13;0.19;376.25;22.76;1506;47;4745.00;314
11949;40;21158140;11949;751;13452;13766;3.11;0.19;376.18;22.76;1503;47;4746.00;314
11952;40;21158155;11952;743;13452;13766;3.08;0.19;376.19;22.76;1500;47;4747.00;314
11954;40;21158170;11954;742;13452;13766;3.09;0.19;376.26;22.76;1498;47;4748.00;314
11956;40;21158185;11956;738;13452;13766;3.08;0.19;376.28;22.76;1496;47;4749.00;314
11961;40;21158200;11961;740;13452;13766;3.04;0.19;376.28;22.76;1491;47;4750.00;314
11964;40;21158215;11964;739;13452;13766;3.01;0.18;376.24;22.76;1488;47;4751.00;314
11970;40;21158230;11970;761;13522;13893;3.23;0.20;376.23;22.64;1552;47;4752.00;371
11975;40;21158255;11975;749;13526;13894;3.19;0.20;376.23;22.72;1551;47;4753.00;368
11976;40;21158274;11976;745;13534;13894;3.24;0.20;376.22;22.71;1558;47;4754.00;360
11980;40;21158289;11980;744;13538;13894;3.22;0.20;376.12;22.70;1558;47;4755.00;356
11981;40;21158304;11981;740;13543;13894;3.23;0.20;376.13;22.70;1562;47;4756.00;351
11985;40;21158319;11985;742;13545;13894;3.21;0.20;376.06;22.69;1560;47;4757.00;349
11989;40;21158334;11989;756;13548;13894;3.18;0.20;376.06;22.69;1559;47;4758.00;346
11992;40;21158354;11992;769;13550;13894;3.14;0.20;376.04;22.69;1558;47;4759.00;344
11993;40;21158375;11993;773;13551;13895;3.10;0.19;376.05;22.69;1558;47;4760.00;344
11996;40;21158391;11996;774;13552;13896;3.06;0.19;376.06;22.69;1556;47;4761.00;344
11997;40;21158411;11997;781;13555;13896;3.03;0.19;376.07;22.68;1558;47;4762.00;341
11997;40;21158427;11997;790;13556;13897;3.00;0.19;376.07;22.68;1559;47;4763.00;341
11999;40;21158444;11999;796;13558;13897;3.02;0.19;376.09;22.68;1559;47;4764.00;339
12001;40;21158466;12001;807;13560;13897;3.02;0.19;376.06;22.68;1559;47;4765.00;337
12004;40;21158482;12004;809;13562;13897;3.04;0.19;376.09;22.68;1558;47;4766.00;335
12005;40;21158497;12005;812;13565;13901;3.05;0.19;376.07;22.67;1560;47;4767.00;336
12008;40;21158513;12008;816;13566;13901;3.03;0.19;376.16;22.67;1558;47;4768.00;335
12008;40;21158529;12008;813;13566;13901;3.02;0.19;376.16;22.67;1558;47;4769.00;335
12010;40;21158545;12010;810;13571;13907;3.02;0.19;376.10;22.75;1561;47;4770.00;336
12010;40;21158561;12010;814;13571;13907;3.02;0.19;376.10;22.75;1561;47;4771.00;336
12011;40;21158575;12011;802;13572;13907;3.02;0.19;376.08;22.75;1561;47;4772.00;335
12013;40;21158590;12013;808;13574;13911;3.01;0.19;376.12;22.75;1561;47;4773.00;337
12013;40;21158606;12013;798;13575;13912;3.04;0.19;376.12;22.74;1562;47;4774.00;337
12014;40;21158621;12014;801;13575;13912;3.07;0.19;376.16;22.74;1561;47;4775.00;337
12015;40;21158635;12015;802;13579;13916;3.12;0.19;376.13;22.74;1564;47;4776.00;337
12018;40;21158650;12018;789;13579;13916;3.13;0.19;376.06;22.74;1561;47;4777.00;337
12018;40;21158665;12018;789;13579;13916;3.18;0.20;376.06;22.74;1561;47;4778.00;337
12020;40;21158680;12020;781;13580;13917;3.19;0.20;376.05;22.82;1560;47;4779.00;337
12023;40;21158696;12023;771;13580;13917;3.23;0.20;376.06;22.82;1557;47;4780.00;337
12026;40;21158722;12026;753;13585;13923;3.29;0.20;375.99;22.82;1559;47;4781.00;338
12031;40;21158739;12031;741;13585;13923;3.31;0.20;375.93;22.82;1554;47;4782.00;338
12035;40;21158755;12035;719;13585;13924;3.37;0.21;376.04;22.82;1550;47;4783.00;339
12035;40;21158771;12035;705;13585;13924;3.48;0.21;376.04;22.82;1550;47;4784.00;339
12037;40;21158787;12037;689;13585;13924;3.58;0.22;376.07;22.82;1548;47;4785.00;339
12037;40;21158808;12037;689;13586;13924;3.67;0.22;376.07;22.82;1549;47;4786.00;338
12039;40;21158825;12039;683;13587;13924;3.72;0.23;376.09;22.90;1548;47;4787.00;337
12044;40;21158841;12044;674;13595;13936;3.82;0.23;376.14;22.89;1551;47;4788.00;341
12044;40;21158860;12044;663;13595;13936;3.90;0.24;376.14;22.89;1551;47;4789.00;341
12045;40;21158884;12045;656;13595;13936;3.95;0.24;376.15;22.89;1550;47;4790.00;341
12045;40;21158901;12045;650;13596;13936;4.00;0.24;376.15;22.89;1551;47;4791.00;340
12046;40;21158917;12046;642;13596;13936;4.06;0.25;376.18;22.89;1550;47;4792.00;340
12047;40;21158934;12047;637;13597;13936;4.14;0.25;376.21;22.89;1550;47;4793.00;339
12049;41;21158951;12049;630;13599;13940;4.20;0.26;376.20;22.98;1550;48;4794.00;341
12050;41;21158979;12050;630;13599;13940;4.27;0.26;376.24;22.98;1549;48;4795.00;341
12053;41;21158997;12053;622;13603;13944;4.35;0.26;376.24;22.98;1550;48;4796.00;341
12054;41;21159015;12054;618;13603;13945;4.39;0.27;376.22;22.98;1549;48;4797.00;342
12058;41;21159033;12058;617;13603;13945;4.43;0.27;376.40;22.98;1545;48;4798.00;342
12061;41;21159051;12061;613;13603;13945;4.48;0.27;376.53;22.98;1542;48;4799.00;342
12062;41;21159070;12062;617;13625;13986;4.59;0.28;376.51;22.94;1563;48;4800.00;361
12066;41;21159102;12066;606;13625;13986;4.61;0.28;376.68;22.94;1559;48;4801.00;361
12067;41;21159120;12067;599;13626;13986;4.65;0.28;376.72;22.94;1559;48;4802.00;360
12067;41;21159137;12067;599;13627;13987;4.74;0.29;376.72;22.93;1560;48;4803.00;360
12069;41;21159153;12069;608;13629;13988;4.77;0.29;376.74;22.94;1560;48;4804.00;359
12071;41;21159171;12071;600;13629;13988;4.80;0.29;376.74;22.94;1558;48;4805.00;359
12071;41;21159188;12071;599;13631;13991;4.81;0.29;376.74;22.93;1560;48;4806.00;360
12074;41;21159205;12074;605;13631;13991;4.75;0.29;376.94;22.93;1557;48;4807.00;360
12074;41;21159222;12074;602;13631;13991;4.78;0.29;376.94;22.93;1557;48;4808.00;360
12077;41;21159239;12077;605;13631;13991;4.77;0.29;377.01;22.93;1554;48;4809.00;360
12078;41;21159256;12078;605;13636;13997;4.79;0.29;376.99;22.93;1558;48;4810.00;361
12081;41;21159273;12081;611;13636;13997;4.80;0.29;377.08;22.93;1555;48;4811.00;361
12082;41;21159290;12082;614;13636;13997;4.84;0.29;377.16;22.93;1554;48;4812.00;361
12083;41;21159307;12083;622;13636;13997;4.86;0.29;377.24;22.93;1553;48;4813.00;361
12084;41;21159324;12084;623;13637;14001;4.89;0.30;377.23;22.92;1553;48;4814.00;364
12084;41;21159341;12084;624;13638;14003;4.93;0.30;377.23;22.92;1554;48;4815.00;365
12087;41;21159358;12087;621;13639;14003;4.97;0.30;377.35;22.93;1552;48;4816.00;364
12089;41;21159376;12089;611;13641;14004;5.01;0.30;377.42;23.01;1552;48;4817.00;363
12091;41;21159394;12091;606;13641;14004;5.05;0.31;377.44;23.01;1550;48;4818.00;363
12095;41;21159411;12095;604;13641;14004;5.09;0.31;377.53;23.01;1546;48;4819.00;363
12098;41;21159428;12098;600;13641;14004;5.10;0.31;377.53;23.01;1543;48;4820.00;363
12102;41;21159446;12102;602;13642;14004;5.12;0.31;377.65;23.01;1540;48;4821.00;362
12109;41;21159463;12109;599;13642;14004;5.13;0.31;377.86;23.01;1533;48;4822.00;362
12110;41;21159480;12110;597;13642;14004;5.19;0.32;377.88;23.01;1532;48;4823.00;362
12113;41;21159499;12113;614;13677;14074;5.16;0.31;377.90;22.95;1564;48;4824.00;397
12117;41;21159521;12117;605;13680;14075;5.13;0.31;377.91;22.95;1563;48;4825.00;395
12122;41;21159545;12122;603;13683;14075;5.13;0.31;378.05;22.95;1561;48;4826.00;392
12122;41;21159562;12122;604;13686;14075;5.16;0.31;378.05;22.95;1564;48;4827.00;389
12127;41;21159579;12127;610;13688;14077;5.12;0.31;378.15;22.94;1561;48;4828.00;389
12134;41;21159597;12134;611;13689;14077;5.11;0.31;378.19;22.94;1555;48;4829.00;388
12134;41;21159616;12134;608;13692;14077;5.15;0.31;378.19;23.07;1558;48;4830.00;385
12139;41;21159637;12139;607;13694;14077;5.13;0.31;378.31;23.07;1555;48;4831.00;383
12142;41;21159655;12142;612;13696;14078;5.09;0.31;378.42;23.07;1554;48;4832.00;382
12145;41;21159672;12145;616;13701;14079;5.04;0.31;378.47;23.06;1556;48;4833.00;378
12153;41;21159689;12153;609;13702;14079;4.96;0.30;378.57;23.06;1549;48;4834.00;377
12154;41;21159706;12154;618;13704;14083;4.96;0.30;378.58;23.06;1550;48;4835.00;379
12156;41;21159723;12156;616;13704;14083;4.95;0.30;378.61;23.06;1548;48;4836.00;379
12160;41;21159741;12160;617;13704;14083;4.93;0.30;378.69;23.06;1544;48;4837.00;379
12163;41;21159757;12163;621;13704;14083;4.90;0.30;378.74;23.06;1541;48;4838.00;379
12167;41;21159775;12167;620;13708;14089;4.89;0.30;378.92;23.06;1541;48;4839.00;381
12168;41;21159793;12168;627;13708;14089;4.89;0.30;378.96;23.06;1540;48;4840.00;381
12173;41;21159817;12173;630;13708;14089;4.83;0.29;379.10;23.06;1535;48;4841.00;381
12176;41;21159833;12176;623;13710;14092;4.86;0.29;379.14;23.06;1534;48;4842.00;382
12181;41;21159850;12181;630;13710;14092;4.82;0.29;379.22;23.06;1529;48;4843.00;382
12183;41;21159866;12183;636;13710;14092;4.80;0.29;379.31;23.06;1527;48;4844.00;382
12188;41;21159883;12188;632;13710;14093;4.74;0.29;379.33;23.06;1522;48;4845.00;383
12192;41;21159906;12192;630;13711;14094;4.69;0.28;379.40;23.06;1519;48;4846.00;383
12194;41;21159922;12194;627;13712;14094;4.64;0.28;379.46;23.06;1518;48;4847.00;382
12197;41;21159944;12197;634;13720;14107;4.59;0.28;379.50;23.04;1523;48;4848.00;387
12199;41;21159961;12199;636;13720;14107;4.54;0.28;379.52;23.04;1521;48;4849.00;387
12202;41;21159978;12202;636;13720;14107;4.52;0.27;379.44;23.04;1518;48;4850.00;387
12205;41;21159995;12205;636;13721;14108;4.54;0.28;379.41;23.04;1516;48;4851.00;387
12209;41;21160013;12209;631;13721;14108;4.50;0.27;379.57;23.04;1512;48;4852.00;387
12210;41;21160030;12210;636;13726;14112;4.55;0.28;379.57;23.04;1516;48;4853.00;386
12212;41;21160046;12212;629;13727;14112;4.55;0.28;379.60;23.04;1515;48;4854.00;385
12217;41;21160062;12217;626;13728;14116;4.54;0.28;379.80;23.04;1511;48;4855.00;388
12218;41;21160079;12218;634;13728;14116;4.58;0.28;379.88;23.04;1510;48;4856.00;388
12226;41;21160094;12226;630;13728;14116;4.56;0.28;379.98;23.04;1502;48;4857.00;388
12229;41;21160111;12229;632;13728;14116;4.57;0.28;380.11;23.04;1499;48;4858.00;388
12232;41;21160127;12232;630;13728;14116;4.54;0.28;380.16;23.04;1496;48;4859.00;388
12235;41;21160145;12235;626;13748;14150;4.64;0.28;380.34;23.00;1513;48;4860.00;402
12238;41;21160163;12238;631;13748;14150;4.62;0.28;380.52;23.00;1510;48;4861.00;402
12240;41;21160179;12240;637;13749;14150;4.61;0.28;380.53;23.00;1509;48;4862.00;401
12243;41;21160195;12243;640;13749;14150;4.58;0.28;380.72;23.00;1506;48;4863.00;401
12245;41;21160211;12245;644;13752;14150;4.57;0.28;380.80;23.14;1507;48;4864.00;398
12246;41;21160228;12246;650;13752;14150;4.55;0.28;380.89;23.14;1506;48;4865.00;398
12250;41;21160244;12250;648;13752;14151;4.49;0.27;380.97;23.14;1502;48;4866.00;399
12253;41;21160261;12253;645;13752;14151;4.43;0.27;381.07;23.14;1499;48;4867.00;399
12253;41;21160277;12253;653;13756;14157;4.44;0.27;381.07;23.13;1503;48;4868.00;401
12255;41;21160294;12255;652;13756;14158;4.39;0.27;381.18;23.13;1501;48;4869.00;402
12259;41;21160310;12259;649;13756;14158;4.32;0.26;381.19;23.13;1497;48;4870.00;402
12260;41;21160326;12260;652;13756;14158;4.23;0.26;381.23;23.13;1496;48;4871.00;402
12264;41;21160342;12264;659;13761;14162;4.21;0.26;381.26;23.14;1497;49;4872.00;401
12265;41;21160364;12265;662;13761;14162;4.17;0.25;381.28;23.14;1496;49;4873.00;401
12266;41;21160378;12266;657;13761;14162;4.10;0.25;381.31;23.14;1495;49;4874.00;401
12271;41;21160396;12271;652;13764;14163;4.05;0.25;381.51;23.14;1493;50;4875.00;399
12271;41;21160421;12271;652;13765;14167;4.04;0.25;381.51;23.14;1494;50;4876.00;402
12274;41;21160436;12274;649;13765;14167;4.00;0.24;381.57;23.14;1491;50;4877.00;402
12277;41;21160452;12277;642;13766;14170;4.00;0.24;381.59;23.14;1489;50;4878.00;404
12278;41;21160467;12278;631;13766;14170;4.02;0.25;381.63;23.14;1488;50;4879.00;404
12280;41;21160483;12280;638;13766;14170;4.03;0.25;381.64;23.14;1486;50;4880.00;404
12283;41;21160498;12283;637;13766;14170;4.02;0.25;381.65;23.14;1483;50;4881.00;404
12285;41;21160513;12285;632;13769;14174;4.05;0.25;381.65;23.13;1484;50;4882.00;405
12286;41;21160532;12286;626;13769;14174;4.06;0.25;381.69;23.13;1483;50;4883.00;405
12291;41;21160547;12291;626;13769;14174;4.07;0.25;381.77;23.13;1478;50;4884.00;405
12292;41;21160563;12292;620;13769;14174;4.10;0.25;381.79;23.13;1477;50;4885.00;405
12300;41;21160578;12300;627;13769;14175;4.06;0.25;381.77;23.13;1469;50;4886.00;406
12303;41;21160594;12303;623;13769;14176;4.06;0.25;381.76;23.13;1466;50;4887.00;407
12308;41;21160608;12308;631;13769;14176;4.03;0.25;381.84;23.13;1461;50;4888.00;407
12313;41;21160623;12313;634;13770;14177;4.02;0.24;381.88;23.13;1457;50;4889.00;407
12317;41;21160638;12317;643;13770;14177;3.98;0.24;381.92;23.13;1453;50;4890.00;407
12323;41;21160652;12323;643;13770;14177;3.92;0.24;381.92;23.13;1447;50;4891.00;407
12327;41;21160667;12327;652;13770;14177;3.87;0.23;382.11;23.13;1443;50;4892.00;407
12329;41;21160680;12329;660;13770;14177;3.82;0.23;382.08;23.13;1441;50;4893.00;407
12334;41;21160694;12334;661;13771;14177;3.78;0.23;382.30;23.14;1437;52;4894.00;406
12339;41;21160722;12339;668;13771;14177;3.74;0.23;382.31;23.14;1432;52;4895.00;406
12342;41;21160735;12342;681;13829;14304;3.98;0.25;382.34;23.04;1487;52;4896.00;475
12344;41;21160761;12344;680;13832;14305;3.91;0.24;382.37;23.04;1488;52;4897.00;473
12346;41;21160781;12346;683;13840;14305;3.89;0.24;382.43;23.02;1494;52;4898.00;465
12350;41;21160794;12350;680;13842;14305;3.77;0.23;382.47;23.02;1492;52;4899.00;463
12352;41;21160809;12352;665;13845;14305;3.72;0.23;382.47;23.02;1493;52;4900.00;460
12354;41;21160827;12354;668;13846;14305;3.69;0.23;382.52;23.02;1492;52;4901.00;459
12356;41;21160841;12356;663;13848;14305;3.67;0.23;382.47;23.01;1492;52;4902.00;457
12359;41;21160856;12359;660;13849;14305;3.63;0.22;382.48;23.01;1490;52;4903.00;456
12361;41;21160875;12361;659;13851;14306;3.61;0.22;382.49;23.01;1490;52;4904.00;455
12361;41;21160890;12361;665;13853;14308;3.64;0.23;382.49;23.01;1492;52;4905.00;455
12364;41;21160904;12364;668;13854;14308;3.63;0.22;382.58;23.01;1490;52;4906.00;454
12365;41;21160918;12365;662;13855;14309;3.65;0.23;382.59;23.01;1490;52;4907.00;454
12369;41;21160938;12369;657;13857;14309;3.65;0.23;382.68;23.00;1488;52;4908.00;452
12372;41;21160954;12372;643;13858;14309;3.64;0.23;382.66;23.00;1486;52;4909.00;451
12376;41;21160969;12376;648;13859;14309;3.62;0.22;382.65;23.00;1483;52;4910.00;450
12381;41;21160985;12381;641;13862;14313;3.57;0.22;382.57;23.00;1481;52;4911.00;451
12383;41;21161001;12383;642;13864;14313;3.56;0.22;382.56;23.00;1481;52;4912.00;449
12386;41;21161016;12386;646;13865;14313;3.57;0.22;382.52;23.00;1479;52;4913.00;448
12390;41;21161031;12390;654;13866;14316;3.54;0.22;382.47;22.99;1476;52;4914.00;450
12394;41;21161046;12394;647;13866;14316;3.50;0.22;382.43;22.99;1472;52;4915.00;450
12397;41;21161061;12397;643;13866;14316;3.48;0.21;382.45;22.99;1469;52;4916.00;450
12400;41;21161076;12400;645;13867;14320;3.45;0.21;382.46;22.99;1467;52;4917.00;453
12406;41;21161093;12406;645;13868;14321;3.41;0.21;382.42;22.99;1462;52;4918.00;453
12411;41;21161110;12411;645;13868;14321;3.37;0.21;382.33;22.99;1457;52;4919.00;453
12415;41;21161127;12415;647;13871;14326;3.34;0.20;382.30;22.99;1456;52;4920.00;455
12416;41;21161142;12416;657;13872;14326;3.37;0.21;382.30;22.98;1456;52;4921.00;454
12421;41;21161157;12421;656;13872;14326;3.37;0.21;382.25;22.98;1451;52;4922.00;454
12424;41;21161171;12424;660;13873;14327;3.41;0.21;382.32;22.99;1449;52;4923.00;454
12427;41;21161187;12427;657;13874;14327;3.39;0.21;382.34;23.00;1447;52;4924.00;453
12429;41;21161202;12429;662;13878;14333;3.39;0.21;382.36;23.00;1449;52;4925.00;455
12431;41;21161217;12431;675;13878;14333;3.38;0.21;382.38;23.00;1447;52;4926.00;455
12433;41;21161232;12433;683;13878;14334;3.35;0.20;382.38;23.00;1445;52;4927.00;456
12439;41;21161246;12439;680;13878;14334;3.32;0.20;382.43;23.00;1439;52;4928.00;456
12439;41;21161261;12439;687;13878;14334;3.34;0.20;382.43;23.00;1439;52;4929.00;456
12443;41;21161275;12443;691;13878;14334;3.30;0.20;382.46;23.00;1435;52;4930.00;456
12445;41;21161290;12445;696;13880;14334;3.29;0.20;382.46;23.01;1435;52;4931.00;454
12447;41;21161304;12447;697;13888;14346;3.35;0.21;382.45;23.00;1441;52;4932.00;458
12452;41;21161320;12452;688;13888;14346;3.34;0.20;382.43;23.00;1436;52;4933.00;458
12453;41;21161335;12453;681;13889;14346;3.37;0.21;382.41;23.01;1436;52;4934.00;457
12459;41;21161349;12459;673;13889;14346;3.33;0.20;382.51;23.01;1430;52;4935.00;457
12463;41;21161363;12463;669;13892;14346;3.36;0.20;382.56;23.03;1429;52;4936.00;454
12463;41;21161378;12463;662;13892;14346;3.43;0.21;382.56;23.03;1429;52;4937.00;454
12465;41;21161393;12465;659;13893;14350;3.49;0.21;382.58;23.03;1428;52;4938.00;457
12467;41;21161409;12467;661;13893;14350;3.53;0.21;382.60;23.03;1426;52;4939.00;457
12471;41;21161424;12471;658;13899;14354;3.59;0.22;382.61;23.14;1428;52;4940.00;455
12475;41;21161447;12475;656;13899;14355;3.62;0.22;382.63;23.14;1424;52;4941.00;456
12476;41;21161463;12476;651;13899;14355;3.64;0.22;382.62;23.14;1423;52;4942.00;456
12476;41;21161477;12476;647;13900;14355;3.69;0.23;382.62;23.15;1424;52;4943.00;455
12478;41;21161491;12478;660;13911;14368;3.80;0.23;382.64;23.14;1433;52;4944.00;457
12480;41;21161506;12480;663;13911;14368;3.85;0.23;382.65;23.14;1431;52;4945.00;457
12480;41;21161521;12480;660;13912;14368;3.88;0.24;382.65;23.15;1432;52;4946.00;456
12483;41;21161535;12483;650;13914;14369;3.91;0.24;382.69;23.15;1431;52;4947.00;455
12488;41;21161550;12488;654;13914;14370;3.94;0.24;382.81;23.15;1426;52;4948.00;456
12489;41;21161572;12489;651;13916;14370;4.00;0.24;382.86;23.17;1427;52;4949.00;454
12494;41;21161594;12494;641;13920;14379;4.01;0.24;382.87;23.16;1426;52;4950.00;459
12496;41;21161610;12496;638;13922;14379;4.05;0.25;382.86;23.18;1426;52;4951.00;457
12498;41;21161625;12498;624;13924;14379;4.07;0.25;382.85;23.18;1426;52;4952.00;455
12500;41;21161640;12500;625;13925;14379;4.06;0.25;382.88;23.19;1425;52;4953.00;454
12502;41;21161656;12502;628;13929;14385;4.06;0.25;382.90;23.18;1427;52;4954.00;456
12507;41;21161671;12507;624;13930;14385;4.05;0.25;382.90;23.18;1423;52;4955.00;455
12510;41;21161686;12510;611;13933;14385;4.09;0.25;382.90;23.29;1423;52;4956.00;452
12512;41;21161703;12512;601;13933;14385;4.11;0.25;382.87;23.29;1421;52;4957.00;452
12515;41;21161718;12515;595;13936;14389;4.17;0.25;382.87;23.31;1421;52;4958.00;453
12519;41;21161734;12519;584;13936;14390;4.22;0.25;382.84;23.31;1417;52;4959.00;454
12521;41;21161751;12521;576;13937;14390;4.28;0.26;382.83;23.32;1416;52;4960.00;453
12522;41;21161766;12522;576;13939;14391;4.39;0.27;382.84;23.32;1417;52;4961.00;452
12524;41;21161783;12524;570;13940;14391;4.42;0.27;382.96;23.33;1416;52;4962.00;451
12526;41;21161799;12526;576;13940;14391;4.47;0.27;382.97;23.33;1414;52;4963.00;451
12530;41;21161815;12530;576;13941;14391;4.52;0.27;383.00;23.34;1411;52;4964.00;450
12532;41;21161830;12532;571;13941;14391;4.57;0.28;383.09;23.34;1409;52;4965.00;450
12533;41;21161847;12533;568;13942;14391;4.65;0.28;383.12;23.43;1409;52;4966.00;449
12535;41;21161868;12535;565;13944;14391;4.70;0.29;383.16;23.45;1409;52;4967.00;447
12539;41;21161886;12539;572;13983;14461;4.78;0.29;383.22;23.38;1444;52;4968.00;478
12541;41;21161910;12541;563;13985;14462;4.82;0.29;383.21;23.39;1444;52;4969.00;477
12542;41;21161928;12542;558;13988;14462;4.82;0.29;383.20;23.39;1446;52;4970.00;474
12546;41;21161952;12546;554;13988;14462;4.82;0.29;383.28;23.39;1442;52;4971.00;474
12547;41;21161977;12547;546;13991;14462;4.85;0.30;383.37;23.40;1444;52;4972.00;471
12549;41;21161996;12549;548;13991;14462;4.90;0.30;383.40;23.40;1442;52;4973.00;471
12552;41;21162015;12552;556;13994;14462;4.98;0.30;383.53;23.40;1442;52;4974.00;468
12553;41;21162033;12553;556;13994;14462;5.01;0.30;383.56;23.40;1441;52;4975.00;468
12554;41;21162053;12554;563;13996;14463;5.00;0.30;383.58;23.39;1442;52;4976.00;467
12556;41;21162079;12556;563;13998;14464;5.01;0.30;383.63;23.39;1442;52;4977.00;466
12558;41;21162099;12558;573;14000;14464;4.98;0.30;383.71;23.39;1442;52;4978.00;464
12561;41;21162119;12561;580;14003;14468;4.96;0.30;383.81;23.39;1442;52;4979.00;465
12561;41;21162138;12561;594;14003;14468;4.89;0.30;383.81;23.39;1442;52;4980.00;465
12564;41;21162155;12564;594;14003;14468;4.86;0.29;383.87;23.39;1439;52;4981.00;465
12566;41;21162172;12566;587;14004;14468;4.84;0.29;383.93;23.39;1438;52;4982.00;464
12568;41;21162190;12568;593;14008;14474;4.81;0.29;383.91;23.39;1440;52;4983.00;466
12570;41;21162209;12570;592;14008;14474;4.81;0.29;384.06;23.39;1438;52;4984.00;466
12572;41;21162227;12572;590;14008;14474;4.80;0.29;384.10;23.39;1436;52;4985.00;466
12573;41;21162244;12573;593;14010;14477;4.78;0.29;384.18;23.39;1437;52;4986.00;467
12575;41;21162261;12575;600;14010;14477;4.78;0.29;384.21;23.39;1435;52;4987.00;467
12578;41;21162279;12578;597;14010;14477;4.77;0.29;384.33;23.39;1432;52;4988.00;467
12580;41;21162297;12580;591;14010;14478;4.75;0.29;384.38;23.39;1430;52;4989.00;468
12582;41;21162314;12582;584;14011;14479;4.80;0.29;384.37;23.39;1429;52;4990.00;468
12586;41;21162332;12586;575;14011;14479;4.84;0.29;384.44;23.39;1425;52;4991.00;468
12588;41;21162350;12588;569;14021;14492;4.88;0.30;384.57;23.37;1433;52;4992.00;471
12594;41;21162370;12594;560;14021;14492;4.92;0.30;384.68;23.37;1427;52;4993.00;471
12598;41;21162388;12598;551;14021;14492;4.98;0.30;384.74;23.37;1423;52;4994.00;471
12601;41;21162406;12601;547;14021;14494;5.05;0.31;384.76;23.37;1420;52;4995.00;473
12605;41;21162425;12605;536;14021;14494;5.12;0.31;384.86;23.37;1416;52;4996.00;473
12607;41;21162442;12607;531;14024;14498;5.23;0.32;384.92;23.37;1417;52;4997.00;474
12611;41;21162461;12611;530;14024;14498;5.30;0.32;385.02;23.37;1413;52;4998.00;474
12614;41;21162479;12614;528;14025;14502;5.35;0.32;385.06;23.37;1411;52;4999.00;477
12618;41;21162497;12618;530;14025;14502;5.40;0.33;385.14;23.37;1407;52;5000.00;477
12622;41;21162518;12622;524;14025;14502;5.40;0.33;385.19;23.37;1403;52;5001.00;477
12626;41;21162536;12626;520;14025;14502;5.37;0.33;385.36;23.37;1399;52;5002.00;477
12628;41;21162553;12628;515;14025;14502;5.40;0.33;385.37;23.37;1397;52;5003.00;477
12630;41;21162570;12630;509;14032;14514;5.43;0.33;385.39;23.35;1402;52;5004.00;482
12635;41;21162586;12635;505;14032;14514;5.36;0.32;385.47;23.35;1397;52;5005.00;482
12638;41;21162604;12638;501;14033;14514;5.32;0.32;385.48;23.35;1395;52;5006.00;481
12639;41;21162623;12639;488;14034;14514;5.33;0.32;385.49;23.45;1395;52;5007.00;480
12643;41;21162641;12643;488;14034;14514;5.33;0.32;385.58;23.45;1391;52;5008.00;480
12645;41;21162663;12645;485;14034;14514;5.35;0.33;385.61;23.45;1389;52;5009.00;480
12645;42;21162682;12645;480;14034;14515;5.40;0.33;385.61;23.45;1389;53;5010.00;481
12649;42;21162713;12649;477;14034;14515;5.37;0.33;385.68;23.45;1385;53;5011.00;481
12650;42;21162732;12650;481;14038;14521;5.35;0.33;385.67;23.44;1388;53;5012.00;483
12652;42;21162749;12652;479;14038;14522;5.33;0.32;385.71;23.44;1386;53;5013.00;484
12654;42;21162765;12654;481;14038;14522;5.28;0.32;385.80;23.44;1384;53;5014.00;484
12658;42;21162783;12658;478;14038;14522;5.22;0.32;385.82;23.44;1380;53;5015.00;484
12659;42;21162799;12659;475;14041;14526;5.24;0.32;385.87;23.44;1382;53;5016.00;485
12662;42;21162816;12662;478;14041;14526;5.23;0.32;385.90;23.44;1379;53;5017.00;485
12666;42;21162832;12666;487;14041;14526;5.21;0.32;385.94;23.44;1375;53;5018.00;485
12669;42;21162848;12669;491;14042;14527;5.22;0.32;385.96;23.44;1373;53;5019.00;485
12672;42;21162865;12672;493;14043;14531;5.19;0.31;385.97;23.44;1371;53;5020.00;488
12674;42;21162881;12674;489;14043;14531;5.18;0.31;386.05;23.44;1369;53;5021.00;488
12679;42;21162898;12679;488;14044;14534;5.21;0.32;386.26;23.43;1365;53;5022.00;490
12681;42;21162915;12681;498;14044;14534;5.19;0.31;386.26;23.43;1363;53;5023.00;490
12684;42;21162931;12684;499;14044;14534;5.11;0.31;386.33;23.43;1360;53;5024.00;490
12688;42;21162946;12688;506;14044;14534;5.08;0.31;386.42;23.43;1356;53;5025.00;490
12690;42;21162963;12690;505;14047;14538;5.11;0.31;386.38;23.43;1357;53;5026.00;491
12695;42;21162980;12695;510;14047;14538;5.11;0.31;386.53;23.43;1352;53;5027.00;491
12696;43;21162996;12696;514;14047;14538;5.09;0.31;386.56;23.43;1351;54;5028.00;491
12697;43;21163028;12697;515;14047;14538;5.07;0.31;386.61;23.43;1350;54;5029.00;491
12700;44;21163044;12700;517;14047;14539;5.03;0.31;386.70;23.43;1347;55;5030.00;492
12701;44;21163071;12701;511;14047;14540;5.02;0.30;386.69;23.43;1346;55;5031.00;493
12702;44;21163087;12702;520;14047;14540;4.99;0.30;386.72;23.43;1345;55;5032.00;493
12702;44;21163109;12702;520;14048;14541;5.00;0.30;386.72;23.43;1346;55;5033.00;493
12703;44;21163124;12703;520;14048;14541;5.01;0.31;386.72;23.43;1345;55;5034.00;493
12706;44;21163139;12706;520;14048;14541;4.99;0.31;386.78;23.43;1342;55;5035.00;493
12707;44;21163159;12707;523;14048;14541;5.02;0.31;386.86;23.43;1341;55;5036.00;493
12710;44;21163174;12710;524;14048;14541;5.02;0.31;386.88;23.43;1338;55;5037.00;493
12718;44;21163188;12718;523;14048;14541;5.00;0.31;386.90;23.43;1330;55;5038.00;493
12720;44;21163203;12720;527;14048;14541;4.99;0.30;386.93;23.43;1328;55;5039.00;493
12724;44;21163221;12724;548;14129;14771;5.30;0.33;387.02;23.29;1405;55;5040.00;642
12726;44;21163253;12726;546;14136;14772;5.32;0.33;387.08;23.28;1410;55;5041.00;636
12727;44;21163269;12727;543;14144;14772;5.31;0.33;387.06;23.27;1417;55;5042.00;628
12731;44;21163284;12731;551;14151;14772;5.30;0.33;387.20;23.26;1420;55;5043.00;621
12735;44;21163304;12735;547;14158;14772;5.30;0.33;387.34;23.25;1423;55;5044.00;614
12738;44;21163321;12738;551;14164;14772;5.26;0.33;387.45;23.24;1426;55;5045.00;608
12741;44;21163344;12741;551;14170;14772;5.25;0.33;387.55;23.24;1429;55;5046.00;602
12745;44;21163361;12745;556;14176;14772;5.22;0.33;387.66;23.23;1431;55;5047.00;596
12746;44;21163376;12746;556;14181;14773;5.22;0.33;387.69;23.22;1435;55;5048.00;592
12747;44;21163391;12747;556;14185;14774;5.27;0.33;387.70;23.22;1438;55;5049.00;589
12751;44;21163409;12751;550;14187;14774;5.27;0.33;387.68;23.22;1436;55;5050.00;587
12755;44;21163425;12755;549;14187;14775;5.29;0.33;387.85;23.22;1432;55;5051.00;588
12758;44;21163441;12758;548;14191;14775;5.29;0.33;387.95;23.22;1433;55;5052.00;584
12762;44;21163457;12762;554;14192;14775;5.26;0.33;387.99;23.21;1430;55;5053.00;583
12765;44;21163474;12765;550;14195;14775;5.22;0.32;388.00;23.21;1430;55;5054.00;580
12770;44;21163491;12770;554;14200;14779;5.20;0.32;388.03;23.21;1430;55;5055.00;579
12772;44;21163507;12772;557;14202;14779;5.16;0.32;388.14;23.21;1430;55;5056.00;577
12776;44;21163523;12776;565;14204;14779;5.09;0.31;388.18;23.20;1428;55;5057.00;575
12779;44;21163538;12779;570;14206;14782;5.03;0.31;388.18;23.20;1427;55;5058.00;576
12780;44;21163562;12780;574;14209;14782;4.98;0.30;388.19;23.20;1429;55;5059.00;573
12780;44;21163577;12780;573;14209;14782;4.96;0.30;388.19;23.20;1429;55;5060.00;573
12784;44;21163594;12784;579;14211;14786;4.94;0.30;388.12;23.20;1427;55;5061.00;575
12788;44;21163611;12788;583;14213;14787;4.90;0.30;388.18;23.20;1425;55;5062.00;574
12790;44;21163626;12790;596;14215;14787;4.87;0.30;388.25;23.20;1425;55;5063.00;572
12792;44;21163648;12792;604;14219;14791;4.86;0.30;388.24;23.19;1427;55;5064.00;572
12796;44;21163664;12796;604;14220;14791;4.79;0.29;388.20;23.19;1424;55;5065.00;571
12800;44;21163680;12800;606;14221;14791;4.73;0.29;388.29;23.19;1421;55;5066.00;570
12804;44;21163704;12804;619;14221;14792;4.64;0.28;388.35;23.19;1417;55;5067.00;571
12806;44;21163719;12806;619;14221;14792;4.55;0.28;388.34;23.19;1415;55;5068.00;571
12809;44;21163736;12809;626;14225;14798;4.55;0.28;388.33;23.19;1416;55;5069.00;573
12810;44;21163754;12810;645;14227;14798;4.53;0.28;388.34;23.22;1417;55;5070.00;571
12813;44;21163771;12813;648;14227;14799;4.47;0.27;388.39;23.22;1414;55;5071.00;572
12816;44;21163786;12816;655;14227;14799;4.38;0.27;388.37;23.22;1411;55;5072.00;572
12819;44;21163801;12819;663;14227;14799;4.24;0.26;388.34;23.22;1408;55;5073.00;572
12820;44;21163816;12820;661;14227;14799;4.15;0.25;388.34;23.22;1407;55;5074.00;572
12823;44;21163830;12823;654;14227;14799;4.05;0.25;388.28;23.22;1404;55;5075.00;572
12826;44;21163844;12826;654;14234;14811;3.99;0.25;388.23;23.21;1408;55;5076.00;577
12831;44;21163860;12831;654;14234;14811;3.90;0.24;388.19;23.21;1403;55;5077.00;577
12835;44;21163875;12835;665;14235;14811;3.81;0.23;388.19;23.21;1400;55;5078.00;576
12839;44;21163890;12839;648;14235;14811;3.76;0.23;388.10;23.21;1396;55;5079.00;576
12843;44;21163903;12843;645;14235;14811;3.69;0.23;388.07;23.21;1392;55;5080.00;576
12845;44;21163918;12845;642;14235;14811;3.68;0.23;388.06;23.21;1390;55;5081.00;576
12847;44;21163933;12847;631;14236;14815;3.69;0.23;388.02;23.20;1389;55;5082.00;579
12850;44;21163947;12850;623;14236;14815;3.67;0.23;388.04;23.20;1386;55;5083.00;579
12852;44;21163962;12852;617;14239;14819;3.71;0.23;388.03;23.20;1387;55;5084.00;580
12856;44;21163983;12856;615;14239;14821;3.72;0.23;388.04;23.20;1383;55;5085.00;582
12861;44;21163999;12861;611;14239;14821;3.72;0.23;388.08;23.20;1378;55;5086.00;582
12863;44;21164014;12863;605;14239;14821;3.75;0.23;388.05;23.20;1376;55;5087.00;582
12865;44;21164029;12865;607;14249;14834;3.85;0.24;388.03;23.18;1384;55;5088.00;585
12871;44;21164045;12871;608;14249;14834;3.87;0.24;388.01;23.18;1378;55;5089.00;585
12873;44;21164060;12873;607;14249;14834;3.87;0.24;388.02;23.18;1376;55;5090.00;585
12876;44;21164099;12876;598;14250;14835;3.88;0.24;388.03;23.18;1374;55;5091.00;585
12879;44;21164115;12879;591;14250;14836;3.89;0.24;388.00;23.18;1371;55;5092.00;586
12881;44;21164130;12881;578;14250;14836;3.91;0.24;388.00;23.18;1369;55;5093.00;586
12885;44;21164145;12885;571;14251;14839;3.96;0.24;387.98;23.18;1366;55;5094.00;588
12888;44;21164160;12888;557;14251;14839;4.00;0.24;387.94;23.18;1363;55;5095.00;588
12890;44;21164176;12890;553;14251;14839;4.02;0.24;387.91;23.18;1361;55;5096.00;588
12891;44;21164191;12891;547;14251;14839;4.04;0.25;387.92;23.18;1360;55;5097.00;588
12895;44;21164205;12895;538;14255;14845;4.10;0.25;387.90;23.17;1360;55;5098.00;590
12898;44;21164223;12898;529;14255;14845;4.10;0.25;387.90;23.17;1357;55;5099.00;590
12904;44;21164246;12904;524;14259;14864;4.08;0.25;387.90;23.17;1355;55;5100.00;605
12906;44;21164268;12906;523;14260;14864;4.12;0.25;387.89;23.18;1354;55;5101.00;604
12909;44;21164283;12909;521;14262;14868;4.14;0.25;387.89;23.19;1353;55;5102.00;606
12911;44;21164299;12911;526;14262;14869;4.18;0.25;387.90;23.19;1351;55;5103.00;607
12915;44;21164315;12915;524;14262;14869;4.20;0.25;387.91;23.19;1347;55;5104.00;607
12917;44;21164330;12917;517;14267;14870;4.19;0.25;387.91;23.24;1350;55;5105.00;603
12920;44;21164345;12920;521;14270;14870;4.18;0.25;387.93;23.26;1350;55;5106.00;600
12922;44;21164360;12922;516;14272;14870;4.20;0.25;387.93;23.37;1350;55;5107.00;598
12924;44;21164382;12924;516;14274;14870;4.20;0.25;387.95;23.41;1350;55;5108.00;596
12927;44;21164397;12927;512;14276;14870;4.23;0.26;388.02;23.43;1349;55;5109.00;594
12930;44;21164413;12930;503;14278;14870;4.27;0.26;388.05;23.45;1348;55;5110.00;592
12932;44;21164428;12932;496;14280;14870;4.32;0.26;388.03;23.48;1348;55;5111.00;590
12937;44;21164443;12937;507;14313;14940;4.43;0.27;388.01;23.46;1376;55;5112.00;627
12941;44;21164465;12941;508;14316;14941;4.48;0.27;388.06;23.49;1375;55;5113.00;625
12944;44;21164481;12944;507;14323;14941;4.54;0.28;388.17;23.51;1379;55;5114.00;618
12946;44;21164496;12946;500;14329;14941;4.57;0.28;388.18;23.55;1383;55;5115.00;612
12949;44;21164511;12949;496;14332;14941;4.59;0.28;388.16;23.56;1383;55;5116.00;609
12950;44;21164527;12950;500;14338;14941;4.62;0.28;388.16;23.62;1388;55;5117.00;603
12951;44;21164542;12951;498;14342;14941;4.60;0.28;388.17;23.63;1391;55;5118.00;599
12956;44;21164558;12956;497;14349;14941;4.52;0.27;388.13;23.69;1393;55;5119.00;592
12960;44;21164573;12960;500;14354;14942;4.42;0.27;388.14;23.72;1394;55;5120.00;588
12961;44;21164589;12961;512;14356;14943;4.35;0.26;388.17;23.72;1395;55;5121.00;587
12963;44;21164604;12963;506;14360;14943;4.31;0.26;388.15;23.77;1397;55;5122.00;583
12966;44;21164620;12966;500;14364;14947;4.32;0.26;388.13;23.89;1398;55;5123.00;583
12967;44;21164636;12967;498;14366;14947;4.35;0.27;388.12;23.90;1399;55;5124.00;581
12970;44;21164652;12970;495;14367;14947;4.36;0.27;388.17;23.91;1397;55;5125.00;580
12976;44;21164669;12976;493;14371;14947;4.34;0.27;388.26;23.95;1395;55;5126.00;576
12976;44;21164685;12976;500;14379;14953;4.35;0.27;388.26;24.10;1403;55;5127.00;574
12980;44;21164701;12980;493;14379;14953;4.37;0.27;388.30;24.10;1399;55;5128.00;574
12983;44;21164717;12983;497;14384;14953;4.40;0.27;388.35;24.14;1401;55;5129.00;569
12985;44;21164736;12985;494;14388;14959;4.44;0.27;388.44;24.16;1403;55;5130.00;571
12991;44;21164758;12991;477;14389;14959;4.43;0.27;388.49;24.16;1398;55;5131.00;570
12997;44;21164774;12997;465;14392;14959;4.44;0.27;388.58;24.20;1395;55;5132.00;567
12998;44;21164792;12998;460;14392;14960;4.51;0.28;388.65;24.20;1394;55;5133.00;568
13002;44;21164808;13002;452;14397;14961;4.55;0.28;388.76;24.31;1395;55;5134.00;564
13006;44;21164825;13006;448;14399;14961;4.59;0.28;388.78;24.34;1393;55;5135.00;562
13008;44;21164842;13008;451;14412;14974;4.66;0.28;388.80;24.36;1404;55;5136.00;562
13013;44;21164860;13013;446;14415;14974;4.67;0.28;388.83;24.38;1402;55;5137.00;559
13016;44;21164877;13016;444;14415;14974;4.67;0.28;388.85;24.38;1399;55;5138.00;559
13018;44;21164895;13018;455;14417;14975;4.69;0.29;388.96;24.41;1399;55;5139.00;558
13022;44;21164912;13022;458;14422;14975;4.70;0.29;389.05;24.68;1400;56;5140.00;553
13023;44;21164939;13023;457;14431;14979;4.70;0.29;389.13;24.80;1408;56;5141.00;548
13025;44;21164956;13025;453;14432;14979;4.68;0.29;389.14;24.81;1407;56;5142.00;547
13027;44;21164974;13027;456;14435;14983;4.67;0.29;389.20;24.82;1408;56;5143.00;548
13031;44;21164998;13031;460;14436;14983;4.68;0.29;389.36;24.83;1405;56;5144.00;547
13036;44;21165018;13036;457;14439;14983;4.67;0.28;389.49;24.86;1403;56;5145.00;544
13037;44;21165042;13037;467;14441;14983;4.69;0.29;389.48;24.88;1404;56;5146.00;542
13040;44;21165060;13040;462;14443;14983;4.68;0.29;389.59;24.90;1403;56;5147.00;540
13042;44;21165077;13042;468;14451;14995;4.73;0.29;389.74;24.91;1409;57;5148.00;544
13044;44;21165102;13044;473;14454;14995;4.78;0.29;389.77;24.92;1410;57;5149.00;541
13046;44;21165120;13046;472;14459;14995;4.81;0.29;389.74;24.96;1413;57;5150.00;536
13053;44;21165137;13053;471;14460;14995;4.77;0.29;389.68;24.96;1407;57;5151.00;535
13055;44;21165158;13055;478;14463;14995;4.76;0.29;389.70;24.99;1408;57;5152.00;532
13058;44;21165175;13058;482;14464;14995;4.76;0.29;389.67;25.00;1406;57;5153.00;531
13061;44;21165193;13061;486;14466;14996;4.76;0.29;389.69;25.02;1405;57;5154.00;530
13062;44;21165215;13062;495;14468;14998;4.78;0.29;389.73;25.01;1406;57;5155.00;530
13064;44;21165233;13064;491;14474;15004;4.77;0.29;389.80;25.03;1410;57;5156.00;530
13067;44;21165252;13067;498;14474;15005;4.72;0.28;389.87;25.03;1407;57;5157.00;531
13067;44;21165271;13067;496;14474;15005;4.71;0.28;389.87;25.03;1407;57;5158.00;531
13069;44;21165290;13069;501;14476;15005;4.69;0.28;389.94;25.05;1407;57;5159.00;529
13071;44;21165312;13071;496;14480;15010;4.72;0.29;389.98;25.04;1409;57;5160.00;530
13074;44;21165331;13074;504;14480;15010;4.67;0.28;390.09;25.04;1406;57;5161.00;530
13075;44;21165350;13075;509;14480;15010;4.66;0.28;390.07;25.04;1405;57;5162.00;530
13076;44;21165375;13076;504;14482;15011;4.67;0.28;390.09;25.05;1406;57;5163.00;529
13077;44;21165393;13077;492;14483;15015;4.66;0.28;390.14;25.05;1406;57;5164.00;532
13078;44;21165412;13078;487;14484;15015;4.70;0.28;390.15;25.06;1406;57;5165.00;531
13080;44;21165430;13080;473;14485;15018;4.77;0.29;390.18;25.06;1405;57;5166.00;533
13083;44;21165448;13083;470;14485;15018;4.78;0.29;390.17;25.06;1402;57;5167.00;533
13083;44;21165467;13083;462;14486;15018;4.79;0.29;390.17;25.07;1403;57;5168.00;532
13085;44;21165488;13085;460;14487;15018;4.84;0.29;390.22;25.08;1402;57;5169.00;531
13086;44;21165507;13086;454;14492;15022;4.87;0.29;390.25;25.18;1406;57;5170.00;530
13088;44;21165526;13088;452;14492;15022;4.91;0.30;390.33;25.18;1404;57;5171.00;530
13088;44;21165544;13088;451;14493;15022;4.96;0.30;390.33;25.19;1405;57;5172.00;529
13089;44;21165562;13089;443;14493;15022;5.00;0.30;390.31;25.19;1404;57;5173.00;529
13091;44;21165581;13091;446;14493;15023;4.98;0.30;390.39;25.19;1402;57;5174.00;530
13092;44;21165598;13092;438;14493;15025;4.98;0.30;390.40;25.19;1401;57;5175.00;532
13096;44;21165616;13096;441;14493;15025;4.96;0.30;390.52;25.19;1397;57;5176.00;532
13100;44;21165634;13100;433;14494;15026;4.98;0.30;390.64;25.19;1394;57;5177.00;532
13103;44;21165651;13103;433;14494;15026;5.01;0.31;390.73;25.19;1391;57;5178.00;532
13109;44;21165669;13109;434;14495;15026;4.99;0.30;390.80;25.19;1386;57;5179.00;531
13109;44;21165688;13109;427;14495;15026;4.98;0.30;390.80;25.19;1386;57;5180.00;531
13115;44;21165706;13115;422;14495;15026;4.94;0.30;390.92;25.19;1380;57;5181.00;531
13120;44;21165723;13120;422;14495;15026;4.93;0.30;391.06;25.19;1375;57;5182.00;531
13123;44;21165741;13123;412;14495;15026;4.91;0.30;391.05;25.19;1372;57;5183.00;531
13124;44;21165758;13124;432;14560;15153;5.00;0.31;391.05;25.18;1436;57;5184.00;593
13129;44;21165787;13129;429;14560;15154;4.98;0.31;391.13;25.18;1431;57;5185.00;594
13131;44;21165805;13131;420;14563;15154;4.92;0.30;391.19;25.17;1432;57;5186.00;591
13133;44;21165822;13133;436;14564;15154;4.86;0.30;391.18;25.17;1431;57;5187.00;590
13136;44;21165839;13136;441;14567;15154;4.80;0.30;391.25;25.17;1431;57;5188.00;587
13139;44;21165856;13139;444;14572;15154;4.71;0.29;391.21;25.27;1433;57;5189.00;582
13140;44;21165874;13140;446;14573;15154;4.67;0.29;391.20;25.27;1433;57;5190.00;581
13142;44;21165894;13142;457;14575;15154;4.69;0.29;391.24;25.26;1433;57;5191.00;579
13144;44;21165911;13144;470;14576;15155;4.77;0.29;391.21;25.26;1432;57;5192.00;579
13147;44;21165928;13147;482;14579;15156;4.81;0.29;391.21;25.26;1432;57;5193.00;577
13149;44;21165946;13149;486;14581;15156;4.85;0.30;391.25;25.26;1432;58;5194.00;575
13150;44;21165970;13150;493;14584;15157;4.82;0.30;391.24;25.34;1434;58;5195.00;573
13152;44;21165987;13152;487;14586;15157;4.79;0.29;391.21;25.34;1434;58;5196.00;571
13153;44;21166004;13153;492;14587;15157;4.81;0.29;391.19;25.34;1434;58;5197.00;570
13155;44;21166023;13155;492;14588;15157;4.83;0.30;391.27;25.34;1433;58;5198.00;569
13159;44;21166042;13159;498;14592;15161;4.78;0.29;391.30;25.33;1433;58;5199.00;569
13160;44;21166061;13160;500;14593;15161;4.76;0.29;391.40;25.33;1433;58;5200.00;568
13164;44;21166086;13164;499;14593;15161;4.72;0.29;391.41;25.33;1429;58;5201.00;568
13169;44;21166105;13169;511;14594;15164;4.65;0.29;391.45;25.33;1425;58;5202.00;570
13171;44;21166124;13171;514;14594;15164;4.62;0.28;391.51;25.33;1423;58;5203.00;570
13173;44;21166143;13173;519;14594;15164;4.56;0.28;391.53;25.33;1421;58;5204.00;570
13180;44;21166160;13180;529;14595;15168;4.48;0.27;391.72;25.33;1415;58;5205.00;573
13181;44;21166178;13181;529;14596;15169;4.48;0.27;391.72;25.32;1415;58;5206.00;573
13184;44;21166195;13184;546;14596;15169;4.43;0.27;391.85;25.32;1412;58;5207.00;573
13185;44;21166212;13185;550;14599;15173;4.44;0.27;391.88;25.32;1414;58;5208.00;574
13188;44;21166230;13188;550;14600;15173;4.40;0.27;391.88;25.41;1412;58;5209.00;573
13192;44;21166253;13192;564;14600;15173;4.36;0.27;391.88;25.41;1408;58;5210.00;573
13195;44;21166271;13195;576;14600;15174;4.30;0.26;391.94;25.41;1405;58;5211.00;574
13201;44;21166288;13201;580;14600;15174;4.25;0.26;392.04;25.41;1399;58;5212.00;574
13203;44;21166305;13203;588;14604;15180;4.26;0.26;392.06;25.41;1401;58;5213.00;576
13204;44;21166324;13204;590;14604;15180;4.26;0.26;392.10;25.41;1400;58;5214.00;576
13205;44;21166342;13205;592;14604;15180;4.25;0.26;392.08;25.41;1399;58;5215.00;576
13205;44;21166359;13205;613;14604;15181;4.26;0.26;392.08;25.41;1399;58;5216.00;577
13207;44;21166376;13207;621;14604;15181;4.23;0.26;392.06;25.41;1397;58;5217.00;577
13210;44;21166393;13210;628;14604;15181;4.17;0.25;392.15;25.41;1394;58;5218.00;577
13212;44;21166410;13212;633;14604;15181;4.13;0.25;392.17;25.41;1392;58;5219.00;577
13214;44;21166428;13214;640;14624;15217;4.19;0.26;392.12;25.55;1410;58;5220.00;593
13216;44;21166447;13216;645;14624;15217;4.14;0.25;392.11;25.55;1408;58;5221.00;593
13217;44;21166463;13217;653;14628;15217;4.12;0.25;392.12;25.54;1411;58;5222.00;589
13219;44;21166478;13219;654;14628;15217;4.05;0.25;392.10;25.54;1409;58;5223.00;589
13220;44;21166494;13220;655;14628;15217;4.00;0.25;392.11;25.54;1408;58;5224.00;589
13223;44;21166510;13223;659;14628;15217;3.95;0.24;392.10;25.54;1405;58;5225.00;589
13226;44;21166526;13226;663;14629;15221;3.92;0.24;392.08;25.54;1403;58;5226.00;592
13227;44;21166544;13227;676;14629;15221;3.92;0.24;392.07;25.54;1402;58;5227.00;592
13230;44;21166563;13230;668;14631;15225;3.89;0.24;392.08;25.54;1401;58;5228.00;594
13233;44;21166579;13233;671;14631;15226;3.84;0.24;392.07;25.54;1398;58;5229.00;595
13235;44;21166595;13235;668;14631;15226;3.84;0.24;392.10;25.54;1396;58;5230.00;595
13238;44;21166610;13238;675;14631;15226;3.81;0.23;392.05;25.54;1393;58;5231.00;595
13241;44;21166624;13241;672;14641;15239;3.83;0.24;392.01;25.52;1400;58;5232.00;598
13243;44;21166641;13243;669;14641;15239;3.85;0.24;391.97;25.52;1398;58;5233.00;598
13245;44;21166655;13245;665;14641;15239;3.86;0.24;391.91;25.52;1396;58;5234.00;598
13247;44;21166670;13247;663;14642;15240;3.85;0.24;391.87;25.52;1395;58;5235.00;598
13248;44;21166686;13248;671;14642;15241;3.88;0.24;391.85;25.52;1394;58;5236.00;599
13250;44;21166701;13250;670;14642;15241;3.89;0.24;391.83;25.52;1392;58;5237.00;599
13253;44;21166716;13253;663;14643;15244;3.90;0.24;391.78;25.52;1390;58;5238.00;601
13256;44;21166733;13256;668;14644;15244;3.86;0.24;391.79;25.52;1388;58;5239.00;600
13257;44;21166748;13257;678;14644;15244;3.81;0.23;391.77;25.52;1387;58;5240.00;600
13258;44;21166764;13258;684;14644;15244;3.75;0.23;391.77;25.52;1386;58;5241.00;600
13259;44;21166780;13259;691;14647;15250;3.72;0.23;391.77;25.51;1388;58;5242.00;603
13261;44;21166797;13261;690;14647;15250;3.68;0.22;391.78;25.51;1386;58;5243.00;603
13262;44;21166812;13262;690;14647;15250;3.65;0.22;391.79;25.51;1385;58;5244.00;603
13265;44;21166826;13265;696;14649;15250;3.59;0.22;391.75;25.53;1384;58;5245.00;601
13270;44;21166841;13270;699;14650;15254;3.51;0.21;391.73;25.53;1380;58;5246.00;604
13272;44;21166855;13272;695;14650;15255;3.41;0.21;391.71;25.53;1378;58;5247.00;605
13273;44;21166869;13273;692;14650;15255;3.34;0.20;391.70;25.53;1377;58;5248.00;605
13274;44;21166883;13274;686;14651;15256;3.29;0.20;391.69;25.53;1377;58;5249.00;605
13278;44;21166900;13278;676;14651;15256;3.24;0.20;391.70;25.53;1373;58;5250.00;605
13280;44;21166916;13280;666;14651;15256;3.24;0.20;391.66;25.53;1371;58;5251.00;605
13283;44;21166932;13283;654;14651;15256;3.26;0.20;391.63;25.53;1368;58;5252.00;605
13288;44;21166946;13288;646;14651;15256;3.28;0.20;391.63;25.53;1363;58;5253.00;605
13289;44;21166968;13289;640;14651;15256;3.32;0.20;391.64;25.53;1362;58;5254.00;605
13294;44;21166989;13294;624;14651;15256;3.33;0.20;391.66;25.53;1357;58;5255.00;605
13298;44;21167004;13298;623;14680;15326;3.57;0.22;391.64;25.48;1382;58;5256.00;646
13298;44;21167024;13298;611;14683;15327;3.65;0.22;391.64;25.48;1385;58;5257.00;644
13301;44;21167045;13301;602;14688;15327;3.76;0.23;391.62;25.47;1387;58;5258.00;639
13302;44;21167062;13302;596;14693;15327;3.88;0.24;391.62;25.46;1391;58;5259.00;634
13304;44;21167078;13304;589;14696;15327;4.01;0.24;391.64;25.46;1392;58;5260.00;631
13307;44;21167095;13307;579;14698;15327;4.09;0.25;391.64;25.46;1391;58;5261.00;629
13308;44;21167112;13308;578;14700;15327;4.13;0.25;391.65;25.45;1392;58;5262.00;627
13312;44;21167129;13312;578;14701;15327;4.11;0.25;391.65;25.45;1389;58;5263.00;626
13314;44;21167146;13314;571;14702;15328;4.13;0.25;391.65;25.45;1388;58;5264.00;626
13315;44;21167162;13315;566;14702;15330;4.15;0.25;391.65;25.45;1387;58;5265.00;628
13318;44;21167179;13318;559;14703;15330;4.19;0.25;391.62;25.45;1385;58;5266.00;627
13320;44;21167196;13320;569;14706;15334;4.24;0.26;391.60;25.45;1386;58;5267.00;628
13325;44;21167212;13325;564;14706;15334;4.24;0.26;391.59;25.45;1381;58;5268.00;628
13328;44;21167229;13328;565;14706;15334;4.28;0.26;391.62;25.45;1378;58;5269.00;628
13334;44;21167246;13334;561;14707;15334;4.30;0.26;391.71;25.45;1373;58;5270.00;627
13337;44;21167262;13337;556;14711;15340;4.32;0.26;391.75;25.45;1374;58;5271.00;629
13341;44;21167280;13341;551;14712;15340;4.32;0.26;391.71;25.47;1371;58;5272.00;628
13347;44;21167297;13347;545;14712;15340;4.29;0.26;391.84;25.47;1365;58;5273.00;628
13349;44;21167314;13349;544;14713;15343;4.30;0.26;391.83;25.47;1364;58;5274.00;630
13352;44;21167333;13352;546;14715;15343;4.33;0.26;391.80;25.50;1363;58;5275.00;628
13354;44;21167350;13354;539;14715;15343;4.36;0.27;391.78;25.50;1361;58;5276.00;628
13357;44;21167367;13357;536;14716;15344;4.41;0.27;391.78;25.51;1359;58;5277.00;628
13360;44;21167384;13360;537;14718;15345;4.44;0.27;391.80;25.53;1358;58;5278.00;627
13364;44;21167402;13364;527;14721;15345;4.45;0.27;391.82;25.57;1357;58;5279.00;624
13368;44;21167422;13368;524;14740;15371;4.55;0.28;391.77;25.54;1372;58;5280.00;631
13371;44;21167442;13371;515;14740;15371;4.60;0.28;391.85;25.54;1369;58;5281.00;631
13374;44;21167459;13374;510;14745;15371;4.63;0.28;391.91;25.58;1371;58;5282.00;626
13378;44;21167477;13378;505;14745;15372;4.64;0.28;392.02;25.58;1367;58;5283.00;627
13380;44;21167495;13380;496;14749;15372;4.68;0.28;392.05;25.71;1369;58;5284.00;623
13384;44;21167515;13384;495;14752;15376;4.75;0.29;392.29;25.72;1368;58;5285.00;624
13387;44;21167534;13387;494;14753;15376;4.80;0.29;392.35;25.73;1366;58;5286.00;623
13390;44;21167552;13390;501;14755;15379;4.83;0.29;392.41;25.75;1365;58;5287.00;624
13395;44;21167569;13395;498;14757;15380;4.80;0.29;392.48;25.77;1362;58;5288.00;623
13397;44;21167586;13397;506;14760;15380;4.83;0.29;392.49;25.80;1363;58;5289.00;620
13402;44;21167603;13402;508;14762;15380;4.83;0.29;392.56;25.83;1360;58;5290.00;618
13408;44;21167620;13408;510;14762;15380;4.77;0.29;392.64;25.83;1354;58;5291.00;618
13412;44;21167637;13412;516;14771;15392;4.77;0.29;392.76;25.83;1359;58;5292.00;621
13417;44;21167655;13417;516;14772;15392;4.70;0.29;392.78;25.83;1355;58;5293.00;620
13419;44;21167673;13419;532;14773;15392;4.62;0.28;392.86;25.84;1354;58;5294.00;619
13423;44;21167690;13423;529;14773;15392;4.58;0.28;392.81;25.84;1350;58;5295.00;619
13424;44;21167706;13424;538;14778;15392;4.54;0.28;392.84;25.90;1354;58;5296.00;614
13429;44;21167724;13429;527;14779;15392;4.47;0.27;392.86;25.92;1350;58;5297.00;613
13433;44;21167742;13433;523;14782;15393;4.42;0.27;392.97;25.94;1349;58;5298.00;611
13436;44;21167757;13436;514;14782;15393;4.41;0.27;393.07;25.94;1346;58;5299.00;611
13438;44;21167775;13438;521;14790;15399;4.44;0.27;393.09;25.98;1352;58;5300.00;609
13439;44;21167795;13439;519;14791;15400;4.47;0.27;393.17;25.99;1352;58;5301.00;609
13441;44;21167810;13441;518;14792;15400;4.46;0.27;393.19;26.00;1351;58;5302.00;608
13445;44;21167826;13445;519;14795;15400;4.51;0.28;393.35;26.03;1350;58;5303.00;605
13448;44;21167841;13448;524;14799;15404;4.58;0.28;393.45;26.03;1351;58;5304.00;605
13452;44;21167857;13452;527;14801;15404;4.58;0.28;393.61;26.05;1349;58;5305.00;603
13458;44;21167878;13458;526;14802;15404;4.60;0.28;393.73;26.07;1344;58;5306.00;602
13459;44;21167893;13459;525;14805;15405;4.65;0.28;393.77;26.08;1346;58;5307.00;600
13462;44;21167909;13462;516;14809;15409;4.67;0.29;393.74;26.12;1347;58;5308.00;600
13465;44;21167925;13465;510;14810;15409;4.71;0.29;393.79;26.12;1345;58;5309.00;599
13466;44;21167943;13466;503;14813;15415;4.78;0.29;393.82;26.13;1347;58;5310.00;602
13469;44;21167959;13469;506;14814;15415;4.80;0.29;393.92;26.14;1345;58;5311.00;601
13471;44;21167974;13471;510;14816;15415;4.83;0.29;394.01;26.16;1345;58;5312.00;599
13475;44;21167993;13475;509;14819;15415;4.84;0.30;394.12;26.20;1344;58;5313.00;596
13477;44;21168008;13477;518;14824;15419;4.87;0.30;394.24;26.21;1347;58;5314.00;595
13480;44;21168025;13480;525;14826;15419;4.85;0.30;394.44;26.24;1346;58;5315.00;593
13482;44;21168041;13482;531;14827;15419;4.80;0.29;394.60;26.25;1345;58;5316.00;592
13484;44;21168056;13484;534;14828;15419;4.77;0.29;394.70;26.27;1344;58;5317.00;591
13486;44;21168072;13486;540;14833;15420;4.78;0.29;394.81;26.42;1347;58;5318.00;587
13488;44;21168088;13488;534;14835;15421;4.79;0.29;394.83;26.43;1347;58;5319.00;586
13492;44;21168103;13492;539;14837;15421;4.80;0.29;394.87;26.45;1345;58;5320.00;584
13495;44;21168120;13495;528;14841;15422;4.86;0.30;394.89;26.48;1346;58;5321.00;581
13499;44;21168135;13499;514;14841;15422;4.87;0.30;395.03;26.48;1342;58;5322.00;581
13503;44;21168151;13503;516;14844;15422;4.87;0.30;395.09;26.51;1341;58;5323.00;578
13504;44;21168166;13504;510;14844;15422;4.90;0.30;395.08;26.51;1340;58;5324.00;578
13505;44;21168181;13505;510;14847;15422;4.90;0.30;395.12;26.55;1342;58;5325.00;575
13506;44;21168196;13506;514;14849;15422;4.95;0.30;395.16;26.56;1343;58;5326.00;573
13510;44;21168211;13510;514;14852;15422;4.98;0.30;395.11;26.59;1342;58;5327.00;570
13514;44;21168227;13514;538;14919;15549;5.07;0.31;395.09;26.47;1405;58;5328.00;630
13514;44;21168252;13514;527;14921;15550;5.07;0.31;395.09;26.49;1407;58;5329.00;629
13516;44;21168268;13516;520;14927;15550;5.07;0.31;395.13;26.50;1411;58;5330.00;623
13518;44;21168283;13518;521;14928;15550;5.05;0.31;395.24;26.52;1410;58;5331.00;622
13521;44;21168299;13521;525;14931;15550;5.06;0.31;395.25;26.53;1410;58;5332.00;619
13522;44;21168315;13522;527;14934;15550;5.10;0.31;395.24;26.54;1412;58;5333.00;616
13524;44;21168330;13524;531;14937;15550;5.12;0.32;395.27;26.54;1413;58;5334.00;613
13525;44;21168346;13525;535;14940;15550;5.14;0.32;395.30;26.65;1415;58;5335.00;610
13529;44;21168362;13529;534;14944;15551;5.13;0.32;395.32;26.67;1415;58;5336.00;607
13529;44;21168378;13529;537;14947;15552;5.14;0.32;395.32;26.68;1418;58;5337.00;605
13532;44;21168398;13532;542;14951;15552;5.11;0.31;395.27;26.79;1419;58;5338.00;601
13533;44;21168414;13533;544;14954;15553;5.13;0.32;395.25;26.80;1421;58;5339.00;599
13534;44;21168432;13534;545;14956;15553;5.13;0.32;395.28;26.81;1422;58;5340.00;597
13536;44;21168448;13536;556;14959;15553;5.09;0.31;395.26;26.84;1423;58;5341.00;594
13539;44;21168464;13539;547;14961;15553;5.05;0.31;395.33;26.83;1422;58;5342.00;592
13540;44;21168480;13540;541;14966;15557;5.00;0.31;395.33;26.85;1426;58;5343.00;591
13542;44;21168496;13542;530;14969;15557;4.96;0.30;395.32;26.87;1427;58;5344.00;588
13543;44;21168512;13543;531;14970;15557;4.90;0.30;395.30;26.89;1427;58;5345.00;587
13547;44;21168529;13547;536;14972;15560;4.85;0.30;395.34;26.90;1425;58;5346.00;588
13549;44;21168546;13549;530;14972;15560;4.87;0.30;395.41;26.90;1423;58;5347.00;588
13553;44;21168562;13553;509;14973;15560;4.88;0.30;395.53;26.99;1420;58;5348.00;587
13557;44;21168578;13557;512;14974;15564;4.84;0.30;395.63;27.00;1417;58;5349.00;590
13562;44;21168594;13562;503;14975;15565;4.81;0.29;395.61;27.00;1413;58;5350.00;590
13566;44;21168611;13566;507;14976;15565;4.81;0.29;395.72;27.01;1410;58;5351.00;589
13566;44;21168626;13566;507;14981;15569;4.83;0.30;395.72;27.02;1415;58;5352.00;588
13567;44;21168642;13567;501;14982;15569;4.84;0.30;395.71;27.03;1415;58;5353.00;587
13570;44;21168657;13570;499;14985;15569;4.78;0.29;395.80;27.04;1415;58;5354.00;584
13570;44;21168673;13570;495;14989;15571;4.76;0.29;395.80;27.24;1419;58;5355.00;582
13572;44;21168693;13572;495;14989;15571;4.71;0.29;395.79;27.24;1417;58;5356.00;582
13576;44;21168709;13576;493;14995;15577;4.69;0.29;395.81;27.24;1419;58;5357.00;582
13581;44;21168725;13581;499;14997;15577;4.65;0.28;395.91;27.25;1416;58;5358.00;580
13586;44;21168742;13586;505;14997;15577;4.61;0.28;395.98;27.25;1411;58;5359.00;580
13588;44;21168758;13588;509;14998;15578;4.66;0.28;396.11;27.26;1410;58;5360.00;580
13591;44;21168774;13591;520;14998;15578;4.63;0.28;396.16;27.26;1407;58;5361.00;580
13593;44;21168790;13593;521;14999;15578;4.62;0.28;396.25;27.27;1406;58;5362.00;579
13596;44;21168805;13596;524;14999;15578;4.59;0.28;396.32;27.27;1403;58;5363.00;579
13597;44;21168821;13597;534;15008;15590;4.62;0.28;396.31;27.26;1411;58;5364.00;582
13598;44;21168838;13598;532;15008;15590;4.63;0.28;396.35;27.26;1410;58;5365.00;582
13600;44;21168853;13600;535;15009;15590;4.59;0.28;396.31;27.27;1409;58;5366.00;581
13604;44;21168868;13604;539;15009;15590;4.58;0.28;396.36;27.27;1405;58;5367.00;581
13605;44;21168884;13605;544;15009;15590;4.57;0.28;396.33;27.27;1404;58;5368.00;581
13609;44;21168900;13609;546;15009;15590;4.57;0.28;396.39;27.27;1400;58;5369.00;581
13611;44;21168916;13611;552;15011;15594;4.52;0.27;396.42;27.28;1400;58;5370.00;583
13615;44;21168931;13615;551;15011;15594;4.45;0.27;396.42;27.28;1396;58;5371.00;583
13617;44;21168952;13617;553;15014;15598;4.43;0.27;396.45;27.29;1397;58;5372.00;584
13618;44;21168967;13618;560;15014;15599;4.41;0.27;396.47;27.29;1396;58;5373.00;585
13619;44;21168982;13619;560;15015;15599;4.40;0.27;396.46;27.30;1396;58;5374.00;584
13620;44;21168997;13620;563;15015;15599;4.39;0.27;396.48;27.30;1395;58;5375.00;584
13625;44;21169012;13625;568;15026;15612;4.39;0.27;396.56;27.29;1401;58;5376.00;586
13627;44;21169029;13627;561;15027;15612;4.36;0.27;396.52;27.29;1400;58;5377.00;585
13628;44;21169044;13628;566;15027;15612;4.34;0.27;396.50;27.29;1399;58;5378.00;585
13630;44;21169063;13630;569;15030;15613;4.29;0.26;396.48;27.31;1400;58;5379.00;583
13635;44;21169079;13635;575;15030;15614;4.23;0.26;396.45;27.31;1395;58;5380.00;584
13637;44;21169095;13637;578;15030;15614;4.21;0.26;396.45;27.31;1393;58;5381.00;584
13641;44;21169110;13641;592;15031;15617;4.14;0.25;396.48;27.31;1390;58;5382.00;586
13641;44;21169124;13641;594;15031;15617;4.13;0.25;396.48;27.31;1390;58;5383.00;586
13642;44;21169138;13642;605;15032;15617;4.08;0.25;396.46;27.40;1390;58;5384.00;585
13644;44;21169152;13644;613;15033;15617;4.07;0.25;396.47;27.50;1389;58;5385.00;584
13645;44;21169167;13645;619;15038;15623;4.08;0.25;396.45;27.58;1393;58;5386.00;585
13648;44;21169183;13648;620;15038;15623;4.03;0.25;396.49;27.58;1390;58;5387.00;585
13648;44;21169198;13648;623;15038;15623;4.02;0.25;396.49;27.58;1390;58;5388.00;585
13649;44;21169212;13649;636;15038;15623;4.04;0.25;396.51;27.58;1389;58;5389.00;585
13652;44;21169226;13652;638;15039;15627;4.02;0.25;396.45;27.58;1387;58;5390.00;588
13654;44;21169241;13654;639;15039;15628;3.99;0.24;396.42;27.58;1385;58;5391.00;589
13655;44;21169255;13655;648;15039;15628;3.97;0.24;396.40;27.58;1384;58;5392.00;589
13658;44;21169269;13658;648;15041;15629;3.95;0.24;396.40;27.67;1383;58;5393.00;588
13659;44;21169282;13659;654;15041;15629;3.95;0.24;396.38;27.67;1382;58;5394.00;588
13661;44;21169296;13661;653;15042;15629;4.00;0.25;396.41;27.76;1381;58;5395.00;587
13661;44;21169310;13661;659;15042;15629;4.01;0.25;396.41;27.76;1381;58;5396.00;587
13665;44;21169322;13665;653;15042;15629;3.93;0.24;396.47;27.76;1377;58;5397.00;587
13665;44;21169336;13665;655;15042;15629;3.93;0.24;396.47;27.76;1377;58;5398.00;587
13665;44;21169348;13665;658;15042;15629;3.88;0.24;396.47;27.76;1377;58;5399.00;587
