step_arrived;step_collisions;step_duration;step_ended;step_halting;step_inserted;step_loaded;step_meanSpeed;step_meanSpeedRelative;step_meanTravelTime;step_meanWaitingTime;step_running;step_teleports;step_time;step_waiting
0;0;23090535;0;1;83;245;16.55;1.17;-1.00;0.00;83;0;0.00;162
0;0;23090564;0;0;94;245;15.95;1.11;-1.00;0.12;94;0;1.00;151
0;0;23090565;0;1;115;245;15.13;1.03;-1.00;0.46;115;0;2.00;130
0;0;23090566;0;1;131;245;14.12;0.95;-1.00;0.77;131;0;3.00;114
0;0;23090567;0;1;147;245;12.97;0.87;-1.00;1.12;147;0;4.00;98
0;0;23090568;0;5;157;245;12.21;0.81;-1.00;1.37;157;0;5.00;88
0;0;23090570;0;4;170;245;11.26;0.74;-1.00;1.72;170;0;6.00;75
0;0;23090572;0;11;179;245;10.54;0.70;-1.00;1.99;179;0;7.00;66
0;0;23090573;0;15;189;246;9.92;0.65;-1.00;2.31;189;0;8.00;57
0;0;23090575;0;18;193;247;9.52;0.63;-1.00;2.45;193;0;9.00;54
0;0;23090578;0;16;198;247;9.26;0.61;-1.00;2.64;198;0;10.00;49
0;0;23090580;0;22;204;248;9.02;0.59;-1.00;2.83;204;0;11.00;44
0;0;23090582;0;27;209;248;8.74;0.57;-1.00;3.05;209;0;12.00;39
1;0;23090585;1;33;211;248;8.48;0.55;13.00;3.15;210;0;13.00;37
1;0;23090587;1;36;215;248;8.24;0.53;13.00;3.35;214;0;14.00;33
1;0;23090590;1;42;220;252;8.01;0.52;13.00;3.45;219;0;15.00;32
1;0;23090593;1;48;223;252;7.94;0.51;13.00;3.62;222;0;16.00;29
1;0;23090596;1;53;227;252;7.85;0.50;13.00;3.80;226;0;17.00;25
1;0;23090598;1;58;229;255;7.84;0.50;13.00;3.84;228;0;18.00;26
1;0;23090601;1;63;232;255;7.80;0.50;13.00;4.04;231;0;19.00;23
2;0;23090604;2;71;233;255;7.76;0.49;16.50;4.11;231;0;20.00;22
3;0;23090607;3;73;239;259;7.84;0.49;18.00;4.20;236;0;21.00;20
3;0;23090609;3;76;240;260;8.02;0.50;18.00;4.18;237;0;22.00;20
4;0;23090613;4;82;243;260;8.06;0.51;19.25;4.42;239;0;23.00;17
5;0;23090616;5;85;246;264;8.09;0.51;20.00;4.36;241;0;24.00;18
5;0;23090620;5;86;248;264;8.20;0.52;20.00;4.53;243;0;25.00;16
5;0;23090623;5;87;248;264;8.36;0.53;20.00;4.53;243;0;26.00;16
5;0;23090627;5;89;250;265;8.40;0.53;20.00;4.71;245;0;27.00;15
5;0;23090630;5;89;251;265;8.45;0.53;20.00;4.71;246;0;28.00;14
5;0;23090633;5;90;257;271;8.48;0.53;20.00;4.67;252;0;29.00;14
5;0;23090639;5;92;258;271;8.49;0.53;20.00;4.77;253;0;30.00;13
7;0;23090642;7;95;259;272;8.36;0.52;22.71;4.76;252;0;31.00;13
7;0;23090646;7;95;260;272;8.33;0.52;22.71;4.86;253;0;32.00;12
9;0;23090649;9;98;261;272;8.31;0.51;25.00;4.97;252;0;33.00;11
9;0;23090652;9;101;262;272;8.33;0.52;25.00;5.01;253;0;34.00;10
9;0;23090656;9;105;263;272;8.29;0.51;25.00;5.13;254;0;35.00;9
10;0;23090658;10;106;274;284;8.57;0.53;25.40;4.95;264;0;36.00;10
10;0;23090663;10;110;274;284;8.42;0.52;25.40;4.95;264;0;37.00;10
10;0;23090667;10;112;276;284;8.40;0.52;25.40;5.06;266;0;38.00;8
11;0;23090670;11;115;276;284;8.30;0.51;26.18;5.06;265;0;39.00;8
11;0;23090673;11;119;277;284;8.14;0.50;26.18;5.15;266;0;40.00;7
11;0;23090676;11;123;277;284;7.96;0.49;26.18;5.15;266;0;41.00;7
11;0;23090679;11;126;284;288;7.89;0.49;26.18;5.20;273;0;42.00;4
12;0;23090682;12;129;284;288;7.69;0.48;27.25;5.20;272;0;43.00;4
13;0;23090686;13;131;288;292;7.64;0.48;28.31;5.14;275;0;44.00;4
14;0;23090689;14;135;290;294;7.63;0.48;29.07;5.10;276;0;45.00;4
14;0;23090692;14;136;290;294;7.56;0.47;29.07;5.10;276;0;46.00;4
15;0;23090695;15;135;290;294;7.55;0.47;28.87;5.10;275;0;47.00;4
16;0;23090698;16;138;301;307;7.78;0.49;29.63;4.92;285;0;48.00;6
18;0;23090702;18;140;301;307;7.66;0.48;31.72;4.92;283;0;49.00;6
18;0;23090705;18;143;301;307;7.59;0.47;31.72;4.92;283;0;50.00;6
19;0;23090708;19;146;302;308;7.48;0.46;32.63;4.90;283;0;51.00;6
19;0;23090711;19;147;303;309;7.34;0.46;32.63;4.89;284;0;52.00;6
20;0;23090715;20;150;303;309;7.27;0.45;32.65;4.89;283;0;53.00;6
21;0;23090718;21;153;305;312;7.30;0.45;33.67;4.86;284;0;54.00;7
23;0;23090721;23;155;305;312;7.16;0.44;33.83;4.86;282;0;55.00;7
24;0;23090724;24;145;306;312;7.19;0.44;34.75;4.85;282;0;56.00;6
25;0;23090728;25;141;306;312;7.16;0.44;35.64;4.85;281;0;57.00;6
25;0;23090730;25;141;311;318;7.23;0.45;35.64;4.79;286;0;58.00;7
27;0;23090733;27;140;311;318;7.21;0.44;36.30;4.79;284;0;59.00;7
29;0;23090739;29;142;312;318;7.17;0.44;37.93;4.78;283;0;60.00;6
29;0;23090743;29;149;312;318;7.23;0.44;37.93;4.78;283;0;61.00;6
29;0;23090748;29;152;316;322;7.27;0.45;37.93;4.73;287;0;62.00;6
29;0;23090753;29;153;317;323;7.42;0.46;37.93;4.72;288;0;63.00;6
29;0;23090755;29;154;317;323;7.48;0.46;37.93;4.72;288;0;64.00;6
30;0;23090758;30;154;318;324;7.53;0.46;37.43;4.71;288;0;65.00;6
32;0;23090762;32;155;318;324;7.57;0.46;38.94;4.71;286;0;66.00;6
32;0;23090765;32;146;318;324;7.58;0.46;38.94;4.71;286;0;67.00;6
32;0;23090769;32;142;318;324;7.68;0.47;38.94;4.71;286;0;68.00;6
33;0;23090771;33;137;318;324;7.74;0.47;39.70;4.71;285;0;69.00;6
33;0;23090775;33;134;318;324;7.79;0.48;39.70;4.71;285;0;70.00;6
33;0;23090778;33;131;318;324;7.97;0.49;39.70;4.71;285;0;71.00;6
35;0;23090781;35;136;352;394;8.19;0.50;40.94;4.25;317;0;72.00;42
35;0;23090790;35;129;353;395;8.36;0.51;40.94;4.24;318;0;73.00;42
35;0;23090795;35;122;359;395;8.70;0.53;40.94;4.21;324;0;74.00;36
36;1;23090800;36;119;361;395;8.93;0.55;41.81;4.20;325;1;75.00;34
37;1;23090817;37;116;364;395;9.22;0.56;42.73;4.20;327;1;76.00;31
38;2;23090821;38;115;365;395;9.44;0.57;43.63;4.20;327;2;77.00;30
38;2;23090836;38;116;368;395;9.64;0.59;43.63;4.21;330;2;78.00;27
39;3;23090839;39;120;371;395;9.74;0.59;44.54;4.24;332;3;79.00;24
40;3;23090852;40;119;374;396;9.81;0.60;45.42;4.27;334;3;80.00;22
41;3;23090856;41;117;376;397;9.86;0.60;45.95;4.29;335;3;81.00;21
41;3;23090868;41;121;379;397;9.90;0.60;45.95;4.32;338;3;82.00;18
42;3;23090872;42;125;384;401;9.67;0.59;46.62;4.30;342;3;83.00;17
42;3;23090883;42;128;385;401;9.69;0.59;46.62;4.30;343;3;84.00;16
42;3;23090887;42;127;385;401;9.51;0.58;46.62;4.30;343;3;85.00;16
42;3;23090891;42;128;385;401;9.37;0.57;46.62;4.30;343;3;86.00;16
42;3;23090896;42;126;390;407;9.31;0.57;46.62;4.26;348;3;87.00;17
44;3;23090900;44;130;390;407;9.12;0.55;48.48;4.26;346;3;88.00;17
45;3;23090904;45;129;390;407;8.92;0.54;49.38;4.26;345;3;89.00;17
46;3;23090914;46;128;394;413;8.92;0.54;50.17;4.21;348;3;90.00;19
46;3;23090919;46;130;394;413;8.87;0.54;50.17;4.21;348;3;91.00;19
49;3;23090923;49;133;396;413;8.87;0.54;52.73;4.20;347;3;92.00;17
49;3;23090929;49;133;397;414;8.78;0.53;52.73;4.19;348;3;93.00;17
49;3;23090933;49;133;398;415;8.82;0.54;52.73;4.19;349;3;94.00;17
51;3;23090938;51;133;398;415;8.80;0.54;52.96;4.19;347;3;95.00;17
51;3;23090943;51;136;408;428;8.72;0.53;52.96;4.08;357;3;96.00;20
52;3;23090950;52;137;408;428;8.70;0.53;53.81;4.08;356;3;97.00;20
53;3;23090954;53;135;409;428;8.80;0.54;54.60;4.08;356;3;98.00;19
56;3;23090958;56;136;410;429;8.75;0.53;56.98;4.07;354;3;99.00;19
58;3;23090965;58;138;410;429;8.74;0.53;58.47;4.07;352;3;100.00;19
58;3;23090975;58;139;413;433;8.88;0.54;58.47;4.05;355;3;101.00;20
60;3;23090980;60;139;413;433;8.87;0.54;59.88;4.05;353;3;102.00;20
60;3;23090984;60;140;417;437;8.82;0.54;59.88;4.02;357;3;103.00;20
62;3;23090989;62;137;417;437;8.86;0.54;61.23;4.02;355;3;104.00;20
64;3;23090994;64;132;417;437;8.91;0.54;62.27;4.02;353;3;105.00;20
65;3;23090999;65;129;417;437;8.96;0.55;62.88;4.02;352;3;106.00;20
66;3;23091004;66;121;417;437;8.95;0.55;63.52;4.02;351;3;107.00;20
68;3;23091011;68;115;428;449;9.03;0.55;64.78;3.91;360;3;108.00;21
68;3;23091018;68;107;429;449;9.17;0.56;64.78;3.91;361;3;109.00;20
68;3;23091023;68;106;431;449;9.29;0.57;64.78;4.06;363;3;110.00;18
68;3;23091031;68;100;431;449;9.46;0.58;64.78;4.06;363;3;111.00;18
68;3;23091036;68;99;431;449;9.63;0.59;64.78;4.06;363;3;112.00;18
70;3;23091040;70;97;431;449;9.81;0.60;66.16;4.06;361;3;113.00;18
70;3;23091046;70;92;432;450;9.89;0.60;66.16;4.06;362;3;114.00;18
70;3;23091052;70;84;432;450;10.01;0.61;66.16;4.06;362;3;115.00;18
71;3;23091058;71;76;437;456;10.17;0.62;66.86;4.02;366;3;116.00;19
71;3;23091065;71;72;438;457;10.21;0.62;66.86;4.01;367;3;117.00;19
73;3;23091070;73;70;438;457;10.29;0.63;67.71;4.01;365;3;118.00;19
75;3;23091077;75;67;438;457;10.38;0.63;69.03;4.01;363;3;119.00;19
76;3;23091084;76;67;442;462;10.53;0.64;69.64;3.98;366;3;120.00;20
76;3;23091090;76;68;442;462;10.69;0.65;69.64;3.98;366;3;121.00;20
77;3;23091096;77;69;443;462;10.74;0.66;70.25;4.24;366;3;122.00;19
77;3;23091101;77;71;444;463;10.92;0.67;70.25;4.24;367;3;123.00;19
78;3;23091108;78;73;448;467;10.94;0.67;70.94;4.21;370;3;124.00;19
79;3;23091115;79;72;450;467;11.11;0.68;71.59;4.58;371;3;125.00;17
79;3;23091121;79;73;452;470;11.36;0.69;71.59;4.56;373;3;126.00;18
80;3;23091127;80;74;456;470;11.48;0.70;71.99;5.05;376;3;127.00;14
81;3;23091133;81;75;456;470;11.58;0.71;72.68;5.05;375;3;128.00;14
81;3;23091139;81;76;457;470;11.68;0.72;72.68;5.32;376;3;129.00;13
84;3;23091145;84;79;463;474;11.70;0.71;74.21;5.68;379;3;130.00;11
87;3;23091152;87;81;463;474;11.77;0.72;75.98;5.68;376;3;131.00;11
87;3;23091158;87;83;465;474;11.70;0.71;75.98;5.97;378;3;132.00;9
88;3;23091165;88;83;466;474;11.65;0.71;76.45;6.06;378;3;133.00;8
90;3;23091171;90;86;467;475;11.59;0.71;77.29;6.04;377;3;134.00;8
93;3;23091178;93;87;472;477;11.49;0.70;77.83;6.23;379;3;135.00;5
93;3;23091184;93;90;472;477;11.53;0.70;77.83;6.23;379;3;136.00;5
94;3;23091191;94;91;475;478;11.53;0.70;78.41;6.35;381;3;137.00;3
96;3;23091198;96;92;475;478;11.56;0.71;78.91;6.35;379;3;138.00;3
97;3;23091204;97;93;475;478;11.63;0.71;79.53;6.35;378;3;139.00;3
99;3;23091210;99;97;476;478;11.69;0.72;80.00;6.43;377;3;140.00;2
101;3;23091218;101;98;476;478;11.70;0.72;81.16;6.43;375;3;141.00;2
102;3;23091224;102;99;476;478;11.69;0.72;81.73;6.43;374;3;142.00;2
104;3;23091231;104;99;477;478;11.63;0.71;82.90;6.51;373;3;143.00;1
109;3;23091236;109;121;552;605;11.01;0.69;83.91;5.63;443;3;144.00;53
110;3;23091258;110;117;558;606;10.91;0.68;84.46;5.63;448;3;145.00;48
111;3;23091266;111;111;564;606;10.91;0.68;84.69;5.59;453;3;146.00;42
113;3;23091276;113;113;565;606;10.82;0.68;85.65;5.58;452;3;147.00;41
113;3;23091283;113;116;570;606;10.84;0.68;85.65;5.57;457;3;148.00;36
113;3;23091289;113;116;573;606;10.82;0.68;85.65;5.57;460;3;149.00;33
114;3;23091298;114;118;578;611;10.73;0.67;85.89;5.55;464;3;150.00;33
116;3;23091306;116;115;582;611;10.73;0.67;86.97;5.56;466;3;151.00;29
118;3;23091315;118;113;585;612;10.80;0.67;86.68;5.57;467;3;152.00;27
119;3;23091322;119;114;590;613;10.79;0.67;87.20;5.60;471;3;153.00;23
119;3;23091329;119;121;592;613;10.80;0.67;87.20;5.61;473;3;154.00;21
123;3;23091336;123;120;597;614;10.66;0.66;88.85;5.63;474;3;155.00;17
125;3;23091343;125;123;600;614;10.55;0.65;88.75;5.66;475;3;156.00;14
127;3;23091351;127;123;601;614;10.43;0.65;89.79;5.67;474;3;157.00;13
128;3;23091357;128;130;602;614;10.37;0.64;90.27;5.68;474;3;158.00;12
129;3;23091364;129;136;608;618;10.25;0.64;90.80;5.72;479;3;159.00;10
132;3;23091372;132;139;610;618;10.20;0.63;91.23;5.70;478;3;160.00;8
132;3;23091379;132;146;611;618;10.15;0.63;91.23;5.72;479;3;161.00;7
135;3;23091386;135;151;612;621;10.13;0.63;91.55;5.71;477;3;162.00;9
135;3;23091401;135;159;613;621;10.21;0.63;91.55;5.70;478;3;163.00;8
140;3;23091409;140;162;614;621;10.17;0.63;93.39;5.73;474;3;164.00;7
143;3;23091416;143;164;617;625;10.06;0.62;93.03;5.71;474;3;165.00;8
144;3;23091423;144;159;619;626;10.01;0.62;92.54;5.72;475;3;166.00;7
145;3;23091430;145;158;621;626;9.89;0.61;93.01;5.76;476;3;167.00;5
146;3;23091437;146;159;625;630;9.84;0.61;93.51;5.73;479;3;168.00;5
146;3;23091443;146;160;625;630;9.64;0.59;93.51;5.73;479;3;169.00;5
149;3;23091449;149;157;627;630;9.41;0.58;94.67;5.76;478;3;170.00;3
151;3;23091456;151;160;629;631;9.18;0.56;95.40;5.79;478;3;171.00;2
152;3;23091462;152;160;629;631;9.00;0.55;95.85;5.79;477;3;172.00;2
153;4;23091468;153;166;635;637;8.92;0.55;96.28;5.74;482;4;173.00;2
153;4;23091488;153;170;635;637;8.76;0.54;96.28;5.74;482;4;174.00;2
153;4;23091494;153;156;636;638;8.65;0.53;96.28;5.74;483;4;175.00;2
153;4;23091502;153;156;636;638;8.51;0.53;96.28;5.74;483;4;176.00;2
155;4;23091508;155;152;636;638;8.41;0.52;97.12;5.74;481;4;177.00;2
156;4;23091515;156;150;636;638;8.40;0.52;97.63;5.74;480;4;178.00;2
156;4;23091521;156;142;636;638;8.44;0.52;97.63;5.74;480;4;179.00;2
157;4;23091529;157;145;666;672;8.59;0.53;98.13;5.48;509;4;180.00;6
158;4;23091538;158;146;667;672;8.66;0.54;98.17;5.52;509;4;181.00;5
158;4;23091545;158;138;670;672;8.79;0.55;98.17;5.50;512;4;182.00;2
160;4;23091552;160;136;671;672;8.94;0.55;99.11;5.52;511;4;183.00;1
161;4;23091559;161;133;672;672;9.08;0.56;99.64;5.52;511;4;184.00;0
162;4;23091567;162;133;672;672;9.16;0.57;99.63;5.52;510;4;185.00;0
163;4;23091573;163;126;676;676;9.24;0.57;100.12;5.49;513;4;186.00;0
165;4;23091581;165;126;676;676;9.24;0.57;99.84;5.49;511;4;187.00;0
166;4;23091588;166;126;680;680;9.24;0.57;100.36;5.46;514;4;188.00;0
168;4;23091597;168;129;681;681;9.21;0.57;101.05;5.46;513;4;189.00;0
169;4;23091603;169;136;681;681;9.19;0.57;101.29;5.46;512;4;190.00;0
171;4;23091611;171;142;681;681;9.15;0.56;101.62;5.46;510;4;191.00;0
173;4;23091618;173;155;694;694;9.12;0.56;101.67;5.35;521;4;192.00;0
175;4;23091626;175;152;694;694;9.15;0.56;102.28;5.35;519;4;193.00;0
178;4;23091633;178;156;694;694;9.10;0.56;102.98;5.35;516;4;194.00;0
179;4;23091641;179;161;695;695;9.08;0.56;103.50;5.35;516;4;195.00;0
181;4;23091648;181;169;696;696;9.07;0.56;103.51;5.34;515;4;196.00;0
184;4;23091655;184;175;696;696;9.02;0.55;103.93;5.34;512;4;197.00;0
185;4;23091663;185;179;698;699;8.97;0.55;104.44;5.33;513;4;198.00;1
191;4;23091671;191;181;698;699;8.83;0.54;103.83;5.33;507;4;199.00;1
191;4;23091679;191;180;699;699;8.78;0.54;103.83;5.32;508;4;200.00;0
192;4;23091690;192;182;699;699;8.61;0.53;103.90;5.32;507;4;201.00;0
196;4;23091697;196;191;704;705;8.48;0.52;103.42;5.29;508;4;202.00;1
197;4;23091704;197;198;705;705;8.31;0.51;103.20;5.29;508;4;203.00;0
199;5;23091711;199;203;705;705;8.20;0.51;102.94;5.29;506;5;204.00;0
200;5;23091731;200;207;705;705;8.11;0.50;102.74;5.29;505;5;205.00;0
204;5;23091739;204;212;709;709;8.11;0.50;103.11;5.26;505;5;206.00;0
205;5;23091747;205;215;710;710;8.05;0.50;103.59;5.25;505;5;207.00;0
207;5;23091754;207;223;710;710;7.95;0.49;104.11;5.25;503;5;208.00;0
209;5;23091761;209;226;711;711;7.82;0.48;104.24;5.25;502;5;209.00;0
211;5;23091769;211;230;711;711;7.65;0.47;104.54;5.25;500;5;210.00;0
215;5;23091777;215;232;711;711;7.45;0.46;104.07;5.25;496;5;211.00;0
218;5;23091783;218;235;711;711;7.30;0.45;104.33;5.25;493;5;212.00;0
220;5;23091790;220;238;711;711;7.14;0.44;104.42;5.25;491;5;213.00;0
224;5;23091797;224;245;711;711;7.03;0.43;104.07;5.25;487;5;214.00;0
224;5;23091803;224;247;711;711;6.99;0.43;104.07;5.25;487;5;215.00;0
225;5;23091809;225;262;755;781;7.32;0.45;104.54;4.94;530;5;216.00;26
227;5;23091821;227;260;757;782;7.22;0.44;104.33;4.93;530;5;217.00;25
227;5;23091829;227;262;764;782;7.30;0.45;104.33;4.91;537;5;218.00;18
227;5;23091835;227;263;767;782;7.28;0.45;104.33;4.90;540;5;219.00;15
227;5;23091842;227;269;769;782;7.27;0.45;104.33;4.90;542;5;220.00;13
228;5;23091849;228;269;771;782;7.22;0.44;104.84;4.90;543;5;221.00;11
229;5;23091856;229;263;773;782;7.20;0.44;104.93;4.90;544;5;222.00;9
230;5;23091863;230;262;775;782;7.18;0.44;105.26;4.90;545;5;223.00;7
230;5;23091870;230;243;778;783;7.22;0.44;105.26;4.92;548;5;224.00;5
231;5;23091878;231;237;780;785;7.22;0.44;105.77;4.92;549;5;225.00;5
233;5;23091885;233;235;782;785;7.27;0.45;106.21;4.93;549;5;226.00;3
235;5;23091892;235;238;788;789;7.28;0.45;106.33;4.91;553;5;227.00;1
235;5;23091900;235;238;789;789;7.40;0.45;106.33;4.91;554;5;228.00;0
235;5;23091908;235;233;789;789;7.48;0.46;106.33;4.91;554;5;229.00;0
236;6;23091916;236;234;789;789;7.55;0.46;106.85;4.91;553;6;230.00;0
237;6;23091936;237;215;795;795;7.71;0.47;107.36;4.88;558;6;231.00;0
239;6;23091944;239;206;795;795;7.84;0.48;107.41;4.88;556;6;232.00;0
240;6;23091952;240;200;795;795;7.98;0.49;107.93;4.88;555;6;233.00;0
241;6;23091959;241;189;797;798;8.16;0.50;108.42;4.87;556;6;234.00;1
241;6;23091969;241;176;797;798;8.34;0.51;108.42;4.87;556;6;235.00;1
242;6;23091977;242;171;798;798;8.58;0.53;108.75;4.87;556;6;236.00;0
243;6;23091985;243;161;799;799;8.82;0.54;108.53;4.86;556;6;237.00;0
245;6;23091992;245;161;800;800;9.07;0.56;108.71;4.86;555;6;238.00;0
247;6;23092001;247;157;800;800;9.25;0.57;109.39;4.86;553;6;239.00;0
248;6;23092013;248;161;824;826;9.49;0.58;109.34;4.72;576;6;240.00;2
250;6;23092030;250;155;825;826;9.49;0.58;109.38;4.71;575;6;241.00;1
253;6;23092039;253;142;826;826;9.58;0.59;110.07;4.71;573;6;242.00;0
257;6;23092047;257;135;827;827;9.66;0.59;111.38;4.70;570;6;243.00;0
261;6;23092055;261;136;827;827;9.69;0.59;112.39;4.70;566;6;244.00;0
262;6;23092065;262;133;831;831;9.81;0.60;112.35;4.68;569;6;245.00;0
267;6;23092073;267;129;831;831;9.82;0.60;113.75;4.68;564;6;246.00;0
268;6;23092082;268;126;835;835;9.79;0.60;113.71;4.67;567;6;247.00;0
269;6;23092090;269;125;835;835;9.85;0.60;113.80;4.67;566;6;248.00;0
270;6;23092099;270;127;835;835;9.98;0.61;113.77;4.67;565;6;249.00;0
272;6;23092107;272;127;835;835;10.02;0.61;114.51;4.67;563;6;250.00;0
274;6;23092115;274;125;835;835;10.06;0.62;114.82;4.67;561;6;251.00;0
278;7;23092122;278;124;846;847;10.08;0.62;115.74;4.61;568;7;252.00;1
282;7;23092145;282;124;846;847;10.13;0.62;116.90;4.61;564;7;253.00;1
285;7;23092153;285;127;847;847;10.22;0.62;117.46;4.60;562;7;254.00;0
287;7;23092161;287;127;847;847;10.27;0.62;117.70;4.60;560;7;255.00;0
291;7;23092169;291;128;847;847;10.24;0.62;118.56;4.60;556;7;256.00;0
294;7;23092178;294;130;847;847;10.25;0.62;119.11;4.60;553;7;257.00;0
294;7;23092186;294;132;848;848;10.17;0.62;119.11;4.60;554;7;258.00;0
296;7;23092193;296;133;848;848;10.15;0.62;119.29;4.60;552;7;259.00;0
297;7;23092201;297;136;854;854;10.00;0.61;119.76;4.57;557;7;260.00;0
297;7;23092208;297;139;855;855;9.96;0.60;119.76;4.57;558;7;261.00;0
297;7;23092217;297;140;855;855;9.91;0.60;119.76;4.57;558;7;262.00;0
298;7;23092225;298;144;855;855;9.85;0.60;119.99;4.57;557;7;263.00;0
299;7;23092232;299;149;859;859;9.83;0.60;119.83;4.55;560;7;264.00;0
300;7;23092240;300;150;859;859;9.86;0.60;120.28;4.55;559;7;265.00;0
300;7;23092249;300;145;859;859;9.87;0.60;120.28;4.55;559;7;266.00;0
303;7;23092257;303;143;860;860;9.94;0.60;120.53;4.54;557;7;267.00;0
304;7;23092266;304;142;864;864;9.91;0.60;120.54;4.53;560;7;268.00;0
306;7;23092273;306;138;864;864;9.94;0.60;121.04;4.53;558;7;269.00;0
309;7;23092283;309;135;868;870;10.01;0.61;121.85;4.51;559;7;270.00;2
309;7;23092292;309;136;868;870;10.07;0.61;121.85;4.51;559;7;271.00;2
312;7;23092299;312;130;870;870;10.15;0.62;122.51;4.50;558;7;272.00;0
313;7;23092307;313;131;870;870;10.26;0.62;122.76;4.50;557;7;273.00;0
315;7;23092314;315;131;874;874;10.30;0.62;123.18;4.48;559;7;274.00;0
318;7;23092322;318;129;874;874;10.26;0.62;123.22;4.48;556;7;275.00;0
322;7;23092329;322;126;874;874;10.24;0.62;123.91;4.48;552;7;276.00;0
323;7;23092336;323;123;874;874;10.24;0.62;124.16;4.48;551;7;277.00;0
323;7;23092344;323;122;875;875;10.24;0.62;124.16;4.48;552;7;278.00;0
328;7;23092350;328;121;876;876;10.20;0.62;124.77;4.47;548;7;279.00;0
329;7;23092357;329;114;876;876;10.21;0.62;124.81;4.47;547;7;280.00;0
330;7;23092365;330;111;877;877;10.23;0.62;124.84;4.47;547;7;281.00;0
334;7;23092372;334;103;877;877;10.22;0.62;125.29;4.47;543;7;282.00;0
336;7;23092379;336;100;877;877;10.30;0.62;125.38;4.47;541;7;283.00;0
336;7;23092387;336;96;877;877;10.38;0.63;125.38;4.47;541;7;284.00;0
338;7;23092394;338;94;877;877;10.49;0.64;125.68;4.47;539;7;285.00;0
339;7;23092402;339;90;877;877;10.61;0.64;125.72;4.47;538;7;286.00;0
339;7;23092415;339;89;877;877;10.77;0.65;125.72;4.47;538;7;287.00;0
341;7;23092423;341;109;945;1004;10.58;0.65;125.72;4.15;604;7;288.00;59
343;7;23092450;343;95;948;1005;10.67;0.66;125.73;4.14;605;7;289.00;57
344;7;23092464;344;85;954;1005;10.82;0.67;125.79;4.13;610;7;290.00;51
347;7;23092476;347;86;956;1005;10.86;0.67;125.70;4.13;609;7;291.00;49
350;7;23092487;350;90;961;1005;11.05;0.68;125.87;4.13;611;7;292.00;44
351;7;23092498;351;85;962;1005;11.15;0.69;126.33;4.13;611;7;293.00;43
352;7;23092517;352;83;966;1005;11.25;0.69;126.09;4.13;614;7;294.00;39
354;7;23092529;354;88;967;1005;11.33;0.70;126.40;4.14;613;7;295.00;38
356;7;23092538;356;87;970;1006;11.44;0.70;125.96;4.15;614;7;296.00;36
358;7;23092547;358;84;976;1007;11.48;0.70;126.21;4.18;618;7;297.00;31
364;7;23092556;364;82;981;1007;11.48;0.70;125.95;4.21;617;7;298.00;26
365;7;23092566;365;83;984;1008;11.46;0.70;125.64;4.23;619;7;299.00;24
366;7;23092578;366;83;989;1014;11.38;0.70;125.82;4.24;623;7;300.00;25
366;7;23092592;366;86;994;1014;11.31;0.69;125.82;4.29;628;7;301.00;20
367;7;23092601;367;86;994;1014;11.28;0.69;126.28;4.29;627;7;302.00;20
369;7;23092611;369;92;998;1018;11.22;0.69;127.13;4.32;629;7;303.00;20
371;7;23092621;371;104;1002;1018;11.16;0.68;127.69;4.36;631;7;304.00;16
374;7;23092632;374;106;1005;1018;11.12;0.68;128.33;4.38;631;7;305.00;13
376;7;23092641;376;111;1010;1021;11.02;0.67;128.75;4.41;634;7;306.00;11
378;7;23092651;378;115;1012;1021;11.02;0.67;129.00;4.43;634;7;307.00;9
381;7;23092662;381;118;1012;1021;11.07;0.68;129.59;4.43;631;7;308.00;9
382;7;23092680;382;123;1015;1025;11.09;0.68;130.05;4.42;633;7;309.00;10
384;7;23092691;384;125;1019;1026;11.09;0.68;130.41;4.43;635;7;310.00;7
386;7;23092701;386;132;1020;1026;11.02;0.67;130.35;4.43;634;7;311.00;6
388;7;23092710;388;133;1026;1030;11.02;0.67;130.71;4.42;638;7;312.00;4
389;7;23092721;389;136;1026;1030;11.03;0.67;130.62;4.42;637;7;313.00;4
391;7;23092730;391;140;1026;1030;10.97;0.67;131.24;4.42;635;7;314.00;4
393;7;23092739;393;143;1029;1032;10.91;0.67;131.32;4.42;636;7;315.00;3
395;7;23092756;395;145;1029;1032;10.83;0.66;131.74;4.42;634;7;316.00;3
397;7;23092766;397;151;1035;1038;10.80;0.66;132.28;4.40;638;7;317.00;3
398;7;23092775;398;157;1035;1038;10.69;0.66;132.29;4.40;637;7;318.00;3
403;7;23092786;403;158;1036;1039;10.59;0.65;133.56;4.40;633;7;319.00;3
406;7;23092796;406;158;1036;1039;10.47;0.64;134.24;4.40;630;7;320.00;3
407;7;23092806;407;163;1036;1039;10.33;0.63;134.45;4.40;629;7;321.00;3
409;7;23092816;409;168;1036;1039;10.22;0.63;134.53;4.40;627;7;322.00;3
410;7;23092825;410;176;1036;1039;10.10;0.62;134.29;4.40;626;7;323.00;3
410;7;23092834;410;171;1048;1051;10.04;0.62;134.29;4.36;638;7;324.00;3
413;7;23092844;413;172;1048;1051;9.96;0.61;134.65;4.36;635;7;325.00;3
414;7;23092853;414;172;1049;1051;9.91;0.61;134.62;4.36;635;7;326.00;2
419;7;23092862;419;169;1049;1051;9.84;0.60;134.69;4.36;630;7;327.00;2
420;7;23092871;420;175;1049;1051;9.82;0.60;134.98;4.36;629;7;328.00;2
421;7;23092880;421;177;1049;1051;9.83;0.60;135.42;4.36;628;7;329.00;2
423;7;23092890;423;176;1053;1055;9.73;0.60;135.74;4.35;630;7;330.00;2
427;7;23092899;427;175;1053;1055;9.72;0.60;136.15;4.35;626;7;331.00;2
430;7;23092908;430;178;1057;1059;9.76;0.60;136.42;4.34;627;7;332.00;2
433;7;23092918;433;185;1060;1060;9.81;0.60;136.66;4.41;627;7;333.00;0
437;7;23092926;437;188;1060;1060;9.80;0.60;136.87;4.41;623;7;334.00;0
438;7;23092936;438;192;1060;1060;9.80;0.60;136.58;4.41;622;7;335.00;0
438;7;23092943;438;195;1073;1073;9.77;0.60;136.58;4.36;635;7;336.00;0
440;7;23092953;440;200;1073;1073;9.78;0.60;137.48;4.36;633;7;337.00;0
441;7;23092963;441;204;1073;1073;9.81;0.60;137.64;4.36;632;7;338.00;0
444;7;23092972;444;206;1074;1074;9.77;0.60;138.02;4.35;630;7;339.00;0
449;7;23092981;449;207;1075;1075;9.65;0.59;139.38;4.35;626;7;340.00;0
453;7;23092990;453;208;1075;1075;9.52;0.58;140.51;4.35;622;7;341.00;0
456;7;23092998;456;210;1078;1078;9.34;0.57;141.41;4.34;622;7;342.00;0
460;7;23093008;460;215;1078;1078;9.18;0.56;142.07;4.34;618;7;343.00;0
465;7;23093018;465;214;1078;1078;9.06;0.56;143.00;4.34;613;7;344.00;0
467;7;23093027;467;215;1078;1078;8.89;0.55;143.86;4.34;611;7;345.00;0
471;7;23093035;471;218;1084;1084;8.81;0.54;144.37;4.32;613;7;346.00;0
476;7;23093043;476;220;1084;1084;8.63;0.53;144.86;4.32;608;7;347.00;0
480;7;23093051;480;222;1084;1084;8.35;0.51;145.56;4.32;604;7;348.00;0
483;7;23093058;483;225;1084;1084;8.09;0.49;145.75;4.32;601;7;349.00;0
486;7;23093066;486;217;1088;1088;7.95;0.49;146.64;4.31;602;7;350.00;0
488;7;23093074;488;216;1089;1089;7.84;0.48;146.43;4.30;601;7;351.00;0
489;7;23093081;489;214;1089;1089;7.71;0.47;146.82;4.30;600;7;352.00;0
490;7;23093087;490;215;1090;1090;7.71;0.47;147.19;4.30;600;7;353.00;0
493;7;23093096;493;216;1090;1090;7.71;0.47;147.32;4.30;597;7;354.00;0
496;7;23093103;496;212;1090;1090;7.69;0.47;147.60;4.30;594;7;355.00;0
499;7;23093110;499;219;1090;1090;7.69;0.47;147.21;4.30;591;7;356.00;0
501;7;23093118;501;217;1090;1090;7.68;0.47;147.43;4.30;589;7;357.00;0
502;7;23093125;502;211;1090;1090;7.67;0.47;147.41;4.30;588;7;358.00;0
504;7;23093132;504;212;1090;1090;7.69;0.47;147.25;4.30;586;7;359.00;0
506;7;23093140;506;223;1158;1215;7.94;0.50;147.19;4.05;652;7;360.00;57
509;7;23093159;509;225;1164;1216;7.87;0.49;146.85;4.03;655;7;361.00;52
512;7;23093167;512;221;1175;1216;7.90;0.50;147.26;4.01;663;7;362.00;41
513;7;23093176;513;223;1177;1216;7.89;0.50;147.12;4.01;664;7;363.00;39
518;7;23093185;518;228;1186;1216;7.79;0.49;146.97;4.01;668;7;364.00;30
522;7;23093194;522;232;1189;1216;7.80;0.49;147.82;4.01;667;7;365.00;27
525;7;23093208;525;231;1196;1216;7.75;0.48;147.62;4.02;671;7;366.00;20
527;7;23093216;527;236;1201;1216;7.64;0.47;147.50;4.04;674;7;367.00;15
528;7;23093224;528;241;1205;1217;7.59;0.47;147.90;4.05;677;7;368.00;12
531;7;23093233;531;251;1210;1218;7.47;0.46;148.30;4.07;679;7;369.00;8
534;7;23093241;534;257;1212;1218;7.35;0.45;148.40;4.07;678;7;370.00;6
535;7;23093251;535;265;1218;1222;7.24;0.45;148.81;4.07;683;7;371.00;4
536;7;23093260;536;277;1218;1222;7.08;0.44;148.60;4.07;682;7;372.00;4
538;7;23093270;538;286;1219;1222;6.90;0.43;148.42;4.08;681;7;373.00;3
539;7;23093280;539;286;1219;1222;6.76;0.42;148.40;4.08;680;7;374.00;3
539;7;23093288;539;290;1224;1228;6.58;0.41;148.40;4.07;685;7;375.00;4
542;7;23093297;542;300;1225;1228;6.46;0.40;148.23;4.07;683;7;376.00;3
542;7;23093306;542;303;1225;1228;6.39;0.39;148.23;4.07;683;7;377.00;3
544;7;23093316;544;304;1228;1231;6.36;0.39;148.04;4.07;684;7;378.00;3
547;7;23093325;547;308;1229;1231;6.27;0.38;148.31;4.08;682;7;379.00;2
549;7;23093333;549;318;1229;1231;6.15;0.38;148.10;4.08;680;7;380.00;2
550;7;23093341;550;310;1230;1232;6.08;0.37;148.00;4.08;680;7;381.00;2
551;7;23093350;551;300;1233;1233;6.12;0.38;147.90;4.09;682;7;382.00;0
554;7;23093358;554;299;1233;1233;6.16;0.38;147.90;4.09;679;7;383.00;0
557;7;23093368;557;292;1244;1246;6.25;0.38;147.34;4.05;687;7;384.00;2
560;7;23093378;560;294;1246;1246;6.37;0.39;147.28;4.05;686;7;385.00;0
562;7;23093386;562;290;1246;1246;6.55;0.40;147.06;4.05;684;7;386.00;0
563;8;23093395;563;290;1247;1247;6.71;0.41;147.20;4.04;684;8;387.00;0
563;8;23093424;563;290;1247;1247;6.90;0.42;147.20;4.04;684;8;388.00;0
565;8;23093433;565;286;1251;1251;7.05;0.43;147.17;4.03;686;8;389.00;0
566;9;23093445;566;282;1251;1251;7.16;0.44;147.40;4.03;685;9;390.00;0
567;9;23093467;567;283;1255;1255;7.25;0.44;147.51;4.02;688;9;391.00;0
571;9;23093482;571;279;1255;1255;7.21;0.44;147.42;4.02;684;9;392.00;0
572;9;23093491;572;278;1255;1255;7.18;0.44;147.60;4.02;683;9;393.00;0
573;9;23093502;573;276;1255;1255;7.17;0.44;147.80;4.02;682;9;394.00;0
575;9;23093512;575;270;1255;1255;7.14;0.43;147.91;4.02;680;9;395.00;0
576;9;23093521;576;272;1266;1267;7.27;0.44;147.71;3.99;690;9;396.00;1
577;9;23093540;577;263;1267;1267;7.28;0.44;147.95;3.99;690;9;397.00;0
578;9;23093550;578;260;1267;1267;7.35;0.45;148.10;3.99;689;9;398.00;0
578;9;23093560;578;261;1267;1267;7.47;0.45;148.10;3.99;689;9;399.00;0
578;9;23093571;578;253;1267;1267;7.60;0.46;148.10;3.99;689;9;400.00;0
579;9;23093585;579;253;1267;1267;7.69;0.47;148.16;3.99;688;9;401.00;0
582;9;23093595;582;250;1268;1268;7.80;0.48;147.94;3.98;686;9;402.00;0
584;9;23093604;584;252;1268;1268;7.91;0.48;147.99;3.98;684;9;403.00;0
585;9;23093614;585;257;1274;1274;7.99;0.49;147.82;3.97;689;9;404.00;0
588;9;23093625;588;255;1276;1276;8.03;0.49;148.98;3.96;688;9;405.00;0
589;9;23093641;589;237;1276;1276;8.09;0.49;149.13;3.96;687;9;406.00;0
590;9;23093651;590;223;1276;1276;8.20;0.50;149.43;3.96;686;9;407.00;0
591;9;23093662;591;219;1280;1280;8.32;0.51;149.62;3.95;689;9;408.00;0
592;9;23093672;592;216;1280;1280;8.40;0.51;149.69;3.95;688;9;409.00;0
593;9;23093682;593;210;1280;1280;8.43;0.52;150.11;3.95;687;9;410.00;0
593;9;23093694;593;208;1281;1281;8.60;0.53;150.11;3.95;688;9;411.00;0
597;9;23093703;597;211;1285;1285;8.57;0.52;150.23;3.94;688;9;412.00;0
599;9;23093715;599;211;1285;1285;8.62;0.53;150.43;3.94;686;9;413.00;0
601;9;23093724;601;207;1287;1288;8.76;0.53;150.91;3.93;686;9;414.00;1
602;9;23093735;602;203;1287;1288;8.73;0.53;151.33;3.93;685;9;415.00;1
605;9;23093745;605;205;1288;1288;8.81;0.54;151.96;3.93;683;9;416.00;0
606;9;23093755;606;204;1288;1288;8.84;0.54;151.99;3.93;682;9;417.00;0
608;9;23093766;608;196;1292;1292;8.89;0.54;152.54;3.92;684;9;418.00;0
612;9;23093776;612;194;1292;1292;8.88;0.54;152.86;3.92;680;9;419.00;0
614;9;23093789;614;191;1292;1292;8.89;0.55;153.05;3.92;678;9;420.00;0
616;9;23093799;616;184;1292;1292;9.01;0.55;153.61;3.92;676;9;421.00;0
620;9;23093808;620;176;1293;1293;9.06;0.55;154.73;3.92;673;9;422.00;0
623;9;23093819;623;175;1294;1294;9.20;0.56;155.22;3.92;671;9;423.00;0
624;9;23093829;624;176;1294;1294;9.27;0.57;155.27;3.92;670;9;424.00;0
626;9;23093838;626;173;1295;1295;9.37;0.57;155.96;3.92;669;9;425.00;0
627;9;23093849;627;174;1295;1295;9.45;0.58;156.32;3.92;668;9;426.00;0
630;9;23093859;630;175;1295;1295;9.52;0.58;156.45;3.92;665;9;427.00;0
632;9;23093870;632;174;1295;1295;9.57;0.59;156.87;3.92;663;9;428.00;0
633;9;23093879;633;169;1295;1295;9.62;0.59;157.08;3.92;662;9;429.00;0
635;9;23093889;635;170;1295;1295;9.64;0.59;157.45;3.92;660;9;430.00;0
639;9;23093899;639;174;1295;1295;9.73;0.60;157.98;3.92;656;9;431.00;0
643;9;23093908;643;192;1370;1422;9.67;0.60;159.01;3.70;727;9;432.00;52
645;9;23093930;645;177;1375;1423;9.69;0.60;159.20;3.69;730;9;433.00;48
647;9;23093941;647;172;1380;1423;9.77;0.61;159.51;3.69;733;9;434.00;43
650;9;23093951;650;166;1383;1423;9.74;0.60;160.19;3.69;733;9;435.00;40
650;9;23093964;650;169;1388;1423;9.79;0.61;160.19;3.69;738;9;436.00;35
656;9;23093975;656;172;1390;1423;9.75;0.60;161.20;3.69;734;9;437.00;33
657;9;23093985;657;178;1393;1423;9.73;0.60;161.57;3.69;736;9;438.00;30
658;9;23093995;658;186;1396;1423;9.83;0.61;161.58;3.70;738;9;439.00;27
661;9;23094007;661;183;1398;1424;9.81;0.60;162.33;3.71;737;9;440.00;26
664;10;23094018;664;181;1402;1425;9.75;0.60;163.12;3.72;738;10;441.00;23
670;10;23094047;670;174;1403;1425;9.74;0.60;163.46;3.73;733;10;442.00;22
673;10;23094058;673;172;1405;1426;9.75;0.60;163.78;3.74;732;10;443.00;21
675;10;23094069;675;170;1408;1426;9.73;0.60;163.76;3.75;733;10;444.00;18
677;10;23094079;677;172;1410;1426;9.77;0.60;164.11;3.77;733;10;445.00;16
680;10;23094090;680;176;1411;1426;9.80;0.60;164.61;3.78;731;10;446.00;15
683;10;23094100;683;172;1413;1430;9.85;0.61;165.29;3.77;730;10;447.00;17
686;10;23094111;686;170;1415;1430;9.90;0.61;165.88;3.77;729;10;448.00;15
692;10;23094122;692;170;1416;1430;9.93;0.61;166.22;3.78;724;10;449.00;14
692;10;23094135;692;168;1421;1436;10.02;0.61;166.22;3.80;729;10;450.00;15
697;10;23094146;697;171;1421;1436;10.03;0.61;166.91;3.80;724;10;451.00;15
698;10;23094156;698;170;1424;1436;9.99;0.61;167.20;3.82;726;10;452.00;12
703;10;23094174;703;174;1427;1440;9.93;0.61;167.53;3.81;724;10;453.00;13
705;10;23094186;705;170;1429;1441;9.99;0.61;167.84;3.82;724;10;454.00;12
708;10;23094196;708;166;1433;1441;10.00;0.61;167.87;3.84;725;10;455.00;8
711;10;23094206;711;165;1435;1445;10.06;0.61;167.97;3.84;724;10;456.00;10
714;10;23094218;714;156;1435;1445;10.07;0.61;167.94;3.84;721;10;457.00;10
719;10;23094235;719;148;1438;1445;10.00;0.61;168.36;3.87;719;10;458.00;7
721;10;23094247;721;145;1439;1446;9.98;0.61;168.33;3.87;718;10;459.00;7
724;10;23094258;724;142;1439;1446;9.92;0.60;168.76;3.87;715;10;460.00;7
727;10;23094270;727;140;1443;1452;9.91;0.60;169.37;3.86;716;10;461.00;9
729;10;23094283;729;143;1443;1452;9.91;0.60;169.19;3.86;714;10;462.00;9
733;10;23094293;733;139;1443;1453;9.92;0.60;169.52;3.86;710;10;463.00;10
735;10;23094304;735;136;1443;1453;9.95;0.60;169.98;3.86;708;10;464.00;10
736;10;23094316;736;135;1443;1453;10.01;0.61;169.90;3.86;707;10;465.00;10
738;10;23094326;738;131;1443;1453;10.06;0.61;170.14;3.86;705;10;466.00;10
740;10;23094337;740;129;1443;1453;10.11;0.61;170.49;3.86;703;10;467.00;10
740;10;23094348;740;130;1453;1465;10.21;0.62;170.49;3.83;713;10;468.00;12
743;10;23094359;743;130;1453;1465;10.29;0.63;170.63;3.83;710;10;469.00;12
747;10;23094370;747;128;1454;1465;10.33;0.63;171.36;3.83;707;10;470.00;11
751;10;23094380;751;130;1454;1465;10.39;0.63;171.41;3.83;703;10;471.00;11
754;10;23094390;754;130;1454;1465;10.46;0.63;171.77;3.83;700;10;472.00;11
756;10;23094401;756;132;1454;1465;10.58;0.64;171.95;3.83;698;10;473.00;11
757;10;23094417;757;125;1457;1469;10.63;0.65;171.78;3.82;700;10;474.00;12
760;10;23094431;760;125;1457;1469;10.61;0.64;171.68;3.82;697;10;475.00;12
764;10;23094445;764;125;1462;1473;10.56;0.64;171.99;3.87;698;10;476.00;11
765;10;23094462;765;123;1463;1474;10.45;0.63;172.03;3.87;698;10;477.00;11
768;10;23094475;768;128;1463;1474;10.28;0.62;172.64;3.87;695;10;478.00;11
771;10;23094489;771;132;1465;1474;10.13;0.62;172.98;3.92;694;10;479.00;9
773;10;23094504;773;139;1490;1500;9.95;0.61;173.44;3.91;717;10;480.00;10
775;10;23094520;775;139;1491;1500;9.95;0.61;173.55;3.91;716;10;481.00;9
776;11;23094530;776;142;1493;1500;9.97;0.61;173.86;3.93;717;11;482.00;7
778;11;23094548;778;149;1496;1501;10.07;0.62;174.06;3.94;718;11;483.00;5
783;11;23094559;783;151;1497;1502;10.07;0.61;174.48;3.95;714;11;484.00;5
786;11;23094571;786;156;1498;1502;10.07;0.61;174.63;3.96;712;11;485.00;4
790;11;23094581;790;159;1500;1505;10.10;0.62;174.88;3.95;710;11;486.00;5
791;11;23094597;791;166;1502;1505;10.11;0.62;174.82;3.96;711;11;487.00;3
792;11;23094606;792;172;1504;1505;10.06;0.61;175.18;3.96;712;11;488.00;1
793;11;23094617;793;176;1504;1505;10.03;0.61;175.24;3.96;711;11;489.00;1
795;11;23094627;795;184;1510;1511;10.04;0.61;175.44;3.95;715;11;490.00;1
796;11;23094639;796;187;1511;1511;9.91;0.61;175.60;3.95;715;11;491.00;0
800;11;23094649;800;191;1511;1511;9.84;0.60;175.54;3.95;711;11;492.00;0
800;11;23094659;800;200;1511;1511;9.79;0.60;175.54;3.95;711;11;493.00;0
805;11;23094669;805;207;1515;1515;9.66;0.59;175.72;3.95;710;11;494.00;0
806;11;23094680;806;215;1517;1517;9.61;0.59;175.66;3.94;711;11;495.00;0
810;11;23094690;810;215;1517;1517;9.48;0.58;175.58;3.94;707;11;496.00;0
810;11;23094700;810;212;1518;1518;9.44;0.58;175.58;3.94;708;11;497.00;0
811;11;23094709;811;216;1518;1518;9.36;0.57;175.52;3.94;707;11;498.00;0
813;11;23094720;813;214;1518;1518;9.31;0.57;175.45;3.94;705;11;499.00;0
813;11;23094731;813;214;1518;1518;9.33;0.57;175.45;3.94;705;11;500.00;0
814;11;23094745;814;213;1518;1518;9.36;0.57;175.40;3.94;704;11;501.00;0
815;11;23094754;815;214;1518;1518;9.29;0.57;175.32;3.94;703;11;502.00;0
820;11;23094764;820;215;1518;1518;9.20;0.56;174.97;3.94;698;11;503.00;0
823;11;23094773;823;220;1558;1588;9.28;0.57;174.76;3.84;735;11;504.00;30
823;11;23094796;823;225;1559;1589;9.28;0.57;174.76;3.84;736;11;505.00;30
825;11;23094806;825;224;1567;1589;9.28;0.57;174.61;3.83;742;11;506.00;22
825;11;23094817;825;227;1573;1589;9.27;0.57;174.61;3.82;748;11;507.00;16
826;11;23094826;826;229;1577;1589;9.28;0.57;174.54;3.82;751;11;508.00;12
828;11;23094835;828;233;1578;1589;9.34;0.57;174.65;3.82;750;11;509.00;11
830;11;23094847;830;232;1581;1589;9.29;0.57;174.70;3.83;751;11;510.00;8
832;11;23094857;832;235;1585;1589;9.24;0.57;174.95;3.84;753;11;511.00;4
834;11;23094867;834;238;1587;1590;9.22;0.56;174.81;3.84;753;11;512.00;3
838;11;23094877;838;243;1589;1591;9.21;0.56;174.70;3.84;751;11;513.00;2
842;11;23094887;842;248;1591;1591;9.13;0.56;174.85;3.85;749;11;514.00;0
849;11;23094897;849;250;1595;1595;8.92;0.54;174.67;3.84;746;11;515.00;0
853;11;23094906;853;254;1595;1595;8.82;0.54;174.78;3.84;742;11;516.00;0
853;11;23094917;853;262;1595;1595;8.67;0.53;174.78;3.84;742;11;517.00;0
854;11;23094926;854;267;1595;1595;8.45;0.51;175.09;3.84;741;11;518.00;0
857;11;23094936;857;275;1601;1601;8.37;0.51;175.15;3.83;744;11;519.00;0
861;11;23094946;861;277;1601;1601;8.18;0.50;175.01;3.83;740;11;520.00;0
864;11;23094955;864;283;1601;1601;7.99;0.49;175.32;3.83;737;11;521.00;0
867;11;23094964;867;285;1604;1604;7.83;0.48;175.43;3.82;737;11;522.00;0
867;11;23094973;867;292;1604;1604;7.68;0.47;175.43;3.82;737;11;523.00;0
868;11;23094982;868;299;1604;1604;7.53;0.46;175.33;3.82;736;11;524.00;0
869;11;23094991;869;287;1605;1605;7.41;0.45;175.67;3.82;736;11;525.00;0
872;11;23095000;872;283;1606;1606;7.33;0.45;176.32;3.82;734;11;526.00;0
873;11;23095009;873;288;1606;1606;7.37;0.45;176.20;3.82;733;11;527.00;0
875;11;23095018;875;287;1618;1619;7.37;0.45;176.01;3.79;743;11;528.00;1
878;11;23095029;878;281;1619;1619;7.38;0.45;176.27;3.79;741;11;529.00;0
881;11;23095037;881;282;1619;1619;7.40;0.45;176.96;3.79;738;11;530.00;0
884;11;23095047;884;286;1620;1620;7.41;0.45;177.55;3.78;736;11;531.00;0
886;11;23095056;886;281;1620;1620;7.40;0.45;177.97;3.78;734;11;532.00;0
888;11;23095066;888;280;1624;1624;7.44;0.45;178.44;3.78;736;11;533.00;0
889;11;23095075;889;272;1624;1624;7.42;0.45;178.36;3.78;735;11;534.00;0
892;11;23095084;892;273;1628;1628;7.36;0.45;178.61;3.77;736;11;535.00;0
892;11;23095094;892;275;1628;1628;7.32;0.45;178.61;3.77;736;11;536.00;0
893;11;23095103;893;278;1628;1628;7.27;0.44;178.93;3.77;735;11;537.00;0
900;11;23095112;900;269;1628;1628;7.14;0.43;179.35;3.77;728;11;538.00;0
903;11;23095122;903;260;1628;1628;7.14;0.43;179.60;3.77;725;11;539.00;0
906;11;23095135;906;254;1657;1662;7.35;0.45;179.63;3.70;751;11;540.00;5
910;11;23095148;910;256;1658;1662;7.36;0.45;179.99;3.70;748;11;541.00;4
914;11;23095160;914;257;1661;1662;7.48;0.46;180.22;3.70;747;11;542.00;1
917;11;23095172;917;258;1661;1662;7.49;0.46;180.12;3.70;744;11;543.00;1
919;11;23095182;919;258;1662;1662;7.52;0.46;180.52;3.70;743;11;544.00;0
922;11;23095207;922;258;1662;1662;7.55;0.46;180.87;3.70;740;11;545.00;0
923;11;23095218;923;259;1663;1663;7.59;0.46;181.19;3.70;740;11;546.00;0
925;11;23095228;925;257;1663;1663;7.58;0.46;181.28;3.70;738;11;547.00;0
927;11;23095238;927;255;1669;1669;7.57;0.46;181.82;3.69;742;11;548.00;0
929;11;23095257;929;254;1670;1670;7.47;0.46;182.13;3.69;741;11;549.00;0
935;11;23095275;935;256;1670;1670;7.38;0.45;182.47;3.69;735;11;550.00;0
937;11;23095286;937;256;1670;1670;7.32;0.45;182.55;3.69;733;11;551.00;0
939;11;23095296;939;251;1674;1674;7.38;0.45;182.67;3.68;735;11;552.00;0
942;11;23095306;942;253;1674;1674;7.40;0.45;182.93;3.68;732;11;553.00;0
943;11;23095317;943;252;1674;1674;7.46;0.45;182.76;3.68;731;11;554.00;0
946;11;23095327;946;251;1675;1675;7.42;0.45;183.24;3.68;729;11;555.00;0
948;11;23095336;948;254;1679;1679;7.43;0.45;183.38;3.67;731;11;556.00;0
950;11;23095347;950;248;1679;1679;7.38;0.45;183.69;3.67;729;11;557.00;0
950;11;23095356;950;254;1681;1682;7.33;0.45;183.69;3.67;731;11;558.00;1
953;11;23095367;953;253;1681;1682;7.21;0.44;183.82;3.67;728;11;559.00;1
955;11;23095377;955;257;1682;1682;7.21;0.44;184.08;3.66;727;11;560.00;0
957;11;23095387;957;265;1682;1682;7.14;0.44;184.56;3.66;725;11;561.00;0
962;11;23095403;962;270;1686;1686;7.12;0.43;184.96;3.66;724;11;562.00;0
966;11;23095415;966;267;1686;1686;7.12;0.43;185.22;3.66;720;11;563.00;0
967;11;23095425;967;269;1686;1686;7.15;0.44;185.06;3.66;719;11;564.00;0
969;11;23095435;969;264;1686;1686;7.16;0.44;185.25;3.66;717;11;565.00;0
972;11;23095445;972;258;1687;1687;7.12;0.43;185.42;3.66;715;11;566.00;0
972;11;23095455;972;260;1688;1688;7.14;0.44;185.42;3.65;716;11;567.00;0
975;11;23095464;975;262;1688;1688;7.05;0.43;185.87;3.65;713;11;568.00;0
975;11;23095474;975;268;1689;1689;7.08;0.43;185.87;3.65;714;11;569.00;0
977;11;23095485;977;268;1689;1689;7.07;0.43;186.06;3.65;712;11;570.00;0
979;11;23095495;979;271;1689;1689;7.09;0.43;186.05;3.65;710;11;571.00;0
983;11;23095504;983;259;1689;1689;7.09;0.43;186.16;3.65;706;11;572.00;0
985;11;23095515;985;254;1689;1689;7.11;0.43;186.19;3.65;704;11;573.00;0
986;11;23095530;986;248;1689;1689;7.18;0.44;186.37;3.65;703;11;574.00;0
987;11;23095540;987;247;1689;1689;7.28;0.44;186.47;3.65;702;11;575.00;0
987;11;23095550;987;268;1769;1816;7.60;0.47;186.47;3.49;782;11;576.00;47
991;11;23095572;991;258;1773;1817;7.63;0.47;186.69;3.48;782;11;577.00;44
994;11;23095583;994;246;1780;1817;7.74;0.48;187.26;3.48;786;11;578.00;37
996;11;23095594;996;245;1781;1817;7.77;0.48;187.45;3.48;785;11;579.00;36
1001;11;23095604;1001;245;1786;1817;7.85;0.49;187.86;3.48;785;11;580.00;31
1003;11;23095615;1003;231;1788;1817;7.91;0.49;188.10;3.48;785;11;581.00;29
1006;11;23095626;1006;220;1790;1817;7.90;0.49;188.44;3.48;784;11;582.00;27
1008;11;23095645;1008;216;1792;1817;7.88;0.49;188.78;3.49;784;11;583.00;25
1009;11;23095657;1009;218;1795;1818;7.82;0.48;188.96;3.50;786;11;584.00;23
1013;11;23095669;1013;222;1800;1820;7.71;0.47;189.32;3.51;787;11;585.00;20
1016;11;23095681;1016;225;1802;1820;7.65;0.47;189.76;3.51;786;11;586.00;18
1019;11;23095693;1019;227;1806;1821;7.66;0.47;190.05;3.52;787;11;587.00;15
1020;11;23095704;1020;236;1809;1821;7.66;0.47;190.16;3.54;789;11;588.00;12
1021;11;23095716;1021;243;1811;1821;7.69;0.47;190.43;3.55;790;11;589.00;10
1026;11;23095728;1026;253;1814;1821;7.69;0.47;191.09;3.56;788;11;590.00;7
1027;11;23095739;1027;253;1817;1825;7.76;0.47;191.28;3.56;790;11;591.00;8
1029;11;23095751;1029;248;1819;1825;7.82;0.48;191.85;3.57;790;11;592.00;6
1034;11;23095763;1034;242;1819;1825;7.88;0.48;192.33;3.57;785;11;593.00;6
1036;11;23095775;1036;242;1822;1828;8.00;0.49;192.54;3.59;786;11;594.00;6
1036;11;23095786;1036;239;1822;1828;8.15;0.50;192.54;3.59;786;11;595.00;6
1038;11;23095797;1038;235;1824;1828;8.28;0.50;192.67;3.60;786;11;596.00;4
1041;11;23095809;1041;233;1829;1832;8.42;0.51;193.06;3.60;788;11;597.00;3
1046;11;23095822;1046;231;1830;1833;8.57;0.52;193.24;3.60;784;11;598.00;3
1048;11;23095833;1048;226;1831;1833;8.74;0.53;193.45;3.60;783;11;599.00;2
1050;11;23095848;1050;229;1842;1859;8.74;0.53;193.63;3.58;792;11;600.00;17
1052;11;23095869;1052;217;1844;1859;8.82;0.54;193.81;3.58;792;11;601.00;15
1055;11;23095881;1055;219;1845;1859;8.85;0.54;194.02;3.58;790;11;602.00;14
1057;11;23095891;1057;223;1847;1860;8.87;0.54;194.26;3.58;790;11;603.00;13
1060;11;23095909;1060;220;1848;1860;8.91;0.54;194.65;3.58;788;11;604.00;12
1062;11;23095921;1062;221;1854;1866;8.90;0.54;194.99;3.58;792;11;605.00;12
1065;11;23095933;1065;217;1854;1866;9.00;0.55;195.28;3.58;789;11;606.00;12
1067;11;23095945;1067;222;1855;1867;9.06;0.55;195.50;3.58;788;11;607.00;12
1071;11;23095956;1071;218;1857;1867;9.07;0.55;195.81;3.58;786;11;608.00;10
1073;11;23095974;1073;217;1857;1867;9.02;0.55;195.93;3.58;784;11;609.00;10
1077;11;23095986;1077;219;1857;1867;9.03;0.55;196.33;3.58;780;11;610.00;10
1077;11;23095996;1077;224;1858;1867;9.05;0.55;196.33;3.58;781;11;611.00;9
1080;11;23096010;1080;217;1867;1879;9.06;0.55;196.87;3.57;787;11;612.00;12
1082;11;23096024;1082;225;1867;1879;9.10;0.55;196.84;3.57;785;11;613.00;12
1085;11;23096036;1085;230;1869;1879;9.11;0.55;197.08;3.57;784;11;614.00;10
1088;11;23096047;1088;227;1869;1879;9.19;0.56;197.23;3.57;781;11;615.00;10
1088;11;23096058;1088;220;1869;1879;9.26;0.56;197.23;3.57;781;11;616.00;10
1089;11;23096069;1089;215;1870;1879;9.33;0.57;197.46;3.58;781;11;617.00;9
1091;11;23096081;1091;210;1873;1883;9.39;0.57;197.50;3.57;782;11;618.00;10
1092;11;23096092;1092;208;1873;1883;9.50;0.58;197.76;3.57;781;11;619.00;10
1096;12;23096102;1096;204;1877;1887;9.61;0.58;197.97;3.57;781;12;620.00;10
1097;12;23096122;1097;201;1878;1888;9.74;0.59;198.25;3.57;781;12;621.00;10
1100;12;23096134;1100;197;1878;1888;9.77;0.59;198.47;3.57;778;12;622.00;10
1102;12;23096146;1102;198;1879;1888;9.77;0.59;198.42;3.58;777;12;623.00;9
1105;12;23096157;1105;197;1889;1901;9.74;0.59;198.75;3.56;784;12;624.00;12
1108;12;23096174;1108;194;1889;1901;9.72;0.59;199.11;3.56;781;12;625.00;12
1111;12;23096187;1111;193;1889;1901;9.71;0.59;199.28;3.56;778;12;626.00;12
1117;12;23096197;1117;189;1890;1902;9.69;0.59;200.01;3.56;773;12;627.00;12
1122;12;23096208;1122;193;1890;1903;9.65;0.59;200.50;3.56;768;12;628.00;13
1124;12;23096220;1124;191;1892;1903;9.60;0.58;200.81;3.58;768;12;629.00;11
1130;12;23096233;1130;182;1897;1909;9.52;0.58;201.53;3.58;767;12;630.00;12
1134;12;23096246;1134;183;1900;1909;9.49;0.58;201.68;3.59;766;12;631.00;9
1139;12;23096257;1139;172;1901;1909;9.48;0.58;202.26;3.59;762;12;632.00;8
1143;12;23096269;1143;171;1901;1909;9.43;0.57;202.82;3.59;758;12;633.00;8
1145;12;23096279;1145;170;1906;1915;9.42;0.57;202.90;3.58;761;12;634.00;9
1147;12;23096290;1147;169;1906;1915;9.40;0.57;202.99;3.58;759;12;635.00;9
1151;12;23096302;1151;171;1906;1915;9.36;0.57;203.46;3.58;755;12;636.00;9
1154;12;23096313;1154;165;1906;1915;9.35;0.57;203.77;3.58;752;12;637.00;9
1156;12;23096323;1156;168;1909;1919;9.35;0.57;203.91;3.58;753;12;638.00;10
1157;12;23096335;1157;170;1910;1920;9.36;0.57;204.10;3.58;753;12;639.00;10
1159;12;23096346;1159;163;1910;1920;9.34;0.57;204.25;3.58;751;12;640.00;10
1161;12;23096356;1161;162;1911;1921;9.36;0.57;204.26;3.58;750;12;641.00;10
1165;12;23096368;1165;163;1912;1921;9.31;0.56;204.46;3.59;747;12;642.00;9
1166;12;23096378;1166;161;1912;1921;9.33;0.57;204.69;3.59;746;12;643.00;9
1169;12;23096388;1169;171;1912;1921;9.38;0.57;205.00;3.59;743;12;644.00;9
1171;12;23096398;1171;174;1912;1921;9.34;0.57;205.08;3.59;741;12;645.00;9
1175;12;23096413;1175;176;1912;1921;9.28;0.56;205.40;3.59;737;12;646.00;9
1176;12;23096428;1176;176;1913;1921;9.23;0.56;205.59;3.61;737;12;647.00;8
1179;12;23096441;1179;187;1950;1991;9.28;0.56;205.48;3.54;771;12;648.00;41
1182;12;23096464;1182;182;1951;1992;9.21;0.56;205.55;3.54;769;12;649.00;41
1186;12;23096477;1186;181;1959;1992;9.15;0.56;205.71;3.53;773;12;650.00;33
1189;12;23096493;1189;180;1959;1992;9.14;0.55;205.86;3.53;770;12;651.00;33
1192;12;23096508;1192;184;1964;1992;9.06;0.55;205.91;3.53;772;12;652.00;28
1193;12;23096522;1193;189;1966;1992;9.05;0.55;205.86;3.56;773;12;653.00;26
1193;12;23096534;1193;184;1969;1992;9.09;0.55;205.86;3.56;776;12;654.00;23
1194;12;23096544;1194;190;1973;1992;9.10;0.55;205.78;3.58;779;12;655.00;19
1197;12;23096554;1197;195;1976;1993;9.04;0.55;205.64;3.60;779;12;656.00;17
1198;12;23096566;1198;196;1979;1994;9.05;0.55;205.66;3.61;781;12;657.00;15
1199;12;23096577;1199;204;1984;1994;8.99;0.55;205.59;3.67;785;12;658.00;10
1200;12;23096587;1200;206;1988;1998;8.89;0.54;205.42;3.66;788;12;659.00;10
1200;12;23096600;1200;201;1991;1998;8.89;0.54;205.42;3.68;791;12;660.00;7
1201;12;23096610;1201;209;1991;1998;8.84;0.54;205.50;3.68;790;12;661.00;7
1204;12;23096622;1204;216;1992;1998;8.76;0.54;205.22;3.68;788;12;662.00;6
1205;12;23096632;1205;228;2000;2004;8.72;0.53;205.16;3.71;795;12;663.00;4
1207;12;23096643;1207;233;2001;2004;8.74;0.54;204.97;3.72;794;12;664.00;3
1210;12;23096653;1210;237;2002;2004;8.66;0.53;205.07;3.72;792;12;665.00;2
1211;12;23096664;1211;241;2004;2007;8.70;0.53;204.98;3.72;793;12;666.00;3
1212;13;23096675;1212;245;2007;2007;8.59;0.53;205.05;3.73;795;13;667.00;0
1213;13;23096697;1213;248;2007;2007;8.50;0.52;204.94;3.73;794;13;668.00;0
1214;13;23096706;1214;254;2008;2008;8.44;0.52;204.94;3.73;794;13;669.00;0
1217;13;23096721;1217;261;2009;2009;8.34;0.51;204.90;3.73;792;13;670.00;0
1219;13;23096732;1219;271;2009;2009;8.25;0.51;204.89;3.73;790;13;671.00;0
1223;13;23096741;1223;278;2022;2022;8.13;0.50;204.65;3.70;799;13;672.00;0
1224;13;23096752;1224;280;2022;2022;8.02;0.49;204.68;3.70;798;13;673.00;0
1227;13;23096762;1227;280;2022;2022;7.91;0.48;204.53;3.70;795;13;674.00;0
1229;13;23096772;1229;284;2024;2024;7.87;0.48;204.47;3.70;795;13;675.00;0
1232;13;23096783;1232;280;2024;2024;7.77;0.48;204.61;3.70;792;13;676.00;0
1236;13;23096792;1236;280;2028;2028;7.77;0.48;204.46;3.69;792;13;677.00;0
1238;13;23096803;1238;279;2028;2028;7.72;0.47;204.37;3.69;790;13;678.00;0
1241;13;23096813;1241;281;2032;2032;7.63;0.47;204.12;3.69;791;13;679.00;0
1244;13;23096822;1244;282;2032;2032;7.53;0.46;203.91;3.69;788;13;680.00;0
1245;13;23096832;1245;278;2032;2032;7.45;0.46;203.97;3.69;787;13;681.00;0
1247;13;23096841;1247;276;2032;2032;7.44;0.46;203.93;3.69;785;13;682.00;0
1249;13;23096851;1249;281;2032;2032;7.42;0.45;203.77;3.69;783;13;683.00;0
1251;13;23096860;1251;281;2043;2044;7.49;0.46;203.56;3.67;792;13;684.00;1
1252;13;23096872;1252;284;2043;2044;7.51;0.46;203.50;3.67;791;13;685.00;1
1256;13;23096881;1256;286;2044;2044;7.52;0.46;203.39;3.67;788;13;686.00;0
1257;13;23096891;1257;285;2044;2044;7.54;0.46;203.35;3.67;787;13;687.00;0
1259;13;23096899;1259;284;2044;2044;7.54;0.46;203.42;3.67;785;13;688.00;0
1261;13;23096908;1261;287;2044;2044;7.52;0.46;203.49;3.67;783;13;689.00;0
1262;13;23096919;1262;293;2045;2045;7.40;0.45;203.47;3.67;783;13;690.00;0
1265;13;23096928;1265;299;2045;2045;7.21;0.44;203.84;3.67;780;13;691.00;0
1266;13;23096937;1266;307;2051;2051;7.15;0.44;203.87;3.66;785;13;692.00;0
1271;13;23096946;1271;318;2052;2052;6.99;0.43;204.57;3.66;781;13;693.00;0
1276;13;23096955;1276;317;2052;2052;6.75;0.41;204.39;3.66;776;13;694.00;0
1278;13;23096964;1278;311;2052;2052;6.60;0.40;204.62;3.66;774;13;695.00;0
1280;13;23096973;1280;304;2056;2056;6.43;0.39;204.62;3.65;776;13;696.00;0
1283;13;23096982;1283;298;2056;2056;6.27;0.38;204.72;3.65;773;13;697.00;0
1287;13;23096991;1287;296;2056;2056;6.11;0.38;204.54;3.65;769;13;698.00;0
1291;13;23097000;1291;298;2057;2057;5.95;0.37;204.67;3.65;766;13;699.00;0
1293;13;23097011;1293;282;2061;2061;5.94;0.37;204.87;3.64;768;13;700.00;0
1294;13;23097025;1294;281;2061;2061;5.97;0.37;204.87;3.64;767;13;701.00;0
1296;13;23097040;1296;270;2063;2064;6.10;0.38;205.05;3.64;767;13;702.00;1
1298;13;23097050;1298;271;2064;2064;6.26;0.39;205.00;3.64;766;13;703.00;0
1303;13;23097058;1303;262;2064;2064;6.29;0.39;205.32;3.64;761;13;704.00;0
1306;13;23097074;1306;255;2064;2064;6.37;0.39;205.61;3.64;758;13;705.00;0
1307;13;23097084;1307;256;2068;2068;6.54;0.40;205.85;3.63;761;13;706.00;0
1310;13;23097093;1310;246;2068;2068;6.59;0.41;206.13;3.63;758;13;707.00;0
1313;13;23097103;1313;234;2068;2068;6.65;0.41;206.17;3.63;755;13;708.00;0
1314;13;23097112;1314;228;2068;2068;6.70;0.41;206.28;3.63;754;13;709.00;0
1316;13;23097120;1316;237;2069;2069;6.70;0.41;206.51;3.63;753;13;710.00;0
1319;13;23097131;1319;231;2070;2070;6.70;0.41;206.84;3.63;751;13;711.00;0
1321;13;23097140;1321;226;2070;2070;6.76;0.41;207.03;3.63;749;13;712.00;0
1323;13;23097150;1323;224;2071;2071;6.88;0.42;207.14;3.63;748;13;713.00;0
1327;13;23097159;1327;227;2071;2071;6.95;0.42;207.24;3.63;744;13;714.00;0
1329;13;23097170;1329;227;2071;2071;7.15;0.44;207.25;3.63;742;13;715.00;0
1332;13;23097180;1332;225;2071;2071;7.30;0.45;207.76;3.63;739;13;716.00;0
1336;13;23097190;1336;218;2071;2071;7.48;0.46;208.29;3.63;735;13;717.00;0
1342;13;23097199;1342;219;2071;2071;7.57;0.46;207.89;3.63;729;13;718.00;0
1343;13;23097209;1343;218;2071;2071;7.68;0.47;208.11;3.63;728;13;719.00;0
1347;13;23097222;1347;217;2167;2301;8.23;0.52;208.42;3.47;820;13;720.00;134
1351;13;23097254;1351;217;2179;2302;8.31;0.52;208.23;3.46;828;13;721.00;123
1354;13;23097267;1354;214;2196;2302;8.32;0.52;208.36;3.44;842;13;722.00;106
1361;13;23097278;1361;214;2206;2302;8.23;0.52;209.22;3.44;845;13;723.00;96
1364;13;23097289;1364;220;2220;2302;8.17;0.51;209.28;3.45;856;13;724.00;82
1368;13;23097301;1368;219;2226;2302;8.11;0.51;209.40;3.45;858;13;725.00;76
1374;13;23097313;1374;226;2235;2302;7.96;0.50;209.68;3.46;861;13;726.00;67
1379;13;23097324;1379;225;2244;2302;7.81;0.49;209.56;3.47;865;13;727.00;58
1384;13;23097336;1384;226;2250;2303;7.70;0.48;209.79;3.49;866;13;728.00;53
1389;13;23097348;1389;230;2255;2304;7.56;0.47;210.33;3.50;866;13;729.00;49
1390;13;23097360;1390;231;2264;2304;7.46;0.46;210.32;3.52;874;13;730.00;40
1393;13;23097377;1393;231;2268;2305;7.32;0.45;210.84;3.53;875;13;731.00;37
1393;13;23097390;1393;237;2272;2305;7.26;0.45;210.84;3.55;879;13;732.00;33
1396;13;23097401;1396;240;2273;2305;7.23;0.45;211.10;3.55;877;13;733.00;32
1403;13;23097414;1403;245;2277;2305;7.17;0.44;211.80;3.57;874;13;734.00;28
1406;13;23097428;1406;249;2281;2309;7.18;0.44;212.17;3.58;875;13;735.00;28
1409;13;23097440;1409;259;2282;2309;7.19;0.44;212.53;3.58;873;13;736.00;27
1411;13;23097452;1411;262;2285;2309;7.19;0.44;212.76;3.60;874;13;737.00;24
1414;13;23097465;1414;269;2287;2312;7.20;0.44;212.68;3.61;873;13;738.00;25
1419;13;23097486;1419;269;2291;2312;7.14;0.44;212.70;3.62;872;13;739.00;21
1423;13;23097504;1423;280;2291;2312;7.14;0.44;213.02;3.62;868;13;740.00;21
1427;13;23097525;1427;287;2296;2316;7.18;0.44;213.16;3.63;869;13;741.00;20
1428;13;23097547;1428;287;2298;2317;7.21;0.44;213.30;3.63;870;13;742.00;19
1431;13;23097570;1431;289;2299;2317;7.19;0.44;213.55;3.64;868;13;743.00;18
1433;13;23097611;1433;294;2304;2321;7.12;0.44;213.67;3.65;871;13;744.00;17
1436;13;23097628;1436;300;2304;2321;7.07;0.43;214.01;3.65;868;13;745.00;17
1437;13;23097651;1437;299;2305;2321;7.01;0.43;214.11;3.66;868;13;746.00;16
1441;13;23097666;1441;288;2308;2322;6.97;0.43;214.54;3.68;867;13;747.00;14
1442;13;23097681;1442;284;2308;2322;6.97;0.43;214.51;3.68;866;13;748.00;14
1447;13;23097694;1447;282;2315;2328;7.00;0.43;214.68;3.70;868;13;749.00;13
1448;13;23097711;1448;282;2316;2328;7.14;0.44;214.70;3.71;868;13;750.00;12
1451;13;23097723;1451;279;2318;2329;7.24;0.44;214.57;3.72;867;13;751.00;11
1452;13;23097737;1452;277;2318;2329;7.38;0.45;214.67;3.72;866;13;752.00;11
1456;13;23097750;1456;279;2319;2329;7.46;0.46;214.85;3.73;863;13;753.00;10
1456;13;23097764;1456;279;2321;2329;7.50;0.46;214.85;3.74;865;13;754.00;8
1461;13;23097777;1461;282;2321;2329;7.47;0.46;215.14;3.74;860;13;755.00;8
1464;13;23097799;1464;276;2332;2341;7.55;0.46;215.14;3.73;868;13;756.00;9
1468;13;23097813;1468;264;2334;2341;7.57;0.46;215.43;3.74;866;13;757.00;7
1472;13;23097825;1472;257;2335;2341;7.57;0.46;215.35;3.74;863;13;758.00;6
1473;13;23097839;1473;253;2336;2341;7.63;0.46;215.33;3.74;863;13;759.00;5
1475;13;23097853;1475;249;2336;2341;7.68;0.47;215.56;3.74;861;13;760.00;5
1477;13;23097867;1477;252;2336;2341;7.75;0.47;215.81;3.74;859;13;761.00;5
1481;13;23097880;1481;254;2340;2345;7.73;0.47;216.22;3.73;859;13;762.00;5
1484;13;23097893;1484;258;2340;2345;7.74;0.47;216.29;3.73;856;13;763.00;5
1487;13;23097908;1487;259;2344;2349;7.80;0.47;216.60;3.73;857;13;764.00;5
1490;13;23097925;1490;262;2346;2351;7.85;0.48;216.75;3.73;856;13;765.00;5
1491;13;23097939;1491;263;2346;2351;7.88;0.48;216.79;3.73;855;13;766.00;5
1491;13;23097951;1491;266;2346;2351;7.95;0.49;216.79;3.73;855;13;767.00;5
1494;13;23097966;1494;258;2357;2364;8.00;0.49;216.87;3.71;863;13;768.00;7
1495;13;23097980;1495;251;2357;2364;8.12;0.50;216.83;3.71;862;13;769.00;7
1495;13;23097993;1495;250;2357;2364;8.16;0.50;216.83;3.71;862;13;770.00;7
1499;13;23098007;1499;245;2358;2365;8.25;0.50;216.95;3.71;859;13;771.00;7
1499;13;23098023;1499;242;2358;2366;8.34;0.51;216.95;3.71;859;13;772.00;8
1500;13;23098037;1500;241;2358;2366;8.42;0.51;216.98;3.71;858;13;773.00;8
1502;13;23098049;1502;241;2360;2369;8.46;0.52;216.93;3.70;858;13;774.00;9
1504;13;23098063;1504;230;2360;2369;8.52;0.52;217.02;3.70;856;13;775.00;9
1506;13;23098075;1506;228;2361;2369;8.50;0.52;217.09;3.70;855;13;776.00;8
1508;13;23098088;1508;227;2361;2369;8.45;0.52;217.33;3.70;853;13;777.00;8
1510;13;23098100;1510;232;2366;2375;8.51;0.52;217.60;3.70;856;13;778.00;9
1511;13;23098113;1511;235;2366;2375;8.45;0.52;217.63;3.70;855;13;779.00;9
1511;13;23098128;1511;238;2366;2375;8.36;0.51;217.63;3.70;855;13;780.00;9
1513;13;23098140;1513;237;2366;2375;8.33;0.51;217.61;3.70;853;13;781.00;9
1516;13;23098151;1516;245;2369;2379;8.25;0.50;217.70;3.69;853;13;782.00;10
1520;13;23098165;1520;252;2370;2380;8.18;0.50;217.77;3.69;850;13;783.00;10
1522;13;23098177;1522;256;2370;2380;8.14;0.50;217.75;3.69;848;13;784.00;10
1525;13;23098189;1525;250;2371;2381;8.17;0.50;217.64;3.69;846;13;785.00;10
1527;13;23098205;1527;252;2371;2381;8.15;0.50;217.71;3.69;844;13;786.00;10
1529;13;23098217;1529;256;2371;2381;8.14;0.50;217.67;3.69;842;13;787.00;10
1529;13;23098231;1529;258;2371;2381;8.16;0.50;217.67;3.69;842;13;788.00;10
1532;13;23098241;1532;266;2371;2381;8.13;0.50;217.82;3.69;839;13;789.00;10
1533;13;23098254;1533;265;2371;2381;8.07;0.49;217.81;3.69;838;13;790.00;10
1533;13;23098267;1533;263;2371;2381;8.00;0.49;217.81;3.69;838;13;791.00;10
1533;13;23098278;1533;269;2402;2451;7.93;0.49;217.81;3.64;869;13;792.00;49
1535;13;23098295;1535;264;2402;2452;7.85;0.48;217.79;3.64;867;13;793.00;50
1538;13;23098307;1538;257;2407;2452;7.93;0.49;217.70;3.64;869;13;794.00;45
1541;13;23098319;1541;258;2410;2452;7.91;0.49;218.06;3.64;869;13;795.00;42
1544;13;23098330;1544;259;2412;2452;7.91;0.48;218.26;3.64;868;13;796.00;40
1549;13;23098341;1549;258;2414;2452;7.91;0.48;218.71;3.64;865;13;797.00;38
1552;13;23098353;1552;258;2417;2452;7.91;0.48;218.80;3.64;865;13;798.00;35
1554;13;23098364;1554;254;2419;2452;7.90;0.48;218.68;3.65;865;13;799.00;33
1559;13;23098383;1559;250;2422;2453;7.91;0.48;218.94;3.65;863;13;800.00;31
1563;13;23098402;1563;254;2424;2454;7.87;0.48;218.98;3.66;861;13;801.00;30
1569;13;23098421;1569;249;2426;2454;7.79;0.47;218.95;3.66;857;13;802.00;28
1574;13;23098437;1574;252;2430;2458;7.71;0.47;219.20;3.66;856;13;803.00;28
1575;13;23098453;1575;251;2430;2458;7.64;0.46;219.24;3.66;855;13;804.00;28
1581;13;23098469;1581;251;2433;2458;7.54;0.46;220.15;3.69;852;13;805.00;25
1585;13;23098485;1585;252;2433;2458;7.45;0.45;220.57;3.69;848;13;806.00;25
1588;13;23098498;1588;251;2437;2464;7.42;0.45;220.60;3.68;849;13;807.00;27
1590;13;23098517;1590;250;2438;2464;7.41;0.45;220.87;3.69;848;13;808.00;26
1590;13;23098531;1590;248;2438;2464;7.37;0.45;220.87;3.69;848;13;809.00;26
1591;13;23098560;1591;246;2444;2470;7.37;0.45;220.92;3.69;853;13;810.00;26
1591;13;23098579;1591;242;2445;2470;7.37;0.45;220.92;3.69;854;13;811.00;25
1591;13;23098590;1591;252;2447;2470;7.37;0.45;220.92;3.69;856;13;812.00;23
1593;13;23098603;1593;249;2447;2471;7.34;0.45;221.12;3.69;854;13;813.00;24
1593;13;23098614;1593;251;2448;2472;7.37;0.45;221.12;3.69;855;13;814.00;24
1595;13;23098626;1595;249;2448;2472;7.39;0.45;221.15;3.69;853;13;815.00;24
1596;13;23098637;1596;253;2457;2485;7.43;0.45;221.07;3.68;861;13;816.00;28
1598;13;23098650;1598;254;2457;2485;7.44;0.45;221.24;3.68;859;13;817.00;28
1600;13;23098662;1600;257;2457;2485;7.46;0.45;221.06;3.68;857;13;818.00;28
1601;13;23098680;1601;258;2458;2486;7.46;0.45;221.02;3.68;857;13;819.00;28
1604;13;23098691;1604;261;2458;2486;7.41;0.45;220.83;3.68;854;13;820.00;28
1605;13;23098702;1605;256;2461;2490;7.40;0.45;220.93;3.67;856;13;821.00;29
1605;13;23098715;1605;257;2462;2490;7.33;0.45;220.93;3.71;857;13;822.00;28
1606;13;23098725;1606;267;2465;2494;7.26;0.44;220.86;3.71;859;13;823.00;29
1606;13;23098736;1606;268;2465;2494;7.23;0.44;220.86;3.71;859;13;824.00;29
1607;13;23098748;1607;271;2466;2494;7.15;0.44;220.78;3.75;859;13;825.00;28
1607;13;23098759;1607;271;2467;2494;7.09;0.43;220.78;3.76;860;13;826.00;27
1608;13;23098770;1608;274;2468;2494;7.04;0.43;220.70;3.80;860;13;827.00;26
1615;13;23098782;1615;285;2480;2506;7.04;0.43;220.83;3.82;865;13;828.00;26
1618;13;23098795;1618;291;2483;2506;6.98;0.43;220.76;3.87;865;13;829.00;23
1620;13;23098807;1620;296;2484;2506;6.95;0.42;220.62;3.89;864;13;830.00;22
1623;13;23098823;1623;295;2487;2506;6.98;0.43;220.51;3.96;864;13;831.00;19
1623;13;23098840;1623;301;2491;2506;7.00;0.43;220.51;4.01;868;13;832.00;15
1624;13;23098853;1624;308;2492;2506;7.04;0.43;220.49;4.03;868;13;833.00;14
1627;13;23098865;1627;305;2493;2507;7.07;0.43;220.19;4.03;866;13;834.00;14
1631;13;23098877;1631;308;2494;2507;7.05;0.43;220.16;4.05;863;13;835.00;13
1632;13;23098889;1632;310;2501;2513;7.08;0.43;220.05;4.07;869;13;836.00;12
1633;13;23098906;1633;312;2502;2514;7.06;0.43;219.93;4.08;869;13;837.00;12
1634;13;23098918;1634;323;2504;2514;7.04;0.43;219.92;4.10;870;13;838.00;10
1638;13;23098931;1638;325;2504;2514;6.98;0.43;219.93;4.10;866;13;839.00;10
1639;13;23098943;1639;328;2509;2519;7.04;0.43;219.82;4.13;870;13;840.00;10
1641;13;23098955;1641;328;2511;2519;7.07;0.43;219.66;4.14;870;13;841.00;8
1644;13;23098967;1644;334;2512;2519;7.04;0.43;219.37;4.15;868;13;842.00;7
1645;13;23098978;1645;337;2514;2520;7.07;0.43;219.39;4.16;869;13;843.00;6
1648;13;23098989;1648;337;2518;2524;7.04;0.43;219.24;4.17;870;13;844.00;6
1649;13;23099001;1649;339;2519;2524;7.01;0.43;219.43;4.17;870;13;845.00;5
1652;13;23099013;1652;341;2525;2527;6.99;0.43;219.42;4.18;873;13;846.00;2
1654;13;23099023;1654;342;2525;2527;6.91;0.42;219.51;4.18;871;13;847.00;2
1655;13;23099035;1655;342;2527;2527;6.80;0.42;219.40;4.18;872;13;848.00;0
1657;13;23099046;1657;338;2527;2527;6.70;0.41;219.34;4.18;870;13;849.00;0
1657;13;23099058;1657;336;2531;2531;6.74;0.41;219.34;4.18;874;13;850.00;0
1657;13;23099071;1657;330;2531;2531;6.71;0.41;219.34;4.18;874;13;851.00;0
1658;13;23099081;1658;317;2531;2531;6.68;0.41;219.29;4.18;873;13;852.00;0
1659;13;23099092;1659;304;2531;2531;6.64;0.41;219.36;4.18;872;13;853.00;0
1660;13;23099103;1660;295;2532;2532;6.66;0.41;219.37;4.17;872;13;854.00;0
1661;13;23099115;1661;289;2534;2534;6.68;0.41;219.32;4.17;873;13;855.00;0
1663;13;23099126;1663;287;2534;2534;6.72;0.41;219.27;4.17;871;13;856.00;0
1664;14;23099138;1664;282;2535;2535;6.83;0.42;219.22;4.17;871;14;857.00;0
1665;14;23099160;1665;280;2535;2535;6.90;0.42;219.17;4.17;870;14;858.00;0
1665;14;23099179;1665;275;2535;2535;7.03;0.43;219.17;4.17;870;14;859.00;0
1666;14;23099190;1666;273;2535;2535;7.12;0.44;219.16;4.17;869;14;860.00;0
1668;14;23099200;1668;273;2535;2535;7.18;0.44;219.46;4.17;867;14;861.00;0
1672;14;23099212;1672;269;2535;2535;7.18;0.44;219.44;4.17;863;14;862.00;0
1675;14;23099223;1675;273;2535;2535;7.22;0.44;219.33;4.17;860;14;863.00;0
1677;14;23099236;1677;296;2610;2662;7.42;0.46;219.39;4.05;933;14;864.00;52
1681;14;23099263;1681;287;2615;2663;7.39;0.46;219.26;4.05;934;14;865.00;48
1685;14;23099276;1685;282;2624;2663;7.39;0.46;219.36;4.04;939;14;866.00;39
1686;14;23099289;1686;279;2626;2663;7.37;0.46;219.32;4.04;940;14;867.00;37
1690;14;23099300;1690;284;2632;2663;7.34;0.45;219.29;4.04;942;14;868.00;31
1691;14;23099313;1691;283;2635;2663;7.28;0.45;219.25;4.04;944;14;869.00;28
1697;14;23099326;1697;283;2637;2663;7.22;0.45;219.13;4.04;940;14;870.00;26
1700;14;23099338;1700;282;2640;2663;7.09;0.44;219.38;4.04;940;14;871.00;23
1702;14;23099349;1702;281;2642;2664;7.06;0.43;219.33;4.05;940;14;872.00;22
1706;14;23099361;1706;286;2644;2665;7.03;0.43;219.48;4.05;938;14;873.00;21
1711;14;23099372;1711;291;2649;2665;6.94;0.43;219.85;4.06;938;14;874.00;16
1714;14;23099383;1714;274;2652;2666;6.84;0.42;220.41;4.07;938;14;875.00;14
1717;14;23099396;1717;273;2654;2666;6.76;0.42;220.42;4.07;937;14;876.00;12
1720;14;23099408;1720;270;2655;2666;6.69;0.41;220.57;4.07;935;14;877.00;11
1723;14;23099419;1723;267;2659;2666;6.61;0.41;220.95;4.09;936;14;878.00;7
1727;14;23099431;1727;277;2664;2670;6.60;0.41;221.38;4.10;937;14;879.00;6
1729;14;23099443;1729;275;2665;2670;6.64;0.41;221.56;4.10;936;14;880.00;5
1733;14;23099456;1733;273;2667;2670;6.73;0.41;222.12;4.10;934;14;881.00;3
1735;14;23099468;1735;265;2669;2673;6.84;0.42;222.40;4.10;934;14;882.00;4
1739;14;23099481;1739;263;2671;2673;6.92;0.43;222.64;4.11;932;14;883.00;2
1742;14;23099493;1742;252;2671;2673;6.99;0.43;222.98;4.11;929;14;884.00;2
1745;14;23099506;1745;249;2676;2677;7.06;0.43;223.07;4.11;931;14;885.00;1
1748;14;23099519;1748;241;2677;2678;7.10;0.43;223.09;4.11;929;14;886.00;1
1751;14;23099533;1751;239;2677;2678;7.19;0.44;223.51;4.11;926;14;887.00;1
1753;14;23099550;1753;233;2682;2682;7.26;0.44;223.75;4.10;929;14;888.00;0
1757;14;23099565;1757;234;2682;2682;7.34;0.45;224.08;4.10;925;14;889.00;0
1764;14;23099578;1764;234;2682;2682;7.39;0.45;224.20;4.10;918;14;890.00;0
1767;14;23099591;1767;240;2683;2683;7.47;0.46;224.46;4.10;916;14;891.00;0
1770;14;23099610;1770;245;2683;2683;7.42;0.45;224.52;4.10;913;14;892.00;0
1776;14;23099622;1776;242;2689;2689;7.40;0.45;224.76;4.09;913;14;893.00;0
1780;14;23099637;1780;245;2689;2689;7.37;0.45;225.23;4.09;909;14;894.00;0
1786;14;23099652;1786;252;2690;2690;7.36;0.45;225.37;4.09;904;14;895.00;0
1791;14;23099666;1791;250;2690;2690;7.37;0.45;225.70;4.09;899;14;896.00;0
1797;14;23099679;1797;246;2690;2690;7.43;0.45;225.88;4.09;893;14;897.00;0
1804;14;23099691;1804;248;2690;2690;7.42;0.45;226.01;4.09;886;14;898.00;0
1807;14;23099705;1807;245;2690;2690;7.45;0.45;226.16;4.09;883;14;899.00;0
1810;14;23099721;1810;238;2721;2736;7.53;0.46;226.23;4.04;911;14;900.00;15
1811;14;23099747;1811;233;2722;2736;7.57;0.46;226.14;4.04;911;14;901.00;14
1814;14;23099760;1814;237;2726;2736;7.62;0.47;226.28;4.04;912;14;902.00;10
1820;14;23099773;1820;237;2726;2736;7.59;0.46;226.51;4.04;906;14;903.00;10
1823;14;23099788;1823;237;2728;2736;7.64;0.47;226.75;4.04;905;14;904.00;8
1825;14;23099801;1825;235;2728;2736;7.66;0.47;227.03;4.04;903;14;905.00;8
1828;14;23099815;1828;234;2733;2740;7.66;0.47;227.25;4.04;905;14;906.00;7
1831;14;23099829;1831;237;2733;2740;7.67;0.47;227.57;4.04;902;14;907.00;7
1835;14;23099841;1835;243;2737;2744;7.67;0.47;227.87;4.03;902;14;908.00;7
1838;14;23099856;1838;246;2738;2745;7.70;0.47;227.92;4.03;900;14;909.00;7
1842;14;23099870;1842;250;2738;2745;7.68;0.47;228.32;4.03;896;14;910.00;7
1846;14;23099883;1846;252;2738;2745;7.71;0.47;228.51;4.03;892;14;911.00;7
1847;14;23099899;1847;253;2750;2758;7.77;0.48;228.62;4.02;903;14;912.00;8
1851;14;23099913;1851;256;2751;2758;7.74;0.47;228.88;4.02;900;14;913.00;7
1853;14;23099927;1853;258;2752;2758;7.73;0.47;229.18;4.02;899;14;914.00;6
1858;14;23099939;1858;263;2753;2759;7.68;0.47;229.50;4.02;895;14;915.00;6
1861;14;23099952;1861;262;2754;2760;7.65;0.47;229.76;4.02;893;14;916.00;6
1867;14;23099967;1867;266;2754;2760;7.58;0.46;230.15;4.02;887;14;917.00;6
1872;14;23099981;1872;273;2757;2763;7.59;0.46;230.10;4.02;885;14;918.00;6
1876;14;23099994;1876;273;2757;2763;7.51;0.46;230.36;4.02;881;14;919.00;6
1880;14;23100011;1880;279;2759;2763;7.49;0.46;230.81;4.03;879;14;920.00;4
1882;14;23100025;1882;282;2759;2763;7.45;0.45;230.79;4.03;877;14;921.00;4
1885;14;23100039;1885;274;2764;2769;7.42;0.45;231.19;4.02;879;14;922.00;5
1889;14;23100055;1889;271;2764;2769;7.40;0.45;231.15;4.02;875;14;923.00;5
1892;14;23100070;1892;270;2765;2769;7.39;0.45;231.15;4.03;873;14;924.00;4
1895;14;23100085;1895;263;2765;2769;7.40;0.45;231.68;4.03;870;14;925.00;4
1898;14;23100099;1898;265;2773;2773;7.47;0.46;231.69;4.04;875;14;926.00;0
1901;14;23100113;1901;268;2774;2774;7.55;0.46;231.83;4.04;873;14;927.00;0
1903;14;23100126;1903;272;2774;2774;7.58;0.46;232.18;4.04;871;14;928.00;0
1905;14;23100140;1905;275;2775;2775;7.61;0.46;232.31;4.04;870;14;929.00;0
1910;14;23100158;1910;276;2775;2775;7.61;0.46;232.32;4.04;865;14;930.00;0
1913;14;23100172;1913;266;2775;2775;7.61;0.46;232.24;4.04;862;14;931.00;0
1914;14;23100186;1914;256;2775;2775;7.62;0.46;232.40;4.04;861;14;932.00;0
1916;14;23100199;1916;255;2775;2775;7.59;0.46;232.52;4.04;859;14;933.00;0
1919;14;23100214;1919;253;2775;2775;7.54;0.46;232.86;4.04;856;14;934.00;0
1923;14;23100229;1923;253;2775;2775;7.50;0.46;233.33;4.04;852;14;935.00;0
1926;14;23100243;1926;261;2817;2845;7.55;0.46;233.49;3.98;891;14;936.00;28
1927;14;23100266;1927;259;2818;2846;7.58;0.46;233.62;3.98;891;14;937.00;28
1930;14;23100282;1930;261;2823;2846;7.61;0.46;233.72;3.97;893;14;938.00;23
1933;14;23100297;1933;266;2825;2846;7.60;0.46;233.86;3.97;892;14;939.00;21
1934;14;23100310;1934;269;2827;2846;7.61;0.46;233.92;3.97;893;14;940.00;19
1934;14;23100322;1934;281;2829;2846;7.68;0.47;233.92;3.97;895;14;941.00;17
1937;14;23100335;1937;277;2832;2846;7.74;0.47;233.94;3.98;895;14;942.00;14
1943;14;23100348;1943;284;2835;2846;7.75;0.47;234.12;3.98;892;14;943.00;11
1944;14;23100361;1944;273;2838;2847;7.78;0.47;234.11;3.98;894;14;944.00;9
1948;14;23100374;1948;276;2840;2849;7.77;0.47;234.14;3.98;892;14;945.00;9
1949;14;23100388;1949;272;2841;2849;7.75;0.47;234.21;3.98;892;14;946.00;8
1950;14;23100401;1950;269;2844;2853;7.76;0.47;234.35;3.98;894;14;947.00;9
1953;14;23100414;1953;271;2845;2853;7.75;0.47;234.38;3.98;892;14;948.00;8
1955;14;23100432;1955;267;2845;2853;7.77;0.47;234.62;3.98;890;14;949.00;8
1957;14;23100448;1957;266;2845;2853;7.75;0.47;234.66;3.98;888;14;950.00;8
1963;14;23100465;1963;263;2850;2859;7.79;0.47;234.89;3.98;887;14;951.00;9
1963;14;23100482;1963;263;2850;2859;7.83;0.48;234.89;3.98;887;14;952.00;9
1967;14;23100498;1967;257;2850;2859;7.84;0.48;234.89;3.98;883;14;953.00;9
1969;14;23100515;1969;255;2852;2862;7.90;0.48;235.03;3.98;883;14;954.00;10
1972;14;23100531;1972;252;2852;2862;7.92;0.48;235.27;3.98;880;14;955.00;10
1974;14;23100543;1974;251;2853;2862;7.90;0.48;235.48;3.98;879;14;956.00;9
1976;14;23100556;1976;254;2853;2863;7.86;0.48;235.74;3.98;877;14;957.00;10
1979;14;23100570;1979;255;2856;2864;7.83;0.48;235.90;3.99;877;14;958.00;8
1981;14;23100583;1981;259;2856;2864;7.82;0.48;235.91;3.99;875;14;959.00;8
1982;14;23100597;1982;264;2877;2890;7.89;0.48;235.91;3.97;895;14;960.00;13
1986;14;23100610;1986;265;2877;2890;7.87;0.48;236.12;3.97;891;14;961.00;13
1987;14;23100629;1987;268;2879;2890;7.89;0.48;236.08;3.97;892;14;962.00;11
1990;14;23100641;1990;277;2881;2891;7.91;0.48;235.94;3.98;891;14;963.00;10
1991;14;23100653;1991;285;2881;2891;7.83;0.47;235.98;3.98;890;14;964.00;10
1992;14;23100664;1992;282;2886;2895;7.86;0.48;236.06;3.98;894;14;965.00;9
1992;14;23100677;1992;277;2886;2895;7.83;0.47;236.06;3.98;894;14;966.00;9
1992;14;23100689;1992;276;2890;2899;7.80;0.47;236.06;3.98;898;14;967.00;9
1996;14;23100701;1996;270;2891;2899;7.69;0.47;236.20;3.98;895;14;968.00;8
1998;14;23100721;1998;264;2891;2899;7.66;0.46;236.24;3.98;893;14;969.00;8
1999;14;23100733;1999;265;2891;2899;7.63;0.46;236.32;3.98;892;14;970.00;8
2000;14;23100745;2000;270;2891;2899;7.66;0.46;236.28;3.98;891;14;971.00;8
2001;14;23100756;2001;271;2901;2911;7.76;0.47;236.21;3.97;900;14;972.00;10
2002;14;23100769;2002;268;2901;2911;7.83;0.47;236.13;3.97;899;14;973.00;10
2005;14;23100782;2005;265;2902;2911;7.88;0.48;236.36;3.97;897;14;974.00;9
2005;14;23100793;2005;270;2902;2911;7.89;0.48;236.36;3.97;897;14;975.00;9
2008;14;23100809;2008;271;2902;2911;7.83;0.48;236.52;3.97;894;14;976.00;9
2010;14;23100823;2010;276;2902;2911;7.78;0.47;236.47;3.97;892;14;977.00;9
2010;14;23100839;2010;284;2902;2912;7.70;0.47;236.47;3.97;892;14;978.00;10
2012;14;23100851;2012;282;2902;2912;7.59;0.46;236.70;3.97;890;14;979.00;10
2013;14;23100863;2013;281;2909;2918;7.49;0.46;236.64;3.99;896;14;980.00;9
2015;14;23100875;2015;281;2910;2919;7.38;0.45;236.73;3.98;895;14;981.00;9
2018;14;23100888;2018;284;2910;2919;7.29;0.44;236.80;3.98;892;14;982.00;9
2020;14;23100900;2020;287;2910;2919;7.23;0.44;236.83;3.98;890;14;983.00;9
2024;14;23100911;2024;287;2912;2923;7.25;0.44;236.95;3.98;888;14;984.00;11
2027;14;23100922;2027;294;2912;2923;7.18;0.44;236.91;3.98;885;14;985.00;11
2030;14;23100934;2030;288;2913;2923;7.14;0.44;236.71;3.99;883;14;986.00;10
2031;14;23100946;2031;287;2914;2924;7.15;0.44;236.65;3.99;883;14;987.00;10
2038;14;23100955;2038;291;2917;2928;7.07;0.43;236.35;3.98;879;14;988.00;11
2040;14;23100969;2040;289;2917;2928;7.07;0.43;236.49;3.98;877;14;989.00;11
2044;14;23100982;2044;288;2921;2934;7.11;0.43;236.26;3.98;877;14;990.00;13
2046;14;23100993;2046;286;2922;2934;7.18;0.44;236.25;3.98;876;14;991.00;12
2050;14;23101006;2050;283;2923;2934;7.22;0.44;236.22;3.98;873;14;992.00;11
2052;14;23101019;2052;279;2924;2934;7.22;0.44;236.15;3.98;872;14;993.00;10
2053;14;23101032;2053;281;2928;2938;7.26;0.44;236.15;3.98;875;14;994.00;10
2055;14;23101043;2055;284;2928;2938;7.23;0.44;236.06;3.98;873;14;995.00;10
2058;14;23101054;2058;281;2928;2938;7.18;0.44;235.85;3.98;870;14;996.00;10
2060;14;23101066;2060;287;2928;2938;7.18;0.44;235.85;3.98;868;14;997.00;10
2063;14;23101077;2063;293;2928;2939;7.10;0.43;235.79;3.98;865;14;998.00;11
2066;14;23101088;2066;292;2929;2940;7.05;0.43;235.66;3.97;863;14;999.00;11
2067;14;23101101;2067;289;2929;2940;6.93;0.42;235.57;3.97;862;14;1000.00;11
2068;14;23101116;2068;294;2930;2941;6.88;0.42;235.55;3.97;862;14;1001.00;11
2069;14;23101128;2069;305;2930;2941;6.79;0.41;235.45;3.97;861;14;1002.00;11
2069;14;23101138;2069;309;2930;2941;6.71;0.41;235.45;3.97;861;14;1003.00;11
2069;14;23101149;2069;312;2931;2941;6.66;0.41;235.45;3.99;862;14;1004.00;10
2071;14;23101159;2071;315;2932;2941;6.61;0.40;235.43;4.01;861;14;1005.00;9
2071;14;23101170;2071;324;2932;2941;6.59;0.40;235.43;4.01;861;14;1006.00;9
2071;14;23101181;2071;326;2934;2941;6.59;0.40;235.43;4.03;863;14;1007.00;7
2074;14;23101191;2074;348;3001;3068;6.88;0.43;235.25;3.94;927;14;1008.00;67
2076;14;23101213;2076;337;3005;3069;6.83;0.42;235.18;3.94;929;14;1009.00;64
2078;14;23101225;2078;331;3016;3069;6.88;0.43;235.12;3.94;938;14;1010.00;53
2080;14;23101236;2080;319;3019;3069;6.89;0.43;235.10;3.94;939;14;1011.00;50
2081;14;23101248;2081;318;3026;3069;6.96;0.43;235.10;3.96;945;14;1012.00;43
2082;14;23101260;2082;314;3031;3069;7.01;0.44;235.07;3.96;949;14;1013.00;38
2083;14;23101272;2083;310;3034;3069;7.08;0.44;235.03;3.97;951;14;1014.00;35
2084;14;23101284;2084;307;3038;3069;7.15;0.44;235.13;3.99;954;14;1015.00;31
2087;14;23101296;2087;309;3042;3070;7.25;0.45;235.22;4.00;955;14;1016.00;28
2087;14;23101308;2087;307;3045;3071;7.33;0.45;235.22;4.01;958;14;1017.00;26
2090;14;23101319;2090;301;3050;3071;7.37;0.45;235.19;4.03;960;14;1018.00;21
2091;14;23101332;2091;302;3054;3072;7.41;0.46;235.11;4.03;963;14;1019.00;18
2094;14;23101346;2094;298;3056;3072;7.33;0.45;235.05;4.04;962;14;1020.00;16
2095;14;23101357;2095;301;3061;3072;7.21;0.44;235.04;4.05;966;14;1021.00;11
2095;14;23101370;2095;308;3064;3072;7.07;0.44;235.04;4.06;969;14;1022.00;8
2097;15;23101382;2097;314;3067;3076;6.95;0.43;235.09;4.06;970;15;1023.00;9
2099;15;23101414;2099;317;3070;3076;6.80;0.42;235.08;4.07;971;15;1024.00;6
2100;15;23101426;2100;315;3071;3076;6.66;0.41;235.07;4.07;971;15;1025.00;5
2104;15;23101445;2104;316;3073;3079;6.54;0.40;234.99;4.07;969;15;1026.00;6
2104;15;23101465;2104;314;3074;3079;6.44;0.40;234.99;4.08;970;15;1027.00;5
2106;15;23101477;2106;314;3075;3079;6.33;0.39;235.03;4.08;969;15;1028.00;4
2107;15;23101489;2107;313;3080;3083;6.27;0.39;235.12;4.08;973;15;1029.00;3
2107;15;23101501;2107;316;3081;3084;6.28;0.39;235.12;4.08;974;15;1030.00;3
2109;15;23101512;2109;319;3082;3084;6.27;0.39;235.02;4.08;973;15;1031.00;2
2114;15;23101524;2114;320;3086;3088;6.27;0.39;235.08;4.08;972;15;1032.00;2
2116;15;23101537;2116;323;3088;3088;6.33;0.39;235.19;4.08;972;15;1033.00;0
2120;15;23101549;2120;324;3088;3088;6.37;0.39;235.13;4.08;968;15;1034.00;0
2120;15;23101561;2120;326;3090;3090;6.42;0.39;235.13;4.08;970;15;1035.00;0
2122;15;23101572;2122;330;3090;3090;6.45;0.40;235.03;4.08;968;15;1036.00;0
2126;15;23101583;2126;331;3095;3096;6.49;0.40;235.13;4.07;969;15;1037.00;1
2128;15;23101602;2128;324;3095;3096;6.47;0.40;235.32;4.07;967;15;1038.00;1
2134;15;23101614;2134;328;3097;3097;6.34;0.39;235.30;4.07;963;15;1039.00;0
2137;15;23101625;2137;323;3097;3097;6.30;0.38;235.35;4.07;960;15;1040.00;0
2140;15;23101636;2140;328;3097;3097;6.21;0.38;235.55;4.07;957;15;1041.00;0
2143;15;23101654;2143;324;3097;3097;6.18;0.38;235.59;4.07;954;15;1042.00;0
2145;15;23101666;2145;327;3097;3097;6.14;0.38;235.59;4.07;952;15;1043.00;0
2147;15;23101676;2147;327;3109;3109;6.11;0.37;235.74;4.06;962;15;1044.00;0
2150;15;23101689;2150;328;3109;3109;6.07;0.37;235.65;4.06;959;15;1045.00;0
2156;15;23101700;2156;332;3109;3109;5.98;0.37;235.87;4.06;953;15;1046.00;0
2156;15;23101711;2156;336;3109;3109;5.98;0.37;235.87;4.06;953;15;1047.00;0
2159;15;23101722;2159;330;3109;3109;5.94;0.36;235.87;4.06;950;15;1048.00;0
2161;15;23101733;2161;330;3109;3109;5.91;0.36;236.11;4.06;948;15;1049.00;0
2165;15;23101745;2165;319;3115;3115;5.88;0.36;236.13;4.05;950;15;1050.00;0
2167;15;23101757;2167;301;3115;3115;5.92;0.36;236.18;4.05;948;15;1051.00;0
2170;15;23101769;2170;290;3119;3119;5.96;0.37;236.45;4.05;949;15;1052.00;0
2173;15;23101781;2173;283;3120;3120;6.03;0.37;236.64;4.04;947;15;1053.00;0
2178;15;23101792;2178;278;3120;3120;6.07;0.37;236.97;4.04;942;15;1054.00;0
2182;15;23101804;2182;279;3120;3120;6.13;0.38;237.21;4.04;938;15;1055.00;0
2183;15;23101817;2183;276;3133;3133;6.24;0.38;237.29;4.03;950;15;1056.00;0
2187;15;23101829;2187;269;3133;3133;6.36;0.39;237.35;4.03;946;15;1057.00;0
2191;15;23101841;2191;263;3133;3133;6.46;0.40;237.47;4.03;942;15;1058.00;0
2197;15;23101854;2197;253;3134;3134;6.54;0.40;237.92;4.03;937;15;1059.00;0
2201;15;23101867;2201;244;3135;3135;6.66;0.41;237.91;4.03;934;15;1060.00;0
2206;15;23101879;2206;238;3135;3135;6.79;0.41;237.98;4.03;929;15;1061.00;0
2209;15;23101894;2209;234;3138;3138;6.93;0.42;238.00;4.02;929;15;1062.00;0
2212;15;23101907;2212;235;3138;3138;7.03;0.43;238.25;4.02;926;15;1063.00;0
2212;15;23101925;2212;235;3138;3138;7.12;0.43;238.25;4.02;926;15;1064.00;0
2219;15;23101938;2219;239;3138;3138;7.16;0.44;238.37;4.02;919;15;1065.00;0
2222;15;23101951;2222;243;3144;3144;7.26;0.44;238.58;4.02;922;15;1066.00;0
2225;15;23101965;2225;246;3144;3144;7.30;0.44;238.75;4.02;919;15;1067.00;0
2228;16;23101984;2228;253;3144;3144;7.33;0.45;238.88;4.02;916;16;1068.00;0
2235;16;23102014;2235;259;3144;3144;7.33;0.45;239.05;4.02;909;16;1069.00;0
2238;16;23102026;2238;263;3148;3148;7.30;0.45;239.20;4.01;910;16;1070.00;0
2243;16;23102040;2243;258;3149;3149;7.29;0.44;239.50;4.01;906;16;1071.00;0
2247;16;23102053;2247;261;3149;3149;7.26;0.44;239.78;4.01;902;16;1072.00;0
2249;16;23102067;2249;260;3150;3150;7.29;0.45;239.97;4.01;901;16;1073.00;0
2256;16;23102080;2256;264;3150;3150;7.21;0.44;240.23;4.01;894;16;1074.00;0
2258;16;23102092;2258;264;3150;3150;7.24;0.44;240.46;4.01;892;16;1075.00;0
2261;16;23102104;2261;268;3150;3150;7.25;0.44;240.78;4.01;889;16;1076.00;0
2264;16;23102116;2264;263;3150;3150;7.27;0.45;240.79;4.01;886;16;1077.00;0
2269;16;23102128;2269;268;3150;3150;7.32;0.45;240.87;4.01;881;16;1078.00;0
2273;16;23102146;2273;273;3150;3150;7.35;0.45;241.29;4.01;877;16;1079.00;0
2279;16;23102159;2279;293;3228;3275;7.44;0.46;241.68;3.91;949;16;1080.00;47
2283;16;23102192;2283;288;3233;3276;7.46;0.46;241.78;3.91;950;16;1081.00;43
2287;16;23102206;2287;278;3240;3276;7.53;0.47;241.95;3.90;953;16;1082.00;36
2292;16;23102219;2292;269;3244;3276;7.57;0.47;242.18;3.90;952;16;1083.00;32
2295;16;23102233;2295;270;3249;3276;7.62;0.47;242.36;3.90;954;16;1084.00;27
2301;16;23102247;2301;274;3252;3276;7.69;0.47;242.75;3.90;951;16;1085.00;24
2305;16;23102261;2305;270;3257;3276;7.75;0.48;242.80;3.91;952;16;1086.00;19
2305;16;23102275;2305;272;3261;3276;7.76;0.48;242.80;3.91;956;16;1087.00;15
2311;16;23102288;2311;276;3265;3277;7.67;0.47;243.07;3.92;954;16;1088.00;12
2313;16;23102307;2313;282;3267;3278;7.62;0.47;243.09;3.92;954;16;1089.00;11
2318;16;23102321;2318;290;3272;3278;7.51;0.46;243.39;3.93;954;16;1090.00;6
2326;16;23102334;2326;296;3276;3282;7.41;0.46;243.68;3.92;950;16;1091.00;6
2330;16;23102348;2330;297;3277;3282;7.30;0.45;243.91;3.93;947;16;1092.00;5
2335;16;23102361;2335;309;3278;3282;7.22;0.44;244.09;3.93;943;16;1093.00;4
2339;16;23102373;2339;318;3278;3282;7.13;0.44;244.28;3.93;939;16;1094.00;4
2344;16;23102392;2344;328;3285;3288;7.04;0.43;244.84;3.93;941;16;1095.00;3
2347;16;23102410;2347;335;3285;3288;7.02;0.43;244.97;3.93;938;16;1096.00;3
2350;16;23102431;2350;329;3285;3288;7.07;0.43;245.31;3.93;935;16;1097.00;3
2351;16;23102449;2351;325;3287;3291;7.12;0.44;245.48;3.93;936;16;1098.00;4
2353;16;23102468;2353;326;3287;3291;7.12;0.44;245.71;3.93;934;16;1099.00;4
2356;16;23102487;2356;318;3287;3291;7.11;0.44;246.00;3.93;931;16;1100.00;4
2359;16;23102509;2359;323;3288;3292;7.14;0.44;246.10;3.93;929;16;1101.00;4
2364;16;23102527;2364;324;3289;3293;7.13;0.44;246.41;3.93;925;16;1102.00;4
2367;16;23102542;2367;324;3289;3293;7.11;0.44;246.58;3.93;922;16;1103.00;4
2369;16;23102556;2369;330;3302;3306;7.16;0.44;246.43;3.92;933;16;1104.00;4
2373;16;23102572;2373;332;3302;3306;7.16;0.44;246.69;3.92;929;16;1105.00;4
2377;16;23102586;2377;317;3303;3306;7.19;0.44;246.94;3.92;926;16;1106.00;3
2379;16;23102598;2379;313;3304;3307;7.26;0.44;247.05;3.91;925;16;1107.00;3
2384;16;23102612;2384;310;3304;3307;7.21;0.44;247.32;3.91;920;16;1108.00;3
2385;16;23102625;2385;308;3308;3311;7.26;0.44;247.34;3.91;923;16;1109.00;3
2386;16;23102640;2386;311;3308;3311;7.25;0.44;247.47;3.91;922;16;1110.00;3
2388;16;23102654;2388;311;3310;3315;7.26;0.44;247.58;3.91;922;16;1111.00;5
2394;16;23102668;2394;309;3310;3315;7.26;0.44;247.73;3.91;916;16;1112.00;5
2396;16;23102681;2396;305;3310;3315;7.29;0.44;247.82;3.91;914;16;1113.00;5
2398;16;23102695;2398;310;3310;3315;7.27;0.44;247.97;3.91;912;16;1114.00;5
2399;16;23102707;2399;314;3311;3315;7.29;0.44;247.97;3.92;912;16;1115.00;4
2401;16;23102725;2401;320;3321;3327;7.33;0.45;248.13;3.91;920;16;1116.00;6
2406;16;23102739;2406;317;3321;3327;7.30;0.44;248.75;3.91;915;16;1117.00;6
2407;16;23102752;2407;311;3324;3327;7.26;0.44;248.81;3.91;917;16;1118.00;3
2412;16;23102765;2412;308;3324;3327;7.25;0.44;249.07;3.91;912;16;1119.00;3
2414;16;23102778;2414;309;3324;3327;7.26;0.44;249.24;3.91;910;16;1120.00;3
2416;16;23102790;2416;305;3324;3327;7.28;0.44;249.54;3.91;908;16;1121.00;3
2416;16;23102803;2416;305;3324;3328;7.35;0.45;249.54;3.91;908;16;1122.00;4
2420;16;23102816;2420;303;3324;3328;7.38;0.45;249.68;3.91;904;16;1123.00;4
2422;16;23102828;2422;296;3329;3334;7.48;0.45;249.70;3.91;907;16;1124.00;5
2425;16;23102841;2425;294;3331;3336;7.51;0.46;249.79;3.91;906;16;1125.00;5
2427;16;23102854;2427;290;3331;3336;7.48;0.46;249.89;3.91;904;16;1126.00;5
2429;16;23102867;2429;291;3331;3336;7.46;0.46;250.04;3.91;902;16;1127.00;5
2431;16;23102879;2431;289;3334;3340;7.45;0.45;250.20;3.90;903;16;1128.00;6
2434;16;23102890;2434;277;3334;3340;7.45;0.45;250.23;3.90;900;16;1129.00;6
2437;16;23102910;2437;277;3334;3340;7.39;0.45;250.26;3.90;897;16;1130.00;6
2438;16;23102926;2438;275;3335;3341;7.35;0.45;250.20;3.90;897;16;1131.00;6
2441;16;23102939;2441;278;3338;3345;7.28;0.44;250.25;3.90;897;16;1132.00;7
2442;16;23102956;2442;282;3338;3345;7.24;0.44;250.31;3.90;896;16;1133.00;7
2442;16;23102973;2442;285;3340;3348;7.24;0.44;250.31;3.90;898;16;1134.00;8
2445;16;23102987;2445;282;3340;3348;7.15;0.44;250.54;3.90;895;16;1135.00;8
2450;16;23103002;2450;282;3341;3348;7.09;0.43;250.67;3.90;891;16;1136.00;7
2452;16;23103018;2452;283;3341;3348;7.08;0.43;250.63;3.90;889;16;1137.00;7
2455;16;23103031;2455;285;3345;3352;7.03;0.43;250.71;3.89;890;16;1138.00;7
2460;16;23103042;2460;291;3345;3352;6.98;0.43;250.71;3.89;885;16;1139.00;7
2463;16;23103055;2463;284;3345;3352;6.98;0.43;250.54;3.89;882;16;1140.00;7
2465;16;23103067;2465;286;3345;3352;6.96;0.42;250.55;3.89;880;16;1141.00;7
2466;16;23103079;2466;286;3345;3353;6.90;0.42;250.46;3.89;879;16;1142.00;8
2468;16;23103089;2468;289;3346;3354;6.89;0.42;250.58;3.89;878;16;1143.00;8
2470;16;23103101;2470;286;3346;3354;6.91;0.42;250.57;3.89;876;16;1144.00;8
2471;16;23103112;2471;286;3347;3355;6.91;0.42;250.61;3.89;876;16;1145.00;8
2474;16;23103123;2474;283;3347;3355;6.90;0.42;250.60;3.89;873;16;1146.00;8
2478;16;23103135;2478;280;3347;3355;6.97;0.43;250.44;3.89;869;16;1147.00;8
2484;16;23103146;2484;277;3347;3355;6.99;0.43;250.17;3.89;863;16;1148.00;8
2487;16;23103158;2487;270;3347;3355;6.98;0.43;250.08;3.89;860;16;1149.00;8
2490;16;23103169;2490;271;3347;3355;6.99;0.43;250.03;3.89;857;16;1150.00;8
2491;16;23103181;2491;274;3347;3355;6.97;0.42;249.94;3.89;856;16;1151.00;8
2493;16;23103192;2493;294;3413;3482;7.05;0.44;249.92;3.82;920;16;1152.00;69
2497;16;23103214;2497;288;3413;3483;7.02;0.43;249.93;3.82;916;16;1153.00;70
2499;17;23103226;2499;272;3419;3483;7.05;0.44;249.84;3.81;920;17;1154.00;64
2500;17;23103252;2500;273;3420;3483;7.03;0.44;249.83;3.83;920;17;1155.00;63
2502;17;23103265;2502;264;3427;3483;7.05;0.44;249.75;3.84;925;17;1156.00;56
2506;17;23103277;2506;253;3429;3483;6.99;0.43;249.71;3.84;923;17;1157.00;54
2508;17;23103288;2508;250;3435;3483;6.98;0.43;249.79;3.85;927;17;1158.00;48
2511;17;23103300;2511;249;3437;3483;7.01;0.43;249.72;3.85;926;17;1159.00;46
2511;17;23103319;2511;250;3439;3484;7.05;0.43;249.72;3.85;928;17;1160.00;45
2512;17;23103338;2512;254;3442;3485;7.11;0.44;249.65;3.85;930;17;1161.00;43
2514;17;23103353;2514;252;3444;3485;7.16;0.44;249.59;3.86;930;17;1162.00;41
2514;17;23103366;2514;249;3446;3486;7.18;0.44;249.59;3.86;932;17;1163.00;40
2516;17;23103378;2516;246;3448;3486;7.15;0.44;249.64;3.87;932;17;1164.00;38
2519;17;23103390;2519;249;3450;3486;7.13;0.44;249.66;3.87;931;17;1165.00;36
2520;17;23103402;2520;240;3452;3486;7.13;0.44;249.63;3.88;932;17;1166.00;34
2521;17;23103416;2521;230;3456;3490;7.15;0.44;249.62;3.88;935;17;1167.00;34
2523;17;23103429;2523;222;3458;3490;7.18;0.44;249.59;3.89;935;17;1168.00;32
2524;17;23103441;2524;220;3460;3490;7.26;0.44;249.52;3.90;936;17;1169.00;30
2525;17;23103455;2525;218;3464;3496;7.38;0.45;249.54;3.90;939;17;1170.00;32
2527;17;23103469;2527;219;3466;3496;7.46;0.45;249.48;3.91;939;17;1171.00;30
2527;17;23103482;2527;215;3469;3496;7.60;0.46;249.48;3.92;942;17;1172.00;27
2528;17;23103493;2528;217;3474;3500;7.69;0.47;249.49;3.92;946;17;1173.00;26
2529;17;23103507;2529;215;3476;3501;7.71;0.47;249.48;3.93;947;17;1174.00;25
2531;17;23103520;2531;218;3478;3501;7.74;0.47;249.35;3.93;947;17;1175.00;23
2531;18;23103545;2531;223;3483;3505;7.79;0.47;249.35;3.94;952;18;1176.00;22
2534;18;23103573;2534;225;3484;3505;7.76;0.47;249.28;3.94;950;18;1177.00;21
2534;18;23103586;2534;226;3487;3505;7.72;0.47;249.28;3.95;953;18;1178.00;18
2536;18;23103598;2536;231;3489;3506;7.67;0.47;249.13;3.97;953;18;1179.00;17
2538;18;23103617;2538;231;3490;3506;7.61;0.46;249.03;3.98;952;18;1180.00;16
2539;18;23103630;2539;231;3495;3512;7.60;0.46;248.95;3.98;956;18;1181.00;17
2541;18;23103642;2541;234;3497;3512;7.59;0.46;248.96;3.99;956;18;1182.00;15
2543;18;23103655;2543;238;3498;3513;7.52;0.46;248.97;4.01;955;18;1183.00;15
2545;18;23103668;2545;242;3499;3513;7.45;0.45;248.98;4.01;954;18;1184.00;14
2546;18;23103681;2546;244;3499;3513;7.44;0.45;249.00;4.01;953;18;1185.00;14
2548;18;23103693;2548;251;3500;3513;7.47;0.45;248.95;4.03;952;18;1186.00;13
2550;18;23103706;2550;255;3501;3513;7.43;0.45;248.89;4.03;951;18;1187.00;12
2552;18;23103718;2552;255;3511;3525;7.54;0.46;248.88;4.02;959;18;1188.00;14
2554;18;23103732;2554;258;3512;3525;7.58;0.46;248.92;4.03;958;18;1189.00;13
2557;18;23103745;2557;264;3515;3525;7.64;0.47;248.92;4.06;958;18;1190.00;10
2557;18;23103757;2557;264;3516;3525;7.72;0.47;248.92;4.07;959;18;1191.00;9
2562;18;23103770;2562;269;3516;3525;7.67;0.47;248.94;4.07;954;18;1192.00;9
2565;18;23103782;2565;270;3518;3525;7.64;0.47;248.80;4.09;953;18;1193.00;7
2566;18;23103795;2566;275;3523;3529;7.59;0.46;248.72;4.11;957;18;1194.00;6
2567;18;23103807;2567;274;3524;3529;7.52;0.46;248.73;4.11;957;18;1195.00;5
2570;18;23103820;2570;274;3528;3533;7.50;0.46;248.62;4.11;958;18;1196.00;5
2573;18;23103833;2573;275;3532;3534;7.42;0.45;248.69;4.12;959;18;1197.00;2
2573;18;23103847;2573;280;3532;3534;7.35;0.45;248.69;4.12;959;18;1198.00;2
2577;18;23103858;2577;273;3533;3534;7.26;0.44;248.89;4.13;956;18;1199.00;1
2580;18;23103873;2580;277;3556;3575;7.20;0.44;249.10;4.10;976;18;1200.00;19
2582;18;23103896;2582;264;3560;3575;7.20;0.44;249.20;4.10;978;18;1201.00;15
2584;18;23103908;2584;260;3562;3575;7.25;0.45;249.18;4.10;978;18;1202.00;13
2587;18;23103921;2587;255;3565;3576;7.34;0.45;249.22;4.09;978;18;1203.00;11
2589;18;23103934;2589;258;3567;3577;7.36;0.45;249.37;4.09;978;18;1204.00;10
2589;18;23103947;2589;254;3569;3577;7.38;0.45;249.37;4.09;980;18;1205.00;8
2591;18;23103959;2591;254;3572;3580;7.44;0.46;249.49;4.09;981;18;1206.00;8
2593;18;23103973;2593;247;3573;3580;7.46;0.46;249.42;4.09;980;18;1207.00;7
2595;18;23103986;2595;246;3574;3580;7.55;0.46;249.55;4.09;979;18;1208.00;6
2600;18;23103999;2600;247;3574;3580;7.59;0.46;249.49;4.09;974;18;1209.00;6
2604;18;23104020;2604;252;3581;3586;7.69;0.47;249.61;4.09;977;18;1210.00;5
2605;18;23104033;2605;253;3582;3586;7.76;0.47;249.66;4.09;977;18;1211.00;4
2609;18;23104046;2609;249;3582;3586;7.81;0.48;249.70;4.09;973;18;1212.00;4
2611;18;23104058;2611;247;3582;3586;7.81;0.48;249.83;4.09;971;18;1213.00;4
2617;18;23104070;2617;250;3586;3590;7.76;0.47;250.15;4.09;969;18;1214.00;4
2621;18;23104084;2621;253;3588;3592;7.81;0.48;250.30;4.09;967;18;1215.00;4
2630;18;23104097;2630;258;3588;3592;7.77;0.47;250.45;4.09;958;18;1216.00;4
2633;18;23104110;2633;266;3590;3593;7.73;0.47;250.58;4.09;957;18;1217.00;3
2636;18;23104123;2636;267;3590;3593;7.66;0.47;250.86;4.09;954;18;1218.00;3
2641;18;23104135;2641;270;3590;3593;7.63;0.47;250.98;4.09;949;18;1219.00;3
2645;18;23104148;2645;266;3590;3593;7.60;0.46;251.08;4.09;945;18;1220.00;3
2647;18;23104159;2647;261;3590;3593;7.54;0.46;251.27;4.09;943;18;1221.00;3
2652;18;23104172;2652;267;3590;3593;7.46;0.46;251.49;4.09;938;18;1222.00;3
2657;18;23104184;2657;270;3591;3593;7.34;0.45;251.58;4.09;934;18;1223.00;2
2663;18;23104196;2663;278;3631;3663;7.32;0.45;251.82;4.05;968;18;1224.00;32
2668;18;23104215;2668;267;3634;3664;7.21;0.44;252.21;4.05;966;18;1225.00;30
2675;19;23104228;2675;260;3640;3664;7.16;0.44;252.65;4.04;965;19;1226.00;24
2678;19;23104251;2678;257;3642;3664;7.08;0.43;252.85;4.04;964;19;1227.00;22
2684;19;23104263;2684;254;3647;3666;7.01;0.43;253.01;4.05;963;19;1228.00;19
2688;19;23104276;2688;249;3647;3666;6.98;0.43;252.93;4.05;959;19;1229.00;19
2690;19;23104290;2690;249;3650;3666;6.94;0.42;252.95;4.05;960;19;1230.00;16
2692;19;23104302;2692;249;3651;3666;6.96;0.43;253.06;4.05;959;19;1231.00;15
2696;19;23104315;2696;238;3654;3667;6.98;0.43;253.33;4.05;958;19;1232.00;13
2698;19;23104328;2698;245;3658;3668;6.95;0.43;253.45;4.07;960;19;1233.00;10
2703;19;23104340;2703;249;3660;3668;6.88;0.42;253.66;4.07;957;19;1234.00;8
2706;19;23104352;2706;248;3666;3672;6.82;0.42;253.87;4.07;960;19;1235.00;6
2710;19;23104365;2710;251;3667;3672;6.73;0.41;254.13;4.07;957;19;1236.00;5
2713;19;23104377;2713;251;3668;3672;6.67;0.41;254.15;4.07;955;19;1237.00;4
2717;19;23104398;2717;260;3669;3672;6.61;0.40;254.39;4.07;952;19;1238.00;3
2721;19;23104411;2721;262;3676;3678;6.61;0.40;254.45;4.07;955;19;1239.00;2
2724;19;23104427;2724;268;3677;3678;6.63;0.41;254.64;4.08;953;19;1240.00;1
2730;19;23104444;2730;266;3678;3678;6.60;0.40;255.18;4.08;948;19;1241.00;0
2734;19;23104463;2734;270;3680;3681;6.66;0.41;255.38;4.07;946;19;1242.00;1
2738;19;23104482;2738;263;3680;3681;6.72;0.41;255.40;4.07;942;19;1243.00;1
2741;19;23104506;2741;264;3681;3681;6.81;0.42;255.61;4.07;940;19;1244.00;0
2743;19;23104522;2743;264;3682;3682;6.85;0.42;255.63;4.07;939;19;1245.00;0
2746;19;23104539;2746;269;3683;3683;6.87;0.42;255.83;4.07;937;19;1246.00;0
2749;19;23104552;2749;270;3683;3683;6.88;0.42;256.05;4.07;934;19;1247.00;0
2753;19;23104566;2753;276;3693;3696;6.94;0.42;256.24;4.06;940;19;1248.00;3
2759;19;23104580;2759;282;3696;3696;6.94;0.42;256.38;4.06;937;19;1249.00;0
2765;19;23104594;2765;280;3696;3696;6.98;0.43;256.43;4.06;931;19;1250.00;0
2767;19;23104607;2767;283;3697;3697;7.01;0.43;256.53;4.06;930;19;1251.00;0
2773;19;23104625;2773;292;3697;3697;6.98;0.42;256.73;4.06;924;19;1252.00;0
2776;19;23104638;2776;297;3701;3701;6.97;0.42;256.86;4.05;925;19;1253.00;0
2780;19;23104651;2780;301;3701;3701;7.02;0.43;256.78;4.05;921;19;1254.00;0
2784;19;23104664;2784;301;3705;3705;7.02;0.43;257.12;4.05;921;19;1255.00;0
2786;19;23104678;2786;307;3705;3705;6.99;0.43;257.22;4.05;919;19;1256.00;0
2790;19;23104690;2790;307;3705;3705;6.95;0.42;257.25;4.05;915;19;1257.00;0
2796;19;23104703;2796;313;3705;3705;6.90;0.42;257.44;4.05;909;19;1258.00;0
2797;19;23104716;2797;312;3705;3705;6.90;0.42;257.45;4.05;908;19;1259.00;0
2800;19;23104730;2800;320;3736;3739;7.01;0.43;257.62;4.02;936;19;1260.00;3
2802;20;23104745;2802;319;3736;3739;6.97;0.43;257.48;4.02;934;20;1261.00;3
2808;20;23104776;2808;329;3738;3739;6.90;0.42;257.55;4.02;930;20;1262.00;1
2809;20;23104789;2809;326;3738;3739;6.83;0.42;257.56;4.02;929;20;1263.00;1
2812;20;23104801;2812;327;3739;3739;6.77;0.41;257.66;4.02;927;20;1264.00;0
2816;20;23104814;2816;331;3739;3739;6.67;0.41;257.73;4.02;923;20;1265.00;0
2820;20;23104827;2820;334;3739;3740;6.54;0.40;257.80;4.02;919;20;1266.00;1
2823;20;23104839;2823;339;3739;3740;6.45;0.39;257.82;4.02;916;20;1267.00;1
2827;20;23104852;2827;340;3744;3746;6.38;0.39;258.18;4.01;917;20;1268.00;2
2828;20;23104865;2828;351;3745;3747;6.37;0.39;258.20;4.01;917;20;1269.00;2
2830;20;23104877;2830;359;3745;3747;6.33;0.39;258.23;4.01;915;20;1270.00;2
2832;20;23104888;2832;359;3745;3747;6.33;0.39;258.26;4.01;913;20;1271.00;2
2832;20;23104900;2832;353;3748;3751;6.43;0.39;258.26;4.01;916;20;1272.00;3
2836;20;23104912;2836;350;3748;3751;6.49;0.40;258.38;4.01;912;20;1273.00;3
2837;20;23104924;2837;356;3748;3751;6.58;0.40;258.42;4.01;911;20;1274.00;3
2839;20;23104936;2839;354;3749;3752;6.62;0.40;258.56;4.01;910;20;1275.00;3
2845;20;23104948;2845;348;3752;3756;6.62;0.40;258.61;4.00;907;20;1276.00;4
2847;20;23104961;2847;350;3752;3756;6.67;0.41;258.69;4.00;905;20;1277.00;4
2849;20;23104975;2849;345;3754;3759;6.74;0.41;258.81;4.00;905;20;1278.00;5
2850;20;23104987;2850;348;3754;3759;6.79;0.41;258.86;4.00;904;20;1279.00;5
2853;20;23104999;2853;348;3755;3759;6.84;0.42;258.96;4.00;902;20;1280.00;4
2855;20;23105012;2855;341;3755;3759;6.85;0.42;258.99;4.00;900;20;1281.00;4
2857;20;23105024;2857;328;3759;3763;6.90;0.42;259.18;4.00;902;20;1282.00;4
2859;20;23105037;2859;322;3759;3763;6.93;0.42;259.29;4.00;900;20;1283.00;4
2860;20;23105050;2860;325;3759;3763;6.98;0.43;259.40;4.00;899;20;1284.00;4
2862;20;23105062;2862;319;3759;3763;7.01;0.43;259.50;4.00;897;20;1285.00;4
2863;20;23105075;2863;315;3759;3764;7.03;0.43;259.65;4.00;896;20;1286.00;5
2865;20;23105088;2865;310;3760;3765;7.11;0.44;259.76;4.00;895;20;1287.00;5
2872;20;23105101;2872;314;3760;3765;7.06;0.43;259.88;4.00;888;20;1288.00;5
2875;20;23105114;2875;313;3761;3766;7.03;0.43;259.98;4.00;886;20;1289.00;5
2877;20;23105128;2877;317;3761;3766;6.93;0.42;260.11;4.00;884;20;1290.00;5
2879;20;23105140;2879;318;3761;3766;6.88;0.42;260.15;4.00;882;20;1291.00;5
2881;20;23105152;2881;311;3761;3766;6.86;0.42;260.14;4.00;880;20;1292.00;5
2882;20;23105165;2882;313;3761;3766;6.89;0.42;260.23;4.00;879;20;1293.00;5
2886;20;23105176;2886;315;3761;3766;6.87;0.42;260.39;4.00;875;20;1294.00;5
2887;20;23105189;2887;308;3761;3766;6.92;0.42;260.37;4.00;874;20;1295.00;5
2889;20;23105200;2889;324;3829;3893;7.29;0.45;260.33;3.93;940;20;1296.00;64
2894;20;23105231;2894;320;3831;3894;7.31;0.45;260.31;3.92;937;20;1297.00;63
2897;20;23105245;2897;313;3840;3894;7.40;0.46;260.28;3.92;943;20;1298.00;54
2898;20;23105258;2898;313;3843;3894;7.38;0.45;260.21;3.92;945;20;1299.00;51
2902;20;23105271;2902;313;3848;3894;7.33;0.45;260.35;3.92;946;20;1300.00;46
2905;20;23105288;2905;318;3851;3894;7.28;0.45;260.31;3.92;946;20;1301.00;43
2909;20;23105299;2909;320;3854;3894;7.22;0.44;260.26;3.92;945;20;1302.00;40
2911;20;23105312;2911;321;3857;3894;7.19;0.44;260.19;3.92;946;20;1303.00;37
2915;20;23105324;2915;321;3860;3895;7.13;0.44;260.34;3.93;945;20;1304.00;35
2920;20;23105336;2920;320;3863;3897;7.06;0.43;260.48;3.93;943;20;1305.00;34
2923;20;23105350;2923;325;3867;3897;7.03;0.43;260.54;3.94;944;20;1306.00;30
2927;20;23105361;2927;328;3869;3898;6.90;0.42;260.60;3.94;942;20;1307.00;29
2929;20;23105374;2929;334;3873;3898;6.81;0.42;260.67;3.95;944;20;1308.00;25
2933;20;23105386;2933;335;3874;3898;6.78;0.41;260.81;3.95;941;20;1309.00;24
2934;20;23105399;2934;333;3876;3898;6.79;0.42;260.82;3.95;942;20;1310.00;22
2934;20;23105411;2934;334;3879;3902;6.81;0.42;260.82;3.95;945;20;1311.00;23
2936;20;23105424;2936;340;3881;3902;6.80;0.42;260.76;3.96;945;20;1312.00;21
2936;20;23105436;2936;338;3881;3902;6.77;0.41;260.76;3.96;945;20;1313.00;21
2937;20;23105448;2937;344;3883;3905;6.78;0.41;260.78;3.96;946;20;1314.00;22
2939;20;23105459;2939;338;3885;3905;6.73;0.41;260.81;3.96;946;20;1315.00;20
2939;20;23105473;2939;333;3886;3905;6.72;0.41;260.81;3.97;947;20;1316.00;19
2939;20;23105485;2939;330;3890;3909;6.72;0.41;260.81;3.97;951;20;1317.00;19
2939;20;23105498;2939;325;3892;3910;6.70;0.41;260.81;3.97;953;20;1318.00;18
2939;20;23105509;2939;323;3893;3910;6.72;0.41;260.81;3.97;954;20;1319.00;17
2941;20;23105523;2941;319;3896;3915;6.74;0.41;260.71;3.97;955;20;1320.00;19
2942;20;23105536;2942;315;3896;3915;6.75;0.41;260.63;3.97;954;20;1321.00;19
2944;20;23105547;2944;321;3897;3915;6.74;0.41;260.71;3.97;953;20;1322.00;18
2945;20;23105559;2945;306;3898;3916;6.81;0.41;260.63;3.97;953;20;1323.00;18
2948;20;23105572;2948;291;3898;3916;6.83;0.42;260.70;3.97;950;20;1324.00;18
2948;20;23105584;2948;282;3902;3922;6.92;0.42;260.70;3.96;954;20;1325.00;20
2950;20;23105597;2950;277;3902;3922;6.90;0.42;260.59;3.96;952;20;1326.00;20
2954;20;23105609;2954;270;3902;3923;6.87;0.42;260.45;3.96;948;20;1327.00;21
2956;20;23105623;2956;263;3902;3923;6.90;0.42;260.44;3.96;946;20;1328.00;21
2958;20;23105635;2958;257;3903;3923;6.87;0.42;260.38;3.98;945;20;1329.00;20
2959;20;23105655;2959;249;3903;3923;6.89;0.42;260.30;3.98;944;20;1330.00;20
2962;20;23105668;2962;247;3904;3923;6.85;0.42;260.34;3.99;942;20;1331.00;19
2964;20;23105687;2964;243;3914;3935;6.91;0.42;260.36;3.98;950;20;1332.00;21
2964;20;23105700;2964;233;3915;3935;6.99;0.42;260.36;3.98;951;20;1333.00;20
2967;20;23105714;2967;228;3915;3935;7.02;0.43;260.44;3.98;948;20;1334.00;20
2967;20;23105726;2967;224;3915;3935;7.09;0.43;260.44;3.98;948;20;1335.00;20
2967;20;23105738;2967;217;3915;3935;7.21;0.44;260.44;3.98;948;20;1336.00;20
2970;20;23105751;2970;216;3915;3935;7.33;0.44;260.50;3.98;945;20;1337.00;20
2972;20;23105763;2972;214;3918;3939;7.38;0.45;260.43;3.98;946;20;1338.00;21
2973;20;23105775;2973;201;3918;3939;7.49;0.45;260.45;3.98;945;20;1339.00;21
2974;20;23105788;2974;200;3921;3943;7.59;0.46;260.40;3.98;947;20;1340.00;22
2977;20;23105800;2977;192;3921;3944;7.56;0.46;260.37;3.98;944;20;1341.00;23
2979;20;23105813;2979;189;3922;3944;7.57;0.46;260.33;3.98;943;20;1342.00;22
2980;20;23105826;2980;186;3922;3944;7.58;0.46;260.26;3.98;942;20;1343.00;22
2985;20;23105838;2985;184;3932;3957;7.58;0.46;260.13;3.97;947;20;1344.00;25
2985;20;23105854;2985;185;3932;3957;7.57;0.46;260.13;3.97;947;20;1345.00;25
2990;20;23105866;2990;184;3932;3957;7.55;0.46;259.96;3.97;942;20;1346.00;25
2993;20;23105880;2993;182;3934;3958;7.59;0.46;260.15;3.96;941;20;1347.00;24
2994;20;23105892;2994;179;3937;3959;7.66;0.46;260.14;4.01;943;20;1348.00;22
2995;20;23105905;2995;176;3937;3959;7.74;0.47;260.11;4.01;942;20;1349.00;22
2996;20;23105919;2996;179;3945;3968;7.84;0.47;260.15;4.01;949;20;1350.00;23
2997;20;23105932;2997;181;3947;3968;7.89;0.48;260.15;4.02;950;20;1351.00;21
2997;20;23105945;2997;185;3948;3968;7.92;0.48;260.15;4.02;951;20;1352.00;20
3001;20;23105957;3001;187;3949;3968;7.94;0.48;260.24;4.02;948;20;1353.00;19
3001;20;23105972;3001;189;3955;3974;8.03;0.49;260.24;4.03;954;20;1354.00;19
3003;20;23105985;3003;191;3956;3974;8.03;0.49;260.21;4.05;953;20;1355.00;18
3005;20;23105997;3005;195;3956;3974;7.99;0.48;260.18;4.05;951;20;1356.00;18
3007;20;23106013;3007;203;3957;3974;7.95;0.48;260.20;4.05;950;20;1357.00;17
3008;20;23106027;3008;207;3961;3978;7.94;0.48;260.32;4.07;953;20;1358.00;17
3010;20;23106042;3010;217;3963;3979;7.87;0.48;260.57;4.07;953;20;1359.00;16
3012;20;23106056;3012;224;3964;3979;7.86;0.48;260.67;4.08;952;20;1360.00;15
3017;20;23106082;3017;229;3965;3980;7.76;0.47;260.75;4.08;948;20;1361.00;15
3019;20;23106095;3019;235;3966;3980;7.76;0.47;260.80;4.10;947;20;1362.00;14
3020;20;23106106;3020;238;3966;3980;7.71;0.47;260.76;4.10;946;20;1363.00;14
3023;20;23106119;3023;240;3966;3980;7.71;0.47;260.86;4.10;943;20;1364.00;14
3025;20;23106131;3025;244;3966;3980;7.71;0.47;260.80;4.10;941;20;1365.00;14
3028;20;23106143;3028;249;3969;3980;7.69;0.47;260.78;4.15;941;20;1366.00;11
3030;20;23106157;3030;258;3970;3980;7.62;0.46;260.84;4.17;940;20;1367.00;10
3033;20;23106171;3033;270;4010;4050;7.73;0.47;260.79;4.14;977;20;1368.00;40
3034;20;23106193;3034;265;4011;4051;7.64;0.47;260.79;4.14;977;20;1369.00;40
3037;20;23106208;3037;266;4018;4051;7.57;0.46;261.06;4.15;981;20;1370.00;33
3037;20;23106221;3037;260;4021;4051;7.53;0.46;261.06;4.15;984;20;1371.00;30
3039;20;23106232;3039;266;4026;4051;7.50;0.46;261.16;4.15;987;20;1372.00;25
3041;20;23106246;3041;269;4028;4051;7.40;0.45;261.24;4.16;987;20;1373.00;23
3043;20;23106259;3043;261;4031;4051;7.42;0.45;261.22;4.16;988;20;1374.00;20
3045;20;23106273;3045;259;4037;4051;7.39;0.45;261.40;4.19;992;20;1375.00;14
3048;20;23106291;3048;265;4039;4052;7.36;0.45;261.28;4.19;991;20;1376.00;13
3050;20;23106304;3050;267;4043;4053;7.34;0.45;261.26;4.20;993;20;1377.00;10
3052;20;23106317;3052;265;4045;4053;7.35;0.45;261.32;4.21;993;20;1378.00;8
3052;20;23106330;3052;261;4049;4057;7.35;0.45;261.32;4.20;997;20;1379.00;8
3054;20;23106345;3054;261;4051;4057;7.28;0.45;261.39;4.21;997;20;1380.00;6
3059;20;23106358;3059;258;4052;4057;7.24;0.44;261.31;4.22;993;20;1381.00;5
3062;20;23106372;3062;253;4052;4057;7.24;0.44;261.40;4.22;990;20;1382.00;5
3064;20;23106389;3064;249;4061;4063;7.32;0.45;261.33;4.23;997;20;1383.00;2
3068;20;23106403;3068;253;4061;4063;7.30;0.45;261.37;4.23;993;20;1384.00;2
3069;20;23106433;3069;260;4062;4063;7.33;0.45;261.36;4.23;993;20;1385.00;1
3074;20;23106451;3074;257;4065;4066;7.38;0.45;261.41;4.23;991;20;1386.00;1
3079;20;23106469;3079;262;4066;4066;7.35;0.45;261.50;4.23;987;20;1387.00;0
3083;20;23106488;3083;267;4066;4066;7.36;0.45;261.52;4.23;983;20;1388.00;0
3087;20;23106505;3087;272;4067;4067;7.33;0.45;261.66;4.23;980;20;1389.00;0
3090;20;23106521;3090;272;4068;4068;7.23;0.44;261.52;4.23;978;20;1390.00;0
3094;20;23106539;3094;278;4068;4068;7.12;0.43;261.63;4.23;974;20;1391.00;0
3099;20;23106554;3099;279;4081;4081;7.05;0.43;261.69;4.21;982;20;1392.00;0
3103;20;23106568;3103;283;4081;4081;7.02;0.43;261.61;4.21;978;20;1393.00;0
3106;20;23106581;3106;286;4081;4081;6.93;0.42;261.87;4.21;975;20;1394.00;0
3108;20;23106592;3108;291;4083;4083;6.89;0.42;261.95;4.21;975;20;1395.00;0
3110;20;23106605;3110;291;4083;4083;6.90;0.42;261.99;4.21;973;20;1396.00;0
3114;20;23106616;3114;293;4087;4087;6.84;0.42;262.01;4.21;973;20;1397.00;0
3115;20;23106629;3115;300;4087;4087;6.75;0.41;262.00;4.21;972;20;1398.00;0
3121;20;23106640;3121;298;4091;4091;6.61;0.40;261.87;4.20;970;20;1399.00;0
3124;20;23106655;3124;290;4091;4091;6.57;0.40;262.05;4.20;967;20;1400.00;0
3128;20;23106670;3128;283;4091;4091;6.49;0.40;262.26;4.20;963;20;1401.00;0
3130;20;23106682;3130;280;4091;4091;6.46;0.39;262.32;4.20;961;20;1402.00;0
3133;20;23106694;3133;277;4091;4091;6.46;0.39;262.44;4.20;958;20;1403.00;0
3136;20;23106705;3136;276;4100;4103;6.51;0.40;262.57;4.19;964;20;1404.00;3
3142;20;23106718;3142;277;4101;4103;6.48;0.39;262.71;4.19;959;20;1405.00;2
3145;20;23106731;3145;280;4102;4103;6.51;0.40;262.99;4.19;957;20;1406.00;1
3149;20;23106742;3149;273;4103;4103;6.49;0.40;263.32;4.19;954;20;1407.00;0
3153;20;23106756;3153;273;4103;4103;6.56;0.40;263.45;4.19;950;20;1408.00;0
3158;20;23106769;3158;264;4103;4103;6.66;0.41;263.68;4.19;945;20;1409.00;0
3162;20;23106785;3162;264;4104;4104;6.68;0.41;263.84;4.19;942;20;1410.00;0
3168;20;23106798;3168;258;4104;4104;6.65;0.40;264.06;4.19;936;20;1411.00;0
3172;20;23106813;3172;258;4110;4110;6.72;0.41;264.13;4.19;938;20;1412.00;0
3175;20;23106826;3175;259;4111;4111;6.69;0.41;264.44;4.19;936;20;1413.00;0
3177;20;23106839;3177;274;4111;4111;6.68;0.41;264.56;4.19;934;20;1414.00;0
3185;21;23106852;3185;274;4111;4111;6.57;0.40;264.74;4.19;926;21;1415.00;0
3186;21;23106888;3186;277;4115;4115;6.58;0.40;264.85;4.18;929;21;1416.00;0
3191;21;23106901;3191;279;4115;4115;6.47;0.39;264.91;4.18;924;21;1417.00;0
3196;21;23106915;3196;285;4115;4115;6.35;0.39;265.09;4.18;919;21;1418.00;0
3200;21;23106928;3200;285;4116;4116;6.29;0.38;265.21;4.18;916;21;1419.00;0
3204;21;23106942;3204;289;4120;4120;6.23;0.38;265.50;4.18;916;21;1420.00;0
3207;21;23106955;3207;302;4120;4120;6.18;0.38;265.68;4.18;913;21;1421.00;0
3212;21;23106968;3212;306;4122;4123;6.15;0.38;265.99;4.18;910;21;1422.00;1
3216;21;23106981;3216;309;4122;4123;6.06;0.37;266.06;4.18;906;21;1423.00;1
3220;21;23106994;3220;312;4123;4123;6.02;0.37;266.15;4.18;903;21;1424.00;0
3223;21;23107009;3223;317;4123;4123;5.94;0.36;266.43;4.18;900;21;1425.00;0
3225;21;23107022;3225;319;4127;4127;5.99;0.37;266.39;4.17;902;21;1426.00;0
3228;21;23107035;3228;324;4127;4127;5.94;0.36;266.64;4.17;899;21;1427.00;0
3232;21;23107049;3232;327;4127;4127;5.85;0.36;266.64;4.17;895;21;1428.00;0
3235;21;23107062;3235;331;4127;4127;5.83;0.36;266.63;4.17;892;21;1429.00;0
3238;21;23107074;3238;334;4128;4128;5.80;0.36;266.72;4.17;890;21;1430.00;0
3242;21;23107088;3242;340;4129;4129;5.81;0.36;266.80;4.17;887;21;1431.00;0
3244;21;23107103;3244;343;4129;4129;5.82;0.36;266.91;4.17;885;21;1432.00;0
3246;21;23107116;3246;349;4130;4130;5.86;0.36;266.91;4.17;884;21;1433.00;0
3249;21;23107129;3249;347;4130;4130;5.86;0.36;267.02;4.17;881;21;1434.00;0
3253;21;23107141;3253;348;4130;4130;5.89;0.36;267.01;4.17;877;21;1435.00;0
3259;21;23107153;3259;352;4130;4130;5.87;0.36;267.34;4.17;871;21;1436.00;0
3262;21;23107166;3262;360;4130;4130;5.87;0.36;267.33;4.17;868;21;1437.00;0
3267;21;23107179;3267;366;4130;4130;5.89;0.36;267.44;4.17;863;21;1438.00;0
3270;21;23107191;3270;373;4130;4130;5.86;0.36;267.57;4.17;860;21;1439.00;0
3272;21;23107205;3272;404;4239;4360;6.48;0.41;267.66;4.06;967;21;1440.00;121
3275;21;23107243;3275;403;4248;4361;6.46;0.41;267.82;4.06;973;21;1441.00;113
3280;21;23107258;3280;388;4262;4361;6.57;0.42;268.07;4.05;982;21;1442.00;99
3286;21;23107272;3286;387;4269;4361;6.53;0.41;268.38;4.05;983;21;1443.00;92
3290;21;23107286;3290;396;4283;4361;6.50;0.41;268.61;4.05;993;21;1444.00;78
3296;21;23107306;3296;397;4288;4361;6.46;0.41;268.65;4.05;992;21;1445.00;73
3298;21;23107319;3298;401;4296;4361;6.44;0.41;268.74;4.05;998;21;1446.00;65
3301;21;23107333;3301;397;4300;4361;6.39;0.40;268.95;4.06;999;21;1447.00;61
3304;21;23107348;3304;391;4306;4362;6.37;0.40;268.89;4.06;1002;21;1448.00;56
3307;21;23107361;3307;392;4312;4363;6.35;0.40;268.84;4.07;1005;21;1449.00;51
3310;21;23107375;3310;392;4316;4363;6.28;0.39;268.68;4.07;1006;21;1450.00;47
3311;21;23107389;3311;393;4323;4364;6.25;0.39;268.66;4.08;1012;21;1451.00;41
3312;21;23107403;3312;403;4326;4364;6.16;0.39;268.74;4.09;1014;21;1452.00;38
3315;21;23107418;3315;403;4327;4364;6.07;0.38;268.69;4.09;1012;21;1453.00;37
3318;21;23107433;3318;410;4328;4364;6.07;0.38;268.77;4.09;1010;21;1454.00;36
3319;21;23107449;3319;412;4333;4368;6.08;0.38;268.82;4.10;1014;21;1455.00;35
3322;21;23107473;3322;411;4334;4368;6.12;0.38;268.70;4.10;1012;21;1456.00;34
3324;21;23107488;3324;404;4338;4368;6.15;0.38;268.55;4.11;1014;21;1457.00;30
3326;21;23107511;3326;403;4339;4371;6.21;0.39;268.55;4.11;1013;21;1458.00;32
3328;21;23107526;3328;397;4339;4371;6.21;0.38;268.59;4.11;1011;21;1459.00;32
3330;21;23107542;3330;397;4340;4371;6.18;0.38;268.54;4.11;1010;21;1460.00;31
3334;21;23107556;3334;397;4343;4375;6.16;0.38;268.38;4.11;1009;21;1461.00;32
3337;21;23107581;3337;403;4345;4376;6.21;0.38;268.29;4.11;1008;21;1462.00;31
3339;21;23107597;3339;406;4347;4376;6.27;0.39;268.24;4.12;1008;21;1463.00;29
3339;21;23107611;3339;408;4350;4380;6.33;0.39;268.24;4.11;1011;21;1464.00;30
3345;21;23107626;3345;413;4351;4380;6.35;0.39;268.17;4.12;1006;21;1465.00;29
3348;21;23107640;3348;417;4352;4380;6.36;0.39;268.04;4.12;1004;21;1466.00;28
3349;21;23107657;3349;416;4352;4381;6.38;0.39;268.08;4.12;1003;21;1467.00;29
3349;21;23107680;3349;416;4352;4381;6.47;0.40;268.08;4.12;1003;21;1468.00;29
3351;21;23107695;3351;413;4359;4387;6.48;0.40;268.13;4.14;1008;21;1469.00;28
3352;21;23107712;3352;411;4360;4387;6.50;0.40;268.12;4.14;1008;21;1470.00;27
3355;21;23107727;3355;410;4361;4388;6.47;0.39;268.10;4.14;1006;21;1471.00;27
3355;21;23107749;3355;417;4361;4388;6.49;0.40;268.10;4.14;1006;21;1472.00;27
3356;21;23107771;3356;418;4362;4388;6.46;0.39;268.14;4.15;1006;21;1473.00;26
3361;21;23107786;3361;419;4365;4388;6.45;0.39;268.11;4.16;1004;21;1474.00;23
3362;21;23107801;3362;421;4366;4388;6.43;0.39;268.14;4.16;1004;21;1475.00;22
3363;21;23107816;3363;425;4375;4400;6.47;0.39;268.18;4.16;1012;21;1476.00;25
3365;21;23107831;3365;429;4376;4400;6.49;0.40;268.16;4.16;1011;21;1477.00;24
3369;21;23107846;3369;428;4377;4400;6.46;0.39;268.17;4.15;1008;21;1478.00;23
3370;21;23107859;3370;431;4377;4400;6.47;0.39;268.10;4.15;1007;21;1479.00;23
3372;21;23107873;3372;419;4377;4400;6.50;0.40;268.10;4.15;1005;21;1480.00;23
3373;21;23107889;3373;418;4377;4400;6.52;0.40;268.14;4.15;1004;21;1481.00;23
3375;21;23107903;3375;413;4380;4404;6.56;0.40;268.00;4.15;1005;21;1482.00;24
3376;21;23107919;3376;403;4380;4404;6.57;0.40;267.93;4.15;1004;21;1483.00;24
3378;21;23107943;3378;395;4384;4408;6.68;0.41;267.88;4.15;1006;21;1484.00;24
3379;21;23107958;3379;395;4386;4410;6.69;0.41;267.87;4.15;1007;21;1485.00;24
3379;21;23107988;3379;391;4386;4410;6.73;0.41;267.87;4.15;1007;21;1486.00;24
3382;21;23108015;3382;388;4386;4410;6.71;0.41;267.85;4.15;1004;21;1487.00;24
3383;21;23108032;3383;388;4395;4423;6.83;0.42;267.90;4.14;1012;21;1488.00;28
3384;21;23108047;3384;384;4395;4423;6.83;0.42;267.88;4.14;1011;21;1489.00;28
3386;21;23108062;3386;376;4395;4423;6.78;0.41;267.88;4.14;1009;21;1490.00;28
3386;21;23108076;3386;365;4396;4424;6.85;0.42;267.88;4.14;1010;21;1491.00;28
3388;21;23108092;3388;360;4396;4425;6.82;0.41;267.96;4.14;1008;21;1492.00;29
3388;21;23108107;3388;350;4396;4425;6.87;0.42;267.96;4.14;1008;21;1493.00;29
3389;21;23108122;3389;343;4398;4428;6.91;0.42;267.94;4.14;1009;21;1494.00;30
3392;21;23108138;3392;337;4398;4428;6.90;0.42;267.92;4.14;1006;21;1495.00;30
3393;21;23108154;3393;330;4399;4428;6.91;0.42;267.90;4.14;1006;21;1496.00;29
3394;21;23108180;3394;328;4399;4428;6.97;0.42;267.91;4.14;1005;21;1497.00;29
3395;21;23108205;3395;325;4404;4434;7.04;0.43;267.88;4.13;1009;21;1498.00;30
3397;21;23108223;3397;323;4404;4434;7.04;0.43;267.84;4.13;1007;21;1499.00;30
3398;21;23108240;3398;326;4408;4453;7.06;0.43;267.95;4.13;1010;21;1500.00;45
3401;21;23108266;3401;325;4408;4453;7.04;0.43;268.02;4.13;1007;21;1501.00;45
3401;21;23108281;3401;320;4411;4457;7.09;0.43;268.02;4.13;1010;21;1502.00;46
3405;21;23108296;3405;319;4412;4458;7.08;0.43;268.11;4.13;1007;21;1503.00;46
3406;21;23108312;3406;314;4412;4458;7.08;0.43;268.16;4.13;1006;21;1504.00;46
3409;21;23108326;3409;310;4416;4459;6.99;0.42;268.22;4.15;1007;21;1505.00;43
3414;21;23108342;3414;300;4417;4459;6.95;0.42;268.38;4.15;1003;21;1506.00;42
3415;21;23108357;3415;296;4417;4459;6.93;0.42;268.54;4.15;1002;21;1507.00;42
3419;21;23108371;3419;291;4417;4459;6.92;0.42;268.60;4.15;998;21;1508.00;42
3420;21;23108387;3420;290;4417;4459;6.94;0.42;268.69;4.15;997;21;1509.00;42
3422;21;23108401;3422;284;4417;4459;7.00;0.42;268.69;4.15;995;21;1510.00;42
3424;21;23108416;3424;280;4418;4459;7.05;0.43;268.79;4.16;994;21;1511.00;41
3426;21;23108435;3426;290;4451;4529;7.08;0.43;268.74;4.13;1025;21;1512.00;78
3427;21;23108463;3427;280;4453;4530;7.21;0.44;268.76;4.13;1026;21;1513.00;77
3433;21;23108482;3433;275;4456;4530;7.30;0.44;268.88;4.12;1023;21;1514.00;74
3434;21;23108500;3434;274;4458;4530;7.34;0.45;268.95;4.12;1024;21;1515.00;72
3434;21;23108521;3434;267;4462;4530;7.44;0.45;268.95;4.12;1028;21;1516.00;68
3436;21;23108541;3436;266;4466;4530;7.48;0.45;269.03;4.13;1030;21;1517.00;64
3439;21;23108562;3439;264;4469;4530;7.52;0.46;269.10;4.13;1030;21;1518.00;61
3442;21;23108578;3442;263;4471;4530;7.59;0.46;269.04;4.13;1029;21;1519.00;59
3446;21;23108593;3446;260;4472;4531;7.64;0.46;269.19;4.13;1026;21;1520.00;59
3448;21;23108608;3448;261;4474;4532;7.68;0.47;269.14;4.14;1026;21;1521.00;58
3450;21;23108623;3450;266;4478;4532;7.71;0.47;269.30;4.14;1028;21;1522.00;54
3452;21;23108639;3452;264;4486;4536;7.67;0.47;269.36;4.17;1034;21;1523.00;50
3454;21;23108655;3454;270;4488;4536;7.62;0.46;269.34;4.17;1034;21;1524.00;48
3456;21;23108670;3456;274;4489;4536;7.58;0.46;269.42;4.19;1033;21;1525.00;47
3457;21;23108684;3457;283;4489;4536;7.52;0.46;269.38;4.19;1032;21;1526.00;47
3460;21;23108697;3460;289;4494;4542;7.46;0.45;269.48;4.19;1034;21;1527.00;48
3464;21;23108710;3464;296;4496;4542;7.38;0.45;269.55;4.21;1032;21;1528.00;46
3468;21;23108724;3468;304;4498;4542;7.34;0.45;269.68;4.24;1030;21;1529.00;44
3471;21;23108740;3471;304;4504;4548;7.36;0.45;269.69;4.27;1033;21;1530.00;44
3473;21;23108754;3473;309;4507;4548;7.38;0.45;269.73;4.28;1034;21;1531.00;41
3476;21;23108767;3476;319;4510;4548;7.39;0.45;269.82;4.32;1034;21;1532.00;38
3477;21;23108789;3477;318;4512;4549;7.40;0.45;269.80;4.34;1035;21;1533.00;37
3482;21;23108804;3482;323;4514;4550;7.40;0.45;269.81;4.34;1032;21;1534.00;36
3485;21;23108819;3485;326;4516;4550;7.39;0.45;269.99;4.36;1031;21;1535.00;34
3485;21;23108834;3485;332;4526;4563;7.44;0.45;269.99;4.39;1041;21;1536.00;37
3486;21;23108850;3486;339;4528;4563;7.42;0.45;270.10;4.41;1042;21;1537.00;35
3489;21;23108863;3489;342;4529;4563;7.38;0.45;270.06;4.43;1040;21;1538.00;34
3492;21;23108878;3492;347;4534;4564;7.37;0.45;270.04;4.51;1042;21;1539.00;30
3496;21;23108892;3496;349;4535;4564;7.35;0.45;270.08;4.53;1039;21;1540.00;29
3497;21;23108917;3497;352;4541;4568;7.32;0.44;270.09;4.54;1044;21;1541.00;27
3501;21;23108946;3501;355;4545;4568;7.25;0.44;270.20;4.58;1044;21;1542.00;23
3506;21;23108969;3506;360;4551;4572;7.19;0.44;270.30;4.61;1045;21;1543.00;21
3507;21;23108985;3507;359;4551;4572;7.19;0.44;270.34;4.61;1044;21;1544.00;21
3508;21;23108999;3508;359;4552;4572;7.19;0.44;270.37;4.62;1044;21;1545.00;20
3510;21;23109014;3510;360;4555;4572;7.10;0.43;270.50;4.65;1045;21;1546.00;17
3514;21;23109026;3514;364;4555;4572;7.02;0.43;270.71;4.65;1041;21;1547.00;17
3519;21;23109040;3519;367;4565;4584;6.93;0.42;270.60;4.64;1046;21;1548.00;19
3520;21;23109054;3520;359;4565;4584;6.88;0.42;270.61;4.64;1045;21;1549.00;19
3522;21;23109069;3522;356;4569;4584;6.89;0.42;270.68;4.67;1047;21;1550.00;15
3524;21;23109083;3524;355;4570;4584;6.88;0.42;270.60;4.67;1046;21;1551.00;14
3525;21;23109099;3525;356;4574;4584;6.90;0.42;270.71;4.70;1049;21;1552.00;10
3526;21;23109115;3526;349;4576;4584;6.93;0.43;270.71;4.71;1050;21;1553.00;8
3529;21;23109130;3529;346;4578;4585;6.98;0.43;270.91;4.73;1049;21;1554.00;7
3531;21;23109145;3531;343;4580;4587;6.99;0.43;271.03;4.72;1049;21;1555.00;7
3536;21;23109158;3536;338;4586;4593;7.06;0.43;271.32;4.72;1050;21;1556.00;7
3538;21;23109175;3538;340;4588;4594;7.11;0.44;271.45;4.72;1050;21;1557.00;6
3542;21;23109190;3542;340;4588;4594;7.15;0.44;271.48;4.72;1046;21;1558.00;6
3545;21;23109204;3545;345;4588;4594;7.20;0.44;271.52;4.72;1043;21;1559.00;6
3548;21;23109221;3548;345;4593;4599;7.18;0.44;271.55;4.73;1045;21;1560.00;6
3551;21;23109235;3551;339;4594;4599;7.16;0.44;271.59;4.73;1043;21;1561.00;5
3554;21;23109251;3554;346;4594;4599;7.13;0.44;271.86;4.73;1040;21;1562.00;5
3562;21;23109267;3562;353;4596;4600;7.11;0.43;271.93;4.73;1034;21;1563.00;4
3565;21;23109314;3565;354;4601;4604;7.06;0.43;272.01;4.74;1036;21;1564.00;3
3569;21;23109334;3569;353;4602;4604;7.00;0.43;272.25;4.74;1033;21;1565.00;2
3572;21;23109351;3572;356;4604;4607;7.00;0.43;272.55;4.74;1032;21;1566.00;3
3574;21;23109367;3574;358;4605;4607;6.93;0.42;272.59;4.74;1031;21;1567.00;2
3580;21;23109383;3580;364;4607;4607;6.80;0.42;272.64;4.74;1027;21;1568.00;0
3585;21;23109400;3585;366;4607;4607;6.77;0.41;272.76;4.74;1022;21;1569.00;0
3589;21;23109416;3589;364;4611;4611;6.76;0.41;272.89;4.73;1022;21;1570.00;0
3596;21;23109431;3596;369;4611;4611;6.66;0.41;273.36;4.73;1015;21;1571.00;0
3599;21;23109446;3599;367;4611;4611;6.58;0.40;273.38;4.73;1012;21;1572.00;0
3602;21;23109464;3602;369;4611;4611;6.46;0.39;273.42;4.73;1009;21;1573.00;0
3605;21;23109479;3605;372;4612;4612;6.30;0.39;273.61;4.73;1007;21;1574.00;0
3608;21;23109491;3608;360;4614;4614;6.23;0.38;273.62;4.73;1006;21;1575.00;0
3614;21;23109504;3614;367;4614;4614;6.08;0.37;273.67;4.73;1000;21;1576.00;0
3616;21;23109516;3616;367;4615;4615;6.00;0.37;273.71;4.73;999;21;1577.00;0
3621;21;23109529;3621;362;4615;4615;5.87;0.36;273.71;4.73;994;21;1578.00;0
3624;21;23109543;3624;359;4615;4615;5.80;0.36;273.73;4.73;991;21;1579.00;0
3627;21;23109557;3627;362;4615;4615;5.78;0.35;273.79;4.73;988;21;1580.00;0
3631;21;23109570;3631;366;4615;4615;5.76;0.35;273.73;4.73;984;21;1581.00;0
3637;21;23109582;3637;354;4615;4615;5.71;0.35;273.72;4.73;978;21;1582.00;0
3643;21;23109595;3643;349;4615;4615;5.73;0.35;273.80;4.73;972;21;1583.00;0
3645;21;23109608;3645;352;4688;4742;6.02;0.37;273.90;4.66;1043;21;1584.00;54
3648;21;23109640;3648;351;4695;4743;6.06;0.38;273.95;4.65;1047;21;1585.00;48
3649;21;23109653;3649;344;4703;4743;6.04;0.37;274.02;4.65;1054;21;1586.00;40
3651;21;23109666;3651;339;4705;4743;6.01;0.37;274.17;4.65;1054;21;1587.00;38
3657;21;23109679;3657;347;4709;4743;5.99;0.37;274.18;4.65;1052;21;1588.00;34
3661;21;23109692;3661;356;4710;4743;5.93;0.37;274.45;4.65;1049;21;1589.00;33
3663;21;23109709;3663;364;4714;4743;5.88;0.36;274.48;4.65;1051;21;1590.00;29
3669;21;23109739;3669;367;4718;4743;5.77;0.36;274.64;4.65;1049;21;1591.00;25
3674;21;23109770;3674;378;4721;4744;5.71;0.35;274.76;4.65;1047;21;1592.00;23
3676;21;23109794;3676;385;4725;4745;5.72;0.35;274.76;4.66;1049;21;1593.00;20
3680;21;23109817;3680;391;4727;4745;5.72;0.35;274.85;4.66;1047;21;1594.00;18
3682;21;23109838;3682;402;4728;4746;5.74;0.35;274.86;4.66;1046;21;1595.00;18
3686;21;23109861;3686;401;4733;4746;5.70;0.35;274.92;4.67;1047;21;1596.00;13
3689;21;23109883;3689;412;4735;4746;5.66;0.35;274.91;4.67;1046;21;1597.00;11
3692;21;23109897;3692;422;4735;4746;5.66;0.35;275.05;4.67;1043;21;1598.00;11
3694;21;23109914;3694;417;4739;4750;5.66;0.35;275.06;4.67;1045;21;1599.00;11
3696;21;23109934;3696;414;4741;4750;5.64;0.35;275.18;4.67;1045;21;1600.00;9
3697;21;23109958;3697;417;4743;4750;5.66;0.35;275.13;4.68;1046;21;1601.00;7
3701;21;23109975;3701;418;4745;4753;5.60;0.35;275.12;4.67;1044;21;1602.00;8
3705;21;23109991;3705;421;4745;4753;5.58;0.34;275.18;4.67;1040;21;1603.00;8
3706;21;23110021;3706;420;4745;4753;5.60;0.35;275.15;4.67;1039;21;1604.00;8
3711;21;23110038;3711;429;4751;4757;5.62;0.35;275.13;4.68;1040;21;1605.00;6
3717;21;23110055;3717;425;4752;4758;5.52;0.34;275.01;4.68;1035;21;1606.00;6
3717;21;23110071;3717;429;4752;4758;5.51;0.34;275.01;4.68;1035;21;1607.00;6
3720;21;23110089;3720;436;4756;4762;5.45;0.34;275.01;4.68;1036;21;1608.00;6
3723;21;23110105;3723;437;4756;4762;5.43;0.33;275.04;4.68;1033;21;1609.00;6
3728;21;23110122;3728;450;4757;4762;5.42;0.33;274.94;4.68;1029;21;1610.00;5
3732;21;23110138;3732;454;4758;4763;5.36;0.33;275.05;4.69;1026;21;1611.00;5
3736;21;23110153;3736;458;4759;4763;5.32;0.33;275.06;4.68;1023;21;1612.00;4
3739;21;23110167;3739;468;4764;4769;5.25;0.32;275.07;4.68;1025;21;1613.00;5
3741;21;23110183;3741;472;4764;4769;5.23;0.32;275.06;4.68;1023;21;1614.00;5
3745;21;23110197;3745;473;4764;4770;5.16;0.32;274.92;4.68;1019;21;1615.00;6
3746;21;23110212;3746;475;4764;4770;5.10;0.31;274.87;4.68;1018;21;1616.00;6
3751;21;23110226;3751;477;4764;4770;5.02;0.31;274.71;4.68;1013;21;1617.00;6
3752;21;23110240;3752;486;4764;4770;4.97;0.30;274.76;4.68;1012;21;1618.00;6
3755;21;23110253;3755;489;4764;4770;4.88;0.30;274.69;4.68;1009;21;1619.00;6
3762;21;23110270;3762;497;4791;4806;5.01;0.31;274.67;4.65;1029;21;1620.00;15
3766;21;23110287;3766;502;4792;4806;5.00;0.31;274.70;4.65;1026;21;1621.00;14
3770;21;23110299;3770;497;4795;4806;5.05;0.31;274.75;4.65;1025;21;1622.00;11
3773;21;23110314;3773;491;4796;4806;5.10;0.31;274.86;4.65;1023;21;1623.00;10
3777;21;23110327;3777;484;4796;4806;5.18;0.32;274.87;4.65;1019;21;1624.00;10
3779;21;23110339;3779;485;4797;4806;5.25;0.32;274.76;4.65;1018;21;1625.00;9
3779;21;23110353;3779;480;4800;4810;5.40;0.33;274.76;4.65;1021;21;1626.00;10
3781;21;23110369;3781;480;4800;4810;5.45;0.33;274.69;4.65;1019;21;1627.00;10
3781;21;23110386;3781;485;4804;4814;5.55;0.34;274.69;4.65;1023;21;1628.00;10
3782;21;23110407;3782;487;4805;4815;5.60;0.34;274.71;4.65;1023;21;1629.00;10
3784;21;23110424;3784;492;4805;4815;5.60;0.34;274.70;4.65;1021;21;1630.00;10
3785;21;23110455;3785;474;4805;4815;5.61;0.34;274.70;4.65;1020;21;1631.00;10
3786;21;23110475;3786;463;4816;4828;5.66;0.35;274.64;4.63;1030;21;1632.00;12
3788;21;23110495;3788;456;4816;4828;5.68;0.35;274.67;4.63;1028;21;1633.00;12
3789;21;23110511;3789;452;4816;4828;5.71;0.35;274.62;4.63;1027;21;1634.00;12
3789;21;23110527;3789;448;4817;4829;5.76;0.35;274.62;4.63;1028;21;1635.00;12
3790;21;23110545;3790;449;4817;4830;5.77;0.35;274.60;4.63;1027;21;1636.00;13
3791;21;23110562;3791;434;4817;4830;5.79;0.35;274.58;4.63;1026;21;1637.00;13
3793;21;23110580;3793;421;4819;4833;5.83;0.35;274.60;4.63;1026;21;1638.00;14
3794;21;23110598;3794;414;4819;4833;5.92;0.36;274.58;4.63;1025;21;1639.00;14
3797;21;23110617;3797;412;4820;4833;5.98;0.36;274.55;4.63;1023;21;1640.00;13
3798;21;23110638;3798;406;4820;4833;6.09;0.37;274.54;4.63;1022;21;1641.00;13
3800;21;23110657;3800;398;4825;4839;6.23;0.38;274.60;4.63;1025;21;1642.00;14
3804;21;23110686;3804;388;4825;4839;6.31;0.38;274.61;4.63;1021;21;1643.00;14
3804;21;23110710;3804;384;4825;4839;6.40;0.39;274.61;4.63;1021;21;1644.00;14
3804;21;23110732;3804;377;4825;4839;6.44;0.39;274.61;4.63;1021;21;1645.00;14
3806;21;23110750;3806;376;4828;4843;6.48;0.39;274.64;4.63;1022;21;1646.00;15
3808;21;23110769;3808;378;4829;4844;6.52;0.40;274.65;4.62;1021;21;1647.00;15
3808;21;23110788;3808;372;4829;4844;6.54;0.40;274.65;4.62;1021;21;1648.00;15
3808;21;23110803;3808;363;4830;4845;6.58;0.40;274.65;4.62;1022;21;1649.00;15
3812;21;23110822;3812;368;4830;4845;6.58;0.40;274.57;4.62;1018;21;1650.00;15
3814;21;23110840;3814;367;4830;4845;6.59;0.40;274.59;4.62;1016;21;1651.00;15
3814;21;23110868;3814;363;4830;4845;6.67;0.40;274.59;4.62;1016;21;1652.00;15
3815;21;23110897;3815;359;4830;4845;6.72;0.41;274.61;4.62;1015;21;1653.00;15
3816;21;23110916;3816;356;4830;4845;6.77;0.41;274.59;4.62;1014;21;1654.00;15
3818;21;23110936;3818;351;4830;4845;6.86;0.41;274.59;4.62;1012;21;1655.00;15
3819;21;23110955;3819;354;4866;4915;6.81;0.41;274.59;4.59;1047;21;1656.00;49
3820;21;23110988;3820;344;4866;4916;6.83;0.41;274.56;4.59;1046;21;1657.00;50
3820;21;23111005;3820;339;4873;4916;6.89;0.42;274.56;4.59;1053;21;1658.00;43
3823;21;23111023;3823;327;4875;4916;6.89;0.42;274.75;4.59;1052;21;1659.00;41
3825;21;23111039;3825;326;4878;4916;6.93;0.42;274.85;4.58;1053;21;1660.00;38
3826;21;23111053;3826;323;4879;4916;6.94;0.42;274.96;4.58;1053;21;1661.00;37
3828;21;23111070;3828;323;4884;4916;6.99;0.43;275.07;4.59;1056;21;1662.00;32
3830;21;23111085;3830;328;4885;4916;7.02;0.43;275.12;4.59;1055;21;1663.00;31
3832;21;23111106;3832;326;4887;4917;7.07;0.43;275.06;4.59;1055;21;1664.00;30
3835;21;23111121;3835;327;4892;4919;7.08;0.43;275.27;4.59;1057;21;1665.00;27
3838;21;23111138;3838;320;4892;4919;7.04;0.43;275.35;4.59;1054;21;1666.00;27
3840;21;23111166;3840;315;4897;4923;7.06;0.43;275.52;4.59;1057;21;1667.00;26
3842;21;23111182;3842;313;4897;4923;7.08;0.43;275.62;4.59;1055;21;1668.00;26
3845;21;23111199;3845;309;4899;4923;7.06;0.43;275.75;4.59;1054;21;1669.00;24
3846;21;23111214;3846;303;4901;4923;7.08;0.43;275.79;4.60;1055;21;1670.00;22
3848;21;23111243;3848;303;4905;4929;7.06;0.43;275.95;4.60;1057;21;1671.00;24
3850;21;23111277;3850;303;4906;4929;7.05;0.43;276.12;4.59;1056;21;1672.00;23
3853;21;23111302;3853;304;4906;4929;7.03;0.43;276.27;4.59;1053;21;1673.00;23
3855;21;23111331;3855;302;4908;4932;7.08;0.43;276.32;4.59;1053;21;1674.00;24
3858;21;23111352;3858;304;4908;4932;7.02;0.43;276.42;4.59;1050;21;1675.00;24
3860;21;23111373;3860;296;4909;4932;7.03;0.43;276.64;4.59;1049;21;1676.00;23
3861;21;23111396;3861;293;4909;4933;7.02;0.43;276.68;4.59;1048;21;1677.00;24
3864;21;23111416;3864;287;4910;4934;6.95;0.42;276.72;4.59;1046;21;1678.00;24
3866;21;23111437;3866;281;4910;4934;6.91;0.42;276.88;4.59;1044;21;1679.00;24
3870;21;23111463;3870;284;4930;4960;6.84;0.42;277.00;4.59;1060;21;1680.00;30
3872;21;23111504;3872;277;4930;4960;6.83;0.42;277.02;4.59;1058;21;1681.00;30
3878;21;23111529;3878;268;4931;4960;6.80;0.41;277.18;4.59;1053;21;1682.00;29
3882;21;23111549;3882;265;4933;4961;6.81;0.42;277.30;4.59;1051;21;1683.00;28
3883;21;23111569;3883;266;4934;4961;6.85;0.42;277.30;4.59;1051;21;1684.00;27
3886;21;23111586;3886;264;4937;4965;6.92;0.42;277.31;4.59;1051;21;1685.00;28
3889;21;23111601;3889;266;4937;4965;6.99;0.42;277.38;4.59;1048;21;1686.00;28
3892;21;23111617;3892;261;4940;4969;7.02;0.43;277.38;4.59;1048;21;1687.00;29
3893;21;23111642;3893;253;4940;4969;7.12;0.43;277.38;4.59;1047;21;1688.00;29
3895;21;23111656;3895;254;4940;4969;7.22;0.44;277.47;4.59;1045;21;1689.00;29
3898;21;23111670;3898;249;4940;4969;7.29;0.44;277.38;4.59;1042;21;1690.00;29
3900;21;23111683;3900;253;4940;4969;7.30;0.44;277.44;4.59;1040;21;1691.00;29
3905;21;23111697;3905;243;4949;4981;7.36;0.45;277.48;4.58;1044;21;1692.00;32
3908;21;23111719;3908;241;4951;4981;7.41;0.45;277.46;4.59;1043;21;1693.00;30
3912;21;23111734;3912;229;4952;4981;7.49;0.45;277.56;4.59;1040;21;1694.00;29
3914;21;23111748;3914;232;4952;4981;7.57;0.46;277.50;4.59;1038;21;1695.00;29
3917;21;23111765;3917;228;4953;4981;7.65;0.46;277.63;4.61;1036;21;1696.00;28
3918;21;23111780;3918;223;4954;4981;7.66;0.46;277.77;4.61;1036;21;1697.00;27
3922;21;23111796;3922;221;4954;4982;7.63;0.46;277.93;4.61;1032;21;1698.00;28
3924;21;23111817;3924;219;4955;4982;7.60;0.46;277.95;4.61;1031;21;1699.00;27
3927;21;23111838;3927;227;4959;4988;7.59;0.46;278.03;4.61;1032;21;1700.00;29
3929;21;23111868;3929;228;4961;4989;7.53;0.46;278.07;4.62;1032;21;1701.00;28
3931;21;23111889;3931;230;4963;4989;7.53;0.46;278.06;4.64;1032;21;1702.00;26
3934;21;23111909;3934;239;4965;4989;7.47;0.45;278.19;4.64;1031;21;1703.00;24
3936;21;23111928;3936;248;4968;4993;7.47;0.45;278.26;4.64;1032;21;1704.00;25
3938;21;23111946;3938;238;4970;4993;7.48;0.45;278.30;4.67;1032;21;1705.00;23
3938;21;23111963;3938;244;4970;4993;7.53;0.46;278.30;4.67;1032;21;1706.00;23
3942;21;23111980;3942;243;4971;4994;7.55;0.46;278.31;4.67;1029;21;1707.00;23
3946;21;23111997;3946;241;4976;4998;7.51;0.46;278.35;4.70;1030;21;1708.00;22
3950;21;23112020;3950;248;4976;4998;7.50;0.46;278.40;4.70;1026;21;1709.00;22
3952;21;23112041;3952;247;4982;5004;7.52;0.46;278.31;4.72;1030;21;1710.00;22
3956;21;23112061;3956;246;4984;5004;7.53;0.46;278.37;4.72;1028;21;1711.00;20
3959;21;23112079;3959;250;4986;5004;7.59;0.46;278.54;4.74;1027;21;1712.00;18
3961;21;23112099;3961;251;4986;5004;7.64;0.46;278.60;4.74;1025;21;1713.00;18
3962;21;23112118;3962;253;4990;5008;7.68;0.47;278.69;4.74;1028;21;1714.00;18
3966;21;23112138;3966;255;4992;5008;7.68;0.47;278.80;4.77;1026;21;1715.00;16
3968;21;23112157;3968;253;4993;5008;7.66;0.47;278.83;4.79;1025;21;1716.00;15
3972;21;23112173;3972;260;4994;5008;7.63;0.46;279.02;4.80;1022;21;1717.00;14
3973;21;23112194;3973;259;4995;5009;7.58;0.46;279.11;4.82;1022;21;1718.00;14
3975;21;23112227;3975;262;4998;5010;7.58;0.46;279.08;4.84;1023;21;1719.00;12
3977;21;23112256;3977;262;4998;5010;7.51;0.46;279.21;4.84;1021;21;1720.00;12
3979;21;23112276;3979;265;4999;5011;7.48;0.46;279.21;4.84;1020;21;1721.00;12
3980;21;23112298;3980;276;5000;5011;7.47;0.46;279.25;4.85;1020;21;1722.00;11
3983;21;23112318;3983;276;5000;5011;7.47;0.46;279.33;4.85;1017;21;1723.00;11
3986;21;23112341;3986;269;5004;5011;7.44;0.46;279.40;4.89;1018;21;1724.00;7
3990;21;23112361;3990;270;5004;5011;7.43;0.46;279.44;4.89;1014;21;1725.00;7
3995;21;23112377;3995;271;5006;5011;7.33;0.45;279.53;4.91;1011;21;1726.00;5
3998;21;23112392;3998;269;5007;5011;7.34;0.45;279.54;4.92;1009;21;1727.00;4
4004;21;23112408;4004;286;5077;5138;7.42;0.46;279.68;4.85;1073;21;1728.00;61
4004;21;23112439;4004;276;5082;5139;7.46;0.46;279.68;4.85;1078;21;1729.00;57
4006;21;23112461;4006;276;5091;5139;7.52;0.47;279.75;4.85;1085;21;1730.00;48
4011;21;23112484;4011;271;5094;5139;7.53;0.47;279.82;4.85;1083;21;1731.00;45
4013;21;23112508;4013;266;5099;5139;7.56;0.47;279.92;4.85;1086;21;1732.00;40
4014;21;23112528;4014;263;5100;5139;7.49;0.46;279.93;4.85;1086;21;1733.00;39
4019;21;23112549;4019;264;5104;5139;7.45;0.46;279.98;4.85;1085;21;1734.00;35
4020;21;23112569;4020;263;5106;5139;7.50;0.46;279.95;4.85;1086;21;1735.00;33
4023;21;23112589;4023;264;5111;5140;7.46;0.46;280.16;4.86;1088;21;1736.00;29
4027;21;23112611;4027;266;5113;5141;7.40;0.46;280.25;4.86;1086;21;1737.00;28
4033;21;23112633;4033;267;5114;5141;7.33;0.45;280.25;4.86;1081;21;1738.00;27
4038;21;23112651;4038;270;5118;5142;7.21;0.44;280.21;4.87;1080;21;1739.00;24
4044;21;23112670;4044;275;5122;5142;7.06;0.43;280.27;4.87;1078;21;1740.00;20
4048;21;23112702;4048;285;5125;5142;6.92;0.42;280.40;4.88;1077;21;1741.00;17
4054;21;23112736;4054;295;5130;5142;6.78;0.41;280.37;4.89;1076;21;1742.00;12
4057;21;23112756;4057;300;5135;5146;6.69;0.41;280.41;4.89;1078;21;1743.00;11
4061;21;23112777;4061;313;5138;5146;6.57;0.40;280.33;4.89;1077;21;1744.00;8
4063;21;23112797;4063;320;5139;5146;6.43;0.39;280.38;4.89;1076;21;1745.00;7
4067;21;23112820;4067;327;5140;5149;6.31;0.39;280.39;4.89;1073;21;1746.00;9
4073;21;23112839;4073;332;5142;5149;6.14;0.38;280.57;4.89;1069;21;1747.00;7
4076;21;23112857;4076;348;5142;5149;5.96;0.36;280.49;4.89;1066;21;1748.00;7
4079;21;23112882;4079;358;5147;5153;5.81;0.35;280.44;4.90;1068;21;1749.00;6
4083;21;23112901;4083;364;5149;5154;5.73;0.35;280.52;4.90;1066;21;1750.00;5
4086;21;23112928;4086;359;5150;5154;5.69;0.35;280.79;4.90;1064;21;1751.00;4
4090;21;23112947;4090;363;5155;5158;5.66;0.35;280.86;4.90;1065;21;1752.00;3
4096;21;23112967;4096;361;5156;5158;5.61;0.34;280.96;4.90;1060;21;1753.00;2
4099;21;23112987;4099;368;5156;5158;5.56;0.34;281.07;4.90;1057;21;1754.00;2
4103;21;23113006;4103;368;5159;5160;5.51;0.34;281.29;4.90;1056;21;1755.00;1
4107;21;23113024;4107;373;5159;5160;5.47;0.34;281.68;4.90;1052;21;1756.00;1
4108;21;23113048;4108;379;5165;5166;5.54;0.34;281.73;4.90;1057;21;1757.00;1
4112;21;23113067;4112;377;5166;5166;5.54;0.34;281.92;4.90;1054;21;1758.00;0
4116;21;23113085;4116;383;5167;5167;5.52;0.34;282.07;4.90;1051;21;1759.00;0
4119;21;23113106;4119;381;5167;5167;5.50;0.34;282.20;4.90;1048;21;1760.00;0
4123;21;23113123;4123;378;5167;5167;5.50;0.34;282.31;4.90;1044;21;1761.00;0
4127;21;23113146;4127;374;5167;5167;5.47;0.34;282.39;4.90;1040;21;1762.00;0
4132;21;23113164;4132;374;5167;5167;5.41;0.33;282.56;4.90;1035;21;1763.00;0
4137;21;23113182;4137;380;5178;5179;5.42;0.33;282.63;4.89;1041;21;1764.00;1
4141;21;23113205;4141;385;5178;5179;5.37;0.33;282.66;4.89;1037;21;1765.00;1
4145;21;23113224;4145;392;5179;5179;5.30;0.32;282.78;4.89;1034;21;1766.00;0
4148;21;23113242;4148;397;5179;5179;5.26;0.32;282.73;4.89;1031;21;1767.00;0
4152;21;23113258;4152;397;5179;5179;5.22;0.32;282.68;4.89;1027;21;1768.00;0
4155;21;23113274;4155;403;5179;5179;5.20;0.32;282.72;4.89;1024;21;1769.00;0
4157;21;23113291;4157;414;5183;5183;5.23;0.32;282.72;4.88;1026;21;1770.00;0
4160;21;23113307;4160;412;5183;5183;5.23;0.32;282.78;4.88;1023;21;1771.00;0
4166;21;23113324;4166;412;5187;5187;5.23;0.32;282.76;4.88;1021;21;1772.00;0
4171;21;23113339;4171;416;5188;5188;5.23;0.32;282.67;4.88;1017;21;1773.00;0
4174;21;23113353;4174;425;5188;5188;5.19;0.32;282.69;4.88;1014;21;1774.00;0
4176;21;23113366;4176;428;5188;5188;5.15;0.32;282.77;4.88;1012;21;1775.00;0
4177;21;23113395;4177;428;5199;5201;5.26;0.32;282.71;4.87;1022;21;1776.00;2
4181;21;23113413;4181;425;5199;5201;5.25;0.32;282.61;4.87;1018;21;1777.00;2
4186;21;23113429;4186;431;5199;5201;5.21;0.32;282.56;4.87;1013;21;1778.00;2
4192;21;23113442;4192;431;5200;5202;5.18;0.32;282.35;4.87;1008;21;1779.00;2
4193;21;23113457;4193;436;5200;5203;5.20;0.32;282.29;4.87;1007;21;1780.00;3
4199;21;23113472;4199;442;5200;5203;5.17;0.32;282.38;4.87;1001;21;1781.00;3
4203;21;23113483;4203;447;5202;5206;5.17;0.32;282.43;4.87;999;21;1782.00;4
4206;21;23113496;4206;451;5202;5206;5.11;0.31;282.38;4.87;996;21;1783.00;4
4211;21;23113507;4211;453;5203;5206;5.12;0.31;282.40;4.87;992;21;1784.00;3
4212;21;23113519;4212;462;5203;5206;5.16;0.32;282.35;4.87;991;21;1785.00;3
4217;21;23113531;4217;466;5208;5212;5.12;0.31;282.31;4.86;991;21;1786.00;4
4218;21;23113543;4218;473;5208;5212;5.11;0.31;282.29;4.86;990;21;1787.00;4
4223;21;23113559;4223;477;5208;5212;5.03;0.31;282.23;4.86;985;21;1788.00;4
4228;21;23113573;4228;482;5208;5212;5.00;0.30;282.21;4.86;980;21;1789.00;4
4229;21;23113587;4229;486;5211;5216;4.97;0.30;282.24;4.86;982;21;1790.00;5
4232;21;23113600;4232;491;5212;5217;4.89;0.30;282.35;4.86;980;21;1791.00;5
4233;21;23113612;4233;491;5212;5217;4.84;0.29;282.29;4.86;979;21;1792.00;5
4234;21;23113625;4234;496;5213;5218;4.80;0.29;282.30;4.86;979;21;1793.00;5
4238;21;23113638;4238;497;5213;5218;4.74;0.29;282.45;4.86;975;21;1794.00;5
4242;21;23113652;4242;485;5213;5218;4.68;0.29;282.50;4.86;971;21;1795.00;5
4245;21;23113665;4245;484;5213;5218;4.72;0.29;282.49;4.86;968;21;1796.00;5
4245;21;23113677;4245;469;5213;5218;4.83;0.29;282.49;4.86;968;21;1797.00;5
4246;21;23113690;4246;457;5213;5218;4.94;0.30;282.46;4.86;967;21;1798.00;5
4247;21;23113706;4247;451;5213;5218;5.05;0.31;282.49;4.86;966;21;1799.00;5
4249;21;23113723;4249;458;5289;5356;5.46;0.34;282.54;4.79;1040;21;1800.00;67
4249;21;23113758;4249;462;5293;5357;5.55;0.34;282.54;4.79;1044;21;1801.00;64
4251;22;23113775;4251;451;5301;5357;5.63;0.35;282.56;4.78;1050;22;1802.00;56
4252;22;23113813;4252;444;5304;5357;5.72;0.35;282.64;4.78;1052;22;1803.00;53
4253;22;23113827;4253;436;5307;5357;5.76;0.35;282.70;4.78;1054;22;1804.00;50
4253;22;23113840;4253;434;5310;5357;5.84;0.36;282.70;4.78;1057;22;1805.00;47
4256;22;23113857;4256;420;5314;5357;5.84;0.36;282.80;4.78;1058;22;1806.00;43
4257;22;23113876;4257;405;5319;5357;5.89;0.36;282.82;4.78;1062;22;1807.00;38
4257;22;23113896;4257;397;5324;5358;5.99;0.37;282.82;4.79;1067;22;1808.00;34
4259;22;23113914;4259;394;5327;5359;6.02;0.37;282.85;4.79;1068;22;1809.00;32
4260;22;23113933;4260;392;5332;5359;6.04;0.37;282.88;4.79;1072;22;1810.00;27
4260;22;23113950;4260;393;5337;5363;6.08;0.37;282.88;4.79;1077;22;1811.00;26
4262;22;23113969;4262;386;5340;5363;6.12;0.38;282.90;4.80;1078;22;1812.00;23
4264;22;23113995;4264;386;5342;5363;6.20;0.38;282.90;4.80;1078;22;1813.00;21
4264;22;23114027;4264;384;5342;5363;6.29;0.39;282.90;4.80;1078;22;1814.00;21
4264;22;23114041;4264;385;5347;5369;6.34;0.39;282.90;4.80;1083;22;1815.00;22
4269;22;23114056;4269;387;5347;5369;6.35;0.39;282.99;4.80;1078;22;1816.00;22
4272;22;23114070;4272;384;5347;5369;6.34;0.39;283.21;4.80;1075;22;1817.00;22
4274;22;23114085;4274;385;5349;5372;6.35;0.39;283.20;4.79;1075;22;1818.00;23
4277;22;23114100;4277;382;5350;5372;6.36;0.39;283.16;4.80;1073;22;1819.00;22
4281;22;23114113;4281;383;5351;5372;6.41;0.39;283.26;4.80;1070;22;1820.00;21
4285;22;23114128;4285;381;5352;5373;6.44;0.39;283.30;4.80;1067;22;1821.00;21
4287;22;23114141;4287;383;5353;5374;6.53;0.40;283.32;4.80;1066;22;1822.00;21
4289;22;23114156;4289;372;5354;5374;6.58;0.40;283.25;4.80;1065;22;1823.00;20
4291;22;23114169;4291;369;5362;5387;6.64;0.41;283.30;4.80;1071;22;1824.00;25
4294;22;23114186;4294;364;5362;5387;6.66;0.41;283.35;4.80;1068;22;1825.00;25
4298;22;23114201;4298;368;5364;5387;6.69;0.41;283.57;4.80;1066;22;1826.00;23
4299;22;23114217;4299;371;5365;5388;6.74;0.41;283.70;4.80;1066;22;1827.00;23
4302;22;23114239;4302;372;5365;5388;6.73;0.41;283.92;4.80;1063;22;1828.00;23
4303;22;23114253;4303;368;5369;5392;6.76;0.41;283.96;4.79;1066;22;1829.00;23
4308;22;23114270;4308;369;5370;5392;6.77;0.41;284.15;4.80;1062;22;1830.00;22
4310;22;23114289;4310;376;5375;5396;6.73;0.41;284.20;4.80;1065;22;1831.00;21
4311;22;23114314;4311;378;5375;5396;6.77;0.41;284.18;4.80;1064;22;1832.00;21
4312;22;23114328;4312;375;5375;5396;6.80;0.41;284.16;4.80;1063;22;1833.00;21
4315;22;23114343;4315;374;5375;5396;6.77;0.41;284.26;4.80;1060;22;1834.00;21
4317;22;23114359;4317;379;5375;5396;6.75;0.41;284.40;4.80;1058;22;1835.00;21
4319;22;23114375;4319;384;5385;5408;6.78;0.41;284.43;4.79;1066;22;1836.00;23
4323;22;23114391;4323;391;5385;5408;6.79;0.41;284.51;4.79;1062;22;1837.00;23
4326;22;23114407;4326;389;5386;5408;6.76;0.41;284.68;4.79;1060;22;1838.00;22
4327;22;23114421;4327;384;5386;5408;6.80;0.41;284.70;4.79;1059;22;1839.00;22
4332;22;23114436;4332;375;5386;5408;6.77;0.41;284.87;4.79;1054;22;1840.00;22
4334;22;23114451;4334;378;5386;5408;6.78;0.41;284.89;4.79;1052;22;1841.00;22
4337;22;23114466;4337;366;5386;5409;6.77;0.41;285.00;4.79;1049;22;1842.00;23
4340;22;23114480;4340;365;5386;5409;6.79;0.41;285.08;4.79;1046;22;1843.00;23
4345;22;23114493;4345;362;5391;5415;6.75;0.41;285.26;4.78;1046;22;1844.00;24
4348;22;23114508;4348;355;5393;5417;6.77;0.41;285.34;4.78;1045;22;1845.00;24
4350;22;23114523;4350;355;5393;5417;6.80;0.41;285.57;4.78;1043;22;1846.00;24
4353;22;23114537;4353;348;5393;5417;6.80;0.41;285.82;4.78;1040;22;1847.00;24
4355;22;23114550;4355;349;5396;5421;6.87;0.42;285.85;4.78;1041;22;1848.00;25
4358;22;23114565;4358;348;5396;5421;6.92;0.42;286.00;4.78;1038;22;1849.00;25
4359;22;23114579;4359;342;5396;5421;6.97;0.42;286.02;4.78;1037;22;1850.00;25
4363;22;23114592;4363;342;5397;5422;6.93;0.42;286.08;4.78;1034;22;1851.00;25
4363;22;23114607;4363;339;5400;5426;6.87;0.42;286.08;4.78;1037;22;1852.00;26
4365;22;23114621;4365;343;5400;5426;6.82;0.42;286.23;4.78;1035;22;1853.00;26
4369;22;23114634;4369;337;5402;5429;6.77;0.41;286.41;4.78;1033;22;1854.00;27
4372;22;23114648;4372;335;5405;5429;6.69;0.41;286.48;4.80;1033;22;1855.00;24
4376;22;23114662;4376;333;5405;5429;6.63;0.40;286.66;4.80;1029;22;1856.00;24
4378;22;23114675;4378;331;5405;5429;6.55;0.40;286.80;4.80;1027;22;1857.00;24
4380;22;23114690;4380;320;5409;5433;6.57;0.40;286.78;4.80;1029;22;1858.00;24
4383;22;23114707;4383;317;5409;5433;6.58;0.40;286.99;4.80;1026;22;1859.00;24
4386;22;23114723;4386;309;5409;5433;6.62;0.40;287.01;4.80;1023;22;1860.00;24
4387;22;23114759;4387;307;5409;5433;6.71;0.41;287.04;4.80;1022;22;1861.00;24
4388;22;23114772;4388;298;5409;5434;6.78;0.41;287.16;4.80;1021;22;1862.00;25
4391;22;23114787;4391;296;5410;5435;6.81;0.42;287.06;4.80;1019;22;1863.00;25
4394;22;23114801;4394;293;5410;5435;6.83;0.42;287.05;4.80;1016;22;1864.00;25
4395;22;23114816;4395;297;5411;5436;6.86;0.42;287.17;4.80;1016;22;1865.00;25
4399;22;23114830;4399;295;5411;5436;6.85;0.42;287.22;4.80;1012;22;1866.00;25
4402;22;23114845;4402;288;5411;5436;6.88;0.42;287.14;4.80;1009;22;1867.00;25
4404;22;23114859;4404;289;5411;5436;6.92;0.42;287.28;4.80;1007;22;1868.00;25
4409;22;23114871;4409;290;5411;5436;6.94;0.42;287.21;4.80;1002;22;1869.00;25
4412;22;23114885;4412;286;5411;5436;6.96;0.42;287.10;4.80;999;22;1870.00;25
4414;22;23114900;4414;276;5411;5436;6.95;0.42;287.18;4.80;997;22;1871.00;25
4418;22;23114914;4418;300;5475;5563;7.01;0.43;287.28;4.74;1057;22;1872.00;88
4420;22;23114940;4420;290;5479;5564;7.06;0.44;287.28;4.75;1059;22;1873.00;85
4423;22;23114956;4423;282;5486;5564;7.14;0.44;287.45;4.75;1063;22;1874.00;78
4425;22;23114971;4425;287;5487;5564;7.21;0.45;287.56;4.75;1062;22;1875.00;77
4429;22;23114986;4429;286;5495;5564;7.32;0.45;287.54;4.75;1066;22;1876.00;69
4432;22;23114999;4432;286;5496;5564;7.32;0.45;287.72;4.75;1064;22;1877.00;68
4435;22;23115016;4435;285;5500;5564;7.40;0.45;287.74;4.75;1065;22;1878.00;64
4437;22;23115031;4437;279;5505;5564;7.44;0.46;287.84;4.77;1068;22;1879.00;59
4439;22;23115051;4439;281;5510;5565;7.46;0.46;287.97;4.79;1071;22;1880.00;55
4442;22;23115068;4442;284;5517;5566;7.54;0.46;287.92;4.80;1075;22;1881.00;49
4444;22;23115083;4444;286;5522;5568;7.55;0.46;287.89;4.81;1078;22;1882.00;46
4447;22;23115098;4447;280;5526;5569;7.49;0.46;287.96;4.83;1079;22;1883.00;43
4451;22;23115113;4451;275;5528;5569;7.45;0.46;288.11;4.84;1077;22;1884.00;41
4455;22;23115127;4455;278;5531;5569;7.36;0.45;288.18;4.85;1076;22;1885.00;38
4459;22;23115142;4459;284;5532;5569;7.32;0.45;288.21;4.85;1073;22;1886.00;37
4463;22;23115157;4463;290;5540;5573;7.30;0.45;288.14;4.89;1077;22;1887.00;33
4464;23;23115172;4464;297;5540;5573;7.31;0.45;288.11;4.89;1076;23;1888.00;33
4467;23;23115209;4467;302;5543;5573;7.29;0.44;288.20;4.92;1076;23;1889.00;30
4467;23;23115236;4467;312;5548;5579;7.18;0.44;288.20;4.94;1081;23;1890.00;31
4472;23;23115252;4472;326;5551;5579;7.08;0.43;288.28;4.95;1079;23;1891.00;28
4475;23;23115268;4475;331;5552;5579;7.06;0.43;288.48;4.96;1077;23;1892.00;27
4475;23;23115282;4475;338;5555;5583;7.03;0.43;288.48;4.96;1080;23;1893.00;28
4477;23;23115297;4477;344;5559;5584;7.00;0.43;288.49;4.99;1082;23;1894.00;25
4478;23;23115311;4478;343;5559;5584;6.98;0.43;288.58;4.99;1081;23;1895.00;25
4480;24;23115323;4480;351;5566;5588;6.98;0.43;288.64;5.03;1086;24;1896.00;22
4484;24;23115359;4484;357;5568;5588;6.91;0.42;288.59;5.03;1084;24;1897.00;20
4486;24;23115374;4486;355;5570;5588;6.79;0.42;288.66;5.05;1084;24;1898.00;18
4487;24;23115388;4487;353;5574;5589;6.69;0.41;288.63;5.05;1087;24;1899.00;15
4491;24;23115403;4491;349;5574;5589;6.61;0.41;288.72;5.05;1083;24;1900.00;15
4493;24;23115423;4493;347;5580;5595;6.63;0.41;288.79;5.06;1087;24;1901.00;15
4494;24;23115441;4494;347;5581;5595;6.57;0.40;288.86;5.06;1087;24;1902.00;14
4498;24;23115454;4498;344;5582;5596;6.51;0.40;289.03;5.06;1084;24;1903.00;14
4500;24;23115468;4500;341;5583;5596;6.46;0.40;289.09;5.07;1083;24;1904.00;13
4504;24;23115482;4504;342;5583;5596;6.40;0.39;289.30;5.07;1079;24;1905.00;13
4507;24;23115495;4507;349;5584;5596;6.33;0.39;289.31;5.08;1077;24;1906.00;12
4513;24;23115508;4513;343;5585;5596;6.21;0.38;289.41;5.09;1072;24;1907.00;11
4516;24;23115521;4516;347;5596;5608;6.23;0.38;289.50;5.08;1080;24;1908.00;12
4517;24;23115536;4517;348;5597;5608;6.21;0.38;289.52;5.09;1080;24;1909.00;11
4521;24;23115548;4521;349;5597;5608;6.23;0.38;289.69;5.09;1076;24;1910.00;11
4521;24;23115561;4521;348;5599;5608;6.30;0.39;289.69;5.10;1078;24;1911.00;9
4528;24;23115574;4528;357;5600;5608;6.27;0.38;289.84;5.11;1072;24;1912.00;8
4533;24;23115587;4533;357;5600;5608;6.25;0.38;289.73;5.11;1067;24;1913.00;8
4540;24;23115599;4540;360;5603;5612;6.24;0.38;289.81;5.11;1063;24;1914.00;9
4541;24;23115612;4541;359;5604;5612;6.15;0.38;289.80;5.11;1063;24;1915.00;8
4546;24;23115625;4546;369;5608;5616;6.08;0.37;289.84;5.11;1062;24;1916.00;8
4547;24;23115639;4547;369;5612;5617;6.00;0.37;289.87;5.13;1065;24;1917.00;5
4550;24;23115651;4550;375;5612;5617;5.93;0.36;289.94;5.13;1062;24;1918.00;5
4553;24;23115667;4553;374;5612;5617;5.90;0.36;289.82;5.13;1059;24;1919.00;5
4559;24;23115681;4559;376;5635;5646;5.80;0.35;289.85;5.11;1076;24;1920.00;11
4564;24;23115697;4564;375;5636;5646;5.73;0.35;289.88;5.12;1072;24;1921.00;10
4569;24;23115709;4569;386;5639;5646;5.71;0.35;290.00;5.12;1070;24;1922.00;7
4572;24;23115726;4572;395;5643;5647;5.67;0.35;289.95;5.12;1071;24;1923.00;4
4577;24;23115740;4577;404;5644;5648;5.55;0.34;290.00;5.12;1067;24;1924.00;4
4578;24;23115754;4578;392;5644;5648;5.52;0.34;289.97;5.12;1066;24;1925.00;4
4583;24;23115769;4583;388;5648;5651;5.44;0.33;289.91;5.12;1065;24;1926.00;3
4586;24;23115784;4586;390;5649;5651;5.39;0.33;289.96;5.12;1063;24;1927.00;2
4591;24;23115797;4591;394;5650;5651;5.35;0.33;289.86;5.12;1059;24;1928.00;1
4596;24;23115810;4596;400;5650;5651;5.30;0.32;289.96;5.12;1054;24;1929.00;1
4599;24;23115825;4599;399;5655;5657;5.31;0.32;289.88;5.11;1056;24;1930.00;2
4604;24;23115840;4604;407;5655;5657;5.27;0.32;289.78;5.11;1051;24;1931.00;2
4606;24;23115855;4606;409;5655;5657;5.23;0.32;289.85;5.11;1049;24;1932.00;2
4607;24;23115869;4607;412;5655;5657;5.20;0.32;289.82;5.11;1048;24;1933.00;2
4609;24;23115883;4609;413;5658;5661;5.17;0.32;289.90;5.11;1049;24;1934.00;3
4614;24;23115895;4614;410;5660;5663;5.09;0.31;289.76;5.11;1046;24;1935.00;3
4616;24;23115910;4616;410;5660;5663;5.03;0.31;289.85;5.11;1044;24;1936.00;3
4620;24;23115928;4620;412;5661;5664;5.02;0.31;289.78;5.11;1041;24;1937.00;3
4623;24;23115945;4623;412;5661;5664;5.04;0.31;289.77;5.11;1038;24;1938.00;3
4627;24;23115959;4627;417;5661;5664;5.02;0.31;289.78;5.11;1034;24;1939.00;3
4630;24;23115974;4630;420;5661;5664;5.04;0.31;289.69;5.11;1031;24;1940.00;3
4632;24;23115995;4632;423;5661;5664;5.02;0.31;289.77;5.11;1029;24;1941.00;3
4634;24;23116009;4634;427;5661;5664;4.97;0.30;289.78;5.11;1027;24;1942.00;3
4634;24;23116026;4634;431;5661;5664;5.01;0.31;289.78;5.11;1027;24;1943.00;3
4637;24;23116040;4637;443;5702;5734;5.14;0.32;289.83;5.07;1065;24;1944.00;32
4637;24;23116060;4637;447;5703;5735;5.13;0.32;289.83;5.07;1066;24;1945.00;32
4640;24;23116072;4640;443;5709;5735;5.21;0.32;289.83;5.07;1069;24;1946.00;26
4645;24;23116084;4645;440;5712;5735;5.22;0.32;289.82;5.07;1067;24;1947.00;23
4647;24;23116098;4647;440;5715;5735;5.18;0.32;289.88;5.07;1068;24;1948.00;20
4654;24;23116112;4654;441;5717;5735;5.17;0.32;289.83;5.07;1063;24;1949.00;18
4657;24;23116128;4657;446;5721;5737;5.21;0.32;289.84;5.07;1064;24;1950.00;16
4660;24;23116144;4660;432;5723;5737;5.23;0.32;289.89;5.07;1063;24;1951.00;14
4663;24;23116160;4663;422;5725;5738;5.29;0.32;289.93;5.07;1062;24;1952.00;13
4668;24;23116177;4668;417;5727;5739;5.28;0.32;290.03;5.07;1059;24;1953.00;12
4669;24;23116202;4669;429;5729;5739;5.34;0.33;290.04;5.07;1060;24;1954.00;10
4674;24;23116225;4674;427;5733;5743;5.36;0.33;290.08;5.07;1059;24;1955.00;10
4679;24;23116246;4679;436;5734;5743;5.47;0.34;290.01;5.07;1055;24;1956.00;9
4683;24;23116258;4683;441;5735;5743;5.58;0.34;290.02;5.07;1052;24;1957.00;8
4687;24;23116283;4687;443;5735;5743;5.66;0.35;289.93;5.07;1048;24;1958.00;8
4692;24;23116297;4692;442;5740;5749;5.70;0.35;289.88;5.07;1048;24;1959.00;9
4697;24;23116311;4697;445;5740;5749;5.71;0.35;289.92;5.07;1043;24;1960.00;9
4699;24;23116323;4699;446;5740;5749;5.69;0.35;289.91;5.07;1041;24;1961.00;9
4704;24;23116337;4704;441;5743;5752;5.67;0.35;289.90;5.06;1039;24;1962.00;9
4709;24;23116351;4709;441;5743;5752;5.64;0.35;289.86;5.06;1034;24;1963.00;9
4709;24;23116363;4709;448;5743;5752;5.62;0.34;289.86;5.06;1034;24;1964.00;9
4711;24;23116375;4711;449;5743;5753;5.56;0.34;289.88;5.06;1032;24;1965.00;10
4714;24;23116389;4714;453;5744;5754;5.53;0.34;289.81;5.06;1030;24;1966.00;10
4716;24;23116402;4716;453;5744;5754;5.49;0.34;289.77;5.06;1028;24;1967.00;10
4718;24;23116421;4718;456;5755;5767;5.57;0.34;289.74;5.05;1037;24;1968.00;12
4720;24;23116436;4720;460;5755;5767;5.59;0.34;289.69;5.05;1035;24;1969.00;12
4721;24;23116449;4721;461;5755;5767;5.62;0.34;289.72;5.05;1034;24;1970.00;12
4722;24;23116461;4722;472;5756;5768;5.62;0.34;289.68;5.05;1034;24;1971.00;12
4723;24;23116476;4723;461;5756;5768;5.62;0.34;289.75;5.05;1033;24;1972.00;12
4726;24;23116489;4726;450;5760;5772;5.69;0.35;289.89;5.05;1034;24;1973.00;12
4728;24;23116503;4728;449;5760;5772;5.72;0.35;289.97;5.05;1032;24;1974.00;12
4729;24;23116517;4729;446;5763;5776;5.77;0.35;290.00;5.05;1034;24;1975.00;13
4732;24;23116530;4732;447;5763;5776;5.84;0.35;290.17;5.05;1031;24;1976.00;13
4734;24;23116543;4734;449;5763;5776;5.89;0.36;290.12;5.05;1029;24;1977.00;13
4736;24;23116556;4736;447;5763;5776;5.90;0.36;290.09;5.05;1027;24;1978.00;13
4736;24;23116570;4736;452;5763;5776;5.92;0.36;290.09;5.05;1027;24;1979.00;13
4738;24;23116584;4738;453;5791;5810;6.04;0.37;290.07;5.02;1053;24;1980.00;19
4740;24;23116606;4740;441;5791;5810;6.08;0.37;290.16;5.02;1051;25;1981.00;19
4745;24;23116629;4745;428;5793;5810;6.12;0.37;290.31;5.02;1048;25;1982.00;17
4747;25;23116643;4747;420;5793;5810;6.18;0.38;290.37;5.02;1046;26;1983.00;17
4750;25;23116679;4750;414;5794;5810;6.23;0.38;290.52;5.02;1044;26;1984.00;16
4751;25;23116693;4751;409;5794;5810;6.25;0.38;290.60;5.02;1043;26;1985.00;16
4755;25;23116707;4755;413;5794;5811;6.28;0.38;290.72;5.02;1039;26;1986.00;17
4758;25;23116728;4758;412;5794;5811;6.27;0.38;290.73;5.02;1036;26;1987.00;17
4759;25;23116746;4759;412;5799;5817;6.31;0.38;290.79;5.02;1040;26;1988.00;18
4763;25;23116761;4763;418;5800;5818;6.26;0.38;290.89;5.02;1037;26;1989.00;18
4763;25;23116778;4763;427;5800;5818;6.26;0.38;290.89;5.02;1037;26;1990.00;18
4767;25;23116791;4767;422;5800;5818;6.24;0.38;291.06;5.02;1033;26;1991.00;18
4769;25;23116805;4769;421;5803;5822;6.20;0.38;291.13;5.01;1034;26;1992.00;19
4771;25;23116819;4771;419;5803;5822;6.19;0.38;291.18;5.01;1032;26;1993.00;19
4773;25;23116834;4773;412;5803;5822;6.18;0.38;291.27;5.01;1030;26;1994.00;19
4775;25;23116850;4775;416;5804;5823;6.17;0.38;291.35;5.01;1029;26;1995.00;19
4778;25;23116863;4778;408;5807;5827;6.16;0.37;291.31;5.01;1029;26;1996.00;20
4780;25;23116877;4780;403;5807;5827;6.17;0.38;291.46;5.01;1027;26;1997.00;20
4782;25;23116891;4782;407;5809;5830;6.25;0.38;291.53;5.01;1027;26;1998.00;21
4783;25;23116904;4783;405;5809;5830;6.27;0.38;291.54;5.01;1026;26;1999.00;21
4785;25;23116918;4785;405;5810;5830;6.30;0.38;291.71;5.01;1025;26;2000.00;20
4789;25;23116935;4789;410;5810;5830;6.33;0.39;291.80;5.01;1021;26;2001.00;20
4790;25;23116951;4790;410;5814;5834;6.37;0.39;291.76;5.01;1024;26;2002.00;20
4792;25;23116966;4792;408;5814;5834;6.38;0.39;291.93;5.01;1022;26;2003.00;20
4797;25;23116979;4797;404;5814;5834;6.35;0.39;292.03;5.01;1017;26;2004.00;20
4799;25;23116992;4799;403;5814;5834;6.42;0.39;292.09;5.01;1015;26;2005.00;20
4802;25;23117008;4802;403;5814;5835;6.49;0.40;292.29;5.01;1012;26;2006.00;21
4804;25;23117026;4804;403;5815;5836;6.53;0.40;292.29;5.01;1011;26;2007.00;21
4807;25;23117042;4807;408;5815;5836;6.53;0.40;292.30;5.01;1008;26;2008.00;21
4811;25;23117057;4811;408;5816;5837;6.51;0.39;292.45;5.00;1005;26;2009.00;21
4814;25;23117072;4814;412;5816;5837;6.46;0.39;292.52;5.00;1002;26;2010.00;21
4815;25;23117085;4815;417;5816;5837;6.45;0.39;292.51;5.00;1001;26;2011.00;21
4817;25;23117100;4817;419;5816;5837;6.40;0.39;292.50;5.00;999;26;2012.00;21
4819;25;23117114;4819;421;5816;5837;6.34;0.38;292.58;5.00;997;26;2013.00;21
4819;25;23117127;4819;423;5816;5837;6.29;0.38;292.58;5.00;997;26;2014.00;21
4824;25;23117140;4824;418;5816;5837;6.26;0.38;292.68;5.00;992;26;2015.00;21
4825;25;23117154;4825;438;5892;5964;6.29;0.39;292.71;4.94;1067;26;2016.00;72
4825;25;23117183;4825;420;5892;5965;6.32;0.39;292.71;4.94;1067;26;2017.00;73
4827;25;23117197;4827;411;5896;5965;6.38;0.39;292.65;4.94;1069;26;2018.00;69
4827;25;23117211;4827;398;5896;5965;6.38;0.39;292.65;4.94;1069;26;2019.00;69
4830;25;23117224;4830;390;5900;5965;6.42;0.39;292.74;4.94;1070;26;2020.00;65
4831;25;23117240;4831;393;5900;5965;6.45;0.40;292.74;4.94;1069;26;2021.00;65
4833;25;23117255;4833;391;5904;5965;6.49;0.40;292.83;4.94;1071;26;2022.00;61
4835;25;23117270;4835;389;5905;5965;6.53;0.40;292.83;4.94;1070;26;2023.00;60
4836;25;23117287;4836;386;5908;5966;6.59;0.40;292.84;4.94;1072;26;2024.00;58
4839;25;23117311;4839;384;5914;5968;6.61;0.40;293.00;4.94;1075;26;2025.00;54
4842;25;23117328;4842;384;5916;5968;6.59;0.40;293.05;4.95;1074;26;2026.00;52
4845;25;23117343;4845;380;5917;5969;6.52;0.40;293.05;4.95;1072;26;2027.00;52
4849;25;23117359;4849;376;5919;5969;6.52;0.40;293.16;4.95;1070;26;2028.00;50
4852;25;23117375;4852;364;5923;5969;6.47;0.39;293.48;4.97;1071;26;2029.00;46
4854;25;23117394;4854;360;5929;5969;6.43;0.39;293.54;4.99;1075;26;2030.00;40
4860;25;23117411;4860;356;5932;5973;6.34;0.39;293.73;4.99;1072;26;2031.00;41
4863;25;23117425;4863;353;5933;5973;6.28;0.38;293.84;4.99;1070;26;2032.00;40
4866;25;23117439;4866;352;5935;5973;6.24;0.38;293.94;5.00;1069;26;2033.00;38
4869;25;23117452;4869;350;5936;5976;6.24;0.38;294.01;4.99;1067;26;2034.00;40
4869;25;23117472;4869;347;5938;5976;6.27;0.38;294.01;5.00;1069;26;2035.00;38
4872;25;23117488;4872;339;5938;5976;6.33;0.39;294.00;5.00;1066;26;2036.00;38
4876;25;23117507;4876;342;5941;5980;6.38;0.39;294.08;5.00;1065;26;2037.00;39
4877;25;23117523;4877;338;5942;5981;6.47;0.39;294.09;5.00;1065;26;2038.00;39
4880;25;23117540;4880;333;5944;5981;6.50;0.40;294.15;5.00;1064;26;2039.00;37
4881;25;23117557;4881;331;5947;5986;6.58;0.40;294.16;5.00;1066;26;2040.00;39
4882;25;23117575;4882;331;5949;5986;6.71;0.41;294.11;5.00;1067;26;2041.00;37
4884;25;23117591;4884;328;5950;5986;6.76;0.41;294.10;5.02;1066;26;2042.00;36
4885;25;23117607;4885;323;5951;5987;6.79;0.41;294.16;5.02;1066;26;2043.00;36
4890;25;23117623;4890;318;5951;5987;6.80;0.41;294.17;5.02;1061;26;2044.00;36
4893;25;23117640;4893;316;5955;5993;6.90;0.42;294.38;5.01;1062;26;2045.00;38
4897;25;23117658;4897;317;5955;5993;6.81;0.41;294.33;5.01;1058;26;2046.00;38
4900;25;23117673;4900;314;5956;5994;6.80;0.41;294.36;5.02;1056;26;2047.00;38
4903;25;23117689;4903;315;5956;5994;6.72;0.41;294.51;5.02;1053;26;2048.00;38
4905;25;23117704;4905;313;5957;5994;6.65;0.40;294.44;5.02;1052;26;2049.00;37
4909;25;23117719;4909;320;5958;5994;6.62;0.40;294.40;5.03;1049;26;2050.00;36
4911;25;23117732;4911;322;5960;5994;6.68;0.40;294.37;5.04;1049;26;2051.00;34
4913;25;23117747;4913;322;5972;6006;6.71;0.41;294.46;5.05;1059;26;2052.00;34
4914;25;23117769;4914;328;5972;6006;6.70;0.41;294.50;5.05;1058;26;2053.00;34
4916;25;23117787;4916;330;5973;6006;6.72;0.41;294.73;5.05;1057;26;2054.00;33
4920;25;23117801;4920;327;5976;6006;6.65;0.40;294.78;5.08;1056;26;2055.00;30
4921;25;23117819;4921;336;5976;6006;6.64;0.40;294.78;5.08;1055;26;2056.00;30
4923;25;23117837;4923;343;5978;6006;6.64;0.40;294.79;5.10;1055;26;2057.00;28
4927;25;23117853;4927;349;5981;6010;6.65;0.40;295.06;5.11;1054;26;2058.00;29
4928;25;23117869;4928;345;5982;6010;6.69;0.41;295.03;5.11;1054;26;2059.00;28
4932;25;23117892;4932;351;5987;6014;6.70;0.41;295.33;5.12;1055;26;2060.00;27
4933;25;23117908;4933;355;5989;6015;6.68;0.41;295.31;5.14;1056;26;2061.00;26
4935;25;23117923;4935;367;5990;6015;6.60;0.40;295.30;5.15;1055;26;2062.00;25
4937;25;23117938;4937;368;5991;6015;6.52;0.40;295.48;5.17;1054;26;2063.00;24
4941;25;23117951;4941;378;6002;6028;6.45;0.39;295.49;5.16;1061;26;2064.00;26
4944;25;23117967;4944;378;6003;6028;6.42;0.39;295.51;5.18;1059;26;2065.00;25
4947;25;23117979;4947;381;6006;6028;6.37;0.39;295.65;5.22;1059;26;2066.00;22
4949;25;23117993;4949;390;6007;6029;6.36;0.39;295.81;5.22;1058;26;2067.00;22
4951;25;23118009;4951;396;6009;6030;6.31;0.38;295.86;5.24;1058;26;2068.00;21
4953;25;23118032;4953;395;6009;6030;6.24;0.38;295.86;5.24;1056;26;2069.00;21
4954;25;23118052;4954;405;6015;6036;6.17;0.38;295.83;5.26;1061;26;2070.00;21
4954;25;23118071;4954;407;6015;6036;6.09;0.37;295.83;5.26;1061;26;2071.00;21
4958;25;23118088;4958;415;6017;6036;6.00;0.37;295.86;5.26;1059;26;2072.00;19
4959;25;23118105;4959;419;6017;6036;5.97;0.36;295.83;5.26;1058;26;2073.00;19
4960;25;23118122;4960;415;6022;6042;6.00;0.37;295.80;5.26;1062;26;2074.00;20
4964;25;23118139;4964;408;6026;6042;5.93;0.36;295.70;5.30;1062;26;2075.00;16
4964;25;23118158;4964;411;6026;6042;5.95;0.36;295.70;5.30;1062;26;2076.00;16
4967;25;23118176;4967;407;6028;6042;5.91;0.36;295.67;5.32;1061;26;2077.00;14
4969;25;23118189;4969;404;6031;6046;5.87;0.36;295.59;5.32;1062;26;2078.00;15
4970;25;23118202;4970;406;6032;6047;5.87;0.36;295.56;5.32;1062;26;2079.00;15
4973;25;23118215;4973;411;6034;6047;5.79;0.35;295.48;5.34;1061;26;2080.00;13
4973;25;23118229;4973;415;6035;6048;5.81;0.36;295.48;5.34;1062;26;2081.00;13
4975;25;23118241;4975;414;6037;6048;5.80;0.35;295.41;5.35;1062;26;2082.00;11
4975;25;23118254;4975;410;6037;6048;5.81;0.36;295.41;5.35;1062;26;2083.00;11
4977;25;23118266;4977;410;6039;6048;5.82;0.36;295.33;5.37;1062;26;2084.00;9
4979;25;23118278;4979;411;6039;6048;5.84;0.36;295.23;5.37;1060;26;2085.00;9
4982;25;23118291;4982;416;6039;6048;5.82;0.36;295.18;5.37;1057;26;2086.00;9
4982;25;23118303;4982;412;6041;6048;5.82;0.36;295.18;5.38;1059;26;2087.00;7
4986;25;23118315;4986;418;6076;6118;5.96;0.37;295.14;5.35;1090;26;2088.00;42
4992;25;23118334;4992;421;6080;6119;5.80;0.35;294.98;5.35;1088;26;2089.00;39
4993;25;23118347;4993;422;6089;6119;5.76;0.35;294.95;5.35;1096;26;2090.00;30
4994;25;23118359;4994;430;6091;6119;5.65;0.35;294.90;5.35;1097;26;2091.00;28
4996;25;23118372;4996;438;6097;6119;5.61;0.34;294.84;5.36;1101;26;2092.00;22
5000;25;23118383;5000;446;6097;6119;5.55;0.34;294.81;5.36;1097;26;2093.00;22
5002;25;23118396;5002;449;6100;6119;5.53;0.34;294.73;5.36;1098;26;2094.00;19
5008;25;23118409;5008;453;6104;6119;5.48;0.33;294.65;5.36;1096;26;2095.00;15
5012;25;23118421;5012;454;6108;6120;5.42;0.33;294.61;5.37;1096;26;2096.00;12
5014;25;23118433;5014;456;6111;6121;5.33;0.32;294.56;5.37;1097;26;2097.00;10
5016;25;23118445;5016;469;6113;6121;5.23;0.32;294.52;5.37;1097;26;2098.00;8
5018;25;23118457;5018;477;6119;6125;5.11;0.31;294.48;5.37;1101;26;2099.00;6
5022;25;23118471;5022;472;6126;6140;4.97;0.30;294.41;5.37;1104;26;2100.00;14
5023;25;23118491;5023;472;6126;6140;4.93;0.30;294.37;5.37;1103;26;2101.00;14
5026;25;23118504;5026;478;6129;6140;4.87;0.30;294.29;5.37;1103;26;2102.00;11
5028;25;23118516;5028;479;6132;6146;4.85;0.30;294.35;5.37;1104;26;2103.00;14
5031;25;23118528;5031;482;6132;6146;4.86;0.30;294.36;5.37;1101;26;2104.00;14
5032;25;23118542;5032;490;6133;6146;4.85;0.30;294.40;5.37;1101;26;2105.00;13
5036;25;23118556;5036;493;6137;6149;4.78;0.29;294.54;5.37;1101;26;2106.00;12
5038;25;23118568;5038;491;6137;6149;4.78;0.29;294.69;5.37;1099;26;2107.00;12
5039;25;23118580;5039;476;6138;6149;4.80;0.29;294.72;5.37;1099;26;2108.00;11
5040;25;23118594;5040;471;6138;6150;4.80;0.29;294.73;5.37;1098;26;2109.00;12
5041;25;23118607;5041;459;6139;6151;4.87;0.30;294.76;5.37;1098;26;2110.00;12
5042;25;23118621;5042;454;6139;6151;4.97;0.31;294.78;5.37;1097;26;2111.00;12
5045;25;23118634;5045;453;6149;6164;5.09;0.31;294.79;5.36;1104;26;2112.00;15
5049;25;23118648;5049;452;6150;6164;5.14;0.32;294.74;5.36;1101;26;2113.00;14
5054;25;23118662;5054;449;6151;6164;5.19;0.32;294.60;5.36;1097;26;2114.00;13
5057;25;23118683;5057;453;6153;6166;5.24;0.32;294.62;5.36;1096;26;2115.00;13
5058;25;23118696;5058;452;6153;6166;5.32;0.33;294.63;5.36;1095;26;2116.00;13
5064;25;23118709;5064;459;6158;6170;5.35;0.33;294.51;5.36;1094;26;2117.00;12
5067;25;23118723;5067;457;6158;6170;5.36;0.33;294.53;5.36;1091;26;2118.00;12
5070;25;23118742;5070;460;6161;6174;5.38;0.33;294.58;5.36;1091;26;2119.00;13
5071;25;23118756;5071;457;6161;6174;5.43;0.33;294.61;5.36;1090;26;2120.00;13
5076;25;23118770;5076;457;6161;6174;5.41;0.33;294.56;5.36;1085;26;2121.00;13
5079;25;23118801;5079;464;6161;6174;5.42;0.33;294.65;5.36;1082;26;2122.00;13
5081;25;23118814;5081;461;6163;6174;5.41;0.33;294.67;5.36;1082;26;2123.00;11
5083;25;23118829;5083;466;6171;6186;5.48;0.33;294.63;5.36;1088;26;2124.00;15
5088;25;23118845;5088;470;6172;6186;5.46;0.33;294.62;5.36;1084;26;2125.00;14
5091;25;23118858;5091;470;6175;6186;5.48;0.33;294.68;5.36;1084;26;2126.00;11
5094;25;23118878;5094;471;6175;6186;5.46;0.33;294.78;5.36;1081;26;2127.00;11
5096;25;23118891;5096;475;6175;6186;5.44;0.33;294.80;5.36;1079;26;2128.00;11
5100;25;23118903;5100;478;6177;6186;5.39;0.33;294.81;5.37;1077;26;2129.00;9
5104;25;23118919;5104;476;6177;6187;5.40;0.33;294.75;5.37;1073;26;2130.00;10
5106;25;23118932;5106;477;6178;6187;5.41;0.33;294.92;5.37;1072;26;2131.00;9
5108;25;23118946;5108;479;6183;6193;5.45;0.33;294.96;5.36;1075;26;2132.00;10
5112;25;23118959;5112;481;6184;6194;5.46;0.33;295.11;5.36;1072;26;2133.00;10
5115;25;23118973;5115;477;6184;6194;5.45;0.33;295.03;5.36;1069;26;2134.00;10
5119;25;23118987;5119;475;6184;6194;5.41;0.33;295.06;5.36;1065;26;2135.00;10
5123;25;23119000;5123;472;6186;6198;5.36;0.33;295.13;5.36;1063;26;2136.00;12
5128;25;23119017;5128;479;6187;6198;5.36;0.33;295.28;5.36;1059;26;2137.00;11
5131;25;23119034;5131;481;6187;6198;5.37;0.33;295.37;5.36;1056;26;2138.00;11
5134;25;23119047;5134;482;6188;6199;5.34;0.33;295.53;5.36;1054;26;2139.00;11
5136;25;23119059;5136;486;6191;6203;5.39;0.33;295.54;5.36;1055;26;2140.00;12
5140;25;23119074;5140;478;6191;6203;5.36;0.33;295.68;5.36;1051;26;2141.00;12
5144;25;23119088;5144;481;6193;6206;5.35;0.33;295.83;5.35;1049;26;2142.00;13
5145;25;23119102;5145;481;6193;6206;5.33;0.33;295.92;5.35;1048;26;2143.00;13
5146;25;23119115;5146;482;6194;6206;5.31;0.32;296.01;5.35;1048;26;2144.00;12
5148;25;23119128;5148;487;6194;6206;5.26;0.32;296.16;5.35;1046;26;2145.00;12
5151;25;23119141;5151;496;6198;6210;5.27;0.32;296.28;5.35;1047;26;2146.00;12
5154;25;23119157;5154;483;6198;6210;5.23;0.32;296.28;5.35;1044;26;2147.00;12
5156;25;23119171;5156;471;6198;6210;5.20;0.32;296.32;5.35;1042;26;2148.00;12
5160;25;23119186;5160;463;6198;6210;5.20;0.32;296.30;5.35;1038;26;2149.00;12
5163;25;23119200;5163;456;6198;6211;5.24;0.32;296.33;5.35;1035;26;2150.00;13
5166;25;23119213;5166;451;6199;6212;5.30;0.32;296.43;5.35;1033;26;2151.00;13
5167;25;23119227;5167;448;6199;6212;5.37;0.33;296.44;5.35;1032;26;2152.00;13
5171;25;23119240;5171;448;6200;6213;5.40;0.33;296.44;5.35;1029;26;2153.00;13
5175;25;23119256;5175;448;6200;6213;5.44;0.33;296.49;5.35;1025;26;2154.00;13
5177;25;23119270;5177;446;6200;6213;5.47;0.33;296.64;5.35;1023;26;2155.00;13
5180;25;23119285;5180;434;6200;6213;5.54;0.34;296.63;5.35;1020;26;2156.00;13
5182;25;23119299;5182;425;6200;6213;5.62;0.34;296.72;5.35;1018;26;2157.00;13
5183;25;23119312;5183;420;6200;6213;5.69;0.35;296.70;5.35;1017;26;2158.00;13
5186;25;23119324;5186;415;6200;6213;5.71;0.35;296.74;5.35;1014;26;2159.00;13
5190;25;23119340;5190;468;6324;6443;5.89;0.37;296.76;5.24;1134;26;2160.00;119
5192;25;23119374;5192;457;6331;6444;5.94;0.37;296.89;5.24;1139;26;2161.00;113
5195;25;23119392;5195;436;6340;6444;6.05;0.38;296.99;5.24;1145;26;2162.00;104
5197;25;23119408;5197;435;6345;6444;6.14;0.38;296.98;5.23;1148;26;2163.00;99
5198;25;23119423;5198;433;6355;6444;6.24;0.39;297.01;5.23;1157;26;2164.00;89
5200;25;23119437;5200;430;6361;6444;6.26;0.39;297.23;5.23;1161;26;2165.00;83
5202;25;23119452;5202;434;6366;6444;6.26;0.39;297.23;5.23;1164;26;2166.00;78
5208;25;23119467;5208;436;6370;6444;6.23;0.39;297.34;5.23;1162;26;2167.00;74
5213;25;23119484;5213;430;6376;6445;6.21;0.39;297.45;5.24;1163;26;2168.00;69
5215;25;23119499;5215;428;6380;6446;6.11;0.38;297.48;5.24;1165;26;2169.00;66
5216;25;23119514;5216;446;6385;6446;6.01;0.37;297.49;5.24;1169;26;2170.00;61
5221;25;23119528;5221;450;6387;6447;5.93;0.37;297.74;5.24;1166;26;2171.00;60
5222;25;23119549;5222;457;6389;6447;5.87;0.36;297.72;5.25;1167;26;2172.00;58
5223;25;23119563;5223;459;6394;6447;5.81;0.36;297.77;5.25;1171;26;2173.00;53
5228;25;23119579;5228;469;6394;6447;5.78;0.36;297.89;5.25;1166;26;2174.00;53
5228;25;23119598;5228;478;6399;6451;5.71;0.35;297.89;5.25;1171;26;2175.00;52
5231;25;23119614;5231;478;6399;6451;5.69;0.35;297.87;5.25;1168;26;2176.00;52
5232;25;23119628;5232;484;6401;6451;5.64;0.35;297.86;5.26;1169;26;2177.00;50
5236;25;23119651;5236;491;6402;6454;5.59;0.34;297.88;5.25;1166;26;2178.00;52
5241;25;23119673;5241;487;6402;6454;5.52;0.34;297.99;5.25;1161;26;2179.00;52
5241;25;23119689;5241;486;6403;6454;5.53;0.34;297.99;5.26;1162;26;2180.00;51
5244;25;23119703;5244;487;6406;6458;5.51;0.34;297.98;5.26;1162;26;2181.00;52
5245;25;23119719;5245;487;6407;6459;5.55;0.34;298.00;5.25;1162;26;2182.00;52
5249;25;23119734;5249;483;6408;6459;5.51;0.34;298.09;5.26;1159;26;2183.00;51
5250;25;23119749;5250;491;6412;6463;5.50;0.34;298.09;5.26;1162;26;2184.00;51
5250;25;23119767;5250;491;6412;6463;5.53;0.34;298.09;5.26;1162;26;2185.00;51
5252;25;23119786;5252;494;6414;6463;5.53;0.34;298.15;5.26;1162;26;2186.00;49
5254;25;23119802;5254;491;6415;6464;5.59;0.34;298.19;5.26;1161;26;2187.00;49
5256;25;23119819;5256;490;6415;6464;5.62;0.34;298.20;5.26;1159;26;2188.00;49
5258;25;23119834;5258;493;6421;6470;5.67;0.35;298.22;5.27;1163;26;2189.00;49
5258;25;23119852;5258;483;6421;6470;5.69;0.35;298.22;5.27;1163;26;2190.00;49
5259;25;23119867;5259;487;6421;6471;5.74;0.35;298.19;5.27;1162;26;2191.00;50
5261;25;23119881;5261;479;6421;6471;5.76;0.35;298.20;5.27;1160;26;2192.00;50
5263;25;23119899;5263;474;6422;6471;5.77;0.35;298.25;5.27;1159;26;2193.00;49
5266;25;23119920;5266;465;6423;6471;5.81;0.35;298.23;5.27;1157;26;2194.00;48
5269;25;23119934;5269;469;6425;6471;5.82;0.36;298.30;5.28;1156;26;2195.00;46
5272;25;23119951;5272;460;6435;6483;5.90;0.36;298.25;5.28;1163;26;2196.00;48
5274;25;23119975;5274;454;6436;6483;5.92;0.36;298.31;5.28;1162;26;2197.00;47
5275;25;23119989;5275;452;6436;6483;5.96;0.36;298.30;5.28;1161;26;2198.00;47
5278;25;23120003;5278;449;6437;6483;5.99;0.37;298.57;5.28;1159;26;2199.00;46
5280;25;23120020;5280;443;6439;6483;5.98;0.37;298.51;5.29;1159;26;2200.00;44
5283;25;23120042;5283;439;6439;6483;5.96;0.36;298.47;5.29;1156;26;2201.00;44
5287;25;23120057;5287;437;6444;6487;5.90;0.36;298.54;5.29;1157;26;2202.00;43
5291;25;23120072;5291;432;6444;6487;5.82;0.35;298.61;5.29;1153;26;2203.00;43
5292;26;23120087;5292;422;6448;6491;5.72;0.35;298.60;5.29;1156;27;2204.00;43
5294;26;23120116;5294;419;6452;6493;5.58;0.34;298.68;5.31;1158;27;2205.00;41
5299;26;23120133;5299;419;6452;6493;5.44;0.33;298.69;5.31;1153;27;2206.00;41
5301;26;23120153;5301;415;6452;6493;5.36;0.33;298.71;5.31;1151;27;2207.00;41
5304;26;23120168;5304;409;6461;6506;5.34;0.33;298.95;5.31;1157;27;2208.00;45
5307;26;23120184;5307;401;6461;6506;5.40;0.33;299.07;5.31;1154;27;2209.00;45
5308;26;23120200;5308;395;6463;6508;5.49;0.34;299.11;5.31;1155;27;2210.00;45
5310;26;23120216;5310;391;6464;6509;5.57;0.34;299.26;5.30;1154;27;2211.00;45
5311;26;23120231;5311;390;6464;6510;5.65;0.35;299.29;5.30;1153;27;2212.00;46
5313;26;23120245;5313;386;6464;6510;5.70;0.35;299.38;5.30;1151;27;2213.00;46
5316;26;23120259;5316;387;6466;6513;5.77;0.35;299.44;5.30;1150;27;2214.00;47
5317;26;23120274;5317;385;6466;6513;5.78;0.35;299.43;5.30;1149;27;2215.00;47
5320;26;23120288;5320;396;6467;6513;5.77;0.35;299.52;5.30;1147;27;2216.00;46
5323;26;23120302;5323;393;6467;6513;5.78;0.35;299.71;5.30;1144;27;2217.00;46
5326;26;23120316;5326;395;6472;6519;5.85;0.36;299.84;5.30;1146;27;2218.00;47
5329;26;23120330;5329;393;6472;6519;5.85;0.36;299.91;5.30;1143;27;2219.00;47
5331;26;23120346;5331;396;6472;6519;5.84;0.36;300.08;5.30;1141;27;2220.00;47
5333;26;23120363;5333;403;6472;6519;5.82;0.35;300.21;5.30;1139;27;2221.00;47
5335;26;23120378;5335;405;6476;6523;5.81;0.35;300.24;5.31;1141;27;2222.00;47
5340;26;23120392;5340;405;6477;6524;5.78;0.35;300.30;5.31;1137;27;2223.00;47
5343;26;23120406;5343;410;6477;6524;5.78;0.35;300.38;5.31;1134;27;2224.00;47
5347;26;23120420;5347;410;6479;6525;5.76;0.35;300.48;5.31;1132;27;2225.00;46
5347;26;23120434;5347;406;6479;6525;5.75;0.35;300.48;5.31;1132;27;2226.00;46
5349;26;23120451;5349;405;6479;6525;5.75;0.35;300.42;5.31;1130;27;2227.00;46
5350;26;23120466;5350;409;6480;6525;5.72;0.35;300.38;5.32;1130;27;2228.00;45
5353;26;23120481;5353;415;6480;6525;5.68;0.35;300.47;5.32;1127;27;2229.00;45
5353;26;23120495;5353;411;6481;6525;5.63;0.34;300.47;5.34;1128;27;2230.00;44
5356;26;23120508;5356;413;6482;6525;5.57;0.34;300.36;5.35;1126;27;2231.00;43
5356;26;23120522;5356;425;6516;6595;5.73;0.35;300.36;5.34;1160;27;2232.00;79
5358;26;23120542;5358;424;6518;6596;5.68;0.35;300.33;5.37;1160;27;2233.00;78
5359;26;23120556;5359;423;6526;6596;5.70;0.35;300.29;5.37;1167;27;2234.00;70
5361;26;23120570;5361;433;6532;6596;5.64;0.35;300.21;5.39;1171;27;2235.00;64
5361;26;23120585;5361;435;6538;6596;5.60;0.34;300.21;5.40;1177;27;2236.00;58
5364;26;23120603;5364;441;6540;6596;5.53;0.34;300.18;5.40;1176;27;2237.00;56
5369;26;23120618;5369;443;6544;6596;5.51;0.34;300.04;5.40;1175;27;2238.00;52
5371;26;23120632;5371;454;6551;6596;5.48;0.34;300.02;5.48;1180;27;2239.00;45
5376;26;23120647;5376;458;6555;6597;5.44;0.33;299.80;5.50;1179;27;2240.00;42
5377;26;23120663;5377;463;6560;6598;5.38;0.33;299.76;5.53;1183;27;2241.00;38
5379;26;23120681;5379;473;6562;6598;5.30;0.32;299.70;5.54;1183;27;2242.00;36
5381;26;23120696;5381;480;6570;6602;5.33;0.33;299.68;5.57;1189;27;2243.00;32
5384;26;23120711;5384;484;6575;6602;5.32;0.33;299.62;5.63;1191;27;2244.00;27
5385;26;23120725;5385;491;6576;6602;5.29;0.32;299.57;5.63;1191;27;2245.00;26
5387;26;23120739;5387;497;6577;6602;5.25;0.32;299.50;5.63;1190;27;2246.00;25
5390;26;23120752;5390;495;6584;6608;5.25;0.32;299.40;5.65;1194;27;2247.00;24
5391;26;23120768;5391;492;6585;6608;5.19;0.32;299.37;5.66;1194;27;2248.00;23
5391;26;23120782;5391;498;6586;6608;5.16;0.32;299.37;5.67;1195;27;2249.00;22
5392;26;23120797;5392;495;6592;6614;5.15;0.32;299.44;5.68;1200;27;2250.00;22
5394;26;23120812;5394;493;6593;6614;5.13;0.32;299.44;5.69;1199;27;2251.00;21
5394;26;23120826;5394;488;6595;6614;5.12;0.32;299.44;5.70;1201;27;2252.00;19
5396;26;23120841;5396;486;6595;6615;5.13;0.32;299.44;5.70;1199;27;2253.00;20
5397;26;23120857;5397;491;6598;6616;5.13;0.32;299.39;5.72;1201;27;2254.00;18
5399;26;23120874;5399;493;6598;6616;5.13;0.32;299.40;5.72;1199;27;2255.00;18
5399;26;23120888;5399;491;6610;6629;5.09;0.31;299.40;5.74;1211;27;2256.00;19
5403;26;23120904;5403;496;6611;6629;5.01;0.31;299.24;5.74;1208;27;2257.00;18
5404;26;23120919;5404;498;6612;6629;4.98;0.31;299.22;5.75;1208;27;2258.00;17
5405;26;23120934;5405;503;6614;6630;4.95;0.30;299.20;5.76;1209;27;2259.00;16
5406;26;23120949;5406;504;6614;6630;4.89;0.30;299.15;5.76;1208;27;2260.00;16
5409;26;23120962;5409;505;6620;6634;4.83;0.30;299.12;5.77;1211;27;2261.00;14
5414;26;23120982;5414;505;6620;6634;4.70;0.29;299.10;5.77;1206;27;2262.00;14
5416;26;23120996;5416;512;6624;6638;4.62;0.28;299.07;5.77;1208;27;2263.00;14
5419;26;23121012;5419;522;6625;6638;4.50;0.28;299.04;5.78;1206;27;2264.00;13
5421;26;23121027;5421;515;6625;6638;4.44;0.27;298.99;5.78;1204;27;2265.00;13
5425;26;23121041;5425;517;6626;6638;4.35;0.27;298.96;5.79;1201;27;2266.00;12
5428;26;23121057;5428;507;6626;6638;4.29;0.26;298.98;5.79;1198;27;2267.00;12
5434;26;23121071;5434;517;6635;6650;4.27;0.26;298.92;5.78;1201;27;2268.00;15
5437;26;23121086;5437;508;6635;6650;4.30;0.26;298.96;5.78;1198;27;2269.00;15
5437;26;23121100;5437;502;6636;6650;4.36;0.27;298.96;5.78;1199;27;2270.00;14
5439;26;23121113;5439;505;6637;6650;4.38;0.27;298.95;5.78;1198;27;2271.00;13
5441;26;23121125;5441;511;6637;6650;4.40;0.27;299.02;5.78;1196;27;2272.00;13
5444;26;23121137;5444;508;6637;6650;4.38;0.27;299.00;5.78;1193;27;2273.00;13
5446;26;23121150;5446;515;6637;6651;4.39;0.27;298.95;5.78;1191;27;2274.00;14
5447;26;23121163;5447;502;6637;6651;4.45;0.27;298.93;5.78;1190;27;2275.00;14
5452;26;23121178;5452;504;6642;6657;4.49;0.27;298.93;5.77;1190;27;2276.00;15
5454;26;23121203;5454;501;6643;6658;4.54;0.28;298.91;5.77;1189;27;2277.00;15
5456;26;23121218;5456;495;6643;6658;4.58;0.28;298.87;5.77;1187;27;2278.00;15
5459;26;23121231;5459;485;6643;6658;4.65;0.28;298.82;5.77;1184;27;2279.00;15
5460;26;23121251;5460;485;6647;6663;4.81;0.29;298.83;5.77;1187;27;2280.00;16
5462;26;23121265;5462;485;6647;6663;4.91;0.30;298.80;5.77;1185;27;2281.00;16
5465;26;23121280;5465;475;6647;6663;4.99;0.31;298.86;5.77;1182;27;2282.00;16
5467;26;23121293;5467;462;6648;6664;5.11;0.31;298.88;5.77;1181;27;2283.00;16
5469;26;23121307;5469;451;6651;6668;5.20;0.32;298.91;5.77;1182;27;2284.00;17
5471;26;23121327;5471;442;6651;6668;5.26;0.32;298.96;5.77;1180;27;2285.00;17
5475;26;23121341;5475;439;6653;6671;5.29;0.32;299.02;5.77;1178;27;2286.00;18
5477;26;23121356;5477;428;6653;6671;5.34;0.33;299.03;5.77;1176;27;2287.00;18
5478;26;23121370;5478;428;6653;6671;5.39;0.33;299.05;5.77;1175;27;2288.00;18
5482;26;23121384;5482;422;6653;6671;5.37;0.33;299.06;5.77;1171;27;2289.00;18
5488;26;23121400;5488;425;6656;6675;5.38;0.33;299.24;5.76;1168;27;2290.00;19
5493;26;23121421;5493;418;6656;6675;5.40;0.33;299.19;5.76;1163;27;2291.00;19
5499;26;23121435;5499;417;6656;6675;5.39;0.33;299.17;5.76;1157;27;2292.00;19
5501;26;23121449;5501;417;6656;6675;5.39;0.33;299.15;5.76;1155;27;2293.00;19
5506;26;23121464;5506;417;6657;6676;5.39;0.33;299.36;5.76;1151;27;2294.00;19
5508;26;23121479;5508;418;6658;6678;5.38;0.33;299.49;5.76;1150;27;2295.00;20
5512;26;23121493;5512;414;6658;6678;5.37;0.33;299.60;5.76;1146;27;2296.00;20
5514;26;23121507;5514;410;6660;6679;5.42;0.33;299.71;5.76;1146;27;2297.00;19
5518;26;23121522;5518;411;6661;6679;5.47;0.33;299.81;5.76;1143;27;2298.00;18
5521;26;23121537;5521;414;6661;6679;5.52;0.34;299.82;5.76;1140;27;2299.00;18
5525;26;23121553;5525;414;6661;6679;5.61;0.34;299.80;5.76;1136;27;2300.00;18
5528;26;23121573;5528;412;6661;6679;5.67;0.35;299.81;5.76;1133;27;2301.00;18
5531;26;23121587;5531;407;6661;6679;5.71;0.35;299.92;5.76;1130;27;2302.00;18
5534;26;23121601;5534;406;6661;6679;5.77;0.35;299.95;5.76;1127;27;2303.00;18
5537;26;23121617;5537;423;6733;6806;5.99;0.37;299.98;5.70;1196;27;2304.00;73
5543;26;23121643;5543;413;6735;6807;6.04;0.37;299.95;5.70;1192;27;2305.00;72
5546;26;23121659;5546;414;6743;6807;6.08;0.37;299.99;5.69;1197;27;2306.00;64
5549;26;23121674;5549;406;6743;6807;6.07;0.37;300.00;5.69;1194;27;2307.00;64
5553;26;23121689;5553;403;6747;6807;6.11;0.38;300.20;5.69;1194;27;2308.00;60
5558;26;23121704;5558;405;6748;6807;6.10;0.38;300.36;5.69;1190;27;2309.00;59
5561;26;23121723;5561;414;6749;6807;6.11;0.38;300.44;5.69;1188;27;2310.00;58
5564;26;23121739;5564;410;6751;6807;6.12;0.38;300.46;5.69;1187;27;2311.00;56
5565;26;23121757;5565;418;6755;6808;6.12;0.38;300.60;5.70;1190;27;2312.00;53
5567;26;23121794;5567;415;6760;6809;6.09;0.37;300.62;5.70;1193;27;2313.00;49
5568;26;23121820;5568;413;6762;6809;6.03;0.37;300.60;5.70;1194;27;2314.00;47
5572;26;23121839;5572;422;6764;6810;5.96;0.37;300.64;5.70;1192;27;2315.00;46
5577;26;23121868;5577;423;6767;6810;5.86;0.36;300.88;5.70;1190;27;2316.00;43
5578;26;23121893;5578;425;6769;6810;5.78;0.36;300.88;5.71;1191;27;2317.00;41
5583;26;23121909;5583;435;6771;6810;5.71;0.35;301.03;5.71;1188;27;2318.00;39
5586;26;23121924;5586;446;6776;6814;5.61;0.34;301.17;5.71;1190;27;2319.00;38
5590;26;23121940;5590;449;6777;6814;5.51;0.34;301.30;5.71;1187;27;2320.00;37
5593;26;23121955;5593;456;6777;6814;5.44;0.33;301.48;5.71;1184;27;2321.00;37
5593;26;23121971;5593;442;6780;6817;5.42;0.33;301.48;5.71;1187;27;2322.00;37
5598;26;23121986;5598;443;6781;6817;5.38;0.33;301.62;5.71;1183;27;2323.00;36
5599;26;23122002;5599;438;6783;6817;5.41;0.33;301.58;5.71;1184;27;2324.00;34
5603;26;23122019;5603;439;6786;6821;5.43;0.33;301.78;5.71;1183;27;2325.00;35
5606;26;23122037;5606;438;6789;6822;5.44;0.33;301.91;5.71;1183;27;2326.00;33
5609;26;23122053;5609;439;6790;6822;5.47;0.33;301.93;5.71;1181;27;2327.00;32
5614;26;23122070;5614;441;6792;6826;5.46;0.33;302.00;5.71;1178;27;2328.00;34
5615;26;23122091;5615;435;6793;6826;5.54;0.34;302.09;5.71;1178;27;2329.00;33
5619;26;23122107;5619;440;6793;6826;5.54;0.34;302.18;5.71;1174;27;2330.00;33
5623;26;23122123;5623;435;6794;6827;5.57;0.34;302.30;5.71;1171;28;2331.00;33
5626;26;23122149;5626;427;6795;6827;5.62;0.34;302.49;5.71;1169;28;2332.00;32
5627;26;23122164;5627;424;6800;6833;5.67;0.34;302.47;5.71;1173;28;2333.00;33
5629;26;23122180;5629;429;6801;6833;5.67;0.34;302.65;5.71;1172;28;2334.00;32
5630;26;23122196;5630;433;6801;6834;5.71;0.35;302.76;5.71;1171;28;2335.00;33
5633;26;23122211;5633;440;6801;6834;5.72;0.35;302.84;5.71;1168;28;2336.00;33
5634;26;23122233;5634;439;6802;6834;5.75;0.35;302.95;5.72;1168;28;2337.00;32
5637;26;23122248;5637;445;6802;6834;5.78;0.35;303.06;5.72;1165;28;2338.00;32
5637;26;23122266;5637;444;6802;6834;5.83;0.35;303.06;5.72;1165;28;2339.00;32
5640;26;23122283;5640;454;6831;6870;5.81;0.35;303.22;5.70;1191;28;2340.00;39
5643;26;23122303;5643;458;6832;6870;5.78;0.35;303.28;5.70;1189;28;2341.00;38
5645;26;23122321;5645;448;6834;6870;5.82;0.35;303.43;5.70;1189;28;2342.00;36
5647;26;23122337;5647;456;6834;6870;5.80;0.35;303.53;5.70;1187;28;2343.00;36
5649;26;23122355;5649;453;6835;6870;5.82;0.36;303.69;5.70;1186;28;2344.00;35
5653;26;23122375;5653;464;6836;6870;5.78;0.35;303.68;5.70;1183;28;2345.00;34
5656;26;23122392;5656;465;6839;6874;5.79;0.35;303.81;5.70;1183;28;2346.00;35
5659;26;23122409;5659;461;6839;6874;5.78;0.35;304.01;5.70;1180;28;2347.00;35
5662;26;23122425;5662;460;6843;6878;5.82;0.36;304.02;5.69;1181;28;2348.00;35
5664;26;23122440;5664;461;6844;6879;5.86;0.36;304.15;5.69;1180;28;2349.00;35
5670;26;23122456;5670;463;6844;6879;5.78;0.35;304.20;5.69;1174;28;2350.00;35
5671;26;23122478;5671;469;6844;6879;5.79;0.35;304.24;5.69;1173;28;2351.00;35
5675;26;23122492;5675;464;6855;6892;5.77;0.35;304.16;5.68;1180;28;2352.00;37
5679;26;23122508;5679;462;6855;6892;5.72;0.35;304.28;5.68;1176;28;2353.00;37
5681;26;23122523;5681;465;6855;6892;5.71;0.35;304.26;5.68;1174;28;2354.00;37
5685;26;23122544;5685;461;6856;6893;5.65;0.34;304.44;5.68;1171;28;2355.00;37
5686;26;23122559;5686;463;6856;6894;5.70;0.35;304.49;5.68;1170;28;2356.00;38
5688;26;23122573;5688;463;6856;6894;5.74;0.35;304.51;5.68;1168;28;2357.00;38
5690;26;23122588;5690;468;6858;6897;5.71;0.35;304.54;5.68;1168;28;2358.00;39
5694;26;23122604;5694;470;6858;6897;5.68;0.34;304.60;5.68;1164;28;2359.00;39
5697;26;23122619;5697;477;6859;6897;5.69;0.34;304.81;5.68;1162;28;2360.00;38
5698;26;23122633;5698;487;6859;6897;5.64;0.34;304.82;5.68;1161;28;2361.00;38
5699;26;23122648;5699;487;6864;6903;5.61;0.34;304.80;5.68;1165;28;2362.00;39
5701;26;23122668;5701;494;6864;6903;5.51;0.33;304.83;5.68;1163;28;2363.00;39
5701;26;23122682;5701;494;6864;6903;5.44;0.33;304.83;5.68;1163;28;2364.00;39
5702;26;23122696;5702;492;6864;6903;5.36;0.33;304.78;5.68;1162;28;2365.00;39
5702;26;23122710;5702;488;6867;6907;5.27;0.32;304.78;5.67;1165;28;2366.00;40
5705;26;23122725;5705;480;6868;6908;5.18;0.31;304.91;5.67;1163;28;2367.00;40
5706;26;23122739;5706;471;6868;6908;5.13;0.31;304.92;5.67;1162;28;2368.00;40
5708;26;23122753;5708;469;6869;6909;5.13;0.31;304.90;5.67;1161;28;2369.00;40
5709;26;23122770;5709;463;6869;6909;5.14;0.31;304.93;5.67;1160;28;2370.00;40
5711;26;23122786;5711;460;6869;6909;5.16;0.31;304.93;5.67;1158;28;2371.00;40
5711;26;23122801;5711;462;6869;6909;5.22;0.32;304.93;5.67;1158;28;2372.00;40
5714;26;23122815;5714;466;6869;6909;5.25;0.32;305.08;5.67;1155;28;2373.00;40
5714;26;23122829;5714;457;6869;6909;5.32;0.32;305.08;5.67;1155;28;2374.00;40
5717;26;23122842;5717;461;6869;6909;5.37;0.33;305.13;5.67;1152;28;2375.00;40
5721;26;23122856;5721;468;6902;6979;5.37;0.33;305.44;5.65;1181;28;2376.00;77
5724;26;23122877;5724;459;6902;6980;5.33;0.33;305.47;5.65;1178;28;2377.00;78
5726;26;23122891;5726;460;6910;6980;5.37;0.33;305.55;5.64;1184;28;2378.00;70
5730;26;23122904;5730;453;6910;6980;5.30;0.32;305.54;5.64;1180;28;2379.00;70
5732;26;23122937;5732;454;6914;6980;5.28;0.32;305.63;5.66;1182;28;2380.00;66
5738;26;23122962;5738;457;6918;6980;5.25;0.32;305.68;5.69;1180;28;2381.00;62
5740;27;23122976;5740;446;6921;6980;5.25;0.32;305.68;5.69;1181;29;2382.00;59
5744;27;23122996;5744;455;6926;6980;5.29;0.32;305.68;5.69;1182;29;2383.00;54
5746;27;23123012;5746;458;6927;6981;5.29;0.32;305.68;5.69;1181;29;2384.00;54
5750;27;23123029;5750;465;6931;6983;5.30;0.32;305.83;5.71;1181;29;2385.00;52
5752;27;23123043;5752;455;6934;6983;5.33;0.32;305.80;5.71;1182;29;2386.00;49
5753;27;23123068;5753;454;6939;6987;5.35;0.32;305.78;5.71;1186;29;2387.00;48
5756;27;23123082;5756;447;6940;6987;5.33;0.32;305.70;5.71;1184;29;2388.00;47
5757;27;23123097;5757;444;6940;6987;5.35;0.32;305.70;5.71;1183;29;2389.00;47
5761;27;23123111;5761;440;6940;6987;5.30;0.32;305.70;5.71;1179;29;2390.00;47
5763;27;23123123;5763;440;6944;6993;5.29;0.32;305.65;5.71;1181;29;2391.00;49
5766;27;23123139;5766;438;6944;6993;5.21;0.32;305.53;5.71;1178;29;2392.00;49
5769;27;23123152;5769;433;6944;6993;5.16;0.31;305.51;5.71;1175;29;2393.00;49
5771;27;23123166;5771;440;6946;6996;5.14;0.31;305.46;5.70;1175;29;2394.00;50
5771;27;23123181;5771;439;6946;6996;5.14;0.31;305.46;5.70;1175;29;2395.00;50
5772;27;23123195;5772;436;6947;6996;5.16;0.31;305.42;5.70;1175;29;2396.00;49
5774;27;23123208;5774;439;6947;6997;5.14;0.31;305.38;5.70;1173;29;2397.00;50
5776;27;23123222;5776;434;6948;6998;5.17;0.31;305.32;5.70;1172;29;2398.00;50
5778;27;23123236;5778;433;6948;6998;5.19;0.31;305.30;5.70;1170;29;2399.00;50
5779;27;23123252;5779;437;6969;7057;5.22;0.32;305.32;5.69;1190;29;2400.00;88
5779;27;23123278;5779;438;6974;7057;5.18;0.32;305.32;5.71;1195;29;2401.00;83
5780;27;23123292;5780;441;6978;7057;5.20;0.32;305.28;5.71;1198;29;2402.00;79
5781;27;23123306;5781;442;6982;7058;5.23;0.32;305.27;5.71;1201;29;2403.00;76
5784;27;23123321;5784;448;6984;7058;5.19;0.32;305.14;5.72;1200;29;2404.00;74
5787;27;23123337;5787;453;6988;7062;5.18;0.32;305.06;5.75;1201;29;2405.00;74
5787;27;23123351;5787;460;6991;7062;5.16;0.31;305.06;5.75;1204;29;2406.00;71
5789;27;23123365;5789;458;6995;7066;5.16;0.31;305.00;5.76;1206;29;2407.00;71
5791;27;23123379;5791;469;6995;7066;5.14;0.31;304.97;5.76;1204;29;2408.00;71
5796;27;23123393;5796;471;6998;7066;5.06;0.31;304.91;5.79;1202;29;2409.00;68
5796;27;23123408;5796;480;6998;7066;5.04;0.31;304.91;5.79;1202;29;2410.00;68
5798;27;23123421;5798;482;7003;7066;5.02;0.31;304.82;5.87;1205;29;2411.00;63
5800;27;23123435;5800;492;7010;7078;5.03;0.31;304.90;5.86;1210;29;2412.00;68
5801;27;23123450;5801;495;7012;7078;5.03;0.31;304.88;5.88;1211;29;2413.00;66
5804;27;23123463;5804;498;7014;7078;4.94;0.30;305.00;5.93;1210;29;2414.00;64
5805;27;23123477;5805;509;7015;7078;4.85;0.30;305.01;5.93;1210;29;2415.00;63
5806;27;23123491;5806;511;7015;7078;4.78;0.29;305.00;5.93;1209;29;2416.00;63
5807;27;23123505;5807;509;7019;7078;4.70;0.29;304.97;5.97;1212;29;2417.00;59
5809;27;23123518;5809;513;7020;7079;4.62;0.28;304.97;5.97;1211;29;2418.00;59
5809;27;23123531;5809;515;7020;7079;4.56;0.28;304.97;5.97;1211;29;2419.00;59
5810;27;23123550;5810;516;7025;7085;4.51;0.28;305.03;5.99;1215;29;2420.00;60
5811;27;23123563;5811;513;7027;7086;4.50;0.28;304.98;5.99;1216;29;2421.00;59
5815;27;23123576;5815;503;7030;7086;4.47;0.27;304.92;6.03;1215;29;2422.00;56
5817;27;23123590;5817;500;7031;7086;4.45;0.27;304.84;6.04;1214;29;2423.00;55
5817;27;23123603;5817;486;7037;7090;4.52;0.28;304.84;6.07;1220;29;2424.00;53
5819;27;23123617;5819;473;7039;7090;4.55;0.28;304.77;6.07;1220;29;2425.00;51
5821;27;23123631;5821;461;7039;7090;4.62;0.28;304.69;6.07;1218;29;2426.00;51
5822;27;23123645;5822;454;7041;7091;4.72;0.29;304.64;6.08;1219;29;2427.00;50
5824;27;23123658;5824;443;7047;7095;4.81;0.29;304.56;6.12;1223;29;2428.00;48
5826;27;23123685;5826;445;7049;7095;4.87;0.30;304.49;6.13;1223;29;2429.00;46
5826;27;23123701;5826;437;7056;7101;4.92;0.30;304.49;6.15;1230;29;2430.00;45
5828;27;23123717;5828;438;7056;7101;4.93;0.30;304.47;6.15;1228;29;2431.00;45
5829;27;23123730;5829;434;7058;7101;4.94;0.30;304.43;6.17;1229;29;2432.00;43
5829;27;23123744;5829;433;7060;7101;4.94;0.30;304.43;6.18;1231;29;2433.00;41
5829;27;23123757;5829;437;7064;7105;5.02;0.31;304.43;6.18;1235;29;2434.00;41
5830;27;23123772;5830;439;7066;7105;5.05;0.31;304.42;6.21;1236;29;2435.00;39
5831;27;23123786;5831;442;7066;7105;5.08;0.31;304.41;6.21;1235;29;2436.00;39
5833;27;23123799;5833;443;7067;7105;5.09;0.31;304.38;6.22;1234;29;2437.00;38
5833;27;23123813;5833;441;7068;7106;5.11;0.31;304.38;6.23;1235;29;2438.00;38
5836;27;23123828;5836;452;7071;7107;5.09;0.31;304.31;6.25;1235;29;2439.00;36
5836;27;23123845;5836;453;7072;7107;5.08;0.31;304.31;6.26;1236;29;2440.00;35
5838;27;23123862;5838;464;7073;7108;5.06;0.31;304.29;6.25;1235;29;2441.00;35
5839;27;23123878;5839;470;7074;7108;5.03;0.31;304.32;6.27;1235;29;2442.00;34
5843;27;23123900;5843;479;7074;7108;4.99;0.30;304.49;6.27;1231;29;2443.00;34
5850;27;23123913;5850;485;7075;7108;4.94;0.30;304.55;6.27;1225;29;2444.00;33
5853;27;23123927;5853;483;7078;7108;4.94;0.30;304.55;6.31;1225;29;2445.00;30
5856;27;23123941;5856;488;7078;7108;4.90;0.30;304.56;6.31;1222;29;2446.00;30
5861;27;23123954;5861;488;7079;7108;4.89;0.30;304.54;6.33;1218;29;2447.00;29
5865;27;23123968;5865;501;7129;7235;5.19;0.32;304.48;6.28;1264;29;2448.00;106
5869;27;23123992;5869;491;7130;7236;5.15;0.32;304.56;6.28;1261;29;2449.00;106
5873;27;23124007;5873;482;7141;7236;5.16;0.32;304.62;6.28;1268;29;2450.00;95
5874;27;23124021;5874;473;7148;7236;5.21;0.32;304.66;6.28;1274;29;2451.00;88
5880;27;23124035;5880;464;7156;7236;5.16;0.32;304.93;6.28;1276;29;2452.00;80
5883;27;23124050;5883;462;7159;7236;5.10;0.31;305.05;6.28;1276;29;2453.00;77
5883;27;23124064;5883;458;7162;7236;5.04;0.31;305.05;6.28;1279;29;2454.00;74
5885;27;23124078;5885;454;7164;7236;4.95;0.30;305.21;6.28;1279;29;2455.00;72
5887;27;23124099;5887;455;7168;7237;4.91;0.30;305.35;6.28;1281;29;2456.00;69
5892;27;23124114;5892;446;7170;7238;4.89;0.30;305.60;6.28;1278;29;2457.00;68
5894;27;23124129;5894;444;7172;7238;4.89;0.30;305.63;6.28;1278;29;2458.00;66
5897;27;23124151;5897;439;7175;7239;4.88;0.30;305.88;6.29;1278;29;2459.00;64
5902;27;23124167;5902;434;7177;7239;4.85;0.30;306.06;6.29;1275;29;2460.00;62
5906;27;23124183;5906;441;7181;7239;4.86;0.30;306.09;6.30;1275;29;2461.00;58
5909;27;23124198;5909;434;7184;7239;4.83;0.30;306.15;6.30;1275;29;2462.00;55
5912;27;23124213;5912;432;7186;7243;4.87;0.30;306.26;6.30;1274;29;2463.00;57
5916;27;23124230;5916;443;7187;7243;4.93;0.30;306.23;6.30;1271;29;2464.00;56
5919;27;23124245;5919;446;7188;7243;4.99;0.31;306.30;6.30;1269;29;2465.00;55
5923;27;23124261;5923;451;7189;7246;5.02;0.31;306.36;6.30;1266;29;2466.00;57
5925;27;23124305;5925;455;7192;7246;5.06;0.31;306.42;6.32;1267;29;2467.00;54
5929;27;23124323;5929;447;7192;7246;5.11;0.31;306.69;6.32;1263;29;2468.00;54
5930;27;23124339;5930;445;7197;7250;5.16;0.32;306.71;6.32;1267;29;2469.00;53
5937;27;23124355;5937;448;7199;7251;5.16;0.32;306.81;6.32;1262;29;2470.00;52
5939;27;23124373;5939;448;7199;7251;5.23;0.32;306.81;6.32;1260;29;2471.00;52
5942;27;23124390;5942;444;7204;7255;5.26;0.32;306.91;6.32;1262;29;2472.00;51
5947;27;23124407;5947;445;7204;7255;5.23;0.32;307.02;6.32;1257;29;2473.00;51
5950;27;23124422;5950;443;7206;7255;5.23;0.32;307.10;6.33;1256;29;2474.00;49
5953;27;23124438;5953;440;7208;7257;5.26;0.32;307.08;6.33;1255;29;2475.00;49
5957;27;23124453;5957;445;7209;7257;5.26;0.32;307.21;6.33;1252;29;2476.00;48
5959;27;23124470;5959;445;7214;7263;5.28;0.32;307.29;6.32;1255;29;2477.00;49
5966;27;23124487;5966;444;7215;7263;5.24;0.32;307.40;6.32;1249;29;2478.00;48
5967;27;23124503;5967;444;7216;7264;5.25;0.32;307.46;6.32;1249;29;2479.00;48
5970;27;23124519;5970;445;7216;7264;5.26;0.32;307.48;6.32;1246;29;2480.00;48
5974;27;23124535;5974;433;7216;7264;5.23;0.32;307.53;6.32;1242;29;2481.00;48
5979;27;23124552;5979;430;7216;7264;5.24;0.32;307.61;6.32;1237;29;2482.00;48
5981;27;23124568;5981;431;7216;7264;5.26;0.32;307.71;6.32;1235;29;2483.00;48
5986;27;23124583;5986;430;7223;7276;5.29;0.32;307.78;6.32;1237;29;2484.00;53
5987;27;23124600;5987;439;7223;7276;5.36;0.33;307.86;6.32;1236;29;2485.00;53
5991;27;23124616;5991;442;7223;7276;5.38;0.33;307.93;6.32;1232;29;2486.00;53
5993;27;23124632;5993;442;7223;7276;5.41;0.33;308.03;6.32;1230;29;2487.00;53
5996;27;23124647;5996;437;7224;7276;5.49;0.34;308.08;6.33;1228;29;2488.00;52
6001;27;23124663;6001;441;7224;7276;5.52;0.34;308.15;6.33;1223;29;2489.00;52
6005;27;23124683;6005;440;7228;7280;5.54;0.34;308.27;6.33;1223;29;2490.00;52
6008;27;23124699;6008;440;7228;7280;5.49;0.33;308.41;6.33;1220;29;2491.00;52
6014;27;23124715;6014;445;7231;7284;5.45;0.33;308.48;6.33;1217;29;2492.00;53
6019;27;23124731;6019;444;7234;7285;5.45;0.33;308.52;6.34;1215;29;2493.00;51
6021;27;23124747;6021;454;7235;7285;5.38;0.33;308.65;6.34;1214;29;2494.00;50
6025;27;23124763;6025;462;7236;7285;5.32;0.32;308.96;6.35;1211;29;2495.00;49
6026;27;23124778;6026;469;7246;7298;5.29;0.32;309.07;6.36;1220;29;2496.00;52
6027;27;23124801;6027;464;7246;7298;5.29;0.32;309.19;6.36;1219;29;2497.00;52
6030;27;23124817;6030;458;7246;7298;5.32;0.33;309.34;6.36;1216;29;2498.00;52
6031;27;23124834;6031;456;7248;7299;5.31;0.33;309.47;6.36;1217;29;2499.00;51
6031;27;23124852;6031;449;7249;7300;5.29;0.32;309.47;6.38;1218;29;2500.00;51
6036;27;23124878;6036;463;7249;7300;5.23;0.32;309.52;6.38;1213;29;2501.00;51
6040;27;23124894;6040;462;7253;7303;5.23;0.32;309.66;6.39;1213;29;2502.00;50
6041;27;23124913;6041;465;7254;7303;5.26;0.32;309.77;6.39;1213;29;2503.00;49
6043;27;23124928;6043;474;7255;7303;5.21;0.32;309.95;6.40;1212;29;2504.00;48
6045;27;23124950;6045;481;7255;7303;5.22;0.32;309.96;6.40;1210;29;2505.00;48
6049;27;23124965;6049;477;7261;7309;5.23;0.32;310.08;6.41;1212;29;2506.00;48
6053;27;23124981;6053;481;7262;7309;5.22;0.32;310.13;6.42;1209;29;2507.00;47
6055;27;23124997;6055;475;7262;7309;5.23;0.32;310.10;6.42;1207;29;2508.00;47
6060;27;23125015;6060;476;7262;7309;5.22;0.32;310.15;6.42;1202;29;2509.00;47
6064;27;23125030;6064;475;7266;7313;5.24;0.32;310.28;6.42;1202;29;2510.00;47
6067;27;23125046;6067;479;7267;7314;5.27;0.32;310.32;6.42;1200;29;2511.00;47
6070;27;23125062;6070;480;7268;7314;5.26;0.32;310.36;6.43;1198;29;2512.00;46
6073;27;23125077;6073;482;7269;7315;5.25;0.32;310.49;6.43;1196;29;2513.00;46
6075;27;23125094;6075;485;7269;7315;5.26;0.32;310.56;6.43;1194;29;2514.00;46
6078;27;23125108;6078;483;7270;7315;5.20;0.32;310.61;6.44;1192;29;2515.00;45
6081;27;23125123;6081;489;7270;7315;5.17;0.31;310.74;6.44;1189;29;2516.00;45
6083;27;23125138;6083;490;7271;7315;5.14;0.31;310.79;6.44;1188;29;2517.00;44
6085;27;23125155;6085;487;7271;7315;5.08;0.31;310.84;6.44;1186;29;2518.00;44
6088;27;23125170;6088;489;7271;7315;5.04;0.31;311.02;6.44;1183;29;2519.00;44
6088;27;23125188;6088;513;7338;7440;5.14;0.32;311.02;6.41;1250;29;2520.00;102
6091;27;23125213;6091;507;7338;7441;5.13;0.32;311.20;6.41;1247;29;2521.00;103
6093;27;23125228;6093;498;7346;7441;5.20;0.32;311.24;6.40;1253;29;2522.00;95
6095;27;23125243;6095;491;7350;7441;5.22;0.32;311.37;6.41;1255;29;2523.00;91
6099;27;23125259;6099;490;7355;7441;5.23;0.32;311.68;6.41;1256;29;2524.00;86
6103;27;23125274;6103;486;7360;7441;5.25;0.32;311.81;6.42;1257;29;2525.00;81
6104;27;23125290;6104;495;7365;7441;5.27;0.32;311.90;6.42;1261;29;2526.00;76
6110;27;23125304;6110;501;7369;7441;5.23;0.32;312.07;6.42;1259;29;2527.00;72
6113;27;23125320;6113;507;7374;7442;5.18;0.32;312.17;6.42;1261;29;2528.00;68
6114;27;23125335;6114;512;7383;7443;5.12;0.31;312.31;6.43;1269;29;2529.00;60
6117;27;23125350;6117;519;7388;7443;5.05;0.31;312.40;6.43;1271;29;2530.00;55
6120;27;23125365;6120;519;7394;7447;4.95;0.30;312.40;6.43;1274;29;2531.00;53
6125;27;23125379;6125;540;7395;7447;4.86;0.30;312.58;6.43;1270;29;2532.00;52
6127;27;23125395;6127;549;7397;7447;4.79;0.29;312.58;6.43;1270;29;2533.00;50
6129;27;23125409;6129;556;7397;7447;4.71;0.29;312.77;6.43;1268;29;2534.00;50
6130;27;23125423;6130;558;7402;7453;4.67;0.29;312.84;6.43;1272;29;2535.00;51
6132;27;23125441;6132;557;7402;7453;4.60;0.28;312.86;6.43;1270;29;2536.00;51
6132;27;23125456;6132;563;7404;7455;4.60;0.28;312.86;6.43;1272;29;2537.00;51
6133;27;23125471;6133;575;7407;7458;4.62;0.28;312.89;6.42;1274;29;2538.00;51
6134;27;23125486;6134;577;7407;7458;4.63;0.28;312.86;6.42;1273;29;2539.00;51
6134;27;23125500;6134;572;7407;7458;4.63;0.28;312.86;6.42;1273;29;2540.00;51
6134;27;23125516;6134;564;7407;7459;4.67;0.29;312.86;6.42;1273;29;2541.00;52
6136;27;23125530;6136;564;7408;7460;4.69;0.29;312.87;6.42;1272;29;2542.00;52
6141;27;23125550;6141;558;7409;7460;4.67;0.29;312.81;6.42;1268;29;2543.00;51
6144;27;23125565;6144;558;7418;7473;4.68;0.29;312.86;6.42;1274;29;2544.00;55
6146;27;23125580;6146;548;7418;7473;4.71;0.29;312.90;6.42;1272;29;2545.00;55
6150;27;23125596;6150;552;7418;7473;4.71;0.29;312.92;6.42;1268;29;2546.00;55
6153;27;23125609;6153;555;7419;7474;4.71;0.29;313.00;6.42;1266;29;2547.00;55
6154;27;23125624;6154;552;7419;7474;4.73;0.29;313.03;6.42;1265;29;2548.00;55
6156;27;23125639;6156;555;7422;7478;4.72;0.29;313.11;6.41;1266;29;2549.00;56
6160;27;23125657;6160;553;7424;7481;4.68;0.29;313.17;6.41;1264;29;2550.00;57
6166;27;23125672;6166;553;7427;7485;4.61;0.28;313.17;6.41;1261;29;2551.00;58
6167;27;23125686;6167;561;7429;7485;4.54;0.28;313.20;6.41;1262;29;2552.00;56
6169;27;23125702;6169;567;7429;7485;4.47;0.27;313.26;6.41;1260;29;2553.00;56
6174;28;23125717;6174;569;7429;7485;4.39;0.27;313.28;6.41;1255;30;2554.00;56
6175;28;23125744;6175;567;7431;7485;4.36;0.27;313.27;6.46;1256;30;2555.00;54
6179;28;23125760;6179;565;7439;7497;4.39;0.27;313.23;6.45;1260;30;2556.00;58
6183;28;23125776;6183;563;7439;7497;4.36;0.27;313.16;6.45;1256;30;2557.00;58
6185;28;23125790;6185;557;7441;7497;4.34;0.27;313.14;6.45;1256;30;2558.00;56
6188;28;23125804;6188;544;7441;7497;4.35;0.27;313.03;6.45;1253;30;2559.00;56
6189;28;23125818;6189;549;7441;7497;4.36;0.27;313.07;6.45;1252;30;2560.00;56
6190;28;23125836;6190;550;7441;7497;4.38;0.27;313.02;6.45;1251;30;2561.00;56
6190;28;23125856;6190;551;7441;7498;4.43;0.27;313.02;6.45;1251;30;2562.00;57
6192;28;23125872;6192;546;7441;7498;4.45;0.27;313.06;6.45;1249;30;2563.00;57
6196;28;23125887;6196;544;7445;7504;4.53;0.28;312.99;6.45;1249;30;2564.00;59
6197;28;23125902;6197;549;7447;7506;4.59;0.28;312.96;6.45;1250;30;2565.00;59
6199;28;23125916;6199;554;7447;7506;4.63;0.28;313.04;6.45;1248;30;2566.00;59
6207;28;23125930;6207;553;7447;7506;4.59;0.28;312.89;6.45;1240;30;2567.00;59
6208;28;23125945;6208;550;7449;7510;4.63;0.28;312.89;6.45;1241;30;2568.00;61
6209;28;23125959;6209;550;7449;7510;4.65;0.28;312.85;6.45;1240;30;2569.00;61
6210;28;23125976;6210;556;7449;7510;4.68;0.28;312.83;6.45;1239;30;2570.00;61
6210;28;23125990;6210;554;7450;7511;4.67;0.28;312.83;6.45;1240;30;2571.00;61
6210;28;23126006;6210;550;7454;7515;4.70;0.29;312.83;6.44;1244;30;2572.00;61
6212;28;23126023;6212;550;7456;7515;4.68;0.28;312.80;6.46;1244;30;2573.00;59
6213;28;23126039;6213;554;7458;7518;4.67;0.28;312.75;6.45;1245;30;2574.00;60
6214;28;23126053;6214;556;7458;7518;4.67;0.28;312.87;6.45;1244;30;2575.00;60
6215;28;23126068;6215;563;7460;7518;4.63;0.28;312.83;6.46;1245;30;2576.00;58
6217;28;23126081;6217;564;7461;7518;4.58;0.28;312.77;6.46;1244;30;2577.00;57
6218;28;23126096;6218;571;7466;7522;4.54;0.28;312.86;6.46;1248;30;2578.00;56
6218;28;23126110;6218;565;7466;7522;4.50;0.27;312.86;6.46;1248;30;2579.00;56
6219;28;23126126;6219;564;7466;7522;4.47;0.27;312.84;6.46;1247;30;2580.00;56
6220;28;23126140;6220;557;7466;7522;4.47;0.27;312.80;6.46;1246;30;2581.00;56
6220;28;23126154;6220;557;7466;7523;4.51;0.28;312.80;6.46;1246;30;2582.00;57
6221;28;23126170;6221;544;7467;7524;4.49;0.27;312.78;6.46;1246;30;2583.00;57
6224;28;23126186;6224;543;7469;7524;4.47;0.27;312.74;6.51;1245;30;2584.00;55
6224;28;23126200;6224;536;7472;7525;4.57;0.28;312.74;6.56;1248;30;2585.00;53
6224;28;23126221;6224;537;7474;7525;4.62;0.28;312.74;6.60;1250;30;2586.00;51
6225;28;23126235;6225;540;7475;7525;4.66;0.29;312.72;6.63;1250;30;2587.00;50
6228;28;23126250;6228;538;7476;7525;4.73;0.29;312.72;6.65;1248;30;2588.00;49
6231;28;23126265;6231;540;7477;7525;4.74;0.29;312.67;6.68;1246;30;2589.00;48
6232;28;23126280;6232;539;7478;7525;4.77;0.29;312.72;6.70;1246;30;2590.00;47
6233;28;23126294;6233;532;7480;7525;4.86;0.30;312.68;6.74;1247;31;2591.00;45
6235;28;23126315;6235;543;7537;7652;5.20;0.32;312.67;6.73;1302;31;2592.00;115
6236;28;23126346;6236;534;7540;7653;5.21;0.32;312.63;6.73;1304;31;2593.00;113
6240;28;23126361;6240;533;7549;7653;5.25;0.33;312.60;6.72;1309;31;2594.00;104
6240;28;23126376;6240;532;7552;7653;5.22;0.32;312.60;6.75;1312;31;2595.00;101
6242;28;23126390;6242;522;7561;7653;5.23;0.32;312.54;6.77;1319;31;2596.00;92
6243;28;23126406;6243;529;7562;7653;5.15;0.32;312.54;6.76;1319;31;2597.00;91
6243;28;23126421;6243;531;7566;7653;5.08;0.32;312.54;6.79;1323;31;2598.00;87
6243;28;23126436;6243;523;7569;7653;5.03;0.31;312.54;6.79;1326;31;2599.00;84
6244;28;23126451;6244;527;7572;7654;5.03;0.31;312.52;6.79;1328;31;2600.00;82
6247;28;23126471;6247;529;7580;7655;4.94;0.31;312.49;6.89;1333;31;2601.00;75
6251;28;23126486;6251;519;7582;7655;4.87;0.30;312.44;6.89;1331;31;2602.00;73
6252;28;23126504;6252;517;7584;7656;4.85;0.30;312.46;6.89;1332;31;2603.00;72
6256;28;23126521;6256;521;7590;7656;4.82;0.30;312.41;6.91;1334;31;2604.00;66
6260;28;23126537;6260;524;7592;7656;4.79;0.29;312.41;6.91;1332;31;2605.00;64
6262;28;23126553;6262;523;7593;7656;4.77;0.29;312.34;6.91;1331;31;2606.00;63
6265;28;23126568;6265;517;7601;7660;4.76;0.29;312.37;6.97;1336;31;2607.00;59
6267;28;23126583;6267;519;7602;7660;4.74;0.29;312.33;6.97;1335;31;2608.00;58
6269;28;23126599;6269;519;7603;7660;4.76;0.29;312.43;6.97;1334;31;2609.00;57
6272;28;23126616;6272;515;7608;7666;4.76;0.29;312.55;6.99;1336;31;2610.00;58
6275;28;23126632;6275;517;7611;7666;4.75;0.29;312.58;7.03;1336;31;2611.00;55
6277;28;23126647;6277;515;7612;7666;4.82;0.30;312.69;7.03;1335;31;2612.00;54
6279;28;23126662;6279;515;7616;7670;4.82;0.29;312.72;7.03;1337;31;2613.00;54
6281;28;23126677;6281;518;7619;7671;4.81;0.29;312.74;7.04;1338;31;2614.00;52
6287;28;23126692;6287;521;7624;7671;4.74;0.29;312.96;7.09;1337;31;2615.00;47
6287;28;23126708;6287;529;7627;7675;4.71;0.29;312.96;7.09;1340;31;2616.00;48
6290;28;23126723;6290;528;7628;7675;4.69;0.29;313.11;7.10;1338;31;2617.00;47
6294;28;23126737;6294;533;7629;7675;4.67;0.29;313.17;7.10;1335;31;2618.00;46
6296;28;23126752;6296;526;7630;7676;4.68;0.29;313.15;7.12;1334;31;2619.00;46
6300;28;23126767;6300;525;7630;7676;4.69;0.29;313.24;7.12;1330;31;2620.00;46
6305;28;23126783;6305;527;7634;7682;4.64;0.29;313.36;7.11;1329;31;2621.00;48
6308;28;23126798;6308;522;7634;7682;4.62;0.28;313.41;7.11;1326;31;2622.00;48
6314;28;23126814;6314;527;7634;7683;4.58;0.28;313.38;7.11;1320;31;2623.00;49
6319;28;23126829;6319;523;7634;7683;4.55;0.28;313.54;7.11;1315;31;2624.00;49
6321;28;23126847;6321;507;7636;7683;4.54;0.28;313.62;7.13;1315;31;2625.00;47
6325;28;23126868;6325;505;7636;7683;4.55;0.28;313.62;7.13;1311;31;2626.00;47
6328;28;23126888;6328;490;7636;7683;4.59;0.28;313.62;7.13;1308;31;2627.00;47
6333;28;23126910;6333;485;7644;7695;4.62;0.28;313.84;7.12;1311;31;2628.00;51
6335;28;23126931;6335;483;7644;7695;4.73;0.29;313.92;7.12;1309;31;2629.00;51
6338;28;23126945;6338;478;7645;7695;4.82;0.29;313.93;7.12;1307;31;2630.00;50
6343;28;23126961;6343;474;7645;7695;4.83;0.30;314.07;7.12;1302;31;2631.00;50
6346;28;23126976;6346;468;7645;7695;4.87;0.30;314.21;7.12;1299;31;2632.00;50
6351;28;23126992;6351;456;7645;7695;4.93;0.30;314.41;7.12;1294;31;2633.00;50
6354;28;23127011;6354;449;7648;7699;5.00;0.30;314.48;7.12;1294;31;2634.00;51
6356;28;23127029;6356;440;7648;7699;5.06;0.31;314.50;7.12;1292;31;2635.00;51
6359;28;23127046;6359;431;7651;7703;5.16;0.32;314.56;7.12;1292;31;2636.00;52
6362;28;23127062;6362;421;7651;7704;5.24;0.32;314.66;7.12;1289;31;2637.00;53
6365;28;23127080;6365;419;7651;7704;5.30;0.32;314.73;7.12;1286;31;2638.00;53
6368;28;23127098;6368;409;7651;7704;5.35;0.33;314.79;7.12;1283;31;2639.00;53
6371;28;23127116;6371;411;7671;7733;5.41;0.33;314.80;7.10;1300;31;2640.00;62
6379;28;23127135;6379;405;7672;7733;5.38;0.33;314.96;7.10;1293;31;2641.00;61
6386;28;23127151;6386;398;7674;7733;5.35;0.33;315.20;7.10;1288;31;2642.00;59
6387;28;23127168;6387;393;7675;7734;5.34;0.32;315.18;7.10;1288;31;2643.00;59
6392;28;23127185;6392;396;7676;7735;5.28;0.32;315.31;7.10;1284;31;2644.00;59
6395;28;23127202;6395;398;7676;7735;5.26;0.32;315.32;7.10;1281;31;2645.00;59
6400;28;23127219;6400;409;7678;7738;5.24;0.32;315.54;7.10;1278;31;2646.00;60
6404;28;23127235;6404;398;7679;7738;5.24;0.32;315.68;7.10;1275;31;2647.00;59
6408;28;23127252;6408;397;7680;7738;5.20;0.32;315.69;7.10;1272;31;2648.00;58
6413;28;23127268;6413;401;7680;7738;5.21;0.32;315.85;7.10;1267;31;2649.00;58
6418;28;23127284;6418;403;7684;7744;5.18;0.31;316.01;7.10;1266;31;2650.00;60
6420;28;23127301;6420;404;7685;7744;5.21;0.32;316.00;7.10;1265;31;2651.00;59
6421;28;23127317;6421;406;7685;7744;5.24;0.32;316.04;7.10;1264;31;2652.00;59
6425;28;23127335;6425;423;7686;7744;5.27;0.32;316.13;7.11;1261;31;2653.00;58
6429;28;23127351;6429;424;7689;7748;5.31;0.32;316.23;7.10;1260;31;2654.00;59
6430;28;23127368;6430;427;7694;7750;5.33;0.33;316.22;7.12;1264;31;2655.00;56
6434;28;23127383;6434;422;7694;7750;5.33;0.33;316.33;7.12;1260;31;2656.00;56
6438;28;23127400;6438;418;7696;7751;5.32;0.33;316.35;7.12;1258;31;2657.00;55
6443;28;23127417;6443;428;7698;7751;5.31;0.33;316.43;7.13;1255;31;2658.00;53
6447;28;23127432;6447;426;7698;7751;5.27;0.32;316.35;7.13;1251;31;2659.00;53
6452;28;23127448;6452;427;7699;7751;5.20;0.32;316.45;7.13;1247;31;2660.00;52
6455;28;23127467;6455;433;7699;7751;5.13;0.31;316.53;7.13;1244;31;2661.00;52
6458;28;23127482;6458;428;7701;7751;5.11;0.31;316.66;7.14;1243;31;2662.00;50
6462;28;23127506;6462;428;7702;7751;5.14;0.31;316.72;7.15;1240;31;2663.00;49
6465;28;23127521;6465;449;7737;7821;5.17;0.32;316.73;7.12;1272;31;2664.00;84
6473;28;23127543;6473;446;7740;7822;5.13;0.31;316.91;7.13;1267;31;2665.00;82
6475;28;23127560;6475;451;7743;7822;5.18;0.32;316.93;7.12;1268;31;2666.00;79
6477;28;23127575;6477;449;7746;7822;5.23;0.32;316.97;7.12;1269;31;2667.00;76
6481;28;23127591;6481;450;7749;7822;5.25;0.32;316.88;7.13;1268;31;2668.00;73
6487;28;23127606;6487;463;7751;7822;5.24;0.32;317.02;7.13;1264;31;2669.00;71
6490;28;23127625;6490;465;7753;7822;5.26;0.32;317.16;7.13;1263;31;2670.00;69
6492;28;23127641;6492;468;7758;7822;5.27;0.32;317.22;7.15;1266;31;2671.00;64
6495;28;23127657;6495;462;7762;7823;5.26;0.32;317.29;7.15;1267;31;2672.00;61
6499;28;23127673;6499;451;7767;7824;5.17;0.32;317.41;7.16;1268;31;2673.00;57
6501;28;23127689;6501;453;7768;7824;5.12;0.31;317.46;7.16;1267;31;2674.00;56
6506;28;23127706;6506;458;7770;7828;5.08;0.31;317.57;7.16;1264;31;2675.00;58
6511;28;23127722;6511;466;7773;7828;5.05;0.31;317.84;7.17;1262;31;2676.00;55
6514;28;23127738;6514;470;7774;7828;5.03;0.31;317.91;7.17;1260;31;2677.00;54
6516;28;23127754;6516;478;7774;7828;5.05;0.31;317.94;7.17;1258;31;2678.00;54
6520;28;23127769;6520;483;7779;7834;5.07;0.31;318.06;7.17;1259;31;2679.00;55
6523;28;23127786;6523;486;7780;7834;5.08;0.31;318.15;7.17;1257;31;2680.00;54
6527;28;23127801;6527;472;7781;7834;5.12;0.31;318.28;7.17;1254;32;2681.00;53
6531;28;23127827;6531;460;7783;7837;5.15;0.31;318.28;7.17;1252;32;2682.00;54
6535;28;23127844;6535;456;7784;7837;5.18;0.32;318.28;7.17;1249;32;2683.00;53
6537;28;23127860;6537;455;7786;7837;5.25;0.32;318.40;7.18;1249;32;2684.00;51
6540;28;23127875;6540;463;7786;7838;5.29;0.32;318.63;7.18;1246;32;2685.00;52
6543;28;23127892;6543;467;7787;7839;5.29;0.32;318.69;7.17;1244;32;2686.00;52
6545;28;23127917;6545;471;7788;7839;5.28;0.32;318.79;7.18;1243;32;2687.00;51
6547;28;23127932;6547;478;7801;7852;5.25;0.32;319.01;7.17;1254;32;2688.00;51
6549;28;23127948;6549;475;7801;7852;5.21;0.32;319.12;7.17;1252;32;2689.00;51
6552;28;23127964;6552;489;7801;7852;5.16;0.31;319.37;7.17;1249;32;2690.00;51
6555;28;23127980;6555;497;7803;7853;5.13;0.31;319.53;7.17;1248;32;2691.00;50
6558;28;23127997;6558;495;7803;7853;5.07;0.31;319.64;7.17;1245;32;2692.00;50
6560;28;23128016;6560;490;7809;7857;5.04;0.31;319.74;7.17;1249;32;2693.00;48
6562;28;23128034;6562;498;7809;7857;5.04;0.31;319.85;7.17;1247;32;2694.00;48
6564;28;23128051;6564;498;7812;7861;4.98;0.30;320.09;7.17;1248;32;2695.00;49
6565;28;23128069;6565;500;7812;7861;4.94;0.30;320.21;7.17;1247;32;2696.00;49
6567;28;23128088;6567;499;7812;7861;4.88;0.30;320.28;7.17;1245;32;2697.00;49
6570;28;23128106;6570;499;7812;7861;4.85;0.29;320.49;7.17;1242;32;2698.00;49
6572;28;23128124;6572;506;7812;7861;4.82;0.29;320.49;7.17;1240;32;2699.00;49
6576;28;23128146;6576;508;7839;7910;4.89;0.30;320.64;7.15;1263;32;2700.00;71
6576;28;23128182;6576;500;7840;7910;4.92;0.30;320.64;7.15;1264;32;2701.00;70
6579;28;23128208;6579;508;7843;7910;4.92;0.30;320.66;7.14;1264;32;2702.00;67
6581;28;23128231;6581;512;7843;7910;4.91;0.30;320.76;7.14;1262;32;2703.00;67
6582;28;23128250;6582;512;7846;7910;4.93;0.30;320.74;7.14;1264;32;2704.00;64
6587;28;23128271;6587;517;7847;7910;4.88;0.30;320.70;7.14;1260;32;2705.00;63
6588;28;23128297;6588;516;7847;7911;4.85;0.30;320.68;7.14;1259;32;2706.00;64
6590;28;23128317;6590;519;7848;7911;4.80;0.29;320.72;7.14;1258;32;2707.00;63
6592;28;23128336;6592;526;7852;7917;4.73;0.29;320.73;7.14;1260;32;2708.00;65
6594;28;23128356;6594;530;7853;7918;4.64;0.28;320.88;7.14;1259;32;2709.00;65
6596;28;23128373;6596;532;7854;7918;4.58;0.28;320.86;7.14;1258;32;2710.00;64
6596;28;23128391;6596;534;7854;7918;4.53;0.28;320.86;7.14;1258;32;2711.00;64
6598;28;23128408;6598;544;7858;7922;4.46;0.27;320.88;7.14;1260;32;2712.00;64
6598;28;23128426;6598;547;7858;7922;4.43;0.27;320.88;7.14;1260;32;2713.00;64
6599;28;23128441;6599;551;7858;7922;4.39;0.27;320.85;7.14;1259;32;2714.00;64
6601;28;23128458;6601;549;7860;7923;4.38;0.27;320.82;7.14;1259;32;2715.00;63
6605;28;23128473;6605;550;7863;7927;4.37;0.27;320.92;7.13;1258;32;2716.00;64
6608;28;23128489;6608;551;7863;7927;4.38;0.27;320.98;7.13;1255;32;2717.00;64
6609;28;23128503;6609;546;7866;7930;4.42;0.27;320.94;7.13;1257;32;2718.00;64
6612;28;23128519;6612;546;7866;7930;4.38;0.27;320.89;7.13;1254;32;2719.00;64
6619;28;23128533;6619;541;7867;7930;4.37;0.27;320.82;7.13;1248;32;2720.00;63
6622;28;23128548;6622;540;7868;7930;4.37;0.27;320.77;7.14;1246;32;2721.00;62
6623;28;23128563;6623;541;7871;7934;4.42;0.27;320.75;7.13;1248;32;2722.00;63
6626;28;23128579;6626;537;7871;7934;4.43;0.27;320.74;7.13;1245;32;2723.00;63
6628;28;23128595;6628;536;7872;7934;4.49;0.27;320.72;7.14;1244;32;2724.00;62
6633;28;23128610;6633;538;7872;7934;4.46;0.27;320.70;7.14;1239;32;2725.00;62
6634;28;23128625;6634;534;7872;7935;4.49;0.27;320.67;7.14;1238;32;2726.00;63
6638;28;23128641;6638;538;7874;7936;4.47;0.27;320.66;7.14;1236;32;2727.00;62
6641;28;23128657;6641;537;7874;7936;4.45;0.27;320.69;7.14;1233;32;2728.00;62
6643;28;23128671;6643;540;7878;7937;4.43;0.27;320.68;7.16;1235;32;2729.00;59
6646;28;23128691;6646;545;7880;7937;4.34;0.26;320.68;7.19;1234;32;2730.00;57
6650;28;23128707;6650;548;7880;7937;4.31;0.26;320.66;7.19;1230;32;2731.00;57
6654;28;23128732;6654;545;7880;7937;4.29;0.26;320.76;7.19;1226;32;2732.00;57
6656;28;23128748;6656;540;7880;7937;4.28;0.26;320.76;7.19;1224;32;2733.00;57
6658;28;23128763;6658;543;7880;7937;4.29;0.26;320.76;7.19;1222;32;2734.00;57
6660;28;23128779;6660;544;7881;7937;4.35;0.26;320.76;7.22;1221;32;2735.00;56
6660;28;23128795;6660;549;7946;8064;4.63;0.28;320.76;7.16;1286;32;2736.00;118
6661;28;23128823;6661;530;7946;8065;4.74;0.29;320.79;7.16;1285;32;2737.00;119
6661;28;23128843;6661;515;7954;8065;4.90;0.30;320.79;7.16;1293;32;2738.00;111
6662;28;23128860;6662;510;7959;8065;4.97;0.31;320.76;7.16;1297;32;2739.00;106
6665;28;23128877;6665;507;7964;8065;5.07;0.31;320.83;7.18;1299;32;2740.00;101
6667;28;23128893;6667;489;7967;8065;5.12;0.31;320.82;7.18;1300;32;2741.00;98
6668;28;23128909;6668;483;7969;8065;5.11;0.31;320.80;7.18;1301;32;2742.00;96
6671;28;23128933;6671;478;7970;8065;5.09;0.31;320.74;7.18;1299;32;2743.00;95
6673;28;23128957;6673;485;7974;8066;5.09;0.31;320.69;7.18;1301;32;2744.00;92
6675;28;23128975;6675;480;7977;8068;5.06;0.31;320.64;7.18;1302;32;2745.00;91
6675;28;23128992;6675;484;7978;8068;5.08;0.31;320.64;7.18;1303;32;2746.00;90
6676;28;23129015;6676;481;7981;8069;5.09;0.31;320.66;7.19;1305;32;2747.00;88
6677;28;23129033;6677;479;7985;8069;5.12;0.31;320.61;7.19;1308;32;2748.00;84
6677;28;23129050;6677;488;7989;8069;5.11;0.31;320.61;7.19;1312;32;2749.00;80
6679;28;23129068;6679;494;7990;8069;5.10;0.31;320.58;7.19;1311;32;2750.00;79
6680;28;23129093;6680;502;7996;8073;5.14;0.31;320.56;7.19;1316;32;2751.00;77
6680;28;23129113;6680;499;8000;8073;5.16;0.31;320.56;7.22;1320;32;2752.00;73
6682;28;23129130;6682;502;8003;8073;5.16;0.31;320.50;7.23;1321;32;2753.00;70
6682;28;23129147;6682;496;8004;8076;5.14;0.31;320.50;7.23;1322;32;2754.00;72
6684;28;23129163;6684;500;8009;8076;5.09;0.31;320.47;7.29;1325;32;2755.00;67
6684;28;23129181;6684;498;8009;8076;5.10;0.31;320.47;7.29;1325;32;2756.00;67
6687;28;23129197;6687;508;8016;8080;5.08;0.31;320.55;7.31;1329;32;2757.00;64
6689;28;23129215;6689;506;8018;8081;5.06;0.31;320.64;7.34;1329;32;2758.00;63
6691;28;23129231;6691;511;8020;8081;5.02;0.31;320.78;7.35;1329;32;2759.00;61
6692;28;23129248;6692;510;8024;8086;5.05;0.31;320.91;7.34;1332;32;2760.00;62
6692;28;23129265;6692;508;8026;8086;5.07;0.31;320.91;7.37;1334;32;2761.00;60
6696;28;23129290;6696;519;8027;8086;5.03;0.31;321.09;7.37;1331;32;2762.00;59
6699;28;23129306;6699;528;8029;8087;5.01;0.31;321.12;7.40;1330;32;2763.00;58
6701;28;23129321;6701;530;8029;8087;4.97;0.30;321.18;7.40;1328;32;2764.00;58
6704;28;23129338;6704;538;8036;8093;4.99;0.30;321.36;7.45;1332;32;2765.00;57
6706;28;23129356;6706;540;8036;8093;4.99;0.30;321.45;7.45;1330;32;2766.00;57
6710;28;23129372;6710;544;8037;8094;4.93;0.30;321.64;7.45;1327;32;2767.00;57
6714;28;23129389;6714;548;8039;8094;4.88;0.30;321.79;7.50;1325;32;2768.00;55
6715;28;23129406;6715;549;8039;8094;4.86;0.30;321.85;7.50;1324;32;2769.00;55
6718;28;23129423;6718;553;8041;8094;4.85;0.29;321.86;7.54;1323;32;2770.00;53
6720;28;23129439;6720;553;8041;8094;4.83;0.29;321.83;7.54;1321;32;2771.00;53
6721;28;23129459;6721;553;8052;8106;4.87;0.30;321.81;7.53;1331;32;2772.00;54
6723;28;23129476;6723;556;8054;8106;4.90;0.30;321.88;7.58;1331;32;2773.00;52
6725;28;23129496;6725;556;8054;8106;4.94;0.30;321.87;7.58;1329;32;2774.00;52
6727;28;23129513;6727;552;8056;8106;4.94;0.30;321.95;7.63;1329;32;2775.00;50
6730;28;23129530;6730;549;8056;8106;4.99;0.30;322.09;7.63;1326;32;2776.00;50
6733;28;23129553;6733;549;8058;8106;4.98;0.30;322.13;7.67;1325;32;2777.00;48
6736;28;23129569;6736;548;8061;8110;5.03;0.31;322.18;7.67;1325;32;2778.00;49
6738;28;23129586;6738;546;8061;8110;5.09;0.31;322.36;7.67;1323;32;2779.00;49
6739;28;23129602;6739;541;8067;8114;5.13;0.31;322.45;7.71;1328;32;2780.00;47
6743;28;23129619;6743;542;8068;8115;5.16;0.31;322.54;7.71;1325;32;2781.00;47
6747;28;23129634;6747;537;8070;8115;5.13;0.31;322.65;7.75;1323;32;2782.00;45
6749;28;23129651;6749;543;8070;8115;5.11;0.31;322.65;7.75;1321;32;2783.00;45
6752;28;23129677;6752;548;8081;8128;5.09;0.31;322.60;7.79;1329;32;2784.00;47
6754;28;23129696;6754;550;8081;8128;5.10;0.31;322.66;7.79;1327;32;2785.00;47
6757;28;23129712;6757;548;8081;8128;5.07;0.31;322.74;7.79;1324;32;2786.00;47
6760;28;23129732;6760;549;8084;8129;5.00;0.31;322.87;7.82;1324;32;2787.00;45
6765;28;23129751;6765;558;8084;8130;4.99;0.30;323.08;7.82;1319;32;2788.00;46
6769;28;23129769;6769;554;8085;8130;4.96;0.30;323.05;7.84;1316;32;2789.00;45
6774;28;23129787;6774;562;8091;8136;4.91;0.30;323.18;7.86;1317;32;2790.00;45
6778;28;23129804;6778;566;8091;8136;4.87;0.30;323.23;7.86;1313;32;2791.00;45
6778;28;23129822;6778;566;8093;8136;4.87;0.30;323.23;7.87;1315;32;2792.00;43
6784;28;23129837;6784;575;8093;8136;4.85;0.30;323.31;7.87;1309;32;2793.00;43
6789;28;23129855;6789;567;8099;8142;4.85;0.30;323.40;7.89;1310;32;2794.00;43
6792;28;23129872;6792;565;8099;8142;4.81;0.29;323.37;7.89;1307;32;2795.00;43
6796;28;23129888;6796;567;8099;8142;4.76;0.29;323.40;7.89;1303;32;2796.00;43
6799;28;23129906;6799;565;8099;8142;4.68;0.29;323.43;7.89;1300;32;2797.00;43
6800;28;23129930;6800;562;8102;8146;4.63;0.28;323.45;7.89;1302;32;2798.00;44
6802;28;23129950;6802;563;8103;8147;4.58;0.28;323.60;7.89;1301;32;2799.00;44
6807;28;23129970;6807;555;8105;8147;4.55;0.28;323.82;7.89;1298;32;2800.00;42
6812;28;23129993;6812;547;8106;8148;4.57;0.28;323.93;7.89;1294;32;2801.00;42
6815;28;23130015;6815;537;8106;8148;4.56;0.28;324.08;7.89;1291;32;2802.00;42
6819;28;23130032;6819;536;8106;8148;4.55;0.28;324.39;7.89;1287;32;2803.00;42
6820;28;23130047;6820;529;8106;8148;4.61;0.28;324.36;7.89;1286;32;2804.00;42
6823;28;23130064;6823;526;8106;8148;4.64;0.28;324.42;7.89;1283;32;2805.00;42
6825;28;23130080;6825;522;8106;8148;4.70;0.29;324.58;7.89;1281;32;2806.00;42
6828;28;23130097;6828;520;8106;8148;4.71;0.29;324.65;7.89;1278;32;2807.00;42
6833;28;23130113;6833;521;8142;8218;4.82;0.30;324.65;7.85;1309;32;2808.00;76
6836;28;23130136;6836;509;8143;8219;4.85;0.30;324.71;7.85;1307;32;2809.00;76
6840;28;23130153;6840;507;8145;8219;4.85;0.30;324.82;7.85;1305;32;2810.00;74
6844;28;23130170;6844;503;8145;8219;4.90;0.30;324.92;7.85;1301;32;2811.00;74
6846;28;23130187;6846;504;8148;8219;5.00;0.31;324.93;7.85;1302;32;2812.00;71
6849;28;23130208;6849;498;8148;8219;5.06;0.31;325.01;7.85;1299;32;2813.00;71
6850;28;23130230;6850;497;8150;8219;5.17;0.32;325.02;7.85;1300;32;2814.00;69
6854;28;23130253;6854;497;8150;8219;5.20;0.32;325.17;7.85;1296;32;2815.00;69
6858;28;23130286;6858;498;8152;8220;5.23;0.32;325.22;7.85;1294;32;2816.00;68
6862;28;23130304;6862;499;8153;8221;5.23;0.32;325.32;7.85;1291;32;2817.00;68
6867;28;23130323;6867;495;8154;8221;5.24;0.32;325.43;7.85;1287;32;2818.00;67
6871;28;23130340;6871;492;8157;8225;5.28;0.32;325.51;7.85;1286;32;2819.00;68
6873;28;23130362;6873;489;8158;8225;5.29;0.32;325.57;7.85;1285;32;2820.00;67
6879;28;23130379;6879;486;8159;8225;5.31;0.32;325.78;7.85;1280;32;2821.00;66
6882;28;23130397;6882;480;8160;8225;5.34;0.32;325.84;7.85;1278;32;2822.00;65
6886;28;23130415;6886;479;8165;8231;5.37;0.33;325.86;7.85;1279;32;2823.00;66
6890;28;23130434;6890;480;8166;8231;5.39;0.33;325.84;7.85;1276;32;2824.00;65
6896;28;23130457;6896;475;8167;8231;5.35;0.33;326.03;7.85;1271;32;2825.00;64
6899;28;23130477;6899;475;8169;8234;5.40;0.33;326.11;7.85;1270;32;2826.00;65
6904;28;23130498;6904;473;8170;8234;5.42;0.33;326.19;7.85;1266;32;2827.00;64
6907;28;23130518;6907;472;8170;8234;5.46;0.33;326.37;7.85;1263;32;2828.00;64
6912;28;23130539;6912;471;8170;8235;5.47;0.33;326.45;7.85;1258;32;2829.00;65
6915;28;23130557;6915;474;8174;8236;5.47;0.33;326.56;7.85;1259;32;2830.00;62
6919;28;23130575;6919;475;8177;8236;5.44;0.33;326.59;7.86;1258;32;2831.00;59
6922;28;23130595;6922;477;8185;8249;5.39;0.33;326.71;7.85;1263;32;2832.00;64
6924;28;23130613;6924;481;8188;8249;5.33;0.33;326.75;7.85;1264;32;2833.00;61
6928;28;23130631;6928;485;8188;8249;5.27;0.32;326.85;7.85;1260;32;2834.00;61
6932;28;23130651;6932;489;8191;8251;5.26;0.32;326.87;7.85;1259;32;2835.00;60
6936;28;23130668;6936;487;8192;8251;5.21;0.32;326.97;7.85;1256;32;2836.00;59
6938;28;23130685;6938;495;8196;8255;5.17;0.32;327.01;7.85;1258;32;2837.00;59
6942;28;23130703;6942;502;8197;8255;5.17;0.32;327.07;7.85;1255;32;2838.00;58
6946;28;23130719;6946;503;8200;8259;5.11;0.31;327.04;7.85;1254;32;2839.00;59
6949;28;23130736;6949;512;8200;8259;5.07;0.31;327.18;7.85;1251;32;2840.00;59
6955;28;23130753;6955;512;8200;8259;4.97;0.30;327.21;7.85;1245;32;2841.00;59
6957;28;23130770;6957;520;8201;8259;4.86;0.30;327.33;7.85;1244;32;2842.00;58
6958;28;23130788;6958;521;8202;8259;4.79;0.29;327.35;7.86;1244;32;2843.00;57
6962;28;23130804;6962;529;8212;8271;4.75;0.29;327.48;7.85;1250;32;2844.00;59
6964;28;23130821;6964;535;8214;8271;4.70;0.29;327.50;7.85;1250;32;2845.00;57
6968;28;23130836;6968;546;8214;8271;4.59;0.28;327.63;7.85;1246;32;2846.00;57
6972;28;23130852;6972;544;8214;8271;4.50;0.27;327.85;7.85;1242;32;2847.00;57
6974;28;23130870;6974;538;8215;8271;4.47;0.27;327.83;7.86;1241;32;2848.00;56
6979;28;23130886;6979;536;8215;8271;4.45;0.27;327.83;7.86;1236;32;2849.00;56
6984;28;23130903;6984;538;8217;8274;4.43;0.27;327.93;7.85;1233;32;2850.00;57
6988;28;23130922;6988;544;8218;8274;4.39;0.27;327.97;7.85;1230;32;2851.00;56
6989;28;23130938;6989;537;8223;8280;4.45;0.27;327.96;7.85;1234;32;2852.00;57
6992;28;23130954;6992;541;8224;8281;4.49;0.27;327.94;7.85;1232;32;2853.00;57
6993;28;23130972;6993;548;8225;8281;4.50;0.27;327.91;7.85;1232;32;2854.00;56
6996;28;23130988;6996;560;8225;8281;4.47;0.27;327.84;7.85;1229;32;2855.00;56
6996;28;23131007;6996;554;8229;8285;4.52;0.27;327.84;7.85;1233;32;2856.00;56
6997;28;23131026;6997;548;8229;8285;4.55;0.28;327.86;7.85;1232;32;2857.00;56
7001;28;23131043;7001;547;8229;8285;4.59;0.28;327.77;7.85;1228;32;2858.00;56
7002;28;23131063;7002;535;8230;8286;4.66;0.28;327.75;7.85;1228;32;2859.00;56
7002;28;23131080;7002;538;8233;8290;4.71;0.29;327.75;7.84;1231;32;2860.00;57
7004;28;23131102;7004;540;8233;8290;4.73;0.29;327.70;7.84;1229;32;2861.00;57
7006;28;23131131;7006;543;8235;8293;4.77;0.29;327.67;7.84;1229;32;2862.00;58
7006;28;23131152;7006;546;8236;8293;4.83;0.29;327.67;7.84;1230;32;2863.00;57
7007;28;23131170;7007;552;8238;8295;4.85;0.30;327.69;7.84;1231;32;2864.00;57
7008;28;23131190;7008;556;8238;8295;4.86;0.30;327.64;7.84;1230;32;2865.00;57
7010;28;23131209;7010;560;8242;8299;4.91;0.30;327.59;7.84;1232;32;2866.00;57
7010;28;23131227;7010;559;8242;8299;4.94;0.30;327.59;7.84;1232;32;2867.00;57
7010;28;23131248;7010;551;8242;8299;4.95;0.30;327.59;7.84;1232;32;2868.00;57
7014;28;23131266;7014;553;8242;8299;4.94;0.30;327.65;7.84;1228;32;2869.00;57
7016;28;23131284;7016;554;8242;8300;4.97;0.30;327.58;7.84;1226;32;2870.00;58
7017;28;23131301;7017;559;8243;8301;5.01;0.31;327.58;7.84;1226;32;2871.00;58
7021;28;23131319;7021;552;8243;8301;5.05;0.31;327.61;7.84;1222;32;2872.00;58
7022;28;23131336;7022;554;8244;8302;5.08;0.31;327.64;7.83;1222;32;2873.00;58
7025;28;23131354;7025;560;8244;8302;5.06;0.31;327.60;7.83;1219;32;2874.00;58
7027;28;23131383;7027;554;8244;8302;5.04;0.31;327.54;7.83;1217;32;2875.00;58
7029;28;23131399;7029;547;8244;8302;4.97;0.30;327.49;7.83;1215;32;2876.00;58
7031;28;23131416;7031;546;8244;8302;4.89;0.30;327.51;7.83;1213;32;2877.00;58
7034;28;23131432;7034;538;8244;8302;4.80;0.29;327.55;7.83;1210;32;2878.00;58
7035;28;23131449;7035;543;8244;8302;4.72;0.29;327.64;7.83;1209;32;2879.00;58
7037;28;23131468;7037;608;8370;8532;4.80;0.30;327.61;7.72;1333;32;2880.00;162
7039;28;23131507;7039;604;8370;8533;4.75;0.30;327.61;7.72;1331;32;2881.00;163
7039;28;23131524;7039;586;8378;8533;4.79;0.30;327.61;7.71;1339;32;2882.00;155
7041;28;23131539;7041;579;8379;8533;4.81;0.30;327.63;7.71;1338;32;2883.00;154
7045;28;23131555;7045;573;8385;8533;4.81;0.30;327.57;7.71;1340;32;2884.00;148
7046;28;23131572;7046;570;8388;8533;4.83;0.30;327.55;7.71;1342;32;2885.00;145
7049;28;23131589;7049;572;8393;8533;4.86;0.30;327.66;7.71;1344;32;2886.00;140
7050;28;23131609;7050;572;8398;8533;4.89;0.30;327.64;7.71;1348;32;2887.00;135
7050;28;23131629;7050;573;8403;8534;4.92;0.31;327.64;7.71;1353;32;2888.00;131
7051;28;23131646;7051;575;8408;8535;4.90;0.30;327.63;7.71;1357;32;2889.00;127
7055;28;23131665;7055;576;8413;8535;4.85;0.30;327.60;7.71;1358;32;2890.00;122
7057;28;23131683;7057;573;8414;8536;4.85;0.30;327.57;7.71;1357;32;2891.00;122
7061;28;23131708;7061;570;8416;8536;4.77;0.29;327.64;7.71;1355;32;2892.00;120
7062;28;23131727;7062;545;8419;8536;4.77;0.29;327.65;7.71;1357;32;2893.00;117
7067;28;23131746;7067;539;8420;8536;4.74;0.29;327.76;7.71;1353;32;2894.00;116
7068;28;23131764;7068;537;8422;8540;4.74;0.29;327.78;7.71;1354;32;2895.00;118
7069;28;23131784;7069;542;8424;8540;4.74;0.29;327.82;7.71;1355;32;2896.00;116
7070;28;23131802;7070;535;8425;8540;4.80;0.29;327.83;7.71;1355;32;2897.00;115
7070;28;23131821;7070;527;8427;8543;4.90;0.30;327.83;7.71;1357;32;2898.00;116
7072;28;23131846;7072;526;8427;8543;4.91;0.30;327.87;7.71;1355;32;2899.00;116
7073;28;23131870;7073;533;8428;8543;4.92;0.30;327.90;7.71;1355;32;2900.00;115
7074;28;23131902;7074;527;8431;8547;4.93;0.30;327.88;7.71;1357;32;2901.00;116
7075;28;23131923;7075;525;8432;8548;4.97;0.30;327.94;7.71;1357;32;2902.00;116
7075;28;23131950;7075;523;8432;8548;4.98;0.30;327.94;7.71;1357;32;2903.00;116
7078;28;23131968;7078;521;8433;8552;5.02;0.31;327.83;7.71;1355;32;2904.00;119
7079;28;23131987;7079;515;8435;8552;5.07;0.31;327.84;7.77;1356;32;2905.00;117
7081;28;23132010;7081;514;8436;8552;5.15;0.31;327.85;7.77;1355;32;2906.00;116
7082;28;23132030;7082;506;8436;8553;5.15;0.31;327.83;7.77;1354;32;2907.00;117
7084;28;23132055;7084;505;8439;8553;5.17;0.32;327.80;7.78;1355;32;2908.00;114
7087;28;23132074;7087;503;8442;8559;5.19;0.32;327.80;7.77;1355;32;2909.00;117
7087;28;23132097;7087;496;8442;8559;5.21;0.32;327.80;7.77;1355;32;2910.00;117
7089;28;23132115;7089;485;8443;8560;5.23;0.32;327.79;7.78;1354;32;2911.00;117
7090;28;23132134;7090;484;8444;8560;5.26;0.32;327.89;7.78;1354;32;2912.00;116
7092;28;23132150;7092;472;8444;8560;5.32;0.32;327.87;7.78;1352;32;2913.00;116
7093;28;23132167;7093;472;8445;8560;5.37;0.33;327.99;7.78;1352;32;2914.00;115
7096;28;23132187;7096;460;8445;8560;5.40;0.33;327.97;7.78;1349;32;2915.00;115
7099;28;23132207;7099;450;8454;8572;5.47;0.33;327.95;7.77;1355;32;2916.00;118
7101;28;23132231;7101;440;8455;8572;5.54;0.34;327.88;7.78;1354;32;2917.00;117
7104;28;23132249;7104;438;8455;8572;5.57;0.34;327.87;7.78;1351;32;2918.00;117
7108;28;23132269;7108;439;8455;8572;5.58;0.34;327.81;7.78;1347;32;2919.00;117
7111;28;23132288;7111;438;8457;8572;5.63;0.34;327.81;7.78;1346;32;2920.00;115
7115;28;23132306;7115;447;8458;8572;5.62;0.34;327.73;7.79;1343;32;2921.00;114
7117;28;23132325;7117;445;8462;8576;5.61;0.34;327.79;7.79;1345;32;2922.00;114
7119;28;23132345;7119;448;8464;8576;5.61;0.34;327.77;7.80;1345;32;2923.00;112
7123;28;23132365;7123;445;8468;8580;5.59;0.34;327.83;7.80;1345;32;2924.00;112
7124;28;23132384;7124;444;8471;8582;5.59;0.34;327.81;7.81;1347;32;2925.00;111
7127;28;23132404;7127;442;8474;8582;5.59;0.34;327.88;7.82;1347;32;2926.00;108
7128;28;23132424;7128;444;8476;8582;5.58;0.34;327.88;7.82;1348;32;2927.00;106
7132;28;23132442;7132;448;8485;8595;5.53;0.34;327.92;7.82;1353;32;2928.00;110
7134;28;23132489;7134;450;8487;8595;5.52;0.34;328.03;7.82;1353;32;2929.00;108
7137;28;23132510;7137;457;8491;8595;5.51;0.33;328.12;7.87;1354;32;2930.00;104
7140;28;23132528;7140;464;8494;8596;5.50;0.33;328.21;7.88;1354;32;2931.00;102
7141;28;23132547;7141;474;8495;8597;5.48;0.33;328.18;7.88;1354;32;2932.00;102
7144;28;23132566;7144;478;8498;8597;5.50;0.33;328.27;7.89;1354;32;2933.00;99
7147;28;23132584;7147;475;8502;8600;5.49;0.33;328.30;7.93;1355;32;2934.00;98
7150;28;23132603;7150;475;8507;8600;5.45;0.33;328.35;7.96;1357;32;2935.00;93
7152;28;23132621;7152;474;8508;8600;5.45;0.33;328.41;8.00;1356;32;2936.00;92
7155;28;23132639;7155;480;8509;8600;5.42;0.33;328.44;8.00;1354;32;2937.00;91
7156;28;23132658;7156;485;8514;8606;5.44;0.33;328.41;8.00;1358;32;2938.00;92
7160;28;23132679;7160;492;8516;8606;5.39;0.33;328.42;8.04;1356;32;2939.00;90
7161;28;23132700;7161;488;8517;8606;5.40;0.33;328.47;8.03;1356;32;2940.00;89
7164;28;23132719;7164;494;8520;8606;5.40;0.33;328.46;8.10;1356;32;2941.00;86
7167;28;23132739;7167;502;8523;8610;5.44;0.33;328.60;8.10;1356;32;2942.00;87
7172;28;23132764;7172;504;8526;8611;5.47;0.33;328.80;8.14;1354;32;2943.00;85
7176;28;23132790;7176;503;8526;8611;5.50;0.33;328.80;8.14;1350;32;2944.00;85
7182;28;23132817;7182;502;8529;8612;5.49;0.33;328.88;8.15;1347;32;2945.00;83
7184;28;23132837;7184;502;8530;8612;5.47;0.33;329.10;8.18;1346;32;2946.00;82
7184;28;23132857;7184;497;8535;8612;5.49;0.33;329.10;8.29;1351;32;2947.00;77
7186;28;23132876;7186;497;8535;8612;5.48;0.33;329.21;8.29;1349;32;2948.00;77
7188;28;23132893;7188;497;8536;8612;5.47;0.33;329.31;8.32;1348;32;2949.00;76
7189;28;23132922;7189;489;8537;8612;5.49;0.34;329.32;8.32;1348;32;2950.00;75
7193;28;23132941;7193;491;8538;8612;5.49;0.34;329.40;8.35;1345;32;2951.00;74
7195;28;23132960;7195;506;8584;8682;5.58;0.34;329.57;8.31;1389;32;2952.00;98
7196;28;23132988;7196;493;8584;8683;5.61;0.34;329.61;8.31;1388;32;2953.00;99
7200;28;23133008;7200;495;8587;8683;5.66;0.35;329.57;8.30;1387;32;2954.00;96
7202;28;23133031;7202;500;8588;8683;5.73;0.35;329.61;8.33;1386;32;2955.00;95
7206;28;23133054;7206;499;8589;8683;5.78;0.35;329.80;8.33;1383;32;2956.00;94
7210;28;23133072;7210;496;8593;8683;5.80;0.35;329.82;8.44;1383;32;2957.00;90
7213;28;23133089;7213;495;8597;8683;5.88;0.36;329.99;8.46;1384;32;2958.00;86
7216;28;23133106;7216;500;8597;8683;5.89;0.36;330.23;8.46;1381;32;2959.00;86
7220;28;23133124;7220;502;8600;8684;5.88;0.36;330.32;8.49;1380;32;2960.00;84
7222;28;23133141;7222;498;8602;8685;5.93;0.36;330.44;8.49;1380;32;2961.00;83
7228;28;23133159;7228;495;8606;8685;5.88;0.36;330.48;8.54;1378;32;2962.00;79
7233;28;23133176;7233;497;8611;8689;5.86;0.36;330.60;8.54;1378;32;2963.00;78
7239;28;23133195;7239;501;8613;8689;5.84;0.35;330.64;8.59;1374;32;2964.00;76
7242;28;23133212;7242;503;8613;8689;5.83;0.35;330.76;8.59;1371;32;2965.00;76
7248;28;23133230;7248;510;8613;8689;5.76;0.35;331.03;8.59;1365;32;2966.00;76
7251;28;23133246;7251;521;8619;8695;5.72;0.35;331.08;8.64;1368;32;2967.00;76
7254;28;23133265;7254;527;8619;8695;5.66;0.34;331.08;8.64;1365;32;2968.00;76
7258;28;23133282;7258;521;8621;8695;5.60;0.34;331.16;8.68;1363;32;2969.00;74
7260;28;23133301;7260;527;8624;8701;5.55;0.34;331.22;8.68;1364;32;2970.00;77
7266;28;23133320;7266;533;8624;8701;5.43;0.33;331.36;8.68;1358;32;2971.00;77
7268;28;23133337;7268;525;8627;8701;5.33;0.32;331.43;8.73;1359;32;2972.00;74
7272;28;23133353;7272;532;8628;8702;5.24;0.32;331.55;8.73;1356;32;2973.00;74
7277;28;23133369;7277;535;8631;8703;5.12;0.31;331.77;8.77;1354;32;2974.00;72
7279;28;23133387;7279;525;8631;8703;5.07;0.31;331.90;8.77;1352;32;2975.00;72
7281;28;23133403;7281;530;8641;8716;5.10;0.31;332.04;8.76;1360;32;2976.00;75
7285;28;23133421;7285;538;8641;8716;5.06;0.31;332.13;8.76;1356;32;2977.00;75
7289;28;23133439;7289;533;8641;8716;5.06;0.31;332.20;8.76;1352;32;2978.00;75
7291;28;23133457;7291;544;8642;8717;5.08;0.31;332.30;8.77;1351;32;2979.00;75
7294;28;23133475;7294;544;8642;8717;5.12;0.31;332.37;8.77;1348;32;2980.00;75
7296;28;23133494;7296;544;8645;8721;5.18;0.32;332.40;8.76;1349;32;2981.00;76
7301;28;23133513;7301;536;8645;8721;5.19;0.32;332.45;8.76;1344;32;2982.00;76
7304;28;23133533;7304;530;8648;8725;5.21;0.32;332.48;8.76;1344;32;2983.00;77
7311;28;23133550;7311;532;8648;8725;5.23;0.32;332.62;8.76;1337;32;2984.00;77
7315;28;23133568;7315;522;8648;8725;5.26;0.32;332.71;8.76;1333;32;2985.00;77
7318;28;23133585;7318;515;8648;8725;5.23;0.32;332.68;8.76;1330;32;2986.00;77
7323;28;23133602;7323;502;8648;8725;5.21;0.32;332.83;8.76;1325;32;2987.00;77
7325;28;23133618;7325;504;8657;8737;5.26;0.32;332.87;8.75;1332;32;2988.00;80
7331;28;23133636;7331;498;8657;8737;5.25;0.32;332.94;8.75;1326;32;2989.00;80
7335;28;23133652;7335;502;8657;8737;5.24;0.32;333.10;8.75;1322;32;2990.00;80
7340;28;23133669;7340;493;8658;8737;5.21;0.32;333.11;8.75;1318;32;2991.00;79
7343;28;23133685;7343;483;8658;8737;5.20;0.32;333.22;8.75;1315;32;2992.00;79
7344;28;23133700;7344;486;8658;8737;5.17;0.32;333.24;8.75;1314;32;2993.00;79
7349;28;23133717;7349;485;8658;8738;5.12;0.31;333.27;8.75;1309;32;2994.00;80
7352;28;23133733;7352;485;8659;8738;5.10;0.31;333.32;8.76;1307;32;2995.00;79
7356;28;23133749;7356;494;8663;8744;5.07;0.31;333.28;8.75;1307;32;2996.00;81
7360;28;23133773;7360;496;8665;8745;5.04;0.31;333.27;8.76;1305;32;2997.00;80
7364;28;23133792;7364;496;8665;8745;5.00;0.31;333.26;8.76;1301;32;2998.00;80
7366;28;23133810;7366;511;8665;8745;4.99;0.31;333.37;8.76;1299;32;2999.00;80
7368;28;23133832;7368;517;8674;8765;4.96;0.30;333.43;8.76;1306;32;3000.00;91
7373;28;23133858;7373;521;8675;8765;4.91;0.30;333.54;8.77;1302;32;3001.00;90
7377;28;23133876;7377;523;8675;8765;4.91;0.30;333.59;8.77;1298;32;3002.00;90
7382;28;23133898;7382;531;8678;8766;4.90;0.30;333.58;8.77;1296;32;3003.00;88
7386;28;23133918;7386;534;8684;8770;4.91;0.30;333.62;8.77;1298;32;3004.00;86
7393;28;23133936;7393;538;8686;8770;4.85;0.30;333.76;8.77;1293;32;3005.00;84
7393;28;23133954;7393;543;8689;8773;4.90;0.30;333.76;8.77;1296;32;3006.00;84
7399;28;23133972;7399;541;8690;8773;4.90;0.30;333.71;8.77;1291;32;3007.00;83
7400;28;23133990;7400;545;8691;8773;4.87;0.30;333.77;8.77;1291;32;3008.00;82
7401;28;23134009;7401;549;8692;8773;4.90;0.30;333.74;8.77;1291;32;3009.00;81
7405;28;23134026;7405;550;8695;8777;4.87;0.30;333.72;8.77;1290;32;3010.00;82
7408;28;23134045;7408;545;8696;8777;4.84;0.30;333.81;8.77;1288;32;3011.00;81
7409;28;23134063;7409;550;8698;8777;4.85;0.30;333.91;8.77;1289;32;3012.00;79
7411;29;23134088;7411;546;8699;8777;4.80;0.30;334.00;8.77;1288;33;3013.00;78
7415;29;23134114;7415;551;8700;8778;4.76;0.29;334.00;8.77;1285;33;3014.00;78
7417;29;23134131;7417;557;8702;8780;4.77;0.30;334.02;8.77;1285;33;3015.00;78
7419;29;23134149;7419;561;8702;8780;4.74;0.29;333.98;8.77;1283;33;3016.00;78
7426;29;23134167;7426;564;8704;8781;4.69;0.29;333.91;8.77;1278;33;3017.00;77
7432;29;23134184;7432;569;8704;8781;4.63;0.29;333.82;8.77;1272;33;3018.00;77
7433;29;23134202;7433;575;8704;8781;4.63;0.29;333.81;8.77;1271;33;3019.00;77
7438;29;23134220;7438;579;8704;8781;4.57;0.28;333.71;8.77;1266;33;3020.00;77
7440;29;23134238;7440;588;8704;8781;4.56;0.28;333.76;8.77;1264;33;3021.00;77
7443;29;23134260;7443;580;8704;8781;4.55;0.28;333.81;8.77;1261;33;3022.00;77
7446;29;23134279;7446;577;8705;8781;4.51;0.28;333.96;8.77;1259;33;3023.00;76
7447;29;23134295;7447;585;8774;8908;4.77;0.30;333.92;8.70;1327;33;3024.00;134
7448;29;23134322;7448;578;8775;8909;4.74;0.29;333.90;8.70;1327;33;3025.00;134
7449;29;23134339;7449;578;8782;8909;4.81;0.30;333.87;8.69;1333;33;3026.00;127
7453;29;23134355;7453;569;8783;8909;4.76;0.30;333.92;8.69;1330;33;3027.00;126
7456;29;23134371;7456;575;8788;8909;4.73;0.29;333.89;8.69;1332;33;3028.00;121
7457;29;23134392;7457;574;8791;8909;4.68;0.29;333.91;8.69;1334;33;3029.00;118
7463;29;23134412;7463;573;8793;8909;4.63;0.28;333.89;8.69;1330;33;3030.00;116
7465;29;23134429;7465;565;8796;8909;4.63;0.28;333.89;8.69;1331;34;3031.00;113
7468;29;23134458;7468;552;8798;8910;4.62;0.28;333.89;8.69;1330;34;3032.00;112
7470;29;23134478;7470;546;8800;8911;4.58;0.28;333.82;8.69;1330;34;3033.00;111
7472;29;23134504;7472;546;8803;8911;4.56;0.28;333.77;8.69;1331;34;3034.00;108
7474;29;23134521;7474;543;8805;8912;4.61;0.28;333.75;8.69;1331;34;3035.00;107
7475;29;23134538;7475;540;8808;8912;4.64;0.28;333.78;8.69;1333;34;3036.00;104
7476;29;23134555;7476;544;8810;8912;4.66;0.29;333.81;8.70;1334;34;3037.00;102
7477;29;23134573;7477;549;8812;8912;4.69;0.29;333.78;8.70;1335;34;3038.00;100
7477;29;23134591;7477;561;8817;8916;4.72;0.29;333.78;8.70;1340;34;3039.00;99
7480;29;23134610;7480;558;8819;8916;4.74;0.29;333.79;8.70;1339;34;3040.00;97
7483;29;23134628;7483;570;8821;8916;4.77;0.29;333.94;8.70;1338;34;3041.00;95
7484;29;23134648;7484;570;8823;8919;4.84;0.30;333.92;8.70;1339;34;3042.00;96
7488;29;23134666;7488;575;8828;8919;4.83;0.30;333.98;8.72;1340;34;3043.00;91
7490;29;23134685;7490;574;8829;8919;4.80;0.29;334.05;8.72;1339;34;3044.00;90
7492;29;23134704;7492;579;8833;8923;4.77;0.29;334.01;8.72;1341;34;3045.00;90
7494;29;23134724;7494;581;8835;8924;4.77;0.29;333.99;8.72;1341;34;3046.00;89
7495;29;23134751;7495;583;8836;8924;4.79;0.29;334.08;8.72;1341;34;3047.00;88
7495;29;23134770;7495;585;8838;8928;4.83;0.29;334.08;8.72;1343;34;3048.00;90
7497;29;23134790;7497;582;8840;8928;4.85;0.30;334.09;8.72;1343;34;3049.00;88
7501;29;23134808;7501;567;8840;8928;4.83;0.29;334.05;8.72;1339;34;3050.00;88
7502;29;23134826;7502;560;8842;8929;4.87;0.30;334.05;8.72;1340;34;3051.00;87
7503;29;23134846;7503;554;8842;8929;4.85;0.29;334.05;8.72;1339;34;3052.00;87
7507;29;23134863;7507;552;8847;8935;4.91;0.30;333.92;8.71;1340;34;3053.00;88
7510;29;23134881;7510;544;8847;8935;4.93;0.30;333.89;8.71;1337;34;3054.00;88
7510;29;23134898;7510;531;8847;8936;4.94;0.30;333.89;8.71;1337;34;3055.00;89
7510;29;23134917;7510;527;8847;8936;4.96;0.30;333.89;8.71;1337;34;3056.00;89
7512;29;23134935;7512;523;8847;8936;4.94;0.30;333.83;8.71;1335;34;3057.00;89
7513;29;23134953;7513;516;8847;8936;4.97;0.30;333.83;8.71;1334;34;3058.00;89
7513;29;23134973;7513;518;8847;8936;4.97;0.30;333.83;8.71;1334;34;3059.00;89
7514;29;23134994;7514;516;8867;8972;5.05;0.31;333.86;8.69;1353;34;3060.00;105
7515;29;23135018;7515;513;8868;8972;5.06;0.31;333.86;8.69;1353;34;3061.00;104
7517;29;23135038;7517;515;8871;8972;5.11;0.31;333.84;8.69;1354;34;3062.00;101
7517;29;23135057;7517;513;8871;8972;5.17;0.31;333.84;8.69;1354;34;3063.00;101
7519;29;23135075;7519;507;8872;8972;5.19;0.32;333.88;8.69;1353;34;3064.00;100
7520;29;23135096;7520;499;8872;8972;5.24;0.32;333.89;8.69;1352;34;3065.00;100
7522;29;23135113;7522;494;8876;8976;5.27;0.32;333.98;8.69;1354;34;3066.00;100
7522;29;23135132;7522;489;8876;8976;5.33;0.32;333.98;8.69;1354;34;3067.00;100
7524;29;23135152;7524;478;8879;8980;5.35;0.33;333.96;8.69;1355;34;3068.00;101
7526;29;23135171;7526;472;8880;8981;5.42;0.33;333.97;8.68;1354;34;3069.00;101
7527;29;23135191;7527;467;8880;8981;5.48;0.33;334.03;8.68;1353;34;3070.00;101
7530;29;23135208;7530;459;8880;8981;5.52;0.34;334.18;8.68;1350;34;3071.00;101
7534;29;23135227;7534;452;8889;8994;5.61;0.34;334.21;8.68;1355;34;3072.00;105
7537;29;23135247;7537;453;8889;8994;5.67;0.35;334.40;8.68;1352;34;3073.00;105
7539;29;23135267;7539;450;8889;8994;5.72;0.35;334.36;8.68;1350;34;3074.00;105
7543;29;23135285;7543;434;8890;8995;5.77;0.35;334.37;8.67;1347;34;3075.00;105
7548;29;23135303;7548;429;8890;8996;5.80;0.35;334.45;8.67;1342;34;3076.00;106
7552;29;23135322;7552;425;8890;8996;5.80;0.35;334.36;8.67;1338;34;3077.00;106
7560;29;23135340;7560;421;8892;8999;5.77;0.35;334.62;8.67;1332;34;3078.00;107
7564;29;23135359;7564;417;8892;8999;5.78;0.35;334.67;8.67;1328;34;3079.00;107
7566;29;23135381;7566;409;8895;8999;5.79;0.35;334.73;8.74;1329;34;3080.00;104
7568;29;23135405;7568;396;8895;8999;5.85;0.35;334.82;8.74;1327;34;3081.00;104
7569;29;23135424;7569;390;8899;9005;5.87;0.36;334.81;8.73;1330;34;3082.00;106
7572;29;23135469;7572;391;8899;9005;5.88;0.36;334.85;8.73;1327;34;3083.00;106
7574;29;23135497;7574;382;8901;9005;5.89;0.36;335.01;8.74;1327;34;3084.00;104
7577;29;23135518;7577;389;8901;9005;5.91;0.36;335.13;8.74;1324;34;3085.00;104
7579;29;23135547;7579;385;8904;9009;5.92;0.36;335.15;8.73;1325;34;3086.00;105
7582;29;23135567;7582;389;8905;9010;5.97;0.36;335.27;8.73;1323;34;3087.00;105
7585;29;23135584;7585;391;8906;9010;6.05;0.37;335.33;8.74;1321;34;3088.00;104
7588;29;23135601;7588;388;8907;9011;6.03;0.37;335.42;8.74;1319;34;3089.00;104
7592;29;23135620;7592;389;8907;9011;6.01;0.36;335.52;8.74;1315;34;3090.00;104
7596;29;23135637;7596;386;8907;9011;5.98;0.36;335.48;8.74;1311;34;3091.00;104
7600;29;23135653;7600;392;8907;9011;5.96;0.36;335.40;8.74;1307;34;3092.00;104
7601;29;23135670;7601;393;8907;9011;5.96;0.36;335.51;8.74;1306;34;3093.00;104
7602;29;23135687;7602;394;8908;9011;5.95;0.36;335.47;8.74;1306;34;3094.00;103
7605;29;23135707;7605;391;8908;9011;5.92;0.36;335.51;8.74;1303;34;3095.00;103
7608;29;23135725;7608;403;8941;9081;6.00;0.36;335.67;8.71;1333;34;3096.00;140
7610;29;23135751;7610;402;8942;9082;6.00;0.36;335.71;8.71;1332;34;3097.00;140
7612;29;23135771;7612;385;8948;9082;6.04;0.37;335.77;8.71;1336;34;3098.00;134
7616;29;23135790;7616;388;8948;9082;6.02;0.37;335.81;8.71;1332;34;3099.00;134
7618;29;23135810;7618;390;8954;9082;6.05;0.37;335.86;8.71;1336;34;3100.00;128
7621;29;23135835;7621;396;8956;9082;6.06;0.37;335.95;8.72;1335;34;3101.00;126
7622;29;23135854;7622;393;8959;9082;6.10;0.37;336.00;8.71;1337;34;3102.00;123
7625;29;23135875;7625;399;8965;9082;6.10;0.37;336.17;8.71;1340;34;3103.00;117
7629;29;23135895;7629;400;8968;9083;6.08;0.37;336.18;8.71;1339;34;3104.00;115
7631;29;23135915;7631;403;8974;9085;6.05;0.37;336.21;8.75;1343;34;3105.00;111
7632;29;23135939;7632;406;8978;9085;6.01;0.37;336.29;8.75;1346;34;3106.00;107
7635;30;23135960;7635;403;8984;9089;5.91;0.36;336.46;8.78;1349;35;3107.00;105
7638;30;23136007;7638;412;8986;9089;5.93;0.36;336.49;8.81;1348;35;3108.00;103
7640;30;23136028;7640;419;8987;9089;5.94;0.36;336.60;8.81;1347;35;3109.00;102
7644;30;23136046;7644;418;8987;9089;5.92;0.36;336.84;8.81;1343;35;3110.00;102
7646;30;23136064;7646;426;8992;9095;5.95;0.36;337.04;8.84;1346;35;3111.00;103
7648;30;23136081;7648;435;8994;9095;5.95;0.36;337.05;8.85;1346;35;3112.00;101
7651;30;23136098;7651;436;8995;9095;5.94;0.36;337.16;8.88;1344;35;3113.00;100
7654;30;23136121;7654;437;8997;9098;5.94;0.36;337.18;8.88;1343;35;3114.00;101
7656;30;23136146;7656;443;8997;9098;5.91;0.36;337.27;8.88;1341;35;3115.00;101
7657;30;23136165;7657;445;9000;9098;5.84;0.35;337.25;8.91;1343;35;3116.00;98
7660;30;23136190;7660;456;9000;9099;5.77;0.35;337.44;8.91;1340;35;3117.00;99
7662;30;23136210;7662;462;9001;9100;5.76;0.35;337.49;8.91;1339;35;3118.00;99
7666;30;23136230;7666;466;9002;9100;5.71;0.35;337.49;8.94;1336;35;3119.00;98
7670;30;23136252;7670;476;9022;9126;5.67;0.34;337.50;8.92;1352;35;3120.00;104
7672;30;23136277;7672;477;9023;9126;5.64;0.34;337.49;8.92;1351;35;3121.00;103
7674;30;23136298;7674;472;9026;9126;5.62;0.34;337.60;8.99;1352;35;3122.00;100
7675;30;23136319;7675;484;9028;9127;5.61;0.34;337.69;9.02;1353;35;3123.00;99
7677;30;23136337;7677;476;9029;9127;5.58;0.34;337.67;9.05;1352;35;3124.00;98
7679;30;23136359;7679;479;9033;9131;5.64;0.34;337.75;9.05;1354;35;3125.00;98
7681;30;23136382;7681;476;9035;9131;5.61;0.34;337.81;9.11;1354;35;3126.00;96
7682;30;23136400;7682;467;9038;9135;5.61;0.34;337.80;9.11;1356;35;3127.00;97
7686;30;23136421;7686;465;9038;9135;5.58;0.34;337.93;9.11;1352;35;3128.00;97
7688;30;23136440;7688;469;9040;9135;5.53;0.34;337.86;9.17;1352;35;3129.00;95
7690;30;23136458;7690;473;9040;9135;5.48;0.33;337.92;9.17;1350;35;3130.00;95
7692;30;23136476;7692;468;9042;9135;5.45;0.33;337.98;9.23;1350;35;3131.00;93
7695;30;23136497;7695;475;9052;9147;5.51;0.34;337.98;9.22;1357;35;3132.00;95
7699;30;23136517;7699;471;9052;9147;5.53;0.34;338.19;9.22;1353;35;3133.00;95
7703;30;23136536;7703;467;9055;9147;5.55;0.34;338.23;9.28;1352;35;3134.00;92
7704;30;23136555;7704;473;9055;9147;5.56;0.34;338.29;9.28;1351;35;3135.00;92
7708;30;23136575;7708;472;9055;9147;5.56;0.34;338.27;9.28;1347;35;3136.00;92
7710;30;23136595;7710;479;9057;9147;5.59;0.34;338.34;9.33;1347;35;3137.00;90
7712;30;23136616;7712;478;9057;9148;5.62;0.34;338.30;9.33;1345;35;3138.00;91
7717;30;23136635;7717;485;9059;9148;5.64;0.34;338.54;9.39;1342;35;3139.00;89
7720;30;23136654;7720;488;9064;9154;5.69;0.35;338.68;9.38;1344;35;3140.00;90
7723;30;23136674;7723;492;9066;9155;5.68;0.35;338.66;9.41;1343;35;3141.00;89
7727;30;23136694;7727;500;9067;9155;5.60;0.34;338.96;9.44;1340;35;3142.00;88
7731;30;23136714;7731;504;9067;9155;5.51;0.34;339.14;9.44;1336;35;3143.00;88
7739;30;23136734;7739;502;9070;9159;5.42;0.33;339.39;9.43;1331;35;3144.00;89
7740;30;23136753;7740;502;9070;9159;5.31;0.32;339.39;9.43;1330;35;3145.00;89
7746;30;23136772;7746;504;9070;9159;5.16;0.31;339.48;9.43;1324;35;3146.00;89
7749;30;23136792;7749;516;9071;9160;5.06;0.31;339.65;9.43;1322;35;3147.00;89
7751;30;23136814;7751;526;9074;9164;4.96;0.30;339.61;9.43;1323;35;3148.00;90
7754;30;23136834;7754;520;9074;9164;4.90;0.30;339.80;9.43;1320;35;3149.00;90
7758;30;23136855;7758;519;9078;9170;4.92;0.30;339.91;9.43;1320;35;3150.00;92
7762;30;23136875;7762;507;9078;9170;4.93;0.30;339.94;9.43;1316;35;3151.00;92
7768;30;23136894;7768;506;9080;9170;4.92;0.30;339.85;9.42;1312;35;3152.00;90
7770;30;23136914;7770;504;9080;9170;4.93;0.30;339.92;9.42;1310;35;3153.00;90
7773;30;23136932;7773;502;9084;9174;4.98;0.31;339.88;9.42;1311;35;3154.00;90
7778;30;23136949;7778;497;9084;9174;4.96;0.30;339.97;9.42;1306;35;3155.00;90
7783;30;23136968;7783;498;9084;9174;4.97;0.30;340.09;9.42;1301;35;3156.00;90
7787;30;23136987;7787;489;9084;9174;4.94;0.30;340.11;9.42;1297;35;3157.00;90
7791;30;23137008;7791;488;9084;9175;4.92;0.30;340.26;9.42;1293;35;3158.00;91
7796;30;23137026;7796;482;9085;9176;4.89;0.30;340.46;9.42;1289;35;3159.00;91
7800;30;23137044;7800;485;9085;9176;4.90;0.30;340.52;9.42;1285;35;3160.00;91
7804;30;23137061;7804;487;9086;9177;4.91;0.30;340.72;9.42;1282;35;3161.00;91
7808;30;23137077;7808;480;9086;9177;4.87;0.30;340.95;9.42;1278;35;3162.00;91
7814;30;23137095;7814;479;9086;9177;4.87;0.30;340.92;9.42;1272;35;3163.00;91
7819;30;23137110;7819;486;9086;9177;4.82;0.29;340.88;9.42;1267;35;3164.00;91
7826;30;23137127;7826;492;9086;9177;4.76;0.29;340.96;9.42;1260;35;3165.00;91
7830;30;23137143;7830;492;9086;9177;4.70;0.29;340.89;9.42;1256;35;3166.00;91
7832;30;23137158;7832;495;9086;9177;4.67;0.28;340.97;9.42;1254;35;3167.00;91
7835;30;23137173;7835;496;9152;9304;5.06;0.31;340.99;9.38;1317;35;3168.00;152
7838;30;23137202;7838;501;9155;9305;5.02;0.31;341.00;9.38;1317;35;3169.00;150
7840;30;23137223;7840;497;9164;9305;5.04;0.31;340.98;9.37;1324;35;3170.00;141
7843;30;23137242;7843;506;9166;9305;5.00;0.31;341.04;9.37;1323;35;3171.00;139
7852;30;23137260;7852;512;9173;9305;4.94;0.30;341.02;9.37;1321;35;3172.00;132
7853;30;23137281;7853;513;9174;9305;4.91;0.30;341.05;9.37;1321;35;3173.00;131
7858;30;23137299;7858;518;9178;9305;4.86;0.30;340.99;9.37;1320;35;3174.00;127
7861;30;23137319;7861;523;9181;9305;4.81;0.30;341.04;9.36;1320;35;3175.00;124
7863;30;23137338;7863;525;9184;9306;4.74;0.29;341.01;9.36;1321;35;3176.00;122
7866;30;23137356;7866;529;9189;9307;4.69;0.29;341.04;9.36;1323;35;3177.00;118
7870;30;23137374;7870;532;9192;9307;4.63;0.28;341.12;9.36;1322;35;3178.00;115
7873;30;23137395;7873;546;9194;9308;4.60;0.28;341.11;9.36;1321;35;3179.00;114
7877;30;23137421;7877;544;9196;9308;4.59;0.28;341.15;9.37;1319;35;3180.00;112
7883;30;23137440;7883;551;9199;9308;4.51;0.28;341.24;9.37;1316;35;3181.00;109
7889;30;23137458;7889;552;9201;9308;4.44;0.27;341.15;9.37;1312;35;3182.00;107
7891;30;23137476;7891;554;9205;9312;4.41;0.27;341.15;9.36;1314;35;3183.00;107
7897;30;23137505;7897;556;9206;9312;4.33;0.27;341.16;9.37;1309;35;3184.00;106
7900;30;23137524;7900;564;9207;9312;4.26;0.26;341.17;9.40;1307;35;3185.00;105
7902;30;23137543;7902;570;9209;9315;4.24;0.26;341.15;9.40;1307;35;3186.00;106
7905;30;23137565;7905;563;9210;9315;4.23;0.26;341.16;9.40;1305;35;3187.00;105
7913;30;23137583;7913;568;9210;9315;4.20;0.26;341.18;9.40;1297;35;3188.00;105
7917;30;23137601;7917;576;9215;9319;4.21;0.26;341.15;9.39;1298;35;3189.00;104
7921;30;23137618;7921;571;9216;9320;4.16;0.26;341.18;9.39;1295;35;3190.00;104
7925;30;23137634;7925;572;9219;9322;4.10;0.25;341.13;9.39;1294;35;3191.00;103
7928;30;23137651;7928;573;9222;9326;4.02;0.25;341.13;9.39;1294;35;3192.00;104
7933;30;23137667;7933;570;9223;9326;3.95;0.24;340.99;9.39;1290;35;3193.00;103
7935;30;23137683;7935;580;9224;9326;3.92;0.24;341.06;9.39;1289;35;3194.00;102
7939;30;23137700;7939;578;9226;9328;3.88;0.24;341.01;9.39;1287;35;3195.00;102
7939;30;23137716;7939;587;9226;9328;3.83;0.24;341.01;9.39;1287;35;3196.00;102
7941;30;23137731;7941;572;9231;9334;3.83;0.24;341.01;9.38;1290;35;3197.00;103
7942;30;23137748;7942;567;9231;9334;3.82;0.24;341.01;9.38;1289;35;3198.00;103
7944;30;23137764;7944;561;9231;9335;3.83;0.24;340.96;9.38;1287;35;3199.00;104
7947;30;23137781;7947;564;9232;9335;3.80;0.23;340.96;9.42;1285;35;3200.00;103
7948;30;23137799;7948;568;9232;9335;3.79;0.23;340.93;9.42;1284;35;3201.00;103
7949;30;23137814;7949;569;9232;9335;3.80;0.23;340.89;9.42;1283;35;3202.00;103
7950;30;23137829;7950;564;9232;9335;3.82;0.23;340.89;9.42;1282;35;3203.00;103
7951;30;23137844;7951;574;9242;9347;3.88;0.24;340.91;9.41;1291;35;3204.00;105
7954;30;23137859;7954;573;9242;9347;3.86;0.24;340.88;9.41;1288;35;3205.00;105
7955;30;23137875;7955;565;9243;9347;3.85;0.24;340.92;9.41;1288;35;3206.00;104
7956;30;23137890;7956;542;9243;9347;3.91;0.24;340.89;9.41;1287;35;3207.00;104
7957;30;23137906;7957;524;9243;9347;3.94;0.24;340.87;9.41;1286;35;3208.00;104
7958;30;23137937;7958;513;9243;9347;4.03;0.25;340.84;9.41;1285;35;3209.00;104
7963;30;23137985;7963;509;9247;9351;4.10;0.25;340.86;9.44;1284;35;3210.00;104
7963;30;23138021;7963;495;9247;9351;4.20;0.25;340.86;9.44;1284;35;3211.00;104
7964;30;23138049;7964;489;9252;9355;4.33;0.26;340.91;9.47;1288;35;3212.00;103
7964;30;23138079;7964;483;9253;9356;4.47;0.27;340.91;9.47;1289;35;3213.00;103
7966;30;23138104;7966;478;9253;9356;4.59;0.28;340.93;9.47;1287;35;3214.00;103
7966;30;23138130;7966;479;9253;9356;4.72;0.29;340.93;9.47;1287;35;3215.00;103
7967;30;23138167;7967;480;9264;9369;4.85;0.29;340.90;9.46;1297;35;3216.00;105
7968;30;23138203;7968;474;9265;9369;4.92;0.30;340.96;9.49;1297;35;3217.00;104
7970;30;23138223;7970;470;9265;9369;4.98;0.30;340.91;9.49;1295;35;3218.00;104
7970;30;23138241;7970;470;9266;9370;5.05;0.31;340.91;9.49;1296;35;3219.00;104
7971;30;23138259;7971;463;9267;9371;5.09;0.31;340.89;9.53;1296;35;3220.00;104
7971;30;23138280;7971;459;9267;9371;5.06;0.31;340.89;9.53;1296;35;3221.00;104
7971;30;23138299;7971;460;9269;9374;5.15;0.31;340.89;9.53;1298;35;3222.00;105
7972;30;23138317;7972;456;9269;9374;5.17;0.31;340.92;9.53;1297;35;3223.00;105
7972;30;23138337;7972;457;9270;9374;5.19;0.31;340.92;9.53;1298;35;3224.00;104
7973;30;23138357;7973;453;9270;9374;5.22;0.32;340.94;9.53;1297;35;3225.00;104
7974;30;23138380;7974;448;9275;9380;5.24;0.32;340.92;9.52;1301;35;3226.00;105
7975;30;23138408;7975;444;9275;9380;5.26;0.32;340.95;9.52;1300;35;3227.00;105
7976;30;23138435;7976;439;9275;9380;5.22;0.32;340.97;9.52;1299;35;3228.00;105
7979;30;23138461;7979;442;9275;9380;5.23;0.32;340.98;9.52;1296;35;3229.00;105
7979;30;23138488;7979;448;9278;9384;5.26;0.32;340.98;9.52;1299;35;3230.00;106
7982;30;23138516;7982;445;9279;9385;5.29;0.32;340.92;9.52;1297;35;3231.00;106
7984;30;23138542;7984;447;9279;9385;5.33;0.32;340.91;9.52;1295;35;3232.00;106
7985;30;23138568;7985;451;9280;9386;5.41;0.33;340.91;9.52;1295;35;3233.00;106
7986;30;23138590;7986;450;9280;9386;5.49;0.33;340.92;9.52;1294;35;3234.00;106
7987;30;23138613;7987;445;9280;9386;5.54;0.34;340.92;9.52;1293;35;3235.00;106
7990;30;23138637;7990;446;9280;9386;5.60;0.34;340.89;9.52;1290;35;3236.00;106
7993;30;23138658;7993;449;9280;9386;5.62;0.34;340.87;9.52;1287;35;3237.00;106
7994;30;23138682;7994;453;9280;9386;5.67;0.34;340.88;9.52;1286;35;3238.00;106
7995;30;23138705;7995;453;9280;9386;5.68;0.34;340.99;9.52;1285;35;3239.00;106
7998;30;23138727;7998;471;9344;9511;5.76;0.35;341.00;9.45;1346;35;3240.00;167
8000;30;23138759;8000;455;9345;9512;5.78;0.35;341.17;9.45;1345;35;3241.00;167
8003;30;23138783;8003;448;9350;9512;5.86;0.36;341.17;9.45;1347;35;3242.00;162
8006;30;23138803;8006;448;9351;9512;5.93;0.36;341.20;9.45;1345;35;3243.00;161
8008;30;23138826;8008;441;9356;9512;5.99;0.37;341.20;9.44;1348;35;3244.00;156
8010;30;23138851;8010;437;9356;9512;6.03;0.37;341.19;9.44;1346;35;3245.00;156
8015;30;23138874;8015;440;9361;9512;6.03;0.37;341.22;9.44;1346;35;3246.00;151
8018;30;23138895;8018;438;9362;9512;6.03;0.37;341.25;9.44;1344;35;3247.00;150
8020;30;23138915;8020;445;9364;9513;6.03;0.37;341.26;9.44;1344;35;3248.00;149
8025;30;23138934;8025;443;9369;9514;6.00;0.37;341.37;9.44;1344;35;3249.00;145
8029;30;23138955;8029;447;9371;9514;5.99;0.37;341.50;9.44;1342;35;3250.00;143
8033;30;23138975;8033;444;9375;9518;5.94;0.36;341.64;9.44;1342;35;3251.00;143
8035;30;23138998;8035;450;9377;9518;5.89;0.36;341.65;9.44;1342;35;3252.00;141
8037;30;23139034;8037;451;9380;9518;5.86;0.36;341.63;9.44;1343;35;3253.00;138
8040;30;23139055;8040;460;9382;9518;5.80;0.35;341.74;9.44;1342;35;3254.00;136
8043;30;23139073;8043;459;9388;9524;5.70;0.35;341.77;9.52;1345;35;3255.00;136
8050;30;23139098;8050;466;9389;9524;5.64;0.34;341.90;9.52;1339;35;3256.00;135
8053;30;23139118;8053;473;9390;9524;5.58;0.34;341.92;9.52;1337;35;3257.00;134
8056;30;23139149;8056;468;9394;9527;5.54;0.34;341.97;9.52;1338;35;3258.00;133
8061;30;23139168;8061;467;9394;9527;5.52;0.34;342.07;9.52;1333;35;3259.00;133
8062;30;23139188;8062;466;9394;9527;5.55;0.34;342.10;9.52;1332;35;3260.00;133
8064;30;23139206;8064;464;9396;9528;5.55;0.34;342.17;9.55;1332;35;3261.00;132
8066;30;23139226;8066;461;9397;9529;5.61;0.34;342.17;9.55;1331;35;3262.00;132
8069;30;23139246;8069;447;9397;9529;5.62;0.34;342.21;9.55;1328;35;3263.00;132
8071;30;23139265;8071;443;9405;9542;5.68;0.35;342.33;9.55;1334;35;3264.00;137
8075;30;23139287;8075;437;9407;9542;5.74;0.35;342.37;9.54;1332;35;3265.00;135
8079;30;23139304;8079;432;9407;9542;5.82;0.35;342.37;9.54;1328;35;3266.00;135
8083;30;23139323;8083;426;9408;9543;5.87;0.36;342.35;9.54;1325;35;3267.00;135
8085;30;23139341;8085;435;9409;9543;5.89;0.36;342.41;9.54;1324;35;3268.00;134
8093;30;23139359;8093;424;9411;9547;5.92;0.36;342.51;9.54;1318;35;3269.00;136
8095;30;23139382;8095;424;9411;9547;5.89;0.36;342.49;9.54;1316;35;3270.00;136
8095;30;23139403;8095;424;9415;9551;5.90;0.36;342.49;9.54;1320;35;3271.00;136
8097;30;23139422;8097;428;9416;9551;5.89;0.36;342.56;9.54;1319;35;3272.00;135
8100;30;23139440;8100;432;9416;9551;5.86;0.36;342.58;9.54;1316;35;3273.00;135
8101;30;23139459;8101;433;9416;9551;5.84;0.36;342.56;9.54;1315;35;3274.00;135
8102;30;23139477;8102;438;9416;9551;5.83;0.36;342.60;9.54;1314;35;3275.00;135
8103;30;23139496;8103;443;9428;9563;5.87;0.36;342.59;9.53;1325;35;3276.00;135
8105;30;23139516;8105;444;9428;9563;5.86;0.36;342.63;9.53;1323;35;3277.00;135
8106;30;23139534;8106;448;9431;9563;5.88;0.36;342.64;9.54;1325;35;3278.00;132
8109;30;23139551;8109;454;9431;9563;5.86;0.36;342.75;9.54;1322;35;3279.00;132
8113;30;23139570;8113;461;9431;9563;5.84;0.36;342.76;9.54;1318;35;3280.00;132
8116;30;23139591;8116;474;9434;9563;5.78;0.35;342.86;9.62;1318;35;3281.00;129
8120;30;23139608;8120;472;9434;9564;5.75;0.35;342.91;9.62;1314;35;3282.00;130
8123;30;23139627;8123;477;9436;9564;5.78;0.35;342.88;9.70;1313;35;3283.00;128
8124;30;23139646;8124;480;9441;9570;5.80;0.35;342.93;9.70;1317;35;3284.00;129
8128;30;23139669;8128;487;9444;9572;5.75;0.35;343.02;9.74;1316;35;3285.00;128
8132;30;23139690;8132;485;9444;9572;5.70;0.35;343.10;9.74;1312;35;3286.00;128
8133;30;23139711;8133;485;9446;9572;5.65;0.34;343.20;9.82;1313;35;3287.00;126
8136;30;23139733;8136;483;9449;9576;5.63;0.34;343.15;9.82;1313;35;3288.00;127
8137;30;23139753;8137;485;9449;9576;5.61;0.34;343.20;9.82;1312;35;3289.00;127
8141;30;23139776;8141;483;9452;9576;5.60;0.34;343.26;9.93;1311;35;3290.00;124
8142;30;23139801;8142;490;9453;9577;5.59;0.34;343.34;9.93;1311;35;3291.00;124
8145;30;23139824;8145;488;9457;9581;5.57;0.34;343.44;9.97;1312;35;3292.00;124
8147;30;23139848;8147;490;9457;9581;5.56;0.34;343.48;9.97;1310;35;3293.00;124
8151;30;23139869;8151;488;9461;9584;5.53;0.34;343.56;10.04;1310;35;3294.00;123
8155;30;23139890;8155;486;9461;9584;5.49;0.33;343.67;10.04;1306;35;3295.00;123
8159;30;23139910;8159;492;9464;9584;5.45;0.33;343.87;10.12;1305;35;3296.00;120
8162;30;23139929;8162;484;9464;9584;5.40;0.33;343.91;10.12;1302;35;3297.00;120
8164;30;23139947;8164;492;9470;9588;5.39;0.33;343.97;10.19;1306;35;3298.00;118
8165;30;23139965;8165;478;9470;9588;5.38;0.33;344.05;10.19;1305;35;3299.00;118
8168;30;23139987;8168;471;9475;9607;5.33;0.33;344.13;10.18;1307;35;3300.00;132
8170;30;23140019;8170;467;9477;9607;5.29;0.32;344.19;10.25;1307;35;3301.00;130
8173;30;23140040;8173;461;9477;9608;5.27;0.32;344.47;10.25;1304;35;3302.00;131
8173;30;23140060;8173;457;9480;9609;5.20;0.32;344.47;10.32;1307;35;3303.00;129
8177;30;23140079;8177;462;9481;9609;5.14;0.31;344.66;10.36;1304;35;3304.00;128
8178;30;23140099;8178;466;9484;9610;5.09;0.31;344.69;10.39;1306;35;3305.00;126
8182;30;23140117;8182;472;9485;9610;5.06;0.31;344.82;10.39;1303;35;3306.00;125
8183;30;23140134;8183;460;9485;9610;5.07;0.31;344.80;10.39;1302;35;3307.00;125
8185;30;23140154;8185;466;9487;9610;5.07;0.31;344.85;10.46;1302;35;3308.00;123
8187;30;23140172;8187;473;9487;9610;5.05;0.31;344.90;10.46;1300;35;3309.00;123
8189;30;23140192;8189;472;9489;9610;5.05;0.31;344.96;10.53;1300;35;3310.00;121
8193;30;23140209;8193;469;9491;9610;5.03;0.31;345.07;10.56;1298;35;3311.00;119
8197;30;23140228;8197;482;9552;9737;5.20;0.32;345.11;10.50;1355;35;3312.00;185
8200;30;23140259;8200;486;9558;9738;5.19;0.32;345.16;10.52;1358;35;3313.00;180
8204;30;23140279;8204;479;9567;9738;5.22;0.32;345.24;10.51;1363;35;3314.00;171
8206;30;23140307;8206;477;9571;9738;5.19;0.32;345.27;10.58;1365;35;3315.00;167
8207;30;23140327;8207;480;9577;9738;5.19;0.32;345.25;10.57;1370;35;3316.00;161
8211;30;23140345;8211;481;9580;9738;5.10;0.31;345.32;10.64;1369;35;3317.00;158
8214;30;23140364;8214;485;9586;9738;5.09;0.31;345.45;10.63;1372;35;3318.00;152
8220;30;23140382;8220;489;9589;9738;5.02;0.31;345.51;10.63;1369;35;3319.00;149
8222;30;23140401;8222;492;9594;9739;4.99;0.31;345.58;10.69;1372;35;3320.00;145
8227;30;23140423;8227;497;9598;9740;4.96;0.30;345.73;10.69;1371;35;3321.00;142
8232;30;23140441;8232;493;9601;9740;4.84;0.30;345.82;10.69;1369;35;3322.00;139
8236;30;23140458;8236;513;9605;9741;4.76;0.29;345.73;10.69;1369;35;3323.00;136
8240;30;23140475;8240;519;9606;9741;4.64;0.28;345.91;10.69;1366;35;3324.00;135
8244;30;23140492;8244;519;9610;9741;4.55;0.28;345.86;10.69;1366;35;3325.00;131
8246;30;23140518;8246;521;9610;9741;4.48;0.27;345.93;10.69;1364;35;3326.00;131
8251;30;23140541;8251;517;9613;9745;4.40;0.27;345.99;10.69;1362;35;3327.00;132
8255;30;23140559;8255;524;9615;9745;4.34;0.27;345.96;10.69;1360;35;3328.00;130
8256;30;23140574;8256;528;9616;9745;4.29;0.26;345.98;10.70;1360;35;3329.00;129
8261;30;23140593;8261;533;9620;9751;4.24;0.26;345.96;10.70;1359;35;3330.00;131
8263;30;23140612;8263;537;9621;9751;4.22;0.26;345.96;10.70;1358;35;3331.00;130
8265;30;23140628;8265;533;9623;9751;4.20;0.26;345.92;10.70;1358;35;3332.00;128
8269;30;23140646;8269;525;9627;9755;4.16;0.26;345.81;10.70;1358;35;3333.00;128
8272;30;23140664;8272;524;9629;9756;4.13;0.25;345.76;10.70;1357;35;3334.00;127
8273;30;23140682;8273;519;9630;9756;4.13;0.25;345.78;10.70;1357;35;3335.00;126
8276;30;23140699;8276;514;9632;9760;4.10;0.25;345.70;10.70;1356;35;3336.00;128
8279;30;23140716;8279;515;9632;9760;4.04;0.25;345.70;10.70;1353;35;3337.00;128
8284;30;23140732;8284;514;9634;9760;4.01;0.25;345.59;10.70;1350;35;3338.00;126
8285;30;23140750;8285;525;9634;9761;4.00;0.25;345.62;10.70;1349;35;3339.00;127
8288;30;23140767;8288;530;9637;9761;4.01;0.25;345.63;10.70;1349;35;3340.00;124
8292;30;23140784;8292;536;9641;9767;4.07;0.25;345.65;10.70;1349;35;3341.00;126
8294;30;23140801;8294;531;9642;9767;4.11;0.25;345.67;10.70;1348;35;3342.00;125
8297;30;23140818;8297;539;9643;9768;4.11;0.25;345.63;10.70;1346;35;3343.00;125
8305;30;23140835;8305;545;9644;9768;4.07;0.25;345.67;10.70;1339;35;3344.00;124
8307;30;23140854;8307;548;9645;9768;4.06;0.25;345.70;10.70;1338;35;3345.00;123
8311;30;23140870;8311;553;9645;9768;4.03;0.25;345.69;10.70;1334;35;3346.00;123
8313;30;23140888;8313;555;9645;9768;3.98;0.25;345.68;10.70;1332;35;3347.00;123
8317;30;23140905;8317;560;9655;9780;3.98;0.24;345.65;10.69;1338;35;3348.00;125
8320;30;23140925;8320;563;9655;9780;3.89;0.24;345.64;10.69;1335;35;3349.00;125
8323;30;23140941;8323;567;9656;9780;3.84;0.24;345.65;10.70;1333;35;3350.00;124
8324;30;23140965;8324;579;9657;9780;3.80;0.23;345.62;10.70;1333;35;3351.00;123
8328;30;23140981;8328;582;9657;9780;3.75;0.23;345.57;10.70;1329;35;3352.00;123
8330;30;23140997;8330;591;9659;9780;3.67;0.23;345.55;10.70;1329;35;3353.00;121
8335;30;23141016;8335;597;9663;9784;3.62;0.22;345.57;10.69;1328;35;3354.00;121
8336;30;23141033;8336;595;9663;9784;3.64;0.22;345.58;10.69;1327;35;3355.00;121
8343;30;23141049;8343;588;9667;9788;3.58;0.22;345.58;10.69;1324;35;3356.00;121
8345;30;23141066;8345;592;9668;9789;3.56;0.22;345.56;10.69;1323;35;3357.00;121
8347;30;23141082;8347;595;9668;9789;3.54;0.22;345.64;10.69;1321;35;3358.00;121
8351;30;23141098;8351;594;9669;9789;3.48;0.21;345.65;10.69;1318;35;3359.00;120
8352;30;23141116;8352;606;9691;9818;3.57;0.22;345.65;10.66;1339;35;3360.00;127
8354;30;23141135;8354;595;9691;9818;3.55;0.22;345.67;10.66;1337;35;3361.00;127
8357;30;23141151;8357;591;9694;9818;3.60;0.22;345.67;10.66;1337;35;3362.00;124
8361;30;23141167;8361;596;9696;9819;3.63;0.22;345.66;10.70;1335;35;3363.00;123
8364;30;23141185;8364;579;9696;9820;3.64;0.22;345.62;10.70;1332;35;3364.00;124
8366;30;23141200;8366;571;9696;9820;3.68;0.23;345.62;10.70;1330;35;3365.00;124
8369;30;23141217;8369;567;9698;9823;3.73;0.23;345.70;10.70;1329;35;3366.00;125
8372;30;23141233;8372;565;9698;9823;3.73;0.23;345.72;10.70;1326;35;3367.00;125
8374;30;23141250;8374;566;9699;9823;3.78;0.23;345.67;10.70;1325;35;3368.00;124
8377;30;23141267;8377;568;9699;9823;3.79;0.23;345.68;10.70;1322;35;3369.00;124
8379;30;23141284;8379;568;9704;9829;3.84;0.23;345.66;10.69;1325;35;3370.00;125
8383;30;23141316;8383;571;9704;9829;3.85;0.23;345.68;10.69;1321;35;3371.00;125
8383;30;23141331;8383;560;9704;9829;3.88;0.24;345.68;10.69;1321;35;3372.00;125
8385;30;23141349;8385;549;9704;9829;3.92;0.24;345.72;10.69;1319;35;3373.00;125
8386;30;23141366;8386;543;9707;9833;3.95;0.24;345.73;10.69;1321;35;3374.00;126
8389;30;23141384;8389;544;9709;9835;3.96;0.24;345.71;10.69;1320;35;3375.00;126
8391;30;23141400;8391;537;9709;9835;4.00;0.24;345.68;10.69;1318;35;3376.00;126
8391;30;23141419;8391;538;9710;9836;4.08;0.25;345.68;10.69;1319;35;3377.00;126
8394;31;23141435;8394;537;9710;9836;4.08;0.25;345.63;10.69;1316;36;3378.00;126
8396;31;23141469;8396;536;9711;9836;4.10;0.25;345.66;10.72;1315;36;3379.00;125
8399;31;23141486;8399;528;9711;9836;4.11;0.25;345.64;10.72;1312;37;3380.00;125
8401;31;23141526;8401;517;9711;9836;4.13;0.25;345.67;10.72;1310;37;3381.00;125
8401;31;23141542;8401;510;9711;9836;4.16;0.25;345.67;10.72;1310;37;3382.00;125
8404;31;23141561;8404;496;9711;9836;4.17;0.25;345.67;10.72;1307;37;3383.00;125
8405;31;23141577;8405;497;9752;9906;4.35;0.26;345.67;10.68;1347;37;3384.00;154
8406;31;23141609;8406;485;9753;9907;4.43;0.27;345.64;10.68;1347;37;3385.00;154
8410;31;23141635;8410;481;9758;9907;4.53;0.28;345.67;10.67;1348;37;3386.00;149
8411;31;23141653;8411;477;9760;9907;4.63;0.28;345.72;10.67;1349;37;3387.00;147
8412;31;23141670;8412;478;9762;9907;4.70;0.29;345.73;10.67;1350;37;3388.00;145
8415;31;23141688;8415;469;9764;9907;4.75;0.29;345.77;10.67;1349;37;3389.00;143
8418;31;23141707;8418;475;9767;9907;4.83;0.29;345.88;10.67;1349;37;3390.00;140
8421;31;23141725;8421;478;9769;9907;4.87;0.30;345.94;10.67;1348;37;3391.00;138
8422;31;23141743;8422;481;9770;9908;4.90;0.30;345.96;10.67;1348;37;3392.00;138
8424;31;23141762;8424;487;9772;9909;4.91;0.30;346.02;10.67;1348;37;3393.00;137
8427;31;23141783;8427;487;9774;9909;4.97;0.30;346.17;10.67;1347;37;3394.00;135
8430;31;23141801;8430;485;9780;9913;5.02;0.30;346.28;10.66;1350;37;3395.00;133
8431;31;23141828;8431;485;9782;9913;5.10;0.31;346.26;10.66;1351;37;3396.00;131
8434;31;23141852;8434;490;9782;9913;5.12;0.31;346.35;10.66;1348;37;3397.00;131
8435;31;23141872;8435;489;9782;9913;5.19;0.31;346.44;10.66;1347;37;3398.00;131
8437;31;23141897;8437;488;9787;9919;5.22;0.32;346.46;10.66;1350;37;3399.00;132
8440;31;23141922;8440;485;9787;9919;5.22;0.32;346.62;10.66;1347;37;3400.00;132
8443;31;23141953;8443;497;9787;9919;5.22;0.32;346.71;10.66;1344;37;3401.00;132
8444;31;23141972;8444;490;9789;9922;5.26;0.32;346.77;10.65;1345;37;3402.00;133
8445;31;23141993;8445;490;9789;9922;5.28;0.32;346.89;10.65;1344;37;3403.00;133
8446;31;23142022;8446;492;9790;9922;5.32;0.32;346.88;10.65;1344;37;3404.00;132
8449;31;23142043;8449;489;9790;9923;5.27;0.32;347.00;10.65;1341;37;3405.00;133
8450;31;23142062;8450;484;9791;9924;5.25;0.32;347.03;10.65;1341;37;3406.00;133
8452;31;23142081;8452;488;9791;9924;5.22;0.32;347.13;10.65;1339;37;3407.00;133
8454;31;23142098;8454;491;9801;9937;5.26;0.32;347.09;10.64;1347;37;3408.00;136
8456;31;23142119;8456;500;9802;9937;5.28;0.32;347.14;10.64;1346;37;3409.00;135
8458;31;23142137;8458;499;9802;9937;5.30;0.32;347.14;10.64;1344;37;3410.00;135
8461;31;23142156;8461;512;9803;9938;5.31;0.32;347.20;10.64;1342;37;3411.00;135
8463;31;23142176;8463;507;9803;9938;5.28;0.32;347.32;10.64;1340;37;3412.00;135
8465;31;23142195;8465;508;9807;9942;5.33;0.32;347.41;10.64;1342;37;3413.00;135
8466;31;23142214;8466;513;9807;9942;5.36;0.32;347.43;10.64;1341;37;3414.00;135
8468;31;23142233;8468;505;9810;9946;5.36;0.32;347.52;10.63;1342;37;3415.00;136
8471;31;23142255;8471;506;9810;9946;5.37;0.33;347.59;10.63;1339;37;3416.00;136
8472;31;23142273;8472;501;9810;9946;5.39;0.33;347.67;10.63;1338;37;3417.00;136
8475;31;23142291;8475;492;9810;9946;5.37;0.33;347.77;10.63;1335;37;3418.00;136
8479;31;23142311;8479;481;9810;9946;5.40;0.33;347.78;10.63;1331;37;3419.00;136
8484;31;23142338;8484;478;9835;9980;5.47;0.33;347.90;10.61;1351;37;3420.00;145
8488;31;23142360;8488;473;9835;9980;5.45;0.33;348.08;10.61;1347;37;3421.00;145
8492;31;23142379;8492;462;9838;9980;5.51;0.34;348.18;10.60;1346;37;3422.00;142
8495;31;23142398;8495;456;9838;9980;5.51;0.34;348.17;10.60;1343;37;3423.00;142
8497;31;23142417;8497;456;9839;9980;5.52;0.34;348.26;10.60;1342;37;3424.00;141
8502;31;23142436;8502;454;9839;9980;5.48;0.33;348.40;10.60;1337;37;3425.00;141
8503;31;23142466;8503;451;9839;9981;5.48;0.33;348.44;10.60;1336;37;3426.00;142
8507;31;23142491;8507;451;9839;9981;5.41;0.33;348.63;10.60;1332;37;3427.00;142
8508;31;23142509;8508;456;9844;9987;5.44;0.33;348.68;10.60;1336;37;3428.00;143
8512;31;23142529;8512;450;9845;9988;5.40;0.33;348.68;10.60;1333;37;3429.00;143
8516;31;23142548;8516;445;9847;9988;5.35;0.33;348.70;10.68;1331;37;3430.00;141
8519;31;23142570;8519;435;9847;9988;5.31;0.32;348.77;10.68;1328;37;3431.00;141
8523;31;23142588;8523;430;9850;9992;5.26;0.32;348.89;10.67;1327;37;3432.00;142
8526;31;23142606;8526;426;9850;9992;5.22;0.32;348.86;10.67;1324;37;3433.00;142
8529;31;23142625;8529;426;9850;9992;5.24;0.32;348.91;10.67;1321;37;3434.00;142
8530;31;23142651;8530;422;9851;9993;5.29;0.32;348.97;10.67;1321;37;3435.00;142
8531;31;23142670;8531;423;9854;9997;5.26;0.32;348.96;10.67;1323;37;3436.00;143
8532;31;23142689;8532;422;9854;9997;5.32;0.32;348.95;10.67;1322;37;3437.00;143
8535;31;23142706;8535;424;9856;10000;5.37;0.33;349.00;10.67;1321;37;3438.00;144
8540;31;23142725;8540;432;9857;10000;5.36;0.33;349.03;10.67;1317;37;3439.00;143
8543;31;23142743;8543;430;9857;10000;5.40;0.33;349.04;10.67;1314;37;3440.00;143
8545;31;23142770;8545;431;9857;10000;5.42;0.33;349.08;10.67;1312;37;3441.00;143
8548;31;23142793;8548;427;9861;10004;5.49;0.33;349.22;10.66;1313;37;3442.00;143
8549;31;23142817;8549;426;9861;10004;5.52;0.33;349.22;10.66;1312;37;3443.00;143
8552;31;23142861;8552;431;9861;10004;5.47;0.33;349.21;10.66;1309;37;3444.00;143
8555;31;23142890;8555;438;9861;10004;5.45;0.33;349.25;10.66;1306;37;3445.00;143
8556;31;23142909;8556;444;9861;10005;5.39;0.33;349.31;10.66;1305;37;3446.00;144
8558;31;23142929;8558;447;9862;10006;5.36;0.33;349.30;10.66;1304;37;3447.00;144
8559;31;23142947;8559;443;9862;10006;5.35;0.33;349.35;10.66;1303;37;3448.00;144
8563;31;23142965;8563;445;9863;10007;5.31;0.32;349.33;10.66;1300;37;3449.00;144
8567;31;23142988;8567;441;9863;10007;5.29;0.32;349.46;10.66;1296;37;3450.00;144
8570;31;23143020;8570;448;9863;10007;5.23;0.32;349.57;10.66;1293;37;3451.00;144
8573;31;23143043;8573;452;9863;10007;5.21;0.32;349.65;10.66;1290;37;3452.00;144
8574;31;23143070;8574;454;9863;10007;5.18;0.32;349.75;10.66;1289;37;3453.00;144
8578;31;23143088;8578;458;9863;10007;5.16;0.32;349.85;10.66;1285;37;3454.00;144
8579;31;23143109;8579;451;9863;10007;5.15;0.31;349.90;10.66;1284;37;3455.00;144
8583;31;23143131;8583;472;9929;10134;5.34;0.33;350.00;10.59;1346;37;3456.00;205
8586;31;23143167;8586;465;9933;10135;5.35;0.33;350.15;10.59;1347;37;3457.00;202
8590;31;23143191;8590;466;9940;10135;5.39;0.33;350.31;10.63;1350;37;3458.00;195
8593;31;23143213;8593;464;9944;10135;5.36;0.33;350.35;10.62;1351;37;3459.00;191
8593;31;23143237;8593;470;9951;10135;5.38;0.33;350.35;10.70;1358;37;3460.00;184
8596;31;23143257;8596;480;9955;10135;5.34;0.33;350.39;10.70;1359;37;3461.00;180
8598;31;23143275;8598;486;9957;10135;5.32;0.33;350.45;10.70;1359;37;3462.00;178
8600;31;23143301;8600;493;9963;10135;5.33;0.33;350.41;10.87;1363;37;3463.00;172
8602;31;23143323;8602;489;9966;10136;5.33;0.33;350.40;10.91;1364;37;3464.00;170
8606;31;23143352;8606;499;9971;10138;5.33;0.33;350.55;10.95;1365;37;3465.00;167
8610;31;23143372;8610;495;9976;10138;5.35;0.33;350.58;10.99;1366;37;3466.00;162
8615;31;23143396;8615;506;9977;10139;5.30;0.32;350.73;10.99;1362;37;3467.00;162
8617;31;23143420;8617;503;9980;10139;5.30;0.32;350.84;10.99;1363;37;3468.00;159
8620;31;23143440;8620;515;9983;10139;5.28;0.32;350.92;11.07;1363;37;3469.00;156
8623;31;23143463;8623;522;9987;10139;5.24;0.32;350.91;11.07;1364;37;3470.00;152
8626;31;23143485;8626;521;9990;10143;5.19;0.32;350.98;11.11;1364;37;3471.00;153
8631;31;23143507;8631;527;9995;10143;5.12;0.31;350.92;11.15;1364;37;3472.00;148
8633;31;23143538;8633;540;9995;10143;5.09;0.31;351.00;11.15;1362;37;3473.00;148
8636;31;23143557;8636;540;10000;10146;5.04;0.31;351.01;11.22;1364;37;3474.00;146
8637;31;23143579;8637;546;10002;10146;5.04;0.31;351.10;11.22;1365;37;3475.00;144
8641;31;23143600;8641;549;10004;10146;5.00;0.31;351.26;11.23;1363;37;3476.00;142
8642;31;23143622;8642;551;10010;10150;4.96;0.30;351.32;11.30;1368;37;3477.00;140
8644;31;23143644;8644;551;10011;10151;4.91;0.30;351.40;11.30;1367;37;3478.00;140
8647;31;23143667;8647;556;10012;10151;4.89;0.30;351.50;11.30;1365;37;3479.00;139
8651;31;23143698;8651;562;10017;10156;4.87;0.30;351.58;11.37;1366;37;3480.00;139
8653;31;23143720;8653;560;10018;10156;4.85;0.30;351.65;11.37;1365;37;3481.00;138
8656;31;23143740;8656;560;10020;10156;4.84;0.30;351.68;11.41;1364;37;3482.00;136
8658;31;23143759;8658;566;10022;10157;4.81;0.29;351.82;11.44;1364;37;3483.00;135
8659;31;23143781;8659;566;10022;10157;4.79;0.29;351.93;11.44;1363;37;3484.00;135
8660;31;23143801;8660;561;10028;10163;4.82;0.29;351.93;11.47;1368;37;3485.00;135
8663;31;23143821;8663;564;10029;10163;4.76;0.29;352.04;11.51;1366;37;3486.00;134
8667;31;23143840;8667;571;10029;10164;4.72;0.29;352.02;11.51;1362;37;3487.00;135
8670;31;23143860;8670;570;10029;10164;4.70;0.29;351.99;11.51;1359;37;3488.00;135
8674;31;23143881;8674;578;10029;10164;4.59;0.28;351.95;11.51;1355;37;3489.00;135
8675;31;23143901;8675;582;10029;10164;4.54;0.28;352.01;11.51;1354;37;3490.00;135
8680;31;23143920;8680;588;10029;10164;4.46;0.27;352.05;11.51;1349;37;3491.00;135
8683;31;23143938;8683;598;10039;10176;4.42;0.27;352.19;11.49;1356;37;3492.00;137
8686;31;23143959;8686;597;10039;10176;4.35;0.26;352.19;11.49;1353;37;3493.00;137
8692;31;23143979;8692;608;10040;10176;4.30;0.26;352.29;11.49;1348;37;3494.00;136
8696;31;23143999;8696;609;10040;10176;4.21;0.26;352.23;11.49;1344;37;3495.00;136
8699;31;23144020;8699;614;10040;10176;4.16;0.25;352.25;11.49;1341;37;3496.00;136
8702;31;23144039;8702;610;10040;10176;4.09;0.25;352.22;11.49;1338;37;3497.00;136
8706;31;23144055;8706;618;10043;10180;3.97;0.24;352.19;11.49;1337;37;3498.00;137
8708;31;23144073;8708;621;10043;10180;3.90;0.24;352.21;11.49;1335;37;3499.00;137
8712;31;23144091;8712;608;10046;10184;3.88;0.24;352.16;11.49;1334;37;3500.00;138
8714;31;23144112;8714;609;10047;10185;3.83;0.23;352.13;11.49;1333;37;3501.00;138
8717;31;23144127;8717;608;10047;10185;3.81;0.23;352.06;11.49;1330;37;3502.00;138
8721;31;23144142;8721;609;10047;10185;3.76;0.23;352.13;11.49;1326;37;3503.00;138
8723;31;23144159;8723;611;10057;10198;3.81;0.23;352.13;11.47;1334;37;3504.00;141
8725;31;23144180;8725;611;10057;10198;3.80;0.23;352.07;11.47;1332;37;3505.00;141
8728;31;23144198;8728;611;10057;10198;3.81;0.23;352.12;11.47;1329;37;3506.00;141
8731;31;23144216;8731;602;10058;10199;3.82;0.23;352.08;11.47;1327;37;3507.00;141
8732;31;23144234;8732;593;10058;10200;3.84;0.24;352.11;11.47;1326;37;3508.00;142
8735;31;23144252;8735;586;10058;10200;3.83;0.24;352.06;11.47;1323;37;3509.00;142
8739;31;23144274;8739;586;10061;10206;3.84;0.24;351.99;11.47;1322;37;3510.00;145
8742;31;23144293;8742;575;10061;10206;3.87;0.24;351.99;11.47;1319;37;3511.00;145
8745;31;23144309;8745;561;10062;10206;3.88;0.24;351.95;11.47;1317;37;3512.00;144
8746;31;23144328;8746;560;10062;10206;3.89;0.24;351.98;11.47;1316;37;3513.00;144
8749;31;23144344;8749;567;10066;10212;3.93;0.24;351.97;11.47;1317;37;3514.00;146
8752;31;23144361;8752;566;10066;10212;3.91;0.24;351.95;11.47;1314;37;3515.00;146
8754;31;23144376;8754;569;10066;10212;3.90;0.24;351.96;11.47;1312;37;3516.00;146
8756;31;23144392;8756;567;10066;10212;3.88;0.24;351.91;11.47;1310;37;3517.00;146
8763;31;23144407;8763;572;10069;10216;3.85;0.24;351.79;11.46;1306;37;3518.00;147
8769;31;23144423;8769;573;10072;10219;3.80;0.23;351.77;11.46;1303;37;3519.00;147
8771;31;23144440;8771;568;10072;10219;3.81;0.23;351.85;11.46;1301;37;3520.00;147
8774;31;23144457;8774;558;10075;10220;3.79;0.23;351.85;11.51;1301;37;3521.00;145
8778;31;23144474;8778;547;10075;10220;3.77;0.23;351.89;11.51;1297;37;3522.00;145
8780;31;23144491;8780;543;10075;10220;3.78;0.23;351.87;11.51;1295;37;3523.00;145
8783;31;23144507;8783;545;10075;10220;3.80;0.23;351.85;11.51;1292;37;3524.00;145
8785;31;23144523;8785;541;10076;10220;3.84;0.23;351.80;11.51;1291;37;3525.00;144
8786;31;23144539;8786;541;10077;10220;3.89;0.24;351.81;11.51;1291;37;3526.00;143
8791;31;23144556;8791;540;10077;10220;3.88;0.24;351.90;11.51;1286;37;3527.00;143
8795;31;23144580;8795;539;10111;10290;3.95;0.24;351.96;11.47;1316;37;3528.00;179
8797;31;23144605;8797;536;10113;10291;4.00;0.25;351.93;11.47;1316;37;3529.00;178
8801;31;23144626;8801;529;10118;10291;4.02;0.25;351.99;11.46;1317;37;3530.00;173
8802;31;23144646;8802;525;10120;10291;4.08;0.25;351.98;11.46;1318;37;3531.00;171
8805;31;23144665;8805;521;10121;10291;4.16;0.25;352.00;11.46;1316;37;3532.00;170
8809;31;23144685;8809;520;10123;10291;4.21;0.26;352.01;11.46;1314;37;3533.00;168
8810;31;23144707;8810;523;10124;10291;4.31;0.26;352.06;11.46;1314;37;3534.00;167
8815;31;23144728;8815;523;10126;10291;4.34;0.27;352.05;11.46;1311;37;3535.00;165
8817;31;23144748;8817;528;10127;10292;4.38;0.27;352.05;11.46;1310;37;3536.00;165
8819;31;23144768;8819;529;10129;10293;4.40;0.27;352.08;11.51;1310;37;3537.00;164
8823;31;23144786;8823;531;10132;10293;4.37;0.27;352.12;11.51;1309;37;3538.00;161
8826;31;23144805;8826;536;10136;10297;4.39;0.27;352.14;11.50;1310;37;3539.00;161
8829;31;23144827;8829;546;10138;10297;4.43;0.27;352.15;11.50;1309;37;3540.00;159
8831;31;23144848;8831;543;10140;10297;4.47;0.27;352.15;11.50;1309;37;3541.00;157
8834;31;23144867;8834;549;10142;10297;4.53;0.28;352.19;11.50;1308;37;3542.00;155
8836;31;23144887;8836;545;10148;10303;4.54;0.28;352.25;11.50;1312;37;3543.00;155
8837;31;23144910;8837;551;10151;10303;4.59;0.28;352.30;11.55;1314;37;3544.00;152
8840;31;23144930;8840;557;10154;10303;4.58;0.28;352.40;11.55;1314;37;3545.00;149
8843;31;23144954;8843;561;10155;10306;4.55;0.28;352.36;11.55;1312;37;3546.00;151
8846;31;23144977;8846;555;10155;10306;4.53;0.28;352.41;11.55;1309;37;3547.00;151
8848;31;23145000;8848;553;10155;10306;4.53;0.28;352.49;11.55;1307;37;3548.00;151
8851;31;23145026;8851;550;10158;10307;4.53;0.28;352.52;11.55;1307;37;3549.00;149
8854;31;23145048;8854;546;10160;10308;4.54;0.28;352.68;11.55;1306;37;3550.00;148
8856;31;23145070;8856;542;10160;10308;4.54;0.28;352.81;11.55;1304;37;3551.00;148
8860;31;23145096;8860;546;10171;10321;4.59;0.28;352.83;11.53;1311;37;3552.00;150
8862;31;23145121;8862;547;10171;10321;4.57;0.28;352.80;11.53;1309;37;3553.00;150
8866;31;23145142;8866;546;10172;10321;4.57;0.28;352.93;11.53;1306;37;3554.00;149
8869;31;23145168;8869;537;10174;10323;4.53;0.28;352.98;11.53;1305;37;3555.00;149
8870;31;23145192;8870;520;10174;10323;4.50;0.27;353.08;11.53;1304;37;3556.00;149
8872;31;23145214;8872;515;10178;10327;4.50;0.27;353.08;11.53;1306;37;3557.00;149
8874;31;23145235;8874;504;10178;10327;4.50;0.27;353.18;11.53;1304;37;3558.00;149
8878;31;23145255;8878;492;10181;10331;4.50;0.27;353.20;11.52;1303;37;3559.00;150
8880;31;23145277;8880;491;10181;10331;4.54;0.28;353.26;11.52;1301;37;3560.00;150
8884;31;23145299;8884;491;10182;10331;4.56;0.28;353.31;11.57;1298;37;3561.00;149
8885;31;23145319;8885;490;10182;10331;4.56;0.28;353.37;11.57;1297;37;3562.00;149
8886;31;23145339;8886;487;10182;10331;4.58;0.28;353.41;11.57;1296;37;3563.00;149
8887;31;23145360;8887;491;10192;10343;4.65;0.28;353.42;11.56;1305;37;3564.00;151
8890;31;23145383;8890;501;10193;10343;4.66;0.28;353.50;11.56;1303;37;3565.00;150
8891;31;23145403;8891;510;10193;10343;4.66;0.28;353.51;11.56;1302;37;3566.00;150
8895;31;23145426;8895;509;10193;10343;4.70;0.29;353.53;11.56;1298;37;3567.00;150
8897;31;23145446;8897;505;10193;10343;4.72;0.29;353.61;11.56;1296;37;3568.00;150
8899;31;23145463;8899;501;10193;10343;4.78;0.29;353.63;11.56;1294;37;3569.00;150
8901;31;23145484;8901;500;10194;10344;4.77;0.29;353.69;11.60;1293;37;3570.00;150
8904;31;23145501;8904;501;10194;10344;4.81;0.29;353.69;11.60;1290;37;3571.00;150
8906;31;23145520;8906;502;10199;10350;4.86;0.30;353.77;11.59;1293;37;3572.00;151
8908;31;23145539;8908;496;10199;10351;4.86;0.30;353.87;11.59;1291;37;3573.00;152
8909;31;23145560;8909;499;10200;10351;4.88;0.30;353.87;11.59;1291;37;3574.00;151
8913;31;23145581;8913;492;10200;10351;4.89;0.30;353.94;11.59;1287;37;3575.00;151
8915;31;23145601;8915;486;10203;10355;4.97;0.30;353.99;11.59;1288;37;3576.00;152
8916;31;23145618;8916;485;10203;10355;5.00;0.30;354.03;11.59;1287;37;3577.00;152
8919;31;23145636;8919;486;10203;10355;5.01;0.30;354.13;11.59;1284;37;3578.00;152
8919;31;23145654;8919;487;10204;10356;5.09;0.31;354.13;11.59;1285;37;3579.00;152
8919;31;23145672;8919;491;10207;10360;5.12;0.31;354.13;11.59;1288;37;3580.00;153
8919;31;23145690;8919;490;10207;10360;5.13;0.31;354.13;11.59;1288;37;3581.00;153
8922;31;23145706;8922;494;10209;10363;5.17;0.31;354.24;11.58;1287;37;3582.00;154
8924;31;23145725;8924;489;10211;10363;5.20;0.31;354.33;11.63;1287;37;3583.00;152
8927;31;23145743;8927;486;10211;10363;5.18;0.31;354.33;11.63;1284;37;3584.00;152
8928;31;23145762;8928;493;10211;10363;5.19;0.31;354.41;11.63;1283;37;3585.00;152
8928;31;23145780;8928;490;10215;10367;5.26;0.32;354.41;11.62;1287;37;3586.00;152
8930;31;23145799;8930;492;10215;10367;5.23;0.32;354.44;11.62;1285;37;3587.00;152
8932;31;23145835;8932;495;10215;10367;5.19;0.31;354.52;11.62;1283;37;3588.00;152
8935;31;23145868;8935;490;10215;10367;5.18;0.31;354.56;11.62;1280;37;3589.00;152
8937;31;23145894;8937;488;10215;10368;5.12;0.31;354.60;11.62;1278;37;3590.00;153
8939;31;23145936;8939;478;10216;10369;5.09;0.31;354.63;11.62;1277;37;3591.00;153
8940;31;23145965;8940;469;10216;10369;5.09;0.31;354.65;11.62;1276;37;3592.00;153
8941;31;23145990;8941;462;10217;10370;5.10;0.31;354.66;11.62;1276;37;3593.00;153
8942;31;23146022;8942;463;10217;10370;5.13;0.31;354.70;11.62;1275;37;3594.00;153
8943;31;23146046;8943;461;10217;10370;5.16;0.31;354.68;11.62;1274;37;3595.00;153
8945;31;23146067;8945;455;10217;10370;5.22;0.32;354.69;11.62;1272;37;3596.00;153
8946;31;23146089;8946;438;10217;10370;5.28;0.32;354.67;11.62;1271;37;3597.00;153
8949;31;23146114;8949;427;10218;10370;5.32;0.32;354.80;11.66;1269;37;3598.00;152
8951;31;23146136;8951;430;10218;10370;5.40;0.33;354.76;11.66;1267;37;3599.00;152
8953;31;23146161;8953;480;10343;10623;5.43;0.34;354.90;11.52;1390;37;3600.00;280
8954;31;23146221;8954;451;10343;10624;5.44;0.34;354.91;11.52;1389;37;3601.00;281
8957;31;23146251;8957;431;10351;10624;5.55;0.35;355.07;11.51;1394;37;3602.00;273
8959;31;23146275;8959;422;10354;10624;5.60;0.35;355.10;11.51;1395;37;3603.00;270
8962;31;23146299;8962;411;10359;10624;5.62;0.35;355.10;11.51;1397;37;3604.00;265
8966;31;23146322;8966;403;10361;10624;5.59;0.35;355.25;11.51;1395;37;3605.00;263
8968;31;23146348;8968;396;10368;10624;5.60;0.35;355.25;11.54;1400;37;3606.00;256
8972;31;23146370;8972;386;10372;10624;5.60;0.35;355.34;11.54;1400;37;3607.00;252
8975;31;23146393;8975;384;10380;10625;5.64;0.35;355.43;11.54;1405;37;3608.00;245
8976;31;23146418;8976;387;10386;10626;5.66;0.35;355.52;11.54;1410;37;3609.00;240
8980;31;23146439;8980;383;10390;10626;5.64;0.35;355.62;11.54;1410;37;3610.00;236
8983;31;23146459;8983;385;10392;10627;5.62;0.35;355.62;11.54;1409;37;3611.00;235
8986;31;23146482;8986;387;10396;10627;5.54;0.34;355.65;11.54;1410;37;3612.00;231
8989;31;23146503;8989;391;10398;10627;5.49;0.34;355.70;11.54;1409;37;3613.00;229
8992;31;23146525;8992;392;10399;10627;5.43;0.33;355.73;11.54;1407;37;3614.00;228
8993;31;23146555;8993;396;10403;10631;5.40;0.33;355.70;11.54;1410;37;3615.00;228
8998;31;23146576;8998;404;10405;10631;5.33;0.33;355.79;11.54;1407;37;3616.00;226
9001;31;23146597;9001;404;10408;10631;5.23;0.32;355.82;11.54;1407;37;3617.00;223
9003;31;23146616;9003;402;10410;10634;5.20;0.32;355.81;11.54;1407;37;3618.00;224
9006;31;23146635;9006;409;10411;10634;5.17;0.32;355.86;11.54;1405;37;3619.00;223
9009;31;23146654;9009;423;10412;10634;5.13;0.31;355.83;11.54;1403;37;3620.00;222
9012;31;23146672;9012;427;10415;10638;5.11;0.31;355.95;11.54;1403;37;3621.00;223
9012;31;23146699;9012;445;10416;10639;5.14;0.31;355.95;11.54;1404;37;3622.00;223
9016;31;23146721;9016;446;10416;10639;5.12;0.31;356.07;11.54;1400;37;3623.00;223
9016;31;23146749;9016;455;10421;10643;5.14;0.31;356.07;11.54;1405;37;3624.00;222
9017;31;23146775;9017;463;10423;10643;5.11;0.31;356.06;11.54;1406;37;3625.00;220
9023;31;23146800;9023;458;10427;10643;5.05;0.31;356.17;11.55;1404;37;3626.00;216
9027;31;23146853;9027;461;10430;10644;4.99;0.30;356.23;11.60;1403;37;3627.00;214
9029;31;23146898;9029;476;10431;10644;4.95;0.30;356.27;11.60;1402;37;3628.00;213
9031;31;23146923;9031;482;10438;10650;4.94;0.30;356.32;11.60;1407;37;3629.00;212
9033;31;23146954;9033;483;10439;10650;4.93;0.30;356.32;11.60;1406;37;3630.00;211
9034;31;23146980;9034;489;10443;10651;4.91;0.30;356.32;11.61;1409;37;3631.00;208
9036;31;23147008;9036;508;10446;10651;4.88;0.30;356.32;11.61;1410;37;3632.00;205
9038;31;23147055;9038;517;10449;10651;4.84;0.30;356.33;11.62;1411;37;3633.00;202
9040;31;23147081;9040;529;10450;10651;4.78;0.29;356.37;11.62;1410;37;3634.00;201
9042;31;23147106;9042;538;10453;10651;4.70;0.29;356.49;11.62;1411;37;3635.00;198
9042;31;23147134;9042;543;10464;10663;4.70;0.29;356.49;11.61;1422;37;3636.00;199
9044;31;23147158;9044;557;10465;10663;4.64;0.28;356.45;11.61;1421;37;3637.00;198
9046;31;23147186;9046;567;10465;10663;4.62;0.28;356.46;11.61;1419;37;3638.00;198
9049;31;23147206;9049;574;10467;10663;4.62;0.28;356.62;11.62;1418;37;3639.00;196
9052;31;23147225;9052;584;10468;10663;4.59;0.28;356.68;11.62;1416;37;3640.00;195
9056;31;23147243;9056;588;10468;10663;4.57;0.28;356.75;11.62;1412;37;3641.00;195
9060;31;23147268;9060;596;10474;10667;4.54;0.28;356.83;11.62;1414;37;3642.00;193
9062;31;23147289;9062;603;10476;10667;4.52;0.28;356.78;11.67;1414;37;3643.00;191
9063;31;23147308;9063;606;10481;10671;4.56;0.28;356.84;11.67;1418;37;3644.00;190
9063;31;23147327;9063;608;10483;10673;4.55;0.28;356.84;11.67;1420;37;3645.00;190
9067;31;23147345;9067;614;10484;10673;4.46;0.27;356.81;11.67;1417;37;3646.00;189
9069;31;23147364;9069;619;10485;10673;4.36;0.27;356.74;11.68;1416;37;3647.00;188
9072;31;23147384;9072;624;10493;10686;4.30;0.26;356.77;11.67;1421;37;3648.00;193
9075;31;23147404;9075;622;10495;10686;4.25;0.26;356.89;11.67;1420;37;3649.00;191
9076;31;23147423;9076;626;10495;10686;4.26;0.26;356.97;11.67;1419;37;3650.00;191
9079;31;23147441;9079;626;10499;10687;4.25;0.26;356.95;11.67;1420;37;3651.00;188
9084;31;23147462;9084;627;10499;10688;4.23;0.26;356.97;11.67;1415;37;3652.00;189
9086;31;23147486;9086;630;10500;10688;4.24;0.26;357.02;11.67;1414;37;3653.00;188
9087;31;23147517;9087;633;10503;10691;4.24;0.26;357.00;11.67;1416;37;3654.00;188
9088;31;23147537;9088;637;10503;10691;4.25;0.26;356.98;11.67;1415;37;3655.00;188
9089;31;23147557;9089;633;10503;10691;4.22;0.26;356.95;11.67;1414;37;3656.00;188
9091;31;23147577;9091;637;10503;10691;4.20;0.26;356.95;11.67;1412;37;3657.00;188
9096;31;23147599;9096;642;10508;10697;4.19;0.26;356.84;11.67;1412;37;3658.00;189
9099;31;23147622;9099;643;10508;10697;4.17;0.26;356.83;11.67;1409;37;3659.00;189
9100;31;23147648;9100;642;10508;10697;4.16;0.25;356.80;11.67;1408;37;3660.00;189
9102;31;23147671;9102;649;10508;10697;4.12;0.25;356.83;11.67;1406;37;3661.00;189
9106;31;23147693;9106;656;10511;10701;4.06;0.25;356.84;11.66;1405;37;3662.00;190
9108;31;23147719;9108;656;10512;10702;4.00;0.24;356.78;11.66;1404;37;3663.00;190
9109;31;23147741;9109;661;10512;10702;3.96;0.24;356.77;11.66;1403;37;3664.00;190
9116;31;23147763;9116;669;10513;10703;3.83;0.23;356.67;11.66;1397;37;3665.00;190
9117;31;23147787;9117;672;10513;10703;3.80;0.23;356.68;11.66;1396;37;3666.00;190
9119;31;23147809;9119;678;10513;10703;3.74;0.23;356.65;11.66;1394;37;3667.00;190
9122;31;23147832;9122;683;10513;10703;3.66;0.22;356.62;11.66;1391;37;3668.00;190
9125;31;23147854;9125;693;10513;10703;3.60;0.22;356.51;11.66;1388;37;3669.00;190
9130;31;23147875;9130;691;10513;10703;3.52;0.22;356.54;11.66;1383;37;3670.00;190
9131;31;23147899;9131;693;10513;10703;3.46;0.21;356.53;11.66;1382;37;3671.00;190
9132;31;23147919;9132;699;10551;10773;3.62;0.22;356.50;11.62;1419;37;3672.00;222
9136;31;23147943;9136;707;10553;10774;3.52;0.22;356.44;11.62;1417;37;3673.00;221
9140;31;23147968;9140;705;10559;10774;3.48;0.22;356.43;11.61;1419;37;3674.00;215
9143;31;23147995;9143;695;10560;10774;3.45;0.21;356.41;11.61;1417;37;3675.00;214
9145;31;23148019;9145;697;10561;10774;3.42;0.21;356.41;11.61;1416;37;3676.00;213
9148;31;23148040;9148;697;10561;10774;3.38;0.21;356.37;11.61;1413;37;3677.00;213
9150;31;23148061;9150;684;10564;10774;3.42;0.21;356.35;11.61;1414;37;3678.00;210
9154;31;23148082;9154;673;10564;10774;3.40;0.21;356.41;11.61;1410;37;3679.00;210
9157;31;23148102;9157;662;10566;10775;3.43;0.21;356.34;11.61;1409;37;3680.00;209
9160;31;23148128;9160;663;10568;10776;3.48;0.21;356.32;11.61;1408;37;3681.00;208
9162;31;23148151;9162;647;10570;10776;3.54;0.22;356.33;11.61;1408;37;3682.00;206
9164;31;23148172;9164;634;10575;10780;3.63;0.22;356.37;11.60;1411;37;3683.00;205
9168;31;23148198;9168;617;10577;10780;3.69;0.23;356.30;11.60;1409;37;3684.00;203
9170;31;23148227;9170;607;10577;10780;3.76;0.23;356.29;11.60;1407;37;3685.00;203
9170;31;23148248;9170;598;10577;10780;3.86;0.24;356.29;11.60;1407;37;3686.00;203
9174;31;23148270;9174;584;10581;10786;3.93;0.24;356.31;11.60;1407;37;3687.00;205
9175;31;23148290;9175;587;10581;10786;3.98;0.24;356.33;11.60;1406;37;3688.00;205
9177;31;23148318;9177;575;10581;10786;4.03;0.25;356.33;11.60;1404;37;3689.00;205
9179;31;23148338;9179;569;10584;10792;4.12;0.25;356.36;11.60;1405;37;3690.00;208
9181;31;23148359;9181;564;10585;10792;4.16;0.26;356.34;11.60;1404;37;3691.00;207
9185;31;23148383;9185;566;10586;10792;4.18;0.26;356.33;11.60;1401;37;3692.00;206
9188;31;23148405;9188;575;10586;10793;4.23;0.26;356.33;11.60;1398;37;3693.00;207
9191;31;23148427;9191;565;10587;10794;4.26;0.26;356.31;11.59;1396;37;3694.00;207
9195;31;23148450;9195;570;10587;10794;4.24;0.26;356.29;11.59;1392;37;3695.00;207
9202;31;23148470;9202;564;10596;10807;4.32;0.26;356.36;11.58;1394;37;3696.00;211
9206;31;23148492;9206;570;10597;10807;4.35;0.26;356.30;11.59;1391;37;3697.00;210
9209;31;23148512;9209;562;10598;10807;4.36;0.26;356.28;11.58;1389;37;3698.00;209
9212;31;23148533;9212;558;10598;10808;4.36;0.26;356.32;11.58;1386;37;3699.00;210
9218;31;23148555;9218;557;10600;10808;4.36;0.26;356.31;11.59;1382;37;3700.00;208
9220;31;23148583;9220;567;10603;10812;4.40;0.27;356.30;11.59;1383;37;3701.00;209
9223;31;23148606;9223;562;10604;10812;4.38;0.27;356.30;11.59;1381;37;3702.00;208
9227;31;23148626;9227;554;10608;10816;4.37;0.27;356.28;11.59;1381;37;3703.00;208
9230;31;23148646;9230;551;10609;10816;4.41;0.27;356.28;11.59;1379;37;3704.00;207
9233;31;23148667;9233;548;10610;10816;4.42;0.27;356.24;11.59;1377;37;3705.00;206
9236;31;23148686;9236;536;10613;10816;4.40;0.27;356.21;11.63;1377;37;3706.00;203
9240;31;23148705;9240;548;10614;10816;4.36;0.27;356.31;11.63;1374;37;3707.00;202
9240;31;23148727;9240;542;10623;10828;4.44;0.27;356.31;11.62;1383;37;3708.00;205
9244;31;23148749;9244;543;10624;10828;4.41;0.27;356.35;11.62;1380;37;3709.00;204
9245;31;23148772;9245;535;10625;10828;4.41;0.27;356.36;11.62;1380;37;3710.00;203
9250;31;23148797;9250;535;10627;10828;4.39;0.27;356.42;11.62;1377;37;3711.00;201
9256;31;23148823;9256;528;10627;10828;4.33;0.26;356.60;11.62;1371;37;3712.00;201
9260;31;23148852;9260;513;10627;10828;4.33;0.26;356.56;11.62;1367;37;3713.00;201
9262;31;23148881;9262;521;10627;10829;4.35;0.26;356.64;11.62;1365;37;3714.00;202
9269;31;23148908;9269;518;10627;10829;4.31;0.26;356.76;11.62;1358;37;3715.00;202
9272;31;23148937;9272;518;10632;10835;4.32;0.26;356.79;11.61;1360;37;3716.00;203
9275;31;23148966;9275;515;10633;10836;4.35;0.26;356.87;11.61;1358;37;3717.00;203
9278;31;23148999;9278;514;10633;10836;4.43;0.27;356.90;11.61;1355;37;3718.00;203
9280;31;23149038;9280;515;10633;10836;4.46;0.27;356.87;11.61;1353;37;3719.00;203
9285;31;23149064;9285;519;10637;10841;4.46;0.27;356.86;11.61;1352;37;3720.00;204
9288;31;23149091;9288;529;10637;10841;4.46;0.27;356.82;11.61;1349;37;3721.00;204
9294;31;23149123;9294;524;10637;10841;4.42;0.27;356.90;11.61;1343;37;3722.00;204
9297;31;23149157;9297;523;10638;10842;4.38;0.27;356.95;11.61;1341;37;3723.00;204
9302;31;23149196;9302;526;10641;10846;4.40;0.27;357.04;11.60;1339;37;3724.00;205
9306;31;23149228;9306;515;10641;10846;4.41;0.27;357.20;11.60;1335;37;3725.00;205
9307;31;23149252;9307;514;10643;10849;4.46;0.27;357.21;11.60;1336;37;3726.00;206
9310;31;23149276;9310;511;10644;10849;4.51;0.27;357.23;11.60;1334;37;3727.00;205
9312;31;23149301;9312;507;10644;10849;4.56;0.28;357.30;11.60;1332;37;3728.00;205
9313;31;23149326;9313;508;10644;10849;4.62;0.28;357.35;11.60;1331;37;3729.00;205
9318;31;23149353;9318;504;10648;10853;4.64;0.28;357.41;11.60;1330;37;3730.00;205
9321;31;23149384;9321;498;10648;10853;4.68;0.28;357.55;11.60;1327;37;3731.00;205
9324;31;23149406;9324;493;10648;10853;4.70;0.29;357.51;11.60;1324;38;3732.00;205
9325;31;23149444;9325;488;10648;10853;4.74;0.29;357.54;11.60;1323;38;3733.00;205
9328;31;23149471;9328;475;10648;10854;4.77;0.29;357.61;11.60;1320;38;3734.00;206
9331;31;23149502;9331;470;10650;10856;4.79;0.29;357.66;11.60;1319;38;3735.00;206
9332;31;23149526;9332;467;10650;10856;4.85;0.29;357.75;11.60;1318;38;3736.00;206
9333;31;23149552;9333;464;10651;10857;4.88;0.30;357.85;11.59;1318;38;3737.00;206
9337;31;23149574;9337;475;10651;10857;4.87;0.30;358.03;11.59;1314;38;3738.00;206
9338;31;23149600;9338;474;10651;10857;4.88;0.30;358.07;11.59;1313;38;3739.00;206
9340;31;23149621;9340;481;10651;10857;4.89;0.30;358.12;11.59;1311;38;3740.00;206
9344;31;23149643;9344;488;10651;10857;4.84;0.29;358.41;11.59;1307;38;3741.00;206
9345;31;23149668;9345;482;10651;10857;4.84;0.29;358.38;11.59;1306;38;3742.00;206
9349;31;23149690;9349;481;10651;10857;4.81;0.29;358.61;11.59;1302;38;3743.00;206
9353;31;23149710;9353;511;10727;10984;4.88;0.30;358.74;11.51;1374;38;3744.00;257
9353;31;23149755;9353;500;10727;10985;4.88;0.30;358.74;11.51;1374;38;3745.00;258
9356;31;23149778;9356;476;10732;10985;4.95;0.31;358.91;11.51;1376;38;3746.00;253
9358;31;23149802;9358;481;10732;10985;4.99;0.31;359.06;11.51;1374;38;3747.00;253
9359;31;23149823;9359;466;10736;10985;5.06;0.31;359.07;11.51;1377;38;3748.00;249
9363;31;23149847;9363;462;10737;10985;5.06;0.31;359.20;11.50;1374;38;3749.00;248
9368;31;23149869;9368;466;10740;10990;5.04;0.31;359.29;11.50;1372;38;3750.00;250
9369;31;23149896;9369;468;10743;10990;5.09;0.31;359.29;11.50;1374;38;3751.00;247
9371;31;23149919;9371;467;10744;10991;5.10;0.31;359.41;11.50;1373;38;3752.00;247
9371;31;23149963;9371;473;10747;10992;5.12;0.31;359.41;11.50;1376;38;3753.00;245
9372;31;23150003;9372;473;10749;10992;5.12;0.32;359.42;11.50;1377;38;3754.00;243
9375;31;23150037;9375;486;10751;10993;5.09;0.31;359.47;11.50;1376;38;3755.00;242
9375;31;23150063;9375;489;10755;10993;5.12;0.31;359.47;11.50;1380;38;3756.00;238
9377;31;23150089;9377;482;10757;10993;5.14;0.32;359.43;11.50;1380;38;3757.00;236
9378;31;23150116;9378;488;10758;10993;5.16;0.32;359.40;11.50;1380;38;3758.00;235
9378;31;23150146;9378;485;10767;10997;5.20;0.32;359.40;11.50;1389;38;3759.00;230
9380;31;23150176;9380;490;10770;10997;5.24;0.32;359.50;11.50;1390;38;3760.00;227
9382;31;23150205;9382;500;10774;10997;5.20;0.32;359.53;11.50;1392;38;3761.00;223
9384;31;23150241;9384;499;10775;11000;5.18;0.32;359.53;11.50;1391;38;3762.00;225
9387;31;23150269;9387;506;10776;11000;5.17;0.32;359.56;11.50;1389;38;3763.00;224
9387;31;23150299;9387;504;10778;11000;5.18;0.32;359.56;11.50;1391;38;3764.00;222
9390;31;23150329;9390;495;10781;11004;5.19;0.32;359.66;11.50;1391;38;3765.00;223
9391;31;23150358;9391;485;10783;11005;5.24;0.32;359.74;11.54;1392;38;3766.00;222
9394;31;23150390;9394;481;10783;11005;5.26;0.32;359.75;11.54;1389;38;3767.00;222
9395;31;23150412;9395;475;10788;11009;5.30;0.32;359.72;11.54;1393;38;3768.00;221
9397;31;23150437;9397;464;10788;11009;5.28;0.32;359.72;11.54;1391;38;3769.00;221
9401;31;23150463;9401;460;10788;11009;5.27;0.32;359.71;11.54;1387;38;3770.00;221
9403;31;23150489;9403;457;10789;11010;5.31;0.32;359.70;11.54;1386;38;3771.00;221
9405;31;23150517;9405;458;10789;11010;5.35;0.33;359.77;11.54;1384;38;3772.00;221
9408;31;23150544;9408;446;10794;11016;5.37;0.33;359.88;11.54;1386;38;3773.00;222
9409;31;23150570;9409;438;10794;11016;5.33;0.33;359.99;11.54;1385;38;3774.00;222
9412;31;23150605;9412;448;10794;11017;5.26;0.32;360.14;11.54;1382;38;3775.00;223
9415;31;23150643;9415;451;10794;11017;5.19;0.32;360.21;11.54;1379;38;3776.00;223
9419;31;23150679;9419;441;10794;11017;5.12;0.31;360.30;11.54;1375;38;3777.00;223
9424;31;23150719;9424;442;10795;11017;5.01;0.31;360.41;11.54;1371;38;3778.00;222
9426;31;23150743;9426;441;10796;11017;4.92;0.30;360.44;11.54;1370;38;3779.00;221
9431;31;23150782;9431;435;10818;11053;4.94;0.30;360.58;11.51;1387;38;3780.00;235
9437;31;23150819;9437;435;10819;11053;4.87;0.30;360.67;11.51;1382;38;3781.00;234
9444;31;23150842;9444;425;10824;11053;4.85;0.30;360.98;11.51;1380;38;3782.00;229
9446;31;23150870;9446;432;10824;11053;4.84;0.30;361.06;11.51;1378;38;3783.00;229
9451;31;23150909;9451;432;10825;11053;4.81;0.29;361.17;11.51;1374;38;3784.00;228
9452;31;23150938;9452;439;10825;11053;4.80;0.29;361.16;11.51;1373;38;3785.00;228
9454;31;23150969;9454;445;10828;11057;4.83;0.30;361.27;11.51;1374;38;3786.00;229
9457;31;23150993;9457;448;10828;11057;4.82;0.29;361.38;11.51;1371;38;3787.00;229
9461;31;23151021;9461;450;10832;11061;4.80;0.29;361.45;11.56;1371;38;3788.00;229
9464;31;23151052;9464;454;10833;11062;4.81;0.29;361.52;11.56;1369;38;3789.00;229
9469;31;23151077;9469;451;10835;11062;4.80;0.29;361.74;11.56;1366;38;3790.00;227
9471;31;23151101;9471;453;10835;11062;4.76;0.29;361.76;11.56;1364;38;3791.00;227
9476;31;23151131;9476;452;10845;11075;4.76;0.29;361.73;11.55;1369;38;3792.00;230
9478;31;23151162;9478;450;10846;11075;4.76;0.29;361.80;11.55;1368;38;3793.00;229
9479;31;23151183;9479;456;10847;11075;4.76;0.29;361.79;11.63;1368;38;3794.00;228
9481;31;23151205;9481;461;10848;11076;4.72;0.29;361.78;11.62;1367;38;3795.00;228
9486;31;23151225;9486;470;10849;11077;4.68;0.29;361.98;11.67;1363;38;3796.00;228
9487;31;23151253;9487;473;10850;11077;4.68;0.29;361.97;11.67;1363;38;3797.00;227
9489;31;23151279;9489;479;10853;11080;4.64;0.28;361.99;11.67;1364;38;3798.00;227
9491;31;23151301;9491;489;10853;11080;4.61;0.28;362.06;11.67;1362;38;3799.00;227
9496;31;23151322;9496;489;10854;11080;4.57;0.28;361.93;11.67;1358;38;3800.00;226
9498;31;23151346;9498;495;10854;11080;4.57;0.28;361.93;11.67;1356;38;3801.00;226
9499;31;23151365;9499;503;10859;11086;4.59;0.28;361.93;11.67;1360;38;3802.00;227
9501;31;23151387;9501;511;10859;11086;4.60;0.28;361.88;11.67;1358;38;3803.00;227
9501;31;23151412;9501;524;10859;11086;4.58;0.28;361.88;11.67;1358;38;3804.00;227
9503;31;23151434;9503;527;10859;11086;4.57;0.28;361.94;11.67;1356;38;3805.00;227
9504;31;23151453;9504;537;10862;11090;4.55;0.28;361.91;11.66;1358;38;3806.00;228
9507;31;23151471;9507;545;10863;11091;4.52;0.28;361.89;11.66;1356;38;3807.00;228
9512;31;23151500;9512;550;10863;11091;4.47;0.27;361.90;11.66;1351;38;3808.00;228
9513;31;23151519;9513;557;10864;11092;4.46;0.27;361.92;11.66;1351;38;3809.00;228
9513;31;23151550;9513;553;10864;11092;4.46;0.27;361.92;11.66;1351;38;3810.00;228
9515;31;23151574;9515;563;10864;11092;4.45;0.27;361.92;11.66;1349;38;3811.00;228
9517;31;23151597;9517;563;10864;11092;4.42;0.27;361.87;11.66;1347;38;3812.00;228
9521;31;23151617;9521;576;10864;11092;4.38;0.27;362.03;11.66;1343;38;3813.00;228
9525;31;23151638;9525;575;10864;11092;4.32;0.26;361.97;11.66;1339;38;3814.00;228
9529;31;23151657;9529;578;10864;11092;4.26;0.26;362.04;11.66;1335;38;3815.00;228
9531;31;23151675;9531;592;10907;11162;4.40;0.27;362.07;11.62;1376;38;3816.00;255
9535;31;23151705;9535;591;10909;11163;4.35;0.27;362.04;11.61;1374;38;3817.00;254
9538;31;23151732;9538;587;10916;11163;4.32;0.27;362.02;11.61;1378;38;3818.00;247
9541;31;23151751;9541;591;10916;11163;4.27;0.26;362.02;11.61;1375;38;3819.00;247
9542;31;23151773;9542;589;10919;11163;4.26;0.26;362.02;11.61;1377;38;3820.00;244
9542;31;23151792;9542;593;10921;11163;4.26;0.26;362.02;11.60;1379;38;3821.00;242
9543;31;23151814;9543;596;10923;11163;4.23;0.26;362.01;11.60;1380;38;3822.00;240
9545;31;23151836;9545;608;10925;11163;4.20;0.26;361.95;11.60;1380;38;3823.00;238
9550;31;23151858;9550;605;10927;11164;4.15;0.25;361.89;11.60;1377;38;3824.00;237
9551;31;23151883;9551;610;10930;11166;4.13;0.25;361.87;11.60;1379;38;3825.00;236
9554;31;23151906;9554;609;10930;11166;4.04;0.25;361.91;11.60;1376;38;3826.00;236
9554;31;23151935;9554;610;10933;11170;4.05;0.25;361.91;11.60;1379;38;3827.00;237
9556;31;23151958;9556;607;10933;11170;4.00;0.24;361.84;11.60;1377;38;3828.00;237
9557;31;23151980;9557;606;10933;11170;3.97;0.24;361.84;11.60;1376;38;3829.00;237
9560;31;23152002;9560;606;10933;11170;3.96;0.24;361.82;11.60;1373;38;3830.00;237
9560;31;23152027;9560;613;10937;11176;3.99;0.24;361.82;11.59;1377;38;3831.00;239
9561;31;23152052;9561;613;10937;11176;3.95;0.24;361.81;11.59;1376;38;3832.00;239
9563;31;23152077;9563;609;10937;11176;3.92;0.24;361.78;11.59;1374;38;3833.00;239
9563;31;23152104;9563;612;10938;11179;3.89;0.24;361.78;11.59;1375;38;3834.00;241
9565;31;23152126;9565;601;10938;11179;3.84;0.23;361.73;11.59;1373;38;3835.00;241
9565;31;23152152;9565;592;10938;11179;3.83;0.23;361.73;11.59;1373;38;3836.00;241
9571;31;23152174;9571;587;10938;11180;3.83;0.23;361.75;11.59;1367;38;3837.00;242
9575;31;23152201;9575;588;10939;11181;3.87;0.23;361.68;11.59;1364;38;3838.00;242
9579;31;23152232;9579;588;10939;11181;3.84;0.23;361.62;11.59;1360;38;3839.00;242
9580;31;23152274;9580;595;10955;11207;3.95;0.24;361.59;11.57;1375;38;3840.00;252
9583;31;23152310;9583;592;10955;11207;3.94;0.24;361.59;11.57;1372;38;3841.00;252
9585;31;23152341;9585;586;10958;11207;3.97;0.24;361.52;11.57;1373;38;3842.00;249
9591;31;23152364;9591;587;10959;11208;3.95;0.24;361.42;11.57;1368;38;3843.00;249
9591;31;23152385;9591;581;10960;11208;3.95;0.24;361.42;11.57;1369;38;3844.00;248
9595;31;23152413;9595;592;10963;11212;3.98;0.24;361.38;11.57;1368;38;3845.00;249
9598;31;23152435;9598;591;10964;11214;3.96;0.24;361.33;11.57;1366;38;3846.00;250
9598;31;23152454;9598;587;10968;11218;3.95;0.24;361.33;11.56;1370;38;3847.00;250
9602;31;23152472;9602;587;10968;11218;3.91;0.24;361.31;11.56;1366;38;3848.00;250
9605;31;23152500;9605;590;10968;11218;3.85;0.23;361.31;11.56;1363;38;3849.00;250
9605;31;23152526;9605;575;10968;11218;3.85;0.23;361.31;11.56;1363;38;3850.00;250
9608;31;23152547;9608;568;10968;11218;3.84;0.23;361.27;11.56;1360;38;3851.00;250
9610;31;23152569;9610;566;10976;11230;3.91;0.24;361.26;11.55;1366;38;3852.00;254
9612;31;23152597;9612;557;10976;11230;3.95;0.24;361.27;11.55;1364;38;3853.00;254
9613;31;23152621;9613;549;10977;11230;3.99;0.24;361.26;11.55;1364;38;3854.00;253
9615;31;23152643;9615;547;10977;11230;4.02;0.25;361.37;11.55;1362;38;3855.00;253
9618;31;23152664;9618;538;10977;11230;4.05;0.25;361.44;11.55;1359;38;3856.00;253
9621;31;23152685;9621;518;10977;11230;4.04;0.25;361.44;11.55;1356;38;3857.00;253
9626;31;23152712;9626;513;10977;11231;4.06;0.25;361.43;11.55;1351;38;3858.00;254
9630;31;23152735;9630;510;10977;11231;4.10;0.25;361.37;11.55;1347;38;3859.00;254
9633;31;23152770;9633;506;10981;11237;4.20;0.26;361.48;11.55;1348;38;3860.00;256
9637;31;23152798;9637;490;10981;11238;4.25;0.26;361.42;11.55;1344;38;3861.00;257
9641;31;23152820;9641;483;10981;11238;4.31;0.26;361.53;11.55;1340;38;3862.00;257
9645;31;23152842;9645;477;10981;11238;4.34;0.26;361.56;11.55;1336;38;3863.00;257
9650;31;23152862;9650;469;10986;11242;4.39;0.27;361.59;11.61;1336;38;3864.00;256
9652;31;23152886;9652;468;10986;11242;4.45;0.27;361.57;11.61;1334;38;3865.00;256
9654;31;23152912;9654;464;10986;11242;4.45;0.27;361.69;11.61;1332;38;3866.00;256
9657;31;23152940;9657;460;10987;11243;4.48;0.27;361.68;11.60;1330;38;3867.00;256
9660;31;23152962;9660;449;10990;11247;4.47;0.27;361.76;11.60;1330;38;3868.00;257
9665;31;23152982;9665;449;10990;11247;4.46;0.27;361.86;11.60;1325;38;3869.00;257
9669;31;23153011;9669;449;10993;11253;4.49;0.27;361.85;11.60;1324;38;3870.00;260
9672;31;23153037;9672;440;10995;11253;4.49;0.27;361.84;11.61;1323;38;3871.00;258
9675;31;23153058;9675;444;10996;11253;4.52;0.27;361.84;11.60;1321;38;3872.00;257
9679;31;23153079;9679;438;10997;11253;4.51;0.27;361.99;11.61;1318;38;3873.00;256
9681;31;23153097;9681;431;11001;11257;4.59;0.28;361.97;11.61;1320;38;3874.00;256
9685;31;23153117;9685;439;11002;11257;4.57;0.28;362.01;11.61;1317;38;3875.00;255
9689;31;23153135;9689;442;11002;11257;4.54;0.28;362.03;11.61;1313;38;3876.00;255
9693;31;23153153;9693;449;11003;11257;4.49;0.27;362.02;11.61;1310;38;3877.00;254
9698;31;23153172;9698;445;11005;11258;4.48;0.27;362.10;11.62;1307;38;3878.00;253
9701;31;23153192;9701;446;11006;11259;4.49;0.27;362.10;11.62;1305;38;3879.00;253
9702;31;23153218;9702;444;11007;11259;4.48;0.27;362.11;11.62;1305;38;3880.00;252
9705;31;23153241;9705;446;11009;11260;4.51;0.27;362.12;11.62;1304;38;3881.00;251
9707;31;23153269;9707;439;11011;11260;4.51;0.27;362.11;11.62;1304;38;3882.00;249
9712;31;23153290;9712;440;11011;11260;4.51;0.27;362.21;11.62;1299;38;3883.00;249
9714;31;23153315;9714;436;11011;11260;4.55;0.28;362.17;11.62;1297;38;3884.00;249
9717;31;23153336;9717;435;11012;11260;4.58;0.28;362.22;11.62;1295;38;3885.00;248
9719;31;23153365;9719;434;11013;11260;4.63;0.28;362.18;11.62;1294;38;3886.00;247
9721;31;23153389;9721;438;11013;11260;4.63;0.28;362.16;11.62;1292;38;3887.00;247
9723;31;23153416;9723;457;11080;11387;4.91;0.30;362.16;11.55;1357;38;3888.00;307
9724;31;23153456;9724;443;11084;11388;5.00;0.31;362.17;11.55;1360;38;3889.00;304
9728;31;23153480;9728;438;11092;11388;5.02;0.31;362.18;11.60;1364;38;3890.00;296
9730;31;23153503;9730;428;11093;11388;4.99;0.31;362.16;11.60;1363;38;3891.00;295
9731;31;23153524;9731;417;11097;11388;4.98;0.31;362.17;11.60;1366;38;3892.00;291
9731;31;23153546;9731;419;11099;11388;4.97;0.31;362.17;11.59;1368;38;3893.00;289
9733;31;23153566;9733;425;11101;11388;4.97;0.31;362.19;11.59;1368;38;3894.00;287
9733;31;23153591;9733;435;11103;11388;4.95;0.31;362.19;11.59;1370;38;3895.00;285
9737;31;23153612;9737;445;11105;11389;4.89;0.30;362.26;11.59;1368;38;3896.00;284
9738;31;23153636;9738;436;11107;11390;4.89;0.30;362.24;11.59;1369;38;3897.00;283
9739;31;23153658;9739;434;11111;11390;4.85;0.30;362.25;11.59;1372;38;3898.00;279
9743;31;23153679;9743;438;11112;11391;4.85;0.30;362.29;11.59;1369;38;3899.00;279
9744;31;23153704;9744;453;11119;11406;4.81;0.30;362.34;11.59;1375;38;3900.00;287
9747;31;23153735;9747;451;11122;11406;4.79;0.30;362.45;11.59;1375;38;3901.00;284
9749;31;23153758;9749;459;11125;11406;4.82;0.30;362.56;11.59;1376;38;3902.00;281
9753;31;23153783;9753;458;11128;11410;4.85;0.30;362.65;11.59;1375;38;3903.00;282
9758;31;23153806;9758;462;11131;11410;4.88;0.30;362.86;11.59;1373;38;3904.00;279
9760;31;23153827;9760;459;11132;11410;4.94;0.30;362.96;11.59;1372;38;3905.00;278
9764;31;23153847;9764;446;11137;11413;4.95;0.30;362.96;11.59;1373;38;3906.00;276
9769;31;23153867;9769;434;11141;11413;5.03;0.31;363.03;11.65;1372;38;3907.00;272
9770;31;23153888;9770;424;11143;11413;5.10;0.31;363.10;11.65;1373;38;3908.00;270
9772;31;23153908;9772;420;11148;11417;5.18;0.32;363.16;11.64;1376;38;3909.00;269
9774;31;23153930;9774;409;11150;11418;5.24;0.32;363.18;11.64;1376;38;3910.00;268
9777;31;23153957;9777;414;11152;11418;5.26;0.32;363.24;11.64;1375;38;3911.00;266
9780;31;23154011;9780;417;11156;11422;5.24;0.32;363.23;11.64;1376;38;3912.00;266
9784;31;23154038;9784;411;11158;11422;5.23;0.32;363.30;11.64;1374;38;3913.00;264
9789;31;23154058;9789;424;11158;11422;5.15;0.31;363.42;11.64;1369;38;3914.00;264
9793;31;23154087;9793;425;11161;11424;5.11;0.31;363.58;11.70;1368;38;3915.00;263
9795;31;23154107;9795;436;11162;11424;5.11;0.31;363.66;11.70;1367;38;3916.00;262
9797;31;23154127;9797;429;11166;11430;5.13;0.31;363.60;11.69;1369;38;3917.00;264
9799;31;23154153;9799;419;11167;11430;5.13;0.31;363.74;11.70;1368;38;3918.00;263
9801;31;23154177;9801;424;11169;11431;5.12;0.31;363.89;11.84;1368;39;3919.00;262
9804;31;23154218;9804;424;11169;11431;5.10;0.31;363.99;11.84;1365;39;3920.00;262
9805;31;23154259;9805;423;11170;11431;5.08;0.31;364.09;11.90;1365;39;3921.00;261
9808;31;23154296;9808;425;11171;11431;5.04;0.31;364.28;11.90;1363;39;3922.00;260
9810;31;23154337;9810;425;11171;11431;5.03;0.31;364.35;11.90;1361;39;3923.00;260
9812;31;23154370;9812;429;11183;11443;5.01;0.31;364.53;11.89;1371;39;3924.00;260
9817;31;23154409;9817;429;11184;11443;5.04;0.31;364.70;11.89;1367;39;3925.00;259
9819;31;23154445;9819;431;11184;11443;5.06;0.31;364.88;11.89;1365;39;3926.00;259
9823;31;23154474;9823;438;11184;11443;5.07;0.31;364.92;11.89;1361;39;3927.00;259
9827;31;23154502;9827;435;11184;11443;5.06;0.31;365.01;11.89;1357;39;3928.00;259
9829;31;23154522;9829;439;11184;11443;5.10;0.31;365.17;11.89;1355;39;3929.00;259
9833;31;23154544;9833;453;11188;11447;5.07;0.31;365.21;11.89;1355;39;3930.00;259
9834;31;23154572;9834;453;11188;11447;5.04;0.31;365.18;11.89;1354;39;3931.00;259
9839;31;23154602;9839;458;11193;11451;4.98;0.30;365.21;11.88;1354;39;3932.00;258
9840;31;23154628;9840;463;11193;11452;4.97;0.30;365.24;11.88;1353;39;3933.00;259
9843;31;23154652;9843;464;11194;11452;4.94;0.30;365.31;11.88;1351;39;3934.00;258
9846;31;23154679;9846;463;11194;11452;4.87;0.30;365.42;11.88;1348;39;3935.00;258
9846;31;23154711;9846;466;11205;11465;4.91;0.30;365.42;11.87;1359;39;3936.00;260
9848;31;23154738;9848;464;11205;11465;4.87;0.30;365.51;11.87;1357;39;3937.00;260
9850;31;23154766;9850;473;11205;11465;4.83;0.29;365.56;11.87;1355;39;3938.00;260
9853;31;23154793;9853;481;11206;11466;4.82;0.29;365.63;11.87;1353;39;3939.00;260
9856;31;23154824;9856;479;11206;11467;4.82;0.29;365.83;11.87;1350;39;3940.00;261
9860;31;23154850;9860;484;11206;11467;4.82;0.29;365.88;11.87;1346;39;3941.00;261
9863;31;23154875;9863;480;11208;11470;4.85;0.30;365.95;11.87;1345;39;3942.00;262
9869;31;23154900;9869;476;11209;11470;4.83;0.29;366.12;11.87;1340;39;3943.00;261
9872;31;23154919;9872;476;11209;11470;4.78;0.29;366.19;11.87;1337;39;3944.00;261
9875;31;23154937;9875;478;11209;11470;4.79;0.29;366.27;11.87;1334;39;3945.00;261
9877;31;23154956;9877;485;11214;11476;4.83;0.29;366.32;11.86;1337;39;3946.00;262
9878;31;23154979;9878;481;11214;11476;4.83;0.29;366.30;11.86;1336;39;3947.00;262
9883;31;23154997;9883;488;11215;11476;4.80;0.29;366.34;11.92;1332;39;3948.00;261
9885;31;23155038;9885;490;11215;11476;4.81;0.29;366.31;11.92;1330;39;3949.00;261
9888;31;23155077;9888;491;11218;11480;4.77;0.29;366.32;11.92;1330;39;3950.00;262
9891;31;23155109;9891;488;11219;11481;4.75;0.29;366.40;11.92;1328;39;3951.00;262
9894;31;23155133;9894;492;11219;11481;4.70;0.29;366.44;11.92;1325;39;3952.00;262
9896;31;23155153;9896;492;11220;11482;4.65;0.28;366.44;11.92;1324;39;3953.00;262
9901;31;23155171;9901;488;11220;11482;4.58;0.28;366.51;11.92;1319;40;3954.00;262
9903;31;23155206;9903;487;11220;11482;4.52;0.28;366.52;11.92;1317;40;3955.00;262
9906;31;23155224;9906;484;11220;11482;4.44;0.27;366.51;11.92;1314;40;3956.00;262
9908;31;23155242;9908;480;11220;11482;4.43;0.27;366.52;11.92;1312;40;3957.00;262
9911;31;23155260;9911;479;11220;11482;4.45;0.27;366.49;11.92;1309;40;3958.00;262
9914;31;23155278;9914;476;11220;11482;4.45;0.27;366.47;11.92;1306;40;3959.00;262
9917;31;23155298;9917;494;11277;11607;4.69;0.29;366.52;11.86;1360;40;3960.00;330
9921;31;23155328;9921;490;11279;11608;4.72;0.29;366.55;11.86;1358;40;3961.00;329
9922;31;23155348;9922;484;11288;11608;4.82;0.30;366.53;11.85;1366;40;3962.00;320
9924;31;23155368;9924;500;11292;11608;4.88;0.30;366.53;11.85;1368;40;3963.00;316
9926;31;23155386;9926;491;11296;11608;4.91;0.30;366.51;11.84;1370;40;3964.00;312
9927;31;23155410;9927;496;11299;11608;4.89;0.30;366.48;11.84;1372;40;3965.00;309
9931;31;23155436;9931;498;11304;11608;4.90;0.30;366.39;11.84;1373;40;3966.00;304
9933;31;23155467;9933;509;11308;11608;4.89;0.30;366.36;11.84;1375;40;3967.00;300
9937;31;23155489;9937;522;11313;11609;4.85;0.30;366.33;11.83;1376;40;3968.00;296
9942;31;23155512;9942;527;11317;11610;4.78;0.29;366.30;11.83;1375;40;3969.00;293
9946;31;23155536;9946;539;11320;11610;4.77;0.29;366.30;11.83;1374;40;3970.00;290
9948;31;23155556;9948;549;11324;11614;4.74;0.29;366.27;11.83;1376;40;3971.00;290
9952;31;23155575;9952;552;11326;11614;4.69;0.29;366.25;11.83;1374;40;3972.00;288
9953;31;23155606;9953;561;11326;11614;4.65;0.28;366.25;11.83;1373;40;3973.00;288
9956;31;23155627;9956;566;11326;11614;4.57;0.28;366.16;11.83;1370;40;3974.00;288
9956;31;23155651;9956;572;11332;11620;4.46;0.27;366.16;11.83;1376;40;3975.00;288
9957;31;23155669;9957;587;11332;11620;4.39;0.27;366.15;11.83;1375;40;3976.00;288
9960;31;23155688;9960;597;11332;11620;4.34;0.27;366.21;11.83;1372;40;3977.00;288
9960;31;23155709;9960;608;11335;11623;4.26;0.26;366.21;11.82;1375;40;3978.00;288
9962;31;23155735;9962;609;11337;11623;4.14;0.25;366.16;11.89;1375;40;3979.00;286
9964;31;23155763;9964;614;11337;11623;4.09;0.25;366.14;11.89;1373;40;3980.00;286
9965;31;23155787;9965;619;11337;11624;4.05;0.25;366.16;11.89;1372;40;3981.00;287
9966;31;23155811;9966;622;11340;11625;4.01;0.25;366.19;11.89;1374;40;3982.00;285
9967;31;23155833;9967;627;11340;11625;4.01;0.25;366.19;11.89;1373;40;3983.00;285
9969;31;23155861;9969;635;11350;11638;4.03;0.25;366.12;11.88;1381;40;3984.00;288
9972;31;23155885;9972;634;11351;11638;4.03;0.25;366.14;11.95;1379;40;3985.00;287
9973;31;23155920;9973;641;11351;11638;4.04;0.25;366.17;11.95;1378;40;3986.00;287
9974;31;23155944;9974;641;11352;11639;4.04;0.25;366.14;11.95;1378;40;3987.00;287
9975;31;23155986;9975;648;11353;11639;4.05;0.25;366.14;11.95;1378;40;3988.00;286
9977;31;23156021;9977;647;11356;11643;4.05;0.25;366.10;11.95;1379;40;3989.00;287
9979;31;23156046;9979;652;11356;11643;4.04;0.25;366.11;11.95;1377;40;3990.00;287
9980;31;23156072;9980;656;11360;11647;4.01;0.25;366.10;11.94;1380;40;3991.00;287
9981;31;23156090;9981;644;11360;11647;4.00;0.25;366.06;11.94;1379;40;3992.00;287
9982;31;23156109;9982;639;11360;11647;3.99;0.25;366.05;11.94;1378;40;3993.00;287
9984;31;23156129;9984;639;11360;11647;3.97;0.24;366.02;11.94;1376;40;3994.00;287
9985;31;23156145;9985;634;11360;11647;3.96;0.24;366.00;11.94;1375;40;3995.00;287
9988;31;23156162;9988;630;11371;11659;3.99;0.25;366.00;11.93;1383;40;3996.00;288
9991;31;23156183;9991;633;11371;11659;3.97;0.25;366.16;11.93;1380;40;3997.00;288
9991;31;23156200;9991;625;11371;11659;3.97;0.24;366.16;11.93;1380;40;3998.00;288
9994;31;23156218;9994;621;11371;11659;3.96;0.24;366.12;11.93;1377;40;3999.00;288
9994;31;23156244;9994;613;11371;11659;3.96;0.24;366.12;11.93;1377;40;4000.00;288
9995;31;23156268;9995;610;11371;11659;3.95;0.24;366.15;11.93;1376;40;4001.00;288
9997;31;23156287;9997;604;11371;11660;3.97;0.24;366.20;11.93;1374;40;4002.00;289
9999;31;23156304;9999;603;11371;11660;4.00;0.25;366.22;11.93;1372;40;4003.00;289
10000;31;23156322;10000;599;11376;11666;4.10;0.25;366.21;11.93;1376;40;4004.00;290
10003;31;23156340;10003;600;11378;11668;4.14;0.25;366.17;11.92;1375;40;4005.00;290
10006;31;23156370;10006;596;11378;11668;4.17;0.25;366.10;11.92;1372;40;4006.00;290
10007;31;23156388;10007;596;11378;11668;4.24;0.26;366.07;11.92;1371;40;4007.00;290
10007;31;23156410;10007;600;11381;11672;4.34;0.26;366.07;11.92;1374;40;4008.00;291
10008;31;23156432;10008;592;11381;11672;4.38;0.27;366.05;11.92;1373;40;4009.00;291
10010;31;23156452;10010;587;11381;11672;4.40;0.27;366.04;11.92;1371;40;4010.00;291
10013;31;23156473;10013;590;11382;11673;4.40;0.27;365.99;11.92;1369;40;4011.00;291
10015;31;23156494;10015;583;11385;11677;4.44;0.27;365.96;11.92;1370;40;4012.00;292
10017;31;23156519;10017;580;11385;11677;4.44;0.27;366.01;11.92;1368;40;4013.00;292
10021;31;23156542;10021;579;11388;11680;4.44;0.27;366.07;11.91;1367;40;4014.00;292
10025;31;23156569;10025;585;11388;11680;4.38;0.27;366.00;11.91;1363;40;4015.00;292
10027;31;23156598;10027;591;11388;11680;4.34;0.26;366.08;11.91;1361;40;4016.00;292
10031;31;23156629;10031;592;11388;11680;4.26;0.26;366.08;11.91;1357;40;4017.00;292
10032;31;23156652;10032;590;11392;11684;4.27;0.26;366.06;11.91;1360;40;4018.00;292
10036;31;23156675;10036;587;11392;11684;4.26;0.26;366.19;11.91;1356;40;4019.00;292
10042;31;23156703;10042;586;11392;11684;4.17;0.25;366.20;11.91;1350;40;4020.00;292
10045;31;23156725;10045;592;11392;11684;4.13;0.25;366.19;11.91;1347;40;4021.00;292
10049;31;23156745;10049;588;11392;11685;4.10;0.25;366.23;11.91;1343;40;4022.00;293
10053;31;23156767;10053;587;11393;11686;4.04;0.25;366.28;11.91;1340;40;4023.00;293
10056;31;23156787;10056;589;11393;11686;4.04;0.25;366.33;11.91;1337;40;4024.00;293
10058;31;23156805;10058;576;11394;11687;4.07;0.25;366.38;11.91;1336;40;4025.00;293
10060;31;23156826;10060;565;11394;11687;4.12;0.25;366.40;11.91;1334;40;4026.00;293
10062;31;23156847;10062;558;11394;11687;4.18;0.25;366.50;11.91;1332;40;4027.00;293
10063;31;23156867;10063;545;11394;11687;4.26;0.26;366.52;11.91;1331;40;4028.00;293
10066;31;23156886;10066;534;11394;11687;4.30;0.26;366.64;11.91;1328;40;4029.00;293
10069;31;23156903;10069;536;11394;11687;4.31;0.26;366.68;11.91;1325;40;4030.00;293
10074;31;23156922;10074;531;11394;11687;4.31;0.26;366.67;11.91;1320;40;4031.00;293
10075;31;23156939;10075;527;11453;11814;4.62;0.29;366.68;11.85;1378;40;4032.00;361
10078;31;23156968;10078;510;11459;11815;4.65;0.29;366.75;11.84;1381;40;4033.00;356
10082;31;23156986;10082;494;11466;11815;4.71;0.29;366.87;11.84;1384;40;4034.00;349
10084;31;23157015;10084;486;11466;11815;4.74;0.29;366.99;11.84;1382;40;4035.00;349
10089;31;23157036;10089;481;11471;11815;4.78;0.30;367.08;11.83;1382;40;4036.00;344
10092;31;23157058;10092;473;11474;11815;4.79;0.30;367.16;11.90;1382;40;4037.00;341
10095;31;23157082;10095;461;11475;11815;4.81;0.30;367.25;11.90;1380;40;4038.00;340
10098;31;23157104;10098;458;11478;11815;4.81;0.30;367.33;11.90;1380;40;4039.00;337
10100;31;23157125;10100;456;11479;11816;4.83;0.30;367.43;11.90;1379;40;4040.00;337
10104;31;23157146;10104;461;11480;11817;4.79;0.30;367.53;11.90;1376;40;4041.00;337
10110;31;23157167;10110;463;11481;11817;4.78;0.30;367.71;11.90;1371;40;4042.00;336
10113;31;23157190;10113;452;11482;11818;4.79;0.30;367.79;11.90;1369;40;4043.00;336
10116;31;23157212;10116;462;11484;11818;4.81;0.30;367.93;11.90;1368;40;4044.00;334
10123;31;23157235;10123;461;11484;11818;4.78;0.30;368.08;11.90;1361;40;4045.00;334
10126;31;23157261;10126;456;11487;11818;4.77;0.29;368.14;11.90;1361;40;4046.00;331
10132;31;23157286;10132;468;11490;11822;4.75;0.29;368.27;11.90;1358;40;4047.00;332
10135;31;23157312;10135;467;11492;11822;4.73;0.29;368.33;11.90;1357;40;4048.00;330
10137;31;23157337;10137;466;11493;11822;4.73;0.29;368.44;11.90;1356;40;4049.00;329
10141;31;23157360;10141;469;11498;11828;4.71;0.29;368.50;11.90;1357;40;4050.00;330
10146;31;23157385;10146;472;11498;11828;4.73;0.29;368.62;11.90;1352;40;4051.00;330
10150;31;23157407;10150;472;11501;11828;4.74;0.29;368.63;11.89;1351;40;4052.00;327
10152;31;23157429;10152;465;11507;11832;4.76;0.29;368.70;11.96;1355;40;4053.00;325
10159;31;23157452;10159;457;11508;11833;4.73;0.29;368.83;11.96;1349;40;4054.00;325
10160;31;23157473;10160;461;11511;11833;4.72;0.29;368.84;11.96;1351;40;4055.00;322
10163;31;23157493;10163;463;11514;11837;4.68;0.29;368.93;11.96;1351;40;4056.00;323
10167;31;23157518;10167;457;11516;11837;4.67;0.28;368.96;11.96;1349;40;4057.00;321
10169;31;23157541;10169;456;11516;11837;4.67;0.28;368.99;11.96;1347;40;4058.00;321
10174;31;23157566;10174;458;11520;11838;4.61;0.28;369.09;11.97;1346;40;4059.00;318
10176;31;23157604;10176;456;11521;11838;4.59;0.28;369.06;11.97;1345;40;4060.00;317
10177;31;23157651;10177;461;11528;11844;4.62;0.28;369.09;11.97;1351;40;4061.00;316
10179;31;23157687;10179;459;11528;11844;4.59;0.28;369.06;11.97;1349;40;4062.00;316
10183;31;23157713;10183;465;11530;11845;4.54;0.28;369.16;11.97;1347;40;4063.00;315
10187;31;23157734;10187;464;11531;11845;4.54;0.28;369.17;11.97;1344;40;4064.00;314
10190;31;23157756;10190;462;11531;11845;4.59;0.28;369.23;11.97;1341;40;4065.00;314
10194;31;23157775;10194;458;11532;11845;4.57;0.28;369.41;11.97;1338;40;4066.00;313
10195;31;23157796;10195;462;11534;11845;4.59;0.28;369.45;11.98;1339;40;4067.00;311
10199;31;23157814;10199;457;11540;11857;4.63;0.28;369.59;11.97;1341;40;4068.00;317
10201;31;23157873;10201;462;11543;11857;4.60;0.28;369.64;11.97;1342;40;4069.00;314
10202;31;23157892;10202;459;11544;11857;4.60;0.28;369.65;11.97;1342;40;4070.00;313
10209;31;23157912;10209;461;11545;11857;4.57;0.28;369.94;11.97;1336;40;4071.00;312
10212;31;23157932;10212;451;11545;11857;4.54;0.28;370.01;11.97;1333;40;4072.00;312
10215;31;23157965;10215;447;11546;11857;4.54;0.28;370.03;11.97;1331;40;4073.00;311
10219;31;23158003;10219;451;11551;11861;4.57;0.28;370.13;11.97;1332;40;4074.00;310
10222;31;23158040;10222;437;11552;11861;4.53;0.27;370.26;11.97;1330;40;4075.00;309
10222;31;23158084;10222;443;11555;11865;4.59;0.28;370.26;11.97;1333;40;4076.00;310
10227;31;23158121;10227;445;11556;11866;4.60;0.28;370.47;11.97;1329;40;4077.00;310
10231;31;23158151;10231;441;11557;11866;4.61;0.28;370.50;11.97;1326;40;4078.00;309
10232;31;23158173;10232;447;11558;11866;4.61;0.28;370.61;11.97;1326;40;4079.00;308
10235;31;23158200;10235;451;11581;11895;4.59;0.28;370.77;11.94;1346;40;4080.00;314
10235;31;23158233;10235;433;11582;11895;4.66;0.28;370.77;11.94;1347;41;4081.00;313
10238;31;23158280;10238;423;11583;11895;4.69;0.28;370.86;11.94;1345;41;4082.00;312
10239;31;23158302;10239;418;11584;11896;4.75;0.29;370.86;11.94;1345;41;4083.00;312
10242;31;23158323;10242;425;11584;11897;4.75;0.29;370.85;11.94;1342;41;4084.00;313
10244;31;23158351;10244;427;11584;11897;4.78;0.29;370.85;11.94;1340;41;4085.00;313
10245;31;23158388;10245;428;11587;11900;4.81;0.29;370.85;11.94;1342;41;4086.00;313
10247;31;23158415;10247;426;11588;11900;4.80;0.29;370.81;12.01;1341;41;4087.00;312
10249;31;23158448;10249;428;11588;11900;4.78;0.29;370.90;12.01;1339;41;4088.00;312
10253;31;23158476;10253;427;11588;11900;4.78;0.29;371.10;12.01;1335;41;4089.00;312
10254;31;23158517;10254;438;11593;11906;4.78;0.29;371.13;12.00;1339;41;4090.00;313
10255;31;23158549;10255;438;11593;11906;4.74;0.29;371.24;12.00;1338;41;4091.00;313
10258;31;23158583;10258;435;11593;11906;4.70;0.29;371.36;12.00;1335;41;4092.00;313
10259;31;23158610;10259;435;11593;11906;4.70;0.29;371.33;12.00;1334;41;4093.00;313
10261;31;23158648;10261;429;11596;11910;4.67;0.29;371.34;12.00;1335;41;4094.00;314
10268;31;23158682;10268;428;11598;11912;4.63;0.28;371.56;12.00;1330;41;4095.00;314
10270;31;23158718;10270;431;11598;11912;4.58;0.28;371.58;12.00;1328;41;4096.00;314
10275;31;23158770;10275;435;11599;11913;4.51;0.28;371.60;12.00;1324;41;4097.00;314
10276;31;23158793;10276;434;11599;11913;4.49;0.27;371.71;12.00;1323;41;4098.00;314
10279;31;23158820;10279;444;11599;11913;4.45;0.27;371.86;12.00;1320;41;4099.00;314
10281;31;23158845;10281;448;11599;11913;4.45;0.27;371.88;12.00;1318;41;4100.00;314
10283;31;23158884;10283;455;11599;11913;4.46;0.27;371.96;12.00;1316;41;4101.00;314
10285;31;23158909;10285;458;11599;11913;4.48;0.27;372.06;12.00;1314;41;4102.00;314
10287;31;23158933;10287;461;11599;11913;4.47;0.27;372.07;12.00;1312;41;4103.00;314
10290;31;23158957;10290;474;11637;11983;4.56;0.28;372.03;11.96;1347;41;4104.00;346
10292;31;23158990;10292;474;11637;11984;4.60;0.28;372.09;11.96;1345;41;4105.00;347
10294;31;23159017;10294;471;11644;11984;4.68;0.29;372.10;11.95;1350;41;4106.00;340
10298;31;23159042;10298;467;11646;11984;4.68;0.29;372.14;11.95;1348;41;4107.00;338
10301;31;23159069;10301;471;11649;11984;4.68;0.29;372.30;11.95;1348;41;4108.00;335
10303;31;23159106;10303;468;11653;11984;4.75;0.29;372.42;11.95;1350;41;4109.00;331
10303;31;23159136;10303;480;11656;11984;4.82;0.30;372.42;11.95;1353;41;4110.00;328
10307;31;23159179;10307;488;11659;11984;4.87;0.30;372.49;11.94;1352;41;4111.00;325
10310;31;23159201;10310;485;11661;11985;4.86;0.30;372.47;11.94;1351;41;4112.00;324
10311;31;23159221;10311;485;11664;11986;4.86;0.30;372.45;11.94;1353;41;4113.00;322
10313;31;23159241;10313;485;11666;11986;4.80;0.29;372.47;11.94;1353;41;4114.00;320
10317;31;23159267;10317;485;11670;11990;4.79;0.29;372.62;11.94;1353;41;4115.00;320
10317;31;23159288;10317;484;11670;11990;4.80;0.29;372.62;11.94;1353;41;4116.00;320
10320;31;23159307;10320;493;11670;11990;4.80;0.29;372.72;11.94;1350;41;4117.00;320
10322;31;23159332;10322;484;11670;11990;4.83;0.30;372.68;11.94;1348;41;4118.00;320
10323;31;23159353;10323;478;11675;11996;4.86;0.30;372.71;11.93;1352;41;4119.00;321
10325;31;23159375;10325;474;11675;11996;4.86;0.30;372.66;11.93;1350;41;4120.00;321
10328;31;23159397;10328;474;11675;11996;4.91;0.30;372.59;11.93;1347;41;4121.00;321
10329;31;23159417;10329;469;11677;11999;4.99;0.31;372.62;11.93;1348;41;4122.00;322
10336;31;23159441;10336;464;11678;11999;5.03;0.31;372.63;11.93;1342;41;4123.00;321
10339;31;23159469;10339;469;11678;11999;5.03;0.31;372.61;11.93;1339;41;4124.00;321
10345;31;23159499;10345;475;11678;12000;5.01;0.31;372.59;11.93;1333;41;4125.00;322
10349;31;23159538;10349;474;11679;12001;4.97;0.30;372.55;11.93;1330;41;4126.00;322
10354;31;23159559;10354;481;11679;12001;4.89;0.30;372.54;11.93;1325;41;4127.00;322
10358;31;23159580;10358;487;11689;12014;4.83;0.29;372.49;11.92;1331;41;4128.00;325
10359;31;23159601;10359;489;11689;12014;4.80;0.29;372.46;11.92;1330;41;4129.00;325
10363;31;23159621;10363;479;11690;12014;4.78;0.29;372.42;12.00;1327;41;4130.00;324
10363;31;23159647;10363;486;11691;12015;4.78;0.29;372.42;12.00;1328;41;4131.00;324
10369;31;23159666;10369;487;11691;12015;4.72;0.29;372.36;12.00;1322;41;4132.00;324
10374;31;23159687;10374;485;11696;12019;4.69;0.29;372.36;12.00;1322;41;4133.00;323
10374;31;23159715;10374;487;11696;12019;4.66;0.28;372.36;12.00;1322;41;4134.00;323
10378;31;23159734;10378;483;11699;12023;4.62;0.28;372.38;12.00;1321;41;4135.00;324
10382;31;23159754;10382;493;11699;12023;4.60;0.28;372.48;12.00;1317;41;4136.00;324
10383;31;23159772;10383;489;11699;12023;4.62;0.28;372.48;12.00;1316;41;4137.00;324
10385;31;23159795;10385;493;11699;12023;4.62;0.28;372.53;12.00;1314;41;4138.00;324
10388;31;23159821;10388;497;11699;12023;4.63;0.28;372.53;12.00;1311;41;4139.00;324
10390;31;23159855;10390;507;11719;12057;4.73;0.29;372.53;11.97;1329;41;4140.00;338
10393;31;23159879;10393;514;11721;12057;4.74;0.29;372.47;11.97;1328;41;4141.00;336
10398;31;23159900;10398;511;11723;12057;4.74;0.29;372.39;12.06;1325;41;4142.00;334
10400;31;23159919;10400;508;11723;12057;4.75;0.29;372.34;12.06;1323;41;4143.00;334
10400;31;23159937;10400;516;11724;12057;4.80;0.29;372.34;12.06;1324;41;4144.00;333
10403;31;23159957;10403;516;11724;12057;4.81;0.29;372.35;12.06;1321;41;4145.00;333
10405;31;23159976;10405;521;11724;12058;4.76;0.29;372.36;12.06;1319;41;4146.00;334
10406;31;23159997;10406;525;11725;12058;4.71;0.29;372.33;12.06;1319;41;4147.00;333
10408;31;23160026;10408;530;11729;12064;4.70;0.29;372.29;12.05;1321;41;4148.00;335
10413;31;23160057;10413;525;11730;12065;4.64;0.28;372.31;12.05;1317;41;4149.00;335
10413;31;23160086;10413;527;11730;12065;4.62;0.28;372.31;12.05;1317;41;4150.00;335
10416;31;23160117;10416;531;11732;12065;4.58;0.28;372.31;12.05;1316;41;4151.00;333
10418;31;23160152;10418;534;11736;12069;4.61;0.28;372.29;12.13;1318;41;4152.00;333
10420;31;23160186;10420;531;11736;12069;4.60;0.28;372.30;12.13;1316;41;4153.00;333
10422;31;23160216;10422;530;11738;12069;4.62;0.28;372.35;12.13;1316;41;4154.00;331
10423;31;23160241;10423;535;11740;12070;4.66;0.28;372.37;12.22;1317;41;4155.00;330
10426;31;23160286;10426;531;11743;12074;4.66;0.28;372.38;12.21;1317;41;4156.00;331
10426;31;23160324;10426;533;11744;12074;4.69;0.28;372.38;12.21;1318;41;4157.00;330
10427;31;23160360;10427;542;11747;12077;4.71;0.29;372.36;12.30;1320;41;4158.00;330
10427;31;23160396;10427;537;11749;12077;4.69;0.28;372.36;12.38;1322;41;4159.00;328
10428;31;23160436;10428;545;11749;12077;4.66;0.28;372.33;12.38;1321;41;4160.00;328
10429;31;23160470;10429;546;11750;12077;4.64;0.28;372.31;12.46;1321;41;4161.00;327
10432;31;23160500;10432;546;11754;12081;4.66;0.28;372.29;12.46;1322;41;4162.00;327
10433;31;23160528;10433;548;11755;12081;4.66;0.28;372.33;12.54;1322;41;4163.00;326
10433;31;23160568;10433;540;11755;12081;4.65;0.28;372.33;12.54;1322;41;4164.00;326
10433;31;23160598;10433;538;11756;12081;4.65;0.28;372.33;12.63;1323;41;4165.00;325
10435;31;23160627;10435;538;11756;12082;4.64;0.28;372.32;12.63;1321;41;4166.00;326
10435;31;23160656;10435;542;11758;12083;4.67;0.29;372.32;12.71;1323;41;4167.00;325
10437;31;23160682;10437;537;11758;12083;4.70;0.29;372.37;12.71;1321;41;4168.00;325
10439;31;23160716;10439;535;11759;12084;4.77;0.29;372.32;12.71;1320;41;4169.00;325
10442;31;23160750;10442;536;11760;12084;4.80;0.29;372.26;12.79;1318;41;4170.00;324
10444;31;23160778;10444;536;11760;12084;4.81;0.29;372.21;12.79;1316;41;4171.00;324
10447;31;23160803;10447;541;11761;12084;4.84;0.30;372.28;12.88;1314;41;4172.00;323
10449;31;23160833;10449;540;11764;12086;4.80;0.29;372.26;12.96;1315;41;4173.00;322
10451;31;23160856;10451;533;11765;12086;4.75;0.29;372.26;13.04;1314;41;4174.00;321
10458;31;23160877;10458;530;11766;12086;4.67;0.28;372.25;13.13;1308;41;4175.00;320
10459;31;23160900;10459;539;11830;12213;4.93;0.30;372.29;13.06;1371;41;4176.00;383
10462;31;23160933;10462;522;11833;12214;4.92;0.30;372.43;13.05;1371;41;4177.00;381
10464;31;23160954;10464;513;11841;12214;4.95;0.31;372.55;13.13;1377;41;4178.00;373
10467;31;23160973;10467;513;11847;12214;4.98;0.31;372.55;13.12;1380;41;4179.00;367
10469;31;23160999;10469;505;11852;12214;5.01;0.31;372.54;13.12;1383;41;4180.00;362
10470;31;23161023;10470;499;11858;12214;4.99;0.31;372.57;13.20;1388;41;4181.00;356
10471;31;23161047;10471;504;11862;12214;5.01;0.31;372.66;13.20;1391;41;4182.00;352
10472;31;23161071;10472;501;11865;12214;5.03;0.31;372.68;13.19;1393;41;4183.00;349
10474;31;23161094;10474;504;11867;12215;5.03;0.31;372.64;13.19;1393;41;4184.00;348
10477;32;23161119;10477;511;11871;12217;5.01;0.31;372.73;13.36;1394;42;4185.00;346
10477;32;23161167;10477;509;11874;12217;5.05;0.31;372.73;13.35;1397;42;4186.00;343
10481;32;23161190;10481;513;11878;12218;5.01;0.31;372.90;13.52;1397;42;4187.00;340
10484;32;23161217;10484;516;11882;12218;4.99;0.31;372.82;13.52;1398;42;4188.00;336
10488;32;23161238;10488;521;11882;12218;4.96;0.30;372.96;13.52;1394;42;4189.00;336
10492;33;23161264;10492;520;11885;12218;4.94;0.30;373.02;13.52;1393;43;4190.00;333
10496;33;23161295;10496;531;11888;12222;4.92;0.30;373.18;13.51;1392;43;4191.00;334
10504;33;23161319;10504;545;11890;12222;4.82;0.29;373.24;13.51;1386;43;4192.00;332
10509;33;23161345;10509;547;11892;12222;4.76;0.29;373.50;13.51;1383;43;4193.00;330
10510;33;23161366;10510;552;11894;12225;4.75;0.29;373.48;13.51;1384;43;4194.00;331
10514;33;23161388;10514;560;11896;12225;4.72;0.29;373.75;13.51;1382;43;4195.00;329
10517;33;23161409;10517;573;11897;12225;4.70;0.29;373.76;13.51;1380;43;4196.00;328
10520;33;23161431;10520;578;11902;12229;4.67;0.28;373.92;13.51;1382;43;4197.00;327
10522;33;23161453;10522;589;11903;12230;4.64;0.28;373.89;13.51;1381;43;4198.00;327
10527;33;23161472;10527;590;11903;12230;4.59;0.28;373.93;13.51;1376;43;4199.00;327
10529;33;23161507;10529;585;11914;12264;4.61;0.28;373.95;13.49;1385;43;4200.00;350
10532;33;23161539;10532;578;11915;12264;4.65;0.28;374.02;13.49;1383;43;4201.00;349
10536;33;23161558;10536;569;11917;12264;4.69;0.29;374.13;13.49;1381;43;4202.00;347
10538;33;23161586;10538;568;11918;12265;4.74;0.29;374.14;13.49;1380;43;4203.00;347
10544;33;23161607;10544;570;11918;12265;4.73;0.29;374.39;13.49;1374;43;4204.00;347
10550;33;23161644;10550;572;11923;12271;4.75;0.29;374.52;13.49;1373;43;4205.00;348
10551;33;23161678;10551;561;11925;12271;4.76;0.29;374.53;13.48;1374;43;4206.00;346
10555;33;23161719;10555;556;11926;12272;4.76;0.29;374.66;13.48;1371;43;4207.00;346
10560;33;23161749;10560;554;11926;12272;4.79;0.29;374.74;13.48;1366;43;4208.00;346
10561;33;23161787;10561;544;11926;12272;4.82;0.29;374.75;13.48;1365;43;4209.00;346
10566;33;23161828;10566;543;11926;12272;4.82;0.29;374.86;13.48;1360;43;4210.00;346
10570;33;23161857;10570;534;11928;12272;4.81;0.29;375.07;13.48;1358;43;4211.00;344
10571;33;23161884;10571;532;11937;12284;4.86;0.30;375.08;13.47;1366;43;4212.00;347
10574;33;23161921;10574;526;11939;12284;4.88;0.30;375.13;13.47;1365;43;4213.00;345
10579;33;23161957;10579;526;11940;12284;4.86;0.30;375.22;13.47;1361;43;4214.00;344
10581;33;23161981;10581;526;11940;12284;4.88;0.30;375.22;13.47;1359;43;4215.00;344
10585;34;23162009;10585;526;11940;12284;4.84;0.29;375.32;13.47;1355;44;4216.00;344
10588;34;23162038;10588;525;11942;12284;4.80;0.29;375.33;13.47;1354;44;4217.00;342
10591;34;23162058;10591;528;11945;12288;4.85;0.29;375.34;13.47;1354;44;4218.00;343
10599;34;23162079;10599;530;11946;12288;4.80;0.29;375.39;13.47;1347;44;4219.00;342
10602;34;23162098;10602;528;11949;12292;4.80;0.29;375.45;13.47;1347;44;4220.00;343
10606;34;23162117;10606;532;11950;12293;4.81;0.29;375.47;13.47;1344;44;4221.00;343
10609;34;23162136;10609;536;11951;12293;4.81;0.29;375.45;13.47;1342;44;4222.00;342
10611;34;23162156;10611;539;11952;12293;4.83;0.29;375.44;13.47;1341;44;4223.00;341
10616;34;23162181;10616;538;11960;12306;4.85;0.30;375.45;13.46;1344;44;4224.00;346
10620;34;23162213;10620;537;11962;12306;4.85;0.30;375.46;13.46;1342;44;4225.00;344
10625;34;23162238;10625;533;11962;12306;4.84;0.30;375.44;13.46;1337;44;4226.00;344
10633;34;23162259;10633;533;11963;12307;4.81;0.29;375.53;13.46;1330;44;4227.00;344
10636;34;23162281;10636;536;11964;12308;4.77;0.29;375.51;13.46;1328;44;4228.00;344
10639;34;23162303;10639;540;11964;12308;4.77;0.29;375.56;13.46;1325;44;4229.00;344
10643;34;23162328;10643;542;11970;12314;4.78;0.29;375.54;13.45;1327;44;4230.00;344
10647;34;23162350;10647;544;11970;12314;4.75;0.29;375.48;13.45;1323;44;4231.00;344
10651;34;23162369;10651;554;11971;12314;4.76;0.29;375.60;13.45;1320;44;4232.00;343
10659;34;23162388;10659;558;11971;12314;4.76;0.29;375.88;13.45;1312;44;4233.00;343
10661;34;23162407;10661;564;11977;12320;4.79;0.29;375.87;13.45;1316;44;4234.00;343
10664;34;23162430;10664;564;11977;12320;4.79;0.29;375.90;13.45;1313;44;4235.00;343
10665;34;23162458;10665;562;11977;12320;4.81;0.29;375.89;13.45;1312;44;4236.00;343
10671;34;23162486;10671;564;11977;12320;4.82;0.29;375.87;13.45;1306;44;4237.00;343
10672;34;23162519;10672;560;11980;12324;4.84;0.29;375.89;13.44;1308;44;4238.00;344
10675;34;23162540;10675;563;11981;12325;4.84;0.29;375.91;13.44;1306;44;4239.00;344
10677;34;23162558;10677;565;11982;12325;4.81;0.29;375.93;13.45;1305;44;4240.00;343
10680;34;23162576;10680;560;11983;12326;4.76;0.29;375.98;13.45;1303;44;4241.00;343
10683;34;23162598;10683;565;11983;12326;4.70;0.28;376.02;13.45;1300;44;4242.00;343
10687;34;23162616;10687;564;11983;12326;4.58;0.28;376.14;13.45;1296;44;4243.00;343
10689;34;23162635;10689;570;11983;12326;4.44;0.27;376.16;13.45;1294;44;4244.00;343
10694;34;23162654;10694;576;11984;12326;4.29;0.26;376.17;13.45;1290;44;4245.00;342
10697;34;23162672;10697;580;11985;12326;4.15;0.25;376.24;13.53;1288;44;4246.00;341
10698;34;23162691;10698;567;11985;12326;4.05;0.25;376.27;13.53;1287;44;4247.00;341
10703;34;23162709;10703;564;12022;12396;4.04;0.25;376.41;13.49;1319;44;4248.00;374
10704;34;23162737;10704;562;12023;12397;4.05;0.25;376.44;13.49;1319;44;4249.00;374
10707;34;23162756;10707;554;12028;12397;4.11;0.25;376.49;13.48;1321;44;4250.00;369
10710;34;23162774;10710;553;12032;12397;4.13;0.25;376.64;13.49;1322;44;4251.00;365
10712;34;23162792;10712;541;12035;12397;4.19;0.26;376.74;13.48;1323;44;4252.00;362
10717;34;23162814;10717;548;12039;12397;4.24;0.26;376.84;13.48;1322;44;4253.00;358
10718;34;23162848;10718;555;12043;12397;4.32;0.26;376.94;13.48;1325;44;4254.00;354
10721;34;23162871;10721;554;12045;12397;4.36;0.27;377.11;13.48;1324;44;4255.00;352
10725;34;23162897;10725;545;12047;12398;4.41;0.27;377.18;13.48;1322;44;4256.00;351
10728;34;23162922;10728;538;12050;12399;4.45;0.27;377.16;13.48;1322;44;4257.00;349
10731;34;23162949;10731;524;12051;12399;4.49;0.27;377.17;13.48;1320;44;4258.00;348
10732;34;23162978;10732;521;12056;12403;4.52;0.28;377.14;13.47;1324;44;4259.00;347
10735;34;23163008;10735;508;12058;12403;4.52;0.28;377.18;13.55;1323;44;4260.00;345
10737;34;23163044;10737;508;12058;12403;4.51;0.28;377.18;13.55;1321;44;4261.00;345
10737;34;23163073;10737;513;12058;12403;4.56;0.28;377.18;13.55;1321;44;4262.00;345
10739;34;23163099;10739;515;12064;12409;4.60;0.28;377.18;13.62;1325;44;4263.00;345
10740;34;23163121;10740;517;12064;12409;4.58;0.28;377.27;13.62;1324;44;4264.00;345
10740;34;23163143;10740;526;12064;12409;4.62;0.28;377.27;13.62;1324;44;4265.00;345
10744;34;23163166;10744;517;12066;12412;4.65;0.28;377.30;13.62;1322;44;4266.00;346
10746;34;23163190;10746;513;12066;12412;4.70;0.29;377.34;13.62;1320;44;4267.00;346
10746;34;23163216;10746;509;12067;12412;4.72;0.29;377.34;13.62;1321;44;4268.00;345
10752;34;23163238;10752;510;12067;12413;4.70;0.29;377.42;13.62;1315;44;4269.00;346
10752;34;23163259;10752;505;12068;12414;4.74;0.29;377.42;13.62;1316;44;4270.00;346
10754;34;23163283;10754;500;12068;12414;4.74;0.29;377.45;13.62;1314;44;4271.00;346
10754;34;23163305;10754;498;12077;12427;4.81;0.29;377.45;13.61;1323;44;4272.00;350
10755;34;23163330;10755;491;12077;12427;4.82;0.29;377.56;13.61;1322;44;4273.00;350
10756;34;23163353;10756;488;12078;12427;4.80;0.29;377.56;13.68;1322;44;4274.00;349
10757;34;23163374;10757;483;12080;12429;4.79;0.29;377.65;13.68;1323;44;4275.00;349
10759;34;23163401;10759;480;12080;12429;4.80;0.29;377.60;13.68;1321;44;4276.00;349
10762;34;23163420;10762;480;12084;12433;4.82;0.29;377.69;13.68;1322;44;4277.00;349
10763;34;23163443;10763;476;12084;12433;4.83;0.30;377.66;13.68;1321;44;4278.00;349
10767;34;23163464;10767;480;12087;12437;4.81;0.29;377.61;13.67;1320;44;4279.00;350
10769;34;23163497;10769;480;12087;12437;4.80;0.29;377.65;13.67;1318;44;4280.00;350
10773;34;23163524;10773;472;12087;12437;4.73;0.29;377.64;13.67;1314;44;4281.00;350
10774;34;23163549;10774;473;12088;12437;4.74;0.29;377.65;13.75;1314;44;4282.00;349
10774;34;23163570;10774;477;12088;12437;4.71;0.29;377.65;13.75;1314;44;4283.00;349
10778;34;23163592;10778;482;12098;12449;4.75;0.29;377.60;13.74;1320;44;4284.00;351
10781;34;23163615;10781;489;12098;12449;4.74;0.29;377.53;13.74;1317;44;4285.00;351
10784;34;23163636;10784;488;12099;12449;4.72;0.29;377.55;13.74;1315;44;4286.00;350
10787;34;23163659;10787;495;12099;12449;4.69;0.29;377.54;13.74;1312;44;4287.00;350
10790;34;23163681;10790;505;12099;12449;4.63;0.28;377.47;13.74;1309;44;4288.00;350
10793;34;23163703;10793;504;12099;12449;4.56;0.28;377.48;13.74;1306;44;4289.00;350
10794;34;23163724;10794;493;12099;12450;4.52;0.28;377.48;13.74;1305;44;4290.00;351
10797;34;23163749;10797;491;12099;12450;4.44;0.27;377.44;13.74;1302;44;4291.00;351
10798;34;23163769;10798;483;12104;12456;4.48;0.27;377.44;13.73;1306;44;4292.00;352
10800;34;23163791;10800;487;12105;12457;4.49;0.27;377.51;13.73;1305;44;4293.00;352
10800;34;23163815;10800;483;12105;12457;4.50;0.27;377.51;13.73;1305;44;4294.00;352
10800;34;23163835;10800;473;12105;12457;4.50;0.27;377.51;13.73;1305;44;4295.00;352
10805;34;23163853;10805;471;12107;12461;4.52;0.27;377.56;13.73;1302;44;4296.00;354
10805;34;23163874;10805;468;12108;12461;4.57;0.28;377.56;13.80;1303;44;4297.00;353
10806;34;23163892;10806;469;12108;12461;4.55;0.28;377.55;13.80;1302;44;4298.00;353
10806;34;23163911;10806;463;12109;12462;4.58;0.28;377.55;13.80;1303;44;4299.00;353
10808;34;23163932;10808;458;12112;12466;4.57;0.28;377.54;13.80;1304;44;4300.00;354
10809;34;23163954;10809;453;12112;12466;4.58;0.28;377.56;13.80;1303;44;4301.00;354
10814;34;23163972;10814;458;12114;12469;4.56;0.28;377.63;13.79;1300;44;4302.00;355
10817;34;23163992;10817;460;12115;12469;4.53;0.28;377.59;13.79;1298;44;4303.00;354
10821;34;23164016;10821;452;12115;12469;4.50;0.27;377.54;13.79;1294;44;4304.00;354
10822;34;23164035;10822;440;12117;12469;4.47;0.27;377.53;13.97;1295;44;4305.00;352
10823;34;23164058;10823;423;12121;12473;4.52;0.28;377.51;13.97;1298;44;4306.00;352
10825;34;23164081;10825;409;12121;12473;4.56;0.28;377.50;13.97;1296;44;4307.00;352
10827;34;23164101;10827;400;12121;12473;4.67;0.28;377.49;13.97;1294;44;4308.00;352
10829;34;23164124;10829;395;12121;12473;4.75;0.29;377.47;13.97;1292;44;4309.00;352
10831;34;23164153;10831;382;12121;12474;4.84;0.29;377.43;13.97;1290;44;4310.00;353
10833;34;23164187;10833;380;12122;12475;4.89;0.30;377.41;13.97;1289;44;4311.00;353
10835;34;23164208;10835;375;12122;12475;4.93;0.30;377.39;13.97;1287;44;4312.00;353
10836;34;23164238;10836;374;12124;12476;4.98;0.30;377.37;13.97;1288;44;4313.00;352
10839;34;23164259;10839;372;12125;12476;5.02;0.31;377.39;14.04;1286;44;4314.00;351
10839;34;23164280;10839;368;12125;12476;5.07;0.31;377.39;14.04;1286;44;4315.00;351
10841;34;23164308;10841;374;12126;12476;5.12;0.31;377.51;14.05;1285;44;4316.00;350
10842;34;23164336;10842;372;12126;12476;5.16;0.31;377.53;14.05;1284;44;4317.00;350
10843;34;23164369;10843;372;12127;12476;5.22;0.32;377.51;14.05;1284;44;4318.00;349
10845;34;23164391;10845;371;12127;12476;5.24;0.32;377.48;14.05;1282;44;4319.00;349
10848;34;23164416;10848;405;12223;12706;5.53;0.35;377.44;13.95;1375;44;4320.00;483
10852;34;23164467;10852;390;12227;12707;5.52;0.34;377.46;13.94;1375;44;4321.00;480
10853;34;23164492;10853;382;12239;12707;5.60;0.35;377.43;14.01;1386;44;4322.00;468
10855;34;23164517;10855;381;12246;12707;5.56;0.35;377.40;14.00;1391;44;4323.00;461
10857;34;23164543;10857;377;12253;12707;5.58;0.35;377.37;14.00;1396;44;4324.00;454
10858;35;23164574;10858;374;12258;12707;5.61;0.35;377.34;13.99;1400;45;4325.00;449
10859;35;23164627;10859;375;12268;12707;5.64;0.35;377.33;13.99;1409;45;4326.00;439
10861;35;23164652;10861;373;12273;12707;5.68;0.35;377.41;13.98;1412;45;4327.00;434
10861;35;23164675;10861;374;12283;12708;5.66;0.35;377.41;13.98;1422;45;4328.00;425
10864;35;23164699;10864;380;12286;12709;5.66;0.35;377.37;13.98;1422;45;4329.00;423
10866;35;23164723;10866;389;12293;12709;5.58;0.35;377.33;13.98;1427;45;4330.00;416
10870;35;23164747;10870;399;12298;12710;5.52;0.34;377.35;14.06;1428;45;4331.00;412
10873;35;23164771;10873;404;12303;12710;5.44;0.34;377.31;14.06;1430;45;4332.00;407
10876;35;23164793;10876;409;12305;12710;5.34;0.33;377.32;14.06;1429;45;4333.00;405
10877;35;23164823;10877;426;12309;12710;5.26;0.32;377.30;14.24;1432;45;4334.00;401
10879;35;23164849;10879;436;12316;12714;5.18;0.32;377.29;14.24;1437;45;4335.00;398
10881;35;23164876;10881;440;12317;12714;5.10;0.31;377.42;14.24;1436;45;4336.00;397
10885;35;23164910;10885;447;12319;12714;4.98;0.31;377.47;14.32;1434;45;4337.00;395
10886;35;23164935;10886;451;12320;12717;4.97;0.31;377.46;14.32;1434;45;4338.00;397
10889;35;23164959;10889;451;12321;12717;4.97;0.31;377.62;14.32;1432;45;4339.00;396
10895;35;23164985;10895;470;12323;12717;4.90;0.30;377.87;14.50;1428;45;4340.00;394
10896;35;23165010;10896;477;12327;12721;4.91;0.30;377.89;14.50;1431;45;4341.00;394
10899;35;23165051;10899;484;12330;12722;4.92;0.30;377.88;14.50;1431;45;4342.00;392
10901;35;23165074;10901;492;12332;12722;4.95;0.30;377.91;14.67;1431;45;4343.00;390
10903;35;23165103;10903;500;12334;12726;4.99;0.31;377.93;14.76;1431;45;4344.00;392
10905;35;23165139;10905;503;12336;12726;5.01;0.31;377.92;14.85;1431;45;4345.00;390
10907;35;23165170;10907;503;12337;12726;5.00;0.31;377.92;14.85;1430;45;4346.00;389
10911;35;23165193;10911;503;12340;12727;5.02;0.31;377.86;15.02;1429;45;4347.00;387
10912;35;23165219;10912;503;12341;12727;5.01;0.31;377.86;15.02;1429;45;4348.00;386
10913;35;23165242;10913;501;12346;12733;5.01;0.31;377.88;15.02;1433;45;4349.00;387
10916;35;23165270;10916;506;12350;12733;4.97;0.30;377.98;15.20;1434;45;4350.00;383
10917;35;23165295;10917;510;12351;12734;4.98;0.30;377.99;15.20;1434;45;4351.00;383
10921;35;23165317;10921;526;12354;12734;4.93;0.30;378.16;15.37;1433;45;4352.00;380
10922;35;23165340;10922;532;12356;12734;4.92;0.30;378.26;15.37;1434;45;4353.00;378
10923;35;23165362;10923;528;12356;12734;4.95;0.30;378.23;15.37;1433;45;4354.00;378
10925;35;23165386;10925;523;12358;12734;4.93;0.30;378.21;15.54;1433;45;4355.00;376
10926;35;23165410;10926;519;12370;12746;4.97;0.30;378.25;15.54;1444;45;4356.00;376
10928;35;23165435;10928;529;12370;12746;4.98;0.31;378.40;15.54;1442;45;4357.00;376
10931;35;23165458;10931;524;12374;12746;5.02;0.31;378.44;15.71;1443;45;4358.00;372
10932;35;23165483;10932;528;12375;12746;5.02;0.31;378.55;15.71;1443;45;4359.00;371
10934;35;23165506;10934;529;12381;12746;5.03;0.31;378.66;15.88;1447;45;4360.00;365
10938;35;23165531;10938;525;12385;12746;5.01;0.31;378.68;15.89;1447;45;4361.00;361
10943;35;23165557;10943;534;12389;12750;4.97;0.30;378.68;15.88;1446;45;4362.00;361
10945;35;23165582;10945;536;12390;12750;4.97;0.31;378.75;15.88;1445;45;4363.00;360
10948;35;23165604;10948;536;12394;12754;4.98;0.31;378.74;15.88;1446;45;4364.00;360
10951;35;23165625;10951;544;12396;12756;4.96;0.31;378.81;15.88;1445;45;4365.00;360
10956;35;23165647;10956;549;12398;12756;4.88;0.30;378.93;15.88;1442;45;4366.00;358
10962;35;23165668;10962;551;12398;12756;4.84;0.30;379.02;15.88;1436;45;4367.00;358
10965;35;23165690;10965;558;12407;12769;4.81;0.30;378.96;15.87;1442;45;4368.00;362
10972;35;23165714;10972;558;12408;12769;4.75;0.29;379.01;15.87;1436;45;4369.00;361
10975;35;23165738;10975;566;12409;12769;4.74;0.29;379.08;15.87;1434;45;4370.00;360
10979;35;23165765;10979;570;12410;12770;4.69;0.29;379.06;15.86;1431;45;4371.00;360
10983;35;23165788;10983;574;12410;12771;4.65;0.29;379.12;15.86;1427;45;4372.00;361
10988;35;23165809;10988;575;12410;12771;4.61;0.28;379.33;15.86;1422;45;4373.00;361
10992;35;23165834;10992;577;12413;12774;4.60;0.28;379.45;15.86;1421;45;4374.00;361
10995;35;23165858;10995;563;12413;12774;4.58;0.28;379.52;15.86;1418;45;4375.00;361
10999;35;23165882;10999;559;12413;12774;4.56;0.28;379.57;15.86;1414;45;4376.00;361
11005;35;23165906;11005;555;12413;12774;4.53;0.28;379.57;15.86;1408;45;4377.00;361
11009;35;23165931;11009;549;12417;12780;4.52;0.28;379.78;15.86;1408;45;4378.00;363
11012;35;23165960;11012;550;12417;12780;4.50;0.28;379.85;15.86;1405;45;4379.00;363
11018;35;23165989;11018;542;12417;12780;4.47;0.27;379.90;15.86;1399;45;4380.00;363
11021;35;23166010;11021;544;12417;12780;4.47;0.27;380.02;15.86;1396;45;4381.00;363
11023;35;23166032;11023;543;12420;12784;4.49;0.28;380.06;15.85;1397;45;4382.00;364
11026;35;23166055;11026;542;12421;12785;4.51;0.28;380.19;15.85;1395;45;4383.00;364
11030;35;23166080;11030;535;12421;12785;4.53;0.28;380.40;15.85;1391;45;4384.00;364
11035;35;23166105;11035;531;12422;12786;4.52;0.28;380.45;15.85;1387;45;4385.00;364
11040;35;23166128;11040;531;12422;12786;4.50;0.28;380.39;15.85;1382;45;4386.00;364
11044;35;23166152;11044;529;12422;12786;4.52;0.28;380.45;15.85;1378;45;4387.00;364
11046;35;23166175;11046;525;12422;12786;4.53;0.28;380.47;15.85;1376;45;4388.00;364
11048;35;23166201;11048;528;12422;12786;4.55;0.28;380.45;15.85;1374;45;4389.00;364
11050;35;23166223;11050;528;12422;12786;4.60;0.28;380.43;15.85;1372;45;4390.00;364
11054;35;23166247;11054;530;12423;12786;4.63;0.28;380.57;15.92;1369;45;4391.00;363
11059;35;23166268;11059;544;12458;12856;4.72;0.29;380.56;15.88;1399;45;4392.00;398
11064;35;23166299;11064;543;12459;12857;4.72;0.29;380.72;15.88;1395;45;4393.00;398
11068;35;23166324;11068;542;12462;12857;4.76;0.29;380.74;15.88;1394;45;4394.00;395
11073;35;23166348;11073;551;12464;12857;4.78;0.29;380.79;15.87;1391;45;4395.00;393
11078;35;23166368;11078;547;12465;12857;4.78;0.29;380.83;15.87;1387;45;4396.00;392
11085;35;23166387;11085;559;12467;12857;4.77;0.29;380.86;15.87;1382;45;4397.00;390
11088;35;23166407;11088;558;12467;12857;4.72;0.29;380.93;15.87;1379;45;4398.00;390
11092;35;23166427;11092;567;12471;12857;4.68;0.29;380.98;15.87;1379;45;4399.00;386
11097;35;23166451;11097;572;12473;12858;4.64;0.28;380.96;15.87;1376;45;4400.00;385
11100;35;23166482;11100;575;12475;12859;4.60;0.28;381.05;15.87;1375;45;4401.00;384
11103;35;23166503;11103;584;12479;12859;4.57;0.28;381.14;15.86;1376;45;4402.00;380
11111;35;23166523;11111;593;12484;12863;4.47;0.27;381.11;15.86;1373;45;4403.00;379
11114;35;23166548;11114;601;12484;12863;4.45;0.27;381.08;15.86;1370;45;4404.00;379
11118;35;23166568;11118;597;12486;12863;4.45;0.27;381.04;15.86;1368;45;4405.00;377
11123;35;23166587;11123;592;12489;12863;4.44;0.27;381.02;15.86;1366;45;4406.00;374
11127;35;23166606;11127;591;12494;12869;4.44;0.27;381.11;15.85;1367;45;4407.00;375
11131;35;23166626;11131;589;12495;12869;4.41;0.27;381.14;15.85;1364;45;4408.00;374
11135;35;23166649;11135;584;12495;12869;4.39;0.27;381.11;15.85;1360;45;4409.00;374
11138;35;23166672;11138;588;12499;12875;4.38;0.27;381.13;15.85;1361;45;4410.00;376
11140;35;23166697;11140;583;12501;12875;4.38;0.27;381.17;15.85;1361;45;4411.00;374
11142;35;23166720;11142;581;12502;12875;4.36;0.27;381.17;15.85;1360;45;4412.00;373
11143;35;23166740;11143;588;12502;12876;4.37;0.27;381.23;15.85;1359;45;4413.00;374
11146;35;23166758;11146;589;12503;12877;4.36;0.27;381.31;15.84;1357;45;4414.00;374
11149;35;23166780;11149;588;12505;12877;4.35;0.26;381.48;15.85;1356;45;4415.00;372
11152;35;23166799;11152;596;12517;12890;4.41;0.27;381.48;15.83;1365;45;4416.00;373
11155;35;23166818;11155;587;12517;12890;4.33;0.26;381.58;15.83;1362;45;4417.00;373
11157;35;23166837;11157;591;12518;12890;4.21;0.26;381.57;15.83;1361;45;4418.00;372
11159;35;23166857;11159;587;12519;12891;4.13;0.25;381.68;15.83;1360;45;4419.00;372
11161;35;23166879;11161;587;12519;12891;4.06;0.25;381.71;15.83;1358;45;4420.00;372
11162;35;23166899;11162;591;12523;12895;4.02;0.24;381.68;15.83;1361;45;4421.00;372
11162;35;23166920;11162;582;12523;12895;3.98;0.24;381.68;15.83;1361;45;4422.00;372
11164;35;23166938;11164;577;12526;12899;3.96;0.24;381.76;15.82;1362;45;4423.00;373
11167;35;23166957;11167;583;12526;12899;3.92;0.24;381.73;15.82;1359;45;4424.00;373
11170;35;23166975;11170;578;12527;12899;3.90;0.24;381.76;15.90;1357;45;4425.00;372
11175;35;23166993;11175;577;12527;12899;3.88;0.24;381.87;15.90;1352;45;4426.00;372
11178;35;23167017;11178;579;12527;12899;3.84;0.23;381.82;15.90;1349;45;4427.00;372
11181;35;23167047;11181;581;12537;12911;3.90;0.24;381.80;15.89;1356;45;4428.00;374
11181;35;23167067;11181;585;12537;12911;3.91;0.24;381.80;15.89;1356;45;4429.00;374
11184;35;23167085;11184;586;12538;12911;3.85;0.23;381.85;15.88;1354;45;4430.00;373
11186;35;23167104;11186;574;12538;12911;3.85;0.23;381.86;15.88;1352;45;4431.00;373
11190;35;23167133;11190;570;12538;12911;3.89;0.24;381.89;15.88;1348;45;4432.00;373
11191;35;23167152;11191;560;12538;12911;3.94;0.24;381.92;15.88;1347;45;4433.00;373
11194;35;23167171;11194;555;12538;12912;4.02;0.24;381.95;15.88;1344;45;4434.00;374
11194;35;23167196;11194;560;12538;12912;4.09;0.25;381.95;15.88;1344;45;4435.00;374
11196;35;23167218;11196;560;12543;12918;4.15;0.25;381.97;15.88;1347;45;4436.00;375
11196;35;23167239;11196;559;12544;12919;4.22;0.26;381.97;15.88;1348;45;4437.00;375
11197;35;23167262;11197;563;12544;12919;4.26;0.26;381.96;15.88;1347;45;4438.00;375
11200;35;23167282;11200;561;12544;12919;4.27;0.26;381.97;15.88;1344;45;4439.00;375
11202;35;23167303;11202;558;12548;12924;4.32;0.26;381.93;15.87;1346;45;4440.00;376
11203;35;23167322;11203;570;12548;12924;4.41;0.27;381.94;15.87;1345;45;4441.00;376
11204;35;23167340;11204;568;12549;12924;4.44;0.27;381.91;15.94;1345;45;4442.00;375
11206;35;23167359;11206;571;12550;12925;4.49;0.27;381.95;15.94;1344;45;4443.00;375
11210;35;23167380;11210;572;12553;12929;4.51;0.27;381.91;15.94;1343;45;4444.00;376
11212;35;23167399;11212;565;12553;12929;4.52;0.27;381.91;15.94;1341;45;4445.00;376
11213;35;23167419;11213;567;12555;12932;4.56;0.28;381.95;15.94;1342;45;4446.00;377
11217;35;23167438;11217;567;12555;12932;4.52;0.28;381.90;15.94;1338;45;4447.00;377
11220;35;23167456;11220;566;12556;12932;4.52;0.27;381.89;15.94;1336;45;4448.00;376
11221;35;23167474;11221;574;12556;12932;4.52;0.28;381.86;15.94;1335;45;4449.00;376
11222;35;23167492;11222;573;12560;12936;4.52;0.28;381.84;15.93;1338;45;4450.00;376
11223;35;23167512;11223;573;12560;12936;4.49;0.27;381.82;15.93;1337;45;4451.00;376
11224;35;23167533;11224;571;12560;12936;4.47;0.27;381.81;15.93;1336;45;4452.00;376
11225;35;23167552;11225;573;12560;12936;4.45;0.27;381.88;15.93;1335;45;4453.00;376
11227;35;23167571;11227;576;12560;12937;4.43;0.27;381.83;15.93;1333;45;4454.00;377
11231;35;23167590;11231;585;12562;12939;4.35;0.26;381.83;15.93;1331;45;4455.00;377
11233;35;23167609;11233;591;12562;12939;4.29;0.26;381.80;15.93;1329;45;4456.00;377
11235;35;23167627;11235;576;12563;12940;4.28;0.26;381.86;15.93;1328;45;4457.00;377
11237;35;23167646;11237;579;12563;12940;4.25;0.26;381.83;15.93;1326;45;4458.00;377
11239;35;23167667;11239;584;12563;12940;4.21;0.26;381.78;15.93;1324;45;4459.00;377
11240;35;23167691;11240;582;12563;12940;4.20;0.26;381.75;15.93;1323;45;4460.00;377
11244;35;23167715;11244;587;12563;12940;4.21;0.26;381.80;15.93;1319;45;4461.00;377
11244;35;23167736;11244;589;12563;12940;4.24;0.26;381.80;15.93;1319;45;4462.00;377
11246;35;23167755;11246;582;12563;12940;4.24;0.26;381.75;15.93;1317;45;4463.00;377
11249;35;23167773;11249;592;12629;13067;4.45;0.27;381.80;15.84;1380;45;4464.00;438
11251;35;23167804;11251;580;12629;13068;4.48;0.28;381.87;15.84;1378;45;4465.00;439
11251;35;23167824;11251;562;12636;13068;4.54;0.28;381.87;15.84;1385;45;4466.00;432
11251;35;23167842;11251;549;12637;13068;4.61;0.28;381.87;15.84;1386;45;4467.00;431
11251;35;23167863;11251;535;12643;13068;4.73;0.29;381.87;15.83;1392;45;4468.00;425
11253;36;23167881;11253;523;12646;13068;4.81;0.30;381.83;15.83;1393;46;4469.00;422
11255;36;23167917;11255;515;12649;13068;4.91;0.30;381.85;15.83;1394;46;4470.00;419
11258;37;23167939;11258;510;12652;13068;4.98;0.30;381.95;15.82;1394;47;4471.00;416
11260;37;23167977;11260;502;12655;13069;5.07;0.31;381.92;15.82;1395;47;4472.00;414
11261;37;23168001;11261;495;12658;13070;5.08;0.31;381.90;15.82;1397;47;4473.00;412
11261;37;23168030;11261;496;12661;13070;5.14;0.31;381.90;15.82;1400;47;4474.00;409
11264;37;23168053;11264;496;12664;13071;5.15;0.31;381.91;15.82;1400;47;4475.00;407
11267;37;23168076;11267;496;12667;13071;5.15;0.31;381.90;15.82;1400;47;4476.00;404
11267;37;23168109;11267;488;12669;13071;5.17;0.31;381.90;15.82;1402;47;4477.00;402
11268;37;23168135;11268;490;12671;13071;5.15;0.31;381.90;15.81;1403;47;4478.00;400
11268;37;23168159;11268;489;12673;13075;5.14;0.31;381.90;15.81;1405;47;4479.00;402
11271;37;23168187;11271;482;12675;13075;5.07;0.31;381.90;15.90;1404;47;4480.00;400
11274;37;23168217;11274;479;12678;13075;5.01;0.31;381.96;16.06;1404;47;4481.00;397
11274;37;23168251;11274;463;12679;13078;5.02;0.31;381.96;16.06;1405;47;4482.00;399
11277;37;23168275;11277;460;12682;13078;4.98;0.30;381.96;16.06;1405;47;4483.00;396
11278;37;23168299;11278;455;12682;13078;5.03;0.31;381.95;16.06;1404;47;4484.00;396
11281;37;23168324;11281;453;12686;13082;5.06;0.31;381.97;16.06;1405;47;4485.00;396
11283;37;23168351;11283;448;12687;13083;5.13;0.31;381.93;16.06;1404;47;4486.00;396
11285;37;23168373;11285;444;12687;13083;5.24;0.32;381.93;16.06;1402;47;4487.00;396
11287;37;23168397;11287;433;12690;13087;5.33;0.32;381.92;16.05;1403;47;4488.00;397
11288;37;23168419;11288;422;12692;13087;5.40;0.33;381.90;16.05;1404;47;4489.00;395
11293;37;23168442;11293;425;12692;13087;5.43;0.33;382.03;16.05;1399;47;4490.00;395
11297;37;23168466;11297;427;12693;13088;5.47;0.33;381.97;16.05;1396;47;4491.00;395
11302;37;23168491;11302;423;12693;13088;5.49;0.33;381.90;16.05;1391;47;4492.00;395
11306;37;23168516;11306;416;12697;13094;5.53;0.34;381.91;16.05;1391;47;4493.00;397
11311;37;23168538;11311;411;12697;13094;5.48;0.33;381.88;16.05;1386;47;4494.00;397
11314;37;23168561;11314;408;12697;13095;5.49;0.33;381.89;16.05;1383;47;4495.00;398
11317;37;23168584;11317;421;12697;13095;5.47;0.33;381.89;16.05;1380;47;4496.00;398
11318;37;23168606;11318;423;12698;13095;5.45;0.33;381.97;16.05;1380;47;4497.00;397
11320;37;23168630;11320;425;12700;13095;5.43;0.33;381.94;16.05;1380;47;4498.00;395
11322;37;23168657;11322;430;12700;13095;5.41;0.33;381.97;16.05;1378;47;4499.00;395
11322;37;23168685;11322;441;12723;13145;5.42;0.33;381.97;16.03;1401;47;4500.00;422
11326;37;23168720;11326;439;12724;13147;5.34;0.33;381.98;16.02;1398;47;4501.00;423
11326;37;23168742;11326;449;12728;13147;5.39;0.33;381.98;16.02;1402;47;4502.00;419
11329;37;23168764;11329;456;12730;13147;5.35;0.33;382.08;16.02;1401;47;4503.00;417
11331;37;23168788;11331;458;12732;13147;5.34;0.33;382.11;16.02;1401;47;4504.00;415
11332;37;23168810;11332;459;12732;13147;5.32;0.32;382.18;16.02;1400;47;4505.00;415
11336;37;23168833;11336;467;12739;13151;5.26;0.32;382.31;16.20;1403;47;4506.00;412
11336;37;23168856;11336;471;12740;13151;5.31;0.32;382.31;16.20;1404;47;4507.00;411
11341;37;23168875;11341;471;12743;13155;5.34;0.33;382.55;16.29;1402;47;4508.00;412
11342;37;23168900;11342;471;12747;13156;5.37;0.33;382.53;16.29;1405;47;4509.00;409
11342;37;23168921;11342;468;12747;13156;5.34;0.33;382.53;16.29;1405;47;4510.00;409
11343;37;23168941;11343;476;12752;13156;5.32;0.32;382.52;16.57;1409;47;4511.00;404
11346;37;23168961;11346;481;12765;13169;5.27;0.32;382.68;16.55;1419;47;4512.00;404
11350;37;23168986;11350;485;12767;13169;5.19;0.32;382.77;16.65;1417;47;4513.00;402
11350;37;23169009;11350;487;12768;13169;5.16;0.32;382.77;16.74;1418;47;4514.00;401
11352;37;23169031;11352;495;12771;13170;5.11;0.31;382.82;16.91;1419;47;4515.00;399
11353;37;23169053;11353;493;12772;13171;5.07;0.31;382.92;17.00;1419;47;4516.00;399
11357;37;23169095;11357;496;12773;13171;4.99;0.31;382.99;17.09;1416;47;4517.00;398
11358;37;23169126;11358;504;12776;13174;5.02;0.31;383.07;17.09;1418;47;4518.00;398
11361;37;23169156;11361;503;12779;13174;5.01;0.31;383.19;17.26;1418;47;4519.00;395
11363;37;23169190;11363;505;12780;13174;5.02;0.31;383.20;17.26;1417;47;4520.00;394
11366;37;23169227;11366;507;12781;13174;5.02;0.31;383.22;17.35;1415;47;4521.00;393
11370;37;23169262;11370;514;12786;13180;5.05;0.31;383.37;17.43;1416;47;4522.00;394
11371;37;23169301;11371;517;12786;13180;4.99;0.30;383.34;17.43;1415;47;4523.00;394
11374;37;23169335;11374;524;12789;13180;4.92;0.30;383.36;17.61;1415;47;4524.00;391
11376;37;23169363;11376;520;12790;13180;4.88;0.30;383.42;17.61;1414;47;4525.00;390
11377;37;23169389;11377;516;12794;13184;4.85;0.30;383.39;17.70;1417;47;4526.00;390
11383;37;23169417;11383;516;12797;13185;4.82;0.29;383.51;17.87;1414;47;4527.00;388
11388;37;23169442;11388;516;12797;13185;4.79;0.29;383.66;17.87;1409;47;4528.00;388
11388;37;23169466;11388;509;12800;13186;4.79;0.29;383.66;18.04;1412;47;4529.00;386
11391;37;23169493;11391;505;12801;13186;4.77;0.29;383.68;18.04;1410;47;4530.00;385
11393;37;23169516;11393;507;12803;13186;4.79;0.29;383.70;18.12;1410;47;4531.00;383
11397;37;23169539;11397;501;12804;13186;4.78;0.29;383.70;18.21;1407;47;4532.00;382
11399;37;23169562;11399;517;12804;13186;4.77;0.29;383.68;18.21;1405;47;4533.00;382
11400;37;23169587;11400;522;12805;13186;4.73;0.29;383.65;18.29;1405;47;4534.00;381
11400;37;23169609;11400;519;12806;13186;4.74;0.29;383.65;18.38;1406;47;4535.00;380
11404;37;23169628;11404;528;12844;13256;4.81;0.29;383.75;18.41;1440;47;4536.00;412
11408;37;23169654;11408;532;12847;13257;4.79;0.29;383.75;18.50;1439;47;4537.00;410
11412;37;23169676;11412;534;12854;13257;4.81;0.29;383.87;18.57;1442;47;4538.00;403
11415;37;23169697;11415;546;12858;13257;4.75;0.29;383.95;18.56;1443;47;4539.00;399
11417;37;23169717;11417;550;12863;13257;4.74;0.29;384.13;18.65;1446;47;4540.00;394
11422;37;23169739;11422;558;12867;13257;4.71;0.29;384.04;18.72;1445;47;4541.00;390
11425;37;23169762;11425;566;12874;13257;4.66;0.29;384.10;18.81;1449;47;4542.00;383
11429;37;23169788;11429;566;12877;13257;4.62;0.28;384.18;18.80;1448;47;4543.00;380
11432;37;23169827;11432;581;12881;13258;4.63;0.28;384.13;18.87;1449;47;4544.00;377
11438;37;23169851;11438;574;12885;13260;4.60;0.28;384.15;18.96;1447;47;4545.00;375
11442;37;23169874;11442;581;12887;13260;4.57;0.28;384.13;18.96;1445;47;4546.00;373
11446;37;23169897;11446;577;12890;13264;4.50;0.28;384.15;19.04;1444;47;4547.00;374
11452;37;23169918;11452;588;12891;13264;4.40;0.27;384.04;19.11;1439;47;4548.00;373
11456;37;23169939;11456;592;12891;13264;4.32;0.26;384.14;19.11;1435;47;4549.00;373
11458;37;23169959;11458;593;12893;13264;4.27;0.26;384.17;19.27;1435;47;4550.00;371
11459;37;23169981;11459;592;12898;13270;4.22;0.26;384.18;19.26;1439;47;4551.00;372
11462;37;23170004;11462;594;12898;13270;4.15;0.25;384.15;19.26;1436;47;4552.00;372
11466;37;23170031;11466;591;12899;13270;4.08;0.25;384.36;19.26;1433;47;4553.00;371
11468;37;23170060;11468;603;12900;13273;4.09;0.25;384.46;19.26;1432;47;4554.00;373
11473;37;23170081;11473;596;12900;13273;4.06;0.25;384.46;19.26;1427;47;4555.00;373
11475;37;23170109;11475;599;12900;13273;4.08;0.25;384.48;19.26;1425;47;4556.00;373
11480;37;23170136;11480;590;12901;13274;4.08;0.25;384.53;19.26;1421;47;4557.00;373
11485;37;23170162;11485;583;12902;13275;4.04;0.25;384.64;19.26;1417;47;4558.00;373
11489;37;23170194;11489;587;12902;13275;4.02;0.25;384.72;19.26;1413;47;4559.00;373
11493;37;23170224;11493;585;12916;13301;4.07;0.25;384.83;19.23;1423;47;4560.00;385
11495;37;23170255;11495;590;12918;13301;4.03;0.25;384.81;19.23;1423;47;4561.00;383
11500;37;23170281;11500;597;12920;13301;3.96;0.24;384.98;19.23;1420;47;4562.00;381
11503;37;23170303;11503;600;12922;13302;3.95;0.24;384.95;19.23;1419;47;4563.00;380
11508;37;23170323;11508;603;12922;13302;3.90;0.24;384.98;19.23;1414;47;4564.00;380
11512;37;23170352;11512;608;12926;13306;3.84;0.23;385.01;19.22;1414;47;4565.00;380
11514;37;23170375;11514;602;12927;13306;3.82;0.23;384.99;19.22;1413;47;4566.00;379
11518;37;23170396;11518;615;12929;13310;3.78;0.23;385.08;19.22;1411;47;4567.00;381
11520;37;23170422;11520;628;12930;13310;3.76;0.23;385.05;19.22;1410;47;4568.00;380
11524;37;23170447;11524;631;12930;13310;3.72;0.23;385.14;19.22;1406;47;4569.00;380
11529;37;23170469;11529;634;12930;13310;3.64;0.22;385.15;19.22;1401;47;4570.00;380
11532;37;23170494;11532;644;12930;13310;3.56;0.22;385.20;19.22;1398;47;4571.00;380
11536;37;23170517;11536;646;12943;13322;3.59;0.22;385.24;19.20;1407;47;4572.00;379
11541;37;23170540;11541;637;12943;13322;3.53;0.22;385.28;19.20;1402;47;4573.00;379
11545;37;23170563;11545;643;12943;13322;3.48;0.21;385.26;19.20;1398;47;4574.00;379
11551;37;23170583;11551;652;12944;13322;3.42;0.21;385.27;19.20;1393;47;4575.00;378
11554;37;23170603;11554;650;12945;13322;3.39;0.21;385.42;19.28;1391;47;4576.00;377
11554;37;23170624;11554;653;12945;13322;3.39;0.21;385.42;19.28;1391;47;4577.00;377
11560;37;23170648;11560;651;12946;13323;3.33;0.20;385.45;19.28;1386;47;4578.00;377
11564;37;23170666;11564;651;12947;13323;3.31;0.20;385.41;19.28;1383;47;4579.00;376
11566;37;23170685;11566;637;12951;13329;3.30;0.20;385.41;19.27;1385;47;4580.00;378
11569;37;23170703;11569;644;12952;13330;3.28;0.20;385.34;19.27;1383;47;4581.00;378
11573;37;23170721;11573;649;12952;13330;3.25;0.20;385.37;19.27;1379;47;4582.00;378
11576;37;23170738;11576;648;12953;13330;3.26;0.20;385.41;19.27;1377;47;4583.00;377
11580;37;23170755;11580;648;12956;13334;3.28;0.20;385.41;19.26;1376;47;4584.00;378
11582;37;23170773;11582;647;12956;13334;3.27;0.20;385.47;19.26;1374;47;4585.00;378
11586;37;23170797;11586;645;12956;13334;3.26;0.20;385.49;19.26;1370;47;4586.00;378
11588;37;23170818;11588;642;12957;13335;3.28;0.20;385.49;19.26;1369;47;4587.00;378
11589;37;23170837;11589;647;12960;13339;3.32;0.20;385.52;19.26;1371;47;4588.00;379
11592;37;23170860;11592;659;12960;13339;3.34;0.20;385.60;19.26;1368;47;4589.00;379
11598;37;23170882;11598;661;12964;13345;3.32;0.20;385.64;19.25;1366;47;4590.00;381
11599;37;23170903;11599;662;12964;13345;3.33;0.20;385.65;19.25;1365;47;4591.00;381
11604;37;23170925;11604;668;12966;13345;3.28;0.20;385.78;19.25;1362;47;4592.00;379
11608;37;23170945;11608;675;12966;13345;3.24;0.20;385.77;19.25;1358;47;4593.00;379
11614;37;23170964;11614;683;12970;13349;3.21;0.20;385.81;19.24;1356;47;4594.00;379
11618;37;23170984;11618;685;12970;13349;3.18;0.19;385.85;19.24;1352;47;4595.00;379
11621;37;23171003;11621;694;12970;13349;3.14;0.19;385.83;19.24;1349;47;4596.00;379
11622;37;23171022;11622;691;12970;13349;3.14;0.19;385.85;19.24;1348;47;4597.00;379
11625;37;23171040;11625;681;12970;13350;3.12;0.19;385.85;19.24;1345;47;4598.00;380
11627;37;23171057;11627;680;12971;13351;3.08;0.19;385.85;19.24;1344;47;4599.00;380
11627;37;23171077;11627;670;12971;13351;3.11;0.19;385.85;19.24;1344;47;4600.00;380
11631;37;23171105;11631;656;12972;13352;3.10;0.19;385.92;19.24;1341;47;4601.00;380
11631;37;23171123;11631;649;12972;13352;3.11;0.19;385.92;19.24;1341;47;4602.00;380
11634;37;23171142;11634;657;12972;13352;3.12;0.19;385.85;19.24;1338;47;4603.00;380
11634;37;23171161;11634;660;12972;13352;3.17;0.19;385.85;19.24;1338;47;4604.00;380
11637;37;23171178;11637;659;12972;13352;3.17;0.19;385.78;19.24;1335;47;4605.00;380
11640;37;23171198;11640;647;12972;13352;3.20;0.19;385.77;19.24;1332;47;4606.00;380
11642;37;23171218;11642;643;12972;13352;3.27;0.20;385.80;19.24;1330;47;4607.00;380
11643;37;23171236;11643;648;13039;13479;3.67;0.23;385.79;19.14;1396;47;4608.00;440
11644;37;23171269;11644;636;13041;13480;3.72;0.23;385.76;19.14;1397;47;4609.00;439
11645;37;23171291;11645;622;13050;13480;3.84;0.24;385.79;19.13;1405;47;4610.00;430
11645;37;23171313;11645;617;13051;13480;3.89;0.24;385.79;19.13;1406;47;4611.00;429
11645;37;23171332;11645;612;13057;13480;3.98;0.25;385.79;19.12;1412;47;4612.00;423
11647;37;23171354;11647;606;13060;13480;4.04;0.25;385.77;19.11;1413;47;4613.00;420
11649;37;23171375;11649;600;13063;13480;4.08;0.25;385.75;19.11;1414;47;4614.00;417
11649;37;23171399;11649;601;13067;13480;4.10;0.25;385.75;19.11;1418;47;4615.00;413
11651;37;23171420;11651;610;13069;13481;4.05;0.25;385.75;19.11;1418;47;4616.00;412
11651;37;23171439;11651;618;13074;13482;4.04;0.25;385.75;19.10;1423;47;4617.00;408
11652;37;23171458;11652;627;13077;13482;4.00;0.24;385.74;19.10;1425;47;4618.00;405
11652;37;23171476;11652;625;13079;13483;3.98;0.24;385.74;19.10;1427;47;4619.00;404
11652;37;23171498;11652;614;13080;13483;3.99;0.24;385.74;19.10;1428;47;4620.00;403
11655;37;23171519;11655;614;13086;13483;3.97;0.24;385.79;19.10;1431;47;4621.00;397
11655;37;23171540;11655;619;13086;13483;4.03;0.25;385.79;19.10;1431;47;4622.00;397
11655;37;23171561;11655;611;13090;13487;4.09;0.25;385.79;19.09;1435;47;4623.00;397
11656;37;23171582;11656;613;13091;13487;4.12;0.25;385.84;19.09;1435;47;4624.00;396
11657;37;23171605;11657;606;13092;13487;4.16;0.25;385.85;19.09;1435;47;4625.00;395
11658;37;23171625;11658;591;13093;13490;4.20;0.26;385.85;19.09;1435;47;4626.00;397
11659;37;23171665;11659;598;13093;13490;4.21;0.26;385.84;19.09;1434;47;4627.00;397
11661;37;23171687;11661;592;13095;13490;4.25;0.26;385.84;19.09;1434;47;4628.00;395
11661;37;23171712;11661;592;13098;13494;4.30;0.26;385.84;19.08;1437;47;4629.00;396
11661;37;23171736;11661;590;13100;13495;4.34;0.27;385.84;19.08;1439;47;4630.00;395
11663;37;23171758;11663;591;13101;13495;4.36;0.27;385.92;19.08;1438;47;4631.00;394
11666;37;23171782;11666;595;13105;13499;4.37;0.27;385.89;19.08;1439;47;4632.00;394
11666;37;23171802;11666;594;13105;13499;4.42;0.27;385.89;19.08;1439;47;4633.00;394
11668;37;23171821;11668;597;13106;13499;4.42;0.27;385.87;19.08;1438;47;4634.00;393
11669;37;23171840;11669;594;13108;13501;4.42;0.27;385.91;19.07;1439;47;4635.00;393
11669;37;23171861;11669;595;13108;13501;4.42;0.27;385.91;19.07;1439;47;4636.00;393
11669;37;23171884;11669;590;13113;13507;4.43;0.27;385.91;19.07;1444;47;4637.00;394
11671;37;23171908;11671;595;13113;13507;4.42;0.27;385.89;19.07;1442;47;4638.00;394
11672;37;23171929;11672;602;13113;13508;4.42;0.27;385.86;19.07;1441;47;4639.00;395
11673;37;23171951;11673;588;13113;13508;4.45;0.27;385.85;19.07;1440;47;4640.00;395
11675;37;23171971;11675;581;13113;13508;4.49;0.27;385.88;19.07;1438;47;4641.00;395
11676;37;23171999;11676;570;13113;13508;4.51;0.27;385.91;19.07;1437;47;4642.00;395
11678;37;23172029;11678;556;13113;13508;4.55;0.28;385.88;19.07;1435;47;4643.00;395
11681;37;23172053;11681;555;13123;13520;4.64;0.28;385.88;19.05;1442;47;4644.00;397
11682;37;23172075;11682;549;13123;13520;4.67;0.28;385.88;19.05;1441;47;4645.00;397
11684;37;23172101;11684;539;13124;13520;4.66;0.28;385.84;19.05;1440;47;4646.00;396
11687;37;23172122;11687;530;13124;13520;4.63;0.28;385.81;19.05;1437;47;4647.00;396
11689;37;23172146;11689;528;13124;13520;4.64;0.28;385.83;19.05;1435;47;4648.00;396
11693;37;23172169;11693;522;13124;13520;4.69;0.28;385.93;19.05;1431;47;4649.00;396
11695;37;23172196;11695;515;13129;13526;4.69;0.28;385.91;19.04;1434;47;4650.00;397
11698;37;23172220;11698;509;13129;13526;4.70;0.28;385.91;19.04;1431;47;4651.00;397
11705;37;23172240;11705;505;13133;13530;4.70;0.28;385.91;19.04;1428;47;4652.00;397
11706;37;23172268;11706;508;13134;13531;4.73;0.29;385.91;19.04;1428;47;4653.00;397
11709;37;23172289;11709;510;13134;13531;4.74;0.29;385.91;19.04;1425;47;4654.00;397
11713;37;23172311;11713;505;13134;13531;4.69;0.28;385.96;19.04;1421;47;4655.00;397
11714;37;23172334;11714;495;13146;13544;4.69;0.28;385.97;19.11;1432;47;4656.00;398
11716;37;23172365;11716;499;13146;13544;4.66;0.28;385.96;19.11;1430;47;4657.00;398
11720;37;23172387;11720;506;13146;13544;4.67;0.28;386.00;19.11;1426;47;4658.00;398
11722;37;23172414;11722;506;13147;13545;4.71;0.29;386.18;19.11;1425;47;4659.00;398
11723;37;23172437;11723;504;13147;13546;4.73;0.29;386.18;19.11;1424;47;4660.00;399
11726;37;23172457;11726;505;13147;13546;4.75;0.29;386.16;19.11;1421;47;4661.00;399
11728;37;23172476;11728;508;13149;13549;4.75;0.29;386.14;19.11;1421;47;4662.00;400
11732;37;23172497;11732;507;13150;13549;4.75;0.29;386.20;19.11;1418;47;4663.00;399
11734;37;23172518;11734;508;13150;13549;4.74;0.29;386.17;19.11;1416;47;4664.00;399
11735;37;23172542;11735;505;13150;13549;4.72;0.29;386.16;19.11;1415;47;4665.00;399
11737;37;23172564;11737;513;13155;13555;4.77;0.29;386.13;19.10;1418;47;4666.00;400
11741;37;23172585;11741;512;13155;13555;4.79;0.29;386.23;19.10;1414;47;4667.00;400
11744;37;23172607;11744;521;13155;13555;4.75;0.29;386.23;19.10;1411;47;4668.00;400
11746;37;23172629;11746;518;13155;13555;4.76;0.29;386.23;19.10;1409;47;4669.00;400
11747;37;23172654;11747;529;13158;13559;4.76;0.29;386.26;19.10;1411;47;4670.00;401
11751;37;23172676;11751;519;13159;13560;4.78;0.29;386.27;19.10;1408;47;4671.00;401
11754;37;23172696;11754;522;13159;13560;4.77;0.29;386.37;19.10;1405;47;4672.00;401
11758;37;23172716;11758;526;13160;13561;4.79;0.29;386.40;19.09;1402;47;4673.00;401
11761;37;23172735;11761;524;13160;13561;4.80;0.29;386.59;19.09;1399;47;4674.00;401
11762;37;23172754;11762;534;13160;13561;4.78;0.29;386.62;19.09;1398;47;4675.00;401
11765;37;23172771;11765;536;13160;13561;4.74;0.29;386.66;19.09;1395;47;4676.00;401
11768;37;23172799;11768;548;13161;13561;4.70;0.29;386.67;19.19;1393;47;4677.00;400
11775;37;23172817;11775;560;13161;13561;4.60;0.28;386.87;19.19;1386;47;4678.00;400
11779;37;23172836;11779;562;13161;13561;4.54;0.28;386.86;19.19;1382;47;4679.00;400
11782;37;23172857;11782;576;13220;13686;4.74;0.29;386.94;19.20;1438;47;4680.00;466
11785;37;23172888;11785;575;13224;13687;4.78;0.29;386.98;19.19;1439;47;4681.00;463
11786;37;23172908;11786;571;13233;13687;4.87;0.30;386.97;19.18;1447;47;4682.00;454
11789;37;23172928;11789;565;13236;13687;4.89;0.30;387.04;19.27;1447;47;4683.00;451
11791;37;23172948;11791;567;13242;13687;4.92;0.30;387.12;19.27;1451;47;4684.00;445
11794;37;23172974;11794;565;13245;13687;4.90;0.30;387.15;19.26;1451;47;4685.00;442
11795;37;23173000;11795;564;13253;13687;4.89;0.30;387.13;19.35;1458;47;4686.00;434
11799;37;23173023;11799;575;13258;13687;4.86;0.30;387.14;19.35;1459;47;4687.00;429
11800;37;23173043;11800;586;13264;13688;4.86;0.30;387.13;19.43;1464;47;4688.00;424
11802;37;23173063;11802;586;13267;13689;4.85;0.30;387.24;19.43;1465;47;4689.00;422
11806;37;23173083;11806;586;13272;13689;4.80;0.29;387.22;19.52;1466;47;4690.00;417
11808;37;23173102;11808;588;13276;13693;4.73;0.29;387.28;19.52;1468;47;4691.00;417
11809;37;23173122;11809;587;13277;13693;4.69;0.29;387.30;19.61;1468;47;4692.00;416
11810;37;23173152;11810;580;13277;13693;4.65;0.28;387.28;19.61;1467;47;4693.00;416
11814;37;23173181;11814;576;13278;13693;4.59;0.28;387.47;19.70;1464;47;4694.00;415
11817;37;23173209;11817;574;13283;13699;4.57;0.28;387.48;19.69;1466;47;4695.00;416
11818;37;23173232;11818;585;13284;13699;4.59;0.28;387.53;19.79;1466;47;4696.00;415
11820;37;23173251;11820;577;13284;13699;4.57;0.28;387.50;19.79;1464;47;4697.00;415
11822;37;23173271;11822;582;13286;13702;4.55;0.28;387.50;19.88;1464;47;4698.00;416
11824;37;23173292;11824;576;13286;13702;4.54;0.28;387.51;19.88;1462;47;4699.00;416
11826;37;23173317;11826;569;13286;13702;4.54;0.28;387.53;19.88;1460;47;4700.00;416
11829;37;23173339;11829;563;13287;13703;4.56;0.28;387.58;19.97;1458;47;4701.00;416
11830;37;23173367;11830;553;13288;13704;4.58;0.28;387.56;19.97;1458;47;4702.00;416
11835;37;23173387;11835;551;13290;13704;4.53;0.28;387.63;20.06;1455;47;4703.00;414
11837;37;23173406;11837;559;13300;13717;4.57;0.28;387.60;20.04;1463;47;4704.00;417
11840;37;23173430;11840;566;13302;13717;4.56;0.28;387.61;20.13;1462;47;4705.00;415
11842;37;23173455;11842;570;13302;13717;4.57;0.28;387.75;20.13;1460;47;4706.00;415
11845;37;23173481;11845;573;13303;13718;4.53;0.28;387.77;20.13;1458;47;4707.00;415
11847;37;23173502;11847;574;13305;13718;4.51;0.27;387.84;20.32;1458;47;4708.00;413
11849;37;23173520;11849;574;13309;13722;4.54;0.28;387.91;20.31;1460;47;4709.00;413
11851;37;23173542;11851;583;13311;13722;4.52;0.28;387.89;20.49;1460;47;4710.00;411
11852;37;23173562;11852;581;13314;13726;4.48;0.27;387.87;20.49;1462;47;4711.00;412
11855;37;23173582;11855;577;13317;13726;4.45;0.27;387.90;20.67;1462;47;4712.00;409
11856;37;23173600;11856;578;13317;13726;4.45;0.27;387.99;20.67;1461;47;4713.00;409
11859;37;23173618;11859;583;13317;13726;4.38;0.27;388.05;20.67;1458;47;4714.00;409
11860;37;23173636;11860;584;13319;13726;4.34;0.27;388.03;20.84;1459;47;4715.00;407
11862;37;23173655;11862;581;13331;13738;4.31;0.26;388.13;20.91;1469;47;4716.00;407
11865;37;23173679;11865;581;13331;13738;4.23;0.26;388.12;20.91;1466;47;4717.00;407
11867;37;23173698;11867;586;13333;13738;4.15;0.25;388.23;21.08;1466;47;4718.00;405
11871;37;23173716;11871;585;13333;13738;4.10;0.25;388.20;21.08;1462;47;4719.00;405
11877;37;23173735;11877;594;13333;13738;4.04;0.25;388.34;21.08;1456;47;4720.00;405
11879;37;23173754;11879;596;13335;13738;4.01;0.25;388.35;21.25;1456;47;4721.00;403
11881;37;23173780;11881;590;13335;13739;3.93;0.24;388.39;21.25;1454;47;4722.00;404
11883;37;23173798;11883;594;13335;13739;3.87;0.24;388.46;21.25;1452;47;4723.00;404
11887;37;23173815;11887;597;13341;13745;3.82;0.24;388.54;21.33;1454;47;4724.00;404
11891;37;23173833;11891;595;13343;13747;3.78;0.23;388.52;21.33;1452;47;4725.00;404
11894;37;23173851;11894;595;13343;13747;3.70;0.23;388.46;21.33;1449;47;4726.00;404
11900;37;23173869;11900;593;13343;13747;3.62;0.22;388.49;21.33;1443;47;4727.00;404
11903;37;23173886;11903;607;13346;13751;3.62;0.22;388.46;21.32;1443;47;4728.00;405
11907;37;23173903;11907;610;13346;13751;3.59;0.22;388.59;21.32;1439;47;4729.00;405
11913;37;23173921;11913;616;13346;13751;3.52;0.22;388.64;21.32;1433;47;4730.00;405
11914;37;23173943;11914;620;13347;13752;3.55;0.22;388.64;21.32;1433;47;4731.00;405
11917;37;23173964;11917;620;13350;13756;3.53;0.22;388.59;21.32;1433;47;4732.00;406
11923;37;23173987;11923;620;13350;13756;3.50;0.21;388.84;21.32;1427;47;4733.00;406
11927;37;23174009;11927;622;13352;13759;3.51;0.22;388.89;21.32;1425;47;4734.00;407
11928;37;23174031;11928;616;13352;13759;3.53;0.22;388.86;21.32;1424;47;4735.00;407
11933;37;23174048;11933;616;13353;13759;3.47;0.21;388.82;21.31;1420;47;4736.00;406
11935;37;23174064;11935;612;13353;13759;3.49;0.21;388.78;21.31;1418;47;4737.00;406
11937;37;23174082;11937;613;13357;13763;3.56;0.22;388.86;21.31;1420;47;4738.00;406
11942;37;23174101;11942;616;13357;13763;3.55;0.22;388.97;21.31;1415;47;4739.00;406
11947;37;23174122;11947;610;13357;13763;3.57;0.22;389.03;21.31;1410;47;4740.00;406
11952;37;23174141;11952;617;13357;13763;3.57;0.22;389.10;21.31;1405;47;4741.00;406
11956;37;23174159;11956;626;13357;13764;3.54;0.22;389.08;21.31;1401;47;4742.00;407
11960;37;23174180;11960;630;13358;13765;3.57;0.22;389.08;21.31;1398;47;4743.00;407
11962;37;23174203;11962;628;13358;13765;3.57;0.22;389.10;21.31;1396;47;4744.00;407
11965;37;23174222;11965;638;13359;13766;3.59;0.22;389.06;21.30;1394;47;4745.00;407
11970;37;23174240;11970;641;13359;13766;3.55;0.22;389.38;21.30;1389;47;4746.00;407
11975;37;23174257;11975;645;13359;13766;3.48;0.21;389.42;21.30;1384;47;4747.00;407
11978;37;23174275;11978;644;13359;13766;3.41;0.21;389.51;21.30;1381;47;4748.00;407
11982;37;23174292;11982;648;13359;13766;3.37;0.21;389.44;21.30;1377;47;4749.00;407
11986;37;23174309;11986;652;13359;13766;3.34;0.20;389.55;21.30;1373;47;4750.00;407
11992;37;23174329;11992;657;13359;13766;3.27;0.20;389.56;21.30;1367;47;4751.00;407
11994;37;23174349;11994;676;13430;13893;3.59;0.22;389.54;21.19;1436;47;4752.00;463
11998;37;23174379;11998;664;13431;13894;3.56;0.22;389.51;21.19;1433;47;4753.00;463
11999;37;23174398;11999;662;13437;13894;3.62;0.23;389.51;21.18;1438;47;4754.00;457
12004;37;23174416;12004;661;13437;13894;3.58;0.22;389.45;21.18;1433;47;4755.00;457
12009;37;23174433;12009;660;13443;13894;3.61;0.23;389.37;21.17;1434;47;4756.00;451
12010;37;23174451;12010;652;13444;13894;3.66;0.23;389.36;21.17;1434;47;4757.00;450
12016;37;23174468;12016;668;13447;13894;3.63;0.23;389.41;21.17;1431;47;4758.00;447
12019;37;23174485;12019;669;13450;13894;3.61;0.22;389.36;21.17;1431;47;4759.00;444
12022;37;23174502;12022;672;13452;13895;3.59;0.22;389.38;21.17;1430;47;4760.00;443
12027;37;23174520;12027;677;13454;13896;3.56;0.22;389.31;21.16;1427;47;4761.00;442
12030;37;23174537;12030;677;13455;13896;3.54;0.22;389.31;21.16;1425;47;4762.00;441
12032;37;23174555;12032;689;13458;13897;3.51;0.22;389.28;21.16;1426;47;4763.00;439
12034;37;23174574;12034;691;13463;13897;3.52;0.22;389.26;21.16;1429;47;4764.00;434
12036;37;23174592;12036;697;13465;13897;3.51;0.22;389.25;21.16;1429;47;4765.00;432
12040;37;23174609;12040;693;13467;13897;3.48;0.22;389.26;21.15;1427;47;4766.00;430
12041;37;23174626;12041;695;13472;13901;3.53;0.22;389.24;21.15;1431;47;4767.00;429
12044;37;23174645;12044;694;13473;13901;3.53;0.22;389.23;21.15;1429;47;4768.00;428
12047;37;23174663;12047;696;13477;13901;3.52;0.22;389.32;21.23;1430;47;4769.00;424
12048;37;23174684;12048;698;13480;13907;3.52;0.22;389.34;21.23;1432;47;4770.00;427
12052;37;23174701;12052;708;13483;13907;3.47;0.21;389.36;21.23;1431;47;4771.00;424
12054;37;23174719;12054;697;13484;13907;3.46;0.21;389.37;21.22;1430;47;4772.00;423
12054;37;23174741;12054;691;13488;13911;3.48;0.22;389.37;21.22;1434;47;4773.00;423
12056;37;23174758;12056;694;13489;13912;3.52;0.22;389.32;21.22;1433;47;4774.00;423
12058;37;23174776;12058;696;13490;13912;3.53;0.22;389.37;21.22;1432;47;4775.00;422
12062;37;23174797;12062;699;13493;13916;3.53;0.22;389.32;21.21;1431;47;4776.00;423
12067;37;23174818;12067;687;13494;13916;3.53;0.22;389.32;21.21;1427;47;4777.00;422
12072;37;23174837;12072;675;13496;13916;3.51;0.22;389.25;21.21;1424;47;4778.00;420
12074;37;23174856;12074;666;13496;13917;3.51;0.22;389.26;21.21;1422;47;4779.00;421
12075;37;23174882;12075;662;13498;13917;3.56;0.22;389.32;21.21;1423;48;4780.00;419
12077;37;23174910;12077;634;13502;13923;3.62;0.22;389.33;21.20;1425;48;4781.00;421
12077;37;23174930;12077;614;13502;13923;3.70;0.23;389.33;21.20;1425;48;4782.00;421
12081;37;23174948;12081;599;13503;13924;3.75;0.23;389.34;21.20;1422;48;4783.00;421
12084;37;23174973;12084;586;13503;13924;3.79;0.23;389.29;21.20;1419;48;4784.00;421
12087;37;23174992;12087;577;13503;13924;3.85;0.24;389.30;21.20;1416;48;4785.00;421
12090;37;23175015;12090;565;13503;13924;3.91;0.24;389.32;21.20;1413;48;4786.00;421
12091;37;23175037;12091;564;13504;13924;3.98;0.24;389.31;21.29;1413;48;4787.00;420
12092;37;23175055;12092;562;13514;13936;4.12;0.25;389.31;21.27;1422;48;4788.00;422
12094;37;23175075;12094;561;13515;13936;4.20;0.26;389.32;21.27;1421;48;4789.00;421
12098;37;23175096;12098;565;13515;13936;4.21;0.26;389.29;21.27;1417;48;4790.00;421
12099;37;23175114;12099;560;13515;13936;4.22;0.26;389.33;21.27;1416;48;4791.00;421
12100;37;23175144;12100;553;13515;13936;4.28;0.26;389.35;21.27;1415;48;4792.00;421
12101;37;23175167;12101;554;13515;13936;4.33;0.26;389.33;21.27;1414;48;4793.00;421
12103;37;23175188;12103;553;13518;13940;4.38;0.27;389.33;21.27;1415;48;4794.00;422
12105;37;23175212;12105;555;13519;13940;4.43;0.27;389.44;21.35;1414;48;4795.00;421
12105;37;23175234;12105;546;13523;13944;4.47;0.27;389.44;21.35;1418;48;4796.00;421
12105;37;23175258;12105;546;13524;13945;4.50;0.27;389.44;21.44;1419;48;4797.00;421
12107;37;23175279;12107;536;13525;13945;4.51;0.27;389.54;21.43;1418;48;4798.00;420
12111;37;23175299;12111;533;13525;13945;4.53;0.28;389.63;21.43;1414;48;4799.00;420
12112;37;23175322;12112;541;13548;13986;4.63;0.28;389.61;21.40;1436;48;4800.00;438
12115;37;23175349;12115;537;13548;13986;4.66;0.28;389.65;21.40;1433;48;4801.00;438
12116;37;23175371;12116;532;13550;13986;4.70;0.29;389.73;21.48;1434;48;4802.00;436
12121;37;23175393;12121;536;13551;13987;4.68;0.28;389.89;21.48;1430;48;4803.00;436
12122;37;23175414;12122;538;13552;13988;4.71;0.29;389.87;21.48;1430;48;4804.00;436
12126;37;23175434;12126;536;13552;13988;4.71;0.29;390.02;21.48;1426;48;4805.00;436
12128;37;23175457;12128;542;13556;13991;4.74;0.29;390.05;21.47;1428;48;4806.00;435
12131;37;23175481;12131;535;13556;13991;4.77;0.29;390.12;21.47;1425;48;4807.00;435
12132;37;23175501;12132;539;13556;13991;4.83;0.29;390.10;21.47;1424;48;4808.00;435
12133;37;23175523;12133;544;13557;13991;4.87;0.30;390.13;21.47;1424;48;4809.00;434
12135;37;23175544;12135;547;13562;13997;4.91;0.30;390.15;21.47;1427;48;4810.00;435
12137;37;23175566;12137;548;13562;13997;4.90;0.30;390.17;21.47;1425;48;4811.00;435
12140;37;23175586;12140;539;13562;13997;4.87;0.30;390.22;21.47;1422;48;4812.00;435
12143;37;23175613;12143;548;13562;13997;4.83;0.29;390.31;21.47;1419;48;4813.00;435
12143;37;23175632;12143;559;13565;14001;4.83;0.29;390.31;21.46;1422;48;4814.00;436
12144;37;23175657;12144;555;13567;14003;4.85;0.29;390.36;21.46;1423;48;4815.00;436
12148;37;23175681;12148;556;13567;14003;4.83;0.29;390.49;21.46;1419;48;4816.00;436
12149;37;23175704;12149;551;13568;14004;4.89;0.30;390.53;21.46;1419;48;4817.00;436
12150;37;23175725;12150;549;13568;14004;4.94;0.30;390.54;21.46;1418;48;4818.00;436
12151;37;23175754;12151;548;13568;14004;4.97;0.30;390.54;21.46;1417;48;4819.00;436
12152;37;23175776;12152;543;13569;14004;5.00;0.30;390.55;21.46;1417;48;4820.00;435
12154;37;23175800;12154;538;13569;14004;5.03;0.31;390.55;21.46;1415;48;4821.00;435
12156;37;23175820;12156;536;13570;14004;5.08;0.31;390.64;21.55;1414;48;4822.00;434
12160;37;23175840;12160;534;13570;14004;5.07;0.31;390.59;21.55;1410;48;4823.00;434
12161;37;23175860;12161;551;13604;14074;5.07;0.31;390.61;21.49;1443;48;4824.00;470
12164;37;23175888;12164;542;13606;14075;5.08;0.31;390.66;21.49;1442;48;4825.00;469
12168;37;23175907;12168;530;13611;14075;5.11;0.31;390.72;21.48;1443;48;4826.00;464
12171;37;23175928;12171;521;13614;14075;5.17;0.32;390.74;21.48;1443;48;4827.00;461
12173;37;23175949;12173;512;13619;14077;5.18;0.32;390.77;21.47;1446;48;4828.00;458
12179;37;23175969;12179;508;13619;14077;5.15;0.31;390.88;21.47;1440;48;4829.00;458
12183;37;23175992;12183;516;13622;14077;5.18;0.32;390.99;21.47;1439;48;4830.00;455
12186;38;23176015;12186;506;13624;14077;5.16;0.31;391.00;21.47;1438;49;4831.00;453
12191;38;23176042;12191;510;13628;14078;5.14;0.31;391.18;21.47;1437;49;4832.00;450
12195;38;23176063;12195;505;13633;14079;5.10;0.31;391.29;21.46;1438;49;4833.00;446
12199;38;23176105;12199;509;13635;14079;5.04;0.31;391.38;21.46;1436;49;4834.00;444
12201;38;23176139;12201;512;13637;14083;5.08;0.31;391.43;21.46;1436;49;4835.00;446
12201;38;23176175;12201;513;13637;14083;5.10;0.31;391.43;21.46;1436;49;4836.00;446
12204;38;23176200;12204;514;13638;14083;5.07;0.31;391.53;21.55;1434;49;4837.00;445
12208;38;23176221;12208;521;13639;14083;5.03;0.31;391.58;21.55;1431;49;4838.00;444
12211;38;23176242;12211;525;13642;14089;5.06;0.31;391.58;21.54;1431;49;4839.00;447
12216;38;23176266;12216;530;13642;14089;5.04;0.31;391.61;21.54;1426;49;4840.00;447
12218;38;23176286;12218;538;13642;14089;5.03;0.31;391.58;21.54;1424;49;4841.00;447
12222;38;23176305;12222;537;13643;14092;5.01;0.30;391.60;21.54;1421;49;4842.00;449
12225;38;23176325;12225;539;13643;14092;5.03;0.31;391.63;21.54;1418;49;4843.00;449
12228;38;23176344;12228;542;13643;14092;5.05;0.31;391.59;21.54;1415;49;4844.00;449
12231;38;23176364;12231;543;13643;14093;5.06;0.31;391.80;21.54;1412;49;4845.00;450
12235;38;23176387;12235;550;13644;14094;5.07;0.31;391.93;21.54;1409;49;4846.00;450
12238;38;23176415;12238;553;13645;14094;5.07;0.31;391.87;21.54;1407;49;4847.00;449
12241;38;23176438;12241;554;13655;14107;5.05;0.31;391.84;21.70;1414;49;4848.00;452
12244;38;23176464;12244;557;13655;14107;5.06;0.31;391.82;21.70;1411;49;4849.00;452
12246;38;23176483;12246;553;13655;14107;5.07;0.31;391.83;21.70;1409;49;4850.00;452
12251;38;23176501;12251;556;13656;14108;5.06;0.31;391.93;21.70;1405;49;4851.00;452
12252;38;23176521;12252;551;13656;14108;5.09;0.31;392.04;21.70;1404;49;4852.00;452
12254;38;23176541;12254;554;13661;14112;5.14;0.31;392.10;21.70;1407;49;4853.00;451
12255;38;23176561;12255;555;13662;14112;5.15;0.31;392.10;21.70;1407;49;4854.00;450
12260;38;23176581;12260;552;13663;14116;5.14;0.31;392.31;21.69;1403;49;4855.00;453
12262;38;23176602;12262;550;13663;14116;5.16;0.31;392.31;21.69;1401;49;4856.00;453
12264;38;23176621;12264;545;13663;14116;5.15;0.31;392.41;21.69;1399;49;4857.00;453
12268;38;23176642;12268;540;13663;14116;5.13;0.31;392.51;21.69;1395;49;4858.00;453
12269;38;23176661;12269;538;13663;14116;5.12;0.31;392.51;21.69;1394;49;4859.00;453
12271;38;23176684;12271;539;13682;14150;5.23;0.32;392.59;21.66;1411;49;4860.00;468
12273;38;23176705;12273;536;13683;14150;5.23;0.32;392.60;21.66;1410;49;4861.00;467
12275;38;23176723;12275;539;13684;14150;5.20;0.32;392.78;21.66;1409;49;4862.00;466
12277;38;23176742;12277;542;13684;14150;5.19;0.32;392.79;21.66;1407;49;4863.00;466
12282;38;23176762;12282;541;13685;14150;5.13;0.31;392.96;21.66;1403;49;4864.00;465
12284;38;23176784;12284;546;13685;14150;5.11;0.31;393.02;21.66;1401;49;4865.00;465
12288;38;23176805;12288;551;13685;14151;5.08;0.31;393.04;21.66;1397;49;4866.00;466
12291;38;23176824;12291;546;13685;14151;5.05;0.31;393.10;21.66;1394;49;4867.00;466
12291;38;23176846;12291;544;13689;14157;5.05;0.31;393.10;21.65;1398;49;4868.00;468
12293;38;23176878;12293;547;13689;14158;5.03;0.31;393.14;21.65;1396;49;4869.00;469
12297;38;23176900;12297;547;13689;14158;4.99;0.30;393.41;21.65;1392;49;4870.00;469
12299;38;23176919;12299;550;13689;14158;4.91;0.30;393.44;21.65;1390;49;4871.00;469
12303;38;23176941;12303;554;13692;14162;4.84;0.29;393.52;21.65;1389;49;4872.00;470
12305;38;23176963;12305;550;13692;14162;4.77;0.29;393.47;21.65;1387;49;4873.00;470
12308;38;23176984;12308;549;13692;14162;4.70;0.29;393.69;21.65;1384;49;4874.00;470
12309;38;23177005;12309;551;13693;14163;4.66;0.28;393.79;21.65;1384;49;4875.00;470
12311;38;23177027;12311;551;13694;14167;4.64;0.28;393.87;21.65;1383;49;4876.00;473
12313;38;23177047;12313;550;13694;14167;4.64;0.28;393.96;21.65;1381;49;4877.00;473
12317;38;23177064;12317;547;13695;14170;4.59;0.28;394.02;21.64;1378;49;4878.00;475
12320;38;23177088;12320;548;13695;14170;4.57;0.28;394.03;21.64;1375;49;4879.00;475
12322;38;23177109;12322;546;13695;14170;4.54;0.28;394.07;21.64;1373;49;4880.00;475
12325;38;23177129;12325;543;13695;14170;4.56;0.28;394.05;21.64;1370;49;4881.00;475
12328;38;23177153;12328;540;13698;14174;4.57;0.28;394.13;21.64;1370;49;4882.00;476
12329;38;23177172;12329;541;13698;14174;4.59;0.28;394.21;21.64;1369;49;4883.00;476
12333;38;23177193;12333;539;13698;14174;4.61;0.28;394.25;21.64;1365;49;4884.00;476
12334;38;23177212;12334;539;13698;14174;4.66;0.28;394.29;21.64;1364;49;4885.00;476
12336;38;23177231;12336;539;13698;14175;4.64;0.28;394.36;21.64;1362;49;4886.00;477
12340;38;23177251;12340;544;13698;14176;4.60;0.28;394.39;21.64;1358;49;4887.00;478
12342;38;23177269;12342;543;13698;14176;4.60;0.28;394.40;21.64;1356;49;4888.00;478
12350;38;23177289;12350;547;13699;14177;4.50;0.28;394.40;21.64;1349;49;4889.00;478
12352;38;23177321;12352;563;13699;14177;4.44;0.27;394.46;21.64;1347;49;4890.00;478
12354;38;23177338;12354;564;13699;14177;4.40;0.27;394.52;21.64;1345;49;4891.00;478
12360;38;23177357;12360;565;13699;14177;4.31;0.26;394.56;21.64;1339;49;4892.00;478
12364;38;23177374;12364;576;13699;14177;4.22;0.26;394.47;21.64;1335;49;4893.00;478
12368;38;23177393;12368;574;13699;14177;4.19;0.26;394.61;21.64;1331;49;4894.00;478
12371;38;23177412;12371;579;13700;14177;4.13;0.25;394.67;21.64;1329;49;4895.00;477
12375;38;23177431;12375;596;13755;14304;4.38;0.27;394.67;21.56;1380;49;4896.00;549
12379;38;23177463;12379;595;13757;14305;4.30;0.27;394.59;21.55;1378;49;4897.00;548
12383;38;23177481;12383;605;13763;14305;4.26;0.26;394.53;21.55;1380;49;4898.00;542
12385;38;23177503;12385;603;13766;14305;4.15;0.26;394.55;21.54;1381;49;4899.00;539
12387;38;23177521;12387;593;13770;14305;4.12;0.25;394.56;21.54;1383;49;4900.00;535
12391;38;23177543;12391;586;13772;14305;4.01;0.25;394.69;21.53;1381;49;4901.00;533
12396;38;23177559;12396;582;13773;14305;3.93;0.24;394.87;21.53;1377;49;4902.00;532
12398;38;23177576;12398;583;13775;14305;3.90;0.24;394.86;21.53;1377;49;4903.00;530
12403;38;23177595;12403;594;13775;14306;3.84;0.24;394.81;21.53;1372;49;4904.00;531
12404;38;23177612;12404;594;13777;14308;3.86;0.24;394.79;21.53;1373;49;4905.00;531
12407;38;23177630;12407;602;13780;14308;3.87;0.24;394.81;21.53;1373;49;4906.00;528
12411;38;23177647;12411;601;13782;14309;3.85;0.24;394.91;21.52;1371;49;4907.00;527
12412;38;23177663;12412;600;13783;14309;3.85;0.24;394.88;21.52;1371;49;4908.00;526
12416;38;23177681;12416;593;13784;14309;3.83;0.24;394.93;21.52;1368;49;4909.00;525
12419;38;23177698;12419;592;13785;14309;3.84;0.24;394.89;21.52;1366;49;4910.00;524
12420;38;23177714;12420;589;13788;14313;3.83;0.24;394.89;21.52;1368;49;4911.00;525
12423;38;23177730;12423;587;13789;14313;3.82;0.24;394.89;21.52;1366;49;4912.00;524
12428;38;23177750;12428;594;13791;14313;3.84;0.24;394.88;21.52;1363;49;4913.00;522
12431;38;23177767;12431;594;13792;14316;3.82;0.24;394.89;21.52;1361;49;4914.00;524
12436;38;23177783;12436;610;13793;14316;3.81;0.24;394.84;21.52;1357;49;4915.00;523
12441;38;23177800;12441;613;13794;14316;3.76;0.23;394.87;21.52;1353;49;4916.00;522
12446;38;23177817;12446;621;13797;14320;3.69;0.23;394.85;21.52;1351;49;4917.00;523
12447;38;23177833;12447;628;13798;14321;3.64;0.22;394.82;21.52;1351;49;4918.00;523
12452;38;23177849;12452;631;13798;14321;3.58;0.22;394.77;21.52;1346;49;4919.00;523
12458;38;23177868;12458;637;13801;14326;3.52;0.22;394.74;21.51;1343;49;4920.00;525
12461;38;23177885;12461;643;13802;14326;3.49;0.22;394.66;21.51;1341;49;4921.00;524
12466;38;23177901;12466;641;13802;14326;3.45;0.21;394.75;21.51;1336;49;4922.00;524
12468;38;23177918;12468;640;13803;14327;3.41;0.21;394.80;21.52;1335;49;4923.00;524
12472;38;23177937;12472;638;13803;14327;3.40;0.21;394.77;21.52;1331;49;4924.00;524
12474;38;23177955;12474;646;13807;14333;3.39;0.21;394.75;21.51;1333;49;4925.00;526
12475;38;23177974;12475;658;13807;14333;3.38;0.21;394.75;21.51;1332;49;4926.00;526
12480;38;23177993;12480;655;13807;14334;3.34;0.20;394.68;21.51;1327;49;4927.00;527
12484;38;23178014;12484;660;13810;14334;3.32;0.20;394.62;21.53;1326;49;4928.00;524
12486;38;23178032;12486;663;13810;14334;3.30;0.20;394.58;21.53;1324;49;4929.00;524
12488;38;23178050;12488;668;13813;14334;3.29;0.20;394.61;21.54;1325;49;4930.00;521
12489;38;23178068;12489;667;13815;14334;3.26;0.20;394.59;21.64;1326;49;4931.00;519
12491;38;23178088;12491;669;13824;14346;3.33;0.20;394.56;21.63;1333;49;4932.00;522
12495;38;23178108;12495;671;13825;14346;3.31;0.20;394.58;21.64;1330;49;4933.00;521
12496;38;23178126;12496;662;13826;14346;3.31;0.20;394.57;21.64;1330;49;4934.00;520
12498;38;23178143;12498;650;13827;14346;3.35;0.21;394.55;21.65;1329;49;4935.00;519
12502;38;23178162;12502;652;13830;14346;3.34;0.21;394.48;21.67;1328;49;4936.00;516
12503;38;23178181;12503;650;13830;14346;3.38;0.21;394.48;21.67;1327;49;4937.00;516
12506;38;23178201;12506;641;13833;14350;3.43;0.21;394.51;21.67;1327;49;4938.00;517
12509;38;23178220;12509;646;13835;14350;3.45;0.21;394.49;21.68;1326;49;4939.00;515
12512;38;23178239;12512;640;13839;14354;3.46;0.21;394.59;21.68;1327;49;4940.00;515
12515;38;23178272;12515;634;13840;14355;3.48;0.21;394.59;21.68;1325;49;4941.00;515
12516;38;23178291;12516;630;13841;14355;3.53;0.21;394.61;21.69;1325;49;4942.00;514
12517;38;23178313;12517;625;13841;14355;3.59;0.22;394.61;21.69;1324;49;4943.00;514
12520;38;23178330;12520;621;13852;14368;3.70;0.23;394.59;21.68;1332;49;4944.00;516
12522;38;23178351;12522;620;13852;14368;3.74;0.23;394.58;21.68;1330;49;4945.00;516
12524;38;23178370;12524;626;13854;14368;3.74;0.23;394.61;21.68;1330;49;4946.00;514
12524;38;23178390;12524;609;13856;14369;3.81;0.23;394.61;21.78;1332;49;4947.00;513
12525;38;23178409;12525;598;13856;14370;3.84;0.23;394.61;21.78;1331;49;4948.00;514
12525;39;23178429;12525;597;13856;14370;3.93;0.24;394.61;21.78;1331;50;4949.00;514
12525;39;23178468;12525;600;13861;14379;4.00;0.24;394.61;21.77;1336;50;4950.00;518
12525;39;23178486;12525;596;13861;14379;4.05;0.25;394.61;21.77;1336;50;4951.00;518
12526;39;23178509;12526;600;13862;14379;4.10;0.25;394.58;21.77;1336;50;4952.00;517
12529;39;23178528;12529;595;13862;14379;4.10;0.25;394.54;21.77;1333;50;4953.00;517
12530;39;23178548;12530;600;13866;14385;4.16;0.25;394.57;21.76;1336;50;4954.00;519
12531;39;23178567;12531;597;13867;14385;4.20;0.26;394.61;21.76;1336;50;4955.00;518
12533;39;23178586;12533;584;13868;14385;4.26;0.26;394.62;21.77;1335;50;4956.00;517
12533;39;23178608;12533;575;13868;14385;4.34;0.26;394.62;21.77;1335;50;4957.00;517
12535;39;23178632;12535;566;13869;14389;4.40;0.27;394.71;21.76;1334;50;4958.00;520
12539;39;23178651;12539;562;13869;14390;4.44;0.27;394.80;21.76;1330;50;4959.00;521
12542;39;23178671;12542;562;13869;14390;4.49;0.27;394.88;21.76;1327;50;4960.00;521
12545;39;23178691;12545;553;13871;14391;4.54;0.28;394.83;21.77;1326;50;4961.00;520
12545;39;23178711;12545;550;13872;14391;4.60;0.28;394.83;21.86;1327;50;4962.00;519
12551;39;23178733;12551;547;13873;14391;4.59;0.28;394.98;21.87;1322;50;4963.00;518
12553;39;23178754;12553;548;13873;14391;4.64;0.28;395.12;21.87;1320;50;4964.00;518
12555;39;23178774;12555;547;13873;14391;4.66;0.28;395.13;21.87;1318;50;4965.00;518
12558;39;23178795;12558;548;13874;14391;4.70;0.28;395.22;21.87;1316;50;4966.00;517
12560;39;23178818;12560;539;13874;14391;4.74;0.29;395.21;21.87;1314;50;4967.00;517
12562;39;23178838;12562;561;13915;14461;4.82;0.29;395.26;21.81;1353;50;4968.00;546
12564;39;23178867;12564;546;13915;14462;4.86;0.30;395.34;21.81;1351;50;4969.00;547
12565;39;23178888;12565;541;13918;14462;4.98;0.30;395.33;21.81;1353;50;4970.00;544
12566;39;23178911;12566;530;13921;14462;5.07;0.31;395.36;21.81;1355;50;4971.00;541
12569;39;23178932;12569;523;13922;14462;5.15;0.31;395.35;21.81;1353;50;4972.00;540
12571;39;23178952;12571;529;13924;14462;5.20;0.32;395.45;21.81;1353;50;4973.00;538
12574;39;23178972;12574;524;13927;14462;5.25;0.32;395.57;21.90;1353;50;4974.00;535
12578;39;23178992;12578;526;13929;14462;5.26;0.32;395.73;21.91;1351;50;4975.00;533
12579;39;23179013;12579;528;13930;14463;5.24;0.32;395.81;21.91;1351;50;4976.00;533
12581;39;23179032;12581;527;13931;14464;5.25;0.32;395.88;21.90;1350;50;4977.00;533
12583;39;23179050;12583;543;13934;14464;5.27;0.32;395.87;21.91;1351;50;4978.00;530
12585;39;23179067;12585;536;13935;14468;5.27;0.32;395.94;21.91;1350;50;4979.00;533
12587;39;23179087;12587;541;13935;14468;5.30;0.32;395.97;21.91;1348;50;4980.00;533
12588;39;23179107;12588;541;13936;14468;5.32;0.32;396.05;21.91;1348;50;4981.00;532
12591;39;23179126;12591;547;13936;14468;5.30;0.32;396.10;21.91;1345;50;4982.00;532
12594;39;23179147;12594;546;13940;14474;5.26;0.32;396.14;21.90;1346;50;4983.00;534
12597;39;23179167;12597;554;13940;14474;5.23;0.32;396.23;21.90;1343;50;4984.00;534
12599;39;23179189;12599;556;13941;14474;5.21;0.32;396.20;21.91;1342;50;4985.00;533
12600;39;23179212;12600;559;13944;14477;5.19;0.32;396.31;21.92;1344;50;4986.00;533
12603;39;23179235;12603;566;13946;14477;5.18;0.32;396.35;22.02;1343;50;4987.00;531
12604;39;23179255;12604;566;13946;14477;5.20;0.32;396.37;22.02;1342;50;4988.00;531
12606;39;23179274;12606;569;13946;14478;5.16;0.31;396.42;22.02;1340;50;4989.00;532
12607;39;23179297;12607;568;13947;14479;5.16;0.31;396.50;22.02;1340;50;4990.00;532
12610;39;23179319;12610;559;13947;14479;5.16;0.31;396.60;22.02;1337;50;4991.00;532
12615;39;23179340;12615;561;13958;14492;5.13;0.31;396.66;22.01;1343;50;4992.00;534
12618;39;23179364;12618;553;13958;14492;5.16;0.31;396.72;22.01;1340;50;4993.00;534
12621;39;23179384;12621;542;13958;14492;5.20;0.32;396.73;22.01;1337;50;4994.00;534
12627;39;23179406;12627;534;13958;14494;5.21;0.32;396.88;22.01;1331;50;4995.00;536
12630;39;23179430;12630;525;13959;14494;5.26;0.32;396.82;22.01;1329;50;4996.00;535
12636;39;23179451;12636;522;13962;14498;5.31;0.32;396.99;22.01;1326;50;4997.00;536
12637;39;23179472;12637;520;13962;14498;5.39;0.33;397.01;22.01;1325;51;4998.00;536
12640;39;23179501;12640;516;13963;14502;5.42;0.33;397.08;22.01;1323;51;4999.00;539
12641;39;23179530;12641;508;13964;14502;5.47;0.33;397.11;22.11;1323;51;5000.00;538
12643;39;23179559;12643;506;13964;14502;5.48;0.33;397.16;22.11;1321;51;5001.00;538
12646;39;23179581;12646;505;13964;14502;5.45;0.33;397.14;22.11;1318;51;5002.00;538
12646;39;23179600;12646;495;13964;14502;5.43;0.33;397.14;22.11;1318;51;5003.00;538
12650;39;23179621;12650;487;13972;14514;5.38;0.33;397.34;22.09;1322;51;5004.00;542
12653;39;23179643;12653;480;13973;14514;5.29;0.32;397.46;22.19;1320;51;5005.00;541
12657;39;23179664;12657;474;13973;14514;5.24;0.32;397.49;22.19;1316;51;5006.00;541
12658;39;23179693;12658;467;13974;14514;5.23;0.32;397.53;22.20;1316;51;5007.00;540
12663;39;23179715;12663;464;13975;14514;5.20;0.32;397.66;22.29;1312;51;5008.00;539
12670;39;23179746;12670;468;13975;14514;5.12;0.31;397.78;22.29;1305;51;5009.00;539
12672;39;23179768;12672;467;13975;14515;5.15;0.31;397.85;22.29;1303;51;5010.00;540
12676;40;23179787;12676;468;13975;14515;5.15;0.31;397.89;22.29;1299;52;5011.00;540
12678;40;23179819;12678;470;13980;14521;5.15;0.31;397.92;22.38;1302;52;5012.00;541
12679;40;23179840;12679;464;13980;14522;5.21;0.32;397.94;22.38;1301;52;5013.00;542
12681;40;23179864;12681;472;13981;14522;5.23;0.32;397.93;22.46;1300;52;5014.00;541
12684;40;23179884;12684;461;13981;14522;5.23;0.32;397.95;22.46;1297;52;5015.00;541
12687;40;23179904;12687;454;13985;14526;5.31;0.32;398.00;22.55;1298;52;5016.00;541
12691;40;23179926;12691;457;13985;14526;5.36;0.33;398.01;22.55;1294;52;5017.00;541
12694;40;23179947;12694;460;13985;14526;5.32;0.32;398.08;22.55;1291;52;5018.00;541
12696;40;23179964;12696;461;13987;14527;5.34;0.32;398.08;22.63;1291;52;5019.00;540
12697;40;23179983;12697;463;13988;14531;5.27;0.32;398.05;22.63;1291;52;5020.00;543
12699;40;23180003;12699;465;13989;14531;5.28;0.32;398.08;22.72;1290;52;5021.00;542
12702;40;23180027;12702;470;13990;14534;5.29;0.32;398.11;22.71;1288;52;5022.00;544
12705;40;23180049;12705;470;13990;14534;5.24;0.32;398.11;22.71;1285;52;5023.00;544
12705;40;23180068;12705;470;13990;14534;5.23;0.32;398.11;22.71;1285;52;5024.00;544
12707;40;23180086;12707;476;13990;14534;5.24;0.32;398.16;22.71;1283;52;5025.00;544
12708;40;23180104;12708;471;13993;14538;5.27;0.32;398.16;22.71;1285;52;5026.00;545
12711;40;23180122;12711;474;13993;14538;5.24;0.32;398.15;22.71;1282;52;5027.00;545
12713;40;23180140;12713;472;13993;14538;5.25;0.32;398.18;22.71;1280;52;5028.00;545
12714;40;23180165;12714;476;13993;14538;5.21;0.32;398.18;22.71;1279;52;5029.00;545
12715;40;23180183;12715;480;13995;14539;5.18;0.32;398.18;22.92;1280;52;5030.00;544
12718;40;23180202;12718;479;13995;14540;5.13;0.31;398.23;22.92;1277;52;5031.00;545
12722;40;23180221;12722;476;13995;14540;5.04;0.31;398.27;22.92;1273;52;5032.00;545
12725;40;23180239;12725;482;13996;14541;5.09;0.31;398.35;22.92;1271;52;5033.00;545
12726;40;23180255;12726;491;13996;14541;5.08;0.31;398.35;22.92;1270;52;5034.00;545
12730;40;23180272;12730;491;13996;14541;5.04;0.31;398.38;22.92;1266;52;5035.00;545
12731;40;23180289;12731;499;13996;14541;5.01;0.31;398.41;22.92;1265;52;5036.00;545
12734;40;23180314;12734;500;13996;14541;5.00;0.30;398.42;22.92;1262;52;5037.00;545
12736;40;23180356;12736;506;13996;14541;5.03;0.31;398.54;22.92;1260;52;5038.00;545
12736;40;23180385;12736;507;13996;14541;5.08;0.31;398.54;22.92;1260;52;5039.00;545
12739;40;23180406;12739;529;14076;14771;5.48;0.35;398.64;22.79;1337;52;5040.00;695
12743;40;23180455;12743;528;14078;14772;5.51;0.35;398.64;22.78;1335;52;5041.00;694
12745;40;23180475;12745;519;14087;14772;5.59;0.35;398.63;22.77;1342;52;5042.00;685
12748;40;23180495;12748;523;14093;14772;5.60;0.35;398.64;22.76;1345;52;5043.00;679
12752;40;23180514;12752;516;14102;14772;5.59;0.35;398.68;22.75;1350;52;5044.00;670
12755;40;23180532;12755;515;14108;14772;5.58;0.35;398.69;22.74;1353;52;5045.00;664
12756;40;23180552;12756;512;14114;14772;5.60;0.35;398.68;22.74;1358;52;5046.00;658
12760;40;23180577;12760;518;14121;14772;5.56;0.35;398.79;22.73;1361;52;5047.00;651
12761;40;23180601;12761;515;14127;14773;5.59;0.35;398.80;22.72;1366;52;5048.00;646
12764;40;23180619;12764;515;14131;14774;5.57;0.35;398.81;22.72;1367;52;5049.00;643
12768;40;23180646;12768;514;14136;14774;5.55;0.35;398.92;22.71;1368;52;5050.00;638
12773;40;23180672;12773;516;14138;14775;5.48;0.34;399.18;22.71;1365;52;5051.00;637
12776;40;23180690;12776;515;14141;14775;5.46;0.34;399.21;22.71;1365;52;5052.00;634
12778;40;23180708;12778;518;14143;14775;5.44;0.34;399.21;22.71;1365;52;5053.00;632
12783;40;23180733;12783;525;14145;14775;5.36;0.33;399.22;22.71;1362;52;5054.00;630
12786;40;23180754;12786;525;14150;14779;5.33;0.33;399.32;22.70;1364;52;5055.00;629
12789;40;23180775;12789;526;14151;14779;5.31;0.33;399.30;22.70;1362;52;5056.00;628
12792;40;23180801;12792;530;14152;14779;5.29;0.33;399.31;22.70;1360;52;5057.00;627
12797;40;23180820;12797;533;14155;14782;5.28;0.32;399.53;22.70;1358;52;5058.00;627
12798;40;23180842;12798;542;14157;14782;5.28;0.32;399.53;22.70;1359;52;5059.00;625
12800;40;23180868;12800;547;14158;14782;5.28;0.32;399.58;22.70;1358;52;5060.00;624
12804;40;23180891;12804;555;14159;14786;5.30;0.32;399.55;22.70;1355;52;5061.00;627
12807;40;23180914;12807;558;14162;14787;5.31;0.33;399.57;22.69;1355;52;5062.00;625
12809;40;23180939;12809;567;14163;14787;5.29;0.32;399.54;22.69;1354;52;5063.00;624
12811;40;23180964;12811;569;14166;14791;5.26;0.32;399.62;22.69;1355;52;5064.00;625
12815;40;23180986;12815;573;14168;14791;5.22;0.32;399.59;22.69;1353;52;5065.00;623
12817;40;23181008;12817;575;14169;14791;5.17;0.32;399.59;22.69;1352;52;5066.00;622
12821;40;23181028;12821;581;14169;14792;5.10;0.31;399.54;22.69;1348;52;5067.00;623
12825;40;23181049;12825;581;14169;14792;5.01;0.31;399.55;22.69;1344;52;5068.00;623
12826;40;23181070;12826;583;14173;14798;4.97;0.30;399.53;22.68;1347;52;5069.00;625
12830;40;23181093;12830;583;14175;14798;4.84;0.30;399.50;22.71;1345;52;5070.00;623
12834;40;23181117;12834;592;14175;14799;4.70;0.29;399.46;22.71;1341;52;5071.00;624
12836;40;23181137;12836;601;14175;14799;4.58;0.28;399.44;22.71;1339;52;5072.00;624
12839;40;23181156;12839;610;14175;14799;4.44;0.27;399.45;22.71;1336;52;5073.00;624
12844;40;23181173;12844;616;14175;14799;4.27;0.26;399.40;22.71;1331;52;5074.00;624
12849;40;23181190;12849;606;14175;14799;4.19;0.26;399.33;22.71;1326;52;5075.00;624
12850;40;23181209;12850;613;14183;14811;4.21;0.26;399.33;22.70;1333;52;5076.00;628
12854;40;23181228;12854;609;14183;14811;4.16;0.25;399.36;22.70;1329;52;5077.00;628
12856;40;23181247;12856;606;14183;14811;4.12;0.25;399.33;22.70;1327;52;5078.00;628
12856;40;23181264;12856;600;14183;14811;4.11;0.25;399.33;22.70;1327;52;5079.00;628
12862;40;23181281;12862;596;14183;14811;4.07;0.25;399.24;22.70;1321;52;5080.00;628
12865;40;23181297;12865;598;14183;14811;4.08;0.25;399.27;22.70;1318;52;5081.00;628
12866;40;23181316;12866;591;14184;14815;4.09;0.25;399.29;22.70;1318;52;5082.00;631
12869;41;23181333;12869;596;14184;14815;4.04;0.25;399.28;22.70;1315;53;5083.00;631
12872;41;23181372;12872;592;14187;14819;4.02;0.25;399.25;22.69;1315;53;5084.00;632
12878;41;23181392;12878;590;14187;14821;3.97;0.24;399.21;22.69;1309;53;5085.00;634
12881;41;23181413;12881;582;14187;14821;3.91;0.24;399.17;22.69;1306;53;5086.00;634
12885;41;23181432;12885;579;14187;14821;3.88;0.24;399.12;22.69;1302;53;5087.00;634
12888;41;23181451;12888;580;14196;14834;3.91;0.24;399.15;22.68;1308;53;5088.00;638
12889;41;23181472;12889;576;14197;14834;3.94;0.24;399.12;22.68;1308;53;5089.00;637
12894;41;23181490;12894;581;14197;14834;3.89;0.24;399.13;22.68;1303;53;5090.00;637
12895;41;23181508;12895;573;14198;14835;3.92;0.24;399.14;22.67;1303;53;5091.00;637
12899;41;23181526;12899;547;14199;14836;3.95;0.24;399.07;22.69;1300;53;5092.00;637
12902;41;23181546;12902;548;14200;14836;3.99;0.24;399.06;22.77;1298;53;5093.00;636
12907;41;23181564;12907;537;14201;14839;4.03;0.25;399.04;22.77;1294;53;5094.00;638
12910;41;23181582;12910;537;14201;14839;4.09;0.25;398.99;22.77;1291;53;5095.00;638
12911;41;23181600;12911;534;14201;14839;4.14;0.25;398.99;22.77;1290;53;5096.00;638
12915;41;23181617;12915;524;14201;14839;4.13;0.25;398.97;22.77;1286;53;5097.00;638
12916;41;23181646;12916;517;14206;14845;4.21;0.26;398.97;22.78;1290;53;5098.00;639
12920;41;23181662;12920;523;14207;14845;4.21;0.26;398.96;22.79;1287;53;5099.00;638
12920;41;23181686;12920;513;14212;14864;4.27;0.26;398.96;22.80;1292;53;5100.00;652
12926;41;23181711;12926;505;14212;14864;4.27;0.26;398.91;22.80;1286;53;5101.00;652
12928;41;23181732;12928;505;14213;14868;4.34;0.26;398.88;22.79;1285;53;5102.00;655
12931;41;23181752;12931;513;14215;14869;4.33;0.26;398.90;22.82;1284;53;5103.00;654
12934;41;23181772;12934;511;14217;14869;4.39;0.27;398.87;22.85;1283;53;5104.00;652
12937;41;23181793;12937;510;14220;14870;4.41;0.27;398.88;22.85;1283;53;5105.00;650
12939;41;23181821;12939;511;14226;14870;4.43;0.27;398.86;22.91;1287;53;5106.00;644
12942;41;23181840;12942;504;14230;14870;4.42;0.27;398.84;22.96;1288;53;5107.00;640
12946;41;23181862;12946;505;14230;14870;4.42;0.27;398.83;22.96;1284;53;5108.00;640
12949;41;23181882;12949;506;14231;14870;4.40;0.27;398.80;22.97;1282;53;5109.00;639
12951;41;23181901;12951;514;14234;14870;4.42;0.27;398.77;23.08;1283;53;5110.00;636
12953;41;23181920;12953;507;14236;14870;4.48;0.27;398.84;23.09;1283;53;5111.00;634
12958;41;23181940;12958;508;14274;14940;4.58;0.28;398.86;23.07;1316;53;5112.00;666
12959;41;23181968;12959;509;14276;14941;4.64;0.28;398.85;23.09;1317;53;5113.00;665
12961;41;23181988;12961;506;14284;14941;4.72;0.29;398.98;23.13;1323;53;5114.00;657
12962;41;23182009;12962;505;14289;14941;4.76;0.29;399.00;23.14;1327;53;5115.00;652
12966;41;23182030;12966;505;14293;14941;4.74;0.29;398.98;23.17;1327;53;5116.00;648
12969;41;23182050;12969;508;14296;14941;4.78;0.29;398.94;23.17;1327;53;5117.00;645
12973;41;23182067;12973;508;14303;14941;4.77;0.29;399.07;23.21;1330;53;5118.00;638
12976;41;23182086;12976;512;14304;14941;4.73;0.29;399.09;23.21;1328;53;5119.00;637
12977;41;23182104;12977;516;14308;14942;4.69;0.29;399.08;23.23;1331;53;5120.00;634
12980;41;23182122;12980;521;14310;14943;4.61;0.28;399.08;23.24;1330;53;5121.00;633
12982;41;23182141;12982;515;14313;14943;4.60;0.28;399.04;23.26;1331;53;5122.00;630
12987;41;23182159;12987;513;14320;14947;4.51;0.28;399.06;23.29;1333;53;5123.00;627
12989;41;23182180;12989;510;14322;14947;4.49;0.28;399.09;23.37;1333;53;5124.00;625
12990;41;23182198;12990;501;14323;14947;4.51;0.28;399.09;23.38;1333;53;5125.00;624
12992;41;23182216;12992;496;14326;14947;4.50;0.28;399.11;23.41;1334;53;5126.00;621
12994;41;23182234;12994;499;14330;14953;4.54;0.28;399.13;23.41;1336;53;5127.00;623
12998;41;23182253;12998;507;14332;14953;4.53;0.28;399.26;23.42;1334;53;5128.00;621
13001;41;23182271;13001;502;14336;14953;4.56;0.28;399.37;23.45;1335;53;5129.00;617
13003;41;23182291;13003;505;14338;14959;4.59;0.28;399.44;23.46;1335;53;5130.00;621
13004;41;23182311;13004;493;14341;14959;4.61;0.28;399.42;23.56;1337;53;5131.00;618
13008;41;23182330;13008;486;14345;14959;4.64;0.29;399.55;23.58;1337;53;5132.00;614
13011;41;23182349;13011;481;14345;14960;4.64;0.28;399.51;23.58;1334;53;5133.00;615
13016;41;23182368;13016;472;14350;14961;4.65;0.28;399.56;23.61;1334;53;5134.00;611
13019;41;23182387;13019;467;14354;14961;4.68;0.29;399.64;23.63;1335;53;5135.00;607
13023;41;23182404;13023;462;14364;14974;4.75;0.29;399.66;23.62;1341;53;5136.00;610
13026;41;23182427;13026;462;14369;14974;4.78;0.29;399.71;23.65;1343;53;5137.00;605
13032;41;23182450;13032;462;14370;14974;4.76;0.29;399.76;23.65;1338;53;5138.00;604
13035;41;23182472;13035;463;14372;14975;4.76;0.29;399.81;23.74;1337;53;5139.00;603
13039;41;23182493;13039;472;14377;14975;4.75;0.29;399.93;23.76;1338;53;5140.00;598
13040;41;23182516;13040;475;14379;14979;4.76;0.29;399.96;23.76;1339;53;5141.00;600
13043;41;23182538;13043;478;14386;14979;4.75;0.29;400.00;23.78;1343;53;5142.00;593
13047;41;23182562;13047;477;14388;14983;4.75;0.29;400.05;23.78;1341;53;5143.00;595
13047;41;23182589;13047;484;14389;14983;4.75;0.29;400.05;23.79;1342;53;5144.00;594
13051;41;23182609;13051;485;14393;14983;4.74;0.29;400.08;23.81;1342;53;5145.00;590
13054;41;23182634;13054;483;14393;14983;4.76;0.29;400.11;23.81;1339;53;5146.00;590
13055;41;23182658;13055;491;14394;14983;4.80;0.29;400.10;23.82;1339;53;5147.00;589
13059;41;23182682;13059;494;14404;14995;4.84;0.30;400.17;23.83;1345;53;5148.00;591
13064;41;23182707;13064;496;14407;14995;4.84;0.29;400.38;23.84;1343;53;5149.00;588
13066;41;23182731;13066;500;14411;14995;4.89;0.30;400.40;23.86;1345;53;5150.00;584
13069;41;23182753;13069;502;14412;14995;4.93;0.30;400.41;23.86;1343;53;5151.00;583
13069;41;23182773;13069;510;14413;14995;4.98;0.30;400.41;23.87;1344;53;5152.00;582
13073;41;23182797;13073;511;14414;14995;4.98;0.30;400.52;23.87;1341;53;5153.00;581
13076;41;23182818;13076;511;14414;14996;5.00;0.30;400.55;23.87;1338;53;5154.00;582
13078;41;23182840;13078;516;14418;14998;5.01;0.30;400.60;23.88;1340;53;5155.00;580
13082;41;23182864;13082;517;14423;15004;4.98;0.30;400.62;23.88;1341;53;5156.00;581
13085;41;23182887;13085;518;14425;15005;4.98;0.30;400.62;23.89;1340;53;5157.00;580
13087;41;23182913;13087;519;14426;15005;4.95;0.30;400.65;23.90;1339;53;5158.00;579
13088;41;23182936;13088;522;14427;15005;4.94;0.30;400.63;23.91;1339;53;5159.00;578
13090;41;23182959;13090;520;14433;15010;5.00;0.30;400.71;23.91;1343;53;5160.00;577
13091;41;23182983;13091;528;14434;15010;5.02;0.30;400.73;23.92;1343;53;5161.00;576
13093;41;23183003;13093;525;14435;15010;5.02;0.30;400.85;23.92;1342;53;5162.00;575
13094;41;23183036;13094;522;14437;15011;5.02;0.30;400.88;23.93;1343;53;5163.00;574
13097;41;23183058;13097;530;14438;15015;4.98;0.30;400.87;23.92;1341;53;5164.00;577
13099;41;23183082;13099;528;14438;15015;4.97;0.30;400.87;23.92;1339;53;5165.00;577
13102;41;23183105;13102;520;14441;15018;4.98;0.30;400.92;23.94;1339;53;5166.00;577
13104;41;23183125;13104;523;14441;15018;5.02;0.30;400.93;23.94;1337;53;5167.00;577
13107;41;23183150;13107;515;14441;15018;5.02;0.30;400.91;23.94;1334;53;5168.00;577
13108;41;23183170;13108;511;14441;15018;5.05;0.30;400.99;23.94;1333;53;5169.00;577
13109;41;23183193;13109;508;14444;15022;5.06;0.31;401.00;23.93;1335;53;5170.00;578
13110;41;23183216;13110;502;14444;15022;5.13;0.31;401.02;23.93;1334;53;5171.00;578
13111;41;23183237;13111;491;14444;15022;5.17;0.31;401.02;23.93;1333;53;5172.00;578
13111;41;23183258;13111;482;14445;15022;5.25;0.32;401.02;24.02;1334;53;5173.00;577
13115;41;23183281;13115;472;14445;15023;5.29;0.32;401.05;24.02;1330;53;5174.00;578
13118;41;23183302;13118;469;14445;15025;5.25;0.32;401.08;24.02;1327;53;5175.00;580
13122;41;23183324;13122;469;14445;15025;5.25;0.32;401.05;24.02;1323;53;5176.00;580
13124;41;23183346;13124;467;14446;15026;5.25;0.32;401.02;24.01;1322;53;5177.00;580
13126;41;23183367;13126;463;14446;15026;5.26;0.32;401.03;24.01;1320;53;5178.00;580
13128;41;23183386;13128;457;14446;15026;5.26;0.32;401.08;24.01;1318;53;5179.00;580
13133;41;23183403;13133;451;14447;15026;5.22;0.32;401.15;24.12;1314;53;5180.00;579
13136;41;23183430;13136;438;14448;15026;5.19;0.32;401.16;24.13;1312;53;5181.00;578
13138;41;23183449;13138;433;14448;15026;5.21;0.32;401.16;24.13;1310;53;5182.00;578
13139;41;23183468;13139;421;14449;15026;5.22;0.32;401.15;24.14;1310;53;5183.00;577
13142;41;23183488;13142;443;14511;15153;5.28;0.33;401.23;24.04;1369;53;5184.00;642
13142;41;23183521;13142;433;14513;15154;5.28;0.33;401.23;24.03;1371;53;5185.00;641
13147;41;23183541;13147;419;14517;15154;5.21;0.32;401.33;24.04;1370;53;5186.00;637
13149;41;23183566;13149;420;14518;15154;5.14;0.32;401.39;24.04;1369;53;5187.00;636
13152;41;23183586;13152;426;14519;15154;5.09;0.31;401.45;24.04;1367;53;5188.00;635
13154;41;23183604;13154;433;14520;15154;5.00;0.31;401.53;24.03;1366;53;5189.00;634
13157;41;23183625;13157;437;14523;15154;4.97;0.31;401.63;24.03;1366;53;5190.00;631
13158;41;23183644;13158;443;14524;15154;4.97;0.31;401.65;24.04;1366;53;5191.00;630
13162;41;23183664;13162;454;14526;15155;5.00;0.31;401.75;24.04;1364;53;5192.00;629
13165;41;23183691;13165;464;14529;15156;5.01;0.31;401.79;24.03;1364;53;5193.00;627
13167;41;23183715;13167;467;14532;15156;5.02;0.31;401.76;24.03;1365;53;5194.00;624
13170;41;23183735;13170;473;14533;15157;5.02;0.31;401.74;24.03;1363;53;5195.00;624
13173;41;23183753;13173;487;14535;15157;5.04;0.31;401.74;24.03;1362;53;5196.00;622
13174;41;23183770;13174;496;14538;15157;5.06;0.31;401.72;24.14;1364;53;5197.00;619
13176;41;23183789;13176;506;14539;15157;5.04;0.31;401.68;24.14;1363;53;5198.00;618
13179;41;23183808;13179;504;14544;15161;4.98;0.31;401.74;24.22;1365;53;5199.00;617
13182;41;23183848;13182;512;14546;15161;4.95;0.30;401.77;24.22;1364;53;5200.00;615
13184;41;23183882;13184;512;14547;15161;4.95;0.30;401.77;24.21;1363;53;5201.00;614
13187;41;23183906;13187;517;14548;15164;4.93;0.30;401.73;24.21;1361;53;5202.00;616
13190;41;23183931;13190;525;14548;15164;4.94;0.30;401.77;24.21;1358;53;5203.00;616
13190;41;23183952;13190;530;14548;15164;4.94;0.30;401.77;24.21;1358;53;5204.00;616
13194;41;23183971;13194;542;14549;15168;4.91;0.30;401.89;24.21;1355;53;5205.00;619
13197;41;23183990;13197;554;14550;15169;4.88;0.30;401.92;24.21;1353;53;5206.00;619
13197;41;23184019;13197;556;14550;15169;4.86;0.30;401.92;24.21;1353;53;5207.00;619
13200;41;23184036;13200;559;14552;15173;4.85;0.30;401.91;24.21;1352;53;5208.00;621
13203;41;23184054;13203;560;14552;15173;4.81;0.29;401.93;24.21;1349;53;5209.00;621
13205;41;23184072;13205;563;14553;15173;4.75;0.29;402.00;24.20;1348;53;5210.00;620
13208;41;23184090;13208;564;14553;15174;4.71;0.29;402.00;24.20;1345;53;5211.00;621
13210;41;23184108;13210;572;14553;15174;4.69;0.29;402.04;24.20;1343;53;5212.00;621
13214;41;23184126;13214;584;14557;15180;4.60;0.28;402.13;24.20;1343;53;5213.00;623
13214;41;23184145;13214;594;14557;15180;4.55;0.28;402.13;24.20;1343;53;5214.00;623
13215;41;23184162;13215;593;14557;15180;4.50;0.27;402.11;24.20;1342;53;5215.00;623
13217;41;23184181;13217;595;14557;15181;4.43;0.27;402.15;24.20;1340;53;5216.00;624
13219;41;23184200;13219;596;14557;15181;4.40;0.27;402.13;24.20;1338;53;5217.00;624
13224;41;23184218;13224;604;14557;15181;4.36;0.27;402.14;24.20;1333;53;5218.00;624
13225;41;23184236;13225;611;14557;15181;4.33;0.26;402.13;24.20;1332;53;5219.00;624
13226;41;23184257;13226;617;14574;15217;4.44;0.27;402.15;24.17;1348;53;5220.00;643
13227;41;23184280;13227;621;14574;15217;4.40;0.27;402.13;24.17;1347;53;5221.00;643
13229;41;23184297;13229;621;14577;15217;4.35;0.27;402.24;24.17;1348;53;5222.00;640
13232;41;23184315;13232;622;14577;15217;4.28;0.26;402.24;24.17;1345;53;5223.00;640
13235;41;23184332;13235;622;14577;15217;4.21;0.26;402.19;24.17;1342;53;5224.00;640
13237;41;23184350;13237;627;14577;15217;4.13;0.25;402.19;24.17;1340;53;5225.00;640
13241;41;23184369;13241;624;14578;15221;4.06;0.25;402.14;24.16;1337;53;5226.00;643
13242;41;23184386;13242;617;14578;15221;4.01;0.25;402.16;24.16;1336;53;5227.00;643
13245;41;23184403;13245;614;14580;15225;3.98;0.24;402.17;24.16;1335;53;5228.00;645
13246;41;23184421;13246;615;14580;15226;3.96;0.24;402.20;24.16;1334;53;5229.00;646
13248;41;23184438;13248;620;14580;15226;3.94;0.24;402.18;24.16;1332;53;5230.00;646
13252;41;23184456;13252;623;14580;15226;3.91;0.24;402.15;24.16;1328;53;5231.00;646
13254;41;23184473;13254;628;14590;15239;3.94;0.24;402.09;24.14;1336;53;5232.00;649
13255;41;23184492;13255;624;14590;15239;3.95;0.24;402.08;24.14;1335;53;5233.00;649
13259;41;23184509;13259;633;14590;15239;3.92;0.24;401.99;24.14;1331;53;5234.00;649
13260;41;23184526;13260;623;14591;15240;3.92;0.24;401.97;24.14;1331;53;5235.00;649
13262;41;23184543;13262;621;14591;15241;3.90;0.24;402.00;24.14;1329;53;5236.00;650
13265;41;23184561;13265;625;14591;15241;3.87;0.24;401.95;24.14;1326;53;5237.00;650
13266;41;23184577;13266;617;14592;15244;3.85;0.24;402.05;24.14;1326;53;5238.00;652
13268;41;23184593;13268;618;14592;15244;3.82;0.23;402.06;24.14;1324;53;5239.00;652
13270;41;23184608;13270;618;14593;15244;3.78;0.23;402.09;24.14;1323;53;5240.00;651
13271;41;23184623;13271;621;14593;15244;3.73;0.23;402.09;24.14;1322;53;5241.00;651
13273;41;23184638;13273;627;14596;15250;3.71;0.23;402.09;24.14;1323;53;5242.00;654
13277;41;23184655;13277;630;14596;15250;3.65;0.22;402.12;24.14;1319;53;5243.00;654
13280;41;23184673;13280;633;14596;15250;3.61;0.22;402.11;24.14;1316;53;5244.00;654
13284;41;23184691;13284;643;14597;15250;3.56;0.22;402.17;24.15;1313;53;5245.00;653
13286;41;23184708;13286;645;14599;15254;3.47;0.21;402.16;24.15;1313;53;5246.00;655
13290;41;23184725;13290;640;14600;15255;3.38;0.21;402.16;24.15;1310;53;5247.00;655
13294;41;23184740;13294;632;14600;15255;3.28;0.20;402.07;24.15;1306;53;5248.00;655
13296;41;23184755;13296;630;14601;15256;3.26;0.20;402.05;24.15;1305;53;5249.00;655
13297;41;23184772;13297;608;14601;15256;3.25;0.20;402.03;24.15;1304;53;5250.00;655
13300;41;23184788;13300;597;14601;15256;3.23;0.20;401.99;24.15;1301;53;5251.00;655
13302;41;23184804;13302;584;14601;15256;3.25;0.20;401.98;24.15;1299;53;5252.00;655
13304;41;23184821;13304;570;14601;15256;3.32;0.20;401.98;24.15;1297;53;5253.00;655
13307;41;23184843;13307;566;14601;15256;3.39;0.21;402.04;24.15;1294;53;5254.00;655
13308;41;23184875;13308;562;14601;15256;3.46;0.21;402.03;24.15;1293;53;5255.00;655
13310;41;23184893;13310;555;14632;15326;3.72;0.23;402.03;24.10;1322;53;5256.00;694
13312;41;23184917;13312;547;14634;15327;3.78;0.23;402.03;24.10;1322;53;5257.00;693
13313;41;23184935;13313;535;14638;15327;3.86;0.24;402.02;24.09;1325;53;5258.00;689
13315;41;23184952;13315;523;14641;15327;3.91;0.24;401.99;24.09;1326;53;5259.00;686
13318;41;23184971;13318;521;14644;15327;3.97;0.24;401.96;24.09;1326;53;5260.00;683
13319;41;23184989;13319;497;14644;15327;4.01;0.25;401.96;24.09;1325;53;5261.00;683
13321;41;23185019;13321;492;14646;15327;4.07;0.25;401.97;24.08;1325;53;5262.00;681
13322;41;23185037;13322;489;14648;15327;4.13;0.25;401.97;24.08;1326;53;5263.00;679
13324;41;23185054;13324;486;14650;15328;4.23;0.26;401.96;24.08;1326;53;5264.00;678
13328;41;23185072;13328;483;14652;15330;4.30;0.26;401.93;24.08;1324;53;5265.00;678
13330;41;23185091;13330;489;14654;15330;4.36;0.27;401.93;24.07;1324;53;5266.00;676
13332;41;23185111;13332;477;14656;15334;4.40;0.27;401.90;24.07;1324;53;5267.00;678
13337;41;23185129;13337;480;14657;15334;4.43;0.27;401.96;24.09;1320;53;5268.00;677
13339;41;23185148;13339;473;14657;15334;4.52;0.27;401.99;24.09;1318;53;5269.00;677
13342;41;23185167;13342;477;14658;15334;4.57;0.28;402.06;24.09;1316;53;5270.00;676
13346;41;23185186;13346;471;14661;15340;4.64;0.28;402.06;24.08;1315;53;5271.00;679
13350;41;23185206;13350;470;14662;15340;4.67;0.28;402.05;24.10;1312;53;5272.00;678
13354;41;23185230;13354;476;14663;15340;4.73;0.29;402.07;24.11;1309;53;5273.00;677
13358;41;23185249;13358;473;14664;15343;4.76;0.29;402.15;24.11;1306;53;5274.00;679
13361;41;23185268;13361;478;14666;15343;4.79;0.29;402.15;24.13;1305;53;5275.00;677
13369;41;23185287;13369;470;14666;15343;4.79;0.29;402.06;24.13;1297;53;5276.00;677
13372;41;23185307;13372;467;14667;15344;4.85;0.29;402.04;24.14;1295;53;5277.00;677
13377;41;23185331;13377;471;14668;15345;4.86;0.29;402.03;24.14;1291;53;5278.00;677
13378;41;23185355;13378;471;14669;15345;4.90;0.30;402.02;24.15;1291;53;5279.00;676
13382;41;23185378;13382;478;14690;15371;4.95;0.30;402.05;24.15;1308;53;5280.00;681
13385;41;23185401;13385;477;14691;15371;5.01;0.30;402.14;24.16;1306;53;5281.00;680
13387;41;23185422;13387;476;14695;15371;5.08;0.31;402.15;24.19;1308;53;5282.00;676
13389;41;23185441;13389;472;14698;15372;5.11;0.31;402.14;24.22;1309;53;5283.00;674
13395;41;23185462;13395;468;14698;15372;5.08;0.31;402.28;24.22;1303;53;5284.00;674
13398;41;23185484;13398;465;14702;15376;5.08;0.31;402.32;24.24;1304;53;5285.00;674
13401;41;23185503;13401;465;14704;15376;5.09;0.31;402.35;24.26;1303;53;5286.00;672
13406;41;23185523;13406;462;14709;15379;5.07;0.31;402.47;24.29;1303;53;5287.00;670
13408;41;23185543;13408;459;14709;15380;5.03;0.31;402.52;24.29;1301;53;5288.00;671
13411;41;23185566;13411;456;14714;15380;5.05;0.31;402.55;24.32;1303;53;5289.00;666
13415;41;23185586;13415;452;14715;15380;4.98;0.30;402.61;24.33;1300;53;5290.00;665
13422;41;23185605;13422;449;14717;15380;4.92;0.30;402.73;24.34;1295;53;5291.00;663
13424;41;23185630;13424;457;14729;15392;4.90;0.30;402.72;24.35;1305;53;5292.00;663
13426;41;23185649;13426;459;14730;15392;4.91;0.30;402.82;24.35;1304;53;5293.00;662
13430;41;23185667;13430;459;14731;15392;4.87;0.30;402.83;24.36;1301;53;5294.00;661
13433;41;23185687;13433;459;14734;15392;4.89;0.30;402.85;24.39;1301;53;5295.00;658
13438;41;23185706;13438;460;14737;15392;4.87;0.30;402.97;24.40;1299;53;5296.00;655
13441;41;23185724;13441;460;14738;15392;4.83;0.29;403.07;24.40;1297;53;5297.00;654
13443;41;23185742;13443;457;14740;15393;4.82;0.29;403.13;24.42;1297;53;5298.00;653
13448;41;23185761;13448;452;14743;15393;4.83;0.29;403.17;24.44;1295;53;5299.00;650
13451;41;23185781;13451;455;14748;15399;4.82;0.29;403.36;24.44;1297;53;5300.00;651
13457;41;23185809;13457;454;14750;15400;4.85;0.29;403.43;24.46;1293;53;5301.00;650
13461;41;23185832;13461;448;14750;15400;4.89;0.30;403.51;24.46;1289;53;5302.00;650
13463;41;23185852;13463;459;14751;15400;4.91;0.30;403.61;24.47;1288;53;5303.00;649
13465;41;23185870;13465;468;14756;15404;4.90;0.30;403.64;24.49;1291;53;5304.00;648
13466;41;23185888;13466;475;14756;15404;4.93;0.30;403.66;24.49;1290;53;5305.00;648
13468;41;23185913;13468;468;14758;15404;4.90;0.30;403.68;24.50;1290;53;5306.00;646
13472;41;23185935;13472;460;14760;15405;4.86;0.30;403.73;24.51;1288;53;5307.00;645
13473;41;23185964;13473;456;14763;15409;4.88;0.30;403.81;24.53;1290;53;5308.00;646
13475;41;23185986;13475;459;14764;15409;4.87;0.30;403.82;24.53;1289;53;5309.00;645
13477;41;23186010;13477;465;14768;15415;4.87;0.30;403.85;24.53;1291;53;5310.00;647
13480;41;23186039;13480;463;14770;15415;4.87;0.30;403.88;24.55;1290;53;5311.00;645
13481;41;23186062;13481;468;14771;15415;4.87;0.30;403.90;24.55;1290;53;5312.00;644
13484;41;23186087;13484;467;14772;15415;4.87;0.30;403.97;24.56;1288;53;5313.00;643
13485;41;23186107;13485;476;14776;15419;4.85;0.30;404.05;24.56;1291;53;5314.00;643
13490;41;23186127;13490;479;14778;15419;4.80;0.29;404.27;24.58;1288;53;5315.00;641
13494;41;23186150;13494;477;14781;15419;4.81;0.29;404.52;24.59;1287;53;5316.00;638
13496;41;23186168;13496;479;14783;15419;4.82;0.29;404.51;24.61;1287;53;5317.00;636
13497;41;23186188;13497;477;14784;15420;4.81;0.29;404.50;24.61;1287;53;5318.00;636
13501;41;23186207;13501;477;14785;15421;4.80;0.29;404.49;24.62;1284;53;5319.00;636
13502;41;23186226;13502;475;14789;15421;4.79;0.29;404.54;24.64;1287;53;5320.00;632
13503;41;23186245;13503;470;14791;15422;4.77;0.29;404.63;24.65;1288;53;5321.00;631
13507;41;23186264;13507;463;14794;15422;4.77;0.29;404.65;24.66;1287;53;5322.00;628
13509;41;23186282;13509;466;14794;15422;4.75;0.29;404.67;24.66;1285;53;5323.00;628
13511;41;23186299;13511;469;14797;15422;4.72;0.29;404.68;24.68;1286;53;5324.00;625
13512;41;23186318;13512;471;14798;15422;4.75;0.29;404.71;24.69;1286;53;5325.00;624
13517;41;23186334;13517;471;14798;15422;4.76;0.29;404.82;24.69;1281;53;5326.00;624
13519;41;23186353;13519;472;14801;15422;4.72;0.29;404.82;24.70;1282;53;5327.00;621
13520;41;23186371;13520;501;14871;15549;4.84;0.30;404.85;24.59;1351;53;5328.00;678
13521;41;23186399;13521;495;14873;15550;4.86;0.30;404.85;24.60;1352;53;5329.00;677
13522;41;23186419;13522;492;14877;15550;4.90;0.30;404.86;24.59;1355;53;5330.00;673
13524;41;23186436;13524;493;14881;15550;4.93;0.30;404.88;24.60;1357;53;5331.00;669
13525;41;23186454;13525;501;14884;15550;4.93;0.30;404.86;24.60;1359;53;5332.00;666
13526;41;23186471;13526;512;14888;15550;4.92;0.30;404.85;24.61;1362;53;5333.00;662
13527;41;23186490;13527;515;14891;15550;4.92;0.30;404.83;24.60;1364;53;5334.00;659
13530;41;23186508;13530;517;14893;15550;4.91;0.30;404.89;24.61;1363;53;5335.00;657
13531;41;23186526;13531;524;14895;15551;4.92;0.30;404.88;24.61;1364;53;5336.00;656
13531;41;23186543;13531;533;14897;15552;4.96;0.30;404.88;24.62;1366;53;5337.00;655
13533;41;23186562;13533;541;14898;15552;4.93;0.30;404.90;24.62;1365;53;5338.00;654
13535;41;23186580;13535;548;14902;15553;4.96;0.30;404.87;24.63;1367;53;5339.00;651
13537;41;23186600;13537;545;14903;15553;4.99;0.31;404.89;24.63;1366;53;5340.00;650
13537;41;23186619;13537;541;14905;15553;5.05;0.31;404.89;24.64;1368;53;5341.00;648
13539;41;23186638;13539;538;14908;15553;5.11;0.31;404.93;24.66;1369;53;5342.00;645
13542;41;23186656;13542;535;14911;15557;5.11;0.31;404.95;24.65;1369;53;5343.00;646
13544;41;23186676;13544;537;14913;15557;5.12;0.31;404.97;24.66;1369;53;5344.00;644
13548;41;23186696;13548;534;14914;15557;5.08;0.31;405.04;24.67;1366;53;5345.00;643
13549;41;23186714;13549;539;14915;15560;5.07;0.31;405.03;24.67;1366;53;5346.00;645
13553;41;23186734;13553;535;14915;15560;5.05;0.31;404.98;24.67;1362;53;5347.00;645
13554;41;23186753;13554;518;14917;15560;5.09;0.31;404.98;24.68;1363;53;5348.00;643
13558;41;23186771;13558;519;14919;15564;5.07;0.31;405.18;24.69;1361;53;5349.00;645
13559;41;23186791;13559;507;14920;15565;5.13;0.31;405.21;24.69;1361;53;5350.00;645
13562;41;23186809;13562;492;14920;15565;5.10;0.31;405.30;24.69;1358;53;5351.00;645
13569;41;23186834;13569;489;14927;15569;5.06;0.31;405.37;24.72;1358;53;5352.00;642
13570;41;23186859;13570;489;14928;15569;5.09;0.31;405.37;24.72;1358;53;5353.00;641
13574;41;23186882;13574;479;14928;15569;5.05;0.31;405.45;24.72;1354;53;5354.00;641
13577;41;23186905;13577;481;14932;15571;5.04;0.31;405.46;24.96;1355;53;5355.00;639
13581;41;23186936;13581;474;14932;15571;5.04;0.31;405.45;24.96;1351;53;5356.00;639
13585;41;23186955;13585;474;14936;15577;5.06;0.31;405.56;24.96;1351;53;5357.00;641
13588;41;23186975;13588;473;14938;15577;5.00;0.31;405.57;24.96;1350;53;5358.00;639
13588;41;23186995;13588;477;14940;15577;4.99;0.31;405.57;24.96;1352;53;5359.00;637
13591;41;23187019;13591;479;14940;15578;4.96;0.30;405.63;24.96;1349;53;5360.00;638
13593;41;23187039;13593;478;14941;15578;4.98;0.30;405.66;24.97;1348;53;5361.00;637
13596;41;23187057;13596;472;14941;15578;4.94;0.30;405.69;24.97;1345;53;5362.00;637
13599;41;23187076;13599;479;14941;15578;4.91;0.30;405.80;24.97;1342;53;5363.00;637
13600;41;23187096;13600;484;14950;15590;4.97;0.30;405.77;24.96;1350;53;5364.00;640
13603;41;23187118;13603;483;14950;15590;4.95;0.30;405.78;24.96;1347;53;5365.00;640
13606;41;23187136;13606;485;14950;15590;4.93;0.30;405.89;24.96;1344;53;5366.00;640
13609;41;23187154;13609;484;14952;15590;4.92;0.30;405.84;24.98;1343;53;5367.00;638
13611;41;23187172;13611;499;14953;15590;4.90;0.30;405.90;24.99;1342;53;5368.00;637
13612;41;23187191;13612;501;14954;15590;4.85;0.30;405.87;24.99;1342;53;5369.00;636
13615;41;23187211;13615;504;14956;15594;4.83;0.29;405.91;25.00;1341;53;5370.00;638
13619;41;23187231;13619;517;14956;15594;4.74;0.29;405.89;25.00;1337;53;5371.00;638
13624;41;23187248;13624;513;14958;15598;4.69;0.29;405.84;24.99;1334;53;5372.00;640
13627;41;23187266;13627;508;14959;15599;4.64;0.28;405.91;25.00;1332;53;5373.00;640
13629;41;23187284;13629;517;14959;15599;4.63;0.28;405.92;25.00;1330;53;5374.00;640
13629;41;23187301;13629;522;14961;15599;4.64;0.28;405.92;25.01;1332;53;5375.00;638
13630;41;23187319;13630;532;14973;15612;4.65;0.28;405.90;25.00;1343;53;5376.00;639
13631;41;23187338;13631;538;14973;15612;4.64;0.28;405.88;25.00;1342;53;5377.00;639
13635;41;23187357;13635;540;14973;15612;4.57;0.28;405.85;25.00;1338;53;5378.00;639
13639;41;23187376;13639;554;14975;15613;4.54;0.28;405.86;25.12;1336;53;5379.00;638
13644;41;23187395;13644;563;14975;15614;4.49;0.27;405.81;25.12;1331;53;5380.00;639
13645;41;23187413;13645;570;14975;15614;4.51;0.28;405.79;25.12;1330;53;5381.00;639
13647;41;23187431;13647;574;14976;15617;4.52;0.28;405.77;25.12;1329;53;5382.00;641
13649;41;23187450;13649;580;14976;15617;4.49;0.28;405.84;25.12;1327;53;5383.00;641
13650;41;23187467;13650;582;14977;15617;4.48;0.27;405.83;25.24;1327;53;5384.00;640
13653;41;23187486;13653;589;14977;15617;4.39;0.27;405.81;25.24;1324;53;5385.00;640
13656;41;23187502;13656;590;14981;15623;4.40;0.27;405.78;25.23;1325;53;5386.00;642
13656;41;23187521;13656;592;14981;15623;4.40;0.27;405.78;25.23;1325;53;5387.00;642
13661;41;23187538;13661;595;14981;15623;4.37;0.27;405.73;25.23;1320;53;5388.00;642
13663;41;23187556;13663;599;14981;15623;4.33;0.26;405.73;25.23;1318;53;5389.00;642
13667;41;23187573;13667;606;14982;15627;4.30;0.26;405.79;25.23;1315;53;5390.00;645
13669;41;23187591;13669;600;14982;15628;4.31;0.26;405.80;25.23;1313;53;5391.00;646
13672;41;23187608;13672;609;14984;15628;4.31;0.26;405.78;25.47;1312;53;5392.00;644
13672;41;23187625;13672;604;14985;15629;4.34;0.26;405.78;25.47;1313;53;5393.00;644
13674;41;23187641;13674;604;14985;15629;4.34;0.26;405.75;25.47;1311;53;5394.00;644
13678;41;23187657;13678;609;14985;15629;4.31;0.26;405.66;25.47;1307;53;5395.00;644
13681;41;23187673;13681;602;14985;15629;4.30;0.26;405.67;25.47;1304;53;5396.00;644
13681;41;23187690;13681;604;14985;15629;4.27;0.26;405.67;25.47;1304;53;5397.00;644
13681;41;23187704;13681;610;14985;15629;4.24;0.26;405.67;25.47;1304;53;5398.00;644
13683;41;23187720;13683;613;14985;15629;4.19;0.26;405.65;25.47;1302;53;5399.00;644
